1.000000 0.627084 -0.022734 0.054009 -0.043313 -0.184031 0.034576 0.012438 0.025067 -0.050500 0.380923 0.148305 0.152844 0.089165 0.074100 0.173730 0.017231 0.102951 0.426293 0.208389 0.013562 -0.023528 -0.071707 -0.074325 -0.006868 -0.207879 0.032006 -0.133136 0.211124 0.027362 -0.208080 -0.126665 0.246753 -0.051433 -0.141328 -0.226411 -0.179713 -0.326283 -0.308978 -0.419858 0.020467 0.020916 -0.363358 -0.286752 -0.347569 -0.477442 -0.213088 -0.287700 -0.235435 -0.284989 -0.101511 -0.281668 0.030517 -0.024811 -0.093834 -0.256200 0.461186 0.281590 -0.017922 -0.028093 0.292610 0.234104 0.289783 0.442867 0.040240 -0.194931 -0.093200 -0.302774 0.186529 0.228630 -0.063824 -0.327998 0.137941 0.072087 0.092136 -0.115407 0.139591 0.014150 0.201792 0.079613 0.261386 0.068114 0.036471 0.140663 0.240385 0.028103 0.044445 -0.335778 0.031061 0.108798 -0.055320 -0.161526 -0.041347 -0.181793 0.027082 -0.177723 -0.199824 0.141089 0.072589 0.205087 0.082195 0.011030 0.222735 -0.163110 -0.091614 -0.257752 -0.052328 -0.025633 0.137956 -0.103683 -0.004655 0.036826 -0.072496 -0.001027 -0.172143 0.183204
0.627084 1.000000 -0.286704 0.115390 -0.250003 -0.165485 -0.205825 -0.041334 -0.140795 -0.152277 0.214584 0.418308 0.056108 0.179873 -0.052793 0.148390 0.147372 0.189733 0.178935 0.346670 0.021996 -0.044632 -0.182943 -0.099618 -0.174989 -0.307010 -0.070940 -0.087431 0.090552 0.137325 -0.246801 -0.192984 0.283000 -0.137402 -0.281459 -0.256091 0.067249 0.029134 -0.135480 -0.178708 0.087027 0.157100 -0.372984 -0.274816 -0.348487 -0.514961 -0.174840 -0.290045 -0.181771 -0.234564 -0.264349 -0.138715 0.102752 0.045338 0.140600 -0.117269 0.384666 0.341592 -0.001283 0.156110 0.152254 0.231117 0.193630 0.478330 -0.217102 -0.183383 -0.067862 -0.345611 0.256691 0.206873 -0.018891 -0.253346 0.231739 0.176026 0.206829 0.054839 0.211486 0.088976 0.192988 0.095852 0.249668 0.106376 0.082528 0.180689 0.274856 0.236972 0.145329 -0.066930 -0.084051 0.223838 0.025036 -0.249490 0.024108 -0.285382 0.003398 -0.061229 -0.199952 0.154090 0.274986 0.129266 0.007319 -0.006369 0.181417 -0.188231 -0.079630 -0.278396 -0.031764 0.003156 0.104094 -0.098655 -0.161876 0.057264 -0.034276 0.033022 -0.095888 0.297900
-0.022734 -0.286704 1.000000 0.347468 0.516221 0.170957 0.685905 0.399369 0.572394 0.482725 0.094466 -0.119934 0.243709 0.160132 0.434548 0.211313 -0.463381 -0.342529 0.063264 -0.295365 0.280191 0.125915 0.527243 0.435489 0.242589 0.367692 0.297362 0.080291 -0.219461 -0.245676 0.571456 0.413514 -0.149901 0.162564 0.332322 0.344661 -0.331740 -0.294620 -0.157279 -0.020051 -0.118152 -0.176029 -0.120418 -0.159933 -0.136531 -0.007942 -0.104623 -0.245348 -0.050818 -0.166133 0.284183 -0.148230 -0.151291 -0.166445 -0.236113 -0.155672 -0.341997 -0.343552 -0.036499 -0.299123 0.006500 -0.063907 -0.214571 -0.306237 0.375793 0.443941 -0.206383 0.003246 -0.185647 0.090328 -0.022754 0.004883 -0.230618 -0.254195 -0.348126 -0.136687 -0.259668 -0.080217 -0.361139 -0.285253 -0.375105 -0.232332 -0.061566 -0.034338 -0.032216 -0.193852 -0.191207 -0.308471 0.325862 -0.094750 -0.113943 0.140948 0.006230 0.324472 -0.030614 -0.108965 -0.120504 -0.158791 -0.414430 -0.196092 -0.077279 0.092086 -0.242225 -0.169677 -0.372345 -0.282851 -0.247544 -0.196972 0.013767 -0.214635 0.135349 -0.086258 0.091140 -0.049582 0.215474 -0.022246
0.054009 0.115390 0.347468 1.000000 0.124708 0.360050 0.164718 0.512681 0.091222 0.474785 0.405332 0.240040 0.150037 0.290847 0.230835 0.286356 -0.243032 -0.260456 0.165424 -0.083309 0.120831 -0.086175 0.144462 0.411667 0.006616 0.181756 0.216679 0.241735 -0.249618 -0.334440 0.092757 0.048672 -0.186495 -0.142300 0.075243 0.067489 -0.217534 -0.028447 -0.212123 0.008849 -0.081418 -0.088875 -0.476540 -0.490649 -0.493893 -0.339472 -0.459059 -0.512757 -0.385994 -0.428128 -0.074745 -0.311570 -0.158421 -0.257925 -0.034181 -0.288910 -0.175536 -0.234586 -0.019431 -0.118778 0.168930 0.204837 0.038765 -0.035485 0.251657 0.541720 -0.115870 0.083100 -0.046695 0.150198 -0.037726 -0.117973 -0.207038 -0.205090 -0.299700 -0.154150 -0.291593 -0.147980 -0.323200 -0.345681 -0.212670 -0.253944 0.102286 0.068694 0.413585 0.364154 0.186726 0.138298 0.278964 0.526884 0.227508 0.062268 0.361572 0.150279 -0.087441 -0.258620 -0.181225 0.012711 -0.239837 -0.242752 0.204392 0.191176 0.045508 -0.018782 -0.125251 -0.114348 -0.160567 -0.063872 -0.117036 -0.263415 0.006500 -0.084034 -0.128540 0.034766 0.340865 0.089800
-0.043313 -0.250003 0.516221 0.124708 1.000000 0.664739 0.538071 0.401331 0.551318 0.603591 0.207264 -0.149908 0.356016 0.251687 0.058028 0.138335 -0.392358 -0.394783 -0.157584 -0.509122 0.026981 0.086488 -0.061748 0.176159 0.371040 0.195573 0.231736 -0.040438 -0.298127 -0.311059 0.112280 0.236077 -0.311178 -0.091227 -0.010232 0.048496 -0.304672 -0.210962 -0.213091 0.030182 -0.040845 -0.117689 0.043047 -0.131452 0.080331 0.076880 0.050440 -0.213667 0.040372 -0.000572 0.280336 -0.078573 0.050904 0.071554 -0.323839 -0.003575 -0.373849 -0.490905 0.300332 0.185158 0.248930 0.283268 0.075031 -0.059656 0.042360 0.114133 0.165244 0.183486 -0.395702 0.014612 -0.007087 -0.085371 -0.235688 -0.464149 -0.420491 -0.255535 -0.317555 -0.149042 -0.366599 -0.410951 -0.345468 -0.296385 -0.019761 -0.022394 -0.190407 -0.056612 -0.037462 0.105257 0.049132 0.008491 0.246485 0.073333 0.161053 0.257698 0.073061 -0.086031 -0.213025 -0.087615 -0.215285 -0.288356 0.291319 0.241352 0.148600 0.061151 -0.138811 -0.207624 -0.079491 -0.095380 -0.074871 -0.241679 -0.089552 -0.102753 0.007591 -0.184696 0.115412 -0.042195
-0.184031 -0.165485 0.170957 0.360050 0.664739 1.000000 0.176166 0.388518 0.151072 0.558214 0.315284 0.042727 0.306166 0.254182 -0.119515 0.028165 -0.214586 -0.310043 -0.199142 -0.465248 -0.040189 -0.117791 -0.204835 0.198652 0.207782 0.177055 0.415792 0.237146 -0.454152 -0.509026 -0.211499 -0.052515 -0.471411 -0.491094 -0.066952 0.024040 -0.013128 0.013184 -0.108559 0.065816 -0.046270 -0.073493 -0.056994 -0.204405 0.001181 0.034369 -0.057486 -0.220401 0.043919 -0.042489 0.123319 -0.040048 0.107731 0.101127 -0.124999 0.068446 -0.337229 -0.399654 0.277411 0.247333 0.161216 0.212491 0.101738 -0.125202 -0.023259 0.203846 0.216808 0.346321 -0.316898 0.010983 -0.060085 0.047898 -0.309050 -0.403989 -0.371319 -0.255161 -0.307629 -0.117200 -0.425691 -0.476165 -0.376599 -0.434746 0.028810 -0.139325 -0.093958 0.203332 0.184733 0.406834 0.064070 0.298254 0.413344 0.061173 0.273306 0.222417 -0.099098 -0.036692 -0.202253 0.023878 0.019379 -0.224291 0.363776 0.310627 0.254800 0.352507 0.268232 0.148694 0.043671 0.018557 -0.311754 -0.263578 -0.149684 0.026308 -0.043951 0.040704 0.290677 0.029244
0.034576 -0.205825 0.685905 0.164718 0.538071 0.176166 1.000000 0.617712 0.546597 0.486551 0.186489 0.034221 0.285217 0.302205 0.197618 0.273740 -0.209452 -0.160065 0.144626 -0.327733 0.193258 0.113958 0.178586 0.173949 0.157127 0.167226 0.002520 -0.178996 -0.018202 -0.055439 0.422644 0.449225 -0.143545 0.216955 0.280716 0.240172 -0.265390 -0.172216 -0.084806 0.029438 -0.049106 -0.066107 -0.235245 -0.283587 -0.123822 -0.092621 -0.173062 -0.422846 -0.233175 -0.236348 0.184717 -0.302022 -0.295144 -0.192178 -0.460084 -0.224993 -0.322109 -0.435591 -0.065350 -0.347932 0.262660 0.151436 -0.056786 -0.079239 0.353280 0.302255 -0.198054 -0.056440 -0.215814 0.092033 -0.081511 -0.127248 -0.032543 -0.105579 -0.233906 -0.069392 -0.174858 -0.025486 -0.215909 -0.191179 -0.123778 -0.099713 0.103664 0.149045 -0.099120 -0.101736 -0.094127 -0.191298 0.293371 -0.092456 -0.043953 0.110282 0.137272 0.259583 0.018427 -0.011157 -0.277214 -0.144531 -0.420036 -0.318843 0.114124 0.127019 -0.046254 -0.180307 -0.304153 -0.237171 -0.214981 -0.138910 0.045672 -0.217234 -0.034439 -0.127465 -0.087078 -0.149134 0.136724 -0.067705
0.012438 -0.041334 0.399369 0.512681 0.401331 0.388518 0.617712 1.000000 0.298566 0.741568 0.311081 0.191740 0.211051 0.491129 0.107724 0.325373 -0.224788 -0.308901 0.064191 -0.403925 0.083153 -0.016479 -0.094005 0.231762 -0.116466 0.033706 -0.066740 -0.144095 -0.333598 -0.383811 0.073338 0.172432 -0.360117 -0.114214 0.046572 -0.020532 -0.205992 -0.196425 -0.339074 0.028297 -0.163463 -0.063131 -0.380860 -0.478179 -0.245275 -0.220968 -0.290680 -0.510742 -0.257153 -0.326987 0.114287 -0.233035 -0.145763 -0.113954 -0.270633 -0.227979 -0.381000 -0.534834 0.101611 -0.109118 0.385272 0.457488 -0.016119 -0.032410 0.311941 0.559634 -0.072307 0.222741 -0.282929 0.045253 -0.021718 -0.116571 -0.318164 -0.185969 -0.340360 -0.176067 -0.369356 -0.219262 -0.376456 -0.402367 -0.256478 -0.395932 0.036855 0.070865 0.046886 0.079744 -0.036020 0.036164 0.275852 0.375012 0.363805 0.206906 0.502911 0.283866 -0.049581 -0.189206 -0.402695 -0.105181 -0.355779 -0.409172 0.353636 0.304870 0.080208 0.100889 -0.075250 -0.050697 0.037846 0.023949 0.007272 -0.225548 -0.148848 -0.177877 -0.182431 -0.046856 0.266055 0.027882
0.025067 -0.140795 0.572394 0.091222 0.551318 0.151072 0.546597 0.298566 1.000000 0.504905 -0.031275 -0.149224 0.087233 0.123790 0.287599 0.395516 -0.376336 -0.230344 -0.007192 -0.316252 0.139262 0.171014 0.251344 0.219250 0.116748 0.090802 0.040472 -0.113643 -0.119627 -0.142373 0.354840 0.342365 -0.158860 0.102006 0.041802 -0.006909 -0.369760 -0.276866 -0.128041 0.071865 -0.093799 -0.167326 -0.043456 -0.108669 -0.103027 -0.175967 0.050848 -0.178780 0.037038 -0.016769 0.121910 0.005936 -0.091535 0.057154 -0.354834 -0.140445 -0.250361 -0.258566 0.120076 -0.051101 0.188693 0.281504 -0.272953 -0.022898 0.279968 0.259355 -0.063529 -0.192073 -0.212888 -0.055922 -0.184221 -0.094018 -0.225483 -0.340454 -0.285361 -0.090719 -0.328854 -0.199154 -0.211118 -0.292406 -0.289787 -0.141781 -0.065993 0.095913 -0.220543 -0.209945 -0.223598 -0.176031 0.318202 -0.115037 -0.029184 0.051802 -0.060998 0.288470 0.116423 0.035907 -0.216419 -0.122087 -0.291809 -0.169192 0.047173 0.212935 -0.087210 -0.066820 -0.288520 -0.213960 -0.261578 -0.226847 -0.089350 -0.167997 -0.051800 -0.096279 0.032699 0.001515 0.075553 0.023035
-0.050500 -0.152277 0.482725 0.474785 0.603591 0.558214 0.486551 0.741568 0.504905 1.000000 0.266981 0.050809 0.175212 0.491313 0.235764 0.447178 -0.472420 -0.448993 -0.078655 -0.536312 0.109676 0.007775 -0.013720 0.385392 0.059015 0.121618 0.164500 0.018959 -0.458768 -0.415843 0.113809 0.159724 -0.488109 -0.207833 -0.080552 -0.051957 -0.393608 -0.175685 -0.403818 0.031318 -0.133332 -0.166949 -0.163282 -0.335551 -0.148874 -0.106053 -0.092037 -0.336264 -0.021475 -0.137338 0.134637 -0.076835 -0.030793 -0.017880 -0.347463 -0.166249 -0.554591 -0.598141 0.216610 0.083655 0.218706 0.453615 -0.200565 -0.146105 0.252894 0.519108 0.067011 0.279273 -0.428207 -0.043381 -0.101386 -0.068457 -0.486163 -0.372539 -0.470508 -0.264439 -0.524527 -0.328198 -0.574479 -0.587687 -0.455405 -0.434446 0.078905 0.122192 -0.082252 0.024226 -0.075483 0.051568 0.188145 0.183706 0.455949 0.276585 0.401536 0.384211 0.046008 -0.175756 -0.256538 -0.094622 -0.248799 -0.368195 0.365350 0.383120 0.136062 0.211783 -0.059635 -0.099695 0.000417 0.000446 -0.016435 -0.315241 -0.148291 -0.125018 -0.029777 0.104035 0.332739 0.041102
0.380923 0.214584 0.094466 0.405332 0.207264 0.315284 0.186489 0.311081 -0.031275 0.266981 1.000000 0.297864 0.464513 0.268645 0.136157 0.020046 0.091598 -0.030407 0.342920 -0.037000 -0.027442 -0.342788 -0.036863 0.106245 0.056155 -0.052451 0.194927 0.076948 -0.014072 -0.154962 -0.139884 -0.071535 -0.290116 -0.286795 0.065037 0.057183 -0.224915 -0.168051 -0.191596 -0.288053 -0.045339 -0.072632 -0.350018 -0.404142 -0.319022 -0.301123 -0.354849 -0.416229 -0.296854 -0.313980 0.009029 -0.332425 -0.118779 -0.118109 -0.098235 -0.198362 -0.062614 -0.214884 0.063012 0.066735 0.256550 0.296195 0.490716 0.412470 0.228567 0.105672 -0.011983 0.054720 -0.125581 0.153904 -0.000947 -0.083548 0.054490 -0.012106 -0.093614 -0.062942 -0.034522 0.100612 -0.163781 -0.130631 -0.078475 -0.239139 0.161402 -0.058355 0.336753 0.162794 0.350646 0.039507 0.164582 0.304978 0.219385 0.003075 0.264641 -0.049056 -0.275725 -0.224035 -0.268696 0.023109 -0.115200 -0.153796 0.243978 0.097535 0.260692 0.067947 0.189882 -0.045776 -0.019453 -0.089272 -0.111806 -0.302374 -0.161648 -0.207927 -0.128435 0.056827 0.200483 0.072743
0.148305 0.418308 -0.119934 0.240040 -0.149908 0.042727 0.034221 0.191740 -0.149224 0.050809 0.297864 1.000000 0.225354 0.475928 0.225955 0.177302 0.229871 0.242049 0.085547 0.008430 -0.021488 -0.108567 -0.113859 0.169308 -0.128489 0.051874 -0.024280 0.200245 -0.018626 0.079593 -0.121208 -0.126313 -0.162701 -0.303435 -0.172195 -0.055381 0.206790 0.288961 0.021600 -0.021810 -0.031037 0.204964 -0.472361 -0.406024 -0.370157 -0.277511 -0.425184 -0.434928 -0.289456 -0.306763 -0.221238 -0.230746 -0.062843 -0.213013 0.151590 -0.244908 -0.029702 0.015272 -0.064561 -0.109686 0.082492 0.166879 0.008599 0.065016 -0.031773 0.271834 -0.195832 -0.090787 0.000770 -0.118007 0.047437 0.022218 -0.002584 0.207923 0.106869 0.202649 0.105792 0.088296 -0.062045 -0.038743 0.066826 0.045119 0.312496 0.299236 0.239715 0.511306 0.264546 0.223776 -0.155483 0.277872 0.159054 -0.084469 0.349751 -0.176701 -0.130144 0.044923 -0.146683 -0.138311 -0.012775 -0.114339 0.007202 -0.031066 -0.015591 -0.106822 0.033510 0.037049 0.018682 -0.157180 0.010676 -0.282099 -0.243373 -0.160380 -0.142701 0.122304 0.160659 0.215594
0.152844 0.056108 0.243709 0.150037 0.356016 0.306166 0.285217 0.211051 0.087233 0.175212 0.464513 0.225354 1.000000 0.514509 0.104945 0.048839 0.065085 -0.039909 0.003163 -0.276406 -0.186599 -0.195755 -0.293976 -0.233017 -0.074279 -0.154924 0.128687 0.022418 -0.187950 -0.195574 -0.071368 -0.091891 -0.148317 -0.279654 0.085230 0.160277 -0.078824 -0.084624 -0.133662 -0.127842 0.029618 0.146718 -0.167614 -0.221321 -0.164776 -0.099584 -0.218569 -0.196198 -0.045969 -0.134236 0.148199 -0.144340 0.164708 0.048017 0.017457 0.035643 -0.149560 -0.271177 0.336767 0.007900 0.471059 0.332091 0.473102 0.135747 -0.179702 0.131334 -0.011177 0.031028 -0.323744 -0.107430 0.223383 0.261787 0.124743 -0.092703 -0.009484 0.000798 0.153040 0.140317 -0.149783 -0.164701 -0.153783 -0.216964 -0.126665 -0.177859 -0.114964 -0.026448 0.028681 0.093989 0.018297 0.183504 0.006952 -0.177347 -0.037551 -0.070055 -0.092761 0.042778 -0.164436 -0.155308 -0.118708 -0.074872 0.117526 0.145464 0.063286 0.013998 0.078298 0.033296 -0.062772 -0.073066 0.062844 -0.185639 -0.193220 -0.080381 0.015491 -0.040003 0.021863 0.057089
0.089165 0.179873 0.160132 0.290847 0.251687 0.254182 0.302205 0.491129 0.123790 0.491313 0.268645 0.475928 0.514509 1.000000 0.259882 0.519490 -0.197165 -0.138966 -0.085477 -0.421733 -0.037976 0.025999 -0.237591 -0.034646 -0.209268 -0.031225 0.039291 0.026524 -0.284180 -0.108241 -0.027644 -0.078171 -0.256585 -0.227554 -0.210894 0.038508 -0.072851 0.153988 -0.214334 0.011137 -0.024488 0.103123 -0.284481 -0.319507 -0.204350 -0.095544 -0.225371 -0.350318 -0.045139 -0.213300 -0.004367 -0.167710 0.070610 -0.144379 -0.030665 -0.181607 -0.331581 -0.361937 0.284458 -0.013911 0.399957 0.581337 -0.059843 -0.022078 -0.001954 0.458057 -0.147886 -0.019517 -0.375920 -0.303812 -0.010521 -0.027395 -0.139020 -0.168126 -0.155485 -0.115975 -0.210078 -0.194740 -0.311746 -0.321596 -0.172233 -0.274563 0.041291 0.138012 0.098525 0.133413 0.057594 0.084628 0.033446 0.315932 0.316936 -0.055541 0.297021 0.087842 0.121127 0.052172 -0.128197 -0.088804 -0.073721 -0.198186 0.294072 0.208882 0.027317 -0.003936 -0.113399 -0.010743 -0.043733 -0.184053 0.095491 -0.271543 -0.220913 -0.047015 -0.031303 0.118694 0.205881 0.155301
0.074100 -0.052793 0.434548 0.230835 0.058028 -0.119515 0.197618 0.107724 0.287599 0.235764 0.136157 0.225955 0.104945 0.259882 1.000000 0.380050 -0.107358 -0.009820 -0.018888 -0.025226 0.303409 0.120704 0.439071 0.193390 0.008639 0.260515 0.165348 0.302921 0.009560 0.018751 0.293663 0.138454 -0.168175 0.075764 0.015686 0.260786 -0.339063 -0.022804 -0.082021 -0.105249 -0.117272 -0.087932 -0.169494 -0.122022 -0.310762 -0.054587 -0.211836 -0.197160 0.003562 -0.098838 0.047329 -0.016081 -0.115837 -0.260605 -0.055750 -0.282481 -0.183568 -0.109402 -0.085421 -0.219681 -0.134436 0.026454 -0.346515 -0.245044 0.319825 0.367652 -0.306014 -0.167397 -0.171619 -0.088373 -0.172003 -0.021362 -0.135732 -0.004333 -0.134488 0.066311 -0.213777 -0.226201 -0.154897 -0.082840 -0.219641 -0.041673 0.254412 0.091094 0.073948 -0.136927 -0.080849 -0.172264 0.143065 -0.063633 -0.026648 0.105288 0.085043 0.161776 0.013493 -0.001160 0.119813 -0.152678 -0.239221 -0.121945 -0.088777 -0.137647 -0.223150 -0.133334 -0.214775 -0.163489 -0.050022 -0.353073 0.102774 -0.118715 0.021092 -0.224876 0.069698 0.120570 0.206179 0.100843
0.173730 0.148390 0.211313 0.286356 0.138335 0.028165 0.273740 0.325373 0.395516 0.447178 0.020046 0.177302 0.048839 0.519490 0.380050 1.000000 -0.376520 -0.148819 -0.003090 -0.287067 0.176007 0.269454 -0.033375 0.103616 -0.117835 0.045860 -0.076928 -0.050859 -0.105703 0.063184 0.067531 0.129944 -0.014029 0.121206 -0.273070 -0.018644 -0.185596 0.179519 -0.064720 0.179073 0.007997 0.096441 -0.305203 -0.336461 -0.399723 -0.296199 -0.142085 -0.372978 -0.105422 -0.209539 -0.119860 -0.157172 0.110128 -0.163038 -0.132981 -0.273022 -0.128710 -0.238350 0.168195 -0.058544 0.339964 0.422436 -0.209450 -0.065906 0.008478 0.341137 -0.104350 -0.201566 -0.204870 -0.295253 -0.180250 -0.228127 -0.130241 -0.228142 -0.181844 -0.031217 -0.384168 -0.375951 -0.143695 -0.246047 -0.064292 -0.004167 0.155585 0.568834 0.077446 0.105457 -0.131758 -0.025317 0.194341 0.090476 0.085574 -0.018022 0.109466 0.099748 0.252535 0.033825 -0.119030 0.049075 -0.190777 -0.194441 0.158082 0.158201 -0.007955 -0.148499 -0.346754 -0.248618 -0.194439 -0.146418 -0.054724 -0.112334 -0.114485 -0.131713 0.010652 0.076565 0.159274 0.164991
0.017231 0.147372 -0.463381 -0.243032 -0.392358 -0.214586 -0.209452 -0.224788 -0.376336 -0.472420 0.091598 0.229871 0.065085 -0.197165 -0.107358 -0.376520 1.000000 0.819654 0.155349 0.461653 -0.149810 -0.222978 -0.180976 -0.349782 -0.130258 -0.199175 -0.302450 -0.080664 0.540090 0.480650 -0.108961 0.037231 0.000980 -0.012870 0.112899 0.022654 0.265424 0.027471 0.367614 -0.020036 0.033532 0.162004 -0.091629 -0.015965 -0.074810 -0.016257 -0.262131 0.015667 -0.313698 -0.098902 -0.394702 -0.209250 -0.344358 -0.220705 0.048969 -0.150443 0.361619 0.424011 -0.301777 -0.190635 -0.129453 -0.188852 0.264142 0.197334 -0.027612 -0.246860 -0.249013 -0.234541 0.234067 0.089931 0.128745 0.235556 0.621344 0.598207 0.555726 0.505760 0.527810 0.399129 0.593477 0.626550 0.635001 0.539151 0.345815 -0.088535 -0.128400 -0.106012 0.164040 0.055434 -0.156811 -0.127618 -0.217922 -0.130570 -0.163918 -0.347345 -0.304147 0.213060 -0.025510 -0.098418 0.022981 0.105427 -0.269388 -0.188867 -0.003187 0.125024 0.341713 0.367347 0.023519 -0.102561 0.016997 0.170374 -0.073497 -0.074176 -0.094101 -0.139832 -0.142299 -0.112459
0.102951 0.189733 -0.342529 -0.260456 -0.394783 -0.310043 -0.160065 -0.308901 -0.230344 -0.448993 -0.030407 0.242049 -0.039909 -0.138966 -0.009820 -0.148819 0.819654 1.000000 0.072475 0.380612 -0.151434 -0.177208 -0.050550 -0.285696 -0.099904 -0.241073 -0.304552 -0.139285 0.588509 0.661454 0.000579 0.114985 0.038206 0.030307 0.124698 0.026591 0.277361 0.085208 0.414613 -0.006797 0.041230 0.151741 -0.132095 -0.053461 -0.151204 -0.136924 -0.238130 -0.082294 -0.360337 -0.180759 -0.520295 -0.275274 -0.427050 -0.278515 -0.001276 -0.255809 0.437041 0.532069 -0.324984 -0.311753 -0.133112 -0.183279 0.102362 0.186935 0.044360 -0.206626 -0.388263 -0.428582 0.233567 -0.023641 0.058613 0.161348 0.677679 0.595965 0.558806 0.554665 0.554925 0.429027 0.671749 0.696693 0.690447 0.741199 0.362341 0.062833 -0.049850 -0.104667 0.152958 -0.053564 -0.010662 -0.225625 -0.342793 -0.145242 -0.234283 -0.262900 -0.213007 0.240959 0.030832 -0.117099 -0.053254 0.128878 -0.419305 -0.249052 -0.170803 -0.052655 0.197877 0.301025 -0.097064 -0.172142 0.016709 0.135206 -0.182474 0.007959 0.027523 -0.059200 -0.269577 -0.032960
0.426293 0.178935 0.063264 0.165424 -0.157584 -0.199142 0.144626 0.064191 -0.007192 -0.078655 0.342920 0.085547 0.003163 -0.085477 -0.018888 -0.003090 0.155349 0.072475 1.000000 0.401932 -0.095717 -0.030730 0.053666 -0.046029 0.004670 -0.140388 -0.047923 -0.113187 0.249609 0.093842 -0.030597 0.028399 0.243708 0.159634 0.151717 -0.084442 -0.223404 -0.319709 -0.076948 -0.248697 0.088823 -0.114590 -0.321073 -0.340688 -0.409777 -0.416739 -0.372123 -0.264059 -0.398258 -0.374548 -0.035031 -0.387162 -0.216978 -0.289299 -0.071418 -0.312473 0.057197 0.069961 -0.069966 -0.099232 0.291145 0.134291 0.321375 0.363262 0.267202 -0.027767 0.094819 -0.093622 0.320508 0.356262 0.023885 -0.118118 0.215868 0.192829 0.116493 0.083379 0.130284 0.140357 0.087064 0.163482 0.164921 0.009207 -0.031984 0.045043 0.139264 -0.014737 0.036135 -0.135465 0.137071 0.160330 -0.099072 0.060009 -0.068055 -0.082735 -0.340607 0.052023 -0.184590 -0.065458 -0.188883 -0.085189 -0.005776 0.069816 0.207824 -0.027421 0.002300 -0.052384 -0.259093 -0.178441 0.101954 0.091553 0.082431 -0.089062 -0.151218 -0.083595 0.057324 -0.187291
0.208389 0.346670 -0.295365 -0.083309 -0.509122 -0.465248 -0.327733 -0.403925 -0.316252 -0.536312 -0.037000 0.008430 -0.276406 -0.421733 -0.025226 -0.287067 0.461653 0.380612 0.401932 1.000000 0.036589 0.041213 0.250541 -0.025299 0.014972 -0.079711 -0.235532 -0.077799 0.538157 0.344891 0.021802 0.026421 0.345820 0.313146 0.050235 0.089662 0.016166 -0.135539 0.172628 -0.095596 -0.062022 0.039005 -0.165954 -0.051855 -0.269328 -0.213029 -0.226584 -0.003318 -0.313352 -0.163452 -0.422330 -0.178496 -0.287225 -0.212313 0.141284 -0.193137 0.373644 0.512406 -0.416735 -0.212200 -0.294628 -0.348456 0.133792 0.193154 0.078506 -0.270685 -0.163767 -0.403745 0.636645 0.317684 0.036102 -0.031287 0.457800 0.460019 0.371813 0.291074 0.394902 0.243250 0.418403 0.499075 0.445841 0.347390 0.087223 -0.030551 0.256355 0.045824 0.125548 0.004199 -0.050883 -0.004574 -0.272264 -0.031272 -0.077241 -0.222924 -0.102199 0.201834 0.092377 0.130276 0.007163 0.147979 -0.226871 -0.172333 -0.000977 -0.151046 0.005117 -0.023583 -0.097290 -0.089792 0.197396 0.446024 0.201824 -0.047229 -0.099635 -0.142379 -0.123105 -0.173908
0.013562 0.021996 0.280191 0.120831 0.026981 -0.040189 0.193258 0.083153 0.139262 0.109676 -0.027442 -0.021488 -0.186599 -0.037976 0.303409 0.176007 -0.149810 -0.151434 -0.095717 0.036589 1.000000 0.301993 0.431811 0.289073 0.222453 0.481677 0.289261 0.252648 0.086367 0.006720 0.403056 0.368028 -0.021663 0.289421 0.114968 0.290735 0.091516 0.153027 0.291931 0.164566 0.023849 0.194491 -0.072812 0.019008 -0.120134 0.018239 -0.013297 -0.116153 -0.081046 -0.119019 -0.007158 -0.138933 -0.176628 -0.048770 -0.065487 -0.012900 0.063440 0.081758 -0.425627 -0.336942 -0.349589 -0.230045 -0.279622 -0.124345 0.302091 0.248054 -0.382491 -0.254786 -0.080846 0.034647 0.015807 -0.084060 -0.039613 0.049603 -0.039181 0.098934 -0.126016 -0.087217 -0.105306 -0.002321 -0.063292 -0.054158 0.155579 0.008872 0.106764 -0.119514 0.043070 -0.202924 0.171223 -0.200615 -0.180629 -0.050303 0.004114 0.051503 0.136596 -0.112099 0.138583 0.102619 -0.017506 0.080130 -0.101530 -0.103325 -0.172416 -0.269872 -0.304703 -0.237171 -0.158634 -0.215655 -0.028159 -0.133961 0.162016 0.065975 0.018098 0.106731 0.139056 0.043913
-0.023528 -0.044632 0.125915 -0.086175 0.086488 -0.117791 0.113958 -0.016479 0.171014 0.007775 -0.342788 -0.108567 -0.195755 0.025999 0.120704 0.269454 -0.222978 -0.177208 -0.030730 0.041213 0.301993 1.000000 0.227466 0.138913 0.286062 0.362310 0.005716 0.213228 0.100204 0.086251 0.192488 0.171407 0.190575 0.384270 -0.250651 0.039584 -0.188232 0.105606 0.107714 0.324187 0.332647 0.149959 -0.064448 -0.031668 -0.217377 -0.142440 -0.010817 -0.073886 -0.006340 -0.187839 0.063857 -0.093534 0.017268 -0.009341 -0.089648 -0.006129 -0.051748 -0.069282 -0.086162 -0.143144 -0.114820 -0.052189 -0.253609 -0.163405 -0.006458 0.033751 -0.186675 -0.318834 0.107285 -0.119655 -0.082721 -0.103125 -0.080099 -0.056483 0.013837 0.061127 -0.263596 -0.362822 0.058048 -0.022903 0.021197 0.091965 0.094852 0.249464 -0.003840 0.020437 -0.050858 0.092115 0.085755 -0.087053 0.001166 0.143760 0.108015 0.114375 0.336430 0.158426 0.130124 -0.158697 -0.153128 -0.099953 0.037286 -0.048591 -0.146784 -0.202642 -0.323214 -0.127239 -0.216077 -0.188473 0.165533 0.182249 0.242659 0.025870 -0.012262 0.039471 0.130064 0.028737
-0.071707 -0.182943 0.527243 0.144462 -0.061748 -0.204835 0.178586 -0.094005 0.251344 -0.013720 -0.036863 -0.113859 -0.293976 -0.237591 0.439071 -0.033375 -0.180976 -0.050550 0.053666 0.250541 0.431811 0.227466 1.000000 0.581944 0.252191 0.478581 0.308731 0.233626 0.122037 0.037960 0.585348 0.330498 -0.079432 0.246419 0.276297 0.400887 -0.178442 -0.141534 0.109859 -0.066773 -0.115299 -0.111035 -0.093275 0.009060 -0.122032 0.032638 -0.119055 -0.083958 -0.019373 -0.107299 -0.036148 -0.081113 -0.352431 -0.208537 -0.002187 -0.148571 -0.023168 0.147647 -0.526720 -0.475657 -0.589415 -0.490892 -0.456681 -0.300817 0.621165 0.249993 -0.439788 -0.269763 0.191895 0.093149 -0.091334 0.010846 -0.104860 0.061887 -0.040192 0.112695 -0.010490 0.053400 -0.013405 0.092361 -0.116297 -0.012613 0.133402 -0.059130 0.293000 -0.127375 0.164228 -0.253431 0.457656 -0.088883 -0.216395 0.158349 -0.010509 0.183365 -0.018345 -0.061766 0.084708 -0.110039 -0.248452 -0.048923 -0.293442 -0.269914 -0.411728 -0.280782 -0.234464 -0.088015 -0.166631 -0.179858 0.046038 0.068294 0.267081 -0.111171 0.054731 0.061328 0.125416 -0.071772
-0.074325 -0.099618 0.435489 0.411667 0.176159 0.198652 0.173949 0.231762 0.219250 0.385392 0.106245 0.169308 -0.233017 -0.034646 0.193390 0.103616 -0.349782 -0.285696 -0.046029 -0.025299 0.289073 0.138913 0.581944 1.000000 0.251644 0.578455 0.253403 0.215891 -0.153644 -0.182196 0.364477 0.319273 -0.233660 0.020629 0.033659 0.093571 -0.127922 -0.089290 -0.091623 0.108652 -0.173725 -0.112617 -0.202461 -0.233039 -0.257078 -0.092834 -0.135389 -0.250633 -0.156159 -0.199509 0.014813 -0.142074 -0.184412 -0.103622 -0.079247 -0.141541 -0.265524 -0.193777 -0.341997 -0.197843 -0.370829 -0.250713 -0.323290 -0.300811 0.382109 0.308985 -0.215433 0.020181 0.053792 0.085156 -0.125910 -0.012743 -0.345374 -0.144791 -0.307782 -0.096616 -0.288974 -0.074401 -0.365284 -0.247755 -0.253530 -0.174550 0.261253 0.258652 0.355999 0.321926 0.250657 0.060704 0.151668 0.110964 0.078383 0.099569 0.258659 0.101733 0.043568 -0.188503 -0.045500 0.065197 -0.275988 -0.292533 -0.001937 0.028667 -0.198120 -0.122988 -0.203567 -0.178281 -0.178042 -0.063989 -0.033886 -0.113768 0.261997 -0.150359 -0.148509 0.090196 0.385179 -0.001075
-0.006868 -0.174989 0.242589 0.006616 0.371040 0.207782 0.157127 -0.116466 0.116748 0.059015 0.056155 -0.128489 -0.074279 -0.209268 0.008639 -0.117835 -0.130258 -0.099904 0.004670 0.014972 0.222453 0.286062 0.252191 0.251644 1.000000 0.589918 0.260990 0.285061 0.108297 -0.048232 0.177964 0.198297 -0.019607 0.099209 -0.098997 -0.081897 -0.112107 -0.116198 0.036847 0.041927 0.088713 -0.129269 0.145206 0.124240 0.086646 0.121528 0.080848 0.006652 -0.068843 0.005407 0.092496 -0.131933 -0.075627 -0.103242 -0.090454 0.038992 -0.045417 -0.021838 -0.213994 -0.067311 -0.254849 -0.302802 -0.058628 -0.184310 0.090850 -0.094873 -0.114264 -0.019120 0.000349 0.175586 -0.214024 -0.165879 -0.064363 -0.142203 -0.128825 0.064932 -0.043270 -0.031415 -0.014307 0.037235 0.040698 0.097160 0.287173 -0.022926 0.035336 -0.041527 0.144995 0.102154 -0.055077 -0.297977 -0.011684 0.223391 0.030890 0.195540 0.025388 -0.000764 0.148853 0.028729 -0.030379 0.011053 0.086683 0.002318 0.038102 -0.135203 -0.206505 -0.172449 -0.163110 -0.184754 -0.015879 0.018711 0.200214 0.094508 -0.067256 -0.115857 0.055419 -0.151060
-0.207879 -0.307010 0.367692 0.181756 0.195573 0.177055 0.167226 0.033706 0.090802 0.121618 -0.052451 0.051874 -0.154924 -0.031225 0.260515 0.045860 -0.199175 -0.241073 -0.140388 -0.079711 0.481677 0.362310 0.478581 0.578455 0.589918 1.000000 0.324652 0.431438 0.013165 -0.103244 0.386132 0.342101 -0.203574 0.148391 -0.032185 0.223271 0.040365 0.076443 0.192392 0.242652 -0.044981 -0.029428 0.038400 0.105374 -0.035168 0.278494 -0.026210 -0.006566 -0.015114 -0.001008 0.101801 -0.078481 -0.109226 -0.129326 -0.021089 0.008107 -0.238951 -0.159900 -0.329089 -0.230813 -0.400661 -0.349037 -0.337887 -0.453348 0.224345 0.256700 -0.326354 -0.039271 -0.036507 -0.038889 -0.166398 -0.034165 -0.239229 -0.199993 -0.239988 -0.014757 -0.216724 -0.172249 -0.284070 -0.166086 -0.198542 -0.117855 0.303280 0.152848 0.100092 0.094935 0.201131 0.118801 0.014231 -0.138067 -0.035404 0.026797 0.123329 0.050064 0.050318 -0.045151 0.229143 -0.000619 -0.083701 -0.099498 0.051005 -0.061965 -0.114668 -0.133020 -0.243587 -0.092084 -0.172874 -0.283037 -0.110870 -0.007978 0.367412 -0.084921 -0.124526 -0.001336 0.327907 0.040348
0.032006 -0.070940 0.297362 0.216679 0.231736 0.415792 0.002520 -0.066740 0.040472 0.164500 0.194927 -0.024280 0.128687 0.039291 0.165348 -0.076928 -0.302450 -0.304552 -0.047923 -0.235532 0.289261 0.005716 0.308731 0.253403 0.260990 0.324652 1.000000 0.573770 -0.259284 -0.344797 0.014283 -0.115481 -0.226867 -0.327490 0.090952 0.150643 -0.074261 -0.022667 -0.060967 -0.188149 0.111461 0.005010 -0.076178 -0.082239 0.003119 0.053091 -0.044825 -0.082612 0.161849 -0.054335 0.156535 0.003084 0.106298 0.039317 0.012371 0.013692 -0.154578 -0.082064 0.092346 0.099143 -0.154997 -0.113275 -0.091343 -0.183629 0.115853 0.098607 0.127651 0.185068 -0.148040 0.100249 -0.127484 -0.065444 -0.246681 -0.235552 -0.243003 -0.216380 -0.157191 -0.001615 -0.346408 -0.269134 -0.391117 -0.327592 -0.009503 -0.235224 0.148827 0.049434 0.228444 -0.000381 0.177182 0.018776 0.137709 0.007232 0.027500 0.221444 -0.004772 -0.157062 -0.007664 0.054830 0.099511 0.018466 0.123952 0.062974 0.063425 0.131662 0.152830 0.050012 0.033559 0.020041 -0.129790 -0.239432 0.082170 0.172401 0.078446 0.268792 0.187018 0.135354
-0.133136 -0.087431 0.080291 0.241735 -0.040438 0.237146 -0.178996 -0.144095 -0.113643 0.018959 0.076948 0.200245 0.022418 0.026524 0.302921 -0.050859 -0.080664 -0.139285 -0.113187 -0.077799 0.252648 0.213228 0.233626 0.215891 0.285061 0.431438 0.573770 1.000000 -0.232834 -0.217085 -0.047437 -0.168542 -0.238474 -0.242926 -0.042903 0.183145 0.035652 0.259560 0.098745 0.143003 0.146874 0.055648 -0.032395 0.002223 -0.149490 0.040179 -0.045704 0.000156 0.100979 -0.072453 0.150177 0.057237 0.216825 0.035238 0.147234 0.028579 -0.103346 -0.026026 0.046466 0.062564 -0.251610 -0.128893 -0.186705 -0.207663 -0.031213 0.210535 0.001710 0.080244 0.000469 0.056683 -0.182198 -0.053594 -0.279229 -0.194662 -0.115158 -0.122909 -0.199322 -0.210995 -0.273301 -0.185277 -0.215757 -0.143567 0.242359 0.010043 0.069988 0.103353 0.269240 0.204612 0.053269 0.003133 0.154493 0.037927 0.055010 0.105066 0.039229 -0.093594 0.203472 -0.036109 0.232805 0.161741 -0.006669 0.091027 0.029035 0.186397 0.077391 0.133997 -0.035761 -0.188763 -0.286868 -0.274354 0.093180 0.214429 0.029777 0.261034 0.343186 0.101007
0.211124 0.090552 -0.219461 -0.249618 -0.298127 -0.454152 -0.018202 -0.333598 -0.119627 -0.458768 -0.014072 -0.018626 -0.187950 -0.284180 0.009560 -0.105703 0.540090 0.588509 0.249609 0.538157 0.086367 0.100204 0.122037 -0.153644 0.108297 0.013165 -0.259284 -0.232834 1.000000 0.704131 0.243207 0.367573 0.335374 0.456738 0.125243 0.075325 0.009809 -0.077947 0.349615 -0.010969 0.112393 0.111380 -0.091715 -0.009145 -0.182178 -0.088899 -0.221219 -0.106983 -0.450194 -0.240204 -0.428642 -0.401157 -0.475282 -0.358862 -0.132389 -0.275673 0.390899 0.409004 -0.470800 -0.445283 -0.137444 -0.281118 0.117954 0.166120 0.216711 -0.302056 -0.397329 -0.526566 0.251389 0.032150 -0.015659 -0.055908 0.744493 0.614623 0.657008 0.458064 0.452860 0.337541 0.665691 0.674504 0.622366 0.574650 0.224692 0.085764 0.147924 -0.107363 0.033015 -0.244806 -0.119292 -0.308412 -0.470273 -0.191243 -0.159737 -0.344248 0.028395 0.160031 0.115145 0.028708 -0.145109 0.101829 -0.178737 -0.264698 -0.058636 -0.285191 -0.143461 -0.045463 -0.265674 -0.297570 0.102947 0.331601 0.109092 -0.051092 -0.138122 -0.194666 -0.213963 -0.255032
0.027362 0.137325 -0.245676 -0.334440 -0.311059 -0.509026 -0.055439 -0.383811 -0.142373 -0.415843 -0.154962 0.079593 -0.195574 -0.108241 0.018751 0.063184 0.480650 0.661454 0.093842 0.344891 0.006720 0.086251 0.037960 -0.182196 -0.048232 -0.103244 -0.344797 -0.217085 0.704131 1.000000 0.235530 0.336609 0.306080 0.472263 0.092400 0.169589 0.107652 0.238513 0.474025 0.069670 0.212831 0.222346 -0.040181 0.009261 -0.140305 -0.030828 -0.137087 -0.074891 -0.303346 -0.188550 -0.370524 -0.303378 -0.358609 -0.337572 -0.103207 -0.276741 0.246392 0.300105 -0.339471 -0.307870 -0.143184 -0.211385 0.011269 0.193803 0.022817 -0.253356 -0.371561 -0.482110 0.148287 -0.115430 0.044242 -0.022633 0.725222 0.519973 0.541483 0.534289 0.423870 0.367877 0.588904 0.712767 0.622502 0.763561 0.350962 0.340517 0.121792 -0.072292 0.069717 -0.173216 -0.097109 -0.413533 -0.353894 -0.193026 -0.224545 -0.274004 0.054945 0.160506 0.128144 0.008038 -0.132544 0.022034 -0.318252 -0.342409 -0.124132 -0.293004 -0.217592 -0.084507 -0.302785 -0.259522 0.113973 0.172509 -0.078933 -0.046250 0.021514 -0.198241 -0.178133 -0.141342
-0.208080 -0.246801 0.571456 0.092757 0.112280 -0.211499 0.422644 0.073338 0.354840 0.113809 -0.139884 -0.121208 -0.071368 -0.027644 0.293663 0.067531 -0.108961 0.000579 -0.030597 0.021802 0.403056 0.192488 0.585348 0.364477 0.177964 0.386132 0.014283 -0.047437 0.243207 0.235530 1.000000 0.822434 0.094626 0.530149 0.360853 0.356799 -0.120751 -0.109647 0.183285 0.143156 0.012407 0.050689 0.010817 0.071016 -0.066778 0.060541 -0.078664 -0.056314 -0.178451 -0.167789 -0.053140 -0.190565 -0.385988 -0.171740 -0.179908 -0.125371 -0.045485 0.046831 -0.391789 -0.532808 -0.250115 -0.288962 -0.268725 -0.159903 0.453874 0.264875 -0.454080 -0.354200 0.004557 -0.024024 0.137747 0.158591 0.140045 0.137760 0.075663 0.125778 0.087117 0.187530 0.040528 0.158700 -0.017805 0.131529 0.128573 0.053544 0.039268 -0.225803 -0.117655 -0.374314 0.223367 -0.282363 -0.487915 -0.183471 -0.237799 -0.052886 -0.010661 -0.092601 -0.051686 -0.226963 -0.349235 -0.166333 -0.384180 -0.187276 -0.500722 -0.441327 -0.472378 -0.295269 -0.321479 -0.194426 0.128060 -0.136929 0.271643 -0.057180 0.140875 -0.065440 0.058566 -0.177468
-0.126665 -0.192984 0.413514 0.048672 0.236077 -0.052515 0.449225 0.172432 0.342365 0.159724 -0.071535 -0.126313 -0.091891 -0.078171 0.138454 0.129944 0.037231 0.114985 0.028399 0.026421 0.368028 0.171407 0.330498 0.319273 0.198297 0.342101 -0.115481 -0.168542 0.367573 0.336609 0.822434 1.000000 0.092809 0.597593 0.248357 0.296552 -0.073806 -0.087678 0.286828 0.240413 0.046528 0.149093 -0.101539 -0.105055 -0.190895 -0.026072 -0.191816 -0.193365 -0.389037 -0.301523 -0.177542 -0.351542 -0.419431 -0.181445 -0.298459 -0.234084 -0.024961 0.033939 -0.393881 -0.481987 -0.115567 -0.181277 -0.149640 -0.040442 0.389873 0.146082 -0.421243 -0.331453 -0.017094 0.061679 0.108080 0.120754 0.289022 0.143475 0.105821 0.183866 0.060393 0.198897 0.153364 0.201365 0.159422 0.210938 0.298600 0.207423 -0.043126 -0.183538 -0.080662 -0.220055 0.172108 -0.261597 -0.380438 -0.168526 -0.161010 -0.092626 -0.068210 -0.057040 -0.144888 -0.138984 -0.393303 -0.246611 -0.288404 -0.033162 -0.332009 -0.348046 -0.417145 -0.255852 -0.352578 -0.228249 0.032057 -0.072690 0.233563 -0.112544 0.019593 -0.130222 0.095254 -0.229096
0.246753 0.283000 -0.149901 -0.186495 -0.311178 -0.471411 -0.143545 -0.360117 -0.158860 -0.488109 -0.290116 -0.162701 -0.148317 -0.256585 -0.168175 -0.014029 0.000980 0.038206 0.243708 0.345820 -0.021663 0.190575 -0.079432 -0.233660 -0.019607 -0.203574 -0.226867 -0.238474 0.335374 0.306080 0.094626 0.092809 1.000000 0.594687 0.050163 -0.099174 0.014471 -0.017409 0.050284 -0.031303 0.112157 0.000349 -0.013241 0.098140 -0.104766 -0.153079 0.050188 0.074090 -0.121447 -0.061368 -0.055301 -0.094987 0.026331 0.015630 0.128393 0.084582 0.403050 0.359175 -0.094274 -0.093678 0.106770 -0.173469 0.107814 0.229738 -0.188493 -0.350773 0.051362 -0.257740 0.348089 0.203132 -0.005535 -0.147184 0.344682 0.241455 0.360051 0.055592 0.297054 0.142534 0.406117 0.284360 0.289348 0.227187 -0.274312 0.027920 0.046199 0.012950 -0.208879 -0.270539 -0.168874 -0.103913 -0.461208 -0.305327 -0.343827 -0.299709 0.274972 -0.042871 0.188449 0.212877 0.047479 0.084919 -0.276114 -0.196595 -0.129735 -0.387309 -0.388326 -0.429722 -0.165716 0.040984 0.281032 0.184749 0.246973 0.163693 -0.074282 -0.185350 -0.304904 -0.095229
-0.051433 -0.137402 0.162564 -0.142300 -0.091227 -0.491094 0.216955 -0.114214 0.102006 -0.207833 -0.286795 -0.303435 -0.279654 -0.227554 0.075764 0.121206 -0.012870 0.030307 0.159634 0.313146 0.289421 0.384270 0.246419 0.020629 0.099209 0.148391 -0.327490 -0.242926 0.456738 0.472263 0.530149 0.597593 0.594687 1.000000 0.123061 0.239577 -0.128828 0.011186 0.244702 0.160861 0.118246 0.120617 -0.055778 0.002049 -0.138746 0.023615 -0.095752 -0.039259 -0.296205 -0.187325 -0.112026 -0.269388 -0.299226 -0.216733 -0.171514 -0.176721 0.125066 0.141450 -0.313958 -0.389488 -0.090291 -0.235764 -0.095281 0.037679 0.166045 -0.072400 -0.238836 -0.336763 0.177443 0.111857 0.007661 -0.129028 0.368848 0.220344 0.247247 0.135673 0.089730 0.001242 0.311431 0.376745 0.330577 0.327449 0.040259 0.223447 0.027995 -0.145057 -0.210388 -0.326355 -0.006975 -0.308683 -0.392424 -0.083715 -0.150915 -0.103847 0.218229 0.028154 0.111092 0.062613 -0.293236 -0.097018 -0.300901 -0.189170 -0.245236 -0.411682 -0.541396 -0.398748 -0.276789 -0.137641 0.269298 0.229698 0.389161 -0.044826 -0.065011 -0.226640 -0.087790 -0.193614
-0.141328 -0.281459 0.332322 0.075243 -0.010232 -0.066952 0.280716 0.046572 0.041802 -0.080552 0.065037 -0.172195 0.085230 -0.210894 0.015686 -0.273070 0.112899 0.124698 0.151717 0.050235 0.114968 -0.250651 0.276297 0.033659 -0.098997 -0.032185 0.090952 -0.042903 0.125243 0.092400 0.360853 0.248357 0.050163 0.123061 1.000000 0.409298 0.041589 -0.116976 0.204838 -0.024852 -0.046742 0.016004 -0.053942 -0.046731 -0.023057 -0.002072 -0.100811 -0.100992 -0.227550 -0.229682 0.031626 -0.252471 -0.275432 -0.072989 -0.087880 -0.020646 -0.032102 -0.023327 -0.188608 -0.378924 -0.038502 -0.201120 0.108060 0.085468 0.376878 0.247335 -0.063475 -0.015318 0.138793 0.170774 0.229695 0.157179 0.140902 0.210720 0.051785 0.088646 0.238571 0.415798 0.120549 0.119646 -0.011785 0.040435 -0.093374 -0.217850 0.031040 -0.193733 0.010393 -0.224265 0.261984 0.023401 -0.354060 -0.192365 -0.179465 -0.079086 -0.241805 -0.095525 -0.002635 -0.007717 -0.201978 -0.056206 -0.274638 -0.224934 -0.285003 -0.138051 0.064349 0.049105 -0.075353 -0.002231 -0.076466 -0.078082 0.064413 0.041787 0.077408 -0.011516 -0.085873 -0.142974
-0.226411 -0.256091 0.344661 0.067489 0.048496 0.024040 0.240172 -0.020532 -0.006909 -0.051957 0.057183 -0.055381 0.160277 0.038508 0.260786 -0.018644 0.022654 0.026591 -0.084442 0.089662 0.290735 0.039584 0.400887 0.093571 -0.081897 0.223271 0.150643 0.183145 0.075325 0.169589 0.356799 0.296552 -0.099174 0.239577 0.409298 1.000000 0.094650 0.200467 0.362509 0.145055 -0.022006 0.162426 -0.137493 -0.113623 -0.157669 0.223037 -0.317501 -0.216302 -0.201084 -0.221391 -0.058257 -0.317593 -0.211602 -0.277424 -0.007824 -0.213545 -0.084444 -0.048564 -0.282267 -0.480845 -0.162087 -0.256713 -0.032169 -0.165333 0.267344 0.304250 -0.394720 -0.090746 0.004795 -0.061869 0.074655 0.178585 0.152872 0.116339 0.048168 0.095864 0.079552 0.083603 -0.047726 0.106216 -0.008871 0.008203 0.110470 -0.044459 0.131978 -0.081287 0.136840 -0.077770 0.293602 -0.068439 -0.102805 0.020998 0.029387 0.175277 -0.031377 0.150885 0.079703 -0.026126 -0.200990 0.011516 -0.198891 -0.018597 -0.242469 -0.063445 -0.110626 0.085235 -0.162517 -0.250998 -0.145094 -0.027248 0.090651 -0.026254 0.164348 -0.031263 0.234255 -0.062359
