1.000000 0.243581 0.255029 -0.297974 -0.118394 -0.303205 0.188697 -0.285430 -0.004114 -0.321056 0.368959 0.064516 0.137495 0.088898 0.252439 -0.199408 0.433159 0.270031 0.084827 -0.149015 0.000296 -0.124058 0.135269 -0.034246 0.091036 -0.175238 0.004542 -0.053160 0.331760 0.048737 0.048026 -0.105202 0.252012 -0.098347 0.060721 -0.283766 0.255431 -0.239654 -0.011211 -0.237196 0.194848 -0.140814 0.189762 0.028855 0.048476 -0.113614 -0.162800 -0.180419 0.409711 0.238024 0.195830 0.106137 0.028788 0.089854 -0.168579 0.129970 0.530987 0.371565 0.397454 -0.055118 0.373460 -0.122418 0.462037 0.316612 -0.107692 -0.299807 0.341208 -0.245900 0.060653 -0.336174 0.020486 -0.028379 0.271694 0.261562 0.282170 0.220114 0.239764 0.092586 -0.040308 0.104561 0.077889 0.132933 0.201087 0.229565 -0.185279 -0.118436 -0.203473 -0.052088 -0.239591 -0.098464 -0.134426 -0.223090 -0.391107 -0.119053 -0.080692 -0.128617 0.093388 0.025454 0.022691 -0.050122 -0.287583 -0.204958 -0.210874 -0.347270 -0.348367 -0.364028 -0.241531 -0.193852 0.193387 0.187660 -0.136351 -0.157923 -0.158120 -0.141010 -0.249953 0.087651
0.243581 1.000000 -0.424926 -0.040405 -0.368546 -0.411497 -0.423560 0.062955 -0.209765 -0.095554 -0.050120 0.309517 -0.050980 0.371081 -0.198000 0.022864 0.259741 0.253344 0.299723 0.384754 -0.180046 -0.220405 -0.486566 -0.484393 -0.372308 -0.561459 -0.359933 -0.422582 0.070260 0.350458 -0.415144 -0.508158 0.447811 0.195492 -0.348227 -0.365076 0.043313 0.015743 -0.204250 -0.047239 -0.135602 -0.010229 -0.172948 -0.096504 0.069279 -0.183394 0.085815 -0.059391 -0.184030 0.078833 -0.212769 0.118583 0.018815 0.067329 0.061540 0.274472 0.177918 0.511299 0.118292 0.291663 -0.019617 0.343631 0.183548 0.470390 -0.266709 0.008105 0.049994 -0.406721 0.368623 0.134755 -0.088346 -0.223335 0.127076 0.179799 -0.133702 0.065590 0.013438 0.007520 0.047588 0.094054 0.335670 0.209946 -0.133564 -0.037137 0.070773 0.014066 -0.113852 -0.073022 -0.145306 0.239701 0.086504 -0.219955 -0.064879 -0.383521 -0.078809 0.175562 -0.138362 -0.049149 0.256179 0.125561 0.187660 0.064597 0.207458 -0.120927 -0.019114 -0.052825 0.001332 -0.121614 -0.006593 0.021201 -0.112582 0.210229 0.068755 -0.128062 -0.044913 0.109970
0.255029 -0.424926 1.000000 -0.010820 0.298925 0.052048 0.754138 0.040477 0.334616 0.011848 0.388946 -0.098727 0.442705 0.015419 0.417750 -0.020860 0.140336 -0.100425 -0.092933 -0.322089 0.153145 0.106742 0.465915 0.240740 0.244429 0.193539 0.092957 0.064108 0.061538 -0.300274 0.393200 0.337613 -0.005543 0.058301 0.306775 0.220398 0.071827 -0.208195 0.071806 -0.145837 0.187449 -0.159411 0.095391 -0.018901 -0.105750 0.010945 -0.243852 -0.123317 0.186481 -0.211870 -0.014357 -0.325257 -0.149818 -0.068918 -0.191085 -0.150587 0.093512 -0.140213 0.156310 -0.316098 0.380409 -0.239620 0.158233 -0.167279 0.304711 -0.156604 0.145965 0.281574 -0.192692 -0.341355 -0.124181 0.170807 -0.000168 0.031379 0.184286 0.074212 0.151146 0.133081 -0.158508 -0.025178 -0.202262 -0.125478 0.175769 0.105572 -0.184726 -0.176821 -0.111215 0.034019 0.133633 -0.198008 -0.253704 -0.104836 -0.222497 0.121191 -0.087828 -0.202049 0.128516 -0.059756 -0.250550 -0.437465 -0.268532 -0.223284 -0.251234 -0.144216 -0.291486 -0.300030 -0.126985 -0.072567 -0.004703 0.032748 -0.041634 -0.375667 -0.267178 -0.234730 -0.306565 -0.219006
-0.297974 -0.040405 -0.010820 1.000000 -0.020502 0.328942 -0.048339 0.451091 0.138689 0.358409 -0.151031 0.021640 -0.093514 -0.151098 -0.178232 0.337662 -0.408767 -0.241657 0.035825 0.237871 -0.173188 -0.049960 0.172979 0.416111 0.052563 0.251747 0.036183 0.149355 -0.375897 -0.244623 0.141754 0.335069 -0.294777 -0.137039 0.179970 0.315508 -0.134773 0.118561 0.092580 0.371562 -0.210923 0.241655 -0.088004 -0.048127 -0.292654 -0.116658 -0.241119 0.206043 -0.254349 -0.281787 -0.129271 -0.100049 -0.014004 0.201788 -0.119889 -0.120119 -0.225855 -0.222360 -0.296558 -0.080065 -0.324007 0.058242 -0.356097 -0.366922 0.117227 0.293228 -0.329674 0.045642 0.036663 0.023318 -0.105835 0.072871 -0.466537 -0.308552 -0.133495 -0.140753 -0.131920 -0.111082 -0.196740 -0.182571 -0.146175 -0.184851 0.192943 0.078392 -0.038271 0.229412 0.094863 0.333103 0.234983 0.115717 0.150451 -0.035331 0.222861 -0.029475 0.347323 0.139224 -0.065579 -0.051938 -0.201991 -0.162116 0.071936 -0.046112 -0.206659 -0.011129 -0.102207 -0.045326 0.161072 0.188952 -0.012577 -0.128579 -0.035692 -0.307666 -0.340753 -0.132736 -0.212828 -0.317730
-0.118394 -0.368546 0.298925 -0.020502 1.000000 0.587146 0.424749 0.055749 0.637370 0.364726 -0.168405 -0.109571 0.083360 -0.004433 0.524532 0.159330 -0.031105 -0.076710 -0.470141 -0.348127 0.564755 0.497098 0.277946 0.242183 0.424767 0.333644 0.500917 0.305264 -0.005118 -0.143165 0.220532 0.213607 -0.280890 -0.210268 0.202452 0.187791 -0.269816 0.045958 -0.037986 -0.083198 0.077447 -0.129834 -0.076076 0.007564 0.060854 0.109841 -0.159173 -0.173048 0.052524 -0.039745 -0.110194 -0.201923 -0.380341 -0.435841 -0.235884 -0.267339 -0.143772 -0.280291 0.129239 -0.099678 0.258503 0.015903 -0.128465 -0.252045 0.239530 -0.023459 0.123781 0.336599 -0.330047 -0.122998 0.052348 0.147859 0.076931 -0.102830 0.030848 -0.032105 -0.110705 -0.155208 -0.198658 -0.057302 -0.216525 -0.301479 0.111197 0.048285 -0.118785 -0.229713 -0.048537 0.129362 0.172180 -0.293266 -0.160396 0.040669 0.002870 0.111568 -0.158384 -0.325033 -0.097564 -0.037772 -0.183806 -0.257800 -0.303691 -0.230674 -0.169924 0.008953 -0.061763 0.069146 -0.004133 -0.015277 0.089851 -0.066140 -0.049167 -0.095791 -0.189892 -0.018455 0.003550 -0.011538
-0.303205 -0.411497 0.052048 0.328942 0.587146 1.000000 0.173917 0.200561 0.413106 0.283405 -0.133379 -0.025434 0.002307 -0.182786 0.240882 0.349667 -0.347789 -0.222005 -0.507402 -0.233930 0.298198 0.428991 0.273296 0.385365 0.426672 0.443543 0.488712 0.509426 -0.271034 -0.327508 0.121534 0.190182 -0.554058 -0.360394 0.135451 0.272255 -0.223149 0.149355 0.238011 0.105111 0.047038 0.080447 -0.110709 -0.129590 -0.085933 0.001451 -0.192674 -0.139332 0.002779 -0.161694 -0.030285 -0.015624 -0.130163 -0.185386 -0.040053 -0.323275 -0.172202 -0.358429 -0.016045 -0.088540 0.013789 0.076904 -0.366271 -0.548817 0.206739 0.243018 -0.051913 0.302770 -0.232452 0.007214 0.153215 0.270325 -0.317707 -0.332983 -0.062266 -0.127823 -0.243709 -0.168934 -0.258151 -0.203612 -0.319445 -0.347736 0.216964 -0.041559 -0.077494 -0.060082 0.098292 0.256877 0.297343 -0.119256 -0.014633 0.174799 0.187794 0.251857 0.175525 -0.096467 0.022605 0.057526 -0.247362 -0.171701 -0.141125 -0.067178 -0.235229 0.116141 0.049800 0.122115 0.161947 0.254459 0.168048 0.000508 -0.017848 -0.221192 -0.261628 0.061948 0.031754 -0.124054
0.188697 -0.423560 0.754138 -0.048339 0.424749 0.173917 1.000000 0.134324 0.560533 0.105763 0.265945 -0.063608 0.403926 0.086829 0.444138 -0.003290 0.032651 -0.012719 -0.096263 -0.293173 0.384954 0.219478 0.518835 0.297046 0.287869 0.140829 0.165863 0.092717 0.132221 -0.290186 0.469311 0.405757 -0.129642 0.081337 0.217063 0.162337 -0.240952 -0.340703 -0.085465 -0.212295 0.050198 -0.275776 0.145905 0.051002 -0.135534 0.045557 -0.376219 -0.206538 0.159145 -0.195901 -0.008296 -0.275576 -0.223957 -0.084799 -0.373053 -0.320829 -0.021204 -0.275329 0.182311 -0.300047 0.428722 -0.102216 0.068793 -0.139705 0.429062 -0.034950 0.010586 0.277579 -0.360313 -0.288042 -0.119472 0.136380 0.032072 -0.001951 0.202762 0.134104 0.079156 0.136543 -0.282101 -0.086055 -0.311635 -0.315981 0.121699 0.221168 -0.176526 -0.207957 -0.193949 -0.005065 0.052329 -0.292139 -0.181392 -0.094582 -0.093047 0.137689 -0.211471 -0.246404 -0.129483 -0.082813 -0.368234 -0.436860 -0.169261 -0.244049 -0.298381 -0.212545 -0.299154 -0.278422 -0.083437 0.017444 0.025315 -0.069645 -0.212908 -0.318658 -0.262368 -0.113537 -0.246668 -0.146614
-0.285430 0.062955 0.040477 0.451091 0.055749 0.200561 0.134324 1.000000 0.398670 0.680271 -0.047096 0.433947 0.304545 0.601667 -0.002310 0.541296 -0.059702 0.049706 -0.180366 0.014293 -0.171436 -0.109730 -0.291146 -0.220857 -0.278752 -0.191885 -0.385585 -0.257329 -0.174050 0.067515 -0.136691 0.079887 -0.127558 0.346710 -0.075319 -0.029029 -0.220295 0.050372 -0.157314 0.061284 -0.254197 0.089928 -0.127997 -0.033883 -0.060946 -0.037814 -0.313719 -0.046754 -0.349428 -0.249580 -0.449881 -0.193553 -0.114344 -0.048564 -0.076537 -0.201870 -0.304793 -0.332705 -0.253861 -0.127781 0.041801 0.631739 -0.339600 -0.031488 0.240141 0.536822 -0.478813 -0.020583 -0.352631 0.104902 -0.190180 -0.008894 -0.152904 -0.192838 -0.148108 -0.022884 -0.052591 -0.037954 -0.124514 -0.025741 -0.233786 -0.293608 -0.177132 0.010867 -0.071257 0.031565 -0.205049 -0.165462 0.119901 0.028374 0.055125 -0.105604 0.304226 -0.165990 -0.206367 -0.059809 -0.229739 -0.151978 -0.277642 -0.259952 0.424602 -0.095261 0.165756 -0.005410 0.081185 0.030813 0.134237 0.037618 -0.099784 -0.018360 -0.154859 -0.237262 -0.070827 -0.030393 -0.175197 -0.220178
-0.004114 -0.209765 0.334616 0.138689 0.637370 0.413106 0.560533 0.398670 1.000000 0.501886 0.023255 0.150349 0.356450 0.344470 0.521218 0.401452 -0.031410 -0.034179 -0.398228 -0.377242 0.268573 0.127850 0.183954 0.127917 0.150360 0.068301 0.073050 -0.055381 0.050636 -0.007099 0.096814 0.178606 -0.237538 -0.076403 0.091142 -0.070114 -0.240640 -0.081822 -0.155492 -0.124609 -0.122981 -0.268832 -0.032128 -0.005155 0.112192 0.056222 -0.271851 -0.135095 0.068955 -0.069537 -0.215044 -0.184204 -0.268685 -0.212139 -0.286853 -0.154153 -0.143939 -0.418728 0.175969 -0.124579 0.388173 0.312894 -0.156056 -0.194970 0.414091 0.136611 -0.072953 0.157932 -0.499362 -0.120346 -0.054801 0.131786 -0.028029 -0.146385 0.044558 0.045960 -0.039171 -0.086345 -0.350332 0.031701 -0.322402 -0.405845 0.080669 0.260140 -0.262395 -0.201785 -0.118869 0.138074 0.114364 -0.122104 -0.048401 -0.043685 0.007372 0.092222 -0.306850 -0.288886 -0.172425 -0.141433 -0.276047 -0.416413 -0.084417 -0.207695 -0.186928 -0.145357 -0.194257 -0.076553 0.159310 0.046772 -0.029351 -0.106428 -0.145106 -0.283053 -0.336806 -0.084882 -0.235651 -0.086851
-0.321056 -0.095554 0.011848 0.358409 0.364726 0.283405 0.105763 0.680271 0.501886 1.000000 -0.102225 0.217684 0.248844 0.400333 0.230290 0.583179 -0.024762 -0.023068 -0.324001 -0.066225 -0.084246 -0.056262 -0.283767 -0.185441 -0.250549 -0.049001 -0.200414 -0.214760 -0.245428 0.069610 -0.198202 -0.072563 -0.209043 0.165779 0.018053 0.017252 -0.245036 0.222092 -0.138695 0.046955 -0.296805 0.084561 -0.233272 -0.061123 -0.037082 -0.025376 -0.208567 0.121354 -0.304492 -0.276220 -0.513338 -0.243758 -0.148913 -0.249658 -0.124799 -0.119808 -0.296358 -0.389945 -0.121903 -0.077398 0.170619 0.493370 -0.164577 -0.071841 0.146057 0.262583 -0.280696 0.168221 -0.265131 0.130550 -0.051251 0.012838 -0.054422 -0.134353 -0.189929 -0.050182 -0.058162 -0.076690 -0.188567 -0.060217 -0.167392 -0.190752 -0.019564 0.109456 -0.156186 -0.100061 -0.091896 0.038874 0.302718 0.042866 0.119661 0.069848 0.258582 0.027811 -0.154043 -0.100990 -0.121359 -0.149549 -0.146111 -0.178711 0.276466 -0.029439 0.231576 0.093684 0.116440 0.201668 0.249398 0.095528 -0.222182 -0.020099 0.050363 -0.140287 -0.121794 -0.035328 -0.014627 -0.133729
0.368959 -0.050120 0.388946 -0.151031 -0.168405 -0.133379 0.265945 -0.047096 0.023255 -0.102225 1.000000 0.374577 0.699154 0.180198 0.376389 0.330194 0.396238 0.157597 0.003250 -0.142027 -0.337123 -0.226457 0.216120 0.036031 -0.187547 -0.167687 -0.165538 -0.097362 0.288673 -0.006673 -0.090318 -0.122434 0.052633 0.058049 0.141777 0.013808 0.343364 -0.091673 0.119091 -0.231753 0.097149 0.021706 -0.193127 -0.179578 -0.263941 -0.336866 -0.226785 -0.204774 -0.035116 -0.362909 -0.117691 -0.360460 -0.107979 -0.030672 0.042260 -0.126672 0.041069 -0.051711 0.293031 -0.397401 0.362458 0.051143 0.214039 -0.032881 0.329475 0.091881 -0.123916 -0.058519 -0.154430 -0.091766 0.000011 0.107341 0.076655 0.207856 0.310619 0.218249 0.323409 0.286355 -0.040124 0.031975 -0.080682 0.053274 0.346187 0.105342 0.091871 0.141412 0.105299 -0.043489 0.255327 -0.030222 -0.222920 -0.093817 0.036303 0.254304 -0.146894 -0.134692 0.187320 -0.224033 -0.361605 -0.300610 -0.016071 -0.002026 -0.014322 -0.143785 -0.072539 -0.132339 0.008768 0.028921 -0.086295 -0.003165 0.106416 -0.252773 -0.177602 -0.057277 -0.033398 -0.151675
0.064516 0.309517 -0.098727 0.021640 -0.109571 -0.025434 -0.063608 0.433947 0.150349 0.217684 0.374577 1.000000 0.512761 0.586375 0.058245 0.570606 0.180707 0.302348 -0.176082 -0.074020 -0.320284 -0.260631 -0.298068 -0.282719 -0.319206 -0.309991 -0.285537 -0.245363 0.248945 0.225166 -0.348455 -0.225635 -0.067045 0.121066 -0.270896 -0.101822 0.071690 0.069366 -0.107735 -0.135457 -0.145395 -0.020034 -0.141572 -0.113690 -0.171292 -0.291040 -0.297593 -0.216200 -0.268321 -0.293489 -0.348855 -0.194555 -0.033550 0.015034 0.091353 -0.191883 -0.149213 -0.162529 0.005300 -0.242569 0.150422 0.621455 -0.261486 0.119136 0.190646 0.571874 -0.447017 -0.165176 -0.301308 0.012929 -0.009764 0.005336 0.038943 0.169224 0.123880 0.008089 0.211003 0.176778 -0.018859 0.181289 -0.259168 -0.259267 -0.090543 -0.034058 -0.017033 0.104812 -0.186219 -0.025495 0.006236 0.115219 0.013170 -0.155958 0.342041 -0.017377 -0.169989 0.066755 -0.171474 -0.066081 -0.376827 -0.218357 0.301480 0.019614 0.121604 -0.038656 0.115190 0.067922 0.098205 0.094305 -0.078131 0.111089 0.028011 -0.274499 0.079288 0.047708 -0.042009 -0.052842
0.137495 -0.050980 0.442705 -0.093514 0.083360 0.002307 0.403926 0.304545 0.356450 0.248844 0.699154 0.512761 1.000000 0.497876 0.481586 0.444295 0.382086 0.122277 -0.208530 -0.254148 -0.179643 -0.194724 0.040923 -0.160409 -0.222774 -0.272398 -0.351120 -0.259598 0.166408 0.004477 -0.239658 -0.195738 -0.070348 0.132893 0.027445 -0.026680 0.125541 -0.126410 -0.052698 -0.245535 -0.110457 -0.070441 -0.230711 -0.278873 -0.158369 -0.259453 -0.372710 -0.273175 -0.116314 -0.392822 -0.334452 -0.429908 -0.119781 -0.092852 0.024498 -0.233580 -0.195721 -0.283036 0.283316 -0.393364 0.555135 0.394849 0.031559 0.003894 0.413056 0.278363 -0.232220 0.137128 -0.311810 0.060537 -0.083228 -0.017104 0.015771 0.044111 0.160176 0.102218 0.271764 0.190883 -0.097225 -0.001988 -0.232492 -0.223258 0.039236 -0.058480 -0.021431 -0.025232 -0.038447 -0.092837 0.226580 0.047186 -0.144408 -0.022478 0.190000 0.257224 -0.337686 -0.179507 -0.057614 -0.296945 -0.408159 -0.328122 0.154694 -0.008551 0.128542 -0.011147 0.014517 -0.000238 0.125607 0.067901 -0.329828 -0.016238 0.120159 -0.209742 -0.127498 0.027277 -0.086324 -0.137094
0.088898 0.371081 0.015419 -0.151098 -0.004433 -0.182786 0.086829 0.601667 0.344470 0.400333 0.180198 0.586375 0.497876 1.000000 0.269142 0.438929 0.412282 0.370609 -0.056435 -0.082114 -0.184377 -0.212013 -0.530672 -0.619989 -0.488665 -0.577757 -0.529198 -0.594791 0.232850 0.456619 -0.337767 -0.268247 0.219003 0.434207 -0.303646 -0.345176 0.048132 -0.016496 -0.274355 -0.133770 -0.123053 -0.019225 -0.081091 -0.043279 0.176845 -0.091473 -0.216313 -0.187792 -0.183851 -0.084004 -0.514283 -0.232526 -0.069579 -0.172553 0.006884 -0.093267 -0.113799 -0.111593 0.039035 -0.041220 0.270576 0.652575 0.048329 0.425912 0.073766 0.209128 -0.254632 -0.227552 -0.258493 0.022713 -0.198504 -0.123902 0.343924 0.126476 -0.010080 0.095751 0.196082 0.135622 -0.065920 0.179915 0.010089 -0.042241 -0.215138 0.088272 -0.127014 -0.174561 -0.308511 -0.312200 -0.066965 0.039339 -0.027473 -0.216270 0.085160 -0.270900 -0.413712 -0.085702 -0.194049 -0.156795 -0.195299 -0.234536 0.368109 -0.029715 0.272495 -0.067531 0.063909 -0.006052 0.030057 -0.112301 -0.169969 0.095777 -0.172113 -0.053975 0.039074 -0.024855 -0.130980 0.006577
0.252439 -0.198000 0.417750 -0.178232 0.524532 0.240882 0.444138 -0.002310 0.521218 0.230290 0.376389 0.058245 0.481586 0.269142 1.000000 0.285912 0.343637 0.080959 -0.145224 -0.240242 0.302786 0.223594 0.269942 0.116281 0.156468 0.084999 0.134080 0.071187 0.248676 0.001203 0.054277 0.058376 0.031409 0.054705 0.138086 0.039559 0.102802 0.005290 -0.021535 -0.226317 0.181902 -0.090472 -0.130085 -0.116904 0.043860 -0.096175 -0.288359 -0.309630 0.107350 -0.117646 -0.242421 -0.365486 -0.346542 -0.358536 -0.188585 -0.218886 0.011226 -0.139309 0.361347 -0.324915 0.498907 0.025171 0.248807 -0.012853 0.211838 -0.177118 0.137841 0.126257 -0.183896 -0.107389 0.017275 0.098319 0.302231 0.055514 0.276759 0.278885 0.158792 0.149950 -0.165997 0.045581 -0.013337 -0.012503 0.285056 0.263891 -0.186015 -0.177221 -0.111031 0.061049 0.137096 -0.329746 -0.334917 -0.137046 -0.164043 0.092260 -0.183792 -0.352044 0.024631 -0.040738 -0.291971 -0.422845 -0.230278 -0.207271 -0.176464 -0.170246 -0.238826 -0.146638 0.027305 0.028803 -0.060012 0.008305 -0.136782 -0.217734 -0.278777 -0.133995 -0.179597 -0.073248
-0.199408 0.022864 -0.020860 0.337662 0.159330 0.349667 -0.003290 0.541296 0.401452 0.583179 0.330194 0.570606 0.444295 0.438929 0.285912 1.000000 -0.006908 0.129264 -0.234894 -0.111725 -0.273472 -0.185958 -0.163173 -0.061327 -0.268454 -0.121485 -0.123365 -0.100339 -0.033193 0.135616 -0.277177 -0.166750 -0.241669 -0.007694 -0.098485 0.090171 0.102419 0.218348 0.032200 -0.006437 -0.140009 0.149946 -0.289628 -0.226670 -0.187523 -0.273711 -0.292133 -0.025119 -0.302992 -0.422560 -0.467429 -0.301927 -0.123197 -0.181579 -0.013083 -0.201603 -0.297646 -0.329032 -0.039548 -0.156827 0.129981 0.547813 -0.263588 -0.160161 0.248488 0.441201 -0.413788 -0.018333 -0.310168 0.070159 0.054130 0.137019 -0.109864 -0.009421 0.076502 -0.016382 0.075321 0.104999 -0.168494 -0.022941 -0.251046 -0.195449 0.207993 0.091389 -0.093897 0.027979 0.064663 0.154145 0.300290 0.113423 0.044018 0.004436 0.319603 0.140376 -0.161557 -0.125775 -0.041181 -0.204043 -0.382717 -0.309437 0.282840 -0.029548 0.038594 -0.109450 0.040534 0.072035 0.276263 0.100166 -0.174588 -0.064199 0.138882 -0.324428 -0.249759 -0.004181 -0.081749 -0.143769
0.433159 0.259741 0.140336 -0.408767 -0.031105 -0.347789 0.032651 -0.059702 -0.031410 -0.024762 0.396238 0.180707 0.382086 0.412282 0.343637 -0.006908 1.000000 0.440821 0.108163 0.045391 -0.196880 -0.201603 -0.293730 -0.427485 -0.279650 -0.459394 -0.290290 -0.354458 0.410267 0.413708 -0.213062 -0.308289 0.382852 0.319105 -0.159670 -0.306190 0.357410 -0.045413 -0.022526 -0.240181 0.067854 0.016767 -0.261333 -0.240512 0.055099 -0.268141 -0.104133 -0.285284 -0.076808 -0.087993 -0.290720 -0.325724 -0.207822 -0.287847 0.060420 0.108490 0.329944 0.302921 0.189498 -0.164022 0.348793 0.155218 0.458182 0.494190 -0.063041 -0.163228 0.106902 -0.284920 0.062866 0.060109 0.001111 -0.009424 0.455452 0.289239 0.248464 0.257894 0.446417 0.230343 0.282489 0.170852 0.323542 0.414132 -0.065939 0.138852 -0.002000 -0.109481 0.037668 -0.240147 -0.010869 0.008617 -0.246492 -0.143784 -0.126564 -0.167457 -0.236555 -0.107749 -0.012240 -0.128249 0.067194 0.017921 0.007217 0.026519 0.175322 -0.095410 -0.096643 -0.085632 -0.172069 -0.250248 -0.089518 0.153309 0.001683 0.096776 -0.000540 -0.086867 0.037982 0.166462
0.270031 0.253344 -0.100425 -0.241657 -0.076710 -0.222005 -0.012719 0.049706 -0.034179 -0.023068 0.157597 0.302348 0.122277 0.370609 0.080959 0.129264 0.440821 1.000000 0.106270 0.057031 -0.157564 -0.199266 -0.222565 -0.248057 -0.202558 -0.316386 -0.145462 -0.127800 0.480650 0.386168 -0.035665 -0.029317 0.239878 0.253524 -0.106405 -0.074183 0.220880 -0.052802 -0.121828 -0.122962 0.011371 0.013446 -0.076342 -0.062573 -0.041217 -0.117164 -0.198435 -0.216812 -0.240983 -0.053079 -0.274598 -0.164350 -0.159814 -0.236063 -0.001300 -0.008391 0.126974 0.168948 -0.103997 -0.213755 0.020302 0.221673 0.142890 0.330298 -0.000517 0.153567 -0.179790 -0.359337 -0.189297 -0.108270 0.073144 0.093738 0.393198 0.319838 0.117887 0.032839 0.310549 0.236272 0.287459 0.206316 0.185458 0.169796 -0.061453 0.219686 0.005644 0.066197 -0.008261 -0.082952 -0.021491 -0.072068 -0.161479 -0.152225 0.078443 -0.250923 -0.040897 0.004547 -0.250632 -0.118203 -0.038423 0.020686 0.095797 0.010179 0.064456 -0.169077 -0.132928 -0.043845 -0.132846 -0.142227 0.062658 0.184798 -0.157224 0.076617 -0.025963 -0.017380 -0.118489 0.021532
0.084827 0.299723 -0.092933 0.035825 -0.470141 -0.507402 -0.096263 -0.180366 -0.398228 -0.324001 0.003250 -0.176082 -0.208530 -0.056435 -0.145224 -0.234894 0.108163 0.106270 1.000000 0.528167 -0.216771 -0.161006 -0.005190 -0.042470 -0.226842 -0.216816 -0.271850 -0.207291 0.072066 0.167063 0.058567 0.041633 0.493739 0.322523 -0.182750 -0.079235 0.173513 -0.159912 0.048170 0.045919 0.087802 0.118833 0.029667 0.088148 -0.192008 -0.161933 0.072517 0.091879 -0.157670 -0.100921 0.000265 -0.076890 0.088723 0.155900 -0.004959 0.255480 0.125286 0.347160 -0.105139 -0.006397 -0.324933 -0.222105 0.236579 0.358481 -0.284087 -0.244348 -0.019243 -0.321514 0.352719 0.050199 -0.221917 -0.140187 0.270420 0.056175 0.119448 0.062522 0.164223 0.241102 0.109663 0.103220 0.315345 0.303716 0.038867 0.170265 0.082808 0.108227 0.091993 0.028355 -0.103208 0.086322 -0.083120 -0.150216 -0.066529 -0.183369 0.127420 0.177728 -0.039273 0.129841 0.119816 0.089860 0.157295 0.199053 -0.006719 -0.092630 -0.151466 -0.197624 -0.122061 -0.128757 -0.021507 0.041538 -0.093249 0.046156 0.074257 -0.040331 -0.031735 0.042992
-0.149015 0.384754 -0.322089 0.237871 -0.348127 -0.233930 -0.293173 0.014293 -0.377242 -0.066225 -0.142027 -0.074020 -0.254148 -0.082114 -0.240242 -0.111725 0.045391 0.057031 0.528167 1.000000 -0.268618 -0.229556 -0.247067 0.000449 -0.281695 -0.171743 -0.174527 -0.135051 0.029650 0.059986 -0.092493 -0.121743 0.277487 0.240502 -0.223065 -0.015127 -0.039913 -0.076394 -0.128423 -0.001861 -0.199071 0.273520 -0.240541 -0.161500 -0.226266 -0.273455 0.017152 0.181126 -0.399941 -0.187793 -0.217485 -0.180253 -0.054529 0.125484 0.037638 -0.114682 -0.021480 0.366863 -0.137881 0.057156 -0.357740 -0.022016 -0.017097 0.177567 -0.279528 -0.028862 -0.154908 -0.338154 0.471975 0.454303 0.042951 0.067017 0.054397 0.063469 -0.027356 0.035884 0.084080 0.128944 0.200425 -0.048010 0.303391 0.293806 -0.046390 -0.058832 0.209115 0.177384 0.049386 -0.082460 -0.024494 -0.011452 0.195009 0.152210 0.110907 -0.041679 0.236405 0.138260 -0.268199 -0.046019 0.118733 0.225858 0.348939 0.217668 0.206245 0.041969 0.018786 0.063680 -0.124816 -0.044387 0.038785 -0.086644 -0.135956 0.227180 0.180529 -0.042370 0.129839 -0.029147
0.000296 -0.180046 0.153145 -0.173188 0.564755 0.298198 0.384954 -0.171436 0.268573 -0.084246 -0.337123 -0.320284 -0.179643 -0.184377 0.302786 -0.273472 -0.196880 -0.157564 -0.216771 -0.268618 1.000000 0.718475 0.385546 0.233347 0.548101 0.302323 0.523758 0.410892 -0.010125 -0.245192 0.434273 0.291301 -0.107308 -0.115878 0.119084 0.128374 -0.339353 -0.091788 -0.089355 0.051701 0.270423 -0.285293 0.116910 0.116140 0.121643 0.200666 -0.042606 -0.247568 0.245276 0.190859 0.154919 0.061198 -0.287869 -0.243796 -0.201853 -0.091540 -0.040178 -0.002678 0.142148 0.095649 0.140943 -0.165426 -0.091493 -0.154072 0.071964 -0.145094 0.262644 0.219659 -0.019364 -0.195281 0.030942 0.024126 -0.040173 -0.073075 -0.044014 0.015994 -0.304593 -0.109025 -0.177648 -0.047634 -0.084370 -0.218434 -0.002014 -0.011807 -0.033902 -0.178652 -0.168036 0.073084 -0.092945 -0.294263 -0.196144 -0.151838 -0.199375 -0.114265 -0.025894 -0.197082 -0.104790 0.188176 0.007412 -0.164585 -0.353859 -0.257004 -0.310069 -0.149935 -0.134564 -0.103340 -0.128081 0.000880 0.209739 -0.071008 -0.248827 0.056598 0.009899 -0.017344 -0.053376 0.010812
-0.124058 -0.220405 0.106742 -0.049960 0.497098 0.428991 0.219478 -0.109730 0.127850 -0.056262 -0.226457 -0.260631 -0.194724 -0.212013 0.223594 -0.185958 -0.201603 -0.199266 -0.161006 -0.229556 0.718475 1.000000 0.376026 0.294406 0.554905 0.451789 0.537694 0.557304 -0.131490 -0.217670 0.460996 0.366541 -0.034926 0.062817 0.260014 0.238539 -0.290930 -0.053964 0.217260 0.291538 0.318002 -0.064646 -0.016559 0.085927 -0.032922 0.154007 -0.085502 -0.310916 0.096815 0.026077 0.123988 -0.009352 -0.251027 -0.294591 -0.008772 -0.128667 -0.008051 -0.020987 -0.045183 -0.111165 -0.006059 -0.230051 -0.167701 -0.259951 0.152542 -0.013531 0.138530 0.226780 -0.073277 -0.202538 -0.115544 -0.040980 -0.026955 -0.189933 -0.169626 -0.085171 -0.314424 -0.170911 -0.171553 0.031147 -0.015927 -0.125447 0.060352 0.078869 0.037485 0.019120 -0.030212 0.227750 0.101241 -0.380525 -0.369278 -0.208058 -0.109175 -0.122501 0.089426 -0.190459 0.096006 0.129474 -0.013502 -0.211270 -0.409592 -0.165239 -0.247514 0.054309 0.012424 0.009171 -0.155725 0.040695 0.221166 -0.016760 -0.273264 -0.008632 0.064245 0.015851 0.162807 -0.011232
0.135269 -0.486566 0.465915 0.172979 0.277946 0.273296 0.518835 -0.291146 0.183954 -0.283767 0.216120 -0.298068 0.040923 -0.530672 0.269942 -0.163173 -0.293730 -0.222565 -0.005190 -0.247067 0.385546 0.376026 1.000000 0.794449 0.724174 0.634734 0.485756 0.594878 0.074696 -0.540219 0.659232 0.618148 -0.211310 -0.237441 0.536827 0.528089 -0.079929 -0.151817 0.227863 -0.002359 0.223566 -0.117731 0.191010 0.112695 -0.222608 0.098146 -0.117552 -0.239821 0.231729 -0.087069 0.389553 -0.057914 -0.187874 0.079531 -0.201350 -0.178518 -0.062571 -0.154608 0.035214 -0.401258 0.007845 -0.563044 -0.127422 -0.490154 0.401801 -0.051267 0.076107 0.214612 -0.096005 -0.370860 -0.044830 0.158648 -0.227135 -0.157713 0.257948 0.069140 -0.037459 0.088053 -0.172818 -0.047713 -0.270161 -0.236060 0.358660 0.139379 0.074987 0.185236 0.054503 0.280889 0.103599 -0.327063 -0.376162 -0.195447 -0.173972 0.173724 0.128258 -0.192928 0.141309 0.050990 -0.234117 -0.306133 -0.465741 -0.288656 -0.506238 -0.208290 -0.317448 -0.260071 -0.179576 0.014558 0.212292 -0.092641 -0.066500 -0.349736 -0.282203 -0.029880 -0.137443 -0.141784
-0.034246 -0.484393 0.240740 0.416111 0.242183 0.385365 0.297046 -0.220857 0.127917 -0.185441 0.036031 -0.282719 -0.160409 -0.619989 0.116281 -0.061327 -0.427485 -0.248057 -0.042470 0.000449 0.233347 0.294406 0.794449 1.000000 0.654504 0.740333 0.538518 0.648126 -0.065691 -0.585126 0.590729 0.653714 -0.367633 -0.364882 0.427748 0.571235 -0.182401 -0.134989 0.195245 0.084404 0.068631 -0.069123 0.143837 -0.009565 -0.286191 0.042246 -0.192961 -0.001017 0.189394 -0.126475 0.427271 -0.017218 -0.081869 0.165928 -0.238890 -0.364133 -0.058892 -0.166025 -0.015359 -0.269422 -0.134178 -0.516248 -0.209280 -0.569769 0.281636 0.042776 0.033235 0.233133 0.000716 -0.119039 0.068498 0.205826 -0.379707 -0.242192 0.151714 -0.080579 -0.104207 -0.007802 -0.169511 -0.198734 -0.213830 -0.242742 0.367480 0.093315 -0.033941 0.159593 0.026697 0.353260 0.067713 -0.251520 -0.075608 0.071981 -0.041049 0.194718 0.345304 -0.231712 0.030447 -0.012463 -0.281109 -0.205321 -0.386100 -0.254785 -0.560064 -0.148472 -0.327734 -0.168425 -0.160293 0.090111 0.130501 -0.192044 -0.095839 -0.330936 -0.307952 -0.097762 -0.145429 -0.196767
0.091036 -0.372308 0.244429 0.052563 0.424767 0.426672 0.287869 -0.278752 0.150360 -0.250549 -0.187547 -0.319206 -0.222774 -0.488665 0.156468 -0.268454 -0.279650 -0.202558 -0.226842 -0.281695 0.548101 0.554905 0.724174 0.654504 1.000000 0.765652 0.652689 0.720899 0.001445 -0.466876 0.614966 0.557226 -0.291665 -0.301451 0.483325 0.484690 -0.217233 -0.155917 0.224875 0.023185 0.250286 -0.222565 0.253152 0.061204 -0.017342 0.217910 -0.109874 -0.268620 0.362337 0.096675 0.432272 0.129599 -0.218843 -0.025857 -0.198576 -0.205763 -0.002721 -0.064307 0.057472 -0.233136 -0.032748 -0.461796 -0.241659 -0.476430 0.153677 0.035797 0.284597 0.332753 -0.147077 -0.345471 0.049947 0.148943 -0.172426 -0.208034 0.165259 -0.043307 -0.136836 -0.066777 -0.216374 -0.073730 -0.307836 -0.295765 0.038393 -0.048155 -0.095535 0.041700 -0.148009 0.168897 -0.133153 -0.392295 -0.295968 -0.119569 -0.226815 -0.018726 0.256837 -0.198349 0.057705 0.137779 -0.064914 -0.181935 -0.515987 -0.327144 -0.502259 -0.122757 -0.221525 -0.142246 -0.295911 -0.081984 0.211403 -0.024584 -0.033638 -0.184508 -0.105630 -0.037273 -0.055216 0.018252
-0.175238 -0.561459 0.193539 0.251747 0.333644 0.443543 0.140829 -0.191885 0.068301 -0.049001 -0.167687 -0.309991 -0.272398 -0.577757 0.084999 -0.121485 -0.459394 -0.316386 -0.216816 -0.171743 0.302323 0.451789 0.634734 0.740333 0.765652 1.000000 0.636109 0.769617 -0.161417 -0.503453 0.555030 0.614976 -0.347962 -0.308330 0.483467 0.584915 -0.245497 -0.004167 0.254492 0.099675 0.064891 0.010731 0.172833 0.068684 -0.107123 0.194459 -0.072061 0.003194 0.213768 -0.048286 0.391959 0.049072 -0.134921 0.031747 -0.132447 -0.285703 -0.145841 -0.221924 -0.185424 -0.349064 -0.182355 -0.475975 -0.361979 -0.598295 0.189394 0.136171 0.131441 0.452127 -0.080106 -0.154064 0.161735 0.193066 -0.244390 -0.215512 0.085485 0.008902 -0.123424 -0.064511 -0.143355 -0.086313 -0.322808 -0.283384 0.061543 -0.104716 -0.107046 0.080155 -0.064165 0.248801 0.025562 -0.337760 -0.155982 0.044314 -0.082167 0.080473 0.380002 -0.148123 0.226209 0.130998 -0.140381 -0.106253 -0.383883 -0.278693 -0.412439 0.060218 -0.133003 -0.026781 -0.147470 0.040061 0.128408 -0.040330 0.110538 -0.269694 -0.045472 -0.008268 0.040403 -0.027666
0.004542 -0.359933 0.092957 0.036183 0.500917 0.488712 0.165863 -0.385585 0.073050 -0.200414 -0.165538 -0.285537 -0.351120 -0.529198 0.134080 -0.123365 -0.290290 -0.145462 -0.271850 -0.174527 0.523758 0.537694 0.485756 0.538518 0.652689 0.636109 1.000000 0.789069 -0.003573 -0.219963 0.520822 0.402482 -0.305144 -0.364067 0.373985 0.352736 -0.123449 0.036561 0.364254 0.127514 0.225472 0.042232 -0.011511 -0.071349 -0.179842 -0.015295 -0.106384 -0.206853 0.143835 -0.044070 0.325789 -0.022624 -0.244725 -0.193265 -0.091665 -0.195881 0.141048 0.057438 0.018667 -0.098340 -0.031913 -0.367648 -0.200333 -0.369400 0.115437 -0.036114 0.239499 0.258646 -0.002747 -0.310448 0.127385 0.155111 -0.051328 0.000898 0.125497 0.006332 -0.144510 -0.099767 -0.171314 -0.083780 -0.160414 -0.108130 0.209841 0.093923 -0.005738 -0.009455 0.125338 0.394533 0.051968 -0.248199 -0.250627 -0.105625 -0.197499 -0.001647 0.213533 -0.137386 0.133367 0.092619 -0.198787 -0.085950 -0.524168 -0.274751 -0.453567 0.025910 -0.118575 0.030025 -0.045687 0.051241 0.152607 -0.049807 -0.030322 -0.116319 -0.102531 -0.054583 0.063691 0.042070
-0.053160 -0.422582 0.064108 0.149355 0.305264 0.509426 0.092717 -0.257329 -0.055381 -0.214760 -0.097362 -0.245363 -0.259598 -0.594791 0.071187 -0.100339 -0.354458 -0.127800 -0.207291 -0.135051 0.410892 0.557304 0.594878 0.648126 0.720899 0.769617 0.789069 1.000000 -0.057212 -0.443101 0.494220 0.466559 -0.381061 -0.343803 0.426509 0.548816 -0.120521 -0.039580 0.359119 0.171752 0.156651 0.059160 0.025677 -0.086904 -0.226742 0.011446 -0.126402 -0.222606 0.186491 -0.087966 0.392521 0.091783 -0.196873 -0.097842 -0.109121 -0.315213 0.076011 0.014136 -0.085326 -0.264092 -0.124151 -0.362104 -0.330587 -0.487456 0.131366 0.182850 0.129619 0.293790 -0.005183 -0.191109 0.073084 0.175519 -0.245188 -0.121017 0.112530 0.003295 -0.167308 -0.044902 -0.035722 -0.065129 -0.194100 -0.157616 0.109889 -0.053711 0.048596 0.111232 0.107396 0.404035 0.069286 -0.384135 -0.263540 -0.056944 -0.076834 0.057144 0.307764 -0.231666 0.138128 0.038392 -0.195641 -0.043919 -0.404493 -0.273715 -0.438509 0.030731 -0.132579 -0.013992 -0.131191 0.003677 0.148713 -0.052116 -0.027814 -0.202272 -0.054262 0.023349 0.053372 -0.046380
0.331760 0.070260 0.061538 -0.375897 -0.005118 -0.271034 0.132221 -0.174050 0.050636 -0.245428 0.288673 0.248945 0.166408 0.232850 0.248676 -0.033193 0.410267 0.480650 0.072066 0.029650 -0.010125 -0.131490 0.074696 -0.065691 0.001445 -0.161417 -0.003573 -0.057212 1.000000 0.313599 0.125642 0.097019 0.141597 0.079782 -0.005241 -0.123633 0.319525 -0.053397 -0.146353 -0.172618 0.212490 -0.197388 0.070135 -0.013945 -0.115459 -0.222609 -0.056221 -0.349439 -0.045756 -0.048505 0.006914 -0.134051 -0.293471 -0.018273 -0.175369 -0.116253 0.129948 0.063759 0.057408 -0.351549 0.043191 -0.028361 0.079085 0.239447 0.051787 0.046175 -0.135829 -0.440311 -0.099783 -0.145546 0.075872 0.233474 0.429474 0.346555 0.401749 0.193455 0.303333 0.347745 0.292333 0.367725 0.174612 0.242184 0.103874 0.284963 0.273018 0.282029 -0.111477 -0.089564 -0.210267 -0.323934 -0.235578 -0.209970 -0.100243 -0.088746 -0.184150 -0.057663 -0.174911 -0.013191 -0.240439 -0.143775 -0.030213 -0.075422 -0.097543 -0.209496 -0.148949 -0.052188 -0.257578 -0.224907 0.146801 0.163839 -0.234349 -0.133285 0.017163 0.110001 -0.026566 0.125673
0.048737 0.350458 -0.300274 -0.244623 -0.143165 -0.327508 -0.290186 0.067515 -0.007099 0.069610 -0.006673 0.225166 0.004477 0.456619 0.001203 0.135616 0.413708 0.386168 0.167063 0.059986 -0.245192 -0.217670 -0.540219 -0.585126 -0.466876 -0.503453 -0.219963 -0.443101 0.313599 1.000000 -0.224663 -0.235018 0.300319 0.324611 -0.277574 -0.481626 0.344798 0.182505 -0.000000 -0.045513 0.050854 0.150388 -0.131193 -0.070428 0.131800 -0.174520 0.135369 -0.122168 -0.281708 0.079107 -0.307720 -0.140669 -0.089527 -0.139377 0.191061 0.279259 0.130633 0.173302 -0.178534 0.021068 -0.087482 0.275341 0.146914 0.480520 -0.208281 -0.059951 -0.163751 -0.458456 -0.067206 0.002034 -0.072417 -0.029891 0.571410 0.271335 -0.031209 0.116027 0.200071 0.082252 0.265139 0.271806 0.299076 0.436373 -0.104627 0.365689 0.071303 0.132793 0.024390 -0.107594 -0.091301 0.173216 -0.075829 -0.241331 -0.038371 -0.340062 -0.174110 0.065115 -0.058626 -0.047515 0.036544 0.071160 0.228310 0.217835 0.307301 0.006714 0.141584 0.098535 0.145655 -0.173523 -0.131617 0.129115 -0.060768 0.152165 0.148313 0.062796 0.113217 0.163918
0.048026 -0.415144 0.393200 0.141754 0.220532 0.121534 0.469311 -0.136691 0.096814 -0.198202 -0.090318 -0.348455 -0.239658 -0.337767 0.054277 -0.277177 -0.213062 -0.035665 0.058567 -0.092493 0.434273 0.460996 0.659232 0.590729 0.614966 0.555030 0.520822 0.494220 0.125642 -0.224663 1.000000 0.825728 -0.039670 0.063113 0.475856 0.493709 -0.099080 -0.133144 0.142452 0.184190 0.248241 -0.052237 0.226689 0.164896 -0.194741 0.128897 -0.103131 -0.252017 0.078622 -0.056597 0.289456 -0.073902 -0.278144 -0.029303 -0.248574 -0.194385 0.061587 0.004033 -0.237277 -0.307832 -0.136995 -0.486802 -0.096529 -0.216149 0.326232 -0.024343 0.051288 0.085352 -0.091661 -0.500116 -0.012681 0.171319 -0.002508 -0.071394 0.112512 0.096434 0.007229 0.145462 -0.037602 0.058321 -0.062779 0.009598 0.141126 0.311702 -0.003111 0.183561 -0.145104 0.186903 -0.094173 -0.349905 -0.410871 -0.363266 -0.315295 -0.219591 0.138661 -0.251224 -0.004483 0.022748 -0.285377 -0.336729 -0.434305 -0.283543 -0.505906 -0.203068 -0.353164 -0.252878 -0.371608 -0.106304 0.181354 -0.136609 -0.307761 -0.357852 -0.224690 -0.188032 -0.241080 -0.137715
-0.105202 -0.508158 0.337613 0.335069 0.213607 0.190182 0.405757 0.079887 0.178606 -0.072563 -0.122434 -0.225635 -0.195738 -0.268247 0.058376 -0.166750 -0.308289 -0.029317 0.041633 -0.121743 0.291301 0.366541 0.618148 0.653714 0.557226 0.614976 0.402482 0.466559 0.097019 -0.235018 0.825728 1.000000 -0.228185 0.099041 0.455851 0.479486 -0.119329 -0.084488 0.145241 0.193713 0.134914 -0.054591 0.293253 0.220842 -0.184810 0.173901 -0.197188 -0.160751 0.004583 -0.090054 0.259267 -0.119303 -0.240253 0.044539 -0.226491 -0.253432 -0.084144 -0.235639 -0.345041 -0.450047 -0.237092 -0.384552 -0.276246 -0.353951 0.362697 0.121069 -0.205655 0.057329 -0.233883 -0.363688 -0.031845 0.230909 -0.060716 -0.153911 0.113614 0.036524 0.044048 0.155742 -0.033697 0.021986 -0.185983 -0.105708 0.094727 0.297713 -0.032024 0.208174 -0.129329 0.179776 -0.107744 -0.346660 -0.309369 -0.307975 -0.124579 -0.201014 0.207700 -0.215798 -0.069515 0.039452 -0.356039 -0.388540 -0.367248 -0.313579 -0.541426 -0.180583 -0.322331 -0.216580 -0.300135 -0.014531 0.154772 -0.045342 -0.332561 -0.429979 -0.184591 -0.133044 -0.223455 -0.200974
0.252012 0.447811 -0.005543 -0.294777 -0.280890 -0.554058 -0.129642 -0.127558 -0.237538 -0.209043 0.052633 -0.067045 -0.070348 0.219003 0.031409 -0.241669 0.382852 0.239878 0.493739 0.277487 -0.107308 -0.034926 -0.211310 -0.367633 -0.291665 -0.347962 -0.305144 -0.381061 0.141597 0.300319 -0.039670 -0.228185 1.000000 0.563630 -0.078334 -0.199025 0.153003 -0.087666 -0.103323 -0.007332 0.005280 0.085202 -0.116739 0.109423 0.083721 0.033539 0.051978 -0.162580 -0.129534 0.126266 -0.110925 -0.056186 -0.040006 -0.073465 0.093264 0.352630 0.164456 0.440761 0.028978 0.084455 0.062185 0.004499 0.408120 0.548153 -0.124736 -0.285300 0.275941 -0.216411 0.274692 0.039341 -0.214027 -0.314029 0.414790 0.085251 -0.035607 0.129562 0.095385 -0.040196 0.159693 0.277966 0.401451 0.294661 -0.144529 0.094439 0.047991 -0.025743 0.014447 -0.109164 -0.011583 0.046666 -0.324263 -0.287914 -0.225275 -0.260119 -0.225644 0.076628 0.045706 0.031541 0.258046 -0.005713 0.060105 0.188521 0.245392 -0.024654 -0.043022 -0.133823 -0.198401 -0.232838 -0.006671 0.090865 -0.116352 0.153066 0.091154 -0.159801 -0.027386 0.037045
-0.098347 0.195492 0.058301 -0.137039 -0.210268 -0.360394 0.081337 0.346710 -0.076403 0.165779 0.058049 0.121066 0.132893 0.434207 0.054705 -0.007694 0.319105 0.253524 0.322523 0.240502 -0.115878 0.062817 -0.237441 -0.364882 -0.301451 -0.308330 -0.364067 -0.343803 0.079782 0.324611 0.063113 0.099041 0.563630 1.000000 -0.029765 -0.024993 0.068276 -0.030480 0.001515 0.054193 -0.038680 0.188988 -0.123380 0.116760 -0.008356 0.023564 -0.202345 -0.203549 -0.370857 -0.152474 -0.348668 -0.286541 -0.173143 -0.188231 0.088935 0.109453 -0.021310 0.145626 -0.209947 -0.207973 0.080774 0.215599 0.127388 0.395536 0.144610 0.048912 -0.211022 -0.239547 -0.013645 0.041838 -0.247754 -0.132403 0.341011 0.065261 -0.102353 0.173945 0.155782 0.193694 0.176894 0.168736 0.195241 0.262979 -0.276489 0.234404 0.047791 0.002369 -0.100219 -0.186571 0.007530 -0.088919 -0.382624 -0.412573 -0.132597 -0.380874 -0.243380 -0.070910 -0.097296 -0.109518 -0.051628 -0.254330 0.157212 0.068939 0.199450 -0.080757 -0.016282 -0.082902 -0.165301 -0.130464 -0.105240 0.027405 -0.274385 0.005474 0.121467 -0.106048 0.024402 -0.072738
0.060721 -0.348227 0.306775 0.179970 0.202452 0.135451 0.217063 -0.075319 0.091142 0.018053 0.141777 -0.270896 0.027445 -0.303646 0.138086 -0.098485 -0.159670 -0.106405 -0.182750 -0.223065 0.119084 0.260014 0.536827 0.427748 0.483325 0.483467 0.373985 0.426509 -0.005241 -0.277574 0.475856 0.455851 -0.078334 -0.029765 1.000000 0.559575 0.049260 0.032679 0.221713 0.184063 0.021515 0.142659 -0.046098 0.036515 -0.145184 0.198519 -0.033737 -0.091762 0.012552 -0.089812 0.111420 -0.174270 -0.314602 -0.132417 -0.184300 -0.093346 -0.009356 -0.154731 0.057637 -0.329657 0.124460 -0.283643 -0.044794 -0.257197 0.422033 0.083437 0.087448 0.279734 -0.101205 -0.403158 -0.136460 0.034328 -0.129754 -0.081581 0.114039 0.091317 -0.038914 -0.042543 -0.120859 0.000717 -0.203798 -0.133785 0.188371 0.140870 0.040891 0.208072 0.027574 0.231980 0.140814 -0.304540 -0.410876 -0.180442 -0.207394 -0.011400 0.060097 -0.264347 0.133949 -0.214225 -0.145053 -0.289336 -0.525133 -0.345343 -0.291697 -0.073381 -0.199017 -0.045974 -0.200652 -0.105784 -0.045938 -0.160471 0.099606 -0.167964 -0.283372 -0.161105 -0.121349 -0.234478
-0.283766 -0.365076 0.220398 0.315508 0.187791 0.272255 0.162337 -0.029029 -0.070114 0.017252 0.013808 -0.101822 -0.026680 -0.345176 0.039559 0.090171 -0.306190 -0.074183 -0.079235 -0.015127 0.128374 0.238539 0.528089 0.571235 0.484690 0.584915 0.352736 0.548816 -0.123633 -0.481626 0.493709 0.479486 -0.199025 -0.024993 0.559575 1.000000 -0.064739 0.029006 0.141630 0.123715 -0.038761 0.090278 0.036200 -0.006737 -0.207360 0.145669 -0.105269 -0.046511 -0.053472 -0.249221 0.112280 -0.117460 -0.182170 -0.059303 -0.158368 -0.402089 -0.273508 -0.118559 -0.175712 -0.312427 -0.129201 -0.285525 -0.247379 -0.393796 0.338832 0.283862 -0.083784 0.321702 0.032953 -0.196022 -0.007972 0.079796 -0.319798 -0.198386 0.037491 -0.041452 -0.100246 0.102258 0.030549 -0.020882 -0.173775 -0.137337 0.132446 -0.107987 0.062266 0.149634 -0.025977 0.184903 0.165703 -0.266599 -0.275519 -0.109106 -0.037660 0.005890 0.240897 -0.149163 0.068304 -0.094420 -0.310074 -0.280789 -0.261868 -0.245226 -0.341992 -0.095934 -0.248242 -0.070132 -0.317038 -0.094213 -0.004472 -0.197131 0.079606 -0.248410 -0.235371 -0.165184 -0.089599 -0.237448
