1.000000 0.523799 -0.177256 -0.135369 -0.173199 -0.199401 -0.004043 -0.283600 -0.001994 -0.193457 0.616900 0.306457 0.091872 0.193160 0.195958 0.047101 0.357272 0.149808 0.380131 0.474260 -0.205458 -0.440039 -0.202665 -0.154777 -0.388270 -0.594938 0.038568 -0.172116 0.094928 0.044412 -0.458923 -0.529755 0.025669 -0.182449 -0.090323 -0.104120 -0.064533 0.041121 -0.109523 -0.035403 -0.082835 -0.059448 -0.359782 -0.379858 -0.287127 -0.441551 -0.231375 -0.335333 0.152103 -0.266853 -0.076264 -0.017155 0.261049 -0.018504 0.201026 -0.135902 0.394809 0.358500 0.360202 0.102033 0.423544 0.097635 0.350759 0.055550 -0.080619 0.000558 -0.143054 -0.405743 0.151936 -0.061019 0.008425 -0.089116 0.092151 0.132323 0.245115 -0.002284 0.340344 0.060420 -0.149870 -0.009308 0.158804 -0.022567 0.020378 0.101638 0.238902 0.267106 0.049741 0.253507 0.068241 0.201994 0.037264 -0.004485 0.127476 0.040416 -0.092539 -0.189916 -0.340257 -0.110435 0.067884 0.054793 0.164987 0.359068 -0.120584 0.098344 -0.111551 -0.163343 -0.232666 -0.122938 0.091154 0.025532 -0.269387 -0.123356 0.023089 0.088836 -0.063935 0.101855
0.523799 1.000000 -0.286428 -0.069617 -0.143633 -0.181886 -0.167673 -0.116655 0.045141 -0.130692 0.467557 0.333083 -0.109547 0.108132 0.185485 0.042611 0.387360 0.276984 0.283358 0.431982 -0.207379 -0.264508 -0.150507 -0.084240 -0.298859 -0.234283 -0.088724 -0.121750 0.044991 0.057547 -0.249371 -0.208036 0.087667 -0.135750 -0.197816 -0.158489 -0.069135 -0.173685 -0.137386 -0.044720 -0.089739 0.003556 -0.298020 -0.313374 -0.209376 -0.286056 -0.131516 -0.269122 0.036319 -0.080608 -0.075035 0.008354 0.202032 -0.034153 0.060697 -0.045668 0.269278 0.520887 0.092564 0.209534 0.133359 0.087641 0.264266 0.231519 -0.018831 -0.105248 -0.165829 -0.234523 0.148631 0.082157 -0.043000 -0.147182 0.083081 0.104680 0.122898 -0.052624 0.091907 -0.016153 0.000502 0.184084 0.119778 0.177100 -0.008747 0.053937 0.136788 0.241653 0.009966 0.084624 0.013838 0.008857 -0.078390 -0.059004 -0.071840 -0.028747 -0.190022 -0.165029 -0.280069 -0.080344 0.017110 -0.086861 0.088538 -0.036055 -0.040379 -0.034842 -0.093510 -0.124862 -0.236875 -0.201021 -0.003749 0.050125 -0.246165 -0.091897 0.132503 0.072103 -0.213003 0.126297
-0.177256 -0.286428 1.000000 -0.010344 0.337329 -0.200338 0.524177 0.422564 0.403532 0.311248 -0.118917 -0.034708 0.091320 0.083339 -0.112989 -0.023260 -0.131734 -0.388718 0.143071 -0.306080 0.036579 0.132011 0.039537 -0.003476 0.218949 0.188370 -0.232181 -0.095913 -0.081443 0.006377 0.331498 0.334422 -0.236728 -0.029558 0.167361 -0.023246 -0.452180 -0.129947 -0.284206 -0.122907 -0.447852 -0.332075 -0.140632 -0.079078 0.113535 0.029671 -0.145739 -0.011468 0.191049 0.017126 0.224976 -0.026994 -0.110713 -0.077483 -0.267660 -0.055145 -0.516717 -0.512798 0.397015 0.093030 0.311442 0.182780 -0.042305 -0.139742 0.489195 0.297430 0.142376 0.313181 -0.363866 0.071852 -0.048815 -0.164013 -0.235546 -0.121925 -0.074320 -0.010882 -0.152596 -0.088298 -0.211219 -0.213483 -0.417682 -0.343605 -0.399672 -0.506601 -0.490411 -0.274040 -0.363129 -0.473674 -0.021311 -0.057492 -0.070763 0.001395 -0.035986 0.066010 0.060864 0.136688 0.068957 -0.032265 -0.184068 -0.193103 -0.061342 0.037215 -0.062402 -0.136596 0.079796 -0.022871 0.202233 0.090970 0.120803 0.174092 0.024954 -0.352427 -0.059435 -0.046664 0.097039 0.128316
-0.135369 -0.069617 -0.010344 1.000000 -0.104059 0.183362 -0.263890 0.102100 0.029367 -0.004297 -0.335778 0.185657 -0.527438 -0.162656 -0.049681 0.128137 -0.244178 -0.325302 0.075356 0.119950 -0.073610 0.371771 0.534586 0.713477 0.281123 0.612667 -0.030674 0.337192 -0.356929 -0.312168 0.330618 0.376790 -0.107014 0.093750 -0.112085 -0.103124 0.024332 0.087194 -0.017697 -0.035559 0.138506 0.076930 -0.056132 0.051549 -0.023493 0.223430 0.016782 0.051808 -0.213958 0.037791 0.019713 -0.134296 -0.199947 -0.080051 -0.263107 -0.080371 0.130867 0.097811 -0.341254 -0.071113 -0.403855 -0.381782 -0.255176 -0.183098 0.162480 0.004366 -0.175764 0.197944 -0.178216 -0.175680 -0.030803 -0.042004 -0.355636 -0.181146 -0.156727 -0.094032 -0.122131 0.039879 -0.041158 -0.111410 -0.165339 -0.094266 0.050457 0.415985 0.017164 0.283131 0.040307 0.118186 0.241976 -0.063563 -0.206291 -0.135811 0.120752 -0.256790 0.085614 0.031695 -0.006106 0.000538 0.043072 -0.060877 -0.422259 -0.244736 -0.125465 -0.112579 -0.149362 -0.013510 0.006758 -0.120125 0.012113 0.040013 0.132597 0.152993 -0.055137 0.105572 0.090812 -0.086972
-0.173199 -0.143633 0.337329 -0.104059 1.000000 0.416010 0.449758 0.254883 0.585966 0.735808 0.129964 0.235568 0.090639 0.268690 0.236153 0.347808 0.007432 -0.119671 -0.099365 0.011937 0.206585 0.201011 0.101252 0.070025 0.281161 0.253188 0.397738 0.236070 0.061619 0.000005 0.121345 0.253449 -0.066594 0.230892 0.166265 0.067629 -0.088092 -0.113524 -0.006971 -0.074891 -0.255042 0.001250 -0.334665 -0.363296 -0.377730 -0.299879 -0.377346 -0.225055 -0.336892 -0.463763 -0.296977 -0.302622 -0.215315 -0.153297 -0.016547 -0.275387 -0.265922 -0.316087 0.134345 -0.274054 0.269811 0.203784 -0.114668 -0.081009 0.477777 0.214791 -0.146082 0.118458 -0.158609 0.170984 0.186204 0.057770 -0.005996 -0.031785 0.016406 0.050490 0.021979 0.062688 -0.070693 -0.080401 -0.063919 -0.186455 0.062133 -0.066996 -0.276690 -0.268024 -0.283525 -0.396403 0.203424 0.053708 0.169160 0.238609 0.285161 0.217096 0.050142 0.104568 -0.300044 -0.173361 -0.362022 -0.209235 0.124253 -0.050482 -0.032207 -0.124237 0.104692 0.148400 0.147094 0.188993 0.062964 0.212296 -0.104923 -0.228862 -0.061460 -0.073111 -0.133566 -0.019695
-0.199401 -0.181886 -0.200338 0.183362 0.416010 1.000000 -0.102165 -0.122945 -0.035858 0.384690 -0.148692 -0.208394 -0.204117 -0.108704 0.143071 0.207193 -0.258020 -0.138671 -0.111481 0.119890 0.094888 0.297251 0.357812 0.109372 0.428511 0.311790 0.671868 0.643437 -0.188281 -0.414829 -0.092342 0.019799 -0.014920 0.165530 0.215181 0.242887 0.164943 0.064728 0.210322 0.175767 0.190491 0.049856 0.052461 -0.030034 -0.166476 0.042227 -0.115074 -0.017346 -0.270482 -0.277877 -0.100515 -0.167973 -0.065642 -0.074174 0.182107 -0.122076 0.071639 -0.033463 -0.065644 -0.344731 -0.197574 -0.257277 -0.424411 -0.361156 0.021285 0.287450 -0.102547 0.211037 0.022451 0.059415 0.112843 0.033497 -0.168044 -0.161557 -0.096568 -0.108987 -0.046688 -0.020184 0.041349 -0.161486 0.093603 -0.140035 0.323171 0.108521 0.016753 -0.096769 0.214607 0.040705 0.426750 0.053258 0.072851 0.168734 0.116741 0.106721 0.286067 -0.085117 0.025828 0.033589 -0.106473 -0.013925 -0.075313 -0.034684 -0.056216 0.153319 0.083376 0.231534 0.081935 0.233354 -0.006821 0.046788 0.255709 0.183686 -0.191615 0.031777 -0.019183 -0.004992
-0.004043 -0.167673 0.524177 -0.263890 0.449758 -0.102165 1.000000 0.459196 0.599970 0.489131 0.173990 0.317766 0.533778 0.474579 0.206475 0.452245 0.008114 -0.215416 0.081584 -0.209777 0.176705 -0.201943 -0.045278 -0.097452 -0.101223 -0.038167 -0.013739 -0.171152 0.182521 0.155923 0.147216 0.158370 -0.153972 0.121829 -0.113304 -0.177007 -0.397974 -0.249973 -0.400342 -0.295162 -0.461266 -0.230236 -0.176750 -0.206731 -0.178940 -0.273509 -0.221344 -0.180746 0.027364 -0.221853 0.012934 -0.181228 -0.126836 -0.089342 -0.153933 -0.180023 -0.522866 -0.442804 0.249295 -0.169807 0.584312 0.436170 0.242237 0.092649 0.608653 0.345359 -0.163379 -0.079270 -0.277899 -0.114704 0.102005 -0.063591 -0.006019 0.034815 0.102809 0.130631 0.176814 0.040319 -0.241973 -0.255227 -0.342322 -0.317264 -0.137299 -0.266260 -0.252019 -0.175877 -0.157164 -0.414375 0.201080 0.056088 0.091924 0.104718 0.225663 0.156577 -0.266005 0.027280 -0.252847 -0.244386 -0.270431 -0.161140 0.058363 0.064662 -0.167712 -0.237794 -0.150470 -0.132304 0.106956 -0.075982 0.065801 0.108277 -0.363947 -0.465647 -0.096762 -0.229089 -0.178804 0.137117
-0.283600 -0.116655 0.422564 0.102100 0.254883 -0.122945 0.459196 1.000000 0.216890 0.453921 -0.044991 0.295624 0.307127 0.465933 -0.279649 0.293126 -0.047401 -0.389112 0.255929 -0.168110 -0.036840 0.047238 -0.257357 0.072330 -0.142671 0.335650 -0.272691 -0.340217 0.096476 0.162328 0.407798 0.531784 0.007653 0.135139 -0.193576 -0.030978 -0.387378 -0.345326 -0.548869 -0.391954 -0.429923 -0.235398 -0.073375 -0.024443 0.049336 0.158696 -0.201920 -0.011995 -0.112655 0.171318 -0.087533 -0.028982 -0.274073 -0.180356 -0.588713 -0.191233 -0.338702 -0.427412 -0.187337 0.025219 0.169675 0.450758 0.191043 0.153598 0.304877 0.113699 -0.022037 0.272960 -0.269201 -0.009371 0.071462 -0.175723 -0.027332 -0.152999 -0.158772 -0.071114 -0.160896 -0.061973 -0.118844 -0.227131 -0.286353 -0.222430 -0.159643 -0.164432 -0.448163 -0.110766 -0.523289 -0.494762 -0.333102 -0.218268 0.026074 -0.112415 0.101273 -0.240690 -0.213299 -0.067605 -0.165610 -0.197592 -0.289576 -0.352374 0.132202 -0.184176 0.096249 -0.289637 0.017596 -0.011730 0.183216 -0.104788 -0.173893 0.028894 -0.252466 -0.179421 0.062530 -0.131488 -0.180523 0.023285
-0.001994 0.045141 0.403532 0.029367 0.585966 -0.035858 0.599970 0.216890 1.000000 0.628017 0.101471 0.449043 0.067364 0.233567 0.392945 0.378124 0.045396 -0.133881 0.063242 0.081288 0.032705 -0.124531 0.259289 0.269942 0.103579 0.108214 -0.053213 0.018208 -0.057108 0.018910 0.133409 0.188903 -0.176403 0.052850 -0.030902 -0.204878 -0.415954 -0.257321 -0.314182 -0.247512 -0.462213 -0.107512 -0.475914 -0.420002 -0.424562 -0.449548 -0.328822 -0.252307 -0.147763 -0.437486 -0.063236 -0.255269 -0.083171 -0.083940 -0.082339 -0.256397 -0.243514 -0.182279 0.270759 -0.133041 0.372612 0.135230 0.117678 0.109087 0.719134 0.221938 -0.188371 0.013335 -0.121854 0.018719 0.119280 -0.020875 -0.136191 0.136234 0.132105 0.145442 0.184230 0.099978 -0.240898 -0.124145 -0.375179 -0.312394 -0.165606 -0.096898 -0.271411 -0.070744 -0.203703 -0.331778 0.306853 0.160747 0.057445 0.193418 0.451763 0.282831 -0.251198 0.182802 -0.423519 -0.091859 -0.311996 -0.206571 -0.034722 0.003983 -0.256956 -0.098139 -0.042306 -0.059287 0.061019 -0.079363 0.031317 0.164678 -0.317125 -0.415141 -0.094037 -0.024727 -0.175679 0.020425
-0.193457 -0.130692 0.311248 -0.004297 0.735808 0.384690 0.489131 0.453921 0.628017 1.000000 0.051402 0.295562 0.108278 0.299610 0.224888 0.503366 -0.036856 -0.241243 -0.011086 -0.039648 0.128253 0.044405 0.134388 0.125242 0.198354 0.196827 0.153572 0.203477 -0.050594 -0.072019 0.142457 0.259243 -0.041458 0.150059 0.012273 0.045014 -0.276824 -0.261676 -0.187659 -0.081310 -0.378665 -0.163040 -0.292344 -0.281163 -0.292718 -0.143900 -0.300113 -0.154321 -0.231991 -0.298498 -0.086248 -0.179028 -0.120301 -0.086196 -0.070802 -0.190573 -0.239916 -0.315172 0.160472 -0.293261 0.282833 0.211093 -0.027739 -0.073838 0.533566 0.469550 -0.236661 0.157642 -0.197372 -0.008499 0.133794 -0.133488 -0.134262 -0.114740 0.015210 -0.020541 -0.043808 -0.050751 -0.174660 -0.154274 -0.228612 -0.329269 -0.000928 -0.098105 -0.366509 -0.176734 -0.197554 -0.283323 0.202680 0.130545 0.092976 0.104525 0.363089 0.117366 -0.078137 0.048225 -0.348250 -0.141394 -0.385961 -0.255260 0.057137 -0.076948 -0.187837 -0.139548 0.034068 0.043763 0.067513 -0.069085 -0.074936 0.180500 -0.189695 -0.176290 -0.145428 -0.112188 -0.169460 -0.026748
0.616900 0.467557 -0.118917 -0.335778 0.129964 -0.148692 0.173990 -0.044991 0.101471 0.051402 1.000000 0.396731 0.428011 0.389170 0.341438 0.267794 0.234639 0.146686 0.234334 0.273594 -0.104552 -0.280616 -0.258724 -0.261022 -0.354680 -0.413239 0.124028 -0.182325 0.324317 0.241518 -0.237104 -0.202185 0.062792 -0.105426 -0.078645 -0.132889 -0.011722 -0.067063 0.040990 -0.125859 -0.096023 -0.009319 -0.291151 -0.324068 -0.286822 -0.423940 -0.225960 -0.329785 -0.023561 -0.296287 -0.143614 -0.030866 0.255505 0.059454 0.247451 -0.069683 0.019652 0.175739 0.161217 -0.115858 0.354749 0.216072 0.233530 0.094096 0.011814 -0.051269 -0.312738 -0.474113 0.089812 -0.033328 -0.000096 -0.022538 0.180076 0.071011 0.153806 0.084374 0.198409 0.048024 -0.089080 0.019889 0.168082 0.019604 0.160242 0.058229 0.223192 0.188190 -0.095715 0.057647 -0.085354 0.154079 0.125680 0.003269 0.030577 0.064504 -0.092968 -0.145506 -0.225344 -0.188311 -0.061152 -0.033834 0.283559 0.194210 -0.091517 -0.034625 0.002829 -0.075007 -0.171066 -0.082947 0.155681 0.177974 -0.266506 -0.095613 0.074582 0.045075 -0.116941 0.081793
0.306457 0.333083 -0.034708 0.185657 0.235568 -0.208394 0.317766 0.295624 0.449043 0.295562 0.396731 1.000000 0.187744 0.540387 0.261897 0.450167 0.270995 -0.017564 0.194222 0.267796 -0.081976 -0.025806 0.014732 0.295455 -0.226110 0.100916 -0.163796 -0.152928 0.252671 0.313748 0.109840 0.241522 0.041086 0.209487 -0.302376 -0.317599 -0.173263 -0.170115 -0.228441 -0.174263 -0.193964 0.111439 -0.350644 -0.323684 -0.377701 -0.360768 -0.314655 -0.304023 -0.249208 -0.280261 -0.263252 -0.301938 -0.205222 -0.204810 -0.203628 -0.223900 -0.030645 -0.002365 -0.173688 -0.093207 0.344036 0.280360 0.405279 0.311756 0.442379 -0.049886 -0.386935 -0.281231 -0.128200 -0.183786 0.021788 -0.123290 0.144702 0.222029 0.217231 0.067477 0.253823 0.139666 -0.038093 0.024399 -0.080018 0.024424 0.097566 0.460098 0.069214 0.351223 -0.218520 -0.020655 0.118499 0.093408 -0.144973 -0.216887 0.268146 -0.301575 -0.245713 -0.133129 -0.428130 -0.243980 -0.275416 -0.371191 -0.040653 -0.243593 -0.211930 -0.407168 -0.284306 -0.279038 -0.071113 -0.235762 -0.001476 0.039661 -0.430555 -0.271784 -0.124027 -0.062857 -0.200129 -0.057810
0.091872 -0.109547 0.091320 -0.527438 0.090639 -0.204117 0.533778 0.307127 0.067364 0.108278 0.428011 0.187744 1.000000 0.683136 0.166462 0.423780 0.196154 0.168783 0.062775 -0.271692 0.092328 -0.272734 -0.410582 -0.513515 -0.280373 -0.281442 0.064165 -0.353090 0.587955 0.496633 0.015472 0.009730 0.147705 0.164209 -0.136056 -0.065389 0.044691 -0.082213 -0.067846 -0.112332 -0.124281 0.046425 -0.037889 -0.100079 -0.139451 -0.314841 -0.145385 -0.280047 0.033801 -0.159984 -0.146888 -0.031970 0.020402 -0.068367 0.127184 -0.008773 -0.314107 -0.305483 0.091148 -0.011571 0.571296 0.619546 0.379239 0.329540 0.074666 0.101837 -0.091967 -0.486904 0.025578 -0.062313 0.036742 0.104281 0.434473 0.179320 0.236635 0.223384 0.260304 -0.049146 -0.057586 -0.065834 0.054549 -0.065146 0.126375 -0.070053 0.118873 -0.002983 -0.106496 -0.065143 -0.144893 0.098582 -0.007795 -0.246084 -0.127431 -0.190194 -0.233414 -0.098020 -0.079896 -0.185710 -0.144006 -0.025079 0.198129 0.011836 0.010256 -0.267694 -0.211426 -0.291213 0.001211 -0.021161 0.128594 0.079413 -0.456606 -0.360099 0.055224 -0.051927 -0.109592 0.065416
0.193160 0.108132 0.083339 -0.162656 0.268690 -0.108704 0.474579 0.465933 0.233567 0.299610 0.389170 0.540387 0.683136 1.000000 0.202796 0.508877 0.214406 0.034415 0.205854 0.023689 -0.101582 -0.077185 -0.254758 -0.125224 -0.214555 0.013167 0.063881 -0.204197 0.489476 0.362642 0.129250 0.211721 0.040554 0.214262 -0.274512 -0.156948 -0.076967 -0.152184 -0.255258 -0.192627 -0.190864 0.140148 -0.330699 -0.343844 -0.379954 -0.356527 -0.463905 -0.356118 -0.254445 -0.297265 -0.413627 -0.340891 -0.226434 -0.308533 -0.131132 -0.351498 -0.135899 -0.137493 -0.108802 -0.060796 0.470948 0.594066 0.312637 0.329237 0.223786 0.051016 -0.309185 -0.314523 0.022018 0.047785 0.123915 0.012423 0.253979 0.147993 0.160946 0.148006 0.279287 0.084501 0.070269 -0.121519 0.112289 -0.104032 0.162385 0.222872 0.009682 0.065407 -0.354138 -0.176365 -0.057103 0.100099 -0.011844 -0.167501 0.082227 -0.204007 -0.243672 -0.117083 -0.285535 -0.165250 -0.223003 -0.304354 0.230855 -0.030242 0.009458 -0.352284 -0.203329 -0.138169 0.024914 -0.100858 0.002031 0.030288 -0.356430 -0.528861 -0.024285 -0.088082 -0.072600 0.071903
0.195958 0.185485 -0.112989 -0.049681 0.236153 0.143071 0.206475 -0.279649 0.392945 0.224888 0.341438 0.261897 0.166462 0.202796 1.000000 0.388019 -0.055311 0.204297 -0.140022 0.130141 0.026577 -0.019751 0.427919 0.155463 0.184870 -0.077706 0.293862 0.341499 0.037180 -0.119323 -0.004401 -0.159510 -0.079025 0.031003 -0.087378 -0.330835 0.091766 0.045784 0.180203 -0.032664 0.039248 0.165431 -0.307750 -0.245019 -0.444409 -0.389771 -0.151792 -0.308710 -0.050896 -0.439281 -0.001063 -0.170987 0.148270 0.077839 0.406874 -0.094230 -0.099548 0.133340 0.173352 -0.104872 0.190602 -0.054787 -0.173610 -0.050459 0.286229 0.223977 -0.354171 -0.422549 -0.001481 -0.048920 -0.104010 0.083213 -0.073053 0.102524 0.228874 0.044626 0.133684 -0.106186 -0.228607 0.011949 -0.099455 -0.231218 0.295858 0.224533 0.329379 0.202520 0.354711 0.188914 0.534006 0.299930 0.026961 0.028993 0.256014 0.202507 -0.215840 0.005046 -0.162596 -0.115138 0.038175 0.071882 -0.183660 -0.076254 -0.280036 -0.116399 -0.201244 -0.159700 -0.151171 -0.138035 0.145988 0.167685 -0.212779 -0.173270 -0.057415 0.174678 0.035087 -0.010421
0.047101 0.042611 -0.023260 0.128137 0.347808 0.207193 0.452245 0.293126 0.378124 0.503366 0.267794 0.450167 0.423780 0.508877 0.388019 1.000000 0.040297 -0.050799 -0.021107 -0.018782 0.170352 0.026776 0.086895 0.090130 0.061990 0.112847 0.216789 0.084849 0.230609 0.130889 0.075212 0.179989 0.015843 0.237317 -0.268133 -0.165539 0.052511 -0.003556 -0.082536 -0.098133 -0.150831 0.113874 -0.344927 -0.324436 -0.431075 -0.373497 -0.301655 -0.416428 -0.220843 -0.422465 -0.202688 -0.264156 -0.083187 -0.201159 0.080717 -0.173288 -0.181140 -0.071864 0.007748 -0.162714 0.370066 0.392992 0.155667 0.209159 0.378239 0.339318 -0.403762 -0.334608 -0.097924 -0.169653 0.068426 0.092371 0.067264 0.076924 0.244486 0.148950 0.188110 0.000265 -0.108889 -0.166829 -0.086150 -0.204717 0.146381 0.269525 -0.002855 0.113137 -0.032865 0.003078 0.325093 0.268586 -0.081756 -0.089463 0.260003 -0.141123 -0.209124 -0.059642 -0.365722 -0.227149 -0.237419 -0.073502 -0.054627 -0.198501 -0.130362 -0.269374 -0.276418 -0.226107 -0.018276 -0.114058 0.032217 0.158642 -0.413589 -0.194748 -0.079641 -0.116929 -0.138935 0.050683
0.357272 0.387360 -0.131734 -0.244178 0.007432 -0.258020 0.008114 -0.047401 0.045396 -0.036856 0.234639 0.270995 0.196154 0.214406 -0.055311 0.040297 1.000000 0.575873 0.128802 0.045036 0.011869 -0.249491 -0.366630 -0.347199 -0.310465 -0.221339 -0.182613 -0.345126 0.486079 0.433198 -0.073222 -0.075091 0.343607 0.185659 -0.031870 0.045855 0.138032 -0.168650 -0.069270 -0.001635 -0.090943 0.001284 -0.215761 -0.246825 -0.199976 -0.334809 -0.173878 -0.419523 -0.065810 -0.143853 -0.338186 -0.183718 -0.096859 -0.254262 0.012045 -0.091000 0.283908 0.180505 0.112495 0.159605 0.444393 0.339523 0.634999 0.511755 0.010382 -0.135537 0.081402 -0.342631 0.069047 0.017094 0.085411 -0.024935 0.595390 0.378229 0.352059 0.328513 0.403087 0.093706 0.285016 0.384375 0.409934 0.489892 0.049509 0.039113 -0.016363 -0.078740 -0.174519 -0.050768 -0.153256 -0.148526 -0.214161 -0.230562 -0.098895 -0.267797 -0.149872 -0.107513 -0.335276 -0.273258 -0.033015 -0.039321 0.186962 -0.112257 0.064326 -0.228227 -0.230893 -0.305085 -0.098523 -0.030963 0.154498 -0.022449 -0.436677 -0.029319 0.098879 -0.017109 -0.180015 -0.063643
0.149808 0.276984 -0.388718 -0.325302 -0.119671 -0.138671 -0.215416 -0.389112 -0.133881 -0.241243 0.146686 -0.017564 0.168783 0.034415 0.204297 -0.050799 0.575873 1.000000 -0.093310 -0.028862 0.045416 -0.122305 -0.201939 -0.366716 -0.140524 -0.263471 -0.023063 -0.189822 0.445402 0.371244 -0.098968 -0.145087 0.305304 0.177678 0.018249 0.056419 0.373960 0.082543 0.356640 0.176328 0.288995 0.246087 -0.039544 -0.045646 -0.127688 -0.248666 0.053811 -0.258920 -0.132378 -0.111669 -0.296702 -0.089104 0.020344 -0.029391 0.368163 0.091627 0.214514 0.349512 -0.038503 0.063290 0.158043 0.177288 0.327037 0.439168 -0.150267 -0.135981 -0.056631 -0.499048 0.225172 0.067266 -0.082765 0.262381 0.542211 0.263126 0.271679 0.252054 0.155379 0.012829 0.351118 0.486747 0.477245 0.544059 0.212123 0.163788 0.250765 -0.026713 0.157534 0.189378 -0.004911 0.047585 -0.244623 -0.235365 -0.229793 -0.233599 -0.110890 -0.005727 -0.114495 -0.194236 0.034727 0.048983 -0.028324 -0.239057 -0.046047 -0.172547 -0.203362 -0.264914 -0.159268 0.024096 0.164700 0.001164 -0.286827 0.022051 0.058402 -0.016956 -0.029418 -0.003927
0.380131 0.283358 0.143071 0.075356 -0.099365 -0.111481 0.081584 0.255929 0.063242 -0.011086 0.234334 0.194222 0.062775 0.205854 -0.140022 -0.021107 0.128802 -0.093310 1.000000 0.483452 -0.295483 -0.215622 -0.240752 -0.076315 -0.308606 -0.121726 -0.126797 -0.308415 0.156684 0.076228 -0.070812 -0.013070 0.172657 -0.070371 -0.154773 0.012747 -0.306228 -0.205516 -0.378820 -0.351967 -0.120020 -0.183960 -0.229922 -0.238319 0.001286 -0.135636 -0.250241 -0.291816 0.088617 0.038283 -0.077735 -0.056993 -0.067749 -0.138188 -0.215364 -0.147855 0.093277 0.038102 0.169632 0.283643 0.228464 0.168104 0.304829 0.149594 -0.017346 -0.125034 0.161641 0.027148 -0.078294 -0.036744 -0.075304 -0.233721 0.097291 -0.045005 -0.071261 -0.070701 -0.060908 -0.146971 -0.062352 -0.126913 0.042734 -0.042998 -0.056371 0.038487 -0.210728 0.023084 -0.248837 -0.079182 -0.189087 -0.120592 -0.042495 -0.053411 -0.010092 -0.139200 -0.093452 -0.086813 -0.336828 -0.174348 -0.121916 -0.212157 0.037244 0.165142 0.023584 0.140115 0.059379 0.009951 -0.021779 -0.059223 -0.009189 0.042152 -0.162631 -0.234034 -0.139633 0.001695 -0.170610 0.168969
0.474260 0.431982 -0.306080 0.119950 0.011937 0.119890 -0.209777 -0.168110 0.081288 -0.039648 0.273594 0.267796 -0.271692 0.023689 0.130141 -0.018782 0.045036 -0.028862 0.483452 1.000000 -0.159620 -0.155852 0.132251 0.235599 -0.164930 -0.163469 0.090468 0.067297 -0.089250 -0.134668 -0.255376 -0.202021 0.085722 -0.007115 -0.052786 -0.017586 -0.127122 -0.038355 -0.067373 -0.126155 0.041791 -0.002135 -0.267104 -0.242901 -0.223092 -0.204293 -0.189932 -0.166200 -0.158018 -0.159808 -0.222193 -0.209428 -0.056718 -0.114513 0.013989 -0.268219 0.289989 0.373052 -0.094728 0.001464 -0.079297 -0.232565 0.021475 -0.097640 -0.058397 -0.241440 -0.065258 0.016970 0.152874 0.118827 0.021022 -0.072080 -0.089129 -0.039463 -0.069463 -0.219597 -0.100108 0.031118 -0.079528 -0.029349 0.064812 -0.062965 0.112120 0.246448 0.189750 0.172446 0.013165 0.093936 0.118138 -0.116316 0.079656 0.135750 0.160470 0.086480 0.000869 -0.156558 -0.297355 -0.069104 -0.049949 -0.130815 0.007322 0.134593 -0.083051 0.251251 0.208367 0.212382 0.030413 -0.021212 -0.240400 -0.010535 0.079954 0.014112 -0.134897 -0.029467 -0.093988 -0.048684
-0.205458 -0.207379 0.036579 -0.073610 0.206585 0.094888 0.176705 -0.036840 0.032705 0.128253 -0.104552 -0.081976 0.092328 -0.101582 0.026577 0.170352 0.011869 0.045416 -0.295483 -0.159620 1.000000 0.103562 0.153334 -0.079595 0.128086 0.024069 0.118738 0.201882 0.160963 0.039341 0.093308 0.160292 -0.120976 0.235833 0.194142 0.209421 0.235126 0.233864 0.216447 0.245624 0.218038 0.195700 0.079354 0.108498 -0.043741 -0.072199 0.061880 -0.005463 -0.144419 -0.081912 -0.075920 -0.124756 -0.163290 0.038072 0.140437 0.148774 -0.224398 -0.269675 -0.109849 -0.296057 -0.012033 -0.032494 -0.134161 -0.232412 0.117341 0.102288 -0.181006 -0.137574 -0.018489 0.100358 0.207858 0.268187 0.077349 0.106793 0.048465 0.248886 0.107026 0.170680 -0.045972 0.097144 0.045459 -0.029777 0.263012 0.099484 0.094609 -0.138205 0.207244 -0.014874 0.185071 0.008193 -0.045149 -0.032833 -0.212573 -0.023672 0.257116 0.051545 0.066058 0.041678 -0.153413 0.164562 -0.160577 -0.133430 -0.070733 -0.080493 -0.087383 -0.138332 -0.017624 0.023197 0.102735 0.186249 -0.036163 0.095827 -0.110345 -0.001396 0.033927 -0.154574
-0.440039 -0.264508 0.132011 0.371771 0.201011 0.297251 -0.201943 0.047238 -0.124531 0.044405 -0.280616 -0.025806 -0.272734 -0.077185 -0.019751 0.026776 -0.249491 -0.122305 -0.215622 -0.155852 0.103562 1.000000 0.303449 0.278601 0.497001 0.577186 0.134891 0.308662 0.067189 -0.055254 0.284278 0.472110 -0.122996 0.129733 0.103853 -0.016850 0.207685 0.285809 0.249911 0.160365 0.338372 0.213693 0.020376 0.058724 -0.003349 0.141608 -0.136311 -0.000036 -0.335141 -0.090967 -0.235772 -0.326934 -0.377771 -0.268009 -0.186251 -0.139273 -0.179432 -0.117227 -0.359609 -0.051876 -0.330308 -0.081238 -0.350476 -0.075442 0.070248 -0.045120 -0.027815 0.248257 -0.065290 0.229677 0.028230 0.161334 -0.078588 -0.044082 -0.175133 -0.022833 -0.185321 0.128433 0.158312 -0.009396 0.160440 0.130387 0.279117 0.289322 -0.105322 -0.057788 -0.164528 -0.196004 0.098993 -0.097812 -0.253002 -0.074758 -0.123871 -0.066184 0.324429 0.142808 0.223753 0.178786 -0.070939 -0.125309 -0.233772 -0.306272 0.055882 -0.110297 0.141671 0.168327 0.153865 0.126491 0.001946 0.042298 0.333920 0.064123 -0.233020 0.051458 0.256629 -0.138007
-0.202665 -0.150507 0.039537 0.534586 0.101252 0.357812 -0.045278 -0.257357 0.259289 0.134388 -0.258724 0.014732 -0.410582 -0.254758 0.427919 0.086895 -0.366630 -0.201939 -0.240752 0.132251 0.153334 0.303449 1.000000 0.644235 0.558280 0.466231 0.169637 0.712580 -0.437983 -0.498284 0.254793 0.216541 -0.315439 0.077714 0.083067 -0.115426 -0.008662 0.155200 0.242017 0.110580 0.187338 0.110463 -0.025682 0.066870 -0.156696 0.094392 0.067538 0.034109 -0.190806 -0.174796 0.164808 -0.197277 -0.064625 0.031681 0.163984 -0.030477 -0.131024 0.011202 -0.124736 -0.310475 -0.356658 -0.594971 -0.540273 -0.435699 0.344316 0.186749 -0.312296 0.100028 -0.107378 -0.091418 -0.011014 0.101860 -0.489007 -0.077799 -0.088193 -0.002939 -0.070471 0.088428 -0.199764 -0.086937 -0.293018 -0.294412 0.233284 0.232039 0.215085 0.146793 0.452357 0.175951 0.686223 0.107467 -0.094629 0.039695 0.047060 0.123962 0.166805 0.111356 0.119453 0.067040 0.067663 0.031553 -0.571727 -0.110406 -0.345599 -0.036580 -0.071073 0.019293 0.030927 -0.044857 0.112109 0.219655 0.252535 0.001306 -0.209490 0.057558 0.204460 -0.028578
-0.154777 -0.084240 -0.003476 0.713477 0.070025 0.109372 -0.097452 0.072330 0.269942 0.125242 -0.261022 0.295455 -0.513515 -0.125224 0.155463 0.090130 -0.347199 -0.366716 -0.076315 0.235599 -0.079595 0.278601 0.644235 1.000000 0.232533 0.547177 -0.041895 0.375141 -0.469159 -0.409021 0.298706 0.384006 -0.433549 -0.058169 -0.061736 -0.189862 -0.162870 0.031427 -0.033174 -0.138230 0.033810 0.074014 -0.200881 -0.061754 -0.157699 0.148977 -0.065237 0.094778 -0.220569 -0.069885 0.029712 -0.185950 -0.153676 -0.036429 -0.270185 -0.239640 -0.001349 0.013570 -0.275779 -0.166324 -0.363363 -0.418813 -0.326907 -0.293044 0.306778 -0.007414 -0.211472 0.362791 -0.191372 -0.066662 0.027440 0.046666 -0.516830 -0.173023 -0.230334 -0.154359 -0.184405 0.158424 -0.161697 -0.228681 -0.353159 -0.294676 -0.004361 0.365620 -0.003537 0.187259 0.051450 0.032598 0.310781 0.034530 0.054882 0.154525 0.404775 0.051332 0.003481 0.042383 -0.143847 0.047245 0.025844 -0.187882 -0.314770 -0.185059 -0.182076 -0.010400 -0.034457 0.190238 0.130159 -0.175700 -0.152315 -0.076346 0.137249 0.022422 -0.149277 -0.030742 0.072651 -0.227062
-0.388270 -0.298859 0.218949 0.281123 0.281161 0.428511 -0.101223 -0.142671 0.103579 0.198354 -0.354680 -0.226110 -0.280373 -0.214555 0.184870 0.061990 -0.310465 -0.140524 -0.308606 -0.164930 0.128086 0.497001 0.558280 0.232533 1.000000 0.502402 0.266137 0.564767 -0.244599 -0.249027 0.299001 0.296085 -0.096261 0.149150 0.202116 0.069787 0.158782 0.154145 0.324706 0.253913 0.137412 0.068274 -0.047616 -0.014798 -0.071533 0.111217 -0.038280 -0.010567 -0.251698 -0.202587 -0.080993 -0.224499 -0.220877 -0.173644 0.150699 -0.000920 -0.121321 -0.130964 -0.043845 -0.195544 -0.340761 -0.289646 -0.607903 -0.354641 0.157890 0.268000 -0.003162 0.264206 0.000023 0.052507 -0.046035 0.134387 -0.210489 -0.105862 -0.079352 -0.029672 -0.103796 0.062468 0.116267 -0.019673 0.010934 -0.069929 0.132134 -0.047630 0.020077 -0.012624 0.184205 -0.039237 0.329833 -0.004176 -0.155421 -0.032807 -0.083470 0.109587 0.259814 0.300569 0.295204 0.112460 -0.081254 0.054853 -0.349591 -0.157308 -0.070139 -0.043897 0.019819 0.122701 0.127370 0.079246 0.109506 0.160004 0.328989 -0.025971 -0.210654 0.178291 0.167961 0.041030
-0.594938 -0.234283 0.188370 0.612667 0.253188 0.311790 -0.038167 0.335650 0.108214 0.196827 -0.413239 0.100916 -0.281442 0.013167 -0.077706 0.112847 -0.221339 -0.263471 -0.121726 -0.163469 0.024069 0.577186 0.466231 0.547177 0.502402 1.000000 0.016045 0.321290 -0.157434 -0.189558 0.636096 0.773901 -0.069437 0.350945 0.053081 0.008373 0.019653 -0.038195 0.027885 0.011309 0.114714 0.069836 0.006782 0.047803 -0.046930 0.249337 -0.097575 0.048111 -0.407721 -0.047162 -0.152511 -0.290760 -0.417656 -0.223219 -0.318400 -0.184898 -0.188583 -0.243820 -0.471642 -0.233092 -0.382813 -0.166296 -0.359784 -0.143040 0.329460 0.023892 -0.112521 0.383917 -0.136669 0.020917 0.025768 0.066096 -0.207005 -0.155323 -0.214369 -0.071029 -0.210209 0.046104 0.141880 -0.055985 -0.088347 0.004030 0.165778 0.225507 -0.136724 0.016492 -0.161218 -0.235020 0.132512 -0.206179 -0.220097 -0.107242 0.019034 -0.183564 0.095722 0.069438 0.107007 -0.022783 -0.107018 -0.166709 -0.268154 -0.407522 0.054223 -0.288488 -0.130494 0.115501 0.180507 0.032565 -0.002582 0.013851 0.215602 -0.025714 -0.070390 0.077028 0.053414 -0.053508
0.038568 -0.088724 -0.232181 -0.030674 0.397738 0.671868 -0.013739 -0.272691 -0.053213 0.153572 0.124028 -0.163796 0.064165 0.063881 0.293862 0.216789 -0.182613 -0.023063 -0.126797 0.090468 0.118738 0.134891 0.169637 -0.041895 0.266137 0.016045 1.000000 0.575360 -0.012384 -0.186183 -0.293273 -0.216932 -0.027246 0.024246 0.032340 -0.011899 0.323394 0.172770 0.246044 0.119568 0.233246 0.088719 -0.021108 -0.099155 -0.236194 -0.202696 -0.125339 -0.110330 -0.113292 -0.375375 -0.125457 -0.103854 0.070014 0.013230 0.366348 -0.101793 0.037625 0.012743 0.028461 -0.234332 -0.019578 -0.081352 -0.287524 -0.278522 -0.104690 0.148640 -0.076164 -0.120739 0.123688 0.100672 0.181885 0.145441 0.005284 -0.079608 0.060876 0.068481 0.085923 0.078025 0.006970 -0.138633 0.218831 -0.112399 0.295442 0.158998 0.304433 0.024493 0.240518 0.044627 0.330803 0.061032 0.216268 0.180158 0.095721 0.188286 0.178194 -0.036404 -0.000324 0.025360 0.015220 0.106982 0.094479 0.084867 -0.030709 0.076601 -0.010661 0.125196 -0.064361 0.164464 0.131325 0.085391 0.086908 0.050665 -0.059750 0.124306 -0.035012 0.053254
-0.172116 -0.121750 -0.095913 0.337192 0.236070 0.643437 -0.171152 -0.340217 0.018208 0.203477 -0.182325 -0.152928 -0.353090 -0.204197 0.341499 0.084849 -0.345126 -0.189822 -0.308415 0.067297 0.201882 0.308662 0.712580 0.375141 0.564767 0.321290 0.575360 1.000000 -0.365696 -0.479826 -0.043847 -0.020045 -0.237357 0.012588 0.097735 -0.027039 0.229499 0.197437 0.357842 0.249748 0.271815 0.196381 0.074383 0.068402 -0.159366 0.035028 0.060843 0.102627 -0.146093 -0.246758 0.109565 -0.102999 0.113655 0.092679 0.303539 0.022163 0.018515 0.051712 -0.068998 -0.370657 -0.384693 -0.562023 -0.583749 -0.523969 0.063414 0.189559 -0.289947 0.066833 -0.030233 0.040445 0.114215 0.146538 -0.370670 -0.099858 -0.040854 -0.006284 -0.023038 0.062511 -0.026680 -0.035915 -0.058135 -0.193534 0.252946 0.193266 0.281627 0.099192 0.444585 0.163038 0.601604 0.105281 0.060214 0.108939 -0.005059 0.162935 0.322280 0.016433 0.217845 0.155658 0.135587 0.105642 -0.296208 -0.021509 -0.216537 0.044696 -0.021753 0.084876 0.046458 0.066894 0.088725 0.229601 0.374412 0.157595 -0.028246 0.128952 0.142641 0.017690
0.094928 0.044991 -0.081443 -0.356929 0.061619 -0.188281 0.182521 0.096476 -0.057108 -0.050594 0.324317 0.252671 0.587955 0.489476 0.037180 0.230609 0.486079 0.445402 0.156684 -0.089250 0.160963 0.067189 -0.437983 -0.469159 -0.244599 -0.157434 -0.012384 -0.365696 1.000000 0.671576 0.091031 0.217144 0.389838 0.361794 -0.097270 0.024961 0.288599 -0.017095 0.043636 -0.018563 0.187592 0.187570 -0.009516 -0.041763 -0.032504 -0.243394 -0.101273 -0.300558 -0.161535 -0.126382 -0.468357 -0.306773 -0.331221 -0.278621 -0.018499 -0.074427 -0.103810 -0.137649 -0.131708 -0.026477 0.428723 0.508871 0.405110 0.419178 -0.032210 -0.088723 -0.101644 -0.501965 0.109270 0.061074 0.006443 0.106585 0.755259 0.189090 0.255940 0.376343 0.274888 -0.019244 0.366376 0.227014 0.500775 0.446188 0.469815 0.269350 0.070570 -0.085652 -0.251977 -0.105596 -0.212115 -0.133747 -0.338024 -0.379840 -0.310974 -0.355423 -0.032820 -0.044149 -0.058122 -0.197358 -0.106449 -0.160248 0.123890 -0.204604 -0.004875 -0.351206 -0.196351 -0.273300 -0.113164 0.109040 0.197878 0.066334 -0.315073 -0.133737 -0.031797 -0.072566 -0.163149 -0.038840
0.044412 0.057547 0.006377 -0.312168 0.000005 -0.414829 0.155923 0.162328 0.018910 -0.072019 0.241518 0.313748 0.496633 0.362642 -0.119323 0.130889 0.433198 0.371244 0.076228 -0.134668 0.039341 -0.055254 -0.498284 -0.409021 -0.249027 -0.189558 -0.186183 -0.479826 0.671576 1.000000 0.027301 0.143617 0.469508 0.277461 -0.099565 -0.019970 0.120384 -0.211730 -0.074134 -0.008857 -0.003403 0.099963 0.036831 -0.023569 0.039026 -0.190209 -0.032750 -0.204609 -0.153242 -0.017557 -0.249513 -0.119393 -0.264021 -0.202685 -0.074439 0.022692 -0.185375 -0.203088 -0.147095 0.045268 0.345374 0.495390 0.520793 0.548383 0.070646 -0.150820 0.168305 -0.368165 0.118278 0.089443 -0.026016 0.081818 0.719986 0.353210 0.333371 0.349623 0.164918 -0.003409 0.292109 0.371633 0.280419 0.484714 0.052804 0.133335 0.060234 0.147974 -0.314179 -0.102008 -0.390196 -0.151070 -0.319855 -0.361683 -0.175784 -0.366836 -0.138773 -0.023738 -0.033600 -0.182361 -0.198433 -0.188970 0.077775 -0.215049 -0.060562 -0.410327 -0.235354 -0.410185 -0.048624 -0.053992 0.066702 -0.066916 -0.366118 -0.150336 0.043590 0.030505 -0.130613 -0.032305
-0.458923 -0.249371 0.331498 0.330618 0.121345 -0.092342 0.147216 0.407798 0.133409 0.142457 -0.237104 0.109840 0.015472 0.129250 -0.004401 0.075212 -0.073222 -0.098968 -0.070812 -0.255376 0.093308 0.284278 0.254793 0.298706 0.299001 0.636096 -0.293273 -0.043847 0.091031 0.027301 1.000000 0.749729 0.043205 0.444572 0.083267 0.064410 0.000226 -0.117359 -0.032434 -0.009541 -0.040517 -0.019656 -0.074597 0.039236 0.046534 0.202167 -0.089496 -0.092581 -0.320800 0.045658 -0.160321 -0.325071 -0.443747 -0.308504 -0.313011 -0.114840 -0.315907 -0.239566 -0.332352 -0.063116 -0.167920 0.028298 -0.190027 0.064551 0.319599 0.069399 -0.018671 0.183084 -0.127881 -0.126817 -0.098468 -0.011337 -0.054130 -0.152760 -0.117151 0.105333 -0.127302 -0.005164 0.142456 0.146488 -0.108140 0.070654 0.166688 0.095206 -0.046239 0.029574 -0.229723 -0.234722 -0.027425 -0.113958 -0.329672 -0.317849 -0.146794 -0.241493 -0.045831 0.074917 0.102441 -0.015979 -0.124608 -0.233903 -0.242284 -0.384386 0.000537 -0.347749 -0.160025 -0.131644 0.200812 -0.049718 -0.025718 -0.037679 -0.005726 -0.163392 -0.122162 0.081425 0.018629 -0.098527
-0.529755 -0.208036 0.334422 0.376790 0.253449 0.019799 0.158370 0.531784 0.188903 0.259243 -0.202185 0.241522 0.009730 0.211721 -0.159510 0.179989 -0.075091 -0.145087 -0.013070 -0.202021 0.160292 0.472110 0.216541 0.384006 0.296085 0.773901 -0.216932 -0.020045 0.217144 0.143617 0.749729 1.000000 -0.051883 0.437946 0.098508 0.122016 -0.042386 -0.109569 -0.024658 -0.010410 0.027634 0.069523 -0.095223 -0.025567 -0.012204 0.181911 -0.172137 -0.081922 -0.434571 -0.020354 -0.285940 -0.415102 -0.551361 -0.359478 -0.446689 -0.226576 -0.337200 -0.335112 -0.430909 -0.218211 -0.135906 0.097016 -0.166126 -0.007059 0.430646 0.091780 -0.132223 0.265048 -0.145322 0.049039 -0.031599 0.061516 -0.016438 -0.165314 -0.203580 0.054829 -0.203344 0.130456 0.216963 -0.013624 -0.025659 0.087734 0.219868 0.202765 -0.226856 -0.038008 -0.382054 -0.343776 -0.050723 -0.193873 -0.329951 -0.275625 -0.109284 -0.308298 0.097227 0.069210 -0.015451 -0.069717 -0.319436 -0.398605 -0.202787 -0.441454 -0.024167 -0.377111 -0.129463 0.035252 0.194083 0.001847 0.023109 0.009010 -0.013733 -0.137831 -0.179586 -0.056591 0.002248 -0.164325
0.025669 0.087667 -0.236728 -0.107014 -0.066594 -0.014920 -0.153972 0.007653 -0.176403 -0.041458 0.062792 0.041086 0.147705 0.040554 -0.079025 0.015843 0.343607 0.305304 0.172657 0.085722 -0.120976 -0.122996 -0.315439 -0.433549 -0.096261 -0.069437 -0.027246 -0.237357 0.389838 0.469508 0.043205 -0.051883 1.000000 0.536837 -0.028994 0.125512 0.280059 -0.248974 -0.002606 0.089362 0.134506 0.066922 0.262121 0.164187 0.105329 -0.011540 0.160145 -0.084899 -0.107225 0.053031 -0.152391 -0.053670 -0.169209 -0.113321 0.155023 0.194776 0.081124 0.028104 -0.201969 -0.101418 0.087252 0.132941 0.269774 0.307886 -0.077334 -0.059914 0.187418 -0.305193 0.281532 -0.078684 -0.147531 -0.031381 0.636970 0.221366 0.381909 0.114956 0.038537 -0.237516 0.303809 0.472460 0.383362 0.501539 0.184948 0.096972 0.206873 0.149900 -0.030297 0.133372 -0.232103 -0.260419 -0.386312 -0.414265 -0.218366 -0.357902 -0.026597 -0.125671 0.064209 -0.263866 -0.050875 0.035665 0.003892 -0.143346 -0.019721 -0.307512 -0.223505 -0.303135 -0.243116 -0.113038 0.096943 -0.032743 -0.156047 0.156722 0.119430 0.227684 -0.090190 -0.063410
-0.182449 -0.135750 -0.029558 0.093750 0.230892 0.165530 0.121829 0.135139 0.052850 0.150059 -0.105426 0.209487 0.164209 0.214262 0.031003 0.237317 0.185659 0.177678 -0.070371 -0.007115 0.235833 0.129733 0.077714 -0.058169 0.149150 0.350945 0.024246 0.012588 0.361794 0.277461 0.444572 0.437946 0.536837 1.000000 0.133356 0.164179 0.290648 -0.136119 0.113259 0.167385 0.099764 0.285979 0.015671 -0.040459 -0.224136 -0.116508 -0.136977 -0.232185 -0.473408 -0.281763 -0.348853 -0.466135 -0.488601 -0.361763 -0.006932 -0.147363 -0.148766 -0.212985 -0.353811 -0.367809 0.119553 0.145824 -0.015694 0.138259 0.365576 0.159284 -0.092301 -0.165530 0.152005 -0.015133 -0.018591 0.135714 0.406307 0.173734 0.302577 0.187007 0.092023 0.079014 0.320108 0.391591 0.231819 0.347584 0.397893 0.267224 0.221501 0.069175 -0.067170 -0.041644 0.199697 -0.042780 -0.439379 -0.439487 -0.151397 -0.343853 0.096197 -0.012818 -0.009027 -0.178085 -0.232684 -0.126446 -0.143962 -0.271304 -0.037354 -0.406167 -0.310920 -0.244653 -0.063281 -0.034932 0.103926 -0.043332 -0.111246 -0.077141 -0.046894 0.133392 -0.119637 -0.225160
-0.090323 -0.197816 0.167361 -0.112085 0.166265 0.215181 -0.113304 -0.193576 -0.030902 0.012273 -0.078645 -0.302376 -0.136056 -0.274512 -0.087378 -0.268133 -0.031870 0.018249 -0.154773 -0.052786 0.194142 0.103853 0.083067 -0.061736 0.202116 0.053081 0.032340 0.097735 -0.097270 -0.099565 0.083267 0.098508 -0.028994 0.133356 1.000000 0.589336 0.082710 -0.041367 0.301926 0.397958 0.113195 0.025474 -0.104904 -0.173320 -0.163753 -0.073653 -0.225061 -0.137803 -0.195533 -0.232327 -0.146280 -0.237195 -0.154734 -0.192805 0.081184 -0.201692 0.060444 0.039038 0.088847 -0.201479 -0.003870 -0.113118 -0.259519 -0.252593 0.156930 0.182815 0.185098 0.301748 0.149970 0.330650 -0.023262 -0.093775 0.016058 -0.050921 -0.139565 -0.123013 -0.208029 0.084297 0.144489 0.161409 0.111619 0.061457 0.055806 -0.134997 -0.108959 -0.165953 -0.096537 -0.071073 0.042367 -0.031077 -0.050269 0.103949 0.040348 0.211260 0.327503 0.071421 -0.006558 0.134644 -0.280985 -0.080021 0.041277 0.181782 0.035162 0.245580 0.133334 0.185356 0.093840 0.210604 -0.069924 -0.169875 0.282667 0.122212 -0.198188 0.132983 0.207529 -0.157000
-0.104120 -0.158489 -0.023246 -0.103124 0.067629 0.242887 -0.177007 -0.030978 -0.204878 0.045014 -0.132889 -0.317599 -0.065389 -0.156948 -0.330835 -0.165539 0.045855 0.056419 0.012747 -0.017586 0.209421 -0.016850 -0.115426 -0.189862 0.069787 0.008373 -0.011899 -0.027039 0.024961 -0.019970 0.064410 0.122016 0.125512 0.164179 0.589336 1.000000 0.129062 0.025463 0.179006 0.341151 0.183037 0.026048 0.005059 -0.029726 0.045721 0.191667 -0.078072 -0.020467 -0.181932 0.040231 -0.252537 -0.168339 -0.221605 -0.177588 0.005251 -0.044697 0.174540 0.028166 -0.065678 -0.158180 -0.042694 -0.042967 -0.192240 -0.252195 -0.085726 0.214762 0.182597 0.272168 0.083599 0.265771 -0.080913 0.035459 0.116095 -0.186430 -0.048944 -0.053942 -0.038890 0.088610 0.269384 0.151328 0.237780 0.117668 0.107467 -0.080790 -0.222398 -0.336141 -0.122678 -0.062954 -0.158810 -0.111391 -0.052031 -0.014691 -0.163911 -0.003721 0.302580 -0.069683 0.034857 0.015043 -0.182905 -0.075677 0.017257 0.080868 0.004263 0.193135 0.050878 0.156712 -0.039523 0.133936 -0.133470 -0.158514 0.271360 0.135868 -0.248120 -0.018884 0.072273 -0.094186
