1.000000 0.504265 -0.221415 -0.264555 -0.294397 -0.142685 -0.207629 -0.349312 -0.398273 -0.190268 0.340381 -0.040863 0.049886 0.050636 -0.129572 -0.047992 0.486577 0.429923 0.404089 0.339226 -0.035349 -0.229495 -0.251677 -0.398899 -0.310572 -0.521966 -0.156370 -0.272522 0.274107 0.177122 -0.304687 -0.322718 0.095099 -0.124181 -0.325561 -0.459038 0.000531 -0.120347 -0.196000 -0.228270 0.138450 0.143396 0.051963 0.037030 -0.200640 -0.387085 0.022373 -0.308810 -0.214392 -0.019072 -0.033346 0.103738 0.298206 0.000445 -0.068508 -0.037140 0.436500 0.283479 0.468628 0.253109 0.437979 0.331062 0.503798 0.403948 -0.264180 -0.297387 0.224825 -0.374113 0.270547 0.114044 -0.230508 -0.319485 0.227859 0.131543 0.084062 -0.055971 0.190652 -0.066190 0.035049 0.141908 0.210455 0.230502 0.152660 0.008665 0.098698 -0.076510 -0.126379 -0.088842 -0.332054 0.175630 -0.047496 -0.154570 -0.218104 -0.241242 0.084569 0.043331 -0.264595 0.014422 0.195448 0.151397 0.085443 0.175459 0.097987 0.295748 0.132149 0.040808 -0.040108 0.238086 -0.116290 -0.218437 -0.345306 0.022919 0.119674 0.114424 -0.048629 -0.068074
0.504265 1.000000 -0.259133 -0.000923 -0.330691 -0.160520 -0.408944 -0.377645 -0.471878 -0.253169 0.238963 -0.111893 -0.079099 0.091781 -0.175230 -0.136581 0.124914 0.168829 0.222553 0.529750 -0.043000 -0.019596 -0.146023 -0.167632 -0.095278 -0.304945 -0.155141 -0.164614 -0.041528 -0.058984 -0.262382 -0.316075 0.151351 -0.021912 -0.241009 -0.290414 -0.153916 -0.113853 -0.133111 -0.093755 0.014037 0.032354 -0.042774 0.003527 -0.249249 -0.359720 -0.126375 -0.228192 -0.288361 -0.019816 -0.079334 0.125148 0.278225 0.046754 0.102591 -0.042278 0.135974 0.169728 0.272141 0.456760 0.094975 0.202584 0.328296 0.239745 -0.355073 -0.411368 0.389422 -0.125950 0.482529 0.329570 -0.023491 -0.038046 -0.095342 0.242487 0.054250 0.023498 0.077692 0.032056 -0.033099 -0.076272 0.081339 0.096450 0.056321 0.218144 0.153305 0.141887 0.047664 0.083836 -0.167513 0.218353 0.158361 -0.021841 -0.083676 -0.107543 0.086865 -0.103476 -0.277897 0.097703 -0.012616 0.061358 0.038240 0.092682 0.016108 0.205391 -0.041093 -0.172888 -0.003739 0.116239 0.068654 -0.080324 -0.234130 -0.100051 0.182080 0.073475 -0.099678 -0.071747
-0.221415 -0.259133 1.000000 -0.150684 0.462120 -0.124588 0.733809 0.184262 0.405293 -0.002995 0.099187 0.105646 0.413760 0.056012 -0.079312 -0.007982 -0.321975 -0.292637 -0.107649 -0.201344 -0.017820 0.000832 0.010340 -0.004282 0.255682 0.160653 0.038820 -0.027507 -0.245268 -0.297786 0.238885 0.123036 0.135885 0.164634 0.259250 0.358993 -0.343716 -0.235864 0.108683 -0.019553 -0.307616 -0.334544 0.031667 0.075948 0.167637 0.330544 -0.125832 0.132633 0.209629 -0.172955 0.101490 -0.187738 -0.186178 -0.120451 0.076939 -0.117967 -0.437328 -0.459349 0.132699 -0.126260 0.155207 -0.049602 -0.446555 -0.469342 0.527409 0.449845 0.165399 0.381959 -0.118334 0.074056 0.066541 -0.056566 -0.249530 -0.342403 -0.206275 -0.102120 -0.117258 -0.152597 -0.410706 -0.379516 -0.594812 -0.395255 -0.309799 -0.367179 -0.324299 0.011989 -0.120578 -0.285633 0.162268 -0.067348 -0.176229 0.102717 -0.222790 0.158610 0.025569 0.163251 0.328224 0.229706 -0.272571 -0.120547 -0.114344 -0.169409 -0.173350 -0.222324 -0.056938 -0.002596 -0.000114 -0.154941 0.110504 0.161020 0.510647 -0.098389 -0.080589 -0.083046 0.006172 0.066936
-0.264555 -0.000923 -0.150684 1.000000 0.143419 0.471634 -0.360575 0.152087 0.101691 0.324463 -0.197411 0.177752 -0.571000 -0.150034 0.209813 0.211254 -0.344619 -0.560173 -0.077346 0.080147 -0.048868 0.103234 0.457452 0.727084 0.141789 0.381006 0.141921 0.152801 -0.246196 -0.402881 0.291239 0.387516 -0.347613 -0.217829 0.224021 0.103732 0.163142 0.110190 -0.012395 0.093784 -0.076263 -0.006631 0.061473 0.083217 -0.032096 0.026760 0.153641 0.281403 0.022370 0.134933 -0.094843 0.046425 -0.278370 0.050166 -0.124541 0.063821 -0.318234 -0.442345 -0.443587 -0.006382 -0.593737 -0.413268 -0.330992 -0.417428 -0.053871 -0.089773 -0.184081 0.125222 -0.209807 -0.247478 0.009079 0.131421 -0.419697 -0.208797 -0.189589 0.128637 0.016376 0.184236 -0.172966 -0.207611 -0.256565 -0.428776 0.311472 0.449211 0.436104 0.535713 0.161263 0.487512 0.343594 0.051424 0.424024 0.331502 0.213477 0.209843 -0.125127 -0.022939 -0.050784 -0.175935 0.020497 -0.154365 -0.219003 -0.178944 -0.252373 -0.116071 -0.260461 -0.286848 0.013864 -0.057049 0.247774 0.035718 -0.094694 0.007072 -0.095030 -0.279294 -0.085913 -0.138236
-0.294397 -0.330691 0.462120 0.143419 1.000000 0.509189 0.410933 0.178675 0.581931 0.488133 -0.161849 -0.022912 -0.014860 -0.379697 0.337900 0.063197 -0.396576 -0.381436 -0.002419 -0.028243 0.238660 0.191420 0.090643 0.206842 0.595144 0.313095 0.553746 0.287732 -0.154612 -0.463011 0.227933 0.218332 -0.031562 0.015614 0.328530 0.448753 -0.032155 -0.148392 0.363629 0.124600 -0.126396 -0.037748 -0.126390 -0.096326 0.058067 0.251611 -0.031765 0.025469 0.117315 -0.123964 -0.119195 -0.197487 -0.417709 -0.198151 0.003540 -0.100118 -0.353782 -0.359381 -0.151384 -0.058900 -0.190180 -0.230414 -0.452433 -0.495717 0.311722 0.193240 0.032813 0.342848 -0.130014 0.108511 0.034461 0.039510 -0.270828 -0.170810 -0.214363 -0.109447 -0.208568 -0.055381 -0.304927 -0.253890 -0.396724 -0.357685 0.117527 -0.129397 -0.121710 -0.118370 0.044975 0.187087 0.317030 -0.100476 0.149203 0.087791 -0.177628 0.208613 0.021438 0.172017 0.188089 -0.070116 0.059521 -0.331211 -0.268109 -0.209763 -0.229689 -0.131464 -0.118396 -0.004094 0.050448 -0.178128 0.168480 0.052435 0.184591 0.083969 -0.138322 -0.073151 0.013723 0.069900
-0.142685 -0.160520 -0.124588 0.471634 0.509189 1.000000 -0.276901 0.096638 0.075016 0.418608 -0.325121 -0.045329 -0.530391 -0.490844 0.381353 0.049642 -0.146880 -0.278944 -0.093049 -0.075890 0.199768 0.328071 0.274089 0.561240 0.407297 0.425782 0.664382 0.627208 -0.247461 -0.438618 -0.044316 0.091675 -0.401433 -0.371666 0.146465 0.059080 0.200021 0.131430 0.355976 0.365431 0.049233 0.295917 -0.180448 -0.167628 -0.284003 -0.077489 -0.002680 0.028841 -0.052885 -0.201721 0.026906 -0.091413 -0.261709 -0.094297 0.155547 0.126310 -0.015721 -0.026213 -0.292446 -0.036668 -0.420720 -0.311934 -0.190407 -0.248381 -0.062341 0.088690 -0.108037 0.247619 -0.111550 -0.005219 -0.096087 0.018402 -0.334501 -0.072958 -0.187876 0.017117 -0.244988 -0.083182 0.000904 0.035525 0.001134 -0.101868 0.411047 0.129865 0.197868 0.167251 0.316607 0.542991 0.352387 0.206117 0.411798 0.018445 -0.026731 0.084183 -0.066260 0.151813 0.046954 -0.096218 0.307075 -0.208648 -0.422829 -0.266984 -0.323898 -0.027549 -0.203401 0.024890 0.010428 0.006270 0.113223 -0.042451 -0.042434 0.103060 -0.148208 -0.145931 0.146014 0.148068
-0.207629 -0.408944 0.733809 -0.360575 0.410933 -0.276901 1.000000 0.430734 0.506025 0.180144 0.185932 0.276275 0.664062 0.304171 0.031162 0.174057 -0.215306 -0.024189 -0.041035 -0.316751 -0.013828 -0.174336 -0.123114 -0.233769 0.113461 -0.067666 -0.118739 -0.279491 0.029433 0.026661 0.191216 0.153561 0.209857 0.323756 0.193578 0.306193 -0.278813 -0.370256 0.021100 -0.137273 -0.269113 -0.210750 0.019882 -0.043393 0.289208 0.366391 -0.110552 -0.067706 0.214506 -0.120980 -0.052716 -0.228563 -0.300677 -0.149783 -0.050607 -0.173836 -0.348882 -0.392658 0.119071 -0.320358 0.336878 0.160792 -0.337719 -0.252260 0.674258 0.528637 -0.103782 0.112316 -0.222507 -0.057654 0.060201 -0.082708 0.040517 -0.189396 -0.019720 -0.076059 -0.002696 -0.134186 -0.288773 -0.210702 -0.497008 -0.296330 -0.396743 -0.356720 -0.387008 -0.152564 -0.160179 -0.450249 0.126034 -0.235408 -0.337123 -0.142106 -0.140890 0.072596 -0.083277 0.055601 0.185383 -0.012182 -0.246005 -0.194122 0.036440 -0.047382 -0.031610 -0.225812 0.101367 0.133092 -0.004043 -0.123041 -0.075588 -0.018468 0.249208 -0.184744 -0.127063 -0.024042 -0.010742 -0.052581
-0.349312 -0.377645 0.184262 0.152087 0.178675 0.096638 0.430734 1.000000 0.337647 0.492954 -0.054259 0.591907 0.156625 0.401947 0.098763 0.447555 -0.291794 -0.090023 -0.226850 -0.315479 -0.266783 -0.179494 -0.262700 -0.005768 -0.012795 0.128662 -0.167190 -0.195190 0.055253 0.043014 0.097961 0.211225 0.146722 0.254186 0.106743 0.205526 0.006562 -0.159444 -0.118157 0.002877 -0.216728 -0.031238 -0.144481 -0.153600 0.203040 0.342606 -0.171312 -0.028553 0.283215 -0.126299 -0.137645 -0.058819 -0.317020 -0.248723 -0.108331 -0.090629 -0.179830 -0.335624 -0.214023 -0.317990 0.001293 0.119359 -0.171764 -0.204456 0.312932 0.650396 -0.331980 0.165017 -0.299563 -0.361331 -0.130566 -0.031644 0.004178 -0.207136 -0.098880 0.027223 -0.091243 -0.038607 -0.155837 -0.137271 -0.203491 -0.302415 -0.100520 -0.024088 -0.259615 0.042338 -0.048969 -0.233694 0.157962 -0.248027 -0.034568 -0.180079 0.131686 0.074939 -0.181186 -0.155760 0.138004 -0.204709 -0.114585 -0.305384 -0.016664 -0.044457 -0.078486 -0.175726 0.041856 0.041687 0.035668 0.058743 -0.065306 -0.138188 0.036194 -0.177382 -0.307808 -0.109297 -0.076101 -0.073264
-0.398273 -0.471878 0.405293 0.101691 0.581931 0.075016 0.506025 0.337647 1.000000 0.500535 -0.056525 0.191659 0.180677 -0.006423 0.259838 0.117925 -0.280903 -0.265634 -0.291130 -0.383720 -0.040169 -0.136129 0.078568 0.153695 0.245354 0.191447 0.008748 -0.118936 -0.068995 -0.246926 0.221510 0.290967 -0.065022 0.067245 0.378581 0.459223 -0.073075 -0.061375 0.095648 -0.033483 -0.121050 -0.292197 -0.045911 -0.073044 0.176183 0.333633 -0.106888 0.047596 0.110098 -0.092291 -0.158232 -0.308307 -0.319206 -0.139769 -0.244350 -0.259747 -0.387355 -0.433592 -0.003270 -0.219427 0.132675 -0.001144 -0.296855 -0.282090 0.581570 0.359491 -0.045026 0.146912 -0.325827 -0.106884 0.023572 -0.103008 -0.200627 -0.287411 -0.121242 -0.160841 -0.032189 -0.043087 -0.222994 -0.153805 -0.311597 -0.340609 -0.137173 -0.159847 -0.048038 0.040682 -0.082866 -0.042135 0.323600 -0.241903 -0.182139 0.102266 -0.005887 0.177593 0.179517 0.032159 0.097769 -0.016553 -0.356572 -0.220223 0.030093 -0.135070 0.045100 -0.202526 0.000792 0.091233 0.151549 -0.136622 0.088117 0.015461 0.056361 -0.149225 -0.131767 -0.072200 -0.061950 -0.053020
-0.190268 -0.253169 -0.002995 0.324463 0.488133 0.418608 0.180144 0.492954 0.500535 1.000000 -0.115014 0.326137 -0.046545 -0.016820 0.359525 0.425746 -0.118460 -0.155988 -0.180022 -0.119289 0.093519 -0.095585 -0.110040 0.162222 0.163187 0.066809 0.115730 -0.083907 0.123909 -0.240558 0.150293 0.218238 -0.160912 -0.059509 0.148763 0.198343 0.120729 -0.119788 0.049306 0.052338 -0.084036 0.064701 -0.037303 -0.046458 0.088762 0.175390 0.092114 0.024864 0.093875 -0.063224 -0.333390 -0.163836 -0.430075 -0.176496 -0.186531 -0.006770 -0.165780 -0.358019 -0.100960 -0.053915 -0.080892 0.033618 -0.140300 -0.243058 0.180174 0.223387 -0.195609 0.015130 -0.242013 -0.118058 -0.010775 -0.052272 -0.103474 -0.094630 0.024289 0.152341 -0.009315 -0.095269 -0.245972 -0.125645 -0.234834 -0.393257 0.092609 0.104284 -0.142193 -0.051763 0.053826 0.099119 0.203052 -0.089457 0.298417 -0.088892 -0.037478 0.073453 -0.054699 0.066080 0.023273 -0.207288 0.105140 -0.225939 -0.160647 -0.119658 -0.073122 -0.046466 0.010547 0.070039 0.085848 0.072244 0.011133 -0.057593 -0.220392 -0.031922 -0.134561 -0.039057 -0.050719 -0.038188
0.340381 0.238963 0.099187 -0.197411 -0.161849 -0.325121 0.185932 -0.054259 -0.056525 -0.115014 1.000000 0.364022 0.612561 0.506823 0.230579 0.268539 0.071915 0.114363 0.229937 -0.011299 -0.207653 -0.448505 -0.035115 -0.329835 -0.139729 -0.350497 -0.258284 -0.354984 0.312861 0.094527 0.047046 0.024979 -0.007200 0.085363 -0.001174 -0.192185 0.015245 -0.125054 -0.082488 -0.109164 0.107423 -0.084054 -0.117077 -0.094471 -0.117745 -0.200557 -0.189699 -0.303496 -0.277000 -0.110852 0.065579 -0.074954 0.148447 -0.104908 -0.042090 -0.064695 -0.294672 -0.205636 0.465456 0.062944 0.496384 0.446694 0.049755 0.126588 0.193698 0.082302 0.051489 -0.314941 -0.046806 0.111962 -0.231031 -0.387552 0.031124 -0.098929 0.040125 0.102509 0.247559 -0.113196 -0.251488 -0.187504 -0.194553 -0.201833 0.066794 0.137953 0.248687 0.153012 -0.152118 -0.164724 -0.066604 0.068872 -0.116589 -0.128058 -0.169130 -0.025172 -0.288176 -0.135056 -0.193112 -0.194849 -0.298009 -0.380504 0.064216 0.178764 0.027903 -0.144528 0.044963 -0.014568 -0.151684 -0.017879 -0.061396 -0.232986 -0.186958 -0.320614 -0.180899 0.032082 -0.213774 -0.180021
-0.040863 -0.111893 0.105646 0.177752 -0.022912 -0.045329 0.276275 0.591907 0.191659 0.326137 0.364022 1.000000 0.280778 0.621343 0.283986 0.664103 -0.191068 -0.087899 -0.133547 -0.252729 -0.280347 -0.386158 -0.079713 -0.003170 -0.110273 -0.036459 -0.288485 -0.359858 0.202878 0.082619 0.209791 0.290297 -0.039603 0.124863 0.097278 -0.049723 -0.030293 -0.087312 -0.164801 -0.010558 -0.083801 -0.178075 0.027924 0.035279 -0.032468 0.043818 -0.058601 0.002515 -0.036904 -0.195060 -0.116715 -0.143330 -0.138411 -0.182052 -0.076095 -0.059008 -0.263134 -0.355297 0.010813 -0.272362 0.224175 0.251694 -0.075449 -0.141890 0.320331 0.458137 -0.287824 -0.129796 -0.355537 -0.293532 -0.146706 -0.149008 -0.082620 -0.261709 -0.164206 0.149656 0.101355 -0.044929 -0.297463 -0.126007 -0.328990 -0.391414 0.078496 0.215804 0.032825 0.303661 -0.098297 -0.069350 0.147251 0.001011 0.026069 -0.167908 -0.046764 -0.069825 -0.233932 -0.269057 -0.121013 -0.327920 -0.210384 -0.404367 -0.151162 -0.033231 -0.197504 -0.192059 -0.074796 -0.090250 0.011176 0.036270 -0.102078 -0.282398 -0.119178 -0.308107 -0.222519 -0.079043 -0.051711 -0.271759
0.049886 -0.079099 0.413760 -0.571000 -0.014860 -0.530391 0.664062 0.156625 0.180677 -0.046545 0.612561 0.280778 1.000000 0.564261 0.071867 0.247381 -0.002090 0.174828 0.031830 -0.192456 -0.101276 -0.388570 -0.193487 -0.488510 -0.033479 -0.303095 -0.320119 -0.418688 0.212348 0.189234 0.041699 0.015292 0.225850 0.358797 -0.009896 0.077635 -0.214104 -0.221599 0.003586 -0.081628 -0.099350 -0.099046 -0.131817 -0.152364 0.097339 0.022117 -0.255707 -0.292124 -0.056783 -0.130440 0.015689 -0.137873 0.087070 -0.182046 0.108114 -0.144007 -0.250639 -0.191010 0.429696 -0.090760 0.589169 0.496917 -0.001939 0.083007 0.390023 0.341945 -0.011118 -0.170926 -0.014512 0.171458 0.009719 -0.183661 0.140166 -0.001264 0.058920 0.031084 0.013552 -0.296883 -0.233389 -0.136349 -0.307864 -0.129049 -0.332643 -0.166935 -0.327399 -0.179883 -0.108055 -0.477507 -0.018552 0.032688 -0.326475 -0.217992 -0.190155 -0.000078 -0.205225 -0.159582 0.002782 -0.116585 -0.286277 -0.221628 0.107553 0.149439 0.111321 -0.136396 0.178526 0.135580 -0.066897 -0.063591 -0.284445 -0.161893 -0.046574 -0.270793 -0.078964 0.124044 -0.087948 -0.060485
0.050636 0.091781 0.056012 -0.150034 -0.379697 -0.490844 0.304171 0.401947 -0.006423 -0.016820 0.506823 0.621343 0.564261 1.000000 -0.004221 0.493010 0.054940 0.135023 0.055247 -0.120358 -0.379350 -0.390973 -0.259036 -0.299144 -0.290053 -0.246830 -0.546393 -0.520679 0.220362 0.327417 0.008758 0.026606 0.096147 0.186058 -0.125466 -0.177337 -0.207270 -0.107627 -0.232154 -0.081779 -0.176667 -0.156160 0.015407 0.026960 -0.001333 -0.063366 -0.146874 -0.084649 -0.113047 -0.143450 -0.053780 -0.068073 0.134852 -0.074419 0.022430 -0.061103 -0.155490 -0.227244 0.177124 -0.097328 0.345996 0.526792 0.040921 0.118507 0.149267 0.284521 -0.127901 -0.281223 -0.036445 -0.058803 -0.160693 -0.169369 0.079993 -0.038512 -0.012317 0.094027 0.139330 -0.150172 -0.130892 -0.115860 -0.221383 -0.220818 -0.230146 0.133249 -0.077594 0.123788 -0.023818 -0.280722 -0.040556 0.170411 -0.095627 -0.139002 -0.018829 -0.124475 -0.180791 -0.393193 -0.083313 -0.235343 -0.232965 -0.160745 0.083500 0.054164 -0.010216 -0.179094 0.082016 -0.006898 0.030749 0.167278 -0.267615 -0.263669 -0.174541 -0.284730 -0.193044 0.017272 -0.204700 -0.276962
-0.129572 -0.175230 -0.079312 0.209813 0.337900 0.381353 0.031162 0.098763 0.259838 0.359525 0.230579 0.283986 0.071867 -0.004221 1.000000 0.447212 -0.179279 -0.228517 0.097508 -0.169186 0.137342 -0.069864 0.366543 0.227705 0.346541 0.134361 0.278064 0.203430 0.098930 -0.224067 0.109765 0.153351 -0.279941 -0.197481 0.133603 -0.009742 0.204058 0.173779 0.408447 0.438449 0.165028 0.218175 -0.281646 -0.243877 -0.371228 -0.291755 -0.113143 -0.135937 -0.204445 -0.303775 -0.002194 -0.222411 -0.211000 -0.237707 0.149068 0.103509 -0.264513 -0.197565 -0.188262 -0.193993 -0.122254 -0.052084 -0.284780 -0.186002 0.078014 0.068296 -0.293013 -0.180405 -0.202364 -0.069096 -0.027545 -0.222433 -0.260850 -0.051543 0.009102 0.237800 -0.015096 -0.083845 -0.173821 -0.047529 -0.167677 -0.305599 0.501396 0.278108 0.392876 0.215765 0.238512 0.291081 0.453247 0.222438 0.288387 0.113733 -0.003324 0.144807 -0.128631 -0.055278 0.033910 -0.242901 0.101690 -0.327089 -0.293613 -0.091389 -0.238695 -0.160229 -0.119479 -0.022737 -0.101805 -0.094567 0.040958 -0.151999 -0.202683 -0.132282 -0.161366 -0.091688 0.100954 -0.010736
-0.047992 -0.136581 -0.007982 0.211254 0.063197 0.049642 0.174057 0.447555 0.117925 0.425746 0.268539 0.664103 0.247381 0.493010 0.447212 1.000000 -0.055742 -0.093364 -0.002482 -0.094207 -0.056168 -0.344872 -0.021614 0.054284 0.111920 0.076666 -0.061668 -0.182506 0.214598 0.143819 0.159878 0.212465 -0.135221 0.051259 -0.021718 -0.047700 0.112665 -0.031224 -0.083416 0.009220 0.001376 0.108369 -0.158132 -0.146563 -0.230033 -0.202322 -0.133844 -0.096242 -0.220781 -0.245128 -0.124503 -0.130266 -0.132159 -0.220004 -0.006171 0.069448 -0.131253 -0.278564 -0.046594 -0.158139 0.065612 0.274676 -0.029901 -0.052783 0.112889 0.316633 -0.296330 -0.267598 -0.206049 -0.116451 -0.125714 -0.141491 0.034256 -0.016202 0.010149 0.210738 0.105989 -0.094614 -0.224962 -0.071886 -0.187426 -0.279716 0.166251 0.395182 0.013609 0.118638 0.049106 -0.036247 0.193287 0.174756 0.119799 -0.142316 -0.024636 -0.039490 -0.270605 -0.237529 -0.056043 -0.379535 -0.047840 -0.332798 -0.109740 0.008548 -0.209325 -0.192351 -0.032410 -0.039356 -0.173291 0.015928 -0.135042 -0.310003 -0.206817 -0.127088 -0.325409 -0.148903 -0.107662 -0.211957
0.486577 0.124914 -0.321975 -0.344619 -0.396576 -0.146880 -0.215306 -0.291794 -0.280903 -0.118460 0.071915 -0.191068 -0.002090 0.054940 -0.179279 -0.055742 1.000000 0.569342 0.030107 -0.002583 -0.172195 -0.283179 -0.255037 -0.292450 -0.312222 -0.346993 -0.078700 -0.162346 0.258502 0.341253 -0.366484 -0.299308 0.022646 -0.107310 -0.205879 -0.328306 0.190381 0.135171 -0.147259 -0.191257 0.204724 0.122926 -0.018171 -0.026981 -0.080783 -0.233435 0.037017 -0.190281 -0.128910 -0.052290 -0.068165 -0.003173 0.235535 0.027479 -0.024709 0.143296 0.564495 0.473570 0.287916 0.090076 0.302238 0.196677 0.528648 0.505725 -0.229851 -0.179522 0.144883 -0.326896 0.234536 0.064831 -0.214682 -0.343271 0.354189 0.181097 0.335446 0.074228 0.361934 -0.052544 0.443653 0.436891 0.563189 0.480956 -0.050065 -0.068198 0.027036 -0.102261 -0.193446 -0.238242 -0.277350 0.029514 -0.251189 -0.243476 -0.124953 -0.404808 0.073535 -0.010449 -0.091281 0.113733 0.046282 0.310143 0.184861 0.088508 0.177954 0.258570 0.221079 0.212667 0.148968 0.317343 -0.247854 -0.080380 -0.253655 0.184480 0.130137 0.191708 0.052601 -0.006237
0.429923 0.168829 -0.292637 -0.560173 -0.381436 -0.278944 -0.024189 -0.090023 -0.265634 -0.155988 0.114363 -0.087899 0.174828 0.135023 -0.228517 -0.093364 0.569342 1.000000 0.014270 -0.050591 -0.028097 -0.260324 -0.380440 -0.508568 -0.323198 -0.415487 -0.265887 -0.282734 0.381641 0.524242 -0.374932 -0.330670 0.200880 0.106634 -0.153466 -0.234106 0.089523 0.027327 -0.155080 -0.124769 0.212593 0.176026 -0.067491 -0.162479 -0.042655 -0.240617 -0.088354 -0.353839 -0.117409 -0.006035 0.003531 0.135651 0.256234 0.089042 -0.059461 0.057501 0.475811 0.552642 0.325916 0.151873 0.486666 0.444626 0.626949 0.717564 -0.114987 -0.148969 0.079128 -0.430590 0.071639 -0.026897 -0.012472 -0.200588 0.540055 0.336806 0.367979 0.045401 0.210281 0.012326 0.348655 0.339829 0.426070 0.522199 -0.194811 -0.243723 -0.154251 -0.477976 -0.179869 -0.354851 -0.347876 0.012805 -0.275155 -0.464149 -0.119239 -0.367932 0.042501 -0.026174 -0.241345 -0.013477 0.044432 0.120510 0.231756 0.111878 0.255409 0.154777 0.240986 0.207938 0.068306 0.281677 -0.352701 -0.173777 -0.307519 0.034291 0.118104 0.328777 -0.042874 0.076747
0.404089 0.222553 -0.107649 -0.077346 -0.002419 -0.093049 -0.041035 -0.226850 -0.291130 -0.180022 0.229937 -0.133547 0.031830 0.055247 0.097508 -0.002482 0.030107 0.014270 1.000000 0.594213 0.068638 0.020641 -0.063849 -0.241097 -0.122799 -0.364287 0.069815 -0.057198 0.239290 0.145717 -0.022002 -0.216816 0.067881 -0.146315 -0.268094 -0.328431 0.022839 -0.089786 0.164328 -0.014970 0.163970 0.145943 0.060936 0.071614 -0.170167 -0.274384 0.121602 -0.073191 -0.103096 -0.007115 -0.198277 0.054144 0.145188 0.041257 0.200666 0.060984 0.114869 -0.067309 -0.100453 0.006299 -0.096794 -0.000407 -0.027501 -0.078820 -0.295824 -0.381489 -0.073820 -0.169156 0.213366 0.087086 0.056956 -0.056900 0.133815 0.152617 0.100203 0.007896 0.031617 0.004480 -0.092423 -0.067644 -0.022204 -0.045592 0.300895 0.253632 0.190492 -0.043544 0.092925 0.098856 -0.202665 0.214007 0.128666 0.179084 0.022636 0.010982 -0.137950 -0.022894 -0.023708 -0.033990 0.243790 0.137128 0.069509 0.307681 0.028060 0.229756 0.093918 -0.044263 -0.233433 0.030350 0.002009 -0.144935 -0.179580 0.267856 -0.005099 -0.056714 -0.038785 -0.001733
0.339226 0.529750 -0.201344 0.080147 -0.028243 -0.075890 -0.316751 -0.315479 -0.383720 -0.119289 -0.011299 -0.252729 -0.192456 -0.120358 -0.169186 -0.094207 -0.002583 -0.050591 0.594213 1.000000 0.172800 0.148922 -0.165391 -0.152194 -0.009610 -0.240097 0.074048 -0.078429 0.120293 -0.000611 -0.062564 -0.237290 0.127316 -0.005344 -0.218280 -0.229303 -0.052740 -0.171811 -0.026804 -0.119094 -0.027962 0.028556 -0.030760 0.027165 -0.177759 -0.297579 0.121593 -0.078353 -0.086493 0.121787 -0.211918 0.219793 0.274535 0.119786 0.024075 0.014671 0.105024 -0.068049 -0.048880 0.396880 -0.228618 -0.030663 0.089476 -0.074915 -0.523224 -0.490590 0.248203 -0.052478 0.634886 0.374275 0.181502 0.086049 0.073669 0.290726 0.058368 0.026694 -0.009012 0.073400 0.005099 -0.109242 0.069880 0.031826 0.172467 0.252410 0.035434 -0.070393 0.060989 0.086665 -0.296106 0.140333 0.292219 0.240364 0.056146 0.050813 0.071337 -0.032690 -0.059872 0.126132 0.192718 0.212926 0.040091 0.227785 -0.034085 0.259633 0.022727 -0.200145 -0.139943 0.014728 0.157655 -0.003649 -0.089680 0.252333 0.121366 0.021271 -0.050224 0.003123
-0.035349 -0.043000 -0.017820 -0.048868 0.238660 0.199768 -0.013828 -0.266783 -0.040169 0.093519 -0.207653 -0.280347 -0.101276 -0.379350 0.137342 -0.056168 -0.172195 -0.028097 0.068638 0.172800 1.000000 0.406938 0.107193 0.063151 0.319083 0.232247 0.396462 0.415471 -0.100996 -0.100050 0.030476 -0.021588 -0.057966 -0.133318 -0.011407 0.061112 0.072058 0.200508 0.401387 0.249091 0.146790 0.300535 -0.023292 -0.056913 -0.140108 -0.140061 0.141656 0.028273 -0.093242 -0.017612 0.007427 -0.004544 -0.047754 0.065133 0.090275 0.123320 0.002407 -0.021227 -0.037116 -0.044473 -0.100333 -0.129834 -0.154575 -0.124183 -0.192772 -0.206666 -0.093336 -0.160997 0.089079 0.026165 0.348238 0.231390 0.027022 0.163450 0.129816 0.065643 -0.158083 0.004644 -0.168843 -0.057580 -0.074958 -0.014912 0.100094 -0.021203 -0.063478 -0.201520 0.338200 0.352157 0.095427 0.156324 0.236520 -0.034165 -0.098815 0.111566 0.021988 0.315084 0.027479 -0.087229 0.336774 0.114469 -0.203697 -0.002982 -0.118298 0.031435 -0.075296 0.001528 -0.087228 -0.087152 0.042141 0.133488 0.061248 0.200011 0.128746 0.106353 0.162841 0.158148
-0.229495 -0.019596 0.000832 0.103234 0.191420 0.328071 -0.174336 -0.179494 -0.136129 -0.095585 -0.448505 -0.386158 -0.388570 -0.390973 -0.069864 -0.344872 -0.283179 -0.260324 0.020641 0.148922 0.406938 1.000000 0.119716 0.210790 0.249313 0.350624 0.348823 0.536784 -0.303647 -0.234820 0.027919 -0.057681 -0.157447 -0.097020 -0.048266 -0.041963 -0.129908 0.092313 0.301314 0.338353 0.028577 0.086286 -0.034442 0.019549 -0.079270 -0.006523 0.072405 0.098645 -0.005606 -0.098876 0.120867 -0.006114 -0.002326 0.103775 0.248363 -0.083606 0.056959 0.069036 -0.235308 0.017912 -0.321778 -0.224454 -0.207827 -0.169595 -0.142690 -0.055307 0.040610 0.213855 0.126642 0.105871 0.141228 0.335537 -0.208155 0.031834 -0.142457 -0.008225 -0.341272 0.043679 0.083941 -0.040402 0.050104 -0.002528 0.080003 -0.125089 -0.104526 -0.100393 0.387621 0.373337 0.121351 0.166626 0.277270 0.121445 0.156681 0.109520 0.222089 0.293230 0.166077 0.118831 0.362386 0.144695 -0.133244 -0.134801 -0.085480 -0.009740 -0.080402 -0.048175 0.031549 -0.200785 0.225030 0.353340 0.278573 0.198260 0.099736 -0.005156 0.210212 0.223889
-0.251677 -0.146023 0.010340 0.457452 0.090643 0.274089 -0.123114 -0.262700 0.078568 -0.110040 -0.035115 -0.079713 -0.193487 -0.259036 0.366543 -0.021614 -0.255037 -0.380440 -0.063849 -0.165391 0.107193 0.119716 1.000000 0.701473 0.269640 0.394032 0.264745 0.397502 -0.186757 -0.208720 0.354031 0.431970 -0.360389 -0.099407 0.394914 0.273659 0.122599 0.213860 0.160140 0.188445 0.049191 0.086468 -0.155220 -0.185856 -0.143551 -0.096852 -0.080334 0.024524 -0.260720 -0.038913 0.134656 -0.244783 -0.341400 -0.035967 -0.010275 -0.072354 -0.219473 -0.123542 -0.329577 -0.239534 -0.292601 -0.416734 -0.287209 -0.210643 0.264703 -0.136683 -0.271713 -0.044316 -0.226959 -0.097118 0.030790 0.063808 -0.340908 -0.096060 -0.073504 0.081346 0.078788 0.174708 -0.124908 -0.000500 -0.193314 -0.132372 0.355033 0.296449 0.516404 0.391260 0.105596 0.350630 0.598153 0.107150 0.045801 0.244965 0.084853 0.152490 -0.181241 -0.044206 -0.107717 -0.077466 -0.130782 -0.161914 -0.217649 -0.125970 -0.149381 -0.130106 -0.274838 -0.165605 -0.087922 -0.152262 0.115205 -0.011444 0.036352 -0.130525 0.002034 -0.252610 0.107508 -0.107218
-0.398899 -0.167632 -0.004282 0.727084 0.206842 0.561240 -0.233769 -0.005768 0.153695 0.162222 -0.329835 -0.003170 -0.488510 -0.299144 0.227705 0.054284 -0.292450 -0.508568 -0.241097 -0.152194 0.063151 0.210790 0.701473 1.000000 0.376337 0.659708 0.351107 0.493738 -0.402603 -0.413490 0.221343 0.438759 -0.478271 -0.200602 0.369508 0.276079 0.042538 0.165900 0.106285 0.184064 -0.072465 0.060817 -0.082113 -0.088597 -0.106053 0.066798 0.030044 0.207697 -0.097509 -0.026678 0.059051 -0.173394 -0.345601 -0.040864 -0.044910 0.021194 -0.136436 -0.168680 -0.478025 -0.245052 -0.533318 -0.568649 -0.319080 -0.412368 0.119404 -0.001824 -0.269076 0.194120 -0.186339 -0.172091 0.086618 0.211456 -0.424838 -0.134239 -0.226626 0.056098 -0.073682 0.183520 -0.097732 -0.121498 -0.186547 -0.213837 0.296841 0.308033 0.325713 0.414014 0.218082 0.466897 0.466292 0.080235 0.281448 0.279914 0.181323 0.191296 -0.100701 0.033749 0.038467 -0.030917 -0.010737 -0.106542 -0.331909 -0.274516 -0.329691 -0.200295 -0.323709 -0.185514 0.028161 -0.183694 0.212163 0.074319 0.081665 -0.022462 -0.070442 -0.319420 0.150209 -0.068890
-0.310572 -0.095278 0.255682 0.141789 0.595144 0.407297 0.113461 -0.012795 0.245354 0.163187 -0.139729 -0.110273 -0.033479 -0.290053 0.346541 0.111920 -0.312222 -0.323198 -0.122799 -0.009610 0.319083 0.249313 0.269640 0.376337 1.000000 0.591101 0.581186 0.468916 -0.334955 -0.347802 0.255671 0.344859 -0.089892 0.121190 0.361447 0.414734 -0.129314 0.073021 0.288149 0.235142 -0.101881 0.162652 -0.269888 -0.224175 -0.071977 0.073501 -0.185097 -0.059036 -0.122972 -0.188195 0.074854 -0.228773 -0.265923 -0.266525 0.134941 -0.036069 -0.191769 -0.146523 -0.108456 -0.116941 -0.117112 -0.157867 -0.304474 -0.250871 0.108192 0.141564 -0.012331 0.219565 -0.001814 0.093866 0.063541 0.110670 -0.261213 -0.013528 -0.142100 0.123610 -0.230034 0.024718 -0.126047 -0.184639 -0.196926 -0.144761 0.234292 0.057799 -0.078804 -0.006601 0.234374 0.243346 0.346404 0.164110 0.195897 -0.015228 -0.184870 0.057828 -0.066594 0.099919 0.195477 -0.107858 0.019945 -0.334966 -0.384253 -0.278691 -0.414047 -0.350319 -0.335042 -0.221139 -0.160707 -0.242678 0.238575 0.078159 0.188346 -0.135872 -0.011090 -0.179407 0.154294 0.001870
-0.521966 -0.304945 0.160653 0.381006 0.313095 0.425782 -0.067666 0.128662 0.191447 0.066809 -0.350497 -0.036459 -0.303095 -0.246830 0.134361 0.076666 -0.346993 -0.415487 -0.364287 -0.240097 0.232247 0.350624 0.394032 0.659708 0.591101 1.000000 0.414810 0.625048 -0.412759 -0.242570 0.309601 0.485896 -0.213033 0.085996 0.419433 0.490422 0.059353 0.347122 0.166233 0.258786 -0.025552 0.082594 -0.264479 -0.283311 -0.106122 0.133854 -0.178156 0.071339 -0.106281 -0.241275 0.141698 -0.230194 -0.297052 -0.147726 -0.002974 0.023853 -0.145672 -0.099682 -0.366953 -0.256298 -0.366920 -0.358758 -0.295378 -0.264635 0.097376 0.246420 -0.175534 0.267087 -0.091681 -0.113643 0.113507 0.296297 -0.264680 -0.085408 -0.129869 0.090657 -0.086191 0.283977 -0.144766 -0.082832 -0.097533 -0.072503 0.210413 0.060348 0.055088 0.133536 0.260341 0.310617 0.365384 0.037748 0.130139 0.024945 -0.004512 0.096996 -0.035349 0.090014 0.233932 -0.018677 -0.032211 -0.222202 -0.362768 -0.398090 -0.357655 -0.454643 -0.395852 -0.176950 0.023793 -0.177088 0.192692 0.185404 0.340206 0.016522 -0.245512 -0.219878 0.134973 0.013126
-0.156370 -0.155141 0.038820 0.141921 0.553746 0.664382 -0.118739 -0.167190 0.008748 0.115730 -0.258284 -0.288485 -0.320119 -0.546393 0.278064 -0.061668 -0.078700 -0.265887 0.069815 0.074048 0.396462 0.348823 0.264745 0.351107 0.581186 0.414810 1.000000 0.717649 -0.279306 -0.300381 -0.029975 0.014400 -0.272660 -0.265918 0.120607 0.123953 0.102729 0.124211 0.549661 0.343630 0.062673 0.352359 -0.223316 -0.184124 -0.170002 -0.039173 -0.012577 -0.017254 -0.017748 -0.145729 0.080270 -0.044183 -0.159458 -0.014667 0.213603 0.098526 0.040094 0.076961 -0.254671 -0.075743 -0.323688 -0.338767 -0.260169 -0.229985 -0.121516 -0.041160 -0.103669 0.200496 0.063825 0.134049 -0.028181 -0.000239 -0.190007 0.018621 -0.055285 -0.034984 -0.169830 0.009289 -0.058693 -0.087895 0.000836 -0.018653 0.397201 0.077823 0.042454 -0.041433 0.293788 0.393261 0.240807 0.094356 0.255987 0.016233 -0.014306 0.129195 -0.156855 0.223417 0.028392 0.055922 0.251590 -0.091298 -0.267675 -0.043715 -0.229270 0.003084 -0.181255 0.016573 -0.124145 -0.116227 0.116949 0.085757 0.056700 0.213979 -0.050623 -0.141619 0.105211 0.088648
-0.272522 -0.164614 -0.027507 0.152801 0.287732 0.627208 -0.279491 -0.195190 -0.118936 -0.083907 -0.354984 -0.359858 -0.418688 -0.520679 0.203430 -0.182506 -0.162346 -0.282734 -0.057198 -0.078429 0.415471 0.536784 0.397502 0.493738 0.468916 0.625048 0.717649 1.000000 -0.373996 -0.211816 -0.011071 -0.009276 -0.324610 -0.278890 0.136441 0.167407 0.150459 0.322372 0.454738 0.418369 0.119826 0.327776 -0.291324 -0.244805 -0.231954 -0.047721 -0.111926 0.043190 -0.070210 -0.169446 0.262134 -0.044606 -0.090499 -0.032453 0.233875 0.113967 0.111794 0.241127 -0.349546 -0.141114 -0.437747 -0.441047 -0.233788 -0.203539 -0.197373 -0.030247 -0.142734 0.242640 0.087278 0.063472 0.041596 0.148793 -0.211246 0.065972 -0.037018 -0.038109 -0.225950 0.069729 -0.006298 0.087112 0.121458 0.143265 0.330195 0.028528 0.121156 0.046857 0.322927 0.439905 0.262383 0.116751 0.268267 0.088745 0.088753 0.122297 -0.061035 0.213336 0.143529 0.048569 0.236048 -0.026938 -0.260348 -0.181282 -0.242209 -0.162070 -0.232145 -0.057297 -0.108466 -0.214030 0.193147 0.121158 0.224990 0.168549 -0.086390 -0.165956 0.193644 0.179209
0.274107 -0.041528 -0.245268 -0.246196 -0.154612 -0.247461 0.029433 0.055253 -0.068995 0.123909 0.312861 0.202878 0.212348 0.220362 0.098930 0.214598 0.258502 0.381641 0.239290 0.120293 -0.100996 -0.303647 -0.186757 -0.402603 -0.334955 -0.412759 -0.279306 -0.373996 1.000000 0.521496 0.179132 0.154721 0.202869 0.221101 -0.122356 -0.218185 0.341900 0.018625 -0.292043 -0.181084 0.260583 0.141743 -0.080109 -0.129621 -0.022240 -0.200603 -0.091355 -0.378009 -0.252503 -0.073107 -0.254006 -0.150378 0.091976 -0.091896 -0.345858 -0.201605 0.059676 0.068522 0.085617 0.041820 0.269771 0.281528 0.388585 0.282905 -0.073185 -0.164691 -0.094397 -0.488935 -0.039849 -0.153317 0.035794 -0.105946 0.649827 0.267789 0.452992 0.232773 0.356086 0.093407 0.134339 0.258638 0.231896 0.193900 0.165303 0.261783 0.171883 -0.128917 -0.368034 -0.231119 -0.211448 -0.177000 -0.176538 -0.242063 -0.136965 -0.148396 -0.060549 -0.200268 -0.337121 -0.158846 -0.067890 -0.234535 0.081824 0.137086 0.195481 0.149092 0.304516 0.263526 0.177476 0.282691 -0.146518 -0.197306 -0.281853 -0.129100 -0.053763 0.401157 0.157423 -0.023776
0.177122 -0.058984 -0.297786 -0.402881 -0.463011 -0.438618 0.026661 0.043014 -0.246926 -0.240558 0.094527 0.082619 0.189234 0.327417 -0.224067 0.143819 0.341253 0.524242 0.145717 -0.000611 -0.100050 -0.234820 -0.208720 -0.413490 -0.347802 -0.242570 -0.300381 -0.211816 0.521496 1.000000 0.037497 0.007434 0.305075 0.301818 -0.129972 -0.145376 0.249708 0.133490 -0.263061 -0.174333 0.144470 0.296486 -0.070429 -0.191137 -0.003403 -0.207872 -0.109174 -0.245299 -0.075374 -0.026768 -0.058592 0.085091 0.208005 0.112779 -0.111239 -0.010643 0.326406 0.300059 -0.005999 -0.109964 0.238533 0.253859 0.454970 0.570657 -0.137891 -0.152357 -0.204256 -0.479959 0.016829 -0.159602 0.008247 -0.021672 0.717204 0.452759 0.472199 0.243476 0.383295 0.172595 0.268723 0.411545 0.437526 0.467640 -0.133178 0.158070 -0.081161 -0.213433 -0.202046 -0.387991 -0.361873 -0.167387 -0.485037 -0.374830 0.020657 -0.250436 -0.067545 -0.177440 -0.155916 -0.087711 -0.112581 0.027970 0.252562 0.193885 0.208343 -0.051220 0.136365 0.116015 -0.089902 0.191335 -0.203720 -0.266921 -0.156311 -0.007599 -0.046120 0.120378 0.028840 -0.084803
-0.304687 -0.262382 0.238885 0.291239 0.227933 -0.044316 0.191216 0.097961 0.221510 0.150293 0.047046 0.209791 0.041699 0.008758 0.109765 0.159878 -0.366484 -0.374932 -0.022002 -0.062564 0.030476 0.027919 0.354031 0.221343 0.255671 0.309601 -0.029975 -0.011071 0.179132 0.037497 1.000000 0.668845 0.011510 0.203624 0.359874 0.342939 0.102186 0.094523 0.013562 0.033635 -0.039035 -0.148702 0.064032 0.028059 0.236807 0.223142 0.085869 0.111992 0.028924 0.021645 -0.129104 -0.244083 -0.332828 -0.112898 -0.156789 -0.021207 -0.391922 -0.408454 -0.205093 -0.232148 -0.110831 -0.198705 -0.243920 -0.334901 0.235560 0.057831 -0.207680 0.021058 -0.290612 -0.236711 0.216538 0.241543 0.066556 -0.188099 -0.075320 0.212087 0.161817 0.207059 -0.329456 -0.126967 -0.331771 -0.299875 0.098252 0.198707 0.066169 0.126012 -0.095929 0.066644 0.119473 -0.188038 -0.006692 -0.028075 -0.234592 -0.083211 -0.197627 -0.113578 0.072422 -0.131778 -0.201162 -0.286031 -0.263136 -0.178475 -0.147012 -0.296681 -0.176596 -0.188104 0.032698 -0.043793 0.080272 0.003395 0.199502 -0.012395 -0.041938 -0.156458 0.077377 -0.148510
-0.322718 -0.316075 0.123036 0.387516 0.218332 0.091675 0.153561 0.211225 0.290967 0.218238 0.024979 0.290297 0.015292 0.026606 0.153351 0.212465 -0.299308 -0.330670 -0.216816 -0.237290 -0.021588 -0.057681 0.431970 0.438759 0.344859 0.485896 0.014400 -0.009276 0.154721 0.007434 0.668845 1.000000 -0.055792 0.411986 0.471891 0.482614 0.112345 0.113674 -0.130237 -0.064814 -0.037240 -0.019770 -0.053255 -0.128680 0.112618 0.179701 -0.120611 -0.064607 -0.171314 -0.177960 -0.209708 -0.468576 -0.438660 -0.241904 -0.233776 -0.287270 -0.322922 -0.364344 -0.211487 -0.384639 -0.020627 -0.241796 -0.114561 -0.211169 0.403482 0.139131 -0.271840 -0.062163 -0.400617 -0.353193 0.072894 0.159227 0.033609 -0.155133 -0.044356 0.261344 0.170102 0.371994 -0.155905 0.005274 -0.211108 -0.188871 0.260341 0.335963 0.165074 0.261063 -0.055817 0.093222 0.372494 -0.193250 -0.076619 -0.144133 -0.178391 -0.101050 -0.223979 -0.065592 0.022028 -0.234370 -0.226827 -0.489444 -0.326390 -0.207208 -0.167117 -0.296627 -0.091999 -0.034247 0.117180 -0.010309 0.092639 0.028981 0.079657 -0.227802 -0.026266 -0.038169 0.245412 -0.175342
0.095099 0.151351 0.135885 -0.347613 -0.031562 -0.401433 0.209857 0.146722 -0.065022 -0.160912 -0.007200 -0.039603 0.225850 0.096147 -0.279941 -0.135221 0.022646 0.200880 0.067881 0.127316 -0.057966 -0.157447 -0.360389 -0.478271 -0.089892 -0.213033 -0.272660 -0.324610 0.202869 0.305075 0.011510 -0.055792 1.000000 0.595930 -0.023895 0.135801 0.095048 0.025176 -0.149382 -0.228216 0.009606 0.053776 -0.179294 -0.190246 0.140393 0.041663 -0.259559 -0.294777 0.098383 0.015491 -0.252550 0.054775 -0.012341 -0.114275 0.010173 0.017910 -0.005039 0.044773 0.150561 0.132240 0.183691 0.147791 0.205540 0.201202 -0.071314 -0.032328 0.283850 0.071501 0.285213 0.098046 -0.063993 0.114935 0.345479 0.095937 0.120493 0.012767 0.076742 0.011625 0.027797 0.120027 0.126916 0.235926 -0.326325 -0.138837 -0.239470 -0.170267 -0.304655 -0.368487 -0.209676 -0.116305 -0.288064 -0.221234 -0.224905 -0.102209 0.061775 -0.157308 0.074754 0.006553 -0.092143 -0.067136 0.068274 -0.109319 0.104790 0.033688 -0.003242 -0.029202 0.099227 0.140459 -0.033208 -0.126150 -0.051330 -0.054265 0.116805 0.122685 0.086558 0.030417
-0.124181 -0.021912 0.164634 -0.217829 0.015614 -0.371666 0.323756 0.254186 0.067245 -0.059509 0.085363 0.124863 0.358797 0.186058 -0.197481 0.051259 -0.107310 0.106634 -0.146315 -0.005344 -0.133318 -0.097020 -0.099407 -0.200602 0.121190 0.085996 -0.265918 -0.278890 0.221101 0.301818 0.203624 0.411986 0.595930 1.000000 0.153213 0.336740 0.022437 -0.095984 -0.286718 -0.262388 0.008196 0.016937 -0.345197 -0.356232 0.103652 0.064829 -0.466998 -0.440509 -0.080718 -0.172506 -0.334352 -0.238027 -0.182131 -0.283593 -0.110814 -0.310980 -0.127026 -0.105589 0.144039 -0.048700 0.302519 0.163545 0.285315 0.245697 0.258725 0.135565 0.172256 0.094621 0.097198 0.082170 0.002648 0.064219 0.329508 0.061093 0.078626 0.067774 0.130390 0.244022 0.045596 0.016457 0.059302 0.152432 -0.167625 -0.013295 -0.252513 -0.067252 -0.244662 -0.377808 0.072867 -0.218281 -0.362961 -0.305632 -0.274400 -0.036525 -0.063250 -0.151543 -0.003899 -0.181601 -0.325305 -0.384484 -0.141294 -0.051903 0.012662 -0.071169 -0.015771 -0.033377 0.085581 -0.005596 0.113768 -0.011666 0.035679 -0.222986 -0.037892 0.147985 0.149532 -0.167600
-0.325561 -0.241009 0.259250 0.224021 0.328530 0.146465 0.193578 0.106743 0.378581 0.148763 -0.001174 0.097278 -0.009896 -0.125466 0.133603 -0.021718 -0.205879 -0.153466 -0.268094 -0.218280 -0.011407 -0.048266 0.394914 0.369508 0.361447 0.419433 0.120607 0.136441 -0.122356 -0.129972 0.359874 0.471891 -0.023895 0.153213 1.000000 0.652326 0.026977 0.083339 -0.032864 0.048938 -0.000079 -0.030726 -0.221973 -0.263357 0.131364 0.257147 -0.074920 -0.082070 -0.069980 -0.154414 -0.092327 -0.304829 -0.396210 -0.164684 -0.158687 -0.152776 -0.216946 -0.191757 -0.086097 -0.187956 -0.046906 -0.220499 -0.246572 -0.261940 0.436633 0.204994 -0.052439 0.109855 -0.126819 -0.070810 0.015425 -0.026573 -0.157800 -0.220560 -0.017547 0.161114 0.109524 0.298510 -0.166505 -0.040354 -0.300482 -0.238082 0.024005 0.011382 0.146762 0.221741 -0.043249 0.050548 0.342384 -0.165506 -0.128856 -0.022919 -0.053182 0.106285 -0.085380 -0.028156 0.083499 -0.082610 -0.216946 -0.337216 -0.084288 -0.191636 -0.072644 -0.290956 -0.152170 -0.153202 0.031292 -0.249482 0.073963 0.008369 0.274451 -0.048415 -0.029359 -0.176909 0.079098 -0.089252
-0.459038 -0.290414 0.358993 0.103732 0.448753 0.059080 0.306193 0.205526 0.459223 0.198343 -0.192185 -0.049723 0.077635 -0.177337 -0.009742 -0.047700 -0.328306 -0.234106 -0.328431 -0.229303 0.061112 -0.041963 0.273659 0.276079 0.414734 0.490422 0.123953 0.167407 -0.218185 -0.145376 0.342939 0.482614 0.135801 0.336740 0.652326 1.000000 0.014879 0.038735 0.085969 -0.006903 -0.099008 -0.143865 -0.238167 -0.228692 0.346095 0.516748 -0.251285 0.034994 0.036927 -0.017405 -0.127617 -0.293445 -0.441860 -0.382653 -0.100083 -0.236558 -0.258622 -0.264856 -0.146950 -0.170427 -0.092353 -0.244615 -0.291025 -0.275150 0.388122 0.227998 -0.023324 0.319183 -0.148522 -0.038140 0.134434 0.149868 -0.135345 -0.153272 -0.148853 -0.082064 -0.068656 0.252019 -0.248761 -0.045796 -0.276250 -0.175400 -0.049256 -0.087711 -0.148093 -0.060540 -0.040004 -0.063330 0.288289 -0.305766 -0.075537 0.025258 -0.073775 0.074437 -0.077295 0.085084 0.153809 -0.032955 -0.219579 -0.250175 -0.059523 -0.209660 0.012718 -0.215423 -0.088168 -0.112267 0.077617 -0.166222 0.062992 0.141019 0.294460 0.004122 -0.048933 -0.117116 -0.051908 -0.011177
