1.000000 0.191292 0.077021 -0.354405 0.072641 -0.181592 0.309586 -0.317150 0.209734 -0.237766 0.586821 -0.035514 0.430512 -0.028467 0.444523 0.005491 0.198548 0.257986 0.528524 0.199070 0.182146 -0.004470 0.183929 -0.216191 -0.215078 -0.235825 0.091877 -0.195414 0.358838 0.173418 0.269553 0.054460 0.182977 0.028668 0.025704 -0.351291 0.124427 -0.236585 -0.065774 -0.322973 -0.019259 -0.083847 -0.241589 -0.099180 -0.217743 -0.428344 -0.123587 -0.216818 -0.091241 -0.127346 -0.101485 -0.073982 0.025557 0.136726 0.118545 -0.126661 0.396027 0.142207 0.133506 -0.228073 0.341787 -0.135581 0.227827 0.189536 0.176877 -0.217969 -0.093418 -0.547347 0.054476 -0.423866 0.089676 -0.154384 0.351592 0.226538 0.391804 0.279905 0.544757 0.029440 0.109746 0.144896 0.035219 0.104155 0.351956 0.014137 0.199072 -0.135862 0.255894 -0.026091 0.211763 0.039156 -0.132102 -0.043909 -0.259204 -0.064154 0.002587 -0.177846 -0.290788 -0.022770 -0.037859 0.075945 -0.331083 0.037577 -0.199802 -0.298599 -0.399767 -0.174188 -0.305635 -0.013227 0.045581 -0.006753 -0.150099 -0.078040 -0.038543 -0.069523 -0.141110 -0.058901
0.191292 1.000000 -0.595578 0.021108 -0.357453 -0.106490 -0.491612 -0.253798 -0.405283 -0.312096 0.084041 0.502703 -0.060118 0.210339 -0.245244 0.186796 0.377374 0.384654 -0.254662 0.414038 -0.014716 -0.061270 -0.485035 -0.305513 -0.362261 -0.442023 -0.417147 -0.324171 0.340827 0.480565 -0.330036 -0.384524 0.135647 -0.091934 -0.385878 -0.418313 0.203482 0.069887 -0.085109 0.106343 0.093644 0.105593 0.162894 0.167992 0.128188 -0.203539 0.204222 0.111423 0.240657 0.176449 0.028907 0.212183 0.548354 0.219911 0.333279 0.070929 0.612538 0.575543 0.181868 0.371748 -0.259450 0.243434 0.261368 0.526102 -0.560524 -0.216644 -0.226426 -0.393208 0.367328 0.171007 0.067464 0.046059 0.304274 0.139537 0.178058 0.097046 0.098629 -0.302735 0.268829 0.279799 0.413614 0.308393 0.089370 0.283723 -0.241514 0.248696 0.039669 0.172683 -0.246626 0.442470 0.218803 -0.323394 -0.106979 -0.462388 -0.167244 -0.118693 -0.103371 -0.213270 0.282670 0.057735 -0.053874 -0.210382 0.217121 -0.234425 0.121754 -0.042112 0.085934 0.019015 -0.225845 0.124417 -0.335182 0.200149 0.283065 0.042705 -0.001458 0.044922
0.077021 -0.595578 1.000000 -0.044797 0.643416 0.113242 0.778396 0.065294 0.589138 0.174098 0.203849 -0.389327 0.295534 -0.265451 0.372597 -0.241711 -0.051078 -0.214264 0.405299 -0.356237 0.327223 -0.182645 0.678444 0.318303 0.423568 0.540692 0.594061 0.388352 -0.087231 -0.380218 0.591363 0.498694 0.069530 0.335469 0.502745 0.267827 -0.327519 -0.375919 0.125480 -0.138542 -0.145714 -0.265086 -0.536623 -0.542557 -0.576023 -0.231264 -0.471917 -0.514164 -0.566274 -0.634719 -0.137820 -0.607140 -0.618638 -0.584522 -0.237819 -0.491208 -0.356624 -0.324989 -0.002249 -0.423108 0.624709 -0.108784 0.084481 -0.144146 0.661622 0.056009 0.463462 0.254500 0.039764 -0.250663 0.062329 0.018200 0.055839 -0.146820 -0.079699 -0.002276 -0.003065 0.248042 -0.059436 -0.124681 -0.147198 0.011056 0.296485 -0.188165 0.285776 -0.257075 0.148020 -0.155240 0.401693 -0.567433 -0.506700 0.160014 0.075514 0.455394 0.018200 -0.040225 -0.090433 0.037786 -0.598552 -0.398696 -0.094499 0.281951 -0.244586 0.033722 -0.329237 -0.093676 -0.110707 0.054202 -0.003446 -0.163542 0.364049 -0.541209 -0.490394 0.107978 -0.035190 -0.053246
-0.354405 0.021108 -0.044797 1.000000 -0.003801 0.317597 -0.110600 0.446734 -0.028853 0.403579 -0.337423 0.241788 -0.209995 0.229901 -0.023926 0.255019 -0.190887 -0.376734 -0.165260 -0.200557 -0.128685 0.169137 -0.013985 0.472183 0.330965 0.297458 0.041285 0.381650 -0.317313 -0.277589 -0.011287 0.102537 -0.291668 -0.178471 -0.167356 0.194610 -0.088324 0.085955 0.071981 0.145566 -0.225672 0.142649 -0.013876 -0.097783 -0.109893 0.060399 -0.155421 -0.061714 -0.216209 -0.163022 -0.085518 -0.242866 -0.120022 -0.246700 -0.258627 -0.216123 -0.192935 -0.146065 -0.344335 -0.044807 -0.240544 0.234489 -0.124370 -0.083085 -0.024864 0.267329 -0.325086 0.023115 -0.191953 0.020615 0.171610 0.159757 -0.325187 0.040262 -0.087454 -0.003494 -0.125638 0.197673 -0.153117 -0.087541 -0.167719 -0.201991 -0.206406 0.178346 0.030567 0.156697 -0.106760 0.120829 0.045205 0.032655 0.188497 -0.098669 0.588962 0.047918 0.157742 0.136641 -0.230354 -0.077278 -0.223544 -0.379003 0.209379 -0.045218 0.048981 -0.111960 0.096129 0.076968 0.312676 0.212657 0.232589 0.131305 -0.015493 -0.080791 -0.166703 -0.253751 -0.078500 -0.105997
0.072641 -0.357453 0.643416 -0.003801 1.000000 0.615476 0.585697 0.215567 0.604346 0.389379 0.148144 -0.223498 0.170434 -0.132519 0.355379 0.068726 -0.008609 -0.137761 0.294446 -0.159622 0.296879 -0.149043 0.432697 0.296503 0.399480 0.462460 0.671919 0.271995 -0.132230 -0.241421 0.386959 0.329624 -0.043142 0.105592 0.079103 0.078639 -0.398167 -0.266329 -0.003731 -0.030522 -0.324402 -0.209234 -0.332366 -0.412304 -0.400567 -0.292050 -0.194516 -0.372017 -0.378775 -0.471215 -0.020685 -0.492417 -0.367115 -0.367797 -0.252336 -0.399020 -0.183654 -0.259522 0.005238 -0.377696 0.457510 0.059742 -0.026705 -0.095043 0.473995 0.079839 0.130469 0.015733 0.024742 -0.094571 0.319801 0.181113 0.020456 0.029101 0.091067 0.062852 0.050638 0.141014 0.043895 -0.082022 -0.113577 -0.015125 0.099295 -0.069198 -0.001646 -0.313466 0.041138 -0.142491 0.235137 -0.368499 -0.263970 0.253660 0.247378 0.442226 -0.051737 -0.070295 -0.275986 -0.136084 -0.469658 -0.445532 0.097382 0.155878 -0.222654 -0.119497 -0.462009 -0.265218 -0.207130 -0.118347 -0.151824 -0.075074 0.141155 -0.294956 -0.322897 0.025201 -0.110966 -0.035673
-0.181592 -0.106490 0.113242 0.317597 0.615476 1.000000 0.013401 0.409404 0.218274 0.615597 0.021019 0.072495 -0.004495 0.155627 0.093257 0.306111 -0.046646 -0.174127 -0.146710 -0.069980 0.105300 0.056179 -0.020227 0.267532 0.385171 0.436107 0.410023 0.318427 -0.248623 -0.260781 0.005260 0.068984 -0.255802 -0.087529 -0.189874 0.198813 -0.249814 -0.078020 -0.048700 0.166280 -0.316115 -0.070442 -0.044307 -0.188217 -0.088490 -0.013561 0.037164 -0.109300 -0.067169 -0.166465 0.104460 -0.264188 -0.063486 -0.202221 -0.300875 -0.281615 -0.130078 -0.201268 -0.074780 -0.128820 -0.020888 0.233428 -0.217411 -0.125326 0.021244 0.268915 -0.184462 0.089366 -0.118427 0.123217 0.336571 0.384627 -0.152073 0.085135 0.075319 0.078545 -0.086362 0.163728 -0.162667 -0.145170 -0.212224 -0.189272 -0.273588 0.034556 -0.217946 -0.141866 -0.299644 -0.102621 -0.111135 -0.111494 0.054333 0.104581 0.423901 0.260269 0.017344 -0.067720 -0.203340 -0.132709 -0.235400 -0.439392 0.289883 0.026522 -0.031811 -0.108274 -0.142092 -0.236003 -0.028801 -0.103972 -0.050708 0.056886 0.034808 -0.067928 -0.106999 -0.136356 0.033806 0.014060
0.309586 -0.491612 0.778396 -0.110600 0.585697 0.013401 1.000000 0.150682 0.643117 0.156576 0.200898 -0.260069 0.370159 -0.199649 0.559202 -0.082038 -0.046785 -0.158105 0.698127 -0.140044 0.291344 -0.068367 0.687136 0.331071 0.124936 0.331957 0.425601 0.177183 0.073131 -0.237012 0.652808 0.537254 0.169511 0.271761 0.328904 -0.047765 -0.316866 -0.480000 -0.147601 -0.426315 -0.232081 -0.249241 -0.583832 -0.519625 -0.508671 -0.453228 -0.467698 -0.535680 -0.573568 -0.511906 -0.144797 -0.452204 -0.624356 -0.374162 -0.370075 -0.480483 -0.190925 -0.306955 -0.154855 -0.547047 0.631970 -0.057704 0.146019 0.008360 0.783281 -0.047470 0.247097 -0.118721 -0.008247 -0.359213 0.038972 -0.159559 0.116321 -0.017921 0.107865 0.002672 0.157203 0.157272 0.032337 -0.123352 -0.105898 0.021777 0.350103 0.019606 0.358914 -0.259907 0.197602 -0.295492 0.500315 -0.573408 -0.436532 0.100993 0.087650 0.419185 -0.071351 -0.158067 -0.346275 -0.102772 -0.526209 -0.367822 -0.077264 0.218773 -0.298871 -0.138946 -0.487877 -0.177416 -0.265608 -0.048322 0.007525 -0.266536 0.028648 -0.436960 -0.539836 -0.036885 -0.267392 -0.090794
-0.317150 -0.253798 0.065294 0.446734 0.215567 0.409404 0.150682 1.000000 0.096708 0.740539 -0.252661 0.230683 -0.086970 0.434940 -0.073018 0.300302 -0.402863 -0.429614 -0.156821 -0.174713 -0.039495 0.160242 -0.156768 0.305532 0.079551 0.252810 0.082624 0.200860 -0.349167 -0.276600 0.076390 0.237897 -0.064080 0.015772 -0.147310 0.209487 -0.216842 -0.097098 -0.108799 0.171109 -0.081949 0.041721 -0.067488 -0.086549 -0.068857 0.236482 -0.071578 -0.072651 -0.299066 -0.144384 -0.055056 -0.155842 -0.373673 -0.250708 -0.546069 -0.217731 -0.389353 -0.614688 -0.250773 -0.206129 -0.082011 0.593552 -0.457995 -0.205504 0.125547 0.627335 -0.206080 0.196876 -0.457349 -0.177700 -0.013671 0.033325 -0.316736 -0.175557 -0.222048 -0.076699 -0.370125 0.028567 -0.244646 -0.314014 -0.249907 -0.291991 -0.388044 0.143253 -0.135922 0.104606 -0.343902 -0.153984 -0.146533 -0.352331 0.074413 -0.075605 0.581832 0.127390 0.155009 0.113703 -0.212665 -0.029354 -0.183125 -0.405190 0.391013 -0.220779 0.025698 -0.258643 -0.052243 -0.008128 -0.026635 0.104265 0.096530 -0.067240 -0.004284 -0.117837 -0.142367 -0.274171 -0.009597 0.082954
0.209734 -0.405283 0.589138 -0.028853 0.604346 0.218274 0.643117 0.096708 1.000000 0.477175 0.272624 -0.032800 0.413687 0.055433 0.738354 0.161890 -0.212742 -0.368199 0.314032 -0.397940 0.247135 -0.197847 0.585531 0.530022 0.462471 0.403746 0.640742 0.251627 -0.044039 -0.378922 0.338293 0.421658 -0.268771 -0.146917 0.123616 -0.007015 -0.111887 -0.242799 -0.007582 -0.220358 -0.015805 -0.155659 -0.394057 -0.451973 -0.495448 -0.338820 -0.406803 -0.416510 -0.433367 -0.441659 -0.107800 -0.448331 -0.474970 -0.207168 -0.420221 -0.418210 -0.343287 -0.414007 -0.198152 -0.469498 0.381804 -0.030759 -0.013464 -0.208126 0.628436 0.063205 -0.016144 -0.113935 -0.135033 -0.323440 0.139507 -0.041438 -0.181351 -0.047781 0.019196 0.089101 0.135299 0.097413 -0.050583 -0.113158 -0.099210 -0.019436 0.372731 0.183157 0.375857 -0.237213 0.092184 -0.167550 0.354519 -0.411111 -0.215484 0.284857 0.264544 0.517666 0.074292 -0.123084 -0.328727 -0.169563 -0.518811 -0.328655 0.000467 0.268766 -0.237441 -0.101106 -0.380384 -0.193669 -0.250748 -0.051804 -0.087510 -0.149594 -0.041150 -0.314560 -0.337857 -0.137044 -0.227312 -0.098836
-0.237766 -0.312096 0.174098 0.403579 0.389379 0.615597 0.156576 0.740539 0.477175 1.000000 -0.057822 0.213269 0.031737 0.477726 0.180532 0.419569 -0.415406 -0.511560 -0.158532 -0.291684 0.069909 0.076062 0.063672 0.580523 0.393737 0.422344 0.419772 0.342928 -0.387584 -0.453165 0.081865 0.288013 -0.384144 -0.236558 -0.153849 0.276496 -0.151321 -0.120429 -0.091482 0.091735 -0.016798 -0.018108 -0.090734 -0.190724 -0.185149 0.139239 -0.144961 -0.156176 -0.334349 -0.249034 -0.089296 -0.324985 -0.404246 -0.209606 -0.633937 -0.364499 -0.453442 -0.638392 -0.348829 -0.373979 -0.116646 0.406408 -0.437737 -0.328434 0.214949 0.569121 -0.333992 0.151554 -0.496074 -0.145193 0.144595 0.188267 -0.464117 -0.107656 -0.181715 -0.036421 -0.273215 0.121370 -0.215902 -0.217853 -0.224075 -0.200152 -0.223668 0.212609 0.024050 0.044347 -0.334584 0.013622 -0.173423 -0.318846 0.084063 0.107615 0.685255 0.335369 0.132000 0.055366 -0.355622 -0.097038 -0.334132 -0.502880 0.398744 0.033209 -0.030368 -0.206881 -0.106338 -0.104394 -0.118960 0.104217 0.010861 -0.066509 -0.018023 -0.144075 -0.152799 -0.383490 -0.037489 0.007000
0.586821 0.084041 0.203849 -0.337423 0.148144 0.021019 0.200898 -0.252661 0.272624 -0.057822 1.000000 0.200880 0.816157 0.281610 0.409356 0.111921 0.419576 0.173174 0.128273 -0.039461 0.187439 -0.118221 0.128634 -0.092668 -0.071962 -0.087703 0.146422 -0.127635 0.390228 0.007292 0.187618 0.010096 0.012535 0.079999 0.020549 -0.018777 0.257138 -0.069994 0.160955 -0.099604 0.047794 0.006649 -0.366169 -0.348632 -0.390913 -0.369840 -0.349960 -0.416823 -0.196856 -0.427374 -0.335784 -0.436842 -0.086886 -0.258288 0.082506 -0.354239 0.297630 0.135485 0.300730 -0.180322 0.463074 -0.007935 0.279316 0.134832 0.078981 -0.050485 0.055562 -0.192119 0.190743 -0.208535 0.052788 0.047897 0.306406 0.010607 0.228221 0.313091 0.364903 0.072742 0.140169 0.194431 0.222432 0.295024 0.304782 0.062577 0.112794 -0.036702 -0.093447 -0.123795 0.102196 -0.123236 -0.375142 -0.103331 -0.056068 0.230193 0.123902 -0.018938 -0.268667 -0.071060 -0.305616 -0.169505 -0.123245 0.163860 -0.311346 -0.117630 -0.306775 -0.134362 -0.277332 -0.107904 -0.106943 -0.037500 -0.114240 -0.345870 -0.239012 -0.146435 0.029657 -0.143998
-0.035514 0.502703 -0.389327 0.241788 -0.223498 0.072495 -0.260069 0.230683 -0.032800 0.213269 0.200880 1.000000 0.304877 0.733397 0.096033 0.628247 0.155928 0.032623 -0.270540 -0.029636 -0.071307 -0.058177 -0.456968 0.095778 -0.287628 -0.194724 -0.315290 -0.237301 0.303513 0.207988 -0.215453 -0.149932 0.026090 -0.158422 -0.476871 -0.185130 0.100331 0.103010 -0.064957 -0.029058 0.068002 0.121031 0.024176 -0.027926 -0.021898 -0.136998 -0.025605 -0.103126 -0.020476 -0.053373 -0.173280 0.017788 0.132101 0.011633 -0.012505 -0.048850 0.141006 0.018521 0.100039 0.109422 -0.045193 0.512377 0.188512 0.272695 -0.331771 0.124127 -0.185966 -0.254505 0.016674 -0.082679 -0.115416 0.065381 -0.032913 -0.022465 -0.018822 0.116453 -0.114619 -0.084086 0.012488 0.038941 0.114303 0.008303 -0.043982 0.497262 -0.194595 0.311722 -0.325879 -0.007349 -0.229243 0.064068 0.015209 -0.373446 0.292863 -0.210261 0.049071 0.078551 -0.265706 -0.095181 -0.004894 -0.134219 0.045608 -0.257002 -0.102162 -0.345994 -0.015378 0.061268 -0.134004 0.030140 -0.016280 0.007499 -0.465554 -0.058412 0.151990 -0.069970 0.032847 -0.090536
0.430512 -0.060118 0.295534 -0.209995 0.170434 -0.004495 0.370159 -0.086970 0.413687 0.031737 0.816157 0.304877 1.000000 0.389534 0.538420 0.185196 0.299806 -0.065443 0.116261 -0.204674 0.067557 -0.170016 0.152665 0.053477 -0.081065 -0.052537 0.074956 -0.192080 0.358634 -0.161707 0.149321 0.005095 0.039809 0.064148 -0.005053 -0.053105 0.245259 -0.158412 0.155556 -0.171872 0.005310 -0.109430 -0.409517 -0.397216 -0.450689 -0.344845 -0.485062 -0.466490 -0.296830 -0.488583 -0.364441 -0.467989 -0.250146 -0.362990 0.036834 -0.383807 0.138126 -0.039407 0.308531 -0.212675 0.635015 0.144444 0.336137 0.095819 0.209624 0.022631 0.109497 -0.156801 0.193823 -0.250033 -0.096042 -0.151662 0.204166 -0.097622 0.166304 0.140836 0.233762 0.070887 0.017696 0.005630 0.118945 0.181356 0.287457 0.096470 0.199686 0.089609 -0.103921 -0.141659 0.258924 -0.208254 -0.411315 -0.165082 0.047844 0.241539 0.183554 -0.004683 -0.326757 -0.089381 -0.401038 -0.282728 -0.094737 0.156813 -0.328886 -0.203985 -0.410608 -0.226662 -0.268990 -0.182175 -0.033412 -0.113015 -0.189599 -0.466134 -0.379724 -0.178099 -0.042806 -0.173993
-0.028467 0.210339 -0.265451 0.229901 -0.132519 0.155627 -0.199649 0.434940 0.055433 0.477726 0.281610 0.733397 0.389534 1.000000 0.105414 0.521016 -0.133410 -0.268830 -0.365332 -0.106319 -0.165576 0.004316 -0.276133 0.267876 -0.029774 -0.043658 -0.090829 -0.008356 -0.102049 -0.212333 -0.175074 -0.078882 -0.222917 -0.232084 -0.262546 0.171942 0.132397 0.068640 0.008949 0.109825 0.061078 0.041187 0.016197 -0.026709 -0.122860 0.161914 -0.100089 -0.103893 -0.215150 -0.215667 -0.301012 -0.189621 -0.189834 -0.115439 -0.236297 -0.154521 -0.012127 -0.232002 -0.072186 -0.208319 -0.115752 0.495921 -0.260443 -0.153098 -0.132464 0.554897 -0.384538 0.013211 -0.269359 -0.144949 -0.138682 0.054543 -0.301345 -0.122763 -0.111711 0.061494 -0.166340 0.025773 -0.113468 -0.048780 0.019820 -0.016286 -0.269763 0.190221 0.014711 0.512200 -0.311374 0.156641 -0.243169 -0.004412 -0.033240 -0.216829 0.467252 -0.051978 0.114049 0.230222 -0.334752 -0.001968 -0.129126 -0.262233 0.173873 -0.263728 -0.153697 -0.420023 -0.145994 -0.015278 -0.194582 -0.006650 -0.053523 0.030719 -0.199124 -0.127574 0.044805 -0.288455 0.138030 0.022174
0.444523 -0.245244 0.372597 -0.023926 0.355379 0.093257 0.559202 -0.073018 0.738354 0.180532 0.409356 0.096033 0.538420 0.105414 1.000000 0.253495 -0.112416 -0.212058 0.434124 -0.280947 0.223413 0.013223 0.595516 0.371855 0.170517 0.271605 0.438001 0.222858 0.104834 -0.264082 0.384709 0.343683 -0.209138 -0.118977 0.057262 -0.075150 -0.035908 -0.103829 0.024393 -0.273202 -0.053016 -0.060784 -0.384511 -0.388163 -0.486930 -0.516628 -0.358845 -0.382083 -0.392242 -0.368072 -0.194004 -0.337371 -0.383292 -0.063138 -0.215242 -0.268995 -0.138673 -0.178067 -0.220308 -0.434340 0.367052 -0.127539 0.061409 -0.212520 0.615693 -0.035548 -0.173046 -0.347876 -0.100314 -0.346809 0.006519 -0.115483 -0.061257 0.065209 0.152858 0.189920 0.296721 0.168811 -0.152540 0.004265 -0.244490 -0.113286 0.407777 0.117234 0.495465 -0.141857 0.300574 -0.127251 0.507611 -0.141702 -0.261626 0.217359 0.105671 0.279763 0.152313 0.018186 -0.328962 -0.117123 -0.381963 -0.122550 -0.206766 0.074610 -0.472679 -0.215153 -0.339686 -0.044465 -0.188088 -0.028814 0.173661 -0.013509 -0.132641 -0.287663 -0.248560 -0.091685 -0.064556 -0.044045
0.005491 0.186796 -0.241711 0.255019 0.068726 0.306111 -0.082038 0.300302 0.161890 0.419569 0.111921 0.628247 0.185196 0.521016 0.253495 1.000000 -0.121291 -0.216008 -0.062941 -0.086419 0.028269 0.225196 -0.184933 0.242639 -0.097629 -0.066410 -0.036380 -0.053452 0.100765 -0.065173 -0.124588 -0.109392 -0.047335 -0.208055 -0.335663 -0.088451 0.145623 0.078659 -0.014357 -0.099100 -0.078409 0.237550 0.006814 -0.118311 -0.063673 -0.179616 -0.094064 -0.182920 -0.063039 -0.090667 -0.070760 -0.035137 -0.048684 0.021929 -0.161385 -0.147686 -0.083754 -0.190804 -0.148388 -0.204228 -0.097287 0.392904 0.062011 0.079884 -0.134868 0.158397 -0.278186 -0.251387 -0.096848 0.043749 -0.031474 0.041287 -0.229416 -0.035794 0.026029 0.053641 -0.107961 -0.075887 -0.182998 -0.198260 -0.088397 -0.157657 -0.017646 0.564432 -0.186910 0.221117 -0.313060 -0.034966 -0.123034 0.029665 0.153948 -0.045326 0.354633 0.004589 0.286835 0.095786 -0.343465 -0.063571 -0.117416 -0.254582 0.066835 -0.185380 -0.246682 -0.310775 0.009398 0.074269 -0.038792 0.224400 0.081748 0.005188 -0.363624 -0.149109 0.003966 -0.104752 -0.059948 -0.104579
0.198548 0.377374 -0.051078 -0.190887 -0.008609 -0.046646 -0.046785 -0.402863 -0.212742 -0.415406 0.419576 0.155928 0.299806 -0.133410 -0.112416 -0.121291 1.000000 0.643007 0.032274 0.153989 0.194960 -0.079099 -0.218342 -0.407856 -0.349756 -0.187235 -0.267897 -0.326286 0.727122 0.566912 0.089082 -0.187774 0.331927 0.138146 -0.090195 -0.293550 0.293398 0.086765 0.043601 -0.114117 0.012865 0.116053 -0.292786 -0.290155 -0.155421 -0.498567 -0.202682 -0.339723 0.027343 -0.178113 -0.207079 -0.227400 0.380845 -0.164942 0.382665 -0.199343 0.674779 0.680070 0.408381 0.281056 0.276433 -0.083297 0.679200 0.637814 -0.286891 -0.506867 0.292647 -0.230369 0.595924 0.182156 0.198456 0.076792 0.729403 0.264864 0.399878 0.289247 0.331549 -0.040023 0.635711 0.439018 0.610520 0.560388 0.254383 0.159605 -0.187478 -0.142545 -0.035327 -0.148066 0.007059 0.032755 -0.192343 -0.331990 -0.232129 -0.065239 -0.044729 -0.183784 -0.095895 -0.020272 -0.093101 -0.067552 -0.100157 0.143185 0.002408 0.139000 -0.125917 -0.043586 0.040868 -0.096156 -0.093392 -0.062414 -0.250737 -0.118398 -0.104760 0.086437 -0.003159 -0.194156
0.257986 0.384654 -0.214264 -0.376734 -0.137761 -0.174127 -0.158105 -0.429614 -0.368199 -0.511560 0.173174 0.032623 -0.065443 -0.268830 -0.212058 -0.216008 0.643007 1.000000 0.088489 0.286468 0.070709 -0.059320 -0.209618 -0.573353 -0.354992 -0.262155 -0.212721 -0.281842 0.552085 0.769167 0.081822 -0.179548 0.402628 0.214915 -0.044512 -0.284990 0.156862 0.249196 0.077057 0.000464 0.016300 0.214737 -0.010243 0.052428 0.034965 -0.381753 0.193201 -0.054255 0.117847 0.068228 0.110716 0.126273 0.406216 0.151175 0.456917 0.155803 0.619275 0.728538 0.228161 0.264046 0.005801 -0.250510 0.352849 0.425808 -0.279202 -0.481681 0.220965 -0.222823 0.346270 0.063001 0.100645 0.107137 0.673482 0.370433 0.372503 0.297321 0.354061 0.096130 0.526442 0.638151 0.364776 0.467848 0.016052 -0.008851 -0.175813 -0.294774 0.078488 -0.092611 -0.032220 0.143434 -0.157003 -0.311063 -0.476867 -0.336887 -0.305291 -0.129231 0.222646 0.072399 0.200861 0.216326 -0.169870 -0.004375 0.030144 0.052583 0.029011 0.027284 0.062097 -0.049050 -0.123056 0.099215 -0.078652 0.097726 0.204161 0.231263 0.001200 -0.086851
0.528524 -0.254662 0.405299 -0.165260 0.294446 -0.146710 0.698127 -0.156821 0.314032 -0.158532 0.128273 -0.270540 0.116261 -0.365332 0.434124 -0.062941 0.032274 0.088489 1.000000 0.287562 0.188796 0.051620 0.524532 0.095312 -0.162770 0.022215 0.110517 -0.022205 0.235924 0.057846 0.546424 0.419439 0.293239 0.168485 0.168960 -0.311553 -0.286650 -0.372062 -0.287403 -0.541982 -0.220417 -0.194509 -0.325630 -0.259395 -0.166362 -0.509739 -0.158455 -0.256774 -0.254833 -0.119083 -0.103789 -0.085562 -0.231584 0.006180 -0.148549 -0.145312 -0.009068 -0.016987 -0.149439 -0.318843 0.370905 -0.275762 0.318587 0.139921 0.518045 -0.402666 0.178953 -0.407917 0.076957 -0.159521 0.080150 -0.100482 0.171269 0.238984 0.248775 0.112511 0.367493 0.228187 0.033909 -0.085513 -0.123324 -0.099386 0.430673 0.094367 0.273259 -0.378856 0.307958 -0.235501 0.340669 -0.270760 -0.176336 0.046359 -0.196483 0.102690 -0.097687 -0.195500 -0.217960 -0.038709 -0.149241 -0.074260 -0.168166 0.188814 -0.183999 -0.043140 -0.338993 -0.156677 -0.223416 -0.021462 0.136899 -0.185462 -0.045307 -0.118689 -0.354374 0.070006 -0.243847 -0.114048
0.199070 0.414038 -0.356237 -0.200557 -0.159622 -0.069980 -0.140044 -0.174713 -0.397940 -0.291684 -0.039461 -0.029636 -0.204674 -0.106319 -0.280947 -0.086419 0.153989 0.286468 0.287562 1.000000 -0.254230 0.073529 -0.195895 -0.200196 -0.482407 -0.415054 -0.433132 -0.391918 0.232891 0.326419 -0.191255 -0.144203 0.236144 0.091192 -0.266682 -0.361843 -0.059408 -0.139719 -0.401196 -0.113027 -0.022291 -0.237992 0.048215 0.094263 0.233824 -0.115306 0.178638 0.147728 0.205123 0.313043 -0.115929 0.249357 0.283798 0.181496 0.074051 0.116666 0.405337 0.354749 0.012764 0.196226 -0.210491 -0.024143 0.153892 0.322316 -0.264549 -0.311943 -0.035744 -0.196908 0.287762 0.349490 0.022634 -0.030106 0.204321 0.119787 0.129427 -0.150901 0.027737 -0.200987 0.192303 0.049461 0.263202 0.163993 0.072167 0.107740 -0.200774 -0.013327 0.082182 0.085762 -0.312505 0.164627 0.207150 0.025920 -0.185364 -0.236541 -0.260040 -0.174492 -0.118020 -0.011534 0.282299 0.131578 0.146588 0.003503 0.218121 -0.014315 0.009321 -0.200458 -0.056374 -0.085286 -0.139272 -0.047289 -0.218336 0.284078 0.069867 -0.001680 0.022176 0.184990
0.182146 -0.014716 0.327223 -0.128685 0.296879 0.105300 0.291344 -0.039495 0.247135 0.069909 0.187439 -0.071307 0.067557 -0.165576 0.223413 0.028269 0.194960 0.070709 0.188796 -0.254230 1.000000 0.040841 0.230208 0.094836 0.039251 0.332120 0.394613 0.307949 0.197879 0.022395 0.503406 0.475382 0.008957 0.118220 0.244557 0.010487 -0.147153 -0.257310 0.062606 0.012180 0.027179 -0.016574 -0.263038 -0.257491 -0.250748 -0.309826 -0.159626 -0.252762 -0.263781 -0.263692 -0.164618 -0.268444 -0.172887 -0.115211 -0.171127 -0.316619 0.059793 0.004844 -0.018676 -0.264888 0.165613 -0.111832 0.038935 0.033765 0.217703 -0.110422 0.005112 -0.140075 0.055567 -0.187417 0.443946 0.394610 0.104320 0.146186 0.080913 0.293847 0.171435 0.134063 0.055176 -0.050992 0.044365 0.054662 0.315240 0.055409 0.035386 -0.196786 0.106480 -0.180480 0.088429 -0.232769 -0.179802 0.031770 0.010611 0.190462 0.002528 0.016269 -0.158007 -0.059539 -0.286036 -0.161035 -0.049100 0.115212 -0.246546 -0.035655 -0.256139 0.069867 -0.054941 0.173377 -0.018071 -0.011694 0.033290 -0.135634 -0.056980 0.070061 -0.007719 -0.049092
-0.004470 -0.061270 -0.182645 0.169137 -0.149043 0.056179 -0.068367 0.160242 -0.197847 0.076062 -0.118221 -0.058177 -0.170016 0.004316 0.013223 0.225196 -0.079099 -0.059320 0.051620 0.073529 0.040841 1.000000 -0.073836 -0.091014 -0.044277 0.085022 -0.076949 0.150022 -0.104269 -0.072287 -0.132025 -0.055208 -0.142239 -0.135154 0.150252 0.110874 0.186353 -0.045963 0.105816 -0.018091 -0.113059 0.236876 0.038958 -0.052490 0.093756 0.026924 -0.043890 -0.079279 0.052488 0.070592 -0.028737 0.038874 -0.032837 0.035206 -0.040236 -0.047358 -0.000701 -0.072149 -0.298338 -0.118009 -0.253451 0.044860 -0.169054 -0.106112 -0.016483 0.124028 -0.292900 -0.027448 -0.206855 0.125556 0.098940 -0.048381 -0.217875 -0.013900 -0.056415 -0.073157 -0.122223 -0.063611 -0.197484 -0.014416 0.006610 -0.075410 -0.125112 0.144858 0.042865 0.040412 -0.079158 -0.242012 0.069075 0.084570 0.272635 0.066793 0.102536 -0.004970 0.360244 0.044848 -0.122920 -0.029622 0.057070 -0.002750 -0.187228 -0.097383 -0.101933 0.007509 0.271774 0.145158 0.194062 0.151286 0.389264 -0.161742 -0.071164 -0.109092 -0.008489 -0.028906 0.120392 -0.141116
0.183929 -0.485035 0.678444 -0.013985 0.432697 -0.020227 0.687136 -0.156768 0.585531 0.063672 0.128634 -0.456968 0.152665 -0.276133 0.595516 -0.184933 -0.218342 -0.209618 0.524532 -0.195895 0.230208 -0.073836 1.000000 0.518514 0.427642 0.444162 0.591888 0.561221 -0.212484 -0.465423 0.530907 0.480867 -0.243821 0.118390 0.573902 0.284459 -0.195009 -0.251281 0.132979 -0.188109 -0.083752 -0.137951 -0.474719 -0.472322 -0.556857 -0.263870 -0.457589 -0.440494 -0.563311 -0.510945 -0.145836 -0.497803 -0.625691 -0.306380 -0.258947 -0.426935 -0.273385 -0.147798 -0.361668 -0.593972 0.296437 -0.417114 -0.096648 -0.369135 0.848444 0.034010 0.039534 0.122382 -0.060367 -0.089516 -0.038639 -0.052469 -0.069457 -0.080842 -0.006680 -0.030361 0.197707 0.174256 -0.095253 -0.010808 -0.223018 -0.027437 0.350313 -0.267279 0.638341 -0.156492 0.500251 0.018909 0.589895 -0.226139 -0.318397 0.441765 0.127483 0.465595 -0.044071 -0.049026 -0.152843 -0.175973 -0.509361 -0.233403 -0.157775 0.215654 -0.378540 -0.035010 -0.254263 -0.070057 -0.046340 0.045616 -0.062499 -0.098768 0.336605 -0.379771 -0.423014 0.011063 -0.093425 -0.047827
-0.216191 -0.305513 0.318303 0.472183 0.296503 0.267532 0.331071 0.305532 0.530022 0.580523 -0.092668 0.095778 0.053477 0.267876 0.371855 0.242639 -0.407856 -0.573353 0.095312 -0.200196 0.094836 -0.091014 0.518514 1.000000 0.439551 0.483809 0.394887 0.521827 -0.372933 -0.595822 0.196492 0.476828 -0.386423 -0.187753 0.170374 0.297872 -0.247835 -0.142650 -0.047353 -0.052338 -0.056473 -0.148684 -0.318707 -0.411203 -0.427873 -0.041407 -0.413884 -0.339575 -0.554359 -0.436940 -0.240712 -0.462913 -0.577460 -0.337303 -0.498284 -0.480696 -0.438456 -0.455362 -0.482846 -0.548418 -0.066030 -0.016672 -0.241624 -0.392363 0.499816 0.326393 -0.205789 0.207406 -0.273033 -0.020498 0.044194 0.101243 -0.454074 -0.182442 -0.210902 -0.090611 -0.126948 0.184100 -0.142815 -0.196227 -0.150885 -0.145480 0.116913 0.096462 0.417591 0.245617 0.125334 0.222017 0.178623 -0.176853 -0.040856 0.370147 0.717150 0.499393 0.052780 0.094390 -0.418651 -0.156828 -0.577345 -0.495867 0.088542 0.106472 -0.313343 -0.169647 -0.196405 0.005713 -0.090831 0.093183 -0.032250 -0.034239 0.055846 -0.288338 -0.351649 -0.246841 -0.124093 -0.096014
-0.215078 -0.362261 0.423568 0.330965 0.399480 0.385171 0.124936 0.079551 0.462471 0.393737 -0.071962 -0.287628 -0.081065 -0.029774 0.170517 -0.097629 -0.349756 -0.354992 -0.162770 -0.482407 0.039251 -0.044277 0.427642 0.439551 1.000000 0.602774 0.709513 0.607711 -0.555967 -0.517294 0.048758 0.184507 -0.501500 -0.154563 0.321264 0.456991 -0.180878 0.013582 0.234123 0.198058 -0.175803 -0.085040 -0.025448 -0.153349 -0.260796 0.147237 -0.149271 -0.119074 -0.232484 -0.320329 0.126174 -0.366436 -0.313805 -0.220165 -0.218992 -0.258593 -0.346214 -0.242079 -0.244995 -0.302908 -0.025768 -0.171370 -0.367538 -0.477546 0.352313 0.323753 -0.128689 0.292247 -0.224606 -0.063369 0.221822 0.185976 -0.393708 -0.092479 -0.203481 0.001430 -0.090346 0.210625 -0.193871 -0.063460 -0.212483 -0.124463 -0.136325 -0.222550 0.264422 -0.088577 -0.003411 0.010783 0.235117 -0.101431 -0.041936 0.323350 0.313051 0.409586 0.077360 0.096966 -0.010490 -0.106760 -0.359266 -0.250249 -0.030024 0.194047 -0.010275 0.124585 -0.012068 -0.024712 0.042154 0.020138 -0.105253 0.110680 0.354142 -0.178492 -0.170904 -0.012167 0.018296 0.014161
-0.235825 -0.442023 0.540692 0.297458 0.462460 0.436107 0.331957 0.252810 0.403746 0.422344 -0.087703 -0.194724 -0.052537 -0.043658 0.271605 -0.066410 -0.187235 -0.262155 0.022215 -0.415054 0.332120 0.085022 0.444162 0.483809 0.602774 1.000000 0.625346 0.704206 -0.322427 -0.370554 0.539954 0.649103 -0.231625 0.146512 0.431166 0.498484 -0.342002 -0.043621 0.155333 0.194906 -0.223381 -0.006457 -0.164816 -0.283991 -0.317341 -0.005683 -0.142611 -0.253178 -0.499588 -0.433580 -0.059859 -0.468533 -0.564726 -0.360775 -0.446585 -0.370000 -0.323213 -0.291492 -0.390426 -0.518182 0.095288 -0.101391 -0.287202 -0.383421 0.540714 0.365209 -0.046251 0.245032 -0.262473 -0.140075 0.234443 0.312425 -0.260348 0.036758 -0.145316 0.244457 -0.067915 0.375135 -0.172610 -0.002585 -0.229904 -0.119336 -0.155428 -0.127802 0.213335 -0.135622 -0.018135 -0.107193 0.158079 -0.396355 -0.287057 0.157988 0.324233 0.251357 0.008660 0.205234 0.028792 -0.002054 -0.421156 -0.326541 -0.020449 -0.028558 -0.345983 -0.069213 -0.110603 0.131023 -0.129833 0.022605 0.002573 0.186853 0.445497 -0.163785 -0.161641 0.037554 0.196246 0.074830
0.091877 -0.417147 0.594061 0.041285 0.671919 0.410023 0.425601 0.082624 0.640742 0.419772 0.146422 -0.315290 0.074956 -0.090829 0.438001 -0.036380 -0.267897 -0.212721 0.110517 -0.433132 0.394613 -0.076949 0.591888 0.394887 0.709513 0.625346 1.000000 0.616351 -0.412053 -0.425037 0.376431 0.387846 -0.407693 -0.077060 0.312997 0.281407 -0.275007 -0.143801 0.218856 0.142090 -0.120779 -0.160768 -0.206450 -0.296556 -0.440603 -0.148339 -0.135182 -0.267842 -0.404236 -0.477249 0.118525 -0.441700 -0.484175 -0.178810 -0.330183 -0.300407 -0.295318 -0.295814 -0.269930 -0.574604 0.218408 -0.161621 -0.344821 -0.435949 0.602100 0.268685 -0.132640 0.126421 -0.278268 -0.240066 0.271039 0.252504 -0.265690 0.014498 -0.032458 0.142308 0.066902 0.285562 -0.084843 0.059148 -0.240463 -0.026779 0.027078 -0.231047 0.343089 -0.176657 0.179726 0.053243 0.368827 -0.228743 -0.260990 0.316322 0.247110 0.413807 -0.010415 0.144110 -0.140528 -0.048835 -0.422730 -0.254771 0.033601 0.152451 -0.251216 -0.110089 -0.249303 -0.090072 -0.166559 0.083046 -0.099748 0.154988 0.333697 -0.199570 -0.136847 -0.006939 0.010616 0.072298
-0.195414 -0.324171 0.388352 0.381650 0.271995 0.318427 0.177183 0.200860 0.251627 0.342928 -0.127635 -0.237301 -0.192080 -0.008356 0.222858 -0.053452 -0.326286 -0.281842 -0.022205 -0.391918 0.307949 0.150022 0.561221 0.521827 0.607711 0.704206 0.616351 1.000000 -0.511770 -0.474909 0.337815 0.429252 -0.487012 -0.004297 0.517639 0.576851 -0.255382 -0.011657 0.372100 0.302013 -0.041211 0.153445 -0.217800 -0.303723 -0.395269 0.105122 -0.226590 -0.269173 -0.496263 -0.442369 -0.000910 -0.442002 -0.539904 -0.336071 -0.359124 -0.366588 -0.372155 -0.231888 -0.493227 -0.516893 -0.126371 -0.230707 -0.430448 -0.550026 0.486388 0.393431 -0.168633 0.412485 -0.363991 -0.030657 0.176204 0.317606 -0.286529 -0.031011 -0.136114 -0.001926 -0.056967 0.258131 -0.278255 0.017677 -0.323089 -0.159417 -0.018770 -0.262628 0.425184 0.013771 0.195931 0.088264 0.323596 -0.098841 -0.191480 0.300774 0.409201 0.313170 0.090278 0.152553 0.010551 -0.082783 -0.472241 -0.353174 -0.003848 -0.013260 -0.229928 -0.060779 0.065729 0.113154 0.160441 0.260124 0.029071 0.157754 0.469610 -0.314620 -0.208644 -0.024685 0.070072 0.016393
0.358838 0.340827 -0.087231 -0.317313 -0.132230 -0.248623 0.073131 -0.349167 -0.044039 -0.387584 0.390228 0.303513 0.358634 -0.102049 0.104834 0.100765 0.727122 0.552085 0.235924 0.232891 0.197879 -0.104269 -0.212484 -0.372933 -0.555967 -0.322427 -0.412053 -0.511770 1.000000 0.656987 0.157920 -0.017885 0.454225 0.232356 -0.173635 -0.408462 0.361848 0.025177 -0.105586 -0.293356 0.252204 0.204223 -0.226055 -0.174234 -0.065486 -0.537813 -0.144029 -0.247895 0.042256 -0.011292 -0.281166 -0.005386 0.308850 0.034793 0.260533 -0.075089 0.534722 0.476068 0.386273 0.232635 0.319354 -0.024198 0.722342 0.697102 -0.242803 -0.599690 0.256602 -0.461372 0.506283 -0.043532 0.036592 -0.131468 0.710077 0.228089 0.386668 0.301189 0.364458 -0.181699 0.431656 0.201658 0.417867 0.348531 0.466534 0.465016 -0.289717 -0.321842 -0.150636 -0.318357 -0.104373 -0.076668 -0.123132 -0.377575 -0.356591 -0.187153 0.010265 -0.297472 -0.070895 -0.003141 0.036425 0.085579 -0.112932 0.131371 0.012192 0.032150 -0.142960 -0.025488 -0.113879 -0.040399 -0.076105 -0.150547 -0.445080 -0.026604 -0.034100 0.087299 -0.077139 -0.188501
0.173418 0.480565 -0.380218 -0.277589 -0.241421 -0.260781 -0.237012 -0.276600 -0.378922 -0.453165 0.007292 0.207988 -0.161707 -0.212333 -0.264082 -0.065173 0.566912 0.769167 0.057846 0.326419 0.022395 -0.072287 -0.465423 -0.595822 -0.517294 -0.370554 -0.425037 -0.474909 0.656987 1.000000 0.017884 -0.177302 0.497542 0.145251 -0.329270 -0.514050 0.125956 0.294393 -0.139272 -0.074875 0.098263 0.298405 0.174629 0.231112 0.250442 -0.370599 0.337214 0.147093 0.296930 0.292863 0.137129 0.340043 0.540538 0.332486 0.348938 0.282270 0.500300 0.574030 0.223712 0.417901 -0.108379 -0.089756 0.403265 0.558435 -0.475691 -0.570114 0.172616 -0.423348 0.364873 0.030438 0.113523 0.017988 0.617674 0.487647 0.434708 0.362801 0.315684 -0.056958 0.480419 0.401653 0.348355 0.331095 0.095958 0.296916 -0.410448 -0.271268 -0.047874 -0.101019 -0.280848 0.091001 -0.019320 -0.412557 -0.465990 -0.432540 -0.263243 -0.110323 0.231044 0.102953 0.353799 0.270636 -0.040142 -0.125560 0.160746 0.056143 0.120887 0.070380 0.059848 0.030777 -0.026506 0.090221 -0.247921 0.279033 0.319678 0.214882 -0.049286 -0.026241
0.269553 -0.330036 0.591363 -0.011287 0.386959 0.005260 0.652808 0.076390 0.338293 0.081865 0.187618 -0.215453 0.149321 -0.175074 0.384709 -0.124588 0.089082 0.081822 0.546424 -0.191255 0.503406 -0.132025 0.530907 0.196492 0.048758 0.539954 0.376431 0.337815 0.157920 0.017884 1.000000 0.795628 0.203817 0.419251 0.362936 0.159012 -0.246322 -0.143711 0.002899 -0.117918 -0.185067 0.068844 -0.367668 -0.294698 -0.353942 -0.359573 -0.199572 -0.350092 -0.588618 -0.442105 -0.230322 -0.428365 -0.528452 -0.268556 -0.365906 -0.352730 -0.045017 -0.062801 -0.249775 -0.543201 0.379156 -0.186475 0.071938 -0.005473 0.577667 -0.039001 0.087714 -0.157083 -0.072778 -0.375999 0.193860 0.182826 0.201066 0.263451 0.185095 0.394060 0.337077 0.408164 0.088806 0.082903 -0.121389 0.073450 0.159115 0.019735 0.225956 -0.329508 0.157484 -0.161299 0.187035 -0.569995 -0.535584 -0.137012 -0.051420 0.080800 -0.123585 0.057761 -0.056071 0.112256 -0.348123 -0.231745 -0.057914 0.026429 -0.349770 -0.170016 -0.377849 0.107597 -0.248172 0.078366 0.011918 0.110710 0.263799 -0.186708 -0.239353 0.017966 0.033255 0.039190
0.054460 -0.384524 0.498694 0.102537 0.329624 0.068984 0.537254 0.237897 0.421658 0.288013 0.010096 -0.149932 0.005095 -0.078882 0.343683 -0.109392 -0.187774 -0.179548 0.419439 -0.144203 0.475382 -0.055208 0.480867 0.476828 0.184507 0.649103 0.387846 0.429252 -0.017885 -0.177302 0.795628 1.000000 -0.005741 0.302284 0.357551 0.274687 -0.282467 -0.146448 -0.028711 0.064563 -0.031969 -0.035764 -0.313412 -0.279539 -0.254512 -0.150078 -0.190735 -0.236991 -0.560140 -0.318021 -0.337496 -0.364335 -0.621503 -0.281996 -0.567119 -0.330845 -0.234756 -0.328667 -0.360193 -0.555260 0.153852 -0.114462 -0.151596 -0.204429 0.570599 0.117671 -0.059882 -0.035687 -0.207495 -0.283705 0.269568 0.272911 -0.103970 0.077813 -0.105103 0.263059 0.080371 0.366676 -0.005352 -0.117872 -0.150464 -0.056908 0.162000 0.142704 0.167229 -0.348714 0.092082 -0.150142 0.037940 -0.553778 -0.371249 0.048418 0.168052 0.238879 -0.046693 0.080308 -0.090840 0.024589 -0.384531 -0.230096 0.073095 0.109587 -0.265172 -0.052168 -0.273287 0.116078 -0.257089 0.006987 -0.000448 0.090934 0.250353 -0.073669 -0.228302 -0.117741 0.014381 0.064179
0.182977 0.135647 0.069530 -0.291668 -0.043142 -0.255802 0.169511 -0.064080 -0.268771 -0.384144 0.012535 0.026090 0.039809 -0.222917 -0.209138 -0.047335 0.331927 0.402628 0.293239 0.236144 0.008957 -0.142239 -0.243821 -0.386423 -0.501500 -0.231625 -0.407693 -0.487012 0.454225 0.497542 0.203817 -0.005741 1.000000 0.546102 -0.090663 -0.322650 -0.151716 -0.158024 -0.347957 -0.314439 -0.150663 -0.045198 -0.128236 0.010407 0.090537 -0.299497 0.093082 -0.077595 0.085723 0.054794 0.098337 0.175038 0.182164 -0.070126 0.265535 0.007953 0.311100 0.239833 0.414822 0.274382 0.313944 0.094034 0.464855 0.573111 -0.165249 -0.346732 0.598215 -0.208451 0.399213 -0.067216 -0.144191 -0.314608 0.470537 0.148958 0.201127 0.131428 0.116095 0.001172 0.194776 0.006928 0.125112 0.050181 0.052116 0.170230 -0.331403 -0.118536 -0.106534 -0.133345 -0.154313 -0.130565 -0.263899 -0.402423 -0.424117 -0.300460 -0.130222 -0.149780 0.124824 0.111423 0.119440 0.005744 -0.176560 -0.085096 -0.048334 -0.032248 -0.085581 -0.004085 -0.075476 0.012484 -0.013605 -0.115062 -0.084985 -0.031657 -0.039400 0.106290 -0.138142 -0.008517
0.028668 -0.091934 0.335469 -0.178471 0.105592 -0.087529 0.271761 0.015772 -0.146917 -0.236558 0.079999 -0.158422 0.064148 -0.232084 -0.118977 -0.208055 0.138146 0.214915 0.168485 0.091192 0.118220 -0.135154 0.118390 -0.187753 -0.154563 0.146512 -0.077060 -0.004297 0.232356 0.145251 0.419251 0.302284 0.546102 1.000000 0.296229 0.285547 -0.162975 -0.117837 -0.058261 -0.045777 0.013015 -0.012175 -0.329367 -0.238538 -0.242591 -0.130635 -0.163403 -0.260149 -0.232501 -0.290166 -0.165489 -0.210982 -0.252484 -0.311972 0.006561 -0.227050 0.222061 0.124254 0.230070 -0.050898 0.456061 0.138481 0.188075 0.295306 0.213930 0.069721 0.343543 0.144411 0.343625 0.034852 -0.175802 -0.094274 0.372814 -0.138866 -0.050542 0.043156 -0.010843 -0.016421 0.041560 -0.003186 -0.020716 0.054834 0.063903 -0.009547 -0.171905 -0.194372 -0.077805 -0.137312 0.048440 -0.314411 -0.375155 -0.060567 -0.288034 -0.042597 -0.051634 -0.169221 0.120344 -0.025485 -0.089066 -0.042186 -0.023465 -0.048285 -0.077315 0.007313 -0.123077 0.046001 -0.097967 -0.049736 -0.144596 -0.160283 0.239544 -0.208455 -0.139724 0.096639 0.082916 0.076427
0.025704 -0.385878 0.502745 -0.167356 0.079103 -0.189874 0.328904 -0.147310 0.123616 -0.153849 0.020549 -0.476871 -0.005053 -0.262546 0.057262 -0.335663 -0.090195 -0.044512 0.168960 -0.266682 0.244557 0.150252 0.573902 0.170374 0.321264 0.431166 0.312997 0.517639 -0.173635 -0.329270 0.362936 0.357551 -0.090663 0.296229 1.000000 0.551361 0.035635 -0.122305 0.374393 0.055995 0.057404 0.062683 -0.323456 -0.356502 -0.379778 0.121454 -0.383597 -0.380129 -0.420027 -0.424058 -0.118615 -0.376951 -0.528634 -0.346933 -0.103876 -0.344536 -0.168040 -0.086964 -0.202856 -0.443415 0.165016 -0.308156 -0.161348 -0.310076 0.537119 0.205135 0.196348 0.484832 -0.068608 0.042537 -0.052248 0.036271 0.030618 -0.168160 -0.114406 -0.031359 0.057775 0.145189 -0.123461 -0.046057 -0.043550 0.053102 0.065586 -0.351179 0.440214 0.014292 0.240794 -0.104890 0.329586 -0.245369 -0.243011 0.275858 -0.025209 0.254353 0.075678 0.032176 0.082302 0.037319 -0.367699 -0.108040 -0.321559 0.029407 -0.231860 0.029319 -0.069594 0.122327 -0.028175 0.003084 -0.009638 -0.087670 0.498921 -0.386804 -0.267493 0.207909 0.135582 -0.108770
-0.351291 -0.418313 0.267827 0.194610 0.078639 0.198813 -0.047765 0.209487 -0.007015 0.276496 -0.018777 -0.185130 -0.053105 0.171942 -0.075150 -0.088451 -0.293550 -0.284990 -0.311553 -0.361843 0.010487 0.110874 0.284459 0.297872 0.456991 0.498484 0.281407 0.576851 -0.408462 -0.514050 0.159012 0.274687 -0.322650 0.285547 0.551361 1.000000 0.023028 0.134004 0.335267 0.275691 0.085134 0.115399 -0.110871 -0.172855 -0.193586 0.508761 -0.197666 -0.201944 -0.308297 -0.340867 -0.214050 -0.360077 -0.520916 -0.339869 -0.205671 -0.245900 -0.294247 -0.274661 -0.173166 -0.374617 -0.028113 -0.048707 -0.459835 -0.474209 0.277285 0.632917 -0.106651 0.643984 -0.338343 0.021792 -0.067629 0.155757 -0.262661 -0.304167 -0.346409 -0.098288 -0.215759 0.103748 -0.277422 -0.103092 -0.270303 -0.121087 -0.341362 -0.336528 0.122971 0.116101 -0.176165 0.084136 -0.052524 -0.120828 -0.178258 0.220093 0.303674 0.256165 0.148714 0.193042 0.062016 0.079673 -0.270742 -0.163067 0.074024 -0.073560 -0.173634 0.015263 0.028923 0.201388 -0.009573 0.025370 -0.026139 -0.002054 0.482720 -0.245941 -0.104925 -0.092351 0.293595 0.025194
