1.000000 0.357187 0.162176 -0.367842 0.108373 -0.354687 0.340845 -0.214998 -0.011582 -0.353367 0.485236 0.162412 0.585237 0.050298 0.027635 -0.389817 0.052894 0.169678 0.501862 -0.068665 -0.088867 -0.163056 -0.138237 -0.556689 -0.141730 -0.217443 0.181971 -0.285693 -0.046531 0.134898 -0.142313 -0.553280 0.220106 -0.083397 -0.035934 -0.461631 -0.005741 -0.209962 0.048926 -0.301178 0.148687 -0.148507 0.104472 0.014461 -0.205292 -0.330439 -0.015689 -0.121300 0.239241 -0.089892 -0.001174 -0.034788 0.329771 -0.028188 0.394493 -0.150175 0.213697 0.214019 0.656289 -0.133876 0.553138 0.035415 0.160777 0.184661 -0.038111 -0.223363 0.269564 -0.223061 0.111477 -0.033704 -0.085137 -0.267206 0.502654 0.245567 0.384016 0.226897 0.541414 0.005749 -0.092412 0.360877 -0.285987 -0.112145 -0.221398 -0.324332 0.014113 -0.318428 -0.130691 -0.060466 0.072990 -0.242585 -0.136337 0.161851 -0.590613 -0.064993 -0.203048 -0.054561 -0.130770 0.025178 0.226272 0.236397 -0.205347 0.209138 -0.032564 0.170461 0.022031 0.038593 -0.105794 0.006728 0.173636 0.138520 -0.215140 -0.080482 0.376118 0.098755 0.403720 -0.068478
0.357187 1.000000 -0.625645 -0.190248 -0.354870 -0.358240 -0.208530 -0.227582 -0.285810 -0.306328 -0.044002 0.354476 0.019007 0.212276 -0.114001 -0.087820 0.378004 0.654233 0.302479 0.414696 -0.131650 -0.136504 -0.575881 -0.558694 -0.477478 -0.506972 0.016128 -0.277165 0.478113 0.664779 -0.016104 -0.002757 0.532998 0.498487 -0.529931 -0.335399 0.142784 0.118261 0.036772 0.196473 0.163504 0.234542 -0.318101 -0.296761 -0.349154 -0.314871 -0.406598 -0.183685 -0.365311 -0.151145 -0.590578 -0.188722 -0.218580 -0.090686 -0.143188 -0.149447 0.319407 0.619433 -0.033678 0.385233 -0.161673 0.264059 0.316983 0.659769 -0.549647 -0.273888 0.378814 -0.322814 0.656605 0.421415 -0.113494 -0.001352 0.523344 0.450482 0.333604 0.373735 0.493677 0.301819 0.175786 0.581184 0.308298 0.350813 0.266164 0.392707 -0.155703 -0.018797 0.101014 0.502507 -0.428273 -0.185719 -0.355690 -0.042399 -0.169532 -0.478335 -0.158212 0.046909 -0.118755 0.130253 0.160592 0.114887 0.001829 -0.263905 0.314304 -0.023020 -0.111409 -0.304710 -0.021007 -0.134814 -0.044956 -0.012233 -0.388943 -0.223427 0.038192 0.054299 -0.118518 -0.162632
0.162176 -0.625645 1.000000 0.016059 0.523101 0.408596 0.727390 0.481159 0.455356 0.306622 0.312776 -0.032214 0.526438 0.029254 0.237197 0.081291 -0.565789 -0.545517 0.248985 -0.554027 0.034292 0.119543 0.484019 0.260616 0.461406 0.323981 0.063651 0.054427 -0.676151 -0.576235 -0.030862 -0.267242 -0.453516 -0.485420 0.431658 -0.013547 -0.395018 -0.425882 -0.163067 -0.354369 -0.222289 -0.338084 0.321773 0.291188 0.077737 0.022540 0.280313 0.079511 0.418515 -0.053039 0.573422 0.090735 0.384523 -0.050130 0.255094 0.059271 -0.479573 -0.637365 0.348124 -0.410716 0.540350 -0.001149 -0.330044 -0.507495 0.647862 0.419670 -0.313792 0.172940 -0.713764 -0.494682 -0.067496 -0.118832 -0.388521 -0.415720 -0.287755 -0.306072 -0.261848 -0.346834 -0.439566 -0.552613 -0.560122 -0.596178 -0.345892 -0.546600 0.174125 -0.135334 -0.251090 -0.463461 0.686049 0.069900 0.258364 0.002854 0.083170 0.542283 0.090320 -0.331082 0.032786 -0.311288 -0.219191 -0.326263 0.046890 0.427914 -0.387702 -0.013893 0.064966 0.193870 -0.010607 0.048602 -0.094844 -0.094867 0.149230 -0.035314 0.043239 -0.231202 0.252171 -0.021141
-0.367842 -0.190248 0.016059 1.000000 -0.295278 0.377865 -0.396429 0.180671 -0.228352 0.171652 -0.167561 0.325734 -0.411194 0.047297 -0.041332 0.101277 -0.041604 -0.348138 -0.390512 0.049557 0.142283 0.180889 0.544592 0.740285 0.407236 0.630625 0.264483 0.578025 -0.273199 -0.288327 0.298654 0.279929 -0.182761 -0.097546 0.439311 0.287685 -0.245646 -0.122591 -0.133113 -0.049473 -0.185001 -0.190480 0.005682 0.032320 -0.106142 0.045987 -0.056946 0.011710 -0.049905 -0.018291 0.281083 0.132476 -0.281380 -0.083398 -0.025367 -0.032175 -0.122247 -0.150894 -0.410925 -0.015684 -0.473076 -0.249585 -0.277703 -0.293534 -0.069203 0.150190 -0.084117 0.223682 -0.223212 -0.018140 -0.016964 0.213469 -0.416977 -0.243304 -0.249949 -0.142751 -0.333831 -0.123803 -0.004024 -0.232574 0.002207 -0.178881 -0.053777 -0.085604 0.143384 0.502882 0.321528 0.032249 -0.156907 0.201817 0.013670 -0.065899 0.374517 -0.008186 -0.115694 0.047514 -0.275919 -0.089524 -0.316613 -0.224817 -0.061255 -0.254713 -0.337093 -0.153283 0.068867 0.125558 -0.151341 -0.069302 -0.076082 -0.156757 0.042647 -0.046218 -0.235326 -0.172011 0.120734 0.028208
0.108373 -0.354870 0.523101 -0.295278 1.000000 0.401655 0.628675 0.380497 0.834325 0.566865 0.090250 -0.089638 0.325386 0.009506 0.282018 0.189009 -0.303588 -0.183957 0.380970 -0.432533 -0.376853 -0.281179 -0.098569 -0.166000 0.168983 -0.188256 -0.174521 -0.381743 -0.341814 -0.141507 -0.383405 -0.382684 -0.095559 -0.103616 -0.075752 -0.041654 -0.312040 -0.472478 -0.270924 -0.337351 -0.213745 -0.209633 0.075750 0.038946 0.308759 0.248723 0.189872 -0.018761 0.447377 0.147638 0.243255 0.144905 0.469722 -0.001907 -0.036347 -0.004546 -0.354259 -0.432079 0.433602 0.071261 0.521202 0.260299 -0.050178 -0.040855 0.357571 0.202608 0.063569 0.187575 -0.333169 -0.285531 -0.171332 -0.437318 -0.026876 -0.183724 -0.149393 -0.113540 -0.134816 -0.369220 -0.433905 -0.431889 -0.344273 -0.306731 -0.219245 -0.228316 -0.228428 -0.443416 -0.530176 -0.456517 0.265602 -0.165848 0.236199 0.036033 -0.121677 0.338190 -0.119625 -0.285116 -0.139202 -0.378557 0.081129 -0.188101 0.132627 0.545178 -0.006583 0.007433 -0.174499 -0.170830 0.018563 -0.064063 -0.136172 -0.246708 -0.253138 -0.108920 -0.000912 -0.209700 0.062372 -0.026789
-0.354687 -0.358240 0.408596 0.377865 0.401655 1.000000 0.256893 0.606677 0.457836 0.668804 -0.147600 0.115164 0.033439 0.184660 0.267439 0.477767 -0.240779 -0.242192 -0.065943 -0.304220 -0.016659 0.146442 0.202738 0.447881 0.377311 0.240970 0.084107 0.181631 -0.274888 -0.250619 0.019033 0.277551 -0.350059 -0.061363 0.124623 0.283147 -0.345827 -0.274632 -0.201317 -0.004260 -0.201827 -0.103969 -0.202558 -0.125696 -0.062415 0.070977 -0.141782 -0.194003 0.015397 -0.162877 0.140133 0.011535 0.004559 -0.241454 -0.249688 -0.081701 -0.429515 -0.539979 -0.126968 0.010703 0.091867 0.317580 -0.190568 -0.205404 0.399687 0.655210 -0.311895 0.108778 -0.447398 -0.270845 -0.115614 0.029226 -0.368717 -0.292646 -0.377495 -0.202490 -0.466607 -0.251436 -0.244262 -0.473869 -0.074011 -0.214391 -0.031324 -0.001667 0.019604 0.187162 -0.039746 -0.140809 0.308852 0.266573 0.253501 -0.141174 0.610950 0.332263 0.004852 -0.269750 -0.133976 -0.333361 -0.457989 -0.519722 0.298331 0.126953 -0.152197 -0.268983 -0.174939 -0.115608 0.009172 -0.114224 -0.233298 -0.209055 -0.152523 -0.178613 -0.334743 -0.283117 -0.034888 0.027711
0.340845 -0.208530 0.727390 -0.396429 0.628675 0.256893 1.000000 0.543540 0.642967 0.369468 0.324014 0.183251 0.739641 0.298567 0.320905 0.211499 -0.435972 -0.054530 0.616306 -0.567414 -0.303488 -0.154676 -0.088864 -0.260494 -0.003775 -0.292987 -0.160453 -0.450715 -0.354843 -0.081691 -0.295156 -0.454941 -0.164418 -0.178110 0.015714 -0.250283 -0.334501 -0.485937 -0.263610 -0.347913 -0.166990 -0.249303 0.085133 0.070117 0.075327 -0.015841 0.050529 -0.065377 0.345701 -0.072161 0.185933 -0.023880 0.375032 -0.185940 0.150174 -0.018089 -0.452735 -0.514164 0.449035 -0.103779 0.701005 0.400471 0.004525 0.001889 0.540499 0.412710 -0.118152 0.068979 -0.490048 -0.424307 -0.141725 -0.289332 0.048459 -0.108168 -0.040059 -0.047316 0.038400 -0.237601 -0.479337 -0.278102 -0.502740 -0.430602 -0.273943 -0.338732 0.047248 -0.348053 -0.432671 -0.361209 0.604715 -0.094137 0.192545 0.127647 0.020262 0.392834 -0.097480 -0.442997 -0.048994 -0.448052 -0.105406 -0.363264 0.269753 0.585127 -0.036395 -0.016275 -0.121983 -0.139344 0.000027 -0.085472 -0.238704 -0.204897 -0.240353 -0.308878 0.049661 -0.266486 0.090276 -0.217500
-0.214998 -0.227582 0.481159 0.180671 0.380497 0.606677 0.543540 1.000000 0.472495 0.733451 -0.085334 0.369451 0.241521 0.511663 0.069483 0.549879 -0.436292 -0.118914 0.249734 -0.429145 -0.364774 -0.012168 -0.144420 0.133212 -0.036422 -0.059014 -0.408967 -0.302499 -0.394113 0.003704 -0.157297 0.006483 -0.103689 0.136394 0.131149 0.209899 -0.464272 -0.407634 -0.476601 -0.196220 -0.238832 -0.172943 -0.190169 -0.134622 0.042659 0.184435 -0.224049 -0.172633 0.051765 -0.246760 0.050967 -0.117538 0.053855 -0.354642 -0.213678 -0.093690 -0.652178 -0.657092 -0.082507 0.131642 0.284800 0.627322 -0.052855 0.061770 0.367050 0.783920 -0.154472 0.419123 -0.576759 -0.255192 -0.096824 0.066508 -0.210367 -0.249564 -0.341653 -0.181302 -0.333194 -0.249885 -0.459109 -0.488156 -0.258300 -0.391001 -0.168102 -0.118511 -0.109657 -0.036136 -0.409754 -0.269025 0.274216 0.034670 0.136838 -0.135929 0.490491 0.118048 -0.038190 -0.397850 -0.176042 -0.477274 -0.469986 -0.647007 0.533381 0.239988 0.089928 -0.141860 -0.139343 -0.235645 -0.057757 -0.198997 -0.362011 -0.327366 -0.256861 -0.421295 -0.231742 -0.445368 -0.061434 -0.209178
-0.011582 -0.285810 0.455356 -0.228352 0.834325 0.457836 0.642967 0.472495 1.000000 0.750165 0.083466 0.115801 0.338057 0.189278 0.378529 0.376712 -0.245433 -0.029514 0.398357 -0.346047 -0.473391 -0.450595 -0.122916 -0.033928 -0.030614 -0.291238 -0.334543 -0.414769 -0.211412 0.019157 -0.495883 -0.388025 -0.131737 -0.069257 -0.153458 -0.084584 -0.295722 -0.402664 -0.307228 -0.276013 -0.150543 -0.123440 -0.147132 -0.196764 0.154091 0.084550 -0.053859 -0.180854 0.339704 0.012020 0.116878 0.044772 0.330099 -0.170695 -0.128248 -0.104090 -0.378036 -0.428287 0.346238 0.225096 0.442107 0.403859 -0.025303 0.038659 0.316570 0.308392 0.047277 0.194137 -0.289410 -0.301130 -0.140611 -0.423055 0.062353 -0.018541 -0.042494 -0.007545 -0.068321 -0.238789 -0.452998 -0.351029 -0.339478 -0.323344 -0.109465 -0.115531 -0.140434 -0.267411 -0.445644 -0.408125 0.364699 -0.002300 0.340180 0.140699 0.135113 0.425251 -0.259560 -0.411671 -0.271025 -0.527688 -0.108805 -0.319135 0.276431 0.620694 -0.052164 0.032153 -0.258148 -0.269712 -0.067995 -0.204589 -0.302272 -0.391677 -0.417956 -0.283271 -0.248485 -0.368550 -0.117820 -0.143963
-0.353367 -0.306328 0.306622 0.171652 0.566865 0.668804 0.369468 0.733451 0.750165 1.000000 -0.087857 0.287334 0.085462 0.387270 0.265694 0.667762 -0.217311 -0.055269 0.103485 -0.288538 -0.447731 -0.235979 -0.115004 0.258071 0.032550 -0.103248 -0.458417 -0.285312 -0.162123 0.091970 -0.339141 -0.057544 -0.207967 0.053402 -0.033123 0.205277 -0.380644 -0.275988 -0.420845 -0.095648 -0.179341 -0.035438 -0.344082 -0.317919 0.098969 0.170698 -0.256073 -0.223609 0.096211 -0.109558 0.008256 -0.046490 0.162878 -0.202474 -0.263088 -0.070911 -0.507285 -0.518568 -0.005560 0.299399 0.144071 0.539879 -0.081980 0.034724 0.218253 0.575044 -0.133918 0.298651 -0.363021 -0.247813 -0.098295 -0.106590 -0.105209 -0.087432 -0.215330 -0.028485 -0.300778 -0.173727 -0.409983 -0.441729 -0.161147 -0.265258 0.017588 0.067761 -0.115977 -0.059894 -0.374319 -0.311409 0.209691 0.220509 0.344350 -0.014246 0.502510 0.237723 -0.191112 -0.366771 -0.283211 -0.499832 -0.375704 -0.527028 0.393505 0.406219 -0.052951 -0.141334 -0.336834 -0.385943 -0.160504 -0.329016 -0.397635 -0.452563 -0.357250 -0.362598 -0.505546 -0.451691 -0.196421 -0.205828
0.485236 -0.044002 0.312776 -0.167561 0.090250 -0.147600 0.324014 -0.085334 0.083466 -0.087857 1.000000 0.264525 0.620164 0.237818 0.334122 -0.099941 0.235399 0.092594 0.166457 0.023757 -0.167014 -0.128785 0.103374 -0.060151 -0.070315 -0.064454 -0.006386 -0.217178 -0.036625 -0.111837 -0.138108 -0.357998 -0.066558 -0.237181 0.209559 -0.113008 0.090686 -0.109986 0.056450 -0.240410 0.010482 -0.210540 -0.159609 -0.247610 -0.247814 -0.420985 -0.121365 -0.358671 0.147573 -0.298217 0.140494 -0.209910 0.282685 -0.154715 0.379325 -0.177081 0.045169 -0.097736 0.380840 -0.361765 0.414017 -0.086802 0.123689 -0.099486 0.116162 -0.080395 -0.132523 -0.133817 -0.150468 -0.199145 -0.119032 -0.174728 0.134596 0.054385 0.175563 -0.034877 0.131575 0.024937 0.097694 0.112808 -0.158220 -0.073630 -0.203253 -0.299084 0.409822 0.061601 -0.160390 -0.263805 0.280179 0.009491 0.041438 0.074383 -0.200317 0.361287 0.018872 0.076767 -0.040394 0.162887 -0.137092 0.225087 0.210105 0.590953 -0.004962 0.327895 0.258138 0.259898 -0.013988 0.147287 0.225670 0.254807 -0.060412 -0.048016 0.192795 0.297421 0.315087 0.154792
0.162412 0.354476 -0.032214 0.325734 -0.089638 0.115164 0.183251 0.369451 0.115801 0.287334 0.264525 1.000000 0.308269 0.757074 0.310673 0.421174 -0.015562 0.223605 0.136216 -0.032178 -0.321868 -0.143643 -0.113252 0.030966 -0.281073 -0.105984 -0.149515 -0.202622 0.001661 0.347638 -0.184118 -0.255100 -0.008168 0.132321 0.029093 -0.074061 -0.247446 -0.247927 -0.243687 -0.135219 -0.049215 -0.147985 -0.256116 -0.251758 -0.209835 -0.183166 -0.352888 -0.187384 -0.016333 -0.231884 -0.106857 -0.093962 -0.067477 -0.247366 0.093860 -0.073435 -0.149824 -0.088595 -0.091587 0.200464 -0.055258 0.403094 -0.059182 0.191018 -0.238695 0.247468 0.041773 0.042008 -0.098077 -0.123195 -0.238321 0.022252 0.224987 0.146370 0.080307 0.152971 0.132112 0.090198 -0.171483 0.076970 -0.172373 -0.264795 -0.052218 -0.024998 -0.053123 0.220297 -0.086523 0.022952 -0.143572 0.122404 0.010524 0.203469 0.230048 -0.085623 -0.321738 -0.228587 -0.352116 -0.234193 -0.183096 -0.235299 0.338581 0.160219 -0.051840 -0.015363 -0.144410 -0.227157 -0.255325 -0.237312 -0.154034 -0.266901 -0.388967 -0.410406 -0.125973 -0.284526 0.092889 -0.299403
0.585237 0.019007 0.526438 -0.411194 0.325386 0.033439 0.739641 0.241521 0.338057 0.085462 0.620164 0.308269 1.000000 0.509336 0.403176 0.173510 -0.285244 0.104958 0.424361 -0.297556 -0.155043 -0.123937 -0.058911 -0.297629 -0.180085 -0.238074 -0.097006 -0.343089 -0.212964 0.018181 -0.363201 -0.524939 -0.199072 -0.209625 0.007925 -0.157598 -0.168164 -0.249248 0.006257 -0.175453 0.109349 -0.135864 0.004218 -0.019553 -0.165250 -0.209528 -0.057631 -0.141850 0.260964 -0.203688 0.121724 -0.059671 0.500355 -0.132356 0.407982 0.018441 -0.270607 -0.302504 0.509345 -0.168710 0.676487 0.335601 -0.050558 0.012366 0.238308 0.293018 -0.192756 -0.121446 -0.288858 -0.278115 -0.111240 -0.167539 0.192173 0.086122 0.117027 0.103276 0.186997 -0.002039 -0.352491 -0.057354 -0.437806 -0.326515 -0.195445 -0.304203 0.011134 -0.349388 -0.380820 -0.209651 0.475635 0.041136 0.092736 0.002456 -0.181465 0.202047 -0.015348 -0.307404 0.025808 -0.231054 -0.078514 -0.189049 0.189830 0.434706 -0.056467 0.010626 0.015138 -0.051966 0.001625 -0.044259 -0.055087 0.091536 -0.129074 -0.260877 0.139596 -0.130271 0.214042 -0.134374
0.050298 0.212276 0.029254 0.047297 0.009506 0.184660 0.298567 0.511663 0.189278 0.387270 0.237818 0.757074 0.509336 1.000000 0.310303 0.675081 -0.103631 0.294939 0.018686 -0.113287 -0.298653 -0.105323 -0.268889 -0.044551 -0.407825 -0.219767 -0.380485 -0.313215 0.020235 0.406030 -0.327956 -0.170562 -0.074058 0.209276 -0.004434 0.188883 -0.212874 -0.117989 -0.197191 0.019077 0.105581 -0.064233 -0.372890 -0.336907 -0.229144 -0.105869 -0.441237 -0.292348 -0.087893 -0.314142 -0.175885 -0.157198 0.103692 -0.293331 0.080100 -0.053322 -0.261198 -0.233312 -0.024012 0.230032 0.145022 0.624933 0.005737 0.252604 -0.106655 0.498121 -0.131189 0.050871 -0.184094 -0.101861 -0.159798 0.115939 0.201559 0.140392 -0.017737 0.162971 -0.029122 0.057396 -0.224261 0.013554 -0.141697 -0.189804 -0.020268 0.053469 -0.209058 -0.002815 -0.301039 -0.040038 -0.025451 0.267631 0.035379 -0.094964 0.274457 -0.092792 -0.127215 -0.328081 -0.225171 -0.284612 -0.351337 -0.378721 0.446984 0.173293 0.120014 -0.043594 -0.108804 -0.273854 -0.090434 -0.204325 -0.189683 -0.143095 -0.344621 -0.490959 -0.181537 -0.240466 0.030776 -0.248172
0.027635 -0.114001 0.237197 -0.041332 0.282018 0.267439 0.320905 0.069483 0.378529 0.265694 0.334122 0.310673 0.403176 0.310303 1.000000 0.500227 -0.097775 -0.088133 0.014517 -0.231916 0.009221 -0.039674 0.167326 0.129590 -0.020843 -0.052175 0.073944 0.037397 0.015797 -0.129299 -0.260852 -0.249860 -0.326240 -0.308276 -0.030254 -0.052204 0.022330 -0.100500 0.094930 -0.044918 0.070034 -0.076874 -0.128263 -0.125214 -0.108219 -0.145605 -0.038392 -0.181778 0.140464 -0.144289 0.090059 -0.008650 0.214843 -0.170289 0.174512 0.046093 -0.170399 -0.268785 0.077327 -0.013919 0.186404 0.173318 -0.153171 -0.128577 0.179593 0.198924 -0.220104 -0.187000 -0.291301 -0.316380 -0.182672 -0.198658 -0.095854 -0.116392 -0.019057 0.032164 -0.008398 -0.067643 -0.181514 -0.170230 -0.194057 -0.205454 -0.000629 -0.098436 0.170452 0.120275 -0.111862 -0.302025 0.300256 0.319297 0.103712 0.050693 0.167541 0.327136 -0.156340 -0.096751 0.020514 -0.157318 -0.102973 -0.112969 0.182038 0.311497 -0.103220 0.104233 0.083019 0.041604 0.068597 0.089415 -0.082056 -0.080126 -0.194017 -0.042282 -0.053971 0.037938 0.136566 0.093358
-0.389817 -0.087820 0.081291 0.101277 0.189009 0.477767 0.211499 0.549879 0.376712 0.667762 -0.099941 0.421174 0.173510 0.675081 0.500227 1.000000 -0.186137 0.109128 -0.121455 -0.190139 -0.233125 -0.030898 -0.152215 0.228806 -0.179447 -0.177961 -0.368783 -0.143808 0.065791 0.221389 -0.311011 0.080024 -0.322921 0.053734 -0.068552 0.313566 -0.239229 -0.013001 -0.268702 0.153471 -0.032538 0.083061 -0.333211 -0.247927 -0.035483 0.119940 -0.287976 -0.147138 -0.145012 -0.222864 -0.168949 -0.148922 0.051505 -0.197445 -0.218398 0.051910 -0.366534 -0.411470 -0.215111 0.244638 0.041519 0.635065 -0.068768 0.117159 0.120740 0.620020 -0.352871 0.099371 -0.337948 -0.248734 -0.126261 0.105881 -0.109574 -0.051011 -0.233015 0.067758 -0.366676 -0.101703 -0.231674 -0.288103 -0.000346 -0.130603 0.131490 0.221651 -0.178537 0.067478 -0.259231 -0.111738 0.132001 0.465331 0.192426 -0.112660 0.549686 0.060702 -0.095236 -0.296966 -0.079202 -0.399800 -0.391413 -0.481053 0.382299 0.119276 0.027142 -0.181462 -0.245700 -0.347651 -0.060568 -0.256493 -0.375484 -0.315474 -0.260129 -0.299809 -0.401303 -0.242859 -0.179842 -0.118978
0.052894 0.378004 -0.565789 -0.041604 -0.303588 -0.240779 -0.435972 -0.436292 -0.245433 -0.217311 0.235399 -0.015562 -0.285244 -0.103631 -0.097775 -0.186137 1.000000 0.604540 -0.149676 0.623510 -0.145328 -0.234973 -0.256289 -0.050846 -0.218170 -0.277205 0.082585 -0.077921 0.672261 0.404999 0.206608 0.329866 0.453979 0.401284 -0.187047 -0.006101 0.475464 0.288625 0.159376 0.187518 0.124629 0.134458 -0.530649 -0.536740 -0.413018 -0.451111 -0.479556 -0.461448 -0.564625 -0.282157 -0.561496 -0.457762 -0.412691 -0.242175 -0.327640 -0.391669 0.632825 0.616329 -0.205215 -0.068570 -0.185599 -0.149183 0.525537 0.397154 -0.219313 -0.348611 -0.024253 -0.358373 0.596688 0.356395 -0.038310 0.000256 0.453691 0.320079 0.352568 0.121860 0.279492 0.229237 0.746784 0.651242 0.669418 0.766527 0.242426 0.431966 0.287533 0.240008 0.235080 0.343128 -0.229057 -0.100362 -0.227122 -0.052439 0.008268 -0.030053 -0.133570 0.326415 -0.170228 0.304932 -0.155068 0.455214 0.078803 0.031619 0.279807 0.214742 0.062138 0.014486 -0.138738 -0.025455 0.164937 0.151835 -0.271027 0.016377 -0.105191 0.462454 -0.072461 0.158057
0.169678 0.654233 -0.545517 -0.348138 -0.183957 -0.242192 -0.054530 -0.118914 -0.029514 -0.055269 0.092594 0.223605 0.104958 0.294939 -0.088133 0.109128 0.604540 1.000000 0.285279 0.465551 -0.403927 -0.422358 -0.681537 -0.445032 -0.546599 -0.711115 -0.250807 -0.499269 0.683519 0.799798 -0.116090 0.104631 0.601057 0.635008 -0.519998 -0.096878 0.205749 0.140242 -0.059018 0.211723 0.094616 0.268018 -0.533203 -0.510399 -0.282581 -0.263329 -0.579398 -0.381665 -0.513245 -0.244657 -0.750607 -0.457147 -0.344817 -0.321942 -0.391007 -0.255223 0.271385 0.414149 -0.068596 0.259163 0.086376 0.431958 0.648682 0.816827 -0.271996 -0.084813 0.090197 -0.214617 0.598863 0.376630 0.030189 -0.058159 0.621398 0.485089 0.348582 0.291597 0.327154 0.209147 0.348889 0.619206 0.462695 0.582412 0.241495 0.546587 -0.114058 -0.202840 -0.076295 0.421674 -0.148412 -0.215474 -0.286157 -0.074806 -0.033381 -0.285097 -0.153074 0.021695 -0.186228 0.035071 -0.124796 0.054513 0.334434 0.009583 0.494780 -0.023331 -0.210691 -0.444336 -0.145060 -0.210215 -0.150055 -0.026727 -0.505652 -0.353402 -0.159032 0.177936 -0.385109 -0.158780
0.501862 0.302479 0.248985 -0.390512 0.380970 -0.065943 0.616306 0.249734 0.398357 0.103485 0.166457 0.136216 0.424361 0.018686 0.014517 -0.121455 -0.149676 0.285279 1.000000 -0.199660 -0.358094 -0.244611 -0.414400 -0.566046 -0.219290 -0.544837 -0.133781 -0.531641 -0.045936 0.240196 -0.143090 -0.318565 0.335395 0.108299 -0.323758 -0.518318 -0.259277 -0.385377 -0.268581 -0.256256 -0.206553 0.012605 0.049632 -0.011724 0.058023 -0.069388 -0.010884 -0.053279 0.183660 0.049920 -0.142104 -0.096360 0.145726 -0.182964 -0.060746 -0.106466 -0.229075 -0.080488 0.365955 0.130107 0.500246 0.346084 0.272341 0.379231 0.154766 -0.002797 0.293724 -0.008307 -0.014989 -0.074799 0.042017 -0.229768 0.301052 0.147428 0.187416 0.197061 0.293143 -0.068324 -0.341556 0.039197 -0.230177 -0.178239 -0.079644 -0.061931 0.028173 -0.355231 -0.238344 -0.045523 0.259250 -0.414587 -0.076423 0.145839 -0.193043 -0.007854 -0.218880 -0.256109 -0.146246 -0.310445 0.123501 -0.230418 0.176922 0.271787 0.119086 -0.052633 -0.224755 -0.335752 -0.086489 -0.197206 -0.304723 -0.165893 -0.424725 -0.323515 0.005209 -0.134569 -0.120319 -0.318408
-0.068665 0.414696 -0.554027 0.049557 -0.432533 -0.304220 -0.567414 -0.429145 -0.346047 -0.288538 0.023757 -0.032178 -0.297556 -0.113287 -0.231916 -0.190139 0.623510 0.465551 -0.199660 1.000000 -0.087467 -0.252597 -0.193873 0.104008 -0.253062 -0.108282 0.139989 0.110440 0.371134 0.241850 0.122096 0.279298 0.445031 0.504139 -0.220669 0.067722 0.176070 0.192527 0.031676 0.061577 -0.069228 0.028383 -0.391379 -0.410233 -0.369963 -0.379542 -0.340208 -0.209508 -0.541781 -0.244814 -0.457533 -0.357332 -0.474926 -0.144349 -0.375985 -0.401460 0.381255 0.586474 -0.244351 0.068716 -0.248764 -0.161753 0.237404 0.316786 -0.306411 -0.312705 0.125621 -0.052109 0.694078 0.752275 0.079795 0.096791 0.158856 0.151929 0.095287 0.015765 0.199069 0.262178 0.439436 0.388375 0.425728 0.483227 0.136397 0.299796 -0.071200 0.051815 0.230797 0.468027 -0.258264 -0.181632 -0.059517 -0.067447 -0.098747 -0.146712 -0.020752 0.290152 -0.198346 0.254918 -0.103531 0.269672 0.060846 -0.161279 0.247629 0.204152 0.320356 0.151339 0.015294 0.212942 0.211614 0.079097 -0.024120 0.137882 -0.083681 0.190443 -0.127320 0.315755
-0.088867 -0.131650 0.034292 0.142283 -0.376853 -0.016659 -0.303488 -0.364774 -0.473391 -0.447731 -0.167014 -0.321868 -0.155043 -0.298653 0.009221 -0.233125 -0.145328 -0.403927 -0.358094 -0.087467 1.000000 0.690733 0.524453 0.269768 0.410043 0.591949 0.548454 0.765522 -0.002939 -0.288536 0.584521 0.377312 -0.352602 -0.349877 0.243943 0.021975 0.327293 0.503493 0.644850 0.429538 0.409557 0.345677 0.275787 0.309459 -0.203220 -0.188232 0.230338 0.160736 -0.145361 -0.044090 0.165919 0.067674 -0.018685 0.290205 0.289143 0.315913 0.296187 0.206048 -0.190986 -0.450708 -0.296535 -0.476507 -0.445573 -0.576835 -0.018244 -0.114950 -0.348083 -0.455322 0.019118 -0.175208 0.200835 0.368648 -0.208260 -0.011183 0.070185 0.054364 -0.011476 0.208084 0.167750 0.053061 0.040232 -0.042545 0.280275 0.019732 0.247294 0.321859 0.605666 0.191764 0.090633 0.393560 -0.024548 -0.148010 0.118918 0.099111 0.373716 0.157269 0.441897 0.327137 0.096679 0.171049 -0.398639 -0.438249 -0.406454 -0.088482 0.045316 0.228790 -0.043368 0.114256 0.193295 0.461287 0.546489 0.378491 0.066571 0.153526 0.173888 -0.012212
-0.163056 -0.136504 0.119543 0.180889 -0.281179 0.146442 -0.154676 -0.012168 -0.450595 -0.235979 -0.128785 -0.143643 -0.123937 -0.105323 -0.039674 -0.030898 -0.234973 -0.422358 -0.244611 -0.252597 0.690733 1.000000 0.305802 0.154301 0.328684 0.516329 0.270401 0.504516 -0.025309 -0.237817 0.512338 0.442921 -0.339406 -0.266931 0.270243 0.054683 0.202644 0.409727 0.387689 0.375883 0.275247 0.319292 0.274630 0.357785 -0.062979 -0.040087 0.284149 0.251821 -0.097479 -0.043924 0.168794 0.030883 -0.017275 0.197755 0.237400 0.407914 -0.003075 -0.068007 -0.288324 -0.416717 -0.339737 -0.287027 -0.364238 -0.519217 -0.013099 0.062005 -0.352281 -0.319501 -0.207272 -0.265275 0.074996 0.547001 -0.308679 -0.140861 -0.130996 0.021947 -0.139821 0.206421 0.090149 -0.119921 0.136209 -0.034647 0.289669 0.067362 0.272053 0.319694 0.402702 0.161237 -0.021036 0.225352 -0.111014 -0.154132 0.268012 -0.008708 0.426160 0.017457 0.616670 0.274312 0.044782 -0.004851 -0.185634 -0.336247 -0.217759 -0.117582 -0.012829 0.158536 0.037641 0.033960 0.092315 0.282782 0.609343 0.261837 0.105773 0.119431 0.163519 -0.103794
-0.138237 -0.575881 0.484019 0.544592 -0.098569 0.202738 -0.088864 -0.144420 -0.122916 -0.115004 0.103374 -0.113252 -0.058911 -0.268889 0.167326 -0.152215 -0.256289 -0.681537 -0.414400 -0.193873 0.524453 0.305802 1.000000 0.738317 0.708636 0.799769 0.483319 0.726522 -0.430000 -0.700723 0.304243 0.028125 -0.553991 -0.623270 0.593097 0.098387 -0.055044 0.019515 0.220232 -0.027325 0.008209 -0.153290 0.386886 0.360656 -0.074868 -0.075222 0.321496 0.195300 0.226831 0.036030 0.646867 0.217457 0.097302 0.130584 0.353390 0.137803 -0.058843 -0.237166 -0.044988 -0.440055 -0.187584 -0.620671 -0.471111 -0.753138 0.199684 -0.027982 -0.294247 0.026800 -0.368655 -0.288295 0.033776 0.062378 -0.530711 -0.358514 -0.202058 -0.278373 -0.262745 -0.103936 -0.038541 -0.345212 -0.227724 -0.341533 -0.052573 -0.324030 0.375202 0.343997 0.398202 -0.121373 0.301824 0.305801 0.241798 0.041997 0.129034 0.428250 0.096305 -0.056653 0.098419 0.015502 -0.128080 -0.007645 -0.368443 -0.053039 -0.695303 -0.001816 0.103344 0.364078 -0.128719 0.073098 0.065270 0.087227 0.465646 0.234520 -0.023610 -0.055595 0.271856 0.073106
-0.556689 -0.558694 0.260616 0.740285 -0.166000 0.447881 -0.260494 0.133212 -0.033928 0.258071 -0.060151 0.030966 -0.297629 -0.044551 0.129590 0.228806 -0.050846 -0.445032 -0.566046 0.104008 0.269768 0.154301 0.738317 1.000000 0.498960 0.683901 0.237688 0.656159 -0.251403 -0.483234 0.244293 0.325230 -0.447785 -0.273330 0.469791 0.383886 -0.123443 0.051652 0.024325 0.049858 -0.150267 -0.137975 -0.041829 -0.022419 -0.157916 -0.070132 -0.017767 -0.023498 -0.093206 -0.160768 0.337862 -0.013095 -0.189472 -0.073215 -0.069273 -0.051036 -0.100365 -0.260003 -0.387068 -0.251238 -0.338774 -0.332266 -0.364205 -0.548025 0.187322 0.231876 -0.407775 0.190518 -0.296458 -0.114141 0.044511 0.167726 -0.561110 -0.354497 -0.317106 -0.304530 -0.472417 -0.100823 0.071415 -0.357337 0.010024 -0.144169 0.034328 -0.060590 0.257279 0.475093 0.337461 -0.031416 0.231753 0.385717 0.315729 -0.106349 0.514090 0.376890 0.036608 -0.014019 -0.102687 -0.104259 -0.464066 -0.194618 -0.005038 -0.045493 -0.461364 -0.059152 0.109447 0.233182 -0.151723 0.016344 -0.035115 -0.069695 0.269067 0.135192 -0.340908 -0.133129 0.035353 0.161295
-0.141730 -0.477478 0.461406 0.407236 0.168983 0.377311 -0.003775 -0.036422 -0.030614 0.032550 -0.070315 -0.281073 -0.180085 -0.407825 -0.020843 -0.179447 -0.218170 -0.546599 -0.219290 -0.253062 0.410043 0.328684 0.708636 0.498960 1.000000 0.663763 0.465035 0.532987 -0.360013 -0.592837 0.463210 0.206884 -0.369520 -0.404946 0.363699 0.080148 -0.147751 -0.088763 0.059254 -0.011525 -0.161768 -0.058247 0.347515 0.339069 0.087333 0.084458 0.286904 0.193289 0.131049 0.150125 0.509814 0.139877 0.018915 0.110789 0.033936 0.053588 -0.071263 -0.199397 -0.003205 -0.378007 -0.030759 -0.441331 -0.211381 -0.485582 0.342069 0.049715 -0.273988 -0.067690 -0.284528 -0.263257 0.027094 -0.033522 -0.491276 -0.327292 -0.199238 -0.345036 -0.327142 -0.298463 -0.055660 -0.356753 -0.090774 -0.179170 -0.024585 -0.144950 0.310242 0.149235 0.326217 -0.025568 0.267781 0.113968 0.058926 -0.087996 0.117248 0.327430 0.193395 -0.121902 -0.001044 -0.027153 -0.162287 -0.169451 -0.327945 -0.073682 -0.512074 -0.297331 -0.105396 0.114727 -0.118882 0.016987 0.018128 -0.091125 0.311303 0.145578 -0.088819 -0.085573 0.088786 0.024438
-0.217443 -0.506972 0.323981 0.630625 -0.188256 0.240970 -0.292987 -0.059014 -0.291238 -0.103248 -0.064454 -0.105984 -0.238074 -0.219767 -0.052175 -0.177961 -0.277205 -0.711115 -0.544837 -0.108282 0.591949 0.516329 0.799769 0.683901 0.663763 1.000000 0.415158 0.790593 -0.455626 -0.619447 0.471420 0.224563 -0.425172 -0.382344 0.605537 0.290739 -0.073073 0.086328 0.217581 -0.016351 0.042764 -0.107697 0.295909 0.295327 -0.011899 0.038773 0.246475 0.153180 0.125146 -0.011470 0.560284 0.211907 -0.004774 0.197953 0.258622 0.123526 -0.012569 -0.110442 -0.167710 -0.412087 -0.295130 -0.545474 -0.578543 -0.765993 0.096587 0.077961 -0.277652 0.062288 -0.290308 -0.183515 0.114459 0.266052 -0.510116 -0.318485 -0.249447 -0.272310 -0.244625 -0.054511 -0.014826 -0.288862 -0.187255 -0.330611 -0.097273 -0.336573 0.198295 0.343678 0.329530 -0.084181 0.044453 0.254824 0.082830 -0.111240 0.168780 0.200276 0.203761 0.004934 0.092254 0.120806 -0.131804 0.013975 -0.352397 -0.204854 -0.517189 -0.017919 0.225334 0.446010 -0.040013 0.165274 0.168178 0.083447 0.560241 0.313697 0.010043 -0.003213 0.341908 0.161656
0.181971 0.016128 0.063651 0.264483 -0.174521 0.084107 -0.160453 -0.408967 -0.334543 -0.458417 -0.006386 -0.149515 -0.097006 -0.380485 0.073944 -0.368783 0.082585 -0.250807 -0.133781 0.139989 0.548454 0.270401 0.483319 0.237688 0.465035 0.415158 1.000000 0.680590 -0.112769 -0.382961 0.429846 0.131654 -0.120319 -0.235156 0.198774 -0.180644 0.064082 -0.046091 0.273507 -0.071468 -0.012769 -0.199770 0.262363 0.275843 -0.273884 -0.298690 0.222532 0.108875 -0.051069 -0.011402 0.198025 0.075625 -0.162555 0.072447 0.177671 -0.093660 0.284559 0.232728 -0.032826 -0.360116 -0.090937 -0.485950 -0.227036 -0.337611 0.142282 -0.190808 -0.102207 -0.322587 0.085977 0.072033 -0.027520 0.033716 -0.117143 -0.108728 0.033319 -0.013581 0.061702 -0.089735 0.253130 0.133135 -0.065552 0.010436 -0.155918 -0.241441 0.237920 0.196062 0.499196 0.159839 0.095186 0.056390 0.020887 0.076241 -0.092810 0.167663 0.007775 0.203422 -0.012292 0.201516 0.096351 0.239334 -0.371963 -0.241666 -0.370152 -0.010378 0.204875 0.337279 -0.002326 0.286175 0.325270 0.163944 0.191863 0.424934 0.288450 0.109127 0.434513 0.292065
-0.285693 -0.277165 0.054427 0.578025 -0.381743 0.181631 -0.450715 -0.302499 -0.414769 -0.285312 -0.217178 -0.202622 -0.343089 -0.313215 0.037397 -0.143808 -0.077921 -0.499269 -0.531641 0.110440 0.765522 0.504516 0.726522 0.656159 0.532987 0.790593 0.680590 1.000000 -0.157580 -0.476928 0.532927 0.394324 -0.360027 -0.331698 0.385557 0.146305 0.080168 0.248413 0.352378 0.206834 0.115514 0.026612 0.257396 0.291456 -0.194973 -0.131310 0.214049 0.185085 -0.123411 -0.022917 0.302217 0.110522 -0.209763 0.175273 0.123238 0.144121 0.155077 0.108945 -0.343313 -0.366811 -0.443668 -0.597081 -0.489703 -0.639145 0.021848 -0.063232 -0.305023 -0.193003 -0.029020 0.011400 0.077965 0.277026 -0.430664 -0.244812 -0.156706 -0.135130 -0.205560 -0.009020 0.194421 -0.082472 0.033922 -0.055216 0.104790 -0.073943 0.206226 0.409608 0.604416 0.169505 0.049077 0.324547 0.054905 -0.128483 0.223395 0.129927 0.218934 0.176015 0.174591 0.225132 -0.050134 0.104074 -0.401953 -0.431389 -0.506365 -0.085352 0.219037 0.394164 0.047201 0.202048 0.169380 0.223129 0.481236 0.398669 -0.004548 0.100686 0.237513 0.232734
-0.046531 0.478113 -0.676151 -0.273199 -0.341814 -0.274888 -0.354843 -0.394113 -0.211412 -0.162123 -0.036625 0.001661 -0.212964 0.020235 0.015797 0.065791 0.672261 0.683519 -0.045936 0.371134 -0.002939 -0.025309 -0.430000 -0.251403 -0.360013 -0.455626 -0.112769 -0.157580 1.000000 0.708244 0.125906 0.355999 0.317844 0.319004 -0.576144 -0.158271 0.642292 0.589976 0.320559 0.564669 0.401286 0.578772 -0.439301 -0.399261 -0.313869 -0.335850 -0.377527 -0.226582 -0.551845 -0.179355 -0.693507 -0.410187 -0.318450 -0.092401 -0.260304 -0.020861 0.489400 0.482110 -0.287892 0.107250 -0.308211 0.069712 0.510891 0.472514 -0.430855 -0.343722 -0.046973 -0.509559 0.606278 0.155879 0.126349 0.128192 0.585120 0.500774 0.473085 0.391641 0.287799 0.409538 0.543008 0.581355 0.703224 0.735509 0.576627 0.772392 0.171637 0.179381 0.272521 0.488292 -0.272435 0.019299 -0.212236 0.037192 0.135915 -0.245160 -0.035588 0.165854 0.159309 0.259452 -0.000445 0.224134 0.050243 -0.159374 0.269289 -0.038863 -0.314362 -0.394080 -0.164397 -0.277404 -0.053770 0.163508 -0.188820 -0.100689 -0.183201 0.309419 -0.417126 -0.170612
0.134898 0.664779 -0.576235 -0.288327 -0.141507 -0.250619 -0.081691 0.003704 0.019157 0.091970 -0.111837 0.347638 0.018181 0.406030 -0.129299 0.221389 0.404999 0.799798 0.240196 0.241850 -0.288536 -0.237817 -0.700723 -0.483234 -0.592837 -0.619447 -0.382961 -0.476928 0.708244 1.000000 -0.108000 0.070962 0.498491 0.581344 -0.576472 -0.193129 0.258860 0.292543 0.011282 0.336008 0.324487 0.471442 -0.443770 -0.399103 -0.240916 -0.195475 -0.488978 -0.223911 -0.426313 -0.192827 -0.730484 -0.359846 -0.205324 -0.143144 -0.246306 -0.032631 0.264903 0.405840 -0.119645 0.351979 -0.114609 0.469708 0.425611 0.683570 -0.500078 -0.107128 0.150874 -0.246230 0.554380 0.199347 0.054992 0.069065 0.764686 0.604418 0.456120 0.521838 0.387167 0.311872 0.173533 0.569920 0.379677 0.416742 0.397246 0.607997 -0.234917 -0.146093 -0.057076 0.387003 -0.358212 -0.093801 -0.212691 0.019829 0.041159 -0.413291 -0.232791 -0.048435 -0.106915 -0.033902 0.028681 0.002903 0.170880 -0.087421 0.320207 -0.071748 -0.439850 -0.628238 -0.257286 -0.422244 -0.229927 -0.070900 -0.469448 -0.374354 -0.207094 -0.017605 -0.359948 -0.427416
-0.142313 -0.016104 -0.030862 0.298654 -0.383405 0.019033 -0.295156 -0.157297 -0.495883 -0.339141 -0.138108 -0.184118 -0.363201 -0.327956 -0.260852 -0.311011 0.206608 -0.116090 -0.143090 0.122096 0.584521 0.512338 0.304243 0.244293 0.463210 0.471420 0.429846 0.532927 0.125906 -0.108000 1.000000 0.710542 0.091735 0.065850 0.226082 0.048876 0.279537 0.287265 0.251088 0.226589 0.096459 0.211904 0.040092 0.075633 -0.221291 -0.217953 -0.090795 -0.073752 -0.476597 -0.204064 -0.086187 -0.283117 -0.459100 -0.035006 -0.236547 -0.145136 0.304525 0.280639 -0.452265 -0.531541 -0.242812 -0.388974 0.043549 -0.199625 0.193066 -0.008132 -0.342703 -0.346161 0.106495 -0.010508 0.267559 0.458896 -0.058753 0.057948 0.143528 -0.077257 0.004064 0.162793 0.434617 0.223143 0.295986 0.230577 0.126716 0.135972 0.470441 0.424800 0.536163 0.347832 0.008144 0.004127 -0.323165 -0.105688 0.293319 0.089049 0.241825 0.148417 0.068938 0.284497 -0.246596 0.081868 -0.155888 -0.370368 -0.223270 -0.181316 0.027989 0.160143 -0.226718 0.060378 0.158203 0.162497 0.316944 0.099202 -0.043297 0.205822 0.046131 -0.035474
-0.553280 -0.002757 -0.267242 0.279929 -0.382684 0.277551 -0.454941 0.006483 -0.388025 -0.057544 -0.357998 -0.255100 -0.524939 -0.170562 -0.249860 0.080024 0.329866 0.104631 -0.318565 0.279298 0.377312 0.442921 0.028125 0.325230 0.206884 0.224563 0.131654 0.394324 0.355999 0.070962 0.710542 1.000000 0.078402 0.326917 -0.001999 0.364859 0.273749 0.425028 0.174688 0.505626 0.037449 0.372429 -0.285697 -0.175404 -0.245354 -0.101768 -0.282175 -0.156661 -0.696142 -0.246950 -0.379121 -0.364103 -0.551351 -0.127598 -0.522943 -0.107991 0.228928 0.191906 -0.661251 -0.251221 -0.387475 -0.091153 0.156514 0.001627 0.112109 0.168290 -0.427344 -0.258820 0.168596 0.105888 0.163213 0.531683 -0.181205 -0.051380 -0.113839 -0.081624 -0.298046 0.172528 0.487864 0.106906 0.636393 0.494313 0.369899 0.531175 0.270662 0.464294 0.442647 0.450444 -0.060634 0.139980 -0.256045 -0.283122 0.562613 0.005624 0.279694 0.160954 0.157957 0.188559 -0.423620 -0.094464 0.093600 -0.418536 0.063163 -0.250093 -0.044712 -0.028637 -0.069803 -0.061642 -0.039269 0.176922 0.191418 0.017890 -0.340139 0.181731 -0.267581 0.041622
0.220106 0.532998 -0.453516 -0.182761 -0.095559 -0.350059 -0.164418 -0.103689 -0.131737 -0.207967 -0.066558 -0.008168 -0.199072 -0.074058 -0.326240 -0.322921 0.453979 0.601057 0.335395 0.445031 -0.352602 -0.339406 -0.553991 -0.447785 -0.369520 -0.425172 -0.120319 -0.360027 0.317844 0.498491 0.091735 0.078402 1.000000 0.792354 -0.249121 -0.093864 0.086664 -0.118463 -0.200002 -0.125882 -0.120101 0.020945 -0.365864 -0.382572 -0.195531 -0.177660 -0.408347 -0.369490 -0.371850 -0.230623 -0.555942 -0.410290 -0.445188 -0.365746 -0.420689 -0.428644 0.224563 0.452384 0.018482 0.256094 0.027664 0.111407 0.572772 0.677343 -0.223053 -0.238738 0.491740 0.116251 0.620480 0.581826 0.071336 -0.051461 0.456923 0.212911 0.240314 0.167849 0.422275 0.095058 0.288515 0.485842 0.332479 0.463016 -0.034406 0.218718 -0.139784 -0.257937 -0.094062 0.297465 -0.321222 -0.603093 -0.453453 -0.101833 -0.267148 -0.290085 -0.145709 0.190436 -0.225163 0.131475 -0.039524 0.150327 0.168169 -0.029718 0.473511 0.233204 0.102060 -0.056308 -0.015674 0.117479 0.072299 -0.043954 -0.379091 -0.251437 0.088808 0.269439 -0.036386 0.042989
-0.083397 0.498487 -0.485420 -0.097546 -0.103616 -0.061363 -0.178110 0.136394 -0.069257 0.053402 -0.237181 0.132321 -0.209625 0.209276 -0.308276 0.053734 0.401284 0.635008 0.108299 0.504139 -0.349877 -0.266931 -0.623270 -0.273330 -0.404946 -0.382344 -0.235156 -0.331698 0.319004 0.581344 0.065850 0.326917 0.792354 1.000000 -0.278291 0.219344 -0.005664 -0.038665 -0.229654 0.044219 -0.130291 0.077445 -0.568066 -0.505730 -0.240232 -0.087199 -0.583461 -0.403536 -0.575737 -0.348541 -0.700557 -0.463167 -0.503281 -0.404961 -0.590067 -0.424229 0.144213 0.380637 -0.195402 0.308473 -0.039407 0.368072 0.444123 0.664956 -0.170288 0.114977 0.220702 0.136472 0.561532 0.562642 -0.005329 0.111402 0.357443 0.170677 0.041991 0.134630 0.200506 0.142738 0.243138 0.358986 0.413559 0.459794 0.075829 0.392075 -0.303816 -0.189664 -0.122885 0.383072 -0.296430 -0.368505 -0.327593 -0.242859 0.052309 -0.260746 -0.084525 0.067437 -0.223612 0.002130 -0.267002 -0.067149 0.316221 -0.100823 0.503321 0.060063 0.011689 -0.183311 -0.031763 0.014087 -0.041989 -0.109328 -0.359086 -0.343878 -0.179228 0.073948 -0.142035 0.011520
-0.035934 -0.529931 0.431658 0.439311 -0.075752 0.124623 0.015714 0.131149 -0.153458 -0.033123 0.209559 0.029093 0.007925 -0.004434 -0.030254 -0.068552 -0.187047 -0.519998 -0.323758 -0.220669 0.243943 0.270243 0.593097 0.469791 0.363699 0.605537 0.198774 0.385557 -0.576144 -0.576472 0.226082 -0.001999 -0.249121 -0.278291 1.000000 0.417377 -0.214323 -0.178144 -0.013060 -0.244037 -0.120402 -0.402017 0.215935 0.204196 0.003043 0.056048 0.125121 -0.015479 0.111128 -0.147630 0.483675 0.027706 0.061195 -0.005916 0.311049 0.015615 -0.110429 -0.275532 0.001076 -0.483725 0.064620 -0.320575 -0.321739 -0.540143 0.368431 0.253007 -0.318095 0.242129 -0.483692 -0.249409 -0.143440 0.207459 -0.389090 -0.342221 -0.253272 -0.309927 -0.245413 -0.194339 0.037910 -0.177585 -0.285620 -0.326429 -0.338000 -0.515797 0.268674 0.200097 0.104153 -0.257301 0.193353 0.206998 0.040818 0.002745 0.078621 0.309358 0.140197 0.097793 -0.019973 0.043551 -0.244896 0.027464 -0.051547 0.085949 -0.367799 0.139742 0.263438 0.525102 -0.120721 0.232108 0.250714 0.111058 0.339803 0.112841 0.028781 0.040021 0.547441 0.132084
-0.461631 -0.335399 -0.013547 0.287685 -0.041654 0.283147 -0.250283 0.209899 -0.084584 0.205277 -0.113008 -0.074061 -0.157598 0.188883 -0.052204 0.313566 -0.006101 -0.096878 -0.518318 0.067722 0.021975 0.054683 0.098387 0.383886 0.080148 0.290739 -0.180644 0.146305 -0.158271 -0.193129 0.048876 0.364859 -0.093864 0.219344 0.417377 1.000000 -0.142900 0.067341 -0.022210 0.132280 -0.098718 -0.105620 -0.277041 -0.205278 0.025661 0.306226 -0.198951 -0.224403 -0.239035 -0.237259 -0.015750 -0.104724 -0.041417 -0.113798 -0.183476 -0.045500 -0.085677 -0.195710 -0.207010 -0.076809 -0.036758 0.128123 -0.137233 -0.114933 0.172811 0.469061 -0.407614 0.293099 -0.163867 -0.008895 -0.001688 0.279738 -0.289995 -0.189218 -0.297286 -0.212213 -0.486723 -0.089085 0.118991 -0.193195 0.169016 0.097573 -0.092725 0.020717 -0.082395 0.123187 -0.134131 -0.052340 -0.012445 0.277671 -0.046647 -0.328838 0.240439 0.012632 0.104372 0.123313 -0.033251 -0.054944 -0.423948 -0.164576 0.194536 -0.101265 0.084064 -0.029427 0.106797 0.152385 -0.020483 0.046695 0.074103 0.088375 0.142792 -0.053354 -0.327686 0.027421 0.015377 0.111607
