1.000000 0.286931 0.325384 -0.194982 0.053846 -0.034490 0.269390 -0.039936 -0.027192 0.042920 0.363941 -0.081877 0.398286 0.149146 -0.092512 -0.001074 0.141472 -0.048049 0.371986 -0.164860 0.100018 -0.144234 -0.030995 -0.194267 -0.081447 -0.084755 0.019922 -0.049057 -0.058724 -0.140067 0.058358 0.067856 -0.012846 0.029075 -0.193134 -0.003658 -0.353242 -0.327527 -0.192090 -0.122852 -0.213867 -0.372385 -0.303814 -0.363915 -0.262771 -0.261373 -0.255615 -0.195250 -0.104035 -0.315859 0.221206 -0.096966 0.350404 0.003933 -0.032781 -0.292750 0.079021 -0.108212 0.570458 -0.000542 0.645316 0.239229 0.423440 0.110124 0.194842 0.101027 0.101594 -0.085062 0.145639 -0.278205 0.125351 -0.125624 0.228799 0.190022 0.260164 0.200825 0.226643 0.113420 -0.218836 0.008372 -0.213847 -0.219312 -0.341154 -0.265255 -0.017176 -0.132061 -0.257166 0.168786 -0.093888 0.147864 -0.161369 0.275987 -0.122587 0.179943 -0.222039 0.126052 -0.099019 -0.050343 -0.044600 0.312320 0.054222 0.375559 -0.021669 0.053498 -0.119649 -0.318379 0.006566 0.060767 0.235308 0.186663 -0.086465 0.196418 0.166217 0.158060 -0.011929 0.115151
0.286931 1.000000 -0.025046 -0.199625 -0.165454 -0.042024 -0.247660 0.183924 -0.152084 0.006615 -0.270556 -0.044947 -0.042297 0.434509 -0.216472 0.041817 0.164457 0.161073 -0.081681 0.227948 -0.054345 -0.167466 -0.582308 -0.556969 -0.113305 -0.065844 0.076401 -0.161980 -0.076178 0.158521 -0.209947 -0.203892 0.144975 0.209541 -0.212642 0.056218 -0.123681 -0.104673 -0.118979 -0.010109 -0.012787 -0.066290 0.027859 0.001125 0.051740 0.022869 -0.070774 0.164193 0.095719 0.086702 0.233728 0.194370 0.318072 0.265242 0.292839 0.062171 0.055272 0.149323 0.137104 0.427266 0.183333 0.619373 0.177404 0.407795 -0.438485 -0.101567 -0.010886 -0.158060 0.010882 -0.183975 0.062823 -0.107780 0.021388 -0.005955 -0.047562 -0.064910 0.112339 0.106830 -0.131792 0.016386 -0.174191 -0.067492 -0.124101 -0.022311 -0.379597 -0.194190 0.042348 -0.062680 0.023523 0.252324 0.346611 0.021789 -0.065027 -0.119370 -0.115130 -0.058272 -0.014216 0.002509 0.249124 -0.003097 0.365105 0.138575 0.317612 -0.209847 -0.161706 -0.168477 -0.017731 -0.101011 -0.201839 -0.149802 -0.140469 -0.007595 0.232386 -0.430705 -0.194545 -0.031601
0.325384 -0.025046 1.000000 0.049169 0.583970 0.185337 0.778202 0.544369 0.513464 0.175041 -0.095955 -0.003878 0.572645 0.316051 0.191005 0.306009 -0.365218 -0.342354 0.043722 -0.433414 0.448735 0.005611 0.039391 -0.131129 0.227037 0.198918 0.211077 0.214305 -0.295166 -0.268703 0.212960 0.176327 0.040882 0.124288 -0.109674 0.163725 -0.345893 -0.288820 0.060679 -0.042738 0.023871 0.003272 -0.291727 -0.371138 -0.327719 -0.270973 -0.213605 -0.306457 -0.099190 -0.342135 0.019196 -0.163525 0.078145 -0.013477 -0.084653 -0.295099 -0.244782 -0.231626 0.571538 -0.066547 0.591251 0.367132 -0.066258 -0.256696 0.159736 0.332093 0.248620 0.270798 -0.138907 -0.335234 -0.055310 -0.129063 -0.060674 -0.095413 -0.098937 -0.066580 -0.106228 -0.131574 -0.383168 -0.319593 -0.410238 -0.462241 -0.350800 -0.145104 -0.498469 -0.473411 -0.269896 -0.058538 0.048480 -0.029206 0.044461 0.150686 0.224332 0.195015 0.130100 -0.121184 -0.012394 -0.298446 -0.228878 -0.147011 -0.021681 0.172933 -0.039253 -0.033815 0.036204 -0.079305 0.026659 -0.178726 -0.178438 -0.140933 -0.078309 -0.213115 -0.130091 0.100327 -0.236764 -0.055367
-0.194982 -0.199625 0.049169 1.000000 0.125677 0.190959 0.040408 0.249411 0.026841 -0.193728 0.200210 0.511471 0.154147 -0.002855 0.378461 0.450166 -0.076616 0.002118 0.181354 -0.331103 0.115160 0.343381 0.532909 0.579754 0.170356 0.310384 0.110154 0.399483 0.025433 0.045806 0.365594 0.406918 -0.120205 -0.133150 -0.113298 -0.113544 0.011625 -0.049492 0.072318 0.096447 0.173221 0.153643 -0.345879 -0.268729 -0.475931 -0.510924 -0.268808 -0.289356 -0.364677 -0.287354 -0.227929 -0.244187 -0.090755 -0.081768 -0.110466 -0.101830 0.055660 0.129730 -0.215220 -0.310900 0.042609 -0.045949 -0.087309 -0.272833 0.362611 0.335347 -0.595123 -0.342428 -0.122746 -0.166035 0.042840 0.192889 -0.098664 0.018976 0.057552 -0.008644 0.045837 0.027124 -0.081893 -0.012098 -0.185543 -0.094914 0.362082 0.530363 0.039966 0.210903 -0.008528 0.056014 0.345650 0.270300 -0.076522 -0.232814 0.379713 -0.166548 0.167704 -0.167098 -0.205637 -0.439485 -0.360768 -0.288621 -0.390531 -0.446443 -0.353339 -0.393080 -0.254014 -0.139310 -0.126117 -0.403030 -0.392887 -0.155353 -0.169124 -0.220078 -0.344623 0.181634 -0.173919 -0.373167
0.053846 -0.165454 0.583970 0.125677 1.000000 0.594018 0.487946 0.286307 0.646290 0.301160 0.088674 -0.063357 0.313040 -0.099400 0.295736 0.294364 -0.457161 -0.475532 -0.151043 -0.305541 0.302648 0.010886 0.326322 0.152447 0.618286 0.300101 0.533337 0.439631 -0.369796 -0.564305 -0.065304 -0.051313 -0.236430 -0.259957 0.074823 0.136019 -0.288015 -0.302733 -0.084070 -0.149447 -0.089954 0.045790 -0.148422 -0.278141 -0.154459 -0.150294 -0.046095 -0.217232 0.066294 -0.110433 0.079416 -0.035429 0.080044 0.173885 -0.121130 -0.144098 -0.292443 -0.320405 0.414144 -0.047458 0.297746 0.227080 -0.098591 -0.415757 0.352971 0.378676 0.027709 0.276453 -0.132321 -0.128405 -0.286246 -0.346954 -0.431312 -0.357508 -0.363766 -0.253490 -0.383770 -0.339909 -0.337562 -0.437352 -0.320224 -0.486462 -0.125047 0.008918 -0.206987 -0.301514 -0.108721 0.058029 0.133986 -0.050790 0.171121 0.405314 0.467263 0.383424 0.136289 -0.288344 -0.207466 -0.293107 -0.365060 -0.295989 -0.069041 -0.033694 -0.009847 0.051673 0.162896 0.080620 0.097480 -0.095985 -0.291721 -0.369920 -0.303252 -0.317957 -0.238625 0.130215 -0.206819 -0.064390
-0.034490 -0.042024 0.185337 0.190959 0.594018 1.000000 0.016794 0.134546 0.612336 0.426834 -0.053944 0.012261 -0.011152 -0.046245 -0.131540 0.164864 -0.368621 -0.419782 -0.200293 -0.150255 0.327647 0.062806 0.074529 0.200858 0.724985 0.505672 0.702273 0.605706 -0.338177 -0.409688 -0.224145 -0.169824 -0.283235 -0.321375 -0.019904 0.231616 -0.109785 -0.182994 0.122587 0.093459 0.040032 0.092569 -0.127227 -0.218655 -0.142630 -0.169709 0.107357 -0.023011 0.095303 0.010911 0.245485 0.151129 0.322176 0.325107 0.168082 0.108229 -0.192070 -0.232997 0.240982 0.158177 0.066199 0.199393 0.048699 -0.248273 0.063347 0.197035 -0.084006 0.195078 -0.123384 -0.073081 -0.231765 -0.284866 -0.466383 -0.272785 -0.302638 -0.234439 -0.368150 -0.223331 -0.403328 -0.417921 -0.251750 -0.400473 0.021938 0.269325 -0.173279 -0.103665 0.225594 0.223722 0.225662 0.198942 0.261270 0.256203 0.429265 0.275847 0.210528 -0.239495 0.037083 -0.102310 -0.091611 -0.294776 0.104693 -0.175617 0.139534 -0.059155 0.179616 0.060897 0.084610 -0.198929 -0.102749 -0.348365 -0.109627 -0.329893 -0.196837 -0.084724 -0.071137 -0.016082
0.269390 -0.247660 0.778202 0.040408 0.487946 0.016794 1.000000 0.402880 0.381338 0.076226 0.179747 0.096630 0.625674 0.204977 0.182433 0.232313 -0.220842 -0.200407 0.179952 -0.420598 0.370353 0.050868 0.220540 0.017304 0.201135 0.046637 0.118378 0.095227 0.012774 -0.206644 0.390810 0.301560 0.052744 0.107069 -0.052063 0.011907 -0.243157 -0.277223 -0.088024 -0.260238 -0.020284 -0.012621 -0.343523 -0.401369 -0.349857 -0.258207 -0.241965 -0.505223 -0.248447 -0.440015 -0.231759 -0.330461 -0.051861 -0.140854 -0.372442 -0.458624 -0.147578 -0.214110 0.456878 -0.209339 0.504592 0.128397 -0.027215 -0.261349 0.287609 0.319456 0.220608 0.236723 -0.128323 -0.295341 0.003924 -0.014465 0.069525 -0.064940 -0.092023 0.003517 -0.122232 -0.187532 -0.178200 -0.200319 -0.208635 -0.310611 -0.377910 -0.078454 -0.222987 -0.300015 -0.407992 -0.218494 -0.069558 -0.263594 -0.212088 0.085938 0.054988 0.139792 0.078632 -0.158554 -0.172725 -0.312203 -0.401823 -0.060271 -0.164280 0.168643 -0.179947 0.170533 0.135442 0.041155 0.136594 -0.030005 -0.088219 -0.120312 -0.157038 -0.219152 -0.245722 0.229729 -0.068672 -0.079385
-0.039936 0.183924 0.544369 0.249411 0.286307 0.134546 0.402880 1.000000 0.142476 0.066929 -0.337333 0.241760 0.296886 0.709771 0.100202 0.478154 -0.209408 -0.075923 -0.296269 -0.540142 0.428498 0.175525 -0.326584 -0.232241 0.233979 0.504192 0.177319 0.357189 -0.276527 -0.012893 0.209084 0.205846 -0.020496 0.122782 -0.140439 0.154792 -0.266049 -0.262417 0.111347 0.072389 -0.039393 -0.038466 -0.187584 -0.228575 -0.292842 -0.179661 -0.201941 -0.156526 -0.144393 -0.324136 0.063594 -0.166568 0.081139 -0.091843 0.028006 -0.236830 -0.282558 -0.168523 0.272298 0.077557 0.428281 0.579173 -0.191209 -0.142666 -0.056417 0.480744 0.130300 0.284356 -0.280207 -0.218853 0.054352 0.206575 -0.169604 0.089259 -0.161092 0.061573 -0.116134 0.047721 -0.205976 -0.177348 -0.378381 -0.331208 -0.227315 -0.005169 -0.650074 -0.422079 -0.058514 -0.136715 0.146570 0.011372 0.107720 -0.243673 0.357505 -0.110670 0.011251 -0.017313 0.003064 -0.196008 -0.277046 -0.365702 -0.034859 0.079725 0.013326 -0.183285 -0.056267 -0.152118 -0.068328 -0.266819 -0.219116 -0.058555 -0.062056 -0.336142 -0.179192 0.044128 -0.303983 -0.187845
-0.027192 -0.152084 0.513464 0.026841 0.646290 0.612336 0.381338 0.142476 1.000000 0.542940 -0.090164 -0.064895 0.352307 -0.041531 0.140709 0.195808 -0.504012 -0.422373 -0.082358 -0.101279 0.367674 0.002896 0.086454 0.112796 0.457094 0.098586 0.411487 0.306960 -0.173078 -0.404338 -0.145834 -0.136369 -0.081550 -0.249694 -0.130020 0.027424 -0.096863 -0.057544 0.127025 -0.127875 0.222897 0.234840 -0.014657 -0.112877 -0.103904 -0.113373 0.225988 -0.179325 0.078913 0.021913 -0.098950 0.065431 0.103227 0.232033 -0.049455 0.064621 -0.240576 -0.226527 0.352136 0.024689 0.118709 0.191643 -0.271795 -0.376445 0.001785 0.146152 -0.046306 0.219166 -0.195838 -0.048792 -0.266371 -0.254504 -0.325488 -0.333822 -0.265160 -0.299095 -0.489035 -0.450174 -0.267542 -0.417141 -0.235591 -0.402341 -0.062715 0.133865 -0.265343 -0.232245 -0.027714 -0.116208 0.151057 0.006799 0.140844 0.267684 0.243230 0.179158 0.200501 -0.464341 -0.006040 -0.261148 -0.053155 -0.304086 0.045072 -0.093017 0.101372 0.055565 0.354286 0.292306 0.420152 -0.117086 -0.208607 -0.510042 -0.124606 -0.341091 -0.319792 -0.105570 0.011434 0.027671
0.042920 0.006615 0.175041 -0.193728 0.301160 0.426834 0.076226 0.066929 0.542940 1.000000 -0.200688 -0.258729 0.009220 -0.020337 -0.042927 0.013000 -0.134188 -0.267128 0.012087 0.082303 0.030794 -0.345815 -0.211777 -0.278508 0.009493 -0.211175 -0.013433 -0.147080 -0.078465 -0.164989 -0.212897 -0.321191 -0.153564 -0.183098 -0.085390 0.030833 -0.213903 -0.137943 -0.032531 -0.004439 0.043788 0.047754 0.124341 -0.050800 0.100512 0.047411 0.109598 0.062054 0.044038 0.022057 -0.020717 -0.059552 0.286307 0.204131 0.051967 -0.038995 -0.323619 -0.320452 0.344754 0.305001 0.161150 0.255484 -0.078438 -0.033384 -0.202569 -0.198416 0.211130 0.189174 -0.083733 -0.047154 -0.045724 -0.149633 -0.148728 -0.136017 -0.260474 -0.171131 -0.314483 -0.181157 -0.124382 -0.257573 -0.095297 -0.171142 -0.050674 0.050117 -0.094244 -0.158864 -0.021937 0.005064 0.189857 0.014204 0.287836 0.230070 0.139578 0.222288 0.151854 -0.105373 0.071728 0.077761 0.042375 -0.160198 0.154210 0.239475 0.185546 0.297788 0.356390 0.171139 0.090157 -0.115528 0.009639 -0.108444 -0.153294 -0.148430 0.074116 -0.009671 -0.193685 0.078057
0.363941 -0.270556 -0.095955 0.200210 0.088674 -0.053944 0.179747 -0.337333 -0.090164 -0.200688 1.000000 0.373500 0.468512 -0.308250 0.240592 0.151385 0.083209 -0.056491 0.363990 -0.242130 -0.072179 0.118149 0.686772 0.436664 -0.031491 -0.199737 -0.030015 0.059119 0.166964 -0.252586 0.202121 0.283250 -0.430969 -0.457448 -0.054322 -0.173178 -0.093723 -0.126828 -0.417012 -0.302625 -0.228435 -0.259667 -0.169964 -0.191133 -0.182633 -0.185780 -0.109668 -0.293076 -0.132193 -0.112408 -0.131394 -0.152668 -0.131372 -0.199645 -0.402712 -0.218476 -0.033528 -0.111433 0.077992 -0.172233 0.079638 -0.281146 0.207497 -0.207116 0.524318 0.251875 -0.269035 -0.213167 -0.008365 -0.102227 0.013523 -0.102165 0.008449 0.084657 0.190797 0.059249 -0.060423 -0.188832 0.068802 0.128050 -0.077446 -0.121699 0.052515 0.061869 0.537656 0.422759 -0.182644 0.135274 -0.155658 -0.035074 -0.369165 0.197827 -0.051984 0.152292 -0.202042 0.043091 -0.299894 -0.073336 -0.304815 0.109280 -0.259095 -0.085300 -0.279187 0.090589 -0.014368 -0.104985 0.104691 0.329104 0.257470 0.088753 -0.335637 0.064351 -0.228661 0.237609 0.243455 0.094751
-0.081877 -0.044947 -0.003878 0.511471 -0.063357 0.012261 0.096630 0.241760 -0.064895 -0.258729 0.373500 1.000000 0.345196 0.235716 0.316648 0.527763 -0.113928 0.050894 0.013888 -0.484211 0.149691 0.435454 0.274886 0.373935 -0.064456 0.103585 -0.207556 0.149070 0.191416 0.225699 0.484058 0.628669 -0.339714 -0.148878 -0.132057 -0.034876 -0.078496 -0.109900 -0.142342 0.024428 -0.002958 -0.210794 -0.122062 -0.086664 -0.179640 -0.082433 -0.154201 -0.127649 -0.236214 -0.149005 -0.269196 -0.314093 -0.359640 -0.273560 -0.321828 -0.209648 -0.116950 -0.134569 -0.264613 -0.283026 -0.058902 -0.036677 -0.132863 -0.247569 0.221440 0.432782 -0.384149 -0.038974 -0.268959 -0.237592 0.018543 0.309570 0.090060 0.157722 0.072675 0.178556 -0.004581 -0.001489 -0.059405 0.050578 -0.163715 -0.040803 -0.001425 0.514392 -0.029416 0.299960 -0.023527 0.025867 -0.176854 -0.089641 -0.353370 -0.258212 0.155924 -0.241659 -0.173024 0.118981 -0.129906 -0.190443 -0.245358 -0.109405 -0.167072 -0.361833 -0.276851 -0.152178 -0.089304 -0.186893 -0.058636 -0.054833 0.079568 0.090372 -0.069676 -0.158354 -0.241753 0.097993 -0.009950 -0.035647
0.398286 -0.042297 0.572645 0.154147 0.313040 -0.011152 0.625674 0.296886 0.352307 0.009220 0.468512 0.345196 1.000000 0.297371 0.471721 0.522342 -0.180458 -0.144388 0.132065 -0.531539 0.254718 0.200995 0.289994 0.076774 -0.021630 -0.072533 0.057160 0.224748 0.061825 -0.344823 0.211072 0.213771 -0.114518 -0.272655 -0.264184 -0.173124 -0.215807 -0.296563 -0.243140 -0.356282 -0.076028 -0.189198 -0.289446 -0.316739 -0.456181 -0.418135 -0.156841 -0.502056 -0.226683 -0.356877 -0.268444 -0.285048 -0.023701 -0.289871 -0.305110 -0.368381 -0.143936 -0.060884 0.451388 -0.070199 0.482352 0.215966 -0.132523 -0.319708 0.278519 0.472271 -0.124296 -0.016899 -0.132666 -0.181530 0.004643 -0.063382 0.041248 -0.070411 0.085800 -0.105942 -0.214306 -0.350109 -0.132117 -0.139416 -0.328237 -0.331864 -0.273904 -0.063715 -0.018274 0.054431 -0.271286 -0.174286 0.061354 0.078574 -0.208484 0.044524 0.039231 -0.000797 -0.213782 -0.314744 -0.340497 -0.404262 -0.402771 -0.239966 -0.133942 0.014726 -0.359150 0.001280 0.195190 0.089090 0.170059 0.051187 -0.129621 -0.191849 -0.277184 -0.214618 -0.329527 0.059305 -0.027326 -0.068630
0.149146 0.434509 0.316051 -0.002855 -0.099400 -0.046245 0.204977 0.709771 -0.041531 -0.020337 -0.308250 0.235716 0.297371 1.000000 -0.101640 0.281721 0.177356 0.348316 -0.194745 -0.336273 0.213394 0.108315 -0.542223 -0.431512 -0.008268 0.279020 -0.015253 0.103136 -0.111386 0.319927 0.103583 0.170482 0.123202 0.313718 -0.320604 0.093961 -0.107237 -0.135249 0.113548 0.136593 -0.046546 -0.196636 -0.234753 -0.212353 -0.308761 -0.235286 -0.216834 -0.124781 -0.269423 -0.357897 0.036422 -0.183951 0.133477 -0.181752 0.149034 -0.159460 0.041564 0.123817 0.112176 0.075606 0.406065 0.630651 0.089525 0.342125 -0.297928 0.206580 0.013217 0.028463 -0.052841 -0.219643 0.151715 0.213522 0.187228 0.367151 0.134097 0.309156 0.212410 0.280311 -0.036621 0.164363 -0.138125 -0.016266 -0.290310 -0.128982 -0.552135 -0.382030 0.029879 -0.057761 -0.025046 0.101120 0.014592 -0.304787 0.142456 -0.181217 -0.261627 0.134541 0.100067 -0.054639 -0.036833 -0.070887 0.163108 0.164060 0.005517 -0.283593 -0.256242 -0.339168 -0.115983 -0.280312 -0.062343 0.008105 0.079089 -0.020466 0.010787 -0.062722 -0.219068 -0.054200
-0.092512 -0.216472 0.191005 0.378461 0.295736 -0.131540 0.182433 0.100202 0.140709 -0.042927 0.240592 0.316648 0.471721 -0.101640 1.000000 0.631189 -0.268533 -0.200014 0.003706 -0.222787 -0.098779 0.175599 0.514505 0.279216 -0.230635 -0.182780 -0.186108 0.127700 0.044128 -0.214617 0.098929 0.117631 -0.100369 -0.305094 -0.047892 -0.155302 0.043678 0.036737 -0.099555 -0.170302 0.157576 0.134996 -0.097443 -0.045985 -0.295646 -0.277677 -0.155313 -0.232207 -0.198663 -0.204195 -0.422538 -0.322598 -0.191568 -0.186865 -0.133880 -0.160346 -0.204955 -0.055153 -0.019771 -0.246910 0.046859 -0.057333 -0.497414 -0.486457 0.380862 0.383239 -0.391214 -0.127802 -0.131500 0.006437 -0.067584 0.027051 -0.081288 -0.296666 -0.136881 -0.252803 -0.190601 -0.287460 -0.087568 -0.192516 -0.220933 -0.096432 0.113171 0.173961 0.243394 0.382565 -0.244196 -0.205045 0.367949 0.177588 0.013588 -0.016291 0.228024 0.017226 0.056883 -0.310588 -0.333578 -0.439491 -0.342158 -0.378383 -0.163662 -0.300586 -0.460487 -0.161396 0.090892 0.120236 -0.054560 -0.167393 -0.326526 -0.096085 -0.159643 -0.297048 -0.377992 -0.023825 -0.222962 -0.341694
-0.001074 0.041817 0.306009 0.450166 0.294364 0.164864 0.232313 0.478154 0.195808 0.013000 0.151385 0.527763 0.522342 0.281721 0.631189 1.000000 -0.363533 -0.187956 -0.190098 -0.530905 0.179106 0.386733 0.226498 0.179704 0.005765 0.200056 0.032419 0.396177 -0.021522 -0.171855 0.163871 0.239111 -0.207806 -0.442994 -0.306645 -0.219360 -0.026475 -0.006339 -0.030324 -0.131173 0.114234 0.131207 -0.198302 -0.200229 -0.430158 -0.401436 -0.143726 -0.303895 -0.140627 -0.226965 -0.148183 -0.128609 0.141200 0.049421 0.009029 0.009849 -0.328675 -0.180165 0.167128 -0.039775 0.244556 0.318392 -0.402536 -0.515088 0.128532 0.528117 -0.389484 -0.107032 -0.339913 -0.189375 0.033029 0.155260 -0.228635 -0.200610 -0.152230 -0.167932 -0.279666 -0.274461 -0.199710 -0.225517 -0.381671 -0.305365 -0.079890 0.364904 -0.179480 0.237096 -0.195225 -0.211304 0.269543 0.325510 0.118539 -0.142076 0.266197 -0.202219 0.111878 -0.285125 -0.192376 -0.354032 -0.358215 -0.457127 -0.118567 -0.321583 -0.210395 -0.205067 0.118406 0.123595 0.033511 -0.132683 -0.288665 -0.250384 -0.261232 -0.520044 -0.415667 -0.061607 -0.082747 -0.275701
0.141472 0.164457 -0.365218 -0.076616 -0.457161 -0.368621 -0.220842 -0.209408 -0.504012 -0.134188 0.083209 -0.113928 -0.180458 0.177356 -0.268533 -0.363533 1.000000 0.779631 0.161451 0.214468 -0.406913 -0.264806 -0.159146 -0.173824 -0.333727 -0.230234 -0.282749 -0.306640 0.199175 0.432458 -0.091870 -0.024361 0.179887 0.331054 0.009463 -0.115375 0.073703 0.020549 -0.171997 -0.008553 -0.245797 -0.212645 -0.137746 -0.064413 -0.125343 -0.148188 -0.311856 -0.050919 -0.315399 -0.256960 -0.038474 -0.226921 -0.051547 -0.264111 0.002565 -0.194411 0.615057 0.513402 -0.241609 -0.141239 0.083938 -0.075949 0.415344 0.656569 -0.075447 -0.303724 -0.044527 -0.420114 0.364865 -0.186908 0.206694 0.128136 0.487360 0.506570 0.453473 0.457122 0.533868 0.451205 0.681951 0.775301 0.593441 0.674477 -0.004638 -0.304064 0.184155 -0.046794 0.014194 -0.001170 -0.083098 -0.125609 -0.148698 -0.168497 -0.209685 -0.119359 -0.345258 0.314168 -0.074542 0.173728 0.029679 0.395674 -0.150440 0.191788 -0.171265 -0.009272 -0.387197 -0.260623 -0.312490 -0.031178 0.135454 0.249958 0.061066 0.555928 0.275561 0.180179 -0.052877 -0.017698
-0.048049 0.161073 -0.342354 0.002118 -0.475532 -0.419782 -0.200407 -0.075923 -0.422373 -0.267128 -0.056491 0.050894 -0.144388 0.348316 -0.200014 -0.187956 0.779631 1.000000 0.069021 0.152814 -0.323470 -0.114290 -0.215758 -0.094618 -0.324296 -0.186316 -0.278088 -0.258325 0.255134 0.620273 -0.030665 0.074779 0.249991 0.334787 -0.025490 -0.263281 0.171809 0.202326 -0.049905 -0.036998 -0.105674 -0.074965 -0.085146 0.048236 -0.093757 -0.100108 -0.228033 -0.116128 -0.298192 -0.195984 -0.113027 -0.182312 -0.153518 -0.217024 -0.013475 -0.072859 0.536656 0.572463 -0.366131 -0.214045 -0.018920 0.012163 0.204235 0.615989 -0.158550 -0.226480 -0.178932 -0.494258 0.219869 -0.192079 0.098519 0.228866 0.454953 0.544939 0.420731 0.468225 0.433104 0.384468 0.739900 0.853258 0.633804 0.744383 -0.032632 -0.179792 0.015566 -0.066690 0.013173 -0.167454 -0.185880 -0.094933 -0.322010 -0.396506 -0.243191 -0.302589 -0.322123 0.230436 -0.015543 0.156770 -0.076234 0.249678 -0.223765 0.039970 -0.207647 -0.089657 -0.356609 -0.153966 -0.173268 -0.026065 0.077890 0.194452 0.061435 0.428740 0.178873 0.191030 0.018259 -0.033596
0.371986 -0.081681 0.043722 0.181354 -0.151043 -0.200293 0.179952 -0.296269 -0.082358 0.012087 0.363990 0.013888 0.132065 -0.194745 0.003706 -0.190098 0.161451 0.069021 1.000000 0.169276 -0.111198 -0.056314 0.291231 0.005304 -0.182380 -0.280246 -0.234453 -0.321132 0.312571 0.253942 0.382754 0.254588 0.225341 0.274013 0.004479 0.025133 -0.007898 0.006298 0.011958 -0.004130 0.152556 -0.005533 -0.293013 -0.253789 -0.194409 -0.224338 -0.248862 -0.222768 -0.432528 -0.345191 -0.303782 -0.336518 -0.145177 -0.061594 -0.265661 -0.261397 0.063061 -0.023149 0.016694 -0.324644 0.164967 -0.158434 0.222897 0.076075 0.266241 -0.173223 -0.114117 -0.234473 0.092797 -0.253576 0.265604 0.093454 0.398797 0.264254 0.343094 0.289893 0.431136 0.255634 0.034486 0.162454 0.064257 0.111771 0.147136 0.104230 0.303600 0.048039 -0.186670 0.044329 -0.039981 -0.093533 -0.167189 0.062333 -0.135792 -0.026349 0.131418 0.142732 -0.090033 -0.114270 -0.078209 0.253118 -0.257452 0.079548 -0.069628 -0.029307 -0.255913 -0.196074 0.159194 -0.195940 0.065672 0.092391 -0.051015 0.187932 0.035871 0.255250 0.069716 -0.089502
-0.164860 0.227948 -0.433414 -0.331103 -0.305541 -0.150255 -0.420598 -0.540142 -0.101279 0.082303 -0.242130 -0.484211 -0.531539 -0.336273 -0.222787 -0.530905 0.214468 0.152814 0.169276 1.000000 -0.415602 -0.420032 -0.157580 -0.213413 -0.144209 -0.411254 -0.050665 -0.409301 0.066315 0.208911 -0.371418 -0.491343 0.446010 0.272311 0.228279 0.121272 0.390593 0.415383 0.181048 0.101176 0.339426 0.421551 0.181127 0.254342 0.320785 0.229192 0.094562 0.233639 0.147445 0.293996 -0.096892 0.204898 0.053126 0.350903 0.316084 0.298939 0.336588 0.373838 -0.335078 0.074594 -0.481722 -0.172941 -0.026485 0.302900 -0.316094 -0.585579 -0.002968 -0.178139 0.281394 0.211938 -0.077475 -0.244151 0.032252 -0.164738 -0.048179 -0.185630 0.132524 0.073858 0.142320 0.098529 0.351126 0.375051 0.266128 0.009345 0.253133 0.112349 0.058693 -0.141405 0.073506 0.019378 0.227969 -0.030259 -0.330003 -0.004471 0.269402 -0.137177 0.160105 0.115973 0.448554 0.209855 0.212492 -0.060692 0.152531 -0.106620 -0.025981 0.174137 0.015253 -0.115534 -0.083530 -0.133958 0.134844 0.231609 0.189456 -0.309723 -0.006643 -0.129131
0.100018 -0.054345 0.448735 0.115160 0.302648 0.327647 0.370353 0.428498 0.367674 0.030794 -0.072179 0.149691 0.254718 0.213394 -0.098779 0.179106 -0.406913 -0.323470 -0.111198 -0.415602 1.000000 0.382034 -0.039383 0.240948 0.356372 0.551990 0.307360 0.435520 -0.063370 -0.136121 0.429130 0.429823 -0.111776 0.082906 -0.061992 0.143354 -0.128953 -0.214018 0.204509 0.113791 0.141344 -0.047788 -0.273402 -0.281318 -0.261904 -0.159261 -0.021422 -0.233217 -0.150886 -0.228801 0.049607 -0.046891 0.115421 0.015142 -0.271524 -0.206235 -0.278095 -0.255527 0.296548 0.068078 0.213548 0.075772 -0.016204 -0.270426 0.168190 0.300962 0.131226 0.309450 -0.206794 -0.035506 0.170898 0.296384 -0.042241 0.127480 -0.003069 0.063492 -0.202897 -0.028923 -0.382918 -0.239671 -0.402949 -0.471631 0.048665 0.180274 -0.381353 -0.248053 0.098711 0.138114 0.001659 -0.073121 -0.138166 0.074990 0.259138 0.048087 -0.050365 -0.142926 0.046282 -0.134278 -0.189396 -0.177195 0.091839 -0.008414 0.245677 0.037203 0.145687 -0.101380 0.291022 -0.072004 0.084029 -0.120615 0.074138 -0.247032 -0.111118 0.011568 -0.070640 -0.004209
-0.144234 -0.167466 0.005611 0.343381 0.010886 0.062806 0.050868 0.175525 0.002896 -0.345815 0.118149 0.435454 0.200995 0.108315 0.175599 0.386733 -0.264806 -0.114290 -0.056314 -0.420032 0.382034 1.000000 0.193416 0.378507 0.167960 0.449220 -0.005530 0.375736 0.346624 0.151099 0.474754 0.541093 0.037043 -0.045304 -0.037884 -0.186722 0.314727 0.223646 0.171777 0.141015 0.301916 0.030800 -0.224527 -0.105619 -0.242817 -0.232474 0.000885 -0.273938 -0.243027 -0.211933 -0.267857 -0.249448 -0.165413 -0.177981 -0.280777 -0.029994 -0.119220 -0.061045 -0.126535 -0.309364 -0.024952 -0.076455 -0.100840 -0.291650 0.275929 0.355211 -0.305550 -0.026432 -0.364119 0.187676 0.173288 0.380915 0.126611 0.021193 0.097365 0.142480 -0.061398 0.003796 -0.172143 -0.159067 -0.164743 -0.151865 0.117490 0.411574 0.045534 0.198113 0.065638 0.086100 -0.012587 0.073028 -0.209656 -0.131321 0.105997 -0.315259 -0.126437 -0.171918 -0.163105 -0.225416 -0.242447 -0.245165 0.035110 -0.432332 -0.077403 -0.231680 0.006616 0.060014 0.236414 -0.059080 -0.077761 -0.173504 0.033427 -0.271020 -0.222452 -0.155452 0.235908 0.073335
-0.030995 -0.582308 0.039391 0.532909 0.326322 0.074529 0.220540 -0.326584 0.086454 -0.211777 0.686772 0.274886 0.289994 -0.542223 0.514505 0.226498 -0.159146 -0.215758 0.291231 -0.157580 -0.039383 0.193416 1.000000 0.745182 0.140109 -0.054022 0.085603 0.266402 0.083177 -0.294396 0.244052 0.264390 -0.235327 -0.375615 0.145785 -0.142377 0.039026 -0.007122 -0.157220 -0.143042 0.053997 0.083561 -0.254352 -0.208236 -0.281027 -0.322565 -0.182251 -0.389042 -0.168728 -0.140170 -0.253204 -0.198306 -0.238175 -0.120073 -0.301627 -0.118687 -0.020973 -0.011264 -0.094234 -0.394423 -0.088570 -0.468947 -0.063563 -0.443082 0.679373 0.268287 -0.388931 -0.218723 -0.062861 -0.013573 -0.111693 -0.117621 -0.123723 -0.181596 0.031157 -0.168801 -0.098951 -0.245976 -0.031197 -0.061780 -0.070478 -0.115986 0.328470 0.227024 0.554370 0.457245 -0.135375 0.095537 0.189218 0.069378 -0.249176 0.111368 0.148406 0.146613 0.126071 -0.164510 -0.313562 -0.308831 -0.413015 -0.080429 -0.437180 -0.352288 -0.436633 -0.081711 -0.042917 0.068108 -0.019077 0.022667 -0.095915 -0.077510 -0.263977 -0.088973 -0.337207 0.278466 0.102479 -0.190759
-0.194267 -0.556969 -0.131129 0.579754 0.152447 0.200858 0.017304 -0.232241 0.112796 -0.278508 0.436664 0.373935 0.076774 -0.431512 0.279216 0.179704 -0.173824 -0.094618 0.005304 -0.213413 0.240948 0.378507 0.745182 1.000000 0.173167 0.196279 0.148757 0.440218 0.156614 -0.155110 0.265716 0.357996 -0.255019 -0.338142 0.134208 -0.239988 0.105892 0.071175 0.010709 0.006907 0.127672 0.041794 -0.160931 -0.069917 -0.201731 -0.208795 -0.005698 -0.266840 -0.102688 -0.017705 -0.183944 -0.060759 -0.196625 -0.104228 -0.261278 0.020004 0.012130 -0.003515 -0.278133 -0.332648 -0.268179 -0.510903 -0.122518 -0.418296 0.552969 0.299969 -0.458753 -0.148673 -0.159992 0.079348 -0.176102 0.085370 -0.067874 -0.046202 0.121224 -0.059588 -0.202470 -0.247782 -0.042053 -0.027660 -0.050670 -0.100723 0.360487 0.412222 0.356547 0.410494 0.118842 0.166778 0.138514 0.067842 -0.401593 -0.059188 0.209604 0.002530 0.030795 -0.159689 -0.138585 -0.205970 -0.284048 -0.134581 -0.324998 -0.461976 -0.341496 -0.013865 0.073763 0.107608 -0.000196 -0.004364 0.025516 -0.074052 -0.071374 -0.073937 -0.191005 0.215469 0.194113 -0.064648
-0.081447 -0.113305 0.227037 0.170356 0.618286 0.724985 0.201135 0.233979 0.457094 0.009493 -0.031491 -0.064456 -0.021630 -0.008268 -0.230635 0.005765 -0.333727 -0.324296 -0.182380 -0.144209 0.356372 0.167960 0.140109 0.173167 1.000000 0.697846 0.781975 0.652623 -0.339909 -0.365336 -0.111886 -0.074350 -0.071361 -0.109627 0.060603 0.283357 -0.048450 -0.196987 0.091708 -0.066348 0.030288 0.135504 -0.189134 -0.222767 -0.159907 -0.141887 0.070543 -0.183328 0.078672 -0.051520 0.255924 0.151550 0.109918 0.233973 0.024977 0.047497 0.000059 -0.085823 0.237727 -0.034562 0.074220 0.101825 0.096674 -0.210465 0.157960 0.273707 0.016205 0.227267 -0.080910 0.050094 -0.277134 -0.276471 -0.496218 -0.250005 -0.311886 -0.184870 -0.258018 -0.165010 -0.267069 -0.336739 -0.118312 -0.343182 0.027252 0.074308 -0.196783 -0.229970 0.100675 0.093548 0.067498 -0.048653 0.109642 0.180781 0.271369 0.171563 0.174466 -0.268767 -0.059903 -0.178484 -0.214647 -0.166781 -0.055074 -0.158079 0.157551 -0.171397 -0.024879 -0.006655 0.231858 -0.109699 -0.213930 -0.427420 -0.129508 -0.302252 -0.321196 0.010735 0.013026 -0.100103
-0.084755 -0.065844 0.198918 0.310384 0.300101 0.505672 0.046637 0.504192 0.098586 -0.211175 -0.199737 0.103585 -0.072533 0.279020 -0.182780 0.200056 -0.230234 -0.186316 -0.280246 -0.411254 0.551990 0.449220 -0.054022 0.196279 0.697846 1.000000 0.514235 0.765582 -0.336037 -0.124441 0.144937 0.225624 -0.034715 0.039557 0.021994 0.308322 -0.007633 -0.109750 0.290817 0.228515 0.042329 0.049207 -0.256770 -0.202136 -0.307132 -0.211588 -0.079541 -0.081583 -0.094915 -0.250013 0.319340 0.001221 0.099659 0.003729 0.107162 0.004884 -0.042386 -0.082096 0.121886 -0.108641 0.206703 0.108788 0.062725 -0.186082 0.181266 0.390812 -0.031736 0.209082 -0.140585 -0.055404 0.027972 0.189199 -0.257028 0.089584 0.001929 0.101956 0.010023 0.174336 -0.257043 -0.171151 -0.246523 -0.299787 0.125368 0.124565 -0.345170 -0.205285 0.202278 0.183031 0.153736 0.048287 0.033743 -0.122418 0.322445 -0.092344 0.096416 -0.021429 0.105854 -0.115493 -0.205730 -0.208042 -0.076741 -0.207457 0.119772 -0.319195 -0.188641 -0.210606 0.037622 -0.241298 -0.069452 -0.117451 0.171785 -0.274648 -0.215977 0.065258 -0.056352 -0.150652
0.019922 0.076401 0.211077 0.110154 0.533337 0.702273 0.118378 0.177319 0.411487 -0.013433 -0.030015 -0.207556 0.057160 -0.015253 -0.186108 0.032419 -0.282749 -0.278088 -0.234453 -0.050665 0.307360 -0.005530 0.085603 0.148757 0.781975 0.514235 1.000000 0.704418 -0.368971 -0.535965 -0.358174 -0.329432 -0.088077 -0.268330 -0.045605 0.096310 -0.098006 -0.240688 0.019385 -0.178508 -0.092292 0.106480 -0.127135 -0.180225 -0.193447 -0.232810 0.149257 -0.165251 0.219239 0.036346 0.360867 0.345618 0.388913 0.336533 0.204829 0.122732 0.051608 0.077367 0.327592 0.225166 0.090832 0.205544 0.089538 -0.163015 0.042514 0.231600 -0.042435 0.058319 -0.031362 0.056498 -0.331863 -0.476892 -0.509090 -0.315322 -0.251242 -0.341371 -0.377904 -0.328539 -0.303754 -0.328478 -0.205321 -0.385325 -0.098652 -0.093881 -0.172362 -0.162662 0.066178 -0.035878 0.216422 0.226539 0.211027 0.211358 0.247032 0.221359 0.099036 -0.380286 -0.121329 -0.167418 -0.125695 -0.299319 0.019707 -0.119994 0.053123 -0.096355 0.117198 0.170575 0.137094 -0.010297 -0.278765 -0.424942 -0.218670 -0.277402 -0.253406 -0.117545 0.061870 -0.085969
-0.049057 -0.161980 0.214305 0.399483 0.439631 0.605706 0.095227 0.357189 0.306960 -0.147080 0.059119 0.149070 0.224748 0.103136 0.127700 0.396177 -0.306640 -0.258325 -0.321132 -0.409301 0.435520 0.375736 0.266402 0.440218 0.652623 0.765582 0.704418 1.000000 -0.261487 -0.439387 -0.053352 0.007651 -0.102933 -0.343989 -0.000758 0.064599 0.007081 -0.135089 0.155199 -0.008349 0.034133 0.073170 -0.227079 -0.179293 -0.392953 -0.353831 0.015812 -0.254812 0.015219 -0.186436 0.255604 0.045702 0.174843 -0.008200 0.112543 0.046455 -0.086471 -0.043057 0.205864 -0.108167 0.153722 0.026457 -0.138394 -0.419794 0.291199 0.532130 -0.242293 0.074595 -0.193961 0.032235 -0.137918 -0.052304 -0.345100 -0.151742 0.023377 -0.176879 -0.259116 -0.210265 -0.243678 -0.270459 -0.275838 -0.384354 0.128591 0.087368 -0.108852 0.072974 0.112666 -0.006766 0.395563 0.250291 -0.010113 -0.075288 0.321578 -0.101152 0.029860 -0.295494 -0.120885 -0.311655 -0.354704 -0.452239 -0.237392 -0.422325 -0.219872 -0.258361 0.077565 0.123963 0.085493 -0.170046 -0.165840 -0.269286 -0.006270 -0.388374 -0.343729 0.014016 0.058615 -0.203409
-0.058724 -0.076178 -0.295166 0.025433 -0.369796 -0.338177 0.012774 -0.276527 -0.173078 -0.078465 0.166964 0.191416 0.061825 -0.111386 0.044128 -0.021522 0.199175 0.255134 0.312571 0.066315 -0.063370 0.346624 0.083177 0.156614 -0.339909 -0.336037 -0.368971 -0.261487 1.000000 0.456159 0.456304 0.340823 0.313743 0.130554 -0.021420 -0.417130 0.347072 0.192901 -0.097978 -0.264243 0.323732 0.062578 0.025136 0.096043 0.027349 -0.021675 0.105450 -0.243131 -0.186876 -0.057818 -0.433354 -0.231706 -0.121266 -0.081737 -0.401908 -0.093109 0.051530 0.038446 -0.148758 -0.240326 -0.142767 -0.196105 -0.086086 -0.055514 -0.086447 -0.167913 -0.228765 -0.286116 -0.204827 0.134957 0.229626 0.293663 0.657684 0.112425 0.268390 0.157947 0.053734 -0.126176 0.248876 0.115512 0.304624 0.257566 0.086181 0.255958 0.252491 0.226395 -0.222275 -0.379524 -0.165521 -0.227193 -0.260831 -0.158668 -0.362234 -0.433011 -0.137461 -0.146719 -0.280382 -0.132908 -0.114417 -0.007417 -0.091971 -0.254412 -0.179843 0.208736 0.209150 0.315948 0.304822 0.040525 0.023147 -0.144690 -0.047084 0.003799 0.101584 -0.038840 0.216388 0.072139
-0.140067 0.158521 -0.268703 0.045806 -0.564305 -0.409688 -0.206644 -0.012893 -0.404338 -0.164989 -0.252586 0.225699 -0.344823 0.319927 -0.214617 -0.171855 0.432458 0.620273 0.253942 0.208911 -0.136121 0.151099 -0.294396 -0.155110 -0.365336 -0.124441 -0.535965 -0.439387 0.456159 1.000000 0.392997 0.399119 0.356281 0.623767 0.031979 -0.058273 0.254241 0.300469 0.195362 0.296490 0.261010 0.008801 -0.068474 0.068745 0.046845 0.083395 -0.178298 0.042039 -0.365719 -0.169786 -0.227791 -0.250024 -0.232698 -0.044299 -0.046504 -0.020102 0.227201 0.200092 -0.462299 -0.326969 -0.143547 0.018133 0.130202 0.448193 -0.191600 -0.265698 -0.127926 -0.258474 -0.022167 -0.149771 0.264230 0.428242 0.627270 0.561652 0.335558 0.584476 0.554185 0.535701 0.326622 0.530314 0.367286 0.535592 0.061885 0.168785 -0.115995 -0.116027 -0.002668 -0.093605 -0.318666 -0.203853 -0.229279 -0.399197 -0.173502 -0.366667 -0.134346 0.374956 0.110741 0.161965 0.120022 0.331089 0.005489 -0.080150 0.002920 -0.208025 -0.439513 -0.263735 -0.071896 -0.236986 0.110260 0.216130 0.219623 0.342753 0.314431 0.071716 -0.000990 -0.004538
0.058358 -0.209947 0.212960 0.365594 -0.065304 -0.224145 0.390810 0.209084 -0.145834 -0.212897 0.202121 0.484058 0.211072 0.103583 0.098929 0.163871 -0.091870 -0.030665 0.382754 -0.371418 0.429130 0.474754 0.244052 0.265716 -0.111886 0.144937 -0.358174 -0.053352 0.456304 0.392997 1.000000 0.902455 0.126970 0.370327 0.065575 -0.017257 -0.045211 -0.055100 0.057467 0.133429 0.243015 -0.065557 -0.322669 -0.247820 -0.170042 -0.108375 -0.281102 -0.287574 -0.401158 -0.339730 -0.322544 -0.429271 -0.287439 -0.249678 -0.508384 -0.355693 -0.202295 -0.226954 -0.050221 -0.392122 0.181014 -0.127431 0.004210 -0.193764 0.298284 0.160560 -0.067987 0.055261 -0.241344 -0.201571 0.370958 0.606191 0.475313 0.293401 0.208269 0.366670 0.271420 0.236496 -0.133455 0.009222 -0.195311 -0.116248 0.114150 0.414287 -0.113881 -0.052765 -0.197306 0.034664 -0.203813 -0.293053 -0.396758 -0.233394 -0.013554 -0.297856 -0.028186 0.133739 -0.109251 -0.183808 -0.266854 0.082645 -0.266617 -0.159309 -0.099938 -0.071545 -0.200526 -0.234672 0.149280 -0.167162 0.093321 0.137153 0.061251 -0.092532 -0.015319 0.289339 -0.051238 -0.056283
0.067856 -0.203892 0.176327 0.406918 -0.051313 -0.169824 0.301560 0.205846 -0.136369 -0.321191 0.283250 0.628669 0.213771 0.170482 0.117631 0.239111 -0.024361 0.074779 0.254588 -0.491343 0.429823 0.541093 0.264390 0.357996 -0.074350 0.225624 -0.329432 0.007651 0.340823 0.399119 0.902455 1.000000 -0.087357 0.267858 -0.056939 -0.014414 -0.063614 -0.034975 0.002240 0.114534 0.143448 -0.152837 -0.316209 -0.237402 -0.225846 -0.135627 -0.275490 -0.252109 -0.405231 -0.335164 -0.268001 -0.409439 -0.323066 -0.287850 -0.499643 -0.311931 -0.097306 -0.162547 -0.128623 -0.402800 0.173825 -0.103916 0.104774 -0.127346 0.321150 0.258872 -0.194830 0.000804 -0.237041 -0.260655 0.288295 0.576173 0.413715 0.386171 0.247793 0.468393 0.264954 0.251136 -0.061750 0.136295 -0.151494 -0.071916 0.074440 0.399754 -0.150733 -0.033115 -0.139979 0.108068 -0.299412 -0.255357 -0.437589 -0.207887 0.063727 -0.245407 -0.152506 0.218859 -0.064700 -0.114639 -0.225212 0.149183 -0.214060 -0.178653 -0.058632 -0.125763 -0.320547 -0.388534 0.100116 -0.068773 0.185634 0.181350 0.059435 -0.039869 -0.114241 0.272101 -0.000177 0.029314
-0.012846 0.144975 0.040882 -0.120205 -0.236430 -0.283235 0.052744 -0.020496 -0.081550 -0.153564 -0.430969 -0.339714 -0.114518 0.123202 -0.100369 -0.207806 0.179887 0.249991 0.225341 0.446010 -0.111776 0.037043 -0.235327 -0.255019 -0.071361 -0.034715 -0.088077 -0.102933 0.313743 0.356281 0.126970 -0.087357 1.000000 0.618021 0.203297 -0.024433 0.359680 0.285245 0.335833 0.059826 0.492048 0.399734 -0.112227 0.068311 -0.015893 -0.064200 -0.080132 -0.112667 -0.105228 -0.131628 -0.192126 -0.124001 -0.037793 0.012711 0.156152 0.089200 0.314210 0.348513 -0.089505 -0.330104 0.018366 0.029406 -0.175574 0.131214 -0.184751 -0.241305 0.021319 -0.166315 0.146395 0.039791 0.147944 0.114527 0.397729 -0.063367 0.146118 -0.041290 0.394387 0.211314 0.138899 0.070592 0.307823 0.311864 0.073020 -0.046801 -0.087614 -0.160535 -0.123828 -0.342643 0.119750 -0.035254 0.022789 -0.400178 -0.377432 -0.459860 0.201066 -0.236783 0.052019 -0.249796 0.127279 0.038699 -0.120750 -0.179879 -0.189710 -0.328649 -0.137254 0.192501 0.112489 -0.395353 -0.332060 -0.183644 0.323118 0.062605 0.122982 -0.103934 -0.057907 -0.345812
0.029075 0.209541 0.124288 -0.133150 -0.259957 -0.321375 0.107069 0.122782 -0.249694 -0.183098 -0.457448 -0.148878 -0.272655 0.313718 -0.305094 -0.442994 0.331054 0.334787 0.274013 0.272311 0.082906 -0.045304 -0.375615 -0.338142 -0.109627 0.039557 -0.268330 -0.343989 0.130554 0.623767 0.370327 0.267858 0.618021 1.000000 0.224688 0.346133 0.053324 0.017456 0.302259 0.349840 0.177876 -0.024985 -0.295250 -0.170607 -0.050118 -0.000715 -0.354970 -0.028742 -0.373656 -0.317429 -0.113070 -0.283407 -0.207564 -0.129150 -0.055650 -0.229965 0.261564 0.196236 -0.171602 -0.266609 0.118509 0.071556 0.265318 0.485202 -0.059249 -0.217692 0.273161 0.108751 0.261428 -0.108860 0.262824 0.318465 0.528388 0.339174 0.188147 0.396971 0.641812 0.609844 0.048861 0.247249 0.212085 0.297359 0.010103 -0.080634 -0.279112 -0.469824 -0.001680 0.061560 -0.144933 -0.234776 -0.090989 -0.174664 -0.094666 -0.126069 -0.025971 0.301331 0.162058 0.020509 0.103198 0.390502 0.053918 0.177788 0.134179 -0.187749 -0.426085 -0.335506 -0.113892 -0.337214 -0.025788 0.171749 0.363120 0.300221 0.376335 0.090087 -0.225577 -0.084113
-0.193134 -0.212642 -0.109674 -0.113298 0.074823 -0.019904 -0.052063 -0.140439 -0.130020 -0.085390 -0.054322 -0.132057 -0.264184 -0.320604 -0.047892 -0.306645 0.009463 -0.025490 0.004479 0.228279 -0.061992 -0.037884 0.145785 0.134208 0.060603 0.021994 -0.045605 -0.000758 -0.021420 0.031979 0.065575 -0.056939 0.203297 0.224688 1.000000 0.359739 0.106635 0.165921 0.191471 0.336787 0.045009 0.165304 -0.089699 0.028000 0.159592 0.274043 -0.248375 0.018222 -0.050956 -0.022468 -0.033636 -0.130128 -0.315362 -0.058574 0.116690 0.008276 -0.108082 -0.078724 -0.217077 -0.216746 -0.164534 -0.178395 -0.085092 -0.075008 0.399399 0.153215 0.325375 0.327588 -0.016391 -0.053031 -0.023599 0.045856 0.010520 -0.122860 -0.033711 -0.026660 0.131726 0.140137 0.107603 0.029159 0.092171 0.105243 0.203366 -0.083432 0.265642 0.031368 0.225101 0.110728 0.152609 -0.096911 -0.172106 -0.177917 -0.020363 0.051525 0.207993 0.116879 0.100662 0.110668 -0.208680 -0.029125 -0.117410 -0.148059 -0.225036 -0.068298 -0.033646 0.150218 -0.302821 -0.113818 0.060382 0.230317 0.156932 0.066769 0.246685 0.067234 -0.048327 -0.119596
-0.003658 0.056218 0.163725 -0.113544 0.136019 0.231616 0.011907 0.154792 0.027424 0.030833 -0.173178 -0.034876 -0.173124 0.093961 -0.155302 -0.219360 -0.115375 -0.263281 0.025133 0.121272 0.143354 -0.186722 -0.142377 -0.239988 0.283357 0.308322 0.096310 0.064599 -0.417130 -0.058273 -0.017257 -0.014414 -0.024433 0.346133 0.359739 1.000000 -0.115561 -0.157355 0.272570 0.386077 -0.003786 0.029294 -0.241649 -0.219400 -0.071061 0.070023 -0.309424 0.144411 -0.167079 -0.209288 0.158751 -0.147931 -0.091187 -0.018194 0.156680 -0.103443 -0.052267 -0.173651 -0.026472 -0.042493 0.033127 0.111447 0.202709 0.081583 0.061649 0.084518 0.310107 0.466705 0.220962 -0.137294 0.145141 0.006157 -0.162450 -0.042698 -0.156690 0.029204 0.228820 0.338956 -0.251188 -0.167689 -0.136221 -0.141146 0.190640 -0.031677 -0.104194 -0.175853 0.231806 0.244938 0.145913 -0.032257 0.213470 0.126169 0.229688 0.288409 0.218260 0.237742 0.262780 0.051532 0.013482 0.142744 0.174180 0.136310 0.273887 -0.165529 -0.204844 -0.309031 -0.212600 -0.247761 0.066938 0.107091 0.267317 -0.026684 -0.002521 -0.033345 -0.323188 -0.175228
