1.000000 0.373547 0.096009 0.042133 -0.177269 -0.288791 0.261541 0.035422 -0.040653 -0.242786 0.385377 0.349215 0.293659 0.307561 0.368922 -0.024035 0.205133 0.204742 0.348051 -0.120514 -0.173916 0.186548 0.050508 -0.306694 -0.182561 -0.018134 -0.284919 0.088051 0.406964 0.405713 0.223893 -0.040566 0.541578 0.453579 -0.218789 -0.050392 0.038692 0.034143 0.054849 -0.029407 0.299920 -0.141621 -0.306980 -0.311490 -0.355807 -0.378308 -0.137943 -0.242048 -0.285018 -0.333020 -0.041236 -0.172256 -0.095103 -0.224004 0.020703 0.005662 0.347843 0.049937 0.052282 -0.242576 0.435179 0.186346 0.217481 0.165633 0.146948 0.090842 -0.169596 -0.431075 0.179149 -0.258027 -0.080070 0.377992 0.448869 0.221619 0.453821 0.254578 0.401404 0.108102 0.094376 0.148879 0.345210 0.305960 0.449251 0.323488 0.237356 0.215228 0.186709 0.150730 0.243993 -0.136256 -0.474712 -0.111743 -0.311001 -0.045371 -0.245011 -0.288453 -0.239952 -0.276868 -0.289184 -0.164865 -0.070127 -0.133459 0.017166 -0.363500 -0.353986 -0.463878 -0.252788 -0.306215 -0.307269 -0.315183 -0.448992 -0.374984 -0.359202 -0.082262 -0.122616 -0.348275
0.373547 1.000000 0.026650 0.092667 -0.171979 0.049888 0.123484 0.385284 -0.031459 0.131418 0.256188 0.410206 0.264287 0.675623 0.096189 0.291559 0.136341 0.143556 -0.058544 -0.037114 0.076112 0.293560 -0.056222 -0.261490 -0.179110 0.024967 -0.068489 0.220744 0.096326 0.282825 -0.113288 -0.048073 0.308581 0.393296 -0.244593 0.008254 -0.222273 -0.102366 0.003989 0.185509 0.126788 -0.134069 -0.356036 -0.421033 -0.594816 -0.525522 -0.331763 -0.118264 -0.384861 -0.425212 -0.186435 -0.270983 -0.174854 -0.234785 -0.068775 -0.106086 -0.023076 0.158703 0.216855 0.278904 0.435392 0.504044 -0.015798 0.149338 0.119710 0.488117 -0.071132 -0.148672 0.233851 0.146100 -0.441752 0.265508 0.012788 -0.070529 0.033544 0.128214 -0.073223 0.024691 -0.074958 -0.043736 0.136800 0.128312 0.176198 0.277448 -0.059733 -0.066702 -0.046610 0.105606 0.261758 0.041529 -0.163244 -0.227341 -0.081124 0.047900 -0.070416 0.008718 -0.205913 0.159100 -0.283697 -0.144940 0.135367 -0.000983 -0.102272 -0.196939 -0.203382 -0.266012 0.073687 -0.080502 -0.032507 -0.101030 -0.345558 -0.211620 -0.358261 -0.211505 -0.062486 0.054816
0.096009 0.026650 1.000000 0.327377 -0.015022 0.315719 0.702697 0.328066 0.415366 -0.129681 0.006065 0.159863 0.000202 0.059315 0.213492 -0.029457 -0.421134 -0.329509 0.372120 -0.261228 0.283247 0.108401 0.583784 0.172879 0.183776 0.288400 0.102935 0.081246 -0.205359 -0.050116 0.376164 0.254488 -0.115154 -0.066810 0.242681 0.219186 -0.172798 -0.088980 -0.034764 0.249152 0.105520 -0.156675 -0.088640 -0.036505 -0.025202 -0.117008 -0.132218 0.064129 0.030301 -0.072311 0.079049 0.061851 -0.152216 0.072359 -0.107909 0.052165 -0.403689 -0.300276 -0.204405 -0.209744 -0.026378 -0.349229 -0.541922 -0.555717 0.558462 0.370956 -0.080518 0.008481 -0.173376 -0.139934 -0.071472 -0.026164 -0.061392 -0.175970 -0.079138 -0.169151 0.001071 0.058622 -0.237397 -0.226736 -0.352135 -0.372896 0.074367 -0.047572 0.267126 -0.040420 0.074448 0.269262 0.196049 -0.080477 0.188331 0.461181 0.304025 0.417111 -0.086508 0.074638 0.145999 0.030127 -0.034512 0.176344 0.013165 -0.000879 -0.183886 -0.112640 -0.166447 -0.224579 -0.015148 -0.235434 0.088540 0.160131 -0.012232 0.025644 0.002927 -0.009829 0.047268 -0.031842
0.042133 0.092667 0.327377 1.000000 -0.013347 0.274406 0.168413 0.686903 -0.064071 -0.005130 -0.151650 0.257806 -0.379729 0.104330 -0.086591 0.049408 -0.306336 -0.137367 0.530559 0.299138 -0.015282 0.110957 0.193097 0.278970 -0.097203 0.176264 -0.213232 -0.110332 -0.051515 0.113511 0.159697 0.375781 -0.070532 0.109769 0.075388 0.030356 -0.128961 -0.013388 -0.059488 0.062702 -0.053369 -0.091066 -0.184096 -0.128882 -0.232848 -0.159353 -0.156063 -0.185745 -0.299653 -0.294663 -0.177648 -0.032196 -0.196561 -0.147115 -0.221621 -0.057773 -0.122708 -0.034434 -0.200396 -0.112302 -0.313094 -0.027563 -0.175470 -0.087991 0.153037 0.197446 -0.416803 0.052818 -0.048450 0.059070 -0.045840 0.221021 0.031608 0.299119 0.180051 0.339992 0.192279 0.259183 -0.084715 -0.073509 -0.079820 -0.138383 -0.038114 0.316303 0.343260 0.171406 0.027698 0.303711 0.123298 0.117089 0.162060 -0.125116 0.227834 -0.062668 -0.060568 0.255268 -0.022505 -0.022602 0.014323 0.031457 -0.028121 -0.001591 0.029202 -0.107165 -0.205981 -0.041748 -0.019691 0.006704 0.122230 0.207368 0.028757 -0.039258 -0.133785 -0.067243 0.078081 0.110883
-0.177269 -0.171979 -0.015022 -0.013347 1.000000 0.016009 -0.049354 0.010846 0.225160 0.147165 0.067546 -0.006240 0.061280 -0.118994 0.256218 0.203229 -0.092239 -0.142590 -0.105298 -0.050396 -0.036793 -0.034176 0.152757 0.178564 0.220433 0.109435 0.200638 -0.001359 0.004853 -0.122391 0.061610 0.091164 -0.271749 -0.221283 0.097492 -0.220105 -0.099825 -0.097702 -0.280563 -0.366237 -0.214532 0.101356 0.396151 0.404242 0.311021 0.372591 0.348443 0.268703 0.254460 0.217171 0.168379 0.059895 -0.052262 -0.066524 -0.129699 -0.058675 -0.292055 -0.365760 0.095271 -0.014783 -0.076694 -0.323370 -0.118409 -0.243690 -0.113997 -0.102304 0.189577 0.126858 -0.257712 -0.186990 0.172942 0.003339 -0.084837 0.100305 -0.062801 -0.075230 -0.135226 -0.166377 -0.247098 -0.235302 -0.152459 -0.113538 -0.107717 0.037804 -0.124392 -0.013787 -0.117634 0.002895 -0.285608 -0.224893 0.045226 0.038909 -0.046044 -0.011870 0.137202 -0.146643 0.081790 -0.160974 0.037504 0.043385 0.020883 -0.019872 0.042558 0.079707 0.012170 -0.048732 0.146277 0.232913 -0.110682 0.017919 0.124486 0.047385 0.276024 -0.109754 -0.126327 -0.012809
-0.288791 0.049888 0.315719 0.274406 0.016009 1.000000 0.165586 0.209054 0.291843 0.239243 -0.129769 -0.048480 -0.031934 -0.006283 -0.079746 0.039732 -0.334415 -0.237447 -0.030335 0.279290 0.364795 0.037925 0.241207 0.378167 0.205376 0.059893 0.290772 0.102811 -0.387865 -0.257833 0.127132 0.214263 -0.377712 -0.144935 0.248968 0.181305 -0.223775 -0.283751 -0.202963 -0.101619 -0.380295 -0.060303 -0.118132 -0.053127 -0.007851 0.069872 -0.284629 -0.081106 -0.154321 -0.071189 -0.154154 -0.169026 -0.306069 0.002473 -0.219743 -0.285338 -0.320354 -0.050394 -0.130137 0.171990 -0.225023 -0.103931 -0.243359 -0.286415 0.261337 0.185039 0.005494 0.459821 -0.148959 0.285776 -0.020116 -0.208492 -0.232860 -0.191569 -0.213778 0.081136 -0.213574 0.062447 -0.187950 -0.311119 -0.293666 -0.417981 -0.416034 -0.174667 0.043317 -0.241551 -0.008576 -0.038868 0.031573 0.068620 0.472438 0.195305 0.442131 0.258832 0.171839 0.275963 0.023989 0.066732 0.196584 0.225675 0.134381 0.195517 -0.003732 0.374582 0.294129 0.326440 0.215396 0.170772 0.215522 0.387968 0.292056 0.463794 0.239164 0.040708 0.115448 0.169820
0.261541 0.123484 0.702697 0.168413 -0.049354 0.165586 1.000000 0.347429 0.514477 -0.012027 0.421383 0.381308 0.404495 0.340729 0.378374 0.055595 -0.192617 -0.096916 0.314482 -0.178168 0.114135 -0.023291 0.495984 0.065824 0.256080 0.065688 0.046985 -0.003115 0.161065 0.136580 0.487162 0.090772 -0.019792 0.144727 0.025239 0.085468 -0.114723 -0.061580 -0.015611 0.081253 0.080319 -0.001743 -0.152822 -0.149922 -0.035011 -0.214696 -0.128091 -0.147816 0.003237 -0.121540 0.119785 -0.052354 -0.072051 0.007606 -0.099752 -0.134068 -0.435392 -0.417916 -0.293380 -0.351152 0.256227 -0.336394 -0.216601 -0.392722 0.525036 0.354996 -0.152135 -0.118760 -0.203337 -0.200252 0.073088 0.195617 0.182688 -0.010174 0.126371 0.045127 0.143693 0.153112 -0.097940 -0.145018 -0.114777 -0.129220 0.107880 0.234945 0.161260 0.007906 -0.136885 0.140409 0.145641 -0.130238 -0.075168 0.266404 0.066310 0.175727 -0.089875 -0.010728 -0.137450 -0.015615 -0.299027 0.034335 -0.171293 -0.153096 -0.394281 -0.247343 -0.295389 -0.241608 -0.117639 -0.207595 0.091770 -0.030344 -0.114638 -0.121670 -0.128181 -0.115130 0.009627 -0.079168
0.035422 0.385284 0.328066 0.686903 0.010846 0.209054 0.347429 1.000000 0.194426 0.294985 -0.036644 0.371062 -0.103976 0.445683 0.006453 0.324422 -0.243669 -0.103204 0.106069 -0.049678 -0.006046 -0.048005 0.316129 0.094779 0.153020 0.113790 -0.028783 -0.016909 -0.052323 0.123425 -0.005873 0.138600 -0.124248 0.021106 -0.106456 -0.137303 -0.127862 0.001604 0.082802 0.173180 0.099602 -0.002323 -0.038456 -0.075977 -0.172691 -0.210899 -0.012769 -0.063091 -0.124554 -0.209634 0.020644 0.021187 0.003251 -0.004742 -0.071709 0.070208 -0.265595 -0.234977 -0.094412 -0.098132 0.009734 0.104556 -0.259699 -0.125429 0.189340 0.511122 -0.410178 -0.122624 -0.152397 -0.108799 -0.143666 0.188919 -0.112487 0.148698 0.003227 0.218483 -0.030899 -0.041877 -0.167014 -0.179505 -0.142599 -0.106723 0.050930 0.245654 0.028955 0.038779 0.037577 0.219693 0.139943 0.061844 0.075330 -0.118987 0.249093 -0.026356 -0.260826 0.094876 -0.156198 -0.018155 -0.079212 -0.161822 -0.006724 -0.129815 -0.244637 -0.260150 -0.353014 -0.163054 -0.061902 -0.227787 0.062508 -0.129920 -0.285590 -0.156579 -0.147130 -0.221345 -0.176283 -0.006538
-0.040653 -0.031459 0.415366 -0.064071 0.225160 0.291843 0.514477 0.194426 1.000000 0.369076 0.133688 -0.135925 0.371821 0.136304 0.204272 0.404268 -0.182338 -0.231331 -0.194976 -0.123704 0.227771 -0.404658 0.523049 0.159902 0.576102 -0.281118 0.607958 -0.070867 -0.153942 -0.298334 0.110879 -0.306400 -0.393867 -0.261354 -0.102743 -0.100223 -0.236852 -0.245928 -0.061084 -0.115774 -0.169572 0.238566 0.195766 0.093231 0.257770 0.082666 0.092495 0.157685 0.214075 0.172163 -0.001755 -0.126230 0.158219 0.217018 -0.068118 -0.143330 -0.471380 -0.439926 0.052704 0.033935 0.440153 -0.201251 -0.073026 -0.283866 0.205569 0.165002 0.027490 0.053175 -0.341839 -0.053733 0.163319 -0.234647 -0.149297 -0.215984 -0.316538 -0.175718 -0.342859 -0.205701 -0.347869 -0.464924 -0.343539 -0.356173 -0.136226 -0.140244 -0.254593 -0.323901 -0.112638 -0.151435 0.182148 -0.041820 0.273722 0.341820 0.310808 0.269880 -0.026807 -0.028196 -0.027587 0.009401 0.109852 0.164048 0.243798 0.076673 -0.161747 0.179451 0.079966 0.060860 0.173742 -0.067569 0.004236 -0.009022 -0.108824 0.254473 0.298486 -0.035707 -0.012597 -0.028117
-0.242786 0.131418 -0.129681 -0.005130 0.147165 0.239243 -0.012027 0.294985 0.369076 1.000000 -0.091585 -0.136259 0.023626 0.145588 -0.215128 0.358717 0.042401 0.020670 -0.369381 -0.074041 -0.041097 -0.607720 0.195793 0.087465 0.578901 -0.256592 0.368260 -0.180793 -0.220205 -0.322403 -0.379020 -0.423509 -0.374509 -0.335508 -0.061221 -0.193782 -0.188797 -0.129062 0.050455 -0.010804 -0.234872 0.297942 0.193344 0.132448 0.153344 0.117020 -0.060734 0.224180 0.141880 0.078699 -0.019519 -0.109587 0.069865 0.065535 -0.119227 -0.101342 -0.139141 -0.168670 0.112329 0.229492 0.246644 0.115269 0.150864 0.110261 -0.090521 0.069529 0.100852 0.129761 -0.123702 0.079582 0.032831 -0.370265 -0.330765 -0.173036 -0.280750 -0.034505 -0.383059 -0.167375 -0.212483 -0.290607 -0.206098 -0.137798 -0.256829 -0.203390 -0.402071 -0.190579 -0.053172 -0.142397 0.024232 0.146942 0.244635 0.043839 0.221799 -0.002124 -0.043437 0.132741 -0.169311 0.016214 0.168670 0.008711 0.085216 0.160827 -0.149219 0.288852 0.220380 0.253709 -0.085314 -0.087787 0.070775 -0.100260 -0.167528 0.231320 0.151770 -0.072919 -0.055954 0.124533
0.385377 0.256188 0.006065 -0.151650 0.067546 -0.129769 0.421383 -0.036644 0.133688 -0.091585 1.000000 0.696030 0.821721 0.501139 0.607317 0.118054 0.385496 0.371809 0.121530 0.080496 -0.091236 0.176405 0.007376 0.142269 0.018411 -0.121500 -0.070321 0.115200 0.588133 0.400474 0.449357 0.063073 -0.028378 0.442607 -0.306127 -0.232634 0.038288 0.005226 -0.105510 -0.253679 -0.007216 0.015343 -0.237736 -0.159737 -0.205958 -0.054537 -0.007271 -0.406206 -0.203605 -0.106567 0.082884 -0.108747 -0.142354 -0.178404 -0.046506 -0.308094 -0.219691 -0.301121 -0.192956 -0.241573 0.337173 -0.172411 0.254561 -0.020701 0.068101 0.074198 -0.225268 -0.163185 -0.264983 -0.271922 0.217130 0.560958 0.358860 0.351829 0.369124 0.310985 0.203905 0.053285 0.293887 0.123805 0.371834 0.326863 0.086765 0.490035 0.039098 0.103735 -0.416002 -0.105878 -0.027610 -0.153696 -0.400778 -0.240317 -0.416411 -0.230359 -0.025001 -0.112789 -0.465875 -0.108901 -0.419341 -0.117098 -0.279562 -0.400763 -0.360921 -0.327131 -0.284614 -0.157941 0.161360 -0.031920 -0.059988 -0.193452 -0.188392 -0.216267 -0.204713 -0.230246 -0.116879 -0.192158
0.349215 0.410206 0.159863 0.257806 -0.006240 -0.048480 0.381308 0.371062 -0.135925 -0.136259 0.696030 1.000000 0.484716 0.658315 0.429064 0.103563 0.187955 0.472451 0.269915 0.043140 -0.127942 0.396927 0.013169 0.155632 -0.162899 0.130838 -0.306382 0.078765 0.522438 0.630502 0.358374 0.318110 0.008731 0.474287 -0.261798 -0.238250 0.103301 0.139266 -0.037095 -0.065397 0.160877 -0.201944 -0.258801 -0.153089 -0.297146 -0.095140 -0.013487 -0.514757 -0.189361 -0.222133 0.230140 0.119289 -0.252720 -0.264110 -0.042868 -0.038703 -0.278757 -0.306148 -0.376745 -0.460555 0.047399 -0.131676 -0.005973 -0.061086 0.155882 0.351802 -0.470587 -0.240909 -0.280333 -0.430332 0.101103 0.695928 0.386066 0.477282 0.486400 0.412406 0.417608 0.162106 0.316031 0.214057 0.285453 0.310096 0.139389 0.676795 0.094130 0.217902 -0.321717 0.044306 -0.100451 -0.086046 -0.394094 -0.298740 -0.349804 -0.315747 -0.109672 0.015183 -0.335825 -0.012840 -0.320615 -0.092225 -0.231859 -0.549093 -0.398267 -0.562476 -0.507897 -0.239681 0.031196 -0.118219 0.043338 -0.110073 -0.172480 -0.341736 -0.281853 -0.240206 -0.082662 -0.049706
0.293659 0.264287 0.000202 -0.379729 0.061280 -0.031934 0.404495 -0.103976 0.371821 0.023626 0.821721 0.484716 1.000000 0.586957 0.544248 0.315187 0.407699 0.389729 -0.153696 -0.024766 -0.012578 0.030238 0.069350 -0.060260 0.096401 -0.331832 0.172409 0.122745 0.520563 0.316917 0.312161 -0.214842 -0.037210 0.325600 -0.344564 -0.176083 -0.004370 0.008926 -0.062539 -0.157101 0.021696 0.032216 -0.121825 -0.110846 -0.070807 -0.038568 0.024597 -0.249407 -0.067469 0.024708 0.079249 -0.139663 -0.034851 -0.036549 0.001671 -0.259723 -0.272441 -0.285634 -0.158609 -0.198198 0.558125 -0.062211 0.326802 0.045850 0.004672 0.117981 -0.181132 -0.221881 -0.303580 -0.242721 0.165452 0.350838 0.291806 0.099404 0.169365 0.122041 -0.002363 -0.076703 0.204453 0.033061 0.270339 0.282993 0.061631 0.337922 -0.260669 -0.113838 -0.398579 -0.293035 -0.007795 -0.152801 -0.258884 -0.178393 -0.345061 -0.152699 -0.024448 -0.167644 -0.452302 -0.114389 -0.258231 -0.121985 -0.155226 -0.333469 -0.399566 -0.183842 -0.164288 -0.068447 0.179611 -0.008173 -0.145586 -0.266036 -0.204325 -0.076382 -0.079493 -0.177312 -0.124057 -0.214099
0.307561 0.675623 0.059315 0.104330 -0.118994 -0.006283 0.340729 0.445683 0.136304 0.145588 0.501139 0.658315 0.586957 1.000000 0.295515 0.553752 0.315716 0.433717 -0.013730 -0.075250 -0.140895 0.099480 0.014339 -0.227400 -0.072281 -0.242988 -0.088211 0.130504 0.433029 0.522867 0.107436 -0.203684 0.095788 0.478168 -0.411327 -0.177715 -0.121339 -0.022662 -0.026454 0.057171 0.188000 -0.164067 -0.151434 -0.201421 -0.297719 -0.258632 -0.049095 -0.191417 -0.192440 -0.189915 -0.037978 -0.181398 -0.123807 -0.107461 -0.127625 -0.100583 -0.204095 -0.186987 -0.128307 -0.141596 0.490789 0.322213 0.174347 0.214224 0.087825 0.499156 -0.424366 -0.387962 -0.159155 -0.216908 -0.101387 0.515820 0.233502 0.145449 0.161226 0.171804 0.083268 -0.011510 0.120906 0.041862 0.246707 0.315360 0.161967 0.562464 -0.224490 -0.124019 -0.256672 -0.089386 0.057620 -0.163434 -0.238199 -0.288468 -0.180372 -0.160562 -0.196458 -0.125932 -0.455966 -0.084357 -0.290348 -0.277860 0.024921 -0.339472 -0.312453 -0.356932 -0.364415 -0.257186 0.084195 -0.120630 -0.179257 -0.334225 -0.424235 -0.290907 -0.311206 -0.350568 -0.226957 -0.144421
0.368922 0.096189 0.213492 -0.086591 0.256218 -0.079746 0.378374 0.006453 0.204272 -0.215128 0.607317 0.429064 0.544248 0.295515 1.000000 0.078069 0.149760 0.140040 0.054253 -0.163299 0.059237 0.326342 0.286796 0.013744 0.066007 0.206714 0.131787 0.420789 0.450948 0.343779 0.372621 0.088290 0.012058 0.255945 -0.240995 -0.233738 0.158804 0.113186 -0.050724 -0.191391 0.254061 0.122644 -0.019732 -0.005521 -0.085036 0.001134 0.217532 -0.059875 0.015026 0.006210 0.338036 0.150493 0.016749 -0.144912 0.116757 0.016495 -0.207495 -0.339303 -0.036141 -0.277531 0.267938 -0.176665 -0.021347 -0.091665 0.108140 0.182455 -0.114236 -0.318886 -0.333730 -0.480983 0.113683 0.419178 0.260538 0.276824 0.246854 0.096694 0.132363 -0.129705 0.097040 0.097711 0.177634 0.219212 0.329005 0.419090 0.074761 0.151742 -0.059288 -0.057419 0.013534 -0.135255 -0.424820 -0.193423 -0.393209 -0.162735 -0.230550 -0.373790 -0.142987 -0.261956 -0.211937 -0.235788 -0.179386 -0.428307 -0.245636 -0.416179 -0.426709 -0.409586 0.097691 -0.139223 -0.255933 -0.284916 -0.264015 -0.345850 -0.135614 -0.290932 -0.314689 -0.427682
-0.024035 0.291559 -0.029457 0.049408 0.203229 0.039732 0.055595 0.324422 0.404268 0.358717 0.118054 0.103563 0.315187 0.553752 0.078069 1.000000 0.130285 0.068363 -0.123147 -0.063987 -0.191675 -0.339589 0.000595 -0.147059 0.232748 -0.554708 0.248200 0.047601 0.037089 -0.039156 -0.212854 -0.505040 -0.235339 0.069829 -0.380640 -0.243984 -0.342464 -0.228392 -0.273406 -0.248508 -0.182033 0.085145 0.342815 0.196025 0.154600 0.218233 0.239037 0.262559 0.017027 0.166636 -0.218093 -0.265049 -0.009276 0.074312 -0.283687 -0.172434 -0.247300 -0.342083 0.095356 0.192068 0.408920 0.158039 0.090236 0.060146 -0.114094 0.302083 -0.039596 -0.043119 -0.286158 -0.054646 0.079932 0.120033 -0.154463 -0.056904 -0.291886 -0.105213 -0.326855 -0.281714 -0.195974 -0.312091 -0.129769 0.001012 -0.144571 0.239386 -0.520789 -0.362161 -0.342045 -0.197092 -0.074053 -0.267796 0.154688 -0.048381 0.142807 0.042242 -0.029420 -0.180013 -0.282932 -0.209338 -0.067364 -0.157893 0.131493 -0.016343 -0.066683 0.124907 0.026450 -0.017930 0.305202 0.039163 -0.349483 -0.333193 -0.185099 0.069771 0.156878 -0.240324 -0.299719 -0.260189
0.205133 0.136341 -0.421134 -0.306336 -0.092239 -0.334415 -0.192617 -0.243669 -0.182338 0.042401 0.385496 0.187955 0.407699 0.315716 0.149760 0.130285 1.000000 0.737271 -0.083572 -0.077292 -0.345270 -0.091805 -0.237793 -0.344885 -0.319427 -0.214627 -0.073366 0.158614 0.656288 0.428307 -0.039811 -0.345781 0.178254 0.397394 -0.453626 -0.359694 0.247778 0.277761 0.100578 0.010989 0.282702 0.000353 -0.164863 -0.210675 -0.261772 -0.184511 -0.062110 -0.197561 -0.289878 -0.217970 -0.117758 -0.290605 -0.122171 -0.166330 -0.105889 -0.212003 0.487904 0.339443 -0.124184 -0.049538 0.272863 0.293939 0.673944 0.728561 -0.274115 -0.238721 -0.215953 -0.427438 0.228484 -0.148521 0.126227 0.333109 0.406183 0.305389 0.395103 0.199767 0.218927 0.038018 0.725345 0.597593 0.802218 0.812118 0.254437 0.249941 -0.046509 0.156490 0.002830 -0.127242 0.058429 -0.159512 -0.448951 -0.419514 -0.489191 -0.361363 -0.282629 -0.243084 -0.480546 -0.205664 -0.254167 -0.387120 -0.208796 -0.308355 -0.120817 -0.227214 -0.144125 -0.066555 -0.012175 -0.180255 -0.314381 -0.525457 -0.378895 -0.268771 -0.434701 -0.277009 -0.268139 -0.201165
0.204742 0.143556 -0.329509 -0.137367 -0.142590 -0.237447 -0.096916 -0.103204 -0.231331 0.020670 0.371809 0.472451 0.389729 0.433717 0.140040 0.068363 0.737271 1.000000 0.044826 0.046065 -0.415941 0.035030 -0.311145 -0.242301 -0.295632 -0.155646 -0.228407 0.028595 0.681160 0.684789 0.118357 -0.164857 0.161006 0.476662 -0.397821 -0.199134 0.230079 0.248891 0.022484 0.002655 0.268166 -0.217908 -0.304426 -0.242735 -0.250847 -0.132358 -0.143271 -0.435106 -0.201091 -0.155289 0.072231 -0.003948 -0.165598 -0.189252 -0.074949 -0.133854 0.263965 0.259918 -0.429621 -0.283069 0.077675 0.119650 0.514550 0.519537 -0.180013 -0.104057 -0.353153 -0.345288 0.096104 -0.262173 0.134439 0.414285 0.567034 0.387361 0.503222 0.324759 0.408347 0.174119 0.665888 0.611899 0.655487 0.689502 0.185661 0.383743 -0.069766 0.141276 -0.113787 -0.151789 -0.112336 -0.160154 -0.358997 -0.294150 -0.377159 -0.330182 -0.277981 -0.097764 -0.344677 -0.186982 -0.038659 -0.277560 -0.053069 -0.384721 -0.044601 -0.310333 -0.202004 -0.091469 -0.079790 -0.222375 -0.128383 -0.289626 -0.287534 -0.184804 -0.303264 -0.078595 -0.163447 -0.094232
0.348051 -0.058544 0.372120 0.530559 -0.105298 -0.030335 0.314482 0.106069 -0.194976 -0.369381 0.121530 0.269915 -0.153696 -0.013730 0.054253 -0.123147 -0.083572 0.044826 1.000000 0.179600 -0.169228 0.260383 -0.042410 -0.015880 -0.345667 0.120687 -0.453574 -0.036832 0.297056 0.317296 0.406016 0.304577 0.308418 0.363979 0.051804 0.052612 -0.040648 0.049269 -0.119615 -0.003349 0.133278 -0.299016 -0.292431 -0.205539 -0.237720 -0.132146 -0.240682 -0.170219 -0.343445 -0.338343 -0.205611 -0.210659 -0.389265 -0.342316 -0.274213 -0.120609 0.004585 -0.021039 -0.340205 -0.251756 -0.274475 -0.279118 -0.011791 -0.138673 0.108856 -0.114992 -0.118682 -0.027157 0.129305 -0.085051 0.048126 0.393401 0.380559 0.300217 0.371525 0.177548 0.437211 0.337181 0.137369 0.232834 0.199784 0.154959 0.278693 0.449674 0.530652 0.385129 -0.011355 0.355765 0.032306 -0.210373 -0.090030 0.075824 -0.021058 0.072416 0.019631 0.044508 0.012644 -0.125743 -0.139610 0.024803 -0.135218 -0.029362 0.180422 -0.227036 -0.257559 -0.248607 -0.103558 -0.039740 -0.023537 0.117329 0.102178 -0.092959 -0.200372 0.053793 0.048671 -0.138743
-0.120514 -0.037114 -0.261228 0.299138 -0.050396 0.279290 -0.178168 -0.049678 -0.123704 -0.074041 0.080496 0.043140 -0.024766 -0.075250 -0.163299 -0.063987 -0.077292 0.046065 0.179600 1.000000 0.090919 0.107961 -0.412722 0.343449 -0.175680 -0.275117 0.076425 -0.042353 0.058151 -0.028376 0.209247 0.177552 -0.055028 0.244211 0.197367 0.193792 -0.136935 -0.135872 -0.139389 -0.264197 -0.451731 0.014743 -0.369482 -0.338556 -0.226699 -0.055695 -0.388606 -0.324921 -0.378495 -0.281844 -0.303518 -0.297481 -0.162301 -0.273466 -0.220776 -0.554736 -0.007097 0.187905 -0.177238 0.146220 -0.189060 0.050352 0.253051 0.129556 -0.158289 -0.309316 -0.127456 0.527974 0.014634 0.539372 0.029894 0.063663 0.118509 0.173922 0.086004 0.329574 -0.032750 0.281209 0.056001 -0.088472 0.072556 -0.058712 -0.407608 0.123052 -0.034957 -0.122832 -0.331692 -0.200567 -0.046553 0.062707 0.262413 -0.205374 0.060063 -0.151956 0.421081 0.420623 -0.181303 0.076397 0.086391 0.171882 -0.042753 0.220611 0.099321 0.408952 0.366695 0.562696 0.197792 0.531925 0.247631 0.438730 0.388351 0.392547 0.063710 0.250238 0.335493 0.235490
-0.173916 0.076112 0.283247 -0.015282 -0.036793 0.364795 0.114135 -0.006046 0.227771 -0.041097 -0.091236 -0.127942 -0.012578 -0.140895 0.059237 -0.191675 -0.345270 -0.415941 -0.169228 0.090919 1.000000 0.293994 0.156706 0.278524 0.214691 0.191451 0.465174 0.207934 -0.391593 -0.350387 0.107942 0.291164 -0.223323 -0.177022 0.314639 0.114856 -0.029271 -0.195828 0.092977 -0.043855 -0.132523 0.432941 0.037068 0.057737 0.028902 0.032436 -0.017804 -0.019848 0.059297 0.026830 0.224193 0.106466 0.015298 0.043737 0.178474 -0.042818 -0.329383 -0.047115 -0.002927 0.087664 -0.137221 -0.119952 -0.391012 -0.311860 0.214764 0.135530 0.113806 0.215377 -0.074793 0.129411 0.023681 -0.141824 -0.332684 -0.212391 -0.313503 0.029925 -0.257213 -0.030995 -0.215922 -0.383210 -0.340919 -0.375486 -0.261466 -0.197241 0.015264 -0.216410 0.078781 -0.082284 0.164739 0.246833 0.105135 -0.021704 0.056777 0.095308 0.166372 0.052674 0.111460 0.228227 0.023685 0.075415 0.016272 0.024110 -0.272507 0.146859 0.155304 0.192214 0.146625 0.230955 0.214400 0.219234 0.122010 0.099189 0.057526 0.033046 0.199859 0.150576
0.186548 0.293560 0.108401 0.110957 -0.034176 0.037925 -0.023291 -0.048005 -0.404658 -0.607720 0.176405 0.396927 0.030238 0.099480 0.326342 -0.339589 -0.091805 0.035030 0.260383 0.107961 0.293994 1.000000 -0.151802 0.039729 -0.512575 0.538884 -0.263004 0.354015 0.202038 0.464483 0.364294 0.649142 0.305269 0.397868 0.033578 0.052252 0.178251 0.145927 0.012742 0.095358 0.267121 -0.235836 -0.285113 -0.211498 -0.367406 -0.162627 -0.045442 -0.195621 -0.259668 -0.276272 0.105629 0.114948 -0.267223 -0.260861 0.094172 0.146897 -0.116298 0.096757 -0.122885 -0.139631 -0.314493 -0.089497 -0.279906 -0.162266 -0.002723 0.029351 -0.043875 -0.020598 0.107494 -0.113583 -0.131080 0.534937 0.269990 0.285072 0.335959 0.241067 0.311727 0.193882 0.152142 0.278997 0.205926 0.148336 0.281806 0.358479 0.356606 0.278954 -0.016816 0.178123 -0.058504 0.000821 -0.336736 -0.249836 -0.359637 -0.151301 0.020500 0.051983 0.187571 0.196916 -0.160774 -0.027573 -0.084795 -0.266766 -0.038608 -0.376397 -0.313437 -0.269388 0.075119 0.077053 0.137226 0.203212 0.195019 -0.206724 -0.244992 -0.033896 0.112601 0.120501
0.050508 -0.056222 0.583784 0.193097 0.152757 0.241207 0.495984 0.316129 0.523049 0.195793 0.007376 0.013169 0.069350 0.014339 0.286796 0.000595 -0.237793 -0.311145 -0.042410 -0.412722 0.156706 -0.151802 1.000000 0.240807 0.452347 0.278897 0.206542 -0.071369 -0.195275 -0.174360 0.106107 0.046097 -0.286656 -0.289181 0.044325 0.004289 0.073639 0.098775 0.203308 0.214303 0.048946 0.028947 0.102462 0.108727 0.087025 -0.068729 0.046368 0.153208 0.112756 0.019594 0.112052 0.054996 0.029600 0.145338 0.138225 0.207805 -0.240611 -0.327669 0.038969 -0.196799 0.169330 -0.185582 -0.335138 -0.331366 0.374856 0.281203 -0.139323 -0.173731 -0.247352 -0.255341 -0.042496 -0.208722 -0.192305 -0.135350 -0.114015 -0.146846 -0.053424 -0.093156 -0.180118 -0.216053 -0.228874 -0.275274 0.058000 -0.140533 0.167569 0.066768 0.229737 0.146820 0.289938 0.139327 0.074780 0.234097 0.130810 0.137505 -0.113118 0.055669 -0.014055 0.052761 0.012436 0.166964 -0.038054 -0.058333 -0.294265 -0.143075 -0.197719 -0.163092 -0.166408 -0.244133 0.105353 -0.039059 -0.205489 -0.065782 0.060609 -0.153347 0.058480 0.078851
-0.306694 -0.261490 0.172879 0.278970 0.178564 0.378167 0.065824 0.094779 0.159902 0.087465 0.142269 0.155632 -0.060260 -0.227400 0.013744 -0.147059 -0.344885 -0.242301 -0.015880 0.343449 0.278524 0.039729 0.240807 1.000000 0.386494 0.199580 0.159748 -0.142813 -0.298446 -0.289195 0.276503 0.457513 -0.658692 -0.188834 0.262562 -0.030301 0.086685 -0.062410 -0.057102 -0.263833 -0.451989 0.097205 0.033045 0.171737 0.190134 0.414289 0.054172 -0.231318 -0.003432 0.165352 0.094654 0.201386 -0.138862 0.043229 -0.016427 -0.107798 -0.453179 -0.359691 -0.292509 -0.145142 -0.396719 -0.446967 -0.253443 -0.384522 0.208905 -0.004855 -0.267182 0.392869 -0.437006 -0.040308 0.301281 -0.086836 -0.252380 0.124962 -0.123958 0.126179 -0.041904 0.067073 -0.125120 -0.356951 -0.304689 -0.425983 -0.451037 -0.100164 0.142912 -0.096007 -0.133605 -0.097270 -0.076066 0.158279 0.365565 0.146249 0.227970 -0.040382 0.250069 0.396117 -0.063749 0.139394 0.228027 0.376127 0.011038 -0.089508 -0.161395 0.172831 0.169033 0.368721 0.209344 0.259088 0.350920 0.407232 0.301810 0.355204 0.391106 0.105241 0.224191 0.251803
-0.182561 -0.179110 0.183776 -0.097203 0.220433 0.205376 0.256080 0.153020 0.576102 0.578901 0.018411 -0.162899 0.096401 -0.072281 0.066007 0.232748 -0.319427 -0.295632 -0.345667 -0.175680 0.214691 -0.512575 0.452347 0.386494 1.000000 -0.087367 0.468592 -0.176759 -0.385228 -0.464395 -0.070442 -0.211875 -0.521133 -0.419164 0.101797 -0.115783 -0.108753 -0.228314 -0.014254 -0.237755 -0.320929 0.439990 0.340544 0.329033 0.409387 0.359431 0.216622 0.202354 0.325269 0.362742 0.225056 0.143226 0.192083 0.254823 0.066358 0.003613 -0.415604 -0.486965 0.025870 -0.002160 0.185991 -0.229079 -0.209400 -0.379236 0.276483 0.204251 0.095541 0.162633 -0.384181 -0.151894 0.210052 -0.375560 -0.393535 -0.180354 -0.413952 -0.099572 -0.290569 -0.184454 -0.413718 -0.493807 -0.500549 -0.432840 -0.302935 -0.319094 -0.241799 -0.257912 0.015050 -0.200165 0.029044 0.109734 0.273175 0.282819 0.317898 0.133597 -0.079651 -0.042462 -0.009532 -0.052101 0.170094 0.129514 0.073597 0.068090 -0.220191 0.228205 0.153166 0.125543 -0.045864 -0.123396 0.055961 -0.008812 -0.099097 0.229931 0.406222 0.032435 -0.068833 -0.035081
-0.018134 0.024967 0.288400 0.176264 0.109435 0.059893 0.065688 0.113790 -0.281118 -0.256592 -0.121500 0.130838 -0.331832 -0.242988 0.206714 -0.554708 -0.214627 -0.155646 0.120687 -0.275117 0.191451 0.538884 0.278897 0.199580 -0.087367 1.000000 -0.246341 0.350388 -0.119640 0.179526 0.268072 0.709714 0.072459 -0.006509 0.236250 0.064503 0.242116 0.243783 0.085127 0.181972 0.337714 -0.001609 -0.123795 -0.037646 -0.169032 -0.108043 -0.022810 0.045985 -0.022061 -0.135042 0.263363 0.320951 -0.169678 -0.107544 0.087733 0.355690 -0.042272 0.089840 -0.060914 -0.167980 -0.458660 -0.203081 -0.475478 -0.278525 0.301698 0.106202 -0.038400 -0.095966 0.179967 -0.203904 -0.085824 0.098482 -0.007057 0.133184 0.203500 0.049190 0.253531 0.159418 -0.020242 0.223676 0.006338 -0.031978 0.383273 -0.043500 0.516153 0.375658 0.375657 0.339976 -0.010340 0.095915 -0.173508 0.060600 -0.069736 0.011980 -0.243117 -0.046886 0.323666 0.189671 -0.041066 -0.087750 -0.086422 -0.206404 0.000386 -0.387819 -0.374246 -0.362880 -0.162976 -0.192136 0.116416 0.077115 0.040374 -0.316985 -0.222888 -0.159760 -0.041108 0.075655
-0.284919 -0.068489 0.102935 -0.213232 0.200638 0.290772 0.046985 -0.028783 0.607958 0.368260 -0.070321 -0.306382 0.172409 -0.088211 0.131787 0.248200 -0.073366 -0.228407 -0.453574 0.076425 0.465174 -0.263004 0.206542 0.159748 0.468592 -0.246341 1.000000 0.197140 -0.303749 -0.472359 -0.208200 -0.306833 -0.427248 -0.411113 -0.025617 -0.141566 -0.243902 -0.331031 -0.133046 -0.205961 -0.322918 0.445357 0.326643 0.221046 0.275912 0.242489 0.168742 0.282201 0.252752 0.220134 0.153585 0.002977 0.201303 0.250114 -0.027444 -0.212718 -0.314595 -0.191205 0.157463 0.273266 0.169601 -0.084670 -0.103161 -0.099693 -0.159005 -0.052547 0.198942 0.197364 -0.213098 0.106958 0.029156 -0.408715 -0.306936 -0.181114 -0.406339 -0.112239 -0.521429 -0.239031 -0.235731 -0.397948 -0.351974 -0.318684 -0.354074 -0.358000 -0.445483 -0.430001 -0.081273 -0.352161 0.047657 0.001331 0.307716 0.092082 0.247049 0.203717 -0.038004 -0.031813 -0.016413 -0.051507 0.254384 0.021266 0.197846 0.193276 -0.143786 0.382834 0.320467 0.259076 0.329607 0.035863 -0.030687 0.025711 0.058256 0.376538 0.295714 0.073810 -0.075244 -0.082408
0.088051 0.220744 0.081246 -0.110332 -0.001359 0.102811 -0.003115 -0.016909 -0.070867 -0.180793 0.115200 0.078765 0.122745 0.130504 0.420789 0.047601 0.158614 0.028595 -0.036832 -0.042353 0.207934 0.354015 -0.071369 -0.142813 -0.176759 0.350388 0.197140 1.000000 0.075375 0.166145 0.222971 0.207071 0.018210 0.192147 -0.178955 -0.105335 -0.072041 -0.151460 -0.296568 -0.243751 0.221504 0.218399 0.058513 -0.002148 -0.108779 0.006330 0.091619 0.240262 -0.045632 0.020225 0.122379 0.086070 -0.051054 -0.012987 -0.164622 -0.095548 -0.046541 0.087789 0.136623 0.197129 -0.022375 0.129054 -0.150435 0.071816 -0.057771 0.072982 0.024738 -0.116409 0.069846 -0.047117 -0.076955 0.242984 -0.039805 0.059464 0.018703 -0.029323 -0.201854 -0.208683 -0.017885 0.061651 0.129113 0.163876 0.265703 0.094373 -0.064424 -0.034861 0.012445 -0.211731 -0.073146 -0.214797 -0.173109 -0.185271 -0.086417 0.093794 -0.317234 -0.488503 -0.113007 -0.202480 -0.199388 -0.555531 0.024763 -0.182468 -0.022466 -0.175383 -0.239236 -0.302353 0.291788 -0.084141 -0.488918 -0.332620 -0.200997 -0.343048 -0.307479 -0.467206 -0.505999 -0.499072
0.406964 0.096326 -0.205359 -0.051515 0.004853 -0.387865 0.161065 -0.052323 -0.153942 -0.220205 0.588133 0.522438 0.520563 0.433029 0.450948 0.037089 0.656288 0.681160 0.297056 0.058151 -0.391593 0.202038 -0.195275 -0.298446 -0.385228 -0.119640 -0.303749 0.075375 1.000000 0.780314 0.356493 -0.075666 0.386857 0.600151 -0.493428 -0.321362 0.361001 0.434469 0.136501 0.003447 0.456624 -0.130078 -0.310736 -0.292986 -0.270540 -0.217982 -0.010729 -0.370857 -0.217174 -0.282874 0.071246 -0.166164 -0.052596 -0.344911 0.007512 -0.070219 0.170267 -0.006567 -0.290192 -0.450154 0.218386 -0.029326 0.545670 0.383977 -0.230372 -0.213831 -0.361154 -0.530927 0.011128 -0.407287 0.144971 0.670453 0.769628 0.552773 0.703210 0.374086 0.526358 0.155587 0.629491 0.575711 0.761834 0.780278 0.467611 0.670890 0.073292 0.382700 -0.190753 -0.018833 -0.049505 -0.190007 -0.586543 -0.427659 -0.619598 -0.481119 -0.132145 -0.158654 -0.293263 -0.153684 -0.179386 -0.243082 -0.285389 -0.496643 -0.154214 -0.531458 -0.455659 -0.266110 -0.120586 -0.121430 -0.151655 -0.303083 -0.233917 -0.341582 -0.369312 -0.146550 -0.106076 -0.184869
0.405713 0.282825 -0.050116 0.113511 -0.122391 -0.257833 0.136580 0.123425 -0.298334 -0.322403 0.400474 0.630502 0.316917 0.522867 0.343779 -0.039156 0.428307 0.684789 0.317296 -0.028376 -0.350387 0.464483 -0.174360 -0.289195 -0.464395 0.179526 -0.472359 0.166145 0.780314 1.000000 0.392971 0.210179 0.445141 0.648785 -0.402673 -0.171690 0.250000 0.346343 0.030040 0.128522 0.518534 -0.312372 -0.390822 -0.361334 -0.365421 -0.319224 -0.088057 -0.413197 -0.236304 -0.337495 0.100137 0.025091 -0.170099 -0.257584 -0.013757 0.090075 0.128135 0.145541 -0.342455 -0.479317 0.010037 0.046094 0.234209 0.256679 -0.056817 -0.005755 -0.432716 -0.513269 0.176721 -0.379167 0.015522 0.737671 0.786926 0.586660 0.765065 0.467316 0.664247 0.354746 0.521163 0.643807 0.624428 0.642847 0.522102 0.635352 0.202834 0.352366 -0.083301 0.155961 -0.094131 -0.184335 -0.534927 -0.298691 -0.469771 -0.347175 -0.265763 -0.163238 -0.069570 -0.076934 -0.205208 -0.281086 -0.118395 -0.472901 -0.042067 -0.640125 -0.569200 -0.477327 -0.131608 -0.247261 -0.109118 -0.190909 -0.188893 -0.421951 -0.516675 -0.123458 -0.123165 -0.078603
0.223893 -0.113288 0.376164 0.159697 0.061610 0.127132 0.487162 -0.005873 0.110879 -0.379020 0.449357 0.358374 0.312161 0.107436 0.372621 -0.212854 -0.039811 0.118357 0.406016 0.209247 0.107942 0.364294 0.106107 0.276503 -0.070442 0.268072 -0.208200 0.222971 0.356493 0.392971 1.000000 0.565401 -0.014004 0.328700 0.043124 0.135247 -0.060285 -0.082193 -0.248713 -0.193134 0.021464 -0.066363 -0.271254 -0.150800 -0.062058 -0.021090 -0.121264 -0.281209 -0.124292 -0.074292 0.036812 0.029501 -0.213198 -0.023036 -0.267873 -0.265299 -0.220687 -0.151140 -0.412663 -0.355497 -0.157982 -0.389746 -0.074168 -0.261452 0.198787 -0.133422 -0.315974 0.009870 -0.119857 -0.144101 0.306746 0.473999 0.432700 0.366784 0.401874 0.316214 0.256469 0.256528 0.078197 0.047990 0.204140 0.019205 0.133368 0.243383 0.272115 0.024035 -0.277603 -0.019683 -0.204770 -0.309684 -0.125494 0.122138 -0.116079 0.028478 0.032383 -0.017281 -0.159362 -0.142634 -0.194345 -0.030471 -0.116390 -0.203186 -0.085725 -0.185372 -0.210822 -0.179727 0.078785 0.051352 0.007811 0.115457 0.028113 -0.092433 -0.145276 -0.095548 0.051031 -0.078640
-0.040566 -0.048073 0.254488 0.375781 0.091164 0.214263 0.090772 0.138600 -0.306400 -0.423509 0.063073 0.318110 -0.214842 -0.203684 0.088290 -0.505040 -0.345781 -0.164857 0.304577 0.177552 0.291164 0.649142 0.046097 0.457513 -0.211875 0.709714 -0.306833 0.207071 -0.075666 0.210179 0.565401 1.000000 -0.071561 0.126933 0.292118 0.112177 0.006452 -0.020523 -0.157921 -0.081646 -0.049178 -0.075840 -0.184599 -0.024863 -0.111251 0.048914 -0.095272 -0.272743 -0.141280 -0.122507 0.115609 0.277955 -0.299690 -0.085271 -0.123902 0.023763 -0.185114 0.038928 -0.237633 -0.187382 -0.650641 -0.334450 -0.430431 -0.379745 0.159375 -0.066074 -0.169193 0.246317 0.051609 -0.046394 0.029484 0.342662 0.105639 0.335636 0.313950 0.309960 0.246651 0.294692 0.016129 0.056862 0.002308 -0.144412 0.036560 0.110279 0.454587 0.254671 -0.078101 0.221293 -0.255988 0.013365 -0.085094 -0.060967 -0.086456 -0.097281 0.088393 0.162850 0.171822 0.235986 -0.119043 0.076155 -0.118327 -0.174943 -0.019784 -0.221596 -0.212367 -0.105633 0.088787 0.125500 0.289681 0.356465 0.313330 -0.100863 -0.126100 -0.024490 0.163481 0.207463
0.541578 0.308581 -0.115154 -0.070532 -0.271749 -0.377712 -0.019792 -0.124248 -0.393867 -0.374509 -0.028378 0.008731 -0.037210 0.095788 0.012058 -0.235339 0.178254 0.161006 0.308418 -0.055028 -0.223323 0.305269 -0.286656 -0.658692 -0.521133 0.072459 -0.427248 0.018210 0.386857 0.445141 -0.014004 -0.071561 1.000000 0.514281 0.006544 0.221646 0.139845 0.276893 0.228269 0.389722 0.491975 -0.307922 -0.467690 -0.514221 -0.476378 -0.581515 -0.328644 -0.154831 -0.261210 -0.451150 -0.064136 -0.196590 -0.036732 -0.362993 0.155898 0.126289 0.477145 0.451001 0.171007 -0.039855 0.210254 0.346083 0.157178 0.257566 0.008897 -0.043485 0.156837 -0.331583 0.547162 0.052610 -0.378016 0.199598 0.512407 0.014212 0.418066 0.050067 0.418818 0.277446 0.234760 0.442629 0.412248 0.430209 0.534292 0.183352 0.279609 0.273774 0.310004 0.375131 0.243696 -0.008956 -0.478324 -0.220655 -0.389257 -0.103354 -0.081856 -0.089323 0.155509 0.005267 -0.218654 -0.152258 -0.166955 0.049496 0.138623 -0.315621 -0.264072 -0.402016 -0.411361 -0.164996 -0.121560 -0.071640 -0.122303 -0.322015 -0.487476 0.166212 0.081697 -0.089702
0.453579 0.393296 -0.066810 0.109769 -0.221283 -0.144935 0.144727 0.021106 -0.261354 -0.335508 0.442607 0.474287 0.325600 0.478168 0.255945 0.069829 0.397394 0.476662 0.363979 0.244211 -0.177022 0.397868 -0.289181 -0.188834 -0.419164 -0.006509 -0.411113 0.192147 0.600151 0.648785 0.328700 0.126933 0.514281 1.000000 -0.140038 0.093401 0.089819 0.185975 0.022796 0.025744 0.308941 -0.264593 -0.593684 -0.580813 -0.506532 -0.369136 -0.352192 -0.469952 -0.487933 -0.420212 -0.140817 -0.265200 -0.206626 -0.402629 -0.062893 -0.218815 0.172718 0.244106 -0.295484 -0.185484 0.142131 0.159629 0.220626 0.244756 0.201264 0.112706 -0.253318 -0.162976 0.232241 -0.060939 -0.176596 0.665523 0.527954 0.221774 0.418827 0.310755 0.450457 0.330817 0.469891 0.413221 0.586468 0.578424 0.306455 0.560908 0.250761 0.165149 -0.047860 0.220210 0.172296 -0.161777 -0.454100 -0.399022 -0.464842 -0.280189 -0.104076 -0.094322 -0.230709 0.025249 -0.356276 -0.244346 -0.198885 -0.300473 -0.102971 -0.389649 -0.361664 -0.282880 -0.067623 -0.074003 -0.159660 -0.150900 -0.182730 -0.303611 -0.503286 -0.154491 -0.064833 -0.143222
-0.218789 -0.244593 0.242681 0.075388 0.097492 0.248968 0.025239 -0.106456 -0.102743 -0.061221 -0.306127 -0.261798 -0.344564 -0.411327 -0.240995 -0.380640 -0.453626 -0.397821 0.051804 0.197367 0.314639 0.033578 0.044325 0.262562 0.101797 0.236250 -0.025617 -0.178955 -0.493428 -0.402673 0.043124 0.292118 0.006544 -0.140038 1.000000 0.607151 -0.065060 -0.045067 0.072975 0.128655 -0.283709 -0.077859 -0.085777 -0.011345 0.066069 0.038163 -0.336274 0.052155 -0.056621 -0.018511 -0.022120 -0.019968 -0.274713 -0.132105 -0.000958 -0.089495 -0.033298 0.104114 -0.194406 0.053435 -0.326149 -0.143680 -0.323413 -0.323782 0.378282 -0.005047 0.250841 0.503868 0.035607 0.339771 -0.150232 -0.431727 -0.273300 -0.413231 -0.261567 -0.286348 -0.041166 0.254944 -0.205198 -0.228174 -0.380747 -0.393027 -0.297259 -0.373130 0.220807 -0.153726 0.228143 0.162175 0.060853 0.146085 0.321572 0.233056 0.209611 0.154983 0.311547 0.366837 0.161489 0.170696 0.063225 0.233442 -0.123869 0.260262 -0.012917 0.391340 0.410212 0.349529 -0.241303 0.223938 0.318748 0.456664 0.423692 0.285061 0.161963 0.339219 0.426357 0.297349
-0.050392 0.008254 0.219186 0.030356 -0.220105 0.181305 0.085468 -0.137303 -0.100223 -0.193782 -0.232634 -0.238250 -0.176083 -0.177715 -0.233738 -0.243984 -0.359694 -0.199134 0.052612 0.193792 0.114856 0.052252 0.004289 -0.030301 -0.115783 0.064503 -0.141566 -0.105335 -0.321362 -0.171690 0.135247 0.112177 0.221646 0.093401 0.607151 1.000000 -0.272450 -0.123073 -0.093596 0.240741 -0.186509 -0.249458 -0.300305 -0.216353 -0.074419 -0.191221 -0.433477 0.022280 -0.055201 0.040290 -0.165920 -0.003987 -0.062381 0.129624 -0.065432 -0.172651 0.093291 0.333998 -0.138277 0.146019 -0.114025 0.029469 -0.290886 -0.281972 0.287516 0.102430 0.168806 0.358837 0.170821 0.457371 -0.343723 -0.316078 -0.094068 -0.499786 -0.215953 -0.198709 -0.084006 0.236925 -0.197836 -0.169121 -0.242749 -0.344981 -0.217869 -0.371719 0.085368 -0.351815 0.052504 0.057007 0.034902 -0.054821 0.293621 0.278249 0.287518 0.341069 0.306373 0.280729 0.149720 0.079075 0.061360 0.136871 0.025757 0.389133 0.110492 0.288792 0.297633 0.104204 -0.074072 0.227988 0.138316 0.391759 0.266160 0.225892 0.014679 0.270003 0.316080 0.152397
