1.000000 0.625163 -0.412984 -0.387998 0.067603 0.107186 0.043708 -0.293547 -0.097745 0.076854 0.474576 -0.064924 0.293981 -0.092754 0.072895 -0.202846 0.353863 0.261931 0.462258 0.231852 0.064885 -0.135177 -0.458721 -0.428237 -0.115259 -0.348268 0.105368 -0.531945 0.519661 0.300436 0.034055 -0.183762 0.462340 0.131801 -0.429644 -0.458764 0.032627 -0.353055 -0.023381 -0.097594 -0.250158 0.004541 -0.026344 -0.100894 0.098209 0.021854 0.038269 -0.024557 -0.329611 -0.054205 -0.410830 -0.342116 -0.007427 0.139338 -0.045990 -0.126527 0.634694 0.514058 0.264098 -0.031411 0.371931 -0.095300 0.444428 0.341327 -0.027410 -0.463962 0.212175 -0.255560 0.296728 0.099300 -0.019056 -0.320832 0.360714 0.067729 0.150092 0.005389 0.210091 -0.123722 0.127805 0.217409 0.369291 0.245121 0.326169 0.108680 0.078213 -0.333818 -0.182525 0.041263 -0.424860 -0.412897 -0.235817 -0.309178 -0.323295 -0.405024 -0.134757 0.040882 -0.096759 -0.000411 0.137707 0.398990 -0.350198 -0.040125 -0.150568 0.174884 -0.146222 -0.203025 0.003176 -0.012509 -0.065917 0.060213 -0.365039 0.342181 0.199189 0.292382 -0.342897 -0.171450
0.625163 1.000000 -0.502545 -0.064660 -0.394444 -0.236382 -0.376314 -0.326166 -0.232241 -0.055856 0.229086 0.306321 -0.004216 0.174701 0.059805 0.216771 0.284195 0.359527 0.117803 0.482481 -0.362012 -0.321594 -0.361833 -0.224167 -0.577945 -0.528030 -0.243938 -0.336216 0.250099 0.203774 -0.377543 -0.421621 0.289948 -0.106613 -0.514127 -0.428242 0.086601 -0.152209 -0.150466 -0.124476 0.006297 0.042578 0.126680 -0.012595 0.090870 -0.023881 0.220689 0.151506 -0.181116 0.046725 -0.288525 -0.089949 0.225558 0.363314 0.166778 0.220850 0.517017 0.527603 0.056869 0.253160 0.069106 0.060640 0.276903 0.470577 -0.519856 -0.465070 0.184878 -0.277872 0.355851 0.318587 -0.227932 -0.289778 0.243215 0.020386 0.062872 -0.005170 0.037563 -0.113436 0.138468 0.175190 0.392278 0.244170 0.230366 0.360938 -0.044032 -0.136790 0.065758 0.039260 -0.279127 -0.140195 0.218099 -0.187518 0.033582 -0.259415 -0.181785 0.167962 0.096018 0.291988 0.456573 0.544128 0.088842 0.035877 0.251928 0.322658 0.050506 -0.027731 0.103362 -0.036047 0.102387 0.328059 -0.257442 0.448418 0.488996 0.472191 -0.249486 0.067858
-0.412984 -0.502545 1.000000 0.273702 0.168616 -0.259732 0.362300 0.346572 0.291951 -0.140203 -0.166326 0.117574 -0.224123 0.130277 0.204711 0.155136 -0.492310 -0.523188 -0.043266 -0.426977 0.227542 0.403291 0.700811 0.326311 0.154791 0.342658 -0.212435 0.464231 -0.486641 -0.435202 0.258082 0.445412 -0.281139 0.136304 0.455086 0.192566 -0.374877 0.195955 -0.118988 -0.109039 -0.282672 -0.166155 -0.311791 -0.233360 -0.345983 -0.308284 -0.264174 -0.286751 0.138483 -0.270538 0.310933 0.015628 -0.128799 -0.359604 -0.166832 -0.232184 -0.639921 -0.560946 0.082940 -0.174330 -0.069227 -0.169209 -0.391744 -0.393284 0.353365 0.302871 0.043590 0.116158 -0.324120 -0.443569 0.091037 0.311431 -0.469952 0.060939 -0.044216 0.163886 -0.125665 0.196946 -0.340374 -0.392503 -0.647066 -0.422609 -0.081079 -0.013647 0.082073 0.150390 0.266725 -0.013970 0.338222 0.137978 -0.010651 0.349733 0.171774 0.432246 -0.003414 -0.311157 -0.041528 -0.289087 -0.323883 -0.398616 0.133966 0.172454 -0.030966 -0.110450 0.035507 -0.174516 -0.041772 0.069394 -0.054649 -0.400717 -0.041028 -0.512804 -0.371697 -0.299873 0.134278 -0.335778
-0.387998 -0.064660 0.273702 1.000000 -0.336738 -0.287746 -0.152222 0.457930 -0.082813 -0.223653 -0.343451 0.625033 -0.297210 0.399909 0.284869 0.735256 -0.257932 -0.288526 -0.164598 0.066398 -0.043055 0.212472 0.565912 0.788723 -0.257349 0.415871 -0.068892 0.627134 -0.377429 -0.373045 0.187251 0.477242 -0.274601 -0.022776 0.119727 0.330287 -0.140633 0.266067 -0.287554 -0.087015 -0.007633 -0.042993 -0.346891 -0.251190 -0.487930 -0.491396 -0.269270 -0.292655 -0.274106 -0.420238 -0.062810 -0.043307 0.116845 -0.090913 0.009378 -0.047580 -0.275508 -0.384880 -0.390922 -0.152498 -0.344544 0.085116 -0.343684 -0.123415 -0.122484 0.510153 -0.425959 -0.307115 -0.270900 -0.398987 0.123486 0.251582 -0.323893 0.075703 -0.031607 -0.032702 -0.259646 0.050852 -0.166652 -0.163700 -0.184414 -0.180157 0.028249 0.273989 0.149677 0.594342 0.257824 0.144189 0.253784 0.293633 0.141841 0.084414 0.495770 0.112047 -0.039637 -0.010752 -0.284014 -0.076516 -0.219614 -0.392367 0.343313 -0.244121 0.033608 -0.307574 -0.089287 -0.103869 -0.044218 0.005709 -0.068765 -0.127864 -0.373975 -0.453735 -0.234875 -0.151029 0.133398 -0.040841
0.067603 -0.394444 0.168616 -0.336738 1.000000 0.562593 0.580283 0.196726 0.546145 0.596158 0.161305 -0.297731 0.353472 -0.130388 -0.126690 -0.361450 0.024337 -0.045745 0.213464 -0.197736 0.356014 0.087326 -0.182332 -0.191710 0.757696 0.205073 0.336801 -0.197454 0.156126 0.031025 0.200676 0.131971 0.069107 0.296244 -0.138447 0.041905 -0.240391 -0.479004 0.080716 -0.022112 -0.249002 -0.269157 -0.256344 -0.271717 0.002297 0.030813 -0.325077 -0.355946 0.016187 -0.061809 -0.206989 -0.267738 -0.233625 -0.366317 -0.334283 -0.433319 -0.188619 -0.177355 0.404623 0.028030 0.534901 0.084825 0.151608 0.006052 0.370644 0.015018 0.130744 0.173223 -0.099083 -0.180036 -0.046753 -0.090892 0.074338 -0.143152 0.002931 -0.131187 0.032175 -0.156618 -0.124349 -0.148452 -0.264418 -0.211352 -0.232749 -0.311042 -0.335322 -0.385571 -0.466125 -0.129870 -0.123112 -0.107603 -0.386521 0.100441 -0.223032 0.085504 -0.008146 -0.319374 -0.395908 -0.477591 -0.453671 -0.403109 -0.267862 0.103498 -0.345110 -0.127086 -0.240006 -0.029807 -0.185506 -0.145135 -0.041834 -0.431201 -0.158497 -0.285222 -0.435065 -0.293480 0.122645 -0.061933
0.107186 -0.236382 -0.259732 -0.287746 0.562593 1.000000 0.155798 -0.017616 0.051785 0.652715 0.098763 -0.269245 0.376203 -0.125923 0.026264 -0.286244 0.139245 -0.027046 -0.083064 -0.274468 0.250271 -0.004448 -0.353116 -0.198302 0.743077 0.431928 0.724796 -0.051916 0.069793 -0.093538 0.054069 -0.123375 -0.082427 0.060324 -0.045402 0.052349 -0.030096 -0.258365 0.390390 0.344860 -0.157217 -0.170304 -0.216953 -0.209883 -0.024879 -0.000628 -0.227263 -0.154108 0.135512 0.022726 0.009292 -0.044248 0.043099 -0.081774 0.171783 -0.071926 0.090798 0.001339 0.355763 0.213601 0.311460 0.072378 0.086849 -0.066266 0.117232 0.062878 0.069377 0.153851 -0.045915 0.024597 -0.137140 -0.325712 0.031540 -0.187887 -0.022879 -0.314822 -0.012834 -0.182276 -0.021548 0.001106 -0.072826 -0.155323 -0.263219 -0.611745 -0.254506 -0.275307 -0.383071 0.095481 0.018379 0.019547 -0.250951 0.015016 -0.189887 -0.105126 0.147642 -0.132330 -0.174105 -0.226859 -0.188056 -0.254446 -0.327401 -0.131750 -0.482933 -0.189732 -0.266444 0.084199 -0.158868 -0.378399 0.024835 -0.097897 -0.017023 -0.083422 -0.200997 -0.273381 0.103667 -0.039577
0.043708 -0.376314 0.362300 -0.152222 0.580283 0.155798 1.000000 0.516368 0.153588 0.200015 0.265785 -0.113008 0.541244 0.074840 -0.096280 -0.280687 -0.003874 -0.095786 0.488897 -0.163209 0.561051 0.120930 -0.135725 -0.259769 0.423741 0.075974 0.174846 -0.284117 0.240695 0.062319 0.487336 0.309953 0.240468 0.424308 -0.045213 -0.059229 -0.169614 -0.248543 -0.037145 -0.228735 -0.211202 -0.090869 -0.327902 -0.317262 -0.232332 -0.181517 -0.389701 -0.370541 -0.234712 -0.337278 -0.308200 -0.321921 -0.347663 -0.283947 -0.354126 -0.542267 -0.346260 -0.368666 0.201091 -0.269035 0.451252 0.147278 0.207480 -0.081695 0.408979 -0.025546 0.150450 0.045620 -0.201951 -0.302477 0.231802 0.126872 0.221569 0.197257 0.157064 0.033847 0.195317 0.023252 -0.142573 -0.125356 -0.233778 -0.199861 -0.139503 -0.106448 -0.114992 -0.267855 -0.227274 -0.216101 -0.134975 -0.314334 -0.469271 -0.103772 -0.389541 -0.100820 0.154678 -0.170200 -0.308968 -0.384277 -0.428356 -0.457254 -0.258665 0.094217 -0.118982 -0.176777 -0.237081 -0.120219 0.076990 0.173703 -0.141398 -0.195153 -0.248004 -0.399587 -0.441152 -0.303237 -0.132983 -0.003285
-0.293547 -0.326166 0.346572 0.457930 0.196726 -0.017616 0.516368 1.000000 0.109653 0.122513 -0.070337 0.475347 0.288188 0.569856 0.204558 0.276131 -0.324708 -0.323066 0.044985 -0.084432 0.257987 0.153025 0.133038 0.295604 0.231679 0.298957 0.068637 0.195583 -0.244799 -0.269274 0.334179 0.450956 -0.178799 0.326643 0.030406 0.195307 -0.364686 -0.015470 -0.315729 -0.191721 -0.191649 -0.202200 -0.434175 -0.347834 -0.536184 -0.423523 -0.477217 -0.391876 -0.277101 -0.504738 -0.197956 -0.045491 -0.165415 -0.214595 -0.237163 -0.475749 -0.374606 -0.516321 -0.164620 -0.213812 -0.008746 0.301452 -0.299135 -0.301814 0.199155 0.445961 -0.274660 -0.018394 -0.173105 -0.394063 0.202810 0.376161 -0.201876 -0.014283 -0.158875 -0.024011 -0.228422 0.083880 -0.309127 -0.286297 -0.381818 -0.392959 -0.137053 0.099693 -0.084781 0.223954 -0.015998 -0.039267 0.108977 0.016879 -0.207092 -0.002729 0.136275 0.062246 0.032822 -0.146881 -0.378401 -0.297157 -0.495218 -0.570767 0.297000 -0.172377 0.079130 -0.281855 -0.031322 0.029163 0.173829 0.127503 -0.123784 -0.152880 -0.280428 -0.566014 -0.353144 -0.364661 -0.080456 0.006095
-0.097745 -0.232241 0.291951 -0.082813 0.546145 0.051785 0.153588 0.109653 1.000000 0.498856 -0.003438 -0.034028 -0.200593 -0.030780 0.059916 -0.070679 -0.158238 -0.172809 0.162020 -0.074210 0.016731 0.224052 0.155638 0.049147 0.178442 -0.022446 -0.087491 -0.026790 -0.088868 -0.112378 -0.067173 0.060716 -0.142937 0.041388 -0.102842 -0.078973 -0.383299 -0.320464 -0.062593 -0.075789 -0.298005 -0.241120 -0.102695 -0.120309 0.033302 0.039663 -0.135393 -0.237664 0.114060 0.058204 0.013644 -0.067690 -0.134815 -0.310322 -0.277415 -0.225608 -0.268347 -0.196892 0.070050 0.068062 0.191457 0.074627 -0.164662 -0.083099 0.298342 0.246260 -0.081682 0.014600 -0.132624 -0.269032 -0.130634 0.071390 -0.253430 -0.165073 -0.210503 0.040074 -0.128990 -0.080722 -0.209539 -0.182959 -0.312603 -0.186719 -0.033907 0.076132 -0.207143 -0.036095 -0.103966 -0.011277 0.106177 0.148909 -0.012101 0.364432 0.269819 0.419851 -0.325025 -0.343696 -0.242728 -0.352926 -0.262871 -0.191675 0.129680 0.266552 -0.066249 -0.004231 0.050890 -0.126634 -0.175682 -0.092252 -0.164454 -0.431414 -0.148500 -0.199864 -0.187105 -0.199244 0.196437 -0.147183
0.076854 -0.055856 -0.140203 -0.223653 0.596158 0.652715 0.200015 0.122513 0.498856 1.000000 0.137888 -0.078233 0.188910 0.031836 -0.030866 -0.129811 0.080256 0.090184 0.048406 -0.166249 0.111224 -0.015381 -0.297140 -0.205161 0.457669 0.102379 0.238021 -0.216375 0.013558 -0.016318 -0.100964 -0.140103 -0.075995 0.061885 -0.341595 -0.164520 -0.293162 -0.523201 0.001395 -0.020423 -0.258415 -0.201471 -0.104173 -0.135500 0.092861 0.112271 -0.163540 -0.158905 0.218866 0.147084 -0.020278 -0.001665 0.133755 -0.065000 -0.111785 -0.200425 -0.086415 -0.101242 0.287558 0.347869 0.320782 0.183474 0.131443 0.181796 0.000089 -0.040228 0.100963 0.123263 -0.127388 -0.089893 -0.282049 -0.267655 0.028172 -0.158560 -0.105027 -0.164326 -0.070329 -0.239705 -0.127010 -0.116227 -0.153936 -0.196050 -0.190118 -0.240511 -0.430703 -0.307342 -0.393944 -0.110052 -0.142592 -0.003386 -0.067861 0.074718 -0.002258 -0.018410 -0.307372 -0.315768 -0.291166 -0.377771 -0.086936 -0.156741 -0.090499 0.075551 -0.202019 -0.058469 -0.210643 -0.085485 -0.095679 -0.309421 -0.122338 -0.232545 -0.168935 -0.110911 -0.072558 -0.167240 0.014761 -0.058238
0.474576 0.229086 -0.166326 -0.343451 0.161305 0.098763 0.265785 -0.070337 -0.003438 0.137888 1.000000 -0.026323 0.615136 0.074640 0.119093 -0.284646 0.477803 0.366425 0.339516 -0.127693 0.158588 -0.126532 -0.380479 -0.459111 -0.066980 -0.370808 0.136491 -0.527917 0.488777 0.328248 0.147401 -0.141720 0.345642 0.207224 -0.260903 -0.461015 0.067497 -0.114533 0.146248 0.073611 -0.227883 0.185146 -0.144658 -0.107701 -0.084581 -0.152408 -0.028322 -0.199393 -0.182094 -0.202201 -0.320030 -0.435389 -0.001487 -0.136693 0.108785 -0.002749 0.365129 0.358257 0.265049 -0.039617 0.662897 0.093765 0.390164 0.389269 0.185974 -0.255128 0.006061 -0.352313 -0.073158 -0.203426 0.026625 -0.352307 0.401034 0.160390 0.213982 0.116664 0.248208 -0.152922 0.271243 0.321684 0.291556 0.340374 0.174386 -0.108277 0.042015 -0.250498 -0.221279 0.013634 -0.180812 -0.104760 -0.328043 -0.399390 -0.324544 -0.228490 0.002084 -0.185577 -0.102721 -0.175855 -0.138988 -0.074559 -0.354795 0.225444 -0.136159 -0.105716 -0.289626 -0.191117 -0.241297 -0.264313 -0.072268 -0.081639 -0.309463 0.106123 -0.059352 0.087107 -0.152273 0.006190
-0.064924 0.306321 0.117574 0.625033 -0.297731 -0.269245 -0.113008 0.475347 -0.034028 -0.078233 -0.026323 1.000000 0.031903 0.856521 0.575706 0.743368 -0.265839 -0.233708 -0.112995 0.193783 -0.177682 0.045518 0.266827 0.356540 -0.311375 0.057027 -0.098011 0.326163 -0.275126 -0.276732 0.012024 0.151438 -0.227984 -0.021715 -0.072778 0.068565 -0.193092 0.144641 -0.310413 -0.117215 -0.082792 -0.078892 -0.374503 -0.362065 -0.535245 -0.526017 -0.302531 -0.273197 -0.294627 -0.477390 -0.141910 0.004830 0.170514 0.093771 0.138272 -0.080712 -0.116888 -0.243695 -0.202313 -0.035536 -0.221012 0.317383 -0.370287 -0.073931 -0.161038 0.326533 -0.320994 -0.295137 -0.073381 -0.315345 0.059368 0.080120 -0.267387 -0.022177 -0.056426 0.075087 -0.220903 0.051247 -0.253409 -0.216427 -0.180544 -0.211292 0.163407 0.456175 0.045330 0.451110 0.240958 0.223718 0.137707 0.222337 0.104347 0.013474 0.361304 -0.006782 -0.102582 -0.026201 -0.322018 -0.041550 -0.093073 -0.182724 0.368500 -0.220306 0.139675 -0.205284 -0.084404 -0.206758 0.095628 0.033405 -0.122273 0.029711 -0.471869 -0.300181 -0.001076 -0.057223 -0.092519 -0.087385
0.293981 -0.004216 -0.224123 -0.297210 0.353472 0.376203 0.541244 0.288188 -0.200593 0.188910 0.615136 0.031903 1.000000 0.307821 0.159916 -0.208932 0.208782 0.132348 0.193183 -0.111347 0.296436 -0.084151 -0.509784 -0.407994 0.362465 -0.012754 0.393373 -0.342471 0.377465 0.181207 0.341793 -0.014268 0.213570 0.324247 -0.156329 -0.102824 -0.042555 -0.132676 0.021259 -0.024107 -0.178068 -0.035382 -0.284697 -0.269069 -0.261465 -0.269862 -0.317417 -0.197543 -0.248846 -0.359862 -0.403215 -0.271280 -0.204806 -0.053213 -0.062815 -0.246769 0.153107 0.096912 0.245869 -0.121728 0.548335 0.223745 0.200675 0.053319 0.162189 -0.101784 -0.050858 -0.192448 0.106798 -0.077627 0.206382 -0.112750 0.378672 -0.019659 0.058323 -0.034964 0.090597 -0.131475 0.098943 0.139292 0.091312 0.015716 -0.036376 -0.236678 -0.084566 -0.273764 -0.204166 0.086290 -0.088875 -0.155303 -0.390146 -0.255633 -0.393603 -0.235423 0.266199 -0.012540 -0.181647 -0.044081 -0.259869 -0.177673 -0.222629 -0.060314 -0.085820 -0.108238 -0.266294 0.029119 0.099281 -0.007011 0.047539 0.112228 -0.191602 -0.051996 -0.150946 -0.055692 -0.270088 0.135431
-0.092754 0.174701 0.130277 0.399909 -0.130388 -0.125923 0.074840 0.569856 -0.030780 0.031836 0.074640 0.856521 0.307821 1.000000 0.562985 0.630142 -0.238574 -0.199276 -0.203305 0.012097 -0.082518 -0.012325 0.114362 0.226038 -0.119107 0.048515 -0.032627 0.241685 -0.241555 -0.213163 -0.015484 0.054536 -0.237555 0.114905 -0.030155 0.134569 -0.159683 0.204651 -0.222868 -0.033502 -0.029383 -0.004994 -0.427124 -0.421784 -0.585765 -0.527746 -0.406515 -0.309072 -0.262579 -0.536922 -0.196791 -0.018728 0.021955 -0.013791 0.142602 -0.113020 -0.086866 -0.196523 -0.085432 0.029431 -0.081025 0.429386 -0.329743 -0.089181 -0.153061 0.276918 -0.273933 -0.208253 -0.094642 -0.316481 0.087495 0.155218 -0.157259 -0.027996 -0.059582 0.118179 -0.203635 0.135523 -0.193541 -0.205321 -0.184170 -0.259341 -0.003202 0.264861 -0.070398 0.258290 0.204066 0.116033 0.165698 0.260765 0.018273 0.026246 0.286810 0.054415 0.055352 -0.079596 -0.279313 -0.037267 -0.177061 -0.183251 0.386867 -0.074306 0.183265 -0.088934 -0.048505 -0.091047 0.116616 0.049374 -0.104254 0.059228 -0.352182 -0.271562 -0.021821 -0.095571 -0.144324 -0.042525
0.072895 0.059805 0.204711 0.284869 -0.126690 0.026264 -0.096280 0.204558 0.059916 -0.030866 0.119093 0.575706 0.159916 0.562985 1.000000 0.485247 -0.366932 -0.447994 -0.032735 -0.129819 0.057799 0.323806 0.360471 0.282700 -0.011233 0.299353 0.195521 0.370779 -0.198778 -0.327753 0.269509 0.204406 -0.312623 -0.037898 0.116600 -0.048693 -0.195795 0.356059 0.001892 0.162652 -0.215440 0.028242 -0.504239 -0.458748 -0.603964 -0.635758 -0.370900 -0.317361 -0.303808 -0.538397 0.004334 -0.157780 0.063883 -0.130517 0.225397 -0.111616 -0.027178 -0.165063 -0.141933 -0.237633 -0.135701 -0.009504 -0.458556 -0.326096 0.245613 0.319947 -0.425032 -0.434699 -0.013516 -0.352931 0.187770 0.101238 -0.368870 -0.111138 -0.136577 0.070661 -0.214749 0.153914 -0.162223 -0.048545 -0.201151 -0.191574 0.464671 0.274606 0.354430 0.366076 0.359703 0.484770 0.406711 0.256275 0.039209 0.081202 0.275937 0.113194 0.045467 -0.018947 -0.249395 0.060266 -0.156415 -0.177262 0.131666 -0.279585 -0.163395 -0.187835 -0.136959 -0.254385 -0.029794 -0.045608 -0.055325 -0.126136 -0.295293 -0.192925 -0.050404 -0.086581 -0.105286 -0.304646
-0.202846 0.216771 0.155136 0.735256 -0.361450 -0.286244 -0.280687 0.276131 -0.070679 -0.129811 -0.284646 0.743368 -0.208932 0.630142 0.485247 1.000000 -0.308645 -0.278167 -0.337415 0.102838 -0.071969 0.187661 0.436570 0.675950 -0.322066 0.245559 -0.093461 0.572518 -0.455940 -0.419308 -0.030470 0.187883 -0.340733 -0.169547 0.034030 0.235367 -0.112603 0.289150 -0.249712 -0.048776 0.100048 0.064867 -0.339437 -0.314308 -0.503767 -0.512357 -0.296838 -0.245586 -0.199860 -0.416919 -0.077204 -0.005504 0.171332 -0.031608 0.155182 0.032510 -0.136988 -0.247530 -0.133229 0.115473 -0.254731 0.191991 -0.392949 -0.030428 -0.360665 0.290140 -0.251816 -0.275642 -0.102701 -0.252664 0.093627 0.183499 -0.386931 -0.023722 -0.125467 0.034916 -0.352714 0.030377 -0.189783 -0.193521 -0.208226 -0.241098 0.083871 0.377457 0.073422 0.456393 0.383221 0.216282 0.276809 0.460436 0.221725 0.132598 0.532752 0.117897 0.013435 -0.021408 -0.163976 0.094100 -0.048004 -0.068787 0.491056 -0.154757 0.191767 -0.036511 0.014207 -0.102440 0.121730 0.063099 -0.136946 0.069326 -0.351383 -0.272910 -0.055783 0.011014 -0.050498 -0.055841
0.353863 0.284195 -0.492310 -0.257932 0.024337 0.139245 -0.003874 -0.324708 -0.158238 0.080256 0.477803 -0.265839 0.208782 -0.238574 -0.366932 -0.308645 1.000000 0.808049 0.140623 0.035487 -0.041502 -0.327518 -0.519901 -0.368640 -0.188156 -0.438778 0.086557 -0.496330 0.680333 0.681238 -0.139732 -0.296651 0.637649 0.261376 -0.288299 -0.169051 0.551629 -0.142963 0.313297 0.223790 0.217560 0.341848 0.143605 0.179392 0.199423 0.176163 0.199626 -0.029078 -0.235679 0.014123 -0.389832 -0.425632 0.008710 -0.066835 0.216036 0.170623 0.623527 0.655855 0.103067 0.021320 0.437358 0.028372 0.797729 0.702227 -0.249912 -0.376651 0.044099 -0.242093 -0.106838 -0.023014 -0.187688 -0.402192 0.769124 0.351763 0.502448 0.066199 0.543486 -0.036987 0.677164 0.580105 0.708088 0.665169 -0.192215 -0.198446 -0.283628 -0.255187 -0.430446 -0.281206 -0.389034 -0.114515 -0.317901 -0.539752 -0.231311 -0.347711 0.017875 0.076417 0.017416 -0.059799 -0.001341 0.072137 -0.366388 0.246706 -0.083929 -0.046879 -0.181059 -0.167291 -0.388785 -0.382666 -0.079685 0.060753 -0.029151 0.353537 0.037772 0.270597 0.108154 0.133320
0.261931 0.359527 -0.523188 -0.288526 -0.045745 -0.027046 -0.095786 -0.323066 -0.172809 0.090184 0.366425 -0.233708 0.132348 -0.199276 -0.447994 -0.278167 0.808049 1.000000 0.134989 0.161971 -0.253920 -0.466187 -0.494363 -0.412978 -0.276832 -0.581030 -0.148154 -0.574036 0.621838 0.806770 -0.218394 -0.345851 0.648565 0.287772 -0.301534 -0.184068 0.524321 -0.143293 0.136708 0.147844 0.302870 0.363956 0.312940 0.271732 0.336517 0.285532 0.311936 0.088424 -0.178104 0.166966 -0.362673 -0.268554 -0.076229 0.063375 0.127418 0.286753 0.510331 0.616549 -0.027355 0.048120 0.244488 0.100987 0.819747 0.846402 -0.296365 -0.494171 0.090144 -0.150979 -0.076316 0.074333 -0.319681 -0.389247 0.753955 0.228913 0.363995 0.102038 0.453070 -0.053504 0.688918 0.611587 0.746074 0.750305 -0.091013 0.006474 -0.178280 -0.306389 -0.381091 -0.353110 -0.442671 -0.162228 -0.283462 -0.544243 -0.321469 -0.400725 0.017247 0.088738 0.023666 -0.010668 0.151137 0.198945 -0.315315 0.161254 0.121384 0.091583 -0.102109 -0.068558 -0.286967 -0.346107 0.071507 0.135841 0.008329 0.402940 0.034387 0.279730 0.130894 0.241670
0.462258 0.117803 -0.043266 -0.164598 0.213464 -0.083064 0.488897 0.044985 0.162020 0.048406 0.339516 -0.112995 0.193183 -0.203305 -0.032735 -0.337415 0.140623 0.134989 1.000000 0.361857 0.188680 -0.109415 -0.127299 -0.304188 -0.071172 -0.277473 -0.005161 -0.537742 0.576798 0.295786 0.390275 0.143218 0.477534 0.201495 -0.327334 -0.497968 -0.061952 -0.307258 -0.136797 -0.329249 -0.310437 -0.013978 -0.144458 -0.204834 -0.029425 -0.100844 -0.105978 -0.253999 -0.514656 -0.185943 -0.502821 -0.522165 -0.313730 -0.154341 -0.330574 -0.404801 0.041550 0.049561 -0.156457 -0.389516 0.202882 -0.154668 0.338048 0.113777 0.455526 -0.227817 0.040809 -0.302588 0.082992 -0.114444 0.197697 -0.101397 0.317613 0.193376 0.121922 0.181612 0.362396 0.072328 0.100123 0.270841 0.277904 0.271891 0.522611 0.388420 0.341320 -0.141927 -0.108636 -0.046376 -0.296953 -0.466971 -0.293131 -0.140655 -0.300442 -0.207784 -0.054939 0.075290 -0.389636 -0.173253 -0.148462 -0.084213 -0.293751 -0.031339 -0.081499 -0.044374 -0.128951 -0.237883 0.016753 0.194706 -0.002800 -0.131734 -0.408339 0.034783 -0.093577 0.049767 -0.133172 0.001039
0.231852 0.482481 -0.426977 0.066398 -0.197736 -0.274468 -0.163209 -0.084432 -0.074210 -0.166249 -0.127693 0.193783 -0.111347 0.012097 -0.129819 0.102838 0.035487 0.161971 0.361857 1.000000 -0.333728 -0.400503 -0.214285 0.029116 -0.364026 -0.383016 -0.217979 -0.266591 0.314229 0.206854 -0.264307 -0.241136 0.187693 -0.182856 -0.441867 -0.220214 0.096111 -0.148023 -0.247510 -0.320982 0.228039 -0.000057 0.047947 -0.078531 0.108090 0.063430 0.012812 0.004901 -0.283335 0.049015 -0.409613 -0.123046 -0.004895 0.160346 -0.115878 -0.073062 0.108867 0.123075 -0.183449 0.057934 -0.215322 0.033429 0.111117 0.106521 -0.207132 -0.173360 0.127644 -0.074065 0.388308 0.466449 -0.043322 -0.062166 0.200452 -0.112849 -0.159353 -0.085897 -0.082352 -0.152726 0.075750 0.023551 0.304588 0.161461 0.321240 0.552800 0.018582 -0.027951 -0.109241 -0.046746 -0.238647 -0.210214 0.230690 0.066733 0.137456 -0.076837 -0.093693 0.218750 -0.192686 0.168704 0.206526 0.265352 0.209845 -0.048117 0.231404 0.167574 0.123788 0.146053 0.177574 0.255793 0.103741 0.222202 -0.235816 0.156010 0.255933 0.242275 -0.058364 0.313806
0.064885 -0.362012 0.227542 -0.043055 0.356014 0.250271 0.561051 0.257987 0.016731 0.111224 0.158588 -0.177682 0.296436 -0.082518 0.057799 -0.071969 -0.041502 -0.253920 0.188680 -0.333728 1.000000 0.572694 0.089989 0.036063 0.460283 0.406698 0.483236 0.097764 0.026107 -0.083334 0.616363 0.501834 0.076541 0.290096 0.054641 0.121261 -0.038501 -0.050420 0.195475 0.105427 -0.094349 0.097863 -0.329062 -0.205671 -0.215332 -0.118081 -0.386530 -0.311095 -0.213345 -0.307122 -0.162707 -0.321835 -0.279636 -0.351367 -0.182649 -0.387429 -0.120294 -0.265287 0.132621 -0.192101 0.324523 0.045037 0.036872 -0.153549 0.344198 0.056454 -0.048526 0.011670 -0.207843 -0.389239 0.411631 0.188220 0.024827 0.295661 0.255832 0.157475 0.067885 0.081780 -0.275474 -0.126352 -0.298162 -0.241517 -0.154579 -0.262241 -0.036217 -0.123357 -0.191887 -0.008241 0.005612 -0.079056 -0.443775 -0.141162 -0.250487 -0.122097 0.044217 -0.213202 -0.179110 -0.308659 -0.462314 -0.459508 -0.317367 -0.155241 -0.364902 -0.311753 -0.409800 -0.176605 -0.056951 -0.014880 -0.300541 -0.107170 -0.168537 -0.425903 -0.493147 -0.403533 -0.287085 -0.188413
-0.135177 -0.321594 0.403291 0.212472 0.087326 -0.004448 0.120930 0.153025 0.224052 -0.015381 -0.126532 0.045518 -0.084151 -0.012325 0.323806 0.187661 -0.327518 -0.466187 -0.109415 -0.400503 0.572694 1.000000 0.442487 0.290507 0.246138 0.474436 0.286950 0.485420 -0.312321 -0.370107 0.416591 0.481650 -0.264219 0.062989 0.254785 0.255268 -0.208288 0.139937 0.140750 0.126804 -0.232298 -0.146410 -0.273031 -0.156561 -0.308185 -0.244362 -0.351169 -0.203175 -0.127239 -0.294733 0.119800 -0.088177 -0.118592 -0.286783 -0.111594 -0.196897 -0.269473 -0.389412 -0.037499 -0.216839 -0.020783 -0.091188 -0.315634 -0.306712 0.313202 0.397966 -0.225860 -0.030057 -0.071661 -0.388271 0.297530 0.219438 -0.410056 -0.032541 -0.085768 -0.002277 -0.210199 0.042080 -0.379622 -0.217993 -0.387609 -0.232272 0.020198 -0.091997 0.226808 0.340152 0.222972 0.222328 0.408694 0.250911 -0.138492 0.188290 0.070889 0.191227 -0.123897 -0.133251 -0.105499 -0.176591 -0.398176 -0.320122 -0.004194 -0.192655 -0.180491 -0.121924 -0.155313 -0.168111 0.077457 -0.016278 -0.261027 -0.175028 -0.060107 -0.431537 -0.354693 -0.376721 -0.152546 -0.364203
-0.458721 -0.361833 0.700811 0.565912 -0.182332 -0.353116 -0.135725 0.133038 0.155638 -0.297140 -0.380479 0.266827 -0.509784 0.114362 0.360471 0.436570 -0.519901 -0.494363 -0.127299 -0.214285 0.089989 0.442487 1.000000 0.702734 -0.016354 0.499418 -0.132189 0.741915 -0.534182 -0.460059 0.321998 0.546641 -0.446337 -0.115830 0.462948 0.310069 -0.294034 0.306499 -0.217136 -0.046152 -0.121213 -0.088735 -0.233100 -0.137351 -0.319495 -0.315032 -0.185069 -0.210506 0.016167 -0.225045 0.278347 0.019547 -0.020235 -0.281767 -0.144898 -0.135025 -0.472475 -0.449846 -0.282277 -0.208758 -0.368483 -0.220237 -0.532334 -0.326387 0.258642 0.448641 -0.350874 -0.157926 -0.330197 -0.452894 0.260910 0.342352 -0.580250 0.064517 -0.017159 0.174921 -0.221953 0.223384 -0.259311 -0.264364 -0.450583 -0.317937 0.190779 0.208670 0.335300 0.430631 0.404899 0.144217 0.408224 0.264155 0.208218 0.351319 0.393317 0.412994 -0.052400 -0.235240 -0.168523 -0.178174 -0.230963 -0.336392 0.245001 -0.126114 -0.094997 -0.238613 -0.078389 -0.239000 -0.130819 0.081772 -0.102645 -0.314881 -0.123423 -0.469207 -0.332138 -0.301784 0.119497 -0.377088
-0.428237 -0.224167 0.326311 0.788723 -0.191710 -0.198302 -0.259769 0.295604 0.049147 -0.205161 -0.459111 0.356540 -0.407994 0.226038 0.282700 0.675950 -0.368640 -0.412978 -0.304188 0.029116 0.036063 0.290507 0.702734 1.000000 -0.055240 0.573337 0.005636 0.759598 -0.482722 -0.474883 0.164659 0.489851 -0.477808 -0.155845 0.206708 0.405656 -0.250500 0.274776 -0.276808 -0.010983 0.041124 -0.080635 -0.354522 -0.262700 -0.423190 -0.410181 -0.326316 -0.294451 -0.121272 -0.327808 -0.007047 -0.086985 0.002032 -0.314570 -0.130173 -0.127104 -0.234300 -0.299556 -0.223998 -0.003173 -0.292175 -0.005324 -0.472915 -0.230352 -0.043674 0.530948 -0.400317 -0.212700 -0.274963 -0.331890 0.181941 0.408218 -0.478194 -0.060164 -0.137737 -0.030743 -0.451770 0.056126 -0.190795 -0.305603 -0.310092 -0.351106 0.002105 0.167659 0.100589 0.441373 0.227511 0.131519 0.385597 0.398730 0.243781 0.298872 0.646924 0.372516 -0.031411 -0.171893 -0.264281 -0.148896 -0.308858 -0.335339 0.458912 -0.127531 -0.056519 -0.190447 -0.038136 -0.039189 -0.112921 0.011774 -0.094126 -0.217199 -0.211944 -0.458323 -0.296095 -0.241176 0.117105 -0.108133
-0.115259 -0.577945 0.154791 -0.257349 0.757696 0.743077 0.423741 0.231679 0.178442 0.457669 -0.066980 -0.311375 0.362465 -0.119107 -0.011233 -0.322066 -0.188156 -0.276832 -0.071172 -0.364026 0.460283 0.246138 -0.016354 -0.055240 1.000000 0.617311 0.619528 0.151507 -0.099414 -0.199097 0.325865 0.217779 -0.208198 0.182988 0.166002 0.320692 -0.218953 -0.242559 0.186348 0.179603 -0.204899 -0.327486 -0.284348 -0.226170 -0.094252 -0.009002 -0.390270 -0.243137 0.127960 -0.069941 0.036594 -0.018845 -0.169748 -0.284970 -0.217720 -0.391782 -0.229120 -0.304625 0.292443 0.004964 0.273528 -0.002493 -0.140541 -0.307294 0.389497 0.225195 -0.012020 0.284093 -0.048679 -0.122397 0.125837 -0.013768 -0.139893 -0.227551 -0.093220 -0.254281 -0.111374 -0.079708 -0.197677 -0.223406 -0.374745 -0.371963 -0.286851 -0.533398 -0.195099 -0.212890 -0.316057 -0.031196 0.114296 -0.015077 -0.314623 0.165120 -0.231675 0.102106 0.189857 -0.288055 -0.268746 -0.326184 -0.447641 -0.460717 -0.257167 -0.163299 -0.441902 -0.231350 -0.267105 0.106670 -0.049321 -0.123105 -0.027490 -0.267717 0.083564 -0.389231 -0.487891 -0.529354 0.015845 -0.119755
-0.348268 -0.528030 0.342658 0.415871 0.205073 0.431928 0.075974 0.298957 -0.022446 0.102379 -0.370808 0.057027 -0.012754 0.048515 0.299353 0.245559 -0.438778 -0.581030 -0.277473 -0.383016 0.406698 0.474436 0.499418 0.573337 0.617311 1.000000 0.547113 0.758973 -0.490909 -0.565340 0.459870 0.575081 -0.461542 0.019003 0.429566 0.503199 -0.305986 0.131287 0.050435 0.231643 -0.176242 -0.314906 -0.466808 -0.342804 -0.419816 -0.375757 -0.459527 -0.313478 0.022479 -0.317093 0.160065 0.007244 -0.037375 -0.284511 -0.072084 -0.260758 -0.309850 -0.433312 -0.014566 -0.088703 -0.094361 -0.122514 -0.518872 -0.502220 0.260331 0.564133 -0.341403 -0.008011 -0.181374 -0.337142 0.257259 0.275875 -0.485263 -0.119756 -0.103421 -0.206741 -0.337125 0.029594 -0.323229 -0.301486 -0.471286 -0.486434 -0.167087 -0.335241 0.069904 0.275555 0.098396 0.312891 0.440770 0.252631 -0.070470 0.274876 0.194674 0.237041 0.161724 -0.220622 -0.220052 -0.221479 -0.435398 -0.536628 0.019980 -0.340655 -0.404113 -0.327397 -0.276909 0.026351 -0.057518 -0.103060 -0.036966 -0.261182 -0.034610 -0.538093 -0.507932 -0.497207 0.041342 -0.254844
0.105368 -0.243938 -0.212435 -0.068892 0.336801 0.724796 0.174846 0.068637 -0.087491 0.238021 0.136491 -0.098011 0.393373 -0.032627 0.195521 -0.093461 0.086557 -0.148154 -0.005161 -0.217979 0.483236 0.286950 -0.132189 0.005636 0.619528 0.547113 1.000000 0.181092 0.047302 -0.193272 0.377452 0.139229 -0.081364 0.043235 0.032445 0.166107 0.064722 -0.030319 0.485050 0.489210 -0.078826 -0.156461 -0.435072 -0.373119 -0.303156 -0.251470 -0.456581 -0.350159 -0.175717 -0.299231 -0.156199 -0.248806 -0.089177 -0.207851 0.220746 -0.118616 0.169537 -0.034084 0.163213 -0.015383 0.256783 0.053047 -0.096552 -0.228311 0.224105 0.197484 -0.147202 -0.001241 -0.023862 -0.168619 0.153994 -0.253688 -0.070698 -0.192671 -0.037885 -0.318672 -0.134858 -0.139127 -0.017739 0.048857 -0.029352 -0.088224 -0.145591 -0.488249 0.026402 -0.040804 -0.186249 0.242453 0.269701 0.157410 -0.332506 0.017536 -0.145038 -0.061069 0.275317 -0.085980 -0.261986 -0.238452 -0.375976 -0.419543 -0.305919 -0.310451 -0.517215 -0.295650 -0.292326 0.146274 -0.064556 -0.310701 -0.087086 -0.093410 -0.138343 -0.225785 -0.393834 -0.396338 -0.033216 -0.116184
-0.531945 -0.336216 0.464231 0.627134 -0.197454 -0.051916 -0.284117 0.195583 -0.026790 -0.216375 -0.527917 0.326163 -0.342471 0.241685 0.370779 0.572518 -0.496330 -0.574036 -0.537742 -0.266591 0.097764 0.485420 0.741915 0.759598 0.151507 0.758973 0.181092 1.000000 -0.703311 -0.619369 0.167355 0.429933 -0.536561 -0.119472 0.522412 0.583724 -0.221736 0.427099 -0.037971 0.203634 0.020654 -0.204822 -0.352841 -0.233209 -0.462984 -0.413116 -0.327299 -0.209380 0.074517 -0.316929 0.317334 0.159498 0.089994 -0.188966 0.097990 -0.000699 -0.342522 -0.389151 -0.170346 -0.006620 -0.390207 -0.109110 -0.677350 -0.472153 0.009780 0.597386 -0.346608 -0.004763 -0.149120 -0.290699 0.158008 0.366303 -0.619562 -0.116740 -0.150606 -0.076485 -0.444421 0.092446 -0.285621 -0.329891 -0.481590 -0.421685 -0.168174 -0.113055 0.127233 0.522221 0.375613 0.324476 0.626909 0.527914 0.225519 0.386838 0.480319 0.413678 0.069864 -0.151058 -0.022208 -0.019590 -0.262693 -0.340228 0.353704 -0.231663 -0.110611 -0.183485 -0.009421 0.032544 -0.015798 -0.047383 -0.040931 -0.142281 0.043949 -0.441832 -0.301805 -0.261312 0.143983 -0.268400
0.519661 0.250099 -0.486641 -0.377429 0.156126 0.069793 0.240695 -0.244799 -0.088868 0.013558 0.488777 -0.275126 0.377465 -0.241555 -0.198778 -0.455940 0.680333 0.621838 0.576798 0.314229 0.026107 -0.312321 -0.534182 -0.482722 -0.099414 -0.490909 0.047302 -0.703311 1.000000 0.803146 0.146514 -0.152551 0.687439 0.263166 -0.395986 -0.339444 0.435089 -0.181819 0.131053 -0.021558 0.091391 0.288216 0.123722 0.096647 0.221714 0.155214 0.141344 -0.007750 -0.435326 -0.003870 -0.579070 -0.469124 -0.235956 -0.035010 -0.067097 -0.027988 0.436708 0.443103 -0.088641 -0.288819 0.294339 -0.032448 0.752314 0.480697 0.061829 -0.433246 -0.003525 -0.321510 0.043181 0.018013 -0.013771 -0.313967 0.841427 0.262710 0.385987 0.076320 0.512341 -0.053996 0.536764 0.516982 0.682818 0.610906 0.245743 0.160398 0.002635 -0.321208 -0.332363 -0.250902 -0.497918 -0.415295 -0.428197 -0.478655 -0.401581 -0.391679 0.066483 0.188460 -0.132390 -0.004374 0.036983 0.099239 -0.473910 0.033952 -0.109455 -0.055819 -0.187659 -0.125034 -0.180100 -0.104299 0.012414 0.096015 -0.133553 0.303521 0.044979 0.172339 -0.017898 0.162089
0.300436 0.203774 -0.435202 -0.373045 0.031025 -0.093538 0.062319 -0.269274 -0.112378 -0.016318 0.328248 -0.276732 0.181207 -0.213163 -0.327753 -0.419308 0.681238 0.806770 0.295786 0.206854 -0.083334 -0.370107 -0.460059 -0.474883 -0.199097 -0.565340 -0.193272 -0.619369 0.803146 1.000000 -0.000853 -0.150019 0.698099 0.411843 -0.269890 -0.226440 0.572557 -0.068930 0.102152 0.101920 0.344497 0.447825 0.290273 0.280809 0.309355 0.294681 0.257216 0.085997 -0.298151 0.105442 -0.432358 -0.330212 -0.203337 -0.004210 -0.013506 0.111721 0.460080 0.536384 -0.157049 -0.208938 0.149305 0.000737 0.751208 0.620155 -0.094047 -0.472197 -0.002604 -0.191898 0.006918 0.046547 -0.111958 -0.150007 0.865151 0.356962 0.451087 0.246139 0.557167 0.097071 0.619857 0.568066 0.679246 0.711995 0.077506 0.180666 -0.135264 -0.315065 -0.349926 -0.305478 -0.505766 -0.339335 -0.368224 -0.553549 -0.393903 -0.384667 0.025576 0.170731 0.001955 0.057939 0.087304 0.201175 -0.365446 0.073319 0.072649 0.041420 -0.114411 -0.151747 -0.260854 -0.121820 0.074260 0.088565 0.042478 0.379146 0.046967 0.279381 0.062766 0.112236
0.034055 -0.377543 0.258082 0.187251 0.200676 0.054069 0.487336 0.334179 -0.067173 -0.100964 0.147401 0.012024 0.341793 -0.015484 0.269509 -0.030470 -0.139732 -0.218394 0.390275 -0.264307 0.616363 0.416591 0.321998 0.164659 0.325865 0.459870 0.377452 0.167355 0.146514 -0.000853 1.000000 0.796087 0.044922 0.265451 0.171451 0.035376 -0.167317 0.020454 -0.143973 -0.082521 -0.238433 -0.049144 -0.312462 -0.199958 -0.324572 -0.330462 -0.324824 -0.283678 -0.410574 -0.429295 -0.275356 -0.390290 -0.366770 -0.264193 -0.357153 -0.471637 -0.162190 -0.279419 -0.213048 -0.598115 0.158446 -0.133850 -0.064933 -0.213219 0.540127 0.149313 -0.433231 -0.361227 -0.165047 -0.520625 0.484551 0.278274 0.025450 0.220394 0.182376 0.139874 0.090628 0.138697 -0.111555 0.025839 -0.153492 -0.130612 0.266876 0.038962 0.314585 0.043411 0.058395 0.229422 0.030002 -0.238462 -0.418990 -0.150992 -0.245961 -0.096894 0.121207 -0.047052 -0.324373 -0.251321 -0.439732 -0.497475 -0.268260 -0.417317 -0.319288 -0.406731 -0.409091 -0.210912 0.023770 0.119516 -0.031711 -0.159331 -0.292252 -0.352782 -0.502538 -0.283923 -0.229898 -0.283055
-0.183762 -0.421621 0.445412 0.477242 0.131971 -0.123375 0.309953 0.450956 0.060716 -0.140103 -0.141720 0.151438 -0.014268 0.054536 0.204406 0.187883 -0.296651 -0.345851 0.143218 -0.241136 0.501834 0.481650 0.546641 0.489851 0.217779 0.575081 0.139229 0.429933 -0.152551 -0.150019 0.796087 1.000000 -0.113201 0.293621 0.230466 0.219755 -0.234807 0.047749 -0.252742 -0.088566 -0.144679 -0.114364 -0.333495 -0.200110 -0.348158 -0.316901 -0.353852 -0.328376 -0.294360 -0.399625 -0.157933 -0.289261 -0.307134 -0.330870 -0.418363 -0.464451 -0.263579 -0.363152 -0.212811 -0.440372 -0.025661 -0.129433 -0.229337 -0.242933 0.376638 0.321796 -0.431333 -0.253078 -0.239558 -0.550689 0.390094 0.504208 -0.170288 0.212246 0.153050 0.189378 -0.059718 0.190621 -0.222045 -0.181480 -0.315588 -0.267926 0.099801 0.130093 0.155596 0.193333 0.008503 0.200866 0.038565 -0.146713 -0.282281 -0.058340 0.007148 0.021643 -0.034566 -0.062205 -0.373943 -0.325231 -0.522022 -0.546185 -0.074395 -0.400598 -0.299492 -0.389092 -0.336440 -0.228653 -0.066080 0.133130 -0.006858 -0.341735 -0.279826 -0.525579 -0.520829 -0.294569 -0.061413 -0.293772
0.462340 0.289948 -0.281139 -0.274601 0.069107 -0.082427 0.240468 -0.178799 -0.142937 -0.075995 0.345642 -0.227984 0.213570 -0.237555 -0.312623 -0.340733 0.637649 0.648565 0.477534 0.187693 0.076541 -0.264219 -0.446337 -0.477808 -0.208198 -0.461542 -0.081364 -0.536561 0.687439 0.698099 0.044922 -0.113201 1.000000 0.599518 -0.198400 -0.182157 0.459729 -0.126760 0.176410 0.094409 0.057016 0.219478 0.091001 0.034822 0.145385 0.082691 0.137318 -0.109916 -0.371397 -0.088969 -0.427495 -0.423622 -0.318736 -0.089880 0.094010 0.089923 0.420685 0.464211 -0.049123 -0.216049 0.233518 -0.024654 0.728135 0.498533 -0.023262 -0.450328 0.197291 -0.187073 0.111742 -0.058289 -0.069089 -0.189913 0.741758 0.395243 0.476303 0.236667 0.573755 0.065303 0.582189 0.615389 0.571047 0.670846 -0.014374 0.072513 -0.040566 -0.230579 -0.357462 -0.206512 -0.398296 -0.276855 -0.542848 -0.629744 -0.439677 -0.483643 0.029820 0.184151 -0.017917 0.046086 -0.014950 0.090485 -0.484215 0.020343 -0.084932 -0.035764 -0.133248 -0.221595 -0.245870 -0.195577 -0.028559 0.135286 -0.094815 0.317007 -0.050509 0.290047 0.060175 0.107934
0.131801 -0.106613 0.136304 -0.022776 0.296244 0.060324 0.424308 0.326643 0.041388 0.061885 0.207224 -0.021715 0.324247 0.114905 -0.037898 -0.169547 0.261376 0.287772 0.201495 -0.182856 0.290096 0.062989 -0.115830 -0.155845 0.182988 0.019003 0.043235 -0.119472 0.263166 0.411843 0.265451 0.293621 0.599518 1.000000 0.085120 0.154402 0.166683 -0.043467 0.126226 0.250726 -0.067941 0.014118 -0.293764 -0.254258 -0.304001 -0.253350 -0.283625 -0.387392 -0.365942 -0.436913 -0.373195 -0.412106 -0.436046 -0.354770 -0.064656 -0.240922 0.144077 0.127949 -0.034469 -0.220354 0.302726 0.197852 0.335885 0.221182 0.215984 0.101610 -0.125059 -0.180644 0.001889 -0.371882 0.138270 0.153359 0.402522 0.335128 0.389198 0.316641 0.348757 0.330184 0.270996 0.330758 0.084497 0.273922 -0.216814 -0.073020 -0.113475 -0.042996 -0.352970 -0.152244 -0.107388 -0.078193 -0.663275 -0.495605 -0.348131 -0.285317 0.170692 -0.078271 -0.236885 -0.178514 -0.530026 -0.383642 -0.342871 -0.127890 -0.204572 -0.236415 -0.288216 -0.202827 -0.323992 -0.209275 -0.045276 -0.143113 -0.136157 -0.123375 -0.443604 -0.068501 0.086691 -0.136645
-0.429644 -0.514127 0.455086 0.119727 -0.138447 -0.045402 -0.045213 0.030406 -0.102842 -0.341595 -0.260903 -0.072778 -0.156329 -0.030155 0.116600 0.034030 -0.288299 -0.301534 -0.327334 -0.441867 0.054641 0.254785 0.462948 0.206708 0.166002 0.429566 0.032445 0.522412 -0.395986 -0.269890 0.171451 0.230466 -0.198400 0.085120 1.000000 0.563618 0.099974 0.553122 0.257871 0.286053 0.062875 0.001774 -0.116876 -0.034347 -0.189023 -0.123167 -0.085917 -0.081267 0.195192 -0.134550 0.505273 0.193762 -0.163500 -0.214373 0.263404 0.117740 -0.291247 -0.263913 -0.196618 -0.222922 -0.271966 -0.155370 -0.336126 -0.371766 0.372153 0.376310 -0.208134 0.169208 -0.117638 -0.226148 0.164544 0.275988 -0.325381 0.058259 0.050637 0.068614 0.054613 0.293987 -0.015939 0.062550 -0.264499 -0.045397 -0.121104 -0.268299 0.301370 0.325988 0.325937 0.243448 0.430980 0.250341 -0.124748 0.068789 0.059057 0.241385 0.339945 0.016387 0.208815 0.126930 -0.198247 -0.204582 0.008570 0.016174 -0.119761 -0.166993 0.065808 -0.005736 -0.150609 -0.009685 0.008462 -0.027479 0.361963 -0.097738 -0.291743 -0.164131 0.282835 -0.203847
-0.458764 -0.428242 0.192566 0.330287 0.041905 0.052349 -0.059229 0.195307 -0.078973 -0.164520 -0.461015 0.068565 -0.102824 0.134569 -0.048693 0.235367 -0.169051 -0.184068 -0.497968 -0.220214 0.121261 0.255268 0.310069 0.405656 0.320692 0.503199 0.166107 0.583724 -0.339444 -0.226440 0.035376 0.219755 -0.182157 0.154402 0.563618 1.000000 0.091350 0.269047 0.154881 0.273439 0.260082 -0.095140 -0.213603 -0.143237 -0.116402 -0.015861 -0.302383 -0.204364 0.096557 -0.140726 0.197168 0.136176 -0.155241 -0.276772 0.068098 0.015671 -0.212322 -0.291502 -0.126630 0.022837 -0.187590 0.232566 -0.262133 -0.222299 0.069545 0.489221 -0.242632 0.271362 -0.107256 -0.206730 0.063912 0.163221 -0.187414 -0.057119 0.043014 -0.152670 -0.156578 0.054490 -0.008749 -0.062023 -0.194425 -0.154923 -0.444878 -0.316657 -0.109993 0.249659 -0.003507 -0.042974 0.316882 0.332509 -0.184150 0.075737 0.237598 0.193533 0.232796 0.031212 -0.095523 0.037510 -0.365440 -0.371323 0.066132 -0.076612 -0.180119 -0.260512 -0.086524 0.105659 -0.189684 -0.088345 -0.113257 -0.017373 0.285387 -0.358695 -0.345265 -0.329975 0.293564 -0.019626
