1.000000 0.428786 0.177701 -0.097069 -0.060361 -0.071043 0.102943 -0.216519 -0.089105 -0.082353 0.159389 0.036381 0.255587 0.261742 0.161443 -0.003636 0.135114 0.270620 0.359965 0.100136 0.057747 0.027172 0.144107 -0.231059 0.071916 0.071584 0.074140 0.084142 0.122370 -0.165971 0.041533 0.037270 0.084421 0.143272 -0.179443 -0.001408 -0.133662 -0.197616 -0.166730 -0.203878 -0.104206 -0.259507 -0.285211 -0.225572 -0.381635 -0.390718 -0.296269 -0.191750 -0.240160 -0.343982 -0.172834 -0.196899 0.106507 -0.001468 0.131198 -0.177678 0.386913 0.371645 0.464464 0.102727 0.594324 0.343486 0.320523 0.502626 0.035374 -0.008029 0.119588 -0.284773 0.284117 -0.141989 -0.173520 -0.177823 -0.009833 -0.033795 0.082301 0.080187 0.033373 -0.079134 -0.097385 -0.197920 -0.115195 -0.034278 0.075119 -0.168460 0.047889 -0.045871 -0.031584 -0.173091 0.138193 0.167786 -0.134179 -0.218676 -0.328311 0.001353 0.051997 -0.160811 -0.132989 -0.139637 -0.161694 -0.079292 0.061029 0.064348 -0.168603 -0.088935 -0.139525 -0.345023 0.045720 -0.034454 -0.165815 -0.305927 -0.151324 -0.209346 -0.130499 -0.111521 -0.104510 -0.086875
0.428786 1.000000 -0.320542 -0.035326 -0.098119 0.084864 -0.125573 0.010093 -0.271484 0.070106 -0.005196 0.459607 0.052553 0.426366 -0.126400 0.199171 0.125067 0.263231 -0.109030 0.292847 -0.115717 -0.082780 -0.307418 -0.253034 -0.026602 -0.038411 -0.054564 -0.016647 0.154185 0.228722 -0.129156 -0.147526 -0.031349 0.052569 -0.368174 -0.376808 -0.009928 0.138209 -0.070425 0.138177 -0.080707 0.126478 -0.247837 -0.160610 -0.253723 -0.400044 -0.162636 -0.057509 -0.054556 -0.149856 -0.082898 -0.025358 0.122496 0.048023 0.141582 0.050576 0.215112 0.404720 -0.003024 0.168742 0.127011 0.321386 0.286392 0.390597 -0.412484 -0.064013 -0.020252 -0.304479 0.045999 -0.165011 -0.001410 -0.108338 0.016734 0.155730 0.040129 0.198811 -0.068460 0.321035 0.009745 0.014351 0.038574 0.073131 -0.057757 0.229330 0.030365 0.177331 0.000411 0.050172 -0.179988 0.204753 0.002189 -0.394097 -0.109989 -0.393554 -0.021719 0.203778 -0.000828 0.131191 0.051472 0.026333 0.369638 -0.061411 0.310207 -0.155597 0.112706 -0.220257 0.132211 0.038043 -0.044048 -0.135160 -0.102282 -0.097085 0.186045 0.061060 0.016845 -0.238040
0.177701 -0.320542 1.000000 0.356510 0.203717 -0.178079 0.774891 0.314740 0.377981 -0.121856 -0.100887 0.018886 0.399052 0.057147 0.269898 0.093916 -0.136096 -0.122495 0.480108 -0.387223 0.022009 0.044470 0.537943 0.167621 -0.121369 -0.022179 0.208249 -0.011259 -0.058240 -0.330236 0.258432 0.395991 -0.093435 0.267348 0.218075 0.391736 -0.070790 -0.193560 0.027051 -0.150774 0.118872 -0.104557 -0.455052 -0.537009 -0.452875 -0.200916 -0.559777 -0.546825 -0.415283 -0.498531 -0.371655 -0.497147 -0.240116 -0.342361 -0.116526 -0.497391 -0.037004 -0.180566 0.245222 -0.430340 0.547912 0.135200 -0.173714 -0.046870 0.784466 0.350845 -0.268683 -0.073295 0.040566 -0.255313 -0.009330 0.239601 -0.123763 -0.162531 -0.091237 -0.078847 -0.086347 -0.098422 -0.018960 -0.013308 -0.130036 -0.117486 0.081253 -0.028363 0.015508 0.023087 -0.072410 -0.089957 0.550087 0.087059 0.073866 0.196813 0.110455 0.417433 0.147258 -0.267191 -0.402360 -0.320157 -0.484584 -0.382691 0.030425 -0.070360 -0.176945 -0.145637 -0.285947 -0.007191 -0.018269 -0.054570 -0.056438 -0.249599 -0.241334 -0.527177 -0.432034 -0.221444 -0.052373 -0.055686
-0.097069 -0.035326 0.356510 1.000000 -0.020219 0.176748 0.196789 0.576759 0.011454 0.194964 -0.049783 0.380635 0.219306 0.127186 0.234588 0.194954 -0.349338 -0.413400 0.241232 -0.458913 0.140120 0.028180 0.350450 0.679728 0.002954 0.253138 0.146605 0.252156 -0.289502 -0.331954 0.239216 0.466629 -0.332280 0.023743 0.147570 0.093513 -0.111849 -0.168679 -0.039388 0.010065 -0.091223 -0.112201 -0.422580 -0.512149 -0.382511 -0.414464 -0.354356 -0.410233 -0.344638 -0.320138 -0.172869 -0.311113 -0.150010 -0.078484 -0.185873 -0.283037 -0.024066 -0.343991 -0.068060 -0.259372 0.026712 0.107880 -0.273493 -0.196984 0.513986 0.334962 -0.393504 -0.221382 -0.176173 -0.345245 -0.008060 0.039340 -0.333417 -0.269800 -0.328461 -0.036677 -0.341329 -0.079193 -0.179169 -0.191012 -0.207861 -0.372032 0.225019 0.171394 0.157874 0.138364 0.210629 0.298792 0.419803 0.081959 0.400340 0.171192 0.589707 0.175099 0.149858 0.003681 -0.280354 -0.284508 -0.250573 -0.273438 0.361654 -0.383403 0.195560 0.022780 0.152443 0.121163 0.152262 -0.003040 0.090981 -0.226526 -0.407503 -0.397224 -0.222827 -0.092260 0.295781 0.035171
-0.060361 -0.098119 0.203717 -0.020219 1.000000 0.531264 -0.065468 -0.206311 0.559261 0.392969 -0.183915 -0.030132 -0.014706 -0.186202 0.131775 0.304711 -0.108412 -0.155283 -0.176138 -0.270973 0.021373 0.035060 0.248294 -0.157647 0.363846 0.157914 0.657800 0.356104 -0.200413 -0.282778 -0.215865 -0.060149 -0.357221 -0.247397 0.008418 0.070198 -0.075870 -0.029383 0.132630 0.084272 -0.005739 0.158574 -0.035405 -0.175937 0.065708 -0.033013 -0.123293 -0.045871 0.167391 0.096873 0.148987 0.070435 0.003009 0.083669 0.030385 0.094417 -0.177793 -0.146608 0.121909 -0.024196 0.031403 -0.010039 -0.148441 -0.123990 0.171943 0.055638 -0.126956 -0.059724 -0.086387 0.246666 -0.213466 -0.097595 -0.178760 -0.280406 -0.094207 -0.043335 0.064279 0.125543 -0.098489 -0.172785 -0.156545 -0.161160 -0.065818 -0.020017 -0.293673 -0.066233 -0.297813 -0.162055 0.260166 0.267097 0.023419 0.355185 0.105475 0.164808 -0.163136 -0.040682 0.035259 -0.060198 0.014182 -0.057034 -0.079380 -0.263472 -0.131541 -0.025893 -0.010553 0.098452 -0.181084 -0.350625 -0.173370 0.087359 0.012729 -0.080202 -0.023110 -0.142783 0.152943 0.000104
-0.071043 0.084864 -0.178079 0.176748 0.531264 1.000000 -0.366270 -0.123003 0.289268 0.536788 0.014835 0.250807 -0.003339 -0.110157 0.123425 0.156424 -0.124889 -0.160310 -0.123965 -0.211025 0.221816 0.096124 0.138058 0.069514 0.474149 0.530933 0.678670 0.549577 -0.185059 -0.127499 -0.215711 -0.138448 -0.226245 -0.220530 -0.020155 0.030902 -0.030074 0.115096 0.302562 0.081892 0.143691 0.262404 -0.149027 -0.158099 0.024400 -0.118624 -0.089704 -0.066713 0.063533 0.059175 0.204164 0.060329 -0.073172 -0.053636 0.207703 0.210340 -0.200244 -0.202420 -0.083027 0.079098 -0.157261 -0.011118 -0.098843 -0.156984 -0.014601 0.092551 -0.056037 0.031564 -0.223101 0.143827 -0.233071 -0.394782 -0.220216 -0.152393 -0.070977 -0.049556 0.113183 0.118148 -0.213384 -0.205053 -0.151376 -0.228031 0.131117 0.173995 0.002847 0.193205 0.033460 0.109518 0.213943 0.511379 -0.005179 0.099309 0.338526 -0.089326 0.001747 0.165215 0.120078 -0.107550 -0.005144 -0.226905 0.148650 -0.336230 -0.014777 -0.151054 -0.009288 -0.034217 -0.232452 -0.465059 0.107918 0.026410 0.043289 -0.111807 0.003113 -0.112081 0.235033 0.192945
0.102943 -0.125573 0.774891 0.196789 -0.065468 -0.366270 1.000000 0.483997 0.236040 -0.170093 -0.071683 0.056423 0.303175 0.088935 0.093604 0.095715 0.047839 0.104627 0.394401 -0.110766 -0.208073 -0.076428 0.091336 -0.013343 -0.405221 -0.357123 -0.142492 -0.331580 0.222857 0.029367 0.244882 0.283962 0.098828 0.423731 0.064355 0.106015 -0.037297 -0.239238 -0.173372 -0.219223 0.090189 -0.028438 -0.433725 -0.452568 -0.407576 -0.075324 -0.523435 -0.525168 -0.465529 -0.491475 -0.463958 -0.548248 -0.369512 -0.449232 -0.226292 -0.625004 0.004026 -0.025001 0.091672 -0.331273 0.549974 0.203748 0.104249 0.128249 0.573368 0.319345 -0.181556 0.048908 -0.031528 -0.294114 0.065770 0.293156 0.139465 0.080634 0.063935 -0.104413 -0.039007 0.038337 0.136771 0.163696 0.069600 0.124009 -0.079618 0.139283 0.094885 0.093018 -0.102894 -0.140525 0.269514 0.018981 -0.001760 -0.007864 0.015132 0.237815 -0.039313 -0.154160 -0.545445 -0.286165 -0.427589 -0.370769 0.091445 0.140745 0.053324 -0.207807 -0.293111 -0.153300 -0.155112 -0.056839 -0.040591 -0.171137 -0.339937 -0.406329 -0.330761 -0.162666 -0.159589 -0.152116
-0.216519 0.010093 0.314740 0.576759 -0.206311 -0.123003 0.483997 1.000000 0.248025 0.343441 -0.040694 0.417516 0.193134 0.367370 -0.074600 0.210265 -0.284389 -0.270698 0.060790 -0.347892 -0.284446 -0.304457 -0.229587 0.355499 -0.504273 -0.300891 -0.305213 -0.400241 -0.198562 -0.073920 -0.091883 0.029582 -0.326009 0.039926 -0.135865 0.075397 -0.300275 -0.318702 -0.379434 -0.148776 -0.204415 -0.264277 -0.382898 -0.390704 -0.305530 -0.069789 -0.340540 -0.340675 -0.322853 -0.227099 -0.371306 -0.226872 -0.202628 -0.182917 -0.491334 -0.378321 -0.248103 -0.344525 0.030003 -0.032004 0.121288 0.461644 -0.280375 -0.271639 0.356932 0.680558 -0.209352 0.205786 -0.114557 -0.191733 0.019908 0.168665 -0.237197 -0.122434 -0.319290 -0.105905 -0.416175 0.044172 -0.039874 0.040211 -0.145141 -0.269830 -0.273161 0.005981 0.007196 -0.005057 -0.006227 -0.106156 0.294616 0.171507 0.475877 0.176905 0.572853 0.225798 -0.160655 0.116539 -0.548171 -0.185219 -0.314577 -0.284476 0.509474 -0.053728 0.320715 -0.132573 0.140885 0.109619 0.140533 0.119164 0.164107 -0.019905 -0.463376 -0.319063 -0.024538 0.060285 0.084268 -0.029508
-0.089105 -0.271484 0.377981 0.011454 0.559261 0.289268 0.236040 0.248025 1.000000 0.655244 -0.173036 0.114166 0.042245 -0.043411 -0.022086 0.340382 -0.117960 -0.117878 -0.023677 -0.274504 -0.177806 -0.058864 -0.069876 -0.139559 -0.119403 -0.222742 0.237202 -0.180966 -0.038873 -0.069426 -0.384409 -0.276502 -0.218709 -0.062898 -0.160254 0.092847 -0.182638 -0.226923 -0.136662 -0.289829 0.015906 -0.029481 -0.130180 -0.243347 0.064666 0.107416 -0.163224 -0.139165 0.028635 0.040458 -0.127278 -0.039845 -0.095678 -0.095439 -0.272310 -0.173099 -0.279678 -0.249436 0.246105 -0.001508 0.210255 0.289662 -0.254584 -0.216696 0.299182 0.432955 -0.094344 0.149872 0.051936 0.210496 -0.241996 -0.195315 -0.079602 -0.229466 -0.086312 -0.065731 0.005158 0.036334 0.019463 0.001930 -0.048987 -0.102609 -0.307882 -0.024694 -0.231757 -0.161839 -0.397337 -0.396865 0.318507 0.272907 0.162013 0.384607 0.321525 0.293459 -0.270707 -0.065618 -0.353256 -0.296786 -0.138477 -0.206247 0.077840 -0.096461 -0.103421 -0.244051 -0.213494 0.061207 -0.194495 -0.336759 -0.006730 0.118223 -0.250899 -0.106866 0.057310 -0.059435 0.029343 0.019420
-0.082353 0.070106 -0.121856 0.194964 0.392969 0.536788 -0.170093 0.343441 0.655244 1.000000 -0.006242 0.383056 -0.073746 0.073045 -0.079204 0.423092 -0.170886 -0.214805 -0.153363 -0.227337 -0.292179 -0.137738 -0.365647 0.015090 -0.045672 -0.111537 0.105087 -0.155608 -0.137758 -0.078052 -0.524318 -0.422376 -0.395259 -0.323247 -0.246729 -0.031542 -0.296798 -0.257556 -0.251714 -0.244618 -0.141751 -0.096334 -0.071675 -0.131299 0.117190 0.042071 -0.007596 0.035856 0.095259 0.190770 -0.063995 0.154185 0.032099 0.092540 -0.354866 0.036693 -0.307028 -0.343720 0.092172 0.231541 -0.085715 0.430885 -0.220385 -0.238879 -0.029340 0.475109 -0.102849 0.140435 -0.084104 0.173437 -0.287527 -0.373943 -0.222636 -0.330586 -0.276468 -0.146749 -0.165069 0.025562 -0.128988 -0.141182 -0.131860 -0.253033 -0.319693 0.033413 -0.170058 -0.081149 -0.312179 -0.254130 0.183512 0.351747 0.361040 0.361721 0.561360 0.129777 -0.297041 0.223623 -0.303186 -0.125392 0.097989 -0.015698 0.420345 -0.099067 0.158914 -0.143761 0.123126 0.073863 -0.101896 -0.244596 0.249071 0.149919 -0.384083 0.056257 0.338852 0.145950 0.323041 0.195576
0.159389 -0.005196 -0.100887 -0.049783 -0.183915 0.014835 -0.071683 -0.040694 -0.173036 -0.006242 1.000000 0.149379 0.615452 0.369608 0.625948 0.176524 0.036949 0.046824 0.279830 -0.232650 -0.029378 -0.314069 -0.001044 -0.048326 0.009693 0.065855 -0.171016 -0.022500 0.035400 -0.039122 0.031630 -0.033306 -0.018406 -0.111993 -0.297208 -0.130380 -0.117061 -0.127535 -0.060065 -0.121273 -0.131881 -0.137815 -0.025222 0.007524 -0.050872 -0.220832 0.125957 0.057696 -0.049543 0.015921 -0.081349 0.106299 0.144714 0.164721 0.131806 0.206955 -0.116212 -0.215332 0.135337 0.090385 0.006079 0.167139 0.016067 -0.043994 0.012071 0.140446 -0.033039 -0.277481 -0.088042 -0.049916 0.023325 -0.089201 0.017979 0.131115 0.161852 0.123371 0.159240 -0.002250 -0.174578 -0.117111 -0.209230 -0.198942 0.193002 -0.208110 0.163150 -0.022720 0.212271 0.007522 0.132851 0.166020 -0.037677 -0.041728 0.094831 0.211215 -0.106232 0.308725 -0.010848 0.214355 0.123578 0.091721 0.151582 -0.055263 -0.137818 -0.152260 0.127271 -0.233637 0.142717 0.064046 0.004149 0.066289 -0.276254 0.110315 0.173612 0.144646 0.135159 0.069892
0.036381 0.459607 0.018886 0.380635 -0.030132 0.250807 0.056423 0.417516 0.114166 0.383056 0.149379 1.000000 0.337189 0.550614 0.027969 0.358582 0.128668 0.083865 -0.010851 -0.158928 -0.142124 -0.255641 -0.108171 0.112914 -0.083948 0.019524 -0.039593 -0.023544 0.139510 0.185373 -0.157758 0.043737 -0.203504 0.038720 -0.142363 -0.142305 0.020609 0.124764 0.023573 -0.083094 -0.088256 0.190167 -0.470609 -0.401614 -0.414157 -0.496332 -0.381967 -0.361597 -0.329374 -0.355838 -0.275464 -0.299551 -0.231881 -0.199710 -0.058020 -0.157243 0.039346 -0.004489 -0.133844 -0.253212 0.059767 0.321714 -0.018013 -0.019597 0.144533 0.440122 -0.342308 -0.259135 -0.189261 -0.076617 -0.146158 -0.127953 0.039060 0.159370 0.095202 0.325565 0.045362 0.343184 0.198368 0.195590 0.163676 0.022658 0.004085 0.262208 0.340250 0.447931 0.112956 0.082712 0.255291 0.301025 0.158753 -0.205363 0.404346 -0.143915 -0.108870 0.426699 -0.288342 -0.085012 -0.240837 -0.273770 0.337553 -0.304195 0.113231 -0.326470 -0.080559 -0.083072 0.108625 -0.230132 0.190779 0.153402 -0.388508 -0.323584 -0.086727 0.052459 0.197994 -0.070560
0.255587 0.052553 0.399052 0.219306 -0.014706 -0.003339 0.303175 0.193134 0.042245 -0.073746 0.615452 0.337189 1.000000 0.553122 0.630147 0.258411 -0.049862 -0.020881 0.264786 -0.497223 -0.026842 -0.325386 0.348666 0.063125 -0.071612 0.107404 0.036722 0.081551 -0.025455 -0.264558 0.064653 0.170390 -0.163182 0.023146 -0.175294 0.086011 -0.207217 -0.121114 0.014975 -0.126832 -0.137371 -0.153454 -0.351940 -0.276151 -0.329607 -0.384765 -0.276859 -0.223729 -0.313990 -0.271965 -0.297505 -0.225191 -0.129846 -0.161014 -0.009113 -0.095263 -0.050641 -0.154680 0.225638 -0.136451 0.329651 0.302042 -0.136795 -0.055800 0.421279 0.371099 -0.254024 -0.288193 -0.141001 -0.157444 -0.049713 0.098040 -0.068812 -0.033811 0.092759 0.159110 0.048343 0.145899 -0.151063 -0.092286 -0.283237 -0.278769 0.078800 -0.208364 0.093719 -0.021759 0.088372 -0.039161 0.456727 0.311167 -0.021352 -0.125062 0.191445 0.243378 -0.111352 0.039017 -0.200608 -0.098124 -0.242532 -0.306206 0.153131 -0.333846 -0.233709 -0.319756 -0.009518 -0.137757 0.190227 -0.074707 -0.132901 -0.004850 -0.302114 -0.280555 -0.128382 -0.108532 0.017299 -0.108353
0.261742 0.426366 0.057147 0.127186 -0.186202 -0.110157 0.088935 0.367370 -0.043411 0.073045 0.369608 0.550614 0.553122 1.000000 0.093842 0.414098 -0.007897 0.149718 0.062555 -0.326414 -0.035874 -0.357230 -0.091938 -0.079753 -0.208759 -0.004646 -0.208551 -0.077249 -0.127361 0.016613 -0.125681 -0.017023 -0.274278 -0.077167 -0.419907 0.029714 -0.153700 0.117824 -0.029422 0.031783 -0.254615 -0.034068 -0.326060 -0.248671 -0.366429 -0.365335 -0.287280 -0.204412 -0.254865 -0.298042 -0.419784 -0.182992 0.002334 -0.135994 -0.084361 -0.048813 -0.015554 -0.021765 0.307627 0.077149 0.269678 0.626680 -0.031625 0.096460 -0.050680 0.527635 -0.127670 -0.191808 -0.103952 -0.134177 0.066601 0.135568 -0.110457 0.188749 0.154323 0.369754 0.020679 0.305133 -0.034442 0.073983 -0.166016 -0.166500 -0.231487 -0.163280 -0.054880 -0.001424 0.042477 -0.048876 0.214747 0.307293 0.192683 -0.278927 0.155231 0.024599 -0.165457 0.354922 -0.067922 0.067316 -0.099752 -0.141350 0.418314 -0.110247 0.020011 -0.274301 -0.004506 -0.155466 0.328588 0.200891 0.018537 0.057049 -0.290186 -0.242342 -0.039562 0.051382 0.046918 -0.248418
0.161443 -0.126400 0.269898 0.234588 0.131775 0.123425 0.093604 -0.074600 -0.022086 -0.079204 0.625948 0.027969 0.630147 0.093842 1.000000 0.295089 -0.218556 -0.316705 0.329246 -0.316305 0.096237 0.050321 0.400897 0.171916 0.171764 0.229457 0.185028 0.268787 -0.163932 -0.397694 0.148727 0.205049 -0.081051 0.025780 0.013244 0.069811 -0.168063 -0.194103 0.058775 -0.102172 -0.023318 -0.171795 -0.147486 -0.155441 -0.054813 -0.261661 -0.025288 -0.060623 -0.071298 -0.016573 0.045870 0.009709 0.055329 0.117164 0.148107 0.107408 -0.255960 -0.317782 0.102736 -0.095572 0.023859 -0.077391 -0.109539 -0.167807 0.366844 0.006341 -0.123171 -0.323602 -0.117839 -0.114961 -0.021685 -0.090007 -0.246295 -0.261206 -0.163181 -0.131046 -0.056953 -0.166814 -0.389830 -0.372335 -0.343781 -0.345306 0.499053 -0.007772 0.141225 0.060551 0.142144 0.104723 0.395327 0.058273 -0.055821 0.099395 0.131126 0.215731 0.001692 -0.032457 0.019378 -0.015074 0.006370 -0.181726 -0.011468 -0.356191 -0.123242 -0.071350 0.083124 -0.144053 0.121402 -0.012766 -0.120877 -0.110598 -0.196895 -0.056187 -0.064519 -0.083179 0.115354 0.092044
-0.003636 0.199171 0.093916 0.194954 0.304711 0.156424 0.095715 0.210265 0.340382 0.423092 0.176524 0.358582 0.258411 0.414098 0.295089 1.000000 -0.116219 -0.193633 0.049665 -0.209133 -0.182849 -0.095820 -0.127096 -0.117490 -0.044991 -0.064129 0.030667 -0.004888 -0.056525 0.031111 -0.147446 -0.128883 -0.244315 -0.032449 -0.296531 -0.022261 -0.126855 0.041882 -0.050541 -0.012480 -0.109987 0.150182 -0.220119 -0.285680 -0.155572 -0.240969 -0.152107 -0.162220 -0.124788 -0.141168 -0.266049 -0.101642 0.034714 0.006940 -0.162502 -0.056877 -0.176885 -0.153703 0.175849 0.026714 0.104365 0.420407 -0.059736 -0.007875 0.048631 0.400868 -0.224255 -0.248264 -0.119894 -0.023491 0.124113 -0.068334 -0.133709 -0.078553 -0.066583 0.174777 -0.049120 0.199083 -0.135752 -0.118385 -0.117970 -0.082034 -0.172977 0.215565 -0.160597 0.017674 -0.330915 -0.044401 0.207594 0.200823 0.236623 0.017460 0.234033 -0.025815 -0.105818 0.321836 -0.076530 0.006236 0.132865 -0.044662 0.346540 -0.227665 0.145366 -0.135673 0.001122 -0.049713 0.104017 0.003241 0.055385 -0.019804 -0.360264 -0.056123 0.044359 0.117477 0.237453 -0.105343
0.135114 0.125067 -0.136096 -0.349338 -0.108412 -0.124889 0.047839 -0.284389 -0.117960 -0.170886 0.036949 0.128668 -0.049862 -0.007897 -0.218556 -0.116219 1.000000 0.703003 -0.109504 0.411721 -0.021290 -0.041272 -0.171800 -0.258682 0.049216 -0.149672 -0.130291 -0.103838 0.698221 0.545415 0.104989 0.026855 0.456811 0.294316 0.017197 -0.385205 0.500649 0.209773 0.131229 0.063917 0.206875 0.398800 -0.158674 -0.052612 -0.244685 -0.270435 -0.139849 -0.256026 -0.285383 -0.351469 -0.122743 -0.383254 -0.371561 -0.333554 0.281606 -0.155058 0.623903 0.619929 -0.258667 -0.273075 0.241429 -0.126756 0.747195 0.531960 -0.164787 -0.260094 -0.084265 -0.200484 -0.099229 -0.042646 0.053134 0.113156 0.692788 0.479567 0.552805 0.245754 0.496211 0.255087 0.785626 0.586339 0.771527 0.733741 0.081783 0.270535 0.380860 0.287336 0.035285 0.004652 -0.220888 -0.037950 -0.365049 -0.478903 -0.417993 -0.361766 0.103063 0.135999 0.040650 -0.016089 -0.136377 0.119076 -0.235017 0.211507 0.011944 0.054194 -0.124898 -0.031423 -0.102268 -0.052022 -0.087819 0.091344 0.183404 -0.071020 -0.197811 0.136119 -0.026924 -0.020980
0.270620 0.263231 -0.122495 -0.413400 -0.155283 -0.160310 0.104627 -0.270698 -0.117878 -0.214805 0.046824 0.083865 -0.020881 0.149718 -0.316705 -0.193633 0.703003 1.000000 -0.034857 0.301903 0.007728 -0.099878 -0.176491 -0.453392 -0.095777 -0.206348 -0.076829 -0.130890 0.547308 0.536048 0.008912 -0.046259 0.357132 0.267725 -0.110518 -0.301374 0.393336 0.246851 0.091319 0.053571 0.201401 0.314934 -0.135993 -0.027608 -0.231099 -0.252412 -0.169956 -0.151185 -0.178555 -0.292074 -0.209309 -0.284265 -0.187367 -0.240935 0.186676 -0.186226 0.545970 0.533753 -0.051457 -0.033514 0.335686 0.137529 0.615755 0.681420 -0.258830 -0.187299 0.047154 -0.213347 -0.090364 -0.111875 0.102837 0.101799 0.601677 0.552749 0.600598 0.335048 0.539379 0.347796 0.585179 0.565283 0.500116 0.566494 -0.111606 0.079694 0.184425 0.090304 0.049642 -0.075233 -0.270003 0.057806 -0.292338 -0.450173 -0.397381 -0.195397 -0.057031 0.082495 -0.090337 -0.048687 -0.131980 0.115731 -0.026255 0.215458 -0.045512 -0.148044 -0.170776 -0.207420 -0.089993 -0.066919 -0.146992 -0.025492 0.029007 -0.063630 -0.027511 0.041803 -0.111037 -0.191127
0.359965 -0.109030 0.480108 0.241232 -0.176138 -0.123965 0.394401 0.060790 -0.023677 -0.153363 0.279830 -0.010851 0.264786 0.062555 0.329246 0.049665 -0.109504 -0.034857 1.000000 -0.052970 0.110218 0.019487 0.350432 0.047424 -0.076531 0.074741 0.094663 0.114365 0.170354 -0.079891 0.407769 0.361573 0.212637 0.308243 0.018748 0.100618 -0.016692 -0.145457 -0.054195 -0.262850 -0.035004 -0.122122 -0.253561 -0.302797 -0.294253 -0.224937 -0.234805 -0.287357 -0.299473 -0.347507 -0.274398 -0.277263 -0.065798 -0.091734 -0.060832 -0.327355 -0.013958 -0.183079 0.093000 -0.306210 0.362915 0.171485 -0.061114 0.095443 0.428555 0.149424 -0.209141 -0.255521 0.156951 -0.339844 0.136000 -0.089800 0.032045 0.134426 0.134498 0.115364 0.210646 -0.008712 -0.195151 -0.277080 -0.153853 -0.140895 0.287064 -0.016182 0.135895 -0.009367 0.144077 0.016169 0.251358 0.010842 0.013109 0.076230 -0.016471 0.216130 0.054410 -0.093890 -0.283369 -0.127283 -0.138596 -0.061289 0.081783 0.116080 -0.134069 -0.126828 -0.277587 -0.308023 -0.044560 -0.026955 -0.001683 -0.219630 -0.333849 -0.114830 -0.188939 0.003116 0.013626 -0.090576
0.100136 0.292847 -0.387223 -0.458913 -0.270973 -0.211025 -0.110766 -0.347892 -0.274504 -0.227337 -0.232650 -0.158928 -0.497223 -0.326414 -0.316305 -0.209133 0.411721 0.301903 -0.052970 1.000000 -0.081462 0.208326 -0.367450 -0.246018 0.050086 -0.163146 -0.226720 -0.178953 0.552321 0.545644 0.046060 -0.153086 0.608594 0.358220 -0.036329 -0.329273 0.293049 0.124975 -0.068791 0.085104 0.174442 0.197741 0.160088 0.277678 0.132573 0.086330 0.251887 0.196285 -0.018131 0.015415 -0.022780 -0.059375 -0.070261 -0.078337 0.152739 0.065255 0.265430 0.569783 -0.301022 0.024843 -0.136966 -0.311517 0.508308 0.350550 -0.428888 -0.525061 0.230594 0.056032 0.296550 0.059257 0.092217 -0.126287 0.412146 0.324697 0.242906 0.025045 0.149581 0.099451 0.307600 0.170913 0.487644 0.557311 0.106179 0.388620 0.068694 0.064051 -0.040373 0.045795 -0.530965 -0.361572 -0.394184 -0.315810 -0.558866 -0.516128 0.126223 -0.019957 0.228987 0.271460 0.217012 0.209116 -0.311959 0.360775 0.156812 0.103407 -0.038413 -0.133699 -0.004233 0.087230 -0.056036 0.066599 0.268014 0.365003 0.094381 0.087888 -0.257509 -0.007418
0.057747 -0.115717 0.022009 0.140120 0.021373 0.221816 -0.208073 -0.284446 -0.177806 -0.292179 -0.029378 -0.142124 -0.026842 -0.035874 0.096237 -0.182849 -0.021290 0.007728 0.110218 -0.081462 1.000000 0.362638 0.565555 0.318683 0.454129 0.671872 0.468806 0.724703 -0.153436 -0.153403 0.453155 0.452167 0.059421 0.104505 0.183600 0.186732 0.095408 0.293464 0.382506 0.361540 0.005154 0.118432 -0.123687 -0.118606 -0.196032 -0.209323 -0.139909 -0.164501 -0.057054 -0.200045 0.142205 -0.109384 -0.066457 -0.126014 0.269220 0.002180 0.140543 0.157294 0.039146 -0.154139 -0.026408 -0.347921 0.022443 -0.003537 0.047045 -0.268998 0.011122 -0.038400 0.086007 -0.036128 0.033617 0.127382 -0.115401 -0.066614 0.028698 0.068787 0.163747 -0.006556 0.005192 -0.031418 -0.033810 -0.011889 0.252815 0.052533 0.000779 0.122738 0.122269 0.238770 -0.089501 -0.086021 -0.197184 -0.198420 -0.138940 -0.113470 0.245389 -0.280080 0.382967 -0.149092 -0.165222 -0.223902 -0.231504 -0.328329 -0.327180 -0.071283 -0.225691 -0.021635 0.090662 0.001367 -0.336195 -0.063581 0.294635 -0.149446 -0.374061 -0.190355 -0.047635 -0.171426
0.027172 -0.082780 0.044470 0.028180 0.035060 0.096124 -0.076428 -0.304457 -0.058864 -0.137738 -0.314069 -0.255641 -0.325386 -0.357230 0.050321 -0.095820 -0.041272 -0.099878 0.019487 0.208326 0.362638 1.000000 0.222793 0.097897 0.318797 0.344180 0.252476 0.305409 0.044098 0.028908 0.245830 0.237287 0.233512 0.233920 0.358421 0.217755 0.384393 0.339430 0.469648 0.341746 0.547467 0.293943 0.026663 0.022391 0.035234 0.026991 0.011580 -0.065250 0.018588 -0.047349 0.143092 -0.068415 -0.033729 -0.078656 0.297974 0.121485 0.074456 0.096714 -0.173612 -0.191134 -0.117607 -0.421672 0.070997 -0.033638 -0.004294 -0.379305 0.030445 0.027588 0.116040 -0.125174 -0.146779 -0.096919 -0.036744 -0.187275 -0.107838 -0.234171 -0.050791 -0.353169 0.004389 0.006841 0.139500 0.184058 0.320619 0.302745 0.027132 0.278824 0.035611 0.336149 -0.180418 -0.230904 -0.284129 -0.073298 -0.218170 -0.183051 0.461345 -0.106811 0.374900 0.114711 -0.039729 -0.059492 -0.181287 -0.056584 -0.023005 0.041234 -0.237685 0.003808 -0.161348 -0.005335 0.191331 -0.174597 0.364166 0.012497 -0.169522 0.062519 0.146329 0.298675
0.144107 -0.307418 0.537943 0.350450 0.248294 0.138058 0.091336 -0.229587 -0.069876 -0.365647 -0.001044 -0.108171 0.348666 -0.091938 0.400897 -0.127096 -0.171800 -0.176491 0.350432 -0.367450 0.565555 0.222793 1.000000 0.408974 0.453972 0.671496 0.539491 0.651700 -0.208310 -0.446046 0.503589 0.670298 -0.068536 0.157568 0.452208 0.458870 0.092371 0.166038 0.381357 0.231899 0.070825 0.028384 -0.268066 -0.279321 -0.355178 -0.299847 -0.320245 -0.309858 -0.261770 -0.351123 0.007940 -0.307833 -0.147345 -0.167104 0.201255 -0.119232 0.052942 -0.094139 0.058346 -0.429234 0.152496 -0.302689 -0.222708 -0.122119 0.579944 -0.079506 -0.240221 -0.193591 0.001177 -0.098353 0.043012 0.241560 -0.165035 -0.172077 -0.002761 0.115954 0.036814 -0.091655 -0.106275 -0.155073 -0.168271 -0.210533 0.462829 -0.093380 0.099933 0.026281 0.225527 0.287824 0.418290 -0.048773 -0.141925 0.027594 -0.040102 0.203395 0.260097 -0.279131 0.149617 -0.175346 -0.327059 -0.316896 -0.270485 -0.420257 -0.393465 0.020202 -0.093270 0.076509 0.070686 -0.090401 -0.230453 -0.201832 0.198211 -0.330054 -0.486737 -0.256158 0.024650 -0.082617
-0.231059 -0.253034 0.167621 0.679728 -0.157647 0.069514 -0.013343 0.355499 -0.139559 0.015090 -0.048326 0.112914 0.063125 -0.079753 0.171916 -0.117490 -0.258682 -0.453392 0.047424 -0.246018 0.318683 0.097897 0.408974 1.000000 0.151830 0.411156 0.091967 0.303015 -0.309577 -0.342153 0.426091 0.537094 -0.142854 0.069996 0.327193 0.287450 -0.076314 -0.005882 0.074318 0.116904 -0.084146 -0.162080 -0.211920 -0.205283 -0.222474 -0.136082 -0.161647 -0.271137 -0.223348 -0.173222 -0.026233 -0.190901 -0.178022 -0.106983 -0.208721 -0.177171 -0.020522 -0.190086 -0.209661 -0.255522 -0.240585 -0.227849 -0.287286 -0.312462 0.362251 0.053608 -0.256131 0.081487 0.008281 -0.144374 0.110893 0.205308 -0.320138 -0.278021 -0.299053 -0.126889 -0.359944 -0.247955 -0.089954 -0.160114 -0.110728 -0.258391 0.335815 0.115272 0.165726 0.085570 0.270692 0.363073 0.158450 -0.206050 0.125886 0.123145 0.354414 0.059469 0.198247 -0.169488 -0.044240 -0.199608 -0.285619 -0.271382 -0.011904 -0.347006 -0.028798 0.118511 0.210649 0.321658 0.083476 0.079733 0.026724 -0.133489 -0.051112 -0.232247 -0.259226 -0.086055 0.195984 0.121448
0.071916 -0.026602 -0.121369 0.002954 0.363846 0.474149 -0.405221 -0.504273 -0.119403 -0.045672 0.009693 -0.083948 -0.071612 -0.208759 0.171764 -0.044991 0.049216 -0.095777 -0.076531 0.050086 0.454129 0.318797 0.453972 0.151830 1.000000 0.748434 0.546639 0.679255 -0.140109 -0.087902 0.290394 0.292609 -0.000905 -0.057806 0.219210 0.086435 0.258706 0.259827 0.419241 0.398261 0.162193 0.329099 0.024110 0.022816 -0.071554 -0.152350 -0.027751 -0.038704 -0.048115 -0.070634 0.242842 -0.031044 -0.122105 -0.065850 0.353321 0.208362 0.001684 0.102854 -0.122660 -0.099494 -0.194831 -0.373890 0.083017 0.024337 0.023733 -0.257141 -0.078961 -0.153203 -0.164591 -0.012919 -0.164358 -0.109721 -0.133910 -0.086395 0.052043 0.017505 0.188661 -0.094945 -0.023904 -0.071230 0.054072 0.060382 0.436513 0.245235 0.197710 0.224481 0.192825 0.450518 0.045271 -0.043433 -0.389137 -0.167943 -0.229282 -0.225921 0.264353 -0.022497 0.468740 0.014530 -0.016538 -0.113388 -0.276900 -0.223512 -0.096879 0.213430 0.034616 -0.039628 0.015478 -0.050193 -0.113651 -0.198890 0.302041 0.032115 -0.202583 -0.041411 0.155040 0.102625
0.071584 -0.038411 -0.022179 0.253138 0.157914 0.530933 -0.357123 -0.300891 -0.222742 -0.111537 0.065855 0.019524 0.107404 -0.004646 0.229457 -0.064129 -0.149672 -0.206348 0.074741 -0.163146 0.671872 0.344180 0.671496 0.411156 0.748434 1.000000 0.562617 0.814194 -0.247277 -0.208155 0.371463 0.448395 0.002671 0.074694 0.286645 0.355457 0.165137 0.384185 0.506379 0.443204 0.145385 0.218890 -0.195144 -0.123799 -0.266959 -0.249882 -0.192788 -0.171966 -0.211096 -0.241883 0.092289 -0.183190 -0.170915 -0.210116 0.318153 0.113013 -0.036047 -0.000584 -0.069198 -0.157104 -0.137069 -0.291036 -0.072239 -0.111480 0.160618 -0.086476 -0.078006 -0.032492 -0.098095 -0.030879 -0.037438 0.003675 -0.199954 -0.076922 0.028907 0.111620 0.097397 -0.033897 -0.188037 -0.123160 -0.097151 -0.129365 0.461899 0.115849 0.147172 0.217032 0.283471 0.440585 0.171229 0.073595 -0.266453 -0.186381 -0.019387 -0.166377 0.344822 -0.023077 0.449595 0.028164 -0.185242 -0.333772 -0.155442 -0.420168 -0.215050 0.004026 0.011842 -0.029551 0.058842 -0.078713 -0.077799 -0.186202 0.379784 -0.154327 -0.358936 -0.199993 0.098343 0.023347
0.074140 -0.054564 0.208249 0.146605 0.657800 0.678670 -0.142492 -0.305213 0.237202 0.105087 -0.171016 -0.039593 0.036722 -0.208551 0.185028 0.030667 -0.130291 -0.076829 0.094663 -0.226720 0.468806 0.252476 0.539491 0.091967 0.546639 0.562617 1.000000 0.762296 -0.172919 -0.231511 0.121387 0.180007 -0.110740 0.000641 0.056562 0.188387 0.128369 0.197093 0.379945 0.190727 0.162390 0.207942 -0.193311 -0.270378 -0.129004 -0.187919 -0.269049 -0.219774 0.019057 -0.092858 0.151977 -0.065126 -0.077927 -0.077613 0.252558 -0.010180 0.023534 -0.063224 0.015534 -0.136531 0.036006 -0.154843 -0.117816 0.006897 0.228729 -0.070681 -0.151325 -0.129764 -0.116440 -0.066538 -0.161491 -0.191246 -0.184299 -0.140608 0.012421 -0.034499 0.211851 0.095362 -0.159401 -0.208889 -0.159967 -0.117072 0.201972 0.087978 -0.072564 0.114408 0.028232 0.063664 0.202248 0.280890 -0.140156 0.091780 0.054789 -0.005381 0.154817 -0.233052 0.121522 -0.195162 -0.222221 -0.226407 -0.079468 -0.348141 -0.253865 -0.180047 -0.182359 -0.095113 -0.136229 -0.309128 -0.200352 -0.215917 0.158397 -0.268773 -0.196038 -0.244794 0.034481 -0.040644
0.084142 -0.016647 -0.011259 0.252156 0.356104 0.549577 -0.331580 -0.400241 -0.180966 -0.155608 -0.022500 -0.023544 0.081551 -0.077249 0.268787 -0.004888 -0.103838 -0.130890 0.114365 -0.178953 0.724703 0.305409 0.651700 0.303015 0.679255 0.814194 0.762296 1.000000 -0.234620 -0.285031 0.345247 0.425107 -0.060296 -0.009220 0.157351 0.142779 0.170875 0.333279 0.467172 0.345913 0.014495 0.210413 -0.128555 -0.132661 -0.147944 -0.310730 -0.172849 -0.139314 -0.018467 -0.142399 0.229647 -0.081314 -0.087773 -0.085635 0.289549 0.073011 0.112281 0.043276 -0.064142 -0.161502 -0.120732 -0.319269 -0.068264 0.004839 0.149640 -0.238828 -0.132628 -0.251410 -0.100188 -0.051220 -0.041615 -0.097083 -0.198706 -0.073842 0.057538 0.123710 0.208316 0.068470 -0.168100 -0.233435 -0.155136 -0.133354 0.375621 0.094478 0.043862 0.227077 0.183703 0.340355 0.084553 0.116963 -0.236218 -0.114887 -0.022707 -0.112711 0.169546 -0.144764 0.397138 -0.118223 -0.110758 -0.237223 -0.219489 -0.398117 -0.272841 -0.029641 -0.107419 -0.095994 -0.028523 -0.188668 -0.254327 -0.120239 0.265934 -0.133718 -0.343552 -0.228892 0.051829 -0.115535
0.122370 0.154185 -0.058240 -0.289502 -0.200413 -0.185059 0.222857 -0.198562 -0.038873 -0.137758 0.035400 0.139510 -0.025455 -0.127361 -0.163932 -0.056525 0.698221 0.547308 0.170354 0.552321 -0.153436 0.044098 -0.208310 -0.309577 -0.140109 -0.247277 -0.172919 -0.234620 1.000000 0.741100 0.252530 0.128975 0.703699 0.624286 0.024757 -0.354349 0.465734 0.186677 -0.011883 -0.070159 0.220633 0.359667 -0.100969 -0.032078 -0.149635 -0.103561 -0.064744 -0.196006 -0.344082 -0.333049 -0.293239 -0.451201 -0.390145 -0.330418 0.123314 -0.316360 0.445372 0.493995 -0.344178 -0.408314 0.207085 -0.115145 0.553466 0.455483 -0.037306 -0.174253 -0.165815 -0.151596 -0.066824 -0.198881 0.001072 0.022971 0.873766 0.473580 0.562116 0.269922 0.504905 0.288157 0.609602 0.438142 0.706689 0.734852 0.037245 0.367584 0.293482 0.270950 -0.094709 -0.111298 -0.325804 -0.200175 -0.460164 -0.468884 -0.315608 -0.335568 0.065250 0.067429 -0.154885 -0.016705 -0.149467 0.034103 -0.263306 0.151316 -0.030507 -0.196124 -0.235313 -0.212311 -0.243491 -0.227333 -0.096769 0.067365 0.052820 0.067161 -0.085058 0.117621 -0.128217 -0.105471
-0.165971 0.228722 -0.330236 -0.331954 -0.282778 -0.127499 0.029367 -0.073920 -0.069426 -0.078052 -0.039122 0.185373 -0.264558 0.016613 -0.397694 0.031111 0.545415 0.536048 -0.079891 0.545644 -0.153403 0.028908 -0.446046 -0.342153 -0.087902 -0.208155 -0.231511 -0.285031 0.741100 1.000000 0.138075 -0.027876 0.606766 0.526631 -0.094655 -0.323291 0.525027 0.419665 0.060385 0.146155 0.288713 0.531314 -0.004771 0.099066 -0.059920 0.039307 0.050363 -0.069844 -0.265084 -0.207278 -0.290278 -0.320811 -0.350292 -0.309431 0.108871 -0.139261 0.264721 0.438460 -0.420916 -0.224752 -0.062442 -0.048341 0.475236 0.347789 -0.289088 -0.055131 -0.128880 -0.050527 -0.151803 -0.184048 0.060876 0.012453 0.769100 0.583230 0.538833 0.313501 0.476000 0.380576 0.599901 0.612439 0.717043 0.789614 -0.078771 0.471445 0.269415 0.306478 0.055965 0.053234 -0.432272 -0.216905 -0.368661 -0.501743 -0.251240 -0.462959 0.078276 0.318822 0.027035 0.138872 -0.029503 0.120992 -0.065475 0.186104 0.230717 -0.200505 -0.206749 -0.224077 -0.133874 -0.049142 0.100373 0.071311 0.162388 0.177787 0.076391 0.256875 -0.083532 -0.147151
0.041533 -0.129156 0.258432 0.239216 -0.215865 -0.215711 0.244882 -0.091883 -0.384409 -0.524318 0.031630 -0.157758 0.064653 -0.125681 0.148727 -0.147446 0.104989 0.008912 0.407769 0.046060 0.453155 0.245830 0.503589 0.426091 0.290394 0.371463 0.121387 0.345247 0.252530 0.138075 1.000000 0.848379 0.408431 0.548875 0.303228 0.106125 0.288144 0.263523 0.301934 0.251246 0.199488 0.284419 -0.170014 -0.173613 -0.347332 -0.170102 -0.201816 -0.387622 -0.383970 -0.448424 -0.149297 -0.422571 -0.286916 -0.242504 0.117432 -0.362094 0.235461 0.208301 -0.230395 -0.511324 0.077972 -0.310377 0.131614 0.198636 0.270718 -0.188495 -0.318315 -0.208418 -0.095653 -0.437271 0.229847 0.367473 0.238865 0.164627 0.212803 0.126660 0.143355 -0.116113 0.157489 0.075710 0.207490 0.260318 0.455889 0.303234 0.281937 0.231699 0.233842 0.345308 -0.112795 -0.375141 -0.399960 -0.352010 -0.245120 -0.140095 0.385092 -0.246101 0.099117 -0.147489 -0.357190 -0.195742 -0.275299 -0.161915 -0.147151 0.052438 -0.197132 -0.074798 -0.156341 0.015789 -0.194491 -0.352348 0.135991 -0.200223 -0.443764 -0.033069 -0.010405 -0.074183
0.037270 -0.147526 0.395991 0.466629 -0.060149 -0.138448 0.283962 0.029582 -0.276502 -0.422376 -0.033306 0.043737 0.170390 -0.017023 0.205049 -0.128883 0.026855 -0.046259 0.361573 -0.153086 0.452167 0.237287 0.670298 0.537094 0.292609 0.448395 0.180007 0.425107 0.128975 -0.027876 0.848379 1.000000 0.181274 0.529366 0.475112 0.233079 0.248182 0.214742 0.258788 0.295341 0.071047 0.186212 -0.319971 -0.329851 -0.477063 -0.291073 -0.381089 -0.482713 -0.502629 -0.553725 -0.244332 -0.564599 -0.410760 -0.310105 0.003949 -0.427310 0.165389 0.088014 -0.207665 -0.581464 0.123522 -0.248969 0.046698 0.103468 0.491840 -0.037880 -0.377594 -0.218610 -0.172449 -0.392825 0.093479 0.446445 0.139078 0.003749 0.085105 0.188711 0.058451 -0.007927 0.193905 0.081087 0.170373 0.119961 0.468802 0.262696 0.273081 0.260888 0.262329 0.403633 0.088161 -0.346324 -0.236420 -0.219823 -0.094719 -0.036791 0.253364 -0.159227 -0.022319 -0.216633 -0.415492 -0.323923 -0.220190 -0.329114 -0.093203 0.028140 -0.103034 0.005263 -0.076361 -0.026270 -0.180373 -0.196740 0.047243 -0.319072 -0.576266 -0.117629 0.072903 -0.167909
0.084421 -0.031349 -0.093435 -0.332280 -0.357221 -0.226245 0.098828 -0.326009 -0.218709 -0.395259 -0.018406 -0.203504 -0.163182 -0.274278 -0.081051 -0.244315 0.456811 0.357132 0.212637 0.608594 0.059421 0.233512 -0.068536 -0.142854 -0.000905 0.002671 -0.110740 -0.060296 0.703699 0.606766 0.408431 0.181274 1.000000 0.684223 0.080144 -0.227689 0.429747 0.294080 0.168140 0.065933 0.378127 0.344558 0.027782 0.131669 -0.058372 0.027242 0.061745 -0.076816 -0.271356 -0.235021 -0.114148 -0.331057 -0.342062 -0.327218 0.273430 -0.196674 0.288489 0.430582 -0.291448 -0.269021 0.111935 -0.325470 0.553191 0.386559 -0.053900 -0.334594 0.116421 -0.046825 -0.018140 -0.279800 0.009050 -0.053928 0.700984 0.454172 0.538135 0.086283 0.443224 -0.004236 0.305772 0.286585 0.503348 0.650876 0.293312 0.371511 0.283809 0.289857 0.157842 0.112798 -0.323982 -0.320629 -0.621067 -0.501423 -0.495739 -0.407570 0.320295 -0.094423 0.142477 0.097724 -0.125565 -0.028083 -0.417737 0.210054 -0.039640 -0.014262 -0.180366 -0.256261 -0.167934 -0.074389 -0.068811 -0.117462 0.336980 0.140458 -0.187881 0.052685 -0.237504 -0.053360
0.143272 0.052569 0.267348 0.023743 -0.247397 -0.220530 0.423731 0.039926 -0.062898 -0.323247 -0.111993 0.038720 0.023146 -0.077167 0.025780 -0.032449 0.294316 0.267725 0.308243 0.358220 0.104505 0.233920 0.157568 0.069996 -0.057806 0.074694 0.000641 -0.009220 0.624286 0.526631 0.548875 0.529366 0.684223 1.000000 0.232119 0.119714 0.389374 0.253004 0.058747 0.157692 0.265532 0.211222 -0.354401 -0.262716 -0.440574 -0.139288 -0.375254 -0.434615 -0.623000 -0.594979 -0.480839 -0.671994 -0.544216 -0.496507 -0.026151 -0.573882 0.219885 0.358950 -0.264098 -0.474924 0.259088 -0.111948 0.375892 0.344742 0.301106 0.003439 -0.188800 -0.043990 -0.094515 -0.403682 0.115106 0.265468 0.545123 0.291281 0.281500 0.207753 0.230035 0.197708 0.371235 0.317012 0.492275 0.554590 0.256962 0.463198 0.284033 0.290689 0.048772 0.067232 -0.117658 -0.315011 -0.393701 -0.392048 -0.253668 -0.272523 0.249152 -0.130240 -0.193511 -0.128113 -0.451486 -0.327601 -0.158223 -0.069229 0.093348 -0.196618 -0.190692 -0.204292 -0.093069 -0.019095 -0.124336 -0.238545 0.149834 -0.190032 -0.388319 -0.037445 -0.241085 -0.243770
-0.179443 -0.368174 0.218075 0.147570 0.008418 -0.020155 0.064355 -0.135865 -0.160254 -0.246729 -0.297208 -0.142363 -0.175294 -0.419907 0.013244 -0.296531 0.017197 -0.110518 0.018748 -0.036329 0.183600 0.358421 0.452208 0.327193 0.219210 0.286645 0.056562 0.157351 0.024757 -0.094655 0.303228 0.475112 0.080144 0.232119 1.000000 0.478701 0.179094 0.212693 0.300260 0.218700 0.191921 0.133496 -0.027794 0.008575 -0.144070 0.154755 -0.166250 -0.184232 -0.230036 -0.227452 0.072700 -0.298437 -0.344806 -0.215074 0.085697 -0.143979 -0.071221 -0.059771 -0.289935 -0.460996 -0.047077 -0.501782 0.016383 -0.203714 0.377479 -0.226506 -0.041296 0.279325 -0.028840 0.107356 0.054938 0.355445 0.098398 -0.126162 -0.085204 -0.082003 -0.014494 -0.144816 0.124073 0.147657 0.189341 0.111665 0.351587 0.152675 0.248390 0.284377 0.100603 0.318170 0.117197 -0.355092 -0.098890 0.060167 -0.093826 -0.010524 0.275589 -0.031646 0.009166 -0.043314 -0.288282 -0.216040 -0.336089 -0.125542 -0.013842 0.350333 -0.029156 0.363962 -0.191820 -0.098761 0.145815 0.101299 0.318861 -0.165048 -0.470746 -0.089051 0.202684 0.263745
-0.001408 -0.376808 0.391736 0.093513 0.070198 0.030902 0.106015 0.075397 0.092847 -0.031542 -0.130380 -0.142305 0.086011 0.029714 0.069811 -0.022261 -0.385205 -0.301374 0.100618 -0.329273 0.186732 0.217755 0.458870 0.287450 0.086435 0.355457 0.188387 0.142779 -0.354349 -0.323291 0.106125 0.233079 -0.227689 0.119714 0.478701 1.000000 -0.091131 0.135228 0.168694 0.164369 0.039186 -0.196016 -0.110055 -0.077202 -0.174851 0.269150 -0.269551 -0.150462 -0.198767 -0.179775 -0.245566 -0.200369 -0.129430 -0.236706 -0.174577 -0.176261 -0.288397 -0.281858 0.182494 -0.142274 -0.008146 -0.017449 -0.377759 -0.408634 0.352589 0.292818 0.037406 0.479684 0.099490 0.100059 0.078882 0.232557 -0.306183 -0.288673 -0.257359 -0.126097 -0.179224 -0.146250 -0.203001 -0.074622 -0.212616 -0.220760 -0.019732 -0.210043 -0.137492 -0.101829 -0.063385 -0.002215 0.287057 -0.084463 0.126523 0.270148 0.106675 0.254430 0.188430 -0.111264 -0.011247 -0.049400 -0.325126 -0.302891 0.014262 -0.132847 -0.148962 0.004584 -0.082899 0.235776 0.101147 0.151933 0.186976 -0.077728 0.223941 -0.232138 -0.289755 -0.134157 -0.027634 0.104256
