1.000000 0.351753 0.222671 -0.518336 0.091388 0.300903 0.398301 -0.022785 -0.373924 -0.526151 0.623624 0.193456 0.593786 0.472479 0.032592 0.022000 0.591044 0.294453 0.296927 0.122882 0.045470 -0.039348 -0.334624 -0.387767 -0.240219 -0.259460 0.543760 0.323637 0.370500 0.066785 0.243284 0.091616 -0.153497 0.098162 -0.269105 -0.093437 -0.077874 -0.219790 -0.189650 -0.107663 -0.163259 -0.144918 -0.206308 -0.149712 -0.163428 -0.164012 -0.183156 -0.075097 -0.466628 -0.417883 -0.461198 -0.390194 -0.296789 -0.089433 -0.271651 -0.124105 0.283676 0.148663 -0.158005 -0.362179 0.516390 0.203744 0.281528 0.264694 0.073769 -0.167437 -0.371887 -0.303010 0.022458 -0.168033 -0.065253 -0.055360 0.221715 -0.046461 -0.007348 0.028205 0.104527 -0.006872 0.174569 0.095110 0.373531 0.365192 0.279574 0.157826 0.152726 -0.141983 0.153454 0.031679 -0.085140 -0.089118 0.027725 0.077069 -0.449712 -0.380501 -0.126057 -0.061855 -0.051077 -0.073514 0.041835 0.107891 -0.300800 -0.152471 -0.000469 -0.306526 -0.060079 -0.082452 0.050343 -0.004193 0.143215 0.074220 -0.190308 -0.062389 -0.177526 -0.074012 -0.181021 -0.013449
0.351753 1.000000 -0.135306 -0.085334 -0.157576 0.159573 -0.154016 -0.028519 -0.311942 -0.393840 0.399991 0.461570 0.456744 0.434501 0.328287 0.479196 0.191156 0.137936 -0.114136 0.040067 0.308978 0.176284 -0.108876 -0.188993 -0.208034 0.010250 0.272689 0.356629 0.144078 0.193448 0.195370 0.052720 -0.026416 -0.287141 -0.384390 -0.299197 0.132188 -0.010510 0.145952 0.100436 0.163215 -0.043223 -0.365297 -0.340656 -0.392996 -0.267939 -0.279987 -0.276872 -0.313162 -0.199810 -0.351227 -0.248262 -0.284657 0.001453 0.210712 -0.142536 -0.021244 0.338422 -0.083127 0.054326 0.077371 0.141192 -0.135957 0.079347 -0.147624 -0.087241 -0.253307 -0.255829 -0.071883 -0.052902 0.000086 0.167950 0.166949 0.105141 0.033925 0.201922 0.076400 0.103816 0.068211 0.197254 0.198208 0.277583 0.203094 0.329050 0.232893 0.097835 0.283530 0.196047 0.223003 0.165664 -0.229256 -0.257740 -0.318040 -0.437658 0.168243 0.120064 -0.064369 0.010796 -0.016545 -0.171574 0.151897 -0.211452 0.251836 -0.129985 0.233309 0.034317 0.261017 0.208487 0.194588 0.087488 -0.259401 -0.227585 0.002852 0.035956 -0.054454 0.168221
0.222671 -0.135306 1.000000 0.076800 0.332999 0.313533 0.409898 0.276848 -0.172750 -0.018334 0.198614 -0.175366 0.270428 0.240835 -0.066745 -0.024185 0.105535 -0.003742 0.128382 0.020698 -0.048945 0.136457 -0.026461 -0.282602 0.079694 0.293141 0.328435 0.170459 0.036164 -0.279048 0.155740 0.121435 -0.065891 0.363917 -0.013404 0.210657 -0.377550 -0.364724 -0.180244 -0.021905 -0.202927 -0.303678 -0.278460 -0.202318 0.097457 0.033384 -0.317332 -0.312783 -0.178405 -0.214936 -0.069681 -0.067479 -0.285766 -0.312836 -0.449574 -0.315300 -0.157595 -0.055207 0.036824 -0.119448 0.456630 0.241558 -0.172341 -0.156412 0.502652 0.225674 -0.055093 0.134591 -0.093850 0.210466 -0.248896 -0.125226 -0.123739 -0.308050 -0.270441 -0.288976 -0.358997 -0.452328 -0.089371 -0.324738 -0.170777 -0.123316 -0.032013 -0.130066 -0.333902 -0.317299 -0.187564 -0.049639 -0.219278 -0.279756 0.092182 -0.112804 -0.074164 -0.192045 -0.224259 -0.115694 -0.299030 -0.294872 -0.352062 -0.282908 -0.396305 -0.309128 -0.279184 -0.316914 -0.265889 -0.207490 0.032349 -0.079402 0.047687 -0.105537 -0.118034 -0.280047 -0.257920 -0.153679 -0.233644 -0.269940
-0.518336 -0.085334 0.076800 1.000000 0.012663 -0.415402 -0.601965 0.260645 0.485608 0.501126 -0.202566 -0.041902 -0.285922 -0.019061 0.046426 0.038283 -0.453710 -0.201532 -0.412144 -0.284541 -0.071778 0.206926 0.433181 0.421063 0.318659 0.490903 -0.576691 -0.413947 -0.441123 -0.193792 -0.319613 -0.168049 0.240828 -0.118495 0.440692 0.215409 0.120228 0.351480 0.325547 0.413716 0.210644 0.243170 -0.199858 -0.198733 -0.094161 -0.065992 -0.197374 -0.166576 0.213051 0.135593 0.400067 0.353911 -0.085586 -0.285422 0.264221 0.111705 0.028500 -0.074868 0.174479 0.169966 -0.274225 -0.034377 -0.445880 -0.181001 0.071477 0.592844 0.206323 0.154531 0.053386 0.095521 -0.195573 0.020870 -0.330966 -0.024831 -0.022797 0.030994 -0.005844 0.166937 -0.118715 0.003958 -0.418462 -0.311168 -0.418409 -0.302918 -0.313855 -0.087350 -0.380500 -0.209074 0.016395 0.120897 -0.073157 -0.072060 0.465820 0.320103 0.328588 0.269771 0.043882 0.193046 -0.307930 -0.103988 0.243827 -0.036917 -0.168801 0.072076 -0.114314 0.123977 -0.009103 -0.092344 0.164571 0.039945 0.303320 -0.108646 0.036579 0.011333 0.232630 0.076764
0.091388 -0.157576 0.332999 0.012663 1.000000 0.255362 0.195051 0.148637 0.414536 0.447999 0.047305 -0.024357 0.025414 0.107686 -0.206590 -0.112590 0.115762 0.070924 0.177477 -0.128564 -0.237748 -0.109846 -0.289778 -0.341592 0.193340 0.020453 0.228994 -0.143338 -0.066204 -0.094680 -0.037207 -0.159405 0.173962 0.235755 0.041301 0.092128 -0.156032 -0.263011 -0.211746 -0.178619 -0.236480 -0.097583 0.065028 0.097939 0.288572 0.275600 0.040357 -0.088883 0.055045 0.105055 0.068314 0.014477 -0.037413 -0.275772 -0.318604 -0.181520 0.117797 0.133037 0.168962 0.086256 0.303222 0.319141 0.140214 0.051647 0.201195 0.138087 -0.012132 -0.035703 0.046928 -0.007650 -0.076021 -0.238648 -0.053179 -0.134160 0.007293 -0.118804 -0.085872 -0.196010 0.009049 -0.161447 -0.060649 -0.077176 -0.342982 -0.188451 -0.390181 -0.409929 -0.404331 -0.143174 -0.498485 -0.380344 0.027629 -0.066513 0.012693 -0.042518 -0.231786 -0.123730 -0.219783 -0.232200 -0.268465 -0.195311 -0.295646 -0.311870 -0.316863 -0.450139 -0.437428 -0.284082 -0.249495 -0.185204 -0.017342 -0.288254 -0.299170 -0.100814 -0.247264 -0.115333 -0.128296 -0.152313
0.300903 0.159573 0.313533 -0.415402 0.255362 1.000000 0.413610 0.214892 -0.407467 -0.246050 0.331051 0.242191 0.396561 0.298393 0.227561 0.416621 0.148441 -0.107633 0.125666 0.013324 0.401767 0.248823 -0.242673 -0.304263 0.224635 0.249890 0.798633 0.652452 0.310981 0.045940 0.419898 0.250271 -0.195875 0.019036 -0.309412 0.105997 -0.226132 -0.491010 -0.149239 -0.151091 -0.169386 -0.319922 -0.249226 -0.211802 -0.002068 0.006932 -0.201603 -0.334341 -0.307987 -0.242881 -0.311040 -0.318386 -0.145826 -0.146343 -0.243978 -0.461792 -0.186320 -0.009603 -0.150399 -0.076361 0.222927 0.079755 -0.005386 -0.332446 0.150664 -0.156027 -0.157580 -0.007954 -0.009110 0.132156 0.184261 0.089908 0.088543 -0.070385 -0.038337 -0.142666 -0.221591 -0.444210 -0.103906 -0.193739 0.031317 -0.113734 0.256321 0.289306 0.169397 -0.110693 0.283653 0.353614 -0.050449 -0.209339 0.020970 -0.181756 -0.196283 -0.238350 -0.170723 -0.385039 -0.189156 -0.422532 -0.301606 -0.512650 -0.281615 -0.261499 -0.134730 -0.378209 -0.049864 -0.349367 0.182301 -0.030105 0.041945 -0.180989 -0.452547 -0.425735 -0.321082 -0.188011 -0.400520 -0.321722
0.398301 -0.154016 0.409898 -0.601965 0.195051 0.413610 1.000000 0.126980 -0.510519 -0.286709 0.219173 0.019205 0.273237 0.084573 0.037834 0.034302 0.227743 -0.006614 0.611729 0.242164 0.054438 -0.030159 -0.235222 -0.411697 -0.145484 -0.222748 0.565099 0.351027 0.528067 0.171371 0.392707 0.289910 -0.071557 0.283299 -0.224939 -0.276867 -0.129171 -0.354210 -0.221995 -0.276933 -0.180403 -0.140502 0.036585 0.036658 0.094686 0.023655 -0.005506 -0.056981 -0.146944 -0.175213 -0.258853 -0.377236 -0.040622 0.002380 -0.397338 -0.148970 -0.298676 -0.281246 -0.146671 -0.254655 0.258090 0.076209 0.451009 0.029699 0.188946 -0.442535 -0.206444 -0.134324 -0.288759 -0.193746 0.044852 0.032948 0.326567 -0.003770 0.033096 -0.017782 -0.048831 -0.224402 -0.051120 -0.257171 0.231833 0.136012 0.403857 0.262354 0.226275 -0.073562 0.286961 0.015780 -0.304882 -0.258370 -0.087135 -0.116348 -0.464329 -0.334016 -0.316070 -0.178897 -0.168380 -0.265141 -0.028399 -0.121559 -0.577157 -0.222320 -0.191364 -0.368787 -0.221616 -0.300779 -0.171840 -0.134013 -0.060887 -0.039925 -0.352644 -0.041141 -0.156236 -0.068292 -0.230516 -0.127764
-0.022785 -0.028519 0.276848 0.260645 0.148637 0.214892 0.126980 1.000000 -0.124807 0.005395 0.243206 0.499097 0.131747 0.394799 0.140664 0.275872 -0.224635 -0.332091 -0.169648 0.135462 -0.053043 0.050029 -0.006831 0.267819 0.036331 0.188807 0.193205 0.109403 -0.117634 -0.250486 0.008371 0.086437 -0.209551 0.230696 0.083049 0.172885 -0.402004 -0.421814 -0.308374 -0.147749 -0.308123 -0.328456 -0.214500 -0.271173 -0.045645 -0.050738 -0.245960 -0.268886 -0.061941 -0.207584 0.018223 -0.022558 -0.179044 -0.393042 -0.377247 -0.398952 -0.241661 -0.393244 -0.191703 -0.074384 -0.036627 0.188984 -0.248081 -0.322789 0.330925 0.421376 0.046608 0.218913 -0.058120 0.145838 -0.106866 -0.114734 -0.373881 -0.332246 -0.291661 -0.137982 -0.358494 -0.244223 -0.203888 -0.341385 -0.332407 -0.372803 0.076221 0.273991 -0.140547 -0.258586 -0.187322 -0.149029 -0.300450 -0.423766 0.237898 0.083083 0.312779 0.149342 -0.178016 -0.246292 -0.206965 -0.340546 -0.377981 -0.327076 -0.109202 -0.185218 -0.204155 -0.247531 -0.118362 -0.301449 0.117588 -0.106127 -0.146966 -0.328694 -0.057824 -0.319227 -0.187910 -0.226906 -0.155588 -0.389961
-0.373924 -0.311942 -0.172750 0.485608 0.414536 -0.407467 -0.510519 -0.124807 1.000000 0.679689 -0.224860 -0.197496 -0.301706 -0.143674 -0.198422 -0.318465 -0.105261 0.120725 -0.296855 -0.413791 -0.280318 -0.095604 0.198177 0.115870 0.364295 0.078941 -0.575267 -0.632022 -0.363917 -0.124075 -0.378447 -0.337093 0.290827 -0.119922 0.371327 0.236511 0.146909 0.225971 0.153637 0.171909 -0.027502 0.149547 0.170382 0.216855 0.245849 0.225319 0.127683 0.114547 0.371875 0.372952 0.396398 0.341797 0.084457 -0.102917 0.236090 0.306056 0.279432 0.120548 0.330581 0.176283 -0.013436 0.048794 -0.058458 0.085833 0.008445 0.317227 0.173137 -0.047541 0.075594 -0.057241 -0.105295 -0.163555 -0.195035 -0.046453 0.040225 -0.055822 0.091637 0.127701 0.050901 0.093382 -0.240465 -0.149358 -0.569568 -0.469844 -0.410157 -0.216703 -0.524442 -0.204187 -0.005160 0.122187 0.040536 0.133467 0.345469 0.307989 0.158016 0.181813 0.108364 0.284786 -0.011607 0.216500 0.179550 0.085662 -0.080729 0.045800 -0.165283 0.212908 -0.142840 -0.156857 0.110741 0.039395 0.185847 0.195109 0.131648 0.013599 0.260066 0.219453
-0.526151 -0.393840 -0.018334 0.501126 0.447999 -0.246050 -0.286709 0.005395 0.679689 1.000000 -0.327006 -0.301225 -0.381379 -0.285068 -0.276137 -0.340716 -0.321819 -0.108398 -0.227624 -0.219306 -0.318785 -0.140619 -0.015405 0.002218 0.212697 0.042713 -0.550656 -0.675752 -0.359636 -0.107214 -0.487866 -0.419690 0.317904 0.030725 0.308640 0.097097 0.143408 0.165555 0.177196 0.139531 0.018095 0.236147 0.185569 0.096434 0.374343 0.341878 0.108480 0.005563 0.490125 0.468683 0.484159 0.403968 0.333440 -0.027990 0.191382 0.144376 -0.021200 -0.018850 0.449663 0.411418 -0.050045 0.103003 0.071042 -0.002240 -0.073382 0.187900 0.397508 0.200304 0.096574 0.201072 -0.085199 -0.232645 -0.175045 -0.066164 -0.019392 -0.137699 -0.004061 -0.039195 0.028969 -0.041254 -0.179420 -0.130181 -0.471162 -0.328638 -0.396482 -0.313600 -0.494833 -0.388048 -0.320746 -0.067695 0.175320 0.013849 0.473037 0.355974 0.049250 -0.036538 -0.166108 0.002750 -0.129393 -0.015881 0.118299 0.100559 -0.111837 0.122141 -0.167958 -0.073372 -0.148679 -0.023242 -0.063577 -0.205529 0.002457 0.093826 0.013900 0.004079 0.089855 -0.106284
0.623624 0.399991 0.198614 -0.202566 0.047305 0.331051 0.219173 0.243206 -0.224860 -0.327006 1.000000 0.520395 0.755523 0.619753 0.367182 0.375787 0.268896 0.064280 -0.069675 -0.020860 0.218717 0.232106 -0.152868 -0.200920 -0.028309 -0.019936 0.444063 0.304053 0.376386 0.148404 0.218129 0.085147 -0.197388 -0.076551 -0.146369 -0.050528 0.096220 -0.122129 0.148003 0.140477 -0.098716 -0.043421 -0.326122 -0.303845 -0.314808 -0.322388 -0.259248 -0.219501 -0.477381 -0.450025 -0.304008 -0.378934 -0.436755 -0.300720 -0.000163 -0.050785 0.070189 -0.115440 -0.161579 -0.298088 0.204410 0.051665 -0.000507 -0.123939 0.125481 -0.015133 -0.412845 -0.331094 0.002189 -0.173505 0.012816 0.108829 0.190338 -0.006057 0.000966 0.205504 0.084514 0.082380 0.096160 0.101963 0.124662 0.158412 0.268849 0.198157 0.138588 -0.165292 0.203385 0.023686 -0.143805 0.023789 -0.120548 -0.116210 -0.271320 -0.344907 0.202498 0.095040 0.072385 0.156495 -0.156687 0.004346 -0.271245 -0.270506 -0.083386 -0.272372 0.012711 0.018518 0.262849 0.032926 0.366766 0.215564 0.020640 -0.020263 -0.013909 0.029995 0.031959 0.085351
0.193456 0.461570 -0.175366 -0.041902 -0.024357 0.242191 0.019205 0.499097 -0.197496 -0.301225 0.520395 1.000000 0.360924 0.570487 0.454023 0.633820 0.048385 -0.052238 -0.137252 -0.065030 0.335555 0.178975 -0.034354 0.084950 0.047924 0.066925 0.368074 0.325754 0.277280 0.215459 0.347880 0.246415 -0.224739 -0.189140 -0.109767 -0.137654 0.035273 -0.116277 -0.026167 -0.082573 0.029179 -0.074914 -0.189912 -0.195189 -0.385970 -0.281298 -0.101629 -0.163509 -0.354584 -0.353591 -0.350728 -0.355517 -0.418632 -0.224032 -0.057518 -0.168522 0.014407 -0.143403 -0.428322 -0.298786 -0.192156 -0.019860 -0.210113 -0.240179 0.184224 0.124539 -0.359064 -0.260540 -0.108075 -0.232789 0.278709 0.300385 0.119715 0.153006 0.165110 0.342586 0.173833 0.249836 0.041905 0.122202 0.025911 0.006225 0.200865 0.434273 0.265251 0.066657 0.190874 0.156561 -0.068174 -0.096045 -0.316647 -0.120019 -0.241775 -0.159610 0.214727 0.065148 0.068680 0.019711 -0.207790 -0.168149 0.044949 -0.264147 0.036191 -0.341253 0.040598 -0.126354 0.221161 -0.048322 0.132169 0.012167 -0.126137 -0.172306 -0.013613 -0.116305 -0.093781 0.029002
0.593786 0.456744 0.270428 -0.285922 0.025414 0.396561 0.273237 0.131747 -0.301706 -0.381379 0.755523 0.360924 1.000000 0.778374 0.276249 0.352600 0.482825 0.335169 0.062299 -0.080692 0.296578 0.202231 -0.244157 -0.358066 -0.061510 -0.110417 0.521453 0.396225 0.440828 0.163148 0.258356 0.040461 -0.234556 -0.018708 -0.433535 -0.038495 0.053570 -0.128510 0.122282 0.106991 0.037851 -0.068713 -0.289178 -0.309297 -0.279656 -0.299543 -0.235412 -0.203428 -0.509252 -0.456983 -0.400247 -0.409081 -0.320944 -0.116930 -0.063235 -0.150551 -0.035040 -0.036777 -0.127249 -0.292405 0.451362 0.173140 0.094578 0.044009 0.058864 -0.082254 -0.477718 -0.341771 -0.015570 -0.141030 -0.106670 0.130964 0.281405 -0.069865 -0.078938 0.063540 -0.025182 -0.116594 0.134544 0.107902 0.211618 0.243005 0.229475 0.188925 0.030665 -0.179453 0.232230 0.109244 0.043767 0.113929 -0.112385 -0.156744 -0.377166 -0.471406 0.122346 0.005235 -0.010432 0.071915 -0.092326 -0.077366 -0.187644 -0.273201 -0.002880 -0.353358 -0.069784 -0.040861 0.279100 0.034562 0.298603 0.212459 -0.174176 -0.057699 -0.148623 -0.072538 -0.067111 0.043831
0.472479 0.434501 0.240835 -0.019061 0.107686 0.298393 0.084573 0.394799 -0.143674 -0.285068 0.619753 0.570487 0.778374 1.000000 0.154075 0.330066 0.380695 0.341873 -0.128493 -0.220786 0.248631 0.182102 -0.323347 -0.309258 -0.002459 0.041625 0.414943 0.217405 0.220270 0.024365 0.222140 0.040781 -0.249549 0.074686 -0.242977 0.132421 -0.039240 -0.139412 0.007516 0.105097 0.004941 -0.115165 -0.258488 -0.223628 -0.216251 -0.131676 -0.145289 -0.135573 -0.474975 -0.460589 -0.397856 -0.375233 -0.440852 -0.293626 -0.193248 -0.180956 0.117251 0.001144 -0.195776 -0.328528 0.391398 0.357832 -0.075049 0.043159 0.241383 0.216825 -0.415961 -0.274440 -0.041034 -0.097900 -0.035715 0.114675 0.075364 -0.137396 -0.107911 0.025027 0.001335 -0.052031 0.144334 0.039865 0.108031 0.087177 0.008678 0.242519 -0.189088 -0.255331 -0.090174 0.068010 -0.109864 -0.055125 -0.040181 0.025166 -0.248877 -0.282055 0.153945 -0.027806 0.041364 0.034979 -0.115542 -0.074115 -0.081252 -0.368696 -0.062504 -0.506693 -0.183186 -0.172754 0.320501 0.032662 0.177327 0.061690 -0.023966 -0.120181 -0.120912 -0.113694 -0.159114 -0.051869
0.032592 0.328287 -0.066745 0.046426 -0.206590 0.227561 0.037834 0.140664 -0.198422 -0.276137 0.367182 0.454023 0.276249 0.154075 1.000000 0.832970 -0.114168 -0.237046 0.149072 0.147582 0.658247 0.578589 0.439641 0.118454 0.305507 0.300460 0.303514 0.520448 0.555922 0.364262 0.566570 0.531919 -0.144515 -0.247485 -0.259517 -0.397018 0.289978 0.051068 0.356413 0.183693 0.259793 0.160584 -0.556561 -0.530911 -0.623110 -0.661068 -0.424302 -0.497105 -0.365704 -0.363966 -0.357860 -0.400810 -0.427036 -0.101522 0.330587 -0.140346 -0.077767 -0.267455 -0.398312 -0.248294 -0.413434 -0.237889 -0.296094 -0.464732 0.105106 -0.171354 -0.344745 -0.420093 -0.019101 -0.196917 0.378086 0.670200 0.294277 0.408423 0.345121 0.585571 0.186270 0.236881 -0.113876 0.057267 -0.026106 -0.054724 0.464565 0.367375 0.482213 0.292477 0.506401 0.399935 0.375461 0.226219 -0.466543 -0.387671 -0.272780 -0.256092 0.438373 0.232078 -0.003517 0.222485 -0.293812 -0.227405 0.095507 -0.223439 0.117352 -0.093484 0.116369 0.151889 0.287189 -0.102218 0.514254 0.327844 -0.241640 -0.311238 -0.131135 -0.040951 0.053908 0.249650
0.022000 0.479196 -0.024185 0.038283 -0.112590 0.416621 0.034302 0.275872 -0.318465 -0.340716 0.375787 0.633820 0.352600 0.330066 0.832970 1.000000 -0.108681 -0.150455 0.099444 0.045005 0.710850 0.579776 0.259223 0.098586 0.259661 0.389336 0.472765 0.678843 0.506700 0.421173 0.629643 0.544176 -0.129467 -0.278708 -0.317913 -0.283661 0.174014 -0.001934 0.282453 0.125731 0.247406 0.105569 -0.466898 -0.463216 -0.599358 -0.579767 -0.316467 -0.438850 -0.453127 -0.395665 -0.385553 -0.415312 -0.489267 -0.096595 0.221451 -0.199066 -0.123532 -0.210944 -0.475482 -0.283139 -0.400800 -0.219455 -0.379421 -0.465483 0.064254 -0.101114 -0.453533 -0.417635 -0.021910 -0.233965 0.402042 0.659026 0.329062 0.395657 0.325352 0.514216 0.110438 0.136175 -0.048788 0.088275 -0.058804 -0.054802 0.330081 0.414590 0.393260 0.271465 0.488151 0.493301 0.225697 0.178248 -0.520205 -0.416501 -0.321419 -0.290716 0.336150 0.130464 -0.025349 0.047014 -0.351224 -0.407620 0.078747 -0.379033 0.070999 -0.321058 0.025846 -0.011925 0.219758 -0.151194 0.385751 0.167730 -0.334304 -0.413111 -0.208276 -0.162596 -0.070146 0.140231
0.591044 0.191156 0.105535 -0.453710 0.115762 0.148441 0.227743 -0.224635 -0.105261 -0.321819 0.268896 0.048385 0.482825 0.380695 -0.114168 -0.108681 1.000000 0.731943 0.155396 -0.082487 -0.108711 -0.191563 -0.228148 -0.430259 -0.129652 -0.380433 0.259599 0.108240 0.395850 0.168816 0.049717 -0.099978 0.039298 -0.012941 -0.228866 -0.015161 0.097917 -0.026021 -0.212002 -0.096702 0.012860 -0.097189 0.019821 0.090407 0.031097 0.028838 0.065768 0.074137 -0.296562 -0.189444 -0.257586 -0.267278 -0.169383 -0.031560 -0.241768 0.068555 0.296922 0.466258 -0.149965 -0.323716 0.476305 0.062191 0.346730 0.458612 -0.101514 -0.221115 -0.354531 -0.340008 -0.090743 -0.231094 -0.055105 -0.173796 0.392319 0.054424 0.173555 -0.061058 0.251313 -0.077299 0.519672 0.408658 0.484508 0.496560 -0.066850 -0.026268 -0.137403 -0.179509 -0.142006 0.111836 0.053844 0.008185 -0.098389 -0.071605 -0.384046 -0.406009 -0.090826 0.038813 0.048483 0.105562 0.128161 0.230336 -0.256623 -0.133260 -0.087653 -0.341324 -0.066441 0.089479 -0.107179 -0.154392 0.042121 0.110511 -0.141229 0.221626 0.094696 0.133932 0.097652 0.207232
0.294453 0.137936 -0.003742 -0.201532 0.070924 -0.107633 -0.006614 -0.332091 0.120725 -0.108398 0.064280 -0.052238 0.335169 0.341873 -0.237046 -0.150455 0.731943 1.000000 0.050454 -0.325646 -0.070697 -0.154695 -0.184860 -0.422967 0.007801 -0.330704 -0.046027 -0.144740 0.248805 0.392553 -0.071710 -0.223496 0.181874 -0.136915 -0.268651 -0.026758 0.294065 0.273333 0.058247 0.147012 0.158914 0.207254 0.209867 0.201211 0.088682 0.075642 0.269461 0.269416 -0.163027 0.015482 -0.089728 -0.120273 -0.148989 0.202555 0.003899 0.373936 0.315848 0.435389 -0.046421 -0.272962 0.315162 0.195379 0.175414 0.667619 -0.186153 -0.136185 -0.461643 -0.528344 -0.127415 -0.423480 -0.018796 -0.050652 0.494648 0.262078 0.269145 0.054039 0.303530 0.060996 0.558815 0.534208 0.348215 0.509757 -0.377501 -0.270238 -0.323279 -0.224076 -0.227983 0.009298 0.064689 0.236150 -0.217384 0.012066 -0.346903 -0.230962 0.098186 0.186323 0.191709 0.317721 0.257515 0.342633 -0.050153 -0.120229 0.009899 -0.303672 -0.177310 0.295074 -0.224427 -0.198881 0.121202 0.203651 0.009708 0.424142 0.196404 0.165264 0.251495 0.405889
0.296927 -0.114136 0.128382 -0.412144 0.177477 0.125666 0.611729 -0.169648 -0.296855 -0.227624 -0.069675 -0.137252 0.062299 -0.128493 0.149072 0.099444 0.155396 0.050454 1.000000 0.419467 0.166349 0.078581 -0.110130 -0.170441 -0.095322 -0.187949 0.411893 0.309819 0.582748 0.293063 0.482259 0.415141 0.167462 0.341069 -0.262954 -0.413935 0.121388 0.024395 -0.014881 -0.114305 0.148472 0.153408 -0.011184 -0.029779 -0.186251 -0.275017 -0.009852 -0.059195 -0.289860 -0.271008 -0.427194 -0.516470 -0.202222 0.044262 -0.210967 -0.054422 -0.011422 -0.227056 -0.291661 -0.343183 0.027854 -0.055703 0.471367 0.176371 0.078317 -0.568780 -0.245458 -0.228836 0.197977 -0.201669 0.044045 0.242850 0.438082 0.217388 0.296008 0.292926 0.205811 0.060723 -0.000426 -0.052991 0.216387 0.137536 0.334338 0.140989 0.259078 0.176961 0.357374 0.270024 -0.084012 0.032080 -0.319297 -0.213185 -0.509260 -0.374212 -0.077559 -0.001615 -0.117800 -0.069438 -0.034668 -0.112051 -0.215418 -0.301283 -0.032086 -0.338790 -0.277198 -0.134059 -0.227173 -0.262988 0.074593 0.142973 -0.352198 -0.091934 -0.360585 -0.121758 -0.143480 0.042471
0.122882 0.040067 0.020698 -0.284541 -0.128564 0.013324 0.242164 0.135462 -0.413791 -0.219306 -0.020860 -0.065030 -0.080692 -0.220786 0.147582 0.045005 -0.082487 -0.325646 0.419467 1.000000 -0.082769 -0.179311 -0.159506 0.250214 -0.376809 -0.260465 0.192126 0.175775 0.085088 -0.200830 0.149956 0.289805 -0.368735 0.432342 -0.316427 -0.304502 -0.240396 -0.257318 -0.332171 -0.279410 -0.185356 -0.177179 -0.142605 -0.174108 -0.153246 -0.186373 -0.151023 -0.120068 -0.202443 -0.233726 -0.407591 -0.276584 0.021433 -0.033222 -0.337861 -0.362766 -0.182420 -0.277910 -0.311749 -0.018429 -0.107928 -0.025603 0.175962 -0.040811 0.103654 -0.320147 0.104476 0.249222 0.340888 0.363810 0.030404 -0.048712 -0.205008 -0.206429 -0.290966 0.032264 -0.317217 -0.136311 -0.159998 -0.256260 0.190520 0.104428 0.632306 0.544945 0.176166 0.232893 0.273357 0.001301 -0.103148 -0.149395 0.261307 0.147764 0.047131 -0.013654 -0.229311 -0.243140 -0.258110 -0.279536 -0.031681 -0.059688 -0.029432 0.057091 0.154752 0.159845 0.136387 -0.190906 0.180219 0.203185 -0.145973 -0.108260 -0.204189 -0.200092 -0.299535 -0.245566 -0.280977 -0.420758
0.045470 0.308978 -0.048945 -0.071778 -0.237748 0.401767 0.054438 -0.053043 -0.280318 -0.318785 0.218717 0.335555 0.296578 0.248631 0.658247 0.710850 -0.108711 -0.070697 0.166349 -0.082769 1.000000 0.773349 0.173804 -0.045879 0.408416 0.438900 0.420309 0.611719 0.582220 0.492170 0.728301 0.643920 -0.199717 -0.258940 -0.344990 -0.266543 0.293965 0.143958 0.469022 0.292110 0.471404 0.230440 -0.489077 -0.445240 -0.582008 -0.553057 -0.370305 -0.425149 -0.489497 -0.442689 -0.459088 -0.454284 -0.511479 0.040221 0.315082 -0.167973 -0.035030 -0.188678 -0.354505 -0.276510 -0.282209 -0.183027 -0.251908 -0.390468 0.022238 -0.259167 -0.389641 -0.361877 -0.018074 -0.140813 0.387973 0.795100 0.435984 0.433260 0.361663 0.529810 0.191942 0.143308 -0.032861 0.069897 0.077228 -0.008080 0.339448 0.372317 0.491760 0.440957 0.598081 0.681437 0.383511 0.357167 -0.484673 -0.347908 -0.451673 -0.331333 0.453797 0.132259 0.032013 0.152597 -0.201221 -0.347906 0.190786 -0.332250 0.252290 -0.155264 0.093602 0.039474 0.386778 -0.022261 0.493852 0.357953 -0.214514 -0.343857 -0.261448 -0.205164 -0.220175 0.201632
-0.039348 0.176284 0.136457 0.206926 -0.109846 0.248823 -0.030159 0.050029 -0.095604 -0.140619 0.232106 0.178975 0.202231 0.182102 0.578589 0.579776 -0.191563 -0.154695 0.078581 -0.179311 0.773349 1.000000 0.352056 -0.002373 0.552742 0.711250 0.237219 0.459710 0.439351 0.330482 0.530362 0.551377 -0.022502 -0.113650 -0.002823 -0.134004 0.225035 0.215095 0.522154 0.490421 0.423934 0.290715 -0.506332 -0.438468 -0.529858 -0.523920 -0.421544 -0.441865 -0.421526 -0.433974 -0.207704 -0.328259 -0.547690 -0.226767 0.243433 -0.102381 0.034843 -0.119104 -0.239441 -0.226661 -0.288941 -0.212012 -0.350303 -0.452694 0.101248 -0.071986 -0.272641 -0.226943 0.060340 -0.062321 0.201459 0.656722 0.255370 0.300878 0.278784 0.438542 0.099643 0.142274 -0.052050 -0.010667 -0.096470 -0.174202 0.147825 0.160092 0.241726 0.215974 0.318630 0.507524 0.244485 0.214061 -0.413945 -0.454032 -0.231494 -0.319418 0.486707 0.219897 0.025016 0.219743 -0.394831 -0.367606 0.074378 -0.443713 0.034729 -0.138101 -0.043406 0.153120 0.311714 -0.041475 0.533017 0.323873 0.015490 -0.405426 -0.282439 -0.111857 -0.031652 0.249955
-0.334624 -0.108876 -0.026461 0.433181 -0.289778 -0.242673 -0.235222 -0.006831 0.198177 -0.015405 -0.152868 -0.034354 -0.244157 -0.323347 0.439641 0.259223 -0.228148 -0.184860 -0.110130 -0.159506 0.173804 0.352056 1.000000 0.502056 0.474710 0.420569 -0.323350 0.105145 0.039767 0.117282 0.029522 0.171824 0.250138 -0.347491 0.269359 -0.095456 0.101802 0.170393 0.204946 0.175878 0.191299 0.109620 -0.219452 -0.179031 -0.228856 -0.329317 -0.286808 -0.229184 0.208647 0.171603 0.326222 0.231608 -0.089363 -0.032289 0.300882 0.180236 -0.071707 -0.128324 0.014700 0.012282 -0.425821 -0.430013 -0.375825 -0.259808 -0.090593 0.084053 0.035186 -0.142419 -0.153057 -0.202043 0.052461 0.214399 0.033022 0.249928 0.250892 0.236602 0.075866 0.185946 -0.150478 0.047948 -0.327495 -0.227012 -0.014686 -0.243730 0.167784 0.124144 0.118698 0.087192 0.447936 0.253352 -0.332522 -0.285255 0.083512 0.011098 0.207289 0.285152 0.043762 0.173304 -0.247663 -0.147520 0.010837 0.008298 -0.151941 0.120604 0.076010 0.354398 -0.129627 -0.319380 0.240046 0.169895 0.060970 -0.132948 0.099373 0.071280 0.364303 0.401349
-0.387767 -0.188993 -0.282602 0.421063 -0.341592 -0.304263 -0.411697 0.267819 0.115870 0.002218 -0.200920 0.084950 -0.358066 -0.309258 0.118454 0.098586 -0.430259 -0.422967 -0.170441 0.250214 -0.045879 -0.002373 0.502056 1.000000 0.069539 0.249027 -0.279853 0.015962 -0.288616 -0.189573 -0.106433 0.152031 -0.161709 -0.093104 0.282596 0.217733 -0.082525 0.129261 -0.012139 0.007278 0.008588 -0.005894 -0.110816 -0.154171 -0.270866 -0.297427 -0.152891 -0.013347 0.046618 -0.070992 0.144753 0.147421 0.076916 -0.111285 0.029828 -0.055709 -0.003285 -0.327655 -0.249140 -0.036708 -0.499761 -0.379816 -0.326373 -0.287154 -0.015633 0.258891 0.151461 0.264708 0.253014 0.086242 -0.016862 0.018742 -0.374726 -0.071145 -0.093658 0.068497 -0.147448 0.181545 -0.223372 -0.033261 -0.300226 -0.284425 0.173140 0.067976 0.162275 0.292049 0.126631 -0.007670 0.201556 0.082836 0.063648 0.152636 0.432344 0.401489 0.006058 0.002497 0.013157 0.007459 -0.225275 -0.128175 0.214569 0.207541 -0.056424 0.286474 0.126897 0.093631 -0.005252 -0.057437 -0.096161 -0.009461 0.216113 -0.126993 -0.108926 -0.258955 0.113474 -0.134419
-0.240219 -0.208034 0.079694 0.318659 0.193340 0.224635 -0.145484 0.036331 0.364295 0.212697 -0.028309 0.047924 -0.061510 -0.002459 0.305507 0.259661 -0.129652 0.007801 -0.095322 -0.376809 0.408416 0.552742 0.474710 0.069539 1.000000 0.602940 -0.026068 0.095429 0.182979 0.237160 0.164751 0.187745 0.117261 -0.349594 0.119956 0.069539 0.216931 0.127019 0.304596 0.312245 0.279546 0.202428 -0.253827 -0.181435 -0.110071 -0.158343 -0.191987 -0.294698 -0.021285 0.002056 0.128287 -0.035504 -0.261400 -0.271299 0.146669 0.040628 0.138810 -0.022897 -0.030382 -0.092407 -0.240450 -0.144866 -0.283795 -0.277371 0.101860 0.114134 -0.127090 -0.237899 0.030653 -0.128482 0.219857 0.283155 0.148227 0.251102 0.307487 0.156731 0.092160 0.041066 0.034424 0.048540 -0.132856 -0.169058 -0.174839 -0.163504 0.030739 0.028866 0.065033 0.321463 0.175896 0.123731 -0.296834 -0.224683 0.005492 0.060126 0.343949 0.192006 0.042514 0.217246 -0.362978 -0.249446 0.033018 -0.248774 -0.205263 -0.219978 -0.319798 0.159140 0.048399 -0.250146 0.365786 0.163608 -0.071078 -0.180518 -0.110398 -0.097143 0.041238 0.273451
-0.259460 0.010250 0.293141 0.490903 0.020453 0.249890 -0.222748 0.188807 0.078941 0.042713 -0.019936 0.066925 -0.110417 0.041625 0.300460 0.389336 -0.380433 -0.330704 -0.187949 -0.260465 0.438900 0.711250 0.420569 0.249027 0.602940 1.000000 0.121466 0.319825 -0.057987 -0.047732 0.313173 0.417499 0.013345 -0.072866 0.295995 0.247487 -0.053213 0.094337 0.269487 0.365897 0.208941 0.096319 -0.468160 -0.339462 -0.314841 -0.293048 -0.399333 -0.376826 -0.231831 -0.268884 0.056786 -0.053743 -0.329251 -0.362297 0.061549 -0.181832 0.070250 -0.022186 -0.155575 -0.092755 -0.243685 -0.179711 -0.538023 -0.500603 0.271702 0.313848 -0.069030 0.060326 0.052674 0.088919 0.081565 0.319806 -0.151778 0.045496 0.055778 0.068704 -0.130225 -0.005044 -0.212643 -0.164222 -0.341623 -0.355289 -0.043717 0.018755 0.040171 0.149754 0.061044 0.355741 0.158235 0.028845 -0.214656 -0.256466 0.102288 0.035475 0.221872 0.096538 -0.074358 -0.031637 -0.549611 -0.481722 -0.005550 -0.327399 -0.244099 -0.143735 -0.143117 0.008097 0.180932 -0.029536 0.243215 0.031909 0.043762 -0.561300 -0.307356 -0.168798 -0.090527 -0.029526
0.543760 0.272689 0.328435 -0.576691 0.228994 0.798633 0.565099 0.193205 -0.575267 -0.550656 0.444063 0.368074 0.521453 0.414943 0.303514 0.472765 0.259599 -0.046027 0.411893 0.192126 0.420309 0.237219 -0.323350 -0.279853 -0.026068 0.121466 1.000000 0.817039 0.487213 0.103795 0.661186 0.483600 -0.301960 0.178335 -0.395501 -0.043691 -0.222292 -0.444910 -0.180458 -0.195348 -0.125445 -0.309480 -0.317789 -0.245827 -0.244110 -0.241657 -0.207995 -0.257329 -0.580937 -0.524409 -0.598584 -0.579059 -0.321291 -0.137979 -0.389943 -0.472169 -0.014711 -0.062938 -0.413441 -0.362268 0.222583 0.102250 0.039658 -0.241104 0.271559 -0.234806 -0.417915 -0.176288 0.029784 -0.053573 0.156550 0.230958 0.190594 -0.042236 -0.004366 0.051284 -0.109105 -0.226121 -0.076122 -0.173116 0.157070 0.006905 0.470594 0.438782 0.283274 0.055018 0.441888 0.430079 -0.064636 -0.244702 -0.114711 -0.163462 -0.463627 -0.402398 -0.177034 -0.225176 -0.162092 -0.312762 -0.260985 -0.406630 -0.329025 -0.333486 -0.095015 -0.434162 -0.103999 -0.306513 0.175439 -0.038640 0.111981 -0.042720 -0.423419 -0.410949 -0.425255 -0.218805 -0.366348 -0.245046
0.323637 0.356629 0.170459 -0.413947 -0.143338 0.652452 0.351027 0.109403 -0.632022 -0.675752 0.304053 0.325754 0.396225 0.217405 0.520448 0.678843 0.108240 -0.144740 0.309819 0.175775 0.611719 0.459710 0.105145 0.015962 0.095429 0.319825 0.817039 1.000000 0.511491 0.212426 0.705552 0.614595 -0.217973 -0.070321 -0.347042 -0.097112 -0.141160 -0.296936 -0.013029 -0.082606 0.049730 -0.239750 -0.443375 -0.384096 -0.466255 -0.487923 -0.337437 -0.361597 -0.526253 -0.489930 -0.474409 -0.486302 -0.338199 -0.044177 -0.139186 -0.433263 -0.052102 -0.054497 -0.433071 -0.295152 -0.050797 -0.166843 -0.160347 -0.356604 0.043068 -0.299924 -0.377640 -0.205283 -0.003260 -0.091493 0.233141 0.407290 0.259450 0.132608 0.141576 0.184733 -0.075270 -0.130693 -0.097768 -0.077018 0.044154 -0.058821 0.542589 0.429722 0.469857 0.264715 0.649709 0.617634 0.244893 -0.043240 -0.234445 -0.314979 -0.415181 -0.422924 -0.052318 -0.113479 -0.162312 -0.222578 -0.294021 -0.492981 -0.203675 -0.303288 -0.005465 -0.252668 0.052914 -0.139223 0.241568 -0.100283 0.189795 0.043641 -0.367957 -0.498318 -0.357340 -0.182029 -0.227941 -0.072784
0.370500 0.144078 0.036164 -0.441123 -0.066204 0.310981 0.528067 -0.117634 -0.363917 -0.359636 0.376386 0.277280 0.440828 0.220270 0.555922 0.506700 0.395850 0.248805 0.582748 0.085088 0.582220 0.439351 0.039767 -0.288616 0.182979 -0.057987 0.487213 0.511491 1.000000 0.687210 0.641391 0.524770 0.035861 -0.110534 -0.396150 -0.455042 0.471258 0.157958 0.323511 0.142538 0.376533 0.298268 -0.226989 -0.217060 -0.420071 -0.491451 -0.108188 -0.205043 -0.490647 -0.433210 -0.500647 -0.673052 -0.472596 -0.036659 0.106874 0.059028 0.056613 -0.134667 -0.441797 -0.555779 -0.103077 -0.245528 0.252888 -0.039803 -0.064219 -0.615309 -0.575604 -0.617133 -0.069405 -0.461335 0.297471 0.565280 0.805160 0.483833 0.537509 0.538304 0.454638 0.181121 0.328387 0.295536 0.398369 0.348669 0.396106 0.301089 0.418062 0.222384 0.510439 0.487417 0.101103 0.199019 -0.569145 -0.455494 -0.666643 -0.555475 0.313461 0.196914 0.091383 0.280487 -0.078697 -0.073102 -0.218035 -0.399451 -0.013040 -0.378326 -0.119036 0.101111 0.041285 -0.298070 0.461593 0.446181 -0.248322 0.014401 -0.135320 0.010767 0.011058 0.353608
0.066785 0.193448 -0.279048 -0.193792 -0.094680 0.045940 0.171371 -0.250486 -0.124075 -0.107214 0.148404 0.215459 0.163148 0.024365 0.364262 0.421173 0.168816 0.392553 0.293063 -0.200830 0.492170 0.330482 0.117282 -0.189573 0.237160 -0.047732 0.103795 0.212426 0.687210 1.000000 0.315941 0.182515 0.274705 -0.486727 -0.345056 -0.427305 0.668555 0.497541 0.531400 0.324398 0.536002 0.656652 0.031262 -0.041679 -0.255821 -0.327218 0.106157 0.068039 -0.191341 -0.050126 -0.117308 -0.301671 -0.261197 0.252275 0.443083 0.428449 0.000711 -0.031207 -0.237103 -0.317456 -0.377847 -0.293446 0.088914 0.136302 -0.407765 -0.503359 -0.562909 -0.720508 -0.211292 -0.623928 0.340469 0.521008 0.885707 0.796731 0.709000 0.677258 0.543588 0.344249 0.369008 0.560293 0.330463 0.461383 0.018171 0.054534 0.374273 0.181404 0.391768 0.306856 0.116217 0.402601 -0.684227 -0.389955 -0.505438 -0.301308 0.377602 0.369873 0.196186 0.392698 0.018610 0.007795 -0.014054 -0.194946 0.015890 -0.176648 -0.076903 0.370557 -0.268613 -0.315885 0.394468 0.392833 -0.153210 0.219023 0.084984 0.162186 0.344718 0.614866
0.243284 0.195370 0.155740 -0.319613 -0.037207 0.419898 0.392707 0.008371 -0.378447 -0.487866 0.218129 0.347880 0.258356 0.222140 0.566570 0.629643 0.049717 -0.071710 0.482259 0.149956 0.728301 0.530362 0.029522 -0.106433 0.164751 0.313173 0.661186 0.705552 0.641391 0.315941 1.000000 0.887313 -0.211760 0.077614 -0.313929 -0.353807 0.092416 -0.069881 0.126530 -0.009060 0.179807 -0.002669 -0.399997 -0.254032 -0.570682 -0.528043 -0.244374 -0.326012 -0.623272 -0.572611 -0.684337 -0.662740 -0.591678 -0.100789 -0.069112 -0.263263 0.044148 -0.216128 -0.554822 -0.474149 -0.114144 -0.108204 -0.053222 -0.295203 0.324938 -0.326848 -0.462049 -0.366616 -0.021875 -0.230355 0.431214 0.697436 0.404025 0.288720 0.325125 0.464998 0.205518 0.165265 -0.090505 -0.085218 0.127798 0.030564 0.476562 0.439581 0.434322 0.439930 0.570349 0.609887 0.170848 0.070935 -0.506334 -0.306142 -0.667241 -0.438231 0.204597 0.078181 0.060789 -0.015738 -0.195606 -0.319608 -0.106627 -0.476842 0.147122 -0.385608 -0.035708 -0.142690 0.251713 -0.055039 0.378812 0.278614 -0.324712 -0.437403 -0.440307 -0.317285 -0.355234 0.038899
0.091616 0.052720 0.121435 -0.168049 -0.159405 0.250271 0.289910 0.086437 -0.337093 -0.419690 0.085147 0.246415 0.040461 0.040781 0.531919 0.544176 -0.099978 -0.223496 0.415141 0.289805 0.643920 0.551377 0.171824 0.152031 0.187745 0.417499 0.483600 0.614595 0.524770 0.182515 0.887313 1.000000 -0.264620 0.205554 -0.110891 -0.278038 0.045843 -0.013551 0.115545 0.022336 0.136088 0.000210 -0.440450 -0.325864 -0.600872 -0.587888 -0.326357 -0.347212 -0.610790 -0.613821 -0.602253 -0.627245 -0.509105 -0.182093 -0.098061 -0.293364 0.050064 -0.292555 -0.613574 -0.498139 -0.245004 -0.232448 -0.112554 -0.345036 0.330511 -0.244294 -0.386573 -0.208841 0.050991 -0.133814 0.353109 0.646438 0.230953 0.188140 0.200915 0.407688 0.106505 0.196247 -0.089595 -0.132034 0.078552 -0.032287 0.560450 0.512775 0.419933 0.582633 0.517629 0.565703 0.160262 0.080080 -0.413146 -0.226821 -0.433882 -0.261008 0.186425 0.027353 -0.012385 -0.022475 -0.285953 -0.283951 -0.079944 -0.406045 0.086531 -0.232373 0.031192 -0.086717 0.282937 -0.022498 0.294120 0.225346 -0.189789 -0.447995 -0.435713 -0.330278 -0.321935 -0.064342
-0.153497 -0.026416 -0.065891 0.240828 0.173962 -0.195875 -0.071557 -0.209551 0.290827 0.317904 -0.197388 -0.224739 -0.234556 -0.249549 -0.144515 -0.129467 0.039298 0.181874 0.167462 -0.368735 -0.199717 -0.022502 0.250138 -0.161709 0.117261 0.013345 -0.301960 -0.217973 0.035861 0.274705 -0.211760 -0.264620 1.000000 -0.130286 0.299599 -0.106479 0.296735 0.290481 0.192854 0.142876 0.185658 0.266463 0.194068 0.129649 0.205158 0.110259 0.114956 -0.010666 0.371357 0.410340 0.482622 0.194136 0.053375 -0.000409 0.267840 0.315061 0.120618 0.262310 0.366374 0.106625 -0.050254 -0.127112 0.165471 0.274375 -0.361994 -0.131675 0.106476 -0.179435 -0.014570 -0.230356 -0.096791 -0.171464 0.328819 0.328029 0.472352 0.120804 0.458097 0.209903 0.149543 0.247615 -0.092734 0.029613 -0.454761 -0.504019 -0.116268 -0.238203 -0.160309 -0.074341 -0.084283 0.063813 -0.329204 -0.407178 -0.034044 -0.168203 0.138402 0.185983 -0.020843 0.089751 -0.072058 -0.073718 -0.239237 -0.207743 -0.306290 -0.191489 -0.202917 0.133388 -0.465900 -0.399386 0.065872 -0.079412 -0.067012 0.077187 0.134642 0.477817 0.432400 0.472739
0.098162 -0.287141 0.363917 -0.118495 0.235755 0.019036 0.283299 0.230696 -0.119922 0.030725 -0.076551 -0.189140 -0.018708 0.074686 -0.247485 -0.278708 -0.012941 -0.136915 0.341069 0.432342 -0.258940 -0.113650 -0.347491 -0.093104 -0.349594 -0.072866 0.178335 -0.070321 -0.110534 -0.486727 0.077614 0.205554 -0.130286 1.000000 0.095175 0.100624 -0.439675 -0.328539 -0.405672 -0.275293 -0.351510 -0.278278 0.049420 0.023395 0.130531 0.107124 -0.045717 -0.019389 -0.158722 -0.237527 -0.184086 -0.140716 0.015975 -0.180986 -0.564516 -0.394961 -0.038846 -0.214093 -0.085740 -0.073467 0.320691 0.225862 0.199030 0.070001 0.400572 0.037356 0.195227 0.423648 0.325472 0.440839 -0.184447 -0.239412 -0.343775 -0.458370 -0.407001 -0.234792 -0.282977 -0.185407 -0.215994 -0.424495 -0.088893 -0.192822 0.148741 0.170296 -0.332564 -0.146256 -0.238542 -0.185905 -0.367859 -0.348821 0.359570 0.157507 0.079393 -0.061800 -0.227479 -0.445027 -0.242588 -0.382557 -0.112069 -0.107057 -0.263363 -0.217588 -0.163197 -0.151526 -0.122632 -0.426865 0.121530 0.137538 -0.274985 -0.287223 -0.000350 -0.246607 -0.381296 -0.106726 -0.346538 -0.531342
-0.269105 -0.384390 -0.013404 0.440692 0.041301 -0.309412 -0.224939 0.083049 0.371327 0.308640 -0.146369 -0.109767 -0.433535 -0.242977 -0.259517 -0.317913 -0.228866 -0.268651 -0.262954 -0.316427 -0.344990 -0.002823 0.269359 0.282596 0.119956 0.295995 -0.395501 -0.347042 -0.396150 -0.345056 -0.313929 -0.110891 0.299599 0.095175 1.000000 0.424048 -0.028513 0.181456 0.063120 0.140443 -0.094815 0.041403 0.078918 0.074975 0.092626 0.086854 -0.021897 0.008053 0.215506 0.070525 0.526747 0.302235 0.084790 -0.248602 0.067203 0.172975 0.224886 0.036782 0.146791 -0.000518 -0.043459 -0.151615 -0.070250 -0.060173 0.075864 0.384407 0.282660 0.306490 -0.028184 0.016829 -0.168071 -0.241455 -0.322729 -0.145293 0.001520 -0.172100 0.164514 0.277501 -0.115043 -0.066018 -0.347654 -0.339219 -0.331486 -0.336540 -0.143872 -0.079867 -0.383395 -0.246338 -0.133186 -0.088744 0.053516 0.077856 0.406347 0.356934 0.044568 0.158535 0.077393 0.086609 -0.150468 0.097674 -0.100870 0.027635 -0.293356 0.063339 -0.068644 0.119515 -0.182264 -0.047530 -0.164487 -0.105250 0.440325 0.052172 0.195995 0.263861 0.248342 0.047422
-0.093437 -0.299197 0.210657 0.215409 0.092128 0.105997 -0.276867 0.172885 0.236511 0.097097 -0.050528 -0.137654 -0.038495 0.132421 -0.397018 -0.283661 -0.015161 -0.026758 -0.413935 -0.304502 -0.266543 -0.134004 -0.095456 0.217733 0.069539 0.247487 -0.043691 -0.097112 -0.455042 -0.427305 -0.353807 -0.278038 -0.106479 0.100624 0.424048 1.000000 -0.303800 -0.084142 -0.123038 0.072295 -0.255134 -0.225575 0.066146 0.060604 0.271286 0.270334 -0.016998 0.115754 0.056094 -0.039914 0.311066 0.285921 0.122454 -0.193710 -0.159494 -0.076883 0.174827 0.060268 0.050664 -0.068320 0.232086 -0.047840 -0.329599 -0.175205 0.103964 0.527298 0.140231 0.391102 0.155327 0.247568 -0.254653 -0.363542 -0.463915 -0.353518 -0.315497 -0.516172 -0.284435 -0.280343 -0.071043 -0.077247 -0.326957 -0.359357 -0.347747 -0.273858 -0.343648 -0.187404 -0.361080 -0.048092 0.020990 -0.060814 0.397219 0.365667 0.453413 0.394591 -0.160445 -0.160245 -0.072111 -0.033093 -0.139032 0.014783 -0.043649 0.147237 -0.261920 0.045204 -0.077122 0.037472 0.014057 0.014457 -0.199862 -0.174340 0.364188 -0.006897 0.028549 -0.038048 0.014741 -0.242487
