1.000000 0.733711 0.117200 0.015748 -0.110910 -0.067199 0.141594 0.105916 -0.166039 -0.118397 0.035858 0.222572 -0.001612 0.018519 -0.073960 -0.035516 0.228248 0.205945 0.567883 0.400663 -0.003576 0.173089 -0.311734 -0.320098 -0.105934 -0.166715 0.074045 -0.011144 0.070575 0.217675 -0.062470 -0.205701 0.121406 0.012079 -0.310189 -0.337464 -0.061434 0.106810 0.131501 0.070587 0.055147 0.215657 -0.406613 -0.367637 -0.342826 -0.286321 -0.056913 -0.097744 -0.275949 -0.231385 -0.441932 -0.266983 -0.051835 -0.127197 0.013590 0.203236 0.508312 0.374893 -0.036351 0.039935 -0.170215 0.076015 0.080147 0.238151 -0.261998 -0.031891 -0.275592 -0.259902 0.357515 0.076472 0.061929 0.110050 0.192237 0.187002 0.144717 0.215531 0.227827 0.228857 0.132658 0.213461 0.024979 -0.042714 0.132565 0.159739 -0.245646 -0.127547 0.049103 -0.041149 0.142152 0.269389 -0.116805 -0.199472 -0.014970 -0.044376 0.039901 0.076699 -0.002341 -0.028353 0.018181 -0.025820 -0.149747 -0.003182 -0.124466 -0.079314 0.077435 0.029855 0.085991 -0.196014 -0.104142 0.107562 0.035273 -0.141104 -0.021877 -0.111888 -0.073941 -0.057018
0.733711 1.000000 0.014071 -0.154405 -0.140096 -0.124195 -0.044735 0.021886 -0.212147 -0.039713 -0.001215 0.141836 -0.106732 0.002998 -0.243506 -0.069833 0.238527 0.229839 0.361903 0.619613 -0.009128 0.055814 -0.547760 -0.267013 -0.236145 -0.265814 0.058341 0.028365 -0.104754 0.051957 -0.237093 -0.323744 0.119057 0.166982 -0.353544 -0.176977 -0.171766 0.060482 0.088913 -0.007410 -0.172657 0.045372 -0.639428 -0.487394 -0.481457 -0.323147 -0.205764 -0.009044 -0.458050 -0.387053 -0.624184 -0.428815 -0.113379 -0.331184 -0.072209 0.071095 0.540048 0.650679 0.170111 0.231093 -0.166713 0.392349 0.156528 0.431776 -0.336263 0.134199 -0.141555 -0.061537 0.566749 0.391078 -0.005687 -0.010382 -0.011616 0.103851 -0.009744 0.063259 0.138995 0.147461 0.134653 0.174926 0.066398 -0.000398 -0.030073 0.133969 -0.288622 -0.088605 0.036872 -0.124031 0.200012 0.434089 0.285159 0.068744 0.160392 -0.040313 -0.070607 -0.042192 -0.035267 -0.032185 0.131840 0.008064 0.060255 0.127568 0.000189 -0.023156 -0.017666 -0.031122 0.177883 -0.110362 -0.194529 -0.089503 0.129846 -0.187435 -0.142269 -0.163420 -0.167121 -0.057343
0.117200 0.014071 1.000000 0.232783 0.481772 0.291482 0.731588 0.591569 0.148129 0.210685 -0.047465 0.018920 0.103750 0.071697 0.202536 0.306764 -0.462728 -0.516701 0.416022 -0.003230 0.244863 0.226563 0.493863 0.334806 0.380561 0.085678 0.341282 0.373382 -0.140522 -0.101567 0.399200 0.215928 0.027176 -0.109163 -0.054330 -0.013812 -0.382843 -0.358412 -0.229517 -0.249257 -0.121042 0.153693 0.136690 -0.007014 0.062142 0.068039 0.043212 -0.107764 0.141428 -0.074783 0.101600 -0.031167 0.108615 0.133442 -0.325028 -0.394063 -0.416485 -0.259694 0.113220 0.023629 0.135429 -0.241884 -0.429075 -0.546348 0.124973 -0.320220 0.171304 0.184613 -0.152970 0.026678 0.229918 0.112337 -0.126303 -0.107502 -0.152150 -0.061416 -0.337598 -0.369777 -0.390007 -0.425948 -0.580252 -0.570719 -0.038166 -0.083077 -0.083330 -0.411861 -0.101056 -0.212606 0.010122 -0.224560 -0.035866 -0.176434 0.195277 0.137694 -0.334069 -0.222298 -0.376100 -0.448316 -0.407671 -0.364755 0.121234 -0.044607 -0.063596 -0.065178 -0.185747 -0.178649 0.015417 -0.003266 -0.219845 -0.181885 -0.183960 -0.268395 -0.056813 -0.040176 -0.226826 -0.168052
0.015748 -0.154405 0.232783 1.000000 0.114412 0.027674 0.319844 0.471518 0.064158 -0.191898 0.069455 0.420993 0.240051 0.460490 0.164070 0.468488 -0.142679 0.102414 0.246189 -0.207021 0.294821 0.454674 0.640917 0.382578 0.085874 0.173890 0.141326 0.299317 0.339060 0.440125 0.439303 0.461408 -0.205283 -0.112839 -0.264050 -0.420731 0.104227 0.065381 0.116399 0.061475 0.347260 0.455392 0.293357 0.048213 0.026875 -0.216139 0.122142 -0.252457 0.155756 -0.005335 0.154807 0.040231 0.094901 0.320682 0.103079 0.031037 -0.324032 -0.451401 -0.507354 -0.445797 -0.401966 -0.429985 -0.231506 -0.349473 0.020272 -0.212211 -0.528118 -0.531615 -0.157328 -0.465725 0.358212 0.390976 0.311210 0.294664 0.225641 0.315151 0.005643 -0.151450 -0.061529 -0.103989 0.027899 0.025319 0.206311 0.374790 0.175591 0.045307 0.099544 0.070873 -0.168120 -0.126691 -0.470385 -0.445429 -0.025963 -0.238416 0.050928 -0.178622 -0.086625 -0.063667 -0.265193 -0.130110 -0.107639 -0.443440 -0.077034 -0.230019 0.195211 0.083443 -0.417913 -0.177311 0.020929 -0.063927 -0.413785 -0.120653 0.134744 0.171224 0.235238 0.042113
-0.110910 -0.140096 0.481772 0.114412 1.000000 0.561660 0.242268 0.577843 0.417197 0.664407 -0.062504 -0.190003 -0.010601 0.153322 0.455050 0.534215 -0.320512 -0.339780 0.178274 0.049985 -0.001442 0.030290 0.224401 0.207583 0.589255 0.141503 0.389277 0.250843 -0.268237 -0.291178 0.018977 -0.152454 -0.332233 -0.360690 -0.192920 -0.165766 -0.504136 -0.511729 -0.280745 -0.181766 -0.276919 0.071255 0.003638 -0.233656 0.104341 0.032045 -0.375810 -0.089327 0.352203 0.154543 0.105536 0.116265 0.195852 0.206919 -0.538860 -0.553231 -0.364720 -0.159917 0.377044 0.290789 0.219036 0.005915 -0.073415 -0.336693 0.045056 -0.142537 0.264093 0.159457 -0.153889 0.187805 -0.119830 -0.038491 -0.312388 -0.265328 -0.371569 -0.282506 -0.558734 -0.445761 -0.283276 -0.424365 -0.405443 -0.331354 0.316012 0.205091 -0.186810 -0.292641 -0.244644 0.119782 0.008511 0.019700 0.260625 0.147308 0.566349 0.404960 -0.319838 -0.301930 -0.555443 -0.437021 -0.391304 -0.325525 0.501559 0.234717 0.273926 0.139097 -0.069396 0.036392 0.134462 0.132697 -0.297278 -0.330893 -0.366123 -0.363948 0.095435 0.007783 -0.306641 -0.122847
-0.067199 -0.124195 0.291482 0.027674 0.561660 1.000000 0.150518 0.499430 0.425873 0.586025 0.040893 -0.227633 0.015927 0.070515 0.310556 0.414461 -0.205222 -0.338215 -0.044827 0.124764 0.213230 0.088242 0.187283 0.070732 0.319029 0.271838 0.700593 0.551080 -0.450860 -0.333874 -0.058935 -0.319565 -0.595823 -0.535155 -0.247237 -0.089616 -0.522507 -0.412368 -0.293647 -0.205217 -0.371854 -0.067959 0.105786 -0.119728 -0.039160 0.045462 -0.314962 -0.100744 0.297924 0.197258 0.157828 0.306409 0.316718 0.232660 -0.482537 -0.543395 -0.213849 -0.049548 0.397969 0.379217 0.144789 0.182947 -0.150385 -0.327048 -0.135589 0.179420 0.172556 0.224214 -0.002456 0.316048 -0.274123 -0.092135 -0.527045 -0.382226 -0.525664 -0.371786 -0.649120 -0.530328 -0.278083 -0.462865 -0.249377 -0.321846 0.139096 0.130958 -0.350181 -0.208010 -0.221213 0.121263 0.057167 0.205833 0.334082 0.282728 0.487124 0.381102 -0.287775 -0.375297 -0.671931 -0.393235 -0.387059 -0.289012 0.407543 0.371154 0.075605 0.198556 -0.230958 -0.056393 0.359117 0.096832 -0.289182 -0.390563 -0.329662 -0.256974 0.119127 0.003624 -0.365397 -0.192648
0.141594 -0.044735 0.731588 0.319844 0.242268 0.150518 1.000000 0.509759 0.117599 0.003445 0.220695 0.313902 0.419406 0.315139 0.247075 0.255820 -0.272398 -0.269118 0.326464 -0.136465 0.243548 0.274379 0.577838 0.308681 0.366662 0.149222 0.349407 0.431341 -0.047143 -0.024283 0.523706 0.330833 0.021527 -0.197459 -0.078529 -0.166151 -0.240867 -0.269357 -0.205033 -0.235023 -0.023651 0.115827 0.244168 0.186222 -0.010238 -0.080430 0.108215 -0.174674 0.098431 -0.073598 0.210960 0.158489 -0.072446 0.318628 -0.194034 -0.203606 -0.374391 -0.359464 -0.067336 -0.103195 0.107975 -0.279747 -0.413456 -0.430301 0.136171 -0.309158 -0.087011 -0.092980 -0.353479 -0.228781 0.357274 0.208265 -0.023697 -0.002415 -0.035587 0.025857 -0.133382 -0.269666 -0.358274 -0.229805 -0.485616 -0.423518 -0.010678 -0.149204 0.190827 -0.170888 0.008413 -0.296434 0.018306 -0.293629 -0.267075 -0.276276 -0.091983 0.000199 -0.241915 -0.151469 -0.291960 -0.452088 -0.398216 -0.275874 -0.144073 -0.230244 -0.168506 -0.169789 -0.262730 -0.234392 -0.039057 -0.202410 -0.205545 -0.154352 -0.229397 -0.165772 -0.042761 0.005209 -0.075485 -0.159841
0.105916 0.021886 0.591569 0.471518 0.577843 0.499430 0.509759 1.000000 0.166579 0.350298 0.096787 0.167691 0.142915 0.421640 0.234023 0.532650 -0.235740 -0.201308 0.215241 -0.029637 0.173998 0.289910 0.418566 0.285058 0.376228 0.102652 0.343070 0.383430 -0.097402 0.005620 0.296858 0.125271 -0.401667 -0.390657 -0.366703 -0.312334 -0.320269 -0.329813 -0.044371 -0.117720 -0.091753 0.269040 -0.035792 -0.236606 -0.061121 -0.104507 -0.216122 -0.275050 0.117117 -0.033933 -0.029260 0.051215 0.094209 0.187337 -0.283134 -0.365313 -0.381528 -0.247400 0.097895 0.112354 -0.034416 -0.070264 -0.194526 -0.373992 -0.069575 -0.201510 -0.067088 -0.092234 -0.095420 -0.010210 0.116449 0.184278 -0.097545 -0.043710 -0.166182 -0.044097 -0.342633 -0.427036 -0.168651 -0.339027 -0.233671 -0.312208 0.229923 0.310076 -0.106643 -0.372805 0.015616 0.017876 -0.049096 -0.003242 0.024100 -0.150628 0.359807 0.074693 -0.189393 -0.308904 -0.410927 -0.355574 -0.433106 -0.289654 0.209150 -0.062444 0.041881 -0.029321 -0.004554 0.025523 -0.047610 -0.030243 -0.185772 -0.272698 -0.445718 -0.331463 0.098190 0.101881 -0.075792 0.029013
-0.166039 -0.212147 0.148129 0.064158 0.417197 0.425873 0.117599 0.166579 1.000000 0.700340 -0.135685 -0.185295 -0.001473 0.008940 0.279240 0.434978 -0.377780 -0.323615 -0.083135 -0.145055 0.117859 0.058352 0.251628 0.151445 0.051238 -0.026824 0.429125 0.201840 -0.388758 -0.239467 -0.190481 -0.317165 -0.540939 -0.588433 -0.209594 -0.109278 -0.356370 -0.406819 -0.281306 -0.211783 -0.211587 -0.153094 0.158429 -0.026821 0.024215 0.057429 -0.181648 -0.097043 0.215475 0.132065 0.209387 0.189448 0.354662 0.155200 -0.223536 -0.384037 -0.223014 -0.035007 0.382271 0.363263 0.130358 0.016478 -0.199006 -0.292196 0.032229 -0.097656 0.185746 0.171360 -0.202896 0.153832 -0.223526 -0.279987 -0.419978 -0.341746 -0.399601 -0.334467 -0.584674 -0.523378 -0.264829 -0.400243 -0.330427 -0.256380 0.100093 -0.061303 -0.092574 0.069856 -0.320427 0.184102 0.043377 0.113592 0.255672 0.311468 0.402676 0.346428 -0.289901 -0.364515 -0.455754 -0.352239 -0.085850 -0.220505 0.398879 0.364174 0.131623 0.260328 -0.160042 0.106516 0.218710 -0.001233 -0.306130 -0.472775 -0.256619 -0.058051 -0.010114 -0.044733 -0.384848 -0.247334
-0.118397 -0.039713 0.210685 -0.191898 0.664407 0.586025 0.003445 0.350298 0.700340 1.000000 -0.047497 -0.372190 -0.061903 -0.047378 0.391802 0.463341 -0.224136 -0.284393 0.008272 0.205602 -0.014572 -0.091220 -0.041615 0.077135 0.260479 0.060423 0.406480 0.205151 -0.458961 -0.446232 -0.318408 -0.497328 -0.496356 -0.431584 -0.217575 -0.026245 -0.508020 -0.489753 -0.270480 -0.146006 -0.429395 -0.177589 -0.099944 -0.271469 -0.059915 -0.006416 -0.344323 -0.022472 0.165493 0.068706 0.010540 0.075054 0.300565 -0.052781 -0.447424 -0.502455 -0.229881 0.115041 0.533045 0.517702 0.308920 0.271103 -0.043637 -0.183026 0.013362 0.031562 0.357637 0.350374 -0.052896 0.445857 -0.396117 -0.285078 -0.577224 -0.478934 -0.559974 -0.492261 -0.643372 -0.480624 -0.141589 -0.407610 -0.298445 -0.280440 0.248005 0.126604 -0.242133 -0.268292 -0.378447 0.116567 0.038236 0.186902 0.480116 0.417167 0.516442 0.410444 -0.234037 -0.272337 -0.466976 -0.278729 -0.124172 -0.236708 0.499322 0.463637 0.266677 0.358254 -0.034466 0.207953 0.312399 0.151090 -0.215398 -0.432480 -0.198058 -0.231060 0.006360 -0.003817 -0.287291 -0.011799
0.035858 -0.001215 -0.047465 0.069455 -0.062504 0.040893 0.220695 0.096787 -0.135685 -0.047497 1.000000 0.535702 0.878820 0.482650 0.551206 0.198271 0.618973 0.411105 -0.109373 -0.130359 0.009622 0.045919 0.042857 -0.005835 0.064121 0.162641 0.026551 0.055116 0.302753 0.068729 0.292842 0.142534 0.087276 -0.067466 0.069946 -0.066616 0.205768 0.113224 0.061178 0.073350 0.164753 0.101702 0.121710 0.088743 -0.060019 -0.165029 -0.092509 -0.248885 0.001981 -0.030081 0.203759 0.153880 -0.133321 0.017154 0.018678 -0.004687 -0.117888 -0.335768 -0.184868 -0.189635 0.065345 -0.166620 0.220984 0.003676 0.146773 0.005644 -0.099682 -0.090735 -0.163056 -0.161307 0.090962 0.047505 0.155352 0.059440 0.210412 0.143003 0.145719 0.032416 0.168078 0.103621 0.204951 0.212911 0.418696 0.089978 0.259640 0.199755 -0.184191 -0.409282 -0.226841 -0.144197 -0.316540 -0.286048 -0.222573 -0.157862 0.187548 0.153015 0.039140 -0.015095 -0.274298 -0.194426 -0.149742 -0.290905 0.015269 -0.105616 -0.003227 -0.027227 -0.093100 -0.140346 0.243575 0.185001 -0.122124 -0.116554 -0.145465 0.233754 0.286230 0.356247
0.222572 0.141836 0.018920 0.420993 -0.190003 -0.227633 0.313902 0.167691 -0.185295 -0.372190 0.535702 1.000000 0.636912 0.730060 0.211260 0.239801 0.331249 0.562415 0.177793 -0.088080 0.166246 0.397842 0.214125 0.182657 0.004997 0.079553 -0.003404 0.114805 0.485485 0.493724 0.573117 0.513873 0.201604 0.095349 -0.190208 -0.306535 0.235789 0.225759 0.155938 0.103658 0.370123 0.421705 0.091651 0.039505 -0.110137 -0.203383 0.020576 -0.244485 -0.224972 -0.270359 -0.085553 -0.165409 -0.205119 0.126596 0.165661 0.127303 0.039492 -0.259196 -0.469445 -0.452196 -0.305871 -0.430944 0.078846 -0.016247 0.003151 -0.249961 -0.561082 -0.381899 -0.063052 -0.381426 0.435058 0.360414 0.490740 0.437599 0.458260 0.532642 0.299733 0.048056 0.291710 0.276724 0.225553 0.329036 0.194592 0.146131 0.309108 0.262051 0.160706 -0.148795 -0.147615 -0.178511 -0.514214 -0.504437 -0.292747 -0.383476 0.079019 0.100669 0.057286 0.014656 -0.216213 -0.160724 -0.318702 -0.543418 -0.171530 -0.342326 0.109597 0.060391 -0.269353 -0.240807 0.088667 0.139981 -0.140301 -0.032724 0.009259 0.229945 0.273418 0.207471
-0.001612 -0.106732 0.103750 0.240051 -0.010601 0.015927 0.419406 0.142915 -0.001473 -0.061903 0.878820 0.636912 1.000000 0.592965 0.607558 0.309146 0.429058 0.289737 -0.031900 -0.272740 0.173474 0.235910 0.292951 0.091583 0.041542 0.122051 0.181485 0.161929 0.330107 0.164472 0.463292 0.300836 0.105275 -0.089945 -0.000512 -0.175078 0.130155 0.035755 -0.046208 -0.027480 0.242430 0.167019 0.287855 0.231042 0.018835 -0.120507 -0.011690 -0.247328 0.124846 0.025276 0.327149 0.259925 -0.038256 0.169089 0.038320 -0.032652 -0.244934 -0.470697 -0.210282 -0.245497 0.075150 -0.304060 0.043323 -0.161143 0.101514 -0.115064 -0.212060 -0.196309 -0.354394 -0.313379 0.224736 0.131748 0.213482 0.102784 0.249865 0.159460 0.083153 -0.092917 0.020438 0.047291 0.046219 0.087473 0.330801 0.023504 0.291704 0.218680 -0.113687 -0.375817 -0.223327 -0.230887 -0.430501 -0.385244 -0.285592 -0.233705 0.087945 0.004791 -0.075035 -0.195793 -0.376165 -0.295996 -0.253798 -0.379918 -0.101199 -0.187022 -0.075851 -0.081201 -0.193216 -0.215021 0.127501 0.060730 -0.173950 -0.166353 -0.139510 0.182966 0.181124 0.165101
0.018519 0.002998 0.071697 0.460490 0.153322 0.070515 0.315139 0.421640 0.008940 -0.047378 0.482650 0.730060 0.592965 1.000000 0.424012 0.502554 0.201433 0.431491 0.070670 -0.141279 0.218428 0.338219 0.221669 0.114836 0.185222 0.027017 0.207285 0.174765 0.247079 0.280865 0.407604 0.308469 -0.158269 -0.211991 -0.330523 -0.355970 0.025071 -0.018534 -0.051061 0.028220 0.130838 0.316868 0.075830 -0.090006 -0.104231 -0.258983 -0.112354 -0.244688 0.029913 -0.156766 0.066656 0.031705 0.028510 0.288133 0.039951 -0.091684 -0.157638 -0.343622 -0.214841 -0.190030 -0.108387 -0.193811 -0.029790 -0.196194 -0.137556 -0.158133 -0.407112 -0.297300 -0.063832 -0.214343 0.335252 0.343148 0.214924 0.223660 0.156108 0.268700 -0.035484 -0.204979 0.031150 -0.021609 0.034149 0.105774 0.261997 0.258498 0.080877 0.042258 -0.039365 -0.127980 -0.099799 -0.025668 -0.243182 -0.217660 -0.011324 -0.171100 0.094816 -0.054324 -0.120618 -0.041988 -0.307145 -0.167764 -0.116253 -0.356485 0.085309 -0.065044 0.104341 0.126478 -0.212307 0.011098 0.063164 0.005400 -0.393301 -0.128526 0.159259 0.239730 0.214307 0.152093
-0.073960 -0.243506 0.202536 0.164070 0.455050 0.310556 0.247075 0.234023 0.279240 0.391802 0.551206 0.211260 0.607558 0.424012 1.000000 0.551587 0.221180 0.142174 0.159345 -0.115385 0.029954 0.123894 0.312056 0.177172 0.342581 0.202206 0.315559 0.120679 0.071740 -0.067465 0.212411 -0.000445 -0.133897 -0.212892 0.007499 -0.147758 -0.105290 -0.175650 -0.215811 -0.039756 -0.010368 0.104170 0.197304 0.000130 0.070031 -0.067733 -0.203142 -0.103404 0.313581 0.086345 0.264351 0.179997 0.101369 0.097404 -0.263313 -0.249327 -0.354135 -0.413458 -0.043220 -0.091559 0.335981 -0.208639 -0.052261 -0.321452 0.297364 -0.085810 0.045518 0.027268 -0.275821 -0.033180 -0.036083 0.025000 -0.065997 -0.136835 -0.027979 -0.100984 -0.209637 -0.198189 -0.107351 -0.204216 -0.150504 -0.042861 0.608209 0.201477 0.124448 -0.165728 -0.407240 -0.256989 -0.020627 -0.134349 -0.146642 -0.179818 0.108879 0.069340 0.132970 0.017329 -0.233942 -0.151392 -0.499664 -0.430827 0.085207 -0.104578 0.069514 0.111899 0.000003 0.185246 0.054260 0.235487 0.110440 0.058777 -0.213129 -0.229619 -0.052684 0.134576 0.022829 0.130272
-0.035516 -0.069833 0.306764 0.468488 0.534215 0.414461 0.255820 0.532650 0.434978 0.463341 0.198271 0.239801 0.309146 0.502554 0.551587 1.000000 -0.069482 -0.002614 0.144145 0.002053 0.375468 0.383701 0.347630 0.195136 0.175116 0.083005 0.509434 0.443901 0.050526 0.197934 0.285003 0.015302 -0.423033 -0.366590 -0.504104 -0.435717 -0.273142 -0.276375 -0.231900 -0.080140 0.038093 0.383847 -0.032692 -0.314583 -0.087373 -0.216172 -0.361371 -0.361796 0.243174 0.001484 -0.062063 0.060899 0.048618 0.210192 -0.246791 -0.389656 -0.316851 -0.262088 0.128073 0.150948 -0.038914 -0.031394 -0.096929 -0.378008 -0.084075 -0.107215 -0.174997 -0.224762 -0.050913 0.025080 0.181130 0.247305 0.009870 0.091926 -0.016970 0.113704 -0.373613 -0.408075 -0.069388 -0.326192 -0.164224 -0.176637 0.378696 0.469852 -0.211221 -0.210433 -0.145910 0.110701 0.055707 0.215664 0.013920 -0.154577 0.357971 0.118918 -0.026663 -0.285629 -0.487234 -0.289619 -0.453116 -0.357156 0.298663 0.103839 0.137097 0.122253 -0.066368 0.119701 0.110600 0.173082 -0.186277 -0.294041 -0.581727 -0.370777 -0.077820 0.077442 -0.189624 -0.017094
0.228248 0.238527 -0.462728 -0.142679 -0.320512 -0.205222 -0.272398 -0.235740 -0.377780 -0.224136 0.618973 0.331249 0.429058 0.201433 0.221180 -0.069482 1.000000 0.698190 -0.071532 0.066143 -0.045362 0.050612 -0.404293 -0.255871 -0.151442 0.050399 -0.218533 -0.249194 0.517688 0.243096 -0.006147 -0.000830 0.299302 0.282601 0.028060 -0.072093 0.432396 0.344775 0.279157 0.204408 0.345608 0.177597 -0.223597 -0.182460 -0.217282 -0.291992 -0.113236 -0.127274 -0.303641 -0.245843 -0.238211 -0.238114 -0.290962 -0.291213 0.197894 0.218059 0.282046 0.040675 -0.256549 -0.184182 -0.055892 0.036561 0.597669 0.492462 -0.030440 0.103698 -0.217508 -0.204479 0.115443 -0.053624 -0.042591 -0.009678 0.414700 0.200509 0.408969 0.195258 0.451485 0.353837 0.619252 0.510664 0.709397 0.606376 0.396737 0.283554 0.140199 0.153904 -0.000860 -0.172000 0.031530 -0.021619 -0.225619 -0.305374 -0.281867 -0.195796 0.509223 0.323537 0.340668 0.285985 -0.043026 0.065950 -0.269940 -0.205182 0.084772 -0.002848 0.229810 0.073532 -0.064149 -0.154807 0.366463 0.400338 0.121480 -0.004026 -0.200793 0.187095 0.347599 0.378053
0.205945 0.229839 -0.516701 0.102414 -0.339780 -0.338215 -0.269118 -0.201308 -0.323615 -0.284393 0.411105 0.562415 0.289737 0.431491 0.142174 -0.002614 0.698190 1.000000 0.094131 0.003126 -0.020109 0.149580 -0.290483 -0.210264 -0.107133 -0.070400 -0.234340 -0.258914 0.572145 0.518947 0.106307 0.156751 0.234352 0.258129 -0.194013 -0.266449 0.416246 0.449905 0.262372 0.229198 0.372209 0.285532 -0.166406 -0.210503 -0.252643 -0.409836 0.006776 -0.200270 -0.295432 -0.292031 -0.280272 -0.291524 -0.224974 -0.093718 0.204103 0.321132 0.460865 0.152958 -0.430417 -0.338689 -0.254120 -0.061441 0.349180 0.485842 -0.050861 -0.056968 -0.499589 -0.472029 0.170942 -0.292520 0.144797 0.192134 0.514603 0.413830 0.413644 0.437719 0.468057 0.375396 0.560482 0.607435 0.592280 0.731880 0.234939 0.313868 0.187096 0.214263 0.023321 -0.069897 -0.120316 -0.009235 -0.311385 -0.236006 -0.242995 -0.281246 0.366252 0.283117 0.341506 0.406260 0.215744 0.256844 -0.220045 -0.316931 0.059440 -0.084646 0.321047 0.224632 -0.216432 -0.129948 0.244211 0.290996 -0.073588 0.151793 0.066451 0.332716 0.489015 0.446195
0.567883 0.361903 0.416022 0.246189 0.178274 -0.044827 0.326464 0.215241 -0.083135 0.008272 -0.109373 0.177793 -0.031900 0.070670 0.159345 0.144145 -0.071532 0.094131 1.000000 0.297197 0.188634 0.371572 0.087036 0.034134 0.252275 0.029768 0.165099 0.103019 0.178281 0.305272 0.280421 0.146945 0.229004 0.199385 -0.248542 -0.267950 -0.130296 0.048046 -0.004286 0.025202 0.088953 0.347758 -0.207670 -0.310456 -0.255560 -0.329429 0.143996 0.041279 -0.171295 -0.329597 -0.370506 -0.413658 0.017790 0.060187 -0.154137 0.059231 0.187206 0.139192 -0.207208 -0.220665 -0.058169 -0.259077 -0.187918 -0.057759 0.057501 -0.290235 -0.274660 -0.221663 0.172213 -0.078285 0.345964 0.361675 0.242745 0.258457 0.142053 0.228344 0.120756 0.138561 0.002328 0.066320 -0.229871 -0.119706 0.230163 0.207632 -0.127346 -0.386293 0.001495 -0.108623 0.065321 0.004651 -0.229113 -0.207384 -0.002333 -0.016681 -0.011874 0.078029 -0.038484 -0.053443 -0.154198 -0.059382 -0.158604 -0.186923 -0.119507 -0.093930 0.103205 0.052149 -0.200514 -0.071986 -0.062952 0.109794 -0.010779 -0.052649 0.067368 -0.118485 0.034970 0.020895
0.400663 0.619613 -0.003230 -0.207021 0.049985 0.124764 -0.136465 -0.029637 -0.145055 0.205602 -0.130359 -0.088080 -0.272740 -0.141279 -0.115385 0.002053 0.066143 0.003126 0.297197 1.000000 0.039651 -0.081054 -0.396232 0.100910 0.063960 0.101460 0.086731 0.233639 -0.240697 -0.180410 -0.293052 -0.370860 -0.023087 0.172516 -0.236406 0.021805 -0.291250 -0.127270 -0.040359 0.010295 -0.349576 -0.057120 -0.575708 -0.524074 -0.451271 -0.257592 -0.262285 0.156988 -0.450960 -0.384682 -0.557570 -0.413711 -0.120878 -0.342541 -0.291290 -0.116700 0.247545 0.497829 0.130315 0.237646 -0.132224 0.236941 0.102065 0.175546 -0.169005 0.137445 -0.034304 0.248045 0.555003 0.669309 -0.041837 0.083098 -0.226280 -0.019748 -0.143966 -0.100819 -0.079148 0.062104 0.111719 -0.012876 0.013398 -0.048966 0.108464 0.220326 -0.262776 -0.137418 0.026989 0.050764 0.259876 0.386460 0.386085 0.247041 0.153749 0.143599 -0.045866 0.047805 -0.150065 0.118121 -0.020077 -0.121538 0.092900 0.283767 0.085528 0.191727 0.040121 0.134891 0.253737 0.103995 0.013756 -0.035114 0.163257 -0.226736 -0.170375 -0.204883 -0.131498 -0.000419
-0.003576 -0.009128 0.244863 0.294821 -0.001442 0.213230 0.243548 0.173998 0.117859 -0.014572 0.009622 0.166246 0.173474 0.218428 0.029954 0.375468 -0.045362 -0.020109 0.188634 0.039651 1.000000 0.752352 0.289983 0.001442 0.028988 0.188063 0.576977 0.664398 0.167180 0.349805 0.421462 0.349115 -0.091987 0.007980 -0.462131 -0.202561 -0.123787 -0.087704 -0.124945 -0.059456 0.249489 0.323383 0.033914 -0.077660 -0.245081 -0.236295 0.144006 -0.207140 -0.124256 -0.201133 -0.136798 -0.076643 -0.074690 0.179809 -0.124549 -0.143786 0.073818 0.018641 -0.088644 -0.007964 -0.338898 -0.172509 -0.325699 -0.227145 -0.349043 -0.198971 -0.413967 -0.223930 0.040823 -0.107225 0.436747 0.473936 0.206901 0.219876 0.051379 0.250889 -0.121815 -0.148139 -0.014393 -0.009490 -0.007023 -0.108489 0.125503 0.195834 -0.144785 -0.072064 0.373876 0.256680 0.021962 -0.070395 -0.185768 -0.252555 -0.127155 -0.080846 0.006678 -0.348717 -0.218291 -0.192508 -0.149089 -0.082345 -0.128047 -0.061814 0.015016 0.178626 -0.042923 -0.084034 -0.131315 -0.232024 -0.247585 -0.120550 -0.234089 -0.074716 -0.063805 0.014678 -0.131447 -0.159714
0.173089 0.055814 0.226563 0.454674 0.030290 0.088242 0.274379 0.289910 0.058352 -0.091220 0.045919 0.397842 0.235910 0.338219 0.123894 0.383701 0.050612 0.149580 0.371572 -0.081054 0.752352 1.000000 0.357994 0.001786 -0.004521 0.103487 0.472190 0.520581 0.355966 0.466357 0.530615 0.498835 0.025892 0.157594 -0.397504 -0.269110 -0.021643 0.079813 0.091118 0.113309 0.384564 0.542829 0.054827 -0.018912 -0.185477 -0.218288 0.063165 -0.128833 -0.092336 -0.217750 -0.183420 -0.158411 -0.099848 0.236495 -0.023849 0.104165 0.032970 -0.065095 -0.246773 -0.239769 -0.300247 -0.346245 -0.248571 -0.221528 -0.238930 -0.302063 -0.544921 -0.425195 -0.022883 -0.324471 0.405779 0.551059 0.374105 0.274653 0.199390 0.371677 0.050707 -0.037012 0.135317 0.138985 0.071636 0.008028 0.378122 0.395606 -0.016428 -0.139391 0.400487 0.229972 0.022385 -0.078901 -0.409550 -0.494890 -0.179537 -0.268452 0.149555 -0.179837 -0.070687 -0.089233 -0.228925 -0.141474 -0.208879 -0.319121 -0.150369 -0.040606 0.042912 -0.045460 -0.275846 -0.265041 -0.168500 0.029146 -0.116977 -0.066855 0.033260 0.121696 -0.013194 -0.050542
-0.311734 -0.547760 0.493863 0.640917 0.224401 0.187283 0.577838 0.418566 0.251628 -0.041615 0.042857 0.214125 0.292951 0.221669 0.312056 0.347630 -0.404293 -0.290483 0.087036 -0.396232 0.289983 0.357994 1.000000 0.577736 0.253630 0.218990 0.275674 0.364899 0.129495 0.143450 0.616193 0.555693 -0.136881 -0.174680 0.021988 -0.139785 -0.106048 -0.204475 -0.174252 -0.106352 0.220208 0.244347 0.555245 0.346978 0.337042 0.144712 0.130686 -0.172921 0.369227 0.220675 0.455082 0.295301 0.051161 0.386803 -0.175428 -0.182007 -0.596578 -0.595798 -0.336590 -0.335376 -0.089290 -0.553376 -0.466020 -0.613732 0.289439 -0.385409 -0.163052 -0.183067 -0.484892 -0.434696 0.276382 0.203812 0.085185 0.040186 0.068268 0.073017 -0.226478 -0.363292 -0.300031 -0.281742 -0.274723 -0.187591 0.125057 0.018835 0.309270 -0.005250 -0.012702 -0.006437 -0.194890 -0.427228 -0.416226 -0.348937 -0.074878 -0.115406 -0.141668 -0.215767 -0.280919 -0.255432 -0.413190 -0.275691 -0.049670 -0.296813 -0.169889 -0.167867 -0.132808 -0.029081 -0.270659 -0.075685 -0.038504 -0.105108 -0.308681 -0.075607 -0.028631 0.141063 0.014053 -0.092593
-0.320098 -0.267013 0.334806 0.382578 0.207583 0.070732 0.308681 0.285058 0.151445 0.077135 -0.005835 0.182657 0.091583 0.114836 0.177172 0.195136 -0.255871 -0.210264 0.034134 0.100910 0.001442 0.001786 0.577736 1.000000 0.312515 0.400689 -0.098768 0.184043 -0.083750 -0.144896 0.198757 0.266566 -0.136549 -0.021278 0.217735 0.241123 -0.030588 -0.171278 -0.041932 -0.020237 0.001718 0.185395 0.164688 0.059218 0.151697 0.123325 0.072748 0.184321 -0.117208 -0.157992 0.074162 -0.172570 -0.064253 -0.078829 -0.185437 -0.236406 -0.572346 -0.407646 -0.298684 -0.324649 -0.056596 -0.430596 -0.216355 -0.416178 0.453664 -0.190028 -0.036450 0.261010 -0.291913 0.075186 0.077544 0.029293 -0.134663 -0.099890 -0.033692 -0.091444 -0.210820 -0.228491 -0.111950 -0.329367 -0.064525 0.008184 0.118974 0.122285 0.380320 0.002832 -0.109326 -0.176947 0.082832 -0.273266 -0.074980 -0.125500 0.051825 -0.071639 -0.120170 -0.052812 -0.149288 -0.087372 -0.408956 -0.414489 -0.017328 -0.244806 -0.079817 -0.063048 0.001742 0.145318 -0.026916 0.110152 0.069965 -0.066877 0.112245 -0.117314 -0.227373 0.028656 0.073107 -0.104699
-0.105934 -0.236145 0.380561 0.085874 0.589255 0.319029 0.366662 0.376228 0.051238 0.260479 0.064121 0.004997 0.041542 0.185222 0.342581 0.175116 -0.151442 -0.107133 0.252275 0.063960 0.028988 -0.004521 0.253630 0.312515 1.000000 0.510738 0.126356 0.196203 -0.061965 -0.167559 0.225589 0.179625 -0.139497 -0.156170 0.132998 0.040748 -0.209481 -0.349436 -0.152993 -0.153900 -0.119506 0.031991 0.072187 -0.138342 0.064841 -0.031550 0.129025 0.026130 0.116870 0.019078 0.050940 -0.064959 -0.026740 0.254250 -0.353991 -0.328949 -0.322137 -0.306010 -0.114605 -0.107696 0.139662 -0.245889 -0.158451 -0.300723 0.296929 -0.158343 0.152963 0.223762 -0.126459 0.029452 0.083903 0.182086 -0.126804 -0.151806 -0.197139 -0.105558 -0.247127 -0.208050 -0.167215 -0.348662 -0.262787 -0.146692 0.272759 0.153448 0.072149 -0.310001 -0.109006 -0.075687 -0.029494 -0.379900 -0.086698 -0.007884 0.130117 0.363960 -0.131341 0.033289 -0.255258 -0.180124 -0.331013 -0.152169 0.074679 -0.008057 0.263070 0.180713 0.192460 0.080909 0.058618 0.089573 -0.065197 0.049834 -0.230447 -0.123983 0.132987 0.092393 0.148523 -0.023095
-0.166715 -0.265814 0.085678 0.173890 0.141503 0.271838 0.149222 0.102652 -0.026824 0.060423 0.162641 0.079553 0.122051 0.027017 0.202206 0.083005 0.050399 -0.070400 0.029768 0.101460 0.188063 0.103487 0.218990 0.400689 0.510738 1.000000 0.185049 0.492889 -0.096293 -0.240929 0.118417 0.129930 -0.145281 -0.014492 0.283969 0.276557 0.099197 -0.013821 0.162577 0.172552 0.076258 0.074833 0.161563 0.146102 0.012757 0.027817 0.149317 0.133283 -0.102966 -0.050281 0.093392 -0.066019 -0.158148 -0.044675 -0.048857 -0.002199 -0.271232 -0.317241 -0.271644 -0.304433 -0.033900 -0.285303 -0.111739 -0.287468 0.298664 0.125691 -0.071337 0.252103 -0.113104 0.046874 -0.107420 0.045323 -0.179941 -0.211560 -0.090279 -0.083604 -0.085123 -0.104709 0.005823 -0.263756 0.074675 0.058540 0.290490 0.054602 0.292970 -0.032038 0.029796 -0.110655 0.191297 -0.270136 -0.263954 -0.168778 -0.169505 -0.002911 0.151557 0.192563 0.053456 0.057546 -0.291447 -0.205166 -0.228027 -0.204160 -0.081855 0.019465 0.165900 0.153074 0.070321 0.023591 0.135690 0.194719 0.102005 -0.069064 -0.029074 0.018763 0.187648 -0.067652
0.074045 0.058341 0.341282 0.141326 0.389277 0.700593 0.349407 0.343070 0.429125 0.406480 0.026551 -0.003404 0.181485 0.207285 0.315559 0.509434 -0.218533 -0.234340 0.165099 0.086731 0.576977 0.472190 0.275674 -0.098768 0.126356 0.185049 1.000000 0.781504 -0.324659 -0.093900 0.170194 -0.133012 -0.433950 -0.399808 -0.467294 -0.324905 -0.498533 -0.276008 -0.288825 -0.120581 -0.159685 0.034607 0.072632 -0.038825 -0.221252 -0.181700 -0.273731 -0.221179 0.201892 0.037141 0.038577 0.246889 0.143437 0.304404 -0.412352 -0.324990 -0.053301 0.068091 0.303879 0.306770 0.060573 0.129110 -0.304882 -0.271665 -0.271631 0.012847 -0.087615 -0.065484 0.047939 0.171503 -0.040794 0.070482 -0.334912 -0.198681 -0.367832 -0.183146 -0.472650 -0.426540 -0.316766 -0.262340 -0.333851 -0.323835 0.161108 0.066213 -0.269085 -0.117188 0.015756 0.139433 0.132912 0.197088 0.147627 0.077847 0.267810 0.206867 -0.219838 -0.405865 -0.606022 -0.428231 -0.310094 -0.226527 0.224417 0.256838 -0.051384 0.108914 -0.356131 -0.133247 0.267925 -0.056642 -0.404696 -0.405264 -0.372546 -0.243467 0.014780 -0.094773 -0.461773 -0.277118
-0.011144 0.028365 0.373382 0.299317 0.250843 0.551080 0.431341 0.383430 0.201840 0.205151 0.055116 0.114805 0.161929 0.174765 0.120679 0.443901 -0.249194 -0.258914 0.103019 0.233639 0.664398 0.520581 0.364899 0.184043 0.196203 0.492889 0.781504 1.000000 -0.260083 -0.079300 0.277545 0.092022 -0.337425 -0.205408 -0.355876 -0.119548 -0.353354 -0.214774 -0.156279 -0.033134 -0.078863 0.149279 0.036589 0.003687 -0.241863 -0.130753 -0.134900 -0.178881 -0.025299 -0.075411 -0.018146 0.117487 -0.056489 0.165468 -0.342485 -0.240860 -0.151754 0.006085 0.093568 0.094444 -0.153513 -0.022262 -0.390206 -0.370444 -0.166917 0.046941 -0.218716 -0.017069 0.064322 0.135631 0.119694 0.245786 -0.258205 -0.081029 -0.240942 -0.018379 -0.334551 -0.330687 -0.270856 -0.251419 -0.262227 -0.307903 0.128278 0.105036 -0.071228 -0.101844 0.217675 0.096084 0.151895 0.074753 -0.001053 -0.066604 0.065851 0.006244 -0.142905 -0.300410 -0.451762 -0.271238 -0.323609 -0.260772 0.034225 0.028289 -0.138625 0.010834 -0.246227 -0.065558 0.145969 -0.104642 -0.284787 -0.271725 -0.256616 -0.285094 -0.047059 -0.076006 -0.255097 -0.192318
0.070575 -0.104754 -0.140522 0.339060 -0.268237 -0.450860 -0.047143 -0.097402 -0.388758 -0.458961 0.302753 0.485485 0.330107 0.247079 0.071740 0.050526 0.517688 0.572145 0.178281 -0.240697 0.167180 0.355966 0.129495 -0.083750 -0.061965 -0.096293 -0.324659 -0.260083 1.000000 0.733815 0.526633 0.622132 0.501431 0.450528 -0.054941 -0.278617 0.541129 0.404787 0.299100 0.178158 0.708163 0.539738 0.112013 -0.029581 -0.002190 -0.278136 0.175114 -0.240310 -0.155220 -0.204801 -0.105815 -0.272768 -0.257210 0.021854 0.279777 0.252581 0.091348 -0.228326 -0.603851 -0.541891 -0.329327 -0.386933 0.288173 0.177382 -0.020582 -0.398900 -0.518051 -0.603609 -0.064917 -0.583094 0.515910 0.432518 0.896236 0.603524 0.744995 0.624728 0.550587 0.372258 0.587283 0.522418 0.530923 0.487568 0.264373 0.336614 0.242185 0.139388 0.205404 0.103043 -0.291198 -0.314042 -0.625667 -0.572995 -0.465443 -0.349779 0.350912 0.238102 0.327709 0.247834 0.048181 0.155436 -0.356663 -0.480680 0.022401 -0.227438 0.337883 0.037436 -0.521574 -0.326957 0.316569 0.364772 -0.112022 0.156344 0.005181 0.371472 0.481526 0.408146
0.217675 0.051957 -0.101567 0.440125 -0.291178 -0.333874 -0.024283 0.005620 -0.239467 -0.446232 0.068729 0.493724 0.164472 0.280865 -0.067465 0.197934 0.243096 0.518947 0.305272 -0.180410 0.349805 0.466357 0.143450 -0.144896 -0.167559 -0.240929 -0.093900 -0.079300 0.733815 1.000000 0.519211 0.527417 0.245876 0.291644 -0.415110 -0.499122 0.300564 0.414218 0.080068 0.015120 0.508849 0.465729 -0.045165 -0.212131 -0.160444 -0.316545 0.142199 -0.292019 -0.139937 -0.171837 -0.313824 -0.250553 -0.162834 0.228966 0.173175 0.245680 0.321593 -0.001613 -0.475194 -0.403467 -0.510675 -0.320565 0.010804 0.126477 -0.245218 -0.302869 -0.622555 -0.690051 0.095649 -0.554403 0.661999 0.621148 0.850705 0.855889 0.718860 0.810307 0.530119 0.342371 0.369529 0.522260 0.311013 0.350358 0.012836 0.293677 -0.088109 0.096010 0.368977 0.224493 -0.301467 -0.096445 -0.448814 -0.380689 -0.207157 -0.227020 0.133007 -0.019711 0.099677 0.118976 0.161008 0.268793 -0.204567 -0.275807 -0.105925 -0.237661 0.080310 -0.111933 -0.440882 -0.285500 0.071895 0.137791 -0.285358 0.180320 0.099221 0.154570 0.169763 0.157914
-0.062470 -0.237093 0.399200 0.439303 0.018977 -0.058935 0.523706 0.296858 -0.190481 -0.318408 0.292842 0.573117 0.463292 0.407604 0.212411 0.285003 -0.006147 0.106307 0.280421 -0.293052 0.421462 0.530615 0.616193 0.198757 0.225589 0.118417 0.170194 0.277545 0.526633 0.519211 1.000000 0.841924 0.267745 0.190607 -0.187497 -0.317517 -0.016317 -0.034147 -0.149641 -0.148975 0.331912 0.379879 0.353832 0.241321 0.230752 0.030805 0.147750 -0.280992 0.124885 0.037795 0.099432 0.054022 -0.302188 0.323675 -0.133322 -0.070654 -0.236886 -0.383555 -0.407081 -0.406778 -0.224306 -0.508911 -0.190808 -0.317486 0.061392 -0.426252 -0.334498 -0.324077 -0.278318 -0.504926 0.649307 0.564317 0.520870 0.450562 0.407673 0.516522 0.148603 -0.108638 0.031498 0.073989 -0.075918 -0.052480 0.112387 0.048567 0.138718 -0.055230 0.205888 0.021000 -0.363072 -0.470742 -0.589744 -0.520827 -0.297532 -0.226652 -0.068449 -0.067532 -0.117560 -0.177495 -0.366010 -0.104071 -0.214120 -0.386781 -0.194432 -0.348788 -0.093511 -0.207753 -0.382774 -0.177549 -0.044959 0.063393 -0.280971 -0.043727 0.045996 0.159735 0.126585 0.109908
-0.205701 -0.323744 0.215928 0.461408 -0.152454 -0.319565 0.330833 0.125271 -0.317165 -0.497328 0.142534 0.513873 0.300836 0.308469 -0.000445 0.015302 -0.000830 0.156751 0.146945 -0.370860 0.349115 0.498835 0.555693 0.266566 0.179625 0.129930 -0.133012 0.092022 0.622132 0.527417 0.841924 1.000000 0.351405 0.420604 0.028376 -0.058575 0.214379 0.100146 0.017493 -0.025312 0.484456 0.415181 0.418216 0.350911 0.308047 0.112715 0.405299 -0.045697 -0.001257 -0.012193 0.144943 -0.052113 -0.250789 0.259854 0.036494 0.112004 -0.215815 -0.397816 -0.617647 -0.582276 -0.390706 -0.611742 -0.185122 -0.213876 0.040467 -0.445902 -0.414997 -0.332533 -0.329756 -0.617508 0.629861 0.593110 0.606375 0.461366 0.468468 0.526409 0.307217 0.104566 0.136698 0.171572 0.112748 0.124900 0.082385 0.074626 0.311788 0.003258 0.303292 0.035086 -0.401865 -0.655878 -0.665967 -0.563006 -0.428749 -0.351373 0.058357 -0.003383 0.136943 0.001451 -0.153380 -0.005749 -0.363352 -0.571949 -0.165822 -0.340206 0.092421 -0.142602 -0.534274 -0.280243 0.064570 0.199406 -0.029471 0.075983 0.083037 0.208340 0.320239 0.136858
0.121406 0.119057 0.027176 -0.205283 -0.332233 -0.595823 0.021527 -0.401667 -0.540939 -0.496356 0.087276 0.201604 0.105275 -0.158269 -0.133897 -0.423033 0.299302 0.234352 0.229004 -0.023087 -0.091987 0.025892 -0.136881 -0.136549 -0.139497 -0.145281 -0.433950 -0.337425 0.501431 0.245876 0.267745 0.351405 1.000000 0.728555 0.294342 0.133983 0.334450 0.297309 0.143631 -0.002408 0.303651 0.070573 -0.004682 0.162178 0.074169 0.006821 0.181535 0.052864 -0.183148 -0.177151 -0.110517 -0.279183 -0.338314 -0.184448 0.223445 0.243535 0.163497 0.008995 -0.293882 -0.351636 0.069492 -0.188368 0.223978 0.208448 0.144092 -0.206113 -0.087752 -0.100063 0.022825 -0.247645 0.261786 0.071988 0.539649 0.339750 0.516545 0.319170 0.583508 0.412797 0.237210 0.486787 0.130948 0.155026 -0.103251 -0.265211 0.180832 0.015682 0.097203 -0.210195 -0.054387 -0.326823 -0.333259 -0.337771 -0.442091 -0.342047 0.187263 0.362349 0.474691 0.196459 0.189439 0.130356 -0.393214 -0.341630 -0.113740 -0.217767 0.123542 -0.088834 -0.258265 -0.133344 0.193602 0.378968 0.373560 0.200841 -0.082877 0.006836 0.240944 0.165080
0.012079 0.166982 -0.109163 -0.112839 -0.360690 -0.535155 -0.197459 -0.390657 -0.588433 -0.431584 -0.067466 0.095349 -0.089945 -0.211991 -0.212892 -0.366590 0.282601 0.258129 0.199385 0.172516 0.007980 0.157594 -0.174680 -0.021278 -0.156170 -0.014492 -0.399808 -0.205408 0.450528 0.291644 0.190607 0.420604 0.728555 1.000000 0.232645 0.284319 0.300427 0.343199 0.177479 0.078073 0.280853 0.143450 -0.126194 0.052009 0.031503 0.044557 0.213942 0.276706 -0.280785 -0.230757 -0.266251 -0.397206 -0.343260 -0.306353 0.138017 0.317307 0.149495 0.141151 -0.369217 -0.360462 -0.115424 -0.141880 0.123973 0.238329 0.058787 -0.000986 -0.197512 -0.060680 0.143221 -0.090651 0.270889 0.262610 0.468971 0.379826 0.446915 0.327400 0.578490 0.536507 0.280098 0.460053 0.251077 0.209826 -0.023610 -0.013360 0.104080 -0.122684 0.227853 -0.109517 -0.029793 -0.235043 -0.272369 -0.282720 -0.428983 -0.379613 0.204247 0.301253 0.441776 0.263870 0.167049 0.080291 -0.421679 -0.330822 -0.263828 -0.239978 0.144975 -0.076007 -0.268439 -0.091000 0.203946 0.333562 0.480190 0.050271 -0.103306 -0.087464 0.234194 0.153040
-0.310189 -0.353544 -0.054330 -0.264050 -0.192920 -0.247237 -0.078529 -0.366703 -0.209594 -0.217575 0.069946 -0.190208 -0.000512 -0.330523 0.007499 -0.504104 0.028060 -0.194013 -0.248542 -0.236406 -0.462131 -0.397504 0.021988 0.217735 0.132998 0.283969 -0.467294 -0.355876 -0.054941 -0.415110 -0.187497 0.028376 0.294342 0.232645 1.000000 0.739050 0.424179 0.230811 0.306045 0.210881 0.137955 -0.190824 0.293663 0.452961 0.353661 0.380076 0.278151 0.390209 0.028472 0.104120 0.314890 -0.000947 -0.111523 -0.228087 0.288609 0.231502 -0.317411 -0.392232 -0.225109 -0.367933 0.398923 -0.170176 0.054373 -0.130350 0.564282 0.188215 0.392870 0.456145 -0.165562 0.000378 -0.320623 -0.321225 -0.132644 -0.362084 0.022462 -0.242864 0.180948 0.246237 -0.050008 -0.129720 0.072790 0.072701 -0.032380 -0.289247 0.489252 0.127173 -0.186227 -0.325372 0.134112 -0.253986 -0.203537 -0.098213 -0.329780 -0.172215 0.224007 0.476738 0.447436 0.204955 -0.063009 -0.117295 -0.305232 -0.265600 -0.169668 -0.126388 0.101560 -0.013205 0.006543 0.130913 0.365631 0.460055 0.520671 0.154271 -0.156978 -0.046821 0.242263 -0.039662
-0.337464 -0.176977 -0.013812 -0.420731 -0.165766 -0.089616 -0.166151 -0.312334 -0.109278 -0.026245 -0.066616 -0.306535 -0.175078 -0.355970 -0.147758 -0.435717 -0.072093 -0.266449 -0.267950 0.021805 -0.202561 -0.269110 -0.139785 0.241123 0.040748 0.276557 -0.324905 -0.119548 -0.278617 -0.499122 -0.317517 -0.058575 0.133983 0.284319 0.739050 1.000000 0.202713 0.106475 0.175917 0.198893 -0.045878 -0.118774 0.100459 0.289274 0.208032 0.429039 0.239707 0.578490 -0.232148 -0.083741 0.106333 -0.163335 -0.029975 -0.355281 0.096142 0.101862 -0.168419 -0.045039 0.004232 -0.157521 0.276738 -0.054206 -0.119652 -0.142787 0.271818 0.276154 0.303094 0.636200 -0.068151 0.251646 -0.295799 -0.216088 -0.325353 -0.390993 -0.189857 -0.286231 -0.031772 0.171982 -0.110810 -0.179525 0.021956 -0.020833 -0.069847 -0.208029 0.297347 -0.008359 -0.095266 -0.256717 0.283397 -0.109031 0.070295 0.134230 -0.210737 -0.151102 0.112758 0.282128 0.301564 0.202669 0.012553 -0.181410 -0.204846 -0.144167 -0.164488 0.012502 0.005392 0.002434 0.064113 0.179281 0.218481 0.242666 0.661401 0.061275 -0.162233 -0.123949 0.065577 -0.061286
