1.000000 0.557025 0.019404 -0.484815 -0.135264 -0.432916 0.147445 -0.398693 -0.311746 -0.355815 0.315710 -0.056456 0.257512 -0.126710 -0.170301 -0.067558 0.580771 0.532734 0.246569 0.148445 -0.129975 -0.319358 -0.267444 -0.544259 -0.334369 -0.405310 -0.224465 -0.344813 0.282963 0.301909 -0.088084 -0.264121 0.303064 0.184677 -0.087123 -0.253416 0.095646 0.132191 -0.233418 -0.247678 -0.073168 -0.096367 -0.015879 0.095356 -0.027910 -0.034596 0.058111 -0.019342 -0.043115 0.032889 -0.200161 0.031233 0.240908 0.137954 0.033485 0.175640 0.524244 0.253535 0.223959 -0.093118 0.152319 -0.030411 0.410547 0.416847 -0.307903 -0.252636 0.073428 -0.342479 0.331699 -0.169094 0.158052 -0.095004 0.332382 0.246158 0.187295 0.368893 0.427165 0.393366 -0.004560 0.107273 0.391529 0.306761 -0.018042 0.009739 -0.187380 -0.202626 -0.218106 -0.167659 -0.423342 -0.152739 -0.462479 -0.095656 -0.528360 -0.160111 -0.187351 0.143816 0.178633 0.134019 0.222881 0.547732 -0.192708 0.100386 0.069887 0.290266 0.167660 -0.206237 0.092141 0.070964 -0.145482 0.359256 0.039890 0.484608 0.301644 0.246683 0.275141 -0.276246
0.557025 1.000000 -0.335976 -0.233748 -0.275768 -0.217102 -0.133396 -0.088922 -0.455127 -0.132031 0.039446 0.197757 0.069862 0.106205 -0.408011 -0.012156 0.578417 0.699010 0.109023 0.255951 -0.217885 -0.361358 -0.439041 -0.460098 -0.347203 -0.385191 -0.228960 -0.213507 0.202898 0.398121 -0.326863 -0.367772 0.385305 0.281764 0.001838 -0.157416 -0.050523 0.083456 -0.207393 -0.123903 -0.025420 0.046616 -0.307629 -0.203957 -0.359992 -0.215728 -0.115884 -0.178136 -0.322384 -0.306853 -0.352380 -0.122104 0.291108 -0.076153 -0.016379 -0.015714 0.421390 0.698146 0.322919 0.180844 0.167349 0.343129 0.400408 0.698803 -0.372842 0.060522 0.131210 -0.147203 0.424000 0.068833 -0.103319 -0.143221 0.394817 0.324120 0.165952 0.225505 0.347691 0.384628 0.152585 0.239227 0.381352 0.407852 -0.160007 0.042068 -0.312686 -0.208316 -0.287743 -0.131214 -0.418491 0.003170 -0.205599 -0.297585 -0.184458 -0.374260 -0.173438 0.088566 0.037965 0.103745 0.280500 0.291413 0.128672 0.153832 0.262097 0.263703 0.148219 -0.181682 0.198013 0.079578 -0.186888 0.157676 -0.036471 0.469497 0.326640 0.288308 0.327677 -0.183141
0.019404 -0.335976 1.000000 0.035605 0.392890 0.053291 0.516203 -0.315785 0.280048 -0.210815 0.359795 -0.251863 0.120096 -0.321682 0.459027 -0.185095 -0.021018 -0.144134 0.353186 0.044349 0.001367 0.119499 0.757240 0.427352 0.578137 0.291775 0.287356 0.232420 -0.057243 -0.190858 0.474854 0.150517 -0.137155 -0.059092 -0.158288 -0.115304 0.212614 0.006426 0.075028 -0.091683 -0.105032 -0.032090 -0.087716 -0.051048 -0.090869 -0.268851 -0.204460 -0.151117 0.100366 0.024836 0.429336 -0.042326 -0.228303 -0.061919 0.061625 -0.017890 -0.205119 -0.237360 -0.214354 -0.266564 -0.110777 -0.482816 -0.210508 -0.297992 0.380128 -0.354686 -0.075726 -0.190116 -0.134377 -0.215108 0.303580 0.000648 -0.080917 -0.128297 0.083366 0.026519 0.023414 -0.095861 -0.115372 -0.017570 -0.083678 -0.131493 0.448908 0.024141 0.294495 0.060480 0.424732 0.240338 0.449579 0.009932 -0.160415 0.398694 -0.112845 0.566338 0.170154 0.149296 -0.147715 -0.140546 -0.418232 -0.060145 -0.450883 -0.009256 -0.438274 -0.077839 -0.213342 -0.077083 -0.370060 -0.239637 0.009332 0.027940 -0.028855 -0.334970 -0.251533 -0.139236 -0.027708 -0.136541
-0.484815 -0.233748 0.035605 1.000000 0.163009 0.408709 0.022450 0.554183 0.285029 0.424444 -0.142230 0.449420 -0.107034 0.494061 0.401542 0.328578 -0.326827 -0.298146 0.284515 0.078153 -0.010937 0.213377 0.433796 0.760911 0.392789 0.436246 0.354504 0.465857 -0.049528 -0.104929 0.312046 0.491888 -0.222421 0.154491 0.127923 0.269386 -0.130713 -0.139909 -0.026470 0.109353 -0.117509 0.078595 -0.442050 -0.474609 -0.429136 -0.469628 -0.343125 -0.391263 -0.478725 -0.402732 -0.073192 -0.523477 -0.373388 -0.205417 -0.320945 -0.385922 -0.182836 0.039964 -0.396034 -0.225054 0.001906 0.018784 -0.429163 -0.340696 0.721920 0.065712 -0.427589 0.056026 -0.089000 -0.141416 0.100591 0.240510 -0.126449 0.040076 0.221837 -0.051944 -0.131143 -0.185482 -0.042044 -0.123161 -0.217717 -0.139670 0.378430 0.284892 0.510263 0.516472 0.490484 0.489512 0.686239 0.297680 0.218059 -0.016599 0.704967 0.219822 0.100155 0.011570 -0.476006 -0.207432 -0.360854 -0.634220 0.017954 -0.335864 -0.117266 -0.475843 -0.466431 0.003696 -0.286667 -0.201227 0.003027 -0.291452 -0.166313 -0.490785 -0.499563 -0.357756 -0.069161 0.103123
-0.135264 -0.275768 0.392890 0.163009 1.000000 0.300123 0.258378 0.056667 0.664181 0.455651 0.130243 0.024083 0.084618 0.052513 0.325966 0.171200 -0.219470 -0.299896 0.335669 0.035910 -0.132455 -0.121686 0.299565 0.366235 0.362473 -0.022849 0.327631 0.032872 -0.309668 -0.323789 0.149475 -0.017055 -0.127107 -0.228816 -0.205286 0.031090 -0.234197 -0.428822 -0.205002 -0.200972 -0.352423 -0.264001 0.007427 -0.004256 0.105235 0.013337 -0.140152 0.005099 0.176108 0.132188 0.099017 -0.044278 -0.370167 -0.012755 -0.317910 -0.111960 -0.123259 -0.222517 -0.249467 -0.270460 0.055828 -0.059893 -0.198542 -0.318487 0.268629 -0.084369 -0.109207 0.180117 0.133891 -0.115810 0.052442 -0.137728 -0.386110 -0.162031 -0.076002 -0.199692 -0.346495 -0.339906 -0.332525 -0.330703 -0.227172 -0.261164 0.200695 -0.017820 0.138282 -0.031398 0.104754 -0.044585 0.249497 -0.153427 0.192751 0.403995 0.207699 0.375487 0.050777 -0.257769 -0.338852 -0.309807 -0.214321 -0.150677 -0.012387 0.193256 -0.068417 -0.129699 -0.188935 0.060107 -0.137364 -0.220827 -0.211976 -0.190307 -0.057076 -0.134060 -0.146486 -0.303991 0.006789 -0.032778
-0.432916 -0.217102 0.053291 0.408709 0.300123 1.000000 -0.155859 0.031625 0.215303 0.393981 -0.185111 0.137563 -0.180033 -0.030204 0.226259 0.113857 -0.430612 -0.315601 0.003898 -0.171502 0.247979 0.462259 0.270054 0.493769 0.480055 0.554560 0.533909 0.520563 -0.330229 -0.343990 0.036874 0.172957 -0.109340 -0.150890 0.074578 0.103005 0.085166 0.052270 0.269115 0.258078 0.117640 0.082953 -0.277093 -0.317185 -0.283842 -0.224659 -0.287632 -0.185193 0.016804 -0.217486 0.283744 -0.079379 -0.219548 0.002562 0.050197 -0.108778 0.063513 0.067847 -0.197726 -0.038091 -0.105172 -0.093221 -0.325686 -0.341141 0.294155 0.189490 -0.012437 0.270489 0.011070 0.018788 -0.128105 0.059824 -0.295687 -0.036002 0.092299 -0.191503 -0.170417 -0.225054 -0.143683 -0.149113 -0.160756 -0.158107 -0.033114 -0.206813 0.262042 0.357334 0.339057 0.084353 0.393367 0.219326 0.177702 -0.036350 0.250028 0.076658 0.085350 -0.131380 -0.175495 0.024917 -0.307308 -0.374130 -0.050077 -0.125406 -0.218988 -0.262338 -0.129723 0.045886 -0.189653 -0.183032 0.096494 -0.167482 0.024367 -0.457026 -0.370105 -0.260204 0.017132 -0.012364
0.147445 -0.133396 0.516203 0.022450 0.258378 -0.155859 1.000000 0.189909 0.379437 -0.145667 0.363635 -0.017183 0.462651 0.122063 0.308994 0.114089 0.114916 0.022389 0.227653 0.220485 0.135995 -0.080453 0.205976 0.011643 -0.002562 -0.006681 0.160890 -0.070112 0.196572 0.170466 0.409957 0.247327 0.211715 0.284353 -0.043743 -0.061603 0.028959 -0.281164 -0.185639 -0.182404 0.078312 0.057541 -0.056708 -0.074382 -0.035342 -0.134493 -0.053835 -0.233027 -0.153854 -0.084415 -0.068940 -0.169174 -0.342583 -0.117884 -0.193151 -0.229665 -0.173322 -0.228438 -0.321590 -0.328793 0.333905 -0.080924 0.159481 -0.031089 0.325413 -0.089946 -0.326522 -0.275052 -0.184935 -0.160616 0.313233 0.167387 0.250108 0.177138 0.253710 0.265000 0.199764 0.117639 0.018519 0.004773 0.067529 0.103672 0.318621 0.353924 0.197421 0.049631 -0.005041 -0.121406 0.099748 -0.286342 -0.251761 -0.145215 -0.158526 0.084636 -0.017362 0.164258 -0.259747 -0.306979 -0.260094 -0.182142 -0.177638 0.182397 0.013456 -0.223237 -0.349072 -0.281443 -0.126421 -0.249498 -0.001509 -0.000613 -0.160468 -0.043747 0.007989 0.029761 0.041467 -0.276243
-0.398693 -0.088922 -0.315785 0.554183 0.056667 0.031625 0.189909 1.000000 0.322629 0.592887 -0.162341 0.485141 0.108812 0.717141 -0.046230 0.504418 -0.173645 -0.195312 -0.111982 0.089626 -0.050883 -0.199540 -0.266371 0.165889 -0.283790 -0.073035 -0.178024 -0.199168 0.008284 0.224363 -0.021001 0.386645 0.050435 0.348321 0.125333 0.395979 -0.365609 -0.428778 -0.319775 -0.060647 0.051006 0.039858 -0.116747 -0.193664 -0.105081 -0.004073 -0.034263 -0.137463 -0.359074 -0.275244 -0.434607 -0.311204 -0.294037 -0.192680 -0.528920 -0.460733 -0.309868 -0.165208 -0.108289 -0.053851 0.369718 0.551093 -0.044363 0.021196 0.210960 0.447927 -0.265343 0.181876 -0.161179 -0.111427 -0.102357 0.252456 0.036677 0.156468 0.045781 0.130303 -0.098064 -0.048400 0.060020 -0.098393 -0.155882 -0.079082 -0.029238 0.378374 0.016413 0.059045 -0.227557 -0.105282 0.036073 -0.139657 0.298656 -0.287443 0.600509 -0.179662 -0.105755 -0.030205 -0.425927 -0.339309 -0.024281 -0.468611 0.474582 0.055639 0.385595 -0.368688 -0.316548 -0.077546 0.136169 -0.027646 -0.001283 -0.298679 -0.251206 -0.128596 -0.136950 -0.215853 -0.161674 0.048186
-0.311746 -0.455127 0.280048 0.285029 0.664181 0.215303 0.379437 0.322629 1.000000 0.430991 0.010916 0.065358 -0.009122 0.143779 0.381165 0.222649 -0.308141 -0.318818 0.266221 0.013313 0.098328 -0.069237 0.262103 0.309915 0.260240 0.123510 0.307685 -0.008976 -0.053239 -0.047421 0.277377 0.235036 -0.026834 -0.017544 -0.118087 0.032497 -0.043873 -0.303061 -0.067282 0.020485 -0.111107 -0.069445 -0.005845 -0.058317 0.126373 -0.038714 -0.067877 -0.104783 0.069795 0.133172 0.106247 -0.146254 -0.473601 -0.121312 -0.278628 -0.150576 -0.106907 -0.380421 -0.490477 -0.366386 0.101740 -0.018360 -0.225536 -0.401289 0.480964 -0.015429 -0.355014 -0.074915 0.022094 -0.091177 0.180924 0.148911 -0.118768 0.080286 0.147496 0.038808 -0.054793 -0.114081 -0.173040 -0.166694 -0.066425 -0.128950 0.231387 0.158658 0.317239 0.137181 0.095784 -0.033358 0.280630 -0.236080 0.069157 0.093574 0.231701 0.252004 0.058720 -0.031838 -0.296380 -0.210835 -0.224619 -0.235920 0.012433 0.043617 0.094491 -0.407144 -0.437223 -0.212806 -0.304006 -0.206192 0.028569 -0.073334 -0.183653 -0.265491 -0.116919 -0.368236 -0.143044 0.041893
-0.355815 -0.132031 -0.210815 0.424444 0.455651 0.393981 -0.145667 0.592887 0.430991 1.000000 -0.182421 0.488342 -0.074119 0.551807 -0.062744 0.434330 -0.203570 -0.173112 -0.053505 -0.093589 -0.219570 -0.169803 -0.181098 0.235017 -0.068339 -0.212067 -0.120470 -0.177325 -0.161225 0.047895 -0.293148 0.044717 -0.057194 0.031173 -0.073944 0.153288 -0.207129 -0.281364 -0.248328 -0.057658 -0.046098 0.001435 -0.152201 -0.237232 -0.167925 -0.061203 -0.182362 -0.137629 -0.113374 -0.225130 -0.188507 -0.219288 -0.215387 -0.084867 -0.365387 -0.341742 -0.107150 -0.134756 -0.045928 -0.037234 0.241737 0.519490 -0.040759 -0.007941 0.132225 0.422450 -0.056549 0.272159 0.040030 -0.087636 -0.228353 0.032804 -0.239756 0.019033 0.002356 -0.034399 -0.234314 -0.091922 -0.047961 -0.175337 -0.132063 -0.116914 -0.126149 0.141627 0.057017 0.138431 -0.133098 -0.146224 0.128429 0.046377 0.388274 -0.030401 0.541111 0.000593 0.034626 -0.117362 -0.417236 -0.214360 -0.098036 -0.301927 0.382970 0.134676 0.300769 -0.176866 -0.160373 -0.031095 -0.003108 0.081581 -0.082096 -0.259693 -0.212467 -0.143478 -0.115092 -0.217586 -0.038181 0.181410
0.315710 0.039446 0.359795 -0.142230 0.130243 -0.185111 0.363635 -0.162341 0.010916 -0.182421 1.000000 0.220469 0.788462 0.248652 0.545381 0.331262 0.355615 0.120113 0.261290 -0.075763 0.273423 -0.012422 0.218966 -0.018024 0.138610 -0.005227 0.140362 -0.046257 0.198706 0.046069 0.348800 0.006957 -0.128437 -0.097293 -0.312726 -0.214194 0.297202 0.059157 0.026678 -0.179716 -0.035331 0.017681 -0.064498 -0.029860 -0.104077 -0.216796 -0.079939 -0.208156 -0.013722 -0.100054 0.124025 -0.089424 -0.005752 -0.002988 0.120044 -0.061291 -0.018835 -0.202532 -0.124173 -0.416842 0.470079 -0.172504 0.210969 -0.069706 0.207378 -0.103283 -0.335085 -0.383547 -0.129577 -0.351266 0.211691 0.030552 0.121297 0.140647 0.304260 0.254745 0.265877 0.077322 -0.129209 -0.084986 0.069209 0.010782 0.279270 0.151611 0.157416 0.011469 -0.005000 -0.098203 0.026873 0.030579 -0.118627 0.183767 -0.167732 0.285494 0.045295 0.052865 -0.015073 -0.212130 -0.191091 0.049540 -0.202771 0.208236 -0.239165 -0.106823 -0.215715 -0.178752 -0.112502 -0.112532 -0.154344 0.103529 0.057676 0.001774 0.082657 0.200078 0.185245 -0.081724
-0.056456 0.197757 -0.251863 0.449420 0.024083 0.137563 -0.017183 0.485141 0.065358 0.488342 0.220469 1.000000 0.208026 0.771864 0.077595 0.445516 0.023937 0.071097 0.065898 0.145645 -0.035242 -0.037089 -0.095155 0.220511 -0.114076 -0.155599 -0.096220 -0.169873 0.233780 0.416977 0.021589 0.172632 0.023605 0.168061 -0.246371 -0.118589 -0.067011 -0.026212 -0.191953 -0.008214 0.100171 0.183247 -0.227646 -0.290059 -0.370195 -0.349128 -0.113639 -0.267791 -0.328208 -0.320831 -0.182131 -0.200249 0.028663 0.167159 -0.149643 -0.293126 -0.086491 -0.020251 -0.218245 -0.135509 0.271161 0.261679 0.013410 0.125129 0.240319 0.183767 -0.447803 -0.210824 -0.217774 -0.281394 -0.106443 0.177018 0.168204 0.267017 0.317457 0.314694 0.164683 0.082097 0.016619 -0.007426 -0.016298 0.062892 0.034582 0.335873 0.113812 0.370624 -0.076394 -0.086458 0.041001 0.097455 0.085834 -0.195703 0.404197 -0.008493 -0.074446 0.073642 -0.329415 -0.202890 -0.041056 -0.284002 0.207573 -0.180022 0.121878 -0.439837 -0.292380 -0.215672 -0.011460 -0.081014 0.013839 -0.078659 -0.343336 -0.077704 -0.019094 0.127377 0.129582 0.026878
0.257512 0.069862 0.120096 -0.107034 0.084618 -0.180033 0.462651 0.108812 -0.009122 -0.074119 0.788462 0.208026 1.000000 0.388654 0.447438 0.444756 0.366341 0.152126 0.048837 -0.117825 0.325505 -0.157330 -0.026836 -0.161252 -0.154337 -0.053675 0.084906 -0.093355 0.102863 0.116510 0.248185 0.113398 -0.020852 0.076202 -0.196863 0.085545 0.041586 -0.105286 -0.225660 -0.282448 -0.095494 0.049008 0.012229 0.029588 0.021862 0.056364 0.027418 -0.140619 -0.026609 -0.126537 -0.120833 -0.105860 -0.089337 -0.073799 -0.159868 -0.190687 -0.052862 -0.260653 -0.010736 -0.379217 0.665892 0.091479 0.313841 0.061755 0.154969 0.234086 -0.300812 -0.129120 -0.178005 -0.317116 0.058892 -0.000621 0.118706 0.146187 0.199108 0.202342 0.209079 0.027721 -0.122938 -0.119361 0.019559 -0.009441 0.031002 0.206719 -0.063601 -0.131062 -0.291368 -0.272218 -0.148765 -0.060406 -0.148404 -0.115896 -0.156150 0.060039 -0.041836 0.102702 -0.034889 -0.363065 -0.094375 -0.127857 0.001097 0.337013 0.004465 -0.155181 -0.238761 -0.241302 0.120696 -0.127342 -0.243253 -0.009439 0.116261 0.060576 0.095888 0.220157 0.107758 -0.121727
-0.126710 0.106205 -0.321682 0.494061 0.052513 -0.030204 0.122063 0.717141 0.143779 0.551807 0.248652 0.771864 0.388654 1.000000 0.154236 0.611963 0.054515 0.043125 0.091157 0.109123 -0.027148 -0.191116 -0.220806 0.116527 -0.246306 -0.207945 -0.178802 -0.262232 0.252874 0.322856 -0.014781 0.206856 0.018921 0.224997 -0.121559 0.063684 -0.193471 -0.254119 -0.283360 -0.107347 0.065924 0.071455 -0.234784 -0.308490 -0.279046 -0.264111 -0.110477 -0.308647 -0.441601 -0.409008 -0.420515 -0.396680 -0.184220 -0.068247 -0.404642 -0.458457 -0.081282 -0.052010 -0.139156 -0.188265 0.533057 0.446407 0.094761 0.108608 0.319531 0.283438 -0.422317 -0.107404 -0.101912 -0.196751 -0.092212 0.200527 0.112593 0.255577 0.269239 0.254721 0.046898 0.006288 0.117230 -0.024571 -0.004692 0.067750 0.104650 0.426375 0.188152 0.253682 -0.125143 -0.012826 0.104880 0.032948 0.157636 -0.272246 0.500578 -0.031061 -0.093907 -0.087016 -0.408881 -0.292020 -0.131435 -0.390448 0.351044 0.116197 0.295368 -0.395021 -0.373188 -0.215292 0.093695 -0.089333 -0.108915 -0.226545 -0.309265 -0.101839 -0.063071 -0.005449 0.042789 0.029869
-0.170301 -0.408011 0.459027 0.401542 0.325966 0.226259 0.308994 -0.046230 0.381165 -0.062744 0.545381 0.077595 0.447438 0.154236 1.000000 0.324721 -0.223397 -0.342001 0.404707 -0.158293 0.409005 0.334611 0.653617 0.552439 0.574105 0.533628 0.628981 0.519744 -0.022243 -0.301386 0.666712 0.337087 -0.407397 -0.182341 -0.174864 0.003987 0.175952 0.081463 0.174937 0.094065 -0.268788 0.035199 -0.146307 -0.123015 -0.080571 -0.265666 -0.193899 -0.215883 -0.015215 -0.018338 0.287608 -0.208531 -0.340201 -0.009653 0.027813 -0.004901 -0.149215 -0.287016 -0.478811 -0.501071 0.126240 -0.459307 -0.403214 -0.621687 0.703406 -0.193283 -0.516580 -0.244420 -0.143961 -0.330914 0.383095 0.193226 -0.155657 0.023529 0.271376 0.009053 0.039811 -0.212192 -0.265318 -0.234449 -0.203776 -0.250600 0.506221 0.208264 0.484190 0.315111 0.433581 0.341846 0.591538 0.195270 0.052963 0.255947 0.140364 0.437354 0.164122 0.033602 -0.082000 -0.196380 -0.335937 -0.274635 -0.320557 -0.182904 -0.441025 -0.390129 -0.426049 -0.080786 -0.395192 -0.265463 -0.076659 -0.134538 0.064101 -0.375047 -0.341217 -0.149287 -0.007638 -0.036008
-0.067558 -0.012156 -0.185095 0.328578 0.171200 0.113857 0.114089 0.504418 0.222649 0.434330 0.331262 0.445516 0.444756 0.611963 0.324721 1.000000 -0.111667 -0.197420 -0.069345 -0.134108 0.234427 -0.050203 -0.158507 0.060653 -0.148631 -0.044966 0.054955 -0.007451 -0.109942 -0.014496 0.045777 0.137629 -0.161163 -0.016294 -0.114889 0.129477 -0.054301 -0.151741 -0.080384 -0.125631 -0.091935 0.111234 -0.082724 -0.129518 -0.113573 -0.104590 -0.048473 -0.157414 -0.152182 -0.196079 -0.155879 -0.187982 -0.094171 0.024747 -0.137237 -0.162784 -0.049098 -0.243117 -0.239427 -0.208528 0.483730 0.384297 -0.001816 -0.135877 0.206183 0.321939 -0.330930 -0.034021 -0.123686 -0.194436 0.027588 0.193842 -0.139558 0.178753 0.157594 0.166724 0.022522 -0.000281 -0.173167 -0.283194 -0.171040 -0.220063 -0.071370 0.297190 -0.025408 -0.062226 -0.179711 -0.132560 -0.015122 0.055101 0.311263 -0.108059 0.245906 -0.052537 0.093341 -0.020334 -0.114602 -0.234934 0.020069 -0.215949 0.252127 0.057028 0.206431 -0.115878 -0.186879 -0.023053 0.027256 -0.097610 -0.133606 -0.157117 -0.119895 -0.020954 0.002947 0.050097 0.075384 0.005942
0.580771 0.578417 -0.021018 -0.326827 -0.219470 -0.430612 0.114916 -0.173645 -0.308141 -0.203570 0.355615 0.023937 0.366341 0.054515 -0.223397 -0.111667 1.000000 0.843593 0.100392 0.092805 -0.281428 -0.430584 -0.226768 -0.457237 -0.377898 -0.406516 -0.372669 -0.378585 0.437427 0.483027 -0.237802 -0.282908 0.380250 0.390364 -0.040230 -0.149129 0.113840 0.005040 -0.366863 -0.395748 0.001944 -0.022572 -0.208646 -0.090916 -0.238228 -0.134079 -0.128688 -0.208590 -0.349841 -0.312365 -0.332485 -0.307090 0.080314 -0.301851 -0.166599 -0.232527 0.457641 0.333599 0.279815 -0.160134 0.386206 0.242268 0.716850 0.694335 -0.228778 0.075818 -0.026929 -0.208260 0.287102 0.014142 -0.030649 -0.140984 0.542969 0.298274 0.262859 0.251955 0.427271 0.403906 0.331692 0.457244 0.613788 0.611392 0.003433 0.059717 -0.192240 -0.210740 -0.321147 -0.230390 -0.394162 -0.098513 -0.374076 -0.134350 -0.241622 -0.110682 -0.261561 0.121362 -0.054085 -0.017567 0.039759 0.330076 0.016225 0.317987 0.198571 0.280032 0.086983 -0.233789 -0.010854 0.053766 -0.267924 0.194526 0.062866 0.372891 0.313916 0.325985 0.333092 -0.012831
0.532734 0.699010 -0.144134 -0.298146 -0.299896 -0.315601 0.022389 -0.195312 -0.318818 -0.173112 0.120113 0.071097 0.152126 0.043125 -0.342001 -0.197420 0.843593 1.000000 0.067793 0.141238 -0.266697 -0.429869 -0.265587 -0.442666 -0.331645 -0.349684 -0.290556 -0.296960 0.456027 0.553967 -0.321535 -0.320833 0.492217 0.433308 0.028647 -0.191240 0.141969 0.122551 -0.259521 -0.208601 0.061576 0.090263 -0.296111 -0.182552 -0.295728 -0.212945 -0.175427 -0.263882 -0.387245 -0.318134 -0.329380 -0.273870 0.131545 -0.255903 -0.071664 -0.185582 0.536973 0.507258 0.229560 -0.051281 0.218043 0.243840 0.622164 0.759757 -0.249120 0.083886 -0.025185 -0.277519 0.320353 0.052977 -0.098990 -0.154304 0.618653 0.405900 0.320806 0.250318 0.459658 0.458162 0.465219 0.622842 0.641834 0.727412 -0.107827 -0.022929 -0.177568 -0.116435 -0.278426 -0.178480 -0.365872 -0.018380 -0.463741 -0.311998 -0.243980 -0.234528 -0.261965 0.171712 -0.024404 0.132860 0.028157 0.366138 -0.015977 0.190819 0.213581 0.212770 0.080239 -0.344791 -0.040664 0.036476 -0.200149 0.245156 -0.036749 0.405588 0.389080 0.365189 0.435225 0.008057
0.246569 0.109023 0.353186 0.284515 0.335669 0.003898 0.227653 -0.111982 0.266221 -0.053505 0.261290 0.065898 0.048837 0.091157 0.404707 -0.069345 0.100392 0.067793 1.000000 0.464629 -0.045617 -0.077957 0.400801 0.318749 0.349446 0.184188 0.303802 0.145715 0.250380 0.015720 0.460324 0.175826 0.160848 0.195843 0.067890 0.011054 -0.002899 0.014757 -0.010316 -0.007847 -0.207268 -0.095099 -0.396010 -0.274155 -0.227071 -0.442523 -0.298713 -0.191243 -0.327687 -0.202653 -0.108236 -0.474876 -0.480075 -0.271556 -0.281626 -0.060622 0.238372 0.266312 -0.318797 -0.519421 -0.068282 -0.425925 -0.183738 -0.277573 0.486162 -0.541930 -0.318730 -0.199188 0.554911 -0.202153 0.333511 -0.005395 0.145646 0.220799 0.377776 0.136008 0.144167 0.035817 -0.085214 -0.039168 0.179398 0.161850 0.728731 0.246206 0.555740 0.349337 0.503993 0.479131 0.457215 -0.103635 -0.229671 0.168095 0.033916 0.261853 -0.076570 -0.080922 -0.277356 -0.108121 -0.334772 -0.065350 -0.524583 -0.159804 -0.389298 -0.199991 -0.283373 -0.037218 -0.477566 -0.120060 -0.058818 0.061166 0.063345 -0.244842 -0.376610 -0.299157 0.101565 -0.054197
0.148445 0.255951 0.044349 0.078153 0.035910 -0.171502 0.220485 0.089626 0.013313 -0.093589 -0.075763 0.145645 -0.117825 0.109123 -0.158293 -0.134108 0.092805 0.141238 0.464629 1.000000 -0.253321 -0.195255 0.008316 0.052431 -0.110168 -0.179046 -0.136230 -0.194931 0.265311 0.176785 0.069905 -0.068332 0.243980 0.201496 0.020531 -0.112999 -0.149620 -0.269965 -0.060463 -0.051428 -0.007123 0.015115 -0.152162 -0.173960 -0.025327 -0.217161 -0.037223 -0.103700 -0.298734 -0.120767 -0.305171 -0.236003 -0.150944 -0.193178 -0.258176 -0.148556 0.104776 0.276733 -0.047877 0.047207 -0.214245 -0.162055 0.031892 0.054391 0.025772 -0.487402 -0.050746 -0.112147 0.345648 0.257724 0.189634 -0.014084 0.196439 0.021799 0.048182 0.088490 0.015563 -0.075102 0.070984 0.023888 0.174674 0.168141 0.464422 0.398206 0.185798 0.010771 0.206923 0.213610 0.044715 -0.421765 -0.032955 -0.036525 0.073377 0.107454 -0.283309 -0.133515 -0.304356 -0.091534 -0.200361 -0.058534 -0.158682 -0.032106 0.038178 0.011374 0.178621 0.182146 -0.016502 -0.025807 -0.030133 -0.140547 -0.304896 -0.115414 -0.036692 -0.111395 0.061407 -0.063216
-0.129975 -0.217885 0.001367 -0.010937 -0.132455 0.247979 0.135995 -0.050883 0.098328 -0.219570 0.273423 -0.035242 0.325505 -0.027148 0.409005 0.234427 -0.281428 -0.266697 -0.045617 -0.253321 1.000000 0.453821 0.101393 0.005622 0.104834 0.497452 0.440991 0.348268 -0.052106 -0.087660 0.515416 0.471928 -0.106941 -0.081606 0.023340 0.041839 0.267009 0.295269 0.358781 0.263802 0.164328 0.228414 0.035714 0.084485 0.011614 0.038303 0.097491 0.075492 0.048616 0.024085 0.183862 0.092810 -0.057020 0.118416 0.214355 0.230425 -0.021952 -0.224837 -0.306853 -0.282827 0.120811 -0.224034 -0.160075 -0.379572 0.192071 0.126833 -0.300072 -0.192780 -0.185945 -0.188912 0.293528 0.352848 0.026158 0.169487 0.227895 0.164499 0.221235 0.109103 -0.117636 -0.101412 -0.042033 -0.095089 -0.077622 -0.055768 0.047976 0.090267 -0.002662 -0.090892 0.031799 0.061684 0.017432 -0.177831 -0.131071 -0.115278 0.071247 0.100671 0.250679 0.043875 0.000950 -0.029816 -0.216651 -0.188468 -0.309697 -0.263873 -0.214475 -0.065379 -0.068390 -0.196870 0.132503 0.019633 0.213670 -0.168407 -0.113359 -0.024627 -0.022191 -0.120012
-0.319358 -0.361358 0.119499 0.213377 -0.121686 0.462259 -0.080453 -0.199540 -0.069237 -0.169803 -0.012422 -0.037089 -0.157330 -0.191116 0.334611 -0.050203 -0.430584 -0.429869 -0.077957 -0.195255 0.453821 1.000000 0.303504 0.352246 0.381156 0.579149 0.441301 0.513968 -0.056439 -0.262134 0.379270 0.377489 -0.316636 -0.173376 0.159067 0.001890 0.310264 0.406496 0.411808 0.335845 0.162202 0.271403 -0.108833 -0.105094 -0.188599 -0.186154 -0.108084 -0.070196 0.022438 -0.056823 0.388247 0.083724 0.032654 0.236260 0.392563 0.173953 -0.128578 -0.094081 -0.207976 0.027753 -0.237814 -0.401178 -0.360158 -0.467964 0.267008 -0.132486 -0.074692 0.006036 -0.299272 -0.072379 0.187905 0.341686 -0.169510 -0.049801 0.080220 0.041788 -0.042191 -0.030391 -0.000870 -0.082083 -0.150707 -0.162933 0.158971 -0.088541 0.322218 0.406644 0.493888 0.284300 0.394489 0.281920 0.126924 0.016644 0.052633 0.049586 0.343721 0.139876 0.133594 0.218103 -0.176931 -0.256889 -0.182921 -0.337055 -0.449070 -0.236967 -0.064527 0.139409 -0.224545 -0.126806 0.233731 -0.088145 0.090267 -0.357513 -0.316756 -0.055183 -0.068199 -0.113843
-0.267444 -0.439041 0.757240 0.433796 0.299565 0.270054 0.205976 -0.266371 0.262103 -0.181098 0.218966 -0.095155 -0.026836 -0.220806 0.653617 -0.158507 -0.226768 -0.265587 0.400801 0.008316 0.101393 0.303504 1.000000 0.762911 0.798909 0.592447 0.567493 0.614201 -0.089406 -0.330034 0.613514 0.319237 -0.325892 -0.161609 -0.140011 -0.058909 0.194988 0.035102 0.186602 0.044065 -0.215138 -0.041197 -0.188073 -0.170050 -0.144958 -0.385942 -0.262026 -0.227204 0.001771 0.008888 0.501749 -0.155735 -0.274252 -0.067877 0.092900 -0.057741 -0.231035 -0.182350 -0.430024 -0.305523 -0.292687 -0.606232 -0.467424 -0.523476 0.670904 -0.390811 -0.313903 -0.211257 -0.179901 -0.164383 0.310893 0.068165 -0.157479 -0.139875 0.157015 -0.107158 -0.046812 -0.236530 -0.139181 -0.051145 -0.204386 -0.185242 0.534511 0.013988 0.491595 0.311177 0.643427 0.476347 0.716838 0.212361 -0.064485 0.446294 0.167414 0.667111 0.136622 0.084660 -0.186114 -0.126370 -0.509405 -0.263102 -0.495307 -0.323032 -0.556306 -0.289268 -0.349398 0.023554 -0.444948 -0.264503 0.041455 -0.029687 0.003212 -0.496560 -0.401469 -0.209803 0.035463 0.073412
-0.544259 -0.460098 0.427352 0.760911 0.366235 0.493769 0.011643 0.165889 0.309915 0.235017 -0.018024 0.220511 -0.161252 0.116527 0.552439 0.060653 -0.457237 -0.442666 0.318749 0.052431 0.005622 0.352246 0.762911 1.000000 0.708591 0.639461 0.514234 0.641704 -0.247474 -0.399097 0.469289 0.414706 -0.399026 -0.129654 -0.008295 0.232333 -0.080167 -0.091036 0.089259 0.130124 -0.245981 0.016007 -0.307886 -0.336228 -0.254156 -0.386263 -0.364214 -0.247751 -0.101933 -0.173720 0.323291 -0.264889 -0.371506 -0.126766 -0.133172 -0.226746 -0.331008 -0.096353 -0.372062 -0.176404 -0.282327 -0.360218 -0.650173 -0.571270 0.695873 -0.138724 -0.271510 0.123280 -0.169683 -0.135022 0.110549 0.035033 -0.339005 -0.224901 0.035292 -0.241204 -0.344974 -0.424734 -0.192861 -0.219950 -0.364052 -0.342351 0.474913 0.078805 0.529551 0.432065 0.652854 0.530049 0.798316 0.255050 0.205604 0.325182 0.562496 0.511290 0.165521 -0.005088 -0.401892 -0.166125 -0.500691 -0.531402 -0.236832 -0.365232 -0.465228 -0.388131 -0.299534 0.206427 -0.409719 -0.207951 0.003514 -0.261072 -0.053533 -0.611713 -0.554595 -0.394000 -0.052306 0.148996
-0.334369 -0.347203 0.578137 0.392789 0.362473 0.480055 -0.002562 -0.283790 0.260240 -0.068339 0.138610 -0.114076 -0.154337 -0.246306 0.574105 -0.148631 -0.377898 -0.331645 0.349446 -0.110168 0.104834 0.381156 0.798909 0.708591 1.000000 0.637846 0.691930 0.651862 -0.234510 -0.457393 0.400432 0.138255 -0.336596 -0.316452 -0.140664 -0.104006 0.202195 0.147498 0.377632 0.247533 -0.115603 -0.068873 -0.250239 -0.222904 -0.198190 -0.381178 -0.301401 -0.230562 0.101700 0.000591 0.576973 -0.067491 -0.169799 -0.013541 0.205483 0.034301 -0.131734 -0.025723 -0.301684 -0.172793 -0.304792 -0.537787 -0.582486 -0.549939 0.530785 -0.277622 -0.115379 -0.027097 -0.038583 -0.191424 0.190277 -0.052789 -0.273602 -0.136780 0.100522 -0.220239 -0.121464 -0.294220 -0.207618 -0.094126 -0.252945 -0.292542 0.418114 -0.169599 0.498345 0.382982 0.685152 0.521063 0.706110 0.292667 0.019212 0.380237 0.147828 0.526452 0.255033 0.002180 -0.165613 0.072875 -0.412872 -0.205676 -0.433155 -0.220686 -0.566579 -0.272568 -0.276245 0.012397 -0.397007 -0.176263 0.074972 0.028421 0.000440 -0.460388 -0.357293 -0.285987 -0.039254 -0.058558
-0.405310 -0.385191 0.291775 0.436246 -0.022849 0.554560 -0.006681 -0.073035 0.123510 -0.212067 -0.005227 -0.155599 -0.053675 -0.207945 0.533628 -0.044966 -0.406516 -0.349684 0.184188 -0.179046 0.497452 0.579149 0.592447 0.639461 0.637846 1.000000 0.690673 0.778876 -0.200853 -0.352542 0.559221 0.529130 -0.211635 0.005478 0.219365 0.328767 0.212236 0.247752 0.388221 0.302036 -0.004766 0.202675 -0.264056 -0.244087 -0.207801 -0.261212 -0.282917 -0.164457 -0.037815 -0.188832 0.448135 -0.177273 -0.343276 -0.126612 0.060226 -0.063452 -0.017069 -0.017401 -0.350224 -0.255444 -0.224969 -0.485170 -0.534887 -0.573047 0.556716 -0.028160 -0.218533 0.117672 -0.095565 -0.131071 0.170214 0.142870 -0.111178 0.027798 0.183081 -0.077938 -0.026342 -0.163827 -0.099887 -0.061732 -0.120637 -0.167586 0.280755 -0.108486 0.437506 0.385850 0.556980 0.382857 0.543701 0.228242 -0.051681 0.011123 0.149681 0.167608 0.152446 0.157048 -0.089326 0.052919 -0.398356 -0.375664 -0.397212 -0.386147 -0.531059 -0.319002 -0.254267 0.084317 -0.401638 -0.209166 0.181730 -0.041287 0.235943 -0.580824 -0.517620 -0.313088 -0.073663 0.025836
-0.224465 -0.228960 0.287356 0.354504 0.327631 0.533909 0.160890 -0.178024 0.307685 -0.120470 0.140362 -0.096220 0.084906 -0.178802 0.628981 0.054955 -0.372669 -0.290556 0.303802 -0.136230 0.440991 0.441301 0.567493 0.514234 0.691930 0.690673 1.000000 0.784115 -0.224017 -0.429363 0.514395 0.257021 -0.228067 -0.257422 -0.015670 0.039996 0.198139 0.035447 0.327475 0.260498 -0.257126 -0.009516 -0.267639 -0.255561 -0.184630 -0.300237 -0.249916 -0.245344 0.066611 -0.026695 0.419889 -0.017136 -0.202490 0.059330 0.143397 0.034384 -0.037226 -0.012638 -0.396594 -0.212384 -0.124559 -0.386995 -0.454790 -0.508830 0.540340 -0.078788 -0.247203 -0.021777 0.005666 -0.107132 0.199817 0.016587 -0.165984 -0.012558 0.184479 -0.135187 -0.041904 -0.251330 -0.305908 -0.206539 -0.175591 -0.261891 0.304777 -0.138444 0.422443 0.340820 0.475666 0.283215 0.529971 0.284074 0.025967 0.108596 0.069216 0.206760 0.141632 0.028110 -0.141056 -0.057066 -0.311913 -0.245504 -0.321280 -0.236734 -0.488942 -0.336530 -0.361287 -0.029385 -0.265254 -0.350460 -0.045213 -0.062918 0.087781 -0.336952 -0.260215 -0.212491 0.132334 -0.138493
-0.344813 -0.213507 0.232420 0.465857 0.032872 0.520563 -0.070112 -0.199168 -0.008976 -0.177325 -0.046257 -0.169873 -0.093355 -0.262232 0.519744 -0.007451 -0.378585 -0.296960 0.145715 -0.194931 0.348268 0.513968 0.614201 0.641704 0.651862 0.778876 0.784115 1.000000 -0.345990 -0.536290 0.440358 0.283828 -0.388088 -0.236211 0.156460 0.183677 0.133066 0.162265 0.341570 0.337268 -0.262759 0.155490 -0.346753 -0.311931 -0.269565 -0.297197 -0.372661 -0.250038 0.005094 -0.124053 0.417382 -0.096760 -0.146131 -0.116508 0.192385 0.024509 -0.107992 0.153732 -0.236455 0.006344 -0.328076 -0.370846 -0.556601 -0.470592 0.469904 -0.019782 -0.069983 0.121644 -0.054451 0.043120 0.151902 -0.013556 -0.291449 -0.198178 0.001608 -0.306097 -0.195439 -0.276551 -0.224498 -0.174163 -0.241935 -0.277887 0.255013 -0.080972 0.352693 0.293683 0.554084 0.448171 0.595286 0.437363 0.107822 0.169405 0.177655 0.207137 0.222729 0.125011 -0.083803 0.048539 -0.312017 -0.290393 -0.339420 -0.330216 -0.502437 -0.084362 -0.127403 0.200418 -0.292426 -0.144177 -0.019844 -0.147626 0.174526 -0.410538 -0.411253 -0.221055 0.089990 0.056901
0.282963 0.202898 -0.057243 -0.049528 -0.309668 -0.330229 0.196572 0.008284 -0.053239 -0.161225 0.198706 0.233780 0.102863 0.252874 -0.022243 -0.109942 0.437427 0.456027 0.250380 0.265311 -0.052106 -0.056439 -0.089406 -0.247474 -0.234510 -0.200853 -0.224017 -0.345990 1.000000 0.666203 0.095157 0.149546 0.386741 0.481743 -0.143526 -0.428741 0.291663 0.289411 0.048435 0.074442 0.365659 0.159513 -0.184844 -0.174144 -0.259854 -0.383621 -0.021316 -0.287705 -0.550023 -0.326044 -0.325845 -0.422209 -0.108343 -0.161642 -0.038825 -0.207777 0.339666 0.179124 -0.182843 -0.280176 0.152629 -0.061131 0.450090 0.313368 0.149823 -0.275611 -0.374037 -0.580805 0.076206 -0.079999 0.381676 0.318479 0.726962 0.562965 0.522778 0.510657 0.553682 0.451279 0.538350 0.441415 0.564064 0.647818 0.364084 0.264417 0.339139 0.360622 0.055778 0.052682 -0.059330 -0.176477 -0.339842 -0.296279 -0.001092 -0.031559 -0.330617 0.063688 -0.092236 0.102369 -0.138492 0.087511 -0.084456 0.021722 0.134922 -0.201825 -0.236892 -0.427109 -0.103015 -0.003157 0.008726 0.049349 -0.304584 0.108629 0.139873 0.318646 0.189074 -0.076151
0.301909 0.398121 -0.190858 -0.104929 -0.323789 -0.343990 0.170466 0.224363 -0.047421 0.047895 0.046069 0.416977 0.116510 0.322856 -0.301386 -0.014496 0.483027 0.553967 0.015720 0.176785 -0.087660 -0.262134 -0.330034 -0.399097 -0.457393 -0.352542 -0.429363 -0.536290 0.666203 1.000000 -0.071805 0.142626 0.547445 0.672754 -0.055204 -0.217141 0.146321 0.230019 -0.191687 -0.081519 0.355664 0.336021 -0.109357 -0.079203 -0.256902 -0.194558 0.069870 -0.139060 -0.459958 -0.289728 -0.359840 -0.248553 0.059881 0.004510 -0.126329 -0.178976 0.250719 0.121699 -0.080637 -0.175718 0.290014 0.262697 0.456690 0.516438 -0.048552 0.111957 -0.324045 -0.420721 -0.024864 -0.226668 0.132992 0.259506 0.783013 0.641203 0.521999 0.664550 0.672115 0.675418 0.455570 0.481215 0.466854 0.611898 -0.089800 0.281177 -0.151496 0.086079 -0.342339 -0.325508 -0.364255 -0.184875 -0.389234 -0.490164 -0.117234 -0.336646 -0.237530 0.296597 -0.087713 0.049402 0.151712 0.130920 0.073418 -0.029502 0.330977 -0.168009 -0.179952 -0.516612 0.029117 0.157354 0.066476 0.248377 -0.208231 0.297660 0.301457 0.391066 0.133364 -0.070173
-0.088084 -0.326863 0.474854 0.312046 0.149475 0.036874 0.409957 -0.021001 0.277377 -0.293148 0.348800 0.021589 0.248185 -0.014781 0.666712 0.045777 -0.237802 -0.321535 0.460324 0.069905 0.515416 0.379270 0.613514 0.469289 0.400432 0.559221 0.514395 0.440358 0.095157 -0.071805 1.000000 0.672194 -0.122231 0.129864 -0.039097 0.081724 0.079944 0.157627 0.078523 0.036758 -0.112551 0.073952 -0.084263 -0.007763 -0.078351 -0.231292 -0.048170 -0.072206 -0.114080 0.023122 0.213895 -0.116787 -0.366935 0.038999 -0.018670 0.067369 -0.280731 -0.249682 -0.539427 -0.461506 -0.054997 -0.560616 -0.422533 -0.530856 0.641339 -0.307242 -0.551979 -0.312121 -0.235175 -0.417966 0.514150 0.312113 0.093103 0.168107 0.342421 0.211145 0.200773 0.037902 -0.181190 -0.135937 -0.208533 -0.182661 0.486131 0.202140 0.351988 0.262793 0.405963 0.228782 0.428391 -0.059664 -0.194111 0.160981 0.062467 0.323672 0.035038 0.196295 -0.080267 -0.119197 -0.259990 -0.178566 -0.495420 -0.362660 -0.486265 -0.396209 -0.386235 -0.001172 -0.297341 -0.158407 0.077142 -0.002476 0.115210 -0.263076 -0.264623 -0.082960 -0.064704 -0.047648
-0.264121 -0.367772 0.150517 0.491888 -0.017055 0.172957 0.247327 0.386645 0.235036 0.044717 0.006957 0.172632 0.113398 0.206856 0.337087 0.137629 -0.282908 -0.320833 0.175826 -0.068332 0.471928 0.377489 0.319237 0.414706 0.138255 0.529130 0.257021 0.283828 0.149546 0.142626 0.672194 1.000000 0.031006 0.456587 0.230407 0.349938 -0.050032 0.102442 -0.071713 0.045275 0.148502 0.175902 -0.158736 -0.087444 -0.170789 -0.122085 -0.058152 -0.078100 -0.347542 -0.216986 -0.068568 -0.332210 -0.447477 -0.125413 -0.331817 -0.187912 -0.179616 -0.246090 -0.393016 -0.419765 0.088222 -0.162943 -0.278187 -0.361896 0.557949 0.092660 -0.438892 -0.079364 -0.224558 -0.413156 0.378278 0.529612 0.157112 0.257006 0.294170 0.329889 0.192865 0.165511 0.155491 0.029880 -0.047622 0.022171 0.197638 0.163336 0.247937 0.313223 0.181936 0.132510 0.304855 -0.107773 -0.163389 -0.221162 0.279917 0.075793 -0.056712 0.172559 -0.190059 -0.128355 -0.245705 -0.421234 -0.176709 -0.316405 -0.200874 -0.494979 -0.435880 -0.128813 -0.176100 -0.116429 0.180821 -0.077027 0.094202 -0.343088 -0.426581 -0.224572 -0.157916 -0.088344
0.303064 0.385305 -0.137155 -0.222421 -0.127107 -0.109340 0.211715 0.050435 -0.026834 -0.057194 -0.128437 0.023605 -0.020852 0.018921 -0.407397 -0.161163 0.380250 0.492217 0.160848 0.243980 -0.106941 -0.316636 -0.325892 -0.399026 -0.336596 -0.211635 -0.228067 -0.388088 0.386741 0.547445 -0.122231 0.031006 1.000000 0.611806 0.022249 -0.103886 -0.037114 0.109789 -0.189129 -0.193039 0.350926 0.073367 -0.084965 -0.001374 -0.094409 -0.023464 0.097568 -0.021861 -0.344143 -0.202100 -0.364323 -0.223094 -0.212349 -0.196849 -0.207844 -0.054486 0.338518 0.302648 -0.043596 -0.159148 0.127349 0.140802 0.401559 0.439322 -0.140660 0.008381 -0.085528 -0.147617 0.214232 -0.048598 -0.134462 -0.088521 0.666234 0.509532 0.364232 0.325351 0.456738 0.428291 0.339738 0.504075 0.352876 0.503921 -0.115020 -0.042442 -0.112735 -0.010304 -0.206496 -0.182721 -0.344317 -0.328999 -0.548896 -0.500615 -0.258894 -0.272610 -0.326219 0.077485 0.089828 0.063934 0.082579 0.186307 -0.090692 0.075307 0.249550 -0.016283 -0.056746 -0.384092 -0.100673 0.045197 -0.048970 0.368891 0.057430 0.221674 0.228934 0.166855 0.145268 -0.168523
0.184677 0.281764 -0.059092 0.154491 -0.228816 -0.150890 0.284353 0.348321 -0.017544 0.031173 -0.097293 0.168061 0.076202 0.224997 -0.182341 -0.016294 0.390364 0.433308 0.195843 0.201496 -0.081606 -0.173376 -0.161609 -0.129654 -0.316452 0.005478 -0.257422 -0.236211 0.481743 0.672754 0.129864 0.456587 0.611806 1.000000 0.336810 0.251168 -0.013825 0.141344 -0.291351 -0.204370 0.300250 0.302298 -0.295740 -0.226684 -0.300359 -0.183847 -0.157064 -0.243441 -0.612156 -0.455472 -0.421931 -0.522225 -0.350462 -0.310975 -0.454592 -0.375797 0.295461 0.273962 -0.174620 -0.338782 0.203239 0.137006 0.315571 0.310179 0.148190 0.119404 -0.331384 -0.145666 0.136976 -0.190300 0.187992 0.343011 0.691707 0.621088 0.490766 0.532598 0.516788 0.595761 0.571417 0.526132 0.474273 0.626662 0.021603 0.284457 -0.013524 0.110678 -0.147648 -0.143426 -0.133152 -0.242244 -0.425393 -0.474930 0.002703 -0.295579 -0.269942 0.258250 -0.204402 -0.106585 -0.028002 -0.100108 -0.065972 -0.034993 0.272995 -0.115385 -0.167852 -0.391657 -0.166810 0.031340 0.004785 0.111211 0.067086 0.104790 -0.032019 0.087614 0.050617 -0.040977
-0.087123 0.001838 -0.158288 0.127923 -0.205286 0.074578 -0.043743 0.125333 -0.118087 -0.073944 -0.312726 -0.246371 -0.196863 -0.121559 -0.174864 -0.114889 -0.040230 0.028647 0.067890 0.020531 0.023340 0.159067 -0.140011 -0.008295 -0.140664 0.219365 -0.015670 0.156460 -0.143526 -0.055204 -0.039097 0.230407 0.022249 0.336810 1.000000 0.618806 -0.095361 0.039394 0.071492 0.098315 0.031185 0.151080 -0.298315 -0.237512 -0.103513 0.062211 -0.295108 -0.057278 -0.200276 -0.262839 -0.160905 -0.254426 -0.157242 -0.342118 -0.182863 -0.187420 0.134166 0.270362 0.128987 0.017896 -0.049769 0.076205 -0.048690 -0.032399 -0.032479 0.145964 0.208979 0.396350 0.284507 0.285334 -0.010054 0.228545 -0.073871 0.066870 -0.061102 0.025061 -0.103192 0.168385 0.256933 0.205222 0.145709 0.189169 -0.025128 0.047650 0.011998 0.016067 0.109184 0.085914 0.125564 0.092427 0.011504 -0.210754 -0.021287 -0.327795 -0.022371 -0.087086 -0.084238 -0.005291 -0.067128 -0.176914 0.031590 -0.045539 -0.016224 0.185899 0.161856 0.163585 -0.128432 -0.138934 0.042871 -0.143846 0.311693 -0.088648 -0.289727 -0.241411 -0.057648 0.110910
-0.253416 -0.157416 -0.115304 0.269386 0.031090 0.103005 -0.061603 0.395979 0.032497 0.153288 -0.214194 -0.118589 0.085545 0.063684 0.003987 0.129477 -0.149129 -0.191240 0.011054 -0.112999 0.041839 0.001890 -0.058909 0.232333 -0.104006 0.328767 0.039996 0.183677 -0.428741 -0.217141 0.081724 0.349938 -0.103886 0.251168 0.618806 1.000000 -0.417686 -0.179365 -0.285752 -0.147623 -0.243409 0.039856 -0.036252 0.005312 0.129101 0.316839 -0.087318 0.157723 0.013644 -0.109568 -0.149750 -0.162964 -0.362780 -0.309924 -0.464263 -0.217824 -0.149214 -0.069674 0.114338 -0.124021 0.060659 0.130504 -0.178382 -0.186526 0.079284 0.352211 0.086870 0.641061 0.084729 -0.031728 -0.267621 -0.035417 -0.287962 -0.110832 -0.192631 -0.119623 -0.329308 -0.160145 -0.063504 -0.149047 -0.157545 -0.168990 -0.122698 -0.009569 -0.113409 -0.174205 -0.072072 0.010928 0.092874 -0.011881 0.093201 -0.131535 0.179657 -0.250427 0.060687 0.019078 -0.107259 -0.274853 -0.045985 -0.406849 0.088103 -0.100776 -0.065421 -0.049273 -0.022437 0.220364 -0.075847 -0.067547 -0.051110 -0.133419 0.481512 -0.207127 -0.375276 -0.322963 -0.130675 0.156800
