1.000000 0.302529 0.577781 0.303117 -0.186810 -0.412342 0.570071 0.190827 -0.256396 -0.436683 0.421561 0.181509 0.171143 0.090199 0.262849 -0.037697 0.133019 -0.103895 0.729470 -0.087922 0.256610 0.033485 0.569650 0.196157 -0.060466 0.150133 -0.162511 0.159208 0.299788 0.222742 0.635397 0.510274 0.350280 0.378916 0.103839 -0.073336 -0.110147 -0.145886 -0.040180 -0.049155 0.191558 0.045801 -0.519508 -0.450202 -0.627368 -0.574912 -0.512803 -0.526118 -0.579676 -0.657875 -0.248935 -0.565937 -0.272479 -0.278522 -0.031763 -0.452543 0.162367 -0.080066 -0.200959 -0.342557 0.256421 -0.026010 0.223012 0.096126 0.403486 -0.015950 -0.229443 -0.293941 0.152054 -0.282877 0.138023 0.283299 0.400632 0.342197 0.332424 0.379663 0.491620 0.235631 0.072263 0.324374 -0.035607 0.067237 0.366157 0.006550 0.466867 0.057818 0.187884 0.240265 0.406738 -0.378138 -0.358430 -0.106012 -0.261623 -0.055951 -0.032146 0.284437 -0.150485 -0.219017 -0.515617 -0.238060 -0.437861 -0.302361 -0.346950 -0.428135 -0.296110 -0.219305 -0.081119 0.060460 0.152877 0.197243 -0.004319 -0.347771 -0.298694 0.064968 -0.023811 0.031524
0.302529 1.000000 -0.173613 -0.000009 -0.166785 -0.073686 -0.189315 0.008169 -0.172624 -0.088719 0.118987 0.596682 -0.199976 0.456910 -0.156994 0.205993 0.173184 0.233736 0.089617 0.141429 -0.044811 0.172822 -0.041127 -0.121346 -0.138623 -0.066160 -0.158033 0.078730 0.289116 0.553572 0.265860 0.337817 0.403021 0.557766 0.180614 0.129078 0.112669 0.140073 -0.090558 -0.018692 0.311905 0.147176 -0.290451 -0.195884 -0.265445 -0.259451 -0.339310 -0.207060 -0.426267 -0.329909 -0.565964 -0.373172 -0.497669 -0.321483 -0.256398 -0.216423 0.055072 0.322428 -0.213370 -0.157070 -0.019334 0.164734 -0.169325 0.258141 -0.035087 0.045205 -0.258344 -0.144647 0.292823 -0.068336 -0.229024 0.159252 0.356656 0.365126 0.371034 0.411775 0.312574 0.291423 0.400821 0.464095 0.269165 0.390371 0.335010 0.425667 0.089402 0.127239 -0.093960 0.068479 -0.150238 -0.335923 -0.398953 -0.419858 -0.379938 -0.531582 -0.228187 0.228157 0.096848 -0.139186 -0.361440 -0.452624 -0.230053 -0.507456 -0.222035 -0.436936 -0.403829 -0.462506 -0.017914 0.183621 0.170535 0.059127 0.143929 -0.293622 -0.438371 -0.163246 -0.204186 0.089093
0.577781 -0.173613 1.000000 0.365274 -0.132832 -0.383301 0.811563 0.292305 -0.187768 -0.410110 0.318979 -0.050022 0.225480 -0.242837 0.416687 -0.109227 -0.107243 -0.409484 0.574356 -0.230200 0.475294 0.016486 0.781236 0.456939 0.039320 0.281581 -0.037024 0.232523 -0.022989 -0.135667 0.567921 0.398736 0.069730 0.041072 0.083918 0.002232 -0.041401 -0.063474 0.102633 0.048838 0.003652 0.044030 -0.255732 -0.255487 -0.338868 -0.256103 -0.191031 -0.217928 -0.231285 -0.338138 0.060459 -0.293987 -0.091478 -0.107293 0.010491 -0.298134 -0.050166 -0.306393 -0.390570 -0.463223 -0.071050 -0.283620 -0.024962 -0.328059 0.399153 -0.076095 -0.330910 -0.270304 -0.105969 -0.209781 0.312328 0.208611 0.062101 0.062498 0.105311 0.095441 0.193959 0.086530 -0.343309 -0.013878 -0.351387 -0.233067 0.208897 -0.163492 0.357687 0.077623 0.277425 0.283833 0.524378 -0.355924 -0.036255 0.175992 -0.057123 0.274011 0.197135 0.081653 -0.061019 -0.170782 -0.216501 -0.123945 -0.351274 0.035938 -0.197968 -0.203351 -0.123159 -0.083964 -0.130456 -0.255007 0.031241 0.037270 0.149844 -0.176785 -0.160589 0.068478 0.228682 -0.107873
0.303117 -0.000009 0.365274 1.000000 -0.119835 -0.312830 0.401797 0.732615 -0.207014 -0.010918 0.124967 0.043011 -0.150400 -0.063304 0.311505 0.163571 -0.263238 -0.274434 0.300323 -0.246879 0.115694 0.094491 0.364871 0.500373 -0.115333 -0.078831 -0.240514 -0.084699 0.064437 0.028305 0.284383 0.425524 0.054911 0.243856 0.000069 0.052871 -0.060083 -0.238887 -0.093708 -0.046861 0.087430 0.032301 -0.290829 -0.332179 -0.233981 -0.271780 -0.153239 -0.290720 -0.381958 -0.356474 -0.225882 -0.421615 -0.171582 -0.105223 -0.181032 -0.162814 0.027136 -0.469998 -0.254349 -0.334352 -0.112542 -0.078522 -0.045901 -0.173202 0.321622 0.284544 -0.363406 -0.201363 -0.106946 -0.358808 0.192503 0.204553 0.025569 0.236029 0.146383 0.235038 0.110595 0.018107 -0.132661 -0.112554 -0.211745 -0.117366 0.269995 0.143225 0.336580 -0.040641 0.456491 0.456892 0.357964 -0.213881 -0.120336 -0.091626 0.286334 0.156877 0.123209 0.024430 -0.173109 0.061482 -0.102755 -0.073029 0.011523 -0.080876 0.006794 -0.168992 -0.051462 -0.209555 -0.072068 0.068159 0.021390 -0.035456 -0.262646 -0.188843 -0.080522 0.161433 0.168115 0.002403
-0.186810 -0.166785 -0.132832 -0.119835 1.000000 0.826384 -0.241531 -0.344809 0.872499 0.782779 0.082913 -0.056986 -0.039638 -0.261484 0.448177 0.651985 -0.201402 -0.244372 -0.013412 0.162944 0.453224 0.098693 -0.069510 0.062488 0.700174 0.338063 0.790366 0.469668 -0.171217 -0.313062 0.028535 -0.039226 -0.201741 -0.060114 -0.084399 0.012096 -0.241337 -0.194560 -0.241249 -0.081965 0.039122 0.090830 -0.012503 -0.080364 0.369554 0.235180 -0.184028 -0.098115 0.270102 0.142896 0.255327 0.128776 -0.082661 -0.042043 -0.083859 -0.019935 -0.104961 -0.058115 0.051330 -0.078204 -0.023866 -0.074311 -0.168707 -0.244497 0.320653 0.087658 -0.197058 0.172369 -0.077407 0.091476 -0.006509 0.040981 -0.279747 -0.239695 -0.257097 -0.213333 -0.279747 -0.295792 -0.354224 -0.271340 -0.380627 -0.308832 -0.025460 -0.014623 -0.039050 0.036263 0.015609 -0.129190 0.055264 0.246445 0.088225 0.089007 0.239330 0.081734 -0.006265 -0.234014 -0.239776 -0.226817 0.065091 -0.063428 0.107855 -0.231007 -0.343764 -0.160333 -0.021971 0.227763 -0.151090 -0.312230 -0.222550 -0.222935 -0.241310 -0.051142 0.026561 -0.323831 0.031865 -0.149979
-0.412342 -0.073686 -0.383301 -0.312830 0.826384 1.000000 -0.444124 -0.444906 0.834169 0.724716 -0.147414 -0.024147 -0.169723 -0.206328 0.122673 0.534297 -0.078639 -0.098054 -0.156543 0.292565 0.177495 -0.011635 -0.269144 -0.096899 0.697620 0.278992 0.788530 0.380493 -0.162804 -0.237654 -0.147602 -0.182047 -0.189142 -0.113939 -0.014883 0.041640 -0.185655 -0.178852 -0.128752 -0.126713 -0.017856 0.106889 0.079051 0.023932 0.482443 0.356278 -0.083042 0.024662 0.274071 0.289459 0.215914 0.278540 0.015955 0.005627 -0.044976 0.065062 -0.111063 0.117017 0.019716 0.076216 -0.118737 -0.003055 -0.189306 -0.121907 0.034362 0.026899 -0.031117 0.302092 0.008797 0.158044 -0.093400 -0.097062 -0.302793 -0.312894 -0.283734 -0.336602 -0.349599 -0.392950 -0.205467 -0.236687 -0.209977 -0.204674 -0.132166 0.093317 -0.168946 0.125856 -0.142208 -0.282184 -0.118760 0.392009 0.120886 0.046569 0.185684 -0.046578 -0.209210 -0.227335 -0.213710 -0.137747 0.079316 -0.048775 0.126461 -0.205790 -0.215055 0.015087 0.061480 0.285004 -0.049243 -0.219090 -0.143903 -0.228953 -0.209355 -0.001662 -0.039675 -0.347576 -0.066442 -0.036485
0.570071 -0.189315 0.811563 0.401797 -0.241531 -0.444124 1.000000 0.495058 -0.252483 -0.392565 0.438766 0.051462 0.465819 -0.091522 0.381143 -0.180441 0.190509 -0.184372 0.609508 -0.274393 0.174618 -0.071468 0.612567 0.183770 -0.155251 -0.094765 -0.157907 -0.137087 0.186184 0.068519 0.398185 0.246177 0.013461 -0.013397 -0.165348 -0.146626 -0.169421 -0.317567 0.072160 -0.136821 -0.014259 -0.125323 -0.406638 -0.376150 -0.489677 -0.475656 -0.230175 -0.321701 -0.364656 -0.475468 -0.106008 -0.389045 0.082718 -0.046256 0.029010 -0.358999 -0.044841 -0.400679 -0.260652 -0.304036 0.204223 -0.091775 0.360464 -0.127491 0.423547 -0.043133 -0.220090 -0.258518 -0.195784 -0.351511 0.158915 0.099856 0.170276 0.142589 0.189501 0.138705 0.343784 0.131552 -0.235288 0.047155 -0.192630 -0.145662 0.338221 -0.015506 0.355713 -0.071051 0.286226 0.169188 0.563498 -0.138409 -0.000743 0.145385 -0.016193 0.330846 0.150643 0.143235 -0.219240 -0.110441 -0.273798 -0.045874 -0.246616 0.245687 0.018030 -0.111032 -0.042538 -0.048619 -0.074559 -0.201126 -0.021208 0.097052 -0.115599 -0.101871 -0.108067 0.090068 0.283064 -0.082844
0.190827 0.008169 0.292305 0.732615 -0.344809 -0.444906 0.495058 1.000000 -0.416146 -0.117346 0.175979 0.325186 0.030716 0.208414 0.059887 -0.094079 -0.194045 -0.289864 0.071106 -0.472582 -0.210745 0.076242 0.205430 0.318590 -0.340743 -0.282759 -0.483597 -0.401863 -0.053924 0.079212 0.172342 0.291746 -0.096428 0.109431 -0.101922 0.124292 -0.214455 -0.267056 -0.111835 -0.205493 -0.027291 -0.235135 -0.269998 -0.267327 -0.282036 -0.229862 -0.178697 -0.146624 -0.285650 -0.354323 -0.282558 -0.259580 -0.119022 -0.180062 -0.244203 -0.173312 -0.297285 -0.651007 -0.132005 -0.084268 -0.041415 0.105209 0.035849 -0.141624 0.300922 0.388850 -0.108243 0.036514 -0.284556 -0.337377 -0.028049 0.112066 -0.012377 0.139493 0.066606 0.143523 0.097720 0.072444 -0.212578 -0.204016 -0.163797 -0.211665 0.222219 0.092979 0.255700 -0.048132 0.300063 0.283355 0.242863 -0.169741 0.010609 0.010418 0.287494 0.239942 0.213813 0.133729 -0.085842 0.206263 -0.061254 0.036151 0.231116 0.207722 0.252870 0.014480 0.089608 -0.203360 0.184589 0.094403 0.039115 0.102083 -0.125723 0.077022 0.072617 0.163522 0.173558 0.005730
-0.256396 -0.172624 -0.187768 -0.207014 0.872499 0.834169 -0.252483 -0.416146 1.000000 0.751370 -0.070879 -0.028465 -0.050289 -0.194974 0.274806 0.554459 -0.101419 -0.194987 -0.013140 0.206041 0.268505 -0.061265 -0.204183 -0.142702 0.624910 0.285371 0.705059 0.396496 -0.142138 -0.253168 -0.052677 -0.163767 -0.150356 -0.083329 -0.043764 0.017245 -0.156176 -0.220229 -0.115364 -0.161042 0.066639 0.068509 0.052517 -0.005414 0.413511 0.240472 -0.078277 -0.040124 0.300096 0.185743 0.209355 0.157735 -0.021502 -0.018021 -0.013999 0.002002 -0.107924 -0.007779 0.096207 0.034326 0.033959 -0.014492 -0.133879 -0.182566 0.115757 0.017654 -0.041941 0.196685 -0.059451 0.020638 -0.069630 -0.054794 -0.231304 -0.260385 -0.228977 -0.247360 -0.250429 -0.294244 -0.311542 -0.252767 -0.333915 -0.292704 -0.152548 -0.040662 -0.234731 -0.004638 -0.177277 -0.282733 -0.100458 0.272050 0.141932 0.126736 0.177443 0.051681 -0.087236 -0.119392 -0.181420 -0.150436 0.056645 0.005955 0.105454 -0.170065 -0.245753 -0.078857 0.053677 0.279281 -0.084827 -0.268127 -0.112321 -0.129156 -0.197593 0.007810 0.046444 -0.294773 -0.043782 -0.079001
-0.436683 -0.088719 -0.410110 -0.010918 0.782779 0.724716 -0.392565 -0.117346 0.751370 1.000000 -0.042999 0.052751 -0.104716 0.036714 0.229061 0.650552 -0.199039 -0.226484 -0.289943 0.114287 0.171673 0.019381 -0.423647 -0.081101 0.409725 0.001435 0.514150 0.214003 -0.293378 -0.274490 -0.276011 -0.211037 -0.255331 -0.045560 -0.177112 0.018911 -0.233485 -0.276911 -0.289850 -0.175026 0.075175 -0.110382 0.018667 -0.030801 0.426043 0.243064 -0.148047 0.015260 0.378753 0.187886 0.116942 0.199013 -0.049035 -0.040324 -0.187858 0.020489 -0.203292 -0.129712 0.244776 0.117842 0.033369 0.123602 -0.180364 -0.153295 0.138119 0.216973 -0.043532 0.270267 -0.070946 0.130893 -0.147986 -0.090854 -0.341413 -0.272547 -0.272237 -0.277816 -0.406431 -0.345515 -0.264504 -0.368502 -0.225681 -0.213960 -0.099526 0.025991 -0.233528 -0.074744 -0.155017 -0.266743 -0.224948 0.274775 0.226801 0.095882 0.395827 0.057290 -0.008486 -0.250109 -0.246744 -0.057189 0.151009 -0.029566 0.406770 -0.110359 -0.098876 -0.002538 0.089011 0.162013 -0.036686 -0.054675 -0.231896 -0.218355 -0.310905 0.030302 0.094183 -0.211170 -0.124705 -0.031311
0.421561 0.118987 0.318979 0.124967 0.082913 -0.147414 0.438766 0.175979 -0.070879 -0.042999 1.000000 0.371187 0.662609 0.220724 0.633918 0.231903 0.253098 -0.027285 0.295277 -0.213001 0.220851 0.129224 0.280655 0.074220 -0.029078 -0.105968 0.046655 0.065725 0.198727 0.078426 0.175504 0.117145 0.031480 0.174949 -0.115063 0.020686 -0.288121 -0.128453 -0.157996 -0.081483 0.056168 -0.051508 -0.279604 -0.254761 -0.197904 -0.220924 -0.252896 -0.265772 -0.107098 -0.317481 -0.083065 -0.304381 -0.266035 -0.267430 -0.030392 -0.292107 0.022566 -0.118025 -0.186221 -0.314236 0.304067 -0.069321 0.224891 -0.144837 0.529613 0.139334 -0.336704 -0.090259 -0.110325 -0.117828 -0.036270 0.089934 0.144535 0.229207 0.242216 0.221737 0.381141 0.239248 -0.144404 0.094031 -0.134313 0.001301 0.489956 0.067091 0.417518 -0.035440 0.430282 0.298340 0.413320 -0.161708 -0.060686 -0.175355 -0.078397 -0.082861 0.287216 0.062880 -0.078952 -0.250616 -0.392462 -0.304327 -0.173759 -0.121629 -0.243737 -0.415149 -0.307544 -0.178132 -0.082944 -0.104413 -0.201817 0.158521 -0.039165 -0.143609 -0.177338 -0.250232 0.001622 0.151618
0.181509 0.596682 -0.050022 0.043011 -0.056986 -0.024147 0.051462 0.325186 -0.028465 0.052751 0.371187 1.000000 0.106741 0.612446 -0.017572 0.241085 0.083781 0.053893 -0.080486 -0.202542 -0.035436 0.258171 0.025236 -0.042170 -0.086439 -0.011734 -0.144072 -0.009295 0.195880 0.456801 0.231794 0.271383 0.133105 0.388100 0.073314 0.252416 -0.184041 0.020192 -0.137352 -0.137860 0.200403 -0.117392 -0.280093 -0.227003 -0.238681 -0.165072 -0.411966 -0.218769 -0.305848 -0.390594 -0.427286 -0.278702 -0.513259 -0.425720 -0.229679 -0.331238 -0.296002 -0.127840 -0.231086 -0.108655 0.053053 0.207657 -0.144866 0.022042 0.231706 0.401711 -0.131248 0.167246 -0.172080 -0.229407 -0.292528 0.161722 0.247154 0.309469 0.284324 0.359808 0.395780 0.398162 0.118237 0.258237 -0.047784 0.055909 0.216712 0.192637 0.156046 0.149554 -0.068369 0.027241 -0.006342 -0.283142 -0.257876 -0.368373 -0.170818 -0.364989 0.106728 0.226728 0.092579 -0.068757 -0.535271 -0.339592 -0.040553 -0.336015 -0.216300 -0.446898 -0.297001 -0.300241 0.131192 0.082515 -0.092861 0.298278 0.179965 -0.071145 -0.231548 -0.316374 -0.143062 0.184180
0.171143 -0.199976 0.225480 -0.150400 -0.039638 -0.169723 0.465819 0.030716 -0.050289 -0.104716 0.662609 0.106741 1.000000 0.288686 0.401515 -0.097067 0.547975 0.199180 0.111999 -0.169090 -0.009588 -0.119403 -0.022206 -0.273881 -0.251170 -0.261193 0.002738 -0.161059 0.186755 0.109892 -0.163900 -0.308750 -0.044232 -0.098870 -0.176870 -0.045996 -0.184956 -0.041062 0.073177 0.026405 -0.148705 -0.125031 -0.136247 -0.132343 -0.162190 -0.257856 -0.028958 -0.111749 0.059689 -0.237970 -0.062010 -0.193987 0.107527 -0.123702 0.076561 -0.258862 0.008400 -0.097469 0.113329 0.014452 0.552024 0.076048 0.577725 0.073945 0.171950 -0.079124 0.002345 -0.009427 -0.230907 -0.093402 0.056020 -0.043743 0.193648 0.085842 0.160667 0.151774 0.288743 0.259886 0.026639 0.163444 0.113232 0.127868 0.207042 -0.097642 0.075181 -0.231407 0.105251 -0.052396 0.222003 -0.001726 0.196744 -0.007279 -0.116233 0.051228 0.185547 0.047272 -0.121334 -0.133059 -0.209146 0.035251 -0.101723 0.245868 0.084340 -0.040739 -0.012058 0.061669 0.023417 -0.027927 -0.251961 0.198566 -0.062089 0.028276 -0.011535 -0.162997 0.050137 0.111410
0.090199 0.456910 -0.242837 -0.063304 -0.261484 -0.206328 -0.091522 0.208414 -0.194974 0.036714 0.220724 0.612446 0.288686 1.000000 -0.131677 0.045173 0.353722 0.289550 -0.191701 -0.145069 -0.283804 -0.161695 -0.367328 -0.321246 -0.474306 -0.369485 -0.288564 -0.130567 0.063043 0.335363 -0.166400 -0.135423 0.138335 0.250537 -0.054348 0.060865 -0.169429 0.007019 -0.070560 -0.052884 0.079496 -0.187367 -0.134469 -0.026073 -0.258187 -0.257149 -0.227727 -0.070057 -0.115324 -0.328471 -0.492224 -0.177762 -0.139843 -0.263715 -0.183229 -0.271551 -0.177489 -0.022967 0.305837 0.326441 0.461484 0.556393 0.147236 0.456656 -0.227076 0.117950 0.192041 0.124475 -0.093224 -0.204726 -0.217377 -0.024793 0.245376 0.261025 0.248529 0.294096 0.220661 0.298137 0.349165 0.213895 0.300868 0.285061 0.029684 0.057262 -0.145280 -0.227324 -0.364906 -0.247080 -0.332041 -0.188112 0.069483 -0.282155 -0.205878 -0.390766 -0.040557 0.136258 0.000018 -0.135635 -0.278997 -0.161051 0.114473 -0.164664 0.105185 -0.167169 -0.142711 -0.305282 0.301870 0.368524 -0.050575 0.220748 0.029209 -0.052190 -0.134905 -0.151351 -0.382199 0.246655
0.262849 -0.156994 0.416687 0.311505 0.448177 0.122673 0.381143 0.059887 0.274806 0.229061 0.633918 -0.017572 0.401515 -0.131677 1.000000 0.507449 -0.027612 -0.185741 0.337829 -0.105374 0.540726 0.099541 0.429515 0.267739 0.275069 0.169006 0.372690 0.401860 0.098561 -0.104592 0.264842 0.236204 -0.061671 0.016293 -0.117264 -0.107751 -0.159044 -0.084440 -0.146355 0.081892 0.025367 0.200051 -0.180706 -0.229850 -0.021604 -0.132817 -0.157884 -0.332639 -0.077202 -0.149501 0.084863 -0.215697 -0.190871 -0.087457 -0.065259 -0.158787 0.025969 -0.247827 -0.201674 -0.429154 0.111192 -0.235181 0.098122 -0.309692 0.516795 -0.011736 -0.493751 -0.275808 -0.148374 -0.141371 0.177460 0.141335 0.037540 0.180166 0.159737 0.139083 0.102754 0.038059 -0.334082 -0.069372 -0.332617 -0.135255 0.383431 0.126139 0.454395 0.029761 0.540463 0.351378 0.507831 -0.130835 -0.053018 -0.057473 -0.016258 0.031596 0.225645 -0.230917 -0.216645 -0.314626 -0.185943 -0.282916 -0.263712 -0.231243 -0.323029 -0.434721 -0.253931 -0.064763 -0.315778 -0.226960 -0.200637 -0.167648 -0.202616 -0.277751 -0.124252 -0.186490 0.108209 -0.078881
-0.037697 0.205993 -0.109227 0.163571 0.651985 0.534297 -0.180441 -0.094079 0.554459 0.650552 0.231903 0.241085 -0.097067 0.045173 0.507449 1.000000 -0.180177 -0.192261 0.114058 0.210201 0.413731 0.093992 0.005707 0.116886 0.362106 0.131386 0.462035 0.471394 0.044587 0.054415 0.203101 0.216429 0.044990 0.208113 -0.136563 -0.147643 -0.083843 -0.097934 -0.199982 -0.024446 0.348404 0.197141 -0.095111 -0.181221 0.146491 -0.003882 -0.234000 -0.271736 0.007387 -0.061254 -0.074029 -0.144507 -0.323363 -0.179191 -0.133516 -0.122714 -0.107367 -0.091952 -0.136465 -0.237448 -0.006472 -0.030046 -0.227120 -0.158053 0.293152 0.121104 -0.375306 -0.060429 0.056550 -0.052238 -0.008241 0.173932 -0.025388 0.144778 0.105370 0.094572 -0.046597 -0.086207 -0.167677 -0.095656 -0.321937 -0.102691 0.103143 0.166805 0.080159 0.055454 0.015036 -0.040919 0.055635 0.008394 -0.166402 -0.213054 0.101482 -0.207580 -0.061155 -0.228250 -0.226603 -0.290737 -0.212337 -0.353429 -0.043137 -0.527701 -0.477091 -0.496098 -0.246118 -0.002120 -0.193248 -0.098024 -0.263480 -0.226044 -0.299369 -0.355800 -0.132326 -0.314904 -0.071352 0.107136
0.133019 0.173184 -0.107243 -0.263238 -0.201402 -0.078639 0.190509 -0.194045 -0.101419 -0.199039 0.253098 0.083781 0.547975 0.353722 -0.027612 -0.180177 1.000000 0.689798 0.129548 0.228454 -0.171995 -0.292802 -0.237493 -0.486187 -0.330524 -0.439908 -0.014778 -0.269490 0.544556 0.462660 -0.130521 -0.200525 0.144932 0.102790 -0.097841 -0.193040 -0.006903 -0.032069 -0.020114 0.003360 -0.016438 0.101881 -0.246940 -0.145647 -0.225858 -0.365012 -0.074197 -0.150290 -0.302325 -0.334108 -0.368051 -0.378197 0.201279 -0.015594 -0.089878 -0.355964 0.385908 0.375634 0.068679 0.087297 0.518777 0.187464 0.680403 0.527985 -0.205003 -0.415580 0.043655 -0.096756 0.073039 -0.171482 0.144343 0.036512 0.457682 0.310484 0.345973 0.256538 0.380536 0.301681 0.551609 0.493707 0.664905 0.632998 0.355233 0.363840 0.009876 -0.187972 -0.088812 -0.121147 -0.165736 -0.084905 -0.014318 -0.318550 -0.314868 -0.325330 -0.220888 0.027088 -0.250890 -0.196958 -0.217852 -0.045932 -0.160070 0.052646 0.181885 0.019809 -0.113734 -0.059882 0.110548 0.183184 -0.114931 0.060077 -0.228168 -0.162966 -0.210698 -0.219530 -0.121166 0.085429
-0.103895 0.233736 -0.409484 -0.274434 -0.244372 -0.098054 -0.184372 -0.289864 -0.194987 -0.226484 -0.027285 0.053893 0.199180 0.289550 -0.185741 -0.192261 0.689798 1.000000 -0.157815 0.328006 -0.264645 -0.135072 -0.307954 -0.495112 -0.296451 -0.362145 -0.098944 -0.347628 0.629063 0.582863 -0.246857 -0.206031 0.197699 0.156128 -0.038654 -0.126847 0.187939 0.244496 -0.052683 0.141632 -0.038523 0.311277 -0.054437 0.001329 -0.171134 -0.296662 0.105196 -0.073265 -0.302838 -0.136810 -0.380422 -0.234997 0.179428 0.135151 -0.022278 -0.103267 0.502718 0.520110 0.166831 0.128807 0.332193 0.200334 0.394580 0.596376 -0.366181 -0.297898 0.049141 -0.232975 0.164222 -0.057487 0.021765 -0.012562 0.511192 0.391798 0.361463 0.334228 0.367861 0.335841 0.711360 0.569667 0.615708 0.696767 0.145521 0.381823 -0.117522 -0.223880 -0.064903 -0.095521 -0.224652 -0.031413 -0.180651 -0.400098 -0.419770 -0.406436 -0.124948 0.059185 -0.024991 -0.040219 -0.143051 0.039223 -0.117222 -0.025388 0.194768 0.041981 -0.124552 -0.115272 0.047533 0.201312 0.007528 0.017211 -0.161089 -0.164013 -0.027132 -0.122955 0.010696 0.078010
0.729470 0.089617 0.574356 0.300323 -0.013412 -0.156543 0.609508 0.071106 -0.013140 -0.289943 0.295277 -0.080486 0.111999 -0.191701 0.337829 0.114058 0.129548 -0.157815 1.000000 0.119549 0.210745 -0.185526 0.547820 0.176734 0.041920 0.003754 0.053110 0.146574 0.277722 0.135871 0.591048 0.436556 0.256562 0.254873 -0.007494 -0.168051 -0.084737 -0.254405 0.090764 -0.095267 0.162560 0.052563 -0.459322 -0.381680 -0.445311 -0.470195 -0.367039 -0.374760 -0.478573 -0.486490 -0.209656 -0.476998 -0.080178 -0.032881 -0.038040 -0.358487 0.092257 -0.113327 -0.291347 -0.354848 0.150944 -0.106898 0.254385 0.022966 0.330070 -0.219081 -0.240762 -0.282125 0.180231 -0.241993 0.176073 0.101855 0.263430 0.161113 0.237876 0.184453 0.331881 0.040118 -0.105631 0.123542 -0.178106 -0.055049 0.376917 0.109063 0.288462 -0.064855 0.169339 0.148721 0.392788 -0.149036 -0.174435 0.079985 -0.180500 0.108586 -0.056442 0.219144 -0.236266 -0.177031 -0.358742 -0.172947 -0.505996 -0.169868 -0.288712 -0.268756 -0.083182 0.101567 -0.129920 -0.056077 0.170943 0.079503 -0.150818 -0.326240 -0.323550 -0.002193 0.059608 0.077954
-0.087922 0.141429 -0.230200 -0.246879 0.162944 0.292565 -0.274393 -0.472582 0.206041 0.114287 -0.213001 -0.202542 -0.169090 -0.145069 -0.105374 0.210201 0.228454 0.328006 0.119549 1.000000 0.086852 -0.234725 -0.172693 -0.059545 0.074639 -0.175616 0.293730 0.000600 0.237915 0.157016 -0.036008 -0.085987 0.188197 0.158688 0.013044 -0.173274 0.055658 0.022174 -0.145008 -0.063959 0.065402 0.342416 0.018207 0.030497 0.249943 0.059341 0.055236 -0.005426 -0.009401 0.041633 -0.131300 -0.107275 0.093027 0.089570 -0.143208 -0.150495 0.404706 0.413572 0.012878 -0.078743 0.000928 -0.121847 0.077100 0.182482 -0.208140 -0.414855 0.032801 0.025483 0.371167 0.428169 0.182001 -0.023097 0.200141 0.001169 0.008257 -0.031912 -0.133877 -0.147521 0.230046 0.177011 0.169865 0.251163 -0.003452 0.274541 -0.190934 -0.161988 -0.155426 -0.181753 -0.153809 0.008580 -0.058461 -0.106052 -0.150487 -0.183281 -0.330316 -0.141162 -0.264159 -0.231189 -0.053822 -0.056504 -0.115766 -0.206111 -0.082520 0.084833 0.134977 0.194413 0.030518 0.201189 -0.006332 -0.227266 -0.231758 -0.298172 -0.084942 -0.135978 -0.119884 0.013249
0.256610 -0.044811 0.475294 0.115694 0.453224 0.177495 0.174618 -0.210745 0.268505 0.171673 0.220851 -0.035436 -0.009588 -0.283804 0.540726 0.413731 -0.171995 -0.264645 0.210745 0.086852 1.000000 0.330212 0.514379 0.379029 0.459776 0.557626 0.533887 0.714143 0.073723 -0.113369 0.479096 0.388909 0.175277 0.184655 0.142017 -0.061602 -0.065329 0.151322 -0.171547 0.299241 0.017045 0.361473 -0.200883 -0.254458 -0.058849 -0.105580 -0.239682 -0.339425 -0.116247 -0.125222 0.215410 -0.160423 -0.224495 -0.070362 0.025378 -0.232272 0.107705 0.071130 -0.292927 -0.486840 -0.142365 -0.330514 -0.236902 -0.325210 0.406882 -0.012658 -0.428090 -0.270054 0.061540 0.032254 0.325722 0.357801 0.003019 0.126250 0.128843 0.134560 0.052439 0.094207 -0.170878 0.130386 -0.283162 -0.015606 0.104582 -0.057597 0.299787 0.280724 0.189009 0.211231 0.283690 -0.279664 -0.279102 -0.201594 -0.120709 -0.126440 0.108539 -0.338220 -0.130685 -0.473117 -0.326177 -0.392081 -0.369845 -0.442336 -0.606285 -0.479582 -0.357070 -0.160634 -0.344644 -0.228495 -0.225046 -0.191337 0.024435 -0.434645 -0.352227 -0.269902 0.016281 -0.213548
0.033485 0.172822 0.016486 0.094491 0.098693 -0.011635 -0.071468 0.076242 -0.061265 0.019381 0.129224 0.258171 -0.119403 -0.161695 0.099541 0.093992 -0.292802 -0.135072 -0.185526 -0.234725 0.330212 1.000000 0.216579 0.172779 0.252214 0.418115 0.016521 0.162914 0.122742 0.142485 0.235406 0.325360 0.025066 0.114015 0.052295 0.150869 0.097951 0.260259 -0.067343 0.258736 0.012243 0.148987 -0.114943 -0.228484 -0.130470 -0.125824 -0.146742 -0.207731 -0.120493 -0.042953 0.157553 -0.045925 -0.315328 -0.146091 0.067134 -0.003175 -0.129491 0.053702 -0.360041 -0.331082 -0.355949 -0.261374 -0.188589 -0.346359 0.347029 0.314814 -0.308046 -0.126050 -0.096023 0.021215 -0.001209 0.291283 0.011293 0.145925 0.156571 0.313977 0.148373 0.267405 0.024811 0.132182 -0.004737 0.074772 0.173073 0.104919 0.408627 0.413307 0.325013 0.399074 0.278848 -0.178226 -0.346530 -0.228456 -0.093029 -0.139974 0.242042 0.012321 0.205456 0.036047 -0.184460 -0.173339 -0.087587 -0.187350 -0.278804 -0.303290 -0.396571 -0.305098 -0.172090 -0.181527 0.059036 0.131399 0.201405 -0.024083 -0.219449 -0.158073 0.121744 -0.158820
0.569650 -0.041127 0.781236 0.364871 -0.069510 -0.269144 0.612567 0.205430 -0.204183 -0.423647 0.280655 0.025236 -0.022206 -0.367328 0.429515 0.005707 -0.237493 -0.307954 0.547820 -0.172693 0.514379 0.216579 1.000000 0.626819 0.213873 0.434444 0.081692 0.380388 0.085183 -0.038764 0.606230 0.514459 0.028019 -0.026613 0.039746 -0.107834 0.001871 -0.011732 0.104779 0.111775 -0.015888 0.176224 -0.194229 -0.209417 -0.355577 -0.185113 -0.175848 -0.318672 -0.328988 -0.187431 0.150868 -0.182913 -0.128317 0.004246 0.082425 -0.185213 -0.023775 -0.214871 -0.522872 -0.507279 -0.266676 -0.323933 -0.176787 -0.357115 0.469655 0.030495 -0.494306 -0.418043 -0.115817 -0.125415 0.188352 0.214002 0.013378 0.139345 0.105279 0.093335 0.193108 0.011790 -0.300260 0.080000 -0.410916 -0.243206 0.193148 -0.057347 0.540926 0.224497 0.467914 0.408972 0.698288 -0.239383 -0.247117 -0.002920 -0.074113 0.177148 0.112222 0.004953 -0.069587 -0.248191 -0.323882 -0.325770 -0.462190 -0.172297 -0.390900 -0.367982 -0.237624 -0.136573 -0.323883 -0.336480 0.097027 -0.082834 0.098674 -0.243472 -0.202576 0.038360 0.244433 -0.136037
0.196157 -0.121346 0.456939 0.500373 0.062488 -0.096899 0.183770 0.318590 -0.142702 -0.081101 0.074220 -0.042170 -0.273881 -0.321246 0.267739 0.116886 -0.486187 -0.495112 0.176734 -0.059545 0.379029 0.172779 0.626819 1.000000 0.198025 0.353130 0.120107 0.325472 -0.277192 -0.362316 0.299681 0.412466 -0.176902 -0.067762 0.010680 0.033159 -0.064619 0.003439 -0.020154 0.087975 -0.114764 0.092443 -0.006052 -0.017450 -0.018141 0.189714 -0.070704 0.066070 -0.058690 0.022673 0.120731 -0.014122 -0.148007 -0.048560 -0.178064 -0.080700 -0.068937 -0.303146 -0.388929 -0.397641 -0.466847 -0.336190 -0.369624 -0.440939 0.261875 0.101586 -0.390439 0.003030 -0.145287 0.115948 0.184966 0.214217 -0.309695 -0.131807 -0.244638 -0.106507 -0.273624 -0.204831 -0.401923 -0.283806 -0.420696 -0.412622 0.085666 -0.031252 0.345269 0.181772 0.401226 0.469593 0.472504 -0.168494 0.048331 0.152096 0.326720 0.273762 0.054189 -0.121536 -0.104276 -0.063591 0.027718 -0.164169 -0.089403 -0.112609 -0.181590 -0.078962 0.031017 -0.072109 -0.001725 -0.096772 0.007428 -0.189719 0.121934 -0.119842 -0.038894 0.011505 0.030169 -0.119632
-0.060466 -0.138623 0.039320 -0.115333 0.700174 0.697620 -0.155251 -0.340743 0.624910 0.409725 -0.029078 -0.086439 -0.251170 -0.474306 0.275069 0.362106 -0.330524 -0.296451 0.041920 0.074639 0.459776 0.252214 0.213873 0.198025 1.000000 0.701725 0.687253 0.479206 -0.161279 -0.300244 0.195867 0.119287 -0.097128 -0.051644 0.093345 0.046013 -0.124383 -0.153853 -0.191202 -0.120373 0.007945 0.112876 -0.030841 -0.128627 0.317587 0.241234 -0.156364 -0.174612 0.110705 0.175978 0.363231 0.165219 -0.062767 -0.014613 0.156526 0.019484 -0.025417 0.061303 -0.150347 -0.200293 -0.218287 -0.205057 -0.317622 -0.290442 0.317813 0.135708 -0.187244 0.059617 -0.015491 0.109841 -0.013066 0.018451 -0.296535 -0.251291 -0.228475 -0.249458 -0.184908 -0.268745 -0.405491 -0.236343 -0.433861 -0.341606 -0.073721 0.037009 0.135470 0.327547 0.132049 0.031484 0.247779 0.213255 -0.109809 0.094908 0.067963 0.103277 -0.041924 -0.057392 -0.117858 -0.074337 0.021217 -0.068761 -0.068941 -0.247067 -0.314200 -0.125656 -0.141017 0.114164 -0.127985 -0.290704 -0.071185 -0.141473 -0.056822 -0.104018 -0.079307 -0.167360 0.038453 -0.053808
0.150133 -0.066160 0.281581 -0.078831 0.338063 0.278992 -0.094765 -0.282759 0.285371 0.001435 -0.105968 -0.011734 -0.261193 -0.369485 0.169006 0.131386 -0.439908 -0.362145 0.003754 -0.175616 0.557626 0.418115 0.434444 0.353130 0.701725 1.000000 0.376055 0.688530 -0.190199 -0.254913 0.353604 0.288890 0.038202 -0.058771 0.300528 0.128701 0.065412 0.195736 0.049024 0.183386 -0.045904 0.194523 -0.010224 -0.137377 0.008623 0.087970 -0.174108 -0.160854 -0.044277 0.077308 0.391411 0.087416 -0.222159 -0.137767 0.274672 -0.012291 -0.073733 0.071223 -0.247723 -0.306147 -0.270585 -0.274447 -0.387483 -0.311297 0.237745 0.147316 -0.160292 -0.095040 0.010804 0.030317 0.100141 0.198323 -0.192810 -0.067757 -0.084973 0.022465 -0.049409 -0.000352 -0.302044 -0.056429 -0.333926 -0.244932 -0.177675 -0.208925 0.264956 0.516730 0.063660 0.170573 0.266498 -0.120960 -0.247347 0.014355 -0.079289 0.021128 0.082722 -0.023333 0.133667 -0.061077 -0.140131 -0.153751 -0.246958 -0.312328 -0.430797 -0.273311 -0.257269 -0.044762 -0.191753 -0.221950 0.001714 0.019057 0.355056 -0.096811 -0.198289 -0.085354 0.017344 -0.072669
-0.162511 -0.158033 -0.037024 -0.240514 0.790366 0.788530 -0.157907 -0.483597 0.705059 0.514150 0.046655 -0.144072 0.002738 -0.288564 0.372690 0.462035 -0.014778 -0.098944 0.053110 0.293730 0.533887 0.016521 0.081692 0.120107 0.687253 0.376055 1.000000 0.595582 -0.104045 -0.316006 -0.004379 -0.118110 -0.109537 -0.134536 -0.066825 -0.116486 -0.268507 -0.124153 -0.095484 0.044043 -0.135969 0.216054 0.016001 -0.030267 0.328770 0.232841 -0.112972 -0.091131 0.239243 0.256889 0.279948 0.223741 0.048844 0.039975 0.019997 -0.018276 0.076377 0.187416 -0.059580 -0.080319 -0.092974 -0.170574 -0.162609 -0.232677 0.100098 -0.098133 -0.187600 0.051892 0.070363 0.201480 0.038096 -0.068018 -0.283347 -0.267044 -0.279181 -0.251930 -0.270666 -0.323248 -0.244714 -0.135809 -0.317841 -0.209116 -0.077265 0.003933 -0.067880 0.106447 -0.016803 -0.144605 0.186793 0.291078 0.092074 0.024675 0.022153 -0.047922 -0.166740 -0.279626 -0.201883 -0.379152 -0.011154 -0.137544 -0.193173 -0.262777 -0.374907 -0.066997 -0.057726 0.216482 -0.135419 -0.266541 -0.221663 -0.213856 -0.144380 -0.181795 -0.139878 -0.390472 -0.102769 -0.140372
0.159208 0.078730 0.232523 -0.084699 0.469668 0.380493 -0.137087 -0.401863 0.396496 0.214003 0.065725 -0.009295 -0.161059 -0.130567 0.401860 0.471394 -0.269490 -0.347628 0.146574 0.000600 0.714143 0.162914 0.380388 0.325472 0.479206 0.688530 0.595582 1.000000 -0.177714 -0.259818 0.317693 0.258746 0.071535 -0.020453 0.147096 -0.099325 -0.018541 0.163445 0.102038 0.325436 0.055402 0.259517 0.001311 -0.038901 -0.016659 0.054390 -0.222100 -0.195492 0.038518 0.131764 0.286826 0.115704 -0.252947 -0.124156 0.181459 -0.014786 -0.039656 0.179538 -0.201716 -0.262877 -0.151480 -0.218620 -0.400727 -0.257698 0.146315 -0.015342 -0.321701 -0.207160 0.118684 0.083569 0.111298 0.214776 -0.163324 0.000534 -0.021618 0.008576 -0.090359 -0.067173 -0.194851 0.058770 -0.306636 -0.138725 -0.123970 -0.215374 0.161138 0.338310 -0.036108 0.044441 0.183495 -0.097031 -0.129004 -0.109612 -0.122602 -0.234277 -0.059894 -0.243136 0.011201 -0.422534 -0.243318 -0.464904 -0.411671 -0.576391 -0.647910 -0.496296 -0.319449 -0.050496 -0.384805 -0.215963 -0.096953 -0.139132 0.189243 -0.338838 -0.335990 -0.303793 -0.190808 -0.045229
0.299788 0.289116 -0.022989 0.064437 -0.171217 -0.162804 0.186184 -0.053924 -0.142138 -0.293378 0.198727 0.195880 0.186755 0.063043 0.098561 0.044587 0.544556 0.629063 0.277722 0.237915 0.073723 0.122742 0.085183 -0.277192 -0.161279 -0.190199 -0.104045 -0.177714 1.000000 0.823117 0.348172 0.372223 0.456066 0.444286 0.089055 -0.199485 0.255181 0.204714 0.019706 0.181372 0.278426 0.340116 -0.232874 -0.224250 -0.317320 -0.472596 -0.028764 -0.440569 -0.629827 -0.418117 -0.387884 -0.549578 -0.085762 0.044673 0.051191 -0.222866 0.431781 0.267133 -0.289183 -0.303605 0.110169 -0.120373 0.414804 0.273074 0.031425 -0.274745 -0.184718 -0.399723 0.159686 -0.323862 0.212440 0.314389 0.780392 0.647040 0.653698 0.565164 0.681879 0.553258 0.604850 0.675466 0.402304 0.589346 0.448849 0.527138 0.265677 0.036021 0.230694 0.234826 0.047410 -0.273218 -0.593992 -0.600560 -0.529842 -0.514946 -0.107770 0.069999 -0.097130 -0.168619 -0.486047 -0.185609 -0.467585 -0.299111 -0.189301 -0.396942 -0.363388 -0.213056 -0.167444 0.005649 0.027937 0.067286 -0.236486 -0.363380 -0.219695 -0.239494 0.115133 -0.026858
0.222742 0.553572 -0.135667 0.028305 -0.313062 -0.237654 0.068519 0.079212 -0.253168 -0.274490 0.078426 0.456801 0.109892 0.335363 -0.104592 0.054415 0.462660 0.582863 0.135871 0.157016 -0.113369 0.142485 -0.038764 -0.362316 -0.300244 -0.254913 -0.316006 -0.259818 0.823117 1.000000 0.343029 0.379528 0.487781 0.543121 0.076196 -0.100679 0.261318 0.247616 0.029530 0.130606 0.331233 0.235580 -0.222221 -0.218557 -0.314761 -0.480858 -0.112423 -0.412033 -0.592174 -0.438928 -0.541238 -0.548181 -0.247159 -0.097194 -0.074423 -0.239637 0.191292 0.183955 -0.230570 -0.186134 0.128198 0.035824 0.312482 0.348351 -0.025729 -0.147786 -0.137385 -0.342044 0.129122 -0.319249 0.046950 0.239004 0.788716 0.693231 0.718907 0.677886 0.682779 0.588188 0.632341 0.693012 0.411355 0.623041 0.315028 0.540692 0.121673 0.020368 0.010831 0.099173 -0.130192 -0.350375 -0.603197 -0.621651 -0.535638 -0.568865 -0.101866 0.178895 0.032579 -0.048397 -0.504027 -0.233884 -0.341664 -0.359890 -0.132564 -0.426334 -0.393277 -0.300881 -0.062912 0.157256 0.048121 0.161768 -0.102529 -0.276596 -0.250938 -0.141608 0.068191 0.112539
0.635397 0.265860 0.567921 0.284383 0.028535 -0.147602 0.398185 0.172342 -0.052677 -0.276011 0.175504 0.231794 -0.163900 -0.166400 0.264842 0.203101 -0.130521 -0.246857 0.591048 -0.036008 0.479096 0.235406 0.606230 0.299681 0.195867 0.353604 -0.004379 0.317693 0.348172 0.343029 1.000000 0.876224 0.435810 0.543349 0.196042 -0.057655 0.008158 0.034906 -0.092032 -0.006013 0.347544 0.246540 -0.402314 -0.435395 -0.306995 -0.349177 -0.458291 -0.598931 -0.528138 -0.491105 -0.160046 -0.492206 -0.453735 -0.334197 -0.091079 -0.321164 -0.027660 -0.112286 -0.480770 -0.458399 -0.156262 -0.226409 -0.082785 -0.129677 0.504680 0.051459 -0.326260 -0.259076 0.067214 -0.336967 0.339064 0.496111 0.442252 0.455994 0.467766 0.476003 0.468208 0.301613 -0.045925 0.256251 -0.232527 0.006858 0.305178 0.206633 0.442540 0.289107 0.217897 0.323240 0.257096 -0.482300 -0.627691 -0.308565 -0.318606 -0.230908 0.047569 0.193940 -0.043133 -0.210979 -0.451467 -0.340946 -0.443342 -0.526290 -0.508535 -0.587426 -0.411829 -0.224826 -0.179686 -0.143540 0.132263 0.068064 -0.002521 -0.405612 -0.361394 -0.061031 0.166140 -0.050395
0.510274 0.337817 0.398736 0.425524 -0.039226 -0.182047 0.246177 0.291746 -0.163767 -0.211037 0.117145 0.271383 -0.308750 -0.135423 0.236204 0.216429 -0.200525 -0.206031 0.436556 -0.085987 0.388909 0.325360 0.514459 0.412466 0.119287 0.288890 -0.118110 0.258746 0.372223 0.379528 0.876224 1.000000 0.363308 0.573249 0.263908 0.024654 0.080873 0.097374 -0.122271 0.064251 0.339323 0.224516 -0.368379 -0.391643 -0.251925 -0.248380 -0.436982 -0.523214 -0.574037 -0.434904 -0.223323 -0.479833 -0.544448 -0.320689 -0.202119 -0.239602 0.015435 -0.108867 -0.549203 -0.505778 -0.307214 -0.295727 -0.136991 -0.171952 0.441448 0.102957 -0.346250 -0.197122 0.040897 -0.348769 0.273623 0.544374 0.397756 0.485269 0.461385 0.472998 0.401504 0.359555 0.037434 0.250152 -0.138731 0.077082 0.397729 0.372471 0.511363 0.415217 0.354986 0.513947 0.209183 -0.550107 -0.664666 -0.383199 -0.254548 -0.334487 0.032419 0.093640 -0.016351 -0.120387 -0.399328 -0.340829 -0.404958 -0.533345 -0.422702 -0.579538 -0.405322 -0.275684 -0.223023 -0.073231 0.130851 0.008441 0.017555 -0.432031 -0.352979 -0.093462 0.124795 -0.077070
0.350280 0.403021 0.069730 0.054911 -0.201741 -0.189142 0.013461 -0.096428 -0.150356 -0.255331 0.031480 0.133105 -0.044232 0.138335 -0.061671 0.044990 0.144932 0.197699 0.256562 0.188197 0.175277 0.025066 0.028019 -0.176902 -0.097128 0.038202 -0.109537 0.071535 0.456066 0.487781 0.435810 0.363308 1.000000 0.766822 0.268229 -0.042248 0.144688 0.241107 0.009438 0.197568 0.226861 0.269275 -0.260502 -0.241799 -0.173785 -0.340053 -0.199575 -0.400449 -0.380359 -0.382864 -0.357164 -0.396065 -0.239752 -0.192131 0.001416 -0.173498 0.368351 0.225612 0.071564 -0.007299 0.132210 0.063829 0.046184 0.282773 -0.013674 -0.049191 0.172387 -0.207020 0.551369 -0.186422 0.138049 0.158145 0.611917 0.438271 0.593643 0.495087 0.474681 0.233149 0.436899 0.402008 0.147238 0.380350 0.023478 0.162135 -0.010808 -0.026145 -0.048526 0.023582 -0.159567 -0.351151 -0.645222 -0.485693 -0.545562 -0.464876 -0.064079 0.067340 0.141950 -0.106852 -0.463644 -0.228775 -0.427530 -0.455169 -0.359245 -0.402172 -0.413079 -0.361249 -0.066841 0.188679 0.125172 0.042368 -0.009304 -0.373450 -0.411503 -0.065255 -0.239201 0.126311
0.378916 0.557766 0.041072 0.243856 -0.060114 -0.113939 -0.013397 0.109431 -0.083329 -0.045560 0.174949 0.388100 -0.098870 0.250537 0.016293 0.208113 0.102790 0.156128 0.254873 0.158688 0.184655 0.114015 -0.026613 -0.067762 -0.051644 -0.058771 -0.134536 -0.020453 0.444286 0.543121 0.543349 0.573249 0.766822 1.000000 0.341833 0.242592 -0.003662 0.148509 -0.290348 0.004037 0.292275 0.274355 -0.456796 -0.434546 -0.176554 -0.374556 -0.451476 -0.452910 -0.477177 -0.593565 -0.556356 -0.605661 -0.542655 -0.456178 -0.325053 -0.390704 0.222873 0.138698 -0.097780 -0.169012 0.101182 0.083662 -0.033527 0.219857 0.216311 0.183408 -0.027211 0.015773 0.373748 -0.218771 0.140833 0.317397 0.617871 0.521309 0.594250 0.569560 0.549500 0.381228 0.382173 0.399729 0.097308 0.379855 0.267645 0.326444 0.056044 0.038667 0.028541 0.124451 -0.211366 -0.514301 -0.621747 -0.527525 -0.402471 -0.514329 0.050866 0.198942 0.108027 -0.024851 -0.525390 -0.242179 -0.295722 -0.546868 -0.364827 -0.462793 -0.437062 -0.391651 0.065433 0.232765 0.099852 0.158313 -0.027895 -0.367846 -0.433529 -0.135883 -0.123389 0.208837
0.103839 0.180614 0.083918 0.000069 -0.084399 -0.014883 -0.165348 -0.101922 -0.043764 -0.177112 -0.115063 0.073314 -0.176870 -0.054348 -0.117264 -0.136563 -0.097841 -0.038654 -0.007494 0.013044 0.142017 0.052295 0.039746 0.010680 0.093345 0.300528 -0.066825 0.147096 0.089055 0.076196 0.196042 0.263908 0.268229 0.341833 1.000000 0.694823 0.232480 0.351240 0.052293 0.144580 -0.031363 0.182263 -0.140606 -0.173542 0.077583 0.124019 -0.086492 -0.035110 -0.213968 -0.177211 -0.117410 -0.203007 -0.259892 -0.276319 -0.049332 -0.229659 0.053803 0.151442 -0.163709 -0.145313 -0.151469 -0.028413 -0.281113 -0.066080 0.034654 0.173037 0.183215 0.265950 0.171993 0.057101 0.012231 -0.000252 0.059811 -0.078779 -0.029637 0.005245 0.022899 0.207498 0.046742 0.129544 0.001386 0.091054 0.104197 0.038499 0.108021 0.320469 0.105093 0.243208 -0.221660 -0.486346 -0.223833 -0.278118 -0.217751 -0.274342 0.255579 0.097003 0.243928 0.175725 -0.276140 -0.064062 -0.222536 -0.123363 -0.130668 -0.033411 -0.012077 0.063742 -0.042565 0.211425 0.204465 0.155645 0.465981 -0.040597 -0.168401 -0.088113 -0.040836 0.172323
-0.073336 0.129078 0.002232 0.052871 0.012096 0.041640 -0.146626 0.124292 0.017245 0.018911 0.020686 0.252416 -0.045996 0.060865 -0.107751 -0.147643 -0.193040 -0.126847 -0.168051 -0.173274 -0.061602 0.150869 -0.107834 0.033159 0.046013 0.128701 -0.116486 -0.099325 -0.199485 -0.100679 -0.057655 0.024654 -0.042248 0.242592 0.694823 1.000000 0.024511 0.209648 -0.078019 -0.068544 -0.208257 -0.011700 -0.181754 -0.152627 0.091409 0.165384 -0.130666 0.207900 -0.019204 -0.188320 -0.143867 -0.110239 -0.255181 -0.322682 -0.223078 -0.200215 -0.256946 -0.142989 -0.035874 -0.039710 -0.102719 0.103680 -0.283453 -0.133651 0.124263 0.394939 0.162812 0.533732 -0.061479 0.097761 -0.177220 -0.091185 -0.140568 -0.240901 -0.181982 -0.092890 -0.031255 0.117270 -0.132589 -0.086033 -0.121959 -0.131859 0.073519 -0.086815 -0.021983 0.106567 0.115385 0.181915 -0.180291 -0.275505 0.121884 0.033880 0.093260 0.027203 0.444843 0.252796 0.365256 0.444964 -0.127564 0.168461 0.115964 0.145263 0.075158 0.165825 0.190432 0.098049 0.183912 0.179002 0.118573 0.333709 0.540902 0.281133 -0.018588 -0.019045 0.101012 0.131769
