1.000000 0.376516 -0.013728 -0.282255 0.430390 0.045057 0.011739 -0.040236 0.376881 0.174303 0.497698 0.187897 0.493094 0.315988 0.341921 0.422516 0.041700 -0.165079 0.512394 0.250929 -0.079086 -0.261750 -0.272876 -0.325021 -0.000512 -0.248823 0.097140 -0.111323 0.243697 0.230920 -0.007626 -0.134890 0.009465 -0.314386 -0.330863 -0.302583 -0.187287 -0.142508 -0.106330 -0.084212 -0.291980 -0.079817 -0.132854 -0.315329 -0.228830 -0.292595 -0.060970 -0.288406 0.181517 -0.192298 -0.106213 -0.079903 0.445269 0.217696 0.150222 -0.117416 0.148410 -0.164089 0.574639 -0.178835 0.794940 0.399289 0.382163 0.043059 0.105136 0.096574 -0.242082 -0.526883 -0.167516 -0.220671 0.073827 -0.122731 0.279804 0.028736 0.108257 0.127335 0.009265 -0.036922 -0.366410 -0.369452 -0.151712 -0.098681 0.506156 0.189230 -0.448483 -0.371158 -0.188587 -0.071180 -0.020370 -0.259329 0.188099 0.143928 -0.121810 0.089106 0.034927 0.085959 -0.421173 -0.066820 -0.061432 -0.054930 0.337035 0.270404 0.126208 -0.120991 -0.138896 -0.144287 -0.118583 -0.139868 0.135307 -0.138717 -0.425880 -0.140601 0.110568 -0.133323 0.081769 -0.041841
0.376516 1.000000 -0.609842 -0.060604 0.399988 0.474179 -0.578628 -0.085584 0.035263 0.364638 -0.032183 0.261976 -0.124453 0.283229 -0.057235 0.502902 0.272480 0.124453 -0.138392 0.380745 0.112500 0.151516 -0.428787 -0.317008 0.160344 0.168094 0.480538 0.314668 -0.139626 0.110864 -0.332699 -0.431775 -0.062509 -0.157923 -0.375673 -0.324750 -0.384537 -0.299426 0.118209 0.172961 -0.168430 -0.317158 -0.271138 -0.320672 -0.247717 -0.343384 -0.262450 -0.306089 0.024603 -0.227127 -0.371364 -0.139680 -0.007610 -0.226014 0.189357 -0.024293 0.528352 0.408245 0.366362 0.359713 0.289329 0.408980 0.049632 0.290792 -0.215063 0.088300 0.087807 -0.241471 0.421499 0.290661 -0.291195 -0.271180 -0.160638 -0.146504 -0.256684 -0.113750 -0.280774 -0.275243 0.068443 0.078716 0.222129 0.263712 0.210504 0.137826 -0.220464 0.135352 0.060742 0.239960 -0.021542 0.121841 -0.077687 -0.168608 -0.078830 -0.209752 -0.255681 -0.163968 -0.289550 -0.099861 -0.077876 -0.055987 0.155544 -0.258070 0.057403 -0.208365 -0.182353 -0.252178 -0.387796 -0.238913 -0.105044 -0.342939 -0.354915 0.043377 0.202265 -0.122844 -0.134835 -0.260052
-0.013728 -0.609842 1.000000 0.035530 -0.318417 -0.574882 0.722118 0.214308 0.102435 -0.450019 0.330328 -0.083729 0.473621 -0.141138 0.479525 -0.206008 -0.154779 -0.123785 0.407425 -0.439309 -0.237473 -0.282757 0.510871 0.377116 -0.412089 -0.413792 -0.581127 -0.547718 0.192078 -0.072866 0.485692 0.611950 -0.067989 0.219790 0.472016 0.408635 0.215179 0.190568 -0.337225 -0.404435 -0.077740 0.149912 -0.183604 -0.190483 -0.200926 -0.025180 -0.131035 -0.142592 -0.383956 -0.239299 0.140976 -0.021216 -0.083123 0.039661 -0.398358 -0.429487 -0.458434 -0.301521 -0.381606 -0.397524 0.126181 -0.005238 0.074839 -0.132080 0.621121 0.318220 -0.377764 0.033850 -0.628734 -0.563367 0.418304 0.325611 0.129902 0.165953 0.249576 0.222043 0.411057 0.491438 -0.129777 -0.175871 -0.398512 -0.319654 -0.015432 0.019548 0.090311 -0.401778 -0.177595 -0.397394 0.171915 -0.257430 -0.006137 0.246005 0.196166 0.428463 0.184097 0.184402 -0.097896 -0.072578 -0.198643 -0.073985 -0.000750 0.478761 -0.044287 0.156630 0.139747 0.385813 0.347620 0.529607 0.151510 0.280125 0.150638 -0.172819 -0.272519 -0.027372 0.252726 0.190123
-0.282255 -0.060604 0.035530 1.000000 -0.285175 0.438257 -0.223804 0.646751 -0.299745 0.103918 0.148294 0.431986 -0.267697 0.197508 0.120196 0.292390 0.035441 -0.099889 -0.020033 -0.405319 0.298097 0.171027 0.543934 0.667484 0.023273 0.476245 0.081278 0.286466 -0.058282 0.167626 0.368782 0.467707 -0.357630 -0.047229 0.001626 0.049580 0.033324 -0.033845 -0.106853 -0.068405 0.122568 0.059388 -0.329630 -0.267626 -0.490201 -0.460240 -0.336503 -0.361272 -0.325239 -0.483128 0.074317 -0.181638 -0.195136 -0.204818 0.117073 -0.235405 -0.145807 -0.153717 -0.525322 -0.455093 -0.278690 -0.312667 -0.281161 -0.102446 0.318403 0.428314 -0.509580 -0.418652 -0.072610 -0.128760 -0.069645 0.399217 -0.171407 0.215279 0.086066 0.262095 -0.052601 -0.078116 0.012600 0.063694 -0.200936 -0.186693 -0.009628 0.138662 0.454153 0.407786 0.254470 0.399031 0.420019 0.123377 -0.171739 -0.322180 0.498781 -0.056721 -0.098953 -0.048691 -0.393193 -0.233093 -0.297116 -0.377791 0.081052 -0.267689 0.061893 -0.393327 -0.261828 -0.031528 -0.022733 0.063794 -0.023841 -0.081014 -0.308929 -0.231339 -0.177053 0.000641 0.114933 0.055822
0.430390 0.399988 -0.318417 -0.285175 1.000000 0.296707 -0.188149 -0.097918 0.660849 0.688897 -0.002559 0.191338 0.028597 0.210221 -0.052302 0.450852 -0.007098 -0.185374 0.205571 0.385386 0.104818 0.025656 -0.537816 -0.495778 0.512242 -0.024505 0.400625 0.059408 0.043407 0.118053 -0.200279 -0.293203 0.131615 -0.185674 -0.362648 -0.272635 -0.405961 -0.350987 0.116268 0.086520 -0.223675 -0.274533 0.065333 -0.031733 0.097980 0.014178 0.072020 -0.016260 0.437537 0.175006 -0.111231 0.085105 0.282496 0.105398 0.085433 0.063238 0.083275 -0.086710 0.619085 0.123451 0.399727 0.209980 0.134997 0.016762 -0.222894 -0.047466 0.168370 -0.169160 0.157421 0.181746 -0.184143 -0.164533 0.113974 -0.182157 -0.207873 -0.200891 -0.270715 -0.240882 -0.213313 -0.226642 -0.103285 -0.093796 0.278540 0.191584 -0.472025 -0.132966 -0.116075 -0.007718 -0.185043 -0.091377 0.040990 0.126656 -0.333385 -0.113454 -0.261978 -0.202065 -0.235713 -0.109695 -0.087710 -0.014986 -0.063087 -0.134381 -0.244354 -0.359026 -0.385160 -0.388930 -0.374856 -0.312240 -0.163636 -0.160221 -0.241556 0.058417 0.269049 -0.233963 -0.288747 -0.504328
0.045057 0.474179 -0.574882 0.438257 0.296707 1.000000 -0.735899 0.021208 -0.163639 0.283786 -0.144211 0.209044 -0.504394 0.092230 -0.063486 0.430278 0.222295 -0.099411 -0.296232 0.050184 0.645711 0.432869 0.011319 0.148308 0.564414 0.827683 0.797254 0.824169 -0.186831 -0.001579 -0.019767 -0.127168 -0.238107 -0.260167 -0.279766 -0.192597 -0.174124 -0.124083 0.486017 0.477851 0.153285 -0.002876 -0.274206 -0.194596 -0.307791 -0.310583 -0.360911 -0.228165 -0.064282 -0.287683 -0.135977 -0.184782 -0.199359 -0.288936 0.360780 0.115334 0.440289 0.272658 0.028726 -0.066270 -0.079331 -0.192668 -0.418741 -0.112137 -0.050012 0.110513 -0.241896 -0.390323 0.355739 0.249895 -0.314409 0.005506 -0.253162 -0.074597 -0.190494 -0.118667 -0.354353 -0.357058 0.103184 0.198562 0.072786 0.061038 0.178840 0.132403 0.077987 0.547643 0.341706 0.619215 0.155213 0.284622 -0.158804 -0.338580 0.156204 -0.268384 -0.208528 -0.085743 -0.319548 -0.013694 -0.237409 -0.238978 0.124844 -0.569730 0.097200 -0.458534 -0.370174 -0.273551 -0.456213 -0.385733 -0.235302 -0.155622 -0.304527 -0.030075 -0.012593 0.070454 -0.098938 -0.187042
0.011739 -0.578628 0.722118 -0.223804 -0.188149 -0.735899 1.000000 0.245604 0.076271 -0.281217 0.219226 0.018582 0.556402 -0.000419 0.206721 -0.245443 -0.146410 0.015051 0.369820 -0.177681 -0.252120 -0.265714 0.075046 -0.044196 -0.467106 -0.559483 -0.492438 -0.524285 0.402101 0.154042 0.291255 0.366669 0.355032 0.320728 0.247220 0.182432 0.159382 0.068160 -0.276483 -0.414760 -0.042412 0.145498 0.014358 -0.027610 0.182761 0.195665 0.080862 -0.085006 -0.044922 0.148501 0.022853 0.063247 0.128193 0.170061 -0.352977 -0.265554 -0.616272 -0.503432 -0.109057 -0.188850 0.079937 0.109739 0.397422 0.032050 0.133700 0.035211 -0.022762 0.141478 -0.633356 -0.546450 0.299981 0.059943 0.473495 0.172710 0.331499 0.173093 0.370146 0.260441 -0.112711 -0.339563 -0.215499 -0.189695 0.047872 0.098379 -0.129898 -0.510367 -0.242025 -0.422874 -0.240877 -0.242296 -0.098093 0.130582 -0.163874 0.085698 0.134947 0.044368 -0.021084 -0.177461 -0.059344 -0.073730 -0.067646 0.452945 0.061270 0.290586 0.125387 0.275843 0.374539 0.273463 0.069178 0.139758 0.032421 -0.247662 0.010634 -0.113119 0.181616 0.210147
-0.040236 -0.085584 0.214308 0.646751 -0.097918 0.021208 0.245604 1.000000 -0.059540 0.248592 0.387455 0.705400 0.271415 0.568553 0.239161 0.419157 0.032605 -0.024719 0.196937 -0.366622 0.126137 0.117381 0.182685 0.198476 -0.256007 -0.026808 -0.086134 -0.082489 0.276579 0.546809 0.413501 0.445798 0.039732 0.094320 -0.082555 -0.062322 -0.052720 -0.186910 -0.274566 -0.283725 -0.039605 -0.039179 -0.286709 -0.305337 -0.288165 -0.344536 -0.127779 -0.457534 -0.119711 -0.242239 -0.024143 -0.041488 0.070089 -0.062861 0.064722 -0.267802 -0.481778 -0.526642 -0.218451 -0.384121 0.038024 0.114732 0.142701 0.062481 0.210695 0.551746 -0.321026 -0.366538 -0.295530 -0.334503 -0.082771 0.255905 0.247253 0.258253 0.186996 0.334137 0.017694 -0.136158 -0.089997 -0.187654 -0.314951 -0.253503 0.070317 0.212277 0.029099 -0.114459 -0.123088 -0.010366 0.131303 -0.122913 -0.304993 -0.307428 0.115999 -0.219426 -0.031678 -0.166497 -0.420749 -0.516044 -0.321302 -0.523151 0.084386 -0.057521 0.061537 -0.363442 -0.335985 0.098557 0.020208 0.054021 -0.084195 -0.262149 -0.497447 -0.467963 0.020615 -0.139358 0.291828 0.103280
0.376881 0.035263 0.102435 -0.299745 0.660849 -0.163639 0.076271 -0.059540 1.000000 0.513593 0.147611 -0.004834 0.215391 -0.016524 0.192894 0.207165 -0.325725 -0.201915 0.448242 0.274064 -0.338993 -0.306227 -0.191997 -0.202038 0.207058 -0.409551 -0.118096 -0.414781 -0.059672 -0.034026 -0.196520 -0.133581 -0.057205 -0.110702 -0.205599 -0.093922 -0.291127 -0.222789 -0.260593 -0.238190 -0.429967 -0.292341 0.141966 0.015030 -0.030504 0.008030 0.176279 0.117211 0.262053 0.069774 0.030473 0.085051 0.260343 0.273592 -0.134284 -0.112501 -0.115146 -0.184191 0.475917 0.024281 0.490126 0.230774 0.097340 -0.065341 0.110390 0.122260 0.036947 -0.051469 -0.065279 0.013032 0.110377 -0.038387 -0.021832 -0.119140 -0.141901 -0.100248 -0.061469 0.062647 -0.359304 -0.294046 -0.327916 -0.252600 0.083377 -0.015801 -0.347694 -0.335274 -0.158120 -0.310382 0.062964 -0.140987 0.305566 0.490924 -0.119807 0.347846 -0.054784 -0.060800 -0.137488 -0.083550 0.044471 0.153225 -0.063835 0.275254 -0.372560 -0.092834 -0.204344 -0.174137 -0.157518 0.078781 0.020034 -0.146474 -0.050510 0.121029 0.244834 -0.167326 -0.160223 -0.385694
0.174303 0.364638 -0.450019 0.103918 0.688897 0.283786 -0.281217 0.248592 0.513593 1.000000 -0.098258 0.353228 -0.145447 0.297000 -0.279285 0.451387 -0.058271 -0.072191 0.154035 0.321328 -0.020648 0.150777 -0.427050 -0.285484 0.451157 0.028757 0.199727 0.019422 -0.007543 0.270316 -0.146807 -0.159543 0.109635 -0.047549 -0.396552 -0.235859 -0.489098 -0.435530 -0.163321 -0.071858 -0.246096 -0.406105 0.052081 -0.039790 0.032800 -0.086979 0.081818 -0.080264 0.382487 0.099970 -0.145200 -0.028328 0.168156 -0.010686 0.025985 -0.028748 -0.003421 -0.144560 0.505524 0.165020 0.279669 0.160881 0.170212 0.085970 -0.194556 0.047465 0.252646 -0.156648 0.304477 0.248359 -0.347940 -0.032911 0.028630 -0.149355 -0.242534 -0.059816 -0.338237 -0.345830 -0.177027 -0.194290 -0.047990 -0.016259 0.008497 0.146774 -0.243590 -0.013712 -0.125919 0.091804 -0.078226 -0.086009 -0.062247 -0.084777 -0.209318 -0.225863 -0.261080 -0.374434 -0.289129 -0.273797 -0.140889 -0.177018 -0.108228 -0.242705 -0.261666 -0.338537 -0.291230 -0.319540 -0.287034 -0.303677 -0.157287 -0.353078 -0.333947 -0.018789 0.311239 -0.114060 -0.303464 -0.466165
0.497698 -0.032183 0.330328 0.148294 -0.002559 -0.144211 0.219226 0.387455 0.147611 -0.098258 1.000000 0.490847 0.631673 0.417085 0.503529 0.261498 0.103260 -0.071029 0.475282 -0.162504 -0.106204 -0.374472 0.222923 0.046276 -0.230140 -0.239636 -0.209077 -0.291615 0.270119 0.326437 0.328498 0.242666 -0.164745 -0.276712 -0.041422 -0.007938 0.054124 -0.018808 -0.325444 -0.351459 -0.233896 -0.045758 -0.085693 -0.169654 -0.203859 -0.205622 0.092459 -0.251290 0.062399 -0.183395 0.263123 0.034496 0.319582 0.189039 0.158031 -0.244420 -0.358696 -0.456339 0.015869 -0.515072 0.397032 0.132991 0.224428 -0.082438 0.380153 0.393361 -0.481653 -0.468405 -0.479422 -0.264475 0.125861 0.081369 0.257713 0.176832 0.219948 0.264376 0.179232 0.111915 -0.171918 -0.169900 -0.350739 -0.313415 0.341477 0.004277 -0.009555 -0.295924 -0.014204 -0.086072 0.195360 -0.272107 0.081075 0.101712 0.116262 0.156070 0.124251 0.182099 -0.270964 -0.177121 -0.125599 -0.215878 0.240063 0.165670 0.055242 -0.363720 -0.202309 0.101918 0.059337 0.148184 0.061114 0.006521 -0.288691 -0.206099 -0.048284 -0.103935 0.456409 0.251757
0.187897 0.261976 -0.083729 0.431986 0.191338 0.209044 0.018582 0.705400 -0.004834 0.353228 0.490847 1.000000 0.334131 0.814868 0.171787 0.662887 0.178598 0.104783 0.224153 -0.094145 0.267407 0.204616 -0.053860 -0.135535 -0.044694 0.056460 0.175592 0.075935 0.423864 0.689598 0.280488 0.214466 0.119598 -0.054866 -0.361908 -0.303427 -0.231892 -0.366379 -0.126325 -0.078501 -0.067447 -0.164907 -0.284660 -0.328091 -0.174403 -0.366400 -0.125529 -0.529412 0.085551 -0.166291 -0.076977 -0.099338 0.162710 -0.128925 0.211204 -0.193255 -0.339022 -0.399470 -0.012219 -0.333162 0.129314 0.188163 0.207555 0.189985 0.027650 0.427195 -0.274913 -0.541107 -0.166221 -0.145419 -0.300135 0.093949 0.362324 0.037519 0.029370 0.176864 -0.229627 -0.398720 0.081631 -0.108782 -0.101397 -0.032278 0.223955 0.310800 -0.140246 -0.023944 -0.051049 0.119959 0.040447 -0.027856 -0.446241 -0.469194 -0.154481 -0.395398 -0.179045 -0.161014 -0.472911 -0.482204 -0.393980 -0.614684 -0.097228 -0.247534 -0.114939 -0.518138 -0.395528 -0.068073 -0.201341 -0.093550 -0.160263 -0.400640 -0.649260 -0.494611 -0.008047 -0.141285 0.255419 -0.087665
0.493094 -0.124453 0.473621 -0.267697 0.028597 -0.504394 0.556402 0.271415 0.215391 -0.145447 0.631673 0.334131 1.000000 0.465799 0.509017 0.241086 0.177304 0.170730 0.412933 -0.042259 -0.241455 -0.239047 -0.177188 -0.349408 -0.427462 -0.626523 -0.331966 -0.559236 0.532245 0.375659 0.191590 0.166432 0.180740 0.019389 0.010039 0.019083 0.111884 -0.025319 -0.232855 -0.252580 -0.092468 0.079133 -0.231226 -0.320188 -0.065989 -0.091103 -0.041055 -0.343923 -0.010741 -0.085026 -0.079935 -0.017852 0.330266 0.088787 -0.108542 -0.324775 -0.382112 -0.464926 0.132723 -0.195327 0.597028 0.551804 0.588727 0.226604 0.204646 0.342108 -0.167186 -0.133811 -0.544933 -0.365625 0.222765 0.055039 0.561385 0.126701 0.258809 0.252565 0.242618 0.148957 -0.063989 -0.213655 -0.046080 0.017790 0.297857 0.182966 -0.363543 -0.679705 -0.458858 -0.504880 0.001254 -0.320985 -0.082131 0.092656 -0.190442 0.026344 0.164587 0.010445 -0.245106 -0.217471 -0.286202 -0.291116 0.157091 0.433472 0.032205 0.026685 -0.007877 0.106400 0.094669 0.096337 0.061445 -0.067873 -0.269327 -0.396398 -0.110198 -0.139303 0.310749 0.117904
0.315988 0.283229 -0.141138 0.197508 0.210221 0.092230 -0.000419 0.568553 -0.016524 0.297000 0.417085 0.814868 0.465799 1.000000 0.166947 0.613206 0.272253 0.143410 0.110481 -0.106354 0.108288 0.124108 -0.253483 -0.377262 -0.118000 -0.077474 0.118675 -0.046869 0.448583 0.760776 0.128919 0.044202 0.155338 -0.204236 -0.286702 -0.288621 -0.111616 -0.149083 -0.098708 0.060503 0.059385 -0.058745 -0.206095 -0.270100 -0.063477 -0.282262 -0.031759 -0.435415 0.191847 -0.034985 -0.064865 0.063670 0.329224 -0.024843 0.314228 0.002591 -0.196685 -0.353696 0.151917 -0.185284 0.222970 0.383175 0.388290 0.330318 -0.137264 0.276209 -0.088160 -0.456996 -0.106239 -0.129163 -0.284527 0.059273 0.470364 0.065470 0.087707 0.205374 -0.193274 -0.319406 0.066980 -0.025422 -0.041698 0.083970 0.241749 0.272264 -0.407114 -0.229215 -0.216952 0.017633 -0.054340 -0.099675 -0.381238 -0.425512 -0.231400 -0.402547 -0.029939 -0.046975 -0.332797 -0.371119 -0.313179 -0.531031 -0.009830 -0.120395 -0.043063 -0.396775 -0.279658 -0.091300 -0.154927 -0.153624 -0.013715 -0.369151 -0.604178 -0.516235 -0.003150 -0.112680 0.224658 -0.038871
0.341921 -0.057235 0.479525 0.120196 -0.052302 -0.063486 0.206721 0.239161 0.192894 -0.279285 0.503529 0.171787 0.509017 0.166947 1.000000 0.354384 0.138085 -0.091567 0.360858 -0.084290 0.040380 -0.183706 0.268145 0.236222 -0.294720 -0.237080 -0.004369 -0.177097 0.232200 0.103923 0.155839 0.292232 -0.252235 -0.067376 -0.021339 -0.010010 0.200861 0.002066 -0.001427 -0.121577 -0.100326 0.157688 -0.427955 -0.483111 -0.517759 -0.458883 -0.347933 -0.406422 -0.334709 -0.487088 0.013445 -0.176789 0.010213 -0.059531 -0.042428 -0.395802 -0.206158 -0.321773 -0.122487 -0.298715 0.344201 0.313026 0.032549 0.027940 0.496893 0.540937 -0.471706 -0.315924 -0.439566 -0.431929 0.371535 0.221848 0.154116 0.169790 0.229750 0.256998 0.266693 0.278532 -0.027008 -0.121618 -0.265039 -0.180822 0.483826 0.240239 -0.141414 -0.327249 -0.160858 -0.192604 0.247211 -0.107250 -0.023456 0.202231 0.162037 0.273050 0.083933 0.084590 -0.376286 -0.226414 -0.371083 -0.192727 0.329924 0.283721 0.214989 -0.049106 -0.061001 0.250443 -0.049176 0.140735 0.120733 -0.083644 -0.206314 -0.203617 -0.251186 0.104701 0.414656 0.094994
0.422516 0.502902 -0.206008 0.292390 0.450852 0.430278 -0.245443 0.419157 0.207165 0.451387 0.261498 0.662887 0.241086 0.613206 0.354384 1.000000 0.085372 0.103422 0.232121 0.175944 0.327107 0.260382 -0.222507 -0.171474 0.035609 0.048210 0.348969 0.173479 0.256267 0.492220 0.010725 -0.020694 -0.147337 -0.255172 -0.563922 -0.478698 -0.372718 -0.481134 0.037899 0.106677 -0.076855 -0.215242 -0.440705 -0.539222 -0.455369 -0.610176 -0.400153 -0.589332 0.048999 -0.392476 -0.194607 -0.147949 0.215376 -0.083553 0.176341 -0.225671 -0.003177 -0.191656 0.212133 -0.177267 0.434994 0.394123 0.192540 0.260672 0.010398 0.434395 -0.280636 -0.601767 -0.038347 -0.043071 -0.200071 0.098817 0.201786 -0.063804 -0.148542 0.134202 -0.308575 -0.383353 -0.074687 -0.232693 0.005761 -0.062516 0.373453 0.476594 -0.224149 -0.075430 -0.118447 0.104154 0.278323 0.126385 -0.200613 -0.218365 -0.022468 -0.170489 -0.278979 -0.265274 -0.641908 -0.455931 -0.466171 -0.497990 0.160771 -0.037997 -0.034881 -0.310302 -0.325396 -0.227210 -0.271563 -0.282440 -0.223588 -0.480144 -0.732039 -0.484698 -0.036395 -0.200863 0.017507 -0.233012
0.041700 0.272480 -0.154779 0.035441 -0.007098 0.222295 -0.146410 0.032605 -0.325725 -0.058271 0.103260 0.178598 0.177304 0.272253 0.138085 0.085372 1.000000 0.404514 -0.283193 -0.079209 0.248988 0.175702 -0.190670 -0.196747 0.077131 0.203314 0.304764 0.228199 0.286850 0.198044 0.074326 0.036675 0.119411 0.144409 0.181404 0.148579 0.248704 0.166237 0.284033 0.216513 0.278336 0.187779 -0.418395 -0.293351 -0.161458 -0.150654 -0.287866 -0.362190 -0.292030 -0.250132 -0.305511 -0.314489 -0.223060 -0.499509 0.109129 -0.222414 0.287764 0.171656 -0.146758 0.113767 0.046879 0.166915 0.242961 0.318457 0.014213 0.070700 0.021076 -0.062393 0.123921 0.021358 -0.124039 -0.018761 0.240635 0.132782 0.169596 0.067473 0.209228 0.059116 0.663177 0.554193 0.388129 0.618803 0.326286 0.298835 -0.103723 -0.000905 -0.113728 0.143535 -0.141497 -0.196096 -0.478119 -0.395495 -0.174050 -0.461013 -0.017500 -0.004171 -0.089092 0.038662 -0.450595 -0.286729 0.083038 -0.372187 0.226882 -0.246046 -0.030831 0.081325 -0.177247 -0.058590 0.045921 0.025466 -0.111251 -0.078474 -0.204281 0.198400 0.191854 0.033247
-0.165079 0.124453 -0.123785 -0.099889 -0.185374 -0.099411 0.015051 -0.024719 -0.201915 -0.072191 -0.071029 0.104783 0.170730 0.143410 -0.091567 0.103422 0.404514 1.000000 -0.255430 -0.006629 0.087253 0.250188 -0.181650 -0.291060 -0.133232 -0.046639 0.044665 0.051469 0.210665 0.285822 -0.195836 -0.182205 0.155972 0.138409 -0.077793 -0.139665 -0.032046 -0.057740 0.219870 0.205451 0.118884 0.119674 -0.246763 -0.171890 -0.033864 -0.099269 -0.153354 -0.214880 -0.175550 -0.072024 -0.317818 -0.198902 -0.166614 -0.260053 0.036119 -0.145414 0.140524 0.212707 -0.175145 0.279473 -0.013427 0.297566 0.438887 0.720692 -0.171384 -0.089065 0.132809 0.066738 0.075041 0.151025 -0.272037 -0.196524 0.234505 -0.061446 -0.049035 -0.077609 0.010630 -0.168835 0.556001 0.504178 0.519218 0.545832 -0.057960 0.293282 0.186712 -0.063925 0.110082 -0.082464 0.048070 0.171531 -0.393232 -0.351271 -0.274651 -0.388051 -0.180774 -0.089929 -0.028246 -0.163936 -0.259543 -0.281094 -0.193770 -0.170798 -0.061158 0.116900 0.152592 0.087314 -0.042706 -0.015032 -0.134086 -0.169324 -0.199075 -0.292702 0.026106 -0.059323 0.060411 0.034180
0.512394 -0.138392 0.407425 -0.020033 0.205571 -0.296232 0.369820 0.196937 0.448242 0.154035 0.475282 0.224153 0.412933 0.110481 0.360858 0.232121 -0.283193 -0.255430 1.000000 0.172279 -0.230020 -0.237450 0.093722 0.031303 -0.245737 -0.408413 -0.310369 -0.383654 0.369479 0.249952 0.290168 0.312313 0.095024 0.018237 -0.190460 -0.169888 -0.085479 -0.260556 -0.448573 -0.483924 -0.358418 -0.149500 -0.024094 -0.228780 -0.205919 -0.286674 -0.020370 -0.236107 0.063707 -0.244954 0.020263 -0.241314 0.215821 0.152752 -0.158306 -0.368123 -0.490310 -0.472561 0.187858 -0.409977 0.570672 0.097564 0.312276 -0.116336 0.351349 0.105855 -0.293852 -0.380663 -0.338999 -0.324482 0.175710 0.147847 0.340130 -0.001407 0.146383 0.205699 0.142060 0.025745 -0.378377 -0.495888 -0.362282 -0.293202 0.301040 0.170384 -0.146059 -0.354528 -0.207221 -0.222700 0.180724 -0.408609 0.103636 0.239558 -0.053147 0.288757 0.107901 -0.035280 -0.393658 -0.221998 -0.057469 -0.094993 0.009482 0.358620 -0.067891 -0.079113 -0.080425 0.107068 0.172911 0.107566 0.046464 -0.052727 -0.239653 -0.149573 -0.086040 -0.133748 0.182059 0.055703
0.250929 0.380745 -0.439309 -0.405319 0.385386 0.050184 -0.177681 -0.366622 0.274064 0.321328 -0.162504 -0.094145 -0.042259 -0.106354 -0.084290 0.175944 -0.079209 -0.006629 0.172279 1.000000 -0.043818 0.009925 -0.564983 -0.355616 0.050293 -0.161713 0.233211 0.098599 0.098259 0.029139 -0.411187 -0.425869 0.162776 -0.070120 -0.517230 -0.425610 -0.126763 -0.274852 0.095013 0.068770 -0.056610 -0.162882 0.141555 0.023663 0.121305 -0.052274 0.061364 0.108268 0.296418 0.107043 -0.273979 -0.206920 0.153881 0.051720 -0.076770 0.081383 0.012757 -0.030807 0.495843 0.282414 0.208210 0.149671 0.104332 0.004645 -0.452293 -0.369224 0.298144 0.086458 0.206707 0.368497 -0.010102 -0.136223 0.126688 -0.196314 -0.165058 -0.129600 -0.137415 -0.165101 -0.065407 -0.282180 0.334736 0.194867 0.291494 0.193060 -0.300462 -0.094907 -0.098426 0.002000 -0.193789 -0.000581 0.184457 0.256173 -0.335453 -0.015162 0.023532 -0.225669 0.001465 0.077237 0.115261 0.208325 0.040731 0.089122 0.000112 0.278148 0.096949 -0.215418 -0.198726 -0.372116 -0.031132 -0.210987 -0.019245 0.128904 0.152851 -0.100867 -0.238555 -0.229977
-0.079086 0.112500 -0.237473 0.298097 0.104818 0.645711 -0.252120 0.126137 -0.338993 -0.020648 -0.106204 0.267407 -0.241455 0.108288 0.040380 0.327107 0.248988 0.087253 -0.230020 -0.043818 1.000000 0.587968 0.125778 0.130458 0.354315 0.703937 0.643571 0.744186 0.268386 0.268310 0.370962 0.213017 0.163046 0.073565 -0.193022 -0.218840 0.011485 -0.090344 0.600632 0.441452 0.297101 0.368023 -0.336212 -0.248114 -0.159196 -0.265150 -0.328738 -0.348771 -0.171738 -0.228541 -0.195614 -0.358156 -0.210892 -0.257532 0.139595 0.010723 0.134064 0.096299 -0.181220 -0.257738 -0.193223 -0.284123 -0.249072 -0.081409 -0.036958 -0.029793 -0.340199 -0.398769 0.081564 -0.017925 -0.137928 0.131223 0.172464 0.083383 0.069189 0.035673 -0.195042 -0.393547 0.302300 0.139469 0.194338 0.133755 0.267926 0.313224 0.185546 0.402546 0.181596 0.421782 -0.008650 0.059946 -0.464448 -0.548888 -0.210259 -0.525431 -0.241733 -0.075178 -0.272627 -0.121252 -0.407098 -0.432157 -0.057325 -0.528733 0.122653 -0.370023 -0.413935 -0.145963 -0.421079 -0.343094 -0.371004 -0.035294 -0.331808 -0.299900 -0.215149 0.006257 0.022095 -0.098132
-0.261750 0.151516 -0.282757 0.171027 0.025656 0.432869 -0.265714 0.117381 -0.306227 0.150777 -0.374472 0.204616 -0.239047 0.124108 -0.183706 0.260382 0.175702 0.250188 -0.237450 0.009925 0.587968 1.000000 -0.204486 -0.167019 0.227350 0.426061 0.472813 0.529780 0.163990 0.258375 0.126062 0.057443 0.172251 0.119353 -0.123279 -0.127994 -0.120222 -0.209941 0.441837 0.388449 0.315653 0.114221 -0.170546 -0.083715 0.082063 -0.033176 -0.174477 -0.148232 -0.060841 -0.020819 -0.326078 -0.219441 -0.232293 -0.291288 0.033018 0.094040 0.065146 0.074951 -0.081327 0.101912 -0.145775 -0.031830 -0.092969 0.150353 -0.165206 -0.060111 0.037629 -0.040077 0.185758 0.032271 -0.334788 0.081546 0.068851 -0.105280 -0.146915 -0.015601 -0.252549 -0.421499 0.241465 0.083046 0.348596 0.287879 -0.045070 0.249002 -0.010586 0.197423 -0.100756 0.220640 -0.027794 0.137135 -0.514557 -0.492609 -0.308577 -0.526979 -0.002065 -0.349838 -0.028295 -0.149265 -0.286408 -0.359749 -0.149012 -0.412397 0.073816 -0.097403 -0.076058 0.048829 -0.159680 -0.281811 -0.399800 -0.219269 -0.133663 -0.234583 -0.199720 0.101249 -0.007479 0.007767
-0.272876 -0.428787 0.510871 0.543934 -0.537816 0.011319 0.075046 0.182685 -0.191997 -0.427050 0.222923 -0.053860 -0.177188 -0.253483 0.268145 -0.222507 -0.190670 -0.181650 0.093722 -0.564983 0.125778 -0.204486 1.000000 0.862526 -0.127309 0.278147 -0.287760 0.007508 -0.161008 -0.211250 0.493320 0.562676 -0.348655 0.039948 0.313143 0.285282 0.111666 0.175952 -0.204699 -0.198397 -0.061354 0.154522 -0.136253 -0.068750 -0.391668 -0.232231 -0.188130 -0.090701 -0.506350 -0.422756 0.251906 -0.179601 -0.332841 -0.080906 -0.079429 -0.215466 -0.102448 0.083173 -0.637146 -0.504279 -0.277204 -0.470925 -0.473937 -0.325490 0.621008 0.282883 -0.625370 -0.251380 -0.219515 -0.269360 0.178058 0.306881 -0.274488 0.171944 0.145226 0.109407 0.125037 0.188214 0.001082 0.153930 -0.380432 -0.319440 -0.151492 -0.203051 0.630258 0.350256 0.379105 0.198315 0.444579 0.037689 0.027910 -0.058502 0.503681 0.339646 -0.033354 0.300402 -0.088634 0.030780 -0.054701 -0.035145 -0.015079 0.010342 -0.031211 -0.110264 -0.041051 0.198890 0.148403 0.414413 0.050818 0.242251 0.078310 0.009892 -0.218197 0.106765 0.178983 0.195524
-0.325021 -0.317008 0.377116 0.667484 -0.495778 0.148308 -0.044196 0.198476 -0.202038 -0.285484 0.046276 -0.135535 -0.349408 -0.377262 0.236222 -0.171474 -0.196747 -0.291060 0.031303 -0.355616 0.130458 -0.167019 0.862526 1.000000 -0.090262 0.354964 -0.191717 0.112804 -0.239964 -0.287820 0.361044 0.521651 -0.410792 0.096510 0.199769 0.240240 0.165694 0.163174 -0.189199 -0.241695 -0.014803 0.162606 -0.209687 -0.136931 -0.493737 -0.329197 -0.311407 -0.105574 -0.528026 -0.499095 0.163664 -0.230089 -0.347548 -0.130800 -0.202369 -0.306746 -0.053964 0.084268 -0.574687 -0.394263 -0.327706 -0.482864 -0.548037 -0.371660 0.525142 0.260196 -0.526302 -0.178053 -0.125197 -0.178298 0.277259 0.384050 -0.373739 0.240556 0.159386 0.192009 0.169970 0.263152 -0.039755 0.032113 -0.313786 -0.324178 -0.112162 -0.082442 0.596306 0.365587 0.346420 0.225680 0.403237 0.058839 0.105962 0.039434 0.598346 0.381057 -0.033370 0.159292 -0.177737 -0.002895 -0.106255 0.007466 0.071636 0.012089 0.033696 -0.037521 -0.024062 0.154839 0.074602 0.309517 0.084939 0.218043 0.111864 0.057815 -0.250014 0.117656 0.082157 0.108802
-0.000512 0.160344 -0.412089 0.023273 0.512242 0.564414 -0.467106 -0.256007 0.207058 0.451157 -0.230140 -0.044694 -0.427462 -0.118000 -0.294720 0.035609 0.077131 -0.133232 -0.245737 0.050293 0.354315 0.227350 -0.127309 -0.090262 1.000000 0.578818 0.506495 0.400893 -0.251096 -0.190710 -0.051397 -0.160731 0.008084 -0.120297 -0.041651 0.046914 -0.180734 0.026681 0.369540 0.417897 -0.090883 -0.021839 0.047684 0.095067 0.174691 0.177533 0.047870 0.129529 0.236337 0.177256 0.043433 0.020328 -0.119455 -0.071770 0.110768 0.186177 0.311952 0.158314 0.228855 0.062759 -0.062358 -0.284411 -0.187192 -0.198257 -0.056464 -0.159745 0.104715 -0.007206 0.302520 0.322204 -0.243479 -0.141140 -0.273694 -0.166876 -0.244926 -0.274751 -0.342591 -0.215505 0.044408 0.095013 0.094318 0.135877 0.067828 -0.034833 0.060631 0.404023 0.205011 0.364119 -0.070293 0.073630 -0.052773 -0.105008 -0.190011 -0.176252 -0.226280 -0.010003 0.022326 0.171184 -0.114988 -0.030098 -0.115654 -0.430258 -0.213576 -0.420994 -0.242644 -0.294859 -0.513264 -0.200274 -0.146855 0.087275 0.018382 0.185793 0.022786 0.127698 -0.235361 -0.395402
-0.248823 0.168094 -0.413792 0.476245 -0.024505 0.827683 -0.559483 -0.026808 -0.409551 0.028757 -0.239636 0.056460 -0.626523 -0.077474 -0.237080 0.048210 0.203314 -0.046639 -0.408413 -0.161713 0.703937 0.426061 0.278147 0.354964 0.578818 1.000000 0.621865 0.831370 -0.171556 -0.058231 0.174237 0.058364 -0.066609 -0.064999 -0.032571 -0.009673 0.021460 0.128307 0.501097 0.493196 0.215096 0.233858 -0.204365 -0.069145 -0.169376 -0.173403 -0.289598 -0.137225 -0.182990 -0.217096 -0.044409 -0.229680 -0.355001 -0.313640 0.290382 0.157001 0.345141 0.336274 -0.245969 -0.141621 -0.399949 -0.496294 -0.475371 -0.187923 -0.013469 -0.114674 -0.232016 -0.266156 0.322557 0.200670 -0.281257 0.003483 -0.249808 0.020441 -0.060440 -0.118078 -0.244517 -0.290743 0.284338 0.328083 0.111881 0.130103 0.037306 0.066223 0.375513 0.733778 0.476582 0.693037 0.094397 0.249112 -0.264389 -0.480956 0.084266 -0.334625 -0.200850 0.103213 -0.098939 0.114594 -0.187047 -0.212960 -0.074638 -0.647839 0.055400 -0.405757 -0.257218 -0.130415 -0.398316 -0.216080 -0.197474 0.093637 -0.124495 -0.021972 -0.128763 0.160515 -0.053314 -0.094097
0.097140 0.480538 -0.581127 0.081278 0.400625 0.797254 -0.492438 -0.086134 -0.118096 0.199727 -0.209077 0.175592 -0.331966 0.118675 -0.004369 0.348969 0.304764 0.044665 -0.310369 0.233211 0.643571 0.472813 -0.287760 -0.191717 0.506495 0.621865 1.000000 0.846532 -0.041653 0.062777 -0.256767 -0.381226 0.040805 -0.242560 -0.387874 -0.415765 -0.099068 -0.156340 0.733644 0.591521 0.202224 0.131210 -0.221865 -0.152769 -0.089644 -0.207015 -0.264844 -0.206384 0.068243 -0.058175 -0.236562 -0.193877 -0.113258 -0.313798 0.306647 0.179770 0.341752 0.161490 0.264060 0.194112 -0.063887 0.049793 -0.204243 0.155900 -0.316214 -0.039935 0.013119 -0.248534 0.283186 0.221914 -0.305245 -0.234589 -0.010533 -0.032738 -0.071367 -0.189726 -0.285234 -0.397277 0.218028 0.150274 0.176439 0.183362 0.315000 0.198771 -0.173753 0.363184 0.311217 0.531265 -0.140469 0.343488 -0.314833 -0.373387 -0.181618 -0.440055 -0.224808 -0.172394 -0.250920 -0.120006 -0.251501 -0.228523 0.029898 -0.528943 0.239096 -0.262912 -0.327092 -0.192382 -0.540468 -0.461505 -0.264344 -0.234895 -0.312790 -0.072419 0.045078 0.072347 -0.013114 -0.200983
-0.111323 0.314668 -0.547718 0.286466 0.059408 0.824169 -0.524285 -0.082489 -0.414781 0.019422 -0.291615 0.075935 -0.559236 -0.046869 -0.177097 0.173479 0.228199 0.051469 -0.383654 0.098599 0.744186 0.529780 0.007508 0.112804 0.400893 0.831370 0.846532 1.000000 -0.052763 0.028807 -0.051518 -0.191753 0.010698 -0.129645 -0.287517 -0.309991 -0.019918 -0.064258 0.708684 0.582652 0.372539 0.242214 -0.212445 -0.088998 -0.135965 -0.206574 -0.316857 -0.178658 -0.110646 -0.155259 -0.185718 -0.306879 -0.270057 -0.352588 0.329620 0.236031 0.357859 0.293402 -0.046997 0.028362 -0.309817 -0.294033 -0.385619 -0.005134 -0.231949 -0.179584 -0.122225 -0.290649 0.346745 0.204259 -0.349874 -0.155962 -0.083069 0.008194 -0.014674 -0.155799 -0.258842 -0.425304 0.279956 0.232006 0.259055 0.181592 0.180925 0.170522 0.178012 0.622831 0.512928 0.716367 -0.003357 0.366206 -0.334291 -0.520870 -0.068994 -0.459701 -0.152492 -0.076539 -0.160523 0.011503 -0.174905 -0.219980 -0.073214 -0.608105 0.221308 -0.200467 -0.233269 -0.164619 -0.367436 -0.440521 -0.230224 -0.131222 -0.238914 -0.072368 -0.057272 0.146823 -0.020396 -0.004574
0.243697 -0.139626 0.192078 -0.058282 0.043407 -0.186831 0.402101 0.276579 -0.059672 -0.007543 0.270119 0.423864 0.532245 0.448583 0.232200 0.256267 0.286850 0.210665 0.369479 0.098259 0.268386 0.163990 -0.161008 -0.239964 -0.251096 -0.171556 -0.041653 -0.052763 1.000000 0.730309 0.446574 0.396780 0.554630 0.300432 -0.052392 -0.115937 0.221693 -0.062215 0.036593 -0.064614 0.173913 0.316175 -0.319811 -0.360073 0.019802 -0.128954 -0.170674 -0.465828 -0.095925 -0.124748 -0.284691 -0.402211 0.074834 -0.171299 -0.182064 -0.325978 -0.372517 -0.358307 -0.077220 -0.372834 0.262351 0.066350 0.420922 0.107123 0.037516 -0.039293 -0.204674 -0.333554 -0.258184 -0.362516 0.072415 0.162738 0.870720 0.101345 0.330464 0.341783 0.149969 -0.150069 0.240644 -0.095691 0.226303 0.271216 0.397616 0.475558 -0.196607 -0.242054 -0.354072 -0.183312 -0.241605 -0.470154 -0.531027 -0.348931 -0.506629 -0.456720 0.095425 -0.048864 -0.294046 -0.289310 -0.456966 -0.512473 -0.162690 -0.036520 0.064568 -0.160710 -0.140899 -0.044814 -0.035225 -0.250001 0.001504 -0.156484 -0.373661 -0.454441 -0.285103 -0.105917 0.186432 0.069568
0.230920 0.110864 -0.072866 0.167626 0.118053 -0.001579 0.154042 0.546809 -0.034026 0.270316 0.326437 0.689598 0.375659 0.760776 0.103923 0.492220 0.198044 0.285822 0.249952 0.029139 0.268310 0.258375 -0.211250 -0.287820 -0.190710 -0.058231 0.062777 0.028807 0.730309 1.000000 0.336856 0.230474 0.380852 0.088869 -0.238469 -0.300134 0.021040 -0.066032 -0.049036 -0.024471 0.087472 0.224434 -0.255082 -0.306133 -0.052959 -0.271109 -0.043102 -0.462591 0.076549 -0.093269 -0.212370 -0.222907 0.252516 -0.055373 0.141472 -0.147825 -0.329732 -0.419792 0.035804 -0.283210 0.200679 0.205342 0.435346 0.314854 -0.096099 0.041138 -0.153087 -0.483162 -0.156199 -0.212555 -0.129961 0.156438 0.729149 0.196043 0.269348 0.444218 0.016878 -0.277046 0.127392 -0.063853 0.030819 0.111474 0.291541 0.504924 -0.245467 -0.196232 -0.214519 0.026869 -0.128758 -0.267045 -0.512605 -0.488024 -0.416586 -0.540554 0.009474 -0.051416 -0.339992 -0.441436 -0.389116 -0.604549 -0.102083 -0.178044 0.023980 -0.324180 -0.246228 0.002939 -0.124728 -0.214799 -0.101948 -0.278110 -0.567031 -0.554638 -0.068655 -0.135565 0.248372 0.051739
-0.007626 -0.332699 0.485692 0.368782 -0.200279 -0.019767 0.291255 0.413501 -0.196520 -0.146807 0.328498 0.280488 0.191590 0.128919 0.155839 0.010725 0.074326 -0.195836 0.290168 -0.411187 0.370962 0.126062 0.493320 0.361044 -0.051397 0.174237 -0.256767 -0.051518 0.446574 0.336856 1.000000 0.857159 0.160667 0.334215 0.395716 0.396453 0.181763 0.124538 -0.222222 -0.241251 0.109334 0.212877 -0.280514 -0.278151 -0.179299 -0.102830 -0.178947 -0.345306 -0.350741 -0.325348 -0.004481 -0.295382 -0.195720 -0.097399 -0.121205 -0.305844 -0.319877 -0.213152 -0.497069 -0.676084 0.048280 -0.351221 -0.078938 -0.386443 0.536383 0.165319 -0.576746 -0.308850 -0.343750 -0.474986 0.133403 0.470673 0.302231 0.171516 0.223283 0.327589 0.141016 0.038379 -0.008777 -0.077917 -0.183981 -0.092859 0.080491 0.124535 0.261594 0.055534 -0.185515 0.000520 0.114149 -0.520208 -0.304994 -0.274210 0.004269 -0.146470 0.176682 0.106368 -0.194333 -0.048281 -0.293507 -0.384324 -0.022835 -0.140605 -0.040251 -0.406320 -0.256005 0.072494 0.078618 0.132600 -0.058340 0.213479 -0.108663 -0.210373 -0.302193 0.000825 0.173600 0.183861
-0.134890 -0.431775 0.611950 0.467707 -0.293203 -0.127168 0.366669 0.445798 -0.133581 -0.159543 0.242666 0.214466 0.166432 0.044202 0.292232 -0.020694 0.036675 -0.182205 0.312313 -0.425869 0.213017 0.057443 0.562676 0.521651 -0.160731 0.058364 -0.381226 -0.191753 0.396780 0.230474 0.857159 1.000000 0.038191 0.434450 0.393886 0.460646 0.201504 0.125465 -0.307015 -0.345040 0.035544 0.214801 -0.304874 -0.275981 -0.249168 -0.131941 -0.217587 -0.296359 -0.451565 -0.392540 -0.012464 -0.305956 -0.246225 -0.120563 -0.320558 -0.500465 -0.376390 -0.267968 -0.586847 -0.664480 -0.020122 -0.370788 -0.130381 -0.383378 0.608446 0.242251 -0.574541 -0.235684 -0.418888 -0.568280 0.323804 0.614079 0.248363 0.234006 0.281769 0.408681 0.285960 0.272822 0.046173 -0.076183 -0.247987 -0.133457 0.044207 0.153147 0.250466 -0.065897 -0.252644 -0.139361 0.111364 -0.540460 -0.258568 -0.127773 0.140876 0.019112 0.117276 0.088947 -0.177944 -0.099769 -0.338756 -0.309616 0.010728 -0.011154 -0.031639 -0.285033 -0.135559 0.152994 0.168755 0.230446 0.012649 0.265402 0.039793 -0.139672 -0.260776 -0.005130 0.123703 0.051672
0.009465 -0.062509 -0.067989 -0.357630 0.131615 -0.238107 0.355032 0.039732 -0.057205 0.109635 -0.164745 0.119598 0.180740 0.155338 -0.252235 -0.147337 0.119411 0.155972 0.095024 0.162776 0.163046 0.172251 -0.348655 -0.410792 0.008084 -0.066609 0.040805 0.010698 0.554630 0.380852 0.160667 0.038191 1.000000 0.576478 0.018030 -0.082308 0.120250 -0.112787 0.153074 0.046834 0.041823 0.187222 -0.045500 -0.050197 0.360396 0.182750 0.049637 -0.158634 0.057794 0.248981 -0.346504 -0.248944 -0.035486 -0.158266 -0.126770 0.038516 -0.190962 -0.067776 0.126858 0.123547 -0.010243 0.046849 0.360129 0.150380 -0.295642 -0.354234 0.321614 0.096459 0.151973 -0.059237 -0.222764 -0.263139 0.598549 0.030943 0.168522 -0.028561 0.032342 -0.222198 0.255210 -0.032625 0.215478 0.298087 0.117400 0.255143 -0.194979 -0.085835 -0.216164 -0.124555 -0.576310 -0.279756 -0.497528 -0.401517 -0.718113 -0.556376 0.036888 -0.018446 0.069166 -0.075482 -0.104885 -0.209524 -0.396732 -0.187341 -0.033574 -0.040597 -0.041093 0.058933 -0.099177 -0.200751 -0.051765 -0.040198 -0.133567 -0.173647 -0.050374 0.035509 0.115676 0.018952
-0.314386 -0.157923 0.219790 -0.047229 -0.185674 -0.260167 0.320728 0.094320 -0.110702 -0.047549 -0.276712 -0.054866 0.019389 -0.204236 -0.067376 -0.255172 0.144409 0.138409 0.018237 -0.070120 0.073565 0.119353 0.039948 0.096510 -0.120297 -0.064999 -0.242560 -0.129645 0.300432 0.088869 0.334215 0.434450 0.576478 1.000000 0.289551 0.338386 0.147586 0.011137 -0.028166 -0.181301 -0.024494 0.146021 -0.311514 -0.201256 -0.006486 0.069802 -0.251673 -0.225000 -0.473871 -0.165421 -0.410707 -0.438417 -0.478848 -0.364405 -0.441112 -0.344380 -0.111893 0.126923 -0.362371 0.074867 -0.126879 -0.120043 0.064662 -0.020709 0.207509 -0.051023 0.124259 0.224479 0.175245 -0.044446 0.149646 0.124100 0.254733 0.178052 0.213415 0.188098 0.306067 0.196973 0.412960 0.200018 0.164310 0.282245 -0.175523 0.143925 0.099267 -0.073410 -0.234182 -0.254542 -0.224552 -0.398180 -0.434888 -0.265706 -0.243756 -0.227968 0.012719 -0.012670 0.055479 -0.000296 -0.247766 -0.164883 -0.274433 -0.136495 -0.078677 -0.002923 0.054355 0.225568 0.062244 0.157539 -0.017952 0.115649 0.156577 -0.045770 -0.196748 0.122734 0.084804 0.003432
-0.330863 -0.375673 0.472016 0.001626 -0.362648 -0.279766 0.247220 -0.082555 -0.205599 -0.396552 -0.041422 -0.361908 0.010039 -0.286702 -0.021339 -0.563922 0.181404 -0.077793 -0.190460 -0.517230 -0.193022 -0.123279 0.313143 0.199769 -0.041651 -0.032571 -0.387874 -0.287517 -0.052392 -0.238469 0.395716 0.393886 0.018030 0.289551 1.000000 0.858423 0.410032 0.555052 -0.094077 -0.046525 0.155145 0.197043 -0.051518 0.078106 0.092594 0.388119 0.013039 0.145406 -0.383565 -0.017263 0.086439 0.075824 -0.337923 -0.100643 -0.174361 -0.087698 -0.012635 0.119907 -0.527681 -0.154199 -0.198626 -0.257761 -0.092163 -0.230133 0.442395 0.041749 -0.100612 0.381014 -0.174361 -0.254019 0.190821 0.164722 -0.095222 0.095749 0.145609 0.144715 0.389199 0.551610 0.148028 0.301840 -0.125460 0.064923 -0.189448 -0.195301 0.199904 0.013466 -0.104630 -0.108323 -0.042559 -0.269978 -0.071120 0.097454 0.222753 0.155331 0.277791 0.359988 0.361804 0.401835 0.015221 0.138549 -0.006812 0.019939 0.058255 -0.021326 0.235600 0.264690 0.296457 0.372769 0.217349 0.511611 0.512306 0.279196 -0.157197 0.198256 0.154647 0.221761
-0.302583 -0.324750 0.408635 0.049580 -0.272635 -0.192597 0.182432 -0.062322 -0.093922 -0.235859 -0.007938 -0.303427 0.019083 -0.288621 -0.010010 -0.478698 0.148579 -0.139665 -0.169888 -0.425610 -0.218840 -0.127994 0.285282 0.240240 0.046914 -0.009673 -0.415765 -0.309991 -0.115937 -0.300134 0.396453 0.460646 -0.082308 0.338386 0.858423 1.000000 0.272824 0.402951 -0.167904 -0.125971 0.150813 0.088996 -0.105591 0.034541 0.079562 0.423356 -0.057823 0.114232 -0.357265 -0.051626 0.066354 0.088883 -0.343181 -0.128007 -0.216973 -0.191160 -0.014212 0.110890 -0.490471 -0.192005 -0.124217 -0.281964 -0.146824 -0.369975 0.477087 0.135121 -0.104477 0.406104 -0.144902 -0.205014 0.209893 0.191634 -0.178990 0.040575 0.088941 0.109449 0.312005 0.521920 0.092654 0.234644 -0.106723 0.048243 -0.233960 -0.217670 0.144662 -0.020134 -0.168997 -0.148888 0.040360 -0.298929 -0.024509 0.154991 0.269605 0.221727 0.267969 0.214570 0.298294 0.382706 -0.069740 0.050839 0.044432 0.035171 -0.046218 -0.045416 0.190702 0.184985 0.334387 0.358058 0.114953 0.440577 0.546742 0.241994 -0.142646 0.264074 0.087027 0.158744
