1.000000 0.334809 0.034918 -0.159556 -0.099450 -0.010945 0.326717 -0.041751 -0.255190 -0.158335 0.467223 0.249043 0.249558 0.238684 0.078467 -0.234922 -0.015954 0.052660 0.515940 0.176746 0.154739 -0.051705 -0.113401 -0.254765 -0.137017 -0.064840 0.098496 -0.114493 0.368793 0.100945 0.310035 0.182769 0.336743 0.477847 0.074180 -0.058111 -0.203662 -0.076476 -0.079891 -0.363746 0.103204 -0.212726 -0.298073 -0.371590 -0.397018 -0.435685 -0.250412 -0.363191 0.002818 -0.458260 -0.229680 -0.415250 -0.139373 -0.286212 -0.100720 -0.352061 0.253974 0.073402 0.407338 -0.296667 0.422234 0.027700 0.102538 0.019891 0.027619 -0.164744 -0.045413 -0.321239 0.032189 -0.094299 0.056546 0.124493 0.273848 0.181667 0.307100 0.305914 0.287846 0.241054 -0.099458 -0.069927 -0.178774 -0.119011 -0.140078 -0.148629 0.388178 -0.263538 -0.006402 -0.055047 0.022699 -0.411539 -0.201336 -0.128083 0.071571 0.137424 -0.067142 0.053757 -0.359326 -0.037505 -0.124615 0.055416 -0.060503 0.334484 -0.160311 -0.142241 -0.134870 -0.017243 -0.052342 0.042708 -0.133982 0.062959 -0.151051 0.164319 0.164446 0.257974 0.167513 0.222718
0.334809 1.000000 0.046342 -0.206942 0.068612 0.155252 0.385407 0.085055 0.171375 0.203937 0.218243 0.348556 0.442206 0.163949 0.194902 -0.097510 0.246523 0.177255 0.254649 0.076184 -0.230308 -0.250638 -0.347224 -0.438402 -0.242909 -0.126818 -0.145307 -0.192100 0.095810 0.092222 -0.073652 -0.109282 0.552202 0.535715 0.189390 0.122735 -0.349374 -0.279262 -0.145417 -0.133565 -0.178551 -0.425578 -0.209719 -0.262059 -0.144488 -0.139745 -0.250431 -0.425986 0.202445 -0.039351 -0.046289 -0.038254 -0.139251 -0.126185 -0.259305 -0.305279 0.223688 0.488622 0.354597 0.285003 0.283316 0.573583 0.018639 0.413684 -0.082936 0.247183 0.191368 -0.248586 0.172168 0.006410 -0.272016 -0.160017 0.132189 -0.127057 -0.058653 -0.242286 -0.000603 -0.080686 -0.011795 0.284845 0.043399 0.015973 0.061991 -0.047709 0.008189 -0.045089 -0.070633 0.061834 -0.159010 -0.283333 -0.348653 -0.275200 -0.203329 -0.278805 -0.158514 -0.179141 -0.375750 -0.051553 -0.161015 -0.194659 -0.096560 -0.036480 -0.025422 -0.080623 0.015791 0.151773 0.091114 -0.119346 0.050766 -0.011478 -0.106697 -0.006383 -0.179774 0.071558 0.146622 0.109790
0.034918 0.046342 1.000000 0.150941 0.324323 0.111928 0.357859 0.458817 -0.010292 0.002279 0.179472 -0.008332 0.233951 0.085194 0.028539 -0.042551 0.198197 0.044095 0.285775 0.107103 0.208092 0.030010 0.165531 0.046806 -0.013007 0.052362 0.178257 -0.053726 0.158171 0.002703 0.232098 0.120709 0.101900 0.151888 0.029810 -0.040533 -0.262412 -0.100083 0.122532 -0.178606 -0.052478 -0.023418 -0.342757 -0.360578 -0.393224 -0.354573 -0.254657 -0.344240 -0.170739 -0.338788 -0.178710 -0.389883 -0.220976 -0.378207 -0.095414 -0.212090 -0.022941 -0.150444 0.089276 -0.122039 0.270833 0.066629 0.044087 0.031834 0.292026 -0.017058 -0.021858 -0.245408 -0.098455 -0.147245 -0.008100 0.252278 0.256888 0.111923 0.311731 0.082584 0.153811 0.056283 -0.015880 -0.090501 -0.107327 -0.120166 -0.104685 -0.221569 -0.045582 -0.085706 0.075585 0.187331 0.088651 0.026889 -0.253707 -0.197986 -0.134005 -0.109969 0.043466 0.121894 -0.193180 -0.148890 -0.268380 -0.070826 -0.144956 -0.094160 -0.157081 -0.091742 0.155002 0.215321 -0.087967 -0.062239 -0.033793 0.049436 -0.138138 -0.025072 0.099745 0.136775 0.090143 0.143447
-0.159556 -0.206942 0.150941 1.000000 -0.036100 0.161373 -0.502295 0.139445 -0.199603 -0.265104 -0.403002 0.014912 -0.387950 -0.158145 -0.361576 0.164694 0.124358 0.253475 -0.076649 -0.060777 0.279520 0.294174 0.453272 0.205145 0.213012 0.277325 0.311358 0.358261 0.031155 0.036150 0.066736 0.258875 -0.011002 -0.107576 -0.093166 -0.099749 -0.083466 -0.215406 -0.028730 -0.081410 0.007457 -0.150692 0.060474 0.118219 -0.066658 0.094848 0.070419 0.106919 -0.336487 0.075800 -0.185037 0.056469 -0.176014 0.134623 -0.120533 0.157820 0.249097 0.017966 -0.548116 0.103895 -0.305372 -0.227751 0.059983 -0.089591 0.026983 0.117328 -0.134660 -0.063322 0.083656 -0.194276 0.040330 0.042028 -0.183632 -0.093034 -0.160808 -0.140014 -0.143558 -0.156274 0.219740 0.132355 0.109425 0.141066 -0.153778 0.157388 -0.082738 0.409458 0.285169 0.234293 -0.017288 0.276825 -0.094150 -0.224409 0.042457 -0.268409 -0.134553 -0.076676 -0.033538 -0.154974 0.037603 0.130013 -0.204970 -0.288845 -0.356798 -0.370399 -0.286273 -0.302117 0.024561 -0.024930 -0.239239 -0.096108 -0.116574 -0.064941 -0.066391 -0.152993 -0.139466 -0.158579
-0.099450 0.068612 0.324323 -0.036100 1.000000 0.691503 0.205524 0.127082 0.197043 0.378098 -0.200277 0.061150 -0.103073 0.095010 -0.044079 0.080018 -0.209280 -0.040467 0.136581 0.286908 0.275664 0.251940 0.172665 0.251177 0.239572 0.294816 0.450304 0.242734 -0.327631 -0.273752 -0.058918 0.041214 -0.142922 -0.060238 -0.137641 -0.140176 -0.234143 -0.104293 0.130732 0.085340 0.003611 0.097583 -0.190299 -0.314996 -0.281424 -0.191058 -0.351508 -0.178400 -0.171147 -0.173955 -0.280873 -0.234059 -0.053810 -0.165754 -0.125781 -0.202688 -0.028484 0.163086 0.013247 0.044105 0.099564 0.135714 -0.015497 0.097251 0.266965 0.071340 -0.209518 -0.082412 0.038995 0.163487 0.076727 0.030492 -0.367174 0.033999 -0.148647 0.058264 0.066646 0.192558 -0.112758 -0.136412 -0.290256 -0.203506 -0.316827 -0.127269 -0.240733 -0.239222 -0.329328 0.014366 0.272408 -0.074798 0.098293 0.222935 0.100930 0.094089 0.081906 -0.093935 -0.246958 -0.116779 -0.198719 -0.125452 -0.176634 -0.035771 -0.121219 0.018744 0.032217 0.106762 -0.073923 -0.094657 -0.022364 0.019805 -0.037925 -0.036200 0.008405 -0.018589 -0.016644 0.093870
-0.010945 0.155252 0.111928 0.161373 0.691503 1.000000 -0.056545 -0.142895 0.242052 0.493605 -0.411523 -0.190035 -0.290274 -0.291078 -0.164943 -0.158793 -0.034800 -0.025370 0.136694 0.207296 0.425468 0.572077 0.158467 0.075798 0.058519 0.490897 0.610578 0.517603 -0.306251 -0.473219 -0.241336 -0.037260 -0.069038 -0.201798 -0.157844 -0.082772 -0.251248 -0.297383 0.115648 0.191622 -0.035623 -0.108621 0.066001 0.008885 0.020502 0.107535 -0.066544 0.085739 -0.078678 0.120875 -0.237767 0.020510 -0.101275 0.108570 -0.183202 0.124937 0.304989 0.407288 -0.143183 0.305978 -0.056241 0.068170 0.099215 0.168486 -0.020502 -0.068331 -0.036025 0.061433 0.293356 0.099285 0.087709 -0.178593 -0.518058 -0.118395 -0.358292 -0.159322 -0.136771 -0.028956 0.071062 -0.019334 -0.082610 -0.055890 -0.144280 -0.115767 -0.335411 -0.140898 -0.236332 0.041358 -0.066118 0.040955 0.155445 0.207402 0.029652 -0.011906 0.026880 -0.179230 -0.075358 0.022318 0.058070 0.108231 -0.174606 -0.166775 -0.127375 -0.142566 -0.111749 -0.073583 -0.098797 -0.228372 -0.146146 0.072049 0.037996 0.017763 -0.057786 -0.159270 -0.136448 -0.112398
0.326717 0.385407 0.357859 -0.502295 0.205524 -0.056545 1.000000 0.501484 0.264382 0.386327 0.547954 0.293177 0.717717 0.393326 0.568442 0.152122 -0.161993 -0.268049 0.472612 0.226333 -0.301685 -0.460828 -0.331900 -0.176658 -0.423440 -0.308838 -0.227764 -0.434789 -0.008643 0.042050 0.302370 0.016487 0.137820 0.404407 0.083733 -0.056488 -0.348295 0.048432 -0.071651 -0.159192 -0.126005 0.047634 -0.435056 -0.538084 -0.521031 -0.553389 -0.386074 -0.522353 0.074246 -0.528092 -0.112400 -0.442769 -0.069759 -0.375706 -0.012913 -0.579379 -0.350515 -0.208636 0.545269 -0.402697 0.541397 0.357158 -0.259532 0.044666 0.296543 0.033597 -0.188451 -0.405577 -0.292883 -0.012285 0.041598 0.235284 0.264713 0.300752 0.383175 0.339471 0.459170 0.460216 -0.424266 -0.225913 -0.500513 -0.482604 0.096424 -0.121797 0.069250 -0.400981 -0.121482 -0.223792 0.128037 -0.392183 -0.067381 0.076930 -0.025411 0.232668 0.053699 0.188894 -0.381725 -0.030793 -0.216024 -0.266513 0.117459 0.216555 0.212485 0.152175 0.351183 0.268320 -0.002255 -0.021555 0.325261 0.249695 -0.068699 -0.105146 0.102887 0.179918 0.247675 0.273004
-0.041751 0.085055 0.458817 0.139445 0.127082 -0.142895 0.501484 1.000000 0.053576 0.103075 0.222289 0.262020 0.408876 0.489746 0.147139 0.259771 -0.030273 -0.066653 0.255102 0.068152 -0.091025 -0.279197 -0.170082 -0.000410 -0.166979 -0.286196 -0.146665 -0.361677 -0.021303 0.229014 0.392205 0.230512 0.068973 0.302447 0.009541 -0.033594 -0.205129 0.013988 -0.029201 -0.112341 -0.064162 0.066970 -0.461365 -0.531465 -0.456237 -0.445658 -0.364689 -0.446927 -0.191039 -0.389582 -0.218101 -0.266247 -0.082416 -0.258996 -0.042689 -0.418296 -0.285356 -0.359154 0.128389 -0.213355 0.262077 0.314715 -0.199575 0.094332 0.287302 0.124628 -0.219124 -0.368434 -0.299223 -0.183414 -0.016555 0.359750 0.181568 0.188043 0.255099 0.213461 0.330456 0.348729 -0.275316 -0.130230 -0.361221 -0.383349 -0.079368 -0.055547 -0.198198 -0.109199 0.045953 -0.004587 0.112770 -0.024305 -0.172570 -0.101328 -0.071808 -0.055100 -0.030974 0.165830 -0.397200 -0.177488 -0.185202 -0.208765 -0.027738 -0.050614 0.091694 -0.031365 0.228507 0.070707 0.031773 -0.021929 0.276517 0.190516 -0.152258 -0.197948 -0.058384 0.089094 0.100845 0.221356
-0.255190 0.171375 -0.010292 -0.199603 0.197043 0.242052 0.264382 0.053576 1.000000 0.688358 -0.135258 -0.076220 0.268993 -0.125775 0.518472 0.327454 -0.088183 -0.304126 -0.057338 0.100349 -0.354173 -0.105543 -0.176838 0.005735 -0.217822 0.108199 -0.258760 0.013379 -0.354804 -0.350979 -0.193435 -0.140787 -0.160463 -0.115447 -0.012446 0.199145 -0.173987 0.030431 -0.218433 0.125113 -0.111429 0.057424 -0.090996 -0.027167 0.006109 0.059762 -0.115325 -0.042920 0.134674 0.069843 0.007879 0.129974 0.016623 0.105512 0.026028 -0.143278 -0.194468 0.012922 0.093144 0.168383 -0.107356 0.151686 -0.349328 -0.068430 -0.136137 0.192191 -0.035459 0.085033 -0.054923 0.114602 0.020998 -0.034507 -0.259715 0.056252 -0.103872 0.008726 0.050742 0.172198 -0.114436 -0.053080 -0.104108 -0.255479 0.198595 -0.008514 -0.334692 -0.062981 -0.121744 -0.104292 -0.093435 0.107398 0.252931 0.271611 0.053901 0.116236 0.057083 0.129180 -0.041233 0.060550 -0.064691 -0.143345 0.140850 -0.034189 0.262193 0.304523 0.239124 0.000474 0.105127 -0.000948 0.195087 0.162281 0.091459 -0.177414 -0.114265 -0.073890 -0.099088 -0.074119
-0.158335 0.203937 0.002279 -0.265104 0.378098 0.493605 0.386327 0.103075 0.688358 1.000000 -0.094737 -0.113484 0.173061 -0.167190 0.405861 0.213941 -0.214178 -0.396715 0.078370 0.292859 -0.195511 -0.029865 -0.268753 0.022968 -0.371447 0.126995 -0.032564 0.076332 -0.511744 -0.442808 -0.212244 -0.150956 -0.232677 -0.085179 -0.089164 0.079649 -0.358571 -0.158046 -0.216871 0.084509 -0.104053 0.006661 -0.119150 -0.089741 -0.081704 0.057889 -0.143614 -0.013044 0.109056 0.039639 -0.069097 -0.012082 -0.041188 0.018222 -0.036204 -0.142155 -0.127275 0.077179 0.082753 0.150497 0.016142 0.221111 -0.270216 -0.012704 -0.063391 0.113871 -0.158020 0.134735 0.052332 0.251050 0.088697 -0.124179 -0.365265 0.041967 -0.200084 0.004951 0.109874 0.255025 -0.235723 -0.134270 -0.306919 -0.382393 0.068197 -0.132279 -0.390734 -0.289061 -0.226174 -0.183111 -0.087976 -0.058743 0.341273 0.434528 0.105740 0.235364 -0.019755 0.199405 -0.017017 0.069058 -0.028780 -0.123555 0.096427 0.038724 0.329721 0.244030 0.259891 0.070205 0.045550 -0.091393 0.241797 0.212117 0.187530 -0.143901 0.001031 -0.095042 -0.056734 -0.106309
0.467223 0.218243 0.179472 -0.403002 -0.200277 -0.411523 0.547954 0.222289 -0.135258 -0.094737 1.000000 0.328128 0.698445 0.534828 0.358085 -0.117147 0.013556 -0.122207 0.157915 -0.069281 -0.306297 -0.493354 -0.397809 -0.302463 -0.328131 -0.541427 -0.320409 -0.537430 0.327319 0.295738 0.135099 -0.144070 0.107225 0.456116 0.128793 0.124635 -0.179536 0.094489 -0.068084 -0.277472 -0.099564 -0.092848 -0.219974 -0.328650 -0.305296 -0.325723 -0.142986 -0.276307 0.245724 -0.393730 0.064361 -0.398810 0.035537 -0.329355 0.280695 -0.432863 -0.333977 -0.357986 0.586290 -0.522425 0.544374 0.151601 -0.070268 0.031542 0.001177 -0.003227 -0.214194 -0.429948 -0.422721 -0.218655 -0.057333 0.064285 0.532551 0.230171 0.463981 0.297246 0.344010 0.306802 -0.346082 -0.170561 -0.251128 -0.281946 -0.005888 -0.303973 0.200568 -0.479461 -0.020186 -0.203233 0.022413 -0.449035 -0.022031 0.025830 0.194640 0.294781 -0.016007 0.179291 -0.201749 -0.125007 -0.093444 -0.118895 0.269623 0.355625 0.270866 0.116019 0.215243 0.254308 0.041297 0.047960 0.069503 0.133460 -0.140578 0.084169 0.245694 0.369069 0.215135 0.261813
0.249043 0.348556 -0.008332 0.014912 0.061150 -0.190035 0.293177 0.262020 -0.076220 -0.113484 0.328128 1.000000 0.500432 0.715477 0.406620 0.520399 0.084974 0.408562 0.118316 -0.045698 -0.121718 -0.220950 -0.006396 -0.177141 -0.060949 -0.133758 -0.068958 -0.126202 0.254733 0.475488 0.255955 0.260439 0.212662 0.452408 0.027398 -0.120812 -0.060576 0.139597 -0.023373 -0.200753 0.095175 0.073504 -0.266507 -0.301675 -0.485851 -0.379940 -0.323784 -0.404102 -0.318467 -0.430147 -0.311362 -0.242209 -0.175248 -0.265060 -0.065417 -0.478673 -0.065014 -0.038797 0.017367 -0.332520 0.140279 0.307287 -0.003438 0.193362 0.094573 0.495446 -0.278514 -0.492777 -0.259671 -0.221352 -0.210974 0.071383 0.358063 0.097744 0.281985 0.077993 0.296292 0.151097 -0.130007 0.122633 -0.089724 -0.121626 0.033417 0.244102 0.210109 0.163874 0.193599 -0.018122 0.096531 -0.153451 -0.390280 -0.382317 -0.051371 -0.128387 -0.209152 -0.049620 -0.369239 -0.195222 -0.359202 -0.336646 0.145896 0.047085 -0.028824 -0.127112 -0.017230 0.068295 0.083162 0.000738 0.007740 -0.007221 -0.216021 0.010572 -0.020460 0.130328 0.103610 0.139291
0.249558 0.442206 0.233951 -0.387950 -0.103073 -0.290274 0.717717 0.408876 0.268993 0.173061 0.698445 0.500432 1.000000 0.535420 0.669460 0.222309 0.251824 0.059500 0.308439 -0.068308 -0.399803 -0.484411 -0.437014 -0.437377 -0.439903 -0.390704 -0.394316 -0.448334 0.263328 0.316967 0.228996 -0.015080 0.278342 0.492912 0.099448 0.074996 -0.151607 0.183315 -0.057567 -0.126919 -0.050796 -0.032372 -0.305402 -0.333554 -0.398880 -0.435923 -0.202992 -0.397158 0.042010 -0.387682 -0.093565 -0.224345 -0.061373 -0.188647 0.123898 -0.457097 -0.258350 -0.199624 0.430845 -0.298387 0.435353 0.384432 -0.057320 0.206637 -0.040265 0.175081 -0.108461 -0.549068 -0.379581 -0.303082 -0.240367 0.161705 0.564349 0.190545 0.457312 0.123316 0.384398 0.243165 -0.287429 0.039420 -0.110771 -0.228598 0.267492 -0.062056 0.038811 -0.140774 0.189862 -0.107467 -0.199860 -0.251591 -0.255281 -0.183093 -0.040949 0.064407 -0.023789 0.179424 -0.287419 -0.083127 -0.192062 -0.221365 0.318684 0.137304 0.209220 0.019665 0.287465 0.280159 -0.011568 -0.064088 0.178895 0.267599 -0.205094 0.018174 0.095603 0.235998 0.188313 0.193798
0.238684 0.163949 0.085194 -0.158145 0.095010 -0.291078 0.393326 0.489746 -0.125775 -0.167190 0.534828 0.715477 0.535420 1.000000 0.185747 0.266389 -0.121191 0.159300 0.165667 -0.042943 -0.145988 -0.339318 -0.265332 -0.102098 -0.051621 -0.324482 -0.210929 -0.377055 0.215897 0.521554 0.320602 0.167311 0.120176 0.474551 -0.005319 0.018238 0.037152 0.229604 0.036633 -0.170583 0.148479 0.144488 -0.376799 -0.442099 -0.454370 -0.445530 -0.393225 -0.383576 -0.198513 -0.475372 -0.300937 -0.331389 -0.027595 -0.306042 0.106293 -0.459638 -0.381323 -0.298831 0.296715 -0.433965 0.226370 0.289436 -0.120996 0.133873 0.093879 0.243923 -0.326611 -0.479353 -0.373482 -0.181607 -0.057911 0.283021 0.398874 0.300933 0.392158 0.296478 0.424302 0.392689 -0.344166 -0.105051 -0.285141 -0.271710 -0.250274 -0.048634 -0.029325 -0.242152 -0.032856 -0.175851 0.140029 -0.220807 -0.224530 -0.126962 0.031083 0.118814 -0.031925 0.161412 -0.318919 -0.075996 -0.196524 -0.180027 0.138394 0.286227 0.084749 0.095846 0.171171 0.175676 0.089954 0.090267 0.204618 0.189239 -0.190358 0.017258 0.085067 0.207967 0.232539 0.348460
0.078467 0.194902 0.028539 -0.361576 -0.044079 -0.164943 0.568442 0.147139 0.518472 0.405861 0.358085 0.406620 0.669460 0.185747 1.000000 0.532304 0.129575 -0.111460 0.213585 0.170538 -0.394987 -0.359712 -0.133083 -0.148051 -0.336801 -0.094142 -0.229989 -0.145477 0.069153 0.036080 0.193750 0.103446 -0.032437 0.219397 0.009819 -0.041486 -0.167736 0.186349 -0.255067 -0.080745 -0.035863 0.146120 -0.220273 -0.201695 -0.379714 -0.324132 -0.198995 -0.302924 -0.096296 -0.336003 -0.105226 -0.144448 -0.095115 -0.147524 0.058880 -0.505512 -0.299064 -0.281521 0.087923 -0.364954 0.153509 0.106690 -0.147823 -0.050617 0.047501 0.252946 -0.204171 -0.237708 -0.415695 -0.044662 -0.076544 0.107500 0.291453 0.167056 0.289737 0.186465 0.223293 0.249942 -0.227181 -0.121021 -0.059103 -0.259895 0.575234 0.210301 0.181565 -0.019087 0.223393 -0.182748 -0.100638 -0.216617 0.040067 0.041496 0.090371 0.147731 0.064898 0.114601 -0.223150 -0.134035 -0.307931 -0.404730 0.422279 0.023849 0.274043 0.089070 0.245168 0.142961 -0.006954 -0.002279 0.073644 0.180087 -0.071385 -0.092006 0.049388 0.094346 -0.003793 -0.000569
-0.234922 -0.097510 -0.042551 0.164694 0.080018 -0.158793 0.152122 0.259771 0.327454 0.213941 -0.117147 0.520399 0.222309 0.266389 0.532304 1.000000 -0.108640 0.033683 -0.132130 0.062409 -0.193039 -0.123972 0.113128 0.285189 0.003329 0.117586 -0.132222 0.097207 -0.189278 0.186163 0.194955 0.296587 -0.187900 -0.022394 -0.007928 -0.101203 0.074791 0.282646 -0.048316 0.094760 0.237726 0.470548 -0.320973 -0.235644 -0.455626 -0.252558 -0.300343 -0.240762 -0.454416 -0.366741 -0.334845 -0.205180 -0.175752 -0.208149 -0.015532 -0.339484 -0.258519 -0.252962 -0.260165 -0.248947 -0.187492 0.094930 -0.245823 -0.102994 0.044447 0.519980 -0.355290 -0.179222 -0.309710 -0.042578 -0.027166 0.148989 -0.016033 0.123875 0.040470 0.159348 0.131034 0.216932 -0.044498 -0.079505 -0.064428 -0.093686 0.211340 0.526141 0.001353 0.370155 0.223218 -0.004048 0.156901 0.195832 -0.000298 -0.035948 0.088072 0.002136 -0.047488 0.012053 -0.133427 -0.146285 -0.307718 -0.406624 0.172285 -0.068618 0.064310 0.086967 0.093432 -0.015947 0.132875 -0.005841 0.139278 -0.007473 0.007480 -0.277400 -0.146959 -0.083452 -0.013950 -0.044031
-0.015954 0.246523 0.198197 0.124358 -0.209280 -0.034800 -0.161993 -0.030273 -0.088183 -0.214178 0.013556 0.084974 0.251824 -0.121191 0.129575 -0.108640 1.000000 0.629020 0.127355 -0.185025 -0.001157 0.049149 0.042869 -0.443647 -0.025096 0.013715 0.067283 0.009239 0.599369 0.262044 0.052542 0.039253 0.489607 0.218018 0.120196 0.027735 -0.005436 -0.053176 0.038925 -0.101614 0.134094 -0.220572 0.089293 0.204270 0.080902 0.008033 0.161672 -0.082823 -0.176693 0.162002 -0.058715 0.180957 -0.256479 0.039431 -0.246468 0.077628 0.451896 0.277128 -0.268078 0.240561 0.128775 0.088274 0.632572 0.513599 -0.087567 -0.015362 0.409210 -0.121964 0.071847 -0.290648 -0.461206 -0.032037 0.547927 -0.153699 0.167828 -0.395753 -0.139414 -0.453260 0.287189 0.528247 0.643558 0.467478 0.440572 0.079107 0.003834 0.422577 0.406856 0.279696 -0.554187 0.042667 -0.469438 -0.570402 -0.306011 -0.556218 -0.075164 -0.128024 -0.018944 -0.049634 -0.203318 0.029071 0.025675 -0.452741 -0.217764 -0.406608 -0.110591 0.015872 -0.181497 -0.289259 -0.390036 0.050317 -0.160344 0.173077 0.009130 0.037593 -0.066442 -0.039622
0.052660 0.177255 0.044095 0.253475 -0.040467 -0.025370 -0.268049 -0.066653 -0.304126 -0.396715 -0.122207 0.408562 0.059500 0.159300 -0.111460 0.033683 0.629020 1.000000 0.093015 -0.105488 0.050382 0.091281 0.196763 -0.277517 0.136180 0.087137 0.108617 0.091192 0.635582 0.530236 0.083688 0.217755 0.382066 0.198837 -0.231614 -0.275616 0.187959 -0.049426 0.150917 -0.086496 0.225064 -0.087155 -0.068224 0.010522 -0.128285 -0.176011 -0.083624 -0.219128 -0.394985 -0.048418 -0.240380 0.055598 -0.189318 -0.046999 -0.277127 0.039490 0.443924 0.374776 -0.352670 0.172411 -0.055083 0.078151 0.607246 0.493327 -0.061093 0.059909 0.124870 -0.251465 0.226648 -0.176423 -0.213588 0.028894 0.442298 -0.018626 0.130958 -0.331166 -0.071921 -0.405015 0.475257 0.524592 0.575285 0.575555 0.141084 0.286584 0.117569 0.494166 0.262953 0.272652 -0.198017 0.134502 -0.517559 -0.568458 -0.210991 -0.437297 -0.239526 -0.222470 -0.214056 -0.116041 -0.240207 -0.016675 -0.150595 -0.270009 -0.353550 -0.433415 -0.364612 -0.106809 0.099999 -0.048869 -0.457866 -0.318832 -0.383081 0.059305 -0.234997 -0.126740 -0.170203 0.075890
0.515940 0.254649 0.285775 -0.076649 0.136581 0.136694 0.472612 0.255102 -0.057338 0.078370 0.157915 0.118316 0.308439 0.165667 0.213585 -0.132130 0.127355 0.093015 1.000000 0.583640 0.114573 -0.087196 -0.050830 -0.117993 -0.259936 0.059174 0.196091 -0.099036 0.322296 0.014687 0.491168 0.399207 0.188603 0.331506 -0.088103 -0.108516 -0.367490 -0.231583 -0.047585 -0.221627 -0.108523 -0.171657 -0.350733 -0.384887 -0.417366 -0.435136 -0.393036 -0.405312 -0.261648 -0.344148 -0.461220 -0.229892 -0.336218 -0.134537 -0.205325 -0.327076 0.104854 0.042486 0.126878 -0.192612 0.217281 0.010410 0.139292 0.043276 0.211347 -0.300799 -0.073159 -0.148289 0.101322 0.201581 0.068814 0.361897 0.189976 0.099105 0.186995 0.083097 0.163569 0.189266 -0.204160 -0.125439 -0.143922 -0.235168 0.106418 0.019945 0.175117 -0.206292 0.126230 -0.015557 -0.081583 -0.279656 -0.154295 -0.018845 -0.205396 0.013790 0.254628 0.223192 -0.479851 0.075326 -0.244738 -0.095259 -0.096968 0.144420 -0.093493 -0.139637 0.053261 0.121412 -0.126387 -0.011856 -0.039660 0.303440 -0.230297 -0.093076 0.021539 0.049951 0.038208 0.192265
0.176746 0.076184 0.107103 -0.060777 0.286908 0.207296 0.226333 0.068152 0.100349 0.292859 -0.069281 -0.045698 -0.068308 -0.042943 0.170538 0.062409 -0.185025 -0.105488 0.583640 1.000000 0.126252 -0.019038 0.093605 0.454768 -0.056540 0.319023 0.277185 0.155841 -0.026985 -0.266939 0.300943 0.348363 -0.237935 0.029013 -0.296902 -0.045924 -0.391717 -0.296690 -0.333535 0.012279 -0.238367 0.003697 -0.342826 -0.396639 -0.285025 -0.159347 -0.501291 -0.315722 -0.272403 -0.257353 -0.393747 -0.233843 -0.366555 -0.242142 -0.150730 -0.370547 -0.120725 -0.006357 -0.119703 -0.213943 -0.222695 -0.324910 -0.169615 -0.375568 0.067310 -0.290652 -0.375004 0.280565 0.176347 0.731604 0.437582 0.352105 -0.205571 0.059925 -0.224631 0.122366 -0.126461 0.242778 -0.112475 -0.394527 -0.092674 -0.290524 -0.006849 0.036061 0.107947 -0.293338 -0.195534 -0.202558 0.123088 -0.344266 0.388273 0.473678 0.083250 0.279867 0.209070 0.200458 -0.378181 0.034901 -0.205908 -0.272324 -0.163919 0.250024 0.060215 0.072159 -0.010886 -0.084949 0.025336 0.111529 -0.064037 0.116571 -0.004206 -0.321496 -0.128399 -0.153879 -0.295913 -0.040082
0.154739 -0.230308 0.208092 0.279520 0.275664 0.425468 -0.301685 -0.091025 -0.354173 -0.195511 -0.306297 -0.121718 -0.399803 -0.145988 -0.394987 -0.193039 -0.001157 0.050382 0.114573 0.126252 1.000000 0.738691 0.317467 0.275740 0.292903 0.493796 0.691206 0.597655 -0.009836 -0.231981 0.183582 0.244393 -0.049362 -0.241743 -0.148897 -0.231722 0.040253 0.031637 0.277006 0.176218 0.125247 0.196543 0.043986 0.014018 0.008311 -0.002236 0.024647 0.135365 -0.260301 -0.022952 -0.271673 -0.019731 -0.129156 0.040688 -0.104588 0.290883 0.283950 0.115470 -0.247917 0.039422 -0.204976 -0.307565 0.103387 -0.125178 -0.074886 -0.278465 0.000435 0.029192 0.170844 -0.065225 0.138869 0.126823 -0.206696 -0.138292 -0.106739 0.049640 -0.215181 -0.103719 0.128322 -0.064293 0.067672 0.111097 -0.153807 -0.093073 -0.088245 0.084025 0.057048 0.236006 -0.134984 0.197171 -0.032536 -0.086042 -0.075626 -0.159267 0.132506 -0.126222 0.022569 0.007963 0.130496 0.169388 -0.157335 -0.098744 -0.269872 -0.268473 -0.136606 0.015089 -0.207575 -0.067529 -0.172883 0.011880 -0.016901 0.091774 0.054214 -0.013482 -0.052439 -0.126523
-0.051705 -0.250638 0.030010 0.294174 0.251940 0.572077 -0.460828 -0.279197 -0.105543 -0.029865 -0.493354 -0.220950 -0.484411 -0.339318 -0.359712 -0.123972 0.049149 0.091281 -0.087196 -0.019038 0.738691 1.000000 0.336486 0.226161 0.239672 0.610105 0.655349 0.751641 -0.117437 -0.312073 -0.057367 0.173476 -0.078567 -0.357881 -0.207876 -0.236590 0.207949 0.018901 0.230970 0.356591 0.171523 0.233251 0.115865 0.150759 0.136119 0.128620 0.058746 0.208403 -0.253796 0.108693 -0.224218 0.116294 -0.113495 0.164466 -0.103298 0.411719 0.342030 0.231678 -0.379961 0.204501 -0.315117 -0.265300 0.185960 -0.007488 -0.148362 -0.172148 0.108832 0.104208 0.260876 -0.103875 0.030616 -0.001094 -0.365152 -0.179006 -0.223613 -0.095410 -0.341934 -0.262957 0.325476 0.040809 0.263648 0.301521 0.011805 0.150943 -0.133979 0.302974 -0.080281 0.224418 -0.134767 0.422918 0.011298 -0.066357 -0.040015 -0.162810 0.061069 -0.266994 0.063150 0.010160 0.053616 0.059456 -0.182891 -0.268901 -0.253855 -0.244246 -0.245310 -0.088685 -0.149782 -0.143792 -0.217262 -0.084002 -0.060297 0.014474 -0.191551 -0.239632 -0.274544 -0.273921
-0.113401 -0.347224 0.165531 0.453272 0.172665 0.158467 -0.331900 -0.170082 -0.176838 -0.268753 -0.397809 -0.006396 -0.437014 -0.265332 -0.133083 0.113128 0.042869 0.196763 -0.050830 0.093605 0.317467 0.336486 1.000000 0.500687 0.567722 0.485075 0.471880 0.419871 0.055543 -0.055296 0.230841 0.354408 -0.063535 -0.143628 -0.102739 -0.126604 0.088160 -0.003663 0.079647 0.026097 0.056990 0.087377 0.043253 0.071622 -0.071582 -0.019885 -0.038729 -0.007315 -0.392771 -0.099961 -0.040446 -0.033074 -0.113547 -0.028581 -0.039526 0.026879 0.143105 -0.042990 -0.552896 -0.200566 -0.217788 -0.427502 0.181788 -0.206774 0.267549 -0.006492 -0.130272 0.081716 -0.025766 -0.012008 0.057442 0.086807 -0.120546 -0.100211 -0.138478 -0.046820 -0.259167 -0.162624 0.222270 -0.086434 0.085465 0.078366 0.038506 0.258970 0.244029 0.287952 0.170227 0.028566 0.295732 0.066396 -0.068136 -0.147433 -0.057513 -0.170471 0.006988 -0.199621 -0.045573 -0.186437 -0.213727 -0.153531 -0.264645 -0.296034 -0.400706 -0.321006 -0.356904 -0.237323 -0.090954 0.084634 -0.380656 -0.193748 -0.071047 -0.030603 -0.111042 -0.149950 -0.202962 -0.236255
-0.254765 -0.438402 0.046806 0.205145 0.251177 0.075798 -0.176658 -0.000410 0.005735 0.022968 -0.302463 -0.177141 -0.437377 -0.102098 -0.148051 0.285189 -0.443647 -0.277517 -0.117993 0.454768 0.275740 0.226161 0.500687 1.000000 0.436904 0.439022 0.288735 0.366739 -0.369696 -0.239034 0.176925 0.253323 -0.466337 -0.343805 -0.098707 0.059933 0.047745 0.180619 -0.067082 0.349726 0.007364 0.394388 -0.171495 -0.155372 -0.142115 0.028566 -0.285035 0.022850 -0.333582 -0.203223 -0.234625 -0.189575 -0.194322 -0.230324 0.031375 -0.096173 -0.303091 -0.279421 -0.324675 -0.244479 -0.402578 -0.422919 -0.398125 -0.546624 0.068762 -0.070269 -0.396091 0.334132 -0.059230 0.367549 0.363521 0.226480 -0.444691 0.049396 -0.315268 0.217161 -0.161597 0.260861 -0.037597 -0.465365 -0.206170 -0.249829 -0.122663 0.172675 -0.056233 -0.021923 -0.240683 -0.097156 0.361115 0.061491 0.467784 0.441082 0.233780 0.262886 0.156710 -0.055431 -0.047925 -0.040343 -0.058968 -0.254392 -0.167104 0.041423 0.034258 0.181307 -0.036808 -0.126359 0.144549 0.080518 0.013073 -0.036052 0.199761 -0.278632 -0.163130 -0.160783 -0.174378 -0.178811
-0.137017 -0.242909 -0.013007 0.213012 0.239572 0.058519 -0.423440 -0.166979 -0.217822 -0.371447 -0.328131 -0.060949 -0.439903 -0.051621 -0.336801 0.003329 -0.025096 0.136180 -0.259936 -0.056540 0.292903 0.239672 0.567722 0.436904 1.000000 0.419494 0.195782 0.288696 0.035301 0.120813 0.212549 0.278943 0.125069 0.054931 0.003764 0.152233 0.225080 0.101910 -0.013948 0.068654 0.136017 0.100569 0.030286 0.070770 0.117748 0.208484 -0.113275 0.005577 -0.179919 0.076317 0.065973 0.099878 -0.001835 -0.022269 -0.107702 0.023044 0.036775 -0.042789 -0.303151 0.052757 -0.237400 -0.257203 0.064708 -0.140330 0.133972 0.099181 0.042725 0.239991 -0.022220 0.004789 0.007239 0.110788 -0.083837 -0.025349 -0.164965 0.024755 -0.205482 -0.077023 0.190365 -0.103685 0.159956 0.153235 -0.123450 0.162024 0.126401 0.230064 -0.126286 0.021302 0.229321 0.000880 -0.159158 -0.180471 -0.099707 -0.247572 0.040498 -0.267745 -0.047497 -0.195518 -0.223415 -0.168198 -0.248729 -0.235575 -0.374818 -0.265096 -0.310980 -0.088070 -0.144246 0.084170 -0.267790 -0.200634 -0.000743 -0.072315 -0.240091 -0.170696 -0.093496 -0.254181
-0.064840 -0.126818 0.052362 0.277325 0.294816 0.490897 -0.308838 -0.286196 0.108199 0.126995 -0.541427 -0.133758 -0.390704 -0.324482 -0.094142 0.117586 0.013715 0.087137 0.059174 0.319023 0.493796 0.610105 0.485075 0.439022 0.419494 1.000000 0.563784 0.789143 -0.145567 -0.285773 0.214974 0.408020 0.031045 -0.183748 -0.204441 -0.047036 0.069927 0.019988 -0.042785 0.305502 0.074375 0.164331 -0.043830 0.121329 -0.002462 0.211742 -0.166105 0.107510 -0.442887 0.069749 -0.272774 0.096155 -0.297605 0.068010 -0.326853 0.182558 0.201672 0.170230 -0.529767 0.160965 -0.430688 -0.373004 0.074706 -0.270699 -0.035400 0.026016 -0.053640 0.377909 0.209521 0.307023 0.258079 0.226731 -0.296936 0.012736 -0.252493 0.007291 -0.185574 -0.062366 0.223973 -0.162338 0.188020 0.124411 0.093766 0.192706 -0.048918 0.307109 0.042345 0.184343 -0.060903 0.165076 -0.005724 -0.046042 -0.166101 -0.227412 0.204227 -0.079138 0.022430 0.154062 -0.198669 -0.147768 -0.320213 -0.248313 -0.402126 -0.331234 -0.248040 -0.141939 -0.133256 0.035780 -0.216697 0.010964 0.167834 -0.144567 -0.255390 -0.349711 -0.243491 -0.283757
0.098496 -0.145307 0.178257 0.311358 0.450304 0.610578 -0.227764 -0.146665 -0.258760 -0.032564 -0.320409 -0.068958 -0.394316 -0.210929 -0.229989 -0.132222 0.067283 0.108617 0.196091 0.277185 0.691206 0.655349 0.471880 0.288735 0.195782 0.563784 1.000000 0.711856 -0.092033 -0.415689 0.082993 0.199885 -0.098557 -0.254180 -0.204615 -0.259192 -0.131485 -0.148135 0.186847 0.179551 -0.056390 0.019920 0.143827 0.053348 -0.013865 0.017149 -0.013468 0.136753 -0.372191 -0.002412 -0.323632 -0.037159 -0.224663 -0.009439 -0.227706 0.169887 0.268421 0.144850 -0.426212 0.031657 -0.180964 -0.318439 0.257163 -0.032786 0.032245 -0.214630 -0.095018 0.078902 0.143779 0.057398 0.188697 -0.010957 -0.366538 -0.155602 -0.306284 -0.081981 -0.232736 -0.086772 0.090880 -0.214402 0.045311 0.027421 -0.068807 -0.015411 -0.007459 0.008168 -0.011029 0.173577 -0.035107 -0.003839 0.071412 0.028532 0.043292 -0.124651 0.152347 -0.282480 0.002161 -0.079876 0.054341 -0.001670 -0.230384 -0.222232 -0.383632 -0.388915 -0.266985 -0.151469 -0.263860 -0.133781 -0.322556 0.012607 0.023708 0.079937 0.000453 -0.049667 -0.181015 -0.126731
-0.114493 -0.192100 -0.053726 0.358261 0.242734 0.517603 -0.434789 -0.361677 0.013379 0.076332 -0.537430 -0.126202 -0.448334 -0.377055 -0.145477 0.097207 0.009239 0.091192 -0.099036 0.155841 0.597655 0.751641 0.419871 0.366739 0.288696 0.789143 0.711856 1.000000 -0.205358 -0.403330 -0.000784 0.241921 -0.121182 -0.380862 -0.289158 -0.242642 0.162809 0.007359 0.048542 0.425336 0.144968 0.173325 0.221558 0.277499 0.108755 0.263593 0.063908 0.307437 -0.359640 0.172172 -0.240555 0.170917 -0.164782 0.185389 -0.138936 0.351789 0.200819 0.145381 -0.601078 0.196497 -0.536482 -0.411001 0.070682 -0.233284 -0.267127 -0.059046 -0.112889 0.243302 0.130859 0.045507 0.193592 -0.016780 -0.433464 -0.125355 -0.387785 -0.133360 -0.370242 -0.197849 0.279786 -0.157043 0.229724 0.166286 0.140120 0.238800 -0.104492 0.368191 0.056326 0.160594 -0.172068 0.266647 0.099672 0.000893 -0.008538 -0.165120 0.146610 -0.247356 0.164124 0.000849 0.104830 -0.060643 -0.223051 -0.327595 -0.347017 -0.343405 -0.283990 -0.097122 -0.200393 -0.028809 -0.218269 -0.106196 0.077091 -0.029971 -0.185375 -0.282010 -0.332749 -0.395958
0.368793 0.095810 0.158171 0.031155 -0.327631 -0.306251 -0.008643 -0.021303 -0.354804 -0.511744 0.327319 0.254733 0.263328 0.215897 0.069153 -0.189278 0.599369 0.635582 0.322296 -0.026985 -0.009836 -0.117437 0.055543 -0.369696 0.035301 -0.145567 -0.092033 -0.205358 1.000000 0.574708 0.299428 0.212320 0.356765 0.345625 -0.071883 -0.109361 0.065268 -0.056913 0.090800 -0.337668 0.163683 -0.154856 -0.134507 -0.072554 -0.159972 -0.264384 -0.120135 -0.304445 -0.208602 -0.209478 -0.188010 -0.150453 -0.270149 -0.203299 -0.074769 -0.147299 0.225036 0.067231 -0.018694 -0.196964 0.232439 -0.084217 0.457237 0.253329 0.041291 -0.255468 0.108486 -0.258489 -0.038315 -0.157066 -0.165337 0.189606 0.761044 0.134107 0.381984 -0.040530 0.000624 -0.237989 0.254401 0.295024 0.454622 0.397844 0.242106 0.168396 0.379005 0.203345 0.296567 0.079691 -0.183178 -0.147052 -0.449817 -0.449230 -0.258525 -0.268570 -0.021382 0.060667 -0.239599 -0.024218 -0.247472 0.031202 -0.002893 0.022194 -0.155231 -0.271249 -0.173895 0.037729 -0.017531 0.031461 -0.386777 -0.015317 -0.342130 0.079038 -0.033870 0.105356 -0.064218 0.204277
0.100945 0.092222 0.002703 0.036150 -0.273752 -0.473219 0.042050 0.229014 -0.350979 -0.442808 0.295738 0.475488 0.316967 0.521554 0.036080 0.186163 0.262044 0.530236 0.014687 -0.266939 -0.231981 -0.312073 -0.055296 -0.239034 0.120813 -0.285773 -0.415689 -0.403330 0.574708 1.000000 0.339748 0.303846 0.376381 0.528806 -0.012996 -0.048561 0.337018 0.209754 0.113485 -0.221715 0.275078 0.110067 -0.265125 -0.184286 -0.289958 -0.315025 -0.147118 -0.328399 -0.187729 -0.285583 -0.138710 -0.163892 -0.057372 -0.164190 -0.069290 -0.211225 0.002054 -0.085112 0.031183 -0.217922 0.149780 0.209367 0.192526 0.306737 0.065574 0.162706 -0.065854 -0.404610 -0.096839 -0.288042 -0.173781 0.320377 0.695865 0.306272 0.430721 0.130064 0.214297 0.001233 0.194351 0.296225 0.215333 0.349044 0.134016 0.348364 0.183616 0.274033 0.234989 0.031695 -0.059250 -0.049768 -0.489059 -0.496845 -0.162175 -0.229857 -0.066459 0.015737 -0.243982 -0.025084 -0.242588 -0.100845 -0.011531 -0.006519 -0.175481 -0.171418 -0.171693 0.003791 0.078473 0.064362 -0.099856 -0.132973 -0.367359 -0.029904 -0.137200 -0.020103 0.066234 0.192926
0.310035 -0.073652 0.232098 0.066736 -0.058918 -0.241336 0.302370 0.392205 -0.193435 -0.212244 0.135099 0.255955 0.228996 0.320602 0.193750 0.194955 0.052542 0.083688 0.491168 0.300943 0.183582 -0.057367 0.230841 0.176925 0.212549 0.214974 0.082993 -0.000784 0.299428 0.339748 1.000000 0.848781 0.305384 0.487402 -0.085665 -0.089002 0.008878 0.202213 -0.094210 -0.085512 0.046360 0.261488 -0.393926 -0.342576 -0.416384 -0.361375 -0.429852 -0.397629 -0.542357 -0.454183 -0.377175 -0.264219 -0.394436 -0.192685 -0.214284 -0.347660 -0.063798 -0.202714 -0.179004 -0.461790 0.011347 -0.248045 -0.032739 -0.222955 0.355403 -0.102296 -0.195677 -0.146725 -0.143813 -0.024174 0.138493 0.734649 0.338046 0.286636 0.289177 0.348431 0.205791 0.290742 0.044784 -0.148369 0.001086 -0.084028 0.189311 0.275307 0.244860 0.110221 0.298528 -0.092279 0.005195 -0.210562 -0.292638 -0.295472 -0.313401 -0.171158 0.239684 0.106949 -0.456715 -0.104482 -0.297079 -0.322110 -0.157372 -0.122523 -0.259529 -0.320751 -0.101007 0.033558 -0.222013 0.242689 0.018246 0.169849 -0.251158 -0.286930 -0.144406 -0.059551 0.003590 -0.062089
0.182769 -0.109282 0.120709 0.258875 0.041214 -0.037260 0.016487 0.230512 -0.140787 -0.150956 -0.144070 0.260439 -0.015080 0.167311 0.103446 0.296587 0.039253 0.217755 0.399207 0.348363 0.244393 0.173476 0.354408 0.253323 0.278943 0.408020 0.199885 0.241921 0.212320 0.303846 0.848781 1.000000 0.187157 0.361462 -0.244639 -0.157139 0.069180 0.092380 -0.059126 -0.027781 0.044707 0.247667 -0.293199 -0.239189 -0.370309 -0.234243 -0.446640 -0.293489 -0.649747 -0.335298 -0.509240 -0.153622 -0.434636 -0.073093 -0.292556 -0.248830 0.121793 -0.001874 -0.429158 -0.298970 -0.247122 -0.271209 0.056365 -0.204030 0.284050 0.024086 -0.263017 -0.067133 0.026576 0.071711 0.110704 0.665872 0.121179 0.199633 0.064029 0.163471 0.046887 0.168960 0.300508 -0.035218 0.182281 0.078482 0.163787 0.456240 0.251524 0.283042 0.306269 0.032752 0.058732 -0.022145 -0.253924 -0.276584 -0.272580 -0.219019 0.221951 0.029368 -0.476584 -0.140872 -0.349027 -0.339702 -0.257359 -0.198376 -0.299113 -0.357376 -0.251645 -0.021653 -0.125872 0.316910 -0.109010 0.027331 -0.337707 -0.295279 -0.262781 -0.120479 -0.128242 -0.093723
0.336743 0.552202 0.101900 -0.011002 -0.142922 -0.069038 0.137820 0.068973 -0.160463 -0.232677 0.107225 0.212662 0.278342 0.120176 -0.032437 -0.187900 0.489607 0.382066 0.188603 -0.237935 -0.049362 -0.078567 -0.063535 -0.466337 0.125069 0.031045 -0.098557 -0.121182 0.356765 0.376381 0.305384 0.187157 1.000000 0.691406 0.265780 0.084802 0.036121 0.035959 -0.013887 -0.091483 0.018502 -0.248469 -0.213728 -0.115810 -0.127357 -0.166351 -0.106151 -0.358825 -0.080625 -0.095435 0.012070 -0.078625 -0.233349 -0.153607 -0.435255 -0.133056 0.398873 0.360470 0.098734 0.185044 0.307470 0.296472 0.381455 0.484803 0.109050 0.142591 0.524008 -0.191990 0.235451 -0.242637 -0.338720 0.124920 0.410099 0.010247 0.197262 -0.122793 0.110062 -0.135658 0.184355 0.424668 0.267452 0.318354 0.181836 0.014990 0.186674 0.263635 0.210791 0.135487 -0.252241 -0.202694 -0.724195 -0.726078 -0.355565 -0.513601 -0.178515 -0.246094 -0.247505 -0.016098 -0.311092 -0.142684 -0.214669 -0.334865 -0.434831 -0.459784 -0.246175 -0.035690 -0.196029 -0.061013 -0.147577 -0.093335 -0.119827 0.033279 -0.160174 -0.034548 0.157266 -0.036395
0.477847 0.535715 0.151888 -0.107576 -0.060238 -0.201798 0.404407 0.302447 -0.115447 -0.085179 0.456116 0.452408 0.492912 0.474551 0.219397 -0.022394 0.218018 0.198837 0.331506 0.029013 -0.241743 -0.357881 -0.143628 -0.343805 0.054931 -0.183748 -0.254180 -0.380862 0.345625 0.528806 0.487402 0.361462 0.691406 1.000000 0.117209 0.155754 -0.182892 -0.058293 -0.271052 -0.412713 -0.042709 -0.253446 -0.417765 -0.422463 -0.431726 -0.368097 -0.401636 -0.596961 -0.083266 -0.355151 -0.064929 -0.308443 -0.235787 -0.301229 -0.281316 -0.572846 0.095031 0.059083 0.225132 -0.195233 0.373033 0.321293 0.096671 0.278121 0.247850 0.270017 0.011759 -0.351988 -0.056710 -0.177950 -0.130336 0.352662 0.521149 0.261865 0.388205 0.201839 0.343719 0.256057 -0.029677 0.174837 0.014206 -0.018858 0.023448 -0.060531 0.253381 -0.091620 0.041851 -0.154915 -0.071811 -0.511474 -0.465847 -0.453033 -0.068409 -0.147333 -0.127695 0.034448 -0.520060 -0.178593 -0.405292 -0.296038 -0.092179 -0.053283 -0.205184 -0.317231 -0.164111 0.008105 -0.151809 0.089860 -0.044313 0.066672 -0.299196 -0.071047 -0.052812 0.094009 0.149415 0.044348
0.074180 0.189390 0.029810 -0.093166 -0.137641 -0.157844 0.083733 0.009541 -0.012446 -0.089164 0.128793 0.027398 0.099448 -0.005319 0.009819 -0.007928 0.120196 -0.231614 -0.088103 -0.296902 -0.148897 -0.207876 -0.102739 -0.098707 0.003764 -0.204441 -0.204615 -0.289158 -0.071883 -0.012996 -0.085665 -0.244639 0.265780 0.117209 1.000000 0.653567 0.014069 0.181443 0.197908 -0.028196 0.146339 -0.086017 -0.076326 -0.006569 -0.002940 0.105052 0.074640 -0.051075 0.118501 -0.045247 0.131182 -0.118159 -0.179725 -0.229172 0.089324 -0.083574 0.032566 0.007308 0.291216 0.058286 0.325865 0.303145 -0.144705 0.107364 0.127787 0.244120 0.528398 0.160477 -0.113808 -0.076911 -0.475504 -0.233660 0.056955 -0.260175 0.043321 -0.150568 0.153735 0.043055 -0.291301 0.181926 -0.205791 -0.132946 -0.059675 -0.107674 0.140915 0.061737 0.073429 0.073151 0.113797 -0.071985 -0.225931 -0.198174 -0.148860 -0.152223 0.051570 -0.070541 0.196644 0.130490 -0.144429 -0.032801 0.077088 -0.094590 0.146407 0.268562 0.269381 0.126768 -0.228057 -0.497710 0.321663 0.214712 0.548718 0.139657 0.218281 0.353808 0.551747 0.094321
-0.058111 0.122735 -0.040533 -0.099749 -0.140176 -0.082772 -0.056488 -0.033594 0.199145 0.079649 0.124635 -0.120812 0.074996 0.018238 -0.041486 -0.101203 0.027735 -0.275616 -0.108516 -0.045924 -0.231722 -0.236590 -0.126604 0.059933 0.152233 -0.047036 -0.259192 -0.242642 -0.109361 -0.048561 -0.089002 -0.157139 0.084802 0.155754 0.653567 1.000000 -0.021977 0.105319 -0.017659 0.021634 -0.014925 -0.085314 -0.041720 0.053867 0.201686 0.395266 -0.037070 0.041646 0.192144 0.136094 0.078134 0.069362 -0.161774 -0.084982 0.198053 -0.086728 -0.088178 -0.050401 0.183319 0.142181 0.015363 0.123720 -0.213735 -0.070361 -0.122046 0.125709 0.241114 0.423774 -0.078901 0.186711 -0.205874 -0.073604 -0.047191 -0.146474 -0.155176 -0.121530 0.093047 0.179067 -0.271778 0.020512 -0.105895 -0.214722 -0.164623 -0.270854 -0.113379 -0.191975 -0.073732 -0.152020 -0.022381 -0.142012 0.069642 0.094099 -0.082274 -0.039538 0.069038 0.108112 0.193349 0.126130 -0.049770 -0.038348 0.117689 0.012204 0.287642 0.300029 0.256289 0.023112 -0.176990 -0.303127 0.274984 0.341807 0.463311 -0.033432 0.028401 0.136770 0.229254 -0.066451
