1.000000 0.210127 -0.157412 0.015242 0.004425 0.039673 0.046932 -0.089467 -0.127648 -0.153380 0.269262 0.057653 -0.049006 -0.074072 -0.037562 -0.176350 0.166510 0.117281 0.387057 0.167804 -0.074619 -0.070607 -0.050756 -0.274927 0.102740 -0.080140 0.008661 0.011933 0.111375 -0.073480 0.002146 -0.141505 0.247254 0.012635 -0.076039 -0.061241 -0.010058 -0.042077 0.040546 0.011598 0.088936 0.070556 -0.079134 -0.144366 -0.048615 -0.116283 -0.197815 -0.320315 -0.102212 -0.067655 -0.119914 -0.175260 -0.035666 -0.271507 0.040433 -0.195559 0.651559 -0.104585 0.153025 -0.051062 0.370191 0.082007 0.178037 0.202129 -0.417401 -0.165268 -0.025634 -0.296047 0.036350 -0.190101 -0.074076 -0.200054 -0.010765 -0.019942 0.181479 0.055262 0.135727 -0.157202 -0.044543 -0.179018 0.126568 0.026198 0.263883 0.174077 -0.054383 -0.026055 0.211780 0.302169 -0.047689 -0.043742 -0.217678 -0.089105 -0.049194 0.213704 -0.111604 -0.110006 -0.345472 -0.114443 -0.089206 0.213000 0.219514 0.396571 0.320393 0.473336 0.045137 0.015134 -0.032308 -0.016744 0.022516 -0.066971 -0.226854 -0.166938 -0.037869 -0.015243 -0.154050 -0.020015
0.210127 1.000000 -0.282995 -0.103693 -0.266190 -0.218751 0.079868 -0.049279 -0.334227 0.046289 0.372729 0.172328 0.042123 0.255910 0.024267 -0.007186 0.187943 0.117847 0.189132 0.227160 -0.201687 -0.174765 -0.258335 -0.169188 -0.241564 -0.174247 -0.259664 -0.216768 0.217779 0.121875 0.060303 -0.015555 0.057450 0.083338 -0.112082 -0.026130 -0.020262 0.090671 -0.100528 -0.062668 0.190276 0.226580 -0.310230 -0.400516 -0.259749 -0.353553 -0.249903 -0.270981 -0.254722 -0.312801 -0.126904 -0.325310 0.021953 -0.275091 -0.003607 -0.158542 0.019221 0.586430 -0.012093 0.403131 0.167387 0.271456 0.044333 0.278185 -0.193291 -0.133693 0.053328 -0.146541 -0.003561 -0.031842 -0.192630 -0.196317 0.058475 0.174615 0.191226 0.012109 -0.058389 -0.067903 -0.047973 0.105366 0.108060 0.157823 0.371975 0.300390 -0.012710 0.017128 -0.057385 0.071743 0.042654 0.189748 -0.039254 -0.080962 -0.114168 -0.056285 -0.013579 -0.006507 0.127451 0.036711 0.225680 -0.212911 0.238682 -0.131608 0.240860 0.126069 0.106013 0.079015 0.083096 0.074595 0.036330 -0.140242 0.005231 -0.053280 -0.123309 -0.008825 -0.134670 0.146734
-0.157412 -0.282995 1.000000 0.154378 0.473899 0.274497 0.591002 0.002627 0.665834 0.162625 -0.015050 -0.198681 0.072916 -0.345409 -0.059131 -0.249107 -0.129754 -0.307032 0.086109 -0.078771 -0.058122 -0.004875 0.751682 0.441363 0.370420 0.183517 0.086469 0.100752 -0.337632 -0.463029 -0.056194 -0.068061 -0.050205 -0.132525 0.113609 0.124685 -0.217750 -0.299098 0.109140 0.052540 -0.208068 -0.261716 -0.225598 -0.146310 -0.053929 -0.039653 -0.313528 -0.155512 0.302014 0.007520 0.413549 -0.081504 0.009708 -0.276117 -0.087233 -0.176019 -0.264099 -0.214897 0.163342 0.030359 -0.108578 -0.161396 -0.267404 -0.370636 0.243771 -0.072996 0.112868 0.139309 -0.144685 0.080832 -0.001807 -0.210394 -0.260706 -0.303634 -0.183276 -0.196792 -0.239744 -0.179679 -0.211669 -0.346322 -0.267166 -0.303647 -0.067695 -0.369997 0.174650 -0.101137 0.142610 -0.006205 0.437840 0.019559 -0.176717 0.144213 0.005097 0.291090 -0.042452 -0.117109 -0.311044 -0.162758 -0.438937 -0.293815 -0.158557 0.173598 -0.282666 -0.062270 -0.126696 0.083286 -0.155718 0.179669 -0.044392 0.048561 0.033527 -0.244090 -0.193397 -0.120229 0.053634 -0.152228
0.015242 -0.103693 0.154378 1.000000 -0.017186 0.305982 -0.002885 0.541786 0.094908 0.323477 -0.343205 0.422523 0.319541 0.362368 0.110497 0.298490 -0.156798 0.127408 0.039497 -0.255156 0.290400 0.264263 0.420236 0.197315 0.190771 0.337648 0.051379 0.152593 0.004837 0.116333 0.315952 0.207974 0.016875 0.143216 -0.213295 -0.091444 -0.257843 -0.308606 -0.130116 -0.027435 -0.112126 -0.195994 -0.352717 -0.369992 -0.170305 -0.224843 -0.356567 -0.485855 -0.112962 -0.084655 -0.186988 -0.286437 -0.143240 -0.389663 -0.115029 -0.268920 -0.064953 -0.214415 0.135700 -0.052605 0.425609 0.228971 0.055758 0.091893 0.132838 0.537614 -0.208380 -0.362364 -0.326705 -0.312696 -0.188311 -0.007323 0.052661 -0.042749 -0.104206 -0.055072 -0.223733 -0.344459 -0.051504 0.038770 -0.115740 -0.068339 -0.305314 -0.116282 -0.175696 -0.102703 0.075593 0.123956 0.119745 -0.155166 -0.291616 -0.500921 0.505855 0.210387 -0.167191 -0.274154 -0.191750 -0.297211 -0.410891 -0.529823 0.332153 0.130816 0.249653 -0.051784 -0.181496 -0.210505 0.071744 0.066235 -0.074077 -0.034007 -0.123851 -0.475564 -0.277680 0.105179 -0.077910 -0.354383
0.004425 -0.266190 0.473899 -0.017186 1.000000 0.589065 0.221283 0.012921 0.702024 0.368415 -0.174062 -0.346767 -0.130201 -0.247008 0.048594 0.097201 -0.378528 -0.341448 -0.087312 -0.033069 0.107951 0.099376 0.297146 0.208753 0.773788 0.275237 0.342739 0.350255 -0.450456 -0.364651 -0.361154 -0.362356 -0.099073 -0.161525 0.068937 0.060892 -0.259881 -0.329109 -0.007038 0.041139 -0.189135 -0.152417 -0.123325 -0.031993 -0.071810 0.048320 -0.189676 0.060477 0.271823 0.021040 0.282865 -0.034791 0.157652 -0.276062 -0.365718 -0.222594 -0.067144 -0.162224 0.228649 0.177862 -0.145005 -0.030730 -0.092649 -0.227861 -0.024481 -0.031569 0.333103 0.239806 0.343571 0.319548 0.199570 -0.032486 -0.437726 -0.360939 -0.312269 -0.140406 -0.173435 -0.031731 -0.296997 -0.375455 -0.234569 -0.321918 -0.073211 -0.139740 -0.200476 -0.267307 0.054666 -0.211574 0.067440 -0.049972 0.028710 0.214734 -0.219179 -0.055947 -0.157968 -0.059275 -0.326203 -0.089342 -0.296744 0.091678 -0.249023 0.098563 -0.244557 0.041513 0.098914 0.159424 -0.082539 0.039968 -0.034933 -0.099406 0.023989 0.037295 0.012386 -0.202804 -0.028424 -0.022560
0.039673 -0.218751 0.274497 0.305982 0.589065 1.000000 0.085515 0.197803 0.291129 0.543814 -0.452992 -0.134532 0.008853 -0.187437 0.033589 0.105589 -0.426797 0.002531 -0.218095 -0.330225 0.516177 0.398805 0.281270 0.070996 0.564253 0.489185 0.540772 0.601566 -0.359109 -0.258066 -0.130071 -0.220937 -0.191881 -0.096750 -0.013604 -0.004653 -0.442615 -0.459203 0.056571 0.016017 -0.354640 -0.191036 -0.162483 -0.085741 -0.019844 0.010107 -0.059646 -0.106367 0.145495 0.030071 0.153016 -0.129289 0.113833 -0.264054 -0.274703 -0.165318 0.098404 -0.085614 0.240619 0.175280 0.160986 0.112839 0.245604 0.187994 0.123135 0.202474 0.138192 -0.073180 0.083395 0.002724 0.196146 0.121966 -0.320807 -0.324667 -0.254745 -0.147682 -0.140282 -0.153545 -0.198674 -0.187113 0.053068 -0.220673 -0.099855 -0.017531 -0.005736 -0.241986 0.254232 0.053361 0.081418 -0.089912 -0.040113 -0.110500 0.141949 -0.050122 -0.179396 -0.370214 -0.242747 -0.261476 -0.276111 -0.112171 -0.069309 0.065260 -0.097929 -0.209830 -0.180236 -0.193238 -0.237079 -0.071003 -0.002393 -0.155126 -0.082276 -0.153782 -0.042358 -0.169766 -0.054539 -0.237890
0.046932 0.079868 0.591002 -0.002885 0.221283 0.085515 1.000000 0.327915 0.201107 0.115116 0.061736 -0.026399 0.262639 -0.032691 0.005320 -0.066936 -0.004342 -0.141619 0.212162 -0.020202 -0.026126 -0.003082 0.268499 0.011290 0.077868 -0.089703 0.209854 0.071759 -0.117415 -0.237193 0.099748 0.010813 0.024413 -0.031416 -0.250859 -0.046658 -0.356725 -0.373505 -0.061905 -0.149809 -0.142182 -0.036881 -0.223641 -0.253447 -0.003682 -0.051175 -0.393144 -0.269455 0.306763 0.088157 0.022979 -0.067494 -0.204876 -0.449312 -0.176847 -0.300043 -0.168484 -0.129165 0.145053 0.151935 -0.026520 0.061808 -0.021787 -0.038243 0.146631 -0.100586 0.072674 -0.004496 -0.360683 -0.085625 0.084474 -0.181294 -0.132259 -0.193295 -0.082161 -0.294350 -0.299185 -0.299641 -0.318710 -0.398956 -0.142798 -0.208233 0.145627 0.095966 0.024800 -0.329635 0.264385 0.090713 0.246091 0.023141 -0.193602 -0.044655 -0.006890 0.132262 -0.181755 -0.269462 -0.443567 -0.405302 -0.322654 -0.307464 0.135744 0.373867 0.051453 0.050220 -0.115677 0.008234 -0.050273 0.075151 -0.117810 -0.242059 -0.290073 -0.271071 -0.209932 -0.295647 -0.205163 -0.109737
-0.089467 -0.049279 0.002627 0.541786 0.012921 0.197803 0.327915 1.000000 -0.068945 0.347384 -0.404379 0.409147 0.484814 0.667958 0.148405 0.553332 -0.252489 0.116753 -0.205537 -0.402678 0.326608 0.294224 -0.021448 -0.102908 0.026909 0.185061 0.318941 0.214021 -0.108481 0.227760 0.305283 0.212663 0.060869 0.302622 -0.214166 0.084692 -0.481931 -0.411939 -0.356421 -0.259922 -0.096110 -0.078064 -0.289602 -0.292586 -0.045408 -0.096690 -0.320969 -0.289668 -0.009228 0.022417 -0.409293 -0.121014 -0.246164 -0.320949 -0.318940 -0.222309 -0.193960 -0.316513 0.166170 0.054819 0.369063 0.458592 0.253276 0.257403 0.097770 0.599073 -0.072093 -0.242014 -0.407834 -0.349591 -0.025442 0.201303 0.095411 0.020919 -0.096416 -0.024878 -0.184079 -0.184913 -0.230821 -0.038068 -0.154847 -0.127607 -0.384744 0.045194 -0.441765 -0.400799 -0.055638 -0.165874 -0.209063 -0.074487 -0.150787 -0.382535 0.347965 -0.116467 -0.309090 -0.321341 -0.241884 -0.339101 -0.200483 -0.300985 0.427205 0.061686 0.182049 -0.134701 -0.250223 -0.347443 0.095706 -0.147791 -0.062093 -0.161003 -0.215517 -0.306046 -0.241984 -0.198837 -0.350090 -0.317580
-0.127648 -0.334227 0.665834 0.094908 0.702024 0.291129 0.201107 -0.068945 1.000000 0.314889 -0.065576 -0.309303 -0.112400 -0.260716 -0.054493 -0.131304 -0.179371 -0.395413 0.073439 0.039085 0.017829 0.023029 0.493119 0.373476 0.507688 0.228189 -0.015491 0.017713 -0.413236 -0.334533 -0.205681 -0.221970 -0.033863 -0.103032 0.083882 0.123560 -0.109090 -0.189321 0.125135 0.076980 -0.103340 -0.136075 -0.084488 -0.036901 0.005048 0.041360 -0.122373 0.001956 0.311430 0.115707 0.397399 0.002800 0.126219 -0.200424 -0.219492 -0.123549 -0.206175 -0.221636 0.183961 0.057562 -0.146119 -0.124713 -0.299670 -0.404919 0.105791 -0.038293 0.212433 0.147544 0.189918 0.295036 0.121702 -0.124957 -0.301365 -0.299573 -0.249969 -0.060723 -0.191731 -0.117987 -0.274460 -0.339938 -0.347451 -0.314931 -0.148836 -0.303054 -0.106507 -0.161535 0.075337 -0.041857 0.264579 -0.050739 -0.010060 0.189208 -0.081092 0.212139 -0.068722 0.003452 -0.231147 -0.108838 -0.372565 -0.106417 -0.226801 0.157144 -0.234722 0.051759 0.040147 0.134174 -0.084146 0.078418 -0.031832 -0.013189 0.062455 -0.102917 -0.093315 -0.038341 0.030868 -0.101445
-0.153380 0.046289 0.162625 0.323477 0.368415 0.543814 0.115116 0.347384 0.314889 1.000000 -0.419885 -0.152255 0.119477 0.082084 0.004681 0.215059 -0.389808 -0.174054 -0.352447 -0.331798 0.175340 0.119049 0.046382 0.184766 0.303980 0.314237 0.281421 0.211409 -0.417026 -0.233684 -0.200886 -0.289285 -0.383732 -0.092067 -0.134649 0.111639 -0.328275 -0.425261 -0.259521 -0.135444 -0.295433 -0.336481 -0.325708 -0.251469 -0.300882 -0.253740 -0.228105 -0.044687 0.058096 -0.172626 0.127485 -0.091016 0.253005 -0.276375 -0.468359 -0.199274 -0.157545 0.070932 0.410657 0.489211 0.268401 0.463125 0.013044 0.114482 0.057679 0.294291 0.291250 0.082629 -0.004875 0.227946 -0.036387 0.050587 -0.330033 -0.363929 -0.423662 -0.204937 -0.252049 -0.121429 -0.288232 -0.191588 -0.085972 -0.234112 -0.257866 -0.156799 -0.142502 -0.291660 -0.154127 -0.271190 0.314828 0.164773 0.277582 0.086330 0.194508 0.050438 -0.179136 -0.344975 -0.095869 -0.162856 -0.100987 -0.112110 0.068182 -0.062713 -0.077635 -0.050803 -0.043346 -0.011871 0.051923 0.212381 -0.249658 -0.156704 0.035278 -0.120650 -0.075192 -0.076600 -0.130674 -0.247988
0.269262 0.372729 -0.015050 -0.343205 -0.174062 -0.452992 0.061736 -0.404379 -0.065576 -0.419885 1.000000 0.228977 -0.078168 -0.035103 0.067672 -0.404680 0.584103 0.053397 0.515683 0.447922 -0.555867 -0.400345 0.013598 -0.002063 -0.209125 -0.498891 -0.420793 -0.386048 0.438615 0.008797 0.084845 0.117844 0.129534 -0.076227 0.054368 -0.125018 0.439832 0.384784 0.138206 0.060146 0.225761 0.170394 0.032578 0.024951 -0.072255 -0.060897 -0.079614 -0.133329 -0.265300 -0.122111 -0.008847 -0.191706 -0.130526 0.049764 0.356693 0.088381 0.197387 0.287446 -0.408647 -0.258222 -0.235090 -0.459083 -0.460384 -0.320092 -0.202306 -0.645574 -0.276451 -0.154741 -0.000151 -0.053857 -0.014658 -0.164791 0.214070 0.400162 0.449584 0.238376 0.260983 0.174954 0.165770 0.150015 0.008290 0.347640 0.442491 0.132217 0.238810 0.402505 0.037118 0.093901 0.016999 0.042606 -0.191164 0.187617 -0.350322 0.045346 0.247789 0.348014 0.028927 0.164793 0.216779 0.103098 -0.206776 0.022729 -0.081371 0.115197 0.019042 0.182512 -0.173164 0.195044 -0.003136 0.253924 0.037706 0.095512 0.118048 0.131740 0.047855 0.217253
0.057653 0.172328 -0.198681 0.422523 -0.346767 -0.134532 -0.026399 0.409147 -0.309303 -0.152255 0.228977 1.000000 0.397319 0.651745 0.311745 0.246075 0.131293 0.573232 0.263864 -0.156094 -0.025056 0.035488 -0.008005 -0.133901 -0.320012 -0.237464 -0.111316 -0.078233 0.554879 0.575517 0.491523 0.521751 0.186849 0.226203 -0.186784 -0.246269 -0.039637 -0.009432 -0.210050 -0.189447 0.067752 -0.004069 -0.198800 -0.186660 -0.239725 -0.236867 -0.192639 -0.501204 -0.361201 -0.213194 -0.369393 -0.209697 -0.211168 0.057068 0.366273 -0.065231 -0.003490 -0.085587 -0.218135 -0.393157 0.231976 -0.031781 -0.000176 0.140384 0.134540 0.231115 -0.439956 -0.589658 -0.374586 -0.534604 -0.193795 -0.050082 0.544736 0.466005 0.468852 0.214269 0.204275 -0.098573 0.155535 0.412078 -0.015687 0.386187 -0.037987 0.300415 -0.070566 0.308908 -0.022658 0.004807 -0.320425 -0.118899 -0.391934 -0.473704 0.253259 -0.061052 0.054725 -0.047641 -0.134679 -0.060562 -0.107923 -0.344375 0.239248 -0.044433 0.221127 -0.244450 -0.447989 -0.427569 -0.006070 -0.126766 0.056373 0.249332 -0.050926 -0.406535 -0.053203 0.147335 -0.018163 -0.200138
-0.049006 0.042123 0.072916 0.319541 -0.130201 0.008853 0.262639 0.484814 -0.112400 0.119477 -0.078168 0.397319 1.000000 0.576013 0.649617 0.448024 -0.284903 0.198661 -0.043404 -0.365300 0.284407 0.109779 0.213645 -0.030715 0.040311 0.069468 0.239474 0.248478 0.268121 0.161961 0.452806 0.330608 0.049945 0.211993 -0.252063 -0.038808 -0.428472 -0.371897 -0.371033 -0.337499 -0.156765 -0.129096 -0.303607 -0.338856 -0.145857 -0.204161 -0.364482 -0.425332 -0.028137 -0.173755 -0.159725 -0.188459 -0.120721 -0.139376 -0.030225 -0.414744 -0.302945 -0.198539 0.307101 -0.073933 0.530467 0.333888 0.137162 0.222685 0.312156 0.296423 -0.185661 -0.269736 -0.435727 -0.261279 0.085394 0.077920 0.198699 0.053710 -0.035465 -0.088309 -0.258341 -0.256617 -0.128281 0.082304 -0.160171 -0.038154 -0.006551 0.222113 0.009549 -0.249137 -0.055004 0.022347 -0.094263 -0.207090 -0.147935 -0.280632 0.227076 -0.057451 -0.238931 -0.417734 -0.320735 -0.384668 -0.326758 -0.514230 0.235546 -0.150573 0.049755 -0.330484 -0.367181 -0.412008 0.060751 -0.141083 -0.068487 -0.090267 -0.216482 -0.429830 -0.154666 -0.070439 -0.185071 -0.398331
-0.074072 0.255910 -0.345409 0.362368 -0.247008 -0.187437 -0.032691 0.667958 -0.260716 0.082084 -0.035103 0.651745 0.576013 1.000000 0.342886 0.580551 -0.084478 0.201300 -0.069206 -0.345393 0.116671 0.084425 -0.240110 -0.213106 -0.204551 -0.018095 -0.007752 -0.017833 0.269099 0.488537 0.416004 0.357020 0.158171 0.327996 -0.230497 0.039677 -0.247149 -0.112282 -0.388018 -0.317157 0.142155 0.116518 -0.203813 -0.204114 -0.098008 -0.133785 -0.232512 -0.274697 -0.187484 -0.070260 -0.420249 -0.146840 -0.179749 -0.077453 -0.072110 -0.177887 -0.294550 -0.196105 0.161629 0.009682 0.436402 0.436198 0.098601 0.215366 0.005792 0.461844 -0.142460 -0.313297 -0.307495 -0.347592 -0.047491 0.156225 0.368771 0.314614 0.157692 0.167088 -0.084897 -0.130532 -0.119763 0.189495 -0.268350 0.077087 -0.140946 0.193631 -0.485362 -0.164280 -0.249211 -0.153384 -0.391327 -0.053350 -0.105041 -0.329281 0.192298 -0.190101 -0.195326 -0.186155 -0.026011 -0.161017 -0.019555 -0.308285 0.395765 -0.201087 0.232239 -0.204270 -0.263284 -0.388684 0.249719 -0.134814 -0.108258 0.049949 -0.061112 -0.317505 -0.078242 -0.036578 -0.269893 -0.334499
-0.037562 0.024267 -0.059131 0.110497 0.048594 0.033589 0.005320 0.148405 -0.054493 0.004681 0.067672 0.311745 0.649617 0.342886 1.000000 0.560395 -0.342981 0.174727 0.089620 0.005822 0.316920 0.018170 0.138972 0.050079 0.232406 0.173773 0.309276 0.379369 0.412094 0.241991 0.509791 0.458485 0.066196 0.158744 -0.188774 -0.007771 -0.180816 -0.152266 -0.280539 -0.181506 -0.036500 -0.027893 -0.308984 -0.259979 -0.195187 -0.215264 -0.320606 -0.313991 -0.177754 -0.259079 -0.215794 -0.134733 -0.126580 -0.041222 -0.034038 -0.355254 -0.147483 0.032977 -0.003284 -0.251005 0.142401 -0.033401 0.006174 -0.018272 0.201819 0.011014 -0.267255 -0.203017 -0.067188 -0.043222 0.248420 0.088873 0.226098 0.246778 0.126004 0.065694 -0.053557 -0.118731 -0.019654 0.135688 -0.083083 0.149909 0.292052 0.337334 0.041279 -0.121796 -0.107723 -0.057465 -0.384984 -0.395211 -0.137761 -0.222019 -0.154477 -0.200052 -0.110620 -0.060986 -0.224948 -0.160033 -0.102004 -0.248292 -0.058891 -0.216882 -0.034328 -0.242370 -0.093984 -0.317972 0.011377 -0.176264 0.238399 -0.006135 -0.075077 -0.236333 -0.000842 0.101641 -0.213592 -0.126765
-0.176350 -0.007186 -0.249107 0.298490 0.097201 0.105589 -0.066936 0.553332 -0.131304 0.215059 -0.404680 0.246075 0.448024 0.580551 0.560395 1.000000 -0.435326 0.007470 -0.263159 -0.265282 0.481005 0.284787 -0.125801 0.011861 0.261441 0.407266 0.489778 0.483877 -0.006850 0.282604 0.355692 0.384312 -0.021496 0.246225 -0.166251 0.151986 -0.439086 -0.281273 -0.451328 -0.277356 -0.158767 -0.006869 -0.246794 -0.182246 -0.075729 -0.068677 -0.249830 -0.065496 -0.187298 -0.110582 -0.446843 -0.132019 -0.255687 -0.212340 -0.346895 -0.195422 -0.287073 -0.154635 0.153711 0.001570 0.222589 0.301395 0.214045 0.082784 0.043999 0.423639 -0.087705 -0.050212 -0.067382 -0.093478 0.216342 0.301051 0.006944 0.015413 -0.191308 0.057572 -0.245702 -0.082947 -0.095736 0.001725 -0.156088 -0.117820 -0.177998 0.235003 -0.370646 -0.291190 -0.264677 -0.278962 -0.348540 -0.151148 -0.061663 -0.265538 0.059761 -0.300848 -0.250485 -0.129675 0.003835 -0.219183 -0.037250 -0.162289 0.222073 -0.301854 0.113039 -0.145212 0.046532 -0.247246 0.231285 -0.195120 0.203060 -0.200893 -0.033985 -0.133858 -0.046185 -0.078885 -0.293076 -0.162178
0.166510 0.187943 -0.129754 -0.156798 -0.378528 -0.426797 -0.004342 -0.252489 -0.179371 -0.389808 0.584103 0.131293 -0.284903 -0.084478 -0.342981 -0.435326 1.000000 0.232563 0.485332 0.425962 -0.438753 -0.141264 -0.022081 -0.123834 -0.268456 -0.364427 -0.430203 -0.478362 0.438176 0.297404 0.123695 0.103869 0.398368 0.178304 0.059041 -0.134734 0.599082 0.512766 0.370300 0.219788 0.261739 0.390262 0.136423 0.063148 0.162122 0.088394 0.136187 -0.111183 -0.184707 0.135279 -0.263708 -0.211700 -0.283839 -0.015292 0.336718 0.333509 0.355901 0.311188 -0.410841 -0.296120 -0.229070 -0.391509 -0.236177 -0.126497 -0.177029 -0.464039 -0.321708 -0.338391 -0.056335 -0.227732 -0.211949 -0.170728 0.443964 0.377047 0.454633 0.300978 0.390754 0.187063 0.462197 0.358540 0.280823 0.504896 0.118863 0.137926 0.150448 0.266851 0.246728 0.281887 0.090253 -0.035263 -0.288255 -0.149602 -0.185029 -0.105942 0.259778 0.384347 0.172798 0.223960 0.124289 0.082804 -0.050905 0.072024 0.164342 0.145911 -0.023314 0.000261 -0.229321 0.071844 0.053562 0.226421 -0.089780 0.089840 0.119874 0.195361 0.116071 0.271822
0.117281 0.117847 -0.307032 0.127408 -0.341448 0.002531 -0.141619 0.116753 -0.395413 -0.174054 0.053397 0.573232 0.198661 0.201300 0.174727 0.007470 0.232563 1.000000 0.120898 -0.001264 0.088543 0.061546 -0.107660 -0.158306 -0.233303 -0.133421 -0.026310 0.001185 0.591077 0.602496 0.276045 0.272291 0.164687 0.213382 0.025415 -0.272880 0.159365 0.106445 -0.100182 -0.074263 0.067538 0.149811 -0.109045 -0.150986 -0.168920 -0.188288 0.086032 -0.300204 -0.334051 -0.218435 -0.310056 -0.181835 0.005884 0.217773 0.210689 0.031072 0.356464 0.299718 -0.392898 -0.410982 0.035959 -0.165496 0.359067 0.555299 0.109568 -0.010890 -0.464664 -0.580559 -0.187175 -0.442564 -0.034361 0.024934 0.556114 0.468176 0.471741 0.193285 0.466525 0.205947 0.555186 0.704030 0.607021 0.710126 -0.031020 0.451709 0.218186 0.250879 0.126471 0.022011 -0.379693 -0.374773 -0.249423 -0.465926 0.077344 -0.271930 0.031761 -0.058872 -0.020707 0.086308 0.111299 -0.086184 0.020404 -0.070900 0.096151 -0.259482 -0.398599 -0.412518 -0.258778 -0.235696 0.253743 0.054561 -0.091214 -0.008594 -0.097661 0.072194 0.012119 0.049380
0.387057 0.189132 0.086109 0.039497 -0.087312 -0.218095 0.212162 -0.205537 0.073439 -0.352447 0.515683 0.263864 -0.043404 -0.069206 0.089620 -0.263159 0.485332 0.120898 1.000000 0.599740 -0.200797 -0.082522 0.177313 -0.199023 -0.049633 -0.365829 -0.248753 -0.264654 0.493852 0.255940 0.384621 0.358772 0.518841 0.248197 -0.295982 -0.360793 0.313905 0.282757 0.354992 0.183200 0.203135 0.262797 -0.167259 -0.266823 0.004712 -0.119285 -0.232147 -0.556128 -0.034714 0.059864 -0.191349 -0.183358 -0.303467 -0.248785 0.331268 -0.087769 0.212735 0.074942 -0.265159 -0.302754 -0.074167 -0.424862 -0.256239 -0.236867 -0.021529 -0.452836 -0.211481 -0.448758 0.081576 -0.225485 -0.010270 -0.173881 0.361067 0.307552 0.399130 0.139495 0.195857 -0.153168 0.192190 0.071317 -0.061432 0.272779 0.420898 0.306367 0.011944 0.099997 0.350067 0.447282 -0.030033 -0.267005 -0.561789 -0.256123 -0.163312 0.221582 0.305507 0.340475 -0.232394 0.068730 -0.202561 -0.141944 0.138180 0.423311 0.418337 0.409808 0.073341 0.047141 -0.109592 0.052803 0.242488 0.237719 -0.399345 -0.289094 -0.024483 0.287136 0.060342 0.226074
0.167804 0.227160 -0.078771 -0.255156 -0.033069 -0.330225 -0.020202 -0.402678 0.039085 -0.331798 0.447922 -0.156094 -0.365300 -0.345393 0.005822 -0.265282 0.425962 -0.001264 0.599740 1.000000 -0.195460 -0.225006 -0.035360 0.032866 0.006782 -0.224525 -0.262266 -0.261737 0.352844 0.088397 0.081602 0.137146 0.317022 0.076386 -0.020031 -0.156875 0.489356 0.358205 0.342676 0.417055 0.354507 0.205730 -0.085974 -0.239826 -0.007662 -0.122036 -0.058533 -0.179947 -0.175063 -0.080292 -0.173380 -0.214428 -0.207039 -0.138694 0.158645 -0.012578 0.349781 0.465559 -0.488411 -0.165130 -0.380396 -0.444352 -0.267997 -0.250534 -0.177283 -0.524025 -0.110479 -0.053702 0.339977 0.233190 -0.085563 -0.159841 0.066474 0.158337 0.196788 0.019164 0.107585 0.019907 0.201651 0.068803 0.195909 0.326848 0.399509 0.107591 0.160911 0.178018 0.196360 0.257381 -0.012044 -0.155753 -0.275377 -0.084218 -0.264176 0.008189 0.225992 0.512838 0.009902 0.200825 0.131223 0.071191 -0.023171 0.214162 0.197667 0.397808 0.466763 0.368837 -0.025519 -0.004642 0.323751 0.070855 -0.177810 0.175153 -0.056775 0.332119 0.134198 0.645334
-0.074619 -0.201687 -0.058122 0.290400 0.107951 0.516177 -0.026126 0.326608 0.017829 0.175340 -0.555867 -0.025056 0.284407 0.116671 0.316920 0.481005 -0.438753 0.088543 -0.200797 -0.195460 1.000000 0.576956 0.137502 -0.053314 0.310816 0.609564 0.595214 0.707723 -0.048380 0.043522 0.359067 0.267986 -0.009300 0.078314 -0.227303 0.009475 -0.478335 -0.417495 -0.058352 -0.091695 -0.205684 0.027395 -0.037895 -0.104146 0.195926 0.089417 0.056351 -0.124569 0.128819 0.132070 -0.119452 0.021050 -0.129522 -0.134545 -0.238071 -0.304444 -0.022924 -0.137021 0.137844 -0.034840 0.151462 0.106333 0.411397 0.199288 0.186975 0.358543 -0.083157 -0.139544 -0.045868 -0.111779 0.354257 0.370128 -0.093175 -0.247851 -0.338027 -0.187974 -0.337043 -0.353907 -0.194258 -0.145776 0.042850 -0.231249 -0.006782 0.238485 0.024827 -0.363591 0.297019 0.288680 -0.188874 -0.347111 -0.051811 -0.427391 0.231699 -0.222326 -0.314376 -0.352274 -0.124947 -0.458364 -0.198060 -0.328930 0.215480 -0.022370 0.198727 -0.223631 -0.009714 -0.342491 -0.019504 -0.291604 0.294847 -0.387036 -0.258844 -0.168286 -0.140532 -0.168710 -0.317728 -0.240578
-0.070607 -0.174765 -0.004875 0.264263 0.099376 0.398805 -0.003082 0.294224 0.023029 0.119049 -0.400345 0.035488 0.109779 0.084425 0.018170 0.284787 -0.141264 0.061546 -0.082522 -0.225006 0.576956 1.000000 0.165611 -0.138220 0.204335 0.405590 0.314578 0.404473 -0.076452 0.067416 0.245551 0.163703 0.195006 0.317047 -0.134900 -0.094360 -0.279109 -0.222626 0.012875 -0.117529 -0.182692 0.090272 0.041996 0.073688 0.232023 0.173318 0.058848 -0.095553 0.164351 0.275355 -0.054533 0.105714 -0.081303 -0.039863 -0.156017 -0.017873 0.032230 -0.166138 0.088783 -0.033340 0.098528 0.014270 0.269674 0.116007 0.178842 0.317693 -0.015530 -0.248048 -0.075943 -0.310605 0.108007 0.356957 0.037324 -0.178242 -0.166058 -0.044337 -0.114071 -0.149733 0.096450 0.037154 -0.038271 -0.209587 -0.327500 0.185631 -0.092028 -0.273288 0.268441 0.178041 -0.061049 -0.274769 -0.231679 -0.327560 0.124367 -0.334292 0.227006 -0.211432 0.026679 -0.102417 -0.241858 -0.281668 0.191707 -0.286617 0.116203 -0.276541 -0.383734 -0.338288 -0.230586 -0.004547 0.057886 -0.141576 -0.250912 -0.147609 -0.029823 -0.226147 -0.154332 -0.302989
-0.050756 -0.258335 0.751682 0.420236 0.297146 0.281270 0.268499 -0.021448 0.493119 0.046382 0.013598 -0.008005 0.213645 -0.240110 0.138972 -0.125801 -0.022081 -0.107660 0.177313 -0.035360 0.137502 0.165611 1.000000 0.520618 0.484938 0.333510 0.134316 0.260153 -0.087806 -0.307912 0.200471 0.113296 0.060934 -0.021424 0.031568 0.042814 -0.157668 -0.231920 0.179504 0.135265 -0.198278 -0.191776 -0.227499 -0.184892 -0.046736 -0.060545 -0.337358 -0.353168 0.132470 0.015183 0.244644 -0.159125 -0.108368 -0.274538 0.056250 -0.187591 -0.107063 -0.120663 0.020643 -0.211065 -0.037017 -0.271221 -0.220295 -0.338040 0.180887 -0.016993 -0.195696 -0.169033 -0.179262 -0.085949 -0.047000 -0.135226 -0.127823 -0.183298 -0.075093 -0.032336 -0.152602 -0.192156 -0.048065 -0.084091 -0.125696 -0.117738 -0.054381 -0.227707 0.262961 -0.087600 0.219247 0.191035 0.356206 -0.198296 -0.373409 -0.159001 0.047592 0.156218 0.066343 -0.140974 -0.229271 -0.155844 -0.474603 -0.448288 -0.051028 0.081851 -0.123327 -0.131626 -0.231423 -0.101100 -0.281456 0.113698 0.049403 0.152079 -0.009725 -0.375470 -0.193666 0.077874 0.123038 -0.262759
-0.274927 -0.169188 0.441363 0.197315 0.208753 0.070996 0.011290 -0.102908 0.373476 0.184766 -0.002063 -0.133901 -0.030715 -0.213106 0.050079 0.011861 -0.123834 -0.158306 -0.199023 0.032866 -0.053314 -0.138220 0.520618 1.000000 0.224627 0.337184 -0.043480 0.074797 -0.312105 -0.295137 -0.056409 0.066996 -0.186528 0.009656 0.366120 0.375515 -0.016717 -0.055201 -0.052396 0.030257 -0.073613 -0.152249 -0.313622 -0.176753 -0.358861 -0.278396 -0.366296 0.096855 -0.302816 -0.345526 0.257520 -0.212155 -0.075886 -0.056869 -0.276517 -0.117029 -0.178555 0.098099 -0.132386 -0.088355 -0.174087 -0.195465 -0.153193 -0.263835 0.132188 -0.060409 -0.079323 0.237565 0.031728 0.289412 -0.024711 -0.023414 -0.354206 -0.164576 -0.147042 0.131069 -0.090904 0.177839 -0.005027 0.031474 -0.003044 -0.040920 -0.138650 -0.305221 0.244842 0.231892 -0.287423 -0.284574 0.251719 0.060607 -0.046738 0.231640 -0.078407 0.145717 -0.099452 -0.049408 0.022200 0.076175 -0.214406 -0.121866 -0.228131 -0.083868 -0.361701 -0.108779 0.061877 0.086487 -0.124509 0.064716 -0.049083 0.065380 0.403812 -0.033132 -0.345846 0.018080 0.117726 0.023791
0.102740 -0.241564 0.370420 0.190771 0.773788 0.564253 0.077868 0.026909 0.507688 0.303980 -0.209125 -0.320012 0.040311 -0.204551 0.232406 0.261441 -0.268456 -0.233303 -0.049633 0.006782 0.310816 0.204335 0.484938 0.224627 1.000000 0.570328 0.507114 0.546149 -0.243110 -0.265783 -0.075868 -0.178040 -0.026385 -0.049274 0.076150 0.121192 -0.252208 -0.332327 -0.020960 0.159199 -0.251451 -0.127479 -0.246251 -0.174240 -0.055010 -0.013282 -0.275546 -0.139641 0.111106 -0.013412 0.061795 -0.211482 0.049050 -0.403689 -0.353290 -0.270804 0.030419 -0.053859 0.219819 0.104682 0.017296 -0.020246 -0.020559 -0.148738 -0.125969 -0.020870 0.128346 0.010769 0.225152 0.179909 0.175243 0.007929 -0.333022 -0.275759 -0.306334 -0.042431 -0.199297 -0.061537 -0.138533 -0.235044 -0.095390 -0.215646 -0.080055 -0.074316 -0.119487 -0.345468 0.090050 -0.043093 0.057798 -0.271758 -0.121014 -0.058200 -0.156223 -0.116615 -0.141994 -0.025574 -0.239876 -0.141316 -0.278528 -0.050491 -0.129637 0.016722 -0.080748 0.065281 0.145386 0.078492 -0.080919 0.020655 0.105833 -0.037410 -0.020951 -0.059081 -0.044511 -0.024202 -0.030800 -0.049409
-0.080140 -0.174247 0.183517 0.337648 0.275237 0.489185 -0.089703 0.185061 0.228189 0.314237 -0.498891 -0.237464 0.069468 -0.018095 0.173773 0.407266 -0.364427 -0.133421 -0.365829 -0.224525 0.609564 0.405590 0.333510 0.337184 0.570328 1.000000 0.483087 0.638548 -0.294188 -0.153339 0.178945 0.069538 -0.128709 0.119037 0.295696 0.522183 -0.308296 -0.258693 -0.033503 0.018630 -0.108228 -0.015672 -0.180318 -0.101461 0.035572 0.050310 -0.158866 0.033793 -0.075581 -0.055901 -0.066720 -0.274730 -0.126546 -0.323269 -0.450281 -0.161240 -0.063139 0.003982 0.159626 0.058364 0.093312 0.125756 0.244645 0.031271 -0.025667 0.347080 -0.053676 0.047059 0.020299 0.015602 0.118003 0.124439 -0.267952 -0.262825 -0.295502 0.006033 -0.247448 -0.070269 -0.169534 -0.111594 0.009550 -0.217148 -0.139605 -0.142276 -0.046113 -0.240345 -0.024335 -0.030555 -0.016287 -0.219485 -0.041883 -0.187211 0.015158 -0.180177 -0.214188 -0.163993 0.027708 -0.112925 -0.130409 -0.168209 0.084936 -0.163971 -0.104886 -0.180668 0.021918 -0.159040 -0.127708 -0.166647 0.154070 -0.148970 0.230269 -0.019411 -0.180209 -0.089939 -0.144994 -0.193320
0.008661 -0.259664 0.086469 0.051379 0.342739 0.540772 0.209854 0.318941 -0.015491 0.281421 -0.420793 -0.111316 0.239474 -0.007752 0.309276 0.489778 -0.430203 -0.026310 -0.248753 -0.262266 0.595214 0.314578 0.134316 -0.043480 0.507114 0.483087 1.000000 0.894461 -0.221658 -0.179252 0.038203 -0.027527 -0.246952 -0.162074 -0.146019 0.090132 -0.479020 -0.438657 -0.089517 0.021815 -0.433740 -0.142663 -0.129588 -0.018620 -0.001883 0.060296 -0.133315 -0.020102 0.130284 0.022339 -0.174162 0.012508 -0.106801 -0.248249 -0.237757 -0.187514 -0.042650 -0.168745 0.196814 0.051830 0.028530 0.129344 0.280302 0.132357 -0.025978 0.183340 0.024680 -0.014190 -0.059732 -0.050145 0.332483 0.216290 -0.323188 -0.312602 -0.336615 -0.160884 -0.147883 -0.066140 -0.261306 -0.270254 0.067242 -0.255923 0.019780 0.158025 0.008307 -0.396207 0.151973 -0.053122 -0.139028 -0.154991 0.063129 -0.083126 -0.022075 -0.266747 -0.280558 -0.267073 -0.240640 -0.336928 -0.032196 0.031148 0.001106 0.038293 0.017129 -0.169075 0.009795 -0.112665 -0.081577 -0.211905 0.172494 -0.214058 -0.147113 -0.029451 0.129759 -0.227514 -0.167476 -0.176375
0.011933 -0.216768 0.100752 0.152593 0.350255 0.601566 0.071759 0.214021 0.017713 0.211409 -0.386048 -0.078233 0.248478 -0.017833 0.379369 0.483877 -0.478362 0.001185 -0.264654 -0.261737 0.707723 0.404473 0.260153 0.074797 0.546149 0.638548 0.894461 1.000000 -0.156137 -0.228791 0.109886 0.040719 -0.196394 -0.122609 -0.045742 0.129404 -0.487112 -0.462032 -0.067572 -0.065439 -0.392191 -0.130001 -0.089152 0.004845 0.057898 0.104114 -0.104397 -0.033589 0.075222 0.002917 -0.086895 -0.095580 -0.133000 -0.254409 -0.253797 -0.262958 -0.011971 -0.115460 0.159675 -0.019645 0.047432 0.063481 0.322632 0.127192 0.041147 0.228476 -0.068579 -0.020443 -0.047660 -0.076902 0.320059 0.184764 -0.333489 -0.354102 -0.365276 -0.229316 -0.225818 -0.147219 -0.216949 -0.229526 0.059563 -0.257883 0.097781 0.130844 0.122638 -0.318885 0.170350 0.030301 -0.124666 -0.253564 -0.008374 -0.158975 -0.031850 -0.301979 -0.282634 -0.327354 -0.227819 -0.341496 -0.102000 -0.102533 -0.007801 -0.059956 -0.048939 -0.270405 -0.031007 -0.185862 -0.203375 -0.248876 0.247880 -0.283786 -0.059048 -0.034503 0.080145 -0.229647 -0.212190 -0.249986
0.111375 0.217779 -0.337632 0.004837 -0.450456 -0.359109 -0.117415 -0.108481 -0.413236 -0.417026 0.438615 0.554879 0.268121 0.269099 0.412094 -0.006850 0.438176 0.591077 0.493852 0.352844 -0.048380 -0.076452 -0.087806 -0.312105 -0.243110 -0.294188 -0.221658 -0.156137 1.000000 0.654636 0.549538 0.521835 0.417062 0.279817 -0.128856 -0.348387 0.422575 0.311056 0.087293 0.056071 0.319597 0.235410 -0.023142 -0.131097 0.012374 -0.082797 0.060849 -0.401299 -0.239587 -0.074271 -0.442400 -0.253172 -0.219388 0.089886 0.462335 -0.007880 0.218544 0.262738 -0.401016 -0.494986 -0.018267 -0.307891 -0.026349 0.119785 0.113235 -0.249121 -0.518911 -0.557754 -0.148365 -0.374161 -0.069715 -0.083596 0.751744 0.543030 0.558225 0.183515 0.326629 0.011558 0.468743 0.536615 0.282828 0.648344 0.365306 0.483653 0.203518 0.216960 0.201448 0.316171 -0.324707 -0.439452 -0.382763 -0.517586 -0.062147 -0.286950 0.245388 0.285491 0.027764 0.096418 0.071089 -0.207170 0.033588 -0.102440 0.201358 -0.156466 -0.206483 -0.288602 -0.075228 -0.208908 0.264516 0.229622 -0.151770 -0.094818 0.091991 0.357532 0.101078 0.158708
-0.073480 0.121875 -0.463029 0.116333 -0.364651 -0.258066 -0.237193 0.227760 -0.334533 -0.233684 0.008797 0.575517 0.161961 0.488537 0.241991 0.282604 0.297404 0.602496 0.255940 0.088397 0.043522 0.067416 -0.307912 -0.295137 -0.265783 -0.153339 -0.179252 -0.228791 0.654636 1.000000 0.507163 0.511734 0.481660 0.550476 -0.029160 -0.170682 0.378960 0.447756 0.057669 0.081219 0.436033 0.491799 -0.172656 -0.203383 -0.063003 -0.156353 0.067969 -0.307338 -0.319572 -0.071785 -0.592352 -0.144165 -0.209789 0.172057 0.295740 0.222117 0.020035 0.090575 -0.299096 -0.380035 0.041167 -0.057723 0.159798 0.272659 0.096187 0.070153 -0.403458 -0.609626 -0.086380 -0.458500 -0.041279 0.128784 0.836977 0.683283 0.603637 0.449375 0.503042 0.239592 0.423495 0.637637 0.179587 0.597660 0.017401 0.509939 -0.246010 0.111311 0.041422 0.024474 -0.548255 -0.296790 -0.357492 -0.524938 0.009304 -0.345103 0.156301 0.352763 0.218689 0.232046 0.081021 -0.054468 0.113090 -0.160618 0.291903 -0.083045 -0.218515 -0.390068 -0.026653 -0.322722 0.325813 0.248810 -0.133616 -0.052209 0.002441 0.251306 0.082041 0.170487
0.002146 0.060303 -0.056194 0.315952 -0.361154 -0.130071 0.099748 0.305283 -0.205681 -0.200886 0.084845 0.491523 0.452806 0.416004 0.509791 0.355692 0.123695 0.276045 0.384621 0.081602 0.359067 0.245551 0.200471 -0.056409 -0.075868 0.178945 0.038203 0.109886 0.549538 0.507163 1.000000 0.854961 0.405047 0.508058 -0.234514 -0.026019 -0.029830 0.062197 0.009989 -0.098711 0.239148 0.281402 -0.197243 -0.276899 0.101807 -0.044722 -0.208831 -0.465005 -0.230392 0.037004 -0.496613 -0.186015 -0.493699 -0.087089 0.101020 -0.153834 -0.021376 0.038644 -0.254574 -0.433407 0.063268 -0.213750 0.006305 -0.018388 0.136330 -0.023357 -0.540301 -0.527435 -0.279778 -0.436660 0.098749 0.166809 0.533562 0.362110 0.262680 0.155125 -0.030473 -0.218914 0.183302 0.289675 -0.046741 0.289789 0.168628 0.429383 -0.057988 -0.116052 0.159827 0.273917 -0.346338 -0.455583 -0.518885 -0.600178 -0.051511 -0.176187 0.059516 0.064013 -0.006467 -0.158424 -0.194003 -0.434093 0.278024 -0.062580 0.297713 -0.037339 -0.128911 -0.361278 -0.046670 -0.141416 0.253468 0.090196 -0.202766 -0.390739 -0.258429 0.221682 -0.172928 -0.039233
-0.141505 -0.015555 -0.068061 0.207974 -0.362356 -0.220937 0.010813 0.212663 -0.221970 -0.289285 0.117844 0.521751 0.330608 0.357020 0.458485 0.384312 0.103869 0.272291 0.358772 0.137146 0.267986 0.163703 0.113296 0.066996 -0.178040 0.069538 -0.027527 0.040719 0.521835 0.511734 0.854961 1.000000 0.330364 0.496218 -0.119697 -0.027606 0.053318 0.161521 -0.018747 -0.130596 0.175489 0.168493 -0.136125 -0.149952 0.032233 -0.031647 -0.154379 -0.334409 -0.386816 -0.034207 -0.478975 -0.150029 -0.519777 0.049128 0.110989 -0.015746 -0.101342 0.001120 -0.407795 -0.518266 -0.068982 -0.354038 -0.130332 -0.178789 0.216993 -0.074574 -0.557553 -0.376405 -0.190857 -0.333397 0.145636 0.309076 0.483140 0.405004 0.255172 0.260916 0.064482 -0.035973 0.284649 0.317029 -0.104323 0.313274 0.080360 0.350351 -0.024995 0.129999 -0.027353 0.104580 -0.364451 -0.367685 -0.517143 -0.419877 -0.046575 -0.159048 0.190291 0.189093 0.077942 -0.035139 -0.092229 -0.270405 0.132051 -0.161232 0.174075 -0.088583 -0.105477 -0.336241 -0.024952 -0.069081 0.304597 0.154717 -0.125960 -0.259106 -0.138724 0.314582 -0.058023 0.020370
0.247254 0.057450 -0.050205 0.016875 -0.099073 -0.191881 0.024413 0.060869 -0.033863 -0.383732 0.129534 0.186849 0.049945 0.158171 0.066196 -0.021496 0.398368 0.164687 0.518841 0.317022 -0.009300 0.195006 0.060934 -0.186528 -0.026385 -0.128709 -0.246952 -0.196394 0.417062 0.481660 0.405047 0.330364 1.000000 0.736774 0.019847 -0.063625 0.236817 0.277216 0.286689 0.082710 0.342313 0.481699 -0.115635 -0.167373 0.251300 0.042200 -0.050258 -0.350141 0.025975 0.237875 -0.324990 -0.115506 -0.298333 -0.089914 0.165665 0.049342 0.219273 -0.083567 -0.096318 -0.252586 0.124836 -0.102284 0.187686 0.078927 0.087263 -0.024851 -0.100977 -0.458497 0.026520 -0.398151 -0.170710 -0.134185 0.550861 0.315491 0.430760 0.258032 0.315340 -0.017292 0.305727 0.256423 -0.024439 0.203413 0.094852 0.233253 -0.215459 -0.154100 0.226777 0.289484 -0.351275 -0.369636 -0.617176 -0.471247 -0.217568 -0.250829 0.143308 0.278392 -0.023209 0.151666 -0.272096 -0.083891 0.153203 -0.003252 0.242903 0.084879 -0.168933 -0.345192 -0.202221 -0.341644 0.400379 0.172087 -0.238509 -0.138966 -0.063843 0.088038 -0.060536 0.032963
0.012635 0.083338 -0.132525 0.143216 -0.161525 -0.096750 -0.031416 0.302622 -0.103032 -0.092067 -0.076227 0.226203 0.211993 0.327996 0.158744 0.246225 0.178304 0.213382 0.248197 0.076386 0.078314 0.317047 -0.021424 0.009656 -0.049274 0.119037 -0.162074 -0.122609 0.279817 0.550476 0.508058 0.496218 0.736774 1.000000 0.127810 0.168490 0.140782 0.303748 0.076364 -0.048847 0.311198 0.431111 -0.313723 -0.299639 0.020649 -0.104688 -0.240754 -0.303785 -0.252020 0.001712 -0.446457 -0.211106 -0.334700 -0.042399 -0.098763 0.025117 0.008253 0.021110 -0.127188 -0.210234 0.191145 0.033596 0.274944 0.185847 0.143199 0.132986 -0.213002 -0.415168 -0.059812 -0.412909 -0.058140 0.124264 0.466873 0.370701 0.318394 0.370578 0.270141 0.219849 0.332679 0.451157 -0.002530 0.236862 -0.105456 0.269890 -0.272094 -0.087402 -0.028315 0.018489 -0.401416 -0.324434 -0.552572 -0.372932 -0.153088 -0.285471 0.162930 0.226623 0.133825 0.183616 -0.174066 -0.126952 0.225920 -0.236539 0.174721 -0.033521 -0.224495 -0.376094 -0.146194 -0.263856 0.259088 0.157033 -0.109063 -0.150236 -0.225481 0.166214 0.011306 0.032593
-0.076039 -0.112082 0.113609 -0.213295 0.068937 -0.013604 -0.250859 -0.214166 0.083882 -0.134649 0.054368 -0.186784 -0.252063 -0.230497 -0.188774 -0.166251 0.059041 0.025415 -0.295982 -0.020031 -0.227303 -0.134900 0.031568 0.366120 0.076150 0.295696 -0.146019 -0.045742 -0.128856 -0.029160 -0.234514 -0.119697 0.019847 0.127810 1.000000 0.670909 0.277251 0.285397 0.150233 0.115942 0.243877 0.096548 0.084747 0.177594 0.089136 0.170658 0.148528 0.360958 -0.178055 -0.107811 0.136329 -0.184123 0.098990 0.141607 -0.019000 0.305771 0.030223 0.036856 -0.162562 -0.175702 -0.143417 -0.115983 0.029399 -0.047509 0.060974 0.038144 -0.142311 0.200970 -0.010496 -0.087157 -0.152689 -0.077373 -0.006612 0.040141 0.150141 0.282891 0.281847 0.484074 0.276087 0.252600 0.121826 0.105682 -0.176148 -0.355878 0.087539 0.303299 -0.296518 -0.330115 -0.099008 -0.041901 -0.034547 0.165866 -0.169689 -0.154301 -0.008303 0.203696 0.255222 0.310104 0.149567 0.304999 -0.240997 -0.256762 -0.486138 -0.262155 -0.101181 -0.027227 -0.413405 -0.300689 0.175612 0.144106 0.498451 0.437706 0.051898 -0.068349 0.173790 0.120314
-0.061241 -0.026130 0.124685 -0.091444 0.060892 -0.004653 -0.046658 0.084692 0.123560 0.111639 -0.125018 -0.246269 -0.038808 0.039677 -0.007771 0.151986 -0.134734 -0.272880 -0.360793 -0.156875 0.009475 -0.094360 0.042814 0.375515 0.121192 0.522183 0.090132 0.129404 -0.348387 -0.170682 -0.026019 -0.027606 -0.063625 0.168490 0.670909 1.000000 -0.099822 0.021937 -0.051675 -0.106891 0.147881 0.082194 0.023177 0.089634 0.117580 0.207444 -0.066042 0.353208 -0.088892 -0.029989 0.030121 -0.139335 -0.063148 -0.074904 -0.349523 0.003007 -0.161065 -0.051072 0.107030 -0.001073 0.026652 0.161301 0.038979 -0.158430 0.021278 0.231335 -0.057543 0.324941 -0.075432 0.007927 -0.117454 -0.060778 -0.201552 -0.153550 -0.106766 0.172108 -0.068634 0.194973 -0.135624 -0.064273 -0.138504 -0.194111 -0.100942 -0.397518 -0.113193 -0.061050 -0.417250 -0.343061 -0.109590 0.010553 0.094358 0.169255 -0.153037 -0.082455 -0.316549 -0.028385 0.087561 0.046396 0.047785 0.172977 0.018090 -0.186562 -0.316674 -0.159217 0.070957 -0.083216 -0.137631 -0.276950 0.060606 -0.024007 0.434949 0.175603 -0.073765 -0.169093 -0.172622 -0.123302
