1.000000 0.561752 0.140803 0.161190 -0.008089 -0.089779 0.179554 0.109360 -0.009084 -0.103880 0.212156 -0.010972 0.208003 0.060100 -0.183734 0.100630 0.397608 0.205538 0.336497 0.250879 -0.194218 -0.273413 -0.331968 -0.233388 -0.299436 -0.388919 -0.093716 -0.149508 -0.263325 -0.210489 -0.259120 -0.512030 0.103110 -0.076574 -0.220535 -0.035807 0.106239 -0.321895 0.006492 -0.170526 -0.095231 -0.115781 -0.193231 -0.255172 -0.086686 -0.218541 -0.385707 -0.182449 -0.192671 -0.228887 -0.359121 -0.305172 -0.000731 -0.130228 -0.007588 -0.333119 0.613731 0.493076 0.511119 0.403000 0.451620 0.478462 0.304985 0.425658 -0.087152 -0.167318 0.241433 -0.235369 0.315497 0.185386 -0.324592 -0.520960 -0.150594 -0.197468 -0.122948 -0.105542 -0.176774 -0.254292 0.153288 -0.063120 0.155593 0.070106 -0.092562 -0.004492 -0.339618 -0.292152 0.057097 0.060734 0.166983 0.218979 0.284978 0.226060 0.003822 0.219527 -0.236932 0.200049 -0.122737 -0.256776 -0.107438 0.002236 0.145903 0.284040 0.283451 0.192213 -0.017947 -0.229123 0.230563 0.177080 0.177338 -0.129533 -0.272846 -0.164002 -0.081317 0.077116 -0.124198 0.012080
0.561752 1.000000 -0.162466 0.222529 0.074078 -0.049190 -0.067935 -0.008459 -0.028644 0.003204 0.154625 0.009126 0.069865 0.134469 0.047289 0.256818 0.126440 0.103765 0.578756 0.514812 -0.169859 -0.072580 -0.235829 -0.115701 -0.263575 -0.325787 0.056699 -0.036417 -0.057437 -0.053743 -0.275775 -0.395193 0.078878 -0.054247 -0.220248 -0.032475 0.212979 -0.061273 -0.041972 -0.156862 0.095550 0.038842 -0.297557 -0.243424 -0.404145 -0.463225 -0.246751 -0.140595 -0.484002 -0.326452 -0.596539 -0.412409 -0.142562 -0.101443 -0.045565 -0.195931 0.282845 0.519745 0.361786 0.462874 0.251348 0.529129 0.178281 0.380623 -0.170294 -0.214135 0.174454 -0.379679 0.652796 0.213702 -0.333703 -0.378054 -0.183867 -0.055067 0.157048 0.127346 0.180324 0.160907 0.141041 -0.160650 0.314859 0.257813 0.339907 0.309388 0.160553 0.092889 0.155953 0.207438 0.268767 0.293916 0.159492 0.178064 -0.195948 -0.147146 -0.161227 0.106481 -0.195195 -0.242413 -0.186972 -0.100132 0.018846 0.020610 0.034906 -0.136590 -0.180400 -0.236689 0.162195 0.132985 0.051010 -0.200858 -0.222187 -0.193639 -0.075007 0.316731 0.000086 0.009700
0.140803 -0.162466 1.000000 0.407825 0.008637 0.160094 0.609518 0.685454 0.264423 0.140410 0.003246 0.248564 -0.014814 -0.081740 0.070528 0.043631 -0.148643 -0.060641 0.145399 -0.042374 -0.212069 -0.202092 0.497527 0.313382 -0.010391 0.055975 0.131374 -0.114580 -0.264090 -0.304816 -0.002759 0.135393 -0.060850 0.097726 0.014443 0.060047 -0.418816 -0.331243 -0.180991 0.037668 -0.274188 -0.450334 -0.168198 -0.249745 0.006877 -0.085912 -0.253890 -0.119005 0.057118 -0.027434 0.125902 -0.001619 -0.050620 -0.004756 -0.000274 -0.223619 -0.082279 -0.278280 -0.003887 -0.103958 0.069622 0.063609 -0.185180 -0.312629 0.344842 0.491592 -0.086635 0.075920 -0.410867 -0.416676 -0.005973 -0.173977 -0.133395 -0.041007 -0.183856 -0.125193 -0.188365 -0.133170 -0.444088 -0.258457 -0.573930 -0.578199 -0.058619 0.034908 -0.307141 -0.323502 -0.013346 -0.274470 0.160829 -0.010670 0.009709 0.164877 0.434351 0.516383 -0.045441 -0.134801 -0.032828 -0.031209 -0.026378 0.034722 0.284293 0.293550 0.225189 0.229116 0.101706 -0.046533 -0.025144 -0.018345 -0.043899 0.073460 0.020604 -0.000834 0.152039 -0.166775 -0.063939 0.093713
0.161190 0.222529 0.407825 1.000000 0.082603 0.426203 0.213738 0.655836 0.122970 0.276517 -0.031685 0.004387 -0.051624 -0.017604 -0.234366 0.140433 -0.062840 -0.135784 0.482667 0.493740 -0.233062 -0.113026 0.490444 0.767111 0.056222 0.278807 0.219869 0.343256 -0.469299 -0.327036 0.186237 0.120992 -0.147791 -0.092881 0.016754 -0.121040 -0.473880 -0.391448 -0.326348 -0.071769 -0.282001 -0.338308 -0.563907 -0.425466 -0.501675 -0.388291 -0.402684 -0.481776 -0.507801 -0.536853 -0.210209 -0.389093 -0.273621 -0.397300 0.003711 -0.278124 -0.016222 -0.153445 -0.009655 0.237822 -0.029377 0.150716 -0.011023 -0.230355 0.236191 0.427231 0.034260 -0.040238 0.186286 -0.055131 -0.154644 -0.296783 -0.488702 -0.166867 -0.178231 -0.031145 -0.248225 -0.162437 -0.328280 -0.417380 -0.362587 -0.416072 0.228102 0.470444 0.166574 0.203659 0.318301 0.281470 0.611248 0.492659 0.006748 0.087588 0.303342 0.236653 -0.107097 0.012654 -0.291119 -0.387737 -0.337036 -0.191854 0.445463 0.255502 0.300656 0.213915 0.119625 0.151918 0.190185 0.129477 0.111349 -0.243380 -0.194726 -0.415398 -0.077341 0.156492 -0.042404 0.034548
-0.008089 0.074078 0.008637 0.082603 1.000000 0.351765 0.122951 0.029455 0.610468 0.503499 0.001411 -0.076634 -0.166830 -0.045708 0.335268 0.368766 -0.380433 -0.430995 0.154842 0.187471 0.157824 -0.021284 0.239240 0.163553 0.634839 0.199788 0.264060 -0.066341 0.066074 -0.191113 -0.225241 -0.114477 -0.141382 -0.008606 -0.227896 0.303306 0.209779 0.023591 0.077694 0.062609 0.194526 0.055871 -0.176062 -0.064046 -0.078667 -0.016390 -0.020976 0.042172 -0.187369 -0.020248 -0.230845 -0.070308 0.029504 0.078827 -0.406617 -0.220903 -0.345763 -0.119764 0.186840 0.235407 -0.116730 0.016447 -0.237072 -0.179764 -0.300306 -0.013094 0.206954 0.104074 0.195970 0.209807 -0.289682 -0.329012 -0.179017 -0.154242 -0.120468 0.044269 -0.139792 -0.128170 -0.142480 -0.426628 0.138146 0.080758 -0.086075 0.088948 -0.042796 -0.166975 -0.099334 -0.096186 -0.345067 -0.477573 0.054064 0.231498 0.172737 0.158696 0.268894 0.156367 -0.085270 0.036174 -0.047207 0.007576 -0.047427 -0.034429 -0.119470 0.029708 -0.076603 0.131588 -0.160507 -0.101882 0.077616 0.103731 0.216225 0.049870 0.182161 -0.063042 0.200165 0.193942
-0.089779 -0.049190 0.160094 0.426203 0.351765 1.000000 -0.156362 0.305927 0.403878 0.781448 -0.257910 0.166579 -0.262996 -0.026477 0.221283 0.398446 -0.221371 -0.372234 0.074191 0.061483 0.393484 0.475607 0.435550 0.372982 0.540529 0.606776 0.438942 0.454903 -0.179051 -0.056776 0.058290 0.178964 -0.198440 -0.066870 0.060888 0.260920 -0.140619 0.034678 0.129118 0.116753 0.155707 -0.000910 -0.384522 -0.201432 -0.384652 -0.156601 -0.136232 -0.279434 -0.293671 -0.362729 -0.112264 -0.174443 -0.332210 -0.224723 -0.010537 -0.013797 -0.229957 -0.333392 -0.235918 -0.020105 -0.404100 -0.234286 -0.320696 -0.457265 -0.083086 0.395033 -0.010287 -0.037007 0.080809 -0.057498 -0.175240 -0.079109 -0.314327 0.097542 0.000979 0.277256 -0.139455 0.005248 -0.436976 -0.423898 -0.241217 -0.293816 0.099926 0.141956 0.306505 0.192960 0.182997 0.302486 0.144746 0.039534 -0.097487 -0.078336 0.377203 0.145751 0.190585 0.138164 0.163519 0.091578 -0.191270 -0.226684 0.209878 0.098741 0.107182 0.103786 0.178048 0.247728 0.176879 -0.008196 0.163321 -0.080370 0.346798 -0.168357 -0.058454 0.273054 0.056040 0.136415
0.179554 -0.067935 0.609518 0.213738 0.122951 -0.156362 1.000000 0.611315 0.236595 -0.063549 0.200895 0.130826 0.161221 0.071217 -0.116107 -0.217594 -0.018254 0.035854 0.057017 -0.034152 -0.164660 -0.523911 0.335347 0.252131 -0.098373 -0.089876 -0.176534 -0.414554 -0.163316 -0.223867 0.096682 0.131341 0.085427 0.238013 -0.009720 -0.054504 -0.267777 -0.538813 -0.232898 -0.139412 -0.135072 -0.309851 -0.250065 -0.355856 -0.010533 -0.073580 -0.451927 -0.259867 -0.101542 -0.087277 -0.117847 -0.294225 -0.044880 0.040344 -0.130676 -0.548487 -0.023444 -0.123669 0.028832 -0.167413 0.463164 0.322884 0.207871 0.196520 0.459177 0.262804 -0.239460 -0.063531 -0.358322 -0.294517 -0.078253 -0.187106 0.022320 -0.074257 -0.079217 -0.106005 -0.232130 -0.150832 -0.138085 0.005161 -0.165243 -0.226256 -0.024531 0.172404 -0.228259 -0.311641 0.255921 -0.281046 0.059782 -0.077467 0.057751 0.219669 0.334212 0.496939 -0.095782 -0.121975 -0.346074 -0.250329 -0.303389 -0.058855 0.268595 0.294372 0.224353 0.238322 -0.013405 -0.114769 -0.126779 -0.082413 -0.005047 0.029842 -0.167644 -0.181174 0.079076 -0.198910 -0.136653 0.064187
0.109360 -0.008459 0.685454 0.655836 0.029455 0.305927 0.611315 1.000000 0.294616 0.272734 0.137768 0.412310 0.032253 0.143924 -0.006565 0.185345 -0.133141 -0.010978 0.142542 0.053136 -0.140182 -0.202446 0.458818 0.498122 0.006835 0.221197 -0.022607 -0.150727 -0.248943 -0.182002 0.218373 0.304920 -0.019224 0.261085 0.107440 -0.081878 -0.472120 -0.467628 -0.408945 -0.165807 -0.102421 -0.338655 -0.499885 -0.347125 -0.284359 -0.249032 -0.476028 -0.435456 -0.255054 -0.363160 -0.081008 -0.318126 -0.280605 -0.224981 -0.022159 -0.404614 -0.079629 -0.345750 -0.131326 -0.107158 0.232857 0.281661 0.057841 -0.140861 0.506583 0.665353 -0.285912 -0.078276 -0.317428 -0.381753 -0.145167 -0.158477 -0.351179 0.042065 -0.167658 0.032780 -0.193032 -0.077923 -0.421283 -0.243893 -0.410613 -0.468158 0.226225 0.431405 0.002753 -0.110468 0.249810 -0.044124 0.387605 0.149653 -0.078315 0.043336 0.447802 0.412670 -0.045736 -0.055181 -0.368461 -0.167482 -0.377072 -0.176821 0.482431 0.344466 0.334211 0.269948 0.088866 -0.011519 0.041425 0.054093 -0.015474 -0.151853 -0.177482 -0.355515 -0.122778 -0.079535 -0.034147 0.189923
-0.009084 -0.028644 0.264423 0.122970 0.610468 0.403878 0.236595 0.294616 1.000000 0.706177 0.270043 0.221421 0.106937 0.231945 0.536116 0.486498 -0.087267 -0.192216 0.079199 0.009473 0.244839 0.096562 0.386696 0.229118 0.599550 0.490595 0.114519 -0.058525 0.166194 0.014837 0.119879 0.177412 0.016129 0.253918 -0.065640 0.169070 0.039747 -0.131614 -0.050523 -0.115526 0.259061 0.027615 -0.375943 -0.157516 -0.193649 -0.144646 -0.285692 -0.239080 -0.275316 -0.240562 -0.186991 -0.285587 -0.280180 -0.141248 -0.537542 -0.458395 -0.298633 -0.239024 -0.116909 -0.108784 -0.046499 0.115481 -0.069624 -0.086053 0.053435 0.290107 -0.039308 -0.025943 -0.028738 -0.131105 -0.103829 -0.322941 -0.080561 0.238528 0.111415 0.208907 -0.027282 0.032436 -0.347890 -0.375573 0.106607 -0.009323 -0.052527 0.162441 0.127223 -0.043403 -0.157301 -0.167832 -0.172088 -0.425863 -0.174859 0.046141 0.212421 0.126622 0.146189 0.016916 -0.248102 -0.027846 -0.353423 -0.304889 0.131571 0.114390 -0.061318 0.034418 -0.125076 -0.006200 -0.112033 -0.146861 -0.037791 -0.052831 0.234825 -0.179615 0.091509 -0.054196 0.196249 0.221129
-0.103880 0.003204 0.140410 0.276517 0.503499 0.781448 -0.063549 0.272734 0.706177 1.000000 -0.066255 0.143245 -0.201411 0.038828 0.345414 0.507534 -0.180090 -0.332671 0.180700 0.216638 0.332718 0.371938 0.377000 0.289698 0.564820 0.544824 0.289891 0.231686 0.014270 0.138234 0.155011 0.192787 -0.055455 0.056966 0.014311 0.173381 -0.038133 0.084959 0.058509 0.062960 0.249543 0.037460 -0.424351 -0.260727 -0.437950 -0.236030 -0.193514 -0.301336 -0.327796 -0.373091 -0.206991 -0.292717 -0.413222 -0.237659 -0.288724 -0.205838 -0.364014 -0.276896 -0.256428 -0.033120 -0.375081 -0.122376 -0.367436 -0.405192 0.011103 0.304906 0.038865 0.044196 0.155852 0.064964 -0.157627 -0.170147 -0.183633 0.258708 0.066566 0.328231 -0.058548 0.052564 -0.354750 -0.459271 -0.025351 -0.056612 0.033838 0.247847 0.253905 0.098282 -0.007368 0.101681 -0.011283 -0.202639 -0.067006 0.029787 0.366716 0.171550 0.280538 0.181961 -0.054951 0.058524 -0.287501 -0.315931 0.266242 0.159820 0.106954 0.137332 0.122663 0.254958 0.080733 -0.089074 0.119730 -0.071604 0.188297 -0.160931 0.062168 0.219331 0.182045 0.202581
0.212156 0.154625 0.003246 -0.031685 0.001411 -0.257910 0.200895 0.137768 0.270043 -0.066255 1.000000 0.393394 0.663495 0.502178 0.147038 0.102002 0.234640 0.521249 -0.081254 -0.088736 -0.249886 -0.263400 -0.115472 -0.178530 -0.009128 0.020227 -0.326467 -0.307400 0.374486 0.085161 0.027347 0.022343 0.131062 0.467285 -0.159386 0.023445 -0.034738 -0.287178 -0.257742 -0.337638 0.136100 -0.019597 -0.290531 -0.131740 0.124230 0.027128 -0.453903 -0.238503 -0.005070 -0.004092 -0.045208 -0.204835 -0.093967 -0.276561 -0.482757 -0.554477 0.097212 0.145442 -0.013700 -0.141543 0.366726 0.448435 0.570281 0.544051 0.193174 0.205992 -0.171835 -0.098355 -0.058221 -0.100772 -0.302806 -0.425687 0.086737 0.059949 0.054917 0.160390 -0.126197 -0.053779 0.164192 0.115370 0.171956 0.155333 -0.127814 -0.064414 -0.079001 -0.068921 -0.223558 -0.273878 -0.117396 -0.226522 -0.203232 -0.030947 -0.184003 -0.147186 -0.006646 -0.213581 -0.592834 -0.235864 -0.363793 -0.368990 0.086661 0.072148 0.024098 0.045463 -0.348419 -0.286613 -0.096938 -0.072379 -0.123010 -0.201928 -0.208025 -0.307556 -0.114088 -0.294701 0.084451 0.032012
-0.010972 0.009126 0.248564 0.004387 -0.076634 0.166579 0.130826 0.412310 0.221421 0.143245 0.393394 1.000000 0.275412 0.607996 0.392545 0.448607 0.000736 0.316293 -0.289203 -0.336475 -0.055195 0.070492 0.023564 -0.149036 0.119220 0.139193 -0.207808 -0.325457 0.290975 0.281931 -0.064369 0.151240 0.033028 0.329025 0.133872 0.139034 -0.182085 -0.191261 -0.292921 -0.217101 0.109981 -0.018212 -0.251147 0.029624 0.082881 0.010882 -0.296635 -0.239612 0.077348 -0.038011 0.125064 0.041527 -0.133209 -0.127957 -0.122298 -0.255042 -0.034248 -0.197058 -0.093679 -0.250329 0.186812 0.354244 0.105330 0.047996 0.208440 0.581823 -0.219448 -0.137047 -0.352126 -0.308928 -0.100506 -0.039930 -0.052470 0.244897 0.021354 0.074239 0.067788 0.109192 -0.207132 0.083511 -0.180316 -0.150171 0.000559 0.065326 0.088488 0.023073 -0.087589 -0.207999 -0.039835 -0.193717 -0.316887 -0.348437 -0.031762 -0.118216 0.063918 -0.301954 -0.209700 0.074812 -0.261121 -0.307989 0.089462 0.043687 0.004080 -0.031966 -0.180172 -0.228772 -0.191033 -0.142895 -0.196991 -0.341388 0.004636 -0.237318 -0.284626 -0.002815 0.081437 0.149498
0.208003 0.069865 -0.014814 -0.051624 -0.166830 -0.262996 0.161221 0.032253 0.106937 -0.201411 0.663495 0.275412 1.000000 0.657143 0.112816 0.122961 0.423543 0.567345 -0.119507 -0.168796 -0.179950 -0.182899 -0.138519 -0.196408 -0.058729 0.034840 -0.474123 -0.279226 0.335892 0.113662 0.067770 0.005970 -0.013953 0.262686 -0.018796 -0.033735 -0.090051 -0.315176 -0.174530 -0.353791 0.034568 -0.076931 -0.244541 -0.216106 0.130825 -0.063151 -0.469334 -0.335683 0.025074 -0.074092 -0.072243 -0.157628 -0.079466 -0.302820 -0.168711 -0.407853 0.152001 0.076207 -0.027309 -0.218009 0.403978 0.368792 0.604997 0.476770 0.193417 0.093402 -0.193596 -0.200584 -0.059881 -0.238386 -0.130695 -0.286202 0.230066 0.062014 0.181316 -0.077768 -0.132275 -0.091130 0.186708 0.185996 0.103116 0.046831 -0.230627 -0.147471 -0.078053 0.032600 -0.114413 -0.266786 0.035273 -0.047668 -0.084015 -0.023958 -0.154472 -0.034849 -0.209062 -0.264138 -0.349014 -0.256467 -0.238792 -0.330690 0.063109 0.177022 0.061772 0.024527 -0.176728 -0.250414 -0.007822 -0.085715 -0.096932 -0.277329 -0.213452 -0.279551 -0.222928 -0.101385 -0.080004 -0.066551
0.060100 0.134469 -0.081740 -0.017604 -0.045708 -0.026477 0.071217 0.143924 0.231945 0.038828 0.502178 0.607996 0.657143 1.000000 0.309783 0.505249 0.301151 0.465503 -0.265013 -0.245456 0.046494 0.050761 -0.126295 -0.171288 0.127113 0.071895 -0.455062 -0.292617 0.278078 0.374918 -0.058333 -0.001707 -0.005097 0.234817 0.057097 0.075663 -0.121394 -0.364645 -0.220004 -0.323355 0.067783 0.110201 -0.392464 -0.164676 -0.114834 -0.173836 -0.414672 -0.419063 -0.169295 -0.235502 -0.172276 -0.150445 -0.149382 -0.225682 -0.130741 -0.373215 0.028329 -0.167634 -0.080007 -0.315897 0.368593 0.540984 0.355990 0.358819 0.166335 0.284547 -0.312794 -0.294899 -0.080204 -0.274974 0.017507 -0.149027 0.118228 0.317900 0.251377 -0.011693 0.067624 0.030841 0.032797 0.127913 0.085602 0.071032 -0.047190 0.049009 0.194667 0.147930 -0.080326 -0.203656 -0.035710 -0.085374 -0.160792 -0.227783 -0.107871 -0.123218 -0.070314 -0.248851 -0.275083 -0.114325 -0.336954 -0.312636 0.097053 0.201870 0.059936 0.019030 -0.133644 -0.122451 -0.004597 -0.068015 -0.082760 -0.351553 -0.052116 -0.309034 -0.225026 0.129078 -0.004960 0.031847
-0.183734 0.047289 0.070528 -0.234366 0.335268 0.221283 -0.116107 -0.006565 0.536116 0.345414 0.147038 0.392545 0.112816 0.309783 1.000000 0.657168 -0.167356 -0.157894 -0.171019 -0.307105 0.218793 0.350466 0.235546 -0.200547 0.445395 0.254162 0.192341 -0.087550 0.459255 0.287616 -0.251532 0.017496 -0.073300 0.215345 -0.130118 0.161647 0.234092 0.213320 0.149410 -0.032959 0.456540 0.171738 -0.037335 0.182418 -0.055157 -0.115879 0.071968 0.112133 -0.069810 -0.020153 -0.041447 0.065791 -0.095155 0.116968 -0.143746 0.023529 -0.335394 -0.187841 -0.116560 -0.173103 -0.097454 0.138198 -0.161876 -0.063630 -0.173798 0.185070 -0.098925 -0.177739 -0.134952 -0.201765 -0.125865 -0.081758 0.073117 0.388748 0.226754 0.124690 0.317395 0.277484 -0.203694 -0.168090 0.123929 0.032639 0.133756 -0.003083 0.334209 0.092624 -0.189980 -0.094666 -0.224649 -0.432379 -0.356959 -0.143890 -0.160433 -0.172044 0.222759 -0.082918 0.068971 0.377188 -0.070068 -0.056857 -0.244715 -0.139585 -0.308497 -0.272809 -0.288676 -0.193841 -0.232344 -0.234423 -0.103116 0.029524 0.330658 0.028352 0.052996 0.005892 0.191523 0.239361
0.100630 0.256818 0.043631 0.140433 0.368766 0.398446 -0.217594 0.185345 0.486498 0.507534 0.102002 0.448607 0.122961 0.505249 0.657168 1.000000 -0.092081 -0.103872 0.042621 0.000951 0.168827 0.328766 0.088960 -0.064222 0.375873 0.169685 0.088169 -0.061294 0.139333 0.259462 -0.279714 -0.104009 -0.102956 0.084717 -0.061775 0.156420 0.061058 -0.009318 -0.057601 -0.132429 0.186560 0.087335 -0.288073 -0.020654 -0.304783 -0.308014 -0.111655 -0.181600 -0.224991 -0.270309 -0.199016 -0.084530 -0.159633 -0.127161 -0.051026 -0.109962 -0.188945 -0.195265 0.077323 0.078124 -0.033785 0.288456 -0.128053 -0.120500 -0.182080 0.233020 0.049518 -0.202983 0.143141 -0.058278 -0.160656 -0.284209 -0.231005 0.270992 0.060864 0.091461 0.102410 0.080778 -0.174547 -0.289381 0.016660 -0.015617 0.147882 0.225266 0.259969 0.116177 -0.073481 0.094480 -0.009284 -0.151135 -0.179417 -0.168741 0.014041 -0.061433 0.143942 0.043674 -0.025142 0.201623 -0.137235 -0.167895 0.031787 0.085829 -0.047921 -0.117220 -0.096437 -0.104173 -0.008870 -0.045685 0.040170 -0.204946 0.129538 -0.128407 -0.126309 0.189981 0.163042 0.252367
0.397608 0.126440 -0.148643 -0.062840 -0.380433 -0.221371 -0.018254 -0.133141 -0.087267 -0.180090 0.234640 0.000736 0.423543 0.301151 -0.167356 -0.092081 1.000000 0.587150 -0.037049 0.083871 0.010851 -0.038501 -0.265325 -0.134023 -0.203977 -0.043611 -0.422603 -0.049889 0.196737 0.382639 0.122841 -0.001552 0.090963 0.074111 -0.029669 -0.196488 0.150779 -0.062075 0.039221 -0.007055 0.066572 0.269880 -0.214198 -0.330155 -0.144014 -0.270267 -0.359804 -0.380931 -0.202727 -0.313509 -0.282669 -0.327453 -0.167254 -0.267637 0.056011 -0.279344 0.415881 0.237810 -0.034199 -0.158962 0.303778 0.192411 0.466958 0.439620 0.106512 -0.156021 -0.095593 -0.196486 0.127222 -0.049838 0.048712 -0.037151 0.482587 0.210742 0.309922 0.021285 0.068537 -0.024373 0.377812 0.341898 0.400201 0.373407 -0.149398 -0.067813 -0.006045 0.122249 -0.024754 0.052500 0.108147 0.158477 0.016649 -0.087848 -0.222073 -0.067966 -0.271009 -0.044854 -0.168328 -0.255668 -0.340712 -0.327487 0.014346 0.226062 0.109751 0.081190 -0.060061 -0.136731 0.289684 0.068608 -0.022766 -0.214961 -0.184134 -0.403461 -0.237172 0.090391 -0.273071 -0.266833
0.205538 0.103765 -0.060641 -0.135784 -0.430995 -0.372234 0.035854 -0.010978 -0.192216 -0.332671 0.521249 0.316293 0.567345 0.465503 -0.157894 -0.103872 0.587150 1.000000 -0.117714 -0.046141 -0.177116 -0.161660 -0.259724 -0.273366 -0.156591 -0.021952 -0.639731 -0.400624 0.433293 0.419640 0.159279 0.171188 0.116716 0.334356 0.128677 0.001167 -0.033325 -0.254391 -0.192309 -0.120949 0.037613 -0.073358 -0.167131 -0.222784 0.103382 -0.125817 -0.359636 -0.295623 -0.009997 -0.110357 -0.130372 -0.152739 -0.104701 -0.232184 -0.115296 -0.341427 0.417196 0.283682 -0.034570 -0.277715 0.388011 0.311713 0.514161 0.528917 0.217635 0.014281 -0.300339 -0.270023 -0.010366 -0.163410 -0.102358 0.076698 0.370432 0.114109 0.173196 -0.078107 -0.079661 -0.085317 0.468736 0.607500 0.207869 0.324631 -0.212587 -0.285265 -0.165560 -0.118021 -0.074327 -0.246725 0.072041 0.031560 0.061758 -0.129169 -0.285533 -0.121589 -0.211762 -0.379560 -0.238026 -0.250113 -0.187721 -0.290320 0.111121 0.115153 0.106120 0.096625 -0.053185 -0.145006 0.031473 -0.005770 -0.237709 -0.186043 -0.207700 -0.334896 -0.314375 -0.057099 -0.219780 -0.236042
0.336497 0.578756 0.145399 0.482667 0.154842 0.074191 0.057017 0.142542 0.079199 0.180700 -0.081254 -0.289203 -0.119507 -0.265013 -0.171019 0.042621 -0.037049 -0.117714 1.000000 0.775416 -0.142042 -0.071503 0.135653 0.264594 -0.087454 -0.000963 0.139225 0.170663 -0.191778 -0.220951 0.098671 -0.103969 -0.045576 -0.104935 -0.098584 0.053625 0.054023 -0.024172 -0.043792 -0.009519 0.000454 -0.034343 -0.327328 -0.325996 -0.381097 -0.396955 -0.199852 -0.188848 -0.469629 -0.352035 -0.453756 -0.395877 -0.187382 -0.189342 -0.169452 -0.195206 0.105840 0.322135 0.162760 0.376987 -0.113014 0.076498 -0.115418 -0.101980 -0.082217 -0.161855 0.336217 0.020441 0.642061 0.170294 -0.282582 -0.351909 -0.190870 -0.042910 0.122678 0.219932 0.027586 0.017089 0.056955 -0.342325 0.083278 0.079959 0.273778 0.358329 0.040344 -0.007864 0.143071 0.114748 0.377524 0.235132 0.160389 0.305100 0.044651 0.106252 -0.094259 0.196744 -0.162697 -0.335419 -0.137120 -0.074880 0.150016 0.100669 0.095461 0.044525 -0.002283 -0.000097 0.297465 0.209342 0.167790 -0.005841 -0.128146 -0.212452 0.115754 0.326885 -0.108585 -0.153990
0.250879 0.514812 -0.042374 0.493740 0.187471 0.061483 -0.034152 0.053136 0.009473 0.216638 -0.088736 -0.336475 -0.168796 -0.245456 -0.307105 0.000951 0.083871 -0.046141 0.775416 1.000000 -0.224313 -0.027382 0.078838 0.336978 -0.063702 -0.023141 0.153135 0.243376 -0.180025 -0.101155 0.181694 -0.070360 -0.030349 -0.085905 -0.042957 0.009294 -0.006241 0.030558 -0.213341 0.108240 -0.199820 -0.102897 -0.327361 -0.381795 -0.459199 -0.454420 -0.190392 -0.262057 -0.445285 -0.426862 -0.417565 -0.434234 -0.294067 -0.357110 -0.262430 -0.234461 -0.009257 0.274174 0.182719 0.435170 -0.111787 0.039694 -0.111806 -0.129453 -0.055897 -0.134152 0.324620 0.105386 0.691841 0.524071 -0.172710 -0.163020 -0.166728 -0.168771 -0.029229 0.079449 -0.021399 0.006295 0.117364 -0.217570 0.200053 0.219208 0.044211 0.392301 0.000063 0.090750 0.034170 0.151229 0.282583 0.215653 0.207252 0.173266 0.025899 0.071014 -0.005450 0.078012 -0.243416 -0.389854 -0.270119 -0.272505 0.238527 0.064833 0.139603 0.090955 0.145719 0.246702 0.250682 0.351333 -0.077644 -0.120237 -0.233734 -0.302153 -0.002846 0.292207 0.141741 -0.032976
-0.194218 -0.169859 -0.212069 -0.233062 0.157824 0.393484 -0.164660 -0.140182 0.244839 0.332718 -0.249886 -0.055195 -0.179950 0.046494 0.218793 0.168827 0.010851 -0.177116 -0.142042 -0.224313 1.000000 0.532048 0.139095 -0.047973 0.404135 0.391157 0.092900 0.084665 0.172270 0.237846 0.156191 0.259346 0.167509 0.250996 0.096005 0.268986 0.320750 0.255998 0.489473 0.305821 0.375426 0.356846 -0.148694 -0.086365 -0.279465 -0.135406 0.085846 -0.152875 -0.247305 -0.199035 -0.226762 -0.159380 -0.242278 0.036796 0.051615 0.140327 -0.191334 -0.297621 -0.311688 -0.349044 -0.230256 -0.226883 -0.087471 -0.039004 -0.260324 -0.002559 -0.176207 -0.128290 -0.068966 -0.150464 0.017761 0.230657 0.166724 0.357058 0.342697 0.404162 0.234299 0.182378 0.091421 -0.018826 0.260287 0.208194 0.058775 -0.115234 0.289776 0.055145 0.066559 0.097108 -0.324074 -0.189671 -0.281263 -0.198608 0.119198 -0.005797 0.292175 0.330371 0.346609 0.302323 -0.173378 -0.063682 0.009493 0.117238 -0.000877 0.104008 0.118370 0.145322 0.170941 0.085628 0.238390 0.212714 0.433940 -0.019081 -0.034718 0.172185 -0.029028 0.017646
-0.273413 -0.072580 -0.202092 -0.113026 -0.021284 0.475607 -0.523911 -0.202446 0.096562 0.371938 -0.263400 0.070492 -0.182899 0.050761 0.350466 0.328766 -0.038501 -0.161660 -0.071503 -0.027382 0.532048 1.000000 0.078999 -0.120332 0.390445 0.385819 0.217593 0.316845 0.150844 0.337635 0.104497 0.226898 0.010531 0.080011 0.205303 0.360765 0.116136 0.392697 0.274785 0.205729 0.306928 0.346495 -0.103727 0.080429 -0.228678 -0.080063 0.188885 -0.063307 -0.113856 -0.124129 -0.087738 0.065595 -0.350344 -0.142097 0.076173 0.350766 -0.197944 -0.243181 -0.337568 -0.180885 -0.514360 -0.360607 -0.330308 -0.341846 -0.306928 0.089621 -0.013130 -0.048701 0.069381 0.037132 0.077137 0.262705 -0.005698 0.311730 0.195924 0.317106 0.234415 0.202445 -0.076484 -0.068357 0.088023 0.103078 0.087138 -0.153162 0.348275 0.222786 -0.247916 0.063915 -0.115380 -0.083147 -0.292582 -0.287733 -0.048670 -0.168512 0.201130 0.095275 0.483209 0.286690 -0.040740 -0.067891 0.040696 0.039642 0.018161 0.076859 0.234696 0.350010 0.152638 0.087102 0.056866 -0.045637 0.479326 -0.081795 -0.094377 0.201057 0.164438 0.134507
-0.331968 -0.235829 0.497527 0.490444 0.239240 0.435550 0.335347 0.458818 0.386696 0.377000 -0.115472 0.023564 -0.138519 -0.126295 0.235546 0.088960 -0.265325 -0.259724 0.135653 0.078838 0.139095 0.078999 1.000000 0.703527 0.495388 0.563082 0.263470 0.207722 -0.008383 -0.085344 0.311671 0.507385 -0.039720 0.252832 0.142827 0.080167 -0.384144 -0.183616 -0.092841 0.120966 -0.030166 -0.187650 -0.328042 -0.250197 -0.256353 -0.187113 -0.221784 -0.263615 -0.239579 -0.236864 -0.025682 -0.219167 -0.325057 -0.168947 -0.204489 -0.217244 -0.387840 -0.404062 -0.277632 -0.269921 -0.182129 -0.180236 -0.239928 -0.364475 0.297317 0.387270 -0.202262 -0.055818 -0.199757 -0.281780 -0.066473 0.051085 -0.131562 0.154901 0.082157 0.022660 -0.108987 -0.022892 -0.386205 -0.338527 -0.360077 -0.419332 0.049726 0.112811 0.277717 0.034573 0.193165 -0.067298 0.175724 -0.103613 -0.244682 -0.037119 0.270872 0.256599 0.213600 -0.142185 -0.061156 0.026067 -0.259342 -0.155276 0.261185 0.132819 0.041932 0.087014 0.093379 0.152212 -0.125619 -0.072714 0.014689 0.027379 0.253006 -0.244923 0.130122 0.019740 0.055759 0.141008
-0.233388 -0.115701 0.313382 0.767111 0.163553 0.372982 0.252131 0.498122 0.229118 0.289698 -0.178530 -0.149036 -0.196408 -0.171288 -0.200547 -0.064222 -0.134023 -0.273366 0.264594 0.336978 -0.047973 -0.120332 0.703527 1.000000 0.219378 0.455284 0.242753 0.401679 -0.352972 -0.260928 0.399372 0.421884 -0.116543 -0.002215 0.159212 -0.128896 -0.391539 -0.200178 -0.201006 0.093543 -0.188371 -0.156746 -0.399217 -0.321068 -0.383395 -0.282872 -0.240416 -0.346367 -0.393764 -0.374629 -0.078371 -0.321618 -0.251721 -0.283934 -0.121488 -0.184897 -0.257772 -0.333384 -0.192136 0.029767 -0.160127 -0.142664 -0.125538 -0.330481 0.262435 0.317333 0.000088 0.103583 0.025611 -0.098207 0.057857 -0.021611 -0.257280 -0.082023 -0.020519 0.022440 -0.137662 -0.025129 -0.384290 -0.348856 -0.306147 -0.381480 0.181100 0.440036 0.255827 0.295010 0.300549 0.246070 0.393341 0.278046 -0.151976 -0.046308 0.223366 0.112932 -0.003044 -0.071691 -0.230697 -0.299941 -0.343398 -0.225109 0.282105 0.060128 0.089562 0.070715 0.095389 0.180977 0.093060 0.045570 0.021425 -0.068935 -0.025662 -0.317340 0.023274 0.055233 -0.046465 -0.077444
-0.299436 -0.263575 -0.010391 0.056222 0.634839 0.540529 -0.098373 0.006835 0.599550 0.564820 -0.009128 0.119220 -0.058729 0.127113 0.445395 0.375873 -0.203977 -0.156591 -0.087454 -0.063702 0.404135 0.390445 0.495388 0.219378 1.000000 0.715675 0.098838 0.063532 0.291843 0.150232 0.139557 0.379689 -0.186455 0.176116 0.132094 0.504776 -0.048625 0.008477 0.072555 0.083156 0.263097 0.137994 -0.241115 0.004663 -0.034543 0.097049 -0.049988 -0.154799 -0.185971 -0.056073 -0.045123 0.025638 -0.177650 -0.055482 -0.404384 -0.152338 -0.365295 -0.344047 -0.191406 -0.243403 -0.349474 -0.247273 -0.324136 -0.318748 -0.180861 0.237584 -0.112980 -0.023296 -0.033389 -0.061624 -0.106763 -0.005386 -0.054280 0.149956 0.029680 0.105912 -0.096226 -0.096962 -0.163407 -0.254343 -0.008996 0.003234 -0.220417 -0.200308 0.195960 -0.051091 -0.137649 -0.162319 -0.342780 -0.517695 -0.174511 -0.086309 0.137497 0.066439 0.287368 -0.022223 0.105573 0.137869 -0.148743 -0.174023 0.044784 0.016004 -0.142051 0.078187 0.041529 0.259486 -0.171730 -0.217855 -0.004494 -0.074678 0.498490 -0.169248 -0.017839 -0.020824 0.074841 0.134972
-0.388919 -0.325787 0.055975 0.278807 0.199788 0.606776 -0.089876 0.221197 0.490595 0.544824 0.020227 0.139193 0.034840 0.071895 0.254162 0.169685 -0.043611 -0.021952 -0.000963 -0.023141 0.391157 0.385819 0.563082 0.455284 0.715675 1.000000 0.066183 0.263833 0.272992 0.181057 0.467922 0.685778 -0.172697 0.270405 0.252419 0.268052 -0.194477 -0.024610 -0.042023 -0.080958 0.253070 0.098237 -0.355343 -0.069868 -0.131436 -0.001301 -0.196242 -0.350186 -0.236589 -0.259234 0.079794 -0.124022 -0.328184 -0.321269 -0.290150 -0.182209 -0.320091 -0.388797 -0.419107 -0.358270 -0.376851 -0.337556 -0.062756 -0.258091 0.059438 0.378641 -0.193063 0.073263 -0.103734 -0.262769 -0.114876 0.118442 -0.050743 0.276948 0.119879 0.257056 -0.104731 0.054490 -0.232051 -0.204052 -0.098550 -0.115185 0.011446 0.044125 0.382344 0.181293 0.022810 0.008569 0.005405 -0.189504 -0.289143 -0.198829 0.112335 -0.046934 -0.009714 -0.068575 -0.047471 -0.058185 -0.286072 -0.397936 0.171032 0.010655 -0.089175 0.034382 0.040016 0.169420 -0.021393 -0.212273 -0.031922 -0.133310 0.387809 -0.317698 -0.183607 0.021896 -0.173331 -0.081555
-0.093716 0.056699 0.131374 0.219869 0.264060 0.438942 -0.176534 -0.022607 0.114519 0.289891 -0.326467 -0.207808 -0.474123 -0.455062 0.192341 0.088169 -0.422603 -0.639731 0.139225 0.153135 0.092900 0.217593 0.263470 0.242753 0.098838 0.066183 1.000000 0.609870 -0.349939 -0.307873 -0.086543 -0.067107 -0.010600 -0.095161 -0.141388 -0.033171 0.073795 0.335443 0.194106 0.266329 0.019117 0.005031 0.141745 0.059771 -0.176168 -0.091754 0.280580 0.201464 -0.104766 0.000341 0.063256 0.027877 0.031171 0.110964 0.100060 0.333599 -0.202217 -0.031317 -0.017316 0.293707 -0.382278 -0.173099 -0.377111 -0.315672 -0.166521 0.098547 0.204204 0.051112 0.139871 0.150231 -0.017739 -0.102667 -0.312270 -0.272938 -0.184086 0.060983 -0.011401 0.100620 -0.263133 -0.354096 -0.084136 -0.111047 0.241751 0.234823 0.199896 0.216341 0.103625 0.320292 0.091777 0.063194 -0.154069 -0.086347 0.002496 -0.162184 0.211391 0.244587 0.211623 0.215078 0.066864 -0.011734 -0.206010 -0.356352 -0.255326 -0.305672 -0.132320 -0.080447 -0.090589 0.001843 0.034022 0.167318 0.131108 0.181542 0.170209 0.076988 0.298780 0.107517
-0.149508 -0.036417 -0.114580 0.343256 -0.066341 0.454903 -0.414554 -0.150727 -0.058525 0.231686 -0.307400 -0.325457 -0.279226 -0.292617 -0.087550 -0.061294 -0.049889 -0.400624 0.170663 0.243376 0.084665 0.316845 0.207722 0.401679 0.063532 0.263833 0.609870 1.000000 -0.372373 -0.193881 0.166147 -0.010603 -0.110419 -0.268019 -0.097618 -0.172706 -0.082824 0.307014 0.193896 0.190370 0.003216 0.148533 -0.135188 -0.097363 -0.321135 -0.162771 0.043807 -0.109748 -0.269610 -0.259600 0.000878 -0.138312 -0.221699 -0.288658 0.068291 0.240220 -0.016151 -0.021299 -0.219061 0.180128 -0.454806 -0.300119 -0.238916 -0.266374 -0.171459 0.030300 0.166618 0.145332 0.256359 0.122713 0.149127 -0.018528 -0.096717 -0.033010 0.160704 0.214989 0.101934 0.184744 -0.284723 -0.331608 -0.144242 -0.179580 0.180248 0.249220 0.372043 0.577375 0.105376 0.482279 0.247807 0.398564 -0.144462 -0.141178 0.003863 -0.184749 0.073097 0.216543 0.142149 -0.055646 -0.110479 -0.162816 -0.003527 -0.149243 0.019917 -0.032481 0.118921 0.212288 0.273328 0.183214 0.134332 0.025078 0.089439 -0.116907 0.092071 0.251716 0.134923 -0.066895
-0.263325 -0.057437 -0.264090 -0.469299 0.066074 -0.179051 -0.163316 -0.248943 0.166194 0.014270 0.374486 0.290975 0.335892 0.278078 0.459255 0.139333 0.196737 0.433293 -0.191778 -0.180025 0.172270 0.150844 -0.008383 -0.352972 0.291843 0.272992 -0.349939 -0.372373 1.000000 0.555357 0.100495 0.312833 0.128183 0.453779 0.079672 0.187884 0.314177 0.190085 0.037299 -0.073153 0.474393 0.244515 0.062062 0.196139 0.221877 0.102154 0.043541 0.070570 0.113015 0.147572 -0.004842 0.072461 -0.080516 -0.020391 -0.330780 -0.119725 -0.172187 0.037948 -0.200040 -0.375718 -0.017870 0.010481 0.198287 0.245346 -0.082919 -0.082044 -0.243163 -0.163861 -0.051326 -0.101597 -0.176401 0.219921 0.462682 0.374136 0.311466 0.102520 0.182149 0.110097 0.318085 0.272234 0.420145 0.413580 -0.065884 -0.240105 0.121042 -0.062783 -0.279519 -0.325883 -0.411844 -0.605183 -0.222575 -0.196217 -0.355545 -0.312866 0.104249 -0.274678 -0.126728 0.252526 -0.081391 -0.257904 -0.211469 -0.176392 -0.314861 -0.193804 -0.224496 -0.139578 -0.291894 -0.283061 -0.259494 -0.095108 0.179862 -0.057194 -0.144969 -0.030952 -0.047669 -0.023345
-0.210489 -0.053743 -0.304816 -0.327036 -0.191113 -0.056776 -0.223867 -0.182002 0.014837 0.138234 0.085161 0.281931 0.113662 0.374918 0.287616 0.259462 0.382639 0.419640 -0.220951 -0.101155 0.237846 0.337635 -0.085344 -0.260928 0.150232 0.181057 -0.307873 -0.193881 0.555357 1.000000 0.222153 0.298844 0.159057 0.277607 0.194861 0.018518 0.199614 0.229398 0.085195 0.086096 0.371496 0.400362 -0.103161 -0.133211 -0.181409 -0.191303 -0.050878 -0.223937 -0.151787 -0.195288 -0.185503 -0.143011 -0.261831 -0.099201 0.061296 -0.002980 -0.028433 -0.017107 -0.373803 -0.408490 -0.012409 0.056973 0.022257 0.116341 0.080460 -0.055321 -0.268133 -0.198269 0.045287 -0.037202 0.079328 0.294932 0.501496 0.529410 0.413056 0.183360 0.261228 0.192945 0.404817 0.416195 0.415457 0.503473 -0.004502 -0.071078 0.268951 0.140137 -0.075608 -0.048436 -0.068942 -0.168851 -0.133535 -0.264007 -0.257016 -0.233466 0.069807 -0.065643 0.083588 0.089994 -0.177670 -0.273543 -0.017109 0.018439 -0.066998 -0.102059 -0.048674 -0.034824 -0.014279 -0.248008 -0.045041 -0.083319 0.028535 -0.163133 -0.103642 0.180798 -0.118064 -0.082620
-0.259120 -0.275775 -0.002759 0.186237 -0.225241 0.058290 0.096682 0.218373 0.119879 0.155011 0.027347 -0.064369 0.067770 -0.058333 -0.251532 -0.279714 0.122841 0.159279 0.098671 0.181694 0.156191 0.104497 0.311671 0.399372 0.139557 0.467922 -0.086543 0.166147 0.100495 0.222153 1.000000 0.718251 0.303838 0.452741 0.448857 -0.013848 -0.130249 -0.024041 -0.150642 0.073398 0.058789 -0.021294 -0.237029 -0.253168 -0.180602 -0.144224 -0.251380 -0.441241 -0.228825 -0.313737 -0.039275 -0.380587 -0.559289 -0.439915 -0.251759 -0.189998 -0.082979 -0.139646 -0.555504 -0.427946 -0.106025 -0.200292 0.034420 -0.028979 0.504131 0.178165 -0.360914 -0.085345 -0.047137 -0.047062 0.161277 0.320473 0.181974 0.149527 0.213595 0.211411 0.038207 0.107478 0.031660 0.170469 0.110437 0.094444 -0.028214 0.142893 0.208661 0.179174 0.075669 -0.035929 0.147460 0.037331 -0.200943 -0.270237 0.103751 0.035571 0.015461 -0.065497 -0.193681 -0.189813 -0.411610 -0.472522 0.336788 0.078598 0.109863 0.094219 0.168423 0.190644 0.052950 0.042694 -0.136842 -0.120445 0.006604 -0.361755 -0.128265 0.084994 0.055010 0.004011
-0.512030 -0.395193 0.135393 0.120992 -0.114477 0.178964 0.131341 0.304920 0.177412 0.192787 0.022343 0.151240 0.005970 -0.001707 0.017496 -0.104009 -0.001552 0.171188 -0.103969 -0.070360 0.259346 0.226898 0.507385 0.421884 0.379689 0.685778 -0.067107 -0.010603 0.312833 0.298844 0.718251 1.000000 0.129681 0.559477 0.511901 0.164594 -0.217305 -0.020358 -0.119466 0.052388 0.168052 0.108217 -0.192362 -0.101194 -0.002661 0.005645 -0.140017 -0.299418 -0.063969 -0.062102 0.146442 -0.097056 -0.302172 -0.194139 -0.167707 -0.094814 -0.295035 -0.367678 -0.533796 -0.555636 -0.202746 -0.318892 -0.020598 -0.158909 0.386410 0.311646 -0.437439 -0.042324 -0.291935 -0.353626 0.059888 0.377580 0.151161 0.189545 0.147566 0.178479 -0.050666 0.091459 -0.047720 0.143843 -0.072291 0.019760 0.063600 0.065442 0.259757 0.063319 0.067844 -0.134610 0.000626 -0.200411 -0.342373 -0.326046 0.010439 -0.088407 -0.038981 -0.238773 -0.074870 -0.015232 -0.260859 -0.380348 0.096463 -0.086499 -0.168576 -0.102892 -0.002083 0.045330 -0.111749 -0.151804 -0.166539 -0.095709 0.247739 -0.269259 -0.267642 -0.131829 -0.160749 -0.158390
0.103110 0.078878 -0.060850 -0.147791 -0.141382 -0.198440 0.085427 -0.019224 0.016129 -0.055455 0.131062 0.033028 -0.013953 -0.005097 -0.073300 -0.102956 0.090963 0.116716 -0.045576 -0.030349 0.167509 0.010531 -0.039720 -0.116543 -0.186455 -0.172697 -0.010600 -0.110419 0.128183 0.159057 0.303838 0.129681 1.000000 0.584244 0.065954 -0.147481 0.255988 0.086092 0.274996 0.075310 0.185162 0.000618 -0.011078 -0.098964 -0.119232 -0.144635 -0.039506 -0.059220 -0.061749 -0.115292 -0.123638 -0.198511 -0.131231 0.044189 -0.017886 0.045528 0.081452 0.113240 -0.294205 -0.316083 0.038834 0.111495 0.136072 0.382923 0.155368 -0.075963 -0.230319 -0.256167 -0.051860 0.080296 -0.026876 0.134814 0.148287 0.241614 0.229984 0.110088 0.227654 0.162548 0.177105 0.325696 0.292824 0.267001 0.093668 -0.028401 0.066809 -0.040231 0.011701 0.008143 -0.172566 -0.084258 -0.205500 -0.141348 -0.082286 -0.132493 0.318788 0.097848 -0.100929 0.169528 -0.097201 -0.039177 -0.048305 -0.014572 -0.035130 -0.077833 -0.252676 -0.067418 -0.158245 0.042027 0.171435 -0.109042 -0.064542 -0.011198 0.176457 0.100920 0.285054 0.300120
-0.076574 -0.054247 0.097726 -0.092881 -0.008606 -0.066870 0.238013 0.261085 0.253918 0.056966 0.467285 0.329025 0.262686 0.234817 0.215345 0.084717 0.074111 0.334356 -0.104935 -0.085905 0.250996 0.080011 0.252832 -0.002215 0.176116 0.270405 -0.095161 -0.268019 0.453779 0.277607 0.452741 0.559477 0.584244 1.000000 0.128615 0.134000 0.086192 0.000072 0.012977 -0.022154 0.294017 0.035883 -0.267246 -0.189481 -0.049173 -0.182456 -0.296991 -0.323466 -0.061841 -0.131855 -0.067845 -0.259510 -0.293714 -0.198704 -0.312432 -0.253088 -0.141500 -0.127595 -0.353081 -0.504081 0.128068 0.167519 0.260154 0.346083 0.294467 0.301261 -0.389762 -0.175179 -0.273875 -0.189794 -0.265150 0.101042 0.166108 0.257650 0.220038 0.262118 0.107463 0.180701 0.162071 0.260007 0.257371 0.245360 0.062018 0.033492 0.183999 -0.042933 -0.062314 -0.238668 -0.246161 -0.382541 -0.489728 -0.373052 -0.164860 -0.166106 0.267558 -0.094794 -0.284025 0.129383 -0.391505 -0.417772 0.038998 -0.030514 -0.097939 -0.061025 -0.302585 -0.175117 -0.169102 -0.016543 -0.056706 -0.147764 0.104867 -0.250270 -0.096259 -0.176939 0.156607 0.175584
-0.220535 -0.220248 0.014443 0.016754 -0.227896 0.060888 -0.009720 0.107440 -0.065640 0.014311 -0.159386 0.133872 -0.018796 0.057097 -0.130118 -0.061775 -0.029669 0.128677 -0.098584 -0.042957 0.096005 0.205303 0.142827 0.159212 0.132094 0.252419 -0.141388 -0.097618 0.079672 0.194861 0.448857 0.511901 0.065954 0.128615 1.000000 0.314289 -0.205433 -0.091250 -0.127940 0.070162 -0.126755 -0.103526 0.064014 0.104585 0.146736 0.154747 0.107394 -0.011768 0.131850 0.111373 0.195453 0.153052 -0.172137 -0.013965 0.013403 0.078972 -0.015920 -0.158613 -0.266223 -0.312631 -0.142493 -0.263334 -0.103154 -0.222812 0.235458 0.111990 -0.183722 -0.080275 -0.108709 -0.047859 0.317891 0.417165 0.014595 0.068880 -0.055641 -0.030767 -0.022451 -0.052011 -0.088207 0.102733 -0.222623 -0.162016 -0.155279 -0.116141 -0.100051 -0.171318 -0.099893 -0.137220 0.064375 -0.071943 -0.023057 -0.224927 0.004502 0.015000 -0.015942 -0.265082 0.154005 0.069245 -0.010075 -0.151240 0.086157 -0.045304 -0.053943 -0.081854 0.191224 0.200945 -0.070132 0.012088 -0.251782 -0.097978 0.175412 -0.159003 -0.244253 0.106527 0.029219 -0.062455
-0.035807 -0.032475 0.060047 -0.121040 0.303306 0.260920 -0.054504 -0.081878 0.169070 0.173381 0.023445 0.139034 -0.033735 0.075663 0.161647 0.156420 -0.196488 0.001167 0.053625 0.009294 0.268986 0.360765 0.080167 -0.128896 0.504776 0.268052 -0.033171 -0.172706 0.187884 0.018518 -0.013848 0.164594 -0.147481 0.134000 0.314289 1.000000 0.044132 0.048226 0.046438 0.107175 -0.073070 -0.034732 -0.032484 0.079089 0.217717 0.224776 0.126383 0.052599 0.107730 0.220183 0.031330 0.200820 -0.034943 0.053483 -0.336213 -0.006947 -0.097035 -0.085322 0.007388 -0.201874 -0.252567 -0.221921 -0.275747 -0.250219 -0.325941 0.137715 -0.040904 0.053362 0.090285 0.020697 -0.078969 0.030904 -0.055459 -0.078463 -0.094259 0.199240 -0.069918 -0.049659 0.024463 -0.084259 -0.057978 0.035787 -0.262713 -0.361218 -0.195932 -0.307563 -0.316335 -0.297611 -0.411925 -0.468465 -0.035448 -0.055678 0.051155 0.031225 0.110847 -0.128000 0.315004 0.042588 0.083162 -0.112357 -0.025751 -0.004502 -0.107604 0.045727 0.037953 0.259766 0.047982 0.021486 -0.123229 -0.054881 0.593372 0.024262 -0.112332 -0.059875 -0.078727 -0.148442
