1.000000 0.371792 -0.037735 -0.040065 0.041148 -0.140728 -0.193102 -0.160968 -0.062695 -0.278164 0.369508 -0.055419 0.111569 -0.030924 0.244433 0.027081 0.417002 0.165298 0.043967 0.066675 0.113306 0.103950 0.064837 -0.068759 -0.172350 -0.372885 0.220566 -0.284956 0.194583 -0.000241 0.033749 -0.104796 0.119413 -0.025545 -0.491518 -0.429660 -0.092470 -0.062350 -0.075885 -0.121553 0.096635 -0.098910 -0.041610 -0.001556 -0.251297 -0.285501 0.106036 0.067738 -0.185025 -0.037076 -0.184309 0.029608 0.161590 -0.000248 0.086930 -0.021188 0.754999 0.517171 0.338739 0.255663 0.208346 0.223769 -0.061869 0.165258 -0.461970 -0.403395 0.093940 -0.545099 0.475126 0.036908 -0.248607 0.004564 -0.143217 0.041375 -0.144026 0.237709 0.158140 0.058796 -0.085413 0.124281 0.232430 0.167328 0.252063 0.189106 -0.193646 -0.287221 0.061589 0.244191 0.201341 0.166661 0.005114 -0.108987 -0.111247 0.037331 -0.056919 0.170746 0.121006 0.060461 0.288935 0.550181 0.115491 -0.053813 0.060127 -0.066392 -0.223375 -0.140453 0.072175 0.239630 0.043299 0.100333 -0.200318 0.205742 0.340624 0.354528 0.261939 0.252477
0.371792 1.000000 -0.037924 0.090471 0.129423 -0.255835 0.054281 0.211715 0.112515 -0.003441 0.121754 0.337955 -0.065225 0.181026 0.017993 0.270210 0.155480 0.058338 0.183865 0.301043 0.004934 -0.119441 -0.275323 -0.299910 -0.188878 -0.442016 -0.118161 -0.432281 0.086967 -0.042676 -0.295889 -0.424425 0.124285 0.197713 -0.422891 -0.286416 0.080676 -0.047593 0.010270 -0.151703 -0.014260 -0.201564 -0.150319 -0.225451 -0.097292 -0.271265 -0.113271 -0.224115 0.057588 0.075937 -0.119475 0.187057 0.259300 -0.164320 0.059237 -0.287952 0.111204 0.483144 0.267980 0.536907 0.164628 0.443872 -0.046569 0.273364 -0.465242 -0.205113 0.270772 -0.078806 0.613409 0.284229 -0.244158 -0.122555 0.027641 -0.111018 0.007360 0.025888 -0.149056 -0.097713 -0.149760 -0.020514 -0.034202 -0.092795 0.160541 0.083199 -0.381907 -0.357177 0.108183 -0.017306 -0.028364 -0.009831 0.333598 -0.054881 0.052208 0.103744 -0.151406 0.076141 -0.126196 -0.031851 0.009486 0.122548 0.247263 0.141558 0.277247 0.218182 0.158300 0.100532 0.104462 -0.001995 0.171699 0.045283 -0.293507 0.195609 0.270677 0.152784 0.082465 0.057091
-0.037735 -0.037924 1.000000 0.624342 0.635178 0.403931 0.741447 0.536123 0.223988 0.336348 -0.032325 0.056907 0.221578 0.075670 0.087979 -0.014512 -0.365010 -0.468010 0.170657 0.063241 -0.161598 -0.059130 0.617604 0.304314 0.362842 0.028919 0.432034 -0.093890 -0.165603 -0.421354 0.004621 -0.092861 -0.055686 -0.273571 -0.101817 -0.176971 -0.410879 -0.576711 -0.464906 -0.332254 -0.336327 -0.559263 -0.443680 -0.371034 -0.422327 -0.422224 -0.448586 -0.409957 0.047484 -0.273270 -0.164112 -0.234498 -0.244292 -0.400291 -0.033411 -0.315319 -0.253841 -0.295830 0.412866 0.151871 0.308299 0.102057 -0.269191 -0.419569 0.209974 0.143014 0.283841 0.154246 -0.098705 0.169331 0.080672 -0.355328 -0.078630 -0.280990 -0.484624 -0.198346 -0.271658 -0.460290 -0.205945 -0.366724 -0.386779 -0.370864 0.335576 0.355341 -0.131066 0.097777 0.051404 0.360309 0.410197 0.307358 0.149470 0.039900 0.336691 0.406325 -0.348786 0.279493 0.000723 0.009246 -0.177107 0.017302 0.180334 -0.009203 0.178947 0.179691 -0.121369 -0.213398 0.202624 0.212332 0.256015 0.243309 -0.105092 -0.102741 -0.160102 -0.151116 0.004070 0.013509
-0.040065 0.090471 0.624342 1.000000 0.378005 0.524625 0.500324 0.646235 -0.100522 0.256903 0.026576 -0.044339 0.075065 0.224621 0.016918 -0.044748 -0.374978 -0.544285 0.282850 0.318358 -0.246997 -0.057666 0.570546 0.524591 0.284134 0.065734 0.425661 -0.036770 -0.107945 -0.364733 -0.169846 -0.018075 -0.082924 -0.043201 0.085769 -0.091894 -0.226623 -0.513861 -0.303277 -0.246006 -0.183473 -0.416708 -0.396657 -0.422357 -0.426173 -0.402057 -0.458762 -0.380367 -0.290606 -0.380977 -0.364045 -0.381311 -0.331706 -0.494939 -0.112196 -0.357685 -0.315315 -0.170702 0.113147 0.132107 -0.016235 -0.017870 -0.203463 -0.297297 0.095194 0.032648 0.174544 0.186210 0.073514 0.183637 -0.063301 -0.347544 -0.101483 -0.234413 -0.347475 -0.317326 -0.300142 -0.481931 -0.110041 -0.233380 -0.122459 -0.217303 0.475590 0.339093 0.129362 0.249191 0.376403 0.354842 0.517523 0.351153 0.043294 -0.150644 0.311295 0.160136 -0.279957 0.259330 -0.106143 0.006453 -0.296153 -0.119861 0.077432 -0.095350 0.052222 0.060718 -0.076805 -0.207990 0.103321 0.137368 0.139889 0.272110 -0.061356 -0.105465 -0.242325 -0.149952 0.163218 0.090447
0.041148 0.129423 0.635178 0.378005 1.000000 0.072904 0.518473 0.251743 0.502263 0.101089 0.043433 0.089351 0.239049 -0.007506 0.188202 -0.032650 -0.315526 -0.374368 0.201748 0.091111 -0.101328 -0.153316 0.308159 0.201947 0.341203 0.005806 0.436283 -0.361318 -0.214766 -0.271170 -0.069981 -0.212346 -0.048064 -0.146405 -0.251096 -0.244888 -0.332067 -0.425968 -0.219293 -0.183898 -0.354302 -0.245797 -0.196659 -0.135644 -0.336003 -0.375669 -0.237933 -0.121844 0.130269 -0.056951 -0.051202 -0.060641 -0.026731 -0.336565 -0.123501 -0.308072 -0.288119 -0.248398 0.291637 0.098009 0.182321 -0.059446 -0.294289 -0.284580 0.057798 -0.010211 0.164359 0.106846 0.093238 0.089292 0.043380 -0.282778 -0.126683 -0.039802 -0.297740 -0.051379 -0.190124 -0.281764 -0.238631 -0.298697 -0.270428 -0.270436 0.341440 0.259101 -0.175428 0.015995 0.006396 0.110360 0.297617 0.134495 0.316417 0.161159 0.254977 0.453108 -0.126302 0.207184 -0.108304 0.009649 -0.147717 0.031926 -0.041208 0.086017 0.042437 0.152990 0.003164 -0.119417 0.147996 0.040767 0.301607 0.099054 -0.122963 0.069020 -0.140992 -0.174461 -0.060443 0.004972
-0.140728 -0.255835 0.403931 0.524625 0.072904 1.000000 0.265155 0.314015 -0.235127 0.329458 -0.119582 -0.056182 0.059739 0.161292 -0.065842 -0.112944 -0.180492 -0.258273 -0.075268 -0.019100 -0.117234 0.169313 0.594188 0.472909 0.492208 0.442617 0.394472 0.481382 -0.023233 -0.279548 0.284436 0.242208 -0.125835 -0.175841 0.081844 -0.164484 -0.117375 -0.266413 -0.131239 0.021354 -0.000444 -0.111646 -0.134838 -0.095446 -0.188846 -0.068316 -0.115272 -0.215789 -0.450713 -0.321428 -0.456045 -0.480957 -0.485059 -0.246023 -0.033268 0.017828 -0.062612 -0.155504 -0.018825 -0.187559 0.021551 -0.015000 -0.060412 -0.346847 0.142211 0.002958 -0.130159 -0.101125 -0.148428 -0.063735 0.274355 -0.212653 -0.030794 0.029259 -0.273728 -0.199654 -0.019475 -0.273893 -0.072451 -0.158382 0.002184 -0.151819 0.185588 0.152003 0.130078 0.297790 0.077958 0.434553 0.255153 0.348304 -0.332409 -0.299514 -0.015456 -0.147928 0.047608 0.101039 0.170047 0.025910 -0.050849 0.065444 -0.019818 0.008575 -0.003394 0.048130 -0.144678 -0.123073 0.129964 0.181655 -0.018377 0.185617 0.055683 -0.183615 -0.004205 -0.101848 0.134982 0.124012
-0.193102 0.054281 0.741447 0.500324 0.518473 0.265155 1.000000 0.564813 0.304280 0.233646 -0.032833 0.189431 0.261519 0.199989 -0.075453 -0.057795 -0.330015 -0.360352 0.261169 0.191515 -0.227227 -0.062982 0.393365 0.287965 0.388380 0.170329 0.198405 0.001718 -0.101427 -0.355413 -0.053988 -0.109193 -0.003767 -0.072749 -0.049013 -0.129184 -0.382007 -0.461812 -0.454209 -0.316598 -0.438540 -0.525967 -0.414201 -0.378286 -0.376383 -0.418154 -0.517354 -0.486807 0.061695 -0.195170 -0.166197 -0.217734 -0.192477 -0.340322 -0.097707 -0.396011 -0.373363 -0.293298 0.306728 0.186266 0.355578 0.126679 -0.124688 -0.301952 0.252900 0.146243 0.254332 0.290766 -0.146489 0.225645 -0.037032 -0.222699 -0.157581 -0.257252 -0.441880 -0.286956 -0.450364 -0.379023 -0.241989 -0.193057 -0.374309 -0.433644 0.226452 0.283339 -0.195243 0.007674 -0.046185 0.298422 0.257431 0.237580 0.267162 0.173728 0.341957 0.490066 -0.272037 0.203828 -0.127615 0.132771 -0.435176 -0.220786 0.142830 -0.065242 0.152222 0.206421 0.004842 -0.165128 0.080243 -0.015131 0.335191 0.196147 0.010091 -0.087308 -0.265767 -0.319146 -0.178709 -0.084105
-0.160968 0.211715 0.536123 0.646235 0.251743 0.314015 0.564813 1.000000 0.045015 0.371725 -0.211240 0.183181 -0.114495 0.220014 -0.171788 -0.100117 -0.442368 -0.413901 -0.003174 0.093158 -0.252485 -0.052319 0.276372 0.284722 0.180243 -0.055359 0.271310 -0.175706 -0.299883 -0.334036 -0.117811 -0.029678 -0.295633 -0.151732 0.162804 0.077201 -0.452539 -0.463776 -0.287681 -0.041350 -0.298042 -0.401423 -0.356016 -0.428604 -0.345877 -0.332838 -0.381236 -0.419145 -0.138236 -0.253500 -0.332457 -0.228536 -0.135703 -0.344082 -0.147783 -0.421443 -0.284326 -0.184847 0.091861 0.258162 0.048478 0.289873 -0.209731 -0.229231 0.215856 0.330655 0.171026 0.215775 -0.146854 0.224832 0.014749 -0.066501 -0.278969 -0.153920 -0.446989 -0.289957 -0.294325 -0.282028 -0.298081 -0.188402 -0.428332 -0.497079 0.276273 0.217397 -0.104308 -0.035384 0.148189 0.372154 0.438558 0.229078 0.286717 -0.034351 0.588865 0.218275 -0.263052 0.028740 -0.260013 -0.231116 -0.397427 -0.286657 0.359078 -0.184111 0.019626 0.086289 0.004823 0.000304 0.277944 0.267152 0.061371 0.134129 -0.175765 -0.276455 -0.181480 -0.178712 0.071382 -0.051575
-0.062695 0.112515 0.223988 -0.100522 0.502263 -0.235127 0.304280 0.045015 1.000000 0.244758 -0.315792 0.099445 0.040383 -0.106537 0.597369 0.410743 -0.336693 -0.271761 0.170389 -0.087637 0.100022 0.210546 0.121086 -0.149426 0.339928 0.198344 0.074877 -0.183945 -0.090828 -0.162557 -0.059635 -0.316902 -0.209021 -0.229675 -0.101265 -0.062479 -0.103469 -0.055232 0.016509 -0.225740 -0.255275 -0.130876 -0.157690 -0.094228 -0.240899 -0.292565 -0.080734 0.002058 0.084299 -0.229422 0.097655 0.099539 0.346237 0.162649 0.010627 -0.274075 -0.137806 -0.046843 0.433918 0.266744 0.140989 0.229400 -0.368220 -0.231450 -0.087829 0.065099 0.197910 0.229419 -0.046149 -0.091020 -0.025928 0.023192 -0.323061 -0.038835 -0.342796 0.038187 -0.116230 0.148178 -0.279009 -0.154823 -0.160273 -0.255636 0.113740 0.083504 0.025442 -0.049206 -0.213253 0.066345 0.025944 0.011695 0.287131 0.365866 0.083808 0.347585 -0.054708 0.342584 -0.036391 0.191719 -0.196074 -0.025193 -0.099370 -0.288533 -0.271046 -0.165678 -0.183924 -0.314244 -0.325117 -0.114525 0.384665 0.201187 0.066340 0.289610 -0.121250 -0.005812 0.046669 0.105562
-0.278164 -0.003441 0.336348 0.256903 0.101089 0.329458 0.233646 0.371725 0.244758 1.000000 -0.299786 0.071942 -0.314688 0.031156 0.099909 0.372403 -0.461505 -0.409168 0.152606 0.017509 -0.061653 0.007030 0.301890 0.035391 0.325091 0.241831 -0.242312 0.022745 -0.056615 -0.037779 -0.034988 -0.008129 -0.273951 -0.314141 0.163193 0.044450 0.107797 -0.196442 -0.044395 -0.100816 -0.131696 -0.245429 -0.150206 -0.113826 -0.042347 -0.050179 -0.103127 -0.109896 -0.061069 -0.198467 -0.164781 -0.065177 -0.100301 -0.116071 -0.065491 -0.076393 -0.342576 -0.229210 0.193020 0.203445 -0.113603 0.233958 -0.348857 -0.288406 -0.005859 0.215287 0.358306 0.256277 -0.111299 -0.050853 0.126313 -0.423149 0.152455 -0.242201 -0.151527 -0.243350 0.070645 -0.351374 0.251256 -0.592441 -0.170721 -0.270153 0.131483 0.336339 0.064120 0.113690 0.115636 0.100843 0.025627 -0.077250 0.043481 -0.023365 0.148732 -0.055973 0.010057 0.194991 0.145940 0.038359 0.050046 -0.073714 0.102868 -0.238213 -0.016533 -0.122977 -0.237608 -0.183837 -0.010323 -0.020865 0.193306 0.238656 0.033690 -0.057242 -0.085450 -0.146866 -0.013641 0.015560
0.369508 0.121754 -0.032325 0.026576 0.043433 -0.119582 -0.032833 -0.211240 -0.315792 -0.299786 1.000000 0.140154 0.471449 0.252605 -0.056964 0.067725 0.492797 0.275260 0.033194 0.049752 -0.082093 -0.217052 -0.012223 0.076098 -0.264111 -0.179015 0.067541 -0.260286 0.538817 0.061809 0.201780 0.296008 0.480849 0.434388 -0.127450 -0.105749 0.159521 -0.047439 -0.072623 -0.069215 0.277837 0.050037 -0.229903 -0.190457 -0.261908 -0.264646 -0.298576 -0.286145 -0.133323 -0.060008 -0.090157 -0.264881 -0.279649 -0.307844 -0.140425 -0.009852 0.145410 0.115242 0.040124 -0.071251 0.303847 0.005126 0.419860 0.385345 0.079350 -0.113969 -0.015121 -0.253228 0.115427 -0.061337 -0.165919 -0.097135 0.309155 -0.036855 0.182537 0.196414 -0.051512 -0.125268 0.118799 0.221485 0.267533 0.336994 0.268430 0.274722 0.020296 -0.005763 0.323373 0.032338 0.122097 -0.011527 -0.277343 -0.343414 -0.106997 0.088809 -0.123053 0.057154 0.035380 -0.082436 -0.097429 0.034487 0.108927 0.235638 0.223814 0.046272 -0.052708 -0.031737 0.136872 0.054614 -0.077772 -0.035695 -0.123487 -0.050624 0.133051 0.298072 0.002191 0.116461
-0.055419 0.337955 0.056907 -0.044339 0.089351 -0.056182 0.189431 0.183181 0.099445 0.071942 0.140154 1.000000 0.308070 0.696851 0.029372 0.249860 0.130180 0.089160 -0.188464 -0.223189 -0.260922 -0.206166 -0.029123 0.203836 0.139445 0.011597 -0.175397 -0.262151 0.126368 0.049309 0.168388 0.104423 0.248510 0.100944 -0.069840 -0.197459 -0.127878 -0.051923 -0.019261 0.066150 -0.288904 -0.022678 -0.212565 -0.284288 -0.129718 -0.223096 -0.115735 -0.368446 0.110219 -0.133497 0.004243 -0.048071 0.103250 0.044148 0.166258 -0.195200 -0.070054 -0.020835 0.110876 0.026761 0.300855 0.298344 0.155498 0.100181 0.212882 0.069687 -0.107801 -0.109924 -0.107749 -0.184660 0.014852 0.030971 0.113687 0.139044 -0.061209 0.175088 -0.120661 -0.141083 -0.200102 -0.048923 -0.227495 -0.297109 0.148538 0.113814 -0.304865 -0.181637 0.042114 0.087559 -0.042797 -0.049580 -0.047080 -0.139044 0.015993 -0.006011 -0.009325 -0.206539 -0.139839 -0.173037 -0.086243 -0.065920 0.158918 0.011060 0.022755 -0.094088 -0.002158 0.024821 0.201044 0.032153 0.015556 -0.184251 -0.250294 -0.155002 0.303553 0.310301 -0.008940 -0.018368
0.111569 -0.065225 0.221578 0.075065 0.239049 0.059739 0.261519 -0.114495 0.040383 -0.314688 0.471449 0.308070 1.000000 0.513088 0.188656 -0.013264 0.334254 0.062600 -0.057681 -0.120048 -0.221619 -0.094156 0.315451 0.305680 0.161952 0.148056 0.251373 -0.081391 0.251583 -0.134840 0.249732 0.214554 0.293360 0.191241 -0.121717 -0.195853 -0.272972 -0.301768 -0.097610 -0.109471 -0.152575 -0.082104 -0.202052 -0.170144 -0.269395 -0.266074 -0.291139 -0.249264 -0.048374 -0.199355 0.077053 -0.283409 -0.241219 -0.162130 0.135267 -0.088541 0.140545 0.121291 0.092821 -0.206617 0.377197 -0.041545 0.332327 0.117413 0.188147 -0.132922 -0.281759 -0.163674 -0.061301 -0.009556 -0.001336 0.002803 0.095434 0.013360 -0.086818 0.144094 -0.257142 -0.170133 -0.026220 0.239178 0.092398 0.082976 0.188922 0.029137 0.045433 0.018787 -0.020975 0.188069 0.108630 0.094716 -0.188996 -0.177314 -0.313352 0.011677 -0.055638 -0.008705 0.090083 0.068402 -0.264131 -0.041205 -0.150410 -0.009719 -0.125800 -0.130980 -0.099694 -0.184326 0.012755 -0.064308 0.104013 -0.070953 0.054764 0.028720 -0.025859 0.086816 -0.230110 -0.064865
-0.030924 0.181026 0.075670 0.224621 -0.007506 0.161292 0.199989 0.220014 -0.106537 0.031156 0.252605 0.696851 0.513088 1.000000 0.014051 0.078441 0.144743 -0.126405 -0.074633 -0.150836 -0.235734 -0.102698 0.188342 0.284978 0.186558 0.037634 -0.058112 -0.097537 0.084024 -0.109957 0.122629 0.189797 0.213211 0.107366 0.101330 -0.178022 -0.197675 -0.118296 0.025143 0.073956 -0.261778 -0.008215 -0.176909 -0.250688 -0.195082 -0.256399 -0.277586 -0.327290 0.009396 -0.291116 0.051971 -0.187593 -0.168105 -0.139068 0.210973 -0.096891 -0.076293 -0.024778 -0.008078 -0.068624 0.133018 0.090334 0.132314 -0.032900 0.181460 0.050686 -0.191905 -0.038522 -0.036073 -0.151200 0.083414 -0.010282 0.088007 0.085024 -0.131747 0.082736 -0.229170 -0.276028 -0.049235 0.092162 -0.067722 -0.226340 0.212307 0.037456 -0.039539 0.026127 0.212117 0.240465 0.114206 0.099700 -0.197249 -0.187722 -0.024190 -0.143078 -0.007888 -0.100870 -0.003026 -0.011359 -0.246608 -0.105530 0.020518 -0.088731 -0.142101 -0.229224 -0.184985 -0.177549 0.069902 -0.012105 -0.002493 -0.101132 -0.042143 -0.107100 0.117165 0.172800 -0.028210 -0.040268
0.244433 0.017993 0.087979 0.016918 0.188202 -0.065842 -0.075453 -0.171788 0.597369 0.099909 -0.056964 0.029372 0.188656 0.014051 1.000000 0.556098 -0.192033 -0.331294 0.083448 -0.151932 0.270656 0.420068 0.395342 0.046447 0.266235 0.148588 0.227974 -0.052949 0.259937 -0.015741 0.088707 -0.144688 -0.147947 -0.289878 -0.189453 -0.233314 0.038626 -0.039271 0.187868 -0.165492 0.052329 0.044590 -0.205381 -0.176341 -0.360116 -0.420698 0.021889 0.056008 -0.308812 -0.497511 -0.125930 -0.126976 0.274661 0.220239 0.245172 -0.151028 0.180387 0.130489 0.495434 0.274198 0.121955 0.167521 -0.265985 -0.219717 -0.276621 -0.337796 0.038966 -0.190094 -0.031378 -0.318602 0.029802 -0.040117 -0.264837 0.149356 -0.361731 0.251093 0.158683 -0.003911 -0.158130 -0.104446 0.198831 -0.007975 0.486761 0.294036 0.352811 0.131708 0.133099 0.334110 0.262741 0.337109 -0.206782 0.036187 -0.273380 -0.000704 0.021689 0.452359 0.204782 0.220344 -0.070067 0.256605 -0.195554 -0.396957 -0.352378 -0.399756 -0.405922 -0.447520 -0.346724 0.049879 0.300772 0.291362 -0.035252 0.307790 0.082638 0.305998 0.334114 0.374656
0.027081 0.270210 -0.014512 -0.044748 -0.032650 -0.112944 -0.057795 -0.100117 0.410743 0.372403 0.067725 0.249860 -0.013264 0.078441 0.556098 1.000000 -0.013962 -0.090646 0.101363 -0.018490 0.103766 0.146634 0.004995 -0.187271 -0.035405 0.084802 -0.035153 -0.132799 0.446779 0.079350 0.020638 -0.116317 -0.052049 -0.016844 -0.051899 -0.112551 0.388324 0.065958 -0.026516 -0.355975 0.155781 -0.036313 -0.127190 -0.127033 -0.104072 -0.234016 0.055547 -0.127013 -0.216627 -0.267667 -0.038168 0.054003 0.192853 0.147865 0.034251 -0.195869 -0.084981 0.035135 0.331654 0.325879 0.101799 0.314901 -0.109663 0.076237 -0.322296 -0.244346 0.245675 -0.087696 0.055024 -0.289585 -0.137138 -0.110573 0.085471 -0.096330 -0.063413 0.205339 -0.011397 -0.020964 0.017383 -0.107550 0.258072 0.122149 0.179345 0.446051 0.177871 -0.006218 0.100683 -0.015980 -0.125795 -0.093393 -0.181348 -0.189892 -0.220120 -0.107536 -0.219319 0.331983 0.014370 0.057162 -0.033849 0.037612 0.147577 -0.117858 -0.054528 -0.181398 -0.239314 -0.280316 -0.242508 -0.075652 0.295843 0.074155 -0.197105 0.320389 0.063845 0.242092 0.270225 0.329270
0.417002 0.155480 -0.365010 -0.374978 -0.315526 -0.180492 -0.330015 -0.442368 -0.336693 -0.461505 0.492797 0.130180 0.334254 0.144743 -0.192033 -0.013962 1.000000 0.698828 -0.122133 -0.004290 0.000109 -0.229547 -0.333252 -0.126889 -0.414024 -0.255622 -0.110497 -0.071659 0.440956 0.348835 0.192459 0.188350 0.441133 0.489873 -0.118661 -0.168806 0.186677 0.190623 -0.070149 -0.004823 0.275686 0.142284 0.236401 0.256492 0.183278 0.202569 0.170758 0.013468 -0.077085 0.247471 0.012903 0.055455 -0.104103 -0.008786 -0.118722 0.114732 0.518687 0.509468 -0.165457 -0.246293 0.244448 -0.050688 0.602512 0.671948 -0.166977 -0.248946 -0.100661 -0.437446 0.359943 0.074390 -0.071243 0.252769 0.331802 0.147331 0.424627 0.380636 0.172745 0.342967 0.114089 0.521448 0.501291 0.507615 -0.245023 -0.042633 -0.282056 -0.363996 -0.186952 -0.204953 -0.385318 -0.317285 -0.314653 -0.391385 -0.385560 -0.327661 0.016900 -0.222164 -0.191272 -0.137566 0.129352 0.236331 -0.000342 0.271313 0.122278 -0.043572 0.030717 0.108180 0.006700 -0.044611 -0.301916 -0.291913 -0.141360 0.125205 0.379449 0.212302 0.056285 0.078993
0.165298 0.058338 -0.468010 -0.544285 -0.374368 -0.258273 -0.360352 -0.413901 -0.271761 -0.409168 0.275260 0.089160 0.062600 -0.126405 -0.331294 -0.090646 0.698828 1.000000 -0.248111 -0.087717 -0.104156 -0.284800 -0.497538 -0.304123 -0.332149 -0.165024 -0.313312 -0.028777 0.327142 0.360833 0.155617 0.156625 0.334236 0.342095 -0.223625 -0.083058 0.211327 0.261231 0.025024 0.103835 0.341824 0.131208 0.318386 0.314656 0.319680 0.343574 0.283593 0.006995 0.046552 0.461191 0.079073 0.185282 0.054247 0.183562 -0.020977 0.285590 0.404676 0.377988 -0.249659 -0.313711 0.261287 -0.008145 0.612381 0.694685 0.036539 -0.154434 -0.185893 -0.382708 0.071870 0.128508 -0.013560 0.349535 0.311395 0.184394 0.506120 0.223154 0.049514 0.420860 0.051026 0.464811 0.227503 0.432150 -0.477143 -0.260732 -0.384254 -0.399845 -0.402592 -0.316139 -0.464963 -0.386519 -0.115375 -0.106404 -0.311960 -0.162686 0.010288 -0.208493 -0.071395 -0.175102 0.220764 0.075077 0.138196 0.355243 0.188986 0.127036 0.204674 0.302706 0.159385 -0.049768 -0.258850 -0.172876 -0.117361 -0.024336 0.232353 0.059304 -0.147629 -0.093824
0.043967 0.183865 0.170657 0.282850 0.201748 -0.075268 0.261169 -0.003174 0.170389 0.152606 0.033194 -0.188464 -0.057681 -0.074633 0.083448 0.101363 -0.122133 -0.248111 1.000000 0.690075 0.183912 -0.075416 -0.012369 -0.103920 0.029078 0.018361 -0.123691 -0.004801 0.157139 0.051410 -0.248558 -0.182370 0.136294 0.088245 -0.070176 0.025434 0.190982 -0.025936 -0.070851 -0.287685 -0.055967 -0.232202 -0.274600 -0.225455 -0.113996 -0.157909 -0.355334 -0.076602 0.035108 -0.128126 -0.113203 -0.065801 0.008715 -0.310344 0.007007 -0.275152 -0.254031 0.018631 0.318486 0.270869 0.120027 -0.131026 -0.130277 -0.167651 -0.092952 -0.087697 0.468278 0.414299 0.349450 0.280760 -0.139803 -0.211366 0.159296 -0.217118 0.046624 -0.011342 -0.183885 -0.206488 0.193222 -0.263650 0.053831 -0.021527 0.129952 0.162922 -0.071567 0.073834 0.211551 -0.143412 -0.030943 -0.021079 0.299440 0.342883 -0.033878 0.180561 -0.038932 0.335579 -0.105622 0.542999 -0.257511 -0.118771 -0.194193 0.008784 0.058961 0.089614 -0.006182 -0.223666 -0.411252 -0.397649 0.366474 0.338292 0.377083 0.132272 -0.439326 -0.315704 -0.277224 -0.140568
0.066675 0.301043 0.063241 0.318358 0.091111 -0.019100 0.191515 0.093158 -0.087637 0.017509 0.049752 -0.223189 -0.120048 -0.150836 -0.151932 -0.018490 -0.004290 -0.087717 0.690075 1.000000 0.306221 -0.039836 -0.128487 -0.041497 -0.154607 -0.129830 -0.012670 0.057362 0.104633 0.007315 -0.358056 -0.264100 0.044456 0.240171 -0.010795 0.065479 0.197922 0.013041 -0.133300 -0.299468 0.086639 -0.226476 -0.103432 -0.090003 0.022241 -0.042498 -0.326550 -0.048598 0.024440 0.037779 -0.150875 -0.004526 -0.134848 -0.391669 -0.194443 -0.321620 -0.173760 0.150283 -0.032464 0.100984 -0.168773 -0.278051 -0.135261 -0.058213 -0.229359 -0.289209 0.212921 0.334291 0.554949 0.588821 -0.148846 -0.077785 0.096452 -0.182386 0.215242 -0.055869 -0.205499 -0.024564 0.260578 -0.030462 0.190772 0.149319 0.012546 0.083805 -0.073609 0.113691 0.208316 -0.201817 -0.059010 -0.139153 0.425445 0.136913 0.057164 0.060770 -0.186352 0.247849 -0.123938 0.379218 -0.270956 -0.224411 -0.081785 -0.002244 0.045036 0.254577 0.179568 -0.083175 -0.312780 -0.387845 0.145265 0.327164 0.411887 0.161517 -0.421157 -0.349329 -0.223744 -0.171321
0.113306 0.004934 -0.161598 -0.246997 -0.101328 -0.117234 -0.227227 -0.252485 0.100022 -0.061653 -0.082093 -0.260922 -0.221619 -0.235734 0.270656 0.103766 0.000109 -0.104156 0.183912 0.306221 1.000000 0.509063 -0.122256 -0.315052 -0.227279 -0.208449 0.016607 0.304346 0.113588 0.089167 -0.190719 -0.250929 -0.142879 -0.217957 -0.022647 0.017315 0.323311 0.493583 0.283572 0.067326 0.286761 0.219285 0.163568 0.151594 0.061781 0.037161 0.104522 0.344557 -0.010909 -0.048038 -0.020556 0.145408 0.147079 0.109198 0.115201 0.060340 0.025137 -0.032962 0.040643 0.102898 -0.246532 -0.179448 -0.315633 -0.279883 -0.419499 -0.385924 -0.046540 -0.016959 0.300979 0.166481 0.290483 0.340378 -0.069793 0.188591 0.097170 0.386454 0.240853 0.364332 0.228128 -0.036386 0.258342 0.132781 -0.006952 -0.024251 0.170337 0.190687 0.120624 -0.074836 -0.029748 0.071931 0.112323 0.176815 -0.127250 -0.155234 0.072550 0.175091 0.177943 0.325142 -0.015723 0.047626 -0.167476 -0.161529 -0.143041 -0.060400 -0.011925 -0.142303 -0.405039 -0.219114 -0.050178 0.205326 0.334352 0.200966 -0.068675 0.012638 0.038496 -0.033528
0.103950 -0.119441 -0.059130 -0.057666 -0.153316 0.169313 -0.062982 -0.052319 0.210546 0.007030 -0.217052 -0.206166 -0.094156 -0.102698 0.420068 0.146634 -0.229547 -0.284800 -0.075416 -0.039836 0.509063 1.000000 0.178685 -0.060371 0.199618 0.243111 0.247515 0.436071 0.012161 -0.159989 0.086024 -0.130362 -0.288590 -0.272908 0.014531 -0.068949 -0.011097 0.295533 0.138217 -0.109191 0.129051 0.170157 -0.080563 -0.048843 -0.198648 -0.243297 0.021001 0.216991 -0.241649 -0.342126 -0.094594 -0.154964 0.064410 0.149174 0.231002 0.023861 0.141845 -0.028074 0.160490 0.203751 -0.193945 0.159912 -0.365189 -0.376852 -0.303196 -0.236861 -0.230335 -0.121677 -0.087953 -0.304359 0.130688 0.340394 -0.488300 0.183501 -0.403586 0.158254 0.005830 0.327135 -0.059243 0.131842 0.227383 0.066551 0.040741 0.050828 0.386273 0.374093 -0.096810 0.363122 0.170635 0.394320 -0.049699 0.040038 -0.103075 -0.038565 -0.006371 0.380606 0.443966 0.493453 -0.036496 0.284032 0.005213 -0.267321 -0.138848 -0.073805 -0.348491 -0.420725 -0.352170 -0.096470 0.089917 0.444674 0.367130 0.259586 -0.043803 0.269514 0.094812 0.141705
0.064837 -0.275323 0.617604 0.570546 0.308159 0.594188 0.393365 0.276372 0.121086 0.301890 -0.012223 -0.029123 0.315451 0.188342 0.395342 0.004995 -0.333252 -0.497538 -0.012369 -0.128487 -0.122256 0.178685 1.000000 0.603545 0.559092 0.299052 0.445107 0.119840 -0.023911 -0.244005 0.274453 0.193517 -0.112098 -0.255218 -0.042297 -0.236249 -0.302180 -0.485519 -0.072839 -0.063744 -0.139909 -0.201042 -0.385589 -0.307743 -0.554062 -0.482668 -0.294483 -0.270556 -0.403297 -0.607473 -0.331715 -0.544779 -0.358918 -0.222349 0.140392 -0.075460 0.040813 -0.091112 0.298505 -0.063784 0.130999 -0.000868 -0.244474 -0.416625 0.116923 -0.055945 -0.077403 -0.112364 -0.168177 -0.117444 0.203292 -0.326238 -0.185501 0.043783 -0.480400 -0.113965 0.120791 -0.414113 -0.113673 -0.312390 -0.122438 -0.241718 0.567173 0.342349 0.288602 0.296535 0.213425 0.630765 0.541475 0.502395 -0.276583 -0.152025 -0.036365 0.095181 0.049331 0.301663 0.324916 0.068938 -0.040109 0.178831 -0.081510 -0.321645 -0.063216 -0.232348 -0.367008 -0.389564 -0.014347 0.210952 0.243801 0.263107 -0.004339 -0.082683 -0.021053 0.073106 0.198535 0.240170
-0.068759 -0.299910 0.304314 0.524591 0.201947 0.472909 0.287965 0.284722 -0.149426 0.035391 0.076098 0.203836 0.305680 0.284978 0.046447 -0.187271 -0.126889 -0.304123 -0.103920 -0.041497 -0.315052 -0.060371 0.603545 1.000000 0.461502 0.398245 0.309912 0.088024 0.005940 -0.093540 0.287306 0.440396 0.025232 0.093195 0.233944 -0.107777 -0.336535 -0.275062 -0.142626 0.042493 -0.203533 0.010249 -0.231962 -0.272488 -0.302298 -0.221605 -0.146667 -0.275049 -0.401794 -0.384543 -0.324068 -0.502775 -0.373383 -0.159284 -0.117700 -0.150107 -0.087592 -0.186366 -0.161320 -0.335447 -0.083445 -0.189885 0.042164 -0.167465 0.320752 0.017910 -0.187417 -0.110784 -0.170714 -0.094611 0.153391 -0.139174 -0.161246 0.251470 -0.215075 -0.056909 0.120730 -0.237535 -0.184112 -0.113560 -0.022560 -0.138357 0.446105 0.297249 0.173631 0.207431 0.249447 0.364575 0.311808 0.215215 -0.319999 -0.328524 0.045921 -0.097919 0.076086 -0.064761 -0.088721 -0.145395 -0.138997 0.007136 -0.158935 -0.230305 -0.182744 -0.286925 -0.188576 -0.165418 0.084791 0.109694 -0.111210 -0.032191 -0.075074 -0.185832 0.039281 0.118170 0.197000 0.153494
-0.172350 -0.188878 0.362842 0.284134 0.341203 0.492208 0.388380 0.180243 0.339928 0.325091 -0.264111 0.139445 0.161952 0.186558 0.266235 -0.035405 -0.414024 -0.332149 0.029078 -0.154607 -0.227279 0.199618 0.559092 0.461502 1.000000 0.696548 0.052250 0.110027 -0.051250 -0.053835 0.316293 0.092181 -0.103480 -0.232831 -0.073396 -0.239963 -0.422682 -0.293528 -0.128103 -0.175322 -0.343318 -0.089071 -0.154414 -0.085209 -0.167282 -0.225698 -0.120657 -0.056369 -0.159109 -0.291685 -0.241006 -0.355187 -0.221665 -0.041299 0.014167 -0.102903 -0.088895 -0.117422 0.145141 -0.121720 0.077544 0.061188 -0.223283 -0.390906 0.148565 -0.024215 -0.107702 0.066920 -0.260999 -0.239120 0.363461 -0.293768 -0.179506 0.285749 -0.455650 -0.211513 0.007004 -0.288160 -0.180810 -0.252683 -0.117577 -0.300682 0.357960 0.180474 -0.034845 0.216861 -0.052179 0.493525 0.068123 0.223395 -0.019814 0.041928 0.057930 0.189244 0.009658 0.332625 0.249907 0.301132 0.007889 0.255627 -0.044067 -0.159416 -0.103424 -0.168103 -0.407716 -0.412569 -0.048022 0.068209 0.316861 0.355969 0.239945 0.179910 -0.071143 -0.077940 0.025635 0.217312
-0.372885 -0.442016 0.028919 0.065734 0.005806 0.442617 0.170329 -0.055359 0.198344 0.241831 -0.179015 0.011597 0.148056 0.037634 0.148588 0.084802 -0.255622 -0.165024 0.018361 -0.129830 -0.208449 0.243111 0.299052 0.398245 0.696548 1.000000 -0.008535 0.412468 0.157363 0.127150 0.412649 0.381554 -0.154734 -0.069141 0.297804 0.081028 -0.072343 -0.047023 -0.110778 -0.210738 -0.125055 0.049048 -0.009768 0.070786 -0.002471 0.021675 0.043551 0.075669 -0.265438 -0.222443 -0.133551 -0.319599 -0.215331 0.153024 -0.126857 -0.043274 -0.151703 -0.170810 -0.134400 -0.295642 -0.118793 -0.084861 -0.031253 -0.236070 0.199742 0.012669 -0.262542 0.076828 -0.434613 -0.388080 0.176759 -0.062019 0.003903 0.173305 -0.193552 -0.135964 0.012520 0.026985 0.071569 -0.107718 0.139534 -0.015562 0.090491 0.202633 0.235329 0.264582 -0.110114 0.158464 -0.172370 -0.054676 -0.200810 -0.086716 -0.105833 -0.049401 -0.006099 0.151135 0.137338 0.279121 -0.067343 0.020613 -0.159147 -0.219344 -0.261245 -0.268106 -0.377017 -0.336107 -0.248907 -0.124292 0.166222 0.151537 0.354793 0.122096 -0.221049 -0.107388 -0.042049 0.145878
0.220566 -0.118161 0.432034 0.425661 0.436283 0.394472 0.198405 0.271310 0.074877 -0.242312 0.067541 -0.175397 0.251373 -0.058112 0.227974 -0.035153 -0.110497 -0.313312 -0.123691 -0.012670 0.016607 0.247515 0.445107 0.309912 0.052250 -0.008535 1.000000 0.021270 -0.131035 -0.430453 0.165679 0.027258 -0.220464 -0.131792 -0.054480 -0.164995 -0.323306 -0.329208 -0.154878 -0.055822 -0.021526 -0.047932 -0.201120 -0.160131 -0.468275 -0.357310 -0.145041 -0.155994 -0.418363 -0.394801 -0.317168 -0.412577 -0.240745 -0.303923 -0.067769 -0.226359 0.110163 -0.075881 0.124466 -0.045850 0.096724 -0.040340 -0.135517 -0.249847 0.042614 -0.082321 -0.176103 -0.193806 -0.021826 -0.047838 0.014133 0.052157 -0.427276 0.045026 -0.417056 0.054062 -0.105758 -0.000259 -0.380850 0.152437 0.035908 0.018384 0.285552 0.177783 0.239976 0.246312 0.079037 0.368898 0.554683 0.445681 -0.087110 -0.140836 0.184341 0.221322 -0.139929 0.143567 -0.078134 -0.134154 -0.244241 0.032817 0.050013 -0.018019 -0.112991 0.110022 -0.068583 -0.148088 0.023029 0.209554 0.063280 0.022152 -0.168615 -0.021581 -0.110174 0.009738 0.296154 0.253913
-0.284956 -0.432281 -0.093890 -0.036770 -0.361318 0.481382 0.001718 -0.175706 -0.183945 0.022745 -0.260286 -0.262151 -0.081391 -0.097537 -0.052949 -0.132799 -0.071659 -0.028777 -0.004801 0.057362 0.304346 0.436071 0.119840 0.088024 0.110027 0.412468 0.021270 1.000000 0.022124 -0.017072 0.127744 0.153671 -0.113301 -0.128861 0.277472 0.132600 0.280287 0.293630 0.130408 0.076297 0.130442 0.124757 0.003598 0.022366 0.053112 0.160805 -0.001415 0.010707 -0.181220 -0.163401 -0.049892 -0.172404 -0.149919 0.201715 0.232799 0.177988 -0.088954 -0.158432 -0.223563 -0.225983 -0.230772 -0.205582 0.012048 -0.285938 0.035181 -0.067677 -0.248375 0.034722 -0.161159 -0.031137 0.196724 0.286718 -0.046188 0.085292 0.046928 0.059185 -0.020596 0.257944 0.075234 0.185472 0.164184 0.088460 -0.307844 -0.206873 0.320928 0.281366 -0.107318 -0.041375 -0.056491 0.150386 -0.292130 0.008061 -0.276266 -0.269623 0.092379 -0.003938 0.175796 0.254912 -0.032907 -0.058150 -0.241687 -0.073863 -0.104119 0.005438 0.054034 0.043257 -0.203439 -0.164883 -0.184553 0.095021 0.292667 -0.163148 -0.037783 -0.120627 -0.065354 -0.208447
0.194583 0.086967 -0.165603 -0.107945 -0.214766 -0.023233 -0.101427 -0.299883 -0.090828 -0.056615 0.538817 0.126368 0.251583 0.084024 0.259937 0.446779 0.440956 0.327142 0.157139 0.104633 0.113588 0.012161 -0.023911 0.005940 -0.051250 0.157363 -0.131035 0.022124 1.000000 0.345228 0.368710 0.391133 0.402564 0.347429 -0.110991 -0.316880 0.403644 0.002115 -0.137324 -0.338488 0.470281 -0.069015 -0.068033 -0.014882 -0.107827 -0.130472 -0.046035 -0.163892 -0.428696 -0.129034 -0.310235 -0.271083 -0.265390 -0.116169 -0.108555 -0.168595 0.238004 0.347978 0.076360 -0.044668 0.303449 0.057539 0.473434 0.379299 -0.041449 -0.400264 0.074445 -0.408836 0.056033 -0.119093 -0.030385 -0.017387 0.403725 0.081726 0.144089 0.320282 0.116580 0.008727 0.205073 0.171226 0.575295 0.511367 0.219796 0.476518 0.046693 0.070772 0.098633 0.042242 -0.242144 -0.140445 -0.386507 -0.412397 -0.388084 -0.167177 -0.195860 0.289786 0.012105 0.098721 -0.134102 0.093484 0.079942 0.110411 0.148690 -0.141169 -0.314935 -0.271829 -0.238820 -0.158577 0.130754 0.106537 -0.077452 0.255709 0.032908 0.178549 0.057618 0.289933
-0.000241 -0.042676 -0.421354 -0.364733 -0.271170 -0.279548 -0.355413 -0.334036 -0.162557 -0.037779 0.061809 0.049309 -0.134840 -0.109957 -0.015741 0.079350 0.348835 0.360833 0.051410 0.007315 0.089167 -0.159989 -0.244005 -0.093540 -0.053835 0.127150 -0.430453 -0.017072 0.345228 1.000000 0.289700 0.323308 0.192766 0.318218 0.141970 0.043607 0.225967 0.183666 0.085065 -0.046492 0.078954 0.353795 0.266871 0.274282 0.255550 0.181408 0.254019 0.245416 -0.062380 0.211279 -0.055809 0.075617 -0.037360 0.152389 -0.071983 -0.045825 0.128347 0.239734 -0.310260 -0.274260 -0.109496 -0.258089 0.333434 0.463797 -0.143246 -0.316137 -0.153033 -0.225681 0.078683 -0.092080 0.315213 0.124915 0.479887 0.480450 0.432025 0.311837 0.557217 0.282775 0.397236 -0.016270 0.431072 0.333988 -0.039925 0.289523 -0.151473 -0.244798 -0.110156 -0.301698 -0.507217 -0.438306 -0.185215 -0.223242 -0.258515 -0.304371 0.070636 -0.120179 -0.134733 -0.021782 0.208430 0.210679 0.017236 0.105793 0.143029 -0.209006 -0.141797 0.056670 -0.027816 -0.082830 -0.034387 -0.143017 0.008458 0.169540 0.111787 -0.048937 0.026273 0.128509
0.033749 -0.295889 0.004621 -0.169846 -0.069981 0.284436 -0.053988 -0.117811 -0.059635 -0.034988 0.201780 0.168388 0.249732 0.122629 0.088707 0.020638 0.192459 0.155617 -0.248558 -0.358056 -0.190719 0.086024 0.274453 0.287306 0.316293 0.412649 0.165679 0.127744 0.368710 0.289700 1.000000 0.737655 0.289679 0.227839 0.122409 -0.066015 -0.109242 -0.102590 -0.128961 -0.083332 0.173714 0.252955 -0.041052 0.059216 -0.196981 -0.141405 0.011553 -0.117370 -0.392724 -0.249127 -0.286268 -0.496831 -0.415136 -0.039666 -0.100620 -0.106414 0.323476 0.162742 -0.156671 -0.408984 0.205443 -0.032783 0.372765 0.142673 0.335292 0.009261 -0.349647 -0.383890 -0.307743 -0.388792 0.214833 0.103296 0.079171 0.399105 -0.154533 0.173211 0.303943 0.061402 -0.093180 0.201503 0.164513 0.155864 0.159970 0.233102 0.013159 0.105370 -0.044656 0.182838 -0.106561 -0.025537 -0.492843 -0.399928 -0.156189 -0.037934 -0.010584 0.017441 0.018834 -0.040298 -0.044312 0.231685 0.122431 0.118727 0.057790 -0.148778 -0.360575 -0.172721 0.044320 0.078574 0.034805 -0.044473 -0.088008 0.022309 0.113943 0.233408 0.123760 0.331883
-0.104796 -0.424425 -0.092861 -0.018075 -0.212346 0.242208 -0.109193 -0.029678 -0.316902 -0.008129 0.296008 0.104423 0.214554 0.189797 -0.144688 -0.116317 0.188350 0.156625 -0.182370 -0.264100 -0.250929 -0.130362 0.193517 0.440396 0.092181 0.381554 0.027258 0.153671 0.391133 0.323308 0.737655 1.000000 0.280365 0.328107 0.354564 0.073038 0.012078 -0.079316 -0.023744 0.077341 0.159253 0.221095 0.026911 0.042988 -0.062744 0.099359 -0.006041 -0.136425 -0.381142 -0.174334 -0.250052 -0.457199 -0.525240 -0.116837 -0.116840 -0.003520 0.109205 -0.025660 -0.411679 -0.552571 0.006226 -0.205941 0.494283 0.235490 0.509024 0.132541 -0.311649 -0.280384 -0.354935 -0.215722 0.194990 0.113463 0.282974 0.233202 0.111927 0.123040 0.283716 0.065100 0.149295 0.051746 0.148374 0.189951 0.114875 0.273163 0.132299 0.107791 0.124197 0.003777 -0.125922 -0.172571 -0.542417 -0.417474 -0.112305 -0.211237 0.048162 -0.187121 -0.100663 -0.234467 -0.113948 -0.080882 0.011261 0.012918 -0.052978 -0.321429 -0.283715 -0.059935 0.077359 0.034060 -0.196455 -0.190640 -0.073742 -0.203688 -0.008068 0.087060 0.071615 0.154734
0.119413 0.124285 -0.055686 -0.082924 -0.048064 -0.125835 -0.003767 -0.295633 -0.209021 -0.273951 0.480849 0.248510 0.293360 0.213211 -0.147947 -0.052049 0.441133 0.334236 0.136294 0.044456 -0.142879 -0.288590 -0.112098 0.025232 -0.103480 -0.154734 -0.220464 -0.113301 0.402564 0.192766 0.289679 0.280365 1.000000 0.691132 -0.043625 -0.176701 0.123134 -0.028071 -0.055554 -0.135500 0.118589 0.084122 -0.116901 -0.066202 0.006383 -0.001954 -0.183813 -0.228540 0.026309 0.160919 -0.036183 -0.092203 -0.326566 -0.221470 -0.083552 -0.050774 0.111745 0.245357 -0.102177 -0.216524 0.308843 -0.123596 0.539611 0.419838 0.199445 -0.036876 0.085787 -0.027958 0.202861 0.120706 -0.096331 -0.024612 0.324215 0.083508 0.245803 0.190589 0.034879 -0.025271 -0.008243 0.176720 0.155914 0.249307 0.004103 0.031951 -0.210969 -0.058197 0.044956 -0.184207 -0.246801 -0.200481 -0.270569 -0.231432 -0.290580 -0.032595 -0.031899 -0.055725 -0.112969 -0.008471 -0.061100 0.080325 -0.064348 0.374849 0.385150 0.108578 0.046838 -0.033171 0.080111 -0.170701 -0.089354 -0.111438 -0.059542 0.057180 0.116637 0.043108 -0.093330 0.061096
-0.025545 0.197713 -0.273571 -0.043201 -0.146405 -0.175841 -0.072749 -0.151732 -0.229675 -0.314141 0.434388 0.100944 0.191241 0.107366 -0.289878 -0.016844 0.489873 0.342095 0.088245 0.240171 -0.217957 -0.272908 -0.255218 0.093195 -0.232831 -0.069141 -0.131792 -0.128861 0.347429 0.318218 0.227839 0.328107 0.691132 1.000000 0.190128 0.098423 0.156866 0.016237 -0.052606 -0.139169 0.156491 0.226418 -0.042782 -0.030911 0.057389 0.081918 -0.182204 -0.199040 -0.145430 0.124611 -0.099766 -0.188694 -0.402892 -0.346024 -0.344791 -0.210627 0.004604 0.337255 -0.342070 -0.245094 0.066397 -0.130196 0.590205 0.666709 0.103978 0.037630 0.016260 0.074085 0.277744 0.176661 -0.138366 0.104578 0.264651 0.116317 0.385345 0.151554 0.054692 0.200664 0.037447 0.361854 0.358718 0.404423 -0.065413 0.061234 -0.069862 -0.127460 0.036600 -0.241950 -0.330053 -0.360290 -0.202665 -0.418205 -0.181199 -0.154691 -0.047492 -0.149482 -0.332012 -0.145072 -0.252074 -0.111808 0.032832 0.306063 0.292663 0.056463 0.069795 0.026106 0.011022 -0.154116 -0.165890 -0.226110 -0.037733 0.091221 0.040475 -0.023469 0.005344 0.126483
-0.491518 -0.422891 -0.101817 0.085769 -0.251096 0.081844 -0.049013 0.162804 -0.101265 0.163193 -0.127450 -0.069840 -0.121717 0.101330 -0.189453 -0.051899 -0.118661 -0.223625 -0.070176 -0.010795 -0.022647 0.014531 -0.042297 0.233944 -0.073396 0.297804 -0.054480 0.277472 -0.110991 0.141970 0.122409 0.354564 -0.043625 0.190128 1.000000 0.597042 0.015758 0.191464 -0.017663 0.036253 -0.004874 0.167166 -0.041058 -0.043443 0.003736 0.146765 -0.181556 -0.034399 -0.039561 -0.197337 0.167160 -0.076811 -0.235204 0.052085 -0.357268 -0.178387 -0.360456 -0.265767 -0.545431 -0.412588 -0.541442 -0.354251 0.048576 -0.091662 0.346162 0.384456 -0.174746 0.396743 -0.284496 -0.066135 0.076526 0.162197 0.008353 0.028368 0.076601 -0.051217 0.086494 0.283779 0.161795 0.125664 0.135615 0.080820 -0.172118 0.007954 0.444171 0.313378 0.073919 -0.260421 -0.105619 -0.312338 -0.188589 -0.164676 0.257068 -0.204792 -0.074642 -0.275830 -0.341371 -0.212677 -0.357461 -0.467568 -0.074140 -0.219532 -0.282035 -0.199867 -0.050050 0.002925 -0.163691 -0.128713 -0.289772 -0.229845 0.199775 -0.205795 -0.242150 -0.086444 0.032775 -0.106648
-0.429660 -0.286416 -0.176971 -0.091894 -0.244888 -0.164484 -0.129184 0.077201 -0.062479 0.044450 -0.105749 -0.197459 -0.195853 -0.178022 -0.233314 -0.112551 -0.168806 -0.083058 0.025434 0.065479 0.017315 -0.068949 -0.236249 -0.107777 -0.239963 0.081028 -0.164995 0.132600 -0.316880 0.043607 -0.066015 0.073038 -0.176701 0.098423 0.597042 1.000000 0.128840 0.300619 0.108995 0.174515 0.088753 0.206556 -0.059213 -0.079684 0.224275 0.294801 -0.160500 0.067559 0.242458 -0.009660 0.207732 0.028558 0.109186 0.073780 -0.282506 -0.046935 -0.365953 -0.263847 -0.286434 -0.100355 -0.324902 -0.144024 -0.034553 -0.065254 0.210903 0.500152 -0.070492 0.608270 -0.282119 -0.019164 -0.111602 0.186646 -0.006039 -0.150772 0.194825 -0.163581 -0.086589 0.203928 0.079757 0.082151 -0.131713 -0.049386 -0.228192 -0.284117 0.220428 0.069627 0.154997 -0.313890 -0.032432 -0.221901 0.094034 0.170488 0.255226 -0.037729 0.081602 -0.288362 -0.288122 -0.137210 -0.288078 -0.530716 -0.036274 -0.231022 -0.261268 -0.077140 0.220351 0.213646 -0.031670 0.036076 -0.226827 -0.177614 0.307335 -0.375395 -0.200278 -0.097180 -0.033772 -0.188707
