1.000000 0.480272 0.060015 -0.059264 -0.083180 -0.241020 0.071838 -0.115702 -0.162302 -0.127455 -0.246870 -0.288466 -0.376205 -0.335033 -0.276584 -0.225864 -0.166626 -0.233794 0.337024 0.290336 -0.024803 -0.015405 0.019314 -0.175983 -0.166689 -0.288476 -0.073533 -0.281713 0.052448 -0.124098 -0.212691 -0.193855 -0.057076 0.111922 0.020057 -0.101525 0.236884 0.158340 0.037345 0.240307 -0.158553 0.090142 -0.182764 -0.147496 -0.181746 -0.173895 -0.265440 -0.202197 -0.089087 -0.161328 -0.301733 -0.356884 -0.314990 -0.265992 0.249089 0.057111 0.489164 0.410052 0.475994 0.412472 0.613696 0.400757 0.087904 0.160432 0.433985 -0.098748 0.282903 0.042190 0.278444 0.123872 -0.161533 -0.221568 0.166997 -0.145069 -0.012293 -0.007480 0.003160 -0.107094 -0.092615 -0.091323 0.010682 0.033467 0.089372 0.040022 -0.084253 -0.265244 0.063457 0.181705 0.390381 0.152934 0.042468 -0.010063 -0.278316 0.071866 0.141696 0.041530 0.079125 0.185668 -0.044576 0.224038 0.111264 0.100469 0.055779 0.158152 0.205609 -0.071799 0.017981 0.135631 0.143106 0.090337 -0.159979 -0.043252 -0.071584 -0.101438 -0.256881 0.047071
0.480272 1.000000 0.414133 0.397544 -0.125738 -0.104278 0.211135 0.086959 -0.051098 -0.101440 -0.401973 -0.554110 -0.316426 -0.663927 -0.090363 -0.062089 -0.294611 -0.161698 0.546349 0.663543 -0.067445 0.165706 0.273207 0.012941 -0.177235 -0.320756 0.060048 -0.111251 -0.130083 -0.184005 -0.019281 -0.072605 -0.136008 -0.087179 -0.126878 -0.306001 0.083115 0.040518 -0.026585 0.381862 -0.266600 0.115495 -0.275667 -0.235503 -0.281742 -0.371022 -0.077913 -0.139910 -0.197092 -0.323008 -0.336214 -0.231401 -0.049087 0.035035 0.015511 0.175668 0.004689 0.479907 0.600404 0.622433 0.090362 0.020038 -0.352510 -0.152466 0.050774 -0.125873 0.595317 0.212898 0.724448 0.241110 -0.199339 -0.219764 -0.146654 -0.132584 -0.241900 -0.079727 -0.116955 -0.217321 -0.325132 -0.258254 -0.198026 -0.069377 -0.012208 0.015735 -0.330334 -0.254309 0.015725 0.091313 0.108955 0.202212 0.041466 -0.045539 -0.124334 0.094983 0.303043 0.061170 0.254971 0.327307 -0.006034 0.088246 -0.195829 0.053757 -0.022095 0.199068 0.111243 -0.081473 -0.120648 0.000544 0.166687 0.312081 -0.087662 -0.080274 -0.121461 -0.067665 -0.240385 -0.021559
0.060015 0.414133 1.000000 0.719683 0.105144 0.182149 0.767063 0.221068 0.043435 0.056166 -0.308769 -0.560010 -0.054656 -0.485621 -0.077123 -0.154183 -0.509324 -0.297872 0.555936 0.588181 0.018245 0.236075 0.658330 0.608727 0.013843 -0.173700 0.359580 0.299125 -0.462033 -0.304053 -0.122128 -0.317988 -0.107136 -0.274461 -0.061497 -0.118823 -0.333862 -0.027177 -0.120884 0.253393 -0.214386 0.219642 -0.370368 -0.329543 -0.123640 -0.397479 -0.084485 -0.206849 -0.052793 -0.393755 0.127728 -0.123792 0.184870 0.102444 0.303974 0.037084 -0.639686 -0.163290 0.163604 0.342413 -0.383158 -0.290904 -0.653441 -0.214579 -0.196802 -0.069134 0.414306 0.315655 0.146213 -0.199099 -0.326546 -0.395022 -0.233806 -0.225445 -0.438727 -0.220551 -0.449755 -0.472728 -0.256908 -0.205977 -0.324520 -0.234507 0.069087 -0.163362 -0.235723 -0.204318 0.162011 0.062410 0.297102 0.524668 -0.172541 -0.216072 0.089501 0.026042 0.010736 -0.222468 0.176538 0.013987 -0.050734 -0.164883 -0.075824 -0.009459 0.196078 0.307188 0.239422 0.132044 0.086965 0.066207 -0.218992 0.085080 -0.079580 -0.225054 -0.072460 -0.119741 -0.137583 -0.225802
-0.059264 0.397544 0.719683 1.000000 0.042208 0.207448 0.559558 0.047215 0.071197 0.172760 -0.238967 -0.433575 -0.188836 -0.437322 -0.057126 0.012720 -0.566430 -0.219593 0.607897 0.618597 0.047188 0.216494 0.336836 0.634070 0.018315 0.053002 0.476457 0.385208 -0.545334 -0.416076 -0.072593 -0.187258 -0.067111 -0.466076 -0.315668 -0.015863 -0.392790 -0.027448 -0.154329 0.126491 -0.149622 0.158246 -0.218681 -0.228730 0.008303 -0.148970 -0.081964 0.056090 -0.043392 -0.209489 0.169660 0.051055 0.478393 0.243875 0.167502 0.065285 -0.564324 -0.041074 0.163873 0.296663 -0.362300 -0.426923 -0.576888 -0.296801 -0.277954 -0.015386 0.432821 0.327518 0.254849 -0.082044 -0.362417 -0.261236 -0.392118 -0.254507 -0.299883 -0.051032 -0.537927 -0.438342 -0.398039 -0.350218 -0.506475 -0.464445 0.140579 -0.041711 -0.241663 -0.089065 -0.042948 0.230843 0.316582 0.554637 -0.133602 -0.132597 0.098347 -0.011769 -0.202364 -0.371193 0.009957 -0.148998 -0.094996 -0.267618 0.045774 -0.018252 0.164777 0.102706 0.021689 -0.032391 0.039956 -0.015411 -0.333271 -0.012639 0.069607 -0.188586 -0.059421 0.018535 -0.106923 -0.324524
-0.083180 -0.125738 0.105144 0.042208 1.000000 0.831671 -0.011539 0.024175 0.208717 0.301998 -0.228083 -0.020662 -0.157853 0.053284 0.317966 0.428575 -0.167777 -0.261144 0.034164 0.048616 0.288709 0.225364 0.245617 0.128966 0.561948 0.426336 0.583435 0.531964 -0.100394 -0.338563 -0.074891 -0.194213 0.010976 -0.047761 -0.144710 0.140882 0.131825 0.178809 0.404634 0.081073 0.348698 0.081376 0.048678 0.146778 -0.152388 -0.102907 0.179778 0.206372 -0.335296 -0.158910 -0.361345 -0.018454 0.024215 0.016883 -0.213879 0.241038 -0.149341 -0.219788 -0.091195 0.078977 -0.191049 0.091318 -0.230517 -0.057787 -0.330883 0.004419 -0.111343 0.104308 -0.117013 -0.177476 0.127687 0.036897 -0.266257 0.113588 0.144697 0.206501 0.023325 -0.007242 -0.313367 -0.131769 -0.109510 -0.063198 0.186990 0.170554 -0.040605 0.063363 -0.155043 -0.052580 -0.005467 0.090665 0.091401 0.265293 0.122841 0.106089 -0.175390 -0.009527 0.157359 0.023796 0.078046 0.058532 0.020027 -0.208539 -0.185233 0.010735 0.059778 -0.013216 -0.129545 -0.018414 -0.226794 0.185087 0.325275 0.205637 0.096523 -0.274072 -0.079678 -0.214829
-0.241020 -0.104278 0.182149 0.207448 0.831671 1.000000 -0.010704 0.045547 -0.066849 0.249254 -0.260709 -0.113202 -0.180964 0.022658 0.240156 0.396800 -0.258105 -0.302171 0.088719 0.136942 0.406089 0.452104 0.289439 0.347977 0.489373 0.543305 0.781442 0.822759 -0.089894 -0.411440 -0.064338 -0.074959 -0.080575 -0.212838 -0.274100 0.165226 0.037641 0.104115 0.296899 0.077531 0.478811 0.124599 0.042405 0.092591 -0.121551 -0.110087 0.168145 0.188378 -0.296782 -0.138431 -0.323611 0.091910 0.088524 0.095639 -0.292437 0.242873 -0.307340 -0.317079 -0.079023 0.158296 -0.342639 -0.020895 -0.276200 -0.219456 -0.418122 -0.053245 0.054111 0.096878 -0.033489 -0.110492 0.164707 0.186023 -0.291749 0.219507 0.200939 0.227706 -0.045782 -0.064728 -0.261574 -0.237899 -0.210944 -0.132449 0.273142 0.174600 -0.198613 0.005974 -0.191785 0.005683 -0.104543 0.157737 0.093601 0.252835 0.169242 0.187688 -0.211460 -0.082694 0.117645 0.004184 0.019811 0.082409 0.127663 -0.087574 -0.014762 0.070529 0.098437 -0.098697 0.009050 0.026657 -0.249943 0.250816 0.282662 0.139821 0.118592 -0.162598 -0.066950 -0.205979
0.071838 0.211135 0.767063 0.559558 -0.011539 -0.010704 1.000000 0.291174 0.131739 0.015935 0.071737 -0.206696 0.258554 -0.259293 -0.139726 -0.293730 -0.368601 -0.122211 0.284132 0.206534 -0.057167 -0.045933 0.447826 0.566241 -0.104463 -0.229928 0.264083 0.186969 -0.412310 -0.045467 0.091093 -0.236106 0.094189 -0.119894 0.045791 -0.073036 -0.298683 -0.063740 -0.188179 0.093818 -0.302809 0.256361 -0.417911 -0.403864 0.073401 -0.186073 -0.259706 -0.247214 0.136886 -0.163179 0.256915 -0.197187 0.066355 -0.145307 0.345993 -0.019857 -0.442089 -0.040487 -0.130568 -0.010686 -0.176360 -0.251463 -0.364253 0.052770 -0.125977 0.051019 0.016418 0.227602 -0.069621 -0.377912 -0.219978 -0.504471 -0.020314 -0.133751 -0.254665 -0.313029 -0.333443 -0.336444 -0.189443 -0.071931 -0.238033 -0.281403 0.170147 -0.190717 -0.194586 -0.188712 0.155906 0.150738 0.294645 0.493057 -0.306507 -0.433012 0.032076 -0.268810 -0.163665 -0.337939 0.076688 -0.081865 -0.013885 -0.104156 0.033405 -0.311336 0.116851 -0.027180 0.174916 0.119024 0.259168 0.159592 -0.288157 -0.206948 -0.102850 -0.207001 -0.077601 -0.169453 -0.113604 -0.273463
-0.115702 0.086959 0.221068 0.047215 0.024175 0.045547 0.291174 1.000000 0.055991 -0.083294 -0.099169 0.008607 0.247627 0.154965 0.020168 0.076178 -0.236989 -0.239005 -0.132466 -0.216278 -0.327714 -0.107733 0.080115 -0.042620 -0.002666 -0.215675 -0.007492 0.037419 -0.288118 0.019640 0.046102 -0.137514 0.210839 0.383937 0.337318 -0.091437 -0.293522 -0.199648 -0.196663 -0.047194 -0.203788 0.048917 -0.250545 -0.326654 -0.067521 -0.202544 -0.152833 -0.345679 -0.001705 -0.001177 0.128075 -0.004277 -0.079985 0.007224 0.082594 -0.111685 -0.131858 -0.088620 -0.241695 -0.142033 -0.086205 0.206296 -0.158286 0.013731 -0.012067 0.292352 -0.174179 0.272766 -0.244603 -0.072200 0.019628 -0.303732 -0.219860 0.067838 -0.263694 -0.427611 0.071276 -0.075574 -0.322491 -0.056473 -0.280411 -0.143546 -0.186157 -0.355201 -0.210875 -0.221957 0.016341 -0.079498 0.021202 0.197409 0.161045 0.011408 0.343241 -0.212838 0.136022 0.001011 0.054131 0.013097 -0.183338 -0.097934 -0.063981 -0.398448 -0.420145 -0.397456 -0.242821 0.004007 0.355686 0.413819 0.017657 0.072315 -0.186307 -0.302317 -0.280687 -0.003153 0.136299 0.256414
-0.162302 -0.051098 0.043435 0.071197 0.208717 -0.066849 0.131739 0.055991 1.000000 0.665214 0.110278 0.065633 0.080910 0.161990 0.511711 0.411606 0.042628 -0.005507 0.058912 0.050059 -0.163296 -0.193320 -0.085289 -0.123943 0.359528 0.171327 0.026451 -0.081242 -0.120031 0.134409 -0.079046 -0.332990 0.114373 0.249895 0.097717 0.111425 -0.148857 0.034952 -0.057410 0.081319 -0.336455 0.140929 -0.225992 -0.194910 0.021019 0.063014 -0.233155 -0.187975 -0.057463 -0.008727 0.017918 -0.111805 -0.094289 -0.214976 -0.233015 -0.241210 -0.139842 -0.064908 -0.036131 -0.053142 0.042571 0.101211 -0.098233 -0.060012 -0.065743 0.354248 -0.029202 0.264034 -0.023595 -0.191629 -0.097921 -0.263191 -0.227989 0.004272 -0.080102 0.054714 -0.117095 -0.127171 0.034017 0.021908 0.171278 0.052198 -0.348203 0.055652 0.244422 0.197419 0.000607 -0.094701 0.142606 -0.049727 -0.058992 0.110142 0.133606 -0.256971 0.137704 0.270502 -0.118508 -0.178500 -0.108213 -0.157590 -0.219011 -0.347986 -0.325445 -0.094062 -0.231300 0.047299 -0.352857 -0.227158 0.174451 0.012639 -0.055024 0.020598 0.118936 -0.286461 -0.176494 -0.090132
-0.127455 -0.101440 0.056166 0.172760 0.301998 0.249254 0.015935 -0.083294 0.665214 1.000000 -0.132449 -0.032221 -0.320051 0.197192 0.391084 0.667159 -0.135124 -0.346441 0.071895 0.189208 0.097012 0.118152 -0.169431 -0.016818 0.714505 0.636637 0.444100 0.236038 -0.225304 -0.233532 -0.370369 -0.486838 -0.034076 0.028187 -0.083981 0.290389 -0.258150 -0.106363 -0.097263 0.011906 0.022990 0.041190 -0.268556 -0.309641 0.099199 0.112192 -0.428260 -0.286326 0.036422 0.054058 0.041771 0.013824 -0.088841 -0.165500 -0.205797 -0.448050 -0.172306 -0.252195 0.195156 0.179961 0.133645 0.232495 -0.066509 -0.111838 0.031829 0.430653 0.150195 0.403578 0.059065 -0.025429 -0.108608 -0.033290 -0.404187 0.023801 -0.071022 0.078598 -0.266641 -0.084574 -0.027180 -0.312302 -0.041331 -0.149714 -0.256373 0.121910 0.106394 -0.003876 -0.016482 -0.065727 0.277064 -0.016686 0.166941 0.331659 0.292862 0.058156 0.169555 0.323071 -0.316687 -0.255509 -0.318620 -0.220072 0.038851 -0.044816 -0.068572 -0.009359 -0.141539 0.007353 -0.200201 -0.075133 0.248800 0.076704 -0.203867 -0.183702 -0.022680 -0.262260 -0.160830 0.048970
-0.246870 -0.401973 -0.308769 -0.238967 -0.228083 -0.260709 0.071737 -0.099169 0.110278 -0.132449 1.000000 0.687377 0.686533 0.445161 0.084038 -0.140421 0.387679 0.366514 -0.379823 -0.451647 -0.042202 -0.301868 -0.087818 -0.081203 -0.220812 -0.034588 -0.256027 -0.186097 0.248663 0.269781 0.509256 0.352172 0.276761 0.172238 0.210719 0.311975 -0.067521 0.102870 -0.009312 -0.268234 -0.058733 0.099809 0.113623 0.045562 0.255036 0.398609 0.057849 0.093250 0.056432 0.205527 0.116529 -0.241488 -0.162913 -0.306458 -0.039277 0.013013 0.159919 0.005936 -0.533144 -0.622231 0.043628 -0.205221 0.452447 0.062885 0.046098 0.092977 -0.528922 -0.385451 -0.298426 -0.147698 0.145328 0.167177 0.259785 0.188632 0.336200 0.073418 0.129871 0.191925 0.279968 0.222178 0.251524 -0.045004 0.036800 0.066414 0.236631 0.178101 -0.108113 -0.112114 -0.366330 -0.144097 -0.252289 -0.240559 -0.233825 -0.269656 -0.113658 -0.140095 -0.016225 0.115702 0.177938 -0.096739 0.106019 -0.146019 -0.116502 -0.206706 -0.109576 0.047924 -0.209543 -0.229711 -0.093948 -0.180686 0.223426 0.198176 0.156340 0.207991 0.245696 0.103956
-0.288466 -0.554110 -0.560010 -0.433575 -0.020662 -0.113202 -0.206696 0.008607 0.065633 -0.032221 0.687377 1.000000 0.455665 0.688655 0.008531 -0.048029 0.483557 0.323556 -0.616566 -0.664111 -0.093100 -0.422283 -0.347443 -0.287353 -0.012064 0.128077 -0.316076 -0.222106 0.296453 0.232972 0.332399 0.198433 0.457415 0.263957 0.255889 0.185121 0.003458 -0.158909 -0.006358 -0.493048 0.131868 -0.207168 0.290383 0.161500 0.310722 0.552773 0.050250 0.044555 0.273614 0.510341 0.238439 0.020381 -0.164124 -0.250089 -0.142121 -0.198019 0.286671 -0.128472 -0.544676 -0.687399 0.211102 0.028304 0.670843 0.228059 0.233454 0.357124 -0.648107 -0.303450 -0.523077 -0.078784 0.178018 0.196958 0.080473 0.165283 0.325126 0.075459 0.301017 0.383280 0.263777 0.332398 0.182387 0.015345 -0.137658 0.008721 0.073192 0.158978 -0.177744 -0.325432 -0.419809 -0.384153 -0.161846 -0.138894 -0.095138 -0.178770 -0.140031 0.021471 -0.193114 -0.005354 -0.095423 -0.230358 0.313385 -0.196706 -0.138135 -0.350882 -0.084014 0.072819 0.045244 0.051245 0.002339 -0.321153 0.084037 0.054607 -0.135206 0.140341 0.283792 0.279250
-0.376205 -0.316426 -0.054656 -0.188836 -0.157853 -0.180964 0.258554 0.247627 0.080910 -0.320051 0.686533 0.455665 1.000000 0.317704 0.246422 -0.203329 0.438823 0.426205 -0.339625 -0.491026 -0.129326 -0.226316 0.087082 0.032447 -0.225346 -0.217939 -0.277307 -0.128595 0.298758 0.549691 0.654264 0.437162 0.355389 0.254352 0.251175 0.004767 -0.037545 -0.011341 -0.039812 -0.297691 -0.216950 0.213773 -0.118026 -0.102060 -0.046616 -0.038455 0.022360 -0.075965 0.020585 -0.066327 0.102438 -0.283694 -0.057494 -0.216905 -0.036800 0.027913 -0.028538 0.002754 -0.626347 -0.591739 -0.156939 -0.303993 0.251123 0.175548 -0.098393 -0.088033 -0.548850 -0.331806 -0.360951 -0.292150 0.290134 0.051014 0.368108 0.318357 0.164218 -0.120271 0.260184 0.149646 0.176627 0.369762 0.358863 0.118029 -0.041586 -0.167469 0.009262 0.072511 -0.064083 -0.201661 -0.556933 -0.048278 -0.269979 -0.406377 -0.077603 -0.388578 -0.108366 -0.142819 0.051962 0.098745 0.177984 0.004586 -0.130922 -0.285870 -0.173252 -0.235847 -0.029384 0.085793 -0.012579 0.032081 -0.170745 -0.081074 0.083874 0.023797 0.146909 0.322732 0.409137 0.139449
-0.335033 -0.663927 -0.485621 -0.437322 0.053284 0.022658 -0.259293 0.154965 0.161990 0.197192 0.445161 0.688655 0.317704 1.000000 0.142646 0.293007 0.365686 0.098310 -0.533989 -0.559233 -0.048694 -0.235810 -0.411916 -0.345392 0.160395 0.254554 -0.102734 -0.050739 0.275643 0.196922 0.058786 0.087749 0.238240 0.367424 0.298340 0.298003 -0.083446 -0.241422 -0.026067 -0.510830 0.241328 -0.050324 0.090021 -0.021211 0.019889 0.198098 -0.137063 -0.208260 0.140470 0.260556 0.218555 -0.012295 -0.270316 -0.289369 -0.113557 -0.368033 0.170021 -0.372976 -0.441916 -0.585903 0.147382 0.241444 0.470983 0.348398 0.243842 0.433787 -0.585973 -0.288093 -0.507594 -0.084807 0.316953 0.317084 0.058488 0.395685 0.349566 0.174125 0.359038 0.536814 0.261276 0.106179 0.282692 0.159778 -0.168975 0.021206 0.160544 0.148772 -0.104730 -0.287773 -0.220815 -0.285467 -0.052011 -0.021867 0.088449 -0.163902 -0.119614 0.140896 -0.381024 -0.149175 -0.244931 -0.139964 0.254253 -0.093146 -0.155409 -0.248152 -0.176820 -0.004787 0.055244 0.096861 -0.015249 -0.195190 -0.115100 -0.107419 -0.040910 0.113998 0.357814 0.308262
-0.276584 -0.090363 -0.077123 -0.057126 0.317966 0.240156 -0.139726 0.020168 0.511711 0.391084 0.084038 0.008531 0.246422 0.142646 1.000000 0.598596 0.175672 -0.036053 0.042683 0.008381 0.026825 0.021831 0.064132 -0.155022 0.474831 0.381235 0.177574 0.117597 0.201740 0.117980 0.207906 0.115081 0.167967 0.194018 0.001034 0.077089 -0.048051 0.184660 0.081348 -0.059162 0.027417 0.219499 -0.160881 -0.026467 -0.310078 -0.237586 0.021611 -0.039391 -0.371940 -0.344031 -0.148023 -0.192264 0.038996 -0.029737 -0.364214 -0.034719 -0.126443 -0.099832 -0.105489 -0.062487 -0.211289 -0.133012 -0.087956 -0.245664 -0.169718 0.005195 -0.003911 0.047020 0.101113 -0.156684 0.216646 0.063112 -0.028907 0.319272 0.228826 0.185602 0.246069 0.108743 -0.163312 -0.205339 0.204713 0.035655 -0.177797 0.207627 0.315347 0.253389 -0.285234 -0.234747 -0.216123 -0.199292 -0.027852 0.086668 0.083030 -0.051536 0.067984 0.129360 0.016062 -0.085847 0.012194 0.012373 -0.413881 -0.175588 -0.423702 -0.072521 -0.296720 0.009902 -0.479753 -0.296498 0.022727 0.204381 0.216579 0.167139 0.225739 0.103797 0.135240 -0.014879
-0.225864 -0.062089 -0.154183 0.012720 0.428575 0.396800 -0.293730 0.076178 0.411606 0.667159 -0.140421 -0.048029 -0.203329 0.293007 0.598596 1.000000 -0.023696 -0.282037 0.120805 0.151311 0.072786 0.192514 -0.160482 -0.244224 0.692863 0.582255 0.346091 0.221307 -0.028037 -0.177967 -0.145220 -0.073176 -0.072646 0.137660 -0.041844 0.112003 -0.108941 0.057477 0.001339 -0.062477 0.233505 0.072718 -0.139881 -0.061025 -0.241911 -0.154530 -0.147177 -0.080386 -0.320377 -0.270433 -0.167465 -0.140983 0.033935 -0.004794 -0.339068 -0.170804 -0.053326 -0.185012 0.138556 0.055494 -0.006250 0.146285 -0.161806 -0.091027 -0.045686 0.152873 0.074924 0.135556 0.164558 -0.009865 0.154439 0.200432 -0.266003 0.273470 0.133615 0.294472 0.112389 0.150919 -0.230981 -0.415221 0.003282 -0.024627 -0.152205 0.215403 0.231658 0.098160 -0.244536 -0.124588 0.040895 -0.138391 0.207464 0.403665 0.188574 0.216376 0.093048 0.319787 -0.090698 -0.142007 -0.188038 0.005183 -0.173267 0.069514 -0.347760 -0.105684 -0.404409 -0.085530 -0.319094 -0.094665 0.155526 0.325657 0.092379 0.015135 0.055075 -0.057770 -0.011811 0.028339
-0.166626 -0.294611 -0.509324 -0.566430 -0.167777 -0.258105 -0.368601 -0.236989 0.042628 -0.135124 0.387679 0.483557 0.438823 0.365686 0.175672 -0.023696 1.000000 0.685910 -0.405129 -0.349168 -0.087039 -0.235472 -0.198740 -0.482746 -0.158307 -0.118155 -0.385141 -0.297129 0.578808 0.489560 0.274986 0.361861 0.022177 0.203070 0.006107 0.044924 0.258195 -0.033766 0.069056 -0.330655 0.102859 -0.059795 0.129004 0.158840 -0.031295 0.095692 0.016498 -0.024635 0.047513 0.098100 -0.049811 -0.126031 -0.281117 -0.156484 -0.166605 -0.118846 0.342814 0.103935 -0.296695 -0.408628 0.134069 -0.065211 0.523956 0.377556 0.129343 -0.108329 -0.406969 -0.384429 -0.040590 0.192900 0.182333 0.398400 0.257722 0.288799 0.423623 0.254612 0.441988 0.354056 0.566047 0.524886 0.714465 0.494261 -0.272381 -0.032093 0.270078 0.260436 -0.261952 -0.448684 -0.553103 -0.542689 -0.152257 -0.154784 -0.168341 -0.136499 0.063853 0.118685 -0.131905 0.047164 -0.050361 -0.074487 -0.079817 0.094548 0.001410 -0.018990 -0.009972 0.160482 -0.142648 -0.168464 0.130632 -0.008993 -0.140542 -0.061000 -0.012981 0.184832 0.393714 0.237331
-0.233794 -0.161698 -0.297872 -0.219593 -0.261144 -0.302171 -0.122211 -0.239005 -0.005507 -0.346441 0.366514 0.323556 0.426205 0.098310 -0.036053 -0.282037 0.685910 1.000000 -0.147240 -0.149640 -0.092772 -0.231500 -0.052973 -0.188487 -0.367478 -0.278079 -0.423075 -0.224321 0.347043 0.550278 0.435436 0.503527 0.046978 -0.046607 -0.102913 0.005929 0.159056 0.077025 0.041471 -0.257006 -0.067342 0.103894 0.104545 0.169546 0.115061 0.213375 0.103845 0.191381 0.125817 0.128725 0.100692 0.027282 0.060180 -0.027830 -0.155616 -0.040089 0.130225 0.236528 -0.329656 -0.360802 -0.158636 -0.392764 0.276198 0.325453 -0.146132 -0.236259 -0.251405 -0.299751 0.021823 0.103190 -0.010819 0.215214 0.342305 0.222536 0.376231 0.230284 0.249514 0.100412 0.324556 0.452141 0.501577 0.328675 -0.234522 -0.084649 0.264480 0.318971 -0.381171 -0.299239 -0.475488 -0.426243 -0.328507 -0.291492 -0.311971 -0.276299 -0.266448 -0.176120 -0.096311 0.030850 0.032538 -0.098733 -0.172187 0.003787 0.065441 -0.006659 -0.028281 0.220268 -0.128989 -0.309695 -0.175976 -0.195514 0.068030 0.003117 -0.051879 0.158405 0.248157 -0.150459
0.337024 0.546349 0.555936 0.607897 0.034164 0.088719 0.284132 -0.132466 0.058912 0.071895 -0.379823 -0.616566 -0.339625 -0.533989 0.042683 0.120805 -0.405129 -0.147240 1.000000 0.815508 -0.012432 0.280102 0.281652 0.366849 0.091041 -0.072171 0.220098 0.126887 -0.190875 -0.157929 -0.054026 -0.049058 -0.072282 -0.249733 -0.145319 -0.295026 -0.061320 0.341124 -0.097565 0.340965 -0.062202 0.444697 -0.245518 -0.112022 -0.204347 -0.296991 -0.087135 -0.009304 -0.155637 -0.437445 -0.092568 -0.283734 0.184450 -0.013609 0.017516 0.133218 -0.226932 0.151540 0.399988 0.475964 -0.138960 -0.209697 -0.517255 -0.303955 -0.049722 -0.394708 0.682979 0.254626 0.494495 -0.069771 -0.380999 -0.295876 -0.001572 -0.081337 -0.119097 0.137837 -0.275560 -0.483380 -0.252734 -0.320214 -0.130782 -0.077146 0.043624 0.111037 0.010638 0.024672 -0.091706 0.183047 0.314481 0.296446 -0.281063 -0.131516 -0.390603 0.133682 -0.137382 -0.180902 0.156709 -0.011866 0.027114 0.104914 -0.169169 0.190307 0.071515 0.372923 0.067960 0.012350 -0.247976 -0.160907 -0.188000 0.200531 0.108269 0.024073 0.124062 -0.046910 -0.342050 -0.404764
0.290336 0.663543 0.588181 0.618597 0.048616 0.136942 0.206534 -0.216278 0.050059 0.189208 -0.451647 -0.664111 -0.491026 -0.559233 0.008381 0.151311 -0.349168 -0.149640 0.815508 1.000000 0.007233 0.274598 0.331138 0.227231 0.073837 -0.015393 0.307957 0.162500 -0.249504 -0.372674 -0.219360 -0.175907 -0.333923 -0.411817 -0.238432 -0.067846 -0.103691 0.170434 -0.130683 0.286232 -0.042078 0.181543 -0.213340 -0.166351 -0.185098 -0.296308 -0.043517 -0.048266 -0.177951 -0.370395 -0.128468 -0.156218 0.166185 0.137274 0.004337 0.063485 -0.315188 0.149106 0.604130 0.696916 -0.165852 -0.183984 -0.577810 -0.287583 -0.092181 -0.247322 0.790427 0.339971 0.692302 0.282834 -0.423420 -0.138961 -0.203205 -0.149852 -0.177887 0.160844 -0.298960 -0.383915 -0.227192 -0.403126 -0.174183 -0.103086 -0.017710 0.095506 -0.077326 -0.100176 -0.132956 0.009807 0.255422 0.188447 -0.141447 -0.037617 -0.162639 0.182460 0.093233 -0.108156 0.078850 0.037447 -0.154258 -0.101458 -0.119306 0.322664 0.192136 0.467952 0.172107 0.061256 -0.292665 -0.266802 -0.027190 0.201351 -0.040265 -0.131207 -0.072077 -0.058043 -0.243810 -0.272985
-0.024803 -0.067445 0.018245 0.047188 0.288709 0.406089 -0.057167 -0.327714 -0.163296 0.097012 -0.042202 -0.093100 -0.129326 -0.048694 0.026825 0.072786 -0.087039 -0.092772 -0.012432 0.007233 1.000000 0.679190 0.169437 0.313956 0.141496 0.423618 0.471358 0.352130 0.083384 -0.052098 0.095098 0.259738 -0.233423 -0.035085 -0.319879 0.093733 0.491787 0.185501 0.465625 0.121450 0.443038 0.119243 0.017148 0.058787 -0.219830 -0.215070 0.065214 0.173159 -0.338092 -0.296542 -0.444159 -0.079204 -0.005527 -0.104628 -0.033847 0.212220 -0.034133 -0.257381 0.064644 0.100182 -0.092731 0.055035 -0.064139 -0.025519 -0.153553 0.029598 -0.028864 -0.212557 0.095606 -0.112655 0.538476 0.529809 0.061741 0.291571 0.104949 0.319110 -0.079426 0.329081 -0.111577 -0.080178 0.112980 0.205595 0.491527 0.337751 -0.120040 -0.058936 0.208749 0.157525 -0.119177 0.075283 0.159285 0.098648 0.021880 0.162820 -0.162624 0.034299 0.257053 0.303609 0.024787 0.216674 0.149671 -0.044959 0.293287 0.067392 0.079647 -0.310661 -0.045995 -0.076871 -0.107592 0.226339 0.131756 0.141564 0.358860 -0.197065 -0.235856 -0.108184
-0.015405 0.165706 0.236075 0.216494 0.225364 0.452104 -0.045933 -0.107733 -0.193320 0.118152 -0.301868 -0.422283 -0.226316 -0.235810 0.021831 0.192514 -0.235472 -0.231500 0.280102 0.274598 0.679190 1.000000 0.272093 0.389542 0.239022 0.387032 0.490473 0.449723 0.063714 -0.128074 -0.133346 0.135523 -0.321177 -0.087675 -0.286618 0.003207 0.320838 0.208535 0.291449 0.375342 0.372159 0.346476 -0.180593 -0.056729 -0.333712 -0.364164 -0.091106 -0.012881 -0.276243 -0.452507 -0.485534 -0.086957 -0.035056 -0.007263 -0.033327 0.154082 -0.199279 -0.265505 0.291699 0.332852 -0.159051 0.055551 -0.316508 -0.254411 -0.053877 -0.101454 0.239862 -0.137253 0.232766 -0.064400 0.200872 0.357449 -0.030367 0.278682 -0.036085 0.228101 -0.269962 -0.025564 -0.157297 -0.176353 -0.048146 0.189811 0.259727 0.272271 -0.213174 -0.218814 0.313471 0.370802 0.044067 0.321786 0.264327 0.236530 -0.050069 0.205630 0.003412 0.240996 0.377270 0.298446 0.104311 0.391140 0.078179 0.076463 0.204766 0.240665 0.088419 -0.289169 0.027499 0.073853 0.026836 0.575200 -0.018573 0.102477 0.226522 -0.185948 -0.388241 -0.185846
0.019314 0.273207 0.658330 0.336836 0.245617 0.289439 0.447826 0.080115 -0.085289 -0.169431 -0.087818 -0.347443 0.087082 -0.411916 0.064132 -0.160482 -0.198740 -0.052973 0.281652 0.331138 0.169437 0.272093 1.000000 0.528411 -0.025171 -0.102131 0.290348 0.392794 -0.128602 -0.149920 0.166688 0.056896 -0.088630 -0.209517 -0.113696 -0.036438 -0.155991 0.025058 0.200422 0.237868 -0.065397 0.180551 -0.147995 -0.018149 -0.172141 -0.370229 0.163106 0.101672 -0.263703 -0.368539 -0.226749 -0.128850 -0.007438 0.065673 0.117554 0.287125 -0.509271 -0.248754 -0.053715 0.124372 -0.418722 -0.381868 -0.415163 -0.133031 -0.326785 -0.268485 0.125296 -0.074316 0.043905 -0.216960 -0.082726 -0.129955 -0.066839 -0.022232 -0.116565 0.002581 -0.247665 -0.310126 -0.152258 -0.000644 -0.121249 -0.057600 0.179900 0.059097 0.019092 -0.079092 0.078845 -0.062179 -0.003431 0.225524 -0.203036 -0.132123 -0.082888 -0.055792 0.064882 -0.138275 0.303093 0.246793 0.093566 -0.007370 -0.127201 0.011814 0.182103 0.365878 0.221331 0.170565 -0.050640 -0.020277 -0.100588 0.106985 0.092894 0.074933 -0.031059 -0.089268 0.003663 -0.205930
-0.175983 0.012941 0.608727 0.634070 0.128966 0.347977 0.566241 -0.042620 -0.123943 -0.016818 -0.081203 -0.287353 0.032447 -0.345392 -0.155022 -0.244224 -0.482746 -0.188487 0.366849 0.227231 0.313956 0.389542 0.528411 1.000000 0.061540 0.193898 0.493128 0.521482 -0.301782 -0.132728 0.070828 0.019946 0.071820 -0.406713 -0.225358 -0.144685 -0.128735 0.100404 0.095606 0.212272 0.011771 0.271362 -0.043176 -0.015406 0.116382 -0.087246 0.046863 0.193819 0.071739 -0.129167 0.086359 0.039839 0.303391 0.041497 0.177708 0.262734 -0.617364 -0.368899 -0.176034 0.081448 -0.411744 -0.415526 -0.303197 -0.333536 -0.292489 -0.211584 0.135511 0.120943 -0.180692 -0.391517 -0.115552 -0.133781 -0.071187 -0.123042 -0.253078 -0.114955 -0.505449 -0.378661 -0.136484 0.009801 -0.295268 -0.238755 0.412664 0.061353 -0.212725 -0.018854 0.280976 0.378845 0.169832 0.504992 -0.329082 -0.278952 -0.109154 -0.091863 -0.362670 -0.445474 0.202314 -0.028221 0.092241 -0.062202 0.117106 -0.116018 0.306595 0.182221 0.229803 0.006858 0.148680 0.028530 -0.436140 -0.136183 0.103968 0.023155 0.132441 -0.161807 -0.218868 -0.490362
-0.166689 -0.177235 0.013843 0.018315 0.561948 0.489373 -0.104463 -0.002666 0.359528 0.714505 -0.220812 -0.012064 -0.225346 0.160395 0.474831 0.692863 -0.158307 -0.367478 0.091041 0.073837 0.141496 0.239022 -0.025171 0.061540 1.000000 0.742083 0.406603 0.322237 -0.133723 -0.200596 -0.181712 -0.238348 0.142860 0.050871 0.055147 0.160027 -0.195228 0.042031 0.099536 0.060248 0.200389 0.216843 -0.218771 -0.168699 -0.003195 0.042259 -0.325190 -0.212743 -0.006071 -0.078965 0.034844 -0.046043 -0.033477 -0.115996 -0.277136 -0.319484 -0.140875 -0.308526 0.094092 0.115766 0.059776 0.129601 -0.015953 -0.190319 0.036702 0.193545 0.098871 0.313005 -0.071017 -0.192521 -0.013463 0.057504 -0.248669 0.094290 -0.027220 0.036798 -0.193107 -0.105576 -0.158960 -0.282507 -0.087130 -0.101222 -0.165616 0.058925 0.137615 -0.027785 -0.070287 -0.111119 0.057980 -0.130653 0.083021 0.317377 0.079358 0.310613 0.002512 0.265594 -0.132176 -0.177265 -0.234968 -0.073825 0.001387 0.079359 -0.117671 0.124964 -0.001396 0.164598 -0.189190 -0.001872 0.116375 0.146540 -0.060442 -0.112551 -0.039720 -0.189170 -0.135567 -0.005951
-0.288476 -0.320756 -0.173700 0.053002 0.426336 0.543305 -0.229928 -0.215675 0.171327 0.636637 -0.034588 0.128077 -0.217939 0.254554 0.381235 0.582255 -0.118155 -0.278079 -0.072171 -0.015393 0.423618 0.387032 -0.102131 0.193898 0.742083 1.000000 0.566261 0.511685 0.024333 -0.216603 -0.066542 -0.021356 0.018554 -0.100998 -0.209746 0.240440 0.029902 0.009905 0.066890 -0.142139 0.478189 0.077910 0.065110 -0.023679 0.041546 0.177182 -0.152323 0.062470 -0.063288 0.040015 -0.066183 0.081879 0.097714 -0.019175 -0.356607 -0.207127 -0.193739 -0.438179 -0.004830 0.050900 0.005249 0.073852 0.109787 -0.216580 -0.109026 0.185600 0.010402 0.116288 -0.099606 -0.109876 0.255332 0.383498 -0.168105 0.267364 0.204820 0.175330 -0.108942 0.122161 -0.149612 -0.332273 -0.042469 -0.104200 0.087612 0.282427 0.028770 -0.001793 -0.092164 -0.041653 -0.100037 -0.158675 0.152255 0.263396 0.075546 0.104730 -0.042289 0.180471 -0.136548 -0.108793 -0.165824 -0.044461 0.134071 -0.000702 0.014250 -0.018015 -0.090043 -0.171822 -0.162838 -0.074771 0.091247 0.021698 0.057434 0.057776 0.092984 -0.130778 -0.060854 -0.039855
-0.073533 0.060048 0.359580 0.476457 0.583435 0.781442 0.264083 -0.007492 0.026451 0.444100 -0.256027 -0.316076 -0.277307 -0.102734 0.177574 0.346091 -0.385141 -0.423075 0.220098 0.307957 0.471358 0.490473 0.290348 0.493128 0.406603 0.566261 1.000000 0.833441 -0.272000 -0.457825 -0.163356 -0.197696 -0.199938 -0.331664 -0.451150 0.221108 -0.044818 -0.010311 0.147501 0.079371 0.350001 0.156350 -0.204445 -0.206316 -0.128637 -0.210400 -0.109586 0.051384 -0.246053 -0.180969 -0.257028 0.074866 0.139874 0.097996 -0.101915 0.133161 -0.361284 -0.235171 0.113737 0.328282 -0.184918 -0.008411 -0.334602 -0.170254 -0.352371 0.046277 0.169200 0.223415 0.110845 -0.050825 0.106666 0.163915 -0.322567 0.153165 0.075163 0.176187 -0.255994 -0.087177 -0.314101 -0.438753 -0.267663 -0.303680 0.366686 0.188942 -0.245956 -0.159032 -0.084017 0.145095 0.143616 0.350744 0.143579 0.139514 0.213900 0.058532 -0.101996 -0.148316 -0.043778 -0.078514 -0.118043 -0.045625 0.146595 -0.083644 0.134316 0.028020 0.063341 -0.196358 0.050686 0.078407 -0.186191 0.150265 0.070813 -0.090553 0.100969 -0.164952 -0.053498 -0.182861
-0.281713 -0.111251 0.299125 0.385208 0.531964 0.822759 0.186969 0.037419 -0.081242 0.236038 -0.186097 -0.222106 -0.128595 -0.050739 0.117597 0.221307 -0.297129 -0.224321 0.126887 0.162500 0.352130 0.449723 0.392794 0.521482 0.322237 0.511685 0.833441 1.000000 -0.238662 -0.355328 -0.029465 -0.018490 -0.171795 -0.317954 -0.394348 0.173754 -0.142892 -0.015331 0.091648 0.067914 0.347639 0.231149 -0.093661 -0.078524 -0.046524 -0.095706 0.027787 0.134532 -0.148606 -0.103238 -0.154906 0.203116 0.147905 0.182587 -0.278857 0.150985 -0.436607 -0.351646 -0.087490 0.149922 -0.342143 -0.190373 -0.302480 -0.142618 -0.446376 -0.090998 0.114926 0.091441 -0.035158 -0.170846 0.105083 0.162108 -0.243003 0.225380 0.215481 0.212755 -0.164827 -0.206602 -0.140742 -0.294402 -0.248137 -0.232895 0.247843 0.094708 -0.147677 -0.070046 -0.209042 0.070649 -0.050872 0.205884 0.029660 0.123634 0.162131 0.054880 -0.196796 -0.146642 -0.052006 -0.113157 -0.037203 0.052181 0.123746 -0.007790 0.180507 0.165568 0.115059 -0.051892 0.102896 0.033772 -0.207256 0.094928 0.145449 0.024322 0.100682 -0.140300 0.034841 -0.253939
0.052448 -0.130083 -0.462033 -0.545334 -0.100394 -0.089894 -0.412310 -0.288118 -0.120031 -0.225304 0.248663 0.296453 0.298758 0.275643 0.201740 -0.028037 0.578808 0.347043 -0.190875 -0.249504 0.083384 0.063714 -0.128602 -0.301782 -0.133723 0.024333 -0.272000 -0.238662 1.000000 0.415520 0.247379 0.355861 -0.006848 0.205978 0.057515 -0.098117 0.561808 0.038574 0.087240 -0.260574 0.340604 0.015085 0.191306 0.250283 -0.354332 -0.066533 0.133998 0.061884 -0.180595 -0.101120 -0.376669 -0.290111 -0.358437 -0.300219 -0.268573 0.060529 0.311988 -0.016189 -0.076101 -0.181616 0.204187 0.118621 0.389875 0.103898 0.127216 -0.236159 -0.251800 -0.592756 -0.039025 -0.049982 0.321069 0.421301 0.618263 0.362574 0.425909 0.152138 0.537082 0.411091 0.335226 0.338856 0.660334 0.511453 0.112342 0.403861 0.028794 0.144098 -0.017244 -0.164840 -0.425144 -0.305665 -0.054707 -0.164210 -0.380950 -0.221285 0.127408 0.307567 0.128204 0.335129 0.231492 0.364170 -0.129480 -0.009838 -0.073061 0.010760 -0.032153 -0.340166 -0.199694 -0.045695 0.174381 0.139197 0.154916 0.280152 0.234205 0.238928 0.152895 0.167567
-0.124098 -0.184005 -0.304053 -0.416076 -0.338563 -0.411440 -0.045467 0.019640 0.134409 -0.233532 0.269781 0.232972 0.549691 0.196922 0.117980 -0.177967 0.489560 0.550278 -0.157929 -0.372674 -0.052098 -0.128074 -0.149920 -0.132728 -0.200596 -0.216603 -0.457825 -0.355328 0.415520 1.000000 0.450863 0.455328 0.244866 0.317789 0.116410 -0.333934 0.234543 0.044859 0.081868 -0.069564 -0.293994 0.320465 -0.200364 -0.125278 -0.104417 -0.069204 -0.182873 -0.166873 0.195001 -0.006665 -0.019146 -0.102228 -0.145360 -0.278848 -0.129279 -0.111294 0.199191 0.169965 -0.232252 -0.304886 0.094493 -0.073348 0.306003 0.327902 0.124659 -0.188741 -0.275879 -0.283289 -0.137980 -0.171703 0.254254 0.028919 0.594949 0.450736 0.111024 0.039722 0.277648 0.199590 0.330774 0.453490 0.581949 0.452094 -0.248465 -0.132648 0.131998 0.026860 0.043234 -0.104271 -0.372930 -0.333370 -0.261943 -0.350181 -0.315015 -0.263707 0.002574 0.129797 -0.053690 0.045331 0.134442 0.264788 -0.185043 -0.076344 -0.001197 -0.060925 0.006396 0.144685 -0.089399 0.073024 0.090281 -0.050993 -0.176654 -0.020533 0.332215 0.125075 0.076255 0.034387
-0.212691 -0.019281 -0.122128 -0.072593 -0.074891 -0.064338 0.091093 0.046102 -0.079046 -0.370369 0.509256 0.332399 0.654264 0.058786 0.207906 -0.145220 0.274986 0.435436 -0.054026 -0.219360 0.095098 -0.133346 0.166688 0.070828 -0.181712 -0.066542 -0.163356 -0.029465 0.247379 0.450863 1.000000 0.744654 0.374009 0.065486 -0.006648 -0.145648 0.159930 0.043170 0.037970 -0.247741 -0.010461 0.258697 0.017324 0.004162 -0.062954 0.025940 0.208252 0.150176 -0.115284 -0.068609 -0.080837 -0.310607 -0.004199 -0.258894 -0.329918 0.163884 0.082379 0.229313 -0.429987 -0.358576 -0.198233 -0.381079 0.175444 0.095903 -0.273680 -0.277642 -0.292182 -0.224274 0.011509 -0.099575 0.340084 0.167539 0.320875 0.443380 0.321517 -0.028215 0.347721 0.194892 0.009399 0.214940 0.263987 0.111043 0.106720 -0.064217 -0.023789 0.162869 -0.243331 -0.251546 -0.665871 -0.288945 -0.297559 -0.447268 -0.334582 -0.279492 -0.059707 -0.194517 0.121186 0.357501 0.230751 0.008964 -0.244089 -0.219383 -0.147786 -0.218799 -0.079351 -0.027082 -0.179732 -0.117328 -0.141052 -0.034313 0.364431 0.197181 0.206580 0.290904 0.323730 0.102677
-0.193855 -0.072605 -0.317988 -0.187258 -0.194213 -0.074959 -0.236106 -0.137514 -0.332990 -0.486838 0.352172 0.198433 0.437162 0.087749 0.115081 -0.073176 0.361861 0.503527 -0.049058 -0.175907 0.259738 0.135523 0.056896 0.019946 -0.238348 -0.021356 -0.197696 -0.018490 0.355861 0.455328 0.744654 1.000000 0.146267 0.071940 -0.083781 -0.201127 0.321860 0.144065 0.128622 -0.226215 0.120789 0.256909 0.146060 0.219958 -0.137220 -0.039892 0.265938 0.211382 -0.154780 -0.198051 -0.149358 -0.298532 0.045633 -0.141673 -0.300579 0.193734 0.179479 0.105173 -0.268239 -0.300339 -0.171195 -0.370029 0.227795 0.119615 -0.055185 -0.338793 -0.201683 -0.411662 0.086765 0.048041 0.432276 0.510282 0.426387 0.512348 0.339349 0.291479 0.377082 0.392005 0.122622 0.181876 0.336454 0.286556 0.147630 0.089609 0.108265 0.227173 -0.213284 -0.114647 -0.603006 -0.396195 -0.308840 -0.423268 -0.386665 -0.116481 -0.217097 -0.158271 0.122930 0.270820 0.117795 0.122784 -0.229186 0.071379 -0.023515 -0.051200 -0.111104 0.002839 -0.161398 -0.220172 -0.176294 0.040747 0.311411 0.202220 0.187310 0.304294 0.258454 -0.082307
-0.057076 -0.136008 -0.107136 -0.067111 0.010976 -0.080575 0.094189 0.210839 0.114373 -0.034076 0.276761 0.457415 0.355389 0.238240 0.167967 -0.072646 0.022177 0.046978 -0.072282 -0.333923 -0.233423 -0.321177 -0.088630 0.071820 0.142860 0.018554 -0.199938 -0.171795 -0.006848 0.244866 0.374009 0.146267 1.000000 0.385995 0.273859 -0.140792 -0.234257 -0.044608 0.131042 -0.209020 -0.286741 0.240071 -0.048207 -0.106760 0.128170 0.187301 -0.056644 -0.122924 0.220652 0.167740 0.256333 -0.186226 -0.020902 -0.322604 0.059120 -0.113730 0.089882 0.009748 -0.492961 -0.414742 0.025374 -0.070772 0.447249 0.083466 0.146802 0.141067 -0.250246 0.043296 -0.350628 -0.361798 -0.018019 -0.259350 -0.060989 0.207494 0.068659 -0.047161 0.106776 0.065152 -0.104576 0.170981 -0.052334 -0.066748 -0.250539 0.048719 -0.020174 0.265348 -0.108930 -0.057162 -0.273878 -0.049942 -0.357332 -0.340175 -0.180334 -0.102002 -0.271440 -0.180311 -0.099905 -0.041808 0.009166 -0.105710 0.036089 -0.229801 -0.191606 -0.167447 0.046459 0.253738 -0.034900 0.042378 -0.252537 -0.226677 0.128693 -0.004752 0.028418 0.136031 0.180516 0.118665
0.111922 -0.087179 -0.274461 -0.466076 -0.047761 -0.212838 -0.119894 0.383937 0.249895 0.028187 0.172238 0.263957 0.254352 0.367424 0.194018 0.137660 0.203070 -0.046607 -0.249733 -0.411817 -0.035085 -0.087675 -0.209517 -0.406713 0.050871 -0.100998 -0.331664 -0.317954 0.205978 0.317789 0.065486 0.071940 0.385995 1.000000 0.495867 -0.042865 0.138420 0.064968 0.160234 0.005179 -0.196075 0.157447 -0.153414 -0.167581 -0.109574 -0.092638 -0.209671 -0.396586 -0.025022 -0.060648 -0.095265 -0.333152 -0.473776 -0.437542 -0.027222 -0.238215 0.312994 -0.094760 -0.238183 -0.351490 0.273915 0.438160 0.274324 0.282665 0.309788 0.341588 -0.320284 -0.011006 -0.174578 -0.284745 0.271063 -0.031229 0.114634 0.270363 0.079178 -0.018156 0.338650 0.322146 0.036464 0.166366 0.287615 0.401528 -0.308320 0.088914 0.132804 0.024042 0.114113 -0.128047 -0.147001 -0.169509 0.014548 -0.051470 0.000353 -0.149554 0.071133 0.346137 0.057246 0.182098 -0.105046 0.240408 -0.120270 -0.305506 -0.355299 -0.200055 -0.189368 0.023340 0.000411 0.098902 0.206241 0.172055 -0.120489 -0.024064 0.148700 -0.179401 -0.050527 0.226820
0.020057 -0.126878 -0.061497 -0.315668 -0.144710 -0.274100 0.045791 0.337318 0.097717 -0.083981 0.210719 0.255889 0.251175 0.298340 0.001034 -0.041844 0.006107 -0.102913 -0.145319 -0.238432 -0.319879 -0.286618 -0.113696 -0.225358 0.055147 -0.209746 -0.451150 -0.394348 0.057515 0.116410 -0.006648 -0.083781 0.273859 0.495867 1.000000 0.045262 -0.121558 0.157383 -0.018760 0.028374 -0.195273 0.072386 -0.073647 -0.092331 0.037500 0.051379 -0.099459 -0.354182 0.121302 0.012029 0.219638 -0.219928 -0.372934 -0.350196 0.097130 -0.151805 0.093903 -0.073178 -0.233058 -0.308801 0.170824 0.303203 0.232891 0.058686 0.246103 0.195958 -0.225096 0.096139 -0.295994 -0.210838 0.015692 -0.281459 0.167439 -0.035237 -0.060502 -0.150847 0.150599 0.031813 -0.052814 0.002431 0.046819 0.162713 -0.249308 -0.164903 0.094273 0.013646 0.141886 -0.129711 -0.067158 -0.075770 -0.158519 -0.033775 -0.018935 -0.000091 0.105662 0.141745 0.167600 0.131304 -0.060661 0.052452 0.100711 -0.144758 -0.209963 -0.095802 -0.025059 0.122978 -0.056244 0.124595 0.150899 -0.002636 -0.126596 -0.016522 -0.101945 -0.099951 -0.065647 0.225075
-0.101525 -0.306001 -0.118823 -0.015863 0.140882 0.165226 -0.073036 -0.091437 0.111425 0.290389 0.311975 0.185121 0.004767 0.298003 0.077089 0.112003 0.044924 0.005929 -0.295026 -0.067846 0.093733 0.003207 -0.036438 -0.144685 0.160027 0.240440 0.221108 0.173754 -0.098117 -0.333934 -0.145648 -0.201127 -0.140792 -0.042865 0.045262 1.000000 -0.274332 -0.066405 0.097671 -0.165239 0.108116 -0.014255 -0.158834 -0.223256 0.179704 0.242300 -0.149968 -0.134227 -0.117779 0.152118 0.042325 0.091705 -0.103219 -0.084822 0.020500 -0.145776 0.155150 -0.044891 -0.091707 -0.055920 0.031104 0.204751 0.146353 -0.017099 -0.137436 0.370545 -0.164933 0.073131 -0.016821 0.255782 -0.105320 0.208451 -0.249347 0.053981 0.335603 0.131086 -0.152435 0.064822 0.017651 -0.174006 -0.016930 -0.176061 -0.024131 -0.044226 0.236246 0.080457 -0.186673 -0.100062 0.031540 0.116829 0.123179 0.289106 0.186866 -0.006103 0.010569 -0.022102 -0.358114 -0.131674 -0.267124 -0.230622 0.222131 -0.037377 0.060791 -0.151250 -0.071506 0.035408 -0.072087 -0.167398 0.081918 -0.036058 -0.058175 -0.183604 -0.161814 0.121883 0.167852 0.185431
