1.000000 0.293321 -0.130817 -0.277982 -0.549959 -0.172076 0.148913 -0.303010 -0.469186 -0.485605 0.284278 0.226327 0.438257 0.424102 0.054927 -0.024957 0.323928 0.209241 0.212874 0.193693 -0.031960 -0.113207 -0.256235 -0.353746 -0.358512 -0.289045 -0.215515 0.145454 0.247901 -0.140086 -0.206994 -0.312895 0.308080 -0.004837 -0.268726 -0.086349 0.201303 0.031296 0.334904 0.034931 0.321849 0.097294 -0.301713 -0.294677 -0.507912 -0.540973 0.089822 0.045854 -0.396770 -0.550334 -0.393294 -0.541243 -0.298009 0.178754 -0.013135 0.151313 0.093758 -0.035899 0.331836 0.239023 0.500913 0.369632 0.731132 0.154776 -0.078397 -0.145382 0.082814 -0.149675 0.379584 0.153814 -0.245347 -0.155345 0.348678 -0.046663 0.304622 -0.048216 0.099600 -0.176751 -0.095977 -0.048306 0.387449 0.493216 0.077568 0.099067 0.058323 0.074862 -0.053785 -0.128971 0.123411 0.185907 0.079061 -0.257328 -0.208195 -0.290638 -0.341993 -0.119837 0.089204 0.087678 0.224947 -0.127242 -0.306336 -0.210573 -0.128599 -0.298722 -0.110308 -0.407024 -0.226456 -0.068096 -0.149777 0.215822 -0.004154 0.158948 -0.116873 -0.039265 -0.202293 -0.195579
0.293321 1.000000 -0.296976 -0.076489 -0.215446 -0.207847 -0.230484 0.291612 -0.247967 -0.134726 0.258489 0.495958 0.082050 0.509915 -0.304045 0.094744 -0.143599 0.441211 -0.153702 0.166668 -0.102222 -0.185538 -0.420847 -0.473945 -0.235733 -0.361168 -0.145002 -0.197379 0.103216 -0.116957 -0.435267 -0.582987 0.102873 0.077206 -0.111460 0.092726 -0.063892 0.067528 0.005982 -0.103736 0.140980 0.107978 -0.120411 -0.213542 -0.301205 -0.205089 0.218005 0.052727 -0.228967 -0.319129 -0.366673 -0.348675 -0.200825 -0.049633 -0.052034 0.053279 -0.097317 0.003160 0.220428 0.319267 0.281410 0.501029 0.409885 0.011288 -0.101264 0.343207 -0.051635 -0.128036 0.414797 0.134284 -0.281690 -0.323757 -0.104340 0.007045 0.085706 -0.252675 0.147532 0.015866 -0.141850 -0.159585 0.124536 0.147418 -0.034564 0.219949 0.098184 0.380797 -0.104119 -0.363923 -0.082306 0.192329 0.039716 -0.190375 0.210666 -0.223906 -0.231352 -0.193022 0.077033 0.156728 0.120860 0.037465 0.076232 -0.232759 0.049164 -0.212749 0.001156 -0.163326 -0.013188 -0.331905 -0.188654 -0.113952 -0.179410 0.074331 0.125044 0.133024 0.233228 -0.212857
-0.130817 -0.296976 1.000000 0.377639 0.171266 -0.017342 0.701957 0.272911 0.082717 -0.151418 0.041249 -0.127677 -0.217690 -0.201348 -0.220456 -0.352212 -0.449962 -0.359662 0.665980 0.201576 -0.314503 -0.166973 0.782404 0.480022 -0.104009 0.049630 0.150648 0.169122 -0.264580 -0.388779 0.315086 0.252283 -0.050025 0.048629 -0.154092 -0.298957 -0.492805 -0.621483 -0.437647 -0.185640 -0.446912 -0.347677 -0.113053 -0.088242 0.077358 -0.208199 -0.244593 -0.256872 0.236754 0.117809 0.392925 0.094017 0.041359 0.118112 0.065164 -0.264130 -0.173639 -0.183834 0.174021 -0.112507 0.225401 -0.168383 -0.179775 -0.178191 0.513716 -0.162889 0.144704 0.135442 -0.208130 0.002444 0.168136 -0.171929 -0.390694 -0.204421 -0.076769 0.316343 -0.202861 -0.066995 -0.245884 -0.366536 -0.475929 -0.263560 0.244825 0.123383 -0.275744 -0.512866 0.367300 0.046425 0.294146 0.158253 0.319218 0.225955 -0.106425 0.378463 -0.128362 -0.081599 -0.145835 -0.234361 -0.006282 -0.100215 -0.116867 0.159501 -0.089115 0.054706 -0.001390 0.049005 -0.184135 -0.035676 0.087478 0.121184 0.046201 -0.279525 0.003810 0.076523 0.112610 0.333248
-0.277982 -0.076489 0.377639 1.000000 0.277606 0.170377 -0.020792 0.563803 0.211201 0.128817 -0.181306 -0.005927 -0.467764 -0.052895 -0.334087 -0.059110 -0.468748 -0.430705 0.096419 0.303094 0.085859 0.020878 0.388336 0.710557 0.178621 0.209002 0.433096 0.354246 -0.650243 -0.348780 0.290565 0.173143 -0.138467 -0.208757 -0.134569 -0.120707 -0.596965 -0.365485 -0.380517 -0.054655 -0.187470 -0.231494 -0.226141 -0.073780 0.004387 -0.019656 -0.331663 -0.275618 0.197751 0.053615 0.331411 0.014245 0.138746 -0.358460 0.063892 -0.244995 -0.576886 -0.664600 0.201269 0.072634 -0.078890 -0.285685 -0.294434 -0.471218 0.217678 0.113182 0.250865 0.329056 -0.126902 0.287320 0.092608 0.061927 -0.597634 -0.050217 -0.204308 0.183939 -0.506312 -0.232457 -0.363800 -0.414092 -0.520262 -0.438761 0.165699 0.089966 0.211933 0.140540 0.504579 0.091300 0.504932 0.277811 0.156676 0.070584 0.204899 0.217316 -0.344355 -0.258760 0.028073 -0.110493 -0.025353 -0.202424 0.463539 0.000773 0.188100 0.169828 0.328883 0.179585 0.136784 0.164559 -0.292966 -0.133811 0.144734 -0.265930 0.051790 0.077634 -0.175784 0.217682
-0.549959 -0.215446 0.171266 0.277606 1.000000 0.494792 -0.136099 0.184104 0.852116 0.776819 -0.196567 -0.302218 -0.133715 -0.365025 0.117699 0.333727 -0.264642 -0.295720 -0.147865 0.078061 0.249817 0.256008 0.090635 0.214403 0.589396 0.502382 0.525058 0.005943 -0.129979 0.370157 0.115158 0.066184 -0.355352 -0.287733 0.302982 0.046119 -0.093161 0.082252 -0.336008 -0.072204 -0.467754 -0.103200 0.239886 0.210419 0.348002 0.375374 0.069491 0.032955 0.311023 0.372005 0.217874 0.309289 0.120273 -0.113897 0.040569 -0.202310 -0.147513 -0.042087 -0.220695 -0.208747 -0.448805 -0.329007 -0.415796 -0.157433 -0.153910 -0.082319 -0.058581 0.053719 -0.133517 0.179988 0.354940 0.089269 -0.320346 0.023222 -0.572099 0.206249 -0.245689 0.224459 0.209993 -0.129699 -0.380556 -0.284199 -0.002300 0.029567 -0.354441 -0.047286 -0.008941 0.020811 -0.040545 -0.112254 0.117638 0.084214 0.181598 -0.050897 0.137198 -0.268132 -0.204242 -0.058117 -0.203904 -0.111209 0.061110 -0.141314 -0.138142 -0.052637 0.054927 0.248971 0.137839 0.013810 -0.052301 -0.269165 -0.001364 -0.240764 -0.001354 -0.121639 0.009721 0.275985
-0.172076 -0.207847 -0.017342 0.170377 0.494792 1.000000 -0.117052 -0.096384 0.404699 0.414922 -0.175149 -0.288050 -0.037865 -0.439167 0.333465 0.525825 0.000275 -0.192674 -0.042588 0.112155 0.399145 0.602056 0.064299 0.089502 0.364503 0.553381 0.683882 0.532748 -0.192886 0.021801 -0.088263 0.099789 -0.211594 -0.215471 0.147667 0.062284 -0.015719 0.036575 0.097310 0.368078 -0.001497 -0.059532 0.008781 0.004270 0.031135 0.221840 -0.294520 -0.173625 0.029764 0.031147 -0.146730 0.104042 0.027630 -0.134630 0.112628 0.117967 0.014004 -0.140126 -0.249786 -0.292379 -0.312139 -0.320456 -0.189542 -0.219410 -0.171230 -0.082045 -0.053797 0.013700 0.016512 0.215726 0.268625 0.286357 -0.124452 -0.104240 -0.019676 0.047473 0.024416 0.017203 0.156562 -0.182365 -0.070233 -0.344610 0.302985 0.350851 0.002263 0.128190 0.001266 0.352521 0.110805 0.189087 -0.106564 -0.081258 -0.072978 -0.017780 -0.034186 -0.147206 0.193327 -0.198839 -0.123997 -0.349310 0.224411 0.046738 0.108910 0.042853 0.214162 0.156016 0.462796 0.402995 -0.094992 -0.266707 0.124298 -0.006126 -0.112530 0.182533 -0.242179 0.075287
0.148913 -0.230484 0.701957 -0.020792 -0.136099 -0.117052 1.000000 0.156080 -0.179120 -0.347330 0.179704 -0.059430 0.055451 -0.088288 0.055793 -0.190978 -0.262422 -0.184989 0.632934 -0.072782 -0.330071 -0.034787 0.620866 0.208113 -0.485778 -0.315083 -0.020607 0.118448 0.047085 -0.336176 -0.061084 0.081332 0.039311 0.182616 -0.298822 -0.240136 -0.327156 -0.399446 -0.081327 0.137082 -0.299657 -0.226788 -0.113983 -0.226532 -0.095676 -0.376460 -0.071121 -0.149827 0.014712 -0.016312 0.027001 -0.092335 -0.084264 0.313101 0.063774 0.118070 0.100185 -0.033005 0.281767 0.115986 0.508868 0.092906 0.124085 -0.024946 0.612402 -0.149612 0.030329 -0.145702 -0.135455 -0.241301 -0.053959 -0.175855 -0.095352 -0.307996 0.119720 0.035647 -0.004660 0.113055 -0.163743 -0.107524 -0.117770 -0.069445 0.405251 0.223948 -0.207139 -0.519312 0.228235 0.230951 0.294170 0.253693 0.214007 0.055821 -0.353553 0.170441 -0.155685 0.199038 0.000686 -0.076563 0.033283 -0.128327 -0.426813 0.040607 -0.298059 -0.138269 -0.388795 -0.143293 -0.203532 -0.123494 0.345285 0.353164 -0.025413 -0.248075 -0.139365 -0.023428 0.171704 0.164416
-0.303010 0.291612 0.272911 0.563803 0.184104 -0.096384 0.156080 1.000000 0.050517 -0.046681 0.138198 0.370883 -0.394423 0.253130 -0.385897 -0.012450 -0.536490 0.048159 0.051632 0.226829 -0.231709 -0.214393 0.188911 0.281419 -0.178310 -0.310104 0.162225 0.028892 -0.307612 -0.339190 -0.124780 -0.102329 -0.191754 0.075876 -0.138718 -0.004759 -0.522015 -0.230129 -0.362473 -0.037632 -0.190095 -0.087766 -0.228365 -0.240966 -0.013345 -0.027723 -0.071734 -0.363443 -0.033262 -0.025055 -0.021565 -0.074285 0.090748 -0.087242 -0.036947 -0.213758 -0.271232 -0.357620 0.339249 0.272353 0.162816 0.063093 -0.084983 -0.346919 0.382193 0.463127 0.169046 0.102777 0.064235 0.065653 -0.212089 -0.218812 -0.541394 -0.113339 -0.133269 -0.148497 -0.138836 0.038650 -0.258721 -0.195566 -0.314436 -0.251529 0.177966 0.372461 -0.016686 0.040860 0.361723 -0.101323 0.270644 0.238569 0.178440 -0.054673 0.215837 0.056571 -0.244998 -0.096544 -0.137205 -0.025553 -0.208579 -0.064255 0.152658 -0.117657 -0.019323 -0.068710 -0.002397 0.004727 0.014966 -0.098608 -0.127738 -0.091869 -0.115239 -0.503533 -0.069875 0.047356 0.123403 0.273323
-0.469186 -0.247967 0.082717 0.211201 0.852116 0.404699 -0.179120 0.050517 1.000000 0.783451 -0.077225 -0.183375 -0.059619 -0.264257 0.268095 0.436553 -0.037962 -0.235454 -0.127959 0.002702 0.252830 0.222037 0.129907 0.197208 0.641129 0.558299 0.335814 -0.100198 0.015255 0.396727 0.147690 0.089257 -0.303948 -0.203466 0.371989 0.166798 0.020981 0.097705 -0.358065 -0.176914 -0.402758 0.061004 0.116044 0.170516 0.151960 0.205216 0.007439 -0.021029 0.153025 0.201646 0.177015 0.234133 0.185301 -0.151646 -0.029588 -0.316739 0.029506 0.067857 -0.306018 -0.305092 -0.347791 -0.227099 -0.399439 -0.008669 -0.078213 0.004223 -0.192224 -0.026135 -0.157865 0.087248 0.292254 0.054087 -0.205443 0.045042 -0.563154 0.158297 -0.171967 0.182056 0.280633 0.034740 -0.243316 -0.226210 -0.158307 -0.074510 -0.261671 -0.011268 -0.129051 -0.036790 -0.153760 -0.241619 -0.042311 -0.076628 0.088488 -0.085889 0.217349 -0.160419 -0.285393 -0.125138 -0.446201 -0.273648 0.071104 -0.128681 -0.129201 0.028675 -0.006572 0.220714 0.094278 0.036380 -0.050609 -0.205553 0.033308 -0.222611 -0.143634 -0.185638 -0.063428 0.241332
-0.485605 -0.134726 -0.151418 0.128817 0.776819 0.414922 -0.347330 -0.046681 0.783451 1.000000 -0.224834 -0.245903 0.028161 -0.294952 0.134192 0.514829 0.075165 -0.123099 -0.383689 -0.111354 0.366208 0.235027 -0.109694 0.043029 0.637202 0.554205 0.374381 -0.182167 -0.061704 0.637460 0.079487 -0.057536 -0.278629 -0.285289 0.309154 0.013219 0.043966 0.195877 -0.189030 -0.018201 -0.271591 0.070821 0.334303 0.300732 0.260012 0.291826 0.148551 0.235847 0.150373 0.270733 0.107612 0.263392 0.234777 -0.150087 -0.025204 -0.082564 -0.028982 0.084211 -0.422735 -0.302374 -0.472789 -0.111255 -0.324609 0.145345 -0.314954 0.059399 -0.307203 -0.139469 -0.200105 0.047355 0.268482 0.178495 -0.084521 0.191148 -0.405288 0.157248 -0.154745 0.128759 0.357076 0.140326 -0.147688 -0.232244 -0.334913 -0.252773 -0.198558 0.049224 -0.273409 -0.006575 -0.232932 -0.253196 -0.222067 0.035748 0.093271 -0.092618 0.235263 -0.082232 -0.147262 -0.036606 -0.194191 -0.043347 0.261870 -0.038153 0.050357 0.048643 0.143958 0.373209 0.173709 0.117457 -0.089884 -0.282441 -0.014674 0.038718 -0.043201 -0.210198 -0.110035 0.063339
0.284278 0.258489 0.041249 -0.181306 -0.196567 -0.175149 0.179704 0.138198 -0.077225 -0.224834 1.000000 0.420567 0.362763 0.447746 0.173346 0.162971 -0.042136 0.086708 -0.098531 0.141081 -0.152401 -0.214225 -0.132739 -0.189267 -0.163211 -0.344882 -0.139590 0.047651 0.259425 -0.155929 -0.100844 -0.226556 -0.095781 0.001801 -0.113086 0.063733 -0.100930 -0.156000 -0.065316 -0.111862 0.055613 -0.023564 -0.323539 -0.288211 -0.222238 -0.205116 0.073001 -0.241067 -0.281075 -0.350237 -0.189922 -0.291104 -0.184423 0.293087 -0.380344 -0.165124 0.044657 -0.065937 0.148600 0.057546 0.299115 0.160111 0.327383 -0.091183 0.221683 0.223607 -0.056918 -0.164295 0.314825 0.196554 -0.204961 -0.277561 0.041881 -0.130780 -0.074461 -0.173794 -0.079584 -0.145994 -0.059845 -0.215492 0.057840 0.122871 0.117207 0.259880 0.028136 0.158014 0.026006 -0.224199 -0.074794 0.133752 -0.012204 -0.144783 -0.109900 -0.017421 -0.167910 -0.188151 0.050390 0.161738 -0.071595 -0.041960 0.001727 -0.121012 -0.049402 -0.130930 0.064215 -0.031865 -0.198227 -0.126665 -0.095125 0.117718 0.043673 -0.353237 -0.049599 0.081540 -0.080588 0.237759
0.226327 0.495958 -0.127677 -0.005927 -0.302218 -0.288050 -0.059430 0.370883 -0.183375 -0.245903 0.420567 1.000000 0.149735 0.615305 -0.221316 0.017532 -0.120105 0.338498 -0.167081 0.003283 -0.308057 -0.396554 -0.093480 -0.264855 -0.232750 -0.293906 -0.270091 -0.177687 0.235590 -0.149957 -0.105702 -0.101119 0.129517 0.214108 -0.002119 0.107714 -0.097404 -0.090594 0.003501 -0.197571 0.094821 0.160455 -0.257178 -0.157743 -0.253061 -0.168194 0.010337 -0.122742 -0.324572 -0.313532 -0.257287 -0.213777 0.007358 0.062643 -0.051799 -0.077321 -0.010229 -0.149170 0.050713 0.101771 0.165171 0.118351 0.186663 -0.121439 0.036183 0.334767 -0.090977 -0.180679 0.287256 -0.054595 -0.295827 -0.339661 -0.069319 -0.045164 -0.049587 -0.192456 0.073228 0.018934 -0.103108 0.028707 0.018990 0.046623 -0.078384 0.216242 0.129135 0.323722 -0.022827 -0.324235 -0.040246 0.043400 -0.182042 -0.303894 -0.077284 -0.099993 0.054567 0.014736 0.055147 0.037826 -0.145059 -0.045263 -0.036521 -0.175960 -0.105447 -0.128094 -0.135581 0.014275 0.046544 -0.023491 -0.085693 -0.027465 -0.166954 -0.176378 -0.080952 0.090757 0.120369 -0.030921
0.438257 0.082050 -0.217690 -0.467764 -0.133715 -0.037865 0.055451 -0.394423 -0.059619 0.028161 0.362763 0.149735 1.000000 0.172301 0.514990 0.290253 0.528445 0.207310 -0.190342 -0.060375 0.034550 -0.044390 -0.259105 -0.299295 -0.222978 -0.129869 -0.114090 -0.110477 0.401581 0.343288 -0.253917 -0.282478 -0.130378 -0.257167 0.044464 -0.170247 0.187775 -0.032000 0.416698 0.014700 0.087403 0.059897 0.189699 0.139432 -0.104959 -0.299658 0.184670 0.343826 -0.222940 -0.215138 -0.210185 -0.238111 -0.227687 0.116712 -0.092766 0.250455 0.322714 0.247416 -0.219752 -0.052775 -0.038718 0.091619 0.382070 0.277504 -0.322691 -0.237901 -0.395132 -0.406659 0.012590 -0.004011 -0.078971 -0.180333 0.448541 -0.091188 0.048525 0.053244 0.061313 -0.119551 0.232540 0.155130 0.329875 0.377616 -0.101723 -0.014337 -0.089923 0.055642 -0.306915 0.038323 -0.118138 0.036886 -0.062569 -0.069731 -0.136540 -0.228081 -0.050785 0.031496 0.108079 0.107009 0.093706 0.144648 -0.227870 -0.239814 -0.060159 -0.309862 -0.224957 -0.292297 -0.316719 -0.111422 -0.119085 0.184124 -0.194024 0.156474 -0.220380 -0.104304 -0.238916 -0.305271
0.424102 0.509915 -0.201348 -0.052895 -0.365025 -0.439167 -0.088288 0.253130 -0.264257 -0.294952 0.447746 0.615305 0.172301 1.000000 -0.164824 -0.084240 0.048138 0.421428 -0.072050 0.038230 -0.231241 -0.366238 -0.314329 -0.349218 -0.316017 -0.502856 -0.334792 -0.163364 0.238235 -0.041215 -0.274555 -0.364394 0.111307 0.190706 -0.122780 0.203422 -0.091426 0.076231 0.026294 -0.191517 0.121192 0.218918 -0.374053 -0.285490 -0.290048 -0.179329 0.119544 -0.065205 -0.295249 -0.342396 -0.313438 -0.325898 -0.173052 0.031613 -0.060308 -0.066243 -0.193355 -0.150200 0.362022 0.263099 0.425320 0.453007 0.387028 0.023735 -0.007031 0.437421 0.197607 -0.029167 0.422638 0.115619 -0.356962 -0.225107 0.119936 0.186646 0.086283 -0.029315 0.095392 0.018808 -0.185554 -0.011862 0.093734 0.272637 -0.007022 0.106644 0.023688 0.150813 -0.033110 -0.436607 0.143038 0.095410 -0.010884 -0.246267 -0.019230 -0.309676 -0.166564 -0.121338 -0.084823 0.089054 -0.126289 0.032290 -0.161705 -0.376926 -0.235959 -0.359915 -0.114280 -0.203023 -0.170269 -0.111952 -0.230560 -0.047914 -0.084384 -0.048507 0.107296 0.059278 0.002070 -0.045200
0.054927 -0.304045 -0.220456 -0.334087 0.117699 0.333465 0.055793 -0.385897 0.268095 0.134192 0.173346 -0.221316 0.514990 -0.164824 1.000000 0.458867 0.491928 -0.057411 -0.120848 -0.158269 0.165793 0.334573 -0.013492 -0.028445 0.014689 0.045581 0.107059 0.111576 0.185677 0.180032 -0.132655 -0.042783 -0.212282 -0.311674 0.077373 0.063070 0.122305 0.124414 0.417653 0.233801 0.097051 0.032690 0.018297 -0.079046 -0.032239 -0.103963 -0.148790 -0.018317 -0.049958 -0.012929 -0.199102 0.028343 -0.146322 -0.013804 0.003779 0.186853 0.447883 0.272610 -0.163559 -0.087252 -0.087845 -0.069306 -0.067073 0.041244 -0.050289 -0.209638 -0.239231 -0.253987 -0.103331 -0.071888 -0.025849 0.048645 0.269594 -0.140163 0.033493 -0.046225 0.097986 0.084443 0.174579 0.122352 0.084584 -0.077628 0.209250 0.108021 0.060851 0.033410 -0.073526 0.459619 -0.006719 0.057732 -0.034285 0.027660 -0.069523 -0.025280 0.024099 0.146249 -0.025981 -0.189068 -0.118266 -0.181655 -0.069823 0.033926 0.029952 -0.069706 -0.148440 -0.137633 0.044539 0.167419 0.039987 -0.007784 -0.113065 0.081658 -0.309372 0.066418 -0.168528 -0.081842
-0.024957 0.094744 -0.352212 -0.059110 0.333727 0.525825 -0.190978 -0.012450 0.436553 0.514829 0.162971 0.017532 0.290253 -0.084240 0.458867 1.000000 0.288592 0.125475 -0.362302 -0.083986 0.576997 0.527535 -0.286844 -0.106819 0.241531 0.197157 0.543499 0.232351 0.082531 0.343241 -0.145723 -0.191542 -0.006420 -0.120714 0.266742 0.116849 0.104679 0.206937 0.040198 0.239177 0.293762 0.209612 0.076249 -0.003279 -0.216966 -0.057277 -0.070351 0.001945 -0.298352 -0.196064 -0.317337 -0.149902 -0.046336 -0.120726 -0.308772 0.106807 0.177763 0.002855 -0.207603 -0.038548 -0.039345 0.191015 0.012170 0.104879 -0.135559 0.164416 -0.397678 -0.391184 -0.091586 -0.114732 -0.197674 -0.009237 0.195588 0.082896 0.028170 -0.312733 0.129415 0.049684 0.175167 0.199819 0.138524 -0.063669 -0.006490 0.286070 0.090793 0.254354 -0.374571 0.113440 -0.235554 -0.111751 -0.322115 -0.201009 -0.125008 -0.219377 0.038452 0.015790 0.052435 -0.169261 -0.225183 -0.195733 0.111410 -0.083893 0.166427 -0.029354 -0.052439 0.006936 0.033195 -0.007079 -0.078145 -0.431940 -0.186164 -0.014019 -0.217589 0.084070 -0.136726 -0.073678
0.323928 -0.143599 -0.449962 -0.468748 -0.264642 0.000275 -0.262422 -0.536490 -0.037962 0.075165 -0.042136 -0.120105 0.528445 0.048138 0.491928 0.288592 1.000000 0.398168 -0.136734 -0.037881 0.122568 0.053612 -0.379737 -0.273056 -0.072045 -0.004908 -0.165116 -0.091395 0.397000 0.423549 -0.055870 -0.081763 0.180683 -0.009976 0.074618 0.008582 0.482180 0.191945 0.371998 0.076954 0.388145 0.319354 0.013275 0.111328 -0.170289 -0.157460 -0.112037 0.146610 -0.347858 -0.226842 -0.251534 -0.187292 -0.057251 -0.129665 -0.136266 0.107501 0.517788 0.424906 -0.302446 -0.271611 -0.062854 0.207789 0.250054 0.586789 -0.279272 -0.063757 -0.286690 -0.331993 -0.123049 -0.149592 -0.179406 0.105848 0.635370 0.220755 0.357343 0.035298 0.368413 -0.105857 0.456427 0.541986 0.599496 0.450740 -0.348341 -0.170543 0.084941 -0.040499 -0.425042 0.026188 -0.307282 -0.290623 -0.414035 -0.175918 -0.233299 -0.219396 0.103622 0.314176 -0.062604 -0.149930 -0.143947 0.016915 -0.123276 0.117244 0.241989 0.049025 -0.034061 -0.185199 -0.164998 0.172507 -0.115116 0.027987 -0.170276 0.419862 -0.204949 -0.067336 -0.407905 -0.303420
0.209241 0.441211 -0.359662 -0.430705 -0.295720 -0.192674 -0.184989 0.048159 -0.235454 -0.123099 0.086708 0.338498 0.207310 0.421428 -0.057411 0.125475 0.398168 1.000000 -0.126871 -0.052581 -0.147867 -0.057793 -0.373096 -0.641320 -0.332385 -0.396621 -0.223310 -0.250056 0.470215 0.211531 -0.397139 -0.273376 0.263350 0.447990 0.169878 0.324968 0.295393 0.202203 0.119302 0.126345 0.341935 0.332708 -0.113963 -0.132299 -0.226934 -0.011106 0.147659 0.040458 -0.385589 -0.294921 -0.527860 -0.293140 -0.149956 0.041236 -0.075785 0.208456 0.332597 0.377203 -0.189862 -0.161795 0.172457 0.446611 0.281583 0.407167 -0.093838 0.418859 -0.172491 -0.362131 0.209511 -0.305351 -0.387615 -0.132925 0.416657 0.185092 0.369393 -0.202061 0.636904 0.085414 0.196120 0.419910 0.483489 0.456087 -0.233447 0.159091 -0.100371 0.043655 -0.439899 -0.245062 -0.302554 -0.209694 -0.428689 -0.449041 -0.113692 -0.347862 0.247866 0.372320 0.041922 0.109394 -0.364937 0.079501 -0.212150 0.010147 0.027162 -0.076942 -0.176924 -0.164186 0.039841 -0.067782 0.086797 -0.004772 -0.295923 0.281797 -0.082914 0.101008 0.157350 -0.256803
0.212874 -0.153702 0.665980 0.096419 -0.147865 -0.042588 0.632934 0.051632 -0.127959 -0.383689 -0.098531 -0.167081 -0.190342 -0.072050 -0.120848 -0.362302 -0.136734 -0.126871 1.000000 0.345569 -0.239499 -0.044717 0.512044 0.140126 -0.251028 -0.094398 0.004671 0.115017 -0.061808 -0.461546 0.083961 0.105186 0.290737 0.346324 -0.180727 -0.147685 -0.226245 -0.402908 -0.199037 -0.041889 -0.121435 -0.051302 -0.253515 -0.250292 -0.273455 -0.376292 -0.257427 -0.202570 -0.082470 -0.102345 -0.006640 -0.081766 -0.096025 0.111788 0.092930 -0.135097 0.031619 -0.047926 0.265480 0.004665 0.425501 0.179552 0.039293 -0.013789 0.518876 -0.108451 0.262759 0.140952 0.076348 -0.074769 -0.105889 -0.179542 -0.050313 -0.174939 0.341420 0.131666 0.216560 -0.158691 -0.141795 -0.202367 -0.059480 -0.016061 0.385199 0.246641 -0.124771 -0.481974 0.208186 0.015902 0.246514 0.126924 0.250424 0.029995 -0.187262 0.227357 -0.151661 0.092577 -0.175490 -0.266650 -0.013304 -0.230105 -0.351269 0.237947 -0.014523 0.062408 -0.114047 -0.308901 -0.218916 0.017611 0.143270 0.161207 -0.042856 0.078330 0.030715 0.159629 0.105251 0.085820
0.193693 0.166668 0.201576 0.303094 0.078061 0.112155 -0.072782 0.226829 0.002702 -0.111354 0.141081 0.003283 -0.060375 0.038230 -0.158269 -0.083986 -0.037881 -0.052581 0.345569 1.000000 0.059123 -0.112947 -0.049104 0.121082 0.181490 0.137070 0.247403 0.234001 -0.165004 -0.257839 0.222516 -0.016610 0.196625 0.070610 -0.194412 -0.254821 -0.051140 -0.299166 -0.243406 -0.171917 0.067302 -0.082875 -0.261261 -0.128159 -0.243271 -0.176630 -0.204436 -0.150706 -0.225267 -0.253042 -0.077472 -0.253796 -0.169007 -0.098976 -0.130121 -0.267122 -0.221674 -0.225587 0.067685 0.046989 -0.094208 -0.063707 0.137688 -0.193609 0.032616 -0.042691 0.290679 0.258571 0.454379 0.622846 -0.050272 -0.225685 -0.063345 0.015254 0.017668 0.069371 -0.067192 -0.403662 0.082026 -0.327473 0.030452 0.102275 0.162734 0.223905 0.009779 0.004085 0.096884 -0.225438 0.098198 -0.015450 0.255989 -0.135548 0.232898 0.019434 -0.298018 -0.390130 -0.206786 -0.013374 0.084963 -0.200119 0.008685 -0.008124 0.259070 0.074612 0.349260 -0.301792 -0.160435 -0.082550 -0.427253 -0.021519 0.076910 0.024160 0.048309 0.111244 -0.286597 0.193492
-0.031960 -0.102222 -0.314503 0.085859 0.249817 0.399145 -0.330071 -0.231709 0.252830 0.366208 -0.152401 -0.308057 0.034550 -0.231241 0.165793 0.576997 0.122568 -0.147867 -0.239499 0.059123 1.000000 0.690088 -0.353580 0.097274 0.484208 0.341008 0.601183 0.443192 -0.045119 0.296621 0.193239 0.073613 0.202292 -0.092960 0.262681 -0.054397 0.280836 0.406883 -0.057591 0.231365 0.454076 0.265771 0.141149 0.245687 -0.133540 0.096981 0.086162 0.241188 -0.145396 -0.126144 -0.028277 -0.114783 -0.154192 -0.231074 -0.409728 0.105209 -0.183820 -0.220607 -0.148620 0.118918 -0.223690 -0.033671 -0.085231 -0.138050 -0.292961 -0.108193 -0.004027 -0.017318 0.027159 -0.007384 0.021410 0.051919 0.365940 0.279535 -0.018116 -0.228012 0.027275 -0.151640 0.083788 0.022621 0.092952 -0.001742 -0.001978 -0.021895 0.172221 0.231378 -0.263829 -0.003563 -0.108859 -0.274664 -0.253064 -0.138700 -0.116993 -0.230774 0.021948 -0.232731 0.239536 0.169496 0.148929 0.065955 0.128648 -0.139254 0.184021 0.048091 0.093824 0.034016 -0.081848 -0.098369 -0.163853 -0.432527 0.216586 0.173763 0.231729 -0.001895 -0.162086 0.039506
-0.113207 -0.185538 -0.166973 0.020878 0.256008 0.602056 -0.034787 -0.214393 0.222037 0.235027 -0.214225 -0.396554 -0.044390 -0.366238 0.334573 0.527535 0.053612 -0.057793 -0.044717 -0.112947 0.690088 1.000000 -0.149900 0.026169 0.187414 0.202311 0.626647 0.447519 0.039284 0.197082 -0.093921 0.044287 -0.000539 0.010324 0.200727 0.110993 0.121396 0.326320 0.072815 0.491364 0.250399 0.208079 0.009301 -0.012858 -0.132020 0.075524 0.065271 0.042955 -0.059077 -0.031671 -0.260938 -0.065679 -0.052295 -0.005481 -0.084261 0.292102 0.003130 -0.150031 -0.108205 -0.031436 -0.115180 -0.094709 -0.152481 -0.190231 -0.125558 -0.079540 -0.106711 -0.120947 -0.114286 -0.143945 0.195426 0.362354 0.219599 0.246445 0.055279 -0.096375 0.181182 0.162744 -0.003143 -0.026739 0.055481 -0.048313 0.274424 0.263539 0.073204 0.137477 -0.187038 0.291443 0.056266 0.029351 -0.171886 -0.207627 -0.181704 -0.132002 -0.033081 0.025068 0.424506 0.069899 0.006243 -0.178929 0.004905 -0.021001 0.130465 0.127436 0.079857 0.059534 0.231192 0.107936 0.051522 -0.237814 0.015268 0.094807 -0.025469 0.159629 -0.072733 -0.153409
-0.256235 -0.420847 0.782404 0.388336 0.090635 0.064299 0.620866 0.188911 0.129907 -0.109694 -0.132739 -0.093480 -0.259105 -0.314329 -0.013492 -0.286844 -0.379737 -0.373096 0.512044 -0.049104 -0.353580 -0.149900 1.000000 0.586173 -0.124141 0.154993 0.052911 0.151191 -0.391558 -0.401702 0.240032 0.351651 -0.123010 -0.033232 -0.071774 -0.198638 -0.488395 -0.591919 -0.257259 -0.117325 -0.450863 -0.376736 -0.050605 -0.091842 0.109521 -0.199687 -0.434109 -0.288538 0.292716 0.176680 0.401148 0.218959 0.138577 -0.022041 0.280109 -0.129720 -0.031940 -0.114183 0.007898 -0.185198 0.159523 -0.241932 -0.381851 -0.168352 0.555414 -0.213469 -0.031807 0.094961 -0.349855 -0.138682 0.153765 -0.047579 -0.434104 -0.379152 -0.059775 0.236241 -0.183108 -0.015311 -0.204072 -0.188477 -0.490772 -0.484403 0.249636 0.029114 -0.055963 -0.385058 0.435816 0.354133 0.344025 0.231710 0.252439 0.280712 -0.025167 0.476669 0.037710 0.167375 -0.167294 -0.369424 -0.142117 -0.236016 0.045487 0.301711 -0.068681 0.207722 -0.108496 0.100248 0.136738 0.113701 0.241493 0.213705 0.010090 -0.245814 -0.169809 0.052400 0.182246 0.187840
-0.353746 -0.473945 0.480022 0.710557 0.214403 0.089502 0.208113 0.281419 0.197208 0.043029 -0.189267 -0.264855 -0.299295 -0.349218 -0.028445 -0.106819 -0.273056 -0.641320 0.140126 0.121082 0.097274 0.026169 0.586173 1.000000 0.126480 0.214501 0.345194 0.363819 -0.557566 -0.236345 0.476174 0.434919 -0.170805 -0.250408 -0.040268 -0.267259 -0.480769 -0.405597 -0.320686 -0.114209 -0.193726 -0.217650 -0.008985 0.066723 0.132764 -0.027387 -0.388757 -0.235167 0.281861 0.170082 0.510477 0.150585 0.167342 -0.261557 0.013128 -0.269630 -0.351951 -0.492866 0.059366 0.028288 -0.149432 -0.425282 -0.451238 -0.425685 0.281351 -0.199686 0.090499 0.316802 -0.410275 0.078787 0.134091 0.107523 -0.392106 -0.143550 -0.175417 0.166091 -0.433098 -0.152747 -0.199011 -0.234999 -0.445474 -0.405126 0.187770 -0.020876 0.221234 -0.090022 0.522698 0.292819 0.400229 0.135610 0.221240 0.255551 0.104179 0.384451 -0.196222 -0.045796 -0.073005 -0.267024 0.050713 -0.021431 0.250908 0.166845 0.190674 0.322078 0.195623 0.125814 -0.026310 0.052329 -0.075608 -0.005583 0.066335 -0.252817 0.057761 -0.028474 -0.116329 0.210931
-0.358512 -0.235733 -0.104009 0.178621 0.589396 0.364503 -0.485778 -0.178310 0.641129 0.637202 -0.163211 -0.232750 -0.222978 -0.316017 0.014689 0.241531 -0.072045 -0.332385 -0.251028 0.181490 0.484208 0.187414 -0.124141 0.126480 1.000000 0.827750 0.244538 0.002206 -0.132741 0.401081 0.524829 0.342793 -0.059213 -0.100343 0.389586 0.097130 0.256417 0.216746 -0.284156 -0.189370 -0.044615 0.205391 0.133456 0.296688 0.124934 0.328441 0.044880 0.074766 0.039521 0.096980 0.267078 0.219967 0.249798 -0.117608 -0.256758 -0.412977 -0.267236 -0.055257 -0.397751 -0.265335 -0.599983 -0.338488 -0.377794 -0.139487 -0.396427 -0.087660 0.041924 0.350200 0.146047 0.321819 0.282574 0.107276 -0.047364 0.286431 -0.461764 0.051046 -0.269185 -0.040770 0.216179 -0.110783 -0.147144 -0.148377 -0.301800 -0.284194 -0.074977 0.165088 -0.130235 -0.170214 -0.313651 -0.475263 -0.112886 -0.095840 0.163714 -0.099985 0.352353 -0.329621 -0.259939 0.071377 -0.167696 -0.213062 0.203715 -0.039851 0.067723 0.185480 0.243420 0.233928 0.054285 0.076078 -0.148324 -0.310909 0.350439 0.012625 0.087777 -0.064408 -0.064516 0.193021
-0.289045 -0.361168 0.049630 0.209002 0.502382 0.553381 -0.315083 -0.310104 0.558299 0.554205 -0.344882 -0.293906 -0.129869 -0.502856 0.045581 0.197157 -0.004908 -0.396621 -0.094398 0.137070 0.341008 0.202311 0.154993 0.214501 0.827750 1.000000 0.251992 0.073901 -0.196088 0.299959 0.487778 0.453507 -0.086678 -0.128346 0.364125 -0.032848 0.175253 -0.046963 -0.212761 -0.183606 -0.205777 0.060172 0.185759 0.359744 0.141068 0.217834 -0.178501 0.068510 0.078727 0.108530 0.306562 0.216258 0.265719 -0.122758 0.023641 -0.286028 -0.142539 -0.016113 -0.540312 -0.458949 -0.590245 -0.433525 -0.345047 -0.012075 -0.381881 -0.302279 -0.146201 0.291754 -0.073033 0.288836 0.493014 0.265429 -0.119378 0.112624 -0.372722 0.261121 -0.265501 -0.075239 0.274271 -0.109002 -0.110115 -0.185800 -0.279351 -0.229803 -0.088539 0.059116 -0.166694 0.076565 -0.212121 -0.319811 -0.041381 -0.022919 0.128303 -0.017616 0.322180 -0.232777 -0.215162 -0.101306 -0.199528 -0.333718 0.184938 0.025166 0.079029 0.252957 0.228421 0.178946 0.133926 0.179590 -0.118325 -0.130690 0.303470 0.056346 -0.073797 0.003230 -0.145855 0.039688
-0.215515 -0.145002 0.150648 0.433096 0.525058 0.683882 -0.020607 0.162225 0.335814 0.374381 -0.139590 -0.270091 -0.114090 -0.334792 0.107059 0.543499 -0.165116 -0.223310 0.004671 0.247403 0.601183 0.626647 0.052911 0.345194 0.244538 0.251992 1.000000 0.668446 -0.373744 -0.046433 0.086481 0.053320 0.054260 -0.157273 0.066766 -0.111311 -0.222528 -0.012752 -0.147161 0.366038 0.190693 -0.121559 0.019094 -0.027384 -0.049584 0.082695 -0.208405 -0.084958 0.040515 0.025402 -0.055821 -0.029918 -0.072403 -0.163617 -0.143322 0.099294 -0.255240 -0.478603 -0.019221 -0.023432 -0.120426 -0.154960 -0.202378 -0.349234 0.063607 0.021727 0.054244 -0.087454 -0.083733 0.109688 0.026638 0.068104 -0.085831 0.027984 0.056049 -0.100912 -0.010613 -0.094376 -0.074405 -0.214565 -0.263889 -0.340891 0.400832 0.411259 0.100225 0.091253 0.044175 0.149269 0.238093 0.128661 -0.079278 0.025351 -0.073087 0.119757 -0.208626 -0.217603 0.286509 -0.149902 0.142699 -0.030477 0.222481 0.069935 0.253103 0.051850 0.231702 0.102513 0.193822 0.137612 -0.163255 -0.462874 0.002447 -0.024520 0.185433 0.262897 -0.132715 0.165036
0.145454 -0.197379 0.169122 0.354246 0.005943 0.532748 0.118448 0.028892 -0.100198 -0.182167 0.047651 -0.177687 -0.110477 -0.163364 0.111576 0.232351 -0.091395 -0.250056 0.115017 0.234001 0.443192 0.447519 0.151191 0.363819 0.002206 0.073901 0.668446 1.000000 -0.338745 -0.396048 0.069548 0.115413 0.131843 -0.146095 -0.183378 -0.028349 -0.058463 -0.058660 0.093301 0.351696 0.352186 -0.209171 -0.291267 -0.163188 -0.264783 -0.046461 -0.386562 -0.310447 -0.106915 -0.289502 -0.027204 -0.212519 -0.160493 -0.158720 -0.184267 0.089279 -0.311467 -0.528069 0.181483 0.113090 0.104970 -0.178634 0.009010 -0.393466 0.119476 -0.105254 0.318456 0.143367 0.132360 0.235015 -0.062139 -0.048968 -0.030739 -0.139388 0.200437 -0.164511 -0.015742 -0.185523 -0.212774 -0.336502 -0.108849 -0.229364 0.577751 0.391900 0.343557 0.146754 0.386528 0.217067 0.448456 0.320894 -0.053658 -0.047032 -0.177380 0.087942 -0.313673 -0.224675 0.397206 -0.081458 0.198192 -0.146840 0.170586 0.074712 0.118102 0.004450 0.147633 -0.044213 0.207510 0.239390 -0.143902 -0.205692 0.313917 -0.060441 0.171796 0.202812 -0.232841 0.218464
0.247901 0.103216 -0.264580 -0.650243 -0.129979 -0.192886 0.047085 -0.307612 0.015255 -0.061704 0.259425 0.235590 0.401581 0.238235 0.185677 0.082531 0.397000 0.470215 -0.061808 -0.165004 -0.045119 0.039284 -0.391558 -0.557566 -0.132741 -0.196088 -0.373744 -0.338745 1.000000 0.454927 -0.123768 0.011161 0.187915 0.394443 0.198795 0.242060 0.569827 0.248220 0.095100 -0.072187 0.009567 0.332419 -0.052920 0.125529 -0.153990 0.080898 0.323889 0.213259 -0.344579 -0.185610 -0.329516 -0.214735 -0.212064 0.257850 -0.176208 0.096431 0.476380 0.486550 -0.226438 -0.119546 0.007924 0.148521 0.234808 0.376524 -0.212123 -0.006014 -0.168633 -0.353428 0.103779 -0.320434 0.008691 -0.022459 0.531085 0.137875 -0.050697 0.070329 0.410646 0.247085 0.517413 0.440322 0.580902 0.623468 -0.228615 0.004879 -0.291962 -0.136711 -0.518445 -0.208356 -0.406888 -0.350650 -0.354419 -0.522682 -0.448898 -0.527476 0.329451 0.243585 0.087875 0.262794 -0.250326 0.048168 -0.608257 -0.249183 -0.364868 -0.168803 -0.322893 0.045715 -0.194123 -0.182904 0.201313 0.169166 -0.085165 0.136500 -0.079418 -0.166151 0.052807 -0.035942
-0.140086 -0.116957 -0.388779 -0.348780 0.370157 0.021801 -0.336176 -0.339190 0.396727 0.637460 -0.155929 -0.149957 0.343288 -0.041215 0.180032 0.343241 0.423549 0.211531 -0.461546 -0.257839 0.296621 0.197082 -0.401702 -0.236345 0.401081 0.299959 -0.046433 -0.396048 0.454927 1.000000 0.104411 0.033596 -0.077367 -0.046916 0.435131 0.036865 0.407065 0.368878 0.016992 -0.114578 -0.108061 0.420696 0.361487 0.403229 0.192155 0.208617 0.376129 0.448028 -0.054735 0.132592 -0.004325 0.079896 0.176400 0.069857 -0.159096 -0.042013 0.167444 0.313184 -0.453905 -0.224302 -0.434914 0.013402 -0.092591 0.351346 -0.546753 -0.097950 -0.379636 -0.243805 -0.232179 -0.190658 0.182699 0.264818 0.404278 0.439203 -0.305228 0.248639 0.038854 0.237735 0.528510 0.447039 0.256296 0.365977 -0.546339 -0.334569 -0.317119 -0.049171 -0.503235 -0.108634 -0.479308 -0.510713 -0.307781 -0.199844 -0.114586 -0.382004 0.444614 0.158616 -0.156892 0.159383 -0.205509 0.071748 -0.191891 -0.135468 -0.067209 0.072909 -0.031391 0.211905 -0.091082 -0.081243 0.054115 -0.050392 -0.162429 0.176410 -0.133078 -0.239023 -0.044618 -0.214137
-0.206994 -0.435267 0.315086 0.290565 0.115158 -0.088263 -0.061084 -0.124780 0.147690 0.079487 -0.100844 -0.105702 -0.253917 -0.274555 -0.132655 -0.145723 -0.055870 -0.397139 0.083961 0.222516 0.193239 -0.093921 0.240032 0.476174 0.524829 0.487778 0.086481 0.069548 -0.123768 0.104411 1.000000 0.734975 0.325654 0.143825 0.139687 -0.231956 -0.002583 -0.187098 -0.384696 -0.321165 0.062598 0.143300 -0.086802 0.203654 0.042110 0.039831 -0.290996 -0.118822 -0.011790 0.036706 0.476093 0.045756 0.208490 -0.050599 -0.295686 -0.538799 -0.236663 -0.180566 -0.258059 -0.201686 -0.309182 -0.301394 -0.328198 -0.135892 0.066197 -0.225890 0.027870 0.230462 -0.192411 0.009878 0.109370 0.015616 0.031313 0.250388 -0.127541 0.219170 -0.237609 -0.235234 0.055802 -0.048924 -0.172558 -0.052389 -0.218058 -0.203689 0.131579 -0.111319 0.045013 -0.107806 -0.192198 -0.496572 -0.141755 -0.017754 -0.121244 0.226762 0.305366 -0.056142 -0.216682 -0.074854 -0.029449 -0.087424 0.047013 0.275522 0.229747 0.419661 0.244258 0.240912 -0.219746 0.002982 -0.005906 -0.147755 0.232385 0.020572 0.135167 0.062056 -0.050444 0.273212
-0.312895 -0.582987 0.252283 0.173143 0.066184 0.099789 0.081332 -0.102329 0.089257 -0.057536 -0.226556 -0.101119 -0.282478 -0.364394 -0.042783 -0.191542 -0.081763 -0.273376 0.105186 -0.016610 0.073613 0.044287 0.351651 0.434919 0.342793 0.453507 0.053320 0.115413 0.011161 0.033596 0.734975 1.000000 0.250089 0.390233 0.229833 -0.052191 0.100808 -0.131152 -0.233715 -0.068911 -0.002579 0.152305 -0.095194 0.189475 0.157147 0.277597 -0.388507 -0.254836 0.004096 0.141276 0.329173 0.108330 0.087252 -0.038127 -0.151767 -0.356675 -0.010510 -0.060602 -0.382585 -0.345373 -0.368573 -0.468533 -0.412605 -0.166629 0.126335 -0.158229 0.060756 0.193915 -0.198994 -0.175449 0.175518 0.251282 0.076342 0.066104 -0.069208 0.226851 -0.048623 -0.040469 0.181342 0.123264 0.010852 -0.028841 -0.101621 -0.030542 0.048879 -0.219864 -0.002168 0.139373 -0.097693 -0.450197 -0.242200 -0.138698 -0.275013 0.129026 0.358596 0.166282 -0.104377 -0.069120 -0.266325 -0.165754 -0.148859 0.222301 0.016482 0.351790 0.013878 0.233195 0.012466 0.133203 0.160048 0.046917 0.235633 -0.089564 0.069257 0.152900 0.028392 0.297355
0.308080 0.102873 -0.050025 -0.138467 -0.355352 -0.211594 0.039311 -0.191754 -0.303948 -0.278629 -0.095781 0.129517 -0.130378 0.111307 -0.212282 -0.006420 0.180683 0.263350 0.290737 0.196625 0.202292 -0.000539 -0.123010 -0.170805 -0.059213 -0.086678 0.054260 0.131843 0.187915 -0.077367 0.325654 0.250089 1.000000 0.610595 -0.019933 -0.086667 0.284971 -0.015417 -0.077122 -0.061112 0.486968 0.198799 -0.126865 0.036123 -0.325800 -0.113289 -0.191008 0.081338 -0.362468 -0.258935 -0.113621 -0.264850 -0.261691 -0.098390 -0.324076 -0.046863 0.027471 -0.035163 -0.091714 0.006089 0.223181 0.316917 0.125270 0.236267 0.158216 -0.044745 0.127305 -0.122818 0.134849 -0.306616 -0.442000 -0.233876 0.458980 0.133478 0.464106 -0.166153 0.361229 -0.242057 0.134119 0.272757 0.273887 0.272431 -0.018561 0.068091 0.188239 -0.042055 -0.261472 -0.220059 -0.242784 -0.450939 -0.361914 -0.229600 -0.334916 -0.090280 0.176715 0.236334 0.002251 -0.074069 0.057414 -0.008675 -0.322267 0.266015 0.160943 0.224148 -0.071336 -0.080404 -0.215236 -0.130470 0.146848 -0.140141 0.006245 0.447046 0.282174 0.277498 0.176054 -0.037341
-0.004837 0.077206 0.048629 -0.208757 -0.287733 -0.215471 0.182616 0.075876 -0.203466 -0.285289 0.001801 0.214108 -0.257167 0.190706 -0.311674 -0.120714 -0.009976 0.447990 0.346324 0.070610 -0.092960 0.010324 -0.033232 -0.250408 -0.100343 -0.128346 -0.157273 -0.146095 0.394443 -0.046916 0.143825 0.390233 0.610595 1.000000 0.173814 0.263969 0.239436 0.012910 -0.260631 0.020209 0.224352 0.381083 -0.285173 -0.153592 -0.296241 0.068145 -0.107381 -0.202264 -0.408419 -0.243222 -0.307046 -0.267647 -0.093066 0.136886 -0.220567 -0.170643 0.052962 0.109629 -0.169471 -0.137155 0.172169 0.259607 0.015313 0.154379 0.250425 0.350591 0.136382 0.011492 0.220875 -0.359531 -0.280199 -0.037647 0.315575 0.218852 0.326145 -0.145672 0.571553 0.138489 0.105793 0.271092 0.391417 0.335380 -0.020121 0.248453 0.002901 -0.213234 -0.353409 -0.305586 -0.271240 -0.479781 -0.387905 -0.464155 -0.314037 -0.121542 0.353052 0.381735 -0.058209 0.077387 -0.391296 -0.140421 -0.474525 0.118571 -0.052685 0.165973 -0.215458 -0.111505 -0.118825 -0.121455 0.331906 0.041894 0.014117 0.156737 0.171939 0.235816 0.319558 0.037227
-0.268726 -0.111460 -0.154092 -0.134569 0.302982 0.147667 -0.298822 -0.138718 0.371989 0.309154 -0.113086 -0.002119 0.044464 -0.122780 0.077373 0.266742 0.074618 0.169878 -0.180727 -0.194412 0.262681 0.200727 -0.071774 -0.040268 0.389586 0.364125 0.066766 -0.183378 0.198795 0.435131 0.139687 0.229833 -0.019933 0.173814 1.000000 0.497038 0.272688 0.157870 -0.199041 -0.287236 -0.005646 0.319205 0.341566 0.423142 0.068547 0.349082 0.055851 0.234940 -0.059270 0.055808 0.085820 0.216087 0.069096 -0.143722 -0.281795 -0.241682 0.033835 0.116027 -0.485238 -0.370397 -0.421960 -0.091061 -0.389984 -0.005441 -0.359736 0.010107 -0.184003 0.168383 -0.199143 -0.269875 -0.005222 0.067257 0.163063 0.069939 -0.162057 -0.091223 0.273180 0.138760 0.205910 0.163723 0.093333 0.149322 -0.322615 -0.035495 -0.180511 0.053505 -0.290915 -0.191629 -0.498019 -0.516357 -0.212899 -0.105549 0.131410 -0.083673 0.568797 0.168374 -0.292226 -0.095835 -0.405524 0.059736 -0.055352 0.013881 0.060471 0.257354 -0.105239 0.042919 -0.093199 -0.199278 0.130965 -0.210130 -0.193705 0.112712 0.037992 0.067041 0.246979 -0.210726
-0.086349 0.092726 -0.298957 -0.120707 0.046119 0.062284 -0.240136 -0.004759 0.166798 0.013219 0.063733 0.107714 -0.170247 0.203422 0.063070 0.116849 0.008582 0.324968 -0.147685 -0.254821 -0.054397 0.110993 -0.198638 -0.267259 0.097130 -0.032848 -0.111311 -0.028349 0.242060 0.036865 -0.231956 -0.052191 -0.086667 0.263969 0.497038 1.000000 0.287717 0.292261 0.048613 0.013140 0.107890 0.171092 -0.219065 -0.166670 -0.267872 0.331889 0.098297 -0.111227 -0.188961 -0.168537 -0.280563 -0.005203 0.090307 0.054894 -0.091259 -0.078650 -0.059888 0.035020 -0.053878 -0.150833 -0.002481 0.145682 -0.119743 -0.057230 -0.118478 0.426005 0.145473 0.231285 0.191491 -0.076620 -0.170807 0.047774 -0.054259 -0.071152 -0.049004 -0.352701 0.328448 0.291239 -0.037192 0.018533 0.217992 0.126627 0.073263 0.159257 0.093843 0.221625 0.001416 -0.142896 -0.102980 -0.081429 -0.243784 -0.368582 0.080199 -0.223557 0.263207 0.155465 -0.036143 0.049452 -0.434858 -0.129622 -0.047217 -0.077190 -0.217439 -0.052346 -0.200435 -0.030310 0.190673 0.030531 0.158972 -0.102863 0.022295 0.086396 0.094756 0.039427 0.175226 -0.112413
