1.000000 0.379669 0.296615 0.016530 -0.423037 -0.332889 0.184439 -0.041772 -0.323505 -0.330980 0.179131 0.027370 -0.034273 -0.142600 -0.191042 -0.009615 0.202761 -0.068525 0.537044 0.563977 -0.129145 -0.090178 -0.127737 -0.101795 -0.389700 -0.469468 -0.421273 -0.214759 -0.009524 -0.125459 -0.117292 -0.106423 0.441524 0.368016 -0.065101 -0.023675 -0.045152 -0.186459 -0.068969 -0.042306 0.055640 0.013631 -0.017161 -0.038896 0.010431 -0.028470 -0.190071 -0.066718 -0.111926 -0.204819 -0.207191 -0.199749 -0.065021 -0.188122 -0.253651 -0.159338 0.637420 0.091480 0.201778 -0.024365 0.443788 0.121186 0.316184 0.303865 -0.099222 -0.190537 -0.151145 -0.160528 0.023439 -0.172944 -0.112033 -0.081262 -0.032071 -0.208051 0.067286 0.027534 0.064517 -0.029432 0.048507 -0.181268 0.171630 -0.046485 0.012025 0.213033 -0.150697 -0.033656 0.184596 0.193387 -0.025028 0.172401 -0.098004 -0.165927 -0.358654 -0.276925 -0.071000 -0.175257 -0.272944 -0.224806 -0.278470 -0.098386 -0.053743 -0.062552 -0.081763 -0.191581 -0.312130 -0.190914 -0.173403 -0.050911 -0.122276 -0.313439 -0.151187 -0.270156 -0.234975 -0.281334 -0.276465 -0.172671
0.379669 1.000000 -0.081150 0.152800 -0.514341 -0.625204 -0.201058 0.226130 -0.398931 -0.490872 -0.253772 0.516716 -0.132979 0.215964 -0.391446 -0.379829 -0.328339 0.505335 0.203209 0.554029 -0.517048 -0.469082 -0.272401 -0.039019 -0.610243 -0.563632 -0.471373 -0.586244 -0.434238 -0.011211 -0.154880 0.047152 0.272993 0.442133 -0.363350 -0.179428 -0.331067 -0.203543 -0.328807 -0.139472 -0.150421 -0.270675 -0.025556 -0.209473 0.252678 0.101888 -0.268717 -0.118837 -0.003978 0.100249 0.051944 -0.110302 -0.002223 -0.220383 -0.297944 -0.149808 0.095266 0.667910 0.388748 0.208200 -0.072697 -0.102997 -0.115487 0.576582 -0.031899 -0.001914 0.054011 0.148542 0.463770 0.353837 -0.497952 -0.104617 -0.438616 0.002178 -0.241140 -0.028327 -0.219564 0.089455 -0.310715 0.453254 -0.100373 0.553039 -0.357341 -0.060961 -0.241329 0.041785 0.049735 0.217862 -0.151387 0.228318 -0.028963 0.109094 -0.299248 -0.160961 -0.140299 -0.141115 -0.344992 -0.215711 -0.255625 -0.113793 -0.065845 -0.039340 -0.046607 -0.052349 -0.307079 -0.042729 0.097924 -0.032829 -0.086810 -0.161667 -0.142065 -0.326674 -0.424152 -0.259690 -0.123310 -0.155587
0.296615 -0.081150 1.000000 0.318650 0.089363 0.176647 0.755164 0.358864 0.147088 0.104700 0.467542 0.129403 0.491111 0.200603 0.156684 0.100722 0.222782 -0.109769 0.070220 -0.073053 0.211509 0.232689 0.584121 0.500079 0.241761 0.263354 0.180149 0.243754 0.141298 -0.119284 0.523369 0.501940 -0.032300 0.305138 -0.042602 0.036336 -0.406014 -0.278902 -0.308692 -0.365970 -0.288194 0.052886 -0.182037 -0.140780 0.086179 0.202967 -0.349264 -0.044994 -0.051300 0.016454 -0.153478 -0.041496 -0.173077 -0.258696 -0.546082 -0.568525 -0.124497 -0.231713 0.102459 -0.087608 0.033863 -0.044095 0.029567 0.053432 0.005101 0.035513 0.028664 0.160771 -0.226643 -0.203287 0.287389 0.228606 0.078993 0.040278 0.130223 0.049937 0.010454 0.099904 -0.058486 -0.225686 -0.051411 -0.199138 0.069102 0.013599 -0.293102 -0.243655 0.083466 -0.244202 -0.218483 -0.388365 0.020860 -0.300427 -0.129448 -0.221380 -0.388653 -0.349934 -0.498307 -0.508683 -0.386535 -0.528135 -0.040631 -0.204805 0.079853 -0.354673 -0.436193 -0.524275 0.004082 -0.103106 -0.344068 -0.228921 -0.088017 -0.305238 -0.218016 -0.364616 -0.496706 -0.524530
0.016530 0.152800 0.318650 1.000000 0.023976 0.069845 0.427052 0.634561 0.056678 0.160405 0.144362 0.431718 0.325370 0.299881 0.209353 0.193056 -0.027694 0.156357 0.077558 0.101963 0.018667 0.013717 0.402002 0.525441 0.013630 0.034448 -0.033332 0.073598 0.021072 0.106003 0.352200 0.443148 -0.069621 0.263512 -0.215036 -0.243105 -0.308330 -0.223288 -0.158044 -0.108764 -0.091737 -0.018988 -0.302408 -0.383205 -0.085704 0.036140 -0.418285 -0.387934 0.047408 -0.044618 0.033713 -0.210428 -0.231804 -0.369032 -0.377589 -0.495989 -0.160175 0.078869 -0.045204 -0.128226 -0.045012 0.066196 -0.258315 0.089719 0.212975 0.219498 -0.172933 -0.017687 -0.028780 -0.058257 -0.039333 0.251502 -0.043281 0.033827 -0.031294 0.114142 -0.203970 0.034067 -0.073877 -0.028532 -0.314086 -0.113948 -0.016959 0.249247 -0.223405 -0.264226 -0.058453 -0.095406 0.041453 -0.140069 -0.118007 -0.234830 -0.053844 -0.169050 -0.218901 -0.159394 -0.470260 -0.367327 -0.382985 -0.478009 -0.101392 -0.177554 -0.070462 -0.235029 -0.356491 -0.289326 0.025937 -0.149752 -0.172735 -0.204305 -0.396013 -0.410075 -0.327205 -0.328280 -0.261947 -0.357425
-0.423037 -0.514341 0.089363 0.023976 1.000000 0.613057 0.089494 0.003007 0.706642 0.596068 0.094298 -0.194920 0.158064 0.031879 0.266394 0.043377 -0.133085 -0.158091 -0.233981 -0.373771 0.109257 0.028474 0.262594 0.168311 0.606769 0.502826 0.802393 0.392383 -0.090387 -0.258256 0.056801 0.035256 -0.374651 -0.354538 0.037568 0.052163 -0.226661 -0.269153 -0.070243 -0.096781 -0.213223 -0.294892 0.093704 0.089696 -0.026216 0.008207 0.210442 0.178757 0.264038 0.128509 0.237908 0.105167 0.127543 0.267790 0.041820 -0.025375 -0.366754 -0.233957 -0.101331 -0.046973 -0.075404 0.109766 -0.242894 -0.402271 0.181319 0.213143 0.038038 0.071897 -0.162803 -0.086369 0.171759 -0.093035 -0.098127 -0.126304 -0.222906 -0.238779 -0.142146 -0.232138 -0.109811 -0.303372 -0.316719 -0.371457 0.129427 -0.167338 0.061839 -0.315307 -0.025682 -0.179908 -0.023799 -0.302059 0.286580 0.319938 0.527388 0.457036 -0.149546 -0.160076 0.100375 0.035754 0.327889 0.197119 0.125443 0.233939 0.146538 0.173154 0.188600 0.024714 0.182406 0.022015 -0.041784 0.002811 0.164223 0.346850 0.359724 0.373282 0.120020 0.093866
-0.332889 -0.625204 0.176647 0.069845 0.613057 1.000000 0.306587 0.058521 0.438173 0.868429 0.106182 -0.196928 0.147360 -0.003070 0.330295 0.441370 -0.028679 -0.350899 -0.399655 -0.427212 0.324717 0.255998 0.485607 0.389378 0.831773 0.711536 0.531677 0.763782 0.094583 -0.127677 0.220703 0.058198 -0.328407 -0.320028 0.182220 0.093245 -0.030831 -0.052354 0.238671 0.189033 0.021218 0.148439 -0.151532 -0.024722 -0.167214 0.045278 -0.092020 -0.063268 0.201210 0.098563 0.024726 0.001059 -0.208529 -0.104049 -0.084384 -0.125511 -0.322381 -0.312711 -0.119877 0.104978 0.041635 0.268260 -0.022062 -0.360663 0.220391 0.197953 0.043934 0.035743 -0.392697 -0.140548 0.286393 0.065578 0.039373 -0.105730 -0.061646 -0.111876 -0.145597 -0.191518 0.086596 -0.346760 -0.266827 -0.512461 0.247133 0.179011 -0.109520 -0.286103 0.088591 -0.084213 -0.011974 -0.175889 0.071118 -0.088917 0.214008 0.054787 0.038695 0.075489 0.055146 0.057765 0.010578 -0.042007 -0.037819 -0.138046 -0.058725 -0.133140 0.013558 -0.093612 -0.310786 -0.159740 -0.039908 -0.045641 -0.046219 0.122629 0.161183 0.091038 -0.013309 -0.083083
0.184439 -0.201058 0.755164 0.427052 0.089494 0.306587 1.000000 0.447460 0.053411 0.293888 0.630525 0.091455 0.655082 0.157526 0.309459 0.444431 0.397897 -0.214868 -0.053740 -0.022606 0.303645 0.233376 0.611810 0.475342 0.290708 0.228833 0.145171 0.376160 0.390948 0.087347 0.524129 0.405670 0.031826 0.245464 0.032417 -0.051368 -0.198286 -0.142821 -0.074233 -0.119948 -0.077799 0.250505 -0.397865 -0.348838 -0.180483 -0.086920 -0.449154 -0.314989 -0.093303 -0.142642 -0.295744 -0.229531 -0.354618 -0.378143 -0.506939 -0.592812 -0.184684 -0.308151 -0.123751 -0.104685 0.057042 0.214051 0.084391 -0.050070 0.025641 0.097597 -0.149356 -0.052368 -0.330889 -0.186030 0.378217 0.267941 0.301553 0.059252 0.231660 0.094326 0.049123 0.068842 0.228916 -0.330300 0.066066 -0.398201 0.195961 0.321872 -0.341457 -0.456937 0.086976 -0.248321 -0.178892 -0.380964 -0.066081 -0.423888 -0.122157 -0.280226 -0.162991 -0.072508 -0.404495 -0.393113 -0.337294 -0.611798 -0.135990 -0.330082 0.076534 -0.377762 -0.389056 -0.440709 -0.235967 -0.208139 -0.219045 -0.116698 -0.313892 -0.328348 -0.207606 -0.318494 -0.365780 -0.446501
-0.041772 0.226130 0.358864 0.634561 0.003007 0.058521 0.447460 1.000000 -0.118991 0.130159 0.259807 0.631045 0.443605 0.755766 -0.061010 0.131296 -0.066582 0.404832 -0.192302 -0.124414 0.077331 -0.034510 0.330165 0.474533 -0.007852 0.072519 -0.024443 -0.002143 -0.000773 0.330476 0.538027 0.706715 0.098768 0.396487 -0.250143 -0.089048 -0.413595 -0.281027 -0.392300 -0.289477 -0.240738 -0.067334 -0.493481 -0.481844 0.055699 0.149586 -0.593596 -0.412851 -0.009331 -0.005402 -0.006975 -0.247662 -0.329284 -0.444616 -0.608450 -0.580343 -0.293295 -0.012983 -0.012674 -0.175496 -0.057749 0.046974 -0.105102 0.298835 0.165277 0.309945 -0.049535 0.035556 -0.139758 -0.097382 -0.065172 0.372343 -0.022655 0.314948 -0.022886 0.163396 -0.061569 0.167623 -0.121783 0.252289 -0.205380 0.129156 -0.067517 0.177160 -0.322889 -0.299844 -0.006186 0.038268 -0.286276 -0.248168 -0.192364 -0.233683 -0.239839 -0.236979 -0.339361 -0.176644 -0.540625 -0.473281 -0.546990 -0.546585 -0.158248 -0.121347 -0.138900 -0.177530 -0.437867 -0.408413 0.140212 -0.051584 -0.263967 -0.121487 -0.326351 -0.516523 -0.474657 -0.429361 -0.322426 -0.437013
-0.323505 -0.398931 0.147088 0.056678 0.706642 0.438173 0.053411 -0.118991 1.000000 0.524827 0.019843 -0.345347 0.033431 -0.156117 0.357024 0.065616 -0.125048 -0.362974 -0.278138 -0.375671 -0.008898 -0.046879 0.191456 0.200216 0.472823 0.501937 0.563243 0.273871 -0.177198 -0.472834 -0.022971 -0.014079 -0.466631 -0.264514 0.020884 0.035220 -0.256183 -0.235420 -0.095368 -0.200364 -0.231607 -0.242094 0.309655 0.321001 0.080688 0.145251 0.320293 0.341261 0.165215 0.197849 0.265334 0.317878 0.307367 0.279856 0.093277 -0.016538 -0.273525 -0.213061 -0.164059 -0.163339 -0.082284 0.043312 -0.216680 -0.277929 0.284040 0.367974 -0.056623 0.164975 -0.153080 0.041612 0.248424 -0.164721 -0.148822 -0.289454 -0.275850 -0.308251 -0.144229 -0.205853 -0.195325 -0.350394 -0.278025 -0.408797 -0.050769 -0.343663 0.094197 -0.135828 0.081163 -0.244552 0.157203 -0.267320 0.410955 0.174082 0.564866 0.345653 -0.195251 -0.207165 0.015146 -0.000368 0.263982 0.040613 0.280834 0.080706 0.164008 -0.019887 0.190365 -0.030035 0.248234 -0.027988 -0.114187 -0.019777 0.219765 0.383884 0.275781 0.136448 -0.139366 -0.011720
-0.330980 -0.490872 0.104700 0.160405 0.596068 0.868429 0.293888 0.130159 0.524827 1.000000 0.042958 -0.176041 0.078699 0.066171 0.262127 0.521082 -0.115839 -0.401697 -0.495121 -0.318852 0.177847 0.161059 0.374776 0.423588 0.736787 0.669676 0.400014 0.675105 -0.011847 -0.199027 0.126559 0.071623 -0.297713 -0.145659 0.192431 0.105686 -0.064660 -0.094016 0.164747 0.193389 -0.019092 0.105987 -0.135686 0.030858 -0.153365 0.071092 -0.112967 -0.022695 0.179049 0.174929 -0.012847 0.065771 -0.238701 -0.158744 -0.212000 -0.193097 -0.377433 -0.278727 -0.110670 0.089667 -0.001585 0.404454 -0.093071 -0.314377 0.329887 0.419088 -0.013441 0.143818 -0.315758 0.063344 0.205713 0.004025 -0.040172 -0.179582 -0.132052 -0.179874 -0.149825 -0.163064 0.057609 -0.410064 -0.258327 -0.514346 0.136640 0.204938 -0.249572 -0.373660 0.041822 -0.114487 -0.116564 -0.265652 0.127525 -0.107310 0.222246 0.042783 0.053035 0.159124 -0.015055 0.080200 -0.026559 -0.140570 -0.063220 -0.178448 -0.066465 -0.190460 -0.054301 -0.099646 -0.252622 -0.211173 -0.019004 0.005394 -0.042672 0.094097 0.089599 -0.006432 -0.113894 -0.113638
0.179131 -0.253772 0.467542 0.144362 0.094298 0.106182 0.630525 0.259807 0.019843 0.042958 1.000000 0.028981 0.750802 0.172362 0.455425 0.288954 0.664152 -0.056942 0.067728 -0.199328 0.472015 0.271458 0.458991 0.005542 0.103492 0.055025 0.211540 0.162179 0.601015 0.310323 0.519441 0.301254 0.095286 -0.029619 -0.070165 -0.043024 0.070204 0.054157 -0.084118 -0.227425 0.096187 0.276879 -0.271436 -0.161391 -0.339327 -0.358019 -0.128675 -0.232288 -0.246321 -0.355709 -0.136005 -0.177768 -0.069357 -0.093654 -0.138673 -0.330891 -0.017204 -0.344298 -0.245105 -0.344196 0.158195 0.001404 0.185541 0.033718 -0.190816 -0.126275 -0.285306 -0.450051 -0.361543 -0.457738 0.426511 0.333064 0.549872 0.327052 0.499863 0.368403 0.376546 0.139621 0.329785 -0.076667 0.309497 -0.258466 0.145437 0.094722 0.098251 -0.187428 0.156127 -0.191749 0.087837 -0.294370 -0.171010 -0.431742 -0.090600 -0.225736 -0.245776 -0.159122 -0.165061 -0.430811 -0.104811 -0.461698 -0.022228 -0.145608 0.100036 -0.162544 -0.152838 -0.353174 -0.095368 -0.012174 -0.323831 -0.205402 -0.257818 -0.247489 -0.170403 -0.122484 -0.130217 -0.287784
0.027370 0.516716 0.129403 0.431718 -0.194920 -0.196928 0.091455 0.631045 -0.345347 -0.176041 0.028981 1.000000 0.228668 0.711754 -0.200658 -0.228134 -0.282386 0.809214 -0.063704 0.063764 -0.212954 -0.296208 0.229726 0.336333 -0.179982 -0.186033 -0.184266 -0.318589 -0.239582 0.380092 0.361684 0.562943 0.069692 0.235333 -0.390331 -0.276844 -0.420911 -0.251470 -0.525349 -0.331628 -0.185754 -0.242123 -0.382153 -0.492619 0.233985 0.169829 -0.525808 -0.423075 0.093146 0.171651 0.200784 -0.180701 -0.205602 -0.238971 -0.401101 -0.329607 -0.194335 0.341959 0.217255 -0.044077 -0.146872 -0.108787 -0.168507 0.429947 0.150993 0.132207 0.095219 0.040336 0.178613 0.007675 -0.389279 0.210069 -0.294758 0.324500 -0.153193 0.232712 -0.214872 0.215415 -0.337162 0.587157 -0.213021 0.612978 -0.245585 0.019299 -0.195486 0.072243 -0.120928 0.081573 -0.283407 0.111568 -0.323950 0.057289 -0.319629 -0.135613 -0.389621 -0.224561 -0.549662 -0.429023 -0.486244 -0.274446 -0.163208 -0.153510 -0.236596 -0.024261 -0.517898 -0.230902 0.107351 0.062739 -0.230913 -0.181874 -0.395130 -0.530886 -0.476680 -0.216096 -0.065589 -0.303436
-0.034273 -0.132979 0.491111 0.325370 0.158064 0.147360 0.655082 0.443605 0.033431 0.078699 0.750802 0.228668 1.000000 0.387089 0.461409 0.212892 0.474803 0.111343 -0.047382 -0.253651 0.447270 0.271919 0.593361 0.194023 0.139608 0.122872 0.249488 0.161792 0.550221 0.296240 0.679510 0.450616 -0.234157 -0.148920 -0.378370 -0.172419 -0.186287 -0.029343 -0.218426 -0.309439 -0.081019 0.163881 -0.252357 -0.232835 -0.167000 -0.194285 -0.222486 -0.256636 -0.079558 -0.195230 0.016825 -0.074098 0.017691 -0.161874 -0.218173 -0.500057 -0.204916 -0.215534 -0.057031 -0.235099 -0.074824 -0.111324 -0.123763 0.115720 -0.276490 -0.107323 -0.199006 -0.295248 -0.160548 -0.359923 0.479417 0.536070 0.441401 0.379754 0.434680 0.394236 0.179187 0.189015 0.174854 0.005556 0.162141 -0.160790 0.188969 -0.013709 0.024808 -0.249399 0.144372 -0.247913 0.008187 -0.332110 -0.041393 -0.355195 -0.090608 -0.237238 -0.445220 -0.313997 -0.358174 -0.596680 -0.162002 -0.515865 0.007077 -0.123665 0.170627 -0.191043 -0.272865 -0.476822 0.113572 0.016274 -0.414771 -0.276518 -0.294886 -0.384911 -0.261354 -0.206437 -0.273540 -0.413632
-0.142600 0.215964 0.200603 0.299881 0.031879 -0.003070 0.157526 0.755766 -0.156117 0.066171 0.172362 0.711754 0.387089 1.000000 -0.145305 0.024421 -0.110872 0.592187 -0.269711 -0.212552 0.072095 -0.064439 0.264512 0.245960 0.025169 0.061824 0.012844 -0.083476 -0.013904 0.461450 0.538422 0.659114 0.006238 0.211396 -0.339582 -0.101534 -0.306678 -0.162282 -0.494494 -0.357358 -0.197106 -0.086208 -0.365627 -0.314927 0.103857 0.135063 -0.433092 -0.282596 0.027873 0.104776 0.171315 -0.048411 -0.113549 -0.236887 -0.413713 -0.375373 -0.289448 0.034372 0.029904 -0.165940 -0.112266 -0.047951 -0.044520 0.427084 -0.045795 0.109749 -0.075478 -0.087985 -0.067898 -0.157387 -0.144661 0.472983 0.007325 0.476310 0.076925 0.283286 0.018075 0.211505 -0.157881 0.443331 -0.056336 0.401924 -0.199138 -0.061179 -0.177842 -0.040098 -0.064712 0.034165 -0.338667 -0.212499 -0.245762 -0.153714 -0.350732 -0.226049 -0.458380 -0.192931 -0.424735 -0.470285 -0.416839 -0.357219 -0.157768 -0.024186 -0.247481 -0.032308 -0.431356 -0.396071 0.185419 0.092271 -0.347271 -0.130200 -0.245391 -0.441644 -0.422526 -0.310990 -0.215181 -0.340840
-0.191042 -0.391446 0.156684 0.209353 0.266394 0.330295 0.309459 -0.061010 0.357024 0.262127 0.455425 -0.200658 0.461409 -0.145305 1.000000 0.507425 0.432593 -0.306038 0.050873 -0.257713 0.547186 0.256899 0.406249 -0.035396 0.333896 0.234662 0.440132 0.478783 0.522329 0.119092 0.343580 0.001087 -0.259944 -0.377211 -0.229738 -0.190354 0.200883 0.076525 0.301574 0.028622 0.391032 0.351718 -0.121965 -0.096496 -0.340775 -0.329334 0.041239 -0.230346 0.023785 -0.173309 0.115399 -0.012313 0.056553 0.008899 0.275235 -0.094025 -0.041441 -0.263130 -0.251341 -0.150024 0.070649 -0.042677 -0.042863 -0.201255 -0.062387 -0.127363 -0.232246 -0.351710 -0.126784 -0.304663 0.386422 0.125975 0.448731 0.116945 0.368049 0.172200 0.003885 -0.248031 0.175696 -0.234212 0.077512 -0.413826 0.342282 0.118030 0.328317 0.028945 0.234684 -0.238617 0.557698 -0.099404 -0.138897 -0.319764 0.073857 -0.141207 -0.192927 -0.092291 0.055514 -0.217002 0.144373 -0.247914 -0.019585 -0.303515 0.180729 -0.204850 -0.004700 -0.249065 -0.163366 -0.096263 -0.211462 -0.131061 -0.311011 -0.026810 0.032098 0.006637 -0.032020 -0.194275
-0.009615 -0.379829 0.100722 0.193056 0.043377 0.441370 0.444431 0.131296 0.065616 0.521082 0.288954 -0.228134 0.212892 0.024421 0.507425 1.000000 0.415867 -0.475947 -0.115294 -0.045611 0.501944 0.297698 0.207896 0.032284 0.332791 0.165805 0.012952 0.604901 0.461466 0.272265 0.183618 -0.056531 0.038699 -0.037974 0.131989 0.003577 0.350649 0.238957 0.424798 0.337816 0.473589 0.588198 -0.348793 -0.150045 -0.461798 -0.321333 -0.223233 -0.283725 -0.107379 -0.200267 -0.297845 -0.163980 -0.371370 -0.310704 -0.079090 -0.110161 0.028884 -0.361074 -0.355567 -0.111748 0.187840 0.408711 0.177669 -0.226496 -0.018793 0.055485 -0.384611 -0.320964 -0.390805 -0.145533 0.322748 0.219084 0.496466 0.048475 0.394047 0.087094 0.096854 -0.187512 0.389743 -0.399996 0.110468 -0.540915 0.294926 0.574459 -0.222297 -0.163125 0.183892 0.066587 0.113470 -0.059166 -0.180917 -0.479634 -0.179184 -0.270314 0.164657 0.358158 0.061082 0.051245 -0.100371 -0.307461 -0.204989 -0.319075 -0.061897 -0.309112 -0.152640 -0.191583 -0.423969 -0.246884 0.024645 0.052334 -0.254300 -0.074082 0.029986 -0.191912 -0.123493 -0.191118
0.202761 -0.328339 0.222782 -0.027694 -0.133085 -0.028679 0.397897 -0.066582 -0.125048 -0.115839 0.664152 -0.282386 0.474803 -0.110872 0.432593 0.415867 1.000000 -0.299175 0.290123 -0.098842 0.632132 0.436860 0.143996 -0.329637 -0.023797 -0.089664 -0.016073 0.152919 0.819636 0.298901 0.301291 0.001548 0.180494 -0.122807 0.085013 0.039417 0.386995 0.256893 0.167958 -0.065584 0.315387 0.440547 -0.152351 -0.032829 -0.395283 -0.450133 0.098600 -0.165294 -0.289977 -0.489142 -0.181152 -0.143582 0.092078 -0.038397 0.108064 -0.159410 0.327795 -0.412849 -0.273937 -0.289903 0.266629 -0.031377 0.348084 -0.066957 -0.405250 -0.409503 -0.336039 -0.572318 -0.349305 -0.466487 0.531313 0.287171 0.797528 0.268152 0.711069 0.324089 0.507802 0.036662 0.667610 -0.208076 0.595664 -0.340440 0.269095 0.190454 0.262225 -0.037339 0.220684 -0.090926 0.248703 -0.239982 -0.108473 -0.519160 -0.078471 -0.244841 -0.046983 -0.036352 0.051271 -0.229635 0.055366 -0.314134 0.051304 -0.047463 0.198602 -0.089791 0.091690 -0.221231 -0.134042 0.010966 -0.220098 -0.103885 -0.218893 -0.121513 0.047210 -0.055874 -0.043037 -0.139373
-0.068525 0.505335 -0.109769 0.156357 -0.158091 -0.350899 -0.214868 0.404832 -0.362974 -0.401697 -0.056942 0.809214 0.111343 0.592187 -0.306038 -0.475947 -0.299175 1.000000 -0.029013 -0.032739 -0.279289 -0.330208 -0.018939 -0.007749 -0.330856 -0.265294 -0.116515 -0.531199 -0.274789 0.466144 0.146873 0.328383 0.121089 0.080893 -0.295567 -0.141680 -0.234819 -0.034376 -0.393441 -0.221814 -0.143273 -0.271569 -0.227435 -0.357535 0.188577 0.044872 -0.283436 -0.273869 0.051995 0.021611 0.222706 -0.253129 -0.087461 -0.065587 -0.127783 -0.021497 -0.144637 0.379245 0.231686 -0.039994 -0.132365 -0.280199 -0.136673 0.416037 0.068170 -0.068412 0.147133 -0.054081 0.276016 -0.056660 -0.398209 0.127488 -0.290212 0.462096 -0.181258 0.239040 -0.042574 0.273700 -0.345073 0.820953 -0.139670 0.810587 -0.284393 -0.074211 -0.045123 0.187135 -0.161616 0.171872 -0.194295 0.291298 -0.312297 0.193845 -0.294831 -0.032624 -0.309292 -0.181710 -0.220640 -0.262751 -0.215740 0.006206 -0.119623 0.032125 -0.236096 0.145996 -0.301071 -0.052231 0.241013 0.131218 -0.094180 -0.085093 -0.219272 -0.383211 -0.376804 -0.083364 0.138686 -0.071051
0.537044 0.203209 0.070220 0.077558 -0.233981 -0.399655 -0.053740 -0.192302 -0.278138 -0.495121 0.067728 -0.063704 -0.047382 -0.269711 0.050873 -0.115294 0.290123 -0.029013 1.000000 0.513872 0.002305 -0.097475 -0.139486 -0.391809 -0.370873 -0.513092 -0.177398 -0.175042 0.117423 -0.108864 -0.153235 -0.222188 0.391698 0.088571 -0.162896 -0.164174 0.003193 -0.210631 0.030431 -0.151820 0.150260 -0.143775 0.106656 -0.044375 0.057934 -0.159260 0.116569 -0.113457 0.206237 -0.130919 0.130326 -0.075743 0.107796 0.104071 0.088445 0.011010 0.526582 0.154587 0.131438 0.038137 0.268541 -0.037272 0.113586 0.087467 -0.245501 -0.382694 -0.005129 -0.282942 0.225792 -0.277458 -0.126379 -0.060472 0.108373 -0.176737 0.164492 -0.009304 -0.068162 -0.295165 0.122650 -0.180862 0.094212 -0.098626 -0.035699 -0.018132 0.138077 -0.008874 0.148576 0.076318 0.123515 0.103017 -0.236386 0.110057 -0.081607 0.132054 -0.112882 -0.236621 -0.108092 -0.216038 0.043951 0.136943 0.019833 0.282645 0.123152 0.252597 0.041052 0.014590 -0.004629 0.141744 -0.067919 -0.289614 -0.164551 -0.128890 0.085976 0.119980 0.177852 0.040348
0.563977 0.554029 -0.073053 0.101963 -0.373771 -0.427212 -0.022606 -0.124414 -0.375671 -0.318852 -0.199328 0.063764 -0.253651 -0.212552 -0.257713 -0.045611 -0.098842 -0.032739 0.513872 1.000000 -0.415296 -0.351354 -0.309642 -0.077879 -0.412240 -0.602092 -0.410324 -0.290612 -0.204806 -0.186128 -0.445809 -0.320146 0.391424 0.407484 -0.051239 -0.277138 -0.044753 -0.195277 0.055843 0.152356 0.078670 -0.144705 -0.004163 -0.142686 -0.009655 -0.113307 -0.152483 -0.133526 0.062539 0.033398 -0.226502 -0.109385 -0.129323 -0.165755 -0.127139 -0.027328 0.333092 0.335605 0.229499 0.403307 0.119370 0.298006 0.062667 0.197181 -0.192819 -0.084631 -0.022117 0.039385 0.314746 0.270569 -0.323744 -0.163134 -0.236644 -0.356670 -0.147414 -0.185311 -0.255983 -0.105013 0.004072 -0.188388 -0.010833 -0.002170 -0.168880 0.146262 -0.327854 -0.139623 -0.016191 0.062794 -0.135835 0.221566 -0.006396 0.107126 -0.193868 -0.056855 0.318076 0.088949 -0.149925 0.082535 -0.133282 0.066946 -0.249030 0.025612 -0.076960 -0.016510 -0.222801 0.137130 -0.208872 -0.183436 0.147125 -0.109189 -0.184864 -0.126833 -0.059862 -0.074294 0.041248 0.154423
-0.129145 -0.517048 0.211509 0.018667 0.109257 0.324717 0.303645 0.077331 -0.008898 0.177847 0.472015 -0.212954 0.447270 0.072095 0.547186 0.501944 0.632132 -0.279289 0.002305 -0.415296 1.000000 0.715497 0.351957 -0.071551 0.355801 0.312698 0.246064 0.489851 0.761399 0.404350 0.569520 0.219260 -0.109453 -0.229748 0.028730 0.114648 0.352541 0.314445 0.281992 0.001800 0.386930 0.528517 -0.232070 -0.047287 -0.260760 -0.196216 -0.070772 -0.231689 -0.148878 -0.269360 -0.059839 -0.098583 -0.076451 -0.229472 0.080620 -0.244172 0.042585 -0.451055 -0.265066 -0.295131 0.000902 -0.187896 0.103442 -0.206165 -0.262078 -0.289334 -0.252441 -0.372716 -0.343597 -0.466832 0.611255 0.534201 0.770014 0.399539 0.688539 0.425038 0.394458 0.098213 0.471032 -0.120919 0.319483 -0.313044 0.440790 0.159053 0.309215 0.028710 0.162295 -0.037840 0.280559 -0.311096 -0.209835 -0.538102 -0.141326 -0.286130 -0.104527 -0.069845 0.069478 -0.224014 -0.106142 -0.373446 -0.033550 -0.121537 0.110620 -0.137185 -0.009478 -0.312665 -0.079645 0.010675 -0.214921 -0.103319 -0.133878 -0.206596 -0.038090 -0.101104 -0.176423 -0.236693
-0.090178 -0.469082 0.232689 0.013717 0.028474 0.255998 0.233376 -0.034510 -0.046879 0.161059 0.271458 -0.296208 0.271919 -0.064439 0.256899 0.297698 0.436860 -0.330208 -0.097475 -0.351354 0.715497 1.000000 0.212843 0.063011 0.259951 0.439971 0.179835 0.438997 0.609786 0.169793 0.400607 0.197772 -0.217352 -0.192378 0.133503 0.243166 0.305336 0.319609 0.266364 0.143700 0.109810 0.448786 0.001661 0.147897 -0.169441 0.006227 -0.002085 0.012610 -0.250940 -0.211633 -0.133619 0.006882 -0.075174 -0.284190 0.035874 -0.283705 0.114632 -0.278192 -0.122779 -0.169425 -0.031856 -0.214814 -0.023787 -0.269247 -0.184571 -0.206381 -0.134954 -0.077855 -0.232783 -0.202305 0.578188 0.517707 0.533787 0.194634 0.504770 0.355152 0.315500 0.230524 0.375435 -0.182042 0.316836 -0.279419 0.400792 0.126812 0.242577 0.010293 -0.108124 -0.024306 0.165819 -0.359902 -0.058695 -0.517294 -0.127293 -0.325253 0.015844 -0.033943 0.056771 -0.136805 -0.169187 -0.370546 -0.012987 -0.114019 0.058099 -0.219739 0.023858 -0.174190 0.013620 0.042806 -0.147645 -0.146981 0.098825 -0.146370 -0.053236 -0.133195 -0.292482 -0.123215
-0.127737 -0.272401 0.584121 0.402002 0.262594 0.485607 0.611810 0.330165 0.191456 0.374776 0.458991 0.229726 0.593361 0.264512 0.406249 0.207896 0.143996 -0.018939 -0.139486 -0.309642 0.351957 0.212843 1.000000 0.572003 0.589346 0.462411 0.305107 0.485989 0.225797 0.064988 0.730794 0.523027 -0.234010 0.027175 -0.133036 -0.081125 -0.323517 -0.128063 -0.166588 -0.353766 -0.099916 0.168671 -0.312340 -0.222070 0.013859 0.126716 -0.368526 -0.275862 0.122105 0.121019 0.141460 -0.022716 -0.241961 -0.218918 -0.402736 -0.497178 -0.371056 -0.172839 -0.093746 -0.171932 -0.135316 -0.113403 -0.057053 0.057608 0.144232 0.046127 -0.035973 -0.037891 -0.244020 -0.313545 0.290723 0.379497 0.165117 0.182344 0.190148 0.243653 -0.061681 0.072959 0.119318 -0.039043 -0.079109 -0.195612 0.022285 -0.015002 -0.080193 -0.190825 0.236564 -0.261567 -0.040058 -0.356719 -0.190070 -0.307321 -0.030960 -0.119243 -0.398454 -0.289919 -0.389957 -0.491868 -0.280119 -0.432306 -0.124442 -0.235453 0.026746 -0.212507 -0.387675 -0.528612 -0.117112 -0.162701 -0.324713 -0.251935 -0.279266 -0.247771 -0.184431 -0.199513 -0.251731 -0.471361
-0.101795 -0.039019 0.500079 0.525441 0.168311 0.389378 0.475342 0.474533 0.200216 0.423588 0.005542 0.336333 0.194023 0.245960 -0.035396 0.032284 -0.329637 -0.007749 -0.391809 -0.077879 -0.071551 0.063011 0.572003 1.000000 0.399263 0.441445 0.126412 0.262520 -0.228087 -0.159114 0.384985 0.556326 -0.260173 0.294255 -0.042988 -0.106344 -0.469013 -0.273208 -0.225875 -0.150283 -0.360609 -0.084362 -0.319369 -0.298255 0.148523 0.410128 -0.556144 -0.209297 0.057565 0.269990 -0.098737 -0.032154 -0.335654 -0.399216 -0.551888 -0.542346 -0.385867 -0.024623 0.140157 0.105553 -0.168174 0.078979 -0.163494 0.040716 0.364192 0.410670 0.183142 0.489438 -0.120445 0.197382 0.068331 0.139337 -0.294944 -0.093028 -0.290978 -0.056108 -0.311261 0.156717 -0.280712 -0.117550 -0.354199 -0.088086 -0.005603 0.073038 -0.369375 -0.279512 -0.094106 -0.179823 -0.284369 -0.277243 0.114709 -0.119129 0.017124 -0.130961 -0.134842 -0.124256 -0.521228 -0.283382 -0.511716 -0.438857 -0.149712 -0.266357 -0.146331 -0.306084 -0.435433 -0.246921 -0.018592 -0.204224 -0.163731 -0.106104 -0.188053 -0.284400 -0.300245 -0.318791 -0.395484 -0.258822
-0.389700 -0.610243 0.241761 0.013630 0.606769 0.831773 0.290708 -0.007852 0.472823 0.736787 0.103492 -0.179982 0.139608 0.025169 0.333896 0.332791 -0.023797 -0.330856 -0.370873 -0.412240 0.355801 0.259951 0.589346 0.399263 1.000000 0.724125 0.563078 0.712179 0.068776 -0.142956 0.332723 0.119764 -0.271483 -0.231455 0.192129 0.036957 -0.076185 -0.065395 0.128869 0.019640 0.017761 0.145588 -0.177720 -0.058809 -0.046083 0.132317 -0.085379 -0.105009 0.252465 0.247325 0.094397 0.068010 -0.138031 -0.008891 -0.103169 -0.129313 -0.398486 -0.296012 -0.144304 0.056744 0.008269 0.217154 0.031561 -0.242930 0.218520 0.191384 0.098952 0.055652 -0.385479 -0.148473 0.273340 0.087987 0.050477 -0.043518 -0.007078 -0.129452 -0.130521 -0.212193 0.043557 -0.286572 -0.265426 -0.432614 0.098093 -0.010684 -0.075999 -0.206774 0.139563 -0.245089 -0.017662 -0.236637 -0.024075 -0.115079 0.199104 0.100754 -0.043953 0.015003 0.001920 -0.031699 0.026331 -0.064310 -0.068626 -0.108116 -0.030784 -0.060946 -0.023706 -0.196488 -0.279475 -0.155995 -0.101799 -0.053213 -0.098716 0.153238 0.253861 0.133451 -0.002699 -0.146539
-0.469468 -0.563632 0.263354 0.034448 0.502826 0.711536 0.228833 0.072519 0.501937 0.669676 0.055025 -0.186033 0.122872 0.061824 0.234662 0.165805 -0.089664 -0.265294 -0.513092 -0.602092 0.312698 0.439971 0.462411 0.441445 0.724125 1.000000 0.538202 0.613512 0.052301 -0.186389 0.398338 0.348186 -0.368363 -0.136036 0.190535 0.225545 -0.098033 -0.036297 -0.012329 0.007098 -0.232941 0.126944 0.060630 0.183331 0.091211 0.311823 0.019054 0.173396 0.084391 0.218635 0.078589 0.205790 -0.106027 -0.035751 -0.185569 -0.237862 -0.325451 -0.235827 -0.108133 -0.010271 -0.230231 -0.045351 -0.118583 -0.306351 0.269577 0.252602 0.173442 0.283202 -0.142392 -0.002373 0.251879 0.153996 -0.008217 0.009707 -0.027376 -0.027913 -0.010272 0.018624 -0.002720 -0.198940 -0.118312 -0.265916 0.088688 -0.073851 0.005799 -0.145266 -0.154677 -0.210797 -0.111717 -0.408856 0.026251 -0.199419 0.116092 -0.050274 -0.106147 -0.032550 -0.053304 -0.086166 -0.060014 -0.203304 0.037446 -0.216280 -0.043010 -0.199225 -0.047342 -0.229032 -0.006372 -0.047799 -0.124333 0.014829 0.126266 0.123188 0.087310 -0.001728 -0.194642 -0.101264
-0.421273 -0.471373 0.180149 -0.033332 0.802393 0.531677 0.145171 -0.024443 0.563243 0.400014 0.211540 -0.184266 0.249488 0.012844 0.440132 0.012952 -0.016073 -0.116515 -0.177398 -0.410324 0.246064 0.179835 0.305107 0.126412 0.563078 0.538202 1.000000 0.488131 0.071587 -0.166058 0.197838 0.067161 -0.330982 -0.354212 -0.038439 -0.091396 -0.122508 -0.204659 -0.003553 -0.080922 -0.159985 -0.189586 0.046610 -0.006253 -0.052570 -0.060659 0.191501 0.092357 0.207826 0.039671 0.222039 0.055851 0.122185 0.200775 0.115577 -0.065689 -0.293611 -0.197584 -0.106581 0.026683 -0.122410 -0.113178 -0.123203 -0.321593 0.007935 -0.032050 0.060308 -0.001103 -0.087989 -0.130375 0.254688 -0.030293 0.022141 0.015136 -0.067999 -0.158012 -0.079377 -0.215624 -0.105258 -0.232666 -0.172763 -0.265519 0.214186 -0.191407 0.170852 -0.260328 -0.075234 -0.167301 0.074689 -0.297389 0.148534 0.190072 0.393301 0.289954 -0.180940 -0.176654 0.118944 -0.065343 0.309106 0.104054 0.076049 0.091430 0.193386 0.137929 0.189665 -0.034783 0.143699 -0.003184 -0.108118 0.022432 0.078160 0.288273 0.273114 0.345082 0.126903 -0.002892
-0.214759 -0.586244 0.243754 0.073598 0.392383 0.763782 0.376160 -0.002143 0.273871 0.675105 0.162179 -0.318589 0.161792 -0.083476 0.478783 0.604901 0.152919 -0.531199 -0.175042 -0.290612 0.489851 0.438997 0.485989 0.262520 0.712179 0.613512 0.488131 1.000000 0.302339 -0.100317 0.303244 0.016688 -0.166041 -0.142401 0.210467 0.050640 0.122053 -0.048734 0.308825 0.143394 0.149018 0.285118 -0.115475 0.051115 -0.189437 0.019962 -0.052893 -0.047438 0.175114 0.061423 -0.025456 0.026856 -0.262983 -0.182110 -0.106067 -0.170144 -0.181620 -0.332723 -0.263003 0.008959 0.028601 0.198640 0.033558 -0.377799 0.101345 0.025193 -0.070189 -0.036043 -0.375652 -0.179332 0.312647 0.178294 0.279240 -0.081163 0.213588 -0.034246 -0.037843 -0.251008 0.250054 -0.476854 -0.113321 -0.606658 0.306196 0.222681 -0.011007 -0.287884 0.109101 -0.057424 0.096739 -0.310906 -0.127549 -0.261126 0.031168 -0.027289 0.050792 0.084456 0.072223 0.024421 -0.051355 -0.133727 -0.153266 -0.164263 0.017252 -0.144178 -0.002917 -0.173103 -0.337198 -0.217114 -0.085084 0.003306 -0.004307 0.130059 0.211717 0.074923 -0.058483 -0.128111
-0.009524 -0.434238 0.141298 0.021072 -0.090387 0.094583 0.390948 -0.000773 -0.177198 -0.011847 0.601015 -0.239582 0.550221 -0.013904 0.522329 0.461466 0.819636 -0.274789 0.117423 -0.204806 0.761399 0.609786 0.225797 -0.228087 0.068776 0.052301 0.071587 0.302339 1.000000 0.472943 0.437536 0.094443 0.021429 -0.226000 0.001833 0.028268 0.516106 0.383198 0.313376 0.052190 0.435537 0.577545 -0.187007 -0.048228 -0.451181 -0.419590 0.009302 -0.228715 -0.314773 -0.446170 -0.197644 -0.107653 -0.012735 -0.155034 0.214279 -0.177337 0.184515 -0.471301 -0.348401 -0.276810 0.061465 -0.105768 0.210192 -0.150769 -0.443147 -0.402587 -0.366133 -0.540439 -0.275119 -0.451490 0.611778 0.535899 0.924044 0.378633 0.807379 0.493550 0.479108 0.154112 0.656377 -0.171599 0.583301 -0.307067 0.398692 0.218239 0.335954 -0.007291 0.050106 -0.153121 0.310020 -0.266855 -0.210115 -0.594958 -0.194042 -0.373979 0.031859 0.033026 0.120016 -0.176934 -0.026526 -0.370386 -0.055273 -0.167196 0.074300 -0.187099 0.037757 -0.238722 -0.117125 -0.003152 -0.196023 -0.016751 -0.188749 -0.223508 -0.062258 -0.108386 -0.089003 -0.104001
-0.125459 -0.011211 -0.119284 0.106003 -0.258256 -0.127677 0.087347 0.330476 -0.472834 -0.199027 0.310323 0.380092 0.296240 0.461450 0.119092 0.272265 0.298901 0.466144 -0.108864 -0.186128 0.404350 0.169793 0.064988 -0.159114 -0.142956 -0.186389 -0.166058 -0.100317 0.472943 1.000000 0.356669 0.247850 0.170047 -0.067442 -0.043242 0.048264 0.458191 0.572200 0.193653 0.181049 0.466398 0.512826 -0.527953 -0.393609 -0.444741 -0.420971 -0.298272 -0.440859 -0.402252 -0.477360 -0.247804 -0.411072 -0.289434 -0.232101 0.101393 0.095468 -0.070067 -0.157596 -0.309218 -0.305776 0.037190 -0.187448 0.180094 0.138065 -0.189266 -0.313806 -0.362708 -0.502050 -0.191719 -0.318917 0.124853 0.452624 0.549729 0.768796 0.534650 0.656764 0.437460 0.384187 0.208271 0.517205 0.236892 0.394210 0.163939 0.423941 0.024136 0.300070 -0.043780 0.239929 0.112357 0.231864 -0.435201 -0.414606 -0.501486 -0.406032 -0.050280 0.242042 0.176973 -0.065063 -0.160465 -0.225085 -0.343416 -0.282837 -0.337177 -0.182568 -0.253310 -0.172227 -0.141405 0.003987 0.044212 0.140529 -0.288453 -0.354873 -0.285583 -0.228734 0.052864 -0.087394
-0.117292 -0.154880 0.523369 0.352200 0.056801 0.220703 0.524129 0.538027 -0.022971 0.126559 0.519441 0.361684 0.679510 0.538422 0.343580 0.183618 0.301291 0.146873 -0.153235 -0.445809 0.569520 0.400607 0.730794 0.384985 0.332723 0.398338 0.197838 0.303244 0.437536 0.356669 1.000000 0.803167 -0.158044 0.050008 -0.253652 0.020150 -0.193223 -0.040475 -0.287318 -0.425374 -0.058441 0.266997 -0.394159 -0.282126 0.041838 0.102775 -0.407809 -0.312049 -0.086859 -0.042195 0.105827 -0.074537 -0.111168 -0.296099 -0.386281 -0.594821 -0.229493 -0.172801 -0.075405 -0.340918 -0.145094 -0.315649 -0.017345 0.210560 -0.020910 -0.079152 -0.095383 -0.164620 -0.208562 -0.345824 0.302493 0.594515 0.393118 0.494986 0.455643 0.454334 0.161787 0.200996 0.150347 0.142622 0.139278 0.011661 0.161837 -0.012709 0.116922 -0.069651 0.156808 -0.126375 -0.004958 -0.484830 -0.250578 -0.470339 -0.270986 -0.342549 -0.523036 -0.350742 -0.453986 -0.674815 -0.404155 -0.596084 -0.024535 -0.211666 0.052083 -0.190933 -0.354658 -0.600092 0.053708 0.042656 -0.487257 -0.246005 -0.273764 -0.452601 -0.388431 -0.321471 -0.343148 -0.501561
-0.106423 0.047152 0.501940 0.443148 0.035256 0.058198 0.405670 0.706715 -0.014079 0.071623 0.301254 0.562943 0.450616 0.659114 0.001087 -0.056531 0.001548 0.328383 -0.222188 -0.320146 0.219260 0.197772 0.523027 0.556326 0.119764 0.348186 0.067161 0.016688 0.094443 0.247850 0.803167 1.000000 -0.133642 0.279040 -0.257304 0.045924 -0.402264 -0.219222 -0.522906 -0.481362 -0.296415 -0.020665 -0.313231 -0.248826 0.227757 0.313022 -0.461679 -0.185325 -0.155166 0.071990 0.061119 -0.009917 -0.127671 -0.303139 -0.543275 -0.636032 -0.264467 -0.022093 0.078517 -0.276421 -0.205431 -0.245183 -0.154862 0.223609 0.167384 0.202768 0.040007 0.161509 -0.053113 -0.081569 0.065700 0.472158 0.044732 0.365523 0.114586 0.353311 0.029035 0.358974 -0.106425 0.228307 0.002884 0.221659 0.030035 -0.035167 -0.033362 -0.044720 -0.060008 -0.085063 -0.206065 -0.483262 -0.111369 -0.296864 -0.253915 -0.302179 -0.515262 -0.351129 -0.599877 -0.652197 -0.529084 -0.623022 -0.022804 -0.202844 -0.048366 -0.224768 -0.449586 -0.519061 0.270040 0.156490 -0.431130 -0.196898 -0.205164 -0.488216 -0.511969 -0.394993 -0.400640 -0.416939
0.441524 0.272993 -0.032300 -0.069621 -0.374651 -0.328407 0.031826 0.098768 -0.466631 -0.297713 0.095286 0.069692 -0.234157 0.006238 -0.259944 0.038699 0.180494 0.121089 0.391698 0.391424 -0.109453 -0.217352 -0.234010 -0.260173 -0.271483 -0.368363 -0.330982 -0.166041 0.021429 0.170047 -0.158044 -0.133642 1.000000 0.642200 0.315812 0.101621 0.229398 -0.048150 0.059717 0.039649 0.162914 0.075440 -0.321713 -0.277804 -0.078736 -0.166155 -0.194156 -0.299101 0.007058 -0.148939 -0.237223 -0.401991 -0.345848 -0.160235 -0.214293 0.008780 0.291954 -0.019227 -0.087459 0.007791 0.355372 0.309291 0.535774 0.285010 0.067107 -0.031893 0.064762 -0.200715 -0.005826 -0.163227 -0.374700 -0.186892 0.073622 0.055102 0.087476 -0.068207 0.228931 -0.060571 0.295292 0.102232 0.162178 0.114222 -0.277567 0.285004 -0.193006 -0.162823 -0.059351 0.124045 -0.249874 0.088421 -0.441732 -0.171337 -0.345756 -0.110039 0.188194 0.208758 -0.003186 0.025716 -0.183652 -0.019222 -0.249554 -0.028311 -0.210869 0.095179 -0.135176 -0.031607 -0.218715 -0.058897 0.164647 0.133161 -0.231995 -0.135891 -0.015013 -0.017086 0.160192 0.041303
0.368016 0.442133 0.305138 0.263512 -0.354538 -0.320028 0.245464 0.396487 -0.264514 -0.145659 -0.029619 0.235333 -0.148920 0.211396 -0.377211 -0.037974 -0.122807 0.080893 0.088571 0.407484 -0.229748 -0.192378 0.027175 0.294255 -0.231455 -0.136036 -0.354212 -0.142401 -0.226000 -0.067442 0.050008 0.279040 0.642200 1.000000 0.218807 0.096891 -0.214425 -0.245503 -0.268629 -0.207974 -0.229625 -0.042399 -0.268936 -0.196386 0.158395 0.207318 -0.441709 -0.165030 -0.022893 0.140359 -0.271552 -0.144011 -0.400448 -0.388278 -0.658681 -0.419938 0.020941 0.106292 0.078561 0.065917 0.043537 0.229361 0.241581 0.406976 0.191169 0.266582 0.129776 0.271247 0.064595 0.142378 -0.357882 -0.015460 -0.181339 -0.026882 -0.100693 -0.083839 0.076392 0.174816 0.068623 0.062432 0.001710 0.158183 -0.383800 0.137848 -0.459029 -0.284826 -0.168818 -0.068417 -0.461256 -0.262224 -0.205083 -0.256657 -0.328524 -0.234385 0.009344 0.062921 -0.398435 -0.180995 -0.484210 -0.374611 -0.237961 -0.144861 -0.181245 -0.160039 -0.417806 -0.292990 -0.003502 -0.175837 0.004530 0.138697 -0.150908 -0.260639 -0.279859 -0.362766 -0.309795 -0.199620
-0.065101 -0.363350 -0.042602 -0.215036 0.037568 0.182220 0.032417 -0.250143 0.020884 0.192431 -0.070165 -0.390331 -0.378370 -0.339582 -0.229738 0.131989 0.085013 -0.295567 -0.162896 -0.051239 0.028730 0.133503 -0.133036 -0.042988 0.192129 0.190535 -0.038439 0.210467 0.001833 -0.043242 -0.253652 -0.257304 0.315812 0.218807 1.000000 0.537351 0.338125 0.220881 0.296464 0.292241 0.029849 0.113094 -0.071298 0.149051 -0.176137 -0.040160 0.057804 0.074537 -0.133505 -0.080418 -0.418965 -0.144000 -0.370994 -0.094711 -0.009406 0.180356 -0.123009 -0.350484 -0.224725 0.038080 0.220455 0.300983 0.327579 -0.311265 0.262079 0.152625 0.118662 0.158662 -0.332533 0.081040 0.035009 -0.229088 0.085146 -0.133595 -0.056082 -0.200163 0.332005 0.185191 0.319688 -0.176499 0.017969 -0.238288 -0.022533 0.226845 -0.190244 -0.176589 -0.172650 0.014727 -0.142639 -0.059567 -0.055146 -0.088789 0.057537 0.098683 0.523507 0.380209 0.381559 0.511241 0.040608 0.113064 -0.151802 0.000853 -0.103258 0.002245 0.215989 0.235107 -0.187632 -0.134634 0.453144 0.470688 0.293607 0.261086 0.270788 0.136315 0.152330 0.283810
-0.023675 -0.179428 0.036336 -0.243105 0.052163 0.093245 -0.051368 -0.089048 0.035220 0.105686 -0.043024 -0.276844 -0.172419 -0.101534 -0.190354 0.003577 0.039417 -0.141680 -0.164174 -0.277138 0.114648 0.243166 -0.081125 -0.106344 0.036957 0.225545 -0.091396 0.050640 0.028268 0.048264 0.020150 0.045924 0.101621 0.096891 0.537351 1.000000 0.205432 0.244857 0.156749 0.150339 -0.019552 0.146187 0.028546 0.306771 -0.065694 0.113181 0.037187 0.269107 -0.399229 -0.181689 -0.361654 0.003757 -0.211760 -0.079397 -0.069735 0.065220 -0.090800 -0.202398 -0.001749 -0.086287 0.115121 -0.018426 -0.005334 -0.144076 0.172260 0.124409 0.084323 0.221722 -0.153715 0.052308 0.084365 -0.059921 0.127037 0.159535 0.142937 0.141130 0.414500 0.306290 0.164320 0.057381 0.036252 -0.034065 0.098283 0.157890 -0.030451 0.099666 -0.069983 0.130422 0.033178 -0.174835 0.011248 -0.260566 -0.147191 -0.166060 0.104408 0.153146 0.299851 0.185732 0.041779 -0.054882 -0.050477 -0.089071 -0.139530 -0.183258 0.104558 -0.045556 0.025084 0.021360 0.216684 0.236160 0.475364 0.086763 -0.046800 -0.129164 -0.157277 0.112014
