1.000000 0.509992 -0.092589 0.014771 -0.152540 0.079749 -0.164942 -0.133073 -0.178892 -0.033594 0.109133 0.100764 0.001517 0.150356 0.047336 0.199627 0.309924 0.131566 0.235591 0.252003 -0.277403 -0.226843 -0.113023 -0.143807 -0.197517 -0.157714 0.030745 -0.005387 -0.011679 -0.125630 -0.435358 -0.380009 0.330556 -0.113611 -0.019322 -0.336174 -0.003346 -0.037151 -0.133660 -0.021986 0.083363 0.067522 -0.387135 -0.343183 -0.437698 -0.423035 -0.273286 -0.290167 -0.051581 -0.471128 0.199267 -0.169072 0.315448 0.010614 0.018984 -0.249745 0.379283 0.141782 0.557590 0.339500 0.297103 0.309500 0.163788 0.258431 -0.199775 0.137189 0.309964 -0.076982 0.205496 -0.077267 -0.211509 -0.182269 -0.006981 0.165564 0.055293 -0.034187 0.189505 0.253930 0.198160 -0.028454 0.058795 -0.137261 -0.127909 -0.075356 0.092705 0.069180 0.138313 0.309187 0.024500 0.089686 0.054018 0.022556 0.019989 0.115651 -0.054647 0.067990 -0.256303 0.019124 -0.070320 0.232290 -0.010957 0.225140 0.156801 0.080015 0.069284 -0.057369 0.012095 -0.119184 -0.077078 -0.070814 -0.194955 -0.137309 0.045045 0.040724 0.025666 0.058332
0.509992 1.000000 -0.229831 -0.035300 -0.258724 0.064547 -0.324291 -0.159483 -0.100673 0.032401 -0.096139 -0.072840 -0.236360 -0.040723 0.049184 0.123624 0.236969 0.434738 0.032147 0.373861 -0.269755 -0.274021 -0.180445 -0.275969 -0.220899 -0.232627 0.001962 -0.070933 -0.253674 -0.064973 -0.414325 -0.518306 0.236486 -0.187927 -0.068406 -0.194625 0.051831 0.073607 -0.090993 -0.098033 -0.170472 -0.106274 -0.267728 -0.250111 -0.389880 -0.353952 -0.144519 -0.143115 -0.183191 -0.236193 -0.024071 -0.124703 0.052493 0.242378 -0.060855 -0.108585 0.571086 0.617962 0.458129 0.427139 0.332799 0.532087 0.244167 0.366183 -0.310873 0.111774 0.297714 -0.013802 0.549223 0.271167 -0.262582 -0.334877 -0.235482 0.098290 0.146362 -0.072957 0.025410 -0.009376 0.031883 0.214599 0.129794 0.043488 -0.157172 -0.099859 0.078382 0.050514 0.079173 0.084260 -0.022172 0.248505 0.027989 -0.290068 0.034609 -0.054152 0.088337 0.014514 -0.333230 -0.000173 0.018531 0.124854 -0.000696 0.009459 0.141912 -0.064102 0.116216 0.027614 0.129522 -0.200710 -0.042394 -0.149968 -0.278271 -0.015835 0.133594 0.057404 -0.099124 -0.110284
-0.092589 -0.229831 1.000000 0.107319 0.590301 -0.017484 0.788182 0.261104 0.663411 0.206155 0.215017 0.435907 0.273389 -0.024193 0.343587 -0.193354 -0.392255 -0.376749 0.067892 -0.229913 0.149348 -0.191915 0.517304 0.207069 0.446118 0.049224 0.109457 -0.061245 0.083612 -0.316551 0.494153 0.059958 -0.140043 -0.101040 0.491312 -0.104148 -0.460395 -0.324195 -0.273858 -0.316212 -0.129881 -0.313095 -0.221887 -0.270056 0.084459 0.019489 -0.261926 -0.402083 -0.098810 -0.173145 0.255641 0.071268 0.103410 -0.186358 -0.181814 -0.532291 -0.478052 -0.458390 -0.329943 -0.497743 -0.161703 -0.365787 -0.425964 -0.413196 0.523195 0.123839 -0.436913 0.129415 -0.403182 -0.139450 0.246433 0.029240 -0.348845 -0.085385 -0.036425 -0.011195 0.184836 0.058612 -0.184765 -0.328170 -0.549251 -0.405062 0.018892 0.001193 0.131007 0.163149 -0.100792 0.141410 0.161142 -0.273308 -0.231249 0.525326 0.238419 0.532259 -0.119171 0.237616 -0.025662 -0.093693 -0.353419 -0.113997 -0.000008 0.164897 -0.295393 -0.205489 0.289044 0.266340 -0.094063 0.033111 0.029400 0.123376 0.105020 -0.095659 0.010330 -0.006640 0.067404 0.120922
0.014771 -0.035300 0.107319 1.000000 -0.226025 0.177750 -0.138285 0.097638 0.032573 0.262532 0.242721 0.058301 -0.366665 -0.223511 0.045137 -0.028113 -0.239737 -0.284036 -0.013971 0.259717 0.206082 0.038593 0.222791 0.483447 0.199380 0.448707 0.162008 0.380554 -0.405678 -0.420924 -0.069606 0.096869 -0.157138 0.061626 0.027810 0.225830 -0.274422 0.034767 -0.224478 -0.119242 -0.471432 -0.156946 0.074747 0.173665 0.023505 0.236931 -0.131678 -0.047004 -0.076732 -0.112709 0.089331 0.162940 -0.157089 -0.260768 -0.095547 -0.223371 -0.060174 -0.261548 -0.216256 -0.068074 -0.282812 -0.033501 -0.227186 -0.369984 0.121654 0.530121 -0.014161 0.348945 -0.078526 0.233504 0.036988 0.147133 -0.403187 0.001445 -0.059277 -0.114071 -0.126980 0.099163 -0.131792 -0.020809 -0.400037 -0.391787 0.107140 -0.197515 0.095613 0.017579 -0.007433 -0.049052 0.400364 0.132229 -0.088919 -0.145718 0.426414 -0.027018 -0.025986 -0.193543 -0.043920 0.143449 -0.471804 -0.151492 -0.024986 0.038000 -0.089669 0.079587 0.096058 0.137994 -0.052270 0.304993 -0.253393 -0.010263 0.205811 -0.189513 0.007672 -0.140503 0.058535 -0.030341
-0.152540 -0.258724 0.590301 -0.226025 1.000000 0.097275 0.625194 0.413183 0.684836 0.334650 -0.135543 0.368586 0.239423 0.229200 0.084013 -0.063012 -0.216129 -0.359574 -0.094426 -0.468870 0.077356 -0.011699 0.198925 0.067397 0.274742 -0.145113 -0.047688 -0.068246 0.152753 0.034556 0.367276 0.120954 -0.030169 -0.006478 0.187394 0.061196 -0.331377 -0.425478 -0.277125 -0.290355 0.075914 -0.225846 0.015140 -0.096876 0.289399 0.125886 0.073229 -0.046179 0.172835 0.130681 -0.059298 0.050019 -0.038289 0.180201 -0.209142 -0.133595 -0.388732 -0.303611 -0.237505 -0.253778 -0.097104 -0.214265 -0.177662 -0.221477 0.247894 0.057695 -0.337111 -0.135713 -0.457962 -0.383573 0.108735 0.162471 -0.139458 -0.240776 -0.124280 -0.045407 -0.009459 -0.212761 0.029168 -0.335451 -0.237703 -0.144861 -0.341817 0.051139 -0.036811 0.242495 -0.366513 0.063424 -0.077301 -0.219387 -0.046311 0.206423 0.014356 0.305439 -0.099596 0.095212 -0.047993 -0.198057 -0.051714 -0.171348 0.127948 0.170213 -0.277972 -0.221962 0.010691 -0.025914 -0.084969 -0.153549 0.044506 -0.025709 -0.137893 -0.020114 -0.030484 -0.187447 -0.219987 0.009476
0.079749 0.064547 -0.017484 0.177750 0.097275 1.000000 0.007180 0.020337 -0.045795 0.126440 0.028008 0.060384 -0.200973 -0.027600 -0.319106 -0.243815 0.000012 -0.030587 -0.052675 0.134489 0.051467 0.205164 -0.016892 0.285482 0.110121 0.359008 0.283750 0.485739 -0.223351 -0.140937 -0.142135 -0.021683 0.075409 -0.122147 -0.100443 0.057514 -0.110519 -0.006426 -0.239161 0.033132 -0.099679 0.058360 0.296292 0.313949 0.123305 0.293468 0.265945 0.139428 0.114609 0.076519 0.024562 -0.092678 -0.144818 -0.112166 -0.052821 0.130120 -0.014864 0.058485 -0.219774 0.003138 -0.152644 -0.116924 0.084922 -0.166729 -0.081192 0.258514 -0.078030 -0.009469 -0.113618 0.012119 -0.147649 -0.010459 -0.244080 -0.088286 -0.167826 0.182330 -0.029189 -0.009123 0.132170 0.023632 0.072272 -0.015169 -0.254310 -0.177763 0.021139 0.031221 -0.227004 -0.183104 0.075381 0.122804 -0.176799 -0.172934 0.070985 -0.127216 -0.006568 -0.172906 0.142365 -0.104725 -0.097054 -0.314752 0.091230 0.009772 -0.179001 -0.102761 -0.215522 -0.170585 -0.007567 0.084616 -0.163854 0.006623 -0.001151 -0.036745 0.261053 -0.128753 -0.032704 -0.124729
-0.164942 -0.324291 0.788182 -0.138285 0.625194 0.007180 1.000000 0.438011 0.536515 0.219203 0.023375 0.417443 0.413768 0.261699 0.135472 -0.147380 -0.316628 -0.261915 0.087591 -0.335125 0.083981 -0.243467 0.216210 -0.011358 0.241579 -0.149633 -0.036020 -0.086216 0.335547 -0.115204 0.507775 0.166987 -0.001170 0.149139 0.362931 -0.022182 -0.354939 -0.446431 -0.204150 -0.347698 -0.034116 -0.250246 -0.092370 -0.125748 0.293721 0.191046 -0.039784 -0.264470 -0.107929 -0.023733 0.097200 -0.064810 -0.023249 -0.196093 -0.201036 -0.388837 -0.539527 -0.420980 -0.354593 -0.528717 -0.147314 -0.374173 -0.281049 -0.254760 0.470262 -0.036557 -0.402445 0.001920 -0.537247 -0.264949 0.112846 -0.008494 -0.062070 -0.179636 -0.045955 -0.012780 0.135372 -0.086504 -0.032808 -0.325656 -0.281340 -0.117767 -0.050968 0.030969 -0.032600 0.014994 -0.253330 -0.008818 -0.053934 -0.395296 -0.232202 0.458559 0.047387 0.441985 -0.261688 0.288310 0.005615 -0.208687 -0.155014 0.030281 -0.014326 0.065912 -0.256626 -0.114325 0.066019 0.077492 -0.062849 -0.057765 0.018276 0.208419 0.093443 -0.059220 0.072188 -0.071689 0.045064 0.011845
-0.133073 -0.159483 0.261104 0.097638 0.413183 0.020337 0.438011 1.000000 0.399489 0.612195 -0.007718 0.384240 0.242855 0.455010 -0.009299 0.285253 -0.309030 -0.173968 -0.103229 -0.289841 0.003614 -0.135066 -0.153904 -0.005246 0.088275 -0.163403 -0.284193 -0.153343 0.025487 -0.019415 0.185998 0.359908 0.008719 0.302304 0.023672 0.134934 -0.400474 -0.334027 -0.357051 -0.413914 -0.212347 -0.074282 -0.028996 -0.078983 0.210560 0.148381 0.110220 -0.102178 0.098898 0.021404 0.087053 0.077830 -0.252656 -0.156453 -0.215082 -0.200503 -0.229967 -0.229671 -0.181837 -0.153249 -0.099772 0.117006 -0.180365 -0.135247 0.409989 0.228578 -0.149594 0.002709 -0.380875 -0.475868 -0.056744 0.157330 -0.055208 -0.185119 -0.150157 -0.023167 -0.179966 -0.101107 0.002790 -0.016361 -0.117697 -0.091945 -0.237517 -0.045305 0.102893 0.159551 -0.295633 -0.167719 -0.019457 -0.272887 0.099368 -0.008061 0.067258 0.096042 -0.319880 0.002478 -0.319722 -0.282967 -0.091161 -0.153411 0.072538 0.087652 0.063328 -0.124975 -0.273392 -0.228995 -0.021235 -0.260616 0.073999 -0.052093 -0.363865 -0.310816 0.061355 -0.246972 -0.246648 -0.302157
-0.178892 -0.100673 0.663411 0.032573 0.684836 -0.045795 0.536515 0.399489 1.000000 0.512565 0.152727 0.437923 0.140224 0.059293 0.451300 0.109596 -0.405139 -0.412471 -0.145527 -0.366176 0.236983 -0.048076 0.407811 0.186377 0.514323 -0.011398 -0.008509 -0.140932 0.007790 -0.239362 0.386778 0.102917 -0.282006 -0.208393 0.392186 0.103808 -0.499175 -0.289894 -0.291697 -0.240583 -0.142295 -0.275300 -0.108654 -0.217805 0.097927 -0.027323 -0.086696 -0.217704 0.138828 0.005690 0.069436 0.202400 0.065061 0.116076 -0.251860 -0.294322 -0.369861 -0.367828 -0.322536 -0.358412 -0.184982 -0.143739 -0.479130 -0.356049 0.300382 0.297943 -0.423153 -0.071573 -0.326151 -0.201126 0.277757 0.093879 -0.378551 -0.175910 -0.139608 -0.008383 -0.014184 -0.060584 -0.207640 -0.302634 -0.562244 -0.432820 -0.046640 0.026288 0.162384 0.224617 -0.144979 0.101210 0.110014 -0.195259 0.000993 0.295149 0.238710 0.446280 -0.079145 0.122446 -0.157531 -0.141662 -0.323114 -0.208738 0.221883 0.057683 -0.288854 -0.399125 0.109392 0.107212 -0.167586 -0.070279 0.049712 -0.086811 -0.038025 -0.144955 0.058750 -0.107919 -0.245593 0.006473
-0.033594 0.032401 0.206155 0.262532 0.334650 0.126440 0.219203 0.612195 0.512565 1.000000 0.111080 0.231737 -0.018528 0.301085 0.223383 0.340061 -0.291423 -0.160031 -0.125199 -0.076729 0.066238 -0.032608 -0.093795 0.096909 0.184746 -0.022510 -0.386998 -0.189474 -0.039575 -0.112016 0.182103 0.226453 0.017336 0.229560 -0.022390 0.273515 -0.344338 -0.215872 -0.361862 -0.348597 -0.181006 -0.204891 -0.034547 -0.054393 0.066232 0.108627 0.038998 -0.089448 0.061031 -0.021575 0.076923 0.134400 -0.284155 0.040429 -0.259430 -0.270068 -0.062755 -0.106775 -0.209469 -0.144254 -0.144685 0.088258 -0.157359 -0.122951 0.239535 0.335092 -0.167037 0.075413 -0.270391 -0.116005 0.123905 0.135172 -0.291838 -0.054893 -0.140549 0.001671 -0.208048 -0.040780 -0.011646 -0.037573 -0.198699 -0.123805 -0.130592 0.013857 0.056959 0.081342 -0.341224 -0.130094 0.065571 -0.250425 0.136491 -0.133912 0.232317 0.089369 -0.186842 -0.164387 -0.302990 -0.224628 -0.289670 -0.283249 -0.023170 -0.060332 -0.095077 -0.206491 -0.127915 -0.101149 -0.027108 -0.196298 -0.018262 -0.156352 -0.377101 -0.328636 0.039640 -0.231195 -0.125055 -0.240670
0.109133 -0.096139 0.215017 0.242721 -0.135543 0.028008 0.023375 -0.007718 0.152727 0.111080 1.000000 0.402495 0.094962 -0.083042 0.441838 0.253198 -0.070063 -0.090497 0.187136 0.195476 0.194060 -0.104570 0.458127 0.400902 0.117376 0.087821 0.124870 -0.090593 0.107297 -0.086031 0.124686 0.194935 -0.201093 -0.128543 0.166027 -0.188123 -0.033810 0.197092 -0.072013 -0.033200 0.078399 -0.036579 -0.317615 -0.250145 -0.277800 -0.194916 -0.231865 -0.399789 -0.125277 -0.263931 0.279682 0.107149 0.323967 -0.158656 -0.006850 -0.270743 -0.150111 -0.347656 -0.352824 -0.470140 -0.374562 -0.209388 -0.358411 -0.407183 0.240081 0.286484 -0.439711 -0.151900 -0.094970 0.022914 0.173487 0.001995 -0.216939 0.029017 0.057117 0.287763 0.233514 0.363954 -0.115191 -0.120052 -0.244244 -0.268703 0.358338 0.331675 0.487952 0.191986 0.159050 0.120171 0.328599 -0.255208 0.230320 0.417445 0.327198 0.340691 -0.200000 0.286603 -0.031437 0.148390 -0.260878 -0.050301 -0.135336 -0.079586 -0.116918 -0.199712 -0.071556 0.119233 -0.179385 0.037225 -0.020092 0.205335 0.102473 -0.077138 -0.075220 0.353484 0.125829 -0.051971
0.100764 -0.072840 0.435907 0.058301 0.368586 0.060384 0.417443 0.384240 0.437923 0.231737 0.402495 1.000000 0.340243 0.410312 0.309590 0.246204 -0.181733 -0.139799 0.019984 -0.147964 0.022649 -0.175925 0.214205 0.221725 0.132113 -0.164015 0.067382 -0.073615 0.129744 -0.119515 0.080920 0.070252 -0.161571 -0.123062 0.348940 0.069994 -0.250876 -0.008627 -0.274677 -0.218769 -0.133338 -0.073717 -0.259304 -0.347264 -0.105407 -0.161070 -0.027330 -0.388752 0.018291 -0.177818 0.230081 -0.016598 0.398939 -0.209442 -0.159462 -0.324732 -0.164411 -0.427607 -0.237994 -0.384908 -0.207556 0.024282 -0.381892 -0.385012 0.258667 0.284754 -0.329313 -0.232415 -0.310646 -0.342689 0.020742 0.118745 -0.203654 -0.152698 -0.047753 0.117428 0.260295 0.185000 -0.008536 -0.121402 -0.328499 -0.336592 0.034082 0.123271 0.158855 0.371106 -0.227752 0.048317 -0.024747 -0.165595 0.184661 0.410696 0.340727 0.482616 -0.108077 0.219770 -0.205688 -0.118445 -0.246069 -0.110839 0.109655 0.088738 -0.023458 -0.354232 -0.206428 -0.024669 -0.013962 0.018048 -0.156400 0.068356 -0.116432 -0.096209 0.002712 0.059702 -0.004470 -0.138359
0.001517 -0.236360 0.273389 -0.366665 0.239423 -0.200973 0.413768 0.242855 0.140224 -0.018528 0.094962 0.340243 1.000000 0.640957 0.359024 0.312027 0.060898 0.140891 0.047092 -0.162493 -0.149482 -0.118049 -0.041799 -0.162229 -0.172375 -0.351470 -0.048510 -0.300672 0.561718 0.270660 0.158072 0.046873 0.015340 0.183442 0.159654 -0.074774 0.167039 0.102295 -0.090856 -0.091471 0.362617 0.196502 -0.239946 -0.348598 -0.209884 -0.317786 -0.091441 -0.333469 0.031513 -0.305014 0.199641 -0.183515 0.246796 -0.071489 0.091099 -0.251710 -0.316520 -0.338539 0.030869 -0.162704 0.217994 0.042724 -0.202617 0.058235 0.095993 -0.310382 -0.255207 -0.221077 -0.212778 -0.369139 0.227242 0.097524 0.342326 0.008477 0.096587 0.240637 0.041832 0.012996 0.106628 -0.252931 0.132611 0.036908 0.097623 0.197009 -0.108430 -0.050281 0.158220 -0.006498 -0.042648 -0.057317 0.013142 0.471476 -0.114973 0.357072 -0.012823 0.215922 -0.176002 0.046290 -0.126312 0.084985 0.032087 0.092159 -0.059837 -0.042473 -0.113449 -0.050326 -0.069677 -0.206525 0.005232 0.067766 -0.080012 -0.210593 -0.156503 0.127739 0.112334 -0.044033
0.150356 -0.040723 -0.024193 -0.223511 0.229200 -0.027600 0.261699 0.455010 0.059293 0.301085 -0.083042 0.410312 0.640957 1.000000 0.150947 0.534402 0.149939 0.220458 -0.021413 -0.126930 -0.181217 -0.052825 -0.306885 -0.197274 -0.312757 -0.374036 -0.175162 -0.137582 0.446967 0.138418 -0.060232 0.008618 0.222581 0.304863 -0.095200 0.140527 0.014335 -0.062167 -0.296353 -0.226119 0.090100 0.146734 -0.064566 -0.210791 -0.173941 -0.208134 0.147898 -0.152098 0.085859 -0.206544 0.049213 -0.175064 0.103541 0.006090 -0.028894 -0.141504 0.003150 -0.093153 0.088676 -0.064520 0.124083 0.289819 -0.020555 0.133031 -0.049658 -0.022875 -0.083247 -0.283689 -0.194329 -0.386498 0.048412 0.065893 0.238812 -0.075879 -0.016630 0.105898 -0.035414 -0.062626 0.296055 -0.038442 0.232178 0.202960 -0.062216 -0.040904 -0.291821 -0.095214 -0.101592 -0.224288 -0.062704 0.024648 0.189088 0.073248 0.016447 0.132815 -0.139263 -0.081303 -0.318247 -0.154300 -0.013821 -0.028887 -0.071967 0.054488 0.092138 -0.109919 -0.354660 -0.300846 0.033081 -0.210251 -0.162430 -0.198035 -0.382821 -0.292628 -0.148455 -0.165980 0.028935 -0.147585
0.047336 0.049184 0.343587 0.045137 0.084013 -0.319106 0.135472 -0.009299 0.451300 0.223383 0.441838 0.309590 0.359024 0.150947 1.000000 0.521151 -0.245796 -0.147705 0.043770 -0.024998 0.081947 -0.272905 0.436683 0.142505 0.123053 -0.135765 -0.094377 -0.370004 0.249458 -0.153706 0.147509 -0.125605 -0.377871 -0.156555 0.239831 -0.070434 -0.209972 0.250500 -0.106355 -0.067098 0.066113 -0.181981 -0.448320 -0.436438 -0.427036 -0.396711 -0.348033 -0.464005 -0.058846 -0.388904 0.350994 0.187619 0.332849 0.089483 0.114042 -0.367513 -0.256843 -0.312106 -0.142782 -0.288924 -0.000542 -0.047957 -0.399750 -0.180808 0.207779 0.195017 -0.393844 -0.003809 -0.009724 0.075953 0.421175 0.135617 -0.238148 0.079237 -0.110533 0.136482 0.127086 0.200973 -0.250839 -0.210696 -0.366090 -0.377030 0.346177 0.063583 0.145476 -0.018447 0.250758 0.004284 0.235368 -0.031367 0.157254 0.519047 0.383177 0.520023 0.066563 0.081351 -0.264715 0.111878 -0.400296 -0.092977 -0.035746 0.017238 -0.060763 -0.229142 0.275501 0.266366 0.037585 -0.017497 0.104864 0.052382 0.025704 -0.203823 -0.250288 0.281175 0.175578 0.093774
0.199627 0.123624 -0.193354 -0.028113 -0.063012 -0.243815 -0.147380 0.285253 0.109596 0.340061 0.253198 0.246204 0.312027 0.534402 0.521151 1.000000 0.197480 0.194346 0.094529 0.056143 -0.132841 -0.096853 -0.161342 -0.027810 -0.222119 -0.370889 -0.370233 -0.377318 0.391049 0.168600 -0.152202 -0.036671 -0.046629 0.116732 -0.028200 0.043414 -0.006404 0.218278 -0.110640 -0.176247 0.110780 0.090540 -0.268996 -0.312445 -0.440352 -0.436879 -0.165572 -0.147357 -0.032154 -0.280907 0.077759 -0.016503 0.053895 0.063214 -0.108004 -0.033961 0.121384 -0.018627 0.064224 0.017849 0.116238 0.230473 0.061151 0.218725 0.021231 0.083228 -0.034791 -0.198957 0.129243 -0.209912 0.179768 0.142768 0.205998 0.113970 -0.066090 0.172920 -0.037827 0.092227 0.063260 0.128992 0.244071 0.037675 0.182801 0.162125 -0.044168 -0.136253 0.106939 -0.196773 0.071162 0.027930 0.307748 0.090187 0.133000 0.074341 -0.040025 -0.241365 -0.425927 -0.022405 -0.139873 0.031529 -0.123478 -0.025467 0.214200 -0.028212 -0.149958 -0.106913 0.165383 -0.263663 0.043581 -0.273168 -0.341005 -0.367523 -0.290884 0.056757 0.020839 -0.241687
0.309924 0.236969 -0.392255 -0.239737 -0.216129 0.000012 -0.316628 -0.309030 -0.405139 -0.291423 -0.070063 -0.181733 0.060898 0.149939 -0.245796 0.197480 1.000000 0.579972 0.194325 0.477761 -0.154411 0.129339 -0.298132 -0.265376 -0.380386 -0.198950 -0.047806 -0.044074 0.228046 0.392448 -0.050238 -0.022628 0.259940 0.227742 -0.180420 0.051725 0.397323 0.152830 0.253955 0.106256 0.249291 0.392277 -0.016109 -0.043489 -0.368404 -0.297799 -0.198754 0.042907 -0.457716 -0.268106 -0.471937 -0.315324 -0.048897 0.116381 -0.128403 0.097069 0.431175 0.412975 0.183874 0.152043 0.216907 0.158993 0.514432 0.513530 -0.361017 -0.136585 0.045213 -0.335723 0.409494 0.152504 0.025617 -0.039023 0.528627 0.314503 0.224820 0.162182 0.148789 0.195359 0.460973 0.408674 0.627219 0.456978 0.009373 0.062810 -0.128492 -0.122879 0.134041 0.017514 -0.129262 0.104704 -0.058605 -0.294156 -0.201341 -0.309124 -0.033383 -0.043541 -0.172472 0.037314 0.089942 0.355550 -0.205421 0.030850 -0.040128 0.045557 -0.119190 -0.061587 -0.114320 -0.161143 -0.114506 -0.137132 -0.063814 -0.083448 -0.171966 -0.020189 0.026811 0.012066
0.131566 0.434738 -0.376749 -0.284036 -0.359574 -0.030587 -0.261915 -0.173968 -0.412471 -0.160031 -0.090497 -0.139799 0.140891 0.220458 -0.147705 0.194346 0.579972 1.000000 0.140039 0.381877 -0.192320 0.005020 -0.513964 -0.494866 -0.438561 -0.343085 -0.182490 -0.213107 0.261981 0.370542 -0.111523 -0.134872 0.346815 0.288126 -0.223910 -0.003012 0.359838 0.105267 0.184057 -0.082247 0.075179 0.214943 -0.150582 -0.202244 -0.407231 -0.394962 -0.065569 -0.078615 -0.359038 -0.262688 -0.343771 -0.432191 -0.092374 0.105081 0.043224 0.080390 0.483225 0.576812 0.339763 0.264793 0.279029 0.262933 0.517568 0.608891 -0.423106 -0.328487 0.193043 -0.314428 0.480270 0.151789 0.037861 -0.006436 0.395654 0.093920 0.313944 0.056987 0.126338 0.042482 0.366068 0.392092 0.630986 0.567445 0.072221 0.177147 -0.048191 -0.021604 0.171030 -0.082390 -0.216548 0.173010 0.071622 -0.204076 -0.312294 -0.276875 0.193063 0.010696 -0.133795 0.155845 0.156312 0.266234 -0.275376 -0.153906 -0.009963 0.128374 -0.091254 -0.021794 0.035869 -0.196853 -0.048087 -0.129836 -0.212946 -0.139304 0.073704 0.021570 0.164934 -0.080306
0.235591 0.032147 0.067892 -0.013971 -0.094426 -0.052675 0.087591 -0.103229 -0.145527 -0.125199 0.187136 0.019984 0.047092 -0.021413 0.043770 0.094529 0.194325 0.140039 1.000000 0.482108 -0.280997 -0.407045 -0.011195 0.004118 -0.366664 -0.277369 -0.278979 -0.057604 0.237473 0.062586 0.077571 -0.034019 0.270398 0.187879 0.022018 -0.191872 0.031067 -0.215950 0.080578 -0.359183 0.159577 -0.250096 -0.188008 -0.165962 -0.055980 -0.154659 -0.369307 -0.266039 -0.184436 -0.088820 -0.078716 -0.105144 -0.032504 -0.015390 -0.090653 -0.377906 0.093283 -0.022166 0.025339 0.032691 0.042609 -0.268597 0.138823 0.166137 0.102193 0.054370 0.140695 -0.036729 0.033627 0.113908 0.006598 -0.237024 0.237468 0.123588 0.200773 -0.060439 0.389394 0.212446 0.024426 -0.002621 0.170914 0.036463 0.289473 0.134668 0.210823 -0.097420 0.167833 0.224428 0.142473 -0.170522 0.030957 0.130829 -0.059915 -0.114936 -0.346452 0.062804 -0.346516 -0.191121 0.003867 0.205344 -0.248195 0.184591 0.038080 0.326557 0.133262 0.152352 0.004271 -0.025479 0.013044 0.078910 -0.164256 -0.332523 -0.099362 0.189163 0.305477 -0.028090
0.252003 0.373861 -0.229913 0.259717 -0.468870 0.134489 -0.335125 -0.289841 -0.366176 -0.076729 0.195476 -0.147964 -0.162493 -0.126930 -0.024998 0.056143 0.477761 0.381877 0.482108 1.000000 -0.146971 -0.143082 -0.118980 -0.044459 -0.366733 -0.087297 -0.093365 -0.004319 -0.102384 -0.008894 -0.157923 -0.168221 0.188183 0.208413 -0.178374 0.093283 0.130277 0.147988 0.064213 -0.197160 -0.160047 -0.012970 -0.224208 -0.157912 -0.317599 -0.075221 -0.403999 -0.260200 -0.434594 -0.291041 -0.121873 -0.094699 -0.062365 -0.081368 -0.070552 -0.205505 0.288275 0.237344 0.072540 0.097465 -0.021576 0.120466 0.219116 0.228683 -0.202073 0.259099 0.120894 0.097633 0.385486 0.482921 0.070924 -0.160449 0.069168 0.258302 0.243469 0.022926 0.204098 0.321462 0.073766 0.314144 0.283012 0.156817 0.127616 -0.081002 0.111202 -0.089946 0.113917 0.044897 0.101078 0.062481 0.014211 -0.223703 0.099246 -0.271420 0.046554 0.040055 -0.266116 0.179484 -0.153380 0.232496 -0.168552 0.038227 -0.035062 0.239359 0.189417 0.272844 0.041875 0.156043 -0.100201 0.122314 0.040149 -0.245399 -0.024874 0.191039 0.266763 0.027243
-0.277403 -0.269755 0.149348 0.206082 0.077356 0.051467 0.083981 0.003614 0.236983 0.066238 0.194060 0.022649 -0.149482 -0.181217 0.081947 -0.132841 -0.154411 -0.192320 -0.280997 -0.146971 1.000000 0.426833 0.284855 0.147598 0.559192 0.464681 0.357336 0.311692 -0.034730 -0.136289 0.401478 0.347918 -0.257821 0.162758 0.155191 0.328397 -0.192877 0.046798 -0.099924 0.107694 -0.020693 0.024305 0.035492 -0.030279 0.010760 0.138410 -0.058798 -0.141935 -0.167739 -0.098219 -0.008302 0.082375 0.023478 -0.159745 -0.140556 -0.135867 -0.330188 -0.252179 -0.433831 -0.310588 -0.353232 -0.290781 -0.201709 -0.228489 0.080125 0.172872 -0.423351 0.003020 -0.036215 0.052182 0.268186 0.199105 -0.170981 0.114347 -0.014812 0.079569 -0.018757 0.119806 -0.214019 0.098153 -0.311329 -0.097072 0.095398 -0.031478 0.100017 0.117130 -0.078269 -0.052463 0.052467 -0.084617 0.131161 0.047769 0.241023 0.032072 -0.000303 0.227986 0.146336 0.019843 -0.192445 -0.087217 0.148680 -0.078613 -0.120491 -0.193079 0.070098 -0.012655 -0.233180 0.097219 -0.001160 0.161171 0.442572 0.047360 0.012752 0.153303 -0.038431 0.195255
-0.226843 -0.274021 -0.191915 0.038593 -0.011699 0.205164 -0.243467 -0.135066 -0.048076 -0.032608 -0.104570 -0.175925 -0.118049 -0.052825 -0.272905 -0.096853 0.129339 0.005020 -0.407045 -0.143082 0.426833 1.000000 -0.110733 0.054155 0.231557 0.360573 0.139037 0.249803 -0.052006 0.168926 -0.017993 0.194742 -0.170671 -0.043429 -0.181668 0.268793 0.216928 0.120772 0.119114 0.336478 0.062862 0.411639 0.401996 0.266560 0.026264 0.133804 0.327095 0.340925 0.127417 0.113797 -0.042607 0.077542 -0.021699 -0.115976 -0.005734 0.397059 -0.050824 -0.062502 -0.136981 0.059020 -0.126396 0.010769 0.070604 -0.063790 -0.220434 -0.091738 0.048825 -0.085167 -0.020672 -0.096163 0.102516 0.300246 0.160071 0.122491 -0.066715 -0.037582 -0.300298 -0.107658 -0.007359 0.146304 0.119985 0.100117 -0.078260 -0.032862 -0.188509 -0.045748 -0.137183 -0.144064 -0.046687 0.137341 0.062966 -0.222516 -0.111906 -0.253358 0.303337 -0.223031 0.404329 0.122799 0.159143 -0.147380 0.219982 -0.142478 -0.057368 -0.062558 -0.287735 -0.246171 -0.124165 0.130895 0.010316 -0.132208 0.189779 -0.050781 -0.049287 -0.266087 -0.203596 0.099221
-0.113023 -0.180445 0.517304 0.222791 0.198925 -0.016892 0.216210 -0.153904 0.407811 -0.093795 0.458127 0.214205 -0.041799 -0.306885 0.436683 -0.161342 -0.298132 -0.513964 -0.011195 -0.118980 0.284855 -0.110733 1.000000 0.596982 0.568379 0.376773 0.406055 0.217155 -0.105948 -0.418664 0.329862 0.048709 -0.429348 -0.409038 0.300222 -0.179036 -0.301413 0.025065 -0.245975 -0.012486 -0.132151 -0.233998 -0.097959 -0.041731 -0.079640 -0.080239 -0.198193 -0.216229 -0.056595 -0.123823 0.282109 0.270047 0.306484 0.045670 0.058013 -0.244856 -0.386763 -0.381808 -0.422380 -0.406379 -0.429359 -0.310775 -0.510096 -0.579923 0.232936 0.329440 -0.529305 0.035458 -0.194006 0.119285 0.194516 -0.060431 -0.490739 -0.059546 -0.090936 0.201436 0.252626 0.157799 -0.254894 -0.288319 -0.576559 -0.511185 0.247403 0.043092 0.344077 0.091219 0.319010 0.274321 0.375844 -0.032876 0.019634 0.521917 0.503668 0.542707 -0.132844 0.144432 0.011323 0.151466 -0.263233 -0.169350 0.073057 0.018434 -0.133100 -0.384679 0.157025 0.090070 -0.172174 0.048240 -0.017377 0.167274 0.296550 0.024217 -0.089742 0.197686 -0.042360 0.154733
-0.143807 -0.275969 0.207069 0.483447 0.067397 0.285482 -0.011358 -0.005246 0.186377 0.096909 0.400902 0.221725 -0.162229 -0.197274 0.142505 -0.027810 -0.265376 -0.494866 0.004118 -0.044459 0.147598 0.054155 0.596982 1.000000 0.415516 0.546327 0.277855 0.397771 -0.164490 -0.414789 0.155016 0.265710 -0.400356 -0.282183 0.093240 -0.010039 -0.247500 0.094268 -0.278953 0.051777 -0.203179 -0.065671 0.181734 0.231736 -0.051600 0.045243 0.044851 0.051167 0.031678 -0.035427 0.108749 0.227507 0.047387 -0.041442 0.002633 -0.056503 -0.233131 -0.341171 -0.421437 -0.236820 -0.460007 -0.207460 -0.254430 -0.457867 0.156585 0.325940 -0.365014 0.067274 -0.169591 -0.008388 0.019924 0.115347 -0.460234 -0.100601 -0.193824 0.073827 0.000649 0.041696 -0.049277 -0.195911 -0.290664 -0.421331 0.275917 0.063185 0.261415 0.100454 0.218548 0.085285 0.355654 0.130243 0.114207 0.098602 0.536095 0.225301 -0.121700 -0.202889 0.073214 0.047489 -0.263493 -0.383429 0.153314 -0.019720 -0.105902 -0.242298 -0.143010 -0.078527 -0.043392 0.034910 -0.077052 -0.076409 0.101001 -0.114648 -0.222564 -0.092695 -0.004632 -0.183853
-0.197517 -0.220899 0.446118 0.199380 0.274742 0.110121 0.241579 0.088275 0.514323 0.184746 0.117376 0.132113 -0.172375 -0.312757 0.123053 -0.222119 -0.380386 -0.438561 -0.366664 -0.366733 0.559192 0.231557 0.568379 0.415516 1.000000 0.611824 0.310085 0.256906 -0.272046 -0.434749 0.410204 0.206812 -0.445650 -0.270650 0.286821 0.146394 -0.437788 -0.071405 -0.217777 0.039720 -0.150741 -0.089889 0.006078 0.012833 0.041958 0.049451 -0.017633 -0.087248 -0.004196 -0.069568 0.239214 0.226415 0.038044 -0.122017 -0.113026 -0.190270 -0.262887 -0.216659 -0.395842 -0.319874 -0.258587 -0.202547 -0.312206 -0.349840 0.289294 0.267089 -0.425329 0.116676 -0.122093 -0.017291 0.247234 0.179121 -0.409275 -0.066181 -0.251565 0.025604 -0.027502 0.022101 -0.168388 -0.150741 -0.551280 -0.387199 -0.033478 -0.131867 0.251962 0.058251 0.026663 0.115131 0.165180 -0.082907 -0.039024 0.272630 0.320416 0.301679 0.069123 0.027060 0.103776 0.131275 -0.316877 -0.154328 0.274769 -0.109193 -0.097563 -0.308917 0.093550 0.000422 -0.060172 0.083044 -0.045562 -0.127406 0.258905 0.045120 0.074163 0.034781 -0.124264 0.153164
-0.157714 -0.232627 0.049224 0.448707 -0.145113 0.359008 -0.149633 -0.163403 -0.011398 -0.022510 0.087821 -0.164015 -0.351470 -0.374036 -0.135765 -0.370889 -0.198950 -0.343085 -0.277369 -0.087297 0.464681 0.360573 0.376773 0.546327 0.611824 1.000000 0.502572 0.649241 -0.404816 -0.412133 0.127957 0.238506 -0.321742 -0.183136 -0.040195 0.207461 -0.180967 0.138942 -0.157046 0.274945 -0.147720 0.071093 0.175271 0.269630 -0.002938 0.162982 0.127790 0.032972 -0.011016 -0.081157 0.157709 0.229546 -0.065042 -0.161308 0.132165 -0.029862 -0.100708 -0.057273 -0.317155 -0.134489 -0.164685 -0.244406 -0.060950 -0.298039 0.112906 0.357232 -0.245034 0.291925 -0.037295 0.217976 0.081326 0.126200 -0.353021 -0.002906 -0.172157 -0.054384 -0.061289 0.033363 -0.069894 0.010851 -0.308931 -0.191071 0.117577 -0.212960 0.154971 0.020617 0.105861 0.107810 0.253202 0.212077 -0.044295 -0.072915 0.276884 -0.066148 0.092607 -0.195454 0.279301 0.128099 -0.258955 -0.294684 0.164833 0.021489 -0.082016 -0.118174 -0.109406 -0.027181 -0.112282 0.271251 -0.119666 -0.074094 0.276166 -0.002666 0.062532 -0.033605 -0.062684 0.128363
0.030745 0.001962 0.109457 0.162008 -0.047688 0.283750 -0.036020 -0.284193 -0.008509 -0.386998 0.124870 0.067382 -0.048510 -0.175162 -0.094377 -0.370233 -0.047806 -0.182490 -0.278979 -0.093365 0.357336 0.139037 0.406055 0.277855 0.310085 0.502572 1.000000 0.634976 -0.230600 -0.358387 -0.110172 -0.195641 -0.144576 -0.374242 0.078259 -0.050741 -0.051288 0.174346 -0.171103 0.310891 -0.135792 -0.011733 0.064305 0.105718 -0.089869 0.024483 0.008326 -0.014501 -0.055597 -0.129199 0.086492 -0.129378 0.218470 -0.144800 0.113002 -0.049907 -0.056676 -0.068619 -0.148742 -0.208934 -0.095778 -0.081325 -0.156409 -0.334321 -0.086609 0.205396 -0.205197 0.002038 0.082588 0.105764 -0.097332 -0.063651 -0.297219 -0.140599 -0.043113 0.158949 0.060277 0.006142 -0.017432 -0.045665 -0.300758 -0.209880 -0.056409 -0.135341 0.030071 0.227661 0.155049 0.285956 0.103485 0.167363 -0.154573 0.184754 0.263649 0.209960 0.088918 0.108426 0.339265 0.148866 -0.090444 -0.069687 0.185983 0.149725 -0.064941 -0.164132 0.030370 0.017338 -0.336189 0.237773 -0.310688 0.120813 0.483988 0.227327 0.085602 0.113611 -0.095482 0.401378
-0.005387 -0.070933 -0.061245 0.380554 -0.068246 0.485739 -0.086216 -0.153343 -0.140932 -0.189474 -0.090593 -0.073615 -0.300672 -0.137582 -0.370004 -0.377318 -0.044074 -0.213107 -0.057604 -0.004319 0.311692 0.249803 0.217155 0.397771 0.256906 0.649241 0.634976 1.000000 -0.322996 -0.353896 -0.158074 -0.085942 -0.019293 -0.097221 -0.226886 0.107086 -0.119306 -0.058992 -0.136842 0.129851 -0.202387 -0.057170 0.317868 0.367808 0.145270 0.224965 0.150017 0.150086 0.011256 0.062472 -0.011018 -0.094552 -0.084014 -0.148818 0.143440 0.034411 -0.043592 -0.016341 -0.120721 0.002241 -0.127019 -0.149910 0.080167 -0.231873 -0.103026 0.348385 0.035304 0.151982 0.045164 0.157039 -0.231926 -0.077616 -0.227392 -0.054863 -0.000509 -0.083566 -0.035600 -0.100392 0.125286 -0.046150 -0.114008 -0.108648 -0.070814 -0.182403 -0.036614 0.024498 0.070799 0.135698 0.262529 0.296354 -0.174857 -0.231336 0.153932 -0.160817 0.015849 -0.292951 0.138368 -0.002918 -0.037050 -0.209206 0.087164 0.199078 0.025198 0.047894 -0.166122 -0.202530 -0.162233 0.257210 -0.268204 0.010459 0.292285 -0.022329 0.006891 -0.115238 -0.253176 0.067938
-0.011679 -0.253674 0.083612 -0.405678 0.152753 -0.223351 0.335547 0.025487 0.007790 -0.039575 0.107297 0.129744 0.561718 0.446967 0.249458 0.391049 0.228046 0.261981 0.237473 -0.102384 -0.034730 -0.052006 -0.105948 -0.164490 -0.272046 -0.404816 -0.230600 -0.322996 1.000000 0.345710 0.286376 0.189695 0.227802 0.358452 -0.013388 0.015063 0.271231 0.010468 0.009414 -0.077217 0.422251 0.132716 -0.091116 -0.215154 -0.121062 -0.291598 -0.078519 -0.077513 -0.202558 -0.139467 -0.254247 -0.252903 0.140014 0.119428 -0.141981 -0.010380 -0.231438 -0.110744 0.007681 -0.211683 0.055791 -0.198069 0.059704 0.297267 -0.136612 -0.336229 -0.248167 -0.436482 -0.156851 -0.312004 0.228012 0.171398 0.539698 0.064471 0.160135 0.243656 0.151302 0.105470 0.245986 -0.038090 0.409288 0.390047 0.295620 0.300099 -0.305413 -0.336653 0.041508 -0.129587 -0.219229 -0.167081 0.088440 0.332003 -0.170090 0.255021 -0.144777 0.112243 -0.025644 -0.109376 0.084685 0.168149 -0.104113 0.089191 0.015371 0.039651 -0.138341 -0.106601 0.008994 -0.323900 0.122846 0.093474 -0.057304 -0.107081 -0.176748 -0.014088 0.158990 -0.129141
-0.125630 -0.064973 -0.316551 -0.420924 0.034556 -0.140937 -0.115204 -0.019415 -0.239362 -0.112016 -0.086031 -0.119515 0.270660 0.138418 -0.153706 0.168600 0.392448 0.370542 0.062586 -0.008894 -0.136289 0.168926 -0.418664 -0.414789 -0.434749 -0.412133 -0.358387 -0.353896 0.345710 1.000000 0.080103 0.182048 0.260212 0.308104 -0.070596 0.028706 0.489317 0.105717 0.410172 0.096787 0.497711 0.330989 0.121383 -0.020929 0.084915 -0.043333 0.109946 0.196631 0.006832 0.142425 -0.225783 -0.264516 -0.198569 0.121870 -0.086823 0.278429 0.000027 0.081949 0.063704 0.222640 0.211391 0.041622 0.221133 0.378864 -0.176215 -0.446537 0.126659 -0.244725 -0.000695 -0.226147 0.074873 0.138056 0.628736 0.116074 0.195204 0.149136 0.003660 -0.100750 0.102510 0.123063 0.477657 0.493569 0.005481 0.442804 -0.154162 -0.003260 -0.099905 -0.220007 -0.270079 -0.182407 -0.030982 -0.179492 -0.498455 -0.346154 -0.062014 0.015695 0.031887 -0.153081 0.307292 0.116899 -0.077425 -0.090330 0.059670 0.155061 -0.273008 -0.179576 0.075933 -0.183711 0.144878 -0.062610 -0.174347 -0.000650 -0.104405 0.055508 -0.043551 -0.093264
-0.435358 -0.414325 0.494153 -0.069606 0.367276 -0.142135 0.507775 0.185998 0.386778 0.182103 0.124686 0.080920 0.158072 -0.060232 0.147509 -0.152202 -0.050238 -0.111523 0.077571 -0.157923 0.401478 -0.017993 0.329862 0.155016 0.410204 0.127957 -0.110172 -0.158074 0.286376 0.080103 1.000000 0.675083 -0.124813 0.374588 0.228312 0.245127 -0.214384 -0.278800 -0.070800 -0.230341 0.141693 -0.104670 -0.010212 -0.075448 0.140170 0.073657 -0.135473 -0.171195 -0.321050 -0.066765 -0.240390 -0.043804 -0.181964 -0.038330 -0.254794 -0.373123 -0.353290 -0.287137 -0.541157 -0.518272 -0.251057 -0.417664 -0.162515 -0.078313 0.281500 -0.012699 -0.618893 -0.135527 -0.330906 -0.023384 0.373325 0.189334 0.068482 -0.024935 -0.006310 0.144156 0.165100 0.157057 0.088664 0.004449 -0.153183 0.073966 0.310749 0.156479 0.072363 -0.054004 0.026864 -0.025081 -0.056340 -0.428656 -0.002982 0.240290 0.114443 0.217767 -0.323724 0.320915 -0.066898 -0.070660 -0.171702 -0.021685 -0.102574 -0.043389 -0.265705 -0.189118 0.063322 0.093672 -0.151616 -0.141452 0.080675 0.016308 0.080767 -0.089989 -0.131981 0.051561 0.149145 0.051625
-0.380009 -0.518306 0.059958 0.096869 0.120954 -0.021683 0.166987 0.359908 0.102917 0.226453 0.194935 0.070252 0.046873 0.008618 -0.125605 -0.036671 -0.022628 -0.134872 -0.034019 -0.168221 0.347918 0.194742 0.048709 0.265710 0.206812 0.238506 -0.195641 -0.085942 0.189695 0.182048 0.675083 1.000000 -0.105673 0.516275 0.020296 0.303226 -0.059031 -0.181495 -0.041564 -0.065527 0.107212 0.161355 0.143336 0.127575 0.243388 0.183974 0.093747 -0.015433 -0.135082 0.116523 -0.225944 0.114062 -0.188295 -0.058382 -0.195943 -0.089443 -0.302381 -0.320363 -0.407022 -0.275908 -0.331508 -0.287715 -0.102048 -0.123516 0.200505 0.021038 -0.417334 -0.198793 -0.467992 -0.239134 0.149249 0.354037 0.194971 0.029051 -0.100417 0.158228 -0.000045 0.198295 0.095291 0.139407 0.010409 0.090801 0.263603 0.196421 0.123768 0.042931 -0.004641 -0.103312 -0.147394 -0.287503 0.180476 -0.044663 0.031830 -0.008694 -0.382492 0.215590 -0.016813 -0.160513 0.001926 -0.119144 0.075455 -0.024221 -0.078258 -0.211872 -0.282294 -0.169154 -0.140603 -0.121111 0.055814 -0.001827 -0.037141 -0.122142 -0.168153 -0.107021 -0.003043 -0.094973
0.330556 0.236486 -0.140043 -0.157138 -0.030169 0.075409 -0.001170 0.008719 -0.282006 0.017336 -0.201093 -0.161571 0.015340 0.222581 -0.377871 -0.046629 0.259940 0.346815 0.270398 0.188183 -0.257821 -0.170671 -0.429348 -0.400356 -0.445650 -0.321742 -0.144576 -0.019293 0.227802 0.260212 -0.124813 -0.105673 1.000000 0.335245 -0.060824 -0.020175 0.370769 -0.308056 -0.105470 -0.231185 0.056984 0.003900 -0.041465 -0.164375 0.088374 -0.037466 0.016175 0.004437 -0.060009 -0.001004 -0.277465 -0.346041 -0.115534 0.110498 -0.201415 -0.099231 0.253847 0.228293 0.409702 0.351431 0.263534 0.193026 0.313409 0.377833 -0.194551 -0.178492 0.378872 -0.132550 0.017270 -0.155862 -0.235049 -0.272585 0.353132 0.075817 0.443825 0.099870 0.166906 0.083994 0.170093 0.045631 0.325742 0.362688 -0.067791 0.137467 -0.215396 0.000301 -0.011407 0.017553 -0.181281 0.031466 0.005017 -0.255808 -0.308232 -0.276256 -0.297870 -0.027193 -0.142832 -0.234067 0.215718 0.130212 -0.273800 0.185495 0.153175 0.326754 -0.097501 -0.269132 -0.006402 -0.244485 -0.055505 0.027631 -0.300966 0.095399 0.123666 -0.091760 0.092592 -0.153167
-0.113611 -0.187927 -0.101040 0.061626 -0.006478 -0.122147 0.149139 0.302304 -0.208393 0.229560 -0.128543 -0.123062 0.183442 0.304863 -0.156555 0.116732 0.227742 0.288126 0.187879 0.208413 0.162758 -0.043429 -0.409038 -0.282183 -0.270650 -0.183136 -0.374242 -0.097221 0.358452 0.308104 0.374588 0.516275 0.335245 1.000000 -0.225840 0.386705 0.059916 -0.264548 0.030678 -0.289409 0.072815 -0.023656 -0.138172 -0.109124 0.145110 0.150252 -0.198647 -0.148358 -0.308954 -0.015938 -0.316836 -0.142026 -0.270468 -0.058763 -0.159045 -0.228300 -0.093781 -0.067972 -0.017277 0.014104 -0.026419 -0.057384 0.243055 0.303673 0.012795 -0.063862 -0.053026 -0.041876 -0.144287 -0.036846 0.070254 0.155092 0.465698 0.119162 0.184934 -0.004699 -0.050133 0.114623 0.260710 0.156717 0.328592 0.388309 0.119247 0.068240 -0.169639 -0.191860 -0.093974 -0.240590 -0.135893 -0.142280 0.022612 -0.232542 -0.202714 -0.192666 -0.251456 0.072260 -0.237557 -0.162850 -0.027647 0.201227 -0.243075 0.117212 -0.051854 0.266740 0.018999 0.022428 -0.055806 -0.075426 0.028517 0.057612 -0.004685 -0.210229 -0.171541 -0.054976 0.128500 -0.053710
-0.019322 -0.068406 0.491312 0.027810 0.187394 -0.100443 0.362931 0.023672 0.392186 -0.022390 0.166027 0.348940 0.159654 -0.095200 0.239831 -0.028200 -0.180420 -0.223910 0.022018 -0.178374 0.155191 -0.181668 0.300222 0.093240 0.286821 -0.040195 0.078259 -0.226886 -0.013388 -0.070596 0.228312 0.020296 -0.060824 -0.225840 1.000000 0.076655 -0.174264 0.074690 -0.161661 -0.031718 0.034696 -0.039467 -0.266888 -0.396647 -0.018785 -0.097857 -0.309829 -0.389319 0.041171 -0.092928 0.175801 0.179717 0.176538 -0.212757 -0.419483 -0.359987 -0.152970 -0.309547 -0.162769 -0.151267 -0.036392 -0.071992 -0.366191 -0.250494 0.443455 0.025585 -0.166633 0.182007 -0.156087 -0.165751 0.167190 -0.084293 -0.224979 0.095584 -0.049150 0.067678 0.183715 0.076373 -0.422926 -0.243186 -0.439264 -0.357420 0.135101 -0.029208 0.223155 0.201554 0.082690 0.028681 0.097892 -0.130428 -0.137921 0.346605 0.197165 0.250563 -0.170927 0.223694 -0.010909 -0.228970 -0.434322 -0.040605 0.263569 -0.156958 -0.139953 -0.189037 0.152782 0.157395 -0.070614 0.068090 -0.012518 0.104131 0.126267 0.105480 0.093373 0.073196 0.167371 0.028246
-0.336174 -0.194625 -0.104148 0.225830 0.061196 0.057514 -0.022182 0.134934 0.103808 0.273515 -0.188123 0.069994 -0.074774 0.140527 -0.070434 0.043414 0.051725 -0.003012 -0.191872 0.093283 0.328397 0.268793 -0.179036 -0.010039 0.146394 0.207461 -0.050741 0.107086 0.015063 0.028706 0.245127 0.303226 -0.020175 0.386705 0.076655 1.000000 -0.007136 0.129634 -0.073234 -0.027902 -0.048789 0.039249 0.044224 -0.036288 0.206971 0.302198 0.020084 -0.000035 -0.089862 0.071742 -0.251471 0.178394 -0.301091 -0.179316 -0.299423 -0.028938 0.057398 -0.142148 -0.260533 -0.132236 -0.041158 0.137827 0.011737 -0.057194 0.024698 0.308566 -0.164252 0.195368 -0.051596 0.046507 0.153666 0.292982 0.077361 0.093917 -0.173313 -0.083868 -0.141179 -0.006190 0.044725 0.068548 -0.071453 0.085559 0.102766 -0.342774 -0.259000 -0.266500 -0.187338 -0.427910 -0.043207 0.017484 0.009707 -0.209902 0.144333 -0.191950 0.031729 -0.177607 -0.036294 -0.166222 -0.243856 0.106113 0.220961 -0.071955 -0.051530 0.015439 -0.050252 0.055365 -0.049109 0.279610 -0.211646 -0.085444 0.107871 -0.154649 -0.071125 -0.217851 0.045077 0.083251
