1.000000 0.364376 0.046421 0.033119 -0.249269 -0.255263 0.204549 -0.244822 -0.288043 -0.092105 0.004346 -0.098912 0.235532 -0.073743 -0.084425 -0.015007 -0.221716 -0.262821 0.388695 0.284751 -0.132895 -0.215774 -0.186173 -0.080396 -0.157510 -0.073039 -0.231333 -0.232234 0.124135 -0.139686 -0.235893 -0.321530 0.214247 -0.120352 0.008229 -0.103815 0.099463 -0.088389 0.088610 0.157709 0.065532 0.056384 -0.384892 -0.235687 -0.461918 -0.346539 -0.292673 -0.098047 -0.221897 -0.096011 -0.051760 0.314323 0.136049 0.225913 0.185958 0.227957 0.019834 -0.056825 0.369593 0.259951 0.320455 0.243771 -0.057917 0.144658 -0.180864 0.032623 0.122262 0.001343 0.317668 0.206011 0.352494 -0.028237 0.028404 -0.126618 0.114729 -0.023337 0.129090 0.110083 -0.330140 -0.199043 -0.413476 -0.249367 -0.046004 0.363911 -0.126105 0.323486 0.032357 0.339811 0.192700 0.513321 0.025289 0.203658 -0.003496 0.105201 -0.097182 0.074749 -0.161897 -0.093909 -0.030689 0.143193 -0.296260 -0.092791 -0.362660 0.013675 -0.126837 -0.129850 -0.117228 0.041743 -0.053077 -0.158863 -0.252352 -0.048200 -0.114010 -0.163705 -0.193206 -0.288939
0.364376 1.000000 -0.263708 0.297110 -0.219453 -0.019729 -0.185674 0.244159 -0.177892 -0.059689 0.031616 0.506664 0.169255 0.450861 -0.032651 0.115441 0.179083 0.252897 0.070513 0.339181 -0.234070 -0.061747 -0.210932 -0.165506 -0.233380 -0.139436 -0.183813 -0.193255 0.076221 0.161497 -0.166663 -0.162512 -0.125359 -0.094627 -0.344276 -0.372877 -0.021856 0.029345 -0.039190 -0.031312 -0.103839 0.088007 -0.258649 -0.273062 -0.318826 -0.241604 -0.298169 -0.233608 -0.035132 -0.134861 0.146363 -0.071776 0.227496 -0.063233 0.022758 -0.166867 0.201484 0.344066 0.178623 0.058724 0.288850 0.362552 0.181992 0.492722 -0.223993 -0.096462 -0.340366 -0.302376 0.194041 0.007672 -0.060063 0.065248 -0.145408 0.131764 -0.080659 0.081073 0.051307 -0.007775 -0.078884 0.079429 0.079131 0.108388 0.121988 0.336796 0.110333 0.219961 0.049600 0.019305 0.102135 0.084590 -0.169976 -0.063604 -0.097482 -0.068240 -0.059449 -0.018451 -0.225907 -0.220798 -0.103511 -0.009666 -0.137225 -0.188216 -0.254207 -0.203313 -0.207725 -0.192776 0.036094 0.014122 -0.226487 -0.110332 -0.429957 -0.104760 -0.088343 -0.292225 -0.357609 -0.271665
0.046421 -0.263708 1.000000 0.326755 0.349649 0.174311 0.540155 0.235091 0.245559 0.264269 0.282931 -0.113139 0.441262 -0.161822 0.376119 0.099721 -0.166715 -0.554346 0.512721 0.324965 0.225628 0.167913 0.571531 0.591023 0.384884 0.229049 0.244020 0.300142 -0.123578 -0.371897 0.115558 0.044069 -0.084394 0.033578 0.153723 0.314457 -0.407296 -0.536920 -0.457471 -0.487302 -0.331159 -0.417057 -0.037063 -0.334633 -0.033768 -0.173916 -0.209789 -0.047942 0.042585 -0.195586 0.202521 -0.064125 0.261969 0.093976 -0.281673 -0.342296 -0.211931 -0.402378 0.263081 0.081498 0.157067 -0.183931 -0.334754 -0.521621 0.311316 -0.114765 0.407488 0.409968 0.066918 0.418748 0.151014 0.010653 -0.358386 -0.354955 -0.315028 -0.265961 -0.496768 -0.324092 -0.317091 -0.473945 -0.230668 -0.423425 0.164597 -0.144528 -0.023146 0.014317 0.040407 -0.231458 -0.026582 0.037031 0.145463 0.216261 -0.038479 0.002093 -0.197768 -0.321762 -0.362968 -0.149868 -0.260603 -0.341798 -0.211515 -0.162893 -0.178733 -0.077873 -0.142954 -0.197859 -0.108237 0.098950 0.266784 -0.087094 -0.085939 -0.282011 -0.370080 -0.202356 -0.055966 0.108679
0.033119 0.297110 0.326755 1.000000 0.257747 0.391844 0.157250 0.644535 0.189085 0.379656 0.328191 0.456379 0.217397 0.348523 0.002947 0.133372 -0.154568 -0.292234 0.279050 0.379162 0.226771 0.122009 0.505449 0.668704 0.293745 0.059268 0.191490 0.250115 -0.220872 -0.177505 0.134697 0.072917 -0.417106 -0.043910 -0.051261 -0.092438 -0.325304 -0.278730 -0.336519 -0.353183 -0.317555 -0.202387 -0.085931 -0.350289 -0.265839 -0.242313 -0.457247 -0.227457 -0.180222 -0.185678 0.449461 -0.100559 0.298463 0.121280 -0.392942 -0.588264 -0.278064 -0.048920 0.060702 -0.100654 0.081681 0.264774 -0.248561 0.036277 0.381331 0.130395 -0.233963 -0.051936 0.158342 0.173560 -0.206994 -0.187649 -0.392818 -0.229506 -0.299516 -0.099645 -0.423093 -0.202745 0.016471 -0.184151 -0.208069 -0.250534 0.035484 0.016884 0.225553 0.209032 0.045092 -0.156570 0.014768 0.044459 0.016141 0.003608 0.026631 -0.110250 -0.299212 -0.216141 -0.446317 -0.377967 -0.384273 -0.400202 -0.142376 -0.151966 -0.251553 -0.170804 -0.223794 -0.172496 0.021787 -0.070959 -0.061975 -0.080375 -0.245388 -0.296342 -0.292738 -0.280146 -0.216795 -0.117327
-0.249269 -0.219453 0.349649 0.257747 1.000000 0.759474 0.252038 0.463765 0.865608 0.637213 0.009719 -0.089129 0.165875 0.146936 0.357629 0.095468 -0.052072 -0.265458 0.031813 0.032374 0.023871 -0.001194 0.371025 0.310516 0.533461 0.199985 0.560639 0.574989 -0.258089 -0.307140 0.047446 -0.056418 -0.297896 -0.073390 0.105382 0.186506 -0.293023 -0.353175 -0.388756 -0.404244 -0.275236 -0.247255 0.135974 -0.001132 0.063487 0.037975 -0.208199 0.047151 0.146951 0.081637 0.214004 0.086855 0.062851 0.017104 -0.400989 -0.360797 -0.213854 -0.138066 -0.098260 -0.041482 0.101304 0.083892 -0.311276 -0.368031 0.248954 0.106070 0.059821 0.167773 0.047378 0.165917 -0.175309 -0.339650 -0.208217 -0.244577 -0.207286 -0.289262 -0.366178 -0.238756 0.046941 -0.196890 -0.092974 -0.194569 -0.253602 -0.469737 -0.116235 -0.075327 -0.298404 -0.481257 -0.345897 -0.178193 0.012863 -0.058913 0.081646 -0.113499 -0.249425 -0.325656 -0.260515 -0.162312 -0.293834 -0.402389 0.075612 0.053531 0.015604 -0.149510 -0.043944 -0.157949 0.178849 -0.012569 0.173687 -0.037978 0.110620 -0.241242 -0.295763 -0.352146 -0.150031 0.023485
-0.255263 -0.019729 0.174311 0.391844 0.759474 1.000000 0.013125 0.515958 0.698084 0.689338 0.258449 0.118067 0.249214 0.377114 0.141984 0.195589 0.049204 -0.272824 -0.188529 0.031360 0.103620 0.042365 0.352686 0.315270 0.434954 0.189425 0.584843 0.572488 -0.290390 -0.298387 0.039695 -0.046420 -0.405475 -0.216871 -0.011462 0.004841 -0.399295 -0.345465 -0.503349 -0.518029 -0.473200 -0.353417 0.017176 -0.134547 -0.048309 -0.001590 -0.234178 -0.080943 0.141381 0.084558 0.328855 0.110676 0.199145 0.110773 -0.373548 -0.444808 -0.129507 0.028374 -0.098672 0.021649 0.026966 0.223603 -0.325966 -0.205940 0.068053 0.210430 -0.103570 0.088650 0.025683 0.082053 -0.225703 -0.266423 -0.279604 -0.207062 -0.197676 -0.224267 -0.350415 -0.275644 -0.019403 -0.196937 -0.082116 -0.187413 -0.294741 -0.547762 -0.087376 -0.055234 -0.311140 -0.541599 -0.507189 -0.273090 0.088488 -0.061670 0.102402 -0.051829 -0.196325 -0.249257 -0.271661 -0.118958 -0.124537 -0.297391 0.187188 0.145191 0.084158 0.000803 0.126282 -0.019322 0.384430 -0.006211 0.228618 0.049085 -0.069084 -0.174026 -0.132305 -0.269827 -0.050094 0.042227
0.204549 -0.185674 0.540155 0.157250 0.252038 0.013125 1.000000 0.262590 0.147515 0.239301 -0.060613 0.084869 0.381423 0.012249 0.532435 0.265423 -0.195675 -0.297498 0.534416 0.121141 0.255586 0.271833 0.194394 0.196704 0.310167 0.358152 0.278865 0.254698 0.273111 0.089256 0.328098 0.238047 0.210572 0.375603 -0.087581 0.025667 -0.158229 -0.428144 -0.264241 -0.202113 0.007214 0.059645 -0.042503 -0.099723 -0.178955 -0.219667 -0.146479 -0.141935 -0.174133 -0.173702 -0.001600 -0.111156 -0.096580 -0.021786 -0.292928 -0.106534 -0.271163 -0.523283 -0.156051 -0.291055 0.103898 -0.310714 -0.088080 -0.302686 0.204712 -0.041699 -0.022464 0.001544 0.076588 0.089324 0.377816 0.124050 0.104162 0.055129 0.071690 0.052184 -0.192879 -0.050739 -0.171575 -0.191111 -0.172001 -0.082668 0.128635 0.249636 -0.078005 0.251079 -0.155273 -0.172600 0.009547 -0.069534 -0.149660 -0.104987 -0.131534 -0.191160 -0.148073 -0.141572 -0.346261 -0.150100 -0.367898 -0.458127 -0.345276 -0.276003 -0.410686 -0.295172 -0.443439 -0.381089 -0.414617 -0.005520 -0.009010 -0.155624 -0.208954 -0.320904 -0.344122 -0.238972 -0.039425 -0.203738
-0.244822 0.244159 0.235091 0.644535 0.463765 0.515958 0.262590 1.000000 0.425775 0.429748 0.179504 0.476553 0.186763 0.448622 0.219983 0.150134 -0.083618 -0.125357 0.110299 0.125206 0.101292 0.148742 0.314682 0.372105 0.384548 0.197980 0.341672 0.312023 -0.195050 -0.042119 0.165464 0.095102 -0.453257 0.021993 -0.046189 0.002215 -0.329872 -0.437100 -0.344120 -0.493448 -0.381435 -0.284308 0.066548 -0.167248 0.011308 -0.048789 -0.223615 -0.224183 0.041961 -0.125573 0.459929 -0.212406 0.147681 -0.094844 -0.385872 -0.539925 -0.341418 -0.073989 -0.108171 -0.270277 0.098820 0.197890 -0.252011 -0.086678 0.382617 0.167744 -0.298180 -0.081622 -0.064542 -0.086931 -0.330161 -0.234496 -0.333167 -0.074162 -0.267269 -0.190996 -0.477202 -0.386331 -0.004081 -0.129244 -0.086113 -0.100550 -0.091214 -0.202179 0.132522 -0.043350 -0.227260 -0.489501 -0.081121 -0.349708 0.002637 -0.069673 0.109325 0.018649 -0.172512 -0.190279 -0.329293 -0.234866 -0.281937 -0.480451 0.125672 0.112691 0.006081 -0.090066 -0.096784 -0.068042 0.094378 0.002743 -0.010936 -0.103065 -0.248134 -0.426382 -0.274615 -0.190325 -0.068879 0.012811
-0.288043 -0.177892 0.245559 0.189085 0.865608 0.698084 0.147515 0.425775 1.000000 0.654745 -0.056203 -0.115207 0.095141 0.217740 0.335347 0.071768 -0.071245 -0.237591 -0.145894 0.032137 -0.141607 -0.136054 0.210156 0.260385 0.453428 0.205213 0.412313 0.416816 -0.298128 -0.326162 -0.035793 -0.133449 -0.253589 -0.076990 0.119984 0.195569 -0.261425 -0.281403 -0.312804 -0.289242 -0.296573 -0.251069 -0.009537 -0.015219 0.095884 0.180378 -0.220022 0.045519 0.150685 0.182127 0.077316 0.063321 0.042579 -0.050964 -0.306681 -0.265676 -0.191706 -0.074972 -0.058629 -0.010625 0.117664 0.167307 -0.307692 -0.281412 0.165434 0.181132 0.072308 0.210944 -0.039251 0.153551 -0.254091 -0.361848 -0.268024 -0.283703 -0.256977 -0.319716 -0.309349 -0.234712 -0.023265 -0.249779 -0.117125 -0.170029 -0.333375 -0.538745 -0.185598 -0.104600 -0.478898 -0.507293 -0.403912 -0.139240 0.092373 -0.015958 0.201154 -0.004498 -0.106370 -0.180962 -0.204564 -0.149997 -0.192549 -0.302348 0.168679 0.170538 0.074129 -0.087807 -0.030260 -0.124842 0.227457 -0.161252 0.148288 0.087411 0.109882 -0.280840 -0.191496 -0.286331 -0.083886 0.060004
-0.092105 -0.059689 0.264269 0.379656 0.637213 0.689338 0.239301 0.429748 0.654745 1.000000 0.258872 0.099465 0.390537 0.347598 0.270744 0.449539 0.070618 -0.409849 0.050467 0.144034 0.170338 0.100795 0.291864 0.411087 0.489163 0.272645 0.464402 0.431954 -0.056902 -0.173351 0.167163 0.026508 -0.259638 -0.027650 -0.154139 0.021362 -0.531169 -0.487210 -0.545297 -0.448858 -0.478892 -0.245287 -0.025345 -0.170333 -0.022280 0.045670 -0.330077 0.034653 0.126162 0.210496 0.073849 0.133138 0.208378 0.197132 -0.561903 -0.406542 -0.102810 -0.106060 0.014470 0.063600 0.035128 0.284768 -0.271052 -0.304785 0.019133 0.141499 -0.066610 0.052608 0.133003 0.169180 -0.009216 -0.154024 -0.084783 -0.197520 -0.156575 -0.113947 -0.333196 -0.207530 -0.149745 -0.367086 -0.218524 -0.454649 -0.236247 -0.356323 -0.284443 -0.113170 -0.413941 -0.383926 -0.588723 -0.281363 0.088627 0.133706 0.016338 -0.086431 -0.240758 -0.231557 -0.482057 -0.174203 -0.276599 -0.164815 -0.071063 0.028938 -0.163057 -0.106697 -0.165225 -0.222272 0.104721 -0.114218 0.129080 0.073809 -0.047708 -0.019989 -0.094303 -0.374155 -0.120097 0.105234
0.004346 0.031616 0.282931 0.328191 0.009719 0.258449 -0.060613 0.179504 -0.056203 0.258872 1.000000 0.357517 0.553024 0.236760 0.171361 0.315042 0.242160 -0.294131 0.008291 -0.087292 0.643861 0.507921 0.632618 0.502621 0.297496 0.320034 0.285083 0.215794 0.080560 0.013278 0.406822 0.352077 -0.166280 -0.031977 -0.204857 -0.051520 -0.570338 -0.370121 -0.482794 -0.474858 -0.445704 -0.236850 -0.038886 -0.416284 -0.139953 -0.199900 -0.031190 -0.254825 0.037470 -0.059175 0.199805 0.077502 0.300312 0.315487 -0.440583 -0.314883 0.231033 -0.042347 0.228609 0.018891 -0.074555 0.120916 -0.298013 -0.170202 0.149595 0.277334 -0.103151 -0.135997 0.010139 -0.036182 0.208316 0.259750 -0.047254 -0.079352 -0.033518 -0.068855 -0.211600 -0.288406 -0.108236 -0.123321 -0.043088 -0.348382 0.108520 -0.147351 -0.034617 -0.130067 0.212860 -0.138941 -0.282830 -0.123930 -0.154847 0.028386 -0.312050 -0.127139 -0.104189 -0.204504 -0.263952 -0.020415 -0.223014 0.006593 -0.296760 -0.163521 -0.262604 -0.130622 0.001475 0.018271 0.120966 0.039755 0.217204 0.155218 -0.247856 -0.037735 -0.046481 0.001829 0.079076 0.226843
-0.098912 0.506664 -0.113139 0.456379 -0.089129 0.118067 0.084869 0.476553 -0.115207 0.099465 0.357517 1.000000 0.315510 0.619622 0.220265 0.355355 0.237898 0.282567 0.007071 -0.144133 0.342290 0.393970 0.296597 0.100926 0.040515 0.137159 0.126330 0.075952 0.362560 0.526057 0.486368 0.440884 -0.071710 0.084844 -0.457886 -0.516250 -0.275881 -0.139196 -0.198321 -0.270637 -0.116268 0.173381 -0.025034 -0.242918 -0.190829 -0.168666 -0.043608 -0.416642 -0.016507 -0.076092 0.208213 -0.292073 0.154302 -0.138110 -0.292308 -0.263779 0.008680 -0.056816 -0.083483 -0.302120 0.019199 0.068119 0.184145 0.383164 0.070826 0.066688 -0.527374 -0.579915 -0.168287 -0.422118 -0.005287 0.278457 0.140377 0.374465 0.183008 0.306455 -0.124008 -0.096401 0.091170 0.221781 0.111563 0.197123 0.260574 0.381076 0.238246 0.201905 0.126027 -0.121050 -0.090449 -0.202731 -0.382764 -0.397410 -0.323057 -0.389942 -0.024957 0.035466 -0.235807 -0.168413 -0.264573 -0.240845 -0.334254 -0.308058 -0.396680 -0.424573 -0.376882 -0.316598 -0.167768 -0.074623 -0.171972 0.155569 -0.535459 -0.148113 -0.117117 -0.161684 -0.141299 -0.118174
0.235532 0.169255 0.441262 0.217397 0.165875 0.249214 0.381423 0.186763 0.095141 0.390537 0.553024 0.315510 1.000000 0.360380 0.547067 0.646647 0.100653 -0.270922 0.192588 0.174896 0.434746 0.426686 0.392860 0.260778 0.261096 0.451637 0.307319 0.218827 0.148127 0.100370 0.324839 0.253275 0.086854 0.069528 -0.372751 -0.102498 -0.479803 -0.535678 -0.559972 -0.464372 -0.364679 -0.162767 -0.147471 -0.455843 -0.353016 -0.347980 -0.157185 -0.296500 -0.022380 -0.136683 0.004564 0.007208 0.306516 0.218878 -0.358542 -0.261993 0.089986 -0.284642 0.174327 0.016409 0.250542 -0.023083 -0.200520 -0.207796 -0.097561 -0.115339 -0.062195 -0.151315 0.142590 0.141928 0.392870 0.402256 -0.062879 -0.035373 -0.109912 0.087521 -0.375134 -0.281942 -0.478883 -0.280976 -0.134838 -0.266525 0.042795 0.090424 -0.072880 0.093870 -0.029832 -0.182773 -0.261632 -0.128251 -0.228901 0.022208 -0.289135 -0.111658 -0.006034 -0.292539 -0.413968 -0.150470 -0.208433 -0.185709 -0.336534 -0.130238 -0.371850 -0.170181 -0.293623 -0.319926 -0.062214 -0.029963 0.099114 0.009792 -0.428649 -0.136885 -0.145161 -0.206675 -0.131936 -0.061272
-0.073743 0.450861 -0.161822 0.348523 0.146936 0.377114 0.012249 0.448622 0.217740 0.347598 0.236760 0.619622 0.360380 1.000000 0.201846 0.548422 0.066458 0.054609 -0.147102 0.037239 0.131082 0.219895 0.097697 0.048833 0.251827 0.355841 0.201998 0.121867 0.100256 0.272976 0.269797 0.187265 -0.078268 0.064273 -0.335375 -0.237905 -0.308483 -0.052923 -0.196353 -0.128846 -0.249667 0.087482 -0.123459 -0.171458 -0.270029 -0.066852 -0.150461 -0.267464 -0.043322 0.012978 0.098324 -0.174780 0.299984 -0.106217 -0.307222 -0.110934 -0.082280 -0.068141 -0.047998 -0.080019 0.036767 0.323450 -0.190260 0.118533 -0.082613 0.215876 -0.450514 -0.359029 0.015440 -0.185534 -0.022185 0.138606 0.066881 0.242589 0.038159 0.191134 -0.161710 -0.112751 -0.127157 0.068217 -0.020092 0.017659 -0.032643 0.083470 -0.128613 0.094387 -0.158741 -0.165915 -0.238907 -0.155648 -0.184995 -0.174169 -0.181688 -0.199141 0.039403 0.032256 -0.129900 -0.069663 -0.128077 -0.205344 -0.203282 -0.125182 -0.350745 -0.343602 -0.360033 -0.274221 -0.002354 -0.142679 -0.089205 0.152950 -0.400828 -0.247503 -0.085550 -0.255603 -0.203162 -0.130006
-0.084425 -0.032651 0.376119 0.002947 0.357629 0.141984 0.532435 0.219983 0.335347 0.270744 0.171361 0.220265 0.547067 0.201846 1.000000 0.447096 0.255472 -0.068500 0.268220 0.011134 0.223545 0.368887 0.236959 0.069085 0.233440 0.325373 0.253459 0.145603 0.370657 0.287027 0.296660 0.275095 0.212542 0.302590 -0.157253 0.005315 -0.268014 -0.306030 -0.385551 -0.292297 -0.093340 0.015764 -0.257664 -0.360531 -0.222324 -0.316550 -0.159045 -0.272494 -0.220484 -0.223303 -0.260425 -0.275063 -0.106315 0.007531 -0.320622 -0.161699 -0.056952 -0.438221 -0.167375 -0.274384 0.105559 -0.295750 -0.022120 -0.188555 0.095901 -0.151009 -0.089216 -0.142348 -0.068076 -0.021090 0.327776 0.309483 0.128692 0.215949 0.060614 0.166554 -0.146425 -0.138914 -0.199947 0.032751 0.171195 0.083910 0.369618 0.174188 0.062318 0.323939 -0.050637 -0.147941 -0.140274 -0.244772 -0.284811 -0.085901 -0.230567 -0.139493 0.054657 -0.220316 -0.302313 -0.028108 -0.308571 -0.313935 -0.311410 -0.262168 -0.321516 -0.321266 -0.382579 -0.346573 -0.263725 -0.042345 0.028762 -0.020529 -0.239960 -0.236966 -0.166601 -0.203008 -0.152609 -0.131250
-0.015007 0.115441 0.099721 0.133372 0.095468 0.195589 0.265423 0.150134 0.071768 0.449539 0.315042 0.355355 0.646647 0.548422 0.447096 1.000000 0.223758 -0.034635 0.067887 0.030263 0.400801 0.482366 0.228539 0.112791 0.321664 0.558479 0.350540 0.239979 0.259244 0.383302 0.400863 0.315734 0.114309 0.069142 -0.373963 -0.217179 -0.436263 -0.276547 -0.376920 -0.235554 -0.293824 0.014210 -0.024139 -0.243737 -0.309094 -0.264533 -0.051713 -0.199191 -0.159396 -0.136758 -0.204157 -0.106647 0.247394 0.166264 -0.298275 -0.091442 0.015939 -0.251912 -0.132646 -0.108954 -0.133237 -0.031168 -0.065471 -0.120630 -0.222432 -0.050822 -0.351900 -0.358522 -0.009961 -0.121658 0.283099 0.392075 0.176415 0.196331 0.064011 0.270084 -0.290394 -0.267428 -0.228726 -0.097745 0.037845 -0.099848 0.038374 0.255795 -0.142528 0.109111 -0.036738 0.080233 -0.278901 -0.163620 -0.196720 -0.075089 -0.174148 -0.163266 -0.005346 -0.041248 -0.235583 -0.175350 0.013182 -0.057038 -0.204809 -0.117995 -0.293899 -0.133182 -0.300510 -0.338839 -0.282681 -0.163610 -0.058035 0.013073 -0.386828 0.125670 0.164758 -0.065375 -0.095355 -0.040349
-0.221716 0.179083 -0.166715 -0.154568 -0.052072 0.049204 -0.195675 -0.083618 -0.071245 0.070618 0.242160 0.237898 0.100653 0.066458 0.255472 0.223758 1.000000 0.350547 -0.097528 -0.068827 0.168088 0.304846 0.086966 -0.084210 0.065176 0.103605 0.168715 0.065595 0.449955 0.434128 0.233589 0.251629 0.097689 0.183366 -0.269214 -0.268994 -0.045250 0.092281 -0.224652 -0.163495 -0.067273 0.228680 0.088317 -0.018827 -0.043514 -0.115348 0.059348 -0.047688 0.027223 -0.122137 -0.200764 -0.117681 -0.061059 0.135743 -0.305913 -0.142884 0.552878 0.107744 -0.357887 -0.350070 -0.255102 -0.283638 0.434360 0.059516 -0.265619 -0.301057 -0.468276 -0.425677 0.021184 -0.201758 0.149344 0.253456 0.364278 0.384378 0.261489 0.259316 0.358321 0.110722 0.345621 0.341522 0.718005 0.311450 0.416085 0.159715 0.136244 -0.101488 0.219288 0.034131 -0.367140 -0.533099 -0.262800 -0.033948 -0.222702 -0.091296 0.146678 -0.118335 -0.108307 0.054610 -0.029277 0.212383 -0.174302 -0.241920 -0.118243 -0.307308 -0.203467 -0.250837 -0.269262 -0.091565 -0.199017 0.167532 -0.017222 0.309847 0.097589 -0.087270 -0.091777 0.056618
-0.262821 0.252897 -0.554346 -0.292234 -0.265458 -0.272824 -0.297498 -0.125357 -0.237591 -0.409849 -0.294131 0.282567 -0.270922 0.054609 -0.068500 -0.034635 0.350547 1.000000 -0.237578 -0.280586 -0.220513 -0.090232 -0.215320 -0.502872 -0.325952 -0.245104 -0.324072 -0.361182 0.279989 0.634288 0.133474 0.190522 0.258056 0.094996 -0.266262 -0.479380 0.451938 0.410814 0.316918 0.237110 0.467228 0.425523 0.106325 0.203966 0.038194 0.032055 0.312602 -0.069375 -0.017042 -0.042130 -0.086107 -0.220751 -0.232512 -0.147760 0.186036 0.237720 0.233722 0.327988 -0.444969 -0.384916 -0.092905 -0.251051 0.524930 0.560326 -0.099889 -0.339229 -0.465359 -0.580365 -0.247697 -0.457901 -0.159353 0.143016 0.444503 0.632291 0.393482 0.405155 0.476771 0.288516 0.561006 0.723270 0.521997 0.761918 0.010388 0.281063 0.281491 -0.089173 0.094835 0.158647 0.151290 -0.224513 -0.434382 -0.449604 -0.175859 -0.195054 0.043716 0.198892 0.250070 0.000868 0.063224 0.085129 0.056182 -0.105896 0.100703 -0.119041 -0.088719 -0.119774 -0.220295 0.021768 -0.247053 0.048470 0.002781 0.161643 0.149995 0.083084 -0.039034 -0.106845
0.388695 0.070513 0.512721 0.279050 0.031813 -0.188529 0.534416 0.110299 -0.145894 0.050467 0.008291 0.007071 0.192588 -0.147102 0.268220 0.067887 -0.097528 -0.237578 1.000000 0.472245 -0.004272 -0.016915 0.159353 0.277831 0.083545 -0.071742 -0.072891 -0.082628 0.232881 0.012592 0.035389 -0.020430 0.135420 0.270876 -0.013710 0.154810 -0.087190 -0.252378 -0.184310 -0.173331 0.047912 0.010932 -0.143309 -0.144202 -0.136934 -0.233146 -0.290151 0.074378 -0.107877 -0.154475 0.083106 -0.008200 0.014476 0.098192 -0.238767 -0.126467 -0.167223 -0.351227 0.030793 -0.075053 0.099165 -0.166823 -0.062250 -0.269492 0.224798 -0.218542 0.079683 0.081540 0.027145 0.197730 0.353321 0.022357 0.018229 0.030069 0.104270 0.079934 -0.053476 0.016982 -0.116958 -0.103857 -0.147566 -0.223575 0.289272 0.359969 0.021532 0.178118 0.163349 0.182843 0.261496 0.143470 -0.140455 0.131185 -0.247192 -0.146899 -0.370788 -0.210782 -0.404413 -0.365309 -0.377105 -0.279655 -0.473941 -0.427324 -0.446305 -0.241425 -0.337698 -0.300438 -0.356871 0.111920 -0.091479 -0.329549 -0.112847 -0.119615 -0.187951 -0.253231 -0.272789 -0.161582
0.284751 0.339181 0.324965 0.379162 0.032374 0.031360 0.121141 0.125206 0.032137 0.144034 -0.087292 -0.144133 0.174896 0.037239 0.011134 0.030263 -0.068827 -0.280586 0.472245 1.000000 -0.398435 -0.371080 -0.078655 0.385198 -0.032416 -0.116830 -0.184376 -0.150257 -0.212143 -0.394994 -0.468105 -0.473570 -0.193865 0.031395 0.205053 0.364852 -0.010483 -0.058190 -0.170514 0.060494 -0.169712 -0.235477 -0.181256 -0.217165 -0.190442 -0.133322 -0.505414 0.271534 -0.093441 -0.202927 0.155012 0.025913 0.277842 0.183541 -0.018927 -0.257868 -0.123918 -0.027718 0.055556 0.081263 0.332980 0.130025 -0.203621 -0.124005 0.036342 -0.212061 0.021291 0.332580 0.420611 0.748473 -0.072068 -0.108551 -0.439605 -0.353238 -0.391731 -0.126071 -0.211230 -0.064526 -0.271091 -0.321286 -0.037424 -0.259020 0.110619 0.092196 -0.001600 0.157314 -0.026845 0.102078 0.171959 0.196789 0.223523 0.459137 0.138210 0.282462 -0.319884 -0.364629 -0.392229 -0.474290 -0.160489 -0.105412 -0.096357 -0.111797 -0.216090 -0.091662 -0.282316 -0.247809 -0.082135 -0.246832 -0.168124 -0.319697 0.143071 -0.029276 -0.086239 -0.397148 -0.467865 -0.096695
-0.132895 -0.234070 0.225628 0.226771 0.023871 0.103620 0.255586 0.101292 -0.141607 0.170338 0.643861 0.342290 0.434746 0.131082 0.223545 0.400801 0.168088 -0.220513 -0.004272 -0.398435 1.000000 0.877350 0.649661 0.341933 0.452726 0.568547 0.495093 0.464309 0.306674 0.317649 0.752832 0.747818 0.156141 0.274146 -0.285273 -0.184569 -0.443475 -0.285011 -0.342976 -0.377883 -0.186888 0.054925 0.104526 -0.225563 -0.154931 -0.239217 0.114103 -0.401703 -0.126451 -0.126829 0.034573 -0.070910 0.076526 0.180454 -0.451901 -0.196749 0.165060 -0.334315 -0.050432 -0.190320 -0.336996 -0.175817 0.003416 -0.143091 0.048456 0.128491 -0.186914 -0.303708 -0.019061 -0.317775 0.411347 0.409146 0.248379 0.174898 0.216124 0.213947 -0.196478 -0.132231 0.031584 -0.017139 0.034491 -0.161209 0.230480 0.061698 0.033812 0.006532 0.200787 -0.176312 -0.296261 -0.255130 -0.288137 -0.285872 -0.416765 -0.399223 0.031869 -0.100320 -0.164669 0.089481 -0.196744 -0.193630 -0.314867 -0.212012 -0.264660 -0.171668 -0.129548 -0.121269 -0.178675 0.055533 -0.002220 0.091105 -0.295378 -0.128152 -0.136424 0.188242 0.254835 0.155159
-0.215774 -0.061747 0.167913 0.122009 -0.001194 0.042365 0.271833 0.148742 -0.136054 0.100795 0.507921 0.393970 0.426686 0.219895 0.368887 0.482366 0.304846 -0.090232 -0.016915 -0.371080 0.877350 1.000000 0.463397 0.175334 0.380402 0.586582 0.474465 0.435894 0.366098 0.450699 0.680878 0.727818 0.113691 0.290462 -0.357494 -0.228600 -0.415071 -0.258260 -0.385585 -0.451277 -0.206530 0.065695 0.136503 -0.219942 -0.152248 -0.289689 0.163039 -0.477889 -0.136783 -0.249044 0.006665 -0.201587 0.080286 0.091929 -0.394481 -0.245344 0.248275 -0.322009 -0.138753 -0.310626 -0.317932 -0.264768 0.148257 -0.142829 -0.005528 0.041631 -0.283353 -0.395166 -0.043566 -0.394773 0.360475 0.494702 0.232625 0.250072 0.152795 0.216250 -0.179189 -0.150317 -0.000550 -0.032767 0.235978 0.002497 0.335790 0.179654 0.150418 0.054091 0.235822 -0.213824 -0.240946 -0.375595 -0.272456 -0.259325 -0.355494 -0.366258 0.162941 -0.124158 -0.124944 0.136720 -0.109317 -0.147603 -0.242547 -0.186519 -0.199070 -0.212097 -0.163440 -0.153981 -0.240384 0.095389 -0.022275 0.036515 -0.394105 -0.094665 -0.039852 0.194217 0.270948 0.046778
-0.186173 -0.210932 0.571531 0.505449 0.371025 0.352686 0.194394 0.314682 0.210156 0.291864 0.632618 0.296597 0.392860 0.097697 0.236959 0.228539 0.086966 -0.215320 0.159353 -0.078655 0.649661 0.463397 1.000000 0.695590 0.602198 0.367192 0.397314 0.421420 -0.002358 -0.014393 0.591602 0.515653 -0.092468 0.094061 -0.056106 0.026414 -0.489496 -0.361499 -0.466789 -0.488938 -0.250187 -0.197030 0.045013 -0.326930 -0.082889 -0.184239 -0.090274 -0.264691 0.015895 -0.129454 0.300638 -0.072239 0.243885 0.194064 -0.479987 -0.414822 -0.004910 -0.216087 0.043940 -0.112383 -0.153885 -0.129736 -0.232134 -0.198171 0.334768 0.027411 -0.037173 -0.069380 -0.003668 -0.002948 0.161232 0.145096 -0.085223 -0.031899 -0.039816 0.013268 -0.361422 -0.241150 0.079728 -0.073226 -0.033960 -0.261433 0.147328 -0.189437 0.066878 -0.101331 0.180296 -0.243996 -0.190842 -0.088123 -0.198096 -0.156179 -0.350251 -0.322636 -0.254462 -0.352628 -0.318531 -0.241861 -0.359901 -0.346093 -0.326410 -0.269987 -0.280863 -0.236979 -0.188859 -0.199287 -0.127360 -0.076955 0.039483 -0.000239 -0.122933 -0.225846 -0.286139 -0.077381 -0.089583 0.100816
-0.080396 -0.165506 0.591023 0.668704 0.310516 0.315270 0.196704 0.372105 0.260385 0.411087 0.502621 0.100926 0.260778 0.048833 0.069085 0.112791 -0.084210 -0.502872 0.277831 0.385198 0.341933 0.175334 0.695590 1.000000 0.541933 0.288555 0.228367 0.298056 -0.210420 -0.342311 0.188415 0.150959 -0.341937 0.055263 0.157305 0.332374 -0.453018 -0.314399 -0.451933 -0.309481 -0.346675 -0.322255 -0.019172 -0.284656 -0.105515 -0.091742 -0.347780 0.066954 -0.060110 -0.131589 0.324965 0.061652 0.318534 0.300975 -0.456725 -0.517133 -0.062477 -0.166469 0.097668 -0.079861 -0.026165 0.130072 -0.428204 -0.310564 0.384902 0.185115 -0.002955 0.224467 0.218684 0.394706 0.032443 -0.015326 -0.355799 -0.331698 -0.252405 -0.126761 -0.443249 -0.226001 -0.053391 -0.413263 -0.198809 -0.551080 0.091412 -0.191474 -0.051457 -0.038999 0.100658 -0.184118 -0.106478 0.063645 0.128890 0.221430 -0.064144 -0.047050 -0.407164 -0.457790 -0.456123 -0.477886 -0.379678 -0.267487 -0.214339 -0.174897 -0.281643 -0.188018 -0.243300 -0.173686 -0.087625 -0.327723 -0.032837 0.001579 0.175559 -0.184847 -0.254888 -0.170360 -0.182118 0.165303
-0.157510 -0.233380 0.384884 0.293745 0.533461 0.434954 0.310167 0.384548 0.453428 0.489163 0.297496 0.040515 0.261096 0.251827 0.233440 0.321664 0.065176 -0.325952 0.083545 -0.032416 0.452726 0.380402 0.602198 0.541933 1.000000 0.713244 0.446618 0.406279 -0.118944 -0.026145 0.454435 0.357413 -0.074211 0.186501 -0.038817 0.113286 -0.345242 -0.337329 -0.379708 -0.345825 -0.265065 -0.052339 0.088267 -0.057374 -0.097976 -0.082237 -0.116316 -0.084262 -0.029947 -0.109874 0.204039 -0.052869 0.124298 0.089696 -0.500621 -0.271399 -0.050956 -0.236203 -0.118885 -0.209993 -0.154291 0.001347 -0.241541 -0.312510 0.194302 0.199169 -0.125122 -0.008583 0.088746 -0.043872 0.136071 0.010313 0.008879 -0.012695 -0.051351 -0.031578 -0.341827 -0.246403 0.086643 -0.243764 -0.005035 -0.298095 -0.058060 -0.305110 -0.137448 -0.155795 -0.049552 -0.291190 -0.319387 -0.248030 -0.057004 0.036105 -0.136248 -0.067545 -0.209771 -0.408491 -0.187571 -0.258613 -0.233772 -0.315324 -0.178118 -0.044502 -0.195387 -0.175962 -0.206373 -0.227664 -0.173404 -0.269873 -0.184656 -0.024734 0.130954 -0.299264 -0.206226 -0.066454 -0.060312 0.052762
-0.073039 -0.139436 0.229049 0.059268 0.199985 0.189425 0.358152 0.197980 0.205213 0.272645 0.320034 0.137159 0.451637 0.355841 0.325373 0.558479 0.103605 -0.245104 -0.071742 -0.116830 0.568547 0.586582 0.367192 0.288555 0.713244 1.000000 0.415098 0.333595 0.120739 0.204747 0.520431 0.477134 0.211422 0.332684 -0.212167 0.003676 -0.296754 -0.228902 -0.288323 -0.179185 -0.264567 0.103853 0.068320 -0.087493 -0.204251 -0.139981 0.029977 -0.246169 -0.184658 -0.214024 -0.088324 -0.165607 0.087202 0.060110 -0.339690 -0.047168 0.070185 -0.376536 -0.179518 -0.244564 -0.110214 -0.096994 -0.104055 -0.212314 0.002636 0.227703 -0.248261 -0.165711 0.052197 -0.136097 0.340008 0.383375 0.126050 0.131575 0.063358 0.182971 -0.263740 -0.215665 -0.123447 -0.261658 0.082607 -0.113551 0.041682 -0.013849 -0.128152 -0.030856 -0.073338 -0.278654 -0.256470 -0.207127 -0.182739 -0.133098 -0.238180 -0.140050 0.045535 -0.185724 -0.087059 -0.078756 -0.101230 -0.243052 -0.252160 -0.045971 -0.275373 -0.215257 -0.301807 -0.317443 -0.293813 -0.256517 -0.171493 0.084412 -0.134297 -0.248617 -0.077829 0.020033 0.068239 0.079093
-0.231333 -0.183813 0.244020 0.191490 0.560639 0.584843 0.278865 0.341672 0.412313 0.464402 0.285083 0.126330 0.307319 0.201998 0.253459 0.350540 0.168715 -0.324072 -0.072891 -0.184376 0.495093 0.474465 0.397314 0.228367 0.446618 0.415098 1.000000 0.917118 -0.072460 -0.085892 0.268305 0.220166 -0.261731 -0.018767 -0.048991 0.009742 -0.400134 -0.295410 -0.314894 -0.418827 -0.333116 -0.066897 0.187733 -0.110067 -0.106711 -0.152210 -0.103390 -0.219424 0.005960 -0.089688 0.134031 -0.029818 0.080640 0.013197 -0.304031 -0.372626 0.047645 -0.132916 -0.163778 -0.233274 -0.170277 -0.189041 -0.174846 -0.373636 0.030822 0.095136 -0.158931 -0.054070 0.114322 -0.080673 0.046853 -0.016562 -0.119562 -0.093147 -0.042361 -0.107495 -0.340555 -0.247142 -0.045170 -0.236662 -0.051346 -0.179529 -0.052002 -0.187468 -0.073691 -0.053202 -0.030401 -0.316617 -0.401997 -0.306556 0.005997 -0.162547 0.031283 -0.149906 0.048999 -0.134357 -0.162332 0.004138 -0.023746 -0.296215 0.065750 -0.020328 -0.024259 -0.123505 0.020840 -0.078821 0.093004 0.012888 0.076916 0.093818 -0.170909 -0.066667 -0.163527 -0.025884 0.114464 -0.022673
-0.232234 -0.193255 0.300142 0.250115 0.574989 0.572488 0.254698 0.312023 0.416816 0.431954 0.215794 0.075952 0.218827 0.121867 0.145603 0.239979 0.065595 -0.361182 -0.082628 -0.150257 0.464309 0.435894 0.421420 0.298056 0.406279 0.333595 0.917118 1.000000 -0.111250 -0.184678 0.204291 0.181679 -0.292817 -0.062415 -0.007353 0.038019 -0.401580 -0.271966 -0.326951 -0.402803 -0.351694 -0.159368 0.213726 -0.103009 -0.101518 -0.151046 -0.090602 -0.178115 0.021542 -0.081561 0.213414 0.041591 0.214683 0.059513 -0.260153 -0.351472 0.031012 -0.101744 -0.105418 -0.116551 -0.187680 -0.125420 -0.170160 -0.337867 0.006464 0.044615 -0.083914 0.050948 0.130004 0.019832 -0.024414 -0.068319 -0.170767 -0.176803 -0.103891 -0.195359 -0.378948 -0.248782 0.002247 -0.264774 -0.096435 -0.180055 -0.048601 -0.228721 -0.099059 -0.052190 -0.051816 -0.371697 -0.351779 -0.206190 0.071177 -0.199992 0.026322 -0.234108 -0.040160 -0.158240 -0.169897 0.012360 -0.050259 -0.310990 0.074736 -0.033930 -0.017130 -0.088888 0.038821 -0.091774 0.097359 0.065972 0.141787 -0.003326 -0.131812 -0.106842 -0.241146 -0.062445 0.110364 0.028467
0.124135 0.076221 -0.123578 -0.220872 -0.258089 -0.290390 0.273111 -0.195050 -0.298128 -0.056902 0.080560 0.362560 0.148127 0.100256 0.370657 0.259244 0.449955 0.279989 0.232881 -0.212143 0.306674 0.366098 -0.002358 -0.210420 -0.118944 0.120739 -0.072460 -0.111250 1.000000 0.695514 0.448931 0.469174 0.577283 0.412456 -0.331816 -0.387212 0.057796 0.099738 -0.012715 0.071013 0.282724 0.441417 -0.176541 -0.072738 -0.186957 -0.158036 0.066554 -0.167930 -0.194709 0.003360 -0.421965 -0.140594 -0.199852 0.036488 -0.211792 0.280619 0.238770 -0.309040 -0.329221 -0.274698 -0.250823 -0.330204 0.432977 0.152312 -0.260181 -0.204402 -0.348039 -0.481133 -0.108585 -0.325327 0.515689 0.370676 0.756977 0.612516 0.707178 0.513559 0.422849 0.286122 0.230525 0.432800 0.329708 0.308514 0.527315 0.572894 0.032265 0.293484 0.065767 0.132271 -0.119459 -0.205672 -0.479219 -0.380642 -0.530844 -0.496372 -0.002491 0.232412 -0.184558 0.118357 -0.296504 -0.058841 -0.583725 -0.538336 -0.549481 -0.440449 -0.509015 -0.448607 -0.549570 0.019307 -0.186073 0.059796 -0.274535 0.042046 -0.047900 -0.149143 -0.077599 0.019177
-0.139686 0.161497 -0.371897 -0.177505 -0.307140 -0.298387 0.089256 -0.042119 -0.326162 -0.173351 0.013278 0.526057 0.100370 0.272976 0.287027 0.383302 0.434128 0.634288 0.012592 -0.394994 0.317649 0.450699 -0.014393 -0.342311 -0.026145 0.204747 -0.085892 -0.184678 0.695514 1.000000 0.610135 0.651188 0.514652 0.414986 -0.515295 -0.570124 0.097982 0.147286 0.057788 0.029374 0.317098 0.535455 0.025293 0.065550 -0.175138 -0.170461 0.331506 -0.239829 -0.202541 -0.104683 -0.279859 -0.266951 -0.184249 -0.009017 -0.149721 0.254452 0.189380 -0.141810 -0.493311 -0.518408 -0.319174 -0.350030 0.453638 0.301958 -0.169482 -0.213549 -0.616951 -0.798415 -0.326647 -0.688868 0.336169 0.524484 0.730589 0.810752 0.601617 0.597894 0.341666 0.177324 0.351652 0.590989 0.413253 0.533108 0.263710 0.533203 0.209623 0.095046 0.129471 0.142625 -0.043393 -0.385058 -0.520561 -0.466339 -0.419731 -0.391386 0.138778 0.199955 0.076780 0.077738 -0.052005 0.018486 -0.312847 -0.274515 -0.265574 -0.331301 -0.382216 -0.321197 -0.545163 -0.054076 -0.345372 0.067432 -0.243597 0.116224 0.170119 0.143448 0.093552 -0.005630
-0.235893 -0.166663 0.115558 0.134697 0.047446 0.039695 0.328098 0.165464 -0.035793 0.167163 0.406822 0.486368 0.324839 0.269797 0.296660 0.400863 0.233589 0.133474 0.035389 -0.468105 0.752832 0.680878 0.591602 0.188415 0.454435 0.520431 0.268305 0.204291 0.448931 0.610135 1.000000 0.939009 0.391333 0.546057 -0.482642 -0.300101 -0.359606 -0.248561 -0.306298 -0.302488 -0.007030 0.250314 0.100937 -0.050893 -0.040821 -0.040337 0.211188 -0.334038 -0.047151 -0.011367 -0.085376 -0.240196 -0.109386 -0.039001 -0.556751 -0.104067 0.107680 -0.273578 -0.225414 -0.302916 -0.343475 -0.249774 0.172825 0.013479 0.094688 0.005703 -0.321571 -0.447847 -0.208683 -0.462188 0.472643 0.507805 0.504152 0.475748 0.386293 0.402821 -0.015750 -0.014470 0.250738 0.210507 0.168524 0.065020 0.206636 0.102551 0.046021 -0.137607 0.118456 -0.215319 -0.272287 -0.380875 -0.568606 -0.502110 -0.583820 -0.563472 -0.017553 -0.051521 -0.157659 -0.015293 -0.362247 -0.297528 -0.461539 -0.297948 -0.382298 -0.365892 -0.372171 -0.314198 -0.374315 -0.022970 -0.139636 0.141761 -0.271884 -0.183836 -0.174477 0.088009 0.116544 0.068603
-0.321530 -0.162512 0.044069 0.072917 -0.056418 -0.046420 0.238047 0.095102 -0.133449 0.026508 0.352077 0.440884 0.253275 0.187265 0.275095 0.315734 0.251629 0.190522 -0.020430 -0.473570 0.747818 0.727818 0.515653 0.150959 0.357413 0.477134 0.220166 0.181679 0.469174 0.651188 0.939009 1.000000 0.431743 0.609866 -0.486071 -0.293893 -0.278457 -0.127438 -0.257504 -0.246366 0.090284 0.291522 0.116302 -0.035539 -0.030235 -0.048739 0.261816 -0.336764 -0.086982 -0.040929 -0.114537 -0.254201 -0.149935 -0.032670 -0.479658 -0.092424 0.194357 -0.220765 -0.290900 -0.342833 -0.418353 -0.338972 0.227261 0.025456 0.046402 -0.090218 -0.311633 -0.441646 -0.196851 -0.461102 0.463331 0.582634 0.515804 0.526804 0.388156 0.470479 0.028282 0.025264 0.286542 0.256830 0.257512 0.142215 0.303599 0.142712 0.136258 -0.091166 0.184513 -0.202789 -0.203714 -0.426022 -0.560790 -0.539882 -0.629750 -0.596359 0.052857 -0.070361 -0.087400 -0.008296 -0.313568 -0.284469 -0.433484 -0.329166 -0.331605 -0.344976 -0.344191 -0.255005 -0.389848 -0.064687 -0.227087 0.110030 -0.192440 -0.164091 -0.136954 0.184682 0.152034 0.123071
0.214247 -0.125359 -0.084394 -0.417106 -0.297896 -0.405475 0.210572 -0.453257 -0.253589 -0.259638 -0.166280 -0.071710 0.086854 -0.078268 0.212542 0.114309 0.097689 0.258056 0.135420 -0.193865 0.156141 0.113691 -0.092468 -0.341937 -0.074211 0.211422 -0.261731 -0.292817 0.577283 0.514652 0.391333 0.431743 1.000000 0.600278 -0.230849 -0.165366 0.221896 0.113910 0.137449 0.267683 0.396478 0.381341 -0.206739 0.055999 -0.088817 0.032738 0.189815 -0.074335 -0.200232 0.073379 -0.549368 -0.083048 -0.289014 -0.065604 -0.030055 0.542444 0.045012 -0.329015 -0.208973 -0.049368 -0.162318 -0.326084 0.266973 0.108256 -0.247395 -0.236732 0.017179 -0.183747 -0.136224 -0.199722 0.505249 0.376997 0.685619 0.478953 0.527906 0.443241 0.396481 0.226630 0.123901 0.372545 0.180630 0.285533 0.185392 0.256404 -0.108244 0.097939 -0.112956 0.163463 -0.074199 -0.020493 -0.469331 -0.397648 -0.469197 -0.330278 0.114244 0.218429 0.131742 0.204077 -0.124870 -0.054776 -0.430610 -0.277712 -0.326034 -0.131364 -0.315161 -0.268925 -0.468289 0.005748 -0.249498 -0.048884 -0.047431 -0.075788 -0.086184 0.107350 0.053993 0.094935
-0.120352 -0.094627 0.033578 -0.043910 -0.073390 -0.216871 0.375603 0.021993 -0.076990 -0.027650 -0.031977 0.084844 0.069528 0.064273 0.302590 0.069142 0.183366 0.094996 0.270876 0.031395 0.274146 0.290462 0.094061 0.055263 0.186501 0.332684 -0.018767 -0.062415 0.412456 0.414986 0.546057 0.609866 0.600278 1.000000 -0.188929 0.132055 0.014824 0.028574 -0.069747 0.069805 0.223678 0.329790 -0.082941 0.038801 0.023808 0.088173 -0.042467 -0.081561 -0.194955 -0.059523 -0.325097 -0.343878 -0.350181 -0.147405 -0.396638 -0.008564 0.060013 -0.300214 -0.379848 -0.315197 -0.149158 -0.320672 0.202102 -0.040819 0.093073 -0.146336 -0.165264 -0.086782 0.100002 -0.037517 0.462632 0.428380 0.456654 0.431238 0.297666 0.472783 0.250760 0.234787 0.204296 0.220575 0.332142 0.166701 0.348795 0.145881 0.000603 -0.070885 -0.082374 -0.175025 -0.038157 -0.289531 -0.537016 -0.319052 -0.580057 -0.391691 -0.024570 -0.164879 -0.090775 -0.054198 -0.460601 -0.389898 -0.509978 -0.392187 -0.413599 -0.400555 -0.519987 -0.327290 -0.423866 -0.119789 -0.344548 -0.075891 0.087962 -0.274404 -0.264751 -0.027128 -0.108127 0.080090
0.008229 -0.344276 0.153723 -0.051261 0.105382 -0.011462 -0.087581 -0.046189 0.119984 -0.154139 -0.204857 -0.457886 -0.372751 -0.335375 -0.157253 -0.373963 -0.269214 -0.266262 -0.013710 0.205053 -0.285273 -0.357494 -0.056106 0.157305 -0.038817 -0.212167 -0.048991 -0.007353 -0.331816 -0.515295 -0.482642 -0.486071 -0.230849 -0.188929 1.000000 0.621182 0.293657 0.249748 0.316097 0.221671 0.136683 -0.233948 -0.122715 -0.025305 0.106826 0.064113 -0.126207 0.151696 -0.090466 -0.129346 0.058986 0.036459 0.005498 0.050886 0.396580 0.114347 -0.263030 -0.093362 0.028272 -0.019321 0.022196 -0.036588 -0.313823 -0.200027 0.180724 0.154574 0.312629 0.458973 0.201419 0.286132 -0.283237 -0.321001 -0.291288 -0.332130 -0.144400 -0.210381 -0.020807 0.076068 -0.036393 -0.167224 -0.094228 -0.102726 -0.108862 -0.245094 0.029037 0.049546 -0.116182 0.070052 0.233928 0.349674 0.440711 0.310443 0.406831 0.360630 -0.016211 0.128291 0.266523 0.116530 0.218550 0.012032 0.283295 0.197246 0.239169 0.197341 0.172545 0.213732 0.064707 -0.066586 0.138050 -0.057527 0.291147 -0.087524 -0.055845 0.107460 0.086654 0.060215
-0.103815 -0.372877 0.314457 -0.092438 0.186506 0.004841 0.025667 0.002215 0.195569 0.021362 -0.051520 -0.516250 -0.102498 -0.237905 0.005315 -0.217179 -0.268994 -0.479380 0.154810 0.364852 -0.184569 -0.228600 0.026414 0.332374 0.113286 0.003676 0.009742 0.038019 -0.387212 -0.570124 -0.300101 -0.293893 -0.165366 0.132055 0.621182 1.000000 -0.085594 -0.082697 -0.065107 0.070547 -0.155082 -0.383631 -0.051186 0.003394 0.349817 0.301871 -0.154762 0.317761 0.149645 0.064602 -0.001032 0.048995 0.054757 -0.001016 0.032044 -0.105073 -0.152411 -0.174383 0.215134 0.203333 0.144626 0.115892 -0.427072 -0.501717 0.256991 0.183390 0.445507 0.696890 0.223588 0.531088 -0.006230 -0.062297 -0.373989 -0.399976 -0.290972 -0.203872 -0.223276 -0.072557 -0.300184 -0.390833 -0.106096 -0.428663 -0.056345 -0.401565 -0.242227 -0.291519 -0.097299 -0.094524 0.144268 0.218027 0.314311 0.403038 0.114763 0.232544 -0.178522 -0.311964 -0.049634 -0.121683 -0.020535 -0.049809 0.104242 0.102712 0.105234 0.107502 0.087176 0.203388 0.179346 -0.067584 0.139003 -0.236096 0.374477 -0.058109 -0.082605 -0.039182 -0.071957 0.093805
