1.000000 0.337808 -0.271070 -0.379760 -0.313155 -0.273021 -0.257512 -0.186083 -0.235734 -0.267289 0.102471 0.113263 0.155678 0.101254 -0.106976 -0.151336 0.220638 0.393998 -0.122681 0.197485 -0.303125 -0.196076 -0.220367 -0.161777 -0.296522 -0.398558 -0.268803 -0.307894 0.411018 0.465928 -0.179643 -0.266629 0.123488 -0.097623 -0.307526 -0.389586 0.331163 0.116074 -0.001981 0.213161 0.115869 0.243678 -0.171858 -0.146005 -0.290883 -0.319391 -0.030101 -0.080863 -0.309147 -0.174832 -0.268901 -0.338159 -0.085271 -0.305229 0.067020 -0.127938 0.414902 0.293699 0.106136 0.104750 0.116456 0.135259 0.336188 0.419053 -0.222729 -0.149485 -0.254976 -0.316551 0.054692 -0.021749 0.137793 0.001553 0.409610 0.323414 0.308143 0.199848 0.350833 0.228271 0.384522 0.367280 0.368457 0.527784 0.059951 0.346190 -0.078856 0.010821 0.138462 0.223041 0.171923 0.089129 -0.156461 -0.089415 0.050627 -0.000982 -0.051063 0.082599 -0.107303 -0.042487 0.126318 -0.059757 0.150889 -0.014256 0.027411 -0.036482 0.014593 0.032448 0.103660 0.006232 -0.065557 0.010090 -0.097623 -0.069830 0.129938 -0.021916 0.064045 0.001876
0.337808 1.000000 -0.435004 -0.229741 -0.386857 -0.299231 -0.620235 -0.240849 -0.283550 -0.414387 -0.028829 0.087391 -0.017977 0.067409 0.013047 -0.098829 0.249295 0.384666 -0.022291 0.193527 -0.280136 -0.144225 -0.182819 -0.302138 -0.140856 -0.308800 -0.249910 -0.310229 0.273811 0.263283 -0.137851 -0.244645 0.047569 -0.146177 -0.073673 -0.486136 0.443779 0.343107 0.181318 0.237124 0.243461 0.155868 -0.028438 -0.033933 -0.094885 -0.206272 0.024347 0.035854 -0.156077 -0.036549 -0.071608 -0.130717 -0.056439 -0.039355 0.148847 0.201870 0.479122 0.443995 -0.188779 0.026963 -0.132482 0.112902 0.277381 0.401533 -0.323019 -0.210064 -0.314743 -0.267950 0.137043 -0.097692 -0.119153 -0.194562 0.207272 0.321029 0.223991 0.152415 0.319772 0.231816 0.100173 0.226882 0.425437 0.410515 0.260866 0.115294 0.115226 -0.074974 0.123575 0.022679 0.074215 -0.157534 -0.150944 -0.222484 -0.172842 -0.077678 0.087739 0.089985 0.143244 0.056990 0.313068 0.284968 0.184577 0.080941 0.137093 -0.068464 0.080802 0.009622 -0.034989 -0.016316 -0.261182 -0.090005 -0.162837 0.170327 0.196775 0.070869 0.072040 0.228915
-0.271070 -0.435004 1.000000 0.393643 0.426286 0.420331 0.785260 0.384769 0.338083 0.345455 0.005369 -0.153397 0.166075 -0.154548 -0.199028 -0.145318 -0.223991 -0.294272 0.428373 0.161429 0.460783 0.231073 0.438512 0.248293 0.189404 0.403515 0.395100 0.454883 -0.312699 -0.234405 0.402219 0.350025 0.072864 0.199613 -0.126147 0.169050 -0.430584 -0.337968 -0.313274 -0.468513 -0.297548 -0.218129 -0.077654 0.002011 0.054371 0.130230 0.054478 -0.030592 0.019876 0.105212 -0.067748 0.053329 -0.109127 0.071642 -0.358369 -0.068450 -0.357403 -0.444627 0.033096 -0.135538 -0.137221 -0.196326 0.039177 -0.139449 0.274571 -0.199862 0.234897 0.024468 -0.197529 0.063828 0.087735 0.195132 -0.101063 -0.233659 -0.135048 -0.160855 -0.241133 -0.166957 -0.207672 -0.391237 -0.298604 -0.397476 -0.225595 -0.160043 -0.150184 0.089240 -0.306398 -0.301350 -0.368834 -0.095095 -0.053847 0.082117 0.168549 0.188807 -0.037455 -0.165946 0.030376 -0.099910 -0.207665 -0.174621 -0.037607 0.177351 0.143761 0.083792 -0.051757 -0.138072 -0.053293 0.023237 0.067413 -0.176267 0.096876 -0.011949 -0.014286 -0.150857 -0.012712 0.078907
-0.379760 -0.229741 0.393643 1.000000 -0.150750 0.000718 0.226705 0.672696 -0.224258 0.066937 0.145109 0.190963 -0.129066 0.043915 0.097008 0.220904 0.084067 -0.073044 0.570793 0.299613 0.081290 -0.102877 0.116917 0.267053 0.014448 -0.016388 0.055486 0.114489 -0.158895 -0.125451 0.211873 0.491474 -0.007832 0.444917 -0.106217 0.367901 -0.261794 -0.144090 0.052302 -0.076543 -0.014023 -0.097214 -0.393451 -0.305364 -0.227152 -0.128640 -0.339418 -0.334640 -0.147061 -0.171973 -0.179556 -0.149581 -0.069013 -0.039473 -0.232299 -0.106116 -0.227657 -0.261188 0.071077 -0.125691 0.074097 -0.055706 0.014678 -0.138468 0.475315 0.086569 0.165376 0.068216 0.043910 0.272587 0.016956 0.196677 -0.091273 -0.097336 0.019841 -0.047269 -0.115961 0.091164 -0.081112 -0.047471 -0.238553 -0.386680 0.330608 0.206090 0.111110 0.193080 0.088844 0.165844 0.123388 0.118965 0.142710 -0.051649 0.031494 -0.179747 -0.046287 -0.243533 -0.053325 0.040026 -0.351284 -0.332382 -0.273600 -0.214427 -0.205957 -0.302944 -0.233360 -0.273173 -0.159622 -0.135398 -0.018428 -0.077729 0.087060 -0.228961 -0.197644 -0.375459 -0.189437 -0.038553
-0.313155 -0.386857 0.426286 -0.150750 1.000000 0.744046 0.485318 -0.128505 0.892183 0.511650 -0.262759 -0.412881 0.219709 -0.243059 -0.220391 -0.318874 -0.274154 -0.309857 -0.208679 -0.228728 0.470296 0.492078 0.081156 -0.028945 0.118305 0.573567 0.789396 0.818813 -0.557505 -0.444660 -0.179982 -0.295976 -0.268428 -0.436120 0.130632 0.044850 -0.378197 -0.227369 -0.301153 -0.271890 -0.536114 -0.313685 0.390985 0.331673 0.402460 0.429851 0.232539 0.295623 0.299735 0.240546 0.269945 0.400937 0.098519 0.279635 -0.104344 0.137907 -0.216942 -0.246069 0.024209 0.133484 -0.156690 -0.080571 -0.076821 -0.186361 -0.197468 0.031750 0.107780 0.147252 -0.159808 -0.107298 -0.035283 -0.173117 -0.465673 -0.381231 -0.434108 -0.380530 -0.372323 -0.198746 -0.207805 -0.392379 -0.148170 -0.386265 -0.652703 -0.557881 -0.181100 -0.223123 -0.627367 -0.471561 -0.423472 0.088760 0.030687 0.033720 -0.027377 0.103608 0.075264 0.177188 0.149688 -0.040970 0.192098 0.192738 0.110345 0.285607 0.294662 0.436847 0.359960 0.142093 -0.014975 0.085163 0.213087 0.193059 -0.011338 0.066996 -0.015001 0.248504 -0.021884 -0.068318
-0.273021 -0.299231 0.420331 0.000718 0.744046 1.000000 0.459631 0.073024 0.651430 0.826319 -0.313905 -0.585292 -0.078084 -0.422793 -0.464518 -0.368571 -0.312877 -0.412681 -0.085743 -0.100100 0.334541 0.450158 -0.106049 -0.029379 0.128757 0.657973 0.801277 0.867356 -0.567203 -0.410814 -0.203371 -0.303210 -0.252658 -0.308500 0.208888 0.121423 -0.296473 -0.330247 -0.229844 -0.301683 -0.436333 -0.386966 0.433284 0.362371 0.447393 0.459949 0.442307 0.393095 0.293637 0.375914 0.119305 0.383035 0.157417 0.376864 -0.065735 0.224846 -0.265166 -0.413129 0.143705 0.066735 -0.020096 -0.016604 -0.061735 -0.188156 -0.110017 -0.098690 -0.012991 -0.043013 -0.222424 -0.166528 -0.054794 -0.110616 -0.387911 -0.384910 -0.459721 -0.406196 -0.363822 -0.322240 -0.330488 -0.502919 -0.198709 -0.557122 -0.619199 -0.664620 -0.108990 -0.354669 -0.288682 -0.488728 -0.201427 0.074779 -0.027399 0.024942 0.010214 0.110396 0.027206 0.251869 0.131104 -0.043995 0.335178 0.105331 0.147588 0.262716 0.417206 0.377106 0.387263 0.011653 -0.011348 0.019674 0.370809 0.209586 -0.005264 0.204970 0.132362 0.165174 -0.097289 -0.073235
-0.257512 -0.620235 0.785260 0.226705 0.485318 0.459631 1.000000 0.373444 0.514892 0.482909 -0.144844 -0.244394 0.205375 -0.205240 -0.168777 -0.178058 -0.401355 -0.409097 0.122674 0.084177 0.433133 0.324992 0.331333 0.290683 0.036077 0.362198 0.317006 0.425086 -0.418931 -0.333869 0.275864 0.218651 0.058962 0.146282 -0.074567 0.226091 -0.515812 -0.474391 -0.367844 -0.510743 -0.388919 -0.295559 0.049552 0.049527 0.089271 0.138356 0.111215 0.011666 0.158570 0.133124 0.025675 0.166767 -0.018583 0.124495 -0.353253 -0.188554 -0.490541 -0.492625 0.114805 -0.069386 -0.023279 -0.075880 -0.192108 -0.266900 0.296738 -0.052322 0.248333 0.080577 -0.061269 0.207307 0.142755 0.188011 -0.128975 -0.363261 -0.255120 -0.355465 -0.420110 -0.359429 -0.207412 -0.404092 -0.447361 -0.466105 -0.404930 -0.304964 -0.218658 -0.056847 -0.337068 -0.355977 -0.335187 0.017405 0.107879 0.227038 0.314774 0.295994 -0.046319 -0.221398 -0.091761 0.100136 -0.184434 -0.108476 -0.042895 0.304857 0.178507 0.289285 0.128305 0.128336 -0.041895 0.088172 0.079286 -0.019097 0.090706 -0.013621 -0.000951 -0.034782 0.127851 -0.017743
-0.186083 -0.240849 0.384769 0.672696 -0.128505 0.073024 0.373444 1.000000 -0.170173 0.273031 -0.165725 0.110532 -0.112049 0.325430 -0.004537 0.336509 -0.019815 -0.055268 0.274116 0.397098 0.196119 0.053628 0.101571 0.150670 -0.196331 -0.132372 -0.088821 0.020274 -0.009486 0.155045 0.324407 0.492805 0.175347 0.491307 -0.250630 0.178500 -0.126340 -0.223300 -0.089846 -0.165938 0.127827 0.037397 -0.302483 -0.250331 -0.261249 -0.281011 -0.206130 -0.267033 -0.191102 -0.095198 -0.299411 -0.271291 -0.221712 -0.232639 -0.404594 -0.376339 -0.137695 -0.279356 0.151340 -0.109761 0.285498 0.261308 0.187793 0.015869 0.292133 -0.169935 -0.020075 -0.259449 -0.113409 0.072353 0.187101 0.418673 0.181648 0.076957 0.190373 0.132169 -0.137650 -0.019507 -0.070743 -0.073699 -0.089170 -0.260697 0.116796 0.066353 -0.046690 -0.003441 0.091075 -0.115672 0.088957 -0.083360 0.127129 -0.013045 0.056479 -0.046854 -0.097560 -0.238076 -0.259215 0.079821 -0.401555 -0.271591 -0.104005 0.014553 -0.099899 -0.056998 -0.214928 -0.228309 -0.063072 -0.133609 -0.049081 -0.147468 0.068378 -0.082972 -0.194605 -0.295191 -0.082009 -0.021682
-0.235734 -0.283550 0.338083 -0.224258 0.892183 0.651430 0.514892 -0.170173 1.000000 0.467300 -0.263661 -0.348635 0.354239 -0.179655 -0.162624 -0.295721 -0.361393 -0.309738 -0.244560 -0.169858 0.421651 0.424409 0.044150 -0.093573 -0.027501 0.427801 0.601267 0.644567 -0.447519 -0.373503 -0.226999 -0.410538 -0.193412 -0.444016 0.004941 -0.090852 -0.313342 -0.325160 -0.385396 -0.286302 -0.584584 -0.297966 0.432883 0.295360 0.328410 0.314340 0.295416 0.292448 0.289092 0.250918 0.275418 0.409889 0.113871 0.353505 -0.048369 0.097629 -0.300308 -0.292670 -0.067640 0.127676 -0.203770 0.029687 -0.127807 -0.144597 -0.261376 0.057487 -0.014387 0.007218 -0.034129 -0.027220 -0.072989 -0.218417 -0.356687 -0.301787 -0.398007 -0.445657 -0.354737 -0.251075 -0.149682 -0.412164 -0.115007 -0.360253 -0.594192 -0.558817 -0.171299 -0.201258 -0.691224 -0.528424 -0.485179 0.179554 0.086566 0.006242 0.126176 0.200191 0.136513 0.083767 0.077217 -0.008180 0.273191 0.267431 0.171369 0.430248 0.428451 0.549511 0.402165 0.308451 -0.049831 0.177379 0.155753 0.081832 -0.150141 0.080182 0.036936 0.352545 0.143432 -0.161873
-0.267289 -0.414387 0.345455 0.066937 0.511650 0.826319 0.482909 0.273031 0.467300 1.000000 -0.257675 -0.500904 -0.130418 -0.279908 -0.352889 -0.143629 -0.333532 -0.579428 -0.104540 -0.135950 0.282885 0.372326 -0.088426 0.095265 0.087693 0.531499 0.518329 0.624786 -0.466831 -0.400276 -0.155621 -0.146611 -0.173995 -0.153768 0.191965 0.224860 -0.322405 -0.393741 -0.231916 -0.337096 -0.377322 -0.388270 0.390902 0.313694 0.383792 0.407738 0.455893 0.360316 0.330127 0.411645 0.121939 0.385029 0.180019 0.390000 -0.085242 0.027976 -0.342365 -0.522555 0.241144 0.038157 0.100983 0.085312 -0.220772 -0.366159 -0.010176 0.023961 -0.031236 -0.068548 -0.233255 -0.157472 -0.045740 -0.025279 -0.350260 -0.432180 -0.437633 -0.372088 -0.373868 -0.410474 -0.320678 -0.484505 -0.307153 -0.642086 -0.537396 -0.638156 -0.110913 -0.345363 -0.092389 -0.376967 -0.043478 0.088164 0.040562 0.156976 0.094584 0.162726 -0.024993 0.215364 0.008301 0.058779 0.229315 0.117569 0.076124 0.176736 0.225412 0.359336 0.295170 0.061149 -0.102405 0.111504 0.349870 0.190876 0.043792 0.108630 0.018562 0.168518 -0.069090 -0.037344
0.102471 -0.028829 0.005369 0.145109 -0.262759 -0.313905 -0.144844 -0.165725 -0.263661 -0.257675 1.000000 0.472206 0.346002 0.057542 0.538922 0.189199 0.405855 -0.007055 0.240589 -0.195954 -0.023584 -0.236927 0.271428 0.246506 0.298837 0.090081 -0.151391 -0.200779 0.221313 -0.025034 0.156217 0.296890 -0.031326 0.146879 -0.033330 0.095586 -0.007898 0.212453 0.041307 0.111844 0.100462 0.121212 -0.358840 -0.398990 -0.342778 -0.225343 -0.343724 -0.370665 -0.152780 -0.361552 0.063052 -0.095681 -0.159218 0.022333 -0.049919 0.007849 0.003468 0.045554 -0.237696 -0.251403 -0.103702 -0.412712 -0.264172 -0.172789 0.391477 0.239800 0.112792 0.232410 0.020888 0.019520 -0.030842 0.080360 -0.040376 0.047798 0.091149 -0.083766 0.207588 0.177322 0.171872 0.186632 -0.166003 0.173674 0.574198 0.421892 0.345262 0.454410 0.030378 0.412870 0.035555 0.066889 -0.276994 -0.210562 0.060593 -0.105519 -0.120666 -0.158045 -0.120134 -0.013876 -0.237178 -0.338668 -0.240357 -0.372677 -0.274957 -0.476806 -0.196974 -0.217518 -0.256475 0.050988 -0.180386 -0.303004 0.197514 -0.318205 -0.199652 -0.156660 -0.121586 -0.072551
0.113263 0.087391 -0.153397 0.190963 -0.412881 -0.585292 -0.244394 0.110532 -0.348635 -0.500904 0.472206 1.000000 0.214254 0.536332 0.396075 0.379821 0.353515 0.231874 0.108420 0.086143 -0.233735 -0.272829 0.248374 0.258216 0.024323 -0.266937 -0.480940 -0.529750 0.327789 0.176864 0.188699 0.347441 0.232386 0.182422 -0.170886 -0.019624 0.110126 0.216871 -0.073069 0.063108 0.243784 0.260528 -0.330466 -0.410256 -0.416929 -0.369214 -0.459597 -0.504762 -0.253111 -0.378640 0.078579 -0.251212 -0.128390 -0.225214 -0.291658 -0.272787 0.117638 0.108738 -0.197411 -0.155477 0.013935 -0.136998 0.079657 -0.090086 0.199114 0.137828 0.123404 0.146484 0.185326 0.145732 -0.008732 0.177193 0.143185 0.251995 0.342170 0.201798 0.182335 0.211254 0.289552 0.327549 0.207806 0.304509 0.517538 0.496429 0.293688 0.512478 -0.017196 0.251216 -0.019405 -0.092204 -0.004566 -0.021929 0.113909 0.089425 -0.186858 -0.376555 -0.450439 0.006023 -0.423059 -0.238084 -0.297941 -0.024015 -0.282958 -0.372275 -0.379323 -0.167915 -0.162091 0.041626 -0.339080 -0.422050 0.060252 -0.399881 -0.305636 -0.219600 -0.037402 -0.002467
0.155678 -0.017977 0.166075 -0.129066 0.219709 -0.078084 0.205375 -0.112049 0.354239 -0.130418 0.346002 0.214254 1.000000 0.305275 0.448321 0.113102 0.184488 0.133894 0.016797 0.102379 0.203321 -0.013492 0.057871 0.063527 -0.279177 -0.163658 0.037261 0.072411 0.118834 0.117551 -0.235691 -0.159958 0.048343 -0.137029 -0.456705 -0.230153 -0.037109 0.074623 -0.256878 0.037177 -0.152307 0.141132 -0.040525 -0.143087 -0.225701 -0.206315 -0.050755 -0.071599 -0.134079 -0.130846 -0.066189 -0.049611 -0.153910 -0.074434 -0.206510 -0.036970 -0.038719 -0.009773 -0.134728 -0.009314 -0.161658 -0.061496 0.098822 0.179969 -0.197247 0.036880 -0.147389 -0.092483 0.193793 0.237683 -0.058920 -0.079409 0.023367 -0.088291 0.045902 -0.127003 -0.019630 0.128588 0.261875 0.015418 0.011926 0.203261 -0.001363 0.288243 -0.254349 0.173319 -0.641505 -0.034306 -0.596520 0.036636 0.136356 -0.051499 0.196425 0.012533 0.089896 -0.156809 -0.163965 0.162875 -0.079320 -0.044129 0.089477 0.353896 0.080527 0.199362 0.072498 0.126796 -0.185473 0.229709 -0.271096 -0.202394 0.112004 -0.076342 -0.012925 0.127032 0.081990 -0.140960
0.101254 0.067409 -0.154548 0.043915 -0.243059 -0.422793 -0.205240 0.325430 -0.179655 -0.279908 0.057542 0.536332 0.305275 1.000000 0.400759 0.666195 0.086276 0.223763 -0.126667 0.177008 -0.096062 -0.140493 0.168908 0.119544 -0.168100 -0.522787 -0.409905 -0.378449 0.485524 0.530059 0.110136 0.222679 0.139292 0.261529 -0.476531 -0.104570 0.241210 0.239824 -0.053176 0.084918 0.364276 0.544099 -0.206627 -0.312672 -0.334466 -0.412336 -0.275225 -0.352532 -0.314917 -0.213592 -0.077539 -0.342701 -0.167793 -0.319272 -0.273684 -0.375809 0.144973 0.017651 -0.137470 -0.193330 0.218611 0.316257 0.220885 0.195498 -0.156357 -0.076321 -0.282652 -0.283782 -0.030488 -0.043179 0.140626 0.334556 0.329238 0.408988 0.489569 0.435976 0.147034 0.334807 0.103799 0.181417 0.400920 0.271853 0.312246 0.350519 0.050938 0.085891 -0.083485 -0.006439 -0.031742 -0.115301 0.091567 -0.068838 0.023135 0.002570 -0.213779 -0.330888 -0.389695 -0.037210 -0.302974 -0.213258 -0.119731 0.050084 -0.256931 -0.080715 -0.349396 -0.138564 0.002903 -0.033453 -0.269301 -0.317060 0.003657 -0.192248 -0.258845 0.027501 0.050251 -0.120128
-0.106976 0.013047 -0.199028 0.097008 -0.220391 -0.464518 -0.168777 -0.004537 -0.162624 -0.352889 0.538922 0.396075 0.448321 0.400759 1.000000 0.574225 0.289130 0.141314 0.001603 -0.196267 0.036578 -0.198929 0.166114 0.080342 -0.005148 -0.274544 -0.299045 -0.289012 0.298389 0.154323 -0.009294 0.175310 -0.055305 0.195618 -0.108679 0.171589 0.132322 0.341611 0.202111 0.265989 0.200205 0.317843 -0.349282 -0.427836 -0.386584 -0.362169 -0.475961 -0.472906 -0.216263 -0.404313 0.009283 -0.181772 -0.048016 -0.183226 -0.026408 -0.074090 0.017421 0.193145 -0.240950 -0.159336 0.211759 0.010450 -0.195132 0.010343 0.329859 0.322764 -0.023317 0.115051 0.081805 0.029122 -0.018270 0.118536 0.053851 0.098380 0.138220 0.083633 0.135824 0.278234 0.124870 0.157067 -0.045282 0.211806 0.530718 0.389810 0.199967 0.172299 -0.250973 0.198620 -0.077719 0.000975 0.000424 -0.154485 -0.036335 -0.232060 -0.025545 -0.163235 -0.103544 0.143315 -0.302632 -0.190854 -0.216791 -0.211929 -0.389846 -0.383376 -0.185306 -0.147346 -0.159892 -0.094616 -0.312166 -0.198290 0.190887 -0.248450 -0.240649 0.065720 0.030444 -0.152366
-0.151336 -0.098829 -0.145318 0.220904 -0.318874 -0.368571 -0.178058 0.336509 -0.295721 -0.143629 0.189199 0.379821 0.113102 0.666195 0.574225 1.000000 0.066706 0.028398 0.009566 0.063425 -0.058592 -0.223897 0.123026 0.197182 0.017034 -0.321999 -0.388424 -0.345254 0.433836 0.409290 0.208285 0.372506 0.132098 0.479125 -0.231173 0.254586 0.246558 0.228869 0.133306 0.125272 0.314497 0.484652 -0.326278 -0.419347 -0.397024 -0.362501 -0.381325 -0.459086 -0.302827 -0.293989 -0.129594 -0.308524 -0.076820 -0.294035 -0.207114 -0.300760 -0.052851 -0.050125 -0.213203 -0.282417 0.378501 0.381367 0.013810 0.010152 0.212929 0.177955 -0.193247 -0.141195 0.044027 0.059552 0.116625 0.313667 0.224408 0.261110 0.397602 0.370274 0.189688 0.244076 0.063985 0.200452 0.174977 0.059985 0.426938 0.369857 0.202860 0.112718 0.052253 0.075449 0.111498 -0.054136 0.113349 -0.120207 0.049504 -0.142873 -0.221094 -0.301196 -0.268726 -0.030540 -0.365743 -0.349401 -0.204159 -0.190077 -0.466862 -0.379390 -0.526207 -0.319485 -0.054938 -0.113831 -0.156276 -0.292923 0.180177 -0.233544 -0.091602 0.082905 -0.119703 -0.228418
0.220638 0.249295 -0.223991 0.084067 -0.274154 -0.312877 -0.401355 -0.019815 -0.361393 -0.333532 0.405855 0.353515 0.184488 0.086276 0.289130 0.066706 1.000000 0.631217 0.291140 0.162404 -0.055332 -0.249241 -0.324319 -0.261201 -0.389871 -0.241221 -0.193433 -0.211364 0.340612 0.316531 -0.085139 0.115144 0.120197 -0.017940 -0.149358 -0.150564 0.303727 0.377302 0.021502 0.438615 0.167402 0.346566 -0.299607 -0.280632 -0.291492 -0.276161 -0.255779 -0.249890 -0.230094 -0.308286 -0.319021 -0.318563 -0.222746 -0.229422 0.004667 0.183159 0.590262 0.553031 -0.209089 -0.208297 -0.113281 -0.174335 0.299192 0.259314 0.021017 -0.055514 -0.153874 -0.139874 -0.062985 -0.165463 0.043176 -0.006202 0.245753 0.237121 0.314655 0.189053 0.500941 0.429015 0.607169 0.527149 0.219914 0.459100 0.348359 0.551642 -0.025335 0.341292 -0.088563 0.280537 -0.108079 -0.270900 -0.083665 -0.180988 -0.073965 -0.443011 0.060578 0.271322 0.069486 0.032227 -0.120235 0.071134 0.086677 -0.154646 0.052531 -0.418514 -0.181201 -0.188540 -0.097992 0.015971 0.028399 -0.067645 -0.058538 0.029709 0.030049 -0.291086 -0.102925 0.188093
0.393998 0.384666 -0.294272 -0.073044 -0.309857 -0.412681 -0.409097 -0.055268 -0.309738 -0.579428 -0.007055 0.231874 0.133894 0.223763 0.141314 0.028398 0.631217 1.000000 0.147600 0.407042 -0.191084 -0.280801 -0.338749 -0.400035 -0.469358 -0.518258 -0.286997 -0.319633 0.527910 0.653735 -0.001695 -0.017669 0.313694 0.105450 -0.339418 -0.291389 0.399139 0.400172 0.070109 0.354684 0.346885 0.486207 -0.366028 -0.285301 -0.420007 -0.464042 -0.319019 -0.247856 -0.502961 -0.390567 -0.505531 -0.599482 -0.293802 -0.457933 0.035047 -0.013284 0.612261 0.698921 -0.147879 0.038798 0.004689 0.077973 0.612968 0.723810 -0.146879 -0.259331 -0.234920 -0.350182 -0.024255 -0.087050 0.073834 0.041541 0.505733 0.491160 0.498112 0.443136 0.464376 0.570258 0.545716 0.592792 0.490877 0.705660 0.307805 0.582786 -0.085780 0.235408 -0.164386 0.062008 -0.113676 -0.268152 -0.015574 -0.151983 -0.067104 -0.312172 -0.016446 0.115398 -0.011925 -0.127078 -0.100786 0.030344 0.181199 0.013412 0.174276 -0.180249 -0.149059 -0.126742 0.215867 -0.182693 -0.154062 -0.032354 -0.321276 0.078992 0.141925 -0.200064 -0.023016 -0.044229
-0.122681 -0.022291 0.428373 0.570793 -0.208679 -0.085743 0.122674 0.274116 -0.244560 -0.104540 0.240589 0.108420 0.016797 -0.126667 0.001603 0.009566 0.291140 0.147600 1.000000 0.438559 0.206443 -0.166350 0.028831 -0.025738 -0.093827 -0.093478 -0.048026 -0.039308 0.158691 0.149982 0.267717 0.422809 0.275779 0.380231 -0.186684 0.034022 0.101507 0.062938 -0.030990 -0.027757 0.039355 0.084842 -0.339277 -0.225354 -0.228067 -0.233967 -0.134930 -0.238420 -0.212816 -0.134137 -0.360638 -0.233948 -0.185597 -0.109294 -0.069950 0.124268 -0.100451 -0.072315 -0.103107 -0.233088 -0.221608 -0.249492 0.126956 -0.015303 0.260319 -0.300320 0.135877 -0.207982 0.063286 0.162918 0.061613 0.182958 0.234279 0.136463 0.238762 0.107551 0.303031 0.296581 0.163318 0.159470 -0.164712 -0.058291 0.297847 0.335581 -0.039487 0.291028 -0.013140 0.082772 -0.057692 -0.082244 0.006450 -0.013210 0.205405 -0.164534 0.144968 -0.045535 0.219885 -0.063444 -0.202403 -0.035590 0.097998 0.024157 0.136057 -0.308694 -0.262903 -0.334617 -0.059777 -0.014601 0.038694 -0.133671 -0.033485 -0.015622 0.114020 -0.138079 -0.092539 0.102068
0.197485 0.193527 0.161429 0.299613 -0.228728 -0.100100 0.084177 0.397098 -0.169858 -0.135950 -0.195954 0.086143 0.102379 0.177008 -0.196267 0.063425 0.162404 0.407042 0.438559 1.000000 -0.058569 -0.172747 -0.152260 0.054818 -0.445339 -0.449043 -0.159662 -0.093365 0.255528 0.434443 0.145918 0.193958 0.388842 0.398840 -0.432764 -0.242003 0.087482 0.008860 -0.253218 -0.101711 0.053985 0.282711 -0.263171 -0.192931 -0.243513 -0.374329 -0.118305 -0.190321 -0.310575 -0.137854 -0.487503 -0.396808 -0.123139 -0.309307 -0.323753 -0.162229 0.157426 0.096839 0.046989 -0.097262 0.085156 0.242613 0.374581 0.417947 -0.062477 -0.415257 -0.238943 -0.455215 0.185155 0.396036 0.206123 0.211707 0.389670 0.221076 0.329688 0.153354 0.146255 0.211174 0.365020 0.359457 0.117558 0.211066 0.026443 0.406246 -0.377870 -0.066578 -0.052431 -0.083196 -0.045713 -0.170256 0.277950 0.185151 0.201788 -0.012084 -0.111349 -0.072982 -0.234993 0.130108 -0.184830 -0.069052 0.116580 0.298686 0.209702 0.179800 -0.199649 -0.020452 0.082804 -0.004263 -0.149492 -0.135358 -0.135468 0.074610 0.282085 -0.250402 0.093398 -0.124792
-0.303125 -0.280136 0.460783 0.081290 0.470296 0.334541 0.433133 0.196119 0.421651 0.282885 -0.023584 -0.233735 0.203321 -0.096062 0.036578 -0.058592 -0.055332 -0.191084 0.206443 -0.058569 1.000000 0.633772 0.265291 0.053396 0.033167 0.173626 0.396281 0.422146 -0.187290 -0.099582 0.251538 0.174084 -0.130805 0.028120 -0.012098 0.009778 -0.127811 -0.053812 -0.052208 -0.116850 -0.165882 -0.067685 0.074389 0.051781 0.046715 -0.038344 0.080476 0.059723 0.054326 0.037664 0.035392 0.143243 -0.199750 0.076946 -0.108445 -0.157592 -0.221554 -0.172454 -0.118316 -0.244762 -0.183115 -0.227315 -0.113831 -0.183656 0.051277 -0.289199 -0.035873 -0.136448 -0.113065 -0.032695 0.323311 0.273562 -0.004426 -0.010757 -0.066882 -0.176976 -0.102534 -0.006239 -0.026132 -0.228008 -0.191701 -0.165855 -0.212775 -0.241530 -0.160052 0.049883 -0.352858 -0.354741 -0.242274 -0.081621 -0.067586 -0.124610 -0.105687 0.022441 0.339838 0.035194 0.092595 -0.055216 -0.029384 0.047430 -0.048847 0.163020 0.160441 0.125990 0.033799 0.076421 -0.264305 0.178563 0.095100 0.025545 0.099782 0.148335 -0.024338 0.115592 0.092769 0.040410
-0.196076 -0.144225 0.231073 -0.102877 0.492078 0.450158 0.324992 0.053628 0.424409 0.372326 -0.236927 -0.272829 -0.013492 -0.140493 -0.198929 -0.223897 -0.249241 -0.280801 -0.166350 -0.172747 0.633772 1.000000 0.172383 0.031178 0.105214 0.265183 0.480496 0.449534 -0.351654 -0.138834 0.061891 -0.059316 -0.254505 -0.202982 0.053520 -0.120934 -0.143449 -0.131260 0.040985 -0.223171 -0.116844 -0.167229 0.259645 0.225049 0.274033 0.255677 0.195374 0.209825 0.104814 0.193043 0.167860 0.257853 -0.027889 0.198359 -0.220390 -0.280574 -0.016747 -0.101839 0.157925 0.024854 -0.201182 -0.285975 -0.115871 -0.106124 -0.171956 -0.260454 0.040828 0.039195 -0.049625 -0.082962 0.281445 0.201074 -0.120480 -0.019242 -0.085051 -0.152089 -0.217717 -0.089724 -0.187393 -0.293045 -0.106438 -0.097316 -0.418940 -0.436313 -0.249823 -0.136375 -0.207795 -0.414653 -0.188556 -0.075042 0.041711 -0.062325 -0.119863 0.072985 0.287635 -0.040864 -0.095295 0.004471 0.190465 0.128167 -0.151601 0.172217 0.049017 0.279830 0.192810 0.198908 -0.277270 0.165986 0.053426 -0.029297 -0.019624 0.098299 -0.013734 0.221035 0.007705 0.004778
-0.220367 -0.182819 0.438512 0.116917 0.081156 -0.106049 0.331333 0.101571 0.044150 -0.088426 0.271428 0.248374 0.057871 0.168908 0.166114 0.123026 -0.324319 -0.338749 0.028831 -0.152260 0.265291 0.172383 1.000000 0.570019 0.611187 0.250111 0.033950 -0.012596 -0.087235 -0.168378 0.553871 0.449809 -0.055003 0.289030 -0.021195 0.071531 -0.343741 -0.008743 -0.097315 -0.395359 0.021729 -0.079815 -0.118320 -0.093319 -0.097912 -0.037672 -0.260613 -0.178648 -0.072160 -0.140277 0.452301 0.050519 0.029769 0.006075 -0.230947 -0.371415 -0.353910 -0.304329 -0.108365 -0.207021 -0.027004 -0.250585 -0.319659 -0.340458 0.357623 0.091796 0.209380 0.275683 -0.048259 0.066007 0.231587 0.309722 -0.109742 -0.034621 0.014771 -0.106795 -0.243000 -0.123795 -0.296500 -0.177981 -0.111080 -0.071373 0.150148 -0.076610 0.196957 0.235691 0.022996 -0.086590 0.050569 -0.033947 -0.159414 0.111707 -0.153465 0.260778 -0.282690 -0.425264 -0.199833 -0.113840 -0.326870 -0.267895 -0.392976 -0.207436 -0.297109 -0.200151 -0.262927 -0.206604 -0.154153 -0.135156 -0.213234 -0.257539 0.324777 -0.171823 -0.348375 -0.086981 -0.055073 0.058627
-0.161777 -0.302138 0.248293 0.267053 -0.028945 -0.029379 0.290683 0.150670 -0.093573 0.095265 0.246506 0.258216 0.063527 0.119544 0.080342 0.197182 -0.261201 -0.400035 -0.025738 0.054818 0.053396 0.031178 0.570019 1.000000 0.448480 0.175303 0.067745 0.088219 -0.193755 -0.294113 0.243997 0.408897 -0.123507 0.289125 0.039101 0.277581 -0.377405 -0.109372 -0.033843 -0.289152 -0.089402 -0.101681 -0.083286 -0.143066 -0.138610 -0.031678 -0.210432 -0.140919 -0.059579 -0.179550 0.340348 0.080960 0.181882 0.089057 -0.290291 -0.210593 -0.335560 -0.441245 -0.061412 -0.380481 0.121793 -0.262983 -0.332248 -0.447610 0.400647 0.232949 0.141281 0.352238 0.292429 0.540215 0.210107 0.290730 -0.264534 -0.281387 -0.112823 -0.220747 -0.350734 -0.256335 -0.096883 -0.078986 -0.194739 -0.202068 0.076299 0.057429 0.091418 0.188692 0.165695 0.167259 0.197821 0.255419 0.055741 0.204377 -0.037789 0.167292 -0.354850 -0.387905 -0.356984 0.268473 -0.329701 -0.347971 -0.557502 -0.179909 -0.392892 -0.112957 -0.176816 -0.152909 -0.166261 -0.130740 -0.133139 -0.040424 0.590438 -0.200614 -0.235928 -0.193775 -0.239190 -0.135418
-0.296522 -0.140856 0.189404 0.014448 0.118305 0.128757 0.036077 -0.196331 -0.027501 0.087693 0.298837 0.024323 -0.279177 -0.168100 -0.005148 0.017034 -0.389871 -0.469358 -0.093827 -0.445339 0.033167 0.105214 0.611187 0.448480 1.000000 0.571786 0.270291 0.148029 -0.190031 -0.353950 0.382935 0.277075 -0.171428 0.073285 0.396117 0.207134 -0.205467 -0.022152 0.175157 -0.267727 0.037744 -0.213783 -0.036061 -0.013963 0.068378 0.136900 -0.138284 -0.034074 0.025253 -0.066290 0.404917 0.165692 0.090246 0.251595 0.080891 -0.027229 -0.308272 -0.299387 -0.058953 -0.084398 -0.097661 -0.317813 -0.309634 -0.399311 0.285724 0.107706 0.365837 0.449972 0.017778 -0.055240 -0.086567 0.005994 -0.311047 -0.153165 -0.156699 -0.169906 -0.230501 -0.256769 -0.437483 -0.294556 -0.083779 -0.240660 0.167657 -0.249708 0.493284 0.149767 0.248993 0.040879 0.222015 0.111953 -0.392376 0.014121 -0.246514 0.202518 -0.218254 -0.161578 0.024542 -0.172010 -0.057782 -0.214432 -0.313753 -0.339900 -0.334983 -0.206299 -0.158937 -0.228118 -0.025114 -0.231145 -0.018767 -0.051210 0.391583 -0.077922 -0.152739 0.015812 -0.240171 -0.073867
-0.398558 -0.308800 0.403515 -0.016388 0.573567 0.657973 0.362198 -0.132372 0.427801 0.531499 0.090081 -0.266937 -0.163658 -0.522787 -0.274544 -0.321999 -0.241221 -0.518258 -0.093478 -0.449043 0.173626 0.265183 0.250111 0.175303 0.571786 1.000000 0.636081 0.591690 -0.596128 -0.651336 0.047881 -0.022519 -0.226194 -0.263154 0.428261 0.273884 -0.374717 -0.220352 -0.098364 -0.303203 -0.344787 -0.468937 0.249296 0.215572 0.332999 0.489385 0.135181 0.198611 0.285106 0.177059 0.394320 0.381438 0.086198 0.366474 -0.043195 0.203559 -0.302289 -0.323797 -0.011418 0.064542 -0.161275 -0.295893 -0.268500 -0.424834 0.209999 0.255182 0.406144 0.495906 -0.134286 -0.167396 -0.246702 -0.273331 -0.567698 -0.496745 -0.505924 -0.426434 -0.358171 -0.403301 -0.383569 -0.456331 -0.261225 -0.488358 -0.304288 -0.558096 0.182506 -0.017517 -0.125508 -0.234546 -0.149900 0.048417 -0.249629 -0.062378 0.008821 0.132845 -0.182968 0.142792 0.167251 -0.051749 0.054988 -0.037504 -0.011526 -0.065355 0.145316 0.062939 0.283908 -0.095967 0.054539 -0.064566 0.263796 0.113099 0.191687 -0.037752 -0.092473 0.050431 -0.114951 0.010130
-0.268803 -0.249910 0.395100 0.055486 0.789396 0.801277 0.317006 -0.088821 0.601267 0.518329 -0.151391 -0.480940 0.037261 -0.409905 -0.299045 -0.388424 -0.193433 -0.286997 -0.048026 -0.159662 0.396281 0.480496 0.033950 0.067745 0.270291 0.636081 1.000000 0.950093 -0.581167 -0.424614 -0.215176 -0.248602 -0.383571 -0.348482 0.176845 0.027183 -0.273787 -0.156492 -0.014551 -0.111272 -0.477649 -0.331300 0.333994 0.342500 0.395588 0.388812 0.225941 0.348082 0.193842 0.256471 0.196386 0.330410 0.043877 0.289046 0.027308 0.290193 -0.163162 -0.249757 0.117831 0.063540 -0.143819 -0.269629 -0.034953 -0.126270 -0.149813 -0.107073 0.048412 0.078779 -0.176484 -0.123174 -0.064864 -0.198634 -0.512790 -0.424528 -0.468099 -0.449051 -0.377077 -0.184580 -0.230437 -0.381744 -0.126592 -0.384249 -0.448847 -0.467462 -0.111152 -0.239709 -0.384250 -0.309967 -0.212147 0.121603 -0.079775 -0.065495 -0.245974 -0.020006 0.096358 0.188220 0.256047 -0.040614 0.263120 0.025922 -0.060081 0.088251 0.164458 0.246633 0.357663 0.010603 0.015853 -0.029870 0.269751 0.251234 0.103242 0.133116 0.132380 0.129748 -0.177674 -0.002162
-0.307894 -0.310229 0.454883 0.114489 0.818813 0.867356 0.425086 0.020274 0.644567 0.624786 -0.200779 -0.529750 0.072411 -0.378449 -0.289012 -0.345254 -0.211364 -0.319633 -0.039308 -0.093365 0.422146 0.449534 -0.012596 0.088219 0.148029 0.591690 0.950093 1.000000 -0.619815 -0.452926 -0.228122 -0.254515 -0.340551 -0.289569 0.179177 0.112147 -0.346318 -0.188245 -0.129033 -0.193807 -0.502687 -0.337393 0.348121 0.332165 0.408125 0.420796 0.271785 0.351795 0.261737 0.295514 0.149566 0.372591 0.107393 0.296045 -0.081633 0.278248 -0.201369 -0.311949 0.131441 0.040503 -0.037276 -0.170978 -0.058604 -0.149145 -0.078255 -0.063811 0.017136 0.044645 -0.213136 -0.090000 0.005717 -0.116293 -0.500951 -0.452665 -0.502461 -0.461832 -0.395835 -0.185521 -0.256057 -0.411229 -0.246284 -0.480465 -0.542174 -0.507391 -0.187780 -0.302441 -0.426441 -0.385425 -0.249822 0.108540 0.019168 -0.021947 -0.144947 -0.013437 0.065986 0.187460 0.206914 -0.000998 0.231004 0.033432 -0.039214 0.153805 0.237238 0.296139 0.396268 0.036614 -0.023682 0.045417 0.251780 0.243990 0.077055 0.135642 0.094536 0.110332 -0.169158 -0.011846
0.411018 0.273811 -0.312699 -0.158895 -0.557505 -0.567203 -0.418931 -0.009486 -0.447519 -0.466831 0.221313 0.327789 0.118834 0.485524 0.298389 0.433836 0.340612 0.527910 0.158691 0.255528 -0.187290 -0.351654 -0.087235 -0.193755 -0.190031 -0.596128 -0.581167 -0.619815 1.000000 0.796158 0.197162 0.209125 0.336346 0.338635 -0.371453 -0.277604 0.675271 0.359951 0.159149 0.275766 0.579464 0.669625 -0.445038 -0.397240 -0.543020 -0.583180 -0.311484 -0.394857 -0.636857 -0.406118 -0.540994 -0.681620 -0.465947 -0.498215 0.092909 -0.217416 0.208494 0.224661 -0.172643 -0.158544 0.102794 0.187135 0.448547 0.418871 -0.126177 -0.260748 -0.314560 -0.460721 -0.036853 -0.140799 0.221198 0.323337 0.806757 0.716492 0.759834 0.629891 0.713479 0.577429 0.501582 0.487243 0.507335 0.560632 0.568079 0.516066 0.203789 0.250800 0.218396 0.209545 0.244247 -0.055231 -0.285718 -0.199761 0.048938 -0.081368 -0.069369 0.028403 -0.072221 -0.126716 -0.231701 -0.168125 0.125546 -0.021927 -0.047254 -0.269694 -0.384734 -0.328656 0.055768 -0.086674 -0.019518 -0.251483 -0.127470 -0.068678 0.047771 0.034489 -0.025276 -0.080832
0.465928 0.263283 -0.234405 -0.125451 -0.444660 -0.410814 -0.333869 0.155045 -0.373503 -0.400276 -0.025034 0.176864 0.117551 0.530059 0.154323 0.409290 0.316531 0.653735 0.149982 0.434443 -0.099582 -0.138834 -0.168378 -0.294113 -0.353950 -0.651336 -0.424614 -0.452926 0.796158 1.000000 0.186486 0.154785 0.378646 0.401448 -0.486964 -0.300451 0.604239 0.311263 0.084262 0.291373 0.466776 0.666695 -0.412682 -0.395887 -0.493538 -0.583805 -0.224719 -0.317206 -0.636827 -0.357099 -0.566148 -0.685618 -0.303775 -0.511697 -0.062202 -0.265730 0.370424 0.330673 -0.107839 -0.118045 0.161565 0.331416 0.538218 0.671236 -0.199984 -0.382844 -0.390366 -0.608470 -0.050366 -0.158143 0.247894 0.302713 0.808939 0.711586 0.753332 0.610205 0.561029 0.535542 0.443772 0.538132 0.529679 0.675877 0.310759 0.570502 -0.105857 0.154308 0.044495 0.060164 0.081590 -0.129856 -0.098445 -0.259981 0.000232 -0.223038 -0.014713 -0.012827 -0.144990 -0.218530 -0.148082 -0.181719 0.213760 0.033578 -0.016654 -0.158516 -0.386136 -0.246657 0.162457 -0.159149 -0.087395 -0.252609 -0.195876 0.109180 0.198243 -0.001807 -0.018960 -0.149865
-0.179643 -0.137851 0.402219 0.211873 -0.179982 -0.203371 0.275864 0.324407 -0.226999 -0.155621 0.156217 0.188699 -0.235691 0.110136 -0.009294 0.208285 -0.085139 -0.001695 0.267717 0.145918 0.251538 0.061891 0.553871 0.243997 0.382935 0.047881 -0.215176 -0.228122 0.197162 0.186486 1.000000 0.817666 0.390657 0.627121 0.016902 0.165857 -0.033109 0.021284 -0.031955 -0.295940 0.262439 0.145004 -0.373514 -0.293280 -0.273198 -0.268214 -0.288065 -0.360603 -0.216768 -0.246046 -0.130534 -0.253653 -0.285844 -0.126300 -0.247429 -0.334970 -0.098520 -0.076742 -0.190412 -0.279900 -0.018795 -0.082044 -0.022469 -0.042836 0.413629 -0.239859 0.206262 -0.000323 -0.058491 0.041737 0.353347 0.519570 0.342778 0.313692 0.379541 0.281758 0.155958 0.065489 -0.045707 0.144889 -0.045925 0.074488 0.288062 0.139181 0.203221 0.213525 0.180089 -0.071951 0.064157 -0.250117 -0.320397 -0.118575 -0.013948 -0.020974 -0.300428 -0.262430 -0.081334 -0.281530 -0.415887 -0.294827 -0.202992 -0.189147 -0.197687 -0.261087 -0.496474 -0.283149 0.129256 -0.199836 -0.090134 -0.304802 0.067732 -0.000627 -0.100867 -0.345859 -0.081814 0.009189
-0.266629 -0.244645 0.350025 0.491474 -0.295976 -0.303210 0.218651 0.492805 -0.410538 -0.146611 0.296890 0.347441 -0.159958 0.222679 0.175310 0.372506 0.115144 -0.017669 0.422809 0.193958 0.174084 -0.059316 0.449809 0.408897 0.277075 -0.022519 -0.248602 -0.254515 0.209125 0.154785 0.817666 1.000000 0.275530 0.678478 -0.011973 0.347129 -0.065227 0.006861 0.002912 -0.206792 0.261423 0.193931 -0.471368 -0.379616 -0.331474 -0.278212 -0.388000 -0.441866 -0.266488 -0.318181 -0.160619 -0.322829 -0.280148 -0.152430 -0.294322 -0.287324 -0.142100 -0.147231 -0.139065 -0.367041 0.053583 -0.109336 -0.028518 -0.129245 0.534174 -0.104564 0.222644 0.078256 -0.008768 0.178036 0.257920 0.487176 0.280909 0.211962 0.390506 0.272074 0.118554 0.096524 0.060237 0.187054 -0.127316 -0.022580 0.419261 0.303594 0.186385 0.323755 0.248803 0.176369 0.175533 -0.158452 -0.243497 -0.136884 -0.051337 -0.097803 -0.343859 -0.315207 -0.097074 -0.134486 -0.577566 -0.383085 -0.317303 -0.245890 -0.414485 -0.418596 -0.530352 -0.414342 0.052778 -0.227807 -0.082046 -0.281924 0.210115 -0.111847 -0.153863 -0.426986 -0.185872 0.040093
0.123488 0.047569 0.072864 -0.007832 -0.268428 -0.252658 0.058962 0.175347 -0.193412 -0.173995 -0.031326 0.232386 0.048343 0.139292 -0.055305 0.132098 0.120197 0.313694 0.275779 0.388842 -0.130805 -0.254505 -0.055003 -0.123507 -0.171428 -0.226194 -0.383571 -0.340551 0.336346 0.378646 0.390657 0.275530 1.000000 0.457379 -0.269366 -0.208275 0.158548 0.168386 -0.124716 -0.101744 0.185966 0.179341 -0.292560 -0.229102 -0.305439 -0.288039 -0.175386 -0.253361 -0.209375 -0.168904 -0.456177 -0.318198 -0.199785 -0.358042 -0.087013 -0.088391 0.079895 0.191750 -0.015307 0.115499 0.024300 0.084130 0.220408 0.140457 0.021400 -0.238343 0.222364 -0.163111 0.173658 0.096602 0.005054 0.090661 0.472092 0.341623 0.409422 0.320519 0.338609 0.154000 0.295289 0.434041 0.038068 0.245662 0.106224 0.264725 -0.155903 0.021724 -0.035323 -0.064095 -0.137320 -0.275840 -0.058955 0.046524 0.339475 -0.095958 -0.190694 -0.060750 -0.097923 -0.019812 -0.327519 -0.016896 0.165247 0.186363 0.040856 0.133223 -0.201441 -0.018658 0.234134 0.100666 -0.233025 -0.190224 -0.116639 -0.036304 0.071323 -0.257459 0.072386 0.101564
-0.097623 -0.146177 0.199613 0.444917 -0.436120 -0.308500 0.146282 0.491307 -0.444016 -0.153768 0.146879 0.182422 -0.137029 0.261529 0.195618 0.479125 -0.017940 0.105450 0.380231 0.398840 0.028120 -0.202982 0.289030 0.289125 0.073285 -0.263154 -0.348482 -0.289569 0.338635 0.401448 0.627121 0.678478 0.457379 1.000000 -0.180674 0.335975 0.069604 0.061203 0.005920 -0.180958 0.257156 0.328365 -0.597875 -0.537825 -0.518481 -0.473974 -0.431222 -0.514158 -0.470580 -0.433051 -0.331818 -0.516139 -0.168644 -0.355756 -0.267159 -0.287688 -0.192883 -0.091042 -0.059098 -0.269505 0.461749 0.180879 -0.012894 0.059059 0.579180 -0.042694 0.019630 -0.138402 -0.007354 0.199758 0.271727 0.473044 0.406881 0.280975 0.405380 0.271435 0.106917 0.168398 0.106854 0.272379 -0.063672 0.115597 0.361226 0.423537 0.084798 0.158129 0.238733 0.105273 0.282519 -0.038055 -0.050881 -0.064197 0.110001 -0.090207 -0.346299 -0.256823 -0.205037 -0.015320 -0.516978 -0.507596 -0.085599 -0.197801 -0.243499 -0.300676 -0.506161 -0.318790 0.105153 -0.178789 -0.141929 -0.231041 0.200508 -0.074271 -0.022381 -0.302804 -0.092609 -0.077399
-0.307526 -0.073673 -0.126147 -0.106217 0.130632 0.208888 -0.074567 -0.250630 0.004941 0.191965 -0.033330 -0.170886 -0.456705 -0.476531 -0.108679 -0.231173 -0.149358 -0.339418 -0.186684 -0.432764 -0.012098 0.053520 -0.021195 0.039101 0.396117 0.428261 0.176845 0.179177 -0.371453 -0.486964 0.016902 -0.011973 -0.269366 -0.180674 1.000000 0.458090 -0.157628 -0.020586 0.146300 -0.045758 -0.056870 -0.432005 0.190478 0.150451 0.303741 0.320868 0.113776 0.188318 0.362649 0.089067 0.365451 0.307053 0.199817 0.308297 0.206209 0.167706 -0.124449 -0.095157 -0.069655 -0.040220 0.064366 -0.138040 -0.314701 -0.341036 0.290656 0.283274 0.323802 0.471488 -0.127388 -0.144283 -0.118269 -0.240780 -0.390042 -0.296374 -0.418805 -0.278432 -0.210694 -0.283607 -0.355688 -0.260645 -0.342476 -0.313027 -0.162911 -0.429602 0.265192 -0.015706 0.141752 0.077856 0.266322 0.119588 -0.085268 0.075730 -0.110891 0.194771 0.092282 0.192681 0.067422 -0.117171 0.123244 0.075863 -0.113688 -0.061798 -0.032549 -0.071172 0.195871 0.092844 -0.047212 0.010871 0.149333 0.171801 0.204265 0.156075 0.086630 0.055206 -0.220388 0.016520
-0.389586 -0.486136 0.169050 0.367901 0.044850 0.121423 0.226091 0.178500 -0.090852 0.224860 0.095586 -0.019624 -0.230153 -0.104570 0.171589 0.254586 -0.150564 -0.291389 0.034022 -0.242003 0.009778 -0.120934 0.071531 0.277581 0.207134 0.273884 0.027183 0.112147 -0.277604 -0.300451 0.165857 0.347129 -0.208275 0.335975 0.458090 1.000000 -0.244645 -0.093294 0.034948 -0.128567 -0.069788 -0.130467 -0.214337 -0.258276 -0.054898 0.119373 -0.159244 -0.230835 0.049111 -0.205227 0.192585 0.014654 0.206229 0.086672 -0.168031 -0.070495 -0.326859 -0.264362 -0.075646 -0.181253 0.385704 0.089248 -0.339214 -0.335271 0.663088 0.510114 0.217270 0.421243 -0.140814 0.075181 -0.036358 0.093441 -0.298485 -0.321651 -0.200452 -0.097896 -0.271840 -0.099803 -0.304275 -0.203306 -0.279975 -0.340667 -0.021174 -0.016895 0.271930 0.120790 0.056307 0.170277 0.170858 0.212556 0.049681 -0.015638 0.181374 0.024837 -0.265646 -0.025372 -0.087629 -0.027110 -0.227376 -0.401901 -0.125050 -0.240234 -0.197305 -0.300142 -0.130634 -0.244331 -0.019765 -0.112250 0.199050 0.148855 0.216241 -0.170494 -0.054666 -0.115645 -0.152748 -0.086408
