1.000000 0.202790 0.037981 -0.104283 -0.146013 -0.067159 -0.088444 -0.455394 -0.153556 -0.406710 0.148925 0.125373 0.119733 0.119505 0.143878 0.219189 -0.024390 0.125011 0.413563 0.012215 -0.322858 -0.155619 0.254454 0.045321 -0.000556 -0.034213 0.064847 0.177083 0.193216 -0.051059 -0.018633 -0.241100 0.320651 -0.007699 -0.038070 0.001553 0.186426 0.105532 0.290008 0.070041 0.207355 0.226027 -0.343303 -0.112709 -0.201179 -0.238231 -0.245686 -0.177695 -0.247839 -0.170047 0.052584 -0.003361 0.145128 0.045053 0.244337 0.244028 0.368712 0.253116 0.215236 -0.177437 0.231234 0.154156 0.127956 0.032350 0.102271 0.178599 0.030610 -0.157526 0.170322 -0.098469 -0.010904 0.105813 0.133587 0.149663 0.229770 0.088819 0.244797 0.012954 -0.138234 0.098044 -0.032884 0.063608 0.156018 0.093877 -0.106977 0.085873 0.127082 -0.091306 -0.008267 -0.058212 -0.308103 -0.335690 -0.175737 -0.060048 0.014689 -0.239120 0.233677 -0.210092 0.077727 -0.117380 -0.235068 -0.186939 -0.243410 -0.079174 -0.197751 -0.224540 0.042847 -0.027977 0.028631 -0.172842 -0.187343 -0.229302 -0.267456 -0.220285 -0.086940 -0.122841
0.202790 1.000000 -0.224360 0.186586 0.068130 -0.069498 -0.234283 -0.007068 0.094686 0.054461 0.163239 0.308786 0.041815 0.325970 0.115599 0.382358 -0.041816 0.401157 -0.228726 0.148161 0.241438 -0.034407 -0.326711 -0.184402 -0.098708 -0.029329 0.132218 0.104443 -0.412186 -0.141791 -0.382500 -0.301703 -0.066636 -0.078498 -0.151018 -0.100992 -0.234668 0.046459 -0.162498 -0.025069 -0.100388 0.187257 -0.094644 -0.089173 -0.092490 -0.305146 -0.055904 -0.045055 0.018367 -0.019803 0.435839 0.287618 0.410176 0.243065 -0.278730 -0.097451 0.494477 0.380060 0.313155 0.258025 0.133592 0.291573 0.222490 0.391294 -0.437569 -0.120087 -0.238644 -0.164809 0.233928 0.033893 -0.116600 0.017811 -0.318215 -0.022864 -0.146318 0.028737 -0.237493 0.007381 -0.164386 -0.020332 -0.006524 0.062407 -0.120468 0.288222 -0.315674 0.317241 -0.194115 -0.043877 -0.278114 0.416351 0.118971 -0.224384 0.019611 -0.142418 -0.043586 -0.406445 0.087740 -0.084376 0.209534 0.059601 0.155076 -0.249319 0.093136 0.040220 0.117491 0.015975 -0.255736 0.175867 -0.189090 -0.312039 -0.174149 0.063001 0.143235 -0.014619 -0.260881 -0.020341
0.037981 -0.224360 1.000000 -0.066772 0.568396 0.093076 0.613122 0.069727 0.483422 0.156852 -0.037813 -0.188948 0.463987 -0.113653 0.327362 -0.368506 -0.146222 -0.265037 0.226348 -0.225642 0.134829 0.142597 0.281010 0.240225 0.289986 0.374620 0.016377 0.155992 -0.278660 -0.418009 0.243673 0.025705 -0.186307 -0.168179 0.215969 0.333481 -0.358086 -0.287131 -0.088856 -0.116762 -0.161459 -0.301426 -0.136171 -0.017061 -0.264380 0.195407 -0.276112 -0.086832 -0.159527 -0.198201 -0.089707 0.030654 -0.127494 -0.094028 -0.075385 -0.058195 -0.273440 -0.230102 0.032814 0.053271 -0.012015 0.172498 -0.462989 -0.343889 0.293894 0.497975 0.338473 0.381917 -0.266618 -0.143302 0.137441 0.021178 -0.307162 -0.212492 -0.149942 -0.145623 -0.235149 0.037510 -0.098032 -0.075036 -0.451253 -0.229832 -0.234865 -0.347154 -0.313038 -0.194662 -0.214981 0.062453 -0.235180 -0.044977 -0.069353 0.229364 0.082205 0.328849 -0.046222 -0.098934 -0.085898 -0.043590 -0.357969 -0.260880 -0.182525 0.239660 -0.022470 0.203692 0.079149 0.048725 0.031249 0.292893 -0.006004 0.090295 0.107504 -0.113966 -0.084421 0.065479 0.093332 0.137390
-0.104283 0.186586 -0.066772 1.000000 0.132717 0.128944 0.006299 0.508824 0.060213 0.462231 -0.295930 -0.163960 -0.102748 -0.013543 -0.085578 0.138035 0.085639 -0.101658 -0.133271 0.226668 0.099849 -0.202300 -0.251276 0.057922 -0.143602 -0.121027 -0.056351 -0.026966 -0.148991 -0.183357 -0.108584 0.094682 -0.145009 0.156002 -0.229841 -0.092519 -0.410913 -0.090580 -0.324668 -0.286103 -0.297704 -0.177384 -0.022727 -0.234590 -0.248728 -0.243589 -0.121475 -0.033954 -0.016685 -0.202560 -0.017997 -0.124445 -0.069091 -0.221576 -0.345069 -0.268730 0.029337 0.013265 0.222087 0.491283 0.041598 0.125631 0.045485 0.045611 0.128915 -0.072660 0.055380 0.136109 0.004955 0.178539 0.120282 0.404792 -0.238592 -0.111521 -0.114243 -0.152436 -0.283998 0.124584 -0.144941 -0.162050 -0.187436 -0.248608 0.039648 0.180990 -0.100341 0.079768 -0.138515 0.027351 -0.106558 0.046387 0.353302 0.113517 0.277770 0.167616 -0.216879 -0.216323 -0.341387 -0.009275 -0.143933 0.046985 0.382393 0.136897 0.167480 0.119672 0.266558 0.050577 -0.085403 0.159327 -0.004533 -0.109303 -0.038030 -0.136008 0.196215 -0.119402 -0.205940 0.041010
-0.146013 0.068130 0.568396 0.132717 1.000000 0.212481 0.582484 0.186888 0.900060 0.572269 0.100917 -0.100317 0.440507 0.043137 0.472676 -0.218020 -0.215433 0.003132 -0.217886 0.018642 0.405689 0.199681 -0.180941 -0.027601 0.170434 0.221536 0.282456 0.039746 -0.407796 -0.280441 -0.163238 -0.091253 -0.358241 -0.216235 -0.069153 0.139730 -0.540788 -0.233283 -0.335791 -0.267632 -0.468322 -0.166941 -0.084577 -0.198649 -0.190285 -0.079027 -0.276611 -0.052711 -0.027352 -0.120816 0.172698 0.207101 -0.073540 -0.036900 -0.370325 -0.235676 -0.156316 -0.114647 -0.081289 0.141360 -0.086322 0.132944 -0.286719 -0.074122 -0.107227 0.140232 0.033589 0.267208 -0.041861 0.118246 0.126494 0.035400 -0.372434 -0.128575 -0.268117 -0.229376 -0.352895 0.088589 -0.173458 -0.202666 -0.376545 -0.198849 -0.332360 -0.102693 -0.366846 -0.157447 -0.412107 -0.162236 -0.392557 0.168916 0.076851 0.242905 0.062527 0.145244 0.180035 -0.113943 -0.063602 0.089793 -0.278717 0.044780 -0.051682 0.091514 0.119680 0.113242 0.267324 0.225783 -0.019445 0.324708 0.069862 0.096409 0.060897 0.042034 -0.024439 0.147980 0.045408 0.146400
-0.067159 -0.069498 0.093076 0.128944 0.212481 1.000000 -0.104093 -0.065695 0.098074 0.254428 0.105124 0.150117 -0.103822 0.099730 0.124107 -0.060384 -0.176013 -0.055202 -0.063474 -0.093479 0.217806 0.156119 0.181743 0.257243 0.288980 0.383146 0.287111 0.488057 -0.170471 -0.204959 -0.024705 -0.029475 -0.017301 -0.301984 0.222816 0.177774 -0.196835 0.006713 -0.001147 0.125081 -0.027451 -0.399882 0.062679 -0.126490 -0.115217 0.045185 -0.064847 -0.012678 0.014036 -0.033987 0.033816 0.006658 -0.058805 -0.033145 -0.050115 -0.029929 -0.075442 0.003811 -0.007777 0.193915 -0.256636 0.008356 -0.027261 -0.157413 -0.083219 0.347753 0.241361 0.100121 0.044722 0.124785 0.094333 0.059163 -0.204703 -0.204269 -0.041010 -0.139605 -0.075127 -0.312754 -0.047396 0.047068 -0.120268 -0.260191 -0.263021 -0.194087 0.048756 -0.073701 0.131060 0.339061 0.019399 0.142686 -0.062196 -0.080382 0.022693 -0.073353 0.010346 0.010054 0.019958 0.177445 -0.226826 -0.142502 -0.290021 -0.125493 -0.170319 0.002164 0.204007 0.071964 -0.128240 -0.181625 0.066043 0.047506 0.194832 0.147393 -0.007199 0.173485 -0.123832 0.121625
-0.088444 -0.234283 0.613122 0.006299 0.582484 -0.104093 1.000000 0.411288 0.589444 0.367027 0.018577 -0.194266 0.555390 0.141521 0.215813 -0.087474 0.047431 -0.167144 0.183577 0.201662 0.077840 -0.106986 -0.189346 -0.086310 -0.186135 -0.215419 -0.199281 -0.283069 -0.101844 -0.030849 -0.093714 0.035003 -0.217480 0.217699 -0.045252 0.183330 -0.381250 -0.470737 -0.371148 -0.408524 -0.284145 -0.091724 -0.251717 -0.275950 -0.270331 -0.124384 -0.305891 -0.137108 -0.105547 -0.228540 -0.089465 -0.012502 -0.102220 -0.159681 -0.334347 -0.339077 -0.283933 -0.389253 -0.014760 0.037492 0.178381 0.089339 -0.215724 -0.159838 0.247474 0.091746 -0.046814 0.247265 -0.102295 0.083799 0.004223 -0.028389 -0.073379 -0.015061 -0.114829 -0.112752 -0.260808 0.143946 -0.084799 -0.062575 -0.242958 0.039019 -0.017926 -0.107411 -0.315133 -0.199594 -0.398609 -0.294802 -0.301280 -0.088723 0.146875 0.394850 0.157660 0.394882 -0.051081 -0.111632 -0.298670 -0.118179 -0.302116 -0.087660 0.126394 0.297604 0.142047 0.048340 0.073712 -0.062369 -0.054261 0.231822 -0.039372 0.011413 -0.028020 -0.111821 -0.319060 -0.119140 -0.021365 -0.086362
-0.455394 -0.007068 0.069727 0.508824 0.186888 -0.065695 0.411288 1.000000 0.134514 0.523260 -0.314774 -0.173497 -0.015083 0.214318 -0.260081 0.079993 0.178633 -0.142783 -0.129414 0.260656 0.134029 -0.194208 -0.645638 -0.327121 -0.445159 -0.399031 -0.455038 -0.521085 -0.141904 0.068448 -0.305163 0.044112 -0.209771 0.360415 -0.204497 0.070848 -0.424572 -0.455047 -0.502436 -0.362479 -0.353744 -0.252384 -0.059153 -0.260109 -0.226126 -0.094394 -0.146116 -0.095972 -0.055696 -0.259854 -0.141559 -0.172470 0.041897 -0.318651 -0.451291 -0.456286 -0.238907 -0.334164 0.039260 0.412656 0.229153 0.115913 0.093616 0.173906 0.157147 -0.107525 -0.092149 0.308087 -0.217207 0.069504 -0.145359 0.009168 -0.070671 -0.144366 -0.196700 -0.095075 -0.431251 0.096521 -0.116651 -0.210071 -0.046457 -0.004730 0.012252 -0.090042 -0.187933 -0.201529 -0.462547 -0.277657 -0.184796 -0.068544 0.538644 0.386174 0.398780 0.327969 -0.097587 -0.047709 -0.383369 0.091038 -0.116884 0.115918 0.514969 0.356331 0.411668 0.233440 0.403005 0.214624 -0.024816 0.256696 0.089075 -0.090620 0.069469 -0.082177 -0.110264 -0.116009 -0.030661 0.018454
-0.153556 0.094686 0.483422 0.060213 0.900060 0.098074 0.589444 0.134514 1.000000 0.532736 0.046912 -0.124608 0.534185 0.039239 0.451103 -0.147801 -0.242861 0.028057 -0.254444 0.049774 0.344620 0.065767 -0.188400 -0.076576 0.108789 0.161043 0.235274 0.035271 -0.495792 -0.282413 -0.273196 -0.219388 -0.312548 -0.266518 -0.074675 0.065340 -0.489584 -0.153114 -0.254129 -0.227155 -0.402351 -0.039565 -0.099563 -0.164270 -0.168562 -0.081191 -0.241383 -0.008868 0.021603 -0.074444 0.277302 0.304058 0.090675 0.091776 -0.262670 -0.173617 -0.057116 -0.091448 0.028866 0.184262 -0.005242 0.244163 -0.315478 -0.037788 -0.164246 0.122992 0.027886 0.208565 0.096099 0.235953 0.141796 0.045992 -0.369984 -0.052750 -0.171065 -0.170272 -0.299138 0.159896 -0.195880 -0.161071 -0.407952 -0.205418 -0.441982 -0.081226 -0.466848 -0.085459 -0.414673 -0.157743 -0.412328 0.270019 0.054988 0.191401 0.080071 0.087245 0.044404 -0.143878 -0.105628 0.052590 -0.247140 0.030014 0.058240 -0.044640 0.098860 0.016670 0.148990 0.076651 -0.000406 0.287666 -0.006237 0.099335 -0.007235 0.062982 0.056340 0.078337 -0.029900 0.045213
-0.406710 0.054461 0.156852 0.462231 0.572269 0.254428 0.367027 0.523260 0.532736 1.000000 -0.044424 -0.084422 0.278385 0.197932 0.134300 0.033875 0.202417 0.056138 -0.286308 0.169541 0.165691 -0.142029 -0.457402 -0.229556 -0.265275 -0.143900 -0.049134 -0.150251 -0.184620 -0.025419 -0.307210 -0.028324 -0.224320 -0.039433 -0.184558 0.075575 -0.394540 -0.183886 -0.431870 -0.315193 -0.346836 -0.198405 0.002008 -0.214256 -0.130128 -0.120325 -0.136333 -0.122386 0.118898 -0.123730 -0.034689 -0.038365 -0.117887 -0.172829 -0.477292 -0.367001 -0.018354 0.048284 0.044969 0.409928 -0.108888 0.024744 0.003293 0.067731 -0.148022 -0.019830 -0.021169 0.136024 0.008155 0.131274 0.026789 0.047441 -0.159412 -0.123423 -0.126280 -0.044667 -0.273842 0.104626 0.138080 0.086329 -0.025250 -0.051639 -0.171922 -0.038237 -0.253014 -0.079018 -0.507931 -0.030399 -0.310003 0.112503 0.249794 0.144442 0.220743 0.080047 -0.021775 -0.141246 -0.451603 0.023076 -0.288134 0.007571 0.158463 0.058230 0.085707 0.066768 0.228223 0.119522 -0.104198 0.141028 -0.106351 -0.000535 -0.120047 0.046397 0.115617 -0.089552 -0.198815 0.031362
0.148925 0.163239 -0.037813 -0.295930 0.100917 0.105124 0.018577 -0.314774 0.046912 -0.044424 1.000000 0.713687 0.505964 0.453139 0.527890 0.203277 0.002714 0.330217 -0.148334 -0.203630 -0.024346 0.125184 0.173745 0.104261 -0.015942 0.046212 0.275863 0.124510 0.122569 0.230113 0.092778 0.180937 -0.020590 -0.170154 -0.024120 0.029033 0.189862 0.077103 0.090817 0.187575 0.129548 0.131019 -0.214010 -0.110458 0.008976 -0.110316 -0.078454 -0.224081 -0.049134 0.041843 -0.074398 0.049984 -0.168464 0.050472 0.065212 -0.026715 0.086226 -0.037490 -0.196942 -0.466817 -0.226036 -0.128862 -0.038956 -0.094781 -0.092330 0.129099 -0.227305 -0.280227 -0.031029 -0.141059 0.018582 -0.031021 0.095037 0.048606 -0.029993 0.114421 0.198282 -0.045083 0.180710 0.136082 0.114277 0.201051 -0.009101 0.103860 0.170404 0.319666 0.106709 0.220129 -0.022505 0.265179 -0.315364 -0.116141 -0.047670 -0.090950 0.052758 -0.125163 -0.048747 -0.101445 -0.121749 -0.271098 -0.274493 -0.102519 -0.258580 -0.227613 0.008062 -0.120701 -0.224528 -0.132693 -0.095255 -0.118492 -0.235389 0.000827 -0.128468 0.129127 -0.107922 -0.131276
0.125373 0.308786 -0.188948 -0.163960 -0.100317 0.150117 -0.194266 -0.173497 -0.124608 -0.084422 0.713687 1.000000 0.293121 0.727436 0.252700 0.395585 -0.001928 0.389143 -0.211193 -0.397600 0.072233 0.096704 0.007506 -0.129399 -0.068416 -0.016877 0.044099 0.001010 0.024491 0.341837 -0.044375 0.198471 0.042970 -0.049810 -0.125678 -0.076855 0.176402 0.188859 0.254810 0.331478 0.216399 0.185664 -0.051811 0.009456 0.182998 -0.040530 0.072123 -0.172448 0.087608 0.153658 0.031875 0.042557 0.026102 0.093429 0.154464 0.114559 0.147415 -0.036918 -0.072790 -0.335870 -0.106836 -0.038103 0.066746 0.056585 -0.102102 0.178871 -0.211696 -0.330091 -0.242793 -0.285145 -0.127706 0.068028 0.102504 0.070246 -0.050867 0.137791 0.171697 -0.001262 0.219509 0.066633 0.129136 0.219379 -0.148319 0.102225 0.187926 0.306348 -0.000122 0.088800 -0.045413 0.232969 -0.324280 -0.255107 -0.107593 -0.209387 0.015473 -0.014744 0.095798 -0.175207 -0.006297 -0.235093 -0.213556 -0.107909 -0.333507 -0.345071 -0.084190 -0.190873 -0.065020 -0.168078 -0.144737 -0.148561 -0.358351 -0.020535 -0.006055 0.003974 -0.164471 -0.189168
0.119733 0.041815 0.463987 -0.102748 0.440507 -0.103822 0.555390 -0.015083 0.534185 0.278385 0.505964 0.293121 1.000000 0.380263 0.570250 0.106595 0.048793 0.057119 0.010349 -0.045183 -0.170313 -0.246910 0.002661 -0.116921 -0.202899 -0.102087 0.027732 -0.011662 -0.196010 -0.145723 -0.135851 -0.101345 0.023320 0.014688 -0.077586 0.172842 -0.188284 -0.142229 -0.064069 -0.159886 -0.096306 0.062437 -0.233965 -0.063434 -0.118664 -0.055958 -0.165364 -0.170018 0.046270 -0.049509 -0.105622 0.010063 -0.002630 -0.055258 -0.003981 -0.082279 0.075267 0.016777 0.252879 -0.088147 0.089039 0.095063 -0.290235 -0.182010 0.018670 0.293994 0.116510 0.039436 0.050974 0.037678 -0.024100 -0.031278 -0.171079 0.034108 -0.000028 0.032065 -0.005528 0.058629 0.090892 0.069721 -0.256481 -0.005292 -0.216275 -0.048775 -0.335137 0.133271 -0.305690 -0.055726 -0.365229 0.106477 -0.158778 -0.011365 0.120345 0.154797 -0.209967 -0.236444 -0.314566 -0.324671 -0.321650 -0.314276 -0.130598 0.138185 -0.146049 -0.085076 -0.084807 -0.195684 -0.209331 0.097442 -0.250187 -0.123370 -0.333852 -0.231976 -0.088234 -0.160839 -0.187713 -0.169062
0.119505 0.325970 -0.113653 -0.013543 0.043137 0.099730 0.141521 0.214318 0.039239 0.197932 0.453139 0.727436 0.380263 1.000000 0.138241 0.581370 0.109403 0.385714 -0.036807 -0.109478 0.064514 -0.092513 -0.337514 -0.419548 -0.372470 -0.387340 -0.194716 -0.325901 0.000240 0.334046 -0.344370 -0.000925 -0.019093 0.078931 -0.230461 0.052454 -0.080716 -0.060523 -0.022606 0.023666 -0.032231 0.047650 -0.230075 -0.120308 -0.031621 -0.215903 -0.130878 -0.285275 -0.003327 -0.008812 -0.023233 0.064754 0.168254 0.059846 -0.039456 -0.068139 0.068202 -0.039062 0.146850 -0.049790 0.172003 0.134864 0.061928 0.166371 -0.075154 0.035442 -0.204879 -0.262528 -0.165332 -0.205335 -0.161980 0.090614 0.095385 0.138980 -0.019553 0.218267 0.023829 0.043275 0.091308 0.065413 -0.005550 0.155850 -0.223961 0.033029 -0.031573 0.084258 -0.316212 -0.084138 -0.143783 0.186348 -0.151050 -0.178625 0.049944 -0.054245 0.009101 -0.154116 -0.123152 -0.134270 -0.125683 -0.260601 -0.000470 0.044016 -0.163785 -0.311974 0.108338 -0.170044 -0.121874 -0.013054 -0.067619 -0.127073 -0.315057 -0.068078 -0.141623 -0.173272 -0.239196 -0.051218
0.143878 0.115599 0.327362 -0.085578 0.472676 0.124107 0.215813 -0.260081 0.451103 0.134300 0.527890 0.252700 0.570250 0.138241 1.000000 0.149819 -0.032466 0.101392 -0.040930 -0.039173 0.203183 0.140607 0.270328 0.211036 0.160420 0.241272 0.564426 0.344122 -0.065633 -0.155089 0.031682 -0.009708 -0.250322 -0.345704 0.027897 0.027871 -0.087636 -0.133259 -0.063972 -0.067762 -0.182781 -0.045614 0.051314 -0.016806 0.033820 -0.128624 0.047154 0.077320 0.142976 0.137653 -0.082613 0.172148 -0.124132 0.040511 -0.173765 -0.057446 0.057564 0.043789 -0.117338 -0.246220 -0.265177 -0.131101 -0.249390 -0.248885 -0.108488 0.041588 -0.252248 -0.224603 -0.048544 -0.046557 0.010173 -0.088585 -0.261396 -0.104017 -0.161016 -0.101364 -0.115465 0.072759 0.145647 0.084762 -0.161887 0.044413 0.004610 0.171399 -0.149720 -0.063828 -0.058152 0.070003 -0.114492 0.154208 -0.054567 0.141886 -0.168658 0.058273 0.102713 -0.129547 -0.006665 0.015451 -0.132143 -0.100263 -0.239677 -0.186405 -0.122244 -0.085400 0.166495 0.155276 -0.186648 0.225469 -0.103932 -0.005564 -0.094708 -0.013628 -0.141406 0.162841 0.004294 0.110806
0.219189 0.382358 -0.368506 0.138035 -0.218020 -0.060384 -0.087474 0.079993 -0.147801 0.033875 0.203277 0.395585 0.106595 0.581370 0.149819 1.000000 0.231325 0.401449 -0.090006 0.078177 0.078180 -0.050153 -0.264184 -0.243304 -0.290682 -0.371220 -0.093913 -0.216952 0.161807 0.449153 -0.230535 0.061044 -0.040261 0.106683 -0.355932 -0.381515 0.137790 0.142218 -0.017859 -0.006398 0.064525 0.234918 -0.054995 -0.025414 0.049425 -0.442338 0.092945 -0.090115 -0.016937 0.032250 0.018875 -0.079760 0.174163 0.080793 -0.208190 -0.063003 0.309346 0.119890 0.204473 -0.091086 0.274527 -0.009906 0.364484 0.157064 -0.160973 -0.406318 -0.396670 -0.495119 0.014476 -0.134855 0.044630 0.258674 0.180581 0.274689 0.112623 0.377925 0.077702 0.138415 0.097384 0.226534 0.212690 0.327542 0.110537 0.524458 -0.102830 0.142158 -0.221937 -0.150547 -0.162756 0.070579 -0.036372 -0.183210 -0.083695 -0.059161 -0.055634 -0.248625 -0.069654 -0.151264 0.015438 -0.095235 0.128261 -0.139908 -0.168968 -0.268170 0.019153 -0.245711 -0.342923 -0.040666 -0.164033 -0.267083 -0.380755 -0.147108 -0.156203 -0.221470 -0.344797 -0.134518
-0.024390 -0.041816 -0.146222 0.085639 -0.215433 -0.176013 0.047431 0.178633 -0.242861 0.202417 0.002714 -0.001928 0.048793 0.109403 -0.032466 0.231325 1.000000 0.174464 0.255858 0.128757 -0.203161 -0.337036 -0.236312 -0.242653 -0.421836 -0.444684 -0.229606 -0.207802 0.515103 0.281306 -0.060934 0.074637 0.255717 0.303598 -0.079505 -0.077080 0.296930 -0.069649 -0.151899 -0.340154 0.126970 0.009757 0.030518 -0.020381 -0.058313 -0.295428 0.107011 -0.193798 -0.008221 -0.119768 -0.342155 -0.262548 -0.082983 -0.221008 -0.274895 -0.306431 0.429276 0.367548 0.015570 -0.137484 0.159370 -0.380902 0.492618 0.051508 -0.056842 -0.324873 -0.256281 -0.228680 0.017315 -0.252218 0.088629 0.041042 0.430282 0.140350 0.337172 0.222151 0.173024 0.213231 0.583600 0.415533 0.632198 0.413283 0.240897 0.010509 -0.074212 -0.029111 -0.375584 -0.177512 -0.102079 -0.208891 -0.058937 -0.006555 0.027328 0.151471 -0.166898 -0.016822 -0.351347 -0.222760 -0.116005 0.012845 0.035235 0.077786 -0.178659 -0.044338 -0.109853 -0.218740 -0.168987 -0.086041 -0.176952 -0.223339 -0.284989 -0.110542 -0.126090 -0.331662 -0.203648 -0.234299
0.125011 0.401157 -0.265037 -0.101658 0.003132 -0.055202 -0.167144 -0.142783 0.028057 0.056138 0.330217 0.389143 0.057119 0.385714 0.101392 0.401449 0.174464 1.000000 -0.018534 -0.134830 0.079720 0.118993 -0.160706 -0.292384 -0.104029 -0.138457 -0.031171 -0.051091 0.211962 0.451979 -0.092778 0.014467 0.230228 0.021271 -0.240853 -0.058513 0.146510 0.302026 0.041847 -0.021996 0.163953 0.489904 -0.240089 -0.146851 -0.077898 -0.324546 -0.141487 -0.351711 -0.236747 -0.094801 0.078098 0.095787 0.029222 0.239985 -0.107788 -0.112711 0.357033 0.312671 -0.055510 -0.084131 0.097918 0.214789 0.321259 0.540485 -0.349538 -0.197582 -0.338790 -0.406296 0.094564 -0.203375 0.147019 0.207222 0.338797 0.495535 0.309592 0.325299 0.223867 0.281325 0.139491 0.524104 0.283367 0.365405 -0.051486 0.126151 -0.102329 0.233737 -0.103279 -0.117974 -0.239481 0.357440 -0.333429 -0.320326 -0.240046 -0.283335 0.126460 -0.240286 -0.061920 -0.181482 -0.036906 -0.157547 0.024533 -0.311676 -0.164418 -0.417432 -0.133368 -0.206032 -0.109810 0.002635 -0.138671 -0.216575 -0.410425 0.113961 0.050364 -0.056756 -0.176451 -0.024959
0.413563 -0.228726 0.226348 -0.133271 -0.217886 -0.063474 0.183577 -0.129414 -0.254444 -0.286308 -0.148334 -0.211193 0.010349 -0.036807 -0.040930 -0.090006 0.255858 -0.018534 1.000000 0.168893 -0.250251 -0.197803 0.280216 -0.006801 0.003258 -0.119596 -0.217246 0.020092 0.334562 -0.013413 0.119015 -0.162494 0.398610 0.278454 0.204451 0.187571 0.120120 -0.188437 0.078302 -0.242304 0.138281 -0.014505 -0.322628 -0.070794 -0.305148 -0.171495 -0.266195 -0.253333 -0.302660 -0.253869 -0.270311 -0.080995 -0.009867 -0.051158 0.233658 -0.083286 0.016896 0.117288 0.073711 -0.109231 0.288522 0.075900 -0.024252 -0.032641 0.342384 0.083125 0.135270 -0.022844 0.088764 -0.062537 0.134838 0.084952 0.241296 0.218361 0.347511 0.124899 0.319596 0.159115 0.033002 0.204028 -0.034875 0.021164 0.110709 -0.293542 0.017759 -0.228958 0.090561 -0.060739 0.156930 -0.253500 -0.185036 -0.058408 -0.088803 0.118436 -0.050964 0.031626 -0.034821 -0.130695 -0.117915 -0.224299 -0.115349 0.158306 -0.106434 0.072025 -0.110973 -0.257355 0.068927 0.021581 0.053883 0.021846 0.034100 -0.010866 -0.294599 -0.091396 -0.051658 -0.019683
0.012215 0.148161 -0.225642 0.226668 0.018642 -0.093479 0.201662 0.260656 0.049774 0.169541 -0.203630 -0.397600 -0.045183 -0.109478 -0.039173 0.078177 0.128757 -0.134830 0.168893 1.000000 -0.161973 -0.312808 -0.265352 0.043484 -0.300325 -0.379419 -0.050519 -0.184176 -0.027074 -0.094814 -0.443944 -0.376342 -0.060215 0.350535 0.093342 0.106037 -0.267876 -0.429716 -0.536512 -0.577544 -0.443696 -0.046541 -0.219769 -0.341348 -0.282728 -0.349401 -0.120216 0.073756 0.016242 -0.244000 -0.032505 -0.144079 0.007923 -0.241259 -0.417605 -0.443007 0.017008 0.068165 0.169371 0.258455 0.075189 -0.123595 0.021332 -0.006708 0.031083 -0.406567 -0.085706 0.257083 0.536280 0.672191 -0.254541 -0.268219 -0.133389 -0.114266 -0.070894 -0.190698 -0.223796 -0.021232 -0.173694 -0.008370 0.044915 0.039771 0.378639 0.191999 -0.137218 -0.130656 -0.080126 -0.281731 0.057453 -0.118788 0.526792 0.259249 0.226962 0.318849 0.032755 -0.175250 -0.103963 0.184580 0.150543 0.311491 0.257862 0.168638 0.408644 0.266946 0.161404 0.180016 -0.090017 0.304539 0.035202 0.056243 0.228130 0.129958 -0.177891 -0.121388 0.011971 0.056216
-0.322858 0.241438 0.134829 0.099849 0.405689 0.217806 0.077840 0.134029 0.344620 0.165691 -0.024346 0.072233 -0.170313 0.064514 0.203183 0.078180 -0.203161 0.079720 -0.250251 -0.161973 1.000000 0.606833 -0.061556 0.174041 0.494680 0.369900 0.339574 0.035316 -0.323948 -0.089517 0.066357 0.198258 -0.605462 -0.404102 -0.122772 -0.347847 -0.401452 -0.164137 -0.264787 -0.018392 -0.305942 -0.214423 0.172714 -0.012429 0.042786 -0.227175 0.114911 0.178324 0.048557 0.100063 0.415598 0.375904 0.203307 0.268409 -0.351818 -0.194109 -0.108242 -0.242398 -0.172225 0.057287 -0.034077 0.094211 -0.005665 0.003519 -0.061800 -0.134307 -0.310784 -0.162650 -0.112738 -0.083152 0.216197 0.136629 -0.310217 -0.091129 -0.327736 -0.070486 -0.404507 0.015960 -0.254787 -0.288471 -0.194711 -0.123124 -0.294279 0.024966 -0.025481 -0.119058 -0.165118 0.131855 0.052279 0.340584 0.169547 0.236192 -0.008432 0.098547 0.150063 0.029738 0.202127 0.206488 0.098976 0.252246 0.108449 -0.061761 0.103861 0.060886 0.327791 0.141505 -0.038845 0.199615 -0.032498 0.131775 0.158762 0.244404 0.044748 0.437570 0.038921 0.210256
-0.155619 -0.034407 0.142597 -0.202300 0.199681 0.156119 -0.106986 -0.194208 0.065767 -0.142029 0.125184 0.096704 -0.246910 -0.092513 0.140607 -0.050153 -0.337036 0.118993 -0.197803 -0.312808 0.606833 1.000000 0.204145 0.369475 0.558895 0.551081 0.417600 0.233636 -0.106123 0.060191 0.299801 0.291181 -0.372885 -0.424238 0.098655 -0.189515 -0.018142 0.095591 -0.033893 0.235481 -0.061046 -0.029864 0.146060 0.138781 0.199561 0.007544 0.030251 0.165033 -0.025410 0.134546 0.143977 0.284896 -0.099108 0.305113 -0.130591 -0.034137 -0.324716 -0.322705 -0.441922 -0.278609 -0.286645 -0.054961 -0.218022 -0.203535 -0.053638 -0.008454 -0.121936 -0.166891 -0.146497 -0.162358 0.230780 0.043975 -0.092264 -0.066132 -0.210922 -0.077821 -0.165014 -0.139882 -0.172042 -0.074482 -0.134163 -0.027452 -0.124012 0.126202 0.218441 0.018806 0.123887 0.215290 0.191702 0.185175 -0.010733 0.115646 -0.163587 0.045780 0.486286 0.244975 0.417403 0.324327 0.047197 0.054801 -0.117627 -0.114877 -0.009097 -0.083377 0.049359 0.219006 0.117043 0.125017 0.179789 0.216092 0.136400 0.208068 0.104494 0.408554 0.385166 0.398551
0.254454 -0.326711 0.281010 -0.251276 -0.180941 0.181743 -0.189346 -0.645638 -0.188400 -0.457402 0.173745 0.007506 0.002661 -0.337514 0.270328 -0.264184 -0.236312 -0.160706 0.280216 -0.265352 -0.061556 0.204145 1.000000 0.692459 0.638787 0.595017 0.425631 0.544922 0.158314 -0.217241 0.686156 0.282015 0.065147 -0.341483 0.338664 0.013247 0.235910 0.184836 0.382342 0.235676 0.303396 -0.040523 -0.010533 0.150943 0.025381 0.235446 0.030792 0.011708 -0.061045 0.071718 -0.172648 -0.045257 -0.237168 0.111633 0.401801 0.254045 -0.140694 -0.076971 -0.106364 -0.306951 -0.192503 -0.010195 -0.299508 -0.385158 0.352995 0.382099 0.278136 -0.078551 -0.035915 -0.124802 0.218947 0.063601 -0.009069 0.007308 0.168109 -0.033138 0.277230 -0.161559 0.004567 0.119939 -0.198487 -0.174478 -0.014552 -0.073226 0.233782 0.077397 0.482672 0.454481 0.255703 -0.042595 -0.390715 -0.167633 -0.184982 -0.030583 -0.142394 0.018432 0.127574 -0.149167 -0.084876 -0.320877 -0.410574 -0.149220 -0.371882 -0.108709 -0.270434 -0.239628 0.044144 -0.206159 -0.052416 0.005670 0.061670 -0.053168 -0.063051 0.242913 0.090837 0.066007
0.045321 -0.184402 0.240225 0.057922 -0.027601 0.257243 -0.086310 -0.327121 -0.076576 -0.229556 0.104261 -0.129399 -0.116921 -0.419548 0.211036 -0.243304 -0.242653 -0.292384 -0.006801 0.043484 0.174041 0.369475 0.692459 1.000000 0.591276 0.605591 0.454031 0.529434 -0.122791 -0.377977 0.431441 0.191598 -0.313596 -0.413052 0.362245 0.057097 -0.027143 -0.015204 0.007846 0.052134 -0.157628 -0.282365 -0.016579 -0.090176 -0.113364 0.059466 -0.034451 0.179870 -0.002669 -0.051745 -0.030502 0.022422 -0.160241 -0.006630 -0.047001 -0.032541 -0.234620 -0.255129 -0.175769 -0.108449 -0.345246 -0.168552 -0.340059 -0.555518 0.364997 0.252084 0.160236 0.232201 0.100128 0.195905 0.152778 0.031276 -0.326203 -0.371887 -0.195921 -0.299041 -0.206410 -0.296934 -0.224281 -0.111622 -0.183241 -0.246091 0.107905 0.007354 0.214955 0.054272 0.366733 0.471353 0.334341 0.113084 0.095994 0.213061 0.151420 0.330733 -0.033599 -0.110044 0.079044 0.150821 0.003209 0.000340 -0.144111 0.020114 -0.003763 0.139013 0.009872 0.036801 0.031782 0.106456 0.019886 0.149199 0.308689 0.156968 0.028815 0.379048 0.239474 0.271784
-0.000556 -0.098708 0.289986 -0.143602 0.170434 0.288980 -0.186135 -0.445159 0.108789 -0.265275 -0.015942 -0.068416 -0.202899 -0.372470 0.160420 -0.290682 -0.421836 -0.104029 0.003258 -0.300325 0.494680 0.558895 0.638787 0.591276 1.000000 0.815961 0.558537 0.451525 -0.175317 -0.272109 0.545823 0.218570 -0.223550 -0.438655 0.285885 -0.078205 -0.073253 0.078293 0.169468 0.221400 0.027425 -0.152879 0.074381 0.166600 0.035306 0.145473 -0.008454 0.109282 -0.066905 0.068425 0.167170 0.201631 -0.014551 0.284372 0.172701 0.156227 -0.119718 -0.099861 -0.127910 -0.122083 -0.103783 0.161899 -0.287870 -0.224645 0.197956 0.265601 0.209265 0.006841 0.028406 -0.083616 0.294768 0.132399 -0.209747 -0.029742 -0.081624 -0.165274 -0.004248 -0.153791 -0.232371 -0.158491 -0.318314 -0.355401 -0.266144 -0.117437 0.121708 -0.082780 0.314959 0.402441 0.193155 0.204447 -0.241036 -0.117341 -0.182300 -0.032140 0.061976 0.110059 0.330871 0.066764 -0.070016 -0.121627 -0.390788 -0.074187 -0.242087 -0.044561 -0.129660 -0.058334 0.062248 -0.094568 0.128453 0.143755 0.201603 0.081320 -0.019971 0.467170 0.247447 0.146714
-0.034213 -0.029329 0.374620 -0.121027 0.221536 0.383146 -0.215419 -0.399031 0.161043 -0.143900 0.046212 -0.016877 -0.102087 -0.387340 0.241272 -0.371220 -0.444684 -0.138457 -0.119596 -0.379419 0.369900 0.551081 0.595017 0.605591 0.815961 1.000000 0.575792 0.674565 -0.369145 -0.435903 0.440483 0.158453 -0.121688 -0.516307 0.363226 0.122915 -0.023249 0.203905 0.259947 0.327141 0.031162 -0.132924 0.188164 0.237983 0.097853 0.325548 0.054295 0.189128 -0.009151 0.079346 0.080799 0.163342 -0.021557 0.223360 0.166016 0.211205 -0.080444 -0.050894 -0.203284 -0.101892 -0.323914 0.027520 -0.331382 -0.314248 -0.033605 0.422459 0.302820 0.174353 -0.001056 -0.076493 0.265408 0.062468 -0.355948 -0.180529 -0.135171 -0.233312 -0.078416 -0.175178 -0.161155 -0.071297 -0.265189 -0.307568 -0.304758 -0.145933 -0.074633 -0.037850 0.278064 0.435431 -0.000385 0.150231 -0.238976 -0.107011 -0.187187 -0.030205 0.090164 0.069236 0.269417 0.061694 -0.071323 -0.120835 -0.397973 -0.174857 -0.182491 0.044952 -0.076887 0.107196 0.131466 -0.028885 0.124577 0.100594 0.255694 0.078669 0.093743 0.377429 0.190063 0.198554
0.064847 0.132218 0.016377 -0.056351 0.282456 0.287111 -0.199281 -0.455038 0.235274 -0.049134 0.275863 0.044099 0.027732 -0.194716 0.564426 -0.093913 -0.229606 -0.031171 -0.217246 -0.050519 0.339574 0.417600 0.425631 0.454031 0.558537 0.575792 1.000000 0.645988 -0.196679 -0.354486 0.158210 0.003300 -0.227497 -0.534094 0.180434 -0.121164 -0.056341 0.058709 0.049661 0.131192 -0.078586 -0.061443 0.211658 0.091454 0.116508 -0.073321 0.054470 0.175339 0.166546 0.179303 0.116126 0.245116 -0.095442 0.232033 -0.035716 0.011740 0.080908 0.112599 -0.068075 -0.157880 -0.250419 -0.088022 -0.159874 -0.194768 -0.177583 0.013774 -0.028436 -0.183165 0.187342 0.060366 0.167222 -0.115257 -0.333227 -0.199123 -0.174774 -0.296517 -0.057969 -0.200676 -0.074787 -0.049390 -0.138926 -0.115040 -0.091927 0.243178 0.021979 0.005380 0.125725 0.267077 0.048746 0.178092 -0.035051 -0.096901 -0.127976 -0.070833 0.207982 0.018093 0.261260 0.106033 0.063098 0.042627 -0.312335 -0.247729 -0.111369 -0.132259 -0.026905 0.155986 -0.088705 0.067317 0.066507 0.033780 0.088584 0.008343 -0.014588 0.297648 0.137262 0.238845
0.177083 0.104443 0.155992 -0.026966 0.039746 0.488057 -0.283069 -0.521085 0.035271 -0.150251 0.124510 0.001010 -0.011662 -0.325901 0.344122 -0.216952 -0.207802 -0.051091 0.020092 -0.184176 0.035316 0.233636 0.544922 0.529434 0.451525 0.674565 0.645988 1.000000 -0.271443 -0.516932 0.215574 -0.108896 0.089863 -0.476934 0.313607 0.051649 0.054213 0.225944 0.193994 0.192890 0.134919 -0.098658 0.227452 0.192813 0.078095 0.156660 0.066906 0.221523 0.136178 0.151433 0.025974 0.156651 -0.071015 0.146270 0.107258 0.251313 0.158135 0.228365 -0.000368 0.020750 -0.392147 -0.036170 -0.158681 -0.290500 -0.231149 0.393575 0.209042 -0.007693 0.171299 0.006692 0.175445 -0.024451 -0.357473 -0.229157 -0.029778 -0.294645 0.031765 -0.206054 0.045961 0.156802 -0.080482 -0.140743 -0.103204 0.032280 -0.061595 0.085464 0.286977 0.387353 -0.003983 0.066609 -0.135565 -0.165303 -0.079244 -0.098003 -0.011965 -0.037844 0.161105 -0.002714 -0.007038 -0.113050 -0.344393 -0.279669 -0.196292 -0.029646 -0.188658 0.016520 -0.044465 -0.023452 -0.071637 -0.056882 0.058654 0.084269 0.140870 0.146606 -0.073528 0.159350
0.193216 -0.412186 -0.278660 -0.148991 -0.407796 -0.170471 -0.101844 -0.141904 -0.495792 -0.184620 0.122569 0.024491 -0.196010 0.000240 -0.065633 0.161807 0.515103 0.211962 0.334562 -0.027074 -0.323948 -0.106123 0.158314 -0.122791 -0.175317 -0.369145 -0.196679 -0.271443 1.000000 0.664521 0.375127 0.423268 0.307539 0.352466 -0.082642 -0.101338 0.588483 0.064201 0.102592 -0.071698 0.414904 0.192957 -0.098929 -0.032452 0.074330 -0.102917 0.057206 -0.263105 -0.246574 -0.067504 -0.498886 -0.350230 -0.434024 -0.157657 0.083434 -0.031649 0.025338 0.077321 -0.234152 -0.427761 0.057213 -0.308458 0.402166 0.106827 0.191771 -0.272515 -0.256857 -0.421477 -0.190491 -0.376132 0.129922 0.095980 0.830984 0.452163 0.482414 0.327839 0.520220 0.179358 0.447649 0.450553 0.545953 0.422309 0.498561 0.138932 0.415904 -0.057323 0.152271 -0.111682 0.278801 -0.310191 -0.312313 -0.132777 -0.292276 -0.182917 0.031835 0.141922 -0.056876 -0.145672 -0.057219 -0.103772 -0.138683 -0.096965 -0.315139 -0.320868 -0.238301 -0.279298 -0.033867 -0.335154 0.020981 -0.181751 -0.245667 -0.092307 -0.272831 -0.172308 -0.006208 -0.177562
-0.051059 -0.141791 -0.418009 -0.183357 -0.280441 -0.204959 -0.030849 0.068448 -0.282413 -0.025419 0.230113 0.341837 -0.145723 0.334046 -0.155089 0.449153 0.281306 0.451979 -0.013413 -0.094814 -0.089517 0.060191 -0.217241 -0.377977 -0.272109 -0.435903 -0.354486 -0.516932 0.664521 1.000000 0.131948 0.438845 0.142116 0.380612 -0.208216 -0.257130 0.506623 0.204933 0.107227 0.068736 0.353445 0.437049 -0.114087 -0.080104 0.167594 -0.159778 0.049031 -0.269363 -0.173361 0.054816 -0.243496 -0.205275 -0.226422 0.033314 0.007269 -0.103176 -0.022632 -0.180931 -0.372623 -0.440692 0.067823 -0.131043 0.337695 0.280320 -0.007441 -0.428329 -0.480593 -0.514776 -0.257681 -0.319959 0.094375 0.216616 0.762144 0.500621 0.370868 0.425911 0.428063 0.322353 0.340974 0.344559 0.525528 0.555116 0.221621 0.348194 0.376873 0.116040 -0.009676 -0.224967 0.111224 -0.048519 -0.262374 -0.111754 -0.280864 -0.295330 0.137366 0.118057 -0.037527 -0.105010 -0.017171 -0.153789 0.033025 -0.145229 -0.275711 -0.534629 -0.206028 -0.290661 -0.070744 -0.350536 0.027154 -0.147724 -0.412864 -0.010384 -0.172519 -0.154840 -0.062026 -0.205602
-0.018633 -0.382500 0.243673 -0.108584 -0.163238 -0.024705 -0.093714 -0.305163 -0.273196 -0.307210 0.092778 -0.044375 -0.135851 -0.344370 0.031682 -0.230535 -0.060934 -0.092778 0.119015 -0.443944 0.066357 0.299801 0.686156 0.431441 0.545823 0.440483 0.158210 0.215574 0.375127 0.131948 1.000000 0.712575 -0.022852 -0.114068 0.074932 -0.199876 0.352121 0.180957 0.221504 0.139699 0.387385 0.041723 0.024249 0.178090 0.082662 0.207128 0.059779 -0.112457 -0.207293 0.028912 -0.325028 -0.210574 -0.323578 0.026158 0.222933 0.142565 -0.189049 -0.206492 -0.249618 -0.379024 -0.050859 0.020894 -0.104452 -0.157457 0.393596 0.231818 0.084977 -0.213935 -0.317743 -0.465423 0.362735 0.262224 0.280966 0.212186 0.231197 0.141878 0.331017 0.021495 0.125505 0.178256 0.045129 0.025492 0.038539 0.024708 0.319674 0.120287 0.336831 0.308801 0.170933 -0.154246 -0.346168 -0.095130 -0.179382 -0.052322 -0.195437 0.088043 -0.014111 -0.254398 -0.063653 -0.292309 -0.248585 -0.040708 -0.355869 -0.185980 -0.252044 -0.288900 -0.020868 -0.375701 0.021339 -0.151283 -0.078295 -0.077383 -0.060986 0.211732 0.099007 0.009498
-0.241100 -0.301703 0.025705 0.094682 -0.091253 -0.029475 0.035003 0.044112 -0.219388 -0.028324 0.180937 0.198471 -0.101345 -0.000925 -0.009708 0.061044 0.074637 0.014467 -0.162494 -0.376342 0.198258 0.291181 0.282015 0.191598 0.218570 0.158453 0.003300 -0.108896 0.423268 0.438845 0.712575 1.000000 -0.178740 0.118088 -0.082371 -0.292748 0.227649 0.170898 0.077515 0.150828 0.329297 0.167355 0.127409 0.087241 0.233375 0.129948 0.199777 -0.075621 -0.104207 0.126695 -0.307112 -0.217714 -0.382297 0.021490 -0.080695 0.013201 -0.228295 -0.344398 -0.384138 -0.408760 -0.101138 -0.171281 0.067896 -0.111398 0.205220 -0.076406 -0.207920 -0.326825 -0.467331 -0.481802 0.331948 0.403547 0.412015 0.309639 0.189648 0.230633 0.170616 0.150149 0.248403 0.155721 0.144609 0.134832 0.112863 0.269698 0.299193 0.125177 0.084979 0.166569 0.011551 -0.097581 -0.274725 0.019971 -0.178963 -0.073281 -0.100352 0.089146 -0.125142 -0.228055 -0.104369 -0.188499 -0.114820 0.013135 -0.390468 -0.279963 -0.101158 -0.297742 -0.114339 -0.394287 -0.088438 -0.229289 -0.232100 -0.104874 -0.083253 0.127327 -0.076518 -0.131568
0.320651 -0.066636 -0.186307 -0.145009 -0.358241 -0.017301 -0.217480 -0.209771 -0.312548 -0.224320 -0.020590 0.042970 0.023320 -0.019093 -0.250322 -0.040261 0.255717 0.230228 0.398610 -0.060215 -0.605462 -0.372885 0.065147 -0.313596 -0.223550 -0.121688 -0.227497 0.089863 0.307539 0.142116 -0.022852 -0.178740 1.000000 0.441946 0.104441 0.217805 0.408417 0.275424 0.320368 0.121399 0.467201 0.305157 -0.172711 0.047023 -0.101791 0.047864 -0.105984 -0.268583 -0.223793 -0.165549 -0.316414 -0.284554 -0.025640 -0.053197 0.426856 0.138606 0.467237 0.373110 0.224032 -0.134503 0.255526 0.008135 0.260535 0.197368 -0.138839 0.111611 0.281637 -0.030809 0.215358 -0.021501 0.044250 -0.023555 0.497842 0.418077 0.637524 0.215320 0.578597 0.013936 0.200671 0.385435 0.310870 0.194095 -0.023578 -0.190143 -0.141448 0.101370 0.123370 -0.090715 -0.191068 -0.207747 -0.418403 -0.565785 -0.120328 -0.215883 -0.151170 0.113780 -0.087124 -0.248950 -0.140401 -0.287386 -0.130256 -0.011716 -0.218971 -0.116065 -0.387775 -0.332908 0.000606 -0.260200 -0.000538 -0.221812 -0.241475 -0.191427 0.034102 -0.310446 -0.167043 -0.329257
-0.007699 -0.078498 -0.168179 0.156002 -0.216235 -0.301984 0.217699 0.360415 -0.266518 -0.039433 -0.170154 -0.049810 0.014688 0.078931 -0.345704 0.106683 0.303598 0.021271 0.278454 0.350535 -0.404102 -0.424238 -0.341483 -0.413052 -0.438655 -0.516307 -0.534094 -0.476934 0.352466 0.380612 -0.114068 0.118088 0.441946 1.000000 -0.004986 0.184561 0.038007 -0.146212 -0.188111 -0.323504 0.014941 0.279837 -0.098797 -0.043677 -0.013894 -0.013456 0.010457 -0.145695 -0.122641 -0.114288 -0.360018 -0.381175 -0.158997 -0.209117 -0.060594 -0.207732 0.043833 -0.021438 0.101105 -0.082237 0.314747 -0.126794 0.249669 0.203701 0.112581 -0.222819 -0.049004 0.102372 -0.021910 0.021709 -0.101734 0.036018 0.415745 0.364445 0.262286 0.089837 0.163567 0.142606 0.120995 0.148358 0.224321 0.286657 0.307366 0.078742 -0.035751 -0.065525 -0.135664 -0.444952 -0.155275 -0.310080 0.033860 -0.049540 -0.045890 -0.027196 -0.151985 0.061515 -0.238100 -0.289847 -0.060457 -0.126902 0.171992 0.316161 0.054323 -0.060231 -0.210491 -0.189151 -0.134831 -0.071955 -0.020688 -0.312731 -0.270687 -0.235517 -0.160717 -0.372042 -0.109778 -0.351358
-0.038070 -0.151018 0.215969 -0.229841 -0.069153 0.222816 -0.045252 -0.204497 -0.074675 -0.184558 -0.024120 -0.125678 -0.077586 -0.230461 0.027897 -0.355932 -0.079505 -0.240853 0.204451 0.093342 -0.122772 0.098655 0.338664 0.362245 0.285885 0.363226 0.180434 0.313607 -0.082642 -0.208216 0.074932 -0.082371 0.104441 -0.004986 1.000000 0.434688 0.139959 0.012194 0.047217 0.123576 0.078170 -0.102746 -0.028978 0.073412 -0.007169 0.307321 -0.093664 0.056988 -0.077566 0.044332 -0.199498 0.086672 -0.213106 0.169358 0.080183 -0.018754 -0.066622 -0.056324 -0.077853 -0.157711 -0.192585 -0.069822 -0.288349 -0.226664 0.164542 0.195217 0.244198 0.235493 0.050082 0.102875 0.085833 -0.082143 -0.112262 -0.074560 0.097731 -0.173863 0.068818 -0.080307 0.025633 -0.002600 -0.042929 -0.051607 -0.052717 -0.167824 0.065340 -0.067378 0.214370 0.290509 0.166133 0.189329 -0.158600 -0.057461 -0.067115 -0.013903 -0.071430 0.016366 0.033011 0.204370 -0.144699 -0.172845 -0.228409 -0.010498 -0.106763 0.065217 -0.155744 0.036003 -0.214008 0.050177 0.014569 0.068974 0.110371 0.068762 -0.087644 -0.010876 0.004754 0.086189
0.001553 -0.100992 0.333481 -0.092519 0.139730 0.177774 0.183330 0.070848 0.065340 0.075575 0.029033 -0.076855 0.172842 0.052454 0.027871 -0.381515 -0.077080 -0.058513 0.187571 0.106037 -0.347847 -0.189515 0.013247 0.057097 -0.078205 0.122915 -0.121164 0.051649 -0.101338 -0.257130 -0.199876 -0.292748 0.217805 0.184561 0.434688 1.000000 -0.111567 -0.141313 0.039601 -0.035716 -0.231727 -0.223898 -0.179275 -0.074317 -0.207512 0.338173 -0.220064 -0.083364 -0.142887 -0.223537 -0.280300 -0.050576 -0.125357 -0.125167 0.127433 -0.017486 -0.177033 0.055441 0.031900 0.106244 -0.195524 -0.077704 -0.295181 -0.105169 -0.015672 0.342148 0.365882 0.571670 0.012791 0.129097 -0.200681 -0.249128 -0.135955 -0.190163 -0.098822 -0.257819 -0.132515 -0.186445 -0.033317 0.035587 -0.150881 -0.228699 -0.061289 -0.420406 -0.150840 -0.241246 0.040846 0.081184 -0.052436 0.069151 -0.078410 -0.034471 -0.038258 0.067897 0.075879 -0.104298 -0.105360 0.100732 -0.248940 -0.289880 -0.219700 0.136916 0.117128 0.054053 0.096377 0.308910 0.115469 0.174724 0.233737 0.148367 0.303931 -0.021017 -0.058229 -0.034322 0.281004 0.180265
