1.000000 0.414235 -0.107559 -0.097887 0.139510 0.082290 0.132071 -0.042142 0.211405 0.231825 0.161550 0.151256 -0.094382 0.068384 0.059679 -0.000843 0.044490 0.288041 0.429337 0.328007 -0.524460 -0.408725 -0.028948 0.001457 -0.521851 -0.433653 -0.167237 -0.090380 -0.024203 -0.106302 -0.421508 -0.309737 -0.025932 -0.124252 -0.103778 -0.238659 -0.209334 -0.231933 -0.431412 -0.363445 -0.320265 -0.170121 -0.088460 -0.230893 -0.306699 -0.348516 -0.173558 -0.049987 -0.287654 -0.294079 -0.086309 -0.480748 0.017374 0.054379 -0.263375 -0.126335 0.318359 0.226213 -0.076480 -0.044314 0.256254 -0.038102 0.343387 0.228686 0.055245 -0.177265 -0.013714 -0.338038 0.322891 0.149233 -0.036597 -0.160832 -0.158809 -0.135295 -0.086715 -0.001831 0.005926 0.066252 -0.030796 0.077519 0.081696 -0.074131 -0.034930 0.110931 0.383265 0.136741 0.212699 -0.047294 0.335420 0.055405 0.466001 0.441024 0.314349 0.228483 -0.122739 0.022097 -0.070830 -0.012857 0.589288 0.285269 0.081928 0.151415 0.089934 0.145260 -0.077083 -0.052461 0.033906 -0.004181 -0.125564 -0.006847 -0.213368 0.074239 0.021388 0.115040 -0.073919 0.018010
0.414235 1.000000 -0.343080 0.152071 -0.180396 -0.054564 -0.328535 -0.234249 0.094730 -0.172334 -0.068779 0.345364 -0.141128 0.245429 0.022874 0.173486 0.288347 0.421640 0.265193 0.116991 -0.088765 0.034941 0.023441 -0.222698 -0.338501 -0.169512 -0.213702 -0.106296 0.101820 0.097204 -0.166270 -0.234425 -0.288481 -0.090554 -0.150070 0.144372 0.200600 0.122790 0.103558 -0.011268 0.082921 0.064503 -0.137230 0.076879 -0.345558 -0.274693 -0.086836 0.074429 -0.363253 -0.332504 -0.055005 -0.204920 0.297732 -0.023116 0.126477 -0.095781 0.342233 0.312241 -0.108655 -0.194213 0.117550 0.297937 0.168622 0.311019 -0.071071 0.216742 -0.285148 -0.249175 0.270030 0.075799 -0.067137 -0.127756 0.107452 0.206767 0.129724 0.212726 0.281000 0.302539 0.151073 0.404752 0.135143 0.153645 -0.079763 -0.113702 0.207041 0.029164 0.115059 0.026297 0.241411 -0.090356 0.127481 -0.108707 0.160010 -0.269358 -0.144859 0.031900 -0.082129 -0.128628 0.327725 -0.115939 -0.102596 -0.087773 -0.075383 -0.356144 -0.343557 -0.330888 -0.038686 -0.268345 -0.216865 -0.144773 0.086772 -0.141499 -0.200055 0.003719 -0.359261 -0.058822
-0.107559 -0.343080 1.000000 -0.061558 0.444855 0.287163 0.608942 0.531617 0.392192 0.168586 0.268813 -0.118671 0.576445 0.222615 0.415238 0.005557 -0.149871 -0.154948 -0.127294 -0.131665 0.082012 -0.075260 0.364090 0.121057 0.510491 0.098221 0.233683 0.102804 -0.109204 -0.335181 0.168604 0.028207 0.011973 0.017901 -0.018387 -0.060039 -0.301121 -0.381358 -0.111025 -0.027474 -0.039739 -0.182701 -0.003919 -0.116136 0.137045 0.213984 -0.059299 -0.167738 0.056116 0.202950 0.039364 0.083365 -0.129510 0.021058 -0.185448 -0.100738 -0.357324 -0.218825 -0.120409 0.167105 0.144457 -0.078762 -0.390999 -0.288165 0.125368 0.113821 0.059817 0.209182 -0.330145 0.113909 0.052583 -0.052110 -0.247507 -0.203356 -0.069060 -0.128847 -0.379444 -0.389063 -0.190697 -0.261580 -0.326537 -0.135043 -0.086927 -0.005420 -0.343091 -0.309636 -0.394078 -0.203523 -0.262020 0.197713 -0.107362 0.060253 -0.125972 0.215484 -0.001169 -0.210805 -0.198739 -0.022152 -0.383927 -0.185566 -0.092651 0.025855 -0.100018 0.178175 -0.038789 0.222117 0.069427 0.191745 -0.015928 -0.046914 -0.133968 -0.035987 0.334533 0.003730 0.361557 -0.132628
-0.097887 0.152071 -0.061558 1.000000 0.059861 0.233591 -0.013738 0.234990 0.170141 -0.007528 0.050622 0.022224 0.220843 0.344332 0.178983 0.338821 0.131881 -0.469257 0.487325 0.190326 0.035378 0.129792 0.295179 0.469092 0.038878 0.252122 0.210964 0.320877 -0.328116 -0.274414 -0.175220 -0.172415 -0.198066 -0.122241 0.042712 0.470890 -0.193394 -0.094071 -0.328192 -0.233238 -0.248396 -0.045813 0.035894 0.235008 0.001834 0.201093 -0.049506 0.191626 -0.151027 0.057394 0.069364 0.084901 -0.036156 -0.007689 -0.119974 0.031631 -0.105911 -0.352982 -0.002667 0.048520 0.169419 -0.144203 0.010589 -0.322727 -0.276136 -0.034111 -0.080056 0.330581 0.031533 0.031924 -0.145759 0.067783 -0.251006 -0.048669 0.015947 -0.037107 -0.089869 -0.021703 0.053002 -0.197895 -0.224081 -0.548403 -0.368506 -0.309994 -0.282755 0.024109 -0.138916 0.007329 -0.186702 0.480015 0.197133 -0.137510 0.171624 -0.120454 0.042932 -0.149071 0.020527 -0.115280 0.028072 -0.134883 -0.075459 0.006414 -0.065384 -0.206510 0.056688 -0.134592 -0.076673 0.110236 -0.295815 -0.362502 0.216669 -0.270794 -0.246876 -0.115187 -0.208674 -0.178296
0.139510 -0.180396 0.444855 0.059861 1.000000 0.785697 0.478488 0.263873 0.518454 0.459364 0.239183 0.051582 0.127546 0.021926 0.154703 -0.027030 -0.260621 -0.281623 0.067058 0.343097 -0.107654 -0.284213 0.356479 0.571955 0.285068 -0.040255 0.559660 0.438168 -0.190545 -0.336669 -0.112387 -0.022414 -0.197119 -0.134005 -0.056862 -0.022263 -0.292839 -0.323667 -0.234882 -0.036911 -0.293557 -0.015794 -0.064491 -0.370427 -0.210519 -0.210299 -0.081574 -0.072760 -0.084213 -0.252035 -0.113898 -0.467221 -0.128241 0.155093 -0.299692 -0.196521 -0.156791 -0.011275 -0.227276 -0.128323 -0.006098 -0.163880 -0.122915 -0.380438 -0.021578 -0.218113 -0.125474 -0.054943 0.090627 0.269580 -0.093338 0.124096 -0.420019 -0.303212 -0.145495 -0.111887 -0.354111 -0.269999 -0.203424 -0.289062 -0.244673 -0.277177 0.022149 0.278741 0.030606 0.046513 -0.283362 -0.024099 0.044101 0.158554 0.267535 0.387121 0.293552 0.554047 0.058834 -0.003063 -0.163350 0.251207 0.004243 0.139253 -0.031239 0.308623 0.082638 0.198943 -0.034670 0.159064 0.218363 0.038715 -0.078835 0.056299 -0.172569 -0.020609 0.092097 0.092509 0.343005 -0.173997
0.082290 -0.054564 0.287163 0.233591 0.785697 1.000000 0.296150 0.205648 0.457072 0.418931 0.063303 -0.086679 0.038815 0.000010 0.059924 0.057811 -0.258628 -0.316713 0.126711 0.189776 -0.035002 -0.167881 0.421417 0.509140 0.307301 0.150865 0.641315 0.562220 -0.373190 -0.282417 -0.147879 -0.157724 -0.359348 -0.202119 -0.021722 0.186613 -0.164950 -0.136090 -0.150817 0.047083 -0.316451 0.016647 -0.079117 -0.182012 -0.198963 -0.169180 -0.066363 0.051262 -0.119336 -0.223760 0.042983 -0.391927 -0.027039 0.087344 -0.165359 -0.063987 -0.074897 0.033423 -0.262500 -0.126900 0.023403 -0.141447 -0.123762 -0.284401 -0.036257 -0.174990 -0.160940 0.031262 0.207592 0.163323 -0.138403 0.102531 -0.430110 -0.228121 -0.172132 -0.006060 -0.311350 -0.149467 -0.110483 -0.139112 -0.249625 -0.410495 -0.077610 0.107724 0.027842 0.062884 -0.247174 0.169200 0.136640 0.302491 0.249025 0.274190 0.252633 0.431309 0.002153 -0.084647 -0.050380 0.116744 0.097395 0.129990 -0.058127 0.195720 0.048323 0.058119 -0.048321 -0.008659 0.041638 -0.116437 -0.121542 -0.023561 -0.033481 0.062746 0.035317 0.059319 0.280137 -0.179318
0.132071 -0.328535 0.608942 -0.013738 0.478488 0.296150 1.000000 0.540808 0.487958 0.474616 0.268512 -0.005370 0.451909 0.291914 0.303018 0.112121 -0.177700 -0.149934 0.156870 0.217828 -0.274929 -0.374598 0.250726 0.290146 0.260487 -0.048031 0.121375 0.081727 -0.094664 -0.196389 0.130767 0.092694 0.122036 0.169215 -0.027204 -0.053979 -0.404800 -0.474739 -0.348980 -0.253582 -0.238851 -0.176049 -0.163502 -0.372090 -0.001192 -0.032601 -0.240065 -0.214062 0.066653 -0.017433 -0.214783 -0.233763 -0.183339 0.140660 -0.521319 -0.283795 -0.205393 -0.202714 -0.169453 0.159836 0.296999 -0.099082 -0.131142 -0.185261 0.033766 -0.253393 -0.034383 0.014838 -0.182887 0.236102 0.079090 -0.045071 -0.262151 -0.305766 -0.171464 -0.296310 -0.316299 -0.232265 -0.268961 -0.317059 -0.254855 -0.232527 0.087168 0.268765 -0.344988 -0.281881 -0.217959 -0.237474 -0.315327 0.204776 0.279645 0.379057 0.139674 0.540621 0.106724 0.009575 -0.306427 0.180670 -0.109828 -0.001824 -0.104279 0.427930 -0.017946 0.362990 0.082866 0.150043 0.114396 0.286450 -0.129867 -0.118021 -0.231172 0.006156 0.240947 0.112736 0.209207 -0.186881
-0.042142 -0.234249 0.531617 0.234990 0.263873 0.205648 0.540808 1.000000 0.250166 0.372852 0.102777 -0.137435 0.281596 0.318084 0.167156 0.177175 -0.149425 -0.333449 0.036423 -0.065694 -0.105052 0.000752 0.007947 0.245065 0.255752 0.248561 0.052268 0.046586 -0.233520 -0.233324 0.117817 0.175065 0.034670 -0.014763 -0.174349 -0.004826 -0.278389 -0.172276 -0.198249 -0.132759 -0.170741 -0.201939 -0.059795 -0.109203 0.144304 0.165426 -0.081138 -0.076639 0.136614 0.171317 0.131852 0.092952 0.059436 0.220352 -0.259370 -0.080915 -0.169538 -0.448373 0.093040 0.206924 0.183417 -0.024189 -0.045340 -0.117380 -0.070561 -0.160770 0.082374 0.012331 -0.352964 -0.179241 0.102815 -0.006224 -0.253321 -0.137640 -0.125091 -0.135722 -0.143504 -0.144363 -0.173699 -0.286104 -0.302328 -0.410750 -0.120892 0.037411 -0.340776 -0.051163 -0.408250 -0.042591 -0.309014 0.234417 0.277295 0.184431 0.173628 0.332647 -0.216506 -0.326385 -0.095422 -0.159135 -0.181606 -0.111471 0.040197 0.211549 0.008773 0.137679 0.012819 -0.049941 -0.150062 0.045604 -0.048718 -0.196389 -0.157471 -0.065500 0.120197 -0.016477 0.061553 -0.234466
0.211405 0.094730 0.392192 0.170141 0.518454 0.457072 0.487958 0.250166 1.000000 0.265734 0.448917 0.124650 0.530907 0.349572 0.519030 0.297581 -0.197428 -0.117658 0.139470 0.380445 -0.114399 -0.301374 0.484802 0.385746 0.117673 -0.083330 0.238398 0.110958 -0.204004 -0.374070 -0.136020 -0.158624 -0.200072 0.039121 -0.069716 0.100893 -0.375987 -0.488050 -0.224612 -0.260027 -0.216875 -0.138978 -0.244683 -0.251313 -0.313248 -0.258138 -0.295057 -0.136353 -0.223619 -0.242517 -0.286553 -0.348227 -0.050669 0.128639 -0.302122 -0.303360 -0.001078 0.120035 -0.158455 -0.013284 0.305887 0.000022 -0.025667 -0.137488 0.034338 -0.032117 -0.199539 -0.022312 0.097324 0.243022 -0.195448 -0.051178 -0.376988 -0.313281 -0.157009 -0.275357 -0.404009 -0.364366 -0.203700 -0.131450 -0.139544 -0.161530 0.039646 0.205050 -0.022810 -0.108226 -0.251917 -0.226462 0.016241 0.298444 0.191661 0.177203 0.294165 0.310611 0.036992 -0.065165 -0.238783 0.281230 -0.140504 -0.011343 -0.020430 0.137613 -0.020196 0.096300 -0.216921 0.133721 0.025922 0.187438 -0.220997 0.012574 -0.343279 -0.192708 -0.044784 0.037482 0.094757 -0.235782
0.231825 -0.172334 0.168586 -0.007528 0.459364 0.418931 0.474616 0.372852 0.265734 1.000000 0.231040 0.084173 0.055764 0.161310 0.156950 0.190988 -0.277913 -0.166796 0.217369 0.400507 -0.405485 -0.456618 0.007345 0.422936 -0.111623 -0.284589 -0.088360 -0.133684 -0.123179 -0.130574 -0.173775 -0.031126 -0.228287 -0.091768 -0.284908 -0.161079 -0.352972 -0.332233 -0.197947 -0.076316 -0.310603 -0.020211 0.146605 -0.231244 0.007528 -0.263985 0.103108 0.012201 0.195677 0.070280 0.021819 -0.388144 -0.018436 0.286393 -0.390730 -0.147450 -0.094109 -0.055300 -0.093365 0.030872 0.067975 -0.076403 -0.025496 -0.209916 0.018956 -0.373260 -0.119175 -0.290074 0.037696 0.269027 -0.037077 -0.110193 -0.346809 -0.357508 -0.360394 -0.163311 -0.418415 -0.245658 -0.271168 -0.166496 -0.122616 -0.241579 0.186513 0.465144 0.099925 -0.056289 -0.102634 0.032890 0.049937 0.085560 0.475278 0.541124 0.338693 0.592135 0.024730 0.106286 -0.171969 0.201146 0.301527 0.141298 0.067859 0.459084 -0.021540 0.273282 -0.089283 0.057385 -0.055088 0.097908 -0.033258 0.086883 -0.293074 0.197678 0.057227 0.186303 0.126590 -0.120236
0.161550 -0.068779 0.268813 0.050622 0.239183 0.063303 0.268512 0.102777 0.448917 0.231040 1.000000 0.217117 0.626965 0.387384 0.595202 0.159565 0.037556 0.180328 0.018983 0.269641 -0.119233 -0.331603 0.290298 0.178812 -0.043625 -0.277002 -0.037989 -0.151434 0.143105 -0.120545 -0.182560 -0.160958 -0.253024 -0.121746 -0.135449 -0.062930 -0.258575 -0.388863 -0.169376 -0.283680 -0.025914 -0.033295 -0.133779 -0.259286 -0.240792 -0.227748 -0.140527 -0.260241 -0.101610 -0.113726 -0.142377 -0.156349 -0.139236 0.268652 -0.192714 -0.311432 -0.138249 0.030066 -0.148382 -0.111612 0.229302 -0.108541 -0.049437 -0.286608 0.034308 -0.004407 -0.051343 0.003521 0.169230 0.288347 -0.152146 -0.207661 -0.119667 -0.291319 -0.127618 -0.117508 -0.287808 -0.305900 -0.019324 -0.021632 0.025676 0.028190 0.190471 0.095583 0.119499 -0.117338 0.158091 -0.283654 -0.013073 0.150100 0.024725 0.243941 0.240099 0.262784 0.087046 0.010668 -0.182572 0.229064 -0.039543 -0.095845 0.019521 0.055548 -0.110107 0.057760 -0.147846 0.150826 -0.045950 0.188007 -0.149551 0.049220 -0.290600 -0.238689 -0.032375 0.022577 0.291995 0.001492
0.151256 0.345364 -0.118671 0.022224 0.051582 -0.086679 -0.005370 -0.137435 0.124650 0.084173 0.217117 1.000000 -0.028010 0.406908 0.058342 0.470709 0.089693 0.357469 0.175338 0.127425 -0.089782 -0.169961 0.227325 -0.016574 -0.297881 -0.460581 -0.285769 -0.306085 0.303206 0.156329 -0.010571 -0.060828 -0.345295 -0.162507 -0.204323 -0.189571 -0.142542 -0.070261 -0.018557 -0.175607 0.000843 -0.153457 0.125722 0.056372 -0.181676 -0.223264 0.197836 0.031437 -0.017500 -0.078890 -0.149711 -0.196001 0.007477 0.085512 -0.013493 -0.183164 0.014357 -0.059071 -0.192993 -0.323577 0.013413 0.310378 0.150595 0.106558 0.043598 0.314453 -0.313550 -0.338793 -0.090431 0.082271 -0.055741 -0.269428 -0.012576 -0.205706 0.037161 -0.032004 -0.093374 -0.195087 -0.193338 0.140246 0.027334 0.261691 0.167942 0.359757 0.342371 0.282788 0.041645 -0.001100 0.293380 -0.213795 -0.144034 -0.062758 0.077461 -0.128336 -0.145666 0.156243 -0.053822 -0.032616 0.211514 -0.135947 0.032754 0.069935 -0.139909 -0.215774 -0.265242 -0.107675 0.090880 -0.046167 -0.271300 -0.079552 -0.349304 -0.125938 -0.075112 0.083909 -0.011877 0.014102
-0.094382 -0.141128 0.576445 0.220843 0.127546 0.038815 0.451909 0.281596 0.530907 0.055764 0.626965 -0.028010 1.000000 0.571869 0.576549 0.156063 0.104450 -0.028616 -0.006033 0.060394 0.138794 -0.039387 0.362291 0.075859 0.278477 0.054383 0.035033 -0.115436 0.009509 -0.291353 0.151815 -0.022805 -0.156287 0.064508 -0.068099 0.169769 -0.254322 -0.337848 -0.206618 -0.172487 0.112887 -0.060508 -0.110858 -0.026991 0.029839 0.095334 -0.143068 -0.158379 -0.124207 0.096636 -0.208998 0.061731 -0.219556 0.079852 -0.276940 -0.178486 -0.218869 -0.142219 -0.098283 0.107642 0.482516 -0.046341 -0.216789 -0.231211 0.065349 0.128995 -0.037604 0.278735 -0.150006 0.189077 -0.019944 0.028254 -0.103284 -0.199838 -0.081100 -0.195578 -0.307186 -0.332835 -0.054972 -0.125683 -0.114778 -0.083756 -0.119590 -0.136655 -0.341385 -0.460031 -0.166883 -0.407795 -0.393901 0.275697 -0.142930 -0.084612 -0.129829 0.062598 0.043963 -0.105807 -0.229566 0.015380 -0.320060 -0.321952 -0.131901 -0.005118 -0.175814 -0.011170 -0.089018 0.145830 -0.092846 0.370720 -0.171915 -0.102949 -0.080175 -0.347275 0.040878 -0.108607 0.144786 -0.155093
0.068384 0.245429 0.222615 0.344332 0.021926 0.000010 0.291914 0.318084 0.349572 0.161310 0.387384 0.406908 0.571869 1.000000 0.381275 0.515244 0.260038 0.111527 0.252773 -0.002802 0.056003 0.009823 0.188632 -0.030101 -0.010755 -0.032615 -0.101931 -0.189082 0.162122 -0.017510 0.131466 0.055113 -0.319849 -0.205519 -0.308505 -0.049926 -0.178237 -0.191302 -0.081803 -0.087350 -0.092970 0.018672 -0.126740 0.067590 -0.160810 -0.163522 -0.039844 -0.056176 -0.118022 -0.073342 -0.276180 -0.095369 -0.006422 0.198916 -0.195166 -0.084643 -0.092249 -0.215635 -0.065492 0.068448 0.429726 0.242259 0.043791 0.068015 -0.164487 0.075649 -0.202234 -0.162121 -0.247188 0.066369 0.126784 -0.020623 -0.025391 -0.071708 0.016424 0.108182 -0.069348 -0.154544 -0.119657 0.021240 -0.053497 -0.076679 0.011507 0.075733 -0.077963 -0.143412 -0.084521 -0.078520 -0.191607 0.137406 -0.035964 -0.023812 0.025914 0.039397 0.003853 0.019163 -0.027436 -0.035810 -0.032359 -0.203195 -0.138553 0.145299 -0.175897 -0.183550 -0.246788 -0.272939 -0.190469 0.022031 -0.248500 -0.280126 -0.174670 -0.354291 -0.039155 -0.057766 -0.172075 -0.173845
0.059679 0.022874 0.415238 0.178983 0.154703 0.059924 0.303018 0.167156 0.519030 0.156950 0.595202 0.058342 0.576549 0.381275 1.000000 0.266409 -0.029226 -0.010912 0.079282 0.125643 0.047766 -0.040014 0.428927 0.139554 0.212404 0.047691 0.160562 0.095293 0.001122 -0.276938 -0.091115 -0.184180 -0.131223 -0.027822 -0.128195 0.002812 -0.177047 -0.288757 0.072261 -0.041164 0.011632 0.031709 -0.130439 -0.058788 -0.186744 -0.021902 -0.177861 -0.153256 -0.122675 0.013609 -0.198271 0.025123 -0.092157 0.121052 -0.095037 -0.144542 -0.181846 0.066245 -0.115699 -0.005796 0.270871 -0.115195 -0.252965 -0.346436 0.031486 -0.017433 -0.177225 0.054798 -0.035253 0.229402 -0.012061 -0.095642 -0.203610 -0.141589 -0.056079 -0.073592 -0.243067 -0.233567 0.057445 -0.092960 -0.234872 -0.189107 0.185810 0.031728 -0.121124 -0.220834 -0.014437 -0.185069 -0.058290 0.296384 0.022147 0.031024 0.135421 0.144054 0.082449 -0.203172 -0.153156 0.228211 -0.194384 -0.192113 -0.061453 0.071474 -0.241096 -0.043914 -0.301499 0.043196 -0.041858 0.002858 -0.092436 -0.196723 -0.106088 -0.252098 0.008244 -0.017650 0.119840 -0.133263
-0.000843 0.173486 0.005557 0.338821 -0.027030 0.057811 0.112121 0.177175 0.297581 0.190988 0.159565 0.470709 0.156063 0.515244 0.266409 1.000000 -0.082191 -0.055526 0.292153 0.127006 -0.032233 -0.063995 0.303988 0.210090 -0.136503 -0.159802 -0.180380 -0.182992 0.045153 0.006144 -0.026191 0.090264 -0.242343 -0.096023 -0.224632 -0.003662 -0.206619 -0.140776 -0.000597 -0.055905 -0.090025 0.081751 -0.134619 -0.023055 -0.198306 -0.145404 -0.009783 -0.039076 -0.187078 -0.111767 -0.189286 -0.149787 0.148891 -0.070428 -0.009706 0.038601 -0.068420 -0.187038 -0.121955 -0.064773 -0.043112 0.203792 0.123165 -0.050471 -0.269065 0.098576 -0.207093 -0.120625 -0.170511 0.008249 -0.095439 -0.229575 -0.134974 -0.134748 0.023244 -0.183879 -0.250241 -0.333181 -0.114833 -0.046863 -0.047999 -0.013324 0.151532 0.378522 0.173572 0.131723 -0.183278 0.098695 0.262070 0.156003 0.125256 -0.001639 0.174566 -0.039831 0.017702 -0.070286 -0.127119 0.131452 0.058861 0.017009 0.104901 0.109721 -0.186074 -0.139028 -0.242541 -0.137140 -0.187196 -0.107892 -0.060024 0.040394 -0.273349 -0.131946 -0.084623 0.033126 -0.031436 -0.035979
0.044490 0.288347 -0.149871 0.131881 -0.260621 -0.258628 -0.177700 -0.149425 -0.197428 -0.277913 0.037556 0.089693 0.104450 0.260038 -0.029226 -0.082191 1.000000 0.450748 0.148359 -0.239144 0.047182 0.013534 -0.118227 -0.356556 -0.261143 -0.040872 -0.032111 0.019993 0.479172 0.462617 -0.073636 -0.190554 -0.037190 -0.106574 -0.042005 -0.013560 0.406601 0.265889 0.036936 -0.042585 0.155739 0.055993 0.024056 0.237690 -0.188408 -0.203590 0.113949 0.178637 -0.187841 -0.086549 -0.121989 -0.010678 -0.001766 0.075878 0.040285 -0.076377 0.415313 0.204693 -0.086442 -0.146711 0.334712 0.098843 0.183278 0.159261 0.161042 0.149769 -0.132128 -0.195433 -0.018454 -0.243111 0.225653 0.027760 0.516900 0.450370 0.337714 0.250061 0.401638 0.365396 0.619026 0.451425 0.472075 0.272755 -0.009548 -0.353610 -0.089959 -0.054111 0.218162 0.051327 -0.346241 -0.058864 -0.157007 -0.229562 -0.237195 -0.166822 -0.112385 0.122767 0.081111 -0.096465 0.028101 0.081109 -0.168344 -0.127525 -0.009488 -0.220459 -0.083424 -0.400230 -0.144905 -0.114709 -0.193415 -0.207863 0.269441 0.003920 -0.078879 -0.042366 -0.349071 -0.205563
0.288041 0.421640 -0.154948 -0.469257 -0.281623 -0.316713 -0.149934 -0.333449 -0.117658 -0.166796 0.180328 0.357469 -0.028616 0.111527 -0.010912 -0.055526 0.450748 1.000000 -0.027169 -0.212154 -0.037207 -0.117502 -0.140222 -0.609183 -0.337149 -0.352530 -0.355981 -0.365057 0.582667 0.511860 0.005252 -0.148666 -0.063072 0.039359 -0.029301 -0.266536 0.390747 0.261594 0.305181 0.020834 0.365813 0.034277 -0.077646 -0.015731 -0.308355 -0.397947 0.028351 -0.066161 -0.257282 -0.313764 -0.227718 -0.268567 0.002751 0.054741 0.181878 -0.123198 0.320236 0.427180 -0.192863 -0.309984 0.182679 0.306790 0.183298 0.437320 0.272173 0.277501 -0.109706 -0.440106 0.063660 -0.123683 0.257182 -0.034297 0.493257 0.292594 0.270908 0.294973 0.398673 0.307144 0.248374 0.659890 0.357255 0.606876 0.175658 -0.028814 0.262439 -0.124984 0.303871 -0.073967 0.215381 -0.299427 -0.124839 -0.053439 -0.065985 -0.123387 -0.194527 0.069027 -0.027202 -0.026659 0.263332 -0.008174 -0.012486 -0.153244 -0.024653 -0.231082 -0.283413 -0.314334 -0.015240 -0.213328 -0.050897 0.030445 -0.009147 -0.039709 0.081123 0.036695 -0.179055 0.012081
0.429337 0.265193 -0.127294 0.487325 0.067058 0.126711 0.156870 0.036423 0.139470 0.217369 0.018983 0.175338 -0.006033 0.252773 0.079282 0.292153 0.148359 -0.027169 1.000000 0.361783 -0.373370 -0.275203 0.094671 0.247250 -0.348560 -0.147868 0.023204 0.138569 0.016294 -0.030530 -0.402210 -0.208302 -0.087219 -0.152279 -0.170400 0.107243 -0.078195 -0.128652 -0.305547 -0.295709 -0.259817 0.180627 -0.070521 -0.020598 -0.254564 -0.194284 -0.166139 0.163457 -0.451982 -0.223589 -0.162320 -0.384230 0.024091 -0.139112 -0.367632 -0.038214 -0.037599 -0.299702 -0.201940 -0.131825 0.293792 -0.004258 0.358535 0.075309 -0.167965 -0.231812 -0.179057 -0.079795 0.192735 0.213086 -0.086928 -0.059445 -0.026500 0.043385 0.137929 -0.076100 -0.058955 0.024720 0.060893 -0.094748 0.045855 -0.309023 -0.162911 0.011958 0.012940 0.024492 0.078868 -0.010684 0.040154 0.231858 0.495496 0.232981 0.503846 0.122246 0.189528 0.088902 0.041615 0.161142 0.375906 0.132281 0.225150 0.221960 0.139971 0.079501 -0.038768 -0.268998 0.024551 0.111939 -0.247356 -0.196296 0.088308 -0.018599 0.022969 0.236298 -0.189145 0.047697
0.328007 0.116991 -0.131665 0.190326 0.343097 0.189776 0.217828 -0.065694 0.380445 0.400507 0.269641 0.127425 0.060394 -0.002802 0.125643 0.127006 -0.239144 -0.212154 0.361783 1.000000 -0.513825 -0.521322 0.039200 0.584792 -0.345358 -0.439557 -0.137124 -0.074365 -0.243575 -0.320885 -0.411755 -0.250899 -0.134505 0.279623 -0.113379 0.124631 -0.425983 -0.503568 -0.428744 -0.402356 -0.264078 -0.021960 -0.225676 -0.489974 -0.234577 -0.281105 -0.376195 -0.190474 -0.238399 -0.294838 -0.082499 -0.446872 -0.151545 -0.066605 -0.457328 -0.426673 0.048391 0.153730 -0.096110 0.016698 0.102824 -0.089682 0.105469 -0.205105 -0.128987 -0.245235 -0.073595 0.117351 0.389819 0.662302 -0.360426 -0.284007 -0.400378 -0.308470 -0.185303 -0.365872 -0.385366 -0.244964 -0.199563 -0.232516 -0.039761 -0.198324 0.111842 0.303310 0.011580 -0.053437 0.061599 -0.266909 0.133440 0.239170 0.545132 0.488266 0.425745 0.355182 0.254042 0.332626 -0.372510 0.369668 0.220780 0.121492 -0.071354 0.358056 0.055487 0.379928 0.133127 0.477050 0.310033 0.317816 -0.001503 0.199871 -0.235624 -0.064351 -0.010283 -0.025426 0.058604 0.169123
-0.524460 -0.088765 0.082012 0.035378 -0.107654 -0.035002 -0.274929 -0.105052 -0.114399 -0.405485 -0.119233 -0.089782 0.138794 0.056003 0.047766 -0.032233 0.047182 -0.037207 -0.373370 -0.513825 1.000000 0.664043 0.153007 -0.233341 0.510455 0.552218 0.266323 0.124040 0.243204 0.117119 0.596927 0.391647 0.070715 0.017576 0.219286 0.202977 0.273300 0.252614 0.386637 0.272433 0.360387 0.105984 0.015585 0.220671 0.135138 0.246639 0.184620 0.068216 0.009849 0.110696 -0.078985 0.276130 -0.055281 0.050365 0.303730 0.173284 -0.095545 -0.055115 -0.032706 -0.152971 -0.180620 0.047108 -0.325907 -0.177580 -0.010914 0.237692 -0.087570 0.111451 -0.246468 -0.408564 0.134250 0.419279 0.168637 0.153014 0.126232 0.254170 0.207244 0.095847 0.109995 0.154763 0.001512 0.150219 -0.091299 -0.185387 -0.045658 -0.074650 -0.204741 0.110202 -0.198503 -0.161779 -0.516152 -0.444196 -0.299313 -0.420865 -0.144406 -0.126088 0.044470 -0.205186 -0.409367 -0.180639 0.015188 -0.437654 -0.117925 -0.407398 -0.223273 -0.189542 -0.118525 -0.296976 0.125824 -0.174220 0.290126 -0.253079 -0.063381 -0.165555 -0.041991 -0.218024
-0.408725 0.034941 -0.075260 0.129792 -0.284213 -0.167881 -0.374598 0.000752 -0.301374 -0.456618 -0.331603 -0.169961 -0.039387 0.009823 -0.040014 -0.063995 0.013534 -0.117502 -0.275203 -0.521322 0.664043 1.000000 -0.054221 -0.160750 0.434575 0.748317 0.219590 0.189287 -0.034916 0.000234 0.467809 0.413296 0.018937 -0.128433 0.053681 0.044607 0.317293 0.414430 0.405521 0.416107 0.187652 -0.020194 0.109092 0.434995 0.253105 0.480861 0.261419 0.251423 0.069182 0.266643 0.015790 0.412377 0.207883 0.008274 0.347826 0.447657 0.023663 -0.080692 0.139110 0.005758 -0.134953 -0.053522 -0.111329 -0.044577 -0.224679 0.047916 -0.119327 0.045981 -0.341632 -0.442067 0.155645 0.459376 0.071706 0.187862 0.084414 0.172304 0.259534 0.135004 0.168969 0.169724 -0.151858 -0.048763 -0.299602 -0.330877 -0.156424 0.045063 -0.177878 0.178720 -0.242217 0.033846 -0.407800 -0.511509 -0.355782 -0.547076 -0.198772 -0.290483 0.383959 -0.278870 -0.283282 -0.083310 -0.067374 -0.360709 -0.071563 -0.502863 -0.116145 -0.288760 -0.297606 -0.205891 0.175810 -0.137720 0.456950 -0.177716 -0.060224 -0.198071 -0.234102 -0.113625
-0.028948 0.023441 0.364090 0.295179 0.356479 0.421417 0.250726 0.007947 0.484802 0.007345 0.290298 0.227325 0.362291 0.188632 0.428927 0.303988 -0.118227 -0.140222 0.094671 0.039200 0.153007 -0.054221 1.000000 0.437827 0.336756 0.076404 0.300549 0.273207 -0.121526 -0.238870 -0.018336 -0.118484 -0.222467 -0.116661 0.094919 0.273914 -0.134020 -0.205806 -0.092906 -0.083214 -0.108075 -0.248303 -0.065712 -0.015614 -0.285752 -0.061680 -0.058992 -0.075300 -0.134885 -0.058832 -0.122258 -0.058495 -0.082279 0.058279 0.038995 -0.014735 -0.056585 0.061966 -0.521058 -0.394104 -0.008464 -0.275898 -0.330329 -0.441159 0.116445 0.186009 -0.407275 0.185357 0.016700 0.030668 -0.339957 -0.008222 -0.289008 -0.283939 -0.097943 -0.276160 -0.274765 -0.273605 -0.028705 -0.116081 -0.059489 -0.039624 -0.033401 0.005720 0.114517 0.213321 -0.099849 0.033900 0.146073 0.292898 -0.199217 -0.172780 0.011833 -0.000079 0.021023 -0.129231 -0.152260 0.127621 0.019490 -0.099387 -0.118215 -0.098676 -0.357734 -0.207472 -0.236883 -0.046858 -0.028136 -0.063393 -0.249892 -0.069984 -0.075405 -0.122275 -0.083775 0.043441 0.174946 -0.087360
0.001457 -0.222698 0.121057 0.469092 0.571955 0.509140 0.290146 0.245065 0.385746 0.422936 0.178812 -0.016574 0.075859 -0.030101 0.139554 0.210090 -0.356556 -0.609183 0.247250 0.584792 -0.233341 -0.160750 0.437827 1.000000 0.137473 0.099190 0.290395 0.336626 -0.453471 -0.475321 -0.245720 0.006440 -0.171390 -0.040017 -0.091905 0.163428 -0.398506 -0.384406 -0.333226 -0.135928 -0.482029 -0.166100 0.033703 -0.198912 -0.064368 0.015565 -0.034370 0.055280 -0.028568 0.009103 0.085406 -0.219835 -0.075783 0.124724 -0.301847 -0.024277 -0.058981 -0.079120 -0.282695 -0.112614 -0.111957 -0.417284 -0.069442 -0.585006 -0.200882 -0.375901 -0.221480 0.166731 0.103741 0.264983 -0.410302 -0.039436 -0.600842 -0.429795 -0.281481 -0.474418 -0.482623 -0.411971 -0.137928 -0.354179 -0.206429 -0.437020 -0.089333 0.220278 -0.018960 0.214872 -0.325754 0.028503 0.037383 0.390764 0.287860 0.245148 0.251473 0.304342 0.186906 -0.036837 -0.052445 0.267883 0.140110 0.183610 -0.021069 0.277776 -0.025284 0.150916 0.063455 0.207990 0.046690 0.184128 -0.045307 0.127386 -0.039787 0.011602 -0.061615 0.047407 0.095006 -0.006971
-0.521851 -0.338501 0.510491 0.038878 0.285068 0.307301 0.260487 0.255752 0.117673 -0.111623 -0.043625 -0.297881 0.278477 -0.010755 0.212404 -0.136503 -0.261143 -0.337149 -0.348560 -0.345358 0.510455 0.434575 0.336756 0.137473 1.000000 0.636145 0.413913 0.265420 -0.103798 -0.085546 0.562933 0.400453 0.053634 0.103736 0.179649 0.245683 0.061480 0.008991 0.272702 0.269188 0.134364 0.062275 -0.090928 -0.031064 0.107439 0.314578 -0.040498 -0.124191 0.127290 0.094432 -0.078071 0.202564 -0.023724 0.032016 0.127254 0.144975 -0.311075 -0.167778 -0.112115 -0.041388 -0.103149 -0.179193 -0.276067 -0.270940 0.034671 -0.066033 -0.083037 0.312416 -0.263855 -0.141014 0.075028 0.359568 -0.079096 -0.001398 -0.024192 0.128725 -0.102312 -0.054532 -0.139389 -0.191000 -0.305432 -0.114750 -0.049391 -0.066721 -0.370667 -0.128374 -0.238655 0.143838 -0.299482 0.182421 -0.352461 -0.343389 -0.202453 -0.053594 0.023227 -0.269938 0.051864 -0.054818 -0.484480 -0.320409 -0.045364 0.019084 -0.125121 -0.155260 -0.038903 -0.013627 -0.006385 -0.059494 0.015706 -0.158889 0.171739 -0.261878 0.140372 -0.080471 0.251238 -0.175119
-0.433653 -0.169512 0.098221 0.252122 -0.040255 0.150865 -0.048031 0.248561 -0.083330 -0.284589 -0.277002 -0.460581 0.054383 -0.032615 0.047691 -0.159802 -0.040872 -0.352530 -0.147868 -0.439557 0.552218 0.748317 0.076404 0.099190 0.636145 1.000000 0.505838 0.499585 -0.146182 -0.059968 0.400300 0.439582 0.172844 -0.014028 0.099423 0.240211 0.253681 0.307340 0.301785 0.349587 0.034070 0.093610 -0.060928 0.301165 0.205580 0.463202 0.063196 0.206472 0.076956 0.204038 0.056234 0.314444 0.095684 0.099887 0.143438 0.350382 -0.078945 -0.158600 -0.009896 -0.028712 -0.065395 -0.304405 -0.145281 -0.208833 -0.131219 -0.233025 -0.054922 0.219543 -0.145793 -0.444213 0.038053 0.421788 0.010697 0.143182 0.010892 0.080277 0.154491 0.143307 0.152774 0.000651 -0.206351 -0.271973 -0.263917 -0.289533 -0.369380 -0.015627 -0.276883 0.181261 -0.435320 0.110288 -0.277481 -0.338030 -0.251052 -0.193320 0.006920 -0.415118 0.339545 -0.131816 -0.327857 -0.016084 -0.048622 -0.190389 -0.045080 -0.305610 -0.013107 -0.338391 -0.305758 -0.219459 0.152362 -0.275016 0.481210 -0.081013 0.102289 -0.088704 -0.187699 -0.234691
-0.167237 -0.213702 0.233683 0.210964 0.559660 0.641315 0.121375 0.052268 0.238398 -0.088360 -0.037989 -0.285769 0.035033 -0.101931 0.160562 -0.180380 -0.032111 -0.355981 0.023204 -0.137124 0.266323 0.219590 0.300549 0.290395 0.413913 0.505838 1.000000 0.909823 -0.256143 -0.259856 -0.026267 -0.009015 -0.034458 -0.234788 0.100785 0.104804 0.076447 0.124978 0.047735 0.250355 -0.233973 0.093820 -0.142610 -0.012330 -0.172622 0.011240 -0.081681 0.069172 -0.047356 -0.142984 0.026369 -0.036137 -0.016482 0.027549 0.036828 0.081302 -0.159026 -0.049407 -0.076071 -0.074822 0.053999 -0.272896 -0.138462 -0.286674 -0.078180 -0.159491 -0.035528 0.091992 0.164569 -0.032781 0.009083 0.284843 -0.192086 -0.041594 -0.008102 0.034275 -0.061274 -0.033579 0.125921 -0.181659 -0.192954 -0.434264 -0.228052 -0.147494 -0.142387 0.081943 -0.266256 0.103804 -0.143362 0.206591 -0.036651 0.039958 0.034746 0.264911 0.102336 -0.113652 0.224275 0.181733 -0.244637 0.146617 -0.051124 0.011821 0.146907 0.007493 0.079677 -0.130087 0.069790 -0.157474 0.025537 -0.155813 0.192050 -0.003601 0.053881 0.101630 0.182173 -0.235010
-0.090380 -0.106296 0.102804 0.320877 0.438168 0.562220 0.081727 0.046586 0.110958 -0.133684 -0.151434 -0.306085 -0.115436 -0.189082 0.095293 -0.182992 0.019993 -0.365057 0.138569 -0.074365 0.124040 0.189287 0.273207 0.336626 0.265420 0.499585 0.909823 1.000000 -0.303419 -0.253044 -0.160355 -0.083101 0.037017 -0.182220 0.131034 0.150403 0.147694 0.196772 0.008556 0.216608 -0.255433 0.041233 -0.100255 0.005983 -0.135831 0.071160 -0.102428 0.119615 -0.056932 -0.099230 0.087345 -0.048509 -0.026531 -0.062310 0.068137 0.111629 -0.111987 -0.032876 -0.114240 -0.087498 0.022609 -0.339832 -0.091897 -0.293139 -0.132629 -0.211957 -0.065825 0.127168 0.183541 -0.038830 -0.035692 0.199090 -0.183843 -0.032388 0.017586 -0.025474 0.023229 0.084675 0.219764 -0.160165 -0.190180 -0.494135 -0.208741 -0.210863 -0.183681 0.120023 -0.216689 0.186788 -0.109691 0.238830 0.032453 0.047525 0.024096 0.236784 0.143505 -0.154672 0.203618 0.122155 -0.101386 0.200117 -0.116201 0.039011 0.147931 0.058902 0.144709 -0.158422 0.047004 -0.173461 -0.020717 -0.209296 0.281638 0.090928 0.064985 0.082216 0.052563 -0.172792
-0.024203 0.101820 -0.109204 -0.328116 -0.190545 -0.373190 -0.094664 -0.233520 -0.204004 -0.123179 0.143105 0.303206 0.009509 0.162122 0.001122 0.045153 0.479172 0.582667 0.016294 -0.243575 0.243204 -0.034916 -0.121526 -0.453471 -0.103798 -0.146182 -0.256143 -0.303419 1.000000 0.666606 0.248619 0.322471 -0.029199 0.137950 -0.109349 -0.192795 0.411232 0.169639 0.309920 -0.053314 0.476467 0.318917 -0.038400 -0.011905 -0.173438 -0.272291 0.133205 -0.055118 -0.142604 -0.163047 -0.371921 -0.259923 -0.111148 0.005768 0.060886 -0.128886 0.011319 0.066098 -0.248459 -0.452597 -0.037821 0.171481 0.197297 0.199659 0.149860 -0.022904 -0.284033 -0.357960 -0.136421 -0.230156 0.254868 0.095275 0.680757 0.352669 0.377063 0.245148 0.398676 0.293486 0.254316 0.293449 0.554333 0.692132 0.413515 0.258283 0.291481 0.006897 0.333987 0.089325 -0.035105 -0.538351 -0.276425 -0.188599 -0.128284 -0.154201 -0.066123 0.214068 -0.113586 0.038301 -0.085222 -0.038256 0.141515 -0.110471 -0.139495 -0.266564 -0.350681 -0.336130 -0.091063 -0.236772 0.041536 -0.001606 0.025259 -0.077281 0.098130 0.035071 -0.081122 -0.035561
-0.106302 0.097204 -0.335181 -0.274414 -0.336669 -0.282417 -0.196389 -0.233324 -0.374070 -0.130574 -0.120545 0.156329 -0.291353 -0.017510 -0.276938 0.006144 0.462617 0.511860 -0.030530 -0.320885 0.117119 0.000234 -0.238870 -0.475321 -0.085546 -0.059968 -0.259856 -0.253044 0.666606 1.000000 0.270562 0.310345 0.065301 0.146191 0.010267 -0.132271 0.504442 0.401083 0.370358 0.061860 0.425299 0.203474 -0.049325 0.076529 -0.139576 -0.296874 0.075944 0.010591 0.090999 -0.234392 -0.310015 -0.176493 0.058671 0.010615 0.320528 0.040858 0.271858 0.131973 -0.044779 -0.429392 -0.059929 0.162388 0.319294 0.380408 0.129617 -0.022360 -0.209621 -0.424582 0.006390 -0.390493 0.237584 0.133075 0.758026 0.561398 0.428480 0.442689 0.579798 0.546390 0.306459 0.458994 0.471695 0.533919 0.336908 0.158469 0.060112 0.046186 0.401763 0.323807 -0.039124 -0.286397 -0.214176 -0.245685 -0.094879 -0.168349 -0.194816 0.191185 0.065485 -0.046680 0.009480 -0.000461 0.007209 -0.091535 -0.124783 -0.216416 -0.175433 -0.429436 -0.182512 -0.300784 0.039064 -0.170918 0.049898 0.023045 -0.114356 0.025208 -0.176529 -0.030073
-0.421508 -0.166270 0.168604 -0.175220 -0.112387 -0.147879 0.130767 0.117817 -0.136020 -0.173775 -0.182560 -0.010571 0.151815 0.131466 -0.091115 -0.026191 -0.073636 0.005252 -0.402210 -0.411755 0.596927 0.467809 -0.018336 -0.245720 0.562933 0.400300 -0.026267 -0.160355 0.248619 0.270562 1.000000 0.703694 0.128513 0.335340 0.179381 0.079731 0.113478 0.160500 0.299848 0.172962 0.336385 -0.045696 -0.139438 0.021376 0.208849 0.192797 0.019210 -0.103599 0.167959 0.010179 -0.148773 0.179888 -0.048413 0.063870 0.172153 0.152284 -0.134619 -0.127467 -0.012694 -0.041958 -0.037099 0.226274 -0.126648 0.135513 0.099709 0.108549 -0.102708 0.015200 -0.411400 -0.311397 0.296063 0.415660 0.231293 0.231832 0.119006 0.263910 0.243188 0.227421 -0.182843 0.149975 -0.177436 0.169933 0.002794 0.019782 -0.258999 -0.168508 -0.175323 0.090199 -0.264695 -0.112505 -0.363822 -0.425682 -0.448491 -0.260203 -0.230402 -0.048327 -0.030759 -0.272445 -0.464779 -0.327949 -0.134743 -0.082190 -0.159610 -0.260712 -0.142098 -0.131981 -0.160646 -0.091952 -0.028235 -0.175681 0.042398 -0.373594 -0.085172 -0.191872 -0.103748 -0.190768
-0.309737 -0.234425 0.028207 -0.172415 -0.022414 -0.157724 0.092694 0.175065 -0.158624 -0.031126 -0.160958 -0.060828 -0.022805 0.055113 -0.184180 0.090264 -0.190554 -0.148666 -0.208302 -0.250899 0.391647 0.413296 -0.118484 0.006440 0.400453 0.439582 -0.009015 -0.083101 0.322471 0.310345 0.703694 1.000000 0.201777 0.217916 -0.047288 -0.072357 0.164133 0.113276 0.254797 0.170793 0.205206 0.170050 -0.115354 -0.014068 0.190367 0.147917 0.078208 -0.042080 0.228972 0.064176 -0.177038 -0.017243 0.023577 0.053403 0.019927 0.195629 -0.122458 -0.251398 -0.029113 -0.194047 -0.268044 -0.088127 0.093057 -0.005478 -0.157453 -0.309773 -0.123149 -0.143083 -0.293780 -0.347879 0.176346 0.407437 0.241441 0.213407 0.099138 0.127297 0.218028 0.105996 -0.111288 -0.102469 0.043838 0.171778 0.112533 0.388905 -0.078622 0.050006 -0.171732 0.133008 -0.251961 -0.254999 -0.267901 -0.210593 -0.232553 -0.124495 -0.060046 -0.056498 0.069735 -0.075298 -0.318050 -0.056640 0.049958 -0.044499 -0.114585 -0.134844 -0.171560 -0.232677 -0.385223 -0.138576 0.193305 -0.018680 0.045790 -0.160770 0.000517 -0.075036 -0.076730 -0.113739
-0.025932 -0.288481 0.011973 -0.198066 -0.197119 -0.359348 0.122036 0.034670 -0.200072 -0.228287 -0.253024 -0.345295 -0.156287 -0.319849 -0.131223 -0.242343 -0.037190 -0.063072 -0.087219 -0.134505 0.070715 0.018937 -0.222467 -0.171390 0.053634 0.172844 -0.034458 0.037017 -0.029199 0.065301 0.128513 0.201777 1.000000 0.255938 0.352749 0.031420 0.012620 0.057861 -0.090245 -0.140229 -0.042925 -0.020142 -0.163888 -0.207224 0.126654 0.149887 -0.248473 -0.248698 0.115504 0.071325 0.091509 0.208386 -0.140071 -0.201516 -0.013781 -0.070457 0.027666 -0.010475 0.270165 0.304245 -0.096774 -0.073712 0.104342 0.096407 0.051167 -0.051816 0.540906 0.156956 -0.008621 -0.224489 0.187916 0.160536 0.194318 0.094358 0.038903 -0.010670 0.145830 0.161058 -0.071114 -0.120315 -0.090367 -0.030693 -0.030508 -0.039170 -0.241317 -0.037912 0.011834 -0.148603 -0.235486 -0.174793 0.013548 0.032391 -0.112368 -0.030970 0.117131 -0.099780 -0.081228 0.008611 -0.193735 0.013430 0.006147 -0.282251 0.144791 0.245811 0.265880 -0.003911 0.063501 0.052789 0.107067 -0.146382 0.017272 0.090571 0.088622 -0.038880 -0.246805 -0.195871
-0.124252 -0.090554 0.017901 -0.122241 -0.134005 -0.202119 0.169215 -0.014763 0.039121 -0.091768 -0.121746 -0.162507 0.064508 -0.205519 -0.027822 -0.096023 -0.106574 0.039359 -0.152279 0.279623 0.017576 -0.128433 -0.116661 -0.040017 0.103736 -0.014028 -0.234788 -0.182220 0.137950 0.146191 0.335340 0.217916 0.255938 1.000000 0.378782 0.340780 -0.029156 -0.051782 -0.062202 -0.296393 0.316658 -0.018290 -0.460038 -0.395597 -0.043892 -0.016158 -0.563691 -0.458673 -0.021459 -0.182079 -0.054236 -0.111699 -0.354444 -0.194332 -0.121970 -0.384258 -0.108624 0.146594 0.061433 0.020618 0.132184 0.074742 -0.021509 0.118922 0.312175 0.035304 0.150560 0.350970 0.124876 0.164648 -0.055849 0.061886 0.084418 0.055965 -0.038168 -0.073728 0.085839 0.144868 -0.145054 -0.078569 -0.104285 0.121783 0.090713 0.143434 -0.359162 -0.303747 0.082075 -0.234156 -0.137592 0.032383 0.010486 -0.116128 -0.121227 0.037407 0.028273 0.033399 -0.441478 -0.072875 -0.269471 -0.213219 -0.048792 0.041967 0.049737 0.210819 0.263120 0.391813 0.191954 0.216645 0.144447 -0.080943 -0.126261 -0.191140 0.221287 -0.304372 -0.058336 -0.055129
-0.103778 -0.150070 -0.018387 0.042712 -0.056862 -0.021722 -0.027204 -0.174349 -0.069716 -0.284908 -0.135449 -0.204323 -0.068099 -0.308505 -0.128195 -0.224632 -0.042005 -0.029301 -0.170400 -0.113379 0.219286 0.053681 0.094919 -0.091905 0.179649 0.099423 0.100785 0.131034 -0.109349 0.010267 0.179381 -0.047288 0.352749 0.378782 1.000000 0.482614 -0.125573 0.021386 -0.246435 -0.213982 -0.085349 -0.160285 -0.223645 -0.162568 0.051805 0.112656 -0.301761 -0.236527 0.107989 -0.061772 0.092688 0.093631 -0.307508 -0.121822 -0.006095 -0.162963 -0.174592 0.019954 0.142886 0.104849 0.045905 -0.038689 -0.095305 -0.043623 0.364168 0.265135 0.392794 0.399327 0.059838 -0.167900 -0.113836 0.198476 -0.072633 -0.066469 -0.238102 0.010958 0.040170 0.152186 -0.033334 -0.122708 -0.212753 -0.149042 -0.177798 -0.177543 -0.159290 -0.109874 0.094780 -0.146313 -0.036895 0.044234 -0.045876 -0.012366 -0.090606 -0.030301 0.151417 -0.033076 -0.062051 -0.127154 -0.182618 -0.128500 0.048377 -0.157120 0.356853 0.129276 0.344350 0.243092 0.257485 0.048921 0.095436 -0.149122 0.136506 -0.167749 0.105355 0.037035 0.123485 -0.161214
-0.238659 0.144372 -0.060039 0.470890 -0.022263 0.186613 -0.053979 -0.004826 0.100893 -0.161079 -0.062930 -0.189571 0.169769 -0.049926 0.002812 -0.003662 -0.013560 -0.266536 0.107243 0.124631 0.202977 0.044607 0.273914 0.163428 0.245683 0.240211 0.104804 0.150403 -0.192795 -0.132271 0.079731 -0.072357 0.031420 0.340780 0.482614 1.000000 -0.117715 -0.051973 -0.261892 -0.212291 0.053368 -0.003316 -0.305777 -0.022163 0.021012 0.187606 -0.328103 -0.035970 -0.152412 -0.035905 0.180015 0.086746 -0.150741 -0.150009 -0.102764 -0.209833 -0.157850 -0.152251 -0.042155 -0.026996 0.078185 0.032091 -0.214390 -0.180989 0.152095 0.185379 0.023140 0.645391 0.182109 0.056254 -0.240559 0.146767 -0.121541 0.038168 -0.099465 0.008781 -0.030789 0.158268 -0.054062 -0.172314 -0.170224 -0.272740 -0.191179 -0.226412 -0.328408 -0.157956 0.042739 -0.138541 -0.189390 0.124176 0.090213 -0.151821 0.075925 -0.067454 0.015720 -0.106889 -0.217884 -0.183336 -0.147623 -0.314450 -0.004328 -0.173576 0.063445 -0.159464 0.146762 0.052500 0.078384 0.034613 -0.233133 -0.230607 0.281819 -0.198292 0.013792 -0.011780 0.041865 -0.112299
