1.000000 0.453633 -0.118672 -0.347070 -0.170890 0.210333 0.277110 -0.260361 -0.031034 0.058904 0.087476 0.228192 0.088230 -0.048952 -0.210513 -0.126764 -0.229126 0.015629 -0.136716 -0.041406 0.205623 0.054191 -0.193441 -0.109890 0.070429 -0.094153 0.128465 -0.044927 -0.261157 -0.178414 -0.381753 -0.271554 -0.072200 0.024373 -0.068184 0.116018 -0.189398 -0.116561 0.293002 -0.021666 -0.173630 -0.092699 -0.061659 -0.069233 -0.024496 -0.176455 0.092213 0.164471 0.316157 0.135329 0.102306 0.279907 0.415986 0.155866 0.195102 0.029830 0.174246 -0.059384 0.417515 0.268800 0.440031 0.245408 0.038922 0.369184 -0.305072 -0.106790 -0.104361 -0.145151 -0.293740 0.012734 0.020281 0.026098 -0.087918 -0.212595 -0.129183 -0.180342 -0.072125 -0.115492 -0.094159 -0.137972 -0.081389 -0.076819 -0.084071 -0.109744 -0.142757 -0.022194 0.036816 -0.285081 0.108993 0.240188 0.078656 -0.083961 0.203872 -0.111665 -0.018760 0.144314 0.010987 0.080088 0.181389 -0.163320 -0.080510 -0.067563 0.124059 -0.064012 0.065065 -0.058251 0.089992 -0.052170 -0.035331 -0.076443 -0.169896 -0.037937 0.052021 0.118660 0.066990 -0.118876
0.453633 1.000000 -0.266635 0.035783 -0.259028 0.012368 -0.009041 -0.055623 0.126307 0.007643 0.178834 0.621017 0.398797 0.321729 -0.111993 0.196121 -0.127980 0.405577 0.071277 -0.428762 0.059396 -0.056817 -0.174003 -0.445555 -0.043277 -0.142024 -0.062347 -0.096434 -0.085002 0.230833 -0.261094 -0.301683 0.231687 0.144364 -0.044068 -0.077876 -0.078908 0.221854 0.198292 0.044198 -0.204140 0.069311 0.003188 -0.028794 -0.228710 -0.342018 0.331324 -0.049928 0.232534 0.072187 0.109356 0.503869 0.343957 0.317507 0.366667 0.432374 0.283212 0.194135 0.202217 0.149562 0.406273 0.343470 -0.082635 0.440757 -0.453923 0.024893 -0.120154 -0.401563 0.018266 -0.197477 -0.151881 0.137046 -0.073247 0.016807 -0.118564 -0.078824 -0.072254 -0.128695 -0.061512 -0.122120 -0.119642 0.116542 -0.177018 -0.333187 -0.205133 -0.021904 0.158712 -0.184368 -0.008962 0.141131 -0.133442 -0.258739 -0.066898 -0.074603 -0.175581 -0.070185 -0.039293 -0.030655 0.050694 -0.023396 -0.058763 -0.083572 -0.068891 -0.146135 -0.054748 -0.334763 0.121727 -0.262905 -0.173583 -0.038080 -0.465924 0.099992 0.065921 0.149040 -0.229026 -0.262972
-0.118672 -0.266635 1.000000 -0.246612 0.198362 -0.024281 0.695227 -0.016038 0.186459 -0.211605 -0.202684 -0.381933 -0.150347 -0.291945 -0.322242 -0.449006 -0.454478 -0.359560 0.087729 -0.037985 0.338790 -0.043195 0.244954 -0.095816 0.389722 0.162605 0.161600 -0.105006 -0.372095 -0.275245 0.162073 -0.142725 0.194699 0.018964 0.098021 0.111834 -0.182435 -0.315841 0.087490 -0.413911 -0.334451 -0.414869 0.371720 0.338089 0.307823 0.321893 0.007046 -0.007182 0.287377 0.039113 0.333426 -0.041619 -0.117249 -0.168478 -0.251247 -0.357312 -0.414323 -0.325874 0.200789 0.234602 0.044117 -0.145669 0.072897 -0.124637 0.097776 -0.008421 0.342880 0.286189 0.052335 0.013886 0.274542 -0.164663 -0.145985 -0.160382 -0.111592 0.061489 0.054332 -0.168620 -0.247499 -0.171891 -0.351847 -0.217266 -0.227908 -0.118312 -0.275304 0.003870 -0.065057 -0.247890 -0.221151 -0.185678 -0.324125 0.174657 -0.005380 0.162495 -0.032562 -0.159923 0.099381 -0.138503 -0.265071 -0.114152 -0.047130 0.193015 0.112507 0.133951 -0.119217 0.029924 -0.081801 0.131674 0.163491 -0.052558 0.248472 -0.211190 -0.184000 -0.249467 -0.121850 0.010318
-0.347070 0.035783 -0.246612 1.000000 0.085891 -0.218342 -0.474026 0.554066 -0.014513 0.221110 -0.241631 0.179246 -0.087413 0.442815 0.346758 0.622073 0.096990 0.096473 0.324626 -0.227478 -0.185072 -0.063045 0.107764 0.053992 -0.413630 -0.069928 0.032055 0.334371 0.247372 0.200000 0.187406 0.221204 0.143081 0.023901 -0.028481 -0.185957 -0.171625 0.006197 -0.227715 -0.001642 0.007563 0.029426 -0.011310 0.002681 -0.210375 -0.195432 0.202210 -0.291819 -0.135822 -0.299799 0.022940 -0.023291 -0.007951 -0.069794 -0.032781 0.192357 0.060541 0.024533 -0.389592 -0.211797 -0.075869 -0.134345 -0.087820 -0.210240 -0.020082 0.244283 -0.011413 -0.066055 0.157820 -0.154458 -0.353656 0.096022 -0.001425 0.113964 0.026006 -0.017533 -0.288974 -0.254937 0.095505 -0.073699 -0.052747 -0.078370 0.141023 0.096986 0.227202 -0.065066 0.055285 0.172038 0.143889 -0.128505 0.066711 -0.364092 0.010206 -0.188543 0.052832 0.152876 -0.114012 0.034614 -0.066526 -0.146621 0.332199 0.032566 0.178501 -0.123969 0.140666 0.027091 0.120529 -0.109917 -0.142290 -0.003610 -0.332800 0.070417 0.083948 0.142137 0.036790 -0.029510
-0.170890 -0.259028 0.198362 0.085891 1.000000 -0.047479 0.027046 0.139275 0.565960 0.577222 -0.221912 -0.331142 -0.292809 0.130274 0.144739 0.133946 -0.166729 -0.292781 0.257772 0.029640 -0.123987 -0.057808 -0.087765 -0.020040 -0.271285 -0.178991 0.197892 0.173455 0.117445 -0.162570 0.028486 -0.027111 0.001047 0.278089 0.335460 0.216941 -0.328559 -0.379052 -0.017210 -0.174705 -0.096364 -0.234946 0.004929 -0.149527 0.127226 0.033703 -0.099866 0.037989 0.058192 -0.066713 0.129121 -0.048939 0.025908 -0.056813 -0.342978 -0.185484 -0.356758 -0.236451 0.258641 0.105596 0.163069 0.102325 -0.031234 -0.107814 0.232093 0.160688 0.178402 0.091696 0.023037 0.118515 -0.334900 -0.364788 -0.162381 -0.481998 -0.155930 -0.347461 -0.080050 -0.142900 0.023416 -0.269492 -0.118931 -0.255696 0.230970 0.037114 0.006015 -0.342526 -0.156553 0.145219 -0.120633 -0.104088 0.068070 0.000380 0.141975 0.021762 0.268436 0.187704 -0.072547 0.065104 -0.168298 -0.088576 0.105171 0.117496 0.016010 0.067740 -0.053638 0.039193 0.058000 -0.026817 -0.045510 0.231132 0.096208 -0.046377 0.095411 -0.072672 0.116167 -0.106136
0.210333 0.012368 -0.024281 -0.218342 -0.047479 1.000000 0.139753 0.175640 -0.083599 0.253923 0.007513 0.016489 -0.161556 -0.197888 -0.582161 -0.225731 -0.312192 -0.394500 -0.415712 -0.094019 0.406360 0.366998 -0.527326 -0.186564 -0.009308 0.062060 0.086901 0.191816 -0.496822 -0.254445 -0.312248 -0.034385 -0.136118 0.016164 0.084965 0.314580 -0.214796 -0.109664 -0.057306 -0.039504 -0.218172 -0.029357 0.192443 0.140228 0.474765 0.527914 0.188858 0.305069 0.325786 0.437679 -0.096689 0.210460 0.200846 -0.059847 -0.056570 0.063481 -0.047414 -0.178483 0.134562 0.225944 -0.082090 0.148787 0.012619 0.000739 -0.322196 0.242908 -0.043571 0.405354 -0.376122 0.187158 0.112694 0.206626 -0.397310 -0.209224 -0.250300 -0.007427 -0.233567 0.088945 -0.437740 -0.193468 -0.289163 -0.391657 -0.293479 -0.124336 -0.373016 -0.402423 -0.173429 -0.336664 -0.287107 -0.025005 0.199602 0.255637 0.243797 0.190375 0.140910 0.084871 0.137375 0.230967 0.171063 0.286390 0.041679 -0.046815 0.194162 0.160905 0.230782 0.118375 0.055299 0.235903 0.080493 -0.004376 0.241416 0.267191 0.089810 0.101363 0.267951 0.184115
0.277110 -0.009041 0.695227 -0.474026 0.027046 0.139753 1.000000 -0.043654 0.189872 -0.138692 -0.146513 -0.028013 0.041186 -0.182120 -0.431551 -0.450045 -0.516100 -0.238230 -0.185104 -0.146946 0.425395 0.082578 -0.073120 -0.247720 0.268638 -0.043648 0.191516 -0.038862 -0.470361 -0.256439 -0.136564 -0.342704 -0.003579 0.028751 -0.000447 0.106446 -0.249098 -0.199209 0.149053 -0.356939 -0.420240 -0.415114 0.232791 0.235542 0.183346 0.152707 0.080046 0.181362 0.320805 0.068743 0.133283 0.031867 0.128321 -0.093858 -0.052233 -0.319748 -0.402374 -0.320138 0.519078 0.437095 0.323913 0.278397 0.184510 0.296984 -0.138652 0.071990 0.081299 0.149372 -0.243147 0.064947 0.276090 -0.088879 -0.154538 -0.247860 -0.297671 -0.018404 -0.031843 -0.169010 -0.146357 -0.134173 -0.275282 -0.164413 -0.449809 -0.170897 -0.433557 0.033437 -0.239308 -0.442903 -0.208483 0.150114 -0.175961 0.079499 0.075519 0.109815 -0.182920 -0.260397 0.239214 -0.074836 -0.074609 -0.194534 -0.098586 0.246450 0.128773 0.091505 -0.046139 0.025787 -0.217010 0.138033 0.140730 -0.167835 0.124489 -0.125317 -0.081385 -0.199318 -0.060272 0.052635
-0.260361 -0.055623 -0.016038 0.554066 0.139275 0.175640 -0.043654 1.000000 0.125680 0.516755 -0.367033 0.351726 -0.142154 0.536293 -0.176248 0.221467 -0.049735 -0.080339 -0.143932 -0.322258 -0.112816 -0.062838 -0.288988 -0.184078 -0.483603 -0.164005 -0.103409 0.148181 -0.069795 0.041729 0.020510 0.175315 0.136649 0.124058 0.112131 -0.053314 -0.261767 0.038081 -0.246816 -0.139249 -0.149836 -0.097482 0.039981 0.076242 0.099709 0.178883 0.257470 -0.041852 0.086178 -0.009618 -0.052905 0.040882 0.072164 -0.169479 -0.227847 0.003561 -0.117776 -0.252504 -0.074357 -0.019959 0.019792 0.294951 0.019375 -0.141507 -0.097606 0.594423 -0.024241 0.184634 -0.175542 -0.161520 -0.205137 0.100648 -0.132556 -0.028526 -0.148078 -0.094984 -0.273652 -0.003380 0.059405 -0.135098 -0.199680 -0.341309 -0.146183 -0.104887 -0.085451 -0.289149 -0.054215 -0.079236 -0.164972 -0.142212 0.106286 -0.201361 0.184821 -0.078149 0.048495 0.031193 -0.134112 -0.063224 -0.084890 -0.137700 0.259342 -0.020482 0.059905 -0.086813 0.063297 -0.135689 -0.012704 0.071155 -0.025605 -0.134504 -0.164584 0.109367 0.154080 -0.080852 -0.126830 0.001570
-0.031034 0.126307 0.186459 -0.014513 0.565960 -0.083599 0.189872 0.125680 1.000000 0.509423 -0.261550 -0.027359 -0.002803 0.283066 -0.147889 0.083694 -0.259545 -0.050790 0.016527 -0.340518 0.076358 0.003868 -0.164663 -0.310309 -0.202013 -0.175063 -0.007719 -0.028647 -0.107379 -0.137864 -0.168043 -0.291805 -0.002402 0.007440 0.139159 0.056264 -0.123456 -0.144249 0.232768 -0.024209 -0.144995 -0.271721 0.155728 0.077629 0.136076 0.052556 0.246266 0.178875 0.154280 0.084882 0.213828 0.182863 0.195846 -0.190442 0.065575 0.069776 -0.150493 -0.189298 0.192417 0.191161 0.149166 0.247277 -0.026191 0.107371 -0.128827 0.211565 0.061181 0.000097 -0.078429 -0.014635 -0.214818 -0.320785 -0.244677 -0.494148 -0.321092 -0.482154 -0.208284 -0.144099 0.091680 -0.221107 -0.017654 -0.091153 0.031126 -0.317647 -0.149708 -0.176285 -0.002869 -0.187660 -0.097052 -0.145960 0.143395 -0.094695 0.088808 0.053593 0.107534 -0.026079 0.109228 -0.007050 0.012902 -0.012088 0.074301 0.086279 -0.002575 0.205176 0.064206 0.047449 0.249482 -0.139015 -0.020502 0.229345 -0.125340 0.017579 0.224811 -0.053980 -0.011524 0.015767
0.058904 0.007643 -0.211605 0.221110 0.577222 0.253923 -0.138692 0.516755 0.509423 1.000000 -0.341049 0.144680 -0.229831 0.440709 -0.069117 0.310166 -0.079657 -0.183176 -0.171627 -0.244312 -0.222489 0.021844 -0.437899 -0.258497 -0.518107 -0.236767 -0.064287 0.063214 -0.032125 -0.118994 -0.200962 -0.075309 -0.014246 0.201908 0.375934 0.267998 -0.239032 -0.103500 -0.073650 0.040175 -0.021751 0.014409 0.038125 -0.118584 0.231062 0.135468 0.153828 0.174634 0.191970 0.211539 -0.004722 0.227849 0.278829 -0.005560 -0.196486 0.030800 -0.094454 -0.220950 0.278437 0.077592 0.138947 0.408608 -0.156277 -0.087199 -0.096471 0.492525 -0.150464 0.099088 -0.228425 0.015746 -0.432995 -0.170929 -0.242871 -0.334424 -0.189581 -0.435728 -0.235903 0.021895 -0.025946 -0.395329 -0.110157 -0.310607 0.122157 -0.086345 -0.065374 -0.471550 -0.069762 -0.008992 -0.201531 -0.045819 0.322331 -0.154629 0.272113 -0.010572 0.172801 0.133354 -0.219072 0.062128 0.010601 -0.127053 0.261632 -0.133462 0.070087 0.026968 0.059655 -0.039163 0.177923 -0.048105 -0.144833 0.142886 -0.175741 0.094572 0.413632 -0.070299 0.010674 -0.141248
0.087476 0.178834 -0.202684 -0.241631 -0.221912 0.007513 -0.146513 -0.367033 -0.261550 -0.341049 1.000000 0.073623 0.539667 -0.293657 0.272650 -0.158871 0.320702 0.199790 0.076878 0.117807 0.068374 0.016171 0.286086 0.274111 0.469162 0.175524 -0.075182 -0.306233 0.032205 0.114951 0.241738 0.256806 -0.180014 0.075530 0.074922 0.026685 0.100401 0.073387 -0.061276 0.006970 0.032224 0.215349 -0.038572 0.033711 -0.114331 -0.157859 -0.004144 0.003383 -0.244167 -0.002098 -0.138711 0.018071 -0.268006 0.297002 0.157364 0.024118 0.165857 0.242537 -0.246543 -0.315108 -0.205532 -0.192575 -0.374412 -0.139765 0.211362 -0.308302 -0.206950 -0.277892 -0.040126 -0.155409 0.093868 0.235516 0.171495 0.314587 0.256671 0.331231 0.295294 0.182315 -0.029072 0.267043 0.083046 0.238115 0.127690 -0.119002 0.377730 0.237176 0.331990 0.033138 0.103196 0.009216 -0.349819 0.185600 -0.332009 -0.185386 -0.237977 -0.109167 0.002660 0.033161 0.075377 0.281780 -0.202758 -0.230436 -0.061100 -0.239342 -0.066017 -0.143869 -0.033765 0.147159 -0.050411 0.093350 0.158398 0.121692 -0.122809 0.091854 0.107447 -0.004208
0.228192 0.621017 -0.381933 0.179246 -0.331142 0.016489 -0.028013 0.351726 -0.027359 0.144680 0.073623 1.000000 0.462312 0.644223 -0.002072 0.327626 0.195039 0.450533 -0.229932 -0.455930 -0.176882 -0.111430 -0.301404 -0.348536 -0.281484 -0.285340 -0.193379 -0.057393 0.037246 0.362416 -0.153991 -0.092635 0.072293 0.130985 -0.120582 -0.196195 -0.097686 0.269153 -0.137366 0.079049 -0.156915 0.183054 -0.154814 -0.085797 -0.183221 -0.262869 0.250926 -0.107014 0.166588 0.010381 -0.154053 0.352125 0.232782 0.167024 0.225734 0.202682 0.199160 -0.012755 0.172379 0.064864 0.321642 0.429461 -0.031209 0.297637 -0.443195 0.271730 -0.251699 -0.272758 -0.095601 -0.244666 -0.240013 0.322078 0.113172 0.229328 -0.042082 -0.021168 -0.147041 -0.047337 0.182605 0.011838 -0.060182 -0.000574 -0.243610 -0.283146 -0.101908 0.007041 0.039938 -0.031011 -0.078901 0.124701 -0.028350 -0.351839 0.019994 -0.116176 -0.265374 -0.222052 -0.205661 -0.153966 0.061725 -0.112014 0.132317 -0.194079 -0.106002 -0.331399 -0.022902 -0.415520 -0.041629 -0.222676 -0.175775 -0.238197 -0.486060 0.059310 0.137213 0.046047 -0.186153 -0.132167
0.088230 0.398797 -0.150347 -0.087413 -0.292809 -0.161556 0.041186 -0.142154 -0.002803 -0.229831 0.539667 0.462312 1.000000 0.315755 0.307213 0.198206 0.113546 0.140765 -0.127852 -0.241228 -0.080318 -0.124073 0.188027 0.029702 0.104659 -0.130000 0.019927 -0.064718 -0.105448 0.051139 -0.081010 -0.160918 -0.187798 -0.179477 -0.183068 -0.290036 0.134594 0.198617 0.003643 0.029773 -0.016875 0.059909 -0.038218 0.114744 -0.205020 -0.271442 0.161054 -0.005053 0.022458 -0.134284 -0.016153 0.152691 0.050073 0.126992 0.370573 -0.010790 -0.089297 0.016965 0.024075 -0.115032 0.144375 -0.022016 -0.290300 -0.102475 -0.068622 -0.069647 -0.339612 -0.125355 0.010252 -0.103009 -0.177642 0.029417 0.023412 0.080179 -0.007944 0.049531 -0.084300 -0.206379 -0.013176 -0.067082 -0.070068 -0.011154 -0.019183 -0.242321 0.295527 0.276489 0.218505 0.000641 0.226152 0.048905 -0.130579 0.003480 -0.121993 0.004511 -0.284525 -0.058069 0.054354 -0.130131 0.159184 -0.043360 -0.022501 -0.131017 -0.039433 -0.264634 0.052748 -0.204739 -0.023986 0.102306 -0.111955 -0.040902 -0.157622 -0.018241 -0.132553 0.226850 0.033074 0.068995
-0.048952 0.321729 -0.291945 0.442815 0.130274 -0.197888 -0.182120 0.536293 0.283066 0.440709 -0.293657 0.644223 0.315755 1.000000 0.228411 0.623567 0.118170 0.193091 -0.046925 -0.338451 -0.408643 -0.240579 -0.348339 -0.294312 -0.719968 -0.516222 -0.089717 0.123216 0.191220 0.216286 -0.216232 -0.160017 0.094877 0.007777 -0.191567 -0.223345 -0.079468 0.215233 -0.161311 0.104944 0.021237 0.063603 -0.253426 -0.233716 -0.200273 -0.276351 0.088210 -0.112123 0.075606 -0.179532 -0.104734 0.143348 0.299802 -0.042220 0.047514 0.025399 -0.133416 -0.248082 0.261006 0.145210 0.410011 0.348227 -0.002622 0.099939 -0.227331 0.392231 -0.175124 -0.070974 0.044910 -0.062766 -0.478739 -0.084341 -0.078298 -0.075405 -0.219864 -0.218452 -0.264347 -0.217132 0.171419 -0.260145 -0.073282 -0.208699 0.067992 -0.053048 0.007968 -0.196801 0.004992 0.124756 0.043060 0.066579 0.317481 -0.329477 0.168229 0.056312 0.013990 0.059261 -0.267488 -0.167917 0.074288 -0.275408 0.235952 0.013130 0.030908 -0.072470 0.176668 -0.248059 0.004465 -0.158043 -0.030962 -0.078051 -0.454791 -0.077546 0.169846 0.077874 -0.167514 0.004411
-0.210513 -0.111993 -0.322242 0.346758 0.144739 -0.582161 -0.431551 -0.176248 -0.147889 -0.069117 0.272650 -0.002072 0.307213 0.228411 1.000000 0.586864 0.279099 0.109335 0.400930 0.202981 -0.436167 -0.226315 0.427174 0.517207 -0.167270 -0.111847 0.185756 0.131788 0.439418 0.179416 0.268568 0.196719 -0.160648 -0.068076 -0.112192 -0.160397 -0.053970 0.041006 -0.200208 0.158809 0.252783 0.166996 -0.354730 -0.218668 -0.411544 -0.472012 -0.312177 -0.253445 -0.355627 -0.348494 -0.152847 -0.216789 -0.220028 0.133265 -0.118119 -0.170135 -0.141868 0.055287 -0.173176 -0.371263 0.075718 -0.273013 -0.335955 -0.296959 0.426929 -0.258593 -0.246314 -0.295474 0.142009 -0.089141 -0.392169 -0.063688 0.135955 0.126830 0.108921 0.079292 -0.038530 -0.091707 0.174272 0.034830 0.060427 0.214116 0.585616 0.416055 0.483553 0.312002 0.147107 0.528838 0.321153 0.254892 0.082147 -0.046251 -0.063690 -0.091261 -0.016417 0.066939 -0.324514 -0.025748 0.012195 -0.135049 0.113809 0.064838 0.080820 -0.150352 0.029686 0.088260 -0.041038 -0.175289 -0.187026 -0.117098 -0.157007 -0.140286 -0.020170 0.183161 -0.001651 -0.132037
-0.126764 0.196121 -0.449006 0.622073 0.133946 -0.225731 -0.450045 0.221467 0.083694 0.310166 -0.158871 0.327626 0.198206 0.623567 0.586864 1.000000 0.099159 0.093275 0.203629 -0.274736 -0.353262 -0.091802 -0.068813 0.048691 -0.507234 -0.167037 0.077597 0.338630 0.252378 0.313942 0.047664 0.081644 -0.004623 -0.144667 -0.249000 -0.200041 -0.154425 0.111319 -0.236294 0.254414 0.140134 0.209809 -0.238564 -0.203433 -0.386045 -0.409445 0.000972 -0.212566 -0.191793 -0.245344 -0.186327 0.022466 0.066784 0.074370 0.038994 0.089318 -0.083315 -0.052646 -0.063787 -0.013335 0.201859 0.045736 -0.162241 -0.027239 -0.061454 0.166443 -0.225072 -0.200048 0.088819 -0.099406 -0.548498 -0.082421 -0.056295 -0.012069 -0.123209 -0.123558 -0.358019 -0.292067 0.043253 -0.178716 0.020199 0.043304 0.362673 0.344833 0.234500 0.112024 0.088118 0.409481 0.248327 0.114146 0.320932 -0.264569 0.038541 -0.019457 0.210856 0.190971 -0.197667 -0.005539 0.015371 -0.194586 0.124393 0.074570 0.079688 -0.039025 0.114530 -0.059677 0.045945 -0.332971 -0.186326 0.022622 -0.390840 -0.061282 0.094531 0.259055 -0.037802 -0.051012
-0.229126 -0.127980 -0.454478 0.096990 -0.166729 -0.312192 -0.516100 -0.049735 -0.259545 -0.079657 0.320702 0.195039 0.113546 0.118170 0.279099 0.099159 1.000000 0.518670 -0.066277 0.298842 -0.395907 -0.117667 0.053242 0.173608 -0.068461 -0.146697 -0.359763 -0.316992 0.582696 0.363808 0.278066 0.309735 -0.019237 0.124159 0.052888 -0.132274 0.371551 0.268453 -0.295163 0.111009 0.293451 0.295178 -0.183557 -0.270028 -0.257698 -0.235661 -0.244362 -0.195792 -0.510484 -0.200223 -0.380301 -0.263424 -0.274630 0.118966 0.057241 0.053281 0.402123 0.388031 -0.274771 -0.377417 -0.249986 -0.000764 -0.064969 -0.046053 0.234229 -0.076366 -0.104216 -0.299928 0.250829 -0.110926 -0.040215 0.147481 0.464212 0.424481 0.338276 0.233716 0.328859 0.199463 0.418825 0.394891 0.588691 0.413001 0.195624 0.130715 0.501976 0.154567 0.102500 0.474188 0.174669 -0.030178 -0.109431 -0.162473 -0.202807 -0.146397 -0.209548 -0.171688 -0.204603 -0.227259 -0.042311 0.085465 -0.062637 -0.366884 -0.232970 -0.398866 -0.182332 -0.246448 0.000656 -0.067486 -0.091545 0.067329 -0.027711 -0.026157 0.063766 -0.064858 -0.091006 -0.084592
0.015629 0.405577 -0.359560 0.096473 -0.292781 -0.394500 -0.238230 -0.080339 -0.050790 -0.183176 0.199790 0.450533 0.140765 0.193091 0.109335 0.093275 0.518670 1.000000 0.080420 -0.049303 -0.190188 -0.159533 -0.006207 -0.196491 0.015180 -0.230369 -0.311845 -0.230056 0.387167 0.582756 0.160472 0.032437 0.297015 0.275580 -0.045551 -0.120942 0.176902 0.198609 -0.136361 -0.001070 0.004606 0.253151 -0.163480 -0.175227 -0.335912 -0.403648 0.063991 -0.233211 -0.302988 -0.199314 -0.106642 0.024448 -0.083652 0.254693 0.301342 0.231811 0.515674 0.512768 -0.230268 -0.292365 0.043088 0.163201 0.192429 0.445919 -0.093823 -0.110207 -0.066554 -0.633342 0.136775 -0.336326 -0.060538 0.146965 0.487158 0.508245 0.262375 0.181103 0.232617 -0.008742 0.516908 0.556292 0.460149 0.623638 -0.138095 -0.190597 0.136165 0.280277 0.106794 0.131346 0.030694 -0.002367 -0.258474 -0.423265 -0.330667 -0.174113 -0.403662 -0.338348 -0.178502 -0.123093 0.021280 0.102254 -0.046656 -0.161067 -0.177997 -0.279626 -0.220206 -0.307138 -0.058404 -0.171425 -0.177159 0.098140 -0.282984 0.081182 0.083345 -0.033036 -0.249240 -0.044862
-0.136716 0.071277 0.087729 0.324626 0.257772 -0.415712 -0.185104 -0.143932 0.016527 -0.171627 0.076878 -0.229932 -0.127852 -0.046925 0.400930 0.203629 -0.066277 0.080420 1.000000 0.101667 -0.070174 -0.414717 0.448352 0.125813 -0.009933 0.104369 0.223283 0.058162 0.292821 0.268515 0.267796 0.132350 0.392948 0.244189 0.027538 -0.059103 -0.216153 -0.238267 -0.091647 -0.093643 -0.016781 -0.041852 -0.131577 -0.085464 -0.329767 -0.413257 -0.091145 -0.215105 -0.147625 -0.287108 0.228525 0.106758 -0.021263 0.364430 -0.155856 0.118892 -0.155986 -0.059198 -0.148989 -0.031104 0.124189 -0.277613 -0.007300 0.052757 0.191917 -0.247219 0.303253 -0.290638 0.298590 -0.186609 -0.200963 -0.155467 0.068310 0.085286 0.178164 0.054508 -0.035462 -0.273549 0.072917 0.075667 -0.110603 0.113488 0.269640 0.154390 0.268184 0.194666 0.124362 0.198051 0.162869 -0.150932 -0.249167 -0.065216 -0.170606 -0.183773 0.100810 0.100734 -0.134248 -0.019539 -0.213086 -0.053103 -0.006056 0.182859 0.019151 -0.058175 -0.122839 -0.107008 0.074319 -0.112804 0.058210 0.102237 -0.297672 -0.122255 -0.120994 -0.002755 -0.009692 -0.315683
-0.041406 -0.428762 -0.037985 -0.227478 0.029640 -0.094019 -0.146946 -0.322258 -0.340518 -0.244312 0.117807 -0.455930 -0.241228 -0.338451 0.202981 -0.274736 0.298842 -0.049303 0.101667 1.000000 -0.007660 -0.009614 0.198064 0.363806 0.083779 -0.092238 0.136057 -0.021953 0.235662 -0.097650 0.059962 0.135584 0.058204 0.097748 -0.113898 -0.038254 0.060883 -0.100812 -0.141405 -0.197339 0.101833 -0.113861 -0.195166 -0.205354 -0.158511 -0.041778 -0.607327 -0.115256 -0.383303 -0.253298 -0.190319 -0.366358 -0.308195 -0.100613 -0.307067 -0.234302 -0.134510 0.171852 -0.141773 -0.179864 -0.098445 -0.283176 0.210685 -0.058271 0.485691 -0.354940 0.126492 0.163075 0.120004 0.439534 0.072030 -0.151347 0.138509 0.003785 0.080930 0.240488 0.239306 0.137068 0.103960 0.218479 0.208797 0.092204 0.224359 0.363788 0.124744 0.025519 -0.096955 0.120995 0.139618 0.082300 -0.068728 0.232127 0.088032 0.010552 0.023552 0.138974 -0.101769 0.312242 -0.029918 0.117380 -0.180718 0.065602 0.155370 0.127844 0.163594 0.330303 -0.132945 0.192166 0.068072 -0.041363 0.326240 -0.026947 -0.078483 0.020820 0.176219 -0.008127
0.205623 0.059396 0.338790 -0.185072 -0.123987 0.406360 0.425395 -0.112816 0.076358 -0.222489 0.068374 -0.176882 -0.080318 -0.408643 -0.436167 -0.353262 -0.395907 -0.190188 -0.070174 -0.007660 1.000000 0.473460 0.052147 -0.155161 0.382713 0.178525 0.465477 0.320321 -0.428319 -0.252120 -0.120050 -0.105874 -0.050356 -0.118108 0.023979 0.049248 -0.423705 -0.304238 0.089974 -0.429178 -0.601967 -0.480163 0.284323 0.243518 0.143079 0.161484 0.157217 0.072619 0.180890 0.089574 0.173876 0.079178 -0.042771 -0.138700 0.027226 -0.179259 -0.126866 -0.005988 -0.048013 0.246980 -0.027598 -0.138524 0.172547 0.166268 -0.210877 -0.135932 0.296579 0.164697 -0.232402 0.128420 0.376473 0.256943 -0.331073 -0.196424 -0.275150 0.090906 -0.222557 -0.009811 -0.158054 0.035614 -0.149815 -0.083928 -0.323477 -0.157434 -0.196986 -0.046190 -0.178958 -0.650948 -0.017264 -0.204285 -0.116664 0.148824 0.186700 0.123270 0.064115 -0.100648 0.393531 0.327918 0.102979 0.366065 0.053522 0.291249 0.431279 0.327658 0.437490 0.252838 0.078368 0.278113 0.032225 -0.024453 0.176221 0.155696 -0.042879 0.180533 0.273283 0.145929
0.054191 -0.056817 -0.043195 -0.063045 -0.057808 0.366998 0.082578 -0.062838 0.003868 0.021844 0.016171 -0.111430 -0.124073 -0.240579 -0.226315 -0.091802 -0.117667 -0.159533 -0.414717 -0.009614 0.473460 1.000000 -0.188748 -0.055861 0.109651 0.080327 0.206775 0.314219 -0.183655 -0.389504 -0.041567 0.088426 -0.197468 -0.039741 -0.037621 0.108400 -0.021343 -0.149972 0.193510 -0.057828 -0.193171 -0.096291 0.257360 0.072735 0.152230 0.155759 0.031889 -0.040935 0.057712 0.192297 -0.051504 -0.137092 -0.072552 -0.297376 0.140837 -0.142707 0.141442 0.244374 -0.027413 0.103446 -0.039755 -0.007227 -0.053373 -0.009681 -0.140516 -0.007401 -0.172929 0.063747 -0.307011 0.109456 0.247426 0.319559 -0.127555 -0.200503 -0.163733 0.096251 -0.066307 0.051397 -0.177357 -0.036711 -0.029375 -0.084107 -0.148110 0.087875 -0.181699 -0.235738 -0.148537 -0.232631 0.018338 0.061575 0.104536 0.095247 0.228474 0.118832 0.009931 -0.008561 0.225214 0.163087 0.254743 0.300809 0.078641 -0.063533 0.271305 0.275527 0.361794 0.204488 0.061387 0.285727 -0.093817 -0.108361 0.284107 0.311297 0.182678 0.211194 0.183984 0.300587
-0.193441 -0.174003 0.244954 0.107764 -0.087765 -0.527326 -0.073120 -0.288988 -0.164663 -0.437899 0.286086 -0.301404 0.188027 -0.348339 0.427174 -0.068813 0.053242 -0.006207 0.448352 0.198064 0.052147 -0.188748 1.000000 0.485817 0.513955 0.328695 0.265699 0.001616 0.157255 -0.009185 0.509481 0.199340 0.010021 -0.107233 0.108475 -0.240800 0.076088 -0.141982 0.007021 -0.159942 -0.045582 -0.061575 0.023005 0.154653 -0.263959 -0.250484 -0.013224 -0.298461 -0.202375 -0.235246 0.332558 -0.121471 -0.274306 0.131256 0.044489 -0.155735 -0.081096 0.141321 -0.426033 -0.413589 -0.192507 -0.529539 -0.175377 -0.404758 0.414706 -0.488929 0.098000 -0.169887 0.250790 -0.152066 0.127610 0.009045 0.276568 0.272920 0.396516 0.284123 0.219362 -0.109388 -0.053703 0.160114 -0.145889 0.074506 0.216146 0.014053 0.445938 0.398560 0.271972 0.148576 0.375209 -0.169820 -0.346617 0.115590 -0.262553 -0.204451 -0.170990 -0.004808 -0.050954 0.017448 -0.075488 -0.087544 -0.089785 0.027456 -0.129238 -0.162222 -0.215572 0.013329 0.034763 0.110782 -0.044194 -0.005648 0.000648 -0.145436 -0.147654 0.086059 0.044830 -0.252128
-0.109890 -0.445555 -0.095816 0.053992 -0.020040 -0.186564 -0.247720 -0.184078 -0.310309 -0.258497 0.274111 -0.348536 0.029702 -0.294312 0.517207 0.048691 0.173608 -0.196491 0.125813 0.363806 -0.155161 -0.055861 0.485817 1.000000 0.166451 0.160200 0.154718 0.068121 0.194486 -0.118015 0.345387 0.536661 -0.361773 -0.318246 -0.108790 -0.203506 0.100196 0.009457 -0.066336 0.098548 0.291125 -0.013700 -0.178569 -0.037869 -0.080751 -0.053922 -0.137698 -0.100912 -0.273757 -0.123005 -0.081464 -0.327833 -0.240972 -0.033135 -0.062693 -0.142601 -0.122991 -0.105853 -0.394435 -0.407401 -0.306298 -0.561237 -0.200530 -0.483390 0.387291 -0.404863 -0.136458 -0.029919 -0.029391 0.004317 0.137057 0.111373 0.048204 0.109053 0.222470 0.125566 -0.065856 0.005861 -0.045322 0.151027 0.021571 0.109690 0.448193 0.281363 0.354122 0.337973 0.190758 0.301910 0.303266 0.147645 0.155177 0.222693 -0.091060 -0.123803 0.156737 0.131467 -0.016843 -0.020204 0.083193 0.006286 -0.075995 0.042444 -0.099924 -0.134321 -0.123080 0.349394 -0.026646 0.073635 -0.045325 -0.153299 0.134549 -0.034768 -0.054605 -0.016116 0.083163 -0.000663
0.070429 -0.043277 0.389722 -0.413630 -0.271285 -0.009308 0.268638 -0.483603 -0.202013 -0.518107 0.469162 -0.281484 0.104659 -0.719968 -0.167270 -0.507234 -0.068461 0.015180 -0.009933 0.083779 0.382713 0.109651 0.513955 0.166451 1.000000 0.626017 -0.017868 -0.324335 -0.318187 -0.099881 0.260010 0.051699 -0.036993 -0.021499 0.135409 0.047118 0.118745 -0.082314 0.148738 -0.155451 -0.112465 -0.003096 0.327191 0.379450 0.069605 0.135224 0.110896 0.029786 -0.003339 0.094031 0.214276 -0.052303 -0.326347 0.074817 0.223505 -0.089195 0.108718 0.216520 -0.239045 -0.097842 -0.335960 -0.338483 -0.099483 -0.067038 0.109262 -0.371326 0.172684 -0.012409 0.034520 -0.043532 0.372723 0.110129 0.155156 0.307243 0.342850 0.240165 0.306390 0.143941 -0.119544 0.242071 -0.004101 0.204630 -0.233198 -0.230061 0.040693 0.302849 0.151939 -0.186750 0.015862 -0.165283 -0.489979 0.116486 -0.369969 -0.194232 -0.223518 -0.228627 0.264903 0.092103 -0.082685 0.104338 -0.301824 -0.199183 -0.100847 -0.112835 -0.208985 -0.109530 -0.099654 0.128582 0.083673 0.049883 0.391764 -0.013262 -0.243119 -0.082696 0.011474 -0.023614
-0.094153 -0.142024 0.162605 -0.069928 -0.178991 0.062060 -0.043648 -0.164005 -0.175063 -0.236767 0.175524 -0.285340 -0.130000 -0.516222 -0.111847 -0.167037 -0.146697 -0.230369 0.104369 -0.092238 0.178525 0.080327 0.328695 0.160200 0.626017 1.000000 -0.078894 -0.195096 -0.227259 -0.102110 0.259556 0.269594 -0.068683 -0.089566 0.021883 0.164794 0.123729 -0.143461 0.128829 0.190943 0.182322 0.154995 0.253224 0.308849 0.028091 0.217904 0.086762 0.013615 -0.006813 0.286162 0.207425 0.070256 -0.186212 0.039299 0.157719 0.057597 0.132936 0.028938 -0.330257 0.004804 -0.459591 -0.307193 -0.231464 -0.117225 -0.073990 -0.114206 0.126697 0.051504 -0.003189 -0.158655 0.206584 0.043425 0.025963 0.233051 0.317485 0.081566 0.117802 0.168816 -0.101823 0.112317 0.007964 0.124275 0.020280 -0.010674 0.068254 0.228835 0.066751 -0.021042 -0.017832 -0.172226 -0.201939 0.068692 -0.233622 -0.296810 0.245000 -0.020745 0.184945 0.090369 -0.217586 -0.063151 -0.197361 -0.251708 -0.223749 -0.002702 -0.187185 -0.099251 -0.064664 -0.128132 0.083934 0.040765 0.172474 -0.088080 -0.290075 0.037728 0.030773 0.020038
0.128465 -0.062347 0.161600 0.032055 0.197892 0.086901 0.191516 -0.103409 -0.007719 -0.064287 -0.075182 -0.193379 0.019927 -0.089717 0.185756 0.077597 -0.359763 -0.311845 0.223283 0.136057 0.465477 0.206775 0.265699 0.154718 -0.017868 -0.078894 1.000000 0.728031 -0.187873 -0.358119 -0.135123 -0.254039 -0.080476 -0.073037 -0.071758 0.096454 -0.482150 -0.326986 -0.061553 -0.371486 -0.434946 -0.500231 -0.066496 0.036711 -0.168923 -0.149166 -0.102005 -0.114710 0.142921 -0.094751 0.276398 0.006378 0.152031 0.116144 -0.145100 -0.316941 -0.352131 -0.157602 0.125110 0.056849 0.276856 -0.174206 0.004743 -0.041719 0.102303 -0.153946 0.093569 0.059648 -0.170681 0.035707 -0.061314 -0.004606 -0.267953 -0.313938 -0.205179 0.117442 -0.243718 -0.328363 -0.155953 -0.221852 -0.274460 -0.233684 0.057273 0.241950 0.003239 -0.027188 -0.185169 -0.198532 0.245317 0.070601 0.121387 0.151375 0.341943 0.087788 0.104810 0.224812 -0.000448 0.243497 0.171084 0.100317 0.093676 0.353968 0.409290 0.133087 0.352657 0.280009 0.139410 0.239297 0.051837 -0.080513 0.016468 0.006194 0.013729 0.422874 0.332064 -0.064755
-0.044927 -0.096434 -0.105006 0.334371 0.173455 0.191816 -0.038862 0.148181 -0.028647 0.063214 -0.306233 -0.057393 -0.064718 0.123216 0.131788 0.338630 -0.316992 -0.230056 0.058162 -0.021953 0.320321 0.314219 0.001616 0.068121 -0.324335 -0.195096 0.728031 1.000000 -0.135759 -0.241886 -0.218205 -0.194861 -0.157256 -0.216159 -0.238653 -0.114551 -0.457231 -0.268377 -0.103492 -0.193069 -0.343369 -0.360481 -0.116232 -0.044016 -0.212773 -0.125938 0.007059 -0.076677 0.085312 -0.162791 0.166935 -0.037811 0.230959 -0.053669 -0.089058 -0.165182 -0.269581 -0.067151 -0.003728 0.067850 0.233222 -0.051833 0.183468 -0.010660 -0.046833 0.132540 0.020800 0.148815 -0.185482 0.147503 -0.173147 0.001099 -0.356190 -0.359527 -0.330858 0.027929 -0.480116 -0.379259 -0.124298 -0.139315 -0.223869 -0.270892 -0.006930 0.258692 0.037878 -0.021673 -0.311620 -0.070378 0.186106 0.039391 0.328139 0.028537 0.389094 0.147231 0.148355 0.313977 0.053629 0.267138 0.241726 0.132049 0.208181 0.415633 0.349491 0.269280 0.334572 0.313480 -0.028477 0.141532 -0.092100 -0.052106 -0.085105 0.095471 0.000687 0.471399 0.376685 0.118379
-0.261157 -0.085002 -0.372095 0.247372 0.117445 -0.496822 -0.470361 -0.069795 -0.107379 -0.032125 0.032205 0.037246 -0.105448 0.191220 0.439418 0.252378 0.582696 0.387167 0.292821 0.235662 -0.428319 -0.183655 0.157255 0.194486 -0.318187 -0.227259 -0.187873 -0.135759 1.000000 0.516727 0.422791 0.383245 0.122960 0.195106 0.084188 -0.054862 0.328111 0.098600 -0.067418 0.215594 0.288460 0.291506 -0.369232 -0.548249 -0.286817 -0.443141 -0.336418 -0.378335 -0.436396 -0.360013 -0.277979 -0.277748 -0.145436 0.082226 -0.024789 0.082008 0.194152 0.143938 -0.109538 -0.234531 -0.025873 -0.114145 0.101598 0.025064 0.157887 -0.341113 0.042295 -0.396705 0.389912 -0.124447 -0.032255 0.026689 0.577710 0.248425 0.365540 0.090771 0.282690 0.055413 0.368338 0.261345 0.390228 0.336104 0.461659 0.318854 0.280230 0.012244 0.032431 0.498017 0.176086 0.073720 0.012744 -0.160299 -0.324296 -0.123906 0.125309 -0.081970 -0.189221 -0.159095 -0.246639 -0.150202 -0.041303 -0.051751 -0.349200 -0.207718 -0.227485 -0.100591 0.083845 -0.198596 -0.026615 -0.036007 -0.234713 -0.245134 0.143106 -0.147015 -0.180190 -0.144555
-0.178414 0.230833 -0.275245 0.200000 -0.162570 -0.254445 -0.256439 0.041729 -0.137864 -0.118994 0.114951 0.362416 0.051139 0.216286 0.179416 0.313942 0.363808 0.582756 0.268515 -0.097650 -0.252120 -0.389504 -0.009185 -0.118015 -0.099881 -0.102110 -0.358119 -0.241886 0.516727 1.000000 0.381451 0.316014 0.235513 0.306635 -0.027714 -0.088395 0.126906 0.227737 -0.167343 0.234830 0.148718 0.464295 -0.392703 -0.369867 -0.320540 -0.411128 -0.136941 -0.381444 -0.482146 -0.360852 -0.452770 -0.165845 -0.282557 0.088265 0.043273 0.283366 0.216787 0.112687 -0.137534 -0.093888 0.020358 0.103007 0.276276 0.382124 -0.119747 -0.165114 0.094995 -0.444187 0.358663 -0.204690 -0.025416 0.170369 0.531892 0.583748 0.361777 0.255854 0.165481 0.029201 0.221812 0.406534 0.249059 0.452538 0.020326 0.055180 0.036373 0.240812 0.040387 0.303656 -0.047124 0.033642 -0.260441 -0.210684 -0.416357 -0.004488 0.025229 -0.203765 -0.092434 -0.100005 -0.329640 -0.035000 -0.094173 -0.003142 -0.252493 -0.228643 -0.258873 -0.332843 -0.086372 -0.331750 0.094371 -0.055498 -0.295112 -0.169599 0.083817 -0.127051 -0.322581 -0.187665
-0.381753 -0.261094 0.162073 0.187406 0.028486 -0.312248 -0.136564 0.020510 -0.168043 -0.200962 0.241738 -0.153991 -0.081010 -0.216232 0.268568 0.047664 0.278066 0.160472 0.267796 0.059962 -0.120050 -0.041567 0.509481 0.345387 0.260010 0.259556 -0.135123 -0.218205 0.422791 0.381451 1.000000 0.729402 0.091335 0.245971 0.253633 0.095956 0.065795 -0.124555 -0.247693 -0.009136 -0.007677 0.213746 0.075582 0.078498 -0.038156 -0.055081 -0.059085 -0.350886 -0.437928 -0.170076 -0.147800 -0.362005 -0.509493 -0.040319 -0.129960 -0.093903 0.163481 0.144020 -0.420078 -0.354718 -0.327621 -0.298275 -0.144082 -0.229850 0.304162 -0.338815 0.065761 -0.255706 0.147581 -0.327724 0.218064 0.343493 0.566332 0.504653 0.379403 0.421561 0.296622 0.060651 0.051567 0.308197 0.046000 0.261787 0.127846 0.131350 0.248149 0.233474 0.102637 0.399918 0.021492 -0.123561 -0.442859 -0.169466 -0.538723 -0.331489 -0.073241 -0.260088 -0.146588 -0.150453 -0.424965 -0.139369 -0.219696 -0.278025 -0.334288 -0.333519 -0.409692 -0.179723 0.088767 -0.106141 0.000548 -0.022108 -0.003323 -0.082782 -0.056527 -0.250047 -0.260222 -0.127172
-0.271554 -0.301683 -0.142725 0.221204 -0.027111 -0.034385 -0.342704 0.175315 -0.291805 -0.075309 0.256806 -0.092635 -0.160918 -0.160017 0.196719 0.081644 0.309735 0.032437 0.132350 0.135584 -0.105874 0.088426 0.199340 0.536661 0.051699 0.269594 -0.254039 -0.194861 0.383245 0.316014 0.729402 1.000000 -0.006791 0.133656 0.100973 -0.068562 0.048693 -0.065903 -0.216416 0.095610 0.162523 0.254530 -0.015279 -0.045220 0.106711 0.067736 -0.049183 -0.288439 -0.357433 -0.040802 -0.269080 -0.280181 -0.443686 -0.111429 -0.175392 -0.025961 0.150272 0.021643 -0.506025 -0.294458 -0.461858 -0.382927 -0.091301 -0.258465 0.131857 -0.270114 0.029359 -0.118384 0.027289 -0.195113 0.225981 0.444799 0.371330 0.431201 0.396273 0.260774 0.119871 0.206375 0.039950 0.333092 0.062303 0.180250 0.234712 0.187772 0.202224 0.115842 0.114508 0.321852 -0.012880 -0.146323 -0.162150 -0.054567 -0.285869 -0.281310 0.186221 -0.069951 -0.072329 -0.048669 -0.229444 0.025770 -0.087722 -0.268144 -0.230155 -0.210747 -0.178361 -0.071264 0.030716 -0.029030 -0.047778 -0.104482 -0.017974 0.060910 0.023333 -0.217506 -0.175677 -0.037820
-0.072200 0.231687 0.194699 0.143081 0.001047 -0.136118 -0.003579 0.136649 -0.002402 -0.014246 -0.180014 0.072293 -0.187798 0.094877 -0.160648 -0.004623 -0.019237 0.297015 0.392948 0.058204 -0.050356 -0.197468 0.010021 -0.361773 -0.036993 -0.068683 -0.080476 -0.157256 0.122960 0.235513 0.091335 -0.006791 1.000000 0.434387 -0.005584 -0.075816 -0.101241 -0.177046 -0.202244 -0.359671 -0.282136 -0.042305 0.099268 0.014672 -0.059625 -0.153200 0.003013 -0.256860 0.059597 -0.154900 0.229685 0.231304 0.003252 0.239722 -0.177254 0.224426 0.087887 0.108561 0.002708 0.146713 0.166587 0.001749 0.311865 0.260836 -0.107568 0.004085 0.410104 -0.107162 0.165694 -0.174449 -0.161471 -0.149784 0.173203 0.189185 0.170504 0.057881 0.171023 -0.275185 0.182334 0.098954 0.038373 0.062680 -0.151768 -0.029165 -0.087253 -0.048654 0.041005 -0.034958 -0.144193 -0.251000 -0.412562 -0.339415 -0.212097 -0.151551 -0.110693 -0.076733 -0.207491 -0.119562 -0.343530 -0.199889 -0.138756 0.030022 -0.010875 -0.038177 -0.129731 -0.273085 0.038640 0.070179 -0.116110 0.072424 -0.240960 -0.191123 -0.150467 -0.110511 -0.282466 -0.205254
0.024373 0.144364 0.018964 0.023901 0.278089 0.016164 0.028751 0.124058 0.007440 0.201908 0.075530 0.130985 -0.179477 0.007777 -0.068076 -0.144667 0.124159 0.275580 0.244189 0.097748 -0.118108 -0.039741 -0.107233 -0.318246 -0.021499 -0.089566 -0.073037 -0.216159 0.195106 0.306635 0.245971 0.133656 0.434387 1.000000 0.381377 0.438070 -0.128761 -0.208060 -0.147295 -0.290044 -0.190103 0.091051 0.084017 -0.062995 0.045274 -0.056335 -0.066742 -0.267563 -0.021715 -0.041033 -0.041215 -0.059551 -0.099501 0.171154 -0.179837 0.064718 0.173088 0.124624 0.170403 -0.093884 0.233017 0.329502 0.063973 0.286271 0.052112 0.099674 0.076528 -0.259319 0.029406 -0.266973 -0.178437 0.053162 0.378457 0.214992 0.279985 0.071658 0.293508 0.058798 0.156717 0.113130 -0.058611 0.020751 -0.314905 -0.087452 -0.097772 -0.320397 -0.290576 0.087130 -0.190282 -0.042528 -0.460362 -0.244509 -0.130480 -0.140637 -0.232813 -0.145205 -0.237998 -0.014212 -0.256910 0.011760 0.063879 -0.314833 0.079000 -0.400333 -0.128039 -0.522280 -0.052635 0.025692 0.049052 -0.062902 -0.143020 0.002960 0.104119 -0.157820 -0.168777 -0.314818
-0.068184 -0.044068 0.098021 -0.028481 0.335460 0.084965 -0.000447 0.112131 0.139159 0.375934 0.074922 -0.120582 -0.183068 -0.191567 -0.112192 -0.249000 0.052888 -0.045551 0.027538 -0.113898 0.023979 -0.037621 0.108475 -0.108790 0.135409 0.021883 -0.071758 -0.238653 0.084188 -0.027714 0.253633 0.100973 -0.005584 0.381377 1.000000 0.427196 -0.139451 0.012243 -0.009330 -0.112441 -0.132155 0.054828 0.184691 0.033974 0.404639 0.282157 0.065947 0.008937 0.098189 0.221491 0.057449 0.073424 -0.092455 0.152993 -0.172045 -0.009723 0.078336 0.048894 0.084827 -0.242872 -0.200253 0.078084 -0.294037 -0.241011 0.149069 0.053330 -0.004587 -0.062251 -0.048764 -0.222385 0.008233 0.137787 0.108045 0.070804 0.159138 -0.035718 0.235921 0.336183 0.009076 -0.081223 -0.169579 -0.113470 -0.104109 -0.184213 0.026068 -0.349212 -0.066312 -0.053109 -0.219093 -0.155042 -0.224502 -0.009148 -0.027927 0.004970 -0.232932 -0.187506 -0.189859 -0.056998 -0.127765 0.095598 0.111887 -0.325169 -0.123411 -0.196094 -0.196750 -0.139348 0.269938 0.018859 -0.048979 0.191705 0.146958 0.100055 0.261366 -0.294420 0.004522 -0.272309
0.116018 -0.077876 0.111834 -0.185957 0.216941 0.314580 0.106446 -0.053314 0.056264 0.267998 0.026685 -0.196195 -0.290036 -0.223345 -0.160397 -0.200041 -0.132274 -0.120942 -0.059103 -0.038254 0.049248 0.108400 -0.240800 -0.203506 0.047118 0.164794 0.096454 -0.114551 -0.054862 -0.088395 0.095956 -0.068562 -0.075816 0.438070 0.427196 1.000000 -0.058423 -0.111707 -0.054525 0.031758 -0.004267 0.155198 0.087644 0.007095 0.251596 0.259080 -0.058193 0.138716 0.126040 0.273197 -0.039629 -0.012811 0.136248 0.082326 -0.089178 -0.039092 0.192089 -0.039597 0.293995 -0.030169 0.055208 0.216708 -0.207435 0.037693 -0.048353 0.061510 -0.107058 -0.059376 -0.204242 -0.156176 -0.038224 -0.048157 0.004396 -0.071007 -0.066134 0.035070 0.131009 0.167497 -0.074886 -0.146550 0.007272 0.004808 -0.041102 0.013633 -0.214680 -0.362740 -0.272792 -0.073887 -0.262397 0.100763 0.039004 0.052184 -0.025920 0.119920 0.013231 -0.102381 -0.069314 0.009209 -0.060204 0.086865 -0.003972 -0.215824 0.113402 -0.060427 -0.008032 -0.043876 0.167668 -0.084645 0.194981 0.231848 0.232337 -0.054168 0.067420 -0.090843 0.078560 0.003391
