1.000000 0.395381 0.005900 0.193859 -0.093565 0.005678 -0.172645 -0.215902 -0.159067 -0.250879 0.216599 0.023252 0.179127 -0.007023 0.196176 0.080574 0.164273 -0.045850 0.253724 0.013817 0.143167 -0.222493 0.065565 -0.115652 0.001538 0.186690 0.088004 0.067827 -0.226584 -0.154777 -0.192264 -0.200550 0.180862 -0.079025 -0.061690 -0.323290 -0.124577 0.089095 -0.113773 -0.037653 -0.130543 -0.085736 -0.084345 -0.009478 -0.417283 -0.249239 -0.170693 -0.117020 -0.002323 -0.279132 -0.096637 -0.172561 0.194919 -0.339474 0.052958 -0.119588 0.318645 0.128716 0.272653 0.047617 0.253364 0.026347 0.081465 0.067921 -0.115888 -0.041832 0.229174 -0.015479 0.415863 0.252028 0.040170 0.176343 -0.031214 0.242495 0.053180 0.175336 0.139315 0.287049 0.004073 -0.021364 -0.031807 -0.072191 0.040454 -0.198272 -0.126343 0.095633 0.143310 0.320533 0.248468 0.311023 -0.067310 0.067362 0.081932 0.066368 -0.077445 -0.046600 -0.064750 -0.182413 -0.133248 0.258776 -0.094307 0.331868 -0.060299 0.062511 -0.186949 -0.264474 -0.125496 0.439580 -0.337930 -0.090443 -0.303470 -0.069099 -0.043445 -0.028434 -0.103039 -0.093823
0.395381 1.000000 -0.449433 0.176751 -0.056025 0.176221 -0.476783 0.100284 -0.084594 0.025516 -0.084635 0.361395 -0.039658 0.164139 -0.115869 0.148012 0.158212 0.124504 0.004276 0.038399 -0.056827 -0.288701 -0.203489 -0.103687 -0.002946 0.095718 0.092644 0.132737 -0.151040 0.055599 -0.355117 -0.284922 0.136653 -0.092791 -0.222387 -0.323438 -0.236523 0.223860 0.093211 0.187018 0.016879 0.125515 -0.193168 -0.089411 -0.466756 -0.296618 -0.286342 -0.171970 -0.054708 -0.386218 -0.235343 -0.123930 -0.110603 -0.064664 0.057064 -0.005885 0.133473 0.338883 -0.244693 0.123939 -0.078513 0.367126 -0.105599 0.213947 -0.171446 0.205028 0.003967 -0.117150 0.234153 0.169456 -0.173841 0.103841 0.090337 0.383040 0.157050 0.392502 0.108021 0.333679 0.094089 0.083327 0.112567 -0.001048 -0.118562 -0.016836 0.124873 0.393880 0.400445 0.587571 0.286227 0.410565 -0.140409 -0.193276 -0.042088 -0.206922 -0.173228 0.021905 -0.297645 -0.005216 -0.265239 0.033814 -0.426248 -0.034769 -0.256456 -0.234013 -0.200386 -0.345759 -0.044282 -0.003009 -0.130841 -0.067490 -0.346290 0.045732 -0.141739 -0.071069 -0.202858 -0.043667
0.005900 -0.449433 1.000000 0.146689 0.087661 -0.161581 0.610557 -0.005694 0.067444 -0.318565 0.415831 -0.290472 0.093772 -0.243887 0.479727 0.023381 -0.386106 -0.445398 0.256169 -0.220396 0.335372 0.081164 0.543007 0.140522 0.138304 0.172432 0.072521 -0.015395 -0.265453 -0.323418 0.382223 0.261522 -0.052493 -0.145325 0.404385 0.124431 -0.123176 -0.411793 -0.405833 -0.558611 -0.340321 -0.286051 0.191372 0.149306 0.139820 0.164482 0.221820 0.113790 0.320728 0.339258 0.433730 0.406436 0.200169 -0.051478 -0.109273 -0.184870 -0.221501 -0.270641 0.147003 0.181434 -0.068445 -0.435800 -0.277381 -0.263511 0.310385 -0.263748 0.544164 0.566643 -0.055879 -0.010062 0.172398 0.171889 -0.342622 -0.149024 -0.332839 -0.259641 -0.129995 -0.284234 -0.293471 -0.235072 -0.487606 -0.318120 -0.057656 -0.420576 -0.236722 -0.398270 -0.361764 -0.560135 0.033478 -0.229074 -0.105746 0.160945 0.052909 0.431090 0.026275 -0.387286 0.039053 -0.007355 0.188853 0.108229 0.253312 0.251832 0.305862 0.352456 0.061423 0.180683 0.046690 0.050715 -0.067375 -0.165633 0.256943 -0.168408 0.187684 0.119475 0.041743 -0.232225
0.193859 0.176751 0.146689 1.000000 0.460760 0.685742 -0.121133 0.387006 0.420197 0.050361 0.233419 0.172703 -0.053567 -0.261833 0.339114 0.437247 -0.289442 -0.583192 -0.184474 -0.295891 0.336783 0.182483 0.440205 0.577598 0.446081 0.817315 0.623218 0.643558 -0.709236 -0.574036 0.041085 0.342345 -0.019295 -0.330076 0.030136 0.052654 -0.386610 -0.311546 -0.362598 -0.267391 -0.324893 -0.411240 -0.156667 -0.239420 -0.396162 -0.113712 -0.371295 -0.397364 0.104421 -0.138671 0.311117 0.260948 0.087856 0.165396 0.162691 -0.361627 -0.015564 -0.193769 -0.137960 0.160757 -0.310344 -0.117118 -0.489303 -0.475245 0.331210 0.533834 0.242326 0.306913 0.152196 0.148602 -0.161321 0.260384 -0.592916 -0.246152 -0.314442 -0.281280 -0.345188 -0.297147 -0.464797 -0.273662 -0.646138 -0.741032 -0.342466 -0.522230 0.053737 0.239000 -0.008214 0.057819 0.438171 0.628450 -0.321087 -0.017239 0.300483 -0.091102 0.005739 -0.344321 -0.342184 0.254991 -0.366577 -0.043365 -0.340136 -0.140243 -0.131801 -0.118556 -0.005096 -0.160211 -0.032354 0.093230 -0.250919 -0.435290 -0.304815 -0.096332 -0.199024 -0.121202 0.023878 -0.118300
-0.093565 -0.056025 0.087661 0.460760 1.000000 0.775815 -0.053500 0.292115 0.647796 0.141258 0.145771 0.040113 0.132803 -0.051773 0.228417 0.379267 -0.389449 -0.572284 -0.246049 -0.324656 0.322777 0.432679 0.298660 0.289921 0.582993 0.589069 0.762452 0.740736 -0.514833 -0.437627 0.057240 0.221568 -0.259838 -0.172706 0.157736 0.267963 -0.440130 -0.416600 -0.406767 -0.264254 -0.446127 -0.478947 0.233830 -0.071002 0.022397 0.027137 -0.031257 -0.285003 0.251741 0.118855 0.427866 0.377464 0.283876 0.262989 0.198457 -0.201711 -0.218284 -0.346770 0.144549 0.166510 -0.216046 -0.037602 -0.475813 -0.494501 0.271278 0.244746 0.136840 0.146268 0.087858 0.053628 -0.124829 0.233706 -0.570278 -0.282156 -0.396359 -0.367410 -0.460874 -0.513509 -0.414249 -0.405437 -0.589915 -0.617128 -0.521869 -0.351204 -0.093200 -0.116797 -0.348501 -0.135306 0.132308 0.319628 -0.034497 -0.208882 0.201671 -0.257107 0.038384 -0.213209 0.148722 0.358597 -0.098829 0.003768 -0.097797 -0.036935 0.230327 0.003933 0.361524 0.054202 0.051846 -0.177743 -0.156262 -0.266277 -0.012055 -0.093976 -0.137636 -0.121709 0.239571 0.085527
0.005678 0.176221 -0.161581 0.685742 0.775815 1.000000 -0.302660 0.458792 0.511541 0.278892 0.036649 0.283936 0.011913 0.072741 0.085750 0.567434 -0.230203 -0.409748 -0.521097 -0.384009 0.290437 0.291169 0.182882 0.383272 0.621579 0.703182 0.792119 0.837282 -0.534499 -0.370066 -0.103305 0.160084 -0.277211 -0.375308 -0.107137 0.038812 -0.480183 -0.345688 -0.318702 -0.149061 -0.317002 -0.446645 0.093363 -0.130282 -0.187161 -0.132386 -0.176434 -0.366566 0.219285 -0.005552 0.365096 0.313383 0.200991 0.223072 0.266757 -0.179115 -0.069298 -0.315920 -0.045541 0.137693 -0.315918 0.112483 -0.420248 -0.375049 0.121658 0.459890 -0.021291 0.046080 0.032172 0.030379 -0.178478 0.264477 -0.490613 -0.259390 -0.271402 -0.255487 -0.452537 -0.369394 -0.348070 -0.292663 -0.470034 -0.571699 -0.522155 -0.336178 0.009431 0.155222 -0.216603 0.071758 0.232591 0.470943 -0.116547 -0.258228 0.247054 -0.325042 0.143541 -0.066647 -0.077008 0.354436 -0.203047 -0.013556 -0.257507 -0.124343 0.076421 -0.168149 0.279579 -0.078660 0.148936 -0.095516 -0.105940 -0.245870 -0.293918 -0.068805 -0.266303 -0.145402 0.159574 0.053450
-0.172645 -0.476783 0.610557 -0.121133 -0.053500 -0.302660 1.000000 0.110359 0.115306 0.008574 0.152997 -0.336352 0.048355 -0.145111 0.194626 -0.117170 -0.189478 -0.184696 0.307233 0.114120 0.118457 0.022916 0.213229 0.061076 -0.134995 -0.105161 -0.213381 -0.210950 0.002551 -0.122574 0.262008 0.074367 0.131650 0.248900 0.216921 0.263711 -0.070140 -0.365150 -0.242733 -0.396479 -0.087586 -0.198595 0.015158 -0.118405 0.285414 0.172263 0.153976 0.028122 0.166146 0.285187 0.143802 0.132500 -0.013079 -0.231027 -0.208988 -0.136151 -0.270091 -0.213048 0.117084 0.127820 0.076679 -0.201141 -0.146929 -0.028283 0.342844 -0.219006 0.201527 0.315987 -0.049661 -0.002017 0.110632 -0.320625 -0.073378 -0.190235 -0.247554 -0.230049 -0.129044 -0.212270 -0.278862 -0.260378 -0.244762 -0.074881 -0.000795 -0.091245 -0.045643 -0.434930 -0.117227 -0.409144 -0.082760 -0.336389 0.019742 0.258657 -0.056630 0.468995 -0.197822 -0.326080 -0.059251 0.031833 0.190549 0.123790 0.165220 0.051543 0.017041 0.286204 -0.001859 0.217536 0.007660 0.073827 0.065272 -0.067564 0.052772 -0.115202 0.305296 0.053690 -0.096262 -0.336473
-0.215902 0.100284 -0.005694 0.387006 0.292115 0.458792 0.110359 1.000000 0.346823 0.670459 0.128191 0.460412 0.177495 0.360439 0.031195 0.427107 -0.174979 -0.194636 -0.502332 -0.075150 0.091511 -0.011769 -0.210091 0.088972 -0.055631 0.154771 0.112184 0.200863 -0.269331 0.011553 -0.096767 0.069171 0.003184 0.095952 -0.084686 0.211099 -0.539082 -0.455574 -0.310230 -0.287438 -0.188754 -0.330330 -0.104344 -0.219322 0.139465 0.204016 -0.055411 -0.223982 -0.101805 0.139451 -0.002046 0.255705 -0.141702 0.072154 -0.178610 -0.161637 -0.339159 -0.366453 -0.076101 0.270959 -0.050893 0.523316 -0.346074 0.029846 0.215362 0.601817 -0.147230 0.083173 -0.165441 -0.056151 -0.322090 -0.063092 -0.285948 -0.378193 -0.420501 -0.185763 -0.411882 -0.301089 -0.228991 -0.136105 -0.319177 -0.383811 -0.493090 -0.440109 0.003661 -0.118553 -0.221638 -0.185552 0.078248 0.111076 0.109984 -0.033683 0.185911 -0.190303 0.091466 -0.079093 -0.133160 0.252181 -0.073127 -0.081389 -0.061120 -0.270211 0.057041 -0.006433 0.074275 -0.099908 0.204193 -0.116520 0.032449 -0.132585 -0.255181 0.024352 0.011794 0.020943 0.040974 -0.061239
-0.159067 -0.084594 0.067444 0.420197 0.647796 0.511541 0.115306 0.346823 1.000000 0.368414 0.063521 -0.026436 0.200608 -0.059631 0.328515 0.413257 -0.166200 -0.413303 -0.237728 -0.031219 -0.007930 0.265584 0.059994 0.283451 0.211753 0.381800 0.351106 0.406817 -0.406055 -0.272192 -0.096036 0.082193 0.040989 0.010205 0.085384 0.329103 -0.359893 -0.269863 -0.422248 -0.247826 -0.361647 -0.324498 0.135639 -0.105271 0.087844 0.117788 -0.111381 -0.197645 0.190845 0.163147 0.200719 0.316984 0.136962 0.281485 -0.020583 -0.285480 -0.101849 -0.215685 0.080483 0.276405 -0.172802 0.028158 -0.331450 -0.389467 0.203769 0.318493 0.128607 0.164206 0.165925 0.083021 -0.194750 -0.097601 -0.449454 -0.319646 -0.269658 -0.270674 -0.464397 -0.510045 -0.305098 -0.287229 -0.427440 -0.486532 -0.466546 -0.328183 -0.038847 -0.064189 -0.125128 -0.027521 0.035448 0.410301 -0.004520 0.052323 0.169118 -0.213715 -0.200798 -0.373231 -0.124692 0.234364 -0.227709 -0.195449 -0.202646 -0.169040 0.073075 -0.061832 0.091463 -0.058390 0.033846 0.038717 -0.217567 -0.484049 -0.089748 -0.091518 -0.076911 -0.271079 -0.080861 -0.081828
-0.250879 0.025516 -0.318565 0.050361 0.141258 0.278892 0.008574 0.670459 0.368414 1.000000 -0.128195 0.204200 0.295430 0.368966 -0.109885 0.324779 0.145309 0.124676 -0.408108 0.258800 -0.211024 -0.210343 -0.571828 -0.067710 -0.222729 -0.133311 -0.190334 -0.030732 0.060368 0.314374 -0.320456 -0.106027 0.147056 0.320022 -0.295214 0.185039 -0.318515 -0.285433 -0.000390 0.115691 0.131281 -0.098208 -0.144119 -0.313870 0.227857 0.064781 -0.089115 -0.194365 -0.084165 0.081079 -0.176899 0.015260 -0.062417 0.064193 -0.151174 -0.028898 -0.125279 -0.247569 0.116073 0.203057 0.240067 0.655430 -0.020692 0.227303 -0.025837 0.392045 -0.334321 -0.143574 0.094386 0.153681 -0.315793 -0.277745 0.054730 -0.177942 -0.154177 -0.039245 -0.381084 -0.215121 0.025318 0.019919 0.057088 -0.120296 -0.185507 -0.084851 -0.040440 -0.167955 -0.084226 0.059245 -0.097630 0.092303 0.341110 0.046142 0.036086 -0.275194 0.008469 0.094314 -0.156075 0.064640 -0.132967 -0.257251 -0.017275 -0.172774 -0.069339 -0.189049 -0.073879 -0.133224 0.281164 0.100177 0.007794 -0.135921 -0.228767 -0.076615 0.045491 -0.044172 -0.066611 -0.041777
0.216599 -0.084635 0.415831 0.233419 0.145771 0.036649 0.152997 0.128191 0.063521 -0.128195 1.000000 0.203415 0.520741 0.173700 0.730162 0.432634 0.019564 -0.355837 -0.008701 -0.199565 0.357102 0.098980 0.417738 0.108993 0.036972 0.222936 0.175520 0.055190 -0.194602 -0.112255 0.447853 0.368911 -0.166050 -0.180589 0.101017 -0.034183 -0.367951 -0.237869 -0.660810 -0.602772 -0.428301 -0.309041 0.054197 0.046271 0.069921 0.170573 0.098154 0.011500 0.127135 0.131503 0.174949 0.310831 0.275880 0.012620 -0.447773 -0.360834 -0.054122 -0.198305 0.033193 -0.008789 -0.020512 -0.132864 -0.083629 -0.201382 0.103217 0.018937 0.120516 0.232474 -0.061301 -0.026710 0.128760 0.310876 -0.302095 -0.063365 -0.378372 -0.126768 -0.164627 -0.038774 -0.242006 -0.148022 -0.332766 -0.394102 0.113969 -0.472791 -0.324278 -0.231758 -0.312819 -0.293112 -0.197516 0.010158 -0.207103 0.084412 -0.052277 0.087463 -0.153404 -0.345069 -0.174002 -0.088002 -0.040872 0.151181 0.081243 -0.048041 0.074986 0.287703 0.088543 0.209209 -0.188408 0.304262 -0.099756 -0.120999 0.130042 0.085530 0.379050 0.298216 -0.000942 -0.153246
0.023252 0.361395 -0.290472 0.172703 0.040113 0.283936 -0.336352 0.460412 -0.026436 0.204200 0.203415 1.000000 0.330438 0.666710 0.035004 0.581416 0.092577 0.155882 -0.414070 -0.171776 0.111901 0.106244 -0.150518 0.056973 0.026839 0.056603 0.116660 0.102292 0.062324 0.245487 -0.070890 0.086365 -0.250077 -0.054281 -0.388678 -0.206542 -0.317145 -0.063880 -0.154995 -0.109474 -0.174461 -0.075370 -0.157598 -0.086763 -0.144163 -0.105674 -0.052910 -0.184429 -0.153187 -0.126473 -0.137607 0.009676 -0.079864 0.116310 -0.280539 -0.090347 -0.241009 -0.270772 -0.301010 -0.127102 -0.166591 0.426862 -0.086953 0.105151 -0.066858 0.495172 -0.427714 -0.295242 -0.313764 -0.230983 0.038245 0.223038 -0.026698 -0.020553 -0.107508 0.050547 -0.168579 0.084431 0.030443 0.110458 0.022843 -0.110628 -0.125293 -0.212865 0.178259 0.359534 0.001362 0.063489 0.103438 0.188891 0.080639 -0.033171 0.162021 -0.141653 0.152789 0.215861 -0.087710 0.017074 -0.087988 -0.007094 -0.059010 -0.226661 -0.004713 -0.078573 0.007126 -0.126855 -0.049814 -0.124172 -0.112871 -0.033121 -0.149454 0.004262 -0.102079 0.237710 0.126856 0.074414
0.179127 -0.039658 0.093772 -0.053567 0.132803 0.011913 0.048355 0.177495 0.200608 0.295430 0.520741 0.330438 1.000000 0.589725 0.395866 0.452951 0.320845 0.070791 -0.065859 0.122902 0.054890 -0.039078 -0.052076 -0.059884 -0.117461 -0.083649 -0.085719 -0.100846 0.214722 0.259774 0.163289 0.185981 0.040503 0.278200 -0.202571 -0.027470 -0.276309 -0.212714 -0.274390 -0.255522 -0.219930 -0.144770 -0.051961 -0.133730 0.070332 -0.040519 -0.095192 -0.224574 -0.093701 -0.027447 -0.199879 0.005030 0.165383 -0.184610 -0.468165 -0.364740 -0.103876 -0.278961 0.260347 -0.021428 0.492166 0.383994 0.172023 0.090196 -0.095463 -0.004894 -0.199594 -0.249889 0.125468 0.039110 0.059789 0.114015 0.055381 0.038012 -0.130812 0.062616 -0.125935 0.007767 0.143470 0.136150 0.082042 -0.086520 0.015095 -0.250794 -0.288763 -0.271129 -0.123542 -0.168160 -0.103031 0.056845 0.128095 0.082324 -0.095301 -0.038699 -0.058472 -0.091958 -0.238972 -0.295753 -0.184746 -0.149953 0.022697 0.022479 0.021887 0.039755 -0.142154 -0.112091 -0.068347 0.324668 -0.369792 -0.126490 -0.069534 -0.129282 0.221021 0.110244 -0.075370 -0.086788
-0.007023 0.164139 -0.243887 -0.261833 -0.051773 0.072741 -0.145111 0.360439 -0.059631 0.368966 0.173700 0.666710 0.589725 1.000000 -0.044581 0.463852 0.242744 0.342575 -0.396963 0.017283 -0.120027 -0.072283 -0.432417 -0.376449 -0.181651 -0.295409 -0.106823 -0.078833 0.305102 0.438451 -0.180789 -0.213059 -0.270437 0.057700 -0.587744 -0.315147 -0.236313 -0.025668 -0.053556 0.007929 -0.000409 -0.000088 0.034277 0.040993 0.147033 -0.056535 0.137009 0.036623 -0.056850 0.038229 -0.227949 -0.006076 0.097079 -0.069382 -0.255480 0.087525 -0.161053 -0.162993 -0.011730 -0.113390 0.145219 0.561153 0.178712 0.349817 -0.455766 0.104644 -0.546912 -0.478119 -0.228198 -0.218175 0.045017 0.055805 0.185417 0.136734 -0.003694 0.228710 -0.106186 0.161474 0.155414 0.048225 0.308948 0.196612 -0.069234 -0.121282 -0.180797 -0.024286 -0.132026 -0.017714 -0.211669 -0.172881 0.374126 0.014499 0.044730 -0.060634 0.136589 0.271347 0.081233 -0.058029 0.169424 0.036764 0.139175 0.051554 0.172251 0.046328 0.050672 -0.055897 0.110024 0.011879 0.001690 0.234214 -0.066684 0.114426 0.238197 0.257164 0.093940 0.075403
0.196176 -0.115869 0.479727 0.339114 0.228417 0.085750 0.194626 0.031195 0.328515 -0.109885 0.730162 0.035004 0.395866 -0.044581 1.000000 0.416408 -0.078119 -0.409551 0.097365 -0.116410 0.281901 0.088076 0.431963 0.253665 0.105754 0.238847 0.176632 0.053441 -0.273739 -0.202268 0.339073 0.347268 -0.107957 -0.144508 0.086563 -0.017306 -0.393229 -0.318519 -0.661232 -0.562854 -0.545850 -0.340627 0.081205 0.053955 -0.013426 0.055663 0.054404 0.047326 0.138209 0.068769 0.242065 0.219596 0.251457 0.110464 -0.426563 -0.480793 0.108388 -0.182620 0.164313 0.105248 -0.032949 -0.306360 -0.164065 -0.331098 0.181142 -0.027524 0.325258 0.339908 0.133449 0.130758 0.204084 0.316326 -0.422735 -0.046915 -0.325395 -0.180654 -0.290101 -0.175838 -0.385565 -0.161208 -0.437265 -0.484172 0.240870 -0.448909 -0.301691 -0.221083 -0.365790 -0.257432 -0.154671 0.137934 -0.097552 0.182889 0.042419 0.168216 -0.183336 -0.360001 -0.208623 -0.123888 -0.065312 0.001798 0.194691 0.110460 0.181454 0.320319 0.059533 0.191022 -0.135814 0.319876 -0.114679 -0.218574 0.106652 0.078481 0.229077 0.161457 -0.136461 -0.208618
0.080574 0.148012 0.023381 0.437247 0.379267 0.567434 -0.117170 0.427107 0.413257 0.324779 0.432634 0.581416 0.452951 0.463852 0.416408 1.000000 -0.030537 -0.217245 -0.343436 -0.116184 0.225287 0.257396 0.065777 0.269798 0.292446 0.408290 0.422646 0.420742 -0.316459 -0.129492 -0.116484 0.041805 -0.281959 -0.259006 -0.288746 -0.025134 -0.468069 -0.396355 -0.504555 -0.339458 -0.366853 -0.393519 -0.182288 -0.212050 -0.149645 -0.169661 -0.143805 -0.235988 0.197696 0.123334 0.124839 0.314111 0.163151 0.202522 -0.215363 -0.286095 -0.146209 -0.309137 0.023126 0.178380 -0.153206 0.240481 -0.283920 -0.119567 0.009021 0.452242 -0.228415 -0.050560 0.059248 0.035667 -0.080272 0.176497 -0.428662 -0.195164 -0.403751 -0.193400 -0.561957 -0.265250 -0.314572 -0.199120 -0.318731 -0.474037 -0.195262 -0.391492 -0.127518 0.065969 -0.152673 0.036423 0.144396 0.424620 0.040039 0.158897 0.250929 -0.033236 0.024141 -0.160930 -0.259246 0.150798 -0.164029 -0.013713 -0.127136 -0.064282 0.040205 0.009723 0.207418 0.056141 0.032735 0.146951 -0.162435 -0.294111 -0.146765 -0.163422 0.041014 0.041793 -0.078685 -0.164996
0.164273 0.158212 -0.386106 -0.289442 -0.389449 -0.230203 -0.189478 -0.174979 -0.166200 0.145309 0.019564 0.092577 0.320845 0.242744 -0.078119 -0.030537 1.000000 0.635885 -0.080094 0.282449 -0.120988 -0.195548 -0.408471 -0.128082 -0.380268 -0.293747 -0.390413 -0.265814 0.479809 0.533153 -0.090973 -0.065201 0.317617 0.235854 -0.227142 -0.214862 0.183791 0.376479 0.182078 0.180481 0.303857 0.324249 -0.228557 -0.129220 -0.131853 -0.230009 -0.196180 -0.060780 -0.397306 -0.445947 -0.577248 -0.481219 -0.079646 -0.317360 -0.231370 -0.110672 0.434608 0.250396 -0.116128 -0.193930 0.429017 0.277210 0.665134 0.472985 -0.402118 -0.119133 -0.260907 -0.351216 0.107654 0.094750 0.034348 -0.126802 0.591178 0.345767 0.413225 0.307436 0.337140 0.445925 0.567323 0.543874 0.644162 0.454599 0.289702 0.240565 -0.111856 0.134469 0.234457 0.242072 -0.216628 0.065991 -0.144368 -0.153127 -0.512854 -0.254744 -0.170690 0.171392 -0.275970 -0.301256 -0.200479 -0.091764 -0.033000 -0.130522 -0.284567 -0.044640 -0.299848 -0.149203 -0.021139 0.181336 -0.018227 0.129551 -0.093238 -0.009955 -0.049244 0.015116 -0.140534 -0.068880
-0.045850 0.124504 -0.445398 -0.583192 -0.572284 -0.409748 -0.184696 -0.194636 -0.413303 0.124676 -0.355837 0.155882 0.070791 0.342575 -0.409551 -0.217245 0.635885 1.000000 -0.080073 0.362072 -0.355952 -0.249150 -0.576099 -0.362962 -0.512196 -0.649873 -0.598011 -0.498911 0.721511 0.786020 -0.166463 -0.237585 0.195658 0.413662 -0.324088 -0.174488 0.313536 0.371889 0.439853 0.386972 0.386580 0.442408 -0.172533 -0.073409 0.062856 -0.135349 -0.002789 0.002949 -0.310474 -0.288075 -0.500998 -0.494624 -0.241542 -0.292677 -0.206639 0.130806 0.333164 0.237208 -0.152445 -0.325640 0.331689 0.307768 0.559294 0.592528 -0.415894 -0.143389 -0.453644 -0.485949 -0.097396 -0.048367 0.138132 -0.229349 0.815650 0.350080 0.519653 0.395406 0.364098 0.478287 0.689508 0.590017 0.864121 0.785629 0.380997 0.511322 -0.050097 0.058469 0.213141 0.182650 -0.308482 -0.279883 0.110656 -0.171505 -0.384263 -0.146167 0.105861 0.469083 -0.033545 -0.410326 -0.008071 -0.131553 0.154106 -0.125480 -0.136885 -0.180612 -0.202391 -0.085837 0.110220 0.042477 0.103638 0.309343 -0.020294 -0.003847 -0.082902 0.018998 -0.130988 0.087191
0.253724 0.004276 0.256169 -0.184474 -0.246049 -0.521097 0.307233 -0.502332 -0.237728 -0.408108 -0.008701 -0.414070 -0.065859 -0.396963 0.097365 -0.343436 -0.080094 -0.080073 1.000000 0.235568 -0.137940 -0.114128 0.328102 -0.115991 -0.048918 -0.131165 -0.201751 -0.272749 0.133968 -0.103142 0.249436 0.059708 0.158984 0.152405 0.222667 -0.076310 0.351045 0.018363 0.149036 0.051265 0.160896 0.227810 -0.148656 -0.034646 -0.155298 -0.138437 -0.104955 0.042931 0.003666 -0.019049 -0.048559 -0.184239 -0.178470 -0.129857 -0.092847 -0.095757 0.061948 0.233532 0.092357 0.013134 0.151707 -0.360116 0.049576 0.116574 0.184034 -0.453552 0.265160 0.072213 0.208888 0.143062 0.171841 -0.098486 0.138806 0.263082 0.084859 0.138726 0.255049 0.104976 -0.036861 -0.045997 0.006905 0.143047 0.322846 0.286909 0.058878 -0.187834 0.184618 0.052876 0.125675 -0.128186 -0.223413 0.109847 -0.048241 0.454054 -0.300200 -0.218727 -0.118424 -0.272646 -0.149969 -0.011022 -0.105060 0.156042 -0.163268 0.127862 -0.235425 0.040003 -0.249764 0.121368 -0.098219 -0.055638 -0.023671 -0.090476 0.141077 -0.003269 -0.216386 -0.118700
0.013817 0.038399 -0.220396 -0.295891 -0.324656 -0.384009 0.114120 -0.075150 -0.031219 0.258800 -0.199565 -0.171776 0.122902 0.017283 -0.116410 -0.116184 0.282449 0.362072 0.235568 1.000000 -0.461151 -0.342048 -0.433786 -0.051866 -0.430783 -0.406616 -0.477626 -0.400113 0.184956 0.216122 -0.327603 -0.304276 0.311851 0.393458 -0.060232 0.105581 0.094418 0.070797 0.247137 0.429054 0.065710 0.067042 -0.483199 -0.434166 0.024555 -0.092061 -0.461902 -0.161475 -0.330455 -0.262984 -0.564739 -0.478003 -0.333009 -0.081461 -0.223448 -0.131756 0.221492 0.322504 0.326875 0.368860 0.443777 0.287180 0.276898 0.226187 -0.162192 0.032934 -0.014709 -0.024317 0.436470 0.529517 -0.190161 -0.407762 0.244225 0.058206 0.046484 0.108538 0.025316 0.137253 0.169057 0.286847 0.381795 0.198723 0.244989 0.249769 -0.178625 -0.240676 0.297108 0.165868 -0.041096 -0.005570 0.192651 0.368163 -0.041080 0.087933 0.018077 0.240301 -0.214357 -0.062438 -0.343441 -0.315989 0.013477 0.039170 -0.229369 -0.016943 0.019698 0.221519 0.286345 0.304843 0.198551 0.147049 -0.000954 -0.164423 0.054182 -0.287461 -0.270697 0.001299
0.143167 -0.056827 0.335372 0.336783 0.322777 0.290437 0.118457 0.091511 -0.007930 -0.211024 0.357102 0.111901 0.054890 -0.120027 0.281901 0.225287 -0.120988 -0.355952 -0.137940 -0.461151 1.000000 0.335666 0.415528 0.263812 0.354716 0.437447 0.442238 0.362285 -0.299300 -0.239939 0.319088 0.349928 -0.019237 -0.055662 0.310974 0.129879 -0.374778 -0.253040 -0.376226 -0.536125 -0.340104 -0.477418 0.103271 0.016615 -0.100025 -0.043919 0.182871 0.014318 0.112806 0.009654 0.237160 0.261094 0.133758 0.082071 0.078128 -0.044854 -0.213173 -0.255378 -0.079155 -0.142497 -0.216783 -0.214610 -0.381639 -0.249848 0.264908 0.061739 0.162376 0.205373 -0.014724 -0.075582 0.041425 0.315379 -0.350965 -0.134868 -0.304012 -0.308753 -0.184212 -0.049289 -0.290447 -0.221304 -0.457958 -0.423946 -0.168206 -0.437727 0.032432 -0.031879 -0.096510 -0.167965 0.201443 0.209864 -0.203053 -0.131255 -0.157227 -0.096637 0.008803 -0.194932 0.078778 0.111515 0.175839 0.272208 0.057509 0.062782 0.098898 0.122943 0.112028 -0.044809 -0.146203 -0.175915 -0.124939 -0.120796 0.216817 -0.104737 0.041636 0.223836 0.101537 -0.138786
-0.222493 -0.288701 0.081164 0.182483 0.432679 0.291169 0.022916 -0.011769 0.265584 -0.210343 0.098980 0.106244 -0.039078 -0.072283 0.088076 0.257396 -0.195548 -0.249150 -0.114128 -0.342048 0.335666 1.000000 0.338268 0.318861 0.293518 0.383021 0.469521 0.412811 -0.178817 -0.300774 0.128955 0.230662 -0.257873 -0.117080 0.026403 0.285909 0.084473 -0.183997 -0.311128 -0.367279 -0.088678 -0.204023 0.157824 0.094804 -0.055724 0.019410 0.083248 -0.070371 0.076006 0.148371 0.163480 0.268328 0.115868 0.146152 0.111014 0.004972 -0.304153 -0.357982 -0.233921 -0.119059 -0.399497 -0.268619 -0.249073 -0.369843 0.207550 0.186136 -0.119628 -0.003221 -0.222240 -0.226573 0.067703 0.147103 -0.354342 -0.240373 -0.203102 -0.318789 -0.337762 -0.415206 -0.148739 -0.305372 -0.254856 -0.211601 -0.223373 -0.108142 0.117198 0.170887 -0.135405 -0.186322 0.137974 0.233683 -0.125720 0.012769 0.139603 -0.102140 0.051508 -0.261789 0.218931 0.299351 0.069016 0.194918 -0.052552 -0.066244 0.185228 0.175737 0.267452 0.122344 -0.280641 -0.381269 -0.081421 -0.172381 0.270537 -0.071818 0.056692 0.041920 0.211921 -0.055096
0.065565 -0.203489 0.543007 0.440205 0.298660 0.182882 0.213229 -0.210091 0.059994 -0.571828 0.417738 -0.150518 -0.052076 -0.432417 0.431963 0.065777 -0.408471 -0.576099 0.328102 -0.433786 0.415528 0.338268 1.000000 0.499159 0.596560 0.589303 0.528771 0.369901 -0.347906 -0.545344 0.647901 0.555853 -0.202738 -0.363832 0.364677 0.009819 -0.021669 -0.208164 -0.317118 -0.434251 -0.244935 -0.215702 0.112157 0.097116 -0.209469 -0.072484 -0.001020 -0.120961 0.244062 0.115501 0.489808 0.314120 0.118599 0.122718 0.017916 -0.246546 -0.157973 -0.217003 -0.134999 -0.071616 -0.311263 -0.603687 -0.341362 -0.439605 0.484959 -0.174696 0.363492 0.293730 -0.158891 -0.174759 0.202180 0.321333 -0.407575 -0.066268 -0.122591 -0.248815 -0.025108 -0.219397 -0.406194 -0.272737 -0.559371 -0.425748 -0.005108 -0.200715 0.083282 -0.027536 -0.166221 -0.236280 0.246393 0.147041 -0.519237 -0.075246 0.066639 0.260014 -0.131650 -0.476677 -0.130732 -0.033059 -0.095098 0.092850 -0.170122 -0.000282 0.048814 0.028963 0.006084 0.021686 -0.280680 -0.080163 -0.196034 -0.286558 0.050139 -0.062814 0.032837 0.098857 0.084450 -0.135538
-0.115652 -0.103687 0.140522 0.577598 0.289921 0.383272 0.061076 0.088972 0.283451 -0.067710 0.108993 0.056973 -0.059884 -0.376449 0.253665 0.269798 -0.128082 -0.362962 -0.115991 -0.051866 0.263812 0.318861 0.499159 1.000000 0.453077 0.631687 0.396427 0.444035 -0.378936 -0.402245 0.162846 0.438356 -0.072455 -0.205784 0.120898 0.163714 -0.117464 -0.224591 -0.096562 -0.151450 -0.212141 -0.281019 -0.352804 -0.430564 -0.410276 -0.365692 -0.419428 -0.493931 0.004278 -0.210348 0.169923 0.039671 -0.122172 0.134945 -0.013936 -0.359196 -0.103908 -0.263363 -0.155090 0.094927 -0.185178 -0.203133 -0.302744 -0.471296 0.512530 0.347712 0.130377 0.229724 0.058383 0.193373 0.058940 0.101818 -0.363761 -0.239242 -0.027598 -0.311675 -0.211827 -0.345473 -0.292423 -0.049855 -0.373458 -0.473689 -0.035192 -0.175283 0.280625 0.193593 0.134493 -0.027161 0.387353 0.474280 -0.304589 0.094527 0.206620 0.108893 0.018834 -0.232778 -0.361530 0.152589 -0.414727 -0.126776 -0.216379 -0.195029 -0.160130 -0.155092 0.010027 -0.005255 -0.071675 -0.019314 -0.179452 -0.367494 -0.068314 -0.229190 -0.209255 -0.102016 0.094760 -0.170006
0.001538 -0.002946 0.138304 0.446081 0.582993 0.621579 -0.134995 -0.055631 0.211753 -0.222729 0.036972 0.026839 -0.117461 -0.181651 0.105754 0.292446 -0.380268 -0.512196 -0.048918 -0.430783 0.354716 0.293518 0.596560 0.453077 1.000000 0.688592 0.791715 0.738125 -0.451097 -0.546549 0.197579 0.199274 -0.350257 -0.475970 0.182240 -0.027377 -0.129701 -0.149393 -0.089707 -0.073963 -0.197343 -0.218275 0.114292 -0.005602 -0.138038 -0.171552 -0.067927 -0.168044 0.328922 0.176248 0.472263 0.253148 0.181633 0.339585 0.313982 0.001396 -0.206046 -0.350628 -0.037258 -0.054244 -0.354209 -0.320872 -0.412961 -0.408428 0.311502 -0.005356 0.067436 0.092975 -0.109293 -0.104783 0.077670 0.340386 -0.486454 -0.135649 -0.056847 -0.286792 -0.178891 -0.314927 -0.467164 -0.367348 -0.508576 -0.431283 -0.268609 -0.119625 0.144230 0.129211 -0.120617 0.054867 0.410102 0.304979 -0.263118 -0.129322 0.104392 0.010036 -0.049535 -0.231469 -0.046711 0.064990 -0.110500 -0.049346 -0.358986 0.056091 -0.011680 -0.294779 0.187012 -0.026368 0.026364 -0.152503 -0.133862 -0.352503 -0.146014 -0.154894 -0.245371 -0.106751 0.085203 -0.048970
0.186690 0.095718 0.172432 0.817315 0.589069 0.703182 -0.105161 0.154771 0.381800 -0.133311 0.222936 0.056603 -0.083649 -0.295409 0.238847 0.408290 -0.293747 -0.649873 -0.131165 -0.406616 0.437447 0.383021 0.589303 0.631687 0.688592 1.000000 0.798355 0.796303 -0.713927 -0.671419 0.140422 0.362103 -0.110469 -0.417861 0.079754 0.029843 -0.274894 -0.256138 -0.312948 -0.277046 -0.224583 -0.393776 -0.077303 -0.199057 -0.377414 -0.213348 -0.297981 -0.361954 0.248262 -0.010433 0.407729 0.326784 0.236731 0.192020 0.247344 -0.239624 -0.054235 -0.234169 -0.095837 0.080158 -0.342999 -0.235738 -0.458153 -0.529646 0.315262 0.342285 0.205100 0.273601 0.104825 0.060970 -0.098824 0.271192 -0.626470 -0.258058 -0.266824 -0.359817 -0.311352 -0.408403 -0.508943 -0.369963 -0.653663 -0.682509 -0.415740 -0.424570 0.057546 0.183005 0.013116 0.044148 0.449231 0.582793 -0.351930 -0.053711 0.302329 0.002162 -0.048521 -0.400729 -0.221089 0.294171 -0.278213 0.108337 -0.338736 -0.005723 -0.025584 -0.069017 0.117887 -0.101504 -0.084417 -0.049108 -0.220762 -0.428140 -0.208171 -0.128220 -0.143266 -0.154558 0.138927 -0.122389
0.088004 0.092644 0.072521 0.623218 0.762452 0.792119 -0.213381 0.112184 0.351106 -0.190334 0.175520 0.116660 -0.085719 -0.106823 0.176632 0.422646 -0.390413 -0.598011 -0.201751 -0.477626 0.442238 0.469521 0.528771 0.396427 0.791715 0.798355 1.000000 0.934300 -0.654654 -0.642232 0.026006 0.152083 -0.392227 -0.541378 0.062464 -0.059628 -0.344592 -0.259965 -0.322733 -0.208565 -0.383365 -0.464546 0.143587 0.022674 -0.249166 -0.186695 -0.111975 -0.200239 0.339142 0.057245 0.507190 0.367698 0.374759 0.288699 0.398159 -0.074496 -0.207049 -0.268427 -0.058592 0.060882 -0.478695 -0.232905 -0.497805 -0.550495 0.188268 0.220915 0.133009 0.160329 0.026028 -0.000137 -0.102337 0.344082 -0.646493 -0.227216 -0.306563 -0.356598 -0.394771 -0.374982 -0.489376 -0.458479 -0.596606 -0.600174 -0.413607 -0.311760 0.049952 0.189983 -0.149112 0.035284 0.390701 0.448248 -0.265570 -0.140649 0.238099 -0.123892 0.068407 -0.217110 0.090062 0.397329 -0.104164 0.103128 -0.259361 0.074187 0.143901 -0.021065 0.374519 0.014779 -0.014552 -0.180842 -0.110738 -0.234255 -0.077850 -0.047986 -0.205237 -0.047870 0.284707 0.011087
0.067827 0.132737 -0.015395 0.643558 0.740736 0.837282 -0.210950 0.200863 0.406817 -0.030732 0.055190 0.102292 -0.100846 -0.078833 0.053441 0.420742 -0.265814 -0.498911 -0.272749 -0.400113 0.362285 0.412811 0.369901 0.444035 0.738125 0.796303 0.934300 1.000000 -0.616559 -0.553787 -0.104396 0.078491 -0.381108 -0.524793 -0.010991 -0.064209 -0.322305 -0.229128 -0.224456 -0.127837 -0.269836 -0.400316 0.061204 -0.095659 -0.263094 -0.242024 -0.194081 -0.270462 0.334211 0.006362 0.407314 0.316335 0.296646 0.251654 0.431457 -0.028038 -0.176255 -0.237688 -0.105671 0.073860 -0.432426 -0.128523 -0.432831 -0.485954 0.155971 0.291856 0.057039 0.102222 0.036076 0.054167 -0.139464 0.215480 -0.556671 -0.223213 -0.218376 -0.301527 -0.392050 -0.419809 -0.391623 -0.428365 -0.476616 -0.535234 -0.430843 -0.277412 0.086164 0.184535 -0.100360 0.096096 0.390834 0.468085 -0.244375 -0.194474 0.198526 -0.175004 0.056488 -0.198466 0.026908 0.407927 -0.159511 0.091294 -0.336080 0.012157 0.070144 -0.110051 0.309125 -0.073986 0.085590 -0.154596 -0.059647 -0.271508 -0.158097 -0.065211 -0.193016 -0.077127 0.295292 -0.000668
-0.226584 -0.151040 -0.265453 -0.709236 -0.514833 -0.534499 0.002551 -0.269331 -0.406055 0.060368 -0.194602 0.062324 0.214722 0.305102 -0.273739 -0.316459 0.479809 0.721511 0.133968 0.184956 -0.299300 -0.178817 -0.347906 -0.378936 -0.451097 -0.713927 -0.654654 -0.616559 1.000000 0.778188 0.194575 0.031627 0.102586 0.434549 -0.190136 -0.092304 0.477064 0.248050 0.407990 0.215272 0.419508 0.502311 0.011572 0.086076 0.248010 -0.037243 0.236135 0.110325 -0.270682 -0.053715 -0.363543 -0.363669 -0.217655 -0.217295 -0.322475 0.139362 0.084985 0.065606 -0.063793 -0.434733 0.372891 0.143762 0.621092 0.550645 -0.232802 -0.350981 -0.451977 -0.583440 -0.264497 -0.254907 0.256660 -0.248704 0.798565 0.263844 0.471168 0.363614 0.360956 0.264174 0.599443 0.504131 0.758842 0.778414 0.465996 0.577404 0.097735 -0.080648 0.045194 -0.097920 -0.439212 -0.538966 0.122141 -0.205437 -0.337924 0.003690 -0.042953 0.388064 0.085595 -0.478680 0.086259 -0.135290 0.251399 -0.091465 -0.107722 -0.104829 -0.317183 -0.098168 -0.138792 -0.058989 0.065744 0.335218 0.101400 0.079296 0.131390 0.141221 -0.115085 0.144450
-0.154777 0.055599 -0.323418 -0.574036 -0.437627 -0.370066 -0.122574 0.011553 -0.272192 0.314374 -0.112255 0.245487 0.259774 0.438451 -0.202268 -0.129492 0.533153 0.786020 -0.103142 0.216122 -0.239939 -0.300774 -0.545344 -0.402245 -0.546549 -0.671419 -0.642232 -0.553787 0.778188 1.000000 0.056314 0.011265 0.092263 0.485086 -0.234904 -0.101210 0.149082 0.197121 0.244879 0.152639 0.298894 0.399098 -0.013887 0.006119 0.252761 0.030444 0.181511 0.085013 -0.265269 -0.115675 -0.408072 -0.333061 -0.213759 -0.133054 -0.452040 0.093267 0.186604 0.076749 -0.164525 -0.347912 0.299342 0.289915 0.490467 0.525097 -0.321483 -0.178298 -0.403884 -0.456999 -0.233976 -0.146025 0.200415 -0.133174 0.793838 0.364915 0.417306 0.437836 0.299408 0.372099 0.580299 0.506441 0.703786 0.635596 0.368450 0.408312 -0.119975 -0.131127 0.032710 0.012720 -0.536918 -0.413715 0.120425 -0.254554 -0.372284 -0.187930 0.011718 0.390827 -0.034177 -0.445547 0.013593 -0.190305 0.248243 -0.248466 -0.091997 -0.107101 -0.270717 -0.073957 -0.029001 -0.040725 0.079945 0.253987 -0.033582 -0.039207 0.069120 0.190038 -0.095361 0.130570
-0.192264 -0.355117 0.382223 0.041085 0.057240 -0.103305 0.262008 -0.096767 -0.096036 -0.320456 0.447853 -0.070890 0.163289 -0.180789 0.339073 -0.116484 -0.090973 -0.166463 0.249436 -0.327603 0.319088 0.128955 0.647901 0.162846 0.197579 0.140422 0.026006 -0.104396 0.194575 0.056314 1.000000 0.809813 -0.027095 0.124688 0.343782 0.092217 0.089252 -0.103963 -0.243617 -0.465784 -0.025158 0.036688 0.173150 0.094503 0.208373 0.203570 0.214295 0.005031 0.015713 0.146199 0.231687 0.119411 -0.104059 0.031421 -0.371597 -0.262762 -0.000934 -0.171717 -0.180548 -0.377444 -0.030680 -0.439747 0.004349 -0.105691 0.315446 -0.340850 0.049464 0.019956 -0.409175 -0.384001 0.321325 0.210826 0.064895 -0.026797 0.021473 -0.123045 0.208901 -0.002274 -0.130490 0.033138 -0.156647 -0.018404 0.153515 -0.028803 -0.075396 -0.320597 -0.259844 -0.458920 -0.262756 -0.300468 -0.364282 -0.281238 -0.196006 0.167373 -0.162192 -0.261723 -0.171565 -0.414813 0.006658 -0.066813 0.068390 -0.249168 0.033829 -0.014612 -0.135586 0.095981 -0.310064 -0.095866 -0.069323 -0.028501 0.025388 0.086344 0.175749 0.169249 -0.007088 0.031191
-0.200550 -0.284922 0.261522 0.342345 0.221568 0.160084 0.074367 0.069171 0.082193 -0.106027 0.368911 0.086365 0.185981 -0.213059 0.347268 0.041805 -0.065201 -0.237585 0.059708 -0.304276 0.349928 0.230662 0.555853 0.438356 0.199274 0.362103 0.152083 0.078491 0.031627 0.011265 0.809813 1.000000 -0.016866 0.146851 0.209260 0.172966 -0.042885 -0.193137 -0.224342 -0.383642 -0.131706 -0.113746 0.033906 -0.110413 -0.043757 0.024766 -0.031072 -0.223219 -0.107830 -0.066723 0.150524 0.095828 -0.141824 0.114881 -0.289878 -0.377689 -0.025538 -0.289804 -0.219202 -0.266414 -0.068133 -0.283523 -0.134735 -0.286993 0.326225 0.018417 0.039461 0.064235 -0.291738 -0.219937 0.231991 0.296110 -0.064179 -0.113761 -0.067007 -0.204760 0.023981 -0.114587 -0.141118 0.092146 -0.276058 -0.286868 0.049005 -0.154200 -0.016575 -0.127287 -0.184736 -0.412074 -0.116528 0.005739 -0.224672 -0.232452 0.052630 0.078887 0.049860 -0.108668 -0.275552 -0.203553 -0.164616 -0.105660 0.060319 -0.294197 0.091005 -0.010794 -0.146692 0.026343 -0.208817 -0.118859 -0.168901 -0.078042 -0.024152 0.020614 0.013621 0.192408 0.185423 0.129907
0.180862 0.136653 -0.052493 -0.019295 -0.259838 -0.277211 0.131650 0.003184 0.040989 0.147056 -0.166050 -0.250077 0.040503 -0.270437 -0.107957 -0.281959 0.317617 0.195658 0.158984 0.311851 -0.019237 -0.257873 -0.202738 -0.072455 -0.350257 -0.110469 -0.392227 -0.381108 0.102586 0.092263 -0.027095 -0.016866 1.000000 0.585735 0.218846 0.275058 0.040166 0.098288 0.169090 0.099931 0.185413 0.111410 -0.136017 -0.134931 -0.058016 0.088409 -0.154540 -0.117135 -0.396218 -0.243522 -0.388348 -0.319588 -0.185314 -0.251873 -0.028127 -0.151567 0.297653 0.148265 0.088024 0.056156 0.429044 0.234095 0.090639 0.272563 0.080303 0.077475 0.124791 0.042795 0.447690 0.221251 -0.330730 -0.322734 0.189556 -0.004580 0.027772 0.011589 0.140706 0.137449 0.334785 0.399314 0.149109 0.121833 -0.050067 0.001396 -0.035805 0.016386 0.404338 0.221745 0.128056 0.241923 -0.118851 0.059390 -0.263774 -0.174473 -0.203433 -0.120872 -0.213424 -0.311872 -0.270799 -0.057055 -0.148162 -0.041131 -0.405066 -0.142857 -0.443412 -0.336411 -0.036842 0.158726 -0.328062 -0.163700 -0.171233 -0.241429 -0.195744 -0.264569 -0.421254 -0.197959
-0.079025 -0.092791 -0.145325 -0.330076 -0.172706 -0.375308 0.248900 0.095952 0.010205 0.320022 -0.180589 -0.054281 0.278200 0.057700 -0.144508 -0.259006 0.235854 0.413662 0.152405 0.393458 -0.055662 -0.117080 -0.363832 -0.205784 -0.475970 -0.417861 -0.541378 -0.524793 0.434549 0.485086 0.124688 0.146851 0.585735 1.000000 0.087789 0.436960 0.037928 -0.045021 0.161988 0.055418 0.104532 0.044487 -0.156145 -0.305941 0.230661 0.138463 0.019248 -0.153596 -0.420408 -0.122901 -0.495080 -0.361354 -0.321721 -0.214460 -0.339336 -0.120270 0.031120 -0.037965 0.139868 -0.165978 0.488536 0.288758 0.090032 0.269049 0.106698 0.016113 -0.230761 -0.206787 0.172429 0.073567 -0.071438 -0.280013 0.399415 -0.060842 0.010104 -0.010770 0.081624 0.158010 0.278632 0.295691 0.277347 0.264933 0.043154 0.173336 -0.064978 -0.261634 0.205300 -0.075519 -0.124075 -0.110898 0.239362 0.017407 -0.189518 -0.115804 -0.059528 0.094550 -0.023359 -0.307469 -0.087528 -0.166338 0.079841 -0.196846 -0.154003 -0.082815 -0.242723 -0.130857 -0.081850 -0.004204 -0.170556 0.059403 -0.008983 -0.089157 0.020577 -0.137632 -0.262585 0.062030
-0.061690 -0.222387 0.404385 0.030136 0.157736 -0.107137 0.216921 -0.084686 0.085384 -0.295214 0.101017 -0.388678 -0.202571 -0.587744 0.086563 -0.288746 -0.227142 -0.324088 0.222667 -0.060232 0.310974 0.026403 0.364677 0.120898 0.182240 0.079754 0.062464 -0.010991 -0.190136 -0.234904 0.343782 0.209260 0.218846 0.087789 1.000000 0.585589 -0.013309 -0.037453 -0.069946 -0.240328 -0.255108 -0.083179 0.093321 0.081182 0.188765 0.377623 0.108292 0.111900 -0.105742 0.196484 0.054515 0.145583 -0.163295 0.164092 0.093039 -0.042403 -0.116194 0.019324 0.114619 0.174928 0.004737 -0.354942 -0.269535 -0.255145 0.432830 -0.069978 0.466319 0.394997 0.061774 -0.021807 -0.171498 0.045619 -0.242272 -0.233108 -0.186923 -0.270597 0.132546 -0.100798 -0.108073 -0.011013 -0.321131 -0.194953 -0.176703 -0.099876 0.025885 -0.236594 0.017447 -0.189703 0.146964 -0.002400 -0.295948 -0.153066 -0.256161 -0.183781 -0.060544 -0.266597 0.053498 -0.073195 -0.073514 0.001414 -0.110104 -0.197761 -0.106045 -0.084801 -0.045495 0.028089 -0.054221 -0.027406 -0.024805 -0.126404 0.119026 -0.158965 -0.186455 -0.172817 -0.050144 -0.110769
-0.323290 -0.323438 0.124431 0.052654 0.267963 0.038812 0.263711 0.211099 0.329103 0.185039 -0.034183 -0.206542 -0.027470 -0.315147 -0.017306 -0.025134 -0.214862 -0.174488 -0.076310 0.105581 0.129879 0.285909 0.009819 0.163714 -0.027377 0.029843 -0.059628 -0.064209 -0.092304 -0.101210 0.092217 0.172966 0.275058 0.436960 0.585589 1.000000 -0.121456 -0.232882 -0.101938 -0.176583 -0.233417 -0.248554 -0.046726 -0.220554 0.294497 0.428171 0.010730 -0.166654 -0.213534 0.277384 -0.142980 0.200694 -0.241727 0.198816 -0.022314 -0.077387 -0.224394 -0.172297 0.140332 0.247443 0.110705 0.029102 -0.385790 -0.298728 0.387105 0.332942 0.039869 0.203561 0.093016 0.028007 -0.281294 -0.098902 -0.255930 -0.491762 -0.373975 -0.397424 -0.222965 -0.314177 -0.127235 -0.020441 -0.299068 -0.293093 -0.228803 -0.073656 0.042961 -0.232953 0.025569 -0.271574 0.106297 0.086413 0.063893 0.059662 -0.069417 -0.254461 0.054494 -0.182509 0.028723 0.102635 -0.057672 0.023130 -0.072552 -0.263150 -0.074280 -0.046110 0.083406 0.116593 0.042646 -0.084393 -0.011979 -0.127039 0.121802 -0.162250 -0.074985 -0.284083 -0.090413 -0.057594
