1.000000 0.482979 0.015581 -0.034418 -0.159805 -0.385411 0.008656 -0.314313 -0.192228 -0.414902 0.046021 -0.267582 -0.005918 -0.325289 -0.002214 -0.301196 0.218310 0.188500 0.433491 0.510038 -0.018114 0.039677 0.068158 -0.089101 -0.097302 -0.284156 -0.040409 -0.174752 0.251516 0.108191 0.175486 -0.081817 0.146626 0.178563 -0.074045 -0.160987 0.156094 -0.283587 -0.116523 -0.244087 0.355543 0.066904 -0.275496 -0.339144 -0.204839 -0.369657 -0.408481 -0.150783 -0.109782 -0.260187 -0.343563 -0.394718 0.038458 0.055566 -0.292631 -0.371650 0.632785 0.545378 0.316780 0.096895 0.166478 -0.056963 0.319347 0.365745 0.087119 -0.356570 0.130701 -0.288393 0.580089 0.376034 -0.303021 -0.426399 0.009657 0.009505 0.104496 -0.062604 0.031240 -0.173350 -0.146598 0.100769 0.161762 0.250712 0.474303 0.077554 0.101187 -0.338504 0.180690 0.078973 0.133999 -0.056244 0.073928 0.244893 -0.396058 0.127926 -0.005921 -0.059480 -0.098096 -0.055240 -0.033719 0.179401 -0.339171 -0.064329 0.027007 0.142107 0.066004 -0.030426 0.084458 0.309469 -0.113654 -0.033755 -0.072681 0.220255 -0.095642 -0.067445 -0.067112 0.141815
0.482979 1.000000 -0.202070 -0.038649 -0.194441 -0.335207 -0.144403 -0.097777 -0.151654 -0.359982 -0.273507 -0.223051 0.006376 -0.242653 -0.365073 -0.403598 0.273716 0.195968 0.276050 0.523471 -0.025033 0.102688 -0.239723 -0.263635 -0.207701 -0.197120 -0.012731 -0.121149 0.097824 0.103137 -0.194523 -0.256180 -0.127572 -0.008896 -0.425555 -0.420132 0.343920 -0.204634 -0.144232 -0.113243 0.363929 0.151539 -0.361574 -0.445848 -0.417562 -0.528692 -0.246951 -0.454264 -0.264325 -0.140414 -0.352747 -0.304637 0.179411 0.068880 -0.110801 -0.450920 0.481641 0.480505 0.487028 0.441776 0.272993 0.329067 0.487621 0.683682 -0.311925 -0.405367 0.155693 -0.417419 0.504152 0.407533 -0.178658 -0.257229 -0.019600 0.134877 0.072713 -0.163068 -0.000021 -0.187855 0.036988 0.214478 0.178292 0.376532 0.149197 0.002286 -0.113935 -0.180968 -0.108302 0.133822 -0.198102 -0.026891 0.333117 0.024322 -0.216093 -0.066517 0.198626 0.133750 0.043022 0.247107 0.088949 -0.074437 -0.185937 0.073992 0.304207 0.280488 0.252389 0.232763 0.171396 0.302080 -0.004101 -0.029748 -0.232283 0.012969 -0.078519 -0.321652 -0.115137 -0.101301
0.015581 -0.202070 1.000000 -0.464081 0.644367 -0.174037 0.563782 0.245208 0.642825 0.275317 0.272000 -0.340198 0.369239 0.052236 0.491195 -0.018920 -0.320453 -0.383690 -0.108787 -0.199062 -0.075062 -0.278184 0.382468 0.022405 0.341241 0.173724 -0.253825 -0.661248 -0.137325 -0.279359 0.265437 -0.108056 0.208152 0.163304 0.243785 0.151982 -0.364948 -0.283436 -0.106379 -0.135337 -0.138118 -0.233146 0.003253 -0.103999 0.245250 0.182959 -0.263972 -0.116428 0.207952 -0.056830 0.419587 0.126068 -0.143023 -0.259635 -0.203875 -0.064076 -0.135168 -0.053645 0.283316 0.173297 0.197639 -0.026989 -0.291790 -0.168433 0.173051 -0.144107 0.409069 0.395064 -0.027971 -0.060314 0.020588 -0.275934 -0.281410 -0.234127 -0.214162 -0.300313 -0.287978 -0.172386 -0.339088 -0.644165 -0.557234 -0.341609 0.040337 -0.309127 -0.240156 -0.323729 -0.098836 -0.329208 -0.056725 -0.314805 0.094330 0.358390 -0.157185 0.602772 -0.090404 -0.488382 0.040488 -0.183506 0.020272 0.220215 0.216569 0.536163 0.123397 0.269373 -0.125122 -0.212608 -0.164652 0.153593 0.003805 -0.207946 0.206061 0.056949 0.014151 0.193817 0.018143 -0.113415
-0.034418 -0.038649 -0.464081 1.000000 -0.411719 0.308079 -0.441949 -0.036467 -0.546855 -0.153534 -0.121338 0.444971 -0.440781 -0.122913 -0.322402 0.193392 -0.062273 0.075126 0.097137 0.155355 0.128008 0.029800 -0.095254 0.447624 -0.148356 0.031914 0.365853 0.507506 -0.199813 -0.110741 -0.249646 0.176879 -0.214922 -0.301875 0.044736 -0.271062 0.215647 0.333899 -0.111345 -0.130896 -0.098944 0.237310 -0.221852 0.044964 -0.395058 -0.090802 0.046600 -0.048130 -0.158052 -0.158811 -0.021341 0.096917 0.257565 0.105414 0.131857 0.038183 0.019363 -0.095769 -0.378201 -0.239690 -0.492224 -0.147757 0.049364 -0.154307 0.093186 0.480809 -0.209122 -0.014816 -0.124408 -0.202868 -0.148298 0.238727 0.039646 0.243897 0.229296 0.383507 0.241149 0.379217 0.264357 0.197132 0.045993 -0.042833 -0.049358 0.572244 0.471017 0.502067 0.081764 0.232346 0.312143 0.504390 0.038751 -0.245949 0.502860 -0.280501 -0.315875 0.297374 -0.319008 0.128393 0.076618 -0.127444 -0.036002 -0.383624 -0.003209 -0.438802 -0.045324 -0.133169 -0.138939 -0.274163 0.012316 -0.089684 -0.219071 0.107101 0.191029 0.012746 0.055284 -0.160729
-0.159805 -0.194441 0.644367 -0.411719 1.000000 0.307256 0.442790 0.419820 0.766028 0.490880 0.258671 -0.297198 0.163208 -0.073774 0.448613 -0.054753 -0.302450 -0.374745 -0.155538 -0.116054 0.024049 -0.189834 0.129502 -0.028765 0.284062 0.260215 -0.028111 -0.357829 -0.150513 -0.287982 0.028138 -0.294367 0.075785 -0.004515 0.160348 0.219680 -0.295217 -0.386279 -0.101319 -0.278536 -0.325157 -0.398063 0.221645 0.021911 0.375683 0.347541 -0.160180 -0.006317 0.260888 0.192285 0.299131 0.198875 -0.276172 -0.119127 -0.319558 -0.094332 -0.209637 -0.123053 0.251135 0.218917 0.139033 0.076613 -0.374023 -0.227690 0.122180 0.026423 0.316105 0.335398 0.002612 0.023792 -0.010727 -0.274323 -0.305126 -0.260496 -0.237921 -0.330314 -0.270157 -0.224582 -0.151960 -0.495202 -0.350825 -0.350580 -0.148687 -0.399512 -0.361160 -0.358191 -0.212684 -0.380535 -0.211217 -0.551689 0.004057 0.231104 0.124080 0.626687 0.088093 -0.134384 0.022499 0.167407 -0.094115 0.232149 0.318564 0.426474 0.132169 0.279092 0.117887 0.027059 -0.064308 0.160792 0.221455 -0.091716 0.140590 -0.028108 0.226437 0.007008 0.067608 0.047312
-0.385411 -0.335207 -0.174037 0.308079 0.307256 1.000000 -0.026093 0.435318 0.108567 0.611046 0.109952 0.350313 -0.230310 0.108731 0.013022 0.379793 -0.283003 -0.093025 -0.197837 -0.051536 0.044383 -0.149843 -0.244606 0.281085 -0.058613 0.199947 0.209933 0.369876 -0.170088 -0.138959 -0.291812 -0.076845 -0.426361 -0.319061 0.012663 0.157599 -0.194827 -0.114112 -0.282165 -0.323473 -0.518380 -0.302810 0.069570 0.198933 0.191896 0.447004 0.024904 0.052026 0.114341 0.363066 0.129068 0.490968 0.133294 0.205139 -0.097945 0.071157 -0.252129 -0.278860 -0.259776 -0.026414 -0.343842 0.100775 -0.468445 -0.387878 0.026484 0.603946 -0.240094 0.266381 -0.291731 0.014952 -0.098958 0.136548 -0.121053 -0.252936 -0.192709 0.012824 -0.210130 0.133542 0.189005 -0.061589 0.058889 -0.329513 -0.221275 0.030252 -0.029745 -0.024785 -0.141769 -0.222082 -0.086405 -0.061475 0.112133 0.025253 0.613552 0.125640 -0.071022 0.183074 -0.232934 0.211015 -0.158999 0.045629 0.282097 -0.057742 -0.181964 -0.056417 0.200643 0.183156 -0.077214 -0.226102 0.302294 0.001576 -0.145486 -0.171625 0.207383 0.042521 0.102904 0.010467
0.008656 -0.144403 0.563782 -0.441949 0.442790 -0.026093 1.000000 0.492305 0.557322 0.441231 0.180521 -0.314209 0.540259 0.113974 0.250933 0.045329 -0.099922 -0.145629 0.105659 0.022984 -0.107176 -0.231128 -0.129060 -0.254025 -0.258612 -0.166192 -0.598591 -0.513609 0.362392 0.073082 -0.020016 -0.190789 0.355758 0.069095 -0.124144 -0.062495 -0.114903 -0.181146 -0.193055 -0.178934 0.001535 -0.363829 0.162427 -0.009202 0.540567 0.299203 -0.356750 -0.138739 0.140326 0.277835 0.085419 0.058369 -0.127654 -0.049045 -0.392587 -0.261512 -0.279667 -0.219873 0.231063 0.118254 0.407029 0.250470 -0.074525 0.040378 0.078043 -0.006709 0.151785 0.121614 -0.107715 0.099239 0.060894 -0.281613 0.016473 -0.092169 -0.130380 -0.193362 -0.065201 -0.021268 -0.303041 -0.342440 -0.231219 -0.155932 0.031150 -0.239834 -0.497860 -0.465833 -0.134837 -0.333362 -0.475313 -0.527434 0.070640 0.269116 -0.079237 0.381295 0.163072 -0.367063 -0.128470 -0.291830 -0.371657 0.057833 0.240768 0.422603 -0.145958 0.170783 -0.166740 -0.145838 -0.062497 0.192300 -0.247028 -0.059459 -0.218201 0.074925 -0.148655 -0.040508 -0.046832 0.041966
-0.314313 -0.097777 0.245208 -0.036467 0.419820 0.435318 0.492305 1.000000 0.444163 0.712718 0.114242 0.160451 0.139126 0.447155 0.013708 0.264020 -0.314461 -0.166655 -0.235186 0.007767 -0.129328 -0.344640 -0.496938 -0.203376 -0.245776 0.110766 -0.286458 -0.310408 -0.075251 -0.032986 -0.382596 -0.124162 -0.105617 -0.151236 -0.211642 -0.126413 -0.220518 -0.170362 -0.331857 -0.158508 -0.386355 -0.382505 0.083592 0.021240 0.360705 0.494698 -0.193747 -0.300603 0.062288 0.421824 0.099429 0.411752 0.118377 -0.167192 -0.280365 -0.123059 -0.359907 -0.416817 0.176524 0.433187 -0.036320 0.602420 -0.339550 -0.078726 -0.221396 0.426079 0.100154 0.303749 -0.312883 0.067003 -0.036769 -0.122749 -0.236049 -0.242650 -0.392330 -0.180611 -0.324354 -0.091432 -0.043298 -0.424851 -0.178200 -0.281330 -0.074207 -0.063297 -0.412845 -0.210522 -0.402353 -0.202321 -0.540226 -0.259963 0.216802 0.046089 0.271105 0.190664 0.026940 -0.180624 -0.252547 0.029460 -0.189354 -0.000128 0.463138 0.328518 0.067328 0.160322 0.019455 0.030139 -0.024258 0.114827 0.081473 -0.318845 -0.311171 -0.284951 0.080440 -0.115824 -0.056217 0.067794
-0.192228 -0.151654 0.642825 -0.546855 0.766028 0.108567 0.557322 0.444163 1.000000 0.441343 0.305511 -0.221083 0.480475 0.144782 0.525210 0.022658 -0.169523 -0.226156 -0.254385 -0.221665 -0.071723 -0.250008 0.057057 -0.162788 0.027909 0.037469 -0.412235 -0.568114 0.006683 -0.124529 0.026838 -0.285250 0.100885 -0.042347 -0.034172 0.078839 -0.209134 -0.240945 0.026214 -0.142365 -0.175376 -0.326931 0.167927 0.023543 0.360668 0.290390 -0.176950 -0.100886 0.145631 0.143801 0.184067 0.058653 -0.224153 -0.129698 -0.310502 -0.147601 -0.155128 -0.085656 0.247321 0.240703 0.244041 0.169273 -0.368391 -0.121659 0.035662 -0.086171 0.181195 0.249441 -0.100024 0.108026 0.157123 -0.257620 -0.123606 -0.211078 -0.344578 -0.343396 -0.270005 -0.164162 -0.206737 -0.401484 -0.298965 -0.126058 -0.119040 -0.297936 -0.413845 -0.286823 -0.240674 -0.379833 -0.314107 -0.541811 0.036799 0.158997 0.007617 0.500718 0.158523 -0.113187 0.072763 -0.019454 -0.158644 0.211911 0.254202 0.409705 0.123469 0.311407 -0.006235 -0.025850 -0.080520 0.075392 0.144646 -0.044273 0.009750 -0.108558 0.155603 -0.013843 0.013794 -0.000781
-0.414902 -0.359982 0.275317 -0.153534 0.490880 0.611046 0.441231 0.712718 0.441343 1.000000 0.288207 0.174539 0.067587 0.296150 0.253445 0.539198 -0.430072 -0.358707 -0.398583 -0.106723 -0.005595 -0.276596 -0.249841 0.137807 0.051808 0.314848 -0.248578 -0.231440 -0.095468 -0.158747 -0.197348 -0.039656 -0.205879 -0.140479 -0.093836 0.180004 -0.468415 -0.324149 -0.337312 -0.047697 -0.549182 -0.439569 0.106988 0.074440 0.453231 0.508313 -0.135052 -0.055826 0.115345 0.407177 0.295472 0.567683 0.043082 0.060644 -0.237590 0.050248 -0.474937 -0.456724 0.038234 0.228727 -0.068291 0.382122 -0.428455 -0.261630 -0.034665 0.508941 -0.046465 0.440301 -0.319655 0.008128 -0.044431 -0.095806 -0.341703 -0.419405 -0.448057 -0.248261 -0.454681 -0.122513 -0.163020 -0.468075 -0.209063 -0.509478 -0.076580 -0.143152 -0.360391 -0.223135 -0.275433 -0.357010 -0.388872 -0.274179 0.178142 0.246084 0.361982 0.372369 0.110967 -0.183685 -0.153709 0.036315 -0.133514 0.023569 0.423139 0.267867 -0.168320 0.100848 0.043416 0.086717 -0.062689 -0.073671 0.100036 -0.194024 -0.031297 -0.321030 0.008988 0.001377 0.041781 0.025028
0.046021 -0.273507 0.272000 -0.121338 0.258671 0.109952 0.180521 0.114242 0.305511 0.288207 1.000000 0.337837 0.266322 0.339718 0.643300 0.531524 -0.260162 -0.140132 -0.088053 -0.087142 -0.163080 -0.232632 0.237342 0.073780 0.019645 -0.176143 -0.214209 -0.265273 -0.056783 -0.094825 -0.005158 -0.070913 0.074614 0.130578 0.261855 0.123626 -0.345867 -0.268839 -0.216985 -0.171674 -0.352414 -0.343094 0.068265 0.098681 0.326161 0.348732 -0.214486 -0.004843 0.196105 0.149736 0.274298 0.155764 -0.210540 -0.067237 -0.101502 0.040804 -0.259709 -0.239303 -0.198990 -0.165587 -0.073437 -0.018962 -0.373943 -0.329348 0.180345 0.146454 -0.101120 0.217419 -0.193009 -0.134732 0.009610 -0.369460 -0.211637 -0.263330 -0.127929 0.000157 -0.144509 0.004342 -0.183359 -0.194109 -0.154026 -0.195223 0.169795 -0.049667 0.130069 -0.000707 0.103258 -0.357712 0.063129 -0.278966 -0.005822 0.237574 -0.024677 0.325072 -0.096767 -0.079165 -0.042480 -0.116743 0.032420 0.234955 0.065013 0.041487 -0.034243 -0.078482 -0.172998 -0.242738 0.003898 0.024761 0.115804 -0.045822 0.018268 -0.075730 0.004464 0.060796 -0.083983 0.106018
-0.267582 -0.223051 -0.340198 0.444971 -0.297198 0.350313 -0.314209 0.160451 -0.221083 0.174539 0.337837 1.000000 -0.161628 0.468773 0.106093 0.639680 -0.222901 0.101171 -0.290953 -0.086607 -0.071417 -0.102435 -0.219906 0.180681 -0.145321 -0.090205 0.065653 0.205272 -0.129533 0.094882 -0.287131 0.209007 -0.151652 -0.005127 0.064736 -0.058216 -0.164083 0.101100 -0.074980 0.068471 -0.330489 0.035935 0.063952 0.195099 0.036231 0.280976 0.107142 0.014682 0.127533 0.201008 0.168795 0.332531 0.223647 0.132308 0.170569 0.333468 -0.221207 -0.290601 -0.501484 -0.297779 -0.459232 0.036730 -0.344890 -0.387021 0.002437 0.602493 -0.515947 -0.000771 -0.384337 -0.147156 -0.110179 0.036394 -0.023425 -0.028075 -0.026387 0.267657 -0.011460 0.172602 0.289720 0.111472 0.175497 -0.067350 0.047796 0.343563 0.354624 0.400883 0.134763 -0.077816 0.004731 0.252162 -0.024992 -0.090879 0.279908 -0.233398 -0.171161 0.113100 -0.177086 0.148047 0.160189 -0.031920 0.069528 -0.332883 -0.180671 -0.376277 -0.181369 -0.222941 -0.008454 -0.155893 0.141954 -0.058472 -0.089064 -0.189625 0.158719 -0.019140 -0.079463 0.166260
-0.005918 0.006376 0.369239 -0.440781 0.163208 -0.230310 0.540259 0.139126 0.480475 0.067587 0.266322 -0.161628 1.000000 0.353918 0.162361 -0.028358 0.238092 0.042487 -0.058701 -0.263038 -0.164448 -0.046019 -0.000496 -0.318053 -0.237006 -0.220940 -0.612515 -0.435246 0.243340 0.208769 -0.111157 -0.159383 0.193452 0.176492 -0.234832 -0.091512 0.068347 -0.234736 -0.047795 -0.114785 0.195043 -0.158843 0.013423 -0.055030 0.138147 0.054560 -0.316840 -0.236700 0.055226 0.081542 0.001748 -0.091863 -0.061256 -0.286111 -0.049011 -0.141271 -0.036839 -0.028474 0.264615 0.120369 0.641090 0.211733 -0.023043 0.206669 -0.149694 -0.251007 0.018348 -0.088424 -0.101180 0.059971 0.121216 -0.351807 0.198492 -0.090497 -0.109018 -0.252767 -0.073172 -0.119609 -0.107408 -0.036509 -0.037494 0.096601 -0.005004 -0.215539 -0.447578 -0.174994 -0.153733 -0.255202 -0.288569 -0.288474 0.153294 0.090445 -0.182184 0.132442 0.251203 -0.186482 0.031160 -0.237310 -0.306997 -0.114355 0.071687 0.495697 0.114073 0.254933 -0.132776 -0.081996 -0.086490 0.135804 -0.138187 -0.042192 -0.182455 -0.163051 -0.077387 0.011333 -0.064674 -0.060493
-0.325289 -0.242653 0.052236 -0.122913 -0.073774 0.108731 0.113974 0.447155 0.144782 0.296150 0.339718 0.468773 0.353918 1.000000 0.084730 0.435145 -0.087002 0.046387 -0.314492 -0.305887 -0.241825 -0.195893 -0.218944 -0.254551 -0.060209 0.038427 -0.183654 -0.137624 -0.062203 0.184704 -0.168093 0.092456 -0.014253 0.081524 -0.068590 -0.022646 -0.238962 -0.048683 -0.103055 0.110997 -0.210701 -0.148513 0.049182 0.077054 0.162421 0.333749 0.019671 -0.222781 0.020577 0.268408 0.133028 0.312544 0.178264 -0.212957 0.195963 0.263636 -0.316350 -0.354193 -0.031482 0.151330 -0.031265 0.402808 -0.239155 -0.166860 -0.335005 0.218657 -0.091078 0.122105 -0.353560 -0.039790 -0.022444 -0.103124 0.007004 -0.207893 -0.290207 -0.090275 -0.252898 -0.103158 -0.036445 -0.176424 0.041564 -0.073761 0.000025 -0.013046 -0.197154 0.061109 -0.230236 -0.216137 -0.282146 0.080083 0.157158 -0.010572 -0.048736 -0.159771 -0.116060 -0.139073 0.007108 -0.066094 0.058672 -0.012715 0.156627 0.197240 -0.017610 0.033401 -0.134258 -0.140545 -0.018579 -0.022447 0.007172 -0.288173 -0.055960 -0.378633 -0.093655 0.008681 -0.032876 0.156426
-0.002214 -0.365073 0.491195 -0.322402 0.448613 0.013022 0.250933 0.013708 0.525210 0.253445 0.643300 0.106093 0.162361 0.084730 1.000000 0.390404 -0.248328 -0.079467 -0.141772 -0.221684 0.022382 -0.174901 0.428113 0.064055 0.321825 -0.028827 -0.203616 -0.435412 0.001469 -0.230539 0.243274 -0.113430 0.166322 0.104359 0.386025 0.281367 -0.318822 -0.250978 -0.008492 -0.078682 -0.207315 -0.154784 0.170025 0.067156 0.249650 0.198524 -0.122568 0.081381 0.100701 -0.149218 0.290003 0.013653 -0.175567 0.023756 -0.173085 -0.057591 -0.061654 -0.015895 -0.130248 -0.220728 -0.073242 -0.182933 -0.449950 -0.426848 0.442022 0.122685 -0.028668 0.229807 -0.024865 -0.068678 0.033376 -0.303678 -0.270397 -0.200493 -0.138829 -0.056362 -0.086149 0.013928 -0.097060 -0.296959 -0.088513 -0.127685 0.281258 -0.151056 0.113184 -0.093102 0.304185 -0.340438 0.143210 -0.295965 -0.169341 0.279959 -0.006289 0.570927 -0.044728 -0.271582 0.112801 -0.200719 -0.060537 0.324021 -0.033985 0.013113 -0.016414 0.042644 -0.230453 -0.352292 -0.032226 -0.025270 0.049845 -0.053162 0.293822 0.119259 0.152080 0.154456 -0.044511 0.056629
-0.301196 -0.403598 -0.018920 0.193392 -0.054753 0.379793 0.045329 0.264020 0.022658 0.539198 0.531524 0.639680 -0.028358 0.435145 0.390404 1.000000 -0.400007 -0.101332 -0.199739 -0.082101 0.076952 -0.198979 0.027113 0.297675 0.055459 0.123516 -0.191658 -0.057728 -0.044588 -0.029272 -0.172931 0.223602 -0.132794 -0.037390 0.112449 0.119546 -0.329680 -0.052723 -0.174638 0.050840 -0.384778 -0.104608 -0.039243 0.072840 0.211377 0.339115 0.014568 -0.043481 0.097459 0.178897 0.230593 0.450417 0.179306 0.158073 0.165179 0.265997 -0.330096 -0.469929 -0.345998 -0.193411 -0.354664 0.067370 -0.445984 -0.412336 0.104178 0.517246 -0.328610 0.212836 -0.323722 -0.160087 -0.050201 0.050019 -0.221224 -0.228284 -0.172863 0.060369 -0.192023 0.126965 -0.001924 -0.136797 -0.020765 -0.295172 0.088502 0.250220 0.087996 0.074139 0.027972 -0.364628 -0.007893 0.098867 0.008898 0.147032 0.227609 0.073931 -0.070384 -0.055952 -0.070194 -0.067754 0.123375 0.195287 0.067315 -0.097188 -0.253309 -0.287661 -0.262187 -0.250276 -0.125075 -0.271070 -0.019532 -0.186459 -0.025892 -0.248188 0.067230 0.157870 -0.070448 0.064290
0.218310 0.273716 -0.320453 -0.062273 -0.302450 -0.283003 -0.099922 -0.314461 -0.169523 -0.430072 -0.260162 -0.222901 0.238092 -0.087002 -0.248328 -0.400007 1.000000 0.604279 0.197205 0.040077 -0.165671 0.076191 -0.163090 -0.406989 -0.324283 -0.320579 -0.087547 0.233514 0.501412 0.500168 -0.023239 0.059842 0.159376 0.055133 -0.321630 -0.132738 0.277146 0.161923 0.217504 0.033033 0.370478 0.281765 0.053244 -0.048352 -0.129833 -0.294614 -0.069941 -0.134304 -0.323466 -0.044846 -0.537004 -0.436129 -0.082092 0.020479 -0.101731 -0.174496 0.464833 0.350563 0.068051 -0.040926 0.325578 0.101888 0.603732 0.549988 -0.237313 -0.317063 -0.145789 -0.467148 0.127986 -0.062812 0.136648 -0.081478 0.541643 0.301692 0.288231 0.260228 0.318261 0.058925 0.257485 0.445574 0.569312 0.425623 0.100794 -0.041056 -0.091312 0.007350 0.175803 0.342790 -0.159500 0.149543 -0.190169 -0.186062 -0.276322 -0.438404 -0.012771 0.111815 -0.128074 -0.257337 -0.195732 -0.095972 -0.351360 -0.100591 0.047110 -0.125084 -0.016223 0.006648 0.016509 0.098688 -0.047202 0.087754 -0.281547 0.131109 -0.045071 0.070826 -0.104677 0.009968
0.188500 0.195968 -0.383690 0.075126 -0.374745 -0.093025 -0.145629 -0.166655 -0.226156 -0.358707 -0.140132 0.101171 0.042487 0.046387 -0.079467 -0.101332 0.604279 1.000000 0.220180 0.137698 -0.286855 -0.004548 -0.111033 -0.208836 -0.249842 -0.336690 -0.046893 0.230633 0.392206 0.485934 0.041260 0.109855 0.096629 0.072158 -0.134374 -0.071049 0.219780 0.240834 0.148786 0.021627 0.272429 0.235194 0.128035 0.059990 -0.013420 -0.099193 -0.006320 0.043582 -0.163954 0.083827 -0.438830 -0.329612 0.029284 0.116680 0.071849 -0.194244 0.467751 0.295967 -0.143103 -0.146374 0.010804 0.091869 0.192279 0.298232 -0.022633 -0.127527 -0.369868 -0.479646 -0.044435 0.018743 0.124314 0.066158 0.485472 0.258189 0.177582 0.382364 0.385954 0.251319 0.462286 0.542417 0.536646 0.322715 0.170474 -0.056058 0.129766 -0.133709 0.184925 0.200651 0.067680 0.185430 -0.133735 -0.274259 -0.174168 -0.339231 -0.021910 0.057055 -0.150185 -0.409711 -0.213870 -0.057770 -0.439300 -0.236186 -0.143363 -0.248353 -0.212303 -0.078788 0.098046 0.056249 -0.195303 0.107043 -0.263050 0.241759 0.122333 0.201321 -0.250773 0.062754
0.433491 0.276050 -0.108787 0.097137 -0.155538 -0.197837 0.105659 -0.235186 -0.254385 -0.398583 -0.088053 -0.290953 -0.058701 -0.314492 -0.141772 -0.199739 0.197205 0.220180 1.000000 0.520456 -0.038188 -0.090408 0.162645 -0.107957 -0.245220 -0.178266 -0.000637 0.053163 0.510235 0.297646 0.088006 -0.037070 0.197171 0.046550 0.028664 -0.103114 0.313813 0.099206 -0.155958 -0.303759 0.266004 0.056230 -0.322465 -0.308117 -0.135063 -0.225896 -0.354563 -0.124665 0.024000 0.052897 -0.369634 -0.248459 -0.063963 0.130162 -0.178744 -0.232645 0.269274 0.184327 0.101541 0.010387 0.052688 -0.034406 0.375268 0.364257 0.108455 -0.358682 0.121834 -0.346782 0.399755 0.140673 -0.047330 -0.001861 0.222269 0.247751 0.348633 0.119810 0.409679 0.272325 0.054578 0.223923 0.041426 0.145309 0.399777 0.236993 0.044948 -0.337662 0.102802 -0.060190 0.166448 -0.044446 -0.116412 0.113870 -0.263703 -0.093699 -0.002030 0.042818 -0.272231 -0.110663 -0.144181 0.072557 -0.225407 -0.047689 -0.048832 0.005418 -0.022089 -0.007513 -0.084842 -0.016127 -0.175309 0.131191 -0.345326 0.189915 -0.084703 0.036517 -0.000106 -0.026281
0.510038 0.523471 -0.199062 0.155355 -0.116054 -0.051536 0.022984 0.007767 -0.221665 -0.106723 -0.087142 -0.086607 -0.263038 -0.305887 -0.221684 -0.082101 0.040077 0.137698 0.520456 1.000000 -0.078663 0.018822 -0.304270 0.049353 -0.282175 -0.211045 -0.021899 -0.049176 0.242747 0.053602 -0.200445 -0.111055 -0.021861 0.020153 -0.206946 -0.282460 0.147976 -0.191417 -0.180099 -0.124671 0.205224 -0.085552 -0.312357 -0.395949 -0.113235 -0.261623 -0.341706 -0.236787 -0.160651 0.048146 -0.477123 -0.197478 0.133337 0.336636 -0.395332 -0.478513 0.290272 0.227595 0.263286 0.313549 -0.022039 0.214761 0.284082 0.352395 -0.001532 -0.192066 0.047303 -0.192124 0.449255 0.560922 -0.223154 -0.164455 -0.156418 0.023085 0.011591 -0.074014 0.004338 -0.103729 0.016517 0.124160 0.145225 0.225664 0.309437 0.246954 0.042220 -0.336768 -0.080758 -0.040526 -0.111628 -0.212060 0.106036 0.161141 -0.116319 0.035627 0.125548 0.245099 -0.209979 0.164327 -0.047737 -0.024063 -0.195327 -0.158596 -0.086162 0.159729 0.318222 0.222073 -0.006186 0.085674 0.046066 -0.030460 -0.310816 0.040264 -0.038768 -0.125585 -0.105604 0.105442
-0.018114 -0.025033 -0.075062 0.128008 0.024049 0.044383 -0.107176 -0.129328 -0.071723 -0.005595 -0.163080 -0.071417 -0.164448 -0.241825 0.022382 0.076952 -0.165671 -0.286855 -0.038188 -0.078663 1.000000 0.523240 0.281377 0.246434 0.242482 0.310559 0.124430 -0.006353 -0.062519 -0.089764 0.083499 0.146036 -0.088237 -0.195570 -0.039082 -0.106969 0.391872 0.001657 0.154627 -0.020500 0.184145 0.322835 0.032527 -0.004445 -0.201010 -0.278550 0.236781 0.049440 0.047087 -0.219773 0.102978 -0.099957 0.005687 -0.073486 0.141083 0.220526 0.080176 0.008212 0.033962 -0.090656 -0.147325 -0.196596 0.058422 -0.036346 0.061796 -0.012308 0.144722 -0.144940 0.277448 -0.099270 0.155784 0.140302 -0.047722 0.130649 0.175480 -0.025468 0.171975 0.120557 -0.120563 -0.115949 0.051972 0.069095 -0.117367 0.250684 -0.057034 0.025019 0.025201 -0.059554 0.060011 0.026991 -0.038168 -0.022646 0.094636 -0.083616 0.014585 0.024299 0.237205 0.283095 0.118058 0.081835 -0.217729 -0.058148 0.065092 -0.126884 0.016562 -0.148258 -0.201335 -0.245067 -0.191865 -0.201538 0.150937 -0.018704 0.071001 -0.235020 0.120779 -0.048752
0.039677 0.102688 -0.278184 0.029800 -0.189834 -0.149843 -0.231128 -0.344640 -0.250008 -0.276596 -0.232632 -0.102435 -0.046019 -0.195893 -0.174901 -0.198979 0.076191 -0.004548 -0.090408 0.018822 0.523240 1.000000 0.163905 0.171107 0.165795 0.160200 0.087717 0.237655 -0.072384 -0.012716 0.243395 0.302890 -0.047724 0.045331 -0.198489 -0.116206 0.423915 -0.032675 0.269681 0.341954 0.467510 0.172083 0.145614 0.045500 -0.299423 -0.428168 0.404440 0.277026 -0.107604 -0.322588 -0.156471 -0.275151 -0.058623 0.053641 0.226851 0.118222 0.153237 0.239406 -0.033740 -0.119502 -0.078317 -0.354140 0.142867 -0.031945 -0.201382 -0.238416 -0.068287 -0.264136 0.242513 0.134949 0.306397 0.217293 0.031566 0.051203 -0.025313 -0.053989 0.171662 0.035152 0.038397 0.248329 0.324847 0.233516 -0.317845 -0.124842 -0.066491 0.070963 -0.034597 0.172097 -0.031625 -0.101465 -0.159894 -0.240246 -0.157924 -0.315268 0.431156 0.273567 0.543683 0.229988 -0.004977 -0.134177 -0.407775 -0.099884 -0.062547 0.066039 0.217021 0.207816 -0.042924 -0.045547 -0.263420 0.160971 0.310184 -0.017744 -0.146527 -0.178743 0.271862 -0.012596
0.068158 -0.239723 0.382468 -0.095254 0.129502 -0.244606 -0.129060 -0.496938 0.057057 -0.249841 0.237342 -0.219906 -0.000496 -0.218944 0.428113 0.027113 -0.163090 -0.111033 0.162645 -0.304270 0.281377 0.163905 1.000000 0.379286 0.541926 0.236222 0.216805 -0.069094 -0.163122 -0.244996 0.574763 0.195597 -0.002015 0.055670 0.438785 0.288147 -0.039824 0.036408 0.187258 -0.030922 0.017664 0.118707 -0.040270 0.066646 -0.205473 -0.137913 0.172044 0.295588 0.159604 -0.310710 0.385757 -0.069818 -0.253379 -0.144379 0.279730 0.259466 0.070871 0.183740 -0.162938 -0.364490 -0.170119 -0.556861 -0.144537 -0.265441 0.406069 -0.258482 0.082121 0.079671 0.103021 -0.299081 0.116922 0.138850 -0.066306 -0.005032 0.160030 0.012570 0.161215 0.145302 -0.168615 -0.162131 -0.301961 -0.193358 0.056351 -0.116079 0.252549 -0.014072 0.200130 -0.158284 0.593285 0.066937 -0.156170 0.087325 -0.204842 0.150225 -0.190215 -0.224808 0.235205 -0.140644 0.161800 0.255934 -0.264246 0.046533 -0.004365 -0.143296 -0.209238 -0.217754 -0.133076 -0.176913 -0.205494 0.069863 0.396839 0.234704 0.051140 0.264418 0.133161 -0.155637
-0.089101 -0.263635 0.022405 0.447624 -0.028765 0.281085 -0.254025 -0.203376 -0.162788 0.137807 0.073780 0.180681 -0.318053 -0.254551 0.064055 0.297675 -0.406989 -0.208836 -0.107957 0.049353 0.246434 0.171107 0.379286 1.000000 0.307588 0.298143 0.198869 0.232195 -0.288369 -0.276251 0.258933 0.197189 -0.255220 -0.226250 0.117409 -0.038479 -0.056874 0.017688 0.023949 0.064781 -0.151316 -0.008651 -0.221394 -0.041361 -0.269876 -0.146534 0.136760 0.182693 0.144526 -0.128306 0.287388 0.282822 0.194119 0.336511 0.128078 0.246639 -0.064880 -0.029779 -0.226679 -0.229967 -0.454750 -0.453889 -0.244938 -0.416882 0.222788 0.228604 -0.160972 0.173584 -0.110735 0.031478 0.004155 0.256527 -0.167723 -0.136840 -0.081373 -0.077757 -0.114173 0.088138 0.039447 -0.028746 -0.164507 -0.217104 -0.125181 0.287297 0.266649 0.146891 -0.109696 -0.139188 0.400823 0.159396 0.030094 0.039589 0.324025 0.093567 -0.091464 0.178189 0.012561 0.106583 0.041239 0.043506 -0.014820 -0.125276 -0.263308 -0.266786 0.079815 0.021811 -0.227244 -0.348609 0.011833 -0.008030 0.206248 -0.044607 0.139880 0.181309 0.127100 -0.197568
-0.097302 -0.207701 0.341241 -0.148356 0.284062 -0.058613 -0.258612 -0.245776 0.027909 0.051808 0.019645 -0.145321 -0.237006 -0.060209 0.321825 0.055459 -0.324283 -0.249842 -0.245220 -0.282175 0.242482 0.165795 0.541926 0.307588 1.000000 0.729289 0.414731 -0.081246 -0.425010 -0.353722 0.433776 0.189619 -0.089262 0.145848 0.494697 0.455278 -0.333714 -0.262411 0.058202 0.068325 -0.203383 0.085477 0.032488 0.047561 -0.100103 -0.020744 0.253646 0.257556 0.044985 -0.267263 0.383359 0.184617 -0.086613 -0.091572 0.208361 0.270201 0.006918 -0.012993 0.051918 0.003414 -0.236579 -0.271162 -0.219836 -0.307381 0.188646 -0.036102 0.284993 0.350158 0.156686 -0.103122 -0.022116 0.036721 -0.356003 -0.263422 -0.128360 -0.247798 -0.249119 -0.235971 -0.098167 -0.364599 -0.235963 -0.307698 -0.068134 -0.302821 0.053701 -0.023475 -0.027461 -0.216199 0.376821 0.170123 0.066418 0.144701 -0.027536 0.266720 -0.097371 -0.207613 0.291337 0.091324 0.311655 0.122414 0.063752 0.171575 0.126838 0.108981 -0.034889 -0.089385 -0.206000 -0.148488 0.057653 -0.252204 0.740203 0.051486 -0.020593 0.247215 0.164087 -0.049227
-0.284156 -0.197120 0.173724 0.031914 0.260215 0.199947 -0.166192 0.110766 0.037469 0.314848 -0.176143 -0.090205 -0.220940 0.038427 -0.028827 0.123516 -0.320579 -0.336690 -0.178266 -0.211045 0.310559 0.160200 0.236222 0.298143 0.729289 1.000000 0.351511 0.046142 -0.337470 -0.235455 0.164053 0.249759 -0.168530 -0.072118 0.208684 0.305966 -0.182362 -0.134454 -0.012796 0.098664 -0.290655 0.066987 -0.032697 0.040438 -0.116181 0.081607 0.203661 0.148734 0.022230 -0.006527 0.322420 0.382226 0.022478 -0.104856 0.144369 0.297468 -0.155710 -0.230455 0.052970 0.130842 -0.268799 -0.033837 -0.175092 -0.179266 -0.056033 0.106988 0.218071 0.320061 0.072894 -0.102716 -0.000324 0.162619 -0.329554 -0.223573 -0.276350 -0.317089 -0.313309 -0.236744 0.002708 -0.395400 -0.229833 -0.392984 -0.153276 -0.150401 -0.151141 -0.033922 -0.256018 -0.243751 0.120837 0.237993 0.180126 0.005329 0.169086 0.036078 0.013244 -0.134343 0.065243 0.206814 0.205292 -0.076418 0.241972 0.213324 0.086241 0.074851 -0.006100 0.034060 -0.400035 -0.327837 0.046701 -0.318224 0.451321 -0.131273 -0.085340 0.075543 0.333782 -0.173806
-0.040409 -0.012731 -0.253825 0.365853 -0.028111 0.209933 -0.598591 -0.286458 -0.412235 -0.248578 -0.214209 0.065653 -0.612515 -0.183654 -0.203616 -0.191658 -0.087547 -0.046893 -0.000637 -0.021899 0.124430 0.087717 0.216805 0.198869 0.414731 0.351511 1.000000 0.585072 -0.437596 -0.240302 0.076410 0.068881 -0.156829 0.002868 0.389001 0.207650 -0.005805 0.138546 0.111489 0.007310 -0.142030 0.176378 -0.079584 0.031076 -0.300188 -0.100875 0.273035 0.207944 -0.050301 -0.109986 0.092717 0.031833 -0.073852 0.017439 0.246620 0.187499 0.075313 0.092438 -0.241610 -0.184788 -0.455616 -0.211512 -0.001589 -0.188372 0.135416 0.125027 0.026890 0.063989 0.194553 -0.178054 -0.241203 0.208052 -0.109666 0.036489 0.193751 0.115565 0.078010 0.031852 0.095321 -0.018557 -0.009135 -0.065447 -0.067646 -0.035615 0.412847 0.292181 0.234327 0.171035 0.435867 0.407051 -0.026524 -0.171293 0.225084 -0.109235 -0.330681 0.156792 -0.065399 0.332630 0.226190 0.003095 0.067206 -0.236333 0.121496 -0.118346 0.088856 0.008144 0.100147 -0.045199 0.224591 -0.028127 0.316694 0.252230 0.121406 0.060276 0.097177 -0.013515
-0.174752 -0.121149 -0.661248 0.507506 -0.357829 0.369876 -0.513609 -0.310408 -0.568114 -0.231440 -0.265273 0.205272 -0.435246 -0.137624 -0.435412 -0.057728 0.233514 0.230633 0.053163 -0.049176 -0.006353 0.237655 -0.069094 0.232195 -0.081246 0.046142 0.585072 1.000000 -0.117970 0.055909 -0.004826 0.124477 -0.176956 -0.217494 -0.007396 0.040658 0.178884 0.353734 0.111245 0.082980 0.068784 0.148650 0.038114 0.193835 -0.232824 -0.113262 0.334542 0.261933 -0.053607 0.044488 -0.170721 0.093501 0.135312 0.243306 0.325019 0.154344 0.008957 -0.020994 -0.395694 -0.382970 -0.342733 -0.290239 0.102544 -0.126203 -0.106418 0.193830 -0.373075 -0.235469 -0.157162 -0.192991 -0.016169 0.440294 0.233639 0.154835 0.222925 0.293732 0.247502 0.223119 0.325063 0.509110 0.365145 0.089767 -0.257519 0.077470 0.331148 0.391091 0.165413 0.329900 0.263080 0.444029 -0.219843 -0.314933 0.295765 -0.475269 -0.072453 0.343743 -0.061384 0.105797 -0.040876 -0.147048 -0.038118 -0.491548 -0.188110 -0.320133 0.115786 0.185216 0.059172 -0.216575 0.004158 0.245120 -0.009078 0.068981 -0.056319 0.075969 0.216276 -0.009511
0.251516 0.097824 -0.137325 -0.199813 -0.150513 -0.170088 0.362392 -0.075251 0.006683 -0.095468 -0.056783 -0.129533 0.243340 -0.062203 0.001469 -0.044588 0.501412 0.392206 0.510235 0.242747 -0.062519 -0.072384 -0.163122 -0.288369 -0.425010 -0.337470 -0.437596 -0.117970 1.000000 0.694848 0.121465 0.145905 0.286201 0.039364 -0.362405 -0.220888 0.319636 0.111830 0.080980 -0.032059 0.272418 0.117179 0.076232 -0.124690 0.176628 -0.100673 -0.313165 -0.101175 0.011646 0.221840 -0.504109 -0.370055 -0.127872 0.218257 -0.252542 -0.150017 0.194413 0.089030 0.047567 -0.104524 0.215933 0.052344 0.358231 0.368348 -0.124999 -0.274507 -0.254793 -0.523074 0.126727 0.077853 0.148487 -0.027094 0.616703 0.293238 0.309744 0.171004 0.374299 0.207543 0.178811 0.307860 0.392630 0.284651 0.293890 0.149613 -0.260726 -0.351478 0.087752 -0.016610 -0.274854 -0.234789 -0.253787 0.129738 -0.241947 -0.112602 0.181750 0.088483 -0.225032 -0.221970 -0.390487 0.112759 -0.228136 0.034906 -0.217883 -0.138936 -0.126775 -0.109014 -0.075325 -0.012192 -0.141844 0.126072 -0.422243 0.012693 -0.046277 0.061493 -0.178896 0.092896
0.108191 0.103137 -0.279359 -0.110741 -0.287982 -0.138959 0.073082 -0.032986 -0.124529 -0.158747 -0.094825 0.094882 0.208769 0.184704 -0.230539 -0.029272 0.500168 0.485934 0.297646 0.053602 -0.089764 -0.012716 -0.244996 -0.276251 -0.353722 -0.235455 -0.240302 0.055909 0.694848 1.000000 0.118952 0.302376 0.276345 0.216760 -0.365470 -0.232157 0.331193 0.300599 0.119581 0.126554 0.236707 0.200875 0.017272 -0.139880 0.039447 -0.094037 -0.083913 -0.052567 -0.068771 0.256690 -0.509190 -0.184123 -0.058060 0.141714 0.011707 0.155207 0.224044 0.147930 0.016906 0.022532 0.054755 0.144388 0.281039 0.392084 -0.420819 -0.295351 -0.317723 -0.499788 -0.055371 -0.009975 0.136921 0.022697 0.732791 0.282322 0.245796 0.265205 0.374854 0.281010 0.312745 0.421439 0.448370 0.408152 0.045314 0.084807 -0.257524 -0.185899 -0.036755 0.136689 -0.296404 0.022714 -0.263741 -0.177324 -0.319493 -0.447375 0.023599 0.062962 -0.118026 -0.206796 -0.092251 0.047241 -0.161028 0.066730 -0.062868 -0.158538 -0.206025 -0.091252 -0.035027 0.114997 -0.063765 0.030055 -0.307280 -0.119368 -0.029260 0.136312 -0.244308 0.158705
0.175486 -0.194523 0.265437 -0.249646 0.028138 -0.291812 -0.020016 -0.382596 0.026838 -0.197348 -0.005158 -0.287131 -0.111157 -0.168093 0.243274 -0.172931 -0.023239 0.041260 0.088006 -0.200445 0.083499 0.243395 0.574763 0.258933 0.433776 0.164053 0.076410 -0.004826 0.121465 0.118952 1.000000 0.405880 0.112910 0.129048 0.167828 0.220734 -0.058367 0.039286 0.157350 0.182244 0.162582 0.008436 0.124043 0.047697 -0.018246 -0.154574 0.189286 0.400630 0.092310 -0.157966 0.015540 -0.106692 -0.188722 0.093916 0.086525 0.244519 0.166971 0.343457 0.016520 -0.186965 -0.171061 -0.448669 -0.007730 -0.171343 0.064739 -0.308572 0.006656 -0.052333 0.067317 -0.058474 0.238254 0.202209 0.169253 -0.073575 -0.035505 -0.130153 0.099224 0.078648 -0.108248 -0.011676 -0.032949 0.029860 0.049594 -0.196080 0.007466 -0.183251 0.068979 0.050881 0.259024 -0.019133 -0.361084 0.108891 -0.389488 -0.026656 -0.043836 -0.202667 0.253307 -0.253955 -0.019630 0.346994 -0.169994 0.000086 -0.141575 -0.034082 -0.080312 -0.106574 0.022646 -0.066737 -0.179752 0.090149 0.486036 0.114043 -0.164230 0.251912 0.190597 0.067286
-0.081817 -0.256180 -0.108056 0.176879 -0.294367 -0.076845 -0.190789 -0.124162 -0.285250 -0.039656 -0.070913 0.209007 -0.159383 0.092456 -0.113430 0.223602 0.059842 0.109855 -0.037070 -0.111055 0.146036 0.302890 0.195597 0.197189 0.189619 0.249759 0.068881 0.124477 0.145905 0.302376 0.405880 1.000000 -0.063933 0.249250 0.005654 0.160828 0.037786 0.163150 0.146087 0.369402 0.095405 0.141636 0.146544 0.119775 -0.012190 0.017345 0.335662 0.364243 -0.080567 -0.073985 -0.143114 0.031988 -0.130350 0.095874 0.249320 0.470800 0.100175 0.025584 -0.375093 -0.284739 -0.363544 -0.251511 -0.010481 -0.238398 -0.112627 0.104340 -0.324333 -0.028833 -0.078299 -0.146762 0.251269 0.434975 0.193700 0.007830 -0.090269 0.182635 0.058549 0.171046 0.022512 0.017552 0.121975 0.006058 -0.051439 0.020961 0.007357 0.123830 0.053077 0.191984 -0.002133 0.162541 -0.249308 -0.272512 -0.208827 -0.469617 -0.089871 0.007615 0.089176 -0.112762 0.127246 0.128825 -0.244372 0.054427 -0.261784 -0.320771 -0.303740 -0.154042 -0.079611 -0.011714 -0.186174 -0.106391 0.231058 -0.040696 -0.102650 0.250474 -0.010360 0.016371
0.146626 -0.127572 0.208152 -0.214922 0.075785 -0.426361 0.355758 -0.105617 0.100885 -0.205879 0.074614 -0.151652 0.193452 -0.014253 0.166322 -0.132794 0.159376 0.096629 0.197171 -0.021861 -0.088237 -0.047724 -0.002015 -0.255220 -0.089262 -0.168530 -0.156829 -0.176956 0.286201 0.276345 0.112910 -0.063933 1.000000 0.486583 0.175711 -0.004296 0.072721 0.291632 0.123269 0.186115 0.291305 0.023710 0.052577 -0.065496 0.231478 -0.029790 -0.114747 0.053512 -0.005950 -0.020321 -0.117204 -0.281688 -0.325769 -0.011224 -0.108471 0.046518 -0.001865 -0.025519 -0.017342 -0.161654 0.190016 -0.136692 0.183583 0.096263 0.059832 -0.193373 0.163887 -0.076517 0.085439 -0.079350 0.074373 -0.161694 0.217296 0.288346 0.158833 0.102285 0.411109 0.148375 -0.019244 0.044045 0.005019 0.171167 -0.021064 -0.158324 -0.116942 -0.107281 0.118401 -0.072360 -0.119347 -0.096270 -0.379891 -0.114070 -0.354652 0.001526 -0.107846 -0.101698 -0.018815 -0.299943 -0.027329 -0.026179 -0.130036 -0.032798 -0.003636 -0.070204 -0.329914 -0.296020 -0.104353 0.172077 -0.214920 0.085345 0.061825 0.359579 -0.016883 0.079839 -0.015276 0.086364
0.178563 -0.008896 0.163304 -0.301875 -0.004515 -0.319061 0.069095 -0.151236 -0.042347 -0.140479 0.130578 -0.005127 0.176492 0.081524 0.104359 -0.037390 0.055133 0.072158 0.046550 0.020153 -0.195570 0.045331 0.055670 -0.226250 0.145848 -0.072118 0.002868 -0.217494 0.039364 0.216760 0.129048 0.249250 0.486583 1.000000 0.350448 0.432101 -0.219667 -0.149062 -0.082004 0.130340 0.085267 -0.262238 -0.018528 -0.044295 0.173199 0.071609 -0.017011 0.257298 -0.266266 -0.138087 -0.272952 -0.213849 -0.451901 -0.107873 -0.130709 0.104002 0.106438 0.134423 -0.108154 -0.065362 0.139969 0.057410 -0.033889 -0.000256 0.136584 -0.086887 0.060164 0.133966 0.220865 0.179215 -0.064697 -0.158170 -0.033740 -0.191735 -0.018890 -0.060634 0.077627 -0.018233 -0.141845 -0.052708 0.113180 0.215824 0.066863 -0.372687 -0.003078 -0.101462 0.148935 -0.093600 -0.079405 -0.115799 -0.287730 -0.144344 -0.479339 -0.075123 -0.040357 -0.200234 0.095634 -0.178923 0.050489 -0.070194 -0.193386 0.121482 0.036029 0.140949 -0.262047 -0.147701 -0.098524 0.292442 -0.086124 0.135636 0.324307 0.335142 -0.092157 0.082769 -0.202543 0.152397
-0.074045 -0.425555 0.243785 0.044736 0.160348 0.012663 -0.124144 -0.211642 -0.034172 -0.093836 0.261855 0.064736 -0.234832 -0.068590 0.386025 0.112449 -0.321630 -0.134374 0.028664 -0.206946 -0.039082 -0.198489 0.438785 0.117409 0.494697 0.208684 0.389001 -0.007396 -0.362405 -0.365470 0.167828 0.005654 0.175711 0.350448 1.000000 0.627379 -0.407995 -0.005142 0.047608 -0.143805 -0.370299 -0.098540 0.070345 0.283592 0.232366 0.376440 0.099481 0.315995 0.108749 -0.192530 0.287561 -0.013946 -0.396699 -0.278070 0.020356 0.142598 -0.186093 -0.144693 -0.342160 -0.327070 -0.253307 -0.226083 -0.286463 -0.480999 0.645910 0.238299 0.225629 0.495637 -0.021108 -0.272678 0.003919 0.019966 -0.267007 -0.108278 0.166849 0.156521 0.082453 0.140223 -0.105291 -0.339894 -0.360800 -0.236547 0.136831 -0.074735 0.519651 0.192626 0.389584 -0.210449 0.566198 0.110304 -0.180256 -0.056754 0.014077 0.176258 -0.502245 -0.259418 -0.113860 -0.081819 0.178148 0.070847 0.156848 -0.144981 0.138848 -0.086384 -0.276894 -0.385210 -0.103687 -0.085146 0.194317 -0.046807 0.402060 0.446364 0.086288 0.277202 -0.106882 0.028379
-0.160987 -0.420132 0.151982 -0.271062 0.219680 0.157599 -0.062495 -0.126413 0.078839 0.180004 0.123626 -0.058216 -0.091512 -0.022646 0.281367 0.119546 -0.132738 -0.071049 -0.103114 -0.282460 -0.106969 -0.116206 0.288147 -0.038479 0.455278 0.305966 0.207650 0.040658 -0.220888 -0.232157 0.220734 0.160828 -0.004296 0.432101 0.627379 1.000000 -0.590272 -0.260890 -0.064995 -0.036824 -0.376913 -0.349405 0.250832 0.384902 0.413187 0.515134 0.097957 0.478745 0.062608 0.094787 0.138793 0.180270 -0.376279 -0.123497 -0.008582 0.171495 -0.211560 -0.116115 -0.221581 -0.171849 -0.080559 -0.042344 -0.323971 -0.340206 0.397995 0.217176 0.046212 0.450515 -0.051902 -0.094777 -0.093421 0.094895 -0.253949 -0.371743 -0.149089 -0.083251 -0.250310 -0.115382 -0.244861 -0.310804 -0.159885 -0.303403 0.139939 -0.337069 0.165723 -0.112843 0.244951 -0.186895 0.235274 -0.054521 -0.170588 -0.032430 -0.091392 0.098331 -0.058590 -0.242769 0.010230 -0.135204 -0.052186 -0.085615 0.007083 -0.109741 -0.172486 0.076929 -0.133981 0.048581 -0.040938 -0.054700 0.110931 0.174134 0.450978 0.205901 -0.029073 0.241251 0.094852 0.127595
