1.000000 0.054274 0.246955 -0.302717 0.413825 0.076719 -0.019174 -0.115916 0.175873 0.094083 0.085661 -0.325991 -0.315595 -0.216115 -0.389999 -0.248916 -0.141759 -0.445061 0.150250 0.234178 0.075630 -0.019735 0.096535 -0.097115 0.210068 0.116529 -0.047435 0.075476 -0.092688 -0.187017 0.268845 0.153706 -0.060985 0.120037 0.289218 -0.064236 -0.303786 -0.333416 -0.100597 -0.150208 -0.282093 -0.163747 0.122956 0.111321 0.034053 0.170228 0.031639 0.116488 0.041513 0.082545 0.165838 0.125774 -0.036647 0.118374 -0.193292 -0.039939 -0.104495 -0.399978 -0.048651 0.045559 0.145206 -0.053654 0.186449 -0.192125 0.204461 0.058433 -0.073984 0.037705 -0.192959 -0.239167 0.148629 0.003320 -0.186287 -0.053421 0.167949 0.091694 0.251815 0.085508 0.025143 -0.429432 -0.333791 -0.284288 0.202703 -0.045502 0.048605 0.010943 0.089327 0.238719 -0.035412 -0.163187 0.246367 0.129910 -0.091194 -0.007261 0.058346 -0.119019 0.146418 -0.111180 0.175342 -0.117274 -0.160410 0.096034 -0.213489 0.062832 -0.081427 0.040596 0.080354 0.078855 0.044649 0.072065 0.034358 -0.181298 -0.136309 0.065344 -0.049463 -0.144586
0.054274 1.000000 -0.218566 -0.275110 -0.477083 -0.484036 -0.193861 -0.202724 -0.579899 -0.397904 0.132477 0.152562 -0.012221 0.381606 0.115450 0.006355 -0.278392 -0.288918 0.190210 0.611676 0.126789 -0.016417 -0.209395 -0.477573 -0.210382 -0.504805 -0.274787 -0.437381 -0.036002 -0.082427 -0.008176 -0.496851 0.164900 -0.138793 -0.331717 -0.165305 -0.161188 -0.008676 -0.155855 -0.260977 -0.052790 -0.109477 0.024418 0.052441 0.107565 0.076440 0.050213 0.179455 0.022094 0.262470 0.013582 0.381660 0.310631 0.296580 -0.008459 -0.021939 0.136801 0.604513 0.561824 0.681709 -0.259641 0.584989 0.034006 0.345144 -0.357383 -0.390233 0.157267 -0.164184 0.472775 0.487628 0.049213 -0.031329 -0.064296 -0.186263 -0.259856 -0.058200 -0.115132 0.226139 -0.102736 -0.145520 -0.257691 -0.547285 0.330945 -0.186775 -0.382093 -0.477244 -0.465511 -0.336147 -0.243856 0.332304 0.053465 -0.243202 0.195817 -0.216994 -0.137479 -0.148386 0.053545 -0.011706 0.339781 0.078254 0.325251 0.025678 0.063675 0.148575 0.231303 -0.104617 0.296549 -0.133927 -0.119754 -0.202409 -0.373203 -0.239158 -0.093122 -0.049134 -0.317788 0.069414
0.246955 -0.218566 1.000000 0.309700 0.383813 -0.117578 0.805148 0.438379 0.426512 -0.170691 -0.220340 -0.481182 -0.379181 -0.617481 -0.410231 -0.600220 -0.289350 -0.408816 0.404496 -0.314409 -0.297264 -0.101460 0.737510 0.155296 0.401705 0.316272 -0.033833 0.003689 -0.223252 -0.412165 0.396120 0.372781 -0.102435 0.163166 0.424597 0.165401 -0.147615 -0.429109 0.163497 -0.219745 -0.084111 -0.060766 -0.227913 -0.248796 -0.172693 -0.115584 -0.179134 -0.353432 -0.333489 -0.298075 0.168792 -0.196193 0.143809 -0.214724 0.044069 -0.185964 -0.604866 -0.366430 -0.345641 -0.009049 -0.054250 -0.239389 -0.245462 -0.248066 0.687735 0.185569 0.385786 0.314435 -0.154288 -0.152523 0.141307 -0.109117 -0.235645 -0.452958 0.026197 -0.209729 -0.148249 -0.138699 -0.294474 -0.114389 -0.363438 -0.266163 -0.035826 0.039762 0.501433 0.023192 0.314347 0.311232 0.477098 -0.032958 -0.069243 0.078761 -0.169099 0.145131 -0.293748 -0.280422 -0.222559 -0.196939 -0.348122 -0.303365 -0.146290 0.091941 0.196187 0.100911 0.148374 0.117165 -0.339127 0.150511 -0.023863 0.060593 0.350690 -0.093808 -0.138560 0.332051 0.200805 -0.249454
-0.302717 -0.275110 0.309700 1.000000 0.064706 0.241638 0.279025 0.646439 0.050683 0.232838 -0.279552 -0.163965 -0.205221 -0.515128 -0.044493 0.030166 0.098676 0.007218 0.187759 -0.335482 -0.087882 -0.090486 0.141619 0.704311 0.050645 0.494126 0.291268 0.442089 -0.058368 -0.129388 -0.090618 0.205609 0.123535 -0.153063 0.005928 -0.293258 0.205112 0.130621 0.255579 0.244313 0.118416 0.162718 -0.450277 -0.514330 -0.553927 -0.492546 -0.298230 -0.479772 -0.447300 -0.599781 0.081932 -0.518335 0.070520 -0.193478 0.160824 -0.128315 -0.015425 -0.090987 -0.550134 -0.351761 -0.397783 -0.341328 0.101370 -0.092399 0.244997 0.156491 0.112847 0.267587 -0.051414 -0.165281 0.160665 -0.173416 0.062853 -0.012667 0.186608 0.052362 -0.013575 -0.049380 0.085856 0.041247 0.105861 0.250236 -0.558480 0.331522 0.291050 0.588887 -0.193587 -0.035021 0.407541 0.375462 0.051498 -0.035979 0.305677 -0.133195 -0.008309 -0.018307 -0.257396 -0.055589 -0.270737 -0.188123 0.082697 -0.319131 0.060563 -0.177353 -0.108837 0.090178 -0.265004 -0.227162 0.235155 0.050960 -0.018839 0.249886 -0.009317 -0.059993 0.260030 0.036042
0.413825 -0.477083 0.383813 0.064706 1.000000 0.638636 0.188093 0.260773 0.832392 0.470081 -0.163482 -0.183201 -0.099560 -0.305309 -0.087020 0.013618 -0.205509 -0.258911 -0.040932 -0.408631 0.335196 0.412248 0.419318 0.397023 0.664516 0.670996 0.565528 0.536131 -0.503175 -0.365498 0.263587 0.584646 -0.314165 0.222371 0.568057 0.256389 -0.429231 -0.442417 -0.239494 -0.051050 -0.389397 -0.077958 -0.141069 -0.024034 -0.209229 -0.034924 -0.200962 -0.044937 -0.152893 -0.274561 -0.009112 -0.323829 -0.266906 -0.212082 -0.447335 -0.371648 -0.193314 -0.406682 -0.407355 -0.190957 0.150928 -0.198746 -0.322035 -0.299281 0.484030 0.352831 -0.039447 0.304424 -0.076090 -0.239508 0.256606 0.348067 -0.464450 -0.174388 -0.209806 -0.031839 -0.041936 -0.117203 -0.192040 -0.254164 -0.283370 -0.054838 0.146903 0.184893 0.298811 0.257891 0.293504 0.162821 0.336392 -0.311304 0.209316 0.291285 0.020786 0.337711 0.074162 -0.035429 -0.197523 -0.241307 -0.304223 -0.554188 -0.190348 0.028997 -0.139697 -0.069274 -0.342708 -0.088558 0.051583 0.145716 0.230162 0.216207 0.402037 -0.243425 -0.263071 0.164570 0.076877 -0.088547
0.076719 -0.484036 -0.117578 0.241638 0.638636 1.000000 -0.070906 0.344805 0.587307 0.793690 -0.176721 -0.077014 0.135044 -0.022468 0.135945 0.464317 -0.003637 -0.002476 -0.272429 -0.467057 0.528507 0.345177 0.066221 0.473579 0.439275 0.666231 0.560999 0.525105 -0.297554 0.106775 0.158015 0.578719 -0.306496 0.115761 0.331623 0.150361 -0.066545 0.090181 -0.084868 0.133681 -0.069479 0.214459 -0.243933 -0.125120 -0.286594 -0.248554 -0.255467 -0.019173 -0.184882 -0.294259 -0.209081 -0.343284 -0.302408 -0.073733 -0.306268 -0.262685 0.336109 -0.110064 -0.405550 -0.355193 0.027081 -0.190120 -0.152115 -0.289460 0.091156 0.206009 -0.280975 0.022532 0.075279 -0.077715 0.250494 0.468494 -0.209670 0.235322 -0.029442 0.264116 0.236793 0.037202 0.188005 -0.019428 0.099905 0.336950 -0.231863 0.150418 0.154167 0.416750 -0.106024 -0.109785 0.381585 -0.045166 0.168563 0.191702 0.309046 0.192273 0.034374 0.035778 -0.293616 -0.203009 -0.239129 -0.366700 0.096736 -0.181722 -0.394754 -0.536170 -0.604959 -0.175856 0.097300 -0.184455 0.147834 0.137504 0.169478 -0.127288 -0.117830 -0.163024 0.031411 -0.101506
-0.019174 -0.193861 0.805148 0.279025 0.188093 -0.070906 1.000000 0.485628 0.283977 -0.164884 -0.011190 -0.314648 -0.049800 -0.348430 -0.146247 -0.341164 -0.242977 -0.194608 0.411564 -0.423979 -0.229671 -0.103708 0.661154 -0.075534 0.395142 0.140810 -0.116843 -0.218820 -0.039663 -0.011582 0.345985 0.299652 -0.286472 0.062768 0.105284 0.101457 0.105158 -0.198734 0.248439 -0.234018 0.089401 0.226411 -0.243043 -0.284242 -0.215346 -0.192633 -0.300601 -0.291962 -0.344801 -0.199285 0.022565 0.022256 0.126618 -0.010770 0.117690 -0.142939 -0.679439 -0.330958 -0.290614 0.028646 0.097212 -0.031496 -0.195903 -0.022671 0.542970 -0.027539 0.153076 0.042629 -0.145468 -0.139912 0.239656 0.002955 -0.021672 -0.131772 0.108637 0.009738 0.015557 -0.112255 -0.353315 -0.016456 -0.183126 -0.103072 -0.061094 0.144372 0.382501 -0.146340 0.151039 0.232303 0.437360 -0.033789 -0.203877 0.185097 -0.096963 0.296747 -0.315824 -0.224651 -0.298808 -0.180753 -0.280773 -0.125669 0.171886 0.328940 0.232358 0.016608 0.070501 -0.034265 -0.154848 -0.004230 -0.083713 0.045537 0.226473 -0.001579 0.077099 0.393364 0.336069 -0.088490
-0.115916 -0.202724 0.438379 0.646439 0.260773 0.344805 0.485628 1.000000 0.351330 0.557402 -0.273624 -0.227551 -0.285371 -0.438505 -0.244289 -0.207952 -0.090848 -0.287081 0.180952 -0.435756 -0.036834 -0.244329 0.249481 0.424431 0.355285 0.600669 0.059970 0.110207 -0.282442 -0.083390 0.220790 0.426923 -0.047271 -0.004386 0.184075 -0.060852 0.006553 -0.026589 -0.022675 -0.106271 -0.154508 0.038367 -0.441354 -0.402653 -0.398055 -0.396747 -0.369603 -0.304021 -0.643461 -0.434605 -0.154406 -0.437722 -0.165402 -0.380694 -0.114651 -0.084636 -0.023206 0.074376 -0.484931 -0.000529 -0.284414 -0.041480 -0.121377 -0.121863 0.525037 0.271630 0.192226 0.328692 0.220194 -0.107542 0.261329 0.050486 -0.115968 -0.062642 0.093682 0.063660 -0.022520 0.068053 0.006882 0.067884 -0.188479 -0.026702 -0.376681 0.036719 0.514308 0.247844 -0.057629 -0.091936 0.539299 0.069910 -0.277068 -0.142263 0.252633 -0.042972 -0.305130 -0.067356 -0.417230 -0.071827 -0.359282 -0.391194 0.147523 -0.176959 -0.002277 -0.370201 -0.120114 -0.045299 -0.168547 -0.351766 0.186371 0.212038 -0.015587 -0.152641 -0.303166 -0.016081 0.071526 -0.069223
0.175873 -0.579899 0.426512 0.050683 0.832392 0.587307 0.283977 0.351330 1.000000 0.446068 -0.309361 -0.213317 -0.072313 -0.381531 -0.019384 -0.049325 -0.180866 -0.178338 -0.146039 -0.648422 0.292033 0.366758 0.564582 0.345939 0.742591 0.731724 0.442444 0.416691 -0.542799 -0.309102 0.405663 0.731289 -0.183589 0.330229 0.679463 0.497041 -0.319531 -0.365909 -0.181299 -0.020557 -0.278178 -0.185964 -0.190392 -0.008122 -0.133804 -0.037857 -0.233280 -0.068666 -0.200373 -0.280297 -0.146778 -0.423258 -0.316480 -0.450224 -0.391253 -0.249290 -0.152271 -0.253273 -0.398689 -0.160082 0.142653 -0.237727 -0.554255 -0.382397 0.523823 0.404400 0.047725 0.350796 -0.013381 -0.256017 0.254834 0.414358 -0.408222 -0.207706 -0.213793 -0.076907 -0.064919 -0.118310 -0.139808 -0.134246 -0.210190 0.029105 0.032640 0.030662 0.400052 0.160144 0.354488 0.103390 0.417197 -0.363934 -0.056560 0.215035 -0.047766 0.286571 -0.009437 0.057292 -0.178456 -0.196550 -0.438919 -0.526038 -0.271489 -0.091107 -0.200791 -0.206534 -0.356529 -0.193199 -0.122193 0.088640 0.097583 0.239402 0.543688 -0.359352 -0.266683 0.117731 -0.047379 -0.192377
0.094083 -0.397904 -0.170691 0.232838 0.470081 0.793690 -0.164884 0.557402 0.446068 1.000000 -0.111223 -0.002056 -0.039395 -0.059839 -0.063945 0.259866 0.114235 -0.111284 -0.308243 -0.320109 0.273272 -0.074569 -0.165014 0.378991 0.296039 0.597367 0.249442 0.329704 -0.208700 0.119738 0.099095 0.440917 -0.155640 -0.011175 0.238975 -0.044916 -0.055845 0.064630 -0.166407 0.075546 -0.273168 -0.021380 -0.235534 -0.144005 -0.213097 -0.231018 -0.236868 -0.013824 -0.241430 -0.213357 -0.139585 -0.344187 -0.432748 -0.331052 -0.323220 -0.035513 0.457946 0.043748 -0.313260 -0.222430 -0.079451 -0.100663 0.022591 -0.270490 0.156578 0.407554 -0.161993 0.140397 0.160012 -0.134559 0.103012 0.174539 -0.111547 0.189239 0.154444 0.188420 0.208954 0.085707 0.294596 0.132687 0.043547 0.212158 -0.261010 -0.043023 0.323095 0.407483 0.023740 -0.043093 0.335173 -0.144112 -0.032659 -0.106422 0.249815 -0.102795 -0.084981 0.136064 -0.252916 -0.015623 -0.214626 -0.265743 0.044145 -0.253716 -0.283302 -0.531967 -0.375998 -0.169860 0.019910 -0.294053 0.220628 0.188778 -0.024480 -0.198696 -0.234054 -0.276793 -0.105145 -0.055573
0.085661 0.132477 -0.220340 -0.279552 -0.163482 -0.176721 -0.011190 -0.273624 -0.309361 -0.111223 1.000000 0.431250 0.691852 0.519189 0.387669 0.277941 0.312270 0.245246 -0.263226 -0.054569 -0.058038 -0.044820 -0.225029 -0.345236 -0.263929 -0.542881 -0.072818 -0.166619 0.329971 0.196348 -0.436060 -0.466747 -0.481313 -0.626369 -0.555468 -0.358108 0.252718 0.012820 0.238836 -0.314308 -0.101013 0.035970 0.276717 0.148786 -0.013785 -0.009368 0.278698 0.017240 0.294639 0.297507 0.398201 0.618742 0.325127 0.508017 0.375464 0.288601 -0.143349 -0.075161 0.162004 -0.127545 0.411237 0.472747 0.169070 0.400815 -0.223194 0.163741 -0.568008 -0.712602 -0.337044 -0.242816 0.056907 -0.156200 0.077775 0.409165 0.315357 0.054775 0.312044 -0.217326 -0.172819 0.137598 0.157870 -0.025155 0.199431 -0.177498 0.113603 -0.061622 0.036276 0.221801 -0.197902 0.035418 -0.022202 0.111923 0.044726 -0.089097 -0.206772 0.186666 0.045455 -0.036539 0.198538 0.345866 0.072273 0.530786 -0.291144 -0.079997 0.097524 -0.114105 -0.040571 -0.213791 -0.090746 -0.436202 -0.590791 0.162271 0.333768 -0.064767 0.196056 0.038858
-0.325991 0.152562 -0.481182 -0.163965 -0.183201 -0.077014 -0.314648 -0.227551 -0.213317 -0.002056 0.431250 1.000000 0.556280 0.691072 0.623994 0.601284 -0.141413 -0.008579 -0.498845 0.017791 0.254164 0.402586 -0.499901 -0.080032 -0.265184 -0.268760 0.149724 0.148600 -0.146018 -0.166769 -0.418006 -0.287710 -0.121770 -0.292627 -0.412239 -0.153254 -0.139453 -0.152332 -0.342349 -0.145638 -0.372242 -0.225012 0.241265 0.274621 0.082565 0.131532 0.154844 0.159746 0.498703 0.234360 0.347362 0.350967 0.124298 0.148748 -0.102684 0.036923 0.117162 0.219967 0.332357 0.105903 0.062673 0.212479 -0.162066 0.137246 -0.451896 0.150026 -0.028742 -0.178257 0.020102 0.129933 -0.174061 0.023109 -0.053546 0.230006 -0.213329 -0.031375 -0.176990 -0.314048 -0.332351 -0.008251 -0.061671 -0.137132 0.131469 0.022658 -0.235182 0.075596 -0.035222 -0.097686 -0.304422 -0.075124 0.144875 -0.101430 0.278555 -0.150985 0.033906 0.253035 0.162541 -0.063090 0.130022 0.211406 0.037350 -0.011061 -0.147071 -0.164604 -0.060841 -0.227465 0.161371 -0.095129 -0.053588 -0.456251 -0.361530 0.052597 0.144900 -0.181443 0.116127 0.260268
-0.315595 -0.012221 -0.379181 -0.205221 -0.099560 0.135044 -0.049800 -0.285371 -0.072313 -0.039395 0.691852 0.556280 1.000000 0.683227 0.809140 0.666265 0.229393 0.403067 -0.456107 -0.336575 0.383872 0.387095 -0.205427 -0.130635 -0.129783 -0.362134 0.346123 0.099373 0.120313 0.269283 -0.390816 -0.230204 -0.556271 -0.436243 -0.466847 -0.122419 0.231188 0.154358 0.102571 -0.224931 -0.066454 0.217340 -0.004885 -0.032580 -0.183378 -0.193693 -0.056849 -0.118039 0.286996 0.077806 0.238542 0.385449 0.300542 0.365783 0.240344 -0.100689 0.049212 0.138436 0.157674 -0.137987 0.407019 0.401188 -0.081511 0.400493 -0.471968 0.080060 -0.518108 -0.609658 -0.066808 -0.051411 0.253790 0.266286 0.079757 0.511248 0.051017 0.120536 0.225582 -0.187413 -0.200707 0.124821 0.283278 0.169246 0.231637 -0.090956 -0.124425 -0.030001 -0.127342 -0.001387 -0.024022 0.233920 0.057354 0.319776 0.363895 0.214084 -0.187266 0.286061 -0.173821 -0.275674 -0.062414 0.158850 0.248674 0.403135 -0.324208 -0.216340 -0.066616 -0.223802 0.185922 -0.067059 -0.145255 -0.514973 -0.354558 -0.004172 0.389716 -0.032580 0.285822 -0.021630
-0.216115 0.381606 -0.617481 -0.515128 -0.305309 -0.022468 -0.348430 -0.438505 -0.381531 -0.059839 0.519189 0.691072 0.683227 1.000000 0.580254 0.629000 -0.013355 0.128120 -0.441162 0.209379 0.355139 0.307516 -0.469626 -0.424262 -0.308023 -0.537886 -0.026167 -0.208778 0.003886 0.188530 -0.309963 -0.384104 -0.267907 -0.202244 -0.485816 -0.112589 -0.034531 0.048517 -0.179736 -0.208330 -0.118065 0.135037 0.206073 0.280944 0.215072 0.109896 0.180084 0.266272 0.444327 0.416405 0.156428 0.546973 0.254738 0.489300 -0.006749 -0.003297 0.302747 0.380616 0.572829 0.249835 0.320240 0.521612 0.031039 0.329314 -0.638978 -0.122967 -0.254838 -0.499846 0.144183 0.351212 -0.094698 0.198497 -0.020118 0.337199 -0.165032 0.114987 -0.046053 -0.133223 -0.092268 0.020017 0.100789 -0.134238 0.308011 -0.215605 -0.437475 -0.268169 -0.228937 -0.185564 -0.340775 0.069674 0.045262 -0.103783 0.254829 -0.010462 -0.103723 -0.016321 0.015584 -0.106727 0.231622 0.231954 0.302102 0.162842 -0.241833 -0.118673 -0.080098 -0.155247 0.390229 -0.140818 -0.311563 -0.520021 -0.439191 -0.042601 0.209213 -0.182818 -0.073367 0.039630
-0.389999 0.115450 -0.410231 -0.044493 -0.087020 0.135945 -0.146247 -0.244289 -0.019384 -0.063945 0.387669 0.623994 0.809140 0.580254 1.000000 0.811789 0.067958 0.285771 -0.358883 -0.223071 0.604471 0.600389 -0.117361 0.002943 -0.050656 -0.153805 0.465191 0.276849 -0.089273 0.007645 -0.274089 -0.132366 -0.295429 -0.219907 -0.350080 -0.056629 0.033221 -0.016531 -0.109196 -0.220792 -0.101682 0.085985 -0.140980 -0.085644 -0.294029 -0.263289 -0.231129 -0.133256 0.251867 -0.046462 0.251210 0.180170 0.174965 0.209657 -0.043938 -0.272080 0.111841 0.319646 0.229763 -0.065376 0.142578 0.231132 -0.210590 0.211776 -0.501630 -0.059258 -0.299360 -0.314504 0.122444 0.126737 0.339884 0.335722 0.011435 0.374356 -0.137545 0.032096 0.116062 -0.167292 -0.251676 -0.026653 0.200155 0.090111 0.234990 0.102400 -0.191661 0.104789 -0.256560 -0.210662 0.028072 0.222488 0.095538 0.277505 0.453834 0.133360 -0.048535 0.252190 -0.128363 -0.323557 -0.036396 0.044951 0.246016 0.179470 -0.352875 -0.107575 -0.253402 -0.364871 0.341752 -0.222691 -0.220033 -0.415388 -0.226736 -0.047412 0.325505 -0.142411 0.139224 0.183226
-0.248916 0.006355 -0.600220 0.030166 0.013618 0.464317 -0.341164 -0.207952 -0.049325 0.259866 0.277941 0.601284 0.666265 0.629000 0.811789 1.000000 0.098533 0.250099 -0.482726 -0.136701 0.663689 0.586912 -0.311815 0.142601 -0.096684 -0.000484 0.497663 0.393893 -0.066657 0.131243 -0.217442 -0.004232 -0.187229 -0.197512 -0.335974 -0.200383 0.007512 0.064171 -0.124683 0.099414 -0.071215 0.203050 -0.130578 -0.041408 -0.263868 -0.242404 -0.183569 -0.010238 0.258544 -0.041353 0.162157 0.104927 0.074788 0.273836 -0.141937 -0.272632 0.350907 0.226450 0.120970 -0.144665 0.163586 0.172546 0.002057 0.155563 -0.541002 -0.037959 -0.407820 -0.309010 0.071774 0.136257 0.173953 0.329970 -0.022881 0.435334 -0.052620 0.264012 0.120846 -0.151537 -0.027156 -0.008802 0.250464 0.224498 0.072188 0.227778 -0.304606 0.301054 -0.347199 -0.215724 -0.041852 0.215312 0.292117 0.112834 0.502713 -0.003154 0.067931 0.140240 -0.084550 -0.276119 0.048267 0.030984 0.264180 -0.059904 -0.417100 -0.332780 -0.507934 -0.341302 0.384930 -0.264112 -0.164372 -0.403676 -0.260861 0.016327 0.215596 -0.317002 0.053926 0.186251
-0.141759 -0.278392 -0.289350 0.098676 -0.205509 -0.003637 -0.242977 -0.090848 -0.180866 0.114235 0.312270 -0.141413 0.229393 -0.013355 0.067958 0.098533 1.000000 0.810379 -0.166934 -0.155674 -0.223711 -0.356906 -0.136578 0.205382 -0.468642 -0.114917 -0.017249 0.133121 0.519488 0.338059 -0.526855 -0.333492 0.060887 -0.347618 -0.289089 -0.400046 0.460018 0.343035 0.390113 0.216813 0.305798 0.344431 -0.098428 -0.229698 -0.288791 -0.380122 0.071893 -0.282590 -0.166533 -0.172013 0.082280 -0.075422 0.039632 0.107735 0.381334 0.178766 0.342202 0.061379 -0.217595 -0.571764 0.281454 -0.006803 0.420444 0.208106 -0.048152 0.105917 -0.456607 -0.255079 -0.152520 -0.286517 -0.025736 -0.405947 0.333258 0.383773 0.522921 -0.070629 0.211937 -0.127322 0.558952 0.435643 0.727970 0.619309 -0.084631 -0.132237 0.266980 0.257440 0.065373 0.092230 -0.059146 0.159735 -0.276662 -0.017486 -0.125439 -0.143558 0.020441 0.146436 -0.071882 0.299500 -0.093770 0.134891 -0.129431 0.067721 -0.268887 -0.022468 0.074711 0.325993 -0.258339 -0.260376 -0.157565 -0.073077 -0.218730 0.391733 0.141615 -0.275748 0.067215 0.034321
-0.445061 -0.288918 -0.408816 0.007218 -0.258911 -0.002476 -0.194608 -0.287081 -0.178338 -0.111284 0.245246 -0.008579 0.403067 0.128120 0.285771 0.250099 0.810379 1.000000 -0.167538 -0.236606 -0.147878 -0.082327 -0.088734 0.068208 -0.375451 -0.201899 0.052857 0.067316 0.508940 0.460394 -0.524571 -0.348040 0.046424 -0.271499 -0.329437 -0.166916 0.500624 0.444375 0.313560 0.270018 0.458141 0.427749 0.061325 -0.048356 -0.109408 -0.193431 0.126973 -0.114726 0.006556 -0.040256 -0.065264 0.047630 0.040285 0.165225 0.395305 0.170226 0.207199 0.039250 -0.140247 -0.536342 0.288707 -0.035076 0.157962 0.236919 -0.216308 -0.127385 -0.496865 -0.327615 -0.176189 -0.187994 -0.122438 -0.236698 0.393854 0.368293 0.192784 -0.098432 0.122986 -0.231932 0.411336 0.479121 0.831201 0.742504 -0.050672 -0.026957 0.013626 0.026549 0.075355 -0.051580 -0.170512 0.046676 -0.212616 0.182389 -0.194976 0.181559 0.205510 0.250365 0.058310 0.333076 -0.004191 0.275545 -0.047696 0.204998 -0.081798 0.061828 0.007950 0.173095 -0.131535 -0.089713 -0.133079 -0.048657 -0.005507 0.440717 0.250982 -0.102000 0.162929 0.172955
0.150250 0.190210 0.404496 0.187759 -0.040932 -0.272429 0.411564 0.180952 -0.146039 -0.308243 -0.263226 -0.498845 -0.456107 -0.441162 -0.358883 -0.482726 -0.166934 -0.167538 1.000000 0.329178 -0.159812 -0.269267 0.394902 -0.107717 0.077923 0.052770 -0.188686 -0.204683 0.215930 0.029173 0.272064 0.091327 0.109966 0.353388 0.127927 0.048840 -0.024442 0.040413 0.028555 -0.144898 0.272908 0.093047 -0.337101 -0.451484 -0.301818 -0.268028 -0.425205 -0.328824 -0.569767 -0.416819 -0.119038 -0.198443 -0.254253 0.036191 -0.185176 -0.233615 -0.423541 -0.131610 -0.189737 0.054622 -0.135340 -0.130057 0.285686 -0.034572 0.474406 -0.309024 0.395479 0.342124 0.196842 0.213465 0.286188 -0.073745 0.138835 -0.202156 0.131714 -0.077567 0.139711 0.322739 -0.110228 -0.190331 -0.198287 -0.095606 0.077154 0.362498 0.162074 -0.048436 -0.120400 0.210638 0.191028 0.062353 -0.104080 0.108316 -0.131778 0.100811 -0.105839 -0.395501 -0.279661 -0.051450 -0.219415 -0.176424 0.195282 0.096310 0.292553 0.462010 0.269460 0.366670 0.129277 0.175263 -0.098691 0.256965 0.195834 0.135569 -0.093639 0.250695 0.208349 0.023859
0.234178 0.611676 -0.314409 -0.335482 -0.408631 -0.467057 -0.423979 -0.435756 -0.648422 -0.320109 -0.054569 0.017791 -0.336575 0.209379 -0.223071 -0.136701 -0.155674 -0.236606 0.329178 1.000000 -0.126877 -0.254687 -0.386189 -0.415140 -0.432939 -0.469977 -0.395556 -0.378822 0.191064 -0.013035 -0.000583 -0.411559 0.338364 0.257057 -0.205846 -0.146949 -0.246543 -0.052176 -0.219042 0.016991 -0.050576 -0.115988 0.164200 0.124122 0.265789 0.249721 0.136067 0.261697 0.161013 0.286149 -0.079329 0.216262 -0.065389 0.254621 -0.176198 0.086854 0.126482 0.179724 0.576924 0.435640 -0.163718 0.109392 0.431196 0.088287 -0.310583 -0.361142 0.258579 0.087951 0.210524 0.511163 -0.126312 -0.138857 0.039858 -0.029150 0.023058 0.061754 -0.079537 0.358453 0.036569 -0.211282 -0.262784 -0.380730 0.247043 0.124306 -0.461851 -0.164831 -0.278775 -0.027855 -0.383466 0.071595 0.238007 -0.274844 -0.062444 -0.292203 0.100592 -0.392867 0.199526 0.060016 0.394304 0.165414 0.101417 -0.099616 0.234529 0.425247 0.144707 0.120230 0.292851 0.108639 -0.183262 0.043773 -0.299462 0.032271 -0.087933 -0.128132 -0.352250 0.113599
0.075630 0.126789 -0.297264 -0.087882 0.335196 0.528507 -0.229671 -0.036834 0.292033 0.273272 -0.058038 0.254164 0.383872 0.355139 0.604471 0.663689 -0.223711 -0.147878 -0.159812 -0.126877 1.000000 0.761853 -0.023798 0.252750 0.287818 0.267888 0.694799 0.466649 -0.387365 -0.065489 0.121625 0.310454 -0.275315 0.108975 0.032004 0.104899 -0.235969 -0.041703 -0.293385 -0.142836 -0.154350 0.136133 -0.373455 -0.192938 -0.402601 -0.349214 -0.471691 -0.079925 -0.055171 -0.286566 0.029537 -0.188060 -0.009334 0.015991 -0.424173 -0.642533 0.283780 0.312084 0.021903 0.105610 0.087823 0.237759 -0.123693 0.100605 -0.261805 -0.034650 -0.154193 -0.011544 0.390118 0.228171 0.585300 0.702901 -0.229989 0.187052 -0.246193 0.196543 0.165997 0.193989 -0.200815 -0.312782 -0.147026 -0.133447 0.191307 0.092215 -0.218543 0.135479 -0.320651 -0.326089 0.230090 0.264292 0.151581 0.229276 0.595705 0.199213 -0.024186 0.049189 -0.315371 -0.455681 -0.186589 -0.411396 0.391981 0.022038 -0.507886 -0.248252 -0.374254 -0.234118 0.635982 -0.105885 -0.065788 -0.159837 -0.062509 -0.411192 0.011461 -0.025842 0.023970 0.067854
-0.019735 -0.016417 -0.101460 -0.090486 0.412248 0.345177 -0.103708 -0.244329 0.366758 -0.074569 -0.044820 0.402586 0.387095 0.307516 0.600389 0.586912 -0.356906 -0.082327 -0.269267 -0.254687 0.761853 1.000000 0.098185 0.267899 0.329737 0.212316 0.693292 0.551285 -0.500436 -0.346530 0.032116 0.252966 -0.213643 0.088250 0.115512 0.246275 -0.333420 -0.251046 -0.334954 -0.097181 -0.193805 0.011292 -0.026394 0.130094 -0.151600 0.008143 -0.143986 0.059271 0.213735 -0.132380 0.142591 -0.095452 0.187103 0.092334 -0.333233 -0.556073 -0.042425 0.044730 -0.031267 0.044103 0.197845 0.093065 -0.424356 0.047821 -0.197019 0.020178 -0.074445 0.039597 0.074711 0.087818 0.267333 0.581919 -0.365726 -0.043759 -0.570310 0.004440 -0.165667 -0.171047 -0.353845 -0.369036 -0.162269 -0.145519 0.230087 0.147634 -0.300685 0.049763 -0.100620 -0.248628 0.003005 0.065189 0.261246 0.289459 0.357374 0.317971 0.198435 0.061084 -0.046588 -0.387990 -0.103578 -0.310683 0.118745 0.043192 -0.289237 -0.102200 -0.343522 -0.239814 0.400604 0.115171 -0.050772 -0.294902 0.147198 -0.203213 0.090909 0.085188 0.108836 0.145178
0.096535 -0.209395 0.737510 0.141619 0.419318 0.066221 0.661154 0.249481 0.564582 -0.165014 -0.225029 -0.499901 -0.205427 -0.469626 -0.117361 -0.311815 -0.136578 -0.088734 0.394902 -0.386189 -0.023798 0.098185 1.000000 0.050228 0.449247 0.388945 0.096726 -0.011050 -0.244768 -0.302013 0.456993 0.423084 -0.033580 0.303616 0.429051 0.392482 -0.215048 -0.431316 0.122107 -0.038644 0.111797 -0.019743 -0.350947 -0.246956 -0.234867 -0.236889 -0.262135 -0.345056 -0.416345 -0.324189 -0.044032 -0.211867 -0.075887 -0.171989 -0.139302 -0.228830 -0.467665 -0.153780 -0.255490 -0.050594 0.092184 -0.159537 -0.391638 -0.223895 0.673876 0.011978 0.211262 0.247657 0.023852 0.045590 0.249841 0.108456 -0.356063 -0.403331 -0.046705 -0.240408 -0.152856 -0.200506 -0.274260 0.039141 -0.177448 -0.020826 0.081850 0.153919 0.516299 -0.002806 0.186909 0.140588 0.503412 -0.151012 -0.127845 0.122360 -0.220223 0.214058 -0.242845 -0.316413 -0.292036 -0.214634 -0.449457 -0.422479 -0.226154 0.057577 -0.032233 0.123305 -0.170355 0.006971 -0.202749 0.031815 -0.285125 0.105100 0.505304 -0.165867 -0.267424 0.135128 0.018572 -0.258768
-0.097115 -0.477573 0.155296 0.704311 0.397023 0.473579 -0.075534 0.424431 0.345939 0.378991 -0.345236 -0.080032 -0.130635 -0.424262 0.002943 0.142601 0.205382 0.068208 -0.107717 -0.415140 0.252750 0.267899 0.050228 1.000000 0.027738 0.639100 0.685372 0.841765 -0.253573 -0.333753 -0.153723 0.351702 -0.014400 -0.084635 0.209467 -0.124543 -0.034303 -0.001675 0.005482 0.224391 -0.067324 0.122496 -0.381987 -0.388741 -0.558694 -0.458085 -0.254828 -0.429700 -0.322485 -0.651868 0.141677 -0.691242 0.001019 -0.322518 -0.048850 -0.404741 0.216754 -0.059193 -0.607665 -0.469470 -0.213252 -0.362254 -0.003583 -0.148940 0.227040 0.390468 0.069856 0.365746 0.037254 -0.164522 0.233453 0.068152 -0.179159 -0.011612 0.015128 -0.066095 -0.090358 -0.032186 0.104726 0.002535 0.050905 0.230220 -0.346992 0.220548 0.278723 0.721283 0.031724 -0.030924 0.375241 0.312245 0.121623 0.056050 0.343478 -0.054451 0.038353 0.050855 -0.320759 -0.148873 -0.411396 -0.472964 -0.100584 -0.334878 -0.257968 -0.304081 -0.182059 0.236678 -0.099575 -0.043349 0.197173 0.029679 0.028579 0.041657 -0.123641 -0.100375 0.266339 0.003540
0.210068 -0.210382 0.401705 0.050645 0.664516 0.439275 0.395142 0.355285 0.742591 0.296039 -0.263929 -0.265184 -0.129783 -0.308023 -0.050656 -0.096684 -0.468642 -0.375451 0.077923 -0.432939 0.287818 0.329737 0.449247 0.027738 1.000000 0.568539 0.202307 0.098717 -0.514780 -0.106175 0.539902 0.640488 -0.166558 0.299998 0.608614 0.469504 -0.163329 -0.157858 -0.048330 -0.084979 -0.124867 -0.102765 -0.086030 0.103277 0.046950 0.131472 -0.199860 0.201400 -0.169358 -0.094443 -0.202320 -0.228907 -0.149902 -0.263806 -0.283189 -0.123396 -0.288959 -0.280550 -0.231045 0.123999 0.034349 -0.016603 -0.480345 -0.260994 0.348444 0.172093 -0.005494 0.193936 -0.052178 -0.291821 0.290728 0.431064 -0.206256 -0.252481 -0.325946 0.100647 0.122927 0.141243 -0.137810 -0.397009 -0.277844 -0.225178 -0.063422 -0.057860 0.081446 -0.217996 0.145689 0.010301 0.247191 -0.325787 -0.144440 0.183644 -0.089747 0.338982 0.167664 0.029771 0.015320 -0.047932 -0.115296 -0.298487 0.127575 0.043771 0.009779 -0.038475 -0.229381 -0.399496 0.038513 -0.012969 0.334146 0.369602 0.492618 -0.357633 -0.049628 0.425054 -0.164596 -0.096370
0.116529 -0.504805 0.316272 0.494126 0.670996 0.666231 0.140810 0.600669 0.731724 0.597367 -0.542881 -0.268760 -0.362134 -0.537886 -0.153805 -0.000484 -0.114917 -0.201899 0.052770 -0.469977 0.267888 0.212316 0.388945 0.639100 0.568539 1.000000 0.414305 0.589353 -0.458132 -0.281503 0.356555 0.765726 0.149490 0.394754 0.676496 0.341539 -0.252535 -0.223437 -0.164512 0.159210 -0.132636 -0.085215 -0.441427 -0.278209 -0.339155 -0.287505 -0.373057 -0.252003 -0.492083 -0.572956 -0.181557 -0.718714 -0.380162 -0.499810 -0.417370 -0.261378 0.115974 -0.144726 -0.517710 -0.237747 -0.127192 -0.427056 -0.274840 -0.461839 0.486112 0.374699 0.230454 0.604634 0.143174 -0.158446 0.180700 0.241880 -0.243342 -0.185026 -0.108171 0.025491 -0.057576 -0.035297 0.139614 -0.104184 -0.098668 0.189905 -0.333471 0.201674 0.408636 0.452497 0.086788 -0.056764 0.546707 -0.144408 -0.083471 -0.076330 0.027498 0.018275 0.120268 -0.056565 -0.193436 -0.097125 -0.481243 -0.607693 -0.210293 -0.466655 -0.188044 -0.226544 -0.448920 -0.132369 -0.121290 -0.169642 0.162291 0.336165 0.472295 -0.121887 -0.438306 -0.101308 -0.074216 -0.200504
-0.047435 -0.274787 -0.033833 0.291268 0.565528 0.560999 -0.116843 0.059970 0.442444 0.249442 -0.072818 0.149724 0.346123 -0.026167 0.465191 0.497663 -0.017249 0.052857 -0.188686 -0.395556 0.694799 0.693292 0.096726 0.685372 0.202307 0.414305 1.000000 0.827169 -0.334911 -0.269049 -0.081251 0.326634 -0.367826 -0.108223 0.088538 -0.012628 -0.210563 -0.121435 -0.150250 0.043693 -0.212966 0.107217 -0.371579 -0.318638 -0.558461 -0.400650 -0.397645 -0.337809 -0.084577 -0.492788 0.134186 -0.391710 -0.012039 -0.134994 -0.221895 -0.656233 0.077129 -0.000140 -0.339877 -0.253687 -0.018956 -0.032155 -0.176501 0.074674 -0.004125 0.240778 -0.159701 0.092241 0.140004 -0.026339 0.497516 0.472403 -0.323274 0.068189 -0.187701 0.009610 -0.013374 -0.020308 -0.283498 -0.143075 -0.087164 0.083211 0.151154 0.349427 0.034538 0.503480 -0.043119 -0.035589 0.330674 0.320630 0.389626 0.401133 0.505855 0.233495 -0.039451 0.147704 -0.405168 -0.463743 -0.358826 -0.511604 0.048456 -0.014778 -0.334291 -0.201582 -0.265442 -0.015386 0.312400 0.165774 0.164579 -0.113396 0.026712 -0.239365 -0.025963 0.023898 0.315741 -0.002542
0.075476 -0.437381 0.003689 0.442089 0.536131 0.525105 -0.218820 0.110207 0.416691 0.329704 -0.166619 0.148600 0.099373 -0.208778 0.276849 0.393893 0.133121 0.067316 -0.204683 -0.378822 0.466649 0.551285 -0.011050 0.841765 0.098717 0.589353 0.827169 1.000000 -0.277207 -0.404569 -0.188169 0.338169 -0.106182 -0.050104 0.263122 -0.076604 -0.185269 -0.156223 -0.170317 0.076473 -0.211698 0.000113 -0.289286 -0.282623 -0.530394 -0.349816 -0.288595 -0.367529 -0.097019 -0.577344 0.271967 -0.539916 -0.066865 -0.194983 -0.238919 -0.506561 0.188312 -0.132915 -0.474699 -0.490773 -0.046602 -0.350708 -0.070269 -0.191243 0.081108 0.394748 -0.000567 0.317196 0.004632 -0.207387 0.228181 0.150754 -0.200645 0.015674 -0.108610 -0.095652 -0.035034 -0.184048 0.049765 -0.172982 0.072208 0.239978 -0.049891 0.299018 0.162066 0.700425 0.065273 0.042819 0.258510 0.193999 0.281819 0.209640 0.315835 -0.003139 0.157981 0.171220 -0.219342 -0.249789 -0.359996 -0.450545 -0.184465 -0.288719 -0.359822 -0.182303 -0.248775 0.120881 0.054779 0.049232 0.161301 -0.115714 0.133061 0.056264 -0.032908 -0.166692 0.298207 0.022685
-0.092688 -0.036002 -0.223252 -0.058368 -0.503175 -0.297554 -0.039663 -0.282442 -0.542799 -0.208700 0.329971 -0.146018 0.120313 0.003886 -0.089273 -0.066657 0.519488 0.508940 0.215930 0.191064 -0.387365 -0.500436 -0.244768 -0.253573 -0.514780 -0.458132 -0.334911 -0.277207 1.000000 0.690347 -0.188484 -0.318043 0.074152 -0.252579 -0.395402 -0.321972 0.713539 0.560650 0.526993 0.091175 0.600627 0.330460 0.017327 -0.252274 -0.059748 -0.211478 0.015838 -0.229993 -0.049206 -0.028067 -0.003731 0.162677 0.026606 0.208196 0.482412 0.191361 -0.057266 -0.122834 -0.134015 -0.347763 0.185349 -0.013224 0.639681 0.282598 -0.159693 -0.242615 -0.310810 -0.379743 -0.258600 -0.190053 -0.218632 -0.403542 0.736123 0.309450 0.600924 0.250524 0.492999 0.147388 0.265855 0.499305 0.551251 0.497347 -0.037960 0.094118 0.086461 0.001432 0.063697 0.267601 -0.039142 0.242298 -0.126183 0.019794 -0.242228 -0.082673 -0.010257 0.176079 0.141222 0.206366 0.099805 0.519726 0.143025 0.309218 0.205252 0.062071 0.288245 0.137563 -0.093595 0.045401 -0.053839 0.004712 -0.185986 0.552997 0.268595 -0.000088 0.281481 0.185631
-0.187017 -0.082427 -0.412165 -0.129388 -0.365498 0.106775 -0.011582 -0.083390 -0.309102 0.119738 0.196348 -0.166769 0.269283 0.188530 0.007645 0.131243 0.338059 0.460394 0.029173 -0.013035 -0.065489 -0.346530 -0.302013 -0.333753 -0.106175 -0.281503 -0.269049 -0.404569 0.690347 1.000000 -0.055690 -0.108331 -0.050777 -0.104985 -0.364210 -0.144465 0.744535 0.771085 0.479128 0.217795 0.577050 0.538336 -0.020667 -0.114049 0.047471 -0.135085 -0.058032 0.080321 -0.060614 0.109056 -0.369648 0.183911 -0.020670 0.204715 0.402735 0.240733 0.131644 -0.076246 -0.062400 -0.148375 0.254041 0.162573 0.478934 0.339617 -0.339233 -0.355100 -0.541654 -0.497154 -0.163965 -0.205984 -0.014252 0.042605 0.716479 0.546836 0.455656 0.548402 0.587040 0.308119 0.311225 0.323617 0.547339 0.506202 -0.245277 -0.073130 -0.200065 -0.274036 -0.148257 -0.069240 -0.035995 0.142834 -0.236098 0.114724 -0.047248 0.232565 0.130497 0.245995 0.124544 0.229636 0.178951 0.469343 0.469385 0.350566 0.129263 -0.121008 0.035528 -0.123979 0.131398 -0.082067 0.140870 0.199170 -0.116117 0.272606 0.297943 0.182255 0.122295 0.130357
0.268845 -0.008176 0.396120 -0.090618 0.263587 0.158015 0.345985 0.220790 0.405663 0.099095 -0.436060 -0.418006 -0.390816 -0.309963 -0.274089 -0.217442 -0.526855 -0.524571 0.272064 -0.000583 0.121625 0.032116 0.456993 -0.153723 0.539902 0.356555 -0.081251 -0.188169 -0.188484 -0.055690 1.000000 0.760662 0.088911 0.519303 0.592624 0.553872 -0.285803 -0.266639 -0.120597 -0.028369 0.001944 -0.263881 -0.214301 -0.072458 0.165535 0.103486 -0.304757 -0.001333 -0.257413 -0.063873 -0.291986 -0.293046 -0.338771 -0.343544 -0.385269 -0.214685 -0.305449 -0.062612 -0.049889 0.378481 -0.018629 0.003872 -0.237557 -0.225576 0.389104 0.063722 0.313484 0.326221 0.155959 0.132854 0.137752 0.422550 -0.231561 -0.412898 -0.119002 0.248816 0.013046 0.387229 -0.191420 -0.118802 -0.518770 -0.326427 0.152596 0.214254 0.088067 -0.082685 0.034705 0.213671 0.319573 -0.129255 0.010392 -0.132683 -0.152312 -0.058449 -0.266957 -0.332036 -0.115206 -0.377085 -0.190865 -0.330097 -0.064494 -0.227177 0.124421 -0.109835 -0.280452 -0.387177 0.152048 0.135396 -0.156225 0.265600 0.352585 -0.468740 -0.363988 0.045022 -0.311823 -0.350419
0.153706 -0.496851 0.372781 0.205609 0.584646 0.578719 0.299652 0.426923 0.731289 0.440917 -0.466747 -0.287710 -0.230204 -0.384104 -0.132366 -0.004232 -0.333492 -0.348040 0.091327 -0.411559 0.310454 0.252966 0.423084 0.351702 0.640488 0.765726 0.326634 0.338169 -0.318043 -0.108331 0.760662 1.000000 -0.043743 0.517985 0.713064 0.544898 -0.215027 -0.208346 -0.102588 0.049776 -0.047678 -0.123610 -0.371126 -0.211549 -0.129265 -0.145914 -0.419603 -0.196093 -0.364695 -0.417873 -0.227693 -0.609845 -0.405399 -0.452200 -0.417093 -0.340912 -0.154314 -0.239101 -0.409765 -0.055464 0.085308 -0.241760 -0.260092 -0.355976 0.472229 0.377106 0.216574 0.436284 0.050260 -0.098040 0.252941 0.514855 -0.225816 -0.195136 -0.058082 0.259894 0.068271 0.223211 -0.096218 -0.153666 -0.323491 -0.018850 -0.093459 0.285068 0.281506 0.309474 0.165372 0.249589 0.509575 -0.130131 -0.047371 -0.029094 -0.020711 0.027014 -0.141781 -0.209413 -0.243183 -0.375373 -0.472420 -0.528741 -0.106240 -0.336847 -0.137269 -0.286611 -0.441690 -0.265833 0.054268 0.060604 -0.031590 0.256455 0.420725 -0.308133 -0.322485 0.023651 -0.078131 -0.359462
-0.060985 0.164900 -0.102435 0.123535 -0.314165 -0.306496 -0.286472 -0.047271 -0.183589 -0.155640 -0.481313 -0.121770 -0.556271 -0.267907 -0.295429 -0.187229 0.060887 0.046424 0.109966 0.338364 -0.275315 -0.213643 -0.033580 -0.014400 -0.166558 0.149490 -0.367826 -0.106182 0.074152 -0.050777 0.088911 -0.043743 1.000000 0.348679 0.105769 -0.013343 -0.046421 -0.019167 -0.031984 0.500936 0.142083 -0.206761 -0.077947 0.027529 0.152780 0.078578 0.108363 0.024864 -0.131979 -0.071449 -0.224410 -0.259176 -0.030686 -0.284131 -0.018403 0.250823 0.218179 0.155687 0.079241 0.171619 -0.149784 -0.205801 0.120823 -0.065138 -0.057932 -0.159307 0.283392 0.428398 0.043958 0.073239 -0.403949 -0.319341 0.193336 -0.253471 -0.004687 0.030893 -0.319206 -0.095993 0.310224 0.060525 0.119935 0.120246 -0.226582 0.038636 -0.163361 -0.043136 -0.074615 -0.245310 -0.156444 -0.004589 -0.065147 -0.502365 -0.232173 -0.295305 0.385256 -0.082006 0.506859 0.335664 0.105496 0.102278 -0.242058 -0.530824 0.244238 0.216475 -0.094050 -0.086653 -0.243282 -0.059867 -0.067767 0.114322 0.216510 0.178507 -0.402675 -0.196561 -0.459920 0.066687
0.120037 -0.138793 0.163166 -0.153063 0.222371 0.115761 0.062768 -0.004386 0.330229 -0.011175 -0.626369 -0.292627 -0.436243 -0.202244 -0.219907 -0.197512 -0.347618 -0.271499 0.353388 0.257057 0.108975 0.088250 0.303616 -0.084635 0.299998 0.394754 -0.108223 -0.050104 -0.252579 -0.104985 0.519303 0.517985 0.348679 1.000000 0.577283 0.597590 -0.383617 -0.249960 -0.297279 0.062421 0.013126 -0.036985 -0.204355 -0.022032 0.128085 0.096918 -0.221903 0.063305 -0.222488 -0.153933 -0.490982 -0.394966 -0.431661 -0.149983 -0.540742 -0.169712 -0.068523 -0.118221 0.132368 0.208288 0.107294 -0.355861 -0.097073 -0.361024 0.194110 -0.164385 0.475509 0.585755 0.200425 0.330878 0.090083 0.409758 -0.103333 -0.084916 -0.152950 0.188180 -0.162543 0.244264 0.023929 -0.351193 -0.281181 -0.073325 0.037277 0.267690 -0.127985 -0.038287 -0.061436 -0.044381 0.166794 -0.266739 -0.082539 -0.127381 -0.209589 0.113281 0.198365 -0.493883 0.015206 -0.152784 -0.210555 -0.382186 -0.108845 -0.337631 0.116781 0.300899 -0.350887 -0.049225 0.121582 0.103237 -0.273427 0.370886 0.475132 -0.048916 -0.340589 -0.021908 -0.363098 -0.180070
0.289218 -0.331717 0.424597 0.005928 0.568057 0.331623 0.105284 0.184075 0.679463 0.238975 -0.555468 -0.412239 -0.466847 -0.485816 -0.350080 -0.335974 -0.289089 -0.329437 0.127927 -0.205846 0.032004 0.115512 0.429051 0.209467 0.608614 0.676496 0.088538 0.263122 -0.395402 -0.364210 0.592624 0.713064 0.105769 0.577283 1.000000 0.694347 -0.359694 -0.279764 -0.205807 -0.077168 -0.080798 -0.316585 -0.088668 0.038824 0.156067 0.157691 -0.100985 0.006293 -0.209921 -0.231002 -0.132808 -0.495758 -0.396726 -0.411404 -0.410234 -0.141569 -0.049695 -0.192561 -0.211231 -0.078431 -0.101251 -0.447288 -0.440446 -0.658343 0.461576 0.332717 0.461911 0.570065 0.110413 -0.051183 -0.052399 0.185530 -0.245020 -0.486675 -0.311472 -0.168632 -0.058625 0.141089 0.203125 -0.190647 -0.239085 -0.077263 -0.003345 -0.036847 0.262426 0.091622 0.288575 0.224982 0.288762 -0.363502 -0.097162 -0.076340 -0.370823 0.006966 0.067978 -0.158722 -0.022134 -0.046831 -0.344054 -0.464033 -0.390247 -0.438381 -0.016150 -0.018189 -0.176732 -0.058910 -0.212832 0.148005 0.039910 0.368532 0.687972 -0.221699 -0.363041 0.029264 -0.247584 -0.415465
-0.064236 -0.165305 0.165401 -0.293258 0.256389 0.150361 0.101457 -0.060852 0.497041 -0.044916 -0.358108 -0.153254 -0.122419 -0.112589 -0.056629 -0.200383 -0.400046 -0.166916 0.048840 -0.146949 0.104899 0.246275 0.392482 -0.124543 0.469504 0.341539 -0.012628 -0.076604 -0.321972 -0.144465 0.553872 0.544898 -0.013343 0.597590 0.694347 1.000000 -0.286230 -0.193199 -0.242622 -0.107421 0.034717 -0.284931 0.036371 0.200123 0.361906 0.295352 -0.011685 0.157398 -0.087148 0.021267 -0.391413 -0.277164 -0.325701 -0.288175 -0.346692 -0.040217 -0.116550 0.030024 0.121609 0.213984 0.101475 -0.144367 -0.588440 -0.343502 0.216167 0.168676 0.391379 0.358606 0.240445 0.217892 -0.035326 0.466639 -0.274558 -0.321433 -0.472816 -0.085185 -0.140757 0.195888 -0.076100 -0.002443 -0.265545 -0.115298 0.056689 -0.070195 0.068846 -0.246531 0.166773 0.015167 0.218287 -0.362348 -0.249389 -0.102159 -0.363144 0.113647 0.044215 -0.166494 -0.016566 -0.112871 -0.325678 -0.359308 -0.266106 -0.195221 0.064820 0.005546 -0.191413 -0.285599 -0.001293 0.186783 -0.171954 0.304251 0.517893 -0.284053 -0.295426 0.034726 -0.307134 -0.365440
