1.000000 0.202048 0.177265 -0.119373 0.068655 0.094023 0.250412 -0.101609 -0.196308 -0.263012 0.167930 -0.175734 0.479840 -0.000723 0.179001 -0.099340 0.009825 -0.044161 -0.053954 -0.021746 0.025420 0.333369 -0.087748 -0.035800 -0.097112 -0.205485 0.233184 0.202304 0.401879 -0.006955 0.092853 -0.026017 0.199191 -0.131284 0.005830 -0.375992 -0.079826 -0.219819 0.497112 -0.132324 0.015724 -0.141524 -0.172369 -0.196814 -0.326406 -0.227287 -0.171919 -0.269432 0.043587 -0.223031 0.114322 -0.064149 -0.093976 -0.079949 0.185864 0.069807 0.429097 -0.254586 0.216213 -0.196102 0.255809 -0.306343 0.257893 0.355670 -0.140688 -0.309305 -0.072818 -0.427826 0.353996 -0.244968 0.147942 0.031160 0.070645 -0.024359 0.026194 0.029590 0.300202 -0.247119 -0.204287 0.014759 -0.139166 -0.163184 0.093821 -0.057689 0.074423 0.141988 0.288559 0.188140 0.083393 0.094377 -0.290521 0.145853 -0.064112 0.159581 0.079486 0.240698 0.356115 0.350646 -0.181538 0.388775 -0.194069 0.090923 -0.108335 0.312351 -0.103508 0.006938 -0.221091 -0.258561 -0.012821 0.097321 -0.034934 -0.129579 -0.005447 0.155202 0.088819 0.227245
0.202048 1.000000 -0.143605 -0.081829 -0.293949 -0.136657 0.219752 0.121488 -0.303572 -0.010050 0.262259 0.531976 0.280831 0.310887 -0.086163 0.129833 0.207892 0.361603 0.011738 -0.249414 -0.347976 -0.242504 -0.524859 -0.471339 -0.462709 -0.399369 -0.091770 -0.169613 0.392997 0.282720 -0.440831 -0.528757 0.175893 0.100596 -0.211236 -0.301041 0.304994 0.198395 0.103236 -0.063965 0.257307 0.120251 0.025298 0.151632 -0.174235 -0.093052 0.105359 0.015956 -0.130635 -0.431239 -0.387388 -0.499983 -0.264398 -0.379595 -0.052757 -0.080181 0.086337 0.045384 0.473866 0.183955 0.653424 0.340603 0.446224 0.644570 -0.357912 -0.217268 0.144586 -0.389684 0.202395 -0.177116 0.165574 -0.141952 0.348108 0.289124 0.383724 0.230477 0.403561 0.124592 0.039258 0.163914 0.281880 0.271652 -0.014564 0.238633 -0.062254 0.204918 -0.077629 0.011920 -0.338937 -0.303813 -0.068183 -0.232964 0.174919 -0.057595 0.069974 0.080464 0.146418 0.144222 -0.229365 -0.181856 0.167737 -0.119859 0.208679 -0.071297 -0.201280 -0.021559 -0.293215 -0.335435 -0.241094 -0.064704 0.132501 -0.092127 0.002623 0.050549 -0.179968 0.353813
0.177265 -0.143605 1.000000 0.317548 0.292820 0.229296 0.592046 0.077827 -0.099801 -0.339691 -0.267724 -0.354512 0.229102 -0.295674 0.231813 -0.180094 -0.718357 -0.394358 0.233788 -0.338287 0.342349 0.333469 0.505833 -0.020888 0.421677 0.309960 0.360703 0.370447 -0.137537 -0.280331 0.408742 0.379710 0.125993 0.136229 0.077011 0.028015 -0.441341 -0.349902 0.387179 -0.286478 -0.189459 -0.092829 -0.234198 -0.322340 -0.131047 -0.197108 -0.290025 -0.413963 0.330163 -0.143306 0.562285 0.353906 0.197937 -0.120574 0.365138 0.342785 -0.494929 -0.410555 0.193073 -0.224548 0.045045 -0.320910 -0.195131 -0.101279 0.326324 0.112096 0.102390 0.035586 -0.397536 -0.460269 0.094245 0.166264 -0.060164 -0.089452 -0.220047 -0.112157 -0.181093 -0.149162 -0.545713 0.050497 -0.634315 -0.387677 -0.008470 -0.295392 0.515932 0.246304 0.417632 0.336924 0.722792 0.464415 -0.296568 0.037826 -0.158037 0.016976 -0.161993 -0.254288 0.263321 -0.003615 -0.157710 -0.044622 0.202561 -0.346817 -0.487014 -0.152799 -0.282005 0.036929 -0.477575 -0.066183 -0.285878 0.032602 -0.102375 -0.247142 -0.077420 0.085721 0.025169 0.008263
-0.119373 -0.081829 0.317548 1.000000 -0.078438 0.438792 -0.053174 0.234900 -0.065510 0.059918 -0.256036 0.100989 -0.159563 0.046170 0.122322 0.206872 -0.398179 -0.039209 -0.028551 -0.054011 0.466619 0.275566 0.354667 0.558994 0.424245 0.454130 0.247689 0.437796 -0.326677 -0.148599 0.195085 0.283833 0.105958 0.301104 0.011672 0.080135 -0.447910 -0.163890 0.096323 0.176464 -0.440193 -0.226076 0.034144 -0.146709 -0.255504 -0.317598 0.000299 -0.105621 -0.034911 -0.108144 0.165595 0.132792 0.130918 0.056178 0.244346 0.155372 -0.202273 0.189164 -0.118695 0.008914 -0.176600 -0.026711 -0.334923 -0.255503 0.181093 0.375128 0.033623 -0.080110 -0.088792 -0.056426 -0.034366 0.030328 -0.366893 -0.252470 -0.399765 -0.177899 -0.141747 -0.267525 0.240432 0.294588 -0.242155 -0.199403 -0.210876 -0.325086 -0.122165 0.133886 0.389606 0.507205 0.266969 0.468596 -0.183235 -0.216293 0.322232 -0.124901 0.099129 -0.084146 0.086489 -0.094354 -0.073944 -0.234416 0.080393 -0.233318 -0.425427 -0.368659 -0.204344 -0.096118 -0.319560 -0.097523 -0.046325 0.109090 0.314839 -0.036336 0.112742 0.174365 0.210272 -0.308749
0.068655 -0.293949 0.292820 -0.078438 1.000000 0.251816 0.305201 -0.153345 0.252867 -0.141345 0.207417 -0.110739 0.336710 0.119888 0.362683 0.019848 -0.249171 -0.266475 -0.299625 0.327451 0.391727 0.549573 0.475290 0.368026 0.478473 0.167556 0.628140 0.268680 0.036084 -0.245849 0.363701 0.552968 -0.273606 -0.081798 0.240014 0.055582 -0.146585 -0.211034 0.204611 -0.052668 -0.183381 -0.209343 -0.307930 -0.379653 -0.404283 -0.262136 -0.243670 -0.218565 -0.256630 -0.256223 0.372087 0.273393 0.415864 0.427535 0.351265 -0.425372 -0.042087 -0.121580 -0.096415 -0.294899 -0.315860 -0.430101 -0.266045 -0.286324 0.009249 -0.169736 -0.264482 0.002966 0.046381 0.258933 0.225343 0.112142 -0.191163 -0.208519 -0.078190 -0.179793 -0.186896 -0.040936 0.052870 0.229037 -0.084092 -0.046333 0.148732 -0.127495 0.387871 -0.030892 0.193057 0.119779 0.214855 0.228018 -0.124580 0.089007 -0.278442 -0.190260 0.067439 0.197077 0.005151 0.544657 0.049371 0.231827 0.161761 0.013132 -0.315506 0.193591 -0.117908 0.093913 0.011403 0.360303 -0.039276 0.197525 0.109695 -0.007560 -0.024151 0.570014 0.038181 -0.067685
0.094023 -0.136657 0.229296 0.438792 0.251816 1.000000 0.047741 0.281488 0.261609 0.038478 -0.427425 0.005992 -0.069712 0.166814 0.199596 0.334190 -0.309422 -0.068975 -0.378150 -0.223375 0.690234 0.558951 0.001083 0.424012 0.618180 0.621776 0.758556 0.775719 -0.143888 -0.340861 0.173902 0.294317 0.011064 0.356223 0.255102 0.096552 -0.477615 -0.425840 0.377966 -0.051568 -0.425726 -0.395637 -0.051687 -0.317975 -0.317096 0.001750 0.001403 -0.295693 0.026314 -0.130363 0.358193 0.167092 0.148991 -0.013987 0.278524 -0.088650 0.124695 0.298607 0.057453 -0.234562 0.032535 -0.060673 -0.451079 -0.398451 0.264694 0.476529 0.024518 0.080005 0.077422 -0.166271 -0.141372 0.238135 -0.471832 -0.470169 -0.387861 -0.277237 -0.209701 -0.377799 0.188859 0.407130 -0.139481 -0.215558 -0.265629 -0.156673 -0.146038 -0.251850 0.753984 0.396016 0.388832 0.357131 -0.266610 -0.247209 0.372862 -0.097037 -0.126866 -0.141596 0.266814 0.016115 -0.266075 -0.042772 0.118044 -0.153129 -0.667465 -0.282709 -0.162008 0.024767 0.055097 -0.081025 0.056109 -0.168717 0.073290 -0.102104 -0.112134 0.311795 0.131798 -0.111171
0.250412 0.219752 0.592046 -0.053174 0.305201 0.047741 1.000000 0.235361 -0.132022 -0.396322 0.176707 0.018389 0.619757 0.181236 0.225511 -0.008693 -0.150900 -0.098703 0.206412 -0.055033 0.022433 0.107472 0.136345 -0.186469 -0.075877 -0.266173 0.182756 -0.114109 0.479430 0.302201 0.185533 0.207548 0.295824 0.253194 -0.134292 -0.104399 0.107776 -0.094579 0.270289 -0.615401 0.238627 0.195252 -0.467886 -0.525080 -0.246958 0.037873 -0.544618 -0.538257 -0.163701 -0.195286 0.084748 -0.118961 0.189431 -0.138260 0.276274 -0.085611 -0.279396 -0.374077 0.395874 -0.153092 0.380429 0.018229 0.067602 0.102368 0.073857 -0.227119 -0.108998 -0.148590 -0.329438 -0.134743 0.476420 0.328220 0.456018 0.270962 0.384525 0.340404 0.275079 0.050061 -0.181196 0.290496 -0.091503 0.068375 0.063579 0.188153 0.472618 0.384287 0.203686 0.213083 0.217573 0.252301 -0.472045 -0.045157 -0.233742 -0.125332 -0.332482 -0.288568 -0.188519 0.066558 -0.319785 -0.226995 0.249186 -0.431135 -0.211673 -0.293214 -0.495308 -0.212864 -0.490502 -0.354105 -0.344436 -0.292412 -0.411182 -0.494792 -0.176064 0.315984 -0.275402 0.295744
-0.101609 0.121488 0.077827 0.234900 -0.153345 0.281488 0.235361 1.000000 -0.397776 0.008024 -0.201672 0.302723 -0.115287 0.324341 -0.433095 0.375590 0.038103 0.079891 -0.086858 -0.030228 0.235932 0.163378 -0.337555 -0.146446 -0.011741 -0.007722 0.179357 -0.032357 0.149927 0.115052 -0.186935 -0.036424 0.396052 0.366201 0.184714 0.068958 -0.062374 0.043119 -0.049700 -0.014817 -0.012088 -0.070539 -0.177275 -0.257109 -0.100493 0.196756 -0.306158 -0.341639 -0.094897 -0.106353 -0.111006 0.149883 0.062936 -0.026331 0.116779 -0.208688 -0.152577 -0.097938 0.100096 0.179244 0.157731 0.447894 0.150570 0.121561 -0.139059 0.035231 0.265461 0.203102 -0.252317 -0.070091 0.050465 0.222855 0.086611 -0.001879 0.034126 0.068535 -0.032677 0.048776 0.131427 -0.009950 0.132523 -0.004185 -0.270735 0.040005 -0.286852 -0.102859 0.141274 0.070929 -0.195453 0.053483 -0.279718 -0.419937 0.261121 -0.236187 -0.034985 -0.491307 0.039706 -0.122151 -0.444863 -0.612540 -0.059526 -0.126909 -0.217792 -0.048518 0.208242 0.220850 -0.186589 -0.205390 -0.211516 -0.333894 -0.164475 -0.434160 -0.068747 0.079145 -0.132358 0.078627
-0.196308 -0.303572 -0.099801 -0.065510 0.252867 0.261609 -0.132022 -0.397776 1.000000 0.128771 -0.009788 -0.281484 -0.062106 0.041113 0.326711 -0.180031 -0.099025 -0.196733 0.016482 -0.074810 0.025529 -0.153072 0.214925 0.284176 0.249352 0.187443 0.045063 0.295529 -0.132307 -0.268573 0.213592 0.039476 -0.610561 -0.226010 -0.303790 0.120911 -0.141468 -0.320803 -0.124149 -0.313070 -0.297072 -0.203606 0.127601 0.062006 0.054437 -0.075180 0.118604 0.101448 0.171002 0.154538 0.291589 0.165570 0.246006 0.181827 0.073174 0.026183 -0.051963 0.261879 0.076546 0.117301 0.007154 0.065441 -0.652046 -0.479505 0.532168 0.245259 -0.152525 0.033552 -0.131853 0.139806 -0.115060 0.110904 -0.312910 -0.130159 -0.128887 -0.295337 -0.171179 -0.213614 -0.036056 0.027084 -0.286294 -0.283955 -0.036925 -0.096279 0.155440 -0.274978 0.002396 -0.109921 0.335854 0.244207 0.358591 0.359941 0.097553 0.227682 -0.192933 -0.064761 -0.305219 -0.263301 0.206658 0.241526 0.142926 -0.012182 -0.047876 -0.203625 -0.118057 -0.243761 0.364739 0.111446 0.071651 -0.395768 -0.248971 0.110002 0.083877 -0.107805 -0.194416 -0.048349
-0.263012 -0.010050 -0.339691 0.059918 -0.141345 0.038478 -0.396322 0.008024 0.128771 1.000000 -0.283246 0.078264 -0.621376 -0.034833 -0.326728 -0.048993 -0.006564 0.205657 -0.376890 0.003936 0.111773 0.021211 -0.152011 0.276581 0.094482 0.260678 -0.213120 -0.073653 -0.261502 -0.005609 -0.395153 0.050963 -0.120034 0.162228 0.105754 0.331522 -0.132548 0.049454 -0.364259 0.365858 -0.271229 -0.239675 0.064336 0.026343 0.132389 0.150987 0.167486 0.055055 -0.079363 0.120588 -0.023783 -0.003918 0.126274 0.226255 -0.235220 -0.172511 0.041499 0.408622 -0.173015 -0.085462 -0.130553 0.077073 -0.193154 -0.150651 0.256028 0.454019 0.069480 0.285250 -0.010176 0.154819 -0.354222 -0.140924 -0.156437 -0.224017 -0.317346 -0.232488 -0.412179 -0.192437 0.320753 0.102575 0.093160 0.125874 -0.226839 -0.116691 -0.199679 -0.131558 -0.126342 -0.112051 -0.187766 -0.168374 0.234989 -0.206249 0.486909 -0.141894 0.384211 0.144668 -0.207835 -0.094150 -0.125173 -0.210968 -0.362745 -0.096567 -0.113908 0.155934 0.047689 0.283594 -0.013912 0.317146 0.265110 -0.051014 -0.100170 0.095173 0.039264 -0.324433 0.253305 -0.176775
0.167930 0.262259 -0.267724 -0.256036 0.207417 -0.427425 0.176707 -0.201672 -0.009788 -0.283246 1.000000 0.328410 0.603948 0.355736 0.412155 0.115475 0.589483 0.069804 0.277721 0.385483 -0.509030 -0.233349 0.108872 -0.036431 -0.550962 -0.676027 -0.129020 -0.405929 0.603699 0.301351 -0.034826 -0.268452 -0.196175 -0.562871 -0.355387 -0.341891 0.440291 0.153407 -0.079416 -0.099120 0.313419 0.287344 -0.032658 0.085053 -0.194788 -0.257406 -0.091319 0.159266 -0.275697 -0.088661 -0.343706 -0.185925 0.080779 0.166434 0.122184 -0.299186 0.030872 -0.203814 0.016791 0.101391 -0.003431 0.009931 0.313352 0.242373 -0.469995 -0.553624 -0.355586 -0.490538 -0.014790 0.364040 0.363457 -0.299565 0.325618 0.233795 0.474134 0.240160 0.311522 0.142395 0.172635 -0.066889 0.330874 0.206895 0.517150 0.432016 0.222943 0.219033 -0.268665 -0.107762 -0.410170 -0.163142 0.100235 0.286497 -0.385490 -0.008937 0.068016 0.241121 -0.194913 0.299111 0.159799 0.183283 0.092160 0.192236 0.460632 0.177141 -0.135876 -0.152240 0.022041 -0.067180 0.007108 0.044792 0.019758 0.045267 -0.103640 0.198726 -0.168051 0.027676
-0.175734 0.531976 -0.354512 0.100989 -0.110739 0.005992 0.018389 0.302723 -0.281484 0.078264 0.328410 1.000000 0.163388 0.548877 0.080807 0.643444 0.393201 0.385578 -0.017902 0.143552 0.020425 -0.046392 -0.280474 -0.149365 -0.372098 -0.334919 0.072635 -0.214383 0.312241 0.276094 -0.489471 -0.355186 -0.004300 0.083101 -0.111878 0.063369 0.352752 0.140252 -0.022221 -0.002280 0.200476 0.183498 0.218841 0.117511 -0.182282 0.072605 0.259503 0.367429 -0.440192 -0.096055 -0.538655 -0.239533 0.058972 0.181526 -0.028606 -0.211159 0.230648 0.098794 0.037715 -0.047262 0.239255 0.346185 0.171080 0.214823 -0.557269 -0.147852 -0.295076 -0.356680 0.216390 0.130723 -0.013384 -0.135243 0.162323 0.149388 0.413171 0.128334 0.396975 0.417160 0.377570 0.243674 0.675728 0.486391 0.310681 0.510166 -0.285944 0.122802 -0.107789 -0.027109 -0.492381 -0.259449 -0.000149 -0.180463 0.024702 -0.115848 -0.055891 -0.132851 0.019906 0.076491 0.027477 -0.124138 0.307025 0.123371 0.188664 -0.216970 -0.343792 -0.316206 -0.205760 -0.161926 -0.310685 -0.131601 0.310055 0.070791 -0.251615 0.145849 -0.201164 -0.246979
0.479840 0.280831 0.229102 -0.159563 0.336710 -0.069712 0.619757 -0.115287 -0.062106 -0.621376 0.603948 0.163388 1.000000 0.405690 0.543841 0.237038 0.135755 0.151249 0.153885 0.022287 -0.175579 0.019893 0.051640 -0.147675 -0.326207 -0.507539 0.179826 -0.073522 0.696860 0.336926 0.127781 -0.001439 0.050288 -0.150197 -0.353969 -0.474436 0.386137 0.053744 0.445863 -0.469527 0.354622 0.316035 -0.327150 -0.315354 -0.472563 -0.395600 -0.329924 -0.266911 -0.312193 -0.356884 -0.126483 -0.236767 0.097012 -0.102650 0.352588 0.010753 0.058474 -0.227743 0.379074 0.011482 0.325596 -0.130000 0.289449 0.335574 -0.400698 -0.638436 -0.285387 -0.619047 -0.029118 -0.100259 0.570326 0.205066 0.451059 0.287726 0.512254 0.398432 0.584796 0.221427 -0.095041 0.233646 0.101371 0.182396 0.481761 0.451363 0.304484 0.406043 0.118201 0.260315 0.082848 0.298372 -0.374181 0.124913 -0.481882 -0.035339 -0.250792 -0.089888 0.001607 0.380548 -0.002384 0.115963 0.400610 0.030217 0.010858 -0.076928 -0.392088 -0.326684 -0.224044 -0.366274 -0.260360 -0.034025 -0.039573 -0.259224 -0.158564 0.324301 -0.353133 0.294479
-0.000723 0.310887 -0.295674 0.046170 0.119888 0.166814 0.181236 0.324341 0.041113 -0.034833 0.355736 0.548877 0.405690 1.000000 0.123729 0.636826 0.407667 0.460050 -0.162711 0.271480 0.192533 0.139978 -0.223417 0.119583 -0.249211 -0.324481 0.156843 -0.124739 0.510922 0.474629 -0.053381 0.042082 0.053561 0.113962 -0.207017 -0.191497 0.292133 0.177763 0.022327 -0.049454 0.250651 0.135505 0.028481 -0.130156 -0.430554 -0.120866 0.034893 -0.010316 -0.554257 -0.178082 -0.357175 -0.260641 0.219476 0.179346 0.254569 -0.171286 0.308130 0.136383 0.045700 0.037189 0.149162 0.316334 0.093229 0.133275 -0.355073 -0.363601 -0.394984 -0.509594 0.121996 0.246334 0.142457 0.296848 0.192787 0.110221 0.275355 0.103661 0.316967 0.110773 0.604258 0.366173 0.493374 0.426970 0.200142 0.467414 -0.225583 0.122976 0.050558 0.227368 -0.270645 0.154321 -0.282066 -0.305529 -0.161601 -0.351705 -0.059517 -0.037992 -0.099838 0.080001 -0.013092 -0.093848 0.082812 -0.113728 -0.148725 -0.221690 -0.261407 -0.178526 -0.249079 -0.265007 -0.147818 -0.122933 -0.005085 -0.155279 -0.071711 0.284469 -0.225233 0.062434
0.179001 -0.086163 0.231813 0.122322 0.362683 0.199596 0.225511 -0.433095 0.326711 -0.326728 0.412155 0.080807 0.543841 0.123729 1.000000 0.311798 -0.049690 0.003408 0.204397 0.070708 0.052701 0.100982 0.487570 0.238895 0.036539 -0.065215 0.280260 0.210478 0.226133 -0.071549 0.306279 0.098580 -0.359392 -0.263155 -0.488565 -0.175397 0.067140 -0.095971 0.385431 -0.336314 0.164720 0.266533 -0.004105 -0.088652 -0.463698 -0.466727 -0.053362 0.020451 -0.186695 -0.222395 0.106584 -0.062837 0.237904 0.160989 0.350053 0.133423 0.013588 0.012526 -0.056953 -0.271246 -0.104476 -0.313323 -0.216853 -0.143120 -0.017706 -0.123187 -0.553464 -0.547547 -0.023828 -0.012256 0.253271 -0.042919 -0.059644 -0.025538 0.123248 -0.042630 0.227514 -0.020200 -0.003457 0.181057 -0.035046 0.006476 0.578387 0.298357 0.475451 0.281827 0.231916 0.351573 0.436081 0.380462 -0.059088 0.291007 -0.322622 0.012669 -0.216821 0.003725 0.087239 0.116971 0.169280 0.320346 0.343012 -0.068240 -0.111258 -0.285892 -0.476908 -0.318392 -0.030566 0.105496 -0.107850 -0.067307 0.194383 0.098969 -0.400827 0.153601 -0.071563 -0.195709
-0.099340 0.129833 -0.180094 0.206872 0.019848 0.334190 -0.008693 0.375590 -0.180031 -0.048993 0.115475 0.643444 0.237038 0.636826 0.311798 1.000000 0.246523 0.586354 -0.195773 0.120252 0.301973 0.213703 -0.181554 0.094998 -0.159923 -0.084799 0.233000 0.009083 0.360772 0.333413 -0.126174 0.071152 0.096623 0.191196 -0.151462 -0.141242 0.304832 0.223064 0.207804 0.029154 0.372561 0.282464 0.115926 -0.076762 -0.398951 -0.159096 0.121305 0.022510 -0.519447 -0.171107 -0.278161 -0.194136 0.168179 0.138047 0.149052 0.016442 0.311912 0.328270 -0.227399 -0.203566 -0.096515 0.053324 0.128183 0.086642 -0.509982 -0.193954 -0.444109 -0.486057 0.177453 -0.004643 0.088928 0.270632 0.156850 -0.024443 0.231521 0.059577 0.255207 0.201065 0.501255 0.404971 0.575917 0.511959 0.388695 0.591439 -0.309245 0.234116 0.144998 0.382520 -0.144886 0.151937 -0.303011 -0.396803 -0.088665 -0.399568 -0.036708 -0.304458 0.084980 0.099301 0.015884 -0.176146 0.246413 -0.001971 -0.270462 -0.276966 -0.240265 -0.099486 -0.087534 -0.162759 -0.122109 -0.113822 0.238297 -0.010252 -0.421065 0.066379 -0.201645 -0.094003
0.009825 0.207892 -0.718357 -0.398179 -0.249171 -0.309422 -0.150900 0.038103 -0.099025 -0.006564 0.589483 0.393201 0.135755 0.407667 -0.049690 0.246523 1.000000 0.342802 0.112214 0.310994 -0.443512 -0.288846 -0.429897 -0.124871 -0.638379 -0.562245 -0.341612 -0.549734 0.505877 0.508328 -0.273998 -0.395457 0.070621 -0.257599 -0.120685 -0.163694 0.617593 0.345703 -0.135770 0.021160 0.462953 0.436534 0.091210 0.183494 0.091313 0.285679 0.076934 0.260573 -0.374398 0.175862 -0.667350 -0.412443 -0.203619 0.067099 -0.273197 -0.321492 0.401016 0.110584 -0.110777 0.075133 -0.005808 0.240221 0.395702 0.143167 -0.491158 -0.376515 -0.239035 -0.191075 0.217408 0.333982 0.110169 -0.083386 0.387932 0.316860 0.472534 0.444393 0.303653 0.217775 0.493125 -0.014365 0.730740 0.487861 0.228342 0.594988 -0.327341 -0.014725 -0.364589 -0.358155 -0.750720 -0.429591 0.101514 0.051575 -0.138274 0.015074 0.031742 0.204092 -0.229386 0.041985 -0.034060 0.070743 -0.175418 0.270544 0.568872 0.126943 0.082211 -0.124378 0.305998 -0.127194 0.210211 -0.080814 -0.082013 0.103900 -0.080485 -0.006884 -0.097402 0.019326
-0.044161 0.361603 -0.394358 -0.039209 -0.266475 -0.068975 -0.098703 0.079891 -0.196733 0.205657 0.069804 0.385578 0.151249 0.460050 0.003408 0.586354 0.342802 1.000000 -0.402205 -0.061435 -0.112238 -0.172299 -0.426492 -0.052255 -0.285528 -0.141622 -0.280448 -0.243955 0.354922 0.659130 -0.134497 0.034223 0.242309 0.244212 -0.218575 -0.298963 0.560481 0.493103 0.057978 0.106383 0.565972 0.336649 -0.061733 -0.008286 -0.266082 -0.094460 0.093305 -0.082466 -0.529961 -0.235414 -0.320762 -0.567358 -0.083565 -0.171991 -0.102387 0.056738 0.416357 0.589636 -0.190758 -0.109615 0.050233 -0.021668 0.488277 0.373158 -0.394906 -0.161851 -0.272457 -0.442149 0.228262 -0.080804 0.169804 0.383605 0.484530 0.230188 0.328239 0.216437 0.343197 0.245837 0.487104 0.469797 0.570867 0.701333 0.148340 0.513501 -0.304731 0.366431 -0.191831 0.255255 -0.325834 -0.060766 -0.264191 -0.554706 0.039157 -0.433583 0.077188 -0.045853 -0.088123 0.130976 -0.230085 -0.329391 0.157632 -0.123612 -0.009118 -0.130641 -0.146980 0.068219 -0.132903 -0.346654 0.158230 0.066944 0.138488 -0.214675 -0.275004 -0.235258 -0.134038 0.288064
-0.053954 0.011738 0.233788 -0.028551 -0.299625 -0.378150 0.206412 -0.086858 0.016482 -0.376890 0.277721 -0.017902 0.153885 -0.162711 0.204397 -0.195773 0.112214 -0.402205 1.000000 -0.124430 -0.368539 -0.451966 0.243572 -0.284278 -0.437887 -0.287039 -0.343559 -0.277945 0.095049 0.034884 -0.056304 -0.394296 -0.069406 -0.269179 -0.365797 0.105877 0.073749 0.016120 0.021387 -0.340078 0.073824 0.473125 0.066862 0.087202 0.167503 -0.106389 -0.131901 0.156571 0.329375 0.130051 -0.108865 0.175391 0.058161 -0.027950 0.084340 0.348597 -0.443496 -0.529258 0.318477 0.271024 0.240052 0.310600 -0.035571 0.064320 0.059418 -0.214741 0.076217 -0.059533 -0.318918 -0.104298 -0.039085 -0.232119 0.135010 0.339737 0.174177 0.250223 0.162522 0.271214 -0.393144 -0.484607 -0.264300 -0.327596 0.398775 0.247245 0.198543 0.053374 -0.061039 -0.099170 0.129476 0.151831 0.244281 0.497103 -0.364455 0.412924 -0.401481 -0.247500 -0.106758 -0.540538 0.131861 0.070574 0.103179 0.081240 0.411087 -0.130414 -0.144396 -0.312047 -0.019523 -0.033187 -0.331453 -0.296330 -0.204857 -0.017954 -0.166519 -0.261174 -0.181242 -0.261561
-0.021746 -0.249414 -0.338287 -0.054011 0.327451 -0.223375 -0.055033 -0.030228 -0.074810 0.003936 0.385483 0.143552 0.022287 0.271480 0.070708 0.120252 0.310994 -0.061435 -0.124430 1.000000 0.052315 0.139712 0.333282 0.433499 -0.044772 -0.260627 0.049469 -0.299885 0.026522 0.113370 0.144755 0.267840 -0.031212 -0.040569 0.165356 0.222112 0.033220 0.140161 -0.430197 0.268863 0.110251 -0.099888 0.010728 -0.028657 -0.144731 -0.001256 -0.066394 0.221243 -0.494853 0.145905 -0.154804 -0.053622 0.283030 0.563271 0.091132 -0.410438 0.213509 -0.134364 -0.543634 -0.153184 -0.510725 -0.039422 -0.041353 -0.194292 -0.183025 -0.251388 -0.513395 -0.068118 0.279844 0.871902 0.092456 -0.218358 -0.125143 -0.171762 0.037325 -0.175306 -0.017726 0.026332 0.447211 -0.113825 0.344671 0.226840 0.101009 0.009072 -0.041505 -0.038644 -0.170694 -0.033480 -0.359213 -0.098851 -0.037694 0.076970 -0.339072 -0.368424 0.239324 0.344402 -0.332956 0.140078 0.281854 0.181182 -0.364733 0.030029 0.058840 0.052367 0.052954 -0.119629 0.071622 0.190539 0.218817 0.229333 0.154258 0.130624 0.058597 0.410912 0.185047 -0.240741
0.025420 -0.347976 0.342349 0.466619 0.391727 0.690234 0.022433 0.235932 0.025529 0.111773 -0.509030 0.020425 -0.175579 0.192533 0.052701 0.301973 -0.443512 -0.112238 -0.368539 0.052315 1.000000 0.827906 0.253686 0.492071 0.700332 0.600347 0.723490 0.641742 -0.325422 -0.316933 0.244710 0.553169 0.037124 0.373930 0.368284 0.228546 -0.527975 -0.317945 0.337419 0.207470 -0.419224 -0.371748 0.067992 -0.255164 -0.315121 0.002953 0.134223 -0.135168 -0.098961 -0.041506 0.328147 0.281428 0.288071 0.275448 0.366620 0.020448 0.212251 0.089858 -0.238734 -0.428379 -0.228764 -0.198949 -0.480829 -0.411225 0.178563 0.338912 -0.195341 0.048527 0.210343 -0.046978 -0.230521 0.255536 -0.546714 -0.433012 -0.498469 -0.363232 -0.264219 -0.261139 0.247409 0.385920 -0.088594 -0.045836 -0.162399 -0.315190 -0.141380 -0.122002 0.572580 0.376196 0.380104 0.358760 -0.347005 -0.304883 0.165141 -0.193606 0.024369 0.013163 0.328477 0.071107 -0.065847 0.094875 0.075042 -0.160196 -0.692038 -0.078884 -0.146114 0.025705 -0.236422 0.114738 -0.001141 0.164660 0.219526 -0.036807 -0.066662 0.328802 0.275455 -0.350895
0.333369 -0.242504 0.333469 0.275566 0.549573 0.558951 0.107472 0.163378 -0.153072 0.021211 -0.233349 -0.046392 0.019893 0.139978 0.100982 0.213703 -0.288846 -0.172299 -0.451966 0.139712 0.827906 1.000000 0.184448 0.397229 0.584537 0.387988 0.755790 0.532342 -0.049579 -0.294044 0.271341 0.535288 0.091836 0.138463 0.396207 -0.061765 -0.409638 -0.341695 0.453188 0.243929 -0.260050 -0.351002 -0.000481 -0.233902 -0.347296 -0.031163 0.061605 -0.211992 -0.114866 -0.134610 0.258115 0.202891 0.092809 0.212061 0.237759 -0.224377 0.333567 -0.049283 -0.244801 -0.538554 -0.286662 -0.435318 -0.215286 -0.215148 -0.026915 0.114532 -0.190059 -0.067110 0.331328 -0.068188 -0.021097 0.151975 -0.370982 -0.378980 -0.376143 -0.252534 -0.239311 -0.395620 0.241051 0.385169 0.013433 0.014296 -0.090654 -0.320511 -0.014048 -0.009590 0.474274 0.292560 0.201493 0.116614 -0.394478 -0.252536 0.139490 -0.163919 0.218421 0.257077 0.440375 0.459688 -0.089773 0.257280 -0.072572 -0.065563 -0.568234 0.231948 -0.036671 0.218351 -0.251053 0.214328 0.030651 0.306308 0.168334 0.083384 0.011176 0.455444 0.313523 -0.158577
-0.087748 -0.524859 0.505833 0.354667 0.475290 0.001083 0.136345 -0.337555 0.214925 -0.152011 0.108872 -0.280474 0.051640 -0.223417 0.487570 -0.181554 -0.429897 -0.426492 0.243572 0.333282 0.253686 0.184448 1.000000 0.550878 0.452293 0.283090 0.199983 0.179482 -0.352613 -0.310982 0.573546 0.539417 -0.286543 -0.129817 0.071757 0.363648 -0.463505 -0.328071 -0.079339 -0.018086 -0.285443 -0.162131 -0.031688 -0.167364 -0.143279 -0.307247 -0.120650 0.064985 0.070653 0.143179 0.534428 0.438956 0.553427 0.504699 0.376155 0.149718 -0.352919 -0.239169 -0.376919 -0.329522 -0.514501 -0.380726 -0.463033 -0.510584 0.393382 0.139156 -0.389326 -0.018728 -0.229441 0.257539 -0.099692 -0.179330 -0.355417 -0.307503 -0.349797 -0.418413 -0.292546 -0.066221 -0.156795 -0.102395 -0.459225 -0.360217 0.213714 -0.268697 0.480994 0.036707 0.212375 0.228375 0.507437 0.428931 0.092725 0.359200 -0.372939 -0.024674 -0.019841 0.119085 -0.080572 -0.042712 0.272962 0.282151 0.013436 -0.124037 -0.237098 -0.160732 -0.286537 -0.111466 -0.199871 0.302607 -0.002803 0.246201 0.149396 0.060101 -0.090714 0.187391 0.257710 -0.518049
-0.035800 -0.471339 -0.020888 0.558994 0.368026 0.424012 -0.186469 -0.146446 0.284176 0.276581 -0.036431 -0.149365 -0.147675 0.119583 0.238895 0.094998 -0.124871 -0.052255 -0.284278 0.433499 0.492071 0.397229 0.550878 1.000000 0.512246 0.472509 0.324005 0.371797 -0.280947 -0.134120 0.332157 0.620256 -0.118647 0.192614 0.260489 0.297872 -0.450792 -0.233760 -0.060684 0.317501 -0.470729 -0.361450 -0.083411 -0.321491 -0.300599 -0.237475 -0.051909 -0.096034 -0.255002 0.091712 0.313686 0.144811 0.481430 0.468050 0.326120 -0.144223 0.071766 0.372471 -0.449811 -0.289931 -0.526719 -0.241337 -0.509084 -0.618580 0.315788 0.332776 -0.335570 0.003392 0.125533 0.496526 -0.107679 -0.051677 -0.483177 -0.561007 -0.531604 -0.334930 -0.342727 -0.325353 0.518059 0.307073 -0.108321 -0.091308 -0.124323 -0.239938 -0.139401 -0.156868 0.422753 0.369458 0.147789 0.438577 -0.079419 -0.040213 0.096655 -0.266408 0.215205 0.318875 -0.236239 0.075153 0.076907 0.108649 -0.204777 -0.098998 -0.449804 -0.112894 -0.152993 -0.004655 0.056388 0.162967 0.420520 0.265864 0.166359 0.034517 0.065155 0.322327 0.430434 -0.421589
-0.097112 -0.462709 0.421677 0.424245 0.478473 0.618180 -0.075877 -0.011741 0.249352 0.094482 -0.550962 -0.372098 -0.326207 -0.249211 0.036539 -0.159923 -0.638379 -0.285528 -0.437887 -0.044772 0.700332 0.584537 0.452293 0.512246 1.000000 0.836749 0.618233 0.712291 -0.612445 -0.560413 0.533703 0.610926 -0.146884 0.257462 0.429672 0.302914 -0.646314 -0.408427 0.123908 0.188825 -0.524479 -0.555388 -0.078493 -0.186365 -0.189844 -0.043497 0.014311 -0.177146 0.130696 -0.076500 0.638977 0.373231 0.189467 0.188949 0.216595 -0.107083 -0.068018 0.117236 -0.271184 -0.348662 -0.326472 -0.343354 -0.504174 -0.529838 0.516370 0.571956 0.031355 0.347371 0.011952 -0.035889 -0.206293 0.128946 -0.635869 -0.464585 -0.604927 -0.533666 -0.485815 -0.319312 -0.037717 0.199531 -0.414825 -0.338871 -0.406174 -0.623739 0.137962 -0.279219 0.462433 0.215292 0.516391 0.269526 -0.122395 -0.131286 0.233230 -0.104910 0.082152 0.128471 0.270729 0.105529 -0.140410 0.072444 0.077324 -0.132311 -0.520301 -0.016274 0.075365 0.223645 -0.004280 0.289233 0.181459 0.233156 0.252690 -0.054632 0.082433 0.306840 0.396196 -0.274802
-0.205485 -0.399369 0.309960 0.454130 0.167556 0.621776 -0.266173 -0.007722 0.187443 0.260678 -0.676027 -0.334919 -0.507539 -0.324481 -0.065215 -0.084799 -0.562245 -0.141622 -0.287039 -0.260627 0.600347 0.387988 0.283090 0.472509 0.836749 1.000000 0.425330 0.697359 -0.653317 -0.431068 0.337739 0.500199 0.037731 0.388544 0.437603 0.356470 -0.594881 -0.230406 0.152084 0.341974 -0.520752 -0.371709 -0.118032 -0.233643 -0.104997 -0.037415 0.019723 -0.218167 0.244047 -0.070445 0.614508 0.343388 0.104040 -0.017170 0.106770 0.035928 -0.084115 0.229237 -0.209281 -0.257435 -0.256560 -0.253193 -0.370434 -0.424277 0.498479 0.706614 0.251817 0.440313 0.054035 -0.180720 -0.427306 0.096624 -0.575320 -0.423885 -0.650883 -0.463017 -0.495272 -0.243162 0.012745 0.144302 -0.398148 -0.344220 -0.326916 -0.432676 -0.053098 -0.244452 0.536490 0.368145 0.440324 0.239215 -0.117966 -0.275524 0.268649 -0.120837 0.014369 0.075295 0.223058 -0.125286 -0.239954 -0.073341 0.034569 -0.183499 -0.472794 -0.040585 0.052056 0.315990 0.090607 0.239802 0.275320 0.170743 0.181837 -0.092439 -0.134675 0.041973 0.504011 -0.307573
0.233184 -0.091770 0.360703 0.247689 0.628140 0.758556 0.182756 0.179357 0.045063 -0.213120 -0.129020 0.072635 0.179826 0.156843 0.280260 0.233000 -0.341612 -0.280448 -0.343559 0.049469 0.723490 0.755790 0.199983 0.324005 0.618233 0.425330 1.000000 0.751638 -0.100357 -0.498135 0.205200 0.305525 -0.062804 0.139225 0.382404 0.038991 -0.493753 -0.408063 0.459742 0.080673 -0.419352 -0.446889 -0.083513 -0.275049 -0.444024 -0.136335 -0.015181 -0.199420 -0.021080 -0.284634 0.377312 0.280166 0.227115 0.145477 0.503158 -0.259314 0.111732 -0.063817 0.017680 -0.285555 -0.051855 -0.219214 -0.318507 -0.240488 -0.021711 0.163955 -0.073514 -0.004902 0.212729 0.007368 -0.013907 -0.002411 -0.535461 -0.479914 -0.331926 -0.323249 -0.163269 -0.228036 0.039251 0.238832 -0.124306 -0.207895 -0.052308 -0.245163 0.053765 -0.229046 0.701743 0.314919 0.325771 0.241409 -0.289134 -0.150215 0.073973 -0.150695 0.003181 0.092247 0.444959 0.353292 -0.148042 0.160848 0.196456 -0.019269 -0.569275 0.039810 -0.085713 0.060109 -0.024592 0.080293 -0.018904 0.136452 0.309809 -0.067376 -0.102586 0.580998 0.184090 -0.169973
0.202304 -0.169613 0.370447 0.437796 0.268680 0.775719 -0.114109 -0.032357 0.295529 -0.073653 -0.405929 -0.214383 -0.073522 -0.124739 0.210478 0.009083 -0.549734 -0.243955 -0.277945 -0.299885 0.641742 0.532342 0.179482 0.371797 0.712291 0.697359 0.751638 1.000000 -0.353192 -0.632311 0.248955 0.224908 -0.120927 0.164531 0.217639 0.010428 -0.638900 -0.469579 0.430244 0.172600 -0.605308 -0.565538 0.021844 -0.138334 -0.296369 -0.224194 0.127841 -0.196233 0.325600 -0.217589 0.553817 0.277839 0.079859 -0.132595 0.431663 0.092624 0.088463 0.158085 0.048711 -0.150472 0.053421 -0.184340 -0.456042 -0.267391 0.305615 0.507116 0.141988 0.048660 0.212666 -0.228038 -0.179538 -0.009319 -0.690560 -0.535042 -0.550621 -0.495781 -0.224039 -0.392223 -0.130072 0.187036 -0.432696 -0.425410 -0.220086 -0.464904 -0.038780 -0.272244 0.720264 0.397597 0.545104 0.320264 -0.192787 -0.131328 0.319910 0.018343 -0.014633 0.047735 0.409781 0.049025 -0.109717 0.166850 0.246261 -0.066227 -0.549836 -0.010867 -0.034239 0.068231 0.095938 -0.031345 0.155402 0.057175 0.245856 -0.087674 -0.050593 0.191477 0.303237 -0.147966
0.401879 0.392997 -0.137537 -0.326677 0.036084 -0.143888 0.479430 0.149927 -0.132307 -0.261502 0.603699 0.312241 0.696860 0.510922 0.226133 0.360772 0.505877 0.354922 0.095049 0.026522 -0.325422 -0.049579 -0.352613 -0.280947 -0.612445 -0.653317 -0.100357 -0.353192 1.000000 0.639653 -0.106504 -0.133494 0.283087 -0.157137 -0.349412 -0.576009 0.554808 0.122345 0.205253 -0.416172 0.516773 0.349705 -0.163785 -0.179391 -0.192884 -0.089371 -0.235405 -0.235166 -0.239115 -0.123600 -0.303506 -0.296163 -0.089304 -0.193893 -0.004118 -0.242333 0.243818 -0.112226 0.273083 0.036816 0.329901 0.031816 0.480094 0.502821 -0.496750 -0.590525 -0.203635 -0.579440 0.044471 -0.066397 0.533981 0.289278 0.723324 0.416744 0.691184 0.487451 0.566837 0.112661 0.189125 0.284858 0.389687 0.334041 0.422161 0.646155 -0.020746 0.423170 -0.100916 0.144388 -0.375426 -0.098204 -0.271973 -0.129505 -0.214525 -0.111932 -0.143344 -0.153696 -0.227578 0.253368 -0.148944 -0.065709 0.082179 -0.026244 0.104692 0.005393 -0.297050 -0.152860 -0.183328 -0.434766 -0.221761 -0.321387 -0.426547 -0.195226 -0.193538 0.043858 -0.482018 0.448128
-0.006955 0.282720 -0.280331 -0.148599 -0.245849 -0.340861 0.302201 0.115052 -0.268573 -0.005609 0.301351 0.276094 0.336926 0.474629 -0.071549 0.333413 0.508328 0.659130 0.034884 0.113370 -0.316933 -0.294044 -0.310982 -0.134120 -0.560413 -0.431068 -0.498135 -0.632311 0.639653 1.000000 -0.007972 0.109264 0.545404 0.210911 -0.239068 -0.313070 0.682123 0.540071 -0.097671 -0.198834 0.635890 0.563970 -0.240007 -0.208856 -0.067375 0.057285 -0.229027 -0.188001 -0.490277 -0.001242 -0.418730 -0.500483 -0.152716 -0.199721 -0.259313 -0.087906 0.225958 0.086772 0.010388 0.048914 0.094759 0.049929 0.574906 0.412013 -0.377922 -0.433325 -0.185209 -0.354169 0.010760 0.028685 0.346396 0.505872 0.828886 0.611219 0.655823 0.600772 0.523486 0.251645 0.464226 0.397610 0.511615 0.595763 0.220925 0.660433 -0.143510 0.605585 -0.308831 0.238037 -0.481898 -0.073757 -0.371804 -0.390479 -0.286905 -0.335162 -0.127386 -0.104732 -0.447391 0.000328 -0.200431 -0.328439 -0.014770 -0.247495 0.147986 -0.241112 -0.333335 -0.163094 -0.282103 -0.439218 -0.048728 -0.091779 -0.329351 -0.247965 -0.178936 -0.057453 -0.291066 0.359942
0.092853 -0.440831 0.408742 0.195085 0.363701 0.173902 0.185533 -0.186935 0.213592 -0.395153 -0.034826 -0.489471 0.127781 -0.053381 0.306279 -0.126174 -0.273998 -0.134497 -0.056304 0.144755 0.244710 0.271341 0.573546 0.332157 0.533703 0.337739 0.205200 0.248955 -0.106504 -0.007972 1.000000 0.654847 0.095099 -0.029381 0.066305 -0.114319 -0.238282 -0.150607 0.056638 -0.076100 0.030720 -0.126116 -0.068440 -0.098523 -0.166993 -0.156541 -0.128984 -0.185698 0.078974 0.046373 0.518372 0.178798 0.011881 0.027759 0.140573 0.078177 0.017716 -0.165502 -0.415186 -0.319464 -0.408263 -0.457146 -0.092585 -0.255022 0.353938 0.092131 -0.279976 -0.138196 -0.092613 -0.023257 0.119299 0.348558 -0.108839 0.002317 -0.090219 -0.252179 -0.063290 -0.306761 -0.013269 0.170557 -0.332047 -0.198088 -0.118057 -0.264402 0.341248 0.213334 0.118495 0.324313 0.395926 0.249582 -0.312088 -0.046429 -0.342467 -0.208903 -0.053178 0.159420 0.065883 0.056211 -0.005591 0.237737 0.012518 -0.326897 -0.258531 -0.156074 -0.083354 0.078978 -0.124702 0.013934 0.170025 0.252261 -0.035531 -0.074965 -0.008392 0.296318 0.220879 0.012190
-0.026017 -0.528757 0.379710 0.283833 0.552968 0.294317 0.207548 -0.036424 0.039476 0.050963 -0.268452 -0.355186 -0.001439 0.042082 0.098580 0.071152 -0.395457 0.034223 -0.394296 0.267840 0.553169 0.535288 0.539417 0.620256 0.610926 0.500199 0.305525 0.224908 -0.133494 0.109264 0.654847 1.000000 0.263027 0.388457 0.404858 0.158146 -0.301535 -0.124314 0.037925 0.117016 -0.112037 -0.220606 -0.295026 -0.497422 -0.229539 -0.108589 -0.252606 -0.376698 -0.202792 0.049464 0.542315 0.198411 0.345558 0.233283 0.183404 -0.083296 0.032390 0.096345 -0.456499 -0.482300 -0.547052 -0.530097 -0.192796 -0.376527 0.284182 0.149003 -0.262647 0.059466 0.009832 0.137747 0.061538 0.439899 -0.056936 -0.253431 -0.259224 -0.223944 -0.229041 -0.188302 0.264049 0.443324 -0.172019 0.029820 -0.110254 -0.180966 0.120377 0.198159 0.294359 0.492834 0.297900 0.369609 -0.429039 -0.323377 -0.226946 -0.467314 0.076626 0.107411 -0.181404 0.220970 -0.034463 0.012086 -0.119677 -0.360116 -0.631761 -0.135760 -0.230414 0.162184 -0.241874 0.110671 0.181787 0.314596 -0.096834 -0.134745 -0.041758 0.325050 0.274690 -0.065375
0.199191 0.175893 0.125993 0.105958 -0.273606 0.011064 0.295824 0.396052 -0.610561 -0.120034 -0.196175 -0.004300 0.050288 0.053561 -0.359392 0.096623 0.070621 0.242309 -0.069406 -0.031212 0.037124 0.091836 -0.286543 -0.118647 -0.146884 0.037731 -0.062804 -0.120927 0.283087 0.545404 0.095099 0.263027 1.000000 0.538152 0.313760 -0.197523 0.084997 0.308348 0.101998 0.086806 0.202759 0.126054 -0.363353 -0.387403 -0.006931 0.157979 -0.373335 -0.456539 -0.047016 -0.057992 -0.007278 -0.180389 -0.338866 -0.499812 -0.111364 -0.064795 0.139096 -0.171145 0.016485 0.027332 0.059962 -0.070507 0.566354 0.429749 -0.229324 -0.076438 0.304625 0.043603 0.137057 -0.171953 0.187897 0.364007 0.439738 0.264711 0.244727 0.343340 0.317421 -0.015470 0.175679 0.224674 0.110260 0.149425 -0.174826 0.143493 -0.237039 0.448168 0.149047 0.462895 -0.259884 -0.085729 -0.653104 -0.634703 -0.122150 -0.414979 -0.017957 -0.063646 -0.092573 0.043065 -0.438364 -0.374047 -0.231246 -0.442532 -0.232320 -0.131595 -0.130530 0.116857 -0.291285 -0.421986 0.042981 0.075243 -0.268614 -0.353193 -0.140165 0.124011 0.126664 0.369839
-0.131284 0.100596 0.136229 0.301104 -0.081798 0.356223 0.253194 0.366201 -0.226010 0.162228 -0.562871 0.083101 -0.150197 0.113962 -0.263155 0.191196 -0.257599 0.244212 -0.269179 -0.040569 0.373930 0.138463 -0.129817 0.192614 0.257462 0.388544 0.139225 0.164531 -0.157137 0.210911 -0.029381 0.388457 0.538152 1.000000 0.327563 0.389684 -0.095376 0.165304 0.032234 0.059126 -0.030509 -0.061623 -0.388974 -0.538231 -0.267982 0.112807 -0.316515 -0.434634 -0.310161 -0.219146 0.049194 -0.282701 0.107512 -0.184419 0.117004 -0.005262 0.015017 0.263504 0.056901 -0.150530 0.211052 0.270855 -0.072886 -0.076838 0.234107 0.332906 0.124137 0.232588 0.136071 0.026860 0.057586 0.308966 0.025270 -0.087533 -0.060377 0.047785 0.139248 0.120235 0.235303 0.413025 0.081542 0.214822 -0.411509 0.007111 -0.248711 0.005177 0.371910 0.388819 0.098511 0.229334 -0.566763 -0.525933 0.116786 -0.425487 -0.124360 -0.215812 -0.240799 -0.176308 -0.305661 -0.411964 0.069984 -0.402558 -0.429109 -0.418547 -0.239069 -0.021158 -0.106011 -0.148055 0.066314 -0.098277 -0.048465 -0.419905 -0.148382 0.225758 0.258618 -0.001145
0.005830 -0.211236 0.077011 0.011672 0.240014 0.255102 -0.134292 0.184714 -0.303790 0.105754 -0.355387 -0.111878 -0.353969 -0.207017 -0.488565 -0.151462 -0.120685 -0.218575 -0.365797 0.165356 0.368284 0.396207 0.071757 0.260489 0.429672 0.437603 0.382404 0.217639 -0.349412 -0.239068 0.066305 0.404858 0.313760 0.327563 1.000000 0.443888 -0.445881 -0.287871 -0.083854 0.379928 -0.396366 -0.495872 -0.046771 -0.177197 0.206242 0.340603 0.044584 0.007969 0.125291 0.246305 0.327878 0.306181 0.119322 0.164457 -0.038762 -0.229102 0.086222 -0.023420 -0.246656 -0.291168 -0.312506 -0.212560 -0.033507 -0.285921 0.042815 0.224921 0.192300 0.489204 0.232229 0.175017 -0.322192 -0.089167 -0.270499 -0.464716 -0.366115 -0.224796 -0.341246 0.005878 0.034873 0.008182 -0.039525 -0.126878 -0.383895 -0.288204 -0.333558 -0.403263 0.319594 -0.088230 -0.134007 -0.161006 -0.037629 -0.177050 -0.012631 -0.142258 0.163644 0.241765 0.102186 0.207607 -0.054421 0.117121 -0.335123 0.117393 -0.323571 0.168305 0.153349 0.248704 0.086538 0.081364 0.210722 0.444950 0.110165 0.098883 0.210023 0.329508 0.385060 -0.182019
-0.375992 -0.301041 0.028015 0.080135 0.055582 0.096552 -0.104399 0.068958 0.120911 0.331522 -0.341891 0.063369 -0.474436 -0.191497 -0.175397 -0.141242 -0.163694 -0.298963 0.105877 0.222112 0.228546 -0.061765 0.363648 0.297872 0.302914 0.356470 0.038991 0.010428 -0.576009 -0.313070 -0.114319 0.158146 -0.197523 0.389684 0.443888 1.000000 -0.351569 -0.244841 -0.368518 0.052387 -0.350755 -0.221932 -0.021756 -0.177058 0.119840 0.289970 -0.025373 0.222379 -0.027710 0.293779 0.168072 0.262555 0.510948 0.528559 0.053867 0.017068 -0.218613 0.007852 -0.165393 -0.235177 -0.118299 0.295376 -0.520163 -0.599419 0.467915 0.446029 -0.098810 0.528623 -0.088444 0.345754 -0.505582 -0.271604 -0.402815 -0.358992 -0.331884 -0.357093 -0.298799 0.300207 -0.089484 -0.235896 -0.089776 -0.157890 -0.164561 -0.097595 -0.065605 -0.523558 0.162841 -0.258034 0.134815 0.089593 0.249785 0.268859 -0.048456 0.080170 -0.150914 -0.130472 -0.239924 -0.426413 0.098548 0.036450 -0.086117 0.107599 -0.037800 -0.206985 -0.107423 -0.148511 0.143457 0.336831 0.028397 -0.095121 0.049101 -0.025319 -0.095006 0.008114 0.309013 -0.697847
