1.000000 0.632521 -0.044183 0.009997 -0.281329 -0.341230 0.022158 0.011579 -0.120020 -0.174401 0.368930 0.248633 0.033160 -0.138333 0.015083 -0.155515 0.246470 0.377434 0.572034 0.264041 -0.390752 -0.427196 -0.342259 -0.422909 -0.435459 -0.369060 -0.365009 -0.144221 0.081343 0.023457 -0.451023 -0.329734 0.355219 0.382885 0.176067 -0.045754 0.114875 0.160285 -0.059776 0.051035 -0.051679 0.175473 -0.374155 -0.275390 -0.292030 -0.283174 -0.302475 -0.147291 -0.388990 -0.213363 -0.519721 -0.442581 -0.290318 -0.423275 0.092599 0.150698 0.390939 0.200159 -0.040835 -0.067814 0.372558 0.334637 0.394199 0.397281 0.222360 0.112820 -0.055191 -0.203158 0.399584 0.138401 -0.242163 -0.349288 -0.204609 -0.019310 0.226958 0.011734 0.292387 0.255817 0.331742 0.317691 0.351320 0.312821 0.339252 0.281774 0.571890 0.401795 -0.108577 0.165682 0.450626 0.174346 -0.086316 -0.276179 -0.254864 -0.332634 0.045291 0.167829 0.171410 0.336030 -0.287959 -0.013651 0.093990 -0.047367 0.014320 -0.157882 -0.035638 -0.181493 0.221365 0.224865 0.057363 0.197162 0.003066 -0.191318 -0.568360 -0.313642 -0.188147 -0.200910
0.632521 1.000000 -0.180234 0.010476 -0.373391 -0.378781 -0.108734 0.197008 -0.260725 -0.080649 0.153252 0.480775 -0.076154 -0.115184 -0.085212 -0.131940 0.101345 0.202360 0.467467 0.309824 -0.442816 -0.345155 -0.592888 -0.541951 -0.574303 -0.356176 -0.427672 -0.000757 -0.111345 -0.080759 -0.600561 -0.363223 0.385846 0.549698 -0.077153 -0.015618 0.098235 0.124662 -0.099623 0.035429 -0.285317 0.116009 -0.585126 -0.553568 -0.436759 -0.323214 -0.413709 -0.394621 -0.205178 -0.260722 -0.389509 -0.323440 -0.108815 -0.506054 0.004823 0.205288 0.214531 0.484811 0.309342 0.272619 0.462297 0.616238 0.330323 0.425813 0.004722 0.248185 0.109150 0.008863 0.401922 0.251254 -0.225976 -0.340608 -0.234724 -0.016533 0.057229 -0.039435 0.340396 0.309277 0.340709 0.170197 0.278245 0.086400 0.247942 0.218811 0.397301 0.542739 -0.366923 0.291723 0.387570 0.284757 0.148263 -0.174455 -0.032714 -0.317903 -0.128942 0.023467 -0.003388 0.021987 -0.262353 -0.024647 0.287499 -0.099313 0.177798 -0.176639 -0.210706 -0.587332 0.225884 0.340739 -0.187155 -0.137997 -0.316340 -0.275997 -0.436076 -0.434217 -0.261461 -0.335846
-0.044183 -0.180234 1.000000 0.540957 0.318760 0.275431 0.661414 0.294140 0.391972 0.212347 0.075148 0.052021 0.295227 0.111527 0.211607 0.110184 -0.244030 -0.387547 0.156351 -0.171065 -0.027492 -0.160934 0.582314 0.446418 0.266663 0.277883 0.160277 0.018606 -0.372355 -0.387635 0.056660 -0.098239 -0.215527 -0.280141 -0.088570 -0.006780 -0.356995 -0.427622 -0.223153 -0.018822 0.003117 -0.420906 0.076676 0.073004 -0.133908 0.017691 -0.207691 -0.067160 0.032389 -0.212845 0.254645 0.074889 0.043746 0.061280 0.080023 -0.431679 -0.553690 -0.579868 -0.260189 -0.217461 -0.223552 -0.186816 -0.380665 -0.526505 0.326403 0.103136 -0.006786 0.244304 -0.087020 0.124718 -0.022630 -0.122079 -0.429398 -0.630838 -0.537799 -0.448027 -0.488230 -0.297154 -0.457142 -0.356680 -0.366142 -0.404650 -0.228378 -0.131390 -0.162941 -0.103368 0.327513 0.144068 0.211693 0.115889 0.210171 0.394875 0.262023 0.460489 0.072301 -0.303037 -0.324226 -0.333005 -0.324879 -0.146565 0.083000 0.185273 0.076567 0.001857 0.007546 0.244276 -0.090526 0.078457 -0.045485 -0.070679 0.237890 -0.185578 -0.115829 0.291236 0.274034 0.114361
0.009997 0.010476 0.540957 1.000000 0.143942 0.393714 0.226286 0.380517 0.237436 0.232249 -0.046620 0.276857 -0.010650 0.183878 0.077254 0.089015 -0.316941 -0.283245 0.196940 -0.079757 0.080375 -0.169390 0.565513 0.522612 0.122510 0.414208 0.061378 0.285780 -0.391918 -0.354668 0.026415 0.055937 -0.126728 -0.076455 0.001885 -0.040790 -0.378218 -0.324152 -0.327368 -0.008358 0.008086 -0.399694 -0.185616 -0.160795 -0.433225 -0.338477 -0.357775 -0.371776 -0.358201 -0.388197 0.061276 -0.173677 0.068213 -0.121283 0.105099 -0.436516 -0.300581 -0.379744 -0.262340 -0.435430 -0.024180 0.146636 -0.317912 -0.358285 0.411437 0.510604 -0.150301 0.161241 0.168195 0.348609 -0.118666 -0.132822 -0.392911 -0.532886 -0.351238 -0.282285 -0.363307 -0.110323 -0.378851 -0.377780 -0.395869 -0.478587 -0.272360 -0.162716 0.061357 0.001245 0.255701 0.191655 0.469093 0.492150 0.012155 0.211203 0.467255 0.389116 -0.035389 -0.145779 -0.458396 -0.142517 -0.466740 -0.180167 0.359062 0.123436 0.292601 0.058148 0.220721 0.243673 -0.124274 0.114221 -0.056905 -0.202807 -0.028655 -0.183826 -0.179840 0.326560 0.384464 0.385726
-0.281329 -0.373391 0.318760 0.143942 1.000000 0.601739 0.423264 0.228664 0.746516 0.548370 0.027618 -0.001892 0.341367 0.216385 0.608882 0.561374 -0.308477 -0.477644 -0.243622 -0.227845 0.438529 0.192309 0.417211 0.394691 0.590496 0.194974 0.701260 0.152465 -0.076940 -0.114361 0.419148 -0.029536 -0.499586 -0.639044 -0.087608 -0.072427 -0.454744 -0.495594 -0.297327 -0.299409 0.027293 -0.369396 0.321520 0.358055 0.153076 0.192168 0.195344 0.201133 0.151010 0.125523 0.327734 0.323029 0.244094 0.478065 -0.089096 -0.292665 -0.421072 -0.469454 -0.261290 -0.072052 -0.452690 -0.332906 -0.486065 -0.528348 0.191676 -0.040911 -0.439384 -0.042287 -0.155403 0.036216 0.003101 -0.025826 -0.097314 -0.306099 -0.235127 -0.194236 -0.550306 -0.599706 -0.460056 -0.476271 -0.471687 -0.473889 -0.234289 -0.090989 -0.237186 -0.223591 0.212579 -0.179149 0.089528 -0.049547 0.033251 0.432565 0.333858 0.591943 -0.094115 -0.391387 -0.448141 -0.227835 -0.085756 -0.223585 0.060642 0.134654 0.144651 -0.047285 -0.078701 0.323303 -0.022509 -0.228758 -0.105078 -0.225056 -0.083414 -0.004964 0.387913 0.294534 0.234538 0.080854
-0.341230 -0.378781 0.275431 0.393714 0.601739 1.000000 0.121152 0.254042 0.451781 0.506559 -0.205572 0.058092 -0.045660 0.381146 0.118494 0.320138 -0.472116 -0.408310 -0.260829 -0.301567 0.214997 0.090884 0.610098 0.504880 0.710880 0.425979 0.790009 0.576647 -0.289002 -0.245821 0.371832 0.145938 -0.488227 -0.492184 -0.035968 -0.023319 -0.533816 -0.493788 -0.407681 -0.388219 -0.189119 -0.394249 0.289690 0.359880 0.078397 0.132434 0.196904 0.106932 0.114034 0.110484 0.413544 0.290353 0.333768 0.364447 -0.129732 -0.384724 -0.328811 -0.403608 -0.231148 -0.132858 -0.301746 -0.038103 -0.397789 -0.422602 0.247364 0.157652 -0.199370 0.092748 -0.138669 0.034007 -0.063471 -0.042850 -0.143347 -0.310422 -0.158764 -0.121453 -0.546331 -0.548549 -0.547525 -0.423536 -0.553897 -0.506409 -0.533970 -0.407107 -0.142259 -0.367628 0.347002 -0.067258 0.024838 -0.004235 -0.125825 0.160543 0.333589 0.387916 -0.149734 -0.434032 -0.311468 -0.204791 -0.087565 -0.231427 0.090082 -0.112750 0.121963 -0.134355 0.245333 0.270898 -0.446413 -0.260160 -0.230822 -0.432790 -0.047063 0.205333 0.250727 0.357878 0.181900 0.140592
0.022158 -0.108734 0.661414 0.226286 0.423264 0.121152 1.000000 0.413124 0.490447 0.339948 0.227405 0.233066 0.584509 0.197696 0.379696 0.218658 -0.143404 -0.179325 0.247635 -0.179193 -0.114525 -0.199277 0.244544 0.197161 0.131843 -0.108390 0.055767 -0.220357 0.023052 -0.140295 0.093117 -0.124035 -0.179757 -0.185243 -0.204867 -0.351624 -0.436606 -0.519710 -0.266133 -0.357277 -0.018109 -0.348037 0.179751 0.159355 0.117880 0.176941 -0.082197 0.092725 0.143017 0.033075 0.385121 0.173342 0.010890 0.195227 -0.203007 -0.285238 -0.522242 -0.491911 -0.232042 -0.113957 -0.293726 -0.275837 -0.073738 -0.347050 0.422754 -0.043896 -0.166205 -0.011071 -0.296902 -0.136630 -0.104394 -0.267473 -0.223760 -0.417994 -0.344222 -0.289446 -0.404611 -0.302070 -0.459206 -0.320821 -0.250565 -0.309301 -0.049576 0.086199 0.027477 0.199691 -0.031059 0.053635 0.090877 -0.156257 0.134229 0.335026 0.101929 0.338506 -0.054558 -0.360528 -0.507429 -0.412548 -0.306202 -0.378225 -0.067298 0.079622 0.015949 -0.107126 -0.189591 0.126289 0.119482 0.044510 -0.187517 -0.063575 -0.049032 -0.251686 -0.031012 -0.030552 0.254775 -0.109260
0.011579 0.197008 0.294140 0.380517 0.228664 0.254042 0.413124 1.000000 0.309285 0.658147 0.210407 0.650451 0.249750 0.579072 0.173535 0.443968 -0.164085 -0.374120 0.021997 -0.280537 -0.112408 -0.138204 -0.012210 -0.037995 0.020767 -0.080272 0.059316 0.219511 -0.238675 -0.254198 0.041560 0.109243 -0.301991 0.035653 -0.153468 0.042863 -0.503229 -0.483621 -0.397369 -0.122855 -0.273634 -0.452321 -0.249201 -0.195424 -0.277443 -0.052368 -0.383339 -0.342947 -0.001460 -0.229566 0.112052 -0.085903 -0.079506 -0.103090 -0.256515 -0.390535 -0.426132 -0.290747 -0.112405 0.026853 -0.168701 0.236881 -0.256398 -0.311621 0.300908 0.498712 -0.171299 0.163276 -0.038949 0.239452 -0.358359 -0.023677 -0.399162 -0.421631 -0.368167 -0.273378 -0.479093 -0.195318 -0.386867 -0.382278 -0.239792 -0.379597 -0.111529 -0.066379 0.008259 0.088908 -0.153117 -0.037485 0.299193 0.169654 0.406544 0.429782 0.498140 0.208965 0.074197 -0.262763 -0.578995 -0.264847 -0.531253 -0.494400 0.497222 -0.112323 0.404277 -0.231113 -0.361532 -0.102792 0.125129 0.294613 -0.008268 -0.063830 -0.150207 -0.576889 -0.108127 -0.220910 0.072839 -0.042695
-0.120020 -0.260725 0.391972 0.237436 0.746516 0.451781 0.490447 0.309285 1.000000 0.544875 0.199172 0.129927 0.455806 0.339396 0.545358 0.552469 -0.206686 -0.338699 -0.125938 -0.305226 0.033008 -0.124639 0.347240 0.251263 0.481897 0.122452 0.526331 0.182432 -0.095411 -0.173771 0.321096 -0.052362 -0.412728 -0.479497 -0.172116 -0.091851 -0.451137 -0.438091 -0.291711 -0.284222 -0.129830 -0.514913 0.126871 0.203041 0.018483 0.037176 0.008341 0.107039 0.082018 0.071299 0.277072 0.282801 0.257274 0.410537 -0.051145 -0.256032 -0.489163 -0.381673 -0.195963 -0.076393 -0.346451 -0.182129 -0.395903 -0.375274 0.285041 0.054472 -0.509929 -0.162695 -0.063861 0.091541 -0.188984 -0.218962 -0.237799 -0.375450 -0.271123 -0.283056 -0.483671 -0.529360 -0.398476 -0.369868 -0.375413 -0.382095 -0.139817 -0.139199 -0.180309 -0.111446 0.092820 -0.110325 0.149206 -0.055495 0.176471 0.430235 0.293687 0.437031 -0.169690 -0.305717 -0.456523 -0.185575 -0.168927 -0.165135 0.106218 0.125280 0.075096 -0.139675 -0.144742 0.240482 0.007961 -0.255352 -0.150413 -0.051551 -0.194345 -0.159071 0.182003 0.190206 0.055675 -0.071263
-0.174401 -0.080649 0.212347 0.232249 0.548370 0.506559 0.339948 0.658147 0.544875 1.000000 0.074649 0.355245 0.332178 0.648532 0.334183 0.630905 -0.223942 -0.350471 -0.208075 -0.293542 0.129758 0.001500 0.164242 0.176998 0.332304 0.062031 0.345802 0.230301 0.007828 -0.057390 0.373856 0.281187 -0.306072 -0.131993 -0.400734 -0.142379 -0.601981 -0.616166 -0.404498 -0.359252 -0.172045 -0.314528 0.091754 0.167206 0.014392 0.142698 -0.032694 -0.094398 0.090812 0.003245 0.241185 0.088892 0.235896 0.203338 -0.189259 -0.303691 -0.438606 -0.331677 -0.085881 0.084440 -0.293984 0.141325 -0.220099 -0.294263 0.147241 0.194279 -0.273795 -0.062167 -0.027385 0.030921 -0.234331 0.026979 -0.092374 -0.232659 -0.137319 -0.162019 -0.544405 -0.547124 -0.381395 -0.431346 -0.324605 -0.435747 -0.209580 -0.112976 -0.183326 -0.112418 -0.063843 -0.176797 0.074229 -0.037680 0.076802 0.229183 0.304956 0.192762 -0.203578 -0.375357 -0.522384 -0.362796 -0.269501 -0.434092 0.342912 -0.086244 0.248102 -0.163515 -0.189171 -0.029050 -0.036657 -0.066022 -0.121795 -0.177007 -0.242944 -0.172163 0.093734 0.003372 0.032760 -0.003635
0.368930 0.153252 0.075148 -0.046620 0.027618 -0.205572 0.227405 0.210407 0.199172 0.074649 1.000000 0.406929 0.617968 0.253063 0.625087 0.409759 0.713577 0.265479 0.120275 -0.188717 -0.124214 -0.079641 -0.133597 -0.378497 -0.079718 -0.198842 -0.009892 0.111138 0.367601 0.290380 0.014518 -0.044567 -0.175232 -0.029067 -0.043719 -0.018418 0.143171 0.073840 0.100982 0.120696 0.117851 0.022419 -0.223840 -0.099177 -0.329299 -0.306822 -0.297907 -0.139244 -0.253989 -0.283830 -0.166959 -0.185854 -0.370955 -0.010468 0.198262 0.094089 -0.094735 -0.201393 -0.446767 -0.181269 -0.349247 -0.180039 -0.123173 -0.067132 0.152748 -0.026850 -0.212718 -0.267804 0.038780 0.087197 -0.078340 0.050515 0.086556 0.017572 0.132081 -0.016524 0.022493 0.035496 0.130545 0.163297 0.555882 0.319270 0.658260 0.395207 0.441750 0.390322 -0.082039 -0.047371 0.188175 0.219116 -0.046625 -0.046924 -0.159684 -0.198056 0.098711 0.132657 0.056429 0.258578 -0.350924 -0.179251 -0.080080 -0.112164 -0.121175 -0.202494 -0.244788 -0.092000 0.319082 0.099780 0.179119 0.288176 -0.035437 -0.379511 -0.216058 -0.275528 -0.175124 -0.200812
0.248633 0.480775 0.052021 0.276857 -0.001892 0.058092 0.233066 0.650451 0.129927 0.355245 0.406929 1.000000 0.339391 0.567673 0.169378 0.343241 -0.037834 -0.041588 0.007306 -0.352467 -0.190379 -0.043173 -0.148595 -0.168278 -0.056140 -0.061711 -0.063980 0.260807 -0.130832 -0.109523 -0.012564 0.132431 -0.209300 0.189516 -0.072550 0.043343 -0.328165 -0.321671 -0.342665 -0.174042 -0.284856 -0.316877 -0.342389 -0.236631 -0.332000 -0.198060 -0.392308 -0.422977 -0.113146 -0.254023 0.035615 -0.113833 -0.183548 -0.228036 -0.154356 -0.219779 -0.175994 -0.077246 -0.168975 -0.081129 -0.031846 0.334803 -0.143421 -0.115061 0.372180 0.575242 -0.178018 0.009340 0.099492 0.213829 -0.270642 -0.060376 -0.334380 -0.307271 -0.175633 -0.219244 -0.227584 -0.070717 -0.140753 -0.182663 -0.055201 -0.211480 0.083759 0.007018 0.304225 0.440343 -0.332836 -0.012543 0.410678 0.343442 0.113417 0.004417 0.245525 -0.038410 -0.029516 -0.168315 -0.365076 -0.011497 -0.587585 -0.447241 0.256601 -0.229080 0.151745 -0.229786 -0.268411 -0.228043 0.060142 0.179113 -0.135730 -0.108447 -0.261779 -0.492198 -0.214608 -0.229688 -0.007772 -0.197103
0.033160 -0.076154 0.295227 -0.010650 0.341367 -0.045660 0.584509 0.249750 0.455806 0.332178 0.617968 0.339391 1.000000 0.449177 0.696862 0.603344 0.323727 0.034363 0.088941 -0.203790 0.068341 0.077224 -0.008159 0.019402 0.164687 -0.041720 0.120596 -0.077318 0.426481 0.245420 0.344679 0.164762 -0.317370 -0.180820 -0.348104 -0.219344 -0.221827 -0.315798 -0.082742 -0.107331 0.159168 -0.039581 0.170043 0.170477 0.043501 0.059123 0.007457 0.072518 -0.047618 -0.030602 0.114109 0.028381 -0.105245 0.174306 0.026746 -0.067002 -0.458194 -0.448236 -0.390204 -0.167378 -0.382625 -0.344672 -0.162977 -0.306840 0.048503 -0.146146 -0.426631 -0.327881 -0.232294 -0.169095 0.009090 0.103459 0.117297 -0.106367 -0.090511 -0.092903 -0.285561 -0.257710 -0.097008 -0.232920 0.125770 -0.074072 0.346597 0.307413 -0.005352 0.233907 -0.054714 -0.043843 -0.037461 0.010081 -0.108100 0.054589 -0.082905 0.129830 -0.048747 -0.143174 -0.283811 -0.144872 -0.303950 -0.390100 -0.188842 0.037455 -0.055581 -0.070864 -0.292566 0.102268 0.302361 -0.105168 -0.028245 0.153882 -0.097823 -0.302999 -0.038285 -0.058847 0.063392 -0.138298
-0.138333 -0.115184 0.111527 0.183878 0.216385 0.381146 0.197696 0.579072 0.339396 0.648532 0.253063 0.567673 0.449177 1.000000 0.205502 0.658340 -0.088937 -0.050865 -0.186861 -0.474247 0.159722 0.195131 0.175387 0.120630 0.296295 0.059865 0.232479 0.315393 0.121715 0.143245 0.542583 0.591017 -0.367819 -0.018895 -0.319984 -0.033583 -0.518687 -0.508725 -0.392552 -0.293288 -0.051271 -0.224761 0.190030 0.246804 0.064630 0.097679 0.039792 -0.098392 0.062230 0.012857 0.276059 0.096802 0.110358 0.218485 -0.099984 -0.259876 -0.340803 -0.311928 -0.292049 -0.154104 -0.368009 0.035339 -0.180137 -0.286587 0.119788 0.258659 -0.296534 -0.140780 -0.171062 -0.145948 -0.182256 0.238525 0.021674 -0.097702 -0.020169 -0.100001 -0.494643 -0.426957 -0.428769 -0.300761 -0.206242 -0.237848 -0.102158 -0.037267 -0.040063 -0.010214 -0.028388 -0.176381 -0.049065 0.054100 -0.120533 -0.004994 0.156169 0.026919 -0.259148 -0.353414 -0.384406 -0.240112 -0.257522 -0.547317 0.132020 -0.232430 0.203334 -0.115372 -0.099625 -0.009324 -0.016892 -0.015978 -0.176628 -0.064003 -0.247315 -0.201013 0.092725 -0.026594 -0.031155 -0.137129
0.015083 -0.085212 0.211607 0.077254 0.608882 0.118494 0.379696 0.173535 0.545358 0.334183 0.625087 0.169378 0.696862 0.205502 1.000000 0.702197 0.348873 -0.137539 0.058714 -0.068428 0.339881 0.194673 0.144452 0.042283 0.296583 0.075131 0.416525 0.162822 0.292123 0.162869 0.340428 0.022978 -0.282598 -0.364981 -0.233656 -0.179616 -0.122370 -0.259447 -0.032597 -0.011042 0.222793 -0.075301 0.077145 0.086584 -0.164192 -0.149695 -0.025181 0.049065 -0.155618 -0.131986 0.069661 0.028490 -0.017849 0.339564 0.165814 -0.013278 -0.331440 -0.395885 -0.484393 -0.167906 -0.546330 -0.358949 -0.397981 -0.374891 0.041209 -0.209259 -0.478278 -0.286354 -0.061830 0.055954 -0.018782 -0.005604 0.101922 -0.143777 -0.061658 -0.166698 -0.301490 -0.387051 -0.117083 -0.331172 0.086641 -0.140606 0.446441 0.327928 0.047090 0.076811 0.157084 0.068315 0.119446 0.113164 -0.091612 0.234945 0.102409 0.337206 -0.032479 -0.176194 -0.182246 -0.026187 -0.238234 -0.210281 0.002397 0.158045 0.033613 -0.010042 -0.193147 0.182797 0.284737 -0.054661 0.051295 0.001335 -0.131785 -0.188386 0.146309 0.131570 0.154846 -0.038048
-0.155515 -0.131940 0.110184 0.089015 0.561374 0.320138 0.218658 0.443968 0.552469 0.630905 0.409759 0.343241 0.603344 0.658340 0.702197 1.000000 0.143561 -0.175702 -0.133812 -0.272986 0.333655 0.252475 0.101663 0.081959 0.314039 0.075181 0.462746 0.281244 0.224052 0.238945 0.473810 0.307096 -0.380760 -0.246130 -0.337347 -0.075039 -0.304036 -0.358464 -0.178767 -0.107727 0.165605 -0.098822 0.152659 0.174105 -0.090637 -0.054151 0.088809 -0.026872 -0.087524 -0.095142 0.117971 0.012503 0.098894 0.330063 0.035042 -0.063735 -0.491208 -0.433010 -0.363875 -0.131388 -0.479984 -0.121345 -0.353613 -0.427530 -0.010257 0.072166 -0.502069 -0.298663 -0.109920 -0.019500 -0.034686 0.189366 0.136075 -0.026745 -0.025705 -0.059939 -0.444794 -0.466652 -0.231840 -0.376482 -0.085856 -0.163056 0.175885 0.236748 -0.174528 -0.059210 0.164850 -0.114752 -0.005560 0.137450 -0.108899 0.186810 0.202199 0.298240 -0.170308 -0.293763 -0.319060 -0.218390 -0.240008 -0.446019 0.130983 0.081905 0.266221 0.019954 -0.229654 0.119040 0.222779 -0.112059 -0.040437 0.012551 -0.285448 -0.239228 0.206717 0.084287 0.064699 -0.102722
0.246470 0.101345 -0.244030 -0.316941 -0.308477 -0.472116 -0.143404 -0.164085 -0.206686 -0.223942 0.713577 -0.037834 0.323727 -0.088937 0.348873 0.143561 1.000000 0.446588 0.170631 0.157993 -0.120169 0.028456 -0.368858 -0.439541 -0.323974 -0.327264 -0.276825 -0.126677 0.561117 0.509904 -0.098918 -0.038615 0.117982 0.144199 -0.021057 -0.037206 0.547572 0.477633 0.450906 0.362363 0.325099 0.408792 -0.138945 -0.131486 -0.240940 -0.289881 -0.063236 -0.044085 -0.370627 -0.265202 -0.382602 -0.335049 -0.318835 -0.069431 0.342668 0.425127 0.167172 0.067098 -0.226639 -0.118190 -0.111632 -0.139817 0.185503 0.222144 -0.198112 -0.298715 -0.046294 -0.407522 0.033011 -0.108791 0.051882 0.145904 0.452831 0.462085 0.404001 0.246889 0.348117 0.251892 0.530292 0.351673 0.865344 0.571095 0.814987 0.531233 0.296896 0.296271 -0.023082 0.026642 -0.168536 0.144219 -0.222058 -0.229578 -0.409107 -0.424480 0.115384 0.485385 0.305694 0.362082 0.008239 0.149102 -0.122199 -0.108346 -0.111812 -0.054409 -0.061088 -0.114582 0.364945 0.011297 0.245578 0.422861 -0.030159 -0.107806 -0.196841 -0.293752 -0.242009 -0.073388
0.377434 0.202360 -0.387547 -0.283245 -0.477644 -0.408310 -0.179325 -0.374120 -0.338699 -0.350471 0.265479 -0.041588 0.034363 -0.050865 -0.137539 -0.175702 0.446588 1.000000 0.286949 0.182020 -0.208056 -0.271013 -0.327215 -0.411234 -0.506205 -0.517141 -0.426749 -0.256568 0.507920 0.528115 -0.233266 -0.131976 0.226144 0.311261 0.010225 -0.228904 0.378652 0.403832 0.123356 -0.115938 0.081367 0.400791 -0.032237 -0.044043 -0.019280 -0.195662 -0.000452 -0.082169 -0.181522 -0.080016 -0.160811 -0.272806 -0.117717 -0.158938 0.102908 0.242385 0.425100 0.446320 -0.007502 -0.213340 0.201277 0.143649 0.571604 0.616489 0.048903 -0.106423 -0.052053 -0.478806 0.149949 -0.334015 0.048643 -0.092287 0.417630 0.585577 0.594078 0.432079 0.633421 0.375252 0.413819 0.706887 0.554033 0.615540 0.257737 0.259678 0.554494 0.330878 -0.302617 -0.042355 0.006530 -0.096255 -0.313651 -0.418395 -0.369226 -0.489472 -0.110961 0.256557 0.217943 0.168970 0.170667 0.002551 -0.233484 -0.148259 -0.073406 0.006729 0.226382 -0.233980 0.021266 -0.029788 -0.009848 0.292491 -0.269331 0.140486 -0.232631 -0.272859 -0.194728 -0.110566
0.572034 0.467467 0.156351 0.196940 -0.243622 -0.260829 0.247635 0.021997 -0.125938 -0.208075 0.120275 0.007306 0.088941 -0.186861 0.058714 -0.133812 0.170631 0.286949 1.000000 0.551931 -0.363481 -0.500491 -0.194212 -0.241373 -0.463283 -0.346144 -0.342293 -0.242715 0.134873 -0.012735 -0.370968 -0.316282 0.459193 0.455806 -0.028021 -0.253054 0.131936 0.055489 -0.054857 0.044268 0.049784 0.217760 -0.286843 -0.338288 -0.245814 -0.222478 -0.192382 -0.142016 -0.312064 -0.208673 -0.337437 -0.372033 -0.190882 -0.257377 0.135328 0.155551 0.134723 0.137778 -0.057815 -0.132183 0.267233 0.236772 0.330305 0.218513 0.194791 -0.032296 -0.029655 -0.214548 0.167946 -0.038836 -0.187202 -0.424484 -0.033016 -0.022117 0.058310 -0.104142 0.261306 0.115931 0.010783 0.120808 0.187581 0.130118 0.281349 0.269399 0.371360 0.197601 0.084594 0.405118 0.255685 0.039552 -0.043290 -0.082413 -0.133190 -0.018601 -0.053341 0.044726 -0.100172 -0.033456 -0.121396 -0.113452 0.178703 0.054626 0.177563 -0.017762 0.165775 -0.052376 0.230659 0.198948 -0.060272 -0.022324 -0.166970 -0.034001 -0.389728 -0.221380 0.148869 -0.079642
0.264041 0.309824 -0.171065 -0.079757 -0.227845 -0.301567 -0.179193 -0.280537 -0.305226 -0.293542 -0.188717 -0.352467 -0.203790 -0.474247 -0.068428 -0.272986 0.157993 0.182020 0.551931 1.000000 -0.129606 -0.195591 -0.244374 -0.093816 -0.445842 -0.315312 -0.302018 -0.270525 0.099437 0.040754 -0.388759 -0.382445 0.504574 0.335184 -0.039519 -0.103802 0.183745 0.271498 0.079277 0.285962 0.155765 0.318340 -0.229214 -0.285556 -0.181207 -0.078875 -0.099987 -0.076782 -0.330566 -0.127095 -0.397251 -0.288942 -0.136234 -0.219976 0.199347 0.205813 0.274151 0.262063 0.048144 0.053212 0.270599 0.112926 0.392296 0.255171 -0.215019 -0.225400 -0.034498 -0.004415 0.252379 0.171104 -0.202583 -0.285032 0.115188 0.118607 0.063226 -0.036421 0.330942 0.138781 0.186016 0.151085 0.262657 0.223812 0.194253 0.273251 0.115664 0.013682 0.072703 0.183024 0.073483 0.033778 -0.036799 -0.003439 -0.153852 -0.069481 -0.000965 0.209359 0.068183 0.123745 0.090503 0.266987 0.162840 0.075065 0.081065 0.011653 0.104050 -0.032173 0.225462 0.087707 0.096300 0.039438 -0.063277 0.065128 -0.177150 -0.019351 0.051468 0.212769
-0.390752 -0.442816 -0.027492 0.080375 0.438529 0.214997 -0.114525 -0.112408 0.033008 0.129758 -0.124214 -0.190379 0.068341 0.159722 0.339881 0.333655 -0.120169 -0.208056 -0.363481 -0.129606 1.000000 0.683527 0.402376 0.487289 0.381812 0.350310 0.362481 0.084194 0.171073 0.193344 0.567989 0.385013 -0.302103 -0.348005 -0.118909 -0.028532 -0.057540 -0.150522 0.104852 0.034451 0.485451 0.086063 0.422806 0.352170 0.138196 -0.020588 0.359794 0.148575 -0.010981 0.053294 0.222989 0.160688 0.204396 0.409416 0.160648 -0.057502 -0.035371 -0.292541 -0.314647 -0.310726 -0.388711 -0.368014 -0.315005 -0.304509 -0.194875 -0.162959 -0.341850 -0.140672 -0.236246 -0.169580 0.238066 0.423937 0.277677 0.035433 0.078434 0.098169 -0.305891 -0.275764 -0.188775 -0.362608 -0.275307 -0.273869 -0.078308 0.083298 -0.234087 -0.306582 0.199081 -0.133162 -0.106050 0.143365 -0.275434 0.124156 0.188081 0.388585 -0.031076 -0.217916 0.014105 -0.079405 0.151016 -0.032787 -0.029090 0.202864 0.152940 0.370696 0.160093 0.360729 0.030941 -0.095933 0.101278 -0.114883 0.012663 0.160653 0.524430 0.433815 0.361780 0.179757
-0.427196 -0.345155 -0.160934 -0.169390 0.192309 0.090884 -0.199277 -0.138204 -0.124639 0.001500 -0.079641 -0.043173 0.077224 0.195131 0.194673 0.252475 0.028456 -0.271013 -0.500491 -0.195591 0.683527 1.000000 0.176714 0.362330 0.425268 0.432040 0.232288 0.235230 0.071717 0.189019 0.488890 0.491873 -0.217947 -0.269041 0.021519 0.211221 0.066973 0.066113 0.296357 0.270762 0.423531 0.171340 0.271455 0.198872 0.126443 0.063791 0.285415 0.089272 -0.039287 -0.010210 0.097668 0.068058 0.108838 0.243970 0.238250 0.106656 -0.076490 -0.208623 -0.210697 -0.117654 -0.262980 -0.405569 -0.197380 -0.263488 -0.387320 -0.226389 -0.099358 -0.000726 -0.269033 -0.147156 0.196482 0.491831 0.248153 0.083506 0.018755 0.095143 -0.276273 -0.148702 -0.018806 -0.404048 -0.054044 -0.163924 0.087238 0.079444 -0.342150 -0.164985 0.200688 -0.032871 -0.311574 0.212449 -0.278753 -0.039405 -0.101492 0.068694 -0.025023 0.019789 0.205115 0.081463 0.116134 0.077766 -0.153793 -0.038624 -0.065803 0.081912 -0.040328 0.197718 0.021036 -0.201770 0.011449 -0.073403 0.111142 0.047993 0.442520 0.290825 0.173190 0.096935
-0.342259 -0.592888 0.582314 0.565513 0.417211 0.610098 0.244544 -0.012210 0.347240 0.164242 -0.133597 -0.148595 -0.008159 0.175387 0.144452 0.101663 -0.368858 -0.327215 -0.194212 -0.244374 0.402376 0.176714 1.000000 0.793072 0.629527 0.572699 0.482781 0.299356 -0.325772 -0.305349 0.471997 0.257351 -0.356294 -0.499318 0.090273 0.003977 -0.333061 -0.360188 -0.159178 -0.080472 0.157785 -0.368588 0.362921 0.379299 0.010663 -0.000153 0.083773 0.089899 -0.002405 -0.038957 0.454547 0.266329 0.170500 0.405163 0.096513 -0.485310 -0.233100 -0.497180 -0.458850 -0.413234 -0.432573 -0.382953 -0.448944 -0.552577 0.283417 0.025281 -0.085284 0.204332 -0.132039 0.065844 0.025565 0.070601 -0.220344 -0.441396 -0.290945 -0.300840 -0.523110 -0.465015 -0.578299 -0.367562 -0.529390 -0.419605 -0.387679 -0.327643 -0.146982 -0.475611 0.501213 -0.073820 0.093123 0.074428 -0.100912 0.198545 0.240464 0.469712 -0.111993 -0.321149 -0.202660 -0.214958 -0.103550 -0.113096 0.022208 0.070068 -0.015148 0.119572 0.257955 0.454160 -0.337478 -0.166247 -0.070499 -0.182904 0.160484 0.126700 0.143829 0.546545 0.322931 0.253237
-0.422909 -0.541951 0.446418 0.522612 0.394691 0.504880 0.197161 -0.037995 0.251263 0.176998 -0.378497 -0.168278 0.019402 0.120630 0.042283 0.081959 -0.439541 -0.411234 -0.241373 -0.093816 0.487289 0.362330 0.793072 1.000000 0.529384 0.581932 0.309192 0.087363 -0.237028 -0.304129 0.423893 0.288990 -0.336955 -0.459243 0.031486 0.015005 -0.398324 -0.327143 -0.089290 -0.000178 0.312680 -0.266328 0.391022 0.374997 0.129326 0.138840 0.209073 0.092872 -0.056769 0.005201 0.271419 0.163211 0.246257 0.268834 0.125835 -0.399838 -0.276806 -0.510168 -0.310490 -0.393609 -0.235112 -0.356771 -0.317386 -0.542846 0.109791 0.048212 -0.195963 0.144842 -0.194590 0.015906 0.009226 0.088035 -0.158573 -0.460403 -0.359886 -0.215537 -0.545802 -0.393967 -0.424583 -0.551701 -0.557742 -0.531440 -0.432899 -0.291353 -0.315357 -0.442631 0.446152 -0.039976 0.022144 0.196883 -0.180068 0.160508 0.208473 0.494974 -0.072356 -0.238969 -0.249625 -0.207735 -0.085356 -0.039661 0.085684 0.154556 0.091981 0.212422 0.199469 0.508951 -0.236452 -0.212071 -0.009841 -0.167865 0.192660 0.104455 0.204821 0.611769 0.468702 0.390532
-0.435459 -0.574303 0.266663 0.122510 0.590496 0.710880 0.131843 0.020767 0.481897 0.332304 -0.079718 -0.056140 0.164687 0.296295 0.296583 0.314039 -0.323974 -0.506205 -0.463283 -0.445842 0.381812 0.425268 0.629527 0.529384 1.000000 0.670263 0.798514 0.508112 -0.267410 -0.221306 0.587270 0.291033 -0.467269 -0.549691 0.031342 0.146993 -0.349274 -0.399602 -0.087439 -0.164608 -0.054656 -0.370238 0.420705 0.424565 0.204546 0.188423 0.252246 0.239638 0.148593 0.140852 0.406791 0.354350 0.189692 0.482446 -0.086220 -0.373269 -0.239538 -0.446830 -0.267402 -0.139272 -0.395719 -0.302948 -0.580470 -0.507422 0.108226 -0.085881 -0.172768 0.071362 -0.171280 -0.030876 0.132325 0.149200 -0.128667 -0.343807 -0.235098 -0.158773 -0.565252 -0.552014 -0.430262 -0.538583 -0.498009 -0.476679 -0.370785 -0.456736 -0.397111 -0.454366 0.395507 -0.129781 -0.099350 -0.135337 -0.077555 0.165985 0.209293 0.409122 -0.032072 -0.389915 -0.081071 -0.070699 -0.039812 -0.089890 -0.105890 0.019904 -0.172962 -0.000981 0.100918 0.396331 -0.357482 -0.318753 -0.093575 -0.266198 0.216301 0.143434 0.370656 0.413591 0.180439 0.072542
-0.369060 -0.356176 0.277883 0.414208 0.194974 0.425979 -0.108390 -0.080272 0.122452 0.062031 -0.198842 -0.061711 -0.041720 0.059865 0.075131 0.075181 -0.327264 -0.517141 -0.346144 -0.315312 0.350310 0.432040 0.572699 0.581932 0.670263 1.000000 0.421787 0.530119 -0.418280 -0.293707 0.295411 0.289990 -0.150826 -0.268007 0.057389 0.291262 -0.113000 -0.121133 0.110070 0.227292 0.068207 -0.150698 0.089150 0.040885 -0.105050 -0.084781 -0.027052 -0.028303 -0.075038 -0.129499 0.140766 0.059754 0.149708 0.056865 0.051693 -0.284811 -0.191974 -0.342469 -0.125979 -0.163043 -0.164510 -0.141833 -0.457314 -0.383223 -0.038774 0.081396 0.077556 0.246291 0.027629 0.199355 0.225695 0.205996 -0.221204 -0.364821 -0.336083 -0.062368 -0.314348 -0.109201 -0.232215 -0.474399 -0.397481 -0.412504 -0.287731 -0.421642 -0.420259 -0.400105 0.446150 0.211968 0.059413 0.233439 -0.041526 0.055809 0.213318 0.412758 0.087366 -0.144781 0.110503 0.032856 -0.139872 0.057959 -0.025165 0.281293 -0.108720 0.279069 0.151345 0.290771 -0.249987 -0.121243 0.009102 -0.295245 0.367336 0.096123 0.176021 0.520066 0.348403 0.260348
-0.365009 -0.427672 0.160277 0.061378 0.701260 0.790009 0.055767 0.059316 0.526331 0.345802 -0.009892 -0.063980 0.120596 0.232479 0.416525 0.462746 -0.276825 -0.426749 -0.342293 -0.302018 0.362481 0.232288 0.482781 0.309192 0.798514 0.421787 1.000000 0.577335 -0.176347 -0.142825 0.469361 0.095425 -0.526264 -0.623494 -0.030906 0.070275 -0.315190 -0.376166 -0.212191 -0.248327 -0.144830 -0.317385 0.333707 0.402944 0.152549 0.148636 0.307787 0.262634 0.236238 0.218939 0.409459 0.389651 0.240665 0.511658 -0.093718 -0.230079 -0.305243 -0.364030 -0.221601 -0.000198 -0.409225 -0.232435 -0.569792 -0.454598 0.094360 -0.125987 -0.288483 0.012884 -0.177473 0.007384 0.056350 0.053205 -0.076293 -0.226635 -0.170581 -0.128387 -0.477170 -0.549599 -0.440345 -0.363270 -0.454826 -0.367636 -0.274067 -0.275536 -0.257795 -0.443771 0.363521 -0.118405 -0.030847 -0.148621 -0.024000 0.226428 0.251317 0.471949 -0.043336 -0.439635 -0.116750 -0.100888 0.065488 -0.124700 -0.118186 0.035706 -0.113503 -0.069506 0.104416 0.302612 -0.346637 -0.302759 -0.133859 -0.261362 -0.014800 0.176691 0.394560 0.326725 0.075974 -0.047527
-0.144221 -0.000757 0.018606 0.285780 0.152465 0.576647 -0.220357 0.219511 0.182432 0.230301 0.111138 0.260807 -0.077318 0.315393 0.162822 0.281244 -0.126677 -0.256568 -0.242715 -0.270525 0.084194 0.235230 0.299356 0.087363 0.508112 0.530119 0.577335 1.000000 -0.308279 -0.116315 0.167724 0.172160 -0.308807 -0.264999 -0.072753 0.147822 -0.120607 -0.088775 -0.106500 -0.031715 -0.217870 -0.210643 -0.092919 -0.035070 -0.327469 -0.295518 -0.074101 -0.055921 -0.024659 -0.140704 0.215305 0.106239 0.161098 0.160175 0.069172 -0.096044 -0.121243 -0.103744 -0.174615 -0.034307 -0.263129 0.068383 -0.376795 -0.180108 -0.050871 0.077134 -0.100962 0.018278 0.026334 0.176729 -0.043529 0.043413 -0.135004 -0.174094 -0.091464 -0.027805 -0.174713 -0.121336 -0.253186 -0.237152 -0.133547 -0.194362 -0.099997 -0.208969 -0.012331 -0.137010 0.306193 0.259507 0.129260 0.183218 0.011864 -0.028444 0.172858 0.023728 -0.100950 -0.233286 0.060756 0.005422 -0.147209 -0.071157 0.018203 -0.103412 -0.081962 -0.199851 0.104902 -0.044364 -0.310439 -0.150175 -0.225090 -0.310729 -0.070554 0.039581 0.104960 0.257231 -0.045288 -0.068388
0.081343 -0.111345 -0.372355 -0.391918 -0.076940 -0.289002 0.023052 -0.238675 -0.095411 0.007828 0.367601 -0.130832 0.426481 0.121715 0.292123 0.224052 0.561117 0.507920 0.134873 0.099437 0.171073 0.071717 -0.325772 -0.237028 -0.267410 -0.418280 -0.176347 -0.308279 1.000000 0.751887 0.245286 0.221962 0.073077 0.129059 -0.398786 -0.508580 0.287472 0.180892 0.345003 -0.140605 0.510845 0.593414 0.269657 0.258190 0.231178 0.015141 0.377130 0.317273 -0.065723 0.208413 -0.085027 -0.039940 0.092357 0.248419 0.222426 0.555671 0.056582 -0.045709 -0.197971 -0.150741 -0.183772 -0.274908 0.387839 0.300692 -0.278603 -0.451263 -0.309788 -0.666380 -0.305698 -0.524015 0.069083 0.130314 0.810185 0.604002 0.619463 0.453517 0.261826 0.008491 0.372806 0.302714 0.508052 0.471855 0.500711 0.528292 0.205043 0.199819 -0.168392 -0.020286 -0.432313 -0.229150 -0.580870 -0.457915 -0.539937 -0.391741 -0.079942 0.228071 0.233664 0.068834 0.218960 -0.105770 -0.357118 -0.058966 -0.094281 0.029235 0.032953 -0.002960 0.216189 -0.247867 0.120324 0.245073 -0.261177 0.228306 0.076286 -0.085116 -0.082241 -0.178324
0.023457 -0.080759 -0.387635 -0.354668 -0.114361 -0.245821 -0.140295 -0.254198 -0.173771 -0.057390 0.290380 -0.109523 0.245420 0.143245 0.162869 0.238945 0.509904 0.528115 -0.012735 0.040754 0.193344 0.189019 -0.305349 -0.304129 -0.221306 -0.293707 -0.142825 -0.116315 0.751887 1.000000 0.199042 0.195539 0.208818 0.177050 -0.313248 -0.384722 0.350719 0.322154 0.338970 -0.029856 0.396473 0.552100 0.257460 0.181122 0.102298 -0.145674 0.323368 0.158643 -0.180414 0.044834 -0.097773 -0.157901 0.179425 0.214068 0.242370 0.488713 0.082078 -0.049637 -0.159313 -0.211808 -0.127721 -0.165714 0.356959 0.334415 -0.333262 -0.351919 -0.252120 -0.615864 -0.160007 -0.505652 0.180796 0.256114 0.823320 0.753195 0.701758 0.526001 0.370539 0.152197 0.413886 0.405007 0.503189 0.574628 0.378409 0.508739 0.057782 0.234430 -0.022114 -0.048455 -0.366138 -0.131565 -0.569903 -0.486964 -0.486217 -0.418336 -0.082135 0.227838 0.317228 0.132843 0.273329 -0.055973 -0.482955 -0.006404 -0.081339 0.119858 0.193234 -0.023081 0.095559 -0.291673 -0.100142 0.192707 -0.279172 0.243563 0.059436 -0.058682 -0.125470 -0.082233
-0.451023 -0.600561 0.056660 0.026415 0.419148 0.371832 0.093117 0.041560 0.321096 0.373856 0.014518 -0.012564 0.344679 0.542583 0.340428 0.473810 -0.098918 -0.233266 -0.370968 -0.388759 0.567989 0.488890 0.471997 0.423893 0.587270 0.295411 0.469361 0.167724 0.245286 0.199042 1.000000 0.821255 -0.390390 -0.365935 -0.154233 -0.104012 -0.281635 -0.410614 -0.070536 -0.171691 0.241667 -0.067232 0.588521 0.557542 0.397143 0.301439 0.482865 0.317783 0.199677 0.273709 0.403260 0.296554 0.257439 0.568373 0.046255 -0.128563 -0.282717 -0.409807 -0.426942 -0.273502 -0.491596 -0.439029 -0.417238 -0.436463 -0.034984 -0.152409 -0.299934 -0.145089 -0.417611 -0.324198 0.051409 0.434607 0.243512 0.025128 0.087393 -0.115673 -0.510941 -0.618680 -0.362607 -0.330051 -0.348430 -0.272861 -0.042297 -0.055346 -0.280054 -0.416702 0.312922 -0.174201 -0.357748 -0.235241 -0.271151 -0.079594 -0.031547 0.146566 -0.214599 -0.329173 -0.097289 -0.195182 0.164883 -0.314989 -0.203061 -0.088474 -0.178338 0.039849 -0.041563 0.309534 -0.132944 -0.363048 -0.119492 -0.004496 -0.001657 0.227907 0.363977 0.278485 0.069863 0.005975
-0.329734 -0.363223 -0.098239 0.055937 -0.029536 0.145938 -0.124035 0.109243 -0.052362 0.281187 -0.044567 0.132431 0.164762 0.591017 0.022978 0.307096 -0.038615 -0.131976 -0.316282 -0.382445 0.385013 0.491873 0.257351 0.288990 0.291033 0.289990 0.095425 0.172160 0.221962 0.195539 0.821255 1.000000 -0.195832 -0.034914 -0.157421 -0.067507 -0.184957 -0.281606 -0.014878 -0.015443 0.239484 0.123879 0.384592 0.366738 0.297429 0.238290 0.341900 0.157688 0.116373 0.205679 0.196546 0.096851 0.147532 0.260708 0.050752 0.005189 -0.135990 -0.219913 -0.254388 -0.152821 -0.258643 -0.213105 -0.176733 -0.237612 -0.171225 -0.023397 -0.018915 -0.044824 -0.326019 -0.285325 0.011528 0.533992 0.226402 0.112246 0.115587 -0.014287 -0.341375 -0.330955 -0.197546 -0.229287 -0.191444 -0.162550 0.067532 0.009390 -0.199878 -0.317335 0.208040 -0.051952 -0.367943 -0.100315 -0.304291 -0.306727 -0.170489 -0.144074 -0.242782 -0.167837 0.039072 -0.145354 0.086976 -0.304599 -0.129231 -0.158850 -0.133667 0.050172 -0.100083 0.076142 -0.084002 -0.175395 -0.114836 0.066603 0.029729 0.144887 0.151109 0.133275 -0.036001 0.030668
0.355219 0.385846 -0.215527 -0.126728 -0.499586 -0.488227 -0.179757 -0.301991 -0.412728 -0.306072 -0.175232 -0.209300 -0.317370 -0.367819 -0.282598 -0.380760 0.117982 0.226144 0.459193 0.504574 -0.302103 -0.217947 -0.356294 -0.336955 -0.467269 -0.150826 -0.526264 -0.308807 0.073077 0.208818 -0.390390 -0.195832 1.000000 0.769776 -0.035848 -0.119446 0.286088 0.295694 0.199088 0.169096 -0.003714 0.405098 -0.255288 -0.374763 -0.098768 -0.150465 -0.153009 -0.154262 -0.247302 -0.113607 -0.328590 -0.343768 -0.033577 -0.324972 0.080871 0.286957 0.343827 0.395083 0.275959 0.135524 0.416264 0.337341 0.536251 0.486857 -0.106003 -0.097594 0.344109 -0.000902 0.360703 0.069955 -0.045761 -0.298627 0.184396 0.302645 0.250972 0.073239 0.388895 0.288519 0.332385 0.317040 0.258265 0.386808 0.145224 0.140647 0.005872 0.165869 0.009383 0.280816 -0.017845 -0.079862 -0.148099 -0.321815 -0.263554 -0.267366 0.004233 0.244098 0.324804 0.153170 0.146126 0.153801 0.013095 0.171083 0.083808 0.230990 0.182763 -0.155443 0.180837 0.169160 0.034854 -0.017620 -0.023075 0.194135 -0.269140 -0.142584 -0.008911 0.009263
0.382885 0.549698 -0.280141 -0.076455 -0.639044 -0.492184 -0.185243 0.035653 -0.479497 -0.131993 -0.029067 0.189516 -0.180820 -0.018895 -0.364981 -0.246130 0.144199 0.311261 0.455806 0.335184 -0.348005 -0.269041 -0.499318 -0.459243 -0.549691 -0.268007 -0.623494 -0.264999 0.129059 0.177050 -0.365935 -0.034914 0.769776 1.000000 -0.071452 -0.033473 0.221757 0.212873 0.097316 0.144467 -0.096559 0.329049 -0.445255 -0.517408 -0.226788 -0.197288 -0.345330 -0.402957 -0.293781 -0.255458 -0.406825 -0.480795 -0.193111 -0.496306 -0.002096 0.176108 0.309337 0.411076 0.276653 0.060130 0.526463 0.591729 0.507100 0.526780 0.018014 0.243716 0.295005 -0.039241 0.367574 0.082302 -0.075734 -0.144704 0.152521 0.268863 0.230375 0.169517 0.366894 0.328601 0.319039 0.291663 0.286696 0.266615 0.133946 0.096380 0.132609 0.252865 -0.307729 0.140222 0.059301 0.044090 -0.079104 -0.288039 -0.139487 -0.369321 -0.049808 0.183091 0.144231 0.096228 -0.107902 -0.037870 0.170573 -0.051250 0.180311 0.127387 0.023598 -0.306575 0.204080 0.259189 0.068498 -0.003984 -0.122022 -0.089809 -0.330791 -0.377281 -0.011522 -0.103606
0.176067 -0.077153 -0.088570 0.001885 -0.087608 -0.035968 -0.204867 -0.153468 -0.172116 -0.400734 -0.043719 -0.072550 -0.348104 -0.319984 -0.233656 -0.337347 -0.021057 0.010225 -0.028021 -0.039519 -0.118909 0.021519 0.090273 0.031486 0.031342 0.057389 -0.030906 -0.072753 -0.398786 -0.313248 -0.154233 -0.157421 -0.035848 -0.071452 1.000000 0.591416 0.202666 0.263745 0.049311 0.332222 -0.090010 -0.165024 -0.186929 -0.166194 -0.036845 0.079435 -0.206737 -0.162393 -0.200156 -0.234036 -0.339175 -0.277370 -0.396492 -0.297409 -0.042664 -0.263828 0.303180 0.084215 -0.081242 -0.191493 0.282852 0.003361 -0.167519 -0.033433 0.356169 0.310342 0.327203 0.380515 0.229570 0.280786 -0.022173 -0.017195 -0.359957 -0.135562 -0.142253 -0.140706 0.016400 0.204176 0.055393 0.101683 -0.014862 0.016333 -0.035268 -0.241523 0.152991 -0.128326 0.197897 -0.119974 0.221781 0.133224 0.192479 0.092572 0.038943 -0.006318 0.313416 0.215361 0.113842 0.403825 -0.063928 0.120233 -0.027027 -0.161717 -0.147985 -0.062494 0.042711 0.288046 -0.059150 0.080325 0.205914 0.261805 0.435746 -0.144190 -0.179998 -0.118973 0.037435 0.213471
-0.045754 -0.015618 -0.006780 -0.040790 -0.072427 -0.023319 -0.351624 0.042863 -0.091851 -0.142379 -0.018418 0.043343 -0.219344 -0.033583 -0.179616 -0.075039 -0.037206 -0.228904 -0.253054 -0.103802 -0.028532 0.211221 0.003977 0.015005 0.146993 0.291262 0.070275 0.147822 -0.508580 -0.384722 -0.104012 -0.067507 -0.119446 -0.033473 0.591416 1.000000 0.073861 0.258630 0.032943 0.510344 -0.188243 -0.247519 -0.376568 -0.344480 -0.180271 0.070956 -0.351458 -0.373683 -0.062370 -0.357473 -0.297604 -0.237817 -0.325323 -0.408122 0.120858 -0.273162 -0.002000 0.032472 0.060602 -0.014201 0.213107 0.114099 -0.322352 -0.129386 0.067742 0.370679 0.254750 0.481389 0.313933 0.446463 0.014651 0.139640 -0.434204 -0.266321 -0.342551 -0.188919 -0.100572 0.090919 0.016687 -0.093436 -0.043740 -0.105503 -0.145430 -0.411955 -0.162540 -0.206079 0.087991 -0.157487 0.180743 0.363628 0.470539 0.290452 0.237779 0.076128 0.292055 0.224283 0.077597 0.338912 -0.073210 0.223941 0.214840 -0.201162 -0.053358 -0.067314 -0.142565 0.041564 -0.037839 0.041289 0.357674 0.078138 0.415234 -0.281406 0.001310 -0.049556 0.048176 0.136344
