1.000000 0.467536 0.289267 0.128614 0.031945 -0.111324 0.336706 0.055320 0.224592 0.117544 0.483098 0.248932 0.528044 0.336734 0.426530 0.227867 0.213742 0.149485 0.455155 0.374617 -0.225319 -0.279379 -0.049429 -0.149419 -0.127697 -0.277408 0.007859 -0.185225 0.299979 -0.041156 -0.218899 -0.384268 0.155962 -0.069371 -0.390343 -0.425391 -0.182223 -0.184910 0.004826 -0.124460 -0.082972 0.014789 -0.343500 -0.335456 -0.188473 -0.145937 -0.474172 -0.335563 0.403571 0.024605 -0.020942 0.035104 -0.001780 -0.359372 -0.151459 -0.263688 0.132553 -0.023781 0.165436 0.194526 0.361439 0.175514 0.106179 0.027203 0.334445 -0.117737 0.089604 -0.116521 0.211010 0.040269 0.032887 -0.047641 0.228613 0.008184 0.145429 0.123073 -0.007659 -0.082587 -0.189772 -0.232734 -0.070031 -0.096001 0.141772 0.087365 -0.232909 -0.101978 0.232830 0.125796 0.049467 0.039788 0.222461 0.323930 -0.161248 0.135884 -0.224218 -0.154444 -0.266654 -0.265602 -0.121901 -0.173411 -0.026764 0.078949 0.030313 0.220348 -0.090676 -0.007221 0.161992 0.057639 -0.102618 0.099441 -0.218604 0.062708 -0.224785 -0.127403 -0.070887 0.034591
0.467536 1.000000 -0.053024 -0.011858 -0.041681 0.055654 -0.051230 0.072204 -0.060513 0.175516 0.247865 0.456034 0.283072 0.359213 0.085445 0.170755 -0.020195 0.044446 0.115734 0.612623 -0.120142 -0.068313 -0.182506 -0.189610 -0.092862 -0.124156 0.092179 0.004101 -0.003890 -0.039371 -0.272796 -0.303902 0.216104 0.179829 -0.491833 -0.449952 -0.225581 -0.193047 -0.102159 0.047558 -0.193200 -0.188719 -0.101689 -0.142372 -0.084331 -0.078793 -0.409506 0.030479 0.201754 0.133905 -0.110125 0.060120 -0.033487 -0.409075 -0.235883 -0.184158 0.206656 0.293637 0.182101 0.267506 0.107554 0.286582 -0.138468 -0.046978 -0.103025 -0.136994 0.028126 -0.005992 0.376443 0.323500 -0.000420 -0.147012 -0.049938 -0.127060 0.011273 -0.003834 -0.091196 -0.073690 -0.297628 -0.375770 -0.125781 -0.149910 -0.073519 0.088286 -0.205874 0.080534 -0.009506 0.133082 -0.239663 0.076781 0.277028 0.290215 -0.056087 -0.079727 -0.064147 -0.047408 -0.071445 0.082287 0.061753 0.031045 0.002481 -0.116808 0.032078 0.015279 -0.037690 -0.061699 -0.017464 -0.021318 0.021337 0.161899 -0.040211 0.059750 -0.054504 -0.032472 -0.222740 0.153129
0.289267 -0.053024 1.000000 0.267582 0.403322 0.015840 0.726684 -0.055362 0.254200 -0.027187 0.207997 0.045085 0.038095 -0.058486 0.272416 0.236895 -0.133778 -0.242476 0.211401 -0.136990 0.024930 -0.036461 0.646628 0.437741 0.469186 0.139128 0.397430 0.216485 -0.081507 -0.364524 0.247360 -0.178360 -0.251720 -0.358391 0.122887 0.080370 -0.229600 -0.271166 0.014110 -0.043002 -0.115404 -0.097946 -0.108203 0.000104 0.056554 0.114295 -0.234310 -0.261898 0.321768 -0.121806 0.250606 0.307317 -0.185509 -0.317919 0.211620 0.027045 -0.510898 -0.372063 -0.321779 -0.235951 -0.180380 -0.129485 -0.247192 -0.278728 0.218070 0.165796 0.096106 0.271962 -0.361649 -0.140279 0.100993 0.045531 -0.083063 -0.253753 -0.293724 -0.190489 -0.132752 -0.117965 -0.234214 -0.167976 -0.397029 -0.499536 0.337970 0.008991 -0.198684 0.273035 0.328464 0.084042 0.282659 0.352719 0.055869 0.080819 0.031401 0.344344 -0.214749 -0.147978 -0.170701 -0.188118 -0.063306 -0.251478 0.123987 0.172801 -0.043642 0.048286 -0.028700 0.042233 -0.017401 0.039528 -0.159610 -0.039224 0.071532 0.139977 -0.322391 -0.265840 -0.077230 -0.111535
0.128614 -0.011858 0.267582 1.000000 -0.007023 0.410675 0.377819 0.712802 0.388032 0.270289 -0.147744 0.152673 0.215474 0.328510 0.334169 0.546924 -0.321312 -0.395984 0.172626 0.072366 0.123145 0.031708 0.068805 0.597766 -0.013198 0.506507 0.136738 0.326001 -0.189437 -0.225217 -0.038110 0.347320 -0.401573 -0.147890 -0.247242 -0.079249 -0.444602 -0.372202 -0.076830 -0.000318 -0.022680 -0.073917 -0.161037 -0.240637 0.025360 0.105730 -0.282413 -0.217666 0.202806 -0.072376 -0.127557 -0.031384 -0.073958 -0.172768 -0.018313 -0.066203 -0.315109 -0.433698 0.050011 0.123054 -0.095925 0.060080 -0.306241 -0.402632 -0.029058 0.392858 0.045165 0.223319 -0.219277 -0.187895 0.219161 0.191434 -0.286252 -0.261477 -0.463036 -0.499194 -0.521183 -0.434388 -0.412964 -0.375360 -0.533456 -0.387606 0.146813 0.265628 -0.352772 -0.041523 -0.106502 -0.053262 0.087374 0.391828 0.086205 0.146937 0.347360 0.453875 -0.348652 -0.313279 -0.302391 -0.278513 -0.275298 -0.324723 0.287111 0.416742 0.257780 0.368186 0.304793 0.309800 -0.025574 -0.106953 -0.260822 -0.206788 0.018972 0.080826 -0.382657 -0.271413 0.159629 -0.120160
0.031945 -0.041681 0.403322 -0.007023 1.000000 0.351220 0.205013 -0.059216 -0.127794 0.133489 -0.126342 -0.016585 -0.254115 -0.096659 -0.081223 -0.137077 -0.071500 0.209719 0.149662 0.110419 -0.128585 0.120667 0.120471 -0.057519 -0.005726 -0.216099 0.126847 0.263612 -0.185292 -0.107366 0.106429 -0.067534 0.020496 -0.120948 0.062195 0.040007 0.056275 -0.075101 -0.051473 -0.124809 -0.273794 -0.323501 -0.194073 -0.150041 -0.212572 -0.188051 -0.279467 -0.206485 0.007761 -0.277411 -0.035211 0.025235 -0.083437 -0.154374 0.034009 -0.120622 -0.030074 -0.034770 -0.074099 -0.095206 -0.067525 -0.131985 0.142670 -0.040171 0.057633 -0.115136 0.063378 0.037316 0.099271 0.093355 -0.088874 -0.006912 -0.067124 -0.116932 -0.225433 0.025839 0.278271 0.297455 0.036811 0.029621 0.098667 -0.090157 -0.058862 -0.237507 -0.148024 0.098740 0.056131 -0.022947 -0.150415 -0.016229 0.248786 0.140267 0.152490 0.066066 0.017894 0.120120 -0.016934 -0.035047 -0.009434 0.076743 0.117070 0.044511 0.120629 0.002286 -0.003252 -0.107017 0.034555 0.265856 -0.127116 -0.056409 0.234144 0.091397 -0.060247 -0.115773 -0.136017 0.084275
-0.111324 0.055654 0.015840 0.410675 0.351220 1.000000 0.027856 0.532517 0.004918 0.450046 -0.409294 -0.083304 -0.093694 0.105080 -0.241409 0.075382 -0.322173 -0.088923 -0.066467 0.000604 0.108270 0.379638 -0.356871 0.036712 -0.340913 0.192246 0.226007 0.506959 -0.496205 -0.215288 -0.249755 0.069559 -0.156304 -0.069157 -0.221521 0.036344 -0.220724 -0.292744 -0.112048 0.022426 -0.140988 -0.296794 -0.164827 -0.218779 -0.003374 0.054376 -0.337915 -0.218665 0.105491 -0.014975 -0.333827 -0.046402 -0.080669 -0.046055 -0.114461 -0.205247 0.036303 -0.177627 0.172000 0.152371 0.034686 0.196216 0.004540 -0.180280 -0.214799 0.194681 0.044054 0.231592 0.037301 0.036899 0.053029 0.198231 -0.258202 -0.213424 -0.396296 -0.292041 -0.285017 -0.107671 -0.212506 -0.175063 -0.191391 -0.108911 -0.330773 -0.181016 -0.278087 -0.019091 -0.170749 -0.102691 -0.356020 0.188801 0.348460 0.259411 0.550968 0.184523 -0.274363 -0.059549 -0.276137 -0.162718 -0.192059 -0.017803 0.281165 0.426121 0.409738 0.404840 0.314577 0.296705 0.164549 0.223276 -0.319561 -0.218433 0.088026 0.100090 -0.233592 -0.230876 0.155538 0.248365
0.336706 -0.051230 0.726684 0.377819 0.205013 0.027856 1.000000 0.212816 0.547006 0.112271 0.241320 0.067429 0.385164 0.062189 0.411951 0.304578 -0.160295 -0.378729 0.239736 -0.052020 0.106081 -0.090659 0.529948 0.358235 0.475988 0.201074 0.353538 -0.003585 0.087041 -0.372131 0.341944 -0.062886 -0.211969 -0.300057 -0.035946 -0.042672 -0.455357 -0.549025 -0.223686 -0.296890 -0.141615 -0.043463 0.031499 -0.000604 0.084027 0.128031 -0.210479 -0.291902 0.360443 -0.041912 0.235931 0.366409 0.128034 -0.091431 -0.091473 -0.198915 -0.509262 -0.546477 -0.168228 -0.024680 -0.135853 -0.097285 -0.260414 -0.245453 0.173988 0.235854 0.280644 0.363143 -0.284132 -0.136213 0.435735 0.206059 -0.014905 -0.303490 -0.203209 -0.206731 -0.303904 -0.329817 -0.327813 -0.377478 -0.429487 -0.432900 0.348187 0.185463 -0.171640 0.180356 0.288334 -0.034132 0.142943 0.121394 -0.020569 0.186881 0.142340 0.390228 -0.402227 -0.395686 -0.416024 -0.329062 -0.341721 -0.505417 0.116651 0.117648 -0.022496 0.214698 0.064210 0.172139 0.055660 0.081338 -0.285406 -0.172029 0.097073 0.096538 -0.438759 -0.459402 0.017669 -0.196965
0.055320 0.072204 -0.055362 0.712802 -0.059216 0.532517 0.212816 1.000000 0.323637 0.426493 -0.157524 0.168491 0.433791 0.521030 0.286641 0.402851 -0.460604 -0.267739 0.009073 0.036407 0.135467 0.098448 -0.342423 0.262490 -0.251134 0.315533 -0.057904 0.161081 -0.040721 0.059950 -0.104893 0.258574 -0.214440 0.030835 -0.280020 0.059454 -0.376916 -0.323330 -0.086755 -0.057448 0.064613 -0.005877 -0.026353 -0.154584 0.091897 0.185716 -0.296822 -0.158370 0.206384 0.117684 -0.298883 -0.027228 -0.035598 -0.027440 -0.235285 -0.170526 -0.193686 -0.423090 0.092740 0.155350 -0.027783 0.239622 -0.217732 -0.333723 -0.152524 0.397719 -0.033121 0.204473 -0.150691 -0.111192 0.373101 0.366501 -0.086996 -0.058833 -0.319147 -0.351568 -0.554824 -0.446868 -0.391755 -0.394610 -0.394439 -0.213387 -0.170377 0.043454 -0.451326 -0.204339 -0.310965 -0.124072 -0.231717 0.187309 0.124224 0.151155 0.454195 0.345577 -0.272805 -0.258216 -0.292491 -0.226140 -0.333714 -0.291704 0.329043 0.398115 0.314959 0.335334 0.278548 0.202308 0.036042 -0.016968 -0.216235 -0.272715 0.052693 0.059064 -0.341446 -0.302402 0.135449 0.015069
0.224592 -0.060513 0.254200 0.388032 -0.127794 0.004918 0.547006 0.323637 1.000000 0.193431 0.163963 0.051334 0.529562 0.200341 0.653678 0.439361 -0.158342 -0.382154 0.059387 -0.066986 0.288553 -0.087346 0.201947 0.303651 0.310559 0.303194 0.189992 -0.166766 0.235740 -0.141021 0.241302 0.081282 -0.240608 -0.090213 -0.091342 -0.037722 -0.409886 -0.394334 0.007429 -0.102888 -0.012650 0.144280 -0.045726 -0.129213 0.184500 0.210421 -0.220832 -0.288258 0.294993 0.119432 0.121444 0.074305 0.202018 -0.038819 -0.160504 -0.226307 -0.322833 -0.303812 0.131588 0.284348 0.046617 0.089721 -0.228318 -0.138777 0.101695 0.364210 0.184828 0.263169 -0.204110 -0.076557 0.531687 0.298495 0.098675 -0.147271 -0.152562 -0.160777 -0.392454 -0.457572 -0.230446 -0.177819 -0.275655 -0.075063 0.333135 0.382348 -0.130488 -0.139291 0.061257 -0.114726 0.112148 0.097367 0.007834 0.080219 0.049775 0.229188 -0.479840 -0.472277 -0.434347 -0.336678 -0.392597 -0.497751 -0.074814 0.021415 -0.101988 0.228955 0.163716 0.355807 -0.021836 -0.221772 -0.313556 -0.210505 -0.148619 -0.018736 -0.307338 -0.352332 0.254853 -0.104264
0.117544 0.175516 -0.027187 0.270289 0.133489 0.450046 0.112271 0.426493 0.193431 1.000000 -0.234484 -0.137788 0.211237 0.123904 0.311705 0.384682 -0.230310 -0.126405 0.070143 0.139726 -0.135797 -0.185548 -0.244021 -0.056432 -0.199234 -0.067210 -0.089148 -0.337513 0.078730 -0.020435 -0.287177 -0.152084 -0.197901 -0.269858 -0.372546 -0.194878 -0.188878 -0.214206 -0.268680 -0.113240 0.043672 -0.038679 -0.217262 -0.353009 -0.132763 -0.110537 -0.290482 -0.195288 0.097495 0.040137 -0.310884 0.008995 0.081831 0.062174 -0.238969 -0.237952 0.113747 -0.169283 0.269015 0.278902 0.046406 0.037029 -0.034530 -0.110363 -0.261179 -0.065350 0.091027 0.103659 0.145299 0.209492 0.195781 0.305391 0.110512 0.001548 -0.113058 -0.208582 -0.284570 -0.265627 -0.240724 -0.264676 -0.239821 -0.094956 -0.059111 -0.047439 -0.373506 -0.128359 -0.000416 -0.273775 -0.335814 -0.155200 0.451519 0.439049 0.555520 0.163218 -0.254366 -0.234366 -0.283068 -0.291478 -0.150275 -0.159318 0.343626 0.049406 0.276653 0.334603 0.183098 0.279218 0.527635 0.422645 -0.207233 -0.109238 0.157344 0.214152 -0.102701 -0.204125 0.246781 -0.007448
0.483098 0.247865 0.207997 -0.147744 -0.126342 -0.409294 0.241320 -0.157524 0.163963 -0.234484 1.000000 0.528865 0.547109 0.322125 0.278259 0.065682 0.349683 0.006518 0.193020 0.187855 0.159440 -0.015974 0.237999 -0.032881 0.315312 0.003965 0.182459 -0.144544 0.399625 -0.029806 0.232095 -0.185786 0.182596 0.036151 0.037250 -0.075652 -0.152283 -0.026781 0.128278 0.089726 -0.082295 0.173902 0.072148 0.189675 0.163591 0.192632 -0.076160 0.101738 0.356579 0.149822 0.366230 0.150765 -0.140162 -0.323205 0.005121 0.045717 -0.331626 -0.057339 -0.325340 -0.256850 -0.062762 0.063953 -0.195207 -0.117542 0.319584 0.030863 0.050517 -0.013203 -0.101790 -0.172864 0.083606 -0.141336 0.107224 -0.065582 0.142060 0.125095 -0.027629 -0.159828 -0.272754 -0.185818 -0.093376 -0.163741 0.331753 0.259093 0.198345 0.359549 0.285426 0.214330 0.289399 0.053811 -0.103828 -0.137379 -0.423003 -0.158387 -0.095418 -0.000028 0.044676 0.165315 0.107734 -0.092317 -0.416738 -0.222540 -0.395523 -0.343840 -0.403581 -0.256159 -0.089359 -0.194724 0.045320 0.271067 -0.299104 -0.141725 -0.184998 0.091060 -0.282385 -0.045360
0.248932 0.456034 0.045085 0.152673 -0.016585 -0.083304 0.067429 0.168491 0.051334 -0.137788 0.528865 1.000000 0.385529 0.666431 0.241189 0.283334 0.010202 -0.058098 0.150494 0.433726 0.026345 0.036416 0.035253 0.195524 0.064733 0.131701 0.038440 0.134338 0.189590 0.217693 0.049479 0.034938 0.051365 0.135773 -0.162162 -0.101549 -0.079964 0.116600 0.203599 0.294738 -0.075231 0.122052 0.016946 0.062668 -0.078396 -0.027403 -0.174238 0.157113 0.041163 -0.081956 -0.015713 -0.042498 -0.272305 -0.405868 0.045192 0.263582 -0.313590 -0.187067 -0.277594 -0.212195 -0.243967 0.187707 -0.380540 -0.444059 0.160777 0.146054 -0.144089 -0.089592 -0.001333 -0.043912 -0.057159 -0.220120 -0.083530 0.048828 -0.059261 0.042808 -0.073586 -0.056776 -0.398232 -0.365514 -0.204920 -0.397600 0.229468 0.263870 -0.132012 0.387671 -0.114378 0.139744 0.072763 0.308340 -0.092519 -0.091752 -0.181094 -0.038146 0.104423 0.177467 0.161949 0.301628 0.143608 0.140329 -0.107746 -0.043886 -0.132390 -0.301668 -0.203723 -0.312021 -0.314336 -0.206341 0.218447 0.161483 -0.163848 -0.168026 -0.060004 0.180193 -0.323413 0.025350
0.528044 0.283072 0.038095 0.215474 -0.254115 -0.093694 0.385164 0.433791 0.529562 0.211237 0.547109 0.385529 1.000000 0.562496 0.603083 0.388014 0.042483 -0.138940 0.235920 0.235696 0.187130 -0.125354 -0.131107 -0.037102 0.107353 0.095028 -0.025011 -0.285946 0.547663 0.123047 0.076500 -0.059985 -0.039406 -0.024114 -0.367676 -0.253577 -0.389191 -0.276952 0.023785 -0.019988 -0.035758 0.200361 -0.063582 -0.172102 0.073551 0.115877 -0.307943 -0.161776 0.374510 0.208486 -0.064263 0.035062 0.126891 -0.131316 -0.215504 -0.154010 -0.171657 -0.304619 0.091001 0.229410 0.227673 0.335906 -0.150161 -0.139305 0.128823 0.104860 0.029715 -0.002242 -0.052226 -0.096554 0.478565 0.218525 0.305702 0.010345 -0.010575 -0.062276 -0.421212 -0.483650 -0.402640 -0.452361 -0.272329 -0.183054 0.157331 0.271826 -0.224697 -0.083395 0.022020 0.004215 0.000354 -0.028673 0.133270 0.232727 0.015242 0.150293 -0.354771 -0.295074 -0.284759 -0.157405 -0.180846 -0.294653 -0.080807 0.023473 -0.045639 0.131194 -0.112692 0.011965 0.077082 -0.092704 -0.099808 0.056188 -0.189227 -0.013344 -0.238528 -0.108725 0.011732 -0.053341
0.336734 0.359213 -0.058486 0.328510 -0.096659 0.105080 0.062189 0.521030 0.200341 0.123904 0.322125 0.666431 0.562496 1.000000 0.405132 0.440821 -0.121386 0.004108 0.176550 0.279664 0.031573 0.021444 -0.248800 0.043855 -0.146004 0.141703 -0.129757 0.040593 0.231620 0.303838 -0.108600 0.050124 -0.162215 0.018943 -0.335495 -0.155265 -0.181528 0.060106 0.096074 0.232875 0.088846 0.247328 -0.203432 -0.229347 -0.186383 -0.112541 -0.318214 -0.025957 0.003269 -0.101028 -0.320586 -0.238795 -0.106985 -0.232358 -0.033655 0.078959 -0.175441 -0.226858 0.064696 0.141434 0.000952 0.434842 -0.323716 -0.385547 0.129164 0.186136 -0.184525 -0.144910 0.053016 0.012768 0.096139 -0.039005 0.051279 0.158321 -0.030865 0.042770 -0.236302 -0.187372 -0.405569 -0.322657 -0.249763 -0.242915 0.096962 0.276578 -0.240593 0.065034 -0.262814 0.115448 0.043844 0.326853 0.142355 0.156595 0.112476 0.263516 -0.079830 -0.021616 -0.075278 0.017599 -0.109642 -0.058182 0.143277 0.231726 0.085934 -0.015033 -0.124380 -0.138047 -0.115668 -0.186344 0.020561 0.077345 -0.212150 -0.026704 -0.242386 0.052678 -0.155507 0.003199
0.426530 0.085445 0.272416 0.334169 -0.081223 -0.241409 0.411951 0.286641 0.653678 0.311705 0.278259 0.241189 0.603083 0.405132 1.000000 0.670942 -0.078149 -0.229431 0.246659 0.095369 0.087456 -0.339678 0.177124 0.257396 0.255628 0.107456 -0.111831 -0.368635 0.560995 0.132679 0.136894 -0.043583 -0.202724 -0.213291 -0.189317 -0.149125 -0.300324 -0.173734 0.055951 -0.052530 0.091051 0.336931 -0.151573 -0.220230 0.009569 0.023468 -0.296063 -0.305747 0.255944 0.020594 0.053770 0.020451 0.090273 -0.161709 -0.047141 -0.032433 -0.238839 -0.301658 0.045464 0.106198 -0.000629 0.049274 -0.220307 -0.243856 0.155994 0.143236 0.042883 0.044763 -0.120081 -0.014388 0.398701 0.207001 0.257210 0.042751 -0.022829 -0.080715 -0.329623 -0.437505 -0.242564 -0.272633 -0.272285 -0.207429 0.464691 0.371733 -0.200221 -0.099377 0.089889 0.050663 0.256238 0.101906 0.086459 0.177770 0.056116 0.297010 -0.303240 -0.449893 -0.307444 -0.301376 -0.205025 -0.381165 0.027439 0.021269 -0.101628 0.096361 0.046012 0.039921 -0.009966 -0.129151 -0.225907 -0.177651 -0.125188 0.032833 -0.210877 -0.210138 0.040879 -0.339052
0.227867 0.170755 0.236895 0.546924 -0.137077 0.075382 0.304578 0.402851 0.439361 0.384682 0.065682 0.283334 0.388014 0.440821 0.670942 1.000000 -0.132044 -0.435281 0.314545 0.185623 0.168395 -0.059560 0.116997 0.410279 0.179294 0.256408 0.106331 -0.066034 0.194635 -0.015036 0.028067 0.038357 -0.421540 -0.309847 -0.287933 -0.130049 -0.479656 -0.240071 0.023828 0.164698 0.015388 0.240452 -0.116279 -0.191374 0.000911 0.063675 -0.271743 -0.116468 0.125659 0.050251 -0.183818 0.069006 -0.059527 -0.100692 0.012592 0.108219 -0.242451 -0.466270 0.067009 0.120709 -0.148988 0.017900 -0.386242 -0.484712 -0.158636 0.141632 -0.057907 0.117891 -0.156531 -0.075283 0.306411 0.141623 -0.043786 -0.158872 -0.294878 -0.371202 -0.498130 -0.424718 -0.429064 -0.405834 -0.509424 -0.460823 0.421307 0.568303 -0.267604 0.135151 0.080041 0.133153 0.124540 0.343072 0.251925 0.323104 0.280051 0.333306 -0.355349 -0.434530 -0.354140 -0.226910 -0.169367 -0.218073 0.154615 0.166054 0.058465 0.311119 0.187009 0.286668 0.058845 -0.053293 -0.277219 -0.126309 0.006104 0.161101 -0.351175 -0.130087 0.106328 -0.110249
0.213742 -0.020195 -0.133778 -0.321312 -0.071500 -0.322173 -0.160295 -0.460604 -0.158342 -0.230310 0.349683 0.010202 0.042483 -0.121386 -0.078149 -0.132044 1.000000 0.377457 0.313502 0.110761 -0.136497 -0.098357 0.070563 -0.239459 -0.043007 -0.293627 -0.034233 -0.144921 0.348605 0.036679 -0.029129 -0.176864 0.192497 -0.095140 -0.045862 -0.330071 0.205947 0.201822 0.160594 0.036348 0.015451 0.057767 -0.119329 -0.134662 -0.361408 -0.369665 0.073499 0.019034 -0.196826 -0.153236 0.052785 -0.033160 0.300508 0.067096 0.076846 0.026251 0.282038 0.175366 -0.014725 -0.076801 0.222424 -0.145199 0.391564 0.358680 0.032372 -0.534360 -0.218206 -0.388441 0.044583 -0.116851 -0.246581 -0.184545 0.259565 0.086642 0.355250 0.241777 0.297008 0.224009 0.387846 0.288261 0.504991 0.312920 0.221390 0.186677 0.494408 0.231168 0.174843 0.078072 0.144931 -0.141433 0.045128 0.121595 -0.284224 -0.327489 0.078557 0.127866 0.044074 0.021159 0.181656 0.132431 -0.322048 -0.255076 -0.241135 -0.100627 -0.234667 -0.035285 -0.018044 -0.124232 0.099711 0.296039 -0.146792 -0.012902 0.047894 0.220766 -0.040169 0.050210
0.149485 0.044446 -0.242476 -0.395984 0.209719 -0.088923 -0.378729 -0.267739 -0.382154 -0.126405 0.006518 -0.058098 -0.138940 0.004108 -0.229431 -0.435281 0.377457 1.000000 0.006905 0.107711 -0.417565 -0.085800 -0.354107 -0.522811 -0.421353 -0.478310 -0.282782 -0.047628 0.124126 0.444443 -0.248144 -0.175628 0.365776 0.149591 -0.140775 -0.231020 0.449649 0.457421 0.128395 0.040439 -0.021157 -0.013706 -0.300803 -0.220007 -0.316935 -0.334112 -0.018763 0.029123 -0.267449 -0.183719 -0.223813 -0.343485 -0.009240 -0.155577 0.003408 -0.052829 0.530522 0.477044 0.059114 -0.042557 0.334937 0.086930 0.681097 0.575442 0.050100 -0.400817 -0.259942 -0.544733 0.329990 0.035282 -0.413347 -0.126626 0.324581 0.446848 0.286074 0.478850 0.557854 0.526616 0.563529 0.484518 0.687874 0.542502 -0.338553 -0.359533 0.062764 -0.200647 -0.089477 0.076131 -0.269932 -0.215886 0.061492 0.075046 -0.170483 -0.195065 0.334884 0.478842 0.297208 0.199828 0.227161 0.327311 -0.055432 -0.066269 -0.072576 -0.148251 -0.285895 -0.293229 0.006192 -0.013896 0.257049 0.308675 -0.129597 -0.034255 0.190974 0.328302 -0.142804 0.110254
0.455155 0.115734 0.211401 0.172626 0.149662 -0.066467 0.239736 0.009073 0.059387 0.070143 0.193020 0.150494 0.235920 0.176550 0.246659 0.314545 0.313502 0.006905 1.000000 0.530324 -0.315863 -0.332748 -0.044701 -0.040292 -0.149492 -0.313660 -0.196098 -0.080153 0.408425 0.150709 -0.070207 -0.090051 0.013236 -0.340057 -0.356356 -0.376373 0.012086 -0.023131 0.200698 -0.029477 0.117686 -0.031871 -0.283605 -0.282769 -0.326865 -0.306490 -0.245951 -0.124858 0.085533 -0.097846 -0.222990 0.096296 -0.008983 -0.149155 0.096541 0.088223 0.074044 -0.286345 0.090759 0.156616 0.016084 -0.172315 -0.042313 -0.228618 0.054328 -0.337247 -0.054902 -0.228523 0.130149 0.002308 -0.108168 0.024691 0.327932 0.129750 0.086175 0.021991 0.014728 0.066385 -0.136788 -0.268003 -0.049480 -0.306355 0.400664 0.406552 -0.134970 0.083112 0.136073 0.066674 0.101481 0.015032 0.204951 0.330795 -0.000959 0.115684 -0.046402 -0.036154 -0.080955 -0.157121 0.082927 0.082166 0.196815 0.007618 0.243537 0.194922 -0.087981 -0.022337 0.053808 0.051465 0.041406 0.187997 0.058887 0.254702 -0.148731 -0.022726 0.038883 0.076741
0.374617 0.612623 -0.136990 0.072366 0.110419 0.000604 -0.052020 0.036407 -0.066986 0.139726 0.187855 0.433726 0.235696 0.279664 0.095369 0.185623 0.110761 0.107711 0.530324 1.000000 -0.274111 -0.232536 -0.258859 -0.270928 -0.211625 -0.301827 -0.083767 -0.123495 0.213079 0.232870 -0.145538 0.027737 0.362795 0.240004 -0.443126 -0.471953 -0.030451 0.018276 0.052646 0.104975 -0.124495 -0.169894 -0.190716 -0.266608 -0.259881 -0.312438 -0.255895 0.116229 -0.002403 -0.051077 -0.261264 -0.186348 0.019170 -0.291455 -0.218575 -0.095819 0.202851 0.116712 0.177822 0.186043 -0.043371 -0.000581 -0.088174 -0.140684 -0.120550 -0.315980 0.029718 -0.302125 0.481806 0.172680 -0.098785 -0.028615 0.131366 0.063767 0.088490 0.120630 0.125341 0.157680 -0.214279 -0.282479 0.035146 -0.094727 0.075137 0.284714 -0.207546 -0.000727 0.026959 -0.008700 -0.279307 -0.209831 0.295201 0.231038 -0.051709 -0.124689 0.043466 0.113295 0.041504 0.123037 0.188284 0.204205 0.036720 -0.232526 0.019813 -0.050575 -0.161192 -0.163116 0.064416 0.087987 0.153773 0.235242 -0.005155 0.178636 0.043944 0.169146 -0.070207 0.161593
-0.225319 -0.120142 0.024930 0.123145 -0.128585 0.108270 0.106081 0.135467 0.288553 -0.135797 0.159440 0.026345 0.187130 0.031573 0.087456 0.168395 -0.136497 -0.417565 -0.315863 -0.274111 1.000000 0.729956 0.275369 0.275162 0.501352 0.585655 0.587156 0.265305 -0.192248 -0.382661 0.566781 0.260246 -0.202564 0.045846 0.193137 0.244046 -0.425178 -0.406147 -0.102085 -0.068039 -0.055828 0.161763 0.284627 0.285079 0.474358 0.537228 -0.000270 0.031734 0.209620 0.261886 0.230999 0.101394 0.056662 -0.019323 -0.158082 -0.165233 -0.331909 -0.137678 -0.107621 -0.067389 -0.121193 0.053642 -0.281570 -0.209460 -0.082565 0.376131 0.177186 0.460030 -0.265135 -0.043112 0.582309 0.159093 -0.319109 -0.459281 -0.295671 -0.275090 -0.350981 -0.431113 -0.198480 -0.110858 -0.266116 -0.049405 0.121163 0.255128 0.208633 0.183144 0.111763 0.047784 0.194499 0.190676 0.018448 -0.185174 0.096151 -0.039430 -0.477726 -0.516175 -0.414339 -0.255799 -0.244537 -0.240016 -0.292889 -0.067441 -0.290533 -0.082880 0.299646 0.309958 -0.156899 -0.202537 -0.434397 -0.374415 -0.177613 -0.275072 -0.135390 -0.221681 -0.024414 0.094292
-0.279379 -0.068313 -0.036461 0.031708 0.120667 0.379638 -0.090659 0.098448 -0.087346 -0.185548 -0.015974 0.036416 -0.125354 0.021444 -0.339678 -0.059560 -0.098357 -0.085800 -0.332748 -0.232536 0.729956 1.000000 0.031595 0.084422 0.143117 0.403070 0.617283 0.512722 -0.492884 -0.303354 0.286520 0.180316 -0.151516 0.074457 0.072489 0.200121 -0.253014 -0.220231 -0.101291 0.039408 -0.189635 -0.025774 0.081026 0.134660 0.241394 0.318100 -0.067581 0.107473 -0.015673 0.029886 -0.030657 -0.058037 -0.098008 -0.020727 -0.052578 -0.064136 -0.106489 -0.008761 -0.103700 -0.167376 -0.101231 0.009932 -0.082842 -0.158474 -0.188194 0.203737 -0.008655 0.310721 -0.080626 0.017549 0.283838 0.045481 -0.371675 -0.349722 -0.356836 -0.156357 -0.128947 -0.086447 -0.076806 0.043467 -0.081793 0.053014 -0.238464 -0.004290 0.151649 0.261975 -0.002495 0.072616 -0.048599 0.253362 0.130662 -0.038168 0.164820 -0.096315 -0.225034 -0.147251 -0.191152 -0.019582 -0.100653 0.109802 -0.190207 0.035803 -0.144930 -0.062527 0.250091 0.258878 -0.062725 -0.016785 -0.304084 -0.248461 -0.015113 -0.171681 -0.019417 -0.099906 -0.083779 0.283869
-0.049429 -0.182506 0.646628 0.068805 0.120471 -0.356871 0.529948 -0.342423 0.201947 -0.244021 0.237999 0.035253 -0.131107 -0.248800 0.177124 0.116997 0.070563 -0.354107 -0.044701 -0.258859 0.275369 0.031595 1.000000 0.540607 0.812681 0.363074 0.458229 0.099207 -0.098727 -0.496491 0.556694 0.057821 -0.299284 -0.296350 0.341811 0.122486 -0.184846 -0.178454 -0.105517 -0.078697 -0.100017 0.064732 0.074043 0.165885 0.153766 0.175518 0.026454 -0.018303 0.130033 -0.101784 0.496513 0.368359 -0.019593 -0.066656 0.201540 0.052866 -0.508326 -0.160463 -0.398720 -0.295142 -0.347338 -0.322096 -0.270440 -0.190147 0.109888 0.156532 0.222027 0.403873 -0.361793 -0.083995 0.131142 -0.035422 -0.260023 -0.404857 -0.137307 -0.170454 0.001546 -0.134017 -0.128273 -0.069164 -0.301779 -0.334901 0.557504 0.197432 0.192937 0.453923 0.400778 0.061158 0.478314 0.242033 -0.191495 -0.113848 -0.169526 0.185311 -0.174857 -0.229472 -0.097092 -0.128407 -0.089701 -0.303870 -0.124043 -0.144173 -0.360735 -0.283216 -0.061677 -0.003426 -0.186862 -0.137057 -0.069912 -0.094746 0.086682 0.013806 -0.224830 -0.180570 -0.132843 -0.337558
-0.149419 -0.189610 0.437741 0.597766 -0.057519 0.036712 0.358235 0.262490 0.303651 -0.056432 -0.032881 0.195524 -0.037102 0.043855 0.257396 0.410279 -0.239459 -0.522811 -0.040292 -0.270928 0.275162 0.084422 0.540607 1.000000 0.406258 0.618320 0.172822 0.380697 -0.119003 -0.221884 0.279426 0.362952 -0.464384 -0.166967 0.112694 0.184974 -0.329485 -0.182565 0.039811 0.131689 0.038668 0.075940 0.071469 0.078548 0.160889 0.243412 -0.125981 -0.146837 0.074909 -0.095874 0.179584 0.160060 -0.142041 -0.091038 0.248945 0.246803 -0.517390 -0.414704 -0.326087 -0.253119 -0.335231 -0.162556 -0.443993 -0.428237 -0.016267 0.402325 -0.089413 0.272189 -0.538634 -0.262315 0.197203 0.128468 -0.279494 -0.242417 -0.341119 -0.440894 -0.401342 -0.355981 -0.311645 -0.257058 -0.439989 -0.442316 0.393405 0.315926 -0.060843 0.268108 0.041516 0.130225 0.417411 0.567147 -0.207305 -0.144531 0.156466 0.452861 -0.202839 -0.270211 -0.105300 -0.078260 -0.180816 -0.274771 0.081036 0.313618 0.026726 0.049749 0.169694 0.091465 -0.384339 -0.227805 -0.122884 -0.187819 0.090060 -0.038343 -0.191774 -0.130094 0.037165 -0.228554
-0.127697 -0.092862 0.469186 -0.013198 -0.005726 -0.340913 0.475988 -0.251134 0.310559 -0.199234 0.315312 0.064733 0.107353 -0.146004 0.255628 0.179294 -0.043007 -0.421353 -0.149492 -0.211625 0.501352 0.143117 0.812681 0.406258 1.000000 0.528588 0.553349 0.019826 -0.009967 -0.438358 0.677155 0.119290 -0.257076 -0.165658 0.287007 0.147131 -0.388981 -0.308928 -0.219349 -0.067532 -0.177223 0.121955 0.195268 0.243949 0.293964 0.304420 -0.015922 -0.022853 0.158734 0.031575 0.455136 0.367108 0.028153 -0.064711 0.059394 -0.039742 -0.502413 -0.147422 -0.324657 -0.198934 -0.256706 -0.165604 -0.315525 -0.174783 0.012407 0.215406 0.269788 0.457668 -0.353171 0.002888 0.405943 0.107232 -0.224299 -0.458160 -0.193179 -0.237680 -0.211836 -0.344939 -0.231114 -0.217063 -0.351365 -0.295401 0.490726 0.292316 0.200413 0.389731 0.380354 0.071078 0.419131 0.162600 -0.161346 -0.100386 -0.097194 0.125217 -0.298375 -0.390031 -0.181767 -0.099054 -0.164062 -0.385462 -0.205878 -0.185869 -0.425368 -0.254242 -0.092085 0.007526 -0.172221 -0.171838 -0.182601 -0.124140 0.038320 -0.035399 -0.198915 -0.163721 -0.102811 -0.361340
-0.277408 -0.124156 0.139128 0.506507 -0.216099 0.192246 0.201074 0.315533 0.303194 -0.067210 0.003965 0.131701 0.095028 0.141703 0.107456 0.256408 -0.293627 -0.478310 -0.313660 -0.301827 0.585655 0.403070 0.363074 0.618320 0.528588 1.000000 0.452257 0.397620 -0.297625 -0.345384 0.377149 0.501702 -0.452984 -0.071479 -0.012587 0.073946 -0.412207 -0.249513 -0.140657 0.134487 -0.026822 0.106540 0.052015 0.057195 0.236360 0.295012 -0.074170 0.042659 0.031389 -0.032476 0.092145 0.006704 -0.075491 -0.015547 0.079505 0.054723 -0.412219 -0.183164 -0.084620 -0.029217 -0.192272 0.010037 -0.374584 -0.342759 -0.146795 0.403985 0.126496 0.429425 -0.310960 -0.003723 0.347534 0.157535 -0.414342 -0.367236 -0.399567 -0.420338 -0.484827 -0.478002 -0.348621 -0.281551 -0.451674 -0.247551 0.204380 0.240284 0.025732 0.146503 -0.047224 0.111447 0.332464 0.433477 -0.115906 -0.098472 0.170767 0.260498 -0.327786 -0.333892 -0.167067 -0.091449 -0.215661 -0.299743 -0.044957 0.202190 -0.090282 -0.030901 0.165199 0.141409 -0.228261 -0.317329 -0.227836 -0.237523 -0.099930 -0.159118 -0.216844 -0.177512 -0.012524 -0.243388
0.007859 0.092179 0.397430 0.136738 0.126847 0.226007 0.353538 -0.057904 0.189992 -0.089148 0.182459 0.038440 -0.025011 -0.129757 -0.111831 0.106331 -0.034233 -0.282782 -0.196098 -0.083767 0.587156 0.617283 0.458229 0.172822 0.553349 0.452257 1.000000 0.355590 -0.497453 -0.655391 0.384392 -0.013786 -0.141895 -0.056142 0.098941 0.117275 -0.436717 -0.462266 -0.177128 0.014280 -0.362068 -0.190454 -0.004877 0.058976 0.279440 0.345955 -0.202961 -0.038188 0.226428 0.045017 0.217913 0.211668 -0.088325 -0.188953 -0.073396 -0.271911 -0.283546 -0.071133 -0.153285 -0.116812 -0.117842 -0.117381 -0.119630 -0.132329 -0.131393 0.226531 0.269687 0.550507 -0.114705 0.025538 0.297118 0.045096 -0.473310 -0.638267 -0.427569 -0.331539 -0.179450 -0.185034 -0.250200 -0.130855 -0.307843 -0.168006 0.096244 0.169547 0.095774 0.387620 0.365838 -0.011363 0.032341 0.195116 0.187538 0.072598 0.089561 -0.076599 -0.467825 -0.341719 -0.335410 -0.157117 -0.244736 -0.232363 -0.238568 -0.078391 -0.334755 0.053310 0.166829 0.441599 0.128260 -0.006009 -0.446723 -0.152278 0.017187 -0.034623 -0.274806 -0.283676 -0.028692 0.101887
-0.185225 0.004101 0.216485 0.326001 0.263612 0.506959 -0.003585 0.161081 -0.166766 -0.337513 -0.144544 0.134338 -0.285946 0.040593 -0.368635 -0.066034 -0.144921 -0.047628 -0.080153 -0.123495 0.265305 0.512722 0.099207 0.380697 0.019826 0.397620 0.355590 1.000000 -0.587458 -0.334458 0.047711 0.174567 -0.153743 0.011523 0.056942 0.174530 -0.193555 -0.151447 0.131178 0.209584 -0.250775 -0.233097 0.007637 0.080739 0.131267 0.194866 -0.214328 -0.070720 0.094083 -0.023898 -0.020747 0.086532 -0.274507 -0.279036 0.271699 0.186705 -0.163977 -0.049969 -0.193893 -0.132259 -0.149433 0.091449 -0.104075 -0.225447 -0.122228 0.256700 -0.068460 0.222923 -0.208816 -0.093520 -0.058553 -0.022697 -0.451870 -0.296253 -0.369360 -0.237814 -0.132198 -0.000002 -0.151420 -0.075462 -0.137842 -0.202634 -0.098106 -0.041850 -0.041172 0.252133 -0.153064 0.286914 0.120319 0.640218 0.009190 -0.034591 0.110379 0.209460 -0.144811 0.035207 -0.048779 0.105927 -0.006115 0.096619 0.093891 0.479426 0.238829 0.051231 0.120144 -0.010849 -0.525555 -0.334786 -0.143557 -0.081345 -0.006989 -0.131118 -0.209628 -0.066076 -0.150362 0.206089
0.299979 -0.003890 -0.081507 -0.189437 -0.185292 -0.496205 0.087041 -0.040721 0.235740 0.078730 0.399625 0.189590 0.547663 0.231620 0.560995 0.194635 0.348605 0.124126 0.408425 0.213079 -0.192248 -0.492884 -0.098727 -0.119003 -0.009967 -0.297625 -0.497453 -0.587458 1.000000 0.597697 0.103564 0.011152 0.142550 -0.093036 -0.213715 -0.262002 0.180451 0.225390 0.216526 0.007991 0.339586 0.360558 -0.030236 -0.101077 -0.193272 -0.238650 0.061503 0.010431 0.020113 0.014183 -0.051934 -0.084332 0.268560 0.027524 0.009760 0.172701 0.027489 -0.217720 0.072515 -0.016973 0.114151 -0.085766 -0.000194 -0.014330 0.126397 -0.361450 -0.166499 -0.438678 -0.038762 -0.107670 0.157399 0.127799 0.743277 0.497505 0.402591 0.295702 0.056505 -0.030825 0.106297 -0.064993 0.232221 0.031209 0.306065 0.270197 -0.006424 -0.169057 -0.057807 0.045326 0.118366 -0.254056 -0.080085 0.032803 -0.216926 -0.064878 0.133942 -0.027374 0.099845 0.009637 0.213981 -0.016676 -0.132325 -0.246075 -0.111190 -0.134248 -0.282699 -0.293937 -0.023479 -0.095415 0.197283 0.191481 -0.136409 0.044202 0.049147 0.120104 0.001936 -0.135805
-0.041156 -0.039371 -0.364524 -0.225217 -0.107366 -0.215288 -0.372131 0.059950 -0.141021 -0.020435 -0.029806 0.217693 0.123047 0.303838 0.132679 -0.015036 0.036679 0.444443 0.150709 0.232870 -0.382661 -0.303354 -0.496491 -0.221884 -0.438358 -0.345384 -0.655391 -0.334458 0.597697 1.000000 -0.162771 0.176273 0.203471 0.187823 -0.203954 -0.094587 0.462615 0.606562 0.300957 0.257085 0.358319 0.247670 -0.102336 -0.131127 -0.247058 -0.289057 0.154862 0.191968 -0.347346 -0.097429 -0.411908 -0.452968 0.011834 0.043968 0.089580 0.340232 0.240413 0.020464 0.112873 -0.058032 0.115511 0.047942 0.148729 0.076326 -0.032633 -0.292549 -0.400316 -0.654719 0.114643 -0.100250 -0.194769 0.062757 0.595671 0.797215 0.311405 0.439810 0.247382 0.330285 0.260343 0.183887 0.401085 0.228470 -0.179211 -0.049144 -0.223441 -0.388557 -0.369725 -0.009776 -0.227091 -0.255732 -0.043308 -0.099392 -0.089377 -0.079132 0.459366 0.400591 0.432827 0.301369 0.371721 0.367175 0.036774 -0.093368 0.040774 -0.182072 -0.261637 -0.426960 -0.094260 -0.026626 0.395061 0.211249 -0.108016 0.004822 0.332324 0.372642 0.019416 0.005375
-0.218899 -0.272796 0.247360 -0.038110 0.106429 -0.249755 0.341944 -0.104893 0.241302 -0.287177 0.232095 0.049479 0.076500 -0.108600 0.136894 0.028067 -0.029129 -0.248144 -0.070207 -0.145538 0.566781 0.286520 0.556694 0.279426 0.677155 0.377149 0.384392 0.047711 0.103564 -0.162771 1.000000 0.474962 -0.081963 0.012671 0.267631 0.143107 -0.164116 -0.173667 0.047188 -0.082111 -0.079804 0.112947 0.209965 0.247963 0.264864 0.296276 0.152724 0.158821 0.079331 0.094409 0.397425 0.142782 0.111196 0.054751 -0.106723 -0.085483 -0.436573 -0.178698 -0.195317 -0.246992 -0.258121 -0.293378 -0.191593 -0.159470 0.126493 0.206996 0.224036 0.214864 -0.311730 -0.203290 0.401224 0.174911 -0.166499 -0.335892 -0.142107 -0.085464 0.066881 -0.066432 -0.062196 -0.055972 -0.109824 -0.084964 0.460669 0.330637 0.267167 0.179684 0.214040 0.001761 0.313312 -0.034220 -0.232289 -0.312450 -0.174633 -0.080221 -0.210313 -0.296580 -0.129998 -0.083858 -0.086927 -0.242160 -0.247108 -0.302745 -0.421960 -0.339859 -0.103031 -0.101260 -0.170508 -0.243419 -0.209365 -0.093364 -0.065509 -0.167585 -0.105350 -0.252341 -0.267636 -0.152333
-0.384268 -0.303902 -0.178360 0.347320 -0.067534 0.069559 -0.062886 0.258574 0.081282 -0.152084 -0.185786 0.034938 -0.059985 0.050124 -0.043583 0.038357 -0.176864 -0.175628 -0.090051 0.027737 0.260246 0.180316 0.057821 0.362952 0.119290 0.501702 -0.013786 0.174567 0.011152 0.176273 0.474962 1.000000 -0.086903 0.244791 0.043277 0.020708 -0.003408 0.050469 0.031213 0.051411 0.030586 -0.013172 0.009733 -0.043729 0.104094 0.065551 0.175956 0.222472 -0.115373 -0.092751 -0.031579 -0.318168 0.126632 0.113217 -0.050306 0.015804 -0.126620 -0.137443 0.149730 -0.011129 -0.085083 -0.162528 -0.108286 -0.166549 -0.079889 0.137650 0.077600 -0.037994 -0.096731 -0.185125 0.111776 0.173475 -0.130726 -0.065999 -0.240495 -0.204654 0.009578 0.018042 -0.018806 -0.050826 -0.040816 0.072095 0.086481 0.247117 0.075632 -0.190426 -0.215015 -0.092927 0.108913 -0.050877 -0.169878 -0.320784 -0.034955 -0.007939 -0.013529 -0.079490 0.072333 -0.010678 -0.005650 -0.054673 -0.070973 -0.097041 -0.083594 -0.159929 0.055192 -0.122710 -0.177201 -0.259584 -0.020615 -0.122106 -0.063105 -0.082815 -0.012360 -0.015102 -0.080970 -0.093724
0.155962 0.216104 -0.251720 -0.401573 0.020496 -0.156304 -0.211969 -0.214440 -0.240608 -0.197901 0.182596 0.051365 -0.039406 -0.162215 -0.202724 -0.421540 0.192497 0.365776 0.013236 0.362795 -0.202564 -0.151516 -0.299284 -0.464384 -0.257076 -0.452984 -0.141895 -0.153743 0.142550 0.203471 -0.081963 -0.086903 1.000000 0.736467 0.102438 -0.024020 0.234468 0.118619 0.000981 -0.144773 -0.184076 -0.172876 0.200666 0.203660 0.106526 0.017448 0.125606 0.092511 0.056718 0.213854 0.185565 -0.017570 0.116925 -0.161247 -0.298106 -0.266219 0.339166 0.454309 -0.004859 -0.099850 0.100474 -0.026069 0.295938 0.358758 0.130614 -0.148302 0.048387 -0.247615 0.466353 0.114573 -0.183089 -0.094955 0.215687 0.205419 0.335075 0.384072 0.343820 0.283120 0.361703 0.292722 0.554474 0.475733 -0.281636 -0.184438 0.202731 -0.187909 0.008652 -0.038012 -0.279625 -0.419780 -0.103819 -0.308945 -0.348744 -0.440017 0.117554 0.179720 0.027287 0.116579 0.109667 0.136335 -0.265694 -0.297846 -0.251198 -0.197665 -0.224545 -0.244834 -0.057103 -0.032792 0.096956 0.129167 -0.246884 -0.268395 0.269691 0.157419 -0.133084 0.242980
-0.069371 0.179829 -0.358391 -0.147890 -0.120948 -0.069157 -0.300057 0.030835 -0.090213 -0.269858 0.036151 0.135773 -0.024114 0.018943 -0.213291 -0.309847 -0.095140 0.149591 -0.340057 0.240004 0.045846 0.074457 -0.296350 -0.166967 -0.165658 -0.071479 -0.056142 0.011523 -0.093036 0.187823 0.012671 0.244791 0.736467 1.000000 0.179967 0.136820 0.053283 0.088882 -0.070108 0.012546 -0.247332 -0.096822 0.257892 0.232006 0.226662 0.177492 0.112320 0.161905 -0.015001 0.200868 0.173006 -0.162908 0.057844 -0.108587 -0.304827 -0.238078 0.155430 0.443002 -0.024771 -0.095282 0.041069 0.165646 0.079175 0.239242 0.112063 0.194868 -0.016215 -0.140347 0.277122 -0.041883 -0.055358 -0.056826 -0.069178 0.086151 0.095874 0.218028 0.117529 0.116789 0.168002 0.275237 0.349668 0.458682 -0.397310 -0.174069 0.157662 -0.252260 -0.143245 -0.108762 -0.245696 -0.241553 -0.152138 -0.459678 -0.267025 -0.322161 0.047001 0.139380 0.039162 0.230072 -0.002917 0.067240 -0.387057 -0.183544 -0.283289 -0.212372 -0.123111 -0.171562 -0.165681 -0.157068 0.058426 0.045329 -0.234087 -0.306205 0.277056 0.149095 -0.114469 0.190347
-0.390343 -0.491833 0.122887 -0.247242 0.062195 -0.221521 -0.035946 -0.280020 -0.091342 -0.372546 0.037250 -0.162162 -0.367676 -0.335495 -0.189317 -0.287933 -0.045862 -0.140775 -0.356356 -0.443126 0.193137 0.072489 0.341811 0.112694 0.287007 -0.012587 0.098941 0.056942 -0.213715 -0.203954 0.267631 0.043277 0.102438 0.179967 1.000000 0.823785 0.176621 0.100207 0.030547 -0.139419 -0.026144 0.047535 0.430377 0.551892 0.378844 0.373745 0.439282 0.151711 0.005941 0.052390 0.487720 0.175478 -0.137673 0.138249 0.081397 0.022356 -0.324526 -0.019994 -0.411618 -0.421486 -0.257444 -0.161318 -0.043446 0.023259 0.236574 0.281008 0.087434 0.266625 -0.307789 -0.212470 -0.122605 -0.146467 -0.261862 -0.193029 -0.017750 -0.015648 0.199333 0.126047 0.184825 0.322555 0.042835 0.060450 0.020493 -0.149023 0.362242 0.201952 0.139753 -0.034849 0.227119 -0.057796 -0.422925 -0.581710 -0.241357 -0.150062 0.129600 0.058321 0.092251 0.017780 -0.086178 -0.121977 -0.234457 -0.110634 -0.325654 -0.367647 -0.002395 -0.024378 -0.221795 -0.127060 0.056155 -0.184383 -0.016127 -0.207389 -0.049127 0.009145 0.038246 -0.001137
-0.425391 -0.449952 0.080370 -0.079249 0.040007 0.036344 -0.042672 0.059454 -0.037722 -0.194878 -0.075652 -0.101549 -0.253577 -0.155265 -0.149125 -0.130049 -0.330071 -0.231020 -0.376373 -0.471953 0.244046 0.200121 0.122486 0.184974 0.147131 0.073946 0.117275 0.174530 -0.262002 -0.094587 0.143107 0.020708 -0.024020 0.136820 0.823785 1.000000 0.038569 0.036279 0.028095 -0.037640 0.006311 0.021547 0.406528 0.520633 0.469473 0.508982 0.300403 0.113041 0.028502 0.155643 0.189879 0.153677 -0.337953 0.133675 0.060993 0.078595 -0.325533 -0.195680 -0.376977 -0.400847 -0.272552 -0.059072 -0.142651 -0.177303 0.052655 0.440982 -0.009532 0.362728 -0.317369 -0.145500 0.046901 0.058066 -0.218658 -0.147801 -0.154754 -0.101711 -0.013895 0.016927 -0.017811 0.148549 -0.114200 -0.051726 -0.163878 -0.125904 0.080974 0.131480 0.017188 -0.019966 0.038758 0.057584 -0.337683 -0.456615 0.023378 0.040249 0.018005 -0.009173 0.028087 0.033479 -0.196957 -0.083041 -0.023639 0.128493 -0.126906 -0.163677 0.101341 0.079709 -0.212823 -0.084240 -0.052555 -0.253455 0.094312 -0.176495 -0.104073 -0.045816 0.174452 0.091232
