1.000000 -0.227431 -0.057457 -0.139790 -0.124050 0.126986 -0.213938 -0.133325 -0.312252 -0.262513 0.164267 -0.312568 -0.227426 -0.059944 -0.216822 -0.080965 0.289534 -0.164857 0.204800 -0.146158 0.022773 0.362069 -0.301665 -0.159618 -0.047071 0.176368 0.149053 0.452336 0.041284 -0.007287 -0.258561 -0.140513 0.240468 0.162677 -0.135697 -0.062646 -0.067004 0.143539 0.010101 0.035994 0.122191 0.273911 -0.013541 0.037001 -0.310317 0.186712 0.031185 0.033371 -0.132944 0.090205 -0.015879 -0.130723 -0.000889 -0.166062 0.119950 0.036961 0.863352 0.129504 0.361522 0.310907 0.154005 0.666675 -0.165353 0.409291 0.199783 0.201980 0.143148 0.336971 0.426400 0.122835 -0.252169 -0.075273 0.198678 -0.069199 0.229654 0.008798 -0.013842 -0.198716 0.383382 0.212329 -0.415660 0.122708 0.090482 -0.047991 -0.198169 -0.043256 0.062596 0.086692 0.066515 0.179012 -0.194029 0.040593 -0.323875 0.015188 -0.159727 -0.118740 -0.211627 0.071810 0.078224 0.335964 -0.208731 -0.256148 -0.344994 -0.488031 0.071229 -0.034327 -0.015367 0.316558 -0.177560 -0.314059 -0.085562 0.433694 0.099464 -0.066723 -0.015408 -0.195511
-0.227431 1.000000 0.080467 0.198759 -0.100348 -0.201844 0.350244 0.163139 0.197207 0.053285 -0.121313 0.388771 0.160774 -0.042271 0.036463 0.043521 -0.161829 0.374202 -0.083387 0.156816 -0.270440 -0.413537 0.028749 -0.109867 0.123091 -0.221744 -0.184973 -0.204882 -0.029665 0.150476 0.130997 0.192909 0.075276 0.243811 0.141722 0.149529 -0.294669 -0.032011 -0.136122 0.009606 -0.186045 -0.246898 -0.320851 -0.272363 0.060882 0.113510 -0.449854 -0.449254 -0.004845 0.215767 -0.275342 0.130015 -0.138353 -0.191236 -0.160284 0.031627 -0.148801 0.343951 0.016355 0.231706 0.335627 -0.106092 0.216178 -0.234346 -0.217121 0.074668 -0.044914 0.058318 -0.341714 -0.200900 0.027454 0.006828 0.032616 -0.120559 0.029963 -0.100157 -0.314544 -0.144395 0.045794 -0.235798 0.060235 -0.256791 -0.106535 0.123586 -0.155842 0.112147 -0.074520 -0.080375 -0.277429 0.037587 -0.203328 -0.207905 -0.041915 -0.293143 -0.018982 0.033088 -0.186851 -0.065300 -0.246405 -0.282560 -0.046737 -0.048607 0.192597 0.122433 -0.080411 -0.056670 -0.073478 0.056792 0.049437 -0.105427 -0.128150 -0.385094 -0.341995 -0.191193 -0.028265 0.175489
-0.057457 0.080467 1.000000 -0.066560 -0.085604 -0.129573 0.442010 0.106681 0.070664 -0.136909 -0.196409 0.264682 -0.147693 0.401578 -0.338607 0.162754 -0.234793 -0.286097 0.219101 -0.209290 -0.109431 -0.255973 0.477280 -0.124652 0.399640 -0.028338 -0.015231 -0.016981 -0.221304 -0.159405 0.259410 -0.055006 0.552060 0.190403 -0.026876 -0.019754 -0.303264 -0.468001 -0.252053 -0.169027 -0.300466 -0.149048 -0.148389 -0.293246 -0.028639 -0.001924 -0.268992 -0.196705 0.082777 0.160351 -0.106228 -0.119493 -0.396308 -0.204897 -0.124957 -0.138387 -0.031520 -0.311055 0.392543 0.155223 0.482850 0.161062 0.535089 -0.016483 0.127747 0.421845 0.272320 0.164850 -0.300460 -0.164411 -0.108304 -0.029188 -0.079118 -0.218701 -0.096471 -0.189713 -0.200061 -0.301770 -0.113329 -0.094502 -0.201621 -0.151187 -0.589067 -0.432115 -0.193186 -0.572962 -0.368207 -0.141998 -0.018652 -0.205428 -0.083568 0.027768 -0.004137 0.110806 0.227369 -0.315548 -0.316544 -0.283330 -0.284284 -0.352118 -0.020396 0.233748 0.043160 0.237773 -0.207101 0.198931 0.038002 0.257402 -0.039887 -0.078645 -0.371952 -0.289924 -0.188478 -0.422671 0.008871 0.140764
-0.139790 0.198759 -0.066560 1.000000 -0.301223 0.289913 -0.067043 0.853341 0.048532 0.580509 -0.432678 -0.262995 -0.481903 -0.449326 -0.239448 -0.183122 -0.433735 -0.258468 -0.176880 -0.109760 -0.214306 0.251965 -0.132829 0.525384 0.090926 0.209747 -0.126317 0.338860 -0.510855 -0.339259 -0.379908 -0.025899 0.079103 -0.205093 0.255055 0.056859 0.239041 -0.147440 0.337802 0.418792 0.148115 -0.035545 -0.053650 -0.135819 -0.020190 0.202423 -0.023812 -0.173515 -0.307319 0.556862 -0.298472 0.653574 -0.238781 0.146322 0.187155 0.456051 -0.114698 -0.482964 0.189445 -0.148931 0.137785 -0.201875 -0.142977 -0.383377 0.505977 -0.283269 0.302042 -0.177300 -0.151271 -0.279559 -0.492758 0.115288 -0.407926 -0.301873 -0.372942 -0.204631 -0.280135 -0.190325 -0.209051 -0.353544 -0.383830 -0.479870 0.117447 0.248561 0.366704 0.222677 0.359461 -0.068990 0.408596 0.668610 0.083741 -0.067782 0.108567 0.111990 0.113366 0.196556 -0.052639 0.355115 -0.246300 0.225760 -0.351346 -0.007704 -0.218455 -0.235357 0.019059 0.164536 0.101148 0.102392 0.243391 0.155216 0.101126 -0.333438 -0.281047 -0.071301 -0.143406 -0.105683
-0.124050 -0.100348 -0.085604 -0.301223 1.000000 -0.122712 0.114372 -0.138808 -0.001977 -0.125064 0.180885 0.132502 0.270015 0.420018 0.179107 0.468361 0.277042 0.164986 -0.275601 0.142964 0.177879 0.139629 0.343641 -0.065713 0.305480 0.384589 0.519261 -0.060540 0.230786 0.288433 0.342418 0.413581 -0.137863 0.204977 0.251977 0.203445 -0.306160 0.217987 -0.077706 -0.307495 -0.436064 0.162896 0.467575 0.135625 0.439867 -0.082753 0.047522 -0.043830 0.332683 -0.205688 0.218167 -0.230382 0.070642 -0.097788 -0.040878 -0.499850 -0.012624 0.224310 -0.348108 -0.091472 -0.206853 -0.100436 0.098062 0.282589 -0.232461 -0.004833 -0.066347 -0.265451 -0.140806 0.182014 0.161185 0.140751 0.175398 0.151226 0.304242 0.137668 0.214208 0.150887 0.318565 0.271152 0.315066 0.327490 0.046254 0.007627 -0.245239 -0.160427 -0.085011 0.428828 -0.294397 -0.356700 -0.138644 -0.214201 -0.112986 0.076623 -0.496135 -0.222734 -0.099911 -0.008621 0.081468 -0.057150 -0.024131 0.122791 0.045032 0.126095 -0.122865 -0.250806 -0.320319 -0.427424 -0.459956 -0.442297 -0.010702 0.229850 0.143204 0.199183 -0.007015 0.020182
0.126986 -0.201844 -0.129573 0.289913 -0.122712 1.000000 -0.016264 0.131033 0.094465 0.508068 -0.050503 -0.358670 -0.146647 -0.209163 -0.105337 -0.276529 -0.143143 -0.460021 -0.097367 -0.543045 0.289424 0.298326 -0.226668 0.428482 -0.134722 0.159372 0.157432 0.579469 -0.267695 -0.435726 -0.376467 -0.277790 -0.315729 -0.577050 -0.125138 -0.219187 0.329119 -0.205007 -0.005813 0.087026 0.283797 0.225857 -0.005996 0.063852 -0.252081 0.099938 0.073324 0.024343 -0.242816 0.214049 0.173317 0.266544 0.350482 0.298806 0.204868 0.361527 0.035570 -0.174711 0.276491 -0.014236 -0.149575 -0.024502 -0.391610 -0.081770 0.391584 -0.226733 0.176695 -0.071458 0.099796 -0.062568 -0.170503 -0.033414 -0.314865 -0.036626 -0.352206 -0.035889 -0.020241 -0.046825 -0.138081 -0.127101 -0.023284 -0.186754 0.201985 0.131078 0.545779 0.000900 0.152877 -0.146409 0.523453 0.439714 0.290522 0.489552 0.258102 0.326878 0.053612 -0.134539 -0.164058 -0.077288 -0.248076 0.415134 -0.226917 -0.051282 -0.160789 -0.092406 -0.147635 0.288099 0.413385 0.050818 0.132126 -0.036885 -0.137979 0.027491 0.322943 -0.194584 -0.402067 -0.011676
-0.213938 0.350244 0.442010 -0.067043 0.114372 -0.016264 1.000000 0.070028 0.566176 0.116139 -0.078838 0.533680 0.468162 0.271128 -0.004766 0.044584 -0.328186 0.066318 -0.128257 0.010061 -0.297695 -0.495109 0.410991 0.154917 0.186379 -0.249503 -0.254135 -0.035930 -0.106189 -0.127052 0.121817 -0.017911 0.244215 0.045759 0.263440 0.117470 -0.272343 -0.264715 -0.268038 -0.217217 -0.253415 -0.305415 -0.172989 -0.214325 -0.006299 0.136985 -0.268511 -0.390531 0.141892 0.275552 -0.083609 -0.126560 -0.311819 -0.054416 -0.102518 -0.083689 -0.284805 0.146365 0.127155 -0.091340 0.479656 -0.058198 0.430428 -0.164272 0.108974 -0.006559 0.038313 -0.218842 -0.327116 -0.274621 -0.131241 0.014862 -0.084517 -0.363218 -0.111215 -0.286967 -0.292915 -0.430147 -0.088457 -0.253886 0.186682 -0.240792 -0.306111 -0.085240 -0.001141 -0.290365 -0.344334 -0.231634 -0.139185 -0.158107 -0.027240 0.174312 0.195488 0.225185 0.009502 -0.326565 -0.253701 -0.162418 -0.182084 -0.202083 0.086493 0.254056 0.121694 0.240624 -0.240098 -0.005906 -0.185353 -0.007518 -0.089730 -0.190183 -0.215340 -0.289557 -0.081286 -0.163055 0.047602 0.117129
-0.133325 0.163139 0.106681 0.853341 -0.138808 0.131033 0.070028 1.000000 0.075793 0.606222 -0.509775 -0.039705 -0.436422 -0.126857 -0.304657 0.104612 -0.340131 -0.179041 -0.246981 -0.037822 -0.365432 0.143904 0.131851 0.418226 0.322035 0.275495 -0.143517 0.235890 -0.426616 -0.265108 -0.222672 0.029792 0.292504 -0.068788 0.445878 0.238929 0.023908 -0.174059 0.248662 0.217087 -0.148708 -0.161653 0.119870 -0.123869 0.198512 0.331444 0.000282 -0.273025 -0.054886 0.634710 -0.245926 0.619945 -0.346290 -0.004920 0.064591 0.223857 -0.060030 -0.545436 0.176177 -0.162420 0.235389 -0.204841 -0.001130 -0.361405 0.494786 -0.249401 0.462414 -0.183706 -0.191395 -0.240872 -0.571473 0.125078 -0.332491 -0.360438 -0.323573 -0.382769 -0.374495 -0.391913 -0.049418 -0.315196 -0.269860 -0.385257 -0.044646 0.218293 0.253860 0.087258 0.197705 -0.050578 0.219938 0.548708 -0.009107 -0.131638 0.064050 0.155188 0.017299 0.037155 -0.187408 0.244479 -0.311072 0.093257 -0.412688 0.140600 -0.203679 -0.115373 -0.183755 0.060024 -0.058164 -0.002788 0.084120 0.027134 0.092717 -0.300697 -0.342053 -0.108781 -0.067702 -0.063015
-0.312252 0.197207 0.070664 0.048532 -0.001977 0.094465 0.566176 0.075793 1.000000 0.418265 -0.285898 0.388551 0.356560 -0.154232 0.576190 -0.144981 -0.354474 0.273814 -0.068005 0.041342 -0.029936 -0.427341 -0.036631 0.159784 0.091860 -0.266243 -0.251555 -0.189226 0.219162 0.049480 0.242538 -0.043354 -0.085280 -0.260831 0.074050 -0.036840 0.039736 -0.196500 -0.097372 0.095705 0.054292 -0.183916 -0.301841 -0.106371 -0.279360 -0.238594 -0.024732 -0.167841 -0.177349 0.017918 -0.215601 0.061898 -0.244469 0.077841 -0.247584 0.009868 -0.481564 -0.010385 -0.156682 -0.316396 0.049225 -0.431102 0.022408 -0.478667 -0.134380 -0.392150 -0.308955 -0.532098 -0.167613 -0.343482 0.073808 0.125931 -0.162535 -0.138297 -0.426042 -0.024165 -0.060464 -0.131867 -0.274192 -0.356028 0.403790 -0.086899 0.170416 0.401138 0.230768 0.146036 -0.327292 -0.025413 -0.139290 -0.053270 0.245381 0.252074 0.456249 0.146346 0.224861 0.002583 0.225376 -0.040721 0.120190 -0.254437 0.381401 0.255581 0.097423 0.126666 0.131401 0.255765 0.110788 -0.049432 0.241724 0.283637 0.160561 -0.055895 0.141562 0.220803 -0.011058 0.023807
-0.262513 0.053285 -0.136909 0.580509 -0.125064 0.508068 0.116139 0.606222 0.418265 1.000000 -0.397010 -0.088121 -0.219400 -0.284410 0.068817 -0.075433 -0.389688 -0.192035 -0.329538 -0.239643 -0.108241 -0.013188 -0.017379 0.525292 0.087681 0.193450 -0.179449 0.101120 -0.363461 -0.278072 -0.072692 -0.037870 -0.083811 -0.409569 0.340564 0.148651 0.225306 -0.281135 0.145401 0.217262 -0.000664 -0.226056 -0.065659 -0.074717 0.046251 0.056354 -0.014801 -0.205712 -0.104352 0.400018 -0.225585 0.557723 -0.150697 0.079062 -0.058222 0.225753 -0.370646 -0.425992 -0.046744 -0.377362 -0.040835 -0.450980 -0.234550 -0.452604 0.318524 -0.547446 0.148716 -0.409700 -0.190170 -0.403773 -0.354403 0.172246 -0.522368 -0.271608 -0.607148 -0.302317 -0.198703 -0.160095 -0.295914 -0.472219 0.054343 -0.432555 0.093051 0.321148 0.446895 0.142201 0.073183 -0.004651 0.208314 0.416160 0.422263 0.262417 0.577921 0.409847 0.029652 -0.083667 0.068845 0.039348 0.033522 0.124554 -0.025241 0.106630 0.111211 0.103877 0.052810 0.326205 0.110780 -0.193554 0.188088 0.293227 0.203941 -0.176402 0.117009 0.081581 -0.026230 -0.189648
0.164267 -0.121313 -0.196409 -0.432678 0.180885 -0.050503 -0.078838 -0.509775 -0.285898 -0.397010 1.000000 -0.123448 0.421506 0.209801 -0.037700 -0.010482 0.631124 0.185430 -0.007306 0.020827 0.103969 0.062786 0.011202 -0.188546 -0.285143 -0.047751 0.039040 -0.144907 0.384646 0.251183 -0.034324 0.238098 -0.297322 0.258661 -0.299623 -0.175208 -0.183968 0.450858 -0.098618 -0.276215 -0.004618 0.137622 0.105162 -0.006701 -0.135758 -0.259903 -0.044099 0.078951 -0.021467 -0.380636 0.101806 -0.371664 0.207276 -0.229947 -0.037575 -0.256566 0.188092 0.466586 -0.304718 0.028556 -0.267725 0.250161 0.021681 0.742420 -0.302058 0.211079 -0.357308 -0.048713 0.029770 0.071465 0.483045 0.008343 0.569650 0.359637 0.580915 0.228475 0.328489 0.340494 0.291566 0.683671 0.116771 0.581506 -0.004370 -0.307774 -0.226382 0.010462 -0.039914 -0.141791 -0.212367 -0.335407 -0.279564 -0.099406 -0.332191 -0.179431 -0.180871 0.029788 0.009300 -0.013723 0.194663 0.002497 0.027050 -0.371209 0.222368 -0.032792 -0.016438 -0.297013 -0.142774 -0.152565 -0.140880 -0.153344 -0.198073 0.158679 0.167954 0.031648 -0.014559 -0.113393
-0.312568 0.388771 0.264682 -0.262995 0.132502 -0.358670 0.533680 -0.039705 0.388551 -0.088121 -0.123448 1.000000 0.397054 0.538342 0.129348 0.299209 -0.029253 0.451394 0.029361 0.370332 -0.408596 -0.732750 0.345231 -0.317919 0.030075 -0.527106 -0.359752 -0.446611 0.290032 0.264258 0.246377 0.099857 0.190486 0.277038 0.281534 0.230963 -0.334618 -0.036398 -0.320728 -0.311585 -0.263473 -0.422732 -0.275098 -0.314674 0.113191 0.010051 -0.339365 -0.390331 0.228602 -0.036875 -0.013445 -0.356780 -0.098617 -0.121079 -0.181555 -0.262522 -0.244086 0.174083 -0.126389 0.063574 0.234232 -0.102185 0.310894 -0.110755 -0.289722 0.052779 0.006908 -0.032158 -0.151858 -0.073151 0.046855 0.106821 0.224260 -0.240042 -0.059443 -0.234932 -0.367137 -0.345306 -0.060567 -0.105583 0.226033 0.009668 -0.245111 0.056733 -0.253597 -0.129584 -0.457121 -0.108324 -0.354148 -0.334673 -0.082546 -0.061928 0.074744 -0.135167 0.069398 -0.186682 -0.154518 -0.335483 -0.241903 -0.375155 0.118199 0.153073 0.315732 0.313250 -0.193339 -0.091351 -0.295535 -0.108216 -0.056396 -0.073370 -0.239321 -0.312663 -0.265008 0.011849 0.118467 0.147146
-0.227426 0.160774 -0.147693 -0.481903 0.270015 -0.146647 0.468162 -0.436422 0.356560 -0.219400 0.421506 0.397054 1.000000 0.297700 0.302876 0.058077 0.249484 0.476429 -0.232366 0.159037 -0.052339 -0.341552 0.094888 -0.086102 -0.137544 -0.311503 -0.091253 -0.314662 0.444858 0.320940 0.160388 0.148864 -0.330552 0.070083 0.011360 -0.067194 -0.150434 0.297032 -0.085489 -0.309391 -0.108321 -0.070984 0.091585 -0.020625 -0.080113 -0.168756 0.069299 -0.075754 0.133271 -0.221129 0.060339 -0.385732 0.047367 -0.088130 -0.033034 -0.247912 -0.223073 0.562505 -0.412711 -0.130875 -0.178222 -0.214178 0.175627 0.164959 -0.333876 -0.093803 -0.451327 -0.310810 -0.114720 -0.014678 0.445641 0.032419 0.396434 0.261277 0.324553 0.192379 0.222142 0.137981 0.139151 0.275326 0.544239 0.358288 0.127135 0.094133 -0.009827 0.001760 -0.156313 -0.052604 -0.330539 -0.461347 -0.214131 -0.035980 -0.039182 -0.194287 -0.104634 0.012905 0.119160 0.012044 0.127118 -0.173803 0.220830 0.093102 0.257922 0.302328 -0.113253 -0.294987 -0.156650 -0.254879 -0.118205 -0.055661 0.048014 0.059326 0.070355 0.097398 0.011177 0.201583
-0.059944 -0.042271 0.401578 -0.449326 0.420018 -0.209163 0.271128 -0.126857 -0.154232 -0.284410 0.209801 0.538342 0.297700 1.000000 -0.129988 0.656454 0.382107 0.169858 0.034518 0.148230 -0.118894 -0.243116 0.563609 -0.352118 0.253765 0.007151 0.020128 -0.155682 0.289636 0.314486 0.159061 0.279553 0.148873 0.346114 0.227128 0.210873 -0.449681 0.037064 -0.380829 -0.533878 -0.463671 -0.073925 0.243804 -0.250281 0.318975 -0.023616 -0.047215 -0.250436 0.329982 -0.149505 0.172674 -0.497034 0.048992 -0.338948 -0.165405 -0.553082 0.080016 0.123359 -0.145369 0.164691 0.071442 0.093782 0.383492 0.333694 -0.176919 0.252879 0.115469 0.006145 -0.189964 0.147610 0.120197 0.006902 0.369740 -0.024693 0.289475 -0.118561 -0.069510 -0.160019 0.321067 0.371343 0.195005 0.393794 -0.392534 -0.228150 -0.334341 -0.456117 -0.335687 0.012110 -0.292094 -0.489824 -0.298084 -0.213465 -0.207313 -0.076469 -0.199395 -0.420450 -0.309257 -0.351645 -0.226642 -0.287333 -0.059688 0.177998 0.197944 0.360974 -0.387158 -0.217588 -0.264053 -0.238517 -0.364544 -0.359713 -0.330325 0.021225 -0.178654 -0.192607 0.005872 0.070694
-0.216822 0.036463 -0.338607 -0.239448 0.179107 -0.105337 -0.004766 -0.304657 0.576190 0.068817 -0.037700 0.129348 0.302876 -0.129988 1.000000 0.014876 -0.018809 0.388577 0.104439 0.152739 0.321601 -0.059693 -0.251428 -0.141970 -0.025410 -0.104485 -0.009664 -0.271182 0.498588 0.341774 0.155783 0.139168 -0.394088 -0.181228 -0.170682 -0.069176 0.121209 0.205293 0.104807 0.132456 0.244683 0.100622 -0.135090 0.087779 -0.164947 -0.482178 0.205936 0.170328 -0.188522 -0.361039 -0.125700 -0.081963 0.090158 0.007842 -0.245151 -0.173148 -0.326869 0.242868 -0.404595 -0.134361 -0.307004 -0.407234 -0.190294 -0.262986 -0.500689 -0.366559 -0.500460 -0.373975 0.030400 -0.064406 0.387706 0.054310 0.028826 0.187020 -0.178715 0.285971 0.217805 0.292139 -0.156150 -0.082093 0.466140 0.246850 0.487037 0.481599 0.044960 0.280542 -0.110095 0.261745 -0.233430 -0.233962 0.044109 -0.063439 0.107746 -0.197588 0.049582 0.229374 0.592800 0.150821 0.434163 -0.274936 0.442386 0.170115 0.025224 0.029651 0.356241 0.087597 0.133191 -0.055639 0.173963 0.350515 0.470690 0.367158 0.139338 0.472638 -0.012980 -0.041938
-0.080965 0.043521 0.162754 -0.183122 0.468361 -0.276529 0.044584 0.104612 -0.144981 -0.075433 -0.010482 0.299209 0.058077 0.656454 0.014876 1.000000 0.282359 0.148402 -0.183099 0.226708 0.216177 0.080812 0.428269 -0.356042 0.531480 0.448866 0.309689 -0.122809 0.199619 0.542883 0.365072 0.565690 0.186342 0.449752 0.288768 0.347001 -0.434944 0.103742 -0.125449 -0.258446 -0.482434 0.303778 0.301277 -0.226795 0.482516 -0.011471 -0.010306 -0.158288 0.266939 -0.083724 -0.122973 -0.330912 -0.099105 -0.513312 -0.286601 -0.585476 0.045818 -0.032324 -0.258428 0.137659 0.064901 -0.061763 0.403386 0.159229 -0.249923 0.170614 0.010647 -0.151997 -0.265627 0.043470 0.156309 0.247773 0.221953 0.216773 0.280435 0.184794 0.010850 0.016863 0.413172 0.248961 0.145163 0.267685 -0.193483 -0.039597 -0.499773 -0.378869 -0.280262 0.303580 -0.382298 -0.500228 -0.388133 -0.410572 -0.247305 -0.131258 -0.374258 -0.294013 -0.270151 -0.154211 -0.092220 -0.312084 -0.001104 0.258742 0.144108 0.353510 -0.199204 -0.102942 -0.189020 -0.171983 -0.362487 -0.360514 -0.091293 0.108703 -0.215143 -0.057438 -0.025586 -0.037751
0.289534 -0.161829 -0.234793 -0.433735 0.277042 -0.143143 -0.328186 -0.340131 -0.354474 -0.389688 0.631124 -0.029253 0.249484 0.382107 -0.018809 0.282359 1.000000 0.393410 -0.000051 0.090392 0.012540 0.104552 -0.001396 -0.242867 0.018881 0.116866 0.169194 -0.157471 0.639607 0.434077 0.016425 0.301059 -0.245946 0.331988 -0.179253 -0.031284 -0.236312 0.421922 -0.068212 -0.246886 -0.125574 0.178196 0.311181 0.078106 0.072311 -0.248248 0.017792 0.129693 0.051066 -0.395541 0.039877 -0.286282 0.147978 -0.432954 -0.168541 -0.380345 0.402464 0.328915 -0.379484 0.139528 -0.382846 0.252493 -0.005299 0.715634 -0.394245 0.167187 -0.267638 0.038613 -0.048272 0.126266 0.257929 -0.123822 0.698898 0.254370 0.588814 0.096826 0.282811 0.087790 0.673255 0.757262 0.320356 0.717954 0.076115 -0.171033 -0.311834 0.080296 -0.016168 0.096964 -0.319641 -0.344305 -0.424279 -0.376032 -0.439605 -0.254592 -0.287401 0.054924 -0.116326 -0.017020 0.138014 -0.139054 -0.136795 0.021240 0.089716 0.129685 -0.011952 -0.275244 -0.176888 -0.208683 -0.217288 -0.284306 -0.146460 0.329301 0.003590 0.052538 -0.007024 -0.208677
-0.164857 0.374202 -0.286097 -0.258468 0.164986 -0.460021 0.066318 -0.179041 0.273814 -0.192035 0.185430 0.451394 0.476429 0.169858 0.388577 0.148402 0.393410 1.000000 0.023386 0.447131 -0.244014 -0.405636 -0.079783 -0.208510 -0.092884 -0.299207 -0.238545 -0.463020 0.664945 0.610192 0.206460 0.279861 -0.201459 0.285469 0.070347 0.083853 -0.372805 0.347176 -0.215327 -0.183888 -0.143479 -0.181233 -0.042015 -0.122499 -0.019287 -0.253439 -0.104828 -0.267990 -0.045327 -0.371403 -0.165060 -0.098914 -0.040350 -0.274627 -0.416898 -0.391596 -0.051392 0.486323 -0.506349 -0.012325 -0.228716 -0.130829 0.075522 0.114257 -0.552088 -0.000779 -0.475166 -0.220444 -0.137103 -0.057039 0.332339 -0.030813 0.468380 0.155460 0.295921 0.065386 0.140528 0.066715 0.245142 0.311448 0.562205 0.472326 0.086775 0.324417 -0.220036 0.415728 -0.082361 -0.019556 -0.581461 -0.306632 -0.262730 -0.403637 -0.130969 -0.434863 -0.068539 0.117708 0.046894 -0.111937 0.144062 -0.463042 0.176405 0.105631 0.189026 0.161643 0.041678 -0.226512 -0.197160 -0.195011 0.001018 -0.052901 -0.019124 0.054833 -0.110014 0.249208 0.111207 -0.000745
0.204800 -0.083387 0.219101 -0.176880 -0.275601 -0.097367 -0.128257 -0.246981 -0.068005 -0.329538 -0.007306 0.029361 -0.232366 0.034518 0.104439 -0.183099 -0.000051 0.023386 1.000000 0.249780 0.043830 -0.093869 -0.126805 -0.289178 -0.088183 -0.239202 -0.156754 0.117731 0.188022 -0.039680 -0.052510 -0.344941 0.057546 -0.054805 -0.266225 -0.225264 0.047979 0.042115 -0.098547 0.026267 0.357544 0.005812 -0.240553 -0.042576 -0.311198 -0.179046 0.142853 0.146915 -0.241079 -0.174785 0.007287 -0.064904 0.137108 0.208648 -0.118449 0.080816 0.115285 -0.048677 0.263301 0.001544 -0.069555 0.070945 -0.026221 -0.029148 -0.089698 0.013803 0.134410 0.211296 0.323273 0.121357 0.074004 -0.220266 0.126926 -0.061459 0.033522 -0.013750 -0.029433 -0.024947 -0.154364 0.004711 -0.154049 0.097937 -0.162901 -0.093654 -0.062817 0.010541 -0.156026 -0.105991 0.079226 -0.035155 -0.047687 0.061467 -0.103380 -0.068743 0.310307 0.066067 0.161871 -0.036545 -0.048330 -0.161247 0.035842 -0.017177 -0.156515 -0.089412 0.092975 0.145106 0.166198 0.314890 0.267004 0.255027 0.030167 0.092241 -0.085993 -0.107386 -0.102649 -0.063548
-0.146158 0.156816 -0.209290 -0.109760 0.142964 -0.543045 0.010061 -0.037822 0.041342 -0.239643 0.020827 0.370332 0.159037 0.148230 0.152739 0.226708 0.090392 0.447131 0.249780 1.000000 -0.172103 -0.288081 0.098716 -0.301619 -0.074902 -0.235783 -0.138776 -0.245885 0.245724 0.334171 0.288112 0.180234 0.043160 0.316811 0.346806 0.190235 -0.311035 0.252250 -0.070539 0.005549 -0.186719 -0.094215 -0.061028 -0.069883 0.196203 0.021828 0.034641 -0.194676 0.041828 -0.156449 -0.149197 -0.304036 -0.068017 0.010419 -0.247096 -0.116598 -0.186515 0.231384 -0.270810 -0.199879 -0.037668 -0.174825 0.074337 -0.098760 -0.297500 -0.234019 0.015119 -0.076111 0.082987 0.302161 0.111611 0.061229 0.178745 -0.035609 0.185468 0.020913 -0.132547 -0.031939 0.036866 -0.014718 0.070264 0.129379 -0.072269 0.047995 -0.352439 0.178423 -0.172816 0.100008 -0.378210 -0.159224 -0.022556 -0.180470 -0.062687 -0.219078 -0.016713 0.113746 0.076581 0.026780 0.015667 -0.078571 0.065614 -0.007402 0.158773 0.104917 -0.030328 -0.143974 -0.331766 -0.224842 0.001816 0.077099 0.022029 -0.172890 -0.163858 0.051900 0.122470 -0.034863
0.022773 -0.270440 -0.109431 -0.214306 0.177879 0.289424 -0.297695 -0.365432 -0.029936 -0.108241 0.103969 -0.408596 -0.052339 -0.118894 0.321601 0.216177 0.012540 -0.244014 0.043830 -0.172103 1.000000 0.519120 -0.269240 -0.239446 0.056259 0.333923 0.657588 0.228881 0.123296 0.221269 0.224609 0.096652 -0.290875 -0.212537 -0.350751 -0.130189 0.114467 0.065981 0.062690 0.178997 0.194517 0.805716 0.003932 0.045327 -0.159938 -0.277776 0.154794 0.304749 -0.250131 -0.327897 -0.017542 -0.254130 0.271828 0.000400 -0.107637 -0.071018 -0.015481 -0.011107 -0.003381 0.084962 -0.303562 -0.128020 -0.135185 -0.039064 -0.222745 0.064004 -0.186715 -0.079611 0.046898 0.087561 0.514232 0.037968 -0.054123 0.605025 0.043331 0.718884 0.467922 0.577371 0.069331 0.121932 0.082989 0.159740 0.223352 0.075814 -0.148281 -0.203968 -0.082196 0.281733 0.057318 -0.274229 0.002013 0.060435 -0.026494 -0.070559 0.005705 0.100821 0.131862 0.029808 0.082557 -0.017655 0.268111 0.074387 -0.050907 0.086960 0.123703 0.254790 0.512829 0.190153 0.055017 0.030198 0.080280 0.262944 0.323591 -0.038353 -0.374986 0.119134
0.362069 -0.413537 -0.255973 0.251965 0.139629 0.298326 -0.495109 0.143904 -0.427341 -0.013188 0.062786 -0.732750 -0.341552 -0.243116 -0.059693 0.080812 0.104552 -0.405636 -0.093869 -0.288081 0.519120 1.000000 -0.284915 0.135951 0.083196 0.628737 0.560225 0.603172 -0.188874 -0.087160 -0.311394 -0.017337 -0.138337 -0.171184 -0.180533 -0.199366 0.254712 0.234386 0.470678 0.297229 0.185392 0.671719 0.353349 0.253124 -0.056246 0.129284 0.339876 0.362884 -0.203044 0.161802 0.060091 0.206500 0.091831 0.006342 0.320331 0.142008 0.391240 -0.152389 0.167710 0.087635 -0.178065 0.149099 -0.308357 0.160418 0.367645 -0.019662 0.143428 0.094280 0.216709 0.161699 -0.109231 -0.045199 -0.137529 0.276635 0.087627 0.336573 0.259478 0.271399 0.193573 0.166635 -0.328743 0.067132 0.343498 0.104582 0.097019 -0.081633 0.418560 0.335780 0.428221 0.226714 -0.155259 -0.179848 -0.335605 0.001781 -0.157348 0.155621 0.115205 0.486741 0.156915 0.400856 -0.284216 -0.074354 -0.515226 -0.406199 0.079605 -0.087250 0.141670 0.177596 -0.026227 -0.090003 0.262188 0.357391 0.175866 0.128481 -0.153085 -0.156649
-0.301665 0.028749 0.477280 -0.132829 0.343641 -0.226668 0.410991 0.131851 -0.036631 -0.017379 0.011202 0.345231 0.094888 0.563609 -0.251428 0.428269 -0.001396 -0.079783 -0.126805 0.098716 -0.269240 -0.284915 1.000000 0.207788 0.420139 0.145754 -0.083886 -0.250137 -0.179493 -0.117259 0.373691 0.266375 0.339034 0.331927 0.305645 0.222740 -0.347594 -0.325529 -0.265446 -0.403322 -0.576315 -0.322759 0.242844 -0.053987 0.598036 0.115294 -0.189467 -0.243873 0.609104 0.197153 0.185912 -0.071747 -0.196858 -0.192181 -0.117743 -0.411766 -0.268697 -0.165925 -0.118650 -0.238901 0.150606 -0.135988 0.506491 0.111716 0.025058 0.071824 0.213478 -0.147338 -0.336350 -0.057565 -0.075343 0.017212 -0.101197 -0.261617 0.033030 -0.252048 -0.103388 -0.193913 0.037307 -0.065258 0.126470 -0.042861 -0.361959 -0.424145 -0.149212 -0.404821 -0.201852 0.009794 -0.267674 -0.315786 0.033170 -0.071611 0.082152 0.234288 -0.349836 -0.436444 -0.301516 -0.300109 -0.131545 -0.216051 0.034308 0.127314 0.349150 0.352237 -0.205014 -0.048151 -0.468984 -0.311213 -0.468002 -0.291104 -0.206941 -0.274757 -0.199166 -0.101836 0.274937 0.028861
-0.159618 -0.109867 -0.124652 0.525384 -0.065713 0.428482 0.154917 0.418226 0.159784 0.525292 -0.188546 -0.317919 -0.086102 -0.352118 -0.141970 -0.356042 -0.242867 -0.208510 -0.289178 -0.301619 -0.239446 0.135951 0.207788 1.000000 0.006099 0.156474 -0.156073 0.242477 -0.448494 -0.548546 -0.252371 -0.164691 -0.120020 -0.370149 0.169832 -0.012411 0.310327 -0.270709 0.174156 0.156529 0.112214 -0.194306 0.175643 0.252605 0.117603 0.162695 0.043239 -0.007718 0.060950 0.453759 0.012465 0.627829 -0.171404 0.250679 0.228531 0.295493 -0.272854 -0.260240 -0.056984 -0.491900 -0.098958 -0.263086 -0.143973 -0.166149 0.510809 -0.428390 0.037290 -0.293312 -0.142567 -0.246204 -0.413635 -0.098990 -0.475914 -0.356934 -0.343354 -0.259029 0.017555 -0.122011 -0.210419 -0.293268 0.086251 -0.338237 0.309611 0.069798 0.651200 0.170620 0.520568 -0.074120 0.373069 0.473878 0.336995 0.203839 0.318183 0.460262 -0.177694 -0.052762 -0.041482 0.179285 0.061137 0.320239 -0.100873 0.091772 -0.083561 -0.074543 0.060824 0.070075 -0.152980 -0.165836 -0.083579 0.012546 0.136821 -0.138608 0.065938 0.141745 0.095103 -0.166313
-0.047071 0.123091 0.399640 0.090926 0.305480 -0.134722 0.186379 0.322035 0.091860 0.087681 -0.285143 0.030075 -0.137544 0.253765 -0.025410 0.531480 0.018881 -0.092884 -0.088183 -0.074902 0.056259 0.083196 0.420139 0.006099 1.000000 0.599719 0.240836 0.032217 0.002427 0.210751 0.292984 0.399241 0.415616 0.327600 0.256148 0.262786 -0.165979 -0.056136 0.080983 0.026063 -0.317122 0.154314 0.326029 -0.038220 0.332729 0.042555 0.049450 0.015579 0.151796 0.250453 -0.228360 0.137909 -0.341046 -0.343995 -0.262142 -0.239706 0.028365 -0.381852 -0.034369 -0.033370 0.273663 -0.065182 0.587161 -0.048039 -0.030755 0.147335 0.134227 -0.246864 -0.389064 -0.189602 -0.134967 0.303929 0.054863 -0.025605 0.112900 0.039884 0.012401 -0.128543 0.275845 -0.013412 0.052726 0.023137 -0.181010 -0.168589 -0.187304 -0.202700 -0.220427 0.154678 -0.283812 -0.139529 -0.295008 -0.323552 -0.226863 0.072927 -0.154310 -0.069809 -0.211392 0.131684 -0.175560 -0.282139 -0.195798 0.306110 -0.108129 0.157006 -0.234119 -0.035665 -0.173977 -0.156749 -0.101811 -0.169794 0.099383 0.027885 -0.326296 -0.133252 -0.009379 -0.059530
0.176368 -0.221744 -0.028338 0.209747 0.384589 0.159372 -0.249503 0.275495 -0.266243 0.193450 -0.047751 -0.527106 -0.311503 0.007151 -0.104485 0.448866 0.116866 -0.299207 -0.239202 -0.235783 0.333923 0.628737 0.145754 0.156474 0.599719 1.000000 0.492306 0.298649 -0.145704 0.079010 0.085415 0.360155 0.141933 0.136284 0.171571 0.128811 -0.006237 0.107671 0.258310 0.054592 -0.156311 0.403444 0.539416 0.127853 0.331089 0.088565 0.242011 0.107794 0.099397 0.189764 -0.054988 0.231317 -0.114952 -0.283537 0.036500 -0.194873 0.212948 -0.321674 -0.060646 -0.072419 -0.015239 -0.008158 0.140467 0.152166 0.175030 0.032801 0.137824 -0.188359 -0.099634 -0.045114 -0.138700 0.223430 -0.088403 0.171067 0.192961 0.173137 0.217384 0.121058 0.293635 0.125870 -0.076687 0.093721 0.032707 -0.074920 -0.051787 -0.157927 0.104695 0.307208 0.013704 -0.033826 -0.223761 -0.269292 -0.190574 0.137825 -0.392403 -0.133495 -0.088777 0.255013 0.126433 0.067789 -0.264388 0.076494 -0.241028 -0.067190 0.003982 -0.023012 -0.005215 -0.073077 -0.214822 -0.273594 0.184268 0.318512 -0.003027 0.057807 -0.075934 -0.226751
0.149053 -0.184973 -0.015231 -0.126317 0.519261 0.157432 -0.254135 -0.143517 -0.251555 -0.179449 0.039040 -0.359752 -0.091253 0.020128 -0.009664 0.309689 0.169194 -0.238545 -0.156754 -0.138776 0.657588 0.560225 -0.083886 -0.156073 0.240836 0.492306 1.000000 0.337714 -0.028424 0.144597 0.244524 0.179742 -0.111091 -0.042517 -0.090523 0.000120 -0.086788 0.093784 0.136693 -0.067830 -0.156299 0.706284 0.353575 0.151260 0.126088 -0.060983 0.093767 0.224555 0.064592 -0.098638 0.084229 -0.133550 0.125560 -0.076528 0.141415 -0.223471 0.185636 0.075785 0.043114 0.145499 -0.254815 0.023720 -0.070826 0.210253 -0.042445 0.156019 0.073243 -0.016205 -0.042758 0.208764 0.191442 -0.026945 -0.002116 0.477129 0.244104 0.439381 0.343326 0.294512 0.378519 0.245871 0.034606 0.150144 0.073958 0.068191 -0.216577 -0.276424 -0.068972 0.533992 0.027520 -0.198838 -0.240081 -0.168706 -0.189831 0.002111 -0.238845 -0.020618 -0.144359 0.054853 -0.067096 0.037178 -0.072304 0.152769 -0.191244 0.092093 -0.122145 -0.000303 0.232563 0.110780 -0.226785 -0.284538 -0.001980 0.269836 0.168210 -0.200908 -0.358596 0.228156
0.452336 -0.204882 -0.016981 0.338860 -0.060540 0.579469 -0.035930 0.235890 -0.189226 0.101120 -0.144907 -0.446611 -0.314662 -0.155682 -0.271182 -0.122809 -0.157471 -0.463020 0.117731 -0.245885 0.228881 0.603172 -0.250137 0.242477 0.032217 0.298649 0.337714 1.000000 -0.344111 -0.311965 -0.474163 -0.307836 0.047895 -0.267728 -0.021210 -0.168312 0.222320 0.008209 0.195455 0.247793 0.205166 0.459270 0.108711 0.060108 -0.275364 0.348881 0.195631 0.049413 -0.293730 0.431701 0.059603 0.169066 0.098004 0.250607 0.365664 0.398288 0.413444 -0.076348 0.477800 0.144435 0.151833 0.311670 -0.224209 -0.027406 0.618437 0.006229 0.364637 0.094143 0.256486 0.105022 -0.359212 -0.120671 -0.192313 -0.094730 -0.079915 -0.019064 -0.087836 -0.178956 0.070296 -0.020421 -0.398947 -0.166563 0.129589 0.112960 0.249893 -0.189964 0.257924 0.134650 0.555140 0.470698 -0.048272 0.179854 -0.162921 0.153210 -0.007242 -0.020872 -0.306605 0.276077 -0.314099 0.499031 -0.414154 -0.081248 -0.573451 -0.402126 -0.234801 -0.020629 0.185283 0.236316 0.055381 -0.201127 -0.055351 0.061985 0.040316 -0.291699 -0.336761 -0.052322
0.041284 -0.029665 -0.221304 -0.510855 0.230786 -0.267695 -0.106189 -0.426616 0.219162 -0.363461 0.384646 0.290032 0.444858 0.289636 0.498588 0.199619 0.639607 0.664945 0.188022 0.245724 0.123296 -0.188874 -0.179493 -0.448494 0.002427 -0.145704 -0.028424 -0.344111 1.000000 0.671965 0.154079 0.260300 -0.237393 0.266451 -0.271880 -0.058846 -0.143434 0.508933 -0.170024 -0.183684 0.065197 0.157664 0.082949 0.063223 -0.179684 -0.416031 0.163162 0.119141 -0.126680 -0.556852 -0.002434 -0.392635 0.177624 -0.294599 -0.327336 -0.369484 0.131678 0.334729 -0.504606 -0.009439 -0.366207 -0.032185 0.064318 0.292185 -0.660018 0.110560 -0.503901 -0.197121 0.049792 0.052949 0.502093 0.009068 0.756252 0.368249 0.433921 0.289833 0.370766 0.201226 0.400665 0.581684 0.536551 0.784728 0.152060 0.122891 -0.281690 0.219479 -0.279393 -0.022499 -0.461632 -0.491095 -0.367744 -0.239386 -0.315891 -0.450041 0.015847 0.214809 0.165217 -0.009397 0.121334 -0.386834 0.158962 0.104438 0.049848 0.091680 0.049573 -0.201334 0.005650 -0.113234 0.021653 -0.035347 0.069374 0.360532 0.021345 0.213929 -0.120849 0.013007
-0.007287 0.150476 -0.159405 -0.339259 0.288433 -0.435726 -0.127052 -0.265108 0.049480 -0.278072 0.251183 0.264258 0.320940 0.314486 0.341774 0.542883 0.434077 0.610192 -0.039680 0.334171 0.221269 -0.087160 -0.117259 -0.548546 0.210751 0.079010 0.144597 -0.311965 0.671965 1.000000 0.300078 0.659378 0.002911 0.582006 -0.070526 0.119819 -0.303531 0.513722 -0.140991 -0.149472 -0.107721 0.320510 0.110960 -0.158599 0.004827 -0.405528 0.045834 0.003447 -0.120787 -0.477559 -0.276927 -0.446970 0.000109 -0.525738 -0.412240 -0.506222 0.146634 0.245352 -0.560415 0.123375 -0.162118 0.029653 0.292937 0.240142 -0.636354 0.289941 -0.525234 -0.255189 -0.121777 -0.021242 0.484840 0.335552 0.647923 0.484671 0.463990 0.432723 0.301597 0.343868 0.338548 0.525967 0.251645 0.626173 0.002566 0.143167 -0.548108 0.131596 -0.221036 0.124830 -0.626497 -0.529378 -0.488812 -0.471432 -0.370703 -0.461687 -0.137877 0.023492 0.047410 -0.022516 0.103676 -0.450105 0.132680 -0.016188 0.181546 0.106781 -0.067935 -0.266005 -0.114658 -0.132464 -0.094449 -0.103850 0.061856 0.253344 -0.203429 0.085280 0.002848 -0.043438
-0.258561 0.130997 0.259410 -0.379908 0.342418 -0.376467 0.121817 -0.222672 0.242538 -0.072692 -0.034324 0.246377 0.160388 0.159061 0.155783 0.365072 0.016425 0.206460 -0.052510 0.288112 0.224609 -0.311394 0.373691 -0.252371 0.292984 0.085415 0.244524 -0.474163 0.154079 0.300078 1.000000 0.309390 0.082154 0.287572 0.122756 0.272638 -0.388479 -0.166728 -0.194324 -0.124976 -0.481325 0.030184 -0.032288 -0.028403 0.273040 -0.222434 -0.212764 -0.193889 0.298696 -0.223819 -0.123083 -0.206062 -0.215476 -0.271059 -0.444253 -0.412587 -0.271827 0.029688 -0.295866 -0.195936 -0.080730 -0.295700 0.240232 -0.101037 -0.437820 0.062858 -0.204928 -0.225130 -0.228957 -0.024287 0.429707 0.267301 0.022567 0.268536 0.082332 0.319004 0.282431 0.306977 0.119744 -0.116595 0.347861 0.087502 -0.193374 -0.041895 -0.398956 -0.140405 -0.405715 0.320418 -0.565699 -0.506629 0.079712 -0.074454 0.209984 0.042007 -0.140991 -0.158920 -0.066434 -0.337591 0.118012 -0.430980 0.428911 0.107442 0.403299 0.423371 0.052366 0.123967 -0.134079 -0.116062 -0.220941 -0.069894 -0.003678 -0.114310 0.047673 -0.016064 0.065692 0.164495
-0.140513 0.192909 -0.055006 -0.025899 0.413581 -0.277790 -0.017911 0.029792 -0.043354 -0.037870 0.238098 0.099857 0.148864 0.279553 0.139168 0.565690 0.301059 0.279861 -0.344941 0.180234 0.096652 -0.017337 0.266375 -0.164691 0.399241 0.360155 0.179742 -0.307836 0.260300 0.659378 0.309390 1.000000 0.067501 0.638070 0.073723 0.236963 -0.396290 0.227365 -0.184648 -0.198184 -0.340170 0.194081 0.260413 -0.169373 0.385828 -0.384607 -0.148771 -0.174371 0.154884 -0.298123 -0.185292 -0.195850 -0.074240 -0.556364 -0.388223 -0.500430 -0.012059 -0.008071 -0.499331 0.073705 -0.039262 -0.039499 0.407649 0.244327 -0.521952 0.213356 -0.350401 -0.352362 -0.404634 -0.139688 0.296160 0.534151 0.368497 0.251091 0.318827 0.221635 0.199487 0.241244 0.310680 0.328631 0.182650 0.362008 -0.081788 -0.124429 -0.404124 0.105919 -0.136033 0.018378 -0.596011 -0.289202 -0.354643 -0.419478 -0.272922 -0.223900 -0.408350 -0.190846 -0.189801 -0.088841 -0.008004 -0.297374 -0.082567 -0.083901 0.308831 0.136043 -0.100039 -0.186298 -0.231057 -0.243511 -0.349992 -0.319668 -0.092068 0.053543 -0.338730 -0.081689 0.055869 -0.051653
0.240468 0.075276 0.552060 0.079103 -0.137863 -0.315729 0.244215 0.292504 -0.085280 -0.083811 -0.297322 0.190486 -0.330552 0.148873 -0.394088 0.186342 -0.245946 -0.201459 0.057546 0.043160 -0.290875 -0.138337 0.339034 -0.120020 0.415616 0.141933 -0.111091 0.047895 -0.237393 0.002911 0.082154 0.067501 1.000000 0.551137 0.218474 0.209209 -0.300378 -0.164469 -0.106897 -0.055991 -0.198763 -0.189240 -0.032079 -0.164945 0.123414 0.303241 -0.203564 -0.167901 0.199656 0.344611 -0.122722 -0.109312 -0.446542 -0.275122 -0.006211 -0.112072 0.271624 -0.378375 0.376115 0.141340 0.641132 0.447664 0.486248 -0.003041 0.184498 0.461073 0.422700 0.254054 -0.008186 -0.097067 -0.409923 0.155800 -0.044646 -0.362602 -0.020513 -0.280776 -0.387582 -0.462808 -0.021097 -0.181088 -0.477338 -0.236996 -0.459180 -0.383029 -0.402552 -0.322951 -0.255227 -0.111915 -0.179234 -0.016545 -0.153149 -0.097433 -0.190012 0.064336 0.023600 -0.277436 -0.332593 -0.091035 -0.203828 -0.107449 -0.152232 -0.008419 0.006307 -0.088399 -0.221948 -0.023219 -0.310851 0.118323 -0.142762 -0.163395 -0.148628 -0.202915 -0.286636 -0.205980 0.325669 -0.014082
0.162677 0.243811 0.190403 -0.205093 0.204977 -0.577050 0.045759 -0.068788 -0.260831 -0.409569 0.258661 0.277038 0.070083 0.346114 -0.181228 0.449752 0.331988 0.285469 -0.054805 0.316811 -0.212537 -0.171184 0.331927 -0.370149 0.327600 0.136284 -0.042517 -0.267728 0.266451 0.582006 0.287572 0.638070 0.551137 1.000000 0.053443 0.221999 -0.528653 0.293986 -0.174594 -0.258757 -0.368853 -0.011311 0.088739 -0.137249 0.293484 -0.080467 -0.280781 -0.185755 0.240682 -0.129562 -0.152354 -0.342758 -0.203005 -0.588566 -0.234717 -0.450252 0.370582 0.078046 -0.251264 0.222152 0.256834 0.420708 0.570889 0.424172 -0.395637 0.589293 -0.116704 0.091557 -0.096758 0.038776 0.061931 0.352979 0.522716 0.010903 0.463244 0.029157 -0.084386 -0.037201 0.377195 0.331217 -0.177161 0.345485 -0.283953 -0.340919 -0.704203 -0.039096 -0.188096 -0.050437 -0.596841 -0.371049 -0.504704 -0.482960 -0.539462 -0.258845 -0.361929 -0.172675 -0.334184 -0.122264 -0.107523 -0.319258 -0.148268 -0.236991 0.256616 -0.026801 -0.093945 -0.332848 -0.513747 -0.059971 -0.406218 -0.413379 -0.182350 -0.071822 -0.441137 -0.094297 0.248014 -0.052545
-0.135697 0.141722 -0.026876 0.255055 0.251977 -0.125138 0.263440 0.445878 0.074050 0.340564 -0.299623 0.281534 0.011360 0.227128 -0.170682 0.288768 -0.179253 0.070347 -0.266225 0.346806 -0.350751 -0.180533 0.305645 0.169832 0.256148 0.171571 -0.090523 -0.021210 -0.271880 -0.070526 0.122756 0.073723 0.218474 0.053443 1.000000 0.671131 -0.107346 0.042216 0.224254 0.093635 -0.285982 -0.265938 0.070267 -0.243714 0.363489 0.380743 -0.157467 -0.474329 0.197208 0.462245 -0.264542 0.111995 -0.303465 -0.006961 0.011002 0.025501 -0.156725 -0.119683 -0.072404 -0.255635 0.188120 -0.216038 0.113535 -0.231531 0.230499 -0.341908 0.426905 -0.298908 -0.202916 -0.182526 -0.336848 0.207442 -0.192743 -0.347188 -0.064385 -0.247163 -0.286087 -0.294231 0.100785 -0.300974 -0.036099 -0.335568 -0.162179 0.139460 -0.068312 -0.080818 -0.038449 0.130739 -0.159228 0.159519 0.117290 -0.160717 0.203519 0.181362 -0.194899 -0.028255 -0.173060 0.137119 -0.103447 0.061457 -0.187654 0.165077 0.050463 0.146258 -0.183518 -0.142566 -0.367520 -0.367598 -0.106903 -0.034474 0.041752 -0.247578 -0.179030 0.011629 0.106174 -0.019779
-0.062646 0.149529 -0.019754 0.056859 0.203445 -0.219187 0.117470 0.238929 -0.036840 0.148651 -0.175208 0.230963 -0.067194 0.210873 -0.069176 0.347001 -0.031284 0.083853 -0.225264 0.190235 -0.130189 -0.199366 0.222740 -0.012411 0.262786 0.128811 0.000120 -0.168312 -0.058846 0.119819 0.272638 0.236963 0.209209 0.221999 0.671131 1.000000 -0.136147 0.053304 0.109974 0.085068 -0.210990 -0.086919 0.004504 -0.143315 0.384982 0.235267 -0.269358 -0.345391 0.253334 0.226854 -0.277607 0.006739 -0.251275 -0.162066 -0.080845 -0.108495 -0.012941 -0.078578 -0.162288 -0.098769 0.122610 -0.112092 0.094098 -0.166233 -0.075339 -0.099451 0.202272 -0.191765 -0.189736 -0.163507 -0.082959 0.286552 -0.006041 -0.113902 0.036536 -0.027071 -0.002712 -0.031975 0.273351 -0.154259 0.036672 -0.184498 -0.128364 0.023187 -0.264922 -0.110170 -0.083301 0.059789 -0.291823 -0.009392 0.003856 -0.093810 0.024072 0.122088 -0.293119 -0.029862 -0.250456 -0.020408 -0.107074 -0.106538 -0.070231 0.153340 0.145181 0.197248 -0.159806 -0.113259 -0.300043 -0.219744 -0.296013 -0.213030 0.018884 -0.182744 -0.216110 -0.071177 0.021839 0.086164
