1.000000 -0.045925 0.394067 -0.101860 -0.138698 -0.332028 0.436997 -0.160920 -0.079047 -0.257186 0.391421 -0.198953 -0.011977 -0.302299 -0.010980 -0.334121 0.327113 -0.005381 0.388179 0.194151 -0.329704 -0.389177 0.061942 -0.002981 -0.113078 -0.247790 -0.275723 -0.338490 0.022646 -0.317493 -0.175205 -0.198516 0.324134 0.138449 0.035234 0.021208 -0.008533 -0.062747 -0.020516 -0.061379 -0.111202 -0.179169 -0.364907 -0.246576 -0.266218 -0.236895 -0.425694 -0.158013 -0.231076 -0.174697 -0.128240 0.075619 -0.241680 0.073805 -0.189531 0.036139 0.763397 0.060522 -0.039470 -0.025841 0.375411 0.195944 0.382505 0.126159 0.154898 0.129452 -0.042200 -0.097172 0.127257 0.099617 -0.077242 -0.343382 -0.016267 -0.405916 -0.113987 -0.343902 0.045416 -0.020338 0.208369 0.067852 0.188650 0.060377 -0.095558 -0.099137 -0.010864 0.109541 -0.094682 -0.054850 -0.040136 0.223576 -0.380447 0.067499 -0.428663 -0.101488 -0.031663 0.006982 -0.134659 -0.042775 -0.458371 -0.143249 -0.390027 -0.067119 -0.270655 -0.021968 -0.139261 -0.048604 -0.024931 0.028208 -0.089020 -0.003261 -0.075064 -0.350075 -0.392848 -0.350267 -0.161093 0.015045
-0.045925 1.000000 0.072390 0.495248 0.161533 0.523555 -0.233516 0.375776 0.238210 0.391182 -0.470909 0.242922 -0.142109 0.205840 0.183659 0.540987 -0.628611 0.066175 0.498463 0.650161 0.004696 0.147406 0.052590 0.207096 0.456495 0.399678 0.356730 0.400661 -0.562570 0.203492 0.102379 0.122736 0.315010 0.392656 -0.207034 -0.041899 -0.402125 -0.268144 -0.267877 -0.032392 -0.242134 0.098567 0.069426 -0.039276 0.234149 0.256599 -0.101568 -0.125806 0.365665 0.189878 0.117986 -0.067150 -0.013741 -0.430839 -0.245583 -0.557050 0.006836 0.806191 0.049675 0.336648 -0.041866 0.060702 -0.202616 0.186314 -0.073082 -0.171164 0.164967 -0.023666 0.622771 0.490567 -0.336963 0.111705 -0.586729 0.187856 -0.543363 -0.032419 -0.340803 -0.091703 -0.523981 -0.123472 -0.383401 -0.126929 -0.062612 0.410071 -0.294352 -0.403519 0.080417 0.248029 -0.136389 -0.435814 -0.080272 -0.578814 -0.126987 -0.441103 -0.280965 -0.371959 -0.274590 -0.560192 -0.193945 -0.581381 -0.356725 -0.430145 -0.330781 -0.236841 -0.156996 -0.459177 0.019085 -0.349237 -0.432173 -0.375529 -0.151404 -0.256348 -0.254782 -0.474826 -0.589880 -0.318870
0.394067 0.072390 1.000000 0.665278 0.482048 0.244199 0.830549 0.475949 0.537715 0.431033 0.199462 -0.099889 0.400048 0.037204 0.392736 0.055622 -0.185138 -0.316886 0.760883 0.597699 0.177642 0.274019 0.859617 0.718193 0.308980 0.347700 0.333758 0.186419 0.070295 -0.224823 0.674431 0.624855 0.453619 0.421672 -0.558970 -0.517972 -0.562653 -0.513311 -0.492893 -0.511172 -0.320222 -0.273940 -0.122881 -0.006378 -0.105957 0.052532 -0.235270 0.104357 -0.206119 0.133032 -0.383411 0.089846 -0.413691 0.258338 -0.695648 -0.152395 0.025952 -0.110665 -0.446766 -0.332360 -0.471634 -0.442723 -0.426736 -0.479252 -0.588372 -0.430589 -0.383769 -0.485752 0.325586 0.096692 0.521058 0.419435 0.087514 -0.084692 -0.101080 -0.064940 -0.354404 -0.269660 -0.418880 -0.459006 -0.425750 -0.434510 -0.037765 -0.202872 -0.626363 -0.406419 0.082720 -0.169464 -0.586956 -0.174939 -0.289344 0.213980 0.058437 0.217038 -0.431167 -0.466248 -0.541208 -0.215982 -0.364380 0.057606 -0.056982 0.170264 -0.279143 0.156475 -0.170410 -0.024460 -0.123943 -0.208771 -0.482447 -0.397999 -0.204209 0.127767 0.158858 -0.049902 -0.087652 -0.129352
-0.101860 0.495248 0.665278 1.000000 0.521657 0.682577 0.334913 0.831642 0.558139 0.720658 -0.252374 0.181724 0.185174 0.373214 0.385221 0.452269 -0.645227 -0.366701 0.707881 0.726472 0.289335 0.486881 0.778498 0.819874 0.600031 0.626347 0.595021 0.527864 -0.256516 -0.023636 0.749647 0.797379 0.487697 0.610148 -0.617572 -0.455024 -0.750660 -0.632541 -0.617325 -0.518783 -0.361624 -0.146671 0.161025 0.223436 0.271372 0.421427 -0.009141 0.224698 0.143644 0.394418 -0.253820 0.117937 -0.264813 0.102832 -0.723273 -0.416118 -0.320822 0.107817 -0.320470 -0.166120 -0.616595 -0.535956 -0.707648 -0.503309 -0.665119 -0.522149 -0.205985 -0.337417 0.521186 0.233078 0.361508 0.631325 -0.196181 0.198828 -0.237373 0.098434 -0.479937 -0.245146 -0.755323 -0.609543 -0.755930 -0.594132 -0.170435 0.007716 -0.815495 -0.626346 0.155936 -0.096288 -0.697406 -0.517450 -0.172381 -0.101731 0.290481 0.069661 -0.570895 -0.593551 -0.621095 -0.428495 -0.253077 -0.068657 0.023512 -0.000700 -0.216121 0.068626 -0.144982 -0.228085 -0.162116 -0.394788 -0.584331 -0.554575 -0.233787 0.205499 0.251311 -0.029789 -0.278417 -0.331052
-0.138698 0.161533 0.482048 0.521657 1.000000 0.618071 0.414833 0.221057 0.817809 0.640713 -0.001543 -0.224465 0.510813 -0.024864 0.716625 0.382444 -0.345264 -0.289040 0.309044 0.296506 0.552199 0.606795 0.573008 0.495030 0.640030 0.602125 0.855270 0.700069 0.184888 -0.019641 0.612324 0.457470 -0.040105 0.010982 -0.438718 -0.386730 -0.388633 -0.409356 -0.260099 -0.338464 0.059593 -0.124612 -0.208911 -0.109143 0.062969 0.138114 -0.283850 -0.141000 -0.023712 0.263518 -0.282984 -0.024303 -0.272133 -0.091588 -0.421555 -0.229542 -0.144456 0.074935 -0.021328 -0.098865 -0.305007 -0.246769 -0.460031 -0.253309 -0.361622 -0.188447 -0.149769 -0.254127 0.392260 0.127304 0.416404 0.362848 0.132899 0.094015 0.006052 0.059026 -0.389619 -0.319729 -0.440243 -0.378271 -0.334533 -0.335938 0.387137 -0.023689 -0.370324 -0.287686 0.333019 -0.138278 -0.221961 -0.079005 -0.103027 0.141218 0.025852 0.332218 -0.508695 -0.415737 -0.578567 -0.389356 -0.239287 -0.021005 -0.041348 0.409343 -0.300181 0.257755 -0.199528 0.046515 -0.141551 -0.027452 -0.413257 -0.530808 -0.468142 -0.054174 0.151032 0.028483 -0.137382 -0.141324
-0.332028 0.523555 0.244199 0.682577 0.618071 1.000000 0.016230 0.483655 0.640464 0.791673 -0.358318 -0.009643 0.172269 0.235166 0.559289 0.690845 -0.632333 -0.239431 0.326297 0.462556 0.551734 0.622559 0.462926 0.569031 0.865124 0.867926 0.828720 0.894688 -0.183458 0.105448 0.572748 0.545878 0.204205 0.308521 -0.343971 -0.244983 -0.454468 -0.388611 -0.307638 -0.291076 -0.026052 0.043570 0.009809 0.037478 0.195143 0.250567 -0.119619 -0.024202 0.122799 0.193839 -0.191867 -0.105663 -0.268802 -0.219909 -0.450874 -0.434022 -0.322181 0.275075 0.129476 0.134155 -0.307425 -0.307181 -0.547195 -0.250454 -0.347293 -0.379677 0.128697 -0.029768 0.561159 0.357082 0.177204 0.443379 -0.178008 0.246730 -0.171442 0.121421 -0.349817 -0.185303 -0.672647 -0.475225 -0.578133 -0.450581 0.038575 0.171231 -0.527664 -0.500386 0.251047 0.114243 -0.350282 -0.438879 -0.184292 -0.199467 0.132708 0.010040 -0.400710 -0.420465 -0.469318 -0.461311 -0.195546 -0.158080 -0.065094 -0.005466 -0.162470 0.127941 -0.105503 -0.240469 -0.056992 -0.335286 -0.367305 -0.417043 -0.318528 -0.049651 0.091060 -0.029364 -0.302995 -0.284611
0.436997 -0.233516 0.830549 0.334913 0.414833 0.016230 1.000000 0.260294 0.366136 0.122335 0.557763 -0.160978 0.642012 -0.058990 0.409818 -0.157616 0.183488 -0.239916 0.421364 0.223500 0.233899 0.206982 0.695221 0.531000 0.183647 0.103172 0.181485 0.046039 0.421136 -0.205548 0.543059 0.439422 0.206748 0.156412 -0.442246 -0.481890 -0.240216 -0.260948 -0.219607 -0.340893 -0.040453 -0.217724 -0.340891 -0.162059 -0.328290 -0.179120 -0.295217 -0.025891 -0.456944 -0.031647 -0.504593 -0.012658 -0.362845 0.257339 -0.435868 0.075189 0.075054 -0.350862 -0.373788 -0.379642 -0.344454 -0.342415 -0.258395 -0.397507 -0.504613 -0.273367 -0.422979 -0.482367 0.058135 -0.154166 0.587961 0.271944 0.363418 -0.121632 0.184879 -0.034560 -0.176407 -0.209906 -0.071588 -0.292952 -0.123103 -0.252726 0.121062 -0.294755 -0.347790 -0.162020 0.056462 -0.354827 -0.329805 0.092435 -0.199466 0.402675 -0.004815 0.382654 -0.273212 -0.225900 -0.388069 -0.051344 -0.329546 0.166894 -0.058880 0.352241 -0.297594 0.170694 -0.194190 0.153566 -0.234925 0.000452 -0.266938 -0.249249 -0.245036 0.069922 0.100737 0.011103 0.146048 0.032526
-0.160920 0.375776 0.475949 0.831642 0.221057 0.483655 0.260294 1.000000 0.282306 0.552165 -0.196948 0.499065 0.092916 0.659433 0.194940 0.391722 -0.529711 -0.170938 0.442109 0.449942 0.158255 0.322468 0.602297 0.702784 0.361661 0.409052 0.281426 0.303206 -0.247301 0.081670 0.580380 0.738202 0.355964 0.484611 -0.646904 -0.446697 -0.644160 -0.543894 -0.602269 -0.520003 -0.355783 -0.102495 0.144065 0.232746 0.169037 0.353189 0.084881 0.230095 0.123981 0.325960 -0.189165 0.202756 -0.105179 0.226513 -0.583676 -0.318176 -0.376322 -0.045711 -0.394163 -0.228600 -0.593312 -0.455692 -0.614091 -0.424722 -0.596436 -0.412780 -0.292613 -0.376574 0.232151 -0.039022 0.267239 0.597640 -0.192497 0.263672 -0.178206 0.108774 -0.475014 -0.265909 -0.621388 -0.501605 -0.639584 -0.437650 -0.322271 -0.027982 -0.660853 -0.431420 0.100979 -0.061545 -0.615806 -0.399162 -0.086018 -0.049562 0.376140 0.071073 -0.541648 -0.537774 -0.554056 -0.341250 -0.182640 -0.004577 0.122304 -0.048524 -0.137794 -0.040741 -0.176312 -0.286228 -0.245384 -0.355761 -0.526078 -0.482994 -0.198657 0.271292 0.216365 -0.027012 -0.226101 -0.339925
-0.079047 0.238210 0.537715 0.558139 0.817809 0.640464 0.366136 0.282306 1.000000 0.694567 -0.041851 -0.144125 0.507675 0.059005 0.748491 0.414579 -0.390386 -0.226862 0.434064 0.400807 0.563682 0.604861 0.574179 0.515591 0.660027 0.717494 0.785540 0.664104 0.147787 -0.019322 0.664013 0.538199 0.064160 0.100124 -0.507928 -0.420162 -0.434931 -0.464298 -0.328162 -0.372125 0.021335 -0.136025 -0.259739 -0.184392 -0.026233 0.079515 -0.350212 -0.221138 -0.056418 0.212661 -0.301739 -0.038481 -0.330463 -0.110621 -0.562990 -0.326588 -0.063245 0.200811 -0.078129 -0.074247 -0.257640 -0.225888 -0.444048 -0.235094 -0.349972 -0.239603 -0.204944 -0.323921 0.444101 0.167057 0.429262 0.404918 0.098711 0.106444 -0.003061 0.055182 -0.390279 -0.277970 -0.464116 -0.401570 -0.367091 -0.355073 0.395619 -0.005639 -0.415893 -0.337068 0.441834 -0.000384 -0.334535 -0.142230 -0.135867 0.099581 0.064595 0.273445 -0.541066 -0.557477 -0.677266 -0.512804 -0.301079 -0.128360 -0.103705 0.340838 -0.261787 0.298365 -0.198115 -0.040422 0.058331 -0.165053 -0.497834 -0.654365 -0.520295 -0.110703 0.076211 -0.018463 -0.250190 -0.280698
-0.257186 0.391182 0.431033 0.720658 0.640713 0.791673 0.122335 0.552165 0.694567 1.000000 -0.340017 0.103544 0.128333 0.396703 0.464423 0.713950 -0.603738 -0.019618 0.412925 0.453044 0.414709 0.566247 0.596236 0.603024 0.618916 0.818041 0.774848 0.715239 -0.191141 0.212509 0.571393 0.581031 0.114430 0.187993 -0.417481 -0.306960 -0.524036 -0.404086 -0.429078 -0.411849 -0.194709 0.045976 0.004851 0.021061 0.166134 0.189395 -0.147390 0.007604 0.183835 0.167678 -0.117302 -0.025000 -0.310267 -0.008043 -0.546231 -0.388306 -0.361549 0.222434 -0.158224 -0.148084 -0.471449 -0.414991 -0.552720 -0.293780 -0.387527 -0.517008 -0.072871 -0.183636 0.380873 0.256217 0.208523 0.493304 -0.173416 0.301115 -0.271499 0.144676 -0.499935 -0.273953 -0.666939 -0.334690 -0.540767 -0.282177 -0.035804 0.217288 -0.522793 -0.438054 0.234144 0.302425 -0.464845 -0.350090 -0.234056 -0.040181 0.124571 0.028344 -0.415253 -0.497553 -0.506760 -0.434168 -0.195732 -0.099892 0.081894 0.007659 -0.044439 0.147582 -0.106572 -0.125475 -0.166231 -0.346617 -0.444672 -0.473427 -0.280816 0.054772 0.086600 -0.013074 -0.276874 -0.312197
0.391421 -0.470909 0.199462 -0.252374 -0.001543 -0.358318 0.557763 -0.196948 -0.041851 -0.340017 1.000000 -0.102914 0.609932 -0.055380 0.111290 -0.266972 0.730357 -0.026782 -0.186815 -0.350455 0.110612 -0.044235 0.088619 -0.001454 -0.245176 -0.260185 -0.178793 -0.249383 0.698732 -0.087418 0.119900 0.024910 -0.236053 -0.263044 -0.091941 -0.176932 0.303562 0.094950 0.215955 0.023920 0.291202 -0.068832 -0.459896 -0.420264 -0.501332 -0.504913 -0.242585 -0.220144 -0.496227 -0.360815 -0.359528 -0.254247 0.035722 0.123698 0.102004 0.225012 0.202983 -0.361250 -0.073070 -0.235162 0.027873 0.037818 0.118021 -0.020175 -0.130804 0.075115 -0.364947 -0.279613 -0.325600 -0.309202 0.358930 -0.128066 0.563891 -0.182186 0.410501 -0.048754 0.172018 -0.130869 0.475626 0.054006 0.522571 0.152117 0.444816 -0.160327 0.261985 0.240110 -0.068352 -0.286238 0.204800 0.349910 0.070418 0.406841 -0.065004 0.286554 -0.038361 0.063069 0.007151 0.107919 -0.051763 0.153258 -0.023026 0.268988 -0.092249 0.161940 -0.075253 0.201664 -0.042588 0.163368 -0.060402 -0.011771 -0.185681 -0.055245 -0.046170 0.027146 0.217201 0.033499
-0.198953 0.242922 -0.099889 0.181724 -0.224465 -0.009643 -0.160978 0.499065 -0.144125 0.103544 -0.102914 1.000000 -0.133551 0.850379 -0.242623 0.452759 -0.107731 0.535991 -0.106442 -0.081909 -0.089595 0.090108 -0.005110 0.022240 -0.163035 -0.030869 -0.243393 -0.178448 -0.182626 0.659042 0.096755 0.256127 -0.015107 0.109299 -0.366042 -0.250717 -0.109561 0.086843 -0.168855 -0.021234 -0.180032 0.393790 -0.144942 -0.177293 -0.156417 -0.092928 -0.088113 -0.216428 -0.031562 -0.042695 -0.092879 -0.072855 0.022002 -0.019184 -0.056734 -0.202946 -0.167539 0.127816 -0.362613 -0.103947 -0.213413 0.095029 -0.042311 0.167696 -0.083322 0.025762 -0.326699 -0.370904 -0.189384 -0.331995 -0.114932 0.299541 -0.116738 0.593624 -0.109331 0.342502 -0.127135 -0.015270 -0.089820 0.258841 -0.053524 0.317594 -0.235772 0.437743 -0.036079 0.153753 -0.099329 0.358420 -0.071405 0.018497 -0.025750 -0.223675 0.136880 -0.083878 -0.196591 -0.223662 -0.221941 -0.366914 -0.077165 -0.208882 0.121021 -0.151609 0.034141 -0.304697 -0.103096 -0.308435 -0.177494 -0.127392 -0.318070 -0.268914 -0.319985 -0.044290 -0.062034 -0.152942 -0.263069 -0.392484
-0.011977 -0.142109 0.400048 0.185174 0.510813 0.172269 0.642012 0.092916 0.507675 0.128333 0.609932 -0.133551 1.000000 0.009855 0.684413 0.100171 0.244724 -0.261206 0.087945 0.003471 0.655774 0.508074 0.434133 0.349884 0.242825 0.211668 0.376020 0.303580 0.773243 0.030570 0.576684 0.406778 -0.119316 -0.066304 -0.333648 -0.383553 0.131937 -0.116793 0.148498 -0.083771 0.479328 0.005675 -0.396958 -0.333508 -0.325854 -0.207301 -0.243463 -0.262703 -0.374457 -0.013225 -0.478756 -0.250884 -0.096521 -0.144220 -0.142366 -0.109376 -0.101578 -0.207259 -0.156844 -0.218017 -0.319243 -0.255022 -0.403126 -0.319862 -0.469621 -0.192261 -0.367613 -0.411960 0.088754 -0.109670 0.690055 0.338963 0.667818 0.093603 0.527001 0.183642 0.038203 -0.095450 0.103565 -0.316965 0.110680 -0.241948 0.615558 -0.125593 -0.045256 -0.209141 0.348030 -0.317535 0.028081 0.003938 0.054914 0.193738 0.045248 0.317322 -0.233225 -0.243924 -0.334663 -0.277604 -0.170143 -0.073713 -0.108746 0.365537 -0.277822 0.189354 -0.227615 0.051145 -0.161303 -0.054103 -0.323481 -0.346075 -0.433309 -0.107171 0.008315 -0.030358 0.018444 -0.155349
-0.302299 0.205840 0.037204 0.373214 -0.024864 0.235166 -0.058990 0.659433 0.059005 0.396703 -0.055380 0.850379 0.009855 1.000000 -0.041597 0.638770 -0.233403 0.436390 -0.061066 -0.047230 0.159514 0.332507 0.232197 0.278845 0.029815 0.262454 0.068446 0.128602 -0.091855 0.674443 0.340241 0.511509 -0.064081 0.081266 -0.440016 -0.338585 -0.189906 0.009990 -0.224716 -0.097425 -0.082393 0.423578 -0.170282 -0.191118 -0.163009 -0.103118 -0.111104 -0.162463 -0.071330 -0.064697 -0.171435 -0.134717 -0.059660 0.024897 -0.204755 -0.249305 -0.392241 0.043365 -0.353413 -0.201067 -0.400163 -0.069269 -0.269649 -0.014120 -0.265347 -0.207718 -0.321369 -0.388853 -0.153031 -0.285306 0.079931 0.480627 -0.045216 0.651638 -0.057964 0.433897 -0.248611 -0.085190 -0.272870 0.082290 -0.210411 0.162966 -0.140247 0.446072 -0.209303 -0.040590 -0.043896 0.411775 -0.225479 -0.124964 -0.028544 -0.133015 0.231265 -0.010434 -0.277603 -0.274524 -0.277657 -0.353471 -0.088921 -0.156501 0.185085 -0.107238 0.083764 -0.128225 -0.037893 -0.260781 -0.208189 -0.231637 -0.381881 -0.339214 -0.320928 0.021471 -0.016340 -0.064126 -0.194716 -0.357767
-0.010980 0.183659 0.392736 0.385221 0.716625 0.559289 0.409818 0.194940 0.748491 0.464423 0.111290 -0.242623 0.684413 -0.041597 1.000000 0.324375 -0.238801 -0.364136 0.338765 0.331819 0.714406 0.573732 0.466844 0.489828 0.635449 0.577701 0.709513 0.688386 0.412758 -0.031166 0.553281 0.418220 0.120782 0.157908 -0.288766 -0.213359 -0.052783 -0.265172 0.058599 -0.153305 0.451278 0.031850 -0.379914 -0.221838 -0.055669 0.096209 -0.417279 -0.299648 -0.118746 0.241507 -0.369298 -0.086426 -0.390712 -0.369736 -0.350531 -0.319365 0.008971 0.072536 0.102156 0.022636 -0.194637 -0.250803 -0.489545 -0.343834 -0.301020 -0.221737 0.007472 -0.170785 0.522020 0.232906 0.528648 0.389210 0.344502 0.116285 0.306015 0.152444 -0.077719 -0.021384 -0.219898 -0.496318 -0.197893 -0.442992 0.428499 -0.053167 -0.249399 -0.401916 0.621855 -0.112146 -0.042071 -0.164150 -0.338833 -0.099249 -0.238077 0.052140 -0.281400 -0.296228 -0.551084 -0.492704 -0.501834 -0.308950 -0.385142 0.217698 -0.428023 0.127290 -0.339529 -0.134315 -0.147190 -0.169690 -0.354629 -0.449407 -0.497338 -0.368615 -0.212827 -0.281102 -0.267082 -0.213022
-0.334121 0.540987 0.055622 0.452269 0.382444 0.690845 -0.157616 0.391722 0.414579 0.713950 -0.266972 0.452759 0.100171 0.638770 0.324375 1.000000 -0.444613 0.313884 0.131538 0.212973 0.432740 0.604501 0.259022 0.315863 0.456644 0.679872 0.571437 0.648205 -0.163729 0.665257 0.422735 0.427220 -0.040082 0.083329 -0.316409 -0.223217 -0.197753 -0.015775 -0.091026 0.049010 0.048603 0.462862 -0.243027 -0.326961 -0.080044 -0.075639 -0.311653 -0.339227 0.031635 -0.050102 -0.173358 -0.319316 -0.209025 -0.365583 -0.227194 -0.424355 -0.296709 0.455713 -0.046134 0.114847 -0.298068 -0.033694 -0.347086 0.052319 -0.209015 -0.279098 -0.053087 -0.215880 0.259554 0.129019 0.014259 0.413873 -0.146830 0.619459 -0.208911 0.389142 -0.266578 -0.095237 -0.448031 0.006181 -0.281581 0.053015 0.134940 0.655562 -0.245182 -0.248405 0.105381 0.615814 -0.101758 -0.224774 -0.168948 -0.337985 -0.027538 -0.163386 -0.248926 -0.292196 -0.315292 -0.559879 -0.199069 -0.396953 -0.057737 -0.168904 -0.055299 -0.046917 -0.031986 -0.294105 -0.094745 -0.377388 -0.424046 -0.375287 -0.425845 -0.269655 -0.157110 -0.197587 -0.372105 -0.376152
0.327113 -0.628611 -0.185138 -0.645227 -0.345264 -0.632333 0.183488 -0.529711 -0.390386 -0.603738 0.730357 -0.107731 0.244724 -0.233403 -0.238801 -0.444613 1.000000 0.163466 -0.444034 -0.560433 -0.192650 -0.387402 -0.344438 -0.477870 -0.570414 -0.609747 -0.526943 -0.558173 0.625598 -0.102504 -0.367787 -0.426445 -0.270448 -0.382363 0.347580 0.158950 0.649081 0.304873 0.473694 0.183217 0.317029 -0.050188 -0.264824 -0.295566 -0.371807 -0.506458 -0.007912 -0.164867 -0.359531 -0.450906 -0.099218 -0.294013 0.166094 0.029720 0.516767 0.322874 0.293720 -0.428371 0.084616 -0.209500 0.346310 0.145223 0.507698 0.147115 0.260368 0.224406 -0.103364 -0.009743 -0.520002 -0.346043 0.025186 -0.464460 0.539793 -0.302545 0.398014 -0.179751 0.523682 0.056017 0.874467 0.304478 0.833763 0.389737 0.268102 -0.152718 0.650457 0.431434 -0.272104 -0.184681 0.479438 0.423680 0.132443 0.259033 -0.102360 0.072775 0.309379 0.320289 0.415261 0.291728 0.200136 0.161257 0.078091 0.052553 0.124583 -0.038870 0.031459 0.177422 0.016734 0.278830 0.278872 0.370291 0.048739 -0.027859 -0.048828 0.089508 0.233900 0.126047
-0.005381 0.066175 -0.316886 -0.366701 -0.289040 -0.239431 -0.239916 -0.170938 -0.226862 -0.019618 -0.026782 0.535991 -0.261206 0.436390 -0.364136 0.313884 0.163466 1.000000 -0.336149 -0.364948 -0.232035 -0.119073 -0.340474 -0.447453 -0.343144 -0.153863 -0.246716 -0.246929 -0.131365 0.706984 -0.357348 -0.311405 -0.397697 -0.430754 0.066872 -0.020768 0.229177 0.487264 0.118453 0.294007 -0.087743 0.432913 -0.332632 -0.395161 -0.400173 -0.495151 -0.220915 -0.395970 -0.186427 -0.411196 0.039521 -0.199308 -0.037810 -0.070982 0.274515 0.077844 0.089646 0.316988 -0.164892 -0.066060 0.207581 0.418042 0.480335 0.628996 0.373925 0.179887 -0.131344 -0.160426 -0.423423 -0.336911 -0.470707 -0.229614 -0.167425 0.405866 -0.246456 0.176660 -0.068798 0.017650 0.253385 0.841237 0.352785 0.840521 -0.071912 0.514063 0.415949 0.506905 -0.245353 0.622599 0.319711 0.364431 0.002535 -0.116450 -0.193797 -0.177031 0.182607 0.149845 0.235686 -0.103935 0.079822 -0.208422 0.037745 -0.202336 0.160529 -0.258766 0.004214 -0.052242 -0.086004 -0.030829 0.057184 0.075279 -0.099321 -0.258372 -0.317259 -0.175854 -0.035399 -0.054617
0.388179 0.498463 0.760883 0.707881 0.309044 0.326297 0.421364 0.442109 0.434064 0.412925 -0.186815 -0.106442 0.087945 -0.061066 0.338765 0.131538 -0.444034 -0.336149 1.000000 0.916574 0.006496 0.140840 0.557024 0.529829 0.370633 0.334307 0.333417 0.215512 -0.281552 -0.237091 0.436653 0.411357 0.677543 0.665169 -0.345734 -0.252048 -0.584014 -0.538815 -0.467753 -0.409096 -0.356330 -0.248270 0.098971 0.100467 0.199623 0.285444 -0.126721 0.133870 0.135746 0.256268 -0.117498 0.064158 -0.350640 -0.029640 -0.661432 -0.384661 0.124290 0.255242 -0.262362 -0.097959 -0.292393 -0.398037 -0.396632 -0.362030 -0.397061 -0.473162 -0.051328 -0.249636 0.651665 0.413830 0.216170 0.312307 -0.235178 -0.077893 -0.290637 -0.083892 -0.254729 -0.052820 -0.487480 -0.459787 -0.518369 -0.485174 -0.157001 -0.061034 -0.626631 -0.593177 0.105749 -0.046370 -0.530246 -0.437430 -0.299406 -0.191548 -0.043312 -0.146579 -0.345921 -0.451221 -0.439640 -0.354415 -0.364753 -0.227587 -0.241697 -0.143629 -0.296024 0.008109 -0.165361 -0.239947 -0.028210 -0.402142 -0.430178 -0.341383 -0.063725 -0.039747 0.012498 -0.242950 -0.315997 -0.227035
0.194151 0.650161 0.597699 0.726472 0.296506 0.462556 0.223500 0.449942 0.400807 0.453044 -0.350455 -0.081909 0.003471 -0.047230 0.331819 0.212973 -0.560433 -0.364948 0.916574 1.000000 0.018472 0.181700 0.486539 0.520513 0.454119 0.405805 0.404161 0.321698 -0.373516 -0.198643 0.387269 0.380261 0.744443 0.771633 -0.243278 -0.097643 -0.553714 -0.501636 -0.452295 -0.374722 -0.299496 -0.145127 0.214487 0.204227 0.329622 0.419173 -0.034627 0.237217 0.233105 0.306715 -0.104535 0.004751 -0.342266 -0.143118 -0.622123 -0.476071 0.003868 0.360184 -0.178407 0.029961 -0.343427 -0.446613 -0.462669 -0.380303 -0.380401 -0.528723 0.118646 -0.070052 0.794821 0.620612 0.135275 0.340233 -0.321361 -0.018533 -0.338631 -0.046992 -0.172376 0.058307 -0.544894 -0.512561 -0.539638 -0.519592 -0.191995 0.047986 -0.643520 -0.700905 0.102777 -0.049242 -0.509024 -0.596419 -0.245345 -0.294514 -0.014530 -0.212138 -0.348748 -0.462642 -0.406868 -0.386430 -0.303870 -0.268685 -0.269856 -0.226938 -0.336146 -0.020466 -0.154105 -0.331003 -0.067833 -0.455748 -0.428080 -0.323442 0.027208 0.003952 0.033734 -0.280400 -0.438996 -0.270285
-0.329704 0.004696 0.177642 0.289335 0.552199 0.551734 0.233899 0.158255 0.563682 0.414709 0.110612 -0.089595 0.655774 0.159514 0.714406 0.432740 -0.192650 -0.232035 0.006496 0.018472 1.000000 0.842287 0.435387 0.453681 0.510955 0.627698 0.648446 0.713496 0.540758 0.250355 0.672345 0.576541 -0.042439 0.057644 -0.291235 -0.308204 0.072331 0.029774 0.167309 0.009472 0.494456 0.340179 -0.299537 -0.245129 -0.119585 -0.064141 -0.303461 -0.315663 -0.183747 0.061824 -0.335232 -0.237362 -0.265655 -0.284739 -0.255451 -0.240013 -0.282443 -0.084168 -0.007031 -0.086043 -0.349722 -0.221173 -0.584323 -0.293114 -0.376390 -0.200866 -0.113389 -0.183259 0.232140 0.037189 0.668846 0.599278 0.572983 0.407729 0.532566 0.524163 -0.002329 0.024922 -0.241347 -0.346620 -0.241541 -0.327553 0.418324 0.026442 -0.235702 -0.294319 0.518868 -0.003520 -0.084072 -0.208658 -0.211077 -0.030540 -0.029084 0.179202 -0.128070 -0.171428 -0.348264 -0.281826 -0.284062 -0.122382 -0.091096 0.303605 -0.131812 0.243643 -0.120949 -0.038634 -0.158393 -0.078259 -0.211230 -0.346485 -0.484443 -0.235046 -0.035441 0.030628 0.001284 -0.140901
-0.389177 0.147406 0.274019 0.486881 0.606795 0.622559 0.206982 0.322468 0.604861 0.566247 -0.044235 0.090108 0.508074 0.332507 0.573732 0.604501 -0.387402 -0.119073 0.140840 0.181700 0.842287 1.000000 0.538227 0.527163 0.502363 0.698343 0.702341 0.734450 0.292782 0.410500 0.786738 0.713206 0.035590 0.176746 -0.455871 -0.413324 -0.205789 -0.060114 -0.114564 -0.050883 0.265636 0.395472 -0.204783 -0.159212 -0.085915 0.012077 -0.267811 -0.199055 -0.179220 0.121470 -0.404248 -0.197117 -0.323214 -0.167573 -0.453269 -0.316641 -0.332641 0.056777 -0.223681 -0.123274 -0.539335 -0.251907 -0.630560 -0.252988 -0.488361 -0.277663 -0.249362 -0.299775 0.237419 0.001538 0.594851 0.740833 0.338532 0.588050 0.284165 0.605899 -0.173367 -0.021553 -0.427127 -0.290365 -0.384068 -0.270152 0.316306 0.240246 -0.443898 -0.342601 0.370868 0.099235 -0.278484 -0.275154 -0.146939 -0.029409 0.119101 0.264660 -0.298917 -0.346880 -0.469971 -0.365364 -0.252361 -0.082014 0.022184 0.336717 -0.090691 0.247300 -0.026523 -0.073543 -0.181497 -0.242020 -0.380441 -0.468580 -0.478338 -0.112536 0.105663 0.105589 -0.007301 -0.246698
0.061942 0.052590 0.859617 0.778498 0.573008 0.462926 0.695221 0.602297 0.574179 0.596236 0.088619 -0.005110 0.434133 0.232197 0.466844 0.259022 -0.344438 -0.340474 0.557024 0.486539 0.435387 0.538227 1.000000 0.898064 0.449233 0.545022 0.531205 0.439987 0.105134 -0.053039 0.852400 0.835013 0.372581 0.413349 -0.602927 -0.556210 -0.549583 -0.423080 -0.453894 -0.432787 -0.201425 -0.078945 -0.075151 0.100272 -0.027801 0.167084 -0.193509 0.154746 -0.219883 0.251002 -0.462814 0.098694 -0.448125 0.227978 -0.711061 -0.156979 -0.213331 -0.192542 -0.429529 -0.322760 -0.657430 -0.534429 -0.606883 -0.591921 -0.686252 -0.451208 -0.368334 -0.466218 0.332449 0.081034 0.634118 0.643878 0.164625 0.146237 0.011439 0.170330 -0.367805 -0.208796 -0.553061 -0.526963 -0.572743 -0.498572 -0.062686 -0.104805 -0.723866 -0.438161 0.216637 -0.112272 -0.627964 -0.256247 -0.316948 0.165522 0.127110 0.258488 -0.435365 -0.435286 -0.591277 -0.235713 -0.368743 0.078088 0.005108 0.217659 -0.247070 0.170086 -0.166747 -0.037710 -0.241595 -0.226111 -0.492179 -0.442699 -0.263868 0.167597 0.198911 0.010987 -0.078591 -0.144298
-0.002981 0.207096 0.718193 0.819874 0.495030 0.569031 0.531000 0.702784 0.515591 0.603024 -0.001454 0.022240 0.349884 0.278845 0.489828 0.315863 -0.477870 -0.447453 0.529829 0.520513 0.453681 0.527163 0.898064 1.000000 0.589937 0.659806 0.542946 0.528168 -0.028366 -0.101703 0.806920 0.840414 0.435233 0.515796 -0.524265 -0.377942 -0.557495 -0.450955 -0.412795 -0.367611 -0.162587 -0.044220 0.004173 0.168144 0.090573 0.288282 -0.132360 0.203486 -0.037094 0.271482 -0.352124 0.141687 -0.326381 0.173081 -0.688201 -0.254438 -0.269285 -0.096134 -0.266876 -0.172447 -0.620818 -0.510944 -0.694909 -0.597873 -0.644953 -0.467529 -0.191095 -0.281720 0.394245 0.202103 0.557900 0.653276 0.012830 0.157619 -0.011779 0.173619 -0.358234 -0.141631 -0.661220 -0.661488 -0.652222 -0.638199 -0.091920 -0.064212 -0.768369 -0.563774 0.275814 -0.107117 -0.641036 -0.436423 -0.305104 0.043477 0.094508 0.078226 -0.426189 -0.404575 -0.549001 -0.264388 -0.398222 -0.026931 -0.093140 0.024834 -0.311994 0.091993 -0.215433 -0.173854 -0.193231 -0.263901 -0.465578 -0.416972 -0.169983 0.140916 0.092418 -0.072447 -0.142095 -0.160527
-0.113078 0.456495 0.308980 0.600031 0.640030 0.865124 0.183647 0.361661 0.660027 0.618916 -0.245176 -0.163035 0.242825 0.029815 0.635449 0.456644 -0.570414 -0.343144 0.370633 0.454119 0.510955 0.502363 0.449233 0.589937 1.000000 0.820991 0.779883 0.800332 -0.136836 -0.072491 0.510361 0.442852 0.271449 0.318190 -0.272211 -0.177081 -0.408318 -0.362351 -0.198837 -0.233083 0.040339 -0.026778 -0.098644 -0.010911 0.136527 0.222870 -0.211858 -0.059807 0.048505 0.191791 -0.236901 -0.060678 -0.275142 -0.209539 -0.415519 -0.324158 -0.121887 0.242891 0.248395 0.207454 -0.168785 -0.222622 -0.473897 -0.273435 -0.294975 -0.310865 0.218935 0.024834 0.612706 0.371521 0.205430 0.337934 -0.178320 0.097753 -0.105347 0.045201 -0.319855 -0.108698 -0.617003 -0.492874 -0.579172 -0.516308 0.058884 0.059989 -0.529755 -0.492121 0.327335 -0.044840 -0.320108 -0.337597 -0.202148 -0.146344 0.010241 0.033257 -0.318059 -0.281320 -0.460454 -0.384902 -0.308923 -0.189995 -0.180940 0.055602 -0.286005 0.099691 -0.154280 -0.106843 0.028459 -0.179595 -0.253279 -0.402985 -0.319051 -0.142944 -0.023151 -0.090369 -0.236248 -0.094045
-0.247790 0.399678 0.347700 0.626347 0.602125 0.867926 0.103172 0.409052 0.717494 0.818041 -0.260185 -0.030869 0.211668 0.262454 0.577701 0.679872 -0.609747 -0.153863 0.334307 0.405805 0.627698 0.698343 0.545022 0.659806 0.820991 1.000000 0.810548 0.854331 -0.107375 0.180431 0.665426 0.627258 0.182189 0.261222 -0.347789 -0.258434 -0.424836 -0.281944 -0.264363 -0.201697 -0.011143 0.165564 -0.103062 -0.077662 0.012007 0.077205 -0.227376 -0.073672 0.010244 0.048724 -0.242889 -0.121001 -0.317699 -0.106601 -0.524804 -0.347367 -0.296735 0.264405 0.027341 0.068617 -0.381704 -0.272712 -0.575146 -0.260740 -0.383034 -0.425332 0.051725 -0.100418 0.461318 0.344150 0.310201 0.531802 -0.094969 0.332043 -0.099623 0.260280 -0.358746 -0.116579 -0.678891 -0.394776 -0.561861 -0.401192 0.101479 0.196493 -0.556305 -0.492905 0.308283 0.252879 -0.414827 -0.400855 -0.242209 -0.090002 0.053521 0.018440 -0.330534 -0.337980 -0.447366 -0.368664 -0.269718 -0.141664 -0.065297 0.026122 -0.112951 0.192396 -0.053454 -0.132927 0.012443 -0.337660 -0.342770 -0.405936 -0.298461 -0.086400 0.013315 -0.022080 -0.176598 -0.178815
-0.275723 0.356730 0.333758 0.595021 0.855270 0.828720 0.181485 0.281426 0.785540 0.774848 -0.178793 -0.243393 0.376020 0.068446 0.709513 0.571437 -0.526943 -0.246716 0.333417 0.404161 0.648446 0.702341 0.531205 0.542946 0.779883 0.810548 1.000000 0.906765 0.033500 0.066069 0.612572 0.494300 0.038918 0.121642 -0.330022 -0.276273 -0.371389 -0.327151 -0.205887 -0.226281 0.088013 0.023340 -0.120495 -0.070847 0.131622 0.173377 -0.212363 -0.062988 0.046054 0.212991 -0.250308 -0.149661 -0.301144 -0.205342 -0.440111 -0.300424 -0.281549 0.207381 0.118011 0.020809 -0.341151 -0.325080 -0.563427 -0.275199 -0.362452 -0.375899 0.053498 -0.093099 0.515992 0.289776 0.332921 0.416032 0.009234 0.198464 -0.057291 0.175444 -0.358325 -0.191826 -0.568243 -0.401899 -0.475444 -0.388305 0.266464 0.097838 -0.467619 -0.462748 0.369743 0.052249 -0.260954 -0.304239 -0.108227 -0.016139 0.046375 0.163604 -0.374035 -0.340449 -0.465218 -0.375905 -0.198150 -0.101215 -0.066933 0.206586 -0.211765 0.279358 -0.109669 -0.002684 -0.092279 -0.243333 -0.340431 -0.456864 -0.341090 -0.075856 0.110017 0.028643 -0.172583 -0.113952
-0.338490 0.400661 0.186419 0.527864 0.700069 0.894688 0.046039 0.303206 0.664104 0.715239 -0.249383 -0.178448 0.303580 0.128602 0.688386 0.648205 -0.558173 -0.246929 0.215512 0.321698 0.713496 0.734450 0.439987 0.528168 0.800332 0.854331 0.906765 1.000000 0.007319 0.138042 0.584026 0.508114 0.054636 0.143187 -0.311376 -0.246019 -0.293901 -0.257404 -0.144388 -0.134115 0.173053 0.141039 -0.100875 -0.046093 0.103790 0.169922 -0.214826 -0.102732 0.027974 0.187086 -0.237240 -0.126849 -0.290076 -0.284999 -0.383442 -0.332810 -0.287002 0.239324 0.188322 0.177560 -0.291908 -0.232464 -0.537217 -0.226640 -0.327462 -0.288553 0.115108 -0.030046 0.496058 0.291843 0.299097 0.451010 0.008329 0.275673 -0.000772 0.247183 -0.277849 -0.127130 -0.561019 -0.420968 -0.482810 -0.399153 0.225805 0.169356 -0.437904 -0.433330 0.399046 0.140840 -0.207491 -0.325257 -0.174437 -0.154878 0.005448 0.055250 -0.306482 -0.302512 -0.424504 -0.402413 -0.223432 -0.171596 -0.121195 0.132013 -0.172837 0.234753 -0.043798 -0.136957 -0.037305 -0.284356 -0.314170 -0.403360 -0.360486 -0.172687 0.021711 -0.024504 -0.205207 -0.181173
0.022646 -0.562570 0.070295 -0.256516 0.184888 -0.183458 0.421136 -0.247301 0.147787 -0.191141 0.698732 -0.182626 0.773243 -0.091855 0.412758 -0.163729 0.625598 -0.131365 -0.281552 -0.373516 0.540758 0.292782 0.105134 -0.028366 -0.136836 -0.107375 0.033500 0.007319 1.000000 0.028892 0.241805 0.119164 -0.215956 -0.245251 -0.011029 -0.150177 0.556213 0.183719 0.444039 0.063368 0.697578 0.127379 -0.401091 -0.315890 -0.359030 -0.342325 -0.210966 -0.274471 -0.443365 -0.169776 -0.388235 -0.283875 -0.123888 -0.123302 0.145013 0.124844 0.029266 -0.478520 -0.046174 -0.309307 -0.059702 -0.106548 -0.092750 -0.183001 -0.130615 0.024579 -0.232681 -0.206427 -0.219037 -0.257278 0.628570 0.126440 0.942823 0.032386 0.809932 0.231493 0.425320 0.093617 0.537882 -0.091297 0.492329 0.007240 0.543353 -0.204489 0.302441 0.088065 0.203992 -0.310900 0.280390 0.201603 -0.026039 0.242077 -0.078119 0.272569 0.082758 0.070525 -0.007932 0.033001 -0.086215 0.088251 -0.028962 0.373404 -0.075456 0.132917 -0.169529 0.125216 -0.175892 0.149299 0.035151 -0.026819 -0.293380 -0.139912 -0.025500 0.063930 0.198731 -0.024007
-0.317493 0.203492 -0.224823 -0.023636 -0.019641 0.105448 -0.205548 0.081670 -0.019322 0.212509 -0.087418 0.659042 0.030570 0.674443 -0.031166 0.665257 -0.102504 0.706984 -0.237091 -0.198643 0.250355 0.410500 -0.053039 -0.101703 -0.072491 0.180431 0.066069 0.138042 0.028892 1.000000 0.136217 0.166028 -0.258169 -0.137600 -0.080875 -0.172707 0.203296 0.551166 0.194105 0.384521 0.181722 0.798094 -0.364469 -0.474017 -0.348355 -0.401551 -0.324617 -0.532778 -0.196166 -0.311608 -0.141474 -0.401955 -0.171243 -0.356803 0.096298 -0.226864 -0.251880 0.308468 -0.263286 -0.029500 -0.187662 0.219254 -0.005530 0.325295 0.009818 -0.048703 -0.180647 -0.268991 -0.178004 -0.200341 -0.044846 0.342082 0.068120 0.875279 0.068326 0.688689 0.028910 0.236337 -0.001457 0.560611 0.068408 0.535774 0.102489 0.709070 0.141702 0.145506 0.001713 0.619601 0.155502 0.057936 -0.104923 -0.325347 -0.120508 -0.146223 0.102919 0.050179 0.021288 -0.333311 -0.102990 -0.376891 -0.033622 -0.076212 0.083645 -0.179985 0.058800 -0.161306 -0.205448 -0.167206 -0.088158 -0.073750 -0.346738 -0.378789 -0.291082 -0.188602 -0.085892 -0.254804
-0.175205 0.102379 0.674431 0.749647 0.612324 0.572748 0.543059 0.580380 0.664013 0.571393 0.119900 0.096755 0.576684 0.340241 0.553281 0.422735 -0.367787 -0.357348 0.436653 0.387269 0.672345 0.786738 0.852400 0.806920 0.510361 0.665426 0.612572 0.584026 0.241805 0.136217 1.000000 0.946301 0.256370 0.386150 -0.685228 -0.633931 -0.484331 -0.354764 -0.366215 -0.309704 -0.020474 0.078656 -0.138337 -0.047705 -0.097213 0.073308 -0.207321 -0.000520 -0.265232 0.177779 -0.526558 -0.084416 -0.373332 0.086450 -0.690060 -0.211802 -0.350878 -0.140953 -0.391967 -0.247418 -0.692163 -0.455330 -0.720843 -0.512134 -0.745489 -0.410264 -0.434918 -0.533221 0.308662 -0.003496 0.765961 0.810426 0.310492 0.382752 0.227229 0.418475 -0.274338 -0.138561 -0.550694 -0.517629 -0.538751 -0.494154 0.185038 -0.021346 -0.692037 -0.456924 0.274576 -0.094323 -0.579336 -0.310847 -0.179904 0.123985 0.245051 0.355270 -0.487635 -0.444893 -0.610395 -0.296601 -0.302033 0.072448 0.064897 0.346903 -0.165914 0.279145 -0.075620 -0.037749 -0.123670 -0.249396 -0.490608 -0.518693 -0.421785 0.103089 0.285361 0.148426 0.009287 -0.224444
-0.198516 0.122736 0.624855 0.797379 0.457470 0.545878 0.439422 0.738202 0.538199 0.581031 0.024910 0.256127 0.406778 0.511509 0.418220 0.427220 -0.426445 -0.311405 0.411357 0.380261 0.576541 0.713206 0.835013 0.840414 0.442852 0.627258 0.494300 0.508114 0.119164 0.166028 0.946301 1.000000 0.322984 0.465182 -0.701706 -0.599679 -0.543076 -0.379558 -0.460502 -0.373562 -0.113741 0.107150 -0.035161 0.067924 0.007392 0.169063 -0.133051 0.079883 -0.145123 0.228970 -0.428962 0.024838 -0.346782 0.172310 -0.718867 -0.252077 -0.392824 -0.157881 -0.462870 -0.312640 -0.718610 -0.468086 -0.727384 -0.518524 -0.737101 -0.414032 -0.445513 -0.513627 0.253039 -0.034662 0.703027 0.858320 0.219448 0.426963 0.168468 0.437738 -0.311813 -0.141988 -0.600024 -0.535060 -0.608685 -0.496432 0.004764 -0.012803 -0.741651 -0.448412 0.227250 -0.064027 -0.676161 -0.372856 -0.232343 0.069272 0.284596 0.270729 -0.503425 -0.483328 -0.610484 -0.295071 -0.311303 0.075331 0.110602 0.235607 -0.116297 0.197464 -0.073019 -0.136171 -0.170805 -0.263229 -0.510717 -0.520958 -0.371268 0.172543 0.272862 0.122557 -0.038638 -0.305665
0.324134 0.315010 0.453619 0.487697 -0.040105 0.204205 0.206748 0.355964 0.064160 0.114430 -0.236053 -0.015107 -0.119316 -0.064081 0.120782 -0.040082 -0.270448 -0.397697 0.677543 0.744443 -0.042439 0.035590 0.372581 0.435233 0.271449 0.182189 0.038918 0.054636 -0.215956 -0.258169 0.256370 0.322984 1.000000 0.938094 -0.047953 0.065148 -0.280442 -0.312040 -0.280538 -0.282126 -0.162277 0.009083 0.213620 0.325210 0.318452 0.443704 0.006094 0.301751 0.100785 0.294690 -0.212772 0.100505 -0.427187 -0.020653 -0.540503 -0.348045 0.167357 0.047812 -0.128607 0.011031 -0.201961 -0.372190 -0.307101 -0.456540 -0.274158 -0.373565 0.275235 0.081988 0.626951 0.498377 0.230441 0.345257 -0.081098 0.011650 -0.024364 0.085884 0.218860 0.329898 -0.256879 -0.500650 -0.400861 -0.559247 -0.429695 -0.088070 -0.575789 -0.624675 0.022968 -0.172704 -0.515259 -0.608447 -0.451545 -0.306318 -0.093608 -0.243487 -0.168904 -0.209009 -0.226972 -0.156854 -0.418784 -0.135153 -0.302099 -0.287576 -0.334797 -0.174286 -0.177717 -0.390113 -0.230282 -0.357851 -0.140960 -0.026748 0.101404 0.002727 -0.011946 -0.254504 -0.317594 -0.198050
0.138449 0.392656 0.421672 0.610148 0.010982 0.308521 0.156412 0.484611 0.100124 0.187993 -0.263044 0.109299 -0.066304 0.081266 0.157908 0.083329 -0.382363 -0.430754 0.665169 0.771633 0.057644 0.176746 0.413349 0.515796 0.318190 0.261222 0.121642 0.143187 -0.245251 -0.137600 0.386150 0.465182 0.938094 1.000000 -0.127489 0.034919 -0.351479 -0.301591 -0.311237 -0.266916 -0.174282 0.080229 0.255474 0.312334 0.341447 0.466525 0.058137 0.295471 0.129551 0.309352 -0.225901 0.044515 -0.349860 -0.037956 -0.555486 -0.415506 -0.052449 0.043797 -0.210051 0.000527 -0.385664 -0.455890 -0.484785 -0.519856 -0.419789 -0.453764 0.178991 0.035627 0.614267 0.464978 0.290188 0.511596 -0.102639 0.165156 -0.011077 0.217025 0.162928 0.342845 -0.364056 -0.531028 -0.505382 -0.599660 -0.378954 -0.024969 -0.651437 -0.685108 0.086873 -0.167478 -0.563463 -0.688150 -0.369504 -0.325397 0.036244 -0.191847 -0.226081 -0.250686 -0.284641 -0.220727 -0.368100 -0.135852 -0.220256 -0.237500 -0.277066 -0.112927 -0.102833 -0.366337 -0.233690 -0.386473 -0.226137 -0.103556 0.049230 0.056366 0.073678 -0.169485 -0.296831 -0.270016
0.035234 -0.207034 -0.558970 -0.617572 -0.438718 -0.343971 -0.442246 -0.646904 -0.507928 -0.417481 -0.091941 -0.366042 -0.333648 -0.440016 -0.288766 -0.316409 0.347580 0.066872 -0.345734 -0.243278 -0.291235 -0.455871 -0.602927 -0.524265 -0.272211 -0.347789 -0.330022 -0.311376 -0.011029 -0.080875 -0.685228 -0.701706 -0.047953 -0.127489 1.000000 0.772488 0.672529 0.523104 0.610875 0.428679 0.322049 0.173762 0.189914 0.016452 0.112482 -0.126545 0.253944 -0.001909 0.177818 -0.339465 0.400476 -0.246397 0.247614 -0.299132 0.659773 0.020674 0.096350 -0.014378 0.463413 0.202062 0.468305 0.158577 0.432973 0.145196 0.569340 0.022152 0.683360 0.688040 -0.116980 0.298226 -0.408077 -0.490852 -0.041209 -0.173120 0.111241 -0.085959 0.605910 0.541185 0.541227 0.301523 0.457194 0.187323 -0.060387 0.051209 0.588698 0.028023 -0.141173 0.067482 0.473615 -0.083802 0.078867 -0.261403 -0.243697 -0.448199 0.637341 0.595052 0.743128 0.322615 0.253818 -0.160148 -0.173950 -0.404479 0.137452 -0.213318 0.140236 0.025786 0.013956 0.062095 0.620260 0.737528 0.508188 -0.156975 -0.304224 -0.115217 0.075722 0.266766
0.021208 -0.041899 -0.517972 -0.455024 -0.386730 -0.244983 -0.481890 -0.446697 -0.420162 -0.306960 -0.176932 -0.250717 -0.383553 -0.338585 -0.213359 -0.223217 0.158950 -0.020768 -0.252048 -0.097643 -0.308204 -0.413324 -0.556210 -0.377942 -0.177081 -0.258434 -0.276273 -0.246019 -0.150177 -0.172707 -0.633931 -0.599679 0.065148 0.034919 0.772488 1.000000 0.487381 0.337629 0.471901 0.409625 0.283327 0.126062 0.171355 0.132070 0.201580 0.145888 0.131929 0.102527 0.282481 -0.100720 0.312982 0.004753 0.171058 -0.223630 0.474284 -0.004719 0.067279 0.077062 0.496379 0.415123 0.389122 0.220861 0.297495 0.122012 0.520671 0.148782 0.676375 0.789425 -0.037132 0.346043 -0.437832 -0.459977 -0.185428 -0.233578 -0.024430 -0.145548 0.477258 0.432969 0.343662 0.106344 0.314548 0.082750 -0.040694 0.138821 0.360465 -0.030207 -0.135384 0.094024 0.367012 -0.158799 0.010278 -0.278447 -0.340588 -0.510228 0.487539 0.444540 0.571953 0.170937 0.081539 -0.207463 -0.209790 -0.491407 0.059284 -0.251029 0.089957 -0.076949 0.041964 0.015475 0.454471 0.493414 0.512795 -0.147853 -0.320508 -0.193147 -0.051895 0.150515
