1.000000 0.362264 0.088109 0.116525 -0.059920 -0.045920 0.110090 -0.007811 -0.161630 -0.140851 -0.044765 0.093037 -0.002856 -0.109653 -0.078282 -0.185736 0.110133 0.032886 0.055552 0.369778 0.013360 0.100156 0.003086 -0.014476 -0.330909 -0.276576 -0.001480 -0.044994 0.128534 -0.026412 -0.125760 -0.030460 0.245862 0.299205 -0.204633 -0.353761 -0.125102 -0.018404 0.088943 0.234617 -0.014897 0.219500 -0.100017 -0.072456 -0.239651 -0.286295 -0.164987 0.045471 -0.322195 -0.166103 -0.395043 -0.295543 -0.172276 -0.038153 0.273856 0.154213 0.591265 0.310150 0.275256 -0.001356 0.104909 0.035820 0.106303 0.237260 -0.152217 -0.112647 -0.104257 -0.356454 0.108126 -0.035071 -0.020043 -0.079563 0.045672 -0.023544 0.037110 -0.028809 -0.020344 -0.019317 0.091343 0.013227 0.126053 0.053151 -0.035943 0.092470 -0.207464 -0.010908 0.157891 -0.014785 0.195902 0.244798 -0.050427 -0.053236 -0.004644 0.074683 -0.271230 0.042151 -0.233662 0.025481 -0.100607 0.063650 -0.028554 0.230165 0.233890 0.005478 -0.214518 -0.238151 0.014232 -0.257097 -0.039407 -0.237567 -0.098981 0.045958 0.081268 0.104342 -0.231583 -0.257150
0.362264 1.000000 0.006773 0.472942 0.081761 0.047457 -0.240473 0.166395 -0.094129 -0.063767 -0.082173 0.064952 -0.047421 0.004020 -0.127632 0.031025 0.208931 0.149986 0.337951 0.446762 0.084092 0.184114 0.031911 0.160644 -0.204353 -0.221717 -0.008941 0.126390 -0.119985 -0.005362 -0.250545 -0.185950 0.234468 0.034310 -0.013872 -0.156644 -0.061380 -0.098363 0.083752 0.175935 0.151640 0.115218 -0.429302 -0.331063 -0.278427 -0.376405 -0.181396 -0.426834 -0.216632 -0.148337 -0.150572 -0.008026 -0.055434 -0.025734 0.164639 -0.079495 0.350614 0.533420 0.150682 0.204984 0.098977 0.194474 0.185093 0.234905 -0.072338 -0.121533 -0.036039 -0.320165 0.336290 0.215309 -0.180357 -0.218549 -0.239828 -0.002774 -0.191884 0.036523 -0.103656 -0.034975 -0.032243 -0.064060 0.016255 -0.070130 -0.128729 0.099625 -0.188636 0.037980 0.228525 -0.231900 0.319564 0.168088 -0.082806 -0.212354 -0.153458 -0.067128 -0.101439 -0.044218 -0.242622 -0.226557 -0.385145 -0.347168 -0.235392 0.166340 0.123492 -0.063837 0.138534 0.003988 0.046867 0.038710 -0.170053 -0.096240 -0.326276 -0.200320 0.009929 -0.038549 -0.114881 -0.149739
0.088109 0.006773 1.000000 0.262981 0.078789 0.168749 0.559061 0.318870 -0.103389 -0.056637 -0.175860 -0.068833 -0.047451 -0.238102 -0.082671 -0.158244 -0.299197 -0.278708 -0.122155 -0.154510 0.064878 -0.093507 0.327521 0.122196 0.040399 -0.145138 0.106053 0.244309 -0.536114 -0.382580 -0.259960 -0.336258 -0.187088 -0.019933 -0.089596 0.048708 -0.285595 -0.242982 -0.103525 0.062006 -0.328840 -0.075217 0.067408 -0.147729 0.069052 0.211660 -0.229087 -0.089521 0.483046 0.154581 0.426878 0.199714 0.019704 -0.074505 0.108129 -0.016211 -0.213379 -0.108735 0.352096 0.278377 -0.009420 -0.015733 -0.322981 -0.206433 -0.007108 0.273208 0.152370 0.469754 -0.194394 0.199610 0.019808 -0.240933 -0.318628 -0.217318 -0.280142 -0.173712 -0.262856 -0.163464 -0.389815 -0.176021 -0.428341 -0.409825 -0.374101 0.069292 -0.311559 -0.077997 -0.207628 -0.085268 0.263544 0.203002 0.260225 0.377943 0.304641 0.213843 0.013740 -0.174531 -0.301674 -0.100612 0.060404 -0.069575 0.028415 0.086948 0.023739 0.082927 0.009458 0.000832 0.228628 0.146834 -0.098791 -0.157131 -0.062679 0.049696 0.085868 0.019859 -0.057012 -0.072769
0.116525 0.472942 0.262981 1.000000 -0.106464 0.095608 0.040564 0.311895 -0.060312 -0.305008 -0.030520 0.199215 -0.123550 -0.172374 -0.084406 -0.108865 0.075300 0.073511 0.394779 0.197856 0.212773 0.290429 0.194622 0.455995 -0.128510 0.138827 0.183049 0.333632 -0.292716 -0.263599 -0.358358 -0.195469 -0.031088 -0.263119 0.103346 -0.015023 -0.234153 -0.354006 -0.123445 0.023221 -0.185798 -0.073965 -0.128395 -0.248394 -0.002598 -0.185373 -0.064017 -0.375873 0.174518 0.061720 0.128956 0.177114 0.004683 -0.017170 0.212726 -0.077675 0.000643 0.066824 0.105522 0.148485 -0.005392 0.028886 0.139121 0.077442 0.224339 0.096519 0.054419 -0.108148 0.287585 0.139666 -0.122230 -0.094864 -0.340606 -0.218985 -0.273792 -0.019414 -0.297671 -0.295690 -0.166567 -0.227651 -0.127393 -0.177030 -0.195329 -0.013274 -0.116016 -0.137752 0.195172 -0.132762 0.395374 0.183350 -0.124670 -0.128554 -0.012256 0.144609 -0.138171 -0.234661 -0.190366 -0.261916 -0.281264 -0.243086 -0.121281 0.027136 -0.120163 0.059206 0.051791 0.122682 0.155611 0.157928 -0.204296 -0.184217 -0.283258 -0.205702 0.060793 -0.035733 -0.040374 -0.045450
-0.059920 0.081761 0.078789 -0.106464 1.000000 0.570727 -0.026739 0.255051 0.620740 0.707405 -0.062399 -0.411317 0.095360 -0.190062 0.430175 0.467324 -0.138238 -0.229765 0.145410 0.054825 0.194774 0.080613 0.343330 -0.038987 0.551364 0.018473 0.398931 0.430495 -0.052368 -0.043916 0.059996 -0.186955 0.057860 -0.220854 0.190393 0.101201 -0.029799 -0.155677 -0.034420 0.072780 0.078024 -0.141240 -0.262053 -0.192388 -0.188972 -0.084169 -0.009043 -0.309946 -0.059901 -0.081187 -0.101877 0.160054 0.022106 0.053626 -0.013895 -0.089432 -0.056141 -0.160435 0.170737 0.343148 -0.003889 -0.165026 -0.328264 -0.371244 -0.232698 -0.157150 0.189376 0.028425 -0.080538 -0.148752 -0.061893 -0.358207 -0.123809 0.017706 -0.012043 -0.109253 -0.204243 -0.073916 -0.240831 -0.039741 -0.256876 -0.281200 0.162093 0.368297 -0.132621 0.116959 -0.003640 -0.286579 0.270937 0.207869 -0.003052 -0.150085 -0.168421 -0.032945 0.052825 0.072130 -0.092045 -0.010908 -0.126319 -0.170817 -0.211262 0.086094 -0.065072 0.182220 0.075636 0.028690 -0.186991 0.019539 0.126419 0.016888 -0.315940 -0.060683 0.036869 0.050617 0.131295 0.044705
-0.045920 0.047457 0.168749 0.095608 0.570727 1.000000 0.099562 0.255800 0.509450 0.547347 -0.151353 -0.371589 -0.080523 -0.220288 0.392811 0.426564 -0.292772 -0.327434 0.163568 -0.154712 0.246681 0.059217 0.425420 0.211664 0.289581 0.116623 0.438350 0.669941 -0.280849 -0.166878 -0.110428 -0.358903 -0.039824 -0.389014 -0.039149 -0.067156 0.032720 0.033945 -0.025535 0.018129 0.258241 0.151050 -0.163711 -0.257264 -0.223049 -0.109565 0.013695 -0.313551 0.083167 0.008169 -0.000840 0.235524 0.084732 0.087158 0.236511 -0.015309 -0.051415 -0.210206 0.264255 0.478893 0.111842 -0.089832 -0.215945 -0.354905 -0.177571 -0.175612 0.103822 -0.007003 -0.145389 -0.103391 -0.178290 -0.397331 -0.240398 -0.092787 -0.066795 -0.255314 -0.197966 -0.279547 -0.262668 -0.358078 -0.351708 -0.245661 0.138069 0.398449 -0.124368 0.063654 0.052940 -0.140628 0.330257 0.264579 0.117234 -0.162226 -0.243471 -0.064873 -0.062111 0.139350 -0.031302 0.126094 0.004926 -0.062516 0.091078 -0.013896 0.102257 -0.163578 0.074178 0.265482 0.102171 0.085371 0.059604 -0.025606 -0.246683 -0.062205 0.108806 0.073912 0.215480 0.178941
0.110090 -0.240473 0.559061 0.040564 -0.026739 0.099562 1.000000 0.307246 -0.050057 -0.103981 -0.041765 0.050862 -0.161495 -0.234056 -0.123809 -0.290829 -0.130858 -0.194689 -0.231173 -0.167412 -0.026935 -0.271384 0.082578 0.004703 -0.128362 -0.139914 0.141402 0.071507 -0.251678 -0.316307 -0.147770 -0.152887 -0.183506 0.011023 -0.248800 -0.187944 -0.184831 -0.099449 0.099358 0.254914 -0.280633 -0.100723 0.188237 0.070027 0.206868 0.192615 0.042364 0.207244 0.226275 0.209027 0.097017 0.002882 0.052010 0.127249 0.102180 0.286901 -0.110921 -0.224210 0.095029 0.088498 0.096355 0.012859 0.061139 -0.051240 0.093661 0.035142 -0.065532 0.144639 -0.297778 -0.078777 -0.035024 -0.206426 -0.019263 -0.352832 -0.189606 -0.395285 -0.258046 -0.400515 -0.076210 -0.087524 -0.253432 -0.193191 -0.102499 0.001727 -0.279949 -0.145238 -0.037776 0.240941 0.023915 0.277139 0.247763 0.407305 0.378854 0.150199 -0.009197 0.042111 -0.065237 0.256422 0.319429 0.308409 0.276855 -0.209083 -0.111287 0.097155 -0.244808 0.055905 0.227924 0.096816 0.099406 -0.090102 0.056131 0.245168 0.166557 0.071775 0.041526 0.124509
-0.007811 0.166395 0.318870 0.311895 0.255051 0.255800 0.307246 1.000000 0.394416 0.279184 -0.063256 -0.154545 0.093363 0.114381 0.152562 0.137789 -0.206427 -0.403687 -0.177973 -0.245532 0.160701 0.017473 0.398726 0.281236 0.200053 0.073838 0.267625 0.146660 -0.318618 -0.097794 0.236876 0.088643 -0.278536 -0.184031 -0.165658 -0.033025 -0.317202 -0.322830 -0.111219 0.015223 -0.234705 -0.058619 -0.240537 -0.128581 -0.081994 0.082236 -0.104597 -0.382128 0.007933 0.060717 0.000380 0.078604 -0.100239 -0.116951 -0.020171 0.003580 -0.072155 -0.305012 0.046403 0.185444 0.138396 0.119557 -0.029673 -0.214629 -0.053538 0.288962 -0.006854 0.129562 -0.288868 -0.269832 0.059744 -0.080615 -0.176846 -0.077059 -0.210677 -0.157741 -0.192207 -0.222913 -0.205103 -0.271332 -0.278109 -0.351193 -0.184048 -0.143810 -0.165704 -0.049085 -0.118724 0.042692 0.205741 0.157293 -0.067862 0.079317 -0.015682 0.024358 -0.224052 -0.100946 -0.434094 -0.011061 -0.283345 -0.079976 0.125201 0.003381 -0.019241 -0.050171 -0.189387 0.008195 0.216486 0.056980 -0.061711 -0.281138 -0.370574 -0.129825 -0.021464 -0.033366 -0.036416 0.115961
-0.161630 -0.094129 -0.103389 -0.060312 0.620740 0.509450 -0.050057 0.394416 1.000000 0.743927 0.098560 -0.316400 0.104250 0.012049 0.776912 0.638644 -0.239418 -0.397415 0.094849 -0.109351 -0.028116 -0.151169 0.355393 0.192449 0.547447 0.301176 0.412805 0.362010 -0.137185 -0.080991 0.135495 -0.067050 0.044997 -0.225951 0.048827 0.115163 -0.221035 -0.192035 -0.305641 -0.240343 -0.141730 -0.214365 -0.237925 -0.159823 -0.278007 -0.042434 0.114684 -0.268161 -0.135094 -0.199092 -0.078254 0.128104 0.040740 0.061695 -0.112782 -0.197568 -0.106317 -0.308187 0.175280 0.260235 0.204075 -0.046831 -0.296653 -0.406470 -0.042342 -0.091999 0.207311 0.103917 -0.084066 -0.211162 -0.211882 -0.401524 -0.234217 -0.055398 -0.093693 -0.155213 -0.140293 -0.127395 -0.327759 -0.273351 -0.288171 -0.267079 0.268359 0.188514 0.034735 -0.021528 -0.025097 -0.059004 0.074863 0.028206 -0.054395 -0.082754 -0.191645 0.041410 0.009056 0.164780 0.018263 0.079137 -0.104078 -0.090120 0.111232 -0.060117 -0.187610 0.023823 0.011805 0.309074 0.051523 0.177880 0.179233 0.132394 -0.217159 -0.027815 -0.003571 -0.037589 0.294198 0.375107
-0.140851 -0.063767 -0.056637 -0.305008 0.707405 0.547347 -0.103981 0.279184 0.743927 1.000000 -0.120479 -0.547475 0.005474 -0.063280 0.637714 0.760919 -0.300826 -0.464609 0.060507 -0.129639 0.046966 -0.061708 0.335874 -0.033262 0.532748 0.115826 0.423456 0.371619 -0.163153 -0.032303 0.181758 -0.123835 0.135338 -0.155329 0.028655 0.117544 -0.128511 -0.142241 -0.164028 -0.156710 -0.036851 -0.164082 -0.200887 -0.178133 -0.239433 -0.040713 0.038540 -0.273340 -0.147718 -0.132499 -0.124027 0.115700 0.047752 0.039814 -0.094373 -0.179657 -0.001382 -0.214871 0.278443 0.384728 0.270260 0.026230 -0.365235 -0.486749 -0.161862 -0.163928 0.262481 0.146980 -0.139674 -0.114400 -0.162146 -0.426911 -0.132309 0.045206 -0.026186 -0.051372 -0.130724 -0.039231 -0.234630 -0.180060 -0.361975 -0.266917 0.088359 0.190717 -0.174746 -0.002647 -0.088980 -0.160664 0.072098 0.095829 0.054896 -0.054445 -0.220019 0.038887 0.121892 0.236308 0.005843 0.137651 -0.058447 -0.060007 0.057484 0.026803 -0.101178 0.011676 0.048025 0.237698 -0.037624 0.169337 0.242103 0.189191 -0.204809 -0.082825 -0.024885 -0.046076 0.172808 0.222336
-0.044765 -0.082173 -0.175860 -0.030520 -0.062399 -0.151353 -0.041765 -0.063256 0.098560 -0.120479 1.000000 0.684940 0.362609 0.620538 0.065521 -0.020541 0.581413 0.516333 -0.211031 -0.076714 -0.365061 -0.318840 -0.033509 0.244231 0.153771 0.433296 -0.283601 -0.320450 0.351311 0.124583 0.126006 0.321044 -0.012837 0.090370 0.212786 0.064137 -0.283571 0.023179 -0.340305 -0.281080 0.028395 -0.197032 -0.068903 0.057380 -0.040300 0.073283 0.161369 0.006882 -0.115479 -0.094375 -0.235627 -0.010085 -0.177221 -0.135090 -0.406741 -0.356111 0.033549 0.041375 -0.154482 -0.243085 0.239323 0.014382 0.162519 0.334344 0.290739 -0.028681 -0.048298 -0.077927 -0.063231 0.006052 -0.230457 -0.079728 0.060849 0.033012 0.001122 -0.126955 0.274655 0.106479 0.122538 0.254763 0.320149 0.267320 0.223885 -0.032228 0.149009 -0.270131 0.107264 0.037409 -0.336897 -0.471222 -0.131023 -0.079064 0.062573 -0.112447 -0.026242 0.040555 0.193365 -0.147625 -0.037083 -0.223526 -0.201025 -0.068204 -0.001898 -0.055570 0.185588 0.164996 -0.325846 -0.105250 0.092395 -0.002993 -0.083212 0.087733 -0.054589 -0.067277 0.310025 0.153351
0.093037 0.064952 -0.068833 0.199215 -0.411317 -0.371589 0.050862 -0.154545 -0.316400 -0.547475 0.684940 1.000000 0.133931 0.514098 -0.254769 -0.337470 0.528809 0.750874 -0.198090 0.083261 -0.405176 -0.215111 -0.252292 0.250150 -0.262969 0.250859 -0.410108 -0.392009 0.363250 0.117595 -0.021947 0.346840 -0.009925 0.271067 0.123288 -0.113666 -0.190505 0.004253 -0.229935 -0.129591 -0.071552 -0.182058 -0.025200 0.030509 0.152680 0.056192 0.023624 0.066995 0.022910 0.023777 -0.088538 -0.149152 -0.204024 -0.139977 -0.309824 -0.215583 0.043036 0.088934 -0.226833 -0.487110 0.137767 0.055434 0.328681 0.684352 0.409924 0.046256 -0.266697 -0.154572 -0.013555 0.062372 -0.101391 0.112674 0.108707 -0.046501 0.005904 -0.070899 0.251654 0.155852 0.279163 0.405657 0.423435 0.339980 0.128860 -0.079882 0.129582 -0.290966 0.160815 0.136495 -0.286056 -0.434446 -0.157487 -0.116433 0.159560 -0.095327 -0.118246 -0.084458 0.099364 -0.212318 -0.021650 -0.193012 -0.174052 0.050987 0.018363 -0.042966 0.108204 -0.034042 -0.260939 -0.191737 -0.038585 -0.084975 -0.016183 0.067230 -0.058943 -0.004353 0.080649 -0.032437
-0.002856 -0.047421 -0.047451 -0.123550 0.095360 -0.080523 -0.161495 0.093363 0.104250 0.005474 0.362609 0.133931 1.000000 0.489051 0.037856 0.026151 -0.014722 0.099926 -0.220602 -0.089715 -0.324389 -0.209450 0.242772 0.002051 0.150994 -0.068817 -0.346303 -0.257876 0.230679 0.281420 0.430310 0.280792 -0.070146 0.152380 0.200550 0.110920 -0.029504 -0.017074 -0.092026 -0.194036 0.006029 -0.089089 -0.067487 0.101866 -0.173109 -0.030862 0.042141 -0.070670 -0.096481 -0.217614 -0.090394 -0.010848 -0.149700 -0.193265 -0.124876 -0.201678 -0.034385 -0.034544 -0.186998 -0.326613 0.151602 -0.041415 -0.084652 -0.038745 0.087892 0.169967 -0.051937 -0.042195 -0.184072 -0.233075 0.102299 0.010352 0.099683 0.240334 0.174593 0.082524 0.323075 0.341766 -0.126194 0.081297 -0.050969 -0.071739 0.080766 -0.142149 -0.104675 -0.029770 0.090908 -0.077424 -0.176027 -0.255129 -0.282166 -0.104298 -0.173164 -0.217306 -0.039288 -0.003207 -0.028402 -0.134154 -0.265430 -0.141749 -0.227005 0.224179 0.158027 -0.020926 0.071237 -0.249540 -0.208991 -0.294939 0.017275 -0.081976 -0.026493 -0.055228 -0.064688 0.053157 0.045254 -0.144677
-0.109653 0.004020 -0.238102 -0.172374 -0.190062 -0.220288 -0.234056 0.114381 0.012049 -0.063280 0.620538 0.514098 0.489051 1.000000 -0.017875 0.053399 0.347159 0.387483 -0.377556 -0.188825 -0.436146 -0.323377 0.007506 0.136538 -0.014366 0.151273 -0.408641 -0.442445 0.283815 0.267869 0.457274 0.536447 -0.168166 0.183035 0.005976 0.052641 -0.104267 0.088109 -0.171058 -0.299969 0.081937 -0.110516 -0.062201 0.144282 -0.085973 0.070739 0.092282 0.000643 -0.193939 -0.104909 -0.164778 -0.022508 -0.173413 -0.206278 -0.394453 -0.263162 0.028191 0.021691 -0.281388 -0.405223 0.216027 0.077665 0.206478 0.319218 0.108382 0.126367 -0.327067 -0.151947 -0.201384 -0.119922 -0.029239 0.167286 0.051472 0.187939 0.033493 -0.032890 0.339990 0.317267 0.161445 0.204212 0.238476 0.218136 0.044014 -0.339186 0.094177 -0.152275 0.061727 0.125477 -0.410683 -0.505202 -0.140802 -0.088302 -0.077549 -0.267221 -0.010423 0.064408 0.074679 -0.087447 -0.112700 -0.128679 -0.137853 0.040195 0.115043 -0.254383 0.146600 -0.043932 -0.266279 -0.233645 0.084311 -0.036279 -0.017493 -0.041625 -0.183139 -0.083714 0.102494 0.031959
-0.078282 -0.127632 -0.082671 -0.084406 0.430175 0.392811 -0.123809 0.152562 0.776912 0.637714 0.065521 -0.254769 0.037856 -0.017875 1.000000 0.740041 -0.164266 -0.355236 0.185122 0.063991 -0.040994 -0.170263 0.276707 0.215463 0.316977 0.166683 0.537367 0.441108 -0.087305 -0.123777 0.006797 -0.146346 0.205595 -0.015157 0.041379 0.096083 -0.256031 -0.235950 -0.257023 -0.199079 -0.245678 -0.309928 -0.089973 -0.259233 -0.317983 -0.124753 0.122054 -0.224395 -0.079082 -0.253612 -0.076761 0.015399 0.104616 0.129735 -0.035415 -0.207544 0.048072 -0.252436 0.242353 0.206353 0.115355 -0.149729 -0.245984 -0.380373 -0.007032 -0.264672 0.219318 0.083311 0.037010 -0.033915 -0.206451 -0.454141 -0.247324 -0.111284 -0.031354 -0.116764 -0.158909 -0.057358 -0.340931 -0.152326 -0.256935 -0.294021 0.395157 0.235978 -0.039418 -0.142077 0.122963 0.095229 0.094607 0.031067 0.016523 0.004131 -0.091889 0.066797 0.126269 0.151406 0.108786 0.045753 0.024643 -0.093382 0.036105 -0.134167 -0.297973 0.025275 0.077443 0.319726 0.036002 0.254328 0.206350 0.183439 -0.173173 -0.060309 -0.044126 -0.077896 0.255739 0.238213
-0.185736 0.031025 -0.158244 -0.108865 0.467324 0.426564 -0.290829 0.137789 0.638644 0.760919 -0.020541 -0.337470 0.026151 0.053399 0.740041 1.000000 -0.153353 -0.201149 0.190929 0.023601 0.075734 0.064193 0.320913 0.225317 0.317642 0.260964 0.496196 0.463591 -0.127758 0.064099 0.156951 -0.008161 0.144899 -0.150597 0.097757 0.171932 -0.243949 -0.303767 -0.235589 -0.193410 -0.175306 -0.354348 -0.112262 -0.227965 -0.266132 -0.136379 0.089456 -0.367294 -0.132883 -0.193804 -0.093926 0.049210 0.054927 0.066145 -0.126979 -0.336777 0.064123 -0.141116 0.112667 0.215393 0.082549 -0.124119 -0.224654 -0.296802 -0.033736 -0.273664 0.134811 0.026736 0.035365 -0.026954 -0.139670 -0.357431 -0.213823 0.085053 -0.051906 0.128701 -0.074625 0.038787 -0.244775 -0.063354 -0.238140 -0.252488 0.167611 0.203897 -0.139989 -0.080404 0.133076 -0.195373 0.089012 -0.001417 0.004232 -0.103950 -0.221288 -0.031516 0.161390 0.078655 0.071790 -0.102651 -0.120582 -0.279809 -0.125319 0.012292 -0.178130 0.000270 0.221895 0.234858 -0.095275 0.180953 0.123333 0.172897 -0.230287 -0.203075 -0.085751 -0.070548 0.197406 0.137134
0.110133 0.208931 -0.299197 0.075300 -0.138238 -0.292772 -0.130858 -0.206427 -0.239418 -0.300826 0.581413 0.528809 -0.014722 0.347159 -0.164266 -0.153353 1.000000 0.674451 -0.008969 0.299826 -0.067175 -0.013910 -0.291432 0.154266 -0.094867 0.197501 -0.118779 -0.252573 0.513022 0.174486 -0.070671 0.198931 0.004520 0.060109 0.102937 0.019797 -0.175419 -0.093858 -0.078582 -0.024766 0.066790 -0.113574 -0.168466 -0.037543 0.035461 -0.116243 -0.056219 -0.018984 -0.285577 -0.034161 -0.378884 -0.193213 -0.235196 -0.114709 -0.303917 -0.205136 0.281408 0.323153 -0.265994 -0.172014 -0.071394 -0.062149 0.585049 0.502117 0.064115 -0.134120 -0.228274 -0.273281 0.236344 0.153060 -0.059731 0.138103 0.233184 0.070910 0.016719 0.050143 0.196467 0.026271 0.504293 0.460509 0.684925 0.493575 0.127627 -0.062575 0.093024 -0.189307 0.118467 0.083975 -0.172248 -0.262861 -0.035100 -0.102260 0.106144 -0.072833 -0.022017 -0.098706 0.000038 -0.168601 -0.061397 -0.117181 -0.303910 -0.133620 -0.110287 0.057823 0.107388 0.038852 -0.294599 -0.030362 -0.027351 -0.135854 -0.137545 0.101282 -0.013766 -0.084129 0.088918 -0.023556
0.032886 0.149986 -0.278708 0.073511 -0.229765 -0.327434 -0.194689 -0.403687 -0.397415 -0.464609 0.516333 0.750874 0.099926 0.387483 -0.355236 -0.201149 0.674451 1.000000 -0.020399 0.278907 -0.234246 0.001063 -0.293402 0.121500 -0.259116 0.186328 -0.358114 -0.291121 0.495069 0.285693 0.002907 0.325478 0.044644 0.150152 0.276545 -0.016162 -0.044773 0.041915 -0.085257 -0.025191 0.139302 -0.135805 -0.074237 -0.005440 0.151054 -0.100041 -0.010967 0.006294 -0.093817 -0.008336 -0.223545 -0.161727 -0.216803 -0.205992 -0.292979 -0.265850 0.170564 0.328325 -0.383835 -0.388492 -0.090537 -0.064940 0.385911 0.725652 0.218230 -0.137772 -0.311789 -0.318301 0.190234 0.050667 0.015019 0.213963 0.239625 0.138773 0.083545 0.102938 0.371742 0.263134 0.467316 0.607189 0.545701 0.510994 0.109326 0.021633 0.106489 -0.208581 0.227049 -0.076050 -0.187416 -0.384992 -0.069958 -0.275665 0.066329 -0.165987 -0.012522 -0.140392 0.158996 -0.283611 -0.007559 -0.242158 -0.397550 0.071973 0.115180 -0.038970 0.296117 -0.102456 -0.415332 -0.256258 -0.068174 -0.067728 -0.003918 0.030139 -0.069029 -0.010819 0.034983 -0.150336
0.055552 0.337951 -0.122155 0.394779 0.145410 0.163568 -0.231173 -0.177973 0.094849 0.060507 -0.211031 -0.198090 -0.220602 -0.377556 0.185122 0.190929 -0.008969 -0.020399 1.000000 0.702792 0.130134 0.181871 -0.010837 0.238896 -0.035739 0.000741 0.115486 0.328199 -0.070187 -0.308799 -0.420860 -0.378057 0.542748 -0.084119 0.156537 0.140208 0.157096 -0.010339 -0.016092 0.042253 0.150959 0.001274 -0.116175 -0.257285 -0.073515 -0.296786 0.087623 -0.228322 -0.095292 -0.119548 -0.010824 0.052157 0.237300 0.191854 0.226155 -0.062242 -0.055420 0.075083 0.048253 0.131790 -0.059786 0.023590 -0.031789 -0.159581 0.143983 -0.206254 0.213256 -0.156986 0.757511 0.308525 -0.447090 -0.287169 -0.307605 -0.283225 -0.210598 -0.055230 -0.318227 -0.167589 -0.155104 -0.142751 -0.183150 -0.070571 0.035284 0.146381 -0.028606 -0.152514 0.156203 -0.216317 0.364938 0.123271 -0.074261 -0.192218 -0.133703 -0.040447 0.138088 -0.077110 0.175100 -0.196721 -0.086101 -0.272836 -0.073387 -0.131959 -0.205532 -0.045107 0.252861 0.218915 -0.028131 0.201275 -0.052189 0.201990 -0.026669 -0.154882 -0.037333 -0.105340 0.051825 0.042793
0.369778 0.446762 -0.154510 0.197856 0.054825 -0.154712 -0.167412 -0.245532 -0.109351 -0.129639 -0.076714 0.083261 -0.089715 -0.188825 0.063991 0.023601 0.299826 0.278907 0.702792 1.000000 -0.072720 0.049453 -0.139485 0.200402 -0.249235 -0.182936 -0.013399 0.038081 0.259837 -0.061653 -0.297802 -0.158067 0.524304 0.313493 0.028297 -0.049566 0.051644 -0.078020 -0.001442 0.128064 0.031011 -0.117615 -0.152110 -0.205699 -0.076246 -0.324934 0.005014 -0.134120 -0.244952 -0.187511 -0.186289 -0.191620 0.108869 0.118649 0.125792 -0.047026 0.254894 0.290503 -0.052284 -0.104686 -0.190536 -0.068754 0.184654 0.208271 0.027848 -0.283979 -0.063865 -0.322520 0.693966 0.303727 -0.190196 -0.182798 -0.026349 -0.134963 -0.078282 0.035223 -0.086424 0.127444 0.153159 0.297642 0.195919 0.102760 0.103726 0.192077 -0.091564 -0.199309 0.145037 -0.114883 0.216359 0.012067 -0.032011 -0.170304 -0.013590 -0.097256 0.033141 -0.136336 0.018038 -0.280740 -0.037118 -0.271602 -0.264236 -0.023856 -0.158242 0.035313 0.165516 -0.051187 -0.226955 -0.031614 -0.103658 0.051516 -0.097493 -0.102985 -0.104474 -0.085808 -0.100904 -0.125762
0.013360 0.084092 0.064878 0.212773 0.194774 0.246681 -0.026935 0.160701 -0.028116 0.046966 -0.365061 -0.405176 -0.324389 -0.436146 -0.040994 0.075734 -0.067175 -0.234246 0.130134 -0.072720 1.000000 0.754146 0.094779 -0.053011 0.209958 0.081270 0.536343 0.490135 -0.193900 0.045811 -0.161681 -0.203671 -0.298452 -0.527442 -0.015621 0.009729 0.229124 -0.088176 0.365422 0.313057 0.120309 0.202739 -0.095531 -0.120933 -0.025133 -0.107327 -0.186916 -0.183473 0.034838 0.142564 -0.015647 0.006528 0.108070 -0.017389 0.289486 0.219736 -0.063954 0.024769 0.018708 0.308082 -0.327877 -0.152402 0.010487 -0.270116 -0.409626 0.060689 -0.017101 -0.069844 -0.022816 -0.120141 0.215054 0.253256 0.019451 0.113100 0.100499 0.301089 -0.269037 -0.355550 0.024379 -0.229020 0.049474 -0.045137 -0.061151 0.052085 0.113092 0.284996 -0.005483 -0.072695 0.371341 0.360805 -0.063814 -0.159902 -0.189696 0.006688 -0.045006 -0.058563 -0.249091 0.029774 -0.162386 0.002027 -0.000203 -0.084579 -0.098449 0.082251 -0.241337 -0.170480 0.156436 0.047444 -0.127410 -0.154557 -0.215050 -0.197931 0.067426 -0.032893 -0.254289 -0.107866
0.100156 0.184114 -0.093507 0.290429 0.080613 0.059217 -0.271384 0.017473 -0.151169 -0.061708 -0.318840 -0.215111 -0.209450 -0.323377 -0.170263 0.064193 -0.013910 0.001063 0.181871 0.049453 0.754146 1.000000 0.110905 0.009413 0.111865 0.143032 0.325811 0.324854 -0.055680 0.193706 -0.048400 0.048462 -0.133302 -0.347985 0.075270 -0.018164 0.215738 -0.159506 0.310005 0.240440 0.053659 0.174247 -0.153877 -0.100299 0.014659 -0.146884 -0.332621 -0.255549 -0.014001 0.152854 -0.063966 -0.037439 -0.031971 -0.103147 0.214505 0.061030 0.023199 0.059479 -0.136413 0.047950 -0.317551 -0.159658 0.021697 -0.089385 -0.270717 0.120670 -0.060926 -0.124368 0.061280 -0.119819 0.253928 0.441291 0.064191 0.331978 0.207797 0.559438 -0.127439 -0.114333 0.142666 -0.108535 0.205579 0.062635 -0.071254 -0.002024 0.122616 0.340860 0.096473 -0.248402 0.343404 0.235299 -0.288213 -0.406318 -0.386669 -0.080234 -0.139176 -0.245601 -0.341837 -0.254554 -0.441857 -0.213245 -0.133117 0.211495 0.044657 0.138463 -0.156778 -0.423989 -0.020555 -0.179948 -0.309537 -0.233095 -0.214157 -0.291360 0.000107 0.103817 -0.332974 -0.377355
0.003086 0.031911 0.327521 0.194622 0.343330 0.425420 0.082578 0.398726 0.355393 0.335874 -0.033509 -0.252292 0.242772 0.007506 0.276707 0.320913 -0.291432 -0.293402 -0.010837 -0.139485 0.094779 0.110905 1.000000 0.411977 0.430322 0.242413 0.233992 0.319050 -0.237560 0.056803 0.322721 0.078666 -0.053141 -0.055643 0.048611 0.024267 -0.235516 -0.288867 -0.133187 -0.189534 -0.073036 -0.136590 -0.114453 -0.166010 -0.305323 -0.170123 -0.004237 -0.471356 0.083165 -0.261412 0.079285 0.104975 0.024421 -0.140975 0.121415 -0.162335 -0.059892 -0.234994 0.142889 0.184909 -0.045152 -0.361957 -0.263565 -0.421702 -0.116994 -0.091975 0.040682 0.060490 -0.223242 -0.269442 0.036882 -0.197441 -0.130056 0.164007 0.015805 0.034490 -0.104163 -0.053678 -0.314729 -0.189383 -0.291794 -0.352605 -0.062915 0.131034 -0.090628 0.115935 0.100791 -0.190650 0.247736 0.166088 -0.121402 -0.125910 -0.218073 -0.096068 -0.184116 -0.086288 -0.190458 -0.113181 -0.241627 -0.184567 -0.117173 0.058052 -0.003290 0.065098 -0.095500 -0.059655 0.012539 -0.068305 -0.053659 -0.174373 -0.312916 -0.272257 -0.070022 0.052792 0.069188 -0.091613
-0.014476 0.160644 0.122196 0.455995 -0.038987 0.211664 0.004703 0.281236 0.192449 -0.033262 0.244231 0.250150 0.002051 0.136538 0.215463 0.225317 0.154266 0.121500 0.238896 0.200402 -0.053011 0.009413 0.411977 1.000000 -0.015678 0.478118 0.113746 0.194318 -0.086432 -0.303023 0.032333 0.219962 -0.021785 0.040689 -0.079058 0.066951 -0.360657 -0.316078 -0.398124 -0.213910 -0.105367 -0.227105 -0.071358 -0.244880 -0.000902 0.035000 -0.028560 -0.406004 0.161510 -0.090544 0.159306 -0.005642 0.013360 -0.025945 -0.055553 -0.345434 -0.081979 -0.161762 -0.072415 -0.029165 0.003907 -0.195029 0.172912 0.051549 0.313570 0.020946 -0.117350 0.122440 0.148896 0.094469 -0.194472 -0.102796 -0.353706 -0.289252 -0.321116 -0.178959 -0.233212 -0.078699 -0.134329 0.024350 -0.018108 -0.101016 -0.063024 0.203061 -0.037913 -0.287546 -0.024565 -0.182091 0.229774 -0.125904 -0.037858 -0.109660 0.041132 -0.084842 -0.237787 -0.388493 -0.174546 -0.444140 -0.145191 -0.430959 -0.243351 -0.088686 -0.138675 -0.145863 0.219600 0.211982 0.006496 0.163565 -0.314157 -0.226455 -0.348490 -0.268560 -0.237429 -0.190902 0.065367 -0.007823
-0.330909 -0.204353 0.040399 -0.128510 0.551364 0.289581 -0.128362 0.200053 0.547447 0.532748 0.153771 -0.262969 0.150994 -0.014366 0.316977 0.317642 -0.094867 -0.259116 -0.035739 -0.249235 0.209958 0.111865 0.430322 -0.015678 1.000000 0.483324 0.203080 0.165264 -0.010934 0.181614 0.236837 -0.045726 -0.122513 -0.334371 0.249857 0.294959 -0.115687 -0.243000 -0.209039 -0.318117 -0.034905 -0.221568 -0.249871 -0.055376 -0.123428 0.031092 -0.087763 -0.359310 0.025264 -0.089768 0.054783 0.186266 -0.040523 -0.175279 -0.197463 -0.245191 -0.339703 -0.253853 0.103524 0.284548 0.038948 -0.033653 -0.397217 -0.510337 -0.132722 0.088684 0.335934 0.278197 -0.176381 -0.186703 -0.011481 -0.077471 0.058132 0.311289 0.124076 0.293669 0.048415 0.038977 -0.126749 -0.069792 -0.099772 -0.046158 0.038852 -0.040748 0.174986 0.099031 -0.145941 -0.160727 -0.000894 -0.149929 -0.229392 -0.188779 -0.301671 0.003369 -0.007521 0.056621 -0.113071 -0.057950 -0.231550 -0.191046 0.056451 -0.047928 -0.225398 0.148926 -0.068419 0.062116 -0.053528 0.124727 0.098892 0.042925 -0.275134 -0.185766 -0.003691 -0.082906 0.108977 0.134221
-0.276576 -0.221717 -0.145138 0.138827 0.018473 0.116623 -0.139914 0.073838 0.301176 0.115826 0.433296 0.250859 -0.068817 0.151273 0.166683 0.260964 0.197501 0.186328 0.000741 -0.182936 0.081270 0.143032 0.242413 0.478118 0.483324 1.000000 0.135776 0.082149 0.058507 0.076514 0.137436 0.276275 -0.101761 -0.225986 0.156739 0.243370 -0.304803 -0.294428 -0.446611 -0.368028 -0.158404 -0.299579 -0.163513 -0.106529 0.007083 0.073509 -0.027048 -0.251763 0.070659 -0.049056 0.048057 0.071023 -0.046424 -0.130966 -0.325573 -0.386163 -0.239247 -0.221551 -0.080195 0.029647 0.031593 -0.089638 -0.012014 -0.024814 0.139171 0.055545 0.087263 0.204349 -0.000517 -0.010595 -0.087966 0.106424 -0.026175 0.074999 -0.058672 0.190705 0.035550 -0.072414 0.031788 0.092684 0.137534 0.137561 0.027762 0.006565 0.234322 -0.202004 -0.089755 -0.126990 -0.070108 -0.317751 -0.101911 -0.234369 -0.133628 -0.035750 -0.108918 -0.167687 0.007229 -0.228378 -0.090650 -0.301259 -0.049508 -0.191956 -0.267914 -0.033177 0.090988 0.266779 -0.084048 0.221096 -0.085530 -0.050657 -0.225074 -0.161999 -0.138600 -0.195520 0.175884 0.189411
-0.001480 -0.008941 0.106053 0.183049 0.398931 0.438350 0.141402 0.267625 0.412805 0.423456 -0.283601 -0.410108 -0.346303 -0.408641 0.537367 0.496196 -0.118779 -0.358114 0.115486 -0.013399 0.536343 0.325811 0.233992 0.113746 0.203080 0.135776 1.000000 0.718620 -0.300665 -0.122344 -0.207649 -0.318005 -0.097005 -0.363231 -0.002706 -0.042605 -0.190688 -0.409008 0.089912 0.172609 -0.314245 -0.244294 -0.088805 -0.348180 -0.192666 -0.224085 -0.050597 -0.278044 0.087709 -0.028787 0.020038 0.054551 0.132827 0.237712 0.206709 0.066333 0.134357 -0.129752 0.265531 0.472549 -0.159010 -0.177128 -0.085052 -0.385643 -0.233061 -0.205228 0.119091 0.026390 -0.048058 -0.043016 0.035706 -0.222003 -0.173526 -0.126099 -0.061007 0.051980 -0.398303 -0.439148 -0.224680 -0.184523 -0.193157 -0.355368 0.193023 0.147616 -0.102584 0.008790 0.151251 0.137580 0.329835 0.445410 0.124091 0.000422 -0.037886 0.157183 0.121472 -0.023444 -0.090652 0.041570 0.005914 -0.036845 -0.004089 -0.211680 -0.375737 0.208709 -0.067954 0.182647 0.216912 0.357349 0.045711 -0.033665 -0.283481 -0.136123 0.131065 -0.005409 0.084708 0.169949
-0.044994 0.126390 0.244309 0.333632 0.430495 0.669941 0.071507 0.146660 0.362010 0.371619 -0.320450 -0.392009 -0.257876 -0.442445 0.441108 0.463591 -0.252573 -0.291121 0.328199 0.038081 0.490135 0.324854 0.319050 0.194318 0.165264 0.082149 0.718620 1.000000 -0.467456 -0.263150 -0.397624 -0.503829 -0.002270 -0.467206 0.066848 -0.016990 -0.071812 -0.246526 0.073105 0.158069 -0.102872 -0.141494 -0.007381 -0.382218 -0.190604 -0.279139 0.094993 -0.328764 0.246285 -0.033265 0.144755 0.237718 0.337955 0.247192 0.369382 0.070093 -0.008724 -0.108136 0.317484 0.510837 -0.054535 -0.213651 -0.166867 -0.364836 -0.192573 -0.251860 0.105012 -0.056136 0.070869 0.044586 -0.124056 -0.390305 -0.391233 -0.228544 -0.175189 -0.103660 -0.447323 -0.417344 -0.437360 -0.321064 -0.413139 -0.471574 0.092461 0.313666 -0.162818 -0.025950 0.202212 -0.082718 0.439097 0.470471 0.178210 -0.047697 -0.079343 0.085178 0.167007 0.056301 0.052101 0.029676 0.043055 -0.130789 -0.112295 -0.205886 -0.246213 0.068528 0.080929 0.286132 0.145681 0.317070 0.061043 0.112325 -0.245453 -0.209102 0.050447 -0.054838 0.139462 0.184151
0.128534 -0.119985 -0.536114 -0.292716 -0.052368 -0.280849 -0.251678 -0.318618 -0.137185 -0.163153 0.351311 0.363250 0.230679 0.283815 -0.087305 -0.127758 0.513022 0.495069 -0.070187 0.259837 -0.193900 -0.055680 -0.237560 -0.086432 -0.010934 0.058507 -0.300665 -0.467456 1.000000 0.547343 0.355433 0.441984 0.170984 0.325424 0.199108 -0.007579 0.094818 0.121715 -0.098020 -0.161857 0.291065 0.032490 -0.154295 0.164408 0.056596 -0.084116 -0.090936 0.019107 -0.370430 -0.146429 -0.461643 -0.349221 -0.365330 -0.293166 -0.319535 -0.137319 0.170134 0.060890 -0.387780 -0.443860 -0.121397 -0.094698 0.294023 0.327285 0.145941 -0.120435 -0.128879 -0.287465 0.022587 -0.202273 0.220483 0.311607 0.728340 0.367118 0.524124 0.215443 0.500876 0.423160 0.591803 0.537344 0.658018 0.574319 0.324756 0.013525 0.222505 -0.019078 0.028207 0.075071 -0.294074 -0.401327 -0.310909 -0.362371 -0.168919 -0.235749 -0.297662 -0.020359 0.016270 -0.032739 -0.113477 0.018080 -0.156620 0.136596 0.107633 0.062581 -0.171847 -0.349667 -0.454235 -0.455117 -0.004201 -0.255710 -0.057381 0.075259 -0.021229 0.097328 -0.083505 -0.196546
-0.026412 -0.005362 -0.382580 -0.263599 -0.043916 -0.166878 -0.316307 -0.097794 -0.080991 -0.032303 0.124583 0.117595 0.281420 0.267869 -0.123777 0.064099 0.174486 0.285693 -0.308799 -0.061653 0.045811 0.193706 0.056803 -0.303023 0.181614 0.076514 -0.122344 -0.263150 0.547343 1.000000 0.482463 0.338912 -0.065076 0.050603 0.181607 -0.119210 0.058678 0.081216 0.022903 -0.150698 0.167661 0.002873 -0.237547 0.081033 -0.112687 -0.189430 -0.048569 -0.116801 -0.323984 -0.092457 -0.362803 -0.168895 -0.262206 -0.288441 -0.228307 -0.089148 0.164693 0.054242 -0.310699 -0.263691 -0.199854 -0.088104 0.022829 0.168299 -0.194357 -0.127296 -0.145364 -0.340113 -0.261357 -0.441330 0.509607 0.344436 0.719323 0.818001 0.692921 0.593001 0.669974 0.425419 0.416434 0.367600 0.520641 0.425840 0.149981 -0.127234 0.222477 0.310267 0.154465 0.006587 -0.308040 -0.266067 -0.268014 -0.394591 -0.371519 -0.244013 -0.257324 0.167466 -0.074140 0.076781 -0.264647 0.016230 -0.114919 0.191014 0.216919 0.051041 -0.237474 -0.357067 -0.299678 -0.413785 0.074817 -0.138164 -0.079890 -0.044619 0.123639 0.205766 -0.057806 -0.146054
-0.125760 -0.250545 -0.259960 -0.358358 0.059996 -0.110428 -0.147770 0.236876 0.135495 0.181758 0.126006 -0.021947 0.430310 0.457274 0.006797 0.156951 -0.070671 0.002907 -0.420860 -0.297802 -0.161681 -0.048400 0.322721 0.032333 0.236837 0.137436 -0.207649 -0.397624 0.355433 0.482463 1.000000 0.789571 -0.194603 0.232626 0.050370 0.092512 -0.086576 0.045586 -0.083225 -0.193385 0.077955 -0.025344 -0.064292 0.258323 0.021328 0.169839 -0.025758 -0.083232 -0.242875 -0.095335 -0.269077 -0.181742 -0.324652 -0.335795 -0.349688 -0.148669 -0.019062 -0.208717 -0.383348 -0.371914 -0.031881 -0.198128 -0.020361 0.003186 -0.025513 0.046093 -0.151279 -0.002056 -0.472426 -0.496495 0.370192 0.337728 0.362265 0.474495 0.393301 0.201157 0.370569 0.365814 0.211252 0.208885 0.192936 0.162447 0.101740 -0.199375 0.032924 0.126460 -0.061489 -0.028069 -0.317688 -0.293887 -0.225559 -0.241224 -0.250101 -0.259686 -0.270470 0.043307 -0.151202 0.028130 -0.200170 0.016980 -0.015689 0.213841 0.237423 -0.059074 -0.176578 -0.323197 -0.309362 -0.427853 0.029223 -0.241017 -0.067084 -0.130126 -0.134597 0.073694 -0.079106 -0.186323
-0.030460 -0.185950 -0.336258 -0.195469 -0.186955 -0.358903 -0.152887 0.088643 -0.067050 -0.123835 0.321044 0.346840 0.280792 0.536447 -0.146346 -0.008161 0.198931 0.325478 -0.378057 -0.158067 -0.203671 0.048462 0.078666 0.219962 -0.045726 0.276275 -0.318005 -0.503829 0.441984 0.338912 0.789571 1.000000 -0.177555 0.340426 0.052007 0.083486 -0.128177 0.020398 -0.183288 -0.163549 -0.000951 -0.077808 0.023884 0.326911 0.218678 0.276146 -0.066289 0.061976 -0.227575 0.029822 -0.298713 -0.207141 -0.379837 -0.347289 -0.437762 -0.270721 0.026387 -0.097584 -0.514064 -0.579348 -0.037343 -0.208745 0.261234 0.332918 0.162257 0.103790 -0.270767 -0.035451 -0.315698 -0.330617 0.270866 0.509227 0.267377 0.296597 0.232990 0.150023 0.307046 0.357338 0.334065 0.320630 0.372952 0.308168 0.085249 -0.134987 0.082389 0.013362 -0.083137 -0.031460 -0.315509 -0.421072 -0.273237 -0.289092 -0.122309 -0.235302 -0.301332 -0.139565 -0.131677 -0.181904 -0.202100 -0.112320 -0.146075 0.220077 0.163397 -0.057231 -0.082705 -0.341169 -0.350762 -0.422871 -0.129865 -0.308417 -0.035097 -0.095087 -0.228980 -0.017926 -0.155808 -0.243415
0.245862 0.234468 -0.187088 -0.031088 0.057860 -0.039824 -0.183506 -0.278536 0.044997 0.135338 -0.012837 -0.009925 -0.070146 -0.168166 0.205595 0.144899 0.004520 0.044644 0.542748 0.524304 -0.298452 -0.133302 -0.053141 -0.021785 -0.122513 -0.101761 -0.097005 -0.002270 0.170984 -0.065076 -0.194603 -0.177555 1.000000 0.523754 0.164279 -0.059406 -0.015724 0.066136 -0.212800 -0.138410 0.124318 -0.007084 -0.061299 -0.164972 -0.087488 -0.243320 0.092634 -0.056233 -0.200825 -0.186603 -0.250075 -0.043666 0.052337 0.067922 -0.017971 -0.210829 0.314555 0.195260 0.151544 0.006238 0.239867 0.193923 -0.083398 -0.036490 0.181382 -0.368583 0.339352 -0.144102 0.475219 0.227753 -0.393918 -0.367136 -0.079332 -0.134733 -0.057426 -0.132085 -0.025140 0.117331 -0.139610 0.138840 -0.103008 0.042449 0.058448 0.163733 -0.088131 -0.144485 0.204485 -0.133038 0.010749 -0.066823 -0.044050 -0.188756 -0.090273 -0.109062 0.048367 0.072509 0.228703 -0.075373 0.030510 -0.181147 -0.095489 -0.056432 -0.127711 -0.066572 0.070753 0.170321 -0.222402 0.034824 0.090071 0.168054 0.022753 0.064850 -0.012095 -0.079484 0.126898 0.057629
0.299205 0.034310 -0.019933 -0.263119 -0.220854 -0.389014 0.011023 -0.184031 -0.225951 -0.155329 0.090370 0.271067 0.152380 0.183035 -0.015157 -0.150597 0.060109 0.150152 -0.084119 0.313493 -0.527442 -0.347985 -0.055643 0.040689 -0.334371 -0.225986 -0.363231 -0.467206 0.325424 0.050603 0.232626 0.340426 0.523754 1.000000 -0.129360 -0.111868 -0.124359 0.056781 -0.237746 -0.172151 -0.009453 -0.000786 0.042699 0.057481 0.056132 0.128096 -0.134617 0.128974 -0.121093 -0.062026 -0.168602 -0.244068 -0.196753 -0.178812 -0.202783 -0.218358 0.277179 0.154500 0.031556 -0.307084 0.134595 0.142663 0.065726 0.292675 0.093954 -0.078483 0.015876 0.064307 0.031575 0.155121 0.048439 0.024192 0.134170 -0.047696 0.051468 -0.126597 0.131312 0.371208 0.129238 0.380009 0.141785 0.145852 0.058520 0.130244 -0.176260 -0.149918 -0.102163 0.027092 -0.217489 -0.280170 0.059272 -0.022294 0.129407 -0.153942 -0.239687 -0.161570 -0.096573 -0.174274 0.122192 -0.072420 -0.027990 0.124412 0.074173 -0.114206 -0.111917 -0.139524 -0.144542 -0.194170 -0.147499 -0.215325 0.030235 0.070149 -0.185786 -0.068653 -0.150878 -0.248507
-0.204633 -0.013872 -0.089596 0.103346 0.190393 -0.039149 -0.248800 -0.165658 0.048827 0.028655 0.212786 0.123288 0.200550 0.005976 0.041379 0.097757 0.102937 0.276545 0.156537 0.028297 -0.015621 0.075270 0.048611 -0.079058 0.249857 0.156739 -0.002706 0.066848 0.199108 0.181607 0.050370 0.052007 0.164279 -0.129360 1.000000 0.593140 -0.058494 -0.132875 -0.145956 -0.169018 0.045211 -0.225398 -0.061282 0.057710 0.155753 0.018460 0.071840 -0.170977 -0.035948 -0.081298 -0.153562 0.124334 -0.257130 -0.256642 -0.234787 -0.369082 -0.135003 -0.022628 -0.155447 -0.155675 -0.086283 -0.199637 -0.257850 -0.052471 0.341217 -0.104025 0.406708 0.135598 0.076131 -0.031380 -0.177700 -0.040898 0.050829 0.188917 0.222420 0.178651 0.217738 0.171188 -0.094259 0.143025 -0.048490 0.044455 0.058256 -0.065645 0.066197 -0.184181 0.323771 -0.146493 0.019845 -0.226660 -0.312974 -0.264726 -0.124549 -0.020573 0.201210 0.031706 0.278732 -0.076203 -0.228908 -0.199939 -0.271875 0.149162 -0.033699 0.389640 0.180739 -0.103298 -0.422846 -0.153002 0.181959 0.103268 0.141644 0.099685 0.200885 0.205954 0.256707 -0.102870
-0.353761 -0.156644 0.048708 -0.015023 0.101201 -0.067156 -0.187944 -0.033025 0.115163 0.117544 0.064137 -0.113666 0.110920 0.052641 0.096083 0.171932 0.019797 -0.016162 0.140208 -0.049566 0.009729 -0.018164 0.024267 0.066951 0.294959 0.243370 -0.042605 -0.016990 -0.007579 -0.119210 0.092512 0.083486 -0.059406 -0.111868 0.593140 1.000000 -0.101848 -0.253054 -0.277805 -0.318388 -0.080907 -0.163236 -0.014848 0.152195 0.180117 0.299344 -0.090813 -0.119781 -0.004995 0.018763 0.076155 0.176402 -0.185257 -0.279998 -0.365072 -0.439799 -0.375045 -0.138525 -0.160660 -0.027862 -0.145362 -0.117641 -0.209416 -0.219864 0.144631 0.191529 0.352385 0.475316 0.086645 0.230950 -0.216328 0.057651 -0.162345 0.026157 -0.065759 0.176467 0.007196 0.166803 -0.088787 -0.023819 -0.135181 -0.001363 -0.112203 -0.123233 0.048009 -0.222019 -0.100995 -0.199809 0.007804 -0.279700 -0.079712 0.061890 0.020576 0.024167 0.189040 -0.144205 0.062106 -0.148684 -0.131760 -0.124335 -0.015747 0.012973 -0.108589 0.213704 0.236739 -0.007864 -0.144563 0.113862 0.022411 0.023177 0.200740 0.084598 0.027214 0.039630 0.120669 -0.092998
