1.000000 0.597921 -0.185191 0.067645 -0.253754 -0.159575 -0.101281 -0.145653 -0.248965 -0.296048 0.489809 0.217365 0.140879 -0.066757 -0.072687 -0.067089 0.244639 0.257143 0.455560 0.242583 -0.205216 -0.021820 -0.264690 -0.178003 -0.256034 -0.162033 -0.113197 0.020045 0.235109 0.016177 -0.028749 0.067854 0.382143 0.195117 -0.112618 -0.230977 0.040813 -0.138459 -0.048707 -0.124371 -0.085341 0.083819 -0.348276 -0.027946 0.156711 0.199733 -0.166472 -0.185458 -0.140431 0.036441 -0.416559 -0.226181 -0.135576 -0.032192 -0.244316 0.099175 0.680322 0.362877 0.293536 0.120956 0.462503 0.198529 0.446880 0.477962 0.072259 0.140658 0.064903 -0.131801 -0.029440 -0.280697 -0.017312 -0.186332 0.223932 0.007025 0.151885 -0.067672 0.085154 -0.277846 0.117329 0.071577 0.114069 0.107584 -0.106267 0.008774 -0.133047 -0.064995 -0.118235 -0.034856 0.083800 -0.002276 -0.342176 -0.169696 -0.177920 -0.257963 0.055591 -0.203483 -0.049480 -0.073681 -0.139617 0.332365 -0.171549 -0.129620 -0.438856 -0.425204 -0.335454 -0.046856 -0.177013 -0.170712 -0.062187 0.009488 -0.324581 -0.157297 -0.080050 -0.299332 -0.301201 -0.181926
0.597921 1.000000 -0.303577 0.042355 -0.257198 -0.461968 -0.157114 0.083597 -0.270853 -0.354443 0.331299 0.479330 0.217021 0.139227 -0.119761 -0.083750 0.104282 0.254163 0.151622 0.482861 -0.358823 -0.295499 -0.406309 -0.324807 -0.489823 -0.389342 -0.252052 -0.270201 0.109277 -0.023127 -0.175045 -0.043335 0.441365 0.425454 -0.191518 -0.020793 -0.168837 -0.264254 -0.235677 -0.186846 0.000715 -0.135390 -0.246602 -0.006579 0.273047 0.297522 -0.077661 0.015165 0.166535 0.253240 -0.220590 0.075255 -0.196811 0.053944 -0.263740 0.107456 0.555461 0.611762 0.407828 0.307979 0.527282 0.545797 0.556868 0.642105 -0.145241 0.358955 0.160388 0.045324 0.061624 -0.049227 -0.205492 -0.310778 0.097177 -0.157602 0.026384 -0.275483 -0.084094 -0.175249 -0.101535 0.085520 0.254235 -0.040689 0.085725 0.039448 -0.364744 -0.286417 -0.030459 -0.018935 -0.205997 -0.192460 -0.242814 -0.101527 -0.059172 -0.060064 -0.173277 -0.195276 -0.007586 -0.147208 0.006971 0.120865 0.112112 0.001192 -0.140802 -0.149166 -0.070297 -0.176112 -0.070542 -0.088687 -0.109469 -0.212625 -0.355933 0.106450 0.039273 -0.251645 -0.364792 -0.183817
-0.185191 -0.303577 1.000000 0.258027 0.591460 0.093096 0.817512 0.445126 0.443548 0.189728 -0.280183 -0.057730 0.206166 0.143357 0.329845 0.115809 -0.589136 -0.402419 0.026156 -0.001627 -0.176857 -0.203367 0.680482 0.581479 0.131783 0.058974 0.099458 -0.023419 -0.397275 -0.248755 0.270638 0.196946 -0.259233 0.020373 0.194743 0.524768 -0.428353 -0.347037 -0.250281 -0.042545 -0.350761 -0.244813 -0.163861 -0.105798 -0.112329 -0.024673 -0.416627 0.093799 -0.040563 -0.016538 0.068223 -0.059672 -0.249742 -0.089416 -0.370738 -0.177767 -0.311215 -0.303016 0.156402 0.135305 0.044151 0.045674 -0.491846 -0.254945 0.402232 0.258606 0.259160 0.520638 -0.085502 0.262958 -0.172351 0.087748 -0.470631 -0.349632 -0.468423 -0.350247 -0.450039 -0.174298 -0.606220 -0.232628 -0.523317 -0.284161 -0.009670 -0.128089 -0.143053 -0.330293 -0.209966 -0.184224 0.289418 -0.001183 0.023502 0.303748 0.273047 0.443122 -0.050920 -0.246819 -0.361267 0.011272 -0.305758 -0.149644 0.163891 0.191892 0.058628 0.050847 -0.072410 0.226395 -0.267842 -0.242612 0.220603 -0.190060 0.159492 0.070231 -0.309400 0.002045 -0.179391 -0.217270
0.067645 0.042355 0.258027 1.000000 -0.019597 -0.089544 0.264559 0.635837 -0.176195 0.089312 -0.031240 0.146724 -0.070633 0.239232 -0.159456 -0.113147 -0.087663 -0.163865 0.362819 0.158552 -0.100251 -0.103943 0.347920 0.433538 -0.027477 -0.142296 -0.165230 -0.176337 -0.116245 -0.070456 0.092035 0.138854 -0.123419 -0.007820 0.142223 0.077314 -0.038662 -0.148457 0.072195 0.053831 -0.074258 -0.053210 -0.158212 -0.310409 -0.152830 -0.198280 -0.276105 -0.336268 -0.268925 -0.218884 -0.078382 -0.174424 -0.017688 -0.039093 0.028671 0.103090 -0.129029 0.035160 -0.053661 -0.077774 -0.087023 -0.050044 -0.228556 -0.198157 0.244667 0.026471 -0.136883 0.064162 -0.131464 -0.153223 -0.106789 0.011071 -0.159320 -0.139430 -0.169283 -0.105221 -0.125180 -0.134821 -0.179011 -0.156593 -0.224583 -0.117480 -0.054624 0.085014 0.132316 0.028194 -0.226247 -0.058276 0.451136 0.388611 -0.025074 0.093861 0.147693 0.041001 0.067501 -0.162308 -0.123912 0.188551 -0.122080 -0.035319 -0.007800 -0.009810 -0.148938 -0.226965 -0.185577 0.109312 -0.015374 -0.119956 0.077360 -0.149599 -0.027207 -0.216268 0.034321 -0.170714 -0.231430 0.048879
-0.253754 -0.257198 0.591460 -0.019597 1.000000 0.449690 0.388212 0.235775 0.799046 0.429296 -0.249486 -0.180663 0.183869 0.187994 0.618200 0.474130 -0.388758 -0.436655 -0.137421 -0.070898 -0.157018 -0.170966 0.241315 0.288197 0.289594 0.137211 0.493285 0.178462 -0.378342 -0.277374 0.251249 0.111413 -0.379169 -0.221961 0.090547 0.431350 -0.271842 -0.249076 -0.304530 0.000554 -0.192480 -0.073976 -0.174510 -0.155956 -0.207639 -0.065302 -0.187778 0.187699 0.032310 0.007172 0.122497 0.060641 -0.095151 -0.048429 -0.287496 -0.296434 -0.358394 -0.387198 0.187501 0.265461 -0.046121 -0.000126 -0.435048 -0.256988 0.153959 0.152246 0.170402 0.365564 0.021653 0.349720 -0.163244 0.181678 -0.448088 -0.235138 -0.412544 -0.312218 -0.415354 -0.081115 -0.318705 -0.330797 -0.319790 -0.267979 -0.018480 -0.198425 -0.074270 -0.291069 -0.082645 -0.075670 0.112532 -0.126388 0.054800 0.249591 0.178113 0.357101 -0.058941 -0.083328 -0.144739 -0.048533 -0.156867 -0.131003 0.061618 0.206222 0.232983 0.172999 0.149446 0.272675 -0.265593 -0.138327 0.227682 -0.121317 0.082648 0.146635 -0.314400 0.097252 -0.036966 -0.191320
-0.159575 -0.461968 0.093096 -0.089544 0.449690 1.000000 0.003817 -0.080188 0.442952 0.635676 -0.136328 -0.385535 -0.047247 0.046920 0.158963 0.201934 0.091160 -0.232277 -0.187406 -0.328125 0.043814 0.198536 0.066344 0.235101 0.457441 0.466766 0.326001 0.402772 -0.362031 -0.226431 0.121130 -0.035910 -0.422750 -0.599608 0.023913 -0.050257 0.051787 0.127180 -0.070351 0.235063 -0.091598 0.284155 -0.090297 -0.073434 -0.242177 -0.128904 -0.046725 0.027966 -0.087237 -0.146469 -0.026095 -0.142002 0.032147 -0.317547 -0.039165 -0.394453 -0.235392 -0.389506 -0.094295 0.045012 -0.376545 -0.380697 -0.375615 -0.365735 -0.006247 -0.244705 -0.015051 0.038307 0.126102 0.184125 0.027633 0.266064 -0.357980 0.041653 -0.275285 0.144787 -0.049435 0.034413 0.209412 -0.330560 -0.263383 -0.040497 -0.320834 -0.288135 0.202486 0.220987 -0.140390 -0.006846 0.057060 -0.070237 0.111538 0.061564 -0.040623 -0.036398 0.226712 0.154490 0.163209 0.085485 -0.089240 0.004490 -0.212040 -0.072402 0.101889 0.131015 0.210391 0.348745 -0.141896 -0.008830 0.249639 0.099415 0.211589 -0.014775 -0.256962 0.137131 0.328634 0.068941
-0.101281 -0.157114 0.817512 0.264559 0.388212 0.003817 1.000000 0.573052 0.273401 0.221752 -0.108491 0.162101 0.355125 0.320463 0.157943 0.009866 -0.467495 -0.203533 -0.047567 0.168486 -0.158472 -0.115464 0.570971 0.541898 0.085877 0.010306 -0.036778 -0.176350 -0.349777 -0.132944 0.249648 0.205202 -0.176147 0.101631 -0.019144 0.422982 -0.421940 -0.243418 -0.247075 0.026937 -0.396095 -0.210144 -0.221885 -0.098348 -0.106408 -0.037284 -0.506799 0.017035 -0.076698 0.032901 -0.063340 -0.049671 -0.340015 -0.078535 -0.402182 -0.155385 -0.249171 -0.269885 -0.061366 0.013478 0.030853 0.093481 -0.435434 -0.165831 0.268208 0.169676 0.061783 0.450326 -0.215384 0.200371 -0.087830 0.207016 -0.422987 -0.242599 -0.439696 -0.168140 -0.383959 -0.129777 -0.493759 -0.110537 -0.395853 -0.122390 -0.142693 -0.090331 -0.212909 -0.202611 -0.350274 -0.279978 0.097111 -0.045819 -0.025300 0.320049 0.218436 0.404723 -0.049711 -0.178984 -0.346474 0.087685 -0.333954 -0.103031 0.185211 0.163746 0.044436 0.020701 -0.077981 0.145434 -0.294283 -0.270821 0.246136 -0.155221 0.126686 0.090643 -0.297712 -0.042959 -0.230314 -0.190030
-0.145653 0.083597 0.445126 0.635837 0.235775 -0.080188 0.573052 1.000000 0.130454 0.256603 -0.229066 0.155274 0.063827 0.475354 -0.131994 -0.092483 -0.291959 -0.407238 -0.103600 0.223450 -0.325636 -0.352614 0.238666 0.470654 -0.092970 -0.174771 -0.313080 -0.418942 -0.414808 -0.322914 0.116245 0.125898 -0.218539 0.065767 0.001769 0.390327 -0.455706 -0.356676 -0.374719 0.021316 -0.358030 -0.326272 -0.256682 -0.304201 -0.278995 -0.156597 -0.334239 -0.020260 -0.089070 -0.080146 -0.140267 -0.081658 -0.228404 -0.125300 -0.216151 -0.070304 -0.111662 -0.099941 0.077590 0.345830 0.011235 0.288718 -0.275992 -0.137503 0.079991 0.222471 0.138233 0.505011 -0.033363 0.270329 -0.248103 0.048240 -0.470949 -0.451022 -0.544374 -0.340816 -0.489903 -0.164143 -0.444052 -0.381256 -0.378736 -0.412475 -0.195391 -0.154769 -0.304960 -0.278424 -0.398887 -0.175610 0.245138 0.144633 0.236323 0.311158 0.392554 0.399604 -0.113007 -0.129396 -0.202346 0.147263 -0.071498 -0.136387 0.298660 0.264805 0.249225 0.179800 0.096969 0.166278 -0.084822 -0.150732 0.215627 -0.305887 0.018293 0.028159 -0.097315 0.022000 -0.190656 0.075860
-0.248965 -0.270853 0.443548 -0.176195 0.799046 0.442952 0.273401 0.130454 1.000000 0.340383 -0.216080 -0.190220 0.100969 0.193483 0.604490 0.562527 -0.220649 -0.368619 -0.133797 -0.011140 -0.106847 -0.086592 0.182188 0.302442 0.310422 0.359631 0.352887 0.118423 -0.151817 -0.109220 0.411116 0.306052 -0.251616 -0.064447 -0.090291 0.308101 -0.333151 -0.254846 -0.350925 -0.073731 -0.153414 -0.156049 -0.158073 -0.070058 -0.253810 -0.065972 -0.105351 0.258421 -0.029002 -0.127271 0.022706 -0.076641 -0.172323 -0.139483 -0.304932 -0.350394 -0.245073 -0.386109 0.110336 0.231892 -0.009421 0.090199 -0.275137 -0.192153 0.172187 0.161025 0.058718 0.251264 0.155408 0.331024 -0.103257 0.267453 -0.282025 -0.134643 -0.257313 -0.215177 -0.406519 -0.057276 -0.203211 -0.205783 -0.209854 -0.231697 0.004390 -0.191108 -0.144884 -0.342564 0.035039 0.063735 -0.082793 -0.253448 0.092302 0.050507 0.170152 0.201166 -0.122677 -0.074347 -0.125385 -0.103548 -0.145685 -0.237911 0.036410 0.208412 0.255261 0.232812 0.075148 0.188956 -0.194881 -0.117499 0.098899 -0.061502 0.110582 0.067752 -0.280493 0.119045 -0.008569 -0.202614
-0.296048 -0.354443 0.189728 0.089312 0.429296 0.635676 0.221752 0.256603 0.340383 1.000000 -0.236478 -0.258263 -0.023660 0.385527 -0.042160 -0.101730 0.039701 -0.401834 -0.302285 -0.274649 -0.133252 -0.071220 0.169416 0.358602 0.504217 0.296140 0.117159 -0.079203 -0.586199 -0.412083 0.153169 -0.002510 -0.464229 -0.521517 -0.036900 -0.067754 -0.075264 -0.061901 -0.143146 0.159718 -0.236252 -0.020103 -0.295712 -0.403242 -0.435717 -0.403650 -0.138939 -0.171086 -0.012971 -0.182103 0.012472 -0.093362 0.002345 -0.304446 0.087744 -0.261983 -0.297300 -0.270785 -0.005716 0.168717 -0.363544 -0.217661 -0.386273 -0.389798 -0.013868 -0.092098 -0.007296 0.070287 0.135908 0.271632 -0.195238 0.292182 -0.581619 -0.197025 -0.477735 -0.077814 -0.282147 0.109790 0.090800 -0.456806 -0.267546 -0.206738 -0.505258 -0.455808 0.102006 0.024918 -0.246337 -0.205552 0.117466 0.070624 0.325722 0.258812 0.239484 0.201726 0.139132 0.178420 0.046766 0.108985 0.078365 -0.042926 -0.057042 0.121276 0.264618 0.314038 0.311925 0.376832 0.102107 0.057840 0.176340 -0.046647 0.008551 -0.009727 -0.123101 0.161262 0.213406 0.198718
0.489809 0.331299 -0.280183 -0.031240 -0.249486 -0.136328 -0.108491 -0.229066 -0.216080 -0.236478 1.000000 0.496793 0.521034 0.143967 0.032463 0.101017 0.504488 0.512662 0.239719 0.098295 0.289905 0.441297 -0.093994 -0.016421 0.029860 0.083543 0.017587 0.211158 0.517951 0.393911 0.209242 0.298926 0.118674 0.135852 -0.305290 -0.362082 0.189878 0.131837 0.209146 -0.079939 0.139905 0.283607 -0.204623 0.032211 0.254709 0.235619 -0.047609 -0.280108 0.055704 0.069731 -0.076316 -0.084453 -0.043669 -0.045473 -0.137236 -0.067636 0.200656 0.143273 -0.102141 -0.377614 0.243593 -0.000819 0.269064 0.296368 0.238257 0.167486 -0.327559 -0.280246 -0.340820 -0.361491 0.358264 0.226642 0.405006 0.373689 0.304011 0.354324 0.123486 -0.315361 0.381601 0.313118 0.451027 0.420801 0.050678 0.167215 0.250338 0.278184 -0.154450 -0.041909 -0.117203 -0.214695 -0.531135 -0.493990 -0.487241 -0.498040 0.067778 -0.214556 0.005638 -0.061690 -0.321016 -0.070137 -0.332407 -0.458833 -0.443562 -0.549368 -0.448194 -0.278301 -0.221689 -0.202445 -0.210263 0.278631 -0.097016 -0.351587 -0.281459 -0.295468 -0.273078 -0.256885
0.217365 0.479330 -0.057730 0.146724 -0.180663 -0.385535 0.162101 0.155274 -0.190220 -0.258263 0.496793 1.000000 0.525839 0.511271 0.008786 0.079127 0.017189 0.526100 0.015541 0.410606 -0.013901 0.079611 -0.029628 0.104385 -0.338382 -0.077732 -0.218108 -0.145349 0.283361 0.446214 0.177995 0.345674 0.314749 0.485322 -0.177505 0.070833 -0.247234 -0.109763 -0.040812 -0.154150 -0.017984 -0.056669 -0.025744 0.181279 0.450493 0.339940 -0.194138 0.015362 0.130363 0.278377 -0.046513 0.188241 -0.289044 0.070009 -0.407196 0.008394 0.057278 0.047091 0.029848 -0.204994 0.407254 0.330595 0.300804 0.470760 0.080094 0.318699 -0.058516 0.088734 -0.298185 -0.147330 0.008392 0.084384 0.177711 0.090534 0.080014 -0.023569 -0.139701 -0.318506 -0.098385 0.411355 0.346791 0.284313 0.274019 0.353794 -0.146551 -0.071854 -0.051299 -0.033825 -0.361618 -0.339588 -0.484975 -0.166875 -0.199994 -0.062915 -0.252027 -0.416988 -0.177500 -0.191647 -0.393941 -0.149637 0.089369 -0.193778 -0.307349 -0.331894 -0.222242 -0.299901 -0.289953 -0.198283 -0.182171 -0.048548 -0.031316 -0.050362 -0.069990 -0.348745 -0.457646 -0.386538
0.140879 0.217021 0.206166 -0.070633 0.183869 -0.047247 0.355125 0.063827 0.100969 -0.023660 0.521034 0.525839 1.000000 0.483956 0.243767 0.160135 0.025227 0.336198 -0.111451 0.110459 0.009533 0.081748 0.063211 0.103991 -0.075738 -0.019379 0.047435 -0.090418 0.123700 0.184503 0.170140 0.194122 0.011480 0.167237 -0.248603 0.126933 -0.128181 -0.121831 -0.056501 -0.070585 -0.012540 0.060420 -0.223206 0.063327 0.198144 0.244342 -0.254365 -0.046788 0.176528 0.179072 0.046768 0.108319 -0.219941 -0.001356 -0.358346 -0.154429 0.056520 0.027099 0.078531 -0.164898 0.326165 0.191735 0.101772 0.285345 0.199880 0.284325 -0.087867 0.078534 -0.298495 0.014044 0.154735 0.175566 0.035050 0.091035 -0.063042 0.029363 -0.128998 -0.263072 -0.069427 0.171282 0.242668 0.285979 -0.068362 -0.030845 -0.072014 -0.103398 -0.309500 -0.355420 -0.212242 -0.315089 -0.387563 -0.105235 -0.269972 0.036492 -0.023270 -0.259777 -0.141713 -0.122127 -0.369133 -0.118553 0.029687 -0.133723 -0.183176 -0.225469 -0.216685 -0.220064 -0.329612 -0.193753 -0.043468 0.041558 -0.021676 -0.063089 -0.314362 -0.234433 -0.273385 -0.365896
-0.066757 0.139227 0.143357 0.239232 0.187994 0.046920 0.320463 0.475354 0.193483 0.385527 0.143967 0.511271 0.483956 1.000000 -0.028934 0.068492 0.057873 0.016329 -0.207638 0.185472 -0.179673 -0.155095 0.096422 0.401792 0.011444 0.117050 -0.232998 -0.348714 -0.115511 0.093399 0.422525 0.423650 -0.103858 0.069984 -0.281049 0.089703 -0.286459 -0.273806 -0.282104 -0.055820 -0.184191 -0.205102 -0.325905 -0.200659 -0.046047 -0.073728 -0.240220 -0.044432 0.085818 0.058545 -0.065613 0.078977 -0.163089 -0.131063 -0.264138 -0.148237 -0.080782 -0.116705 0.092300 0.148490 0.143210 0.216721 0.079783 0.134817 0.012913 0.211888 -0.009817 0.148046 -0.083056 0.151071 -0.193057 0.235339 -0.208005 -0.160698 -0.267519 -0.194268 -0.404236 -0.300314 -0.132622 -0.073159 0.130533 0.010723 -0.127714 -0.103791 -0.173933 -0.254259 -0.220011 -0.248872 -0.184115 -0.230857 -0.095909 0.025841 0.035702 0.123118 -0.192103 -0.214069 -0.053590 -0.096337 -0.165978 -0.208379 0.040010 0.051151 0.015427 0.000462 -0.018226 -0.011327 -0.223803 -0.160070 0.017403 -0.133877 -0.041410 -0.017170 -0.173473 -0.207697 -0.312145 -0.242752
-0.072687 -0.119761 0.329845 -0.159456 0.618200 0.158963 0.157943 -0.131994 0.604490 -0.042160 0.032463 0.008786 0.243767 -0.028934 1.000000 0.632952 -0.348565 -0.159819 0.140276 0.024346 0.010699 0.031016 0.111133 0.022444 0.026014 0.075168 0.618952 0.385035 0.151820 0.103876 0.202075 0.178239 -0.091293 0.094538 0.057241 0.248049 -0.013253 -0.174030 -0.117478 -0.264940 0.050331 0.019257 0.120353 0.193271 0.100088 0.226410 0.103996 0.258079 0.158893 0.193069 0.243207 0.281736 0.133062 0.300328 -0.150235 -0.177103 -0.300031 -0.292030 0.096147 -0.002851 0.077145 0.004468 -0.200051 -0.122817 0.110386 0.183974 -0.012429 0.097081 -0.152046 0.123093 -0.028877 0.107921 0.053153 0.057227 0.069295 -0.132230 -0.120060 -0.101760 -0.114216 0.015491 -0.082833 -0.032638 0.359412 0.148326 0.080334 -0.179421 0.183487 0.102150 0.034455 -0.231689 -0.193131 -0.070889 -0.119531 -0.018705 -0.248048 -0.322354 -0.154223 -0.305912 -0.144200 -0.284831 -0.084120 -0.135876 0.091294 -0.100867 -0.075032 -0.121269 -0.239134 -0.015716 -0.177211 0.032763 0.007787 0.004479 -0.331318 0.038785 -0.049107 -0.420580
-0.067089 -0.083750 0.115809 -0.113147 0.474130 0.201934 0.009866 -0.092483 0.562527 -0.101730 0.101017 0.079127 0.160135 0.068492 0.632952 1.000000 -0.157048 -0.140179 0.144135 0.223484 0.047296 0.015341 -0.146088 -0.062673 -0.069979 0.070856 0.394005 0.279624 0.243569 0.298267 0.203380 0.167470 -0.065701 0.010835 -0.119394 0.133627 -0.005729 -0.050913 -0.179733 -0.084564 0.090715 0.079946 0.023679 0.111579 0.017620 0.118785 0.122765 0.284176 0.110982 0.037108 0.041130 0.136677 0.070654 0.193853 -0.201234 -0.154227 -0.284897 -0.350638 0.025932 0.036842 0.061958 0.057320 -0.123782 -0.196815 -0.070471 0.024981 -0.152479 0.054073 -0.068584 0.193198 0.018591 0.064224 0.175292 0.106953 0.136218 -0.021654 -0.111792 -0.243223 -0.067674 0.019024 0.038879 -0.033842 0.386714 0.305710 -0.101607 -0.125153 0.356200 0.386170 -0.159164 -0.215315 -0.107815 -0.159705 -0.067881 -0.020101 -0.200131 -0.185179 -0.067368 -0.201922 -0.152408 -0.312044 0.009823 0.017685 0.078400 0.006573 0.017676 -0.074355 -0.212735 -0.021227 -0.129859 -0.039412 -0.053222 -0.069134 -0.167026 0.013664 -0.002134 -0.228805
0.244639 0.104282 -0.589136 -0.087663 -0.388758 0.091160 -0.467495 -0.291959 -0.220649 0.039701 0.504488 0.017189 0.025227 0.057873 -0.348565 -0.157048 1.000000 0.400767 0.006839 -0.187638 0.243705 0.300781 -0.270734 -0.115331 0.242423 0.270129 -0.190954 0.012295 0.503204 0.234547 0.125662 0.142474 -0.030456 -0.151970 -0.230661 -0.500164 0.371052 0.167339 0.185786 0.003221 0.236385 0.240107 -0.120401 -0.112758 -0.052646 -0.087944 0.151455 -0.344966 -0.124947 -0.248604 -0.116743 -0.305223 0.068403 -0.247478 0.195304 -0.075814 0.336171 0.203546 -0.251197 -0.222149 -0.141958 -0.228649 0.385595 0.148991 -0.014940 -0.105903 -0.313151 -0.506018 -0.011909 -0.381036 0.368124 0.221935 0.448709 0.418750 0.408110 0.458836 0.307919 0.051393 0.767739 0.141708 0.618544 0.353414 -0.160116 -0.034587 0.358449 0.384025 -0.064357 0.016818 -0.073640 -0.056754 -0.153472 -0.444506 -0.347420 -0.465043 0.147579 0.157374 0.169328 0.086470 0.008405 0.015577 -0.374033 -0.170632 -0.138940 -0.246285 -0.203175 -0.135015 0.192149 0.082041 -0.190941 0.297656 -0.078416 -0.339374 -0.020074 -0.130129 0.002000 0.116297
0.257143 0.254163 -0.402419 -0.163865 -0.436655 -0.232277 -0.203533 -0.407238 -0.368619 -0.401834 0.512662 0.526100 0.336198 0.016329 -0.159819 -0.140179 0.400767 1.000000 0.061468 0.152781 0.357264 0.470212 -0.198265 -0.249521 -0.095213 0.132616 -0.090634 0.163046 0.515193 0.657028 -0.027438 0.089709 0.302888 0.216332 -0.110479 -0.218741 0.221311 0.381911 0.385297 0.088621 0.280497 0.360436 0.085801 0.244946 0.344453 0.185868 -0.145806 -0.178746 -0.218023 0.090811 -0.143154 -0.049457 -0.241353 -0.074290 -0.149423 0.048032 0.224170 0.186306 -0.309210 -0.511914 0.098241 -0.098837 0.312614 0.537644 0.010344 -0.112806 -0.243647 -0.374885 -0.207555 -0.479629 0.427109 0.160616 0.499971 0.599478 0.454565 0.523391 0.426482 -0.014371 0.393006 0.734361 0.535878 0.757587 0.164425 0.346015 0.188754 0.349416 -0.015861 -0.075558 -0.341905 -0.191080 -0.606204 -0.265975 -0.498367 -0.301760 0.129171 -0.028687 0.033536 0.056961 -0.401952 0.157275 -0.131691 -0.282872 -0.443289 -0.443439 -0.302282 -0.237427 -0.145507 -0.114327 -0.064625 0.313619 0.184834 -0.084852 0.006313 -0.336758 -0.231736 -0.180563
0.455560 0.151622 0.026156 0.362819 -0.137421 -0.187406 -0.047567 -0.103600 -0.133797 -0.302285 0.239719 0.015541 -0.111451 -0.207638 0.140276 0.144135 0.006839 0.061468 1.000000 0.378033 -0.038770 0.054900 -0.029389 -0.123489 -0.238992 -0.257012 0.066479 0.102093 0.326064 0.160155 0.043728 0.052630 0.368875 0.221994 0.057599 -0.145620 0.249094 -0.069064 0.144149 -0.130141 0.082085 0.153628 -0.086847 -0.052179 0.110101 0.090547 -0.130296 -0.227810 -0.177203 0.014109 -0.205478 -0.119691 0.037380 0.193889 -0.036470 0.114043 0.040989 0.217696 -0.081687 -0.261578 0.121194 -0.026814 0.142136 0.041438 0.281421 -0.081482 -0.194782 -0.256542 -0.026875 -0.233105 -0.065941 -0.175691 0.310755 0.084507 0.240384 0.018454 0.275070 -0.182811 0.068726 0.086219 0.025332 0.192499 0.113578 0.218068 0.131408 0.100817 0.070529 0.081875 0.231703 0.085123 -0.290085 -0.068788 -0.145634 -0.217245 0.101999 -0.245479 -0.052078 -0.089791 -0.144439 0.171754 -0.260720 -0.220742 -0.394293 -0.398341 -0.237579 -0.040475 -0.135424 -0.036864 -0.124810 -0.006696 -0.165475 -0.053357 -0.027016 -0.076127 -0.173181 -0.220371
0.242583 0.482861 -0.001627 0.158552 -0.070898 -0.328125 0.168486 0.223450 -0.011140 -0.274649 0.098295 0.410606 0.110459 0.185472 0.024346 0.223484 -0.187638 0.152781 0.378033 1.000000 -0.142390 -0.098669 -0.155704 -0.055067 -0.423514 -0.205748 -0.110719 -0.150073 0.149130 0.268354 0.027468 0.113573 0.411562 0.477816 -0.237440 0.234526 -0.256154 -0.054564 -0.152538 0.043812 0.037723 0.034081 -0.063769 0.099411 0.136442 0.128374 -0.219343 0.209834 -0.151243 0.134787 -0.387309 -0.045469 -0.400573 0.084963 -0.516116 -0.027191 0.140641 0.132563 -0.066358 0.027621 0.176954 0.275024 0.141680 0.266904 -0.200095 -0.065949 -0.088811 0.111626 0.091082 0.150556 -0.026911 -0.071829 0.058400 0.006971 -0.021365 -0.106684 -0.052479 -0.223549 -0.243074 0.193362 0.171572 0.148510 0.321697 0.363888 -0.371016 -0.254584 0.044890 0.041144 -0.364036 -0.293143 -0.248282 0.014287 -0.000401 0.127224 -0.138351 -0.193632 -0.164065 -0.004938 -0.319408 -0.006490 0.161859 0.133705 -0.111012 -0.040728 -0.067491 0.014526 -0.358077 -0.301453 0.115732 -0.222790 -0.048990 0.235988 -0.071262 -0.236929 -0.317006 -0.292862
-0.205216 -0.358823 -0.176857 -0.100251 -0.157018 0.043814 -0.158472 -0.325636 -0.106847 -0.133252 0.289905 -0.013901 0.009533 -0.179673 0.010699 0.047296 0.243705 0.357264 -0.038770 -0.142390 1.000000 0.801255 0.156624 0.060093 0.336295 0.409067 0.404352 0.545174 0.396269 0.539073 0.201473 0.170590 -0.132033 -0.136957 -0.112507 -0.283793 0.366817 0.647911 0.661790 0.436314 0.442386 0.568273 0.136547 0.086174 -0.080675 -0.192375 0.130137 -0.159664 -0.311234 -0.256016 0.000710 -0.175389 0.134243 -0.012684 0.148748 0.049310 -0.270189 -0.266703 -0.533640 -0.531098 -0.392723 -0.498877 -0.223666 -0.169772 -0.078309 -0.392933 -0.479573 -0.350310 -0.365859 -0.399278 0.536811 0.470665 0.405758 0.638223 0.412529 0.689312 0.276404 -0.024675 0.335313 0.391532 0.268907 0.454214 0.242013 0.339728 0.423920 0.469055 0.195062 0.170089 -0.099585 -0.021729 -0.223316 -0.380064 -0.320797 -0.373391 0.268921 0.195572 0.177131 0.355378 -0.134983 -0.051648 -0.205559 -0.241434 -0.215780 -0.327061 -0.338478 0.019505 -0.197344 -0.329375 0.149260 0.480672 0.414674 -0.191444 -0.083496 -0.157516 0.005685 -0.082964
-0.021820 -0.295499 -0.203367 -0.103943 -0.170966 0.198536 -0.115464 -0.352614 -0.086592 -0.071220 0.441297 0.079611 0.081748 -0.155095 0.031016 0.015341 0.300781 0.470212 0.054900 -0.098669 0.801255 1.000000 0.149583 0.091301 0.399945 0.520123 0.357172 0.646285 0.392417 0.530771 0.238115 0.264777 -0.077917 -0.103928 -0.160136 -0.292333 0.288317 0.606017 0.598984 0.412089 0.357841 0.630052 0.086692 0.156106 0.031019 -0.047595 -0.039007 -0.199894 -0.308790 -0.158135 -0.025629 -0.208454 -0.005358 -0.102388 -0.017402 -0.081594 -0.180390 -0.200058 -0.491668 -0.577223 -0.279147 -0.474930 -0.157225 -0.045968 0.086734 -0.335117 -0.405706 -0.348198 -0.315125 -0.427069 0.568026 0.567984 0.297694 0.672373 0.317843 0.730690 0.238694 -0.058672 0.450906 0.442818 0.256796 0.601701 0.173157 0.376471 0.462147 0.524464 -0.021966 0.050256 -0.075895 -0.143048 -0.399638 -0.374474 -0.478744 -0.449639 0.323467 0.061015 0.101430 0.328031 -0.336188 0.010376 -0.333683 -0.387342 -0.319415 -0.432507 -0.400135 -0.064285 -0.327011 -0.386104 0.133712 0.563577 0.448353 -0.192943 -0.214087 -0.149695 -0.107467 -0.206414
-0.264690 -0.406309 0.680482 0.347920 0.241315 0.066344 0.570971 0.238666 0.182188 0.169416 -0.093994 -0.029628 0.063211 0.096422 0.111133 -0.146088 -0.270734 -0.198265 -0.029389 -0.155704 0.156624 0.149583 1.000000 0.802216 0.405408 0.343537 0.089346 0.125051 -0.125637 -0.012108 0.475564 0.445738 -0.212269 0.058113 0.130883 0.244040 -0.244524 -0.060383 0.103670 0.046274 -0.054558 -0.059026 0.020130 -0.010331 -0.078779 -0.110072 -0.233001 -0.023704 -0.135727 -0.179961 0.197350 -0.132860 -0.126305 -0.045970 -0.165815 -0.136165 -0.287490 -0.248381 -0.136556 -0.266832 -0.127252 -0.259421 -0.422376 -0.343674 0.494951 0.079439 -0.044137 0.184104 -0.149380 -0.017364 0.049688 0.344173 -0.278099 -0.050685 -0.237112 -0.065393 -0.307397 -0.029767 -0.334769 -0.023107 -0.314394 -0.075164 0.089894 -0.058083 0.190037 -0.127085 -0.201173 -0.185954 0.202289 -0.040442 -0.064859 -0.026909 0.080160 0.075635 -0.014720 -0.203258 -0.212641 0.072282 -0.244279 -0.264762 -0.051852 -0.053765 -0.076301 -0.110061 -0.301037 0.154186 -0.207347 -0.314473 0.119975 0.024234 0.289234 -0.013725 -0.313815 -0.094177 -0.203823 -0.267918
-0.178003 -0.324807 0.581479 0.433538 0.288197 0.235101 0.541898 0.470654 0.302442 0.358602 -0.016421 0.104385 0.103991 0.401792 0.022444 -0.062673 -0.115331 -0.249521 -0.123489 -0.055067 0.060093 0.091301 0.802216 1.000000 0.397787 0.451984 -0.101629 0.010250 -0.186852 -0.038190 0.625928 0.609520 -0.340292 -0.049152 0.014544 0.235379 -0.361568 -0.188103 -0.102267 0.046083 -0.175217 -0.091795 -0.161520 -0.158324 -0.206753 -0.182783 -0.280119 -0.048026 -0.183430 -0.277038 -0.011368 -0.249131 -0.208756 -0.230087 -0.272115 -0.271152 -0.236258 -0.345356 -0.081593 -0.077627 -0.146871 -0.171574 -0.407152 -0.313053 0.377000 0.091912 -0.038802 0.290796 -0.077908 0.087894 -0.012904 0.456098 -0.369767 -0.125726 -0.374282 -0.105619 -0.474026 -0.178998 -0.260009 -0.179313 -0.298715 -0.163429 -0.055667 -0.135820 0.103251 -0.149000 -0.296282 -0.208377 0.158880 -0.084022 -0.033252 -0.053167 0.095839 0.048221 -0.062007 -0.218621 -0.187827 0.068912 -0.318492 -0.327770 -0.072534 -0.006450 -0.021927 -0.046640 -0.212263 0.280197 -0.256655 -0.316970 0.159962 -0.052320 0.256248 -0.130538 -0.380290 -0.099509 -0.152399 -0.198091
-0.256034 -0.489823 0.131783 -0.027477 0.289594 0.457441 0.085877 -0.092970 0.310422 0.504217 0.029860 -0.338382 -0.075738 0.011444 0.026014 -0.069979 0.242423 -0.095213 -0.238992 -0.423514 0.336295 0.399945 0.405408 0.397787 1.000000 0.708398 0.254719 0.248321 -0.084773 -0.008390 0.427176 0.298559 -0.459731 -0.393131 0.026009 -0.063913 0.187149 0.191117 0.238855 0.185469 0.081998 0.155282 -0.125144 -0.192481 -0.299347 -0.311803 -0.039370 -0.263341 -0.226945 -0.300000 0.117252 -0.269550 0.057431 -0.295026 0.130589 -0.231530 -0.293664 -0.169422 -0.284433 -0.211813 -0.464106 -0.580029 -0.393580 -0.370961 0.155927 -0.244214 -0.214140 -0.172067 -0.060685 -0.067398 0.255881 0.553452 -0.160529 0.268105 -0.034524 0.311315 -0.042226 0.189188 0.306226 -0.012630 -0.028331 0.129542 -0.259023 -0.163198 0.412093 0.213548 -0.177213 -0.227413 0.130823 0.065887 0.011690 -0.240343 -0.114840 -0.157171 0.185246 0.155831 0.120812 0.151806 -0.079284 -0.146582 -0.375003 0.037908 0.000939 -0.013353 -0.185578 0.294702 0.040417 -0.130946 0.072355 0.241574 0.209059 -0.188547 -0.275828 0.101775 0.083681 0.079449
-0.162033 -0.389342 0.058974 -0.142296 0.137211 0.466766 0.010306 -0.174771 0.359631 0.296140 0.083543 -0.077732 -0.019379 0.117050 0.075168 0.070856 0.270129 0.132616 -0.257012 -0.205748 0.409067 0.520123 0.343537 0.451984 0.708398 1.000000 0.120493 0.456628 0.124127 0.297482 0.604660 0.565169 -0.346787 -0.205645 -0.103971 0.032221 -0.066637 0.202861 0.152303 0.185102 0.083861 0.189590 -0.030440 0.050205 -0.123761 -0.127852 -0.039786 -0.023265 -0.286407 -0.285232 -0.030318 -0.292037 -0.166733 -0.334469 -0.185459 -0.291671 -0.120935 -0.257238 -0.290841 -0.174973 -0.381674 -0.505721 -0.264942 -0.204147 0.048811 -0.194573 -0.154080 -0.088918 0.025935 -0.007610 0.321115 0.652214 -0.087267 0.418215 -0.000594 0.354214 -0.163683 0.011093 0.273347 0.230589 0.129249 0.252017 0.088424 0.175610 0.228307 0.087377 -0.063000 -0.018980 -0.115565 -0.190680 -0.133252 -0.373416 -0.220851 -0.228652 0.029083 -0.015491 -0.021914 0.138776 -0.297907 -0.205753 -0.272043 -0.029392 -0.095189 -0.125800 -0.330171 0.267151 -0.113296 -0.272270 0.001915 0.285965 0.335260 -0.191642 -0.309783 -0.117439 -0.036369 -0.094044
-0.113197 -0.252052 0.099458 -0.165230 0.493285 0.326001 -0.036778 -0.313080 0.352887 0.117159 0.017587 -0.218108 0.047435 -0.232998 0.618952 0.394005 -0.190954 -0.090634 0.066479 -0.110719 0.404352 0.357172 0.089346 -0.101629 0.254719 0.120493 1.000000 0.595833 -0.002519 0.046588 -0.036050 -0.097617 -0.126017 -0.147216 0.026600 -0.046991 0.209675 0.252576 0.330605 0.203797 0.183447 0.350646 0.046600 0.020841 -0.097376 -0.081493 0.141209 0.069418 -0.034098 -0.021662 0.184291 0.132812 0.278148 0.259769 0.078786 0.005142 -0.337893 -0.297195 -0.067975 -0.168057 -0.110940 -0.240316 -0.298415 -0.192585 -0.087976 -0.131942 -0.169936 -0.111311 -0.233562 -0.071830 0.076732 0.107889 0.030742 0.188687 0.110817 0.118723 0.034745 0.008204 -0.008501 -0.001587 -0.085990 0.076468 0.218852 0.048941 0.229213 0.114797 0.248556 0.187216 0.061237 -0.033840 -0.112425 -0.043974 -0.096518 -0.052129 0.180193 0.052102 0.108826 0.076072 -0.006090 0.024624 -0.101706 -0.099418 0.011081 -0.142946 -0.056414 0.085060 -0.285702 -0.195792 0.150044 0.273003 0.169608 0.117707 -0.181888 -0.043563 0.027071 -0.255324
0.020045 -0.270201 -0.023419 -0.176337 0.178462 0.402772 -0.176350 -0.418942 0.118423 -0.079203 0.211158 -0.145349 -0.090418 -0.348714 0.385035 0.279624 0.012295 0.163046 0.102093 -0.150073 0.545174 0.646285 0.125051 0.010250 0.248321 0.456628 0.595833 1.000000 0.173186 0.278313 0.089795 0.078537 -0.200493 -0.241037 0.055030 -0.088771 0.169921 0.350560 0.297702 0.190617 0.166994 0.455227 0.170098 0.214693 0.146004 0.131638 0.053866 0.056236 -0.078866 0.050691 0.128296 0.019941 0.110716 0.026172 -0.073110 -0.130270 -0.190675 -0.244192 -0.199287 -0.240470 -0.269273 -0.454185 -0.325211 -0.176233 0.025320 -0.196541 -0.108512 -0.084136 -0.168510 -0.137109 0.342220 0.301409 0.091083 0.454656 0.145948 0.390290 0.128166 -0.120297 0.192041 0.211600 -0.002950 0.266463 0.365643 0.333264 0.348602 0.298197 0.199329 0.194796 0.133060 -0.104283 -0.302480 -0.231868 -0.326575 -0.258699 0.102189 -0.136436 0.009731 0.079973 -0.244875 -0.032502 -0.233987 -0.280038 -0.191726 -0.284945 -0.198586 0.136473 -0.333397 -0.254605 0.028227 0.318649 0.281396 -0.095560 -0.267472 -0.120840 0.015122 -0.232431
0.235109 0.109277 -0.397275 -0.116245 -0.378342 -0.362031 -0.349777 -0.414808 -0.151817 -0.586199 0.517951 0.283361 0.123700 -0.115511 0.151820 0.243569 0.503204 0.515193 0.326064 0.149130 0.396269 0.392417 -0.125637 -0.186852 -0.084773 0.124127 -0.002519 0.173186 1.000000 0.748403 0.279897 0.409239 0.354737 0.419035 -0.238556 -0.297876 0.381219 0.215807 0.307402 -0.197817 0.462596 0.236894 0.252215 0.333574 0.285459 0.212173 0.250108 -0.084490 -0.127131 -0.062080 0.000521 -0.073978 0.080632 0.187274 0.005023 0.010800 0.164609 0.071484 -0.340087 -0.486744 0.133484 -0.097413 0.431111 0.231301 0.090885 -0.047887 -0.452725 -0.518663 -0.253157 -0.486747 0.463501 0.192803 0.876878 0.610318 0.772404 0.443453 0.412994 -0.042735 0.477033 0.565200 0.685505 0.500719 0.447410 0.461095 0.284639 0.191013 0.221429 0.174930 -0.231172 -0.272977 -0.429940 -0.648209 -0.432739 -0.554264 -0.173397 -0.192006 -0.030713 -0.179282 -0.130389 -0.216649 -0.304693 -0.278475 -0.311434 -0.414809 -0.501504 -0.443946 -0.031884 -0.057294 -0.407688 0.296226 -0.039390 -0.282218 -0.070505 -0.130803 -0.216029 -0.335751
0.016177 -0.023127 -0.248755 -0.070456 -0.277374 -0.226431 -0.132944 -0.322914 -0.109220 -0.412083 0.393911 0.446214 0.184503 0.093399 0.103876 0.298267 0.234547 0.657028 0.160155 0.268354 0.539073 0.530771 -0.012108 -0.038190 -0.008390 0.297482 0.046588 0.278313 0.748403 1.000000 0.371804 0.468804 0.257576 0.301378 -0.252141 -0.191895 0.305097 0.456566 0.410791 0.045707 0.408064 0.368430 0.280247 0.378611 0.246325 0.083705 0.090398 -0.012903 -0.278282 -0.079370 -0.074279 -0.042845 -0.115805 0.061419 -0.151483 -0.025454 -0.102333 -0.123678 -0.513969 -0.588479 -0.073906 -0.242618 0.140363 0.162043 -0.038310 -0.265131 -0.493711 -0.452802 -0.288720 -0.444275 0.426230 0.365978 0.658181 0.741551 0.628535 0.570851 0.339064 -0.072636 0.329322 0.772955 0.585447 0.702594 0.470302 0.634981 0.263589 0.272023 0.215436 0.147846 -0.385422 -0.319754 -0.519845 -0.483211 -0.434929 -0.392914 -0.078833 -0.173775 -0.032168 -0.052362 -0.337922 -0.199013 -0.183025 -0.241441 -0.342439 -0.375900 -0.433999 -0.301161 -0.181772 -0.181228 -0.214910 0.325108 0.215526 -0.175619 -0.073360 -0.217200 -0.226973 -0.348670
-0.028749 -0.175045 0.270638 0.092035 0.251249 0.121130 0.249648 0.116245 0.411116 0.153169 0.209242 0.177995 0.170140 0.422525 0.202075 0.203380 0.125662 -0.027438 0.043728 0.027468 0.201473 0.238115 0.475564 0.625928 0.427176 0.604660 -0.036050 0.089795 0.279897 0.371804 1.000000 0.931027 -0.081612 0.162454 -0.256042 0.072391 -0.103061 -0.088190 0.009758 -0.049838 0.060277 0.016352 -0.204129 -0.056909 -0.118512 -0.088398 -0.096385 -0.038861 -0.243907 -0.258327 -0.131174 -0.297868 -0.189580 -0.143014 -0.286374 -0.231876 -0.130808 -0.211544 -0.259858 -0.167373 -0.107714 -0.225093 -0.060947 -0.108534 0.313881 -0.019630 -0.295533 -0.116022 -0.065205 -0.047725 0.057706 0.644065 0.024958 0.213705 0.002083 0.057280 -0.296233 -0.174390 0.039671 0.129683 0.161906 0.109484 0.141443 0.129979 0.093064 -0.183269 -0.066193 -0.033272 -0.096322 -0.299558 -0.212524 -0.338256 -0.163483 -0.222431 -0.149333 -0.232420 -0.064944 -0.061405 -0.231416 -0.307550 -0.305828 -0.072077 -0.164874 -0.222712 -0.342761 0.049277 -0.210870 -0.277410 -0.123040 0.116806 0.111465 -0.138871 -0.384796 -0.042393 -0.296959 -0.349853
0.067854 -0.043335 0.196946 0.138854 0.111413 -0.035910 0.205202 0.125898 0.306052 -0.002510 0.298926 0.345674 0.194122 0.423650 0.178239 0.167470 0.142474 0.089709 0.052630 0.113573 0.170590 0.264777 0.445738 0.609520 0.298559 0.565169 -0.097617 0.078537 0.409239 0.468804 0.931027 1.000000 0.029261 0.344056 -0.297953 0.056950 -0.157784 -0.117688 0.009659 -0.120798 0.081747 -0.016210 -0.141880 0.036760 0.018966 0.022483 -0.088408 -0.036996 -0.222530 -0.223897 -0.116605 -0.295803 -0.241221 -0.135313 -0.349659 -0.185064 -0.019609 -0.152391 -0.192805 -0.187051 0.057834 -0.100430 0.083954 0.033949 0.320095 0.110308 -0.267500 -0.089810 -0.113831 -0.137718 0.110655 0.606051 0.121639 0.244061 0.093603 0.039335 -0.302226 -0.184736 0.028430 0.246923 0.269757 0.140039 0.246610 0.253462 0.072999 -0.225578 -0.084993 -0.020555 -0.149990 -0.328914 -0.301370 -0.434383 -0.186262 -0.288767 -0.215121 -0.345586 -0.132223 -0.097300 -0.276716 -0.356697 -0.277338 -0.117688 -0.212737 -0.313550 -0.478671 -0.064212 -0.226594 -0.345742 -0.191627 0.132732 0.096693 -0.227190 -0.370830 -0.152948 -0.424807 -0.414244
0.382143 0.441365 -0.259233 -0.123419 -0.379169 -0.422750 -0.176147 -0.218539 -0.251616 -0.464229 0.118674 0.314749 0.011480 -0.103858 -0.091293 -0.065701 -0.030456 0.302888 0.368875 0.411562 -0.132033 -0.077917 -0.212269 -0.340292 -0.459731 -0.346787 -0.126017 -0.200493 0.354737 0.257576 -0.081612 0.029261 1.000000 0.767313 -0.044220 -0.095841 0.039256 -0.045839 0.042546 -0.214357 0.165322 0.009639 0.091458 0.286056 0.377790 0.289524 0.027906 0.146133 0.047596 0.198351 -0.228363 0.025760 -0.169505 0.207615 -0.162206 0.142326 0.354209 0.344588 0.065035 -0.113394 0.522330 0.355475 0.618009 0.462904 0.014707 0.047606 0.097860 -0.109358 0.074526 -0.162496 -0.207186 -0.324262 0.456382 0.004058 0.387148 -0.117734 0.309303 0.031889 -0.060133 0.298897 0.262430 0.207972 0.156435 0.066237 -0.186605 -0.143412 0.132881 -0.008942 -0.377647 -0.278899 -0.304176 -0.142241 -0.166489 -0.224903 -0.082540 -0.195514 0.094808 -0.218074 -0.001592 0.173886 -0.033282 -0.219074 -0.276299 -0.211972 -0.064587 -0.347854 -0.131144 -0.015310 -0.153925 -0.031487 -0.041438 0.257145 0.020935 -0.021362 -0.282946 -0.325709
0.195117 0.425454 0.020373 -0.007820 -0.221961 -0.599608 0.101631 0.065767 -0.064447 -0.521517 0.135852 0.485322 0.167237 0.069984 0.094538 0.010835 -0.151970 0.216332 0.221994 0.477816 -0.136957 -0.103928 0.058113 -0.049152 -0.393131 -0.205645 -0.147216 -0.241037 0.419035 0.301378 0.162454 0.344056 0.767313 1.000000 -0.168362 0.174225 -0.239410 -0.257158 -0.105547 -0.306129 0.072851 -0.229604 0.062226 0.262557 0.383652 0.343380 -0.033214 0.176655 0.085515 0.201065 -0.087204 0.038743 -0.253745 0.283760 -0.323461 0.110299 0.241074 0.278947 0.036794 -0.091952 0.580727 0.488972 0.497762 0.469077 0.150396 0.344678 0.031011 0.125628 -0.085183 -0.045000 -0.122338 -0.144811 0.344435 -0.048357 0.272020 -0.246270 -0.055404 -0.089930 -0.288851 0.319965 0.298979 0.078696 0.358728 0.190064 -0.310446 -0.394597 0.069367 0.020594 -0.324416 -0.349597 -0.265021 -0.210196 -0.028279 -0.079513 -0.300613 -0.385067 -0.163901 -0.224327 -0.060209 -0.119244 0.091199 -0.098604 -0.156496 -0.191559 -0.250971 -0.368414 -0.153991 -0.176132 -0.236997 -0.134065 -0.068598 0.170437 -0.068218 -0.041202 -0.476473 -0.437725
-0.112618 -0.191518 0.194743 0.142223 0.090547 0.023913 -0.019144 0.001769 -0.090291 -0.036900 -0.305290 -0.177505 -0.248603 -0.281049 0.057241 -0.119394 -0.230661 -0.110479 0.057599 -0.237440 -0.112507 -0.160136 0.130883 0.014544 0.026009 -0.103971 0.026600 0.055030 -0.238556 -0.252141 -0.256042 -0.297953 -0.044220 -0.168362 1.000000 0.377561 0.058318 -0.159652 -0.038636 -0.126528 -0.034914 -0.073188 0.113195 -0.057610 0.117832 0.031585 -0.058581 -0.007429 0.032456 0.106266 0.075343 0.076980 0.097870 0.003082 0.140432 -0.010501 -0.244518 -0.049109 0.129536 0.068333 -0.049011 -0.141094 -0.172499 -0.166084 0.115204 -0.054179 0.438451 0.264868 0.008421 0.090755 -0.199101 -0.253928 -0.107650 -0.182187 -0.089875 -0.154498 0.144840 0.164416 -0.109691 -0.059877 -0.341072 -0.102814 -0.041311 -0.081422 0.170721 0.074751 -0.025615 -0.098963 0.256219 0.283834 -0.068938 0.192731 -0.106264 0.065567 0.117855 -0.010155 -0.021410 -0.035500 -0.184625 0.066650 -0.053211 -0.052892 -0.012141 -0.077253 0.201587 0.176297 0.083070 0.262558 0.069391 0.010293 0.243028 0.071525 0.042584 0.042185 0.235143 0.217841
-0.230977 -0.020793 0.524768 0.077314 0.431350 -0.050257 0.422982 0.390327 0.308101 -0.067754 -0.362082 0.070833 0.126933 0.089703 0.248049 0.133627 -0.500164 -0.218741 -0.145620 0.234526 -0.283793 -0.292333 0.244040 0.235379 -0.063913 0.032221 -0.046991 -0.088771 -0.297876 -0.191895 0.072391 0.056950 -0.095841 0.174225 0.377561 1.000000 -0.475780 -0.292264 -0.353693 -0.043743 -0.101855 -0.176604 0.052391 0.196510 0.139392 0.276473 -0.241517 0.443379 -0.038861 0.225129 -0.045673 0.049032 -0.358609 0.020244 -0.470455 -0.152760 -0.165950 -0.111689 0.115610 0.289636 0.019357 0.123348 -0.244560 -0.023117 0.009415 0.178481 0.408905 0.659841 0.051123 0.414010 -0.100004 0.012078 -0.370130 -0.246403 -0.368198 -0.350203 -0.295970 0.042961 -0.517268 -0.084305 -0.253008 -0.214630 0.228973 0.129162 -0.339851 -0.375106 -0.253323 -0.186266 -0.062379 -0.106147 -0.087997 0.286933 0.030456 0.392572 -0.210876 -0.189441 -0.171149 -0.012918 -0.322036 -0.051275 0.187495 0.292771 0.137455 0.083743 0.081826 0.142073 -0.225057 -0.160210 0.179983 -0.278466 0.311898 0.322815 -0.191579 -0.033455 -0.216061 -0.106414
