1.000000 0.258231 -0.094989 0.092067 0.008714 -0.232530 -0.028243 -0.162350 -0.112454 -0.192530 0.314982 0.028344 0.074065 -0.154958 0.025229 0.001840 0.272816 0.125955 0.401444 0.424028 0.011957 -0.033808 -0.010723 -0.066152 -0.059847 -0.214558 0.036168 -0.034238 0.179333 -0.100482 -0.167800 -0.228917 0.088475 -0.089563 -0.260544 -0.219929 -0.124473 -0.088435 -0.052787 0.009772 -0.012779 0.078773 -0.068951 -0.134732 -0.215148 -0.280834 0.098633 -0.034493 -0.064914 -0.172134 0.294920 0.043731 0.409729 0.229690 -0.078619 0.097961 0.647170 0.220729 0.134326 0.059762 0.018203 -0.103734 0.114956 0.225297 -0.154129 -0.217391 -0.101879 -0.317018 0.121477 -0.105902 -0.115980 -0.263895 0.007817 -0.096668 0.010102 0.055829 0.152162 -0.093972 0.131087 0.042557 0.179959 0.311893 0.043948 0.241659 0.018370 0.075709 -0.179671 0.028912 -0.031261 0.027206 -0.001452 -0.014020 -0.063970 -0.058339 -0.171509 -0.214011 -0.117555 -0.095066 -0.020384 0.268367 -0.051210 -0.056916 -0.066129 -0.072858 -0.052517 -0.048448 -0.077004 -0.146572 -0.314892 -0.093110 0.121261 0.183982 0.034585 0.150164 0.066323 0.111648
0.258231 1.000000 -0.115394 -0.191523 -0.020843 -0.246887 -0.192570 -0.102990 -0.020480 0.052424 0.163690 -0.009159 -0.040737 -0.102394 -0.043666 0.030252 0.179448 0.127488 0.229010 0.307951 -0.210070 -0.237054 -0.435178 -0.307929 -0.296693 -0.336786 -0.167563 -0.213214 0.020361 -0.106276 -0.213897 -0.368850 0.157979 0.264048 -0.246446 0.051514 -0.036433 -0.136521 -0.288524 -0.208019 -0.005936 -0.118259 -0.126920 -0.110687 -0.116820 -0.138494 -0.036129 -0.017080 0.106089 -0.136698 0.229827 0.204735 0.091460 0.025731 0.089891 -0.088973 0.070523 0.611474 0.166366 0.396577 -0.077985 0.181962 0.191138 0.514426 -0.178566 -0.102759 0.058714 0.136894 0.258935 0.358337 -0.240314 -0.374481 -0.083131 -0.120579 -0.131429 -0.156762 -0.051165 -0.189524 0.270335 -0.024673 0.380248 0.200852 0.296819 -0.039715 -0.053005 -0.198706 0.206792 0.174663 -0.060325 -0.003837 -0.175357 -0.185036 -0.346444 -0.170558 0.051180 0.113294 0.133739 0.120772 -0.055707 -0.090477 0.092951 -0.035439 0.172195 -0.079235 0.141981 0.061324 -0.122352 -0.057722 0.144341 -0.071183 -0.014794 -0.030307 -0.040345 0.152400 0.228672 0.226734
-0.094989 -0.115394 1.000000 0.079648 -0.084721 0.193732 0.542048 0.565715 -0.101402 0.074844 -0.173755 0.272094 -0.216575 0.224021 -0.453041 -0.409522 -0.305980 -0.199752 -0.118884 -0.295620 -0.274973 -0.244713 -0.034282 0.178868 -0.063687 0.351686 0.046576 0.041724 -0.456078 -0.087012 -0.130568 0.011060 -0.135028 0.031090 0.430928 0.455618 -0.234356 -0.004282 0.011565 -0.182527 -0.356149 -0.353558 0.136412 0.115516 0.334644 0.192392 0.170786 0.122889 0.311372 0.209693 -0.121983 0.182332 0.038240 0.005681 -0.036378 -0.033551 -0.214891 -0.412096 0.324760 0.202981 0.322675 0.257536 -0.003403 -0.211568 -0.176574 0.097610 0.396369 0.369491 -0.380519 0.030623 0.107695 0.079120 -0.443904 -0.402250 -0.526814 -0.360636 -0.346071 0.058282 -0.154192 -0.132525 -0.091275 -0.485777 -0.075213 -0.097983 -0.298119 -0.422280 -0.172961 -0.410682 0.174064 0.133623 0.370893 0.280676 0.193787 0.201980 -0.137017 -0.091034 -0.200404 0.048131 0.152495 -0.064078 -0.044651 -0.071542 -0.093371 -0.046626 -0.129721 -0.118903 -0.021570 0.033809 0.026011 0.222516 0.162091 0.165555 0.147366 -0.068603 -0.335073 -0.143109
0.092067 -0.191523 0.079648 1.000000 0.064279 0.289199 -0.150073 0.323217 0.045255 0.105418 -0.116077 -0.056617 -0.205054 -0.000857 -0.065406 0.196389 -0.082829 -0.005862 0.159742 0.224180 0.114187 0.242487 0.314714 0.481243 0.233648 0.117288 0.224308 0.211558 -0.020780 0.024338 0.042287 0.208994 -0.191959 -0.154181 -0.157619 -0.204648 -0.207707 0.097449 -0.098432 0.004381 -0.134110 0.070202 -0.023648 -0.099815 -0.019137 -0.000383 -0.115692 -0.076256 -0.174804 -0.049499 -0.081612 -0.135049 0.077756 0.043201 -0.111160 -0.060291 0.227930 -0.058222 -0.083690 -0.219279 0.108273 0.010755 0.097528 -0.033814 0.200832 0.226846 -0.351400 -0.201705 -0.071579 -0.068349 -0.124224 0.033888 -0.164148 -0.091684 -0.005208 0.051464 -0.086064 -0.318481 -0.109856 -0.145294 -0.203623 -0.070353 -0.115404 0.361371 0.010589 0.361305 -0.023670 0.029688 0.011361 0.084777 0.077814 -0.120827 0.153083 -0.242990 -0.152914 0.008950 -0.157678 -0.091842 -0.006959 -0.025875 -0.248523 -0.147118 -0.187081 -0.220348 -0.149836 -0.187969 0.010846 -0.239816 -0.090471 0.118333 -0.031351 -0.054461 0.047541 0.099607 0.022437 -0.024171
0.008714 -0.020843 -0.084721 0.064279 1.000000 0.459460 0.214759 0.223255 0.710049 0.520451 -0.008523 -0.126568 0.504113 0.258740 0.540467 0.566607 -0.036947 -0.169367 -0.024902 0.099700 0.516331 0.406411 0.113232 -0.097078 0.172760 -0.275858 0.440772 -0.092235 -0.003992 0.038049 0.531385 0.298519 0.109205 0.065617 -0.324188 -0.242276 -0.119661 -0.374069 -0.096761 -0.074198 -0.061743 0.073805 -0.219991 -0.237455 -0.104970 -0.072114 -0.345025 -0.343656 -0.062245 -0.157191 0.035472 -0.133444 -0.070171 -0.121984 -0.159480 -0.423090 -0.154798 -0.129769 0.137120 -0.185742 0.132304 0.132825 -0.198445 0.068825 0.196197 0.183320 -0.300902 -0.153452 -0.163328 0.004033 0.140389 0.310332 0.122790 0.474093 0.436982 0.541333 -0.236644 -0.262933 -0.274967 -0.128021 -0.361336 -0.056693 -0.118550 -0.168642 -0.003999 0.047343 0.082050 0.182733 -0.059776 -0.201570 -0.196877 -0.188497 -0.095627 -0.065772 -0.205547 -0.016415 -0.261468 -0.372616 -0.357461 -0.310243 -0.201684 -0.239630 -0.201099 -0.266891 -0.218676 -0.192367 -0.108915 -0.164361 -0.058608 -0.177534 -0.204295 -0.268234 -0.292795 -0.198689 -0.150736 -0.208454
-0.232530 -0.246887 0.193732 0.289199 0.459460 1.000000 0.200395 0.394924 0.273874 0.671184 -0.345814 -0.024170 0.072842 0.362569 0.003013 0.396685 -0.306390 -0.280581 -0.170703 -0.216496 0.409741 0.435913 0.061216 0.134553 0.176050 0.228081 0.578303 0.336478 -0.392789 0.332536 0.469252 0.478355 -0.284161 -0.162518 0.182110 0.076960 -0.028060 -0.040737 0.195059 -0.027041 -0.130634 0.025549 -0.260763 -0.291874 -0.092803 -0.040646 -0.230760 -0.299788 -0.211027 -0.146056 -0.273298 -0.218100 0.023051 0.069905 0.342022 -0.147898 -0.309654 -0.480006 0.307084 -0.082986 0.261061 0.207275 -0.268954 -0.260212 0.020503 0.221947 -0.022320 -0.105214 -0.283274 -0.074922 0.298941 0.534693 -0.192500 0.233226 -0.009257 0.141330 -0.502098 -0.194381 -0.385689 -0.153225 -0.351397 -0.365931 0.020109 0.064736 -0.128890 -0.078495 0.101669 -0.051932 0.331991 0.215197 0.137182 -0.022817 0.167321 -0.038153 -0.193053 0.188451 -0.022976 -0.004427 0.140371 -0.121769 -0.046889 -0.109648 -0.143626 -0.103120 -0.127872 -0.106032 -0.044381 -0.073317 0.120334 0.229589 -0.059471 -0.016100 0.121825 -0.169212 -0.132149 -0.099235
-0.028243 -0.192570 0.542048 -0.150073 0.214759 0.200395 1.000000 0.486408 0.289137 0.319207 0.060103 0.229179 0.248782 0.384647 -0.044719 -0.093928 -0.158846 -0.224659 0.104468 -0.162951 -0.052654 -0.022622 -0.140529 -0.075823 -0.261306 -0.081486 0.067371 -0.179046 -0.113547 0.067140 0.121566 0.064626 0.214581 0.223568 0.219625 0.217034 -0.254817 -0.203066 0.126085 -0.041358 -0.277062 -0.200338 -0.093669 -0.126628 0.033268 -0.026326 -0.040225 -0.116413 -0.067383 -0.053512 -0.320246 -0.233183 -0.076644 -0.026405 -0.049397 -0.031848 -0.314022 -0.514956 0.254687 -0.027344 0.396806 0.291903 -0.036176 -0.124740 -0.170508 0.019249 0.162883 -0.001348 -0.374838 -0.085038 0.220103 0.141995 -0.129145 -0.039670 -0.077728 0.027545 -0.196194 0.109607 -0.188962 -0.029858 -0.192561 -0.212362 -0.166207 -0.123362 -0.380469 -0.424328 -0.195359 -0.199680 0.075064 0.135394 0.208900 0.296819 0.257995 0.381069 -0.159201 -0.151712 -0.262003 -0.210339 0.006302 -0.010178 0.202204 0.107784 0.047709 0.177548 0.090143 0.143094 0.063463 0.205199 -0.060253 -0.009901 -0.085588 0.065699 0.106501 -0.022159 -0.196602 -0.147264
-0.162350 -0.102990 0.565715 0.323217 0.223255 0.394924 0.486408 1.000000 0.324860 0.499538 -0.209831 0.345206 -0.082194 0.526391 -0.169791 -0.001113 -0.229170 -0.266741 -0.197681 -0.251449 -0.068942 -0.057381 -0.276017 0.070928 -0.233451 0.057687 -0.007275 -0.252165 -0.289806 0.088458 0.121974 0.205239 -0.022258 0.148328 0.134647 0.210117 -0.364191 -0.143696 -0.043332 -0.155670 -0.328504 -0.257416 -0.008835 -0.028517 0.173227 0.123762 -0.095809 -0.108758 0.105636 0.187519 -0.333035 -0.062517 -0.163978 -0.112898 -0.217789 -0.275745 -0.151492 -0.373536 0.308698 0.092649 0.484760 0.593124 0.040798 -0.008318 -0.115564 0.352748 0.074397 0.182268 -0.426879 0.028735 0.113177 0.227966 -0.310266 -0.162467 -0.223007 -0.132168 -0.468821 -0.202771 -0.300599 -0.168245 -0.232103 -0.464692 -0.131053 -0.088663 -0.344417 -0.357218 -0.052075 -0.311838 0.029377 0.097007 0.287800 0.053055 0.244417 0.023582 -0.218562 0.023849 -0.290769 -0.152550 -0.101214 -0.283469 0.029125 -0.068383 -0.075275 -0.053488 -0.121103 -0.128701 0.117546 -0.009978 -0.009597 0.053855 -0.186145 -0.212806 -0.097703 -0.084516 -0.205623 -0.128109
-0.112454 -0.020480 -0.101402 0.045255 0.710049 0.273874 0.289137 0.324860 1.000000 0.582281 0.043504 -0.181441 0.422105 0.274409 0.688902 0.652805 0.042397 -0.208461 0.133264 0.132052 0.409005 0.363195 -0.142726 -0.246724 -0.055651 -0.450381 0.061670 -0.315254 0.065602 -0.029712 0.521169 0.241657 0.268084 0.132212 -0.469427 -0.241815 -0.117803 -0.411287 -0.177768 -0.191975 -0.060130 0.064898 -0.193982 -0.215495 -0.157449 -0.137730 -0.295281 -0.293969 -0.101496 -0.083063 -0.147997 -0.221428 -0.307309 -0.208586 -0.206683 -0.462390 -0.129792 -0.084957 0.027302 -0.075741 0.144008 0.212727 0.077811 0.221568 -0.030879 0.158141 -0.212985 -0.056458 -0.086025 0.121222 0.127873 0.303749 0.087163 0.473974 0.542450 0.597351 -0.183531 -0.190879 -0.235686 -0.189987 -0.283230 -0.062756 -0.139520 -0.215678 -0.171290 -0.001324 0.077893 0.011394 -0.221034 -0.206206 -0.201401 -0.186061 -0.074294 -0.053567 -0.040898 0.051786 -0.220700 -0.369004 -0.369070 -0.359059 -0.019257 -0.093510 -0.031961 -0.151422 -0.126033 -0.102652 -0.008975 -0.000736 -0.070706 -0.173204 -0.288624 -0.391976 -0.338339 -0.137896 -0.074518 -0.179762
-0.192530 0.052424 0.074844 0.105418 0.520451 0.671184 0.319207 0.499538 0.582281 1.000000 -0.232468 0.061051 0.223951 0.453848 0.214093 0.479648 -0.185954 -0.228244 -0.070723 -0.105355 0.347721 0.424347 -0.189417 -0.149831 -0.140949 -0.116750 0.200181 -0.065724 -0.218901 0.330657 0.514645 0.405909 -0.121140 0.114724 0.025088 0.085562 -0.125707 -0.148881 -0.070938 -0.223167 -0.217390 -0.102068 -0.318400 -0.381084 -0.180447 -0.141090 -0.296606 -0.381349 -0.207299 -0.215907 -0.323713 -0.263415 -0.070577 -0.052790 0.097839 -0.304792 -0.320085 -0.296383 0.340264 0.025514 0.384636 0.463976 -0.178344 -0.003034 -0.038066 0.312594 -0.083894 -0.084104 -0.213084 0.011875 0.299266 0.447822 -0.135163 0.271391 0.110946 0.266805 -0.487968 -0.129964 -0.301520 -0.069410 -0.204683 -0.162388 -0.009162 -0.002356 -0.173933 -0.142941 0.095739 -0.067047 0.187682 0.153302 0.101664 -0.067786 0.123826 0.025469 -0.208067 0.089506 -0.178048 -0.160112 -0.084352 -0.229436 0.073425 -0.101657 -0.046765 -0.092159 -0.055007 -0.035151 -0.160342 -0.047283 0.051911 0.055107 -0.129365 -0.181678 -0.124892 -0.169300 -0.094175 -0.132809
0.314982 0.163690 -0.173755 -0.116077 -0.008523 -0.345814 0.060103 -0.209831 0.043504 -0.232468 1.000000 0.300147 0.446075 0.022397 0.301153 0.170898 0.215918 0.128620 0.299410 0.073319 -0.197808 -0.178868 0.076174 -0.042250 -0.096927 -0.328111 -0.214069 -0.169735 0.486453 -0.078071 -0.232048 -0.367259 0.415469 0.088433 -0.251360 -0.231451 0.027492 -0.319319 -0.004500 0.081241 0.151798 0.117772 -0.111833 -0.041988 -0.256536 -0.219558 -0.010508 -0.097832 -0.049032 -0.161018 0.099112 0.006096 0.080574 0.002063 -0.100372 -0.056084 0.132251 0.216523 -0.060616 -0.062277 0.137834 -0.038508 0.284440 0.293649 -0.040637 -0.088812 -0.041198 -0.178069 0.111535 -0.077516 -0.345801 -0.453963 0.365626 -0.019152 0.286839 0.057813 0.481602 -0.002581 0.052978 -0.120381 -0.115702 0.223233 -0.247993 -0.135545 -0.114301 0.048182 -0.304382 0.053499 -0.116978 -0.016272 -0.187391 -0.072075 -0.144264 -0.098742 0.051680 -0.148379 -0.103578 -0.169516 -0.246391 0.010132 -0.039740 -0.025181 -0.064210 -0.052949 0.003072 0.028882 0.122195 0.000065 -0.184835 -0.174557 -0.130348 -0.063279 -0.107227 0.088132 0.122704 0.102859
0.028344 -0.009159 0.272094 -0.056617 -0.126568 -0.024170 0.229179 0.345206 -0.181441 0.061051 0.300147 1.000000 0.176797 0.593175 -0.314030 -0.255191 -0.138578 -0.037208 -0.203513 -0.389935 -0.401837 -0.406938 -0.143138 0.017148 -0.195059 0.149537 -0.161757 -0.152103 -0.034085 0.278228 -0.253704 -0.095827 -0.067558 0.148431 0.362154 0.313656 -0.024784 -0.069648 0.021516 -0.052085 -0.160119 -0.332257 -0.002987 0.082118 0.061975 0.150281 0.012274 -0.011946 0.173664 0.072273 -0.184708 -0.030261 -0.050911 -0.110287 -0.045328 -0.137811 -0.157434 -0.317065 0.300359 -0.083619 0.506763 0.491180 -0.036887 -0.100008 -0.076930 0.368864 0.058219 0.070678 -0.238258 -0.108180 -0.110287 -0.108822 0.075719 -0.289791 -0.213805 -0.349707 0.101159 0.139142 -0.025424 0.118268 -0.060056 -0.243761 -0.123738 -0.250398 -0.243487 -0.279006 -0.179284 -0.352339 0.280614 0.226053 0.110886 0.014256 0.080981 0.062536 -0.087274 0.029986 -0.055137 -0.028470 -0.199056 -0.179878 0.088885 0.041117 -0.020958 0.077867 0.041274 0.076370 0.067198 0.051688 0.013732 -0.099012 0.030317 -0.114718 -0.131293 -0.054285 0.065702 0.138038
0.074065 -0.040737 -0.216575 -0.205054 0.504113 0.072842 0.248782 -0.082194 0.422105 0.223951 0.446075 0.176797 1.000000 0.275481 0.605313 0.417504 -0.084194 -0.231071 0.060133 -0.032402 0.216896 0.196863 0.222213 -0.174645 0.076343 -0.339319 0.125757 -0.036146 0.141523 -0.005221 0.310708 0.045488 0.154186 0.064082 -0.251175 -0.274781 0.003251 -0.390811 0.014966 -0.016001 0.045766 0.101070 -0.312651 -0.236793 -0.356217 -0.214948 -0.322357 -0.308231 -0.140946 -0.318992 0.060029 -0.101267 -0.099710 -0.062599 -0.107732 -0.242827 -0.236512 -0.154572 -0.022951 -0.331204 0.118421 -0.001590 -0.257212 -0.075962 0.249590 0.168588 -0.262480 -0.248055 -0.087418 -0.153169 -0.024297 0.081318 0.288672 0.325845 0.512390 0.400202 0.156269 -0.045139 -0.166355 -0.014765 -0.353416 0.056052 -0.313416 -0.319713 0.070154 0.198620 -0.168424 0.196281 -0.032712 -0.031787 -0.184049 0.061562 0.061034 0.164044 -0.035180 -0.102921 -0.199283 -0.381080 -0.388370 -0.146711 0.029187 -0.044891 -0.102926 -0.016229 -0.036126 0.005982 0.109858 0.058311 -0.182085 -0.217781 -0.208822 -0.294136 -0.184648 -0.164878 0.001227 -0.172882
-0.154958 -0.102394 0.224021 -0.000857 0.258740 0.362569 0.384647 0.526391 0.274409 0.453848 0.022397 0.593175 0.275481 1.000000 0.018974 0.160863 -0.080360 -0.093811 -0.217854 -0.366017 0.082024 -0.029535 -0.289781 -0.263719 -0.121581 -0.039138 0.089276 -0.209655 -0.090515 0.502236 0.328936 0.315342 -0.080662 0.076822 0.156369 0.184796 -0.118524 -0.242837 -0.071418 -0.224596 -0.181400 -0.205912 -0.105503 -0.114659 -0.048167 0.000955 -0.183550 -0.244675 0.013711 0.079622 -0.407039 -0.177343 -0.169222 -0.151138 0.031522 -0.379323 -0.296019 -0.428538 0.230179 -0.054470 0.485809 0.528865 -0.079836 -0.111422 -0.251210 0.249987 -0.045604 -0.068770 -0.249595 0.003238 0.344358 0.456028 0.174194 0.231260 0.103828 0.058213 -0.147037 0.076165 -0.178921 0.129050 -0.147866 -0.332214 -0.080554 -0.282687 -0.398656 -0.441496 -0.122466 -0.399037 0.150489 0.072664 0.030996 -0.106644 0.064799 0.063208 -0.155692 0.139764 -0.110724 -0.168617 -0.254206 -0.419174 0.207049 0.121748 0.117434 0.148625 0.117355 0.134448 0.034538 0.168864 0.131200 -0.092426 -0.195873 -0.317815 -0.133492 -0.123919 -0.019844 0.038683
0.025229 -0.043666 -0.453041 -0.065406 0.540467 0.003013 -0.044719 -0.169791 0.688902 0.214093 0.301153 -0.314030 0.605313 0.018974 1.000000 0.718057 0.179800 -0.031464 0.216443 0.244464 0.484606 0.468109 0.204030 -0.201919 0.051719 -0.513086 0.100276 -0.114600 0.375497 -0.087292 0.499654 0.157891 0.192848 -0.030543 -0.593230 -0.491099 0.064503 -0.374172 -0.047848 -0.035945 0.159380 0.341804 -0.216264 -0.208839 -0.342928 -0.275732 -0.232495 -0.268816 -0.204778 -0.218873 0.105890 -0.156524 -0.087085 -0.059614 -0.200112 -0.239877 -0.040173 0.109090 -0.258460 -0.266394 -0.216072 -0.236183 -0.033466 0.141972 0.124190 -0.049158 -0.386442 -0.304097 0.112782 -0.060564 0.053303 0.179228 0.393428 0.595401 0.756939 0.709383 0.150606 -0.169659 -0.052532 -0.073522 -0.205839 0.216917 -0.135869 -0.125556 0.159088 0.313070 -0.033830 0.312182 -0.252994 -0.278037 -0.253288 -0.120391 -0.071518 -0.016229 0.002920 -0.117770 -0.199993 -0.397531 -0.313841 -0.138062 -0.131578 -0.130908 -0.140710 -0.193563 -0.189686 -0.150452 0.027185 -0.066599 -0.234447 -0.179080 -0.186400 -0.284146 -0.208170 -0.155891 -0.090587 -0.237183
0.001840 0.030252 -0.409522 0.196389 0.566607 0.396685 -0.093928 -0.001113 0.652805 0.479648 0.170898 -0.255191 0.417504 0.160863 0.718057 1.000000 0.106499 -0.026591 0.223479 0.233152 0.571073 0.555712 0.102953 -0.132650 0.096345 -0.371786 0.259564 0.038822 0.178695 0.167048 0.555540 0.276299 0.099563 -0.086966 -0.495950 -0.460124 0.085493 -0.358384 -0.025179 -0.055286 0.179565 0.339341 -0.363001 -0.368307 -0.433258 -0.349124 -0.358747 -0.435738 -0.296807 -0.334207 -0.081539 -0.329818 -0.112601 -0.125035 0.036658 -0.345893 -0.048354 0.038337 -0.118002 -0.224586 -0.002432 -0.061362 0.000696 0.137830 0.105723 0.050832 -0.341311 -0.323288 0.055546 0.001442 0.115441 0.331032 0.227852 0.612928 0.634720 0.658075 -0.096505 -0.270624 -0.164206 -0.199378 -0.255526 0.089999 -0.073385 0.034432 0.055151 0.292148 0.048338 0.241064 -0.111832 -0.134124 -0.255342 -0.246359 -0.120267 -0.236139 0.012028 0.064393 -0.108754 -0.314908 -0.258514 -0.231684 -0.130861 -0.135812 -0.089679 -0.201165 -0.181967 -0.144555 -0.007089 -0.079751 -0.035303 -0.032075 -0.215125 -0.289098 -0.187880 -0.096742 -0.036248 -0.080486
0.272816 0.179448 -0.305980 -0.082829 -0.036947 -0.306390 -0.158846 -0.229170 0.042397 -0.185954 0.215918 -0.138578 -0.084194 -0.080360 0.179800 0.106499 1.000000 0.552393 0.214306 0.162899 0.193539 0.122367 -0.268229 -0.383351 -0.192332 -0.392655 -0.192042 -0.383455 0.568744 0.136258 0.107358 0.030905 0.356950 0.102980 -0.346956 -0.322049 0.181446 -0.041270 -0.052795 0.053525 0.252676 0.220707 0.032988 -0.081825 -0.183155 -0.132322 0.121211 -0.126231 -0.280618 -0.005656 0.022009 -0.160607 0.035645 0.032879 -0.147838 -0.035798 0.412659 0.404804 -0.200011 0.019309 -0.203734 -0.096437 0.378518 0.500701 -0.311961 -0.254732 -0.095678 -0.277671 0.129223 -0.098877 0.236058 0.076754 0.520367 0.424006 0.363259 0.386636 0.290167 -0.050158 0.602651 0.391984 0.598348 0.575776 0.311143 0.159325 0.031540 -0.022885 0.086560 -0.029297 -0.346248 -0.317725 -0.411911 -0.372691 -0.337893 -0.322823 -0.101726 -0.129387 0.049339 0.024691 -0.170706 -0.037954 -0.067351 0.003142 0.045206 -0.069370 -0.030335 -0.063137 -0.136879 -0.086383 -0.187418 -0.223584 -0.043819 -0.059847 -0.151121 0.152611 0.060392 0.038350
0.125955 0.127488 -0.199752 -0.005862 -0.169367 -0.280581 -0.224659 -0.266741 -0.208461 -0.228244 0.128620 -0.037208 -0.231071 -0.093811 -0.031464 -0.026591 0.552393 1.000000 0.046897 0.052288 0.243618 0.134356 -0.123982 -0.211518 -0.179929 -0.157293 -0.091673 -0.116846 0.414743 0.303928 -0.012811 0.048766 0.143274 -0.009900 -0.162789 -0.264757 0.159462 0.274207 0.021975 0.192441 0.196481 0.232788 0.170756 -0.015295 -0.021397 -0.102082 0.212002 -0.132763 -0.232306 0.050757 0.028703 -0.029772 0.124069 0.062325 -0.053830 0.152292 0.244483 0.416216 -0.139925 0.010496 -0.007271 -0.075831 0.283436 0.433868 -0.201302 -0.283138 -0.063697 -0.272259 0.061217 -0.125538 0.296937 0.047020 0.446050 0.273499 0.081518 0.184240 0.233915 0.037355 0.534409 0.364262 0.391155 0.641927 0.133955 0.306505 0.094650 0.063594 -0.013465 0.037351 -0.129203 -0.157897 -0.295883 -0.373590 -0.443773 -0.405966 0.015712 -0.060888 0.051815 0.117101 -0.065417 -0.018949 -0.327170 -0.157870 -0.075140 -0.210292 -0.117951 -0.225684 -0.134263 -0.232842 0.019832 0.054062 0.119564 0.083589 -0.031638 0.016980 -0.015542 0.112646
0.401444 0.229010 -0.118884 0.159742 -0.024902 -0.170703 0.104468 -0.197681 0.133264 -0.070723 0.299410 -0.203513 0.060133 -0.217854 0.216443 0.223479 0.214306 0.046897 1.000000 0.726750 0.032369 0.073213 -0.021181 -0.060041 -0.106172 -0.360707 0.000889 -0.131687 0.418309 0.016509 -0.033866 -0.172203 0.373066 0.060091 -0.407165 -0.325468 0.036878 -0.284318 -0.015533 -0.105231 -0.075013 -0.064711 -0.277760 -0.348808 -0.331965 -0.449235 -0.141376 -0.282859 -0.337660 -0.305982 0.125069 -0.136087 0.099260 0.038053 0.146836 0.005367 0.267310 0.201476 -0.090053 0.085650 -0.205082 -0.228070 0.250053 0.283760 -0.173570 -0.304889 -0.030330 -0.256699 0.391740 0.186736 -0.137113 -0.271043 0.180527 0.073544 0.260059 0.139785 0.277056 -0.034968 0.279789 0.020263 0.163440 0.334194 0.139884 0.165846 0.036325 0.052367 -0.070266 0.043110 -0.202189 0.070648 -0.227884 -0.072651 -0.071199 -0.045131 -0.008390 0.007143 -0.121802 -0.148105 -0.072850 0.119877 0.074838 0.118011 0.113725 0.030626 0.103671 0.105391 -0.123637 -0.015600 -0.024036 -0.158067 -0.126107 0.061795 0.032747 0.263801 0.083761 0.101042
0.424028 0.307951 -0.295620 0.224180 0.099700 -0.216496 -0.162951 -0.251449 0.132052 -0.105355 0.073319 -0.389935 -0.032402 -0.366017 0.244464 0.233152 0.162899 0.052288 0.726750 1.000000 0.088363 0.103141 -0.017882 -0.078280 -0.033306 -0.413932 0.017893 -0.113146 0.361048 -0.106936 -0.049761 -0.186941 0.247506 0.152763 -0.490351 -0.311734 -0.037785 -0.200640 -0.180284 -0.041617 0.027489 0.095165 -0.215901 -0.275098 -0.163951 -0.291656 -0.211438 -0.152567 -0.207178 -0.241256 0.118329 -0.105801 0.049337 -0.005854 -0.098562 -0.051360 0.353012 0.418210 -0.184989 0.031464 -0.326617 -0.280767 0.150128 0.285264 -0.005864 -0.205137 -0.256654 -0.147129 0.434975 0.349896 -0.240216 -0.275086 0.096566 0.082446 0.245954 0.197521 0.177245 -0.129314 0.217025 0.010979 0.145588 0.380754 0.076850 0.325990 0.095522 0.262946 0.009582 0.282131 -0.296609 -0.066538 -0.153568 -0.128981 -0.082296 -0.166746 0.084165 0.041990 -0.134414 -0.099384 -0.042924 0.138184 -0.076867 -0.034788 -0.008722 -0.138467 -0.056087 -0.066571 -0.107775 -0.140317 0.028841 -0.138640 -0.102892 0.060290 -0.064497 0.167304 0.072890 0.126849
0.011957 -0.210070 -0.274973 0.114187 0.516331 0.409741 -0.052654 -0.068942 0.409005 0.347721 -0.197808 -0.401837 0.216896 0.082024 0.484606 0.571073 0.193539 0.243618 0.032369 0.088363 1.000000 0.783310 0.115095 -0.216734 0.233835 -0.087287 0.483615 0.126522 0.102869 0.250863 0.698821 0.518622 -0.045599 -0.240467 -0.339318 -0.454952 0.082667 0.049642 0.227721 0.073986 0.083089 0.375940 -0.194054 -0.346986 -0.245762 -0.276110 -0.159208 -0.448082 -0.387104 -0.194308 -0.023786 -0.254276 0.119217 0.076814 0.055495 -0.064677 -0.000629 -0.098099 -0.131589 -0.270528 -0.043020 -0.158880 -0.093201 0.047481 0.077497 -0.112098 -0.336500 -0.489364 -0.086228 -0.145207 0.588689 0.600286 0.256887 0.712578 0.454606 0.724485 -0.235508 -0.186226 -0.006253 0.059038 -0.043877 0.291683 0.071775 0.125327 0.218761 0.206375 0.033817 0.099978 -0.014584 -0.073717 -0.262031 -0.260536 -0.214433 -0.167065 -0.087163 -0.008468 -0.160587 -0.288920 -0.212967 -0.193477 -0.190764 -0.125777 -0.096977 -0.175899 -0.211479 -0.177058 -0.137018 -0.122964 0.037825 0.081806 -0.038555 -0.146582 -0.088665 -0.107544 -0.200426 -0.115714
-0.033808 -0.237054 -0.244713 0.242487 0.406411 0.435913 -0.022622 -0.057381 0.363195 0.424347 -0.178868 -0.406938 0.196863 -0.029535 0.468109 0.555712 0.122367 0.134356 0.073213 0.103141 0.783310 1.000000 0.291622 0.073132 0.266328 0.008125 0.374812 0.234730 0.064255 0.179672 0.670456 0.588044 -0.089482 -0.199100 -0.252214 -0.412058 0.033615 0.132039 0.146058 0.062523 -0.061410 0.313545 -0.247057 -0.348314 -0.349178 -0.290308 -0.117243 -0.362390 -0.450345 -0.293881 -0.002135 -0.230421 0.230885 0.243883 0.051366 0.082385 -0.053662 -0.092858 -0.187299 -0.338186 -0.150677 -0.241611 -0.158596 -0.029540 0.141985 -0.061519 -0.366428 -0.470091 -0.039051 -0.194148 0.419581 0.554754 0.117132 0.551905 0.351226 0.639753 -0.182967 -0.127757 -0.045566 0.047109 -0.083913 0.296169 0.017432 0.268823 0.261667 0.375814 -0.033457 0.225280 -0.029801 -0.076216 -0.165034 -0.094883 -0.068255 -0.124793 0.019103 -0.065814 -0.140700 -0.165934 -0.047611 -0.013543 -0.233216 -0.270700 -0.194045 -0.303937 -0.240420 -0.242481 -0.161774 -0.301153 -0.043853 0.132480 0.003426 -0.012670 0.097831 -0.182311 -0.116558 -0.172352
-0.010723 -0.435178 -0.034282 0.314714 0.113232 0.061216 -0.140529 -0.276017 -0.142726 -0.189417 0.076174 -0.143138 0.222213 -0.289781 0.204030 0.102953 -0.268229 -0.123982 -0.021181 -0.017882 0.115095 0.291622 1.000000 0.635538 0.541235 0.265789 0.367791 0.504581 -0.045557 -0.170410 0.089935 0.149982 -0.221445 -0.220814 0.059670 -0.207213 0.059169 0.012668 0.100687 0.118871 -0.026472 0.154445 -0.055565 0.014798 -0.031567 0.064229 -0.094066 0.007199 -0.053261 -0.184707 0.227173 -0.043868 0.180734 0.019953 -0.098958 0.102575 -0.048271 -0.204024 -0.230521 -0.497823 -0.173929 -0.433876 -0.384190 -0.472232 0.621951 0.138500 -0.331620 -0.195754 -0.102113 -0.333250 -0.213029 -0.043064 -0.024403 -0.069672 0.115031 0.106623 0.180193 0.015395 -0.175122 -0.175558 -0.382811 -0.015615 -0.261051 0.047051 0.428204 0.521328 -0.185227 0.307049 0.109414 -0.098126 0.090804 0.218206 0.237578 0.148590 -0.059887 -0.203919 -0.159092 -0.181086 0.005097 0.186270 -0.246167 -0.222961 -0.320603 -0.168885 -0.222370 -0.143028 0.015237 -0.172682 -0.224512 0.021769 0.119571 0.114852 0.167443 -0.077185 -0.110565 -0.242322
-0.066152 -0.307929 0.178868 0.481243 -0.097078 0.134553 -0.075823 0.070928 -0.246724 -0.149831 -0.042250 0.017148 -0.174645 -0.263719 -0.201919 -0.132650 -0.383351 -0.211518 -0.060041 -0.078280 -0.216734 0.073132 0.635538 1.000000 0.270375 0.403029 0.117660 0.298536 -0.124790 -0.121788 -0.100764 0.178221 -0.152457 -0.032641 0.204176 0.072862 -0.068384 0.068737 -0.012678 0.100125 -0.084621 -0.053590 0.061677 0.137247 0.129547 0.257208 0.025925 0.200373 0.015360 0.012462 0.165757 0.087662 0.175279 0.142053 -0.140776 0.114504 0.057555 -0.143164 -0.023052 -0.270286 0.011382 -0.113016 -0.108284 -0.284054 0.420481 0.186194 -0.142372 0.026097 -0.162954 -0.215492 -0.336192 -0.190607 -0.298453 -0.367671 -0.240468 -0.213183 0.078683 -0.050422 -0.145603 -0.248982 -0.262926 -0.189624 -0.208509 0.206852 0.106401 0.285170 -0.138600 0.119523 0.012816 -0.099573 0.179422 0.162730 0.217108 -0.021365 -0.043167 -0.117285 -0.096331 -0.032513 0.137638 0.183498 -0.275445 -0.245881 -0.285566 -0.220013 -0.177077 -0.197995 0.040804 -0.264655 -0.202992 0.043584 0.028985 0.196668 0.157826 -0.005591 -0.000192 -0.190331
-0.059847 -0.296693 -0.063687 0.233648 0.172760 0.176050 -0.261306 -0.233451 -0.055651 -0.140949 -0.096927 -0.195059 0.076343 -0.121581 0.051719 0.096345 -0.192332 -0.179929 -0.106172 -0.033306 0.233835 0.266328 0.541235 0.270375 1.000000 0.526744 0.433453 0.480156 -0.184138 -0.096433 0.120465 0.193307 -0.265665 -0.415835 -0.023666 -0.163401 0.120247 0.089768 -0.055400 -0.029825 -0.099888 0.010197 0.096139 0.106596 0.026825 0.081728 0.008798 0.042862 0.155092 0.048032 0.270059 0.187829 0.130358 0.159080 0.152545 -0.016014 -0.043354 -0.146099 -0.188558 -0.257451 -0.284277 -0.340861 -0.327673 -0.317862 0.303881 0.065245 -0.241708 -0.165585 0.018366 -0.078432 -0.064334 0.160096 -0.091514 0.122431 0.089238 0.049689 0.124738 0.010440 -0.241724 -0.136827 -0.336756 -0.083957 -0.109356 -0.154243 0.266394 0.319195 -0.095537 0.006682 0.038474 -0.013945 -0.188337 -0.068941 -0.033350 -0.058478 0.022473 0.076047 0.142387 0.021599 -0.007779 0.014043 -0.106823 -0.052403 -0.070543 -0.111858 0.019854 -0.022852 -0.111009 -0.186334 0.020125 -0.017306 0.147606 0.004521 0.127204 -0.066148 0.048924 -0.070733
-0.214558 -0.336786 0.351686 0.117288 -0.275858 0.228081 -0.081486 0.057687 -0.450381 -0.116750 -0.328111 0.149537 -0.339319 -0.039138 -0.513086 -0.371786 -0.392655 -0.157293 -0.360707 -0.413932 -0.087287 0.008125 0.265789 0.403029 0.526744 1.000000 0.201898 0.568063 -0.486700 0.008377 -0.062206 0.275571 -0.496680 -0.429251 0.558829 0.304024 0.116826 0.432954 0.148744 -0.015799 -0.250251 -0.229401 0.256396 0.282312 0.228313 0.199990 0.294533 0.253930 0.317638 0.190882 0.115210 0.249500 0.138771 0.186862 0.273242 0.210379 -0.200516 -0.373101 0.029323 -0.006671 -0.108009 -0.152008 -0.316233 -0.508170 0.096491 0.054815 0.200103 0.106491 -0.203478 -0.115635 0.114930 0.216111 -0.370799 -0.287707 -0.508529 -0.422185 -0.134763 0.190808 -0.245168 -0.038665 -0.132901 -0.329391 -0.008879 -0.051507 0.097236 -0.002067 -0.082326 -0.192274 0.278174 0.199316 0.203841 0.148933 0.112952 0.062968 0.082901 0.039829 0.304432 0.229619 0.284160 0.091233 -0.067925 -0.025744 -0.070871 -0.015394 0.050839 -0.006598 -0.129730 -0.164610 0.096836 0.193150 0.300323 0.214510 0.252560 -0.129713 -0.050171 -0.028119
0.036168 -0.167563 0.046576 0.224308 0.440772 0.578303 0.067371 -0.007275 0.061670 0.200181 -0.214069 -0.161757 0.125757 0.089276 0.100276 0.259564 -0.192042 -0.091673 0.000889 0.017893 0.483615 0.374812 0.367791 0.117660 0.433453 0.201898 1.000000 0.533094 -0.208580 0.142335 0.255401 0.209023 -0.330119 -0.362159 0.058391 -0.143666 0.063759 0.025816 0.307541 0.053696 -0.064302 0.206099 -0.249943 -0.288700 -0.157769 -0.192833 -0.144643 -0.252293 -0.205907 -0.281110 -0.012079 -0.155623 0.281283 0.165648 0.378629 0.064083 -0.213218 -0.339825 0.186683 -0.119357 -0.019139 -0.190006 -0.330127 -0.295640 0.172062 -0.042519 -0.150281 -0.283193 -0.126890 -0.089886 0.131627 0.248690 -0.073657 0.211788 0.064407 0.128670 -0.243005 -0.179681 -0.217597 -0.055063 -0.267118 -0.099218 0.137322 0.045775 0.158787 0.089746 0.069050 0.175267 0.375555 0.197559 0.035110 0.035826 0.082815 0.109829 -0.228139 0.029447 -0.068426 -0.134528 0.115572 -0.014691 -0.053278 -0.050049 -0.129973 -0.034659 -0.086689 0.005911 -0.134744 -0.036890 0.032640 0.199038 0.090753 0.042220 0.242420 -0.043015 -0.168990 -0.092104
-0.034238 -0.213214 0.041724 0.211558 -0.092235 0.336478 -0.179046 -0.252165 -0.315254 -0.065724 -0.169735 -0.152103 -0.036146 -0.209655 -0.114600 0.038822 -0.383455 -0.116846 -0.131687 -0.113146 0.126522 0.234730 0.504581 0.298536 0.480156 0.568063 0.533094 1.000000 -0.400314 -0.044922 -0.037348 0.063360 -0.472587 -0.474902 0.263099 -0.034492 0.120052 0.378117 0.239441 0.171950 0.016764 0.213516 -0.015682 0.044303 -0.082983 -0.058034 0.116652 0.112464 0.012763 -0.190592 0.060013 -0.046963 0.173424 0.132449 0.436616 0.320275 -0.182510 -0.242509 -0.045671 -0.127711 -0.189253 -0.449724 -0.404819 -0.535435 0.251883 -0.044017 0.013594 -0.118841 0.001543 -0.151058 -0.040117 0.093044 -0.215403 -0.135219 -0.199093 -0.152428 -0.139832 0.027441 -0.297725 -0.149063 -0.298400 -0.188829 -0.018833 0.114295 0.232964 0.290988 -0.018137 0.258661 0.467764 0.353152 0.244949 0.224383 0.196611 0.095174 0.081721 0.084961 0.283678 0.242080 0.404247 0.256842 -0.185347 -0.150502 -0.237211 -0.098170 -0.082987 -0.074368 -0.032196 -0.093726 0.092790 0.427626 0.308261 0.195625 0.407006 -0.186771 -0.159547 -0.070034
0.179333 0.020361 -0.456078 -0.020780 -0.003992 -0.392789 -0.113547 -0.289806 0.065602 -0.218901 0.486453 -0.034085 0.141523 -0.090515 0.375497 0.178695 0.568744 0.414743 0.418309 0.361048 0.102869 0.064255 -0.045557 -0.124790 -0.184138 -0.486700 -0.208580 -0.400314 1.000000 0.282181 0.074578 0.002130 0.461231 0.160619 -0.406190 -0.458129 0.173154 -0.182151 -0.037222 0.099121 0.346163 0.231252 -0.088421 -0.198696 -0.215758 -0.237039 -0.072172 -0.289705 -0.329401 -0.058327 0.037837 -0.126852 0.032542 0.097210 -0.158992 -0.046647 0.277074 0.346945 -0.181482 -0.146238 -0.096718 -0.103426 0.350672 0.459809 -0.135684 -0.288067 -0.246649 -0.457799 0.204544 -0.115164 0.025940 -0.200383 0.743307 0.316546 0.470469 0.317189 0.548434 -0.019147 0.470310 0.255389 0.226369 0.548025 0.032464 0.214505 0.024422 0.072665 -0.088554 0.095587 -0.406777 -0.142495 -0.427660 -0.360479 -0.241526 -0.248602 -0.057215 -0.099481 -0.079203 -0.198311 -0.269957 0.011664 -0.077434 0.075804 0.020800 -0.001421 0.026276 0.024723 -0.007986 0.007561 -0.154976 -0.298811 -0.299128 -0.169438 -0.189646 0.103200 0.106463 0.062841
-0.100482 -0.106276 -0.087012 0.024338 0.038049 0.332536 0.067140 0.088458 -0.029712 0.330657 -0.078071 0.278228 -0.005221 0.502236 -0.087292 0.167048 0.136258 0.303928 0.016509 -0.106936 0.250863 0.179672 -0.170410 -0.121788 -0.096433 0.008377 0.142335 -0.044922 0.282181 1.000000 0.366623 0.448391 -0.045649 0.001247 0.200999 0.013734 0.312115 0.124479 0.122471 0.029205 0.168690 0.024268 -0.254014 -0.398366 -0.273514 -0.241852 -0.186406 -0.441996 -0.353839 -0.134468 -0.279353 -0.265855 0.045870 0.131138 0.317838 -0.120368 -0.105985 -0.186262 0.236900 0.002536 0.304279 0.252200 -0.077388 0.031916 -0.247386 -0.091874 -0.005773 -0.364632 -0.019807 -0.071284 0.482943 0.403605 0.486795 0.366235 0.126710 0.103667 0.122543 0.164051 0.103496 0.447811 0.087030 0.131427 0.099371 0.191226 -0.155172 -0.238556 -0.091035 -0.235634 0.086522 0.130447 -0.167578 -0.312076 -0.090719 -0.192340 -0.077489 0.268516 0.124359 0.114941 -0.001370 -0.168597 -0.028786 -0.023330 -0.022361 -0.018088 -0.046295 -0.049063 -0.128495 -0.027875 0.197981 0.062471 -0.045589 -0.140761 -0.009599 -0.121170 0.006033 0.090620
-0.167800 -0.213897 -0.130568 0.042287 0.531385 0.469252 0.121566 0.121974 0.521169 0.514645 -0.232048 -0.253704 0.310708 0.328936 0.499654 0.555540 0.107358 -0.012811 -0.033866 -0.049761 0.698821 0.670456 0.089935 -0.100764 0.120465 -0.062206 0.255401 -0.037348 0.074578 0.366623 1.000000 0.827490 0.027556 -0.011524 -0.184720 -0.170418 0.009343 -0.177946 0.010413 -0.166371 -0.031932 0.053784 -0.233739 -0.318773 -0.170850 -0.121391 -0.307181 -0.446989 -0.228738 -0.091406 -0.114696 -0.216431 -0.124423 -0.093733 -0.002326 -0.369215 -0.188463 -0.231315 -0.057792 -0.228588 0.012051 0.027006 -0.156340 -0.060101 0.074908 0.032109 -0.252471 -0.267379 -0.184386 -0.046464 0.625491 0.723010 0.253679 0.654484 0.460826 0.627306 -0.248753 -0.149044 -0.075312 0.192106 -0.127860 0.014873 -0.075365 -0.052556 0.018053 0.010868 -0.048040 -0.008400 -0.204876 -0.262712 -0.298113 -0.309300 -0.155755 -0.129584 -0.173751 -0.011968 -0.133740 -0.257603 -0.345731 -0.411476 -0.074287 -0.124000 -0.063834 -0.128639 -0.127712 -0.101253 -0.145178 -0.061696 0.015148 -0.162438 -0.248080 -0.325930 -0.217005 -0.171951 -0.109205 -0.141047
-0.228917 -0.368850 0.011060 0.208994 0.298519 0.478355 0.064626 0.205239 0.241657 0.405909 -0.367259 -0.095827 0.045488 0.315342 0.157891 0.276299 0.030905 0.048766 -0.172203 -0.186941 0.518622 0.588044 0.149982 0.178221 0.193307 0.275571 0.209023 0.063360 0.002130 0.448391 0.827490 1.000000 -0.158524 -0.100770 0.076635 -0.060211 0.037197 0.068929 0.012774 -0.156426 -0.125951 -0.050856 -0.114191 -0.197266 -0.032441 0.009509 -0.196614 -0.355692 -0.184410 0.027083 -0.130735 -0.145711 -0.055780 0.011295 0.020047 -0.251003 -0.142448 -0.293186 -0.005640 -0.223961 0.010834 0.037099 -0.142125 -0.142933 0.030286 0.037562 -0.177780 -0.248215 -0.265802 -0.162272 0.624018 0.735356 0.126967 0.440571 0.155091 0.346725 -0.249597 -0.100279 -0.065410 0.229923 -0.063954 -0.052342 0.004233 0.132361 0.026147 0.001946 -0.052789 -0.095954 -0.153765 -0.170120 -0.209487 -0.273329 -0.078526 -0.160985 -0.197772 -0.002174 -0.037571 -0.116578 -0.184856 -0.305164 -0.107044 -0.107933 -0.056972 -0.113590 -0.084413 -0.116037 -0.175421 -0.148914 0.009274 -0.083778 -0.166291 -0.231895 -0.143502 -0.207565 -0.092542 -0.110950
0.088475 0.157979 -0.135028 -0.191959 0.109205 -0.284161 0.214581 -0.022258 0.268084 -0.121140 0.415469 -0.067558 0.154186 -0.080662 0.192848 0.099563 0.356950 0.143274 0.373066 0.247506 -0.045599 -0.089482 -0.221445 -0.152457 -0.265665 -0.496680 -0.330119 -0.472587 0.461231 -0.045649 0.027556 -0.158524 1.000000 0.650698 -0.295141 -0.150383 -0.104584 -0.342797 -0.121513 0.043658 0.259067 0.048507 -0.100874 -0.054863 0.044881 0.109352 -0.083220 -0.179448 -0.100362 0.122335 -0.042971 -0.088557 -0.203622 -0.209076 -0.230247 -0.188136 0.119435 0.281018 -0.071991 0.040398 0.115805 0.166155 0.387477 0.533470 -0.066198 -0.110528 0.130268 0.021992 0.088303 0.070557 -0.101902 -0.292923 0.317314 0.195670 0.315353 0.208614 0.261843 -0.079546 0.181355 -0.006210 0.099376 0.283160 -0.121449 -0.113786 -0.230024 -0.186251 -0.100058 0.018787 -0.455336 -0.251951 -0.478477 -0.350821 -0.346602 -0.263140 -0.021916 -0.054086 -0.058615 -0.165342 -0.354680 -0.217222 -0.018386 -0.123376 0.038769 -0.070734 -0.015050 0.004356 0.121515 0.052436 -0.088260 -0.366509 -0.430955 -0.191513 -0.238756 0.084797 0.077150 0.124088
-0.089563 0.264048 0.031090 -0.154181 0.065617 -0.162518 0.223568 0.148328 0.132212 0.114724 0.088433 0.148431 0.064082 0.076822 -0.030543 -0.086966 0.102980 -0.009900 0.060091 0.152763 -0.240467 -0.199100 -0.220814 -0.032641 -0.415835 -0.429251 -0.362159 -0.474902 0.160619 0.001247 -0.011524 -0.100770 0.650698 1.000000 0.068753 0.348495 -0.215707 -0.271813 -0.284658 -0.044124 0.131658 -0.080190 -0.132084 -0.034646 0.220953 0.402008 -0.212444 -0.050917 -0.006101 0.113229 -0.233058 -0.205589 -0.339371 -0.325802 -0.399779 -0.322030 -0.080123 0.189527 0.129284 -0.028475 0.288772 0.464079 0.179411 0.346646 0.123969 0.320303 0.043406 0.257265 -0.069677 0.142409 -0.135346 -0.228425 0.094989 -0.032145 0.104595 0.025560 0.027577 -0.009701 0.144293 0.040194 0.127536 0.090934 -0.194173 -0.131020 -0.335352 -0.230265 -0.075669 -0.002710 -0.323930 -0.258428 -0.176910 -0.231165 -0.143369 -0.152775 -0.055244 -0.005981 -0.167244 -0.085193 -0.339793 -0.274105 -0.012867 -0.217221 -0.061918 -0.123982 -0.097132 -0.093846 0.138678 0.037847 0.041546 -0.264608 -0.268693 -0.171216 -0.316056 -0.000178 -0.007063 0.013316
-0.260544 -0.246446 0.430928 -0.157619 -0.324188 0.182110 0.219625 0.134647 -0.469427 0.025088 -0.251360 0.362154 -0.251175 0.156369 -0.593230 -0.495950 -0.346956 -0.162789 -0.407165 -0.490351 -0.339318 -0.252214 0.059670 0.204176 -0.023666 0.558829 0.058391 0.263099 -0.406190 0.200999 -0.184720 0.076635 -0.295141 0.068753 1.000000 0.715460 0.015829 0.314536 0.196848 0.002871 -0.158438 -0.240201 -0.003253 0.048826 0.197974 0.242335 0.054437 0.141035 0.154869 0.043777 -0.222329 0.008029 0.049865 0.108751 0.166350 0.145825 -0.329075 -0.468774 0.359285 0.129415 0.280982 0.210405 -0.294315 -0.524254 0.039412 0.188413 0.495708 0.301062 -0.228953 -0.111265 0.104276 0.117138 -0.251183 -0.377096 -0.553284 -0.529856 -0.153273 0.329942 -0.224905 0.126218 -0.060425 -0.389460 -0.063142 -0.058280 -0.183435 -0.346817 -0.115855 -0.231807 0.346881 0.221555 0.427660 0.304348 0.312140 0.281321 -0.060913 -0.001665 0.082135 0.236878 0.328598 0.097263 0.132586 0.034236 -0.024393 0.191455 0.041706 0.091439 0.032634 0.124810 0.172338 0.274254 0.246471 0.187131 0.223420 -0.151615 -0.113423 -0.072618
-0.219929 0.051514 0.455618 -0.204648 -0.242276 0.076960 0.217034 0.210117 -0.241815 0.085562 -0.231451 0.313656 -0.274781 0.184796 -0.491099 -0.460124 -0.322049 -0.264757 -0.325468 -0.311734 -0.454952 -0.412058 -0.207213 0.072862 -0.163401 0.304024 -0.143666 -0.034492 -0.458129 0.013734 -0.170418 -0.060211 -0.150383 0.348495 0.715460 1.000000 -0.113731 0.092737 -0.122088 -0.202072 -0.235616 -0.394142 0.149513 0.226463 0.397301 0.443890 0.055025 0.350344 0.369858 0.211370 -0.223217 0.127678 -0.159525 -0.089174 -0.014319 -0.138176 -0.286551 -0.272412 0.352072 0.299143 0.262019 0.385113 -0.089544 -0.265579 -0.047593 0.340222 0.463996 0.627777 -0.169545 0.216875 -0.028646 -0.007352 -0.366919 -0.373607 -0.477449 -0.461274 -0.225371 0.265609 -0.165885 0.052545 0.013532 -0.427981 -0.064125 -0.237143 -0.403962 -0.426537 -0.029465 -0.309310 0.170655 -0.024134 0.318869 0.135445 0.113858 0.149513 -0.069041 -0.025368 0.055666 0.224517 0.112342 -0.150001 0.081277 -0.055959 -0.013430 0.030594 0.026740 0.017093 -0.091689 0.042234 0.170315 0.071043 0.239833 0.139390 -0.023169 -0.094154 -0.060364 0.008341
