1.000000 0.631653 0.471782 0.576509 0.167693 -0.216991 0.438163 0.636224 -0.308066 -0.437196 0.428521 0.326145 -0.219642 -0.214313 -0.379752 -0.354972 0.146464 0.071383 0.075865 0.423402 0.083479 0.141845 0.497967 0.465235 -0.125446 -0.025281 0.218455 -0.162141 -0.456448 -0.326316 -0.063019 0.190390 -0.222916 -0.081288 -0.259102 -0.332379 -0.584475 -0.626737 -0.404902 -0.132712 -0.534095 -0.044832 0.155289 0.203565 0.287917 0.382634 0.113853 -0.065886 0.533387 0.352369 0.367243 0.389851 0.327737 0.230395 0.115146 -0.016224 0.643663 0.526883 -0.208923 -0.264543 0.239994 -0.123301 0.146351 0.206338 -0.421912 -0.355896 -0.370543 -0.334814 -0.098246 -0.181497 0.047343 0.279384 -0.645707 0.053841 -0.653607 -0.033949 -0.573027 -0.321906 -0.381499 0.006795 -0.558636 -0.347412 0.311531 -0.169677 -0.680645 -0.307830 0.253882 0.197947 0.362302 0.057514 0.504473 0.212876 0.275134 -0.055893 -0.160240 -0.149504 -0.320993 -0.052619 0.090831 0.242989 -0.305486 -0.124882 -0.172062 -0.190400 -0.342943 -0.211966 0.371408 0.392841 -0.390544 -0.216773 -0.169492 0.034483 0.472922 0.063718 -0.062045 -0.025904
0.631653 1.000000 0.027620 0.418580 0.316822 0.143853 -0.098598 0.651155 -0.216169 -0.138748 0.338868 0.656538 -0.426589 0.125270 0.039622 0.106477 -0.270653 0.435491 0.041834 0.442742 0.500549 0.519029 0.213137 0.255731 -0.031189 0.333220 0.510808 -0.011364 -0.546605 0.211339 0.299895 0.492701 -0.473137 -0.256240 -0.751101 -0.760153 -0.542337 -0.445170 -0.198709 0.137518 -0.361392 0.447869 -0.178558 -0.265013 0.027643 0.206365 -0.287251 -0.267052 0.351182 -0.048351 0.019496 -0.134332 0.257196 0.265739 -0.029109 0.101888 0.490335 0.829831 -0.075986 0.140129 0.451181 0.297927 0.206860 0.644525 -0.696302 -0.470030 -0.554758 -0.647340 -0.041844 0.011337 0.258112 0.637436 -0.379823 0.560122 -0.265239 0.476191 -0.454400 -0.095998 -0.563102 0.248968 -0.606742 -0.229540 0.101081 -0.057001 -0.652562 -0.609767 0.305397 0.160583 0.398952 0.033920 0.283150 0.054192 0.178401 -0.245296 -0.449133 -0.015790 -0.428267 -0.140756 -0.100438 0.001536 -0.394836 -0.348137 -0.452605 -0.371153 -0.477896 -0.315446 0.400559 0.390250 -0.533780 -0.485296 -0.473402 -0.116867 0.219533 -0.249152 -0.372376 -0.279380
0.471782 0.027620 1.000000 0.511137 -0.100561 -0.380869 0.770131 0.372054 -0.138104 -0.432422 0.121459 -0.144739 0.078234 -0.304297 -0.350889 -0.450363 -0.065058 -0.277437 0.417855 0.424343 -0.370312 -0.354344 0.633202 0.434569 -0.359495 -0.553046 -0.015018 -0.048211 -0.306456 -0.603063 -0.592450 -0.410288 0.081134 0.203082 0.129445 0.092590 -0.152865 -0.268994 -0.113420 -0.074224 -0.110919 -0.312085 0.036423 0.125494 0.203666 0.096171 0.058757 -0.080191 0.226574 0.279504 -0.026316 0.186229 0.047898 -0.239522 0.256502 0.057633 0.153933 0.000443 0.130065 0.011012 0.090193 -0.144089 0.040970 -0.033460 0.142019 -0.011807 0.118043 0.163714 0.050344 -0.003190 -0.423271 -0.413116 -0.465170 -0.551743 -0.347935 -0.536585 -0.294086 -0.353680 -0.189779 -0.373365 -0.370455 -0.396886 0.255160 0.035431 -0.349974 -0.011250 -0.132778 -0.171366 0.350381 0.119379 0.310519 0.174612 0.249659 0.271661 0.131417 -0.021728 0.037848 0.140990 0.148262 0.184844 0.062025 0.286684 0.162968 0.250398 0.103804 0.170247 -0.015273 0.222223 0.054041 0.093767 0.036919 -0.116390 0.206691 0.265566 0.232448 0.088669
0.576509 0.418580 0.511137 1.000000 0.041590 -0.067427 0.617202 0.839763 -0.391154 -0.158801 0.325551 0.337401 0.033155 0.077635 -0.381545 -0.158890 -0.093418 0.156460 0.079499 0.434093 -0.029516 0.089056 0.701613 0.869487 0.037960 0.034487 0.030378 -0.134070 -0.506917 -0.183729 -0.079227 0.299050 -0.114063 0.115761 -0.235726 -0.344237 -0.501324 -0.553253 -0.452508 -0.284805 -0.421855 -0.213632 -0.088081 -0.085146 0.195550 0.198876 -0.208591 -0.278622 0.327541 0.134082 0.187182 0.158079 0.255006 0.060628 0.008506 -0.277511 0.186939 0.214938 0.006833 -0.026045 -0.019555 -0.144689 0.024055 0.064339 -0.289335 -0.370776 -0.109178 -0.130627 -0.223250 -0.137981 0.027579 0.290589 -0.570827 0.029165 -0.493774 -0.127281 -0.518202 -0.313265 -0.518107 -0.015719 -0.462983 -0.205147 0.285935 -0.220586 -0.489130 -0.195326 -0.066567 0.078839 0.206685 -0.047116 0.326084 0.125409 0.400949 0.124007 -0.194533 -0.288158 -0.351176 -0.213624 -0.146828 -0.075733 -0.299837 -0.033134 -0.249850 -0.031008 -0.275312 -0.016619 0.138040 0.174077 -0.360462 -0.266438 -0.274286 -0.214224 0.216713 -0.017651 0.040308 -0.195698
0.167693 0.316822 -0.100561 0.041590 1.000000 0.358517 -0.262076 0.159196 0.456338 0.063834 0.017951 0.297631 -0.193726 0.000793 0.234006 0.067975 0.066727 0.042357 -0.316014 -0.049106 0.535732 0.372299 -0.072868 -0.001644 0.583848 0.456339 0.659572 0.199013 -0.043710 0.035703 0.132622 0.189542 -0.360992 -0.354283 -0.140483 -0.185953 -0.485676 -0.378206 -0.226739 -0.037758 -0.484627 0.121395 0.056114 0.057061 -0.041079 0.166133 0.021948 -0.096622 0.139750 0.024555 0.315156 0.152257 0.197169 0.289953 0.110200 -0.200333 0.058339 0.156998 0.015245 0.117527 0.138440 0.261743 0.036114 0.215179 -0.244199 0.175487 -0.151281 -0.183164 -0.261321 -0.116111 0.380538 0.298401 -0.161294 0.178329 -0.265303 0.112910 -0.401658 -0.389565 -0.214635 -0.042991 -0.128878 -0.027087 0.092411 -0.065265 -0.090535 -0.070033 0.206698 0.038468 0.066376 0.179298 0.271283 0.105981 0.321608 -0.218982 -0.353062 -0.103931 -0.463374 -0.269890 -0.179347 -0.045006 -0.138662 -0.287263 -0.250359 -0.194610 -0.308499 -0.101632 0.192054 0.077010 -0.360740 -0.284538 -0.219464 -0.082177 0.029651 -0.076196 -0.158844 -0.047135
-0.216991 0.143853 -0.380869 -0.067427 0.358517 1.000000 -0.323724 0.066026 0.099573 0.743167 -0.082749 -0.005646 -0.189864 0.032026 0.486026 0.814954 -0.194341 0.223079 -0.108655 -0.066033 0.575490 0.595527 -0.315230 -0.034043 0.236427 0.600314 0.483013 0.667273 -0.019136 0.490209 0.246041 0.187570 -0.177258 -0.266054 -0.270887 -0.250693 0.098196 -0.001665 0.192407 0.110692 0.087224 0.482291 -0.333418 -0.324056 -0.471111 -0.297401 -0.285381 -0.063924 -0.324853 -0.421995 -0.188320 -0.316600 -0.198378 0.139404 -0.126814 -0.049786 0.016329 0.115935 -0.062330 0.185410 0.068291 0.294442 -0.110160 0.141208 -0.161354 -0.013665 -0.281525 -0.225782 0.049467 0.071990 0.156181 0.389281 0.212568 0.466860 0.230966 0.393907 0.059400 0.132117 -0.055096 0.083497 0.020240 0.115328 0.083598 0.311260 0.045608 -0.119618 -0.096071 -0.184503 -0.087256 0.204825 -0.360083 -0.299727 -0.277332 -0.384113 -0.189975 -0.073403 -0.079336 -0.364594 -0.330077 -0.431317 -0.206310 -0.433362 -0.402369 -0.464000 -0.215738 -0.402367 0.059294 -0.140777 -0.030337 -0.404214 -0.398342 -0.276413 -0.294584 -0.440172 -0.213774 -0.226543
0.438163 -0.098598 0.770131 0.617202 -0.262076 -0.323724 1.000000 0.431992 -0.261482 -0.282589 0.364281 -0.055836 0.357934 -0.109235 -0.371566 -0.325843 0.055251 -0.134674 0.239475 0.314976 -0.434165 -0.318241 0.716560 0.582107 -0.287130 -0.503476 -0.212761 -0.055968 -0.251215 -0.520285 -0.361095 -0.126782 0.227309 0.347572 0.129445 0.099295 -0.170247 -0.250206 -0.248390 -0.186956 -0.114429 -0.386589 0.025998 0.120943 0.333430 0.239805 0.041110 -0.036704 0.293261 0.348057 0.074241 0.272386 0.077462 -0.246104 0.108779 -0.069652 0.057076 -0.174666 0.029493 -0.149959 -0.182754 -0.408841 -0.026563 -0.298675 0.098622 -0.185871 0.165746 0.226203 -0.132495 -0.076932 -0.326144 -0.224497 -0.464757 -0.474820 -0.402625 -0.517517 -0.311268 -0.253292 -0.272532 -0.308917 -0.330470 -0.342811 0.307171 0.046210 -0.370730 -0.069997 -0.245212 -0.094784 0.144984 -0.099601 0.198863 0.155565 0.166081 0.306623 0.141051 -0.104707 -0.012160 0.076485 0.065679 0.149538 -0.013638 0.306414 0.197739 0.295789 0.100905 0.215201 -0.091675 0.134957 0.050083 0.165854 0.076850 -0.079719 0.124574 0.166200 0.248437 0.044859
0.636224 0.651155 0.372054 0.839763 0.159196 0.066026 0.431992 1.000000 -0.393028 -0.190822 0.417134 0.600280 -0.156716 0.270070 -0.155777 -0.035644 -0.278156 0.445940 0.052952 0.462012 0.128063 0.256240 0.547374 0.612627 -0.089416 0.054869 0.363916 -0.099268 -0.575802 0.033760 0.081192 0.442967 -0.236163 0.021211 -0.542544 -0.561717 -0.480109 -0.507772 -0.349068 -0.167639 -0.399606 0.125594 -0.244428 -0.247956 0.061375 0.141880 -0.275422 -0.275616 0.245778 0.027785 0.029565 -0.010016 0.218487 0.108357 -0.020015 -0.194192 0.331527 0.455031 -0.159223 -0.013814 0.116405 -0.034405 0.098574 0.286955 -0.375630 -0.447695 -0.382354 -0.369734 -0.223266 -0.090690 0.054942 0.450200 -0.505613 0.250217 -0.390687 0.119619 -0.511510 -0.166313 -0.562313 0.121565 -0.597453 -0.187500 0.231873 -0.121668 -0.597947 -0.437397 0.029073 0.020860 0.313725 -0.019517 0.330726 0.186551 0.297873 -0.066533 -0.252634 -0.310548 -0.330422 -0.262492 -0.120929 -0.163350 -0.448802 -0.224262 -0.400706 -0.254819 -0.371384 -0.237563 0.292197 0.173078 -0.461255 -0.393888 -0.418454 -0.212934 0.157122 -0.127783 -0.123076 -0.304326
-0.308066 -0.216169 -0.138104 -0.391154 0.456338 0.099573 -0.261482 -0.393028 1.000000 0.175112 -0.047419 -0.144756 0.226300 0.008182 0.413860 0.040953 0.152987 -0.275367 0.054688 -0.106257 0.023383 -0.258404 -0.153926 -0.283097 0.378265 -0.036862 0.123867 0.195759 0.421107 -0.121339 0.072429 -0.181791 0.163177 0.037252 0.115268 0.189956 0.086638 0.072509 0.052486 -0.140411 0.026800 -0.166549 -0.018344 0.021476 -0.125677 0.016936 0.100129 0.056180 -0.133093 0.060591 0.011686 0.041757 -0.188438 -0.086123 0.048388 -0.063599 -0.204702 -0.242704 0.266288 0.286751 0.014377 0.285949 0.004007 -0.095877 0.069885 0.415180 0.280551 0.247797 0.093955 0.274711 0.088572 -0.278953 0.213339 -0.223821 0.048408 -0.141511 -0.016598 -0.161150 0.187296 -0.297685 0.225108 -0.117088 -0.222513 0.184103 0.180191 0.007572 -0.168960 -0.255284 -0.123365 -0.099421 -0.060967 0.046203 -0.048958 -0.000852 -0.032246 -0.053540 0.019317 -0.083804 0.087623 0.008108 0.342232 0.071454 0.258954 0.141210 0.228938 0.226605 -0.184182 -0.141453 0.051848 0.062481 0.105865 -0.000836 -0.132475 0.123505 0.015193 0.150213
-0.437196 -0.138748 -0.432422 -0.158801 0.063834 0.743167 -0.282589 -0.190822 0.175112 1.000000 -0.165974 -0.285732 0.093899 0.051160 0.244530 0.823885 -0.064107 0.002853 -0.020473 -0.056735 0.256523 0.288412 -0.307142 0.022106 0.274604 0.519298 -0.030893 0.480998 0.046557 0.321258 0.227701 0.095937 0.057615 -0.048176 -0.052138 -0.017193 0.224834 0.049158 0.036877 -0.109290 0.216901 0.135379 -0.263330 -0.248724 -0.414211 -0.288514 -0.229169 0.038901 -0.428202 -0.397217 -0.232495 -0.308846 -0.257319 0.037925 -0.348704 -0.089788 -0.037337 -0.061902 0.117271 0.268743 0.073513 0.234950 -0.124799 0.022074 -0.055901 0.029099 -0.007930 0.037823 0.193004 0.303904 0.008647 0.178475 0.219122 0.231686 0.278917 0.206626 0.191688 0.178227 0.031789 -0.061063 0.285141 0.102249 0.054899 0.331764 0.197506 0.049524 -0.087091 -0.033828 -0.257177 -0.026724 -0.437473 -0.197548 -0.298764 -0.157437 -0.050933 -0.113080 -0.009039 -0.291889 -0.371162 -0.415127 -0.167867 -0.246448 -0.257852 -0.282517 -0.145743 -0.267795 -0.006969 -0.085253 0.088444 -0.168500 -0.157602 -0.281338 -0.402371 -0.448872 -0.224199 -0.268697
0.428521 0.338868 0.121459 0.325551 0.017951 -0.082749 0.364281 0.417134 -0.047419 -0.165974 1.000000 0.480413 0.444840 0.354400 0.048237 -0.080710 0.303127 0.063015 -0.111302 -0.023006 0.040240 0.060739 0.583524 0.354063 -0.099445 -0.096664 0.156071 0.034863 -0.074097 -0.214597 0.317406 0.350503 0.178594 0.218058 -0.352812 -0.290304 -0.377216 -0.427859 -0.163199 -0.142547 -0.320718 0.022850 -0.089040 0.083957 0.009583 0.329621 -0.051081 -0.061176 0.311454 0.270931 0.195008 0.283375 -0.087950 -0.158937 0.008674 -0.085963 0.295280 0.129341 -0.036481 -0.008029 0.139002 -0.104436 0.332331 0.140053 -0.310033 -0.109346 -0.005117 0.083668 -0.231912 -0.060196 -0.040661 0.228223 -0.358234 -0.006254 -0.534568 -0.091311 -0.549296 -0.156201 -0.338840 -0.154870 -0.367909 -0.549326 -0.051159 -0.011901 -0.474835 -0.618154 -0.091630 -0.050967 0.186702 -0.280053 0.072199 0.004701 -0.001937 -0.115339 -0.058441 -0.060037 -0.094177 -0.117298 0.027365 -0.059807 -0.157013 -0.166215 -0.168295 -0.162455 -0.121795 -0.036589 0.163171 0.157514 -0.123758 -0.149210 -0.117463 -0.170399 0.104045 -0.060201 -0.045031 -0.123886
0.326145 0.656538 -0.144739 0.337401 0.297631 -0.005646 -0.055836 0.600280 -0.144756 -0.285732 0.480413 1.000000 -0.108539 0.671575 0.134725 -0.025531 -0.220016 0.693859 -0.281527 0.039973 0.302713 0.319226 0.222570 0.143119 0.075669 0.183323 0.437717 -0.248124 -0.335333 0.297474 0.378896 0.611968 -0.263906 -0.106785 -0.680673 -0.650554 -0.519886 -0.297406 -0.241164 -0.010807 -0.378853 0.315160 -0.177504 -0.276089 0.139937 0.314970 -0.204741 -0.267302 0.325092 0.053952 0.110960 -0.076607 0.306150 0.214862 0.024203 -0.085205 0.132698 0.466139 -0.100456 0.014363 0.149353 0.058333 0.138147 0.441388 -0.460380 -0.287137 -0.362466 -0.445947 -0.382890 -0.163663 0.349365 0.556822 -0.232992 0.430578 -0.207127 0.316601 -0.456826 -0.122906 -0.493440 0.275021 -0.454563 -0.002119 -0.079530 -0.189957 -0.397718 -0.538614 0.221023 0.103577 0.230039 -0.133012 0.296986 0.140482 0.297440 -0.228750 -0.413369 -0.122006 -0.393073 -0.154960 0.001840 -0.025271 -0.256168 -0.301541 -0.324196 -0.254851 -0.352465 -0.169944 0.251258 0.149231 -0.522023 -0.336525 -0.383013 0.017426 0.117197 -0.119892 -0.283443 -0.266243
-0.219642 -0.426589 0.078234 0.033155 -0.193726 -0.189864 0.357934 -0.156716 0.226300 0.093899 0.444840 -0.108539 1.000000 0.305980 0.003200 -0.085288 0.312817 -0.267087 0.045629 -0.200181 -0.290163 -0.320661 0.379455 0.245620 0.160159 -0.216436 -0.384005 0.020027 0.355454 -0.330305 0.095285 -0.087479 0.509932 0.528191 0.202121 0.244834 0.011736 -0.019469 -0.026204 -0.206422 0.107366 -0.352620 -0.072649 0.063654 0.013079 0.078150 0.013450 0.032676 -0.082317 0.264298 -0.056159 0.212470 -0.297360 -0.351573 -0.039243 -0.184769 -0.121485 -0.412548 0.342133 0.161832 -0.024825 -0.070563 0.171857 -0.203434 0.204936 0.350499 0.555311 0.580397 0.062987 0.217190 -0.144766 -0.295103 0.016710 -0.417831 -0.125152 -0.421585 -0.172844 -0.140046 -0.091581 -0.375229 0.097572 -0.316660 -0.160058 -0.081070 0.044650 -0.143338 -0.318277 -0.170976 -0.177974 -0.374899 -0.246153 -0.051849 -0.066516 0.154090 0.176401 -0.020712 0.158197 -0.057078 0.020162 -0.078913 0.233308 0.157264 0.206588 0.212349 0.249480 0.294200 -0.186662 -0.176040 0.243208 0.157892 0.230146 -0.140293 -0.183179 -0.024208 0.066634 -0.027474
-0.214313 0.125270 -0.304297 0.077635 0.000793 0.032026 -0.109235 0.270070 0.008182 0.051160 0.354400 0.671575 0.305980 1.000000 0.185481 0.164004 -0.130203 0.599798 -0.236788 -0.175149 0.039901 0.100693 0.090107 -0.020118 0.113285 0.071375 0.103976 -0.241069 -0.041366 0.327455 0.425287 0.443462 -0.038390 0.098381 -0.394987 -0.284567 -0.164588 -0.047309 -0.096230 -0.152016 -0.028111 0.159164 -0.266101 -0.281497 0.001107 0.059548 -0.269847 -0.177253 -0.004699 -0.066429 -0.103825 -0.196324 0.089542 0.044569 -0.099199 -0.196085 -0.158039 0.059380 -0.003871 0.089208 0.014379 -0.053818 0.166261 0.239630 -0.093871 -0.101806 -0.088955 -0.104413 -0.268580 -0.029160 0.232451 0.283243 0.055358 0.213775 0.065640 0.123628 -0.143053 0.059910 -0.285384 0.222473 -0.100638 0.129543 -0.306476 -0.057637 -0.003258 -0.341447 0.040426 -0.051088 -0.030333 -0.293915 -0.057700 0.180350 0.141023 -0.059713 -0.225962 -0.199303 -0.158300 -0.259381 -0.095880 -0.171310 -0.077266 -0.158140 -0.196084 -0.125297 -0.151673 -0.034819 0.031009 -0.186715 -0.267932 -0.206567 -0.248913 -0.043062 -0.211312 -0.198303 -0.242334 -0.272801
-0.379752 0.039622 -0.350889 -0.381545 0.234006 0.486026 -0.371566 -0.155777 0.413860 0.244530 0.048237 0.134725 0.003200 0.185481 1.000000 0.485262 -0.210117 0.208379 0.026326 -0.186264 0.414112 0.269500 -0.156241 -0.374745 0.061712 0.164693 0.426820 0.473528 0.407095 0.540096 0.435318 0.200835 0.096389 -0.031020 -0.373562 -0.261755 0.342594 0.378101 0.520024 0.313620 0.336399 0.567273 -0.395654 -0.414584 -0.454129 -0.263316 -0.259038 -0.071147 -0.419481 -0.363335 -0.388149 -0.394665 -0.383847 -0.183750 0.026940 0.108508 -0.166986 0.002370 0.004802 0.195937 -0.046382 0.322903 -0.201258 0.069812 -0.141638 0.030707 -0.169870 -0.199871 0.049459 0.068621 0.164236 0.127851 0.595969 0.380154 0.456731 0.403542 0.234274 0.381774 0.161707 0.107154 -0.039455 0.029611 -0.242202 0.351777 0.040352 -0.348899 -0.265373 -0.398165 0.017111 -0.107051 -0.428153 -0.430249 -0.441362 -0.336295 -0.202869 0.076890 0.161385 -0.215570 -0.030746 -0.399631 0.031714 -0.276067 -0.152584 -0.264041 0.131961 -0.091063 -0.177396 -0.215454 0.031469 -0.278076 -0.287165 -0.259185 -0.356576 -0.164953 -0.077456 -0.098439
-0.354972 0.106477 -0.450363 -0.158890 0.067975 0.814954 -0.325843 -0.035644 0.040953 0.823885 -0.080710 -0.025531 -0.085288 0.164004 0.485262 1.000000 -0.312641 0.330025 0.047080 0.041448 0.483882 0.531230 -0.318875 -0.095254 0.104018 0.490002 0.256781 0.578940 -0.069955 0.551564 0.370995 0.248534 -0.077783 -0.159823 -0.413003 -0.347640 0.214003 0.176157 0.269142 0.197594 0.358003 0.500243 -0.492798 -0.521282 -0.370247 -0.277485 -0.459572 -0.139752 -0.405083 -0.480847 -0.416718 -0.528530 -0.125151 0.144994 -0.131710 0.140758 -0.028880 0.161190 -0.009368 0.229875 0.073806 0.266647 -0.150480 0.190533 -0.214377 -0.201073 -0.315041 -0.313368 0.118862 0.163285 0.049306 0.343438 0.260767 0.457024 0.381932 0.438268 0.146385 0.261919 -0.137852 0.107056 0.013493 0.122594 0.063016 0.496558 0.048518 -0.219547 -0.083580 -0.091049 0.009907 0.120929 -0.420061 -0.199770 -0.331095 -0.250169 -0.247952 0.047549 -0.077707 -0.319627 -0.332827 -0.378421 -0.226760 -0.356504 -0.336874 -0.397675 -0.186396 -0.315864 -0.004105 -0.044824 0.017665 -0.356841 -0.455741 -0.295426 -0.390477 -0.497666 -0.275567 -0.266982
0.146464 -0.270653 -0.065058 -0.093418 0.066727 -0.194341 0.055251 -0.278156 0.152987 -0.064107 0.303127 -0.220016 0.312817 -0.130203 -0.210117 -0.312641 1.000000 -0.465633 -0.375402 -0.357715 -0.230307 -0.268845 0.098088 0.062003 0.266361 0.005767 -0.273997 -0.113364 0.425840 -0.415861 -0.018177 -0.132658 0.126692 -0.083554 0.477734 0.407357 -0.088355 -0.314120 -0.151269 -0.379112 -0.367422 -0.481391 0.445034 0.690875 0.101622 0.260363 0.384339 0.220517 0.262079 0.396131 0.620076 0.662163 -0.101773 -0.072941 0.094487 -0.251819 0.152788 -0.328862 -0.100367 -0.304339 -0.125541 -0.330160 0.215156 -0.341414 0.043069 0.234397 0.241717 0.370671 -0.146247 -0.202579 0.027732 -0.186164 -0.125926 -0.333081 -0.527073 -0.399985 -0.154788 -0.203303 0.391688 -0.211547 0.430387 -0.255800 -0.087891 -0.098696 0.190696 0.244985 0.006376 0.116201 -0.149765 -0.174867 0.060941 -0.049581 -0.013313 0.009386 0.177165 -0.090357 0.073751 -0.003486 0.142306 0.081998 0.113923 0.033478 0.159884 0.065440 0.049519 0.068951 -0.055568 -0.000484 0.128062 0.213614 0.339128 0.051456 0.187857 0.243134 0.249374 0.282954
0.071383 0.435491 -0.277437 0.156460 0.042357 0.223079 -0.134674 0.445940 -0.275367 0.002853 0.063015 0.693859 -0.267087 0.599798 0.208379 0.330025 -0.465633 1.000000 -0.116667 0.184087 0.271028 0.397944 -0.061821 -0.044453 -0.059818 0.206925 0.332930 -0.164889 -0.373406 0.611894 0.405043 0.570125 -0.248269 -0.115555 -0.680077 -0.624929 -0.213446 -0.025197 -0.053855 0.070443 -0.003310 0.464462 -0.394784 -0.529037 0.122132 0.121563 -0.391045 -0.309056 0.000316 -0.169916 -0.238802 -0.400889 0.333502 0.318782 -0.011592 0.013702 0.031206 0.502632 -0.253860 -0.075598 -0.032727 -0.021702 -0.118909 0.332326 -0.306731 -0.476776 -0.577678 -0.641552 -0.191350 -0.036796 0.310253 0.558346 0.001646 0.575930 0.181252 0.478684 -0.091848 0.166700 -0.388489 0.546575 -0.343122 0.401572 0.037750 0.025102 -0.235865 -0.393125 0.193232 0.053351 0.151493 -0.034703 0.115512 0.172348 0.123491 -0.187499 -0.355742 -0.172863 -0.290690 -0.228619 0.026712 -0.081416 -0.250857 -0.230310 -0.222699 -0.264588 -0.285534 -0.248897 0.143776 0.065936 -0.445950 -0.423098 -0.473238 0.050710 -0.045783 -0.218637 -0.321260 -0.254451
0.075865 0.041834 0.417855 0.079499 -0.316014 -0.108655 0.239475 0.052952 0.054688 -0.020473 -0.111302 -0.281527 0.045629 -0.236788 0.026326 0.047080 -0.375402 -0.116667 1.000000 0.656225 -0.186070 -0.190482 0.175629 0.026321 -0.383776 -0.384185 -0.120985 0.135465 -0.179356 -0.151438 -0.165290 -0.262990 0.250377 0.327015 -0.104256 -0.064381 0.215874 0.155164 0.126416 0.096627 0.350583 -0.035296 -0.267206 -0.345972 -0.064737 -0.181563 -0.162286 -0.119511 -0.223785 -0.063681 -0.556081 -0.261452 -0.121178 -0.229918 -0.011930 0.250791 0.212030 0.191537 0.304394 0.304982 0.242897 0.316619 -0.038508 0.048873 0.125631 -0.039557 0.139443 0.030455 0.631211 0.479144 -0.340073 -0.283198 -0.049239 -0.170291 0.183658 -0.063589 0.140972 0.189615 -0.137911 -0.189116 -0.279420 -0.244480 0.092863 0.245901 -0.269000 -0.231682 -0.229638 -0.269475 0.225666 -0.018188 -0.120600 -0.045841 -0.193401 0.010485 0.162783 0.129297 0.230084 0.132638 0.154587 0.056086 0.177409 0.096054 0.106812 0.070986 0.197608 0.020626 -0.052151 0.077966 0.259882 0.039409 -0.035882 -0.046534 0.012463 0.014385 0.023753 -0.006554
0.423402 0.442742 0.424343 0.434093 -0.049106 -0.066033 0.314976 0.462012 -0.106257 -0.056735 -0.023006 0.039973 -0.200181 -0.175149 -0.186264 0.041448 -0.357715 0.184087 0.656225 1.000000 -0.065383 0.010732 0.304544 0.322421 -0.206930 -0.183122 0.094061 0.047637 -0.496046 -0.077328 -0.086337 0.052935 -0.083177 0.158413 -0.363756 -0.360639 -0.168411 -0.187395 -0.226851 -0.038077 -0.003226 -0.008191 -0.254087 -0.336197 0.149961 0.132892 -0.309112 -0.303628 0.056054 0.062818 -0.321146 -0.161201 0.227625 0.035748 -0.084981 0.043683 0.334970 0.501238 0.115880 0.208948 0.227793 0.194808 0.035149 0.252378 -0.223536 -0.296575 -0.192380 -0.273318 0.342710 0.466761 -0.175585 0.069097 -0.354720 0.028330 -0.064876 0.066870 -0.133134 -0.034359 -0.387600 -0.022972 -0.371477 -0.163337 0.306609 0.156337 -0.455703 -0.280406 -0.050024 -0.077065 0.222250 -0.019762 0.174675 0.126131 0.119864 -0.034771 -0.103867 -0.084235 -0.222379 -0.036527 0.010066 0.017212 -0.226846 -0.043624 -0.093735 -0.019734 -0.211069 -0.117791 0.093540 0.238969 -0.176151 -0.142671 -0.178549 -0.079795 0.053750 -0.174021 -0.255061 -0.276929
0.083479 0.500549 -0.370312 -0.029516 0.535732 0.575490 -0.434165 0.128063 0.023383 0.256523 0.040240 0.302713 -0.290163 0.039901 0.414112 0.483882 -0.230307 0.271028 -0.186070 -0.065383 1.000000 0.868288 -0.179418 -0.024597 0.396367 0.732838 0.573387 0.369414 -0.074465 0.491428 0.524875 0.463020 -0.423735 -0.412517 -0.477299 -0.517927 -0.353313 -0.083269 0.097459 0.431663 -0.064620 0.650277 -0.158350 -0.257049 -0.150028 0.041048 -0.272698 -0.147712 0.039767 -0.189296 0.005387 -0.122340 0.159822 0.383496 0.053192 0.096162 0.047517 0.362928 -0.052534 0.133935 0.197029 0.340471 -0.120748 0.375872 -0.479808 -0.187381 -0.432377 -0.492939 -0.196419 -0.212103 0.571346 0.697601 0.151698 0.689810 0.110861 0.639589 -0.163535 0.018917 -0.356452 0.304313 -0.371900 0.031385 -0.070689 -0.027711 -0.244808 -0.374764 0.253178 0.086477 0.091358 0.163908 0.010594 -0.154445 -0.000182 -0.361129 -0.542656 0.172172 -0.475847 -0.324677 -0.362588 -0.141930 -0.306920 -0.515801 -0.529232 -0.492751 -0.420811 -0.261285 0.086219 0.066422 -0.339618 -0.510028 -0.463936 -0.214786 -0.044021 -0.386306 -0.367157 -0.183214
0.141845 0.519029 -0.354344 0.089056 0.372299 0.595527 -0.318241 0.256240 -0.258404 0.288412 0.060739 0.319226 -0.320661 0.100693 0.269500 0.531230 -0.268845 0.397944 -0.190482 0.010732 0.868288 1.000000 -0.136311 0.084979 0.224086 0.733871 0.492073 0.379365 -0.253205 0.499309 0.478089 0.534009 -0.391896 -0.285914 -0.479501 -0.504146 -0.338830 -0.159846 0.066038 0.345081 -0.073911 0.691052 -0.215210 -0.251983 -0.143463 0.007385 -0.360621 -0.162545 0.017022 -0.229471 -0.026008 -0.167080 0.159998 0.364425 -0.044163 0.017051 0.126424 0.409511 -0.159771 0.025908 0.191359 0.211232 -0.052758 0.395340 -0.437743 -0.283279 -0.521458 -0.500164 -0.188492 -0.240736 0.434169 0.743589 0.031589 0.712728 0.072662 0.640677 -0.175565 0.069811 -0.374376 0.347828 -0.351529 0.118971 0.055560 0.014490 -0.217865 -0.317195 0.317879 0.186798 0.055387 0.191656 -0.069573 -0.140164 -0.023907 -0.353452 -0.482042 0.045702 -0.445853 -0.422571 -0.422463 -0.233974 -0.444390 -0.531167 -0.641148 -0.549885 -0.490048 -0.356761 0.216455 0.055888 -0.391190 -0.559592 -0.511120 -0.248271 -0.077806 -0.483558 -0.367110 -0.272262
0.497967 0.213137 0.633202 0.701613 -0.072868 -0.315230 0.716560 0.547374 -0.153926 -0.307142 0.583524 0.222570 0.379455 0.090107 -0.156241 -0.318875 0.098088 -0.061821 0.175629 0.304544 -0.179418 -0.136311 1.000000 0.711041 -0.094095 -0.241647 -0.070832 -0.108157 -0.152590 -0.326016 0.026403 0.200647 0.211348 0.376950 -0.165499 -0.174638 -0.371082 -0.416277 -0.277993 -0.270030 -0.313762 -0.251289 -0.045424 0.062566 0.172011 0.291424 -0.052755 -0.103025 0.262711 0.295405 0.120725 0.292785 0.007644 -0.184184 0.042489 -0.200289 0.172632 0.079523 0.029541 -0.079687 -0.018707 -0.203172 0.016895 0.006702 -0.225787 -0.205004 0.024149 0.085805 -0.123388 -0.040160 -0.064345 0.045934 -0.374027 -0.171804 -0.438820 -0.271858 -0.441106 -0.237584 -0.372547 -0.176104 -0.443905 -0.409287 0.079455 -0.126449 -0.507709 -0.323411 -0.214290 -0.163212 0.174855 -0.279090 0.196090 0.004151 0.157393 0.084344 -0.105500 -0.172426 -0.161458 -0.134161 0.052651 -0.064783 -0.161205 0.066435 -0.082475 0.050216 -0.076223 0.093867 0.044017 0.145303 -0.209676 -0.130274 -0.095836 -0.307785 0.087873 0.028859 0.056301 -0.165724
0.465235 0.255731 0.434569 0.869487 -0.001644 -0.034043 0.582107 0.612627 -0.283097 0.022106 0.354063 0.143119 0.245620 -0.020118 -0.374745 -0.095254 0.062003 -0.044453 0.026321 0.322421 -0.024597 0.084979 0.711041 1.000000 0.169108 0.162098 -0.165028 0.014323 -0.339165 -0.268169 -0.027158 0.287762 0.095516 0.267954 -0.118612 -0.192641 -0.439581 -0.556603 -0.447817 -0.343397 -0.408034 -0.312913 -0.044823 0.046347 0.105549 0.226851 -0.150590 -0.169881 0.242373 0.210996 0.223570 0.255046 0.088778 -0.037754 -0.094856 -0.344563 0.136915 0.075885 0.101393 0.034779 -0.016833 -0.119842 -0.001326 -0.018202 -0.322534 -0.205776 0.026454 0.089872 -0.203630 -0.027205 -0.000376 0.229101 -0.496791 -0.041261 -0.500053 -0.174756 -0.501341 -0.328938 -0.393567 -0.126893 -0.271734 -0.265393 0.274825 -0.175342 -0.380033 -0.137113 -0.098028 0.145390 0.019660 -0.159354 0.226138 0.005598 0.283414 0.086720 -0.100519 -0.328778 -0.291276 -0.276434 -0.156742 -0.201724 -0.296615 -0.090896 -0.234180 -0.072696 -0.247296 -0.035414 0.057989 0.117508 -0.303822 -0.192631 -0.140811 -0.308123 0.162396 -0.057833 0.014905 -0.199248
-0.125446 -0.031189 -0.359495 0.037960 0.583848 0.236427 -0.287130 -0.089416 0.378265 0.274604 -0.099445 0.075669 0.160159 0.113285 0.061712 0.104018 0.266361 -0.059818 -0.383776 -0.206930 0.396367 0.224086 -0.094095 0.169108 1.000000 0.611017 0.051445 0.003705 0.256908 0.077679 0.347339 0.286911 -0.215027 -0.239880 0.057377 -0.003274 -0.370698 -0.187021 -0.237851 -0.136993 -0.284118 -0.174933 0.113759 0.096110 0.057150 0.226205 0.013609 -0.043032 0.100152 0.130093 0.352386 0.254798 0.202050 0.262780 0.070624 -0.379747 -0.231255 -0.151715 0.165483 0.124534 -0.131028 0.121634 -0.109250 -0.153862 -0.192795 0.180061 0.165462 0.089688 -0.226685 -0.050695 0.580913 0.291601 0.065048 0.140020 -0.129586 0.023298 -0.250384 -0.338783 -0.138936 0.005696 0.142782 0.029596 -0.171208 -0.218713 0.140014 0.081580 0.088992 0.139897 -0.224964 -0.127340 0.081413 0.044456 0.282722 -0.036542 -0.364565 -0.130359 -0.464519 -0.309882 -0.232101 -0.157553 -0.022819 -0.251179 -0.116194 -0.064874 -0.200860 0.115905 -0.227942 -0.129342 -0.271948 -0.090886 -0.042431 -0.126944 -0.093116 -0.118957 -0.105018 0.016994
-0.025281 0.333220 -0.553046 0.034487 0.456339 0.600314 -0.503476 0.054869 -0.036862 0.519298 -0.096664 0.183323 -0.216436 0.071375 0.164693 0.490002 0.005767 0.206925 -0.384185 -0.183122 0.732838 0.733871 -0.241647 0.162098 0.611017 1.000000 0.184914 0.171125 -0.036891 0.449408 0.480786 0.510408 -0.294769 -0.276567 -0.261667 -0.312898 -0.353050 -0.264529 -0.149369 -0.040817 -0.300748 0.307180 0.002103 -0.052334 -0.183633 0.007556 -0.143221 0.000532 0.011487 -0.161110 0.198156 -0.015373 0.056842 0.386078 -0.220081 -0.240560 0.053485 0.234253 -0.014085 0.101304 0.135773 0.241264 -0.076567 0.240929 -0.465600 -0.124358 -0.264225 -0.280529 -0.175315 -0.134987 0.597101 0.691034 0.102603 0.650842 0.028746 0.518328 -0.140744 -0.010409 -0.184153 0.275275 -0.003670 0.194724 -0.064406 -0.205394 -0.050907 -0.097286 0.330225 0.280317 -0.199039 -0.021790 -0.022505 -0.185666 0.005097 -0.295243 -0.412223 -0.171560 -0.395441 -0.454369 -0.352270 -0.338847 -0.337639 -0.486909 -0.516830 -0.477950 -0.392787 -0.326067 0.122286 0.009512 -0.385891 -0.453537 -0.304136 -0.208656 -0.032752 -0.333722 -0.251011 -0.170177
0.218455 0.510808 -0.015018 0.030378 0.659572 0.483013 -0.212761 0.363916 0.123867 -0.030893 0.156071 0.437717 -0.384005 0.103976 0.426820 0.256781 -0.273997 0.332930 -0.120985 0.094061 0.573387 0.492073 -0.070832 -0.165028 0.051445 0.184914 1.000000 0.387207 -0.281221 0.232710 0.140864 0.174135 -0.422541 -0.452010 -0.493641 -0.489348 -0.249318 -0.184759 0.142472 0.333139 -0.157834 0.558463 -0.222687 -0.230265 -0.181716 0.023338 -0.204254 -0.201748 0.039492 -0.182760 -0.022242 -0.137290 0.173823 0.241906 0.260315 0.153804 0.186591 0.399291 -0.172749 0.096600 0.238132 0.279635 0.050840 0.410997 -0.215152 -0.025568 -0.447946 -0.428305 -0.108336 -0.083013 0.111228 0.327257 -0.139377 0.327223 -0.085417 0.273062 -0.289444 -0.154322 -0.279421 0.086226 -0.382670 -0.101157 0.184907 0.210475 -0.214740 -0.343648 0.170130 -0.095418 0.359076 0.350300 0.063072 0.021203 0.095489 -0.401346 -0.333266 0.128005 -0.297713 -0.124616 -0.157879 -0.072114 -0.219769 -0.410994 -0.395085 -0.378876 -0.366664 -0.281732 0.243854 0.078488 -0.223321 -0.389614 -0.435837 -0.124015 -0.060184 -0.301552 -0.280739 -0.188333
-0.162141 -0.011364 -0.048211 -0.134070 0.199013 0.667273 -0.055968 -0.099268 0.195759 0.480998 0.034863 -0.248124 0.020027 -0.241069 0.473528 0.578940 -0.113364 -0.164889 0.135465 0.047637 0.369414 0.379365 -0.108157 0.014323 0.003705 0.171125 0.387207 1.000000 0.112938 0.087829 0.009431 -0.111464 0.074498 -0.062505 -0.100460 -0.036527 0.294007 0.145963 0.374402 0.343690 0.325351 0.357638 -0.289321 -0.175070 -0.481180 -0.212615 -0.194536 0.016533 -0.373687 -0.306482 -0.253623 -0.219249 -0.315290 -0.153930 0.038872 0.177381 0.039700 -0.036775 -0.008142 0.152612 0.053784 0.194173 -0.078325 0.008068 -0.037371 0.132890 -0.123411 0.039846 0.141608 0.160790 -0.256864 -0.020548 0.172592 0.051551 0.161340 0.146836 0.062270 0.077823 0.072518 -0.303624 0.040636 -0.219214 0.231128 0.599392 0.096869 -0.081238 -0.291514 -0.227755 -0.002567 0.278496 -0.418100 -0.354399 -0.423917 -0.319684 0.082243 0.184961 0.137265 -0.140171 -0.254221 -0.240716 -0.167690 -0.338788 -0.255391 -0.331186 -0.090915 -0.251722 -0.031496 -0.118047 0.262749 -0.092182 -0.152185 -0.256539 -0.245787 -0.367677 -0.169523 -0.179209
-0.456448 -0.546605 -0.306456 -0.506917 -0.043710 -0.019136 -0.251215 -0.575802 0.421107 0.046557 -0.074097 -0.335333 0.355454 -0.041366 0.407095 -0.069955 0.425840 -0.373406 -0.179356 -0.496046 -0.074465 -0.253205 -0.152590 -0.339165 0.256908 -0.036891 -0.281221 0.112938 1.000000 0.114529 0.152289 -0.163312 0.264538 0.102165 0.413528 0.481053 0.446219 0.459437 0.321590 0.007566 0.262029 -0.122166 0.197808 0.264888 -0.219353 -0.175393 0.305716 0.322104 -0.295534 0.031204 0.027996 0.149278 -0.454136 -0.278606 -0.017597 -0.116398 -0.355133 -0.549968 -0.067718 -0.155867 -0.383846 -0.107462 -0.094936 -0.432999 0.206631 0.315535 0.274962 0.347350 -0.015027 -0.061778 0.137546 -0.287695 0.739478 -0.096405 0.353997 -0.018214 0.464814 0.280428 0.606386 -0.083760 0.494045 0.067620 -0.490229 -0.030997 0.442911 0.235443 -0.428676 -0.370399 -0.385746 -0.259648 -0.316501 -0.317059 -0.411215 -0.041474 0.195703 0.030897 0.373668 -0.013119 0.095069 -0.128128 0.240516 0.054043 0.244335 0.078569 0.382268 0.147571 -0.373766 -0.443868 0.301088 0.272536 0.354468 -0.028144 -0.239809 0.184734 0.195751 0.222573
-0.326316 0.211339 -0.603063 -0.183729 0.035703 0.490209 -0.520285 0.033760 -0.121339 0.321258 -0.214597 0.297474 -0.330305 0.327455 0.540096 0.551564 -0.415861 0.611894 -0.151438 -0.077328 0.491428 0.499309 -0.326016 -0.268169 0.077679 0.449408 0.232710 0.087829 0.114529 1.000000 0.590160 0.545817 -0.300529 -0.214896 -0.418755 -0.351345 0.181106 0.401624 0.201484 0.210457 0.251780 0.606035 -0.327812 -0.501995 -0.212065 -0.256279 -0.357446 -0.170659 -0.297236 -0.466255 -0.326760 -0.507540 -0.026684 0.198080 -0.269911 -0.019106 -0.233264 0.215206 -0.241820 -0.021822 -0.188108 0.137865 -0.258021 0.160632 -0.238211 -0.354724 -0.469332 -0.553989 -0.041979 -0.043644 0.499678 0.600167 0.604496 0.844173 0.625486 0.782836 0.453016 0.623363 0.002226 0.712080 -0.041781 0.580022 -0.241013 0.026425 0.022702 -0.149775 -0.098995 -0.221860 -0.192415 -0.128441 -0.280296 -0.291534 -0.225407 -0.305912 -0.370795 -0.054148 -0.119308 -0.268491 -0.178549 -0.316605 -0.181197 -0.251532 -0.272614 -0.312375 -0.117644 -0.263573 -0.001195 -0.215874 -0.264534 -0.380299 -0.384081 -0.134669 -0.412876 -0.322613 -0.282612 -0.282904
-0.063019 0.299895 -0.592450 -0.079227 0.132622 0.246041 -0.361095 0.081192 0.072429 0.227701 0.317406 0.378896 0.095285 0.425287 0.435318 0.370995 -0.018177 0.405043 -0.165290 -0.086337 0.524875 0.478089 0.026403 -0.027158 0.347339 0.480786 0.140864 0.009431 0.152289 0.590160 1.000000 0.823835 -0.096868 -0.093480 -0.487001 -0.425159 -0.207701 -0.001207 -0.022551 0.063129 -0.030087 0.379684 -0.216760 -0.250379 -0.079351 0.118614 -0.212897 -0.065248 -0.061326 -0.157950 -0.012282 -0.110212 0.019705 0.142267 -0.189646 -0.075217 -0.018310 0.235264 -0.124728 0.003027 -0.115459 0.116223 -0.131725 0.112518 -0.511228 -0.341983 -0.308017 -0.366654 -0.137622 -0.027233 0.610306 0.702403 0.278471 0.699071 0.124402 0.610946 -0.023257 0.309999 -0.263241 0.479945 -0.214564 0.121439 -0.232181 0.020555 -0.241993 -0.483277 0.005793 0.014292 -0.132750 -0.353185 -0.151479 -0.216657 -0.166557 -0.262127 -0.389337 -0.000444 -0.265316 -0.301436 -0.113420 -0.229463 -0.173858 -0.301267 -0.235729 -0.271574 -0.164563 -0.089780 0.006006 -0.116599 -0.321239 -0.349363 -0.288121 -0.191743 -0.218937 -0.336537 -0.319919 -0.225549
0.190390 0.492701 -0.410288 0.299050 0.189542 0.187570 -0.126782 0.442967 -0.181791 0.095937 0.350503 0.611968 -0.087479 0.443462 0.200835 0.248534 -0.132658 0.570125 -0.262990 0.052935 0.463020 0.534009 0.200647 0.287762 0.286911 0.510408 0.174135 -0.111464 -0.163312 0.545817 0.823835 1.000000 -0.229581 -0.066833 -0.557479 -0.525409 -0.406969 -0.194529 -0.250008 -0.070403 -0.263123 0.319799 -0.227577 -0.250138 0.059679 0.228319 -0.294409 -0.172967 0.117879 -0.094066 0.096179 -0.060274 0.171434 0.198864 -0.233900 -0.227598 -0.014999 0.298679 -0.190852 -0.062464 -0.178327 -0.020531 -0.096061 0.110403 -0.624235 -0.513091 -0.404399 -0.465800 -0.341913 -0.136207 0.614066 0.861598 0.006566 0.736189 -0.071586 0.577026 -0.209135 0.199047 -0.391454 0.554624 -0.316491 0.191309 -0.025925 -0.112542 -0.369584 -0.445539 0.072726 0.140591 -0.102105 -0.307410 0.075507 -0.083435 0.074545 -0.184546 -0.413692 -0.199238 -0.423296 -0.366329 -0.187799 -0.251530 -0.325310 -0.290112 -0.338708 -0.261344 -0.284713 -0.133048 0.084685 -0.031315 -0.533428 -0.409682 -0.381798 -0.177551 -0.108116 -0.260273 -0.251510 -0.275961
-0.222916 -0.473137 0.081134 -0.114063 -0.360992 -0.177258 0.227309 -0.236163 0.163177 0.057615 0.178594 -0.263906 0.509932 -0.038390 0.096389 -0.077783 0.126692 -0.248269 0.250377 -0.083177 -0.423735 -0.391896 0.211348 0.095516 -0.215027 -0.294769 -0.422541 0.074498 0.264538 -0.300529 -0.096868 -0.229581 1.000000 0.722459 0.147579 0.185614 0.283319 0.079256 0.033257 -0.243420 0.105309 -0.336552 -0.006941 0.033882 -0.135415 -0.027971 0.255655 0.261690 -0.273543 0.155597 -0.092301 0.089831 -0.389097 -0.379998 -0.133364 -0.026456 0.054260 -0.275244 0.163055 0.011582 -0.021567 -0.004893 -0.237148 -0.162148 0.210778 0.335576 0.423904 0.505505 0.166942 0.215938 -0.477252 -0.496814 0.114357 -0.433235 0.036226 -0.321831 0.048757 0.017349 0.245442 -0.476696 0.217207 -0.161812 0.058066 0.098361 0.133517 -0.008266 -0.155500 -0.048469 -0.188340 -0.263705 -0.217912 -0.279309 -0.416197 -0.147401 0.401495 -0.095291 0.463158 0.083615 0.267226 -0.169721 0.080131 0.048484 0.155486 0.001115 0.275389 -0.048431 -0.001655 -0.015774 0.346269 0.253638 0.351896 0.071840 0.110948 0.148259 0.172460 0.013439
-0.081288 -0.256240 0.203082 0.115761 -0.354283 -0.266054 0.347572 0.021211 0.037252 -0.048176 0.218058 -0.106785 0.528191 0.098381 -0.031020 -0.159823 -0.083554 -0.115555 0.327015 0.158413 -0.412517 -0.285914 0.376950 0.267954 -0.239880 -0.276567 -0.452010 -0.062505 0.102165 -0.214896 -0.093480 -0.066833 0.722459 1.000000 0.070745 0.189699 0.144145 0.064262 -0.063632 -0.277615 0.101869 -0.232423 -0.210658 -0.107227 -0.043996 -0.019611 -0.043197 0.079024 -0.208623 0.191343 -0.306087 -0.013769 -0.362309 -0.370286 -0.294819 -0.181163 -0.022465 -0.193853 0.183242 0.058435 0.056393 -0.106934 0.136033 -0.060907 0.224987 0.160329 0.353720 0.455762 0.146605 0.327015 -0.302727 -0.304806 0.048260 -0.290197 0.082552 -0.231725 0.020077 0.109137 0.001506 -0.243251 0.011339 -0.110542 -0.112497 -0.142934 -0.071337 -0.128560 -0.267670 -0.171531 -0.223037 -0.361154 -0.128530 -0.031768 -0.217121 0.096815 0.315557 -0.288390 0.306661 -0.096366 0.157094 -0.184377 0.017475 0.133001 0.118186 0.080824 0.259976 0.035544 -0.009060 -0.058992 0.112478 0.097416 0.221675 -0.010313 -0.034760 0.132093 0.139438 -0.087625
-0.259102 -0.751101 0.129445 -0.235726 -0.140483 -0.270887 0.129445 -0.542544 0.115268 -0.052138 -0.352812 -0.680673 0.202121 -0.394987 -0.373562 -0.413003 0.477734 -0.680077 -0.104256 -0.363756 -0.477299 -0.479501 -0.165499 -0.118612 0.057377 -0.261667 -0.493641 -0.100460 0.413528 -0.418755 -0.487001 -0.557479 0.147579 0.070745 1.000000 0.930523 0.286758 0.165325 -0.054640 -0.257299 0.027541 -0.575514 0.501371 0.602700 0.094623 -0.135334 0.480873 0.379206 -0.051920 0.124518 0.320400 0.388220 -0.127554 -0.156756 -0.029894 -0.146608 -0.301314 -0.703533 -0.043535 -0.298538 -0.368114 -0.361694 0.005764 -0.605101 0.644229 0.421720 0.477185 0.583003 0.001328 -0.165359 -0.157832 -0.543199 0.101421 -0.549978 -0.042987 -0.498378 0.354248 -0.003706 0.541630 -0.192408 0.545586 0.177460 -0.026057 -0.158944 0.536810 0.775788 -0.173224 -0.068040 -0.377557 0.073758 -0.016034 0.049309 0.015948 0.323333 0.479995 0.004359 0.307085 0.216093 0.077709 0.250639 0.351733 0.407062 0.397082 0.408337 0.349705 0.274115 -0.205848 -0.288393 0.426502 0.495827 0.586976 0.240656 0.019032 0.354347 0.440375 0.366969
-0.332379 -0.760153 0.092590 -0.344237 -0.185953 -0.250693 0.099295 -0.561717 0.189956 -0.017193 -0.290304 -0.650554 0.244834 -0.284567 -0.261755 -0.347640 0.407357 -0.624929 -0.064381 -0.360639 -0.517927 -0.504146 -0.174638 -0.192641 -0.003274 -0.312898 -0.489348 -0.036527 0.481053 -0.351345 -0.425159 -0.525409 0.185614 0.189699 0.930523 1.000000 0.403630 0.288711 0.035972 -0.244411 0.115745 -0.493752 0.393663 0.554884 0.017033 -0.169586 0.451409 0.467494 -0.144710 0.080862 0.174265 0.271430 -0.261474 -0.243219 -0.092222 -0.107116 -0.340834 -0.709960 -0.093311 -0.288849 -0.385697 -0.406329 0.089544 -0.617875 0.642749 0.377316 0.432746 0.620610 0.042071 -0.038350 -0.198933 -0.563727 0.207813 -0.529243 0.064519 -0.453210 0.434743 0.137093 0.573633 -0.183059 0.563376 0.160541 -0.173861 -0.043137 0.533725 0.692580 -0.294335 -0.163000 -0.409618 0.014857 -0.081212 0.096013 -0.130270 0.317483 0.568433 -0.029555 0.419245 0.221988 0.144205 0.197698 0.341432 0.375752 0.437014 0.360311 0.415121 0.228788 -0.217533 -0.357665 0.448498 0.560180 0.612272 0.215863 -0.096101 0.323537 0.407405 0.351623
