1.000000 0.431556 0.067408 -0.104656 0.040669 0.099924 0.074977 -0.005612 -0.059891 0.003640 0.308418 0.264903 0.344754 0.341851 0.318922 0.043529 0.190233 0.139123 -0.026242 0.161366 0.078671 0.007233 -0.000726 -0.088194 0.287047 -0.002443 0.257388 0.064067 0.090197 -0.122280 -0.110488 -0.136449 0.250285 0.223397 -0.284524 -0.241213 -0.021636 -0.235002 0.058682 0.124384 0.029337 0.053587 -0.185376 -0.156796 -0.308666 -0.485288 -0.139303 -0.145812 -0.186521 -0.354859 -0.224058 -0.400979 -0.199439 -0.272793 -0.222983 -0.284975 0.448370 0.249859 0.267524 -0.116038 0.221381 0.221998 0.170857 0.224290 -0.135410 0.026155 -0.168887 -0.513553 0.328792 -0.150089 -0.021861 -0.158464 -0.010002 -0.119899 0.176401 -0.021474 0.087568 -0.002503 -0.073266 0.107836 0.234258 0.117371 0.017667 -0.007367 -0.025115 -0.149203 0.131645 0.031583 -0.068555 -0.286159 -0.268293 -0.119768 -0.333549 -0.185330 0.070114 -0.070956 0.012460 0.063861 -0.172591 -0.279335 -0.130292 -0.171274 0.054115 -0.194290 -0.205654 -0.230228 0.047259 -0.075190 -0.105471 -0.162169 -0.174213 -0.143667 -0.333713 -0.211813 -0.253903 -0.432978
0.431556 1.000000 -0.471441 0.271176 -0.397952 0.092419 -0.505929 -0.222907 -0.290347 -0.179794 0.271427 0.598580 -0.240541 0.321192 0.003578 -0.039703 0.455881 0.472680 -0.177921 0.222316 -0.216909 0.045152 -0.137042 0.084186 -0.051327 0.113988 -0.211082 -0.211914 0.265144 0.260120 -0.300552 -0.158755 0.216474 0.351630 -0.532481 -0.353062 0.052204 0.083375 -0.006882 -0.021764 0.170208 0.254078 -0.199633 -0.222607 -0.375272 -0.432094 -0.021913 -0.193914 -0.028457 -0.075584 -0.249975 0.007115 -0.082595 -0.131883 -0.129093 -0.039957 0.514244 0.657670 -0.009699 0.106346 -0.171258 0.257384 0.019624 0.439576 -0.277825 0.199460 -0.317129 -0.547223 0.429363 -0.079787 -0.212655 -0.203608 0.152271 0.224064 0.277357 0.274689 -0.003873 -0.024354 0.293149 0.321671 0.448675 0.342067 0.083384 0.259928 0.060512 0.147657 0.309709 0.118023 -0.207041 0.012152 -0.073043 -0.258043 0.046050 -0.400254 0.072334 0.056438 0.140044 0.069516 -0.054620 -0.121258 -0.042908 -0.366891 -0.029495 -0.428388 -0.096514 -0.246459 -0.090848 0.046006 -0.034017 -0.095654 -0.269074 -0.164924 0.066104 0.199023 0.164876 -0.337611
0.067408 -0.471441 1.000000 -0.224749 0.577201 0.031921 0.654232 0.248971 0.578989 -0.094116 0.224762 -0.124622 0.422320 -0.186331 0.175883 -0.194572 -0.474716 -0.353063 0.489074 -0.093065 0.038767 -0.213069 0.344717 -0.247104 0.289574 -0.119003 0.308431 0.028879 -0.165578 -0.321974 0.154637 0.076417 -0.211814 -0.239530 0.380761 0.175034 -0.139315 -0.303470 0.027406 -0.045726 -0.252174 -0.225446 -0.172547 -0.082640 -0.120529 -0.003260 -0.427054 -0.069603 -0.269189 -0.217430 0.148062 -0.280088 -0.080779 -0.037166 -0.119719 -0.343155 -0.373772 -0.301456 0.084690 -0.225188 0.423289 0.059132 -0.089192 -0.376270 0.601550 -0.070365 0.064556 0.254725 -0.396469 -0.069113 -0.086833 -0.079257 -0.263420 -0.348737 -0.141127 -0.109314 0.132274 0.115101 -0.234861 -0.165062 -0.467658 -0.289113 -0.088685 -0.315655 0.153688 -0.484255 0.067980 -0.246457 0.486254 -0.208621 -0.028309 0.409655 -0.105936 0.493277 -0.126654 -0.092407 -0.238492 -0.005836 -0.328785 -0.192135 -0.188155 0.195462 -0.175854 0.186315 -0.141559 0.265211 0.036691 0.114177 -0.122259 -0.109465 0.109964 0.039245 -0.186700 -0.353427 -0.216517 0.091077
-0.104656 0.271176 -0.224749 1.000000 -0.306904 0.492321 -0.380561 0.219772 -0.272424 0.177240 -0.085185 0.390309 -0.320204 0.201379 0.125691 0.326633 0.145381 0.068944 -0.181969 0.000145 -0.112392 0.276181 -0.142738 0.388497 -0.062668 0.465483 -0.056046 0.109271 -0.244212 -0.046423 -0.369793 -0.329618 -0.018305 -0.033350 -0.168471 0.191977 -0.135633 -0.019308 -0.283192 -0.236936 0.009283 0.067687 -0.296126 -0.338601 -0.294019 -0.126381 -0.207030 -0.410628 0.070684 -0.066474 -0.003490 0.147747 -0.056831 -0.152101 0.101229 0.013603 -0.011483 0.026806 -0.096033 0.195155 -0.366103 0.002417 -0.271337 -0.107224 -0.116656 0.370771 -0.054206 -0.136566 0.209860 0.005134 -0.272999 -0.280633 -0.162006 -0.018555 -0.038401 0.109595 -0.190825 -0.265349 0.084137 0.070879 -0.134649 -0.166325 -0.230609 -0.016986 -0.185744 0.306440 0.188907 0.237679 0.089417 0.607685 0.129003 -0.246763 0.534631 -0.084448 -0.148720 -0.178382 -0.044212 -0.018550 0.022375 -0.254403 0.268886 -0.211455 0.174300 -0.319127 -0.027024 -0.119908 0.027304 0.123572 -0.063700 -0.144402 -0.328242 -0.233213 0.134672 0.156473 0.063594 0.018228
0.040669 -0.397952 0.577201 -0.306904 1.000000 0.132184 0.505961 0.250562 0.641181 0.303538 0.033877 -0.235228 0.502403 -0.027609 0.248237 0.045803 -0.272568 -0.176587 0.114953 -0.210910 0.112352 -0.126156 0.061203 -0.105639 0.194196 -0.073470 0.381281 0.163133 0.038666 -0.097326 0.110591 0.002396 -0.412762 -0.269381 0.058769 0.260665 -0.193247 -0.400358 0.007311 0.140147 -0.276589 -0.389376 0.133367 0.275978 0.114876 0.225227 0.016038 0.261782 0.013062 0.083276 0.149273 -0.084010 0.060431 -0.025290 -0.190226 -0.242288 -0.420100 -0.382983 -0.008448 -0.159419 0.301981 0.020590 -0.049636 -0.234623 0.315764 -0.059989 -0.074919 0.236806 -0.463462 -0.181879 -0.027671 -0.071842 -0.100487 -0.342448 -0.222048 -0.186329 -0.021768 -0.103344 -0.205742 -0.137294 -0.234802 -0.172053 -0.065359 -0.222604 -0.172805 -0.495039 -0.193874 -0.398138 0.076660 -0.255732 0.118752 0.303949 -0.091270 0.268691 -0.184158 -0.168393 -0.263435 -0.139683 -0.085805 -0.185765 -0.194957 -0.027152 -0.285561 -0.045037 -0.279720 0.029604 -0.110063 0.013699 -0.132231 -0.199104 0.261983 0.119478 -0.216119 -0.428583 -0.311558 0.142234
0.099924 0.092419 0.031921 0.492321 0.132184 1.000000 0.109922 0.479969 0.000685 0.440206 -0.191559 -0.020187 0.156524 0.206988 0.162227 0.439425 0.030920 -0.038168 -0.178893 0.094204 0.016440 0.130148 -0.078186 0.297197 0.009795 0.432233 0.406687 0.251138 -0.092156 -0.028317 -0.172868 -0.152687 -0.092795 -0.053481 -0.229002 0.139498 -0.362344 -0.291745 -0.371891 -0.005484 -0.214532 -0.230411 -0.319500 -0.259990 -0.129897 -0.109356 -0.258435 -0.304152 -0.079049 -0.071877 -0.246503 -0.163250 -0.298323 -0.373108 -0.435408 -0.317259 0.079234 0.022311 -0.022719 0.153393 0.011206 0.282693 -0.202915 -0.075940 -0.096130 0.254684 -0.179528 -0.212699 -0.015078 -0.098889 -0.155213 -0.203577 -0.115305 -0.148745 -0.189776 -0.159661 -0.173898 -0.236911 -0.076766 0.040793 -0.072366 -0.060714 -0.066201 -0.042515 -0.429545 -0.271350 -0.055380 -0.109472 -0.067931 0.078650 -0.127033 -0.101135 0.078100 -0.038535 -0.220016 -0.284124 -0.166833 -0.171511 -0.154204 -0.295707 0.045609 -0.038373 0.133586 -0.272897 -0.135162 -0.172621 0.168295 -0.040378 -0.140998 -0.208677 -0.192577 -0.222658 -0.165110 -0.089369 0.004791 0.108036
0.074977 -0.505929 0.654232 -0.380561 0.505961 0.109922 1.000000 0.483919 0.434388 0.136235 -0.112154 -0.457174 0.458507 -0.139907 0.016151 0.057915 -0.329257 -0.405965 0.448902 0.259291 0.080146 -0.200257 0.057926 -0.231949 0.068803 -0.270643 0.284341 0.138185 -0.067671 -0.167050 0.303753 0.067822 -0.142755 -0.239531 0.264480 0.171141 -0.166850 -0.425458 -0.018714 0.060191 -0.237163 -0.230642 -0.012433 0.076506 0.219598 0.032427 -0.113198 0.095431 -0.200046 -0.086699 -0.109673 -0.400914 -0.171594 -0.115388 -0.386366 -0.350728 -0.263588 -0.373419 -0.100329 -0.311121 0.251159 -0.045220 0.036117 -0.347381 0.231346 -0.355453 0.004529 0.183479 -0.375210 -0.119587 0.239055 0.021226 -0.077543 -0.290473 -0.127014 -0.183354 0.043805 0.087316 -0.392696 -0.213081 -0.225464 -0.111175 -0.013138 -0.138257 -0.143821 -0.591310 -0.314066 -0.375611 0.127807 -0.338318 -0.000211 0.360813 -0.257064 0.418155 -0.097513 -0.117575 -0.331721 -0.219749 -0.035857 -0.093543 -0.104607 0.328055 0.132261 0.280159 -0.146685 0.130841 0.173359 -0.124469 -0.092477 -0.105650 0.088878 0.069847 -0.320195 -0.471843 -0.239846 0.082733
-0.005612 -0.222907 0.248971 0.219772 0.250562 0.479969 0.483919 1.000000 0.246938 0.491453 -0.222499 -0.170995 0.232227 0.222454 0.064801 0.228187 -0.147988 -0.278391 0.012626 0.271788 -0.118034 -0.069160 -0.103907 0.182426 -0.116810 -0.075563 0.194502 0.075249 -0.171789 -0.122755 -0.013116 -0.178295 -0.146612 -0.134540 -0.008912 0.163369 -0.352878 -0.523733 -0.245344 0.074391 -0.253562 -0.307679 -0.235062 -0.122466 0.086673 0.094697 -0.174337 -0.153180 -0.093997 0.051448 -0.201547 -0.124692 -0.223804 -0.333481 -0.343810 -0.255160 -0.255663 -0.286036 -0.257604 0.023705 -0.047304 0.037476 -0.100716 -0.382668 0.028039 0.058601 -0.058427 0.198326 -0.231550 -0.060582 -0.146318 -0.044432 -0.247116 -0.406832 -0.409962 -0.216265 -0.345648 -0.286900 -0.354011 -0.329627 -0.347350 -0.318576 -0.210634 -0.204232 -0.316544 -0.528507 -0.211762 -0.266478 0.078502 -0.001399 0.220372 0.161151 0.215208 0.325846 -0.297458 -0.271374 -0.400585 -0.200223 0.068379 -0.203442 0.300217 0.155061 0.311254 0.004732 -0.075171 0.102389 0.122507 -0.103853 -0.067074 -0.268095 -0.147991 -0.136714 -0.125733 -0.377096 -0.148694 0.219455
-0.059891 -0.290347 0.578989 -0.272424 0.641181 0.000685 0.434388 0.246938 1.000000 0.115351 0.091791 -0.070027 0.388748 0.071971 0.168249 0.018409 -0.396303 -0.198595 0.170540 -0.240629 0.094227 -0.108729 0.106129 -0.182520 0.196351 -0.145507 0.089146 0.092139 -0.108352 -0.096306 0.049982 0.017962 -0.254128 -0.206774 0.015610 0.021980 -0.191284 -0.327996 0.046206 0.000392 -0.161549 -0.291255 0.024545 0.170322 0.100118 0.170012 -0.035887 0.072776 -0.061180 0.088532 0.171529 -0.021960 0.088843 0.057229 -0.031321 -0.086919 -0.477604 -0.295406 -0.043478 -0.167192 0.289052 0.081313 -0.081851 -0.383541 0.439173 0.010313 -0.101547 0.165006 -0.385552 -0.081135 -0.040628 -0.008625 -0.183335 -0.310070 -0.276307 -0.140524 -0.248962 -0.124115 -0.288665 -0.168962 -0.317123 -0.185788 -0.183108 -0.271404 0.035723 -0.343267 0.083485 -0.302516 0.168826 -0.091683 0.299181 0.270353 0.179431 0.470150 -0.136688 -0.175276 -0.299684 -0.221181 -0.034124 -0.161471 0.045175 0.020480 -0.281172 -0.006605 -0.163026 0.153173 -0.199752 -0.055003 -0.195121 -0.143828 -0.027757 0.002544 0.002723 -0.343920 -0.172190 0.143420
0.003640 -0.179794 -0.094116 0.177240 0.303538 0.440206 0.136235 0.491453 0.115351 1.000000 -0.188871 -0.191508 0.324627 0.403436 0.426958 0.688680 0.075596 -0.147337 -0.300729 -0.009810 0.193637 0.192479 0.029818 0.317089 0.026469 0.055812 0.321125 0.351950 -0.042625 -0.021871 0.017877 -0.124083 -0.208581 -0.067334 -0.014629 0.212358 -0.323944 -0.359487 -0.314795 -0.050670 -0.140051 -0.285162 0.022975 0.065658 0.074824 0.147619 0.084141 -0.050427 0.022577 0.053315 -0.144031 0.072171 -0.203273 -0.167447 -0.258352 -0.113603 -0.194978 -0.354087 -0.339449 -0.011154 -0.249892 -0.107993 -0.148926 -0.125486 -0.169359 -0.013662 -0.219445 -0.016256 -0.085609 -0.009714 0.006935 0.019784 -0.101772 -0.220747 -0.212912 -0.184609 -0.170461 -0.282623 -0.140534 -0.158453 -0.143082 -0.243446 -0.000704 -0.144391 -0.473012 -0.280388 -0.286115 0.061267 -0.172485 -0.001927 0.020104 -0.127962 -0.003621 -0.062592 -0.265475 -0.206018 -0.251831 -0.220552 0.058573 -0.273683 0.123228 -0.261378 0.025753 -0.245019 -0.132801 -0.082003 0.094287 -0.015788 -0.108058 -0.195069 -0.116065 -0.177273 -0.197262 -0.251511 -0.045765 0.144909
0.308418 0.271427 0.224762 -0.085185 0.033877 -0.191559 -0.112154 -0.222499 0.091791 -0.188871 1.000000 0.544480 0.178166 0.171007 0.400227 -0.217849 0.315142 0.105467 0.386386 -0.062929 0.118184 0.026585 0.588774 0.043441 0.387959 -0.028395 0.142634 -0.044151 0.313424 -0.097789 0.198169 0.201370 0.115141 0.221197 0.106753 -0.234506 -0.070207 -0.144124 0.116570 -0.130653 -0.131576 -0.046001 -0.074027 -0.097724 -0.365406 -0.253302 -0.138569 -0.184829 -0.283253 -0.212769 -0.110695 -0.129659 -0.263275 -0.117121 0.110646 -0.153269 -0.028877 0.042145 -0.166205 -0.305147 0.133614 0.101924 0.023913 0.048814 0.490356 0.019765 -0.322954 -0.272284 -0.131544 -0.193334 -0.062434 0.161668 -0.005332 -0.020674 0.127559 0.206109 0.167603 0.095067 0.151744 0.000033 0.005793 -0.136119 0.190341 -0.088787 0.463569 -0.007521 0.408876 0.082211 0.177773 -0.260902 -0.257743 -0.162626 -0.055300 -0.102099 0.059536 -0.145138 0.014203 -0.041591 -0.255772 -0.284311 -0.127153 -0.306192 -0.205982 -0.242374 0.002360 -0.057141 -0.256539 0.140657 -0.242676 0.149456 -0.134142 -0.135700 -0.008701 -0.002207 -0.040253 -0.360452
0.264903 0.598580 -0.124622 0.390309 -0.235228 -0.020187 -0.457174 -0.170995 -0.070027 -0.191508 0.544480 1.000000 -0.042173 0.495648 0.328475 0.062045 0.174756 0.126846 -0.070811 -0.118470 -0.027229 0.153826 0.111431 0.248945 0.150539 0.135622 -0.122801 -0.097160 0.066651 0.030073 -0.151286 0.011288 -0.019155 0.226206 -0.252700 -0.201628 -0.010813 0.103950 0.068198 -0.117461 0.089569 0.134135 -0.165359 -0.176434 -0.463246 -0.298925 -0.168445 -0.234146 -0.092287 -0.164479 -0.115483 -0.006168 -0.187825 -0.212156 0.103587 -0.052855 0.102533 0.186647 -0.069174 -0.086277 -0.196328 0.054725 -0.270656 -0.020239 -0.001347 0.260788 -0.231271 -0.222141 0.150535 -0.067967 -0.192644 0.026491 -0.092726 0.045541 0.113740 0.246040 -0.089796 0.006700 0.120246 0.002737 0.010313 -0.145381 0.043118 0.142541 0.096697 0.404139 0.389820 0.079400 -0.066132 0.029671 -0.014235 -0.207499 0.234620 -0.244031 -0.037702 -0.061642 0.030267 0.011257 -0.197519 -0.284298 0.005365 -0.410621 -0.096747 -0.341020 0.015869 -0.119665 -0.148030 0.215373 -0.255009 -0.014415 -0.223858 -0.235695 0.052951 0.046109 0.088028 -0.254355
0.344754 -0.240541 0.422320 -0.320204 0.502403 0.156524 0.458507 0.232227 0.388748 0.324627 0.178166 -0.042173 1.000000 0.317446 0.530120 0.267039 -0.021453 -0.123547 -0.012232 -0.073811 0.164269 -0.104579 0.080860 -0.073144 0.231676 -0.270695 0.299169 0.116414 0.181834 -0.052612 0.207550 0.178763 -0.026905 0.146950 0.093772 0.135222 -0.230909 -0.373123 -0.052994 0.036083 -0.165472 -0.243300 -0.118613 -0.016709 -0.098592 -0.131286 -0.180547 -0.038509 -0.368318 -0.380366 -0.245743 -0.469200 -0.263198 -0.239564 -0.344462 -0.442579 -0.215196 -0.348651 0.026068 -0.239577 0.480002 0.141178 0.127949 -0.094705 0.180215 -0.130253 -0.148794 -0.054581 -0.249725 -0.240461 0.158777 0.131667 0.068714 -0.078789 0.062826 -0.082881 0.193787 0.155041 -0.209102 -0.120541 -0.052160 -0.043377 -0.077104 -0.132677 -0.386308 -0.384822 -0.336453 -0.300467 -0.231281 -0.526559 -0.101738 -0.003889 -0.329781 0.014121 -0.145577 -0.155746 -0.333200 -0.157816 -0.252998 -0.297082 -0.242890 -0.041865 -0.110501 -0.034356 -0.202158 -0.170952 0.047072 0.103846 -0.170184 -0.071661 0.079647 -0.038051 -0.247047 -0.359018 -0.147508 -0.085465
0.341851 0.321192 -0.186331 0.201379 -0.027609 0.206988 -0.139907 0.222454 0.071971 0.403436 0.171007 0.495648 0.317446 1.000000 0.600170 0.568967 0.034392 -0.201784 -0.330338 -0.123180 0.176348 0.233041 -0.089656 0.138534 0.170258 0.091449 0.120541 0.311210 -0.104196 -0.167988 -0.177426 -0.161036 -0.115280 0.147573 -0.355495 0.035366 -0.208851 -0.217470 -0.158337 -0.060062 0.019131 -0.136108 -0.076164 -0.057098 -0.191253 -0.092828 -0.002548 -0.105792 -0.054178 -0.107683 -0.179164 -0.076675 -0.241498 -0.207825 -0.214010 -0.151008 0.042192 -0.106352 -0.054020 0.052758 -0.145859 0.211306 -0.291772 -0.216918 -0.229159 0.255475 -0.176184 -0.132742 0.256945 0.088574 -0.007986 0.032033 -0.218485 -0.199046 -0.094579 -0.008199 -0.142134 -0.187512 0.008719 -0.168119 -0.002794 -0.254871 -0.040309 -0.105596 -0.326612 0.058334 -0.001009 -0.062145 -0.218900 0.051798 0.153294 -0.085229 0.127938 -0.170178 -0.224634 -0.147358 -0.224337 -0.037516 -0.088951 -0.372061 0.128127 -0.418552 0.039359 -0.229136 -0.018657 -0.092764 -0.012459 0.145489 -0.266051 -0.244153 -0.164723 -0.206378 -0.164991 -0.220217 -0.057756 -0.058735
0.318922 0.003578 0.175883 0.125691 0.248237 0.162227 0.016151 0.064801 0.168249 0.426958 0.400227 0.328475 0.530120 0.600170 1.000000 0.556514 0.034341 -0.314337 -0.154592 -0.260399 0.319705 0.260688 0.238806 0.171609 0.413178 0.029103 0.253416 0.203459 -0.053124 -0.277479 0.116929 0.024887 -0.081456 0.198786 0.079820 0.130972 -0.193183 -0.314983 -0.064317 -0.013206 -0.010488 -0.155526 -0.197598 -0.191170 -0.332502 -0.163323 -0.179691 -0.239329 -0.169880 -0.343456 -0.038943 -0.132069 -0.105710 -0.053592 0.012435 -0.237614 -0.037926 -0.264927 -0.006252 -0.081025 0.097935 0.158836 -0.236583 -0.141220 0.154794 0.166186 -0.109738 -0.105754 0.062647 0.016671 -0.023567 0.038720 -0.179292 -0.220110 -0.051944 0.014360 0.049546 -0.116660 -0.116936 -0.230974 -0.179451 -0.378014 0.106400 -0.216080 -0.259145 -0.108949 0.005962 0.019763 -0.036583 -0.037550 -0.150432 -0.177398 -0.063677 -0.086269 -0.189367 -0.261267 -0.163732 -0.083777 -0.211542 -0.425916 -0.044372 -0.391457 -0.130522 -0.266481 -0.235440 -0.185461 -0.135225 0.150042 -0.302950 -0.167280 -0.169848 -0.249644 -0.180826 -0.186364 -0.264886 -0.157370
0.043529 -0.039703 -0.194572 0.326633 0.045803 0.439425 0.057915 0.228187 0.018409 0.688680 -0.217849 0.062045 0.267039 0.568967 0.556514 1.000000 -0.054620 -0.338359 -0.372799 -0.133400 0.368990 0.420997 -0.024150 0.338046 0.160955 0.180527 0.250356 0.527729 -0.303776 -0.185229 -0.023515 -0.143167 -0.188565 -0.027477 -0.134076 0.156431 -0.163833 -0.191735 -0.250184 -0.091369 0.094727 -0.135584 -0.133768 -0.122535 -0.112886 -0.101734 0.020969 -0.249742 0.003861 -0.166997 -0.083003 0.002053 -0.141870 -0.081211 -0.149892 -0.135241 -0.000987 -0.228586 -0.176240 0.047654 -0.334879 -0.051392 -0.379064 -0.233636 -0.282200 0.065046 -0.065951 -0.115003 0.168710 0.177014 0.142226 0.013089 -0.205965 -0.164356 -0.136163 -0.163432 -0.158569 -0.188297 -0.177174 -0.188713 -0.071170 -0.188650 0.070765 -0.007955 -0.521772 0.109306 -0.175455 0.062340 -0.238546 0.205945 0.000138 -0.231867 0.078315 -0.106678 -0.133866 -0.210086 -0.221501 -0.153271 0.042364 -0.343051 0.073848 -0.298301 0.017248 -0.219114 -0.144098 -0.197295 0.108019 0.026520 -0.167008 -0.162959 -0.237283 -0.275366 -0.239546 -0.205723 -0.065994 0.017218
0.190233 0.455881 -0.474716 0.145381 -0.272568 0.030920 -0.329257 -0.147988 -0.396303 0.075596 0.315142 0.174756 -0.021453 0.034392 0.034341 -0.054620 1.000000 0.599323 0.023931 0.211405 -0.117015 0.000177 0.027135 0.037122 -0.090336 0.002025 -0.147748 -0.228616 0.633554 0.463104 0.085158 0.093628 0.412942 0.347856 -0.223075 -0.254858 0.055932 0.072219 0.033782 -0.001016 -0.044957 0.162860 -0.040825 -0.048800 -0.227838 -0.343125 0.127272 -0.097474 -0.099974 -0.088107 -0.382997 -0.047312 -0.178767 -0.071558 -0.081747 0.015248 0.252825 0.209148 -0.284156 -0.032089 -0.047341 0.087338 0.412813 0.565772 -0.122255 -0.042889 -0.361204 -0.562224 0.023534 -0.380750 -0.025613 0.037953 0.504378 0.453351 0.419852 0.319772 0.199288 0.111242 0.450820 0.377760 0.574658 0.405316 0.138433 0.213178 -0.041278 0.049723 -0.082384 0.113704 -0.407063 -0.201401 -0.268063 -0.436519 -0.190762 -0.559919 0.187597 -0.053361 0.118512 -0.122000 -0.001809 -0.047794 -0.145433 -0.311158 0.033309 -0.425052 -0.054803 -0.411352 -0.182717 -0.172180 -0.026125 0.217757 -0.260092 -0.141809 0.060937 0.202392 0.087958 -0.450302
0.139123 0.472680 -0.353063 0.068944 -0.176587 -0.038168 -0.405965 -0.278391 -0.198595 -0.147337 0.105467 0.126846 -0.123547 -0.201784 -0.314337 -0.338359 0.599323 1.000000 -0.033670 0.181530 -0.235579 -0.013217 -0.139193 -0.056246 -0.154116 0.024456 -0.251856 -0.217509 0.615713 0.688173 -0.114951 0.071788 0.197228 0.192619 -0.360917 -0.198794 0.213485 0.243856 0.064482 -0.031693 0.143485 0.276684 0.017172 0.114977 -0.102424 -0.188876 0.219032 0.070170 0.013833 0.082825 -0.237885 0.155380 0.019029 0.025143 -0.022300 0.219006 0.122256 0.328310 -0.156050 -0.065651 -0.031490 -0.058463 0.385836 0.595653 -0.187763 -0.019734 -0.426844 -0.504816 -0.056805 -0.325497 -0.076854 -0.118832 0.565156 0.569452 0.482257 0.387382 0.209945 0.114367 0.396719 0.491121 0.464567 0.568192 -0.179085 0.242187 0.008951 0.061676 0.024619 0.195157 -0.310901 -0.106607 -0.003637 -0.317718 -0.013214 -0.400485 0.084566 0.079696 0.204278 0.065019 0.025178 0.086794 -0.167941 -0.097266 -0.228918 -0.288450 -0.020509 -0.197733 -0.207187 -0.123964 0.057103 0.074734 -0.033692 -0.008551 0.227520 0.287040 0.226251 -0.250337
-0.026242 -0.177921 0.489074 -0.181969 0.114953 -0.178893 0.448902 0.012626 0.170540 -0.300729 0.386386 -0.070811 -0.012232 -0.330338 -0.154592 -0.372799 0.023931 -0.033670 1.000000 0.417077 -0.069089 -0.145630 0.371694 -0.348659 0.120091 -0.195956 0.001276 -0.162320 0.170317 0.037871 0.305331 0.165711 0.085315 -0.164982 0.182629 -0.194218 -0.106145 -0.164720 0.039866 -0.133920 -0.208704 -0.065675 0.102558 0.068941 -0.054004 -0.147539 -0.004545 0.047942 -0.248626 -0.060895 -0.124530 -0.245759 -0.180102 0.055150 -0.010691 -0.045805 -0.189063 -0.062823 -0.299063 -0.455554 0.054535 -0.247327 0.098236 -0.266473 0.424305 -0.398943 -0.114249 -0.023100 -0.208409 -0.094668 0.189565 0.141733 0.019320 -0.008739 0.107403 0.091678 0.160876 0.132645 -0.009813 0.002005 -0.121244 0.008906 0.097010 -0.091078 0.441594 -0.217856 0.142838 -0.089597 0.282327 -0.201702 -0.087796 0.226705 -0.147203 0.269713 0.024161 -0.079692 -0.016896 -0.067593 -0.062210 0.032476 -0.207391 0.265564 -0.043768 0.265219 0.108044 0.292211 -0.076849 -0.037653 -0.128938 0.147265 0.065250 0.230104 0.097798 -0.037939 0.001011 0.055021
0.161366 0.222316 -0.093065 0.000145 -0.210910 0.094204 0.259291 0.271788 -0.240629 -0.009810 -0.062929 -0.118470 -0.073811 -0.123180 -0.260399 -0.133400 0.211405 0.181530 0.417077 1.000000 -0.201291 -0.053773 -0.078132 -0.000853 -0.098321 -0.160296 -0.036749 -0.220227 0.307691 0.276181 0.155691 0.036164 0.157879 0.091255 -0.182183 -0.215231 -0.083372 -0.199383 -0.049009 0.020063 -0.003156 0.155531 -0.093047 -0.128402 -0.051284 -0.275211 -0.071771 -0.093549 -0.216785 -0.137307 -0.462195 -0.304262 -0.268682 -0.244303 -0.331322 -0.162842 0.164334 0.178333 -0.247185 -0.166924 -0.192903 -0.240124 0.158338 0.013065 -0.295363 -0.456812 -0.163030 -0.156668 0.197885 0.074728 0.190028 0.082633 0.199352 0.104811 0.134774 0.070656 -0.029009 -0.057615 -0.007621 0.079022 0.265918 0.314825 0.101001 0.257681 -0.024286 -0.264109 -0.116231 -0.041998 -0.097793 -0.257621 -0.103067 0.003888 -0.260912 -0.033441 -0.047700 -0.008812 -0.070018 -0.081889 0.038756 0.056844 -0.113980 0.290548 0.240868 0.235251 0.022807 0.124712 0.221604 -0.120254 0.011010 -0.025841 -0.068890 0.113073 -0.006296 0.036186 0.117684 0.006694
0.078671 -0.216909 0.038767 -0.112392 0.112352 0.016440 0.080146 -0.118034 0.094227 0.193637 0.118184 -0.027229 0.164269 0.176348 0.319705 0.368990 -0.117015 -0.235579 -0.069089 -0.201291 1.000000 0.610614 0.299833 0.170076 0.607818 0.203849 0.456418 0.560297 -0.141567 -0.214016 0.416522 0.243753 -0.159728 -0.103655 0.130096 -0.072106 0.054960 0.001797 0.162574 0.154746 0.218022 -0.091287 0.044670 -0.020994 -0.048699 -0.047465 0.041023 -0.158152 -0.233068 -0.264317 0.135898 -0.221756 -0.005251 -0.060764 0.187525 0.002183 0.062892 -0.180080 -0.074215 -0.199727 -0.033884 -0.089385 -0.204673 -0.326744 0.156505 -0.132600 -0.103700 -0.120662 0.019854 0.073044 0.249952 0.391660 -0.165586 -0.105107 -0.041679 -0.057429 -0.048826 -0.063948 -0.156013 -0.233740 -0.180866 -0.135155 0.033344 -0.065507 0.105584 0.118812 0.183292 0.262111 0.248471 0.065546 -0.231143 -0.350769 -0.020457 -0.023816 0.019022 -0.178302 0.027830 -0.134367 -0.142739 -0.298990 -0.027569 -0.087404 -0.295267 0.103074 0.053144 0.000744 -0.110440 -0.034109 -0.357674 0.075536 -0.113392 -0.324092 -0.143618 -0.207555 -0.015364 -0.017994
0.007233 0.045152 -0.213069 0.276181 -0.126156 0.130148 -0.200257 -0.069160 -0.108729 0.192479 0.026585 0.153826 -0.104579 0.233041 0.260688 0.420997 0.000177 -0.013217 -0.145630 -0.053773 0.610614 1.000000 0.180538 0.292303 0.362123 0.283936 0.275217 0.480957 -0.112179 -0.057236 0.209560 0.125663 -0.176792 -0.070532 -0.138442 -0.073000 -0.004606 0.028895 -0.085462 0.092854 0.220031 0.053532 -0.030749 -0.015796 -0.114493 -0.113718 -0.005831 -0.259514 0.040465 -0.119472 0.003792 0.133975 -0.037735 0.029970 0.263201 0.208254 0.027253 -0.163342 -0.175641 -0.032656 -0.375376 -0.147937 -0.216620 -0.162442 -0.141412 0.105848 -0.181008 -0.247722 0.123983 0.232827 0.235606 0.279269 -0.181117 -0.042005 -0.103237 -0.037050 -0.167727 -0.199563 -0.031422 -0.219393 -0.074786 -0.114969 -0.015977 -0.048163 0.032556 0.232539 0.155358 0.324808 0.089594 0.394269 -0.125562 -0.325466 0.046279 -0.091852 -0.216845 -0.346367 -0.047368 -0.167466 -0.087896 -0.346162 -0.068954 0.007991 -0.153635 0.035569 0.051839 -0.089807 0.010303 0.051623 -0.336976 -0.090033 -0.243779 -0.414602 -0.152503 -0.053219 0.000946 -0.051430
-0.000726 -0.137042 0.344717 -0.142738 0.061203 -0.078186 0.057926 -0.103907 0.106129 0.029818 0.588774 0.111431 0.080860 -0.089656 0.238806 -0.024150 0.027135 -0.139193 0.371694 -0.078132 0.299833 0.180538 1.000000 0.184145 0.367423 -0.026865 0.360420 0.176828 0.001652 -0.337169 0.286247 0.180658 -0.057886 -0.029380 0.392687 -0.143709 -0.151089 -0.178478 -0.043238 -0.252826 -0.216290 -0.124901 -0.129668 -0.153807 -0.214251 -0.092969 -0.276428 -0.354750 -0.183468 -0.160613 0.131861 -0.020981 -0.195506 0.013831 0.190338 -0.203205 -0.110497 -0.096214 -0.206517 -0.170494 0.095481 -0.032294 0.020129 -0.046544 0.588186 -0.080445 -0.081317 -0.018828 -0.152383 0.130865 -0.036773 0.155542 -0.261704 -0.206232 -0.122099 -0.102313 0.054911 -0.008942 0.039111 -0.208525 -0.198500 -0.280787 0.279090 -0.184614 0.512279 -0.079442 0.346722 0.172406 0.386454 -0.152258 -0.368009 -0.095221 -0.190377 0.053489 -0.031723 -0.295834 -0.162480 -0.208744 -0.384324 -0.364789 -0.323513 -0.190755 -0.397496 -0.131565 -0.049480 0.052931 -0.082234 0.099921 -0.314513 0.084362 -0.233042 -0.260552 -0.219610 -0.133092 0.003763 -0.177212
-0.088194 0.084186 -0.247104 0.388497 -0.105639 0.297197 -0.231949 0.182426 -0.182520 0.317089 0.043441 0.248945 -0.073144 0.138534 0.171609 0.338046 0.037122 -0.056246 -0.348659 -0.000853 0.170076 0.292303 0.184145 1.000000 0.138554 0.436707 0.143710 0.194167 -0.007695 -0.015584 0.171365 0.275154 -0.233720 0.241939 -0.042393 0.181685 0.005531 0.025795 0.101802 0.143539 0.184215 0.055266 -0.235782 -0.210874 -0.181389 -0.052225 -0.165375 -0.283274 -0.178785 -0.139618 -0.254763 0.086535 -0.085582 -0.342834 -0.021356 -0.179812 -0.039956 -0.091964 -0.324057 -0.109829 -0.379640 -0.220236 -0.269008 -0.118917 -0.219490 0.002966 -0.249910 0.011794 -0.026251 0.058114 0.106293 0.189187 -0.084134 -0.156278 -0.189488 0.000658 -0.232410 -0.081670 -0.042001 -0.120673 -0.099543 -0.199272 0.113647 0.292305 -0.192910 0.100008 0.098903 0.226341 -0.135723 0.106175 -0.081094 -0.284835 0.213491 -0.106847 -0.288181 -0.065328 -0.175696 0.032806 -0.097768 -0.286227 0.128073 -0.182490 -0.004894 -0.180008 -0.032679 -0.048089 0.112955 0.231169 -0.058860 -0.169048 -0.077575 -0.253273 -0.017204 0.084808 0.264815 0.048564
0.287047 -0.051327 0.289574 -0.062668 0.194196 0.009795 0.068803 -0.116810 0.196351 0.026469 0.387959 0.150539 0.231676 0.170258 0.413178 0.160955 -0.090336 -0.154116 0.120091 -0.098321 0.607818 0.362123 0.367423 0.138554 1.000000 0.374988 0.423780 0.378462 -0.083050 -0.238231 0.396604 0.216299 -0.121361 0.065120 0.058256 -0.076450 0.167673 -0.162099 0.221343 -0.018455 0.205756 -0.119360 -0.162930 -0.204675 -0.272988 -0.235225 -0.109984 -0.234667 -0.397225 -0.467392 0.204278 -0.329563 0.026266 -0.054155 0.164814 -0.155382 -0.030845 -0.100401 -0.013452 -0.254132 0.077054 -0.147049 -0.136291 -0.283931 0.264505 -0.121287 -0.038958 -0.101480 0.078906 0.178467 0.288881 0.288338 -0.114520 -0.170931 0.062551 0.007453 0.146132 0.015151 -0.046761 -0.067728 -0.079359 -0.058143 -0.055558 -0.202577 0.234244 -0.101176 0.323046 0.115824 0.332252 -0.094725 -0.237183 -0.296938 -0.082131 -0.030700 0.104925 -0.022334 -0.045369 0.059669 -0.346338 -0.397041 -0.177770 -0.192983 -0.381638 0.106323 0.025294 0.126929 -0.214249 0.072559 -0.146707 0.169497 -0.094007 -0.291275 -0.135345 -0.261831 -0.078574 -0.078263
-0.002443 0.113988 -0.119003 0.465483 -0.073470 0.432233 -0.270643 -0.075563 -0.145507 0.055812 -0.028395 0.135622 -0.270695 0.091449 0.029103 0.180527 0.002025 0.024456 -0.195956 -0.160296 0.203849 0.283936 -0.026865 0.436707 0.374988 1.000000 0.278810 0.436935 -0.152605 -0.170842 -0.095633 0.048657 -0.238590 -0.022195 -0.192691 0.237949 0.066749 0.069792 -0.042192 0.022840 -0.035756 -0.162678 -0.116929 -0.130786 -0.183078 -0.029694 -0.071922 -0.059408 -0.062951 -0.111269 0.037016 0.016056 0.019300 -0.135174 0.037036 -0.043419 0.056860 0.098812 -0.021336 -0.025636 -0.250778 -0.079503 -0.282366 -0.104995 -0.140489 0.210111 -0.074714 -0.046255 0.206767 0.122216 0.054884 -0.073909 -0.159535 -0.170576 -0.117498 -0.021206 -0.023858 -0.088895 0.181037 0.177331 0.032598 0.009967 -0.101358 -0.096963 -0.028367 0.102281 0.216786 0.187445 0.164091 0.337316 -0.048951 -0.148057 0.216848 -0.140790 -0.072133 0.091310 0.031526 0.201528 -0.176753 -0.221732 0.044078 -0.226593 -0.092139 -0.053621 0.110293 0.108897 0.053461 0.182273 -0.023557 0.064035 0.065234 -0.112077 -0.063856 0.020539 0.123978 0.120728
0.257388 -0.211082 0.308431 -0.056046 0.381281 0.406687 0.284341 0.194502 0.089146 0.321125 0.142634 -0.122801 0.299169 0.120541 0.253416 0.250356 -0.147748 -0.251856 0.001276 -0.036749 0.456418 0.275217 0.360420 0.143710 0.423780 0.278810 1.000000 0.688856 -0.094876 -0.384148 0.036216 -0.165359 -0.333231 -0.374233 0.039711 0.098210 -0.179483 -0.208508 -0.155964 0.124473 -0.225691 -0.278501 0.019545 -0.029873 -0.088527 -0.057054 -0.174601 -0.132974 -0.047937 -0.118530 0.001071 -0.219718 -0.165542 -0.185243 -0.170280 -0.336371 0.033327 -0.136065 0.030451 -0.109573 0.105184 -0.040487 -0.052619 -0.210937 0.157579 -0.187010 -0.078393 -0.051069 0.038143 0.091651 -0.043827 -0.145198 -0.355352 -0.446795 -0.274100 -0.422599 -0.065030 -0.303969 -0.058871 -0.107593 -0.043490 -0.166554 0.169050 -0.041881 0.073612 -0.234973 0.046546 0.059939 0.278543 -0.133111 -0.232644 0.031946 -0.286106 0.088743 -0.137014 -0.213178 -0.120063 -0.078310 -0.224485 -0.343384 -0.168208 -0.025110 -0.174928 -0.050360 -0.259713 -0.039106 0.157165 0.139128 -0.329920 -0.139614 -0.072099 -0.238784 -0.472729 -0.380789 -0.200246 0.030325
0.064067 -0.211914 0.028879 0.109271 0.163133 0.251138 0.138185 0.075249 0.092139 0.351950 -0.044151 -0.097160 0.116414 0.311210 0.203459 0.527729 -0.228616 -0.217509 -0.162320 -0.220227 0.560297 0.480957 0.176828 0.194167 0.378462 0.436935 0.688856 1.000000 -0.292523 -0.375544 -0.071035 -0.178313 -0.420284 -0.379234 -0.063816 0.282105 -0.019515 -0.057984 -0.170498 -0.032901 -0.006049 -0.222187 0.094786 0.082611 0.028361 0.062623 0.068530 -0.087147 0.021870 -0.050462 0.106291 -0.019364 -0.110370 -0.080098 -0.017748 -0.127683 -0.114924 -0.242428 -0.093826 -0.125583 -0.213239 -0.162975 -0.243723 -0.343833 -0.021059 -0.042180 -0.101697 -0.054335 0.109278 0.228302 0.180721 -0.087915 -0.346891 -0.324680 -0.208554 -0.291095 -0.036666 -0.226561 -0.022995 -0.083162 -0.059925 -0.149699 -0.028378 -0.112630 -0.023817 0.109629 0.051199 0.234631 0.205068 0.268027 0.067157 -0.095229 0.096748 0.063060 -0.084977 -0.138999 -0.169140 -0.012758 -0.043558 -0.360467 0.037421 -0.134493 -0.165279 0.023025 -0.044865 0.000014 0.095858 0.156144 -0.295726 -0.110282 -0.039311 -0.264711 -0.379263 -0.296831 -0.088671 0.105374
0.090197 0.265144 -0.165578 -0.244212 0.038666 -0.092156 -0.067671 -0.171789 -0.108352 -0.042625 0.313424 0.066651 0.181834 -0.104196 -0.053124 -0.303776 0.633554 0.615713 0.170317 0.307691 -0.141567 -0.112179 0.001652 -0.007695 -0.083050 -0.152605 -0.094876 -0.292523 1.000000 0.721244 0.255562 0.407458 0.162381 0.371355 -0.233687 -0.104470 0.141682 0.104913 0.149543 0.052998 0.117528 0.223994 0.081220 0.186931 -0.084828 -0.192234 0.125844 0.190526 -0.235135 -0.043524 -0.502861 -0.148692 -0.265008 -0.131312 -0.259937 -0.006857 -0.008178 0.045472 -0.350089 -0.316316 0.046601 -0.094244 0.386619 0.380024 -0.095305 -0.253306 -0.600396 -0.413081 -0.268121 -0.479596 0.144423 0.178064 0.767388 0.523437 0.532050 0.471797 0.326037 0.261292 0.427224 0.467934 0.544216 0.510533 0.093297 0.335990 -0.113518 -0.249021 -0.230680 -0.159979 -0.446272 -0.494680 -0.152710 -0.214093 -0.292856 -0.358872 0.040522 0.080587 0.063447 -0.052417 -0.093127 0.087942 -0.277969 -0.055404 -0.121006 -0.143458 0.038444 -0.214224 -0.186672 -0.017866 0.006583 0.102073 0.128191 0.107633 0.149591 0.276380 0.243620 -0.191606
-0.122280 0.260120 -0.321974 -0.046423 -0.097326 -0.028317 -0.167050 -0.122755 -0.096306 -0.021871 -0.097789 0.030073 -0.052612 -0.167988 -0.277479 -0.185229 0.463104 0.688173 0.037871 0.276181 -0.214016 -0.057236 -0.337169 -0.015584 -0.238231 -0.170842 -0.384148 -0.375544 0.721244 1.000000 0.176422 0.359600 0.132676 0.245547 -0.332127 -0.178221 0.310748 0.397289 0.218176 0.127217 0.369034 0.405223 0.090272 0.177102 -0.012402 -0.158140 0.258074 0.181220 -0.154831 0.039657 -0.433284 0.000720 -0.046209 -0.021790 -0.171398 0.303090 -0.013609 0.135731 -0.362946 -0.241519 -0.152561 -0.201977 0.195550 0.300238 -0.322447 -0.257186 -0.487771 -0.400029 -0.231601 -0.363598 0.179020 0.196233 0.753971 0.674480 0.506646 0.540942 0.219330 0.287054 0.358047 0.445910 0.411985 0.519459 -0.013452 0.510009 -0.252314 -0.052161 -0.206715 -0.033518 -0.502664 -0.267347 -0.012923 -0.287596 -0.065521 -0.365076 0.001153 0.241844 0.215984 0.122159 0.104976 0.240129 -0.094262 0.115002 -0.047012 -0.067871 0.091946 -0.125522 -0.137692 -0.052967 0.136211 0.043713 0.101430 0.097361 0.350881 0.388839 0.389129 -0.018188
-0.110488 -0.300552 0.154637 -0.369793 0.110591 -0.172868 0.303753 -0.013116 0.049982 0.017877 0.198169 -0.151286 0.207550 -0.177426 0.116929 -0.023515 0.085158 -0.114951 0.305331 0.155691 0.416522 0.209560 0.286247 0.171365 0.396604 -0.095633 0.036216 -0.071035 0.255562 0.176422 1.000000 0.766254 0.085680 0.225341 0.210963 -0.236985 0.167735 0.003345 0.410988 0.270037 0.154460 -0.011474 0.046850 0.018709 0.071702 -0.103204 0.028024 -0.069094 -0.433793 -0.293190 -0.160148 -0.287294 -0.109009 -0.054351 0.051650 -0.060628 -0.025898 -0.177209 -0.375877 -0.429231 0.075587 -0.269941 0.021384 -0.111231 0.163914 -0.450709 -0.160105 -0.031423 -0.277213 -0.051617 0.511616 0.691294 0.215171 0.056607 0.040713 0.079174 0.090219 0.210979 -0.040562 -0.165563 -0.050225 0.054170 0.202592 0.121551 0.120550 -0.185214 -0.036153 0.013849 0.003398 -0.425812 -0.391854 -0.283979 -0.349959 -0.174901 -0.060877 -0.004502 -0.056112 -0.120264 -0.261392 -0.178200 -0.244838 0.103679 -0.128065 0.278685 0.175309 0.104956 -0.070477 -0.062606 -0.035542 0.122737 -0.011774 -0.261318 -0.142491 -0.189074 0.113275 -0.014502
-0.136449 -0.158755 0.076417 -0.329618 0.002396 -0.152687 0.067822 -0.178295 0.017962 -0.124083 0.201370 0.011288 0.178763 -0.161036 0.024887 -0.143167 0.093628 0.071788 0.165711 0.036164 0.243753 0.125663 0.180658 0.275154 0.216299 0.048657 -0.165359 -0.178313 0.407458 0.359600 0.766254 1.000000 0.074980 0.457177 0.113367 -0.095361 0.217169 0.207604 0.400141 0.224413 0.202467 0.086028 -0.081261 -0.003794 -0.078095 -0.126120 -0.054974 0.005873 -0.508900 -0.327823 -0.331464 -0.270027 -0.226242 -0.196129 -0.038185 -0.013377 -0.087461 -0.137292 -0.294925 -0.400320 0.075794 -0.125468 -0.031255 -0.018561 0.027317 -0.200113 -0.269075 -0.042538 -0.339151 -0.086644 0.416858 0.700387 0.400803 0.214601 0.157981 0.258305 0.180230 0.437615 0.141284 0.051948 0.030944 0.119171 0.188515 0.217647 0.000387 -0.097720 -0.056631 -0.005967 -0.140079 -0.403937 -0.348564 -0.210743 -0.261243 -0.242458 -0.084661 0.209921 0.053077 0.088021 -0.348175 -0.042000 -0.183924 0.138248 -0.102751 0.291920 0.283277 0.055972 -0.042298 0.136468 -0.011232 0.178094 0.159882 -0.105169 0.011217 0.145756 0.326481 0.032164
0.250285 0.216474 -0.211814 -0.018305 -0.412762 -0.092795 -0.142755 -0.146612 -0.254128 -0.208581 0.115141 -0.019155 -0.026905 -0.115280 -0.081456 -0.188565 0.412942 0.197228 0.085315 0.157879 -0.159728 -0.176792 -0.057886 -0.233720 -0.121361 -0.238590 -0.333231 -0.420284 0.162381 0.132676 0.085680 0.074980 1.000000 0.604921 -0.032939 -0.364946 -0.170402 -0.069864 -0.122107 -0.147197 -0.105021 0.061272 -0.070899 -0.172306 -0.044936 -0.293555 0.017492 -0.128446 -0.041692 -0.114708 -0.069236 -0.161764 -0.065335 -0.004876 -0.014319 0.057764 0.426809 0.298167 0.217818 0.120656 0.283436 0.329433 0.300560 0.346564 0.039613 0.041215 0.076694 -0.381856 0.222240 -0.168837 -0.060749 0.047921 0.331719 0.377209 0.305900 0.150266 0.036845 0.052962 0.068098 0.199100 0.258524 0.196224 -0.134094 -0.069989 0.076962 0.069564 -0.008280 -0.098336 -0.203575 -0.141921 -0.181728 -0.266638 -0.122484 -0.290601 0.292010 -0.103483 0.226493 -0.187863 0.074978 0.161795 0.055923 -0.009683 0.263787 -0.123016 0.002747 -0.360951 -0.145819 -0.441837 0.173889 0.153082 -0.167761 -0.010862 0.149491 0.260255 -0.129966 -0.408083
0.223397 0.351630 -0.239530 -0.033350 -0.269381 -0.053481 -0.239531 -0.134540 -0.206774 -0.067334 0.221197 0.226206 0.146950 0.147573 0.198786 -0.027477 0.347856 0.192619 -0.164982 0.091255 -0.103655 -0.070532 -0.029380 0.241939 0.065120 -0.022195 -0.374233 -0.379234 0.371355 0.245547 0.225341 0.457177 0.604921 1.000000 -0.110666 -0.086595 -0.054448 -0.104475 0.019732 -0.008888 0.149291 0.098265 -0.347277 -0.290296 -0.299127 -0.319956 -0.200651 -0.177920 -0.390781 -0.366118 -0.327393 -0.265791 -0.203015 -0.291803 -0.233756 -0.219502 0.317747 0.234422 0.039978 -0.039709 0.119171 0.301077 0.055055 0.304009 -0.133553 0.168262 -0.189230 -0.285198 0.117777 -0.174603 0.090495 0.286982 0.455554 0.342642 0.338900 0.435394 0.171325 0.324403 0.186508 0.249845 0.265591 0.205342 -0.065987 0.100126 -0.191328 -0.067949 -0.086891 -0.150427 -0.393245 -0.270770 -0.227528 -0.296376 -0.070392 -0.332055 0.099561 0.040504 -0.029833 -0.014553 -0.232419 -0.053023 0.012159 -0.204474 0.141844 -0.160464 0.095060 -0.312855 -0.129061 -0.125108 0.124301 0.083920 0.008231 -0.080173 0.186016 0.345181 0.069935 -0.275960
-0.284524 -0.532481 0.380761 -0.168471 0.058769 -0.229002 0.264480 -0.008912 0.015610 -0.014629 0.106753 -0.252700 0.093772 -0.355495 0.079820 -0.134076 -0.223075 -0.360917 0.182629 -0.182183 0.130096 -0.138442 0.392687 -0.042393 0.058256 -0.192691 0.039711 -0.063816 -0.233687 -0.332127 0.210963 0.113367 -0.032939 -0.110666 1.000000 0.337340 0.009320 -0.036968 -0.005488 -0.189856 -0.152512 -0.156272 0.073656 -0.038663 0.201711 0.334966 -0.121671 -0.077749 -0.086157 -0.038360 0.287063 -0.004601 0.061881 0.149028 0.213534 -0.050693 -0.334846 -0.366297 -0.020532 -0.036793 0.207776 -0.026295 0.048432 -0.066209 0.489799 -0.060437 0.227571 0.426673 -0.366213 -0.017518 -0.079189 0.121506 -0.197464 -0.130993 -0.114345 -0.073365 0.169308 0.133506 -0.247582 -0.278842 -0.479318 -0.369030 0.096385 -0.200725 0.264322 -0.114819 -0.019411 0.124347 0.443839 -0.063871 -0.078005 0.049915 -0.039297 0.213489 0.100518 0.047187 0.011394 0.033619 0.063082 0.113432 0.025765 0.124382 -0.034290 0.113354 -0.030033 0.108547 -0.065810 0.001845 -0.059801 0.287418 0.063322 0.122484 0.050358 -0.015816 -0.054877 0.109133
-0.241213 -0.353062 0.175034 0.191977 0.260665 0.139498 0.171141 0.163369 0.021980 0.212358 -0.234506 -0.201628 0.135222 0.035366 0.130972 0.156431 -0.254858 -0.198794 -0.194218 -0.215231 -0.072106 -0.073000 -0.143709 0.181685 -0.076450 0.237949 0.098210 0.282105 -0.104470 -0.178221 -0.236985 -0.095361 -0.364946 -0.086595 0.337340 1.000000 -0.050546 -0.120528 -0.164633 -0.172298 -0.074428 -0.106165 0.022684 0.083468 0.240804 0.494882 -0.100612 0.170105 -0.013351 0.082229 0.069145 0.059418 -0.067235 -0.059824 -0.149055 -0.174365 -0.451329 -0.473054 -0.047157 -0.073222 -0.008497 -0.042116 -0.071085 -0.196123 0.030518 0.204634 -0.060583 0.443843 -0.240168 -0.050714 -0.023958 -0.251281 -0.014416 -0.109769 -0.006520 0.019665 0.188412 0.041327 -0.063452 0.035386 -0.218670 -0.152994 -0.213880 -0.207316 -0.302645 -0.141626 -0.231212 -0.033031 0.065400 0.249930 0.295066 0.174377 0.242800 0.188679 -0.126257 0.097058 -0.251626 0.189206 0.038255 0.030547 0.028072 -0.031393 -0.014829 0.033998 -0.108089 -0.033115 -0.009782 0.198658 -0.024144 -0.101416 0.354497 0.204982 -0.002627 0.084621 -0.052580 0.288025
