1.000000 0.335961 0.092351 -0.326768 -0.034173 -0.154969 0.142469 -0.349680 -0.141683 -0.258376 0.379180 0.161984 0.257265 0.295541 0.254771 0.189631 0.385378 0.037292 0.010964 0.481813 -0.050117 -0.125695 -0.065972 -0.180142 -0.281915 -0.134097 -0.008021 0.084949 0.212071 -0.067100 0.085563 0.045485 0.233169 0.334121 -0.160251 0.109127 -0.053950 -0.374753 -0.254365 -0.444814 0.010165 -0.009507 0.069513 -0.024773 -0.265140 -0.165599 -0.154281 0.032158 -0.175590 -0.233232 -0.366910 -0.404101 -0.287703 -0.375619 -0.320635 -0.490891 0.731622 0.271940 0.215187 -0.032395 0.337657 0.181832 0.351390 0.042983 -0.273758 -0.175978 -0.065384 -0.429244 0.332945 -0.067997 0.346407 0.029096 0.204094 0.110283 0.281218 0.185265 0.294103 0.125219 0.078497 0.032638 0.241905 -0.103891 0.264591 0.141452 -0.028328 -0.253984 0.035985 -0.016628 -0.202326 -0.270744 0.005881 0.110835 -0.192043 -0.171130 -0.190410 -0.282974 -0.071241 -0.288481 -0.043858 -0.179060 -0.173004 -0.259138 0.095576 0.072325 -0.133618 -0.128948 0.521715 0.181603 -0.311518 -0.005215 -0.255767 -0.165450 -0.283061 -0.268061 -0.478909 -0.017183
0.335961 1.000000 -0.417804 -0.451549 -0.597920 -0.548664 -0.425788 -0.410684 -0.438510 -0.734666 -0.104180 0.575300 -0.337972 0.349250 -0.258459 0.311484 -0.276529 0.645740 0.201388 0.655309 -0.117648 -0.113089 -0.456792 -0.472074 -0.325374 -0.146497 -0.344171 -0.147664 -0.420412 0.175474 -0.171160 0.099822 -0.061876 0.245422 -0.175478 0.065715 -0.577940 0.019456 -0.394637 -0.076538 -0.455119 -0.019913 0.051954 0.149626 -0.120070 -0.162407 -0.042986 0.127185 -0.224575 0.021376 -0.540711 0.116810 -0.288870 -0.202182 -0.325093 -0.079434 0.080260 0.731377 0.060192 0.245366 -0.272262 0.590239 -0.059090 0.717138 -0.438071 0.074546 -0.204029 -0.214225 0.426551 0.199495 -0.372706 -0.131474 -0.494911 0.022898 -0.318848 0.039575 -0.456409 -0.124317 -0.186474 0.332743 -0.361206 0.358650 -0.045783 0.433730 -0.153059 0.509411 -0.187264 0.295150 -0.385171 0.451207 0.032429 -0.062834 -0.279444 -0.164884 -0.339131 0.083186 -0.041481 -0.095804 0.178504 -0.230102 -0.070766 -0.306556 0.276195 0.246398 0.201542 0.217121 -0.004163 0.295823 -0.127584 0.112495 -0.178654 -0.025743 -0.167963 0.141624 -0.011871 0.069143
0.092351 -0.417804 1.000000 0.151729 0.399778 0.142782 0.847690 0.181603 0.698642 0.103241 0.241621 -0.171826 0.451370 -0.011228 0.503211 -0.036782 -0.056694 -0.400446 0.040463 -0.024929 0.052599 0.078848 0.596813 0.242092 0.114448 -0.252283 0.071032 0.124096 0.182508 -0.284543 0.094765 -0.066580 0.042978 -0.007051 0.171136 -0.228312 0.014246 -0.524045 0.114101 -0.270559 -0.109251 -0.178622 -0.015301 -0.228861 0.108746 0.039669 -0.090290 -0.205345 0.182282 -0.116311 0.157631 -0.394079 0.039479 -0.251152 -0.263949 -0.397830 -0.157715 -0.389299 0.198186 0.022613 0.319682 -0.177882 -0.241238 -0.540603 0.356328 -0.155069 0.210304 0.190224 -0.091968 -0.088582 0.532479 0.006545 0.101831 -0.237474 0.036573 -0.112528 0.079577 -0.281235 -0.146464 -0.556952 -0.090758 -0.423334 0.243518 -0.348344 0.113057 -0.481712 0.045807 -0.339898 0.131671 -0.392111 0.098980 0.290867 0.191985 0.114192 -0.059845 -0.485451 -0.331668 -0.292903 -0.129812 -0.190187 -0.073099 -0.035609 -0.217429 -0.234218 -0.364661 -0.193088 0.130980 0.043552 -0.149187 -0.497136 -0.302534 -0.102050 0.013585 -0.199738 -0.228020 -0.120876
-0.326768 -0.451549 0.151729 1.000000 0.383928 0.612817 0.177411 0.704991 0.115544 0.646681 0.026026 -0.204829 0.138531 -0.176317 0.152386 -0.097714 -0.127730 -0.506570 -0.188107 -0.415701 0.152605 0.089969 0.578465 0.859205 0.447995 0.514770 0.422344 0.335355 0.003899 -0.360639 0.150647 0.066106 -0.112265 -0.329925 0.181464 0.113339 0.151105 0.066765 0.142111 0.380934 0.072864 -0.183535 -0.387535 -0.395608 -0.262453 -0.207365 -0.258489 -0.277440 0.002052 -0.189134 0.388301 0.016751 0.457704 0.378374 -0.012966 0.060498 -0.164074 -0.437042 -0.361293 -0.362071 -0.120203 -0.467475 -0.105534 -0.365316 0.365138 0.007772 -0.164751 -0.010377 -0.331180 -0.119616 0.170641 0.071097 0.052100 -0.137183 -0.022849 -0.121685 -0.034182 0.000523 0.041188 -0.187785 -0.074382 -0.339987 -0.123191 -0.040159 -0.026248 -0.172888 0.156569 0.040497 0.201792 -0.191110 0.146035 -0.020696 0.472066 0.384193 0.192418 0.044773 -0.220842 0.246780 -0.354481 0.097386 -0.086564 0.341323 -0.223106 -0.124461 -0.183962 -0.181506 -0.179871 -0.167017 0.202522 -0.098958 0.080352 -0.203857 0.215492 -0.143745 -0.002934 -0.044406
-0.034173 -0.597920 0.399778 0.383928 1.000000 0.588525 0.408943 0.107477 0.591078 0.626683 0.035442 -0.534902 0.339599 -0.385856 0.329207 -0.253863 0.061496 -0.601080 -0.208203 -0.299109 0.264233 0.082378 0.424483 0.473932 0.493529 0.252859 0.479997 0.300136 0.183191 -0.291489 -0.034518 -0.297117 -0.120778 -0.363897 0.166008 0.053515 0.184449 -0.262278 0.149627 0.093362 -0.005756 -0.200154 -0.048455 -0.124441 0.076075 0.167152 -0.001037 -0.031304 0.147225 0.021107 0.324504 -0.154778 0.319127 0.292041 -0.063984 -0.143970 0.045253 -0.538103 0.019737 -0.163299 0.243096 -0.386509 0.142865 -0.512028 0.140690 -0.222131 0.124746 0.099965 -0.291087 -0.134144 0.443222 -0.001323 0.289423 -0.141695 0.138447 -0.116967 0.209100 -0.012726 -0.029933 -0.354239 0.022513 -0.497673 -0.116708 -0.200379 -0.134623 -0.595952 0.150329 -0.234280 0.216833 -0.499573 0.170900 0.427457 0.437299 0.325863 0.148273 -0.099891 -0.015687 0.034196 -0.043924 0.207133 0.085128 0.409081 -0.023788 0.025723 -0.285391 -0.319442 0.213235 -0.084330 0.099567 -0.148142 0.126804 0.049214 0.214194 -0.183708 -0.083208 -0.022197
-0.154969 -0.548664 0.142782 0.612817 0.588525 1.000000 0.215092 0.442015 0.238571 0.718165 0.040032 -0.431982 0.164464 -0.329883 0.316061 -0.051702 -0.030295 -0.606881 -0.244196 -0.413208 0.313959 0.140798 0.569161 0.725066 0.702059 0.644688 0.794911 0.509565 0.055582 -0.458058 0.072725 -0.136239 -0.137517 -0.397854 0.216106 0.085847 0.146775 -0.099877 0.215946 0.352247 0.022136 -0.231586 -0.454884 -0.426119 -0.293336 -0.177822 -0.314148 -0.309745 0.016869 -0.240981 0.373206 -0.157854 0.307256 0.144255 -0.058163 -0.079183 -0.021772 -0.438486 -0.180209 -0.289956 0.027244 -0.381643 -0.010353 -0.451800 0.354802 -0.020938 -0.072216 0.023037 -0.396134 -0.157506 0.323924 -0.058225 0.136668 -0.146816 0.055466 -0.179802 0.074314 0.006232 -0.011006 -0.312848 -0.025156 -0.469805 -0.152221 -0.206095 0.141284 -0.345580 0.285125 -0.066719 0.312125 -0.255647 0.214430 0.163045 0.527966 0.418288 0.107877 -0.066315 -0.150172 0.077003 -0.291274 0.106355 0.017251 0.503454 0.066519 0.070430 -0.159892 -0.216277 0.057559 -0.305013 0.066468 -0.220425 0.149125 -0.052450 0.181102 -0.149688 -0.165739 0.003643
0.142469 -0.425788 0.847690 0.177411 0.408943 0.215092 1.000000 0.336839 0.604694 0.116105 0.367879 -0.110834 0.682618 0.145764 0.589104 0.123712 0.072726 -0.370536 0.059855 0.023468 0.237194 0.243162 0.518542 0.242623 0.111618 -0.190062 0.146267 0.249928 0.403887 -0.118011 0.350331 0.127301 0.181690 0.118995 -0.016978 -0.364136 0.126916 -0.581424 0.262985 -0.365002 0.059375 -0.132326 -0.090456 -0.284869 0.051555 -0.056586 -0.194853 -0.386063 0.102253 -0.218946 0.049405 -0.501304 -0.050537 -0.352367 -0.168031 -0.487440 -0.132311 -0.447470 0.089126 -0.011229 0.416143 -0.246993 0.024999 -0.614718 0.322605 -0.235635 0.219042 0.043042 -0.125745 -0.216333 0.596173 0.153822 0.322533 -0.135710 0.225838 -0.071597 0.134843 -0.250805 0.053902 -0.511003 0.044474 -0.418901 0.260246 -0.300755 0.072673 -0.561523 0.177061 -0.139393 0.081013 -0.476415 -0.005037 0.072624 0.097654 -0.058476 -0.068260 -0.458300 -0.277925 -0.322148 -0.263760 -0.402330 -0.267595 -0.142724 -0.306864 -0.289265 -0.297711 -0.107435 0.088313 0.063789 -0.156557 -0.440629 -0.406990 -0.216111 -0.141407 -0.392396 -0.354174 -0.155552
-0.349680 -0.410684 0.181603 0.704991 0.107477 0.442015 0.336839 1.000000 0.030924 0.491661 0.246706 0.023530 0.356837 0.090818 0.256787 0.145277 -0.100034 -0.404217 -0.115588 -0.428671 0.221227 0.243431 0.461458 0.546518 0.175379 0.356272 0.302563 0.299103 0.179182 -0.142970 0.445478 0.379293 -0.056255 -0.075580 0.002125 0.011449 0.118066 -0.038373 0.174847 0.155163 0.166795 -0.145387 -0.494264 -0.487302 -0.278474 -0.225213 -0.398336 -0.510692 -0.056499 -0.327652 0.268258 -0.066242 0.138242 0.063505 0.010657 -0.094801 -0.330367 -0.493498 -0.318754 -0.275027 0.008442 -0.370612 -0.067917 -0.413701 0.532230 0.122911 -0.065519 0.148009 -0.389484 -0.189115 0.188365 0.271149 0.154805 -0.059910 0.043917 -0.071975 -0.011327 -0.029719 0.182898 -0.173654 0.012710 -0.287669 -0.016828 -0.171949 0.109524 -0.172647 0.186108 -0.005283 0.137024 -0.129532 -0.043439 -0.321913 0.290231 0.155767 0.099069 -0.000030 -0.314814 0.184070 -0.599398 -0.279611 -0.261416 0.149461 -0.327114 -0.190317 -0.055129 -0.083424 -0.156737 -0.074247 0.125736 -0.102746 -0.073094 -0.469354 -0.053143 -0.289236 -0.120318 -0.151636
-0.141683 -0.438510 0.698642 0.115544 0.591078 0.238571 0.604694 0.030924 1.000000 0.204277 0.019993 -0.263054 0.287587 -0.195326 0.381551 -0.090791 -0.155637 -0.273287 -0.033454 -0.104168 0.143450 0.167080 0.430963 0.283889 0.250762 -0.195621 0.160092 0.189183 0.094102 -0.136328 -0.059980 -0.195112 -0.012008 -0.152181 0.288021 -0.151958 0.057749 -0.238112 0.188795 -0.018099 -0.102903 -0.036043 -0.022184 -0.201731 0.185975 0.131976 -0.022102 -0.162992 0.118733 -0.077689 0.109617 -0.338458 0.133155 -0.085104 -0.253054 -0.209111 -0.210072 -0.375673 0.110671 0.056689 0.252547 -0.227501 -0.154971 -0.401093 0.207693 -0.170720 0.201472 0.181630 -0.137887 0.051906 0.363204 0.039426 0.080091 -0.129179 -0.041887 -0.010858 -0.062481 -0.402183 -0.182287 -0.323195 -0.172133 -0.211866 0.033937 -0.230527 -0.099054 -0.425105 0.052737 -0.221776 0.140624 -0.285935 0.193421 0.395035 0.250661 0.188117 -0.042642 -0.240913 -0.231661 -0.180326 -0.033003 -0.001198 0.083485 0.158632 -0.024552 -0.102955 -0.167448 -0.092060 0.077796 -0.097367 -0.077528 -0.498389 -0.043860 0.042525 0.060739 -0.058783 -0.028756 0.073976
-0.258376 -0.734666 0.103241 0.646681 0.626683 0.718165 0.116105 0.491661 0.204277 1.000000 0.065942 -0.596846 0.273132 -0.459290 0.202687 -0.380641 0.242497 -0.737106 -0.357697 -0.580600 0.184047 0.036094 0.385709 0.618420 0.373537 0.407248 0.525529 0.290024 0.306784 -0.313508 0.058141 -0.198115 -0.011830 -0.353662 0.265160 0.156714 0.474332 0.141387 0.231425 0.411105 0.337435 0.026196 -0.309836 -0.352687 -0.126702 -0.007975 -0.119642 -0.202354 0.116298 -0.122232 0.535630 -0.038263 0.406567 0.393374 0.219551 0.115162 0.040312 -0.595988 -0.190528 -0.323562 0.168507 -0.510784 0.171077 -0.512484 0.325860 -0.095476 0.069160 0.098876 -0.372686 -0.033634 0.310206 0.026958 0.399800 -0.007690 0.197841 -0.066812 0.374070 0.238515 0.078045 -0.216151 0.275924 -0.426094 -0.037024 -0.175071 0.084800 -0.462718 0.251075 -0.148511 0.373654 -0.376073 0.177527 0.138785 0.440579 0.405761 0.302173 0.100837 -0.041794 0.223432 -0.262606 0.268911 0.179921 0.579818 -0.117544 -0.101541 -0.229492 -0.382094 0.031123 -0.305668 0.250822 0.022041 0.239154 -0.036219 0.212197 -0.186325 -0.005780 -0.110998
0.379180 -0.104180 0.241621 0.026026 0.035442 0.040032 0.367879 0.246706 0.019993 0.065942 1.000000 0.287595 0.695983 0.392725 0.719805 0.367971 0.324584 -0.147488 -0.079415 -0.121718 0.263369 0.246329 0.251815 0.059266 -0.177566 -0.112336 0.166325 0.240428 0.538934 0.092216 0.553963 0.425130 -0.116022 0.199268 -0.261646 -0.009752 0.153806 -0.270369 0.066977 -0.509028 0.282389 -0.127168 -0.305933 -0.339466 -0.425088 -0.290703 -0.480600 -0.444522 -0.290622 -0.504823 -0.119809 -0.481356 -0.140770 -0.297162 -0.096247 -0.521264 0.134632 -0.225249 -0.092036 -0.291632 0.509496 -0.021806 0.251375 -0.217154 0.385029 -0.072248 -0.253527 -0.367829 -0.294506 -0.345114 0.584534 0.482802 0.419105 0.273088 0.348163 0.419091 0.368111 0.281783 0.456930 -0.071589 0.238357 -0.216231 0.533972 -0.013067 0.215529 -0.334605 0.325327 -0.052459 0.093856 -0.330947 0.007805 -0.143546 0.140392 -0.048340 -0.141262 -0.209498 -0.300082 -0.207085 -0.395317 -0.482951 -0.219203 -0.155793 -0.238561 -0.181476 -0.163970 -0.125291 0.220324 0.066998 -0.162111 -0.054301 -0.328048 -0.529127 -0.367444 -0.224216 -0.325686 -0.211033
0.161984 0.575300 -0.171826 -0.204829 -0.534902 -0.431982 -0.110834 0.023530 -0.263054 -0.596846 0.287595 1.000000 -0.012546 0.747591 0.084569 0.631896 -0.137142 0.655537 0.041086 0.274221 0.007110 0.232118 -0.308960 -0.294592 -0.379198 -0.304012 -0.226374 -0.031785 -0.017680 0.525223 0.219930 0.441021 -0.211292 0.236370 -0.381228 -0.187190 -0.341054 -0.039864 -0.221047 -0.458243 -0.152682 -0.005096 -0.015276 0.128327 -0.172979 -0.258742 -0.206808 -0.122107 -0.154583 -0.119304 -0.428211 -0.046695 -0.393780 -0.222639 -0.303444 -0.261924 -0.095847 0.319535 -0.178240 -0.124855 -0.057956 0.301353 -0.000334 0.383090 -0.138891 0.074178 -0.438780 -0.346855 0.007873 -0.175912 0.005665 0.396969 -0.111284 0.348329 0.025024 0.420013 -0.211591 -0.006143 0.180822 0.426892 -0.153797 0.361272 0.029999 0.246517 -0.079479 0.452348 -0.011272 0.128143 -0.396356 0.196993 -0.258034 -0.415961 -0.256036 -0.356909 -0.330527 -0.085686 -0.255471 -0.100115 -0.252401 -0.380473 -0.316210 -0.544433 -0.211409 -0.125652 0.127553 0.163902 -0.035754 0.320039 -0.073406 0.064101 -0.338024 -0.272868 -0.330442 -0.086814 -0.142440 0.001269
0.257265 -0.337972 0.451370 0.138531 0.339599 0.164464 0.682618 0.356837 0.287587 0.273132 0.695983 -0.012546 1.000000 0.356902 0.671936 0.164349 0.270462 -0.423958 -0.172421 -0.122839 0.346076 0.265062 0.309731 0.172175 -0.000855 -0.064109 0.183476 0.311259 0.617384 -0.017317 0.557983 0.248009 0.127083 0.151043 -0.104857 -0.066423 0.277941 -0.405500 0.286345 -0.393300 0.306812 -0.083922 -0.196339 -0.325461 -0.105219 -0.116404 -0.294938 -0.444253 -0.026992 -0.370061 -0.009588 -0.519544 0.004351 -0.259676 0.038257 -0.525966 0.020304 -0.501482 0.032015 -0.101793 0.693067 -0.154330 0.347085 -0.536256 0.272426 -0.194673 0.158138 -0.155004 -0.157419 -0.244508 0.647231 0.334545 0.547396 0.046939 0.381545 0.150819 0.318995 0.056539 0.270400 -0.350958 0.177075 -0.452148 0.423184 -0.224564 0.143988 -0.605226 0.427944 -0.086895 0.171396 -0.514262 0.022664 -0.111148 0.143126 -0.112454 -0.042061 -0.288927 -0.191039 -0.259414 -0.316189 -0.504190 -0.238364 -0.147191 -0.364115 -0.296537 -0.214941 -0.194565 0.166663 0.102582 -0.064505 -0.194327 -0.301989 -0.413047 -0.182804 -0.394537 -0.392563 -0.271934
0.295541 0.349250 -0.011228 -0.176317 -0.385856 -0.329883 0.145764 0.090818 -0.195326 -0.459290 0.392725 0.747591 0.356902 1.000000 0.251112 0.669652 0.054027 0.321232 -0.126401 0.232440 -0.028292 0.133491 -0.113655 -0.132781 -0.378502 -0.280083 -0.162358 0.035395 0.182707 0.371303 0.305944 0.335267 -0.064355 0.305398 -0.413142 -0.130027 -0.126836 -0.206499 -0.111536 -0.522331 0.033871 0.029483 0.065305 0.096021 -0.050143 -0.166918 -0.091394 -0.088465 -0.077063 -0.144746 -0.387080 -0.236272 -0.345270 -0.417434 -0.164533 -0.372074 0.066122 0.095238 0.034598 0.001671 0.302892 0.262847 0.200280 0.083768 -0.150635 0.070130 -0.164231 -0.332576 -0.009814 -0.158131 0.181566 0.289696 0.142288 0.233017 0.235299 0.362764 -0.029643 0.014794 0.174900 0.107009 -0.048062 0.023952 0.138784 -0.037611 -0.065949 0.045417 0.131606 0.090437 -0.303471 -0.043817 -0.187830 -0.473419 -0.162729 -0.440858 -0.243870 -0.200914 -0.047163 -0.189296 -0.141927 -0.454820 -0.288046 -0.573162 -0.293050 -0.242189 0.001658 0.014448 0.116777 0.339583 -0.135126 0.016192 -0.333678 -0.272627 -0.279909 -0.208464 -0.286668 -0.096857
0.254771 -0.258459 0.503211 0.152386 0.329207 0.316061 0.589104 0.256787 0.381551 0.202687 0.719805 0.084569 0.671936 0.251112 1.000000 0.396598 0.086181 -0.315297 -0.227804 -0.154037 0.319884 0.213262 0.538249 0.291491 0.100738 -0.045348 0.362243 0.545523 0.375606 -0.092027 0.392907 0.175621 -0.235691 -0.090996 -0.011773 0.001585 0.103918 -0.345778 0.202509 -0.334322 0.091990 -0.157068 -0.366671 -0.451270 -0.334835 -0.259282 -0.441441 -0.487389 -0.114522 -0.412542 -0.119323 -0.461066 -0.111503 -0.262497 -0.211597 -0.539987 -0.081263 -0.423732 0.088074 -0.134579 0.434006 -0.058596 0.007336 -0.405847 0.429185 -0.115405 -0.228223 -0.206931 -0.339965 -0.197690 0.642913 0.319440 0.299389 0.107322 0.244936 0.243125 0.235187 0.032967 0.136182 -0.335531 0.106186 -0.383495 0.399927 -0.286550 0.353314 -0.387208 0.410277 -0.084372 0.270336 -0.309834 0.152984 0.050138 0.246031 0.084778 -0.206673 -0.405944 -0.357915 -0.406610 -0.356101 -0.506643 -0.201682 -0.023099 -0.228038 -0.281845 -0.317110 -0.291029 0.149787 -0.039763 -0.129684 -0.337438 -0.285638 -0.422795 -0.284310 -0.346517 -0.454338 -0.259900
0.189631 0.311484 -0.036782 -0.097714 -0.253863 -0.051702 0.123712 0.145277 -0.090791 -0.380641 0.367971 0.631896 0.164349 0.669652 0.396598 1.000000 -0.128345 0.274336 -0.068759 0.226773 0.175994 0.213317 0.053953 -0.012416 -0.244891 -0.098367 0.168502 0.333657 0.024535 0.323649 0.291763 0.371296 -0.224546 0.223529 -0.380170 -0.121760 -0.184099 -0.103198 -0.048306 -0.363840 -0.078651 -0.043438 -0.190490 -0.091146 -0.272897 -0.246205 -0.275357 -0.248241 -0.234386 -0.217431 -0.473860 -0.241928 -0.498568 -0.418294 -0.311184 -0.412462 -0.088399 0.127102 -0.084607 -0.038442 0.010460 0.123361 -0.000528 0.063744 -0.054591 0.073518 -0.364026 -0.273660 -0.140243 -0.099651 0.155140 0.300604 0.012855 0.274022 0.126818 0.348426 -0.149085 -0.061674 0.152612 0.065846 -0.117135 -0.004192 0.006776 0.030094 -0.062345 0.126107 0.100968 0.221419 -0.325448 0.048968 -0.040218 -0.307138 0.078072 -0.279173 -0.299974 -0.263825 -0.113613 -0.258172 -0.219416 -0.529478 -0.232446 -0.365394 -0.105359 -0.093969 0.038615 0.055295 0.135060 0.163916 -0.158057 -0.075866 -0.302512 -0.273019 -0.394922 -0.220482 -0.336419 0.002966
0.385378 -0.276529 -0.056694 -0.127730 0.061496 -0.030295 0.072726 -0.100034 -0.155637 0.242497 0.324584 -0.137142 0.270462 0.054027 0.086181 -0.128345 1.000000 -0.077582 -0.051590 -0.007359 0.066674 0.055208 -0.236650 -0.172734 -0.273020 -0.158449 0.073208 -0.096799 0.625749 0.259457 0.184341 -0.002731 0.291231 0.170406 -0.193537 -0.016752 0.518200 0.048483 0.093639 -0.221775 0.522620 0.400309 0.113885 0.041245 -0.038490 0.026041 -0.024357 -0.016997 -0.013054 -0.152766 0.013931 -0.285357 -0.217658 -0.179569 0.280978 -0.094300 0.644554 -0.023260 -0.069758 -0.239044 0.392283 -0.205364 0.554754 -0.190536 -0.179627 -0.233712 0.046578 -0.301616 0.046825 -0.088001 0.335965 0.185769 0.674324 0.395890 0.647434 0.323122 0.730501 0.472484 0.509729 0.111010 0.807202 0.018835 0.288232 0.072864 -0.007846 -0.334511 0.221318 0.118454 0.079927 -0.315834 -0.231077 -0.164411 -0.250284 -0.287470 0.039307 0.006417 0.134768 -0.048648 -0.126650 0.054607 0.011938 -0.091903 -0.238908 -0.183876 -0.233631 -0.223330 0.214524 -0.020610 -0.054506 0.242845 -0.143636 -0.084494 -0.351100 -0.291497 -0.084567 -0.009743
0.037292 0.645740 -0.400446 -0.506570 -0.601080 -0.606881 -0.370536 -0.404217 -0.273287 -0.737106 -0.147488 0.655537 -0.423958 0.321232 -0.315297 0.274336 -0.077582 1.000000 0.277385 0.328521 -0.054237 0.150086 -0.548156 -0.570630 -0.343601 -0.325595 -0.377413 -0.193028 -0.218546 0.607878 -0.055801 0.242217 -0.048435 0.205348 -0.333025 -0.226218 -0.306846 0.211198 -0.152569 -0.250483 -0.138726 0.152007 0.167354 0.335919 -0.083811 -0.176444 0.037749 0.091216 -0.278554 0.015997 -0.570613 0.096372 -0.453367 -0.092499 -0.098912 0.153499 0.004771 0.660774 -0.220467 -0.027599 -0.313296 0.416068 0.005849 0.701787 -0.346319 0.054384 -0.377586 -0.293701 0.185179 0.011581 -0.393062 0.180465 -0.281347 0.314418 -0.091703 0.292891 -0.266867 -0.070311 0.080817 0.686903 -0.029294 0.790252 -0.169097 0.270141 -0.105277 0.694983 -0.162718 0.237963 -0.328446 0.503059 -0.367308 -0.253183 -0.538339 -0.389549 -0.268490 0.067873 -0.082301 -0.028637 0.060609 -0.081912 -0.150359 -0.523521 -0.072761 -0.036838 0.290112 0.390796 -0.171771 0.162393 -0.142550 0.068346 -0.173041 0.096099 -0.279196 0.124415 0.115220 0.149361
0.010964 0.201388 0.040463 -0.188107 -0.208203 -0.244196 0.059855 -0.115588 -0.033454 -0.357697 -0.079415 0.041086 -0.172421 -0.126401 -0.227804 -0.068759 -0.051590 0.277385 1.000000 0.327110 0.330743 0.401182 0.026763 -0.318840 -0.021428 0.059275 -0.139836 -0.102544 0.067101 0.252701 0.296703 0.429260 0.423365 0.459165 -0.229319 -0.247320 -0.153840 0.022840 0.027230 -0.096707 0.000059 -0.015709 0.101884 0.062156 0.002417 -0.141593 0.068915 -0.033340 -0.286457 -0.151730 -0.274961 -0.218397 -0.262131 -0.209698 0.075257 0.130235 -0.076008 0.240334 -0.200413 -0.108872 -0.324260 -0.100309 -0.077452 0.150235 -0.026579 -0.277689 -0.062417 -0.143476 0.042488 -0.121541 -0.070602 0.108480 -0.002514 0.190953 0.111012 0.063731 -0.025263 -0.103007 0.171188 0.208770 -0.084401 0.251534 0.199522 0.344257 -0.166423 0.089981 -0.050356 0.256661 -0.152072 0.102419 -0.240449 -0.098185 -0.470607 -0.265569 0.117164 0.123066 0.032749 0.121255 0.209940 0.004808 0.083103 -0.217458 0.113322 0.132717 0.171777 0.352677 -0.044549 0.135772 0.074250 0.065704 -0.262090 0.204651 -0.018828 0.323494 0.290982 0.257248
0.481813 0.655309 -0.024929 -0.415701 -0.299109 -0.413208 0.023468 -0.428671 -0.104168 -0.580600 -0.121718 0.274221 -0.122839 0.232440 -0.154037 0.226773 -0.007359 0.328521 0.327110 1.000000 -0.094581 -0.105262 -0.248533 -0.326455 -0.291717 -0.294171 -0.300804 -0.133576 -0.090202 0.135840 -0.114234 -0.008609 0.349860 0.439343 -0.146903 -0.215411 -0.228444 -0.149894 -0.231773 -0.210311 -0.247753 0.212542 0.223464 0.153482 0.126902 -0.025550 0.175776 0.161519 0.031631 0.058685 -0.400951 -0.221891 -0.287813 -0.363717 -0.300782 -0.233555 0.206845 0.531628 0.185594 0.256157 -0.112437 0.207207 0.042802 0.216431 -0.564775 -0.362639 0.111532 -0.164362 0.595902 0.238839 -0.014322 -0.134927 -0.143018 0.083818 0.041098 0.040459 -0.165738 -0.217526 -0.182646 0.024784 -0.168339 0.132587 0.109234 0.355367 -0.381719 -0.010156 -0.250532 0.269232 -0.413247 -0.008732 0.172345 0.101359 -0.246676 -0.303656 -0.266824 -0.109094 0.119483 -0.254634 0.341839 -0.218896 -0.005775 -0.310012 0.160682 0.127529 -0.008180 0.123776 0.114729 0.294342 -0.143755 -0.069745 -0.270211 0.182027 -0.100325 -0.020802 -0.114654 0.133621
-0.050117 -0.117648 0.052599 0.152605 0.264233 0.313959 0.237194 0.221227 0.143450 0.184047 0.263369 0.007110 0.346076 -0.028292 0.319884 0.175994 0.066674 -0.054237 0.330743 -0.094581 1.000000 0.798960 0.301412 0.071553 0.367706 0.348680 0.524354 0.620729 0.307080 0.178226 0.690746 0.571212 0.094889 0.052631 -0.244150 -0.205159 -0.012756 -0.161733 0.371116 -0.131984 0.051610 -0.212904 -0.157224 -0.132314 -0.176916 -0.180172 -0.265542 -0.389097 -0.184393 -0.252363 -0.123154 -0.319395 -0.220431 -0.070661 0.037167 -0.266480 -0.160842 -0.211263 -0.410607 -0.288784 -0.071585 -0.225815 0.218214 -0.194205 0.126730 -0.369939 -0.281374 -0.237463 -0.213976 -0.131147 0.446597 0.466992 0.318352 0.226922 0.272169 0.184955 0.054533 -0.140642 0.439862 0.029416 0.078626 -0.180135 0.110496 0.106162 0.003368 -0.207395 0.490584 0.221737 -0.095444 -0.320001 -0.132806 -0.142989 0.013476 -0.257184 0.017614 -0.068337 -0.157462 -0.034867 -0.183586 -0.276849 -0.113925 -0.139660 -0.182921 0.051874 0.038924 0.076013 0.092329 0.092313 0.151819 -0.015913 -0.309050 -0.197194 -0.252246 -0.194877 -0.117873 0.015681
-0.125695 -0.113089 0.078848 0.089969 0.082378 0.140798 0.243162 0.243431 0.167080 0.036094 0.246329 0.232118 0.265062 0.133491 0.213262 0.213317 0.055208 0.150086 0.401182 -0.105262 0.798960 1.000000 0.203234 0.008982 0.189272 0.157225 0.386204 0.495338 0.355934 0.382671 0.642600 0.630891 0.138504 0.152614 -0.286809 -0.399348 0.050573 -0.087277 0.309470 -0.285989 0.190931 -0.106623 -0.129301 -0.107988 -0.221856 -0.293559 -0.254798 -0.441825 -0.286665 -0.334536 -0.188457 -0.390260 -0.296050 -0.070709 0.058239 -0.231584 -0.203233 -0.227617 -0.468363 -0.338852 -0.020156 -0.225772 0.257965 -0.109816 0.187660 -0.316406 -0.254028 -0.261365 -0.194834 -0.179364 0.381978 0.615329 0.324125 0.351741 0.276009 0.284642 -0.004720 -0.189583 0.536226 0.187984 0.136176 0.060353 0.096197 0.080212 -0.007640 -0.037248 0.426400 0.138423 -0.133270 -0.242718 -0.330330 -0.280915 -0.094549 -0.377177 0.081840 -0.036454 -0.315445 0.089489 -0.356550 -0.287837 -0.163678 -0.314081 -0.330596 -0.069811 0.248916 0.290234 0.115030 0.099709 0.230380 -0.051720 -0.335325 -0.203524 -0.270032 -0.181379 -0.042950 0.185996
-0.065972 -0.456792 0.596813 0.578465 0.424483 0.569161 0.518542 0.461458 0.430963 0.385709 0.251815 -0.308960 0.309731 -0.113655 0.538249 0.053953 -0.236650 -0.548156 0.026763 -0.248533 0.301412 0.203234 1.000000 0.702738 0.467312 0.374756 0.534165 0.509410 0.022811 -0.470725 0.249638 0.141549 -0.049750 -0.157067 0.155021 0.023662 0.024726 -0.261416 0.176121 0.071688 -0.027599 -0.350990 -0.393279 -0.495950 -0.288661 -0.205471 -0.324879 -0.387891 -0.092855 -0.298317 0.237062 -0.290260 0.233203 -0.007803 -0.220155 -0.253211 -0.189412 -0.413477 -0.094395 -0.231247 -0.010874 -0.324818 -0.258064 -0.480680 0.523359 -0.084984 -0.140403 0.013534 -0.299411 -0.101715 0.411462 0.072106 0.019631 -0.193877 -0.009220 -0.092500 -0.016690 -0.244890 -0.045367 -0.449529 -0.153464 -0.505767 0.065127 -0.313433 0.135747 -0.403873 0.152060 -0.173951 0.202036 -0.327235 0.210496 0.183030 0.434711 0.347567 0.065845 -0.245220 -0.321350 -0.025686 -0.218886 -0.111651 -0.055693 0.243661 -0.156204 -0.028379 -0.181252 -0.077489 0.079834 -0.110780 -0.025533 -0.424275 -0.101412 -0.164504 0.084360 -0.095208 -0.196645 -0.024584
-0.180142 -0.472074 0.242092 0.859205 0.473932 0.725066 0.242623 0.546518 0.283889 0.618420 0.059266 -0.294592 0.172175 -0.132781 0.291491 -0.012416 -0.172734 -0.570630 -0.318840 -0.326455 0.071553 0.008982 0.702738 1.000000 0.478107 0.481829 0.472130 0.445755 -0.060049 -0.515766 0.010583 -0.097386 -0.131692 -0.361026 0.219285 0.112059 0.161684 0.006074 0.096072 0.325837 0.034523 -0.184809 -0.347492 -0.415095 -0.306146 -0.207708 -0.201863 -0.185080 -0.004429 -0.230391 0.340928 -0.143796 0.456210 0.258920 -0.172562 -0.012116 -0.045134 -0.409550 -0.206971 -0.285512 -0.023507 -0.447368 -0.146483 -0.454641 0.307737 -0.013264 -0.097598 0.005991 -0.256957 0.003145 0.254103 0.003930 -0.000919 -0.224149 -0.064025 -0.135860 -0.065852 -0.152086 -0.067858 -0.291068 -0.145356 -0.433030 -0.144011 -0.204447 -0.058435 -0.338972 0.126908 -0.083995 0.235709 -0.258080 0.365624 0.211794 0.600908 0.440729 0.132092 -0.060988 -0.171912 0.150805 -0.247237 0.143850 0.021357 0.368415 -0.107818 -0.065641 -0.147073 -0.154351 -0.005335 -0.235675 0.052803 -0.243164 0.194289 -0.086979 0.303333 -0.101487 -0.104232 0.049569
-0.281915 -0.325374 0.114448 0.447995 0.493529 0.702059 0.111618 0.175379 0.250762 0.373537 -0.177566 -0.379198 -0.000855 -0.378502 0.100738 -0.244891 -0.273020 -0.343601 -0.021428 -0.291717 0.367706 0.189272 0.467312 0.478107 1.000000 0.639256 0.565890 0.421247 -0.154630 -0.358582 0.082367 -0.101504 -0.166428 -0.384482 0.237497 0.081133 -0.024046 -0.137733 0.375725 0.330219 -0.178655 -0.296378 -0.271021 -0.171525 -0.046541 -0.047550 -0.132594 -0.113633 0.056978 -0.015392 0.273838 -0.050790 0.324480 0.205077 0.030905 0.042499 -0.247180 -0.319623 -0.139523 -0.127870 -0.112895 -0.158482 -0.129514 -0.242879 0.300967 -0.080893 -0.023886 0.099328 -0.263661 -0.186145 0.141950 -0.184848 -0.077015 -0.241099 -0.108955 -0.285717 -0.144693 -0.149564 -0.161757 -0.310488 -0.277568 -0.303036 -0.233510 -0.142573 0.163811 -0.135450 0.229274 0.002734 0.226162 -0.089042 0.053075 0.152490 0.305793 0.257254 0.235141 0.109571 -0.051885 0.133810 -0.036868 0.106895 -0.160086 0.313660 0.035002 0.126652 -0.144473 -0.120410 -0.099402 -0.170526 0.171365 -0.226187 0.149655 0.029687 0.274275 0.126831 0.092803 0.159861
-0.134097 -0.146497 -0.252283 0.514770 0.252859 0.644688 -0.190062 0.356272 -0.195621 0.407248 -0.112336 -0.304012 -0.064109 -0.280083 -0.045348 -0.098367 -0.158449 -0.325595 0.059275 -0.294171 0.348680 0.157225 0.374756 0.481829 0.639256 1.000000 0.579032 0.445085 -0.208598 -0.410918 0.174441 0.137926 -0.116676 -0.329036 0.151543 0.394507 -0.087774 0.082498 0.145460 0.442187 -0.098272 -0.357772 -0.382078 -0.235572 -0.325120 -0.111635 -0.255293 -0.163987 -0.156382 -0.169469 0.191764 0.101267 0.240886 0.205008 0.115280 0.071683 -0.025312 -0.170127 -0.297093 -0.293245 -0.328442 -0.253132 -0.036270 -0.157589 0.193230 0.091475 -0.180925 0.032090 -0.202214 -0.085672 -0.019501 -0.094646 -0.111714 -0.164297 -0.122611 -0.277942 -0.151342 0.033458 0.021539 -0.124435 -0.115874 -0.316195 -0.160857 0.102337 0.096629 0.003708 0.257646 0.171806 0.190680 0.059389 0.029972 -0.044994 0.247951 0.269990 0.201082 0.122505 -0.034416 0.267261 -0.171079 0.054000 -0.100923 0.350961 0.177488 0.255885 0.022911 -0.087253 0.043788 -0.154133 0.157289 -0.008468 0.251438 -0.134739 0.171790 -0.021032 -0.080977 0.063775
-0.008021 -0.344171 0.071032 0.422344 0.479997 0.794911 0.146267 0.302563 0.160092 0.525529 0.166325 -0.226374 0.183476 -0.162358 0.362243 0.168502 0.073208 -0.377413 -0.139836 -0.300804 0.524354 0.386204 0.534165 0.472130 0.565890 0.579032 1.000000 0.640223 0.130897 -0.159701 0.227572 0.079591 -0.135346 -0.219705 -0.042401 0.023256 0.125029 -0.098010 0.183630 0.143771 0.105839 -0.178145 -0.523348 -0.443020 -0.418670 -0.277156 -0.430729 -0.489893 -0.173411 -0.321555 0.145733 -0.234893 0.018538 0.052825 -0.080681 -0.246862 0.037562 -0.254564 -0.261448 -0.358653 0.005111 -0.236900 0.142167 -0.263530 0.272756 -0.040090 -0.316301 -0.213481 -0.409630 -0.209972 0.378095 0.124035 0.222530 0.106823 0.177354 0.044338 0.102945 0.074551 0.193053 -0.136993 0.121370 -0.350740 -0.172474 -0.086139 0.166787 -0.206765 0.380399 0.028477 0.095585 -0.237907 -0.015834 0.014607 0.399010 0.202951 0.071547 -0.122495 -0.237900 0.034002 -0.362243 -0.104122 -0.059839 0.282653 -0.021992 0.024469 -0.110169 -0.143720 0.234082 -0.135219 0.096119 -0.167533 -0.068984 -0.146158 -0.154178 -0.243531 -0.273602 0.023272
0.084949 -0.147664 0.124096 0.335355 0.300136 0.509565 0.249928 0.299103 0.189183 0.290024 0.240428 -0.031785 0.311259 0.035395 0.545523 0.333657 -0.096799 -0.193028 -0.102544 -0.133576 0.620729 0.495338 0.509410 0.445755 0.421247 0.445085 0.640223 1.000000 0.100398 -0.109910 0.464046 0.365440 -0.088272 -0.191645 -0.062036 -0.051541 0.096202 -0.054486 0.366696 -0.003446 0.081841 -0.118524 -0.317002 -0.301378 -0.380526 -0.272367 -0.310769 -0.358180 -0.210737 -0.300984 -0.198589 -0.355355 -0.174689 -0.018163 -0.031497 -0.249233 -0.097203 -0.268293 -0.280915 -0.267980 -0.029137 -0.209007 0.056266 -0.270104 0.190381 -0.248134 -0.357990 -0.214118 -0.279493 -0.061854 0.385240 0.312268 0.145197 0.040371 0.075888 0.063656 -0.071981 -0.186665 0.068410 -0.145707 0.038342 -0.286808 -0.001509 -0.108933 0.203868 -0.157710 0.478504 0.158538 0.064843 -0.209516 0.047766 -0.009031 0.226684 -0.066065 0.038569 -0.213775 -0.233463 -0.156898 -0.300479 -0.351706 -0.240900 -0.097282 -0.230193 -0.199906 -0.151824 -0.132006 0.199716 -0.127800 0.091768 -0.213446 -0.107563 -0.231082 -0.149370 -0.338882 -0.414943 -0.080623
0.212071 -0.420412 0.182508 0.003899 0.183191 0.055582 0.403887 0.179182 0.094102 0.306784 0.538934 -0.017680 0.617384 0.182707 0.375606 0.024535 0.625749 -0.218546 0.067101 -0.090202 0.307080 0.355934 0.022811 -0.060049 -0.154630 -0.208598 0.130897 0.100398 1.000000 0.448197 0.597146 0.351458 0.446226 0.389335 -0.197622 -0.311952 0.655621 -0.037737 0.340229 -0.401098 0.698988 0.348355 0.022774 -0.060578 0.013754 -0.091206 -0.071177 -0.253357 -0.007743 -0.281643 0.018072 -0.504311 -0.169539 -0.243360 0.277010 -0.246666 0.176232 -0.391933 -0.128844 -0.270993 0.537871 -0.333591 0.574382 -0.438156 0.072487 -0.456231 0.074270 -0.375825 -0.239868 -0.327003 0.616150 0.566433 0.948382 0.548802 0.821790 0.560504 0.770888 0.426153 0.481300 0.049009 0.620823 -0.084138 0.494152 -0.005617 0.087076 -0.542015 0.383912 -0.012434 0.056060 -0.581243 -0.240528 -0.378405 -0.155276 -0.385281 0.067770 -0.107512 0.042890 -0.165993 -0.224530 -0.235919 -0.113835 -0.217961 -0.454762 -0.374072 -0.206663 -0.189202 0.124772 -0.089965 -0.020806 0.027359 -0.216811 -0.074920 -0.241098 -0.314402 -0.152400 -0.087714
-0.067100 0.175474 -0.284543 -0.360639 -0.291489 -0.458058 -0.118011 -0.142970 -0.136328 -0.313508 0.092216 0.525223 -0.017317 0.371303 -0.092027 0.323649 0.259457 0.607878 0.252701 0.135840 0.178226 0.382671 -0.470725 -0.515766 -0.358582 -0.410918 -0.159701 -0.109910 0.448197 1.000000 0.320163 0.401628 0.216696 0.428025 -0.444777 -0.405687 0.261169 0.284961 0.119523 -0.397453 0.405939 0.470939 0.157173 0.298224 0.104520 -0.089639 0.121399 -0.046790 -0.162907 0.006375 -0.383769 -0.129177 -0.470293 -0.085913 0.200509 0.082586 -0.043552 0.155913 -0.245436 -0.148156 0.031718 0.075120 0.354327 0.276684 -0.263673 -0.248338 -0.233305 -0.414921 -0.173466 -0.264515 -0.006356 0.530159 0.443130 0.739495 0.487219 0.647390 0.283982 0.271118 0.315490 0.580529 0.305111 0.560699 0.024850 0.256699 -0.123755 0.244480 0.095040 0.259977 -0.316629 0.045051 -0.525944 -0.574167 -0.532745 -0.619273 -0.030576 0.103087 0.126801 -0.023217 -0.029960 -0.168528 -0.154276 -0.502355 -0.355985 -0.326592 0.085609 0.114692 -0.079637 0.093659 0.028424 0.217152 -0.231418 0.122416 -0.346857 -0.053421 0.093211 0.116144
0.085563 -0.171160 0.094765 0.150647 -0.034518 0.072725 0.350331 0.445478 -0.059980 0.058141 0.553963 0.219930 0.557983 0.305944 0.392907 0.291763 0.184341 -0.055801 0.296703 -0.114234 0.690746 0.642600 0.249638 0.010583 0.082367 0.174441 0.227572 0.464046 0.597146 0.320163 1.000000 0.865340 0.264963 0.329023 -0.311993 -0.213452 0.234381 -0.127139 0.421572 -0.380639 0.386826 -0.059236 -0.155051 -0.118501 -0.189594 -0.204600 -0.306142 -0.419302 -0.167527 -0.379922 -0.137951 -0.426845 -0.230233 -0.232273 0.188900 -0.341289 -0.139120 -0.349773 -0.353775 -0.321220 0.202152 -0.252489 0.335451 -0.323763 0.264102 -0.336881 -0.203342 -0.287760 -0.265693 -0.344248 0.498373 0.647185 0.555147 0.323301 0.468710 0.385118 0.278703 0.101578 0.522563 0.025120 0.255640 -0.118755 0.404248 0.062448 0.140881 -0.235234 0.471030 0.139405 -0.093807 -0.379493 -0.295250 -0.496338 -0.154812 -0.463142 0.106510 -0.080017 -0.083458 -0.046619 -0.352039 -0.482944 -0.423011 -0.394702 -0.402931 -0.197084 -0.023208 0.026445 0.046733 0.061787 0.039592 0.032470 -0.279637 -0.387502 -0.331384 -0.255399 -0.245474 -0.068597
0.045485 0.099822 -0.066580 0.066106 -0.297117 -0.136239 0.127301 0.379293 -0.195112 -0.198115 0.425130 0.441021 0.248009 0.335267 0.175621 0.371296 -0.002731 0.242217 0.429260 -0.008609 0.571212 0.630891 0.141549 -0.097386 -0.101504 0.137926 0.079591 0.365440 0.351458 0.401628 0.865340 1.000000 0.207836 0.386913 -0.380390 -0.216709 -0.005471 0.012753 0.184224 -0.382816 0.237629 -0.089458 -0.123503 -0.026417 -0.243164 -0.215687 -0.304620 -0.353364 -0.264653 -0.328294 -0.228503 -0.255819 -0.287326 -0.196826 0.054780 -0.234790 -0.203096 -0.069227 -0.405533 -0.325948 -0.126197 -0.190962 0.140972 -0.059166 0.147491 -0.268426 -0.352502 -0.293068 -0.207619 -0.292813 0.262863 0.709421 0.279252 0.350595 0.249475 0.425814 0.043834 0.018578 0.525750 0.247817 0.137285 0.113430 0.269683 0.225370 0.025986 0.053544 0.242155 0.188574 -0.269031 -0.171102 -0.337179 -0.523106 -0.266947 -0.441413 0.027309 -0.021202 -0.142899 0.044266 -0.331997 -0.423853 -0.391285 -0.448959 -0.280169 -0.071211 0.194437 0.264367 0.033297 0.125682 0.020720 0.060173 -0.260192 -0.342407 -0.355746 -0.169149 -0.178371 -0.003866
0.233169 -0.061876 0.042978 -0.112265 -0.120778 -0.137517 0.181690 -0.056255 -0.012008 -0.011830 -0.116022 -0.211292 0.127083 -0.064355 -0.235691 -0.224546 0.291231 -0.048435 0.423365 0.349860 0.094889 0.138504 -0.049750 -0.131692 -0.166428 -0.116676 -0.135346 -0.088272 0.446226 0.216696 0.264963 0.207836 1.000000 0.625168 -0.005158 -0.322166 0.378191 0.057417 0.103495 -0.080312 0.439719 0.332791 0.263084 0.121356 0.201558 0.003781 0.283012 0.058677 -0.004519 -0.066708 -0.095166 -0.348342 -0.111577 -0.173775 0.208776 0.105291 0.260840 0.030529 -0.016117 0.031063 0.109620 -0.252197 0.347121 -0.174173 -0.251901 -0.437209 0.364717 -0.268881 0.321569 -0.006680 0.096601 0.150252 0.447042 0.159938 0.403928 0.142625 0.346589 -0.001365 0.001359 0.073266 0.268340 0.151851 0.214504 0.174167 -0.158893 -0.277540 -0.019910 0.088926 -0.141138 -0.304210 -0.202809 -0.220196 -0.383888 -0.382965 0.006609 -0.033285 0.187027 -0.112523 0.127720 0.012056 0.008314 -0.271212 -0.178955 -0.190191 0.024999 0.110579 -0.035195 -0.238208 -0.175664 -0.033891 -0.129607 0.278649 0.015084 -0.076831 -0.050827 0.051394
0.334121 0.245422 -0.007051 -0.329925 -0.363897 -0.397854 0.118995 -0.075580 -0.152181 -0.353662 0.199268 0.236370 0.151043 0.305398 -0.090996 0.223529 0.170406 0.205348 0.459165 0.439343 0.052631 0.152614 -0.157067 -0.361026 -0.384482 -0.329036 -0.219705 -0.191645 0.389335 0.428025 0.329023 0.386913 0.625168 1.000000 -0.260149 -0.167003 0.090385 -0.171492 -0.118519 -0.440730 0.275094 0.181495 0.126450 0.062480 0.040112 -0.055998 0.084892 -0.035543 -0.229268 -0.218046 -0.399032 -0.458747 -0.428370 -0.388664 -0.077377 -0.236805 0.162843 0.223882 0.020214 0.009141 0.194047 -0.043620 0.351183 0.074660 -0.099403 -0.189497 0.173939 -0.211931 0.233470 -0.079447 0.103180 0.234652 0.340589 0.346596 0.373272 0.380264 0.255337 0.066745 0.168286 0.196749 0.170782 0.262817 0.265241 0.146537 -0.119134 -0.153245 -0.037910 -0.005020 -0.347902 -0.246081 -0.265691 -0.351460 -0.406873 -0.493519 0.043457 -0.035020 0.085892 -0.126228 0.043482 -0.282089 -0.097874 -0.426151 -0.116297 -0.066333 0.133192 0.169621 0.150400 0.188916 -0.093021 0.067485 -0.332316 0.040110 -0.210999 0.055004 -0.024389 0.149296
-0.160251 -0.175478 0.171136 0.181464 0.166008 0.216106 -0.016978 0.002125 0.288021 0.265160 -0.261646 -0.381228 -0.104857 -0.413142 -0.011773 -0.380170 -0.193537 -0.333025 -0.229319 -0.146903 -0.244150 -0.286809 0.155021 0.219285 0.237497 0.151543 -0.042401 -0.062036 -0.197622 -0.444777 -0.311993 -0.380390 -0.005158 -0.260149 1.000000 0.480533 -0.059690 0.058562 0.038078 0.463628 -0.247595 -0.017191 -0.058731 -0.126440 0.108854 0.258516 -0.058073 0.034145 0.146162 0.051997 0.349026 0.195593 0.390345 0.121595 -0.104215 -0.029334 -0.082107 -0.156479 0.116379 0.079718 -0.076957 -0.153029 -0.171779 -0.115380 0.203204 0.214908 0.227598 0.339546 0.134007 0.201559 -0.062599 -0.303285 -0.194080 -0.334563 -0.296244 -0.275024 -0.150712 -0.140885 -0.482752 -0.281181 -0.176564 -0.147648 0.052787 -0.057655 0.221648 -0.038785 0.041920 -0.229202 0.275885 0.000081 0.297357 0.230167 0.281765 0.450692 -0.015883 0.024756 -0.173075 -0.100330 -0.071598 0.129191 0.122244 0.451667 0.182830 0.090964 -0.089273 -0.179410 -0.167361 -0.322432 0.056481 -0.304247 0.312644 0.020699 0.214785 0.015783 0.063483 0.005936
0.109127 0.065715 -0.228312 0.113339 0.053515 0.085847 -0.364136 0.011449 -0.151958 0.156714 -0.009752 -0.187190 -0.066423 -0.130027 0.001585 -0.121760 -0.016752 -0.226218 -0.247320 -0.215411 -0.205159 -0.399348 0.023662 0.112059 0.081133 0.394507 0.023256 -0.051541 -0.311952 -0.405687 -0.213452 -0.216709 -0.322166 -0.167003 0.480533 1.000000 -0.194904 0.067141 -0.191590 0.330311 -0.239635 -0.212531 -0.183905 -0.157627 -0.162458 0.207647 -0.206981 0.103920 -0.141150 -0.077860 0.035038 0.237128 0.212890 0.120184 -0.115726 -0.067774 0.174086 -0.003813 0.139202 0.015202 -0.031026 0.047238 -0.065558 0.110172 0.094951 0.451709 -0.030624 0.258834 0.075706 0.192435 -0.213493 -0.320963 -0.243938 -0.239219 -0.295477 -0.174380 -0.066611 0.108975 -0.142856 -0.086290 -0.066013 -0.173602 -0.020917 -0.035059 0.153952 0.041024 0.120448 -0.035506 0.221238 0.193678 0.200808 0.107922 0.158798 0.362244 0.063466 0.191606 -0.014757 0.157881 -0.057935 0.088488 0.019959 0.395535 0.311941 0.325076 0.004839 -0.218688 0.122175 0.052150 0.087274 0.144448 0.373973 -0.252780 0.061540 0.134200 0.036745 0.045054
