1.000000 0.462547 -0.269545 -0.575383 -0.039353 -0.193638 0.034445 -0.472585 0.278661 0.011071 0.539027 -0.112912 0.413735 0.107755 -0.241773 -0.141175 0.423839 0.163429 0.000458 -0.164776 -0.080463 0.046674 -0.462777 -0.711553 -0.086816 -0.372194 -0.127323 -0.220255 -0.022861 -0.128967 -0.447098 -0.639739 -0.033434 -0.224725 -0.073303 -0.115612 0.018988 0.022416 -0.193115 -0.143020 -0.100809 -0.263794 0.194717 0.213301 0.183513 -0.111997 0.192993 0.241068 0.400637 0.283555 0.195355 0.360052 0.257368 0.088049 0.371820 0.231389 0.418660 0.485785 0.542511 0.281334 0.257975 -0.084997 0.099958 0.097239 -0.258355 -0.110984 0.161085 -0.082509 0.201938 -0.360382 -0.176387 -0.444577 0.072694 -0.215636 -0.106618 -0.120444 0.191299 -0.149903 -0.050532 -0.127234 0.153481 0.017506 -0.079590 -0.333605 -0.094672 -0.199751 -0.044507 -0.160802 -0.358131 -0.169349 0.361073 0.210510 -0.395845 0.061958 -0.022736 -0.002978 0.375271 -0.012619 0.309650 0.328103 -0.144258 0.173442 -0.196800 0.123571 0.189855 0.139327 0.193947 -0.109504 -0.132630 0.121336 -0.059508 0.250359 0.334389 0.069645 0.152723 0.255058
0.462547 1.000000 -0.398429 -0.393066 -0.202163 -0.164339 -0.172534 -0.183893 0.307875 0.057264 0.377572 0.328063 0.296320 0.361007 -0.251673 -0.154264 0.279952 0.405254 -0.263226 0.218092 0.136300 0.055461 -0.560559 -0.548784 -0.299499 -0.246462 -0.119279 -0.138312 0.061935 0.198335 -0.264423 -0.430012 0.377923 0.205017 -0.215487 -0.056370 0.072214 0.139752 -0.078698 -0.113098 0.055467 -0.017572 -0.116143 -0.157352 -0.111009 -0.309313 -0.172375 -0.059927 0.136088 -0.004537 -0.036118 0.067952 -0.102194 -0.200923 -0.035452 -0.100667 0.311781 0.564694 0.355916 0.511642 0.150381 0.276280 0.224731 0.470829 -0.341563 0.119862 0.371392 0.035678 0.429092 0.023473 -0.359372 -0.441416 0.178791 0.186178 0.180489 0.068077 0.147979 0.007469 0.030650 -0.076914 0.412589 0.229183 -0.053161 -0.138882 -0.082353 -0.044427 0.313000 0.058416 -0.482652 -0.206547 0.091259 0.007173 -0.264866 -0.102001 -0.104329 -0.035361 0.002020 -0.045905 -0.010628 0.014659 -0.100641 -0.221113 -0.005506 0.041260 0.205425 -0.045072 0.091533 0.034275 -0.216396 -0.090758 0.093360 -0.009597 0.242253 -0.005963 -0.008545 0.037194
-0.269545 -0.398429 1.000000 0.230036 0.220779 -0.052361 0.632543 0.453744 -0.093223 -0.104277 -0.320866 -0.157252 -0.211175 0.049481 0.120940 0.204192 -0.181308 -0.131071 0.398836 -0.095469 0.136462 -0.065747 0.482951 0.254795 0.130002 0.014890 0.159803 -0.128997 0.050670 0.045010 0.429637 0.210592 0.058699 0.097798 -0.157004 -0.259108 -0.388879 -0.573415 -0.090291 -0.262506 -0.256527 -0.071480 -0.060057 -0.069968 -0.091618 -0.081701 -0.060202 -0.225801 -0.242097 -0.200381 -0.282152 -0.303670 -0.124251 -0.178933 -0.329383 -0.255365 -0.188952 -0.365642 -0.109696 -0.222741 0.171359 0.119459 -0.129324 -0.141572 0.227842 -0.144661 -0.082352 -0.070243 -0.233160 0.090553 0.113011 0.064785 0.088713 -0.022243 -0.103753 -0.099082 -0.252543 -0.270831 -0.051894 -0.000615 -0.389758 -0.206188 -0.021388 0.005072 -0.016393 0.019530 -0.168847 -0.243218 0.442592 0.152662 -0.243228 -0.235367 -0.111273 0.045545 -0.138573 -0.176540 -0.160322 -0.271518 -0.265369 -0.253860 0.040992 0.112011 0.192195 0.091448 0.007634 -0.187327 -0.130058 0.200791 -0.025062 -0.193424 -0.234330 -0.073488 -0.236524 -0.054975 -0.113998 0.027138
-0.575383 -0.393066 0.230036 1.000000 -0.144434 0.094665 -0.144416 0.488628 -0.543076 -0.466242 -0.429044 0.290266 -0.268739 -0.060114 0.368467 0.287299 -0.572211 -0.296658 0.250503 0.170675 0.095396 -0.008856 0.716783 0.752540 0.228903 0.342185 0.261416 0.302497 0.120383 0.038759 0.603002 0.727402 -0.034699 0.114003 0.019587 -0.041320 0.038346 -0.133437 0.199482 0.161893 0.037660 -0.053433 -0.220362 -0.185945 -0.260312 -0.107244 -0.131812 -0.288939 -0.511113 -0.322314 -0.119781 -0.285076 -0.211522 -0.103925 -0.171056 -0.063110 -0.289139 -0.481468 -0.639452 -0.352492 -0.313843 -0.049849 -0.299551 -0.276517 0.345496 -0.009537 -0.327392 -0.282326 -0.230897 0.106961 0.126855 0.393778 -0.107001 0.058004 0.107948 0.151740 -0.095215 0.052756 -0.148915 -0.046218 -0.167691 -0.261942 0.373920 0.435031 0.202392 0.357825 0.271541 0.154049 0.323700 0.377798 -0.376978 -0.277184 0.349752 -0.131563 -0.058416 0.091446 -0.308132 0.049310 -0.173468 -0.136128 0.095138 -0.303997 0.136622 -0.162632 -0.175421 -0.267682 -0.231582 0.055079 -0.106896 -0.219239 -0.225038 -0.179461 -0.241439 -0.115571 -0.165329 -0.076262
-0.039353 -0.202163 0.220779 -0.144434 1.000000 0.292000 0.226823 0.065687 -0.010987 -0.009850 0.143669 -0.185819 0.094937 0.041804 0.139413 0.160448 -0.046162 0.080939 -0.048242 -0.219149 0.198987 0.211508 0.117820 0.023606 0.475223 0.085985 0.458943 0.330749 0.067891 -0.058540 0.012208 -0.055266 0.000711 -0.004359 -0.086030 -0.062999 -0.351523 -0.210991 -0.376356 -0.181122 -0.091695 0.204886 -0.024736 -0.029051 0.008215 0.082020 -0.067749 -0.039447 0.009976 -0.100523 -0.027356 -0.119493 -0.016643 -0.092640 -0.143693 -0.278463 -0.091729 -0.021812 -0.015351 -0.109007 0.100195 0.074967 0.038522 -0.022118 0.069295 -0.099309 -0.058196 0.045856 0.172252 -0.033058 0.101413 0.069751 0.176175 -0.258286 -0.162109 -0.092101 -0.255128 -0.405861 0.130529 0.011820 -0.244533 -0.034283 -0.098423 -0.007762 -0.162246 -0.336060 -0.236064 -0.044345 0.297932 -0.151229 0.029187 -0.012491 0.093143 0.178613 -0.073884 -0.419286 -0.174554 -0.154565 -0.168781 -0.224845 0.017529 0.334640 0.051778 0.132022 -0.139177 -0.067400 -0.005978 -0.059216 0.270541 0.009304 0.064500 0.158044 -0.173179 0.083282 -0.194969 -0.286121
-0.193638 -0.164339 -0.052361 0.094665 0.292000 1.000000 -0.011425 0.096847 0.032487 -0.065302 -0.153498 -0.166189 0.019756 -0.034373 0.258596 0.508713 -0.000864 -0.103322 -0.121855 -0.082877 0.409779 0.356721 0.050511 0.182791 0.317066 0.457465 0.588922 0.645072 -0.227693 -0.120792 0.026250 0.074857 -0.168155 0.004455 -0.019250 0.139049 -0.340030 -0.197952 -0.173277 0.223661 -0.147308 -0.023409 -0.250605 -0.178614 -0.142487 0.074068 -0.311145 -0.206609 -0.006593 -0.193461 0.114814 -0.023754 0.062971 -0.077067 -0.087352 -0.220850 -0.136023 -0.002675 0.145023 0.072645 -0.118776 0.064173 -0.228868 -0.018703 0.180386 0.367172 0.053055 0.204926 0.086532 0.003976 -0.094884 0.232863 -0.315484 -0.142293 -0.286543 -0.202705 -0.259760 -0.248980 -0.121800 -0.006961 -0.399725 -0.207966 -0.180298 0.116132 -0.111820 -0.097005 0.106092 0.191973 0.221273 -0.023104 0.035895 -0.088595 0.232353 0.049673 -0.065200 -0.248752 -0.303695 -0.131609 -0.331539 -0.219261 0.058332 0.034819 -0.012370 -0.009535 -0.001499 -0.147214 0.075422 -0.238482 -0.002110 -0.229988 0.003974 -0.232896 -0.168926 -0.240085 -0.209948 -0.294002
0.034445 -0.172534 0.632543 -0.144416 0.226823 -0.011425 1.000000 0.538710 0.203160 0.186557 0.049126 -0.106218 0.187166 0.387591 -0.048590 0.271297 0.221792 0.222760 0.174005 -0.424054 0.273895 0.088494 -0.067962 -0.240350 -0.014085 -0.289630 0.078154 -0.328947 0.231977 0.393689 0.204713 -0.130606 0.123682 0.272104 -0.240926 -0.351448 -0.408994 -0.553711 -0.315310 -0.379510 -0.263414 -0.102914 -0.211175 -0.141974 -0.240689 -0.225254 -0.213179 -0.226159 -0.164710 -0.151958 -0.466688 -0.368227 -0.148659 -0.394216 -0.369985 -0.333443 -0.122777 -0.203023 0.233654 0.082914 0.490998 0.379674 0.271110 0.234391 -0.004906 0.034596 0.164494 0.060226 -0.053025 0.048602 0.071500 -0.046048 0.449906 -0.070220 -0.061168 0.027413 -0.192695 -0.321907 0.182538 0.137887 -0.119660 0.054495 -0.223908 -0.097328 -0.202787 -0.168208 -0.227293 -0.423448 0.136918 -0.213754 -0.143364 -0.265187 -0.252886 -0.004035 -0.168220 -0.189162 -0.231861 -0.363388 -0.327868 -0.349782 0.062536 0.346681 0.100336 0.092583 -0.031322 -0.222352 -0.184731 0.148551 -0.089911 -0.289658 -0.334264 -0.048522 -0.128243 -0.003317 -0.208297 -0.060429
-0.472585 -0.183893 0.453744 0.488628 0.065687 0.096847 0.538710 1.000000 -0.136360 0.081239 -0.309358 0.133285 -0.068365 0.371911 0.106914 0.369698 -0.259169 0.040666 0.008197 -0.202373 0.279027 0.067094 0.202739 0.286230 -0.046136 0.007291 0.113029 -0.106617 0.176617 0.383927 0.421832 0.318367 0.179825 0.324770 -0.209014 -0.245894 -0.221234 -0.423502 -0.131744 -0.193885 0.001413 0.032818 -0.365448 -0.301970 -0.367901 -0.210104 -0.331204 -0.392194 -0.419118 -0.297125 -0.476865 -0.494802 -0.325756 -0.468603 -0.479098 -0.411224 -0.371102 -0.518272 -0.231894 0.089106 0.112506 0.475751 0.121591 0.193875 0.141445 0.247767 0.056074 0.075392 -0.112391 0.217301 0.061242 0.156646 0.295836 0.023549 0.019802 0.075452 -0.319119 -0.240272 0.112676 0.016854 -0.001097 -0.039265 0.141288 0.234920 -0.100771 0.059124 -0.007999 -0.175143 0.196907 -0.021136 -0.327485 -0.500873 0.170805 -0.185063 -0.227132 -0.066843 -0.459296 -0.230868 -0.397800 -0.483558 0.219357 -0.015553 0.304985 -0.094274 -0.025238 -0.386794 -0.171196 0.148251 -0.157101 -0.477799 -0.374522 -0.251606 -0.243931 -0.151113 -0.328815 -0.182078
0.278661 0.307875 -0.093223 -0.543076 -0.010987 0.032487 0.203160 -0.136360 1.000000 0.452229 0.353774 -0.010490 0.346024 0.242098 -0.092854 0.057311 0.434651 0.366688 -0.241109 -0.085861 -0.089770 -0.068214 -0.569146 -0.472329 -0.313750 -0.263437 -0.091921 -0.243766 -0.015362 0.187853 -0.395601 -0.466513 0.129602 0.112769 -0.050298 0.098144 0.105726 -0.008252 0.143672 0.001574 0.100850 -0.091320 -0.080389 -0.025116 -0.191712 -0.147962 -0.187818 -0.017034 0.088162 -0.045197 -0.082556 -0.073643 -0.093655 -0.254805 0.016968 -0.147485 0.162019 0.151733 0.508965 0.409100 0.234396 0.228898 0.359057 0.358328 -0.254907 0.143317 0.509687 0.247382 0.079923 0.002759 -0.201409 -0.262540 0.251393 -0.005668 0.082575 0.083540 0.204470 0.018838 0.375038 0.227532 0.326818 0.353807 -0.153669 -0.281297 -0.083362 -0.238847 -0.261528 -0.002598 -0.217061 -0.164284 0.019656 -0.095422 -0.243971 0.117195 0.123490 0.059097 0.087842 -0.173379 -0.096748 -0.114456 -0.210415 0.046338 -0.172085 -0.152701 0.094018 0.086083 0.011607 0.058097 -0.171353 -0.034992 0.047151 -0.022524 0.054198 -0.243532 0.193607 -0.008546
0.011071 0.057264 -0.104277 -0.466242 -0.009850 -0.065302 0.186557 0.081239 0.452229 1.000000 0.056716 -0.223994 -0.120375 -0.084644 -0.401070 -0.199794 0.281129 0.075651 -0.252895 -0.166730 -0.244488 -0.337083 -0.520837 -0.303838 -0.619765 -0.382022 -0.464945 -0.512029 -0.174753 0.018652 -0.420436 -0.455890 0.031464 -0.057675 -0.117711 0.000955 0.134666 0.024514 -0.150681 -0.233366 0.088186 0.201566 0.129044 0.065270 0.163256 0.115902 0.036403 0.182173 0.316424 0.262726 0.034616 0.095440 0.101241 0.011126 0.143367 -0.043529 -0.206351 -0.079123 0.319342 0.345288 0.266251 0.051902 0.392520 0.104922 -0.040278 0.223888 0.344458 0.458876 -0.087949 0.211477 0.014329 -0.300049 0.130285 -0.194255 -0.011301 -0.118750 -0.077330 -0.046545 0.195709 -0.058965 0.204968 0.134348 -0.198472 -0.257718 -0.172036 -0.123567 -0.381311 -0.188451 -0.255459 -0.240140 0.291434 0.184420 0.138177 0.067982 0.018322 0.136308 0.139762 -0.006926 0.105520 -0.100014 0.025989 0.247119 0.051407 0.051304 0.143324 0.165530 0.310275 -0.073993 0.107612 -0.022593 0.015233 0.082208 0.114971 0.070457 0.252537 0.012328
0.539027 0.377572 -0.320866 -0.429044 0.143669 -0.153498 0.049126 -0.309358 0.353774 0.056716 1.000000 0.295830 0.663361 0.190650 0.040448 -0.161930 0.367299 0.395874 0.054711 0.164787 -0.023552 -0.069607 -0.382607 -0.397479 -0.156756 -0.345329 -0.071802 -0.074058 0.421485 0.187580 -0.141239 -0.311613 0.072435 0.106002 -0.165630 -0.121652 0.054208 0.048952 -0.289585 -0.195666 0.005463 0.017116 -0.173186 -0.130278 -0.240269 -0.302476 -0.218876 -0.087882 -0.008662 -0.178660 -0.103946 -0.163947 -0.100138 -0.213234 0.016745 -0.244800 0.233375 0.371829 0.295530 0.130571 0.295851 -0.035364 0.425065 0.235907 -0.146158 -0.173575 0.196731 -0.057466 0.330132 -0.019792 -0.045930 -0.173457 0.419487 0.042749 0.208210 0.296319 0.188649 -0.097197 0.210716 0.119026 0.313696 0.308571 -0.043706 -0.020822 0.012733 0.010012 0.010019 0.038952 -0.246086 -0.171174 0.103703 0.058294 -0.193398 0.158267 -0.138303 -0.225069 -0.175737 -0.155343 -0.156730 -0.161286 -0.044573 0.256591 -0.034979 0.143912 -0.079010 -0.105780 0.008211 0.070370 -0.040070 -0.047599 -0.019524 0.007653 -0.083270 0.043964 -0.123718 -0.116819
-0.112912 0.328063 -0.157252 0.290266 -0.185819 -0.166189 -0.106218 0.133285 -0.010490 -0.223994 0.295830 1.000000 0.244390 0.386143 0.215744 -0.009515 0.003047 0.491860 0.073492 0.329012 -0.019333 -0.076491 0.074059 0.195740 -0.129213 -0.112335 0.054758 0.014849 0.616873 0.542317 0.342763 0.264129 0.207736 0.410990 -0.147009 -0.176598 0.180136 0.109266 0.052254 -0.012522 0.080483 0.125824 -0.409070 -0.377131 -0.512667 -0.495037 -0.368066 -0.394857 -0.521421 -0.480398 -0.372397 -0.534086 -0.408988 -0.448035 -0.381902 -0.299552 0.118256 0.013182 -0.186568 -0.097750 0.196912 0.161727 0.280100 0.345469 0.089986 -0.119394 0.047227 -0.246288 0.093023 0.162748 -0.194570 0.139950 0.459703 0.270621 0.314096 0.335834 0.144032 0.124165 0.254628 0.276917 0.278598 0.317142 0.072458 0.388565 0.262179 0.485952 0.228616 0.075232 -0.027968 0.037903 -0.412219 -0.301668 -0.093466 -0.233155 -0.146680 0.040483 -0.395835 -0.158753 -0.356299 -0.307749 -0.155191 -0.323275 -0.052496 -0.212900 -0.320775 -0.289217 -0.310004 0.257403 -0.117739 -0.070562 -0.033087 -0.172208 -0.275163 -0.108595 -0.245690 -0.147031
0.413735 0.296320 -0.211175 -0.268739 0.094937 0.019756 0.187166 -0.068365 0.346024 -0.120375 0.663361 0.244390 1.000000 0.567392 0.191156 0.301598 0.118126 0.293439 -0.087470 -0.188517 0.284749 0.256698 -0.370489 -0.371191 0.103044 -0.050123 0.113262 0.190050 0.258663 0.242659 -0.149643 -0.284916 -0.037907 0.091049 -0.290490 -0.004638 -0.039706 0.062189 -0.108076 -0.023159 -0.004220 -0.130719 -0.224380 -0.105412 -0.363543 -0.394403 -0.318616 -0.160531 -0.071602 -0.222463 -0.169437 -0.133563 0.017511 -0.197370 0.000632 -0.169319 0.167422 0.313779 0.285939 0.294594 0.126960 0.159057 0.139295 0.230038 -0.405398 -0.114155 0.156995 -0.146095 0.317442 -0.028528 -0.059832 -0.169793 0.279018 -0.098907 -0.056132 0.026519 0.024736 -0.219935 0.163030 0.140811 0.193182 0.227406 0.072124 -0.102181 -0.144613 -0.135833 0.227585 0.190777 -0.151158 -0.033856 0.105094 -0.163590 -0.231593 0.173801 0.025154 -0.223390 -0.142505 -0.081496 -0.214823 -0.162440 0.126565 0.211259 0.096883 0.199934 0.130262 -0.100101 0.037063 0.078382 -0.236359 -0.155917 -0.103502 -0.149139 -0.034123 0.062928 -0.208196 -0.024720
0.107755 0.361007 0.049481 -0.060114 0.041804 -0.034373 0.387591 0.371911 0.242098 -0.084644 0.190650 0.386143 0.567392 1.000000 0.006723 0.456340 0.110602 0.469004 -0.296357 -0.222309 0.479967 0.278911 -0.351347 -0.287270 0.041899 -0.043384 0.221494 0.096257 0.229309 0.593435 0.018272 -0.127750 0.151842 0.269580 -0.371344 -0.275328 -0.120578 -0.097154 0.013374 0.069091 -0.000594 -0.022192 -0.349407 -0.222787 -0.461570 -0.469121 -0.452667 -0.294947 -0.168163 -0.286283 -0.382461 -0.321848 -0.197705 -0.471353 -0.287858 -0.318495 0.080172 0.037389 0.212195 0.469968 0.241305 0.605518 0.309057 0.540946 -0.403989 -0.033107 0.286081 -0.018141 0.139096 0.094948 -0.085769 -0.033173 0.398744 0.015445 -0.036355 0.038953 -0.124401 -0.240864 0.201565 0.157039 0.258008 0.171323 0.036203 0.019975 -0.283793 -0.208948 0.264152 0.103291 -0.138378 -0.150819 -0.116125 -0.444113 -0.188476 -0.200643 -0.153541 -0.267611 -0.288930 -0.250942 -0.355264 -0.342768 0.125665 -0.004101 0.143305 -0.020559 0.132050 -0.183722 -0.125497 0.163275 -0.297780 -0.258325 -0.216841 -0.223590 -0.053295 -0.019550 -0.239523 -0.053922
-0.241773 -0.251673 0.120940 0.368467 0.139413 0.258596 -0.048590 0.106914 -0.092854 -0.401070 0.040448 0.215744 0.191156 0.006723 1.000000 0.476723 -0.343258 -0.232885 0.259484 -0.059321 0.195603 0.102466 0.474649 0.420674 0.422563 0.306154 0.526548 0.414947 0.299902 0.079391 0.431304 0.389815 0.019101 0.070984 -0.071435 0.057480 -0.227257 -0.154426 0.092735 -0.052806 0.030311 0.010970 -0.322487 -0.241064 -0.298871 -0.270771 -0.156026 -0.314112 -0.453964 -0.446609 -0.149498 -0.334295 -0.203079 -0.121134 -0.198886 -0.329736 0.070099 -0.136282 -0.182628 -0.233056 -0.186921 0.056952 -0.307224 -0.156242 0.200911 -0.017238 -0.140352 -0.268058 0.238179 0.083465 0.033628 0.359143 -0.055849 -0.010546 0.007331 0.026071 -0.183897 -0.098648 -0.128133 -0.030355 -0.201020 -0.116481 0.207842 0.470807 0.112070 0.220762 0.302196 0.314345 0.352603 0.179776 -0.313871 -0.222083 0.186370 0.203819 -0.094841 -0.235398 -0.319574 -0.247254 -0.366955 -0.292888 0.170892 -0.144538 -0.030052 -0.080916 -0.318121 -0.325576 -0.004235 0.041834 -0.169939 -0.293873 -0.013996 -0.189543 -0.346640 0.056982 -0.346183 -0.121046
-0.141175 -0.154264 0.204192 0.287299 0.160448 0.508713 0.271297 0.369698 0.057311 -0.199794 -0.161930 -0.009515 0.301598 0.456340 0.476723 1.000000 -0.125437 -0.146510 -0.126207 -0.358932 0.590393 0.443467 0.102952 0.111652 0.360878 0.282762 0.652150 0.431822 0.011142 0.147075 0.140207 0.032219 -0.168687 -0.075153 -0.303973 -0.131336 -0.307756 -0.334392 0.160391 0.188180 -0.111585 -0.271123 -0.197938 -0.075726 -0.271756 -0.255977 -0.282841 -0.225471 -0.217761 -0.221225 -0.137816 -0.120286 0.048759 -0.143873 -0.159258 -0.245211 -0.104359 -0.198866 0.037298 0.128461 -0.079387 0.263492 -0.206887 -0.007256 -0.166605 0.072667 -0.021117 -0.119640 -0.029768 0.093359 -0.004211 0.201714 -0.050291 -0.271680 -0.276827 -0.250098 -0.384432 -0.398878 -0.086287 -0.022193 -0.163448 -0.220263 0.140659 0.138965 -0.190380 -0.075226 0.254014 0.320406 0.233375 0.097492 -0.106486 -0.301032 0.158008 0.112737 0.032769 -0.334848 -0.277848 -0.253423 -0.301726 -0.221752 0.232183 -0.016107 0.167467 0.075914 0.248521 -0.197264 -0.075211 0.138474 -0.410991 -0.394570 -0.337231 -0.191175 -0.047188 0.014272 -0.266168 -0.062343
0.423839 0.279952 -0.181308 -0.572211 -0.046162 -0.000864 0.221792 -0.259169 0.434651 0.281129 0.367299 0.003047 0.118126 0.110602 -0.343258 -0.125437 1.000000 0.499472 -0.191750 -0.018366 -0.049432 0.068048 -0.509807 -0.523305 -0.139418 -0.369894 -0.092855 -0.263596 0.155583 0.182593 -0.210490 -0.448547 0.105098 0.151202 0.059958 -0.111227 0.022294 -0.073294 -0.097764 0.006121 -0.165272 -0.173285 0.030205 -0.029604 0.006892 -0.135128 -0.031367 0.027358 0.218294 0.041267 0.012962 -0.021668 -0.054207 -0.208466 -0.101338 -0.105852 0.377000 0.421659 0.351887 0.072229 0.289887 -0.034984 0.418577 0.353429 -0.074605 0.129215 0.229184 0.186698 0.102003 0.003411 -0.051559 -0.182339 0.228551 0.024070 -0.031734 0.039055 0.177242 -0.038386 0.283861 0.095049 0.201809 0.269653 -0.586698 -0.206508 0.138862 -0.149260 -0.194207 -0.173641 -0.221068 -0.552704 0.087828 0.100874 -0.436380 0.023496 0.091854 -0.027021 0.069872 -0.101355 -0.004447 0.030599 -0.343728 0.194588 -0.384227 -0.040244 0.030953 0.198216 -0.036543 0.016920 -0.099150 0.080707 -0.034512 0.116245 0.155518 -0.018055 0.156975 0.030550
0.163429 0.405254 -0.131071 -0.296658 0.080939 -0.103322 0.222760 0.040666 0.366688 0.075651 0.395874 0.491860 0.293439 0.469004 -0.232885 -0.146510 0.499472 1.000000 -0.143290 0.200298 -0.011108 0.038443 -0.422366 -0.386276 -0.177383 -0.420745 0.010244 -0.180014 0.449293 0.606202 -0.071602 -0.202866 0.163389 0.345066 -0.119878 -0.187950 0.224613 0.161305 -0.075639 -0.070617 0.263254 0.250528 -0.230749 -0.259426 -0.358202 -0.311028 -0.260404 -0.280908 -0.190169 -0.274141 -0.340738 -0.416863 -0.291804 -0.443071 -0.406849 -0.277225 0.197155 0.235200 0.146848 0.121393 0.372591 0.372578 0.583954 0.700261 -0.123180 -0.011893 0.138446 -0.035766 0.153497 0.009859 -0.164601 -0.077403 0.634067 0.277174 0.275047 0.242208 0.208816 0.017204 0.545951 0.542719 0.434781 0.611516 -0.156060 0.169649 0.006306 0.068010 -0.157704 -0.187381 -0.240032 -0.232122 -0.202252 -0.155841 -0.335558 -0.242498 -0.171451 -0.050295 -0.332764 -0.169894 -0.269043 -0.178130 -0.084537 0.039219 -0.191045 -0.204687 -0.281970 -0.139073 -0.331503 0.050105 -0.032404 0.092814 -0.158875 -0.001394 -0.135582 -0.166202 -0.076060 -0.086908
0.000458 -0.263226 0.398836 0.250503 -0.048242 -0.121855 0.174005 0.008197 -0.241109 -0.252895 0.054711 0.073492 -0.087470 -0.296357 0.259484 -0.126207 -0.191750 -0.143290 1.000000 0.359705 -0.161374 -0.223719 0.570700 0.237613 0.024457 0.019320 -0.013363 -0.130184 0.274466 0.059527 0.377054 0.325965 0.058213 0.238118 -0.079586 -0.173998 -0.150704 -0.316566 -0.192793 -0.439309 -0.234537 0.118040 -0.172065 -0.146731 -0.121296 -0.213440 -0.001596 -0.210104 -0.268097 -0.274471 -0.086698 -0.263189 -0.189912 -0.114681 -0.153841 -0.076778 -0.019851 -0.032178 -0.183296 -0.379728 0.104404 -0.214653 -0.203534 -0.286600 0.307176 -0.119982 -0.258984 -0.339776 0.081228 0.206709 0.058468 0.134428 0.051136 0.142193 0.165751 0.163369 0.133498 0.107191 -0.219373 -0.004672 -0.265434 -0.032533 0.106378 0.306941 0.164337 0.301964 0.058729 -0.209194 0.234454 0.217249 -0.213182 -0.143625 -0.150682 0.023917 -0.289373 -0.014054 -0.120048 -0.199318 -0.198090 -0.171181 0.102414 0.093945 0.030163 0.119791 -0.283191 -0.359270 -0.046836 -0.089665 -0.025713 -0.092514 -0.043181 -0.090918 -0.322469 -0.021184 -0.220034 0.000185
-0.164776 0.218092 -0.095469 0.170675 -0.219149 -0.082877 -0.424054 -0.202373 -0.085861 -0.166730 0.164787 0.329012 -0.188517 -0.222309 -0.059321 -0.358932 -0.018366 0.200298 0.359705 1.000000 -0.211929 -0.274218 0.210958 0.263453 -0.247356 0.033824 -0.148760 0.007633 0.161890 0.017495 0.173444 0.299308 0.032730 0.192081 0.070881 0.062988 0.183870 0.111449 0.011558 -0.074692 0.061620 0.248121 -0.185040 -0.230284 -0.153294 -0.115359 -0.179930 -0.221713 -0.193088 -0.257940 0.069433 -0.168554 -0.313986 -0.104325 -0.189213 -0.155867 -0.053079 0.149667 -0.300589 -0.224124 -0.152822 -0.219298 0.094811 0.017263 0.160377 -0.048366 -0.165379 -0.079710 0.050629 0.306510 -0.065425 0.120099 0.020905 0.463903 0.416274 0.305190 0.326296 0.308068 -0.005288 0.126587 0.209610 0.244633 0.158174 0.242565 0.243021 0.331523 0.117229 0.100281 -0.102031 0.126653 -0.131994 0.006132 0.062831 -0.054253 -0.280118 -0.047927 -0.230398 -0.024339 -0.174788 -0.123641 -0.033811 -0.154550 0.087018 -0.038741 -0.105121 -0.182108 -0.137654 0.003244 0.007215 0.101754 0.117902 -0.172465 -0.264858 -0.195183 0.024089 -0.093837
-0.080463 0.136300 0.136462 0.095396 0.198987 0.409779 0.273895 0.279027 -0.089770 -0.244488 -0.023552 -0.019333 0.284749 0.479967 0.195603 0.590393 -0.049432 -0.011108 -0.161374 -0.211929 1.000000 0.591273 -0.026733 -0.015140 0.424159 0.337458 0.605660 0.488898 -0.062814 0.185274 0.266851 0.082974 0.119510 0.242547 -0.223239 -0.101842 -0.466122 -0.336526 -0.173612 0.155168 -0.138392 -0.099608 -0.249247 -0.145664 -0.199514 -0.167790 -0.365316 -0.229944 -0.019688 -0.188362 -0.151416 -0.112098 -0.106381 -0.284704 -0.272815 -0.383938 -0.065976 0.090943 0.072654 0.233021 -0.034649 0.250816 -0.176293 0.121407 -0.144806 0.158464 0.147581 0.122012 0.150581 0.163210 0.153887 0.144925 -0.010084 -0.030528 -0.254494 -0.213189 -0.419803 -0.368126 -0.211322 -0.089731 -0.171967 -0.289256 0.010738 -0.042070 -0.370042 -0.240557 0.437135 0.247419 0.031239 -0.168926 -0.134186 -0.304778 0.015513 0.004361 -0.073984 -0.489314 -0.365667 -0.153673 -0.363608 -0.346329 0.293743 0.205010 0.383311 0.393046 0.314257 -0.123007 -0.050705 0.059147 -0.150242 -0.310061 -0.108399 -0.211534 -0.046871 0.010682 -0.349274 -0.195370
0.046674 0.055461 -0.065747 -0.008856 0.211508 0.356721 0.088494 0.067094 -0.068214 -0.337083 -0.069607 -0.076491 0.256698 0.278911 0.102466 0.443467 0.068048 0.038443 -0.223719 -0.274218 0.591273 1.000000 -0.072169 -0.144532 0.416793 0.168802 0.497184 0.465200 0.086633 0.116099 0.067127 0.046463 0.003601 0.059385 0.023089 -0.071706 -0.030532 0.013386 0.029786 0.338965 0.178416 -0.138900 -0.092007 0.043235 -0.056620 -0.011751 -0.090335 -0.030203 -0.003526 0.025371 -0.065403 0.020497 0.011505 -0.069960 -0.110373 -0.094893 -0.030559 0.153906 0.019239 0.055646 -0.178380 0.040422 -0.135368 0.130578 -0.210491 0.008747 0.100723 -0.076468 0.158380 -0.066827 0.019166 0.285924 0.086683 -0.009548 -0.210242 -0.127202 -0.213548 -0.252816 0.128867 0.019128 -0.070851 -0.018500 0.078280 0.143576 -0.183928 -0.174045 0.258412 0.330372 -0.057571 -0.158665 -0.261053 -0.301762 -0.223651 -0.145752 0.189892 -0.287980 -0.158161 -0.089275 -0.019897 -0.047724 0.075031 0.095870 0.009801 0.060489 0.156849 0.033940 -0.291549 -0.004956 -0.242217 -0.179925 -0.130490 -0.049748 0.148510 -0.098849 -0.313577 -0.015191
-0.462777 -0.560559 0.482951 0.716783 0.117820 0.050511 -0.067962 0.202739 -0.569146 -0.520837 -0.382607 0.074059 -0.370489 -0.351347 0.474649 0.102952 -0.509807 -0.422366 0.570700 0.210958 -0.026733 -0.072169 1.000000 0.772458 0.410399 0.406733 0.256803 0.250899 0.162175 -0.148967 0.691365 0.741699 -0.084172 0.046536 0.115034 -0.017740 -0.228424 -0.307161 0.032044 -0.098284 -0.162659 -0.058477 -0.139521 -0.131636 -0.129950 -0.009720 -0.002198 -0.241747 -0.496954 -0.334554 -0.070372 -0.279852 -0.156066 0.016896 -0.224640 -0.099741 -0.161472 -0.380097 -0.603557 -0.589089 -0.231361 -0.217297 -0.405684 -0.493687 0.467367 -0.187843 -0.479286 -0.305795 -0.084787 0.106895 0.207157 0.423786 -0.168489 0.105349 0.090946 0.082501 -0.034900 0.047019 -0.229285 -0.117896 -0.398633 -0.292217 0.200875 0.315680 0.368912 0.308427 0.096788 -0.015396 0.552580 0.337529 -0.347269 -0.155439 0.164095 0.096052 -0.112310 -0.091206 -0.223175 -0.071934 -0.213823 -0.117503 0.074776 -0.125548 0.135398 0.031766 -0.230503 -0.187817 -0.150855 0.054861 0.041677 -0.052989 -0.041648 -0.115420 -0.333243 -0.023848 -0.178604 -0.080046
-0.711553 -0.548784 0.254795 0.752540 0.023606 0.182791 -0.240350 0.286230 -0.472329 -0.303838 -0.397479 0.195740 -0.371191 -0.287270 0.420674 0.111652 -0.523305 -0.386276 0.237613 0.263453 -0.015140 -0.144532 0.772458 1.000000 0.275739 0.571777 0.203857 0.347242 0.048532 -0.064270 0.594522 0.808244 -0.111233 0.118632 0.134124 0.104894 -0.095343 -0.113047 0.107815 0.167487 -0.071311 0.076282 -0.253499 -0.205521 -0.220262 0.002258 -0.183785 -0.257539 -0.499218 -0.378086 -0.086570 -0.290764 -0.211795 -0.010957 -0.253637 -0.155260 -0.281692 -0.491829 -0.681560 -0.515408 -0.368694 -0.240367 -0.323940 -0.415950 0.357009 -0.045280 -0.354654 -0.021899 -0.187493 0.221153 0.189517 0.519799 -0.219033 0.104837 0.027519 0.153503 -0.112892 0.143973 -0.114247 -0.028694 -0.303489 -0.210884 0.180887 0.373370 0.268818 0.332600 0.145081 0.211851 0.525648 0.267885 -0.303518 -0.167221 0.500378 0.077042 -0.071811 -0.000857 -0.264223 0.061773 -0.295413 -0.220999 0.126600 -0.166449 0.231581 -0.056269 -0.194356 -0.206687 -0.121363 0.101564 0.156334 -0.068238 0.079516 -0.300680 -0.425282 -0.158590 -0.141552 -0.282499
-0.086816 -0.299499 0.130002 0.228903 0.475223 0.317066 -0.014085 -0.046136 -0.313750 -0.619765 -0.156756 -0.129213 0.103044 0.041899 0.422563 0.360878 -0.139418 -0.177383 0.024457 -0.247356 0.424159 0.416793 0.410399 0.275739 1.000000 0.570709 0.662994 0.633512 -0.010480 -0.083721 0.383151 0.353596 -0.076635 0.017868 0.117037 0.050619 -0.360139 -0.120829 -0.045306 0.245721 -0.194632 -0.137591 -0.031983 -0.003143 -0.038525 0.042862 -0.004165 -0.065569 -0.047435 -0.168974 0.139114 0.045138 -0.013522 0.009492 -0.083166 -0.025132 0.066303 0.004250 -0.245988 -0.304866 -0.347011 -0.162928 -0.438401 -0.255293 0.055741 0.024678 -0.224254 -0.080862 0.126685 -0.177759 0.144457 0.270462 -0.194836 -0.067561 -0.287460 -0.134915 -0.138003 -0.131057 -0.160112 -0.071791 -0.403824 -0.321026 -0.055527 0.060898 0.006133 -0.168928 0.168687 0.136613 0.335838 -0.101367 -0.097759 -0.150964 -0.019575 0.131015 0.125376 -0.231410 -0.019976 0.165721 -0.132997 0.027028 -0.039622 0.051359 -0.107392 0.058585 -0.070729 0.018820 -0.102066 -0.058272 0.076561 0.081950 0.136351 -0.019277 -0.040256 0.178802 -0.126748 -0.053396
-0.372194 -0.246462 0.014890 0.342185 0.085985 0.457465 -0.289630 0.007291 -0.263437 -0.382022 -0.345329 -0.112335 -0.050123 -0.043384 0.306154 0.282762 -0.369894 -0.420745 0.019320 0.033824 0.337458 0.168802 0.406733 0.571777 0.570709 1.000000 0.395582 0.689541 -0.342591 -0.167351 0.273407 0.521681 -0.081091 0.132100 0.073201 0.295438 -0.318487 -0.062225 0.060709 0.363471 -0.209716 -0.072805 -0.224628 -0.166125 -0.175258 0.053582 -0.275664 -0.173995 -0.035502 -0.308811 0.227891 0.049584 -0.054467 0.042773 -0.057219 -0.105045 -0.083764 -0.033137 -0.295956 -0.110766 -0.537029 -0.198200 -0.557823 -0.353586 0.062280 0.237489 -0.069997 0.245723 0.142961 0.190707 0.089580 0.285493 -0.501949 0.015139 -0.292307 -0.096175 -0.152430 0.097457 -0.347198 -0.202686 -0.390459 -0.373443 -0.002351 0.008610 0.016654 -0.103376 0.412621 0.315959 0.346184 0.021146 0.016253 -0.169390 0.300776 0.160305 0.074183 -0.124730 -0.086487 0.178809 -0.317477 -0.162395 0.133586 -0.091732 0.127843 0.098892 0.100021 -0.140607 0.120649 -0.133405 0.168623 -0.035038 0.363102 -0.431481 -0.263432 -0.096392 -0.119684 -0.258208
-0.127323 -0.119279 0.159803 0.261416 0.458943 0.588922 0.078154 0.113029 -0.091921 -0.464945 -0.071802 0.054758 0.113262 0.221494 0.526548 0.652150 -0.092855 0.010244 -0.013363 -0.148760 0.605660 0.497184 0.256803 0.203857 0.662994 0.395582 1.000000 0.687594 0.070381 0.081452 0.281588 0.200093 0.067193 0.141436 -0.066249 -0.069114 -0.303849 -0.261524 -0.005980 0.202760 -0.080940 -0.116274 -0.252107 -0.175565 -0.252726 -0.124093 -0.309302 -0.289428 -0.183685 -0.323343 -0.044741 -0.180687 -0.134569 -0.233274 -0.290401 -0.334259 -0.004015 -0.002175 -0.059269 -0.114218 -0.112959 0.098918 -0.304664 0.003674 0.082218 0.099483 -0.023561 -0.037919 0.119348 0.018612 -0.019108 0.311206 -0.021885 -0.109302 -0.172518 -0.113576 -0.287585 -0.315550 -0.120015 0.027705 -0.304134 -0.222711 0.038639 0.262852 -0.093391 -0.013687 0.306416 0.269939 0.294948 0.015872 -0.308315 -0.198487 0.084374 0.115114 -0.074751 -0.454691 -0.346392 -0.205693 -0.382274 -0.206060 0.088808 0.010789 -0.079214 0.000904 -0.119728 -0.206103 -0.257734 -0.027703 -0.198154 -0.178544 -0.092976 -0.116589 -0.126946 -0.097754 -0.345483 -0.210577
-0.220255 -0.138312 -0.128997 0.302497 0.330749 0.645072 -0.328947 -0.106617 -0.243766 -0.512029 -0.074058 0.014849 0.190050 0.096257 0.414947 0.431822 -0.263596 -0.180014 -0.130184 0.007633 0.488898 0.465200 0.250899 0.347242 0.633512 0.689541 0.687594 1.000000 -0.167720 -0.181093 0.149852 0.321855 -0.126466 -0.004219 0.012515 0.191275 -0.178270 0.052510 0.007712 0.443206 -0.019291 0.035828 -0.214237 -0.166906 -0.187204 -0.005836 -0.292726 -0.226796 -0.024531 -0.319677 0.280393 0.004291 0.055804 0.057863 -0.012805 -0.186267 0.015073 0.134828 -0.171953 -0.119786 -0.409133 -0.085226 -0.411895 -0.130613 0.081442 0.084537 -0.083393 -0.036981 0.203623 0.006889 -0.005460 0.349130 -0.397364 -0.067155 -0.258509 -0.173272 -0.238777 -0.172945 -0.144462 -0.061103 -0.321428 -0.234342 0.029520 0.197250 -0.047169 -0.054407 0.424881 0.536438 0.294436 0.165087 -0.066523 -0.151584 0.225091 0.043728 0.047985 -0.324525 -0.295865 0.008171 -0.269514 -0.155648 0.089513 -0.030175 0.006143 0.015155 -0.056228 -0.150950 -0.039189 -0.195101 0.066778 -0.057087 0.100471 -0.264480 -0.246136 -0.103655 -0.297939 -0.289360
-0.022861 0.061935 0.050670 0.120383 0.067891 -0.227693 0.231977 0.176617 -0.015362 -0.174753 0.421485 0.616873 0.258663 0.229309 0.299902 0.011142 0.155583 0.449293 0.274466 0.161890 -0.062814 0.086633 0.162175 0.048532 -0.010480 -0.342591 0.070381 -0.167720 1.000000 0.643488 0.436151 0.255352 0.247579 0.374835 -0.186619 -0.473650 0.135981 -0.036459 -0.126820 -0.264366 0.161821 0.178940 -0.421885 -0.360321 -0.519518 -0.549720 -0.265414 -0.372258 -0.586708 -0.439571 -0.558602 -0.601907 -0.412052 -0.456910 -0.418637 -0.333652 0.083956 -0.039598 -0.178111 -0.156641 0.288991 0.143462 0.422491 0.315518 0.042192 -0.290778 0.021508 -0.312862 0.222314 0.125028 -0.018908 0.234782 0.766496 0.265637 0.374530 0.417705 0.160113 0.002453 0.425012 0.283825 0.216641 0.430669 -0.003461 0.538666 0.325409 0.362552 -0.020611 -0.077486 0.026225 -0.122795 -0.478873 -0.349654 -0.300153 -0.181232 -0.138947 -0.076577 -0.452237 -0.244879 -0.386662 -0.343337 -0.124565 -0.066373 -0.144199 -0.121972 -0.407135 -0.299461 -0.412006 0.263567 -0.202792 -0.127230 -0.211976 -0.064334 -0.295150 -0.042762 -0.389828 -0.118502
-0.128967 0.198335 0.045010 0.038759 -0.058540 -0.120792 0.393689 0.383927 0.187853 0.018652 0.187580 0.542317 0.242659 0.593435 0.079391 0.147075 0.182593 0.606202 0.059527 0.017495 0.185274 0.116099 -0.148967 -0.064270 -0.083721 -0.167351 0.081452 -0.181093 0.643488 1.000000 0.305109 0.178732 0.236564 0.530036 -0.266370 -0.448447 0.044342 0.055472 -0.062719 -0.111194 0.101895 0.273714 -0.486619 -0.415557 -0.549343 -0.567939 -0.370617 -0.403934 -0.427221 -0.427471 -0.574274 -0.536076 -0.366931 -0.497417 -0.519574 -0.343236 0.009503 -0.043324 -0.009071 0.137181 0.230345 0.440109 0.380139 0.533208 -0.220255 -0.046486 0.184255 -0.089220 0.129997 0.203215 -0.044117 0.184703 0.720744 0.350525 0.278027 0.477417 0.119180 0.137961 0.349109 0.383440 0.227446 0.425586 -0.127884 0.464249 -0.027509 0.087627 0.117868 -0.087138 -0.106447 -0.261294 -0.393378 -0.406500 -0.231448 -0.289097 -0.246560 0.008148 -0.411858 -0.192223 -0.462059 -0.357235 0.012570 -0.071557 -0.055481 -0.219186 -0.281303 -0.313972 -0.262453 0.123277 -0.161155 -0.099127 -0.088376 -0.220176 -0.257096 -0.059443 -0.308599 -0.190028
-0.447098 -0.264423 0.429637 0.603002 0.012208 0.026250 0.204713 0.421832 -0.395601 -0.420436 -0.141239 0.342763 -0.149643 0.018272 0.431304 0.140207 -0.210490 -0.071602 0.377054 0.173444 0.266851 0.067127 0.691365 0.594522 0.383151 0.273407 0.281588 0.149852 0.436151 0.305109 1.000000 0.797647 0.111895 0.364774 -0.055272 -0.236003 -0.321437 -0.384256 -0.189096 -0.098607 -0.206002 -0.082226 -0.422891 -0.341169 -0.389074 -0.272216 -0.274056 -0.427181 -0.599420 -0.501516 -0.354639 -0.502903 -0.406038 -0.319727 -0.476579 -0.396685 -0.181870 -0.376973 -0.420023 -0.363498 -0.055948 0.005102 -0.095630 -0.084416 0.374580 -0.043625 -0.135923 -0.125844 -0.000115 0.140491 0.264101 0.452516 0.195014 0.276132 0.126636 0.309179 -0.038971 0.038558 -0.052461 -0.037145 -0.221456 -0.177903 0.033408 0.379551 0.274625 0.318899 0.231062 -0.067968 0.261130 -0.060733 -0.460782 -0.390454 -0.015732 -0.015445 -0.244212 -0.110239 -0.477530 -0.170044 -0.487817 -0.388133 -0.027741 -0.104929 0.122183 0.004357 -0.209165 -0.243365 -0.241132 0.165154 -0.056381 -0.240634 -0.116966 -0.249743 -0.342341 -0.039014 -0.274705 -0.189952
-0.639739 -0.430012 0.210592 0.727402 -0.055266 0.074857 -0.130606 0.318367 -0.466513 -0.455890 -0.311613 0.264129 -0.284916 -0.127750 0.389815 0.032219 -0.448547 -0.202866 0.325965 0.299308 0.082974 0.046463 0.741699 0.808244 0.353596 0.521681 0.200093 0.321855 0.255352 0.178732 0.797647 1.000000 0.026901 0.329883 0.197196 0.035640 -0.067923 -0.075733 0.028123 0.138287 0.048935 0.096394 -0.405157 -0.316382 -0.343931 -0.068099 -0.267819 -0.379193 -0.559577 -0.464971 -0.192940 -0.398527 -0.398097 -0.170860 -0.347480 -0.255856 -0.256065 -0.434185 -0.603132 -0.438286 -0.323797 -0.109783 -0.205282 -0.196451 0.350283 0.020459 -0.189835 -0.059790 -0.017478 0.188837 0.234828 0.635842 0.004555 0.289860 0.177011 0.369819 0.054546 0.303346 0.001734 0.099074 -0.181676 -0.127331 0.232282 0.482791 0.252066 0.325622 0.243462 0.116537 0.328142 0.097012 -0.505275 -0.396598 0.234347 -0.072421 -0.119558 0.023011 -0.406106 -0.007491 -0.397300 -0.309847 0.070121 -0.206169 0.105535 -0.149219 -0.343392 -0.251992 -0.278075 0.007158 0.104429 -0.098070 0.038644 -0.375739 -0.446049 -0.210679 -0.268188 -0.273144
-0.033434 0.377923 0.058699 -0.034699 0.000711 -0.168155 0.123682 0.179825 0.129602 0.031464 0.072435 0.207736 -0.037907 0.151842 0.019101 -0.168687 0.105098 0.163389 0.058213 0.032730 0.119510 0.003601 -0.084172 -0.111233 -0.076635 -0.081091 0.067193 -0.126466 0.247579 0.236564 0.111895 0.026901 1.000000 0.717430 -0.065367 -0.169959 0.015483 -0.200987 -0.032625 -0.237465 0.056834 0.241713 -0.284526 -0.309997 -0.282852 -0.360114 -0.300720 -0.203774 -0.149007 -0.262293 -0.276418 -0.378975 -0.548630 -0.583852 -0.174997 -0.319200 0.228687 0.193044 -0.008914 0.157600 0.227698 0.227657 0.217838 0.321128 0.054609 0.233482 0.475196 0.122825 0.465532 0.257273 -0.326957 -0.171920 0.256644 0.078679 0.145665 0.079873 -0.092027 -0.097197 0.024360 -0.146791 0.176666 0.164857 -0.108577 0.159577 0.018558 0.031118 0.120047 -0.006362 -0.052820 -0.127875 -0.320598 -0.344115 -0.196858 -0.186139 -0.124045 -0.088202 -0.133345 -0.200108 -0.257704 -0.359746 -0.102827 -0.167162 -0.083951 -0.034187 -0.108525 -0.227203 -0.097737 0.071545 -0.189169 -0.363470 0.136695 -0.115068 -0.066358 -0.119692 -0.202698 -0.110703
-0.224725 0.205017 0.097798 0.114003 -0.004359 0.004455 0.272104 0.324770 0.112769 -0.057675 0.106002 0.410990 0.091049 0.269580 0.070984 -0.075153 0.151202 0.345066 0.238118 0.192081 0.242547 0.059385 0.046536 0.118632 0.017868 0.132100 0.141436 -0.004219 0.374835 0.530036 0.364774 0.329883 0.717430 1.000000 0.002052 -0.063305 -0.068059 -0.222157 -0.137297 -0.146315 -0.036185 0.271105 -0.577355 -0.541595 -0.559005 -0.453307 -0.555742 -0.487026 -0.395937 -0.562862 -0.414115 -0.634624 -0.696717 -0.736145 -0.541230 -0.512444 0.121094 0.111667 -0.169443 -0.021245 0.188313 0.239796 0.216529 0.357746 0.105800 0.312199 0.312871 0.125452 0.373833 0.426892 -0.183515 0.064569 0.395515 0.238266 0.233351 0.314690 0.051466 0.109226 0.189149 0.139554 0.143353 0.271700 -0.104566 0.260618 0.033822 0.100570 0.237803 -0.127484 0.024367 -0.231901 -0.487747 -0.488632 -0.179768 -0.139834 -0.221197 -0.111694 -0.410084 -0.199617 -0.587044 -0.542730 -0.010156 0.009345 0.000196 -0.057575 -0.274312 -0.409784 -0.229967 -0.012520 -0.052311 -0.267441 0.164182 -0.367427 -0.361058 -0.282025 -0.375888 -0.334532
-0.073303 -0.215487 -0.157004 0.019587 -0.086030 -0.019250 -0.240926 -0.209014 -0.050298 -0.117711 -0.165630 -0.147009 -0.290490 -0.371344 -0.071435 -0.303973 0.059958 -0.119878 -0.079586 0.070881 -0.223239 0.023089 0.115034 0.134124 0.117037 0.073201 -0.066249 0.012515 -0.186619 -0.266370 -0.055272 0.197196 -0.065367 0.002052 1.000000 0.583992 0.163622 0.297246 0.194761 0.299660 0.190022 -0.060211 0.188845 0.121772 0.196972 0.469409 0.156344 0.119654 0.020022 0.119728 0.087874 0.076270 -0.083314 0.128249 -0.087679 0.090587 0.055545 0.019160 -0.090034 -0.381907 -0.146262 -0.236136 -0.152969 -0.195312 0.200306 0.263764 -0.127919 0.123813 -0.130641 -0.092094 0.024194 0.148117 -0.178539 0.060704 0.090075 0.058397 0.243143 0.382786 0.075563 0.248837 0.001132 -0.022053 -0.005316 -0.140441 0.217541 0.027474 -0.222127 -0.035721 0.105645 -0.072455 -0.276054 0.165918 0.120284 0.181088 0.244134 0.215209 0.221430 0.312022 0.119777 0.250811 -0.111345 -0.133160 -0.139666 -0.223608 -0.249082 0.267175 -0.138343 -0.088751 0.249961 0.324543 0.292656 0.113671 0.143974 -0.165624 0.209628 0.085367
-0.115612 -0.056370 -0.259108 -0.041320 -0.062999 0.139049 -0.351448 -0.245894 0.098144 0.000955 -0.121652 -0.176598 -0.004638 -0.275328 0.057480 -0.131336 -0.111227 -0.187950 -0.173998 0.062988 -0.101842 -0.071706 -0.017740 0.104894 0.050619 0.295438 -0.069114 0.191275 -0.473650 -0.448447 -0.236003 0.035640 -0.169959 -0.063305 0.583992 1.000000 0.102470 0.319747 0.135745 0.203533 0.182601 -0.039416 0.149289 0.091761 0.217401 0.495408 0.046887 0.060726 0.114599 0.050939 0.159609 0.119602 -0.016843 0.156430 0.027972 -0.004549 0.003117 0.165020 -0.017696 -0.089895 -0.302400 -0.212646 -0.263497 -0.204894 0.053800 0.329753 -0.007246 0.269827 0.043365 0.059165 0.090214 -0.023822 -0.436708 -0.133805 -0.096140 -0.168213 -0.001441 0.225751 0.019576 0.096749 0.042624 -0.063461 0.122811 -0.293489 0.089828 -0.040217 0.108315 0.142148 0.106793 -0.005404 0.061292 0.170847 0.263008 0.344257 0.189041 0.148957 0.123327 0.304251 0.052315 0.051832 0.182476 0.023962 0.086230 -0.007728 -0.025472 0.159334 0.184697 -0.133662 0.242886 0.197252 0.364037 -0.074186 0.012158 -0.089489 0.138300 -0.009154
