1.000000 0.683948 -0.023281 -0.413677 -0.064505 -0.309747 -0.073146 -0.316351 -0.190554 -0.185310 -0.049704 -0.164336 0.027382 0.047187 -0.140406 -0.138676 0.540523 0.590183 0.452971 0.342233 0.081725 -0.271024 -0.368864 -0.631122 -0.226875 -0.226052 -0.018168 -0.280972 0.137416 0.205200 -0.113861 -0.303894 0.563187 0.236579 -0.383818 -0.449343 -0.217080 -0.253270 -0.170945 -0.272465 -0.033473 -0.058848 0.019303 -0.026932 -0.155793 -0.057636 0.121577 -0.284464 -0.419153 -0.055117 -0.238379 -0.162851 0.106340 0.076642 -0.022618 0.170814 0.667856 0.584351 -0.258016 0.149792 0.000286 -0.030915 0.117858 0.259844 -0.271699 -0.522488 -0.139973 -0.237344 0.573922 -0.046238 0.069616 -0.129285 0.187451 -0.004765 0.178611 -0.242627 -0.206193 -0.457040 0.127062 0.305378 0.397456 0.592971 0.077663 0.103596 0.120062 -0.167114 -0.022168 0.039963 -0.330577 -0.203792 -0.419413 -0.235098 -0.187253 -0.212167 -0.076129 0.040334 -0.049963 -0.128897 0.066682 -0.213053 -0.345181 -0.022231 -0.178356 -0.119107 -0.109452 -0.271916 0.005464 -0.217720 0.120166 -0.027453 -0.396083 -0.154851 -0.192888 -0.218758 -0.238247 -0.357017
0.683948 1.000000 -0.263905 -0.020881 0.056181 0.027764 -0.340357 -0.290021 -0.178459 0.057352 -0.402603 -0.161070 -0.194599 0.061905 -0.252350 -0.084105 0.326871 0.464028 0.081004 0.610880 0.075060 -0.094657 -0.454190 -0.493062 0.020770 -0.113289 0.198255 -0.169510 -0.231487 0.012838 -0.259724 -0.366477 0.281932 -0.023003 -0.558756 -0.349046 -0.108477 -0.216407 0.071568 -0.099481 0.018629 0.169707 0.108431 0.144944 -0.100731 0.035313 0.162964 -0.066825 -0.378301 0.019788 -0.275399 -0.118378 0.200208 0.245433 0.076279 0.353664 0.650251 0.849005 -0.467210 -0.021877 -0.347577 -0.203740 -0.257478 0.049208 -0.487745 -0.434011 -0.181324 -0.331073 0.724018 0.233234 -0.155633 -0.333257 -0.208184 -0.040033 0.195790 -0.306971 -0.413325 -0.661138 0.220704 0.382642 0.215768 0.518706 -0.000913 0.042562 0.203743 0.064858 0.133332 0.068823 -0.185320 -0.008972 -0.265175 -0.377710 -0.085265 -0.400114 -0.112375 -0.352748 -0.033279 -0.155711 0.260545 -0.119746 -0.289622 -0.340368 -0.247122 -0.390466 -0.215976 -0.478801 0.097835 -0.262894 -0.106918 -0.343482 -0.533977 -0.068715 -0.263416 -0.233834 -0.326602 -0.346534
-0.023281 -0.263905 1.000000 0.129621 0.056281 -0.125651 0.776914 0.515002 0.322992 0.090747 0.386576 0.000659 0.126458 -0.101288 0.122528 -0.023148 -0.229524 -0.211642 0.506692 -0.283432 -0.161118 -0.078015 0.443819 0.300792 0.073297 -0.009388 -0.165451 0.050026 -0.063262 -0.136389 0.358345 0.204674 -0.005653 0.197193 0.254906 -0.131560 -0.391756 -0.324821 -0.294779 -0.194216 -0.261749 -0.323732 -0.361460 -0.458335 -0.092909 -0.302070 -0.358426 -0.428442 0.291067 -0.260529 0.287700 -0.158997 -0.011025 -0.260897 0.062945 -0.465044 -0.315388 -0.343923 0.282793 -0.046170 0.220669 0.130969 -0.076419 -0.130683 0.423136 0.064713 0.187566 0.185350 -0.299756 -0.021297 0.265527 0.193114 -0.060368 -0.087928 -0.055596 -0.099391 -0.055138 0.084305 -0.208038 -0.193196 -0.380607 -0.256449 -0.119704 -0.175136 -0.122435 -0.217114 -0.183335 -0.325597 0.134983 -0.276231 0.002290 0.066035 0.011998 0.269331 -0.003765 0.176763 -0.246442 -0.035201 -0.418787 -0.369678 0.224902 0.295784 0.229927 0.136630 -0.043699 0.463958 -0.229588 0.119418 -0.033216 0.103279 -0.035749 -0.285756 -0.229992 0.126098 0.200827 0.018908
-0.413677 -0.020881 0.129621 1.000000 -0.093529 0.328284 0.056558 0.650165 -0.028087 0.154520 -0.118782 0.414401 -0.211467 0.284942 0.059651 0.421430 -0.326052 -0.265712 -0.036895 0.016811 -0.157747 -0.050864 0.092574 0.614241 -0.028217 0.010729 -0.163020 0.083470 -0.372503 -0.185956 0.065542 0.077938 -0.321614 -0.147504 -0.047848 -0.003971 0.060683 -0.117281 0.042425 0.026256 -0.016068 -0.036474 -0.357124 -0.237023 -0.114876 -0.189273 -0.366994 -0.124959 0.013856 -0.236478 -0.138676 -0.073096 -0.093877 -0.208764 -0.176381 -0.369332 -0.246335 -0.092836 -0.135720 -0.094633 -0.259321 0.033260 -0.153407 -0.121457 0.147507 0.420463 -0.022197 0.136013 -0.170877 0.078911 -0.161769 -0.053435 -0.374836 -0.124492 0.029189 0.126697 -0.068993 0.021039 -0.170150 -0.101819 -0.270930 -0.413854 0.013245 0.195732 -0.057702 0.242961 -0.127946 -0.226822 0.277246 0.044988 0.284934 -0.079727 0.286234 -0.129774 -0.068563 -0.295637 -0.303876 -0.055324 -0.314265 -0.190790 0.355180 -0.170566 0.098948 -0.057111 0.060383 0.155761 0.047595 0.134020 -0.284627 -0.196024 -0.272501 -0.232178 -0.184942 -0.047856 0.164011 0.191890
-0.064505 0.056181 0.056281 -0.093529 1.000000 0.418864 0.217740 -0.094466 0.798079 0.830307 0.048108 -0.212963 0.117176 -0.211729 0.184914 -0.264909 0.131469 -0.230273 0.165394 0.248997 -0.109030 -0.032014 0.037384 -0.093551 0.390890 -0.009701 0.228384 -0.167454 0.118990 -0.055247 -0.073717 -0.244467 -0.048620 -0.120048 -0.136673 -0.066284 -0.034976 -0.288750 -0.192744 -0.139168 0.090721 0.085310 -0.223100 -0.203343 0.068094 0.029206 -0.011702 -0.170948 0.054592 0.056178 -0.129405 -0.222811 -0.008359 -0.039192 -0.041452 -0.158097 0.030307 0.099158 0.174209 0.179812 0.097899 0.011314 -0.054410 -0.079255 0.113741 -0.080074 0.161612 -0.024387 0.106726 0.295605 0.125574 -0.235903 0.072083 0.075936 0.192739 0.081087 0.110342 -0.217908 0.076302 -0.142908 -0.028211 0.004503 0.139032 -0.265933 -0.135058 -0.115597 0.150518 -0.053158 0.090716 -0.207666 0.266657 0.241499 0.073203 0.258469 -0.201632 -0.227087 -0.295519 -0.169855 0.037620 0.064242 0.173255 0.304096 0.156599 0.169420 0.076176 -0.037188 0.067756 -0.032730 -0.065042 -0.147512 -0.233593 0.050581 -0.128639 0.152246 -0.259138 -0.103655
-0.309747 0.027764 -0.125651 0.328284 0.418864 1.000000 -0.174238 0.053389 0.228495 0.508097 -0.220115 -0.127005 -0.178929 -0.168591 -0.057638 -0.119238 -0.123219 -0.427842 -0.172693 0.079127 -0.133676 0.175819 0.157203 0.303716 0.474131 0.433713 0.378795 0.340141 -0.379746 -0.409859 -0.057707 -0.078154 -0.182354 -0.213452 0.073006 0.238487 0.141023 -0.156088 -0.080187 0.024924 -0.001922 0.080909 -0.039966 -0.016073 0.081417 0.111733 0.000819 0.019034 0.094195 0.041181 -0.056208 0.052304 0.006382 -0.043451 -0.097486 -0.075698 0.022014 0.126019 -0.080190 -0.040610 -0.143943 -0.161167 -0.167196 -0.129534 -0.033500 0.197600 0.031683 0.123840 0.106362 0.261356 -0.104402 -0.073793 -0.386489 -0.000847 -0.004690 -0.014567 0.085897 -0.020242 -0.007189 -0.203495 -0.247709 -0.209384 0.129903 -0.266215 -0.088231 0.171575 0.109973 0.195256 0.351867 0.059603 0.134842 0.014844 0.296322 0.088600 -0.145247 -0.387240 -0.144299 -0.162348 -0.084654 0.081736 0.249917 -0.073397 0.154717 -0.020216 -0.058182 -0.023236 -0.018915 -0.044052 -0.257536 -0.276959 -0.080056 0.001696 -0.071602 0.108067 -0.016772 -0.044413
-0.073146 -0.340357 0.776914 0.056558 0.217740 -0.174238 1.000000 0.569785 0.442963 0.159132 0.531196 0.188236 0.349547 0.111015 0.239543 0.064188 -0.086475 -0.142434 0.494640 -0.317419 -0.018897 -0.221519 0.355365 0.194360 0.002168 -0.053221 -0.099985 -0.058745 0.235712 0.132755 0.275243 0.087720 0.060510 0.339091 0.232192 -0.062270 -0.334135 -0.230454 -0.305979 -0.163624 -0.061347 -0.198388 -0.465053 -0.462719 -0.323378 -0.370305 -0.380395 -0.341194 0.118979 -0.327746 0.115059 -0.305795 -0.206947 -0.289269 -0.123187 -0.496839 -0.315313 -0.415743 0.340793 -0.090267 0.462439 0.282699 0.184066 0.040486 0.585639 0.036189 0.007257 0.092420 -0.319516 -0.044505 0.230276 0.022952 0.213304 -0.045109 0.052702 0.011201 0.113069 0.077195 -0.272488 -0.152832 -0.248821 -0.255533 0.047541 0.002974 -0.217634 -0.277386 -0.170334 -0.272398 0.053122 -0.347672 -0.081255 0.200363 -0.112448 0.329510 -0.025641 0.131719 -0.338615 0.079928 -0.449794 -0.253399 0.201457 0.478932 0.172731 0.103077 -0.014548 0.302085 -0.058853 0.010565 0.012987 0.088332 -0.101847 -0.132874 -0.277290 0.069836 0.058727 0.064057
-0.316351 -0.290021 0.515002 0.650165 -0.094466 0.053389 0.569785 1.000000 0.132542 0.129924 0.221926 0.548314 0.052207 0.356922 0.084008 0.389976 -0.263871 -0.207357 0.192856 -0.330074 -0.146023 -0.186436 0.113342 0.534483 -0.192717 -0.067016 -0.281313 -0.006644 -0.059833 0.027558 0.158916 0.070447 -0.219510 0.138370 0.065684 -0.044629 -0.152398 -0.206152 -0.151335 0.035992 0.005671 -0.170528 -0.456857 -0.442885 -0.290651 -0.432836 -0.389220 -0.256430 0.121660 -0.410259 -0.094124 -0.193809 -0.161111 -0.367940 -0.148652 -0.535316 -0.289572 -0.333584 0.263066 -0.134025 0.236533 0.359064 0.105006 0.057321 0.308388 0.448432 0.010708 0.166602 -0.414349 -0.004509 -0.029057 0.060542 -0.069484 -0.137596 -0.041485 0.069372 -0.024963 0.154296 -0.444656 -0.239066 -0.387956 -0.479771 -0.138103 0.157811 -0.451994 -0.227639 -0.373296 -0.473456 0.026581 -0.173800 0.177393 0.032051 0.154568 0.026083 -0.045252 -0.019882 -0.325465 0.055225 -0.458050 -0.299275 0.395472 0.148895 0.030671 0.095105 0.065646 0.406505 -0.150699 0.212482 -0.257459 0.016360 -0.137650 -0.139457 -0.168907 -0.050940 0.242671 0.205571
-0.190554 -0.178459 0.322992 -0.028087 0.798079 0.228495 0.442963 0.132542 1.000000 0.782038 0.239867 -0.054265 0.272235 -0.088713 0.343052 -0.090970 -0.100756 -0.353528 0.120882 0.025986 -0.139934 -0.164116 0.092681 0.108432 0.320920 -0.081846 0.160025 -0.066877 0.090426 -0.008853 -0.074693 -0.224116 -0.248177 -0.108743 -0.001511 -0.031733 -0.139433 -0.225889 -0.144415 -0.082071 0.014777 0.008277 -0.279940 -0.288306 0.069228 -0.107776 -0.210335 -0.216518 0.298011 -0.052189 0.009050 -0.285293 0.024063 -0.171315 0.023943 -0.325397 -0.238163 -0.188972 0.413919 0.103040 0.280862 0.177261 -0.046127 -0.109902 0.203572 0.039227 0.208469 0.033960 -0.111476 0.171281 0.208022 -0.126279 0.034081 0.143168 0.176035 0.197860 0.120353 -0.019295 -0.058214 -0.226757 -0.155264 -0.188664 -0.008456 -0.227088 -0.285174 -0.241275 0.105254 -0.193807 0.174082 -0.133362 0.367802 0.289097 0.177026 0.383469 -0.103102 -0.029243 -0.259462 0.035977 -0.078567 0.000082 0.314524 0.371361 0.282424 0.211662 0.185390 0.146788 0.091335 0.060708 0.006286 0.008719 -0.044718 0.029369 -0.106798 0.160480 -0.126785 0.064798
-0.185310 0.057352 0.090747 0.154520 0.830307 0.508097 0.159132 0.129924 0.782038 1.000000 -0.106193 -0.180741 -0.026939 -0.197829 0.014303 -0.230919 -0.044450 -0.347910 0.025919 0.229232 -0.210796 -0.080262 -0.071039 0.044914 0.384615 0.046019 0.166727 -0.055047 -0.149986 -0.181303 -0.170610 -0.318896 -0.223293 -0.237255 -0.166553 -0.041076 -0.022367 -0.274027 -0.066073 0.028261 0.097648 0.059910 -0.163804 -0.158498 0.086944 0.013715 -0.082570 -0.147420 0.153884 0.000460 -0.149643 -0.263280 0.082041 -0.098036 0.002990 -0.205114 -0.023876 0.115461 0.172018 0.098247 0.043495 0.026109 -0.135443 -0.148642 -0.005962 0.042129 0.213684 0.086231 0.131522 0.368002 0.114532 -0.197056 -0.109988 0.060620 0.133143 0.117463 0.006371 -0.125790 -0.054718 -0.191944 -0.185966 -0.158236 -0.050430 -0.273287 -0.276681 -0.207143 0.138729 -0.201724 0.100728 -0.145202 0.393440 0.124286 0.258287 0.214437 -0.187264 -0.194109 -0.206466 -0.056441 -0.029817 -0.009763 0.326375 0.242727 0.278297 0.180013 0.172337 0.117662 0.109758 0.129421 -0.124555 -0.116458 -0.161978 0.035982 -0.117238 0.079102 -0.097702 0.041613
-0.049704 -0.402603 0.386576 -0.118782 0.048108 -0.220115 0.531196 0.221926 0.239867 -0.106193 1.000000 0.442331 0.725281 0.296704 0.594629 0.258218 -0.176876 -0.254999 0.247832 -0.285727 0.040951 0.033042 0.326196 0.197560 -0.039705 -0.031529 0.125117 0.093740 0.349472 0.095372 0.283206 0.213986 -0.013530 0.349680 0.322523 0.100340 -0.238040 -0.157668 -0.199157 -0.239062 -0.151750 -0.206121 -0.269139 -0.251164 -0.308047 -0.313585 -0.163339 -0.146113 0.207185 -0.194414 0.228612 -0.088160 -0.188173 -0.138487 0.028804 -0.268325 -0.514636 -0.547593 0.350716 -0.151906 0.374230 0.305298 0.054238 -0.047640 0.489836 0.126367 -0.176297 0.015733 -0.379622 -0.051012 0.137838 0.036055 0.166689 -0.116482 -0.196601 0.105784 0.151928 0.134902 -0.127281 -0.376399 -0.246036 -0.320554 0.171575 0.036434 -0.138197 -0.199330 0.015707 0.036034 0.186782 -0.013295 -0.105999 0.369519 -0.082446 0.399358 0.006963 0.051048 -0.066802 0.003538 -0.206821 -0.009642 0.248978 0.402214 0.045352 0.075821 -0.052104 0.149113 -0.057379 -0.088104 0.024748 0.041497 0.165400 -0.003386 0.052234 0.197303 0.234324 0.031654
-0.164336 -0.161070 0.000659 0.414401 -0.212963 -0.127005 0.188236 0.548314 -0.054265 -0.180741 0.442331 1.000000 0.392032 0.821386 0.340272 0.704863 -0.149627 -0.059658 -0.047792 -0.227932 0.110887 -0.155289 -0.048769 0.393177 -0.168659 -0.079318 -0.056850 0.060653 0.194477 0.315617 0.022063 0.092823 -0.146385 0.267325 -0.029145 -0.000180 -0.051451 0.076829 0.080279 0.006218 0.049235 -0.008637 -0.351269 -0.238693 -0.295733 -0.406021 -0.249537 -0.074770 0.104507 -0.333923 -0.172856 -0.181101 -0.203134 -0.226628 0.039808 -0.232311 -0.305720 -0.336499 0.139650 -0.276835 0.174468 0.361547 0.108565 0.082989 0.093992 0.374517 -0.288379 -0.110451 -0.310719 -0.155718 -0.134786 -0.093732 0.059068 -0.145385 -0.144460 0.144531 -0.063199 0.032656 -0.177781 -0.098954 -0.114431 -0.273554 -0.031446 0.340454 -0.230148 0.022890 -0.131045 -0.071183 0.048206 0.195655 0.047152 0.124575 0.087213 0.082720 -0.095391 -0.123882 -0.111766 -0.025935 -0.192596 -0.070369 0.249815 0.058720 -0.196849 -0.042005 0.083122 0.021674 -0.063265 -0.026551 -0.215188 -0.120589 -0.054946 -0.026569 0.050854 0.208733 0.216186 0.136999
0.027382 -0.194599 0.126458 -0.211467 0.117176 -0.178929 0.349547 0.052207 0.272235 -0.026939 0.725281 0.392032 1.000000 0.405799 0.571929 0.201434 0.023838 -0.095389 0.038463 -0.100082 0.056225 0.030880 0.232734 0.016138 0.064034 -0.010504 0.281852 0.038144 0.398121 0.184703 0.111987 0.042095 -0.012547 0.269985 0.162217 0.123011 -0.166951 -0.140375 -0.064000 -0.201170 0.161624 0.013422 -0.173114 -0.028062 -0.257194 -0.132371 -0.015977 -0.020914 0.202716 -0.023661 0.090350 -0.116180 -0.138583 0.033621 0.098537 -0.004487 -0.379582 -0.366195 0.243110 -0.287226 0.293620 0.198274 0.110250 -0.006094 0.235672 0.025123 -0.258553 -0.196785 -0.268076 -0.061713 -0.055440 -0.158211 0.186409 -0.080368 -0.157532 0.105004 -0.012295 -0.134766 0.110160 -0.153179 -0.051990 -0.080810 0.253127 0.119325 -0.085754 -0.278913 0.270057 0.255119 0.136450 0.032961 -0.167451 0.307766 -0.147099 0.329169 -0.079806 0.031165 -0.040813 -0.032605 0.057831 0.142149 0.086510 0.332037 0.006257 -0.019677 -0.108315 -0.038303 -0.013316 -0.240093 0.069553 0.029872 0.150554 0.088049 0.122820 0.133422 0.005255 -0.123134
0.047187 0.061905 -0.101288 0.284942 -0.211729 -0.168591 0.111015 0.356922 -0.088713 -0.197829 0.296704 0.821386 0.405799 1.000000 0.303895 0.680232 -0.081220 0.096138 -0.058576 -0.064167 0.289246 -0.057892 -0.098363 0.215514 -0.084624 -0.016005 0.079009 0.101039 0.205895 0.411964 0.073634 0.079521 -0.097615 0.224887 -0.133858 -0.018514 -0.080748 0.101552 0.098791 -0.088228 0.061813 0.141379 -0.247099 -0.163803 -0.363915 -0.360230 -0.171129 -0.101359 -0.084170 -0.359816 -0.325743 -0.296457 -0.240344 -0.168512 0.006366 -0.067156 -0.135566 -0.169599 -0.100558 -0.366355 0.083250 0.098636 0.079233 0.056302 -0.055555 0.076979 -0.505131 -0.268186 -0.089092 -0.127388 -0.011726 -0.062764 0.082095 0.039510 0.019517 0.196876 -0.055819 -0.040388 -0.187029 -0.069803 0.026021 -0.076757 0.030062 0.421805 -0.068571 0.089565 0.032531 0.086026 -0.076988 0.236994 -0.079371 0.038103 0.086134 0.034299 -0.031937 -0.126750 -0.053453 -0.010633 -0.044239 -0.055450 0.134705 0.026457 -0.206330 -0.148011 0.020958 -0.190158 0.101568 -0.127298 -0.098598 -0.153356 -0.097625 -0.058052 -0.038617 0.151509 0.086921 0.055320
-0.140406 -0.252350 0.122528 0.059651 0.184914 -0.057638 0.239543 0.084008 0.343052 0.014303 0.594629 0.340272 0.571929 0.303895 1.000000 0.449462 -0.156242 -0.190936 0.160476 -0.110504 0.118938 0.182887 0.375700 0.374257 0.091118 -0.087743 0.246586 0.214131 0.374800 0.245486 0.357550 0.260674 -0.182310 0.085093 0.152498 0.025877 0.134601 -0.080224 0.006771 -0.283801 0.063501 0.020503 -0.315810 -0.280463 -0.237411 -0.376364 -0.167754 -0.231652 -0.038956 -0.276459 -0.103134 -0.212934 -0.264531 -0.155522 -0.043333 -0.285274 -0.356801 -0.407941 0.203336 0.033000 0.076458 0.071513 -0.066874 -0.185445 0.370393 0.086061 -0.026423 -0.259618 -0.205259 -0.017458 0.174941 0.074840 0.173755 0.117873 0.077114 0.363320 0.269513 0.140199 -0.027329 -0.127562 0.068974 -0.183793 0.417756 0.314018 0.006855 -0.032034 0.103563 0.010422 0.351360 -0.054294 0.015709 0.236873 0.052412 0.330355 0.096475 -0.031973 -0.277864 0.088808 -0.179693 -0.030755 0.336691 0.094890 -0.056398 0.034808 -0.125913 -0.016372 -0.027746 0.019632 0.075207 0.050552 -0.026869 -0.066811 -0.000195 0.172269 -0.049164 0.087650
-0.138676 -0.084105 -0.023148 0.421430 -0.264909 -0.119238 0.064188 0.389976 -0.090970 -0.230919 0.258218 0.704863 0.201434 0.680232 0.449462 1.000000 -0.263898 -0.078414 -0.133718 -0.062078 0.315171 0.091422 -0.084111 0.458463 -0.090730 -0.078672 0.140311 0.135918 0.190994 0.342397 0.185497 0.231106 -0.285436 0.033241 -0.042036 -0.013501 0.015429 0.070456 0.208619 0.112405 -0.042037 0.038350 -0.283043 -0.196336 -0.222275 -0.330562 -0.220189 -0.026182 -0.027390 -0.356050 -0.306145 -0.320528 -0.281203 -0.184726 -0.017704 -0.223655 -0.172027 -0.229030 0.042833 -0.139895 0.011799 0.173755 -0.000799 -0.102963 0.022504 0.239307 -0.198544 -0.345977 -0.173632 -0.205794 0.149284 0.134426 0.000618 0.026915 -0.032625 0.310506 0.032235 0.110134 -0.250947 -0.079380 0.026847 -0.250648 0.046576 0.565364 -0.114046 0.052250 -0.136759 0.099257 0.036699 0.240492 0.035030 -0.074367 0.126115 -0.038256 -0.100331 -0.125308 -0.147717 -0.159664 -0.193743 -0.203893 0.178999 -0.109443 -0.148569 -0.056593 0.040177 0.071097 0.024255 0.083423 -0.186429 -0.200994 -0.023415 -0.108362 0.079033 0.110011 0.129941 0.131690
0.540523 0.326871 -0.229524 -0.326052 0.131469 -0.123219 -0.086475 -0.263871 -0.100756 -0.044450 -0.176876 -0.149627 0.023838 -0.081220 -0.156242 -0.263898 1.000000 0.625779 0.289598 0.193022 -0.043648 -0.424148 -0.303186 -0.481548 -0.297389 -0.283573 -0.189580 -0.329276 0.432029 0.437774 -0.130080 -0.309308 0.657368 0.298177 -0.278847 -0.289719 0.136263 -0.088982 -0.178911 -0.153590 0.327438 0.020472 -0.119529 -0.132696 -0.123173 0.070570 0.120023 -0.224009 -0.452498 0.003875 -0.311931 -0.040976 0.119480 0.133038 -0.029718 0.082143 0.547081 0.328744 -0.119315 0.140488 0.298006 0.098272 0.534464 0.525147 -0.150525 -0.353695 -0.078669 -0.149003 0.309323 -0.013999 -0.120619 -0.232107 0.546026 0.003638 0.234924 -0.227156 -0.096447 -0.342401 0.253150 0.337474 0.629369 0.610286 0.240281 0.088572 0.046870 -0.126115 0.022882 -0.027286 -0.337704 -0.216420 -0.166667 -0.090768 -0.273792 -0.153830 -0.306437 -0.062988 -0.229778 -0.201104 0.048335 -0.119746 -0.439187 0.217104 -0.210481 -0.000814 -0.214546 -0.290937 -0.178535 -0.181494 0.004373 -0.017729 -0.389283 -0.123921 -0.174063 -0.158623 -0.433557 -0.420129
0.590183 0.464028 -0.211642 -0.265712 -0.230273 -0.427842 -0.142434 -0.207357 -0.353528 -0.347910 -0.254999 -0.059658 -0.095389 0.096138 -0.190936 -0.078414 0.625779 1.000000 0.187195 0.208312 0.179394 -0.275475 -0.272014 -0.438336 -0.254122 -0.161414 -0.218411 -0.246081 0.285736 0.572959 -0.112742 -0.075261 0.515256 0.355666 -0.281386 -0.296179 0.052322 0.038050 0.046334 -0.029461 0.181460 0.143106 -0.041433 -0.059604 -0.240997 -0.093720 0.069144 -0.139702 -0.473274 -0.170949 -0.374282 -0.084750 -0.010902 0.123359 -0.064069 0.175098 0.573969 0.423588 -0.239897 0.024157 0.107799 0.010317 0.336485 0.450304 -0.165903 -0.458730 -0.145086 -0.166537 0.320388 -0.114315 -0.189291 -0.242838 0.397377 -0.133415 0.122300 -0.350503 -0.257721 -0.231737 0.204580 0.525874 0.563786 0.675316 0.127651 0.423962 0.222946 0.013547 0.027047 -0.078055 -0.380807 -0.238119 -0.353747 -0.350400 -0.396410 -0.402290 -0.083507 0.101766 -0.042023 0.003028 0.006512 -0.245416 -0.579010 -0.149618 -0.454900 -0.186773 -0.336296 -0.349293 -0.061466 -0.261103 0.067051 0.090532 -0.268824 -0.219655 -0.343174 -0.288137 -0.397034 -0.386457
0.452971 0.081004 0.506692 -0.036895 0.165394 -0.172693 0.494640 0.192856 0.120882 0.025919 0.247832 -0.047792 0.038463 -0.058576 0.160476 -0.133718 0.289598 0.187195 1.000000 0.142903 0.021791 -0.163230 0.222455 -0.008605 -0.146821 -0.154197 -0.242402 -0.133154 0.172582 0.126595 0.422720 0.095557 0.395214 0.313758 -0.071270 -0.369827 -0.188138 -0.342993 -0.360655 -0.487677 -0.048961 -0.220210 -0.420852 -0.485118 -0.305950 -0.370795 -0.278068 -0.550302 -0.371077 -0.367273 -0.180680 -0.336553 -0.267315 -0.440422 -0.324651 -0.437011 0.115568 0.013427 -0.055105 0.188355 0.144571 -0.042391 0.174671 0.072474 0.403119 -0.353131 -0.029951 0.176085 0.066359 0.141491 0.271759 0.118635 0.227664 -0.001477 0.133027 0.021745 0.154476 -0.063703 -0.168474 0.019848 0.032772 0.056520 0.227340 0.044063 -0.022001 -0.246729 -0.300231 -0.327414 -0.045748 -0.582052 -0.186637 0.089910 -0.067230 0.191989 0.060009 0.025346 -0.481066 -0.045282 -0.429417 -0.352881 0.078197 0.332769 0.144089 0.271859 -0.034818 0.190901 -0.213032 0.071089 -0.022659 0.137266 -0.480680 -0.253610 -0.311243 0.020174 -0.073933 0.069534
0.342233 0.610880 -0.283432 0.016811 0.248997 0.079127 -0.317419 -0.330074 0.025986 0.229232 -0.285727 -0.227932 -0.100082 -0.064167 -0.110504 -0.062078 0.193022 0.208312 0.142903 1.000000 0.106151 0.077613 -0.328548 -0.326585 0.065882 -0.180151 0.187280 -0.193519 -0.067825 0.040739 -0.167602 -0.267592 0.090656 -0.148830 -0.388139 -0.171517 0.066447 -0.253785 0.239491 -0.102792 0.054261 0.113818 0.083167 0.133513 0.014109 0.111606 0.140647 0.118116 -0.211540 0.030869 -0.283422 -0.238991 -0.015864 0.049545 -0.055084 0.195655 0.214043 0.531401 -0.374188 -0.025025 -0.401380 -0.418776 -0.222056 -0.267907 -0.320243 -0.432830 -0.169775 -0.113353 0.442308 0.491795 0.092841 -0.173247 -0.151149 0.025880 0.259092 -0.077098 -0.087678 -0.351477 0.243818 0.150901 0.179435 0.213885 0.071851 0.071842 0.112204 -0.075586 0.144914 0.060671 -0.148559 -0.110848 0.034849 -0.118310 -0.057101 -0.210007 0.103140 -0.319775 -0.074196 -0.184153 0.210695 0.097825 -0.120572 -0.092406 0.120638 0.021948 0.008496 -0.233131 0.066754 -0.142027 -0.035752 -0.222713 -0.376800 0.029946 -0.111247 -0.053343 -0.287206 0.024350
0.081725 0.075060 -0.161118 -0.157747 -0.109030 -0.133676 -0.018897 -0.146023 -0.139934 -0.210796 0.040951 0.110887 0.056225 0.289246 0.118938 0.315171 -0.043648 0.179394 0.021791 0.106151 1.000000 0.282216 0.003166 0.048818 0.209730 0.309962 0.373156 0.366433 0.146021 0.301004 0.269538 0.301875 0.028259 0.220864 0.051493 0.211714 0.060962 0.402041 0.421478 0.111430 0.124791 0.286699 -0.174509 -0.075140 -0.415940 -0.264699 -0.129505 -0.000258 -0.218785 -0.365930 -0.326271 -0.378772 -0.480264 -0.286033 -0.012042 0.009408 0.132395 0.032796 -0.097278 -0.196166 0.072560 -0.156039 0.018211 -0.046491 0.088256 -0.260175 -0.371862 0.016518 0.173572 0.215594 0.201860 0.114039 0.137843 0.076957 0.021251 0.178841 0.084272 0.129840 -0.174608 0.031315 0.043990 0.055009 -0.029003 0.346341 0.177210 0.126763 0.044677 0.136288 0.031707 0.039461 -0.236130 -0.139107 -0.155741 -0.033288 0.019234 -0.126666 0.105777 -0.065512 -0.104439 -0.147046 -0.163485 -0.067092 -0.149835 0.035927 -0.013166 -0.117761 0.105148 0.113531 -0.145436 -0.183577 0.098059 -0.140643 0.104979 0.094322 -0.085110 0.075069
-0.271024 -0.094657 -0.078015 -0.050864 -0.032014 0.175819 -0.221519 -0.186436 -0.164116 -0.080262 0.033042 -0.155289 0.030880 -0.057892 0.182887 0.091422 -0.424148 -0.275475 -0.163230 0.077613 0.282216 1.000000 0.301966 0.248978 0.330621 0.398265 0.382016 0.393409 -0.107406 -0.195314 0.429615 0.489426 -0.289009 -0.050192 0.145162 0.320571 0.195015 0.252611 0.374427 0.110078 -0.137506 0.307527 0.064112 -0.005756 -0.077433 -0.090555 0.057890 0.076453 -0.053530 -0.133528 -0.025133 0.054135 -0.142402 0.059540 0.164090 0.091922 -0.180039 -0.095598 -0.056468 -0.062836 -0.187346 -0.273378 -0.323232 -0.342952 0.042146 -0.006918 -0.025885 -0.068773 -0.037564 0.130105 0.079887 0.405206 -0.209840 0.144170 -0.161840 0.252826 0.192467 0.227905 -0.035376 -0.247513 -0.224902 -0.214768 0.093137 0.011075 0.186698 0.188885 0.124355 0.284261 0.198300 0.273961 -0.090189 -0.029564 -0.033190 -0.020057 0.164058 -0.098334 0.162900 -0.121105 0.059640 0.027395 0.103470 -0.182874 -0.035006 0.015059 -0.169689 0.007738 0.045364 0.125174 -0.108095 -0.078430 0.197876 -0.088790 0.119495 0.211412 0.083250 0.017810
-0.368864 -0.454190 0.443819 0.092574 0.037384 0.157203 0.355365 0.113342 0.092681 -0.071039 0.326196 -0.048769 0.232734 -0.098363 0.375700 -0.084111 -0.303186 -0.272014 0.222455 -0.328548 0.003166 0.301966 1.000000 0.535576 0.457134 0.483352 0.240492 0.471609 0.029494 -0.167999 0.605260 0.572176 -0.097310 0.175784 0.581361 0.384640 -0.033710 -0.087022 -0.205523 -0.314594 -0.107422 -0.099241 -0.181524 -0.133226 -0.079163 -0.097508 -0.242786 -0.155821 0.162194 -0.131420 0.310378 0.037432 -0.276939 -0.173115 -0.112087 -0.305247 -0.457459 -0.488479 0.157475 -0.127144 0.047492 -0.131943 -0.056388 -0.192703 0.573043 0.121313 0.115859 0.197703 -0.353266 -0.034224 0.061812 0.082348 -0.053184 -0.133359 -0.202082 -0.016241 0.173174 0.227521 -0.152988 -0.213018 -0.222949 -0.304156 0.339249 -0.087628 0.342267 0.196231 0.188535 0.135828 0.559382 -0.144865 -0.238627 0.060735 -0.159426 0.217089 0.111989 0.123457 -0.152608 0.011477 -0.327598 -0.068256 0.093364 0.039429 -0.018547 -0.051524 -0.271740 0.112727 -0.047993 -0.123565 0.008268 0.116264 0.218725 -0.158152 -0.182446 0.119293 0.147896 0.060950
-0.631122 -0.493062 0.300792 0.614241 -0.093551 0.303716 0.194360 0.534483 0.108432 0.044914 0.197560 0.393177 0.016138 0.215514 0.374257 0.458463 -0.481548 -0.438336 -0.008605 -0.326585 0.048818 0.248978 0.535576 1.000000 0.294766 0.362054 0.059569 0.493863 -0.111420 -0.081202 0.509916 0.515881 -0.398113 0.058106 0.422664 0.348773 0.137303 0.023862 -0.007586 -0.090822 -0.081834 -0.036241 -0.378258 -0.302753 -0.123822 -0.307159 -0.440998 -0.147606 0.129492 -0.387714 0.006211 -0.154049 -0.233724 -0.375398 -0.119075 -0.529973 -0.516921 -0.550872 0.197615 -0.153779 0.081426 0.063442 -0.031824 -0.128698 0.372894 0.374386 0.043242 0.249271 -0.465682 0.042889 0.078569 0.239862 -0.175398 -0.024871 -0.115867 0.280095 0.216473 0.401247 -0.391142 -0.327167 -0.358218 -0.608713 0.159548 0.167186 -0.104258 0.126514 -0.113010 -0.075459 0.463149 0.045115 0.265480 0.089273 0.205609 0.167829 -0.009279 -0.135888 -0.289935 -0.044243 -0.452859 -0.255058 0.403471 -0.016796 0.108208 0.020581 -0.027632 0.315939 -0.043570 0.200980 -0.295207 -0.056359 0.095096 -0.215589 -0.079691 0.174661 0.186880 0.314183
-0.226875 0.020770 0.073297 -0.028217 0.390890 0.474131 0.002168 -0.192717 0.320920 0.384615 -0.039705 -0.168659 0.064034 -0.084624 0.091118 -0.090730 -0.297389 -0.254122 -0.146821 0.065882 0.209730 0.330621 0.457134 0.294766 1.000000 0.734023 0.634421 0.503990 -0.129223 -0.195767 0.230812 0.255862 -0.118392 0.039521 0.248493 0.469468 -0.003488 -0.047126 0.049276 -0.091111 -0.074665 0.125133 0.027908 0.149089 -0.021974 0.158648 -0.021394 0.122300 0.172582 0.018078 0.054171 -0.163179 -0.211589 -0.026202 0.011861 0.042013 -0.155733 -0.048424 -0.080020 -0.272107 -0.190920 -0.314136 -0.311191 -0.303128 -0.005426 -0.109629 -0.043534 0.044941 0.111179 0.237338 0.036597 -0.202620 -0.230860 -0.139847 -0.148073 -0.129727 -0.060484 -0.077810 0.006823 -0.119835 -0.144127 -0.100029 0.192172 -0.160332 0.243554 0.189197 0.448964 0.322096 0.357170 -0.023767 -0.012178 -0.039362 -0.032467 0.159643 -0.087356 -0.237145 0.130614 -0.091028 0.021471 0.016563 0.001404 -0.095578 0.024276 -0.180927 -0.172288 -0.128326 0.266944 -0.118319 -0.203752 -0.226276 0.220467 -0.033487 -0.228029 0.149574 -0.061120 -0.043571
-0.226052 -0.113289 -0.009388 0.010729 -0.009701 0.433713 -0.053221 -0.067016 -0.081846 0.046019 -0.031529 -0.079318 -0.010504 -0.016005 -0.087743 -0.078672 -0.283573 -0.161414 -0.154197 -0.180151 0.309962 0.398265 0.483352 0.362054 0.734023 1.000000 0.499334 0.635301 -0.109490 -0.171170 0.308880 0.444082 -0.012800 0.207590 0.330729 0.542424 0.042351 0.152608 0.073590 0.086304 0.036024 0.149010 0.095272 0.218169 -0.160426 0.126865 -0.002329 0.225699 0.068263 -0.048068 0.068849 -0.001966 -0.345787 -0.047629 -0.086655 0.088938 -0.148381 -0.161990 -0.166823 -0.412175 -0.087922 -0.336137 -0.123087 -0.163996 0.043058 -0.065379 -0.205168 0.227653 -0.019151 0.163369 -0.103865 -0.115136 -0.154696 -0.250815 -0.271198 -0.181558 -0.020243 0.085846 -0.171986 -0.191676 -0.193167 -0.180730 0.226682 -0.003379 0.150387 0.205744 0.310469 0.407451 0.224258 0.040820 -0.165514 -0.147274 -0.194119 -0.078765 -0.047794 -0.168046 0.300069 -0.007851 -0.040248 -0.000893 -0.112916 -0.171216 -0.101359 -0.202963 -0.153481 -0.084205 0.236870 0.012639 -0.265490 -0.157091 0.361754 0.015650 -0.188364 0.012662 0.022894 0.016485
-0.018168 0.198255 -0.165451 -0.163020 0.228384 0.378795 -0.099985 -0.281313 0.160025 0.166727 0.125117 -0.056850 0.281852 0.079009 0.246586 0.140311 -0.189580 -0.218411 -0.242402 0.187280 0.373156 0.382016 0.240492 0.059569 0.634421 0.499334 1.000000 0.523944 0.014397 -0.116615 0.054632 0.052127 -0.114093 -0.008537 0.180072 0.480990 -0.035168 -0.097954 0.087124 -0.013875 0.037721 0.130444 0.077803 0.222055 -0.169870 0.051721 0.109576 0.192760 0.080356 -0.023830 0.023881 -0.190095 -0.159692 0.103451 0.082250 0.188454 0.028468 0.106123 0.058701 -0.228601 -0.032937 -0.188854 -0.271264 -0.206347 -0.044352 -0.132824 -0.137408 -0.216880 0.195340 0.166331 0.020643 -0.158569 -0.203485 -0.060744 -0.153256 -0.058621 -0.090946 -0.234194 -0.043585 -0.182715 -0.110966 -0.042064 0.264961 -0.017140 0.151207 0.093131 0.502073 0.485714 0.374991 0.186873 -0.272745 -0.148473 -0.034163 0.017321 -0.124315 -0.332212 0.143611 -0.140808 0.096990 0.071247 -0.057264 -0.203556 -0.105240 -0.280590 -0.170197 -0.282706 0.211412 -0.140792 -0.177147 -0.408252 0.129553 0.106839 -0.032884 0.102258 -0.110044 -0.089500
-0.280972 -0.169510 0.050026 0.083470 -0.167454 0.340141 -0.058745 -0.006644 -0.066877 -0.055047 0.093740 0.060653 0.038144 0.101039 0.214131 0.135918 -0.329276 -0.246081 -0.133154 -0.193519 0.366433 0.393409 0.471609 0.493863 0.503990 0.635301 0.523944 1.000000 -0.177005 -0.187860 0.305676 0.335998 -0.097564 0.142938 0.442895 0.537959 0.190049 0.257450 0.165861 0.085144 -0.066126 0.150692 -0.034346 0.030673 -0.297170 -0.230079 -0.154863 0.010336 0.146033 -0.258745 0.084396 0.009448 -0.250465 -0.170572 0.159378 -0.030966 -0.214968 -0.230492 -0.053470 -0.332765 -0.015705 -0.287187 -0.208566 -0.208707 0.048640 -0.029034 -0.157211 0.168050 0.014063 0.112796 0.108270 0.190370 -0.224347 -0.004753 -0.081737 0.048607 0.121238 0.236766 -0.146396 -0.146206 -0.303395 -0.227414 0.072332 -0.065375 0.077864 0.206116 0.269304 0.182731 0.420262 0.232118 -0.152309 -0.073835 0.025120 0.177816 0.024582 -0.172753 0.119048 -0.024729 -0.205673 -0.111369 -0.023238 -0.068255 -0.057896 -0.165896 -0.205748 -0.073882 0.093314 0.109029 -0.156553 -0.198299 0.259788 -0.128131 -0.027397 0.124803 0.062668 0.000269
0.137416 -0.231487 -0.063262 -0.372503 0.118990 -0.379746 0.235712 -0.059833 0.090426 -0.149986 0.349472 0.194477 0.398121 0.205895 0.374800 0.190994 0.432029 0.285736 0.172582 -0.067825 0.146021 -0.107406 0.029494 -0.111420 -0.129223 -0.109490 0.014397 -0.177005 1.000000 0.687230 0.208174 0.183353 0.316207 0.367888 0.133923 0.045689 0.233948 -0.043602 -0.070529 -0.113940 0.349150 0.017435 -0.217054 -0.180994 -0.216011 -0.161247 0.058594 -0.096906 -0.259897 -0.183763 -0.287292 -0.277092 -0.219907 -0.039754 -0.128955 -0.094665 -0.014196 -0.293807 0.264077 0.092654 0.432451 0.169101 0.491439 0.260370 0.124205 -0.219490 -0.040090 -0.236057 -0.152873 -0.121696 0.080966 -0.133343 0.790770 -0.006356 0.112465 0.009874 0.184065 0.049482 -0.039836 -0.031912 0.521102 0.168896 0.447743 0.456893 -0.171231 -0.253945 0.082114 0.115351 -0.224080 -0.132326 -0.053179 0.142221 -0.375758 0.020222 0.019725 0.088629 -0.107583 0.029663 -0.008495 0.004290 -0.243107 0.327489 -0.221022 0.112067 -0.084236 -0.097966 -0.094322 -0.041610 0.161508 0.093905 -0.002099 0.080948 -0.099145 0.046418 -0.254938 -0.007878
0.205200 0.012838 -0.136389 -0.185956 -0.055247 -0.409859 0.132755 0.027558 -0.008853 -0.181303 0.095372 0.315617 0.184703 0.411964 0.245486 0.342397 0.437774 0.572959 0.126595 0.040739 0.301004 -0.195314 -0.167999 -0.081202 -0.195767 -0.171170 -0.116615 -0.187860 0.687230 1.000000 0.145416 0.197853 0.254846 0.462810 -0.151954 -0.102114 0.175069 0.209535 0.073483 -0.000853 0.258341 0.234547 -0.351541 -0.276859 -0.387446 -0.280697 -0.167262 -0.171785 -0.413798 -0.371648 -0.468944 -0.359780 -0.244794 -0.124485 -0.139143 -0.136725 0.127291 -0.098431 0.099847 0.002434 0.385462 0.220837 0.456769 0.329218 0.102701 -0.210153 -0.213795 -0.248730 0.029390 -0.091969 -0.013683 -0.151260 0.715262 0.067399 0.158027 -0.026320 0.055911 0.073178 -0.025035 0.248407 0.599271 0.335939 0.267529 0.665379 -0.014082 -0.026568 -0.046429 -0.050635 -0.284476 -0.091098 -0.081667 -0.111141 -0.366537 -0.185190 0.000043 0.114976 -0.158946 0.077201 -0.104249 -0.156406 -0.294682 0.090734 -0.406415 0.060367 -0.165141 -0.183058 -0.155515 -0.169670 0.109781 0.154081 -0.126700 -0.156254 -0.210948 0.023301 -0.293254 -0.057970
-0.113861 -0.259724 0.358345 0.065542 -0.073717 -0.057707 0.275243 0.158916 -0.074693 -0.170610 0.283206 0.022063 0.111987 0.073634 0.357550 0.185497 -0.130080 -0.112742 0.422720 -0.167602 0.269538 0.429615 0.605260 0.509916 0.230812 0.308880 0.054632 0.305676 0.208174 0.145416 1.000000 0.805776 0.118184 0.424737 0.402265 0.253925 0.030501 0.057376 -0.071819 -0.324743 -0.065554 0.139419 -0.314929 -0.276243 -0.315624 -0.286577 -0.317368 -0.287041 -0.311602 -0.401358 -0.107754 -0.233566 -0.438926 -0.408106 -0.204263 -0.411023 -0.263956 -0.386164 -0.051461 -0.059883 0.074098 -0.122129 0.018808 -0.180472 0.453055 -0.077012 -0.164402 0.088293 -0.234574 0.084632 0.241932 0.428707 0.178517 0.194117 0.025822 0.256257 0.377805 0.380358 -0.292948 -0.246936 -0.106951 -0.337422 0.332576 0.240832 0.199506 0.024467 -0.133255 0.048300 0.193404 -0.207137 -0.201852 0.021167 -0.141835 0.130033 0.074964 -0.008958 -0.274854 -0.117332 -0.359268 -0.312085 0.114189 0.100157 -0.073918 0.053307 -0.247341 0.175842 -0.179090 0.089036 -0.146471 0.099408 0.016925 -0.265273 -0.123644 0.059428 0.115588 0.129560
-0.303894 -0.366477 0.204674 0.077938 -0.244467 -0.078154 0.087720 0.070447 -0.224116 -0.318896 0.213986 0.092823 0.042095 0.079521 0.260674 0.231106 -0.309308 -0.075261 0.095557 -0.267592 0.301875 0.489426 0.572176 0.515881 0.255862 0.444082 0.052127 0.335998 0.183353 0.197853 0.805776 1.000000 0.003099 0.385350 0.450650 0.379280 0.125637 0.262842 0.106482 -0.056795 -0.027025 0.203171 -0.158719 -0.135631 -0.211728 -0.214779 -0.183793 -0.075846 -0.117356 -0.323534 -0.015770 -0.053993 -0.453529 -0.243695 -0.155726 -0.220729 -0.356361 -0.444388 -0.075249 -0.167521 -0.057029 -0.136326 -0.042605 -0.215228 0.381704 0.047980 -0.104093 0.107026 -0.382599 -0.045209 0.067536 0.341145 0.145001 0.063404 -0.161094 0.120266 0.296152 0.518922 -0.160343 -0.191759 -0.111104 -0.308246 0.236151 0.365394 0.233184 0.202203 -0.079277 0.185071 0.142633 -0.048822 -0.188151 -0.086672 -0.165062 0.004324 0.208433 0.094519 0.022385 0.032162 -0.251999 -0.174850 0.013126 -0.109807 -0.186058 0.043247 -0.264846 0.182513 -0.168591 0.079711 -0.089094 0.167552 0.315753 -0.163515 -0.048794 0.104248 0.170811 0.186684
0.563187 0.281932 -0.005653 -0.321614 -0.048620 -0.182354 0.060510 -0.219510 -0.248177 -0.223293 -0.013530 -0.146385 -0.012547 -0.097615 -0.182310 -0.285436 0.657368 0.515256 0.395214 0.090656 0.028259 -0.289009 -0.097310 -0.398113 -0.118392 -0.012800 -0.114093 -0.097564 0.316207 0.254846 0.118184 0.003099 1.000000 0.615218 0.041419 -0.092489 0.101889 0.032828 -0.167427 -0.182217 0.214104 0.021715 -0.131109 -0.092988 -0.336725 -0.028770 -0.021482 -0.191071 -0.415908 -0.114315 -0.204028 0.016511 -0.165958 -0.037672 -0.147668 0.005602 0.410057 0.223453 -0.312403 -0.012595 0.141769 -0.065337 0.329481 0.347938 0.025891 -0.463543 -0.214799 0.006560 0.310044 -0.014811 -0.030654 -0.082468 0.435791 -0.006948 0.318123 -0.286880 0.086707 -0.151795 0.185771 0.307329 0.383922 0.456586 0.202243 0.068673 0.161023 -0.002505 0.020435 0.004777 -0.254801 -0.372248 -0.438730 -0.232989 -0.339812 -0.163235 -0.059002 0.026489 -0.118161 -0.037448 -0.191857 -0.256379 -0.455390 0.084713 -0.182286 -0.099086 -0.195198 -0.201711 -0.149905 -0.144879 0.111904 0.037423 -0.243018 -0.153103 -0.295700 -0.223938 -0.257834 -0.361539
0.236579 -0.023003 0.197193 -0.147504 -0.120048 -0.213452 0.339091 0.138370 -0.108743 -0.237255 0.349680 0.267325 0.269985 0.224887 0.085093 0.033241 0.298177 0.355666 0.313758 -0.148830 0.220864 -0.050192 0.175784 0.058106 0.039521 0.207590 -0.008537 0.142938 0.367888 0.462810 0.424737 0.385350 0.615218 1.000000 0.265076 0.265039 -0.024974 0.188377 -0.081526 -0.123403 0.064225 0.196515 -0.375609 -0.253184 -0.534898 -0.256462 -0.275391 -0.236734 -0.232034 -0.389254 -0.096653 -0.109084 -0.341791 -0.223459 -0.065928 -0.214723 -0.047242 -0.206692 -0.030924 -0.322451 0.373588 0.190421 0.329413 0.276360 0.350958 -0.094757 -0.392092 0.090220 -0.058347 -0.075257 -0.167007 0.021894 0.427779 -0.018810 0.116572 -0.155597 0.137753 0.125429 -0.013632 0.028717 0.077395 0.036811 0.230933 0.301948 0.058815 -0.036486 -0.061205 0.020436 -0.047355 -0.150787 -0.363953 -0.091909 -0.466401 -0.119417 -0.091636 0.040519 -0.138420 -0.054030 -0.326412 -0.291184 -0.290873 0.148413 -0.359802 -0.134846 -0.350166 -0.107227 -0.212399 -0.206880 -0.070870 0.085179 -0.012258 -0.326774 -0.330739 -0.122430 -0.034534 -0.235090
-0.383818 -0.558756 0.254906 -0.047848 -0.136673 0.073006 0.232192 0.065684 -0.001511 -0.166553 0.322523 -0.029145 0.162217 -0.133858 0.152498 -0.042036 -0.278847 -0.281386 -0.071270 -0.388139 0.051493 0.145162 0.581361 0.422664 0.248493 0.330729 0.180072 0.442895 0.133923 -0.151954 0.402265 0.450650 0.041419 0.265076 1.000000 0.674390 0.154195 0.048397 -0.123296 -0.111289 -0.046587 -0.087103 -0.034725 0.003319 -0.043306 -0.023187 -0.143651 0.022807 0.236420 -0.141010 0.337293 0.033518 -0.173948 -0.185112 -0.030166 -0.255859 -0.382055 -0.508105 0.236930 -0.126617 0.213712 0.021266 0.083097 -0.026501 0.431125 0.186922 0.020365 0.352546 -0.441109 -0.118586 0.168192 0.252567 0.065183 0.018100 -0.030271 0.081874 0.330783 0.460243 -0.220496 -0.367853 -0.253053 -0.450547 0.192954 -0.003656 0.107075 -0.002510 0.045947 0.186182 0.450227 -0.020007 -0.069901 0.078645 -0.106614 0.217317 0.074157 0.085198 0.016734 0.025334 -0.302795 -0.031557 0.029834 0.123872 0.141211 -0.049336 -0.133066 0.225330 -0.030348 -0.016608 0.062006 0.025782 0.426118 0.013838 0.006700 0.034626 0.197756 0.154679
-0.449343 -0.349046 -0.131560 -0.003971 -0.066284 0.238487 -0.062270 -0.044629 -0.031733 -0.041076 0.100340 -0.000180 0.123011 -0.018514 0.025877 -0.013501 -0.289719 -0.296179 -0.369827 -0.171517 0.211714 0.320571 0.384640 0.348773 0.469468 0.542424 0.480990 0.537959 0.045689 -0.102114 0.253925 0.379280 -0.092489 0.265039 0.674390 1.000000 0.221136 0.198793 0.128214 0.146190 0.073057 0.268070 0.062188 0.250615 -0.136543 0.102836 -0.046222 0.319735 0.209157 -0.049771 0.153384 0.027231 -0.260615 -0.067044 -0.010086 0.009823 -0.362754 -0.364106 0.120553 -0.333179 0.064308 -0.076116 -0.049552 -0.116472 0.165850 0.208480 -0.152890 0.255160 -0.274143 0.090494 -0.112989 0.067315 -0.010445 0.000498 -0.092776 0.043634 0.260362 0.362505 -0.118167 -0.333155 -0.239601 -0.432890 0.191763 0.055456 0.041745 0.064745 0.247879 0.310995 0.300552 0.177792 0.004410 0.052324 -0.108734 0.020474 0.008263 -0.166628 0.233282 -0.007042 -0.011185 0.206195 -0.030081 0.005083 0.019033 -0.112581 -0.077206 -0.033718 0.224372 -0.002137 -0.178173 -0.151159 0.522297 0.092352 0.081467 -0.007766 0.202758 0.189268
