1.000000 0.253358 0.357309 -0.056697 -0.045255 0.131869 0.440917 -0.453903 0.224236 0.042819 0.398980 0.162163 0.361786 -0.072205 0.522494 0.378517 -0.189795 -0.206360 0.654436 0.201908 0.048981 0.052556 0.235994 -0.384203 -0.165829 -0.162224 -0.127884 0.000045 0.209899 -0.002561 -0.120229 -0.359886 0.345232 -0.134495 0.095176 -0.222775 -0.185930 -0.238838 -0.094772 -0.161858 -0.296670 -0.159489 -0.050429 -0.284985 -0.395277 -0.464940 -0.173280 0.206757 0.134936 -0.470221 0.140616 -0.494534 -0.187719 0.084522 -0.309110 -0.201094 0.041633 0.410296 0.212079 -0.075394 0.433067 0.120973 0.161326 0.105088 0.567464 0.013044 -0.169029 -0.360686 0.096801 -0.110037 -0.304628 -0.193072 -0.000567 0.014182 -0.118214 0.128089 0.097658 -0.088716 -0.425648 -0.141287 -0.084843 -0.016061 0.491488 -0.006027 0.046985 -0.347264 0.158043 -0.041781 0.567205 -0.121975 -0.254422 0.226667 0.264553 0.333952 -0.195810 0.186687 -0.461240 -0.516558 -0.329516 -0.078877 0.105828 0.350995 0.050368 0.042288 -0.071292 0.208604 -0.219830 -0.165238 -0.003159 -0.096798 -0.412173 -0.037510 0.021132 -0.038096 0.340694 -0.203428
0.253358 1.000000 0.258759 0.503483 -0.064413 0.330135 -0.007549 0.225070 -0.081676 0.388315 0.322636 0.785704 -0.140163 0.395840 0.113039 0.721531 0.110171 -0.157722 0.313775 0.271549 -0.029774 0.199801 -0.295892 -0.153190 -0.271684 -0.149594 0.013608 0.035472 0.093749 0.077169 -0.132545 -0.032398 0.076628 0.011209 -0.221955 -0.088272 -0.131662 -0.276603 0.041626 -0.093681 -0.165597 -0.059754 -0.141693 -0.257713 -0.561059 -0.393805 -0.111974 -0.062600 -0.196931 -0.355074 0.003737 0.022311 -0.195144 -0.147779 -0.291525 -0.168955 0.049627 0.266370 -0.008954 -0.129275 0.046834 0.332601 0.094535 -0.145838 0.421904 0.534876 -0.293805 -0.371514 0.042797 0.102830 -0.197039 0.149365 0.049398 -0.176581 -0.081697 -0.061781 -0.061769 -0.034588 -0.052707 -0.468493 -0.126169 -0.461881 0.268525 0.314039 -0.079590 -0.015950 -0.088060 0.063320 0.385085 0.026518 -0.174370 0.060375 0.404238 0.071911 -0.295442 -0.402827 -0.477459 0.081873 -0.272372 0.009039 0.249496 0.044761 0.165003 0.011353 -0.171132 -0.146437 0.008831 -0.263038 -0.307558 -0.047827 -0.076024 -0.189984 -0.139611 -0.016908 -0.075792 -0.255143
0.357309 0.258759 1.000000 0.114327 0.230170 0.202656 0.723245 0.052724 0.331303 0.285700 0.102559 0.350478 0.091310 -0.088345 0.263965 0.273588 -0.477309 -0.221229 0.343438 -0.056213 0.115154 0.140366 0.460642 0.058674 0.133549 -0.052692 0.142107 0.218677 -0.367398 -0.206810 0.024199 -0.150244 0.077094 -0.118755 0.121960 0.114542 -0.220263 -0.238512 0.065991 -0.011060 -0.396443 -0.058408 0.162285 -0.120962 -0.231519 -0.368391 0.136268 0.241445 -0.042493 -0.179468 0.425071 -0.142038 0.042780 0.277843 -0.252477 0.150974 -0.402755 0.271228 -0.200929 -0.266038 0.136279 0.011130 -0.035549 0.095526 0.665258 0.184359 -0.138368 -0.293335 0.123640 0.181380 -0.348759 -0.148231 -0.421397 -0.331787 -0.176586 -0.238182 -0.357623 -0.474164 -0.304386 -0.282039 -0.433468 -0.318571 0.075730 -0.184900 0.008190 -0.084391 0.202764 0.248876 0.469956 -0.040466 -0.204396 0.000229 0.289538 0.163079 -0.157466 -0.128464 -0.182193 -0.112518 -0.186809 -0.167765 0.059723 0.125095 -0.145469 -0.307457 -0.117054 -0.123201 -0.343838 -0.342009 -0.079253 -0.106283 -0.107333 0.143637 -0.248815 -0.376511 -0.325191 -0.200107
-0.056697 0.503483 0.114327 1.000000 0.111093 0.544478 -0.184086 0.220778 -0.200077 0.289694 0.291063 0.558898 -0.237337 -0.062485 -0.097925 0.439448 0.222165 -0.428585 0.289538 0.271320 0.031669 0.190767 0.108155 0.394923 0.073579 0.233085 0.110723 0.452263 -0.136256 -0.235368 -0.105563 0.210827 0.066394 0.001276 -0.054898 -0.098450 0.013322 -0.007961 0.065167 0.161231 0.163522 0.205393 0.037676 -0.281709 -0.570805 -0.321123 0.050982 0.041709 -0.437682 -0.322924 -0.037157 -0.076719 0.104731 -0.063407 -0.030066 0.090332 -0.046264 0.013136 -0.301610 -0.347089 -0.296310 -0.026467 -0.337471 -0.377643 0.313245 0.265116 -0.545477 -0.281323 -0.246869 -0.276027 -0.183252 0.146533 -0.228677 -0.217472 0.030508 -0.109924 -0.063487 -0.129359 -0.014403 -0.098292 -0.195798 -0.439881 -0.020627 0.278134 -0.066915 0.306441 0.127474 0.319160 0.201075 0.219043 0.115744 -0.025773 0.510255 0.176595 -0.031019 -0.208257 -0.218207 0.039485 -0.149853 0.036467 0.408838 0.038585 0.148221 0.049220 -0.014887 0.063707 0.110963 -0.132130 -0.151517 -0.095240 0.216200 -0.098144 0.020746 0.176682 0.082465 -0.094591
-0.045255 -0.064413 0.230170 0.111093 1.000000 0.573069 0.237923 0.116965 0.466084 0.466698 -0.279411 0.032398 -0.098808 -0.094606 -0.053334 0.237703 -0.499165 -0.296286 -0.059507 -0.194393 0.090726 0.136409 0.165502 0.327861 0.224157 0.223374 0.729316 0.257099 -0.501495 -0.110140 0.030437 0.046968 -0.088420 0.074404 0.099537 0.156765 0.099069 0.381657 0.102687 0.102834 0.015503 0.510128 0.076443 -0.047793 0.072486 0.144010 0.026215 -0.126828 0.235332 0.033197 0.157067 0.070082 -0.073220 0.012851 0.185370 -0.124314 -0.577990 -0.166706 -0.128975 -0.158495 -0.113828 0.109168 -0.425632 0.070803 0.052073 0.188800 -0.068233 0.144343 -0.333487 -0.122583 0.059435 -0.160030 -0.507492 -0.146170 -0.201766 -0.190385 -0.207089 -0.197091 -0.207499 -0.085435 -0.411672 -0.198280 -0.227730 0.003840 -0.020264 -0.037845 0.124237 0.485100 0.118567 0.068721 0.202981 0.120131 -0.183403 -0.172671 0.116777 0.108535 -0.260744 -0.172057 -0.229000 -0.201612 -0.382218 -0.356079 -0.124715 -0.327427 -0.198620 -0.040739 0.003842 -0.176688 -0.012548 0.195990 0.006974 -0.172015 -0.351589 0.096423 -0.077701 -0.152394
0.131869 0.330135 0.202656 0.544478 0.573069 1.000000 0.018077 0.040279 0.111232 0.540370 0.071220 0.500807 -0.077176 0.073972 0.046590 0.606496 -0.166796 -0.432817 0.294273 0.191943 0.073389 0.308464 0.072171 0.086480 0.138769 0.190475 0.447270 0.347795 -0.364872 -0.112013 -0.250654 -0.110211 0.087034 0.020219 -0.244594 -0.050454 0.015271 0.090535 0.091729 0.021775 0.067745 0.297719 0.120843 -0.140974 -0.372941 -0.219860 0.040963 0.119250 -0.050595 -0.196181 0.069149 -0.036956 0.096805 0.061731 0.137677 -0.079017 -0.334336 0.092789 -0.133205 -0.255742 -0.105873 0.243631 -0.434098 -0.112673 0.335212 0.393419 -0.455291 -0.257211 -0.289425 -0.337762 -0.183124 -0.158432 -0.437937 -0.203065 -0.295554 -0.056451 -0.147205 -0.106769 -0.172310 -0.053419 -0.302390 -0.424215 0.052042 0.079994 -0.090169 -0.024910 0.185082 0.337096 0.362681 0.158565 0.170509 0.154342 0.157721 -0.066313 -0.053889 -0.006812 -0.410774 -0.120382 -0.324037 -0.124571 0.002220 -0.255609 0.084082 -0.284536 -0.192600 0.003836 -0.088709 -0.349225 -0.003151 0.073126 -0.044280 -0.056754 -0.115851 0.151202 0.058901 -0.064867
0.440917 -0.007549 0.723245 -0.184086 0.237923 0.018077 1.000000 -0.155916 0.537184 0.049404 -0.041600 -0.049879 0.162029 -0.161181 0.378249 0.070249 -0.537606 -0.082888 0.310164 -0.200561 0.064523 -0.089556 0.497805 0.093363 0.027453 -0.158810 0.109220 0.093065 -0.112429 -0.229837 0.139299 -0.151964 -0.038302 -0.170770 0.237250 -0.117040 -0.028325 -0.154515 0.087086 -0.093939 -0.301082 -0.009450 0.006697 -0.060173 -0.066866 -0.274864 0.102260 0.053813 0.162428 -0.099780 0.443100 -0.133125 0.027915 0.260168 -0.118788 0.065204 -0.414655 0.257210 -0.116539 -0.307674 0.171190 -0.213130 0.056941 0.170055 0.419409 -0.163082 -0.021125 -0.209776 0.113897 0.054691 -0.050532 -0.172168 -0.182926 -0.098449 -0.026260 -0.079093 -0.055257 -0.222905 -0.340743 -0.208400 -0.300039 -0.013919 0.185547 -0.159629 0.028055 -0.118540 -0.059428 0.169081 0.329567 -0.113632 -0.112087 0.129404 0.138655 0.261381 -0.238960 -0.112984 -0.164526 -0.263442 0.008467 -0.136390 0.009467 0.246043 -0.183369 -0.203969 -0.087821 0.024098 -0.212273 -0.307537 -0.118992 -0.025795 -0.253490 0.058448 -0.012376 -0.239383 -0.225112 -0.254347
-0.453903 0.225070 0.052724 0.220778 0.116965 0.040279 -0.155916 1.000000 -0.197125 0.286889 -0.346976 0.110344 -0.258031 0.346998 -0.571924 -0.094013 0.013767 -0.135323 -0.564811 -0.115426 0.078488 0.158891 -0.476959 0.076759 -0.081047 0.091692 0.311763 -0.179936 -0.274122 0.315262 0.126263 0.265994 -0.120899 0.189975 -0.215936 0.186303 0.184970 0.238267 0.261449 0.039147 0.186522 0.401032 -0.121875 0.062614 0.156770 0.280194 0.153367 -0.253191 -0.165515 0.106423 -0.193789 0.264147 0.069373 -0.227527 0.211232 0.102332 -0.121958 -0.231814 -0.212336 0.095289 -0.222718 0.115101 -0.205964 -0.098972 -0.363092 0.359289 0.118598 0.186051 0.095552 0.101750 0.240031 0.330931 0.079687 -0.010309 0.187224 -0.150110 -0.140170 -0.154174 0.239025 -0.315437 -0.140841 -0.321999 -0.463603 0.094625 -0.370103 -0.008367 -0.133033 -0.083704 -0.249922 0.064933 -0.061386 -0.413491 -0.099450 -0.419239 0.060557 -0.377546 0.026069 0.234849 0.127142 -0.062398 -0.183204 -0.289493 0.103782 -0.047317 0.203989 -0.076733 0.021425 0.117602 -0.159299 -0.181097 0.110767 -0.220642 -0.186369 -0.072223 -0.416512 -0.110696
0.224236 -0.081676 0.331303 -0.200077 0.466084 0.111232 0.537184 -0.197125 1.000000 0.066517 -0.245410 -0.085104 0.028414 -0.115496 0.338121 0.052927 -0.514518 -0.102591 0.158033 -0.301930 0.169916 -0.053615 0.291791 0.025795 0.285461 -0.071472 0.149322 -0.025659 -0.208842 -0.236544 0.259390 -0.014234 -0.101491 -0.194312 0.265677 0.124290 -0.265878 -0.174552 0.131798 -0.076868 -0.335874 -0.168940 -0.128355 -0.091049 0.227558 0.115464 -0.246973 -0.155936 0.460841 0.205113 0.317511 0.054858 -0.096978 -0.058397 -0.231105 -0.368256 -0.480890 0.148907 0.169058 0.027318 0.227581 0.014243 -0.013416 0.171918 0.244912 -0.016361 0.185564 0.168157 -0.055684 0.089329 0.129176 -0.116997 -0.146492 -0.185588 -0.048353 -0.242375 -0.147705 -0.147248 -0.315562 -0.190108 -0.188796 0.095371 0.016157 -0.165705 0.064739 -0.150970 -0.029281 0.306971 0.196074 -0.289507 -0.190717 0.183011 -0.071670 -0.045707 -0.121599 0.059168 -0.072516 -0.180374 -0.088411 -0.256806 -0.054530 -0.081823 -0.308447 -0.328513 -0.189816 -0.138714 0.016470 -0.171785 -0.062372 0.028763 -0.029292 -0.111149 -0.155549 -0.022370 -0.012819 -0.187373
0.042819 0.388315 0.285700 0.289694 0.466698 0.540370 0.049404 0.286889 0.066517 1.000000 -0.005197 0.535419 -0.032696 0.328651 -0.101102 0.594552 -0.329035 -0.388055 0.127302 -0.006989 -0.122580 0.080146 -0.114185 0.008637 -0.117701 0.104742 0.413635 0.253429 -0.445885 0.119166 -0.212237 -0.141159 -0.256304 -0.173321 -0.115941 0.111615 -0.063626 0.093090 0.110818 0.065133 0.040841 0.383120 0.024772 0.033495 -0.259068 -0.084371 0.132836 0.189409 0.030151 -0.172924 -0.057972 0.220512 -0.142580 0.146739 0.043716 -0.036846 -0.184518 0.189703 -0.118812 -0.343673 0.133732 0.505483 -0.289342 0.132123 0.256196 0.654870 -0.380462 -0.241263 -0.399253 -0.124396 -0.174067 -0.205756 -0.253409 0.029375 -0.208047 -0.010168 -0.298416 -0.015535 -0.254101 -0.429362 -0.505999 -0.694853 -0.115541 -0.096388 -0.253250 -0.078691 0.271576 0.223297 0.498147 0.228362 0.076185 0.298907 0.135091 -0.155889 -0.116835 -0.143503 -0.456786 0.029218 -0.501049 -0.108771 -0.142492 -0.338531 -0.069851 -0.282465 -0.240341 -0.192625 -0.026433 -0.231071 -0.114802 0.066821 -0.083509 -0.075645 -0.224901 -0.009632 -0.153638 -0.015354
0.398980 0.322636 0.102559 0.291063 -0.279411 0.071220 -0.041600 -0.346976 -0.245410 -0.005197 1.000000 0.464394 0.468999 0.011288 0.543960 0.374261 0.542793 -0.141286 0.415664 0.025232 0.123124 0.102400 0.129570 -0.059951 -0.055877 0.156151 -0.318200 0.372206 0.460153 -0.174142 -0.005991 0.088878 0.400829 0.050338 0.019706 -0.263322 -0.021166 -0.342268 -0.442179 -0.151997 -0.069016 -0.204115 0.162870 -0.157926 -0.522101 -0.415128 -0.101371 0.222446 -0.119638 -0.475128 0.286326 -0.217524 -0.166178 -0.055508 -0.413206 -0.156220 0.464319 0.063432 -0.113936 -0.296442 0.004910 -0.161792 0.195017 -0.378367 0.479080 -0.031032 -0.433661 -0.370450 -0.198497 -0.141891 -0.238388 0.045122 0.076128 -0.018969 0.036979 0.126373 -0.008716 -0.122621 -0.051090 -0.001979 0.311230 0.001191 0.523978 0.234830 0.385888 0.165141 0.244832 -0.025002 0.317299 -0.175531 -0.236380 0.120336 0.356681 0.326918 -0.298506 -0.128513 -0.266205 -0.097119 -0.430077 -0.083423 0.339034 0.271475 0.025056 0.030786 -0.174782 -0.057281 -0.057047 -0.356689 -0.049684 0.045186 -0.205222 -0.022871 0.003071 -0.045410 0.234238 -0.023906
0.162163 0.785704 0.350478 0.558898 0.032398 0.500807 -0.049879 0.110344 -0.085104 0.535419 0.464394 1.000000 0.101364 0.421104 0.158390 0.795580 0.075667 -0.240674 0.392085 0.205723 -0.043579 0.254463 -0.122848 -0.111148 -0.140462 0.048063 -0.040763 0.223032 -0.064507 -0.029992 -0.230858 -0.112699 0.162618 -0.076802 -0.253825 -0.009325 -0.211585 -0.319022 -0.139900 -0.021140 -0.201858 -0.106894 0.113507 -0.126643 -0.558769 -0.408163 0.060427 0.201836 -0.158418 -0.370379 0.097593 0.071947 -0.061344 0.004194 -0.228184 -0.112002 -0.016622 0.129841 -0.142231 -0.344574 -0.012565 0.320522 -0.082831 -0.220131 0.539268 0.608409 -0.497831 -0.487433 -0.182446 -0.019398 -0.317471 0.061407 -0.139297 -0.228446 -0.175640 -0.081337 -0.266690 -0.182872 -0.197491 -0.378601 -0.237461 -0.566977 0.156228 0.159082 -0.025415 0.076254 0.136077 0.083384 0.409816 -0.044752 -0.133238 0.072067 0.508658 0.071155 -0.274281 -0.214642 -0.352525 0.132239 -0.409743 -0.064998 0.297641 -0.017535 0.115616 -0.114201 -0.172402 -0.219727 -0.063612 -0.346647 -0.012408 0.021593 -0.104496 -0.043423 -0.196760 0.073532 0.004939 -0.068972
0.361786 -0.140163 0.091310 -0.237337 -0.098808 -0.077176 0.162029 -0.258031 0.028414 -0.032696 0.468999 0.101364 1.000000 0.350422 0.257840 0.109622 0.085644 -0.094987 0.193070 -0.089700 0.053012 0.165779 -0.026298 -0.433210 -0.175612 -0.030152 -0.307270 -0.005946 0.182751 0.256353 -0.256031 -0.357933 0.404067 0.118414 0.009728 0.023135 -0.227229 -0.140000 -0.346320 0.044364 -0.133288 -0.087811 0.098270 -0.077149 0.029165 -0.095396 -0.051238 0.416265 0.302692 -0.342740 0.007483 -0.141044 0.130468 0.259476 -0.118275 -0.048517 0.300095 -0.099611 0.109097 -0.214920 0.461987 0.025768 0.440863 0.057200 0.088846 0.055765 -0.178142 -0.190581 -0.154598 -0.110345 -0.232055 -0.122998 0.087934 0.083370 -0.226222 -0.016065 -0.077122 -0.064813 -0.230705 -0.057079 0.258179 0.130435 0.045485 -0.022960 0.070594 -0.112538 0.263479 -0.311791 0.140523 -0.074518 -0.318473 -0.142601 0.033261 0.067042 -0.282834 0.039794 -0.217899 -0.259457 -0.332113 -0.269515 0.007227 0.110912 0.021397 0.025273 -0.032706 0.021441 -0.222757 -0.224428 -0.000719 -0.204031 -0.502966 0.104572 0.109345 -0.092813 0.008263 0.093369
-0.072205 0.395840 -0.088345 -0.062485 -0.094606 0.073972 -0.161181 0.346998 -0.115496 0.328651 0.011288 0.421104 0.350422 1.000000 -0.165821 0.355625 0.083414 0.172329 -0.058078 0.027522 -0.027453 0.256238 -0.610283 -0.539703 -0.286017 -0.141906 -0.145197 -0.317852 0.030677 0.531480 -0.237106 -0.249536 0.010023 0.050775 -0.418757 0.157716 -0.208671 -0.036924 -0.077090 -0.064559 -0.110235 -0.029106 -0.113687 -0.063938 0.071311 0.037710 -0.112761 -0.018583 0.243984 -0.134710 -0.247076 0.244711 0.031845 -0.162399 0.018986 -0.141982 0.114398 -0.113757 0.163103 0.050983 0.264639 0.548119 0.303467 0.191839 -0.161493 0.617317 0.024537 -0.102701 -0.078465 0.032151 -0.029777 0.084959 0.328521 0.076518 -0.178234 0.023703 -0.106451 0.138093 -0.101378 -0.400747 -0.003802 -0.351895 -0.108773 0.094159 -0.281014 -0.248798 -0.039002 -0.443462 -0.013017 -0.020581 -0.304894 -0.241535 -0.032208 -0.275974 -0.168978 -0.293528 -0.130014 0.256832 -0.228953 -0.216140 0.011574 -0.174313 0.269265 0.059755 0.105747 -0.215778 0.108820 -0.093403 -0.073032 -0.093809 -0.268085 -0.195566 -0.069973 0.073343 -0.129398 0.205426
0.522494 0.113039 0.263965 -0.097925 -0.053334 0.046590 0.378249 -0.571924 0.338121 -0.101102 0.543960 0.158390 0.257840 -0.165821 1.000000 0.279775 0.094305 0.115924 0.477920 -0.111891 0.065298 -0.245156 0.324984 -0.037709 0.078510 0.123108 -0.148416 0.173490 0.482556 -0.297216 0.247328 0.105045 0.207630 -0.121181 0.193709 -0.336488 -0.105046 -0.345715 -0.430752 -0.275013 -0.238047 -0.385709 0.084691 -0.029624 -0.156256 -0.183392 -0.122701 0.023349 0.233785 -0.137875 0.482030 -0.255440 -0.374431 -0.197971 -0.456185 -0.401119 -0.012604 0.114579 0.155645 -0.090062 0.176157 -0.217926 0.132882 -0.232675 0.501541 -0.244667 -0.004064 -0.203915 -0.087087 0.054315 0.068334 0.084144 0.140133 0.085326 0.226276 0.233131 0.069207 -0.189162 -0.284758 -0.002706 0.200519 0.294665 0.730083 0.122808 0.458433 -0.142299 0.024869 0.148019 0.287769 -0.450726 -0.239565 0.326256 -0.017654 0.270114 -0.465154 -0.045128 -0.085130 -0.247699 -0.374670 -0.089961 -0.019496 0.162518 -0.297972 -0.230156 -0.280324 -0.267805 -0.025175 -0.331676 -0.040995 0.091123 -0.263211 -0.148130 -0.136563 -0.057037 0.143121 -0.176267
0.378517 0.721531 0.273588 0.439448 0.237703 0.606496 0.070249 -0.094013 0.052927 0.594552 0.374261 0.795580 0.109622 0.355625 0.279775 1.000000 -0.082685 -0.269691 0.580266 0.349156 -0.070943 0.272086 -0.128742 -0.160668 -0.200431 0.123707 0.159057 0.246807 0.023496 0.070103 -0.228652 -0.153207 0.169862 -0.003958 -0.120729 -0.118676 -0.093497 -0.120197 -0.077200 -0.083032 -0.087031 0.071153 0.049191 -0.233588 -0.582278 -0.453870 -0.052232 0.183934 -0.057119 -0.450219 0.046825 -0.129119 -0.211038 0.018658 -0.155052 -0.195282 -0.136724 0.216179 -0.077620 -0.382701 0.091088 0.386010 -0.081403 -0.086128 0.542714 0.495221 -0.501813 -0.467752 -0.251248 -0.157028 -0.250871 0.056511 -0.116101 -0.084779 -0.225909 0.089626 -0.171429 -0.063552 -0.258884 -0.350180 -0.237893 -0.477981 0.354126 0.284846 -0.042832 -0.146077 0.141593 0.226573 0.562903 0.015367 0.005916 0.241503 0.385728 0.139772 -0.355893 -0.185955 -0.594333 -0.173514 -0.493153 -0.009305 0.129186 -0.012665 0.108036 -0.108862 -0.286330 -0.143196 -0.023960 -0.428146 -0.158424 0.008947 -0.182775 -0.074671 -0.113467 0.075271 0.073394 -0.112306
-0.189795 0.110171 -0.477309 0.222165 -0.499165 -0.166796 -0.537606 0.013767 -0.514518 -0.329035 0.542793 0.075667 0.085644 0.083414 0.094305 -0.082685 1.000000 0.206143 -0.114460 0.209000 0.114240 -0.025683 -0.283304 -0.013504 -0.146092 0.083105 -0.297142 -0.045347 0.615600 0.131621 0.021601 0.275845 0.329882 0.340206 -0.072961 -0.154182 0.199768 -0.141065 -0.325459 -0.179568 0.171146 -0.132044 -0.036274 -0.081202 -0.040218 0.049862 -0.128437 -0.214958 -0.182425 -0.062970 -0.140125 -0.118900 -0.096059 -0.380871 -0.200307 -0.205562 0.683061 -0.131458 0.015075 0.200999 -0.232134 -0.162695 0.228880 -0.421507 -0.241953 -0.141720 0.007777 0.040585 0.087084 0.030266 0.130411 0.366785 0.513185 0.235304 0.341454 0.323558 0.264462 0.137321 0.452049 0.238698 0.769703 0.326272 0.314519 0.473514 0.187936 0.057671 -0.108412 -0.284304 -0.329571 -0.177227 -0.105111 -0.185833 -0.031179 -0.092878 -0.145660 -0.276066 0.106015 0.140527 -0.031703 0.039667 0.200926 0.057997 0.171786 0.154916 0.046544 -0.177471 0.186558 0.087078 -0.076218 -0.039449 -0.037130 -0.142287 0.135904 0.061927 0.228130 0.024090
-0.206360 -0.157722 -0.221229 -0.428585 -0.296286 -0.432817 -0.082888 -0.135323 -0.102591 -0.388055 -0.141286 -0.240674 -0.094987 0.172329 0.115924 -0.269691 0.206143 1.000000 -0.153654 -0.066051 -0.067973 -0.140199 -0.240808 -0.203622 -0.130203 -0.184489 -0.134168 -0.378354 0.270536 0.027771 0.099559 0.014130 -0.026266 0.051444 -0.014840 -0.050343 -0.103271 -0.037796 -0.251116 -0.319680 -0.337681 -0.267345 -0.004777 0.123179 0.350453 0.220892 0.015910 -0.265083 0.260514 0.287576 0.078867 0.069781 -0.069248 -0.171939 -0.074443 -0.228570 0.103257 -0.143867 0.226484 0.276767 0.013725 -0.013651 0.269554 0.038552 -0.274994 -0.149310 0.528688 0.219561 0.268987 0.318003 0.220834 0.188708 0.381862 0.177977 0.100613 0.293629 0.176914 0.069261 0.236049 0.141474 0.275765 0.444555 0.095721 0.116172 0.093206 -0.138064 -0.449010 -0.301103 -0.422617 -0.308380 -0.050079 -0.160168 -0.365684 -0.132457 0.039054 -0.175580 0.424264 0.354845 0.117332 -0.120665 -0.168772 -0.085278 -0.015516 0.063487 0.105274 -0.222805 0.459593 0.263562 0.030962 0.088783 -0.147599 -0.120648 -0.189083 -0.022831 -0.023610 0.035419
0.654436 0.313775 0.343438 0.289538 -0.059507 0.294273 0.310164 -0.564811 0.158033 0.127302 0.415664 0.392085 0.193070 -0.058078 0.477920 0.580266 -0.114460 -0.153654 1.000000 0.368772 -0.093938 0.037940 0.354780 -0.172367 -0.129375 -0.027087 -0.246890 0.181934 0.079584 -0.220059 -0.213241 -0.255284 0.203203 -0.180575 0.096597 -0.247165 -0.302099 -0.292700 -0.122510 -0.132967 -0.263530 -0.292811 0.233616 -0.194423 -0.464520 -0.547405 0.028938 0.418697 0.060077 -0.346237 0.273661 -0.348757 -0.007536 0.266731 -0.365704 -0.144277 0.019802 0.350731 0.100596 -0.330752 0.282426 0.189660 0.101801 0.042280 0.722236 0.053224 -0.360067 -0.490613 -0.237402 -0.269266 -0.356882 -0.126470 -0.137549 -0.072258 -0.149364 0.129458 -0.002183 0.051377 -0.507481 -0.072567 -0.169018 -0.178228 0.467536 -0.001916 0.181930 -0.181561 0.111768 0.053374 0.545995 -0.137904 -0.004187 0.287410 0.424625 0.344143 -0.227945 0.121196 -0.269932 -0.316342 -0.316953 -0.040402 0.233513 0.220216 -0.150842 -0.122050 -0.307236 -0.024515 -0.071483 -0.389562 -0.027773 0.037101 -0.139055 0.115976 0.110697 0.093886 0.286054 -0.063339
0.201908 0.271549 -0.056213 0.271320 -0.194393 0.191943 -0.200561 -0.115426 -0.301930 -0.006989 0.025232 0.205723 -0.089700 0.027522 -0.111891 0.349156 0.209000 -0.066051 0.368772 1.000000 -0.080468 0.160756 -0.181294 -0.206610 -0.390429 -0.090033 -0.010014 -0.166327 0.073368 0.310236 -0.465594 -0.312700 0.252414 0.171234 0.000905 -0.030973 -0.036610 0.077490 0.145722 0.073310 0.106251 0.064920 0.036933 -0.229975 -0.252574 -0.269131 0.035844 0.149468 -0.293696 -0.092904 -0.416410 -0.400621 0.208982 0.152774 0.062091 0.122076 0.199087 0.232436 -0.015085 0.065843 -0.038362 0.217509 0.018275 0.038222 0.040052 0.088975 -0.306074 -0.394899 0.259379 -0.131483 -0.135218 0.172858 0.131420 0.253571 0.051796 0.247024 0.187562 0.128210 0.053692 0.063387 0.166841 -0.022188 0.047956 0.229653 -0.237413 -0.314632 0.045872 -0.163246 0.019758 0.115874 0.296486 0.021924 0.298898 0.101318 -0.202698 -0.007471 -0.187778 -0.140244 0.091471 0.401331 0.199796 0.157924 0.487177 0.217400 0.070705 0.018750 -0.129594 0.048401 -0.034513 -0.184726 -0.113577 0.277185 0.362929 0.054438 0.235119 0.108342
0.048981 -0.029774 0.115154 0.031669 0.090726 0.073389 0.064523 0.078488 0.169916 -0.122580 0.123124 -0.043579 0.053012 -0.027453 0.065298 -0.070943 0.114240 -0.067973 -0.093938 -0.080468 1.000000 0.647388 0.214364 0.021518 0.556586 0.361041 0.157481 0.153989 0.017805 0.214799 0.360168 0.227451 0.339076 0.475798 -0.201901 0.297915 -0.003175 -0.172029 0.062855 -0.110189 0.109883 0.110109 0.197840 0.048706 0.172206 0.223946 -0.381766 -0.059453 0.191590 -0.041287 0.190327 -0.113912 0.391161 -0.142158 -0.148262 -0.142286 0.050932 0.097474 0.061865 0.176880 0.007914 0.064510 0.048100 0.068087 0.009859 0.027211 0.058446 0.243261 0.103353 -0.090624 -0.058987 0.115613 0.001594 -0.033056 -0.021798 0.083577 -0.361778 -0.129684 -0.191714 -0.070832 0.096648 0.043782 0.115379 0.115197 -0.162861 -0.162872 -0.023950 -0.168405 -0.025843 -0.167813 -0.371381 -0.411362 -0.280208 -0.304711 -0.105681 -0.126337 -0.072267 -0.260679 -0.174795 -0.484431 -0.055732 -0.323000 -0.000074 -0.365486 -0.206494 -0.097831 -0.195010 -0.255743 0.030449 -0.370706 0.052859 -0.178604 -0.301816 -0.468472 -0.178626 -0.024520
0.052556 0.199801 0.140366 0.190767 0.136409 0.308464 -0.089556 0.158891 -0.053615 0.080146 0.102400 0.254463 0.165779 0.256238 -0.245156 0.272086 -0.025683 -0.140199 0.037940 0.160756 0.647388 1.000000 -0.059232 -0.202224 0.349135 0.292638 0.184571 0.187716 -0.262194 0.382856 -0.062480 -0.083800 0.325768 0.457700 -0.329236 0.359619 -0.106884 0.014599 0.178329 -0.025231 0.076023 0.172439 0.274852 -0.006035 -0.083658 -0.023734 -0.257122 0.165375 0.017347 -0.252479 0.010539 -0.069012 0.359196 0.071031 -0.002705 0.009782 0.004371 0.017859 -0.149865 -0.085067 -0.043375 0.226257 -0.040731 0.124206 0.068431 0.309736 -0.216896 0.029097 0.049944 -0.223467 -0.287581 0.025346 -0.250655 -0.131768 -0.428908 -0.169904 -0.403244 -0.131112 -0.064210 -0.191713 -0.155134 -0.268372 -0.145577 0.063466 -0.294890 -0.118198 0.000551 -0.119391 0.079273 0.064126 -0.160949 -0.325856 0.064258 -0.111475 0.001295 -0.076386 -0.182057 -0.037393 -0.126764 -0.320603 0.084308 -0.246528 0.261772 -0.155003 -0.058519 0.094703 -0.137590 -0.281583 0.035751 -0.254497 0.153161 0.065279 -0.166350 -0.326686 -0.173791 0.218264
0.235994 -0.295892 0.460642 0.108155 0.165502 0.072171 0.497805 -0.476959 0.291791 -0.114185 0.129570 -0.122848 -0.026298 -0.610283 0.324984 -0.128742 -0.283304 -0.240808 0.354780 -0.181294 0.214364 -0.059232 1.000000 0.452773 0.564793 0.125542 -0.064982 0.517648 -0.157919 -0.515821 0.286631 0.094892 0.043298 -0.140102 0.279822 -0.025303 -0.025178 -0.170982 0.034746 0.166342 -0.077808 -0.170596 0.147731 -0.096812 -0.175477 -0.287902 -0.077970 0.142492 -0.082238 -0.084677 0.342619 -0.160197 0.110908 0.282345 -0.163369 0.200826 -0.299226 0.162310 -0.159993 -0.208249 -0.060091 -0.326786 -0.181821 -0.019548 0.427286 -0.345188 -0.163079 -0.062752 -0.065969 -0.051537 -0.231667 -0.291658 -0.397138 -0.202114 -0.041927 -0.104705 -0.082987 -0.116350 -0.304068 0.173826 -0.245244 -0.011784 0.212954 -0.222449 0.304530 0.235030 0.173629 0.331664 0.325315 0.133238 -0.075655 0.209413 0.162870 0.343639 0.149357 0.260134 0.083871 -0.206857 -0.042345 -0.123925 0.191956 0.240810 -0.267706 -0.224731 -0.129672 0.026708 -0.157475 -0.173331 0.178520 0.001436 0.112758 0.098061 -0.048864 -0.168358 0.044805 0.028664
-0.384203 -0.153190 0.058674 0.394923 0.327861 0.086480 0.093363 0.076759 0.025795 0.008637 -0.059951 -0.111148 -0.433210 -0.539703 -0.037709 -0.160668 -0.013504 -0.203622 -0.172367 -0.206610 0.021518 -0.202224 0.452773 1.000000 0.294785 0.288363 0.366851 0.549171 -0.093940 -0.442188 0.347374 0.553696 -0.314926 -0.077185 0.175335 -0.207888 0.367659 0.303391 0.048274 0.217201 0.387818 0.304026 0.013531 -0.011064 -0.085147 -0.002288 0.206078 -0.272502 -0.377598 0.138396 0.061525 0.106214 -0.041717 -0.026322 0.158312 0.235599 -0.286739 -0.214742 -0.439500 -0.255594 -0.588274 -0.507031 -0.393314 -0.329540 -0.052916 -0.373853 -0.176816 0.024812 -0.172854 0.041506 0.336697 0.179548 -0.243820 -0.039327 0.237659 -0.122255 -0.052231 -0.112782 0.135386 0.110210 -0.172870 -0.032971 -0.091088 0.104624 0.272389 0.454634 0.007050 0.569519 -0.065971 0.226816 0.436450 0.217318 0.146844 0.269052 0.093397 -0.035608 0.116099 0.072288 0.204518 0.167259 0.064969 0.061232 -0.158509 -0.088747 -0.032139 0.068332 0.042927 -0.020463 -0.082305 0.290910 0.350955 -0.005966 -0.009426 0.085834 -0.147284 -0.117428
-0.165829 -0.271684 0.133549 0.073579 0.224157 0.138769 0.027453 -0.081047 0.285461 -0.117701 -0.055877 -0.140462 -0.175612 -0.286017 0.078510 -0.200431 -0.146092 -0.130203 -0.129375 -0.390429 0.556586 0.349135 0.564793 0.294785 1.000000 0.473107 0.040508 0.459773 -0.243119 -0.270228 0.547855 0.362901 0.059776 0.107028 0.027393 0.314228 -0.124139 -0.086640 0.107509 0.088004 -0.014400 -0.129535 0.198143 0.102884 0.128550 0.144512 -0.443185 -0.084267 0.104500 0.041333 0.329201 0.091770 0.091189 -0.120010 -0.121354 -0.033049 -0.317586 -0.102236 -0.073619 0.096140 -0.196305 -0.201215 -0.315334 -0.056769 0.092978 -0.085027 0.093794 0.393745 -0.080344 -0.042533 -0.074786 -0.138181 -0.320553 -0.284738 -0.102147 -0.224483 -0.283920 -0.171309 -0.188843 0.051788 -0.207363 -0.103414 -0.030612 -0.143609 0.127295 0.254643 0.070840 0.232100 0.009832 0.013028 -0.343992 -0.130846 -0.209599 -0.044636 0.247119 0.164581 0.207989 -0.007203 -0.113656 -0.348326 0.065744 -0.113899 -0.155660 -0.286640 -0.029359 -0.082139 0.033212 -0.066290 0.255300 -0.110263 0.327475 -0.109097 -0.347736 -0.262404 -0.068782 0.197977
-0.162224 -0.149594 -0.052692 0.233085 0.223374 0.190475 -0.158810 0.091692 -0.071472 0.104742 0.156151 0.048063 -0.030152 -0.141906 0.123108 0.123707 0.083105 -0.184489 -0.027087 -0.090033 0.361041 0.292638 0.125542 0.288363 0.473107 1.000000 0.224004 0.542320 -0.017925 -0.095075 0.367232 0.496493 0.146636 0.367470 -0.004035 0.136105 0.070349 0.138840 -0.207374 -0.135843 0.232211 0.277575 0.471931 0.315737 0.004072 0.228766 -0.009760 0.200670 -0.049417 -0.223449 0.289487 -0.245453 -0.065016 -0.198456 -0.044003 -0.135177 -0.191769 -0.455775 -0.115182 -0.106387 -0.248040 -0.191474 -0.334808 -0.349263 0.058557 -0.124450 -0.043151 0.231179 -0.219656 -0.219131 0.141723 0.377552 -0.217801 0.130951 0.197832 0.163749 -0.279775 -0.319107 -0.250506 -0.033934 -0.103550 -0.086242 0.051687 0.131589 0.040673 0.065867 0.109186 0.195637 -0.120399 -0.263726 -0.045263 -0.129409 -0.166144 -0.011674 -0.177751 0.002913 -0.049231 -0.280937 -0.253174 -0.143207 -0.162436 -0.179482 -0.113411 -0.209379 0.020539 0.001052 0.086987 -0.076219 0.065131 -0.108575 0.198827 -0.008866 -0.204840 0.015950 -0.063566 -0.006693
-0.127884 0.013608 0.142107 0.110723 0.729316 0.447270 0.109220 0.311763 0.149322 0.413635 -0.318200 -0.040763 -0.307270 -0.145197 -0.148416 0.159057 -0.297142 -0.134168 -0.246890 -0.010014 0.157481 0.184571 -0.064982 0.366851 0.040508 0.224004 1.000000 0.220397 -0.340464 0.069203 0.031633 0.153725 -0.109574 0.189567 -0.085741 -0.000633 0.391130 0.530342 0.249279 -0.099296 0.259724 0.680428 0.071714 0.034324 -0.011407 0.134234 0.137656 -0.221364 -0.036956 0.003831 -0.028158 -0.078706 -0.028680 -0.015248 0.334967 -0.028624 -0.393470 -0.030015 -0.187403 -0.134406 -0.162776 0.044883 -0.362826 0.126672 -0.123779 0.070823 -0.061101 0.039005 -0.091995 -0.076453 0.245233 0.101546 -0.318779 0.001037 -0.102724 -0.047258 -0.160165 -0.159892 0.094161 -0.073434 -0.279454 -0.129769 -0.173028 0.099753 -0.275090 -0.158705 -0.079703 0.371534 0.070773 0.092453 0.356464 0.086964 -0.204057 -0.113705 -0.082405 -0.204114 -0.287083 -0.081615 -0.124026 -0.069277 -0.480742 -0.354407 -0.052920 -0.239434 -0.112290 0.045871 0.012445 -0.061846 -0.219104 0.196050 0.068593 -0.164427 -0.253134 0.002416 -0.199003 -0.259495
0.000045 0.035472 0.218677 0.452263 0.257099 0.347795 0.093065 -0.179936 -0.025659 0.253429 0.372206 0.223032 -0.005946 -0.317852 0.173490 0.246807 -0.045347 -0.378354 0.181934 -0.166327 0.153989 0.187716 0.517648 0.549171 0.459773 0.542320 0.220397 1.000000 -0.170812 -0.388127 0.168518 0.294578 -0.094457 -0.027263 -0.031159 -0.111686 0.029777 0.046378 -0.156037 0.203531 0.222606 0.191989 0.385221 0.036743 -0.458029 -0.264885 -0.000458 0.313652 -0.397871 -0.400793 0.224477 -0.066890 -0.034500 0.225592 -0.040309 0.270329 -0.156513 -0.201352 -0.443037 -0.438887 -0.291921 -0.311682 -0.316569 -0.325812 0.336301 -0.104062 -0.483518 -0.156206 -0.288268 -0.146558 -0.197036 -0.083976 -0.522141 -0.184436 -0.135639 -0.072601 -0.267581 -0.208767 -0.194001 -0.040484 -0.303074 -0.292285 0.092246 -0.002561 0.215857 0.528835 0.267847 0.479078 0.331561 0.244373 0.100200 0.218475 0.297648 0.430521 -0.107350 0.003462 -0.221229 -0.033668 -0.184141 0.018702 0.216140 0.136413 -0.128675 -0.126839 -0.055457 0.134970 -0.003360 -0.183408 -0.118855 0.136406 0.156330 0.201030 -0.074036 0.019928 -0.037371 0.009522
0.209899 0.093749 -0.367398 -0.136256 -0.501495 -0.364872 -0.112429 -0.274122 -0.208842 -0.445885 0.460153 -0.064507 0.182751 0.030677 0.482556 0.023496 0.615600 0.270536 0.079584 0.073368 0.017805 -0.262194 -0.157919 -0.093940 -0.243119 -0.017925 -0.340464 -0.170812 1.000000 0.151580 0.239185 0.264535 0.273482 0.189614 -0.002158 -0.478419 0.283432 -0.233168 -0.395559 -0.212145 0.113176 -0.320017 -0.246114 -0.126430 -0.090495 -0.136893 -0.151761 -0.281259 -0.056998 -0.172179 -0.082934 -0.316200 -0.331094 -0.448974 -0.204492 -0.289867 0.371259 -0.045328 0.157401 0.108260 0.030051 -0.256695 0.387346 -0.289073 -0.126747 -0.402175 0.079230 -0.102741 0.126629 0.072888 0.284461 0.399377 0.728384 0.234704 0.457625 0.383687 0.396200 0.098533 0.161706 0.139782 0.667954 0.496368 0.673169 0.541891 0.257023 -0.119530 -0.164203 -0.178767 -0.192169 -0.296563 -0.169547 0.038764 -0.032583 0.180910 -0.288733 -0.151054 0.045487 -0.191916 -0.014984 0.149805 0.144842 0.311877 0.110015 0.267166 0.055100 -0.045482 0.089923 0.072500 -0.030668 -0.054480 -0.283124 -0.278019 0.097694 0.113192 0.318848 -0.088262
-0.002561 0.077169 -0.206810 -0.235368 -0.110140 -0.112013 -0.229837 0.315262 -0.236544 0.119166 -0.174142 -0.029992 0.256353 0.531480 -0.297216 0.070103 0.131621 0.027771 -0.220059 0.310236 0.214799 0.382856 -0.515821 -0.442188 -0.270228 -0.095075 0.069203 -0.388127 0.151580 1.000000 -0.282678 -0.258634 0.151045 0.383064 -0.209383 0.209466 0.029174 0.133157 0.088550 0.070434 0.252937 0.181798 -0.134253 -0.007211 0.287273 0.240437 -0.104231 0.010863 0.105402 -0.083482 -0.491144 -0.112773 0.084686 -0.053717 0.156532 -0.020223 0.285924 -0.049842 0.115449 0.197774 0.250179 0.389354 0.273606 0.261786 -0.401375 0.314439 0.113010 0.050158 0.180919 0.004996 -0.027009 0.140564 0.434912 0.349257 -0.009796 0.236522 -0.042102 0.215180 0.032902 -0.132670 0.223778 0.040109 -0.116233 0.274674 -0.450557 -0.445234 -0.078188 -0.503080 -0.198290 0.050105 -0.095431 -0.306690 -0.248226 -0.346290 -0.218955 -0.125360 -0.121607 -0.111267 -0.054865 -0.007494 -0.211143 -0.249976 0.304885 0.028660 0.028201 -0.095882 -0.223102 0.096185 -0.046260 -0.367105 -0.234916 -0.085082 0.018015 -0.194391 -0.113183 0.262454
-0.120229 -0.132545 0.024199 -0.105563 0.030437 -0.250654 0.139299 0.126263 0.259390 -0.212237 -0.005991 -0.230858 -0.256031 -0.237106 0.247328 -0.228652 0.021601 0.099559 -0.213241 -0.465594 0.360168 -0.062480 0.286631 0.347374 0.547855 0.367232 0.031633 0.168518 0.239185 -0.282678 1.000000 0.803364 -0.006693 0.083204 0.153161 -0.062813 0.167816 -0.063769 -0.019874 -0.236387 -0.037740 -0.125583 -0.048032 0.001613 0.170098 0.126608 -0.298538 -0.486551 0.068458 0.192687 0.296596 0.089935 -0.261793 -0.464277 -0.228843 -0.234577 -0.225223 -0.092463 -0.030892 0.168676 -0.241753 -0.305567 -0.111187 -0.219836 -0.080621 -0.364427 0.272261 0.287611 0.071972 0.268733 0.496350 0.387624 0.189753 0.088107 0.402288 0.064248 0.097703 -0.042022 0.031630 -0.056941 0.075115 0.079313 0.255161 0.093755 0.377064 0.049123 -0.107009 0.200192 -0.041979 -0.277747 -0.346857 -0.010054 -0.224719 -0.009049 0.059693 -0.153667 0.178768 -0.071494 -0.034483 -0.217896 -0.051465 0.062223 -0.284971 -0.214718 -0.021674 -0.211009 0.165430 -0.053948 0.006735 -0.017730 0.106421 -0.299724 -0.307410 -0.254669 -0.191054 -0.193153
-0.359886 -0.032398 -0.150244 0.210827 0.046968 -0.110211 -0.151964 0.265994 -0.014234 -0.141159 0.088878 -0.112699 -0.357933 -0.249536 0.105045 -0.153207 0.275845 0.014130 -0.255284 -0.312700 0.227451 -0.083800 0.094892 0.553696 0.362901 0.496493 0.153725 0.294578 0.264535 -0.258634 0.803364 1.000000 -0.130993 0.199490 0.064138 -0.124893 0.280683 0.039491 -0.145807 -0.214561 0.195431 0.015367 0.047180 0.009281 0.071667 0.168297 -0.096475 -0.427969 -0.130350 0.193565 0.214321 0.045571 -0.235622 -0.503316 -0.200887 -0.233511 -0.098165 -0.291236 -0.119252 0.062948 -0.383803 -0.352898 -0.185274 -0.459469 -0.129279 -0.353557 0.108691 0.216879 -0.078944 0.157272 0.547991 0.600328 0.184152 0.127956 0.535063 0.165189 0.162927 0.022200 0.183638 -0.051094 0.141115 0.040238 0.164165 0.214862 0.353071 0.165812 -0.077111 0.308103 -0.203146 -0.247880 -0.093706 -0.026131 -0.120775 0.003134 -0.042031 -0.301291 0.193957 0.058276 -0.039974 -0.110928 -0.022828 -0.047101 -0.255842 -0.175777 -0.001695 -0.183289 0.260523 -0.039929 -0.132932 0.110783 0.240763 -0.249569 -0.171507 -0.081829 -0.167297 -0.165170
0.345232 0.076628 0.077094 0.066394 -0.088420 0.087034 -0.038302 -0.120899 -0.101491 -0.256304 0.400829 0.162618 0.404067 0.010023 0.207630 0.169862 0.329882 -0.026266 0.203203 0.252414 0.339076 0.325768 0.043298 -0.314926 0.059776 0.146636 -0.109574 -0.094457 0.273482 0.151045 -0.006693 -0.130993 1.000000 0.569777 -0.023049 0.029623 0.060923 -0.095142 -0.182615 -0.124962 -0.087360 0.011289 0.021517 -0.233903 -0.138059 -0.171927 -0.257496 0.066505 0.055291 -0.355531 0.052477 -0.414365 0.115560 -0.026690 -0.137744 -0.195859 0.218127 0.034841 0.096021 0.086295 0.085909 -0.059867 0.079552 -0.165913 0.133536 0.000016 0.000946 -0.010959 0.173933 -0.041031 -0.208273 0.123646 0.108824 0.082262 0.027299 0.131776 0.078022 -0.207221 -0.047357 0.140777 0.409948 0.244743 0.247549 0.312734 0.005421 -0.235131 -0.048724 -0.278118 0.033882 -0.262159 -0.328700 -0.387673 -0.089760 -0.166519 -0.073113 0.037833 -0.228943 -0.402762 -0.280500 -0.233028 -0.001277 0.027206 0.159577 -0.025163 -0.028495 -0.034853 -0.111983 -0.142125 0.166929 -0.316976 -0.265098 -0.183474 -0.108584 -0.101006 0.280814 -0.141998
-0.134495 0.011209 -0.118755 0.001276 0.074404 0.020219 -0.170770 0.189975 -0.194312 -0.173321 0.050338 -0.076802 0.118414 0.050775 -0.121181 -0.003958 0.340206 0.051444 -0.180575 0.171234 0.475798 0.457700 -0.140102 -0.077185 0.107028 0.367470 0.189567 -0.027263 0.189614 0.383064 0.083204 0.199490 0.569777 1.000000 -0.200916 0.238721 0.233088 0.077775 -0.150891 -0.162712 0.228176 0.220442 0.095393 0.047017 0.210947 0.261500 -0.231140 -0.050662 0.068817 -0.112822 -0.036471 -0.224961 0.150254 -0.155592 -0.126484 -0.234719 0.158731 -0.156405 0.124750 0.211144 0.012253 0.034519 0.104838 -0.124504 -0.258856 -0.002865 0.183168 0.327090 0.146306 -0.000530 -0.003760 0.295451 0.170546 0.194513 0.195224 0.232439 0.052385 -0.040521 0.079993 -0.028863 0.406532 0.240995 0.060195 0.385547 -0.191148 -0.262433 -0.247132 -0.177351 -0.344719 -0.168360 -0.155565 -0.386624 -0.418661 -0.425322 -0.090013 -0.200982 -0.069700 -0.258878 -0.134861 -0.289147 -0.271854 -0.388190 0.082905 -0.196078 -0.055656 -0.188518 0.024060 -0.133060 0.005914 -0.266767 -0.017518 -0.200641 -0.108931 -0.267678 -0.091758 -0.092717
0.095176 -0.221955 0.121960 -0.054898 0.099537 -0.244594 0.237250 -0.215936 0.265677 -0.115941 0.019706 -0.253825 0.009728 -0.418757 0.193709 -0.120729 -0.072961 -0.014840 0.096597 0.000905 -0.201901 -0.329236 0.279822 0.175335 0.027393 -0.004035 -0.085741 -0.031159 -0.002158 -0.209383 0.153161 0.064138 -0.023049 -0.200916 1.000000 0.114074 -0.111311 0.076083 0.153465 -0.062906 -0.309835 0.054971 -0.197594 -0.231248 0.046237 -0.028415 -0.055345 -0.100838 0.157760 0.042036 0.218427 -0.248077 -0.256216 0.034745 -0.178624 -0.137956 -0.140967 0.064418 0.025216 -0.068491 0.073180 -0.262758 0.025394 -0.031265 0.196222 -0.273325 0.113437 0.163198 0.048166 0.054306 0.072582 0.022685 0.038126 0.100857 0.182529 0.029635 0.144830 0.009858 0.093668 0.145010 0.110994 0.257394 -0.018717 0.164565 0.176132 0.013971 0.041046 0.242480 0.052839 -0.114588 -0.025184 0.119829 0.006640 0.198512 -0.070788 -0.080928 -0.095822 -0.229076 -0.080522 0.082121 -0.006888 0.309806 -0.139177 0.046823 -0.069909 -0.139643 0.177704 0.108063 -0.178358 -0.120266 -0.145280 0.020995 0.163757 -0.131789 -0.009490 -0.018107
-0.222775 -0.088272 0.114542 -0.098450 0.156765 -0.050454 -0.117040 0.186303 0.124290 0.111615 -0.263322 -0.009325 0.023135 0.157716 -0.336488 -0.118676 -0.154182 -0.050343 -0.247165 -0.030973 0.297915 0.359619 -0.025303 -0.207888 0.314228 0.136105 -0.000633 -0.111686 -0.478419 0.209466 -0.062813 -0.124893 0.029623 0.238721 0.114074 1.000000 -0.375756 -0.131373 0.124121 -0.061375 -0.259130 0.027644 0.142500 0.165412 0.398771 0.472436 -0.330423 0.115611 0.387267 0.056787 0.044970 0.094362 0.181654 -0.030552 -0.251198 -0.152327 -0.026936 -0.004662 0.367266 0.300016 0.254967 0.354026 -0.008882 0.271566 0.006720 0.484466 0.331699 0.544323 0.201431 0.202991 -0.352399 -0.163592 -0.200376 -0.110286 -0.250535 -0.060033 -0.282425 0.086229 -0.103461 -0.211056 -0.189338 -0.260838 -0.360750 -0.235804 -0.395646 -0.190934 0.084295 -0.126704 -0.087729 -0.059559 -0.397514 -0.372703 -0.299763 -0.399662 0.116988 -0.022225 0.016972 0.052656 -0.143709 -0.398505 -0.174412 -0.343198 -0.028030 -0.213121 -0.051040 -0.246929 -0.052669 -0.000555 -0.009335 -0.275676 0.201163 0.029690 -0.194594 -0.376217 -0.181185 0.118850
