1.000000 0.444841 0.254903 -0.005213 -0.101096 -0.084757 0.241888 0.197516 -0.041054 0.005876 0.727772 0.453001 0.545092 0.396108 0.268614 0.172138 -0.029194 -0.114598 0.201959 0.158587 -0.180126 -0.218750 0.162858 -0.022417 -0.193882 -0.095620 -0.101802 -0.161221 0.215903 -0.237288 -0.092459 -0.102356 -0.130911 -0.144573 -0.101972 0.208763 -0.378870 -0.299909 -0.314749 -0.324671 -0.204439 -0.072917 -0.144627 -0.182165 -0.048330 -0.099653 -0.372923 -0.117391 0.363591 -0.078923 0.539265 0.160441 0.003493 0.122876 -0.241882 -0.319357 -0.100467 -0.271943 -0.058292 -0.185929 0.205009 -0.275528 0.230367 -0.205640 0.573590 0.368414 -0.284506 -0.118663 -0.236063 -0.477531 -0.253524 -0.516632 0.093651 -0.311496 0.098447 0.028271 -0.111289 -0.089141 -0.402537 -0.359980 -0.164436 -0.335087 0.129763 -0.081021 0.100497 -0.117805 -0.147416 -0.335600 0.191876 -0.142064 -0.001348 0.037661 0.195304 0.164402 0.000076 0.089206 -0.476928 -0.082028 -0.171438 -0.077437 0.192582 0.273287 0.255188 0.135064 0.049861 -0.081535 0.032776 0.177649 -0.166442 0.066516 -0.080321 0.000523 0.196829 0.040088 0.031844 -0.135071
0.444841 1.000000 0.040227 0.121505 -0.258921 -0.119051 0.135433 0.485730 -0.044632 0.008379 0.328288 0.627727 0.428032 0.662599 -0.215207 0.412662 -0.114316 0.130256 -0.109972 0.252720 -0.219247 0.003886 0.028207 -0.000846 -0.271341 -0.169782 -0.317074 -0.412788 -0.245117 -0.194083 -0.201409 -0.029338 -0.342957 -0.156400 -0.111781 0.111264 -0.438462 -0.309459 -0.374141 -0.315655 -0.384001 -0.367380 -0.058540 -0.026001 -0.014271 0.042510 -0.159351 0.142279 0.189793 0.106159 0.305969 0.120900 0.186031 -0.078233 -0.305421 -0.244783 -0.131934 -0.065789 0.069857 -0.102844 0.093909 0.030989 0.140959 -0.130160 0.316147 0.630213 -0.240881 0.074816 -0.207143 -0.091691 0.162424 -0.210494 -0.306614 -0.141969 -0.142054 -0.057618 -0.179022 -0.090894 -0.274139 -0.340919 -0.023605 -0.293597 -0.204268 -0.109161 -0.104712 -0.068657 -0.401918 -0.493600 -0.277300 -0.064605 0.079624 0.136310 0.156796 -0.113389 -0.272155 -0.195078 -0.488778 -0.213689 -0.108457 0.037044 0.074069 -0.029880 -0.064596 0.006452 -0.051768 -0.067571 -0.004732 -0.204648 -0.217801 -0.081975 -0.099028 0.130290 0.114223 0.061148 -0.160299 -0.009447
0.254903 0.040227 1.000000 0.464122 0.420498 0.557975 0.779513 0.433390 0.468829 0.382841 0.158824 0.034949 0.188545 -0.074521 0.293211 0.129824 -0.106405 0.015792 0.292635 0.516255 0.239261 0.065347 0.372815 0.414064 0.534493 0.577337 0.460355 0.400584 -0.175739 -0.243634 0.547156 0.461576 -0.074719 0.079465 -0.012380 0.242305 -0.444065 -0.525787 -0.298961 -0.225340 -0.402257 -0.135671 0.112716 -0.118989 0.221329 0.379499 -0.394127 -0.237231 0.266733 0.404535 0.460899 0.212079 -0.254941 -0.468823 -0.646259 -0.376136 -0.235316 -0.262780 -0.149160 0.005592 -0.122710 -0.099446 -0.022280 -0.154976 0.375188 -0.103628 0.078982 0.344874 -0.230802 -0.265553 0.218642 0.153396 -0.021343 -0.156399 -0.062652 -0.147464 -0.020918 0.125464 -0.241052 -0.180430 -0.212702 -0.175099 0.299271 0.112966 -0.106996 -0.069917 -0.356719 -0.249602 -0.089457 -0.226852 0.137729 -0.014520 0.149776 0.142602 -0.289078 -0.307531 -0.337907 -0.478021 -0.312756 -0.079525 0.111786 0.123516 0.103656 -0.225505 -0.314508 -0.388863 -0.231799 -0.124985 -0.500136 0.068903 -0.173198 -0.132739 0.227704 0.018832 -0.270599 -0.322652
-0.005213 0.121505 0.464122 1.000000 0.189879 0.505722 0.322454 0.583716 0.166749 0.184917 -0.007934 0.073180 -0.166432 -0.088630 0.044892 0.320000 -0.137635 0.256263 0.355926 0.447136 0.294722 0.077938 0.399134 0.680274 0.240289 0.438110 0.489952 0.281576 -0.448023 -0.342068 0.470319 0.715102 -0.438755 -0.158218 0.365764 0.269045 -0.233562 -0.194410 -0.090612 -0.031827 -0.249798 -0.287822 -0.118177 -0.075610 0.041624 0.402290 -0.300788 -0.188759 -0.069821 0.236765 0.245277 -0.004426 -0.101781 -0.352410 -0.410982 -0.430246 -0.407867 -0.419361 -0.243753 -0.163995 -0.365541 -0.297286 -0.118798 -0.430570 0.231328 -0.021273 -0.041006 0.311932 -0.309276 -0.207720 0.199510 -0.010483 -0.305862 -0.023494 -0.069235 0.079890 0.035390 0.218874 -0.157367 -0.337396 -0.260817 -0.255533 0.262812 0.167520 0.170554 0.428658 -0.059528 0.000609 0.099254 -0.113133 0.027494 0.155855 0.152481 -0.085828 -0.216467 -0.308910 -0.238045 -0.263953 -0.241638 -0.029339 0.037073 -0.069682 -0.121890 -0.187860 -0.166418 -0.209022 -0.116238 -0.241209 -0.274038 -0.066727 -0.128300 -0.107855 0.189074 -0.045950 -0.136830 -0.016608
-0.101096 -0.258921 0.420498 0.189879 1.000000 0.691905 0.267937 -0.027928 0.730475 0.574801 -0.116100 -0.250415 -0.054870 -0.164063 0.458527 0.232911 0.037370 0.005049 0.181702 0.282086 0.453370 0.358223 0.428960 0.424807 0.582327 0.543743 0.615344 0.415902 -0.032044 -0.057284 0.605594 0.341931 -0.014210 0.047628 -0.037067 -0.094880 -0.170699 -0.222437 -0.137305 -0.177809 -0.191048 0.076310 0.179714 -0.107553 0.193501 0.195071 -0.267774 -0.204860 0.030090 0.237295 -0.031063 -0.002262 -0.083876 -0.151433 -0.424243 -0.225752 -0.187715 -0.172194 -0.075836 0.127950 -0.011234 0.086195 0.024278 0.059087 0.150113 -0.430418 0.194691 0.076002 -0.207648 -0.095323 0.395498 0.378172 -0.001270 0.069619 -0.073865 0.053023 0.173593 0.140642 -0.017544 -0.086633 -0.099097 0.005821 0.447454 0.234577 -0.239034 -0.162338 -0.247725 0.198141 -0.240461 -0.113731 0.173301 0.160156 0.205029 -0.068171 -0.261705 -0.321493 -0.070829 -0.333086 -0.052284 0.060784 -0.024839 -0.213029 -0.257292 -0.172144 -0.458003 -0.255121 -0.113951 -0.304652 -0.133254 -0.072926 -0.028543 -0.030737 0.289822 0.039155 -0.186708 -0.094654
-0.084757 -0.119051 0.557975 0.505722 0.691905 1.000000 0.449877 0.266091 0.621110 0.537826 -0.116614 -0.026449 -0.024115 -0.130868 0.172597 0.166425 -0.125961 0.113403 0.058354 0.215816 0.592806 0.296053 0.387181 0.642476 0.589516 0.661636 0.589957 0.525492 -0.214582 -0.101628 0.634326 0.585064 -0.086447 0.065059 0.234237 0.184674 -0.250908 -0.358930 -0.210932 -0.153052 -0.249682 0.007177 0.150945 -0.142410 0.384738 0.441433 -0.235229 -0.263992 0.208814 0.403860 0.281743 0.160737 -0.035030 -0.338349 -0.570879 -0.315333 -0.311874 -0.285498 -0.121553 0.106081 -0.146298 -0.084150 -0.072867 -0.223681 0.203377 -0.224614 0.273296 0.377441 -0.350928 -0.141273 0.343159 0.384236 -0.130166 0.019379 -0.052546 0.004587 0.056947 0.078762 -0.002096 -0.109353 -0.241007 -0.089186 0.277467 0.255676 -0.040975 0.203437 -0.216465 0.170501 -0.120194 0.007744 0.000947 -0.010667 0.051384 -0.080782 -0.370648 -0.476932 -0.151501 -0.475970 -0.219219 -0.105402 -0.111433 -0.150960 -0.189451 -0.294674 -0.438219 -0.327689 -0.428986 -0.454466 -0.392258 -0.074455 -0.171638 -0.263860 0.107749 -0.102912 -0.327741 -0.319436
0.241888 0.135433 0.779513 0.322454 0.267937 0.449877 1.000000 0.483396 0.326935 0.300149 0.140496 0.096677 0.483462 0.062080 -0.011218 0.086516 0.021846 0.148067 -0.010865 0.271883 0.132290 -0.021795 0.073117 0.311634 0.409874 0.368702 0.135982 0.211232 -0.070087 -0.035851 0.293379 0.338857 0.132706 0.338572 0.016783 0.404606 -0.362102 -0.561820 -0.468748 -0.254658 -0.331082 -0.026314 0.041310 -0.115397 0.352873 0.342720 -0.395427 -0.192112 0.272017 0.467274 0.377884 0.120499 -0.190277 -0.490660 -0.591296 -0.366211 -0.215331 -0.108768 -0.119588 0.002411 -0.116923 -0.042892 0.082445 -0.081821 0.342118 -0.057454 -0.041515 0.318289 -0.067767 -0.121957 0.090323 0.180883 0.105260 -0.069956 0.008975 -0.108233 -0.067271 0.017271 -0.166363 -0.004372 0.012124 -0.011830 0.040972 0.241133 -0.094358 -0.118626 -0.310532 -0.334453 -0.210572 -0.059951 -0.024378 -0.202507 0.004852 0.169511 -0.184307 -0.233430 -0.320154 -0.393246 -0.462256 -0.185800 0.054190 0.145118 0.222016 -0.264337 -0.270199 -0.325092 -0.311692 -0.065771 -0.568931 0.189113 -0.165173 -0.180537 0.044850 -0.049725 -0.310643 -0.318397
0.197516 0.485730 0.433390 0.583716 -0.027928 0.266091 0.483396 1.000000 0.149493 0.493027 0.039496 0.267639 0.128482 0.306179 -0.125985 0.495913 -0.306699 0.086391 -0.068667 0.376971 -0.044156 -0.166601 0.066877 0.369340 -0.045906 0.146511 0.003366 -0.120611 -0.457817 -0.214280 0.131463 0.407450 -0.395896 -0.115380 0.161648 0.185480 -0.331522 -0.398292 -0.222441 -0.175610 -0.211994 -0.344494 -0.146056 -0.102647 0.026098 0.232013 -0.185735 -0.049668 0.069327 0.155024 0.311221 -0.024438 -0.159005 -0.421861 -0.382838 -0.280506 -0.425916 -0.407574 -0.152773 -0.161504 -0.231181 -0.221575 0.041275 -0.335639 0.398707 0.270530 -0.251953 0.304472 -0.278140 -0.346202 0.208525 -0.002362 -0.295597 -0.139240 -0.192369 -0.074671 -0.145161 -0.030924 -0.306949 -0.334933 -0.192877 -0.332144 -0.044358 0.140221 -0.154505 0.082877 -0.267316 -0.261109 -0.098908 -0.141890 0.106265 0.092888 0.171276 -0.017502 -0.158855 -0.123075 -0.308554 -0.150643 -0.189125 0.006404 0.114100 0.032330 0.046015 -0.101334 -0.075673 -0.060201 -0.137245 -0.111955 -0.359435 0.090873 -0.048780 -0.035243 0.183548 0.021752 -0.206876 0.098468
-0.041054 -0.044632 0.468829 0.166749 0.730475 0.621110 0.326935 0.149493 1.000000 0.616204 -0.033830 -0.071212 -0.019709 -0.090685 0.495708 0.342256 -0.203618 0.077676 0.225237 0.283459 0.365620 0.338433 0.420122 0.318848 0.580330 0.684867 0.423621 0.411610 -0.193486 -0.190938 0.529658 0.160970 -0.220296 -0.143394 -0.053603 0.011388 -0.352795 -0.318538 -0.201760 -0.068167 -0.319356 -0.025463 0.319404 -0.022039 0.286404 0.203691 -0.122264 -0.091547 0.140600 0.240614 0.191589 0.134860 -0.261604 -0.209367 -0.361463 -0.117651 -0.355671 -0.319145 -0.201739 0.022882 -0.190582 -0.010426 -0.137759 -0.084896 0.159485 -0.133611 0.089718 0.083214 -0.308054 -0.108857 0.435020 0.292349 -0.257430 0.013303 -0.159858 -0.063806 0.075383 0.063697 -0.205803 -0.151065 -0.308982 -0.242021 0.370202 0.155132 -0.314212 -0.222079 -0.370690 0.064499 -0.166404 -0.047942 0.307285 0.212966 0.266841 -0.021506 -0.317480 -0.253957 -0.106723 -0.357315 0.014971 0.079324 0.083040 -0.112996 -0.217069 -0.046106 -0.248394 -0.107566 -0.049866 -0.278050 -0.173500 -0.077297 -0.038322 0.071145 0.323917 0.150800 -0.048363 -0.076383
0.005876 0.008379 0.382841 0.184917 0.574801 0.537826 0.300149 0.493027 0.616204 1.000000 -0.080619 -0.140282 0.080343 0.093531 0.305490 0.469548 -0.236488 -0.117923 -0.102599 0.230915 0.141050 0.081551 0.234453 0.411285 0.391580 0.407004 0.295042 0.256543 -0.183828 -0.091721 0.440954 0.298506 -0.283843 -0.127643 -0.129514 -0.159531 -0.291923 -0.405821 -0.197251 -0.301569 -0.136317 -0.093161 0.052130 -0.171309 0.044481 0.071935 -0.157194 -0.178282 0.171378 0.089052 0.198214 0.071693 -0.110774 -0.231060 -0.382481 -0.189736 -0.340516 -0.368450 -0.026005 0.084897 -0.004782 -0.065348 0.086507 -0.084854 0.339905 -0.010946 -0.099506 0.020604 -0.196902 -0.365790 0.237329 0.233471 -0.173586 -0.097652 -0.257138 -0.159676 -0.036983 -0.048331 -0.115536 -0.169079 -0.155782 -0.194367 0.286307 0.173817 -0.359217 -0.184250 -0.266328 0.021807 -0.094161 -0.223830 0.310952 0.219955 0.303908 0.035893 -0.232748 -0.253118 -0.126190 -0.289809 0.063807 0.151176 0.126680 0.014559 -0.047343 -0.049437 -0.268353 -0.135046 -0.006571 -0.127405 -0.282153 -0.063585 -0.049114 -0.008298 0.304522 0.152274 -0.241375 0.122603
0.727772 0.328288 0.158824 -0.007934 -0.116100 -0.116614 0.140496 0.039496 -0.033830 -0.080619 1.000000 0.615663 0.520448 0.404144 0.275513 0.122526 0.015892 -0.132608 0.234594 0.144123 -0.262163 -0.163165 0.377372 0.063398 -0.036177 -0.034161 -0.001141 -0.004081 0.283473 -0.300137 0.110709 -0.110243 -0.246574 -0.216339 -0.180176 0.273118 -0.414845 -0.332559 -0.430802 -0.435985 -0.214554 -0.075439 0.039059 0.093286 0.176372 0.121413 -0.274244 0.017521 0.462435 0.112955 0.549341 0.256355 0.086667 0.181264 -0.231796 -0.376547 -0.257551 -0.355297 -0.135574 -0.208255 0.061215 -0.301006 0.076526 -0.301070 0.305914 0.340282 -0.370477 -0.075546 -0.220352 -0.423486 -0.235650 -0.444931 0.005190 -0.259607 0.058968 0.053630 -0.111215 -0.087701 -0.316855 -0.378502 -0.194761 -0.369227 0.206590 -0.114591 0.250290 -0.063858 -0.023508 -0.292817 0.318619 -0.098077 0.018787 0.075214 0.131019 0.152682 -0.070236 -0.061739 -0.347037 -0.165138 -0.177523 0.053804 0.140966 0.268502 0.197430 0.203343 0.048718 -0.091648 -0.021124 -0.014936 -0.186499 0.120214 -0.012511 -0.054381 0.168565 0.037453 -0.074162 -0.290398
0.453001 0.627727 0.034949 0.073180 -0.250415 -0.026449 0.096677 0.267639 -0.071212 -0.140282 0.615663 1.000000 0.484123 0.676114 -0.073538 0.281384 -0.036222 0.072519 -0.080087 0.114675 -0.200578 -0.196677 0.161871 -0.005248 -0.221198 -0.086965 -0.118317 -0.175001 0.086126 -0.092787 -0.096693 -0.109519 -0.214043 -0.149140 -0.078202 0.341726 -0.268638 -0.281102 -0.366274 -0.204857 -0.217826 0.002271 0.134633 0.296915 0.295445 0.243555 -0.088228 0.282951 0.296652 0.322087 0.358834 0.236926 0.087007 -0.011005 -0.213079 -0.140244 -0.163799 -0.214669 -0.115159 -0.143029 -0.163492 -0.271773 -0.175645 -0.394393 0.046748 0.488367 -0.389504 0.109398 -0.195443 -0.190096 -0.042849 -0.211102 -0.094066 -0.061019 0.092767 0.009788 -0.191801 -0.170632 -0.162123 -0.266751 -0.175705 -0.311083 -0.107962 -0.056181 0.102725 0.055663 -0.127596 -0.273707 -0.018835 0.154267 -0.134279 -0.028009 -0.017532 -0.078399 -0.159752 -0.038804 -0.200469 -0.109028 -0.201231 -0.055332 -0.046316 -0.002958 -0.035176 0.044092 0.005419 0.033134 -0.337756 -0.232731 -0.162845 0.068899 0.060929 -0.063355 0.011416 -0.025470 -0.151107 -0.381516
0.545092 0.428032 0.188545 -0.166432 -0.054870 -0.024115 0.483462 0.128482 -0.019709 0.080343 0.520448 0.484123 1.000000 0.549417 0.010401 0.073107 0.229369 -0.059810 -0.203140 0.095301 -0.134659 -0.086817 -0.044121 -0.075179 0.101433 -0.038217 -0.119777 -0.029734 0.337459 0.048901 -0.128893 -0.137966 0.150865 0.222578 -0.371074 0.340391 -0.356251 -0.444204 -0.563609 -0.510411 -0.197435 -0.032215 -0.020147 0.003894 0.233293 0.007837 -0.387154 -0.060900 0.359713 0.192344 0.333957 0.228341 0.151803 -0.013102 -0.373933 -0.282476 0.030928 0.079330 0.117203 0.036531 0.144314 0.007867 0.211284 0.020213 0.244312 0.308412 -0.372040 -0.068943 0.136016 -0.134323 -0.253933 -0.175489 0.229089 -0.285399 -0.050125 -0.166760 -0.227895 -0.263370 -0.058839 -0.046621 0.237162 0.009787 0.005805 0.083591 -0.006672 -0.270865 -0.201654 -0.407742 -0.146925 0.031187 -0.025587 -0.133434 0.033033 0.191802 -0.144322 -0.130706 -0.360562 -0.256655 -0.249554 -0.069459 0.123778 0.296497 0.218066 0.052771 -0.106074 -0.163250 -0.066565 0.044664 -0.281610 -0.001292 -0.085363 -0.037128 0.015476 0.081423 -0.116383 -0.313920
0.396108 0.662599 -0.074521 -0.088630 -0.164063 -0.130868 0.062080 0.306179 -0.090685 0.093531 0.404144 0.676114 0.549417 1.000000 -0.083057 0.391298 0.118786 0.035903 -0.302060 0.112196 -0.196657 -0.131144 -0.070934 -0.203955 -0.230221 -0.250927 -0.315240 -0.304029 0.226454 0.159303 -0.164834 -0.118658 0.012260 0.053274 -0.326868 0.226224 -0.167691 -0.255558 -0.292723 -0.270828 -0.068183 -0.132348 -0.007990 0.158957 0.074968 0.059990 -0.131618 0.242177 0.194733 0.130181 0.234257 0.181809 0.210392 0.037684 -0.263017 -0.123840 0.063047 0.058852 0.081434 -0.068519 0.134748 0.078820 0.131399 -0.018165 0.120062 0.493183 -0.360366 0.089703 0.050542 -0.080914 -0.049543 -0.039293 0.073553 -0.107732 0.056645 0.000050 -0.219747 -0.075293 0.031919 -0.030549 0.176236 -0.012475 -0.132064 -0.055251 -0.217586 -0.211439 -0.258219 -0.337382 -0.258512 0.042514 -0.171294 -0.154040 -0.130453 -0.212358 -0.149702 -0.097873 -0.249281 -0.121271 -0.219326 -0.121543 -0.133726 -0.162293 -0.146207 -0.117436 -0.219916 -0.079692 -0.153541 -0.142236 -0.047050 -0.162115 -0.070518 -0.108241 -0.099923 -0.117396 -0.244485 -0.182830
0.268614 -0.215207 0.293211 0.044892 0.458527 0.172597 -0.011218 -0.125985 0.495708 0.305490 0.275513 -0.073538 0.010401 -0.083057 1.000000 0.333202 -0.048381 -0.076722 0.544445 0.367597 0.176870 0.179488 0.533713 0.003146 0.367956 0.450043 0.524415 0.508285 0.090833 -0.277147 0.431148 0.015187 -0.202542 -0.214059 -0.112966 0.078474 -0.211369 -0.115748 -0.206690 -0.157193 -0.146152 0.005656 0.110776 0.092226 0.017238 0.067805 -0.135096 -0.140140 -0.074406 -0.044235 0.180341 -0.041352 -0.222404 0.066717 -0.201085 -0.227488 -0.096252 -0.319825 -0.165315 -0.167869 -0.073482 -0.133472 -0.093673 -0.113753 0.039488 -0.086322 -0.157233 -0.067549 -0.059505 -0.286726 0.226375 -0.020110 -0.037001 0.027730 -0.041260 0.058538 0.294498 0.123554 -0.112451 -0.229369 -0.199513 -0.166322 0.591620 -0.043573 -0.038539 -0.285968 -0.156063 0.069587 0.205847 -0.278156 0.332774 0.330399 0.314857 0.025008 -0.101644 0.008337 -0.032175 -0.131338 0.141002 0.171524 0.129904 0.013511 -0.200271 0.099333 -0.142785 -0.052829 0.189210 -0.076694 0.096543 -0.156317 0.070385 0.146440 0.448751 0.180133 0.051885 -0.010629
0.172138 0.412662 0.129824 0.320000 0.232911 0.166425 0.086516 0.495913 0.342256 0.469548 0.122526 0.281384 0.073107 0.391298 0.333202 1.000000 -0.148383 0.196790 0.187047 0.429924 -0.029405 0.090872 0.314397 0.151101 -0.042040 0.167266 0.066431 0.041193 -0.212033 -0.156835 0.243034 0.155787 -0.510019 -0.289297 0.003829 0.120765 -0.275156 -0.210731 -0.278394 -0.207268 -0.112836 -0.121644 -0.048783 0.139894 -0.062421 0.129469 -0.200833 0.162482 -0.152549 0.129899 0.037705 -0.116266 -0.324280 -0.335526 -0.282361 -0.260827 -0.282525 -0.399847 -0.217565 -0.183029 -0.274899 -0.158957 -0.153803 -0.257412 0.110273 0.247396 -0.391035 -0.059219 -0.227339 -0.291312 0.351208 0.102379 -0.272803 0.127748 -0.133524 -0.021430 0.209585 0.172690 -0.103669 -0.313453 -0.074213 -0.215356 0.357461 0.269221 -0.242409 -0.153295 -0.258230 -0.143001 -0.185259 -0.237415 0.250960 0.342933 0.284256 -0.227203 -0.199017 0.029843 -0.180969 -0.100980 -0.037217 0.122089 0.082496 -0.290486 -0.276722 -0.083510 -0.141195 0.058030 0.051987 -0.229966 0.016151 -0.035160 0.081731 0.202368 0.392858 0.162776 -0.131573 0.162429
-0.029194 -0.114316 -0.106405 -0.137635 0.037370 -0.125961 0.021846 -0.306699 -0.203618 -0.236488 0.015892 -0.036222 0.229369 0.118786 -0.048381 -0.148383 1.000000 0.398666 0.067156 -0.054394 0.160864 0.224720 -0.128688 -0.049613 0.132857 -0.116519 0.023595 0.037545 0.662716 0.330545 0.048131 0.201991 0.475051 0.573437 -0.083600 0.135800 0.376834 0.217009 -0.003074 -0.056151 0.114579 0.176041 -0.235935 -0.102199 -0.182048 -0.252192 -0.360222 -0.199491 -0.072415 -0.017522 -0.147818 0.030572 0.304216 0.016114 -0.056708 -0.089362 0.610053 0.524246 0.350364 0.264264 0.369169 0.328051 0.412897 0.586074 0.086593 -0.152549 0.160625 -0.033449 0.428379 0.332526 -0.369934 0.027959 0.548048 0.006034 0.125868 -0.102458 0.016777 0.143864 0.489533 0.459943 0.723721 0.647255 0.342448 0.377254 0.339096 0.162987 0.179801 0.271875 0.025307 0.257208 -0.502072 -0.551738 -0.543237 -0.517943 -0.130046 -0.073439 -0.170095 -0.247467 -0.409088 -0.549565 -0.496767 -0.412275 -0.365364 -0.451837 -0.403934 -0.285084 -0.148264 -0.022045 -0.002910 -0.220824 -0.303863 -0.490844 -0.541276 -0.450341 -0.262271 -0.140301
-0.114598 0.130256 0.015792 0.256263 0.005049 0.113403 0.148067 0.086391 0.077676 -0.117923 -0.132608 0.072519 -0.059810 0.035903 -0.076722 0.196790 0.398666 1.000000 0.160916 0.082882 0.199844 0.212996 -0.012957 0.151317 0.029090 0.126344 -0.068155 0.205795 0.052370 0.219131 0.043632 0.367291 0.147229 0.305042 0.204683 0.281967 0.320997 0.218393 0.081785 0.181196 -0.018243 0.113685 -0.242360 -0.129111 -0.153964 -0.033824 -0.138843 -0.250511 -0.300542 0.148137 -0.106874 -0.134795 -0.080609 -0.370629 0.018032 -0.098298 0.093518 0.246247 -0.125815 0.019462 -0.158927 0.135614 0.127979 0.200556 -0.094899 -0.170644 0.086459 0.009159 0.238608 0.402744 0.009835 0.199972 0.124812 0.375998 0.211330 0.023487 0.401216 0.357531 0.355975 0.365517 0.414981 0.354835 0.286074 0.353744 0.261929 0.373563 0.078763 0.170541 -0.072060 0.308488 -0.441073 -0.386987 -0.393845 -0.581587 -0.068573 -0.002446 -0.110920 -0.183902 -0.479376 -0.503727 -0.417550 -0.539585 -0.403188 -0.547564 -0.283863 -0.191859 -0.013389 -0.059741 -0.050516 -0.107941 -0.318538 -0.352631 -0.362050 -0.429750 -0.254930 0.077645
0.201959 -0.109972 0.292635 0.355926 0.181702 0.058354 -0.010865 -0.068667 0.225237 -0.102599 0.234594 -0.080087 -0.203140 -0.302060 0.544445 0.187047 0.067156 0.160916 1.000000 0.513965 0.207446 0.140578 0.490128 0.143227 0.106942 0.246778 0.453758 0.237091 0.050500 -0.389908 0.411695 0.275001 -0.315807 -0.315468 0.198881 0.045723 -0.062546 0.150492 0.102113 0.069938 -0.060784 -0.031316 -0.192969 -0.153305 -0.272570 -0.134448 -0.309776 -0.248441 -0.137252 -0.144146 -0.005539 -0.146996 -0.325390 -0.063280 -0.048226 -0.298873 -0.068037 -0.345509 -0.231165 -0.272515 -0.187680 -0.298391 -0.014281 -0.182289 0.097179 -0.147891 -0.027347 -0.179682 -0.115416 -0.243645 0.094322 -0.180979 -0.081600 0.090651 0.093043 0.077017 0.387229 0.372539 -0.279076 -0.373897 -0.269482 -0.259080 0.612570 0.117586 0.263171 0.057403 0.191491 0.124704 0.286780 -0.129793 0.194342 0.325161 0.226397 -0.005153 0.030098 0.082297 -0.188685 -0.091591 -0.027399 0.065100 0.127806 0.002810 -0.093733 0.148936 0.089995 0.034816 0.210261 -0.016274 0.256909 -0.075433 -0.061040 0.013556 0.306341 0.138926 0.219824 0.125307
0.158587 0.252720 0.516255 0.447136 0.282086 0.215816 0.271883 0.376971 0.283459 0.230915 0.144123 0.114675 0.095301 0.112196 0.367597 0.429924 -0.054394 0.082882 0.513965 1.000000 0.037133 -0.068303 0.521870 0.304837 0.120474 0.261326 0.331157 0.204796 -0.221022 -0.412651 0.392254 0.316034 -0.367544 -0.152929 0.002195 0.251118 -0.390385 -0.351182 -0.281609 -0.285995 -0.374643 -0.258412 -0.048064 0.073412 -0.007933 0.227108 -0.480056 -0.158241 0.013697 0.292408 0.093599 -0.041014 -0.357321 -0.469718 -0.540678 -0.454998 -0.179094 -0.209211 -0.133023 -0.094675 -0.169642 -0.007598 -0.117755 -0.097491 0.212046 0.103610 -0.125953 0.096792 -0.148829 -0.290648 0.445223 0.043782 -0.191549 -0.003909 -0.197488 -0.046632 0.183204 0.151713 -0.345264 -0.421516 -0.199621 -0.299738 0.382402 0.025793 -0.252395 -0.201749 -0.312540 -0.365354 -0.227643 -0.250991 0.222752 0.348282 0.243697 -0.047087 -0.274907 -0.100329 -0.359338 -0.225362 -0.025972 0.219310 0.152601 -0.079379 -0.075612 -0.015355 -0.073979 -0.024669 0.065111 -0.206832 -0.080418 0.006960 0.103429 0.181794 0.482175 0.136872 -0.057989 -0.012683
-0.180126 -0.219247 0.239261 0.294722 0.453370 0.592806 0.132290 -0.044156 0.365620 0.141050 -0.262163 -0.200578 -0.134659 -0.196657 0.176870 -0.029405 0.160864 0.199844 0.207446 0.037133 1.000000 0.692358 0.092945 0.235457 0.486429 0.551298 0.580250 0.407709 0.057081 0.084998 0.440186 0.530742 0.247840 0.234215 0.104741 0.158455 0.061582 0.038056 0.069519 0.138771 0.025251 0.075438 -0.085499 -0.351640 0.078494 0.015987 -0.160204 -0.366686 -0.104788 -0.042931 0.036175 0.025614 0.141151 0.107686 -0.287144 -0.173526 0.208894 0.050070 0.014290 0.136490 0.068814 0.134420 0.150861 0.111555 0.118801 -0.293854 0.258603 0.182972 -0.116678 0.132342 0.139289 0.359390 0.156570 -0.119734 -0.042094 -0.211954 0.079118 0.079396 0.211341 0.044981 0.144723 0.277357 0.324093 0.331452 0.242306 0.159665 -0.008838 0.299829 0.075634 0.185666 -0.045018 -0.131265 -0.065445 -0.196386 -0.191199 -0.439467 -0.220300 -0.393063 -0.241171 -0.383630 -0.298491 -0.225345 -0.338664 -0.208972 -0.380036 -0.293800 -0.270707 -0.380633 -0.025057 -0.393219 -0.494214 -0.382805 -0.097000 -0.195990 -0.134600 -0.099820
-0.218750 0.003886 0.065347 0.077938 0.358223 0.296053 -0.021795 -0.166601 0.338433 0.081551 -0.163165 -0.196677 -0.086817 -0.131144 0.179488 0.090872 0.224720 0.212996 0.140578 -0.068303 0.692358 1.000000 0.078016 0.106374 0.549980 0.477791 0.381803 0.333684 0.067954 0.042257 0.439094 0.397809 0.103480 0.188899 -0.152410 -0.075792 -0.050842 0.087385 -0.034387 -0.049634 -0.091973 -0.123462 -0.138285 -0.342394 -0.029668 -0.083709 -0.097909 -0.316878 -0.141086 -0.153906 0.012008 -0.012637 0.315579 0.215797 -0.174629 -0.189884 0.229887 0.189646 0.138006 0.107411 0.193456 0.281308 0.214788 0.312167 0.060600 -0.140010 0.208763 0.041988 -0.127660 0.285671 0.137133 0.249363 0.021043 -0.154419 -0.218017 -0.163048 0.067066 0.087275 0.313878 0.086718 0.296488 0.346057 0.300787 0.183580 0.252790 0.086348 -0.110890 0.165790 0.054032 0.008679 0.148782 -0.022530 -0.000260 -0.236491 -0.270207 -0.473864 -0.261425 -0.404320 -0.138953 -0.252160 -0.190097 -0.228764 -0.403725 -0.147118 -0.399729 -0.312905 -0.007998 -0.361610 0.016341 -0.438550 -0.519678 -0.194709 -0.077803 -0.094196 -0.180091 0.075387
0.162858 0.028207 0.372815 0.399134 0.428960 0.387181 0.073117 0.066877 0.420122 0.234453 0.377372 0.161871 -0.044121 -0.070934 0.533713 0.314397 -0.128688 -0.012957 0.490128 0.521870 0.092945 0.078016 1.000000 0.544320 0.354699 0.512178 0.553528 0.420317 -0.133697 -0.386076 0.549826 0.208642 -0.472262 -0.336332 0.064512 0.199106 -0.408414 -0.184797 -0.276449 -0.251774 -0.395521 0.014971 0.259249 0.171596 0.260322 0.320366 -0.236929 -0.082672 0.196538 0.355184 0.287584 0.119347 -0.126100 -0.182846 -0.442220 -0.430732 -0.439148 -0.354524 -0.258381 -0.031457 -0.292784 -0.143467 -0.315298 -0.314086 0.165837 -0.013293 0.002818 -0.043298 -0.303271 -0.230080 0.446618 0.029230 -0.191722 0.129371 -0.069337 0.141937 0.231547 0.173760 -0.236388 -0.353482 -0.390342 -0.358260 0.391038 -0.015559 0.025432 -0.001277 -0.141246 -0.133789 -0.007982 -0.154211 0.130556 0.356966 0.203633 -0.026154 -0.289586 -0.216760 -0.307704 -0.329362 -0.133699 0.204100 0.034301 -0.022154 -0.162411 0.003073 -0.155179 -0.189352 -0.117140 -0.352919 -0.192668 0.142669 0.007616 0.039095 0.409294 0.094044 -0.216031 -0.267642
-0.022417 -0.000846 0.414064 0.680274 0.424807 0.642476 0.311634 0.369340 0.318848 0.411285 0.063398 -0.005248 -0.075179 -0.203955 0.003146 0.151101 -0.049613 0.151317 0.143227 0.304837 0.235457 0.106374 0.544320 1.000000 0.452353 0.489638 0.469084 0.355391 -0.293226 -0.338842 0.569050 0.581115 -0.411338 -0.170552 0.235708 0.131537 -0.267335 -0.304241 -0.186472 -0.209792 -0.284717 -0.062088 0.002722 -0.212418 0.200340 0.281646 -0.376621 -0.359370 0.303711 0.377881 0.384445 0.202679 0.140947 -0.291608 -0.474230 -0.423710 -0.476287 -0.308807 -0.032688 0.192844 -0.129777 -0.112054 -0.011635 -0.223866 0.352920 -0.036921 0.177675 0.046354 -0.324098 -0.210926 0.145731 -0.032771 -0.244066 -0.071992 -0.149232 -0.047507 -0.028600 0.044647 -0.204395 -0.309512 -0.255344 -0.235849 0.280840 0.253402 0.131475 0.432310 -0.064371 0.116961 0.113367 0.075082 0.008983 0.116665 0.116215 -0.111044 -0.374681 -0.448866 -0.310860 -0.439768 -0.205420 -0.019476 -0.108981 -0.076695 -0.096624 -0.218811 -0.232269 -0.318277 -0.245820 -0.254109 -0.443174 -0.043245 -0.239107 -0.272682 0.147025 -0.137405 -0.335092 -0.097296
-0.193882 -0.271341 0.534493 0.240289 0.582327 0.589516 0.409874 -0.045906 0.580330 0.391580 -0.036177 -0.221198 0.101433 -0.230221 0.367956 -0.042040 0.132857 0.029090 0.106942 0.120474 0.486429 0.549980 0.354699 0.452353 1.000000 0.782957 0.651442 0.669039 0.011360 -0.123411 0.688612 0.457668 0.043782 0.213916 -0.179823 0.121995 -0.338948 -0.421974 -0.353838 -0.310480 -0.351244 -0.094881 0.073583 -0.209675 0.246857 0.254353 -0.240998 -0.429150 0.199245 0.210899 0.324598 0.187330 0.150970 -0.075085 -0.515809 -0.368665 -0.055969 -0.000036 0.143382 0.231108 0.093123 0.203596 0.075090 0.154485 0.102949 -0.157845 0.177692 0.159772 -0.021326 0.060195 0.188152 0.289473 -0.001064 -0.156992 -0.227582 -0.238361 -0.112778 -0.001987 0.119605 0.079491 0.037304 0.132912 0.340746 0.143599 0.029913 -0.003208 -0.215432 0.095741 0.048353 -0.068826 0.258750 -0.016281 0.062894 0.063984 -0.512111 -0.600609 -0.208356 -0.625804 -0.118627 -0.028368 -0.009974 0.041453 -0.068798 -0.168618 -0.370678 -0.368358 -0.184861 -0.326808 -0.378796 -0.262034 -0.345454 -0.233302 0.076303 0.046789 -0.281798 -0.244433
-0.095620 -0.169782 0.577337 0.438110 0.543743 0.661636 0.368702 0.146511 0.684867 0.407004 -0.034161 -0.086965 -0.038217 -0.250927 0.450043 0.167266 -0.116519 0.126344 0.246778 0.261326 0.551298 0.477791 0.512178 0.489638 0.782957 1.000000 0.721813 0.736904 -0.248987 -0.316952 0.715252 0.432717 -0.165688 -0.004154 -0.085646 0.274918 -0.399844 -0.351926 -0.323005 -0.144155 -0.416032 -0.133958 0.208559 -0.067670 0.312085 0.353112 -0.256868 -0.323578 0.201254 0.281372 0.405914 0.222323 -0.068051 -0.182029 -0.519017 -0.346595 -0.230981 -0.229867 -0.127086 0.158361 -0.200148 -0.030253 -0.151572 -0.156729 0.169371 -0.124112 0.146677 0.200390 -0.260059 -0.078541 0.305484 0.202694 -0.198922 -0.197649 -0.245719 -0.239795 -0.011609 0.107887 -0.071364 -0.059787 -0.207904 -0.073877 0.339563 0.168440 0.014391 0.032785 -0.335440 -0.023774 0.044395 -0.039747 0.254596 0.107690 0.172648 0.079324 -0.419291 -0.446596 -0.231521 -0.527601 -0.103815 -0.026347 0.020072 0.037101 -0.168409 -0.100077 -0.278526 -0.281998 -0.187831 -0.286528 -0.414698 -0.079891 -0.300248 -0.050365 0.217963 0.089278 -0.204486 -0.227848
-0.101802 -0.317074 0.460355 0.489952 0.615344 0.589957 0.135982 0.003366 0.423621 0.295042 -0.001141 -0.118317 -0.119777 -0.315240 0.524415 0.066431 0.023595 -0.068155 0.453758 0.331157 0.580250 0.381803 0.553528 0.469084 0.651442 0.721813 1.000000 0.642394 -0.125470 -0.337249 0.734323 0.576433 -0.169229 -0.062308 0.000963 0.062024 -0.273678 -0.201537 -0.136140 -0.183690 -0.308301 -0.105015 0.026279 -0.098082 0.094827 0.235998 -0.302596 -0.350389 -0.022413 0.063540 0.183800 -0.020457 -0.051542 -0.022741 -0.427234 -0.421100 -0.128292 -0.297815 -0.084675 0.005502 -0.124320 -0.147513 -0.045019 -0.198700 0.118919 -0.274841 0.140166 0.207524 -0.180494 -0.189008 0.271109 0.132053 -0.141150 -0.130932 -0.237637 -0.148102 0.043960 0.115346 -0.058087 -0.232123 -0.223917 -0.121204 0.449653 0.077162 0.133432 0.083273 -0.137815 0.162465 0.150070 -0.231296 0.316520 0.304822 0.327778 0.126262 -0.336626 -0.437026 -0.160686 -0.374565 0.021336 0.146070 0.113196 0.054546 -0.166567 0.058424 -0.186623 -0.144228 -0.173015 -0.355109 -0.177816 -0.214712 -0.143720 -0.041780 0.356883 0.217751 -0.003931 -0.136298
-0.161221 -0.412788 0.400584 0.281576 0.415902 0.525492 0.211232 -0.120611 0.411610 0.256543 -0.004081 -0.175001 -0.029734 -0.304029 0.508285 0.041193 0.037545 0.205795 0.237091 0.204796 0.407709 0.333684 0.420317 0.355391 0.669039 0.736904 0.642394 1.000000 -0.006301 -0.103339 0.608560 0.386825 -0.004571 0.046374 -0.004375 0.327954 -0.083895 -0.192597 -0.178609 -0.162705 -0.121320 0.080563 0.153518 0.109949 0.269757 0.353570 -0.139941 -0.305154 -0.008899 0.259949 0.217208 0.043890 -0.134337 -0.225386 -0.260053 -0.251997 -0.136312 -0.151730 -0.173240 0.031935 -0.259691 -0.088310 -0.224020 -0.122968 -0.159978 -0.299488 0.158477 0.173993 0.050619 0.091180 0.165874 0.323455 -0.034634 0.004644 -0.201796 -0.100370 0.242022 0.251038 0.181255 0.013608 -0.021761 0.072356 0.479043 0.167937 0.132025 0.098595 -0.111620 0.168154 0.135868 -0.052370 0.058505 0.000911 0.019493 -0.029705 -0.282026 -0.221053 0.031873 -0.323778 -0.090391 -0.036724 -0.083362 -0.063622 -0.248530 -0.177461 -0.243773 -0.182695 -0.093575 -0.172922 -0.279649 -0.090983 -0.143030 -0.111734 0.069750 -0.021458 -0.142078 -0.167735
0.215903 -0.245117 -0.175739 -0.448023 -0.032044 -0.214582 -0.070087 -0.457817 -0.193486 -0.183828 0.283473 0.086126 0.337459 0.226454 0.090833 -0.212033 0.662716 0.052370 0.050500 -0.221022 0.057081 0.067954 -0.133697 -0.293226 0.011360 -0.248987 -0.125470 -0.006301 1.000000 0.515042 -0.079495 -0.125732 0.501955 0.404896 -0.270753 -0.001560 0.377378 0.259067 0.105132 -0.027212 0.390782 0.483599 -0.220033 -0.112054 -0.091569 -0.401075 -0.245368 -0.153619 0.087453 -0.162870 -0.162984 0.071908 0.163066 0.261357 0.138336 0.114705 0.481218 0.350303 0.233276 0.128016 0.343974 0.167437 0.311296 0.442467 0.039485 -0.138022 -0.021857 -0.307374 0.386573 0.200553 -0.507626 0.006037 0.792038 0.033664 0.348156 0.061346 0.096431 0.091730 0.389628 0.405521 0.504181 0.500514 0.297403 0.271513 0.260058 -0.059538 0.441687 0.284235 0.145984 0.285139 -0.468092 -0.540192 -0.512442 -0.216342 0.108147 0.179553 -0.081441 -0.042384 -0.321831 -0.476589 -0.322367 -0.139861 -0.097460 -0.201232 -0.245149 -0.147848 -0.149084 0.116441 0.209102 -0.129945 -0.245022 -0.452800 -0.493465 -0.329552 -0.109887 -0.106887
-0.237288 -0.194083 -0.243634 -0.342068 -0.057284 -0.101628 -0.035851 -0.214280 -0.190938 -0.091721 -0.300137 -0.092787 0.048901 0.159303 -0.277147 -0.156835 0.330545 0.219131 -0.389908 -0.412651 0.084998 0.042257 -0.386076 -0.338842 -0.123411 -0.316952 -0.337249 -0.103339 0.515042 1.000000 -0.302141 -0.081066 0.650643 0.600727 0.081528 -0.053913 0.609070 0.368255 0.330634 0.242092 0.482606 0.576768 -0.109755 0.037876 -0.019842 -0.138455 0.173660 0.065957 -0.369781 -0.041621 -0.502132 -0.286529 0.034677 -0.005338 0.274787 0.353031 0.305458 0.437323 -0.021647 -0.056873 0.014848 0.239946 -0.012411 0.372056 -0.230021 -0.394675 0.035522 -0.001676 0.358717 0.462707 -0.249351 0.465773 0.662185 0.440532 0.406014 0.310861 0.197736 0.037434 0.681922 0.678083 0.591435 0.693675 -0.081733 0.261105 0.076843 0.027177 0.334501 0.286455 -0.187075 0.287186 -0.602956 -0.587139 -0.628326 -0.301475 0.218667 0.174805 0.228958 0.168319 -0.375616 -0.452204 -0.403069 -0.277593 -0.155416 -0.392434 -0.298720 -0.084824 -0.187098 0.043447 0.176757 -0.051622 -0.136145 -0.386413 -0.596001 -0.436249 -0.207297 0.049929
-0.092459 -0.201409 0.547156 0.470319 0.605594 0.634326 0.293379 0.131463 0.529658 0.440954 0.110709 -0.096693 -0.128893 -0.164834 0.431148 0.243034 0.048131 0.043632 0.411695 0.392254 0.440186 0.439094 0.549826 0.569050 0.688612 0.715252 0.734323 0.608560 -0.079495 -0.302141 1.000000 0.670385 -0.212575 -0.034940 0.035465 0.153787 -0.309478 -0.350316 -0.258867 -0.276415 -0.318778 -0.099621 0.022686 -0.076483 0.198566 0.334790 -0.402909 -0.293422 0.124284 0.225135 0.334391 0.081659 -0.031856 -0.160763 -0.539610 -0.547678 -0.175487 -0.296377 -0.178292 -0.074180 -0.095887 -0.123493 -0.041456 -0.111549 0.262788 -0.150862 0.100396 0.227055 -0.375421 -0.289185 0.214771 0.160292 -0.158814 -0.081654 -0.117129 -0.072501 0.115901 0.272908 -0.067733 -0.161571 -0.160559 -0.086416 0.510406 0.172279 0.117076 0.071695 -0.261695 0.027212 0.120635 -0.235942 0.211855 0.185977 0.135295 -0.032739 -0.395564 -0.487918 -0.255535 -0.516084 -0.145193 0.045618 -0.054901 -0.095369 -0.193508 -0.129763 -0.366176 -0.295096 -0.239097 -0.369187 -0.225409 -0.128239 -0.220606 -0.159942 0.241151 -0.003873 -0.298172 -0.165539
-0.102356 -0.029338 0.461576 0.715102 0.341931 0.585064 0.338857 0.407450 0.160970 0.298506 -0.110243 -0.109519 -0.137966 -0.118658 0.015187 0.155787 0.201991 0.367291 0.275001 0.316034 0.530742 0.397809 0.208642 0.581115 0.457668 0.432717 0.576433 0.386825 -0.125732 -0.081066 0.670385 1.000000 -0.077977 0.225568 0.251358 0.143039 -0.058395 -0.186723 -0.045532 -0.168101 -0.206218 -0.197679 -0.423633 -0.411798 -0.152551 0.167503 -0.413898 -0.523099 -0.150157 -0.000981 0.164541 -0.161284 0.038187 -0.257682 -0.444025 -0.558652 -0.039696 -0.129048 -0.073492 -0.111817 -0.007440 -0.098021 0.246934 -0.006731 0.338481 -0.202147 0.123408 0.344368 -0.200418 -0.115100 0.087082 0.192848 -0.016953 -0.032717 -0.054636 0.006488 0.102977 0.293348 0.127436 -0.029033 0.116703 0.103678 0.389914 0.235909 0.302037 0.395752 -0.066896 0.118843 0.128818 -0.168827 -0.047790 -0.058833 -0.031700 -0.201736 -0.312872 -0.486677 -0.371792 -0.449915 -0.366419 -0.238745 -0.127018 -0.190910 -0.161918 -0.319987 -0.355316 -0.299484 -0.193093 -0.307126 -0.238664 -0.249263 -0.405298 -0.389834 -0.036492 -0.202066 -0.282699 0.045684
-0.130911 -0.342957 -0.074719 -0.438755 -0.014210 -0.086447 0.132706 -0.395896 -0.220296 -0.283843 -0.246574 -0.214043 0.150865 0.012260 -0.202542 -0.510019 0.475051 0.147229 -0.315807 -0.367544 0.247840 0.103480 -0.472262 -0.411338 0.043782 -0.165688 -0.169229 -0.004571 0.501955 0.650643 -0.212575 -0.077977 1.000000 0.735210 -0.037137 0.159653 0.472846 0.204953 0.151531 0.141767 0.272859 0.337219 -0.063080 -0.054171 0.049584 -0.059531 0.091097 -0.064406 -0.203186 -0.001676 -0.252811 -0.151525 0.162773 0.065539 0.100733 0.140549 0.612810 0.628377 0.158026 0.120734 0.263334 0.392011 0.173630 0.527371 -0.164295 -0.413416 0.261055 0.179055 0.447529 0.441920 -0.278557 0.291436 0.648921 0.131442 0.281162 0.003967 -0.031154 -0.092804 0.569645 0.668870 0.586182 0.749219 -0.180685 0.043372 0.094605 -0.032812 0.086799 0.103377 -0.141645 0.236318 -0.471781 -0.607795 -0.534882 -0.156677 0.160189 0.001406 0.160796 0.047961 -0.330420 -0.444172 -0.358980 -0.174680 -0.037880 -0.340647 -0.309523 -0.188359 -0.182203 0.071815 0.117537 -0.082318 -0.134670 -0.384788 -0.511122 -0.367490 -0.090768 -0.244732
-0.144573 -0.156400 0.079465 -0.158218 0.047628 0.065059 0.338572 -0.115380 -0.143394 -0.127643 -0.216339 -0.149140 0.222578 0.053274 -0.214059 -0.289297 0.573437 0.305042 -0.315468 -0.152929 0.234215 0.188899 -0.336332 -0.170552 0.213916 -0.004154 -0.062308 0.046374 0.404896 0.600727 -0.034940 0.225568 0.735210 1.000000 -0.061224 0.218704 0.241534 -0.009158 -0.125026 -0.123961 -0.050994 0.183880 -0.287216 -0.165119 0.057084 0.007428 -0.274445 -0.293886 -0.127094 0.037374 -0.176443 -0.166271 0.116356 -0.147078 -0.170116 -0.130777 0.521667 0.619011 0.252801 0.146766 0.339951 0.494231 0.328061 0.597462 0.067182 -0.231737 0.195967 0.365295 0.397636 0.334860 -0.210913 0.280559 0.569275 0.044011 0.132834 0.057935 -0.039212 -0.115876 0.559249 0.728756 0.707345 0.791153 -0.065024 0.216940 0.192817 0.055933 0.023063 0.004620 -0.118965 0.118884 -0.507202 -0.651627 -0.605317 -0.191780 -0.168511 -0.241415 -0.182631 -0.256056 -0.500922 -0.508407 -0.297955 -0.155683 -0.018392 -0.456864 -0.390242 -0.248630 -0.317472 -0.110083 -0.259495 -0.147508 -0.321804 -0.448245 -0.530795 -0.426794 -0.375980 -0.159800
-0.101972 -0.111781 -0.012380 0.365764 -0.037067 0.234237 0.016783 0.161648 -0.053603 -0.129514 -0.180176 -0.078202 -0.371074 -0.326868 -0.112966 0.003829 -0.083600 0.204683 0.198881 0.002195 0.104741 -0.152410 0.064512 0.235708 -0.179823 -0.085646 0.000963 -0.004375 -0.270753 0.081528 0.035465 0.251358 -0.037137 -0.061224 1.000000 0.217351 0.259867 0.139349 0.165927 0.264477 0.146791 0.114320 0.024292 0.124939 0.068680 0.343436 0.199141 0.057804 -0.374652 0.194645 -0.166287 -0.342593 -0.156958 -0.262431 0.082989 -0.060293 -0.267374 -0.323410 -0.405138 -0.369271 -0.368489 -0.297552 -0.246503 -0.317810 -0.031765 -0.259412 0.033854 0.218775 -0.292991 -0.080241 0.161389 0.148583 -0.088011 0.486676 0.292179 0.392037 0.340875 0.166307 -0.062020 -0.126840 -0.205542 -0.105636 0.035063 0.135401 0.217793 0.320852 0.159366 0.218782 0.046153 0.069219 -0.236171 0.010230 -0.147786 -0.273236 0.177461 0.180391 0.239809 0.237752 -0.069910 -0.037031 -0.201776 -0.266364 -0.103569 -0.169996 0.070875 0.131605 -0.129826 -0.088642 0.081297 0.259320 0.236565 -0.140209 -0.037909 -0.245056 0.044760 0.009993
0.208763 0.111264 0.242305 0.269045 -0.094880 0.184674 0.404606 0.185480 0.011388 -0.159531 0.273118 0.341726 0.340391 0.226224 0.078474 0.120765 0.135800 0.281967 0.045723 0.251118 0.158455 -0.075792 0.199106 0.131537 0.121995 0.274918 0.062024 0.327954 -0.001560 -0.053913 0.153787 0.143039 0.159653 0.218704 0.217351 1.000000 -0.119247 -0.272378 -0.372278 -0.092717 -0.127836 0.089193 0.122947 0.277006 0.439269 0.464162 -0.123959 0.006112 0.075585 0.433737 0.328685 0.071936 -0.003757 -0.233710 -0.305935 -0.373125 -0.038453 -0.001333 -0.269564 -0.158767 -0.258335 -0.114677 -0.265616 -0.218013 -0.029461 0.102117 -0.255471 0.285510 -0.013595 0.016134 0.054593 0.112810 0.071618 -0.028631 0.045423 -0.006467 0.030876 0.080306 0.032866 -0.031165 0.058555 0.025338 0.017860 0.166636 0.156220 0.033486 -0.131620 -0.242104 -0.020479 0.276915 -0.264300 -0.232367 -0.278789 -0.198343 -0.121121 -0.088833 -0.187346 -0.205708 -0.437078 -0.260651 -0.278537 -0.130386 -0.074933 -0.203081 -0.120993 -0.109718 -0.296460 -0.108412 -0.269325 0.197641 -0.015288 -0.257606 -0.084020 -0.267837 -0.160733 -0.453980
