1.000000 0.520831 0.003995 -0.252368 -0.281483 0.017388 -0.106117 0.032973 -0.113777 -0.242806 0.404443 0.456656 0.199695 0.475140 -0.288276 -0.104942 0.437296 0.466853 0.137966 -0.088662 -0.140269 0.260166 -0.302684 -0.339297 -0.184823 0.121694 -0.130922 0.017370 0.099647 0.420277 -0.239347 -0.126899 0.394583 0.105463 -0.231159 -0.091084 -0.170810 0.038968 -0.245551 -0.479674 -0.201042 0.252378 -0.211777 -0.055410 -0.153134 -0.376326 0.270998 0.011816 0.233217 0.300134 -0.040799 0.320322 0.337693 -0.019829 0.333833 0.183373 0.622365 0.390062 0.122102 0.133064 0.337574 0.268713 0.299560 0.373987 0.011225 -0.089409 -0.331194 -0.648749 -0.040295 -0.267281 0.175502 -0.185046 0.325572 0.161275 0.058015 0.005372 0.238839 0.187401 0.430787 0.341575 0.345264 0.431296 -0.260833 -0.038829 0.287107 0.373992 0.042295 -0.303508 -0.320923 -0.398744 -0.420699 -0.579090 -0.420893 -0.384369 -0.359992 -0.562595 -0.125718 -0.095242 0.234188 -0.075445 -0.382974 -0.332869 -0.399497 -0.504163 -0.342852 -0.367124 -0.236434 -0.140804 -0.571854 -0.165498 -0.250398 -0.064263 0.166381 -0.273433 -0.472666 -0.478503
0.520831 1.000000 -0.258418 -0.405483 -0.187138 -0.126358 -0.263215 -0.122379 -0.204698 -0.130136 0.053420 0.216808 -0.104954 0.317171 -0.323081 -0.128806 0.490612 0.435356 0.048080 0.193478 -0.226421 0.051184 -0.325198 -0.414757 0.011966 0.016255 -0.218775 -0.049173 -0.098300 0.174270 -0.301585 -0.252200 0.316345 0.122756 -0.358580 -0.192499 -0.146149 -0.093990 0.048619 -0.242378 -0.091015 0.079336 -0.111096 -0.042740 0.074654 -0.307855 0.219850 -0.000839 0.221322 0.125677 -0.234022 0.141081 0.290365 -0.134334 0.118343 -0.077794 0.671774 0.789492 -0.019960 0.103984 0.090837 0.018702 0.229808 0.264627 -0.289833 -0.310582 0.030477 -0.410762 0.560324 0.358243 -0.288097 -0.249344 0.011567 0.074711 -0.099007 -0.002183 0.074960 0.025750 0.491208 0.385723 0.481263 0.448893 0.023987 -0.009198 0.022228 0.113710 0.178038 -0.509437 -0.374133 -0.400718 -0.279305 -0.329321 -0.238198 -0.492732 -0.368038 -0.375878 0.044950 -0.107635 0.123174 -0.076772 -0.272917 -0.244413 -0.349673 -0.146221 -0.069217 -0.360442 -0.136952 -0.001609 -0.333965 -0.080260 -0.035925 -0.017359 -0.024756 -0.159289 -0.338149 -0.262371
0.003995 -0.258418 1.000000 0.495560 0.376692 0.306726 0.591799 0.667190 0.731726 0.553300 0.326826 0.125962 0.437930 0.121794 -0.200195 -0.085181 0.051649 -0.090222 0.036529 -0.221530 -0.356425 -0.320388 0.343174 0.070304 0.181962 -0.116618 -0.105218 -0.579107 -0.255755 -0.052336 0.287175 -0.139633 0.075445 0.359568 -0.167306 -0.062765 -0.449002 -0.104908 -0.251690 -0.075636 -0.267612 -0.037003 -0.303326 -0.324421 0.073736 -0.090727 0.057153 -0.264019 0.016807 -0.280864 0.221445 -0.077697 0.321405 -0.343046 -0.115794 -0.010928 -0.095963 -0.233477 0.059607 -0.176398 0.307654 -0.051229 0.169318 0.239479 0.235134 0.021168 -0.003893 0.168421 -0.287235 -0.147025 0.099189 0.015402 -0.104682 -0.066939 -0.053549 0.090204 0.004471 0.085411 -0.128941 -0.299192 -0.240451 -0.240424 -0.252116 -0.127098 -0.484924 -0.546251 -0.145351 -0.156841 -0.278355 0.041390 0.125060 0.015077 0.216050 0.244394 0.049212 0.206206 0.270488 0.102708 0.117813 -0.051455 -0.168890 0.341470 0.262779 0.249996 -0.162541 -0.086894 -0.041349 0.182611 0.376830 0.030771 -0.098600 -0.244990 0.156493 -0.152712 0.108652 0.042432
-0.252368 -0.405483 0.495560 1.000000 0.245731 0.070201 0.670563 0.633922 0.506356 0.567296 -0.118721 -0.149396 -0.086534 -0.395664 -0.207049 -0.190959 -0.504663 -0.589998 0.322998 0.040927 -0.387931 -0.578997 0.646936 0.707949 0.110993 -0.218622 -0.263108 -0.342341 -0.357837 -0.466988 0.133848 0.091323 -0.438754 -0.087427 0.171354 0.190931 -0.480422 -0.232352 -0.264024 -0.159906 -0.301696 -0.335049 0.172059 0.203657 0.282409 0.437821 0.071283 0.217444 -0.169851 -0.075684 -0.117731 -0.257070 0.128531 -0.071647 -0.139048 0.029085 -0.359722 -0.483271 -0.292394 -0.311356 -0.246903 -0.220156 -0.400512 -0.190391 0.236016 0.182953 -0.103282 0.411349 -0.134723 -0.182266 0.126938 0.115239 -0.443878 -0.160509 -0.110452 0.145535 0.123564 0.178821 -0.479513 -0.595927 -0.578868 -0.573590 0.171173 0.037176 -0.256973 -0.425901 -0.008284 0.285406 0.221894 0.344932 0.283137 0.292744 0.273637 0.522387 0.120110 0.497287 0.066826 0.092499 0.007256 -0.034535 0.240524 0.223039 0.537424 0.217647 -0.037010 0.350220 0.241797 0.064959 0.536485 0.279327 0.189132 -0.132036 -0.080015 0.090344 0.186441 0.411374
-0.281483 -0.187138 0.376692 0.245731 1.000000 0.479494 0.251389 0.309107 0.653896 0.537541 0.009272 -0.204251 0.145951 -0.216382 0.173804 0.206199 -0.303455 -0.347564 -0.266346 -0.056338 0.058731 -0.082703 0.243111 0.107286 0.602151 0.071318 0.555249 -0.120352 -0.461301 -0.519452 0.056172 -0.334105 -0.185697 -0.002820 -0.106333 -0.032580 -0.106211 -0.270787 0.385720 0.291121 -0.153616 -0.113777 -0.281125 -0.354832 -0.023712 -0.077928 -0.136363 -0.335928 0.172040 -0.132688 -0.049278 -0.007672 0.005856 0.054257 0.020779 -0.089043 -0.203516 -0.148687 0.258317 0.103239 0.098138 0.008491 -0.117626 -0.129789 0.131130 0.111606 0.200415 0.207591 -0.130851 0.171374 -0.066735 -0.058652 -0.402552 -0.342569 -0.347951 -0.130114 -0.338220 -0.257591 -0.483213 -0.582204 -0.294527 -0.423620 -0.050312 -0.090970 -0.477124 -0.578990 0.155481 0.053426 -0.095048 0.237863 0.274757 0.188593 0.449509 0.322564 -0.102299 0.088220 -0.074791 -0.167771 -0.042001 -0.120209 -0.044343 0.649316 0.005266 0.450097 0.097140 0.061508 0.196883 0.055054 0.224117 -0.104633 -0.243097 -0.286137 0.091805 -0.024978 0.218204 0.219326
0.017388 -0.126358 0.306726 0.070201 0.479494 1.000000 0.146406 0.076811 0.628287 0.563044 0.262096 0.102957 0.074947 0.150095 0.036783 0.347838 -0.003706 0.121545 -0.007568 -0.047474 -0.317507 0.114052 0.160596 0.023625 0.574282 0.707277 0.261432 0.072897 -0.330831 0.039976 0.003891 -0.014048 -0.318630 0.157727 -0.101429 0.158046 -0.108784 0.264177 -0.073591 0.179398 -0.312568 0.260530 -0.172823 -0.341035 -0.058338 -0.144307 0.328019 -0.322843 0.064152 -0.216131 -0.024420 -0.211613 0.566226 -0.312169 0.180685 0.268931 -0.212679 -0.212753 -0.124163 -0.132159 -0.197860 -0.252308 -0.118066 0.026315 0.063489 -0.012644 -0.219898 -0.015260 -0.161557 -0.262896 0.234944 -0.040214 -0.123307 0.220181 -0.017092 0.207322 0.138290 0.273838 -0.120993 -0.198891 -0.125255 0.109088 -0.051528 0.159142 0.149442 -0.074957 0.321855 -0.232345 0.012946 0.351502 0.064113 -0.101725 0.244031 -0.003351 -0.006617 -0.183042 -0.162059 -0.130998 0.172942 -0.375409 -0.426188 0.179259 -0.118330 0.170741 -0.195222 -0.190503 0.006724 0.017378 -0.088464 -0.242719 -0.341770 -0.237210 0.092567 -0.154440 -0.064051 -0.154406
-0.106117 -0.263215 0.591799 0.670563 0.251389 0.146406 1.000000 0.742542 0.555994 0.459854 0.268380 0.159118 0.319574 -0.140273 0.011048 0.062773 -0.320335 -0.435615 0.354872 -0.180104 -0.351335 -0.417292 0.486806 0.226060 0.171770 -0.151746 -0.235023 -0.452896 -0.215048 -0.399025 0.334947 0.049126 -0.166454 0.101997 0.154867 0.030488 -0.495446 -0.424858 -0.397376 -0.287936 -0.169835 -0.530262 -0.133055 -0.045794 0.234535 0.122827 0.158944 -0.084464 -0.101334 -0.182786 0.189409 -0.180000 0.168574 -0.339101 -0.366766 -0.036629 -0.241376 -0.434889 -0.177697 -0.436979 0.098216 -0.021897 -0.358019 -0.070012 0.584174 0.366172 -0.094079 0.124261 -0.219799 -0.147885 0.015468 0.036271 -0.335615 -0.256575 -0.174737 0.080381 0.095836 0.039375 -0.301204 -0.487716 -0.494911 -0.494783 0.122718 -0.084480 -0.266426 -0.403055 -0.100376 0.036100 0.148014 0.185804 -0.011306 0.028838 0.237366 0.455766 0.123983 0.249214 0.178652 0.254583 -0.088761 -0.015845 0.028566 0.307384 0.317634 0.152180 -0.149592 0.205214 -0.057900 0.007585 0.325933 0.154174 0.204361 -0.118578 -0.027646 0.090119 0.163400 0.239109
0.032973 -0.122379 0.667190 0.633922 0.309107 0.076811 0.742542 1.000000 0.587761 0.512375 0.358508 0.295717 0.394784 0.094074 -0.134351 -0.099647 -0.224632 -0.371673 0.172482 -0.125445 -0.385379 -0.570914 0.211830 0.085267 -0.045704 -0.385440 -0.271991 -0.664797 -0.284423 -0.336315 0.034864 -0.284620 -0.039780 0.220310 -0.045766 -0.109386 -0.563593 -0.476858 -0.374923 -0.409229 -0.245376 -0.443946 -0.233891 -0.153435 0.109973 -0.043889 -0.026076 -0.128393 0.030161 -0.096520 0.137773 0.037346 0.140635 -0.298656 -0.284369 -0.128601 -0.157083 -0.275119 -0.037722 -0.165329 0.202798 0.097011 -0.048865 0.205959 0.379227 0.247628 0.021114 0.106007 -0.232711 -0.038774 -0.015204 -0.113200 -0.322989 -0.287139 -0.233729 0.035089 0.013560 0.018149 -0.291833 -0.483659 -0.393469 -0.502591 -0.098214 -0.181704 -0.449570 -0.432424 -0.132389 -0.101719 -0.120607 0.118031 0.104712 0.113092 0.271409 0.379064 -0.082753 0.148529 0.093927 0.098964 -0.107254 -0.129638 0.022041 0.386421 0.303794 0.263785 -0.081009 0.054182 0.002389 0.212841 0.327090 0.226450 0.011232 -0.271266 -0.051725 0.031803 0.085870 0.211843
-0.113777 -0.204698 0.731726 0.506356 0.653896 0.628287 0.555994 0.587761 1.000000 0.800980 0.258199 0.081708 0.150207 -0.082013 -0.062574 0.073252 -0.155459 -0.251976 0.044948 -0.036043 -0.478070 -0.401341 0.375079 0.181372 0.434780 0.098052 0.060839 -0.486221 -0.451862 -0.257853 0.110573 -0.227228 -0.243995 0.276692 -0.151130 0.032693 -0.452370 -0.092600 -0.243654 -0.011089 -0.357754 -0.170140 -0.255487 -0.354870 0.092158 -0.032162 0.138280 -0.344081 0.073886 -0.314535 0.008116 -0.213292 0.440212 -0.367768 -0.131113 0.046636 -0.228384 -0.327273 0.016235 -0.174635 0.023176 -0.225854 -0.170735 -0.006527 0.250560 0.084677 0.022868 0.246772 -0.225287 -0.079639 0.113794 -0.086086 -0.283107 -0.134599 -0.185916 0.154596 0.099639 0.213030 -0.276522 -0.507727 -0.423757 -0.363312 -0.127747 -0.020143 -0.434626 -0.585009 0.083196 -0.126928 -0.148151 0.242538 0.231792 0.145499 0.541408 0.422455 0.070083 0.213793 0.061032 0.086990 0.065256 -0.127035 -0.216633 0.513885 0.227891 0.348406 -0.135668 0.012052 0.096356 0.134506 0.393207 0.045211 -0.163664 -0.319611 0.157119 -0.026679 0.284872 0.238003
-0.242806 -0.130136 0.553300 0.567296 0.537541 0.563044 0.459854 0.512375 0.800980 1.000000 0.140865 0.008208 0.046686 -0.034198 -0.065109 0.199731 -0.060034 -0.210115 0.089053 -0.040188 -0.588812 -0.539418 0.350026 0.263666 0.440060 0.135463 -0.121086 -0.463198 -0.350154 -0.209166 -0.053176 -0.241592 -0.300310 0.194918 -0.169980 0.081987 -0.290982 -0.034812 -0.150461 0.211537 -0.269717 -0.111356 -0.161916 -0.333060 0.014809 -0.059855 0.036494 -0.267380 0.063520 -0.262100 -0.040326 -0.196825 0.375908 -0.309643 -0.116024 0.216815 -0.239057 -0.251522 -0.157840 -0.173075 -0.210628 -0.351082 -0.082904 0.076733 0.074288 -0.094631 0.057519 0.245986 -0.165920 -0.135404 -0.107222 -0.195758 -0.281664 -0.071950 -0.036202 0.169404 0.194077 0.267331 -0.207199 -0.473609 -0.328102 -0.279197 -0.009018 0.247691 -0.318061 -0.471559 0.007057 -0.082700 -0.201914 0.374496 0.227743 0.123814 0.421429 0.288136 0.030621 0.227091 0.108172 0.093231 -0.000010 -0.140194 -0.170823 0.370160 0.202011 0.337405 -0.044410 0.108673 0.002860 0.218601 0.322061 0.147320 -0.181325 -0.319155 0.050702 -0.024003 0.254761 0.348703
0.404443 0.053420 0.326826 -0.118721 0.009272 0.262096 0.268380 0.358508 0.258199 0.140865 1.000000 0.746347 0.565095 0.681306 -0.112830 0.155609 0.441374 0.369532 0.056873 -0.174076 -0.257254 -0.012681 -0.167309 -0.361208 -0.045496 0.060650 -0.149626 -0.320305 0.104761 0.375266 -0.041741 -0.220875 0.313630 0.426567 -0.270506 -0.248899 -0.166571 0.125840 -0.451507 -0.326742 -0.221845 0.003942 -0.538399 -0.457489 -0.425403 -0.547768 0.010518 -0.434948 0.102142 -0.165918 0.180296 0.122501 0.282824 -0.281232 -0.069553 0.054204 0.223682 0.049747 0.121448 0.032279 0.369507 0.245519 0.263629 0.457495 0.432209 0.231023 -0.383643 -0.379293 -0.423888 -0.162894 0.099560 -0.287794 0.305198 -0.007982 -0.002862 -0.010460 0.199059 0.165743 0.315253 0.163240 0.123574 0.237304 -0.395756 -0.106269 0.100406 0.180092 -0.108853 -0.253293 -0.290988 -0.092540 -0.184841 -0.361965 -0.114344 -0.210767 -0.080225 -0.439611 -0.076739 0.068226 -0.112234 -0.229905 -0.318164 0.030566 -0.245239 -0.071275 -0.204852 -0.252782 -0.153359 -0.019396 -0.320331 -0.103350 -0.466666 -0.339456 0.178714 -0.119652 -0.138970 -0.274653
0.456656 0.216808 0.125962 -0.149396 -0.204251 0.102957 0.159118 0.295717 0.081708 0.008208 0.746347 1.000000 0.477517 0.720080 -0.154540 0.140336 0.382083 0.413377 0.072277 -0.138830 -0.242875 0.030638 -0.340658 -0.404174 -0.101704 0.084902 -0.271442 -0.177446 0.073957 0.445523 -0.102262 -0.105885 0.402809 0.472965 -0.231113 -0.145219 -0.152648 0.002125 -0.379463 -0.452975 -0.109597 0.051866 -0.503711 -0.359310 -0.349219 -0.427618 -0.005690 -0.410031 0.075560 0.062372 0.137295 0.201466 0.333576 -0.214272 -0.152495 -0.094342 0.188402 0.024036 0.092746 0.030962 0.254786 0.385963 0.176556 0.469297 0.327181 0.258246 -0.351395 -0.486886 -0.181516 -0.218123 0.034545 -0.161738 0.201386 0.006090 0.011838 -0.000002 0.311957 0.205583 0.416894 0.306733 0.233407 0.370262 -0.261475 -0.107894 0.250506 0.351142 -0.140381 -0.479836 -0.125233 -0.201098 -0.294744 -0.411575 -0.038443 -0.206316 -0.151895 -0.370323 -0.231841 0.065055 -0.292603 -0.285377 -0.321477 -0.023320 -0.353122 -0.241026 -0.329627 -0.359134 -0.147682 -0.061942 -0.384075 -0.076826 -0.364201 -0.316106 0.032077 -0.059335 -0.147030 -0.340361
0.199695 -0.104954 0.437930 -0.086534 0.145951 0.074947 0.319574 0.394784 0.150207 0.046686 0.565095 0.477517 1.000000 0.505653 0.123278 0.308508 0.228875 0.074877 -0.174159 -0.523046 0.063385 0.101633 -0.349535 -0.508446 -0.067846 -0.088719 0.017044 -0.248214 0.078348 0.159725 0.083415 -0.191876 0.447673 0.289673 -0.013101 -0.178710 -0.041849 -0.145409 -0.008414 -0.081083 0.033421 0.058841 -0.500170 -0.403722 -0.306632 -0.424615 -0.192237 -0.384600 -0.047321 -0.100714 0.474326 0.189605 -0.039692 -0.153585 -0.146677 -0.097216 0.018756 -0.047348 0.290672 -0.028695 0.649389 0.597738 0.344692 0.473389 0.419555 0.363770 -0.046682 -0.280422 -0.288109 -0.182788 -0.098117 -0.074326 0.148711 -0.091441 0.044306 -0.171391 -0.015003 -0.185263 0.117732 0.073390 0.157516 0.064503 -0.310575 -0.287174 -0.118063 0.006088 -0.220458 -0.322421 -0.121182 -0.082196 -0.276854 -0.354426 -0.155296 -0.049188 -0.008785 -0.252801 0.073009 0.159138 -0.218280 -0.100670 -0.196679 0.175945 -0.127321 -0.027773 -0.193235 -0.327398 -0.205322 0.031298 -0.205569 -0.118305 -0.249743 -0.076643 0.068650 -0.090184 -0.212130 -0.263642
0.475140 0.317171 0.121794 -0.395664 -0.216382 0.150095 -0.140273 0.094074 -0.082013 -0.034198 0.681306 0.720080 0.505653 1.000000 -0.129507 0.176944 0.614284 0.653882 -0.188887 -0.240510 -0.186929 0.167475 -0.400033 -0.517651 -0.115939 0.142932 -0.221283 -0.163999 0.170811 0.596929 -0.150053 -0.188922 0.466573 0.374810 -0.257856 -0.186903 0.088743 0.244774 -0.145790 -0.182772 0.002470 0.350835 -0.478508 -0.446654 -0.461980 -0.645512 -0.005515 -0.347372 0.102241 -0.029386 0.191507 0.304117 0.289634 -0.159757 0.189980 0.105214 0.288491 0.253117 0.089369 0.112991 0.282482 0.271392 0.512708 0.591118 0.004107 -0.091415 -0.320111 -0.558659 -0.187368 -0.221262 0.060178 -0.158080 0.448502 0.260638 0.269880 0.135367 0.288248 0.202522 0.529652 0.489821 0.501060 0.583874 -0.311712 -0.075153 0.263403 0.408584 -0.185538 -0.480809 -0.369792 -0.217014 -0.246885 -0.449590 -0.364249 -0.443255 -0.051274 -0.464813 -0.012940 0.041698 0.030338 -0.120311 -0.288229 -0.227772 -0.335814 -0.256097 -0.233265 -0.405299 -0.234514 0.089541 -0.441360 -0.021963 -0.433812 -0.121757 0.201088 -0.187035 -0.355512 -0.490577
-0.288276 -0.323081 -0.200195 -0.207049 0.173804 0.036783 0.011048 -0.134351 -0.062574 -0.065109 -0.112830 -0.154540 0.123278 -0.129507 1.000000 0.553238 -0.074379 -0.070292 -0.193378 -0.283969 0.472609 0.224384 -0.311726 -0.214146 -0.187931 -0.083609 0.480212 0.210137 0.527377 -0.084754 0.017578 0.029775 -0.068746 -0.208293 0.100186 -0.245199 0.596618 -0.094561 0.330764 0.436643 0.712221 -0.136472 -0.079855 -0.212938 -0.288783 -0.164311 -0.422151 -0.246371 -0.075184 0.022252 0.176082 0.044374 -0.573211 0.205918 -0.392867 0.096310 -0.279174 -0.293627 0.154922 -0.061296 0.116447 0.223670 -0.033758 -0.088168 0.221120 0.087637 0.180264 -0.085236 -0.066370 -0.063302 -0.068841 0.064224 0.219347 -0.142696 0.087784 -0.147422 -0.205368 -0.284743 -0.052542 -0.011235 0.157547 -0.065198 0.343620 0.308468 0.126816 0.022351 -0.059515 0.276972 0.253417 0.174423 -0.204534 -0.017788 0.164028 0.139386 0.260547 0.004956 -0.237048 0.245072 -0.387124 0.264220 0.109188 0.237826 -0.055516 0.014605 0.014850 0.188099 -0.230152 0.058495 -0.108722 0.048714 -0.047376 0.107385 -0.137023 0.336223 0.205714 0.102334
-0.104942 -0.128806 -0.085181 -0.190959 0.206199 0.347838 0.062773 -0.099647 0.073252 0.199731 0.155609 0.140336 0.308508 0.176944 0.553238 1.000000 0.046787 0.148787 -0.010171 -0.283336 0.235937 0.283753 -0.184805 -0.215978 0.179997 0.313006 0.289578 0.252132 0.230401 0.129392 0.234731 0.236058 0.062479 0.186204 0.198183 0.024428 0.334205 0.055109 0.257528 0.388431 0.294514 0.210327 -0.198642 -0.292538 -0.254385 -0.246823 -0.159850 -0.416515 -0.163867 -0.090966 0.177996 -0.086833 -0.210227 -0.134425 -0.305470 0.173747 -0.069487 -0.113379 -0.107385 -0.205224 0.009161 0.095198 0.013271 0.196280 0.233953 0.155485 -0.114295 -0.113180 -0.220274 -0.328774 -0.134150 0.023207 0.134510 0.125644 0.201461 0.069904 0.082164 0.015161 -0.020155 0.139869 0.101093 0.152224 0.294409 0.505937 0.311620 0.143266 0.091927 -0.083047 0.110806 0.126318 -0.216998 -0.363129 0.120813 -0.047666 0.100392 -0.264810 0.002237 0.036544 -0.243998 -0.169610 -0.334749 0.210358 -0.378033 -0.110142 -0.280576 -0.185004 -0.252193 -0.050410 -0.336964 -0.054505 -0.203613 0.004161 -0.038526 0.048152 -0.066554 -0.094028
0.437296 0.490612 0.051649 -0.504663 -0.303455 -0.003706 -0.320335 -0.224632 -0.155459 -0.060034 0.441374 0.382083 0.228875 0.614284 -0.074379 0.046787 1.000000 0.864921 -0.052024 -0.119648 -0.190949 0.161225 -0.506992 -0.594212 -0.133501 0.056420 -0.209360 -0.193486 0.467441 0.745017 -0.209951 -0.233557 0.464155 0.162715 -0.502291 -0.385014 0.209984 0.353653 -0.060467 0.013807 0.104868 0.331797 -0.332208 -0.385567 -0.352758 -0.618689 -0.003556 -0.252548 0.155431 -0.026677 0.026980 0.190048 0.188537 -0.142680 0.041797 0.237871 0.593548 0.523833 0.077028 0.122673 0.327525 0.078825 0.716903 0.557708 -0.139038 -0.473094 -0.139410 -0.530789 0.106204 -0.057359 -0.158198 -0.322938 0.594068 0.331713 0.319353 0.051855 0.219455 0.130778 0.821156 0.685310 0.738669 0.716516 -0.231221 0.211619 0.113998 0.201393 -0.172478 -0.391798 -0.545125 -0.364192 -0.389977 -0.465211 -0.322110 -0.634712 -0.043879 -0.354016 0.078346 0.128543 0.042624 0.116938 -0.379862 -0.251296 -0.343382 -0.153869 -0.112626 -0.341677 -0.367992 -0.000332 -0.394840 -0.104282 -0.335222 -0.082664 0.069025 -0.144785 -0.192922 -0.316659
0.466853 0.435356 -0.090222 -0.589998 -0.347564 0.121545 -0.435615 -0.371673 -0.251976 -0.210115 0.369532 0.413377 0.074877 0.653882 -0.070292 0.148787 0.864921 1.000000 -0.078320 -0.059279 -0.067570 0.399679 -0.475327 -0.544187 -0.074689 0.252914 -0.104815 0.047593 0.440161 0.790225 -0.161826 -0.062577 0.400069 0.115471 -0.424702 -0.289205 0.293110 0.430419 -0.000956 0.007817 0.125889 0.518240 -0.253871 -0.326833 -0.361553 -0.576587 0.117884 -0.213824 0.135264 0.061082 -0.040039 0.194840 0.256702 -0.065133 0.181109 0.287198 0.513270 0.456761 -0.022572 0.106964 0.176325 0.063131 0.639045 0.548424 -0.216831 -0.450379 -0.311477 -0.590143 0.044397 -0.160299 0.023196 -0.169617 0.573343 0.494670 0.351208 0.193348 0.254582 0.214295 0.745087 0.756864 0.748476 0.825561 -0.132450 0.260658 0.339547 0.399634 -0.041830 -0.405048 -0.422684 -0.349715 -0.318573 -0.502008 -0.291827 -0.663868 -0.109675 -0.473452 -0.003342 -0.044462 0.129257 0.003284 -0.427444 -0.286932 -0.502818 -0.306169 -0.253021 -0.472976 -0.358766 0.031413 -0.555756 -0.186471 -0.368751 -0.073671 0.080378 -0.231642 -0.328161 -0.461598
0.137966 0.048080 0.036529 0.322998 -0.266346 -0.007568 0.354872 0.172482 0.044948 0.089053 0.056873 0.072277 -0.174159 -0.188887 -0.193378 -0.010171 -0.052024 -0.078320 1.000000 0.272505 -0.280526 -0.221334 0.268863 0.199754 0.000953 0.075351 -0.205733 -0.011987 0.164961 0.020383 0.203828 0.350145 -0.148081 0.039273 0.114441 0.233094 -0.231166 -0.079145 -0.356684 -0.276571 -0.090952 -0.110126 0.316537 0.309154 0.280301 0.255948 0.308680 0.286621 -0.445083 -0.183727 -0.251471 -0.500166 0.068999 -0.238502 -0.148325 0.019863 -0.022614 -0.088247 -0.531044 -0.479985 -0.319260 -0.447581 -0.231522 0.013318 0.140329 -0.142923 -0.128075 0.153154 -0.053069 -0.119412 0.148829 0.030094 0.007849 0.310754 0.163524 0.457303 0.393581 0.368674 -0.033191 -0.070740 -0.225889 -0.107237 0.318903 0.321850 0.192018 -0.048906 0.006795 -0.055720 0.011241 -0.142886 -0.058921 -0.053338 0.048540 0.067735 -0.111422 0.099541 0.061359 -0.172108 0.083301 -0.214670 0.036146 -0.184458 0.066825 -0.076250 0.004381 0.152738 -0.088129 -0.300410 0.040097 0.074511 0.346826 0.100733 -0.215150 0.004207 0.030900 -0.006451
-0.088662 0.193478 -0.221530 0.040927 -0.056338 -0.047474 -0.180104 -0.125445 -0.036043 -0.040188 -0.174076 -0.138830 -0.523046 -0.240510 -0.283969 -0.283336 -0.119648 -0.059279 0.272505 1.000000 -0.158522 -0.289470 0.134670 0.320762 0.048322 -0.033714 -0.088906 -0.028205 -0.216713 -0.224414 -0.191713 -0.109677 -0.308695 -0.077618 -0.174407 -0.060523 -0.234339 0.062837 -0.193373 -0.179056 -0.273871 -0.077343 0.156533 0.073369 0.122128 0.165303 0.001017 0.042078 -0.072049 -0.311339 -0.492614 -0.441012 -0.010532 -0.179775 -0.087051 -0.294370 -0.166698 0.034002 -0.140076 0.152820 -0.438696 -0.420286 -0.167818 -0.112897 -0.398271 -0.165126 0.177271 0.503982 0.169307 0.556341 0.261001 0.013263 -0.208608 0.114668 -0.200609 0.231693 -0.051313 0.144974 -0.190359 -0.186549 -0.130082 -0.132085 0.134596 0.016523 -0.105309 -0.216284 0.124071 -0.016710 -0.132168 0.110533 0.459108 0.501271 0.281991 0.132131 -0.184622 0.077370 -0.008980 -0.470809 0.098954 -0.281921 0.169026 0.150963 0.183109 0.410877 0.372055 0.015249 0.604375 -0.010997 0.232581 -0.221327 0.014527 -0.151229 -0.013712 0.084476 -0.006767 0.076454
-0.140269 -0.226421 -0.356425 -0.387931 0.058731 -0.317507 -0.351335 -0.385379 -0.478070 -0.588812 -0.257254 -0.242875 0.063385 -0.186929 0.472609 0.235937 -0.190949 -0.067570 -0.280526 -0.158522 1.000000 0.669754 -0.253574 -0.148420 -0.145814 -0.032843 0.665097 0.616479 0.256014 -0.072878 0.245461 0.267257 0.180118 -0.126974 0.252103 -0.083778 0.443049 -0.156562 0.622645 0.250274 0.480598 0.099887 -0.005968 0.113330 -0.124333 0.076882 -0.385062 0.013794 -0.060408 0.242842 0.076511 0.203758 -0.643884 0.495809 -0.090058 -0.285897 0.010820 0.012475 0.268106 0.182892 0.212788 0.322866 0.041943 -0.225640 0.028613 0.150030 0.138282 -0.021620 0.015409 0.104489 0.014715 0.372649 0.022552 -0.184990 -0.179260 -0.400436 -0.505932 -0.510533 -0.185713 0.111151 0.179226 -0.005527 0.221279 0.046611 0.127934 0.141020 0.113034 0.290620 0.241788 -0.165421 -0.083168 0.002004 -0.064090 -0.081463 0.023151 -0.137137 -0.174321 -0.127606 -0.193122 0.116529 0.123618 0.109829 -0.232347 -0.128356 0.028477 -0.120029 0.017513 0.000166 -0.251623 -0.122063 0.047665 0.248533 -0.096791 0.134158 -0.127972 -0.120542
0.260166 0.051184 -0.320388 -0.578997 -0.082703 0.114052 -0.417292 -0.570914 -0.401341 -0.539418 -0.012681 0.030638 0.101633 0.167475 0.224384 0.283753 0.161225 0.399679 -0.221334 -0.289470 0.669754 1.000000 -0.252228 -0.299367 0.055863 0.476377 0.525198 0.732496 0.226054 0.345791 0.220818 0.419082 0.287292 0.027679 0.129164 0.062424 0.400469 0.195530 0.461570 0.188068 0.276654 0.422035 -0.117076 0.005612 -0.215186 -0.150476 -0.012240 -0.044283 -0.030168 0.259184 0.100494 0.248686 -0.071313 0.325035 0.216813 0.009555 0.240280 0.188726 0.098095 0.037288 0.181883 0.297593 0.123686 -0.032047 0.001617 0.022379 -0.249465 -0.405601 0.068605 -0.192585 0.180964 0.358012 0.224439 0.190411 0.058832 -0.209008 -0.166775 -0.151553 0.174882 0.422786 0.401590 0.469875 0.055445 0.083643 0.496469 0.455242 0.215519 -0.028633 0.120376 -0.317573 -0.326308 -0.424533 -0.255360 -0.412898 0.009384 -0.443559 -0.209427 -0.120759 0.036153 -0.046707 -0.286104 -0.182045 -0.535765 -0.406581 -0.307144 -0.419271 -0.220431 -0.154375 -0.609957 -0.278176 -0.159285 0.176367 0.055942 -0.217501 -0.416949 -0.547800
-0.302684 -0.325198 0.343174 0.646936 0.243111 0.160596 0.486806 0.211830 0.375079 0.350026 -0.167309 -0.340658 -0.349535 -0.400033 -0.311726 -0.184805 -0.506992 -0.475327 0.268863 0.134670 -0.253574 -0.252228 1.000000 0.785929 0.334751 0.107994 -0.142260 -0.052534 -0.436078 -0.404116 0.507428 0.397551 -0.398874 0.013760 0.366557 0.471765 -0.412265 -0.007180 -0.199623 -0.026341 -0.337081 -0.251143 0.193482 0.245976 0.402630 0.453379 0.298852 0.163875 -0.091387 -0.171338 -0.046040 -0.250825 0.265814 -0.134840 0.076739 0.039965 -0.242074 -0.353219 -0.336056 -0.344587 -0.383339 -0.491163 -0.574352 -0.537631 0.144521 0.070471 -0.183111 0.442030 -0.103463 -0.087304 0.227074 0.277189 -0.359794 -0.090874 -0.088916 0.176765 0.021279 0.210757 -0.437966 -0.462051 -0.632025 -0.444429 0.122310 -0.035078 -0.070394 -0.349335 0.040805 0.340504 0.239568 0.195546 0.336045 0.252833 0.118927 0.418083 0.204030 0.420743 0.249830 -0.007026 0.278606 -0.040941 0.217151 0.030293 0.422386 0.185845 0.057930 0.410995 0.225636 -0.097778 0.509918 0.197497 0.287990 -0.062473 0.215260 -0.105691 0.230456 0.210631
-0.339297 -0.414757 0.070304 0.707949 0.107286 0.023625 0.226060 0.085267 0.181372 0.263666 -0.361208 -0.404174 -0.508446 -0.517651 -0.214146 -0.215978 -0.594212 -0.544187 0.199754 0.320762 -0.148420 -0.299367 0.785929 1.000000 0.121108 -0.017408 -0.110746 0.118488 -0.354577 -0.410689 0.202947 0.379368 -0.531303 -0.217274 0.314460 0.353427 -0.313861 0.061672 -0.165234 0.004858 -0.310439 -0.179086 0.386110 0.442966 0.327164 0.617767 0.081388 0.358030 -0.091907 0.013956 -0.284415 -0.258872 0.075350 0.081657 0.043236 0.033258 -0.382277 -0.429128 -0.324004 -0.141015 -0.576134 -0.413717 -0.554652 -0.528669 -0.111619 0.039904 -0.139285 0.540158 -0.013207 -0.075622 0.276216 0.305575 -0.370161 -0.088065 -0.150799 0.061657 -0.042814 0.150716 -0.476194 -0.432995 -0.537494 -0.408784 0.267150 0.103229 0.046604 -0.220212 0.179731 0.522309 0.404170 0.365845 0.466707 0.432638 0.133637 0.449961 0.209108 0.405921 0.021844 -0.154212 0.170066 -0.073054 0.315962 -0.030783 0.480840 0.183721 0.129172 0.411300 0.436196 -0.105781 0.444837 0.105788 0.194332 -0.096701 -0.042774 -0.009387 0.135816 0.278111
-0.184823 0.011966 0.181962 0.110993 0.602151 0.574282 0.171770 -0.045704 0.434780 0.440060 -0.045496 -0.101704 -0.067846 -0.115939 -0.187931 0.179997 -0.133501 -0.074689 0.000953 0.048322 -0.145814 0.055863 0.334751 0.121108 1.000000 0.596483 0.309397 0.111971 -0.500465 -0.223145 0.232137 0.017817 -0.255542 0.002040 -0.074282 0.100970 -0.173415 -0.154405 0.268805 0.209124 -0.314873 0.120541 -0.094079 -0.147749 0.131549 0.067366 0.208033 -0.192749 0.048300 -0.124841 -0.048432 -0.157574 0.389576 -0.049009 0.178191 -0.046301 -0.044074 -0.000439 -0.054992 -0.031678 -0.199667 -0.272390 -0.168280 -0.167169 -0.019256 -0.023172 0.049639 0.109683 0.058259 0.003796 -0.123545 -0.015667 -0.425967 0.030028 -0.130567 0.084682 -0.040331 -0.051607 -0.268250 -0.318297 -0.242375 -0.086430 0.032021 0.093286 -0.099970 -0.268917 0.259330 -0.199223 -0.048886 0.188854 0.142851 0.035445 0.249071 0.069286 -0.105931 0.050357 -0.088099 -0.265227 0.055241 -0.288297 -0.248605 0.279280 -0.210695 0.215993 0.008162 -0.049280 0.072185 -0.146432 0.070024 -0.301211 -0.171933 -0.197685 -0.028840 -0.105574 0.154922 0.110884
0.121694 0.016255 -0.116618 -0.218622 0.071318 0.707277 -0.151746 -0.385440 0.098052 0.135463 0.060650 0.084902 -0.088719 0.142932 -0.083609 0.313006 0.056420 0.252914 0.075351 -0.033714 -0.032843 0.476377 0.107994 -0.017408 0.596483 1.000000 0.265939 0.503326 -0.186502 0.249787 0.159507 0.334875 -0.196274 0.098592 0.092524 0.286159 0.078630 0.301854 0.091821 0.181781 -0.168535 0.415556 -0.021010 -0.072244 -0.079369 -0.040706 0.347496 -0.148998 -0.008419 -0.011888 0.059991 -0.116896 0.499455 -0.126152 0.319885 0.191181 -0.018484 -0.067605 -0.188436 -0.111374 -0.292022 -0.246736 -0.150805 -0.118264 -0.020215 -0.037247 -0.261408 -0.172282 -0.017357 -0.344500 0.166049 0.057660 -0.017667 0.323839 0.154439 0.119507 0.184397 0.226883 0.019143 0.060657 -0.016393 0.324957 -0.026300 0.201127 0.514481 0.334186 0.296140 -0.241190 0.117718 0.115603 -0.140072 -0.241861 -0.004299 -0.217799 -0.065019 -0.224044 -0.239840 -0.191897 0.151212 -0.340683 -0.360098 -0.169161 -0.331753 -0.157468 -0.173573 -0.237423 -0.102729 -0.179228 -0.341548 -0.368514 -0.233899 -0.011992 0.124195 -0.166955 -0.152507 -0.344870
-0.130922 -0.218775 -0.105218 -0.263108 0.555249 0.261432 -0.235023 -0.271991 0.060839 -0.121086 -0.149626 -0.271442 0.017044 -0.221283 0.480212 0.289578 -0.209360 -0.104815 -0.205733 -0.088906 0.665097 0.525198 -0.142260 -0.110746 0.309397 0.265939 1.000000 0.529368 0.027374 -0.164052 0.090033 0.032017 -0.010089 -0.073237 -0.044746 -0.082143 0.412696 -0.039100 0.649062 0.430943 0.298266 0.256702 0.014044 -0.056810 -0.127320 0.042490 -0.212178 -0.063545 -0.032876 0.070435 -0.180853 -0.037742 -0.351839 0.371032 0.074989 -0.117821 -0.137236 -0.021661 0.250938 0.117289 0.029322 0.061736 -0.036812 -0.142406 -0.048868 0.006892 0.131510 0.018573 -0.077284 0.086878 0.099912 0.158537 0.002043 -0.090620 -0.182268 -0.195534 -0.392426 -0.379458 -0.296739 -0.155783 0.044884 -0.053379 0.162180 0.076160 -0.010234 -0.075615 0.362806 0.145388 0.044745 -0.052435 0.024165 0.018476 0.241176 -0.000609 -0.075364 -0.123675 -0.322909 -0.288626 -0.043359 -0.001637 -0.049952 0.322436 -0.284679 0.046703 0.029669 -0.134503 0.073949 -0.126953 -0.200981 -0.321842 -0.147363 0.113664 -0.068942 0.107485 -0.007554 -0.175192
0.017370 -0.049173 -0.579107 -0.342341 -0.120352 0.072897 -0.452896 -0.664797 -0.486221 -0.463198 -0.320305 -0.177446 -0.248214 -0.163999 0.210137 0.252132 -0.193486 0.047593 -0.011987 -0.028205 0.616479 0.732496 -0.052534 0.118488 0.111971 0.503326 0.529368 1.000000 0.076355 0.085359 0.144522 0.559760 -0.099910 -0.177433 0.307122 0.300790 0.369538 0.214594 0.461248 0.270302 0.234117 0.404907 0.324075 0.393785 0.033842 0.284327 0.094726 0.255544 -0.147657 0.295098 -0.206309 -0.037244 -0.148919 0.369181 0.208379 -0.038625 -0.014164 0.075346 -0.141281 -0.014807 -0.329046 -0.031299 -0.273829 -0.337449 -0.177289 0.021641 -0.200258 -0.112543 0.239175 -0.110401 0.154874 0.359681 -0.005798 0.162346 -0.018640 -0.148762 -0.166511 -0.121818 -0.055548 0.225850 0.162879 0.314115 0.382232 0.211445 0.637121 0.506189 0.443832 0.188720 0.453452 -0.011177 -0.122356 -0.148258 -0.202676 -0.266750 0.013317 -0.280918 -0.326208 -0.273438 0.020632 -0.157571 -0.037084 -0.294178 -0.358691 -0.323259 -0.108062 -0.188219 0.026597 -0.260892 -0.421248 -0.298947 0.069313 0.263499 -0.151661 0.051847 -0.324099 -0.384717
0.099647 -0.098300 -0.255755 -0.357837 -0.461301 -0.330831 -0.215048 -0.284423 -0.451862 -0.350154 0.104761 0.073957 0.078348 0.170811 0.527377 0.230401 0.467441 0.440161 0.164961 -0.216713 0.256014 0.226054 -0.436078 -0.354577 -0.500465 -0.186502 0.027374 0.076355 1.000000 0.582402 -0.023098 0.133347 0.331922 -0.139784 -0.084786 -0.287222 0.622373 0.250130 -0.018610 0.165660 0.606897 0.143874 0.047109 -0.077641 -0.373957 -0.294235 -0.275651 0.025099 -0.155153 0.111825 0.063492 0.126818 -0.452840 0.251920 -0.220022 0.299670 0.141105 0.058625 -0.024791 -0.083545 0.145533 0.126917 0.390479 0.282094 0.050529 -0.296226 -0.066122 -0.358130 -0.138466 -0.230660 0.037512 -0.018765 0.761959 0.334920 0.501677 0.132111 0.165593 0.023190 0.521311 0.535241 0.496132 0.368894 0.096453 0.392291 0.366556 0.349310 -0.325969 0.101173 -0.161100 -0.331989 -0.386566 -0.358822 -0.243056 -0.281808 0.164500 -0.146439 -0.127861 0.171192 -0.191606 0.305698 0.007779 -0.241777 -0.179147 -0.311207 -0.063082 0.046572 -0.490190 -0.098128 -0.342851 0.084183 -0.050610 0.178616 -0.100318 0.127067 0.041958 -0.142022
0.420277 0.174270 -0.052336 -0.466988 -0.519452 0.039976 -0.399025 -0.336315 -0.257853 -0.209166 0.375266 0.445523 0.159725 0.596929 -0.084754 0.129392 0.745017 0.790225 0.020383 -0.224414 -0.072878 0.345791 -0.404116 -0.410689 -0.223145 0.249787 -0.164052 0.085359 0.582402 1.000000 -0.030339 0.153019 0.507417 0.277790 -0.275567 -0.127507 0.278322 0.598261 -0.203122 -0.015657 0.067918 0.589290 -0.125192 -0.194817 -0.347786 -0.370472 0.068762 -0.088221 0.020253 0.126006 -0.012977 0.192557 0.243243 0.015355 0.108371 0.340697 0.427125 0.286232 -0.023339 0.029243 0.117125 0.060823 0.510499 0.450741 -0.146114 -0.366516 -0.366141 -0.507858 -0.090402 -0.403557 0.157964 -0.054538 0.746813 0.561161 0.500649 0.185757 0.395406 0.342639 0.773937 0.796664 0.598907 0.759720 -0.224781 0.273827 0.472499 0.494263 -0.098907 -0.311356 -0.354121 -0.463805 -0.378048 -0.582926 -0.357543 -0.579066 0.074915 -0.327717 -0.068211 0.082213 0.100408 0.028820 -0.411367 -0.431562 -0.339413 -0.399194 -0.306189 -0.384247 -0.365307 -0.138440 -0.476821 -0.101834 -0.294998 0.013870 0.074394 -0.207039 -0.204667 -0.429085
-0.239347 -0.301585 0.287175 0.133848 0.056172 0.003891 0.334947 0.034864 0.110573 -0.053176 -0.041741 -0.102262 0.083415 -0.150053 0.017578 0.234731 -0.209951 -0.161826 0.203828 -0.191713 0.245461 0.220818 0.507428 0.202947 0.232137 0.159507 0.090033 0.144522 -0.023098 -0.030339 1.000000 0.722192 -0.011138 0.336495 0.532715 0.287099 -0.151479 -0.090534 0.061205 0.035271 0.089068 -0.064455 -0.041381 0.138052 0.283448 0.256096 0.097852 -0.086792 -0.349851 -0.169684 0.285198 -0.163161 -0.058751 -0.192776 -0.309900 -0.207990 -0.089959 -0.270262 -0.187027 -0.493151 0.062993 -0.174065 -0.315774 -0.376977 0.385803 0.182918 -0.184553 0.217529 -0.127310 -0.211088 0.136441 0.586971 -0.106617 -0.002686 0.023252 0.152552 -0.053824 0.047751 -0.211075 -0.054690 -0.354062 -0.208584 0.189571 0.065181 0.076854 -0.216926 -0.044597 0.042205 0.251855 -0.208397 -0.120398 -0.069587 0.005760 0.257982 0.341184 0.216186 0.228021 0.057319 -0.076963 -0.005002 -0.027709 0.112637 0.048947 0.008771 -0.136028 0.095387 -0.139680 -0.120614 0.253325 0.072437 0.338529 0.124210 0.049255 0.023694 0.183407 -0.045570
-0.126899 -0.252200 -0.139633 0.091323 -0.334105 -0.014048 0.049126 -0.284620 -0.227228 -0.241592 -0.220875 -0.105885 -0.191876 -0.188922 0.029775 0.236058 -0.233557 -0.062577 0.350145 -0.109677 0.267257 0.419082 0.397551 0.379368 0.017817 0.334875 0.032017 0.559760 0.133347 0.153019 0.722192 1.000000 -0.109991 0.159549 0.597233 0.437495 0.040590 0.172226 0.040123 0.062579 0.174701 0.125132 0.311240 0.468379 0.299759 0.465079 0.193871 0.258144 -0.468377 0.065913 0.043948 -0.225271 -0.017731 -0.013841 -0.150484 -0.026389 -0.137332 -0.220126 -0.484177 -0.530057 -0.323248 -0.231604 -0.418043 -0.385452 0.144002 0.072353 -0.366586 0.133109 0.050314 -0.373149 0.229686 0.671512 -0.009163 0.269202 0.147991 0.183695 0.100783 0.197071 -0.072035 0.200259 -0.177989 0.091895 0.431260 0.292874 0.582142 0.250624 0.173688 0.141585 0.501166 -0.167039 -0.174140 -0.165554 -0.141799 0.033901 0.358139 0.064118 0.004357 -0.026068 -0.003757 -0.095083 -0.069100 -0.283969 -0.069202 -0.290745 -0.275360 -0.000124 -0.146880 -0.205805 -0.016524 0.084530 0.369069 0.279690 -0.152166 0.013067 -0.072196 -0.221906
0.394583 0.316345 0.075445 -0.438754 -0.185697 -0.318630 -0.166454 -0.039780 -0.243995 -0.300310 0.313630 0.402809 0.447673 0.466573 -0.068746 0.062479 0.464155 0.400069 -0.148081 -0.308695 0.180118 0.287292 -0.398874 -0.531303 -0.255542 -0.196274 -0.010089 -0.099910 0.331922 0.507417 -0.011138 -0.109991 1.000000 0.471338 -0.224147 -0.249256 0.065713 -0.005176 -0.001862 -0.129100 0.086187 0.233611 -0.422217 -0.298977 -0.313447 -0.438458 -0.245234 -0.203482 0.174173 0.209107 0.162792 0.453077 -0.050807 0.177320 -0.013718 -0.115448 0.475253 0.454621 0.404596 0.279550 0.563189 0.492942 0.569369 0.517058 -0.001299 -0.036240 0.108455 -0.399569 -0.047125 0.049117 -0.194453 -0.032239 0.418454 -0.011737 0.003135 -0.249142 -0.076835 -0.165711 0.515227 0.530441 0.500674 0.439855 -0.281963 -0.054528 -0.020783 0.205226 -0.230305 -0.273372 -0.435701 -0.675814 -0.333368 -0.596343 -0.315103 -0.416245 -0.254009 -0.385256 0.016290 -0.028617 -0.088021 -0.038521 -0.368009 -0.135191 -0.402215 -0.320344 -0.248371 -0.425261 -0.343701 -0.118078 -0.421107 -0.030336 -0.264809 -0.119377 0.058834 -0.371257 -0.232939 -0.360177
0.105463 0.122756 0.359568 -0.087427 -0.002820 0.157727 0.101997 0.220310 0.276692 0.194918 0.426567 0.472965 0.289673 0.374810 -0.208293 0.186204 0.162715 0.115471 0.039273 -0.077618 -0.126974 0.027679 0.013760 -0.217274 0.002040 0.098592 -0.073237 -0.177433 -0.139784 0.277790 0.336495 0.159549 0.471338 1.000000 -0.017473 0.089558 -0.271762 0.075892 -0.183599 -0.092298 -0.139706 0.119340 -0.422928 -0.321145 -0.099062 -0.147826 -0.082056 -0.402168 -0.148136 -0.237891 0.154708 -0.055515 0.220819 -0.342844 -0.286276 -0.295517 0.089392 0.066268 0.118870 -0.107326 0.221960 0.055919 0.054830 0.268760 0.232781 0.244806 -0.046109 0.110401 -0.188208 -0.012591 0.039955 0.212340 0.035173 -0.050151 -0.096652 0.018389 0.116323 0.262653 0.091121 0.084952 -0.097536 0.084329 -0.189542 0.021773 -0.073449 -0.052934 -0.051452 -0.339263 -0.244589 -0.356503 -0.171412 -0.302811 0.051712 -0.111277 -0.041002 -0.114097 0.076815 0.057329 -0.206577 -0.328759 -0.447203 0.103555 -0.244360 -0.060174 -0.295615 -0.331050 -0.057681 0.078466 0.032701 0.108787 -0.131313 -0.197260 0.122045 -0.169736 0.006438 -0.196596
-0.231159 -0.358580 -0.167306 0.171354 -0.106333 -0.101429 0.154867 -0.045766 -0.151130 -0.169980 -0.270506 -0.231113 -0.013101 -0.257856 0.100186 0.198183 -0.502291 -0.424702 0.114441 -0.174407 0.252103 0.129164 0.366557 0.314460 -0.074282 0.092524 -0.044746 0.307122 -0.084786 -0.275567 0.532715 0.597233 -0.224147 -0.017473 1.000000 0.679520 -0.042050 -0.056183 0.104129 0.049818 0.114639 -0.197903 0.261556 0.402355 0.327048 0.412483 0.168776 0.163369 -0.404317 -0.090248 0.312686 -0.134398 -0.247014 -0.103303 -0.047495 -0.056973 -0.359927 -0.431084 -0.324671 -0.439671 -0.157171 -0.072479 -0.431316 -0.459420 0.306405 0.358636 -0.173813 0.238299 -0.155803 -0.326011 0.014122 0.456417 -0.201923 -0.066827 0.032086 0.038543 0.029066 0.132448 -0.408059 -0.188666 -0.480569 -0.342304 0.280772 -0.046091 0.265746 0.158687 -0.007947 0.289967 0.593086 0.171827 -0.008194 0.065510 -0.138596 0.341882 0.353212 0.188822 0.226459 0.131571 -0.011005 0.021881 0.217847 -0.108278 0.191009 -0.165531 -0.064636 0.258246 -0.042662 -0.072732 0.182787 0.254020 0.496725 0.344738 0.159814 0.113626 0.051696 0.007182
-0.091084 -0.192499 -0.062765 0.190931 -0.032580 0.158046 0.030488 -0.109386 0.032693 0.081987 -0.248899 -0.145219 -0.178710 -0.186903 -0.245199 0.024428 -0.385014 -0.289205 0.233094 -0.060523 -0.083778 0.062424 0.471765 0.353427 0.100970 0.286159 -0.082143 0.300790 -0.287222 -0.127507 0.287099 0.437495 -0.249256 0.089558 0.679520 1.000000 -0.076321 0.223331 0.047088 0.134687 -0.142318 0.091726 0.357045 0.329918 0.393492 0.421032 0.423842 0.196082 -0.362524 -0.203501 0.009120 -0.285961 0.119479 -0.174574 0.258157 0.121924 -0.273100 -0.261393 -0.417572 -0.438920 -0.412249 -0.355919 -0.440231 -0.368365 0.000448 0.091927 -0.271333 0.233964 -0.114618 -0.356735 0.107236 0.244802 -0.174876 0.135200 0.141468 0.204619 0.282611 0.426217 -0.289966 -0.178155 -0.435328 -0.166780 0.125676 -0.089780 0.256444 0.146943 0.091335 0.141713 0.337992 0.186182 0.154555 0.051512 -0.034407 0.202020 0.179589 0.208677 0.356486 0.025349 0.280833 -0.096117 0.099358 -0.181842 0.142154 -0.147130 -0.058001 0.189748 0.083660 -0.161486 0.115907 0.175870 0.457873 0.259357 0.296009 -0.111381 0.023178 -0.078975
