1.000000 0.318032 0.687101 0.287288 0.102122 0.107483 0.340061 0.126120 0.542894 -0.030549 0.751838 0.452238 0.486527 -0.145813 0.705897 0.387065 -0.176791 -0.339419 0.696894 0.164918 -0.213272 -0.202523 0.381205 -0.165415 -0.068047 -0.056255 -0.199178 -0.266311 0.241516 -0.185342 0.322600 0.138417 0.019910 0.408564 -0.087653 0.095891 -0.345592 -0.275058 -0.517146 -0.458592 -0.434043 -0.414508 -0.214070 -0.328720 -0.243431 -0.315107 -0.361904 -0.411129 -0.256963 -0.012417 0.326367 -0.129962 -0.482276 -0.199265 -0.484372 -0.268935 -0.036178 -0.215208 -0.015851 0.274710 -0.096772 -0.071166 -0.215167 -0.215592 0.563912 0.202491 -0.166686 -0.088166 0.336807 -0.063444 -0.262257 -0.226853 -0.076010 -0.207731 -0.008198 0.093145 -0.019062 -0.085212 -0.191274 -0.208062 -0.371964 -0.319219 0.391696 0.255313 -0.012381 -0.276337 0.003748 -0.192553 0.360599 -0.455317 -0.146333 0.071582 0.061819 0.416103 0.079712 -0.098165 -0.288290 -0.061927 -0.303911 -0.323113 0.165935 0.077612 0.030203 -0.068354 0.092302 -0.025243 -0.069379 0.033436 0.109079 0.156268 -0.191215 -0.296684 -0.131806 -0.072439 -0.046666 -0.050685
0.318032 1.000000 0.361497 0.461767 0.017054 0.027679 0.111474 0.466011 0.544079 0.557465 0.240560 0.643556 0.205194 0.167287 0.217618 0.446062 -0.090263 -0.111543 0.379373 0.246937 -0.426960 -0.213490 0.055762 -0.038679 0.043395 -0.166772 -0.236697 -0.235456 -0.082694 -0.118490 -0.075631 -0.257751 -0.085757 0.143746 -0.248714 -0.228837 -0.355983 -0.309984 -0.451837 -0.357282 -0.402085 -0.536798 -0.485035 -0.205143 -0.183244 0.017098 -0.525348 -0.385779 -0.008550 -0.111181 0.204114 0.213113 -0.197731 -0.497882 -0.467614 -0.516014 -0.151172 -0.196668 0.427330 0.109279 0.142667 0.342583 0.021767 0.045449 0.669782 0.706829 -0.351159 0.048199 0.111485 0.051745 -0.434280 -0.417039 -0.195102 -0.430063 -0.368073 -0.309748 -0.264417 -0.319374 -0.040749 -0.098579 -0.100796 -0.174588 -0.024350 0.162009 -0.004327 0.138204 -0.159591 -0.179675 0.365217 -0.186096 -0.045549 -0.014021 0.271625 0.002114 -0.292209 -0.081522 -0.508624 -0.382730 -0.359401 -0.423043 0.216364 -0.043308 0.014439 -0.098880 0.107293 -0.238235 0.027992 -0.078631 0.104574 -0.257487 -0.437966 -0.335970 -0.064134 -0.082136 -0.264196 0.003515
0.687101 0.361497 1.000000 0.452930 0.147858 0.280995 0.427200 0.351093 0.555482 0.061961 0.355512 0.216598 0.167273 -0.332706 0.585969 0.356939 -0.563093 -0.620457 0.689694 -0.132828 0.005036 0.131528 0.519035 -0.110368 0.115380 0.262500 0.079631 0.038125 -0.085509 -0.403300 0.542794 0.431285 0.063456 0.330382 -0.110409 0.321270 -0.511726 -0.311413 -0.499856 -0.233135 -0.345600 -0.403107 -0.268131 -0.180632 -0.140392 -0.141051 -0.425005 -0.277657 -0.141224 -0.162143 0.594207 0.063172 -0.483647 -0.332926 -0.516980 -0.302531 -0.477107 -0.460595 0.080081 0.338241 -0.331162 -0.167801 -0.438388 -0.370563 0.583514 0.077189 0.098031 0.172617 0.104604 -0.223499 -0.348498 -0.072410 -0.358164 -0.446676 -0.260066 -0.141158 -0.229625 -0.168906 -0.398824 -0.289029 -0.555074 -0.512407 0.269862 -0.058911 -0.218954 -0.412975 0.006218 -0.086081 0.491767 -0.394380 -0.214943 0.135634 0.242992 0.544286 0.065674 -0.087020 -0.126370 -0.079784 -0.321363 -0.420300 0.250982 0.291918 0.170810 0.070044 0.174298 0.008465 0.078822 0.067300 0.055062 -0.023186 -0.036940 -0.240992 -0.081024 0.037096 0.009531 0.118166
0.287288 0.461767 0.452930 1.000000 0.031420 0.486415 -0.231814 0.383974 0.462960 0.481178 0.230848 0.572458 0.018959 -0.090826 0.420971 0.736030 -0.270062 -0.371288 0.562670 0.111269 -0.142452 0.100785 0.361037 0.382417 0.096162 0.376562 0.070384 0.214956 0.070257 -0.236407 0.234552 0.190431 -0.137031 0.060149 -0.242762 -0.045028 -0.346721 -0.222911 -0.312006 -0.287387 -0.191793 -0.326676 -0.529772 -0.377729 -0.600556 -0.327590 -0.422810 -0.474321 -0.419420 -0.313589 0.151065 -0.007986 -0.354576 -0.446555 -0.370928 -0.456617 -0.325055 -0.337222 0.149860 0.041455 -0.181260 -0.005768 -0.128366 -0.188371 0.546232 0.080844 -0.349216 -0.063819 -0.019271 -0.028038 -0.184828 -0.235665 -0.304724 -0.391755 -0.136918 -0.047145 -0.243941 -0.290623 -0.213098 -0.293507 -0.271484 -0.397531 0.241654 0.146615 0.150137 0.148836 -0.064441 0.101692 0.418797 0.044106 -0.267231 -0.108210 0.519543 0.275482 -0.218209 -0.222639 -0.468444 -0.538801 -0.486558 -0.547431 0.227314 0.249088 0.118885 -0.096096 0.319314 -0.136192 0.002696 0.012401 -0.117903 -0.260896 -0.446104 -0.391610 0.006208 -0.046369 0.015884 0.218892
0.102122 0.017054 0.147858 0.031420 1.000000 0.391319 0.001875 0.092301 0.279816 0.169341 -0.059784 -0.059300 0.029085 0.034536 0.029188 0.072890 -0.401353 -0.341459 0.076646 -0.215018 0.072870 0.197922 0.190926 -0.004126 0.138271 0.182491 0.335401 0.163227 -0.222976 -0.220838 0.079700 0.234622 -0.210448 -0.140341 -0.138196 0.158926 -0.157888 0.167169 0.079621 0.103547 -0.013724 -0.012036 -0.091395 0.050396 0.039471 0.187511 0.000114 0.165113 0.091911 -0.014584 0.239984 0.237383 -0.228741 -0.167248 -0.010877 -0.014425 -0.235138 -0.411838 0.025578 0.141254 0.062713 -0.127165 -0.276014 -0.277482 0.215072 0.146116 0.031337 0.170155 -0.145334 0.080647 0.106591 0.156295 -0.199388 -0.219497 -0.271884 0.012178 0.078434 0.106057 -0.169214 -0.202778 -0.254750 -0.084596 -0.074074 -0.367761 -0.356268 -0.296998 0.078176 -0.272347 0.212089 -0.104143 0.061448 0.173307 0.083645 0.232271 0.029448 0.173858 0.191287 0.027898 -0.063245 -0.205411 0.146878 -0.139453 -0.137250 -0.072877 -0.113818 -0.059760 0.020929 -0.013229 0.016177 0.193088 0.155559 -0.051297 -0.070497 0.126981 0.205336 0.051687
0.107483 0.027679 0.280995 0.486415 0.391319 1.000000 -0.351253 0.286052 0.354710 0.414614 0.171068 0.120353 -0.176321 -0.271819 0.373621 0.413297 -0.294527 -0.582455 0.378963 -0.101720 0.002754 0.061354 0.216879 0.294541 -0.049621 0.279424 0.363430 0.147527 -0.167486 -0.446409 0.263779 0.302404 -0.192813 -0.147857 -0.280787 0.083694 -0.278037 -0.219581 -0.125260 -0.104089 -0.062383 -0.036879 -0.081602 -0.167111 -0.190296 -0.178406 0.069104 -0.003061 -0.162382 -0.027506 0.215911 0.170245 -0.033176 0.009351 -0.115114 0.003328 -0.266236 -0.469767 -0.112140 0.015549 -0.213602 -0.381040 -0.373409 -0.343166 0.243266 -0.170653 -0.157970 -0.188770 -0.191889 -0.038515 -0.053442 -0.194234 -0.370349 -0.207819 -0.142106 0.034888 -0.195068 -0.212494 -0.184676 -0.297675 -0.285544 -0.309852 0.202046 -0.060769 0.029148 -0.279028 0.076425 -0.136309 0.483986 0.186585 -0.001523 0.246941 0.621551 0.550212 -0.102816 -0.059197 -0.045282 -0.118513 -0.133280 -0.107962 0.178282 0.033383 -0.193747 -0.138126 -0.079108 -0.067749 -0.097725 -0.034661 -0.112091 -0.052481 -0.188023 -0.171246 0.244961 -0.056181 0.227651 0.163743
0.340061 0.111474 0.427200 -0.231814 0.001875 -0.351253 1.000000 0.372942 0.212285 -0.223258 -0.041287 -0.219764 0.209308 -0.025075 -0.006720 -0.236349 -0.323743 -0.015332 0.087854 -0.084701 0.025953 0.076394 -0.061949 -0.355231 0.030957 -0.124475 -0.186080 -0.304477 0.074249 0.194286 0.255431 0.238174 0.263620 0.212940 0.022888 -0.036250 -0.186061 -0.093424 -0.161619 0.043577 -0.024978 -0.043012 -0.022372 -0.083660 0.139483 -0.067921 -0.230808 -0.191551 -0.006440 0.017129 0.089247 -0.192835 -0.117481 0.047223 -0.035867 0.065068 -0.214962 -0.222493 0.051892 0.333089 -0.091208 0.007173 -0.100463 -0.203618 0.154302 0.174747 0.324941 0.060078 0.422138 -0.106487 0.055159 0.251745 0.200497 0.104022 0.046544 0.046221 0.034474 0.093197 -0.334050 -0.078801 -0.316707 -0.238500 -0.152494 -0.059281 -0.441000 -0.372317 0.050917 -0.321914 -0.258867 -0.400824 0.043643 0.093485 -0.201380 0.178930 0.124378 0.189765 0.137076 0.206661 0.157104 0.015799 0.229002 0.012285 0.085719 0.312139 -0.097222 0.182818 -0.044337 0.008193 0.200390 -0.010951 0.049549 0.002108 0.005401 -0.005175 -0.123725 0.026836
0.126120 0.466011 0.351093 0.383974 0.092301 0.286052 0.372942 1.000000 0.530410 0.489703 -0.003040 0.137693 -0.060291 0.000595 0.086054 0.260738 -0.391580 -0.149919 0.328776 0.025497 -0.134535 0.007389 -0.144688 0.088819 -0.020730 -0.022005 0.008351 -0.339444 0.082644 0.075941 0.335439 0.357854 0.049640 0.130076 -0.394518 -0.178045 -0.434770 -0.435982 -0.298141 -0.153884 -0.110588 -0.162464 -0.444498 -0.466353 -0.246135 -0.311590 -0.308984 -0.474952 -0.315160 -0.121991 -0.102589 -0.232014 0.012656 -0.165040 -0.294606 -0.185635 -0.443406 -0.551129 0.055007 0.141618 -0.105028 -0.042377 -0.203174 -0.323419 0.384588 0.281481 -0.079357 -0.242082 0.267241 -0.113042 -0.158081 0.003355 0.002410 -0.261888 -0.246867 -0.118601 -0.288976 -0.331348 -0.267382 -0.162507 -0.202714 -0.245368 -0.247246 0.117216 -0.124931 -0.291745 -0.220720 -0.464836 0.015076 -0.244429 0.031568 0.131170 0.343526 0.330432 -0.255821 0.009138 -0.273727 -0.236898 -0.080584 -0.257453 0.250036 0.079009 0.002886 0.225419 0.006858 0.003581 -0.082579 0.014879 -0.011307 -0.433297 -0.456221 -0.293751 0.237576 -0.103087 -0.080678 0.259782
0.542894 0.544079 0.555482 0.462960 0.279816 0.354710 0.212285 0.530410 1.000000 0.548846 0.458246 0.423839 0.090550 -0.082242 0.542619 0.481699 -0.309418 -0.299045 0.614776 0.192166 -0.406030 -0.273837 0.254277 0.154392 0.075109 -0.091197 -0.202051 -0.391635 0.099827 -0.161522 0.370744 0.089392 -0.156034 0.134223 -0.353245 -0.083008 -0.560061 -0.454922 -0.373565 -0.412402 -0.375311 -0.457109 -0.376254 -0.454876 -0.291483 -0.330602 -0.295980 -0.453751 -0.354816 0.047473 0.202529 -0.072073 -0.181418 -0.140877 -0.458549 -0.200988 -0.297387 -0.349244 0.102741 0.291182 -0.034759 0.062669 -0.190988 -0.203807 0.694093 0.442277 -0.369815 -0.275136 0.199269 -0.043215 -0.265740 -0.401278 -0.139512 -0.400543 -0.184418 -0.067905 -0.266621 -0.407213 -0.163780 -0.042222 -0.340259 -0.291457 0.133723 0.264103 -0.042869 -0.263664 -0.104053 -0.211904 0.295124 -0.216647 0.092852 0.155466 0.345792 0.341923 -0.201973 -0.127897 -0.356832 -0.104450 -0.201258 -0.297906 0.084281 -0.037651 -0.041887 -0.025514 0.037635 -0.144800 -0.163070 -0.133231 0.101092 -0.185689 -0.471249 -0.364217 0.069263 -0.130521 -0.236512 0.090429
-0.030549 0.557465 0.061961 0.481178 0.169341 0.414614 -0.223258 0.489703 0.548846 1.000000 0.161369 0.464817 0.095814 0.210413 0.205071 0.586182 -0.105272 -0.059260 0.173574 0.138735 -0.401323 -0.271781 -0.001512 0.258911 -0.126792 -0.065691 -0.082022 -0.188123 0.074553 0.059266 0.050608 -0.136036 -0.155122 -0.101789 -0.436362 -0.257612 -0.224535 -0.338547 -0.204865 -0.252619 -0.196829 -0.328330 -0.444494 -0.344138 -0.347599 -0.191168 -0.306371 -0.280822 -0.108597 -0.041781 -0.038706 0.237349 -0.059850 -0.263591 -0.354843 -0.331052 -0.124953 -0.346447 0.194745 -0.086849 0.155790 0.123621 0.081628 -0.077822 0.503916 0.409689 -0.626961 -0.365025 -0.028966 0.238875 -0.247045 -0.301447 -0.088071 -0.422955 -0.341659 -0.271739 -0.304868 -0.388344 0.148417 0.112290 0.055599 -0.041206 0.117757 0.225995 0.080277 -0.001456 -0.232355 -0.194170 0.366101 0.110397 0.058431 0.036411 0.464628 0.042359 -0.336324 -0.129108 -0.444716 -0.394655 -0.258040 -0.332904 0.258022 -0.068787 -0.084292 -0.007416 0.118710 -0.257925 -0.035715 -0.108439 -0.039688 -0.326805 -0.487293 -0.301435 0.096147 -0.142860 -0.113819 0.188210
0.751838 0.240560 0.355512 0.230848 -0.059784 0.171068 -0.041287 -0.003040 0.458246 0.161369 1.000000 0.584221 0.527525 0.012731 0.728574 0.490182 0.159035 -0.092679 0.499740 0.354466 -0.405191 -0.443912 0.338171 0.048309 -0.269810 -0.243227 -0.325870 -0.378585 0.415225 -0.040985 0.116487 -0.119613 -0.077767 0.373038 -0.112984 -0.085437 -0.208852 -0.341972 -0.486861 -0.619209 -0.490486 -0.413519 -0.221128 -0.376838 -0.326065 -0.437893 -0.303132 -0.363417 -0.254847 0.053541 0.125785 -0.084283 -0.409122 -0.119127 -0.513860 -0.361329 0.248877 0.037371 -0.096700 0.169879 0.107504 0.052512 0.004421 0.080120 0.442440 0.193922 -0.481556 -0.325044 0.256027 0.133570 -0.447390 -0.404498 -0.099504 -0.275410 -0.106783 -0.027109 -0.097482 -0.172564 0.135391 0.114137 -0.014310 -0.021214 0.457022 0.513538 0.332067 -0.041785 -0.139649 -0.154307 0.351188 -0.357333 -0.094765 -0.004212 0.119586 0.238140 -0.036968 -0.071598 -0.405297 -0.129891 -0.337650 -0.259087 -0.048344 0.004347 -0.039561 -0.166503 0.115045 -0.033185 -0.087252 -0.077940 -0.003695 0.080055 -0.409590 -0.386687 -0.088708 -0.129626 0.004369 -0.110997
0.452238 0.643556 0.216598 0.572458 -0.059300 0.120353 -0.219764 0.137693 0.423839 0.464817 0.584221 1.000000 0.358955 0.294901 0.513703 0.764376 0.083753 -0.045279 0.429613 0.399386 -0.449461 -0.332963 0.078700 0.134903 -0.127893 -0.099061 -0.342569 -0.252432 0.309535 0.031163 -0.046460 -0.261323 -0.132340 0.265416 -0.105634 -0.158410 -0.219385 -0.187314 -0.393368 -0.519165 -0.370029 -0.477733 -0.497485 -0.437438 -0.439142 -0.298673 -0.335969 -0.464459 -0.333618 -0.219115 0.037896 -0.049538 -0.491943 -0.451111 -0.441593 -0.513577 0.042713 -0.038853 0.127955 0.118591 0.097957 0.287216 0.046198 0.050491 0.542182 0.484792 -0.590800 -0.153529 0.179218 0.202948 -0.338487 -0.414389 -0.162582 -0.321107 -0.152910 -0.157379 -0.126080 -0.217569 0.105566 -0.117754 -0.008505 -0.145586 0.359211 0.531871 0.234722 0.311077 -0.188184 0.030531 0.366059 -0.172392 -0.133273 -0.164443 0.294661 -0.051904 -0.198192 -0.177979 -0.564089 -0.392239 -0.505281 -0.491943 0.055321 0.029668 0.057362 -0.143001 0.219504 -0.275091 -0.050063 -0.006781 -0.063208 -0.116222 -0.478266 -0.448063 -0.135495 -0.047238 -0.181644 -0.061355
0.486527 0.205194 0.167273 0.018959 0.029085 -0.176321 0.209308 -0.060291 0.090550 0.095814 0.527525 0.358955 1.000000 0.552051 0.377043 0.401674 0.148283 0.063449 0.091377 0.019632 -0.227875 -0.162781 0.085139 -0.270387 -0.409870 -0.126932 -0.243276 -0.154701 0.521992 0.331819 -0.046828 -0.037472 0.262866 0.253587 -0.169873 -0.141896 0.147488 -0.010724 -0.305963 -0.209976 -0.133548 -0.162877 -0.368095 -0.238455 -0.250685 -0.237293 -0.532328 -0.247253 0.064544 -0.212887 -0.014330 -0.063233 -0.459455 -0.359205 -0.386626 -0.559560 0.294331 -0.028774 0.101911 0.032215 0.165920 0.186300 0.164708 0.005953 0.366319 0.247477 -0.360760 -0.169495 0.372617 0.189493 -0.189955 0.181987 0.250035 -0.088125 -0.123448 0.019721 0.036435 0.134801 0.020413 -0.064812 0.077460 0.038281 0.345590 0.319384 -0.110698 -0.096373 -0.060525 -0.248713 0.264591 -0.443465 -0.222923 -0.153925 -0.269020 -0.137616 0.012370 0.075827 -0.384287 -0.311763 -0.414914 -0.380246 0.109562 0.009621 0.097136 0.019991 0.228288 -0.007954 0.011586 -0.157752 0.081025 0.080903 -0.159365 -0.186728 -0.245338 0.034018 0.056607 -0.013726
-0.145813 0.167287 -0.332706 -0.090826 0.034536 -0.271819 -0.025075 0.000595 -0.082242 0.210413 0.012731 0.294901 0.552051 1.000000 -0.029669 0.339725 0.250027 0.413622 -0.351378 0.151643 -0.147690 -0.110086 -0.249217 -0.015688 -0.232240 -0.141046 -0.160332 -0.103087 0.448183 0.560369 -0.224074 -0.178979 0.244153 0.081595 -0.224509 -0.277004 0.286442 0.113462 0.083194 0.037101 0.178304 0.030822 -0.458595 -0.223544 -0.118372 -0.031321 -0.322892 -0.233964 0.050933 -0.262714 -0.355114 -0.121793 -0.186328 -0.320144 -0.036087 -0.380503 0.275182 0.107416 0.118346 -0.064744 0.294618 0.343593 0.274551 0.062333 0.067273 0.453670 -0.468339 -0.225859 0.309042 0.233086 0.073660 0.297849 0.361655 0.043179 -0.122151 -0.016071 0.065747 0.125164 0.108519 -0.048900 0.250267 0.173727 0.010089 0.303724 -0.214549 0.080884 -0.182241 -0.169764 -0.012330 -0.035525 -0.068885 -0.242478 -0.325156 -0.551446 -0.235213 0.067382 -0.332360 -0.281810 -0.265350 -0.266006 -0.105840 -0.115069 0.013480 -0.030692 0.140841 -0.137978 0.049185 -0.151197 0.041859 -0.095312 -0.216795 -0.236589 -0.282110 0.072325 -0.099519 -0.114383
0.705897 0.217618 0.585969 0.420971 0.029188 0.373621 -0.006720 0.086054 0.542619 0.205071 0.728574 0.513703 0.377043 -0.029669 1.000000 0.665412 -0.239000 -0.494209 0.626976 0.230228 -0.090214 -0.229028 0.521254 0.136249 -0.070677 0.085985 -0.036651 -0.086764 0.253008 -0.213652 0.447381 0.241197 -0.037136 0.351137 -0.142568 0.134098 -0.337603 -0.393423 -0.344468 -0.452258 -0.348805 -0.431356 -0.382413 -0.478787 -0.377282 -0.443632 -0.332305 -0.341069 -0.235810 -0.099022 0.271438 -0.030569 -0.383202 -0.132772 -0.486791 -0.269282 -0.193901 -0.286498 -0.064241 0.272126 -0.132997 -0.081881 -0.194354 -0.191191 0.461789 0.099358 -0.403621 -0.303908 0.167870 0.019920 -0.321683 -0.240700 -0.222937 -0.309501 -0.122814 -0.046585 -0.193708 -0.136877 -0.183266 -0.176561 -0.330620 -0.351772 0.708722 0.403502 0.155490 -0.250912 -0.044507 0.089003 0.552324 -0.206684 -0.125489 0.044694 0.268361 0.386839 -0.172192 -0.264595 -0.362155 -0.218067 -0.408999 -0.396601 -0.079634 0.119134 0.064837 -0.232909 0.186337 -0.255114 -0.106601 -0.159426 0.090062 0.154210 -0.271317 -0.432224 -0.062905 -0.126205 -0.091593 -0.133915
0.387065 0.446062 0.356939 0.736030 0.072890 0.413297 -0.236349 0.260738 0.481699 0.586182 0.490182 0.764376 0.401674 0.339725 0.665412 1.000000 -0.094821 -0.237290 0.434907 0.208551 -0.299845 -0.167322 0.242209 0.317927 -0.261930 0.121206 -0.130497 -0.035365 0.365102 0.075548 0.233499 0.119619 -0.060827 0.192054 -0.310461 -0.092104 -0.211343 -0.233051 -0.332742 -0.345733 -0.232409 -0.427582 -0.651545 -0.541660 -0.646227 -0.422206 -0.503160 -0.503714 -0.373485 -0.441069 0.011806 -0.039440 -0.491272 -0.488433 -0.494967 -0.620399 -0.115231 -0.345069 0.101379 0.056254 0.001396 0.097952 0.017757 -0.163370 0.566932 0.268843 -0.671937 -0.293018 0.128367 0.178410 -0.156982 -0.129262 -0.144685 -0.413951 -0.237138 -0.083011 -0.195245 -0.188914 -0.014090 -0.171348 -0.092975 -0.227650 0.507215 0.422223 0.116293 0.039521 -0.169708 -0.014201 0.555497 -0.107394 -0.241120 -0.101914 0.387795 0.137554 -0.298125 -0.202786 -0.593725 -0.545890 -0.613791 -0.644909 0.165242 0.144329 0.064110 -0.138640 0.344194 -0.272909 0.022951 -0.058265 -0.095214 -0.112020 -0.486585 -0.483174 -0.082963 0.002075 -0.104570 0.069052
-0.176791 -0.090263 -0.563093 -0.270062 -0.401353 -0.294527 -0.323743 -0.391580 -0.309418 -0.105272 0.159035 0.083753 0.148283 0.250027 -0.239000 -0.094821 1.000000 0.603421 -0.280929 0.469222 -0.378498 -0.550542 -0.379370 0.102270 -0.292278 -0.535714 -0.509114 -0.306624 0.326615 0.350764 -0.525895 -0.585489 0.117825 0.037639 0.155209 -0.409909 0.409309 0.097843 -0.105205 -0.215764 -0.041985 -0.087343 0.102357 0.060096 -0.039874 -0.009490 0.180464 0.050723 -0.058206 0.110644 -0.528828 -0.179592 0.271436 0.158393 0.132227 -0.015285 0.777971 0.618783 -0.008409 -0.267288 0.344630 0.269224 0.557725 0.562295 -0.199256 0.064925 -0.340871 -0.229675 0.056207 0.298698 0.044085 -0.205506 0.254975 0.325847 0.203721 0.238803 0.207750 0.092555 0.596895 0.389778 0.665461 0.544694 -0.073508 0.312098 0.376568 0.394829 0.014646 0.070355 -0.314083 0.119050 0.028485 -0.121699 -0.258123 -0.506167 -0.099837 -0.190398 -0.229046 -0.055747 0.071046 0.186194 -0.157187 -0.116936 -0.167741 -0.036196 -0.080226 0.007331 0.033402 -0.053057 -0.134878 0.021078 -0.182849 0.225037 -0.121908 -0.172293 -0.158612 -0.214700
-0.339419 -0.111543 -0.620457 -0.371288 -0.341459 -0.582455 -0.015332 -0.149919 -0.299045 -0.059260 -0.092679 -0.045279 0.063449 0.413622 -0.494209 -0.237290 0.603421 1.000000 -0.514190 0.264498 -0.257065 -0.329417 -0.521388 0.006236 -0.204490 -0.560752 -0.401992 -0.364160 0.357444 0.606964 -0.500876 -0.574811 0.142505 -0.064660 -0.020889 -0.518158 0.338860 0.109559 0.145257 0.018894 0.054112 0.104549 0.054119 0.071711 0.005293 -0.028821 0.062593 -0.148424 -0.088429 0.179543 -0.605289 -0.333926 0.217509 0.082244 0.203346 0.052193 0.560087 0.594124 -0.019752 -0.202709 0.420942 0.424913 0.575005 0.507812 -0.328865 0.123611 -0.201901 -0.210977 0.281039 0.323046 0.257396 -0.017267 0.446350 0.255757 0.126984 -0.036013 0.132867 -0.023150 0.481685 0.504449 0.652269 0.581451 -0.343169 0.309807 0.129797 0.399139 -0.308854 -0.084091 -0.653363 0.018762 0.109756 -0.134632 -0.347515 -0.566698 -0.081796 0.000734 -0.115225 0.067304 0.118978 0.203880 -0.132514 -0.049219 0.042968 0.096989 0.053101 0.108420 0.013108 -0.058861 -0.102181 -0.064315 -0.140350 0.032671 -0.049744 -0.046853 -0.075264 -0.039022
0.696894 0.379373 0.689694 0.562670 0.076646 0.378963 0.087854 0.328776 0.614776 0.173574 0.499740 0.429613 0.091377 -0.351378 0.626976 0.434907 -0.280929 -0.514190 1.000000 0.322580 -0.241609 -0.195017 0.491812 0.166542 0.054951 -0.012668 -0.048995 -0.186576 0.120736 -0.388389 0.481097 0.249720 0.021226 0.324104 -0.221906 0.030802 -0.536311 -0.425946 -0.474167 -0.546793 -0.439473 -0.430271 -0.331805 -0.488661 -0.385632 -0.428007 -0.268528 -0.494586 -0.425986 -0.001683 0.277306 -0.086051 -0.293285 -0.153468 -0.452642 -0.202531 -0.303160 -0.400845 0.081887 0.330563 -0.176105 -0.031573 -0.322348 -0.241373 0.677170 0.195586 -0.129381 -0.232407 0.149326 -0.207497 -0.282551 -0.318722 -0.200561 -0.347559 -0.063261 0.037996 -0.055877 -0.188549 -0.326929 -0.278016 -0.438320 -0.462277 0.296691 0.227550 0.234775 -0.176445 0.080915 0.012370 0.392090 -0.246846 -0.030740 0.228204 0.454178 0.577314 -0.026375 -0.217593 -0.456573 -0.207242 -0.281884 -0.276592 0.204641 0.290126 0.069855 -0.000599 0.061588 -0.197115 -0.073707 0.076045 0.180136 0.023768 -0.463767 -0.409291 -0.116192 -0.148103 -0.135615 -0.018214
0.164918 0.246937 -0.132828 0.111269 -0.215018 -0.101720 -0.084701 0.025497 0.192166 0.138735 0.354466 0.399386 0.019632 0.151643 0.230228 0.208551 0.469222 0.264498 0.322580 1.000000 -0.471353 -0.607596 0.021714 0.454293 -0.028979 -0.543862 -0.379110 -0.429508 0.299020 0.082819 -0.153510 -0.379605 -0.036731 0.326143 -0.025235 -0.422958 -0.154063 -0.295218 -0.314968 -0.589579 -0.293083 -0.453851 -0.285761 -0.295366 -0.282733 -0.232846 -0.120485 -0.362049 -0.409487 0.194473 -0.400707 -0.194693 0.027053 -0.052803 -0.123736 -0.053909 0.245594 0.139804 0.065377 0.130306 0.227624 0.243443 0.260008 0.300200 0.265681 0.442041 -0.466149 -0.369921 0.187413 0.264698 -0.123231 -0.361359 0.063383 -0.047353 0.067321 0.026237 0.073271 -0.073110 0.202652 0.133629 0.205033 0.054913 0.157708 0.478352 0.506047 0.255150 -0.164920 0.124476 -0.179661 0.084638 0.037039 0.172774 0.176733 -0.087549 -0.253345 -0.194692 -0.569976 -0.253269 -0.199140 -0.038426 -0.028786 0.065570 0.005205 -0.096981 0.056943 -0.265015 -0.003077 -0.029523 0.143815 0.204566 -0.582185 -0.324867 -0.216442 -0.407148 -0.190982 -0.260354
-0.213272 -0.426960 0.005036 -0.142452 0.072870 0.002754 0.025953 -0.134535 -0.406030 -0.401323 -0.405191 -0.449461 -0.227875 -0.147690 -0.090214 -0.299845 -0.378498 -0.257065 -0.241609 -0.471353 1.000000 0.668999 0.131572 -0.059421 0.352186 0.642737 0.642143 0.624185 -0.175221 -0.192741 0.259086 0.512424 0.064861 -0.029688 0.147696 0.468589 0.076454 0.254371 0.411911 0.542513 0.503167 0.524056 0.292847 0.224318 0.247598 0.223066 0.173270 0.344299 0.224048 -0.148191 0.221293 -0.030277 0.037132 0.125921 0.293402 0.274214 -0.315223 -0.112410 -0.313077 -0.135211 -0.426359 -0.446339 -0.450129 -0.414512 -0.540389 -0.516150 0.503339 0.171089 -0.049240 -0.354078 0.144428 0.410811 -0.061959 0.210584 0.052401 0.023513 0.048980 0.249962 -0.398237 -0.362625 -0.426818 -0.368983 0.068277 -0.387711 -0.431791 -0.402125 0.167143 0.264953 -0.051422 0.097298 0.032869 -0.125304 -0.078173 0.147618 0.399135 0.131449 0.551795 0.357098 0.267576 0.240344 -0.107469 0.148796 0.093064 -0.007965 -0.063626 0.134464 0.058650 0.201759 -0.017186 0.106456 0.552163 0.324540 0.229527 0.266825 0.270875 0.153030
-0.202523 -0.213490 0.131528 0.100785 0.197922 0.061354 0.076394 0.007389 -0.273837 -0.271781 -0.443912 -0.332963 -0.162781 -0.110086 -0.229028 -0.167322 -0.550542 -0.329417 -0.195017 -0.607596 0.668999 1.000000 0.190848 -0.135830 0.372464 0.733070 0.557678 0.739325 -0.236478 -0.224678 0.150678 0.465798 -0.001017 -0.211700 0.086552 0.361274 0.059150 0.374829 0.387704 0.579251 0.264453 0.496333 0.194970 0.290661 0.095589 0.224299 -0.044247 0.262551 0.237163 -0.370260 0.289887 0.086712 -0.135222 -0.148323 0.248310 -0.038947 -0.421680 -0.276515 -0.118887 -0.021084 -0.459463 -0.405184 -0.358306 -0.465997 -0.295576 -0.434584 0.459746 0.415159 -0.178997 -0.376523 0.091614 0.486246 -0.098833 0.003364 -0.016017 -0.000654 -0.069566 0.171112 -0.459341 -0.457013 -0.409627 -0.347122 -0.104064 -0.445269 -0.387378 -0.186169 0.146563 0.173616 0.048737 0.045978 -0.141518 -0.156506 -0.045177 0.164406 0.339749 0.322377 0.452577 0.190200 0.069391 0.050256 0.081955 0.073897 0.122526 0.002096 0.059925 0.292530 0.235973 0.207840 -0.002029 -0.049425 0.466895 0.140887 0.184880 0.298062 0.335090 0.368391
0.381205 0.055762 0.519035 0.361037 0.190926 0.216879 -0.061949 -0.144688 0.254277 -0.001512 0.338171 0.078700 0.085139 -0.249217 0.521254 0.242209 -0.379370 -0.521388 0.491812 0.021714 0.131572 0.190848 1.000000 0.186976 0.225606 0.316868 0.324445 0.397924 -0.117734 -0.481483 0.404572 0.274423 0.014131 0.163792 -0.053583 0.283096 -0.253170 -0.099145 -0.089406 -0.107796 -0.327421 -0.209803 -0.145347 -0.070213 -0.250579 -0.104203 -0.318964 -0.014327 -0.038352 -0.162468 0.524099 0.263110 -0.235408 -0.094061 -0.281358 -0.216141 -0.320728 -0.271583 0.018926 0.139448 -0.312133 -0.285264 -0.391307 -0.262664 0.327948 -0.074798 -0.033277 0.000936 -0.203696 -0.280126 -0.349618 -0.110432 -0.364252 -0.375676 -0.132724 -0.139197 -0.027709 -0.009000 -0.427985 -0.268700 -0.465460 -0.442358 0.392231 -0.110444 0.101029 -0.166923 0.242477 0.282756 0.526795 -0.004678 -0.055516 0.175593 0.231965 0.402177 0.007155 -0.009970 -0.136292 -0.080599 -0.243032 -0.201836 -0.060870 0.173645 0.037385 -0.226255 0.088390 -0.055170 0.048938 -0.039117 0.055685 0.258325 0.032026 -0.233453 -0.168775 -0.036195 0.096181 0.033807
-0.165415 -0.038679 -0.110368 0.382417 -0.004126 0.294541 -0.355231 0.088819 0.154392 0.258911 0.048309 0.134903 -0.270387 -0.015688 0.136249 0.317927 0.102270 0.006236 0.166542 0.454293 -0.059421 -0.135830 0.186976 1.000000 -0.040942 0.044665 0.071870 0.029230 0.179195 -0.136975 0.171861 0.075359 -0.196418 0.049539 -0.277931 -0.163394 -0.127535 -0.331024 0.050957 -0.114669 0.038929 -0.116172 -0.197024 -0.185773 -0.406582 -0.230852 -0.011911 -0.224680 -0.476485 -0.012817 -0.269250 -0.161334 0.104161 -0.116058 0.041326 -0.081810 -0.181224 -0.098433 -0.145618 -0.041442 -0.042760 -0.017392 -0.005086 0.071873 0.071596 -0.051565 -0.388736 -0.361533 -0.143116 -0.057018 0.128287 -0.194154 -0.207041 -0.162926 -0.034202 -0.014125 -0.194013 -0.292776 0.062032 -0.052175 0.097808 -0.077648 0.137919 0.089386 0.334641 0.095553 -0.098470 0.146028 0.074145 0.320849 -0.065023 0.076036 0.345988 0.072088 -0.058708 0.023641 -0.266285 -0.224470 -0.208631 -0.169277 -0.107819 0.173544 -0.292836 -0.275692 -0.065546 -0.238906 -0.065686 0.193557 -0.174016 0.105934 -0.426691 -0.182545 0.006333 -0.218019 -0.110479 0.176191
-0.068047 0.043395 0.115380 0.096162 0.138271 -0.049621 0.030957 -0.020730 0.075109 -0.126792 -0.269810 -0.127893 -0.409870 -0.232240 -0.070677 -0.261930 -0.292278 -0.204490 0.054951 -0.028979 0.352186 0.372464 0.225606 -0.040942 1.000000 0.318399 0.274258 0.415131 -0.363287 -0.317636 -0.020407 -0.054431 -0.175668 -0.154815 0.099888 0.165051 -0.099590 0.094369 0.300559 0.072833 0.007130 0.089836 0.152880 0.260719 0.167100 0.266199 0.190440 0.205125 0.182058 0.183776 0.362027 0.146968 0.177041 -0.005470 0.288902 0.265940 -0.225177 0.089403 0.114024 0.196066 -0.116826 -0.041613 -0.175866 -0.102509 -0.042255 -0.005206 0.247029 0.298633 -0.176840 -0.125391 -0.103547 -0.137162 -0.198160 -0.029815 -0.058250 -0.037901 -0.087442 0.043923 -0.170434 -0.258943 -0.329326 -0.270476 -0.156167 -0.186206 -0.143679 0.023428 0.125565 0.330485 -0.095168 0.238587 0.045283 -0.107374 -0.068873 -0.067379 -0.007307 -0.173902 0.279757 0.123928 0.044692 0.051479 -0.253726 -0.148556 -0.001658 -0.215674 -0.080356 -0.157122 -0.151166 0.050561 0.151043 0.028671 0.232430 0.027318 -0.093065 -0.096365 -0.000502 -0.151858
-0.056255 -0.166772 0.262500 0.376562 0.182491 0.279424 -0.124475 -0.022005 -0.091197 -0.065691 -0.243227 -0.099061 -0.126932 -0.141046 0.085985 0.121206 -0.535714 -0.560752 -0.012668 -0.543862 0.642737 0.733070 0.316868 0.044665 0.318399 1.000000 0.530487 0.774403 -0.164013 -0.243828 0.348583 0.598705 -0.004405 0.027473 0.157928 0.598020 0.069382 0.270019 0.190268 0.375234 0.398315 0.391535 -0.025031 0.074438 -0.028041 0.127377 -0.062157 0.140699 0.082549 -0.338545 0.365402 0.106980 -0.306291 -0.211567 0.039057 -0.069482 -0.462794 -0.311352 -0.074375 -0.050227 -0.435820 -0.394309 -0.463303 -0.460105 -0.069215 -0.395726 0.237058 0.309201 -0.285778 -0.351601 -0.054344 0.348348 -0.190661 -0.016678 0.031691 0.122675 -0.010885 0.159565 -0.406290 -0.500538 -0.550188 -0.480064 0.240655 -0.361348 -0.322408 -0.224412 0.207558 0.261572 0.307188 0.105417 -0.271526 -0.311052 0.019569 0.144371 0.242195 0.040775 0.300400 -0.048196 -0.073658 -0.174990 0.084868 0.123530 0.041788 -0.094170 0.122553 0.103453 0.169323 0.214961 -0.065073 -0.098619 0.359984 0.080773 -0.009776 0.135571 0.247719 0.211158
-0.199178 -0.236697 0.079631 0.070384 0.335401 0.363430 -0.186080 0.008351 -0.202051 -0.082022 -0.325870 -0.342569 -0.243276 -0.160332 -0.036651 -0.130497 -0.509114 -0.401992 -0.048995 -0.379110 0.642143 0.557678 0.324445 0.071870 0.274258 0.530487 1.000000 0.636707 -0.423737 -0.480572 0.154383 0.385176 -0.084624 -0.186613 -0.054789 0.382776 -0.135166 0.085781 0.363583 0.434415 0.245527 0.328417 0.155233 0.264864 0.166570 0.264567 0.029898 0.299926 0.174920 -0.074640 0.286328 0.235587 0.051836 0.068517 0.130791 0.167595 -0.441969 -0.342943 -0.178576 -0.150377 -0.438011 -0.466079 -0.497676 -0.440205 -0.270667 -0.379346 0.328187 0.186701 -0.241897 -0.283237 0.041177 0.259701 -0.312701 -0.114424 -0.167982 -0.137985 -0.031226 0.050739 -0.471472 -0.401692 -0.387775 -0.360098 -0.020315 -0.430640 -0.274038 -0.356578 0.178342 0.077894 0.249343 0.216306 0.053966 0.213920 0.215463 0.377479 0.078236 0.188638 0.261174 0.134757 0.061200 0.149467 0.016873 0.242181 0.021811 -0.024843 -0.059976 0.189351 0.029806 0.294735 0.004806 0.015083 0.384249 0.112801 0.215868 0.333297 0.358733 0.249912
-0.266311 -0.235456 0.038125 0.214956 0.163227 0.147527 -0.304477 -0.339444 -0.391635 -0.188123 -0.378585 -0.252432 -0.154701 -0.103087 -0.086764 -0.035365 -0.306624 -0.364160 -0.186576 -0.429508 0.624185 0.739325 0.397924 0.029230 0.415131 0.774403 0.636707 1.000000 -0.333383 -0.335780 0.008532 0.275512 -0.073588 -0.213496 0.133245 0.389647 0.226980 0.418689 0.330378 0.456273 0.293892 0.335092 0.137815 0.389371 0.023288 0.327049 -0.060082 0.343295 0.343186 -0.259558 0.362563 0.366164 -0.079914 -0.153533 0.156575 -0.048741 -0.214910 -0.089487 0.035854 -0.145256 -0.287383 -0.293761 -0.215503 -0.189187 -0.240322 -0.449013 0.236490 0.394984 -0.406145 -0.212645 0.037009 0.311881 -0.239898 -0.008199 -0.050678 0.035341 0.031223 0.259920 -0.254608 -0.388307 -0.280158 -0.261535 0.167644 -0.461421 -0.167932 -0.001357 0.207202 0.371356 0.252554 0.294179 -0.179346 -0.201286 -0.025793 0.022889 0.110060 -0.017242 0.293135 -0.084325 -0.080201 -0.039984 0.022537 0.113317 0.090578 -0.250180 0.163281 0.060591 0.303188 0.100955 -0.020365 0.067166 0.469477 0.146845 -0.050580 0.145022 0.312805 0.096752
0.241516 -0.082694 -0.085509 0.070257 -0.222976 -0.167486 0.074249 0.082644 0.099827 0.074553 0.415225 0.309535 0.521992 0.448183 0.253008 0.365102 0.326615 0.357444 0.120736 0.299020 -0.175221 -0.236478 -0.117734 0.179195 -0.363287 -0.164013 -0.423737 -0.333383 1.000000 0.667603 0.231192 0.100128 0.468545 0.461796 -0.117454 -0.342475 0.214481 -0.174245 -0.122922 -0.387146 0.035781 0.060591 -0.360670 -0.562940 -0.458125 -0.579702 -0.267953 -0.510635 -0.402389 -0.206093 -0.458468 -0.574005 -0.265295 -0.066287 -0.198852 -0.330254 0.215795 0.070266 -0.097596 -0.002767 0.029112 0.164400 0.197571 0.053858 0.128426 0.050270 -0.444319 -0.585385 0.446733 0.125060 0.055684 0.176057 0.591323 0.191459 0.218403 0.310989 0.102734 0.010161 0.219878 0.096704 0.231661 0.135778 0.292613 0.693956 0.194895 -0.033891 -0.079605 0.031997 -0.190682 -0.398256 -0.166213 -0.340001 -0.213708 -0.251367 0.035207 -0.137678 -0.461760 -0.214222 -0.179623 -0.225000 -0.100279 0.047993 -0.097913 -0.008471 0.048473 -0.074146 -0.059684 -0.029777 0.047663 -0.066386 -0.468277 -0.237623 -0.120917 -0.171616 -0.112421 0.050117
-0.185342 -0.118490 -0.403300 -0.236407 -0.220838 -0.446409 0.194286 0.075941 -0.161522 0.059266 -0.040985 0.031163 0.331819 0.560369 -0.213652 0.075548 0.350764 0.606964 -0.388389 0.082819 -0.192741 -0.224678 -0.481483 -0.136975 -0.317636 -0.243828 -0.480572 -0.335780 0.667603 1.000000 -0.063781 -0.084323 0.448391 0.189124 0.028086 -0.355509 0.492367 0.163134 0.107876 -0.087122 0.281023 0.170799 -0.246463 -0.300838 -0.222837 -0.282905 -0.112074 -0.216949 -0.096538 -0.218073 -0.566556 -0.443811 -0.024594 0.044780 0.065557 -0.144631 0.332376 0.215619 0.105073 -0.131739 0.282541 0.351420 0.439993 0.225849 -0.116549 0.136944 -0.271881 -0.314639 0.304966 0.363839 0.229490 0.376560 0.718413 0.342284 0.190835 0.264596 0.259670 0.251742 0.365009 0.329864 0.411528 0.390864 -0.018946 0.503969 0.017151 0.163232 -0.035015 -0.055013 -0.448508 -0.265892 -0.075187 -0.372266 -0.438480 -0.557254 -0.108000 -0.046027 -0.242290 -0.178794 -0.013688 -0.121913 -0.029804 -0.254388 -0.089487 0.146122 -0.004053 -0.044461 -0.040026 -0.144781 0.066279 -0.103437 -0.211110 -0.063902 -0.208307 -0.128609 -0.243738 -0.170037
0.322600 -0.075631 0.542794 0.234552 0.079700 0.263779 0.255431 0.335439 0.370744 0.050608 0.116487 -0.046460 -0.046828 -0.224074 0.447381 0.233499 -0.525895 -0.500876 0.481097 -0.153510 0.259086 0.150678 0.404572 0.171861 -0.020407 0.348583 0.154383 0.008532 0.231192 -0.063781 1.000000 0.779110 0.201734 0.372605 -0.169250 0.376249 -0.273509 -0.298486 -0.116261 -0.060376 0.085435 0.080099 -0.223589 -0.474154 -0.179659 -0.354671 -0.191834 -0.251847 -0.288824 -0.238367 0.215954 -0.204050 -0.236285 0.045646 -0.258939 -0.026949 -0.606710 -0.554432 -0.234872 0.101226 -0.463982 -0.402367 -0.560890 -0.595513 0.237434 -0.190825 0.054541 -0.279725 0.032629 -0.428019 0.002667 0.247776 0.096208 -0.041765 0.095817 0.223517 0.006796 0.016250 -0.390681 -0.235902 -0.571024 -0.509435 0.387031 0.093830 -0.164693 -0.563572 0.162021 0.078574 0.257552 -0.198932 0.000381 0.100048 0.181837 0.455145 0.053195 0.031770 -0.047433 0.071340 0.031956 -0.165484 0.060366 0.213849 -0.069806 0.050459 -0.047453 -0.065124 -0.059696 0.152224 0.057157 0.054810 -0.052191 -0.143529 0.044045 -0.015311 -0.138368 0.102571
0.138417 -0.257751 0.431285 0.190431 0.234622 0.302404 0.238174 0.357854 0.089392 -0.136036 -0.119613 -0.261323 -0.037472 -0.178979 0.241197 0.119619 -0.585489 -0.574811 0.249720 -0.379605 0.512424 0.465798 0.274423 0.075359 -0.054431 0.598705 0.385176 0.275512 0.100128 -0.084323 0.779110 1.000000 0.153122 0.283845 -0.005858 0.505238 -0.162006 -0.029818 -0.028018 0.195364 0.298641 0.265484 -0.209868 -0.331451 -0.134938 -0.214147 -0.131676 -0.107911 -0.201802 -0.390564 0.136906 -0.187557 -0.252058 -0.018520 -0.155074 -0.047732 -0.584705 -0.644646 -0.185979 0.054491 -0.416899 -0.499967 -0.539710 -0.639364 0.038382 -0.331159 0.317610 -0.022017 -0.009691 -0.467298 0.088448 0.561288 0.046049 -0.000675 0.045057 0.258805 0.082767 0.184806 -0.511063 -0.393232 -0.567021 -0.483880 0.237361 -0.229797 -0.306570 -0.576390 0.151340 -0.061316 0.174257 -0.217407 -0.188465 -0.028224 0.078565 0.452401 0.136337 0.081244 0.153186 0.015107 0.021892 -0.179449 0.178846 0.280485 0.078806 0.165684 0.077333 0.130183 0.069876 0.156212 0.038269 0.005664 0.164256 -0.052896 0.091902 0.133341 0.175709 0.201530
0.019910 -0.085757 0.063456 -0.137031 -0.210448 -0.192813 0.263620 0.049640 -0.156034 -0.155122 -0.077767 -0.132340 0.262866 0.244153 -0.037136 -0.060827 0.117825 0.142505 0.021226 -0.036731 0.064861 -0.001017 0.014131 -0.196418 -0.175668 -0.004405 -0.084624 -0.073588 0.468545 0.448391 0.201734 0.153122 1.000000 0.486407 0.037485 -0.120675 0.245077 -0.064231 -0.020092 -0.104145 0.048690 0.149961 -0.184775 -0.231666 -0.044023 -0.195131 -0.129775 -0.052007 0.014362 -0.167297 -0.193819 -0.402514 0.037352 0.060950 -0.062878 -0.101068 0.018686 0.053112 0.158587 -0.046001 -0.235536 0.024515 -0.061880 -0.056230 -0.053918 -0.049498 0.070016 -0.188511 0.197193 -0.036900 -0.125640 0.291144 0.424983 0.237832 0.117533 0.177525 0.206662 0.098043 -0.072932 -0.146685 0.063283 0.007699 0.028492 0.318231 -0.074060 -0.229520 0.217337 0.196171 -0.204366 -0.360837 -0.039741 -0.091324 -0.255418 -0.208387 -0.005341 -0.150109 -0.194589 -0.051649 0.069762 0.013510 -0.078884 0.125214 -0.118442 0.219487 -0.122062 -0.009708 -0.027320 -0.113269 0.211904 -0.149064 -0.061621 0.089612 -0.212117 -0.189876 -0.186712 0.013274
0.408564 0.143746 0.330382 0.060149 -0.140341 -0.147857 0.212940 0.130076 0.134223 -0.101789 0.373038 0.265416 0.253587 0.081595 0.351137 0.192054 0.037639 -0.064660 0.324104 0.326143 -0.029688 -0.211700 0.163792 0.049539 -0.154815 0.027473 -0.186613 -0.213496 0.461796 0.189124 0.372605 0.283845 0.486407 1.000000 0.250729 0.235154 -0.106579 -0.318782 -0.439983 -0.461142 -0.043029 -0.123347 -0.432803 -0.429630 -0.146313 -0.243395 -0.321220 -0.319932 -0.347785 -0.157805 -0.082507 -0.400162 -0.379678 -0.249452 -0.437469 -0.291246 -0.101635 -0.037639 0.162772 0.174905 -0.147367 -0.065266 -0.236499 -0.076731 0.286955 0.176356 -0.090236 -0.089069 0.202711 -0.048625 -0.357180 0.066908 0.188679 -0.007605 0.077989 0.118397 0.168249 0.038150 -0.010034 -0.125295 -0.137664 -0.155767 0.385138 0.345284 0.085267 -0.257208 -0.049698 0.119971 0.004548 -0.468184 -0.334521 -0.125881 -0.121938 0.006366 -0.017488 -0.188030 -0.301873 -0.185785 -0.211773 -0.237674 -0.005962 0.276640 0.000499 0.081134 0.120617 -0.063384 0.090439 0.102435 0.128641 0.067954 -0.235745 -0.100331 -0.314884 -0.199010 -0.071498 -0.016910
-0.087653 -0.248714 -0.110409 -0.242762 -0.138196 -0.280787 0.022888 -0.394518 -0.353245 -0.436362 -0.112984 -0.105634 -0.169873 -0.224509 -0.142568 -0.310461 0.155209 -0.020889 -0.221906 -0.025235 0.147696 0.086552 -0.053583 -0.277931 0.099888 0.157928 -0.054789 0.133245 -0.117454 0.028086 -0.169250 -0.005858 0.037485 0.250729 1.000000 0.428088 0.146988 0.370890 0.126190 0.079250 0.075668 0.133752 0.178821 0.226587 0.296543 0.320298 0.245298 0.272933 0.005896 -0.073545 -0.080561 0.006395 -0.172946 0.135532 0.174554 0.232460 0.002100 0.128394 0.005457 0.126426 -0.107084 -0.119503 -0.002745 0.050177 -0.244365 -0.103263 0.378633 0.489006 -0.273924 0.109597 -0.008798 0.115669 -0.067916 0.278853 0.230869 0.054051 0.282226 0.345127 0.043074 0.047933 -0.060218 0.001257 0.146473 -0.106523 -0.020581 0.176654 0.267125 0.390911 -0.222188 -0.021360 -0.201615 -0.227304 -0.262177 -0.212180 0.112351 -0.064078 0.299895 0.212322 0.156230 0.171264 -0.068691 0.029591 0.166300 0.190558 0.007729 0.231644 0.118885 0.133973 0.030376 0.205266 0.431638 0.299167 -0.073493 0.175216 0.031652 -0.180025
0.095891 -0.228837 0.321270 -0.045028 0.158926 0.083694 -0.036250 -0.178045 -0.083008 -0.257612 -0.085437 -0.158410 -0.141896 -0.277004 0.134098 -0.092104 -0.409909 -0.518158 0.030802 -0.422958 0.468589 0.361274 0.283096 -0.163394 0.165051 0.598020 0.382776 0.389647 -0.342475 -0.355509 0.376249 0.505238 -0.120675 0.235154 0.428088 1.000000 -0.150515 0.153180 0.040272 0.296164 0.171985 0.126213 0.103919 0.160149 0.365803 0.371893 0.126524 0.287357 0.101727 -0.078878 0.458699 0.153261 -0.338163 -0.155410 -0.039756 0.104414 -0.427784 -0.244887 -0.196511 -0.034974 -0.360655 -0.429955 -0.577474 -0.441476 -0.062084 -0.261754 0.360205 0.450878 -0.383260 -0.353916 -0.174857 0.255871 -0.334760 -0.103741 -0.106299 -0.045994 0.073767 0.221169 -0.283751 -0.253064 -0.535018 -0.376690 0.239388 -0.442215 -0.382793 -0.387645 0.167036 0.172875 0.339108 0.022559 -0.227448 -0.062475 -0.142769 0.201051 0.263717 0.135572 0.478584 0.233184 -0.005789 -0.050791 -0.055348 0.210872 0.133323 0.134317 0.084576 0.138542 0.167599 0.264572 -0.138641 0.196250 0.572443 0.226576 -0.107752 0.321347 0.138893 -0.017281
