1.000000 0.309807 0.225304 0.208926 -0.079373 0.416234 0.160569 0.043235 0.610854 0.270624 0.664688 -0.055501 0.366239 0.174663 0.306707 0.265074 -0.166104 -0.227745 0.430002 0.350936 -0.313871 -0.207316 0.494164 0.165799 0.386506 0.019618 -0.031642 0.669936 -0.130601 -0.328484 -0.202526 -0.133234 -0.150260 -0.420325 -0.210166 -0.278679 0.171317 -0.073506 -0.243914 -0.341084 -0.055553 -0.164067 -0.428480 -0.485141 -0.322409 -0.142075 0.350262 -0.166156 -0.075115 0.270815 0.103710 0.124484 0.127955 -0.181805 0.295011 -0.167130 0.198933 0.230136 -0.010937 0.081448 0.123642 0.007365 -0.092116 -0.098397 0.358722 0.186593 -0.297525 -0.418560 -0.065897 0.095766 -0.099106 -0.273291 -0.064432 -0.097188 -0.117304 -0.399263 -0.039793 -0.017042 -0.163769 0.049572 -0.167168 -0.231505 -0.157048 -0.230578 0.093288 -0.372324 0.069810 -0.345250 0.423472 -0.462055 0.119067 0.309955 0.286074 0.172748 0.415418 0.081885 0.200012 0.112792 0.249027 0.065395 -0.028629 0.395941 -0.040660 -0.026341 -0.016044 -0.079727 -0.173711 -0.224283 -0.162300 0.462555 -0.073806 0.291427 0.112881 0.146021 0.182940 -0.076972
0.309807 1.000000 0.250002 0.105761 -0.057166 0.227842 0.284539 0.507007 0.127078 0.332559 0.350305 0.197826 0.194461 0.675654 0.028930 0.185247 -0.042647 0.051088 0.107810 -0.006920 0.043652 -0.188328 -0.033265 -0.348565 0.148832 -0.185662 0.079687 0.242045 -0.212183 -0.032854 0.215336 0.197265 -0.074408 0.110098 -0.053496 0.069291 -0.110234 -0.160479 -0.272564 -0.400118 -0.379321 -0.000182 -0.144934 -0.142120 0.056990 0.208606 0.037209 -0.309948 -0.118110 0.638951 0.070124 0.522341 0.055771 -0.414001 0.065237 -0.501673 -0.022677 0.068233 -0.244618 -0.321877 -0.079198 -0.182821 -0.220397 -0.102527 0.410267 0.316394 -0.166983 -0.064690 -0.190478 -0.132185 0.047598 -0.067905 -0.060952 0.015967 -0.086746 -0.168428 -0.172281 0.046885 -0.107053 -0.438998 -0.007450 -0.361247 -0.122316 -0.056004 -0.040492 -0.240739 0.047873 -0.446714 0.120368 -0.020469 -0.202196 0.136030 -0.050317 0.094516 -0.011558 -0.195981 0.047195 -0.135704 0.061809 -0.156147 0.030859 0.171671 -0.029982 -0.341368 0.036208 -0.145914 0.000759 -0.180141 -0.173091 0.032000 -0.030123 0.069687 -0.015364 0.179358 0.040182 -0.041483
0.225304 0.250002 1.000000 0.235677 0.024783 0.372073 0.430366 0.469156 0.355778 0.296421 0.104119 -0.105790 0.079217 0.330255 0.029003 0.376397 -0.041763 0.129432 0.206193 -0.219765 -0.096212 -0.003587 0.432154 -0.082058 0.200932 0.045470 0.455286 0.356431 -0.171852 -0.127694 0.178311 0.178512 -0.351859 -0.180277 -0.168656 0.032594 -0.251585 -0.212712 -0.049014 -0.250145 -0.383095 -0.336920 -0.221709 -0.328880 0.208674 0.283128 0.043879 -0.092560 0.036879 0.509366 0.304737 0.441846 -0.040764 -0.204334 0.076851 -0.143252 -0.257559 -0.292586 -0.040772 -0.254456 0.102555 -0.060448 -0.075605 -0.128081 0.430374 0.323265 0.291829 0.029125 -0.396169 -0.342899 -0.167013 -0.163768 0.094189 -0.127420 0.220836 -0.109196 -0.085687 0.072190 0.090943 -0.075612 -0.057121 -0.066580 -0.164356 -0.259395 -0.248163 -0.303471 0.182308 -0.310451 0.334671 -0.168280 -0.376176 0.124654 -0.248395 -0.121019 -0.135793 -0.350018 0.106777 0.013600 0.011484 0.022326 -0.281307 0.095988 -0.176847 -0.428350 -0.186493 -0.363934 -0.220509 -0.435538 0.083281 -0.087811 -0.083698 0.168727 -0.257626 -0.046721 -0.015779 -0.268647
0.208926 0.105761 0.235677 1.000000 0.004174 0.106817 -0.294833 0.274512 0.372867 0.120489 0.073098 0.033059 0.094787 0.175694 0.187476 0.375520 0.070082 0.155551 0.299303 0.185637 -0.196722 0.012987 0.579087 0.391598 0.030215 -0.004350 0.053285 0.256095 -0.235253 -0.255231 0.041911 0.123424 -0.546929 -0.333977 -0.137476 -0.130579 -0.068278 -0.119589 -0.117347 -0.003027 -0.185810 -0.107702 -0.068578 -0.171594 -0.059226 0.065705 0.122704 -0.098297 -0.203549 0.207922 0.182529 0.319387 -0.057835 -0.059123 0.024026 0.014041 0.020597 0.144128 -0.177712 -0.252522 -0.011617 0.063507 0.064591 0.010735 0.258905 0.199954 -0.182585 -0.180521 -0.244651 -0.161095 -0.306108 -0.297450 -0.057072 -0.066787 -0.100079 -0.216097 -0.123685 -0.152949 -0.246110 -0.133646 -0.353378 -0.310165 -0.122886 0.074158 -0.031782 -0.332596 -0.024415 -0.041260 0.155945 0.175263 -0.027583 0.078045 -0.076361 0.111595 0.109062 0.077522 0.108396 0.081569 0.055834 0.017513 0.020036 0.203696 0.093051 0.084348 0.070409 0.042345 -0.077927 -0.195467 0.034597 0.061457 0.035840 0.078128 -0.121404 0.010805 0.258712 0.174301
-0.079373 -0.057166 0.024783 0.004174 1.000000 -0.125038 0.016991 -0.024753 0.155531 -0.070784 0.041869 0.218667 0.103233 -0.097261 0.167918 -0.315049 -0.253728 -0.188438 -0.274982 -0.236763 0.489804 0.042361 0.054396 0.029749 0.405502 0.169251 -0.164405 0.017444 0.107276 0.068612 -0.037818 0.051926 -0.076813 0.032091 0.031898 0.077649 0.025616 -0.432089 -0.116906 0.325962 -0.006105 -0.054598 0.177090 -0.064957 0.257180 0.020266 -0.104434 0.290464 0.119991 -0.031502 0.290897 0.129368 -0.057093 -0.162357 -0.127338 0.194573 -0.349771 -0.081321 -0.337683 -0.099514 -0.103027 -0.122039 0.208738 -0.058563 0.092385 0.049705 -0.044250 -0.009787 0.129761 0.157401 -0.002782 0.152342 -0.186507 -0.241310 -0.198121 0.086784 -0.388452 -0.221119 -0.339120 -0.166060 -0.365891 -0.136421 0.565512 0.069483 -0.244254 -0.140326 0.251970 0.266279 -0.194918 -0.260929 0.202927 -0.181623 0.093514 0.215957 0.200313 0.064924 -0.072680 -0.010122 0.097778 -0.058491 0.125995 0.114567 -0.055650 0.283426 0.329665 0.304151 0.246924 0.150372 -0.315552 0.020216 0.257103 0.285763 0.193578 0.097101 0.194365 0.247068
0.416234 0.227842 0.372073 0.106817 -0.125038 1.000000 0.311603 0.226077 0.455582 0.539522 0.167657 -0.002829 0.134266 0.199600 0.128561 0.502127 0.153305 0.105110 0.233190 0.074182 -0.146435 -0.295763 0.184756 -0.105478 0.121755 -0.089391 0.580852 0.415919 -0.426407 -0.320643 -0.325994 -0.179162 -0.208521 -0.084287 -0.065727 0.005979 -0.126841 -0.027761 0.172082 -0.247770 -0.206288 -0.086259 -0.200629 -0.175929 0.031668 -0.077740 0.286937 -0.280629 -0.088812 0.191171 0.305911 0.092366 -0.059304 -0.082705 0.347187 -0.140445 0.147434 -0.139896 -0.262406 -0.212848 0.233004 0.115470 -0.212075 0.066491 0.332822 0.071971 0.158081 -0.128960 -0.296116 -0.112590 -0.407121 -0.266964 -0.026569 -0.094422 -0.045276 -0.387009 0.066930 0.030424 0.028912 0.003832 0.151696 0.060387 -0.030635 -0.091876 0.179888 -0.168545 0.086223 -0.116857 0.638603 -0.067787 -0.153541 0.096657 0.212496 0.078935 -0.026208 -0.272959 0.256795 0.131479 0.174427 0.136464 -0.174609 0.106550 -0.155005 -0.241239 0.072297 -0.094993 0.025775 -0.373248 0.197969 0.073113 0.128568 0.280819 -0.071507 -0.045084 0.350872 -0.242282
0.160569 0.284539 0.430366 -0.294833 0.016991 0.311603 1.000000 0.250911 -0.000468 0.064718 0.121739 0.150063 0.203286 0.264844 0.082627 0.067616 -0.031231 -0.055201 -0.043165 -0.252804 0.007934 -0.122316 -0.164888 -0.297901 -0.008114 -0.230020 0.291776 0.012550 -0.015003 -0.058677 0.077478 0.088289 0.072959 0.096156 0.056306 0.241522 -0.104320 0.095429 0.013385 -0.222347 -0.260818 -0.060204 -0.010881 -0.174663 0.357461 0.246167 -0.167247 -0.155727 0.144298 0.395216 0.001543 0.072732 -0.241687 -0.222202 -0.025343 -0.152847 -0.144164 -0.067764 -0.045294 -0.035873 -0.144662 -0.156168 -0.169652 0.016761 0.329862 0.099865 0.335413 0.202016 -0.218240 -0.128354 0.232814 -0.018506 0.193552 0.030712 0.220851 -0.086666 0.024356 0.109511 0.099771 -0.103371 -0.056781 -0.141115 0.014460 -0.247514 -0.312576 -0.257913 0.206440 -0.122980 0.237046 -0.042506 -0.222334 0.165507 -0.057742 -0.070864 -0.335155 -0.394972 0.023054 -0.137940 -0.024819 -0.010260 -0.159214 0.090738 -0.206457 -0.196778 0.025167 -0.104585 0.110069 -0.192252 -0.078231 -0.270228 0.017315 0.107311 0.122085 0.065762 -0.043021 -0.230427
0.043235 0.507007 0.469156 0.274512 -0.024753 0.226077 0.250911 1.000000 0.114128 0.205778 -0.003356 0.030780 -0.104137 0.537277 -0.165595 0.309339 -0.118648 0.120369 0.070012 -0.113095 -0.140608 -0.053733 0.146527 -0.122844 -0.139693 -0.317643 0.380344 0.200573 -0.477295 -0.324129 0.223500 0.483530 -0.502843 0.067253 0.030639 0.310552 -0.502047 -0.299684 -0.196484 -0.519188 -0.548475 -0.167170 0.051409 0.041020 0.442581 0.545940 -0.005144 -0.146817 -0.155341 0.627203 0.116683 0.651786 -0.037158 -0.347750 -0.085040 -0.349817 -0.242905 -0.222584 -0.445025 -0.431687 0.052837 -0.158435 0.130415 -0.011047 0.496747 0.469645 0.242102 0.371220 -0.497577 -0.490865 -0.066991 -0.021763 -0.323081 -0.199963 -0.122195 -0.128017 -0.203112 0.043522 -0.141930 -0.295842 -0.085208 -0.468628 -0.193341 -0.162429 -0.143676 -0.209103 0.129503 -0.331697 0.121009 0.169579 -0.440949 0.074307 -0.139758 -0.198183 -0.322550 -0.387930 -0.067188 -0.116997 -0.123079 -0.067283 0.016329 0.273526 0.077027 -0.307311 -0.090756 -0.388153 -0.235486 -0.431718 0.026721 -0.264012 0.106297 0.005022 -0.278657 0.183754 -0.162107 -0.221223
0.610854 0.127078 0.355778 0.372867 0.155531 0.455582 -0.000468 0.114128 1.000000 0.431907 0.366428 0.026886 0.304226 0.182644 0.355941 0.511727 -0.164614 0.043904 0.454590 0.312227 -0.130976 -0.104156 0.511565 0.122108 0.391429 0.200438 0.261074 0.559754 -0.124655 -0.288138 -0.179378 -0.097949 -0.369844 -0.416639 -0.186882 -0.315630 -0.015809 -0.110508 0.049930 -0.028715 -0.018433 -0.191663 -0.234010 -0.526582 -0.164104 -0.150741 0.197003 -0.060442 -0.069841 0.175155 0.342404 0.217160 0.107467 -0.275797 0.196704 0.144498 0.019406 0.098272 -0.162250 -0.150637 0.198342 0.171757 -0.044021 -0.088464 0.245225 0.204376 -0.241623 -0.341651 -0.061584 0.073913 -0.358755 -0.263322 -0.070055 -0.238305 -0.187063 -0.250409 0.019688 -0.062307 -0.157866 -0.039553 -0.199849 -0.093632 -0.087691 -0.159514 -0.049790 -0.354106 -0.013095 -0.169329 0.394362 -0.323572 0.168390 0.049915 0.322348 0.162315 0.173251 -0.102213 0.121843 0.034084 0.127053 -0.123236 0.073154 0.177770 -0.003208 -0.027839 0.116979 0.029020 -0.004624 -0.222376 -0.024506 0.126589 0.053137 0.285802 -0.038288 0.138940 0.425175 0.113848
0.270624 0.332559 0.296421 0.120489 -0.070784 0.539522 0.064718 0.205778 0.431907 1.000000 0.041116 -0.161131 0.109870 0.235233 0.040454 0.176403 -0.071344 -0.164732 0.130778 0.023418 -0.097143 -0.351225 0.092060 -0.263766 0.357405 -0.087427 0.327723 0.320795 -0.310044 -0.334127 -0.299896 -0.311555 -0.251377 -0.166306 -0.170611 -0.075762 -0.007187 -0.266295 0.007476 -0.279476 -0.354488 -0.143739 -0.202001 -0.315968 -0.020291 0.173860 0.314058 -0.152679 0.243550 0.315862 0.021134 0.105879 0.249114 -0.086272 0.348307 -0.157062 0.041953 -0.122487 -0.065746 -0.053044 0.184534 0.143752 0.147896 -0.017531 0.221965 0.233715 0.112553 -0.040607 -0.195689 -0.184310 -0.249790 -0.293437 0.083574 -0.051346 -0.161795 -0.360629 -0.199540 0.149389 -0.128862 -0.225741 0.136983 0.006359 -0.045848 -0.242909 0.102349 -0.089771 0.022808 -0.356875 0.411579 -0.175087 -0.116243 0.290325 0.101612 0.161682 0.101080 -0.129456 0.229062 0.104216 0.217758 0.205541 -0.026691 0.093074 0.009001 -0.488342 -0.118416 -0.278789 -0.046518 -0.455987 0.125512 0.224084 -0.037000 0.282563 -0.271717 0.019839 0.087046 -0.200273
0.664688 0.350305 0.104119 0.073098 0.041869 0.167657 0.121739 -0.003356 0.366428 0.041116 1.000000 -0.003298 0.341455 0.184820 0.594202 0.211116 0.044619 -0.049456 0.229603 0.431316 -0.051898 -0.367163 0.330847 -0.112829 0.325203 0.038376 -0.091008 0.496575 0.084593 -0.103061 -0.066852 -0.128961 0.025100 -0.215602 -0.180391 -0.319232 -0.076106 -0.129827 -0.271118 -0.107255 0.043881 0.040456 -0.196072 -0.319526 -0.161316 -0.196672 -0.015830 0.069603 -0.014543 0.299136 0.166781 0.136443 0.007816 -0.419688 -0.014110 -0.087575 0.213515 0.157465 -0.056094 0.022780 0.127490 0.065243 -0.277878 0.126344 0.300463 0.185989 -0.264850 -0.339552 -0.066471 0.205355 -0.095464 -0.243524 0.060247 0.154674 0.243194 -0.032215 0.016139 -0.100596 -0.089011 -0.006748 -0.131518 -0.102547 0.131798 0.018830 0.060972 -0.279641 -0.085048 -0.144221 0.094952 -0.302084 0.027263 0.161901 0.174036 0.097046 0.257202 -0.028999 -0.044824 -0.092760 0.031659 -0.093620 0.018914 0.197792 -0.036244 -0.054699 0.051509 0.011286 0.000497 -0.018348 -0.225020 0.158280 -0.225652 0.134764 0.175664 -0.044059 -0.024629 -0.087985
-0.055501 0.197826 -0.105790 0.033059 0.218667 -0.002829 0.150063 0.030780 0.026886 -0.161131 -0.003298 1.000000 0.558246 0.331169 0.040943 0.144538 0.230782 0.009948 -0.103382 -0.130859 0.268095 0.387362 -0.248181 -0.057984 -0.049764 -0.006309 0.036162 -0.134639 0.267484 0.295062 0.089851 0.074850 -0.027026 0.136732 0.310713 0.209448 0.080000 0.144463 0.117904 0.208397 0.137919 0.429596 -0.052178 -0.185662 0.055771 -0.082603 -0.119880 -0.131678 -0.104872 0.143673 0.011210 0.096211 -0.009617 -0.258918 -0.156560 0.068571 0.112591 0.130153 -0.120009 0.033294 -0.116721 0.096618 -0.033152 0.106981 -0.009018 0.130715 -0.189683 -0.030721 -0.013315 -0.041841 0.032252 0.009616 0.089190 0.089240 0.033584 0.022343 -0.158988 -0.067872 0.021187 -0.218256 -0.145859 -0.195304 0.121295 0.325394 -0.303995 -0.403882 -0.004924 0.192900 -0.063691 0.064520 0.043851 -0.019928 0.014017 -0.052182 0.026307 0.087594 -0.061391 0.061004 -0.210082 -0.215391 0.143736 -0.114624 -0.018277 0.126380 0.236028 0.272982 0.242509 0.288174 -0.236408 0.001843 -0.090162 -0.302617 0.005142 0.176270 0.086255 0.111937
0.366239 0.194461 0.079217 0.094787 0.103233 0.134266 0.203286 -0.104137 0.304226 0.109870 0.341455 0.558246 1.000000 0.152581 0.201746 0.217760 0.258300 -0.247803 -0.120825 0.163117 0.061805 0.061422 -0.023249 0.156084 0.150902 0.189910 -0.062737 0.088357 0.196470 0.002022 -0.249975 -0.252752 -0.021272 -0.151357 0.187470 -0.172015 0.342221 0.052165 0.147062 0.242142 0.379370 0.180699 -0.258012 -0.647032 -0.059600 -0.118609 -0.065576 -0.143603 0.061344 0.203610 0.142674 0.078600 0.145641 -0.285383 0.037279 0.104523 0.149442 0.159379 -0.093110 0.017340 0.094306 0.122119 -0.031091 -0.018867 0.111743 0.010473 -0.201560 -0.123840 -0.197962 0.177516 -0.107538 -0.359642 0.095179 0.013874 0.084056 -0.290331 -0.228648 -0.290051 -0.000360 -0.155037 -0.163020 -0.092913 -0.000739 -0.001195 -0.419442 -0.538391 -0.187746 -0.144624 0.199203 -0.291737 0.281215 -0.000860 0.280680 0.186413 0.228887 0.155060 -0.009441 0.071496 0.013167 -0.258738 0.347089 -0.009986 0.265435 -0.036187 0.101393 0.151903 0.121682 0.153116 -0.316838 0.263979 -0.073908 -0.048272 0.005632 0.037414 0.162671 0.132309
0.174663 0.675654 0.330255 0.175694 -0.097261 0.199600 0.264844 0.537277 0.182644 0.235233 0.184820 0.331169 0.152581 1.000000 -0.020252 0.264741 0.071063 0.220766 0.092339 -0.193353 0.143843 -0.018013 0.037024 -0.462719 0.090891 -0.233065 0.178908 0.185437 0.054319 0.198545 0.259789 0.229219 -0.275513 0.048740 -0.123651 0.192646 -0.275247 -0.022939 -0.353757 -0.441517 -0.467082 0.112912 -0.274309 -0.088451 -0.012904 0.194785 -0.037585 -0.318248 -0.056708 0.638980 -0.032591 0.498387 -0.152501 -0.432175 -0.150160 -0.494054 0.004275 -0.052889 -0.282919 -0.327193 0.041820 0.017671 -0.112369 0.008954 0.346442 0.489637 -0.296475 -0.142621 -0.168254 -0.454054 0.055835 0.013647 0.199389 0.231476 0.124057 0.088087 -0.094280 0.237362 -0.071314 -0.362032 -0.050836 -0.247707 -0.123487 0.129074 0.086693 -0.196966 -0.039045 -0.347465 -0.023182 0.179686 -0.351884 0.049167 -0.198959 -0.205556 -0.038097 -0.084611 -0.074926 -0.066529 -0.093550 -0.051393 0.062342 0.175135 0.095264 -0.275287 0.147766 -0.010676 0.091698 -0.187843 0.065717 -0.044261 -0.168089 -0.118471 -0.165184 0.131070 0.046056 -0.022356
0.306707 0.028930 0.029003 0.187476 0.167918 0.128561 0.082627 -0.165595 0.355941 0.040454 0.594202 0.040943 0.201746 -0.020252 1.000000 0.210506 0.145147 0.092964 0.130260 0.393995 0.120011 -0.343382 0.254929 -0.201112 0.269041 0.147672 -0.045284 0.259282 0.252692 -0.012354 -0.128941 -0.118257 -0.033402 -0.093081 -0.105058 -0.392060 -0.056676 -0.001678 -0.252681 0.262079 0.136238 0.206878 -0.022224 -0.235642 -0.158021 -0.277566 -0.300667 0.288966 0.131733 0.057754 0.211557 -0.093567 -0.220073 -0.227071 -0.336801 0.184307 0.133857 0.156679 -0.002575 -0.058701 0.041616 0.141136 -0.296982 0.162306 0.104056 -0.135092 -0.196934 -0.363124 0.101915 0.210580 -0.191963 -0.140704 0.220862 0.154870 0.239204 0.041690 0.081977 -0.101461 -0.162848 -0.000407 -0.125988 0.066132 0.494489 0.361144 0.050481 -0.026569 0.078704 0.272467 -0.049497 -0.018405 0.035503 0.067056 -0.031411 0.092364 0.150588 0.005642 -0.205552 -0.063964 -0.178392 0.023708 -0.172616 0.038790 -0.230242 0.085846 0.271839 0.227663 0.375556 0.084631 -0.174324 -0.048542 -0.233772 0.047545 0.221236 -0.226123 0.106852 0.131076
0.265074 0.185247 0.376397 0.375520 -0.315049 0.502127 0.067616 0.309339 0.511727 0.176403 0.211116 0.144538 0.217760 0.264741 0.210506 1.000000 0.292994 0.394752 0.379345 0.335869 -0.158033 -0.001387 0.298978 0.113450 -0.131785 0.100230 0.487478 0.315748 -0.141566 -0.169165 0.071346 0.115819 -0.324229 -0.143384 -0.104844 -0.282505 -0.247040 0.271427 0.301111 -0.033897 -0.017912 0.031539 -0.109866 -0.370478 -0.102738 -0.112264 -0.051847 -0.337085 -0.219640 0.218992 0.188564 0.106579 -0.028137 -0.211168 0.178215 -0.012300 0.183193 -0.001625 -0.111231 -0.221658 0.187428 0.172888 -0.424419 0.093869 0.105577 0.121677 0.048627 0.003879 -0.401743 -0.029614 -0.324990 -0.195680 -0.047096 0.006122 0.115038 -0.051093 0.189583 -0.007465 0.169112 0.031024 0.134141 0.036821 -0.331167 0.117446 -0.028772 -0.361401 -0.287166 -0.140602 0.375100 0.012547 -0.232025 -0.017325 -0.098192 0.010787 -0.241074 -0.261948 0.045452 -0.076027 -0.017665 -0.173570 -0.042404 0.084921 0.076861 -0.172114 -0.135189 -0.204407 -0.093039 -0.197213 0.217324 -0.242498 -0.130814 -0.007039 -0.265664 -0.070312 0.104318 -0.119326
-0.166104 -0.042647 -0.041763 0.070082 -0.253728 0.153305 -0.031231 -0.118648 -0.164614 -0.071344 0.044619 0.230782 0.258300 0.071063 0.145147 0.292994 1.000000 0.360064 -0.048499 0.132895 0.179625 -0.079466 -0.094542 -0.061520 -0.157434 0.091517 0.049928 -0.115370 0.073119 0.082082 0.113034 0.001057 0.007854 0.134276 0.068667 -0.107446 -0.021976 0.252949 0.170547 0.236037 0.261968 0.300981 -0.080811 -0.116276 -0.254850 -0.333337 -0.211921 -0.106634 -0.175424 -0.149719 0.035893 -0.217865 -0.010115 -0.104850 -0.179304 0.043523 0.465595 0.012646 -0.090456 -0.100450 0.369677 0.456757 -0.164959 0.622078 -0.172578 0.001974 -0.194043 -0.164637 -0.076401 -0.007028 -0.024153 -0.044732 0.325086 0.369263 0.350742 0.085176 0.195198 0.110109 0.486875 0.054649 0.373693 0.448668 -0.031060 0.400800 0.080065 -0.135834 -0.317230 0.016334 -0.098944 -0.002698 -0.218830 -0.208011 -0.152905 -0.171674 -0.008236 0.032166 -0.078632 0.277353 -0.192358 0.066608 0.118933 -0.330566 0.090535 -0.118220 -0.086339 0.071214 0.106153 0.140300 0.345648 -0.014040 -0.019691 -0.311390 -0.080545 -0.197821 -0.115320 -0.029092
-0.227745 0.051088 0.129432 0.155551 -0.188438 0.105110 -0.055201 0.120369 0.043904 -0.164732 -0.049456 0.009948 -0.247803 0.220766 0.092964 0.394752 0.360064 1.000000 0.186032 -0.163127 0.058861 0.082561 0.042029 -0.127510 -0.116199 0.010710 0.197295 -0.025097 0.158186 0.365242 0.417218 0.409920 -0.077322 0.189133 0.060337 0.056209 -0.260620 0.348724 0.058080 -0.071810 -0.051904 0.086938 0.032073 0.243339 -0.191902 -0.052338 -0.172949 -0.133435 -0.235516 -0.111381 0.075381 -0.030635 -0.008385 0.113711 -0.275210 -0.017925 0.050521 0.051582 0.076475 -0.189643 0.085080 0.142636 -0.195255 0.114269 -0.151923 0.044563 -0.090415 -0.123900 0.079914 -0.253375 -0.045985 0.323092 0.206352 0.091584 0.160963 0.190313 0.387701 0.208841 0.219045 0.215951 0.293133 0.202222 -0.156459 0.401989 0.286411 0.231860 -0.165404 0.092008 -0.156946 0.317236 -0.133574 -0.270493 -0.102918 -0.111745 -0.315252 -0.274751 -0.300305 -0.229717 -0.374738 -0.222081 -0.115037 -0.207935 -0.048247 -0.008337 -0.038009 0.032719 -0.111473 0.004666 0.106456 -0.292189 -0.212802 -0.331429 -0.222437 0.051895 0.113180 -0.055723
0.430002 0.107810 0.206193 0.299303 -0.274982 0.233190 -0.043165 0.070012 0.454590 0.130778 0.229603 -0.103382 -0.120825 0.092339 0.130260 0.379345 -0.048499 0.186032 1.000000 0.282929 -0.384993 -0.035909 0.374821 0.134214 -0.029764 -0.165288 0.164046 0.394964 -0.156802 -0.241878 0.095191 0.066865 -0.146874 -0.409626 -0.179465 -0.036995 -0.203767 -0.080864 0.072680 -0.244138 -0.259541 -0.398943 -0.125736 -0.087229 -0.108818 -0.137328 0.214555 -0.339881 -0.328363 0.001521 0.107402 0.162199 0.041351 -0.063446 0.338610 0.015245 0.154306 -0.051653 0.012638 -0.176209 -0.037879 0.027652 -0.114596 0.044306 0.257676 0.250304 -0.124156 -0.332272 -0.217660 -0.122909 -0.228267 -0.205379 -0.083885 -0.259436 -0.288527 -0.044368 0.148718 -0.061935 -0.009244 0.077996 -0.173925 -0.130538 -0.475762 -0.308991 0.107492 -0.222273 -0.079605 -0.219467 0.343342 -0.195197 -0.023549 0.142922 0.089251 0.052355 0.087431 -0.026958 0.389280 0.140215 0.229697 0.140055 -0.197575 0.220480 -0.134388 -0.033487 -0.011619 -0.034558 -0.201730 -0.174480 0.255621 0.081240 0.072481 0.102525 0.021248 -0.143083 0.252737 0.021670
0.350936 -0.006920 -0.219765 0.185637 -0.236763 0.074182 -0.252804 -0.113095 0.312227 0.023418 0.431316 -0.130859 0.163117 -0.193353 0.393995 0.335869 0.132895 -0.163127 0.282929 1.000000 -0.325851 -0.217821 0.234151 0.174122 -0.070750 -0.001842 -0.113526 0.178072 -0.104748 -0.434120 -0.165966 -0.173638 0.001428 -0.296402 -0.189746 -0.456349 0.064393 -0.014242 0.051857 0.140034 0.224313 0.101752 -0.108137 -0.370739 -0.202861 -0.397868 -0.047094 0.018762 -0.233879 -0.090953 -0.008804 -0.114513 -0.015860 -0.168349 0.101652 0.214820 0.329569 0.071858 -0.141070 -0.023539 0.118335 0.185581 -0.249206 0.174836 -0.075203 -0.139610 -0.199926 -0.135938 -0.093025 0.488295 -0.240565 -0.254732 -0.150287 0.009012 -0.112106 -0.028949 0.115923 -0.126859 -0.055606 -0.067553 -0.019445 -0.038117 -0.116609 0.014106 0.038822 -0.180545 -0.304522 -0.083325 0.150148 -0.171900 0.137678 0.176007 0.142070 0.228756 0.218472 0.164727 0.072612 0.170904 0.067452 0.116385 0.215581 0.144097 0.263337 0.183653 0.060225 0.045605 0.089283 0.114785 0.128621 0.083112 0.071265 0.004519 0.032464 -0.114991 0.040731 0.072203
-0.313871 0.043652 -0.096212 -0.196722 0.489804 -0.146435 0.007934 -0.140608 -0.130976 -0.097143 -0.051898 0.268095 0.061805 0.143843 0.120011 -0.158033 0.179625 0.058861 -0.384993 -0.325851 1.000000 0.068371 -0.196726 -0.153790 0.346927 0.433274 -0.059360 -0.196591 0.184447 0.346924 0.111945 0.109670 0.171295 0.442898 0.291540 -0.019536 -0.016153 0.063129 -0.043681 0.311086 0.099232 0.270283 0.125300 0.048036 0.060377 -0.020653 -0.283772 0.156132 0.363874 -0.007733 0.177775 -0.032120 -0.115373 -0.187430 -0.277222 -0.072775 -0.062941 0.053496 -0.137917 -0.128586 0.080479 -0.040742 -0.251765 -0.049484 -0.204617 -0.094444 -0.039266 0.121521 0.249381 0.160015 0.264506 0.312063 0.186862 0.413281 0.182812 0.451534 -0.116371 0.173437 0.061418 -0.152138 -0.040204 0.190680 0.635217 0.363071 -0.139711 -0.038886 0.129869 0.230855 -0.313889 -0.019137 -0.201205 -0.416534 -0.211530 -0.094622 -0.103390 -0.115535 -0.305129 -0.299359 -0.177746 -0.321635 0.017116 -0.092916 -0.136205 0.087433 0.139726 0.187491 0.219982 0.082456 -0.138131 -0.224842 0.049168 -0.040696 0.017897 0.112862 -0.016490 0.138512
-0.207316 -0.188328 -0.003587 0.012987 0.042361 -0.295763 -0.122316 -0.053733 -0.104156 -0.351225 -0.367163 0.387362 0.061422 -0.018013 -0.343382 -0.001387 -0.079466 0.082561 -0.035909 -0.217821 0.068371 1.000000 -0.176102 0.362026 -0.124489 0.192002 -0.017529 -0.175873 0.231478 0.432194 0.311334 0.406347 -0.049242 0.055516 0.333233 0.329730 0.121770 0.295193 0.216212 0.090632 0.188932 0.036138 -0.111448 0.121821 0.049467 0.075941 -0.096715 -0.170030 -0.232687 -0.244385 -0.047228 0.060084 0.117819 0.181177 -0.062411 0.104163 -0.120964 -0.107036 0.082289 0.036635 -0.000387 -0.070768 0.018494 -0.206154 -0.165493 -0.061769 -0.059505 0.086553 0.008353 -0.202885 0.008907 0.239809 -0.151443 -0.158994 -0.128883 0.132214 -0.146254 0.087646 0.093515 0.051629 -0.134946 -0.139224 -0.207758 0.171115 -0.174820 -0.001659 0.133919 0.271069 -0.112689 0.037541 0.171383 -0.076298 -0.063808 -0.152086 -0.130053 0.060762 -0.068824 -0.038950 -0.205958 -0.241778 -0.032423 -0.269595 -0.016241 0.276865 -0.119935 0.125488 -0.208331 0.321453 -0.102155 -0.046073 -0.015478 -0.439120 -0.169176 0.279980 0.021076 -0.049515
0.494164 -0.033265 0.432154 0.579087 0.054396 0.184756 -0.164888 0.146527 0.511565 0.092060 0.330847 -0.248181 -0.023249 0.037024 0.254929 0.298978 -0.094542 0.042029 0.374821 0.234151 -0.196726 -0.176102 1.000000 0.274471 0.277793 0.148956 -0.015232 0.633698 -0.150176 -0.320090 0.084613 -0.002147 -0.440170 -0.446978 -0.264093 -0.315095 -0.106928 -0.248744 -0.225035 -0.068760 -0.061418 -0.223066 -0.140946 -0.281520 -0.186526 -0.088777 0.323163 0.133240 -0.061023 0.270847 0.206668 0.241299 0.112963 -0.100722 0.066188 0.019202 -0.002146 0.068147 -0.086497 -0.086364 0.074363 0.000273 0.062263 -0.005780 0.227302 0.210975 -0.112222 -0.277458 -0.111136 -0.063377 -0.203059 -0.170140 0.035186 -0.063152 0.049701 -0.114804 0.097222 -0.016374 -0.067430 0.046130 -0.161100 -0.181930 -0.016620 -0.116035 0.064237 -0.370012 0.054176 -0.152436 0.192909 -0.248795 -0.063541 0.094284 -0.042422 0.110807 0.260106 0.015051 0.016792 0.058673 0.087686 0.035721 0.007534 0.335932 0.012045 0.051587 0.047453 -0.116358 -0.203289 -0.356811 -0.010206 0.158717 -0.116908 0.297176 -0.086968 0.051029 0.105453 -0.037796
0.165799 -0.348565 -0.082058 0.391598 0.029749 -0.105478 -0.297901 -0.122844 0.122108 -0.263766 -0.112829 -0.057984 0.156084 -0.462719 -0.201112 0.113450 -0.061520 -0.127510 0.134214 0.174122 -0.153790 0.362026 0.274471 1.000000 -0.149634 0.224435 -0.015725 -0.037305 -0.272700 -0.185035 -0.099158 0.146493 -0.161671 -0.196814 0.228689 0.018213 0.254767 0.143837 0.265826 0.161175 0.343685 -0.252321 -0.005966 -0.035747 0.029454 -0.072925 0.057778 -0.063054 -0.332846 -0.343619 0.172424 0.019702 0.166802 0.220927 0.235853 0.287285 0.042208 0.091325 0.011857 0.045729 0.004078 -0.087986 0.047473 -0.137338 -0.009606 -0.235244 0.029113 0.070545 -0.207225 0.247080 -0.113850 -0.119640 -0.394308 -0.209675 -0.253647 -0.207987 -0.154391 -0.300855 -0.062014 0.173334 -0.227265 -0.133189 -0.199099 -0.156879 -0.214608 -0.261856 -0.007600 0.108598 0.234622 -0.168615 0.223895 -0.077256 0.234003 0.077098 0.067260 0.105929 0.130317 0.024932 0.140334 -0.207336 0.093890 0.038315 0.117883 0.288401 -0.203072 -0.029994 -0.390927 0.025009 -0.087352 0.088800 0.297239 -0.022683 -0.030623 0.174928 0.119054 0.105779
0.386506 0.148832 0.200932 0.030215 0.405502 0.121755 -0.008114 -0.139693 0.391429 0.357405 0.325203 -0.049764 0.150902 0.090891 0.269041 -0.131785 -0.157434 -0.116199 -0.029764 -0.070750 0.346927 -0.124489 0.277793 -0.149634 1.000000 0.344194 -0.084161 0.360814 0.047957 -0.008041 -0.000563 -0.119378 -0.017295 -0.112771 -0.091874 -0.266014 0.107789 -0.245522 -0.254871 -0.019019 0.044872 -0.168360 -0.263457 -0.414696 -0.190043 0.077860 0.085555 0.130979 0.438627 0.212011 0.286914 0.041647 0.134118 -0.230446 0.002752 -0.083947 -0.114257 0.218971 -0.007858 0.049926 0.269095 0.102821 0.107120 -0.134256 0.134996 0.278342 -0.169871 -0.287892 0.266810 -0.038576 -0.013397 -0.040071 0.178852 0.053518 0.031306 -0.081793 -0.230125 0.082375 -0.194424 -0.095411 -0.214950 0.002625 0.360444 0.011500 0.024739 -0.126849 0.167506 -0.151709 0.033452 -0.311886 0.043286 0.015741 0.012345 0.135671 0.304677 -0.020737 -0.020688 -0.060588 0.032763 -0.103090 0.015529 0.155343 -0.095537 -0.039379 0.102158 0.142042 0.073271 -0.078797 -0.215538 0.279961 -0.184217 0.133987 -0.121892 0.206300 0.232925 0.109439
0.019618 -0.185662 0.045470 -0.004350 0.169251 -0.089391 -0.230020 -0.317643 0.200438 -0.087427 0.038376 -0.006309 0.189910 -0.233065 0.147672 0.100230 0.091517 0.010710 -0.165288 -0.001842 0.433274 0.192002 0.148956 0.224435 0.344194 1.000000 0.029492 -0.022343 0.064969 -0.000318 0.008404 -0.003085 0.028525 -0.061446 0.105950 -0.487167 0.261164 0.168768 0.222064 0.520279 0.445488 0.027344 -0.000871 -0.179004 -0.279808 -0.190990 -0.088417 0.326059 0.281776 -0.200210 0.223895 -0.093625 0.102928 0.113412 -0.080610 0.242917 0.223909 0.263030 0.119018 0.122897 0.294450 0.242677 -0.231944 -0.059189 -0.333946 -0.228984 -0.130368 -0.071240 0.308619 0.319348 -0.120689 -0.022598 0.041522 0.153341 0.121460 0.085588 0.023765 -0.125475 0.190206 0.194303 0.120374 0.307013 0.321544 0.182681 -0.053494 -0.011695 -0.028658 0.137852 -0.049530 -0.253951 0.099851 -0.282240 -0.008065 -0.052762 0.063048 -0.076100 -0.089216 -0.149986 -0.151918 -0.364458 0.133847 -0.231506 -0.053457 -0.052166 -0.214798 -0.041758 0.034792 0.162475 -0.225847 -0.000900 -0.148400 -0.068829 -0.016045 -0.006163 0.027896 0.052118
-0.031642 0.079687 0.455286 0.053285 -0.164405 0.580852 0.291776 0.380344 0.261074 0.327723 -0.091008 0.036162 -0.062737 0.178908 -0.045284 0.487478 0.049928 0.197295 0.164046 -0.113526 -0.059360 -0.017529 -0.015232 -0.015725 -0.084161 0.029492 1.000000 -0.023997 -0.491185 -0.191938 -0.105173 0.004720 -0.417545 -0.109247 0.054691 0.170221 -0.300632 0.020032 0.393545 -0.126055 -0.212166 -0.139846 0.164120 0.023390 0.377744 0.175284 -0.088696 -0.161724 -0.068551 0.210361 0.345261 0.256216 -0.193685 -0.112889 0.151670 0.096528 0.000960 -0.213697 -0.156819 -0.212226 0.242799 0.130140 -0.123271 0.113972 0.246017 0.146855 0.452434 0.187913 -0.379768 -0.197397 -0.321802 -0.219406 -0.188670 -0.061561 0.095183 -0.137145 0.069889 -0.112687 0.095129 0.066989 0.084472 0.107470 -0.030720 -0.128511 -0.083686 -0.083119 0.123297 0.143288 0.513748 0.203990 -0.442977 0.093970 -0.076421 -0.264296 -0.459892 -0.478896 0.162581 -0.075278 -0.150567 -0.081599 -0.268171 -0.146933 -0.195233 -0.484489 -0.197421 -0.314664 -0.045391 -0.238195 0.286028 -0.415033 0.096139 -0.028706 -0.307966 -0.094591 0.074024 -0.185197
0.669936 0.242045 0.356431 0.256095 0.017444 0.415919 0.012550 0.200573 0.559754 0.320795 0.496575 -0.134639 0.088357 0.185437 0.259282 0.315748 -0.115370 -0.025097 0.394964 0.178072 -0.196591 -0.175873 0.633698 -0.037305 0.360814 -0.022343 -0.023997 1.000000 -0.105391 -0.211182 -0.063900 0.013630 -0.245593 -0.194177 -0.158955 -0.149684 -0.160457 -0.223064 -0.237551 -0.334441 -0.120013 -0.214748 -0.254963 -0.264879 -0.174517 -0.012224 0.467570 -0.018942 -0.023722 0.305052 0.198988 0.217871 0.347948 -0.284180 0.150777 -0.206686 -0.048902 0.009911 -0.108014 -0.136717 0.181370 -0.031419 -0.042945 -0.043138 0.336918 0.334200 -0.202317 -0.281008 -0.071530 -0.218631 -0.147114 -0.031459 0.012968 -0.162665 -0.018675 -0.152222 0.073399 0.173391 -0.142849 -0.004024 -0.132353 -0.235337 -0.126001 -0.191022 0.131327 -0.334382 0.093938 -0.302570 0.192322 -0.406329 0.065889 0.025480 0.249316 0.174783 0.225992 0.012471 -0.064982 -0.032912 0.053589 -0.079683 -0.036315 0.306669 -0.089909 -0.058012 -0.065985 -0.136264 -0.261440 -0.346958 -0.068012 0.344839 -0.098774 0.335932 -0.088121 0.055637 0.189058 -0.152228
-0.130601 -0.212183 -0.171852 -0.235253 0.107276 -0.426407 -0.015003 -0.477295 -0.124655 -0.310044 0.084593 0.267484 0.196470 0.054319 0.252692 -0.141566 0.073119 0.158186 -0.156802 -0.104748 0.184447 0.231478 -0.150176 -0.272700 0.047957 0.064969 -0.491185 -0.105391 1.000000 0.648670 0.270051 -0.001641 0.349759 0.174057 0.024406 -0.108971 0.273293 0.290794 -0.191511 0.236208 0.309027 0.366685 -0.196880 -0.060004 -0.292452 -0.246295 -0.263125 0.099360 0.224137 -0.143329 -0.307560 -0.399817 -0.101912 0.064896 -0.365745 0.062508 0.007168 0.015670 0.351522 0.283995 -0.234026 0.044901 -0.095868 -0.042690 -0.347542 -0.168121 -0.289253 -0.241739 0.290002 0.056362 0.260751 0.334888 0.560558 0.272833 0.299977 0.365483 0.199714 0.188538 0.084387 0.146360 0.097348 0.196315 0.130003 0.334111 0.070990 0.168561 -0.176579 0.152597 -0.481124 -0.060778 0.242214 -0.058525 -0.112234 -0.012567 0.149321 0.271689 -0.352788 -0.137882 -0.227695 -0.042100 0.064062 -0.165844 0.057412 0.233288 0.137021 0.356096 0.224302 0.407050 -0.278976 0.093141 -0.539128 -0.264272 0.043939 -0.036470 -0.046650 0.089665
-0.328484 -0.032854 -0.127694 -0.255231 0.068612 -0.320643 -0.058677 -0.324129 -0.288138 -0.334127 -0.103061 0.295062 0.002022 0.198545 -0.012354 -0.169165 0.082082 0.365242 -0.241878 -0.434120 0.346924 0.432194 -0.320090 -0.185035 -0.008041 -0.000318 -0.191938 -0.211182 0.648670 1.000000 0.305656 0.174127 0.309828 0.403466 0.195198 0.287060 0.104323 0.424883 -0.137453 0.081060 0.253666 0.331643 -0.155564 0.290957 -0.189351 -0.125765 -0.262497 -0.137707 -0.037369 -0.212799 -0.108701 -0.135134 -0.016646 0.089286 -0.344356 -0.130376 -0.136698 -0.088373 0.312360 0.027469 -0.100469 -0.128301 -0.210595 -0.170840 -0.246494 -0.149628 -0.250433 -0.212138 0.294743 -0.155508 0.158936 0.434940 0.365100 0.200735 0.344392 0.378992 0.080692 0.197350 0.147925 0.135922 0.147860 0.247648 0.103534 0.452389 0.123668 0.376318 -0.047258 0.244064 -0.449171 0.155462 0.063135 -0.206881 -0.166734 -0.195904 -0.019486 0.183847 -0.367161 -0.193907 -0.285035 -0.238292 -0.107681 -0.322064 -0.076364 0.120942 0.140730 0.401393 0.126377 0.378607 -0.123762 -0.045940 -0.399239 -0.387316 -0.091480 0.027251 0.062287 0.182644
-0.202526 0.215336 0.178311 0.041911 -0.037818 -0.325994 0.077478 0.223500 -0.179378 -0.299896 -0.066852 0.089851 -0.249975 0.259789 -0.128941 0.071346 0.113034 0.417218 0.095191 -0.165966 0.111945 0.311334 0.084613 -0.099158 -0.000563 0.008404 -0.105173 -0.063900 0.270051 0.305656 1.000000 0.617814 0.055574 0.143812 0.070032 0.134203 -0.086805 0.200880 -0.243305 -0.155592 -0.026403 0.079240 -0.026078 0.124930 -0.049462 0.040814 -0.211137 -0.154325 -0.179444 0.129654 -0.079635 0.166948 -0.144305 -0.113646 -0.295731 -0.327257 -0.045060 -0.107584 0.047521 -0.160465 0.026324 -0.011899 -0.033999 0.175281 0.016023 0.226706 -0.102023 -0.040130 -0.052826 -0.212568 0.209943 0.379335 0.285340 0.112880 0.164140 0.386531 0.120951 0.176752 0.177041 0.086696 0.165714 -0.054260 -0.127147 0.187520 -0.046197 -0.036951 0.070370 -0.065809 -0.323144 0.048083 -0.253314 0.046850 -0.392240 -0.220057 -0.168966 -0.122848 -0.176682 -0.140706 -0.232056 -0.108108 -0.071612 -0.027209 -0.128847 -0.114910 -0.024146 0.084796 0.021334 0.150675 -0.126686 -0.228031 -0.302828 -0.281626 -0.151899 0.267032 -0.184103 0.048177
-0.133234 0.197265 0.178512 0.123424 0.051926 -0.179162 0.088289 0.483530 -0.097949 -0.311555 -0.128961 0.074850 -0.252752 0.229219 -0.118257 0.115819 0.001057 0.409920 0.066865 -0.173638 0.109670 0.406347 -0.002147 0.146493 -0.119378 -0.003085 0.004720 0.013630 -0.001641 0.174127 0.617814 1.000000 -0.213256 0.390103 0.334449 0.405095 -0.308291 0.119257 -0.162557 -0.317531 -0.158379 -0.116796 0.093211 0.294548 0.212717 0.269477 -0.192039 -0.051146 -0.302801 0.054604 0.139846 0.354603 0.029616 -0.207937 -0.386307 -0.224866 -0.195596 -0.153406 -0.243250 -0.357732 -0.090652 -0.256092 -0.140161 -0.049999 0.112586 0.075294 -0.000460 0.189880 -0.004765 -0.305251 0.109833 0.435046 -0.161948 -0.157540 -0.090038 0.164055 -0.017433 0.275570 0.076850 -0.059398 -0.050864 -0.300953 -0.109553 0.170452 -0.020361 0.027964 0.113094 -0.073330 -0.304177 0.114953 -0.240946 -0.274652 -0.239334 -0.349565 -0.270772 -0.246107 -0.329121 -0.251465 -0.390915 -0.265847 -0.006906 -0.030093 -0.037272 0.060994 -0.159317 -0.081983 -0.287027 -0.000177 -0.135710 -0.256711 0.058676 -0.333134 -0.246293 0.341929 -0.091440 -0.044240
-0.150260 -0.074408 -0.351859 -0.546929 -0.076813 -0.208521 0.072959 -0.502843 -0.369844 -0.251377 0.025100 -0.027026 -0.021272 -0.275513 -0.033402 -0.324229 0.007854 -0.077322 -0.146874 0.001428 0.171295 -0.049242 -0.440170 -0.161671 -0.017295 0.028525 -0.417545 -0.245593 0.349759 0.309828 0.055574 -0.213256 1.000000 0.353213 0.043472 -0.100447 0.351230 0.353998 -0.030755 0.150058 0.307579 0.199613 -0.163274 0.102138 -0.204610 -0.189648 -0.077087 -0.020434 0.134881 -0.323253 -0.223158 -0.396801 -0.105118 0.190863 0.007099 -0.080403 0.077997 0.114349 0.403094 0.233489 -0.185100 -0.068950 -0.219052 -0.130794 -0.316067 -0.327491 -0.010042 0.017328 0.225589 0.416046 0.252758 0.234512 0.302664 0.318437 0.142037 0.280475 0.183643 0.076294 0.064840 0.117524 0.253810 0.256331 0.045810 0.047855 0.064540 0.274117 -0.160319 -0.031164 -0.215259 -0.051592 0.163082 -0.051613 0.126812 0.175157 0.071070 0.005922 -0.004209 -0.101250 0.056631 -0.060486 -0.103651 -0.030742 -0.127457 0.097889 0.022933 0.214203 0.113031 0.244882 -0.231356 0.104006 -0.149166 -0.087129 0.222862 -0.020750 -0.022743 0.010915
-0.420325 0.110098 -0.180277 -0.333977 0.032091 -0.084287 0.096156 0.067253 -0.416639 -0.166306 -0.215602 0.136732 -0.151357 0.048740 -0.093081 -0.143384 0.134276 0.189133 -0.409626 -0.296402 0.442898 0.055516 -0.446978 -0.196814 -0.112771 -0.061446 -0.109247 -0.194177 0.174057 0.403466 0.143812 0.390103 0.353213 1.000000 0.600971 0.397772 -0.052774 0.216072 -0.022321 -0.106550 0.166330 0.299730 0.043263 0.378345 0.241934 0.154141 -0.274854 -0.013813 0.107152 -0.006380 -0.032130 -0.023053 0.034011 -0.107270 -0.358092 -0.281296 -0.153876 -0.149092 -0.064576 -0.110127 -0.197934 -0.291221 -0.293706 -0.186026 -0.093874 -0.234216 0.195229 0.380108 0.106721 -0.066551 0.265675 0.436872 0.163908 0.231597 0.205519 0.265299 0.150637 0.376522 0.242249 -0.180562 0.258260 0.047746 0.170419 0.263610 0.105269 0.314125 -0.002972 0.031020 -0.318873 0.263308 -0.143805 -0.431165 -0.078216 -0.210250 -0.418182 -0.308429 -0.533714 -0.500333 -0.402384 -0.389219 -0.022041 -0.210931 -0.066603 0.077229 -0.057641 0.024367 -0.109198 -0.039958 -0.174386 -0.295094 -0.088859 -0.296193 -0.052464 0.180004 -0.082604 -0.132441
-0.210166 -0.053496 -0.168656 -0.137476 0.031898 -0.065727 0.056306 0.030639 -0.186882 -0.170611 -0.180391 0.310713 0.187470 -0.123651 -0.105058 -0.104844 0.068667 0.060337 -0.179465 -0.189746 0.291540 0.333233 -0.264093 0.228689 -0.091874 0.105950 0.054691 -0.158955 0.024406 0.195198 0.070032 0.334449 0.043472 0.600971 1.000000 0.481542 0.172287 0.090043 0.297382 -0.000780 0.381902 0.166172 0.162074 0.227719 0.365565 0.163392 -0.131894 -0.055287 0.064139 -0.075613 0.125692 0.080847 0.221120 -0.012500 -0.237042 -0.015401 -0.107428 -0.066616 -0.179569 -0.103966 -0.055906 -0.227381 -0.082877 -0.243615 -0.028180 -0.246690 0.208614 0.337431 -0.094968 -0.147613 0.140404 0.174915 -0.078383 0.022048 0.002369 0.001044 0.050160 0.032195 0.182838 -0.067477 -0.059308 -0.182254 0.096341 0.048090 -0.115882 0.011585 0.110958 0.192790 -0.043261 0.108396 0.104568 -0.320970 0.184508 -0.141638 -0.430153 -0.291991 -0.433327 -0.499051 -0.526569 -0.561258 0.087831 -0.272788 -0.012416 0.168953 -0.089825 0.044352 -0.202704 0.122879 -0.362146 -0.213361 0.022213 -0.380583 -0.056073 0.274954 0.032539 -0.073864
-0.278679 0.069291 0.032594 -0.130579 0.077649 0.005979 0.241522 0.310552 -0.315630 -0.075762 -0.319232 0.209448 -0.172015 0.192646 -0.392060 -0.282505 -0.107446 0.056209 -0.036995 -0.456349 -0.019536 0.329730 -0.315095 0.018213 -0.266014 -0.487167 0.170221 -0.149684 -0.108971 0.287060 0.134203 0.405095 -0.100447 0.397772 0.481542 1.000000 -0.219477 -0.091579 -0.034734 -0.455968 -0.254678 -0.015508 0.081725 0.477768 0.507057 0.392499 -0.055322 -0.273937 -0.248979 0.077385 -0.090991 0.325513 0.042103 -0.094372 -0.139333 -0.213282 -0.317839 -0.345806 -0.245051 -0.131632 -0.209604 -0.289684 0.188927 -0.091389 0.221315 0.189200 0.218349 0.282943 -0.201187 -0.522071 0.157055 0.239601 -0.118758 -0.215475 -0.199231 -0.041498 -0.201886 0.158586 -0.027118 -0.173364 -0.183190 -0.371626 -0.117823 -0.056783 0.005159 0.083460 0.295902 0.094961 -0.058360 0.233531 -0.044544 -0.078017 0.075612 -0.315986 -0.304081 -0.155349 -0.155287 -0.136628 -0.206665 -0.076017 -0.076197 -0.085243 -0.059500 0.100315 0.091890 0.147210 -0.164453 -0.019551 0.003032 -0.129159 0.225055 -0.296504 -0.110342 0.243544 0.081350 -0.066799
