1.000000 0.357446 -0.092453 -0.341637 -0.161645 -0.194922 -0.129138 -0.094774 -0.146921 -0.068805 0.431124 0.052968 0.075278 -0.197487 0.151529 -0.106326 0.036977 0.073665 0.485872 0.248275 -0.118107 -0.243689 -0.438827 -0.437457 -0.206305 -0.270051 -0.251142 -0.332678 0.128921 -0.155851 -0.178313 -0.305558 -0.111671 0.139270 -0.179957 -0.038954 0.181262 0.011053 0.344802 0.199827 0.286958 0.201938 0.219788 -0.113073 0.401681 0.017812 -0.068347 -0.010614 0.313761 -0.089497 0.191856 -0.172812 -0.073266 -0.204468 -0.069837 -0.183926 0.095902 0.166555 0.379841 0.139148 0.604831 0.189637 0.095432 0.145478 0.355805 0.070494 0.148434 0.127448 0.102404 -0.216269 -0.104858 -0.192099 0.151866 0.005740 0.332574 0.046496 0.143322 -0.001981 0.238513 0.160251 -0.015357 -0.055773 -0.060891 -0.150604 0.007843 0.055653 -0.051389 -0.312153 0.348769 -0.032161 -0.089396 0.063413 -0.335235 -0.077784 -0.070586 -0.309026 -0.204651 -0.312940 -0.138065 -0.182573 -0.287723 -0.308873 -0.317561 -0.238791 -0.363507 -0.284040 -0.296374 -0.320838 -0.273366 -0.355784 -0.003048 -0.110538 0.270446 -0.306624 -0.303898 -0.331487
0.357446 1.000000 0.049897 -0.158217 0.116346 0.013088 0.046810 0.265099 -0.227483 0.007432 -0.016179 0.461302 -0.124789 0.284013 -0.195504 0.333796 -0.087850 0.247433 0.218356 0.192263 -0.087939 -0.044906 -0.274586 -0.332762 -0.545937 -0.603702 0.056129 -0.285496 -0.222269 0.191071 -0.390824 -0.453758 -0.152316 0.022978 -0.355483 -0.094511 -0.078485 0.024054 0.077915 0.183904 0.014851 0.344701 0.245477 -0.123397 0.164694 -0.090519 -0.045504 -0.004977 0.045131 -0.101717 0.086411 0.155365 0.081104 -0.304188 -0.195034 -0.281721 -0.166001 -0.166592 0.131655 -0.073575 0.062114 0.194512 -0.175836 -0.131470 0.141166 0.370886 -0.419914 -0.238926 0.160148 -0.214297 -0.079256 0.017249 -0.062082 0.078064 -0.016407 0.209940 0.115667 0.106505 0.007909 -0.065097 -0.102949 -0.144194 -0.124838 0.068635 -0.379836 -0.007974 0.189933 -0.241477 -0.002145 0.177109 0.068287 0.025561 0.045500 0.424787 -0.014730 -0.104445 -0.109897 -0.114704 -0.080024 0.005203 0.113438 0.173943 0.162185 0.182392 -0.107004 -0.140853 -0.275032 -0.124764 -0.077636 -0.129033 0.198340 0.289480 0.408591 0.095015 -0.052375 -0.164459
-0.092453 0.049897 1.000000 0.396329 0.186030 0.291314 0.793076 0.487989 0.235733 0.338402 -0.129670 0.206937 -0.087076 0.063414 -0.518128 0.145134 -0.118770 0.143835 0.135417 -0.143394 -0.153875 -0.109895 0.409641 0.551899 0.116251 0.000260 0.126597 -0.175581 -0.523380 0.452470 0.269005 0.005823 -0.083677 0.114782 0.179462 0.140952 -0.382957 0.094139 -0.720647 0.070588 -0.631784 0.148839 -0.003809 -0.171331 0.101656 0.093851 0.076620 -0.276476 0.093389 -0.009652 0.145056 -0.125976 -0.134949 -0.312241 -0.447462 -0.209281 -0.548832 -0.436127 -0.254951 -0.445566 -0.264342 -0.295910 0.075421 -0.417566 0.244846 0.261127 -0.073084 0.099192 -0.405421 -0.366558 -0.242495 0.305690 -0.162924 0.148016 0.082007 0.179629 0.270958 0.281462 -0.202509 -0.246282 -0.315134 -0.123794 -0.517176 -0.068629 -0.597170 -0.007064 -0.092529 -0.309058 -0.658958 -0.532891 -0.438276 -0.244111 0.772642 0.403565 0.061875 0.064712 0.023084 0.099303 -0.395956 -0.311524 0.698641 0.730035 0.467181 0.199897 -0.060958 -0.020908 0.260995 0.206039 -0.003685 0.248993 0.052275 -0.019831 -0.234865 0.650630 0.016962 0.055995
-0.341637 -0.158217 0.396329 1.000000 -0.022558 0.345970 0.240063 0.421484 0.007526 0.326738 -0.332034 0.048998 -0.221769 -0.195412 -0.153337 0.127329 -0.101179 0.212925 -0.258386 -0.344806 0.058985 -0.070515 0.489725 0.754065 0.096881 0.286783 -0.020997 0.124662 -0.320182 0.261562 0.390491 0.343914 -0.061012 -0.212996 0.233716 0.299384 -0.088357 0.034831 -0.177911 0.144915 -0.201043 0.288609 0.228821 0.108739 0.066735 0.043888 -0.012766 -0.084383 0.189091 -0.061834 0.408139 0.030848 0.086987 -0.162335 -0.045605 -0.029293 -0.454025 -0.481561 -0.233577 -0.351100 -0.251192 -0.238867 0.088705 -0.252164 -0.014075 0.379661 0.004596 0.162282 -0.304774 -0.424850 -0.017644 0.043195 -0.217993 0.150362 -0.010569 0.158039 0.192570 0.401663 -0.308563 -0.003272 -0.219646 -0.331048 -0.087866 -0.023760 -0.010683 0.472477 0.090018 -0.104066 -0.318165 -0.198897 -0.330751 -0.498959 0.199879 -0.071281 0.106191 -0.007772 0.133992 0.009568 -0.193822 -0.296466 0.228859 0.114073 0.108470 -0.059929 -0.190477 -0.065552 -0.046262 -0.091157 -0.041770 0.226681 0.184020 -0.201580 -0.325894 0.247854 -0.007840 -0.055555
-0.161645 0.116346 0.186030 -0.022558 1.000000 0.179997 0.377714 -0.064393 -0.263522 0.122744 0.166388 0.428932 0.218522 0.442855 -0.117613 0.017494 0.151186 0.001440 -0.021930 0.121700 0.137537 0.152925 0.052653 -0.011604 0.143589 0.084335 0.520790 0.247783 0.036318 0.188002 -0.123103 -0.209252 -0.130971 0.142453 0.184498 0.351569 -0.070007 -0.130536 -0.215921 0.063800 -0.007480 0.027317 -0.460846 -0.275190 -0.011389 0.239998 -0.243532 -0.438558 -0.281619 -0.083152 -0.197396 0.171174 -0.452052 -0.309906 -0.171216 -0.309520 -0.226534 -0.269362 -0.412914 -0.351668 -0.188011 -0.412483 0.042091 -0.376643 0.103484 0.016316 0.001959 0.258794 -0.237618 -0.032276 -0.169566 0.153608 0.225324 0.171440 0.022593 0.121715 -0.072537 0.190455 -0.134017 -0.248896 0.244716 0.151308 -0.257531 0.145614 -0.216726 -0.006785 -0.242526 0.338667 -0.039827 -0.041514 -0.141122 -0.079766 0.103936 0.201169 0.072132 0.400117 -0.059184 0.105251 -0.261500 -0.303886 0.036529 0.225949 0.157414 0.209242 0.306306 0.267336 0.332636 0.396492 0.292830 0.194743 -0.024487 -0.161272 -0.336472 0.004755 0.068293 0.360107
-0.194922 0.013088 0.291314 0.345970 0.179997 1.000000 0.091385 0.155028 0.067738 0.296968 -0.020112 0.083870 -0.289129 -0.156007 -0.088864 0.150587 -0.007359 0.082378 -0.289373 -0.285846 0.027430 0.011167 0.093349 0.301537 0.201166 0.197287 0.156828 0.191699 -0.209748 0.164772 0.322512 0.000733 0.202225 -0.004259 0.304658 0.254505 -0.096408 0.074417 -0.194597 0.040222 -0.291761 -0.016884 0.213590 0.168921 0.239765 0.284791 -0.044357 0.012225 0.075085 -0.019107 0.106718 0.055470 -0.140715 -0.274511 -0.438402 -0.133172 -0.323659 -0.283603 -0.133438 -0.340372 -0.206805 -0.308244 0.084732 -0.241094 0.060460 0.075309 -0.007630 0.118815 -0.166558 -0.087648 0.156880 0.068583 -0.079500 0.189125 0.016113 0.137674 0.305702 0.414425 -0.208550 0.119543 -0.034124 -0.163837 -0.125725 -0.140638 -0.250108 0.232635 0.021588 -0.029974 -0.362995 -0.425281 -0.200396 -0.077358 0.179068 0.069518 0.087949 0.027430 0.151306 0.108055 -0.273400 -0.157787 0.210364 0.152159 0.252855 0.226131 0.102651 -0.022225 0.127076 0.192863 -0.111935 0.181575 0.193027 -0.095870 -0.213911 0.200289 0.112721 0.012287
-0.129138 0.046810 0.793076 0.240063 0.377714 0.091385 1.000000 0.422572 0.196838 0.298993 -0.034296 0.232065 0.143098 0.292602 -0.342866 0.253397 0.034038 0.190860 0.162416 -0.084558 -0.095378 -0.167273 0.324392 0.340168 0.093742 -0.168467 0.332954 -0.089743 -0.396853 0.365508 -0.036590 -0.114290 -0.173453 0.086211 0.168819 0.131881 -0.333981 -0.069926 -0.664259 0.092316 -0.500046 0.160647 -0.104576 -0.254230 0.036558 0.117651 -0.007342 -0.279960 -0.058581 0.074091 -0.091409 0.001546 -0.237321 -0.198632 -0.441670 -0.186343 -0.388853 -0.282364 -0.298207 -0.363263 -0.224244 -0.224166 0.073946 -0.238719 0.145472 0.187531 0.023440 0.120163 -0.310412 -0.245238 -0.379184 0.135374 -0.086501 0.127511 -0.005919 0.151741 -0.015192 0.113142 -0.086450 -0.287732 -0.152127 0.034000 -0.451365 -0.027498 -0.489149 -0.168833 -0.271031 -0.043106 -0.560494 -0.314441 -0.466968 -0.114247 0.655822 0.394787 0.158181 0.165300 -0.052160 0.125395 -0.237458 -0.213032 0.587971 0.630060 0.333221 0.158224 -0.060934 -0.012819 0.161570 0.118981 0.128554 0.201300 -0.015024 -0.007057 -0.216336 0.566279 0.019132 0.077597
-0.094774 0.265099 0.487989 0.421484 -0.064393 0.155028 0.422572 1.000000 -0.051506 0.656928 -0.203025 0.113106 -0.303074 0.124322 -0.324214 0.413112 -0.264664 0.106453 -0.145667 -0.126734 -0.011623 0.011278 0.041181 0.202466 -0.122308 -0.309199 -0.015705 -0.455677 -0.386817 0.461219 0.170323 0.042806 -0.158585 0.141337 0.052086 -0.038627 -0.197358 0.253472 -0.297710 0.263233 -0.347892 0.495095 0.349243 -0.168015 0.025517 -0.099487 0.002290 -0.034339 -0.017789 -0.071990 0.111238 -0.029823 0.053833 -0.270770 -0.386149 0.190398 -0.399757 -0.571137 -0.318690 -0.469571 -0.467951 -0.240067 0.105159 -0.244965 0.157346 0.640172 -0.303868 -0.219106 -0.224682 -0.346030 -0.173231 0.215850 -0.246883 0.331266 -0.003457 0.395060 0.167349 0.311857 -0.101067 0.030791 -0.136935 -0.115854 -0.450079 -0.244546 -0.355153 -0.061738 -0.055687 -0.284935 -0.412010 -0.232193 -0.240341 -0.171916 0.294439 0.169399 0.098118 -0.098508 0.093989 0.119109 0.004815 0.003257 0.318099 0.302677 0.249547 0.161604 -0.088782 -0.045873 0.010706 -0.083233 -0.124574 0.150266 0.234669 0.370210 0.141701 0.361465 0.160455 -0.108281
-0.146921 -0.227483 0.235733 0.007526 -0.263522 0.067738 0.196838 -0.051506 1.000000 0.088665 -0.064025 -0.288413 0.074621 -0.241798 0.167060 0.147366 -0.325896 -0.175816 0.109492 -0.042566 -0.136676 -0.351531 0.373811 0.406833 0.329153 -0.013437 -0.081578 -0.175917 -0.399539 -0.121381 -0.142042 -0.103460 0.225836 -0.255328 0.045692 -0.049075 -0.264369 -0.107395 -0.369843 -0.236090 -0.323006 -0.244622 0.182476 0.439053 -0.052030 -0.185254 0.170048 0.203036 0.152378 0.087691 0.200335 0.005430 0.059874 0.208856 -0.074240 -0.006254 -0.175232 -0.026916 0.139726 0.130581 -0.084797 0.149561 -0.280581 0.025958 0.065890 -0.065879 0.159989 -0.140096 -0.119364 0.089074 -0.154894 -0.224426 -0.460581 -0.209024 -0.287509 -0.201812 -0.087937 -0.350994 -0.311135 -0.026356 -0.415456 -0.052095 0.074673 -0.059031 -0.056762 -0.035948 -0.131695 -0.295989 -0.290009 -0.204165 0.075638 0.125333 0.382279 0.204141 0.013020 0.097769 -0.120731 0.154948 -0.028903 0.185580 0.332561 0.317915 0.313313 0.275788 0.143079 0.032097 0.246699 0.076742 0.116971 0.181238 -0.112518 0.014868 0.065426 0.242517 0.070514 0.024612
-0.068805 0.007432 0.338402 0.326738 0.122744 0.296968 0.298993 0.656928 0.088665 1.000000 -0.206296 -0.109604 -0.265788 -0.070240 -0.043610 0.212145 -0.363314 -0.014045 -0.243852 -0.146269 -0.032610 -0.247005 -0.052943 0.164420 0.349919 -0.056757 -0.044738 -0.465124 -0.203992 0.298018 0.240934 -0.162422 -0.059738 0.137016 0.212711 0.104805 0.044534 0.109494 -0.203899 -0.036535 -0.203214 0.339255 0.161218 -0.066848 0.130443 -0.011459 -0.070550 -0.038505 0.087161 0.100077 0.189528 0.004160 -0.067266 -0.130819 -0.281983 0.076175 -0.399480 -0.496362 -0.243225 -0.364654 -0.328619 -0.257822 0.038187 -0.160575 0.311662 0.562413 -0.093049 -0.076316 -0.167182 -0.316232 -0.137356 0.075745 -0.074172 0.506882 0.040586 0.473732 0.268835 0.394132 -0.231674 0.046612 -0.187633 -0.054096 -0.449511 -0.250411 -0.240492 0.057527 -0.264502 -0.269899 -0.271698 -0.288683 -0.145971 -0.090573 0.026503 -0.009110 -0.007494 -0.013134 0.045956 0.120493 -0.039502 -0.060262 0.033995 0.096766 0.233812 0.291012 0.138397 0.110224 0.176300 -0.017586 -0.125442 0.169517 0.187215 0.097320 0.055341 0.096625 0.243365 -0.019979
0.431124 -0.016179 -0.129670 -0.332034 0.166388 -0.020112 -0.034296 -0.203025 -0.064025 -0.206296 1.000000 0.228240 0.253149 0.052871 0.134028 -0.249607 0.175484 -0.117608 0.025401 0.193117 0.053884 0.163736 -0.229249 -0.203806 -0.008776 0.108993 0.000709 0.048102 0.216103 -0.196402 0.017484 -0.107487 -0.018424 0.217382 0.157092 0.206112 0.088004 -0.166644 0.194569 0.268945 0.208022 -0.000435 -0.085101 0.027985 0.196593 0.431562 -0.281878 -0.292430 -0.003667 -0.016851 -0.117381 -0.000068 -0.483009 -0.310611 -0.113076 -0.093944 0.121328 0.126529 -0.076351 0.013664 0.226053 -0.208494 -0.031651 -0.114455 0.059095 -0.271529 0.263944 0.350946 -0.262474 0.185871 -0.217865 0.038772 0.164676 -0.244283 0.160519 -0.156044 -0.019286 -0.173416 0.237805 -0.043836 0.324852 0.265657 0.058020 -0.069430 0.094233 -0.031305 -0.167647 -0.048285 0.263140 -0.121984 -0.079393 -0.030313 -0.177987 -0.107379 0.227501 0.175221 -0.048643 0.110603 -0.334834 -0.308957 -0.258131 -0.148221 -0.302969 -0.173415 -0.053916 -0.085045 0.135037 0.169441 0.171383 0.008084 0.027809 -0.137264 -0.062186 -0.307254 -0.193268 0.065592
0.052968 0.461302 0.206937 0.048998 0.428932 0.083870 0.232065 0.113106 -0.288413 -0.109604 0.228240 1.000000 0.250281 0.627248 -0.340729 0.239596 0.280677 0.387766 -0.098515 0.263397 -0.103171 0.250595 -0.129989 -0.128176 -0.399222 -0.307172 0.303466 0.003936 0.095177 0.463689 -0.171254 -0.257089 -0.199281 0.147113 -0.133841 0.055545 -0.104473 -0.221431 -0.039276 0.311938 -0.053653 0.153369 -0.119631 -0.101318 0.012524 0.273038 -0.122138 -0.211310 -0.030079 -0.126528 -0.219356 0.201909 -0.095371 -0.399613 -0.037683 -0.144474 -0.148821 -0.269480 -0.373576 -0.409229 -0.240852 -0.272406 -0.176399 -0.293838 -0.125070 0.077687 -0.275663 0.035774 -0.031669 -0.022833 -0.059278 0.431230 0.290085 0.254499 0.279350 0.445596 0.231290 0.330219 0.106077 -0.066824 0.238897 0.001925 -0.187985 0.097447 -0.308842 0.045977 -0.123550 0.014928 -0.151084 0.023601 0.046644 -0.202895 0.109710 0.120214 0.099238 0.122673 0.106951 0.057228 -0.118851 -0.275218 0.080322 0.156274 0.017991 -0.124271 -0.098993 -0.140077 -0.031218 0.119239 0.147693 0.078229 0.132415 -0.060555 -0.118669 0.066903 -0.136267 0.054378
0.075278 -0.124789 -0.087076 -0.221769 0.218522 -0.289129 0.143098 -0.303074 0.074621 -0.265788 0.253149 0.250281 1.000000 0.465559 0.309788 0.212129 0.210005 0.029504 0.206528 0.286987 0.048288 0.055736 0.136807 -0.120283 0.078596 -0.033565 0.177813 0.121971 0.267593 -0.181492 -0.307791 -0.111301 -0.132681 -0.194187 -0.169919 -0.122504 0.077944 -0.501439 0.059548 -0.123578 0.296626 -0.169455 -0.440538 -0.008841 -0.027442 0.099768 -0.159433 -0.232588 0.057423 0.176596 -0.050209 0.272612 -0.120181 0.178070 0.271129 -0.268980 0.019841 0.202740 -0.048302 0.226130 0.223645 0.048453 -0.165153 0.140433 0.180990 -0.130873 0.192536 0.172136 -0.105986 0.271242 -0.082260 -0.098093 0.186022 -0.189761 0.013665 -0.240702 -0.378361 -0.288484 0.050515 -0.152821 0.088507 -0.047306 0.258340 0.168038 0.194695 -0.254184 -0.112953 0.070188 0.342699 0.179626 0.091915 -0.118112 -0.101561 -0.116809 -0.043284 0.166741 -0.417853 -0.078010 -0.238918 -0.280986 -0.238410 -0.052345 -0.426498 -0.382875 -0.139482 -0.173035 -0.125607 0.065847 0.242919 -0.342657 -0.397758 -0.419900 -0.254845 -0.322759 -0.309376 0.072605
-0.197487 0.284013 0.063414 -0.195412 0.442855 -0.156007 0.292602 0.124322 -0.241798 -0.070240 0.052871 0.627248 0.465559 1.000000 -0.270919 0.326828 0.343436 0.153954 -0.113701 0.127414 0.091663 0.313267 -0.003735 -0.279247 -0.212077 -0.457317 0.512674 0.026241 0.209299 0.331812 -0.293093 -0.154331 -0.191658 0.178517 -0.210121 -0.193145 -0.163402 -0.230047 -0.076360 0.066211 0.025239 0.241103 -0.355287 -0.346162 -0.148976 0.189036 -0.368009 -0.400046 -0.322610 0.177265 -0.421137 0.401591 -0.066321 -0.040539 0.017607 -0.183010 0.041403 -0.023268 -0.402382 -0.124371 -0.248649 -0.019139 -0.014979 0.012838 -0.216303 0.033984 -0.316808 -0.121995 -0.002101 0.266326 0.107824 0.230423 0.327127 0.212670 0.018470 0.277275 -0.198668 0.000403 0.205079 -0.151056 0.425184 0.134449 -0.101500 -0.016264 -0.103914 -0.544098 -0.137056 0.285245 -0.024765 0.276336 0.072374 -0.152776 0.077925 0.084930 0.265791 0.280144 -0.093996 0.115934 0.024508 -0.092008 0.048273 0.174555 -0.124164 -0.125003 -0.057209 -0.086988 -0.127688 0.084583 0.264812 0.007554 -0.133956 0.073600 -0.175915 -0.024198 0.064532 0.179637
0.151529 -0.195504 -0.518128 -0.153337 -0.117613 -0.088864 -0.342866 -0.324214 0.167060 -0.043610 0.134028 -0.340729 0.309788 -0.270919 1.000000 0.102014 -0.243456 -0.159223 0.134692 0.038637 0.078502 -0.211078 -0.062374 -0.182089 0.292319 0.199971 -0.186592 0.110556 0.233763 -0.409262 -0.164507 -0.037061 -0.080103 -0.452067 -0.187484 -0.085434 0.489908 -0.228531 0.385225 -0.422814 0.617586 -0.288586 0.009272 0.383869 0.151122 0.016281 0.002870 0.224991 0.252120 0.231099 0.264579 0.152513 0.049016 0.288404 0.189373 -0.093140 0.023763 0.176269 0.356404 0.478599 0.277398 0.314002 -0.253999 0.312426 0.311221 0.000571 0.291233 0.015022 0.076474 0.072413 -0.067209 -0.462135 -0.041224 -0.233663 -0.212412 -0.293216 -0.333499 -0.274343 -0.130909 0.057760 -0.088286 0.045296 0.593129 0.162662 0.570849 0.133075 0.132334 0.136116 0.589596 0.340418 0.070484 0.093399 -0.564429 -0.371160 -0.248019 -0.220147 -0.362377 -0.341251 -0.156290 -0.033343 -0.559991 -0.599625 -0.453092 -0.311474 -0.071626 -0.110645 -0.156128 -0.212119 -0.133699 -0.347424 -0.340625 -0.331183 0.218143 -0.581431 -0.336184 -0.191169
-0.106326 0.333796 0.145134 0.127329 0.017494 0.150587 0.253397 0.413112 0.147366 0.212145 -0.249607 0.239596 0.212129 0.326828 0.102014 1.000000 -0.140641 0.236317 -0.143819 -0.013938 0.079595 -0.021311 0.038051 -0.010351 -0.161712 -0.508171 0.190744 -0.290827 -0.307148 0.263893 -0.324964 -0.228596 -0.205127 -0.345904 -0.173162 -0.280539 -0.215233 0.031784 -0.143348 0.066972 -0.143335 0.227794 0.235107 -0.040431 -0.034840 -0.255100 -0.030098 0.096086 0.023620 0.013624 0.110487 0.176653 0.022422 -0.157149 -0.171543 0.020419 -0.388471 -0.431221 -0.175771 -0.143733 -0.392383 0.055894 -0.138587 -0.068085 0.253355 0.549850 -0.271748 -0.374881 -0.018541 -0.142423 0.069505 -0.033940 -0.325940 0.174390 -0.200992 0.165099 -0.146686 0.110678 -0.183311 -0.038074 -0.215949 -0.203388 -0.052116 -0.084906 -0.249242 -0.108233 0.121981 -0.135444 -0.229709 0.059572 0.079903 -0.051996 0.213704 0.103865 0.103349 0.023076 -0.084952 0.061144 0.114730 0.089200 0.237761 0.159197 0.174247 0.131693 0.036380 0.070205 -0.239503 -0.051241 0.088000 0.009993 0.101382 0.225955 0.157882 0.286994 0.212924 0.034792
0.036977 -0.087850 -0.118770 -0.101179 0.151186 -0.007359 0.034038 -0.264664 -0.325896 -0.363314 0.175484 0.280677 0.210005 0.343436 -0.243456 -0.140641 1.000000 0.305272 0.044459 0.106118 0.042808 0.110637 -0.013034 -0.196104 -0.318232 -0.164028 0.372854 0.291535 0.374682 0.096991 -0.146949 0.169002 0.166418 0.293497 -0.047917 -0.000759 0.011128 -0.159605 -0.004252 0.142946 -0.041023 -0.002941 -0.193564 -0.266624 -0.097980 0.232930 -0.138205 -0.162244 -0.236736 -0.045347 -0.448424 0.053152 -0.279680 0.033567 0.034059 -0.066312 0.487029 0.342265 -0.189201 -0.040039 0.056146 -0.162147 0.353032 0.139662 -0.455549 -0.444403 0.063440 0.208726 0.139994 0.310341 0.239968 -0.025346 0.383617 0.060332 0.085068 0.047145 -0.027213 0.040007 0.599043 0.306937 0.657456 0.334603 0.052067 0.024286 0.112358 -0.225165 -0.208988 0.462001 -0.055964 0.080669 -0.149415 0.051111 -0.048046 -0.004904 0.175725 0.020908 0.056363 0.008714 0.022638 -0.067471 0.054142 -0.047686 -0.175442 -0.250277 -0.251087 -0.207187 -0.230638 -0.120166 -0.059979 -0.031387 -0.108299 -0.151541 -0.319020 -0.037389 -0.118059 -0.114583
0.073665 0.247433 0.143835 0.212925 0.001440 0.082378 0.190860 0.106453 -0.175816 -0.014045 -0.117608 0.387766 0.029504 0.153954 -0.159223 0.236317 0.305272 1.000000 0.045407 0.308541 0.061170 0.027528 -0.027039 0.001852 -0.191942 -0.205896 0.289086 0.035001 0.204650 0.347643 -0.184463 -0.013002 -0.279281 -0.120457 -0.238438 -0.190463 0.042503 -0.020379 0.009198 0.063181 0.042572 0.296643 0.074260 -0.183458 -0.144486 -0.177643 0.000139 -0.045610 -0.024816 -0.145199 -0.146090 -0.111235 0.036883 -0.230241 0.025588 -0.211584 -0.159525 -0.055214 -0.062390 -0.153217 -0.089970 -0.007855 0.066752 0.110839 -0.186348 -0.075955 -0.308962 -0.141464 -0.015642 0.023790 0.168267 0.041462 0.198362 0.286030 0.125183 0.235917 0.116271 0.133260 0.108498 -0.064561 0.029208 -0.015068 0.028934 0.514310 -0.160071 0.267731 0.103520 0.077586 -0.099908 0.056368 -0.029077 -0.364602 0.022575 -0.097497 0.106660 0.064180 0.052650 0.047688 -0.038721 -0.231739 -0.027779 0.023734 0.009185 -0.134790 -0.090155 -0.051565 -0.238817 -0.097069 0.097254 0.009207 0.171825 -0.026603 -0.087856 -0.010741 0.057030 -0.028075
0.485872 0.218356 0.135417 -0.258386 -0.021930 -0.289373 0.162416 -0.145667 0.109492 -0.243852 0.025401 -0.098515 0.206528 -0.113701 0.134692 -0.143819 0.044459 0.045407 1.000000 0.210721 -0.338667 -0.408443 0.064265 -0.136750 -0.061299 -0.148560 -0.217388 -0.116494 -0.132020 -0.070667 -0.238414 -0.147273 0.005185 0.018254 -0.250035 -0.048997 0.021539 -0.000836 -0.197636 -0.218691 0.072670 -0.065186 -0.016189 0.021850 0.073272 -0.206600 0.140474 0.029847 0.188337 -0.144709 0.174034 -0.141870 0.058887 0.061454 -0.040891 -0.285354 0.125128 0.262978 0.441285 0.171755 0.464578 0.181780 0.056727 0.225501 0.330002 -0.143075 0.145129 0.065928 0.025904 -0.191719 -0.376225 -0.271103 0.000780 -0.227128 0.165790 -0.173503 -0.036993 -0.200546 0.103979 0.011107 -0.130482 0.064688 0.114166 0.151920 0.042924 -0.057780 0.001981 -0.143901 0.131688 -0.115691 -0.268233 0.097246 0.054823 0.283590 -0.311054 -0.307987 -0.410697 -0.353083 -0.187069 0.039080 0.081004 0.083368 -0.026037 -0.103476 -0.214670 -0.207040 -0.047167 -0.184088 -0.268151 -0.384256 -0.389639 -0.207664 0.160189 -0.057242 -0.473241 -0.329993
0.248275 0.192263 -0.143394 -0.344806 0.121700 -0.285846 -0.084558 -0.126734 -0.042566 -0.146269 0.193117 0.263397 0.286987 0.127414 0.038637 -0.013938 0.106118 0.308541 0.210721 1.000000 -0.037413 0.103497 -0.202090 -0.277247 -0.126452 -0.188876 0.056347 -0.120117 0.391561 -0.005666 -0.254473 -0.163808 -0.190203 0.060320 -0.374949 -0.340134 0.098099 -0.269481 0.099961 0.049700 0.182090 -0.198045 -0.220647 -0.100200 -0.220781 -0.251084 0.007907 -0.061780 -0.038192 -0.123850 -0.275425 -0.163809 0.041844 -0.167540 0.116306 -0.177798 0.075188 0.041134 0.130815 0.029029 0.090766 -0.076622 -0.305300 -0.138336 -0.067860 -0.238206 -0.239904 -0.161990 0.003101 0.416660 0.008371 0.199665 0.241343 0.069094 0.239583 0.007486 -0.019471 -0.295270 0.251248 -0.102549 0.129605 0.192120 0.111344 0.468967 -0.074114 -0.023212 -0.170236 -0.036322 0.286587 -0.002714 0.510623 0.085910 -0.101473 0.045171 -0.164038 0.239357 -0.152624 0.138133 0.008970 -0.112236 -0.256590 0.012109 -0.112667 -0.016910 0.184253 0.043724 0.105122 0.160939 0.318398 -0.189071 -0.023761 0.005335 0.067245 -0.291679 0.042411 0.143896
-0.118107 -0.087939 -0.153875 0.058985 0.137537 0.027430 -0.095378 -0.011623 -0.136676 -0.032610 0.053884 -0.103171 0.048288 0.091663 0.078502 0.079595 0.042808 0.061170 -0.338667 -0.037413 1.000000 0.601559 0.014569 -0.067922 0.072774 0.149914 0.388785 0.260606 0.177434 0.064761 -0.073656 0.271623 -0.145042 -0.203522 -0.131862 0.052126 -0.054149 0.218053 0.376294 0.256596 0.349602 0.363900 -0.055375 -0.247177 -0.174569 -0.096614 -0.201540 -0.217465 -0.232079 0.091338 -0.010394 0.188964 -0.202047 -0.081072 0.018381 -0.005589 -0.073736 -0.027797 -0.385205 -0.071926 -0.192687 -0.033328 0.132765 -0.040415 -0.046066 0.019135 -0.173673 -0.127985 0.118241 0.073421 0.390047 0.166196 0.016680 0.090855 -0.215279 -0.148742 -0.276811 -0.090872 -0.109582 -0.030813 0.077424 -0.147897 -0.016975 -0.017845 0.006720 0.030653 -0.064838 0.315699 0.198392 0.338947 0.125976 -0.137037 -0.255144 -0.322832 0.329233 0.272436 0.126365 0.162274 0.077009 -0.161031 -0.255293 -0.215074 -0.111362 0.003227 0.134060 0.275578 -0.134395 0.134617 0.231051 0.052772 0.072034 0.151254 -0.135517 -0.142407 0.284275 0.323942
-0.243689 -0.044906 -0.109895 -0.070515 0.152925 0.011167 -0.167273 0.011278 -0.351531 -0.247005 0.163736 0.250595 0.055736 0.313267 -0.211078 -0.021311 0.110637 0.027528 -0.408443 0.103497 0.601559 1.000000 -0.069767 -0.148926 -0.161531 0.168500 0.333065 0.379180 0.298570 0.263674 0.118293 0.389716 -0.265067 -0.019984 -0.075625 -0.045089 -0.027111 0.093503 0.264423 0.296151 0.243418 0.111202 -0.184429 -0.170722 -0.278577 0.092354 -0.265739 -0.282269 -0.327497 -0.015015 -0.173491 0.199915 -0.062098 -0.240348 0.004624 0.038479 0.051309 -0.028911 -0.485292 -0.220424 -0.338257 -0.212001 -0.020935 -0.181214 -0.250633 -0.162965 -0.335751 -0.153265 -0.062392 0.267471 0.186721 0.553179 0.139102 0.109995 0.151276 0.046515 -0.082243 -0.008262 0.097311 -0.107970 0.345186 -0.098686 0.035789 -0.017514 0.026352 -0.031062 0.155036 0.325565 0.136089 0.134678 0.238959 -0.201924 -0.143244 -0.332342 0.247027 0.269179 0.216461 0.268711 0.147375 -0.080013 -0.171680 -0.134896 -0.128519 -0.131450 0.150787 0.210155 -0.017207 0.316761 0.222017 0.132676 0.089057 0.203598 -0.243421 -0.131419 0.184985 0.361095
-0.438827 -0.274586 0.409641 0.489725 0.052653 0.093349 0.324392 0.041181 0.373811 -0.052943 -0.229249 -0.129989 0.136807 -0.003735 -0.062374 0.038051 -0.013034 -0.027039 0.064265 -0.202090 0.014569 -0.069767 1.000000 0.793892 0.132425 0.248401 0.214679 0.229575 -0.376026 0.031567 0.097007 0.414754 0.012909 -0.243859 0.060803 0.113322 -0.298044 -0.235685 -0.499001 -0.236063 -0.307947 -0.050490 -0.134365 0.040875 -0.184170 -0.074338 -0.017337 -0.187037 -0.100546 0.054430 0.289697 -0.008833 0.083235 0.210632 -0.017313 -0.260986 -0.303364 -0.184077 -0.205575 -0.017753 -0.217263 -0.097638 -0.019104 -0.145722 0.058529 0.070108 0.025052 0.081172 -0.469412 -0.001578 -0.049177 -0.113400 -0.280351 -0.249321 -0.331352 -0.257905 -0.259109 -0.128476 -0.313010 -0.174244 -0.144420 -0.167143 0.154667 0.169812 0.153879 0.020600 0.258752 0.008337 -0.212341 -0.090699 -0.317960 -0.276575 0.468261 0.163627 0.034918 0.170929 -0.186714 0.090206 -0.347494 -0.167338 0.416967 0.441830 0.152082 -0.014168 -0.122932 -0.042140 0.089419 0.155805 0.082767 0.118406 -0.173992 -0.124534 -0.312152 0.281772 -0.117798 0.065356
-0.437457 -0.332762 0.551899 0.754065 -0.011604 0.301537 0.340168 0.202466 0.406833 0.164420 -0.203806 -0.128176 -0.120283 -0.279247 -0.182089 -0.010351 -0.196104 0.001852 -0.136750 -0.277247 -0.067922 -0.148926 0.793892 1.000000 0.232578 0.447740 0.044782 0.166656 -0.489114 0.053859 0.378118 0.390054 -0.000694 -0.151368 0.392598 0.348565 -0.278407 -0.069671 -0.505623 -0.044606 -0.431916 -0.003378 0.057127 0.154799 0.007798 0.006847 0.038851 -0.133253 0.105967 -0.032456 0.417008 -0.133879 0.016166 -0.035531 -0.109007 -0.167497 -0.481104 -0.370316 -0.191431 -0.218744 -0.228859 -0.242917 -0.021945 -0.325792 0.057275 0.187632 0.101755 0.190211 -0.513385 -0.222532 -0.097858 -0.051454 -0.398759 -0.117360 -0.163547 -0.125901 0.047220 0.128555 -0.448130 -0.214558 -0.377257 -0.335095 -0.030486 0.104132 -0.040845 0.313459 0.156002 -0.186858 -0.408139 -0.354842 -0.338566 -0.329164 0.551566 0.194983 0.024001 0.124650 -0.036084 0.070107 -0.381363 -0.274300 0.484389 0.486671 0.309310 0.112468 -0.043630 -0.013616 0.254144 0.170668 0.070173 0.278135 0.143167 -0.169372 -0.301333 0.412242 0.001659 0.054669
-0.206305 -0.545937 0.116251 0.096881 0.143589 0.201166 0.093742 -0.122308 0.329153 0.349919 -0.008776 -0.399222 0.078596 -0.212077 0.292319 -0.161712 -0.318232 -0.191942 -0.061299 -0.126452 0.072774 -0.161531 0.132425 0.232578 1.000000 0.507865 -0.079146 0.048751 0.093949 -0.069686 0.261720 0.087925 0.154571 -0.074743 0.203387 0.006628 0.116068 -0.042037 -0.125688 -0.262607 0.061003 -0.228343 -0.365027 0.080180 -0.033400 0.117940 -0.181206 -0.247203 0.024789 0.309589 0.091124 0.156666 -0.166198 0.087142 -0.012453 -0.018505 -0.212555 -0.025523 0.037111 0.149388 0.027304 0.006286 0.047139 0.051131 0.156545 -0.085072 0.315241 0.179441 -0.288719 0.066235 0.034952 -0.085027 0.048152 0.141298 0.040702 -0.011378 0.106658 -0.051266 -0.205013 -0.165489 -0.121172 0.139332 0.093303 0.025232 0.214263 0.179581 -0.173342 0.021303 0.075348 -0.108771 -0.117460 -0.087149 -0.041576 -0.204170 0.014694 0.191529 -0.186209 0.023582 -0.263208 -0.216637 -0.163817 -0.069132 -0.114423 0.005519 0.184623 0.138112 0.243093 0.091958 0.234914 -0.063819 -0.380494 -0.435761 -0.315647 -0.167095 0.143920 0.116219
-0.270051 -0.603702 0.000260 0.286783 0.084335 0.197287 -0.168467 -0.309199 -0.013437 -0.056757 0.108993 -0.307172 -0.033565 -0.457317 0.199971 -0.508171 -0.164028 -0.205896 -0.148560 -0.188876 0.149914 0.168500 0.248401 0.447740 0.507865 1.000000 -0.094933 0.529582 0.054125 -0.251958 0.508571 0.539211 -0.073677 -0.088307 0.455277 0.456912 0.143534 -0.025809 0.024599 -0.125864 0.167566 -0.337390 -0.277055 0.183278 0.032596 0.185555 0.092697 -0.080907 0.031382 -0.034795 0.286748 -0.150039 -0.149304 0.007662 0.088360 0.013694 -0.126081 0.051165 -0.103061 -0.015465 0.052014 -0.264870 0.091857 -0.097452 0.083017 -0.226527 0.309787 0.401144 -0.269855 -0.080356 -0.051216 0.003257 -0.039105 -0.173797 0.126315 -0.269194 0.035651 0.090444 -0.317139 -0.279743 -0.120469 -0.158975 0.173079 0.195240 0.282527 0.458044 0.099092 0.141013 0.150053 -0.145174 -0.162302 -0.108313 -0.087250 -0.238652 -0.178262 -0.023136 -0.016070 -0.133078 -0.309942 -0.323967 -0.150252 -0.117534 -0.042043 -0.109608 0.146869 0.131753 0.347374 0.273231 -0.000215 -0.055590 -0.040609 -0.426433 -0.252361 -0.137181 -0.148007 0.110969
-0.251142 0.056129 0.126597 -0.020997 0.520790 0.156828 0.332954 -0.015705 -0.081578 -0.044738 0.000709 0.303466 0.177813 0.512674 -0.186592 0.190744 0.372854 0.289086 -0.217388 0.056347 0.388785 0.333065 0.214679 0.044782 -0.079146 -0.094933 1.000000 0.506254 0.179705 0.181244 -0.187700 0.160459 -0.286518 0.098977 -0.011919 0.002442 -0.248420 -0.185546 -0.180953 0.081063 -0.005836 0.133181 -0.269985 -0.398418 -0.106515 0.146297 -0.399333 -0.348176 -0.403443 0.132850 -0.295515 0.153760 -0.167053 -0.022901 -0.120557 -0.331192 -0.122648 0.082669 -0.404409 -0.080697 -0.295805 -0.128046 0.029516 0.022967 -0.278749 -0.164830 -0.120578 0.036860 -0.046717 0.271499 0.149868 0.068245 0.178279 0.181200 -0.119334 0.021290 -0.296408 -0.054692 -0.028004 -0.158362 0.317494 -0.020284 -0.025041 0.277165 -0.112394 -0.230807 -0.067634 0.600311 -0.116194 0.187635 -0.024652 -0.207054 0.136610 0.041199 0.213783 0.322731 -0.040095 0.112269 -0.065724 -0.179652 0.118361 0.208722 0.029728 0.005383 -0.000770 -0.056862 -0.063499 0.126248 0.221276 0.180038 0.012618 -0.023563 -0.249975 0.063696 0.152943 0.188447
-0.332678 -0.285496 -0.175581 0.124662 0.247783 0.191699 -0.089743 -0.455677 -0.175917 -0.465124 0.048102 0.003936 0.121971 0.026241 0.110556 -0.290827 0.291535 0.035001 -0.116494 -0.120117 0.260606 0.379180 0.229575 0.166656 0.048751 0.529582 0.506254 1.000000 0.248809 -0.139772 0.145621 0.511264 -0.089330 -0.067552 0.107228 0.236092 0.020275 -0.205684 0.037890 -0.087515 0.222735 -0.310374 -0.237398 0.058019 -0.018760 0.304597 -0.196154 -0.116619 -0.158372 0.073875 -0.049342 0.122967 0.012022 0.085536 0.105373 -0.255808 0.143547 0.421136 -0.086089 0.150290 0.070000 -0.032641 -0.034967 0.162254 -0.378197 -0.512988 0.185247 0.316397 0.044024 0.245301 0.107257 -0.017608 0.126671 -0.229617 0.026691 -0.330723 -0.226975 -0.120977 -0.067970 -0.175088 0.243027 -0.063961 0.374406 0.318449 0.266116 0.167649 0.147219 0.670903 0.134569 0.183281 -0.051601 -0.216754 -0.088456 -0.178595 -0.053754 0.031590 -0.072743 -0.165952 -0.128716 -0.172909 -0.062651 -0.154324 -0.166632 -0.313402 -0.092575 -0.183622 0.022589 0.023100 0.000444 -0.024499 -0.112459 -0.378654 -0.287828 -0.182009 -0.231971 0.050335
0.128921 -0.222269 -0.523380 -0.320182 0.036318 -0.209748 -0.396853 -0.386817 -0.399539 -0.203992 0.216103 0.095177 0.267593 0.209299 0.233763 -0.307148 0.374682 0.204650 -0.132020 0.391561 0.177434 0.298570 -0.376026 -0.489114 0.093949 0.054125 0.179705 0.248809 1.000000 0.023025 0.058191 0.109395 -0.113093 0.245602 -0.225365 -0.302621 0.484292 -0.234096 0.562608 -0.060569 0.626394 -0.123476 -0.369180 -0.227274 -0.086735 0.181805 -0.389340 -0.265711 -0.117218 0.153734 -0.505640 0.011083 -0.014036 0.025079 0.379153 -0.105937 0.362557 0.350750 0.087102 0.233575 0.251291 0.033236 -0.034074 0.270101 -0.371919 -0.442282 -0.038206 0.086149 0.153563 0.483204 0.318651 0.136280 0.751168 0.246324 0.351266 0.048315 0.022149 -0.083723 0.439313 0.091831 0.613706 0.250790 0.428544 0.242213 0.484749 -0.050367 -0.070897 0.489394 0.601804 0.275918 0.327132 -0.087006 -0.657860 -0.572397 0.009111 0.159116 0.015660 0.004354 0.139287 -0.187628 -0.721377 -0.601542 -0.683438 -0.446874 -0.097038 -0.165149 -0.219548 -0.078262 0.164088 -0.128345 -0.185858 -0.269232 -0.247013 -0.726149 -0.044390 0.065346
-0.155851 0.191071 0.452470 0.261562 0.188002 0.164772 0.365508 0.461219 -0.121381 0.298018 -0.196402 0.463689 -0.181492 0.331812 -0.409262 0.263893 0.096991 0.347643 -0.070667 -0.005666 0.064761 0.263674 0.031567 0.053859 -0.069686 -0.251958 0.181244 -0.139772 0.023025 1.000000 0.140677 0.095909 -0.051922 0.251170 -0.043357 -0.038818 -0.075018 0.190153 -0.257116 0.178479 -0.205066 0.322840 0.082038 -0.186355 -0.063312 0.089296 -0.129632 -0.285281 -0.029056 -0.105145 -0.104623 0.020055 -0.067299 -0.496130 -0.135052 0.006181 -0.278642 -0.463004 -0.458135 -0.616837 -0.480887 -0.408584 0.003741 -0.250530 -0.050777 0.256832 -0.426060 -0.170265 -0.082105 -0.237807 0.070311 0.568285 0.289191 0.565692 0.337185 0.567377 0.481615 0.451356 -0.008949 0.064564 0.170966 0.058291 -0.273155 -0.157406 -0.275768 0.142647 -0.084559 0.063843 -0.374795 -0.196582 -0.171770 -0.308015 0.212992 -0.058338 0.098734 -0.037870 0.145422 0.114014 0.075856 -0.117889 0.298458 0.136092 0.221295 -0.008400 -0.110029 -0.050895 -0.020530 -0.056814 -0.159700 0.238840 0.111546 0.154623 -0.167335 0.207338 0.020889 -0.009417
-0.178313 -0.390824 0.269005 0.390491 -0.123103 0.322512 -0.036590 0.170323 -0.142042 0.240934 0.017484 -0.171254 -0.307791 -0.293093 -0.164507 -0.324964 -0.146949 -0.184463 -0.238414 -0.254473 -0.073656 0.118293 0.097007 0.378118 0.261720 0.508571 -0.187700 0.145621 0.058191 0.140677 1.000000 0.485522 -0.007716 0.311899 0.409965 0.229662 0.274855 0.099089 -0.092330 -0.116951 -0.043166 -0.077872 0.030178 -0.014407 0.310296 0.367029 -0.162944 -0.197681 0.299201 0.042832 0.209754 -0.243356 -0.019339 -0.257134 0.029452 0.010162 -0.306862 -0.216450 -0.079190 -0.220037 -0.127514 -0.446797 -0.008139 -0.373500 0.085045 -0.017128 0.016900 0.222579 -0.340128 -0.168755 0.052210 0.413398 0.216354 0.146944 0.353293 0.109627 0.456024 0.398774 -0.164853 -0.010850 -0.012456 -0.083102 -0.037691 -0.196170 0.065880 0.159659 0.173113 -0.152155 -0.073850 -0.481133 -0.147084 -0.298494 0.014988 -0.273012 -0.135154 -0.114522 0.112716 -0.040054 -0.128982 -0.196096 -0.010084 -0.060953 -0.054244 -0.100487 -0.041417 -0.080684 0.198469 0.074028 -0.198095 0.061140 0.040281 -0.112387 -0.250594 -0.043975 -0.019363 -0.028479
-0.305558 -0.453758 0.005823 0.343914 -0.209252 0.000733 -0.114290 0.042806 -0.103460 -0.162422 -0.107487 -0.257089 -0.111301 -0.154331 -0.037061 -0.228596 0.169002 -0.013002 -0.147273 -0.163808 0.271623 0.389716 0.414754 0.390054 0.087925 0.539211 0.160459 0.511264 0.109395 0.095909 0.485522 1.000000 -0.147740 0.075485 0.168645 0.163825 0.064653 -0.063558 -0.067827 -0.072090 0.095546 -0.088695 -0.062804 -0.137474 -0.078083 0.094425 -0.110882 -0.107112 -0.083061 0.045190 0.179572 -0.127930 0.096476 0.047386 0.139411 0.074746 -0.039242 0.059017 -0.270072 -0.036700 -0.188737 -0.216806 0.137666 0.002343 -0.193547 -0.134028 -0.087301 0.051158 -0.220648 0.032435 0.246656 0.133636 0.012832 -0.018138 0.084833 -0.088820 -0.032470 0.046033 -0.077503 -0.076482 0.145825 -0.149896 0.262571 0.074866 0.417387 0.140599 0.267516 0.303550 0.058801 0.058272 -0.181536 -0.192325 -0.019645 -0.278198 -0.088209 -0.218482 -0.134657 -0.189305 -0.023340 -0.092113 0.044605 -0.107377 -0.118323 -0.339280 -0.237506 -0.187141 -0.026133 -0.099821 -0.213878 -0.179959 -0.094502 -0.081129 -0.137769 -0.063378 -0.201536 -0.179400
-0.111671 -0.152316 -0.083677 -0.061012 -0.130971 0.202225 -0.173453 -0.158585 0.225836 -0.059738 -0.018424 -0.199281 -0.132681 -0.191658 -0.080103 -0.205127 0.166418 -0.279281 0.005185 -0.190203 -0.145042 -0.265067 0.012909 -0.000694 0.154571 -0.073677 -0.286518 -0.089330 -0.113093 -0.051922 -0.007716 -0.147740 1.000000 0.204343 -0.014540 -0.005193 -0.112027 0.087358 -0.135018 -0.026833 -0.392993 -0.219081 0.171998 0.307482 -0.095095 0.031680 0.191094 0.211377 0.029669 -0.049846 -0.179134 0.078087 0.007278 0.189436 0.045181 0.231800 0.352596 0.190380 0.187875 0.099624 0.113568 0.035685 0.147239 0.079514 -0.195650 -0.261381 0.176410 0.007668 0.102026 0.278593 0.242150 -0.049176 -0.019129 -0.163143 -0.222439 -0.169691 0.173305 -0.140358 0.112640 0.409937 0.068106 0.335330 -0.074243 -0.243010 -0.075076 -0.042543 -0.211721 -0.145907 -0.217324 -0.164130 -0.036831 0.163320 0.137605 0.162025 0.070791 0.056446 0.143514 0.191377 0.049071 0.294147 0.195685 0.040394 0.086294 0.102039 -0.000818 -0.048848 0.159268 -0.100843 -0.035072 0.047748 -0.224750 0.037752 -0.057200 0.100761 0.047619 -0.054879
0.139270 0.022978 0.114782 -0.212996 0.142453 -0.004259 0.086211 0.141337 -0.255328 0.137016 0.217382 0.147113 -0.194187 0.178517 -0.452067 -0.345904 0.293497 -0.120457 0.018254 0.060320 -0.203522 -0.019984 -0.243859 -0.151368 -0.074743 -0.088307 0.098977 -0.067552 0.245602 0.251170 0.311899 0.075485 0.204343 1.000000 0.175115 0.143513 -0.088897 -0.012265 -0.157813 0.170815 -0.228200 0.055657 0.006477 -0.265070 0.125951 0.270950 -0.262868 -0.179235 -0.124806 0.000524 -0.382911 -0.160405 -0.107828 -0.229139 -0.102610 -0.003293 0.299566 0.086363 -0.139601 -0.220554 0.054101 -0.302243 0.160254 -0.036405 -0.236358 -0.108796 -0.155899 0.091082 0.035497 0.107640 0.048423 0.267573 0.342793 0.249109 0.366303 0.198577 0.354548 0.246831 0.355594 0.075685 0.388260 0.158476 -0.292716 -0.241807 -0.148254 -0.232323 -0.308682 0.072495 -0.191970 -0.319650 -0.170999 0.100190 0.073741 0.158507 0.023943 -0.017939 0.096900 -0.011200 0.077107 0.026611 0.136346 0.120883 -0.004819 0.035544 -0.115932 -0.230383 0.173952 -0.041114 -0.154650 0.060265 0.082037 0.100600 0.006363 0.010498 0.052464 -0.058774
-0.179957 -0.355483 0.179462 0.233716 0.184498 0.304658 0.168819 0.052086 0.045692 0.212711 0.157092 -0.133841 -0.169919 -0.210121 -0.187484 -0.173162 -0.047917 -0.238438 -0.250035 -0.374949 -0.131862 -0.075625 0.060803 0.392598 0.203387 0.455277 -0.011919 0.107228 -0.225365 -0.043357 0.409965 0.168645 -0.014540 0.175115 1.000000 0.637239 -0.077432 0.189755 -0.199907 0.179042 -0.250193 -0.014755 0.052099 0.007417 0.370723 0.311750 0.017326 -0.163085 0.052158 -0.214730 0.175198 -0.310712 -0.408723 -0.198404 -0.158808 0.120152 -0.231936 -0.235290 -0.248703 -0.393759 -0.126011 -0.513281 0.356552 -0.255471 0.090944 0.085331 0.434887 0.542546 -0.300653 -0.314952 -0.204652 -0.066346 -0.093535 0.010371 0.162565 0.066653 0.122544 0.331716 -0.406484 -0.169062 -0.098716 -0.202149 -0.256467 -0.275273 -0.040738 0.174603 0.003367 -0.083174 -0.265414 -0.439104 -0.332715 0.020042 0.179989 0.021116 -0.013157 -0.046246 0.089269 -0.022143 -0.073760 -0.197020 0.201723 0.147276 0.231100 0.175238 0.080144 0.096706 0.256514 0.134944 -0.121830 0.252257 0.431797 -0.042182 -0.192321 0.217625 0.068071 0.023794
-0.038954 -0.094511 0.140952 0.299384 0.351569 0.254505 0.131881 -0.038627 -0.049075 0.104805 0.206112 0.055545 -0.122504 -0.193145 -0.085434 -0.280539 -0.000759 -0.190463 -0.048997 -0.340134 0.052126 -0.045089 0.113322 0.348565 0.006628 0.456912 0.002442 0.236092 -0.302621 -0.038818 0.229662 0.163825 -0.005193 0.143513 0.637239 1.000000 -0.048759 -0.010023 -0.100235 0.115016 -0.089430 0.071214 0.128954 0.107308 0.407475 0.375380 0.044585 -0.069946 0.165719 -0.159580 0.278241 -0.082182 -0.275483 -0.132137 -0.067086 -0.061844 -0.200274 -0.174457 -0.218527 -0.319041 -0.001083 -0.418325 0.194532 -0.225561 0.113831 0.084227 0.289795 0.498767 -0.126952 -0.444796 -0.229277 -0.098592 -0.128187 -0.057243 0.003352 0.033677 0.036111 0.291336 -0.394981 -0.120210 -0.165019 -0.318740 -0.228973 -0.216077 -0.054412 0.283825 -0.040170 0.022858 -0.159495 -0.214176 -0.360350 0.028683 0.060713 0.106725 -0.188570 -0.138874 -0.054891 -0.245060 -0.188396 -0.146388 0.127823 0.081020 0.252435 0.125923 0.021923 0.024463 0.237359 0.081602 -0.238448 0.168472 0.316487 -0.064998 -0.037778 0.098764 -0.220350 -0.116881
