1.000000 0.465047 -0.074975 -0.017000 0.034318 -0.007298 0.185128 -0.110443 0.236597 0.188290 0.545748 0.233445 0.288040 0.000687 0.380778 0.220540 0.184829 0.053832 0.437778 0.141827 -0.222109 -0.271265 -0.006664 0.130333 -0.376844 0.124321 -0.073622 0.220868 0.089968 -0.364443 -0.275068 -0.204441 -0.049822 -0.313737 0.046829 0.220115 -0.269569 -0.200550 0.129386 -0.067131 -0.249118 -0.265070 -0.130599 0.050694 -0.325788 -0.172345 -0.250354 -0.278058 -0.184174 -0.156902 0.151255 0.044436 -0.252915 -0.252898 0.129339 0.232304 0.270880 0.088811 0.025677 -0.125994 0.252695 0.187764 0.047876 0.048639 0.175920 0.123795 -0.403629 -0.432284 0.196670 0.078387 -0.082187 -0.068943 -0.347752 -0.344000 0.020457 -0.254086 0.027904 -0.094696 -0.200618 0.021800 -0.300627 -0.339317 0.257039 -0.266877 0.286712 -0.035850 0.225165 0.133524 0.417632 0.278354 -0.303256 -0.103413 0.026616 0.036516 -0.050952 -0.096202 0.096267 -0.073856 0.152053 0.036332 0.059646 0.227779 0.053157 0.111446 0.030427 0.014301 -0.105516 -0.054022 0.193141 0.001998 -0.030966 -0.171537 0.028829 0.196890 0.048696 -0.127381
0.465047 1.000000 0.002288 0.283107 0.026737 -0.121425 0.432556 0.395035 0.161039 0.425131 0.743047 0.756441 0.588757 0.614422 0.430996 0.601182 0.234524 0.395952 0.182705 0.259209 -0.275586 -0.402698 -0.261860 -0.178501 -0.459362 -0.341235 -0.120192 -0.328640 0.048747 0.341154 -0.428733 -0.387303 -0.225990 -0.060380 -0.222000 0.333046 -0.257931 -0.208286 -0.090347 -0.252454 -0.123902 -0.034475 -0.522787 -0.281799 -0.570468 -0.057823 -0.453242 -0.398804 -0.043310 -0.251818 0.198416 0.119739 -0.146372 -0.379407 -0.044674 -0.002780 -0.226866 -0.212286 -0.352166 -0.283161 0.067204 0.337847 -0.005455 0.033447 0.731912 0.605881 -0.594767 -0.541021 -0.296018 -0.107217 -0.025153 -0.115686 0.007555 0.032719 0.180466 0.041604 0.198962 0.134314 -0.471599 -0.239073 -0.443766 -0.441787 0.020443 0.145400 0.156478 0.058086 0.016332 0.112442 0.536628 0.556187 -0.121146 -0.127023 0.110143 0.009744 -0.255921 -0.192361 -0.287886 -0.203568 -0.279422 -0.415419 0.146309 0.265823 -0.051789 0.061352 -0.127751 0.006870 -0.088972 0.187363 0.012319 -0.297480 -0.489309 -0.266573 -0.028632 -0.198833 -0.251886 -0.264958
-0.074975 0.002288 1.000000 0.312145 0.429942 0.228554 0.666865 0.485240 0.420861 0.091011 0.000788 0.149626 0.290409 0.291096 0.004728 0.061193 -0.123554 -0.100105 0.399317 0.307024 0.452286 0.146515 0.622955 0.103616 0.066066 0.034225 0.479041 -0.036395 -0.272119 0.168621 0.451893 0.136076 0.007355 0.444987 0.199002 0.199183 0.374838 0.237366 0.229865 0.066570 0.178619 0.389855 -0.084764 -0.269115 -0.077075 0.042595 -0.087121 -0.047048 -0.260915 -0.421562 0.130411 -0.158931 0.366372 0.207741 -0.099704 -0.111844 -0.489438 -0.398685 -0.391052 -0.284942 -0.479353 -0.481850 -0.455079 -0.485909 0.212542 -0.214347 -0.052743 0.097233 0.241302 0.046488 0.170543 0.263244 0.335518 0.363280 0.358461 0.249840 0.353388 0.419204 0.046310 -0.202199 0.023296 -0.011419 -0.245021 -0.021319 -0.409992 -0.265726 -0.389856 -0.051550 -0.046400 -0.058105 0.172147 0.347551 0.527280 0.501591 -0.433445 -0.373114 -0.483283 -0.354832 -0.246297 -0.290571 0.127498 0.258756 -0.101664 -0.142176 -0.415659 -0.459853 -0.324205 -0.370613 -0.276353 -0.029323 -0.159794 -0.036347 0.165956 -0.315719 -0.369092 -0.409204
-0.017000 0.283107 0.312145 1.000000 -0.070436 0.306136 0.310415 0.671946 0.116934 0.131237 0.358058 0.384048 0.321989 0.300812 0.531222 0.541131 0.054886 0.098119 0.441183 0.616185 0.093196 -0.072913 0.354103 0.383733 -0.004203 -0.144360 0.212503 0.101565 -0.047132 0.279834 0.044688 0.311424 -0.024092 0.393678 -0.026616 0.313311 -0.003960 -0.160799 -0.278622 -0.232557 0.012518 -0.024239 -0.353261 -0.307807 -0.342790 -0.038262 -0.431951 -0.321360 -0.489203 -0.505019 -0.134979 -0.441414 0.032312 -0.162071 -0.477583 -0.460075 -0.431906 -0.192201 -0.470289 -0.186648 -0.501198 -0.387427 -0.162654 -0.391577 0.316417 -0.116828 -0.287346 0.057405 -0.124057 -0.094363 0.002301 0.109474 0.280918 0.204966 0.210860 0.095584 0.339246 0.246853 0.010967 -0.152439 0.032684 0.002215 0.012474 0.474648 0.221101 0.141605 -0.277215 0.228135 0.255213 0.019995 -0.068089 -0.160268 0.359657 0.283310 -0.474856 -0.346578 -0.585377 -0.435005 -0.561473 -0.545322 0.206381 0.298814 0.202690 0.199509 -0.183938 -0.147385 -0.066807 0.009006 -0.198981 -0.328365 -0.355378 -0.148825 0.078048 -0.285026 -0.269372 -0.329740
0.034318 0.026737 0.429942 -0.070436 1.000000 0.215508 0.466994 0.142372 0.458166 0.234113 0.039302 0.282545 0.495427 0.332144 0.184416 0.230457 0.057121 0.197368 -0.069947 0.006464 0.102780 0.026650 0.052890 -0.145136 0.018031 0.006201 0.423489 -0.094522 0.022240 0.357299 0.283770 0.010218 0.173180 0.332359 0.161759 0.153909 0.204842 0.215989 0.020108 -0.048627 0.147359 0.180100 -0.070824 -0.278069 -0.273232 -0.386288 0.016862 -0.139724 -0.211738 -0.376200 -0.102706 -0.172492 0.105613 -0.128793 -0.091441 -0.107363 -0.143494 -0.164887 -0.243755 -0.348441 -0.162016 -0.214092 -0.016671 -0.148171 0.222081 -0.152756 -0.057120 -0.138479 -0.104181 0.041179 0.038708 0.195497 0.275578 0.226036 0.178632 0.270713 0.293222 0.320310 0.039076 0.117882 0.088195 0.046565 -0.208133 0.124243 -0.219732 -0.136465 -0.398560 -0.213191 0.009064 -0.114483 -0.124250 -0.049105 0.316186 0.215274 -0.066790 0.043673 -0.064895 -0.116086 0.001568 -0.168235 0.233331 0.406941 -0.218497 0.053010 -0.110665 -0.100556 -0.135462 -0.028755 0.075187 0.126261 -0.183315 0.203782 0.424812 0.120158 -0.048327 -0.089139
-0.007298 -0.121425 0.228554 0.306136 0.215508 1.000000 -0.031955 0.035574 0.148257 0.146271 0.182471 0.076685 0.116122 -0.026209 0.147267 0.077857 -0.018788 0.023861 0.257759 0.202604 0.130817 0.049773 0.430109 0.395783 0.411668 0.124804 0.619114 0.304736 0.061500 0.206034 0.269582 0.447836 -0.153912 0.249464 0.181072 0.210726 0.270906 0.116961 0.071069 -0.195911 0.176515 0.058577 0.004061 -0.209683 -0.098698 -0.159765 -0.050832 -0.132378 -0.212869 -0.181995 -0.022574 -0.231434 0.228174 0.125566 -0.110839 -0.138048 -0.182342 -0.088091 -0.143145 -0.092448 -0.388948 -0.436873 -0.176095 -0.229908 -0.073706 -0.223804 -0.015578 0.160974 -0.006059 -0.250225 0.086086 0.154666 0.187959 0.139246 0.098099 0.213215 0.216124 0.113131 0.226982 0.121105 0.220905 0.151067 0.123069 0.167021 0.087444 -0.030313 -0.057441 0.178269 0.162892 -0.068025 0.034954 0.094465 0.152608 0.172749 -0.282093 -0.192567 -0.344178 -0.439714 -0.015415 -0.201422 -0.029213 0.073345 -0.381553 -0.095282 -0.320446 -0.155955 -0.279353 -0.003089 0.021444 -0.296459 -0.175857 -0.035072 0.173018 -0.120635 -0.241827 -0.258619
0.185128 0.432556 0.666865 0.310415 0.466994 -0.031955 1.000000 0.651363 0.479655 0.289608 0.345428 0.571592 0.664360 0.582556 0.409348 0.489658 0.128846 0.229264 0.191962 0.367754 0.248949 -0.060021 0.245069 -0.098180 -0.175383 -0.140592 0.235897 -0.241425 -0.057208 0.306615 0.149041 -0.176555 -0.038934 0.287871 -0.065214 0.277257 0.159176 0.057441 0.075369 -0.016317 0.024041 0.176768 -0.281300 -0.354645 -0.363134 -0.127270 -0.351445 -0.280287 -0.280034 -0.470056 0.062586 -0.089295 0.124489 -0.074583 0.018316 -0.067958 -0.440544 -0.286401 -0.486668 -0.409148 -0.168533 -0.167245 -0.135101 -0.233492 0.476303 0.052771 -0.492836 -0.409520 -0.118038 0.059197 0.040144 0.064363 0.311013 0.114026 0.231279 -0.029020 0.166148 0.225778 -0.226786 -0.192257 -0.102846 -0.098811 -0.197549 0.175509 -0.303002 -0.184358 -0.471048 -0.074317 0.186270 0.205462 0.113896 0.189913 0.511350 0.412765 -0.395020 -0.305069 -0.377928 -0.249671 -0.276888 -0.283080 0.286502 0.360448 -0.046484 -0.094422 -0.308861 -0.377503 -0.316323 -0.355316 -0.186200 0.006759 -0.331141 -0.105598 0.142567 -0.173098 -0.170743 -0.324720
-0.110443 0.395035 0.485240 0.671946 0.142372 0.035574 0.651363 1.000000 0.113914 0.327987 0.265848 0.615628 0.454793 0.692652 0.421896 0.567425 0.187752 0.239189 0.116458 0.648465 0.131993 -0.076010 0.127892 -0.065680 -0.218150 -0.303772 0.180437 -0.292202 0.028948 0.567198 0.092388 0.029174 -0.004521 0.436960 0.000919 0.237153 0.135063 -0.132953 -0.290631 -0.187345 0.136929 0.241504 -0.435563 -0.448271 -0.482164 -0.176297 -0.480585 -0.304809 -0.474731 -0.540464 -0.294250 -0.422912 0.128540 -0.126472 -0.405533 -0.465656 -0.565739 -0.381359 -0.578944 -0.367286 -0.472505 -0.429177 -0.049634 -0.405639 0.431145 0.084370 -0.334211 -0.100591 0.012626 0.069491 0.052932 0.059567 0.583101 0.300367 0.327629 0.156530 0.330760 0.370878 -0.077784 -0.169329 0.140250 0.115106 -0.112744 0.517991 -0.016394 0.085940 -0.561301 0.042129 0.159504 0.093758 0.108059 0.003804 0.535495 0.426335 -0.493430 -0.341332 -0.626056 -0.316178 -0.667947 -0.562472 0.351090 0.319680 0.193775 0.063599 -0.248128 -0.248913 -0.097907 -0.100505 -0.296340 -0.086513 -0.360905 -0.159162 0.083810 -0.397987 -0.354029 -0.356778
0.236597 0.161039 0.420861 0.116934 0.458166 0.148257 0.479655 0.113914 1.000000 0.277525 0.118187 0.086798 0.312024 0.099277 0.403487 0.278024 -0.124401 -0.239368 0.205605 0.000995 -0.027026 -0.221786 0.338455 0.180259 0.036412 0.111805 0.023133 0.041286 -0.390393 -0.109096 0.109219 -0.061611 -0.257607 0.048918 -0.271931 0.297579 -0.154011 -0.001973 0.050505 -0.053376 -0.116111 -0.152613 -0.117979 -0.019770 -0.219086 0.031067 0.088897 0.033468 -0.119833 -0.226332 0.171147 0.063752 0.193384 0.009366 0.005378 0.131613 -0.153171 -0.164924 0.063987 -0.019653 -0.052218 -0.020641 -0.351619 -0.275754 0.202942 0.002720 -0.245423 -0.184792 -0.134390 0.034459 -0.106809 0.097746 -0.110685 -0.043705 0.054141 -0.032410 0.129458 0.085238 -0.168372 -0.132324 -0.264941 -0.320385 -0.186616 -0.293197 -0.312311 -0.294062 -0.044767 -0.020634 0.001048 0.105582 -0.003791 0.261176 0.288593 0.232225 -0.271500 -0.180739 -0.168705 -0.169611 0.004093 -0.025075 -0.034371 0.266557 -0.134637 -0.012975 -0.002365 -0.040284 -0.007643 -0.154095 -0.167820 -0.093922 -0.221120 -0.232198 0.191500 -0.086315 -0.034601 -0.074562
0.188290 0.425131 0.091011 0.131237 0.234113 0.146271 0.289608 0.327987 0.277525 1.000000 0.400152 0.538183 0.346333 0.591260 0.138645 0.471673 0.086180 0.236017 -0.067314 0.254744 -0.336925 -0.424073 -0.017549 -0.073478 -0.304206 -0.347478 0.017240 -0.457323 -0.224677 0.332639 -0.324802 -0.339820 -0.142088 0.143406 -0.276695 0.386356 -0.236398 -0.367771 -0.351847 -0.622047 -0.098305 -0.062063 -0.190152 -0.368852 -0.455560 -0.283838 -0.342450 -0.333052 -0.053326 -0.157312 -0.011185 0.153123 0.283534 0.129841 -0.155320 -0.121795 -0.071797 0.014529 0.059080 0.061121 0.155370 0.179250 -0.071097 -0.044727 0.456485 0.557682 -0.480668 -0.385307 -0.134787 0.231026 0.023926 0.035962 0.062157 0.038036 0.025280 0.090929 0.077726 0.196037 -0.173665 -0.119760 0.001028 0.020012 -0.315826 0.044574 -0.190853 -0.398635 -0.418749 -0.325269 0.104325 0.199806 0.286522 0.319683 0.462009 0.324153 -0.516163 -0.358197 -0.453389 -0.369961 -0.082542 -0.213056 0.226013 0.348747 -0.118824 0.071244 -0.171601 -0.057421 -0.142986 0.116167 -0.270587 -0.319016 -0.566532 -0.295886 0.135352 -0.346414 -0.376563 -0.368712
0.545748 0.743047 0.000788 0.358058 0.039302 0.182471 0.345428 0.265848 0.118187 0.400152 1.000000 0.680792 0.637200 0.402276 0.444892 0.438211 0.376759 0.368932 0.301472 0.350673 -0.186720 -0.251666 -0.054110 0.083279 -0.306214 -0.282827 0.145428 -0.103850 0.060527 0.151121 -0.357141 -0.162481 -0.161138 0.012651 -0.119294 0.203577 -0.188127 -0.205259 -0.042553 -0.228581 -0.174233 -0.249035 -0.364726 -0.276522 -0.434411 -0.188254 -0.515951 -0.427353 -0.148264 -0.248254 0.231391 0.018907 -0.244351 -0.311406 -0.076232 -0.052135 -0.164771 -0.008605 -0.334454 -0.322114 0.117335 0.171126 0.080962 0.094816 0.620278 0.360209 -0.563900 -0.429203 -0.260268 -0.183810 -0.170564 -0.136274 -0.087992 -0.082995 0.022975 -0.058813 0.074834 -0.052328 -0.233601 -0.132289 -0.300159 -0.299621 0.080955 0.173508 0.305046 0.064581 -0.052943 0.211364 0.545237 0.353402 -0.138831 -0.040788 0.144424 0.054409 -0.322829 -0.253693 -0.296791 -0.343352 -0.260464 -0.324640 0.254504 0.245361 -0.116276 0.085300 -0.222057 -0.058417 -0.209034 0.143442 0.027893 -0.290704 -0.412159 -0.323643 0.045759 -0.130935 -0.276338 -0.351807
0.233445 0.756441 0.149626 0.384048 0.282545 0.076685 0.571592 0.615628 0.086798 0.538183 0.680792 1.000000 0.784114 0.845046 0.548199 0.737197 0.397593 0.521455 0.009159 0.359877 -0.174884 -0.311885 -0.167737 -0.173600 -0.395944 -0.389707 0.106090 -0.346778 0.171054 0.535445 -0.209891 -0.255698 -0.156678 0.116304 -0.117698 0.379828 -0.100751 -0.109199 -0.243896 -0.312209 -0.043295 0.059515 -0.481043 -0.411692 -0.622108 -0.303147 -0.500913 -0.453027 -0.182415 -0.442679 -0.118287 -0.157093 -0.058902 -0.326593 -0.170514 -0.214424 -0.260683 -0.294202 -0.562430 -0.523487 -0.145167 0.014745 0.169541 -0.062934 0.646579 0.434031 -0.582565 -0.472877 -0.258136 -0.123667 0.026798 -0.105329 0.278831 0.102561 0.209602 0.087798 0.235616 0.137427 -0.364065 -0.238438 -0.181785 -0.207402 -0.036403 0.400711 0.086406 0.066209 -0.359693 0.066698 0.442723 0.334566 -0.041487 -0.126358 0.282357 0.187741 -0.256077 -0.157862 -0.345718 -0.244114 -0.347218 -0.416121 0.394650 0.412242 -0.001330 0.155739 -0.155599 -0.043546 -0.103169 0.178042 0.054991 -0.177287 -0.513344 -0.082112 0.136922 -0.144657 -0.257600 -0.256092
0.288040 0.588757 0.290409 0.321989 0.495427 0.116122 0.664360 0.454793 0.312024 0.346333 0.637200 0.784114 1.000000 0.665236 0.609348 0.550426 0.320356 0.457973 0.152327 0.342235 -0.029525 -0.220869 0.019022 -0.040241 -0.274747 -0.210894 0.261740 -0.148281 0.139681 0.320675 -0.054913 -0.187924 0.023387 0.267202 0.114816 0.443697 -0.038216 -0.026958 -0.062918 -0.134352 -0.023255 -0.013293 -0.380722 -0.321309 -0.476643 -0.280517 -0.403252 -0.461824 -0.323185 -0.490238 -0.021450 -0.199244 -0.151812 -0.343716 -0.182364 -0.196734 -0.330879 -0.154857 -0.605354 -0.529325 -0.144312 -0.032421 0.077158 -0.072537 0.699828 0.125172 -0.528733 -0.401982 -0.308071 -0.023240 -0.016209 -0.052157 0.211260 0.077432 0.185580 0.072669 0.287899 0.205650 -0.304634 -0.136007 -0.209250 -0.243249 -0.011817 0.279298 0.047654 0.023586 -0.339957 0.027698 0.442045 0.199884 -0.176966 -0.147905 0.321684 0.239325 -0.275392 -0.179312 -0.320363 -0.299127 -0.304302 -0.407510 0.417006 0.379927 -0.027016 0.093773 -0.200491 -0.135578 -0.217439 0.000117 0.026403 -0.064204 -0.405811 -0.104669 0.176979 -0.045059 -0.164160 -0.261711
0.000687 0.614422 0.291096 0.300812 0.332144 -0.026209 0.582556 0.692652 0.099277 0.591260 0.402276 0.845046 0.665236 1.000000 0.343020 0.675799 0.273706 0.494590 -0.045917 0.392200 -0.076599 -0.340223 -0.063012 -0.150834 -0.313327 -0.298849 0.144520 -0.489032 0.097930 0.646563 -0.076908 -0.224853 -0.126195 0.250263 -0.090320 0.414742 0.031197 -0.076409 -0.347599 -0.327492 0.025934 0.255082 -0.437630 -0.464068 -0.553878 -0.216950 -0.458497 -0.420474 -0.149550 -0.387911 -0.119726 -0.076261 0.129526 -0.157914 -0.265888 -0.308296 -0.347944 -0.377349 -0.526761 -0.468208 -0.212408 -0.035553 0.049015 -0.134469 0.630762 0.445994 -0.535921 -0.383316 -0.250599 -0.009165 0.190139 0.062996 0.375057 0.328120 0.283405 0.288754 0.360051 0.386524 -0.316139 -0.214072 -0.057925 -0.096220 -0.148734 0.328849 -0.107323 -0.057538 -0.429297 -0.128107 0.271102 0.236416 0.152066 0.006084 0.487484 0.333051 -0.377148 -0.282333 -0.510802 -0.329167 -0.374472 -0.481364 0.392139 0.359791 -0.013091 0.014397 -0.276139 -0.212936 -0.222123 0.032557 -0.148366 -0.105870 -0.512156 -0.070483 0.132376 -0.250725 -0.400541 -0.357940
0.380778 0.430996 0.004728 0.531222 0.184416 0.147267 0.409348 0.421896 0.403487 0.138645 0.444892 0.548199 0.609348 0.343020 1.000000 0.744109 0.250533 0.230925 0.316448 0.450585 -0.160653 -0.299273 0.090802 0.252511 -0.091758 0.062267 0.041816 0.233487 0.232300 0.091803 0.020046 0.143712 0.016740 0.032722 -0.144453 0.390574 -0.235804 -0.238574 -0.309528 -0.103997 -0.128839 -0.245968 -0.340329 -0.132342 -0.546300 -0.266011 -0.346513 -0.372386 -0.383433 -0.452413 -0.236438 -0.427013 -0.201596 -0.447701 -0.280698 -0.238073 -0.073641 -0.022938 -0.358662 -0.380206 -0.175012 -0.094373 0.124003 -0.109375 0.232437 -0.084784 -0.505843 -0.345004 -0.167708 0.087963 -0.117355 -0.103683 0.124408 -0.088858 0.179631 -0.179553 0.171705 -0.051827 -0.273231 -0.027405 -0.218355 -0.228967 0.271886 0.315367 0.275842 0.173164 -0.091347 0.298947 0.388117 0.190354 -0.359460 -0.413398 0.142136 0.157532 -0.103212 -0.044445 -0.130916 -0.130540 -0.352685 -0.369856 0.226881 0.451321 0.165121 0.304608 0.089077 0.078496 0.008917 0.053648 0.218335 -0.063334 -0.263151 -0.112615 0.071546 0.200226 0.139683 -0.001650
0.220540 0.601182 0.061193 0.541131 0.230457 0.077857 0.489658 0.567425 0.278024 0.471673 0.438211 0.737197 0.550426 0.675799 0.744109 1.000000 0.223123 0.373911 0.136971 0.406524 -0.215401 -0.389768 -0.037220 0.088858 -0.212201 -0.082565 -0.003791 -0.104916 0.133362 0.424583 -0.172728 -0.061547 -0.139669 0.004567 -0.323467 0.466122 -0.154401 -0.178523 -0.455280 -0.295094 -0.093297 0.000594 -0.472029 -0.367495 -0.609872 -0.239337 -0.513596 -0.462267 -0.157580 -0.413023 -0.192118 -0.195558 0.016349 -0.294028 -0.320499 -0.335780 -0.148807 -0.214348 -0.343313 -0.288076 -0.154084 0.000818 0.028844 -0.151806 0.380209 0.280511 -0.613242 -0.508743 -0.313780 0.004452 0.121166 0.067127 0.211286 0.149926 0.263476 0.029115 0.288535 0.160847 -0.328323 -0.097662 -0.165268 -0.154112 -0.028938 0.352101 0.055559 0.006732 -0.242315 0.047440 0.339799 0.260495 -0.059878 -0.268278 0.289766 0.186114 -0.233793 -0.106651 -0.290164 -0.206656 -0.366724 -0.434308 0.190532 0.447497 0.056027 0.216900 -0.008180 0.009786 -0.054667 0.129337 0.097718 -0.138541 -0.468029 -0.087065 0.017953 0.028093 -0.006377 -0.102709
0.184829 0.234524 -0.123554 0.054886 0.057121 -0.018788 0.128846 0.187752 -0.124401 0.086180 0.376759 0.397593 0.320356 0.273706 0.250533 0.223123 1.000000 0.584771 -0.121497 0.226249 -0.102163 0.047335 -0.302691 -0.163643 -0.059063 -0.185606 0.050907 -0.150419 0.464072 0.089128 -0.059292 0.016886 0.015122 -0.008625 0.083789 -0.213485 0.126211 0.067488 -0.067575 0.079079 0.065548 0.096565 -0.003153 -0.083598 -0.222302 -0.291552 -0.048807 -0.067843 -0.109355 -0.166360 -0.187201 -0.177040 -0.143453 -0.128733 0.070331 0.001920 0.348199 0.192956 -0.295594 -0.407684 0.236379 0.047650 0.610902 0.339293 0.106642 -0.007023 -0.287267 -0.457658 -0.120548 -0.078859 0.024112 0.088125 0.170705 0.045997 0.093215 0.054972 0.072904 -0.047306 0.223272 0.299529 0.268192 0.214603 0.144658 0.259434 0.186443 0.240317 -0.173461 -0.003851 0.086896 -0.056593 -0.009603 -0.189769 -0.053449 -0.253366 -0.081915 -0.188094 0.016417 -0.111938 -0.095123 -0.093679 0.151372 -0.108443 -0.083283 -0.162062 -0.150304 -0.142409 -0.160142 -0.071530 0.030306 0.033083 -0.122452 -0.032740 -0.059826 -0.054990 -0.098047 -0.155619
0.053832 0.395952 -0.100105 0.098119 0.197368 0.023861 0.229264 0.239189 -0.239368 0.236017 0.368932 0.521455 0.457973 0.494590 0.230925 0.373911 0.584771 1.000000 -0.153418 0.200261 -0.116585 -0.083337 -0.323230 -0.228039 0.001170 -0.281398 0.178191 -0.227941 0.506286 0.471276 -0.058070 -0.159313 0.124461 0.139064 0.010773 -0.085427 0.063960 0.006378 -0.050011 -0.113228 -0.000501 0.092089 -0.224592 -0.465291 -0.406149 -0.453477 -0.351513 -0.495665 -0.011361 -0.231458 -0.008276 -0.036031 -0.037285 -0.139929 -0.015627 -0.114868 -0.027157 0.162234 -0.359837 -0.424394 0.223409 0.250545 0.442178 0.517168 0.386926 0.167276 -0.379786 -0.542224 -0.323674 -0.048925 0.060082 -0.008568 0.390161 0.195945 0.198311 0.134542 0.026411 -0.028099 -0.066558 0.275794 0.102144 0.162786 0.112328 0.549899 0.041793 0.129818 -0.257103 -0.081346 0.335790 0.253787 0.031801 -0.206350 -0.004792 -0.110123 -0.099378 -0.021618 -0.059906 -0.134359 -0.112844 -0.257378 0.116975 0.121813 -0.160463 0.018890 -0.132639 -0.100058 -0.219708 0.049486 0.129340 -0.121919 -0.377592 -0.120752 -0.014241 0.029277 0.006056 -0.083267
0.437778 0.182705 0.399317 0.441183 -0.069947 0.257759 0.191962 0.116458 0.205605 -0.067314 0.301472 0.009159 0.152327 -0.045917 0.316448 0.136971 -0.121497 -0.153418 1.000000 0.455664 0.266109 0.126516 0.634932 0.554895 0.084234 0.320382 0.310874 0.432698 -0.041240 -0.274708 0.333530 0.486597 0.088201 0.142134 0.192879 0.181646 0.033006 -0.090207 0.088445 -0.008310 -0.139753 -0.030765 -0.077468 -0.089435 -0.147767 0.038803 -0.282353 -0.280474 -0.311431 -0.367529 0.166509 -0.237555 -0.020990 -0.117084 -0.228601 -0.214114 -0.157013 -0.082269 -0.261233 -0.220440 -0.210876 -0.232429 -0.302426 -0.365242 0.090540 -0.241955 -0.244725 0.001396 0.234909 0.079278 -0.025011 0.234892 -0.131364 0.060654 0.207184 0.004509 0.290699 0.155879 -0.029479 -0.167988 -0.237540 -0.206429 0.266355 -0.074571 0.183345 -0.061045 0.159450 0.314652 0.372715 0.080951 -0.200058 -0.106591 0.253863 0.351888 -0.260220 -0.301727 -0.308708 -0.299176 -0.315093 -0.408446 0.066964 0.332906 0.097434 0.115581 -0.237731 -0.230291 -0.248668 -0.153465 0.032680 -0.100021 0.057392 -0.082981 -0.008603 -0.008808 -0.199356 -0.316699
0.141827 0.259209 0.307024 0.616185 0.006464 0.202604 0.367754 0.648465 0.000995 0.254744 0.350673 0.359877 0.342235 0.392200 0.450585 0.406524 0.226249 0.200261 0.455664 1.000000 0.124699 -0.076801 0.334993 0.270297 -0.091453 -0.127261 0.400502 0.059839 0.123670 0.263240 0.075654 0.326167 0.125642 0.546395 0.128534 0.271586 0.232631 -0.249679 -0.273213 -0.294801 0.130887 0.159101 -0.174940 -0.392872 -0.422027 -0.325396 -0.464950 -0.433895 -0.565167 -0.456072 -0.249245 -0.482880 0.102812 -0.113874 -0.397664 -0.490396 -0.174499 0.093959 -0.384898 -0.253374 -0.308898 -0.437737 0.070456 -0.310808 0.174921 -0.126108 -0.392091 -0.058784 0.173596 0.362547 0.161723 0.170930 0.417091 0.379367 0.439115 0.151276 0.477975 0.503104 0.053402 -0.137610 0.202341 0.184461 0.124954 0.401631 0.214007 0.024190 -0.427307 0.042334 0.283003 0.106630 -0.073346 -0.119104 0.505737 0.446549 -0.614630 -0.515019 -0.626293 -0.515302 -0.576526 -0.660129 0.350670 0.466387 0.208871 0.126754 -0.378826 -0.389224 -0.319031 -0.220454 -0.238684 -0.018716 -0.284462 -0.151562 0.080598 -0.271165 -0.398015 -0.527439
-0.222109 -0.275586 0.452286 0.093196 0.102780 0.130817 0.248949 0.131993 -0.027026 -0.336925 -0.186720 -0.174884 -0.029525 -0.076599 -0.160653 -0.215401 -0.102163 -0.116585 0.266109 0.124699 1.000000 0.670989 0.547183 0.337699 0.473230 0.340033 0.541059 0.258517 -0.115387 -0.072849 0.571087 0.430289 0.123873 0.259308 0.236208 -0.093906 0.405727 0.328830 0.392027 0.258790 0.138032 0.371082 0.177009 -0.027647 0.325419 0.112182 0.028925 0.105768 -0.169250 -0.124296 0.195837 -0.127611 0.253597 0.210409 0.107747 -0.192788 -0.259571 -0.203136 -0.284009 -0.179218 -0.369157 -0.476486 -0.161418 -0.295293 -0.072586 -0.413658 0.073971 0.137577 0.163454 0.000038 0.308972 0.403004 0.045504 0.360683 0.183179 0.179457 0.200249 0.185682 0.148572 0.022709 0.185398 0.194450 0.056899 0.022747 -0.027206 0.107753 -0.173105 0.110436 -0.122641 -0.146896 0.273611 0.078640 0.225413 0.133226 -0.119988 -0.198091 -0.206986 -0.107736 -0.048847 -0.068514 0.091110 -0.048259 -0.017412 -0.251980 -0.370302 -0.499030 -0.344069 -0.543433 -0.211026 0.167240 0.267648 0.039810 -0.142507 -0.133946 -0.093175 -0.186021
-0.271265 -0.402698 0.146515 -0.072913 0.026650 0.049773 -0.060021 -0.076010 -0.221786 -0.424073 -0.251666 -0.311885 -0.220869 -0.340223 -0.299273 -0.389768 0.047335 -0.083337 0.126516 -0.076801 0.670989 1.000000 0.174940 0.089959 0.377104 0.281157 0.305943 0.336967 0.151393 -0.106472 0.531882 0.519832 0.263726 0.204406 0.240233 -0.405539 0.437417 0.418506 0.376604 0.300807 0.188702 0.194739 0.069416 -0.109154 0.213153 -0.133449 0.041618 0.075622 -0.107699 -0.190167 -0.039586 -0.217402 -0.056642 0.031865 -0.001985 -0.248222 -0.153434 -0.078475 -0.260359 -0.183248 -0.149015 -0.370169 -0.017916 -0.181930 -0.296950 -0.467333 0.148045 0.071015 0.075571 -0.135268 0.090843 0.402354 0.059422 0.190043 0.057126 0.154586 0.010134 -0.010421 0.472015 0.156315 0.355275 0.425367 0.189398 0.201790 0.024154 0.122295 -0.067714 0.064754 -0.227651 -0.295233 -0.002211 -0.082579 -0.090887 -0.015042 0.218139 0.208536 0.165484 0.273508 -0.119680 0.087506 0.020952 -0.063885 0.115108 0.040838 0.057857 -0.019233 0.120443 -0.101765 -0.027782 0.353251 0.472385 0.213395 0.057480 0.041601 0.192904 0.224826
-0.006664 -0.261860 0.622955 0.354103 0.052890 0.430109 0.245069 0.127892 0.338455 -0.017549 -0.054110 -0.167737 0.019022 -0.063012 0.090802 -0.037220 -0.302691 -0.323230 0.634932 0.334993 0.547183 0.174940 1.000000 0.708135 0.415685 0.429798 0.500691 0.371140 -0.367024 -0.208289 0.549311 0.499426 -0.078969 0.257485 0.071652 0.302155 0.190238 0.077187 0.076712 -0.063415 0.023452 0.098410 0.227867 0.037293 0.186690 0.123217 -0.011627 -0.000665 -0.236901 -0.207948 0.307395 -0.133504 0.373764 0.309408 -0.118094 -0.172828 -0.201038 -0.061996 -0.134754 -0.053638 -0.402409 -0.414708 -0.456100 -0.420096 -0.084786 -0.411948 -0.100950 0.225712 0.191395 0.147548 0.202492 0.264753 -0.015199 0.181513 0.212540 0.018279 0.256122 0.212881 0.034712 -0.184160 -0.043691 -0.067306 -0.026095 -0.185385 -0.143759 -0.242876 -0.073837 0.061843 0.041183 -0.162157 0.186851 0.255854 0.438021 0.468418 -0.389577 -0.411466 -0.418647 -0.389182 -0.085346 -0.175780 0.014828 0.204301 -0.044857 -0.092992 -0.384928 -0.464006 -0.387323 -0.434661 -0.202932 -0.110090 0.059041 -0.121751 0.027169 -0.154388 -0.263794 -0.372586
0.130333 -0.178501 0.103616 0.383733 -0.145136 0.395783 -0.098180 -0.065680 0.180259 -0.073478 0.083279 -0.173600 -0.040241 -0.150834 0.252511 0.088858 -0.163643 -0.228039 0.554895 0.270297 0.337699 0.089959 0.708135 1.000000 0.415069 0.633368 0.296057 0.625546 -0.187252 -0.309925 0.315657 0.580776 -0.053909 0.047995 -0.023376 0.314891 -0.066699 -0.087427 -0.113750 -0.188345 -0.191836 -0.278247 0.200638 0.145848 0.166355 0.050606 -0.119238 -0.128375 -0.223377 -0.096197 0.324287 -0.134443 0.208464 0.139534 -0.229049 -0.278075 0.034778 0.130987 -0.104991 0.011050 -0.259268 -0.282946 -0.251114 -0.275919 -0.112466 -0.373660 -0.185995 0.161689 -0.067344 0.036478 0.098877 0.229712 -0.253390 -0.015360 0.008966 -0.061705 0.173044 0.036402 0.059377 -0.029454 -0.036306 -0.076399 0.170940 -0.158856 0.215555 0.074906 0.234139 0.218478 0.123140 -0.174730 0.004056 -0.103370 0.196865 0.183390 -0.232428 -0.227810 -0.287091 -0.279897 -0.085759 -0.144325 0.037600 0.160740 0.063447 0.045177 -0.140659 -0.208632 -0.222818 -0.214228 -0.075737 -0.090303 0.057711 -0.192982 -0.082207 -0.002834 -0.069462 -0.169898
-0.376844 -0.459362 0.066066 -0.004203 0.018031 0.411668 -0.175383 -0.218150 0.036412 -0.304206 -0.306214 -0.395944 -0.274747 -0.313327 -0.091758 -0.212201 -0.059063 0.001170 0.084234 -0.091453 0.473230 0.377104 0.415685 0.415069 1.000000 0.487943 0.384163 0.378531 0.008967 0.013365 0.571149 0.589115 0.051442 0.120231 0.008886 -0.200167 0.225818 0.244194 0.073513 0.189734 0.086124 0.115168 0.291325 0.036891 0.303782 0.079298 0.143539 0.053062 0.120630 0.147742 0.190290 -0.021812 0.240468 0.254640 0.163036 -0.017465 0.009888 0.146802 0.050505 0.001007 -0.106435 -0.185318 -0.002177 0.127456 -0.327406 -0.388469 0.153039 0.146391 -0.150569 -0.099589 0.021459 0.191868 0.073205 0.185057 0.039131 -0.008050 -0.051127 -0.131015 0.180713 0.188691 0.163289 0.207317 0.066720 0.030570 -0.128093 -0.060751 0.118546 0.059454 -0.154243 -0.236873 0.164879 0.026498 -0.080414 0.002217 0.118769 0.062416 0.085734 0.037014 0.178415 0.094478 -0.193024 -0.171401 -0.349164 -0.280928 -0.183418 -0.206114 -0.233829 -0.262349 0.210622 -0.061301 0.262994 0.012013 -0.071016 0.169536 0.144919 0.050235
0.124321 -0.341235 0.034225 -0.144360 0.006201 0.124804 -0.140592 -0.303772 0.111805 -0.347478 -0.282827 -0.389707 -0.210894 -0.298849 0.062267 -0.082565 -0.185606 -0.281398 0.320382 -0.127261 0.340033 0.281157 0.429798 0.633368 0.487943 1.000000 0.060376 0.638925 0.049644 -0.304321 0.507806 0.534163 0.049931 -0.205605 0.089558 0.136076 0.130687 0.162423 0.078970 0.194717 0.050515 -0.051246 0.258506 0.271451 0.261554 0.080254 0.139178 0.004001 -0.034809 0.006296 0.200208 -0.025963 0.123114 0.106692 -0.037838 -0.094383 0.208181 0.085762 -0.057153 -0.007459 -0.159073 -0.180774 -0.240659 -0.149775 -0.411577 -0.481718 -0.049660 0.080168 0.045271 0.043943 0.043340 0.174051 -0.246534 -0.111452 -0.035462 -0.186430 0.035661 -0.050482 0.160578 0.232216 0.067228 0.075404 0.243787 -0.331054 -0.004186 -0.066691 0.429450 0.098806 -0.150842 -0.361949 -0.048255 -0.182894 -0.037647 0.049796 0.299839 0.189806 0.215824 0.181403 0.157996 0.085460 -0.182782 -0.014751 -0.019714 -0.098897 0.052109 -0.081078 -0.115827 -0.221994 0.282999 0.341672 0.470176 0.034998 -0.128147 0.388868 0.280493 0.187530
-0.073622 -0.120192 0.479041 0.212503 0.423489 0.619114 0.235897 0.180437 0.023133 0.017240 0.145428 0.106090 0.261740 0.144520 0.041816 -0.003791 0.050907 0.178191 0.310874 0.400502 0.541059 0.305943 0.500691 0.296057 0.384163 0.060376 1.000000 0.238014 -0.015421 0.275371 0.441642 0.437046 0.181104 0.521468 0.361928 0.103501 0.417295 0.254280 0.137350 -0.061191 0.160091 0.317941 -0.075346 -0.343740 -0.080175 -0.281527 -0.206784 -0.232876 -0.300163 -0.270211 0.047316 -0.301856 0.167150 0.084326 -0.073467 -0.256921 -0.249287 -0.053154 -0.345803 -0.281836 -0.367934 -0.496866 -0.132638 -0.211216 0.054209 -0.313649 -0.004345 0.076720 0.149694 0.033852 0.273435 0.336051 0.329419 0.415217 0.330014 0.361171 0.381372 0.354865 0.194743 0.097629 0.178874 0.166528 0.073047 0.247796 0.020377 0.001626 -0.327029 0.047114 0.180587 -0.031144 0.034541 0.024206 0.362578 0.313871 -0.337891 -0.274255 -0.409802 -0.416245 -0.175658 -0.317601 0.288347 0.236495 -0.237507 -0.068370 -0.454779 -0.393870 -0.401802 -0.208836 -0.068786 -0.106364 -0.115756 0.033203 0.164883 -0.131076 -0.292441 -0.382975
0.220868 -0.328640 -0.036395 0.101565 -0.094522 0.304736 -0.241425 -0.292202 0.041286 -0.457323 -0.103850 -0.346778 -0.148281 -0.489032 0.233487 -0.104916 -0.150419 -0.227941 0.432698 0.059839 0.258517 0.336967 0.371140 0.625546 0.378531 0.638925 0.238014 1.000000 0.097640 -0.438710 0.272577 0.570747 0.108857 -0.147700 0.085650 -0.009473 0.071786 0.227650 0.281255 0.204600 -0.124693 -0.169548 0.027077 0.024738 0.081899 -0.190723 -0.105223 -0.217892 -0.120030 -0.075553 0.035202 -0.261532 -0.124202 -0.068047 -0.018956 -0.129545 0.151948 0.134774 -0.064847 -0.014929 -0.229430 -0.330321 -0.050233 -0.182901 -0.407786 -0.548904 0.038965 0.117187 0.150375 -0.009477 0.054236 0.197683 -0.211580 -0.028644 0.081353 -0.108184 0.091633 -0.126593 0.124056 0.004794 -0.041286 -0.016467 0.387908 -0.084381 0.313798 0.195444 0.386440 0.380688 0.007155 -0.090451 -0.362115 -0.311876 -0.157693 0.030835 0.224607 0.237747 0.194187 0.140618 0.006163 0.081628 -0.004085 0.114634 0.238659 0.261778 0.242292 0.157642 0.127675 -0.018062 0.310253 0.234387 0.289463 0.097290 0.007133 0.379210 0.401969 0.286916
0.089968 0.048747 -0.272119 -0.047132 0.022240 0.061500 -0.057208 0.028948 -0.390393 -0.224677 0.060527 0.171054 0.139681 0.097930 0.232300 0.133362 0.464072 0.506286 -0.041240 0.123670 -0.115387 0.151393 -0.367024 -0.187252 0.008967 0.049644 -0.015421 0.097640 1.000000 0.226831 0.141094 0.187234 0.273974 -0.017770 0.195662 -0.153997 0.336213 0.054815 0.019846 0.133043 0.238739 0.143118 0.004881 -0.204186 -0.197432 -0.304310 -0.138580 -0.297000 -0.084643 -0.178619 -0.391499 -0.274106 -0.253563 -0.264172 -0.014522 -0.210018 0.150487 0.006214 -0.361068 -0.447439 0.035038 -0.084504 0.492439 0.248031 -0.184821 -0.227608 -0.208053 -0.235275 -0.055817 -0.218286 -0.099037 -0.102957 0.353511 -0.000733 0.094095 -0.053939 -0.077969 -0.123187 0.281508 0.325778 0.407399 0.408067 0.609672 0.498114 0.305273 0.321012 0.061894 0.193558 0.132174 -0.024684 -0.249458 -0.452422 -0.259679 -0.177816 0.310059 0.252085 0.253924 0.115665 -0.083553 -0.175249 -0.043332 0.058493 -0.020012 0.073909 0.064738 0.063947 -0.062763 0.052175 0.399731 0.332531 0.107204 0.217728 0.109003 0.365552 0.213156 0.155345
-0.364443 0.341154 0.168621 0.279834 0.357299 0.206034 0.306615 0.567198 -0.109096 0.332639 0.151121 0.535445 0.320675 0.646563 0.091803 0.424583 0.089128 0.471276 -0.274708 0.263240 -0.072849 -0.106472 -0.208289 -0.309925 0.013365 -0.304321 0.275371 -0.438710 0.226831 1.000000 0.074954 -0.006676 -0.022858 0.403819 -0.020468 0.120105 0.284799 0.042487 -0.266389 -0.284618 0.380419 0.359082 -0.367626 -0.538418 -0.428274 -0.268418 -0.272824 -0.316446 -0.117739 -0.297167 -0.211685 -0.160232 0.180939 -0.081620 -0.241378 -0.321993 -0.421740 -0.305247 -0.454960 -0.286488 -0.337094 -0.165483 0.000446 -0.088216 0.334773 0.236864 -0.187276 -0.109646 -0.255789 -0.170952 0.008783 -0.067352 0.694960 0.352755 0.229756 0.244774 0.231768 0.352020 -0.013157 0.016964 0.226764 0.228296 -0.118297 0.618410 -0.125010 0.003825 -0.391202 -0.148912 0.112268 0.097188 0.119516 -0.052280 0.228884 0.160537 -0.195789 0.000379 -0.343822 -0.181335 -0.329086 -0.460327 0.138496 0.224703 -0.247194 -0.021042 -0.214454 -0.078982 -0.081677 0.203787 0.027195 -0.149043 -0.392559 0.000445 0.247874 -0.199149 -0.272142 -0.188556
-0.275068 -0.428733 0.451893 0.044688 0.283770 0.269582 0.149041 0.092388 0.109219 -0.324802 -0.357141 -0.209891 -0.054913 -0.076908 0.020046 -0.172728 -0.059292 -0.058070 0.333530 0.075654 0.571087 0.531882 0.549311 0.315657 0.571149 0.507806 0.441642 0.272577 0.141094 0.074954 1.000000 0.710879 0.278707 0.362544 0.285865 -0.125554 0.424110 0.270870 0.082192 0.176331 0.245819 0.274392 0.231159 -0.014682 0.122079 -0.061786 0.157335 0.076012 -0.246494 -0.265811 -0.080842 -0.311909 0.240593 0.135656 -0.184027 -0.276085 -0.159829 -0.151146 -0.339742 -0.365836 -0.370844 -0.448353 -0.182316 -0.255133 -0.305517 -0.613575 0.057463 0.158377 0.147453 -0.017700 -0.011178 0.306460 0.338396 0.164141 0.135779 0.133466 0.158314 0.133861 0.332053 0.151076 0.273458 0.264889 0.137367 0.158405 -0.236110 -0.133642 -0.099167 0.011583 -0.171696 -0.385946 0.052771 -0.034565 0.127488 0.217844 0.075262 0.044543 -0.056155 0.036669 -0.135138 -0.133263 -0.036159 0.103981 -0.096377 -0.101149 -0.142458 -0.224685 -0.129168 -0.240776 0.108310 0.210765 0.310989 0.163341 0.124883 0.091381 0.022067 0.022972
-0.204441 -0.387303 0.136076 0.311424 0.010218 0.447836 -0.176555 0.029174 -0.061611 -0.339820 -0.162481 -0.255698 -0.187924 -0.224853 0.143712 -0.061547 0.016886 -0.159313 0.486597 0.326167 0.430289 0.519832 0.499426 0.580776 0.589115 0.534163 0.437046 0.570747 0.187234 -0.006676 0.710879 1.000000 0.189830 0.345460 0.214981 -0.097603 0.398973 0.208798 -0.033357 0.107869 0.225261 0.126786 0.134567 -0.085134 0.041645 -0.156605 -0.013077 -0.050583 -0.310267 -0.256241 -0.193114 -0.474378 0.046507 -0.038464 -0.336511 -0.463459 -0.007106 0.031514 -0.285664 -0.225866 -0.393394 -0.547686 -0.038228 -0.324422 -0.400529 -0.616229 0.014063 0.255833 0.027941 -0.072527 0.004780 0.425234 0.129532 0.233421 0.090517 0.179947 0.281726 0.176128 0.436127 0.095204 0.308068 0.325330 0.296011 0.235247 0.181625 0.058421 0.082821 0.228766 -0.081114 -0.380456 -0.143100 -0.278277 0.065683 0.140915 0.021908 -0.004569 -0.124340 -0.076867 -0.313241 -0.291326 0.016014 0.109606 0.055362 0.063293 -0.084353 -0.090922 -0.051221 -0.054898 0.121799 0.156134 0.285189 0.217082 0.093260 0.120221 0.005714 0.003814
-0.049822 -0.225990 0.007355 -0.024092 0.173180 -0.153912 -0.038934 -0.004521 -0.257607 -0.142088 -0.161138 -0.156678 0.023387 -0.126195 0.016740 -0.139669 0.015122 0.124461 0.088201 0.125642 0.123873 0.263726 -0.078969 -0.053909 0.051442 0.049931 0.181104 0.108857 0.273974 -0.022858 0.278707 0.189830 1.000000 0.436962 0.251199 -0.111608 0.108387 -0.089221 -0.129805 0.005786 0.057538 -0.020789 -0.033091 -0.125490 -0.091889 -0.278563 -0.185711 -0.194169 -0.358291 -0.211137 -0.317127 -0.393483 -0.249909 -0.185540 -0.287635 -0.255943 -0.019295 0.195010 -0.147475 -0.150955 0.002946 -0.106835 0.068900 0.051315 -0.095932 -0.395123 0.035028 0.006072 0.254005 0.378081 -0.095983 0.109534 0.234261 -0.039721 -0.040994 0.058154 -0.070149 0.054079 0.419675 0.305830 0.334123 0.391998 0.214363 0.327998 0.128663 0.010112 -0.181457 -0.211669 -0.179930 -0.389035 -0.259807 -0.364131 -0.034074 0.047905 0.200649 0.231244 0.094143 0.255006 -0.117231 0.004934 0.317754 0.213162 0.204287 0.298060 0.171079 0.184187 0.067753 0.145545 0.115259 0.153854 0.097245 0.133126 0.035522 0.237517 0.214485 0.181839
-0.313737 -0.060380 0.444987 0.393678 0.332359 0.249464 0.287871 0.436960 0.048918 0.143406 0.012651 0.116304 0.267202 0.250263 0.032722 0.004567 -0.008625 0.139064 0.142134 0.546395 0.259308 0.204406 0.257485 0.047995 0.120231 -0.205605 0.521468 -0.147700 -0.017770 0.403819 0.362544 0.345460 0.436962 1.000000 0.265057 0.178681 0.430719 0.068267 -0.108969 -0.207829 0.333692 0.203333 -0.191634 -0.434644 -0.249511 -0.282718 -0.251904 -0.256368 -0.592168 -0.493995 -0.259838 -0.448983 0.058169 -0.099382 -0.450227 -0.472733 -0.417301 0.023774 -0.424608 -0.273482 -0.333303 -0.415471 -0.150845 -0.271605 0.205298 -0.264262 -0.125064 0.165792 -0.021190 0.205310 0.042701 0.307367 0.474461 0.370882 0.161051 0.388051 0.380132 0.547656 0.373515 -0.047055 0.387920 0.364740 -0.043648 0.455916 -0.070021 -0.178535 -0.510632 -0.250892 -0.034340 -0.239464 -0.090121 -0.027303 0.385440 0.363220 -0.378409 -0.192950 -0.500646 -0.296414 -0.481845 -0.474130 0.327369 0.362328 0.031617 0.133289 -0.256307 -0.172266 -0.132565 -0.003647 -0.271570 -0.005999 -0.197558 -0.023135 0.303818 -0.222258 -0.313483 -0.280463
0.046829 -0.222000 0.199002 -0.026616 0.161759 0.181072 -0.065214 0.000919 -0.271931 -0.276695 -0.119294 -0.117698 0.114816 -0.090320 -0.144453 -0.323467 0.083789 0.010773 0.192879 0.128534 0.236208 0.240233 0.071652 -0.023376 0.008886 0.089558 0.361928 0.085650 0.195662 -0.020468 0.285865 0.214981 0.251199 0.265057 1.000000 0.025709 0.299125 0.142473 0.194085 0.306830 0.203589 0.180358 0.123900 0.033916 0.131393 -0.075608 0.107141 0.045566 -0.451590 -0.278892 -0.257992 -0.462097 -0.145084 -0.142061 -0.160758 -0.194913 -0.119683 -0.081706 -0.245002 -0.266583 -0.237887 -0.458673 0.045700 -0.224757 0.012756 -0.412933 0.358904 0.351817 0.353507 -0.083186 0.045469 0.080821 0.186887 0.048178 0.098604 0.175493 0.269514 0.271912 0.260742 0.242366 0.239005 0.130848 0.167210 0.001080 0.179742 0.163516 -0.067892 0.054356 0.219266 -0.291504 -0.167901 -0.241969 0.049739 0.062801 0.058003 -0.017865 -0.002672 -0.043401 -0.110114 -0.166533 0.178503 -0.126409 0.085615 -0.124049 -0.117795 -0.158620 -0.117031 -0.148028 0.049898 0.269906 0.406500 0.277475 0.013842 0.023809 -0.062280 -0.085963
0.220115 0.333046 0.199183 0.313311 0.153909 0.210726 0.277257 0.237153 0.297579 0.386356 0.203577 0.379828 0.443697 0.414742 0.390574 0.466122 -0.213485 -0.085427 0.181646 0.271586 -0.093906 -0.405539 0.302155 0.314891 -0.200167 0.136076 0.103501 -0.009473 -0.153997 0.120105 -0.125554 -0.097603 -0.111608 0.178681 0.025709 1.000000 -0.086015 -0.166702 -0.208218 -0.393077 0.089518 -0.090213 -0.238038 -0.069145 -0.278123 -0.075104 -0.266071 -0.303232 -0.351620 -0.364282 0.041107 -0.169094 -0.011733 -0.241560 -0.314570 -0.315649 -0.172177 -0.124563 -0.248493 -0.107869 -0.287559 -0.121480 -0.350025 -0.338453 0.312521 0.064942 -0.440020 -0.025741 -0.177695 0.064913 0.159253 -0.038672 -0.033429 -0.027637 0.098365 0.008979 0.283707 0.313045 -0.208913 -0.144539 -0.097766 -0.212032 0.087365 -0.033887 0.033783 -0.224476 -0.015075 -0.124255 0.289550 -0.010973 -0.058478 -0.085722 0.411781 0.374130 -0.203971 -0.169190 -0.327458 -0.264080 -0.118773 -0.287976 0.232970 0.326578 0.131460 0.168837 -0.001164 0.016601 -0.080743 0.061370 -0.073561 -0.095293 -0.167176 0.010951 0.131785 0.029456 -0.134216 -0.168015
