1.000000 0.520249 0.482233 -0.274496 0.567914 0.066695 0.600395 0.282284 0.511785 0.299434 0.611182 0.317921 0.548716 0.204930 0.341973 0.274814 -0.027087 0.083221 0.329411 -0.076882 -0.194304 -0.233525 -0.249580 -0.423036 0.132478 -0.142694 0.035191 -0.306926 -0.020893 -0.098893 -0.331066 -0.410489 -0.313072 -0.229781 -0.320966 -0.175797 -0.176084 0.140394 0.133025 0.076049 -0.183906 -0.424062 -0.208672 -0.355321 0.132481 -0.145683 0.010188 -0.214217 0.278518 -0.101822 0.141884 0.065495 0.025749 -0.025633 -0.096289 -0.152509 -0.013253 -0.161325 -0.241875 0.220207 0.197729 0.094909 0.141725 -0.010163 0.476240 0.413252 -0.454662 -0.253900 0.042254 -0.208921 -0.055051 -0.488781 -0.390999 -0.182442 0.041884 -0.094280 0.099694 -0.100502 -0.371218 -0.133855 -0.169861 -0.312276 0.056330 -0.067160 -0.059677 -0.592789 -0.090008 -0.049706 0.338109 0.089672 -0.125992 -0.008042 -0.296114 0.137293 -0.151840 0.037763 -0.095784 -0.078528 -0.262184 -0.180557 -0.334419 0.337623 -0.036487 0.359695 0.229585 0.350296 0.045558 0.247984 -0.111505 0.196455 -0.160052 -0.068320 -0.172459 0.205333 0.149709 0.169784
0.520249 1.000000 0.202177 -0.034127 0.294060 0.113206 0.519927 0.584974 0.260364 0.545594 0.293844 0.662921 0.282546 0.287938 0.016492 0.587502 0.063557 0.222196 -0.116491 -0.097732 -0.136854 -0.327141 -0.427689 -0.336781 0.187905 -0.259814 -0.344125 -0.280777 -0.049061 0.262084 -0.385332 -0.455633 -0.162281 -0.226204 -0.385652 -0.171836 -0.241828 0.172309 0.076025 -0.179266 -0.103091 -0.161894 -0.435313 -0.408466 -0.039539 -0.126169 -0.263117 -0.295667 0.187101 -0.019830 0.124533 0.420593 0.180283 -0.237215 -0.290031 -0.104709 0.098352 0.116612 -0.106839 0.250457 0.240353 0.238325 0.323387 0.157689 0.350683 0.639995 -0.472955 -0.244078 -0.005061 0.095098 -0.140363 -0.471873 -0.286676 0.082581 0.177376 0.069194 0.310855 0.050666 -0.227170 -0.110573 -0.022403 -0.216534 -0.051365 0.169398 -0.151828 -0.180721 -0.234728 0.101305 0.271086 0.433540 -0.175575 -0.043778 -0.221468 -0.245080 -0.276165 -0.034934 -0.281186 -0.319309 -0.290008 -0.286816 0.018708 0.128274 0.180122 0.108021 0.141398 0.108797 0.208326 0.133015 -0.059747 -0.214401 -0.238468 -0.141346 -0.237774 0.095250 -0.220429 -0.126148
0.482233 0.202177 1.000000 -0.142868 0.565019 0.024978 0.715056 0.347052 0.513410 0.252399 0.485635 0.320581 0.461769 0.144338 0.400471 0.149431 -0.136048 -0.225309 0.376970 0.153693 -0.131969 -0.090081 -0.043234 -0.297101 0.027484 -0.079660 0.248665 -0.242930 0.029508 -0.115044 -0.047192 -0.153529 -0.432406 0.000064 -0.011793 -0.076199 -0.212792 0.116278 0.026960 0.006334 -0.381838 -0.262870 -0.020792 -0.176334 0.284241 0.086348 -0.141280 -0.232947 0.059112 -0.178299 0.006155 -0.112414 0.058741 -0.067895 -0.169185 -0.172940 -0.309766 -0.276773 -0.311708 0.269394 -0.096007 0.007830 -0.056520 -0.202200 0.376332 0.094230 -0.236471 -0.058975 -0.016176 -0.101961 0.070322 -0.019073 -0.254407 -0.184363 -0.011590 -0.104332 -0.052438 -0.089532 -0.418306 -0.252647 -0.165872 -0.272270 -0.004308 0.056680 0.005861 -0.274713 -0.227655 -0.316035 0.228696 -0.012599 -0.372064 -0.031345 -0.100228 0.423561 -0.286028 -0.017812 -0.305516 -0.319656 -0.408727 -0.246098 -0.282162 0.339594 -0.257886 0.266684 -0.051961 -0.037894 -0.263203 0.215838 -0.210785 0.222692 -0.336762 -0.216889 -0.269100 0.023618 -0.033903 0.135915
-0.274496 -0.034127 -0.142868 1.000000 -0.251863 0.241157 -0.513567 0.075608 0.004272 -0.159587 -0.320318 -0.209176 -0.391423 -0.295319 0.253232 0.300373 -0.202657 -0.338416 -0.015985 -0.093202 0.110072 0.501227 0.518056 0.495114 0.194811 0.454694 0.138651 0.701711 0.101755 0.037834 0.343388 0.644976 0.129169 0.181007 0.094290 0.531131 -0.211655 -0.043729 -0.114511 -0.191210 0.042604 0.311516 -0.051652 0.338396 -0.560015 -0.415254 -0.085887 -0.032127 0.006937 -0.524554 0.341916 0.146480 -0.226356 -0.401223 0.037600 -0.017765 -0.271589 -0.312652 -0.206887 -0.370635 -0.518085 -0.477969 -0.235749 -0.520940 -0.047017 -0.369382 -0.272128 -0.291454 -0.185951 0.124969 0.277812 0.296900 0.046635 0.106269 -0.202129 0.093251 0.017550 0.351362 0.281011 -0.141198 -0.289808 -0.258296 0.160224 -0.065380 0.153393 0.512896 0.376786 0.204130 0.214585 -0.138520 0.085984 -0.490049 -0.085654 0.025673 0.043959 0.116722 -0.051997 -0.108637 -0.168528 -0.226466 0.412248 -0.189800 0.266093 -0.216366 -0.066260 -0.073782 0.258362 -0.009508 0.013764 -0.150739 0.373319 -0.117107 -0.019309 -0.103529 -0.202087 -0.000646
0.567914 0.294060 0.565019 -0.251863 1.000000 0.195480 0.596476 0.154281 0.291635 0.352894 0.400817 0.244955 0.351973 0.075415 0.137226 0.042318 -0.089400 -0.174379 0.183589 0.000649 -0.394178 -0.205263 -0.257158 -0.404015 0.248121 -0.065961 0.188879 -0.299811 -0.133494 -0.096342 -0.313274 -0.421797 -0.442838 -0.187042 -0.181567 -0.245060 -0.235613 -0.088275 -0.043527 -0.146047 -0.268803 -0.345838 0.027973 -0.258606 0.344281 0.098404 0.020939 -0.142524 0.123301 0.070395 0.004283 0.067387 0.051805 0.028146 -0.041218 0.044943 0.079527 -0.140244 -0.194397 0.376940 0.146875 0.191960 -0.022396 0.071050 0.348899 0.243794 -0.178005 -0.103868 0.184666 0.182282 -0.224304 -0.272890 -0.357375 -0.254799 -0.157489 -0.438460 -0.134918 -0.352550 -0.217131 0.128975 -0.223461 -0.263862 0.005551 0.098635 -0.163184 -0.445716 -0.157680 -0.002604 0.053909 0.000361 -0.090654 0.230760 0.080443 0.323776 -0.180557 -0.006658 0.104076 -0.083980 -0.047644 0.079654 -0.328101 0.284905 -0.086547 0.292020 0.107319 0.146143 -0.160668 0.061486 -0.101028 0.285225 -0.263978 0.148961 -0.000357 0.248672 0.150178 0.294928
0.066695 0.113206 0.024978 0.241157 0.195480 1.000000 0.131418 -0.180035 -0.037654 0.350759 -0.146466 -0.121141 -0.017794 -0.367338 -0.139386 0.018545 -0.242413 -0.180668 0.021298 -0.036099 -0.280754 0.365943 0.203348 0.304723 0.625241 0.457098 0.209136 0.433236 -0.224020 -0.211633 0.032516 0.081321 0.093118 0.032151 -0.049296 -0.065941 -0.429895 -0.067145 0.112987 0.001657 -0.113278 0.030345 -0.121437 -0.045250 -0.052210 -0.251256 -0.181074 -0.090616 0.104928 0.018382 0.213419 0.290119 -0.137894 -0.060454 -0.104744 0.098038 -0.087451 -0.252836 -0.043369 -0.106782 0.040293 0.078776 -0.191234 -0.106966 -0.239899 -0.103879 -0.371813 -0.382434 -0.281777 0.206670 -0.284338 -0.003645 -0.504227 -0.284902 -0.278850 -0.251862 -0.302133 -0.258942 0.236600 -0.063867 -0.301612 -0.379785 -0.035862 -0.145817 -0.278733 0.038727 0.035977 0.481377 -0.047839 0.238243 -0.141392 0.073758 0.065214 0.276258 -0.067685 0.262892 0.158234 0.168632 -0.066620 0.056022 -0.073866 0.380419 0.212775 0.060055 0.071235 0.132348 0.102045 0.113158 -0.020191 0.122661 0.076931 0.033941 0.419224 0.342323 0.000096 0.177173
0.600395 0.519927 0.715056 -0.513567 0.596476 0.131418 1.000000 0.436521 0.372453 0.498814 0.533188 0.456618 0.599894 0.339693 0.176217 0.158511 0.134035 0.144620 0.078339 0.030757 -0.162133 -0.343618 -0.461000 -0.505947 0.135054 -0.292990 -0.026374 -0.509570 -0.029788 0.030741 -0.384558 -0.580069 -0.375997 -0.130265 -0.196356 -0.491543 -0.159534 0.164864 0.160402 0.012488 -0.309815 -0.379951 -0.203034 -0.447262 0.403848 0.217757 -0.197817 -0.288484 0.112821 0.171458 -0.089419 0.045546 0.216911 0.051169 -0.279965 -0.141232 0.059727 0.084771 -0.012006 0.463302 0.334387 0.419795 0.181486 0.241724 0.293543 0.463996 -0.173370 -0.091977 0.060314 -0.016107 -0.209547 -0.344089 -0.339652 -0.152081 0.095208 -0.089354 -0.032111 -0.265296 -0.376726 -0.096688 0.056672 -0.097545 -0.035505 0.167118 -0.110813 -0.476611 -0.396179 -0.146974 0.116736 0.284509 -0.425728 0.124860 -0.195047 0.203615 -0.232099 0.015029 -0.269930 -0.249553 -0.318808 -0.170664 -0.356005 0.344690 -0.260817 0.248130 0.054359 0.090688 -0.137131 0.249293 -0.181399 0.097890 -0.534550 -0.162746 -0.250675 0.109854 -0.053826 0.086196
0.282284 0.584974 0.347052 0.075608 0.154281 -0.180035 0.436521 1.000000 0.385295 0.444603 0.442594 0.559591 0.354018 0.625898 0.489963 0.612196 0.305723 0.199527 -0.248472 -0.171667 -0.028830 -0.495231 -0.478123 -0.557325 -0.088979 -0.523012 -0.296955 -0.451206 0.213269 0.423078 -0.328440 -0.306661 -0.328315 -0.054351 -0.300162 -0.112071 -0.116333 0.051238 -0.003235 -0.275435 -0.084279 -0.257121 -0.384039 -0.485487 -0.024728 0.048592 -0.329103 -0.431084 0.093897 -0.140960 -0.170251 -0.012194 0.282771 -0.175973 -0.103640 -0.181176 0.182681 0.161861 -0.068306 0.301245 0.101834 0.257530 0.298236 0.186855 0.520748 0.494995 -0.187090 -0.081660 0.164313 0.039510 0.052501 -0.337338 0.128673 0.240068 0.270196 0.094686 0.333692 0.097548 -0.185266 -0.150697 0.188491 0.004534 0.255203 0.440053 0.250100 -0.130682 -0.158877 -0.164424 0.494820 0.256483 -0.128400 -0.229290 -0.076202 -0.049122 -0.162332 0.064753 -0.455281 -0.368142 -0.252761 -0.350213 0.223119 -0.025570 0.031663 0.049997 0.043177 -0.015986 0.162053 0.156639 -0.073195 -0.252426 -0.506705 -0.256785 -0.497946 -0.249268 -0.299021 -0.048282
0.511785 0.260364 0.513410 0.004272 0.291635 -0.037654 0.372453 0.385295 1.000000 0.284802 0.345545 0.235737 0.313531 0.104014 0.508967 0.330913 -0.039650 -0.144713 0.419570 -0.140659 -0.001110 -0.219125 -0.013411 -0.258430 0.006833 -0.189201 0.123268 -0.154294 0.046301 -0.135962 -0.120640 -0.216299 -0.247169 -0.233853 -0.250427 0.036505 0.082398 0.029770 0.123921 -0.013401 0.031556 -0.442417 -0.132246 -0.229636 -0.003794 -0.231239 -0.038078 -0.092858 0.209136 -0.282693 0.044572 -0.210746 0.093955 0.071472 0.087093 -0.042731 -0.261057 -0.199820 -0.284896 0.151236 -0.044501 -0.072728 0.151458 -0.196079 0.524410 0.089358 -0.451078 -0.235603 -0.045155 -0.294745 0.069731 -0.274508 -0.185815 -0.150964 -0.073716 0.053087 -0.027157 -0.113133 -0.383838 -0.155463 -0.137884 -0.194666 -0.074832 -0.075638 0.055677 -0.200392 -0.037820 -0.175885 0.278050 -0.098934 0.123826 -0.010970 -0.064131 0.224776 -0.046693 0.010377 -0.213408 -0.173486 -0.040724 -0.182896 -0.141933 0.179731 -0.024484 0.158605 0.196511 0.199574 0.186921 0.274875 -0.026846 -0.009100 -0.212755 -0.059583 -0.348695 -0.099447 -0.069348 0.070820
0.299434 0.545594 0.252399 -0.159587 0.352894 0.350759 0.498814 0.444603 0.284802 1.000000 0.351460 0.429694 0.451094 0.256527 0.067588 0.393345 0.300756 0.060209 -0.075573 -0.013378 -0.382181 -0.394561 -0.413778 -0.406551 0.275398 -0.299283 -0.143571 -0.380393 0.037189 0.153788 -0.479432 -0.530393 0.050781 -0.263517 -0.219055 -0.409513 -0.212937 0.061078 -0.043584 -0.179043 -0.010119 -0.128782 -0.281290 -0.542323 0.262547 0.055134 -0.221658 -0.171053 0.168312 0.276976 -0.308486 0.144693 0.264828 0.110542 -0.212019 0.060983 0.221083 0.039047 -0.050094 0.076812 0.297475 0.392396 0.247777 0.217759 0.126009 0.403631 -0.355134 -0.106820 -0.009778 0.255147 -0.246269 -0.265986 -0.136656 0.021705 0.222886 -0.059463 0.146554 -0.159590 -0.198419 -0.029378 0.100390 -0.090825 -0.020496 0.190477 -0.240506 -0.298646 -0.439420 -0.116257 0.130350 0.255544 -0.113754 0.181177 0.011134 0.003441 -0.194013 0.116960 -0.196314 -0.115733 -0.027019 -0.018098 -0.149349 0.151478 0.032491 0.051697 -0.028844 0.082996 -0.083722 -0.012964 -0.070345 -0.123143 -0.446124 -0.017354 -0.007636 0.221347 -0.007489 0.014013
0.611182 0.293844 0.485635 -0.320318 0.400817 -0.146466 0.533188 0.442594 0.345545 0.351460 1.000000 0.439328 0.752312 0.495074 0.463190 0.319275 0.231949 0.211961 0.176863 0.154015 -0.100365 -0.414078 -0.349857 -0.555250 -0.190847 -0.495716 0.128744 -0.568557 0.082460 -0.000467 -0.308255 -0.325935 -0.383082 0.001609 -0.014418 -0.265019 -0.062771 0.010813 0.220063 -0.027615 0.009664 -0.412078 -0.272026 -0.448205 0.221750 0.152830 -0.246923 -0.412372 -0.037186 -0.069366 -0.304134 -0.109447 0.035856 -0.069598 -0.007755 -0.223055 0.223220 -0.133282 -0.038424 0.224478 0.268855 0.247101 0.161383 0.057663 0.409462 0.342855 -0.158988 0.042957 0.285896 -0.227317 -0.075022 -0.367884 -0.005017 -0.049734 0.299952 -0.089787 0.142547 -0.024335 -0.315159 -0.258398 0.165858 -0.011839 0.101566 0.279561 0.294634 -0.443517 -0.288408 -0.485341 0.339947 0.197444 -0.239774 -0.028405 -0.212624 0.163073 -0.196875 0.030755 -0.280814 -0.086445 -0.263470 -0.229715 -0.140352 0.207286 -0.071081 0.359876 0.128196 0.226790 -0.141584 0.209722 -0.207375 0.145917 -0.435617 -0.237979 -0.369378 0.098407 0.114066 0.150663
0.317921 0.662921 0.320581 -0.209176 0.244955 -0.121141 0.456618 0.559591 0.235737 0.429694 0.439328 1.000000 0.316119 0.446066 0.010147 0.442040 0.012582 0.193067 -0.042049 0.220056 -0.048622 -0.348666 -0.327170 -0.415456 -0.139136 -0.424217 -0.160501 -0.481070 0.228618 0.272508 -0.009550 -0.223449 -0.120857 0.093337 -0.161344 -0.122983 -0.099793 0.071397 0.093979 -0.038168 -0.030133 -0.147691 -0.357287 -0.381137 0.015838 -0.110671 -0.291909 -0.284979 0.107164 -0.120393 -0.167673 0.148345 0.145058 -0.199478 -0.208203 -0.262448 0.080225 0.119299 -0.052387 0.080678 0.219939 0.195190 0.067657 -0.005665 0.288855 0.353940 -0.262059 -0.045861 0.269232 -0.006248 0.119890 -0.163223 0.068212 0.294685 0.367475 0.143502 0.388511 0.228869 -0.165764 -0.066673 -0.027305 -0.164959 -0.046646 0.262829 0.059149 -0.251110 -0.307086 -0.222315 0.154283 0.242121 -0.251364 -0.045361 -0.078063 -0.095664 -0.283456 -0.132217 -0.414084 -0.363964 -0.322594 -0.349007 -0.070715 0.009922 -0.079120 -0.004899 0.071217 -0.044731 0.138636 0.089022 -0.216708 -0.020785 -0.322034 -0.341932 -0.445588 -0.093356 -0.280399 -0.117923
0.548716 0.282546 0.461769 -0.391423 0.351973 -0.017794 0.599894 0.354018 0.313531 0.451094 0.752312 0.316119 1.000000 0.560110 0.466368 0.459358 0.387007 0.135397 0.059078 -0.108316 -0.109327 -0.311195 -0.390765 -0.518632 -0.018559 -0.360356 0.082399 -0.494792 0.232833 0.121849 -0.415403 -0.421890 -0.244766 -0.052378 0.193023 -0.436157 0.013125 0.076631 0.102513 0.155283 0.078818 -0.201259 -0.543374 -0.677639 0.313583 0.203512 -0.349329 -0.457369 -0.051692 0.084237 -0.312573 -0.140909 -0.029491 -0.095712 -0.100276 -0.271673 0.187127 -0.053196 -0.035565 0.219328 0.334547 0.274188 0.316561 0.231846 0.272621 0.449421 -0.068850 -0.010411 0.146934 -0.173202 -0.189339 -0.311556 -0.022494 -0.070678 0.180258 0.038335 0.108220 -0.025550 -0.369044 -0.282374 0.322287 0.089326 0.097917 0.403970 0.014310 -0.634620 -0.512236 -0.441360 0.431744 0.319883 -0.287560 -0.067251 -0.263031 0.153474 -0.098302 0.247755 -0.319353 -0.078699 -0.328739 -0.283358 -0.148266 0.230414 -0.117778 0.328900 0.088066 0.310658 -0.082020 0.313562 0.009569 0.007428 -0.544412 -0.359329 -0.418740 0.047492 0.161689 0.164187
0.204930 0.287938 0.144338 -0.295319 0.075415 -0.367338 0.339693 0.625898 0.104014 0.256527 0.495074 0.446066 0.560110 1.000000 0.383315 0.483795 0.596597 0.433723 -0.342988 -0.091183 -0.044160 -0.573230 -0.654611 -0.707659 -0.222470 -0.659988 -0.190217 -0.699925 0.362677 0.519666 -0.443309 -0.441949 -0.339749 -0.124456 -0.039292 -0.219223 0.046924 0.160474 -0.144841 -0.120451 0.108044 -0.108508 -0.364674 -0.605836 0.067369 0.305474 -0.389662 -0.427463 -0.122260 0.170826 -0.512051 -0.117611 0.035483 -0.163113 -0.134438 -0.293729 0.304252 0.145510 -0.035040 0.216640 0.227922 0.314207 0.372963 0.429388 0.379991 0.595551 0.088061 0.150704 0.291867 -0.118046 0.046631 -0.293435 0.361386 0.220149 0.215855 -0.019968 0.284390 0.187045 -0.100968 -0.000535 0.616782 0.485249 0.293202 0.717118 0.222865 -0.378394 -0.297404 -0.294562 0.333155 0.358864 -0.154493 -0.143232 -0.164185 -0.135898 0.028173 0.183783 -0.434886 -0.240762 -0.237565 -0.247783 0.078414 -0.118119 -0.031675 0.190286 0.128091 0.202375 0.156020 0.208992 0.094936 -0.129972 -0.556000 -0.289556 -0.501181 -0.148634 -0.084535 0.081024
0.341973 0.016492 0.400471 0.253232 0.137226 -0.139386 0.176217 0.489963 0.508967 0.067588 0.463190 0.010147 0.466368 0.383315 1.000000 0.493305 0.221112 -0.086527 0.178228 -0.212601 -0.075793 -0.081413 0.067035 -0.302462 -0.031365 -0.110386 0.170772 -0.017444 0.460607 0.055152 -0.078166 0.065409 -0.327207 0.044357 0.157143 0.168955 -0.055702 0.087975 -0.094823 -0.126180 0.159971 -0.205888 -0.334596 -0.275492 -0.197208 -0.156947 -0.291333 -0.383370 0.051558 -0.476697 0.030280 -0.370849 -0.122908 -0.244291 0.114204 -0.406870 -0.084565 -0.110648 -0.179481 0.044809 -0.143569 -0.116036 0.135344 -0.121996 0.564517 0.093423 -0.144973 -0.178586 0.220671 -0.235644 0.169532 -0.202496 0.187064 -0.015236 0.011699 0.139657 0.154582 0.266396 -0.168949 -0.224515 0.169377 0.109743 0.384203 0.274366 0.457188 -0.169087 -0.000988 -0.329222 0.664833 -0.102986 -0.114966 -0.553083 -0.253769 0.235788 0.043244 0.265652 -0.388708 -0.242083 -0.314606 -0.473266 0.070909 -0.048418 -0.063092 0.148416 0.026487 0.152753 0.058179 0.260210 -0.010603 0.008159 -0.226753 -0.417001 -0.460809 -0.265179 0.060425 0.113866
0.274814 0.587502 0.149431 0.300373 0.042318 0.018545 0.158511 0.612196 0.330913 0.393345 0.319275 0.442040 0.459358 0.483795 0.493305 1.000000 0.318108 0.154144 -0.107425 -0.300528 0.048455 -0.149655 -0.233062 -0.322556 0.142330 -0.271968 -0.147230 -0.117056 0.362089 0.464341 -0.293428 -0.128155 -0.136126 -0.042529 0.039390 0.055989 -0.055049 0.054864 -0.100861 -0.137877 0.119450 0.007296 -0.681495 -0.552724 -0.281308 -0.185617 -0.439462 -0.474713 -0.074506 -0.295599 -0.103505 0.043178 -0.047944 -0.483252 -0.189335 -0.215842 0.023044 -0.055005 -0.171965 -0.058354 0.013816 0.045250 0.463074 0.077778 0.427163 0.494489 -0.362439 -0.306722 0.130791 -0.086920 0.155686 -0.230592 0.140473 0.172327 0.078434 0.212349 0.404692 0.397651 -0.122368 -0.125303 0.331305 0.110121 -0.011949 0.511969 0.120104 -0.204176 -0.238650 -0.134698 0.589076 0.398245 -0.199094 -0.362595 -0.298078 -0.151888 0.054258 0.321069 -0.497624 -0.158257 -0.375475 -0.453999 0.288635 -0.124679 0.176723 0.080776 -0.042440 0.117541 0.262045 0.256683 0.112352 -0.277186 -0.325713 -0.435175 -0.486667 -0.118365 -0.190857 -0.085329
-0.027087 0.063557 -0.136048 -0.202657 -0.089400 -0.242413 0.134035 0.305723 -0.039650 0.300756 0.231949 0.012582 0.387007 0.596597 0.221112 0.318108 1.000000 0.550682 -0.290981 -0.127043 0.077038 -0.435059 -0.551231 -0.486237 -0.089911 -0.546160 -0.245053 -0.488222 0.323738 0.577305 -0.486107 -0.396383 0.013599 -0.033470 0.116406 -0.295148 0.141604 -0.003568 -0.181924 -0.138220 0.127158 0.033500 -0.277095 -0.443669 0.064018 0.282090 -0.173232 -0.152615 -0.199109 0.321887 -0.543999 -0.232810 0.249184 0.084140 -0.220480 -0.040022 0.460620 0.400264 0.364901 0.123962 0.267437 0.396214 0.575109 0.540363 0.069786 0.346448 0.253642 0.198085 0.298601 0.063328 0.071271 -0.137870 0.471739 0.378317 0.336080 0.264792 0.355903 0.250252 -0.066439 0.333098 0.752872 0.671470 0.028755 0.522804 0.079236 -0.262392 -0.454319 -0.335101 0.146057 0.186558 -0.137870 -0.117217 -0.172181 -0.332070 0.132616 0.150996 -0.395667 -0.027553 -0.092967 -0.073168 -0.034258 -0.391719 -0.290002 -0.216269 -0.321217 -0.082975 -0.072458 0.148359 0.117229 -0.305192 -0.478572 -0.131129 -0.249916 -0.258763 -0.165764 -0.083921
0.083221 0.222196 -0.225309 -0.338416 -0.174379 -0.180668 0.144620 0.199527 -0.144713 0.060209 0.211961 0.193067 0.135397 0.433723 -0.086527 0.154144 0.550682 1.000000 -0.134431 -0.092439 0.168833 -0.326702 -0.533797 -0.394769 -0.180746 -0.510349 -0.393270 -0.445038 0.008156 0.443094 -0.278012 -0.321930 -0.084936 -0.070340 -0.142222 -0.410667 0.214424 0.149086 0.073615 0.002315 -0.054619 0.082262 -0.245993 -0.380909 0.011145 0.156327 0.062277 -0.009354 -0.299649 0.277224 -0.435441 -0.107002 0.161436 0.271891 -0.346226 0.000276 0.358686 0.391108 0.377762 0.230694 0.386333 0.398886 0.440724 0.514856 0.129230 0.462151 0.136577 -0.010787 0.321533 -0.136703 0.048838 -0.184951 0.153072 0.290176 0.241467 0.147877 0.279168 0.109837 -0.040789 0.189471 0.498445 0.454790 -0.069027 0.269709 0.149717 -0.195559 -0.252168 -0.048234 -0.043929 0.342242 -0.199586 0.070017 -0.170301 -0.241055 0.168886 0.196836 -0.346221 0.170663 -0.087730 -0.139563 -0.094959 -0.210271 -0.304954 -0.160426 -0.302042 -0.084345 -0.038130 0.143667 0.128616 -0.126419 -0.349660 -0.047137 -0.106488 -0.294067 -0.280971 -0.191290
0.329411 -0.116491 0.376970 -0.015985 0.183589 0.021298 0.078339 -0.248472 0.419570 -0.075573 0.176863 -0.042049 0.059078 -0.342988 0.178228 -0.107425 -0.290981 -0.134431 1.000000 0.302974 -0.037412 0.146235 0.375389 0.065184 0.065849 0.200425 0.349415 0.143458 -0.034963 -0.325794 0.263522 0.213289 0.006864 0.092760 0.098579 0.145446 0.223275 0.000835 -0.058778 0.053984 -0.071853 -0.084517 0.122143 0.116253 -0.104679 -0.318015 0.153791 0.117741 -0.098005 -0.417159 0.062977 -0.334287 -0.118728 0.062646 0.150607 0.096590 -0.397988 -0.280784 -0.314379 -0.047849 -0.096840 -0.273448 -0.085379 -0.330307 0.211598 -0.305660 -0.134295 -0.077724 0.171046 -0.145082 0.292624 0.157789 -0.122673 -0.049499 -0.097839 0.070922 -0.034993 0.060510 -0.360830 -0.112494 -0.335271 -0.209548 -0.120432 -0.318017 0.055806 -0.070509 -0.008915 -0.066233 0.095847 -0.181589 0.007334 0.045055 -0.107196 0.185828 0.122325 -0.045503 -0.028741 -0.095133 -0.062847 -0.140972 -0.307043 0.267701 -0.117719 0.097594 -0.026191 -0.002073 -0.158011 0.025764 -0.033706 0.138091 0.148506 -0.008659 -0.061382 -0.073485 0.085627 -0.020584
-0.076882 -0.097732 0.153693 -0.093202 0.000649 -0.036099 0.030757 -0.171667 -0.140659 -0.013378 0.154015 0.220056 -0.108316 -0.091183 -0.212601 -0.300528 -0.127043 -0.092439 0.302974 1.000000 0.037526 -0.007727 0.161769 0.219233 -0.172499 -0.089056 0.264612 -0.084926 -0.133444 -0.137841 0.285931 0.232119 0.084527 0.466781 0.159910 0.097584 -0.175229 -0.008808 -0.144402 -0.208399 -0.142994 -0.057393 0.396863 0.282476 0.095636 0.112758 -0.041994 0.064537 -0.114561 -0.061647 -0.139626 -0.025203 -0.151123 -0.128040 -0.063318 -0.131234 -0.088406 -0.064693 -0.066962 -0.134504 0.023659 -0.147704 -0.383586 -0.338938 -0.202643 -0.337718 0.059109 0.364425 0.159768 0.167169 0.207561 0.368058 0.022385 0.161611 0.222593 -0.012125 0.069489 0.204361 -0.210326 0.005419 -0.272196 -0.138663 -0.123117 -0.138196 0.001712 0.108205 -0.055312 -0.151753 -0.322924 -0.097243 -0.205156 0.135286 0.052717 -0.092585 -0.300256 -0.434828 -0.087531 -0.314886 -0.080110 0.086700 -0.140583 0.101549 0.023787 0.036076 -0.077592 -0.317366 -0.221666 -0.312133 -0.159767 0.178172 0.082886 0.028428 0.103190 0.244545 -0.014493 -0.041707
-0.194304 -0.136854 -0.131969 0.110072 -0.394178 -0.280754 -0.162133 -0.028830 -0.001110 -0.382181 -0.100365 -0.048622 -0.109327 -0.044160 -0.075793 0.048455 0.077038 0.168833 -0.037412 0.037526 1.000000 0.329307 0.112125 0.290680 -0.184864 0.029676 -0.022413 0.140024 0.136037 0.263899 0.252160 0.294102 0.223079 0.393579 0.142937 0.065739 0.332978 0.035147 0.326031 0.404304 0.192744 0.323805 -0.184255 -0.010576 -0.238403 -0.093902 -0.023332 -0.094715 -0.243265 -0.182588 -0.052539 -0.139486 -0.059334 -0.186610 -0.093273 -0.070275 0.104925 0.223929 0.298740 -0.152867 0.105743 0.025711 0.030404 -0.066684 -0.199408 -0.071781 0.108014 0.031068 0.075664 -0.163718 0.344860 0.128353 0.229569 0.231388 0.121940 0.369408 0.075653 0.236073 0.075400 -0.006629 0.131262 0.190632 -0.085571 0.129663 0.272347 0.218676 0.148106 -0.062278 -0.038325 0.057242 0.018761 -0.164073 -0.198464 -0.194035 0.131754 -0.128420 -0.239354 -0.094820 -0.130568 -0.187679 0.281953 -0.344731 -0.238171 -0.277064 -0.290008 -0.177803 0.187817 0.148351 0.041142 -0.189684 0.142826 -0.224206 -0.386090 -0.255474 -0.280811 -0.166284
-0.233525 -0.327141 -0.090081 0.501227 -0.205263 0.365943 -0.343618 -0.495231 -0.219125 -0.394561 -0.414078 -0.348666 -0.311195 -0.573230 -0.081413 -0.149655 -0.435059 -0.326702 0.146235 -0.007727 0.329307 1.000000 0.728590 0.735779 0.161490 0.719006 0.307197 0.812657 0.166240 -0.115694 0.664309 0.738846 0.209026 0.340235 0.320679 0.306229 -0.115821 0.000806 0.322254 0.326757 0.025690 0.499906 -0.072290 0.357160 -0.422987 -0.443497 -0.006645 0.024614 0.068103 -0.362956 0.427413 0.169081 -0.375718 -0.293142 0.001327 -0.175676 -0.390738 -0.341084 -0.017875 -0.475935 -0.327972 -0.505461 -0.477637 -0.609173 -0.461384 -0.512618 -0.127534 -0.369479 -0.205028 0.019396 0.231445 0.483521 -0.100262 -0.065490 -0.385661 0.122324 -0.290686 0.223646 0.256875 -0.127832 -0.393058 -0.289339 -0.021246 -0.256032 0.019679 0.279237 0.303861 0.175497 -0.081666 -0.187913 -0.041345 -0.403080 -0.133464 0.334630 0.198715 0.232476 0.025738 0.020574 -0.241583 -0.211817 0.123812 -0.036748 -0.077405 -0.256521 -0.155562 0.049253 0.127418 0.166249 0.014961 0.233898 0.579823 -0.304244 0.028832 -0.004912 0.072983 0.049008
-0.249580 -0.427689 -0.043234 0.518056 -0.257158 0.203348 -0.461000 -0.478123 -0.013411 -0.413778 -0.349857 -0.327170 -0.390765 -0.654611 0.067035 -0.233062 -0.551231 -0.533797 0.375389 0.161769 0.112125 0.728590 1.000000 0.765776 0.113134 0.689971 0.425249 0.803702 0.085291 -0.391818 0.765435 0.801613 0.235065 0.283260 0.317857 0.505553 0.079825 -0.067895 0.090944 0.193901 0.118179 0.238181 0.181758 0.541942 -0.416567 -0.542243 0.090164 0.165692 0.154684 -0.582131 0.540172 -0.098143 -0.294058 -0.173462 0.260126 -0.028610 -0.484940 -0.402682 -0.259193 -0.511272 -0.548866 -0.670824 -0.590496 -0.721961 -0.237339 -0.758092 -0.157422 -0.297064 -0.216672 0.030573 0.359664 0.457440 0.050093 -0.117781 -0.210281 0.146027 -0.141569 0.224617 0.096585 -0.119759 -0.529679 -0.371579 -0.069216 -0.538400 0.103572 0.328274 0.435437 0.093135 0.022141 -0.474496 0.104099 -0.364476 0.074655 0.309689 0.066227 0.028210 0.156230 -0.008344 -0.056354 -0.183163 0.208922 0.101254 0.042667 -0.147516 -0.065933 -0.090777 0.007013 -0.061118 -0.020055 0.226666 0.571980 -0.263644 0.091939 0.000043 0.132914 -0.040187
-0.423036 -0.336781 -0.297101 0.495114 -0.404015 0.304723 -0.505947 -0.557325 -0.258430 -0.406551 -0.555250 -0.415456 -0.518632 -0.707659 -0.302462 -0.322556 -0.486237 -0.394769 0.065184 0.219233 0.290680 0.735779 0.765776 1.000000 0.156155 0.688597 0.242221 0.813713 -0.199283 -0.280257 0.633527 0.708880 0.357239 0.300139 0.260673 0.320457 -0.018112 -0.084512 0.112909 0.174575 -0.001634 0.368091 0.276348 0.609487 -0.302563 -0.316627 0.115727 0.181434 0.039306 -0.286359 0.513014 0.160419 -0.246984 -0.109691 0.117127 0.118093 -0.320154 -0.208749 -0.086021 -0.426641 -0.373272 -0.531294 -0.491513 -0.532276 -0.541146 -0.629584 -0.082241 -0.188823 -0.435240 0.037044 0.171921 0.492817 -0.131468 -0.068771 -0.205448 0.094828 -0.259661 0.052609 0.223941 -0.162190 -0.471357 -0.336982 -0.118508 -0.500892 -0.058733 0.493519 0.394134 0.344874 -0.186225 -0.193956 0.113146 -0.116500 0.095129 -0.011247 -0.011897 -0.156842 0.237894 0.004046 -0.003656 0.032272 0.289127 0.089476 0.114115 -0.204899 -0.091935 -0.186627 0.064706 -0.176458 0.017838 0.020503 0.591006 -0.036516 0.274790 0.084204 0.017150 -0.095041
0.132478 0.187905 0.027484 0.194811 0.248121 0.625241 0.135054 -0.088979 0.006833 0.275398 -0.190847 -0.139136 -0.018559 -0.222470 -0.031365 0.142330 -0.089911 -0.180746 0.065849 -0.172499 -0.184864 0.161490 0.113134 0.156155 1.000000 0.581698 -0.044847 0.291529 -0.065535 -0.041225 -0.148302 -0.039405 -0.073184 -0.063427 -0.002253 -0.077439 -0.164498 -0.229047 -0.185988 0.065236 -0.122704 0.083490 -0.051283 -0.072415 -0.033146 -0.151912 -0.071626 -0.028520 0.088803 0.062325 0.244321 0.139959 -0.149325 -0.133233 -0.128381 0.117231 -0.103008 -0.131896 -0.191533 -0.212063 0.009612 0.097965 0.120219 0.150705 0.001959 0.031978 -0.308426 -0.290913 -0.242603 0.167444 -0.073004 -0.141267 -0.330160 -0.344913 -0.321214 -0.142294 -0.008805 -0.148946 0.076643 0.023416 -0.094343 -0.181664 -0.084042 -0.031362 -0.281729 -0.099267 0.059102 0.505989 0.170583 0.132357 -0.029673 0.093126 0.046831 -0.040789 -0.007248 0.122338 0.156856 0.048755 -0.077262 0.016542 0.054087 0.151990 0.216790 0.021864 -0.081514 -0.021043 0.063379 -0.129537 -0.036051 0.021938 0.029142 0.074705 0.354482 0.250425 -0.035265 0.036540
-0.142694 -0.259814 -0.079660 0.454694 -0.065961 0.457098 -0.292990 -0.523012 -0.189201 -0.299283 -0.495716 -0.424217 -0.360356 -0.659988 -0.110386 -0.271968 -0.546160 -0.510349 0.200425 -0.089056 0.029676 0.719006 0.689971 0.688597 0.581698 1.000000 0.171258 0.784005 -0.043785 -0.338856 0.477767 0.553874 0.198642 0.115927 0.258656 0.309211 -0.135833 -0.079327 -0.027560 0.263552 0.015499 0.363302 0.132029 0.450896 -0.246732 -0.389534 0.094659 0.160252 0.162010 -0.262186 0.639811 0.176479 -0.393512 -0.136268 0.091921 0.031240 -0.392368 -0.261965 -0.208704 -0.399024 -0.331726 -0.390012 -0.377874 -0.383020 -0.311953 -0.506235 -0.123247 -0.222845 -0.358392 0.049515 0.077969 0.261200 -0.289099 -0.260113 -0.375006 -0.017128 -0.241525 -0.020815 0.219419 -0.158502 -0.498602 -0.419422 0.043127 -0.429081 -0.180239 0.275580 0.315796 0.456791 0.028943 -0.231652 0.101591 -0.176980 0.010369 0.111573 0.030993 -0.014915 0.332941 0.038210 -0.079816 -0.019926 0.015505 0.134611 0.103479 -0.114941 -0.024772 -0.034707 0.024093 -0.151273 -0.086350 0.128483 0.610511 0.018938 0.362873 0.121094 0.110956 0.011704
0.035191 -0.344125 0.248665 0.138651 0.188879 0.209136 -0.026374 -0.296955 0.123268 -0.143571 0.128744 -0.160501 0.082399 -0.190217 0.170772 -0.147230 -0.245053 -0.393270 0.349415 0.264612 -0.022413 0.307197 0.425249 0.242221 -0.044847 0.171258 1.000000 0.296547 -0.024096 -0.512499 0.187936 0.229793 0.003637 0.148499 -0.042822 0.132532 -0.082146 -0.033824 0.087708 -0.029491 0.043067 -0.066326 0.145126 0.171482 -0.021118 -0.152054 -0.033989 -0.024841 -0.051835 -0.206172 0.010470 -0.165939 -0.146984 -0.085458 0.107792 -0.055222 -0.294297 -0.412252 -0.205836 -0.064024 -0.128942 -0.312676 -0.395202 -0.378126 -0.044192 -0.362324 -0.147883 -0.188466 -0.041689 -0.052192 0.019387 0.235071 -0.069725 -0.322310 -0.141551 -0.258720 -0.405590 -0.071228 0.045145 -0.117974 -0.190129 -0.124194 0.114762 0.005967 0.015028 -0.046489 0.188401 -0.175066 -0.030252 -0.121319 -0.152462 0.011809 0.051255 0.506338 0.013252 0.165897 0.054212 -0.028853 -0.156602 0.043796 -0.032649 0.293586 0.026054 0.304332 0.109206 0.103723 -0.147071 0.039084 0.052723 0.536817 0.076028 -0.131074 -0.031797 0.207582 0.232000 0.352648
-0.306926 -0.280777 -0.242930 0.701711 -0.299811 0.433236 -0.509570 -0.451206 -0.154294 -0.380393 -0.568557 -0.481070 -0.494792 -0.699925 -0.017444 -0.117056 -0.488222 -0.445038 0.143458 -0.084926 0.140024 0.812657 0.803702 0.813713 0.291529 0.784005 0.296547 1.000000 0.001667 -0.282307 0.566814 0.724567 0.316616 0.256132 0.170921 0.456065 -0.118807 -0.013287 0.043623 0.080722 0.103855 0.348775 0.044262 0.495183 -0.495048 -0.516170 0.058971 0.144366 0.028791 -0.441321 0.597011 0.135986 -0.318293 -0.237572 0.144214 0.016104 -0.425027 -0.293186 -0.151663 -0.377592 -0.445315 -0.529222 -0.443895 -0.550991 -0.279425 -0.542161 -0.145775 -0.385392 -0.277259 0.071607 0.143357 0.353369 -0.139308 -0.182141 -0.376479 0.058423 -0.247248 0.130756 0.309981 -0.138944 -0.454577 -0.348285 0.059073 -0.390992 0.039427 0.471277 0.460211 0.360193 0.030162 -0.182329 0.108400 -0.342523 0.020770 0.172710 0.146846 0.133328 0.171825 0.021783 -0.087461 -0.143058 0.259956 0.019422 0.192521 -0.184468 -0.054597 -0.068345 0.151676 0.009907 0.136215 0.044504 0.557906 -0.125943 0.214752 -0.033349 0.022600 -0.052540
-0.020893 -0.049061 0.029508 0.101755 -0.133494 -0.224020 -0.029788 0.213269 0.046301 0.037189 0.082460 0.228618 0.232833 0.362677 0.460607 0.362089 0.323738 0.008156 -0.034963 -0.133444 0.136037 0.166240 0.085291 -0.199283 -0.065535 -0.043785 -0.024096 0.001667 1.000000 0.423605 0.227342 0.241822 0.102639 0.290433 0.348154 0.039584 0.096023 0.066542 -0.053217 0.120561 0.345733 0.280719 -0.470205 -0.303118 -0.312085 -0.256262 -0.249228 -0.202454 0.049049 -0.277617 -0.129096 -0.368132 0.014010 -0.249594 -0.009417 -0.383428 0.009947 0.181064 0.144921 -0.336847 -0.104619 -0.128513 0.009150 -0.112511 0.029254 -0.042224 0.111360 -0.188139 0.416964 0.004419 0.285955 0.026803 0.627055 0.332519 0.159883 0.385197 0.367535 0.518794 0.188181 0.154771 0.298247 0.340519 0.254253 0.396767 0.401170 -0.182262 -0.083181 -0.305933 0.378707 -0.127319 -0.119357 -0.594085 -0.286682 0.045915 0.204774 0.263210 -0.422256 -0.265139 -0.313042 -0.564159 0.062260 -0.442711 -0.315981 -0.325926 -0.195031 -0.003611 0.148374 0.244328 0.047826 -0.058321 -0.145000 -0.650244 -0.548240 -0.495827 -0.122053 -0.028731
-0.098893 0.262084 -0.115044 0.037834 -0.096342 -0.211633 0.030741 0.423078 -0.135962 0.153788 -0.000467 0.272508 0.121849 0.519666 0.055152 0.464341 0.577305 0.443094 -0.325794 -0.137841 0.263899 -0.115694 -0.391818 -0.280257 -0.041225 -0.338856 -0.512499 -0.282307 0.423605 1.000000 -0.116513 -0.080994 -0.026815 0.125557 0.149277 -0.080571 0.144454 0.069293 -0.157402 -0.008090 0.048448 0.321610 -0.407141 -0.399499 -0.240634 0.077584 -0.271498 -0.319726 -0.174001 0.097083 -0.340203 0.022629 0.136274 -0.187769 -0.220192 -0.068556 0.285050 0.334449 0.147509 -0.029725 0.055602 0.178472 0.296205 0.269048 -0.042386 0.334266 0.178029 0.075765 0.295727 0.122424 0.243659 0.047922 0.539934 0.567068 0.190255 0.294112 0.521381 0.365761 0.081130 0.260714 0.451953 0.406334 0.014627 0.524156 0.137204 -0.042711 -0.303488 0.012442 0.141841 0.298657 -0.152383 -0.258733 -0.138062 -0.327552 0.102069 0.040129 -0.449806 -0.274133 -0.261045 -0.296024 0.229449 -0.380521 -0.170157 -0.285948 -0.253314 -0.076739 0.176952 0.250416 0.126472 -0.460470 -0.296226 -0.366681 -0.337845 -0.395960 -0.400278 -0.130250
-0.331066 -0.385332 -0.047192 0.343388 -0.313274 0.032516 -0.384558 -0.328440 -0.120640 -0.479432 -0.308255 -0.009550 -0.415403 -0.443309 -0.078166 -0.293428 -0.486107 -0.278012 0.263522 0.285931 0.252160 0.664309 0.765435 0.633527 -0.148302 0.477767 0.187936 0.566814 0.227342 -0.116513 1.000000 0.850729 0.212668 0.522606 0.383798 0.425271 0.041566 -0.077384 0.213227 0.254206 0.065893 0.312628 0.098351 0.481677 -0.497603 -0.517190 0.039675 0.102891 0.027364 -0.561544 0.365825 -0.118827 -0.257967 -0.128952 0.206157 -0.141860 -0.299050 -0.123984 -0.024261 -0.452333 -0.391262 -0.490567 -0.580348 -0.624791 -0.276551 -0.691901 0.033042 -0.133337 0.051765 -0.001664 0.436889 0.514082 0.202524 0.219847 -0.025216 0.271051 -0.062825 0.335740 0.156836 -0.050412 -0.493028 -0.317580 0.021331 -0.410113 0.288810 0.400221 0.280513 0.086962 -0.075321 -0.337334 0.027154 -0.380371 0.009985 0.162476 0.065970 -0.090658 0.000600 -0.177839 -0.150336 -0.327795 0.103728 -0.055155 -0.144875 -0.324928 -0.058910 -0.163563 0.192331 0.059434 -0.128302 0.138777 0.504284 -0.368010 -0.120769 -0.249604 -0.102947 -0.194127
-0.410489 -0.455633 -0.153529 0.644976 -0.421797 0.081321 -0.580069 -0.306661 -0.216299 -0.530393 -0.325935 -0.223449 -0.421890 -0.441949 0.065409 -0.128155 -0.396383 -0.321930 0.213289 0.232119 0.294102 0.738846 0.801613 0.708880 -0.039405 0.553874 0.229793 0.724567 0.241822 -0.080994 0.850729 1.000000 0.242744 0.573018 0.481633 0.489059 0.021515 -0.083428 0.057655 0.109214 0.073959 0.404439 0.057895 0.496132 -0.508158 -0.433371 0.014982 0.054054 -0.067322 -0.599421 0.354158 -0.114590 -0.319184 -0.285929 0.147237 -0.160557 -0.327867 -0.258576 -0.049655 -0.538420 -0.493253 -0.596391 -0.547831 -0.678267 -0.285985 -0.725035 0.086605 -0.132096 0.007313 -0.010708 0.463836 0.552681 0.232825 0.187583 -0.150941 0.255886 -0.020581 0.425125 0.249364 -0.128274 -0.407091 -0.247382 0.058814 -0.263023 0.341840 0.447463 0.383289 0.077457 0.039214 -0.334026 0.030483 -0.509843 -0.047650 0.137140 0.115084 -0.000488 -0.001592 -0.090274 -0.174205 -0.310465 0.258540 -0.165568 -0.013485 -0.331120 -0.125600 -0.183883 0.154883 -0.040845 -0.047078 0.060189 0.525853 -0.308304 -0.061089 -0.230768 -0.102876 -0.131558
-0.313072 -0.162281 -0.432406 0.129169 -0.442838 0.093118 -0.375997 -0.328315 -0.247169 0.050781 -0.383082 -0.120857 -0.244766 -0.339749 -0.327207 -0.136126 0.013599 -0.084936 0.006864 0.084527 0.223079 0.209026 0.235065 0.357239 -0.073184 0.198642 0.003637 0.316616 0.102639 -0.026815 0.212668 0.242744 1.000000 0.232288 0.137038 0.043806 0.081448 0.105711 -0.155659 0.055091 0.181062 0.292660 -0.011003 0.107205 -0.090877 -0.184506 0.097713 0.258671 0.094259 -0.006215 0.080382 -0.036034 -0.007419 0.127045 -0.051279 0.135996 0.108167 0.200522 0.249500 -0.293326 0.018838 0.014717 -0.173581 -0.104611 -0.373369 -0.254677 0.200774 0.080555 -0.055949 0.095968 0.092012 0.203178 0.254661 0.260209 0.137212 0.186670 0.058984 0.116787 0.222961 0.132320 -0.073459 0.036642 -0.108513 -0.240053 -0.105771 0.251333 -0.051918 0.137354 -0.164320 -0.109061 0.064149 -0.046739 -0.046633 -0.281823 0.073328 -0.067445 -0.002315 0.046179 0.097165 0.039637 -0.086300 -0.202023 -0.148108 -0.397327 -0.177302 -0.136120 0.037805 -0.123343 0.056678 -0.219023 0.246590 0.013991 0.164230 -0.162645 -0.205398 -0.442534
-0.229781 -0.226204 0.000064 0.181007 -0.187042 0.032151 -0.130265 -0.054351 -0.233853 -0.263517 0.001609 0.093337 -0.052378 -0.124456 0.044357 -0.042529 -0.033470 -0.070340 0.092760 0.466781 0.393579 0.340235 0.283260 0.300139 -0.063427 0.115927 0.148499 0.256132 0.290433 0.125557 0.522606 0.573018 0.232288 1.000000 0.404383 0.113459 -0.066264 -0.280410 0.051493 0.082100 0.027562 0.086723 -0.156300 0.080922 -0.181497 -0.055357 -0.240458 -0.159493 -0.159797 -0.284548 -0.009723 -0.249720 -0.122527 -0.359642 -0.082742 -0.378534 0.118161 0.162978 0.342733 -0.274491 0.091352 0.013303 -0.290506 -0.199941 -0.164647 -0.320327 0.312121 0.182829 0.425224 0.176193 0.250271 0.314221 0.272101 0.239553 0.134181 0.191288 0.146873 0.366333 0.147884 0.103562 -0.104719 -0.022057 0.049199 0.081326 0.372134 0.155297 0.052821 -0.066408 0.024397 -0.062410 -0.203963 -0.309887 -0.074951 -0.082272 -0.136507 -0.122113 -0.279011 -0.272776 -0.306412 -0.368219 0.139853 -0.242818 -0.131837 -0.355765 -0.276988 -0.363936 0.111932 0.027888 -0.144401 -0.027932 0.025299 -0.360354 -0.158611 -0.269458 -0.294957 -0.298842
-0.320966 -0.385652 -0.011793 0.094290 -0.181567 -0.049296 -0.196356 -0.300162 -0.250427 -0.219055 -0.014418 -0.161344 0.193023 -0.039292 0.157143 0.039390 0.116406 -0.142222 0.098579 0.159910 0.142937 0.320679 0.317857 0.260673 -0.002253 0.258656 -0.042822 0.170921 0.348154 0.149277 0.383798 0.481633 0.137038 0.404383 1.000000 0.113775 0.103992 -0.040623 -0.115151 0.133736 0.222325 0.322727 -0.191582 0.052407 -0.094959 0.018908 -0.232042 -0.150827 -0.255868 -0.234457 0.037427 -0.277571 -0.299537 -0.234698 0.037612 -0.223590 0.056011 0.071335 0.148039 -0.338519 -0.125773 -0.127930 -0.008228 -0.128320 -0.251167 -0.362376 0.364432 0.284239 0.171227 -0.006338 0.197449 0.253588 0.351227 0.246341 0.046588 0.387629 0.175359 0.397414 0.026039 0.015449 0.143029 0.226434 -0.119060 0.107194 0.207123 0.097530 -0.269153 -0.207558 0.108313 -0.144676 -0.161144 -0.375246 -0.221935 -0.120355 -0.004348 -0.043010 -0.086597 -0.063469 -0.152287 -0.258524 -0.006165 -0.284951 -0.182403 -0.210311 -0.151771 -0.087694 -0.014931 -0.046733 -0.108012 -0.152630 0.141069 -0.344423 -0.141654 -0.139509 0.032888 -0.140103
-0.175797 -0.171836 -0.076199 0.531131 -0.245060 -0.065941 -0.491543 -0.112071 0.036505 -0.409513 -0.265019 -0.122983 -0.436157 -0.219223 0.168955 0.055989 -0.295148 -0.410667 0.145446 0.097584 0.065739 0.306229 0.505553 0.320457 -0.077439 0.309211 0.132532 0.456065 0.039584 -0.080571 0.425271 0.489059 0.043806 0.113459 0.113775 1.000000 -0.238221 -0.041842 -0.166169 -0.254266 0.134441 0.036117 0.198407 0.530591 -0.498604 -0.367481 -0.131980 -0.021466 0.148786 -0.534084 0.397121 0.214565 -0.298483 -0.450300 0.232148 -0.198042 -0.315980 -0.232921 -0.361866 -0.240519 -0.473785 -0.468287 -0.158793 -0.450835 0.059683 -0.360326 -0.145798 0.108870 -0.028290 -0.072027 0.413330 0.163619 0.151785 0.142884 -0.083947 0.108200 0.023962 0.422510 0.112713 -0.087136 -0.226969 -0.099930 0.024273 -0.138672 0.119959 0.541442 0.239425 0.020703 0.147081 -0.263483 0.148835 -0.381753 -0.019450 -0.104924 -0.079418 -0.197210 -0.029005 -0.296579 -0.097696 -0.084627 0.110742 -0.171474 0.212726 -0.084730 0.061664 -0.076956 0.161286 -0.012697 -0.085463 -0.087908 0.615517 -0.086578 -0.033914 -0.042459 0.045009 -0.006709
