1.000000 0.439660 0.358567 0.028527 0.226622 0.294498 0.493401 0.013501 0.271425 0.105727 0.560143 0.253585 0.646881 0.217253 0.149369 0.267222 -0.453080 -0.209293 0.709071 0.159629 0.112040 -0.072822 0.194362 0.028481 -0.013142 -0.066334 -0.082052 0.107850 -0.327595 -0.310074 -0.099396 -0.461849 -0.305851 -0.304822 0.198547 0.084061 0.045143 -0.271517 0.312530 -0.112311 -0.201174 -0.441380 -0.206717 -0.357860 -0.121800 -0.221209 -0.216550 -0.253442 0.361961 -0.231374 0.187099 0.157978 -0.184880 -0.139395 0.469221 0.029315 -0.247684 -0.077140 -0.328098 -0.549071 0.558889 -0.111045 0.056500 -0.207102 0.351052 -0.033545 -0.121806 -0.190450 -0.387379 -0.383736 0.031558 -0.379015 -0.163140 -0.076240 0.187778 -0.094908 0.068194 -0.067773 -0.404297 -0.548075 -0.571302 -0.502003 -0.571410 -0.412357 0.021635 -0.195096 0.052650 -0.117187 0.591971 0.294715 -0.360994 0.155468 -0.115852 0.504964 -0.000584 -0.068924 -0.089683 0.024037 -0.371447 0.060322 0.284475 0.480072 0.394836 0.394818 0.174777 0.301933 0.126808 -0.017825 -0.001993 0.258138 0.153006 -0.246589 0.049368 0.291153 0.189519 0.065461
0.439660 1.000000 0.057124 -0.046625 -0.050232 0.234032 0.574619 0.567987 -0.200047 0.108905 0.226157 0.756353 0.307342 0.617853 -0.261568 0.421311 -0.028180 0.294815 0.159491 0.078914 -0.067580 -0.237248 -0.410696 -0.428331 0.198427 -0.478008 0.097438 -0.354780 0.174889 0.199012 -0.183197 -0.422167 -0.024007 0.119370 -0.198457 -0.107177 -0.294661 -0.228286 -0.180182 -0.141825 -0.250504 -0.197264 -0.276720 -0.298192 -0.201890 -0.007792 -0.104340 -0.201902 -0.215168 0.373563 -0.436312 0.341810 -0.207700 -0.191774 -0.070693 -0.228153 -0.024469 0.517091 -0.160594 -0.164064 0.519941 0.319823 0.172521 -0.060835 0.031678 0.619867 -0.490815 -0.438272 -0.027447 -0.131066 0.089108 -0.105479 0.039367 0.270072 -0.014042 -0.065738 0.175971 0.115360 -0.100950 -0.177459 -0.244858 -0.177048 -0.426051 0.153689 -0.525614 -0.379482 -0.268624 -0.373260 0.130399 0.046620 -0.144668 0.037902 -0.054544 -0.112911 -0.082140 -0.176204 -0.135416 -0.044898 -0.060832 0.005242 0.074536 -0.181070 0.071718 -0.048685 0.055062 0.095767 -0.048761 -0.058097 -0.041650 -0.108529 -0.337514 -0.144521 0.240259 0.269446 -0.009385 0.097525
0.358567 0.057124 1.000000 0.059245 0.530808 0.066041 0.366470 0.222484 0.385984 0.411036 0.174659 -0.017196 -0.033758 -0.089209 0.101380 0.097919 -0.246584 -0.038880 0.544299 0.461357 0.052824 -0.020874 0.341302 0.216270 -0.171688 -0.019651 -0.190542 0.115867 -0.069076 -0.039100 0.512081 0.232450 -0.027302 0.165887 0.083720 -0.110184 -0.072544 -0.307977 -0.004774 -0.361760 -0.287871 -0.408850 -0.440891 -0.379411 -0.360525 -0.370260 -0.387960 -0.436697 -0.048224 -0.310655 -0.032142 -0.260674 -0.019361 0.016513 0.059603 -0.171112 -0.239294 -0.159714 -0.251541 -0.293866 0.074602 -0.174661 0.032480 -0.147778 0.156108 -0.261257 0.070045 0.127899 -0.135658 -0.001194 0.443594 0.189881 0.176001 0.181484 0.272796 0.235267 0.425223 0.293055 -0.312292 -0.297795 -0.426571 -0.341033 -0.372463 -0.345740 -0.051694 -0.239789 0.165956 -0.147039 0.140405 -0.005872 -0.042886 -0.043967 -0.044236 0.279761 -0.293222 -0.231784 -0.325178 -0.075914 -0.368913 -0.244763 -0.021066 0.370849 0.031218 0.031865 -0.205917 -0.078354 -0.203259 0.221504 -0.012517 0.041894 0.000834 -0.327331 -0.331763 -0.203868 -0.373924 -0.250292
0.028527 -0.046625 0.059245 1.000000 -0.008160 0.085729 -0.297688 0.108061 0.162186 -0.424480 -0.001890 -0.165092 0.161551 -0.020542 0.313856 0.667363 -0.560726 -0.664899 0.364648 0.133345 0.232173 0.536627 0.564706 0.685639 0.035221 0.564815 0.035331 0.476354 -0.257097 -0.348733 0.398265 0.399547 -0.553780 -0.367363 0.102798 0.277071 0.169881 0.244236 0.197477 0.205955 0.067669 -0.165873 0.001681 -0.050334 -0.147347 -0.073812 -0.005771 -0.016079 0.107509 -0.208911 0.194072 -0.220378 -0.174620 -0.108479 -0.035702 -0.292669 -0.362431 -0.528787 -0.533084 -0.446311 -0.217529 -0.347294 -0.582883 -0.607590 0.431298 -0.055310 -0.003239 0.259536 -0.566859 -0.273263 -0.171809 0.136062 -0.453299 -0.340778 -0.320366 0.054263 -0.358327 0.027066 -0.208400 -0.483664 -0.242848 -0.407619 0.007467 -0.287401 0.414201 0.258124 0.310949 0.370605 0.136826 0.084624 0.180449 -0.047886 0.147726 0.163776 -0.082409 -0.237081 -0.331075 -0.287973 -0.408107 -0.454011 0.025313 -0.018937 0.099191 0.031583 -0.020424 -0.099002 -0.024472 -0.223918 -0.328910 0.082372 0.266274 -0.334278 0.020641 -0.107454 -0.083747 -0.000201
0.226622 -0.050232 0.530808 -0.008160 1.000000 0.191393 0.283916 0.038736 0.677176 0.485520 -0.074806 -0.096898 0.095926 -0.096076 0.296299 0.247158 -0.219502 -0.109842 0.367923 0.126508 0.022225 -0.000850 0.199882 0.203032 0.031596 -0.010351 -0.105044 0.239368 -0.185902 -0.188718 0.241781 0.137701 -0.056429 0.020168 0.171763 -0.150817 0.125123 -0.156499 0.030372 -0.450179 -0.162493 -0.393370 -0.061934 -0.032381 -0.244399 -0.262714 -0.092133 -0.066532 -0.009972 -0.114505 0.000477 -0.202038 -0.227680 -0.253320 0.109501 -0.227413 -0.217151 -0.006294 -0.099023 -0.098592 0.138018 -0.096807 -0.032216 -0.056322 0.242750 0.042401 0.199410 0.220983 -0.211380 0.137765 0.123239 0.026090 -0.015139 -0.159219 -0.102616 0.079670 0.125140 0.163587 -0.136861 -0.152323 -0.312566 -0.204568 -0.174827 -0.193823 -0.056146 -0.310311 0.226401 -0.241494 0.312638 -0.059327 -0.238556 0.111456 0.176972 0.301021 -0.484023 -0.324017 -0.073678 -0.250810 -0.263781 -0.076649 -0.005024 0.293527 -0.070191 0.028569 -0.222604 -0.184627 -0.033574 0.052169 -0.119134 -0.116628 0.080869 -0.233752 -0.009446 -0.313597 -0.291070 -0.307602
0.294498 0.234032 0.066041 0.085729 0.191393 1.000000 0.321089 0.035196 0.150531 0.059262 0.224044 0.250938 0.402280 0.192776 0.344134 0.335348 -0.404622 -0.187486 0.279390 -0.139642 -0.192589 -0.072410 0.158018 0.059853 -0.066932 0.015920 -0.158185 0.339320 -0.095930 -0.138628 -0.008038 -0.195492 -0.301057 -0.279994 0.234552 0.136078 0.092362 0.170242 0.245948 0.165092 0.008988 -0.182007 -0.009430 -0.036084 0.194672 0.072746 -0.052892 -0.066679 0.354343 0.163090 0.128363 0.329233 -0.290265 -0.304076 0.035292 -0.043065 -0.185647 0.071896 -0.205102 -0.328265 0.198558 -0.032685 -0.208703 -0.364053 0.294130 0.266782 -0.127746 -0.169270 -0.371734 -0.211740 0.003789 0.005497 -0.182283 -0.161852 -0.202308 -0.120620 0.008353 -0.047975 -0.407713 -0.416134 -0.388006 -0.350555 -0.168217 -0.102633 -0.040102 -0.253224 0.247866 -0.197038 0.337841 -0.063801 -0.152133 -0.234136 0.255951 0.227424 0.168192 0.096407 0.232797 0.035798 -0.205375 0.010835 -0.040476 -0.026283 -0.207147 -0.115473 0.253565 0.157720 -0.058331 -0.087575 0.074014 -0.076398 0.007542 -0.043141 0.138259 -0.039283 0.164994 0.349091
0.493401 0.574619 0.366470 -0.297688 0.283916 0.321089 1.000000 0.453003 -0.014141 0.330545 0.241585 0.681759 0.459440 0.640102 -0.092334 0.169784 0.053697 0.368555 0.340111 0.001648 -0.309794 -0.359366 -0.329453 -0.463990 -0.110482 -0.604483 -0.220286 -0.248793 0.220263 0.282391 -0.066023 -0.374358 0.211330 0.200525 -0.093885 -0.058021 -0.179896 -0.315559 -0.037171 -0.222561 -0.330480 -0.295509 -0.350589 -0.400690 -0.141206 -0.095452 -0.332028 -0.306848 -0.130525 0.066956 -0.394496 0.218010 -0.220260 -0.185717 0.008254 -0.124210 -0.201880 0.450310 0.027380 -0.151574 0.636221 0.284295 0.330023 0.065297 -0.138069 0.296425 -0.332686 -0.429381 -0.019874 -0.081413 0.203844 -0.051504 0.345352 0.275645 0.214048 0.108177 0.400655 0.186306 0.002744 -0.161798 -0.273159 -0.064826 -0.690165 -0.034373 -0.657357 -0.679582 -0.193818 -0.690735 0.319538 0.068703 -0.385395 0.096708 -0.039429 0.037953 0.016315 0.009374 -0.033693 0.153670 -0.080210 0.271671 -0.171089 0.111427 -0.051816 -0.061177 -0.011587 0.172239 -0.072310 0.108511 0.238518 -0.101376 -0.138047 -0.072748 0.188555 0.157872 0.039410 0.066161
0.013501 0.567987 0.222484 0.108061 0.038736 0.035196 0.453003 1.000000 -0.234840 0.065325 -0.227581 0.620179 -0.026867 0.414461 -0.385959 0.241710 -0.037497 0.254185 0.116389 0.180644 -0.171398 -0.163349 -0.353088 -0.248103 -0.044458 -0.509149 -0.142850 -0.301171 0.277331 0.271777 0.097626 -0.101849 0.120431 0.325101 -0.204841 0.094452 -0.264353 -0.015549 -0.124771 -0.064548 -0.205410 -0.231905 -0.134447 -0.154290 -0.150814 0.075622 -0.007409 -0.106389 -0.205815 0.121310 -0.421173 0.149334 -0.269017 -0.263496 -0.219472 -0.211450 -0.287101 0.271411 -0.184649 -0.141078 0.099779 0.065516 -0.057331 -0.278304 -0.316690 0.324778 -0.261951 -0.084484 -0.052070 -0.011702 0.127560 0.061787 0.184313 0.363067 0.019709 0.345305 0.336689 0.291703 0.059913 -0.031643 0.005104 -0.060821 -0.417697 0.035121 -0.578127 -0.468655 -0.211751 -0.456319 0.057788 -0.161487 0.005600 -0.157784 0.074221 -0.233425 0.062185 -0.055034 -0.008467 0.068509 -0.110111 -0.056564 -0.125174 -0.274712 0.006324 -0.215419 -0.094815 0.163205 -0.137783 0.123484 0.055995 -0.059529 -0.059107 -0.037858 0.203332 0.107560 -0.195238 0.103006
0.271425 -0.200047 0.385984 0.162186 0.677176 0.150531 -0.014141 -0.234840 1.000000 0.316085 -0.006354 -0.435389 0.128634 -0.415558 0.394901 0.193098 -0.469420 -0.423661 0.455705 0.116333 0.161127 0.104539 0.503250 0.473552 -0.080266 0.344366 -0.161160 0.413227 -0.637751 -0.583715 0.184557 0.069084 -0.384001 -0.413117 0.101908 -0.326703 0.341337 -0.057808 0.242888 -0.274906 -0.143919 -0.387526 0.201938 0.144311 -0.320715 -0.493521 0.160249 0.099702 0.302669 -0.293691 0.455235 -0.199273 0.018964 0.016519 0.381806 0.024645 0.074603 -0.186381 -0.139899 -0.132141 0.066610 -0.138027 -0.333612 -0.027134 0.479522 -0.244414 0.259938 0.215865 -0.404760 0.041538 -0.012633 -0.039215 -0.384071 -0.355502 -0.171187 -0.090973 -0.073460 0.045854 -0.340233 -0.362472 -0.589895 -0.495593 -0.165485 -0.524888 0.255778 0.059426 0.451300 0.021801 0.354587 0.066724 0.076613 0.125382 0.189799 0.440052 -0.337935 -0.242467 0.054600 -0.098186 -0.129621 -0.008790 0.052538 0.476850 0.089418 0.198318 -0.062535 -0.160158 0.068585 0.117241 -0.113489 0.174510 0.181400 -0.057479 -0.144327 -0.305422 -0.129597 -0.151591
0.105727 0.108905 0.411036 -0.424480 0.485520 0.059262 0.330545 0.065325 0.316085 1.000000 -0.003989 -0.003439 -0.105635 -0.019797 -0.021730 -0.154586 0.131733 0.343892 -0.006902 0.150438 -0.068305 -0.227959 -0.111555 -0.119898 0.194434 -0.261805 0.090481 -0.183098 -0.005145 0.127045 -0.021145 -0.118930 0.116328 0.221143 -0.226531 -0.301517 0.097837 -0.231636 -0.037877 -0.384271 -0.147739 0.000914 -0.243459 -0.092637 -0.044821 -0.100804 -0.154932 -0.153630 -0.191943 0.157243 -0.140048 0.000582 0.107202 0.026895 0.026769 -0.016388 0.116707 0.206077 -0.053259 0.060031 0.047427 0.185709 0.193902 0.275882 0.019168 0.101560 -0.024242 -0.086792 -0.000795 0.019862 0.350459 0.018650 0.151466 0.156633 0.126621 0.065369 0.316533 0.048556 -0.193575 0.098868 -0.225053 0.036646 -0.040179 0.052970 -0.235326 -0.230023 0.063564 -0.282135 -0.040651 0.046128 0.046449 -0.041777 -0.094123 0.024147 -0.244953 0.000198 0.011605 0.020065 0.107614 0.114173 0.047621 0.236052 -0.092590 0.076644 0.038040 0.046724 0.021337 0.165033 -0.016769 -0.092224 -0.242870 0.041647 -0.048882 -0.142915 -0.028264 -0.066864
0.560143 0.226157 0.174659 -0.001890 -0.074806 0.224044 0.241585 -0.227581 -0.006354 -0.003989 1.000000 0.102527 0.590674 0.236039 0.312732 0.187284 -0.172385 -0.056688 0.416109 0.176252 -0.086333 -0.099921 0.201373 -0.088857 0.003346 -0.041403 0.019661 -0.072836 -0.039587 -0.167599 -0.007903 -0.121997 -0.285882 -0.103132 0.077480 0.061261 -0.215250 -0.480874 -0.087890 -0.205375 -0.318121 -0.391666 -0.179538 -0.271755 -0.005110 0.013050 -0.349255 -0.192674 0.085481 -0.079527 -0.034986 0.093535 -0.091891 0.066212 -0.100368 -0.070127 -0.147561 -0.035567 -0.173073 -0.281371 0.224348 -0.130639 0.179037 -0.164742 0.297078 0.019074 -0.096080 -0.160625 -0.148944 -0.136228 0.028810 -0.090946 -0.129576 -0.093842 0.103626 -0.265629 0.009028 -0.034266 -0.349814 -0.426504 -0.232840 -0.219940 -0.143776 -0.106925 0.204675 -0.042642 -0.102096 -0.121068 0.024689 -0.092845 -0.142620 0.191609 -0.243705 0.351957 -0.038149 -0.102599 -0.294941 -0.019148 -0.203110 0.013916 0.082009 0.265339 0.097799 0.211913 0.001028 0.111127 0.070889 -0.068447 0.026447 -0.059242 -0.028199 -0.191603 -0.030753 0.102919 0.143070 -0.026466
0.253585 0.756353 -0.017196 -0.165092 -0.096898 0.250938 0.681759 0.620179 -0.435389 -0.003439 0.102527 1.000000 0.277699 0.802654 -0.259249 0.238830 0.168983 0.392403 -0.055854 0.086553 -0.224981 -0.327830 -0.513606 -0.529444 0.135667 -0.562011 -0.008898 -0.424164 0.396308 0.470270 -0.241744 -0.416293 0.197094 0.256164 -0.175110 0.130550 -0.192405 -0.124345 -0.131184 0.018249 -0.139753 -0.008342 -0.374305 -0.369144 0.007292 0.144879 -0.332044 -0.371640 -0.217182 0.284454 -0.462389 0.283064 -0.341211 -0.362045 -0.121333 -0.277822 -0.183165 0.532866 -0.056633 -0.122718 0.502088 0.194238 0.315366 -0.050892 -0.245092 0.554170 -0.490957 -0.431045 0.074025 -0.024636 0.103291 -0.061991 0.318464 0.328936 0.087907 0.099967 0.198400 0.063381 0.135484 -0.006891 0.093490 0.138761 -0.425509 0.343399 -0.616432 -0.409284 -0.320858 -0.430653 0.185566 0.078696 -0.313060 -0.071925 -0.054656 -0.197131 0.078719 -0.031855 -0.063924 0.023883 -0.113620 -0.024825 -0.084609 -0.288356 0.033054 -0.166391 -0.031490 0.103068 -0.001680 -0.135492 0.115793 -0.205464 -0.193740 -0.137739 0.252877 0.377290 -0.020625 0.105570
0.646881 0.307342 -0.033758 0.161551 0.095926 0.402280 0.459440 -0.026867 0.128634 -0.105635 0.590674 0.277699 1.000000 0.384812 0.485956 0.392769 -0.397339 -0.280239 0.535111 -0.208868 -0.112599 0.066342 0.231017 0.031616 0.005211 0.063201 -0.142305 0.234153 -0.277726 -0.332804 -0.167561 -0.384637 -0.416310 -0.473384 0.241474 0.218083 0.090661 -0.100554 0.285356 0.069518 -0.234859 -0.426135 -0.012315 -0.152294 -0.015198 -0.124148 -0.212468 -0.096669 0.314532 -0.096359 0.206123 0.299228 -0.298294 -0.164082 0.256573 0.051063 -0.255983 0.028368 -0.301632 -0.413479 0.569015 -0.058398 -0.132136 -0.225608 0.368348 0.120426 -0.229191 -0.303684 -0.460438 -0.328883 -0.256490 -0.278457 -0.290388 -0.274674 -0.037520 -0.261784 -0.181226 -0.083218 -0.322393 -0.513606 -0.413131 -0.363705 -0.404091 -0.315110 0.021393 -0.170268 0.052498 -0.199257 0.513093 0.133391 -0.319481 0.117249 0.037491 0.279549 0.110413 0.045767 0.018980 0.081628 -0.255563 0.176786 -0.065922 0.196608 0.038544 0.180720 0.152817 0.235733 0.032270 -0.108745 0.091188 0.059777 0.340162 -0.220305 0.278063 0.073988 0.296904 0.145612
0.217253 0.617853 -0.089209 -0.020542 -0.096076 0.192776 0.640102 0.414461 -0.415558 -0.019797 0.236039 0.802654 0.384812 1.000000 -0.199388 0.332044 0.196786 0.336489 -0.053885 -0.020263 -0.341185 -0.304135 -0.502434 -0.477072 0.085387 -0.544256 0.012180 -0.436263 0.400863 0.499329 -0.223350 -0.244632 0.143649 0.229287 -0.282551 0.153418 -0.286082 -0.159249 -0.159559 0.006795 -0.202542 0.038487 -0.280095 -0.517403 -0.057160 0.166119 -0.358483 -0.328482 -0.366662 0.198139 -0.590525 0.328838 -0.168155 -0.179131 -0.241214 -0.213736 -0.117441 0.437708 -0.060718 -0.123064 0.525373 0.308427 0.350807 0.046391 -0.228532 0.591882 -0.542283 -0.541425 0.069720 -0.104649 0.007139 -0.044715 0.279045 0.298341 0.191197 0.067412 0.081910 -0.006177 0.194031 -0.048617 0.081934 0.145705 -0.434395 0.337805 -0.603980 -0.447972 -0.323744 -0.469462 0.019049 0.137054 -0.120675 0.282948 -0.040482 -0.108294 0.096077 -0.021981 -0.154450 0.082644 0.075924 0.174138 -0.141138 -0.284224 0.019627 -0.198845 -0.032323 0.072776 0.095088 -0.114143 0.148904 -0.173086 -0.211857 -0.125161 0.278409 0.349448 0.119342 0.104956
0.149369 -0.261568 0.101380 0.313856 0.296299 0.344134 -0.092334 -0.385959 0.394901 -0.021730 0.312732 -0.259249 0.485956 -0.199388 1.000000 0.370391 -0.408876 -0.469399 0.315301 -0.151179 0.236404 0.379269 0.643062 0.479680 0.127148 0.576979 0.113128 0.568454 -0.394826 -0.475540 0.038507 0.087177 -0.523692 -0.507263 0.384729 0.018262 0.337144 -0.076626 0.289959 -0.022738 0.072898 -0.183019 -0.098760 0.126622 -0.017295 -0.195683 -0.247576 -0.112718 0.355903 -0.091844 0.464931 -0.035585 -0.180505 -0.054373 0.260040 -0.020906 -0.131718 -0.176602 -0.282865 -0.194539 -0.023018 -0.231252 -0.394923 -0.208113 0.490747 -0.181019 0.088954 0.157916 -0.477922 -0.138201 -0.238187 -0.067916 -0.471738 -0.471227 -0.256425 -0.273321 -0.295254 -0.164122 -0.395023 -0.372494 -0.358350 -0.327729 0.227444 -0.165957 0.483798 0.228412 0.451736 0.197728 0.294742 0.096809 -0.112594 -0.074702 0.100847 0.212724 -0.135843 -0.085344 0.070692 -0.252467 -0.268611 -0.114982 -0.117423 0.161338 -0.299636 0.169141 0.089747 -0.021823 0.045508 -0.126813 -0.029065 -0.121738 0.339372 -0.272726 0.055475 -0.351646 0.111542 -0.003535
0.267222 0.421311 0.097919 0.667363 0.247158 0.335348 0.169784 0.241710 0.193098 -0.154586 0.187284 0.238830 0.392769 0.332044 0.370391 1.000000 -0.460796 -0.363082 0.423937 0.120432 0.174735 0.276075 0.292023 0.356834 0.153153 0.216147 0.139819 0.261975 -0.179356 -0.195514 0.171339 0.105638 -0.488210 -0.277707 -0.039389 -0.006520 0.005239 -0.125114 -0.009005 -0.096620 -0.085430 -0.331687 -0.105552 -0.109729 -0.305046 -0.182385 -0.060777 0.009674 0.008452 0.216418 -0.082926 -0.005795 -0.294581 -0.198660 -0.080483 -0.357937 -0.260073 0.041172 -0.510936 -0.324258 0.166382 -0.002649 -0.340349 -0.371944 0.432083 0.334325 -0.294091 -0.066506 -0.547576 -0.169292 -0.127652 0.016920 -0.376309 -0.228766 -0.353744 -0.116588 -0.192786 -0.003198 -0.301555 -0.422020 -0.423850 -0.456419 -0.167193 -0.094097 0.029280 -0.134545 0.228300 -0.047812 0.196749 0.061517 -0.013437 0.184371 0.145975 0.110364 -0.333934 -0.425291 -0.265198 -0.410505 -0.370694 -0.314862 0.021813 -0.174423 -0.110141 -0.127416 -0.178704 -0.104043 -0.000091 -0.281437 -0.380666 -0.099973 -0.012356 -0.357190 0.220629 -0.160343 -0.108432 -0.039353
-0.453080 -0.028180 -0.246584 -0.560726 -0.219502 -0.404622 0.053697 -0.037497 -0.469420 0.131733 -0.172385 0.168983 -0.397339 0.196786 -0.408876 -0.460796 1.000000 0.797269 -0.676445 -0.097375 -0.108876 -0.267887 -0.629785 -0.574081 0.126684 -0.475933 0.298671 -0.541197 0.580550 0.658598 -0.305619 -0.042149 0.622726 0.558755 -0.378996 -0.231671 -0.282324 -0.202639 -0.466791 -0.078309 0.020754 0.551108 -0.135502 -0.135898 -0.048215 0.112311 -0.165786 -0.019435 -0.656116 0.224025 -0.543342 -0.003037 0.342850 0.313150 -0.407783 0.002845 0.408738 0.503382 0.442920 0.499626 -0.016135 0.378377 0.692066 0.717263 -0.524161 0.167711 -0.282676 -0.317689 0.653497 0.335608 0.100362 0.068178 0.584973 0.487294 0.265574 0.114611 0.173143 -0.103641 0.710472 0.769308 0.656597 0.823144 0.251831 0.631662 -0.383466 -0.103008 -0.326066 -0.198160 -0.568042 -0.006334 -0.000942 0.133290 -0.323047 -0.447870 0.034551 0.124517 -0.068788 0.180322 0.488501 0.324838 -0.295108 -0.330538 -0.220765 -0.260827 -0.195802 -0.061462 0.161620 0.120260 0.205702 -0.302432 -0.476396 0.311719 -0.166102 0.050086 0.058049 -0.122277
-0.209293 0.294815 -0.038880 -0.664899 -0.109842 -0.187486 0.368555 0.254185 -0.423661 0.343892 -0.056688 0.392403 -0.280239 0.336489 -0.469399 -0.363082 0.797269 1.000000 -0.445273 -0.013164 -0.190202 -0.373081 -0.674854 -0.662985 0.127154 -0.710108 0.211244 -0.634530 0.541497 0.581827 -0.300608 -0.239225 0.611632 0.624253 -0.438987 -0.245093 -0.448407 -0.393814 -0.545284 -0.285350 -0.204200 0.308055 -0.124246 -0.151614 -0.043925 0.129277 -0.137149 -0.049995 -0.549048 0.367368 -0.659333 0.152995 0.303697 0.252183 -0.356815 0.037282 0.294555 0.697611 0.360986 0.433857 0.115285 0.518919 0.602689 0.531918 -0.515141 0.304171 -0.387798 -0.366617 0.524915 0.199600 0.151991 -0.059293 0.522507 0.497142 0.237242 0.069837 0.312529 -0.053369 0.473334 0.599195 0.413880 0.619194 -0.002802 0.516352 -0.586022 -0.363949 -0.319810 -0.474585 -0.397443 -0.088960 -0.068637 0.055140 -0.339878 -0.438197 0.065459 0.110721 -0.043333 0.153809 0.465696 0.348110 -0.221569 -0.274387 -0.249609 -0.312932 -0.152230 0.014430 -0.008684 0.086733 0.248677 -0.283481 -0.547187 0.349656 -0.102885 0.025341 0.008498 -0.105558
0.709071 0.159491 0.544299 0.364648 0.367923 0.279390 0.340111 0.116389 0.455705 -0.006902 0.416109 -0.055854 0.535111 -0.053885 0.315301 0.423937 -0.676445 -0.445273 1.000000 0.216397 -0.000323 0.137673 0.532319 0.393770 -0.355332 0.165631 -0.401357 0.444178 -0.408683 -0.420036 0.369553 -0.025399 -0.483389 -0.356331 0.260680 0.090137 0.130133 -0.178302 0.275742 -0.107449 -0.326640 -0.707834 -0.053887 -0.205400 -0.296889 -0.429146 -0.060779 -0.093271 0.418464 -0.406353 0.239252 -0.078209 -0.207638 -0.099556 0.285688 -0.032239 -0.344291 -0.305122 -0.454507 -0.568803 0.291430 -0.191113 -0.317330 -0.439930 0.381094 -0.292293 0.052283 0.040556 -0.561237 -0.395812 0.173428 -0.019199 -0.197159 -0.135573 0.102327 0.073682 0.156783 0.244373 -0.487314 -0.595116 -0.651868 -0.671300 -0.544764 -0.697199 0.134061 -0.239947 0.209451 -0.113692 0.521872 -0.028855 -0.207572 0.089100 0.044809 0.579623 -0.015627 -0.127860 -0.102329 0.007840 -0.448312 -0.056881 0.054175 0.542516 0.224022 0.265571 0.062816 0.223231 -0.175567 0.113399 0.008120 0.297655 0.326168 -0.197916 0.034650 -0.120782 -0.035354 0.031238
0.159629 0.078914 0.461357 0.133345 0.126508 -0.139642 0.001648 0.180644 0.116333 0.150438 0.176252 0.086553 -0.208868 -0.020263 -0.151179 0.120432 -0.097375 -0.013164 0.216397 1.000000 0.175072 -0.070842 0.169855 0.211714 0.028387 -0.032404 -0.004725 -0.229618 0.056674 0.146898 0.285540 0.219901 0.055376 0.345170 -0.154403 -0.060916 0.055700 -0.346111 -0.025617 -0.251237 -0.018161 -0.105619 -0.277642 -0.395375 -0.176485 -0.187867 -0.246150 -0.379323 -0.092940 -0.111073 -0.120771 -0.371057 -0.137307 -0.094053 -0.124667 -0.327877 -0.128066 -0.079571 -0.250765 -0.368660 -0.195493 -0.445958 0.099455 -0.154870 -0.062704 -0.254907 -0.063630 0.052513 0.133249 0.286874 0.508701 0.243629 0.208472 0.263169 0.231539 0.397697 0.225428 0.266594 -0.176414 -0.091585 -0.046491 -0.073483 -0.087874 0.041864 0.039970 0.035583 -0.010835 0.086960 -0.060569 -0.137193 0.070611 -0.100975 -0.093311 0.240538 -0.306371 -0.441932 -0.364181 -0.124213 -0.220425 -0.361722 0.174380 0.138848 0.324545 0.021497 -0.264329 -0.008568 0.015504 -0.038422 -0.322923 0.190579 -0.060430 -0.126716 -0.236896 0.134254 -0.364635 -0.303473
0.112040 -0.067580 0.052824 0.232173 0.022225 -0.192589 -0.309794 -0.171398 0.161127 -0.068305 -0.086333 -0.224981 -0.112599 -0.341185 0.236404 0.174735 -0.108876 -0.190202 -0.000323 0.175072 1.000000 0.541082 0.407151 0.458064 0.509311 0.448194 0.592689 0.159149 -0.328441 -0.369310 -0.054983 0.011635 -0.235086 -0.307249 -0.064606 -0.189466 0.179927 -0.132248 0.062711 -0.019730 0.292445 0.134147 0.033147 0.160787 -0.108786 -0.187977 0.053376 0.105619 0.179793 0.101736 0.323219 -0.210951 0.198399 0.195175 0.315554 0.018080 0.044943 -0.062279 -0.085070 -0.130948 -0.228264 -0.192198 -0.211667 -0.092788 0.166750 -0.365903 -0.112322 0.060399 -0.108330 -0.123253 -0.106343 -0.201819 -0.435890 -0.125241 -0.074965 -0.121961 -0.368301 -0.370080 -0.086656 0.000425 -0.071127 -0.053820 0.204985 0.001212 0.316051 0.440458 0.334759 0.347693 0.105299 0.330991 0.030102 -0.027833 -0.153523 -0.039358 -0.280120 -0.228164 -0.146134 -0.439482 -0.145858 -0.246482 0.221803 -0.051311 -0.074628 -0.013493 -0.119758 -0.197955 0.108128 -0.418285 -0.296127 0.008598 0.040890 -0.055894 -0.273744 -0.068676 0.008362 -0.251945
-0.072822 -0.237248 -0.020874 0.536627 -0.000850 -0.072410 -0.359366 -0.163349 0.104539 -0.227959 -0.099921 -0.327830 0.066342 -0.304135 0.379269 0.276075 -0.267887 -0.373081 0.137673 -0.070842 0.541082 1.000000 0.626125 0.686829 0.135996 0.647107 0.171005 0.619225 -0.137781 -0.348296 0.356577 0.430508 -0.411425 -0.329119 0.047429 0.200444 0.314776 0.258502 0.050079 0.195047 0.327804 0.007556 -0.008958 0.170122 -0.104411 -0.210682 -0.021948 0.066325 0.076657 -0.059768 0.201146 -0.364566 0.010526 0.065109 0.044237 -0.034799 -0.332915 -0.299407 -0.352035 -0.227210 -0.309926 -0.230761 -0.465344 -0.401394 0.376154 -0.259704 -0.106497 0.161194 -0.427059 -0.188935 -0.137645 0.165019 -0.389720 -0.355198 -0.213403 -0.007140 -0.495407 -0.303478 0.005995 -0.115228 0.041623 0.008053 0.361421 -0.107034 0.504628 0.362714 0.428429 0.506807 0.101778 0.164704 -0.072209 -0.133299 -0.078553 -0.051072 -0.129423 -0.124224 -0.308634 -0.396684 -0.315913 -0.412309 -0.065006 -0.032633 -0.158305 0.037264 -0.102095 -0.137870 -0.262833 -0.403100 -0.319447 -0.073537 0.183922 -0.290779 -0.047100 -0.363376 -0.120046 -0.244188
0.194362 -0.410696 0.341302 0.564706 0.199882 0.158018 -0.329453 -0.353088 0.503250 -0.111555 0.201373 -0.513606 0.231017 -0.502434 0.643062 0.292023 -0.629785 -0.674854 0.532319 0.169855 0.407151 0.626125 1.000000 0.880942 -0.070611 0.817141 -0.074874 0.748839 -0.562845 -0.614812 0.455176 0.352391 -0.625912 -0.555412 0.293650 0.104223 0.433933 0.102534 0.273830 0.067310 0.047385 -0.311890 0.041458 0.147491 -0.134554 -0.389661 -0.051911 -0.000622 0.449539 -0.339697 0.611202 -0.349502 -0.040313 0.029043 0.270447 -0.016982 -0.253452 -0.543567 -0.465036 -0.410790 -0.259319 -0.434264 -0.602597 -0.457392 0.563636 -0.552233 0.152487 0.317795 -0.584597 -0.251661 -0.006802 0.089906 -0.522027 -0.457812 -0.172098 -0.126156 -0.313257 -0.091160 -0.473098 -0.452912 -0.401877 -0.458432 0.120419 -0.507305 0.683930 0.395868 0.595534 0.466384 0.274882 0.061784 0.047178 -0.123002 0.071726 0.418468 -0.158294 -0.151362 -0.156614 -0.256851 -0.452001 -0.385078 -0.015741 0.351209 -0.059934 0.157453 -0.009950 -0.103710 -0.193087 -0.202880 -0.221653 0.172801 0.454212 -0.268384 -0.168680 -0.404006 -0.140819 -0.156579
0.028481 -0.428331 0.216270 0.685639 0.203032 0.059853 -0.463990 -0.248103 0.473552 -0.119898 -0.088857 -0.529444 0.031616 -0.477072 0.479680 0.356834 -0.574081 -0.662985 0.393770 0.211714 0.458064 0.686829 0.880942 1.000000 -0.016459 0.794297 -0.014052 0.719997 -0.505214 -0.522613 0.451195 0.451386 -0.611939 -0.496533 0.125648 0.095348 0.471406 0.262161 0.327644 0.162701 0.150170 -0.113035 0.131718 0.134445 -0.236441 -0.391538 0.085811 0.082320 0.341199 -0.274874 0.505216 -0.385923 0.004174 -0.001656 0.239173 -0.055091 -0.196099 -0.533756 -0.530248 -0.377004 -0.313360 -0.390947 -0.625490 -0.421355 0.420990 -0.472576 0.062187 0.333797 -0.575152 -0.230662 -0.031395 0.124293 -0.476036 -0.377955 -0.186683 0.072601 -0.375484 -0.116523 -0.322304 -0.285791 -0.295433 -0.378939 0.156975 -0.434432 0.584779 0.373280 0.585768 0.481381 0.277148 0.133415 0.153542 -0.070999 0.166879 0.367267 -0.159278 -0.159160 -0.175331 -0.300566 -0.388610 -0.416961 0.084055 0.217293 0.037193 0.047250 -0.041694 -0.122501 -0.167332 -0.226947 -0.352631 0.242651 0.386904 -0.261892 -0.129464 -0.364339 -0.164221 -0.159102
-0.013142 0.198427 -0.171688 0.035221 0.031596 -0.066932 -0.110482 -0.044458 -0.080266 0.194434 0.003346 0.135667 0.005211 0.085387 0.127148 0.153153 0.126684 0.127154 -0.355332 0.028387 0.509311 0.135996 -0.070611 -0.016459 1.000000 0.128923 0.855716 -0.299787 -0.058602 -0.087440 -0.435031 -0.310492 0.056016 -0.090546 -0.197997 -0.177531 -0.052758 -0.161511 -0.127194 -0.102393 0.185078 0.322990 -0.133755 0.035616 0.172423 0.202880 -0.152014 -0.089133 -0.064698 0.530096 0.036340 0.121660 0.134094 0.077609 0.095302 -0.077315 0.057269 0.215458 0.083181 0.176161 -0.048728 0.022232 -0.002777 0.036378 0.136667 0.214913 -0.171664 -0.076232 0.091837 0.012590 -0.318002 -0.401294 -0.367280 -0.200979 -0.314253 -0.325311 -0.427861 -0.474486 -0.083583 0.057226 0.110754 0.176260 0.303960 0.432544 0.102677 0.387170 0.080737 0.174137 0.014082 0.397665 0.027613 -0.118529 -0.265050 -0.314475 -0.270317 -0.146325 -0.250018 -0.452152 0.037672 -0.195029 0.163321 -0.267976 -0.175581 -0.137549 -0.131647 -0.335306 0.240022 -0.473900 -0.275067 -0.327521 -0.330427 -0.080759 -0.128306 0.194693 0.143581 -0.158365
-0.066334 -0.478008 -0.019651 0.564815 -0.010351 0.015920 -0.604483 -0.509149 0.344366 -0.261805 -0.041403 -0.562011 0.063201 -0.544256 0.576979 0.216147 -0.475933 -0.710108 0.165631 -0.032404 0.448194 0.647107 0.817141 0.794297 0.128923 1.000000 0.106579 0.718312 -0.572405 -0.570576 0.250865 0.311011 -0.516839 -0.632255 0.304515 0.085856 0.481713 0.271531 0.268867 0.187181 0.221075 0.013963 0.081263 0.289632 0.006657 -0.252450 0.062950 0.037332 0.369729 -0.150083 0.664243 -0.344605 0.028881 0.077799 0.279614 0.024558 -0.057580 -0.501140 -0.275728 -0.133852 -0.286928 -0.295706 -0.585334 -0.266296 0.547910 -0.442525 0.203960 0.344379 -0.451855 -0.141713 -0.216081 -0.004470 -0.573323 -0.506071 -0.277028 -0.266400 -0.496642 -0.206815 -0.356073 -0.316341 -0.215775 -0.317604 0.372959 -0.287777 0.778095 0.677901 0.562173 0.712360 0.170728 0.173686 0.072385 -0.192282 0.031734 0.176314 -0.188764 -0.116306 -0.105593 -0.336046 -0.280794 -0.414190 0.046877 0.142998 -0.064985 0.171527 -0.019881 -0.306648 -0.051545 -0.347059 -0.268387 0.102406 0.347404 -0.188197 -0.147008 -0.249423 -0.067209 -0.165651
-0.082052 0.097438 -0.190542 0.035331 -0.105044 -0.158185 -0.220286 -0.142850 -0.161160 0.090481 0.019661 -0.008898 -0.142305 0.012180 0.113128 0.139819 0.298671 0.211244 -0.401357 -0.004725 0.592689 0.171005 -0.074874 -0.014052 0.855716 0.106579 1.000000 -0.295980 0.001719 -0.044991 -0.510302 -0.227192 0.071612 -0.033690 -0.264392 -0.235051 -0.123613 -0.203270 -0.143625 -0.067978 0.302742 0.420996 -0.165909 -0.028571 0.057020 0.188653 -0.157168 0.007367 -0.181232 0.477698 -0.064713 0.064253 0.337113 0.301620 0.011491 0.017337 0.182273 0.194491 0.064689 0.205086 -0.196879 0.044938 0.098743 0.185540 0.067833 0.132079 -0.204609 -0.049760 0.177195 0.024661 -0.267065 -0.333931 -0.292221 -0.067795 -0.156486 -0.262818 -0.407530 -0.557000 0.049905 0.168333 0.158650 0.245628 0.400712 0.488087 0.133210 0.395779 0.128931 0.207964 -0.228487 0.408270 0.155462 0.049374 -0.327723 -0.298645 -0.226208 -0.117434 -0.199687 -0.383618 0.159651 -0.076271 0.076924 -0.329946 -0.245297 -0.112140 -0.091738 -0.218254 0.354090 -0.308685 -0.180872 -0.370202 -0.400033 -0.032106 -0.200646 0.149891 0.181984 -0.132247
0.107850 -0.354780 0.115867 0.476354 0.239368 0.339320 -0.248793 -0.301171 0.413227 -0.183098 -0.072836 -0.424164 0.234153 -0.436263 0.568454 0.261975 -0.541197 -0.634530 0.444178 -0.229618 0.159149 0.619225 0.748839 0.719997 -0.299787 0.718312 -0.295980 1.000000 -0.385730 -0.486925 0.452556 0.317334 -0.563238 -0.560958 0.430795 0.195966 0.521697 0.435556 0.382953 0.233678 0.167692 -0.178881 0.075225 0.207956 -0.092773 -0.351383 0.087438 0.092380 0.420552 -0.320350 0.497681 -0.266691 -0.210006 -0.152869 0.224179 0.005160 -0.241911 -0.448233 -0.418362 -0.318863 -0.135856 -0.219089 -0.604330 -0.379972 0.503233 -0.319246 0.165369 0.278793 -0.624297 -0.264923 -0.028407 0.139078 -0.343345 -0.384982 -0.187486 -0.022827 -0.265872 -0.038673 -0.266757 -0.381906 -0.342774 -0.375116 0.126422 -0.432291 0.521006 0.215103 0.513184 0.410630 0.377181 -0.023720 -0.208039 -0.189062 0.182911 0.326016 0.018205 0.041531 0.091426 -0.157374 -0.408770 -0.240478 -0.055884 0.250768 -0.143757 0.137615 0.145841 0.030657 -0.296654 -0.104047 -0.090351 0.070143 0.432332 -0.222769 0.074224 -0.445271 -0.023144 0.056297
-0.327595 0.174889 -0.069076 -0.257097 -0.185902 -0.095930 0.220263 0.277331 -0.637751 -0.005145 -0.039587 0.396308 -0.277726 0.400863 -0.394826 -0.179356 0.580550 0.541497 -0.408683 0.056674 -0.328441 -0.137781 -0.562845 -0.505214 -0.058602 -0.572405 0.001719 -0.385730 1.000000 0.790133 0.098712 0.200442 0.483721 0.769186 -0.090394 0.186214 -0.360070 0.030884 -0.329119 0.075220 0.222874 0.340007 -0.410971 -0.324000 0.084677 0.328172 -0.371393 -0.299351 -0.573001 0.086364 -0.705599 -0.085838 -0.241239 -0.218066 -0.625965 -0.287699 -0.185968 0.239999 0.169676 0.109872 -0.132575 0.039461 0.507082 0.067922 -0.437979 0.329236 -0.178765 -0.172389 0.536921 0.211701 0.290466 0.367775 0.676953 0.404493 0.139089 0.319615 0.253873 0.148883 0.507333 0.428648 0.627504 0.655660 0.218950 0.670387 -0.356166 -0.275049 -0.522356 -0.147233 -0.380620 -0.283904 -0.208496 -0.077224 -0.197785 -0.349875 0.206134 0.100967 -0.229979 0.084172 -0.008299 -0.017671 -0.111215 -0.374201 -0.166475 -0.256065 -0.041922 0.153684 -0.178313 0.106051 0.048152 -0.320594 -0.381566 -0.142582 0.036352 0.005359 -0.103482 0.096440
-0.310074 0.199012 -0.039100 -0.348733 -0.188718 -0.138628 0.282391 0.271777 -0.583715 0.127045 -0.167599 0.470270 -0.332804 0.499329 -0.475540 -0.195514 0.658598 0.581827 -0.420036 0.146898 -0.369310 -0.348296 -0.614812 -0.522613 -0.087440 -0.570576 -0.044991 -0.486925 0.790133 1.000000 0.005858 0.076263 0.527824 0.682003 -0.296316 -0.060330 -0.231363 -0.037119 -0.268931 0.068898 0.089889 0.448325 -0.388565 -0.407782 -0.088739 0.050715 -0.303167 -0.312049 -0.555034 0.100638 -0.664174 0.018060 -0.057404 -0.105023 -0.479100 -0.200523 0.095056 0.359248 0.171018 0.142228 0.061326 0.257037 0.580975 0.366536 -0.609620 0.249829 -0.373451 -0.416852 0.560547 0.101988 0.370608 0.296184 0.769924 0.637393 0.354162 0.382214 0.381510 0.171630 0.453249 0.549283 0.517911 0.606413 0.051977 0.632386 -0.513442 -0.274657 -0.451351 -0.176162 -0.387209 -0.093660 -0.058726 0.064985 -0.139101 -0.219300 0.165556 0.076436 -0.072196 0.197137 0.198035 0.152159 -0.191691 -0.244463 -0.043490 -0.197526 0.016693 0.170652 -0.031824 0.170728 0.142838 -0.157157 -0.383083 0.067805 0.028725 0.149126 -0.041254 0.130017
-0.099396 -0.183197 0.512081 0.398265 0.241781 -0.008038 -0.066023 0.097626 0.184557 -0.021145 -0.007903 -0.241744 -0.167561 -0.223350 0.038507 0.171339 -0.305619 -0.300608 0.369553 0.285540 -0.054983 0.356577 0.455176 0.451195 -0.435031 0.250865 -0.510302 0.452556 0.098712 0.005858 1.000000 0.794394 -0.190431 0.164474 0.133753 0.146634 0.059984 0.106905 -0.134491 -0.086949 -0.213533 -0.331717 -0.108583 -0.020317 -0.213070 -0.260617 -0.025594 -0.089906 -0.066004 -0.334566 -0.077091 -0.432259 -0.240736 -0.182183 -0.326089 -0.308377 -0.349124 -0.406890 -0.289973 -0.270687 -0.248074 -0.231967 -0.256376 -0.392989 0.166423 -0.219939 0.129063 0.277334 -0.223021 0.001964 0.348059 0.599879 0.121771 -0.024028 -0.081611 0.284634 0.169925 0.479479 -0.115725 -0.205974 -0.129728 -0.183002 -0.053686 -0.292111 0.175124 -0.119369 0.085735 0.104748 -0.046448 -0.374917 -0.061457 -0.087791 0.133717 0.181412 -0.219538 -0.252121 -0.402701 -0.195483 -0.426657 -0.467505 -0.063132 0.215569 -0.045482 -0.074858 -0.218789 -0.131744 -0.512282 0.034586 -0.282512 0.056127 0.139362 -0.308515 -0.103005 -0.407179 -0.447314 -0.181924
-0.461849 -0.422167 0.232450 0.399547 0.137701 -0.195492 -0.374358 -0.101849 0.069084 -0.118930 -0.121997 -0.416293 -0.384637 -0.244632 0.087177 0.105638 -0.042149 -0.239225 -0.025399 0.219901 0.011635 0.430508 0.352391 0.451386 -0.310492 0.311011 -0.227192 0.317334 0.200442 0.076263 0.794394 1.000000 -0.069033 0.290665 0.028934 0.141411 0.021499 0.152012 -0.212503 -0.060767 -0.006992 -0.064904 -0.058265 0.054885 -0.158738 -0.046692 -0.042212 -0.012881 -0.343329 -0.217582 -0.209253 -0.540757 -0.097908 -0.079797 -0.498635 -0.329419 -0.220002 -0.379351 -0.197568 -0.060474 -0.487944 -0.255720 -0.148324 -0.204329 0.067302 -0.128747 0.141934 0.405771 -0.009289 0.249460 0.172322 0.685995 0.129871 -0.047782 -0.120190 0.271944 -0.028369 0.341395 0.123025 0.046567 0.163255 0.085963 0.305725 0.007883 0.265881 0.034554 0.119161 0.214122 -0.376375 -0.362157 0.138722 0.067362 0.135572 0.020459 -0.296985 -0.280245 -0.404189 -0.235370 -0.207826 -0.424402 -0.176128 -0.048290 -0.149683 -0.108132 -0.289985 -0.268833 -0.294756 0.039091 -0.283594 -0.053177 0.043899 -0.301337 -0.101476 -0.411894 -0.473653 -0.307417
-0.305851 -0.024007 -0.027302 -0.553780 -0.056429 -0.301057 0.211330 0.120431 -0.384001 0.116328 -0.285882 0.197094 -0.416310 0.143649 -0.523692 -0.488210 0.622726 0.611632 -0.483389 0.055376 -0.235086 -0.411425 -0.625912 -0.611939 0.056016 -0.516839 0.071612 -0.563238 0.483721 0.527824 -0.190431 -0.069033 1.000000 0.688830 -0.087068 -0.108008 -0.377202 -0.142358 -0.365694 -0.143828 0.034975 0.341885 -0.141531 -0.030279 0.270636 0.358261 -0.099250 -0.131698 -0.376800 0.220649 -0.419451 0.002784 0.058092 0.010542 -0.248051 -0.085109 0.121875 0.357632 0.612939 0.464910 -0.047862 0.157716 0.500942 0.393447 -0.546124 0.100611 0.162303 0.041135 0.714114 0.529716 0.133297 0.084889 0.608348 0.455727 0.257024 0.194417 0.398294 0.137574 0.448285 0.502568 0.419113 0.491636 0.013973 0.387942 -0.449716 -0.255690 -0.376759 -0.285469 -0.310773 -0.180800 -0.111038 -0.144059 -0.127852 -0.479175 -0.063033 -0.039094 -0.037185 0.104054 0.245238 0.113051 -0.223607 -0.322398 -0.106489 -0.286135 -0.290945 -0.165107 0.095620 0.124118 0.093441 -0.230410 -0.396746 0.215160 -0.102274 0.177843 -0.169136 -0.248926
-0.304822 0.119370 0.165887 -0.367363 0.020168 -0.279994 0.200525 0.325101 -0.413117 0.221143 -0.103132 0.256164 -0.473384 0.229287 -0.507263 -0.277707 0.558755 0.624253 -0.356331 0.345170 -0.307249 -0.329119 -0.555412 -0.496533 -0.090546 -0.632255 -0.033690 -0.560958 0.769186 0.682003 0.164474 0.290665 0.688830 1.000000 -0.118688 0.087154 -0.436576 -0.223968 -0.441810 -0.305029 -0.030994 0.195324 -0.352959 -0.267249 0.062796 0.318165 -0.285197 -0.295111 -0.616999 0.067538 -0.718068 -0.232183 -0.168317 -0.205424 -0.589688 -0.360913 -0.136395 0.230261 0.190272 0.137112 -0.177722 -0.036288 0.587181 0.175405 -0.465281 0.251547 -0.035005 0.091827 0.638447 0.464057 0.339942 0.370601 0.733026 0.516156 0.196931 0.409666 0.480021 0.397291 0.361958 0.454871 0.450602 0.525197 0.113274 0.537131 -0.379139 -0.339970 -0.488895 -0.261373 -0.471453 -0.396351 -0.155275 -0.053050 -0.194233 -0.349976 -0.108366 -0.137947 -0.306554 0.041757 0.033796 -0.078062 -0.145814 -0.263562 -0.090913 -0.204092 -0.216571 0.071563 -0.080400 0.278814 -0.034081 -0.192390 -0.409842 -0.049843 -0.107406 0.007815 -0.303307 -0.137280
0.198547 -0.198457 0.083720 0.102798 0.171763 0.234552 -0.093885 -0.204841 0.101908 -0.226531 0.077480 -0.175110 0.241474 -0.282551 0.384729 -0.039389 -0.378996 -0.438987 0.260680 -0.154403 -0.064606 0.047429 0.293650 0.125648 -0.197997 0.304515 -0.264392 0.430795 -0.090394 -0.296316 0.133753 0.028934 -0.087068 -0.118688 1.000000 0.475132 0.082673 0.209782 0.362963 0.063277 0.161353 -0.241945 -0.127814 0.147013 0.317828 0.199734 -0.177606 -0.204817 0.422936 -0.323266 0.435236 0.000570 -0.537011 -0.422570 0.269488 -0.051047 -0.339533 -0.376485 0.024191 -0.294905 -0.000816 -0.470199 -0.167983 -0.343326 0.232875 -0.206513 0.505736 0.450868 -0.062985 0.020675 -0.127947 -0.074653 -0.154787 -0.306095 -0.152720 -0.163432 0.093330 0.208416 -0.314556 -0.329288 -0.118719 -0.296649 0.094030 -0.205122 0.333339 0.046327 -0.026932 0.209386 0.401884 -0.206941 -0.349165 -0.303655 0.252791 0.230598 0.034847 0.038082 0.182275 0.042650 -0.451561 -0.129072 0.131558 0.131319 -0.042775 0.202303 0.151802 0.068102 -0.094811 0.006874 0.002230 0.091897 0.531601 -0.324446 0.179593 -0.069103 -0.110420 0.039492
0.084061 -0.107177 -0.110184 0.277071 -0.150817 0.136078 -0.058021 0.094452 -0.326703 -0.301517 0.061261 0.130550 0.218083 0.153418 0.018262 -0.006520 -0.231671 -0.245093 0.090137 -0.060916 -0.189466 0.200444 0.104223 0.095348 -0.177531 0.085856 -0.235051 0.195966 0.186214 -0.060330 0.146634 0.141411 -0.108008 0.087154 0.475132 1.000000 0.012253 0.320702 0.247603 0.228635 0.117794 -0.052984 -0.115695 -0.039901 0.508406 0.494097 -0.245378 -0.222620 0.157744 -0.317944 0.098355 -0.014812 -0.442601 -0.459530 -0.043542 -0.172341 -0.613732 -0.447403 -0.311743 -0.527446 -0.058152 -0.509454 -0.065539 -0.517415 0.127879 0.057435 0.112998 0.263415 -0.162729 -0.125153 -0.121667 0.081204 0.066163 -0.176724 -0.050338 0.119733 -0.085252 0.119025 -0.054238 -0.191167 0.206710 0.062399 0.041447 -0.012623 0.241360 0.003938 -0.164258 0.150118 0.220011 -0.063068 -0.307965 -0.261576 -0.019289 0.001654 0.221480 0.052907 -0.152786 -0.060083 -0.449259 -0.341935 -0.023881 -0.162853 0.040627 0.084365 0.135231 0.158984 -0.115488 -0.068929 -0.104954 -0.062643 0.410133 -0.332796 0.123489 0.070901 0.009877 0.129871
