1.000000 0.354092 0.117086 -0.074454 0.146574 -0.082545 0.165449 0.048113 0.311595 0.070207 0.338765 0.259191 0.121752 -0.063689 0.173552 -0.147203 0.187977 -0.164743 0.586351 0.369234 -0.092629 -0.397003 -0.027365 -0.202241 -0.214894 -0.286983 -0.039544 -0.148091 -0.049974 -0.183700 -0.382120 -0.542691 0.404753 0.144060 -0.144603 -0.235046 -0.250162 -0.404162 -0.083135 -0.277371 -0.315937 -0.169563 -0.318970 -0.343746 -0.320536 -0.286125 -0.392031 -0.316800 -0.129832 -0.164997 0.071344 -0.082591 -0.025837 -0.138022 0.031568 -0.312990 0.480475 0.126892 0.568715 0.283151 0.482415 0.410214 0.264180 0.469494 0.014405 0.086276 -0.030053 -0.188519 0.250501 0.244335 0.001840 -0.372387 0.040418 0.066861 0.054717 0.066930 0.002308 -0.004230 -0.390745 -0.411604 -0.227395 -0.303929 0.077394 0.209012 -0.057610 0.088599 0.073237 0.013221 0.014988 0.053173 -0.018998 0.062350 0.037054 0.161415 -0.246678 -0.012130 -0.441753 0.097905 -0.117327 0.106308 -0.012773 0.147037 0.005849 -0.005802 -0.092291 -0.116954 0.211991 0.262181 -0.144673 -0.027923 -0.412577 -0.087842 -0.014620 -0.055233 -0.045834 0.181514
0.354092 1.000000 -0.392449 0.043644 0.066214 0.037314 -0.154363 -0.112548 -0.063551 0.004729 0.148421 0.474193 0.077625 0.022613 -0.179871 -0.046982 0.281801 0.169810 0.194090 0.518856 -0.040895 -0.263367 -0.330143 -0.326160 -0.181905 -0.375846 -0.042572 -0.130126 0.063270 0.045713 -0.459253 -0.308726 0.238552 0.210924 -0.270007 -0.239965 -0.214811 -0.357450 -0.126935 -0.328326 -0.226982 0.030199 -0.080509 -0.210519 -0.055956 -0.120559 -0.232172 -0.348242 -0.131243 -0.050970 0.216143 -0.100134 0.030418 -0.147150 -0.171237 -0.519245 0.309008 0.696777 0.307324 0.415530 0.343365 0.315963 0.491202 0.547901 -0.071133 -0.305113 0.064296 -0.401941 0.486812 0.340641 0.051621 -0.102660 0.150171 0.305828 0.160784 0.213141 -0.005408 0.014356 -0.141899 0.119671 0.089878 0.020849 -0.036411 0.431220 -0.130160 -0.021975 -0.114439 -0.035637 -0.127951 -0.121694 0.186690 -0.115408 0.130987 -0.046712 -0.323151 -0.108159 -0.160934 -0.053205 0.191192 -0.223935 -0.057821 0.154722 0.149354 -0.200861 -0.164915 -0.209776 0.187578 0.147820 -0.226528 -0.194142 -0.297003 0.175381 0.196512 0.021672 -0.123857 -0.101359
0.117086 -0.392449 1.000000 0.096654 0.366836 0.105895 0.592458 0.304705 0.469041 0.199160 0.181787 -0.172599 0.151354 0.190291 0.329327 0.110691 -0.369285 -0.261838 0.332159 -0.156738 0.057112 -0.040824 0.584604 0.388886 0.174695 0.193147 0.195639 0.094369 -0.310989 -0.365422 0.340211 -0.011127 -0.035701 -0.158183 -0.098422 -0.023010 -0.119037 -0.134229 0.140065 -0.126215 -0.090201 -0.143027 0.037463 0.047165 -0.041507 -0.023859 0.051481 0.025699 0.271008 0.071605 0.220769 0.136441 0.188384 -0.027158 0.099147 0.064973 -0.406521 -0.403403 0.180219 -0.079368 0.026074 -0.009395 -0.550935 -0.335680 0.149183 0.167544 0.191711 0.184316 -0.046600 -0.128718 0.045580 0.018728 -0.435326 -0.138854 -0.181942 -0.095298 -0.117783 -0.003921 -0.214462 -0.320317 -0.410963 -0.322752 -0.076710 -0.493713 -0.063252 -0.115124 -0.143010 -0.259847 0.221040 0.200053 0.051873 0.488779 0.038335 0.201025 0.083195 -0.152615 -0.216122 -0.177563 -0.171528 -0.139649 -0.005520 -0.281212 0.002282 -0.075019 -0.110553 -0.093721 -0.201698 -0.105120 0.100766 -0.037102 -0.018655 -0.382802 -0.102404 -0.177321 -0.200076 -0.074344
-0.074454 0.043644 0.096654 1.000000 0.006427 0.526367 -0.140208 0.401875 -0.172574 0.078114 -0.099503 0.140270 -0.077198 0.107655 0.208176 0.360491 0.015658 -0.296195 -0.031551 -0.196186 0.360203 0.422031 0.102371 0.434442 0.296928 0.505177 0.412107 0.568653 -0.323468 -0.254332 0.056086 0.284243 0.048208 0.165378 0.080314 -0.150656 0.067483 0.205906 0.496850 0.391886 0.278192 0.376382 -0.302773 -0.304929 -0.443344 -0.469695 -0.342303 -0.261744 -0.254254 -0.437526 0.019589 -0.324696 -0.042509 -0.428993 0.261995 0.024066 -0.078001 -0.166887 0.084435 0.182788 0.038531 -0.074759 -0.164342 -0.174280 0.112718 0.460283 0.161159 0.065955 0.318862 -0.301235 -0.096341 0.135799 -0.406228 0.016277 0.075763 0.080350 -0.053078 0.177582 -0.075358 -0.075464 -0.150033 -0.235345 -0.009124 -0.045592 -0.061091 0.178472 0.069541 0.136686 0.334038 0.230566 0.041839 -0.029368 0.334818 -0.159063 0.294489 0.081310 0.231463 -0.015239 -0.255438 -0.224608 -0.218559 -0.131852 -0.009416 0.013591 0.056642 0.082813 -0.236393 -0.269152 0.086063 0.118522 0.070773 -0.524908 -0.319149 -0.010298 -0.087199 -0.174036
0.146574 0.066214 0.366836 0.006427 1.000000 0.430205 0.352168 0.363914 0.612320 0.726912 0.042030 -0.009841 0.214117 0.284801 0.062160 0.428749 -0.165259 -0.155505 0.118662 0.179237 0.131755 -0.286051 -0.020458 0.011779 -0.065565 -0.170780 -0.011613 -0.022077 -0.016655 -0.053385 -0.171360 -0.110436 0.122798 0.000484 -0.396435 -0.152494 -0.347201 -0.397932 -0.024113 -0.384979 -0.262453 -0.129352 0.066783 0.074076 0.081512 0.078967 0.075334 0.078548 0.167711 0.167880 0.085273 0.137006 0.279002 0.067080 -0.114005 -0.165946 -0.130078 -0.129013 0.362598 0.397477 0.196981 0.357834 0.048425 0.096088 -0.065872 -0.107866 0.263389 -0.075490 0.063293 0.000416 -0.000702 -0.163338 -0.115739 0.001371 -0.221260 -0.076353 -0.238737 -0.182981 -0.185996 -0.232646 -0.162426 -0.172356 0.033400 0.054523 -0.254986 -0.351818 -0.372014 -0.502377 0.101113 -0.086862 0.289905 0.364247 0.139970 0.119703 -0.184623 -0.376762 -0.239192 -0.416496 0.246525 -0.152765 -0.096210 -0.051503 0.093086 -0.341454 -0.280528 -0.459107 0.025639 0.107832 -0.022607 -0.380168 -0.112786 -0.167566 0.153485 -0.341947 -0.180852 -0.017383
-0.082545 0.037314 0.105895 0.526367 0.430205 1.000000 -0.264642 0.074625 -0.066428 0.206515 0.040918 0.047893 -0.055591 0.006991 0.274120 0.452708 -0.028890 -0.312877 -0.064576 0.075328 0.519071 0.431633 0.210588 0.427862 0.488825 0.441837 0.471979 0.591257 -0.129922 -0.329459 0.039259 0.337867 -0.115254 0.093572 -0.205552 -0.124684 0.018826 -0.007144 0.392654 0.045541 0.080097 0.240847 -0.172050 -0.148696 -0.306444 -0.303363 -0.350628 -0.286686 -0.180330 -0.353093 -0.035301 -0.277299 0.051014 -0.296243 0.121260 -0.201423 0.036009 -0.084423 0.209025 0.016546 0.065742 -0.099431 0.012256 -0.184001 -0.015627 0.127599 0.066363 0.088215 0.168038 -0.050497 0.041014 0.205871 -0.292329 -0.058013 -0.074850 0.117344 -0.106009 0.024584 -0.044778 -0.125607 -0.164065 -0.185028 -0.045265 -0.098437 -0.013673 0.036805 -0.203916 -0.189392 0.452290 0.260273 0.025621 0.155900 0.270468 -0.076164 0.080877 -0.180466 0.021955 -0.116680 -0.054308 -0.231654 -0.305160 -0.094320 -0.073850 -0.070367 0.183992 -0.120876 0.094524 0.079725 -0.050410 -0.121086 0.209767 -0.381970 -0.155573 0.065453 0.009796 -0.018294
0.165449 -0.154363 0.592458 -0.140208 0.352168 -0.264642 1.000000 0.520164 0.517544 0.475568 0.083058 -0.024024 0.268227 0.214880 0.054104 0.015344 -0.196683 -0.061217 0.212471 -0.148085 -0.242697 -0.461620 0.006189 -0.082870 -0.387562 -0.285357 -0.252637 -0.324077 -0.116172 0.016489 0.134099 -0.190560 0.184159 -0.111722 -0.032442 -0.025565 -0.261469 -0.352779 -0.249355 -0.236959 -0.250662 -0.212788 0.127470 0.127535 0.256858 0.179886 0.259897 0.165143 0.405456 0.302759 0.159552 0.349287 0.125754 0.098909 -0.234007 0.025830 -0.450360 -0.242712 0.157830 0.339136 0.028967 0.198717 -0.179196 0.040869 0.093436 -0.020409 0.476869 -0.018144 -0.017618 -0.245999 -0.053582 -0.373434 -0.002973 -0.029719 -0.143858 -0.118865 0.023308 -0.076992 -0.177418 -0.166125 -0.165850 -0.172079 0.137446 -0.067490 -0.112359 -0.186040 -0.029228 -0.200455 -0.215122 -0.279931 0.141885 0.318067 -0.021113 0.197287 -0.021122 -0.125814 -0.125480 -0.197708 0.085454 -0.024087 0.229703 -0.100107 0.375568 -0.030746 -0.307022 -0.123220 -0.330756 -0.296759 0.014576 -0.132357 -0.262852 -0.023763 0.174135 -0.311254 -0.324544 -0.191551
0.048113 -0.112548 0.304705 0.401875 0.363914 0.074625 0.520164 1.000000 0.388823 0.649017 -0.030879 0.092894 0.214032 0.456357 -0.080187 0.317616 -0.170621 -0.119095 -0.063619 -0.215332 -0.146279 -0.161204 -0.253367 0.077844 -0.418421 0.016577 -0.239566 -0.126356 -0.334052 -0.066508 -0.227830 -0.062413 0.060833 -0.156337 -0.090056 -0.141530 -0.281367 -0.154120 -0.065989 0.016464 -0.120859 0.004522 -0.019826 0.010155 0.078313 0.013207 0.126416 0.144956 0.243250 0.097150 0.006582 0.114696 0.184213 -0.158681 0.008819 0.097573 -0.377751 -0.464672 0.141161 0.479091 0.122315 0.338262 -0.207879 -0.080398 0.029312 0.453769 0.404837 0.101310 -0.023570 -0.303764 -0.266523 -0.240361 -0.289435 -0.067888 -0.178292 -0.175956 -0.172058 -0.072381 -0.218677 -0.247655 -0.252017 -0.334833 -0.075254 -0.043241 -0.316948 -0.146435 -0.084296 -0.179129 -0.065067 -0.124939 0.245527 0.177612 0.400255 0.125768 0.054004 -0.081052 0.027369 -0.192768 0.075614 -0.068683 0.220151 -0.164489 0.307309 -0.052452 -0.147690 -0.190184 -0.171816 -0.147690 0.108107 -0.172545 -0.104426 -0.257194 0.029559 -0.348341 -0.248422 -0.163253
0.311595 -0.063551 0.469041 -0.172574 0.612320 -0.066428 0.517544 0.388823 1.000000 0.583082 0.250325 0.012480 0.459969 0.450583 0.267545 0.181288 -0.061709 0.065571 0.321696 -0.039590 -0.222242 -0.484478 0.109217 -0.099765 -0.201776 -0.181604 -0.125153 -0.244312 -0.080506 -0.027747 -0.140052 -0.343020 0.037547 -0.135970 -0.131888 -0.058995 -0.296018 -0.335373 -0.097879 -0.279236 -0.271976 -0.298341 -0.022857 0.085396 0.019574 0.052751 0.049509 0.118308 0.183418 0.215206 0.115730 0.180440 0.148350 0.097986 -0.074917 -0.075530 -0.191103 -0.228144 0.420661 0.314267 0.331967 0.480392 -0.075087 0.174453 0.052425 0.053941 0.103172 -0.176365 -0.047946 -0.030002 -0.025967 -0.267589 -0.057562 -0.023238 -0.145288 -0.115919 -0.151617 -0.132876 -0.252397 -0.269958 -0.329644 -0.255919 0.142017 0.062395 -0.360722 -0.321289 -0.098945 -0.200951 -0.047030 -0.030788 0.047022 0.248847 0.033194 0.196671 -0.134943 -0.154206 -0.296526 -0.149373 0.021267 0.001365 0.100803 -0.142277 0.054498 -0.070349 -0.166036 -0.178309 -0.083984 -0.032720 -0.046874 -0.190305 -0.319457 -0.060860 0.174845 -0.198164 -0.035398 0.161882
0.070207 0.004729 0.199160 0.078114 0.726912 0.206515 0.475568 0.649017 0.583082 1.000000 -0.139365 -0.050340 0.243672 0.328349 -0.042546 0.318316 -0.088977 -0.088252 0.099525 -0.042039 -0.068396 -0.384434 -0.292601 -0.169143 -0.344075 -0.192196 -0.218600 -0.178638 -0.044598 0.106241 -0.131225 -0.059100 0.160952 0.066522 -0.125474 0.010151 -0.389991 -0.328772 -0.091979 -0.134277 -0.187258 0.032604 0.001985 0.026582 0.098304 0.027753 0.079476 0.123207 0.127967 0.131203 -0.054744 0.103929 0.106679 -0.017099 -0.159395 -0.020951 -0.213539 -0.218237 0.299395 0.596102 0.281678 0.500215 0.132256 0.218016 0.011874 0.092158 0.406677 -0.086714 0.076293 -0.244344 -0.211741 -0.282809 0.051300 0.001065 -0.132417 -0.124039 -0.059474 -0.026194 -0.176995 -0.139985 -0.154863 -0.179819 0.133440 0.157034 -0.429139 -0.399757 -0.192040 -0.377844 -0.208936 -0.177213 0.186304 0.175228 0.134712 0.105038 -0.020139 -0.082245 -0.022467 -0.225235 0.247159 -0.013199 0.026495 0.076825 0.323118 -0.078298 -0.310012 -0.263115 -0.114407 -0.124642 0.139018 -0.191357 -0.158483 -0.018638 0.214550 -0.297458 -0.116624 -0.075770
0.338765 0.148421 0.181787 -0.099503 0.042030 0.040918 0.083058 -0.030879 0.250325 -0.139365 1.000000 0.508257 0.622615 0.465657 0.373889 0.165058 0.286333 0.359160 0.013817 0.098940 -0.167086 -0.107258 0.294387 0.209267 0.054238 -0.196701 0.153442 -0.192418 -0.025061 -0.229934 -0.297715 -0.306855 -0.189306 -0.331028 -0.283096 -0.241182 -0.037264 -0.089541 -0.150416 -0.160519 -0.208492 -0.343461 -0.071806 0.033798 -0.186941 -0.130568 -0.201718 -0.241126 0.074878 -0.048724 0.117468 0.073525 0.106881 0.063263 -0.036521 -0.166967 0.057836 0.009040 0.256993 -0.110371 0.060134 0.167399 -0.136800 0.020962 -0.044813 0.145493 -0.340626 -0.265933 -0.002821 0.167609 0.044596 -0.060757 -0.243118 -0.200291 -0.175590 -0.060866 -0.070424 -0.036227 -0.164432 -0.006067 -0.095294 -0.096032 -0.075757 -0.061858 0.156046 0.151118 0.133356 0.011629 0.215840 0.368293 -0.062186 0.066167 0.153673 0.196715 -0.292409 -0.009752 -0.365838 0.108559 -0.347580 -0.210964 0.000334 -0.232909 -0.163381 -0.007559 0.063213 -0.044309 0.032707 0.085268 -0.223853 0.008825 -0.197918 -0.163298 -0.157411 0.123911 -0.077338 0.128791
0.259191 0.474193 -0.172599 0.140270 -0.009841 0.047893 -0.024024 0.092894 0.012480 -0.050340 0.508257 1.000000 0.318492 0.435358 -0.053089 0.116008 0.169349 0.136421 -0.059891 0.224837 0.019126 -0.088155 -0.140350 -0.099087 -0.203220 -0.200279 -0.021324 -0.131516 -0.069434 -0.019607 -0.352669 -0.283336 -0.087083 -0.204957 -0.338173 -0.205963 0.021941 -0.097303 -0.209191 -0.204289 -0.206556 -0.053283 -0.085081 -0.117557 -0.166789 -0.130962 -0.197234 -0.232186 -0.184865 -0.100977 -0.050813 -0.079130 -0.037291 -0.080514 -0.316938 -0.414961 0.012710 0.069847 0.139406 0.051030 0.166177 0.269256 0.117764 0.233372 -0.106988 0.074545 -0.294581 -0.290306 0.167009 0.159718 0.074249 -0.000491 -0.017259 0.194930 0.104783 0.252045 0.020878 0.159521 -0.187506 -0.126306 0.064026 -0.125108 -0.059555 0.294738 0.057923 0.350446 -0.127422 -0.000542 -0.105747 0.050720 0.193790 0.016779 0.479696 0.154801 -0.174358 0.050555 -0.296839 0.138482 -0.063021 -0.183589 0.051202 0.015323 0.121854 -0.008828 0.040237 -0.053905 0.159206 0.115848 -0.244392 0.007228 -0.201094 -0.018133 0.000110 -0.025478 -0.145416 0.061582
0.121752 0.077625 0.151354 -0.077198 0.214117 -0.055591 0.268227 0.214032 0.459969 0.243672 0.622615 0.318492 1.000000 0.639425 0.269715 0.156915 0.388692 0.469802 -0.007484 -0.093001 -0.287031 -0.217686 0.071453 -0.002691 -0.196209 -0.262586 -0.119339 -0.295416 0.204286 0.102012 -0.262185 -0.177268 -0.127519 -0.186890 -0.195915 -0.065898 -0.111155 -0.141671 -0.138122 -0.105087 -0.188911 -0.228004 -0.072581 0.046931 -0.085163 -0.119625 -0.025492 -0.128035 0.119614 0.019120 0.046167 0.101392 0.165962 0.125977 -0.023368 -0.061078 -0.131441 0.012241 0.294412 0.200907 0.200696 0.318454 -0.045051 0.148638 -0.209185 0.046742 -0.110020 -0.416524 0.021772 -0.043200 -0.019854 -0.075030 -0.012341 -0.047167 -0.115170 -0.004018 -0.022604 -0.068410 0.056450 0.156122 0.007123 0.080854 0.078527 0.052291 -0.213375 -0.170202 -0.014741 -0.113015 -0.134265 0.196030 -0.060136 -0.020332 0.038665 0.090903 -0.305881 -0.066058 -0.210416 0.009739 -0.138205 -0.165357 -0.038160 -0.129352 0.024838 -0.030599 -0.017037 -0.027756 -0.106685 -0.044613 -0.142532 -0.104555 -0.250910 -0.025259 -0.006214 -0.024234 0.021382 0.242049
-0.063689 0.022613 0.190291 0.107655 0.284801 0.006991 0.214880 0.456357 0.450583 0.328349 0.465657 0.435358 0.639425 1.000000 0.115450 0.481620 0.093829 0.422627 -0.201453 -0.182053 -0.172864 -0.064668 0.023028 0.097079 -0.256027 -0.188551 -0.140813 -0.206153 -0.025301 0.113272 -0.325337 -0.155576 -0.174295 -0.321718 -0.437730 -0.273183 -0.037902 -0.037951 -0.099796 -0.052577 -0.082402 -0.135266 0.164947 0.270832 0.042451 0.024849 0.177457 0.125552 0.196024 0.202719 0.046029 0.268239 0.364823 0.128997 -0.007036 0.011546 -0.327738 -0.275566 0.110879 0.171021 0.028119 0.411103 -0.296604 -0.019375 -0.207225 0.223198 -0.217557 -0.399420 -0.070273 -0.162116 -0.078469 0.098253 -0.201567 0.027430 -0.136168 -0.077753 -0.126861 -0.083522 -0.037170 0.053706 -0.023455 -0.068944 -0.093555 -0.058380 -0.170570 -0.240946 -0.219347 -0.286314 0.017200 0.133161 0.244837 0.218324 0.327318 0.126929 -0.038487 -0.074159 -0.102375 -0.167293 0.003210 -0.261378 0.085976 -0.276657 0.068001 -0.106331 -0.042448 -0.170337 -0.181214 -0.115933 -0.090888 -0.096914 -0.086740 -0.195855 -0.035202 -0.159617 -0.147230 -0.029510
0.173552 -0.179871 0.329327 0.208176 0.062160 0.274120 0.054104 -0.080187 0.267545 -0.042546 0.373889 -0.053089 0.269715 0.115450 1.000000 0.361003 0.058135 -0.089252 0.202649 -0.126354 0.236756 0.293675 0.608786 0.502919 0.516877 0.426404 0.635820 0.509360 0.157883 -0.175501 0.280703 0.097145 0.008030 0.032484 0.181477 -0.077187 0.104587 0.133031 0.482234 0.310479 0.367531 0.020080 -0.332287 -0.244281 -0.504569 -0.478305 -0.349733 -0.312932 -0.283704 -0.349393 -0.024449 -0.153740 -0.055615 -0.035492 0.170939 0.098619 -0.055768 -0.156142 0.162326 -0.150800 -0.064537 -0.065865 -0.261171 -0.072008 0.299145 0.148777 -0.129540 -0.151935 0.000185 -0.118878 -0.101805 0.024595 -0.244009 -0.289435 -0.238433 -0.146366 -0.088244 -0.041946 -0.021029 -0.146362 -0.113057 -0.031434 0.470889 0.077750 0.281382 0.178386 0.300279 0.216714 0.576540 0.318193 -0.212119 0.153963 -0.194133 -0.178548 0.223295 0.033180 -0.157102 -0.121288 -0.387545 -0.110232 -0.298090 -0.304421 -0.135350 0.098456 0.072779 0.137848 -0.327437 -0.204340 0.056781 0.076037 -0.196111 -0.505771 -0.318959 0.103397 0.107616 0.020670
-0.147203 -0.046982 0.110691 0.360491 0.428749 0.452708 0.015344 0.317616 0.181288 0.318316 0.165058 0.116008 0.156915 0.481620 0.361003 1.000000 -0.086425 -0.032770 -0.316677 -0.062195 0.215385 0.270684 0.050824 0.361954 0.114566 0.100532 0.297482 0.430607 0.070606 0.055377 -0.157215 0.057275 0.029780 -0.095873 -0.280176 -0.379319 0.099802 0.088755 0.303057 0.182555 0.382158 0.154989 0.071690 0.114767 -0.091448 -0.109032 0.050148 0.108851 -0.019655 -0.017601 -0.109189 -0.011483 0.246451 -0.077119 0.152214 0.103916 -0.268596 -0.281507 0.036924 0.110020 -0.102731 0.114368 -0.180984 -0.143948 -0.177836 0.147548 -0.082440 -0.130642 -0.042117 -0.143605 -0.124615 0.186506 -0.266594 -0.149841 -0.266190 -0.178118 -0.212721 -0.080459 0.021718 -0.073083 0.073856 0.000202 0.171476 0.163518 0.072606 -0.055900 0.001471 -0.233740 0.442984 0.087110 0.127548 0.220793 0.186530 -0.174917 0.287347 -0.182815 0.118170 -0.472421 -0.050361 -0.347138 -0.196132 -0.282703 -0.046848 -0.282298 -0.170038 -0.305496 -0.263637 -0.152496 0.107409 -0.240552 0.131123 -0.485095 -0.136545 -0.276948 -0.194454 -0.312515
0.187977 0.281801 -0.369285 0.015658 -0.165259 -0.028890 -0.196683 -0.170621 -0.061709 -0.088977 0.286333 0.169349 0.388692 0.093829 0.058135 -0.086425 1.000000 0.504642 0.040143 -0.056184 -0.046463 -0.047289 -0.143725 -0.181884 0.021500 -0.123954 -0.040800 -0.111548 0.270202 0.148808 -0.193335 0.000663 0.133115 0.233264 0.070930 -0.038775 0.232098 0.055282 0.144080 0.106775 0.097465 0.052601 -0.371895 -0.254723 -0.311733 -0.350719 -0.365395 -0.439888 -0.292589 -0.309070 -0.052390 -0.221515 -0.086853 -0.051403 0.154250 -0.159557 0.511158 0.461390 0.190961 0.113021 0.301042 0.229700 0.457369 0.498453 -0.095612 0.095007 -0.109703 -0.375774 0.222575 0.032138 0.088331 -0.105719 0.255285 0.052754 0.072765 0.038209 0.136714 0.027091 0.278035 0.419022 0.435898 0.409012 0.111628 0.197182 0.049017 0.090107 0.187245 0.160652 -0.091790 0.196126 -0.309619 -0.448002 -0.214038 -0.297238 -0.152805 0.057211 0.005030 0.176591 -0.342283 -0.199286 -0.208111 0.024232 -0.119189 -0.064260 -0.131613 0.126405 -0.049131 -0.113819 -0.217717 0.152879 -0.325584 0.003190 -0.283069 0.104768 0.083162 0.205598
-0.164743 0.169810 -0.261838 -0.296195 -0.155505 -0.312877 -0.061217 -0.119095 0.065571 -0.088252 0.359160 0.136421 0.469802 0.422627 -0.089252 -0.032770 0.504642 1.000000 -0.201693 -0.134833 -0.352514 -0.140404 -0.095981 -0.132890 -0.206739 -0.342322 -0.268496 -0.466398 0.319320 0.382638 -0.174132 0.032552 -0.232767 -0.114711 -0.207166 -0.126781 0.175094 0.057119 -0.177920 -0.008571 -0.079078 -0.213234 0.159990 0.257247 0.171160 0.112006 0.167825 -0.003455 0.118975 0.178701 0.090413 0.176843 0.090710 0.232634 -0.140141 -0.065741 0.049045 0.245647 -0.113647 0.037049 -0.035485 0.246456 0.125972 0.251929 -0.072372 -0.085160 -0.219421 -0.510152 -0.070362 -0.021627 0.100784 0.110549 0.228727 0.069686 0.038087 -0.006566 0.061206 -0.106051 0.351508 0.616218 0.337218 0.464973 -0.032502 0.071508 -0.014740 -0.289183 -0.029857 -0.021970 -0.153291 0.064746 -0.082862 -0.226451 -0.111179 -0.061242 -0.229886 0.002071 -0.061573 0.033888 -0.073619 -0.162760 0.020298 -0.093351 -0.045447 -0.079535 -0.068958 0.178808 -0.145646 -0.118132 -0.246927 0.033869 -0.172516 0.217969 0.002612 0.087733 0.131226 0.188680
0.586351 0.194090 0.332159 -0.031551 0.118662 -0.064576 0.212471 -0.063619 0.321696 0.099525 0.013817 -0.059891 -0.007484 -0.201453 0.202649 -0.316677 0.040143 -0.201693 1.000000 0.347897 0.005916 -0.303563 0.250892 -0.105598 0.034022 0.009409 0.078484 -0.047262 -0.021805 -0.186902 0.118630 -0.166310 0.416538 0.434903 0.097080 0.069352 -0.181871 -0.391508 0.046940 -0.239915 -0.175524 -0.051934 -0.314420 -0.317862 -0.222055 -0.210440 -0.325964 -0.278906 -0.217732 -0.154372 0.099238 -0.236711 -0.240074 -0.263543 -0.137644 -0.399600 0.310328 0.273534 0.294325 0.172908 0.376975 0.213520 0.191669 0.251436 0.216591 -0.084681 0.149005 -0.056269 0.432686 0.175395 0.087340 -0.189891 0.124293 0.145096 0.243298 0.146322 0.126471 0.053573 -0.303351 -0.300823 -0.269678 -0.214428 0.132780 0.034470 -0.087136 -0.089663 0.082971 0.031637 -0.004874 -0.096656 -0.145350 0.052634 -0.143798 0.122756 -0.136512 -0.030063 -0.312523 0.085758 -0.144635 0.057082 -0.156653 0.216625 -0.099556 -0.022030 -0.144715 0.013446 0.073217 0.040028 -0.107504 0.065665 -0.352861 0.007714 -0.061601 -0.025881 -0.017776 0.115989
0.369234 0.518856 -0.156738 -0.196186 0.179237 0.075328 -0.148085 -0.215332 -0.039590 -0.042039 0.098940 0.224837 -0.093001 -0.182053 -0.126354 -0.062195 -0.056184 -0.134833 0.347897 1.000000 0.032490 -0.240470 0.007477 -0.004619 -0.068291 -0.247883 -0.067595 -0.143800 0.157098 -0.113991 -0.286154 -0.180988 0.108219 0.317029 -0.364914 -0.068515 -0.234967 -0.490474 -0.241876 -0.509049 -0.293899 -0.154017 -0.004547 -0.127497 0.071024 0.120766 -0.134291 -0.175307 -0.120222 0.050798 0.086286 -0.118530 -0.059403 -0.043907 -0.296011 -0.611824 0.344631 0.407054 -0.007156 -0.035291 0.012317 -0.013501 0.292450 0.111505 -0.160687 -0.441959 -0.170482 0.003399 0.269442 0.648673 0.063801 -0.086155 0.152720 0.213534 0.150248 0.155759 -0.059145 -0.093226 -0.211241 -0.184919 -0.034122 -0.127586 -0.166448 0.247222 -0.012473 -0.101545 -0.223180 -0.285366 0.014148 -0.216726 0.246663 0.097102 0.090815 0.136425 -0.388519 -0.343033 -0.320977 -0.107255 0.262274 0.007568 -0.156594 0.177029 -0.136055 -0.303465 -0.161394 -0.426101 0.536596 0.587208 -0.207656 -0.267813 -0.004379 0.246119 0.341287 0.063769 -0.200425 0.010384
-0.092629 -0.040895 0.057112 0.360203 0.131755 0.519071 -0.242697 -0.146279 -0.222242 -0.068396 -0.167086 0.019126 -0.287031 -0.172864 0.236756 0.215385 -0.046463 -0.352514 0.005916 0.032490 1.000000 0.515035 0.156991 0.228103 0.483318 0.363982 0.445082 0.530738 -0.036564 -0.004623 0.295189 0.273791 0.082576 0.242910 0.000925 -0.064401 0.261727 0.071347 0.561771 0.233988 0.325924 0.361159 -0.216267 -0.238218 -0.266822 -0.295615 -0.269740 -0.165122 -0.391060 -0.388301 -0.187467 -0.344973 -0.080439 -0.170472 0.025533 -0.108202 0.028437 -0.012460 -0.060358 -0.194415 0.001571 -0.093983 0.035921 -0.023146 0.131277 0.055687 -0.137427 0.048257 0.140541 -0.008627 0.291773 0.191281 0.018558 0.082179 0.092127 0.230828 0.119992 0.273716 0.008537 -0.184741 0.068379 -0.015673 0.307109 0.137751 0.236690 0.160173 -0.095693 0.100666 0.410323 0.041251 -0.037373 -0.033482 0.003028 -0.359564 0.312837 -0.185189 0.173658 -0.107958 -0.045026 -0.233516 -0.424143 -0.123104 -0.049953 -0.033445 0.025208 0.046546 -0.018410 -0.073865 -0.039966 0.214030 0.138036 -0.274599 -0.190027 -0.014911 -0.063292 -0.119693
-0.397003 -0.263367 -0.040824 0.422031 -0.286051 0.431633 -0.461620 -0.161204 -0.484478 -0.384434 -0.107258 -0.088155 -0.217686 -0.064668 0.293675 0.270684 -0.047289 -0.140404 -0.303563 -0.240470 0.515035 1.000000 0.211943 0.435775 0.525651 0.626647 0.471749 0.666823 0.109954 -0.057873 0.269993 0.474831 -0.119522 -0.008860 0.126943 -0.057564 0.445653 0.494037 0.573859 0.523358 0.562029 0.430707 -0.236479 -0.184349 -0.275261 -0.310929 -0.191201 -0.174559 -0.315298 -0.418826 -0.269329 -0.350236 -0.074376 -0.220085 0.299929 0.220765 -0.047009 -0.159857 -0.261027 -0.390309 -0.238758 -0.334705 -0.303258 -0.426787 0.040300 0.262084 -0.144060 0.251396 -0.061240 -0.039054 0.085603 0.473693 -0.187499 -0.120460 -0.039405 0.062751 0.057194 0.169326 0.336490 0.108350 0.189130 0.226796 0.188036 -0.078140 0.355079 0.282022 0.061243 0.215272 0.474357 0.286506 -0.276243 -0.123364 -0.029261 -0.434810 0.478592 0.095020 0.279203 0.020568 -0.281881 -0.277352 -0.288528 -0.258434 -0.120882 0.015994 0.256423 0.278463 -0.172411 -0.098735 0.143387 0.207486 0.278705 -0.425101 -0.442654 0.024268 0.247352 -0.038357
-0.027365 -0.330143 0.584604 0.102371 -0.020458 0.210588 0.006189 -0.253367 0.109217 -0.292601 0.294387 -0.140350 0.071453 0.023028 0.608786 0.050824 -0.143725 -0.095981 0.250892 0.007477 0.156991 0.211943 1.000000 0.684959 0.654313 0.470771 0.520059 0.351925 -0.145784 -0.474027 0.450785 0.212052 -0.286448 -0.067908 0.006070 0.092205 0.077236 0.096149 0.258791 0.069094 0.086589 -0.131000 -0.080746 -0.073771 -0.325099 -0.216026 -0.196391 -0.223650 -0.040108 -0.120169 0.273405 0.003688 0.048100 0.084590 0.110355 -0.027624 -0.103868 -0.134995 -0.058580 -0.481596 -0.217879 -0.356014 -0.484205 -0.387234 0.234813 0.015382 -0.268745 0.022662 -0.009896 0.100510 0.070937 0.265039 -0.431522 -0.168432 -0.132314 -0.089935 -0.190120 -0.092929 -0.126753 -0.124023 -0.275846 -0.170281 -0.142536 -0.481200 0.220480 0.096096 0.051149 0.027309 0.481364 0.411697 -0.041394 0.309559 -0.102040 0.157518 0.014354 -0.102018 -0.289173 -0.001668 -0.388369 -0.059926 -0.219973 -0.169186 -0.349192 0.061865 0.067012 0.002835 -0.031459 0.060054 -0.027611 0.068192 0.071995 -0.339794 -0.184234 0.256614 -0.009626 0.091829
-0.202241 -0.326160 0.388886 0.434442 0.011779 0.427862 -0.082870 0.077844 -0.099765 -0.169143 0.209267 -0.099087 -0.002691 0.097079 0.502919 0.361954 -0.181884 -0.132890 -0.105598 -0.004619 0.228103 0.435775 0.684959 1.000000 0.591513 0.588948 0.479093 0.510329 -0.062761 -0.388573 0.309331 0.528252 -0.410698 -0.074358 -0.114613 -0.063468 0.069976 0.221333 0.337080 0.176095 0.228270 -0.049977 -0.066163 -0.076715 -0.235955 -0.206733 -0.112223 -0.174155 -0.108974 -0.192538 0.162151 -0.084090 0.110475 -0.022071 0.199896 0.044863 -0.195635 -0.333447 -0.253485 -0.371233 -0.411761 -0.439609 -0.535627 -0.540802 0.140636 0.182585 -0.142759 0.170568 -0.045210 -0.051894 -0.074068 0.297885 -0.593855 -0.291048 -0.253906 -0.185336 -0.271701 -0.135449 0.078685 0.009787 -0.111614 -0.067051 -0.150008 -0.396247 0.294593 0.204753 0.014301 -0.072041 0.601478 0.368453 0.060981 0.279295 0.140731 -0.046954 0.094318 -0.164051 -0.079325 -0.257225 -0.341886 -0.228369 -0.265165 -0.352428 -0.297202 -0.130708 -0.014320 -0.095023 -0.118125 0.025308 0.047835 -0.085557 0.258629 -0.537320 -0.305542 0.103115 -0.107208 -0.060735
-0.214894 -0.181905 0.174695 0.296928 -0.065565 0.488825 -0.387562 -0.418421 -0.201776 -0.344075 0.054238 -0.203220 -0.196209 -0.256027 0.516877 0.114566 0.021500 -0.206739 0.034022 -0.068291 0.483318 0.525651 0.654313 0.591513 1.000000 0.690059 0.700005 0.639804 -0.065699 -0.394214 0.496517 0.445853 -0.161957 0.160749 0.169205 0.151227 0.199124 0.307274 0.554698 0.302908 0.343714 0.167691 -0.241361 -0.211318 -0.394153 -0.319679 -0.384307 -0.338189 -0.283087 -0.356584 0.056991 -0.276651 -0.098505 -0.150016 0.301275 0.033314 0.081735 0.053117 -0.065531 -0.415144 -0.141285 -0.420736 -0.200892 -0.232529 0.296199 0.091797 -0.192349 0.176360 -0.002786 0.039587 0.176579 0.320453 -0.317781 -0.201322 -0.118988 0.009975 -0.128075 0.069597 0.028974 -0.009516 -0.071353 0.001744 0.038772 -0.287801 0.280766 0.222085 0.138047 0.169992 0.552610 0.442120 -0.238845 -0.032274 -0.193512 -0.260275 0.217504 0.041424 0.034157 0.041689 -0.389131 -0.237851 -0.416560 -0.209445 -0.343013 -0.052034 0.135982 0.093377 -0.067112 -0.056235 0.110220 0.234231 0.159405 -0.419227 -0.373295 0.282354 0.116245 -0.038893
-0.286983 -0.375846 0.193147 0.505177 -0.170780 0.441837 -0.285357 0.016577 -0.181604 -0.192196 -0.196701 -0.200279 -0.262586 -0.188551 0.426404 0.100532 -0.123954 -0.342322 0.009409 -0.247883 0.363982 0.626647 0.470771 0.588948 0.690059 1.000000 0.503450 0.671734 -0.235316 -0.405111 0.475626 0.531464 -0.230524 0.071297 0.333976 0.235984 0.214905 0.419744 0.510505 0.475466 0.365124 0.227523 -0.361934 -0.308390 -0.434277 -0.391126 -0.379768 -0.280841 -0.322101 -0.460296 -0.071784 -0.377651 -0.136789 -0.283617 0.360818 0.165116 -0.085067 -0.262343 -0.177553 -0.400660 -0.074147 -0.374246 -0.315738 -0.343912 0.351635 0.407648 -0.046278 0.403218 -0.058079 -0.053390 0.013008 0.301358 -0.388106 -0.208132 -0.109425 -0.019286 -0.070900 0.188480 -0.006253 -0.170237 -0.219375 -0.165590 0.009681 -0.284441 0.112942 0.331472 0.115348 0.242337 0.485293 0.397520 -0.250566 -0.016945 0.032803 -0.249656 0.400586 0.150771 0.107306 0.122182 -0.420046 -0.099246 -0.254596 -0.157749 -0.171008 0.148752 0.247098 0.225464 -0.092320 -0.084246 0.200167 0.261401 0.174549 -0.441992 -0.414274 0.239344 0.188637 0.013820
-0.039544 -0.042572 0.195639 0.412107 -0.011613 0.471979 -0.252637 -0.239566 -0.125153 -0.218600 0.153442 -0.021324 -0.119339 -0.140813 0.635820 0.297482 -0.040800 -0.268496 0.078484 -0.067595 0.445082 0.471749 0.520059 0.479093 0.700005 0.503450 1.000000 0.734759 -0.044957 -0.278987 0.316938 0.157404 0.062643 0.099903 0.261319 -0.024330 0.183905 0.207218 0.575128 0.393410 0.414954 0.287602 -0.250820 -0.285265 -0.430937 -0.418960 -0.380715 -0.281974 -0.325151 -0.382716 -0.038684 -0.294045 -0.154676 -0.222841 0.215848 0.087967 0.107959 0.033109 0.013975 -0.252599 -0.115783 -0.276108 -0.185564 -0.231254 0.229728 0.120279 -0.135555 0.035460 0.097742 -0.085649 0.061693 0.172575 -0.285388 -0.255041 -0.146590 -0.044590 -0.153803 0.025529 -0.061983 -0.153910 -0.082157 -0.053807 0.269213 0.059061 0.286978 0.326234 0.419724 0.408499 0.583594 0.260268 -0.209614 -0.095465 -0.105763 -0.238721 0.284312 0.030002 0.067854 -0.033470 -0.405762 -0.153815 -0.281424 -0.193327 -0.315859 0.080580 0.064266 0.213544 -0.293637 -0.237966 0.153317 0.143365 -0.011957 -0.432819 -0.374214 0.146518 0.093018 -0.089177
-0.148091 -0.130126 0.094369 0.568653 -0.022077 0.591257 -0.324077 -0.126356 -0.244312 -0.178638 -0.192418 -0.131516 -0.295416 -0.206153 0.509360 0.430607 -0.111548 -0.466398 -0.047262 -0.143800 0.530738 0.666823 0.351925 0.510329 0.639804 0.671734 0.734759 1.000000 -0.032495 -0.225948 0.266176 0.334535 0.106907 0.171537 0.251191 -0.010847 0.264631 0.291487 0.645473 0.455171 0.583058 0.423678 -0.257009 -0.305736 -0.443639 -0.457770 -0.328809 -0.232667 -0.355474 -0.454550 -0.040490 -0.349004 -0.012757 -0.263676 0.399968 0.133888 0.006193 -0.130676 0.017559 -0.211560 -0.052956 -0.314343 -0.164700 -0.268318 0.105006 0.190490 0.009484 0.187276 0.093622 -0.144470 -0.050822 0.277648 -0.305583 -0.178770 -0.100707 -0.028914 -0.131521 0.103307 0.055316 -0.214553 -0.035853 -0.051646 0.248831 0.005644 0.199324 0.337930 0.180054 0.232877 0.553680 0.227428 -0.181070 0.018987 -0.057359 -0.364099 0.472827 0.018813 0.218627 -0.129574 -0.312861 -0.179924 -0.330241 -0.155416 -0.195180 0.019630 0.115444 0.129393 -0.243544 -0.198694 0.174384 0.048659 0.150987 -0.549693 -0.386865 0.057658 0.112475 -0.134852
-0.049974 0.063270 -0.310989 -0.323468 -0.016655 -0.129922 -0.116172 -0.334052 -0.080506 -0.044598 -0.025061 -0.069434 0.204286 -0.025301 0.157883 0.070606 0.270202 0.319320 -0.021805 0.157098 -0.036564 0.109954 -0.145784 -0.062761 -0.065699 -0.235316 -0.044957 -0.032495 1.000000 0.616582 0.053729 0.236971 0.089224 0.189403 -0.085542 0.008453 0.183860 0.037131 0.035996 -0.013573 0.237541 -0.005199 -0.062912 -0.037240 0.082082 0.005300 0.109303 -0.067407 -0.296004 -0.034352 -0.270954 -0.103299 -0.084190 0.231354 -0.166415 -0.067171 0.158611 0.210727 -0.211200 -0.020630 -0.256389 -0.003159 0.183504 0.101741 -0.131080 -0.430538 -0.079107 -0.279281 -0.012864 -0.030898 -0.007833 0.065269 0.466553 0.000515 0.022242 0.040354 0.112263 -0.149131 0.592454 0.474487 0.610241 0.711055 0.482284 0.418519 0.316796 -0.104141 -0.019622 -0.076839 -0.018201 -0.253972 -0.137684 -0.076548 -0.387180 -0.328098 -0.056446 -0.086165 -0.025085 -0.270437 0.124461 -0.017095 -0.123203 -0.019907 -0.025879 -0.217667 -0.240011 0.064927 -0.171740 -0.037279 -0.047307 -0.148773 -0.096705 0.139072 -0.051290 -0.151156 0.236231 0.135286
-0.183700 0.045713 -0.365422 -0.254332 -0.053385 -0.329459 0.016489 -0.066508 -0.027747 0.106241 -0.229934 -0.019607 0.102012 0.113272 -0.175501 0.055377 0.148808 0.382638 -0.186902 -0.113991 -0.004623 -0.057873 -0.474027 -0.388573 -0.394214 -0.405111 -0.278987 -0.225948 0.616582 1.000000 -0.006939 0.052623 0.229434 0.229976 0.016707 -0.076427 0.239804 0.088221 -0.011645 0.126150 0.203583 0.187524 0.082891 0.078038 0.230609 0.095314 0.290712 0.187537 -0.234174 0.081186 -0.316871 -0.088166 -0.066999 0.182393 -0.186488 0.105409 -0.020430 0.112231 -0.219212 0.139919 -0.104770 0.241405 0.239890 0.239754 -0.147210 -0.261393 -0.038022 -0.381702 0.004029 -0.276976 0.028277 0.008314 0.633151 0.225509 0.205262 0.103753 0.241533 0.057948 0.396510 0.410329 0.512928 0.537533 0.443312 0.489605 0.131605 -0.130344 -0.021222 0.088436 -0.221901 -0.417086 -0.042611 -0.121651 -0.246493 -0.318787 0.070364 0.066473 0.156496 -0.191108 0.307378 0.150100 0.012114 -0.017967 0.189330 -0.012011 -0.239306 0.201563 -0.303669 -0.306122 0.047074 -0.012735 -0.143576 0.385847 0.071597 -0.204034 0.073301 -0.125277
-0.382120 -0.459253 0.340211 0.056086 -0.171360 0.039259 0.134099 -0.227830 -0.140052 -0.131225 -0.297715 -0.352669 -0.262185 -0.325337 0.280703 -0.157215 -0.193335 -0.174132 0.118630 -0.286154 0.295189 0.269993 0.450785 0.309331 0.496517 0.475626 0.316938 0.266176 0.053729 -0.006939 1.000000 0.605557 -0.072994 0.218452 0.397661 0.383416 0.221729 0.292721 0.277580 0.288746 0.259263 0.081839 -0.151251 -0.135047 -0.092580 -0.141213 -0.091505 -0.084098 -0.234758 -0.226487 -0.083645 -0.228049 -0.297053 -0.036127 -0.064499 0.147173 -0.242028 -0.126239 -0.290697 -0.352030 -0.262171 -0.342680 -0.258871 -0.239607 0.469232 -0.004329 0.103238 0.236759 -0.049021 -0.215947 0.140982 0.230927 0.028458 -0.099872 0.032587 0.134317 0.199900 0.230101 0.088170 0.095596 0.023468 0.106707 0.229098 -0.239845 0.317594 0.104245 0.127304 0.171381 0.146691 0.019574 -0.272284 0.033931 -0.312492 -0.187996 0.340165 0.172120 0.058402 0.070790 -0.135823 0.023585 -0.159455 -0.023075 -0.033654 0.218734 -0.018691 0.280399 -0.277870 -0.317187 0.171052 0.283820 0.110497 -0.087077 -0.184492 0.089629 -0.008023 -0.164184
-0.542691 -0.308726 -0.011127 0.284243 -0.110436 0.337867 -0.190560 -0.062413 -0.343020 -0.059100 -0.306855 -0.283336 -0.177268 -0.155576 0.097145 0.057275 0.000663 0.032552 -0.166310 -0.180988 0.273791 0.474831 0.212052 0.528252 0.445853 0.531464 0.157404 0.334535 0.236971 0.052623 0.605557 1.000000 -0.276633 0.276851 0.091431 0.222110 0.219623 0.303789 0.300015 0.238636 0.279914 0.127613 -0.096591 -0.084909 -0.049016 -0.130106 -0.051750 -0.157912 -0.286084 -0.259938 -0.069238 -0.285591 -0.101015 -0.063594 0.064818 0.036630 -0.121777 -0.113178 -0.421547 -0.249832 -0.308863 -0.309741 -0.090558 -0.269679 0.264700 0.082641 0.061196 0.174670 -0.059867 -0.221605 0.086989 0.413013 -0.078747 -0.106791 -0.045187 0.043633 0.025473 0.079602 0.399069 0.348052 0.158247 0.267107 0.051017 -0.221397 0.216098 0.051946 -0.118033 -0.075724 0.219843 0.096367 -0.133248 -0.050850 -0.061890 -0.301340 0.209730 0.027756 0.113637 -0.082697 -0.080522 -0.198496 -0.296680 -0.138629 -0.061445 -0.103714 -0.034292 0.169110 -0.113980 -0.118734 0.010751 0.096660 0.197389 -0.179477 -0.222520 -0.005239 0.089825 -0.059367
0.404753 0.238552 -0.035701 0.048208 0.122798 -0.115254 0.184159 0.060833 0.037547 0.160952 -0.189306 -0.087083 -0.127519 -0.174295 0.008030 0.029780 0.133115 -0.232767 0.416538 0.108219 0.082576 -0.119522 -0.286448 -0.410698 -0.161957 -0.230524 0.062643 0.106907 0.089224 0.229434 -0.072994 -0.276633 1.000000 0.522337 0.266238 -0.102289 -0.043925 -0.160722 0.149738 0.092678 0.156915 0.264660 -0.259552 -0.291540 -0.141109 -0.210555 -0.173424 -0.119046 -0.200409 -0.160871 -0.157205 -0.229576 -0.107583 -0.234831 0.079063 -0.035839 0.326098 0.295063 0.276723 0.375684 0.263448 0.305175 0.288159 0.322914 -0.054370 0.023105 0.357461 0.015329 0.388132 -0.004001 -0.114930 -0.331475 0.292499 0.055199 0.114055 -0.022684 0.082469 0.057892 -0.150588 -0.223600 0.125470 -0.011285 0.357710 0.380114 0.037618 -0.027420 0.283630 0.194574 -0.094622 -0.294803 -0.191875 -0.174329 -0.319637 -0.237666 0.161758 0.058539 0.041138 -0.041449 0.004520 0.017948 -0.075703 0.182992 0.084141 -0.034031 -0.345595 -0.009841 -0.204190 -0.209998 0.214629 0.049072 -0.312351 -0.031625 -0.110920 -0.278669 -0.128253 -0.252293
0.144060 0.210924 -0.158183 0.165378 0.000484 0.093572 -0.111722 -0.156337 -0.135970 0.066522 -0.331028 -0.204957 -0.186890 -0.321718 0.032484 -0.095873 0.233264 -0.114711 0.434903 0.317029 0.242910 -0.008860 -0.067908 -0.074358 0.160749 0.071297 0.099903 0.171537 0.189403 0.229976 0.218452 0.276851 0.522337 1.000000 0.290888 0.225449 0.018519 -0.156654 0.312571 0.132812 0.142016 0.272082 -0.368467 -0.415584 -0.270020 -0.344502 -0.402755 -0.394387 -0.500665 -0.426196 -0.127301 -0.512156 -0.267407 -0.296996 0.025587 -0.271549 0.421576 0.387022 0.039494 0.162502 0.220980 0.167407 0.441393 0.313763 0.137158 -0.051445 0.133863 0.006650 0.378350 -0.023581 0.018226 -0.094124 0.410747 0.154418 0.274463 0.180127 0.177770 0.192565 0.053366 0.008888 0.073765 0.035387 0.243286 0.298513 -0.040488 -0.093021 0.020600 0.051222 -0.001733 -0.124789 -0.140065 -0.220826 -0.271034 -0.300345 0.048630 0.080892 0.035203 0.047174 0.024185 0.042243 -0.384073 0.187528 0.016561 -0.077631 -0.209665 0.082189 -0.000022 -0.075207 0.070420 0.189812 -0.177219 0.086731 -0.062763 0.026477 -0.044193 -0.162209
-0.144603 -0.270007 -0.098422 0.080314 -0.396435 -0.205552 -0.032442 -0.090056 -0.131888 -0.125474 -0.283096 -0.338173 -0.195915 -0.437730 0.181477 -0.280176 0.070930 -0.207166 0.097080 -0.364914 0.000925 0.126943 0.006070 -0.114613 0.169205 0.333976 0.261319 0.251191 -0.085542 0.016707 0.397661 0.091431 0.266238 0.290888 1.000000 0.511436 0.091388 0.315702 0.278572 0.549043 0.345547 0.311545 -0.390697 -0.336059 -0.252579 -0.289803 -0.276116 -0.101762 -0.280740 -0.377271 -0.247230 -0.347007 -0.472933 -0.223860 0.147718 0.363321 0.063048 0.010936 -0.036481 -0.065077 0.058522 -0.155606 0.045199 -0.060954 0.312548 0.224152 0.241605 0.322132 0.052640 -0.230116 -0.186348 -0.158215 0.173886 -0.203725 0.100070 -0.054182 0.193653 0.220885 0.055328 -0.051162 -0.042765 -0.015023 0.318459 0.161280 0.013138 0.225388 0.590063 0.691646 -0.071390 -0.045473 -0.528078 -0.435351 -0.387892 -0.214940 0.290018 0.429106 0.322578 0.386713 -0.306729 0.314658 0.004606 0.214353 -0.000575 0.506831 0.106186 0.456522 -0.283703 -0.368458 0.358879 0.429252 -0.065599 0.102397 -0.195116 0.202798 0.264797 -0.045731
-0.235046 -0.239965 -0.023010 -0.150656 -0.152494 -0.124684 -0.025565 -0.141530 -0.058995 0.010151 -0.241182 -0.205963 -0.065898 -0.273183 -0.077187 -0.379319 -0.038775 -0.126781 0.069352 -0.068515 -0.064401 -0.057564 0.092205 -0.063468 0.151227 0.235984 -0.024330 -0.010847 0.008453 -0.076427 0.383416 0.222110 -0.102289 0.225449 0.511436 1.000000 -0.042349 0.010685 -0.029954 0.158683 -0.053258 -0.068709 -0.150467 -0.148967 -0.036850 -0.007193 -0.200886 -0.120784 -0.087661 -0.156796 -0.000879 -0.119399 -0.153984 0.072467 0.062915 0.145585 0.003602 -0.004052 -0.138526 -0.204446 0.083770 -0.134782 -0.007678 -0.045434 0.304055 0.090328 0.006922 0.424274 -0.224891 -0.066404 -0.192725 -0.172961 0.206644 -0.175104 0.019950 -0.022123 0.097332 0.146446 -0.101423 -0.082303 -0.158389 -0.125799 0.006133 -0.062898 -0.154523 0.028483 0.097905 0.138620 -0.194308 0.090623 -0.195220 -0.222488 -0.163537 -0.022910 0.002387 0.262634 0.063739 0.426165 -0.108495 0.189886 0.087607 0.238918 -0.047303 0.188826 -0.018517 0.124004 0.005735 -0.069441 0.189000 0.281211 0.029927 0.202981 0.042665 0.228506 0.042385 0.050389
