1.000000 0.566199 0.134138 -0.475711 -0.026940 -0.433383 0.143235 -0.153515 0.161088 0.101298 0.533731 0.119724 0.293514 0.139339 0.194133 0.153604 0.347708 0.187621 0.373375 0.285111 0.167551 0.100013 -0.320045 -0.369701 -0.443578 -0.366517 -0.286287 -0.348153 0.244147 0.156195 -0.067977 -0.196123 0.204077 0.149480 -0.246618 -0.313964 -0.010216 -0.178500 -0.278011 -0.351724 -0.272052 -0.183381 -0.113270 -0.197318 -0.290541 -0.349681 -0.245754 -0.147311 -0.099946 -0.260958 -0.450603 -0.145712 0.201761 -0.245695 -0.175885 -0.453940 0.524334 0.172003 0.560449 0.362057 0.545583 0.540201 0.397368 0.511517 -0.065935 -0.116399 0.068268 -0.482079 0.377533 -0.006790 0.148083 -0.081566 0.479626 0.288280 0.460674 0.536527 0.524789 0.295557 -0.320188 -0.014758 0.099355 0.005396 -0.209026 -0.238667 -0.398370 -0.517443 -0.020430 -0.238315 -0.031222 0.137376 0.154838 0.338769 -0.267498 -0.026849 -0.340544 0.280378 -0.366413 -0.293399 -0.213105 0.518501 -0.327249 0.285456 0.019551 -0.032052 0.099233 -0.112740 0.136288 0.144349 0.001031 0.078951 -0.316275 0.233966 0.065836 -0.086984 -0.096845 -0.072007
0.566199 1.000000 -0.083586 -0.314654 -0.061297 -0.263587 0.119589 0.074014 0.111182 0.206604 0.366276 0.207416 0.209097 0.268008 0.005890 0.155558 0.093881 0.094746 0.306223 0.331283 -0.054494 0.055703 -0.493882 -0.508673 -0.327661 -0.327924 -0.282804 -0.312790 0.106494 0.279874 -0.236738 -0.287322 0.217570 0.171165 -0.214084 -0.225987 -0.084424 -0.012278 0.034282 0.008940 -0.168203 -0.117820 -0.158339 -0.206052 -0.134479 -0.267542 -0.132636 -0.040943 -0.089312 -0.133963 -0.401101 -0.048179 0.213218 -0.117022 -0.033428 -0.267878 0.182648 0.307484 0.382130 0.473731 0.341784 0.574611 0.268876 0.426245 -0.117092 -0.033446 0.096001 -0.361171 0.355790 0.223505 -0.033443 -0.149851 0.255868 0.029509 0.025711 0.222932 0.240262 0.205973 -0.361297 -0.068274 0.003027 -0.020921 -0.160582 -0.133192 -0.312073 -0.249383 0.098140 -0.192663 -0.157698 0.239803 0.064499 0.036562 -0.323005 -0.273633 -0.252865 0.242682 -0.199125 -0.186257 -0.041105 0.144877 -0.344178 0.130694 0.004862 0.077787 0.301496 -0.147850 0.029429 0.130105 -0.041862 0.125057 -0.246046 0.273836 0.021416 -0.050255 -0.172770 -0.199019
0.134138 -0.083586 1.000000 -0.136226 0.536052 0.185524 0.699276 0.260635 0.311624 0.286116 0.355616 0.111606 0.309568 0.194534 -0.064137 0.053265 -0.363333 -0.258413 0.363032 -0.028456 0.066845 0.150863 0.057774 0.029703 0.258912 0.131783 -0.026388 -0.215413 -0.131472 -0.071349 0.112214 -0.100691 0.211751 0.427460 -0.045317 0.128069 -0.111655 -0.275968 -0.059120 -0.099006 -0.109622 -0.081989 -0.199668 -0.172967 -0.253041 -0.102978 -0.453436 -0.279321 0.283422 -0.438375 0.100384 -0.173289 -0.173538 -0.409173 0.097816 -0.506088 -0.287257 -0.438865 0.401216 -0.066020 0.528733 0.243797 0.115775 0.090384 0.526290 0.296743 0.403754 0.339782 0.028442 0.149485 0.073304 -0.143754 0.162555 -0.011705 0.208333 0.111728 0.242761 0.192682 -0.426722 -0.536916 -0.451082 -0.449196 -0.175460 -0.173857 -0.291898 -0.250651 -0.124497 -0.077045 0.274354 -0.071040 -0.118453 0.086055 -0.108870 0.059129 -0.191222 0.198494 -0.302637 -0.314806 -0.612600 -0.316021 -0.243813 0.156873 0.056766 -0.138544 0.016685 -0.066887 0.213946 -0.027137 -0.023330 0.150827 -0.198365 -0.230775 -0.081897 -0.191698 -0.062832 -0.039568
-0.475711 -0.314654 -0.136226 1.000000 -0.095789 0.567643 -0.291745 0.294604 -0.342668 -0.226620 -0.689603 0.124000 -0.513275 -0.076040 -0.013845 0.120658 -0.145009 -0.156929 -0.096051 0.092872 0.038009 -0.013643 0.607763 0.574420 0.367912 0.434248 0.073297 0.424135 -0.221676 -0.136197 0.293456 0.550244 -0.093700 -0.246222 0.125176 0.196682 -0.101975 -0.088026 0.044425 -0.098995 0.131014 -0.168945 -0.139691 -0.111709 0.070405 0.163649 0.067690 -0.113452 -0.271125 0.129011 0.278729 0.081216 -0.217418 0.346094 -0.203425 0.352090 -0.089953 -0.067426 -0.677956 -0.273461 -0.570834 -0.452230 -0.142325 -0.102755 0.110343 0.154699 -0.238939 0.222498 -0.406627 -0.235261 0.004232 0.271788 -0.389111 -0.142289 -0.263572 -0.181512 -0.409028 -0.349706 0.237693 0.097804 0.097425 0.149879 0.185010 0.329564 0.409592 0.698863 -0.032280 -0.193545 0.025879 -0.134742 -0.256653 -0.395894 0.490244 -0.249064 0.199596 -0.208005 -0.129420 -0.068634 0.333328 -0.217458 0.041733 -0.539509 -0.107380 -0.283017 0.051858 -0.078925 0.114943 -0.121744 -0.045410 -0.254161 -0.012047 -0.110636 -0.097658 -0.161561 -0.142523 -0.165766
-0.026940 -0.061297 0.536052 -0.095789 1.000000 0.178942 0.623102 0.238535 0.711198 0.428440 0.405705 0.334348 0.285428 0.211109 0.035785 0.219631 -0.393134 -0.296607 0.002623 -0.103005 -0.002310 0.196291 -0.082025 0.102680 0.161936 -0.032715 -0.100598 -0.326171 -0.293299 -0.254668 -0.266710 -0.355711 -0.095535 0.114782 -0.166679 0.047085 -0.364486 -0.189205 -0.033976 -0.128930 -0.284571 -0.215236 0.175582 0.168557 0.113230 0.061559 -0.033206 0.118663 0.349973 -0.079537 0.220776 0.059168 -0.021668 -0.101569 0.087856 -0.198862 -0.395876 -0.369965 0.326270 -0.105453 0.424859 0.259296 0.051912 -0.120066 0.481442 0.343766 0.087726 0.024876 0.000155 0.069810 0.081894 -0.083085 -0.055793 0.000284 0.054484 0.069266 0.234709 0.228311 -0.440075 -0.580628 -0.603254 -0.611246 -0.237078 -0.240428 -0.349225 -0.269511 -0.058461 -0.194909 0.161387 0.038224 0.170154 0.220312 0.114524 0.218135 -0.416978 0.263904 -0.137051 -0.257911 -0.315479 -0.277119 -0.057992 0.242235 0.145052 -0.237287 -0.134277 -0.101201 0.077743 0.073905 -0.147331 0.309781 -0.144964 0.125698 0.239718 -0.078714 -0.065244 -0.161305
-0.433383 -0.263587 0.185524 0.567643 0.178942 1.000000 0.150857 0.421952 -0.088744 0.075811 -0.375705 0.054580 -0.291551 -0.042071 -0.219217 -0.067682 -0.369029 -0.348595 -0.182994 0.037115 0.040777 0.114289 0.376074 0.439550 0.465898 0.532564 0.321132 0.312084 -0.520481 -0.323128 0.076230 0.126559 -0.110153 0.067382 0.055615 0.351600 -0.241204 -0.105960 0.003667 -0.070842 -0.056885 -0.162206 0.030889 0.094082 -0.007269 0.287405 -0.085450 0.063617 -0.113710 -0.005347 0.390165 -0.027658 -0.204833 0.049055 -0.109815 -0.017107 -0.200399 -0.181522 -0.383153 -0.218448 -0.249789 -0.272416 -0.195959 -0.212219 0.227156 0.335740 -0.046708 0.451641 -0.226920 -0.017849 0.066905 0.076964 -0.401507 -0.235469 -0.281545 -0.133663 -0.232945 -0.048620 -0.019048 -0.201923 -0.251975 -0.249681 -0.091731 0.034814 0.067308 0.365823 -0.003149 -0.121174 -0.011750 -0.111176 -0.084353 -0.149484 0.516300 0.048701 -0.057663 0.008211 -0.110859 -0.113079 -0.026859 -0.277738 0.105026 -0.259651 -0.019815 -0.212281 -0.119117 -0.051641 -0.080845 -0.012725 0.002383 0.048886 0.106279 -0.027544 0.009735 -0.095630 -0.067919 -0.094138
0.143235 0.119589 0.699276 -0.291745 0.623102 0.150857 1.000000 0.449237 0.718470 0.593751 0.552529 0.458393 0.605871 0.482762 0.145729 0.392271 -0.391658 -0.446303 0.069510 -0.114444 -0.130749 -0.014522 -0.202034 -0.018310 -0.090490 -0.069822 -0.010933 -0.266626 -0.257352 -0.160064 -0.346702 -0.483588 -0.053684 0.216377 -0.109938 0.031512 -0.248829 -0.276768 -0.019427 -0.000731 -0.075710 0.052771 -0.102093 -0.063500 -0.295963 -0.184098 -0.390651 -0.116189 0.225914 -0.416555 0.059838 -0.195515 -0.238553 -0.492058 -0.005295 -0.486967 -0.384709 -0.406091 0.407894 -0.065270 0.691655 0.477129 -0.066036 -0.103023 0.692648 0.529409 0.142831 0.061365 0.078592 0.206608 -0.036297 -0.342253 -0.060604 -0.064944 0.098006 0.120305 0.210392 0.287106 -0.552800 -0.593405 -0.559438 -0.671093 -0.011914 0.010241 -0.397267 -0.357458 -0.066703 -0.063509 0.368036 0.066589 0.021884 0.194796 0.101533 0.299685 -0.217345 0.161914 -0.282274 -0.237947 -0.702372 -0.385202 -0.132954 0.207629 0.113617 -0.060739 -0.149906 -0.043318 0.136963 -0.053743 -0.113854 0.250027 -0.112064 -0.058412 0.144388 0.075062 0.001396 0.027989
-0.153515 0.074014 0.260635 0.294604 0.238535 0.421952 0.449237 1.000000 0.219359 0.669694 0.013926 0.583201 -0.017419 0.441157 -0.294237 0.261962 -0.411575 -0.363808 -0.137058 -0.233841 -0.264662 -0.119604 -0.162023 -0.044773 0.103131 -0.024784 -0.120869 -0.202849 -0.303473 -0.032994 -0.248858 -0.219795 -0.064881 -0.004083 -0.100836 0.128285 -0.223228 -0.116915 0.012448 0.063605 0.025159 -0.106223 0.016710 0.014851 -0.080404 0.220659 -0.044269 0.031781 -0.019223 -0.069006 0.086607 -0.025840 -0.254129 -0.112604 0.001626 -0.049391 -0.247645 -0.458851 -0.094479 -0.057130 0.150353 0.396387 -0.111469 -0.032505 0.412811 0.670753 -0.087215 0.261050 -0.215999 -0.064735 -0.160479 -0.087645 -0.265414 -0.233330 -0.244175 -0.180809 -0.202314 -0.061976 -0.188292 -0.421456 -0.413894 -0.434116 -0.120630 0.069875 -0.220791 0.089219 0.020767 -0.208864 0.129376 0.279236 -0.139173 -0.217588 0.351089 -0.104174 -0.019401 0.012476 -0.280205 -0.144111 -0.346830 -0.355707 0.036223 -0.112866 0.090707 -0.169615 0.096043 0.012860 0.159071 -0.153321 -0.030323 -0.054002 -0.159937 -0.172417 -0.089132 -0.047262 0.037838 -0.005839
0.161088 0.111182 0.311624 -0.342668 0.711198 -0.088744 0.718470 0.219359 1.000000 0.613954 0.573531 0.533286 0.613857 0.428579 0.367955 0.539553 -0.266774 -0.386065 -0.203120 -0.200401 -0.158186 -0.133422 -0.242470 0.044612 -0.225751 -0.264569 -0.099321 -0.333445 -0.204905 -0.197747 -0.563551 -0.610043 -0.273006 -0.112730 -0.163242 -0.198350 -0.276280 -0.242184 0.006534 0.014451 -0.149855 0.043681 0.126140 0.155606 -0.099509 -0.214295 -0.049093 0.184127 0.242624 -0.115919 0.022828 -0.022992 -0.099519 -0.256832 -0.044984 -0.228249 -0.339862 -0.316350 0.371884 -0.043663 0.569616 0.458579 -0.086246 -0.222113 0.589034 0.350946 -0.132942 -0.312116 0.101322 0.204206 -0.023571 -0.326145 -0.124405 -0.015291 0.107783 0.128095 0.231983 0.257356 -0.480460 -0.481088 -0.499440 -0.608298 0.064138 0.023766 -0.284834 -0.363816 0.091338 -0.002934 0.373239 0.125861 0.253797 0.366940 0.147894 0.396477 -0.246947 0.140151 -0.129688 -0.108843 -0.425925 -0.218255 -0.015298 0.328033 0.173792 0.054988 -0.132491 -0.036246 0.015173 -0.001681 -0.119148 0.280473 -0.102588 0.107812 0.266636 0.219899 0.010111 0.055977
0.101298 0.206604 0.286116 -0.226620 0.428440 0.075811 0.593751 0.669694 0.613954 1.000000 0.405686 0.513285 0.300231 0.385575 -0.088619 0.365033 -0.323638 -0.309264 -0.116786 -0.125066 -0.209430 -0.092777 -0.452642 -0.281712 -0.189583 -0.348019 -0.180189 -0.478808 -0.164347 -0.003851 -0.541935 -0.534464 -0.217422 0.007370 -0.137139 -0.003941 -0.289260 -0.262425 -0.093045 0.047046 -0.115099 -0.024309 0.057937 0.038756 -0.016049 0.092223 -0.062107 0.113331 0.100380 -0.083887 -0.032278 -0.067841 -0.029525 -0.154839 -0.100883 -0.232167 -0.270644 -0.452519 0.279393 0.132251 0.503844 0.634968 -0.060576 -0.051353 0.489296 0.497568 -0.067456 -0.053266 0.011605 0.116599 -0.120946 -0.313418 -0.111470 -0.134468 -0.074110 -0.057498 0.034663 0.171360 -0.403065 -0.525825 -0.432041 -0.534871 -0.097991 -0.052445 -0.331632 -0.342409 0.128171 -0.016185 0.257096 0.319599 0.256763 0.273015 0.065005 0.095091 -0.178796 0.064418 -0.343740 -0.163562 -0.441883 -0.247118 0.089281 0.205624 0.253321 0.037771 0.078309 0.002846 0.089885 0.029453 -0.132140 0.080653 -0.212517 -0.009382 0.002310 0.079282 0.052118 0.057017
0.533731 0.366276 0.355616 -0.689603 0.405705 -0.375705 0.552529 0.013926 0.573531 0.405686 1.000000 0.265661 0.733595 0.395569 0.144326 0.168012 0.076123 0.016106 0.244539 0.022927 0.001362 0.147559 -0.565655 -0.433784 -0.387940 -0.402852 -0.260414 -0.594010 0.186580 0.193839 -0.350317 -0.509147 0.201488 0.375189 -0.314449 -0.279086 -0.086226 -0.234792 -0.043834 -0.137014 -0.327423 -0.106871 0.021442 -0.021007 -0.109719 -0.264548 -0.188780 -0.054989 0.397378 -0.231596 -0.213529 -0.070303 0.184409 -0.296279 0.213383 -0.445876 -0.131980 -0.183839 0.713750 0.179284 0.783496 0.580741 0.384906 0.241032 0.160666 0.030549 0.175536 -0.322866 0.234284 0.222549 0.008248 -0.141766 0.453713 0.141190 0.340742 0.227003 0.437995 0.338650 -0.449358 -0.393626 -0.311857 -0.351092 -0.302569 -0.289025 -0.452926 -0.590505 0.053961 -0.065485 0.088689 0.157653 0.255824 0.288163 -0.428899 0.042657 -0.458826 0.324855 -0.097222 -0.229118 -0.473779 -0.009352 -0.299709 0.480280 0.021326 0.040382 -0.017068 0.060577 0.097086 0.108322 -0.152151 0.315129 -0.205170 0.059038 0.178450 -0.040511 0.104170 0.000122
0.119724 0.207416 0.111606 0.124000 0.334348 0.054580 0.458393 0.583201 0.533286 0.513285 0.265661 1.000000 0.377939 0.747665 0.281925 0.645675 -0.237429 -0.390080 -0.218701 -0.134581 -0.323639 -0.159734 -0.114831 0.121824 -0.239274 -0.114106 -0.207366 -0.186951 -0.190878 -0.086711 -0.408438 -0.248640 -0.299962 -0.241440 -0.215236 -0.219354 -0.233428 -0.219773 0.058990 -0.010904 -0.047898 -0.094220 0.053810 0.061402 -0.091875 -0.083212 0.057627 0.136950 0.080538 0.003972 0.039827 0.048927 -0.260897 -0.069985 -0.094230 0.009181 -0.224485 -0.389166 -0.058415 -0.177333 0.167625 0.388407 -0.116143 -0.192467 0.470053 0.561598 -0.337127 -0.262300 -0.183318 -0.039030 -0.184971 -0.166574 -0.237545 -0.026495 0.049389 0.054358 0.095261 0.165087 -0.226740 -0.281127 -0.367778 -0.494810 0.089162 0.247465 -0.043666 0.075638 0.134444 -0.119995 0.220112 0.182623 -0.056195 -0.054474 0.330734 0.026236 -0.163496 0.179020 -0.235467 -0.037838 -0.284907 -0.199406 -0.158833 -0.003711 -0.060727 -0.031953 0.021091 -0.008019 0.042855 -0.159256 -0.065240 0.148100 -0.168628 -0.080976 0.136805 0.104231 0.020536 -0.015877
0.293514 0.209097 0.309568 -0.513275 0.285428 -0.291551 0.605871 -0.017419 0.613857 0.300231 0.733595 0.377939 1.000000 0.619493 0.563358 0.430568 -0.015107 -0.247130 0.027208 -0.011930 -0.070119 -0.092737 -0.238284 -0.059463 -0.368160 -0.302735 -0.085695 -0.261872 0.090113 0.030479 -0.304871 -0.374274 -0.054431 0.183683 -0.047678 -0.262430 -0.015032 -0.222973 0.138050 0.021719 -0.075622 0.130720 -0.164090 -0.122962 -0.281973 -0.478184 -0.255544 -0.132073 0.296177 -0.307580 -0.058144 -0.124303 -0.102275 -0.388809 0.170227 -0.316068 -0.272204 -0.232356 0.396536 -0.099155 0.528833 0.326066 0.021674 -0.167659 0.319996 0.185741 0.011204 -0.290257 0.152128 0.245619 -0.010441 -0.192852 0.083752 0.138134 0.345114 0.272432 0.277704 0.177990 -0.350790 -0.260634 -0.208691 -0.342699 0.139480 0.110223 -0.011341 -0.236084 0.088322 0.159538 0.428427 0.170324 0.136075 0.159207 -0.205966 0.118469 -0.111989 0.077563 -0.069245 -0.059827 -0.522492 -0.243543 -0.285384 0.303328 0.028795 0.176811 -0.113041 -0.032990 0.024426 -0.120950 -0.102660 0.183565 0.009694 -0.151556 0.211628 0.225930 -0.051292 -0.044640
0.139339 0.268008 0.194534 -0.076040 0.211109 -0.042071 0.482762 0.441157 0.428579 0.385575 0.395569 0.747665 0.619493 1.000000 0.315294 0.588089 -0.150831 -0.369558 -0.166314 -0.145606 -0.251897 -0.179262 -0.136013 0.080953 -0.171011 -0.195956 -0.164469 -0.162785 -0.031399 0.078172 -0.260199 -0.141602 -0.139447 -0.068111 -0.130220 -0.302730 -0.034349 -0.168368 0.198421 0.015469 0.039037 0.062910 -0.013596 0.010166 -0.168531 -0.216464 -0.041254 0.012090 0.153544 -0.099957 -0.071770 0.025432 -0.268820 -0.244223 0.130677 -0.001623 -0.250345 -0.414810 0.065822 -0.163580 0.204191 0.366230 -0.109427 -0.213711 0.254000 0.488951 -0.182627 -0.223417 -0.142379 -0.024442 -0.188193 -0.088926 -0.126220 0.040863 0.135281 0.117114 0.075118 0.064733 -0.174083 -0.218914 -0.279250 -0.393658 0.129610 0.302723 -0.015698 0.111628 0.077431 -0.000967 0.246389 0.258344 -0.122582 -0.152528 0.138078 -0.127674 -0.013827 -0.003241 -0.138397 -0.074917 -0.368629 -0.267426 -0.280422 -0.008571 -0.027057 0.002034 0.052582 -0.047707 0.074847 -0.325014 -0.087686 0.009267 -0.074478 -0.225377 0.161147 0.215495 -0.089071 -0.085882
0.194133 0.005890 -0.064137 -0.013845 0.035785 -0.219217 0.145729 -0.294237 0.367955 -0.088619 0.144326 0.281925 0.563358 0.315294 1.000000 0.589971 0.121017 -0.299176 -0.117754 0.113153 0.090010 -0.065011 0.382038 0.431594 -0.301730 0.013841 0.106916 0.228720 -0.042113 -0.252666 -0.037675 0.060423 -0.289255 -0.294064 0.090010 -0.232157 -0.060919 -0.278254 0.086549 -0.067996 0.063443 0.125628 -0.166770 -0.114895 -0.231811 -0.518583 -0.075576 -0.075036 -0.064331 -0.103002 0.055971 -0.078132 -0.160136 -0.057663 -0.279615 -0.003898 -0.069025 0.035208 -0.092490 -0.190028 0.039190 -0.051508 -0.168065 -0.316476 0.333624 0.012036 -0.343264 -0.505404 0.064655 0.051168 0.106385 -0.155791 -0.201127 0.235622 0.315847 0.316419 0.127413 0.014399 -0.193305 0.007770 0.037843 -0.108370 0.508305 0.378449 0.347683 0.073881 0.136771 0.137762 0.391199 -0.038397 0.144502 0.208022 0.093990 0.169161 0.005130 -0.022726 -0.099392 0.005289 -0.093475 -0.104550 -0.226577 -0.061380 -0.077416 0.103918 -0.203167 -0.159905 -0.011893 -0.075311 -0.023078 0.054618 0.019935 -0.064716 0.232666 0.302157 -0.232625 -0.118177
0.153604 0.155558 0.053265 0.120658 0.219631 -0.067682 0.392271 0.261962 0.539553 0.365033 0.168012 0.645675 0.430568 0.588089 0.589971 1.000000 -0.015567 -0.327887 -0.100835 0.064497 -0.162374 -0.233902 0.040408 0.198998 -0.321546 -0.104016 -0.178242 0.067082 -0.018731 0.076643 -0.288605 -0.130359 -0.198316 -0.287543 -0.082983 -0.317151 -0.046881 -0.334932 0.125407 0.036355 0.188595 0.170592 -0.291554 -0.239935 -0.293874 -0.476492 -0.212663 -0.143864 -0.120703 -0.179261 -0.141810 -0.172600 -0.150807 -0.209945 -0.348612 -0.124784 -0.145140 -0.191257 -0.010122 -0.101388 0.251669 0.283384 -0.078477 -0.138625 0.477582 0.257987 -0.361632 -0.493627 0.052016 0.046458 -0.192103 -0.282780 -0.130414 -0.027693 0.049827 0.156212 -0.011191 0.013501 -0.299765 -0.129343 -0.033702 -0.216515 0.485341 0.585086 0.122311 0.115564 0.115823 0.097906 0.392175 0.069846 0.086993 0.090686 0.232459 -0.002065 0.048130 -0.133517 -0.380015 -0.152953 -0.253781 -0.196071 -0.201487 -0.098559 -0.063064 -0.013010 -0.076309 -0.183970 0.089017 -0.041496 -0.085901 -0.093109 -0.163694 -0.033651 0.145568 0.265787 -0.235704 -0.096756
0.347708 0.093881 -0.363333 -0.145009 -0.393134 -0.369029 -0.391658 -0.411575 -0.266774 -0.323638 0.076123 -0.237429 -0.015107 -0.150831 0.121017 -0.015567 1.000000 0.651185 0.191385 0.293095 0.175083 0.153745 -0.087199 -0.193434 -0.330070 -0.233682 -0.269422 -0.089492 0.476104 0.335357 0.070729 0.095235 0.244330 0.027372 -0.207934 -0.403908 0.270982 -0.108171 -0.173461 -0.215245 0.011431 0.011110 -0.179099 -0.235501 -0.080670 -0.352931 -0.035688 -0.248394 -0.177596 -0.017953 -0.364897 -0.029960 0.081192 0.158653 -0.220483 0.024243 0.611645 0.539799 -0.016601 0.104914 -0.027734 -0.180083 0.333120 0.316256 -0.370359 -0.557723 -0.054910 -0.389655 0.279000 0.133443 0.066491 0.084665 0.432493 0.201295 0.238561 0.144378 0.158127 -0.074332 0.388787 0.598013 0.681925 0.658976 -0.003307 0.076324 0.145941 0.016714 -0.155195 0.016809 -0.155680 -0.136745 -0.114171 -0.085261 -0.343879 -0.203505 -0.007989 -0.054323 -0.103504 0.059177 0.176592 0.385765 -0.136770 0.027627 -0.102698 -0.022490 0.024627 -0.063864 -0.008181 0.112617 -0.047303 -0.137696 -0.104664 0.182959 0.032247 -0.163244 -0.011467 -0.065928
0.187621 0.094746 -0.258413 -0.156929 -0.296607 -0.348595 -0.446303 -0.363808 -0.386065 -0.309264 0.016106 -0.390080 -0.247130 -0.369558 -0.299176 -0.327887 0.651185 1.000000 0.301940 0.244797 0.130842 0.117118 -0.259647 -0.369141 -0.062497 -0.255030 -0.324365 -0.187108 0.554224 0.475689 0.206746 0.133890 0.291464 0.185052 -0.170567 -0.273884 0.332623 0.187415 -0.137770 -0.126053 -0.032828 -0.032498 -0.210774 -0.294124 0.002613 -0.146591 -0.106149 -0.346968 -0.187124 -0.096720 -0.396737 -0.126482 0.274686 0.162917 0.026422 -0.054986 0.567233 0.473670 0.184289 0.193782 0.021335 -0.046762 0.413819 0.583340 -0.487920 -0.633275 0.106971 -0.165162 0.229509 0.042268 0.091960 0.284036 0.529134 0.178638 0.101081 -0.022377 0.138153 -0.029793 0.473646 0.564307 0.604701 0.718321 -0.212722 -0.141808 -0.033671 -0.143109 -0.234239 -0.118684 -0.272476 0.003664 -0.037756 -0.107743 -0.432623 -0.290225 0.040582 -0.111629 -0.065691 -0.088515 0.202592 0.364668 -0.010062 0.107418 -0.009902 -0.030497 0.205268 -0.005979 0.043195 0.117804 0.111206 -0.233898 -0.139512 0.123318 -0.131202 -0.334691 0.066545 -0.028638
0.373375 0.306223 0.363032 -0.096051 0.002623 -0.182994 0.069510 -0.137058 -0.203120 -0.116786 0.244539 -0.218701 0.027208 -0.166314 -0.117754 -0.100835 0.191385 0.301940 1.000000 0.542391 0.123992 0.253911 -0.227505 -0.407009 -0.083527 -0.078323 -0.287127 -0.227827 0.315352 0.252247 0.160289 0.066011 0.502902 0.490200 -0.240785 -0.118341 0.058792 -0.199158 -0.072219 -0.081733 -0.064274 -0.128379 -0.522043 -0.599251 -0.231060 -0.337524 -0.514735 -0.523114 -0.015388 -0.369812 -0.259434 -0.168196 0.226700 -0.157542 0.031809 -0.474039 0.155498 0.137684 0.372859 0.466163 0.342535 0.189120 0.496087 0.563607 -0.054801 -0.315015 0.549156 0.022098 0.446761 0.259966 0.069825 0.031101 0.509789 0.061235 0.189636 0.017657 0.175043 0.120688 -0.195754 -0.043545 0.170380 0.200070 -0.136698 -0.149733 -0.233568 -0.245276 -0.091652 -0.087982 -0.139537 -0.071740 -0.003826 0.031733 -0.504296 -0.249638 -0.199295 0.094338 -0.389741 -0.284369 -0.219789 0.032374 -0.278071 0.058599 -0.060124 -0.158258 0.082418 -0.094984 0.201824 0.268291 -0.125739 -0.054742 -0.236196 0.034184 -0.010999 -0.331719 -0.101383 -0.156194
0.285111 0.331283 -0.028456 0.092872 -0.103005 0.037115 -0.114444 -0.233841 -0.200401 -0.125066 0.022927 -0.134581 -0.011930 -0.145606 0.113153 0.064497 0.293095 0.244797 0.542391 1.000000 0.242865 0.349854 -0.085684 -0.124007 -0.170369 -0.025857 -0.128757 -0.034889 0.157405 0.103959 0.062168 0.185028 0.134812 0.352650 -0.223759 -0.089396 -0.108891 -0.228034 -0.135777 -0.231275 -0.184538 -0.142673 -0.448814 -0.491639 -0.170507 -0.281925 -0.395303 -0.411024 -0.318379 -0.245136 -0.208685 -0.278665 0.129948 0.036120 -0.295211 -0.358823 0.177296 0.305979 0.077600 0.280498 0.070274 -0.024808 0.245573 0.295349 -0.039816 -0.285679 0.118877 -0.118891 0.387046 0.260594 0.168704 0.035180 0.166881 0.114710 0.127863 0.223374 0.178464 0.162566 -0.008752 0.157904 0.381621 0.341574 -0.041709 0.077011 0.037527 -0.034696 -0.115946 -0.064907 -0.020459 -0.115469 0.199617 0.198818 -0.195969 -0.271663 -0.215648 0.065098 -0.387263 -0.342465 0.090921 0.129064 -0.211648 -0.214980 -0.090962 -0.200907 0.033669 -0.232125 0.163853 0.411469 -0.016962 -0.119645 -0.165103 0.191996 0.128964 -0.268966 -0.243921 -0.331775
0.167551 -0.054494 0.066845 0.038009 -0.002310 0.040777 -0.130749 -0.264662 -0.158186 -0.209430 0.001362 -0.323639 -0.070119 -0.251897 0.090010 -0.162374 0.175083 0.130842 0.123992 0.242865 1.000000 0.254090 0.210932 0.134122 0.153472 0.069572 0.105490 0.084132 0.029998 0.002060 0.311123 0.281650 0.118389 0.201388 0.067177 0.153546 0.031387 -0.114806 -0.240318 -0.381985 -0.129850 -0.094421 -0.115457 -0.120359 -0.094225 -0.121368 -0.256179 -0.220499 -0.077384 -0.186011 -0.004350 -0.175661 0.300078 -0.012265 -0.085596 -0.250017 0.033768 0.070741 0.189967 -0.000456 0.049466 -0.046387 0.196269 0.155213 -0.158464 -0.154519 0.011700 -0.010509 0.126216 0.081140 0.403319 0.324583 0.259176 0.338596 0.336013 0.332899 0.125216 -0.184423 -0.096889 -0.016007 0.155240 0.167716 -0.119470 -0.143450 0.003498 -0.058694 -0.146324 -0.090413 0.113218 0.046904 0.294563 0.282587 -0.103648 -0.051444 -0.175118 -0.024456 -0.281428 -0.375183 0.048376 0.054989 -0.160397 0.096776 0.143574 -0.013010 0.009167 -0.168025 0.075265 0.173425 -0.130149 -0.094885 -0.185214 0.040631 0.043776 -0.150049 -0.252095 -0.281273
0.100013 0.055703 0.150863 -0.013643 0.196291 0.114289 -0.014522 -0.119604 -0.133422 -0.092777 0.147559 -0.159734 -0.092737 -0.179262 -0.065011 -0.233902 0.153745 0.117118 0.253911 0.349854 0.254090 1.000000 0.110867 -0.087635 -0.023990 0.221020 -0.234243 -0.364976 -0.206471 -0.114924 0.102494 0.092309 0.142560 0.229784 -0.250574 0.004186 -0.425672 -0.225635 -0.125037 -0.389056 -0.598917 -0.552867 0.125899 0.031868 0.245413 0.128242 0.082618 -0.125266 0.222169 0.138485 0.261118 0.145347 0.130951 0.226653 0.074303 -0.146092 0.045602 0.229762 0.079281 0.174673 0.133270 -0.048989 0.288654 0.231099 0.044706 -0.075028 0.188264 0.009207 0.152624 0.035831 0.219331 0.078317 0.141747 0.130230 0.140289 0.174809 0.327105 0.224205 -0.136030 -0.139616 -0.151927 -0.022189 -0.550420 -0.411066 -0.159228 -0.061903 0.007835 -0.399833 -0.083642 -0.116829 0.002320 -0.025864 -0.340109 -0.110164 -0.564538 0.592521 -0.114063 -0.239990 0.156803 0.057425 -0.253882 -0.072308 -0.283382 -0.491204 0.109801 0.110585 0.143007 0.475666 -0.060819 0.334329 -0.341481 0.286229 0.216329 -0.521307 0.054949 -0.184893
-0.320045 -0.493882 0.057774 0.607763 -0.082025 0.376074 -0.202034 -0.162023 -0.242470 -0.452642 -0.565655 -0.114831 -0.238284 -0.136013 0.382038 0.040408 -0.087199 -0.259647 -0.227505 -0.085684 0.210932 0.110867 1.000000 0.801734 0.312882 0.565698 0.345677 0.550042 -0.371135 -0.462207 0.424707 0.522898 -0.167124 -0.290937 0.286733 0.196708 -0.114117 -0.138049 0.054028 -0.149208 0.070850 -0.136087 0.003891 0.069933 -0.027137 0.008573 0.091862 -0.055390 -0.092697 0.082540 0.458207 0.105744 -0.279628 0.207459 -0.182036 0.294407 -0.039543 0.074527 -0.548687 -0.408982 -0.487760 -0.558752 -0.345323 -0.327033 0.204092 0.099326 -0.232185 0.143928 -0.304246 -0.211489 0.090387 0.088418 -0.452582 -0.035922 0.008885 -0.006918 -0.196476 -0.236402 0.127336 0.105749 0.025245 0.041851 0.278367 0.183177 0.500715 0.535279 0.055020 -0.027764 0.270483 -0.207881 -0.223974 -0.165260 0.361021 0.070086 0.144309 -0.103934 0.016920 0.023192 0.217213 -0.112479 -0.033951 -0.367906 -0.166233 -0.138341 -0.154599 -0.116811 -0.012744 -0.143384 0.090722 -0.079461 0.052741 -0.159861 -0.040604 0.019739 -0.205522 -0.078290
-0.369701 -0.508673 0.029703 0.574420 0.102680 0.439550 -0.018310 -0.044773 0.044612 -0.281712 -0.433784 0.121824 -0.059463 0.080953 0.431594 0.198998 -0.193434 -0.369141 -0.407009 -0.124007 0.134122 -0.087635 0.801734 1.000000 0.279117 0.530451 0.492293 0.588516 -0.370987 -0.480362 0.230055 0.403323 -0.398824 -0.340702 0.217067 0.103493 -0.084585 -0.037625 0.150364 -0.065683 0.124064 -0.005661 0.079137 0.167589 -0.166568 -0.063230 0.049149 0.094989 -0.114303 -0.030293 0.391839 0.015929 -0.326778 0.029618 -0.123394 0.240540 -0.189811 -0.180178 -0.488999 -0.592175 -0.411306 -0.467907 -0.449683 -0.534106 0.258612 0.217134 -0.431442 0.059366 -0.332084 -0.133484 0.134456 0.137862 -0.521545 -0.026988 -0.039821 0.061103 -0.160942 -0.101422 0.126761 0.028654 -0.061144 -0.105442 0.359202 0.331083 0.401299 0.446944 -0.021504 0.028834 0.379906 -0.091976 -0.058390 -0.013259 0.619557 0.218345 0.134587 -0.178825 0.086988 0.005262 0.070679 -0.194187 0.057141 -0.259729 -0.042778 -0.074701 -0.220956 -0.227924 0.040312 -0.241119 0.027610 -0.084480 0.279905 -0.101591 0.086034 0.203342 -0.231842 -0.164445
-0.443578 -0.327661 0.258912 0.367912 0.161936 0.465898 -0.090490 0.103131 -0.225751 -0.189583 -0.387940 -0.239274 -0.368160 -0.171011 -0.301730 -0.321546 -0.330070 -0.062497 -0.083527 -0.170369 0.153472 -0.023990 0.312882 0.279117 1.000000 0.513072 0.285743 0.350700 -0.090892 0.062806 0.515679 0.399594 0.153186 0.133855 0.330823 0.443801 0.180786 0.186547 0.078344 0.015425 0.180457 0.102937 0.061684 0.126779 0.186876 0.352477 -0.020602 -0.028730 0.007371 0.010407 0.148620 -0.021148 -0.186972 0.080450 0.096924 0.081135 -0.187560 -0.242823 -0.226493 -0.281035 -0.282486 -0.322781 -0.118503 -0.056308 -0.074256 -0.022535 0.096708 0.527319 -0.346705 -0.192822 0.116608 0.164351 -0.014593 -0.040271 -0.163474 -0.134182 -0.150153 -0.203495 0.113710 -0.077511 -0.158756 -0.016160 -0.071205 -0.003866 0.004751 0.249750 -0.238906 -0.045674 -0.132391 -0.143350 -0.285517 -0.300182 0.213193 -0.163640 0.198086 -0.066939 0.058741 -0.044850 0.107806 -0.218376 0.053601 -0.212785 0.103755 -0.055381 0.224867 -0.053804 -0.050565 -0.255175 0.202335 -0.107293 0.102016 -0.147256 -0.026612 -0.108152 -0.106918 -0.092264
-0.366517 -0.327924 0.131783 0.434248 -0.032715 0.532564 -0.069822 -0.024784 -0.264569 -0.348019 -0.402852 -0.114106 -0.302735 -0.195956 0.013841 -0.104016 -0.233682 -0.255030 -0.078323 -0.025857 0.069572 0.221020 0.565698 0.530451 0.513072 1.000000 0.495908 0.570341 -0.305525 -0.198215 0.415007 0.427713 0.024125 0.078558 0.269073 0.380365 -0.002878 0.101227 0.319110 0.074410 0.159461 0.025660 0.036517 0.153915 -0.041359 0.130298 -0.005463 0.052840 -0.092506 -0.035070 0.265824 -0.068862 -0.314766 -0.036968 -0.038164 0.011768 -0.160683 0.000971 -0.439935 -0.398176 -0.318247 -0.479065 -0.200241 -0.233539 0.107830 0.024029 -0.130841 0.331627 -0.265541 -0.161443 0.000469 -0.002333 -0.138249 -0.105929 -0.158923 -0.002798 -0.064404 0.101961 -0.041913 -0.077378 -0.210631 -0.121451 0.104015 0.151352 0.127596 0.367548 0.053376 0.048605 -0.014485 -0.339431 -0.371573 -0.280535 0.227231 -0.009526 0.007132 0.232437 0.164235 0.134988 0.054670 -0.162527 -0.105175 -0.382490 -0.311623 -0.123045 -0.008688 0.032672 -0.133743 -0.032123 0.151119 0.256431 0.204262 0.004103 0.086640 0.028740 -0.013589 -0.052315
-0.286287 -0.282804 -0.026388 0.073297 -0.100598 0.321132 -0.010933 -0.120869 -0.099321 -0.180189 -0.260414 -0.207366 -0.085695 -0.164469 0.106916 -0.178242 -0.269422 -0.324365 -0.287127 -0.128757 0.105490 -0.234243 0.345677 0.492293 0.285743 0.495908 1.000000 0.656035 -0.290764 -0.393833 0.156383 0.147858 -0.275923 -0.037475 0.257847 0.325243 0.123019 0.261213 0.284380 0.282679 0.337161 0.331364 0.169157 0.299002 -0.154738 0.069587 0.053284 0.262689 -0.115969 -0.085948 0.159648 -0.139458 -0.195137 -0.213040 -0.063975 0.078970 -0.205618 -0.074451 -0.245194 -0.342479 -0.282580 -0.293863 -0.520281 -0.523008 -0.027608 0.073017 -0.232175 0.183262 -0.146193 -0.017869 0.106911 0.000366 -0.334073 -0.027315 -0.123777 -0.044502 -0.133436 0.098004 0.035676 0.007534 -0.113315 -0.125410 0.295253 0.134034 0.036052 -0.004022 -0.123388 0.258751 0.165916 -0.060685 0.050708 0.131636 0.349701 0.259781 0.165114 -0.125486 0.328351 0.248113 -0.037859 -0.108796 0.101663 -0.036480 0.134034 0.178392 -0.307021 -0.180023 -0.051427 -0.223749 0.138010 0.050726 0.507801 -0.034426 0.143195 0.379684 -0.099874 0.008157
-0.348153 -0.312790 -0.215413 0.424135 -0.326171 0.312084 -0.266626 -0.202849 -0.333445 -0.478808 -0.594010 -0.186951 -0.261872 -0.162785 0.228720 0.067082 -0.089492 -0.187108 -0.227827 -0.034889 0.084132 -0.364976 0.550042 0.588516 0.350700 0.570341 0.656035 1.000000 -0.053967 -0.138351 0.384006 0.473642 -0.187337 -0.261490 0.317155 0.153784 0.399848 0.261723 0.277748 0.279518 0.620113 0.463168 -0.107832 -0.013899 -0.246350 -0.118226 -0.049908 0.015847 -0.377626 -0.128333 0.017138 -0.222056 -0.241800 -0.104169 -0.263320 0.186164 0.005699 0.046203 -0.514597 -0.437925 -0.512950 -0.534063 -0.402754 -0.386504 -0.130497 -0.106323 -0.332497 0.072282 -0.220469 -0.189687 -0.050493 0.088378 -0.265860 -0.065570 -0.186435 -0.107656 -0.328587 -0.190300 0.219894 0.333833 0.239108 0.190604 0.651939 0.565376 0.352538 0.427994 -0.050408 0.394972 0.057196 -0.229541 -0.166557 -0.089405 0.453603 0.061795 0.465986 -0.402351 0.138852 0.232382 0.151604 -0.044390 0.061769 -0.351289 -0.057473 0.228055 -0.201198 -0.148562 -0.139650 -0.330637 0.184652 -0.200252 0.468718 -0.125340 -0.054347 0.428028 -0.168177 0.006716
0.244147 0.106494 -0.131472 -0.221676 -0.293299 -0.520481 -0.257352 -0.303473 -0.204905 -0.164347 0.186580 -0.190878 0.090113 -0.031399 -0.042113 -0.018731 0.476104 0.554224 0.315352 0.157405 0.029998 -0.206471 -0.371135 -0.370987 -0.090892 -0.305525 -0.290764 -0.053967 1.000000 0.731255 0.277049 0.282604 0.349292 0.145250 0.040845 -0.302123 0.634269 0.096102 -0.015563 0.067764 0.252780 0.313714 -0.338328 -0.386238 -0.181071 -0.322463 -0.211687 -0.362347 -0.225338 -0.298893 -0.669176 -0.319194 0.101668 -0.104594 -0.024723 -0.064032 0.272003 -0.002059 0.149675 0.000616 0.082006 -0.028545 0.428618 0.363120 -0.420683 -0.570300 0.009801 -0.256797 -0.021345 -0.092138 -0.028873 0.290562 0.658428 0.296896 0.277753 0.150806 0.145189 0.039978 0.372922 0.460835 0.546854 0.567793 0.156158 0.233368 -0.025297 -0.139168 -0.121168 0.110493 -0.231722 -0.161843 -0.084062 -0.034122 -0.390713 -0.298083 0.368947 -0.219781 -0.028614 0.162141 0.027599 0.287135 -0.154443 -0.016559 0.165712 0.282663 0.261790 0.188727 0.065550 -0.084507 -0.101872 -0.289160 0.069985 -0.154282 -0.184041 0.017830 0.233206 0.125152
0.156195 0.279874 -0.071349 -0.136197 -0.254668 -0.323128 -0.160064 -0.032994 -0.197747 -0.003851 0.193839 -0.086711 0.030479 0.078172 -0.252666 0.076643 0.335357 0.475689 0.252247 0.103959 0.002060 -0.114924 -0.462207 -0.480362 0.062806 -0.198215 -0.393833 -0.138351 0.731255 1.000000 0.270520 0.210875 0.462798 0.226774 0.089229 -0.162244 0.556685 0.082235 0.088447 0.020542 0.175394 0.193423 -0.360713 -0.385720 0.004639 -0.126451 -0.242925 -0.395617 -0.053583 -0.154097 -0.550841 -0.222724 0.097557 -0.100074 0.025715 -0.150684 0.151561 -0.016874 0.156639 0.055821 0.187258 0.081431 0.421272 0.476132 -0.336460 -0.414994 0.146068 -0.059276 -0.049567 -0.015875 -0.154456 0.193546 0.703936 0.131936 0.078079 0.056295 0.059950 -0.093572 0.136222 0.259899 0.389158 0.447535 -0.033802 0.184742 -0.026213 0.015926 -0.146283 0.035999 -0.220744 -0.129406 -0.161548 -0.281294 -0.408020 -0.541137 0.200123 -0.103953 -0.114777 -0.057634 0.058046 0.140793 -0.237509 -0.052410 -0.020767 0.088618 0.422976 0.075197 0.007127 -0.089994 -0.134531 -0.237525 -0.164181 -0.044362 -0.168028 -0.129209 0.019093 -0.061724
-0.067977 -0.236738 0.112214 0.293456 -0.266710 0.076230 -0.346702 -0.248858 -0.563551 -0.541935 -0.350317 -0.408438 -0.304871 -0.260199 -0.037675 -0.288605 0.070729 0.206746 0.160289 0.062168 0.311123 0.102494 0.424707 0.230055 0.515679 0.415007 0.156383 0.384006 0.277049 0.270520 1.000000 0.790475 0.339290 0.191370 0.332680 0.320286 0.336657 0.135119 -0.010316 -0.206226 0.104223 -0.056297 -0.262000 -0.245901 -0.047368 0.089708 -0.185375 -0.378750 -0.214365 -0.156523 -0.066112 -0.205459 -0.046002 0.037760 -0.017951 -0.019139 0.158125 0.049364 -0.189440 -0.227786 -0.281166 -0.352748 0.094836 0.195899 -0.213331 -0.291813 0.056428 0.325889 -0.236334 -0.249359 0.233516 0.314986 0.282959 0.200404 0.153410 0.141953 0.043525 -0.163113 0.200250 0.197967 0.220909 0.364027 -0.017426 0.005447 0.201166 0.242757 -0.185476 -0.182857 -0.125795 -0.227287 -0.287376 -0.273665 -0.058689 -0.349510 0.192668 -0.035557 -0.027176 -0.112993 0.214176 0.061768 -0.228491 -0.309951 -0.078932 -0.099626 0.218107 -0.062044 0.111472 -0.117290 0.082304 -0.222737 -0.010059 -0.156098 -0.199207 -0.231407 -0.146801 -0.109525
-0.196123 -0.287322 -0.100691 0.550244 -0.355711 0.126559 -0.483588 -0.219795 -0.610043 -0.534464 -0.509147 -0.248640 -0.374274 -0.141602 0.060423 -0.130359 0.095235 0.133890 0.066011 0.185028 0.281650 0.092309 0.522898 0.403323 0.399594 0.427713 0.147858 0.473642 0.282604 0.210875 0.790475 1.000000 0.090255 0.010229 0.287547 0.189657 0.278494 0.036107 0.033893 -0.217040 0.164352 -0.022352 -0.211610 -0.224427 -0.021803 0.068720 -0.062542 -0.282730 -0.346815 -0.066057 -0.069424 -0.230452 -0.117659 0.163283 -0.154656 0.156643 0.072809 -0.033443 -0.436278 -0.310732 -0.531122 -0.494336 -0.004502 -0.006500 -0.238174 -0.231029 -0.141413 0.182684 -0.371443 -0.349283 0.202459 0.483547 0.046801 0.216774 0.124789 0.145632 -0.049002 -0.181219 0.394429 0.342684 0.352404 0.440278 0.154096 0.257619 0.410304 0.447216 -0.089606 -0.083874 -0.071208 -0.296133 -0.203706 -0.234945 0.119573 -0.337621 0.289594 -0.153407 -0.029960 0.022565 0.356159 0.069843 -0.206433 -0.502540 -0.071662 -0.054993 0.161603 -0.007452 0.120479 -0.108177 0.020345 -0.307197 0.102968 -0.175368 -0.149171 -0.135685 -0.074716 -0.117492
0.204077 0.217570 0.211751 -0.093700 -0.095535 -0.110153 -0.053684 -0.064881 -0.273006 -0.217422 0.201488 -0.299962 -0.054431 -0.139447 -0.289255 -0.198316 0.244330 0.291464 0.502902 0.134812 0.118389 0.142560 -0.167124 -0.398824 0.153186 0.024125 -0.275923 -0.187337 0.349292 0.462798 0.339290 0.090255 1.000000 0.607444 0.105079 0.038364 0.278019 -0.086214 0.077729 -0.043781 -0.036054 -0.110478 -0.373301 -0.367971 -0.125063 -0.178784 -0.324164 -0.448000 0.016736 -0.235291 -0.249683 -0.114347 0.073211 -0.069308 0.179128 -0.242636 0.167784 0.175473 0.206646 0.207059 0.258242 0.053923 0.508402 0.557116 -0.149642 -0.311741 0.466112 0.182507 0.221609 0.178490 -0.023038 0.034133 0.589997 0.013156 0.148103 0.002934 0.113061 -0.044930 -0.123424 0.023686 0.066042 0.212512 -0.294884 -0.210267 -0.177820 -0.012202 -0.110028 -0.189190 -0.234896 -0.130045 -0.268755 -0.302002 -0.466043 -0.358304 -0.072971 0.094883 -0.049783 -0.100590 -0.131997 0.034342 -0.335623 0.013137 -0.190988 -0.113239 0.190390 0.021516 0.048296 0.139979 -0.130042 -0.051017 -0.215269 -0.089521 -0.206374 -0.330933 -0.060561 -0.074091
0.149480 0.171165 0.427460 -0.246222 0.114782 0.067382 0.216377 -0.004083 -0.112730 0.007370 0.375189 -0.241440 0.183683 -0.068111 -0.294064 -0.287543 0.027372 0.185052 0.490200 0.352650 0.201388 0.229784 -0.290937 -0.340702 0.133855 0.078558 -0.037475 -0.261490 0.145250 0.226774 0.191370 0.010229 0.607444 1.000000 0.022776 0.260665 0.027490 -0.048067 0.077374 -0.085831 -0.184204 -0.140653 -0.303223 -0.296060 -0.190957 -0.076623 -0.464251 -0.336203 0.042013 -0.419549 -0.142683 -0.297074 0.040675 -0.257500 0.217585 -0.533470 -0.089962 -0.011049 0.372445 0.122109 0.366533 0.143714 0.367600 0.332245 0.035937 -0.111438 0.421576 0.373160 0.257713 0.274020 0.081733 0.021118 0.416635 -0.065502 0.075395 0.091513 0.232972 0.200881 -0.227315 -0.222669 -0.095996 -0.010835 -0.390734 -0.331000 -0.246639 -0.210285 -0.043018 -0.099823 -0.021038 0.005985 -0.021386 -0.035624 -0.409475 -0.252946 -0.272825 0.226923 -0.101876 -0.233112 -0.396514 -0.133812 -0.255142 0.086530 -0.049871 -0.097394 0.059726 -0.114894 0.091756 0.268768 -0.059745 0.153761 -0.015464 -0.071546 -0.082811 -0.323802 -0.100576 -0.171569
-0.246618 -0.214084 -0.045317 0.125176 -0.166679 0.055615 -0.109938 -0.100836 -0.163242 -0.137139 -0.314449 -0.215236 -0.047678 -0.130220 0.090010 -0.082983 -0.207934 -0.170567 -0.240785 -0.223759 0.067177 -0.250574 0.286733 0.217067 0.330823 0.269073 0.257847 0.317155 0.040845 0.089229 0.332680 0.287547 0.105079 0.022776 1.000000 0.565939 0.192159 0.166971 0.164266 0.163918 0.274745 0.236947 -0.088900 0.042619 -0.030089 0.169067 -0.078047 -0.000127 -0.105232 -0.087868 0.079340 -0.169302 -0.198147 -0.138312 0.065062 0.073417 -0.100676 -0.149630 -0.228479 -0.336243 -0.222519 -0.295744 -0.209199 -0.233104 -0.019639 0.023288 0.025930 0.405057 -0.282666 -0.209824 -0.186711 -0.064152 -0.060572 -0.045762 -0.105921 0.005712 -0.185657 -0.142707 -0.048761 0.039872 -0.028324 -0.012185 0.230539 0.106359 0.306765 0.287263 0.101562 0.174964 0.065362 -0.171085 -0.209072 -0.204795 0.123656 0.055229 0.256602 -0.139545 0.173395 0.198735 -0.031980 -0.157264 0.017698 -0.188560 0.023917 0.212928 0.039473 -0.040135 -0.265501 -0.207355 0.003407 -0.079406 0.298549 -0.269268 -0.240947 0.270962 -0.153028 -0.005427
-0.313964 -0.225987 0.128069 0.196682 0.047085 0.351600 0.031512 0.128285 -0.198350 -0.003941 -0.279086 -0.219354 -0.262430 -0.302730 -0.232157 -0.317151 -0.403908 -0.273884 -0.118341 -0.089396 0.153546 0.004186 0.196708 0.103493 0.443801 0.380365 0.325243 0.153784 -0.302123 -0.162244 0.320286 0.189657 0.038364 0.260665 0.565939 1.000000 -0.190935 0.068562 -0.126383 -0.033030 -0.024088 -0.085181 0.004770 0.116206 0.196802 0.548058 -0.107538 0.115088 -0.017284 -0.012161 0.260930 -0.136457 -0.055478 0.006589 -0.014443 -0.119631 -0.230485 -0.131451 -0.079349 -0.144631 -0.139955 -0.109578 -0.189901 -0.147307 0.105369 0.282115 0.103395 0.645405 -0.284898 -0.145794 -0.049293 -0.147348 -0.170967 -0.183146 -0.243306 -0.035587 -0.127019 -0.073738 -0.232617 -0.318650 -0.255608 -0.235444 -0.159313 -0.279552 0.032031 0.052857 0.062492 -0.068426 -0.086233 -0.126804 -0.011126 -0.032432 0.209386 0.036255 -0.029733 0.142900 0.064810 0.019912 -0.058318 -0.212635 0.179923 -0.141999 0.042943 -0.004491 0.004260 -0.059375 -0.073387 0.096018 0.107508 0.146329 0.171391 -0.059075 -0.054343 -0.086369 -0.107621 -0.064589
