1.000000 0.358256 0.412394 0.236296 0.027309 -0.016728 0.393797 0.226587 0.076030 0.035156 0.435938 0.287080 0.334890 0.115445 0.149574 0.097918 -0.028241 -0.175050 0.352853 0.462597 -0.364717 -0.412664 0.130958 0.307650 -0.225581 -0.149941 0.002973 -0.196016 -0.083664 -0.123880 -0.200576 -0.224047 -0.209740 -0.082853 -0.001619 0.064414 -0.132110 -0.228535 -0.159529 0.008671 -0.277480 -0.207498 -0.147873 -0.218377 -0.258536 -0.233059 -0.392353 -0.239117 -0.021136 -0.326932 -0.107563 -0.110001 -0.030989 -0.345911 -0.099444 -0.159064 -0.043843 -0.101552 0.210443 -0.185257 0.177046 0.040773 0.141481 -0.114016 0.115699 0.103479 -0.125693 -0.104707 -0.115738 -0.013204 -0.031445 -0.250643 -0.139929 -0.029293 0.033479 0.097147 0.080486 -0.033024 -0.354427 -0.212393 -0.350426 -0.380133 0.009056 -0.022111 -0.113343 -0.286473 0.081961 -0.060786 0.052564 -0.015872 0.149444 0.253125 0.300743 0.336537 0.109327 0.225500 -0.101312 -0.085177 -0.274944 -0.099173 0.194589 0.191439 0.018197 -0.064920 0.187695 0.013457 0.045316 0.132413 0.186834 -0.034457 -0.034389 -0.040904 0.143104 0.141508 -0.003237 -0.037328
0.358256 1.000000 0.177640 0.278255 0.171384 0.000531 0.060282 0.434246 0.394724 0.421021 0.039601 0.620680 0.212109 0.475653 0.068605 0.494369 -0.045072 0.085865 -0.267236 0.057877 -0.116907 -0.418553 -0.176618 0.388596 -0.098399 -0.364099 0.172372 -0.223725 -0.275125 -0.004793 -0.408894 -0.310329 -0.238519 -0.016081 0.054689 0.010779 -0.104908 -0.246303 -0.362989 -0.144450 -0.273452 -0.158681 -0.433908 -0.433905 -0.440909 -0.262243 -0.571838 -0.514263 -0.053858 -0.403154 0.053416 0.155945 0.159271 -0.349765 -0.174737 -0.516034 0.076703 0.062626 0.421068 0.120456 0.562906 0.647875 0.218942 0.175934 0.159315 0.587339 -0.101282 -0.013686 0.055353 0.086621 0.042644 -0.225007 -0.180143 -0.137123 -0.274377 -0.058489 -0.158306 -0.129156 -0.358092 -0.015373 -0.101048 -0.265297 -0.440038 0.155048 -0.145647 -0.012175 -0.095235 0.006197 0.120887 0.221649 0.162256 -0.057881 0.424115 0.293403 -0.106742 -0.100544 -0.401276 -0.294918 -0.404040 -0.395692 0.451623 -0.030082 0.070117 -0.237176 -0.137434 -0.126182 0.009125 0.009146 -0.027282 -0.138623 -0.314142 -0.327466 -0.120888 -0.156245 -0.225444 -0.138589
0.412394 0.177640 1.000000 0.515833 0.284854 0.239600 0.694242 0.496831 0.545746 0.398966 0.115334 0.263050 0.444443 0.260859 0.538063 0.438687 -0.154976 -0.339446 0.238562 0.269777 0.000083 -0.032659 0.550532 0.596664 0.199990 0.234868 0.359086 0.199634 -0.134580 -0.260103 0.227301 0.132125 -0.048364 -0.068417 0.189886 0.126390 -0.280842 -0.348294 0.150731 -0.050716 -0.127427 -0.298145 -0.322770 -0.255545 -0.321639 -0.216040 -0.342206 -0.387949 0.079910 -0.405782 0.286812 0.048016 -0.382870 -0.427659 -0.058163 -0.178916 -0.231468 -0.256284 0.129108 -0.401391 0.210553 -0.084580 -0.258806 -0.505406 0.603762 0.370160 -0.267365 -0.117153 -0.257250 -0.224470 -0.015349 -0.192902 -0.195814 -0.258423 -0.089920 -0.072157 -0.108824 -0.184296 -0.386959 -0.340180 -0.574538 -0.534004 -0.069473 0.110886 -0.177610 -0.194936 0.055293 0.121000 0.525833 0.093258 -0.074758 0.052387 0.257352 0.288087 -0.063715 -0.035317 -0.156817 -0.106245 -0.403774 -0.277612 0.027055 -0.144857 -0.272721 -0.399953 -0.267856 0.017725 -0.300615 0.003992 0.110467 -0.231243 -0.098574 -0.389242 -0.037762 -0.141452 -0.169252 -0.148237
0.236296 0.278255 0.515833 1.000000 0.034827 0.181823 0.293764 0.644473 0.265797 0.317572 0.004895 0.430465 0.081363 0.069498 0.303921 0.286971 -0.109460 -0.161574 0.203528 0.178516 -0.173088 -0.072255 0.585716 0.693998 0.097494 0.196140 0.039551 0.144372 -0.346285 -0.345393 -0.091027 0.249002 -0.187498 -0.216386 0.085585 -0.146059 -0.290546 -0.190895 0.185708 0.099683 -0.086052 -0.205156 -0.429191 -0.329653 -0.505797 -0.354308 -0.449166 -0.498433 -0.393006 -0.504936 0.055022 -0.120709 -0.277153 -0.438915 -0.047662 -0.127046 -0.099794 -0.172206 -0.081921 -0.144006 -0.023991 0.145436 -0.130327 -0.206738 0.554873 0.462457 -0.219227 -0.002622 -0.185786 -0.107646 0.004428 -0.175165 -0.272180 -0.263875 -0.189931 -0.149341 -0.318076 -0.320392 -0.410904 -0.247770 -0.386039 -0.465802 0.112041 0.293323 0.310328 0.317866 0.266865 0.395972 0.641648 0.535673 0.043877 -0.009605 0.472768 0.195619 -0.187477 -0.013097 -0.462617 -0.238419 -0.426854 -0.403718 0.131098 -0.216616 -0.031782 -0.336600 -0.212941 -0.108024 -0.243040 -0.055210 -0.014765 -0.419430 -0.397990 -0.356131 -0.239219 -0.109734 -0.203459 -0.298763
0.027309 0.171384 0.284854 0.034827 1.000000 0.291032 0.341616 0.432537 0.462619 0.558010 -0.034645 0.142108 0.371574 0.482832 0.227172 0.481646 -0.060497 0.061032 -0.105416 0.080158 0.299131 0.046523 0.021290 0.253181 0.189874 -0.216213 0.380169 -0.157296 0.221330 0.251779 0.223946 0.047620 -0.187269 0.101628 -0.119741 0.105651 -0.286820 -0.216577 -0.198210 -0.081887 -0.153078 0.019553 -0.157617 -0.335160 0.004598 -0.036013 -0.147697 -0.307558 0.256536 -0.013972 0.224840 0.058287 0.227210 -0.077090 -0.207797 -0.240036 -0.273957 -0.253501 0.183163 -0.005596 0.366124 0.283316 0.241016 0.084968 0.091758 0.280645 -0.071143 -0.148443 -0.270516 -0.113174 0.137456 -0.088360 0.197561 -0.020267 -0.080175 -0.047998 -0.257769 -0.172861 -0.332371 -0.196821 -0.178214 -0.219741 0.052844 0.417422 -0.263493 -0.296174 -0.079641 -0.187038 0.030960 -0.075902 0.152249 0.041475 0.143433 0.073940 -0.245244 -0.378735 -0.242732 -0.502181 -0.142049 -0.215923 0.082667 -0.091951 -0.010770 -0.117181 -0.279971 -0.300654 0.032079 -0.189463 -0.288336 -0.331684 -0.274025 -0.109363 0.107694 -0.116741 -0.065774 -0.206550
-0.016728 0.000531 0.239600 0.181823 0.291032 1.000000 -0.104216 0.160519 -0.118607 0.197784 0.030980 -0.026734 0.145123 0.053028 0.299894 0.506964 0.052895 -0.124353 -0.055628 -0.142875 0.368323 0.369800 0.408222 0.274794 0.271860 0.440731 0.591397 0.323993 -0.071131 -0.068795 0.153422 0.026644 0.025886 -0.131213 -0.203642 0.001737 -0.183287 -0.072654 0.042695 0.107495 -0.069474 -0.158455 0.098995 0.190201 -0.003981 0.142009 0.031983 0.019458 0.257572 0.094675 0.381535 0.273352 -0.080391 -0.241327 -0.215100 -0.035582 -0.162915 -0.234745 0.051905 -0.083882 -0.032941 -0.026326 -0.131103 -0.227129 0.197209 0.230938 0.038005 0.050532 -0.032084 -0.008563 -0.020270 -0.270423 -0.096362 -0.230933 -0.150048 -0.326763 -0.179725 -0.297703 -0.077993 -0.016821 -0.195743 -0.240807 0.185740 -0.006270 0.005311 -0.059646 0.241134 0.004050 0.268674 -0.022590 -0.303768 -0.175138 0.078807 -0.089795 -0.134942 -0.186406 0.037884 -0.194007 -0.057675 -0.221900 -0.318642 -0.258612 -0.089126 -0.074903 -0.214167 -0.072037 -0.104140 -0.292451 -0.317912 -0.283048 -0.021999 -0.150899 0.075786 0.073447 -0.136466 -0.236829
0.393797 0.060282 0.694242 0.293764 0.341616 -0.104216 1.000000 0.554546 0.457444 0.371091 0.239929 0.300167 0.582781 0.429137 0.353554 0.209347 -0.187141 -0.201607 0.328477 0.403990 0.044043 -0.056098 0.268071 0.426014 -0.038504 -0.153971 0.146427 -0.128152 0.206777 0.116288 0.298825 0.228729 0.061059 0.249143 0.216216 0.047866 -0.267041 -0.363055 0.047508 -0.173109 -0.114493 -0.157804 -0.233016 -0.326849 -0.098658 -0.281430 -0.159598 -0.335729 -0.066636 -0.301738 -0.021734 -0.244864 -0.228569 -0.121901 -0.119199 -0.029871 -0.197424 -0.151855 -0.031921 -0.330536 0.192627 -0.065346 0.046846 -0.204958 0.296595 0.147844 -0.291236 -0.322299 -0.224217 -0.179230 0.101461 0.024972 0.178237 0.018807 0.066101 0.142208 0.014774 0.012382 -0.334224 -0.303567 -0.339682 -0.294597 0.098384 0.313766 -0.176301 -0.253366 -0.120210 -0.071987 0.173963 0.034505 -0.013808 0.047776 0.058535 0.121170 -0.161622 -0.164180 -0.172255 -0.156021 -0.246119 -0.201777 0.074433 -0.053323 -0.234180 -0.344165 -0.358987 -0.095061 -0.342237 -0.116217 -0.001824 -0.183402 -0.142559 -0.114535 0.072194 -0.233448 -0.167141 -0.080139
0.226587 0.434246 0.496831 0.644473 0.432537 0.160519 0.554546 1.000000 0.432113 0.706183 0.081078 0.556212 0.279829 0.564717 0.187084 0.490807 -0.221053 -0.187332 -0.033040 0.144306 0.099833 -0.080235 0.180614 0.658178 -0.047619 -0.182558 0.229269 -0.144231 -0.141481 0.055576 0.017036 0.214680 -0.228411 0.009517 0.018785 0.005471 -0.315622 -0.311400 -0.190525 -0.032532 -0.146662 -0.109372 -0.453363 -0.489479 -0.363669 -0.202874 -0.498900 -0.583843 -0.122075 -0.392442 0.094169 -0.021350 -0.115933 -0.340429 -0.217456 -0.328414 -0.205081 -0.312838 0.015430 -0.206356 0.214874 0.401686 0.125126 -0.077303 0.354999 0.650533 -0.297673 -0.100670 -0.329012 -0.260070 0.122669 -0.104891 -0.026981 -0.083195 -0.115466 -0.015682 -0.232189 -0.147851 -0.515087 -0.289402 -0.293773 -0.483703 0.007139 0.456620 0.039170 0.056670 -0.049054 0.070035 0.344978 0.325279 0.095988 -0.024194 0.464025 0.249769 -0.303413 -0.226089 -0.480592 -0.347363 -0.420158 -0.447930 0.292160 -0.146816 -0.078213 -0.361036 -0.361980 -0.126156 -0.218271 -0.136478 -0.182382 -0.454615 -0.364138 -0.302347 0.024438 -0.180703 -0.209409 -0.218918
0.076030 0.394724 0.545746 0.265797 0.462619 -0.118607 0.457444 0.432113 1.000000 0.649705 -0.031843 0.311534 0.366397 0.487674 0.426517 0.563643 -0.153370 -0.166459 -0.193617 0.097029 -0.013351 -0.092029 0.155871 0.553997 0.161565 -0.176253 0.277265 0.039354 -0.102015 -0.099275 0.058781 0.095170 -0.323138 -0.065204 0.284271 0.192320 -0.283074 -0.312501 0.041057 -0.032280 -0.045796 -0.126727 -0.356452 -0.423366 -0.246178 -0.200222 -0.358285 -0.460001 0.116203 -0.321771 0.168876 0.037384 -0.160583 -0.262185 -0.061356 -0.305071 -0.098888 -0.165759 0.321755 -0.140918 0.531306 0.349266 -0.088964 -0.225158 0.512091 0.496985 -0.260761 -0.243800 -0.221430 -0.177540 0.066301 -0.008006 -0.206769 -0.305459 -0.304702 -0.065424 -0.228018 -0.159944 -0.275744 -0.264795 -0.381056 -0.382314 -0.233031 0.421268 -0.243684 -0.173462 0.050114 0.251557 0.425497 0.217296 0.128187 -0.037074 0.251093 0.276542 -0.271126 -0.247097 -0.352056 -0.299162 -0.523280 -0.350292 0.255235 -0.098220 -0.187335 -0.351922 -0.302518 -0.050054 -0.182168 0.012391 -0.073560 -0.305586 -0.393474 -0.431931 -0.301217 -0.318530 -0.154629 -0.024074
0.035156 0.421021 0.398966 0.317572 0.558010 0.197784 0.371091 0.706183 0.649705 1.000000 -0.075772 0.242709 0.293070 0.588866 0.265670 0.678983 -0.280383 -0.218988 -0.089749 0.120279 0.186278 -0.089492 0.046040 0.549407 -0.005969 -0.319739 0.211827 -0.177183 -0.068320 0.053119 -0.058423 -0.030094 -0.292670 -0.048545 -0.016476 0.056276 -0.327022 -0.344234 -0.114465 0.018074 -0.115472 -0.069008 -0.343146 -0.482061 -0.164382 -0.129239 -0.362435 -0.531217 0.132226 -0.140033 0.191698 0.134871 0.110084 -0.154021 -0.115083 -0.228751 -0.190485 -0.261259 0.290058 -0.009828 0.484988 0.598900 0.144731 0.002328 0.316524 0.601322 -0.236589 -0.275343 -0.277370 -0.275804 -0.009800 -0.139202 -0.111848 -0.242771 -0.307616 -0.189474 -0.277737 -0.202010 -0.376390 -0.260080 -0.273947 -0.397693 -0.127897 0.525814 -0.204370 -0.189743 -0.173945 -0.018864 0.346755 0.242191 0.206505 -0.001738 0.340406 0.193789 -0.311388 -0.360220 -0.436263 -0.361366 -0.363792 -0.387168 0.252576 -0.091991 0.007386 -0.352303 -0.377112 -0.186895 -0.189137 -0.080188 -0.307644 -0.476174 -0.480361 -0.285780 -0.099045 -0.242562 -0.260058 -0.174240
0.435938 0.039601 0.115334 0.004895 -0.034645 0.030980 0.239929 0.081078 -0.031843 -0.075772 1.000000 0.328663 0.562674 0.296283 0.487672 0.153740 -0.089301 -0.212245 0.019377 0.192701 -0.080126 -0.006687 0.040345 0.046893 -0.086616 -0.053811 0.122372 0.126848 0.210156 -0.043369 -0.068041 -0.106962 -0.257727 -0.162404 -0.004010 0.034960 -0.164635 -0.101982 -0.125476 -0.103735 -0.033071 -0.016312 0.126718 -0.006897 -0.043977 -0.076228 -0.070533 0.007630 0.009533 -0.076285 -0.058342 -0.002647 -0.202549 -0.189671 -0.101447 -0.194396 -0.048723 -0.190160 -0.038946 -0.221755 -0.076579 0.009910 -0.102239 -0.261160 0.100086 0.016538 -0.248183 -0.155907 -0.060472 -0.049786 -0.013084 0.095425 -0.006802 0.069183 0.067008 0.201922 0.282451 0.215323 -0.042173 -0.190700 -0.107128 -0.283992 0.233348 0.099936 0.320627 0.061956 0.219153 0.058721 0.004157 -0.035842 -0.249839 -0.014645 0.075457 0.127662 0.121246 -0.162741 -0.042609 -0.052845 -0.347120 -0.306416 -0.017428 0.063490 -0.232970 -0.188027 -0.126309 0.047604 -0.089704 -0.109405 -0.140565 0.015403 0.105029 -0.077716 -0.063450 -0.172246 0.194385 0.098232
0.287080 0.620680 0.263050 0.430465 0.142108 -0.026734 0.300167 0.556212 0.311534 0.242709 0.328663 1.000000 0.397289 0.604752 0.307090 0.454361 0.029667 0.181989 -0.290618 0.055879 -0.033608 -0.144168 0.060846 0.460853 0.062619 -0.203062 0.239456 -0.075089 -0.018372 0.148901 -0.105185 0.019451 -0.252917 -0.016582 0.100242 -0.143117 -0.057229 -0.182836 -0.328368 -0.168684 -0.120778 -0.036367 -0.331106 -0.343205 -0.426660 -0.300884 -0.429456 -0.452573 -0.242432 -0.476468 -0.028537 0.030054 -0.202535 -0.361507 -0.172958 -0.543477 -0.052447 -0.159880 0.053384 -0.305519 0.163696 0.341153 -0.008978 -0.143219 0.328939 0.606893 -0.389435 -0.111936 -0.151987 -0.066083 0.153081 -0.017123 0.076354 0.159837 0.062461 0.269342 0.067320 0.118710 -0.303311 -0.049631 -0.107124 -0.330558 -0.069808 0.355614 0.199661 0.283006 0.096241 0.212613 0.188827 0.333380 -0.142161 -0.168127 0.380674 0.267860 -0.211864 -0.125390 -0.429358 -0.330850 -0.481605 -0.496370 0.294341 -0.188491 -0.224623 -0.476118 -0.355510 -0.063363 -0.189672 -0.207017 -0.074644 -0.060407 -0.230831 -0.314759 -0.109672 -0.200092 -0.157693 -0.168470
0.334890 0.212109 0.444443 0.081363 0.371574 0.145123 0.582781 0.279829 0.366397 0.293070 0.562674 0.397289 1.000000 0.596481 0.624236 0.479051 0.001540 -0.027176 0.020309 0.273356 0.125099 0.009797 0.161278 0.267134 -0.060782 -0.115365 0.232508 0.035577 0.336490 0.106361 0.075100 -0.091207 -0.148013 0.057200 0.002765 -0.006895 -0.271719 -0.268075 -0.088398 -0.244155 -0.119848 -0.115939 -0.157888 -0.319970 -0.154533 -0.309289 -0.187010 -0.280728 0.067096 -0.230391 0.025060 -0.035290 -0.096963 -0.172943 -0.164321 -0.297753 -0.169468 -0.106791 0.075214 -0.264708 0.313035 0.115153 0.029314 -0.175691 0.169738 0.113317 -0.356888 -0.412306 -0.042325 0.014181 0.005638 0.021684 0.152979 -0.016285 0.034667 0.060531 0.098999 0.091278 -0.195439 -0.229925 -0.291839 -0.359871 0.044098 0.252354 -0.145097 -0.213817 0.030227 -0.093615 0.079904 0.008286 -0.094915 0.048857 0.144697 0.238840 -0.052081 -0.343555 -0.284051 -0.260857 -0.342224 -0.370419 0.055601 0.020713 -0.213936 -0.226361 -0.272856 -0.047363 -0.149054 -0.095786 -0.229981 -0.144064 -0.106925 -0.239230 0.023055 -0.259262 0.048169 -0.003517
0.115445 0.475653 0.260859 0.069498 0.482832 0.053028 0.429137 0.564717 0.487674 0.588866 0.296283 0.604752 0.596481 1.000000 0.328707 0.671505 -0.074794 0.066350 -0.299754 0.108018 0.161602 -0.001416 -0.140809 0.369376 -0.084077 -0.352555 0.308679 -0.060391 0.217772 0.313160 0.060101 -0.015492 -0.235276 0.124954 -0.015668 0.175407 -0.097175 -0.187794 -0.245077 -0.051171 -0.041171 0.091312 -0.338637 -0.493138 -0.233842 -0.200161 -0.362883 -0.488515 0.089367 -0.286154 0.070631 0.061571 0.055239 -0.307888 -0.094314 -0.462508 -0.179433 -0.276026 0.212094 -0.201975 0.416907 0.534892 0.201487 0.009309 0.084668 0.470192 -0.289726 -0.224639 -0.251030 -0.166261 0.034337 0.123626 0.161253 0.016321 -0.088463 0.090217 -0.103724 0.090198 -0.270571 -0.212939 -0.145281 -0.324619 -0.191221 0.440256 -0.237718 -0.152712 -0.160392 -0.088839 0.028095 0.156378 -0.020821 -0.092211 0.274691 0.164854 -0.167192 -0.298396 -0.357273 -0.339815 -0.411078 -0.558239 0.341007 -0.107261 -0.151020 -0.307756 -0.390170 -0.144206 -0.081642 -0.106639 -0.240716 -0.227349 -0.201967 -0.241681 -0.047314 -0.370350 0.053924 -0.049342
0.149574 0.068605 0.538063 0.303921 0.227172 0.299894 0.353554 0.187084 0.426517 0.265670 0.487672 0.307090 0.624236 0.328707 1.000000 0.595346 -0.137534 -0.237735 -0.081889 0.193557 0.065692 0.223429 0.524409 0.449627 0.320711 0.201408 0.383001 0.333440 0.094052 -0.207828 0.042685 0.016438 -0.229741 -0.208414 0.103681 -0.086171 -0.239941 -0.236285 0.195441 -0.034501 0.011909 -0.154677 0.016727 -0.067024 -0.128963 -0.184487 -0.040480 -0.131217 0.103944 -0.134931 0.194233 0.075173 -0.332968 -0.207258 -0.065993 -0.116762 -0.189919 -0.205152 -0.004616 -0.298718 0.063822 0.007061 -0.324535 -0.495796 0.486086 0.223499 -0.362965 -0.346206 -0.091901 -0.116791 -0.066214 -0.027350 -0.188997 -0.225807 -0.123572 -0.039780 -0.046910 -0.107596 -0.152511 -0.321659 -0.421779 -0.470173 0.154779 0.338165 0.097994 -0.041499 0.226409 0.194090 0.486880 0.135660 -0.167989 -0.088954 0.147531 0.183834 -0.167544 -0.325971 -0.125772 -0.244080 -0.395254 -0.356401 -0.112080 -0.226305 -0.298824 -0.403676 -0.406134 -0.099704 -0.329176 -0.172322 -0.223560 -0.164038 -0.179317 -0.348864 -0.192370 -0.281217 -0.035286 -0.151488
0.097918 0.494369 0.438687 0.286971 0.481646 0.506964 0.209347 0.490807 0.563643 0.678983 0.153740 0.454361 0.479051 0.671505 0.595346 1.000000 -0.063869 -0.094258 -0.322725 0.016178 0.196115 0.114232 0.226530 0.624908 0.146243 -0.010067 0.568910 0.167497 -0.070568 -0.003183 -0.026069 -0.074368 -0.356746 -0.198673 -0.042842 0.118247 -0.196417 -0.162675 -0.114756 0.141987 -0.024552 -0.070724 -0.213515 -0.304071 -0.303268 -0.179064 -0.317266 -0.373774 0.199633 -0.246981 0.304899 0.268004 -0.063329 -0.384116 -0.181755 -0.345260 -0.186865 -0.338395 0.249367 -0.244726 0.381989 0.452544 -0.074753 -0.291081 0.398053 0.633290 -0.318426 -0.280940 -0.260690 -0.234266 0.014144 -0.108085 -0.188903 -0.248125 -0.333327 -0.175610 -0.261357 -0.186078 -0.352229 -0.219109 -0.371198 -0.493754 -0.159419 0.415942 -0.164431 -0.116802 0.027316 0.075198 0.430252 0.260561 -0.032082 -0.050408 0.414206 0.251585 -0.213257 -0.339572 -0.339658 -0.380516 -0.435165 -0.503965 0.144043 -0.227858 -0.179722 -0.395240 -0.415543 -0.129130 -0.165063 -0.140797 -0.268676 -0.388240 -0.298588 -0.392642 -0.117530 -0.219169 -0.158923 -0.206712
-0.028241 -0.045072 -0.154976 -0.109460 -0.060497 0.052895 -0.187141 -0.221053 -0.153370 -0.280383 -0.089301 0.029667 0.001540 -0.074794 -0.137534 -0.063869 1.000000 0.663864 -0.007092 -0.000077 0.055964 0.055281 -0.028106 -0.067101 0.013744 0.080677 -0.019940 0.153885 0.359778 0.423390 0.138124 0.038281 0.244576 0.302176 -0.183333 -0.146881 0.455097 0.390251 -0.030885 0.068680 0.082881 0.159672 -0.121089 0.018019 -0.211741 -0.244172 -0.040061 -0.057635 -0.235994 -0.174283 -0.169329 -0.096345 -0.049596 -0.003825 -0.088458 -0.073500 0.587727 0.534699 -0.356050 -0.182589 -0.066977 -0.335979 0.045832 0.097668 -0.325916 -0.269146 -0.244245 -0.208263 0.106388 0.092671 -0.064299 -0.057374 0.471250 0.262162 0.411569 0.147276 0.271090 0.105629 0.397308 0.518885 0.356801 0.430423 -0.008240 -0.060904 -0.142182 -0.057341 -0.026658 -0.174569 -0.302487 -0.215171 -0.289103 -0.127885 -0.172392 -0.194236 -0.032462 -0.017127 0.005142 0.093433 0.262560 0.246764 -0.191401 -0.112845 -0.061876 0.119232 0.115648 0.073122 -0.000147 -0.196844 -0.056208 0.042504 -0.033730 0.119951 0.216375 0.281422 0.125506 0.027191
-0.175050 0.085865 -0.339446 -0.161574 0.061032 -0.124353 -0.201607 -0.187332 -0.166459 -0.218988 -0.212245 0.181989 -0.027176 0.066350 -0.237735 -0.094258 0.663864 1.000000 -0.108316 0.006158 0.088371 -0.078183 -0.250560 -0.248984 -0.083580 -0.243422 -0.168624 -0.191091 0.429872 0.563145 0.020709 -0.066574 0.189341 0.353534 -0.202949 -0.260311 0.362614 0.282858 -0.216856 -0.169275 0.051059 0.223631 -0.205178 -0.147025 -0.131922 -0.280305 -0.063692 -0.131155 -0.245468 -0.088855 -0.188907 -0.018626 0.250790 0.148176 -0.150766 -0.106872 0.293387 0.453561 -0.184979 0.177023 0.042028 0.040441 0.287833 0.475197 -0.434896 -0.159054 -0.063080 -0.158514 0.138334 0.218684 -0.082173 -0.083004 0.575804 0.377021 0.383190 0.071741 0.130256 0.033610 0.227896 0.589361 0.431407 0.494123 -0.017400 0.152314 -0.114015 0.018634 -0.147803 -0.181499 -0.381983 -0.108765 -0.050078 -0.075567 -0.138761 -0.206445 -0.031594 -0.071883 -0.107302 -0.131205 0.374438 0.206442 0.033288 0.028742 0.122396 0.094144 0.012993 -0.143428 0.083299 -0.132347 0.009132 0.076889 -0.163455 0.110361 0.151011 0.144574 -0.004486 -0.085433
0.352853 -0.267236 0.238562 0.203528 -0.105416 -0.055628 0.328477 -0.033040 -0.193617 -0.089749 0.019377 -0.290618 0.020309 -0.299754 -0.081889 -0.322725 -0.007092 -0.108316 1.000000 0.514005 -0.091838 -0.165772 0.235476 -0.105596 -0.208573 -0.095661 -0.402669 -0.245995 0.191505 -0.105943 0.037050 -0.082558 0.343752 0.194883 0.004645 -0.214639 -0.159622 -0.217255 0.221370 -0.074136 -0.201810 -0.277810 -0.035453 -0.027939 0.037010 -0.173167 0.092756 -0.071938 -0.250531 0.000358 -0.124201 -0.223482 -0.008285 0.076613 0.039100 0.390811 0.019878 0.214342 -0.115546 0.096484 -0.082974 -0.225435 0.146592 0.118755 -0.001208 -0.258091 0.081569 -0.143866 0.149882 0.095271 -0.182393 -0.269923 0.116255 -0.083572 0.075276 -0.137590 0.118362 -0.158104 -0.040701 -0.049969 -0.090520 0.063624 0.274757 -0.073620 -0.027823 -0.167444 -0.114635 -0.176214 -0.010598 -0.047408 0.057561 0.170773 -0.233747 -0.265892 0.110998 0.066419 0.038984 0.238372 0.195305 0.228278 -0.218444 0.146024 0.082237 0.110006 0.168095 -0.058117 -0.154236 -0.073657 0.083401 -0.045418 -0.096854 0.219408 0.151906 0.183784 -0.145184 -0.062605
0.462597 0.057877 0.269777 0.178516 0.080158 -0.142875 0.403990 0.144306 0.097029 0.120279 0.192701 0.055879 0.273356 0.108018 0.193557 0.016178 -0.000077 0.006158 0.514005 1.000000 -0.295254 -0.318764 0.026764 0.148056 -0.290999 -0.285000 -0.245619 -0.394519 0.272373 0.015572 -0.106901 -0.118507 -0.011114 0.239209 0.048297 -0.039981 -0.155572 -0.245229 -0.084024 -0.115296 -0.225329 -0.301659 -0.308600 -0.353376 -0.159312 -0.354334 -0.283065 -0.228429 -0.287198 -0.227697 -0.373709 -0.294805 -0.050620 -0.109750 -0.099398 0.090060 -0.001065 0.129831 0.083960 -0.071698 0.077648 0.044164 0.110483 -0.028981 -0.060183 -0.110904 -0.187437 -0.303401 0.077973 0.198446 -0.133845 -0.114310 0.088002 -0.091063 0.062747 -0.077665 -0.063384 -0.083213 -0.171727 -0.210510 -0.130701 -0.074092 0.090318 0.245394 -0.202135 -0.304239 -0.331511 -0.318695 -0.063165 0.025777 0.359924 0.383638 0.160360 0.154411 -0.060841 -0.020550 -0.215941 -0.157343 0.069790 0.075542 0.086761 0.238538 0.214084 -0.024980 0.048053 -0.183535 0.042479 0.182591 0.057126 -0.225405 -0.250371 -0.081844 0.140920 -0.011315 0.009904 -0.053446
-0.364717 -0.116907 0.000083 -0.173088 0.299131 0.368323 0.044043 0.099833 -0.013351 0.186278 -0.080126 -0.033608 0.125099 0.161602 0.065692 0.196115 0.055964 0.088371 -0.091838 -0.295254 1.000000 0.507289 0.116852 -0.013681 0.279988 0.096328 0.343822 0.100303 0.334078 0.416183 0.441854 0.254352 0.273216 0.266774 -0.168958 -0.235066 0.004830 -0.109178 -0.075066 -0.159925 0.021997 0.055377 -0.023083 0.019714 0.095199 0.063275 0.170523 -0.113105 0.150081 0.240019 0.210888 0.116129 0.064802 0.187174 -0.156041 -0.103012 -0.032488 0.041279 -0.168652 0.074167 -0.002682 -0.024420 0.001149 0.061875 -0.054942 0.021116 0.072952 -0.048170 0.118608 -0.016316 0.269492 0.034241 0.434559 0.190283 0.129012 0.066738 0.137360 0.011839 0.032588 0.194031 0.186664 0.174322 0.123143 0.098766 0.119958 -0.023120 -0.036985 -0.063748 -0.051068 -0.209605 -0.417938 -0.434625 -0.308384 -0.330059 -0.222930 -0.384476 -0.041049 -0.139073 0.021462 -0.153255 -0.217843 -0.156403 -0.171200 -0.086009 -0.277403 0.031523 -0.246728 -0.547499 -0.324379 -0.025117 -0.076634 -0.078581 0.042284 -0.053510 -0.203560 -0.082101
-0.412664 -0.418553 -0.032659 -0.072255 0.046523 0.369800 -0.056098 -0.080235 -0.092029 -0.089492 -0.006687 -0.144168 0.009797 -0.001416 0.223429 0.114232 0.055281 -0.078183 -0.165772 -0.318764 0.507289 1.000000 0.347712 0.091961 0.440629 0.571963 0.350513 0.533295 0.211339 0.197213 0.589341 0.577455 0.233415 0.148285 0.074248 0.046874 0.143145 0.284065 0.278389 0.273882 0.419323 0.076119 0.162310 0.251948 0.084986 0.106698 0.330356 0.149092 -0.031589 0.158043 0.137971 -0.022029 -0.350364 -0.059660 -0.026953 0.075607 -0.020595 -0.116324 -0.295059 -0.197661 -0.374454 -0.356435 -0.317155 -0.267444 0.081666 -0.136712 0.006432 0.120311 -0.027052 -0.106271 0.122711 0.433637 0.137996 -0.018589 -0.021061 0.149044 0.001558 0.115470 0.311373 0.088031 -0.047568 0.062698 0.256566 0.062480 0.141902 -0.010532 0.213144 0.148376 0.177396 -0.125481 -0.590972 -0.492688 -0.312267 -0.319010 -0.113185 -0.039122 0.241910 0.031249 -0.022977 -0.193899 -0.386106 -0.379001 -0.332952 -0.076374 -0.217425 0.122215 -0.310410 -0.329006 -0.137682 0.072359 0.174602 -0.022511 0.002320 -0.090498 0.218117 0.075015
0.130958 -0.176618 0.550532 0.585716 0.021290 0.408222 0.268071 0.180614 0.155871 0.046040 0.040345 0.060846 0.161278 -0.140809 0.524409 0.226530 -0.028106 -0.250560 0.235476 0.026764 0.116852 0.347712 1.000000 0.550210 0.404276 0.544951 0.335463 0.413861 -0.078752 -0.232058 0.326307 0.456076 0.057411 -0.129034 0.151612 -0.124694 -0.132492 -0.043711 0.502753 0.243030 0.131019 -0.160790 -0.033373 0.057605 -0.224909 -0.209630 0.007523 -0.091292 -0.169398 -0.216964 0.005926 -0.099527 -0.501861 -0.315505 0.004773 0.128529 -0.084199 -0.105440 -0.287432 -0.291302 -0.313332 -0.350972 -0.458050 -0.472104 0.583298 0.080509 -0.208596 -0.182485 0.013676 -0.033090 -0.022199 -0.058083 -0.169747 -0.229224 -0.014783 -0.102217 -0.117252 -0.196553 -0.100171 -0.107896 -0.439229 -0.320080 0.253244 0.112249 0.232434 -0.013678 0.460108 0.362153 0.663922 0.122168 -0.299999 -0.171274 0.024745 0.016782 -0.097641 -0.001772 -0.056670 -0.063757 -0.240500 -0.246605 -0.323571 -0.329066 -0.314037 -0.261848 -0.188340 0.000425 -0.433230 -0.237456 -0.017616 -0.186051 -0.109882 -0.132322 -0.155059 -0.020015 -0.152757 -0.216964
0.307650 0.388596 0.596664 0.693998 0.253181 0.274794 0.426014 0.658178 0.553997 0.549407 0.046893 0.460853 0.267134 0.369376 0.449627 0.624908 -0.067101 -0.248984 -0.105596 0.148056 -0.013681 0.091961 0.550210 1.000000 0.188518 0.220242 0.392305 0.234522 -0.223153 -0.129910 0.062432 0.356417 -0.319504 -0.156699 0.149354 0.084152 -0.214882 -0.149976 0.113119 0.299288 -0.001890 -0.111034 -0.361765 -0.364343 -0.487346 -0.389382 -0.434039 -0.460949 -0.128687 -0.511773 0.062153 -0.074050 -0.345067 -0.477348 -0.149036 -0.244761 -0.157908 -0.323444 0.048619 -0.362032 0.138182 0.168265 -0.179194 -0.405090 0.542200 0.537422 -0.364352 -0.218675 -0.301440 -0.223780 0.098359 -0.011891 -0.241904 -0.250046 -0.217553 -0.030358 -0.284932 -0.176826 -0.393358 -0.262691 -0.506172 -0.569623 -0.077447 0.419313 -0.005569 -0.056170 0.210541 0.334845 0.626329 0.387536 -0.013713 -0.060595 0.499245 0.328542 -0.277202 -0.082600 -0.386275 -0.282320 -0.543980 -0.496372 0.177909 -0.295287 -0.233840 -0.468304 -0.327442 -0.078921 -0.342622 -0.112759 -0.015240 -0.417300 -0.307605 -0.332845 -0.142760 -0.142607 -0.119211 -0.237080
-0.225581 -0.098399 0.199990 0.097494 0.189874 0.271860 -0.038504 -0.047619 0.161565 -0.005969 -0.086616 0.062619 -0.060782 -0.084077 0.320711 0.146243 0.013744 -0.083580 -0.208573 -0.290999 0.279988 0.440629 0.404276 0.188518 1.000000 0.534610 0.417792 0.443084 -0.074247 -0.038054 0.354331 0.281143 0.025045 -0.076937 0.221301 0.080426 -0.008709 -0.061228 0.343581 0.071365 0.059712 0.003026 0.134792 0.208728 0.109680 0.203975 0.140961 0.045596 0.182247 0.090043 0.241578 0.006384 -0.304235 -0.168359 0.109743 -0.089335 -0.073948 -0.155690 -0.009417 -0.127834 -0.148847 -0.275333 -0.391067 -0.381628 0.295913 0.105051 0.069043 0.211085 -0.027413 0.046505 0.293389 0.119859 -0.073358 0.025702 -0.017610 0.107778 -0.025619 -0.068853 0.025071 -0.022752 -0.103029 -0.143787 0.151272 0.067239 0.088857 0.005884 0.377623 0.377234 0.253483 -0.100600 -0.323071 -0.452718 -0.192759 -0.112081 -0.184119 -0.123230 0.088604 -0.158765 -0.222281 -0.209080 -0.191178 -0.284836 -0.216364 -0.118947 -0.223473 -0.069232 -0.286400 -0.249991 -0.093609 -0.056913 0.032095 -0.170202 -0.166467 -0.255874 -0.056442 -0.134508
-0.149941 -0.364099 0.234868 0.196140 -0.216213 0.440731 -0.153971 -0.182558 -0.176253 -0.319739 -0.053811 -0.203062 -0.115365 -0.352555 0.201408 -0.010067 0.080677 -0.243422 -0.095661 -0.285000 0.096328 0.571963 0.544951 0.220242 0.534610 1.000000 0.337787 0.767138 -0.268602 -0.302702 0.353585 0.408195 0.102077 -0.218098 0.051205 0.154043 0.076328 0.296082 0.452638 0.356579 0.249510 -0.038526 0.124489 0.351608 -0.097896 0.082774 0.130350 0.249166 0.066099 -0.065021 0.209285 0.028027 -0.431311 -0.252538 0.144240 0.072438 -0.088724 -0.187901 -0.190824 -0.299236 -0.454234 -0.578998 -0.562111 -0.560755 0.218592 -0.149591 0.076781 0.316100 -0.029915 -0.000780 0.094676 0.226565 -0.250819 -0.135563 -0.015695 0.003098 -0.092497 -0.037822 0.071778 -0.011600 -0.270428 -0.182546 0.086529 -0.309349 0.106916 0.117755 0.420059 0.406152 0.322016 -0.032325 -0.365248 -0.173012 -0.014033 -0.014569 0.116315 0.251085 0.240525 0.208820 -0.080226 -0.074653 -0.292013 -0.279404 -0.246689 -0.032492 -0.001075 0.156542 -0.137934 0.019791 0.156767 0.045071 0.395836 -0.107019 -0.089978 0.009441 0.204079 0.016306
0.002973 0.172372 0.359086 0.039551 0.380169 0.591397 0.146427 0.229269 0.277265 0.211827 0.122372 0.239456 0.232508 0.308679 0.383001 0.568910 -0.019940 -0.168624 -0.402669 -0.245619 0.343822 0.350513 0.335463 0.392305 0.417792 0.337787 1.000000 0.379715 -0.114317 0.018190 0.251978 0.190190 -0.115629 -0.122271 -0.021324 0.151873 -0.090700 -0.092526 -0.092090 0.088993 -0.060076 -0.089765 0.017598 0.137304 -0.089352 0.102884 -0.080870 -0.003301 0.337319 -0.077356 0.284769 0.297489 -0.237326 -0.261201 -0.230134 -0.228392 -0.237408 -0.346919 0.091229 -0.256504 0.018260 -0.050234 -0.277550 -0.394972 0.330576 0.288454 -0.053421 0.080299 -0.108693 -0.079183 0.121524 -0.020438 -0.112165 -0.048070 -0.062291 -0.002091 -0.093764 -0.088162 -0.188025 -0.055251 -0.274741 -0.339461 -0.077480 0.013891 -0.046225 -0.110029 0.258607 0.128745 0.322640 -0.055097 -0.308479 -0.172287 0.168183 0.180376 -0.160662 -0.188638 0.009456 -0.262108 -0.309835 -0.334300 -0.042214 -0.156884 -0.304522 -0.249261 -0.279503 0.008286 -0.174228 -0.323785 -0.144715 -0.165161 0.025958 -0.216038 0.017187 -0.101047 -0.143944 -0.165787
-0.196016 -0.223725 0.199634 0.144372 -0.157296 0.323993 -0.128152 -0.144231 0.039354 -0.177183 0.126848 -0.075089 0.035577 -0.060391 0.333440 0.167497 0.153885 -0.191091 -0.245995 -0.394519 0.100303 0.533295 0.413861 0.234522 0.443084 0.767138 0.379715 1.000000 -0.159662 -0.196514 0.250926 0.323793 0.021371 -0.249314 0.134571 0.224926 0.159027 0.340523 0.444895 0.358506 0.362869 0.089568 0.080963 0.248723 -0.174514 -0.008880 0.063397 0.111659 0.116543 -0.153309 0.290743 0.115879 -0.360995 -0.283888 0.192194 -0.132313 0.041933 -0.140583 -0.175472 -0.368512 -0.242925 -0.379949 -0.523494 -0.527032 0.213848 -0.098124 -0.089961 0.173929 -0.104743 -0.143516 0.027985 0.293605 -0.186908 -0.166924 -0.018716 0.037774 0.010654 0.030382 0.187397 0.036580 -0.185124 -0.163736 -0.032947 -0.199115 0.128200 0.190098 0.494134 0.493388 0.334523 0.026883 -0.448858 -0.315941 -0.005526 -0.085010 0.072509 0.031829 0.147720 0.140426 -0.261041 -0.266513 -0.159962 -0.334914 -0.300183 -0.082685 -0.088135 0.181681 -0.182253 -0.046436 -0.036910 -0.002462 0.274324 -0.220289 -0.262782 -0.081883 0.270315 0.062200
-0.083664 -0.275125 -0.134580 -0.346285 0.221330 -0.071131 0.206777 -0.141481 -0.102015 -0.068320 0.210156 -0.018372 0.336490 0.217772 0.094052 -0.070568 0.359778 0.429872 0.191505 0.272373 0.334078 0.211339 -0.078752 -0.223153 -0.074247 -0.268602 -0.114317 -0.159662 1.000000 0.708436 0.403672 0.175795 0.274328 0.512027 -0.131088 -0.149441 0.252445 0.107024 -0.058698 -0.156962 0.113253 0.266832 0.103567 -0.048052 0.178550 -0.169225 0.301028 0.028911 -0.173394 0.144174 -0.354099 -0.192935 -0.010311 0.200257 -0.146936 0.133269 0.093133 0.253717 -0.382210 -0.076973 -0.163249 -0.195306 0.106091 0.167752 -0.385822 -0.358411 -0.278640 -0.520978 0.076298 0.045606 -0.100432 0.204169 0.797379 0.380765 0.479523 0.247882 0.370892 0.308765 0.429248 0.292771 0.303540 0.335696 0.309751 0.328356 -0.105846 -0.349150 -0.173390 -0.405668 -0.420736 -0.376990 -0.302879 -0.193449 -0.504085 -0.396232 -0.002928 -0.174635 0.107825 0.010115 0.252004 0.128069 -0.331053 0.001987 -0.143373 0.049922 -0.081292 -0.047675 -0.208558 -0.329461 -0.183603 0.155289 0.009603 0.281091 0.253622 0.000542 0.208571 0.097496
-0.123880 -0.004793 -0.260103 -0.345393 0.251779 -0.068795 0.116288 0.055576 -0.099275 0.053119 -0.043369 0.148901 0.106361 0.313160 -0.207828 -0.003183 0.423390 0.563145 -0.105943 0.015572 0.416183 0.197213 -0.232058 -0.129910 -0.038054 -0.302702 0.018190 -0.196514 0.708436 1.000000 0.373879 0.225530 0.348591 0.606890 -0.170769 -0.129417 0.468277 0.250055 -0.218419 -0.027536 0.134825 0.362926 -0.021503 -0.103050 0.045461 -0.153738 0.134858 -0.099861 -0.156802 0.035997 -0.321072 -0.142567 0.105399 0.144473 -0.208009 -0.082811 0.209348 0.279387 -0.338863 -0.082549 -0.122148 -0.079472 0.176649 0.280738 -0.469706 -0.187086 -0.254786 -0.367382 0.004712 -0.063695 -0.022138 0.120055 0.854296 0.568044 0.544582 0.361359 0.339082 0.293909 0.306396 0.491278 0.401220 0.424979 0.107184 0.307288 -0.155569 -0.295153 -0.192989 -0.361043 -0.487257 -0.391993 -0.281874 -0.241810 -0.324545 -0.251063 -0.071447 -0.079386 0.077991 -0.035230 0.314366 0.106876 -0.090639 -0.032874 -0.061462 -0.011670 -0.131972 -0.083674 -0.136657 -0.357120 -0.181862 0.198640 0.013638 0.284908 0.348701 0.106990 0.015948 -0.002363
-0.200576 -0.408894 0.227301 -0.091027 0.223946 0.153422 0.298825 0.017036 0.058781 -0.058423 -0.068041 -0.105185 0.075100 0.060101 0.042685 -0.026069 0.138124 0.020709 0.037050 -0.106901 0.441854 0.589341 0.326307 0.062432 0.354331 0.353585 0.251978 0.250926 0.403672 0.373879 1.000000 0.734503 0.342782 0.382262 0.165492 0.199998 0.071389 0.236658 0.235762 0.153123 0.211725 0.174603 0.030563 0.126368 0.093761 0.070641 0.254136 0.053552 -0.035396 0.058755 0.021510 -0.113681 -0.369099 -0.077602 -0.128554 0.118414 0.027510 -0.045731 -0.356200 -0.319186 -0.322330 -0.494492 -0.279020 -0.288079 0.051913 -0.163263 -0.109216 -0.037593 -0.169053 -0.209867 0.126451 0.312777 0.397553 0.172720 0.141257 0.175536 0.092069 0.195083 0.199305 0.091300 -0.088933 0.104569 0.100275 0.089826 -0.115391 -0.275381 0.042806 -0.047784 -0.084667 -0.376042 -0.459348 -0.337717 -0.391369 -0.268771 0.005760 0.165808 0.276290 0.080330 0.019031 -0.015760 -0.316452 -0.245626 -0.296970 -0.101607 -0.113065 0.097013 -0.185712 -0.282684 -0.052973 0.099046 0.273946 0.120233 0.133940 0.003961 0.072391 -0.030175
-0.224047 -0.310329 0.132125 0.249002 0.047620 0.026644 0.228729 0.214680 0.095170 -0.030094 -0.106962 0.019451 -0.091207 -0.015492 0.016438 -0.074368 0.038281 -0.066574 -0.082558 -0.118507 0.254352 0.577455 0.456076 0.356417 0.281143 0.408195 0.190190 0.323793 0.175795 0.225530 0.734503 1.000000 0.171721 0.337209 0.310541 0.170286 0.070998 0.255452 0.274679 0.242715 0.307338 0.232934 -0.050819 0.045640 -0.114636 -0.092480 0.114577 -0.000281 -0.275759 -0.158141 -0.150671 -0.278141 -0.513763 -0.223963 -0.183649 0.062566 0.045998 -0.073557 -0.480747 -0.309827 -0.417611 -0.420329 -0.278254 -0.303327 0.200273 -0.070599 -0.156300 0.011265 -0.123555 -0.139255 0.178977 0.479958 0.201209 0.105935 0.077394 0.256479 0.007025 0.197477 0.169340 0.040732 -0.089166 0.024634 0.166451 0.233035 0.121611 -0.040715 0.192747 0.237586 0.178313 -0.112971 -0.398654 -0.382268 -0.180952 -0.177241 -0.119531 0.198904 0.106927 0.013781 -0.131706 -0.158572 -0.233649 -0.338655 -0.327486 -0.184970 -0.176623 0.037860 -0.265223 -0.245912 0.019940 -0.001152 0.121592 0.007977 0.012312 -0.018480 0.079741 -0.068103
-0.209740 -0.238519 -0.048364 -0.187498 -0.187269 0.025886 0.061059 -0.228411 -0.323138 -0.292670 -0.257727 -0.252917 -0.148013 -0.235276 -0.229741 -0.356746 0.244576 0.189341 0.343752 -0.011114 0.273216 0.233415 0.057411 -0.319504 0.025045 0.102077 -0.115629 0.021371 0.274328 0.348591 0.342782 0.171721 1.000000 0.684985 0.024081 -0.190419 0.231084 0.068544 0.097404 -0.167750 0.071437 -0.066701 0.090039 0.247821 0.098709 0.007612 0.342514 0.114958 -0.197519 0.142053 -0.008350 -0.036085 -0.063446 0.169658 -0.003035 0.188505 0.257780 0.490110 -0.308249 0.119269 -0.189775 -0.398113 -0.006142 0.185154 -0.229645 -0.403318 0.159898 0.035617 0.381777 0.152731 -0.088642 -0.071543 0.442163 0.117596 0.276149 -0.022582 0.305733 0.077591 0.324025 0.429694 0.238318 0.450848 0.005415 -0.186226 -0.128829 -0.129587 -0.179026 -0.230894 -0.302003 -0.413534 -0.389554 -0.293445 -0.540091 -0.477014 -0.039226 0.096288 0.259537 0.277216 0.368228 0.224206 -0.342392 -0.124804 -0.073806 0.131624 0.023915 -0.017874 -0.169858 -0.280921 0.008792 0.286909 0.162222 0.214311 0.266599 0.149110 -0.129025 -0.003685
-0.082853 -0.016081 -0.068417 -0.216386 0.101628 -0.131213 0.249143 0.009517 -0.065204 -0.048545 -0.162404 -0.016582 0.057200 0.124954 -0.208414 -0.198673 0.302176 0.353534 0.194883 0.239209 0.266774 0.148285 -0.129034 -0.156699 -0.076937 -0.218098 -0.122271 -0.249314 0.512027 0.606890 0.382262 0.337209 0.684985 1.000000 0.131178 0.008644 0.254354 0.003746 -0.118998 -0.287196 0.013140 0.107927 -0.068700 -0.014677 0.086106 -0.064116 0.174620 -0.031689 -0.238680 0.037796 -0.237011 -0.262826 -0.088400 0.037724 -0.282761 0.039267 0.337852 0.469654 -0.287621 0.040429 0.006359 -0.193598 0.226472 0.286426 -0.323069 -0.247682 -0.032641 -0.138699 0.235480 0.157661 0.032926 0.126242 0.612456 0.265763 0.292254 0.210207 0.322320 0.266529 0.316364 0.328360 0.337071 0.440593 -0.006439 0.139737 -0.328328 -0.378524 -0.397887 -0.434171 -0.459555 -0.495777 -0.256252 -0.325424 -0.504874 -0.401842 -0.153303 0.032761 0.156540 0.000812 0.318751 0.160749 -0.219906 -0.143773 -0.101839 -0.014276 -0.120679 -0.180857 -0.144552 -0.348172 -0.072867 0.202685 0.026510 0.146312 0.332039 0.050270 -0.064571 -0.030186
-0.001619 0.054689 0.189886 0.085585 -0.119741 -0.203642 0.216216 0.018785 0.284271 -0.016476 -0.004010 0.100242 0.002765 -0.015668 0.103681 -0.042842 -0.183333 -0.202949 0.004645 0.048297 -0.168958 0.074248 0.151612 0.149354 0.221301 0.051205 -0.021324 0.134571 -0.131088 -0.170769 0.165492 0.310541 0.024081 0.131178 1.000000 0.385567 -0.024285 -0.048940 0.325191 0.050318 0.225323 -0.062111 0.015430 0.020556 -0.004193 0.026481 0.017023 -0.002584 -0.205188 -0.168083 -0.046872 -0.168627 -0.475469 -0.294093 0.004163 -0.046578 0.225462 0.087803 0.086101 -0.287959 0.150206 -0.089250 -0.187631 -0.321968 0.395223 0.147861 -0.125358 0.025712 0.021180 0.044613 0.200846 0.243621 -0.199237 -0.239657 -0.310467 -0.038320 0.014763 0.081558 0.108756 -0.110376 -0.064254 -0.017956 -0.077272 0.090888 -0.008402 0.054696 0.163975 0.371331 0.188726 0.111165 -0.160450 -0.291210 -0.174949 -0.079989 -0.084261 0.064221 0.036553 -0.043741 -0.269699 -0.185630 -0.083995 -0.178156 -0.271507 -0.222145 -0.215373 0.017010 -0.286165 0.026127 0.128000 -0.056899 0.010538 -0.231943 -0.302440 -0.121012 -0.110085 -0.032489
0.064414 0.010779 0.126390 -0.146059 0.105651 0.001737 0.047866 0.005471 0.192320 0.056276 0.034960 -0.143117 -0.006895 0.175407 -0.086171 0.118247 -0.146881 -0.260311 -0.214639 -0.039981 -0.235066 0.046874 -0.124694 0.084152 0.080426 0.154043 0.151873 0.224926 -0.149441 -0.129417 0.199998 0.170286 -0.190419 0.008644 0.385567 1.000000 0.016611 0.158524 0.164036 0.273170 0.123892 0.075292 0.080029 0.045641 0.151730 0.376128 -0.045292 0.151303 0.251328 0.027643 0.042395 0.069227 -0.236002 -0.398928 0.105150 0.008604 0.030620 -0.278775 0.242417 -0.289806 0.091932 -0.003508 -0.180802 -0.333309 0.018357 0.126142 0.041516 0.244896 -0.403406 -0.221916 0.010294 0.254563 -0.274236 -0.229919 -0.303174 -0.092694 -0.217469 0.049706 -0.016999 -0.203882 -0.180244 -0.167720 -0.267690 -0.120671 -0.365182 -0.329003 -0.030109 0.005768 -0.057291 -0.130657 0.036248 0.003075 -0.016156 0.059960 0.180432 0.275636 0.264879 0.007626 -0.160672 -0.098052 0.032866 -0.101513 -0.150681 0.006758 0.050944 0.033935 0.144360 0.293042 0.203781 -0.060629 0.400075 -0.076085 0.031678 -0.083819 0.345097 0.040986
