1.000000 0.105583 0.300486 0.032539 0.292166 0.176683 0.158585 -0.114294 0.391479 0.177141 0.651110 -0.016974 0.588251 0.004947 0.455077 0.229673 0.122648 -0.099753 0.291072 0.126800 0.027756 0.024652 0.299826 0.159171 0.114235 0.039801 0.216203 0.233827 0.424413 -0.191390 -0.032442 -0.129333 0.223130 -0.004084 -0.062213 -0.317621 -0.209923 -0.342224 -0.162160 -0.198634 -0.196922 -0.116710 -0.242336 -0.328600 -0.147718 -0.376087 -0.271176 -0.278429 0.460280 -0.197743 0.363812 -0.114798 -0.035610 -0.144789 -0.130521 -0.235120 0.080319 -0.174291 0.077765 -0.161334 0.143075 -0.086406 0.091329 -0.138949 0.347329 -0.013657 0.068704 -0.286618 0.162910 -0.067120 -0.111670 -0.095554 0.071493 -0.208977 -0.119864 -0.036955 -0.121109 -0.438970 -0.075240 -0.183554 -0.157815 -0.083144 0.137517 0.017346 0.162118 -0.231161 0.115363 -0.125842 0.292347 -0.083658 0.360412 -0.113243 -0.061788 0.239941 0.112834 -0.228687 0.093384 -0.135613 0.116814 -0.129794 -0.053756 0.287802 -0.124785 0.230151 0.020857 -0.033669 0.111139 -0.097772 -0.209231 -0.032173 -0.046884 -0.138966 -0.274882 -0.065769 -0.138645 -0.245753
0.105583 1.000000 -0.654244 -0.397466 -0.250023 -0.407149 -0.469123 -0.077201 -0.209952 0.106848 -0.012765 0.306922 -0.040846 0.537950 -0.130545 0.013176 0.431975 0.517210 -0.110348 0.121853 -0.313879 -0.251425 -0.613665 -0.580208 -0.568814 -0.575966 -0.218088 -0.415082 0.248830 0.346923 -0.530759 -0.510834 0.260906 0.392293 -0.304310 -0.430619 0.086426 0.226372 -0.139784 -0.028656 0.225243 0.027577 -0.423566 -0.453013 -0.416160 -0.282921 -0.005896 0.060898 0.012606 0.400869 -0.500976 0.295701 0.395026 0.183278 -0.096268 0.200761 0.551257 0.424945 0.378445 0.394281 0.502545 0.657126 0.304557 0.481168 0.153996 0.269720 -0.323221 -0.243808 0.030523 -0.176624 -0.362253 -0.256033 0.223973 0.107650 0.161627 0.080610 0.031275 -0.024174 0.086192 -0.011642 0.335498 0.292499 0.083958 0.305364 -0.202049 0.087854 -0.196481 0.149213 -0.310587 0.117829 0.263563 0.405177 0.022956 -0.145970 -0.134079 0.163961 0.099001 0.098769 0.474488 0.388819 0.231097 -0.094768 0.351484 -0.011248 -0.009320 -0.140364 0.101689 0.138778 -0.040460 0.101061 -0.341190 0.309460 0.213803 0.190506 -0.094543 -0.182223
0.300486 -0.654244 1.000000 0.611235 0.387723 0.210463 0.776707 0.301047 0.574770 0.138178 0.415066 -0.157122 0.287974 -0.365618 0.381778 0.083823 -0.474169 -0.591290 0.420109 0.040473 0.200665 0.054262 0.825377 0.730013 0.337583 0.310463 0.057856 0.198632 -0.187031 -0.572594 0.361204 0.431790 -0.106891 -0.225458 0.196971 0.236911 -0.371198 -0.370671 0.007641 -0.227235 -0.240292 -0.248055 0.246027 0.171333 0.287398 0.140771 -0.141422 -0.336087 0.225638 -0.387027 0.639798 -0.332022 -0.369008 -0.241726 -0.055147 -0.363770 -0.631264 -0.603006 -0.416261 -0.400906 -0.454249 -0.617656 -0.409891 -0.609043 0.152620 -0.092938 0.342148 0.203029 0.098038 0.380947 0.154180 0.103300 -0.365580 -0.385927 -0.257433 -0.146049 -0.075310 -0.088622 -0.252229 -0.436867 -0.513329 -0.483397 0.220735 -0.226071 0.281610 -0.277179 0.391655 0.040280 0.594170 -0.071448 0.017998 -0.389117 0.109816 0.400585 0.098705 -0.423154 -0.129732 -0.225008 -0.393859 -0.529689 -0.268518 0.151410 -0.575865 -0.115584 -0.128441 0.028597 -0.183295 -0.210484 -0.176003 -0.118806 0.213376 -0.420118 -0.285946 -0.418444 -0.073093 0.001099
0.032539 -0.397466 0.611235 1.000000 0.106147 0.318618 0.294677 0.530272 0.374683 0.216041 0.222613 0.039634 -0.050367 -0.409706 0.190757 0.060970 -0.561114 -0.589794 0.465871 0.262551 -0.036475 0.008920 0.672130 0.824673 0.320483 0.445242 0.016268 0.301677 -0.491982 -0.628551 0.283209 0.615016 -0.302703 -0.450419 0.090694 0.285002 -0.468321 -0.338862 -0.136736 -0.109011 -0.363465 -0.322501 0.052064 0.251167 0.028877 0.186251 -0.174754 -0.296873 -0.094540 -0.260380 0.375203 -0.157240 -0.367700 -0.089470 0.003183 -0.316370 -0.479639 -0.543854 -0.404409 -0.022132 -0.617308 -0.641651 -0.533399 -0.615424 -0.195680 0.139503 0.178903 0.366226 0.177879 0.523516 0.123534 0.005130 -0.558502 -0.315698 -0.232856 -0.119458 0.088058 0.242106 -0.395616 -0.439312 -0.499714 -0.588270 0.179292 -0.227431 0.222813 -0.097247 0.332378 0.241189 0.611441 0.292250 -0.264304 -0.209746 0.149551 0.282418 -0.073145 -0.321370 -0.269970 -0.102248 -0.626719 -0.364229 -0.228157 -0.078571 -0.552932 -0.216990 -0.298544 -0.052563 -0.202155 0.003142 -0.214666 0.060554 0.326010 -0.584839 -0.300857 -0.516222 -0.325121 -0.027835
0.292166 -0.250023 0.387723 0.106147 1.000000 0.566150 0.238723 0.146858 0.529300 0.464265 0.348713 0.077790 0.508694 0.113008 0.351127 0.572512 -0.193715 -0.132941 0.150557 -0.026974 0.420473 0.391490 0.311293 0.203134 0.499389 0.363401 0.700523 0.446664 0.114009 -0.032824 0.253867 -0.066916 -0.200279 -0.208317 -0.243032 0.009250 -0.303370 -0.407099 0.039233 0.091345 -0.419680 -0.009572 -0.104607 -0.139349 0.068223 -0.008245 -0.176655 -0.345014 0.312644 -0.283597 0.375380 -0.161951 -0.323026 -0.110208 -0.112829 -0.230291 -0.163248 -0.258808 -0.289449 -0.340366 -0.184837 -0.221031 -0.114918 -0.259960 0.278895 0.016560 -0.178379 -0.254557 -0.164086 0.100769 0.246571 0.108663 0.048307 -0.085753 -0.410872 -0.003439 -0.102629 -0.225084 0.082307 0.015088 -0.338445 -0.157964 -0.161927 0.020704 -0.142638 -0.279655 -0.093853 -0.483362 0.029052 -0.200707 0.161321 -0.120764 0.154981 0.267062 -0.127602 -0.333809 -0.274313 -0.161977 -0.192971 -0.360239 0.042600 0.393717 -0.016164 0.290894 0.224760 0.071049 0.010413 -0.055856 -0.219070 0.085143 -0.068262 -0.386691 -0.287422 -0.112387 -0.051144 0.193412
0.176683 -0.407149 0.210463 0.318618 0.566150 1.000000 -0.114556 -0.072091 0.200712 0.121183 0.061104 -0.050291 0.175716 -0.254571 0.226308 0.482676 -0.231119 -0.180224 0.151257 0.111300 0.281964 0.531727 0.392368 0.416489 0.794358 0.812459 0.822116 0.926104 -0.074676 -0.194442 0.542885 0.253350 -0.247882 -0.513273 -0.087211 0.064640 -0.146068 -0.207866 0.082756 0.344579 -0.446213 0.090992 -0.065870 0.184406 -0.077321 -0.104122 -0.025615 0.040275 -0.040982 -0.253176 0.243709 -0.058791 -0.240300 0.030309 0.027585 -0.039441 -0.038198 -0.192445 -0.177306 -0.159193 -0.351786 -0.459179 -0.212525 -0.324705 -0.224750 -0.150639 -0.037264 -0.092735 -0.111070 -0.025449 0.212440 0.113782 -0.036336 0.095439 -0.195331 -0.028552 -0.060850 -0.084195 0.116087 0.141397 -0.272949 -0.138310 -0.319733 -0.081697 0.075596 0.070824 -0.103793 -0.345188 0.154031 0.070589 -0.266453 -0.151855 -0.268653 -0.055218 -0.056622 -0.244709 -0.121223 0.021433 -0.345480 -0.131936 -0.140278 0.114378 -0.070848 0.199288 -0.021081 -0.072974 -0.115723 0.109919 -0.190439 0.052758 0.285848 -0.381449 -0.274913 -0.182960 -0.243263 -0.013743
0.158585 -0.469123 0.776707 0.294677 0.238723 -0.114556 1.000000 0.274019 0.422508 0.117100 0.306889 -0.096631 0.297777 -0.119509 0.245429 -0.011971 -0.297947 -0.419400 0.225015 -0.121652 0.206275 0.080470 0.490276 0.385789 -0.023943 -0.018744 -0.187822 -0.185101 -0.045584 -0.280081 0.135021 0.324604 -0.029747 0.067141 0.286218 0.197052 -0.219097 -0.291721 0.003191 -0.353219 -0.017861 -0.145370 0.275514 0.082512 0.390243 0.224428 -0.083018 -0.293010 0.248349 -0.185410 0.448224 -0.251809 -0.247327 -0.101422 -0.100980 -0.392524 -0.542827 -0.482093 -0.294465 -0.407310 -0.237499 -0.357557 -0.252416 -0.357347 0.317428 -0.049706 0.260015 0.129383 0.076482 0.317894 0.056647 0.154650 -0.187995 -0.407612 -0.188003 -0.107333 -0.093041 -0.096083 -0.118677 -0.388327 -0.299378 -0.312648 0.271169 -0.052180 0.126750 -0.279950 0.276972 0.123021 0.362555 -0.210952 0.094780 -0.333384 0.208738 0.246763 0.043441 -0.220970 -0.182177 -0.295700 -0.208881 -0.517551 -0.125112 0.064295 -0.399351 -0.177877 0.028460 0.110072 -0.176026 -0.426623 0.056324 -0.285738 -0.115492 -0.157327 -0.179770 -0.126305 0.159561 0.117790
-0.114294 -0.077201 0.301047 0.530272 0.146858 -0.072091 0.274019 1.000000 0.286575 0.624617 0.042403 0.232989 0.033911 0.322778 -0.165094 -0.016616 -0.505627 -0.488229 -0.068964 -0.170549 -0.060215 -0.073789 0.059154 0.272271 -0.064117 0.121731 -0.144827 -0.166528 -0.525223 -0.192106 -0.198267 0.407681 -0.352922 -0.090918 0.020501 0.496303 -0.444675 -0.218274 -0.346769 -0.188058 -0.293742 -0.237293 0.054554 0.150567 0.152065 0.448366 -0.167179 -0.156888 0.154585 0.035307 0.261251 0.255126 -0.419130 -0.164591 -0.314865 -0.228361 -0.463141 -0.487047 -0.537846 0.018657 -0.480246 -0.160318 -0.455364 -0.453769 0.194739 0.559943 -0.144850 0.441691 -0.075069 0.548930 -0.050632 0.003345 -0.371748 -0.227946 -0.195173 0.014983 -0.093377 0.234859 -0.368473 -0.353818 -0.464394 -0.524053 -0.085077 -0.087175 -0.379978 -0.228404 -0.022749 0.195386 0.067602 -0.073807 -0.123364 -0.109441 0.353036 0.282149 -0.195409 -0.064620 -0.299710 0.012719 -0.351880 -0.236244 0.180527 -0.012557 -0.055109 -0.135128 0.090315 -0.032720 0.055605 0.038842 -0.082864 -0.039474 0.127331 -0.324659 -0.165711 -0.217935 -0.131971 0.153709
0.391479 -0.209952 0.574770 0.374683 0.529300 0.200712 0.422508 0.286575 1.000000 0.453684 0.606209 0.187898 0.607039 0.070860 0.642628 0.422351 -0.190622 -0.361970 0.264004 -0.082842 -0.071551 -0.020259 0.552335 0.502711 0.132286 0.087658 0.082611 0.172085 -0.045100 -0.398557 -0.153720 -0.028478 -0.152682 -0.293000 0.049879 0.131524 -0.308552 -0.258035 -0.084165 -0.023485 -0.152338 -0.267963 -0.006615 -0.113023 -0.015926 0.060291 -0.352627 -0.339921 0.379396 -0.340143 0.628769 -0.060063 -0.277351 -0.099042 -0.220085 -0.347399 -0.306545 -0.334115 -0.337701 -0.235256 -0.335348 -0.422015 -0.251549 -0.374160 0.217240 0.196845 -0.181037 -0.143944 -0.188179 0.224973 -0.077304 -0.155997 -0.223121 -0.399988 -0.196660 -0.018345 -0.160352 -0.194036 -0.116444 -0.199047 -0.352411 -0.260545 0.108554 -0.288004 0.098343 -0.237801 0.441059 0.023690 0.391705 0.077677 0.332326 -0.016416 0.218220 0.434187 0.064195 -0.231730 -0.178194 -0.101630 -0.226051 -0.373874 0.031429 0.307019 -0.285953 0.071106 0.057156 -0.004295 -0.089227 -0.381331 -0.109430 0.074169 0.086160 -0.437469 -0.319380 -0.339603 0.104819 0.161536
0.177141 0.106848 0.138178 0.216041 0.464265 0.121183 0.117100 0.624617 0.453684 1.000000 0.286280 0.290224 0.314664 0.457009 0.162183 0.349238 -0.143465 -0.135687 0.078397 -0.033412 -0.043351 -0.020475 0.007287 0.057605 0.048075 0.002990 0.102486 -0.021004 -0.135385 0.062620 -0.278418 -0.091317 -0.235087 -0.086344 -0.249917 0.102113 -0.283756 -0.088109 -0.268206 -0.040216 -0.188665 -0.129555 -0.201529 -0.192191 -0.034385 0.135435 -0.253149 -0.260452 0.394318 0.034470 0.261538 0.204513 -0.272342 -0.042706 -0.258220 -0.256426 -0.124742 -0.180244 -0.315596 -0.024820 -0.267637 -0.071554 -0.185566 -0.252858 0.346508 0.432261 -0.354579 -0.026244 -0.257793 0.117750 -0.097846 -0.106731 -0.099184 -0.028852 -0.126545 0.104243 -0.110086 -0.010681 -0.048984 -0.086673 -0.260312 -0.186097 -0.124687 -0.074318 -0.361563 -0.261191 -0.092641 -0.043826 -0.059812 -0.073803 0.187038 0.049291 0.382323 0.322032 -0.249792 -0.004454 -0.333235 -0.123318 -0.212994 -0.256242 0.391405 0.311206 0.173819 0.166429 0.176427 -0.065991 0.032919 -0.221386 -0.120955 0.156649 -0.087398 -0.304871 -0.233245 -0.020626 0.006164 0.116346
0.651110 -0.012765 0.415066 0.222613 0.348713 0.061104 0.306889 0.042403 0.606209 0.286280 1.000000 0.320349 0.692093 -0.033165 0.559647 0.125907 -0.005632 -0.229019 0.252491 0.008336 -0.092757 -0.082723 0.488871 0.374875 0.073089 0.024920 0.007997 0.112115 0.253067 -0.332843 -0.034464 -0.023342 -0.054711 -0.142584 -0.068119 -0.140179 -0.373263 -0.369997 -0.172302 -0.147583 -0.101273 -0.267470 -0.086242 -0.170727 0.013229 -0.051724 -0.361997 -0.496523 0.426953 -0.243314 0.555841 -0.091014 -0.350956 -0.151937 -0.033962 -0.341077 -0.227421 -0.237352 -0.306989 -0.215232 -0.208843 -0.313433 -0.144845 -0.345139 0.289560 0.192047 -0.001846 -0.180587 -0.123703 0.185080 -0.119613 -0.057694 -0.260421 -0.467473 -0.302807 -0.111048 -0.241429 -0.349496 -0.215297 -0.266801 -0.340906 -0.305798 0.381475 -0.170790 0.286396 -0.170027 0.418266 -0.012253 0.446250 0.109664 0.279307 -0.158045 0.152609 0.511202 0.052416 -0.205258 -0.089427 -0.200969 -0.160771 -0.357970 0.178458 0.523847 -0.123757 0.259966 0.077297 0.040073 0.066120 -0.237369 -0.044324 -0.020831 -0.058150 -0.340400 -0.463492 -0.227807 0.009183 0.020374
-0.016974 0.306922 -0.157122 0.039634 0.077790 -0.050291 -0.096631 0.232989 0.187898 0.290224 0.320349 1.000000 0.263891 0.473608 0.146358 0.220675 -0.037604 -0.000758 -0.141838 -0.217867 -0.127583 -0.067965 -0.042715 0.071354 -0.086947 -0.069372 0.003515 -0.022831 -0.052160 0.118719 -0.226531 -0.030434 -0.269867 -0.065104 -0.141454 0.063498 -0.274491 -0.028129 -0.209440 0.197128 -0.017054 -0.056587 -0.131927 0.021714 -0.179075 0.109024 -0.016448 0.036802 -0.058210 0.135229 0.019272 0.346743 -0.125940 0.115187 0.037481 0.057772 -0.097344 -0.173223 -0.311787 0.038827 -0.198176 0.003801 -0.187749 -0.120539 0.075758 0.508705 -0.369998 0.012144 -0.359137 0.060429 -0.067467 -0.116649 -0.183540 -0.091237 -0.199838 0.105535 -0.224801 0.031584 -0.148479 -0.140434 -0.266496 -0.268447 0.125045 0.259731 -0.066649 0.232421 0.156777 0.198511 0.057697 0.279619 -0.012831 0.096645 0.053497 0.021577 -0.049626 0.145910 -0.109900 0.065935 -0.064287 0.114192 0.336875 0.222483 0.166706 0.067135 -0.017543 -0.277865 -0.012785 -0.136289 -0.008027 0.234107 -0.112209 0.054509 -0.134386 -0.131738 0.078662 0.036478
0.588251 -0.040846 0.287974 -0.050367 0.508694 0.175716 0.297777 0.033911 0.607039 0.314664 0.692093 0.263891 1.000000 0.313237 0.569841 0.383864 0.119977 -0.099724 0.116006 -0.274688 0.074245 0.060516 0.249902 0.111249 0.138429 0.074300 0.187613 0.148284 0.417307 -0.053053 -0.051845 -0.148252 -0.151218 -0.190169 -0.042378 -0.132768 -0.166726 -0.277069 -0.163892 0.008755 -0.088445 -0.168252 -0.203092 -0.295482 0.035737 -0.152732 -0.368169 -0.316541 0.495848 -0.350022 0.539120 -0.106266 -0.277626 -0.145775 -0.300909 -0.321997 -0.177599 -0.184852 -0.247376 -0.317264 -0.036078 -0.103847 0.075352 -0.107366 0.542192 0.172543 -0.164832 -0.315478 -0.255605 -0.016456 -0.128776 -0.190108 0.036996 -0.357535 -0.274117 0.006359 -0.316345 -0.445404 0.079118 0.054665 -0.160200 -0.017590 0.108325 0.025394 0.051778 -0.180840 0.178742 -0.193809 0.178554 -0.233517 0.374545 -0.119098 0.139477 0.296187 0.150799 -0.052611 -0.043521 -0.091554 -0.045676 -0.139368 0.133086 0.433802 -0.030020 0.275992 0.169827 0.018175 0.025279 -0.394106 0.023993 0.124736 -0.091232 -0.148341 -0.289430 0.014280 0.127425 0.042076
0.004947 0.537950 -0.365618 -0.409706 0.113008 -0.254571 -0.119509 0.322778 0.070860 0.457009 -0.033165 0.473608 0.313237 1.000000 -0.066192 0.299793 0.223284 0.301612 -0.377569 -0.355734 -0.028667 -0.056589 -0.564926 -0.508457 -0.394138 -0.333016 -0.022787 -0.313022 0.143128 0.487392 -0.517995 -0.355805 -0.186360 0.247455 -0.185080 0.015978 -0.005613 0.126516 -0.269934 0.067944 0.041124 0.060113 -0.221151 -0.263363 -0.058862 0.079525 -0.119269 0.100266 0.170100 0.253596 -0.137738 0.407142 0.068259 0.025763 -0.372676 0.053931 0.174170 0.110185 -0.086374 0.022950 0.206256 0.570714 0.221238 0.300961 0.510953 0.507414 -0.524190 -0.159481 -0.299256 -0.112547 -0.274190 -0.202130 0.259297 0.082306 -0.002776 0.200542 -0.233130 -0.100663 0.177028 0.142087 0.092055 0.198918 -0.225572 0.356723 -0.532780 0.034160 -0.346841 -0.055223 -0.477676 -0.248970 0.226863 0.164999 0.129438 -0.150913 -0.125754 0.263579 -0.037253 0.057455 0.310132 0.244622 0.415780 0.078945 0.444038 0.040614 0.211024 -0.172133 0.074591 -0.121175 0.083799 0.107611 -0.336998 0.275859 0.124227 0.234219 0.153350 0.100989
0.455077 -0.130545 0.381778 0.190757 0.351127 0.226308 0.245429 -0.165094 0.642628 0.162183 0.559647 0.146358 0.569841 -0.066192 1.000000 0.507698 0.197682 -0.022656 0.413181 0.134748 0.014112 0.082941 0.511339 0.306922 0.215677 0.097504 0.177991 0.292165 0.364167 -0.197673 0.136151 -0.079304 -0.100954 -0.194163 -0.131248 -0.335326 0.007718 -0.128990 0.041648 0.026230 -0.026206 0.010391 -0.164030 -0.338298 -0.300431 -0.385237 -0.284849 -0.302727 0.185185 -0.449034 0.304635 -0.376011 -0.073735 0.168278 0.000531 -0.311725 -0.034949 -0.042183 -0.024843 -0.288013 0.010186 -0.294284 0.070106 -0.083100 0.301113 -0.170764 -0.144923 -0.459661 -0.118619 -0.142419 0.020254 -0.113932 0.031318 -0.086775 -0.065034 0.053401 -0.078495 -0.364350 0.175362 0.116462 -0.019304 0.084125 0.422251 0.103191 0.417318 -0.105362 0.371040 -0.029214 0.436677 0.154817 0.280719 0.031252 -0.003907 0.151216 0.013175 -0.199837 -0.045125 -0.306925 0.018882 -0.267641 -0.101288 0.276613 -0.193304 0.133207 -0.104539 -0.165087 -0.184464 -0.413475 -0.132676 0.104325 -0.094872 -0.159552 -0.063572 -0.168616 0.019471 -0.140989
0.229673 0.013176 0.083823 0.060970 0.572512 0.482676 -0.011971 -0.016616 0.422351 0.349238 0.125907 0.220675 0.383864 0.299793 0.507698 1.000000 0.043082 0.127076 0.191319 0.072966 0.319663 0.383032 0.150075 0.126360 0.292601 0.194989 0.561010 0.421970 0.256849 0.106489 0.062956 -0.215268 -0.248246 -0.246771 -0.311565 -0.193025 -0.075278 -0.170157 0.010666 0.187688 -0.191786 0.081325 -0.256137 -0.231328 -0.224877 -0.218910 -0.161188 -0.145658 0.048466 -0.153084 0.054672 -0.156428 0.110810 0.184692 -0.131925 -0.108709 0.097017 -0.126712 0.035314 -0.096831 0.103698 -0.016464 0.206321 0.050310 0.142984 -0.046650 -0.320723 -0.400471 -0.138241 -0.074875 0.147047 0.040370 0.274208 0.180186 -0.160690 0.203395 -0.028925 -0.093874 0.244336 0.169374 -0.055811 0.107942 -0.073236 0.266270 -0.111929 -0.010612 -0.074326 -0.173275 -0.048161 0.040719 0.202375 0.030805 -0.055052 -0.176652 -0.076380 -0.174885 -0.147833 -0.216644 -0.014048 -0.166840 -0.126586 0.042827 -0.137789 0.077001 -0.071936 -0.224150 -0.173969 -0.182905 -0.207101 0.224543 -0.163777 -0.150249 -0.155153 -0.143340 -0.040585 -0.025742
0.122648 0.431975 -0.474169 -0.561114 -0.193715 -0.231119 -0.297947 -0.505627 -0.190622 -0.143465 -0.005632 -0.037604 0.119977 0.223284 0.197682 0.043082 1.000000 0.770682 -0.105003 0.004177 -0.066725 -0.148938 -0.452774 -0.554975 -0.290257 -0.416673 -0.066007 -0.214266 0.643753 0.560117 -0.191458 -0.502082 0.232191 0.446373 -0.205216 -0.568727 0.529015 0.416042 0.088458 0.058768 0.428151 0.354407 -0.439169 -0.585290 -0.332243 -0.556877 -0.143934 -0.104601 0.012613 0.017773 -0.360164 -0.129923 0.359426 0.096988 -0.006905 -0.077261 0.643882 0.784272 0.408121 0.042914 0.585598 0.469494 0.686235 0.762960 0.315956 -0.177843 -0.167978 -0.441420 -0.137435 -0.554808 -0.137811 -0.141882 0.645030 0.333994 0.486543 0.168638 0.089020 -0.223789 0.570973 0.493097 0.709860 0.723685 0.065979 0.245262 0.066114 0.037389 -0.209716 -0.193818 -0.358263 -0.145318 0.256859 0.276338 -0.080499 -0.248327 0.004534 0.249404 0.085534 -0.201630 0.411983 0.280674 0.214276 0.044561 0.421113 0.036505 -0.117593 -0.111416 0.027573 -0.207640 0.116654 0.111378 -0.447152 0.447927 0.254947 0.378043 0.195106 -0.155545
-0.099753 0.517210 -0.591290 -0.589794 -0.132941 -0.180224 -0.419400 -0.488229 -0.361970 -0.135687 -0.229019 -0.000758 -0.099724 0.301612 -0.022656 0.127076 0.770682 1.000000 -0.099325 0.035035 0.070990 0.003216 -0.572969 -0.662297 -0.240816 -0.417029 0.066933 -0.200053 0.519833 0.750962 -0.184207 -0.573855 0.183479 0.474675 -0.328528 -0.453301 0.501095 0.469905 0.207754 0.124939 0.370393 0.447196 -0.312115 -0.473067 -0.261326 -0.407304 0.054988 0.054422 -0.108279 0.188109 -0.539074 -0.053170 0.452369 0.202650 0.013957 0.114934 0.653984 0.736087 0.436021 0.090211 0.560853 0.574238 0.600327 0.741261 0.134442 -0.195514 -0.271424 -0.478347 -0.118035 -0.552917 0.025730 -0.051684 0.697023 0.509918 0.404695 0.329998 0.185613 -0.006824 0.470436 0.474417 0.644407 0.762469 -0.154004 0.353140 -0.129896 0.065075 -0.420428 -0.244977 -0.552029 -0.165937 0.126535 0.336741 -0.125104 -0.388335 -0.108207 0.204285 0.070838 -0.113706 0.397303 0.381419 0.124334 -0.062165 0.400528 0.011264 -0.133044 -0.122147 -0.069407 -0.088647 -0.006078 0.178917 -0.421304 0.558183 0.399066 0.418237 0.145220 -0.114362
0.291072 -0.110348 0.420109 0.465871 0.150557 0.151257 0.225015 -0.068964 0.264004 0.078397 0.252491 -0.141838 0.116006 -0.377569 0.413181 0.191319 -0.105003 -0.099325 1.000000 0.644010 0.004345 0.021134 0.447691 0.349181 0.174839 0.034840 -0.000052 0.100666 0.106494 -0.257086 0.317285 0.026954 0.125131 -0.211815 -0.060488 -0.343659 -0.135686 -0.134674 0.032549 -0.236639 -0.032385 -0.172451 -0.244351 -0.284490 -0.140568 -0.316407 -0.162702 -0.431545 0.010454 -0.304467 0.036787 -0.601292 0.082208 0.025291 0.119726 -0.346430 -0.119245 -0.150977 0.182052 0.027931 -0.029357 -0.296535 -0.069781 -0.136321 0.057804 -0.314098 0.237556 -0.102204 0.350839 0.016720 0.044114 -0.119350 -0.104166 -0.150547 -0.071897 -0.123382 0.103833 -0.060244 -0.099005 -0.225653 -0.006471 -0.076898 0.330680 0.042591 0.332496 -0.277098 0.200545 0.044679 0.428277 0.095584 0.134802 -0.066214 0.306817 0.363191 -0.039350 -0.344986 -0.164330 -0.226520 -0.291288 -0.318351 -0.280157 0.075377 -0.496244 0.001933 -0.320360 -0.048202 -0.309402 -0.188523 -0.326510 0.251497 0.064131 -0.181005 -0.077010 -0.185833 -0.288933 -0.241528
0.126800 0.121853 0.040473 0.262551 -0.026974 0.111300 -0.121652 -0.170549 -0.082842 -0.033412 0.008336 -0.217867 -0.274688 -0.355734 0.134748 0.072966 0.004177 0.035035 0.644010 1.000000 -0.077859 0.023467 0.175970 0.127053 0.099782 0.006892 0.030029 0.110912 0.048991 -0.140043 0.129591 -0.054712 0.122302 -0.121016 -0.152666 -0.359660 -0.070245 -0.033010 0.085544 -0.071228 -0.005165 -0.030032 -0.290630 -0.198718 -0.325463 -0.308702 0.016383 -0.217124 -0.208598 -0.142489 -0.306340 -0.367838 0.152051 0.057076 0.181717 0.003236 0.148012 -0.012739 0.323019 0.289853 0.082142 -0.118119 0.006564 -0.002741 -0.176700 -0.269454 0.122042 -0.070815 0.419873 0.042516 0.073759 -0.034045 -0.035133 0.104886 0.096620 -0.048542 0.307085 0.144225 -0.063289 -0.174483 0.108944 -0.000191 0.305224 0.155778 0.201458 -0.061898 0.111653 0.247215 0.254100 0.287560 -0.018387 0.047599 0.037514 0.175721 -0.140069 -0.215969 -0.054443 -0.100600 -0.099683 -0.173420 -0.238401 -0.094881 -0.295928 -0.043956 -0.280998 -0.177676 -0.180501 0.143492 -0.310622 0.205138 0.077897 -0.071259 0.091198 -0.181195 -0.432256 -0.357175
0.027756 -0.313879 0.200665 -0.036475 0.420473 0.281964 0.206275 -0.060215 -0.071551 -0.043351 -0.092757 -0.127583 0.074245 -0.028667 0.014112 0.319663 -0.066725 0.070990 0.004345 -0.077859 1.000000 0.617328 0.087861 0.001761 0.335675 0.255383 0.530512 0.269677 0.223404 0.227107 0.310810 0.090246 -0.154691 0.040859 -0.230155 -0.038522 0.089486 -0.326715 0.193262 -0.063385 -0.157457 0.200004 -0.001554 -0.053695 0.030197 -0.076897 0.124590 -0.227103 0.019860 -0.080670 -0.045273 -0.200001 -0.092357 -0.046217 0.094159 -0.122723 -0.095552 -0.219374 0.018731 -0.136408 0.031136 0.030321 0.059205 -0.033861 0.032678 -0.221983 0.109090 -0.126438 0.071548 0.066674 0.620055 0.511183 0.217931 0.218507 -0.298395 0.281791 0.171525 0.046185 0.147914 0.163490 -0.070763 0.025471 -0.096836 0.292437 -0.102296 -0.037224 -0.323436 -0.385316 -0.070704 -0.297533 0.011565 -0.236327 -0.048749 -0.177355 -0.152213 -0.252311 -0.155075 -0.325165 -0.051470 -0.257410 -0.162984 -0.007135 -0.128154 -0.077607 -0.099098 -0.057036 -0.058109 0.114750 -0.137800 -0.007029 -0.218465 -0.020872 -0.080452 -0.073916 -0.138204 0.109716
0.024652 -0.251425 0.054262 0.008920 0.391490 0.531727 0.080470 -0.073789 -0.020259 -0.020475 -0.082723 -0.067965 0.060516 -0.056589 0.082941 0.383032 -0.148938 0.003216 0.021134 0.023467 0.617328 1.000000 0.073926 0.042509 0.370140 0.417026 0.626228 0.527749 0.132908 0.224784 0.339431 0.212381 -0.179326 -0.138496 -0.273559 -0.057274 0.088821 -0.253760 0.096568 0.200660 -0.246642 0.271286 -0.073108 -0.078069 -0.120523 -0.062477 0.008802 -0.083583 -0.136786 0.038747 -0.209938 -0.092526 -0.117670 0.075597 -0.070062 -0.056632 -0.051783 -0.184017 0.060827 -0.031757 -0.052686 -0.081847 -0.045982 -0.106699 -0.167164 -0.238637 -0.132765 -0.256410 0.040339 0.035494 0.399973 0.565093 0.158326 0.209874 -0.260431 0.267279 0.051397 0.020591 0.232762 0.322657 -0.001667 0.091182 -0.143690 0.307223 -0.147306 -0.031042 -0.261987 -0.212157 -0.114710 -0.093898 -0.141263 -0.102822 -0.158767 -0.153380 -0.261932 -0.193084 -0.237167 -0.183978 -0.061551 -0.115083 -0.197781 -0.059569 0.000961 0.083028 0.035639 -0.017260 -0.041605 0.114378 -0.005452 -0.114151 -0.204637 -0.042483 -0.004241 0.060759 -0.106131 0.086657
0.299826 -0.613665 0.825377 0.672130 0.311293 0.392368 0.490276 0.059154 0.552335 0.007287 0.488871 -0.042715 0.249902 -0.564926 0.511339 0.150075 -0.452774 -0.572969 0.447691 0.175970 0.087861 0.073926 1.000000 0.890679 0.510258 0.446515 0.167937 0.454882 -0.195053 -0.679570 0.432570 0.433024 -0.184137 -0.446862 0.106930 0.142865 -0.418195 -0.377920 0.003285 -0.069738 -0.275736 -0.268171 0.229117 0.225369 0.079239 0.031765 -0.110338 -0.262720 0.100446 -0.451106 0.603377 -0.339563 -0.356219 -0.092107 0.092945 -0.276167 -0.531447 -0.540416 -0.353104 -0.310691 -0.523142 -0.773795 -0.429338 -0.654500 -0.130193 -0.195579 0.315683 0.108300 0.030392 0.354613 0.240180 0.066987 -0.468831 -0.324958 -0.255448 -0.161977 -0.004377 -0.042823 -0.269583 -0.391111 -0.534706 -0.502973 0.284526 -0.278604 0.515404 -0.100525 0.564383 0.098641 0.746819 0.198505 -0.009809 -0.292141 0.012296 0.384597 0.114479 -0.402811 -0.107969 -0.150688 -0.461022 -0.475334 -0.297029 0.207620 -0.621279 0.007291 -0.203353 0.038351 -0.185981 -0.158049 -0.161403 -0.045417 0.330958 -0.516603 -0.336677 -0.512836 -0.178773 -0.053063
0.159171 -0.580208 0.730013 0.824673 0.203134 0.416489 0.385789 0.272271 0.502711 0.057605 0.374875 0.071354 0.111249 -0.508457 0.306922 0.126360 -0.554975 -0.662297 0.349181 0.127053 0.001761 0.042509 0.890679 1.000000 0.425053 0.527477 0.100949 0.468110 -0.415901 -0.712163 0.357133 0.599156 -0.234311 -0.490447 0.135397 0.301922 -0.467908 -0.372939 -0.052034 0.033249 -0.259332 -0.242431 0.182181 0.355251 0.064674 0.151523 -0.149246 -0.220246 -0.021473 -0.394042 0.547981 -0.194671 -0.430169 -0.169733 0.054985 -0.215237 -0.559579 -0.618667 -0.449424 -0.219470 -0.643245 -0.814107 -0.510419 -0.705070 -0.254206 0.006420 0.231116 0.275801 -0.019482 0.439872 0.197364 0.083009 -0.562377 -0.317409 -0.193599 -0.070707 0.022794 0.145370 -0.366381 -0.462056 -0.592100 -0.634386 0.189076 -0.266530 0.361800 -0.057255 0.563743 0.238847 0.694252 0.293489 -0.149426 -0.294450 0.003751 0.348858 0.160183 -0.304529 -0.126482 -0.002199 -0.578118 -0.393400 -0.230236 0.102738 -0.604618 -0.101316 -0.221552 -0.037995 -0.171281 -0.056791 -0.131537 0.039145 0.441155 -0.603354 -0.427950 -0.581846 -0.171182 0.052095
0.114235 -0.568814 0.337583 0.320483 0.499389 0.794358 -0.023943 -0.064117 0.132286 0.048075 0.073089 -0.086947 0.138429 -0.394138 0.215677 0.292601 -0.290257 -0.240816 0.174839 0.099782 0.335675 0.370140 0.510258 0.425053 1.000000 0.785150 0.697078 0.784560 -0.018172 -0.222473 0.644567 0.284004 -0.241901 -0.468707 0.021037 0.131719 -0.198180 -0.250438 0.078412 0.154962 -0.409397 -0.095670 0.096439 0.267082 0.060395 -0.075891 0.093916 0.038261 -0.012537 -0.412808 0.370775 -0.188410 -0.314183 -0.064338 0.109206 -0.060759 -0.189255 -0.274360 -0.231924 -0.179528 -0.413421 -0.519194 -0.253237 -0.406360 -0.183463 -0.203183 0.194102 0.108729 -0.085705 0.065325 0.336634 0.142035 -0.062987 0.049966 -0.231493 -0.133384 -0.035176 -0.095745 0.011734 0.055165 -0.351988 -0.192688 -0.270193 -0.165382 0.213734 0.077959 -0.060135 -0.376753 0.273057 -0.006237 -0.307191 -0.275869 -0.213946 0.021245 -0.005559 -0.319145 -0.099714 -0.070705 -0.482403 -0.268427 -0.270351 0.131091 -0.219648 0.136907 -0.176880 -0.061340 -0.123404 0.134303 -0.270886 0.072069 0.412062 -0.369314 -0.244857 -0.240308 -0.299301 -0.068778
0.039801 -0.575966 0.310463 0.445242 0.363401 0.812459 -0.018744 0.121731 0.087658 0.002990 0.024920 -0.069372 0.074300 -0.333016 0.097504 0.194989 -0.416673 -0.417029 0.034840 0.006892 0.255383 0.417026 0.446515 0.527477 0.785150 1.000000 0.623514 0.833851 -0.244992 -0.349261 0.628946 0.602073 -0.324510 -0.540694 -0.012796 0.256432 -0.240487 -0.334964 -0.005661 0.318781 -0.440394 0.005126 0.078532 0.352327 -0.002280 0.036062 -0.092748 0.078884 -0.071721 -0.342069 0.344268 -0.021996 -0.402193 -0.150770 -0.000498 0.060918 -0.308113 -0.392787 -0.378115 -0.223710 -0.528046 -0.558124 -0.421951 -0.529704 -0.221915 -0.022762 0.097950 0.134782 -0.093386 0.138831 0.255030 0.236293 -0.279836 -0.011681 -0.278655 -0.097301 -0.090651 -0.050350 -0.062917 -0.019123 -0.475805 -0.392266 -0.248513 -0.094245 0.079715 0.086809 -0.015837 -0.233765 0.249649 0.013225 -0.454471 -0.362667 -0.235463 0.001684 0.073496 -0.113514 0.022245 0.233269 -0.455160 -0.138318 -0.102396 0.013099 -0.141049 0.122574 -0.017676 -0.003888 0.001065 0.218144 -0.027958 0.006975 0.475663 -0.393427 -0.306297 -0.236799 -0.156874 0.118094
0.216203 -0.218088 0.057856 0.016268 0.700523 0.822116 -0.187822 -0.144827 0.082611 0.102486 0.007997 0.003515 0.187613 -0.022787 0.177991 0.561010 -0.066007 0.066933 -0.000052 0.030029 0.530512 0.626228 0.167937 0.100949 0.697078 0.623514 1.000000 0.778613 0.152060 0.107575 0.443506 0.020887 -0.252644 -0.273755 -0.291907 -0.069599 -0.124357 -0.267523 0.080322 0.286410 -0.499331 0.244682 -0.134001 -0.019322 -0.161676 -0.196627 0.000168 0.009348 0.001597 -0.117216 0.057029 -0.047102 -0.117194 0.060019 0.024173 0.051509 0.073163 -0.098822 -0.060074 -0.162757 -0.072458 -0.104319 -0.009136 -0.104924 -0.042999 -0.185001 -0.163214 -0.302800 -0.095573 -0.131155 0.374266 0.236167 0.193397 0.255933 -0.298569 0.070836 -0.034426 -0.161228 0.189745 0.286618 -0.187474 0.015548 -0.360964 0.152243 -0.060159 0.030054 -0.327430 -0.551836 -0.104080 -0.079570 -0.146786 -0.084105 -0.252042 -0.133736 -0.182800 -0.248945 -0.116582 -0.042878 -0.091926 -0.064330 -0.063821 0.164535 0.127356 0.294526 0.064397 -0.024916 0.038579 0.227942 -0.212543 0.027217 0.020344 -0.200915 -0.151926 -0.026114 -0.190072 -0.024171
0.233827 -0.415082 0.198632 0.301677 0.446664 0.926104 -0.185101 -0.166528 0.172085 -0.021004 0.112115 -0.022831 0.148284 -0.313022 0.292165 0.421970 -0.214266 -0.200053 0.100666 0.110912 0.269677 0.527749 0.454882 0.468110 0.784560 0.833851 0.778613 1.000000 -0.026395 -0.229685 0.556677 0.323618 -0.214214 -0.507927 -0.103111 0.016610 -0.093763 -0.242273 0.095986 0.432543 -0.397355 0.136201 -0.055059 0.186782 -0.206241 -0.193314 -0.047942 0.069121 -0.122862 -0.327883 0.217230 -0.058808 -0.255672 -0.013313 0.116431 0.043981 -0.017936 -0.211693 -0.144700 -0.176605 -0.341234 -0.491671 -0.198174 -0.363502 -0.292060 -0.175732 -0.041163 -0.141525 -0.077072 -0.048997 0.241438 0.198944 -0.065608 0.134838 -0.185622 0.032413 -0.037721 -0.122561 0.099385 0.182694 -0.271051 -0.144327 -0.268094 -0.034872 0.152043 0.124971 -0.001985 -0.273969 0.228374 0.152433 -0.274763 -0.210570 -0.391037 -0.092021 0.046464 -0.193954 0.004793 0.096327 -0.282878 -0.059062 -0.181113 0.088866 -0.112690 0.183456 -0.071192 -0.140570 -0.054871 0.186463 -0.130997 0.078482 0.330629 -0.341552 -0.255093 -0.210229 -0.231736 -0.022488
0.424413 0.248830 -0.187031 -0.491982 0.114009 -0.074676 -0.045584 -0.525223 -0.045100 -0.135385 0.253067 -0.052160 0.417307 0.143128 0.364167 0.256849 0.643753 0.519833 0.106494 0.048991 0.223404 0.132908 -0.195053 -0.415901 -0.018172 -0.244992 0.152060 -0.026395 1.000000 0.454194 0.018277 -0.380799 0.185968 0.253288 -0.138155 -0.571446 0.343032 0.016937 0.047023 -0.053292 0.299788 0.159791 -0.343515 -0.561309 -0.211114 -0.557089 -0.128552 -0.241521 0.181575 -0.128403 -0.173580 -0.352734 0.196487 0.003368 0.008253 -0.137490 0.360593 0.302763 0.364927 -0.142323 0.516442 0.313942 0.570025 0.441352 0.370055 -0.372559 -0.070497 -0.542807 0.028601 -0.463197 0.007782 0.101083 0.667478 0.178783 0.113540 0.272266 0.055667 -0.299860 0.453751 0.354058 0.496097 0.537338 0.144515 0.388297 0.094455 -0.123242 -0.173160 -0.293700 -0.179930 -0.293257 0.306987 0.008718 -0.080447 -0.107418 0.034461 0.043949 0.139022 -0.289136 0.382816 0.018098 -0.021386 0.157289 0.157938 0.211561 0.003462 -0.047183 -0.010634 -0.218731 0.018005 -0.006113 -0.436215 0.368543 0.008701 0.278937 0.073311 -0.093671
-0.191390 0.346923 -0.572594 -0.628551 -0.032824 -0.194442 -0.280081 -0.192106 -0.398557 0.062620 -0.332843 0.118719 -0.053053 0.487392 -0.197673 0.106489 0.560117 0.750962 -0.257086 -0.140043 0.227107 0.224784 -0.679570 -0.712163 -0.222473 -0.349261 0.107575 -0.229685 0.454194 1.000000 -0.196323 -0.374407 0.006214 0.441045 -0.303384 -0.274853 0.489928 0.364936 0.079010 0.143704 0.323150 0.510188 -0.293961 -0.400639 -0.190147 -0.243057 0.060825 0.104462 -0.085350 0.239950 -0.569449 0.049214 0.283369 0.086086 -0.071024 0.102964 0.420887 0.517003 0.271200 0.015999 0.465120 0.599611 0.541149 0.622835 0.230354 -0.112975 -0.422861 -0.399911 -0.144586 -0.453908 0.076362 0.134560 0.721377 0.547609 0.286164 0.423169 0.067696 0.043280 0.461773 0.560336 0.560569 0.648703 -0.301556 0.495920 -0.430293 0.005122 -0.556529 -0.216985 -0.706807 -0.334970 0.121886 0.263016 0.017035 -0.317111 -0.198067 0.332417 -0.021213 -0.055663 0.404285 0.361850 0.258855 -0.008425 0.530401 0.059861 0.075436 -0.134888 -0.002686 -0.126825 0.101359 0.108236 -0.481037 0.652551 0.399781 0.573035 0.237087 0.042671
-0.032442 -0.530759 0.361204 0.283209 0.253867 0.542885 0.135021 -0.198267 -0.153720 -0.278418 -0.034464 -0.226531 -0.051845 -0.517995 0.136151 0.062956 -0.191458 -0.184207 0.317285 0.129591 0.310810 0.339431 0.432570 0.357133 0.644567 0.628946 0.443506 0.556677 0.018277 -0.196323 1.000000 0.513778 -0.050995 -0.241650 -0.017568 -0.051402 0.037366 -0.228550 0.195884 0.091206 -0.128925 0.065831 0.088392 0.175786 0.074013 -0.171483 0.054341 -0.080188 -0.176744 -0.338101 0.098816 -0.456811 -0.144966 -0.001410 0.203602 -0.054314 -0.168842 -0.137100 -0.084583 -0.255498 -0.235790 -0.452063 -0.142429 -0.264154 -0.143438 -0.416515 0.332610 0.068306 0.095933 -0.053339 0.226571 0.179435 -0.058804 0.035759 -0.132902 -0.237497 -0.047549 -0.162137 0.130459 0.100126 -0.120503 -0.080486 0.024232 0.067704 0.328293 0.042396 -0.084240 -0.321774 0.246815 -0.067200 -0.414137 -0.455735 -0.223426 -0.086359 0.105206 -0.300902 0.015857 -0.109036 -0.342085 -0.225093 -0.357116 -0.029768 -0.264952 0.009330 -0.156181 0.020111 -0.160256 0.155627 -0.091199 -0.067203 0.214083 -0.186307 -0.122925 -0.155617 -0.211758 -0.095599
-0.129333 -0.510834 0.431790 0.615016 -0.066916 0.253350 0.324604 0.407681 -0.028478 -0.091317 -0.023342 -0.030434 -0.148252 -0.355805 -0.079304 -0.215268 -0.502082 -0.573855 0.026954 -0.054712 0.090246 0.212381 0.433024 0.599156 0.284004 0.602073 0.020887 0.323618 -0.380799 -0.374407 0.513778 1.000000 -0.241995 -0.191997 0.174702 0.415046 -0.226417 -0.300118 -0.047638 0.098937 -0.154507 -0.048012 0.176080 0.401431 0.094801 0.232387 -0.136853 -0.023480 -0.216924 -0.205429 0.214365 -0.033967 -0.446849 -0.228438 -0.076485 -0.032410 -0.504302 -0.504434 -0.482469 -0.192351 -0.604988 -0.586900 -0.534370 -0.592680 -0.199842 0.074321 0.151834 0.383123 0.073735 0.363211 0.096107 0.250571 -0.415582 -0.212342 -0.130712 -0.036269 -0.063658 0.153386 -0.231478 -0.261822 -0.385237 -0.482136 0.083343 0.042490 0.129734 0.018660 0.148489 0.202659 0.380653 -0.008216 -0.524274 -0.435648 -0.107241 0.070860 0.147772 -0.036111 0.006712 0.164905 -0.486793 -0.160463 -0.165853 -0.189452 -0.303508 -0.184529 -0.082936 -0.001297 -0.100502 0.117783 0.182610 -0.195746 0.311657 -0.250949 -0.218128 -0.244197 -0.169957 0.066979
0.223130 0.260906 -0.106891 -0.302703 -0.200279 -0.247882 -0.029747 -0.352922 -0.152682 -0.235087 -0.054711 -0.269867 -0.151218 -0.186360 -0.100954 -0.248246 0.232191 0.183479 0.125131 0.122302 -0.154691 -0.179326 -0.184137 -0.234311 -0.241901 -0.324510 -0.252644 -0.214214 0.185968 0.006214 -0.050995 -0.241995 1.000000 0.569400 0.067318 -0.410870 0.217409 0.083750 0.122711 -0.199147 0.306549 -0.014528 -0.118686 -0.236964 -0.083237 -0.298080 0.020409 -0.087110 0.094802 0.075091 -0.152923 -0.147145 0.444499 -0.038846 0.045859 -0.011735 0.401252 0.298802 0.400205 -0.000675 0.404164 0.089006 0.216143 0.227834 0.025205 -0.271118 0.205280 -0.148132 0.129532 -0.213639 -0.266003 -0.023407 0.213529 -0.031898 0.264644 -0.115317 0.153156 -0.197593 0.058339 -0.159943 0.344644 0.240356 0.037747 0.015036 0.207330 -0.074262 -0.083310 -0.035899 0.062451 0.003430 0.187778 0.098840 -0.118383 0.006314 0.085561 -0.051974 0.123345 0.003450 0.276387 0.063743 -0.094068 -0.057904 -0.029389 0.036372 -0.012200 0.130823 -0.013256 0.115449 -0.043273 -0.104145 -0.138507 0.141949 0.072309 0.146879 0.012209 -0.159230
-0.004084 0.392293 -0.225458 -0.450419 -0.208317 -0.513273 0.067141 -0.090918 -0.293000 -0.086344 -0.142584 -0.065104 -0.190169 0.247455 -0.194163 -0.246771 0.446373 0.474675 -0.211815 -0.121016 0.040859 -0.138496 -0.446862 -0.490447 -0.468707 -0.540694 -0.273755 -0.507927 0.253288 0.441045 -0.241650 -0.191997 0.569400 1.000000 -0.056412 -0.203422 0.278513 0.239278 0.099874 -0.277752 0.315302 0.276300 -0.076001 -0.297133 -0.075782 -0.124647 0.022863 -0.052261 0.000105 0.142497 -0.308466 -0.017808 0.276513 -0.088705 -0.145087 -0.024562 0.444607 0.442749 0.148756 -0.128142 0.366737 0.378679 0.258420 0.376877 0.285017 0.000716 -0.102271 -0.186105 -0.019584 -0.191120 -0.127674 0.092177 0.386841 0.172642 0.322067 0.156583 0.157685 -0.018454 0.237268 0.015065 0.452887 0.373352 0.003131 0.275544 -0.024732 -0.141077 -0.344807 -0.071539 -0.253050 -0.317735 0.127748 0.165423 -0.029755 -0.127615 -0.079008 0.022499 0.055138 -0.133459 0.343448 0.126360 0.124375 -0.080899 0.270372 -0.119823 0.045261 0.077242 -0.006502 0.012990 0.087589 -0.188190 -0.385659 0.419324 0.246902 0.307464 0.088352 -0.128424
-0.062213 -0.304310 0.196971 0.090694 -0.243032 -0.087211 0.286218 0.020501 0.049879 -0.249917 -0.068119 -0.141454 -0.042378 -0.185080 -0.131248 -0.311565 -0.205216 -0.328528 -0.060488 -0.152666 -0.230155 -0.273559 0.106930 0.135397 0.021037 -0.012796 -0.291907 -0.103111 -0.138155 -0.303384 -0.017568 0.174702 0.067318 -0.056412 1.000000 0.477775 0.016350 0.110827 0.095982 -0.147774 0.088476 -0.252110 0.379292 0.570873 0.505518 0.363261 0.174208 0.353508 -0.136705 -0.055504 0.295417 0.039322 -0.031781 -0.112555 -0.050772 0.013947 -0.178933 -0.133743 -0.061147 -0.098325 -0.220226 -0.307424 -0.059047 -0.167495 -0.128916 0.029239 0.254054 0.421794 0.141620 0.047645 -0.266495 -0.248741 -0.158828 -0.410350 0.108303 -0.306557 -0.060238 0.045376 -0.101398 -0.169170 -0.015062 -0.093811 -0.092027 -0.331600 0.128044 0.168992 0.177724 0.232407 0.161009 -0.047455 -0.290000 -0.107730 -0.242386 0.029430 0.323241 0.019576 0.303606 0.074040 -0.124834 -0.092990 -0.224459 -0.027120 -0.174797 -0.193027 -0.138970 -0.193562 -0.157613 -0.143403 0.117299 -0.227782 0.396175 0.007813 -0.056287 -0.048329 -0.067353 -0.049351
-0.317621 -0.430619 0.236911 0.285002 0.009250 0.064640 0.197052 0.496303 0.131524 0.102113 -0.140179 0.063498 -0.132768 0.015978 -0.335326 -0.193025 -0.568727 -0.453301 -0.343659 -0.359660 -0.038522 -0.057274 0.142865 0.301922 0.131719 0.256432 -0.069599 0.016610 -0.571446 -0.274853 -0.051402 0.415046 -0.410870 -0.203422 0.477775 1.000000 -0.269473 -0.062775 0.000710 0.061282 -0.206115 -0.174684 0.629463 0.771506 0.547454 0.813278 0.167309 0.347242 -0.079439 0.016873 0.407966 0.402574 -0.463544 -0.225622 -0.148358 0.112307 -0.467086 -0.426937 -0.625853 -0.200466 -0.653507 -0.361551 -0.531547 -0.521197 -0.233839 0.387287 -0.059933 0.497610 -0.105831 0.345386 0.071709 0.010119 -0.439578 -0.213666 -0.156502 -0.041419 -0.063012 0.399694 -0.319425 -0.165213 -0.455592 -0.443219 -0.248539 -0.392757 -0.187038 0.065751 0.110762 0.127146 0.023742 -0.111841 -0.387251 -0.193262 -0.067798 0.056166 0.159063 0.009331 0.049327 0.198272 -0.373368 -0.064515 -0.057740 -0.091538 -0.135302 -0.205480 0.086012 -0.032400 -0.060383 0.068528 0.101270 -0.136702 0.480926 -0.161639 -0.078724 -0.293768 -0.021761 0.195423
