1.000000 0.279841 0.086880 0.118376 -0.049300 0.216228 0.211107 0.110658 -0.078983 0.204689 -0.103070 0.022209 -0.280257 -0.049464 0.054669 -0.176322 0.220073 0.020035 0.011066 0.253048 -0.011878 0.055096 0.258837 0.105893 0.030978 -0.084412 0.290492 -0.001209 -0.091775 -0.119896 -0.279309 -0.543477 -0.243868 -0.324627 -0.227609 -0.085047 0.226228 -0.092337 -0.099078 -0.038334 -0.027925 -0.040788 -0.264184 -0.226717 -0.231075 -0.093487 -0.200979 -0.290512 -0.072735 -0.171320 -0.338242 -0.048296 -0.043770 -0.077158 -0.022921 -0.158298 0.452433 0.178399 0.572797 0.525597 0.239598 0.398202 -0.038212 0.065507 -0.056778 0.126431 0.061981 -0.101303 -0.041118 0.202593 -0.091313 -0.114027 -0.128933 0.005709 -0.025996 0.049181 0.133768 -0.093633 0.127062 -0.241459 0.172031 -0.207321 -0.005144 0.049073 0.091114 0.089069 0.173052 -0.000964 0.076427 0.341031 -0.074134 0.200804 0.084700 0.015760 -0.323453 -0.136091 -0.329883 -0.174559 -0.163441 0.009012 0.223261 0.242185 0.140738 0.001642 0.019844 -0.082952 0.144783 0.215486 -0.154752 -0.400695 -0.450074 -0.252684 -0.263883 0.092314 0.229724 0.182639
0.279841 1.000000 0.252760 0.483950 -0.081685 -0.023255 0.305680 0.484749 -0.122034 0.236547 0.078328 0.538529 0.064250 0.490610 0.234681 0.071383 -0.040271 0.099440 0.201083 0.252397 -0.159116 0.023474 0.286808 0.263720 -0.000522 -0.011673 0.237408 -0.011649 0.070956 -0.068755 -0.131453 -0.074664 -0.224706 0.163400 -0.000391 0.206574 0.181753 -0.089174 -0.179747 -0.196591 0.241512 0.342017 -0.324482 -0.387614 -0.407326 -0.120090 -0.362755 -0.471715 -0.423415 -0.157299 -0.281814 -0.286846 -0.302328 -0.283413 0.028713 -0.399467 0.044998 0.102282 -0.172461 -0.003411 0.130472 0.536870 -0.212647 0.271574 0.342407 0.657791 -0.488702 -0.053594 -0.189217 -0.189377 -0.256172 0.020685 0.078633 0.109682 0.067057 0.221584 -0.137614 -0.118497 0.003173 -0.153615 0.001631 -0.041136 0.011479 0.111706 0.016946 0.042201 0.229312 0.031549 0.150177 0.163375 -0.211854 -0.088493 0.144049 -0.022347 0.051164 0.007685 -0.422215 -0.116117 -0.526641 -0.486514 0.161801 -0.050003 -0.003954 -0.299461 -0.068448 -0.260114 -0.125075 -0.081616 0.029146 -0.275471 -0.315901 -0.244135 -0.277029 0.025701 0.129287 0.089631
0.086880 0.252760 1.000000 0.241482 0.100833 -0.432720 0.699911 0.596013 -0.091334 0.109812 0.003695 0.168852 0.134652 0.267919 0.287460 -0.205748 -0.375737 -0.258028 0.077996 -0.387414 -0.304604 -0.036067 0.353419 0.162869 -0.416042 -0.394215 -0.128322 -0.278541 0.040014 -0.436923 -0.374164 0.115835 -0.126054 -0.013266 0.136827 0.296627 0.191205 -0.508592 -0.107263 -0.337074 0.083752 -0.131592 0.199538 0.119280 0.229602 0.370934 0.071421 -0.001043 -0.096469 0.399317 -0.013432 -0.171062 -0.388901 -0.059536 -0.078020 -0.222724 -0.238105 -0.198481 -0.193097 -0.050980 0.156811 0.293900 -0.498877 -0.066281 0.570110 0.397108 0.007450 0.381086 -0.344912 -0.347411 -0.194896 0.106144 -0.146757 -0.243031 -0.567195 0.092004 -0.431025 -0.223444 -0.168000 -0.480722 -0.429375 -0.511009 0.225493 -0.062444 -0.561871 -0.373922 -0.227253 -0.208149 0.213503 0.025065 0.111919 0.356755 0.165760 0.262164 0.267577 -0.006440 -0.154698 -0.034597 -0.385139 -0.104664 -0.051415 -0.236040 -0.407354 -0.102840 0.082601 0.193597 -0.281214 0.316837 0.004101 -0.179185 0.018984 -0.214311 0.026267 0.236763 0.354830 0.313508
0.118376 0.483950 0.241482 1.000000 -0.206908 0.080601 0.169673 0.527987 0.013264 0.169641 -0.005158 0.522076 -0.083595 0.321852 0.162232 -0.053166 -0.019991 0.215982 0.099932 0.239276 -0.301457 -0.058429 0.457886 0.645928 -0.052997 0.045736 0.044252 0.206054 -0.001547 -0.014630 -0.154958 -0.078825 -0.230352 -0.020549 -0.165033 0.204821 0.321018 -0.147975 0.117133 -0.030181 0.278876 0.301752 -0.422704 -0.483601 -0.434640 -0.062651 -0.425047 -0.518798 -0.426533 -0.239931 -0.340980 -0.374396 -0.485932 -0.352872 0.040974 -0.241996 0.180781 0.064948 -0.109401 -0.033916 -0.060955 0.390246 -0.062843 0.080581 0.116819 0.518194 -0.561884 0.112169 -0.187665 -0.237240 -0.319815 0.088581 0.082473 0.041477 -0.067389 0.122701 -0.198726 -0.068430 -0.028772 0.002058 0.075900 -0.005019 0.223810 0.151588 0.039390 0.410012 0.273835 0.190810 0.137597 0.218505 -0.327121 -0.318194 0.121107 -0.173800 -0.197461 -0.171413 -0.469549 -0.339802 -0.482630 -0.528154 0.181673 -0.094735 -0.064002 -0.276424 0.034846 -0.076458 -0.062666 0.113492 -0.340182 -0.309344 -0.327013 -0.522250 -0.340015 -0.020023 0.120833 0.056708
-0.049300 -0.081685 0.100833 -0.206908 1.000000 0.151078 0.122799 0.143241 0.401314 0.594008 -0.150048 -0.328612 0.084607 -0.137911 0.170620 0.598421 -0.372496 -0.556471 -0.321111 -0.341276 0.492279 0.396579 -0.238448 -0.076914 0.176739 0.070622 0.060577 0.117719 -0.064059 -0.253254 -0.209844 -0.046020 -0.129400 -0.208673 -0.150687 -0.107679 -0.167319 0.019397 -0.248536 0.019263 -0.074149 -0.212238 0.187654 0.178127 0.222251 0.185710 0.326485 0.356645 0.106934 0.312480 -0.053275 0.036140 0.194799 0.288757 -0.261914 -0.016820 -0.168027 -0.269407 0.013022 0.123195 0.000513 -0.018476 -0.278741 -0.379857 -0.154961 -0.055301 0.165862 -0.009526 -0.178482 -0.024253 0.485628 0.127049 -0.182664 -0.161585 -0.142710 0.050947 -0.108976 -0.021958 -0.200760 -0.188438 -0.257704 -0.320345 0.126219 0.258036 -0.461250 -0.374894 -0.411667 -0.185029 0.057011 0.210692 0.457483 0.346451 0.279689 0.286958 0.243479 0.129044 0.104576 0.197761 0.127128 0.211259 0.098421 0.152270 0.026979 0.208892 0.059311 0.141661 -0.045048 0.000165 0.238402 0.089414 0.114240 0.217369 0.365080 0.142833 -0.001556 0.029982
0.216228 -0.023255 -0.432720 0.080601 0.151078 1.000000 -0.334556 -0.378001 0.202274 0.165362 -0.198963 -0.023887 -0.211044 -0.231011 -0.354596 0.169983 0.095379 0.422165 -0.307040 0.336144 0.544057 0.303207 0.254914 0.077390 0.828971 0.784781 0.712342 0.787510 -0.335148 0.484822 0.282845 -0.372500 -0.077769 -0.254083 -0.170525 -0.314600 -0.226133 0.427322 0.159482 0.372705 -0.182122 0.097205 -0.095981 0.014830 -0.213997 -0.144781 -0.195029 0.033296 0.129548 -0.344048 0.144899 0.074017 0.285072 -0.021591 0.081242 0.207656 0.391651 0.210756 0.249435 0.159797 -0.378630 -0.223925 0.146215 -0.232982 -0.629032 -0.211311 -0.044353 -0.134121 0.261991 0.452191 0.087136 0.080681 -0.029842 0.091286 0.365798 -0.463457 0.016038 0.069871 -0.100640 0.422388 0.120812 0.253354 -0.313275 -0.126526 0.428898 0.103284 0.252235 0.080587 -0.175906 0.119278 0.010305 -0.217544 -0.020141 -0.163658 -0.348781 -0.443018 0.086489 -0.324712 0.201466 -0.102700 0.207269 0.312992 0.441764 0.103459 0.099390 0.026921 0.170155 -0.197690 -0.283073 -0.073730 -0.108582 -0.170413 -0.139439 -0.257888 -0.317225 -0.257206
0.211107 0.305680 0.699911 0.169673 0.122799 -0.334556 1.000000 0.687422 -0.089294 0.357120 -0.057315 0.214841 0.035357 0.447657 0.129724 -0.115135 -0.228655 -0.214994 0.125737 -0.208769 -0.119947 0.049446 0.226695 0.117877 -0.230701 -0.337630 -0.019523 -0.423347 -0.183722 -0.165124 -0.177827 0.064396 0.001729 0.109595 -0.187431 0.054933 0.084725 -0.274877 -0.242910 -0.225277 -0.206587 -0.250919 -0.075880 -0.201919 0.101521 0.163626 -0.213322 -0.327155 -0.034690 0.242528 -0.023050 -0.217264 -0.264906 -0.234450 -0.175206 -0.289513 -0.103210 -0.162512 -0.021887 -0.020560 0.433358 0.317921 -0.264727 -0.112918 0.656066 0.357973 0.086193 0.167142 -0.150413 -0.116207 -0.067801 0.153360 -0.341663 0.081597 -0.256904 0.196478 -0.353492 -0.077540 -0.077880 -0.438833 -0.231496 -0.449324 -0.093913 -0.047287 -0.347371 -0.340797 -0.203481 -0.090734 0.033846 0.051658 -0.000301 0.262061 0.270614 0.377652 0.086467 0.048981 -0.274980 -0.099885 -0.412463 -0.240166 0.176731 0.005548 -0.007953 0.007155 0.061326 0.082544 -0.234935 0.262915 0.173407 -0.160064 -0.266919 -0.191495 -0.104291 0.136599 0.109130 0.161518
0.110658 0.484749 0.596013 0.527987 0.143241 -0.378001 0.687422 1.000000 -0.048739 0.519431 -0.017044 0.350637 -0.025353 0.424763 0.286103 -0.019541 -0.265809 -0.379227 -0.016539 -0.190566 -0.222202 0.060441 0.172466 0.447680 -0.407810 -0.340848 -0.149624 -0.341057 -0.030182 -0.381277 -0.327956 0.148121 -0.264602 0.041875 -0.096518 0.230111 0.235412 -0.391558 -0.145368 -0.197431 0.051206 -0.106097 -0.277989 -0.417478 -0.133656 0.190393 -0.258906 -0.459073 -0.417034 0.193746 -0.316559 -0.443803 -0.442669 -0.304748 -0.115614 -0.386782 -0.123089 -0.266776 -0.221657 -0.080616 0.169351 0.495646 -0.465384 -0.177006 0.588525 0.675326 -0.226296 0.303275 -0.381278 -0.386343 -0.015989 0.244802 -0.196622 -0.011561 -0.320856 0.353806 -0.332399 -0.107804 -0.121615 -0.399532 -0.271592 -0.465704 0.222339 0.128614 -0.390529 -0.196534 -0.058477 -0.035597 0.319618 0.207375 0.025387 0.211736 0.495127 0.387446 0.146418 0.018480 -0.447122 -0.133837 -0.515918 -0.274064 0.277110 -0.042055 -0.090891 -0.089729 0.112555 0.080593 -0.220871 0.258551 0.050908 -0.192269 -0.222933 -0.232727 -0.032413 0.191492 0.212242 0.203054
-0.078983 -0.122034 -0.091334 0.013264 0.401314 0.202274 -0.089294 -0.048739 1.000000 0.328306 -0.106441 -0.176488 0.096704 -0.321199 0.392087 0.391921 -0.217083 -0.173376 -0.229145 -0.086969 0.313913 0.259725 0.004567 0.075199 0.270114 0.212378 0.157361 0.088240 0.170890 -0.141194 -0.313770 -0.213178 -0.135105 -0.114074 -0.113213 -0.181085 0.066727 0.009501 -0.002451 -0.008014 0.039542 -0.113556 0.030378 0.024180 0.029830 -0.056860 0.284620 0.226570 0.080091 -0.038273 -0.125133 0.075980 0.035277 0.326801 -0.022062 0.139771 -0.243334 -0.062206 0.075576 0.104454 -0.069477 -0.058576 0.017450 -0.139097 -0.097014 -0.111593 0.163226 -0.062624 -0.090083 0.064961 0.064653 -0.248181 0.283784 -0.462269 -0.224727 -0.112597 -0.060888 -0.304163 -0.192262 0.129346 0.030924 0.209324 0.066351 0.240240 -0.180133 0.002707 -0.023741 -0.140219 0.085568 0.067547 0.187485 -0.029659 -0.059981 -0.186404 0.010221 0.193343 0.124574 0.174821 0.113434 -0.012388 -0.175175 -0.190108 -0.012316 -0.145056 -0.163281 -0.172783 -0.216219 -0.121180 0.220160 0.120264 0.013433 0.017611 -0.032107 -0.154486 -0.144851 -0.053286
0.204689 0.236547 0.109812 0.169641 0.594008 0.165362 0.357120 0.519431 0.328306 1.000000 -0.263870 0.035896 -0.187639 0.024413 0.191338 0.456240 -0.315416 -0.381469 -0.180084 -0.106416 0.239934 0.334642 -0.054739 0.251415 0.183467 0.098851 0.268784 -0.054248 -0.131869 -0.183510 -0.230271 -0.206325 -0.186673 -0.110673 -0.319681 -0.086456 -0.002938 0.013724 -0.216621 0.027706 -0.178356 -0.244539 -0.332876 -0.372048 -0.180916 0.019193 -0.149230 -0.213776 -0.254219 0.032241 -0.284100 -0.320569 -0.105900 -0.111792 -0.237787 -0.239600 0.016622 -0.198289 0.089337 0.136625 0.074887 0.201309 -0.320562 -0.316832 0.120761 0.337630 0.046322 0.080576 -0.180167 0.005991 0.222876 0.217171 -0.214446 -0.026760 -0.072011 0.056251 -0.120510 -0.002260 -0.227382 -0.243835 -0.018972 -0.282115 0.066015 0.297195 -0.209173 -0.168142 -0.083330 0.038714 0.097183 0.209936 0.238495 0.254861 0.544001 0.370286 0.065481 0.054471 -0.307680 -0.034059 -0.272403 -0.045425 0.307375 0.199958 0.227076 0.129073 0.181678 0.180103 -0.118210 0.078854 0.161203 -0.080495 -0.128986 0.015911 0.022720 0.146845 0.019461 0.098223
-0.103070 0.078328 0.003695 -0.005158 -0.150048 -0.198963 -0.057315 -0.017044 -0.106441 -0.263870 1.000000 0.007031 0.593678 0.101473 0.277616 0.029044 0.311136 -0.121123 -0.015201 0.164909 -0.078799 -0.168511 0.138576 0.111951 -0.161561 -0.239684 -0.261841 -0.116135 0.330522 -0.283152 0.045613 0.180913 -0.067298 0.087004 0.310601 0.129569 -0.237084 -0.170768 -0.292648 -0.276645 -0.026830 -0.125724 -0.049055 -0.062048 -0.073492 0.051170 -0.102570 -0.179981 -0.109291 -0.084611 -0.063612 0.003846 0.050283 -0.015433 0.022143 -0.276823 -0.179970 0.013951 0.036587 -0.203526 0.091134 0.056392 -0.015830 0.055579 0.115089 0.136538 -0.082404 0.014760 0.218842 0.063102 -0.008542 -0.217358 0.218432 -0.140309 0.077304 0.321086 0.057602 -0.130372 0.255615 0.186179 -0.238204 0.096135 0.243882 0.045169 -0.040341 0.112485 0.304308 0.322962 0.366437 0.148811 0.046634 0.126666 0.065673 0.169266 0.096022 0.062108 -0.092117 0.084928 -0.159593 -0.106071 -0.025688 0.037675 -0.140143 0.002494 -0.201888 -0.251840 -0.169454 -0.037982 -0.004576 0.256895 -0.028353 -0.070029 -0.152103 -0.070397 -0.077385 -0.178618
0.022209 0.538529 0.168852 0.522076 -0.328612 -0.023887 0.214841 0.350637 -0.176488 0.035896 0.007031 1.000000 -0.108399 0.648444 -0.113569 -0.187378 -0.051918 0.441019 0.077407 0.193808 -0.197586 -0.095080 0.336692 0.329489 0.050784 0.062977 0.129146 0.082296 -0.169393 0.255351 0.130286 0.094798 0.026128 0.084709 -0.133347 0.221553 0.250127 0.165764 0.225135 0.111678 0.158624 0.142966 -0.316657 -0.310872 -0.350164 -0.176614 -0.336989 -0.371008 -0.317518 -0.249348 -0.092915 -0.300034 -0.333840 -0.360001 0.304254 0.063829 0.072811 -0.113444 -0.224188 -0.260992 0.037525 0.291175 -0.028809 -0.004417 0.242974 0.440321 -0.575474 -0.014454 -0.156291 -0.247930 -0.378745 0.018598 -0.136901 0.201438 0.087447 0.030362 -0.153175 -0.002813 -0.105704 -0.090191 -0.024729 -0.097047 -0.120460 -0.063405 0.346123 0.179231 0.275850 0.160662 0.072279 0.026918 -0.372374 -0.327126 -0.031548 -0.223179 -0.170157 -0.117524 -0.073820 -0.267016 -0.259954 -0.471935 0.052397 -0.329492 0.036808 -0.410719 -0.034010 -0.292747 0.146556 -0.200823 -0.122612 -0.086010 -0.121024 -0.357006 -0.244158 -0.124491 -0.116625 -0.099860
-0.280257 0.064250 0.134652 -0.083595 0.084607 -0.211044 0.035357 -0.025353 0.096704 -0.187639 0.593678 -0.108399 1.000000 0.067053 0.438165 0.271113 0.002283 -0.195739 0.101338 -0.028622 -0.015470 -0.144509 -0.089227 -0.019154 -0.246760 -0.274243 -0.239997 -0.146185 0.414341 -0.279799 -0.135695 0.174369 0.133632 0.302558 0.174080 -0.064740 -0.243425 -0.247973 -0.342499 -0.401792 -0.016234 -0.147386 0.153172 0.080998 0.158082 0.013891 0.057207 0.079067 0.129996 0.128293 0.107076 0.096751 0.132049 0.156737 0.067733 -0.238177 -0.260498 0.053400 -0.086872 -0.186213 0.277136 -0.111488 -0.039123 0.166683 0.115096 -0.046408 0.074369 -0.052452 0.190980 0.022732 -0.031238 -0.218568 0.394493 -0.334621 -0.160550 0.141311 -0.207066 -0.343928 0.062026 0.225211 -0.254796 0.182088 0.261275 0.163514 -0.325421 -0.092501 0.055348 0.073415 0.141586 0.058716 0.179599 0.149624 -0.013861 0.150207 0.343576 0.131160 -0.025281 0.161945 -0.194804 -0.079424 -0.262219 -0.139439 -0.313373 -0.007032 -0.165357 -0.200044 -0.346158 -0.091010 0.086885 0.294195 0.085967 -0.040779 -0.038836 -0.078482 0.055555 -0.040086
-0.049464 0.490610 0.267919 0.321852 -0.137911 -0.231011 0.447657 0.424763 -0.321199 0.024413 0.101473 0.648444 0.067053 1.000000 -0.148977 -0.047675 -0.033687 0.185529 0.254219 0.099626 -0.211956 -0.151761 0.122026 0.094126 -0.105809 -0.174235 0.020257 -0.105402 -0.175227 0.201538 0.200420 0.221600 0.082916 0.188621 -0.201195 0.098949 0.190341 0.101745 0.073072 0.050641 0.063589 0.145083 -0.217919 -0.286882 -0.274977 -0.221691 -0.324100 -0.370847 -0.284594 -0.127451 -0.110125 -0.301856 -0.266840 -0.376812 0.133769 -0.087896 -0.048515 -0.108138 -0.232185 -0.190387 0.319529 0.318783 0.063684 0.168345 0.359667 0.360380 -0.519739 -0.149925 -0.155922 -0.346640 -0.247342 0.152268 -0.282803 0.327750 0.054711 0.198564 -0.118617 0.108265 0.056805 -0.281332 -0.004091 -0.213479 -0.151550 -0.092563 0.077507 -0.051344 -0.049452 0.075933 -0.025375 -0.058573 -0.351022 -0.185131 0.050683 0.095634 -0.129182 -0.021467 -0.177860 -0.218720 -0.370366 -0.488010 0.122582 -0.028870 -0.008904 -0.121070 -0.069938 -0.174300 0.137285 -0.071969 -0.104393 -0.092878 -0.131197 -0.199465 -0.112707 -0.089899 -0.153294 -0.132512
0.054669 0.234681 0.287460 0.162232 0.170620 -0.354596 0.129724 0.286103 0.392087 0.191338 0.277616 -0.113569 0.438165 -0.148977 1.000000 0.417885 -0.064542 -0.488014 0.127128 0.004757 -0.185411 0.009504 0.068603 0.180544 -0.387450 -0.411839 -0.262564 -0.291192 0.637361 -0.643382 -0.612126 -0.163175 -0.277148 0.033807 0.185858 0.110461 0.206481 -0.362615 -0.392558 -0.527659 0.322224 -0.010940 -0.001505 -0.129257 -0.063892 0.076595 0.249977 -0.070728 -0.259628 0.062971 -0.377205 -0.111949 -0.284427 0.190139 -0.257906 -0.469220 -0.312396 -0.093370 -0.015224 0.091241 0.120884 0.293261 -0.317513 0.026095 0.297572 0.205385 0.061959 0.098627 -0.198286 -0.087631 -0.047806 -0.244886 0.512807 -0.451052 -0.379440 0.411629 -0.082864 -0.369648 0.021116 -0.118581 -0.038668 0.018256 0.571550 0.550588 -0.460475 0.166709 0.128935 0.055090 0.343608 0.263928 0.149096 0.258359 0.094278 0.001622 0.392582 0.482396 -0.363190 0.391523 -0.419809 -0.001186 -0.310077 -0.279781 -0.461581 -0.229435 -0.198157 -0.139396 -0.545120 0.019293 0.250261 0.005468 -0.059480 -0.081792 -0.144780 0.363472 0.473909 0.424671
-0.176322 0.071383 -0.205748 -0.053166 0.598421 0.169983 -0.115135 -0.019541 0.391921 0.456240 0.029044 -0.187378 0.271113 -0.047675 0.417885 1.000000 -0.197496 -0.379069 -0.080475 0.082722 0.347542 0.244947 -0.185662 0.019990 0.215120 0.182854 0.066561 0.224937 0.207461 -0.103509 -0.070734 0.024417 0.000708 0.090366 -0.068165 -0.192446 -0.130527 0.200184 -0.249414 -0.047186 0.096907 0.022580 0.002323 -0.067836 -0.055803 -0.031164 0.177813 0.121068 -0.108150 0.021241 -0.106139 -0.076339 0.061121 0.178147 -0.349246 -0.189681 -0.139831 -0.093605 -0.096818 -0.037045 -0.041199 -0.016221 -0.037210 -0.168818 -0.169953 -0.123818 -0.054737 -0.195515 -0.024647 0.080090 0.248126 -0.045746 0.172291 -0.131469 0.095311 0.063357 -0.078548 -0.092114 -0.070492 0.021314 0.030387 0.062594 0.248337 0.595879 -0.245006 0.069994 -0.138322 0.028069 -0.055107 0.098454 0.179158 -0.066256 0.084366 -0.021452 0.312385 0.320362 -0.054237 0.345525 -0.062923 -0.068099 -0.079761 0.111868 -0.030476 0.051094 -0.037098 0.003964 -0.298058 -0.224061 0.241217 0.187974 0.058609 0.066499 0.001707 0.110339 0.001660 0.027267
0.220073 -0.040271 -0.375737 -0.019991 -0.372496 0.095379 -0.228655 -0.265809 -0.217083 -0.315416 0.311136 -0.051918 0.002283 -0.033687 -0.064542 -0.197496 1.000000 0.204620 0.129577 0.476536 -0.171506 -0.272845 0.153976 0.040271 0.062824 -0.088332 -0.056882 -0.126651 0.352765 -0.007483 0.099919 -0.189463 0.178041 0.008887 0.015706 -0.173598 0.068832 0.013780 -0.045738 -0.067548 0.052465 0.156201 -0.107675 -0.120447 -0.158295 -0.208864 -0.061573 -0.204719 0.058198 -0.334551 -0.117463 0.186187 0.181915 0.037700 0.157043 -0.047632 0.526304 0.424076 0.255586 0.069081 0.085575 -0.017317 0.454659 0.300352 -0.290222 -0.270189 -0.104653 -0.418184 0.406081 0.273556 -0.186958 -0.242047 0.342781 0.106052 0.394342 0.320293 0.352426 -0.161877 0.768376 0.211305 0.337135 0.383888 -0.040013 -0.099252 0.276924 0.249755 0.329352 0.140387 -0.058001 0.041481 -0.280361 -0.219202 -0.311906 -0.227826 -0.304892 0.060091 -0.110653 0.039248 0.050528 0.039365 -0.110416 0.192552 -0.040480 -0.074378 -0.391253 -0.306221 0.096243 0.080264 -0.144957 0.046821 -0.248682 -0.007308 -0.207975 -0.169822 -0.040049 -0.045376
0.020035 0.099440 -0.258028 0.215982 -0.556471 0.422165 -0.214994 -0.379227 -0.173376 -0.381469 -0.121123 0.441019 -0.195739 0.185529 -0.488014 -0.379069 0.204620 1.000000 0.201154 0.380907 0.011247 0.004833 0.279454 -0.114053 0.414371 0.445954 0.381378 0.391271 -0.320215 0.759863 0.367704 -0.099953 0.200982 0.064410 -0.124958 -0.026637 -0.129128 0.360106 0.219670 0.120096 -0.058315 0.266926 -0.071726 0.020162 -0.170838 -0.214277 -0.272493 -0.073821 0.185395 -0.358490 0.353864 0.162015 0.166776 -0.167091 0.226753 0.245350 0.350532 0.394269 0.026471 -0.048096 -0.102727 -0.082067 0.477138 0.291473 -0.197051 -0.088732 -0.280859 -0.136890 0.343172 0.157022 -0.404044 0.060176 -0.044892 0.335008 0.386389 -0.383258 -0.062364 0.152299 0.034220 0.471793 0.215248 0.461882 -0.519177 -0.410426 0.669641 0.225576 0.258355 0.069327 -0.301887 -0.259825 -0.410330 -0.501790 -0.402652 -0.413579 -0.400364 -0.309903 0.171732 -0.338402 0.106416 -0.226694 -0.028083 -0.017840 0.188164 -0.126053 -0.104344 -0.193639 0.173535 -0.308514 -0.296854 -0.075617 -0.058568 -0.172001 -0.263203 -0.333310 -0.316943 -0.288123
0.011066 0.201083 0.077996 0.099932 -0.321111 -0.307040 0.125737 -0.016539 -0.229145 -0.180084 -0.015201 0.077407 0.101338 0.254219 0.127128 -0.080475 0.129577 0.201154 1.000000 0.249642 -0.327223 -0.119703 -0.022046 -0.108507 -0.233603 -0.209208 -0.131321 -0.183102 0.058486 0.112384 0.043420 0.054999 0.312758 0.423149 -0.115908 -0.026451 -0.014256 -0.079551 -0.248363 -0.421471 0.163521 0.276277 -0.068119 -0.119360 -0.094941 -0.203459 -0.211339 -0.179607 0.077618 -0.090644 0.168240 0.020517 0.024482 -0.066356 -0.229248 -0.328416 0.202845 0.366567 -0.102140 -0.136495 0.344643 -0.082106 0.298073 0.533110 0.319181 -0.005262 -0.130657 -0.138245 0.111247 -0.108169 -0.347752 -0.082111 0.009816 0.210258 0.198855 0.073034 -0.083244 0.065679 0.187017 0.040578 0.296766 0.214305 0.084669 0.070172 0.166683 0.238216 -0.076877 0.056102 -0.163588 -0.301703 -0.300972 -0.123157 -0.199040 -0.074729 0.059960 0.256780 -0.255286 0.083249 -0.320039 -0.099518 -0.115432 0.028935 -0.198748 0.110380 -0.036889 -0.064595 -0.195088 -0.028657 -0.106557 -0.076253 -0.120593 -0.079825 -0.252555 0.066092 0.190340 0.178235
0.253048 0.252397 -0.387414 0.239276 -0.341276 0.336144 -0.208769 -0.190566 -0.086969 -0.106416 0.164909 0.193808 -0.028622 0.099626 0.004757 0.082722 0.476536 0.380907 0.249642 1.000000 -0.154972 -0.117649 0.211509 0.206063 0.245139 0.183919 0.221079 0.295832 0.188397 0.276846 0.301464 -0.165585 0.183513 0.338648 0.046301 -0.182673 0.053399 0.200387 -0.078338 -0.059585 0.257553 0.375692 -0.439806 -0.431875 -0.573134 -0.489619 -0.444447 -0.467782 -0.263459 -0.651793 -0.116960 -0.201445 -0.071318 -0.275961 -0.108483 -0.260048 0.370024 0.420954 0.105817 -0.038241 -0.093343 0.007424 0.370518 0.243894 -0.150137 -0.045798 -0.287227 -0.310267 0.436163 0.472827 -0.335597 -0.094000 0.291165 0.200391 0.450722 0.095362 0.169792 0.073830 0.314295 0.332371 0.572696 0.473586 0.028019 0.277267 0.516677 0.561870 0.442608 0.269533 0.040887 0.119136 -0.406087 -0.442728 -0.246376 -0.339508 -0.206240 -0.015221 -0.326575 -0.051583 -0.283414 -0.431823 -0.153126 0.109333 0.049608 -0.186010 -0.185975 -0.188295 -0.036182 -0.240204 -0.074063 -0.140415 -0.348084 -0.366968 -0.456450 -0.069521 -0.033108 0.066808
-0.011878 -0.159116 -0.304604 -0.301457 0.492279 0.544057 -0.119947 -0.222202 0.313913 0.239934 -0.078799 -0.197586 -0.015470 -0.211956 -0.185411 0.347542 -0.171506 0.011247 -0.327223 -0.154972 1.000000 0.707167 -0.075078 -0.131514 0.540655 0.522466 0.456496 0.430938 -0.376697 0.275431 0.131853 -0.061307 -0.043305 -0.203683 -0.227525 -0.306995 -0.495437 0.306525 -0.118935 0.237185 -0.354634 -0.213983 0.100415 0.162463 0.119736 -0.055560 0.123715 0.284253 0.295466 0.023327 0.236783 0.184241 0.555616 0.170262 -0.102147 0.143116 0.064757 -0.060266 0.179137 0.133485 -0.104647 -0.221581 0.113479 -0.296048 -0.411509 -0.342023 0.230664 -0.048678 0.053722 0.167842 0.452959 0.150356 -0.259168 0.002305 0.147197 -0.244354 -0.183237 0.147264 -0.153448 0.247059 -0.236242 0.036501 -0.258106 -0.030844 0.067450 -0.237968 -0.074429 0.056419 0.057752 0.090790 0.436795 0.149513 0.163964 0.138206 0.006281 -0.256701 0.344456 -0.168728 0.432351 0.157647 0.250542 0.319607 0.436271 0.281693 0.086055 -0.003833 -0.022499 -0.350013 0.026640 0.269670 0.137357 0.279660 0.209646 -0.180831 -0.406964 -0.428010
0.055096 0.023474 -0.036067 -0.058429 0.396579 0.303207 0.049446 0.060441 0.259725 0.334642 -0.168511 -0.095080 -0.144509 -0.151761 0.009504 0.244947 -0.272845 0.004833 -0.119703 -0.117649 0.707167 1.000000 -0.016006 -0.018043 0.254270 0.345604 0.369713 0.342737 -0.335082 0.176927 -0.069463 -0.062039 -0.168105 -0.154908 -0.154385 -0.006556 -0.346272 0.043245 -0.283953 -0.095369 -0.122871 -0.202814 0.017129 0.023087 0.064204 0.076397 0.079209 0.104757 0.141732 0.096908 0.225740 0.046728 0.355272 0.071940 -0.291310 -0.101829 0.026296 -0.090953 0.111973 0.175193 -0.025804 -0.009511 0.028413 -0.183922 -0.111651 -0.110247 0.124397 0.212780 -0.107182 -0.011808 0.204257 0.235053 -0.325599 -0.044800 -0.070493 -0.192132 -0.349895 0.175006 -0.201171 0.191123 -0.212233 -0.032420 -0.085107 0.176002 -0.024811 -0.104937 -0.104712 0.095260 0.199515 0.183429 0.377769 0.162486 0.228780 0.083188 -0.005800 -0.104473 0.098021 -0.214494 0.209090 0.077523 0.170430 0.172469 0.224379 0.121958 0.052212 0.017101 -0.168653 -0.286608 0.040949 -0.001074 0.019725 0.192782 0.213590 -0.002695 -0.196146 -0.130371
0.258837 0.286808 0.353419 0.457886 -0.238448 0.254914 0.226695 0.172466 0.004567 -0.054739 0.138576 0.336692 -0.089227 0.122026 0.068603 -0.185662 0.153976 0.279454 -0.022046 0.211509 -0.075078 -0.016006 1.000000 0.428738 0.253359 0.277173 0.187731 0.296748 -0.061445 0.046587 0.073061 -0.018239 -0.112792 -0.145575 0.019519 0.073817 0.136216 -0.023782 0.134951 -0.042522 0.069984 0.053142 -0.052592 -0.053892 -0.133454 0.114848 -0.231749 -0.219662 -0.057245 -0.141646 -0.026905 -0.025152 -0.168945 -0.111686 0.170267 -0.045109 0.209171 0.199630 -0.001519 -0.017479 -0.201367 0.157701 -0.072878 -0.041026 0.039731 0.149510 -0.287015 0.031267 0.004664 0.022784 -0.308989 -0.106391 0.013992 -0.013252 0.043759 -0.039600 -0.233980 -0.149016 0.124237 -0.086911 -0.129253 -0.082314 0.061090 -0.132859 0.159065 0.051068 0.339909 0.144633 0.199338 0.212786 -0.177110 -0.133632 -0.147808 -0.231281 -0.293729 -0.286808 -0.176373 -0.325685 -0.234395 -0.306583 -0.120726 -0.189674 -0.115909 -0.360352 -0.208524 -0.110182 -0.207325 -0.001508 -0.305601 -0.181883 -0.306716 -0.391990 -0.437129 -0.156052 0.008430 -0.031908
0.105893 0.263720 0.162869 0.645928 -0.076914 0.077390 0.117877 0.447680 0.075199 0.251415 0.111951 0.329489 -0.019154 0.094126 0.180544 0.019990 0.040271 -0.114053 -0.108507 0.206063 -0.131514 -0.018043 0.428738 1.000000 -0.071123 -0.010085 -0.037805 0.133727 0.082491 -0.180196 -0.009941 0.113222 -0.079847 0.132149 0.015459 0.103132 0.104481 -0.146135 -0.027287 -0.025742 0.122115 0.073371 -0.471022 -0.520734 -0.470314 -0.175176 -0.417963 -0.497100 -0.524750 -0.314173 -0.342366 -0.536861 -0.366331 -0.459116 0.014281 -0.404434 0.076796 -0.147905 -0.085486 -0.152534 -0.122748 0.010453 -0.096200 -0.070618 0.136271 0.343917 -0.301691 0.126786 -0.123350 -0.051542 -0.066430 0.090294 0.072013 -0.040512 0.011459 0.185476 -0.210868 -0.006765 0.106216 0.066854 0.056424 0.008279 0.440600 0.408452 0.036668 0.342036 0.308996 0.273722 0.416336 0.385875 -0.011789 -0.102229 0.310966 0.037212 0.065214 -0.261231 -0.399108 -0.354465 -0.470331 -0.500646 0.148101 -0.041473 -0.047252 -0.203604 -0.011470 0.002674 -0.135156 0.179407 -0.167376 0.051832 -0.100732 -0.440550 -0.281501 -0.047118 0.051234 -0.088262
0.030978 -0.000522 -0.416042 -0.052997 0.176739 0.828971 -0.230701 -0.407810 0.270114 0.183467 -0.161561 0.050784 -0.246760 -0.105809 -0.387450 0.215120 0.062824 0.414371 -0.233603 0.245139 0.540655 0.254270 0.253359 -0.071123 1.000000 0.837041 0.652086 0.633505 -0.311700 0.528045 0.421034 -0.210912 0.087300 -0.134819 -0.160452 -0.243809 -0.213230 0.588027 0.145980 0.380286 -0.208470 0.077572 -0.017335 0.089691 -0.148299 -0.149627 -0.094517 0.106886 0.135941 -0.317230 0.156494 0.115615 0.246303 0.005422 0.097580 0.290684 0.222681 0.128234 0.080141 0.009073 -0.305215 -0.259265 0.221529 -0.196548 -0.476623 -0.222507 -0.077849 -0.224911 0.261702 0.376474 0.051779 0.014808 -0.058512 0.180929 0.447652 -0.344874 0.138943 0.090802 -0.126569 0.271367 0.100666 0.236486 -0.476229 -0.225151 0.464426 0.040301 0.182439 0.079589 -0.281050 -0.060430 -0.099558 -0.317383 -0.165377 -0.242548 -0.354955 -0.243562 0.207483 -0.189294 0.245892 -0.127763 0.151480 0.223598 0.477247 0.062733 0.029273 -0.046837 0.143569 -0.252571 -0.123262 -0.016142 -0.053049 -0.027208 -0.164922 -0.309169 -0.422817 -0.342959
-0.084412 -0.011673 -0.394215 0.045736 0.070622 0.784781 -0.337630 -0.340848 0.212378 0.098851 -0.239684 0.062977 -0.274243 -0.174235 -0.411839 0.182854 -0.088332 0.445954 -0.209208 0.183919 0.522466 0.345604 0.277173 -0.010085 0.837041 1.000000 0.603602 0.776872 -0.379407 0.542326 0.461813 0.001054 0.007777 -0.112459 -0.080634 -0.085107 -0.206653 0.476474 0.254522 0.367271 -0.079555 0.159707 -0.021204 0.080733 -0.158661 -0.026603 -0.161190 0.084284 0.100712 -0.282307 0.287034 0.073771 0.231818 -0.066974 0.099864 0.295997 0.187850 0.121677 -0.072889 -0.091815 -0.447542 -0.250401 0.206417 -0.183307 -0.421653 -0.148256 -0.150093 0.027696 0.131121 0.191178 0.016409 0.050927 -0.076282 0.140220 0.407427 -0.459230 -0.013822 0.121483 -0.269500 0.295657 0.039022 0.219171 -0.383513 -0.220695 0.510745 0.048527 0.204453 0.069737 -0.208039 -0.085869 -0.115608 -0.380382 -0.151683 -0.281573 -0.345987 -0.285734 0.168970 -0.291438 0.263600 -0.170093 0.148665 0.159973 0.432450 0.000441 0.127410 0.016178 0.104366 -0.337629 -0.214029 -0.088000 -0.047825 -0.049308 -0.078988 -0.299903 -0.375280 -0.270158
0.290492 0.237408 -0.128322 0.044252 0.060577 0.712342 -0.019523 -0.149624 0.157361 0.268784 -0.261841 0.129146 -0.239997 0.020257 -0.262564 0.066561 -0.056882 0.381378 -0.131321 0.221079 0.456496 0.369713 0.187731 -0.037805 0.652086 0.603602 1.000000 0.492945 -0.301978 0.379662 0.207871 -0.404653 -0.135586 -0.169899 -0.162917 -0.219222 -0.096845 0.195878 0.102034 0.287030 -0.167674 0.092352 -0.105720 -0.040063 -0.269420 -0.185597 -0.232646 -0.059943 -0.010928 -0.291576 0.038573 -0.143031 0.098373 -0.139782 0.034344 0.098740 0.266465 0.117710 0.168186 0.127706 -0.140785 -0.043122 0.041408 -0.074040 -0.280289 0.051491 0.000726 -0.034639 0.001812 0.222394 -0.147661 0.164087 -0.075738 0.008334 0.119571 -0.472090 -0.022431 0.116834 -0.178780 0.183333 0.133908 0.168985 -0.415806 -0.240031 0.353890 0.015331 0.177111 0.027367 -0.157752 -0.025758 -0.005708 -0.095374 0.106672 -0.057641 -0.295016 -0.328602 -0.049115 -0.362478 0.001786 -0.205266 0.241137 0.196962 0.464985 0.058181 0.157346 0.045096 0.105720 -0.292970 -0.136258 -0.205108 -0.126695 -0.135868 -0.090180 -0.159349 -0.280759 -0.155503
-0.001209 -0.011649 -0.278541 0.206054 0.117719 0.787510 -0.423347 -0.341057 0.088240 -0.054248 -0.116135 0.082296 -0.146185 -0.105402 -0.291192 0.224937 -0.126651 0.391271 -0.183102 0.295832 0.430938 0.342737 0.296748 0.133727 0.633505 0.776872 0.492945 1.000000 -0.305408 0.443428 0.381070 -0.068283 -0.131092 -0.199743 0.028941 -0.037185 -0.144031 0.429471 0.226854 0.273933 0.101706 0.232880 -0.012767 0.084676 -0.218548 -0.083446 -0.137879 0.100081 -0.005992 -0.287041 0.216458 -0.042603 0.118551 -0.097565 0.014900 0.164079 0.208211 0.060572 -0.068280 -0.056133 -0.526799 -0.222210 0.088119 -0.267541 -0.526746 -0.152732 -0.295960 0.024341 0.065792 0.125011 0.048429 0.088007 -0.080434 0.073372 0.274731 -0.420719 -0.061753 0.192748 -0.273836 0.344608 0.039390 0.143376 -0.078604 0.010162 0.402965 0.230279 0.199855 0.073223 -0.042501 0.085693 -0.063681 -0.347569 -0.114013 -0.285003 -0.233027 -0.340575 0.122184 -0.284597 0.150924 -0.232499 0.103573 0.137328 0.217716 0.010141 0.136635 0.041149 0.167994 -0.318770 -0.318376 -0.096486 0.024816 -0.226210 -0.046773 -0.168628 -0.249294 -0.209134
-0.091775 0.070956 0.040014 -0.001547 -0.064059 -0.335148 -0.183722 -0.030182 0.170890 -0.131869 0.330522 -0.169393 0.414341 -0.175227 0.637361 0.207461 0.352765 -0.320215 0.058486 0.188397 -0.376697 -0.335082 -0.061445 0.082491 -0.311700 -0.379407 -0.301978 -0.305408 1.000000 -0.576741 -0.318996 0.015665 -0.037841 0.144802 0.411034 0.093619 0.353606 -0.277474 -0.150143 -0.443349 0.461210 0.176364 0.047836 -0.026690 -0.126749 -0.108939 0.303281 -0.004253 -0.275863 -0.107799 -0.419407 0.002743 -0.280292 0.162522 0.048130 -0.282898 -0.214138 0.020190 -0.146025 -0.044123 -0.078570 0.056511 -0.008860 0.205674 0.019010 -0.014483 -0.050895 -0.187273 0.062040 -0.016688 -0.152628 -0.326032 0.865284 -0.376999 -0.162999 0.510252 0.336287 -0.426514 0.331445 0.030415 0.257564 0.331967 0.514503 0.395126 -0.302225 0.243914 0.256093 -0.025552 0.182345 0.057260 -0.129246 -0.047394 -0.264443 -0.284049 0.261039 0.536260 -0.223725 0.558314 -0.288411 -0.007013 -0.521153 -0.337121 -0.569566 -0.349968 -0.457069 -0.301895 -0.296307 0.012047 0.234128 0.095261 0.071846 0.001835 -0.120112 0.181332 0.344829 0.306617
-0.119896 -0.068755 -0.436923 -0.014630 -0.253254 0.484822 -0.165124 -0.381277 -0.141194 -0.183510 -0.283152 0.255351 -0.279799 0.201538 -0.643382 -0.103509 -0.007483 0.759863 0.112384 0.276846 0.275431 0.176927 0.046587 -0.180196 0.528045 0.542326 0.379662 0.443428 -0.576741 1.000000 0.611801 0.044553 0.316822 0.160117 -0.277257 -0.215313 -0.316139 0.628178 0.153032 0.268723 -0.227220 0.082677 -0.057589 0.042811 -0.069136 -0.242719 -0.285021 -0.014193 0.300482 -0.286802 0.498229 0.114274 0.285266 -0.204941 -0.002612 0.273740 0.184537 0.147365 -0.022442 -0.098203 -0.095402 -0.297265 0.499264 0.072420 -0.218309 -0.239835 -0.136582 -0.235972 0.288066 0.222637 -0.048800 0.142398 -0.309949 0.598049 0.568820 -0.440237 -0.041035 0.444368 -0.090815 0.471127 0.265958 0.375566 -0.645422 -0.296842 0.675017 0.109836 0.052080 -0.008847 -0.456021 -0.358495 -0.296244 -0.511073 -0.305902 -0.288442 -0.366134 -0.278595 0.287996 -0.304190 0.227879 -0.183421 0.058813 0.133347 0.412585 0.105699 0.055997 -0.031302 0.187597 -0.315743 -0.134261 0.029704 -0.046616 -0.070965 -0.188525 -0.263759 -0.402185 -0.380200
-0.279309 -0.131453 -0.374164 -0.154958 -0.209844 0.282845 -0.177827 -0.327956 -0.313770 -0.230271 0.045613 0.130286 -0.135695 0.200420 -0.612126 -0.070734 0.099919 0.367704 0.043420 0.301464 0.131853 -0.069463 0.073061 -0.009941 0.421034 0.461813 0.207871 0.381070 -0.318996 0.611801 1.000000 0.431437 0.316253 0.232170 0.085665 -0.069113 -0.267483 0.502045 0.191341 0.340081 -0.128215 0.140910 -0.124895 -0.050549 -0.195955 -0.271824 -0.381892 -0.118467 0.037152 -0.309981 0.335591 -0.086242 0.137884 -0.332679 0.050326 0.133861 0.058743 -0.071078 -0.194540 -0.305096 -0.205835 -0.397323 0.327430 -0.027414 -0.140335 -0.186212 -0.144635 -0.147622 0.268690 0.142380 0.026880 0.150228 -0.219671 0.497158 0.564557 -0.180360 0.152782 0.469977 0.032075 0.242750 0.170542 0.194332 -0.295523 -0.201039 0.605819 0.161782 0.152595 0.223950 -0.185364 -0.235225 -0.259280 -0.431166 -0.157917 -0.113272 -0.202853 -0.246513 0.092852 -0.299289 0.094542 -0.321165 0.112648 0.149882 0.394577 0.097231 0.114463 0.029022 0.277158 -0.341703 -0.084644 0.065971 -0.008575 -0.074544 -0.089229 -0.267355 -0.414548 -0.378982
-0.543477 -0.074664 0.115835 -0.078825 -0.046020 -0.372500 0.064396 0.148121 -0.213178 -0.206325 0.180913 0.094798 0.174369 0.221600 -0.163175 0.024417 -0.189463 -0.099953 0.054999 -0.165585 -0.061307 -0.062039 -0.018239 0.113222 -0.210912 0.001054 -0.404653 -0.068283 0.015665 0.044553 0.431437 1.000000 0.206560 0.410985 0.316264 0.314672 -0.204898 -0.046376 0.013771 -0.130780 0.041703 0.048792 0.153023 0.092657 0.172425 0.155301 -0.014336 0.062439 -0.057641 0.204148 0.246302 -0.073581 0.005076 -0.136850 -0.013900 -0.054238 -0.280853 -0.233587 -0.586925 -0.547969 -0.094571 -0.245941 0.109804 -0.008922 0.323075 0.004690 -0.175034 0.145161 -0.009431 -0.302547 0.070083 0.139061 -0.088305 0.192304 0.103343 0.200369 -0.221320 0.099228 0.099710 0.008887 -0.233203 -0.033744 0.169709 0.064659 -0.059084 -0.124393 -0.188751 0.015890 0.089471 -0.183420 -0.053066 -0.255176 -0.107368 0.013963 0.251051 0.120459 0.188519 0.086011 -0.005230 -0.233137 -0.129427 -0.145207 -0.237683 -0.097789 -0.148015 -0.124853 -0.207497 -0.133239 0.142400 0.314996 0.209658 0.076596 0.075999 -0.147097 -0.179474 -0.245553
-0.243868 -0.224706 -0.126054 -0.230352 -0.129400 -0.077769 0.001729 -0.264602 -0.135105 -0.186673 -0.067298 0.026128 0.133632 0.082916 -0.277148 0.000708 0.178041 0.200982 0.312758 0.183513 -0.043305 -0.168105 -0.112792 -0.079847 0.087300 0.007777 -0.135586 -0.131092 -0.037841 0.316822 0.316253 0.206560 1.000000 0.658671 -0.211427 -0.249534 -0.221185 0.151857 -0.062979 -0.070272 -0.107064 -0.023357 0.072312 0.086030 0.195864 -0.119431 -0.100000 0.065415 0.326348 0.008789 0.411809 0.146829 0.167895 -0.024361 -0.005825 0.091243 0.194552 0.299884 -0.103840 -0.308386 0.268724 -0.334755 0.401265 0.306366 -0.002333 -0.363436 0.075025 -0.338615 0.395383 0.295424 -0.257601 -0.149832 -0.004783 0.113877 0.268905 -0.139822 -0.086367 -0.044250 0.187404 0.199715 0.244368 0.262812 -0.193132 -0.042695 0.200636 -0.016725 -0.100887 -0.022281 -0.314176 -0.283040 -0.152999 -0.317599 -0.357034 -0.218829 0.070200 0.037610 0.203167 0.094302 0.080889 -0.058885 -0.307680 -0.095267 -0.051078 -0.017816 -0.075620 0.022657 -0.016896 -0.043129 0.129319 0.250168 0.010372 -0.111826 -0.104028 -0.137905 -0.046224 -0.075981
-0.324627 0.163400 -0.013266 -0.020549 -0.208673 -0.254083 0.109595 0.041875 -0.114074 -0.110673 0.087004 0.084709 0.302558 0.188621 0.033807 0.090366 0.008887 0.064410 0.423149 0.338648 -0.203683 -0.154908 -0.145575 0.132149 -0.134819 -0.112459 -0.169899 -0.199743 0.144802 0.160117 0.232170 0.410985 0.658671 1.000000 0.174576 0.007342 -0.210420 0.007863 -0.285074 -0.334495 0.063119 0.175745 -0.228248 -0.282825 -0.137422 -0.223183 -0.345882 -0.281121 -0.131492 -0.161115 0.196799 -0.286219 -0.071979 -0.339516 -0.146943 -0.395665 -0.064595 0.240031 -0.361158 -0.430623 0.226944 -0.229701 0.210899 0.366770 0.414175 0.080202 -0.012504 -0.067308 0.271162 0.198992 -0.235196 0.019493 0.173070 0.136644 0.227001 0.103750 -0.234084 0.013434 0.168603 0.287108 0.250176 0.369014 0.037201 0.246197 0.110829 0.137549 0.037310 0.032790 -0.008491 -0.160527 -0.163592 -0.312570 -0.130878 -0.057559 0.345717 0.189815 -0.107632 0.110230 -0.389595 -0.430032 -0.300282 -0.116278 -0.223020 -0.086146 -0.159486 -0.046550 -0.341742 -0.093475 0.308103 0.260293 0.011348 -0.165875 -0.251388 -0.101632 -0.011413 -0.061805
-0.227609 -0.000391 0.136827 -0.165033 -0.150687 -0.170525 -0.187431 -0.096518 -0.113213 -0.319681 0.310601 -0.133347 0.174080 -0.201195 0.185858 -0.068165 0.015706 -0.124958 -0.115908 0.046301 -0.227525 -0.154385 0.019519 0.015459 -0.160452 -0.080634 -0.162917 0.028941 0.411034 -0.277257 0.085665 0.316264 -0.211427 0.174576 1.000000 0.409443 0.028990 -0.112297 0.018296 -0.202017 0.304822 0.224758 0.141273 0.126867 -0.066359 0.162516 0.115013 0.040763 -0.327072 -0.051641 -0.041713 -0.169667 -0.182168 -0.063218 0.090165 -0.221003 -0.347384 -0.173779 -0.340109 -0.235805 -0.317024 -0.154630 -0.239448 -0.111443 0.162299 0.118307 0.012774 0.317687 0.067807 -0.043284 0.117578 0.160116 0.372620 -0.188229 -0.087886 0.204739 0.087613 -0.015433 0.022394 0.104368 -0.191209 0.046114 0.267764 0.092480 -0.115253 0.043523 0.155872 -0.068921 0.277069 0.078355 -0.037546 0.021553 -0.063905 -0.017982 0.310893 0.117783 -0.025675 0.202410 -0.190705 -0.126032 -0.230738 -0.213710 -0.396552 -0.159009 -0.203612 -0.012197 -0.114038 -0.026575 0.177395 0.085951 0.273231 0.066186 0.012407 0.063033 0.045963 0.055959
-0.085047 0.206574 0.296627 0.204821 -0.107679 -0.314600 0.054933 0.230111 -0.181085 -0.086456 0.129569 0.221553 -0.064740 0.098949 0.110461 -0.192446 -0.173598 -0.026637 -0.026451 -0.182673 -0.306995 -0.006556 0.073817 0.103132 -0.243809 -0.085107 -0.219222 -0.037185 0.093619 -0.215313 -0.069113 0.314672 -0.249534 0.007342 0.409443 1.000000 0.261217 -0.154870 0.035903 -0.225431 0.423863 0.145217 0.026022 0.017310 -0.055547 0.422745 0.011504 -0.075276 -0.373827 0.093091 -0.148154 -0.262022 -0.368209 -0.143232 0.027256 -0.132261 -0.211866 -0.314486 -0.264555 -0.157264 -0.010688 0.269038 -0.182449 -0.025017 0.373557 0.395114 -0.176139 0.511437 -0.299103 -0.428661 -0.139574 0.054310 -0.040001 -0.020002 -0.174735 0.269049 0.037192 0.097882 -0.070518 -0.198286 -0.216015 -0.233373 0.226794 -0.022224 -0.026288 0.125085 0.094593 -0.061148 0.150809 -0.012675 -0.229104 -0.116764 -0.057403 -0.095969 -0.005357 0.120840 -0.104655 -0.114397 -0.243882 -0.224508 -0.078697 -0.289088 -0.264009 -0.292057 -0.085452 -0.260994 0.062232 -0.028506 -0.005111 -0.182292 0.078880 -0.079926 0.036367 0.078782 0.081969 0.022012
