1.000000 0.133320 0.223577 -0.158084 0.010643 -0.086271 0.087559 -0.131914 -0.000411 -0.176213 0.220302 -0.171249 0.092242 -0.080856 0.185498 -0.063684 0.217292 -0.176817 0.277020 0.103159 0.186838 -0.068687 0.010329 0.031728 -0.059719 -0.325331 0.062766 -0.039743 0.209081 -0.103953 -0.028941 -0.085682 0.320124 -0.061259 0.031610 -0.373019 0.005771 -0.073801 0.177791 0.067027 0.138443 -0.093348 -0.208090 -0.111667 0.001655 -0.152444 -0.267860 -0.229750 0.077046 -0.144528 -0.079188 -0.130487 -0.074913 -0.214098 -0.070204 -0.209504 0.182324 0.037375 0.355092 0.281811 0.479362 0.215231 0.390326 0.230626 -0.032311 -0.220259 0.158738 -0.039879 0.240754 -0.006448 -0.161139 -0.187377 -0.003106 -0.225994 -0.162798 -0.118440 -0.059647 -0.122180 0.053709 0.087830 0.109436 0.045141 0.057726 0.039901 0.144566 -0.209107 0.077206 0.143424 0.174369 0.161158 0.066305 -0.085711 -0.164281 0.116771 -0.203236 0.092441 -0.110327 -0.234003 -0.029921 -0.156949 -0.065006 0.099291 -0.066756 0.169866 -0.075020 0.009663 0.030574 -0.065255 0.182194 0.173983 -0.187185 0.035788 -0.076041 -0.107307 -0.238842 -0.208544
0.133320 1.000000 -0.460471 -0.283904 0.140196 -0.424475 0.116277 0.256045 0.117908 0.183682 -0.174640 0.628163 0.074164 0.561521 -0.238297 0.427592 0.214475 0.435280 -0.314315 0.193451 -0.012487 0.102639 -0.678970 -0.582526 -0.492435 -0.545264 -0.012295 -0.436694 0.123782 0.392467 -0.276781 -0.316072 -0.037007 0.268781 -0.181266 -0.402610 0.134436 0.134115 -0.143124 -0.072294 -0.028515 0.082109 -0.129732 -0.120014 -0.150570 -0.117717 -0.021077 0.079619 -0.155891 0.094299 -0.440827 0.105964 -0.248549 -0.266772 -0.237275 -0.055949 0.131568 0.233252 -0.252820 0.099775 0.189090 0.641066 0.190934 0.429221 -0.059926 0.297533 -0.328875 -0.291734 -0.186710 0.102193 -0.171453 -0.013547 0.180434 0.141867 -0.036792 0.428578 0.067305 0.145015 0.235957 0.235929 0.278715 0.296129 -0.281524 0.399947 0.060103 0.178643 -0.532872 0.196257 -0.513758 0.081073 -0.013354 -0.208088 0.345658 -0.120733 -0.267037 0.134611 -0.083556 0.093163 0.013335 -0.106539 0.634379 0.154038 0.545092 -0.127204 0.245891 -0.275509 0.232982 0.030707 0.019473 -0.073411 -0.176840 0.169644 0.056851 0.131835 -0.055026 0.065320
0.223577 -0.460471 1.000000 0.147610 0.333841 0.216208 0.478636 0.298093 0.332168 0.157609 0.486942 -0.186856 0.091708 -0.191753 0.318206 -0.186100 -0.382793 -0.460120 0.447821 -0.306496 0.103750 -0.180976 0.674773 0.497863 0.546821 0.180233 0.073512 0.234345 -0.219455 -0.483166 0.261647 0.205165 -0.115412 -0.427239 0.277878 0.252823 -0.428623 -0.446196 -0.049574 -0.258564 -0.175059 -0.273062 -0.033759 0.099176 0.191505 0.167360 -0.044476 -0.212194 0.396585 -0.029712 0.551081 0.085807 -0.168846 0.020454 0.132472 -0.202531 -0.282539 -0.485072 0.101067 -0.073576 0.228407 -0.218355 -0.219980 -0.388181 0.527143 0.193121 0.177389 0.207273 -0.152300 -0.232187 0.190859 -0.182599 -0.554535 -0.390426 -0.409412 -0.245460 -0.210235 -0.220411 -0.582104 -0.328658 -0.612096 -0.562185 0.027615 -0.226332 -0.068162 -0.151135 0.221026 -0.301010 0.549772 -0.100965 -0.198658 -0.160074 -0.326976 0.279853 0.026636 -0.298124 0.169288 -0.359193 -0.056316 -0.189849 -0.289740 0.312828 -0.373551 -0.020372 -0.153425 0.109757 -0.176614 0.093850 0.051154 -0.218844 0.054045 -0.150354 -0.327659 -0.121726 -0.110470 -0.295006
-0.158084 -0.283904 0.147610 1.000000 -0.170198 0.597654 -0.185078 0.438042 -0.151201 -0.065066 -0.050763 0.181136 -0.232417 -0.171615 0.096642 0.029607 -0.307647 -0.003410 0.110189 0.118880 0.137056 -0.266893 0.507544 0.622392 0.396130 0.497562 0.323416 0.532179 -0.256720 -0.169835 0.305456 0.431140 -0.259058 -0.219452 0.062334 0.132916 -0.346634 -0.345096 -0.102631 -0.045017 0.031125 -0.085236 -0.177367 0.054187 -0.208368 0.045352 -0.236572 -0.152749 -0.158658 -0.338317 0.232426 -0.081795 -0.007519 -0.067969 -0.078114 -0.071182 -0.239592 -0.300280 0.030074 -0.222640 -0.183658 -0.355303 -0.137256 -0.230540 0.098240 0.089254 -0.115796 0.091179 -0.080211 -0.131892 0.184554 -0.020345 -0.283304 -0.036759 -0.091306 -0.196776 -0.241017 -0.196672 -0.343110 -0.146675 -0.344663 -0.431898 0.236228 0.071693 -0.050665 0.283654 0.266402 0.377380 0.385790 0.453644 -0.170815 -0.037236 -0.230282 -0.188712 0.122946 -0.244268 0.087211 -0.107914 0.029157 -0.177865 -0.206840 -0.297017 -0.408617 -0.203943 -0.128614 -0.004248 -0.005139 -0.113690 -0.021536 -0.227552 0.015258 -0.126551 -0.247342 0.032976 0.008672 -0.061218
0.010643 0.140196 0.333841 -0.170198 1.000000 -0.265220 0.821766 0.468514 0.637785 0.761100 0.137285 0.111146 0.104549 0.429248 0.262739 0.463991 -0.069956 0.002974 0.385833 0.215653 0.027736 0.106904 -0.062149 0.100991 0.133043 -0.290374 -0.044107 -0.341307 0.068968 0.269484 0.238682 0.154929 -0.146285 0.188101 -0.152994 -0.227816 -0.008863 -0.151233 -0.220269 -0.426266 0.023053 -0.004784 -0.109438 -0.322137 -0.196446 -0.193791 -0.071422 -0.247780 -0.134912 0.005077 -0.321016 -0.246507 -0.107728 0.153282 -0.199707 -0.296102 -0.106017 -0.186933 -0.230114 -0.151685 0.082922 0.220957 -0.075046 -0.083314 0.392137 0.171344 -0.294186 -0.323803 -0.152192 0.066239 0.159647 0.154861 -0.057747 -0.092724 -0.175067 0.085488 -0.087942 0.086396 -0.153678 -0.055319 -0.071265 -0.095082 -0.023431 0.430541 -0.065086 -0.289190 -0.258105 0.078630 -0.140305 -0.416893 -0.043151 0.109740 0.282462 0.116736 -0.254960 0.016125 -0.172555 -0.284546 -0.263924 0.083661 0.150280 0.293885 0.106776 -0.296209 -0.085260 -0.001401 -0.097617 -0.029699 0.066598 -0.090756 -0.466646 0.164762 0.069825 -0.029760 -0.256389 -0.322553
-0.086271 -0.424475 0.216208 0.597654 -0.265220 1.000000 -0.239486 0.017525 -0.362502 -0.309886 0.014609 -0.218259 -0.403629 -0.497248 -0.071847 -0.432563 -0.363787 -0.478777 0.096452 -0.210671 0.148507 -0.202461 0.613643 0.571284 0.700809 0.839746 0.497228 0.700347 -0.408287 -0.504604 0.229076 0.300973 -0.062617 -0.307099 0.252120 0.319984 -0.364321 -0.262061 -0.075953 0.230272 -0.074071 -0.130574 0.019809 0.363304 -0.072540 0.182384 0.010497 0.027789 0.065412 -0.242120 0.458405 0.117525 0.164727 -0.046445 0.061521 0.167235 -0.228982 -0.192835 0.291030 0.047920 -0.284252 -0.439531 -0.196631 -0.275746 -0.107540 -0.129949 0.214040 0.367040 0.055401 -0.141496 0.114855 -0.205493 -0.289315 -0.184519 -0.203442 -0.444982 -0.189093 -0.159860 -0.312674 -0.225593 -0.342914 -0.473413 0.196794 -0.350246 -0.083719 0.130858 0.553579 0.037704 0.480241 0.273021 -0.147015 -0.045064 -0.456326 -0.091640 0.389633 -0.100675 0.317190 0.205406 0.078338 -0.104983 -0.426552 -0.344229 -0.387738 0.053813 -0.029366 0.187416 -0.128461 0.159244 0.050096 0.020706 0.369622 -0.132022 -0.164420 -0.082868 -0.023498 0.072149
0.087559 0.116277 0.478636 -0.185078 0.821766 -0.239486 1.000000 0.474459 0.455768 0.610755 0.144836 0.140163 0.270396 0.477547 0.117863 0.379735 -0.076468 -0.131912 0.404640 0.042627 0.202784 0.183559 -0.063318 0.030545 0.167193 -0.245643 -0.045115 -0.294459 0.077149 0.178224 0.155094 0.181064 -0.059621 0.169350 -0.039307 -0.149415 -0.148356 -0.200641 -0.126927 -0.356566 -0.007062 0.080971 -0.154046 -0.228281 0.006038 -0.163417 -0.109036 -0.282858 0.077219 0.013344 -0.157143 -0.159580 -0.141981 0.011033 -0.130411 -0.354387 -0.222221 -0.272900 -0.140400 -0.093530 0.239324 0.186679 0.024878 -0.081804 0.373562 0.195612 -0.092270 -0.233186 -0.190039 -0.105829 0.147331 0.192422 -0.123419 -0.054686 -0.220929 0.107215 -0.042246 0.105801 -0.314374 -0.083157 -0.132241 -0.162741 -0.093421 0.349797 -0.274897 -0.291893 -0.280282 -0.037903 -0.159405 -0.391868 -0.143198 -0.113438 0.116228 0.189766 -0.230275 -0.009167 -0.140783 -0.309793 -0.184183 -0.096169 0.200067 0.489358 0.180512 -0.161500 -0.020721 -0.172570 -0.058692 0.024987 0.109597 -0.129921 -0.384985 0.107905 -0.056379 0.058918 -0.226981 -0.349695
-0.131914 0.256045 0.298093 0.438042 0.468514 0.017525 0.474459 1.000000 0.375662 0.641474 0.118152 0.604920 -0.027430 0.494740 0.108405 0.436050 -0.264567 0.105325 0.039801 0.001381 0.013240 -0.144952 0.047535 0.191724 0.081391 -0.119588 0.025230 -0.131274 -0.240309 0.005365 0.163512 0.234535 -0.407011 -0.105217 -0.045139 -0.035482 -0.387058 -0.410796 -0.421953 -0.453948 -0.173744 -0.121032 -0.137572 -0.010471 -0.106602 0.121917 -0.119418 -0.096586 -0.096944 -0.025652 0.016630 0.129032 -0.318954 -0.105153 -0.257480 -0.293277 -0.359304 -0.517322 -0.352523 -0.195646 0.056547 0.188758 -0.102499 -0.119764 0.469677 0.630593 -0.336016 -0.111659 -0.478255 -0.197943 0.114505 -0.124439 -0.479856 -0.095978 -0.348387 0.011717 -0.198045 0.008647 -0.391304 -0.245146 -0.373012 -0.368187 -0.108770 0.345138 -0.039417 0.131918 -0.327398 0.185742 0.069330 0.114645 -0.347936 -0.209687 0.128737 -0.064876 -0.244661 -0.223962 -0.084125 -0.350205 -0.145562 -0.235573 0.280579 0.135093 0.016036 -0.303751 -0.004677 -0.164291 0.186903 -0.115265 0.027661 -0.390200 -0.255206 -0.006470 -0.293607 0.114379 -0.002772 -0.054864
-0.000411 0.117908 0.332168 -0.151201 0.637785 -0.362502 0.455768 0.375662 1.000000 0.612306 0.388401 0.180532 0.296632 0.314962 0.401993 0.409169 0.039148 0.287567 0.128953 0.096486 0.024732 -0.054978 0.010953 -0.050652 -0.157872 -0.459149 -0.230789 -0.246612 0.017598 0.108300 -0.078292 -0.211831 -0.175931 -0.027089 -0.123495 -0.074194 0.104323 0.026422 -0.131440 -0.347630 0.020880 0.014057 0.045611 -0.309255 -0.088909 -0.055242 0.020936 -0.128726 0.025780 0.060030 -0.121670 -0.170049 -0.142266 0.147909 -0.130779 -0.222727 0.060425 -0.134127 -0.333605 -0.253852 0.206228 0.188412 -0.223603 -0.191219 0.454854 0.314918 -0.405491 -0.267430 -0.169068 0.152581 0.132964 -0.112823 -0.219241 -0.157157 -0.170473 0.222278 -0.093854 0.032684 -0.082777 -0.058871 -0.139006 -0.051521 -0.134839 0.296869 0.205828 -0.151269 -0.231347 0.033163 0.034575 -0.335802 0.090765 0.126076 0.344818 0.153932 -0.242486 0.010617 -0.152166 -0.272670 -0.342695 0.114624 0.088707 0.284462 -0.130485 -0.352939 -0.075056 0.112163 -0.024992 -0.012531 0.098738 -0.096189 -0.296998 0.013698 0.040703 -0.078030 -0.074130 -0.313403
-0.176213 0.183682 0.157609 -0.065066 0.761100 -0.309886 0.610755 0.641474 0.612306 1.000000 0.041786 0.241946 -0.005034 0.540661 0.132919 0.561654 -0.033314 0.098824 0.200929 0.130400 -0.013156 0.178984 -0.178471 0.011938 -0.024698 -0.307556 -0.189143 -0.373329 -0.124988 0.279926 0.056181 0.114026 -0.285034 0.112945 -0.278257 -0.134788 0.006548 -0.089424 -0.345446 -0.416853 -0.000775 0.136429 0.080998 -0.233369 -0.074696 -0.032959 0.042995 -0.046588 -0.226028 0.185791 -0.400008 -0.093527 -0.078290 0.212959 -0.242956 -0.315267 -0.042074 -0.232164 -0.389953 -0.178540 0.008249 0.325572 -0.026907 0.008468 0.411955 0.409194 -0.415784 -0.368047 -0.192110 0.064681 0.161754 0.064016 -0.199959 0.018802 -0.143810 0.087892 -0.138204 0.184336 -0.066960 -0.137445 -0.053503 -0.005556 -0.116592 0.399622 0.029691 -0.209019 -0.362351 0.173300 -0.172048 -0.261982 -0.050750 0.136485 0.432126 -0.090083 -0.364422 -0.026123 -0.302673 -0.282079 -0.354372 0.099994 0.191709 0.135364 0.103003 -0.326271 -0.079488 0.018637 0.055526 -0.164934 0.052646 -0.105125 -0.472217 0.072171 0.053503 0.035231 -0.115804 -0.214532
0.220302 -0.174640 0.486942 -0.050763 0.137285 0.014609 0.144836 0.118152 0.388401 0.041786 1.000000 0.086880 0.179011 -0.171981 0.615988 -0.076442 -0.298620 -0.136186 0.072269 -0.018281 -0.068731 -0.415194 0.312364 0.309509 0.016054 -0.072359 -0.140665 0.162661 0.044220 -0.357116 0.151184 0.093576 -0.175939 -0.287949 0.141661 0.167018 -0.267945 -0.251209 0.056253 -0.314660 -0.107123 -0.227410 -0.079691 -0.049830 -0.100240 0.117843 -0.009996 -0.153875 0.248896 -0.242255 0.348211 -0.084468 -0.362628 -0.118778 0.105101 -0.155039 -0.308152 -0.344401 -0.099815 -0.199947 0.071888 -0.102088 -0.367491 -0.373699 0.402969 0.308272 -0.183167 0.063683 -0.218491 -0.039248 -0.022724 -0.202584 -0.386954 -0.347576 -0.296726 -0.078286 0.058639 0.106667 -0.388221 -0.355338 -0.439564 -0.475047 0.391537 0.086971 0.375689 -0.009785 0.420366 -0.002391 0.619314 -0.014010 -0.323445 -0.229347 -0.178965 0.382675 0.001284 0.105601 -0.008682 -0.228734 -0.265131 -0.343202 -0.230818 0.148553 -0.407942 0.021157 -0.132630 0.240475 -0.094635 -0.149013 0.197129 0.115134 0.120796 -0.130441 -0.134232 -0.071185 0.182579 -0.005190
-0.171249 0.628163 -0.186856 0.181136 0.111146 -0.218259 0.140163 0.604920 0.180532 0.241946 0.086880 1.000000 0.232694 0.570864 -0.015809 0.489312 -0.133183 0.479570 -0.296708 0.123050 -0.042503 -0.092842 -0.394347 -0.278280 -0.356477 -0.314967 -0.094025 -0.281490 0.043225 0.138000 -0.085288 -0.047911 -0.435911 -0.018305 -0.003444 -0.034565 -0.226260 -0.170695 -0.234607 -0.333756 -0.134213 -0.076249 -0.160815 -0.007237 -0.073779 0.172233 -0.109968 -0.001853 0.034258 0.036996 -0.057769 0.148779 -0.450878 -0.341219 -0.225156 -0.219240 -0.243623 -0.314559 -0.450362 -0.210490 0.052856 0.280296 -0.141179 -0.002684 0.213312 0.666045 -0.453823 -0.086697 -0.517651 -0.203779 -0.028651 -0.053433 -0.221285 -0.052763 -0.207107 0.272877 0.002624 0.120796 -0.154246 -0.135662 -0.181457 -0.195937 -0.120748 0.485762 0.057157 0.539855 -0.417982 0.216348 -0.215541 0.322567 -0.310136 -0.375852 0.219627 -0.013867 -0.229005 -0.018578 -0.168791 -0.192893 -0.087345 -0.404154 0.582131 0.156425 0.224842 -0.281284 0.103518 -0.219404 0.245579 -0.087988 -0.034406 -0.250306 -0.086431 -0.038995 -0.188621 0.135481 0.191763 0.162862
0.092242 0.074164 0.091708 -0.232417 0.104549 -0.403629 0.270396 -0.027430 0.296632 -0.005034 0.179011 0.232694 1.000000 0.496123 0.103123 0.364409 0.449103 0.306709 -0.132393 -0.137348 -0.124890 -0.075481 -0.259486 -0.402176 -0.321074 -0.418221 -0.309281 -0.251681 0.655449 0.088452 -0.158416 -0.207964 0.012632 -0.062745 0.156965 -0.002765 0.050158 -0.007848 0.150213 -0.089920 0.157460 -0.003314 -0.173281 -0.123332 0.264631 -0.084049 -0.162318 -0.179709 0.396344 0.073560 0.016774 -0.165053 -0.192358 -0.242476 -0.054837 -0.247371 -0.016328 -0.053339 -0.113952 -0.020396 0.476519 0.105115 0.141900 0.021189 -0.076795 0.015880 0.026713 -0.019092 -0.205600 -0.271903 -0.230185 0.067451 0.088300 -0.201570 -0.123913 0.112784 0.111461 -0.014660 -0.067794 -0.076782 0.073932 0.051708 -0.088635 0.234002 -0.123451 0.026316 -0.311078 -0.076826 -0.256587 -0.166889 0.019170 -0.250073 -0.004262 0.146554 -0.174619 0.045524 -0.166091 -0.284870 -0.154669 -0.165404 0.208257 0.416015 0.109254 0.019980 0.043745 -0.108605 -0.013816 -0.069099 0.100993 -0.050236 -0.062545 -0.145465 -0.199034 0.091738 0.196171 -0.040411
-0.080856 0.561521 -0.191753 -0.171615 0.429248 -0.497248 0.477547 0.494740 0.314962 0.540661 -0.171981 0.570864 0.496123 1.000000 -0.112981 0.731697 0.343542 0.445837 -0.172576 0.127357 -0.016246 0.126672 -0.566998 -0.479409 -0.362304 -0.524687 -0.252433 -0.476408 0.397418 0.452314 -0.141130 -0.145176 -0.173283 0.242451 -0.222160 -0.188803 0.126714 -0.022300 -0.192639 -0.249469 0.157210 0.143003 -0.139071 -0.229511 -0.036024 -0.182063 -0.058053 -0.001337 -0.066269 0.153768 -0.422897 -0.032010 -0.205269 -0.159440 -0.267000 -0.211654 0.030845 -0.069611 -0.319519 0.004584 0.291159 0.548268 0.215419 0.294237 -0.037587 0.367407 -0.288993 -0.364745 -0.325623 -0.149208 -0.123164 0.134004 0.129721 0.047100 -0.151842 0.332665 0.016762 0.156273 0.096549 -0.016602 0.252192 0.242458 -0.243842 0.517321 -0.168936 0.014152 -0.691384 0.105578 -0.556831 -0.180264 -0.050882 -0.170602 0.403446 -0.108776 -0.293601 0.089479 -0.216390 -0.150063 -0.129544 -0.088464 0.604331 0.273332 0.483096 -0.245074 -0.042997 -0.380730 0.084697 -0.165638 0.109997 -0.156347 -0.368885 0.057700 -0.108906 0.243451 0.142769 0.061745
0.185498 -0.238297 0.318206 0.096642 0.262739 -0.071847 0.117863 0.108405 0.401993 0.132919 0.615988 -0.015809 0.103123 -0.112981 1.000000 0.242978 -0.129733 0.124319 0.317554 0.388014 -0.094625 -0.266741 0.300503 0.493419 0.017958 -0.090825 -0.061606 0.201722 0.227984 -0.026494 0.527678 0.410946 -0.195730 0.029115 -0.228798 -0.121732 -0.100875 -0.128299 -0.134146 -0.456483 0.178683 -0.087916 -0.155868 -0.412780 -0.328986 -0.172973 -0.183151 -0.317231 -0.193306 -0.288150 -0.021499 -0.496080 -0.176549 0.032915 -0.149983 -0.255695 -0.185960 -0.186317 -0.107371 -0.289188 -0.067401 -0.058477 -0.213774 -0.221563 0.476003 0.062243 -0.320095 -0.298362 -0.069537 0.041111 0.077462 -0.023440 -0.215799 -0.140050 -0.080901 0.011999 -0.024348 0.077405 -0.195895 -0.206345 -0.136703 -0.195065 0.677448 0.403918 0.458569 -0.053049 0.338012 0.284757 0.470957 0.006104 -0.185479 -0.080679 -0.105376 0.043896 -0.158412 -0.089558 -0.275520 -0.319785 -0.392505 -0.226798 -0.284183 -0.101948 -0.427518 -0.149322 -0.287027 0.156141 -0.087461 -0.250222 -0.015224 0.100119 -0.288440 -0.145816 -0.159038 -0.065357 0.235606 -0.024969
-0.063684 0.427592 -0.186100 0.029607 0.463991 -0.432563 0.379735 0.436050 0.409169 0.561654 -0.076442 0.489312 0.364409 0.731697 0.242978 1.000000 0.246077 0.481957 0.028995 0.428321 0.058649 0.141758 -0.442351 -0.191979 -0.400042 -0.479665 -0.097731 -0.279849 0.391775 0.559099 0.122160 0.146601 -0.194930 0.305323 -0.318875 -0.336055 0.158098 0.023925 -0.230989 -0.322132 0.276484 0.146173 -0.237708 -0.462871 -0.233264 -0.340179 -0.104261 -0.153128 -0.260815 -0.062769 -0.551664 -0.361426 -0.166661 -0.047382 -0.298782 -0.311362 -0.045132 -0.143251 -0.279372 -0.163313 0.168995 0.425650 0.196684 0.192283 0.111126 0.239033 -0.470069 -0.568779 -0.223514 -0.032658 -0.009918 0.237656 0.131306 0.018828 -0.060007 0.277228 0.002673 0.212706 0.024437 0.024829 0.201187 0.147273 0.083588 0.758845 -0.023237 -0.075789 -0.462965 0.380654 -0.375740 -0.093617 -0.082116 -0.082702 0.301645 -0.227849 -0.338612 0.048765 -0.304100 -0.259362 -0.259954 -0.101699 0.403189 0.062953 0.193008 -0.341847 -0.109863 -0.211869 0.102745 -0.212433 0.075249 -0.058182 -0.492305 0.096534 -0.090180 0.172655 0.085261 -0.138080
0.217292 0.214475 -0.382793 -0.307647 -0.069956 -0.363787 -0.076468 -0.264567 0.039148 -0.033314 -0.298620 -0.133183 0.449103 0.343542 -0.129733 0.246077 1.000000 0.415521 -0.211410 -0.044928 -0.010036 0.089293 -0.455134 -0.483718 -0.471608 -0.423586 -0.235333 -0.263900 0.598276 0.430912 -0.241041 -0.254056 0.369943 0.327124 -0.232248 -0.452652 0.555175 0.475149 0.179059 0.203674 0.429052 0.386476 -0.065124 -0.202225 -0.008683 -0.384327 0.002823 0.015544 -0.196745 0.047041 -0.491749 -0.224741 0.148101 0.014535 -0.219073 -0.095946 0.510580 0.484540 0.103179 0.163906 0.404257 0.306454 0.653564 0.555141 -0.442555 -0.395946 0.076660 -0.286536 0.212200 0.095873 -0.372688 0.059574 0.573921 0.182778 0.430822 0.231633 0.109269 -0.017444 0.580153 0.342473 0.701372 0.723329 -0.229446 0.137274 -0.077386 -0.277891 -0.312811 0.091754 -0.461555 -0.199174 0.282349 0.059114 0.136082 -0.162895 -0.133410 0.216393 -0.197001 -0.009072 -0.007218 0.208012 0.142441 0.041844 0.306954 0.001210 -0.014676 -0.267896 -0.054404 -0.151084 0.180184 0.181764 -0.285121 0.062375 0.057215 0.091654 -0.029938 -0.022816
-0.176817 0.435280 -0.460120 -0.003410 0.002974 -0.478777 -0.131912 0.105325 0.287567 0.098824 -0.136186 0.479570 0.306709 0.445837 0.124319 0.481957 0.415521 1.000000 -0.358049 0.357244 -0.122018 -0.060420 -0.418674 -0.310922 -0.564588 -0.505428 -0.237556 -0.297746 0.377114 0.590461 -0.114910 -0.213666 -0.113080 0.247595 -0.293966 -0.313081 0.344319 0.277652 0.015421 -0.112786 0.163603 0.165448 0.001525 -0.391096 -0.288057 -0.251695 -0.075269 -0.037384 -0.296673 -0.008255 -0.413844 -0.268644 -0.106265 0.092883 -0.226566 -0.081499 0.398730 0.371074 -0.407038 -0.265336 -0.001540 0.292943 0.043575 0.301899 -0.114108 0.073199 -0.548591 -0.422880 -0.127016 0.188556 -0.011958 0.124005 0.332037 0.294707 0.273664 0.445062 0.131578 0.156322 0.346455 0.365157 0.386911 0.484367 -0.020449 0.504423 0.210869 0.229198 -0.361982 0.348673 -0.422376 -0.018711 0.130194 0.102109 0.466650 -0.117960 -0.290194 0.136576 -0.341971 -0.039205 -0.125819 0.079886 0.409221 0.006305 0.207761 -0.377222 -0.099042 -0.293123 0.043561 -0.217856 -0.040084 -0.026483 -0.326690 0.013832 0.153238 0.056920 0.124207 0.068991
0.277020 -0.314315 0.447821 0.110189 0.385833 0.096452 0.404640 0.039801 0.128953 0.200929 0.072269 -0.296708 -0.132393 -0.172576 0.317554 0.028995 -0.211410 -0.358049 1.000000 0.356467 0.209881 0.134857 0.342284 0.412127 0.441804 0.193956 0.012169 0.158874 -0.075430 -0.120949 0.290167 0.343662 0.112126 0.056787 -0.188300 -0.143776 -0.113915 -0.128574 0.002883 -0.158282 0.161845 0.103172 -0.240830 -0.260646 -0.145961 -0.244656 -0.236414 -0.350805 -0.161208 -0.149253 -0.077716 -0.273004 0.064838 0.087267 -0.125123 -0.290399 -0.179939 -0.259976 0.189097 0.040969 0.084479 -0.107435 0.074521 -0.149608 0.309537 -0.146942 0.080919 -0.125578 0.266955 -0.060240 0.233177 0.201728 -0.092578 -0.162097 0.002191 -0.232089 -0.128872 -0.158963 -0.201597 -0.179868 -0.096292 -0.201918 0.290142 0.038346 -0.016269 -0.267204 0.237485 0.030019 0.276604 -0.024788 0.029565 0.067551 -0.097840 0.136779 -0.055696 -0.049428 -0.101725 -0.310494 -0.074223 -0.031175 -0.235165 0.125233 -0.137100 0.086771 -0.075786 0.123690 -0.133916 -0.102562 0.032447 -0.019865 -0.281295 -0.015256 -0.027216 -0.004839 -0.248020 -0.267500
0.103159 0.193451 -0.306496 0.118880 0.215653 -0.210671 0.042627 0.001381 0.096486 0.130400 -0.018281 0.123050 -0.137348 0.127357 0.388014 0.428321 -0.044928 0.357244 0.356467 1.000000 0.078442 0.099512 -0.164693 0.188591 -0.158083 -0.185937 0.101037 0.051081 0.240594 0.504704 0.260868 0.214793 -0.019820 0.454294 -0.474184 -0.397420 0.248966 0.152230 -0.010969 -0.195686 0.344303 0.205594 -0.290136 -0.682222 -0.605388 -0.510649 -0.272264 -0.297848 -0.545234 -0.398989 -0.535300 -0.581698 -0.081468 0.074812 -0.226827 -0.138551 0.089460 0.177441 -0.127245 -0.212489 -0.215790 0.045975 -0.058052 0.038687 0.027805 -0.121809 -0.453341 -0.555737 0.205228 0.380331 0.165851 0.281530 0.330779 0.316504 0.250226 0.289554 0.149684 0.207168 0.226546 0.243822 0.321664 0.198559 0.498445 0.595025 0.260123 0.031949 0.063392 0.518391 -0.088688 0.081348 0.062463 0.118761 0.282453 -0.114368 -0.308604 0.136985 -0.328672 -0.148984 -0.210002 -0.099369 0.136227 -0.183702 0.032282 -0.198129 -0.131743 0.005700 -0.095724 -0.295056 -0.067420 0.109194 -0.471542 0.150818 0.172986 0.020770 0.073058 -0.067741
0.186838 -0.012487 0.103750 0.137056 0.027736 0.148507 0.202784 0.013240 0.024732 -0.013156 -0.068731 -0.042503 -0.124890 -0.016246 -0.094625 0.058649 -0.010036 -0.122018 0.209881 0.078442 1.000000 0.442035 0.065126 0.083467 0.128727 0.084777 0.176470 0.159525 -0.164172 0.076854 -0.151272 0.008342 0.146530 0.124400 -0.205218 -0.063743 0.114398 -0.005688 0.086326 0.021420 0.111499 0.204627 0.009300 -0.125633 -0.046961 -0.045234 -0.106136 -0.065312 0.039908 -0.040393 -0.102509 -0.115603 0.079891 0.092675 0.013512 -0.031819 0.114653 -0.001898 0.106979 -0.152834 0.100080 -0.062673 0.020143 -0.033928 0.052404 0.031903 -0.017754 -0.110406 0.134386 0.051205 0.363448 0.176655 0.013212 0.145791 0.081393 0.329739 0.023044 0.197738 -0.088741 0.192246 -0.034082 -0.011383 -0.135233 0.035206 -0.189405 -0.132152 0.066156 0.108660 -0.023184 -0.116777 0.152187 0.201509 0.111272 0.065142 0.034615 0.163016 -0.102734 0.058451 -0.010458 0.038858 0.034016 0.029571 -0.107357 -0.083074 -0.170557 -0.173723 -0.014772 -0.132375 0.135793 0.101418 -0.144333 -0.064489 0.013733 0.208246 -0.174665 -0.187460
-0.068687 0.102639 -0.180976 -0.266893 0.106904 -0.202461 0.183559 -0.144952 -0.054978 0.178984 -0.415194 -0.092842 -0.075481 0.126672 -0.266741 0.141758 0.089293 -0.060420 0.134857 0.099512 0.442035 1.000000 -0.295448 -0.302608 -0.094610 -0.095255 -0.054447 -0.229007 -0.091185 0.307806 -0.107217 -0.019348 0.132433 0.287501 -0.203651 -0.084664 0.201309 0.096562 0.020128 -0.021937 -0.017510 0.187972 0.181854 -0.164357 0.163603 -0.023775 0.043951 0.147540 -0.067986 0.356264 -0.384557 0.054955 0.153989 0.241686 0.065654 0.034552 0.255908 0.183734 -0.090256 -0.030414 -0.096040 0.075993 0.109000 0.020688 -0.006280 -0.010351 -0.081419 -0.262650 0.233540 0.081540 0.256268 0.402984 0.211244 0.262484 0.138291 0.384632 0.064530 0.236851 0.200295 0.282427 0.239442 0.289953 -0.215638 -0.011392 -0.170231 -0.101029 -0.202682 -0.036689 -0.407324 -0.115061 0.190933 0.219642 0.296357 -0.182193 -0.210697 0.065312 -0.277121 0.081005 -0.010913 0.188133 0.146638 -0.061223 0.162817 -0.120584 -0.155588 -0.122570 -0.022278 0.090898 -0.300714 0.147236 -0.282801 0.231687 0.232762 0.097412 -0.115133 -0.066235
0.010329 -0.678970 0.674773 0.507544 -0.062149 0.613643 -0.063318 0.047535 0.010953 -0.178471 0.312364 -0.394347 -0.259486 -0.566998 0.300503 -0.442351 -0.455134 -0.418674 0.342284 -0.164693 0.065126 -0.295448 1.000000 0.785402 0.711008 0.627608 0.280449 0.646249 -0.369393 -0.523558 0.346212 0.253443 -0.117083 -0.432301 0.254934 0.396011 -0.348511 -0.332338 0.007064 -0.006853 -0.120465 -0.210230 0.090898 0.129074 -0.074101 0.093083 -0.079067 -0.055857 0.127011 -0.232129 0.576834 0.015080 0.110667 0.169066 0.208468 0.062308 -0.168052 -0.227810 0.201695 -0.112996 -0.191460 -0.504656 -0.344495 -0.374042 0.213558 -0.100661 0.139178 0.243066 0.107832 -0.056085 0.286394 -0.193017 -0.392561 -0.200367 -0.214653 -0.358044 -0.178786 -0.253066 -0.395595 -0.227870 -0.504797 -0.494449 0.313179 -0.415200 0.103027 -0.002189 0.611006 -0.141600 0.728795 0.093337 -0.057166 0.088347 -0.420482 0.067997 0.300934 -0.273347 0.288344 0.011431 0.018050 -0.059587 -0.620433 -0.151101 -0.651857 -0.038161 -0.190629 0.228685 -0.188342 0.063249 -0.098530 -0.124365 0.229217 -0.158869 -0.251667 -0.215825 -0.044145 -0.163607
0.031728 -0.582526 0.497863 0.622392 0.100991 0.571284 0.030545 0.191724 -0.050652 0.011938 0.309509 -0.278280 -0.402176 -0.479409 0.493419 -0.191979 -0.483718 -0.310922 0.412127 0.188591 0.083467 -0.302608 0.785402 1.000000 0.627507 0.562071 0.351522 0.579399 -0.278950 -0.248066 0.651621 0.655396 -0.210994 -0.175011 0.023625 0.110637 -0.350048 -0.348459 -0.140209 -0.150880 0.014329 -0.146338 -0.048505 -0.118608 -0.308399 -0.045148 -0.206195 -0.280109 -0.192534 -0.392120 0.259802 -0.312463 0.060307 0.197887 -0.017144 -0.100277 -0.241086 -0.251362 0.092032 -0.268976 -0.358030 -0.455157 -0.316560 -0.351448 0.327588 -0.115318 -0.072412 0.017229 0.093946 0.033578 0.313661 0.014650 -0.303293 -0.086110 -0.123162 -0.322924 -0.195881 -0.034640 -0.398758 -0.187382 -0.376769 -0.460803 0.561834 0.021076 0.183840 0.003311 0.633739 0.290598 0.654470 0.171832 -0.198296 0.087951 -0.325072 -0.037689 0.114973 -0.197220 -0.003287 -0.126565 -0.181433 -0.124227 -0.562057 -0.319776 -0.638363 -0.138276 -0.239600 0.230545 -0.179302 -0.137479 -0.038308 -0.014985 -0.092720 -0.137407 -0.189111 -0.203099 -0.100421 -0.190470
-0.059719 -0.492435 0.546821 0.396130 0.133043 0.700809 0.167193 0.081391 -0.157872 -0.024698 0.016054 -0.356477 -0.321074 -0.362304 0.017958 -0.400042 -0.471608 -0.564588 0.441804 -0.158083 0.128727 -0.094610 0.711008 0.627507 1.000000 0.749556 0.388414 0.556090 -0.324690 -0.409889 0.332192 0.346154 -0.009844 -0.245553 0.146314 0.334343 -0.397133 -0.432191 -0.140513 -0.010875 -0.121386 -0.172257 0.044881 0.280947 0.062655 0.167258 -0.068455 -0.037013 0.146659 -0.037149 0.417834 0.088973 0.051228 0.014092 0.008369 0.040848 -0.204217 -0.218689 0.229400 0.013703 -0.204022 -0.398076 -0.263672 -0.324974 0.092340 -0.106085 0.260029 0.285345 0.077543 -0.116060 0.196361 -0.029148 -0.299935 -0.182902 -0.247769 -0.399461 -0.275587 -0.213847 -0.383547 -0.246822 -0.396335 -0.471701 0.150672 -0.336807 -0.177021 0.023209 0.365293 -0.135557 0.404532 -0.043324 -0.079365 0.021061 -0.377510 -0.021729 0.228898 -0.217414 0.250543 0.071031 0.070493 -0.008402 -0.453456 -0.092911 -0.359038 0.007261 -0.094069 0.130127 -0.265528 0.098113 -0.023395 -0.137126 0.198495 -0.156686 -0.168220 -0.124103 -0.082522 -0.047935
-0.325331 -0.545264 0.180233 0.497562 -0.290374 0.839746 -0.245643 -0.119588 -0.459149 -0.307556 -0.072359 -0.314967 -0.418221 -0.524687 -0.090825 -0.479665 -0.423586 -0.505428 0.193956 -0.185937 0.084777 -0.095255 0.627608 0.562071 0.749556 1.000000 0.429083 0.698896 -0.373131 -0.413243 0.321456 0.413479 -0.051929 -0.156847 0.185361 0.413225 -0.324350 -0.181303 -0.026837 0.186888 -0.047895 -0.021189 0.054085 0.317058 -0.081496 0.122730 0.025169 0.074029 -0.013200 -0.214115 0.423668 0.101828 0.167485 -0.009474 0.084851 0.222066 -0.227262 -0.141619 0.232797 -0.029153 -0.391167 -0.559100 -0.224916 -0.286602 -0.108107 -0.178173 0.233600 0.305830 0.183230 -0.114643 0.154606 0.009573 -0.161495 -0.115478 -0.064424 -0.395667 -0.193051 -0.179428 -0.257655 -0.232068 -0.266146 -0.375418 0.261386 -0.391966 -0.111345 0.151838 0.540734 -0.040579 0.423959 0.185332 -0.087061 0.001636 -0.433502 -0.150626 0.522392 -0.151963 0.303403 0.331753 0.077613 -0.056356 -0.495617 -0.385765 -0.377432 0.082362 -0.009914 0.194334 -0.236809 0.074568 -0.059708 -0.014082 0.403439 -0.186041 -0.127758 -0.108166 0.040344 0.124199
0.062766 -0.012295 0.073512 0.323416 -0.044107 0.497228 -0.045115 0.025230 -0.230789 -0.189143 -0.140665 -0.094025 -0.309281 -0.252433 -0.061606 -0.097731 -0.235333 -0.237556 0.012169 0.101037 0.176470 -0.054447 0.280449 0.351522 0.388414 0.429083 1.000000 0.591596 -0.140919 -0.023168 0.232929 0.192181 0.077530 0.032292 0.076179 -0.042640 -0.124329 -0.152617 -0.072542 0.080827 -0.001105 -0.113075 -0.066536 -0.012949 -0.272418 -0.130493 0.027857 -0.034064 -0.133817 -0.341791 0.092416 -0.104081 0.021445 -0.079907 -0.027102 0.148652 -0.014644 0.105907 0.307200 0.150029 -0.122084 -0.150779 -0.013974 -0.000952 -0.211833 -0.218636 0.056307 -0.037408 0.199791 0.141557 0.005586 -0.110001 -0.065723 0.048958 -0.105680 -0.093742 -0.081646 -0.105375 -0.080271 0.177012 -0.123526 -0.153119 0.152593 0.071652 -0.232861 0.090172 0.122261 0.229207 0.057678 0.178154 -0.082615 -0.056434 -0.349754 -0.362721 0.175016 -0.120968 0.288282 0.237345 -0.019394 -0.075505 -0.242591 -0.373556 -0.192109 -0.202515 0.044545 -0.027139 -0.024487 0.123718 0.073031 -0.059627 0.089513 0.000980 -0.196908 -0.119852 -0.093724 -0.083051
-0.039743 -0.436694 0.234345 0.532179 -0.341307 0.700347 -0.294459 -0.131274 -0.246612 -0.373329 0.162661 -0.281490 -0.251681 -0.476408 0.201722 -0.279849 -0.263900 -0.297746 0.158874 0.051081 0.159525 -0.229007 0.646249 0.579399 0.556090 0.698896 0.591596 1.000000 -0.146997 -0.316610 0.288337 0.275134 0.028858 -0.117306 0.047556 0.319031 -0.224970 -0.199475 0.017169 0.062432 0.064406 -0.030778 -0.091957 0.058817 -0.219552 -0.033944 -0.048191 0.023527 -0.043132 -0.336093 0.351019 -0.074970 0.079992 -0.033608 0.103416 0.065143 -0.109556 -0.034248 0.332777 0.011194 -0.179051 -0.368425 -0.168497 -0.196329 -0.131911 -0.155510 0.106070 0.059301 0.236288 0.051534 0.037273 -0.113260 -0.163579 -0.093545 -0.108667 -0.250468 -0.124451 -0.172472 -0.185669 -0.101398 -0.228030 -0.283898 0.407616 -0.196980 -0.046539 0.060149 0.532447 0.136943 0.511070 0.239835 -0.038463 -0.086588 -0.492156 -0.168164 0.377213 -0.143968 0.291898 0.175918 0.023176 -0.179772 -0.538310 -0.348303 -0.496359 -0.059242 -0.123241 0.066413 -0.125699 -0.045006 0.098647 -0.041067 0.298033 -0.226421 -0.245623 -0.045257 0.095485 0.022264
0.209081 0.123782 -0.219455 -0.256720 0.068968 -0.408287 0.077149 -0.240309 0.017598 -0.124988 0.044220 0.043225 0.655449 0.397418 0.227984 0.391775 0.598276 0.377114 -0.075430 0.240594 -0.164172 -0.091185 -0.369393 -0.278950 -0.324690 -0.373131 -0.140919 -0.146997 1.000000 0.412332 0.097888 0.024966 0.247058 0.355028 -0.059951 -0.240440 0.349267 0.137825 0.277505 -0.072033 0.433531 0.167776 -0.314642 -0.287796 -0.087432 -0.366247 -0.168795 -0.183915 -0.023925 -0.177686 -0.280529 -0.461775 -0.244317 -0.299225 -0.164773 -0.168724 0.162124 0.225684 0.089526 0.031977 0.366886 0.153179 0.383653 0.200747 -0.345175 -0.308498 0.017741 -0.292741 0.018488 -0.047682 -0.392506 0.254160 0.561285 0.041109 0.263552 0.198207 0.258054 0.019960 0.287425 0.127581 0.488580 0.343269 0.206887 0.425340 -0.108617 -0.094962 -0.197412 0.158382 -0.318536 -0.192692 -0.081613 -0.278836 -0.104096 -0.044487 -0.124626 0.192773 -0.171694 -0.164939 -0.041692 -0.172174 0.084673 0.138773 0.135742 -0.015164 -0.151646 -0.280190 -0.229136 -0.231452 0.192841 0.177984 -0.158137 -0.024599 -0.086411 0.047666 0.141294 0.070215
-0.103953 0.392467 -0.483166 -0.169835 0.269484 -0.504604 0.178224 0.005365 0.108300 0.279926 -0.357116 0.138000 0.088452 0.452314 -0.026494 0.559099 0.430912 0.590461 -0.120949 0.504704 0.076854 0.307806 -0.523558 -0.248066 -0.409889 -0.413243 -0.023168 -0.316610 0.412332 1.000000 0.119238 0.105324 0.172881 0.682090 -0.368312 -0.514421 0.492052 0.382405 0.131311 -0.069588 0.293133 0.367049 -0.038083 -0.560663 -0.319718 -0.529931 0.017474 -0.125145 -0.466198 -0.115809 -0.759443 -0.480059 0.059616 0.301033 -0.133941 -0.015581 0.478959 0.482061 -0.329160 -0.319160 -0.082271 0.218274 0.248222 0.303246 -0.236148 -0.210558 -0.449582 -0.696267 0.183875 0.345397 0.068614 0.565282 0.657621 0.579887 0.412550 0.497729 0.241760 0.266721 0.480680 0.614400 0.656340 0.675599 0.065974 0.642968 -0.046718 -0.121372 -0.398058 0.399637 -0.649356 -0.240948 0.138463 0.195245 0.387471 -0.340112 -0.269656 0.158760 -0.313533 0.017995 -0.171034 0.199252 0.279039 -0.090033 0.328341 -0.374411 -0.204861 -0.345428 -0.111394 -0.286568 -0.065898 0.136546 -0.551126 0.272793 0.212378 -0.021762 -0.043090 -0.122557
-0.028941 -0.276781 0.261647 0.305456 0.238682 0.229076 0.155094 0.163512 -0.078292 0.056181 0.151184 -0.085288 -0.158416 -0.141130 0.527678 0.122160 -0.241041 -0.114910 0.290167 0.260868 -0.151272 -0.107217 0.346212 0.651621 0.332192 0.321456 0.232929 0.288337 0.097888 0.119238 1.000000 0.823991 -0.127475 0.188216 0.009079 -0.110609 -0.282357 -0.245204 -0.142246 -0.276910 0.093749 -0.092671 -0.117531 -0.306027 -0.296967 -0.295137 -0.137733 -0.293657 -0.289117 -0.362516 -0.042371 -0.453848 -0.035068 0.118337 0.006832 -0.057008 -0.186875 -0.143143 -0.051287 -0.316927 -0.323814 -0.283617 -0.110017 -0.252945 0.256774 -0.151652 -0.187547 -0.298652 0.093451 0.001557 0.208984 0.336879 -0.001134 -0.025999 -0.044595 -0.138933 -0.053034 0.051017 -0.197595 -0.083910 -0.055425 -0.205862 0.575411 0.330172 0.070150 -0.081193 0.315111 0.281349 0.277211 0.095052 -0.282579 -0.112043 -0.308897 -0.262170 -0.007105 -0.294595 -0.131669 -0.158838 -0.178221 -0.088466 -0.307677 -0.268594 -0.317850 -0.250120 -0.195851 -0.006705 -0.217889 -0.099472 -0.249311 0.015813 -0.254835 -0.027930 -0.291204 -0.177150 0.056109 -0.046859
-0.085682 -0.316072 0.205165 0.431140 0.154929 0.300973 0.181064 0.234535 -0.211831 0.114026 0.093576 -0.047911 -0.207964 -0.145176 0.410946 0.146601 -0.254056 -0.213666 0.343662 0.214793 0.008342 -0.019348 0.253443 0.655396 0.346154 0.413479 0.192181 0.275134 0.024966 0.105324 0.823991 1.000000 -0.160687 0.201833 -0.069754 -0.132586 -0.352988 -0.252707 -0.162130 -0.239154 0.097977 0.019893 -0.205776 -0.197737 -0.214649 -0.147175 -0.210964 -0.368300 -0.282725 -0.329862 -0.061524 -0.400398 -0.050321 0.043890 -0.188502 -0.225511 -0.323199 -0.290053 -0.019157 -0.306892 -0.273040 -0.323441 -0.004979 -0.254013 0.287121 -0.088878 -0.107946 -0.181195 0.054007 -0.159693 0.127988 0.422505 -0.055267 -0.031897 -0.024661 -0.157811 -0.130697 0.111186 -0.324202 -0.142596 -0.099437 -0.275343 0.516174 0.368453 -0.032915 -0.018177 0.285793 0.412246 0.244556 0.152177 -0.357121 -0.128856 -0.289819 -0.183651 0.008172 -0.166944 -0.225832 -0.203352 -0.232220 -0.193412 -0.264823 -0.260788 -0.266432 -0.099813 -0.179814 0.021441 -0.177395 -0.211341 -0.109099 0.028689 -0.283005 -0.034861 -0.172446 -0.029472 -0.026882 -0.102589
0.320124 -0.037007 -0.115412 -0.259058 -0.146285 -0.062617 -0.059621 -0.407011 -0.175931 -0.285034 -0.175939 -0.435911 0.012632 -0.173283 -0.195730 -0.194930 0.369943 -0.113080 0.112126 -0.019820 0.146530 0.132433 -0.117083 -0.210994 -0.009844 -0.051929 0.077530 0.028858 0.247058 0.172881 -0.127475 -0.160687 1.000000 0.392933 -0.141121 -0.257461 0.331265 0.213159 0.280940 0.169524 0.029380 0.004085 -0.024380 -0.060414 0.038229 -0.327604 0.045861 0.026039 -0.045854 -0.038549 -0.214640 -0.108320 0.053540 -0.038206 0.065411 0.130206 0.317574 0.369974 0.316021 0.234225 0.217417 -0.000192 0.448246 0.222019 -0.401078 -0.470689 0.252744 -0.154908 0.480783 0.297558 -0.140175 0.131775 0.428471 0.130221 0.334317 -0.017487 0.262557 -0.021469 0.293426 0.377568 0.412220 0.391253 -0.107018 -0.100042 -0.214877 -0.369197 -0.076453 -0.098705 -0.209598 -0.203250 0.202463 0.041728 -0.172816 -0.081607 0.105415 0.235520 0.145256 0.201124 0.101092 0.271719 -0.077541 0.067519 0.073303 0.144264 0.002494 -0.245630 0.021852 -0.085568 0.137479 0.252756 0.101095 -0.043974 0.009484 -0.059569 -0.201718 -0.032790
-0.061259 0.268781 -0.427239 -0.219452 0.188101 -0.307099 0.169350 -0.105217 -0.027089 0.112945 -0.287949 -0.018305 -0.062745 0.242451 0.029115 0.305323 0.327124 0.247595 0.056787 0.454294 0.124400 0.287501 -0.432301 -0.175011 -0.245553 -0.156847 0.032292 -0.117306 0.355028 0.682090 0.188216 0.201833 0.392933 1.000000 -0.412970 -0.360100 0.437633 0.392104 0.028305 -0.083883 0.319221 0.478141 -0.168523 -0.378570 -0.353820 -0.430292 -0.056882 -0.063788 -0.527729 -0.145301 -0.647045 -0.403148 -0.008437 0.056215 -0.255794 -0.111257 0.306820 0.421015 -0.158689 -0.184665 -0.046283 0.122455 0.275164 0.277425 -0.149751 -0.218005 -0.250824 -0.559897 0.362656 0.507445 -0.110897 0.364939 0.615681 0.414899 0.490269 0.414449 0.211275 0.185490 0.438138 0.481729 0.654690 0.591700 0.085847 0.416675 -0.091396 -0.180754 -0.230317 0.295845 -0.464693 -0.202819 0.057995 -0.021382 0.088511 -0.269881 -0.002566 0.273490 -0.219287 0.141707 -0.140428 0.017915 0.144364 -0.084745 0.268009 -0.261546 0.002330 -0.356907 -0.055044 -0.276965 0.045827 0.165269 -0.324412 0.114822 0.147042 -0.066309 -0.065866 -0.060243
0.031610 -0.181266 0.277878 0.062334 -0.152994 0.252120 -0.039307 -0.045139 -0.123495 -0.278257 0.141661 -0.003444 0.156965 -0.222160 -0.228798 -0.318875 -0.232248 -0.293966 -0.188300 -0.474184 -0.205218 -0.203651 0.254934 0.023625 0.146314 0.185361 0.076179 0.047556 -0.059951 -0.368312 0.009079 -0.069754 -0.141121 -0.412970 1.000000 0.363217 -0.277403 -0.166373 0.295865 0.223599 -0.296162 -0.289568 0.106296 0.477696 0.326810 0.239804 0.043447 0.082554 0.518205 -0.077167 0.613313 0.275937 -0.102131 -0.204642 0.314903 0.137519 -0.214506 -0.214472 0.105876 0.023310 0.078662 -0.294445 -0.135167 -0.258982 -0.066817 -0.025293 0.317432 0.447275 -0.068540 -0.304474 -0.037420 -0.097825 -0.235573 -0.304340 -0.269901 -0.310477 -0.019023 -0.317973 -0.329875 -0.213418 -0.406051 -0.439895 -0.124017 -0.343032 -0.265847 0.009978 0.202407 -0.309432 0.208732 0.066710 -0.203921 -0.269577 -0.466128 0.177704 0.322395 -0.138243 0.464292 0.058291 0.321387 -0.155087 -0.273271 0.103674 -0.154016 0.087355 0.176383 0.185275 -0.066106 0.397849 -0.070419 -0.016443 0.486933 0.230976 -0.109979 -0.249960 -0.142499 -0.105354
-0.373019 -0.402610 0.252823 0.132916 -0.227816 0.319984 -0.149415 -0.035482 -0.074194 -0.134788 0.167018 -0.034565 -0.002765 -0.188803 -0.121732 -0.336055 -0.452652 -0.313081 -0.143776 -0.397420 -0.063743 -0.084664 0.396011 0.110637 0.334343 0.413225 -0.042640 0.319031 -0.240440 -0.514421 -0.110609 -0.132586 -0.257461 -0.360100 0.363217 1.000000 -0.289558 -0.274926 0.040122 -0.002835 -0.382265 -0.238770 0.177366 0.470172 0.364913 0.606899 0.086873 0.251991 0.488823 0.288302 0.627304 0.390750 -0.031650 -0.080402 0.369976 0.145578 -0.230075 -0.286008 -0.042579 -0.079971 -0.144095 -0.326985 -0.460176 -0.409158 0.076955 0.346202 0.171305 0.395034 -0.160820 -0.158030 0.130205 -0.160212 -0.412367 -0.246258 -0.345230 -0.241057 -0.092380 -0.118379 -0.308513 -0.463071 -0.492022 -0.450513 -0.056569 -0.511136 -0.100663 0.205148 0.227665 -0.364739 0.341738 0.066127 -0.107168 -0.098643 -0.233736 0.111077 0.305307 -0.238709 0.198837 0.108712 0.092391 -0.209690 -0.244275 0.009227 -0.338516 0.029722 -0.058728 0.140437 0.045646 0.096584 -0.134314 -0.230344 0.570194 -0.179517 -0.167406 -0.153555 0.193624 0.170339
