1.000000 0.149514 0.292349 -0.005948 0.353558 0.128375 0.061597 -0.115999 0.355091 -0.021440 0.328032 0.149609 0.176931 -0.018397 0.313172 -0.021592 -0.027125 -0.157757 0.159597 0.232084 0.043867 -0.072285 0.295368 0.118028 0.179213 0.092351 0.253828 0.241209 -0.127568 -0.249120 0.094808 -0.058106 -0.042695 -0.075270 0.067842 -0.108537 -0.052748 -0.241457 0.188287 0.009721 0.135403 -0.074016 -0.001837 -0.045169 -0.214626 -0.206722 -0.178431 -0.110817 -0.040947 -0.338643 0.213647 -0.231444 -0.038300 -0.210504 -0.170510 -0.253202 0.145967 -0.074088 0.014696 -0.136293 0.287026 0.035822 -0.048415 0.052314 0.250693 0.008939 0.063987 -0.129675 0.137442 -0.128105 -0.261007 -0.320919 -0.324517 -0.199277 -0.163356 0.124952 0.022750 -0.108032 -0.170992 -0.183929 -0.175900 -0.237335 0.090283 -0.044018 0.009787 -0.251470 0.258094 0.183639 0.232528 -0.109621 -0.143448 -0.107173 -0.180559 0.065895 -0.096736 -0.061947 0.028764 -0.128087 -0.319077 -0.162728 0.148075 0.210143 0.098837 -0.161726 -0.168213 -0.050630 0.156334 0.117412 -0.227698 0.061481 0.068978 -0.115083 -0.022297 -0.021018 0.124166 0.125371
0.149514 1.000000 -0.363625 -0.059088 -0.242866 -0.096138 -0.353599 0.187437 -0.100606 0.131703 -0.028623 0.310910 0.048025 0.202164 -0.133160 0.056363 0.089020 0.402025 -0.436557 0.076471 -0.304689 -0.238093 -0.423505 -0.319532 -0.365703 -0.265443 -0.177517 -0.255893 -0.126871 0.087370 -0.526047 -0.326288 0.038647 0.130794 -0.126455 -0.150685 0.038196 -0.083567 -0.400139 -0.017311 0.097519 -0.344070 -0.170736 -0.120672 -0.109341 -0.081306 0.043477 -0.039778 -0.026406 0.019008 -0.131226 0.141966 -0.040678 -0.060858 -0.222426 -0.138890 0.212541 0.226217 0.133240 0.291483 0.237432 0.413146 0.183562 0.267295 -0.048175 0.329294 0.079008 0.094389 0.258630 0.213509 -0.176791 -0.176153 -0.096393 -0.072358 -0.249822 -0.118280 -0.306551 -0.052087 -0.041417 -0.238441 0.224120 0.161471 -0.206710 0.292110 0.099652 0.173993 -0.357494 0.072237 -0.177148 0.304463 0.173472 0.118466 0.253935 -0.123787 -0.049493 0.274489 -0.199922 -0.052191 -0.044114 -0.044106 0.301782 -0.185217 0.097589 -0.209254 -0.092600 -0.043131 0.114798 0.110830 -0.004567 -0.052630 -0.182242 -0.032849 -0.141626 -0.166053 0.075591 -0.051944
0.292349 -0.363625 1.000000 0.476505 0.434543 0.159447 0.692537 0.208039 0.618623 0.154418 0.377206 0.276809 0.320599 0.021746 0.350746 -0.057269 -0.408774 -0.478190 0.248415 0.147227 0.073695 -0.110037 0.708522 0.520412 0.274368 0.308014 0.164481 0.251309 -0.088765 -0.522407 0.324794 0.107453 -0.210266 -0.325379 0.266304 0.128291 -0.434135 -0.224685 0.146517 -0.010281 -0.208451 0.096242 -0.010057 0.208479 0.000458 -0.060602 -0.199147 0.071908 -0.077972 -0.474414 0.574047 0.007575 -0.188966 -0.263147 -0.287402 -0.387223 -0.545982 -0.372378 -0.447892 -0.534994 -0.293661 -0.502333 -0.477633 -0.543099 0.567477 0.088119 0.022436 0.125599 -0.281859 -0.327318 -0.259134 -0.242829 -0.374873 -0.306943 -0.070106 0.034452 -0.152716 -0.392292 -0.341071 -0.203571 -0.645914 -0.659391 0.075368 -0.510333 -0.033944 -0.225080 0.478688 -0.193160 0.548984 -0.061379 -0.386952 -0.044205 -0.042302 0.411366 -0.066576 -0.092915 0.307965 0.106033 -0.235090 -0.058440 0.076435 0.456200 -0.061035 0.004428 -0.038051 0.054262 -0.154171 0.035147 -0.209108 -0.098195 0.419568 0.146001 0.076323 0.071245 0.152000 0.143230
-0.005948 -0.059088 0.476505 1.000000 0.204677 0.278644 0.192386 0.411881 0.490923 0.458377 -0.135851 0.443790 -0.255224 0.062596 -0.065901 -0.100687 -0.441379 -0.458541 0.066887 0.176423 -0.060755 -0.312933 0.450910 0.560658 0.184157 0.368584 0.085634 0.137479 -0.334727 -0.483112 0.021207 0.104117 -0.297234 -0.384109 0.200339 0.285763 -0.453544 -0.213572 -0.206472 -0.025537 -0.386148 -0.273459 -0.118637 0.245783 0.042164 0.180323 -0.312801 0.126353 -0.419945 -0.328549 0.454697 0.243975 -0.371986 -0.225598 -0.287735 -0.195207 -0.268401 -0.346049 -0.478027 -0.356583 -0.459594 -0.406431 -0.556863 -0.526006 0.343030 0.458988 -0.115029 0.256283 -0.137788 -0.261630 -0.364125 -0.361104 -0.509262 -0.359635 -0.061124 -0.115195 -0.314016 -0.487841 -0.061130 -0.095569 -0.459604 -0.523667 -0.021252 -0.396107 0.163411 -0.000584 0.267619 0.053354 0.609247 0.360186 -0.444570 0.041001 0.230876 0.182912 -0.016563 0.041480 0.241003 0.202008 -0.147082 0.140935 0.193155 0.066089 0.050372 -0.163081 0.139471 0.114648 -0.093209 0.055370 -0.024560 -0.243851 0.414372 0.187587 0.074074 0.068708 -0.076764 0.270533
0.353558 -0.242866 0.434543 0.204677 1.000000 0.685733 0.196554 -0.124430 0.553510 0.152551 0.375196 0.244293 0.092471 -0.061843 0.457189 0.190323 -0.216569 -0.388866 0.165730 0.086096 0.619017 0.359881 0.462991 0.344026 0.606653 0.405179 0.824189 0.754217 -0.089522 -0.442800 0.462056 0.020656 -0.098389 -0.323791 0.107795 0.153699 -0.233087 0.038831 0.434505 0.338015 0.045878 0.139105 0.100659 0.171542 0.281803 0.244785 -0.220226 -0.013482 0.054859 -0.259381 0.389486 0.015708 -0.190191 -0.357337 -0.029891 -0.335495 -0.180673 -0.265781 -0.283552 -0.247510 -0.129679 -0.389528 -0.354491 -0.370280 0.386742 0.102191 0.057425 0.210069 -0.042467 -0.350947 -0.300054 -0.385704 -0.439041 -0.378732 -0.053513 0.163668 0.095370 -0.263601 -0.311045 -0.167042 -0.484739 -0.501262 0.232468 -0.242564 0.046865 -0.160290 0.758690 0.232276 0.479224 0.125320 -0.446004 -0.379666 -0.396866 0.003291 -0.163476 -0.331125 0.102425 -0.234433 -0.355269 -0.262846 -0.025064 0.135209 -0.071438 -0.239572 -0.308861 -0.174935 -0.155199 -0.222576 -0.347032 -0.374715 0.210696 0.000582 -0.268580 0.013441 0.084684 0.073672
0.128375 -0.096138 0.159447 0.278644 0.685733 1.000000 -0.121919 -0.070754 0.420494 0.177855 0.022000 0.214078 -0.115544 -0.000561 0.101410 0.181023 -0.179705 -0.360444 -0.153432 -0.036915 0.654530 0.465457 0.260709 0.154385 0.520072 0.489610 0.818962 0.840465 -0.344631 -0.469608 0.240250 -0.052234 -0.074398 -0.263671 0.264406 0.451114 -0.271600 0.027121 0.351908 0.536630 -0.043424 0.092619 0.022359 0.260951 0.304382 0.433286 -0.219179 0.194827 0.125314 -0.020247 0.422456 0.307365 -0.323180 -0.291170 0.014097 -0.229923 0.166800 -0.108641 -0.126897 -0.090601 -0.086905 -0.267846 -0.335854 -0.339554 0.132297 0.282663 0.054862 0.208611 0.077720 -0.279962 -0.384007 -0.394728 -0.524230 -0.333101 0.008065 -0.038746 -0.143807 -0.333172 -0.067175 -0.000048 -0.308418 -0.351290 -0.058856 -0.380724 0.000390 -0.133812 0.581905 0.237995 0.282692 0.253113 -0.349385 -0.318546 -0.358501 -0.232748 -0.144306 -0.337119 0.162475 -0.134902 -0.141642 -0.141088 0.061829 0.014594 0.090453 -0.263988 -0.170640 -0.127953 0.000534 -0.171870 -0.239556 -0.564907 0.207752 0.031235 -0.320869 0.043043 0.031555 0.088723
0.061597 -0.353599 0.692537 0.192386 0.196554 -0.121919 1.000000 0.258127 0.155485 0.059670 0.339286 0.031345 0.281040 -0.054230 0.211436 -0.029069 -0.226899 -0.335687 0.436577 0.182624 0.032257 -0.028700 0.454792 0.458712 0.146502 0.065517 -0.083621 -0.034151 0.270936 -0.179306 0.420307 0.411983 -0.029307 -0.049340 -0.076579 -0.219531 -0.377233 -0.200489 0.003767 -0.235817 -0.207856 0.063462 -0.006862 -0.132616 0.143951 -0.163946 -0.101537 -0.231559 0.001538 -0.234612 0.135260 -0.198532 0.029714 0.063139 -0.166203 -0.270594 -0.488466 -0.248939 -0.226402 -0.403649 -0.317273 -0.370787 -0.233077 -0.359985 0.374797 -0.177230 0.013501 0.062936 -0.347580 -0.159288 0.110028 0.167047 0.062833 -0.002196 0.041019 -0.059864 0.084148 -0.089772 -0.357251 -0.096744 -0.430320 -0.411922 0.361560 -0.063187 -0.100521 -0.228781 0.170207 -0.359455 0.292980 -0.302864 -0.136835 0.074785 -0.007888 0.357114 0.043746 -0.089322 0.016864 -0.135051 -0.108992 -0.021728 -0.118783 0.329776 -0.053719 0.095613 0.001535 -0.101318 -0.107922 0.010816 -0.117464 0.141573 0.065878 0.074437 0.159233 -0.077978 0.114516 -0.024854
-0.115999 0.187437 0.208039 0.411881 -0.124430 -0.070754 0.258127 1.000000 0.085929 0.684874 -0.039335 0.588793 0.302223 0.730730 -0.310883 0.404789 -0.179385 0.100074 -0.337940 -0.078388 -0.183266 -0.231281 -0.237801 -0.118377 -0.463913 -0.380709 -0.268252 -0.349016 0.037980 0.057249 -0.370462 -0.008314 -0.240434 -0.004171 -0.122283 0.017894 -0.018017 -0.153091 -0.330876 -0.170277 -0.039344 -0.118642 -0.521874 -0.225377 -0.092921 -0.154648 -0.193764 -0.042925 -0.105783 -0.170637 -0.073467 0.053817 -0.178522 -0.278645 -0.228438 -0.255084 -0.297067 -0.469924 -0.124877 -0.013826 0.102453 0.087556 0.123892 0.026912 0.280483 0.587938 -0.236667 -0.030817 -0.337123 -0.314902 0.026474 -0.017175 0.097528 0.107076 0.124117 0.129309 -0.104406 -0.096529 0.072093 -0.180700 0.048002 -0.116623 -0.076069 -0.043400 -0.197203 -0.082884 -0.186634 -0.287496 -0.068562 0.120201 -0.164542 0.052112 0.379931 0.044395 0.375086 0.224417 -0.121030 0.026294 -0.287556 -0.126762 0.472215 -0.004638 0.273512 0.061079 0.176666 -0.074569 0.007367 0.229788 0.119287 -0.095663 -0.193335 -0.114317 -0.007442 -0.051843 0.190436 0.193169
0.355091 -0.100606 0.618623 0.490923 0.553510 0.420494 0.155485 0.085929 1.000000 0.421489 0.410856 0.503051 0.236438 0.105006 0.417425 -0.022664 -0.429300 -0.479039 -0.082131 0.091626 0.166942 -0.054937 0.576742 0.442998 0.340025 0.493798 0.289256 0.388950 -0.380423 -0.608483 0.129041 -0.126739 -0.279565 -0.465827 0.258404 0.322199 -0.460644 -0.192794 0.173821 0.104851 -0.221817 0.040512 0.014875 0.352533 0.003098 0.131545 -0.279627 0.181681 -0.164044 -0.362566 0.727093 0.265871 -0.432987 -0.325589 -0.356913 -0.422398 -0.330426 -0.338636 -0.557254 -0.475589 -0.269408 -0.456503 -0.634874 -0.559965 0.506269 0.346752 -0.032687 0.267033 -0.098123 -0.335284 -0.454927 -0.521707 -0.652221 -0.464064 -0.110670 0.107910 -0.236524 -0.414017 -0.317539 -0.299490 -0.662496 -0.678020 -0.014866 -0.513351 0.170955 -0.092901 0.501170 0.040693 0.630708 0.134505 -0.493379 -0.019784 0.043651 0.350123 -0.049420 -0.199651 0.126845 0.079756 -0.404194 0.012318 0.105004 0.170402 -0.113875 -0.262054 -0.124554 0.100025 -0.082135 -0.002396 -0.351573 -0.242106 0.505856 0.103245 -0.018065 0.120258 0.254941 0.101376
-0.021440 0.131703 0.154418 0.458377 0.152551 0.177855 0.059670 0.684874 0.421489 1.000000 -0.026536 0.570494 0.163782 0.540196 -0.120275 0.431267 -0.309926 -0.076544 -0.263318 -0.021175 -0.016618 -0.162114 -0.142853 0.016310 -0.153045 -0.102539 -0.055945 -0.139048 -0.133708 -0.101654 -0.287444 -0.088200 -0.207749 -0.130087 -0.012643 0.172775 -0.081639 -0.090788 -0.190391 -0.041487 -0.081704 -0.078056 -0.355391 -0.116418 0.029416 -0.018214 -0.231312 -0.060513 -0.159115 -0.116086 0.102129 0.178993 -0.260974 -0.240988 -0.222509 -0.251993 -0.265575 -0.384606 -0.269171 -0.051163 -0.029698 -0.025765 -0.135452 -0.143671 0.380389 0.663969 -0.180903 0.107436 -0.068655 -0.273035 -0.124407 -0.150480 -0.181015 -0.158798 -0.023077 0.091472 -0.143899 -0.216032 -0.120952 -0.270512 -0.166359 -0.256476 -0.066048 -0.140572 -0.075320 -0.100478 -0.025634 -0.141288 0.201768 0.264780 -0.127889 0.195100 0.331295 0.122496 0.273680 0.104158 -0.189276 -0.025214 -0.302257 0.112515 0.284200 -0.041126 0.084161 -0.126639 0.028580 0.006025 -0.034471 0.154334 -0.052718 -0.236818 -0.064273 0.060974 0.032817 0.063984 0.209366 0.270584
0.328032 -0.028623 0.377206 -0.135851 0.375196 0.022000 0.339286 -0.039335 0.410856 -0.026536 1.000000 0.444024 0.587074 0.162962 0.667455 0.099840 -0.030300 -0.060017 -0.041068 0.059218 0.142522 0.075774 0.415822 0.335166 0.213821 0.178869 0.174226 0.214562 0.249811 -0.206561 0.279269 0.131769 -0.199396 -0.187152 -0.007935 -0.122483 -0.165402 -0.061479 0.181412 -0.089830 -0.027025 0.274835 0.048577 0.083741 0.043185 -0.108754 0.037899 -0.015704 0.030865 -0.384514 0.328195 0.005981 -0.117127 -0.144744 -0.204201 -0.265263 -0.454618 -0.285828 -0.451833 -0.554175 -0.115326 -0.348546 -0.221606 -0.304118 0.355440 -0.053303 -0.164944 0.041358 -0.437918 -0.360804 -0.083414 -0.093024 -0.188389 -0.092685 -0.067241 0.247009 0.130878 0.041336 -0.424659 -0.147698 -0.440590 -0.401209 0.335455 0.016949 0.282998 0.071867 0.353325 0.028046 0.334272 -0.148862 -0.242067 -0.192348 -0.082073 0.243413 -0.071588 -0.236662 -0.014105 -0.061458 -0.298464 -0.301432 -0.069420 0.018930 -0.291132 -0.203682 -0.201973 -0.112099 -0.128985 -0.231188 -0.313904 0.262471 0.257926 -0.062199 -0.029950 -0.135654 0.178352 -0.245322
0.149609 0.310910 0.276809 0.443790 0.244293 0.214078 0.031345 0.588793 0.503051 0.570494 0.444024 1.000000 0.345285 0.608120 0.116949 0.311444 -0.261438 -0.002482 -0.480906 -0.071064 -0.022483 -0.173220 0.135140 0.239014 -0.127974 0.023118 0.078942 0.071449 -0.111289 -0.272553 -0.208508 -0.033731 -0.273904 -0.198557 0.133178 0.182704 -0.147641 -0.117413 -0.113318 -0.027981 0.016328 -0.025625 -0.312105 0.166633 -0.027611 0.055913 -0.228894 0.106049 -0.225911 -0.444569 0.326676 0.274571 -0.461915 -0.480461 -0.380073 -0.371839 -0.369708 -0.484010 -0.465122 -0.343933 -0.129127 -0.247708 -0.237339 -0.299870 0.424073 0.675165 -0.197704 0.194188 -0.369569 -0.493014 -0.249530 -0.299874 -0.364564 -0.191718 0.036282 0.238579 -0.155938 -0.241022 -0.159254 -0.304624 -0.290720 -0.416477 0.045279 -0.190133 0.216459 0.108625 0.224406 0.058179 0.344696 0.339715 -0.515610 -0.242074 0.156676 0.040753 0.124405 -0.020348 -0.009157 0.100326 -0.500789 -0.277954 0.433022 -0.076817 0.018367 -0.278939 0.016874 -0.066067 -0.037440 -0.010186 -0.187870 -0.065155 0.190313 -0.101987 -0.090453 -0.179315 0.263128 0.074781
0.176931 0.048025 0.320599 -0.255224 0.092471 -0.115544 0.281040 0.302223 0.236438 0.163782 0.587074 0.345285 1.000000 0.544265 0.371906 0.462202 0.055643 0.272852 -0.281608 -0.091306 0.021375 0.079799 -0.087043 -0.226661 -0.301396 -0.337676 -0.036867 -0.063031 0.270819 -0.019270 -0.104132 -0.114674 -0.155889 0.133079 -0.045606 -0.083626 0.184445 -0.010217 0.186728 0.044641 0.269155 0.302807 -0.370165 -0.221818 -0.327957 -0.404809 -0.141053 -0.101382 0.125864 -0.277185 0.063073 -0.139267 0.012360 -0.297923 -0.126221 -0.263697 -0.355868 -0.260584 -0.168535 -0.197495 0.340913 0.031830 0.266340 0.083601 0.472671 0.157634 -0.133280 -0.166105 -0.282322 -0.228456 0.062927 0.022371 0.145562 0.061840 0.055388 0.397232 0.158721 0.165567 -0.145093 -0.162068 -0.078678 -0.151646 -0.096838 -0.007115 -0.197038 -0.045510 0.041297 -0.177117 -0.190078 -0.216790 -0.051731 -0.118281 -0.024440 0.087459 0.233585 -0.068227 -0.071274 -0.065940 -0.350095 -0.223398 0.192612 0.226934 -0.057167 0.044152 -0.099429 -0.072852 -0.073761 0.070037 -0.104858 0.115619 -0.134976 -0.177378 -0.051691 -0.022956 0.347799 -0.048875
-0.018397 0.202164 0.021746 0.062596 -0.061843 -0.000561 -0.054230 0.730730 0.105006 0.540196 0.162962 0.608120 0.544265 1.000000 -0.097355 0.613513 0.017632 0.313781 -0.507453 -0.126304 0.006338 -0.061608 -0.344685 -0.301412 -0.409680 -0.371936 -0.120589 -0.190120 0.121223 0.104104 -0.316246 -0.014421 -0.221560 0.110387 -0.123466 0.113983 0.215164 -0.079376 -0.050262 0.013482 0.168730 0.121172 -0.536556 -0.270692 -0.300230 -0.265315 -0.168275 0.005774 -0.010159 -0.117604 -0.108246 0.022605 -0.192179 -0.383690 -0.185657 -0.287420 -0.212655 -0.424053 -0.112712 -0.005616 0.366818 0.228935 0.249272 0.204207 0.213188 0.587050 -0.326879 -0.202584 -0.336893 -0.315927 -0.012107 -0.092853 0.101713 -0.004877 0.067305 0.320023 0.018757 0.116129 0.205402 -0.089810 0.176603 0.005311 -0.091298 0.030733 -0.237174 -0.088170 -0.084147 -0.124530 -0.283036 -0.014887 -0.166879 -0.068456 0.260792 -0.068345 0.418079 0.156339 -0.147704 0.060143 -0.393498 -0.284904 0.446274 -0.051318 0.187454 -0.019373 0.071912 -0.100817 -0.017452 0.101551 0.108477 -0.011047 -0.213788 -0.165580 -0.079165 -0.017507 0.251594 0.176214
0.313172 -0.133160 0.350746 -0.065901 0.457189 0.101410 0.211436 -0.310883 0.417425 -0.120275 0.667455 0.116949 0.371906 -0.097355 1.000000 0.159504 0.012104 -0.112509 0.202585 0.207054 0.189552 0.128800 0.521785 0.400022 0.375425 0.309130 0.285599 0.335938 0.220750 -0.225111 0.360108 0.112274 -0.283829 -0.366667 -0.042970 -0.176276 -0.081456 -0.006398 0.282461 0.063335 -0.024498 0.187945 0.198432 0.022372 -0.167755 -0.244566 -0.071481 -0.128144 -0.133474 -0.281597 0.283749 -0.129223 0.031627 0.016219 -0.090111 -0.205639 -0.337552 -0.121271 -0.456438 -0.416700 -0.224206 -0.353666 -0.262842 -0.276420 0.334882 -0.222219 -0.219552 -0.148010 -0.090019 -0.097897 -0.062717 -0.032841 -0.199488 -0.160859 -0.150492 0.203268 0.199873 0.053318 -0.295789 -0.078663 -0.407405 -0.349690 0.376128 0.040632 0.224866 -0.016248 0.426148 -0.000269 0.373868 -0.149903 -0.105135 0.008893 -0.070647 0.325804 -0.191020 -0.271112 0.063426 -0.072938 -0.187921 -0.109501 -0.064074 0.220704 -0.323458 -0.075015 -0.245099 -0.100846 -0.133977 -0.203505 -0.215621 0.156997 0.315432 0.152700 0.030015 -0.046776 0.025463 -0.037361
-0.021592 0.056363 -0.057269 -0.100687 0.190323 0.181023 -0.029069 0.404789 -0.022664 0.431267 0.099840 0.311444 0.462202 0.613513 0.159504 1.000000 0.141241 0.258213 -0.250266 -0.099590 0.311512 0.291805 -0.386541 -0.331874 -0.165700 -0.305896 0.160365 0.028634 0.254220 0.228480 -0.112328 0.021335 -0.197356 0.090615 -0.148985 0.010330 0.425104 0.244991 0.249345 0.183761 0.368123 0.248219 -0.323307 -0.316196 -0.183947 -0.213349 -0.211739 -0.189105 0.068183 -0.063984 -0.353221 -0.193687 -0.072940 -0.309161 0.116224 -0.060744 -0.043717 -0.278750 0.019206 0.128233 0.385684 0.162122 0.334379 0.233600 0.110562 0.286308 -0.278868 -0.321321 -0.111957 -0.261709 0.120220 0.084744 0.181775 0.005713 0.094891 0.409838 0.286017 0.215395 0.144471 -0.066469 0.238515 0.111909 0.042477 0.232442 -0.294257 -0.089796 -0.007810 -0.051028 -0.351214 0.027607 0.026801 -0.109694 0.052302 -0.141112 0.232257 -0.036396 -0.215429 -0.279954 -0.234717 -0.218076 0.349871 0.134036 0.181771 0.088056 -0.032049 -0.236659 -0.064122 0.090209 0.036715 -0.204871 -0.423909 -0.052143 -0.156337 -0.084943 0.142480 0.286161
-0.027125 0.089020 -0.408774 -0.441379 -0.216569 -0.179705 -0.226899 -0.179385 -0.429300 -0.309926 -0.030300 -0.261438 0.055643 0.017632 0.012104 0.141241 1.000000 0.610103 0.030197 0.132129 0.065168 0.077513 -0.294655 -0.294913 -0.142006 -0.158472 -0.058151 -0.077421 0.503907 0.361468 -0.056485 0.094355 -0.050195 0.167288 -0.210507 -0.093374 0.372375 0.012066 0.066213 -0.089512 0.095951 0.080575 0.044154 -0.206665 -0.258865 -0.254531 -0.087485 -0.121326 0.102555 0.011677 -0.331133 -0.217230 0.230878 0.148706 0.155233 0.220998 0.234534 0.220138 0.127670 -0.043966 0.204234 0.121359 0.448765 0.454250 -0.279467 -0.283247 -0.316012 -0.454477 -0.003148 0.174017 0.314516 0.162591 0.420010 0.354572 0.110983 0.176866 0.260106 0.375017 0.422770 0.294128 0.467575 0.417394 0.037853 0.343727 0.128741 0.233493 -0.216720 0.074115 -0.383735 -0.161930 0.295110 0.017390 -0.120258 -0.248792 0.064956 0.078863 0.020430 -0.027122 0.300410 -0.027119 -0.023444 -0.050463 0.055541 0.028765 0.002105 -0.270300 0.083869 -0.195376 0.214248 0.225848 -0.204065 0.089446 -0.001950 0.020592 -0.078478 0.058071
-0.157757 0.402025 -0.478190 -0.458541 -0.388866 -0.360444 -0.335687 0.100074 -0.479039 -0.076544 -0.060017 -0.002482 0.272852 0.313781 -0.112509 0.258213 0.610103 1.000000 -0.310802 -0.102535 -0.214883 -0.107092 -0.585701 -0.522942 -0.405332 -0.458403 -0.261208 -0.318599 0.361423 0.488342 -0.308905 -0.098833 -0.020067 0.321484 -0.184932 -0.210841 0.498369 0.147279 -0.080085 0.020923 0.319940 0.121753 -0.206885 -0.268488 -0.312650 -0.319972 0.117954 -0.047508 0.001607 -0.037498 -0.481273 -0.168523 0.189557 -0.087036 0.034972 0.198493 0.121317 0.135016 0.204443 0.216107 0.347604 0.389403 0.616196 0.598616 -0.167107 0.036558 -0.152693 -0.313778 -0.015197 0.042089 0.270473 0.204291 0.459156 0.421816 0.113995 0.228887 0.060255 0.238402 0.357841 0.029372 0.554639 0.509278 -0.089330 0.353065 0.070750 0.372032 -0.345785 -0.012645 -0.506185 0.099002 0.267141 -0.090174 -0.032778 -0.361234 0.168067 0.360267 -0.038361 0.032490 0.144621 -0.103070 0.129022 -0.178327 0.044117 -0.026409 -0.008847 -0.247127 -0.084726 -0.115298 0.363256 0.202937 -0.333734 -0.073748 -0.001137 -0.004264 0.090646 0.087476
0.159597 -0.436557 0.248415 0.066887 0.165730 -0.153432 0.436577 -0.337940 -0.082131 -0.263318 -0.041068 -0.480906 -0.281608 -0.507453 0.202585 -0.250266 0.030197 -0.310802 1.000000 0.580750 0.053530 -0.009900 0.372396 0.392632 0.376436 0.227534 -0.032984 -0.019950 0.328868 0.058705 0.539082 0.457252 0.048481 -0.072358 -0.165048 -0.193341 -0.145189 -0.064452 0.035319 -0.293143 -0.268960 0.007833 0.228639 -0.140432 0.062598 -0.159133 -0.040351 -0.244313 -0.142918 -0.020128 -0.104380 -0.372316 0.218559 0.312210 0.006942 0.106239 -0.171617 -0.073910 -0.017949 -0.091418 -0.337322 -0.314756 -0.193927 -0.188416 -0.047635 -0.513883 -0.032315 -0.171064 0.111777 0.140327 0.101427 0.221109 0.071397 0.069976 0.038351 0.002761 0.227660 0.066625 -0.184345 0.052574 -0.133485 -0.086528 0.512579 0.197079 0.014301 -0.210889 0.130159 0.059388 0.278637 -0.296433 0.129315 0.216256 -0.030303 0.312387 -0.095129 -0.068412 -0.035599 -0.198457 0.103087 0.094709 -0.428513 0.107104 -0.259986 0.043498 -0.118771 0.097332 -0.206108 -0.122996 0.007787 0.201835 -0.017211 0.135788 0.269808 0.048176 -0.206008 0.041300
0.232084 0.076471 0.147227 0.176423 0.086096 -0.036915 0.182624 -0.078388 0.091626 -0.021175 0.059218 -0.071064 -0.091306 -0.126304 0.207054 -0.099590 0.132129 -0.102535 0.580750 1.000000 0.030022 -0.046609 0.210092 0.311567 0.111579 0.169244 -0.040331 -0.046860 0.299874 0.032059 0.263232 0.320125 -0.093086 -0.156386 -0.206225 -0.078063 -0.131951 -0.180069 -0.019052 -0.229507 -0.196719 0.022613 -0.011821 -0.271920 -0.165843 -0.273192 -0.254786 -0.222462 -0.327397 -0.117461 -0.032982 -0.124263 0.007882 0.206194 -0.201669 -0.082417 -0.143195 -0.169035 -0.204022 -0.226972 -0.296749 -0.226488 -0.223725 -0.146932 -0.018898 -0.127256 -0.304874 -0.261432 0.079620 0.025375 -0.030783 0.037177 -0.088644 0.061490 0.067388 0.200743 0.123163 0.148364 -0.059518 -0.113050 -0.019360 -0.141178 0.455000 0.373229 0.061290 -0.066187 0.008369 0.202066 0.249013 -0.074348 0.066489 0.290792 0.182155 0.301475 0.058585 -0.056605 -0.249443 -0.175250 -0.097861 0.049448 -0.076125 0.040226 -0.198136 -0.190549 -0.056606 -0.033475 -0.041306 -0.174547 -0.040591 0.118743 -0.054148 0.175971 0.307838 0.059736 0.124770 0.072415
0.043867 -0.304689 0.073695 -0.060755 0.619017 0.654530 0.032257 -0.183266 0.166942 -0.016618 0.142522 -0.022483 0.021375 0.006338 0.189552 0.311512 0.065168 -0.214883 0.053530 0.030022 1.000000 0.714901 0.125374 0.087029 0.455080 0.307596 0.706334 0.673940 0.083095 -0.119816 0.457181 0.200884 -0.089337 -0.167532 -0.087464 0.207256 0.046662 0.175399 0.458958 0.386125 0.140012 0.328136 0.093620 0.071453 0.274314 0.211923 -0.145250 -0.035039 0.161239 0.029729 0.022750 0.033260 -0.151350 -0.174032 0.296638 -0.110649 0.120056 -0.065807 0.007594 -0.064217 0.017564 -0.248978 -0.137139 -0.150198 -0.054549 -0.088934 -0.103252 -0.060546 -0.066033 -0.239732 0.002583 -0.118697 -0.149758 -0.071271 0.176775 0.235663 0.350539 0.094867 0.094122 0.186160 -0.089437 -0.091260 0.185558 -0.061418 -0.127929 -0.110407 0.482947 0.267706 0.035600 0.046244 -0.184911 -0.316431 -0.453172 -0.169532 0.002368 -0.321606 0.080685 -0.251262 -0.034268 -0.184623 -0.123204 0.031756 0.038708 -0.110028 -0.240860 -0.333841 -0.202796 -0.265931 -0.087087 -0.351199 -0.039786 -0.022406 -0.261033 0.008639 -0.053889 0.085055
-0.072285 -0.238093 -0.110037 -0.312933 0.359881 0.465457 -0.028700 -0.231281 -0.054937 -0.162114 0.075774 -0.173220 0.079799 -0.061608 0.128800 0.291805 0.077513 -0.107092 -0.009900 -0.046609 0.714901 1.000000 -0.093577 -0.095692 0.211507 0.068969 0.504633 0.476859 0.110808 0.043102 0.307796 0.068349 0.066226 -0.034042 -0.035842 0.068802 0.190176 0.186156 0.521209 0.380119 0.152564 0.258863 -0.069499 -0.114892 0.142785 0.088411 -0.081877 -0.079656 0.169100 0.119425 -0.141664 -0.089277 0.069259 -0.071633 0.354627 -0.071397 0.136371 0.015050 0.235674 0.111199 0.170326 -0.026076 0.186111 0.110669 -0.094597 -0.189574 -0.022476 -0.097933 -0.023412 -0.101839 0.121317 0.087569 0.085230 0.041052 0.235455 0.261269 0.296433 0.226907 0.028531 0.113060 0.133855 0.109470 0.158702 0.102478 -0.134435 0.016918 0.318664 0.344140 -0.218687 -0.014616 0.023314 -0.254555 -0.373912 -0.166001 0.072164 -0.313274 -0.121672 -0.279964 -0.158473 -0.273393 -0.000110 0.106361 0.051711 0.024236 -0.121265 -0.189615 -0.045359 -0.228604 -0.137268 -0.251625 -0.242157 -0.266825 -0.246179 0.084721 0.054225 -0.106235
0.295368 -0.423505 0.708522 0.450910 0.462991 0.260709 0.454792 -0.237801 0.576742 -0.142853 0.415822 0.135140 -0.087043 -0.344685 0.521785 -0.386541 -0.294655 -0.585701 0.372396 0.210092 0.125374 -0.093577 1.000000 0.831657 0.632819 0.668753 0.313564 0.481083 -0.152541 -0.602804 0.548223 0.243611 -0.162578 -0.462004 0.277411 0.112021 -0.532777 -0.206300 0.169556 -0.034182 -0.353595 0.046113 0.345724 0.363242 0.115806 0.100449 -0.130416 0.117779 -0.256329 -0.393249 0.642194 0.057553 -0.225296 -0.003445 -0.242496 -0.229012 -0.322866 -0.160920 -0.557164 -0.670610 -0.604630 -0.622171 -0.693832 -0.652847 0.351495 -0.168183 -0.040146 0.158115 -0.189444 -0.221862 -0.254470 -0.192075 -0.513556 -0.268746 -0.074563 -0.118368 -0.093614 -0.324435 -0.296786 -0.012358 -0.699963 -0.617122 0.279078 -0.455666 0.323351 -0.120196 0.591502 -0.047771 0.771220 -0.071420 -0.421758 -0.067917 -0.148411 0.342035 -0.302823 -0.345122 0.367291 0.120026 -0.084201 0.026668 -0.154501 0.234409 -0.215542 -0.157868 -0.043674 0.044044 -0.041799 -0.218210 -0.332469 0.052969 0.680542 0.254885 0.169539 0.057604 -0.016213 -0.020239
0.118028 -0.319532 0.520412 0.560658 0.344026 0.154385 0.458712 -0.118377 0.442998 0.016310 0.335166 0.239014 -0.226661 -0.301412 0.400022 -0.331874 -0.294913 -0.522942 0.392632 0.311567 0.087029 -0.095692 0.831657 1.000000 0.511693 0.586386 0.136853 0.296509 -0.029488 -0.451731 0.498981 0.469467 -0.241807 -0.462097 0.057309 -0.005793 -0.518059 -0.282958 0.035888 -0.168952 -0.395529 -0.056726 0.230536 0.218974 0.156069 0.096425 -0.180256 -0.104514 -0.332196 -0.374863 0.480608 0.061930 -0.162333 0.081285 -0.305233 -0.259588 -0.394259 -0.198552 -0.524789 -0.661343 -0.704553 -0.659874 -0.644674 -0.646690 0.313744 -0.105087 -0.129637 0.205649 -0.291622 -0.184078 -0.151156 -0.076312 -0.430381 -0.251279 -0.011227 -0.090225 -0.061147 -0.249748 -0.270968 0.001476 -0.629926 -0.537697 0.447479 -0.187461 0.376800 0.033743 0.429524 0.022333 0.773907 0.066898 -0.389974 0.019932 0.050612 0.418577 -0.185430 -0.261269 0.130895 0.069859 -0.155738 -0.036871 -0.121774 0.111402 -0.281066 -0.159588 0.069239 0.023157 -0.098754 -0.271541 -0.251285 0.179278 0.478880 0.169009 0.149214 -0.056340 -0.064301 -0.051651
0.179213 -0.365703 0.274368 0.184157 0.606653 0.520072 0.146502 -0.463913 0.340025 -0.153045 0.213821 -0.127974 -0.301396 -0.409680 0.375425 -0.165700 -0.142006 -0.405332 0.376436 0.111579 0.455080 0.211507 0.632819 0.511693 1.000000 0.842358 0.604077 0.672410 -0.155954 -0.387976 0.736985 0.339387 -0.028408 -0.210819 0.228307 0.193990 -0.307065 0.077484 0.357454 0.257481 -0.150109 0.160366 0.512439 0.406103 0.352898 0.356033 0.138603 0.262436 -0.138441 -0.195005 0.339172 -0.004939 -0.212267 -0.058946 -0.035708 0.023874 -0.038580 -0.051975 -0.297659 -0.378844 -0.358727 -0.409779 -0.501274 -0.397493 0.006535 -0.210603 0.039342 0.149548 -0.031514 -0.242458 -0.344336 -0.313784 -0.461452 -0.397080 -0.092824 -0.190540 -0.001780 -0.252051 -0.196586 0.046711 -0.443779 -0.329189 0.314166 -0.208993 0.312064 -0.012668 0.607376 0.181340 0.501050 -0.049546 -0.324570 -0.282174 -0.425328 -0.083122 -0.276139 -0.205781 0.374062 0.008331 0.099591 -0.062894 -0.422193 -0.092566 -0.287077 -0.415616 -0.373985 -0.169372 -0.269693 -0.390240 -0.175704 -0.186697 0.520915 0.318471 -0.040855 0.016118 -0.166793 0.045606
0.092351 -0.265443 0.308014 0.368584 0.405179 0.489610 0.065517 -0.380709 0.493798 -0.102539 0.178869 0.023118 -0.337676 -0.371936 0.309130 -0.305896 -0.158472 -0.458403 0.227534 0.169244 0.307596 0.068969 0.668753 0.586386 0.842358 1.000000 0.418302 0.549900 -0.291541 -0.532697 0.567505 0.282420 -0.137068 -0.335569 0.348776 0.376679 -0.455883 -0.092996 0.218329 0.218170 -0.295214 0.097048 0.519112 0.596960 0.268814 0.401212 0.004915 0.367005 -0.187520 -0.208572 0.514912 0.261572 -0.357514 -0.065234 -0.212414 -0.046984 -0.126719 -0.097814 -0.434690 -0.497098 -0.492753 -0.573399 -0.680663 -0.567344 -0.009521 -0.049746 0.028135 0.246307 -0.061864 -0.171010 -0.455515 -0.389586 -0.594324 -0.433236 -0.062626 -0.237053 -0.215694 -0.393267 -0.175738 -0.055221 -0.522473 -0.444800 0.236487 -0.306064 0.414692 0.155862 0.550263 0.222596 0.584483 0.096500 -0.338180 -0.141619 -0.238046 0.014899 -0.262943 -0.149071 0.409515 0.223806 0.139951 0.026787 -0.343205 -0.130090 -0.294957 -0.471762 -0.223393 -0.063512 -0.283933 -0.351270 -0.208230 -0.197422 0.681552 0.343454 0.027596 0.017989 -0.154619 -0.008869
0.253828 -0.177517 0.164481 0.085634 0.824189 0.818962 -0.083621 -0.268252 0.289256 -0.055945 0.174226 0.078942 -0.036867 -0.120589 0.285599 0.160365 -0.058151 -0.261208 -0.032984 -0.040331 0.706334 0.504633 0.313564 0.136853 0.604077 0.418302 1.000000 0.917583 -0.169217 -0.386163 0.420295 -0.032790 0.003743 -0.178013 0.259340 0.283088 -0.114669 0.139310 0.475041 0.532860 0.120650 0.181716 0.141571 0.214763 0.262206 0.314323 -0.137125 0.117931 0.098317 -0.136232 0.319249 0.097603 -0.215608 -0.342741 0.176358 -0.142547 0.156096 -0.029967 -0.137594 -0.151692 -0.000651 -0.230483 -0.200342 -0.225824 0.161030 0.073496 0.065559 0.125278 0.066699 -0.258292 -0.228638 -0.346322 -0.399958 -0.307474 -0.022155 0.053660 0.088384 -0.211209 -0.047985 0.031817 -0.250465 -0.267194 0.010304 -0.252698 0.037209 -0.058090 0.712228 0.348936 0.239925 0.139727 -0.355029 -0.506039 -0.609219 -0.355230 -0.178843 -0.371974 0.257258 -0.162016 -0.150479 -0.221132 -0.058666 0.020520 0.051325 -0.298923 -0.295525 -0.256795 -0.011187 -0.227238 -0.235133 -0.461825 0.232809 -0.035532 -0.334857 0.031437 -0.001549 0.028663
0.241209 -0.255893 0.251309 0.137479 0.754217 0.840465 -0.034151 -0.349016 0.388950 -0.139048 0.214562 0.071449 -0.063031 -0.190120 0.335938 0.028634 -0.077421 -0.318599 -0.019950 -0.046860 0.673940 0.476859 0.481083 0.296509 0.672410 0.549900 0.917583 1.000000 -0.225204 -0.452661 0.479013 0.056394 -0.043018 -0.259823 0.311462 0.298391 -0.248369 0.095951 0.484703 0.521359 -0.006691 0.199494 0.235012 0.306613 0.216925 0.312157 -0.158712 0.169700 0.048566 -0.204927 0.465924 0.123801 -0.253263 -0.286043 0.089004 -0.161200 0.139841 -0.031182 -0.210186 -0.301867 -0.130953 -0.343122 -0.331738 -0.316669 0.156665 -0.003863 0.031984 0.136810 0.004024 -0.296098 -0.272600 -0.332627 -0.510942 -0.337240 -0.029133 -0.040805 0.018818 -0.266038 -0.055310 0.083941 -0.348801 -0.318596 -0.029315 -0.387960 0.128667 -0.061024 0.730739 0.262618 0.316987 0.075819 -0.409581 -0.445803 -0.549621 -0.229753 -0.285103 -0.408058 0.309604 -0.093575 -0.108954 -0.176664 -0.076138 0.094454 0.026540 -0.258935 -0.222898 -0.150479 -0.028845 -0.251620 -0.292045 -0.396286 0.364348 0.013359 -0.267021 0.039436 0.014123 -0.010057
-0.127568 -0.126871 -0.088765 -0.334727 -0.089522 -0.344631 0.270936 0.037980 -0.380423 -0.133708 0.249811 -0.111289 0.270819 0.121223 0.220750 0.254220 0.503907 0.361423 0.328868 0.299874 0.083095 0.110808 -0.152541 -0.029488 -0.155954 -0.291541 -0.169217 -0.225204 1.000000 0.528393 0.222936 0.429149 0.003932 0.161416 -0.359297 -0.356432 0.297535 0.183793 -0.045255 -0.280803 0.117838 0.249332 -0.095846 -0.352908 -0.146641 -0.371565 0.027799 -0.290805 0.014229 -0.062759 -0.381948 -0.319365 0.232072 0.200414 0.059475 0.202664 -0.251612 -0.181740 -0.048234 -0.138510 -0.032876 -0.104750 0.331339 0.184046 -0.113732 -0.404738 -0.408254 -0.462759 -0.190472 0.003355 0.453978 0.425351 0.555131 0.438604 0.259254 0.345587 0.472877 0.501839 0.178582 0.266301 0.285262 0.252297 0.395150 0.535151 -0.071586 0.046128 -0.136236 -0.143289 -0.241186 -0.235964 0.119986 -0.001413 -0.032118 0.023039 0.170179 0.072477 -0.086136 -0.155736 0.021175 -0.250100 -0.164802 -0.033452 -0.196964 0.086218 -0.020968 -0.226285 -0.137521 -0.173828 0.179857 0.330663 -0.290616 -0.024326 0.052394 -0.127091 -0.031616 -0.059351
-0.249120 0.087370 -0.522407 -0.483112 -0.442800 -0.469608 -0.179306 0.057249 -0.608483 -0.101654 -0.206561 -0.272553 -0.019270 0.104104 -0.225111 0.228480 0.361468 0.488342 0.058705 0.032059 -0.119816 0.043102 -0.602804 -0.451731 -0.387976 -0.532697 -0.386163 -0.452661 0.528393 1.000000 -0.187789 0.153942 0.163543 0.380131 -0.374733 -0.421330 0.597477 0.381256 -0.068390 -0.194645 0.332271 0.264598 -0.130567 -0.418753 -0.206993 -0.362860 0.315607 -0.164070 0.022386 0.238069 -0.668032 -0.322624 0.220344 0.336464 0.278838 0.463682 0.124951 0.043779 0.343494 0.327641 0.249494 0.359712 0.540598 0.501361 -0.513734 -0.347298 -0.364025 -0.583573 -0.009005 0.102585 0.580886 0.509343 0.674682 0.610610 0.312011 0.280444 0.437025 0.615468 0.403506 0.309609 0.704831 0.730876 0.038967 0.591969 -0.136820 0.047405 -0.490450 -0.067029 -0.593820 -0.236932 0.350846 0.141334 0.159637 -0.122382 0.118239 0.224480 -0.288142 -0.110137 0.205739 -0.041136 -0.065625 -0.207351 0.104333 0.192552 0.006612 -0.142908 0.018061 -0.000840 0.309401 0.343574 -0.540197 -0.109917 0.084130 -0.131813 -0.108970 -0.082568
0.094808 -0.526047 0.324794 0.021207 0.462056 0.240250 0.420307 -0.370462 0.129041 -0.287444 0.279269 -0.208508 -0.104132 -0.316246 0.360108 -0.112328 -0.056485 -0.308905 0.539082 0.263232 0.457181 0.307796 0.548223 0.498981 0.736985 0.567505 0.420295 0.479013 0.222936 -0.187789 1.000000 0.648665 0.092712 -0.005360 0.136473 0.072004 -0.247151 0.018146 0.372103 0.047727 -0.057072 0.295563 0.376426 0.146379 0.295680 0.153554 0.060789 0.011163 -0.093534 -0.176981 0.123500 -0.164597 -0.091830 -0.023664 -0.097575 -0.017459 -0.180189 -0.150662 -0.206146 -0.427807 -0.305794 -0.380352 -0.329387 -0.319189 0.049935 -0.345084 -0.034718 0.028606 -0.221225 -0.270447 -0.123814 -0.042610 -0.117465 -0.182094 0.126247 -0.074581 0.164761 -0.085646 -0.159326 0.038801 -0.314982 -0.250031 0.521794 0.046128 0.169419 -0.025230 0.500668 0.116595 0.322405 -0.288235 -0.330590 -0.313316 -0.464092 -0.056718 -0.021266 -0.253980 0.220221 -0.104969 -0.033374 -0.222059 -0.449189 0.027546 -0.297675 -0.304257 -0.268267 -0.182158 -0.216496 -0.334077 -0.086647 -0.085467 0.282653 0.130274 -0.009438 0.024725 -0.011955 -0.013963
-0.058106 -0.326288 0.107453 0.104117 0.020656 -0.052234 0.411983 -0.008314 -0.126739 -0.088200 0.131769 -0.033731 -0.114674 -0.014421 0.112274 0.021335 0.094355 -0.098833 0.457252 0.320125 0.200884 0.068349 0.243611 0.469467 0.339387 0.282420 -0.032790 0.056394 0.429149 0.153942 0.648665 1.000000 -0.124147 0.141627 -0.118514 -0.052462 -0.082605 -0.175474 0.040096 -0.267973 -0.093401 0.105051 0.087138 -0.167331 0.092986 -0.073805 -0.011704 -0.219486 -0.196720 -0.166856 -0.125623 -0.285462 -0.046254 0.073796 -0.189596 0.026136 -0.210285 -0.249611 -0.134473 -0.376552 -0.276474 -0.315607 -0.096579 -0.147862 0.012455 -0.239693 -0.289164 -0.173220 -0.345975 -0.202952 0.107530 0.220696 0.075628 -0.028528 0.128353 -0.085700 0.198138 0.145828 0.055957 0.227305 -0.020715 0.046472 0.534171 0.369119 0.119242 0.014531 0.079386 0.025623 0.112753 -0.348513 -0.142337 -0.103652 -0.088364 -0.013236 0.210815 -0.023897 0.020336 -0.121542 -0.032868 -0.231883 -0.231826 -0.045340 -0.174744 -0.187713 -0.031102 -0.141511 -0.227808 -0.255565 0.198384 0.216716 -0.017393 0.053394 0.056922 -0.258228 0.029273 0.102456
-0.042695 0.038647 -0.210266 -0.297234 -0.098389 -0.074398 -0.029307 -0.240434 -0.279565 -0.207749 -0.199396 -0.273904 -0.155889 -0.221560 -0.283829 -0.197356 -0.050195 -0.020067 0.048481 -0.093086 -0.089337 0.066226 -0.162578 -0.241807 -0.028408 -0.137068 0.003743 -0.043018 0.003932 0.163543 0.092712 -0.124147 1.000000 0.591455 0.240627 -0.088924 0.084135 0.318166 0.079063 0.185224 0.236290 0.186159 0.114460 -0.032938 0.127030 0.077015 0.046290 -0.053473 0.015929 0.255736 -0.237477 0.029272 0.029601 0.100264 0.035370 0.163191 0.266722 0.277077 0.223365 0.182281 0.168889 0.297192 0.058776 0.133155 -0.271819 -0.118761 0.263790 0.121919 0.271810 0.221198 0.079844 0.144543 0.218423 0.107033 0.157103 -0.150940 0.022900 0.120470 -0.099232 0.026087 0.226672 0.183444 -0.064129 0.067092 0.004119 -0.034214 -0.081934 0.006858 -0.245435 -0.187260 0.001111 -0.109657 -0.308727 -0.347725 -0.077984 -0.114235 -0.071694 -0.052075 0.125410 0.164620 -0.267351 -0.198678 0.076761 -0.198665 0.024841 -0.009945 0.233687 -0.011495 -0.204559 -0.041079 -0.093987 -0.022203 0.152457 0.019052 0.065919 -0.220175
-0.075270 0.130794 -0.325379 -0.384109 -0.323791 -0.263671 -0.049340 -0.004171 -0.465827 -0.130087 -0.187152 -0.198557 0.133079 0.110387 -0.366667 0.090615 0.167288 0.321484 -0.072358 -0.156386 -0.167532 -0.034042 -0.462004 -0.462097 -0.210819 -0.335569 -0.178013 -0.259823 0.161416 0.380131 -0.005360 0.141627 0.591455 1.000000 0.155107 0.004260 0.327926 0.148605 -0.041258 -0.024901 0.343134 0.100469 -0.090835 -0.188009 0.005820 -0.064177 0.164533 -0.036029 0.060177 0.175995 -0.417827 -0.169021 0.040536 -0.042040 -0.083795 0.180082 0.276222 0.245688 0.272541 0.215909 0.432900 0.504857 0.409606 0.408647 -0.148585 0.047073 0.131172 -0.024897 0.119061 0.110327 0.131480 0.168996 0.413508 0.087328 0.172147 -0.083330 0.037360 0.225575 0.103927 0.179174 0.418639 0.414526 -0.099919 0.313357 -0.028800 0.073596 -0.341677 -0.023131 -0.480049 -0.281980 0.085794 -0.219899 -0.325499 -0.579437 0.223411 0.065658 -0.113693 -0.041564 0.027154 -0.095290 -0.216992 -0.263545 -0.045739 -0.291968 -0.174554 -0.180083 0.102569 -0.017901 0.098006 0.055305 -0.272784 -0.137736 -0.079274 -0.166097 0.122571 -0.045447
0.067842 -0.126455 0.266304 0.200339 0.107795 0.264406 -0.076579 -0.122283 0.258404 -0.012643 -0.007935 0.133178 -0.045606 -0.123466 -0.042970 -0.148985 -0.210507 -0.184932 -0.165048 -0.206225 -0.087464 -0.035842 0.277411 0.057309 0.228307 0.348776 0.259340 0.311462 -0.359297 -0.374733 0.136473 -0.118514 0.240627 0.155107 1.000000 0.600987 -0.181756 -0.108216 0.120528 0.146077 -0.032249 0.091515 0.260899 0.534997 0.217294 0.406625 -0.078144 0.410640 -0.028702 -0.164131 0.406362 0.289368 -0.396000 -0.366471 -0.145367 -0.069551 0.045036 -0.009604 -0.247509 -0.245104 -0.094143 -0.147769 -0.310390 -0.276607 0.216268 0.298588 0.249275 0.409009 0.025057 -0.230609 -0.311311 -0.169951 -0.428017 -0.291531 0.005443 -0.222797 -0.492728 -0.442570 -0.201206 -0.154407 -0.282590 -0.320014 -0.265224 -0.470402 0.233574 0.231674 0.287166 0.150003 0.220846 0.152382 -0.380404 -0.351685 -0.408426 -0.355645 -0.196292 -0.225420 0.403846 0.251002 -0.021563 0.068123 -0.079694 -0.073850 -0.065300 -0.405717 -0.101721 0.070665 0.027789 0.010271 -0.175085 -0.354511 0.485702 -0.064114 -0.061850 -0.053608 0.025339 -0.023570
-0.108537 -0.150685 0.128291 0.285763 0.153699 0.451114 -0.219531 0.017894 0.322199 0.172775 -0.122483 0.182704 -0.083626 0.113983 -0.176276 0.010330 -0.093374 -0.210841 -0.193341 -0.078063 0.207256 0.068802 0.112021 -0.005793 0.193990 0.376679 0.283088 0.298391 -0.356432 -0.421330 0.072004 -0.052462 -0.088924 0.004260 0.600987 1.000000 -0.234440 -0.249652 0.028713 0.085976 -0.146501 0.031869 0.128885 0.472593 0.328524 0.558355 -0.119142 0.376445 0.095789 0.127163 0.365903 0.494175 -0.453529 -0.259354 -0.190357 -0.147706 0.107073 -0.008819 -0.305777 -0.173505 -0.111141 -0.174427 -0.396054 -0.349305 0.082193 0.510135 -0.023897 0.372124 -0.088690 -0.175979 -0.413935 -0.303879 -0.458789 -0.359539 0.004352 -0.167050 -0.458162 -0.435315 0.088238 -0.038454 -0.244136 -0.299734 -0.168035 -0.441019 0.191675 0.192661 0.251392 0.209166 0.197316 0.249537 -0.303723 -0.218037 -0.256892 -0.290549 0.152233 -0.151673 0.202407 0.216698 -0.111086 0.025112 -0.060503 -0.170106 -0.103902 -0.365517 -0.100555 -0.029868 -0.067246 -0.167019 0.008549 -0.460014 0.372492 -0.032857 -0.182515 -0.056477 -0.006080 0.157083
