1.000000 0.441831 -0.269509 -0.100362 -0.388864 -0.369500 -0.063850 -0.329996 -0.334909 -0.257355 0.544143 0.164071 0.081829 -0.034322 0.121138 -0.049745 0.468271 0.342141 0.037486 -0.063847 -0.223216 -0.183853 0.001321 -0.030449 -0.332758 -0.318748 -0.330354 -0.394213 0.409557 0.242461 -0.255082 -0.219332 -0.068870 -0.340685 -0.264446 -0.455940 0.151715 0.234335 -0.082511 -0.001573 0.204930 0.075834 -0.038293 -0.215106 -0.322984 -0.314328 -0.026623 -0.098466 -0.147132 -0.139344 -0.328955 -0.258581 0.031324 -0.131972 -0.085892 -0.030648 0.539352 0.583204 -0.035441 0.033894 0.036637 -0.053995 0.255492 0.285285 -0.170571 -0.070083 -0.300621 -0.518602 -0.108429 -0.231863 0.022625 -0.086509 0.272232 0.181263 0.074936 0.112272 0.035850 -0.039143 0.336560 0.025328 0.297003 0.197540 0.224133 0.165412 0.242456 0.145212 -0.005481 0.238142 -0.015436 0.260347 0.174226 0.306842 0.023673 -0.022576 -0.069893 0.232260 -0.362624 -0.028203 0.019968 0.036021 -0.166726 -0.149759 -0.036680 -0.095079 -0.195836 -0.099527 -0.200149 -0.258644 -0.115209 0.225887 -0.226376 0.005946 0.053233 -0.005791 -0.108821 -0.153126
0.441831 1.000000 -0.532922 -0.074347 -0.232757 0.035039 -0.375369 -0.092880 -0.251553 0.234332 0.396796 0.592308 0.134039 0.336831 0.169659 0.289520 0.168483 0.391149 -0.334640 -0.107389 -0.119214 -0.126854 -0.366050 -0.226070 -0.310988 -0.337410 -0.095269 -0.290447 0.064586 0.290724 -0.567733 -0.326943 -0.208657 -0.303381 -0.415809 -0.307111 0.097256 0.234830 -0.213046 -0.046680 0.011801 0.076306 -0.162568 -0.126473 -0.196793 -0.047056 -0.133238 0.076315 0.033361 0.095132 -0.341530 0.103313 0.092728 -0.173643 0.032501 -0.101988 0.224868 0.269373 -0.157900 0.287240 -0.180070 0.322771 -0.147331 0.153387 -0.425497 0.269843 -0.157604 -0.270185 0.056767 -0.132257 -0.181782 -0.281381 -0.032081 0.101114 -0.020193 -0.129622 -0.063260 -0.133188 0.022730 0.144944 0.166037 0.084091 0.055010 0.469804 0.020223 0.328053 -0.142133 0.446829 -0.172165 0.205589 0.184280 0.031378 0.235913 -0.129924 0.104480 0.260975 -0.248708 0.216310 -0.026529 0.017610 0.177630 -0.260067 0.060687 -0.165962 -0.005201 0.028222 0.001059 -0.086512 0.092693 -0.049842 -0.193220 0.053692 0.220052 0.231777 0.190945 0.159471
-0.269509 -0.532922 1.000000 0.071883 0.364846 -0.092137 0.692153 0.337110 0.559557 0.046953 -0.240319 -0.180831 0.075154 -0.039177 -0.103191 -0.066712 -0.416932 -0.363712 0.412993 -0.130559 0.013581 0.130027 0.561944 0.358244 0.390314 0.351154 0.034755 0.195843 -0.243846 -0.499711 0.567136 0.359730 0.164908 0.208142 0.468560 0.411001 -0.494344 -0.497372 -0.188862 -0.170202 -0.366972 -0.172052 -0.046552 -0.038805 0.332211 0.219878 -0.082754 -0.281117 0.122171 0.084634 0.233250 -0.141452 0.027674 -0.206927 -0.435799 -0.362736 -0.295080 -0.394764 0.346528 0.109453 0.419821 0.001341 0.090752 -0.126713 0.569872 -0.028087 0.418876 0.558086 -0.336852 0.018678 0.126370 0.096134 -0.267267 -0.186280 -0.189554 -0.058643 -0.100505 0.094552 -0.396696 -0.455738 -0.574839 -0.529415 -0.177583 -0.588988 -0.282661 -0.589223 0.021172 -0.466775 0.159990 -0.385553 0.151453 0.018853 0.112515 0.424401 -0.363455 -0.438336 0.043800 -0.482664 -0.196202 -0.154167 -0.050322 0.407838 -0.042353 0.254678 -0.058027 -0.152901 -0.121264 -0.019090 -0.295760 -0.036184 -0.011813 -0.171677 -0.177058 -0.367887 -0.367956 -0.354512
-0.100362 -0.074347 0.071883 1.000000 0.097973 0.348107 -0.072884 0.369130 0.159566 0.210603 -0.157050 0.259012 -0.245884 -0.094778 0.301731 0.044078 -0.176474 -0.035398 0.034684 -0.083461 0.179203 0.344901 0.493012 0.683334 0.407056 0.517453 0.198328 0.313663 -0.274719 -0.140450 0.218436 0.353662 -0.220171 0.027632 0.167782 0.086324 -0.114666 -0.251142 -0.049933 0.008301 0.009361 0.218306 0.062871 0.081807 -0.372930 -0.099372 -0.061054 0.077392 -0.236811 -0.427111 0.056497 -0.214798 -0.267240 -0.179102 -0.031502 -0.055045 -0.162907 -0.061678 0.264808 -0.577640 0.049703 -0.168570 -0.058940 -0.357402 0.332702 0.247356 -0.483175 -0.076066 -0.147035 0.023777 0.276929 0.040372 -0.195584 0.195095 0.196001 0.362929 0.066269 0.087394 -0.087070 -0.023557 -0.240770 -0.086125 0.262137 0.146426 0.312410 0.390951 0.500441 0.488184 0.491836 0.376700 -0.252375 -0.428140 -0.082943 -0.208119 -0.258855 -0.235807 -0.069443 -0.145926 -0.538109 -0.590808 -0.251861 -0.334716 -0.570198 -0.388323 -0.397775 -0.286265 -0.150960 -0.058788 -0.193221 -0.141463 -0.095844 -0.416488 -0.508392 -0.241881 -0.092128 -0.174101
-0.388864 -0.232757 0.364846 0.097973 1.000000 0.624981 0.250361 0.421113 0.680346 0.656512 -0.283157 0.075206 0.143250 0.349233 0.345680 0.520726 -0.311997 -0.142075 -0.072129 -0.187507 0.550535 0.393199 -0.053950 -0.031721 0.501176 0.421979 0.732947 0.509345 -0.131897 -0.155194 0.437383 0.447639 -0.212952 0.142382 0.175535 0.145510 -0.073598 -0.267401 0.006942 0.118850 -0.085606 0.232713 -0.179735 -0.063245 0.212585 0.149882 -0.343848 -0.326730 -0.011422 -0.007123 -0.150364 -0.047338 -0.361688 -0.349920 -0.115866 -0.317637 -0.430598 -0.357684 -0.059497 -0.109624 0.148434 0.130367 -0.089887 -0.175555 0.300608 0.170940 0.006068 0.213257 -0.123380 -0.102538 0.296729 0.181713 -0.200005 -0.043230 0.004860 0.038405 -0.057116 -0.215032 -0.359039 -0.046581 -0.213710 -0.174652 0.130095 0.130632 -0.178041 -0.135568 0.167936 -0.055308 0.114462 -0.134953 -0.100846 -0.363986 -0.050988 -0.002275 -0.110526 -0.070782 -0.037344 -0.289503 -0.354337 -0.274277 0.059235 0.072459 -0.107760 -0.154712 -0.213373 -0.069565 -0.051528 -0.129711 0.135200 0.026665 -0.259117 -0.277476 -0.143836 -0.016451 0.078544 0.122277
-0.369500 0.035039 -0.092137 0.348107 0.624981 1.000000 -0.222840 0.300577 0.244537 0.598714 -0.360206 0.177485 -0.168431 0.123598 0.270266 0.338901 -0.209578 -0.061274 -0.259257 -0.016421 0.555329 0.552949 -0.118719 0.120992 0.547397 0.517691 0.792090 0.706147 -0.191604 0.024083 0.158669 0.226591 -0.250100 0.102443 0.056570 0.132315 0.086585 -0.065761 0.169377 0.280000 0.113227 0.344957 -0.173130 0.083913 -0.081434 0.090203 -0.209239 0.007465 -0.193560 -0.157130 -0.183121 0.007933 -0.392630 -0.319288 0.164435 -0.048108 -0.336624 -0.206982 -0.233553 -0.328280 -0.230381 0.007830 -0.246982 -0.342158 -0.008804 0.207989 -0.262554 0.043375 0.159293 -0.090834 0.173558 0.210970 -0.211841 0.122353 0.231362 0.163745 0.118244 -0.029963 -0.207325 0.207579 0.008685 0.098707 0.209883 0.379578 0.079961 0.323834 0.322113 0.357141 0.147501 0.209500 -0.210082 -0.490843 -0.068211 -0.193517 0.043979 0.081425 0.015093 0.040395 -0.439996 -0.357779 -0.019235 -0.216354 -0.271771 -0.373616 -0.333887 -0.085024 -0.150173 -0.057166 0.105554 -0.086492 -0.065694 -0.256114 -0.139976 0.063160 0.272351 0.207853
-0.063850 -0.375369 0.692153 -0.072884 0.250361 -0.222840 1.000000 0.438054 0.360891 -0.080729 -0.037836 -0.161757 0.388239 0.245429 -0.133172 0.034925 -0.289342 -0.355472 0.329129 -0.102565 -0.109000 -0.080765 0.228194 0.053816 0.119272 0.056140 -0.060964 -0.064299 -0.094835 -0.284582 0.335319 0.353860 0.317013 0.298072 0.233468 0.209742 -0.335009 -0.376156 -0.256841 -0.270083 -0.312667 -0.156874 -0.102093 -0.172238 0.347088 0.127522 -0.296751 -0.440540 0.332770 0.053620 0.223531 -0.079185 -0.027228 -0.173910 -0.237707 -0.409788 -0.117911 -0.334508 0.222442 0.132018 0.564528 0.134042 0.173808 0.042741 0.436805 0.047157 0.372993 0.342421 -0.312994 -0.075365 0.108555 0.142854 -0.148079 -0.139882 -0.235299 -0.091876 -0.224680 -0.073950 -0.214285 -0.370387 -0.445703 -0.389920 -0.218345 -0.376428 -0.329068 -0.545438 -0.134149 -0.445697 0.159876 -0.293247 -0.000881 -0.135319 -0.005796 0.197438 -0.350944 -0.330533 0.018136 -0.480650 -0.080080 -0.105598 0.031518 0.301507 0.000284 0.175555 0.005836 -0.092287 -0.163766 -0.104524 -0.133829 0.002550 -0.132142 -0.210899 -0.176806 -0.322212 -0.341069 -0.284332
-0.329996 -0.092880 0.337110 0.369130 0.421113 0.300577 0.438054 1.000000 0.321013 0.366707 -0.264066 0.259286 0.151347 0.656176 0.041409 0.458628 -0.311644 -0.008188 0.081891 -0.130506 0.026448 0.025172 0.058998 0.082408 0.204847 0.261795 0.168109 0.131493 -0.455299 -0.145248 0.157216 0.551046 0.041550 0.438541 0.058519 0.387667 -0.269040 -0.390704 -0.367039 -0.162483 -0.343329 -0.059085 -0.194768 -0.088408 0.115794 0.182152 -0.443981 -0.170580 0.186073 -0.049141 0.156627 0.099620 -0.247796 -0.266448 -0.314208 -0.327291 -0.116711 -0.239645 0.258865 -0.115905 0.386552 0.380540 -0.049037 -0.151267 0.370983 0.564668 -0.043093 0.256991 -0.268605 0.050801 0.108337 0.116783 -0.357588 -0.028620 -0.245979 0.007474 -0.249666 0.007114 -0.298002 -0.085569 -0.442184 -0.227788 -0.265152 0.018421 -0.324872 -0.114254 0.022950 -0.063013 0.290317 -0.073857 -0.170025 -0.550827 0.019250 -0.206905 -0.373176 -0.358886 -0.012123 -0.320561 -0.315581 -0.429527 0.165390 -0.137837 -0.277663 -0.274761 -0.161661 -0.166717 -0.269104 -0.128715 -0.066749 -0.286273 -0.183697 -0.408761 -0.340646 -0.336364 -0.104563 -0.158490
-0.334909 -0.251553 0.559557 0.159566 0.680346 0.244537 0.360891 0.321013 1.000000 0.605167 -0.141619 0.272585 0.072282 0.185345 0.449853 0.284116 -0.512352 -0.155420 -0.017380 -0.344159 0.281204 0.231828 0.245443 0.161882 0.489600 0.395185 0.336201 0.199590 -0.267757 -0.409825 0.445274 0.467208 -0.251559 0.070394 0.314089 0.345749 -0.360113 -0.460709 -0.287234 -0.195336 -0.270765 -0.061274 0.079913 0.106925 0.462536 0.452544 -0.065728 -0.224501 0.228754 0.221030 0.041014 0.000985 -0.204021 -0.285941 -0.405000 -0.410426 -0.472553 -0.433288 0.341792 -0.018874 0.242035 0.117496 -0.266735 -0.346421 0.519364 0.379728 0.065761 0.414904 -0.250588 -0.105332 0.367261 -0.031991 -0.370671 -0.210810 -0.073323 0.029895 0.052631 -0.068401 -0.578849 -0.115780 -0.561808 -0.516932 -0.032384 -0.187895 -0.224162 -0.389226 0.050196 -0.194590 0.132484 -0.356426 -0.025179 -0.206009 0.029334 0.263549 -0.205790 -0.111188 -0.043534 -0.411881 -0.304792 -0.221517 -0.027955 0.246220 -0.170790 0.058909 -0.034285 -0.080937 0.096118 -0.065167 0.047373 0.076935 -0.122836 -0.076064 -0.100141 -0.003298 -0.058685 -0.028134
-0.257355 0.234332 0.046953 0.210603 0.656512 0.598714 -0.080729 0.366707 0.605167 1.000000 -0.189082 0.525043 -0.065310 0.398132 0.362351 0.525266 -0.337002 -0.022704 -0.404934 -0.287200 0.274937 0.251374 -0.084237 -0.003121 0.402332 0.295248 0.462203 0.242760 -0.283276 -0.080077 0.057339 0.266564 -0.423431 -0.039941 0.083141 0.129047 -0.164453 -0.142924 -0.130215 0.070433 -0.032797 0.095972 -0.061705 0.084867 0.141109 0.307259 -0.235538 -0.095459 0.009994 0.089861 -0.184213 0.025676 -0.245907 -0.346224 -0.179851 -0.324196 -0.368958 -0.289940 -0.008583 -0.112547 -0.133049 0.200837 -0.389015 -0.356856 0.082569 0.482660 -0.205329 0.200319 -0.089454 -0.202580 0.230416 -0.075142 -0.275452 -0.026565 0.023439 0.002623 -0.070181 -0.263649 -0.418699 0.045170 -0.220185 -0.190495 0.024485 0.201160 -0.134961 -0.000535 0.117964 0.191682 0.056873 -0.165643 0.050102 -0.210684 0.284544 0.166471 0.037690 0.163270 -0.067907 -0.136239 -0.404260 -0.210674 0.110529 0.044697 -0.221890 -0.148843 -0.057076 -0.041071 0.010027 -0.141302 0.193585 0.130521 -0.137976 -0.103090 0.052332 0.106434 0.163557 0.141812
0.544143 0.396796 -0.240319 -0.157050 -0.283157 -0.360206 -0.037836 -0.264066 -0.141619 -0.189082 1.000000 0.438587 0.498801 0.108221 0.455196 -0.032494 0.232641 0.284516 -0.108595 -0.254554 -0.237264 -0.341574 -0.027988 -0.176454 -0.330672 -0.478360 -0.374320 -0.565130 0.363106 0.002647 -0.273314 -0.058968 0.120022 -0.100404 -0.348406 -0.129644 0.060595 0.184759 -0.132436 -0.057821 0.160482 0.035001 0.125947 0.052524 -0.136724 -0.010032 0.026007 0.133841 0.187476 -0.038320 -0.296136 -0.148012 -0.030295 -0.209622 0.049064 0.031603 0.186583 0.013210 0.376216 0.074809 0.222945 -0.096064 0.099202 -0.028227 -0.151323 0.213887 -0.031787 -0.183110 -0.077625 -0.031079 -0.185416 -0.218419 0.060016 0.002384 0.021786 0.198901 0.058691 0.050228 0.198406 -0.155407 -0.014165 -0.179689 0.173475 0.182675 0.013835 -0.083686 -0.176748 0.149709 0.024765 0.012033 -0.086003 0.054368 -0.058482 -0.032964 -0.028652 0.203576 -0.250192 -0.031434 0.085410 -0.013991 -0.130066 -0.179642 -0.092682 0.007320 0.022717 -0.122190 -0.128402 -0.188574 0.056787 0.099306 -0.110746 0.040969 -0.001250 0.235972 -0.140051 -0.042078
0.164071 0.592308 -0.180831 0.259012 0.075206 0.177485 -0.161757 0.259286 0.272585 0.525043 0.438587 1.000000 0.138147 0.388406 0.517495 0.398655 -0.164788 0.184093 -0.329606 -0.405845 -0.004673 -0.058839 -0.061648 -0.091744 0.020949 -0.045041 -0.090100 -0.270168 -0.059187 -0.047625 -0.221519 0.257653 -0.319352 -0.048503 -0.201127 0.197609 -0.129618 -0.090830 -0.357922 -0.055028 -0.064448 0.094195 0.131928 0.163818 0.008295 0.323754 -0.047255 0.119677 0.128741 0.030635 -0.238431 -0.084029 -0.241641 -0.404344 -0.210347 -0.215787 -0.158701 -0.220482 0.373546 -0.053237 0.029975 0.192912 -0.334445 -0.392062 0.017233 0.777121 -0.243850 0.092858 -0.187735 -0.189442 -0.010942 -0.278526 -0.280754 0.059989 -0.054305 0.186772 -0.071857 -0.032235 -0.186975 -0.088905 -0.262711 -0.324296 0.106025 0.362775 -0.024716 0.114148 0.004906 0.418098 0.097141 -0.067233 -0.087479 -0.252052 0.109828 -0.062665 -0.176834 0.126284 -0.188173 -0.129101 -0.345070 -0.369842 -0.018969 -0.230316 -0.331902 -0.217972 -0.048913 -0.101331 -0.055397 -0.168985 0.051233 -0.007924 -0.161481 -0.124060 -0.110545 0.065502 -0.021197 -0.036686
0.081829 0.134039 0.075154 -0.245884 0.143250 -0.168431 0.388239 0.151347 0.072282 -0.065310 0.498801 0.138147 1.000000 0.483919 0.187350 0.151560 0.071293 0.120064 0.048142 -0.263834 -0.108221 -0.329910 -0.290893 -0.383255 -0.382593 -0.463464 -0.135309 -0.436411 0.098070 -0.109230 -0.233268 -0.067676 0.365300 0.109355 -0.477472 -0.080500 0.008434 0.034644 -0.174581 -0.035460 0.023076 0.007523 -0.195093 -0.096997 0.076289 0.088385 -0.179520 -0.056821 0.415365 0.054735 -0.146921 0.128583 0.125654 -0.304043 0.194781 0.027367 0.112315 -0.230130 0.181664 0.324092 0.603218 0.280548 0.196406 0.120216 -0.185197 0.146620 0.337462 0.075245 -0.047090 -0.076261 -0.139416 -0.069127 0.037296 -0.195392 -0.134093 -0.144820 -0.253075 -0.296076 0.000786 -0.088231 -0.108565 -0.225902 -0.282406 0.020920 -0.461718 -0.250703 -0.248357 -0.197335 -0.232238 -0.066140 -0.003180 -0.132964 -0.035980 -0.109452 -0.022813 -0.027176 -0.044979 0.021410 0.083879 0.045510 0.049580 -0.025652 0.124133 0.002043 0.084878 0.015774 0.038533 -0.042472 0.109149 0.089652 -0.214153 -0.154871 -0.041555 0.046517 -0.084483 0.078261
-0.034322 0.336831 -0.039177 -0.094778 0.349233 0.123598 0.245429 0.656176 0.185345 0.398132 0.108221 0.388406 0.483919 1.000000 0.076692 0.689890 -0.002608 0.368501 -0.134381 -0.212316 0.008546 -0.229600 -0.401181 -0.400496 -0.210798 -0.185201 0.048253 -0.216624 -0.207324 0.107197 -0.228748 0.234415 -0.025178 0.253601 -0.362268 0.081933 -0.006100 -0.049699 -0.411082 -0.100963 -0.204538 0.046652 -0.262480 -0.189393 0.090310 0.092692 -0.427485 -0.173428 0.306702 0.055369 -0.155261 0.194523 -0.077470 -0.283270 -0.167494 -0.335074 0.089650 -0.096366 0.031982 0.241079 0.363647 0.598301 0.003590 0.158262 -0.028826 0.566080 -0.000443 0.023904 -0.097160 -0.101921 -0.001341 -0.034054 -0.143985 -0.027465 -0.203810 -0.104526 -0.206682 -0.165454 -0.108836 0.089561 -0.155117 -0.087165 -0.328428 0.223059 -0.436349 -0.130154 -0.274297 -0.107057 -0.040895 -0.093547 -0.014820 -0.342143 0.111960 -0.222703 -0.148117 -0.025110 -0.140341 -0.136146 -0.105670 -0.163941 0.358921 -0.109809 0.027906 -0.161970 0.029847 -0.036941 -0.122346 -0.270640 0.159142 -0.134742 -0.371681 -0.236758 -0.014584 -0.008249 0.033287 0.042729
0.121138 0.169659 -0.103191 0.301731 0.345680 0.270266 -0.133172 0.041409 0.449853 0.362351 0.455196 0.517495 0.187350 0.076692 1.000000 0.139816 -0.210651 0.174784 -0.278294 -0.260345 0.229879 0.127398 0.147150 0.136540 0.237129 0.153165 0.236473 0.057221 0.143774 -0.111330 0.144242 0.284748 -0.291306 -0.108711 0.063532 0.051141 -0.024101 -0.130242 -0.102761 -0.143753 0.114214 0.166550 0.019937 0.069824 0.022834 0.225726 -0.131184 -0.042230 0.103833 0.010763 -0.231456 -0.077130 -0.305415 -0.353241 -0.061603 -0.162558 -0.226939 -0.140468 0.352413 -0.253985 -0.034787 -0.112120 -0.321845 -0.428584 0.134265 0.367797 -0.309850 -0.042125 -0.026208 -0.099881 0.207834 -0.078749 -0.200525 -0.061421 0.135059 0.221298 0.172345 -0.117898 -0.235364 0.110642 -0.200881 -0.204213 0.479753 0.332571 0.189637 0.065738 0.251951 0.333488 0.284613 0.025541 -0.165569 -0.310630 -0.106230 -0.077352 -0.046356 0.078682 -0.274179 -0.171439 -0.381204 -0.398827 -0.265622 -0.287425 -0.337565 -0.238578 -0.203872 -0.126796 -0.028247 -0.098881 0.099258 0.028605 -0.198739 -0.164964 -0.235829 0.183393 0.096637 0.127539
-0.049745 0.289520 -0.066712 0.044078 0.520726 0.338901 0.034925 0.458628 0.284116 0.525266 -0.032494 0.398655 0.151560 0.689890 0.139816 1.000000 -0.030113 0.315806 -0.233485 -0.229892 0.328334 0.129636 -0.399668 -0.296894 0.044915 0.067239 0.329537 0.099828 -0.024659 0.293236 -0.062751 0.297683 -0.255842 0.113512 -0.272389 -0.023824 0.182959 -0.038301 -0.139654 0.188317 -0.000136 0.257683 -0.200181 -0.254085 -0.009343 -0.042202 -0.291534 -0.212353 -0.024661 -0.043599 -0.283477 -0.058116 -0.202000 -0.248311 -0.176678 -0.297029 -0.109241 -0.142268 -0.234002 -0.007172 0.146863 0.422334 0.073887 0.121247 0.004255 0.371704 -0.249223 -0.142713 -0.137070 -0.162355 0.129887 0.111562 -0.045883 0.167825 0.010933 0.091120 -0.158761 -0.131591 -0.117664 0.113348 0.062663 0.074937 -0.026709 0.541044 -0.199795 0.146680 -0.157084 0.197941 -0.144998 0.010752 -0.058654 -0.328746 -0.000773 -0.296404 -0.134862 -0.005312 -0.284709 -0.113839 -0.319785 -0.290853 0.346277 -0.173440 -0.004550 -0.349599 -0.163958 -0.088859 -0.067757 -0.250104 0.155176 -0.124028 -0.354907 -0.219806 -0.048717 0.102790 0.086018 0.107567
0.468271 0.168483 -0.416932 -0.176474 -0.311997 -0.209578 -0.289342 -0.311644 -0.512352 -0.337002 0.232641 -0.164788 0.071293 -0.002608 -0.210651 -0.030113 1.000000 0.470579 0.077910 0.212941 -0.083495 -0.213168 -0.275407 -0.207294 -0.461963 -0.288738 -0.206331 -0.254978 0.483805 0.375958 -0.281842 -0.215790 0.119952 -0.121499 -0.501569 -0.505515 0.492005 0.516762 0.307474 0.268745 0.432898 0.222777 -0.184786 -0.279692 -0.578897 -0.646124 0.099511 0.034590 -0.380271 -0.426660 -0.439370 -0.304041 0.007587 0.045719 0.200820 0.194516 0.540783 0.584261 -0.249371 -0.070003 -0.046376 -0.197322 0.333768 0.422001 -0.345223 -0.259210 -0.306900 -0.621123 0.225652 -0.066342 -0.084953 0.151960 0.599301 0.236543 0.301544 0.228064 0.060484 0.142724 0.620954 0.150066 0.616973 0.588696 0.087225 0.244712 0.144952 0.247663 -0.116674 0.144047 -0.198702 0.320151 -0.013390 0.186195 -0.027594 -0.118744 0.035420 0.206829 -0.231045 0.205279 0.192302 0.145020 0.095261 -0.121732 0.161261 -0.100723 -0.057461 0.095712 -0.089172 -0.178820 0.044436 0.072086 -0.166558 -0.068315 0.026728 0.108332 0.009667 -0.074733
0.342141 0.391149 -0.363712 -0.035398 -0.142075 -0.061274 -0.355472 -0.008188 -0.155420 -0.022704 0.284516 0.184093 0.120064 0.368501 0.174784 0.315806 0.470579 1.000000 -0.248312 0.034555 0.064795 -0.081755 -0.286907 -0.126122 -0.416123 -0.223400 -0.067640 -0.161964 0.195979 0.473274 -0.315297 -0.147569 -0.090755 0.029319 -0.440564 -0.266449 0.347941 0.368203 -0.062465 0.068966 0.218695 0.153533 -0.248301 -0.244686 -0.282658 -0.254780 -0.042543 0.044196 -0.012762 -0.023389 -0.374582 0.069701 0.046793 -0.109506 -0.050432 0.019932 0.407503 0.451395 -0.107586 0.009527 -0.065563 0.126200 -0.028678 0.195304 -0.293677 0.123594 -0.377450 -0.393198 0.199181 -0.116813 0.165192 0.093778 0.242830 0.160023 0.255199 0.067173 0.159897 0.066888 0.080091 0.430655 0.231758 0.283330 -0.082226 0.352179 -0.126007 0.146089 -0.261061 0.102992 -0.274840 0.149367 0.094020 0.007600 0.118653 -0.168221 0.072679 0.051234 -0.412429 0.132914 0.051936 -0.023809 0.204863 -0.243570 0.046777 -0.270703 -0.032010 0.025686 -0.003229 -0.174282 0.059662 -0.146259 -0.289126 -0.003747 0.093758 0.184039 0.164308 0.057440
0.037486 -0.334640 0.412993 0.034684 -0.072129 -0.259257 0.329129 0.081891 -0.017380 -0.404934 -0.108595 -0.329606 0.048142 -0.134381 -0.278294 -0.233485 0.077910 -0.248312 1.000000 0.112174 -0.104113 -0.050572 0.344870 0.227785 0.058991 0.181855 -0.172745 0.044660 -0.027725 -0.477098 0.393199 0.112256 0.181745 -0.039434 0.257373 0.113000 -0.231244 -0.362121 -0.060591 -0.132577 -0.177885 -0.092887 -0.053238 -0.054749 -0.060336 -0.216289 0.007173 -0.170061 -0.138936 -0.231622 0.120719 -0.178119 0.023610 0.018253 -0.115804 0.043226 0.051533 -0.011983 0.134331 0.157721 0.434477 0.031813 0.502590 0.298359 0.449299 -0.254634 0.308985 0.044994 -0.028946 0.340392 -0.151413 -0.112468 -0.134373 -0.084247 -0.208783 -0.072267 -0.106278 0.119544 0.035405 -0.384461 -0.235613 -0.222438 0.015390 -0.480095 0.133596 -0.120826 0.097528 -0.284517 0.314663 0.088076 -0.065567 0.032678 -0.179954 0.011903 -0.131492 -0.273618 0.091635 -0.081615 0.026443 -0.099228 -0.108647 0.173986 0.043777 0.235287 -0.064986 -0.021448 -0.141790 0.056155 -0.099847 -0.069044 -0.073262 -0.232739 -0.316196 -0.379326 -0.229247 -0.208554
-0.063847 -0.107389 -0.130559 -0.083461 -0.187507 -0.016421 -0.102565 -0.130506 -0.344159 -0.287200 -0.254554 -0.405845 -0.263834 -0.212316 -0.260345 -0.229892 0.212941 0.034555 0.112174 1.000000 0.061014 0.107805 0.001908 0.078963 -0.120590 0.040121 0.014898 0.187971 0.193777 0.303317 0.102168 0.020253 0.292473 0.491619 0.002102 -0.149733 0.352878 0.275826 0.228454 0.136142 0.235943 0.231568 -0.072290 -0.110615 -0.169742 -0.254685 -0.043163 0.016455 -0.232175 -0.165682 0.006633 -0.012619 -0.023494 0.194951 0.036530 0.051669 0.158315 0.280560 -0.220599 -0.155142 -0.256512 -0.218641 0.030448 0.172939 -0.212204 -0.371247 -0.075209 -0.225139 0.348027 0.308327 0.076972 0.510198 0.367388 0.213570 0.369347 0.172310 0.383590 0.208005 0.379578 0.198588 0.391565 0.503739 0.053409 0.053014 0.153627 0.199962 0.080748 0.045926 -0.092660 0.175576 -0.050428 -0.070196 -0.180450 -0.272512 -0.102076 -0.016794 -0.007273 -0.046532 0.115020 0.027408 -0.282841 -0.229310 -0.075984 -0.301393 -0.254805 -0.116508 -0.160556 -0.114975 -0.100703 -0.090943 0.129950 0.007266 -0.032850 -0.058036 -0.032506 -0.154468
-0.223216 -0.119214 0.013581 0.179203 0.550535 0.555329 -0.109000 0.026448 0.281204 0.274937 -0.237264 -0.004673 -0.108221 0.008546 0.229879 0.328334 -0.083495 0.064795 -0.104113 0.061014 1.000000 0.719694 -0.117625 0.050483 0.265710 0.344304 0.697870 0.534530 0.131854 0.247890 0.233246 0.188049 -0.336992 0.001043 -0.021860 0.010437 0.347529 0.043907 0.105016 0.236285 0.070956 0.479590 -0.095943 -0.101473 -0.068702 -0.001392 -0.044586 -0.097357 -0.297393 -0.180751 -0.320329 -0.207317 -0.132018 -0.158821 0.022988 -0.074594 -0.390061 -0.146232 -0.278139 -0.245869 -0.238261 -0.185738 -0.155541 -0.185270 -0.063977 -0.055105 -0.194406 -0.019232 0.128863 -0.172595 0.497642 0.255241 0.077794 0.433771 0.292363 0.269209 0.306192 0.093894 -0.129867 0.283542 0.179547 0.185979 0.237143 0.376562 0.027517 0.256969 0.193095 0.158769 -0.073276 0.131028 -0.040144 -0.272290 -0.134153 -0.181205 -0.045023 0.021655 -0.198813 -0.098456 -0.321786 -0.368287 -0.067108 -0.067120 -0.030021 -0.266580 -0.218276 -0.090363 -0.009752 -0.049535 0.119840 -0.101389 -0.196379 -0.096602 -0.095200 0.098173 0.150451 0.145152
-0.183853 -0.126854 0.130027 0.344901 0.393199 0.552949 -0.080765 0.025172 0.231828 0.251374 -0.341574 -0.058839 -0.329910 -0.229600 0.127398 0.129636 -0.213168 -0.081755 -0.050572 0.107805 0.719694 1.000000 0.133335 0.315579 0.475860 0.536967 0.623050 0.660885 -0.081997 0.167303 0.309269 0.144379 -0.160191 0.010465 0.191471 0.049311 0.134554 -0.072827 0.139624 0.257646 -0.064816 0.350087 -0.143773 -0.108703 -0.076987 0.036170 0.022717 -0.091226 -0.309651 -0.201746 -0.195269 -0.231732 -0.120332 -0.176772 -0.049730 -0.027544 -0.281423 -0.040223 -0.217496 -0.327137 -0.291861 -0.213934 -0.162933 -0.228006 0.007524 -0.145410 -0.176037 0.027597 0.005126 -0.033125 0.510048 0.317787 -0.042704 0.379576 0.271462 0.168267 0.200216 0.131889 -0.124955 0.180712 0.082264 0.112963 0.198218 0.221751 0.100322 0.240610 0.282145 0.222477 0.015834 0.131053 0.101155 -0.194923 -0.019357 -0.108541 -0.144323 -0.225680 -0.050893 -0.110779 -0.344291 -0.368908 -0.141408 -0.087869 -0.103898 -0.200908 -0.268200 -0.137011 -0.104174 0.047502 -0.240279 -0.158132 -0.063713 -0.152367 -0.128253 -0.108956 0.090567 -0.053272
0.001321 -0.366050 0.561944 0.493012 -0.053950 -0.118719 0.228194 0.058998 0.245443 -0.084237 -0.027988 -0.061648 -0.290893 -0.401181 0.147150 -0.399668 -0.275407 -0.286907 0.344870 0.001908 -0.117625 0.133335 1.000000 0.817803 0.423652 0.465145 -0.107289 0.195434 -0.217581 -0.505777 0.485073 0.312210 -0.007138 -0.002218 0.608735 0.281999 -0.437594 -0.438129 -0.122476 -0.254741 -0.193259 -0.101191 0.074352 0.035801 -0.087775 -0.003837 -0.024747 -0.123905 -0.168012 -0.236617 0.230251 -0.340690 -0.019401 -0.094589 -0.333280 -0.291635 -0.243385 -0.177687 0.511636 -0.288483 0.169323 -0.294480 0.051232 -0.240016 0.580252 -0.032593 -0.009780 0.215824 -0.177594 0.130100 0.132010 -0.066352 -0.268061 -0.047772 -0.050337 0.190501 0.037266 0.192747 -0.080878 -0.408910 -0.424188 -0.388248 0.238755 -0.431309 0.350241 -0.209964 0.391799 -0.039015 0.614570 -0.074622 0.042129 0.049436 0.073860 0.347231 -0.264459 -0.304488 -0.064855 -0.384987 -0.316178 -0.307570 -0.403174 0.006937 -0.389898 0.063878 -0.196859 -0.228309 -0.241895 -0.059000 -0.305218 -0.028144 0.068910 -0.163007 -0.367510 -0.375903 -0.339055 -0.359383
-0.030449 -0.226070 0.358244 0.683334 -0.031721 0.120992 0.053816 0.082408 0.161882 -0.003121 -0.176454 -0.091744 -0.383255 -0.400496 0.136540 -0.296894 -0.207294 -0.126122 0.227785 0.078963 0.050483 0.315579 0.817803 1.000000 0.422302 0.596642 0.131674 0.418677 -0.176392 -0.256522 0.373838 0.229267 -0.118827 -0.057966 0.520096 0.064098 -0.318429 -0.376632 0.024449 -0.132622 -0.036581 0.022417 -0.049828 -0.066347 -0.272496 -0.176256 -0.064230 -0.134206 -0.320497 -0.305852 0.049693 -0.290824 -0.054213 -0.114344 -0.169663 -0.173730 -0.202165 -0.073439 0.201128 -0.404576 0.021395 -0.325258 0.008607 -0.225196 0.423702 -0.107246 -0.230888 0.040873 -0.028112 0.093787 0.186164 0.048103 -0.139740 0.010746 0.133661 0.158111 0.127669 0.149094 -0.146014 -0.169970 -0.270430 -0.185876 0.294756 -0.185585 0.372362 0.044946 0.483573 0.175097 0.499293 0.161783 0.075393 -0.065936 0.131129 0.214284 -0.120799 -0.246855 -0.121672 -0.219668 -0.355485 -0.327760 -0.333037 -0.076571 -0.384232 -0.095430 -0.296725 -0.247435 -0.190922 -0.005253 -0.267900 -0.048984 -0.034577 -0.179321 -0.314124 -0.314430 -0.145060 -0.232960
-0.332758 -0.310988 0.390314 0.407056 0.501176 0.547397 0.119272 0.204847 0.489600 0.402332 -0.330672 0.020949 -0.382593 -0.210798 0.237129 0.044915 -0.461963 -0.416123 0.058991 -0.120590 0.265710 0.475860 0.423652 0.422302 1.000000 0.819987 0.500275 0.687835 -0.185111 -0.315027 0.666299 0.473243 -0.253180 0.038344 0.549980 0.236649 -0.287200 -0.398701 0.066542 -0.005487 -0.107571 0.063301 0.174899 0.289254 0.161486 0.189452 -0.022742 -0.084977 -0.128047 -0.070507 0.187414 -0.138496 -0.426578 -0.147603 -0.186856 -0.261129 -0.456392 -0.326879 0.080860 -0.352900 -0.070043 -0.188422 -0.070983 -0.380829 0.578698 0.049146 -0.119149 0.211782 -0.254501 0.087154 0.176461 0.062476 -0.312386 0.037138 0.110641 0.247579 0.139109 0.018351 -0.337591 -0.285165 -0.400414 -0.292695 0.329770 -0.080721 0.263291 -0.080902 0.322338 0.056966 0.507212 -0.160508 -0.215125 -0.326957 -0.066630 0.089586 -0.084552 -0.103713 0.156920 -0.194674 -0.417465 -0.281935 -0.206064 -0.002503 -0.393274 -0.063544 -0.351318 -0.171064 -0.252859 -0.169893 -0.057801 0.110847 0.126763 -0.219347 -0.237166 -0.118415 -0.002482 -0.015811
-0.318748 -0.337410 0.351154 0.517453 0.421979 0.517691 0.056140 0.261795 0.395185 0.295248 -0.478360 -0.045041 -0.463464 -0.185201 0.153165 0.067239 -0.288738 -0.223400 0.181855 0.040121 0.344304 0.536967 0.465145 0.596642 0.819987 1.000000 0.489630 0.786977 -0.084955 -0.167027 0.697204 0.574395 -0.316145 0.049520 0.548744 0.105415 -0.139835 -0.359080 0.108812 0.104292 -0.033632 0.227949 0.039814 0.061807 -0.088940 -0.114055 -0.015443 -0.181614 -0.351036 -0.303908 0.030362 -0.301847 -0.394335 -0.169966 -0.264183 -0.251200 -0.425423 -0.228953 -0.028138 -0.486490 -0.091626 -0.245291 -0.027972 -0.282935 0.571282 -0.020932 -0.297691 0.024883 -0.120255 0.049818 0.229160 0.246005 -0.132478 0.155806 0.191330 0.276291 0.145202 0.051617 -0.211310 -0.113450 -0.216041 -0.091698 0.357733 0.014831 0.350972 0.049761 0.406553 0.131979 0.471197 -0.051444 -0.176623 -0.354834 -0.059514 0.023935 -0.108145 -0.202768 0.009458 -0.170442 -0.411754 -0.380198 -0.199232 -0.063596 -0.376220 -0.145713 -0.340724 -0.107066 -0.241816 -0.114395 -0.118235 0.019872 -0.068391 -0.304528 -0.352890 -0.236203 0.032939 -0.072379
-0.330354 -0.095269 0.034755 0.198328 0.732947 0.792090 -0.060964 0.168109 0.336201 0.462203 -0.374320 -0.090100 -0.135309 0.048253 0.236473 0.329537 -0.206331 -0.067640 -0.172745 0.014898 0.697870 0.623050 -0.107289 0.131674 0.500275 0.489630 1.000000 0.778922 -0.018199 0.118375 0.330365 0.173288 -0.273448 -0.038240 0.108839 -0.111073 0.096489 -0.066110 0.225186 0.251906 0.041911 0.333798 -0.229543 -0.145942 -0.025958 -0.072611 -0.221468 -0.230067 -0.223989 -0.117063 -0.249831 -0.057908 -0.273915 -0.226727 0.145333 -0.088138 -0.349867 -0.143520 -0.359511 -0.186515 -0.178685 -0.020618 -0.148260 -0.107581 0.056038 -0.121505 -0.120633 -0.002927 0.093195 -0.045883 0.329511 0.311450 -0.108757 0.143383 0.220801 0.110708 0.212077 -0.041026 -0.235027 0.225605 0.041291 0.111244 0.273892 0.327237 0.058108 0.206346 0.357766 0.235473 0.066440 0.210207 -0.116410 -0.356923 -0.128062 -0.129974 0.086940 0.041767 -0.088382 -0.087562 -0.305054 -0.230893 -0.017513 -0.023701 -0.102954 -0.247033 -0.343494 -0.077228 -0.074820 -0.067073 0.131829 -0.003579 -0.196905 -0.151194 -0.065425 0.065129 0.238919 0.206472
-0.394213 -0.290447 0.195843 0.313663 0.509345 0.706147 -0.064299 0.131493 0.199590 0.242760 -0.565130 -0.270168 -0.436411 -0.216624 0.057221 0.099828 -0.254978 -0.161964 0.044660 0.187971 0.534530 0.660885 0.195434 0.418677 0.687835 0.786977 0.778922 1.000000 -0.044654 0.079950 0.540490 0.263354 -0.229793 0.050904 0.448911 0.014871 0.049862 -0.203372 0.311282 0.227771 0.069598 0.285182 -0.144506 -0.070720 -0.082611 -0.130846 -0.100467 -0.228200 -0.369894 -0.210469 -0.072706 -0.179495 -0.338798 -0.123917 -0.025309 -0.119026 -0.329602 -0.131559 -0.344738 -0.330423 -0.260039 -0.216063 -0.070788 -0.169169 0.258349 -0.265144 -0.144176 0.034628 0.094246 0.085244 0.194444 0.352895 -0.052713 0.162226 0.242992 0.128634 0.189931 0.043624 -0.181188 0.110437 0.016233 0.153318 0.319194 0.171413 0.233872 0.182388 0.355848 0.140560 0.226742 0.097521 -0.116279 -0.346657 -0.123724 -0.069468 0.087988 -0.122342 -0.048404 -0.041763 -0.351357 -0.269133 -0.138659 -0.035143 -0.162403 -0.191635 -0.339359 -0.066996 -0.176907 -0.025690 0.003935 -0.077562 -0.053692 -0.141212 -0.167513 -0.051583 0.236302 0.140559
0.409557 0.064586 -0.243846 -0.274719 -0.131897 -0.191604 -0.094835 -0.455299 -0.267757 -0.283276 0.363106 -0.059187 0.098070 -0.207324 0.143774 -0.024659 0.483805 0.195979 -0.027725 0.193777 0.131854 -0.081997 -0.217581 -0.176392 -0.185111 -0.084955 -0.018199 -0.044654 1.000000 0.420445 0.104211 -0.009680 -0.082880 -0.196527 -0.191602 -0.479144 0.515630 0.369441 0.381846 0.229806 0.612354 0.352291 0.043406 -0.166627 -0.232938 -0.387663 0.110521 -0.138978 -0.206997 -0.143766 -0.383193 -0.345573 -0.077427 -0.050666 0.080061 0.106249 0.074388 0.129782 -0.271386 -0.061405 -0.126285 -0.371762 0.181113 0.166849 -0.188899 -0.366716 -0.168431 -0.403781 0.146651 -0.096562 -0.116962 0.256545 0.643553 0.257277 0.377876 0.258136 0.184255 -0.067084 0.404556 0.084188 0.510105 0.390693 0.419211 0.305040 0.233653 0.122955 -0.145284 0.103360 -0.198646 0.046811 -0.113913 0.035092 -0.207842 -0.123929 0.065956 0.228482 -0.324728 0.026676 0.061433 0.048146 -0.230432 -0.117523 0.068725 -0.108564 -0.186183 -0.008468 -0.119482 -0.230507 0.136836 0.282051 -0.196177 0.024290 -0.049624 0.211534 0.077236 0.066984
0.242461 0.290724 -0.499711 -0.140450 -0.155194 0.024083 -0.284582 -0.145248 -0.409825 -0.080077 0.002647 -0.047625 -0.109230 0.107197 -0.111330 0.293236 0.375958 0.473274 -0.477098 0.303317 0.247890 0.167303 -0.505777 -0.256522 -0.315027 -0.167027 0.118375 0.079950 0.420445 1.000000 -0.256972 -0.156541 -0.091166 0.041804 -0.418535 -0.453371 0.615281 0.534634 0.289744 0.296428 0.332481 0.370295 -0.133400 -0.326085 -0.265402 -0.283629 0.050395 -0.042001 -0.230513 -0.065839 -0.380441 -0.079069 0.004964 0.098035 0.148614 0.137754 0.292032 0.385213 -0.486066 -0.109662 -0.414010 -0.114505 -0.098874 0.158948 -0.522055 -0.206813 -0.353749 -0.455284 0.168377 -0.194606 0.097138 0.444791 0.580252 0.497880 0.387771 0.139379 0.158094 0.036810 0.331659 0.522544 0.650360 0.703883 0.050591 0.621146 -0.058167 0.332669 -0.139381 0.253410 -0.472605 0.160851 0.068268 -0.069522 -0.015874 -0.327732 0.050029 0.084628 -0.324350 0.115198 0.032173 0.030902 0.106120 -0.211109 0.181076 -0.334504 -0.092322 -0.013806 -0.042236 -0.103045 0.002944 -0.086796 -0.123563 0.113783 0.173329 0.219212 0.236913 0.121080
-0.255082 -0.567733 0.567136 0.218436 0.437383 0.158669 0.335319 0.157216 0.445274 0.057339 -0.273314 -0.221519 -0.233268 -0.228748 0.144242 -0.062751 -0.281842 -0.315297 0.393199 0.102168 0.233246 0.309269 0.485073 0.373838 0.666299 0.697204 0.330365 0.540490 0.104211 -0.256972 1.000000 0.649697 -0.180837 0.141723 0.568909 0.190297 -0.191112 -0.342946 0.087658 -0.046707 -0.098492 0.149203 0.080525 0.047876 0.078521 -0.036770 -0.009780 -0.249808 -0.188155 -0.174629 0.048042 -0.327896 -0.375886 -0.124914 -0.320893 -0.266868 -0.421136 -0.273690 0.156867 -0.296507 0.123740 -0.330240 0.102345 -0.238515 0.672050 -0.168612 0.008490 0.188721 -0.190249 0.078317 0.211271 0.291442 -0.060497 0.051914 0.085900 0.232896 0.125081 0.110363 -0.188207 -0.312975 -0.325505 -0.230184 0.337250 -0.269868 0.213888 -0.238206 0.260747 -0.209370 0.418050 -0.161227 -0.210444 -0.249739 -0.183198 0.088982 -0.203214 -0.245418 -0.043462 -0.374525 -0.313327 -0.282251 -0.241994 0.140489 -0.245924 0.017027 -0.255826 -0.080236 -0.137706 -0.067152 -0.074617 0.063281 -0.022873 -0.201167 -0.359844 -0.226024 -0.127788 -0.150556
-0.219332 -0.326943 0.359730 0.353662 0.447639 0.226591 0.353860 0.551046 0.467208 0.266564 -0.058968 0.257653 -0.067676 0.234415 0.284748 0.297683 -0.215790 -0.147569 0.112256 0.020253 0.188049 0.144379 0.312210 0.229267 0.473243 0.574395 0.173288 0.263354 -0.009680 -0.156541 0.649697 1.000000 -0.158607 0.433634 0.289243 0.291781 -0.107053 -0.353979 -0.120266 -0.003590 -0.105396 0.228466 0.169747 0.088285 -0.019046 0.013749 -0.166584 -0.173348 -0.107962 -0.305380 -0.037745 -0.364102 -0.586063 -0.316439 -0.394859 -0.407078 -0.356249 -0.352595 0.349174 -0.491552 0.239843 -0.165894 -0.054073 -0.345689 0.599117 0.402404 -0.291197 0.053527 -0.327912 0.037159 0.224577 0.313378 -0.115166 0.124082 0.047867 0.497098 0.104347 0.175302 -0.101545 -0.236898 -0.353018 -0.225182 0.254915 0.078424 0.081248 -0.146782 0.187982 0.034558 0.469168 -0.189598 -0.420688 -0.551177 -0.248315 -0.147685 -0.368683 -0.179249 -0.114792 -0.420462 -0.392548 -0.494696 -0.166095 -0.133702 -0.473753 -0.272910 -0.267484 -0.136136 -0.230529 -0.202677 0.008632 -0.036811 -0.160748 -0.350063 -0.480342 -0.150656 -0.092682 -0.148954
-0.068870 -0.208657 0.164908 -0.220171 -0.212952 -0.250100 0.317013 0.041550 -0.251559 -0.423431 0.120022 -0.319352 0.365300 -0.025178 -0.291306 -0.255842 0.119952 -0.090755 0.181745 0.292473 -0.336992 -0.160191 -0.007138 -0.118827 -0.253180 -0.316145 -0.273448 -0.229793 -0.082880 -0.091166 -0.180837 -0.158607 1.000000 0.457476 -0.165528 0.107780 -0.004100 -0.014499 0.096758 -0.043272 -0.007646 -0.161655 -0.089876 -0.028468 0.043748 -0.031859 -0.065335 0.057068 0.226120 -0.001207 0.192263 0.119147 0.194151 0.020860 0.229737 0.224800 0.296771 -0.019910 0.160999 0.084780 0.326164 0.103939 0.207870 0.161289 -0.210781 -0.149997 0.336730 0.041523 0.048600 0.302533 -0.117249 0.217431 0.120389 -0.068599 -0.033492 -0.012440 -0.060676 0.149083 0.222683 -0.164906 0.051155 0.014993 -0.320860 -0.204043 -0.217437 -0.169318 -0.164927 -0.209534 -0.132446 -0.013500 -0.088915 -0.011121 -0.135848 -0.093285 -0.217469 -0.315909 0.225456 -0.072152 0.228869 0.105904 -0.070703 -0.061851 0.019744 0.056850 0.033801 0.027297 -0.109814 0.122044 -0.252068 -0.265897 0.093784 -0.168829 -0.149805 -0.259082 -0.212354 -0.233280
-0.340685 -0.303381 0.208142 0.027632 0.142382 0.102443 0.298072 0.438541 0.070394 -0.039941 -0.100404 -0.048503 0.109355 0.253601 -0.108711 0.113512 -0.121499 0.029319 -0.039434 0.491619 0.001043 0.010465 -0.002218 -0.057966 0.038344 0.049520 -0.038240 0.050904 -0.196527 0.041804 0.141723 0.433634 0.457476 1.000000 -0.041437 0.380679 0.032269 -0.007089 -0.100435 0.047433 -0.059012 0.055126 0.035450 0.113359 0.121138 0.182546 -0.146314 0.113851 0.175654 -0.043252 0.168210 0.128380 -0.300287 -0.110331 -0.136053 -0.120586 0.014525 -0.142553 0.263005 -0.242405 0.236368 0.013623 -0.046911 -0.154540 0.101562 0.263263 0.014058 0.217121 -0.006675 0.200689 0.088797 0.453087 0.055637 0.035440 0.131114 0.250541 0.143643 0.250380 0.083274 -0.038173 -0.150710 0.013051 -0.324615 -0.034241 -0.342573 -0.193420 -0.141207 -0.221185 -0.023843 -0.184768 -0.222259 -0.386570 -0.154889 -0.284738 -0.371659 -0.217986 0.109354 -0.296301 -0.056410 -0.194815 -0.088694 -0.200427 -0.234852 -0.294936 -0.167244 -0.242605 -0.263171 -0.223451 -0.173493 -0.201633 0.222518 -0.112389 -0.123936 -0.173194 -0.300500 -0.320164
-0.264446 -0.415809 0.468560 0.167782 0.175535 0.056570 0.233468 0.058519 0.314089 0.083141 -0.348406 -0.201127 -0.477472 -0.362268 0.063532 -0.272389 -0.501569 -0.440564 0.257373 0.002102 -0.021860 0.191471 0.608735 0.520096 0.549980 0.548744 0.108839 0.448911 -0.191602 -0.418535 0.568909 0.289243 -0.165528 -0.041437 1.000000 0.374021 -0.395685 -0.495222 -0.028183 -0.321764 -0.218683 -0.265742 0.091747 0.125473 0.250615 0.150339 -0.087486 -0.238869 -0.141598 0.111144 0.304798 -0.139764 -0.138511 0.072502 -0.323180 -0.293237 -0.422603 -0.289100 0.057073 -0.161977 -0.127024 -0.297231 -0.105312 -0.295115 0.592945 -0.142480 0.110647 0.371169 -0.131077 0.146608 0.053718 -0.102564 -0.289492 -0.240807 -0.231637 -0.172791 0.017255 0.015619 -0.361930 -0.302861 -0.424413 -0.364942 0.278448 -0.375353 0.312096 -0.222028 0.255421 -0.206327 0.499150 -0.235817 0.064389 0.070106 0.092211 0.407008 0.014565 -0.191048 0.043710 -0.226782 -0.134996 -0.084199 -0.175710 0.213758 -0.089487 0.281488 0.051952 0.020125 -0.103570 0.135968 -0.036624 -0.048275 0.162262 0.094959 -0.095648 -0.204658 -0.081034 -0.051645
-0.455940 -0.307111 0.411001 0.086324 0.145510 0.132315 0.209742 0.387667 0.345749 0.129047 -0.129644 0.197609 -0.080500 0.081933 0.051141 -0.023824 -0.505515 -0.266449 0.113000 -0.149733 0.010437 0.049311 0.281999 0.064098 0.236649 0.105415 -0.111073 0.014871 -0.479144 -0.453371 0.190297 0.291781 0.107780 0.380679 0.374021 1.000000 -0.350059 -0.349518 -0.269732 -0.309704 -0.370857 -0.191676 0.078170 0.265101 0.407659 0.623946 -0.060265 0.143102 0.193629 0.224266 0.273815 0.134154 -0.040855 -0.085821 -0.282746 -0.122382 -0.416313 -0.491195 0.459642 -0.044991 0.112350 0.041230 -0.258196 -0.473354 0.315143 0.490539 0.254274 0.672280 -0.199574 0.099022 -0.058371 -0.105644 -0.468776 -0.168640 -0.222167 -0.067198 -0.030737 0.357513 -0.392280 -0.242485 -0.540567 -0.491705 -0.218979 -0.351696 -0.193354 -0.265185 -0.045560 -0.272994 0.241712 -0.272176 -0.039695 -0.171091 0.054063 0.115156 -0.333712 -0.349819 0.196851 -0.258712 -0.149226 -0.280021 0.021315 0.065152 -0.116867 0.108541 0.127200 -0.068170 -0.126302 0.154480 -0.201963 -0.439760 0.290636 0.004457 -0.189989 -0.255477 -0.194720 -0.203519
