1.000000 0.353039 0.019473 -0.048279 0.002942 -0.067136 0.119043 0.076361 0.237504 0.156960 0.324902 0.196674 0.310124 0.125701 0.249698 0.074149 0.082581 0.027425 0.109629 0.141443 -0.051671 -0.063416 -0.353393 -0.143659 -0.012530 -0.086188 0.034679 0.024995 0.000986 -0.046474 -0.210152 -0.272828 0.162404 0.283697 0.067602 0.156628 -0.206017 -0.236265 0.023625 -0.388297 0.104653 -0.133030 -0.260386 -0.507479 -0.379731 -0.350925 -0.171163 -0.367569 -0.200621 -0.321650 0.019602 -0.226781 -0.080789 -0.089896 -0.135353 -0.272942 0.408802 0.260520 0.467659 0.058003 0.388104 0.340993 0.029168 0.177639 0.039272 0.130605 0.124131 -0.121335 -0.015785 0.034444 -0.314177 -0.214478 -0.280977 -0.131899 -0.247886 -0.181083 -0.014069 -0.196754 0.120720 0.056054 0.034094 0.131155 0.198008 0.268010 0.013416 0.176413 -0.293532 -0.043000 0.337172 0.101201 -0.317337 -0.283481 -0.116909 -0.087767 0.230090 -0.198978 -0.323412 0.047107 -0.262362 -0.166314 0.045006 -0.114916 -0.065496 -0.093881 -0.122571 0.114359 -0.458708 0.148076 0.091020 -0.184978 -0.380331 -0.245570 0.114781 -0.055143 -0.136618 0.296804
0.353039 1.000000 -0.314971 -0.202181 -0.113316 -0.048328 -0.171839 -0.148734 -0.040666 -0.237680 -0.249926 0.225853 0.099571 0.012287 0.146133 0.093646 0.470025 0.433456 0.025171 0.242540 0.174439 0.075785 -0.216939 -0.180206 -0.281938 -0.274257 0.102282 -0.032173 0.292442 0.181957 -0.208879 -0.180024 0.100454 0.063336 -0.409308 -0.309887 0.334013 -0.277624 -0.135688 -0.196563 0.058906 0.099674 -0.097891 -0.154618 -0.286779 -0.436221 -0.113984 -0.437264 -0.290380 0.052880 0.195073 0.151311 0.203469 0.148778 -0.051345 -0.188101 0.550144 0.710368 -0.147906 0.110965 -0.062769 0.151156 0.127989 0.472801 -0.300041 -0.321722 -0.150658 -0.575202 0.387099 -0.102568 -0.160707 -0.143717 0.016168 0.063482 0.084727 0.014625 -0.003759 -0.252062 0.351523 0.044827 0.607212 0.583208 0.115769 0.410820 0.153508 0.209846 -0.440626 -0.173246 -0.220434 -0.132702 -0.268807 -0.242091 -0.221627 -0.204155 0.274682 0.199283 -0.139968 0.260731 -0.061585 0.355576 0.238481 -0.276419 0.103725 -0.017605 0.111557 -0.225866 -0.048014 -0.094844 0.230759 0.236163 -0.308830 0.165021 0.051954 0.057263 -0.355191 0.232220
0.019473 -0.314971 1.000000 0.376493 0.220525 0.011918 0.776132 0.443567 0.098824 0.244600 0.148910 -0.039717 0.230845 -0.018301 -0.164542 -0.100703 -0.424485 -0.476320 -0.104593 -0.488183 -0.119698 -0.046374 0.257779 -0.037469 -0.079901 0.301901 0.019324 0.033452 -0.368062 -0.417234 0.159442 0.137100 0.010818 0.089273 0.183959 0.064928 -0.350604 -0.198313 -0.153167 -0.150210 -0.272639 -0.207081 -0.004119 -0.119513 -0.102665 0.249274 -0.126777 0.045618 0.108463 -0.460584 -0.132461 -0.459459 -0.307930 -0.283109 -0.174897 -0.064046 -0.314916 -0.243407 0.206535 -0.082346 0.336530 -0.078440 -0.202994 -0.493648 0.346234 0.354539 0.260657 0.416670 -0.257819 -0.018254 0.010061 -0.039034 -0.145988 0.036777 0.034144 0.211125 0.004067 0.075591 -0.300508 -0.094341 -0.509603 -0.502805 -0.103230 -0.251013 -0.393052 -0.098912 -0.014069 -0.290074 0.364151 -0.038081 0.127603 -0.027704 0.107034 0.238953 0.014319 -0.158939 0.002980 -0.162173 0.085834 -0.160791 0.114976 0.393274 0.088185 0.006938 0.053669 0.077433 0.223609 0.084395 -0.241912 -0.132028 0.085280 -0.070005 0.086522 0.042643 0.078084 0.289126
-0.048279 -0.202181 0.376493 1.000000 -0.165727 -0.278846 0.297233 0.667516 0.013495 0.171224 0.050393 0.362781 -0.013355 0.379289 -0.021356 -0.058693 -0.357109 -0.271564 0.128280 -0.240367 -0.062052 -0.089172 -0.222385 -0.140271 -0.258936 -0.047074 -0.360861 -0.143507 -0.244879 -0.116533 -0.036076 0.007179 0.067466 0.232970 0.227833 0.255284 -0.307383 0.035351 -0.129377 -0.231887 -0.450113 -0.016157 -0.244821 -0.066049 0.019253 0.048660 0.032582 -0.043161 -0.156735 -0.244649 -0.192477 -0.329258 -0.270835 -0.226056 -0.377054 0.036457 -0.142478 -0.201991 -0.051207 0.041014 -0.043799 0.108585 0.104705 -0.190078 0.128919 0.390015 0.264137 0.348992 -0.234092 -0.039046 0.018563 0.094617 -0.167313 0.015245 -0.027204 0.167358 0.355751 0.127683 -0.221755 -0.061467 -0.256398 -0.302204 0.038535 0.057554 -0.368629 0.334611 -0.241702 -0.165277 -0.025700 0.124692 0.228491 -0.243251 0.324233 -0.258525 -0.149229 -0.077264 -0.075958 -0.202955 0.038411 -0.073889 -0.031474 0.204987 -0.016335 -0.227311 -0.023067 -0.232830 0.032723 -0.026607 -0.157302 -0.271796 -0.020823 -0.244975 0.119773 -0.140888 -0.139330 -0.100249
0.002942 -0.113316 0.220525 -0.165727 1.000000 0.318924 0.305763 0.177658 0.415117 0.203922 -0.016985 0.015771 0.401039 0.158716 -0.047313 0.028079 -0.013868 0.140906 -0.076579 -0.036598 0.035258 0.019677 -0.222747 -0.342303 0.069708 -0.215982 0.054700 -0.240436 0.173118 0.171415 -0.187404 -0.365952 -0.019874 -0.090250 0.101027 0.100114 -0.190825 -0.155204 -0.311045 -0.272681 -0.032443 -0.079257 -0.072634 0.039332 0.051448 -0.172688 -0.061790 0.098802 0.176715 0.042813 -0.038918 -0.094992 -0.026388 0.042192 -0.059299 -0.224504 -0.125468 -0.169273 0.278872 0.398937 0.424516 0.431527 -0.010959 0.033414 -0.157604 0.082007 0.239973 0.001792 -0.104261 0.176044 -0.067821 -0.111764 0.393302 0.036366 -0.147329 0.186673 0.000630 -0.146900 -0.132011 -0.025974 0.014725 0.064987 -0.217015 -0.229760 0.169736 -0.049231 0.035115 -0.293769 0.173120 0.161842 0.209520 0.092728 -0.135897 0.125746 -0.273294 -0.227745 -0.021626 -0.407609 -0.228326 -0.360402 -0.111576 0.107981 -0.106547 -0.000532 -0.203745 -0.065866 0.063021 -0.070777 -0.195060 -0.028778 -0.042433 -0.211956 -0.160289 -0.077686 0.003025 -0.016957
-0.067136 -0.048328 0.011918 -0.278846 0.318924 1.000000 -0.009745 -0.191626 0.130752 0.259562 -0.077846 -0.277648 -0.031303 0.020164 0.075269 0.115684 -0.088842 -0.038791 -0.383192 0.040255 0.015290 0.128111 0.175048 0.200660 0.364888 0.095068 0.421956 0.315535 -0.062873 -0.171953 -0.085705 -0.019295 -0.206811 -0.321875 -0.032920 -0.100536 0.066959 0.074295 0.018082 0.297538 0.002561 -0.163021 -0.101413 0.055779 -0.171274 0.080797 0.130504 0.279072 0.107518 0.092461 0.098008 -0.022268 0.108350 -0.104069 0.114138 0.099457 -0.172465 -0.195197 0.011978 0.031574 0.116454 0.037333 -0.176039 -0.156629 0.141823 0.120838 -0.103630 0.033132 0.073137 0.232186 0.178622 0.152472 0.034494 -0.116838 -0.152358 -0.205975 -0.363629 -0.169852 -0.236993 -0.015428 -0.136415 -0.166987 -0.261977 -0.283845 0.308526 -0.022544 0.328464 0.066483 0.212612 0.166382 0.031536 0.189845 0.024168 0.088548 -0.196596 -0.009351 0.076715 -0.179635 -0.219686 -0.110365 -0.050160 -0.054852 -0.340582 0.243624 -0.054193 0.251959 -0.016705 -0.101781 -0.170925 0.105641 0.139269 0.078467 -0.327163 0.062187 -0.112552 0.120766
0.119043 -0.171839 0.776132 0.297233 0.305763 -0.009745 1.000000 0.514987 0.329677 0.318009 0.281562 0.118318 0.508745 0.225442 -0.128867 -0.021622 -0.237042 -0.303114 -0.103495 -0.496653 -0.291807 -0.033049 -0.048911 -0.404456 -0.100858 0.024754 -0.104791 -0.166899 -0.084908 -0.258692 -0.015927 -0.175992 -0.019115 0.045427 0.143616 0.046839 -0.454106 -0.301883 -0.338945 -0.230400 -0.116142 -0.302129 -0.197563 -0.086044 -0.086331 0.079793 -0.271786 -0.036742 0.078963 -0.376991 -0.158251 -0.406636 -0.383104 -0.353807 -0.204887 -0.133911 -0.320966 -0.234759 0.261252 0.048374 0.450035 0.175283 -0.037500 -0.321918 0.175014 0.371778 0.300959 0.255650 -0.281820 -0.154799 0.043343 -0.023189 0.084974 0.095353 0.151828 0.326999 0.150768 0.181962 -0.169356 -0.065369 -0.398832 -0.331358 -0.272846 -0.280325 -0.328092 -0.068672 -0.127912 -0.325491 0.236168 0.019194 0.201587 -0.027071 0.021197 0.191027 0.030817 -0.045327 -0.016925 -0.076900 0.006860 -0.130999 -0.011332 0.369504 0.034434 -0.032915 0.066333 -0.032751 0.107862 0.089701 -0.116693 -0.071372 0.015670 -0.108755 0.121863 0.048706 -0.066673 0.172661
0.076361 -0.148734 0.443567 0.667516 0.177658 -0.191626 0.514987 1.000000 0.383976 0.513643 0.162242 0.474254 0.236622 0.619258 -0.157593 0.188594 -0.344178 -0.306077 -0.183158 -0.570537 -0.256604 -0.074400 -0.443066 -0.465592 -0.299288 -0.154315 -0.295518 -0.347784 -0.110631 -0.048564 -0.114835 -0.213806 -0.093835 0.151942 0.161016 0.225765 -0.238196 -0.150452 -0.388933 -0.203380 -0.242967 -0.197697 -0.191221 -0.057958 0.014305 -0.033001 -0.125052 -0.076857 0.003188 -0.212564 -0.175038 -0.277829 -0.344720 -0.437137 -0.154340 -0.019945 -0.245894 -0.332631 0.266483 0.102650 0.370042 0.541068 0.015355 -0.212901 0.077342 0.618086 0.248416 0.206601 -0.321021 -0.159250 -0.153063 0.056491 -0.025309 -0.056600 -0.107590 0.322881 0.273806 0.133935 -0.123160 -0.043735 -0.303359 -0.241870 -0.185363 -0.163414 -0.388208 0.255642 -0.294908 -0.276325 0.186504 0.315038 0.235029 -0.260103 0.355361 -0.140036 -0.077880 0.065197 0.010976 -0.170632 0.094864 -0.177471 0.074198 0.254849 0.040101 -0.223378 -0.070336 -0.234654 0.138622 -0.132292 0.065430 -0.104977 0.035795 -0.215484 0.209575 -0.137003 -0.105757 -0.179534
0.237504 -0.040666 0.098824 0.013495 0.415117 0.130752 0.329677 0.383976 1.000000 0.650057 0.247924 0.222432 0.606443 0.524852 0.322616 0.379464 -0.044032 0.030802 -0.299993 -0.422842 -0.383457 0.171952 -0.251677 -0.331269 0.006369 -0.053154 0.093953 -0.103372 0.183359 -0.059897 -0.421110 -0.435031 -0.368728 -0.189626 -0.007181 0.020035 -0.245012 -0.181123 -0.356070 -0.076370 -0.073022 -0.417707 -0.375181 -0.099316 -0.219387 -0.292253 -0.408242 0.035507 0.164218 -0.140433 -0.019402 0.009289 -0.078032 -0.182153 -0.055798 -0.100355 -0.101533 -0.351738 0.417863 0.056572 0.597455 0.564182 0.034085 0.050186 0.248066 0.414150 -0.147029 -0.195240 -0.210543 -0.336453 -0.251907 -0.057848 -0.068237 -0.311422 -0.183936 -0.072061 -0.069789 -0.041652 -0.072514 -0.008756 -0.161831 0.011128 -0.163874 -0.289283 0.157570 0.207287 0.028092 -0.265067 0.393488 0.539302 0.307724 0.157145 0.336680 0.284812 -0.129863 0.076352 -0.110066 -0.147684 -0.103445 -0.047148 -0.034068 0.037051 -0.198824 0.111559 -0.119915 -0.117934 -0.062693 -0.307693 0.018281 0.082148 0.063930 -0.130067 0.017734 0.037558 -0.020901 -0.025552
0.156960 -0.237680 0.244600 0.171224 0.203922 0.259562 0.318009 0.513643 0.650057 1.000000 0.368744 0.294251 0.354691 0.559720 0.136142 0.573204 -0.340977 -0.371190 -0.296949 -0.606596 -0.427762 -0.083835 -0.153644 -0.105756 0.106055 -0.000685 0.152345 -0.012757 -0.062809 -0.233443 -0.198167 -0.175916 -0.327957 -0.089590 0.271378 0.269269 -0.318351 -0.005406 -0.277487 0.108711 -0.038724 -0.288990 -0.381275 -0.271695 -0.262566 -0.075941 -0.269952 0.015669 0.125380 -0.241943 0.004750 -0.276809 -0.223827 -0.351156 0.011983 0.054925 -0.307737 -0.570304 0.480210 -0.212666 0.640365 0.543740 -0.134663 -0.291092 0.510795 0.790803 -0.070206 0.098811 -0.352208 -0.134350 -0.169487 0.110812 -0.211076 -0.257137 -0.138147 0.059095 -0.034034 0.095919 -0.135071 0.017610 -0.488995 -0.307081 -0.137858 -0.397131 0.002520 0.227085 0.087586 -0.049614 0.618752 0.714293 0.132701 0.033613 0.511878 0.118658 -0.153009 0.009799 -0.105631 -0.233946 -0.178618 -0.293882 -0.103203 -0.132690 -0.290914 -0.066526 -0.274416 0.135356 -0.012924 -0.179347 -0.047420 -0.056320 0.021534 -0.251558 -0.041600 -0.147181 0.010132 -0.004095
0.324902 -0.249926 0.148910 0.050393 -0.016985 -0.077846 0.281562 0.162242 0.247924 0.368744 1.000000 0.277659 0.494199 0.367229 0.342985 0.080707 0.129742 -0.102580 0.332187 -0.150365 -0.093078 -0.034744 0.017148 -0.091848 0.096097 -0.082555 0.003946 -0.001239 -0.054654 -0.000918 0.072153 -0.069484 -0.107123 0.101458 0.352926 0.482617 -0.417965 0.277102 0.028244 0.045204 0.046918 -0.068797 -0.240687 -0.340522 -0.148303 -0.088152 -0.204818 0.007884 -0.137971 -0.181719 -0.255993 -0.180334 -0.344090 -0.057333 -0.142881 0.039847 -0.186343 -0.365335 0.340103 -0.294907 0.294285 0.226230 0.154935 -0.154136 0.425238 0.283129 -0.000536 0.126224 -0.356430 -0.270169 -0.030211 -0.028150 -0.077395 -0.034021 0.184576 0.144449 0.219588 0.147471 -0.149834 0.108341 -0.358059 -0.205242 0.111083 -0.002238 -0.020594 -0.011367 0.170445 0.152260 0.380431 0.190186 0.040921 0.039628 0.186540 0.023002 -0.191720 -0.221824 -0.144852 -0.251115 -0.203830 -0.327246 -0.375050 -0.118624 -0.188377 -0.183278 -0.280222 -0.074848 -0.377187 0.051051 -0.110222 -0.307966 -0.092896 -0.327508 -0.056765 -0.346941 -0.026654 -0.044487
0.196674 0.225853 -0.039717 0.362781 0.015771 -0.277648 0.118318 0.474254 0.222432 0.294251 0.277659 1.000000 0.287100 0.660552 0.237976 0.381988 0.000499 0.133966 0.119425 -0.154410 -0.129145 0.029809 -0.376767 -0.227854 -0.335437 -0.287954 -0.251663 -0.308054 0.094527 0.185207 -0.016636 -0.066154 -0.096223 0.049293 0.149277 0.242960 -0.127973 0.054072 -0.331806 -0.178462 -0.161580 0.062717 -0.416861 -0.292413 -0.175343 -0.410695 -0.278835 -0.246293 -0.201380 -0.004285 -0.102603 -0.115048 -0.257481 -0.039943 -0.327497 -0.107169 0.035583 -0.049353 0.190509 -0.056565 0.152548 0.538346 0.275398 0.217922 0.140993 0.296808 -0.004167 -0.141074 -0.246593 -0.187270 -0.358806 -0.004049 0.068409 -0.086876 0.043952 0.219358 0.341531 -0.080126 0.038807 0.063687 0.038314 0.236968 0.105025 0.218024 0.103975 0.507854 -0.371447 -0.145931 0.092613 0.324092 0.157001 -0.116851 0.423244 -0.172715 -0.148101 0.016502 -0.147013 -0.175661 -0.084800 -0.050858 -0.166662 -0.117461 -0.106163 -0.334487 -0.158977 -0.344485 -0.119238 -0.198074 -0.080553 -0.019058 -0.250652 -0.202620 0.142386 -0.359680 -0.330155 -0.047420
0.310124 0.099571 0.230845 -0.013355 0.401039 -0.031303 0.508745 0.236622 0.606443 0.354691 0.494199 0.287100 1.000000 0.395660 0.359100 0.131720 0.235647 0.192220 0.157815 -0.225137 -0.210915 0.009420 -0.174693 -0.472539 0.017281 -0.250334 0.026243 -0.218773 0.206488 0.236875 -0.206679 -0.426187 0.055992 0.122300 0.146672 0.215455 -0.432117 -0.109153 -0.259946 -0.334660 -0.047405 -0.220136 -0.398687 -0.379654 -0.321653 -0.488823 -0.506550 -0.138928 -0.046876 -0.163350 -0.087143 -0.156773 -0.162388 0.011514 -0.086341 -0.161364 0.015913 -0.108530 0.413552 0.009788 0.629190 0.476446 0.370628 0.178596 0.123318 0.092409 0.124062 -0.165242 -0.096613 -0.357883 -0.211355 -0.185839 0.279138 0.181415 0.175909 0.247285 0.201702 0.045950 0.066808 0.173330 -0.092377 0.090552 0.011112 -0.082563 0.060021 0.094691 -0.099453 -0.362559 0.249941 0.313249 0.066077 -0.021657 0.033219 0.057883 -0.191636 -0.212225 -0.125675 -0.357854 -0.232360 -0.213156 -0.145941 0.000457 -0.134702 -0.114638 -0.210091 -0.283737 -0.141195 -0.073300 -0.139430 -0.223013 -0.175527 -0.401351 -0.069172 -0.126103 -0.168899 -0.006729
0.125701 0.012287 -0.018301 0.379289 0.158716 0.020164 0.225442 0.619258 0.524852 0.559720 0.367229 0.660552 0.395660 1.000000 0.336529 0.431466 -0.066284 -0.002202 -0.149450 -0.287897 -0.125484 0.165981 -0.335224 -0.342189 -0.168344 -0.348179 -0.185092 -0.329272 0.097768 0.082886 -0.232112 -0.259907 -0.367895 -0.207470 0.027984 0.213496 -0.154136 0.055306 -0.362577 -0.013770 -0.198732 -0.177190 -0.398937 -0.106299 -0.020919 -0.321493 -0.273246 0.008557 0.023741 0.139336 -0.078140 0.046491 -0.309257 -0.187937 -0.296500 -0.022075 -0.241059 -0.329527 0.174862 0.022092 0.259794 0.631181 0.196977 -0.023153 0.127132 0.438201 -0.151787 -0.185495 -0.320598 -0.335172 -0.180972 0.036582 0.032386 -0.153178 0.006189 0.158552 0.283368 0.049462 -0.221836 -0.039417 -0.194191 -0.026673 -0.158525 -0.022004 0.039497 0.379933 -0.166896 -0.159302 0.180170 0.476109 0.342462 0.066366 0.545642 0.058179 -0.156852 0.180478 0.035348 -0.165523 -0.037336 -0.107582 -0.177035 -0.103668 -0.123354 -0.027810 -0.113100 -0.246998 -0.128552 -0.309535 0.003510 0.124375 0.029257 -0.100660 -0.043113 -0.188953 -0.248570 -0.223040
0.249698 0.146133 -0.164542 -0.021356 -0.047313 0.075269 -0.128867 -0.157593 0.322616 0.136142 0.342985 0.237976 0.359100 0.336529 1.000000 0.343753 0.261348 0.196081 0.097412 0.122705 -0.114447 0.106048 0.172009 0.244481 0.087090 -0.073105 0.134159 0.105764 0.160252 0.001580 -0.163335 -0.143933 -0.283081 -0.257244 -0.145308 -0.117902 -0.127304 0.053717 0.035994 -0.084607 -0.168189 -0.030667 -0.291880 -0.266392 -0.228514 -0.434250 -0.304703 -0.235898 -0.002517 0.240927 0.180713 0.260033 0.029183 0.264269 -0.166671 -0.123265 -0.004707 0.121710 0.043972 -0.208312 0.015617 0.097849 0.110907 0.156584 0.298383 -0.133122 -0.498471 -0.511514 -0.053155 -0.305034 -0.215459 -0.206081 -0.075596 -0.149544 0.054015 -0.283070 -0.014835 -0.323481 -0.174292 0.065425 -0.059316 0.197623 0.414763 0.345994 0.466772 0.415239 -0.073880 -0.100787 0.222667 0.275372 0.163645 0.173969 0.363676 0.139349 0.064847 0.041984 -0.325642 -0.002756 -0.036828 0.161256 -0.077680 -0.347266 -0.022104 0.171832 -0.086091 -0.139332 -0.284757 -0.192390 -0.089350 0.063335 -0.277349 0.019112 -0.069508 -0.006089 -0.185851 -0.021728
0.074149 0.093646 -0.100703 -0.058693 0.028079 0.115684 -0.021622 0.188594 0.379464 0.573204 0.080707 0.381988 0.131720 0.431466 0.343753 1.000000 -0.000728 -0.076501 -0.309467 -0.266788 -0.441302 0.064763 -0.067655 0.097515 0.029790 -0.096937 0.087068 0.006774 0.189239 -0.094191 -0.261069 -0.115087 -0.486401 -0.322472 -0.155049 -0.108603 0.088269 -0.152342 -0.338754 0.038337 0.003551 -0.049750 -0.154573 -0.068157 -0.075926 -0.147893 -0.228216 -0.208275 0.289019 0.211744 0.334673 0.176643 0.114710 0.026437 0.064045 -0.144001 -0.118817 -0.121816 0.082242 -0.250146 0.314186 0.357939 -0.195090 -0.011737 0.235812 0.305915 -0.515819 -0.401430 -0.292578 -0.074313 -0.313829 -0.112367 -0.150146 -0.279563 -0.014771 -0.185281 -0.047942 -0.227371 0.005365 -0.024373 -0.070453 0.030317 0.105122 -0.050511 0.238762 0.265697 -0.257083 -0.107174 0.414850 0.546604 -0.016115 0.267827 0.502651 0.177333 0.052343 0.240998 -0.207807 0.025908 0.026649 0.053533 0.092485 -0.243201 -0.050972 0.119421 0.062813 0.181694 -0.058180 -0.251014 0.103817 0.304894 -0.174392 0.119168 0.204990 -0.067815 -0.023877 0.040590
0.082581 0.470025 -0.424485 -0.357109 -0.013868 -0.088842 -0.237042 -0.344178 -0.044032 -0.340977 0.129742 0.000499 0.235647 -0.066284 0.261348 -0.000728 1.000000 0.737984 0.251431 0.340960 0.157577 0.238792 -0.017104 -0.098791 -0.210039 -0.426543 0.045425 -0.108969 0.589366 0.455937 -0.148458 -0.143744 0.044160 -0.112110 -0.349717 -0.162135 0.283940 0.023796 -0.102870 -0.114703 0.131706 0.186243 -0.024912 0.052596 -0.160814 -0.410350 -0.106123 -0.159330 -0.203837 0.249583 0.054132 0.382493 0.255928 0.398264 -0.035475 -0.163134 0.304655 0.466313 -0.219245 0.096720 -0.173854 -0.074505 0.367804 0.503236 -0.250689 -0.587023 -0.167522 -0.531905 0.112807 -0.208471 -0.040674 -0.043366 0.392130 0.145090 0.407684 0.098401 0.184750 0.012936 0.433810 0.201985 0.626404 0.507701 0.062434 0.342268 0.267962 -0.118207 -0.225065 -0.016479 -0.317431 -0.203218 -0.187070 0.056781 -0.217866 -0.140072 -0.114295 0.042119 0.006441 0.076826 -0.052786 0.276111 -0.076287 -0.324082 0.063366 0.003627 0.077199 -0.290047 -0.186724 -0.154974 0.027780 0.109357 -0.166758 0.117864 -0.074553 -0.018983 -0.041986 -0.146729
0.027425 0.433456 -0.476320 -0.271564 0.140906 -0.038791 -0.303114 -0.306077 0.030802 -0.371190 -0.102580 0.133966 0.192220 -0.002202 0.196081 -0.076501 0.737984 1.000000 0.197708 0.397227 0.105843 0.206449 -0.088138 -0.168006 -0.174150 -0.515488 -0.085907 -0.190551 0.539457 0.553542 -0.105748 -0.119547 0.148941 -0.114240 -0.223575 -0.062100 0.319560 0.026019 -0.143374 -0.199076 -0.014699 0.081842 -0.230729 -0.057780 -0.172768 -0.620937 -0.168253 -0.142538 -0.326595 0.264766 0.073329 0.448516 0.188045 0.479792 -0.055179 -0.153326 0.411335 0.446031 -0.190550 0.267638 -0.112377 0.082093 0.563516 0.721884 -0.282808 -0.617653 0.001599 -0.480702 0.162201 -0.294608 -0.110224 0.086460 0.477284 0.099451 0.198354 -0.004833 0.289709 0.079189 0.458013 0.242741 0.750420 0.686281 -0.023544 0.344488 0.410436 0.058500 -0.205978 -0.181527 -0.392662 -0.128746 -0.098400 -0.041293 -0.145400 -0.170703 -0.234483 0.044428 -0.034821 -0.027986 -0.125928 0.215330 0.020486 -0.285804 -0.038214 -0.133433 0.011782 -0.489728 -0.323155 -0.217483 0.019942 0.167223 -0.189443 -0.025034 -0.155680 -0.054566 -0.158848 -0.206988
0.109629 0.025171 -0.104593 0.128280 -0.076579 -0.383192 -0.103495 -0.183158 -0.299993 -0.296949 0.332187 0.119425 0.157815 -0.149450 0.097412 -0.309467 0.251431 0.197708 1.000000 0.414303 0.184657 -0.167155 -0.008334 0.042152 -0.053020 -0.175832 -0.103749 0.067623 0.031745 0.244408 0.237215 0.101958 0.355422 0.376582 0.298208 0.414905 -0.319827 0.180792 0.192659 -0.228097 0.095194 0.224991 -0.195583 -0.380657 -0.021978 -0.113968 -0.025611 -0.147825 -0.333388 -0.066448 -0.345416 -0.144275 -0.121754 0.308649 -0.287249 -0.119606 0.260295 0.116743 0.007791 -0.141229 -0.153456 -0.135115 0.312038 0.162552 0.033988 -0.211513 0.201363 0.149719 0.030012 0.068532 -0.039171 -0.115339 0.105237 0.301548 0.206237 0.258317 0.357335 -0.066145 0.282916 0.069408 0.199532 0.136627 0.411286 0.357607 0.055273 -0.017386 -0.018186 0.145872 -0.042839 -0.142755 -0.133663 -0.154584 -0.246476 -0.342392 -0.189466 -0.391810 -0.213738 -0.240212 -0.221705 -0.251942 -0.359888 -0.251957 -0.103125 -0.402750 -0.436654 -0.164167 -0.239948 0.160792 -0.184883 -0.363475 -0.275180 -0.353112 -0.080952 -0.381486 0.048776 -0.133714
0.141443 0.242540 -0.488183 -0.240367 -0.036598 0.040255 -0.496653 -0.570537 -0.422842 -0.606596 -0.150365 -0.154410 -0.225137 -0.287897 0.122705 -0.266788 0.340960 0.397227 0.414303 1.000000 0.302546 0.032062 0.083199 0.295414 0.049041 -0.221948 -0.139165 0.039507 0.179325 0.271764 0.079155 0.160864 0.300490 0.062191 -0.148529 -0.055411 0.205504 0.030774 0.216711 -0.185375 0.128560 0.367385 0.065210 -0.035039 0.104380 -0.189628 0.311228 0.003484 -0.252051 0.318070 -0.139119 0.218092 0.138333 0.456733 -0.248240 -0.137146 0.323984 0.405715 -0.339076 0.105416 -0.514424 -0.304224 0.145717 0.287820 -0.352430 -0.599392 -0.088593 -0.168736 0.267505 0.395973 0.095165 -0.064523 0.175003 0.171919 0.112883 -0.088535 0.028009 -0.262484 0.139579 -0.203288 0.467087 0.341535 0.200938 0.544296 0.268547 -0.047253 -0.067825 0.145288 -0.369271 -0.426562 -0.120530 0.071223 -0.434438 -0.230890 -0.001324 -0.123263 -0.108876 -0.024089 -0.212486 0.020803 -0.096906 -0.158690 -0.054960 0.051077 0.006177 0.112011 -0.243892 0.177476 -0.076540 -0.030060 -0.201491 -0.019049 -0.133333 -0.083195 -0.010174 -0.042291
-0.051671 0.174439 -0.119698 -0.062052 0.035258 0.015290 -0.291807 -0.256604 -0.383457 -0.427762 -0.093078 -0.129145 -0.210915 -0.125484 -0.114447 -0.441302 0.157577 0.105843 0.184657 0.302546 1.000000 0.112672 0.007902 0.013399 0.128277 0.039592 0.268528 0.142989 -0.121752 0.214435 0.166749 0.139238 0.208340 0.122016 0.083843 0.086724 0.075086 0.227380 0.272993 0.056407 0.028686 0.191160 0.171466 0.057410 0.012553 0.020307 0.250141 0.164866 -0.137243 -0.026983 -0.098789 0.068957 0.115098 0.070260 -0.047534 0.134778 0.288609 0.215730 -0.124511 0.080047 -0.353258 -0.177430 0.156132 0.148194 -0.202302 -0.272864 0.093137 0.058732 0.262631 0.104578 0.083193 -0.015286 0.076468 0.107948 0.004105 -0.083727 0.045343 0.059533 -0.106692 0.062347 0.247410 0.102492 0.026505 0.209542 -0.043966 -0.221870 0.148527 0.140424 -0.247594 -0.401504 -0.166700 -0.127218 -0.385237 -0.194718 -0.085565 -0.202455 0.277042 -0.075282 -0.036121 -0.091029 -0.060310 -0.037119 0.163446 -0.154982 0.029567 -0.197228 -0.007514 0.069357 -0.120989 -0.076012 0.103154 -0.061787 -0.246933 -0.075841 -0.153114 0.119079
-0.063416 0.075785 -0.046374 -0.089172 0.019677 0.128111 -0.033049 -0.074400 0.171952 -0.083835 -0.034744 0.029809 0.009420 0.165981 0.106048 0.064763 0.238792 0.206449 -0.167155 0.032062 0.112672 1.000000 0.211811 0.009760 -0.034913 0.103099 0.091324 0.165877 0.207586 -0.001300 -0.016970 0.284026 -0.493281 -0.549530 -0.327792 -0.260137 0.139222 -0.086208 -0.301689 0.270397 -0.285539 -0.192398 0.021305 0.204157 0.072905 -0.024528 -0.155616 0.414572 0.286758 0.142890 -0.060301 0.500653 0.092977 0.138192 -0.055959 -0.012804 0.045925 -0.005867 -0.197554 0.098088 -0.153186 0.010364 -0.120030 -0.091722 -0.095508 -0.048483 -0.376014 -0.195784 -0.090817 -0.149941 0.279121 0.240564 -0.051815 -0.213629 -0.065727 0.090075 -0.066987 0.127887 -0.021134 0.037525 0.174132 0.104795 -0.417381 -0.128057 0.055812 -0.307201 0.033828 -0.044433 -0.112414 -0.070822 0.148005 0.465017 0.181143 0.352099 -0.117686 0.262180 0.413079 0.110129 0.388278 0.373398 0.021274 -0.052776 0.061845 0.324621 0.078910 -0.084585 0.059626 -0.491460 -0.154894 0.464056 0.521815 0.453038 -0.248865 0.143927 0.068030 0.001302
-0.353393 -0.216939 0.257779 -0.222385 -0.222747 0.175048 -0.048911 -0.443066 -0.251677 -0.153644 0.017148 -0.376767 -0.174693 -0.335224 0.172009 -0.067655 -0.017104 -0.088138 -0.008334 0.083199 0.007902 0.211811 1.000000 0.657510 0.202410 0.412002 0.196481 0.406254 -0.193979 -0.324374 0.383094 0.639408 -0.242915 -0.277312 -0.063093 -0.176634 0.137655 0.131532 0.248803 0.400922 -0.133082 0.102054 0.190892 -0.004275 0.020100 0.267396 0.039762 0.299280 0.098192 0.038807 -0.042736 0.231394 0.041206 0.217655 0.004092 0.257231 -0.234345 -0.054287 -0.358699 -0.422844 -0.303452 -0.647483 -0.208113 -0.380143 0.359586 -0.212306 -0.338674 0.081519 -0.013027 -0.131958 0.180379 0.012726 -0.133777 -0.014224 0.261449 -0.101863 -0.169103 0.049261 -0.121891 -0.086480 -0.167558 -0.279309 0.084895 -0.005943 0.014897 -0.288996 0.382658 0.137421 0.044611 -0.190454 0.031815 0.393392 0.083931 0.355121 0.014334 0.064032 0.165343 0.081962 0.171063 0.190716 0.052896 -0.029181 -0.000296 0.277267 0.040979 0.208105 0.162104 -0.055062 -0.235675 0.228050 0.257483 0.353790 -0.143007 0.083871 0.277887 0.088976
-0.143659 -0.180206 -0.037469 -0.140271 -0.342303 0.200660 -0.404456 -0.465592 -0.331269 -0.105756 -0.091848 -0.227854 -0.472539 -0.342189 0.244481 0.097515 -0.098791 -0.168006 0.042152 0.295414 0.013399 0.009760 0.657510 1.000000 0.180283 0.418698 0.232412 0.504170 -0.225806 -0.344460 0.184929 0.582369 -0.216536 -0.216876 -0.102334 -0.204275 0.096041 0.084194 0.366077 0.340845 0.009646 0.184239 0.054247 -0.081960 0.029080 0.250484 0.192334 0.118358 0.127743 0.118208 0.079169 0.061228 0.132933 0.124059 -0.017847 0.162041 -0.129962 0.004976 -0.285472 -0.410533 -0.414093 -0.587381 -0.269040 -0.295086 0.361206 -0.124482 -0.443801 0.043865 0.012515 0.257717 -0.068609 -0.146734 -0.347982 -0.202961 0.039375 -0.325110 -0.440934 -0.329348 -0.153261 -0.187920 -0.057862 -0.222715 0.393087 0.179366 0.178534 0.001208 0.266533 0.277663 0.137920 -0.126825 -0.022556 0.322900 0.180028 0.079483 0.156494 0.087931 -0.062135 0.164444 0.071879 0.163771 0.024123 -0.146090 -0.150903 0.248042 0.002845 0.440188 -0.016331 -0.001556 -0.121848 0.170184 0.001558 0.282735 -0.032351 0.064904 0.216262 0.128815
-0.012530 -0.281938 -0.079901 -0.258936 0.069708 0.364888 -0.100858 -0.299288 0.006369 0.106055 0.096097 -0.335437 0.017281 -0.168344 0.087090 0.029790 -0.210039 -0.174150 -0.053020 0.049041 0.128277 -0.034913 0.202410 0.180283 1.000000 0.389055 0.358033 0.490635 -0.213573 -0.067244 0.128067 0.127735 -0.175201 0.016292 0.347418 0.156713 -0.223443 0.136077 0.415419 0.230401 0.076913 -0.018031 0.067392 -0.110151 0.099166 0.210922 0.122876 0.332098 0.186177 -0.097083 0.068012 0.106663 0.262710 -0.049833 0.342845 0.339678 -0.003754 -0.139917 0.075777 -0.197583 0.098990 -0.027254 -0.252614 -0.239585 0.039156 0.119663 -0.137230 0.209041 -0.111310 0.046427 0.122392 0.001052 -0.167218 0.012558 -0.091958 -0.198392 -0.087999 0.166799 -0.226484 0.132716 -0.254323 -0.274733 -0.090170 -0.315770 -0.029664 -0.301033 0.509589 0.281967 0.135925 0.090587 -0.178718 0.080817 -0.246553 0.026580 -0.059948 -0.096141 0.163856 -0.086926 0.001958 -0.209847 -0.055615 -0.121825 -0.188335 -0.121459 -0.151998 0.082834 -0.127948 -0.012895 -0.053502 -0.087660 0.203048 -0.167722 -0.292225 0.012283 0.059547 -0.003884
-0.086188 -0.274257 0.301901 -0.047074 -0.215982 0.095068 0.024754 -0.154315 -0.053154 -0.000685 -0.082555 -0.287954 -0.250334 -0.348179 -0.073105 -0.096937 -0.426543 -0.515488 -0.175832 -0.221948 0.039592 0.103099 0.412002 0.418698 0.389055 1.000000 0.442559 0.663062 -0.441085 -0.468713 0.144544 0.299180 -0.279333 -0.065130 0.088291 -0.193343 -0.184116 -0.099398 0.435739 0.380574 0.065742 -0.159056 0.306915 0.033802 -0.002834 0.463037 0.075700 0.258376 0.332874 -0.357441 0.056921 -0.160229 0.150504 -0.264963 0.290992 0.307845 -0.168707 -0.184790 -0.038008 -0.302245 -0.065086 -0.425030 -0.510192 -0.480451 0.248532 0.201329 -0.223642 0.292251 0.000402 0.131904 -0.102982 -0.093737 -0.517911 -0.399328 -0.329437 -0.274719 -0.429431 -0.178685 -0.288014 -0.000064 -0.323580 -0.338543 0.069510 -0.292583 -0.216653 -0.206651 0.378092 0.134627 0.260539 -0.010995 -0.059699 0.047684 -0.090659 0.211410 0.248991 0.080953 0.157712 0.269069 0.269198 0.142790 -0.018397 0.109498 -0.083521 0.193942 0.100886 0.304776 0.251052 0.068067 -0.080934 0.032477 0.319050 0.224391 0.154060 0.320424 0.442884 0.225303
0.034679 0.102282 0.019324 -0.360861 0.054700 0.421956 -0.104791 -0.295518 0.093953 0.152345 0.003946 -0.251663 0.026243 -0.185092 0.134159 0.087068 0.045425 -0.085907 -0.103749 -0.139165 0.268528 0.091324 0.196481 0.232412 0.358033 0.442559 1.000000 0.543475 -0.133205 -0.193276 -0.165606 -0.040049 -0.137198 -0.096402 -0.002337 -0.073954 -0.131136 -0.094325 0.337090 0.282936 0.283504 -0.059208 0.001925 -0.171832 -0.298788 0.053570 -0.157871 -0.098440 0.277328 -0.243890 0.262491 -0.095264 0.193800 -0.074410 0.305884 0.020120 0.042594 -0.004819 0.255291 -0.085886 0.145183 -0.075689 -0.216554 -0.136479 0.260110 0.102583 -0.180583 -0.038334 0.083622 0.122553 -0.078715 -0.208857 -0.263953 -0.128602 -0.140445 -0.193265 -0.440587 -0.223468 -0.066119 0.053277 -0.060172 -0.002023 0.065151 -0.093998 0.121543 -0.049684 0.260960 0.159985 0.433796 0.108437 -0.348722 -0.034056 -0.120906 0.007451 0.061933 -0.061478 -0.042098 0.013383 -0.135578 0.060887 -0.017320 -0.300782 -0.098508 0.180776 0.008907 0.188118 0.073920 0.023175 -0.166576 -0.023578 -0.055197 0.051853 -0.064168 0.206675 -0.016790 0.254944
0.024995 -0.032173 0.033452 -0.143507 -0.240436 0.315535 -0.166899 -0.347784 -0.103372 -0.012757 -0.001239 -0.308054 -0.218773 -0.329272 0.105764 0.006774 -0.108969 -0.190551 0.067623 0.039507 0.142989 0.165877 0.406254 0.504170 0.490635 0.663062 0.543475 1.000000 -0.221026 -0.239563 0.079587 0.335784 -0.304331 -0.069905 0.079095 -0.052562 -0.144542 -0.016606 0.393931 0.351952 0.140609 -0.128585 0.102116 -0.058922 -0.154698 0.331326 0.131390 0.271120 0.203472 -0.246141 0.010788 -0.019458 0.234797 -0.080478 0.251651 0.355010 0.032062 -0.039395 -0.132284 -0.321126 -0.193702 -0.327243 -0.346162 -0.290526 0.219851 0.068490 -0.328522 0.160562 0.119256 0.082749 0.005413 -0.005442 -0.407153 -0.246637 -0.220059 -0.307528 -0.334553 -0.204362 -0.131065 0.044491 -0.068231 -0.244307 0.210523 -0.078123 0.001174 -0.232464 0.430773 0.148024 0.173167 -0.011018 -0.240685 -0.049721 -0.139062 -0.009629 0.038855 -0.010756 0.108352 0.131760 0.110920 0.073128 -0.006551 -0.058708 -0.280362 0.091768 -0.109302 0.251348 -0.028794 0.038694 -0.094320 0.080828 0.134152 0.115722 -0.162032 0.137967 0.251770 0.066525
0.000986 0.292442 -0.368062 -0.244879 0.173118 -0.062873 -0.084908 -0.110631 0.183359 -0.062809 -0.054654 0.094527 0.206488 0.097768 0.160252 0.189239 0.589366 0.539457 0.031745 0.179325 -0.121752 0.207586 -0.193979 -0.225806 -0.213573 -0.441085 -0.133205 -0.221026 1.000000 0.399966 -0.072443 -0.158629 -0.116917 -0.216092 -0.302092 -0.155012 0.171917 -0.225170 -0.450116 -0.112866 -0.019444 -0.048828 -0.159056 0.184663 -0.052278 -0.458168 -0.319573 -0.159348 -0.118849 0.236819 0.170503 0.358785 -0.093129 0.253123 0.088239 -0.188670 0.145475 0.166003 -0.032691 0.225227 0.019056 0.169282 0.247620 0.459431 -0.256042 -0.285097 -0.047434 -0.470095 0.198311 -0.126096 0.057606 0.032601 0.339060 0.034862 0.330393 0.186468 0.293429 0.063875 0.414749 0.107992 0.524804 0.466523 -0.127719 0.151115 0.250404 0.068938 -0.301725 -0.294233 -0.400022 0.033190 -0.091070 0.051048 -0.070161 -0.021652 0.000665 0.343385 -0.063057 0.200800 -0.096534 0.272159 -0.067419 -0.332317 0.143312 0.005516 0.122527 -0.190765 -0.211729 -0.392432 0.253029 0.404877 -0.021259 0.163403 -0.039107 0.167961 -0.027414 -0.341790
-0.046474 0.181957 -0.417234 -0.116533 0.171415 -0.171953 -0.258692 -0.048564 -0.059897 -0.233443 -0.000918 0.185207 0.236875 0.082886 0.001580 -0.094191 0.455937 0.553542 0.244408 0.271764 0.214435 -0.001300 -0.324374 -0.344460 -0.067244 -0.468713 -0.193276 -0.239563 0.399966 1.000000 0.017337 -0.097575 0.343843 0.341433 0.148781 0.291170 0.181592 0.322010 -0.145336 -0.219063 0.113593 0.260548 0.015515 0.066388 0.060562 -0.322353 -0.076634 0.007645 -0.140923 0.292551 -0.098915 0.182615 -0.050891 0.217033 0.062481 -0.046486 0.275380 0.088220 -0.076456 0.197730 -0.051353 0.228594 0.543302 0.554093 -0.321419 -0.354602 0.157317 -0.133218 0.139528 -0.111369 -0.023880 -0.068811 0.555493 0.310778 0.200376 0.167088 0.471951 0.257376 0.357230 0.435918 0.372031 0.429335 -0.059947 0.291260 0.228122 -0.120934 -0.077747 -0.162293 -0.399244 -0.121513 -0.161127 -0.319886 -0.225506 -0.412068 -0.386642 -0.246542 0.217822 -0.340842 -0.258256 -0.148471 -0.012689 -0.056329 0.041435 -0.362567 -0.154668 -0.476161 -0.159534 -0.066534 0.003598 -0.238038 -0.053722 -0.434088 -0.222056 -0.258827 -0.130365 -0.433814
-0.210152 -0.208879 0.159442 -0.036076 -0.187404 -0.085705 -0.015927 -0.114835 -0.421110 -0.198167 0.072153 -0.016636 -0.206679 -0.232112 -0.163335 -0.261069 -0.148458 -0.105748 0.237215 0.079155 0.166749 -0.016970 0.383094 0.184929 0.128067 0.144544 -0.165606 0.079587 -0.072443 0.017337 1.000000 0.631024 0.097284 0.102225 0.218394 0.080810 0.106579 0.216804 0.137104 0.310270 -0.059942 0.093997 0.049533 -0.116080 0.041874 0.141980 0.074391 0.248095 -0.248512 -0.038470 -0.348653 0.067442 -0.185300 0.059500 0.157751 0.259385 0.069014 0.006371 -0.056149 -0.410322 -0.211605 -0.340179 0.082384 -0.064499 0.132692 -0.141044 0.107490 0.274619 0.135791 -0.125565 0.109124 0.195794 -0.020834 0.165279 0.240467 0.111912 0.200593 0.317967 -0.048312 0.025697 -0.138158 -0.157229 -0.005281 0.022375 -0.190980 -0.214219 0.100804 0.058537 -0.193977 -0.243975 0.036793 0.029047 -0.076301 -0.034090 -0.022627 0.065411 0.281227 0.097948 0.236120 0.008341 -0.079301 0.057673 0.079860 -0.329019 -0.130946 -0.117162 -0.079474 -0.148449 0.059048 0.053508 0.262310 0.037514 -0.199575 -0.218320 0.158922 -0.181038
-0.272828 -0.180024 0.137100 0.007179 -0.365952 -0.019295 -0.175992 -0.213806 -0.435031 -0.175916 -0.069484 -0.066154 -0.426187 -0.259907 -0.143933 -0.115087 -0.143744 -0.119547 0.101958 0.160864 0.139238 0.284026 0.639408 0.582369 0.127735 0.299180 -0.040049 0.335784 -0.158629 -0.097575 0.631024 1.000000 -0.119627 -0.052934 0.105335 0.085764 0.137646 0.201120 0.083722 0.448695 -0.189925 0.209331 0.038308 -0.040595 0.081097 0.288196 0.053369 0.396469 -0.025230 -0.015615 -0.277893 0.189246 -0.131556 0.066482 -0.033293 0.292625 -0.014486 -0.083105 -0.244932 -0.382414 -0.413763 -0.497239 -0.103260 -0.274281 0.266090 -0.049443 -0.165565 0.326710 -0.098017 0.004942 0.208586 0.169705 -0.199107 0.102634 0.215012 0.139958 0.022507 0.249527 0.041217 -0.118452 -0.031352 -0.244282 -0.068241 0.101093 -0.113656 -0.271141 0.179072 0.132532 -0.117936 -0.318994 -0.092642 0.204111 0.104714 0.032379 -0.101133 0.096975 0.298273 0.024692 0.257773 0.114434 0.125047 0.016280 0.008394 -0.133131 -0.077329 0.037440 0.003572 -0.206115 -0.160141 0.206102 0.353609 0.175539 -0.247613 -0.173415 0.154851 -0.040026
0.162404 0.100454 0.010818 0.067466 -0.019874 -0.206811 -0.019115 -0.093835 -0.368728 -0.327957 -0.107123 -0.096223 0.055992 -0.367895 -0.283081 -0.486401 0.044160 0.148941 0.355422 0.300490 0.208340 -0.493281 -0.242915 -0.216536 -0.175201 -0.279333 -0.137198 -0.304331 -0.116917 0.343843 0.097284 -0.119627 1.000000 0.677373 0.206416 0.222965 -0.074226 0.088938 0.119295 -0.441117 0.137241 0.201161 0.019735 -0.215466 -0.198236 -0.243936 0.058386 -0.379218 -0.478277 -0.202734 -0.073847 -0.366878 -0.084354 0.022275 -0.128460 -0.214889 0.252649 0.305888 0.172579 0.194608 0.068476 -0.051480 0.358057 0.425554 -0.137287 -0.246936 0.621425 0.156439 0.288266 0.186449 -0.052033 -0.079045 0.264479 0.385144 0.089537 0.171389 0.181419 0.065098 0.333121 0.111680 0.138806 0.189475 0.132177 0.375308 -0.003805 0.092919 -0.240516 -0.056417 -0.150848 -0.275731 -0.266697 -0.472637 -0.447552 -0.423952 -0.057047 -0.458602 -0.266974 -0.280194 -0.395736 -0.254649 -0.007673 0.105323 0.115586 -0.455214 0.020391 -0.162621 -0.044864 0.468512 -0.044419 -0.562159 -0.429303 -0.547866 0.082710 -0.106881 -0.183450 0.061495
0.283697 0.063336 0.089273 0.232970 -0.090250 -0.321875 0.045427 0.151942 -0.189626 -0.089590 0.101458 0.049293 0.122300 -0.207470 -0.257244 -0.322472 -0.112110 -0.114240 0.376582 0.062191 0.122016 -0.549530 -0.277312 -0.216876 0.016292 -0.065130 -0.096402 -0.069905 -0.216092 0.341433 0.102225 -0.052934 0.677373 1.000000 0.487043 0.483394 -0.145284 0.154522 0.243192 -0.356058 0.096666 0.300367 -0.013518 -0.325137 -0.147316 0.017982 0.018031 -0.241756 -0.384261 -0.400811 -0.224802 -0.517710 -0.181875 -0.205409 -0.071280 -0.010268 0.281540 0.039159 0.248581 0.013833 0.173727 0.120596 0.216623 0.168012 0.053879 0.084488 0.539310 0.428091 0.131644 0.042022 -0.128603 -0.300232 0.018756 0.320647 0.098602 0.116013 0.281138 0.119806 0.214868 0.249706 -0.085249 -0.036976 0.158076 0.250494 -0.192391 0.040039 -0.031278 0.066553 -0.057601 -0.054929 -0.310601 -0.576890 -0.400791 -0.503951 -0.107831 -0.524753 -0.161002 -0.344568 -0.358884 -0.410869 0.074724 0.077013 -0.057595 -0.546460 -0.192042 -0.150537 -0.094618 0.328159 -0.029990 -0.641751 -0.271748 -0.666425 0.130547 -0.193310 -0.178080 -0.021110
0.067602 -0.409308 0.183959 0.227833 0.101027 -0.032920 0.143616 0.161016 -0.007181 0.271378 0.352926 0.149277 0.146672 0.027984 -0.145308 -0.155049 -0.349717 -0.223575 0.298208 -0.148529 0.083843 -0.327792 -0.063093 -0.102334 0.347418 0.088291 -0.002337 0.079095 -0.302092 0.148781 0.218394 0.105335 0.206416 0.487043 1.000000 0.793081 -0.475639 0.430951 0.220752 -0.108861 0.015274 0.171242 -0.188099 -0.223504 -0.012316 0.183816 0.107164 0.248319 -0.153523 -0.284760 -0.414749 -0.369357 -0.211544 -0.108951 -0.014596 0.299664 -0.002746 -0.478371 0.240129 -0.245035 0.183567 0.088627 0.216754 -0.198781 0.370113 0.374301 0.391504 0.690820 -0.255568 0.000004 0.060920 0.089058 0.075288 0.217313 -0.021377 0.050310 0.387464 0.357019 -0.079179 0.244016 -0.403280 -0.302495 -0.007723 -0.159636 -0.131332 -0.106584 0.396834 0.335800 0.224069 0.221570 -0.181550 -0.276102 -0.116144 -0.241519 -0.442417 -0.606573 0.085199 -0.560023 -0.224478 -0.645670 -0.270861 -0.028241 -0.311836 -0.597624 -0.570816 -0.129103 -0.063982 0.235806 -0.460954 -0.617068 0.020683 -0.632425 -0.177201 -0.448980 -0.064773 -0.023700
0.156628 -0.309887 0.064928 0.255284 0.100114 -0.100536 0.046839 0.225765 0.020035 0.269269 0.482617 0.242960 0.215455 0.213496 -0.117902 -0.108603 -0.162135 -0.062100 0.414905 -0.055411 0.086724 -0.260137 -0.176634 -0.204275 0.156713 -0.193343 -0.073954 -0.052562 -0.155012 0.291170 0.080810 0.085764 0.222965 0.483394 0.793081 1.000000 -0.382179 0.437698 0.146767 -0.106953 0.032288 0.188463 -0.230879 -0.287062 -0.055758 0.023914 -0.009041 0.125061 -0.215846 -0.262034 -0.340649 -0.312343 -0.356507 -0.094977 -0.108726 0.191983 0.019936 -0.490443 0.319363 -0.094049 0.228755 0.270065 0.359000 -0.037132 0.318359 0.330996 0.437635 0.561602 -0.367717 -0.043483 0.061582 0.036075 0.069397 0.367884 0.056179 0.233968 0.558684 0.350957 0.057195 0.181290 -0.238141 -0.216941 -0.024218 -0.082966 -0.055299 0.030548 0.305232 0.190099 0.253858 0.221691 -0.228660 -0.334106 0.071639 -0.269143 -0.563736 -0.577284 -0.037596 -0.688143 -0.428289 -0.681140 -0.233607 -0.075140 -0.248549 -0.569374 -0.514922 -0.213363 -0.307218 0.201618 -0.340839 -0.594810 -0.108749 -0.672456 -0.193850 -0.466860 -0.147572 -0.158779
