1.000000 0.473311 -0.251099 -0.280316 -0.158807 0.066558 -0.227367 -0.287284 -0.436329 -0.268625 -0.028822 -0.115309 0.139535 -0.282664 -0.352873 -0.265002 0.282970 -0.065045 -0.036184 -0.193347 0.047215 -0.270986 -0.294935 -0.313993 -0.132805 -0.258899 0.002205 -0.080074 0.115501 0.132487 -0.363971 -0.424384 0.341388 0.082704 -0.210523 -0.351558 0.045525 -0.159454 0.052161 -0.040409 -0.244040 -0.272402 0.343281 0.462015 0.083836 0.168535 0.277707 0.270081 0.317036 0.189947 -0.037684 0.327961 0.090526 0.054512 0.323895 0.294184 0.607165 0.432497 0.291483 0.091953 0.218722 -0.215775 0.026806 0.055581 -0.373701 -0.173378 0.339641 -0.431901 0.237148 -0.092030 -0.193281 -0.178634 0.136293 -0.043417 -0.041983 0.091406 -0.116939 -0.316461 0.001360 -0.008782 0.320005 0.101624 -0.262562 -0.253996 0.238801 -0.065499 0.215052 0.245776 -0.224055 0.013038 -0.494104 -0.229917 -0.279619 -0.435296 0.375610 -0.094095 0.302401 0.174734 0.124498 0.187948 0.104263 -0.135699 -0.193575 -0.390312 -0.121263 -0.196269 -0.080030 -0.118330 0.261209 -0.082588 0.021025 -0.046532 -0.229095 -0.005573 -0.353005 -0.088856
0.473311 1.000000 -0.527292 -0.271397 -0.140842 0.010325 -0.504788 -0.450430 -0.506487 -0.335375 0.018171 0.141181 0.032612 -0.375595 -0.404276 -0.280943 0.444181 0.142737 -0.007149 0.192272 0.132312 -0.158194 -0.575608 -0.455434 -0.080906 -0.125352 -0.169743 -0.141093 0.163440 0.270149 -0.326665 -0.418805 0.523682 0.056923 -0.183760 -0.471017 0.286811 0.135905 0.138196 0.071603 -0.042499 0.113877 0.234618 0.281154 0.064693 0.169022 0.318620 0.274257 0.204989 0.297820 -0.099408 0.331720 0.292028 0.171085 0.378024 0.420901 0.512298 0.522098 -0.094844 0.223220 -0.043821 -0.377865 0.132629 0.142282 -0.572228 -0.505410 0.153755 -0.478895 0.491674 0.254628 -0.096376 -0.130655 0.143955 -0.067439 -0.018439 -0.230717 -0.082808 -0.268081 0.194057 0.344482 0.592558 0.474492 0.018825 0.159649 0.085966 0.086583 0.115548 0.253940 -0.337709 0.316117 -0.234659 -0.254886 -0.518293 -0.472235 0.122226 -0.069274 0.142317 -0.112512 0.318536 0.427079 0.095753 -0.212063 0.082286 -0.216557 0.037503 -0.185603 -0.081429 -0.214683 -0.166065 -0.016582 -0.087631 0.073807 0.027074 0.020408 -0.135396 -0.131966
-0.251099 -0.527292 1.000000 0.197473 0.372019 0.037220 0.673096 0.478826 0.584981 0.411455 -0.031362 -0.160485 -0.079639 0.335310 0.385992 0.263747 -0.309772 0.015624 0.153358 -0.227256 0.011828 0.205506 0.574396 0.431663 0.393778 0.143341 0.126507 -0.099187 0.012292 -0.095727 0.440640 0.406654 -0.295999 0.018383 0.253887 0.405472 -0.089814 -0.086023 -0.241928 -0.126285 -0.018694 -0.079819 -0.413880 -0.460946 -0.271967 -0.417241 -0.517706 -0.449234 -0.194973 -0.443387 0.039292 -0.409762 -0.219627 -0.373315 -0.331627 -0.626001 -0.484635 -0.709587 0.212739 -0.159589 0.278446 0.354844 -0.228547 -0.165226 0.673559 0.262646 0.093776 0.403128 -0.573835 -0.316918 0.165304 0.014664 -0.079375 0.144145 0.173160 0.290986 0.389027 0.385599 0.137338 -0.235762 -0.575269 -0.426945 -0.098750 -0.349596 -0.259253 -0.363455 -0.227494 -0.285436 0.310223 -0.369798 0.224679 0.480445 0.490422 0.665287 -0.226858 0.281857 -0.377383 0.129745 -0.342743 -0.359803 0.071331 0.362281 0.347495 0.440392 0.243876 0.522260 0.156489 0.142461 0.196070 0.162568 0.317837 -0.207524 0.206623 0.190878 0.194655 0.261090
-0.280316 -0.271397 0.197473 1.000000 0.092435 0.103372 -0.010764 0.325316 0.078547 0.064879 -0.095421 0.157286 -0.369512 0.076946 -0.156880 0.215684 -0.267511 0.065334 -0.154619 0.033603 0.163636 0.116588 0.381786 0.343918 0.226130 0.456365 0.121932 0.106285 0.058279 -0.194296 0.314141 0.493752 -0.125690 -0.113019 0.137954 0.246564 -0.006434 0.142337 -0.043617 0.227734 0.032463 0.329184 -0.188255 -0.089031 -0.098737 -0.074860 -0.148617 -0.032084 -0.246378 -0.071762 -0.189791 -0.261035 0.071983 -0.073986 -0.227878 -0.155480 -0.230905 -0.360281 -0.206410 -0.177586 -0.136182 0.238204 -0.168669 -0.015168 0.225907 0.223504 -0.374284 0.201199 -0.337386 -0.156101 0.200988 -0.059343 -0.089378 -0.037697 -0.087353 0.174774 0.304508 0.209061 0.155887 -0.155422 -0.199679 -0.134974 0.020617 0.210684 -0.178080 -0.093048 -0.131429 0.024315 0.081897 -0.108170 0.117785 -0.030729 0.110502 0.093216 -0.008812 -0.017042 -0.196329 0.091988 0.035451 -0.150785 0.094022 -0.033936 0.031855 -0.036649 0.165518 -0.020732 -0.218142 0.016537 -0.008222 -0.043843 0.083783 -0.085663 -0.075712 0.126263 -0.019174 -0.163643
-0.158807 -0.140842 0.372019 0.092435 1.000000 0.622837 0.179583 0.287713 0.568146 0.641956 0.016985 -0.286752 -0.280965 0.180545 0.126317 0.565901 -0.098237 0.040054 0.118589 -0.130429 0.073705 -0.221596 0.029244 0.303293 0.519833 -0.169975 0.306646 -0.206156 -0.168922 -0.245860 -0.069165 -0.069499 0.136525 -0.335459 0.053639 0.225540 0.181404 0.287237 0.246864 0.445847 -0.402125 0.231629 -0.169732 -0.117760 -0.230290 -0.058314 -0.252857 -0.289076 -0.024979 -0.125019 0.045567 -0.199439 -0.296737 -0.172145 0.114208 -0.258502 -0.133742 -0.418171 0.190680 0.182335 -0.051760 0.195195 -0.196142 -0.246647 0.267151 0.178231 -0.043462 0.172330 -0.122361 0.044410 0.036476 -0.060465 -0.295568 -0.030626 0.045835 0.058059 0.228477 -0.086468 0.279707 -0.237111 -0.405206 -0.451632 -0.050250 -0.383870 -0.242603 -0.181951 -0.106005 0.315614 0.570937 0.072266 -0.231748 0.179946 0.293153 0.272496 0.274049 -0.137148 -0.168020 0.103650 -0.373627 -0.399611 0.056001 0.089400 0.213644 0.230854 0.285267 0.086371 0.152663 -0.110488 0.081389 -0.011343 0.101139 -0.248520 0.180776 -0.107554 -0.176100 -0.020321
0.066558 0.010325 0.037220 0.103372 0.622837 1.000000 -0.187222 0.034988 0.240199 0.496373 0.042516 -0.022744 -0.316813 0.043152 -0.160429 0.469939 0.126482 0.065097 -0.020469 -0.147288 0.209131 -0.069982 -0.012861 0.187819 0.368198 0.045473 0.332418 0.085847 -0.107434 -0.134091 -0.198064 -0.087925 0.135821 -0.361157 -0.023850 0.171902 0.180863 0.364623 0.420972 0.435601 -0.458564 0.109625 0.045421 0.090893 -0.116292 0.103635 -0.115053 -0.097089 -0.014650 0.041351 -0.120828 -0.050147 -0.284055 -0.129256 0.301938 -0.051408 0.100217 -0.255514 -0.004560 0.083114 -0.138094 0.165854 -0.230778 -0.192430 0.119284 0.249383 -0.154234 0.038329 0.051066 -0.080213 0.113651 0.057288 -0.303938 -0.225231 -0.140629 0.121128 0.091679 -0.233396 0.157187 -0.290852 -0.121080 -0.337810 -0.066417 -0.215368 -0.065971 0.049750 0.071053 0.444589 0.327565 0.213018 -0.294442 0.019881 0.224513 -0.055805 0.356288 -0.156961 0.059197 -0.132772 -0.303012 -0.139874 -0.068247 -0.098995 0.112422 -0.103329 0.100348 -0.174919 0.021709 -0.254197 0.114256 -0.220751 -0.021808 -0.323979 -0.080175 -0.317097 -0.279475 -0.188589
-0.227367 -0.504788 0.673096 -0.010764 0.179583 -0.187222 1.000000 0.629319 0.502786 0.416177 0.211398 0.066629 0.423828 0.618415 0.558112 0.333932 -0.183055 0.046226 0.022216 -0.259499 -0.158363 0.057342 0.220534 0.129295 0.044412 -0.302231 -0.215982 -0.405424 0.157641 0.076463 0.267654 0.316960 -0.424455 0.201696 0.099798 0.319038 0.074982 -0.112821 -0.365077 -0.285443 0.090201 0.013107 -0.519614 -0.607530 -0.365323 -0.536599 -0.606467 -0.700955 -0.233640 -0.523031 0.001287 -0.508330 -0.201505 -0.402471 -0.145913 -0.662985 -0.568124 -0.508422 0.317240 0.114155 0.436874 0.580112 0.133892 0.175443 0.528780 0.408186 0.059679 0.153745 -0.576408 -0.171791 0.027190 -0.094802 0.130602 0.286071 0.432546 0.215112 0.395123 0.301796 0.029764 -0.037645 -0.466515 -0.137166 0.017745 -0.082755 -0.337645 -0.363605 -0.135100 -0.154695 0.190282 -0.372650 0.271907 0.500197 0.520720 0.549356 -0.188587 0.216519 -0.507861 0.202056 -0.394414 -0.307482 0.107737 0.334885 0.334426 0.493607 0.202638 0.411595 0.401412 0.138364 0.032133 0.073874 0.121797 0.036101 0.189787 0.251816 0.234690 0.383147
-0.287284 -0.450430 0.478826 0.325316 0.287713 0.034988 0.629319 1.000000 0.534532 0.557181 0.063638 0.120862 0.001091 0.646676 0.458679 0.476501 -0.246884 0.022183 -0.225972 -0.351813 -0.122711 0.025625 0.295183 0.467689 0.185866 -0.039954 0.079845 -0.197848 -0.102484 -0.233922 0.232807 0.323466 -0.205612 -0.183339 -0.050454 0.105641 -0.114507 -0.243332 -0.151899 -0.178874 -0.173742 -0.013340 -0.284629 -0.344038 -0.110981 -0.145337 -0.456086 -0.418342 -0.026656 -0.183987 -0.063995 -0.245274 -0.343615 -0.263979 -0.040182 -0.424381 -0.366184 -0.637754 0.170898 0.054907 0.043900 0.509694 -0.274545 -0.021849 0.439802 0.583019 -0.311047 0.072496 -0.582525 -0.212516 0.180125 -0.139288 -0.149494 0.148337 0.285874 0.236363 0.304369 0.081126 0.231744 -0.172915 -0.640072 -0.479537 -0.236281 -0.255064 -0.450967 -0.342798 -0.142917 -0.059029 0.363783 -0.323379 0.255623 0.356119 0.655429 0.505715 -0.048437 0.058804 -0.465119 0.262973 -0.204755 -0.319752 0.017615 0.236516 0.335135 0.341486 0.265692 0.225606 0.333735 0.022598 -0.078639 -0.124433 0.033956 -0.046855 0.047377 0.158613 0.128279 0.291527
-0.436329 -0.506487 0.584981 0.078547 0.568146 0.240199 0.502786 0.534532 1.000000 0.748912 0.054883 -0.129538 -0.255618 0.511017 0.585997 0.669828 -0.121553 -0.156307 -0.057425 -0.233026 -0.112013 -0.037385 0.400498 0.537929 0.379187 0.120088 0.209836 0.012587 -0.108745 -0.158361 0.290536 0.313172 -0.257797 -0.215637 0.183280 0.298093 -0.053649 0.045842 -0.047707 0.018184 -0.089051 0.102961 -0.363791 -0.413655 -0.309710 -0.251262 -0.475388 -0.477256 -0.145941 -0.334019 0.004683 -0.292808 -0.541259 -0.348929 -0.172518 -0.483326 -0.291267 -0.629526 0.105192 -0.043582 -0.059538 0.276559 -0.274952 -0.216726 0.581678 0.431326 -0.215994 0.375896 -0.291538 0.035843 0.210145 0.022024 -0.238611 0.171030 0.170651 0.248536 0.241658 0.105930 0.292729 -0.231503 -0.579410 -0.486027 0.025981 -0.358046 -0.281636 -0.249121 -0.120940 0.027107 0.515897 -0.235117 0.134863 0.426650 0.687951 0.669752 0.012124 0.112436 -0.337898 0.044117 -0.450464 -0.438817 -0.053249 0.140308 0.297094 0.383589 0.251532 0.292243 0.344837 0.195833 0.063704 -0.048807 0.074974 -0.219235 0.024957 -0.021083 0.120090 0.136725
-0.268625 -0.335375 0.411455 0.064879 0.641956 0.496373 0.416177 0.557181 0.748912 1.000000 0.260000 0.047051 -0.145792 0.538957 0.582817 0.799058 -0.004082 0.024618 -0.012056 -0.207338 0.009740 -0.026272 0.245153 0.501417 0.370449 -0.104763 0.219107 -0.116417 -0.033391 -0.201385 -0.078383 0.038233 -0.109525 -0.340496 0.067196 0.161534 0.122577 0.088751 0.080848 0.109282 -0.335413 0.177138 -0.373831 -0.397176 -0.317345 -0.251252 -0.491162 -0.524989 -0.058490 -0.349816 0.016567 -0.307298 -0.433347 -0.317686 0.035214 -0.429729 -0.192074 -0.558897 0.163237 0.153039 -0.041484 0.422084 -0.313561 -0.152485 0.436116 0.533776 -0.311290 0.136074 -0.171489 0.018668 0.160191 -0.053586 -0.230188 0.188978 0.228709 0.369978 0.313865 0.034764 0.222379 -0.263032 -0.479158 -0.476105 0.025266 -0.275186 -0.272148 -0.190043 -0.088060 0.237036 0.456457 -0.051849 0.081875 0.353502 0.678327 0.486640 0.181433 0.110215 -0.408204 0.077708 -0.419848 -0.535390 -0.100539 0.175042 0.248178 0.337214 0.242161 0.134918 0.342916 -0.058497 0.060839 0.064691 -0.000263 -0.295726 -0.069163 -0.173546 -0.019856 -0.001095
-0.028822 0.018171 -0.031362 -0.095421 0.016985 0.042516 0.211398 0.063638 0.054883 0.260000 1.000000 0.436430 0.393665 0.424044 0.424594 0.285607 0.367882 0.285149 0.064292 -0.012310 -0.074606 -0.324001 0.038031 0.288532 -0.247924 -0.369081 -0.167797 -0.163404 0.560606 0.172112 -0.114869 -0.065548 0.062429 0.137475 0.019803 0.031386 0.125083 0.059095 -0.078684 -0.058907 -0.024196 0.096405 -0.376244 -0.314601 -0.378171 -0.313575 -0.302740 -0.295374 -0.212881 -0.312274 -0.184880 -0.333415 0.037255 -0.143688 0.127130 -0.240587 0.011862 -0.090879 0.185349 0.020281 0.230008 0.381323 0.265165 0.338097 0.162274 0.272530 -0.252221 -0.228789 0.049241 0.147430 -0.021836 -0.306842 0.226625 0.073607 0.180703 0.240970 0.165338 -0.036142 0.058426 0.131691 0.092210 0.115490 0.565415 0.136273 0.095887 0.172791 0.051439 0.335594 0.075278 0.032942 0.003503 0.043931 0.128993 0.196536 0.050998 0.003807 -0.211462 0.015059 -0.322941 -0.303805 0.203023 0.185350 0.105620 0.074421 -0.184648 -0.259112 0.102927 -0.270038 0.148536 -0.061560 -0.210975 -0.293514 -0.265605 -0.091637 0.070241 -0.115869
-0.115309 0.141181 -0.160485 0.157286 -0.286752 -0.022744 0.066629 0.120862 -0.129538 0.047051 0.436430 1.000000 0.254685 0.393204 0.166790 0.197540 0.252929 0.454304 -0.025181 0.059632 0.073950 0.160607 -0.120295 0.077787 -0.291931 0.060410 -0.305119 -0.065304 0.549737 0.299613 -0.015952 0.273816 -0.037150 0.131661 0.025114 -0.139710 0.173730 0.125337 -0.078318 -0.188677 0.022674 0.301223 -0.371065 -0.427088 -0.198441 -0.255872 -0.303661 -0.304461 -0.144481 -0.078171 -0.230182 -0.280786 0.100165 -0.190776 -0.010829 -0.276110 -0.067980 0.043010 -0.096147 -0.007697 0.109282 0.255755 0.298577 0.403295 -0.021192 0.117076 -0.362216 -0.177739 -0.137982 -0.076389 0.076717 -0.017169 0.167607 -0.030138 -0.050421 0.164492 0.070885 -0.040880 0.145893 0.095404 0.084551 0.254316 0.375808 0.448824 -0.035807 0.298624 0.059776 0.203376 -0.240047 -0.016723 0.316440 0.027144 0.147459 0.091695 -0.036644 0.073332 -0.359968 -0.161843 -0.009222 0.116410 -0.033761 0.108729 0.210877 0.076951 -0.039790 -0.085364 0.102658 -0.058798 -0.156656 -0.109012 -0.222444 0.035238 -0.022796 0.104458 0.187697 -0.059149
0.139535 0.032612 -0.079639 -0.369512 -0.280965 -0.316813 0.423828 0.001091 -0.255618 -0.145792 0.393665 0.254685 1.000000 0.299918 0.170852 -0.044342 -0.018299 0.291922 -0.018277 0.034934 -0.153055 -0.156745 -0.390955 -0.346613 -0.276991 -0.550523 -0.543525 -0.463291 0.429248 0.395189 -0.204775 -0.074014 -0.153080 0.394268 -0.028376 -0.072793 0.174949 -0.087179 -0.261674 -0.415537 0.151010 -0.142737 -0.156241 -0.192523 -0.129750 -0.173540 -0.171526 -0.218388 0.033769 -0.135361 -0.056191 -0.191621 0.221284 -0.152994 0.085200 -0.172441 -0.198422 0.140740 0.220963 0.294896 0.468118 0.287855 0.509608 0.395929 -0.107277 0.000099 0.218193 -0.283593 -0.050678 -0.060117 -0.197598 -0.129037 0.305888 0.098222 0.289062 -0.102580 0.026096 0.129002 -0.222356 0.236719 0.099444 0.419726 0.125823 0.213408 -0.027580 -0.137122 0.086931 -0.026825 -0.243050 -0.088912 0.165061 0.213418 -0.114933 -0.062345 -0.182430 0.021774 -0.121236 -0.059106 -0.060813 -0.048317 0.070966 0.111072 0.145546 0.241162 -0.102072 0.070272 0.092086 -0.071453 -0.134659 0.007937 -0.104912 0.264607 0.111268 0.198078 0.174434 0.210527
-0.282664 -0.375595 0.335310 0.076946 0.180545 0.043152 0.618415 0.646676 0.511017 0.538957 0.424044 0.393204 0.299918 1.000000 0.648753 0.638473 -0.040360 0.177730 -0.001390 -0.226752 -0.251548 -0.078600 0.136330 0.425645 -0.047807 -0.141176 -0.117470 -0.218843 0.348668 0.097165 0.052559 0.265271 -0.308815 0.015082 0.023770 0.187068 0.129781 -0.166881 -0.245751 -0.243976 0.048629 0.055856 -0.482075 -0.558052 -0.428796 -0.380528 -0.628307 -0.547832 -0.110119 -0.383861 0.079415 -0.356176 -0.399842 -0.417632 -0.178453 -0.533048 -0.338279 -0.505928 0.252758 0.138028 0.171652 0.591371 -0.002676 0.213122 0.536322 0.621152 -0.261306 0.067546 -0.475770 -0.198988 -0.012453 -0.226246 -0.052351 0.168131 0.419080 0.249769 0.288732 0.012842 0.208765 -0.067060 -0.471784 -0.220341 0.052919 -0.120326 -0.218836 -0.102981 -0.157701 0.078600 0.226185 -0.377330 0.255426 0.309461 0.634295 0.537174 0.008881 0.088666 -0.418321 0.120243 -0.470097 -0.391055 -0.058879 0.194597 0.397664 0.437498 0.101809 0.067822 0.231252 -0.065687 0.040566 -0.028024 -0.103020 -0.144537 -0.046317 0.136601 0.298781 0.247900
-0.352873 -0.404276 0.385992 -0.156880 0.126317 -0.160429 0.558112 0.458679 0.585997 0.582817 0.424594 0.166790 0.170852 0.648753 1.000000 0.472031 0.102267 0.048112 0.085009 -0.050792 -0.160617 -0.012743 0.325711 0.571128 -0.028294 -0.134328 0.091622 0.072185 0.122597 -0.171829 0.018906 0.067052 -0.374406 0.020644 0.172851 0.220873 -0.096902 -0.236052 -0.101879 -0.275523 0.118025 0.014388 -0.536383 -0.583599 -0.370047 -0.403996 -0.523159 -0.441869 -0.125727 -0.474186 0.099055 -0.373204 -0.353856 -0.286667 -0.271756 -0.469880 -0.163479 -0.419527 0.287535 -0.039158 0.114457 0.343649 -0.216882 -0.068216 0.504342 0.484436 -0.251422 0.226614 -0.119458 0.158429 0.034934 -0.124459 -0.089704 0.249842 0.277071 0.330453 0.162293 0.198218 0.032423 -0.093392 -0.426038 -0.354130 0.356927 -0.044404 -0.152952 0.068317 -0.074542 -0.029831 0.233144 -0.238112 0.326515 0.388613 0.657687 0.670657 -0.268064 0.104783 -0.375099 0.095383 -0.408782 -0.545510 -0.018577 0.189296 0.147896 0.345997 0.033031 0.208909 0.287565 0.030620 0.059575 0.037690 0.064371 -0.166460 -0.097725 0.000568 0.232409 0.195020
-0.265002 -0.280943 0.263747 0.215684 0.565901 0.469939 0.333932 0.476501 0.669828 0.799058 0.285607 0.197540 -0.044342 0.638473 0.472031 1.000000 0.008188 -0.004959 -0.068838 -0.096572 -0.077291 -0.071845 0.069554 0.451347 0.236010 -0.076295 0.161174 -0.119168 0.200654 0.022978 -0.083059 0.146690 -0.126660 -0.216934 0.159978 0.228230 0.267329 0.118219 0.116688 0.112569 -0.170696 0.331158 -0.477304 -0.436064 -0.492214 -0.300716 -0.527615 -0.489115 -0.169701 -0.346336 -0.200046 -0.416565 -0.400178 -0.375918 -0.095975 -0.379927 -0.199622 -0.520264 0.069450 0.135363 -0.035731 0.411495 -0.113234 -0.075159 0.380030 0.477116 -0.346172 0.095090 -0.097369 0.065100 0.235171 -0.006027 -0.137845 0.228123 0.256410 0.315037 0.362400 0.074490 0.405508 -0.236045 -0.327963 -0.273351 0.081263 -0.091552 -0.297102 -0.168004 -0.089628 0.264415 0.479228 -0.090138 0.062448 0.256072 0.566995 0.475000 0.167116 -0.064917 -0.409216 -0.022068 -0.487829 -0.414416 -0.040873 0.062245 0.326056 0.430791 0.320448 0.150631 0.259132 0.103661 -0.044933 -0.060655 -0.101100 -0.255846 -0.010796 0.020222 0.109532 0.098914
0.282970 0.444181 -0.309772 -0.267511 -0.098237 0.126482 -0.183055 -0.246884 -0.121553 -0.004082 0.367882 0.252929 -0.018299 -0.040360 0.102267 0.008188 1.000000 0.035004 0.091750 -0.048321 0.185857 -0.073823 -0.133005 -0.018135 -0.375570 0.014092 0.045592 0.159044 0.212579 0.141431 -0.234616 -0.186243 0.207201 0.202332 -0.044932 -0.176520 0.180489 -0.070896 0.126109 -0.031030 0.070600 -0.032217 -0.172256 -0.098936 -0.224607 -0.148456 -0.083389 -0.142211 0.037806 -0.193477 -0.204321 0.073655 -0.059662 -0.196488 0.055443 -0.031412 0.492310 0.354317 0.040443 -0.077048 0.119770 -0.107670 0.208059 0.271154 -0.158946 -0.010465 0.014242 -0.301679 0.389353 0.415665 0.029072 -0.187953 0.173051 -0.064075 -0.045238 0.167301 0.078305 -0.247098 0.293501 0.171450 0.349050 0.213486 0.325881 0.207515 0.080589 0.253082 0.259639 0.407644 -0.092701 0.178797 -0.244360 -0.150009 0.016486 0.031445 0.070402 -0.208645 0.077947 0.037846 -0.103467 0.107587 0.304864 -0.164314 0.131197 -0.167234 -0.045399 -0.225467 0.151318 -0.276853 0.177017 -0.085166 0.007533 -0.132002 -0.163040 -0.114322 0.001482 -0.110436
-0.065045 0.142737 0.015624 0.065334 0.040054 0.065097 0.046226 0.022183 -0.156307 0.024618 0.285149 0.454304 0.291922 0.177730 0.048112 -0.004959 0.035004 1.000000 0.068646 0.010931 0.084668 0.033460 -0.165507 -0.001996 0.056866 -0.047650 -0.161258 -0.235130 0.218136 0.051637 -0.098733 0.006151 0.175945 -0.024693 0.196125 -0.057405 0.210909 0.182762 -0.011981 -0.137287 -0.127604 0.095623 -0.101158 -0.175068 0.038257 -0.035060 -0.105018 -0.163153 -0.017840 0.076868 0.014137 -0.176566 0.121527 -0.098748 0.067114 -0.201918 -0.110722 -0.014268 -0.029712 0.021244 0.063723 0.071638 0.164015 0.201077 -0.035926 0.030904 -0.168389 -0.153758 -0.050910 -0.129312 -0.010115 -0.135844 0.057896 0.000887 -0.011937 0.139390 0.133884 -0.050218 0.083212 0.095356 -0.153281 0.067059 0.184772 0.172489 0.037255 0.115678 0.057750 0.216872 0.047327 0.033387 0.309907 0.111895 0.053340 -0.058490 0.065608 -0.111443 -0.266880 -0.190982 0.004618 -0.036860 0.110394 -0.071487 0.068662 0.143604 0.063988 -0.101514 0.014693 -0.212086 -0.161502 -0.149680 -0.077902 0.147332 0.013366 0.066854 0.045650 -0.057032
-0.036184 -0.007149 0.153358 -0.154619 0.118589 -0.020469 0.022216 -0.225972 -0.057425 -0.012056 0.064292 -0.025181 -0.018277 -0.001390 0.085009 -0.068838 0.091750 0.068646 1.000000 0.348218 0.143327 0.349810 0.039976 0.011375 -0.068958 -0.026863 0.036666 0.183460 0.146232 0.146984 -0.081313 -0.037351 0.188468 0.261629 0.225674 0.341781 0.072190 0.053234 -0.125923 0.100817 -0.063559 0.057298 -0.293229 -0.274255 -0.212934 -0.329937 -0.257140 -0.260663 -0.210280 -0.383621 0.059115 -0.304277 0.037767 -0.334504 -0.108947 -0.241649 0.021069 0.022612 0.167481 -0.024191 0.124516 -0.009056 0.100831 0.104170 0.024777 -0.063914 0.250529 0.273229 0.046035 -0.021141 -0.071345 -0.055491 0.199903 0.068086 0.116072 0.006629 -0.041867 0.181262 -0.062204 -0.121425 0.052056 -0.048885 0.238507 -0.003200 0.113459 0.130382 -0.279849 -0.138821 -0.121607 -0.159478 -0.107865 -0.025682 0.000829 0.161218 0.014282 0.065785 -0.048604 -0.250137 -0.421986 -0.159876 -0.040589 0.118199 -0.004424 0.106633 0.033679 0.036088 -0.218607 -0.023504 0.254547 0.300624 0.040552 -0.276003 0.104618 0.002932 -0.102127 0.207041
-0.193347 0.192272 -0.227256 0.033603 -0.130429 -0.147288 -0.259499 -0.351813 -0.233026 -0.207338 -0.012310 0.059632 0.034934 -0.226752 -0.050792 -0.096572 -0.048321 0.010931 0.348218 1.000000 0.043426 0.187932 -0.241981 -0.081087 0.026139 0.065606 -0.072733 0.289375 -0.028070 -0.065567 -0.052052 -0.084169 0.035068 0.189129 0.156193 0.240883 0.167997 0.276341 0.190400 0.149793 0.224011 0.390044 -0.114746 -0.085609 -0.022678 0.002806 0.015601 0.204127 -0.292957 -0.021877 -0.103377 -0.189100 0.295011 0.155799 -0.140166 0.086210 -0.054746 0.105497 -0.463137 -0.162269 -0.296426 -0.426405 0.043645 -0.189798 -0.345848 -0.468771 -0.124450 0.211100 0.444664 0.518608 0.079958 0.095370 0.301761 0.077789 0.091634 -0.138671 0.095795 0.424912 -0.085365 0.263261 0.300449 0.283036 0.305561 0.449220 -0.205005 0.190234 -0.361520 -0.156271 -0.309913 0.028250 0.308283 0.082031 -0.291910 -0.074651 -0.304084 -0.081620 -0.156028 -0.299100 -0.047214 0.053948 -0.262513 -0.150461 -0.090393 0.140122 -0.035115 0.057565 -0.305337 0.167181 -0.159193 0.145999 0.059339 0.081327 0.231368 0.101620 0.059737 0.174962
0.047215 0.132312 0.011828 0.163636 0.073705 0.209131 -0.158363 -0.122711 -0.112013 0.009740 -0.074606 0.073950 -0.153055 -0.251548 -0.160617 -0.077291 0.185857 0.084668 0.143327 0.043426 1.000000 0.367407 0.057079 0.016589 0.105725 0.184297 0.046684 0.082916 -0.029321 -0.007417 0.084876 0.089132 -0.004040 0.180519 0.320161 0.140303 0.131405 0.279750 0.119123 0.191791 -0.080061 0.068688 -0.124724 -0.082659 0.048408 0.019773 -0.067618 -0.013217 -0.060983 -0.003087 -0.326312 -0.282403 0.144383 0.026845 0.067053 -0.119663 0.009211 0.109891 -0.202632 -0.011078 0.070855 -0.002455 0.013734 -0.012162 -0.141787 -0.216869 -0.059856 0.143764 -0.042531 -0.124507 0.239038 0.332225 -0.030458 0.014585 -0.150839 0.148597 -0.007449 0.221653 -0.121321 0.042855 0.110078 -0.005852 0.092906 0.063764 -0.267503 -0.206840 0.062673 0.186641 -0.131197 -0.058039 -0.016632 0.179986 -0.077959 -0.081789 0.056733 -0.122245 0.128799 -0.306589 0.052173 -0.063794 0.035904 -0.033396 0.076410 -0.041476 0.142810 0.138598 0.107759 -0.019462 0.031358 0.086511 0.204907 0.024273 0.071342 -0.021995 0.006075 -0.058092
-0.270986 -0.158194 0.205506 0.116588 -0.221596 -0.069982 0.057342 0.025625 -0.037385 -0.026272 -0.324001 0.160607 -0.156745 -0.078600 -0.012743 -0.071845 -0.073823 0.033460 0.349810 0.187932 0.367407 1.000000 0.206654 -0.019247 0.020993 0.403518 0.005543 0.279207 -0.156930 -0.022176 0.268163 0.303866 -0.201085 0.084844 0.404851 0.182495 -0.022589 0.092283 -0.116075 -0.145502 0.115536 0.068114 -0.231524 -0.316604 0.079168 -0.191210 -0.197660 -0.207588 -0.247683 -0.087867 -0.212069 -0.166924 -0.010954 -0.098865 -0.167306 -0.155947 -0.269458 -0.042421 -0.351083 -0.144716 -0.038214 -0.027091 -0.037391 -0.012785 -0.028074 -0.060521 -0.042603 0.206580 -0.103020 -0.173541 0.293415 0.424289 0.071887 0.149391 0.000047 0.145244 0.021720 0.377447 -0.150058 -0.049177 0.087798 0.023841 0.006531 0.193511 -0.207792 -0.097847 -0.195818 -0.327952 -0.170082 -0.158807 0.249419 0.109276 0.166389 0.133936 -0.245463 -0.051206 -0.214128 -0.415186 -0.013997 0.164032 -0.168844 0.199452 0.137564 0.242667 0.196028 0.384032 0.040664 0.339751 -0.115499 0.293999 -0.024410 0.050698 0.193129 0.055865 0.114330 0.318724
-0.294935 -0.575608 0.574396 0.381786 0.029244 -0.012861 0.220534 0.295183 0.400498 0.245153 0.038031 -0.120295 -0.390955 0.136330 0.325711 0.069554 -0.133005 -0.165507 0.039976 -0.241981 0.057079 0.206654 1.000000 0.601546 0.124106 0.400115 0.333429 0.415992 -0.018337 -0.299944 0.410376 0.362700 -0.279210 -0.115914 0.177658 0.329442 -0.287731 -0.143335 -0.164086 -0.059381 0.042376 -0.150445 -0.240077 -0.207967 -0.139713 -0.171038 -0.248369 -0.112652 -0.229229 -0.332494 0.000428 -0.204811 -0.229020 -0.130870 -0.338738 -0.244262 -0.077274 -0.484895 0.073079 -0.424025 0.102465 0.292175 -0.395283 -0.118743 0.667214 0.463666 -0.168307 0.342031 -0.354672 -0.221296 0.190367 -0.038120 -0.118887 0.046673 -0.063671 0.344112 0.188280 0.244626 -0.048320 -0.268180 -0.362302 -0.496350 0.108966 -0.207051 0.075917 -0.009166 -0.119403 -0.236671 0.206130 -0.235466 0.068807 0.116860 0.429239 0.476699 -0.217692 0.161108 -0.080129 0.092159 -0.221123 -0.334876 0.106652 0.272610 0.062699 -0.054279 -0.029987 0.083148 -0.042524 0.032627 0.362324 0.104554 0.143800 -0.399043 -0.231025 -0.100053 -0.027096 -0.122010
-0.313993 -0.455434 0.431663 0.343918 0.303293 0.187819 0.129295 0.467689 0.537929 0.501417 0.288532 0.077787 -0.346613 0.425645 0.571128 0.451347 -0.018135 -0.001996 0.011375 -0.081087 0.016589 -0.019247 0.601546 1.000000 0.141135 0.260421 0.429490 0.365989 -0.014939 -0.357961 0.205428 0.276696 -0.158744 -0.137457 0.223138 0.236118 -0.283463 -0.133300 0.068952 0.039912 -0.099795 0.059207 -0.383094 -0.318114 -0.317681 -0.172387 -0.413705 -0.140759 -0.115134 -0.267308 -0.065954 -0.261198 -0.265771 -0.202017 -0.243546 -0.300364 0.008242 -0.531731 0.068973 -0.193517 -0.102758 0.225545 -0.477079 -0.253546 0.529031 0.469133 -0.413910 0.333510 -0.201444 0.048277 0.245162 -0.079181 -0.331633 -0.016096 -0.005207 0.348665 0.099010 0.129308 0.168399 -0.306552 -0.443195 -0.585013 0.188511 -0.223532 -0.097891 0.101451 -0.044642 0.092515 0.360177 -0.147603 0.106062 0.172410 0.582282 0.586077 -0.146085 -0.031778 -0.224278 0.066962 -0.349540 -0.600008 0.006977 0.157299 0.057886 0.093722 -0.077461 0.028889 -0.088514 -0.142057 0.180717 -0.118516 0.078811 -0.485541 -0.260262 -0.099741 0.116496 -0.079868
-0.132805 -0.080906 0.393778 0.226130 0.519833 0.368198 0.044412 0.185866 0.379187 0.370449 -0.247924 -0.291931 -0.276991 -0.047807 -0.028294 0.236010 -0.375570 0.056866 -0.068958 0.026139 0.105725 0.020993 0.124106 0.141135 1.000000 0.143499 0.214054 -0.061327 -0.181029 -0.259317 0.184081 0.109460 0.080145 -0.404099 0.196150 0.124551 0.054608 0.259775 0.067886 0.105172 -0.132352 0.050592 -0.006520 -0.000248 0.063078 0.079522 -0.028955 0.014181 0.048838 0.074010 0.040578 0.020424 -0.134196 0.000041 -0.063632 -0.181148 -0.230023 -0.510025 -0.080063 0.078431 -0.154058 -0.007434 -0.403008 -0.363662 0.201267 -0.044803 -0.041352 0.261506 -0.021843 -0.096021 0.148471 0.185046 -0.298525 0.075610 -0.016843 0.074013 0.117137 0.177633 0.101369 -0.148780 -0.307348 -0.249064 -0.169526 -0.281044 -0.241716 -0.360978 -0.145439 -0.075317 0.208337 0.032272 0.161874 0.385076 0.142505 0.167161 0.036927 0.116521 -0.124566 -0.002154 0.030122 -0.199319 -0.113046 -0.000211 0.153240 0.228948 0.228954 0.272019 0.068749 0.153613 -0.092341 0.071299 0.284290 0.101026 0.273867 -0.045552 -0.115510 -0.045000
-0.258899 -0.125352 0.143341 0.456365 -0.169975 0.045473 -0.302231 -0.039954 0.120088 -0.104763 -0.369081 0.060410 -0.550523 -0.141176 -0.134328 -0.076295 0.014092 -0.047650 -0.026863 0.065606 0.184297 0.403518 0.400115 0.260421 0.143499 1.000000 0.284872 0.560512 -0.203722 -0.114443 0.401064 0.458926 -0.063055 -0.082860 0.229978 0.086079 -0.149272 -0.046252 0.095072 0.013946 0.172038 0.013500 0.040340 0.038196 0.249643 0.137769 0.025899 0.188622 0.008978 0.049165 -0.051389 0.087948 -0.144450 -0.142848 -0.334212 -0.006104 -0.003961 -0.112639 -0.337277 -0.501623 -0.277449 -0.272379 -0.301338 -0.192614 0.072871 -0.074862 -0.194328 0.277836 -0.135981 -0.119199 0.229503 0.146390 -0.072789 -0.183673 -0.203197 0.134415 0.003244 0.144587 0.122518 -0.182327 -0.113112 -0.126982 -0.014672 0.152013 0.014777 0.103753 0.043865 -0.134281 -0.062228 -0.124036 0.163504 0.021131 0.091018 0.199215 -0.147588 0.028671 0.106978 -0.143750 0.173078 0.061609 -0.098295 -0.162294 0.103636 -0.112263 -0.000992 0.086219 -0.191531 0.123519 0.063910 0.005985 0.139756 -0.089089 -0.065244 0.028939 0.119514 -0.118335
0.002205 -0.169743 0.126507 0.121932 0.306646 0.332418 -0.215982 0.079845 0.209836 0.219107 -0.167797 -0.305119 -0.543525 -0.117470 0.091622 0.161174 0.045592 -0.161258 0.036666 -0.072733 0.046684 0.005543 0.333429 0.429490 0.214054 0.284872 1.000000 0.487616 -0.466855 -0.343410 0.082962 0.038457 0.095894 -0.348798 0.026186 0.220610 -0.193966 -0.002647 0.387903 0.354721 -0.253490 0.038658 -0.037573 0.118767 -0.099691 0.078093 -0.080469 0.152885 0.050111 -0.121549 0.086797 0.030538 -0.237655 -0.068892 -0.040381 0.061287 0.261169 -0.233351 0.058702 -0.222604 -0.202054 -0.210925 -0.542781 -0.504021 0.173877 0.188499 -0.018049 0.320064 0.107346 0.113711 0.070378 0.099226 -0.407946 -0.011191 -0.210491 0.023054 0.085577 0.055129 0.119609 -0.233013 -0.222034 -0.482731 0.024370 -0.190863 0.044347 0.211168 -0.011967 0.119994 0.470183 0.068120 -0.167546 -0.069480 0.188737 0.159719 0.067677 -0.060747 0.188856 0.067838 -0.197235 -0.373050 -0.141051 -0.262021 -0.321276 -0.155890 0.176269 0.017707 -0.007823 -0.098468 0.181809 0.018543 0.237260 -0.309290 -0.023032 -0.186696 -0.136536 -0.139123
-0.080074 -0.141093 -0.099187 0.106285 -0.206156 0.085847 -0.405424 -0.197848 0.012587 -0.116417 -0.163404 -0.065304 -0.463291 -0.218843 0.072185 -0.119168 0.159044 -0.235130 0.183460 0.289375 0.082916 0.279207 0.415992 0.365989 -0.061327 0.560512 0.487616 1.000000 -0.254210 -0.232058 0.144339 0.118899 -0.100892 -0.037078 0.204090 0.249186 -0.336828 0.006662 0.246972 0.134829 0.041365 -0.059170 0.079212 0.150948 0.087897 0.161127 0.006185 0.367052 -0.191347 -0.002028 -0.121169 0.029043 -0.192495 -0.021404 -0.148285 0.138624 0.302036 0.038044 -0.214968 -0.381304 -0.262001 -0.312805 -0.415540 -0.359212 0.082349 0.014740 -0.212482 0.387253 0.290240 0.228785 0.182271 0.158952 -0.046368 -0.132163 -0.296038 0.113998 -0.081780 0.204930 -0.089303 -0.228474 -0.012247 -0.268864 0.157911 0.062915 0.113921 0.290032 -0.048683 -0.140325 -0.000609 -0.027680 -0.064113 -0.126678 0.073218 0.144143 -0.259028 -0.211312 0.200652 -0.225855 -0.158842 -0.077133 -0.174620 -0.199766 -0.226829 -0.343940 -0.107291 -0.146001 -0.382673 0.026821 0.169165 -0.088576 0.118090 -0.345332 -0.371481 -0.257184 -0.188910 -0.087370
0.115501 0.163440 0.012292 0.058279 -0.168922 -0.107434 0.157641 -0.102484 -0.108745 -0.033391 0.560606 0.549737 0.429248 0.348668 0.122597 0.200654 0.212579 0.218136 0.146232 -0.028070 -0.029321 -0.156930 -0.018337 -0.014939 -0.181029 -0.203722 -0.466855 -0.254210 1.000000 0.543606 0.025488 0.140822 0.104097 0.405613 0.146108 0.035417 0.235538 0.001678 -0.347058 -0.234023 0.075550 0.041891 -0.419321 -0.359411 -0.424867 -0.381164 -0.361063 -0.348745 -0.152918 -0.245469 -0.228813 -0.343329 0.138327 -0.288588 -0.133619 -0.322031 -0.056329 -0.045016 0.191852 0.156015 0.390453 0.408174 0.468941 0.596836 0.190549 0.135725 0.059804 -0.152240 -0.114489 -0.213006 -0.122702 -0.279699 0.334677 -0.019820 0.124694 0.142048 0.129329 -0.059309 0.225236 0.120811 0.230607 0.379560 0.345799 0.259610 0.126126 -0.035259 0.015616 0.049223 -0.187144 -0.119957 0.009921 -0.017598 -0.037517 0.090987 0.127282 0.204595 -0.237249 0.017313 -0.217470 0.019880 0.289377 0.151650 0.297315 0.100381 -0.082424 -0.064971 -0.007142 -0.103458 0.159287 0.138049 -0.150645 -0.119097 -0.081714 0.212423 0.118362 -0.026471
0.132487 0.270149 -0.095727 -0.194296 -0.245860 -0.134091 0.076463 -0.233922 -0.158361 -0.201385 0.172112 0.299613 0.395189 0.097165 -0.171829 0.022978 0.141431 0.051637 0.146984 -0.065567 -0.007417 -0.022176 -0.299944 -0.357961 -0.259317 -0.114443 -0.343410 -0.232058 0.543606 1.000000 0.036276 0.100061 0.141047 0.402992 -0.014484 -0.003979 0.292704 0.097917 -0.170896 -0.115795 0.121539 0.040744 -0.200653 -0.224198 -0.301210 -0.392279 -0.164703 -0.256979 -0.130545 -0.279990 -0.194565 -0.183684 0.172582 -0.272424 0.044429 -0.075157 -0.030488 0.162387 0.120341 0.262033 0.386927 0.141568 0.485511 0.441181 -0.116264 -0.164831 0.351319 -0.160697 -0.052326 -0.186236 0.005947 0.120362 0.365265 0.083280 0.057725 -0.159556 0.071498 0.081741 0.142214 0.294364 0.286631 0.603910 0.056313 0.190859 0.083979 -0.097432 0.185463 -0.056582 -0.079311 0.072851 -0.195530 -0.109750 -0.312944 -0.052703 0.055067 0.131650 -0.004169 -0.186953 -0.043597 0.189597 0.118055 -0.018508 0.148705 0.148204 0.067514 0.046204 -0.033062 -0.064878 -0.065492 0.185959 -0.114404 -0.049407 0.058136 0.227216 0.036701 -0.024974
-0.363971 -0.326665 0.440640 0.314141 -0.069165 -0.198064 0.267654 0.232807 0.290536 -0.078383 -0.114869 -0.015952 -0.204775 0.052559 0.018906 -0.083059 -0.234616 -0.098733 -0.081313 -0.052052 0.084876 0.268163 0.410376 0.205428 0.184081 0.401064 0.082962 0.144339 0.025488 0.036276 1.000000 0.661985 -0.206756 0.217548 0.253986 0.306336 -0.181018 0.106938 -0.324053 -0.028351 0.130625 0.019602 -0.245566 -0.262975 -0.042334 -0.159723 -0.356290 -0.196104 -0.344521 -0.100616 -0.194381 -0.228639 -0.099465 -0.138240 -0.169093 -0.279559 -0.456069 -0.340493 -0.262912 -0.151832 -0.060927 0.122804 -0.016337 -0.010467 0.288394 0.044756 -0.012759 0.430638 -0.412436 -0.230156 0.135718 0.091592 0.006811 -0.122702 -0.010341 0.032854 0.168034 0.219103 0.086524 0.121349 -0.147493 0.027457 0.092675 0.064738 -0.259741 -0.231045 0.000827 -0.259922 0.067915 -0.230241 0.265004 0.187488 0.141788 0.236854 -0.139444 0.182052 -0.097035 -0.018221 -0.108773 -0.011863 0.103267 0.036531 0.048599 0.071484 0.141084 0.243500 0.091239 0.179034 0.095610 0.135590 0.189682 -0.041616 0.143525 0.006363 0.124620 0.117103
-0.424384 -0.418805 0.406654 0.493752 -0.069499 -0.087925 0.316960 0.323466 0.313172 0.038233 -0.065548 0.273816 -0.074014 0.265271 0.067052 0.146690 -0.186243 0.006151 -0.037351 -0.084169 0.089132 0.303866 0.362700 0.276696 0.109460 0.458926 0.038457 0.118899 0.140822 0.100061 0.661985 1.000000 -0.231015 0.239011 0.289780 0.294534 -0.060503 0.037002 -0.269404 -0.201526 0.124970 0.091914 -0.385482 -0.377437 -0.201614 -0.211777 -0.462768 -0.314931 -0.261026 -0.229903 -0.238645 -0.358657 -0.102946 -0.346927 -0.323587 -0.492984 -0.442197 -0.342249 -0.146110 -0.082420 0.036481 0.236284 0.056591 0.114067 0.352582 0.185279 -0.101624 0.401239 -0.510423 -0.243043 0.233883 0.110906 -0.108013 -0.054432 -0.029905 -0.043969 0.249142 0.270465 0.183086 -0.171067 -0.291419 0.068413 0.121368 0.241214 -0.166871 -0.111320 -0.100001 -0.203407 -0.082675 -0.322321 0.337851 0.245194 0.314382 0.369599 -0.221996 0.176840 -0.284396 -0.152108 -0.161656 -0.188163 0.010948 0.127582 0.160119 0.166079 0.191999 0.162353 -0.001998 0.145636 -0.010485 -0.022595 0.087087 0.011300 0.206586 0.180452 0.271650 0.060896
0.341388 0.523682 -0.295999 -0.125690 0.136525 0.135821 -0.424455 -0.205612 -0.257797 -0.109525 0.062429 -0.037150 -0.153080 -0.308815 -0.374406 -0.126660 0.207201 0.175945 0.188468 0.035068 -0.004040 -0.201085 -0.279210 -0.158744 0.080145 -0.063055 0.095894 -0.100892 0.104097 0.141047 -0.206756 -0.231015 1.000000 -0.013612 -0.083053 -0.356326 0.083571 -0.058028 0.201102 0.081904 -0.273843 -0.053242 0.141513 0.217705 0.106586 0.178840 0.159060 0.117738 0.180387 0.227512 -0.099299 0.246691 0.195028 -0.016584 0.252938 0.216633 0.385946 0.224563 0.011049 0.160010 -0.143564 -0.330412 0.066296 0.152540 -0.420506 -0.280565 0.201019 -0.310854 0.247860 0.018630 -0.115338 -0.200628 0.090828 -0.015784 0.055927 -0.109358 -0.062886 -0.323342 0.249422 0.043160 0.256835 0.166524 0.020354 -0.041978 0.166041 0.034096 0.035018 0.170765 -0.038709 0.254625 -0.238219 -0.187346 -0.370319 -0.207220 0.381219 0.026857 0.055612 0.071272 0.097716 0.218687 0.048980 -0.128591 -0.076158 -0.176231 0.016223 -0.175451 -0.011163 -0.190866 0.090192 0.089894 -0.121846 -0.039389 0.032404 0.094006 -0.315016 -0.135063
0.082704 0.056923 0.018383 -0.113019 -0.335459 -0.361157 0.201696 -0.183339 -0.215637 -0.340496 0.137475 0.131661 0.394268 0.015082 0.020644 -0.216934 0.202332 -0.024693 0.261629 0.189129 0.180519 0.084844 -0.115914 -0.137457 -0.404099 -0.082860 -0.348798 -0.037078 0.405613 0.402992 0.217548 0.239011 -0.013612 1.000000 0.333671 0.313397 -0.049128 -0.118519 -0.308948 -0.152192 0.116907 0.022201 -0.359766 -0.359851 -0.277006 -0.309599 -0.323018 -0.176158 -0.163881 -0.279034 -0.142361 -0.295085 0.195565 -0.286967 -0.131312 -0.290116 -0.154818 0.227535 0.089005 0.149343 0.229395 0.003475 0.391827 0.290102 -0.096656 -0.162574 0.431377 0.261896 -0.135709 -0.045898 -0.130161 -0.117292 0.316576 -0.112766 0.135814 -0.074687 0.021323 0.240733 -0.040917 0.271365 0.201208 0.398148 0.135587 0.323782 -0.183409 -0.147097 0.091935 -0.098674 -0.450048 -0.259989 0.076192 0.096236 -0.148829 -0.013164 -0.175439 0.040103 -0.016999 -0.031091 -0.282103 0.061941 0.112921 -0.024052 -0.046667 -0.009341 -0.130454 0.169721 -0.075086 -0.106145 0.104466 0.114735 0.245006 0.064799 0.126072 0.397843 0.275831 0.258071
-0.210523 -0.183760 0.253887 0.137954 0.053639 -0.023850 0.099798 -0.050454 0.183280 0.067196 0.019803 0.025114 -0.028376 0.023770 0.172851 0.159978 -0.044932 0.196125 0.225674 0.156193 0.320161 0.404851 0.177658 0.223138 0.196150 0.229978 0.026186 0.204090 0.146108 -0.014484 0.253986 0.289780 -0.083053 0.333671 1.000000 0.400910 -0.090314 0.106513 -0.040188 -0.098191 0.133385 0.055357 -0.346063 -0.278979 -0.082846 -0.052468 -0.217812 -0.068789 -0.182679 -0.050673 -0.381560 -0.339290 -0.145431 -0.312161 -0.212769 -0.352521 -0.221513 -0.200771 -0.127998 -0.043568 -0.026793 -0.014879 -0.025634 -0.165707 0.114928 -0.008993 0.021377 0.444940 0.034298 -0.133513 0.259018 0.278962 -0.063396 0.074904 0.001439 0.159529 0.101571 0.469956 0.020048 -0.183560 -0.046379 -0.080916 0.191672 0.084932 -0.237101 -0.219688 -0.003279 -0.175622 -0.042947 -0.268813 0.268703 0.317709 0.070306 0.256985 -0.186566 -0.236054 -0.165949 -0.351158 -0.232099 -0.102145 0.069363 0.111173 0.024329 0.236268 0.041259 0.384129 -0.052554 0.265992 -0.283890 -0.080008 0.254522 -0.059446 0.121597 0.214326 0.197854 0.217259
-0.351558 -0.471017 0.405472 0.246564 0.225540 0.171902 0.319038 0.105641 0.298093 0.161534 0.031386 -0.139710 -0.072793 0.187068 0.220873 0.228230 -0.176520 -0.057405 0.341781 0.240883 0.140303 0.182495 0.329442 0.236118 0.124551 0.086079 0.220610 0.249186 0.035417 -0.003979 0.306336 0.294534 -0.356326 0.313397 0.400910 1.000000 -0.016568 0.168256 -0.077244 0.273283 -0.048774 0.213558 -0.423195 -0.380841 -0.373003 -0.301597 -0.454925 -0.291743 -0.389978 -0.461842 -0.050585 -0.574848 -0.194398 -0.296397 -0.229911 -0.419760 -0.410591 -0.458777 0.098692 -0.091931 0.086767 0.244470 -0.048021 -0.093034 0.430244 0.275392 0.107036 0.703548 -0.260523 -0.078619 0.106522 0.073089 0.002335 -0.012971 -0.037021 0.039017 0.233593 0.434961 0.006580 -0.037221 -0.249569 -0.219502 0.197490 0.110102 -0.285586 -0.076640 -0.224454 -0.134542 0.186708 -0.250007 0.099964 0.156512 0.244535 0.246917 -0.129498 0.035503 -0.122034 -0.149664 -0.588789 -0.324500 0.014952 0.010235 -0.052042 0.104882 0.085728 0.174163 -0.124482 -0.027820 0.184450 0.080063 0.297585 -0.237670 0.124271 0.159389 0.105750 0.252767
