1.000000 0.485969 -0.041745 -0.648319 -0.111998 -0.191693 -0.057189 -0.200864 -0.133659 -0.104588 0.544527 0.207423 0.506084 0.347004 0.364975 0.261483 0.399625 0.304751 -0.024670 -0.110955 -0.045468 0.157691 -0.240019 -0.506794 -0.240183 -0.333867 -0.167322 -0.239564 0.344388 0.239182 -0.154566 -0.303117 0.275201 0.020755 -0.077625 -0.148873 0.228542 0.318984 -0.009895 -0.145991 0.217638 0.309291 -0.161111 -0.007332 -0.244588 -0.329668 -0.058353 -0.078057 -0.032103 -0.191362 0.028296 -0.179897 0.309926 -0.093918 0.327654 -0.177731 0.516702 0.268330 0.479350 0.076654 0.601829 0.382316 0.373108 0.436182 -0.143982 -0.051330 0.024671 -0.429451 0.128569 -0.102877 0.053453 -0.171207 0.433430 0.310520 0.475519 0.360117 0.419367 0.307223 0.262456 0.142316 0.243821 0.258228 0.084533 0.019748 -0.062965 -0.414086 -0.073123 -0.393532 -0.080269 -0.015344 -0.274332 -0.292206 -0.405178 -0.279750 0.077677 -0.204837 -0.100804 -0.016659 -0.003421 -0.042156 0.039756 -0.110136 -0.045061 -0.075832 -0.027804 -0.132150 -0.099949 -0.003101 0.117924 -0.090259 0.015250 -0.018546 0.152042 0.061086 -0.158267 0.155503
0.485969 1.000000 -0.333355 -0.534563 -0.237327 -0.278421 -0.357886 -0.127065 -0.171495 -0.043406 0.096319 0.064653 0.065315 0.260967 -0.195755 -0.015015 0.322942 0.403766 -0.174395 0.184342 -0.177022 0.106816 -0.565916 -0.682471 -0.270606 -0.487722 -0.302579 -0.467333 0.236622 0.555971 -0.373754 -0.452788 0.544913 0.260140 -0.264899 -0.269708 0.130388 0.224679 -0.249189 -0.263595 -0.051287 0.149286 -0.040108 0.075112 -0.078853 -0.176942 0.010327 0.014220 0.081076 0.094270 -0.000601 0.056563 0.254363 -0.007068 0.110595 -0.022136 0.467413 0.591552 0.393886 0.524656 0.249535 0.595843 0.565723 0.713860 -0.537362 -0.171790 0.211268 -0.474515 0.199065 -0.004483 -0.137283 -0.334007 0.449947 0.136777 0.198774 0.185365 0.280141 0.197135 0.410014 0.220151 0.524801 0.488115 -0.298819 0.128462 -0.409795 -0.360528 -0.287062 -0.256073 -0.334563 0.006521 -0.181719 -0.313035 -0.494354 -0.338424 -0.027286 -0.024076 -0.032307 0.113722 0.111950 0.176261 -0.026164 0.091059 0.079335 -0.032666 -0.039922 -0.033132 0.039150 -0.043687 0.027940 -0.013936 -0.011162 0.220279 0.218718 0.114623 -0.208408 0.061554
-0.041745 -0.333355 1.000000 0.306714 0.578233 0.254491 0.606573 0.245104 0.569553 0.342475 0.158622 0.086231 0.438186 0.039700 0.540346 0.104030 -0.342002 -0.320493 0.369812 -0.116447 0.041148 -0.008597 0.609031 0.425781 0.259402 0.444962 0.464061 0.380382 -0.266917 -0.493322 0.246920 0.230034 -0.236991 -0.160152 0.147086 0.183652 -0.211952 -0.365127 0.171018 0.129612 -0.080601 0.008713 -0.358747 -0.437229 -0.285080 -0.375670 -0.461499 -0.468932 -0.130649 -0.247116 -0.006596 -0.207382 -0.284823 -0.244253 -0.031667 -0.380399 -0.404331 -0.305958 0.152455 -0.184253 0.382609 0.084146 -0.489938 -0.402500 0.709680 0.487161 0.069114 0.142323 -0.144273 0.066043 0.132046 -0.099270 -0.441584 -0.027670 -0.081420 0.075987 -0.226698 -0.175434 -0.442868 -0.310375 -0.562800 -0.521997 0.300129 -0.396030 0.200059 -0.336779 0.424431 0.059058 0.518699 0.071964 0.045635 0.313914 0.430916 0.491710 -0.064656 -0.070289 -0.333534 -0.275301 -0.510542 -0.351499 0.039285 -0.038367 0.097472 -0.019006 -0.080226 0.075520 -0.114186 -0.079702 -0.101975 -0.088715 -0.106248 -0.531604 -0.336811 -0.126774 0.150468 -0.127987
-0.648319 -0.534563 0.306714 1.000000 0.394980 0.407602 0.261964 0.415970 0.363091 0.335383 -0.403275 -0.140180 -0.236317 -0.232610 -0.059961 -0.110968 -0.445834 -0.400111 0.144841 0.179413 0.053495 -0.020347 0.447833 0.728753 0.441923 0.566448 0.311083 0.421529 -0.349248 -0.410489 0.235575 0.419242 -0.366237 -0.050330 0.121939 0.247898 -0.278279 -0.402758 0.056465 0.158122 -0.223426 -0.210791 -0.083325 -0.257036 0.048175 0.149886 -0.270745 -0.240963 -0.165967 -0.075755 -0.114475 -0.120976 -0.411829 -0.198530 -0.336959 -0.199992 -0.428767 -0.366171 -0.322730 -0.091030 -0.390840 -0.245368 -0.354331 -0.436273 0.357934 0.310299 -0.032525 0.481423 -0.129446 0.167096 -0.051005 0.160608 -0.475888 -0.299982 -0.394642 -0.283501 -0.532811 -0.432173 -0.392794 -0.299035 -0.346237 -0.454066 0.190958 -0.027782 0.149540 0.212733 0.326533 0.421903 0.257614 0.053859 0.288223 0.276469 0.632022 0.358425 -0.095107 0.019535 -0.088102 -0.167052 -0.236269 -0.172678 0.056229 -0.075301 0.065289 -0.018400 0.014034 0.020552 0.056469 -0.129543 -0.085963 -0.132622 -0.128610 -0.347118 -0.243902 -0.209642 0.228027 -0.120551
-0.111998 -0.237327 0.578233 0.394980 1.000000 0.677740 0.178830 0.100863 0.873151 0.682280 -0.182299 -0.244865 0.126790 -0.211255 0.303265 -0.002174 -0.380777 -0.387447 0.272043 0.104059 0.039334 -0.047051 0.531144 0.489774 0.748033 0.480866 0.539449 0.370471 -0.404525 -0.391219 -0.054675 -0.003654 -0.244462 -0.067052 0.098636 0.154452 -0.349451 -0.385664 0.196362 0.043990 -0.120450 0.042569 -0.219415 -0.356516 -0.041486 -0.128686 -0.282320 -0.310456 -0.047577 -0.023965 -0.036860 -0.186139 -0.134153 -0.148974 -0.068459 -0.252291 -0.302257 -0.172958 0.066229 -0.028054 0.065490 0.052850 -0.329584 -0.238802 0.392313 0.233628 -0.012572 0.081072 -0.030095 0.116317 0.045682 -0.136943 -0.403740 -0.200481 -0.193917 -0.021571 -0.311686 -0.274876 -0.329042 -0.457266 -0.317240 -0.335990 0.405276 -0.080119 0.025479 -0.283089 0.369621 0.124952 0.467014 0.161577 0.192355 0.316028 0.363520 0.485526 0.045720 -0.126254 -0.194771 -0.089362 -0.268242 -0.138427 -0.050599 0.066757 0.054974 0.034527 -0.050762 0.105299 -0.058381 -0.035645 -0.160365 -0.180987 -0.066910 -0.288961 -0.076896 -0.126768 0.081210 -0.018181
-0.191693 -0.278421 0.254491 0.407602 0.677740 1.000000 -0.013555 0.124549 0.528676 0.665843 -0.215041 -0.169126 0.006531 -0.223516 0.118596 -0.007422 -0.277831 -0.416802 0.072892 -0.055597 0.197036 0.068935 0.322296 0.404558 0.644744 0.479420 0.448230 0.391696 -0.342218 -0.382543 -0.080745 -0.008895 -0.261106 -0.213808 0.019669 0.118538 -0.328540 -0.183188 0.177716 0.003852 -0.104729 0.023467 -0.048962 -0.117399 0.166672 0.140123 -0.074920 -0.108792 0.141829 0.142213 0.256668 0.080468 -0.015083 -0.056874 0.033824 -0.084066 -0.281591 -0.239982 -0.129125 0.001878 -0.145799 -0.076239 -0.232050 -0.261054 0.156177 0.159927 0.011921 0.234687 -0.046605 0.118785 0.111200 0.006004 -0.385279 -0.177205 -0.123106 -0.157068 -0.290511 -0.310580 -0.269457 -0.356113 -0.279756 -0.322363 0.166528 -0.123896 -0.053129 -0.148995 0.226374 0.083482 0.288840 -0.034932 0.068015 0.145879 0.231871 0.229824 0.024833 -0.088901 0.033070 -0.064816 -0.169804 -0.104483 -0.069700 -0.059955 -0.000738 0.017508 -0.043727 0.042202 -0.061444 0.002834 -0.067100 -0.168972 -0.106084 -0.179523 0.052678 -0.084757 0.169156 0.011829
-0.057189 -0.357886 0.606573 0.261964 0.178830 -0.013555 1.000000 0.513906 0.160933 0.085207 0.278484 0.328898 0.339055 0.288872 0.412718 0.353340 -0.202893 -0.242075 0.257354 -0.070613 0.091786 0.060231 0.302648 0.376711 -0.082329 0.261815 0.121157 0.041316 0.039167 -0.333465 0.509115 0.524905 -0.217061 -0.023152 0.141701 0.085802 -0.135524 -0.269251 0.038427 -0.004767 -0.081956 0.044311 -0.316052 -0.349007 -0.294386 -0.308972 -0.410931 -0.425165 -0.240390 -0.350523 -0.077706 -0.286987 -0.261895 -0.164412 -0.200817 -0.461274 -0.278564 -0.287937 0.007844 -0.279277 0.275831 0.047407 -0.264491 -0.341673 0.610642 0.488177 -0.014539 0.065107 -0.176841 -0.025111 0.311057 0.155857 -0.209920 0.120761 0.096117 0.204508 -0.125205 -0.094858 -0.249547 -0.107906 -0.405749 -0.427989 0.249910 -0.085050 0.277512 -0.014240 0.287448 0.084985 0.147365 -0.188882 -0.095842 0.032360 0.389267 0.246672 -0.113263 -0.131207 -0.400720 -0.350933 -0.524143 -0.455612 0.031038 -0.108366 -0.050828 -0.107271 -0.143443 0.025166 -0.202592 -0.052446 -0.029960 -0.134993 -0.232529 -0.527828 -0.491892 -0.292447 0.024936 -0.084224
-0.200864 -0.127065 0.245104 0.415970 0.100863 0.124549 0.513906 1.000000 0.139131 0.344890 0.017269 0.389733 0.067530 0.440622 0.047729 0.397941 -0.155592 -0.259916 0.044732 0.027580 -0.081374 -0.017159 -0.091976 0.213283 -0.094658 0.089301 -0.164913 -0.238278 -0.020010 -0.026210 0.174780 0.331553 -0.112578 0.126586 -0.015937 0.075821 -0.165314 -0.275752 -0.276625 -0.194087 -0.258164 -0.119005 -0.227067 -0.255012 -0.152891 -0.098280 -0.317577 -0.298066 -0.168241 -0.217144 -0.062607 -0.109164 -0.180056 -0.115731 -0.305064 -0.389358 -0.282464 -0.297154 -0.027619 0.009683 0.059069 0.249801 0.015260 -0.077505 0.172101 0.509091 -0.039575 0.170244 -0.215542 -0.154745 0.143894 0.127508 -0.147060 -0.092340 -0.133452 0.046532 -0.180286 -0.047901 -0.252891 -0.229950 -0.137634 -0.245794 0.095571 0.137183 0.049185 0.129464 0.076548 -0.007883 -0.079222 -0.189863 -0.018232 -0.044809 0.363693 0.001532 -0.128448 -0.016100 -0.316098 -0.291089 -0.360092 -0.347937 0.004527 -0.141588 0.000782 -0.156582 -0.160751 -0.195602 -0.051173 -0.233168 -0.026314 -0.111605 -0.219537 -0.406651 -0.302661 -0.230620 0.040727 -0.190604
-0.133659 -0.171495 0.569553 0.363091 0.873151 0.528676 0.160933 0.139131 1.000000 0.722996 -0.251777 -0.157601 0.097841 -0.117209 0.279617 -0.044416 -0.376189 -0.336785 0.376778 0.126994 -0.079885 -0.153592 0.476101 0.415298 0.705970 0.427747 0.382532 0.221125 -0.268687 -0.289306 -0.035237 0.024850 -0.140229 0.057653 0.161771 0.231376 -0.275620 -0.408187 0.075082 -0.023509 -0.142475 0.027742 -0.148564 -0.294343 0.033474 -0.066578 -0.225411 -0.258779 -0.018962 0.024093 -0.091784 -0.175712 -0.212435 -0.077492 -0.142021 -0.217108 -0.348579 -0.210480 0.085789 -0.067246 0.055966 0.043126 -0.330770 -0.239062 0.386164 0.219803 -0.040793 0.043554 -0.052034 -0.003084 -0.018068 -0.210342 -0.338511 -0.157660 -0.129350 0.079089 -0.215201 -0.148889 -0.237099 -0.367128 -0.327217 -0.317290 0.339414 -0.038739 0.055924 -0.240365 0.354040 0.104941 0.412552 0.086741 0.108787 0.250524 0.281736 0.376267 -0.031432 -0.074252 -0.187320 -0.101946 -0.237215 -0.141261 -0.089406 0.054408 0.082651 -0.038268 -0.082025 0.061309 -0.073232 -0.071392 -0.172894 -0.136767 -0.088850 -0.273311 -0.108309 -0.138196 0.032537 -0.095703
-0.104588 -0.043406 0.342475 0.335383 0.682280 0.665843 0.085207 0.344890 0.722996 1.000000 -0.147711 0.040078 0.167854 0.138248 0.193647 0.050076 -0.200573 -0.288007 0.071702 -0.013385 -0.141885 -0.191949 0.154122 0.212485 0.678797 0.326938 0.266910 0.067657 -0.305925 -0.132896 -0.247998 -0.103105 -0.160218 -0.074061 0.001191 0.145407 -0.392775 -0.367839 -0.018176 -0.236661 -0.240169 0.013045 -0.110201 -0.188982 0.151733 0.017251 -0.130474 -0.212071 0.173438 0.181613 0.158096 0.063533 -0.033752 0.013988 -0.154439 -0.220367 -0.253115 -0.173105 0.095267 0.157212 0.029622 0.273109 -0.091978 -0.003301 0.154405 0.291959 -0.037497 0.011989 -0.148601 -0.021350 0.017763 -0.249583 -0.385150 -0.219085 -0.143613 -0.080307 -0.278191 -0.256140 -0.182784 -0.393865 -0.125592 -0.244680 0.166773 -0.048938 -0.009629 -0.251932 0.187095 -0.046528 0.168060 -0.098115 0.054462 0.128695 0.179401 0.209878 -0.045731 -0.088515 -0.186489 -0.131982 -0.226147 -0.109655 -0.152855 0.015922 0.071319 -0.017018 -0.197374 -0.033940 -0.065281 -0.016334 -0.087884 -0.275418 -0.257531 -0.206843 0.040072 -0.165027 0.077963 -0.099747
0.544527 0.096319 0.158622 -0.403275 -0.182299 -0.215041 0.278484 0.017269 -0.251777 -0.147711 1.000000 0.566372 0.693107 0.438698 0.556926 0.440438 0.442283 0.057826 -0.013408 -0.386118 -0.017354 0.183945 -0.129275 -0.293751 -0.386312 -0.190306 -0.039425 -0.124889 0.278611 -0.064084 0.075211 0.006144 0.149228 -0.030127 -0.058153 -0.020075 0.048922 0.130774 -0.045114 -0.098105 0.162523 0.218222 -0.289411 -0.202987 -0.306499 -0.389754 -0.158002 -0.295879 -0.034731 -0.225604 0.125218 -0.119309 0.236744 -0.047225 0.255171 -0.225689 0.180770 0.001264 0.254266 -0.072369 0.609335 0.283679 0.241278 0.160544 0.153230 0.247174 0.071690 -0.219005 0.026229 0.001783 0.186719 -0.049895 0.093852 0.193752 0.356681 0.234867 0.209771 0.204925 0.097090 0.168470 0.119277 0.059960 0.192214 -0.121463 0.199229 -0.141058 -0.091337 -0.302042 -0.140645 -0.128348 -0.225960 -0.245725 -0.082509 -0.090015 0.112855 -0.117387 -0.320873 -0.210266 -0.291686 -0.316079 0.005774 -0.022747 0.070398 0.036400 -0.035204 0.006162 0.076145 0.180967 0.152723 -0.225603 -0.155169 -0.287419 -0.130221 -0.041296 -0.032638 0.179364
0.207423 0.064653 0.086231 -0.140180 -0.244865 -0.169126 0.328898 0.389733 -0.157601 0.040078 0.566372 1.000000 0.475217 0.698176 0.398880 0.569773 0.152216 -0.025315 0.051369 -0.242978 -0.148623 0.108647 -0.123775 -0.149277 -0.396261 -0.070719 -0.140677 -0.199029 0.281942 0.012679 0.218106 0.286488 0.086842 0.083312 0.129408 0.209830 -0.099766 0.092637 -0.236455 -0.200733 -0.037006 0.079981 -0.179188 -0.072033 -0.160619 -0.214285 -0.117631 -0.172648 -0.079506 -0.172160 -0.022106 -0.130763 0.013038 0.021109 -0.090595 -0.259559 -0.120015 -0.242110 0.044904 -0.210883 0.346442 0.305072 0.075377 0.003321 0.221629 0.434571 -0.124234 -0.189423 -0.094904 -0.256208 0.131874 0.098154 -0.018197 0.215094 0.228122 0.309096 0.165664 0.214117 0.098616 0.144218 -0.021205 -0.057126 0.056037 0.004566 0.309638 0.170624 -0.050407 -0.269958 -0.219516 -0.228641 -0.339443 -0.218203 -0.036805 -0.162399 -0.162308 -0.047190 -0.336174 -0.319260 -0.372204 -0.401709 -0.143813 -0.157061 -0.107890 -0.144990 -0.180307 -0.103669 0.002756 0.088704 0.014430 -0.169639 -0.157652 -0.330925 -0.253683 -0.199165 -0.106231 -0.036270
0.506084 0.065315 0.438186 -0.236317 0.126790 0.006531 0.339055 0.067530 0.097841 0.167854 0.693107 0.475217 1.000000 0.454094 0.765717 0.363141 0.193421 0.048914 -0.083384 -0.418946 -0.092396 0.089286 0.151293 -0.144250 -0.111931 0.039830 0.154477 0.108657 0.055310 -0.162567 0.026934 0.016191 -0.040504 -0.175046 0.036652 0.048199 -0.035508 0.022384 0.010625 -0.201728 0.102191 0.233040 -0.234359 -0.130465 -0.182188 -0.301047 -0.254960 -0.300964 0.066663 -0.086444 0.201979 -0.003386 0.101373 -0.070078 0.219140 -0.283739 -0.102407 -0.075407 0.220110 -0.049197 0.593514 0.373753 -0.033770 0.060059 0.331532 0.478980 -0.029798 -0.159161 -0.128930 -0.116389 0.096764 -0.259617 -0.100208 0.121073 0.335795 0.233701 0.087220 0.055799 -0.102669 -0.012131 -0.125515 -0.121965 0.192815 -0.341134 0.143537 -0.374341 0.074722 -0.293381 0.066928 -0.142510 -0.257771 -0.098549 -0.081394 0.055042 -0.041249 -0.197083 -0.271194 -0.359943 -0.317514 -0.327349 0.064486 0.001553 0.148178 0.051066 -0.075341 -0.076708 -0.069187 0.049159 -0.020233 -0.343450 -0.243896 -0.387484 -0.195693 -0.087311 0.003831 -0.074130
0.347004 0.260967 0.039700 -0.232610 -0.211255 -0.223516 0.288872 0.440622 -0.117209 0.138248 0.438698 0.698176 0.454094 1.000000 0.325188 0.534148 0.211379 0.145585 -0.148436 -0.266971 -0.215140 -0.012625 -0.303874 -0.333222 -0.264737 -0.117196 -0.281878 -0.331213 0.211206 0.174374 0.118373 0.132227 0.137138 0.017329 0.013614 0.021033 -0.058655 0.031693 -0.225553 -0.255296 -0.077836 0.131713 -0.144892 -0.026230 -0.155277 -0.196148 -0.142729 -0.118242 -0.021537 -0.128691 0.027726 -0.016863 0.174655 0.070435 -0.010108 -0.217316 0.016430 -0.079143 0.122061 -0.029420 0.362566 0.456197 0.209665 0.273871 0.000727 0.371075 -0.145541 -0.286018 -0.175840 -0.287840 0.154602 -0.003951 0.049873 0.132589 0.245918 0.260109 0.161771 0.196647 0.091676 0.101215 0.134012 0.062214 -0.013221 0.064603 0.093643 -0.055120 -0.100180 -0.280867 -0.295845 -0.206419 -0.247655 -0.251728 -0.138846 -0.197757 -0.085732 -0.059688 -0.245709 -0.237367 -0.209862 -0.197177 -0.119307 -0.103692 -0.039134 -0.095797 -0.062683 -0.112361 -0.050385 0.063117 0.051080 -0.244506 -0.234159 -0.246400 -0.048724 -0.100114 -0.164943 0.016017
0.364975 -0.195755 0.540346 -0.059961 0.303265 0.118596 0.412718 0.047729 0.279617 0.193647 0.556926 0.398880 0.765717 0.325188 1.000000 0.532884 -0.013064 -0.152431 0.204351 -0.261397 0.059452 0.168108 0.406351 0.151036 0.024612 0.237242 0.362645 0.286180 0.113088 -0.319202 0.286643 0.248456 -0.242587 -0.103672 0.076963 0.121142 -0.140607 0.006433 0.189771 0.092327 0.086809 0.194697 -0.340878 -0.340848 -0.317770 -0.438418 -0.343327 -0.419007 -0.145370 -0.283219 0.034131 -0.225951 -0.000144 -0.084460 0.023278 -0.371474 -0.260685 -0.199508 0.137935 -0.285239 0.485238 0.155621 -0.319938 -0.254256 0.600473 0.458830 -0.153768 -0.117936 -0.167860 -0.061121 0.142774 -0.090427 -0.224612 0.144521 0.252543 0.225657 0.041701 0.039308 -0.213785 -0.033151 -0.315030 -0.228598 0.495232 -0.177300 0.407157 -0.224925 0.340045 -0.074693 0.276872 -0.090064 -0.125673 0.012251 0.174329 0.268618 -0.041522 -0.276566 -0.325004 -0.387775 -0.387494 -0.423572 0.060006 -0.183955 0.043119 -0.109847 -0.091755 -0.066272 -0.088489 0.028527 -0.062170 -0.262860 -0.200305 -0.419269 -0.354229 -0.294931 -0.075807 -0.136767
0.261483 -0.015015 0.104030 -0.110968 -0.002174 -0.007422 0.353340 0.397941 -0.044416 0.050076 0.440438 0.569773 0.363141 0.534148 0.532884 1.000000 0.020500 -0.129145 0.037937 -0.028439 0.132492 0.274749 -0.023951 0.023655 -0.269801 0.038624 0.056976 -0.075599 0.266073 -0.019533 0.306105 0.307747 -0.119054 0.095050 -0.043339 0.018933 -0.089122 0.085723 -0.034708 0.057161 0.069003 0.173091 -0.341185 -0.281755 -0.349776 -0.365404 -0.270341 -0.319000 -0.271174 -0.355502 -0.125785 -0.297078 0.079967 0.031861 -0.156138 -0.406354 -0.089983 -0.116293 0.016494 -0.248141 0.265541 0.182058 -0.035869 -0.119907 0.244966 0.324650 -0.239842 -0.163892 -0.074756 -0.078254 0.309742 0.128221 -0.023628 0.186758 0.174558 0.290355 0.145594 0.138088 -0.037612 0.028991 -0.027349 -0.023813 0.376171 0.255915 0.269944 0.071967 0.199181 0.019548 -0.054545 -0.169846 -0.072284 -0.061797 0.150667 0.037781 0.005494 -0.098903 -0.255258 -0.272221 -0.328378 -0.364541 -0.004546 -0.207681 -0.107102 -0.155953 -0.208341 -0.094608 -0.084473 -0.011029 0.023748 -0.179621 -0.139117 -0.251490 -0.171511 -0.245944 -0.045174 -0.088782
0.399625 0.322942 -0.342002 -0.445834 -0.380777 -0.277831 -0.202893 -0.155592 -0.376189 -0.200573 0.442283 0.152216 0.193421 0.211379 -0.013064 0.020500 1.000000 0.640475 -0.177223 0.034878 -0.173185 -0.003110 -0.465677 -0.462179 -0.299742 -0.474583 -0.382211 -0.403574 0.392402 0.482291 -0.283836 -0.301265 0.290151 0.054262 -0.222076 -0.128031 0.403328 0.217647 -0.198365 -0.145225 0.335508 0.150973 -0.081183 0.031008 -0.146593 -0.158364 0.007850 -0.016061 0.017766 -0.063779 -0.013971 0.051931 0.164380 0.110593 0.172285 0.041004 0.586265 0.553297 -0.077920 0.004757 0.188568 0.157380 0.449706 0.472870 -0.354203 -0.194246 -0.100459 -0.357425 0.135205 0.049267 -0.111983 -0.135359 0.484393 0.175330 0.334457 0.103532 0.325592 0.285442 0.524465 0.433381 0.629159 0.568173 0.025821 0.161588 -0.153368 -0.018198 -0.368627 -0.171189 -0.489481 -0.086493 -0.058748 -0.220387 -0.349715 -0.293251 0.064653 -0.007502 -0.206320 0.063394 0.152654 0.178662 0.039899 0.077334 0.186622 0.106698 0.027407 -0.034541 0.136397 0.065523 0.104305 -0.015651 -0.077332 0.137022 0.208399 0.100680 -0.165045 0.203722
0.304751 0.403766 -0.320493 -0.400111 -0.387447 -0.416802 -0.242075 -0.259916 -0.336785 -0.288007 0.057826 -0.025315 0.048914 0.145585 -0.152431 -0.129145 0.640475 1.000000 -0.171258 0.172959 -0.142306 -0.113751 -0.326086 -0.469089 -0.256389 -0.355963 -0.258368 -0.277434 0.274310 0.597779 -0.249585 -0.272927 0.198177 0.062692 -0.031330 -0.060119 0.529520 0.269558 -0.093724 -0.029441 0.364695 0.207839 -0.066750 0.057649 -0.183247 -0.188255 -0.068066 -0.025619 -0.102180 -0.067682 -0.172790 0.026158 0.023171 0.051279 0.027417 0.029665 0.527012 0.576434 -0.098760 -0.018508 0.091765 0.179168 0.300419 0.531214 -0.296338 -0.165622 -0.190473 -0.366187 0.113847 -0.094163 -0.125878 -0.059109 0.485264 0.220481 0.291655 0.108656 0.240282 0.267972 0.520513 0.434326 0.590830 0.632841 -0.094872 0.182393 -0.207369 -0.033576 -0.247644 0.008816 -0.261281 0.152922 -0.056090 -0.100815 -0.412306 -0.194703 0.008334 0.034563 -0.168211 0.033200 0.168592 0.210460 0.086511 0.093028 0.167926 0.069368 0.082944 0.016406 0.014268 0.092948 0.121548 -0.066608 -0.069802 0.236965 0.169756 0.218899 -0.089915 0.082629
-0.024670 -0.174395 0.369812 0.144841 0.272043 0.072892 0.257354 0.044732 0.376778 0.071702 -0.013408 0.051369 -0.083384 -0.148436 0.204351 0.037937 -0.177223 -0.171258 1.000000 0.417131 0.069190 0.126340 0.440032 0.313210 0.139295 0.096582 0.111508 0.043576 0.120396 -0.225383 0.250462 0.178474 0.051426 0.242311 0.145404 0.173221 -0.043145 -0.237414 0.081111 0.193161 -0.081562 -0.062509 -0.351445 -0.413048 -0.336957 -0.340855 -0.339488 -0.389716 -0.335605 -0.376699 -0.326795 -0.409878 -0.267130 -0.222020 -0.154484 -0.275168 -0.145823 -0.070972 0.101852 -0.289326 0.128271 -0.049116 -0.332347 -0.314153 0.491417 0.149641 0.104140 0.007330 0.233957 0.212631 0.082993 0.160967 -0.026693 0.134064 0.036625 0.177894 -0.023725 0.073229 -0.045368 0.055897 -0.319423 -0.204980 0.319131 -0.016868 0.255451 -0.041165 0.246538 0.018402 0.382433 0.086095 -0.044826 0.185250 0.238485 0.329803 0.020435 -0.182103 -0.267981 -0.081895 -0.350720 -0.181913 -0.095046 -0.134507 -0.009159 -0.122890 0.061805 0.169333 -0.170816 -0.148829 -0.121601 0.073062 0.082612 -0.232182 -0.219008 -0.011702 0.061022 -0.057171
-0.110955 0.184342 -0.116447 0.179413 0.104059 -0.055597 -0.070613 0.027580 0.126994 -0.013385 -0.386118 -0.242978 -0.418946 -0.266971 -0.261397 -0.028439 0.034878 0.172959 0.417131 1.000000 -0.023183 0.042232 0.009177 0.192499 0.127705 -0.030261 -0.125525 -0.211140 0.165484 0.272759 -0.032592 -0.019947 0.080898 0.447541 -0.100368 0.089913 0.060712 -0.159982 -0.132178 0.088663 -0.043042 -0.123266 -0.313737 -0.335488 -0.288877 -0.239324 -0.320116 -0.236387 -0.406697 -0.309661 -0.542989 -0.402337 -0.276388 -0.169217 -0.320677 -0.236301 0.177123 0.457068 -0.016443 0.056964 -0.193009 0.057575 0.015156 0.076263 -0.008864 -0.135119 0.074047 0.003798 0.313055 0.480734 -0.122992 -0.102069 0.206952 -0.091379 -0.156224 -0.014225 -0.056433 -0.050219 0.256579 0.187540 0.270471 0.255224 0.243050 0.455439 -0.111913 -0.058024 0.165133 0.328235 -0.004221 0.112343 0.256132 0.154480 0.154931 0.177422 0.001279 -0.022370 -0.235416 0.163776 -0.035650 0.135679 0.068044 -0.060386 0.001822 0.015351 -0.073779 0.086576 -0.088581 -0.310045 -0.100196 0.151687 0.165797 0.038957 0.016914 -0.092231 0.020137 -0.076621
-0.045468 -0.177022 0.041148 0.053495 0.039334 0.197036 0.091786 -0.081374 -0.079885 -0.141885 -0.017354 -0.148623 -0.092396 -0.215140 0.059452 0.132492 -0.173185 -0.142306 0.069190 -0.023183 1.000000 0.515147 0.261583 0.215189 -0.085252 0.280119 0.435628 0.414886 -0.065756 -0.154601 0.344220 0.319501 -0.174112 -0.046040 0.043410 -0.083508 0.089048 0.241439 0.409596 0.457008 0.062427 0.291517 -0.232288 -0.246366 -0.198460 -0.134710 -0.220220 -0.202260 -0.244604 -0.276064 -0.101569 -0.236507 -0.106525 -0.116087 -0.010936 -0.076535 -0.084186 -0.052790 -0.121349 -0.179442 -0.053834 -0.182338 -0.150396 -0.281032 0.225626 -0.013855 -0.002963 0.121935 0.312822 0.024653 0.293405 0.191007 -0.044156 0.205277 0.068258 0.033245 0.052634 0.051785 0.033055 -0.016092 -0.151340 -0.043606 0.055847 0.004439 0.039038 0.002667 0.244339 0.176628 0.250980 0.023166 -0.030829 0.027665 0.124468 0.084630 0.031703 -0.148084 0.022138 -0.123346 -0.163410 -0.133269 -0.104969 -0.140681 -0.199591 -0.144990 0.097969 0.209555 -0.096397 0.095593 -0.024609 0.011872 -0.046795 -0.120388 -0.132885 -0.023662 0.233835 0.041138
0.157691 0.106816 -0.008597 -0.020347 -0.047051 0.068935 0.060231 -0.017159 -0.153592 -0.191949 0.183945 0.108647 0.089286 -0.012625 0.168108 0.274749 -0.003110 -0.113751 0.126340 0.042232 0.515147 1.000000 0.135175 0.065027 -0.232058 0.201120 0.228356 0.265788 0.134016 -0.045429 0.395789 0.348497 0.109507 0.075341 -0.009339 0.027283 0.062583 0.123925 0.091633 0.331362 0.045373 0.181330 -0.181323 -0.203828 -0.300651 -0.255787 -0.190875 -0.159547 -0.301279 -0.363338 -0.210018 -0.337239 -0.070547 -0.169776 -0.117266 -0.294384 0.004030 0.024561 -0.053547 -0.136755 0.139333 0.087586 -0.059219 -0.134884 0.178564 0.140204 -0.047309 -0.015194 0.469195 0.101195 0.104656 0.266224 0.036749 0.239301 0.169205 0.157338 0.160690 0.095677 0.053404 0.257160 -0.078308 0.025938 0.033432 -0.003337 0.041200 -0.075947 0.037850 0.069830 0.033158 -0.133203 -0.153008 -0.135893 0.070817 -0.013551 -0.064842 -0.134641 -0.048799 -0.164221 -0.204885 -0.219444 0.082338 -0.052892 -0.104324 0.016041 0.219527 0.232261 -0.007938 0.122939 -0.041891 0.042956 0.110930 -0.103183 -0.221498 0.083745 0.103912 0.133570
-0.240019 -0.565916 0.609031 0.447833 0.531144 0.322296 0.302648 -0.091976 0.476101 0.154122 -0.129275 -0.123775 0.151293 -0.303874 0.406351 -0.023951 -0.465677 -0.326086 0.440032 0.009177 0.261583 0.135175 1.000000 0.749137 0.378274 0.661092 0.672714 0.680277 -0.294801 -0.606947 0.393945 0.447129 -0.443559 -0.249047 0.367688 0.248312 -0.188184 -0.241478 0.403740 0.336913 0.017803 0.003975 -0.171801 -0.272610 -0.138511 -0.139195 -0.285835 -0.237609 -0.227666 -0.197356 -0.171856 -0.267579 -0.306676 -0.125082 -0.130159 -0.208740 -0.479869 -0.354549 -0.193213 -0.465291 -0.067018 -0.286635 -0.668769 -0.610531 0.753029 0.289924 -0.204685 0.182097 0.008763 0.040833 0.093009 0.216263 -0.495998 -0.024897 -0.141003 -0.033284 -0.274619 -0.172102 -0.370877 -0.225747 -0.627032 -0.494723 0.404156 -0.300189 0.379064 -0.052383 0.572119 0.249935 0.587786 0.139785 0.055115 0.373082 0.422706 0.538786 -0.037212 -0.178728 -0.098852 -0.285279 -0.309705 -0.290208 -0.005535 -0.124621 -0.027162 -0.054056 0.030981 0.138886 -0.141069 -0.074363 -0.104725 -0.148269 0.014157 -0.347252 -0.329333 -0.045139 0.164091 -0.239833
-0.506794 -0.682471 0.425781 0.728753 0.489774 0.404558 0.376711 0.213283 0.415298 0.212485 -0.293751 -0.149277 -0.144250 -0.333222 0.151036 0.023655 -0.462179 -0.469089 0.313210 0.192499 0.215189 0.065027 0.749137 1.000000 0.401952 0.688287 0.462738 0.547137 -0.267195 -0.554407 0.457928 0.605563 -0.442415 -0.084239 0.251243 0.291331 -0.230326 -0.291824 0.230455 0.312289 -0.102550 -0.115086 -0.100112 -0.275004 -0.009218 0.019937 -0.257524 -0.180494 -0.257076 -0.153441 -0.245534 -0.257282 -0.381859 -0.066644 -0.261102 -0.184602 -0.511471 -0.387806 -0.377087 -0.431881 -0.354369 -0.426564 -0.596579 -0.652059 0.575011 0.220985 -0.218797 0.332896 -0.078050 0.089227 0.161931 0.280412 -0.517213 -0.214944 -0.316514 -0.190352 -0.406365 -0.281109 -0.393713 -0.258410 -0.508836 -0.504596 0.421091 0.002691 0.284807 0.215848 0.522404 0.452180 0.378399 0.070916 0.208787 0.337797 0.594575 0.451991 -0.137649 -0.087611 -0.127215 -0.227527 -0.228047 -0.212675 0.034818 -0.104432 -0.033941 -0.005232 -0.031772 0.136826 -0.027707 -0.122186 -0.088762 -0.062723 -0.022294 -0.304850 -0.306454 -0.166557 0.174509 -0.168166
-0.240183 -0.270606 0.259402 0.441923 0.748033 0.644744 -0.082329 -0.094658 0.705970 0.678797 -0.386312 -0.396261 -0.111931 -0.264737 0.024612 -0.269801 -0.299742 -0.256389 0.139295 0.127705 -0.085252 -0.232058 0.378274 0.401952 1.000000 0.464541 0.351841 0.300780 -0.356182 -0.283801 -0.188247 -0.141460 -0.197313 -0.148986 0.058386 0.148380 -0.318370 -0.396467 0.086025 -0.040037 -0.118376 -0.026709 0.062829 -0.040151 0.267388 0.218830 -0.024892 -0.008628 0.151638 0.233964 0.062017 0.044479 -0.086604 -0.038000 -0.093254 -0.023676 -0.186328 -0.137514 -0.007015 0.111918 -0.165933 -0.055798 -0.263977 -0.135378 0.131351 0.000941 0.014914 0.181159 -0.126513 0.171843 -0.116586 -0.135827 -0.380312 -0.285020 -0.231384 -0.205129 -0.368548 -0.372895 -0.217223 -0.400521 -0.214301 -0.292245 0.186856 -0.094559 -0.048374 -0.203203 0.174379 0.112549 0.272607 0.081050 0.190020 0.244404 0.209868 0.335172 0.083764 -0.035906 0.042788 0.091700 0.019387 0.114521 -0.123115 0.046546 0.014021 0.092578 -0.030581 0.053395 -0.049678 -0.021962 -0.038904 -0.185547 -0.086499 -0.055909 0.153042 -0.052751 0.083622 0.020879
-0.333867 -0.487722 0.444962 0.566448 0.480866 0.479420 0.261815 0.089301 0.427747 0.326938 -0.190306 -0.070719 0.039830 -0.117196 0.237242 0.038624 -0.474583 -0.355963 0.096582 -0.030261 0.280119 0.201120 0.661092 0.688287 0.464541 1.000000 0.582778 0.716812 -0.258421 -0.421155 0.449533 0.597974 -0.350512 -0.107958 0.328088 0.389176 -0.217630 -0.139256 0.225982 0.311900 -0.007032 0.103573 -0.114526 -0.202925 -0.043507 -0.012640 -0.301893 -0.114094 -0.228481 -0.149435 -0.180882 -0.275722 -0.328009 -0.162975 -0.216752 -0.226889 -0.489217 -0.396857 -0.225243 -0.300838 -0.140559 -0.168974 -0.528979 -0.465805 0.525961 0.354804 -0.160215 0.340561 0.033451 0.015648 0.148873 0.220120 -0.469651 -0.096876 -0.120623 0.005361 -0.262758 -0.138075 -0.343264 -0.200326 -0.418066 -0.403106 0.256114 -0.126496 0.224061 0.004859 0.456894 0.388876 0.394995 0.017892 0.008881 0.083628 0.388720 0.241915 -0.158527 -0.108582 -0.091320 -0.250134 -0.284055 -0.343506 0.009929 -0.141224 -0.014335 0.016399 0.021864 0.038942 -0.048400 0.077323 -0.045311 -0.096250 0.069989 -0.338435 -0.286075 -0.097344 0.210523 -0.122284
-0.167322 -0.302579 0.464061 0.311083 0.539449 0.448230 0.121157 -0.164913 0.382532 0.266910 -0.039425 -0.140677 0.154477 -0.281878 0.362645 0.056976 -0.382211 -0.258368 0.111508 -0.125525 0.435628 0.228356 0.672714 0.462738 0.351841 0.582778 1.000000 0.728504 -0.373798 -0.460916 0.167754 0.231282 -0.428534 -0.282876 0.161094 0.075371 -0.324802 -0.066111 0.506803 0.409890 -0.026671 0.208997 -0.230491 -0.294155 -0.088900 -0.182958 -0.294894 -0.278149 -0.043814 -0.058617 0.058800 -0.096221 -0.120922 -0.093745 -0.038974 -0.172969 -0.300486 -0.157742 -0.107725 -0.171854 -0.060472 -0.125097 -0.464429 -0.391647 0.447582 0.156593 -0.066021 0.082013 0.097426 0.057233 0.166210 0.008370 -0.515003 -0.038142 -0.213927 -0.153452 -0.327229 -0.217904 -0.277916 -0.275763 -0.375783 -0.364883 0.254942 -0.231931 0.169015 -0.154892 0.557681 0.335685 0.420022 0.146129 0.117541 0.357012 0.335371 0.483336 0.015984 -0.172480 -0.090221 -0.202400 -0.324752 -0.211961 -0.119560 -0.023039 -0.029737 -0.031437 0.006196 0.202366 -0.013547 0.069682 -0.083083 -0.243059 -0.090478 -0.268208 -0.206769 -0.105643 0.267681 -0.029279
-0.239564 -0.467333 0.380382 0.421529 0.370471 0.391696 0.041316 -0.238278 0.221125 0.067657 -0.124889 -0.199029 0.108657 -0.331213 0.286180 -0.075599 -0.403574 -0.277434 0.043576 -0.211140 0.414886 0.265788 0.680277 0.547137 0.300780 0.716812 0.728504 1.000000 -0.466032 -0.540633 0.265427 0.389396 -0.430761 -0.314502 0.176816 0.184234 -0.159951 0.017471 0.438726 0.525129 0.017893 0.110682 -0.094132 -0.186818 -0.070004 -0.048525 -0.202281 -0.072152 -0.125205 -0.102655 -0.013416 -0.132023 -0.132257 -0.120722 0.012411 -0.011633 -0.343507 -0.258688 -0.228333 -0.297327 -0.145655 -0.325770 -0.576160 -0.530219 0.436707 0.143527 -0.135483 0.309123 0.036051 0.039286 0.067244 0.156477 -0.490286 -0.078424 -0.193746 -0.135174 -0.281287 -0.136715 -0.358951 -0.194729 -0.418355 -0.359892 0.209072 -0.330145 0.206073 0.002688 0.398411 0.336781 0.505792 0.246407 0.168284 0.310603 0.314303 0.397269 -0.121659 -0.202515 0.094121 -0.202994 -0.119259 -0.141722 0.053292 -0.080577 0.042913 0.038888 0.125159 0.203419 -0.021710 0.121901 -0.107236 -0.095786 0.116466 -0.173048 -0.154815 0.020321 0.283296 -0.023963
0.344388 0.236622 -0.266917 -0.349248 -0.404525 -0.342218 0.039167 -0.020010 -0.268687 -0.305925 0.278611 0.281942 0.055310 0.211206 0.113088 0.266073 0.392402 0.274310 0.120396 0.165484 -0.065756 0.134016 -0.294801 -0.267195 -0.356182 -0.258421 -0.373798 -0.466032 1.000000 0.452031 0.264964 0.149221 0.381317 0.449750 0.164968 0.063342 0.331934 0.307149 -0.229554 -0.163922 0.350983 0.243957 -0.119610 0.012534 -0.178164 -0.127532 -0.098573 -0.065428 -0.225824 -0.232395 -0.218562 -0.272889 -0.155034 -0.181477 -0.068751 -0.244279 0.244805 0.181736 0.084850 -0.091485 0.173852 0.171319 0.368998 0.288379 -0.031983 -0.031268 -0.031088 -0.191130 0.124056 0.030090 -0.013247 0.051280 0.639683 0.373668 0.544424 0.403554 0.455413 0.402237 0.413780 0.446040 0.238817 0.298856 0.083398 0.303774 0.095292 0.055423 -0.135285 -0.002970 -0.350970 -0.229287 -0.412975 -0.521248 -0.386333 -0.539829 -0.013617 -0.012556 -0.166525 -0.077407 -0.134485 -0.261009 -0.234343 -0.328454 -0.362293 -0.235440 -0.168876 -0.264360 -0.003534 -0.141557 0.083316 0.059658 0.044343 -0.044918 -0.200141 -0.253097 -0.193422 -0.039594
0.239182 0.555971 -0.493322 -0.410489 -0.391219 -0.382543 -0.333465 -0.026210 -0.289306 -0.132896 -0.064084 0.012679 -0.162567 0.174374 -0.319202 -0.019533 0.482291 0.597779 -0.225383 0.272759 -0.154601 -0.045429 -0.606947 -0.554407 -0.283801 -0.421155 -0.460916 -0.540633 0.452031 1.000000 -0.206975 -0.248918 0.380179 0.375201 -0.008805 -0.036630 0.385776 0.239142 -0.264477 -0.207635 0.214852 0.184700 -0.005438 0.080209 -0.122105 -0.122602 0.104246 0.052807 -0.147000 -0.092518 -0.167267 -0.079742 -0.045535 -0.018091 -0.114887 -0.003255 0.442934 0.461188 0.065242 0.172342 0.082755 0.310511 0.551902 0.624525 -0.425458 -0.212039 -0.037688 -0.325225 0.075683 -0.163439 -0.211840 -0.115562 0.619695 0.288067 0.257216 0.192610 0.447128 0.366839 0.514769 0.360050 0.664195 0.680999 -0.225971 0.390462 -0.206087 0.028683 -0.342566 -0.058414 -0.422927 -0.012263 -0.208784 -0.356978 -0.454273 -0.472999 -0.050169 0.065127 -0.109659 0.139152 0.181239 0.166258 -0.045277 -0.094572 -0.049604 -0.038193 -0.043259 -0.228435 0.047107 -0.126320 0.009411 0.169052 0.128805 0.407233 0.141837 -0.014437 -0.179390 -0.060161
-0.154566 -0.373754 0.246920 0.235575 -0.054675 -0.080745 0.509115 0.174780 -0.035237 -0.247998 0.075211 0.218106 0.026934 0.118373 0.286643 0.306105 -0.283836 -0.249585 0.250462 -0.032592 0.344220 0.395789 0.393945 0.457928 -0.188247 0.449533 0.167754 0.265427 0.264964 -0.206975 1.000000 0.836089 -0.185175 0.128352 0.465923 0.323796 0.034430 0.042913 0.130491 0.290941 0.057202 0.058923 -0.154574 -0.210577 -0.340654 -0.221024 -0.274095 -0.222033 -0.513418 -0.511488 -0.347884 -0.429071 -0.400489 -0.183385 -0.248635 -0.342890 -0.354109 -0.344547 -0.208123 -0.493764 0.043614 -0.169616 -0.330920 -0.399931 0.590983 0.343488 -0.157215 0.190129 0.003316 -0.066230 0.331711 0.456470 -0.058686 0.196095 0.143604 0.238845 0.146437 0.204157 -0.206393 0.135771 -0.412690 -0.312784 0.174056 0.028075 0.360472 0.253165 0.305940 0.217125 0.167028 -0.079097 -0.266928 -0.129810 0.272452 0.054651 -0.163209 -0.228792 -0.200770 -0.301277 -0.461518 -0.470569 -0.117342 -0.298048 -0.168255 -0.217567 0.085781 -0.026554 -0.056580 -0.142342 -0.063112 0.042296 0.051681 -0.298934 -0.453888 -0.281391 -0.018291 -0.142617
-0.303117 -0.452788 0.230034 0.419242 -0.003654 -0.008895 0.524905 0.331553 0.024850 -0.103105 0.006144 0.286488 0.016191 0.132227 0.248456 0.307747 -0.301265 -0.272927 0.178474 -0.019947 0.319501 0.348497 0.447129 0.605563 -0.141460 0.597974 0.231282 0.389396 0.149221 -0.248918 0.836089 1.000000 -0.228899 0.134904 0.475811 0.369955 -0.054671 -0.004646 0.047513 0.325875 -0.062613 0.022268 -0.167517 -0.207058 -0.220630 -0.118806 -0.322643 -0.189085 -0.466160 -0.396979 -0.362537 -0.411974 -0.428314 -0.140483 -0.369258 -0.338485 -0.413365 -0.378542 -0.334963 -0.510184 -0.119183 -0.169372 -0.349401 -0.458121 0.588565 0.425164 -0.244306 0.232982 0.038457 -0.133720 0.230474 0.433961 -0.194898 0.068773 0.050184 0.210612 -0.006276 0.151188 -0.217441 0.096798 -0.371881 -0.337190 0.235474 0.096979 0.390725 0.353236 0.351380 0.342467 0.105146 -0.131927 -0.216594 -0.112201 0.349441 0.044791 -0.332429 -0.169433 -0.225649 -0.432727 -0.412211 -0.502980 -0.074298 -0.260664 -0.176163 -0.167808 0.019570 0.038987 -0.045094 -0.099308 -0.125064 -0.043258 0.010626 -0.364133 -0.508494 -0.242528 0.108141 -0.185150
0.275201 0.544913 -0.236991 -0.366237 -0.244462 -0.261106 -0.217061 -0.112578 -0.140229 -0.160218 0.149228 0.086842 -0.040504 0.137138 -0.242587 -0.119054 0.290151 0.198177 0.051426 0.080898 -0.174112 0.109507 -0.443559 -0.442415 -0.197313 -0.350512 -0.428534 -0.430761 0.381317 0.380179 -0.185175 -0.228899 1.000000 0.469634 -0.036655 0.025585 0.208945 0.041728 -0.372803 -0.245834 0.163395 0.052820 0.135926 0.214799 0.153296 0.121763 0.123037 0.140459 0.171764 0.189773 -0.014890 0.053004 -0.026292 -0.068389 0.176697 0.088845 0.221725 0.238843 0.151399 0.273549 0.125214 0.321521 0.368117 0.408015 -0.339215 -0.053623 0.302299 -0.159567 0.158006 -0.002981 -0.239034 -0.163079 0.397300 0.185984 0.267608 0.239167 0.239181 0.258339 0.326689 0.282638 0.290101 0.252389 -0.341618 -0.017824 -0.282131 -0.111385 -0.424257 -0.250627 -0.440783 -0.203157 -0.369070 -0.501011 -0.486220 -0.477034 -0.133119 0.126708 0.038156 0.077256 0.071824 0.069386 -0.101984 0.103466 0.044725 0.044058 0.103036 -0.051732 0.083745 0.023391 0.019522 0.131250 -0.008969 0.144194 0.142252 0.165999 -0.079100 0.194803
0.020755 0.260140 -0.160152 -0.050330 -0.067052 -0.213808 -0.023152 0.126586 0.057653 -0.074061 -0.030127 0.083312 -0.175046 0.017329 -0.103672 0.095050 0.054262 0.062692 0.242311 0.447541 -0.046040 0.075341 -0.249047 -0.084239 -0.148986 -0.107958 -0.282876 -0.314502 0.449750 0.375201 0.128352 0.134904 0.469634 1.000000 0.188314 0.432639 0.143311 0.029172 -0.244728 -0.017700 0.114232 0.013744 -0.310837 -0.267317 -0.206088 -0.147627 -0.220181 -0.142025 -0.404551 -0.306293 -0.481225 -0.458970 -0.390948 -0.346740 -0.222093 -0.182797 0.055445 0.263269 0.030497 0.002533 -0.014330 0.113266 0.258961 0.156828 -0.010784 0.035342 0.133293 0.140726 0.189909 0.139375 -0.104422 -0.132716 0.395386 0.106554 0.114296 0.246355 0.205905 0.340228 0.249959 0.300356 0.287043 0.300814 0.110011 0.433638 0.025911 0.167299 -0.077448 0.237432 -0.226798 -0.115172 -0.197876 -0.338749 -0.190972 -0.296754 -0.041927 -0.060696 -0.168414 0.106658 -0.240317 -0.167937 -0.251521 -0.070899 -0.087001 -0.124531 -0.083135 -0.102756 0.094013 -0.213079 -0.136449 0.184907 0.251719 0.003049 -0.142860 -0.126723 0.047743 -0.108933
-0.077625 -0.264899 0.147086 0.121939 0.098636 0.019669 0.141701 -0.015937 0.161771 0.001191 -0.058153 0.129408 0.036652 0.013614 0.076963 -0.043339 -0.222076 -0.031330 0.145404 -0.100368 0.043410 -0.009339 0.367688 0.251243 0.058386 0.328088 0.161094 0.176816 0.164968 -0.008805 0.465923 0.475811 -0.036655 0.188314 1.000000 0.576414 -0.051842 0.001716 0.008899 -0.012429 0.086619 0.010601 -0.048152 -0.032381 -0.079741 0.013055 -0.036373 -0.061439 -0.325801 -0.233228 -0.294307 -0.330865 -0.448254 -0.230254 -0.240214 -0.279692 -0.178062 -0.305604 -0.086181 -0.390509 0.061163 0.015664 -0.045702 -0.112985 0.444111 0.318564 -0.141581 0.231888 -0.084556 -0.263594 0.090541 0.293930 0.010430 0.141094 0.154814 0.260972 0.228979 0.335776 -0.091796 0.105017 -0.223801 -0.143249 0.073885 0.001281 0.379371 0.237290 0.142768 0.072628 0.077357 -0.086056 -0.421798 -0.199740 -0.104350 -0.176264 -0.127902 -0.225623 -0.143409 -0.293568 -0.400156 -0.444441 -0.364884 -0.273710 -0.277879 -0.280640 -0.052565 -0.187382 -0.095837 -0.224925 -0.103026 -0.134607 0.170810 -0.195085 -0.299363 -0.232099 0.030296 -0.215478
-0.148873 -0.269708 0.183652 0.247898 0.154452 0.118538 0.085802 0.075821 0.231376 0.145407 -0.020075 0.209830 0.048199 0.021033 0.121142 0.018933 -0.128031 -0.060119 0.173221 0.089913 -0.083508 0.027283 0.248312 0.291331 0.148380 0.389176 0.075371 0.184234 0.063342 -0.036630 0.323796 0.369955 0.025585 0.432639 0.576414 1.000000 -0.074264 -0.156052 -0.171802 0.064448 0.064305 -0.096366 -0.197860 -0.178185 -0.089845 -0.022710 -0.190797 -0.099493 -0.378792 -0.234140 -0.381070 -0.378766 -0.504136 -0.271976 -0.283177 -0.209480 -0.233155 -0.149341 -0.155607 -0.324800 -0.033427 -0.087881 -0.162360 -0.191344 0.370396 0.299088 -0.113776 0.421705 -0.038876 0.005743 -0.077152 0.060106 -0.096592 -0.045539 -0.090369 0.032740 -0.059415 0.076362 -0.067436 0.084305 -0.056248 -0.021294 0.232440 0.161153 0.285831 0.258641 0.144271 0.275095 0.007046 -0.110367 -0.168080 -0.053748 0.038173 -0.057087 -0.088712 -0.121256 -0.165512 -0.097774 -0.352382 -0.288504 -0.162029 -0.107182 -0.060826 -0.047281 -0.133475 -0.082705 0.075479 -0.084689 0.000426 -0.073680 0.249742 -0.156733 -0.217711 -0.141545 0.178646 -0.118053
