1.000000 0.118479 -0.154134 -0.356970 0.040226 -0.166924 0.100791 -0.109008 0.051828 -0.280780 0.124212 0.217409 0.084460 0.141858 0.291004 0.158737 0.256884 0.211927 0.175671 -0.101930 -0.055584 -0.209241 -0.244868 -0.351950 0.034377 -0.413015 -0.065333 -0.282935 0.403015 0.203291 -0.141895 -0.269520 0.026429 -0.098363 -0.000518 -0.452979 0.176821 0.044557 0.054784 0.018444 0.085174 0.013932 -0.068161 -0.228309 -0.174190 -0.197997 0.055380 -0.221400 -0.170642 0.244642 -0.286114 -0.078072 -0.113084 0.265982 0.160775 0.198213 0.435536 0.258002 0.041187 -0.126621 0.022040 -0.053501 -0.026308 0.305131 -0.100801 -0.315902 -0.145772 -0.431938 -0.047387 -0.271254 -0.218311 0.080031 0.094280 -0.076310 -0.253251 0.094373 -0.222533 -0.163696 0.169762 0.123244 0.533435 0.451401 0.457145 0.415321 0.084519 0.075251 0.119927 0.054979 -0.370182 -0.061620 0.204369 0.181945 0.032882 0.107251 -0.029634 -0.096703 -0.347247 -0.226099 0.214838 0.100771 -0.118346 -0.077048 0.154995 0.008438 0.171271 0.080123 0.130120 -0.143649 -0.047883 -0.344604 -0.184228 0.299711 0.218920 0.242454 0.249029 0.215978
0.118479 1.000000 -0.242203 -0.082203 -0.009266 -0.018580 -0.233175 -0.181237 -0.069377 -0.153719 -0.099699 0.168898 -0.162737 0.173271 0.087797 0.015994 0.064799 0.128688 0.065689 0.108751 0.106207 -0.192548 -0.102953 -0.161772 -0.029718 -0.103605 -0.284926 -0.038260 0.181567 -0.116136 -0.140225 -0.047881 0.021839 -0.183460 0.013846 0.051222 0.057160 0.044639 0.020725 -0.027195 -0.087868 0.216795 -0.025457 -0.116353 -0.092451 -0.208878 0.013269 0.144309 -0.214466 -0.028268 -0.162822 0.090914 -0.002028 -0.111335 0.115075 0.066746 0.200034 0.074000 0.079885 0.305130 0.028311 0.243497 0.183203 0.246637 -0.184072 -0.152312 0.035624 -0.063703 0.071597 -0.015823 0.049893 0.002749 0.082420 -0.126978 0.245305 0.023040 0.243511 -0.082200 -0.044058 0.144180 0.037078 0.074168 -0.025018 0.080346 0.023933 0.090928 0.070458 -0.216784 -0.249763 0.187294 0.109929 -0.045922 0.203998 -0.028577 -0.283959 0.037785 -0.028493 -0.052024 0.222601 -0.021175 0.400507 0.018907 0.081843 -0.103784 -0.031768 -0.159871 0.029788 0.087672 0.081102 -0.108331 0.110714 0.082358 0.054738 0.070041 -0.084141 0.037324
-0.154134 -0.242203 1.000000 0.167657 0.011154 0.271555 0.491894 0.500714 0.027041 0.122123 -0.079250 -0.200454 0.186361 -0.090767 -0.228033 -0.215760 -0.046225 -0.022736 0.079727 -0.016433 0.065965 0.099233 0.042630 0.298116 -0.125320 0.152842 0.301939 -0.102275 -0.120634 0.156828 0.318028 0.443088 -0.113438 0.179122 -0.077115 -0.079266 -0.203693 -0.015015 0.037909 -0.308749 0.029091 -0.143784 -0.251058 -0.126435 0.059308 0.121803 -0.296911 -0.080374 0.144926 0.058593 0.008297 -0.162384 0.156042 -0.087139 -0.000361 -0.142075 -0.390311 -0.290614 0.027449 0.133019 0.075682 -0.014892 -0.065362 0.015956 0.027653 0.221786 0.039617 0.191882 -0.184745 -0.047586 0.146303 0.178500 -0.208923 0.146135 -0.137229 -0.082070 0.105513 0.129941 -0.400127 -0.171167 -0.409488 -0.336522 -0.135164 0.062187 -0.225891 -0.276128 -0.099146 -0.165048 -0.098745 -0.165121 -0.139007 -0.037079 -0.110611 -0.211927 0.221628 0.115324 -0.108424 -0.085562 -0.305098 -0.228982 0.034510 0.044904 -0.034725 0.032436 -0.168562 -0.093463 -0.056029 -0.004050 0.059715 0.105996 -0.129332 -0.348651 -0.348177 -0.090861 -0.001696 -0.115014
-0.356970 -0.082203 0.167657 1.000000 -0.147844 0.060222 0.044629 0.348938 -0.129165 -0.013233 -0.237758 -0.059195 -0.191872 -0.255509 -0.117170 -0.131792 -0.103577 -0.131711 0.168213 0.332372 0.045199 0.232833 -0.020260 0.204058 -0.209077 0.040802 -0.171879 -0.088183 -0.218550 0.092415 0.388004 0.248639 0.270441 0.497813 -0.031121 0.198591 -0.191153 -0.044895 0.086057 -0.072607 -0.308426 -0.100456 -0.020418 0.037898 0.231978 -0.004969 0.019229 0.011921 -0.105847 -0.129895 0.049589 -0.071901 0.035595 -0.014210 -0.143624 -0.130905 -0.058239 0.071587 -0.378470 -0.109277 -0.235350 -0.261084 -0.159113 -0.246677 0.152152 0.209855 0.025785 0.061363 0.223834 0.141914 0.022911 -0.026542 0.031639 0.109809 0.108138 -0.062316 -0.011309 0.046212 -0.056195 -0.068035 -0.224779 -0.090346 -0.339827 -0.124762 -0.190739 0.023582 -0.116615 -0.147562 0.161006 -0.181097 -0.210756 -0.199248 -0.212720 -0.339142 0.070410 -0.010282 0.187205 -0.043528 -0.297659 -0.381579 0.038634 -0.084225 -0.152202 -0.123082 -0.009716 0.121677 -0.306879 0.211796 -0.035039 0.012745 0.003655 -0.203499 -0.165949 -0.124797 0.105076 0.105176
0.040226 -0.009266 0.011154 -0.147844 1.000000 0.237499 0.280701 -0.019889 0.427536 0.328142 -0.051755 0.107862 0.044815 0.108334 0.191199 0.226753 -0.100980 -0.156078 -0.106563 0.237235 0.281247 0.338401 -0.080362 0.107046 0.175117 0.221249 0.307361 0.263610 -0.138129 -0.246110 -0.115953 0.053795 -0.195396 -0.120298 -0.298272 0.022410 -0.269720 -0.271689 -0.518342 0.001710 -0.338553 0.157318 -0.361551 -0.339194 -0.049428 0.076093 -0.335723 0.007467 0.255700 -0.047416 0.095708 -0.110789 -0.206738 -0.071456 -0.231525 -0.322090 0.054038 -0.252231 0.216795 0.091455 0.130723 0.170417 -0.275808 -0.098032 0.103170 0.295932 -0.115650 0.277975 0.240035 0.356905 0.090414 0.387421 -0.341717 -0.213264 -0.370567 0.277364 -0.144115 -0.275465 -0.075595 -0.220778 -0.224418 -0.224078 0.112617 -0.017128 -0.093501 -0.016578 -0.199606 0.176210 0.092760 0.020287 0.266935 0.297788 -0.060155 0.147085 0.098429 -0.062975 -0.167980 0.053846 -0.141365 0.078411 -0.119512 0.138448 -0.317590 0.093851 -0.186332 0.177695 0.448403 0.049340 0.133942 0.052045 -0.093961 -0.142096 -0.230338 0.003496 0.038356 0.152545
-0.166924 -0.018580 0.271555 0.060222 0.237499 1.000000 0.120869 0.051234 0.168945 0.288870 -0.175532 -0.137003 -0.116337 -0.090951 -0.103281 0.167381 0.071544 -0.084008 -0.090933 -0.151151 0.210205 0.251556 -0.063256 0.086741 -0.001176 0.073870 0.059612 0.174009 -0.122000 -0.167737 0.048159 0.078071 -0.197996 -0.009285 -0.158124 -0.082845 -0.087644 0.002416 -0.003856 -0.113735 0.050670 -0.197308 -0.299795 -0.190788 0.055311 0.053675 -0.174741 -0.054366 0.218333 -0.044782 0.100711 -0.038983 0.170948 0.094512 -0.207048 -0.094008 -0.117777 0.022394 0.070466 0.156693 0.018081 0.122883 -0.014598 -0.043225 0.171430 0.200955 -0.141141 0.202633 -0.053886 -0.064736 -0.037081 0.000439 -0.156347 0.108194 -0.122395 -0.173660 0.097841 -0.103528 -0.123043 -0.151291 -0.134065 -0.080142 -0.075284 -0.136575 0.089713 -0.078420 -0.071354 -0.119961 0.084309 0.006362 0.008794 -0.033793 -0.106245 0.066692 0.342630 -0.033695 -0.282846 -0.325914 -0.198229 -0.046636 -0.035415 0.131243 -0.090804 0.104879 0.061193 0.158817 0.118584 0.218232 0.051735 0.125208 -0.200832 -0.134530 -0.365468 -0.094422 -0.120958 0.320599
0.100791 -0.233175 0.491894 0.044629 0.280701 0.120869 1.000000 0.534055 0.022852 0.208806 -0.029932 -0.122400 0.185961 -0.037173 -0.068581 -0.063018 0.078053 0.120158 0.037523 -0.005458 0.039582 0.008462 -0.117941 0.117319 -0.249280 -0.068083 0.139860 -0.271746 0.032387 0.209545 0.294282 0.325098 -0.002791 0.251594 -0.274035 -0.206917 -0.195447 -0.055975 -0.168319 -0.294600 -0.307810 -0.058299 -0.273038 -0.340654 0.076043 0.026177 -0.198503 -0.090828 0.062737 0.196405 -0.038271 -0.319578 -0.091827 0.049117 -0.156150 -0.156503 -0.209886 -0.214261 -0.100064 0.029127 0.099430 -0.091467 -0.147144 -0.040744 0.244560 0.155623 -0.057392 0.038096 -0.107933 -0.000841 -0.036649 -0.058086 -0.037293 0.147857 -0.173373 -0.136646 -0.152303 -0.202092 -0.212801 -0.099778 -0.295460 -0.149907 0.126605 0.321430 -0.025545 -0.102123 -0.033667 0.019730 -0.021887 -0.209050 0.141322 0.149836 0.080520 -0.155232 0.089039 -0.029750 -0.291573 -0.218452 -0.070890 -0.167427 -0.229901 0.095048 -0.187102 0.100624 -0.208030 -0.097196 -0.037093 0.087637 0.154544 -0.132953 -0.225388 0.052052 -0.058649 0.058373 -0.105959 -0.015790
-0.109008 -0.181237 0.500714 0.348938 -0.019889 0.051234 0.534055 1.000000 -0.026215 0.077614 -0.170001 0.130166 0.164762 0.121304 -0.339566 0.024710 0.112275 0.161398 0.132129 -0.046959 -0.049547 0.291748 0.105569 0.099149 -0.264060 -0.105148 0.031421 -0.328584 -0.147481 0.198927 0.210810 0.347466 0.043982 0.482118 -0.172381 0.157378 -0.165645 -0.070086 0.036634 -0.221799 -0.207928 0.042156 -0.269327 -0.302524 0.071245 0.053938 -0.227199 -0.240280 -0.084969 -0.093380 0.128334 -0.302996 -0.051114 -0.123292 -0.134878 -0.309713 -0.334662 -0.285713 -0.169659 0.023365 0.028891 -0.005616 0.009423 0.068722 0.110795 0.342555 -0.026081 0.001467 -0.126943 -0.073636 -0.184594 -0.133970 -0.002818 0.033751 -0.069007 -0.263589 0.081197 0.094086 -0.273991 -0.151532 -0.274759 -0.187413 -0.018634 0.091823 -0.087718 0.071434 0.060562 0.072664 0.039473 -0.157897 -0.127956 -0.142170 0.085771 -0.453672 -0.086546 -0.249538 -0.246961 -0.333543 -0.366521 -0.256817 -0.061231 0.018070 -0.115615 0.025246 -0.155837 -0.253589 -0.150162 -0.086161 0.056858 -0.163697 -0.323388 -0.226060 -0.152944 -0.093989 -0.113297 -0.140873
0.051828 -0.069377 0.027041 -0.129165 0.427536 0.168945 0.022852 -0.026215 1.000000 0.348008 0.379154 0.294140 0.395674 0.407405 0.344903 0.334020 -0.290295 -0.325926 -0.312312 -0.190104 0.126623 0.218183 0.219175 0.078186 0.095251 0.100305 0.402875 0.248404 -0.465414 -0.495068 -0.117048 -0.085425 -0.501058 -0.290021 -0.138216 0.202448 -0.340335 0.040252 -0.200052 0.095088 -0.241599 0.091090 -0.189650 -0.090207 -0.021783 0.136463 -0.247449 0.116035 0.430584 -0.042711 0.196148 0.182007 -0.280768 0.046260 -0.175126 -0.018039 -0.084809 -0.268908 0.311265 -0.046626 0.365497 0.397745 -0.434176 -0.109666 0.416757 0.489390 -0.278984 0.181947 -0.069143 0.061540 -0.238085 0.052976 -0.633241 -0.131325 -0.328163 -0.000118 -0.265999 -0.202640 -0.322512 -0.326404 -0.250790 -0.380660 0.122234 -0.065694 0.250891 -0.083347 0.047674 0.307771 0.395084 0.319692 0.056482 0.106440 -0.069039 0.130186 0.038089 -0.179499 -0.177143 -0.165152 -0.205380 -0.003369 -0.049878 -0.137561 0.027783 0.016186 0.189618 -0.052820 0.336739 -0.075051 -0.099519 0.004991 -0.192006 -0.159505 -0.349893 -0.050502 -0.066270 0.112533
-0.280780 -0.153719 0.122123 -0.013233 0.328142 0.288870 0.208806 0.077614 0.348008 1.000000 0.253197 0.149623 0.120133 0.195081 0.193393 0.254690 -0.079606 -0.102241 -0.286361 -0.159083 0.158789 0.128724 0.280178 0.233302 0.142044 0.346776 0.280086 0.227667 -0.363607 -0.378513 0.258461 0.394957 -0.191883 -0.033046 -0.039192 0.179944 -0.208202 -0.110284 -0.074116 -0.001934 -0.119615 -0.020950 -0.105835 0.102866 0.059873 0.110738 -0.346269 0.194854 0.161370 0.108585 0.072981 -0.079245 -0.212926 -0.027254 -0.372177 0.106233 -0.328449 -0.088561 -0.012934 -0.268015 0.142684 0.064595 -0.269742 -0.217413 0.490229 0.279212 -0.394281 0.074107 -0.040557 -0.012230 0.043386 -0.015148 -0.235120 -0.103830 0.197899 0.013773 -0.031929 -0.013676 -0.217107 -0.257761 -0.358643 -0.332030 0.063873 -0.086470 0.319666 0.021527 -0.187351 0.152821 0.438447 -0.013057 -0.057844 -0.093366 0.056431 0.007057 0.270612 -0.021765 -0.078987 -0.027053 -0.270608 0.080027 -0.059265 -0.069260 -0.232072 0.118478 0.123196 -0.088149 0.134132 0.138675 0.100027 0.129437 0.082723 -0.008746 -0.361261 -0.037227 -0.042642 -0.025912
0.124212 -0.099699 -0.079250 -0.237758 -0.051755 -0.175532 -0.029932 -0.170001 0.379154 0.253197 1.000000 0.426669 0.600842 0.453669 0.444148 0.117538 -0.108852 0.010920 -0.449008 -0.340395 -0.144412 -0.023413 0.329752 0.140212 0.234347 0.149994 0.254431 0.129852 -0.064384 -0.240365 0.052025 0.145444 -0.204076 -0.160405 0.132642 0.217812 -0.131455 0.191613 0.088628 -0.009106 -0.060404 0.162953 -0.078555 -0.010901 -0.103892 -0.101208 -0.141321 0.182180 0.279391 0.019174 -0.241754 0.014551 -0.287445 -0.007256 -0.184160 0.088459 -0.091470 -0.129782 0.213817 -0.314831 0.483806 0.275436 -0.140746 -0.021381 0.486364 0.262954 -0.361056 -0.029963 -0.241579 -0.231273 -0.179372 -0.201436 -0.283507 -0.196414 0.029921 0.116834 -0.196267 0.035274 -0.153261 -0.051839 -0.139071 -0.032999 0.233225 0.135553 0.292874 0.138065 -0.156426 0.369789 0.352166 0.291589 -0.093428 -0.143849 -0.018077 0.110462 0.007036 -0.025948 -0.104429 0.053497 -0.018478 0.080345 -0.071606 -0.302222 0.224162 -0.044960 -0.010600 -0.262145 0.106780 0.034820 -0.062753 0.012344 0.217591 0.026203 -0.019026 0.085027 -0.148639 -0.126520
0.217409 0.168898 -0.200454 -0.059195 0.107862 -0.137003 -0.122400 0.130166 0.294140 0.149623 0.426669 1.000000 0.306568 0.526471 0.364957 0.217453 -0.082026 0.034066 -0.318924 -0.272781 -0.069203 0.065702 0.064747 -0.045865 0.112513 -0.022673 0.158723 0.073958 0.040978 -0.113938 -0.135212 0.155896 -0.089790 0.002470 0.187033 0.254252 -0.186302 0.007167 -0.059673 0.040777 -0.204142 0.366702 -0.072205 -0.092268 -0.199718 -0.198400 -0.187080 -0.085997 -0.115470 -0.094947 -0.060238 -0.065347 -0.170108 -0.095141 -0.059515 -0.036882 0.178729 0.058602 0.192711 -0.213721 0.328367 0.236095 -0.099773 0.134160 0.108961 0.197622 -0.274923 -0.193780 -0.091024 -0.233291 -0.272433 -0.039380 -0.142841 -0.305169 0.154352 0.211854 0.065276 -0.036219 -0.166624 -0.143772 0.001616 0.100922 0.225374 0.219031 0.270731 0.311466 0.013871 0.282895 0.215591 0.105178 -0.157183 -0.299108 0.176332 -0.259110 0.001736 -0.230363 -0.132122 -0.131281 -0.217948 0.021764 0.062603 -0.292654 0.156736 -0.062133 -0.127148 -0.215606 0.006612 0.027189 0.063781 -0.232747 0.072373 -0.049573 -0.070406 0.017718 -0.061369 0.056040
0.084460 -0.162737 0.186361 -0.191872 0.044815 -0.116337 0.185961 0.164762 0.395674 0.120133 0.600842 0.306568 1.000000 0.512146 0.319423 0.199601 0.028451 0.115892 -0.335871 -0.333002 -0.232232 -0.026755 0.189003 0.020988 0.184867 0.103129 0.272677 0.109885 0.016899 -0.011431 -0.075731 0.025094 -0.319815 -0.012087 -0.145121 0.177085 -0.134572 0.130235 -0.054442 -0.155090 -0.026294 0.056584 -0.154583 -0.183007 -0.162582 -0.152203 -0.224744 -0.162798 0.249224 -0.275509 -0.056787 0.002453 0.031031 -0.223863 -0.117872 -0.149202 -0.245295 -0.345019 0.355275 -0.051158 0.657970 0.500236 0.061612 0.169107 0.268587 0.376974 -0.157633 0.015538 -0.218038 -0.201635 -0.215461 -0.162639 -0.105420 -0.260118 -0.130312 0.052563 0.036329 0.051644 -0.091539 0.034037 -0.095242 -0.055597 0.143764 0.200431 0.078810 0.041954 -0.065841 0.293849 0.178757 0.298804 -0.283643 -0.290865 0.073941 -0.174269 -0.052283 -0.144080 -0.232940 -0.144329 -0.174871 -0.127469 -0.153340 -0.152793 -0.003428 0.063102 -0.218179 -0.418996 -0.030240 -0.111862 0.007845 -0.014041 -0.110301 -0.247536 -0.176415 -0.188566 -0.110883 -0.270325
0.141858 0.173271 -0.090767 -0.255509 0.108334 -0.090951 -0.037173 0.121304 0.407405 0.195081 0.453669 0.526471 0.512146 1.000000 0.260585 0.208865 -0.026256 0.226004 -0.346193 -0.261228 -0.019180 0.032111 0.059959 -0.132049 0.057131 -0.163128 0.099377 -0.071510 -0.103968 -0.128164 -0.229427 -0.086270 -0.343431 0.058959 0.034752 0.245861 -0.185494 -0.083357 -0.152546 0.083038 -0.071881 0.172258 -0.165145 -0.116511 -0.205616 -0.082886 -0.108036 0.128453 0.007670 -0.122177 -0.289924 -0.142270 -0.131281 0.024737 -0.011185 -0.093241 -0.040023 -0.358272 0.189776 -0.023406 0.452416 0.536691 0.010733 0.210312 0.110556 0.352749 -0.206275 -0.026845 -0.277370 -0.086969 -0.084121 -0.039309 -0.148354 -0.116308 0.045337 0.091840 0.064979 0.063212 -0.168041 -0.052339 -0.033574 -0.051207 0.344758 0.157202 0.010039 0.189424 0.038955 0.351523 0.048908 0.294496 -0.032296 -0.128204 0.324891 -0.132112 -0.244173 -0.346105 -0.321969 -0.215396 -0.153626 -0.020985 0.189080 -0.101307 0.043489 -0.052813 -0.094821 -0.331704 0.188666 0.108362 0.062303 -0.231364 -0.006258 -0.158816 -0.181503 -0.018979 -0.146283 -0.095105
0.291004 0.087797 -0.228033 -0.117170 0.191199 -0.103281 -0.068581 -0.339566 0.344903 0.193393 0.444148 0.364957 0.319423 0.260585 1.000000 0.224271 -0.029310 -0.072582 -0.249985 -0.041847 0.000052 -0.208210 0.057620 -0.066146 0.172582 0.029518 0.185665 0.141233 0.278372 -0.039513 0.103744 0.078712 -0.274683 -0.234917 -0.108034 -0.112546 0.007976 0.026277 -0.063399 0.007129 -0.062225 0.280685 0.049551 0.094455 0.028462 -0.187099 0.056322 0.026869 -0.021060 0.221127 -0.307860 -0.026467 -0.211918 0.027545 -0.181589 0.145618 0.151049 0.080245 0.066233 -0.273968 0.175375 0.086950 -0.221488 -0.127798 0.116254 -0.176722 -0.396405 -0.257886 0.161489 -0.116379 -0.076725 0.270341 -0.009617 0.069619 0.005624 0.356241 0.051095 -0.082523 0.164450 0.012465 0.234666 0.102677 0.512640 0.413911 0.261913 -0.082182 0.145808 0.122982 0.138643 0.043653 0.068092 -0.068291 0.001247 0.075645 0.137856 0.092757 -0.151516 0.141971 0.126911 0.135965 -0.096676 -0.308933 -0.100750 0.019713 0.207119 -0.092311 0.145796 0.084828 -0.074086 -0.131580 0.083725 0.004800 -0.221321 0.191597 0.035527 -0.002981
0.158737 0.015994 -0.215760 -0.131792 0.226753 0.167381 -0.063018 0.024710 0.334020 0.254690 0.117538 0.217453 0.199601 0.208865 0.224271 1.000000 0.021628 -0.004627 -0.282730 -0.322315 -0.146556 -0.003576 0.185544 -0.000204 0.127676 0.030554 0.196877 0.355560 -0.199450 -0.216561 -0.106261 -0.018249 -0.185909 -0.123899 0.034653 -0.008541 0.074731 0.079751 0.052948 0.221126 -0.062268 0.167602 -0.137146 -0.068505 -0.333877 -0.068555 -0.154367 -0.195292 0.131523 0.019772 0.218969 -0.029664 -0.102024 0.117920 -0.145526 -0.109905 0.044626 -0.181367 0.232345 -0.164867 0.183168 0.175774 -0.184691 -0.066237 0.143287 0.197766 -0.215239 -0.082544 -0.195940 -0.111661 -0.115795 0.008551 -0.113732 -0.250938 -0.228907 0.157816 -0.155571 -0.157446 -0.052140 -0.125183 0.025536 -0.016036 0.229373 -0.147228 0.219170 0.210463 0.030875 0.201663 0.114968 0.186056 -0.043994 -0.023886 0.133821 0.158731 0.088773 -0.256289 -0.302811 -0.234008 -0.177676 0.029711 -0.184776 0.067139 0.030204 0.256179 0.120591 -0.136450 0.126789 -0.032670 0.125614 -0.006585 -0.217781 -0.046553 -0.163443 0.046109 -0.009892 0.156429
0.256884 0.064799 -0.046225 -0.103577 -0.100980 0.071544 0.078053 0.112275 -0.290295 -0.079606 -0.108852 -0.082026 0.028451 -0.026256 -0.029310 0.021628 1.000000 0.374844 0.136479 -0.112331 -0.333924 -0.087629 -0.130425 -0.360159 0.031109 -0.414766 -0.397002 -0.276505 0.292223 0.263574 -0.286901 -0.322366 0.064763 0.053543 -0.010602 -0.230175 0.358295 -0.114024 0.254285 -0.088744 0.425414 -0.146281 0.011703 -0.183131 -0.102347 -0.408716 0.167544 -0.245068 -0.249545 -0.078788 -0.217046 -0.041979 0.256684 0.060768 0.162841 -0.011021 0.095456 0.315882 -0.034781 -0.048961 -0.080438 -0.001195 0.299305 0.272648 -0.097798 -0.252291 0.025041 -0.363051 -0.007893 -0.109545 -0.072741 -0.072499 0.437600 -0.129375 0.187754 -0.110615 0.159607 0.030507 0.333025 0.115127 0.417022 0.459833 0.062335 0.151174 0.150957 0.214543 -0.053238 -0.187695 -0.251975 0.192404 -0.111814 -0.159384 -0.006286 -0.101776 -0.170639 -0.112894 -0.171686 -0.109059 0.051106 -0.046444 -0.179567 -0.004471 -0.095346 0.203763 0.026562 -0.059921 -0.320182 -0.219116 0.219744 -0.170196 -0.218610 0.157862 0.095592 -0.124720 -0.028010 -0.053106
0.211927 0.128688 -0.022736 -0.131711 -0.156078 -0.084008 0.120158 0.161398 -0.325926 -0.102241 0.010920 0.034066 0.115892 0.226004 -0.072582 -0.004627 0.374844 1.000000 -0.057891 -0.055541 -0.143804 -0.195675 -0.195461 -0.294770 -0.098991 -0.411423 -0.199726 -0.514637 0.462769 0.461491 -0.196391 -0.165920 0.337956 0.290330 -0.100844 -0.253542 0.270689 -0.025075 0.237550 -0.307548 0.174420 -0.058636 -0.097658 -0.249114 -0.141676 -0.441997 0.215006 -0.155773 -0.277261 0.032867 -0.357528 -0.195773 0.299291 0.100540 0.160430 -0.106582 0.202486 0.150192 -0.108360 -0.055800 0.005527 0.052603 0.465130 0.431790 -0.280668 -0.200268 -0.042433 -0.373778 -0.118283 0.141625 -0.174865 -0.137597 0.488471 0.056701 0.293040 -0.131983 0.336778 0.180654 0.220928 0.365804 0.294911 0.493154 0.122030 0.158410 -0.152135 -0.067894 -0.238299 -0.207686 -0.324832 -0.075098 0.011659 -0.137865 0.012537 -0.223878 -0.109611 -0.210952 -0.337408 -0.112311 0.002288 -0.233706 -0.035858 -0.157986 -0.079438 0.062062 -0.056682 -0.123667 -0.351002 0.023322 0.092583 -0.201284 -0.177978 0.029886 0.091278 0.134584 0.177028 -0.117415
0.175671 0.065689 0.079727 0.168213 -0.106563 -0.090933 0.037523 0.132129 -0.312312 -0.286361 -0.449008 -0.318924 -0.335871 -0.346193 -0.249985 -0.282730 0.136479 -0.057891 1.000000 0.496269 0.009063 -0.227972 -0.291992 -0.252907 -0.213957 -0.254510 -0.278295 -0.341578 0.259439 0.296095 0.095558 -0.189879 0.307373 0.276430 -0.167517 -0.241271 0.189080 -0.092756 0.015886 -0.206851 0.016691 -0.101333 0.018565 -0.044864 0.134983 0.020315 0.084193 0.051793 -0.510588 0.162510 0.001974 -0.000616 0.094656 0.139479 0.090172 0.128627 0.087615 0.165320 -0.330600 0.212452 -0.435988 -0.427944 0.060545 0.117969 -0.487001 -0.444698 0.311010 -0.141315 0.529405 0.126829 0.159586 0.068189 0.229922 0.033250 -0.099761 -0.071797 -0.074782 -0.151315 0.217781 -0.005587 0.314646 0.284818 -0.030361 0.207711 -0.347080 -0.190599 0.243759 -0.336153 -0.424563 -0.346027 0.121663 0.276671 -0.096682 -0.135672 -0.249500 0.112100 0.015245 0.039193 0.133363 0.203197 0.050182 -0.071356 -0.071265 0.032269 0.039430 0.196711 -0.114293 -0.101651 -0.138995 -0.021177 -0.003917 0.047093 0.186914 0.137407 0.156683 -0.010643
-0.101930 0.108751 -0.016433 0.332372 0.237235 -0.151151 -0.005458 -0.046959 -0.190104 -0.159083 -0.340395 -0.272781 -0.333002 -0.261228 -0.041847 -0.322315 -0.112331 -0.055541 0.496269 1.000000 0.093641 -0.080324 -0.248578 0.168249 -0.004879 -0.036538 -0.229832 -0.165607 0.113221 0.111252 0.010659 0.055184 0.341616 0.377081 -0.202357 -0.132709 -0.132402 -0.160532 -0.270845 -0.214452 -0.339919 0.065125 -0.184006 -0.215093 0.066480 -0.010995 0.028266 0.096949 -0.335576 -0.025378 -0.224266 -0.193391 -0.067849 -0.030817 0.065877 -0.086875 0.083705 -0.032543 -0.299675 0.129844 -0.414351 -0.257901 -0.116887 -0.121747 -0.352379 -0.128273 0.211652 0.176998 0.529639 0.633560 0.336804 0.340282 0.128208 0.008684 -0.069229 0.053707 -0.038363 -0.000011 0.068107 0.017772 -0.034824 0.063319 -0.037584 0.079824 -0.373795 -0.146886 -0.041539 -0.135250 -0.205187 -0.221510 0.174333 0.400465 -0.079270 -0.117635 -0.208343 0.134618 0.133284 0.296767 -0.045511 -0.052769 0.005681 -0.074840 -0.105174 -0.097022 -0.161591 0.491157 -0.023328 0.065524 -0.167144 0.047605 0.074957 -0.049203 0.094408 0.235387 0.140131 0.009459
-0.055584 0.106207 0.065965 0.045199 0.281247 0.210205 0.039582 -0.049547 0.126623 0.158789 -0.144412 -0.069203 -0.232232 -0.019180 0.000052 -0.146556 -0.333924 -0.143804 0.009063 0.093641 1.000000 0.271534 0.035784 0.029173 0.009062 0.329758 0.064302 0.079389 -0.281538 -0.141378 0.171609 0.252267 -0.029506 -0.019683 -0.161230 0.016405 -0.163790 -0.001950 -0.313756 0.195101 -0.150450 0.144974 -0.102517 0.037613 0.110618 0.360410 -0.264084 0.171448 0.153721 0.030352 0.126008 -0.103996 -0.222936 -0.113198 -0.297949 0.035089 0.050137 -0.082593 0.143574 0.257568 0.059945 0.029337 -0.245682 -0.089047 -0.010866 0.072193 0.088333 0.308708 -0.002965 0.085719 0.027373 0.123925 -0.351996 0.040070 -0.028809 0.147234 0.060437 0.043334 -0.214863 0.010467 -0.271830 -0.245471 -0.059480 -0.016204 -0.206092 -0.251087 -0.239423 0.099601 0.010764 -0.053669 0.206916 0.158045 0.055311 0.231647 0.125936 0.141039 0.203618 0.023894 0.013911 0.045636 0.123887 0.160584 -0.278375 -0.106423 0.146611 0.083623 0.214571 0.343096 -0.135670 0.094604 0.187365 -0.136390 -0.172755 -0.002500 0.041026 -0.081945
-0.209241 -0.192548 0.099233 0.232833 0.338401 0.251556 0.008462 0.291748 0.218183 0.128724 -0.023413 0.065702 -0.026755 0.032111 -0.208210 -0.003576 -0.087629 -0.195675 -0.227972 -0.080324 0.271534 1.000000 0.234865 0.313644 0.167692 0.354435 0.161047 0.246756 -0.374877 -0.348360 0.059651 0.192004 -0.085615 0.011959 -0.073386 0.191139 -0.226103 -0.222118 -0.122327 0.276400 -0.071590 -0.037585 -0.002430 -0.055711 0.070167 0.269964 -0.260087 0.013668 0.376210 -0.183410 0.249467 -0.053109 -0.259585 -0.139445 -0.236505 -0.284641 -0.134352 -0.211964 0.060723 -0.063764 0.037633 0.144138 -0.185711 -0.101746 0.414027 0.406740 -0.049721 0.221536 -0.120096 -0.043092 -0.115432 -0.023728 -0.330965 -0.126263 -0.268804 -0.120998 -0.080210 0.128674 -0.180206 -0.248861 -0.356718 -0.368149 -0.153358 -0.310191 0.023064 0.081947 -0.149840 0.173402 0.318624 0.091049 0.008354 -0.150793 0.005135 0.003296 0.229843 -0.058975 0.037107 -0.060735 -0.167885 -0.206005 -0.033648 0.125488 -0.087045 -0.059492 0.020693 -0.009310 0.130306 -0.073354 -0.015824 0.078752 0.017584 -0.344596 -0.126723 -0.230322 -0.136366 0.008996
-0.244868 -0.102953 0.042630 -0.020260 -0.080362 -0.063256 -0.117941 0.105569 0.219175 0.280178 0.329752 0.064747 0.189003 0.059959 0.057620 0.185544 -0.130425 -0.195461 -0.291992 -0.248578 0.035784 0.234865 1.000000 0.435217 0.212102 0.389458 0.137209 0.316859 -0.365876 -0.293603 0.013443 0.307337 -0.148583 -0.231848 0.308489 0.272570 0.037363 0.230524 0.347809 0.130975 0.002173 0.225342 0.092562 0.168526 -0.009872 0.212995 -0.136627 0.193931 0.270642 0.040882 0.211348 0.084865 -0.144319 -0.274908 -0.014874 0.226544 -0.404660 -0.145614 -0.055043 -0.422776 0.077076 -0.046382 -0.189496 -0.266113 0.360502 0.219117 -0.404164 0.095221 -0.156804 -0.163163 0.021453 -0.034155 -0.152486 -0.093164 0.006315 -0.265877 0.033840 0.211553 -0.449500 -0.100452 -0.341940 -0.405147 -0.060145 -0.296741 0.283571 0.003165 0.083536 0.159158 0.389476 0.164979 0.037474 0.003157 0.062585 0.148986 -0.086022 0.122527 0.228489 -0.060413 0.052152 0.178577 -0.089125 -0.108646 -0.079866 0.211229 0.135199 -0.213479 0.041266 -0.261324 -0.134227 0.011939 0.242395 -0.119798 -0.122592 -0.273100 -0.252451 -0.231820
-0.351950 -0.161772 0.298116 0.204058 0.107046 0.086741 0.117319 0.099149 0.078186 0.233302 0.140212 -0.045865 0.020988 -0.132049 -0.066146 -0.000204 -0.360159 -0.294770 -0.252907 0.168249 0.029173 0.313644 0.435217 1.000000 0.272777 0.474840 0.421089 0.405734 -0.339950 -0.262174 0.230039 0.538038 -0.144032 -0.070684 0.291508 0.000624 -0.272082 0.155255 0.084077 -0.074752 -0.234240 -0.036226 -0.031868 -0.025942 -0.133639 0.200925 -0.272233 -0.021647 0.249043 -0.002365 0.207598 -0.187468 -0.251805 -0.216366 -0.039594 -0.182423 -0.374424 -0.382757 -0.031920 -0.165579 -0.121834 -0.077483 -0.386906 -0.378923 0.346601 0.341074 -0.026667 0.350239 -0.143746 0.124372 0.309738 0.104557 -0.175906 -0.174146 -0.155530 -0.173612 0.074838 0.314975 -0.475229 -0.088415 -0.600925 -0.483224 -0.095042 -0.196746 0.106839 -0.010330 -0.077478 -0.003939 0.219967 -0.109652 -0.000959 0.110927 0.087200 0.147385 0.108853 0.025150 -0.008993 -0.116038 -0.280997 -0.112750 -0.168483 0.036127 0.079470 -0.067865 -0.169538 0.166011 -0.030812 -0.043822 -0.106119 0.027000 0.040583 -0.219731 -0.208297 -0.130103 -0.077179 0.052788
0.034377 -0.029718 -0.125320 -0.209077 0.175117 -0.001176 -0.249280 -0.264060 0.095251 0.142044 0.234347 0.112513 0.184867 0.057131 0.172582 0.127676 0.031109 -0.098991 -0.213957 -0.004879 0.009062 0.167692 0.212102 0.272777 1.000000 0.243211 0.276201 0.369942 -0.078350 -0.295369 -0.193424 0.093660 -0.188978 -0.214900 0.167381 -0.062022 -0.224007 -0.116305 0.018391 0.135164 0.031037 0.021950 0.087285 0.047364 -0.207280 0.019943 -0.197856 -0.078752 0.170802 -0.080647 0.096205 -0.028838 -0.165124 -0.099877 -0.073152 -0.123927 0.135197 0.006899 0.126384 -0.164141 0.078185 0.066532 0.089919 -0.049787 0.176386 0.031672 -0.093370 0.038437 -0.022927 0.132318 0.076141 0.118347 -0.038307 -0.433838 -0.198023 0.060146 -0.210625 -0.063656 0.111831 -0.091070 -0.057606 -0.017462 -0.103126 -0.215482 0.172130 0.226325 -0.100737 0.057288 0.221444 0.170200 -0.071554 0.103491 0.113821 0.162069 0.116676 0.034754 -0.078994 0.177190 -0.053738 0.135083 -0.130116 0.033361 -0.033736 0.016567 -0.020735 0.114852 0.066982 -0.109099 -0.014817 -0.003903 -0.014109 -0.260796 0.068308 0.013952 -0.096865 0.008954
-0.413015 -0.103605 0.152842 0.040802 0.221249 0.073870 -0.068083 -0.105148 0.100305 0.346776 0.149994 -0.022673 0.103129 -0.163128 0.029518 0.030554 -0.414766 -0.411423 -0.254510 -0.036538 0.329758 0.354435 0.389458 0.474840 0.243211 1.000000 0.340574 0.563664 -0.333311 -0.305996 0.153336 0.510404 0.013034 -0.174511 0.134505 0.292161 -0.003397 -0.049555 -0.083647 0.164639 -0.029229 -0.004238 0.060533 0.169061 -0.042478 0.258013 -0.403990 0.013687 0.258469 -0.114303 0.293000 0.084983 -0.186854 -0.368664 -0.244010 -0.032327 -0.412882 -0.298421 0.138177 -0.071787 0.140222 0.107743 -0.255513 -0.340765 0.283110 0.299939 0.036009 0.376447 -0.017662 -0.190555 0.156673 0.129452 -0.291290 -0.136635 0.112881 0.082936 0.117317 0.126049 -0.278136 -0.118603 -0.444565 -0.434191 -0.224213 -0.257205 0.168867 0.040384 -0.221068 0.121019 0.309899 0.065830 -0.257841 -0.236780 -0.057023 0.118157 0.333181 0.250082 0.352928 0.155747 -0.158426 0.039645 -0.077478 0.046647 -0.141721 0.015448 -0.201540 -0.177392 0.149945 -0.058292 -0.017916 0.334105 0.215565 -0.172810 -0.127628 -0.169738 -0.032452 -0.341208
-0.065333 -0.284926 0.301939 -0.171879 0.307361 0.059612 0.139860 0.031421 0.402875 0.280086 0.254431 0.158723 0.272677 0.099377 0.185665 0.196877 -0.397002 -0.199726 -0.278295 -0.229832 0.064302 0.161047 0.137209 0.421089 0.276201 0.340574 1.000000 0.419069 -0.200315 -0.123525 0.123624 0.222986 -0.391630 -0.267568 0.026111 0.081065 -0.164747 0.206546 0.018759 -0.046986 -0.072772 -0.026719 0.020298 0.131757 -0.124081 0.161102 -0.187915 -0.084719 0.293528 0.087123 0.220226 0.024087 -0.314178 0.017049 -0.143634 -0.089620 -0.112979 -0.313235 0.104142 -0.233941 0.073649 -0.009240 -0.399161 -0.234333 0.285434 0.236118 -0.136467 0.097746 -0.120196 0.024534 -0.067292 0.183761 -0.376149 -0.067401 -0.245966 0.139712 -0.034134 0.037982 -0.110210 -0.232081 -0.237171 -0.355483 0.060219 -0.125680 0.136367 -0.138729 -0.079966 -0.030040 0.290914 -0.146806 -0.025757 0.014726 -0.146187 0.060978 0.339190 -0.023089 -0.183717 -0.140799 -0.174123 0.076245 -0.211693 -0.091836 0.056382 0.038522 -0.068904 -0.114460 0.231601 -0.072429 0.049713 0.069486 -0.224990 -0.217694 -0.229134 -0.047654 0.205106 0.095468
-0.282935 -0.038260 -0.102275 -0.088183 0.263610 0.174009 -0.271746 -0.328584 0.248404 0.227667 0.129852 0.073958 0.109885 -0.071510 0.141233 0.355560 -0.276505 -0.514637 -0.341578 -0.165607 0.079389 0.246756 0.316859 0.405734 0.369942 0.563664 0.419069 1.000000 -0.378442 -0.555658 -0.146597 0.111103 -0.382112 -0.459491 0.173938 0.232794 -0.206974 0.131801 -0.122360 0.413944 -0.108928 0.071749 0.046923 0.277223 -0.127527 0.347120 -0.334482 0.011641 0.339469 -0.211137 0.351117 0.071122 -0.276244 -0.405958 -0.203692 -0.031029 -0.175904 -0.203532 0.358053 -0.071710 0.154658 0.107388 -0.306843 -0.431306 0.332304 0.318044 -0.038819 0.426729 0.029472 -0.101803 0.119193 0.021106 -0.329655 -0.375926 -0.191811 0.176839 -0.019473 -0.033309 -0.172019 -0.240602 -0.324015 -0.437126 -0.157238 -0.396796 0.235681 0.098363 -0.042607 0.200671 0.415255 0.236974 -0.076516 -0.037298 0.086660 0.356351 0.328261 0.173750 0.267736 0.061797 -0.063274 0.229556 -0.066399 0.279853 0.004094 0.102757 0.026460 -0.037001 0.195292 0.038896 0.087765 0.273825 0.210815 -0.201595 -0.128438 -0.324562 -0.129541 0.047651
0.403015 0.181567 -0.120634 -0.218550 -0.138129 -0.122000 0.032387 -0.147481 -0.465414 -0.363607 -0.064384 0.040978 0.016899 -0.103968 0.278372 -0.199450 0.292223 0.462769 0.259439 0.113221 -0.281538 -0.374877 -0.365876 -0.339950 -0.078350 -0.333311 -0.200315 -0.378442 1.000000 0.526901 -0.051486 -0.212432 0.323866 0.094397 -0.102043 -0.396833 0.347083 0.132811 0.110057 -0.307443 0.225259 0.111931 0.166496 -0.101650 0.028656 -0.469060 0.424641 -0.131136 -0.439619 0.231978 -0.406778 0.066726 0.256806 0.164269 0.275936 0.100888 0.430077 0.365085 -0.215286 -0.029490 -0.199431 -0.198666 0.384665 0.334736 -0.463856 -0.615707 -0.052352 -0.567321 0.146918 -0.124298 -0.018616 0.139032 0.581818 0.158558 0.143245 0.073549 0.281747 -0.034953 0.418697 0.409228 0.568812 0.639319 0.263615 0.508523 -0.123114 -0.046299 0.108080 -0.324185 -0.475779 -0.285815 0.093698 -0.065555 0.015528 -0.180010 -0.096083 0.168038 -0.217139 0.034051 0.383439 0.087838 -0.092914 -0.271128 0.047366 -0.077502 -0.062898 -0.008870 -0.298246 -0.089637 -0.066260 -0.248992 0.012262 0.130575 0.196517 0.261459 0.117888 0.077463
0.203291 -0.116136 0.156828 0.092415 -0.246110 -0.167737 0.209545 0.198927 -0.495068 -0.378513 -0.240365 -0.113938 -0.011431 -0.128164 -0.039513 -0.216561 0.263574 0.461491 0.296095 0.111252 -0.141378 -0.348360 -0.293603 -0.262174 -0.295369 -0.305996 -0.123525 -0.555658 0.526901 1.000000 0.163191 -0.034076 0.396827 0.436619 -0.018749 -0.331801 0.502152 0.098385 0.175825 -0.314487 0.336114 -0.064861 0.053703 -0.149045 -0.124358 -0.426855 0.365820 -0.293939 -0.470967 0.139179 -0.265299 -0.130620 0.336571 0.181404 0.245981 0.030635 0.107578 0.240374 -0.344034 -0.048933 -0.267547 -0.287405 0.245990 0.255567 -0.581185 -0.420800 0.065388 -0.481175 0.063449 0.038221 -0.024432 0.076750 0.643661 0.317787 0.189678 0.046663 0.284029 0.096291 0.297941 0.287476 0.463100 0.516203 0.161528 0.407540 -0.276004 -0.049027 -0.004448 -0.264581 -0.512737 -0.370509 -0.014126 -0.160878 -0.101548 -0.272725 -0.075936 -0.223248 -0.141090 -0.015222 0.043449 -0.303927 -0.257946 -0.248172 -0.061221 0.108704 -0.207477 0.004701 -0.281006 -0.051805 0.112884 -0.103922 -0.261968 0.065911 0.050147 0.156081 0.272920 -0.120470
-0.141895 -0.140225 0.318028 0.388004 -0.115953 0.048159 0.294282 0.210810 -0.117048 0.258461 0.052025 -0.135212 -0.075731 -0.229427 0.103744 -0.106261 -0.286901 -0.196391 0.095558 0.010659 0.171609 0.059651 0.013443 0.230039 -0.193424 0.153336 0.123624 -0.146597 -0.051486 0.163191 1.000000 0.559634 0.031526 0.247546 -0.119530 -0.063006 -0.047037 0.079329 0.031478 -0.170759 -0.108449 -0.018530 -0.012388 0.063086 0.136026 0.002633 -0.109335 0.066317 0.026979 0.231563 -0.084675 -0.110037 -0.178830 0.059232 -0.337553 -0.006214 -0.209860 0.048108 -0.238951 -0.057329 -0.092391 -0.187621 -0.198943 -0.163098 0.169058 -0.061097 -0.153299 -0.061630 -0.065252 -0.100029 0.089746 -0.088604 0.011837 0.277423 0.074136 0.036595 -0.052816 0.024580 -0.107079 -0.080005 -0.215476 -0.183026 0.080962 0.196904 -0.010827 -0.071313 0.100682 -0.104717 0.143921 -0.279527 0.079605 -0.093515 -0.038154 -0.064324 0.225382 0.118156 -0.037145 0.115707 -0.044783 -0.259763 -0.046793 -0.063385 -0.134107 -0.205196 0.022570 0.021284 0.082792 0.205086 -0.070828 0.061020 0.068739 -0.057318 -0.278568 0.022100 0.134212 0.158918
-0.269520 -0.047881 0.443088 0.248639 0.053795 0.078071 0.325098 0.347466 -0.085425 0.394957 0.145444 0.155896 0.025094 -0.086270 0.078712 -0.018249 -0.322366 -0.165920 -0.189879 0.055184 0.252267 0.192004 0.307337 0.538038 0.093660 0.510404 0.222986 0.111103 -0.212432 -0.034076 0.559634 1.000000 0.090980 0.226957 0.127041 0.137940 -0.170195 -0.114848 0.011014 -0.063888 -0.246852 0.205504 -0.200002 -0.037322 0.022685 0.127195 -0.390513 -0.023839 0.056111 0.096088 -0.108100 -0.364237 -0.293214 -0.295191 -0.377126 -0.135906 -0.330008 -0.125740 -0.115545 -0.089858 -0.011765 -0.083573 -0.272696 -0.248257 0.226420 0.162807 -0.173723 0.176645 -0.113666 -0.096565 0.142296 0.015263 -0.097607 0.063148 0.135121 0.140672 0.165284 0.226862 -0.397658 -0.108677 -0.515893 -0.384352 0.100384 0.156620 0.120076 -0.034114 0.023226 0.172179 0.218732 -0.137549 -0.085312 -0.142447 0.111812 -0.132404 0.262415 0.088114 0.048695 0.103231 -0.284182 -0.143856 0.001069 0.006271 -0.090481 -0.059350 -0.238488 -0.063577 0.069144 0.187380 0.007661 0.050979 0.174997 -0.180723 -0.115870 0.078597 -0.096297 -0.150987
0.026429 0.021839 -0.113438 0.270441 -0.195396 -0.197996 -0.002791 0.043982 -0.501058 -0.191883 -0.204076 -0.089790 -0.319815 -0.343431 -0.274683 -0.185909 0.064763 0.337956 0.307373 0.341616 -0.029506 -0.085615 -0.148583 -0.144032 -0.188978 0.013034 -0.391630 -0.382112 0.323866 0.396827 0.031526 0.090980 1.000000 0.511496 0.023075 -0.144578 0.365883 -0.088617 0.176405 -0.019378 0.036966 0.154981 0.078152 -0.169725 -0.088738 -0.375822 0.186417 -0.087140 -0.339161 0.038212 -0.115077 -0.043572 0.237658 0.074477 0.026952 0.042069 0.152903 0.360219 -0.320893 -0.043858 -0.233454 -0.308503 0.162511 0.266155 -0.341677 -0.332378 0.178329 -0.351076 0.242804 0.165236 0.145531 -0.102874 0.426081 0.113939 0.237844 -0.063671 0.030390 0.064729 0.158910 0.291131 0.168165 0.470406 -0.126959 0.017547 -0.255030 0.004967 -0.261334 -0.235676 -0.362247 -0.286236 -0.058423 -0.107381 -0.056364 -0.269237 -0.068242 -0.098479 0.140741 0.055596 0.038295 -0.214343 -0.056812 -0.212253 -0.075235 0.105628 -0.196413 0.188255 -0.329260 -0.079861 -0.183988 -0.081141 0.076532 0.130859 0.304037 0.242543 0.231499 -0.056691
-0.098363 -0.183460 0.179122 0.497813 -0.120298 -0.009285 0.251594 0.482118 -0.290021 -0.033046 -0.160405 0.002470 -0.012087 0.058959 -0.234917 -0.123899 0.053543 0.290330 0.276430 0.377081 -0.019683 0.011959 -0.231848 -0.070684 -0.214900 -0.174511 -0.267568 -0.459491 0.094397 0.436619 0.247546 0.226957 0.511496 1.000000 -0.203557 -0.028564 -0.019094 -0.174522 -0.087985 -0.195700 -0.229647 -0.023190 -0.239662 -0.344444 -0.023691 -0.245615 -0.018355 -0.233679 -0.374825 -0.197667 -0.168514 -0.368917 0.082699 -0.032003 -0.010963 -0.244300 -0.044457 0.060285 -0.299088 0.052165 -0.111272 -0.135752 0.087398 0.192178 -0.203768 0.092740 0.162608 -0.080468 0.120123 0.269330 0.058758 -0.108957 0.347381 0.083331 0.130292 -0.066301 -0.003552 -0.005430 0.069928 0.097220 -0.013842 0.177810 -0.044031 0.070687 -0.352126 0.099276 -0.117937 -0.018360 -0.069060 -0.298230 -0.178609 -0.206521 0.013814 -0.480022 -0.149293 -0.227484 -0.086571 -0.007186 -0.301078 -0.409197 -0.092542 -0.093407 -0.211202 -0.048215 -0.358771 0.163372 -0.289834 0.231865 -0.042766 -0.115568 -0.155608 -0.117630 0.033904 0.154160 0.154008 -0.056520
-0.000518 0.013846 -0.077115 -0.031121 -0.298272 -0.158124 -0.274035 -0.172381 -0.138216 -0.039192 0.132642 0.187033 -0.145121 0.034752 -0.108034 0.034653 -0.010602 -0.100844 -0.167517 -0.202357 -0.161230 -0.073386 0.308489 0.291508 0.167381 0.134505 0.026111 0.173938 -0.102043 -0.018749 -0.119530 0.127041 0.023075 -0.203557 1.000000 0.140104 0.135925 0.078272 0.353821 0.167614 0.128068 -0.016307 0.126178 0.185148 -0.225900 0.056224 -0.020213 0.037937 -0.191573 0.086527 -0.130221 -0.080277 -0.035973 0.083330 0.358907 0.169596 -0.004942 0.097625 -0.153155 -0.341950 -0.225261 -0.137082 -0.082312 -0.223117 -0.013784 0.032393 -0.143374 -0.001158 -0.311902 -0.255120 0.252560 0.038780 0.077489 -0.001464 0.149929 -0.010097 0.053479 0.269017 -0.249346 -0.020653 -0.050074 0.013300 -0.153927 -0.123700 0.216611 0.288370 0.198506 -0.045255 -0.023579 0.182110 -0.014233 0.026351 0.121976 0.200402 -0.059772 -0.057102 0.184282 -0.000513 -0.016970 0.071951 -0.023484 -0.024185 0.405074 0.213006 -0.088934 0.015878 -0.018780 -0.010226 0.073653 -0.034164 0.245318 0.011284 0.093643 -0.110836 -0.086641 0.051317
-0.452979 0.051222 -0.079266 0.198591 0.022410 -0.082845 -0.206917 0.157378 0.202448 0.179944 0.217812 0.254252 0.177085 0.245861 -0.112546 -0.008541 -0.230175 -0.253542 -0.241271 -0.132709 0.016405 0.191139 0.272570 0.000624 -0.062022 0.292161 0.081065 0.232794 -0.396833 -0.331801 -0.063006 0.137940 -0.144578 -0.028564 0.140104 1.000000 -0.069494 0.001461 0.048765 0.216669 -0.218854 0.126033 -0.078966 0.092879 0.117868 0.145585 -0.155442 0.160645 0.148843 -0.385824 0.020530 0.146443 -0.191917 -0.239713 -0.110379 -0.031394 -0.214835 -0.140282 0.035161 -0.008270 0.220628 0.282080 -0.115017 -0.112027 0.318800 0.497609 -0.101895 0.294741 0.056773 -0.125857 -0.059529 -0.204440 -0.262542 -0.018117 0.273056 0.136070 0.133026 0.225547 -0.148810 -0.164372 -0.289488 -0.372394 -0.327714 -0.211724 0.096718 0.256077 0.059902 0.352659 0.433778 0.266921 -0.370097 -0.276475 -0.245387 -0.252688 -0.128918 0.033771 0.246897 0.021014 -0.127010 0.064407 0.224169 -0.024521 0.043107 -0.053925 -0.132269 -0.316099 0.094421 -0.023533 -0.013800 0.090319 0.186652 -0.179212 -0.051651 -0.286305 -0.148731 -0.181576
