1.000000 0.393071 -0.212591 -0.281385 -0.128971 -0.026183 -0.126627 -0.160778 -0.190740 0.062679 0.377053 -0.260023 0.116236 -0.224839 0.038449 -0.066386 0.349152 -0.007540 0.081961 0.145478 0.012204 0.012683 -0.207857 -0.359121 -0.194085 -0.044434 0.098538 -0.000668 0.078340 0.006465 -0.000833 -0.121226 0.257948 0.033032 -0.165413 -0.309331 0.113976 0.009476 0.031708 0.037863 0.023142 0.000964 -0.303433 -0.197414 -0.285880 -0.318587 -0.111212 -0.165554 0.124968 -0.283936 0.107606 -0.035380 0.316177 -0.270141 0.182316 -0.084315 0.611556 0.361830 0.394005 -0.026470 0.337882 -0.054630 0.190460 0.015776 -0.033493 0.024824 0.245155 -0.367456 0.398138 0.048679 0.031576 -0.063090 0.091872 0.106103 0.150355 0.180593 0.000334 -0.152559 0.075265 0.013912 0.221348 -0.023174 -0.046584 -0.250217 0.278304 0.037532 0.127619 -0.044024 0.111382 0.068715 -0.409653 -0.199723 -0.329731 -0.196090 -0.006052 -0.177819 0.017021 0.026749 -0.224160 0.046459 0.047845 -0.038494 -0.170292 -0.357857 -0.174357 -0.297496 0.123743 -0.024982 -0.041811 0.115342 -0.105526 -0.075690 0.079759 -0.158065 -0.101154 -0.181740
0.393071 1.000000 -0.491966 -0.151152 -0.177962 -0.084867 -0.519951 -0.515457 -0.291017 0.060776 -0.061522 -0.006680 -0.380745 -0.382909 -0.251419 -0.245061 0.438392 0.077178 0.117481 0.558202 0.087673 0.189700 -0.455693 -0.526562 -0.121713 -0.113392 -0.028806 0.032091 0.253496 0.295257 0.131667 -0.000348 0.399141 0.289651 -0.157906 -0.466018 0.192723 0.000791 -0.206992 -0.046443 0.055581 0.182638 -0.366093 -0.296341 -0.151182 -0.353719 -0.112147 -0.242588 -0.246161 -0.062077 -0.097861 0.042866 0.029192 0.019396 -0.079415 0.020197 0.639711 0.863608 -0.066187 0.311223 -0.074824 -0.219870 0.184286 0.173895 -0.453140 -0.303900 0.247425 -0.433247 0.648223 0.452161 0.182500 0.108308 0.132646 0.339764 0.120968 0.114524 0.171589 -0.098164 0.335075 0.210395 0.477909 0.507804 0.236750 0.253914 0.233912 0.215148 0.073627 -0.122255 -0.052697 0.216626 -0.461588 -0.454700 -0.453500 -0.376857 0.004971 -0.168402 -0.057490 0.028848 0.072164 -0.033880 0.009580 -0.335201 -0.299622 -0.428097 -0.285271 -0.419100 -0.068062 -0.147311 -0.044460 0.025190 -0.165972 0.252056 0.018759 -0.289637 -0.286046 -0.211409
-0.212591 -0.491966 1.000000 0.095375 0.152618 -0.189614 0.795257 0.535512 0.371677 -0.268006 0.227356 0.164380 0.332635 0.347761 0.244278 0.206352 -0.239912 -0.211398 0.098210 -0.441652 -0.190107 -0.141267 0.339044 0.225250 -0.024353 -0.215984 -0.141731 -0.152512 -0.147886 -0.154251 0.115676 0.021905 -0.454857 -0.438469 0.180881 0.428242 -0.349172 -0.165134 -0.084694 -0.092386 -0.170938 -0.430516 0.311840 0.197861 0.011575 0.059441 -0.040017 0.071574 0.177591 0.116452 0.124027 -0.034319 0.008281 0.000233 0.100785 0.099536 -0.558298 -0.567685 0.242518 -0.044132 0.202940 0.142350 -0.166391 -0.092253 0.401866 0.096415 0.098119 0.282479 -0.566343 -0.581757 -0.050712 0.094760 -0.225297 -0.219103 -0.132240 -0.195061 -0.124268 0.262165 -0.221022 -0.333199 -0.572806 -0.438100 -0.284794 -0.343921 -0.147149 -0.260451 -0.135489 0.068023 0.048400 -0.265906 0.391553 0.337006 0.292474 0.385295 -0.035552 0.241557 -0.009057 -0.038163 0.108473 0.263414 0.108427 0.420769 0.310367 0.471723 0.267410 0.267910 0.173737 0.177626 -0.047675 0.012014 0.092915 -0.095326 -0.126676 0.290988 0.242451 0.175171
-0.281385 -0.151152 0.095375 1.000000 -0.214156 -0.197378 0.005033 0.416509 -0.000860 -0.192436 -0.018797 0.125233 -0.082209 0.030021 0.074085 0.206966 -0.159587 0.030914 0.386493 0.025723 -0.014400 0.000637 0.521480 0.689735 -0.059052 0.107014 -0.085100 0.045658 -0.122234 0.002287 0.204402 0.265449 0.077909 0.131507 -0.021154 0.189384 -0.108355 0.083369 -0.155858 -0.266009 0.003726 -0.179156 -0.131448 -0.116744 -0.127200 -0.039729 -0.080145 -0.194964 -0.350826 -0.007989 -0.112814 -0.197613 -0.212962 0.014365 -0.189979 -0.045689 -0.246690 -0.110460 -0.304573 0.028669 -0.280344 0.176247 -0.252818 -0.134671 0.184881 0.349508 -0.251769 0.109944 -0.111832 -0.033282 -0.155762 -0.122674 -0.174388 -0.072670 -0.113775 -0.145551 0.039276 0.012207 0.087315 -0.139355 -0.206310 -0.233972 -0.013278 0.041457 0.069244 0.098095 0.036644 0.140998 0.151464 0.127604 0.076709 0.052641 0.227762 0.167926 -0.067903 0.121735 -0.268701 -0.052630 0.113373 -0.159227 0.145549 -0.009637 0.212869 0.107533 0.007383 0.114498 0.029360 -0.084932 0.020904 0.006677 -0.092403 0.007715 0.033963 -0.011981 0.014157 0.007196
-0.128971 -0.177962 0.152618 -0.214156 1.000000 0.776620 -0.034729 -0.079704 0.712456 0.710391 -0.018759 -0.276193 -0.206179 -0.216814 0.175829 -0.324637 -0.144229 -0.221132 -0.304489 -0.216449 0.329738 0.212940 0.172678 0.048829 0.612144 0.409172 0.593926 0.343191 -0.270853 -0.344962 -0.301870 -0.169723 -0.329134 -0.258376 0.111563 0.191092 0.025597 0.044846 0.218984 0.190665 0.054494 0.230015 -0.143229 -0.226079 -0.062215 -0.050843 -0.197343 -0.031692 0.160291 -0.186080 0.044729 -0.267920 -0.062119 -0.186098 0.138651 -0.154708 -0.163210 -0.106341 -0.052355 -0.136587 -0.093120 0.005347 -0.211501 -0.215409 0.180194 0.073537 -0.078342 0.191711 -0.136498 -0.067298 0.137700 -0.016913 -0.282517 0.018282 0.016319 0.266310 -0.115714 0.115067 -0.104424 -0.124036 -0.166821 -0.218265 0.208474 0.069390 0.071785 -0.051895 -0.164128 -0.457867 0.326984 0.217151 0.297133 0.215763 0.117260 0.096549 0.133791 -0.050068 -0.023684 -0.030000 -0.121014 -0.058762 -0.229271 -0.112407 -0.174426 -0.026099 0.031900 0.160754 -0.061518 0.012438 0.135118 0.080578 0.100493 0.141115 0.017139 0.137375 0.065876 -0.028001
-0.026183 -0.084867 -0.189614 -0.197378 0.776620 1.000000 -0.353703 -0.269297 0.527761 0.912297 -0.131063 -0.380205 -0.298631 -0.409942 0.049694 -0.467492 -0.135826 -0.136955 -0.325251 0.009811 0.424235 0.205955 0.095643 0.044191 0.652476 0.665400 0.673474 0.444865 -0.339521 -0.373632 -0.423334 -0.271800 -0.171855 -0.152033 0.024298 -0.092706 0.138549 0.128223 0.256111 0.300887 0.086191 0.288935 -0.330109 -0.302256 -0.067317 -0.057696 -0.111941 0.016063 0.114211 -0.235976 0.044060 -0.213256 0.046008 -0.102741 0.063021 -0.161113 0.076019 0.091591 -0.112954 -0.187610 -0.117917 -0.053248 -0.206177 -0.278337 0.052747 0.093024 -0.061000 0.144409 0.118246 0.125126 0.150371 -0.082952 -0.199474 0.057729 -0.025401 0.307830 -0.052421 -0.129393 -0.038628 -0.097697 0.001289 -0.197908 0.226132 0.101063 0.140074 0.015571 -0.106674 -0.488369 0.430986 0.341005 0.152709 0.217377 -0.020249 -0.024221 0.125293 -0.146053 0.013117 -0.035669 -0.302247 -0.214669 -0.263240 -0.210680 -0.350339 -0.259562 -0.110427 -0.016966 -0.080361 -0.101418 0.081275 0.138902 0.134190 0.115209 0.043120 0.078408 -0.041340 -0.005328
-0.126627 -0.519951 0.795257 0.005033 -0.034729 -0.353703 1.000000 0.625181 0.217132 -0.453649 0.276089 0.162185 0.624363 0.555162 0.266690 0.337659 -0.262107 -0.072163 0.067968 -0.518185 -0.302036 -0.220806 0.237194 0.187526 -0.277894 -0.466767 -0.274519 -0.358235 -0.016429 -0.053996 0.081906 0.096740 -0.320210 -0.353166 0.106166 0.415514 -0.312585 -0.160636 -0.040321 -0.108615 -0.189136 -0.388739 0.380317 0.244052 0.038434 0.129105 -0.004755 0.129034 0.187852 0.096319 -0.039509 -0.107782 0.034232 -0.088701 0.089203 0.008152 -0.587962 -0.648748 0.442486 0.080238 0.428069 0.269847 0.078392 0.076067 0.387724 0.037365 0.091159 0.226976 -0.624889 -0.532453 -0.075911 0.182181 -0.099044 -0.265120 -0.129788 -0.265604 -0.091682 0.175098 -0.285701 -0.256812 -0.595379 -0.439162 -0.351180 -0.475466 -0.359369 -0.396799 -0.128977 0.224718 -0.096437 -0.282493 0.431380 0.404963 0.284143 0.477193 -0.026104 0.124318 -0.049658 -0.103831 0.071282 0.289761 0.189858 0.453315 0.395410 0.500967 0.233293 0.255848 0.197632 0.265405 -0.080191 -0.106355 0.077202 -0.124360 -0.097326 0.184968 0.313556 0.193966
-0.160778 -0.515457 0.535512 0.416509 -0.079704 -0.269297 0.625181 1.000000 0.081276 -0.338111 0.111747 0.195475 0.398417 0.558248 0.284299 0.425498 -0.172341 0.012384 0.139370 -0.337671 -0.192943 -0.052100 0.427299 0.637392 -0.185328 -0.128187 -0.123764 -0.083804 -0.127841 -0.065742 0.205612 0.226410 -0.311303 -0.173131 0.162820 0.368971 -0.290222 -0.067328 -0.131047 -0.156781 -0.186123 -0.341631 0.164264 0.087174 -0.193726 0.022781 -0.121626 -0.060017 -0.011125 -0.044245 -0.044359 -0.062434 -0.128989 -0.188248 -0.001853 -0.163899 -0.480906 -0.629972 0.061169 -0.048250 0.175872 0.396119 -0.067275 -0.077001 0.387226 0.445710 -0.223060 0.155545 -0.578558 -0.472794 -0.123252 0.071223 -0.158731 -0.159288 -0.041509 -0.161213 0.016725 0.264249 -0.249043 -0.247994 -0.609246 -0.556622 -0.286946 -0.239554 -0.265115 -0.235255 -0.171503 0.109688 0.052628 -0.233621 0.346812 0.234454 0.373930 0.335899 -0.050294 0.288039 -0.241379 -0.134853 0.099098 0.068902 0.080769 0.324536 0.277167 0.363349 0.221700 0.223314 0.215611 0.163723 -0.061512 -0.011318 -0.136400 -0.060534 -0.080235 0.089397 0.239888 0.106671
-0.190740 -0.291017 0.371677 -0.000860 0.712456 0.527761 0.217132 0.081276 1.000000 0.509059 0.124709 -0.048633 0.034565 0.066506 0.338043 -0.152384 -0.140549 -0.234987 -0.122559 -0.366905 0.030042 -0.115690 0.167451 0.212770 0.544514 0.286025 0.354879 0.217486 -0.262157 -0.242988 -0.215001 -0.078576 -0.375044 -0.243642 0.068156 0.293465 -0.163039 -0.167816 0.033909 -0.085960 -0.043273 0.019368 -0.142931 -0.238061 -0.103685 -0.055645 -0.392904 -0.154054 0.080136 -0.165109 0.112616 -0.298345 -0.071753 -0.236527 -0.024135 -0.199519 -0.330922 -0.312545 0.135094 0.033906 0.114634 0.277924 -0.150473 -0.121172 0.322015 0.220224 0.029553 0.299649 -0.340558 -0.220911 -0.042240 -0.024709 -0.257593 -0.156094 -0.010479 0.071941 -0.118653 0.033209 -0.163010 -0.226941 -0.278513 -0.323438 0.100793 -0.013874 0.090376 0.022741 -0.320164 -0.440103 0.234075 0.163189 0.408407 0.280805 0.239455 0.210795 -0.002040 0.077598 -0.185567 -0.179303 -0.027495 -0.087283 -0.129368 0.040919 0.015597 0.197304 0.042189 0.140900 -0.053143 -0.067702 0.054364 0.061023 -0.009524 0.086205 -0.066384 0.099540 0.199939 0.005926
0.062679 0.060776 -0.268006 -0.192436 0.710391 0.912297 -0.453649 -0.338111 0.509059 1.000000 -0.202739 -0.402856 -0.397969 -0.460942 0.048113 -0.489907 -0.002627 -0.153477 -0.267456 0.064594 0.395156 0.281600 -0.051470 0.004723 0.606976 0.682424 0.665244 0.445593 -0.299079 -0.325802 -0.352577 -0.190540 -0.068505 -0.035782 -0.028699 -0.163709 0.138770 0.064855 0.195971 0.212083 0.104950 0.242007 -0.439231 -0.406092 -0.121936 -0.139986 -0.254656 -0.109131 0.075620 -0.308996 0.065604 -0.232189 0.059863 -0.146623 0.000956 -0.223887 0.230028 0.233091 -0.198813 -0.206520 -0.103690 -0.049020 -0.185711 -0.257010 0.018953 0.076939 -0.065670 0.039324 0.219508 0.185747 0.140684 -0.072800 -0.153562 0.051770 0.100585 0.389388 -0.015396 -0.092667 -0.021001 -0.064138 0.131098 -0.078353 0.246497 0.229446 0.190932 0.052214 -0.247910 -0.638434 0.433115 0.362867 0.090698 0.106148 -0.070971 -0.147590 0.031294 -0.125761 -0.078777 -0.040112 -0.249450 -0.253512 -0.335471 -0.288218 -0.444639 -0.296276 -0.176747 -0.097797 -0.144568 -0.156077 0.043381 0.164253 0.037353 0.109551 -0.042239 -0.041054 -0.110955 -0.057321
0.377053 -0.061522 0.227356 -0.018797 -0.018759 -0.131063 0.276089 0.111747 0.124709 -0.202739 1.000000 0.166592 0.550840 0.287457 0.468829 0.355796 0.162397 -0.001018 0.000980 -0.223174 -0.030294 -0.165609 0.311937 0.008398 -0.184667 -0.262366 -0.006408 -0.033829 0.186750 -0.070171 0.126482 0.010933 -0.122548 -0.183705 0.040291 0.174152 -0.130669 0.018290 0.025843 -0.075271 0.090588 -0.043027 -0.075141 -0.106953 -0.305542 -0.271547 -0.133673 -0.202737 -0.098123 -0.230004 0.128361 -0.250670 0.057009 -0.220022 0.162739 -0.012363 -0.130148 -0.141102 0.237446 -0.137267 0.256815 0.212016 -0.005744 0.066249 0.322058 0.283671 -0.113203 -0.129058 -0.078562 -0.283616 -0.105536 -0.011366 -0.035427 0.059687 0.112773 -0.087006 -0.012876 -0.022569 -0.048171 -0.083760 -0.171121 -0.219626 0.128942 -0.295841 0.338146 0.125644 0.169553 0.194594 0.187810 -0.119882 -0.102963 0.038590 0.059769 0.174053 -0.007840 -0.188460 0.021032 0.030899 -0.168906 0.048476 0.230900 0.107292 0.126625 -0.045674 -0.047511 -0.059541 0.103554 0.087007 -0.040759 -0.078068 -0.086068 -0.142289 0.128419 0.068046 -0.104188 -0.154782
-0.260023 -0.006680 0.164380 0.125233 -0.276193 -0.380205 0.162185 0.195475 -0.048633 -0.402856 0.166592 1.000000 0.220818 0.586657 0.143608 0.357646 0.088551 0.201634 0.123088 -0.070263 -0.281550 -0.100471 0.138960 0.119092 -0.185545 -0.320516 -0.372573 -0.154194 0.279196 0.277100 0.309237 0.253749 -0.039007 0.214356 0.072789 0.177513 -0.107883 -0.085989 -0.207310 -0.247899 0.019040 -0.079963 0.112373 0.011242 -0.122775 -0.075807 -0.134534 -0.321680 -0.309212 0.110795 0.103452 -0.016437 -0.220881 -0.021940 -0.200157 -0.010709 -0.226247 -0.148392 -0.201862 0.022268 -0.005682 0.304882 0.124779 0.419067 0.149345 0.180962 -0.195139 -0.053621 -0.350151 -0.251516 -0.220753 -0.021825 0.107075 -0.100366 0.080456 -0.237892 0.083332 0.025982 -0.076292 0.046642 -0.049059 0.150876 0.087468 0.191936 0.046994 0.398051 0.049967 0.257977 -0.218705 -0.146504 -0.126512 -0.245398 0.120155 0.035095 -0.058622 0.086896 -0.038022 -0.156126 0.126990 -0.041986 0.180818 0.039636 0.172535 0.111445 -0.019829 -0.192448 -0.041756 -0.027872 -0.156779 -0.234080 -0.266043 -0.217972 -0.154901 -0.085876 -0.051542 -0.201366
0.116236 -0.380745 0.332635 -0.082209 -0.206179 -0.298631 0.624363 0.398417 0.034565 -0.397969 0.550840 0.220818 1.000000 0.631355 0.347602 0.383530 0.008029 0.191783 0.002563 -0.457294 -0.312717 -0.275975 0.273102 0.126613 -0.285584 -0.384576 -0.232461 -0.273120 0.194451 -0.003785 -0.017597 0.046007 -0.113203 -0.074787 0.168335 0.313926 -0.150747 -0.082376 0.043712 -0.106224 -0.113899 -0.199633 0.205193 0.150045 -0.142532 -0.027414 0.022835 -0.014177 0.048703 -0.112500 0.112242 -0.106601 0.039817 -0.142859 0.023183 -0.084706 -0.390179 -0.462972 0.298923 -0.084594 0.358737 0.274030 0.078103 0.115708 0.363252 0.265486 -0.046422 0.081983 -0.447453 -0.419302 -0.184791 0.074223 0.016833 -0.203976 -0.033741 -0.264500 -0.019107 0.046682 -0.147461 -0.143875 -0.344443 -0.314262 -0.198777 -0.480684 -0.077504 -0.174616 0.054411 0.292574 -0.087462 -0.288482 0.149198 0.211844 0.176216 0.210553 -0.014927 -0.001185 0.081292 -0.055979 -0.120813 -0.005134 0.212833 0.292188 0.293510 0.181524 -0.002517 0.074801 0.236538 0.272832 -0.097186 -0.164507 0.072137 -0.289052 -0.001676 0.034415 0.133063 0.013619
-0.224839 -0.382909 0.347761 0.030021 -0.216814 -0.409942 0.555162 0.558248 0.066506 -0.460942 0.287457 0.586657 0.631355 1.000000 0.373270 0.545045 0.010972 0.105060 -0.024312 -0.462695 -0.328023 -0.199178 0.207611 0.274288 -0.246912 -0.409242 -0.328380 -0.218495 0.201545 0.106825 0.129242 0.183779 -0.234056 -0.015289 0.034195 0.296191 -0.305599 -0.170909 -0.109098 -0.223106 -0.162881 -0.158081 0.298098 0.188042 -0.178426 0.036985 -0.111670 -0.165924 -0.136679 0.023731 0.084849 -0.016637 -0.142786 -0.170871 -0.165736 -0.145281 -0.484039 -0.539021 0.025218 -0.003762 0.235453 0.461848 0.103387 0.269951 0.389080 0.379348 -0.263765 0.090031 -0.613617 -0.479613 -0.144878 0.116967 0.017658 -0.151047 0.087196 -0.164277 0.113198 0.128054 -0.194483 -0.128688 -0.375039 -0.193770 -0.154061 -0.106530 -0.174617 0.044698 -0.081206 0.209517 -0.171022 -0.335165 0.202645 0.072730 0.355997 0.279090 -0.074567 0.165848 -0.143054 -0.209456 0.062921 0.001456 0.090581 0.217243 0.210653 0.265950 0.070562 0.026016 0.019897 0.135781 -0.141351 -0.190316 -0.172434 -0.223156 -0.036313 -0.006498 0.116984 -0.055687
0.038449 -0.251419 0.244278 0.074085 0.175829 0.049694 0.266690 0.284299 0.338043 0.048113 0.468829 0.143608 0.347602 0.373270 1.000000 0.528795 -0.001359 -0.082715 -0.119130 -0.438175 0.095909 0.149737 0.438370 0.266886 -0.088768 -0.027442 0.314364 0.391792 -0.125015 -0.254722 0.020729 -0.001852 -0.409983 -0.310085 0.153368 0.235687 -0.280216 -0.023331 0.014666 -0.070463 -0.006873 -0.064911 -0.155720 -0.133324 -0.481044 -0.345992 -0.389168 -0.304485 -0.138954 -0.447702 0.306799 -0.246322 0.014487 -0.303632 -0.085366 -0.295267 -0.323273 -0.284000 0.014453 -0.268225 0.064621 0.222321 -0.339184 -0.228294 0.519757 0.522711 -0.212498 0.178246 -0.256496 -0.282710 -0.018717 -0.004928 -0.306937 -0.052243 0.126142 0.073347 0.088924 0.023575 -0.187258 -0.246895 -0.379353 -0.473298 0.193290 -0.109236 0.348806 0.243305 -0.012756 -0.133329 0.380862 -0.068420 0.313093 0.222367 0.351609 0.285050 -0.000700 -0.077110 -0.131029 -0.209379 -0.148206 -0.084138 -0.100359 0.005313 0.082195 0.115165 0.020735 0.027606 0.070199 -0.010751 -0.083066 -0.015181 -0.181850 0.006415 -0.075272 -0.065800 -0.107437 -0.054640
-0.066386 -0.245061 0.206352 0.206966 -0.324637 -0.467492 0.337659 0.425498 -0.152384 -0.489907 0.355796 0.357646 0.383530 0.545045 0.528795 1.000000 0.007866 0.035299 0.057377 -0.353377 0.023660 0.086592 0.362935 0.288236 -0.418379 -0.252196 -0.099182 0.136699 0.152691 0.145026 0.404499 0.363372 -0.254287 -0.120610 0.191527 0.290271 -0.090432 0.135220 0.054006 -0.086104 0.095212 -0.002855 0.134337 0.143840 -0.324727 -0.201186 -0.086797 -0.255299 -0.269884 -0.190638 0.134309 -0.101342 -0.211865 -0.211160 -0.000002 -0.094521 -0.300195 -0.327710 -0.167713 -0.298462 -0.069642 0.243014 -0.125819 -0.085618 0.379572 0.386663 -0.443635 -0.098315 -0.332926 -0.376712 0.053711 0.130197 -0.010434 0.082256 0.202559 0.006161 0.200464 0.171864 -0.113955 0.013648 -0.218199 -0.219513 0.065617 0.009109 0.089776 0.199686 0.041138 0.241366 0.014578 -0.177884 0.056135 -0.071358 0.348429 0.192961 0.059321 0.070741 -0.024467 -0.124286 0.008699 0.045194 0.083121 0.060816 0.221832 0.194844 0.149978 0.020694 0.020139 -0.066435 -0.070275 -0.026082 -0.277431 -0.038381 -0.031570 -0.007394 -0.058391 -0.037818
0.349152 0.438392 -0.239912 -0.159587 -0.144229 -0.135826 -0.262107 -0.172341 -0.140549 -0.002627 0.162397 0.088551 0.008029 0.010972 -0.001359 0.007866 1.000000 0.119291 -0.024701 0.196210 0.102758 0.154194 -0.170687 -0.239145 -0.187605 -0.079867 -0.102123 0.033427 0.227791 0.204782 0.078421 0.060527 0.148585 0.301273 -0.061134 -0.314017 0.092727 -0.164018 -0.151562 -0.181684 0.053235 -0.014530 -0.295371 -0.236565 -0.339651 -0.339701 -0.337122 -0.315171 -0.147112 -0.259168 0.021108 0.081418 0.104384 -0.158700 -0.165891 -0.086394 0.463793 0.341275 0.016094 0.139269 0.148677 0.105092 0.333974 0.320670 -0.121021 0.152169 0.018986 -0.373856 0.186966 0.015405 0.037301 -0.047000 0.045811 0.295048 0.198110 0.077682 0.058728 -0.019538 0.164646 0.135137 0.395502 0.265626 0.139224 0.185195 0.166746 0.191136 -0.003481 -0.206026 -0.159958 -0.039173 -0.316853 -0.358090 -0.232563 -0.353206 -0.117609 0.040108 -0.124138 -0.083946 0.002768 0.017242 0.009236 -0.202381 -0.120862 -0.260702 -0.182114 -0.190134 0.033167 -0.105991 -0.122402 0.085566 -0.243668 -0.032857 -0.034720 -0.187171 -0.062516 -0.132135
-0.007540 0.077178 -0.211398 0.030914 -0.221132 -0.136955 -0.072163 0.012384 -0.234987 -0.153477 -0.001018 0.201634 0.191783 0.105060 -0.082715 0.035299 0.119291 1.000000 -0.082384 0.008620 -0.074402 -0.129720 0.104012 0.027569 -0.098295 -0.111230 -0.109332 -0.241424 0.286486 0.324504 0.229147 0.099289 0.109664 0.235158 0.146610 -0.001642 0.379908 0.272516 0.150932 0.116243 0.305699 0.122494 -0.204506 -0.141766 -0.183224 -0.180417 0.002728 -0.170795 -0.293509 -0.093424 -0.116138 -0.095986 -0.122520 -0.038528 0.045523 -0.051181 0.026165 0.071292 -0.028724 0.085400 0.053674 0.124150 0.102665 0.308856 -0.039625 0.098869 -0.148210 -0.133783 -0.041564 0.038942 -0.067756 -0.009509 0.360129 0.234406 0.220227 0.094574 0.425870 0.139345 0.174729 0.172956 0.127586 0.226085 -0.084986 -0.139896 -0.032432 -0.031721 0.152127 0.160714 -0.103155 -0.025113 -0.255191 -0.091701 0.032630 -0.185710 0.048291 -0.336782 -0.084992 0.000455 -0.140866 -0.105216 0.194428 -0.182105 0.026290 -0.205601 -0.176827 -0.088671 0.043073 0.154638 -0.158414 -0.099048 -0.122230 -0.172710 -0.174528 -0.037346 -0.069883 0.108586
0.081961 0.117481 0.098210 0.386493 -0.304489 -0.325251 0.067968 0.139370 -0.122559 -0.267456 0.000980 0.123088 0.002563 -0.024312 -0.119130 0.057377 -0.024701 -0.082384 1.000000 0.227060 -0.162289 -0.099830 -0.017659 0.113860 -0.106714 -0.205348 -0.180017 -0.223467 0.018664 0.054709 0.146589 0.122933 0.258630 0.186710 -0.088595 0.054251 -0.088669 -0.068799 -0.165556 -0.219914 -0.007690 -0.160885 -0.058568 0.022830 0.095335 0.010245 0.049118 -0.097681 -0.089902 0.079673 0.078607 -0.059511 0.008696 0.097116 -0.018897 0.063966 0.044130 0.070117 0.041700 0.051451 0.018265 0.106767 -0.016350 -0.010767 0.103024 -0.005091 0.136922 -0.005774 0.013055 -0.010302 -0.190613 -0.082083 -0.020415 -0.104086 -0.045148 -0.265536 -0.161394 0.030356 -0.143870 0.010365 -0.046440 -0.096768 -0.020570 -0.000553 0.111866 0.110703 0.183865 0.279287 -0.037567 -0.178732 -0.135974 -0.164575 -0.048031 -0.034761 -0.091102 0.052849 -0.005869 0.006076 0.168249 -0.114034 0.135436 0.112925 0.220894 0.067136 -0.139396 -0.147610 0.067687 -0.053893 0.017113 -0.032945 0.060725 -0.178898 -0.036698 0.052133 0.004453 -0.207474
0.145478 0.558202 -0.441652 0.025723 -0.216449 0.009811 -0.518185 -0.337671 -0.366905 0.064594 -0.223174 -0.070263 -0.457294 -0.462695 -0.438175 -0.353377 0.196210 0.008620 0.227060 1.000000 0.166980 0.114311 -0.437156 -0.184723 -0.085465 0.094792 -0.064602 -0.048047 0.114960 0.206492 0.035221 -0.062042 0.359165 0.306194 -0.151215 -0.320393 0.272486 0.048661 -0.081507 0.134872 -0.002549 0.184253 -0.261708 -0.163387 0.060524 -0.078725 0.059888 0.036264 -0.279321 -0.041155 -0.371920 -0.026885 -0.085038 0.132490 0.034070 -0.026012 0.452502 0.609094 -0.162350 0.223344 -0.135606 -0.190496 0.186731 0.086072 -0.446472 -0.325718 0.254044 -0.231775 0.552374 0.572724 -0.008931 -0.138264 0.116251 0.121341 0.026092 -0.083825 0.027703 -0.133401 0.158853 0.192277 0.435169 0.414032 0.240081 0.313277 0.056291 0.050947 0.111796 -0.022766 -0.053270 0.121849 -0.333595 -0.328722 -0.423289 -0.358603 0.002346 -0.014715 -0.003465 0.087221 0.038657 -0.117562 -0.066888 -0.203189 -0.237453 -0.279057 -0.131231 -0.253248 -0.102415 -0.105218 -0.018091 0.205313 -0.049361 0.192152 0.008582 -0.132973 -0.129675 -0.090550
0.012204 0.087673 -0.190107 -0.014400 0.329738 0.424235 -0.302036 -0.192943 0.030042 0.395156 -0.030294 -0.281550 -0.312717 -0.328023 0.095909 0.023660 0.102758 -0.074402 -0.162289 0.166980 1.000000 0.493873 0.089747 0.055599 0.007550 0.339258 0.407671 0.415752 0.011257 -0.104878 0.039215 0.103858 0.001646 0.011909 0.030750 -0.149869 0.194532 0.293602 0.196534 0.301798 0.248742 0.215653 -0.242067 -0.157019 -0.180956 -0.188902 -0.147807 -0.065424 -0.214653 -0.308035 -0.128332 -0.234229 -0.191194 -0.149231 -0.050841 -0.104840 0.193969 0.231140 -0.301400 -0.260683 -0.194320 -0.114360 -0.122424 -0.204269 0.014633 0.018498 -0.241354 -0.144786 0.229432 0.114321 0.205340 -0.010980 -0.056887 0.284957 0.006276 0.245097 0.077340 0.005082 0.168554 0.080584 0.132819 -0.004188 0.311237 0.243918 0.129175 -0.007647 -0.013448 -0.300231 0.223301 0.151086 -0.050586 -0.041966 0.046460 -0.127184 0.154991 -0.223018 -0.042958 -0.012653 -0.113890 -0.015124 -0.087894 -0.367384 -0.213176 -0.259383 -0.081452 -0.041644 -0.023335 -0.201477 0.061287 0.264481 -0.109544 0.188884 0.001077 -0.032750 -0.179900 -0.025034
0.012683 0.189700 -0.141267 0.000637 0.212940 0.205955 -0.220806 -0.052100 -0.115690 0.281600 -0.165609 -0.100471 -0.275975 -0.199178 0.149737 0.086592 0.154194 -0.129720 -0.099830 0.114311 0.493873 1.000000 0.048162 0.006211 -0.047718 0.329672 0.197286 0.455826 0.055605 -0.072933 0.043269 0.130974 -0.091840 0.004163 0.015419 -0.228943 0.007221 -0.013600 0.029842 0.077099 0.063942 0.093426 -0.256204 -0.209269 -0.236994 -0.356499 -0.280352 -0.249314 -0.090314 -0.232977 -0.049310 0.009611 -0.110644 -0.014299 -0.061391 -0.118286 0.216199 0.281458 -0.313838 -0.278439 -0.158312 -0.138003 -0.125275 -0.181530 0.021989 0.105433 -0.237751 -0.272020 0.125211 0.006191 0.093969 0.176106 -0.173007 0.192000 0.019360 0.444660 0.154917 0.071329 0.186764 -0.013861 0.043325 -0.014889 0.242581 0.320197 0.093003 0.103579 -0.121129 -0.352024 0.107564 0.201080 0.029001 -0.116593 0.002772 -0.275990 0.296378 0.103911 -0.056173 0.175558 0.101127 0.071946 -0.211578 -0.347314 -0.163878 -0.072813 -0.164362 -0.120700 0.041369 0.003883 0.006938 0.214592 -0.176219 0.178752 -0.154560 -0.110354 -0.098184 -0.030178
-0.207857 -0.455693 0.339044 0.521480 0.172678 0.095643 0.237194 0.427299 0.167451 -0.051470 0.311937 0.138960 0.273102 0.207611 0.438370 0.362935 -0.170687 0.104012 -0.017659 -0.437156 0.089747 0.048162 1.000000 0.617014 0.075547 0.115228 0.194294 0.194366 -0.187749 -0.233271 0.031237 0.132237 -0.167709 -0.106766 0.215022 0.339779 -0.208147 0.143161 0.039707 -0.089219 0.053779 -0.201449 -0.029196 -0.043494 -0.324710 -0.199769 -0.099804 -0.227982 -0.128554 -0.175710 0.211356 -0.150279 -0.219425 -0.048085 -0.062774 -0.130729 -0.417891 -0.373570 -0.163931 -0.284060 -0.188658 0.165623 -0.391664 -0.157018 0.541096 0.550256 -0.387402 0.180571 -0.357296 -0.400124 -0.055048 -0.021002 -0.290831 0.033126 0.004038 -0.007510 0.148197 0.141846 -0.074824 -0.294015 -0.448183 -0.531224 -0.051616 -0.260776 0.189367 0.074323 0.211849 0.096320 0.244968 -0.013288 0.148106 0.191140 0.376900 0.286643 0.038868 -0.089619 -0.045654 -0.051690 -0.125890 -0.111434 0.204197 0.053396 0.265799 0.147891 -0.002548 0.143806 0.132471 0.080958 -0.065543 -0.040571 -0.025745 -0.120350 -0.007596 0.090724 -0.061886 -0.018502
-0.359121 -0.526562 0.225250 0.689735 0.048829 0.044191 0.187526 0.637392 0.212770 0.004723 0.008398 0.119092 0.126613 0.274288 0.266886 0.288236 -0.239145 0.027569 0.113860 -0.184723 0.055599 0.006211 0.617014 1.000000 0.070997 0.236202 0.076748 0.151397 -0.261459 -0.212344 0.103025 0.316127 -0.218031 0.067274 0.071408 0.379937 -0.280262 0.076531 -0.071028 -0.157833 -0.098900 -0.206981 -0.075259 -0.121576 -0.267303 -0.044418 -0.242229 -0.148002 -0.294970 -0.200986 -0.076997 -0.278988 -0.358507 -0.189498 -0.212148 -0.333841 -0.467243 -0.459696 -0.327668 -0.166431 -0.111038 0.384010 -0.316849 -0.183027 0.452949 0.510929 -0.408463 0.330970 -0.458912 -0.260174 -0.185339 -0.154196 -0.296563 -0.113191 0.028078 -0.079960 0.141137 0.122998 -0.125462 -0.237256 -0.491140 -0.517149 -0.044150 -0.014550 -0.034052 0.001823 -0.092759 -0.037041 0.244760 0.009472 0.339958 0.228522 0.451012 0.220391 -0.148692 0.111538 -0.298602 -0.152517 -0.036304 -0.224400 -0.037767 0.104330 0.108720 0.195390 0.126518 0.228337 0.032392 -0.057997 -0.009628 0.022207 -0.064037 -0.023235 -0.096662 0.003691 0.091703 0.024739
-0.194085 -0.121713 -0.024353 -0.059052 0.612144 0.652476 -0.277894 -0.185328 0.544514 0.606976 -0.184667 -0.185545 -0.285584 -0.246912 -0.088768 -0.418379 -0.187605 -0.098295 -0.106714 -0.085465 0.007550 -0.047718 0.075547 0.070997 1.000000 0.543932 0.406995 0.346318 -0.419802 -0.369655 -0.372662 -0.312584 -0.182216 -0.080873 0.079053 0.031094 0.004414 -0.040080 0.194740 0.063556 0.012608 0.219618 -0.098381 -0.108128 0.084809 0.066907 -0.043700 -0.006301 0.198239 0.049250 0.216309 0.091291 -0.043878 0.097769 0.026307 -0.000480 -0.065167 -0.021610 -0.105391 -0.094922 -0.246266 -0.052818 -0.326661 -0.230322 -0.039174 0.068395 -0.023212 0.209313 -0.041543 0.071214 0.046127 -0.148777 -0.191197 -0.017304 0.131256 0.131946 0.033491 -0.015320 -0.146783 -0.014778 -0.044849 -0.104532 0.031669 0.048599 0.160309 0.077021 -0.059354 -0.301633 0.208627 0.182955 0.129457 0.064159 -0.020849 -0.075793 0.065017 0.058934 0.064670 0.031784 0.048570 -0.086780 -0.184485 -0.094611 -0.061446 0.008959 -0.061421 0.060623 -0.161326 -0.067046 0.101249 0.014530 0.210727 0.016247 0.070028 0.147975 0.066983 -0.066715
-0.044434 -0.113392 -0.215984 0.107014 0.409172 0.665400 -0.466767 -0.128187 0.286025 0.682424 -0.262366 -0.320516 -0.384576 -0.409242 -0.027442 -0.252196 -0.079867 -0.111230 -0.205348 0.094792 0.339258 0.329672 0.115228 0.236202 0.543932 1.000000 0.561479 0.606692 -0.317140 -0.312926 -0.130527 0.021963 -0.149304 0.002300 0.083617 -0.037195 0.088931 0.084536 0.241371 0.154745 0.124292 0.088558 -0.319180 -0.206951 -0.060506 -0.082459 -0.136108 -0.090510 0.115510 -0.210373 0.204358 -0.027126 -0.048736 -0.109433 -0.041297 -0.059809 0.206562 0.129836 -0.317545 -0.403906 -0.239572 -0.178897 -0.279016 -0.421422 0.051027 0.258183 -0.162177 0.040036 0.190428 0.176650 0.104091 -0.013477 -0.131837 0.073672 0.052160 0.371237 0.065768 -0.079286 -0.004640 -0.050118 0.065013 -0.148097 0.057327 0.186997 0.214868 0.096236 -0.180401 -0.429957 0.245138 0.247277 -0.011773 -0.090826 -0.001471 -0.301476 0.167731 0.020562 0.010952 0.111126 -0.126517 -0.207675 -0.287194 -0.254782 -0.239034 -0.202440 -0.142039 -0.109226 -0.052165 -0.171835 0.000721 0.264657 0.078433 0.130263 0.032562 0.061489 -0.049793 0.042727
0.098538 -0.028806 -0.141731 -0.085100 0.593926 0.673474 -0.274519 -0.123764 0.354879 0.665244 -0.006408 -0.372573 -0.232461 -0.328380 0.314364 -0.099182 -0.102123 -0.109332 -0.180017 -0.064602 0.407671 0.197286 0.194294 0.076748 0.406995 0.561479 1.000000 0.510184 -0.267040 -0.371828 -0.150597 -0.040511 -0.197583 -0.159532 0.221385 0.119194 0.135095 0.183580 0.326653 0.175626 0.083601 0.198540 -0.374186 -0.280058 -0.314142 -0.258283 -0.101695 -0.124938 0.041694 -0.429996 0.279990 -0.270891 -0.049439 -0.268413 0.054725 -0.223023 0.063203 0.148321 -0.182034 -0.418531 -0.245277 -0.119361 -0.394126 -0.445061 0.237999 0.245884 -0.138538 0.118717 0.210360 0.093322 0.260554 -0.042594 -0.254879 0.132370 0.232105 0.381545 0.091855 -0.008954 -0.118799 -0.052134 -0.110018 -0.229425 0.194586 0.020664 0.283676 0.124161 -0.091333 -0.371666 0.505098 0.080429 0.044842 0.108999 -0.008388 0.026469 0.183964 -0.256578 0.056249 -0.034230 -0.443083 -0.264773 -0.277152 -0.176597 -0.345846 -0.268441 -0.005451 -0.007825 -0.025108 -0.144884 0.102490 0.026800 0.117379 0.160804 0.068637 0.127169 -0.134734 -0.028424
-0.000668 0.032091 -0.152512 0.045658 0.343191 0.444865 -0.358235 -0.083804 0.217486 0.445593 -0.033829 -0.154194 -0.273120 -0.218495 0.391792 0.136699 0.033427 -0.241424 -0.223467 -0.048047 0.415752 0.455826 0.194366 0.151397 0.346318 0.606692 0.510184 1.000000 -0.229310 -0.373381 -0.092504 -0.069889 -0.330797 -0.228714 0.008926 -0.051439 -0.090809 0.066253 0.130149 0.026008 0.093284 0.195378 -0.305216 -0.199718 -0.309967 -0.281168 -0.370351 -0.286914 -0.057005 -0.321245 0.286898 0.002377 -0.112605 -0.153132 0.004661 -0.102547 0.102213 0.129804 -0.356896 -0.434988 -0.350680 -0.186960 -0.423314 -0.521151 0.061597 0.382704 -0.263384 0.024525 0.160185 0.090102 0.269419 0.105894 -0.299373 0.171035 0.149644 0.368034 0.113028 -0.003240 0.059728 -0.135550 0.004719 -0.175916 0.332605 0.282953 0.458138 0.404761 -0.077731 -0.422697 0.388045 0.281488 0.105948 -0.133557 0.186308 -0.191686 0.100376 0.119759 -0.101998 -0.012160 -0.049425 -0.143712 -0.351263 -0.322869 -0.149247 -0.118437 -0.021005 -0.009389 -0.064558 -0.253678 0.043438 0.303372 -0.088452 0.135958 0.015018 -0.001279 -0.042195 -0.110821
0.078340 0.253496 -0.147886 -0.122234 -0.270853 -0.339521 -0.016429 -0.127841 -0.262157 -0.299079 0.186750 0.279196 0.194451 0.201545 -0.125015 0.152691 0.227791 0.286486 0.018664 0.114960 0.011257 0.055605 -0.187749 -0.261459 -0.419802 -0.317140 -0.267040 -0.229310 1.000000 0.564346 0.254549 0.346860 0.279185 0.358550 -0.042796 -0.019196 0.183052 0.105073 -0.020164 0.043112 0.287090 0.139781 0.007067 -0.032788 -0.089478 -0.226046 0.009834 -0.152347 -0.256944 -0.068173 -0.102794 -0.066289 -0.174674 0.048740 -0.049197 0.131015 0.196552 0.172856 -0.124028 -0.039536 0.087353 -0.060721 0.284835 0.363344 -0.116431 -0.103203 -0.085064 -0.452895 0.051558 -0.009435 -0.092758 0.141661 0.486080 0.165538 0.182186 0.079177 0.147338 0.147430 0.327592 0.030096 0.288987 0.407802 0.198401 0.183987 -0.048729 0.104664 0.067712 0.121747 -0.314350 -0.119797 -0.391888 -0.312502 -0.108447 -0.174948 0.137069 -0.133489 0.062764 0.204537 -0.022354 0.008623 0.217257 -0.043769 0.041592 -0.121526 -0.154096 -0.282501 -0.023184 0.033031 -0.108546 -0.001431 -0.130097 -0.092283 -0.186806 0.015235 -0.070701 -0.072005
0.006465 0.295257 -0.154251 0.002287 -0.344962 -0.373632 -0.053996 -0.065742 -0.242988 -0.325802 -0.070171 0.277100 -0.003785 0.106825 -0.254722 0.145026 0.204782 0.324504 0.054709 0.206492 -0.104878 -0.072933 -0.233271 -0.212344 -0.369655 -0.312926 -0.371828 -0.373381 0.564346 1.000000 0.432125 0.338281 0.362789 0.422456 0.096404 -0.083868 0.366327 0.147197 -0.157095 0.118721 0.265173 0.036348 -0.089126 -0.118747 -0.011831 -0.182084 0.150193 -0.171550 -0.225733 0.062192 -0.193244 0.006393 -0.064834 0.150148 0.096574 0.185442 0.239474 0.185187 0.004061 0.224181 0.016449 0.069600 0.304870 0.473726 -0.266736 -0.183002 -0.049437 -0.488246 0.093134 0.062831 -0.139236 0.064665 0.626511 0.184635 0.028773 0.032086 0.140048 0.051976 0.298463 0.188315 0.381668 0.476993 0.036775 0.167924 -0.162406 0.050509 0.120636 0.238757 -0.347674 -0.046797 -0.453894 -0.374114 -0.244052 -0.208195 -0.020219 -0.032650 0.014497 0.006837 0.095556 0.023771 0.218184 -0.064772 0.052046 -0.207138 -0.051329 -0.254550 -0.157939 -0.050618 -0.036807 -0.053981 -0.308179 -0.064091 -0.122200 -0.242403 -0.201388 -0.012439
-0.000833 0.131667 0.115676 0.204402 -0.301870 -0.423334 0.081906 0.205612 -0.215001 -0.352577 0.126482 0.309237 -0.017597 0.129242 0.020729 0.404499 0.078421 0.229147 0.146589 0.035221 0.039215 0.043269 0.031237 0.103025 -0.372662 -0.130527 -0.150597 -0.092504 0.254549 0.432125 1.000000 0.668689 0.002743 0.141339 0.073324 0.096903 0.085107 0.201921 -0.117070 -0.132294 0.219512 -0.110410 -0.183364 -0.150082 -0.182135 -0.207301 -0.034462 -0.318701 -0.339561 -0.052871 -0.012369 -0.182370 -0.130303 -0.090026 0.026055 0.050958 0.064963 0.078415 -0.153774 -0.163665 -0.094351 0.024898 -0.041204 0.069819 0.104340 0.061424 -0.318646 -0.319679 0.048448 -0.119575 0.118927 0.232008 0.298312 0.206384 0.113674 0.071612 0.104767 0.142443 0.040006 0.227531 0.005041 0.169812 0.094758 0.109351 0.114995 0.193049 0.003430 0.194281 -0.034679 -0.089761 -0.325072 -0.256069 0.029411 -0.073890 0.053159 -0.099087 -0.077091 -0.048600 -0.111901 0.021851 0.009740 0.055116 -0.006663 -0.164190 0.007592 -0.128132 0.084153 -0.058798 -0.046218 -0.116832 -0.328640 0.005433 -0.047398 -0.014206 -0.135248 0.044077
-0.121226 -0.000348 0.021905 0.265449 -0.169723 -0.271800 0.096740 0.226410 -0.078576 -0.190540 0.010933 0.253749 0.046007 0.183779 -0.001852 0.363372 0.060527 0.099289 0.122933 -0.062042 0.103858 0.130974 0.132237 0.316127 -0.312584 0.021963 -0.040511 -0.069889 0.346860 0.338281 0.668689 1.000000 0.149151 0.454151 0.015381 0.229037 0.007916 0.168193 -0.086873 -0.173385 0.230537 -0.080626 -0.208891 -0.178247 -0.241638 -0.283486 -0.230243 -0.347915 -0.396682 -0.268490 -0.088641 -0.384491 -0.269503 -0.196810 -0.230990 -0.171732 0.024799 0.012959 -0.299253 -0.233052 -0.057049 0.188596 -0.004525 0.114705 0.284694 0.104948 -0.351560 -0.233324 -0.139593 -0.109523 0.011659 0.231996 0.227035 0.161349 0.110840 0.105451 0.170340 0.182456 0.049459 0.181163 -0.061516 0.068886 0.068369 0.204007 -0.061660 0.126351 -0.174636 0.039630 -0.084649 -0.072044 -0.219070 -0.280465 0.126401 -0.117774 0.061358 -0.077589 -0.055873 0.003501 -0.134771 -0.162455 0.042954 -0.034840 0.020255 -0.135249 -0.063150 -0.078634 0.008175 -0.132781 -0.072667 -0.032921 -0.179472 0.030244 -0.197254 -0.098497 -0.017620 0.022572
0.257948 0.399141 -0.454857 0.077909 -0.329134 -0.171855 -0.320210 -0.311303 -0.375044 -0.068505 -0.122548 -0.039007 -0.113203 -0.234056 -0.409983 -0.254287 0.148585 0.109664 0.258630 0.359165 0.001646 -0.091840 -0.167709 -0.218031 -0.182216 -0.149304 -0.197583 -0.330797 0.279185 0.362789 0.002743 0.149151 1.000000 0.625329 -0.107078 -0.312487 0.174205 0.125039 -0.068150 -0.010912 0.071427 -0.052196 -0.133605 -0.061790 0.096799 -0.083941 0.146458 -0.135901 -0.054246 0.063296 -0.050198 0.055429 -0.057810 0.160114 -0.063893 0.068203 0.523265 0.490456 0.004794 0.135643 0.003741 -0.139832 0.211275 0.271750 -0.274044 -0.297409 0.166129 -0.447184 0.371294 0.318284 -0.086658 -0.078686 0.336496 0.044288 0.000707 -0.045554 -0.027638 -0.105338 0.193869 0.271700 0.411508 0.376962 -0.037396 0.033898 -0.076088 -0.001114 0.202942 0.184911 -0.297516 0.068660 -0.585146 -0.404190 -0.412200 -0.321127 -0.110918 -0.182447 0.077300 0.119934 0.055298 -0.110485 0.254272 -0.146299 -0.003160 -0.304797 -0.216444 -0.294230 -0.161862 -0.045495 -0.051359 -0.067408 -0.134784 -0.031309 0.027581 -0.228818 -0.145548 -0.120495
0.033032 0.289651 -0.438469 0.131507 -0.258376 -0.152033 -0.353166 -0.173131 -0.243642 -0.035782 -0.183705 0.214356 -0.074787 -0.015289 -0.310085 -0.120610 0.301273 0.235158 0.186710 0.306194 0.011909 0.004163 -0.106766 0.067274 -0.080873 0.002300 -0.159532 -0.228714 0.358550 0.422456 0.141339 0.454151 0.625329 1.000000 -0.019846 -0.067128 0.134557 0.043945 -0.167941 -0.073905 0.219332 0.028640 -0.197258 -0.133221 -0.119514 -0.220454 -0.048583 -0.198840 -0.329499 -0.185999 -0.077216 -0.076543 -0.286320 0.024465 -0.379736 -0.123916 0.350480 0.339675 -0.291548 0.044004 -0.028878 0.139958 0.152629 0.412183 -0.076097 -0.003850 -0.067866 -0.280730 0.085308 0.094873 -0.353832 -0.186872 0.246254 0.110961 0.153271 0.004624 0.130840 -0.068305 0.189158 0.289272 0.320241 0.364314 0.036314 0.230590 0.015019 0.188096 0.111280 0.031198 -0.334005 -0.080812 -0.501318 -0.414218 -0.295373 -0.435488 -0.115150 -0.081300 0.106399 0.059384 0.002292 -0.245549 0.134192 -0.175918 -0.100771 -0.245422 -0.280706 -0.295797 -0.221088 -0.111196 -0.078800 -0.136299 -0.139680 -0.059014 -0.134945 -0.263348 -0.245143 -0.299660
-0.165413 -0.157906 0.180881 -0.021154 0.111563 0.024298 0.106166 0.162820 0.068156 -0.028699 0.040291 0.072789 0.168335 0.034195 0.153368 0.191527 -0.061134 0.146610 -0.088595 -0.151215 0.030750 0.015419 0.215022 0.071408 0.079053 0.083617 0.221385 0.008926 -0.042796 0.096404 0.073324 0.015381 -0.107078 -0.019846 1.000000 0.309082 0.146047 0.117895 0.236207 0.260041 0.141642 -0.132769 -0.002026 -0.026970 -0.142924 -0.225477 0.126782 0.002370 0.111998 -0.217051 0.229900 -0.044584 -0.095720 -0.075278 0.203521 0.054010 -0.135723 -0.118156 -0.021715 -0.169012 -0.107722 -0.008982 -0.293903 -0.147311 0.134048 0.104569 0.004580 0.018297 -0.110651 -0.082444 -0.030125 0.033498 0.107904 -0.029834 0.073061 -0.024206 0.196015 0.254040 -0.023787 0.089157 -0.122310 -0.129132 -0.105077 -0.158137 0.021848 -0.105367 0.073932 0.156870 0.025539 -0.161967 -0.003936 0.008106 -0.042223 -0.046252 0.188207 -0.045504 0.248406 0.185335 -0.043430 -0.089967 0.054821 -0.019998 0.157749 0.153618 0.125708 -0.023575 -0.090642 0.008186 0.136645 -0.059131 0.129120 0.009869 -0.241003 0.030939 -0.137435 0.023475
-0.309331 -0.466018 0.428242 0.189384 0.191092 -0.092706 0.415514 0.368971 0.293465 -0.163709 0.174152 0.177513 0.313926 0.296191 0.235687 0.290271 -0.314017 -0.001642 0.054251 -0.320393 -0.149869 -0.228943 0.339779 0.379937 0.031094 -0.037195 0.119194 -0.051439 -0.019196 -0.083868 0.096903 0.229037 -0.312487 -0.067128 0.309082 1.000000 -0.179107 -0.002625 0.129034 -0.027220 -0.054972 -0.076671 0.227924 0.137338 -0.026041 0.115476 0.021947 0.037232 -0.027868 -0.077754 0.081364 -0.289455 -0.233992 -0.191911 0.064249 -0.015452 -0.559747 -0.425504 -0.056604 -0.182669 0.076292 0.257770 -0.213893 -0.037911 0.526084 0.243668 -0.087487 0.403997 -0.501848 -0.292188 -0.175968 -0.024248 -0.179338 -0.153856 0.091153 -0.099687 0.060978 0.280233 -0.156076 -0.118570 -0.443543 -0.293512 -0.138818 -0.203482 -0.124131 -0.101304 -0.112977 0.088581 0.105545 -0.173364 0.200015 0.058095 0.301800 0.200463 0.103613 0.094982 0.114005 0.047315 -0.059443 -0.086270 0.070640 0.227377 0.210784 0.264039 0.171117 0.153594 -0.047789 -0.094999 0.171942 -0.059671 0.218695 0.074962 -0.175920 0.321315 0.192400 0.039228
