1.000000 0.406735 0.177701 -0.164439 -0.266180 -0.251872 0.288627 -0.099038 -0.021641 -0.141745 0.487020 0.248655 0.345317 0.229078 0.326814 0.085330 0.217812 0.099633 -0.139595 -0.123945 0.040639 -0.024030 -0.013752 -0.209805 0.189215 -0.142715 0.073413 0.057214 0.178243 -0.100062 -0.035879 0.004665 0.020126 0.077007 -0.029549 -0.192018 -0.167090 -0.266821 -0.303690 -0.028941 -0.006798 0.276194 0.023443 -0.009966 -0.178723 -0.147629 -0.292851 0.033227 0.124312 -0.163860 -0.070468 -0.190910 0.207235 0.015903 -0.374302 -0.329003 0.312128 0.128834 0.325992 -0.050734 0.415516 0.242641 0.013688 0.210084 0.202451 0.249610 -0.196598 -0.144919 -0.388252 -0.306284 0.038293 0.159078 -0.098810 -0.000611 -0.158285 0.177060 0.113363 0.224005 -0.100161 -0.064647 -0.051114 -0.164911 0.142520 0.189603 -0.120247 -0.132022 0.195567 -0.052544 0.183669 0.037534 -0.234967 -0.137842 -0.151123 -0.086181 -0.158746 -0.093866 -0.012099 -0.301207 -0.101736 -0.059067 0.207953 -0.048293 -0.152442 -0.016714 -0.140463 -0.244893 0.094879 0.070317 0.024355 -0.219864 -0.120049 -0.169052 -0.089020 -0.168806 -0.174473 -0.399020
0.406735 1.000000 -0.030013 -0.151480 -0.291438 -0.401056 -0.071902 -0.131531 0.035079 0.072462 0.058102 0.015580 -0.207622 0.057900 -0.248092 -0.167961 0.163801 0.166994 0.025317 -0.127932 -0.024277 -0.203441 -0.020796 -0.318338 -0.132204 -0.302118 -0.088727 -0.159278 0.167168 0.150501 -0.187919 0.034740 -0.001103 0.083933 0.031873 -0.158932 -0.040950 -0.068775 -0.148037 -0.259911 -0.012012 0.148571 0.042647 0.039033 0.041474 0.038570 -0.225584 0.010467 -0.134658 -0.063381 -0.120839 -0.175551 -0.023725 -0.095503 -0.242435 -0.342521 0.437676 0.510668 0.059160 0.155172 0.125374 0.119017 -0.023216 0.332899 -0.012331 0.066665 -0.131729 -0.137490 0.121751 -0.046613 0.131316 -0.103023 -0.016242 0.064271 0.097401 0.076419 0.198229 0.204131 0.031505 0.052785 0.284449 0.291067 -0.147566 0.250439 -0.113181 0.164330 0.103342 0.090320 -0.227284 -0.200375 -0.248779 -0.334331 -0.162139 -0.200555 -0.253708 -0.016199 0.075746 -0.203642 -0.235154 -0.140906 -0.083353 -0.004288 -0.105138 -0.044495 -0.163683 -0.036768 -0.148307 -0.032701 -0.112900 -0.182045 -0.008031 -0.250890 -0.026996 -0.181549 -0.165479 -0.308000
0.177701 -0.030013 1.000000 0.159153 -0.007514 -0.076937 0.528077 -0.009058 0.191801 -0.076680 0.302530 0.045577 0.088724 -0.337711 0.286670 -0.059296 -0.059281 -0.150039 -0.138693 0.063263 0.099550 0.169553 0.376787 0.323351 0.165968 0.097660 0.202587 0.343199 -0.063102 -0.278709 0.364717 0.316087 -0.198712 -0.171072 -0.121501 0.011925 -0.161117 -0.270591 -0.017577 -0.091168 -0.179044 0.093068 -0.029543 -0.137200 0.020030 0.029140 0.003990 -0.193033 0.258060 0.127206 0.426136 -0.020203 0.046075 0.089312 0.305463 0.039339 -0.282455 -0.366809 0.065180 -0.355828 -0.130703 -0.330214 -0.043353 -0.171013 0.288796 0.026233 -0.084779 -0.046772 -0.253273 -0.180847 0.451036 0.380956 -0.088764 0.158897 -0.115590 0.377680 0.077057 0.120828 0.004471 -0.188552 -0.472598 -0.245951 -0.044946 0.092044 0.029902 -0.233350 0.269099 -0.028470 0.269413 0.011867 -0.269960 0.059542 -0.366993 0.322906 -0.040053 0.302043 0.285092 0.225834 -0.056575 -0.103065 -0.126567 -0.158417 0.244588 0.261498 -0.059481 -0.154017 0.106819 -0.225086 0.300905 0.012757 -0.249481 0.099348 -0.209636 0.088385 -0.100082 -0.132715
-0.164439 -0.151480 0.159153 1.000000 0.254479 0.152900 -0.043264 0.512603 -0.360248 -0.393113 0.227787 0.291696 0.180006 0.067613 0.211820 0.230374 -0.134274 -0.159523 0.201886 0.012429 0.313391 0.081595 -0.043385 0.192351 -0.484357 0.194915 0.247279 0.409886 -0.044890 -0.070215 0.165386 0.163152 0.273120 0.285053 0.189800 -0.078814 -0.100969 -0.387546 -0.007451 0.189109 0.232568 0.143593 -0.491208 -0.430430 -0.417038 -0.263777 -0.010020 -0.229463 -0.279001 -0.475156 0.034642 -0.252003 0.056488 -0.368844 0.130690 -0.284571 -0.359744 -0.301099 0.073205 0.170577 0.099657 0.257801 0.308685 0.014808 0.123039 0.204797 0.264507 0.201142 0.007817 0.028101 -0.089353 0.272121 -0.108275 -0.172242 -0.282669 0.075373 -0.142893 -0.215934 0.187166 -0.206465 -0.201819 -0.268698 -0.133657 -0.006747 -0.171279 -0.393404 -0.240412 -0.352907 0.375709 0.184940 -0.171461 -0.309340 0.060723 -0.177330 -0.020588 0.327079 -0.191590 0.081286 -0.133977 -0.233043 -0.040694 -0.118711 0.001621 -0.194652 -0.380964 0.036807 0.020940 0.115108 0.157852 0.262632 0.093990 0.000942 -0.217231 0.205249 -0.087503 0.189364
-0.266180 -0.291438 -0.007514 0.254479 1.000000 0.508102 0.070166 0.447119 0.223227 0.093881 0.057011 0.152417 0.237370 0.188424 0.288428 0.665437 -0.104763 -0.086804 -0.147319 -0.228451 0.186349 0.254752 -0.163779 -0.000308 -0.300799 0.034036 0.678864 0.192493 -0.164246 0.057988 -0.112647 0.077908 0.166716 0.279460 -0.237586 -0.068981 0.025215 -0.193281 -0.006638 0.118332 -0.052348 0.039555 -0.412161 -0.218118 0.051757 -0.012724 -0.141838 -0.416810 -0.019585 0.021814 0.342456 0.118775 0.076002 0.014489 -0.063783 -0.180129 -0.158726 -0.074036 0.072569 0.201959 0.068909 0.144649 0.232255 0.144598 0.165197 0.107037 0.323786 0.112676 0.029215 0.094653 -0.071625 -0.080070 -0.098115 -0.232858 -0.194025 -0.225272 -0.528663 -0.367019 0.360112 -0.051645 -0.108031 -0.101454 -0.091896 -0.072946 -0.247983 -0.130962 -0.338765 -0.525327 0.195092 0.038655 0.005212 -0.052198 0.118053 -0.017332 -0.130756 0.258233 -0.227015 -0.059778 0.155325 -0.172160 0.048522 -0.116598 0.150983 -0.317769 0.095453 -0.104473 0.092378 0.017003 -0.111788 0.149047 -0.278246 0.067965 -0.082189 0.013468 -0.016638 0.035937
-0.251872 -0.401056 -0.076937 0.152900 0.508102 1.000000 -0.117686 0.306425 0.035863 0.056036 0.036395 0.106298 0.250908 0.282148 0.173455 0.501463 -0.241712 -0.220829 -0.061574 -0.014508 0.292651 0.387456 -0.096124 0.182415 0.085430 0.338992 0.391838 0.320303 -0.200037 0.004407 0.006754 -0.057967 0.162231 0.034161 -0.121701 0.004955 -0.171334 0.036610 -0.138055 0.370729 0.023173 -0.165249 -0.198477 -0.110338 -0.086076 0.086500 -0.021663 -0.235461 0.025027 0.099827 0.153110 0.138525 0.363467 0.085381 -0.072395 -0.065445 -0.066099 0.024215 0.144724 -0.024463 -0.019396 0.042844 0.034290 -0.047864 0.073099 0.154525 0.065551 0.196270 -0.018322 -0.108686 -0.306064 0.015842 -0.127095 -0.365797 -0.186547 -0.377784 -0.471584 -0.529352 0.112288 -0.084551 -0.201813 -0.096404 -0.061639 -0.049674 -0.134662 -0.114315 -0.227131 -0.239017 0.296054 0.319587 0.190572 -0.088516 0.198029 -0.059192 -0.223106 -0.009464 -0.198682 0.065430 0.229433 -0.105918 -0.150920 -0.089892 -0.027535 -0.303336 -0.015901 -0.103182 -0.078795 0.148908 0.085721 0.018242 -0.229369 0.094794 -0.220907 0.098139 -0.079037 0.177211
0.288627 -0.071902 0.528077 -0.043264 0.070166 -0.117686 1.000000 -0.087524 0.155396 0.039493 0.290024 0.040360 0.367031 -0.053415 0.361218 -0.046636 0.133590 0.019246 -0.217531 -0.083441 0.030784 0.159996 0.235714 0.068331 0.247632 -0.047106 0.186746 0.210773 0.111283 -0.196247 0.236613 0.362738 -0.020978 0.193733 -0.319595 0.015022 -0.217405 -0.126122 -0.104653 -0.110073 -0.352126 0.013654 -0.058959 -0.180412 0.142282 -0.071994 -0.244957 -0.429326 0.232338 0.124007 0.394280 0.019002 0.078616 0.106737 -0.057616 -0.078111 0.020262 -0.257044 0.092663 -0.259170 0.231180 -0.152341 0.194715 0.027978 0.367016 -0.015331 -0.074517 -0.162505 -0.210006 -0.133345 0.389297 0.027721 0.140001 0.092441 0.076079 0.155404 -0.110148 -0.152652 -0.138278 -0.234624 -0.177933 -0.003911 0.158575 0.022504 0.030860 0.011522 0.079905 -0.041319 0.241808 -0.062366 -0.347262 -0.043421 -0.095897 0.194607 -0.082443 0.144724 -0.035657 -0.164750 -0.114787 -0.046733 0.030330 -0.049213 0.249078 0.136543 0.043760 -0.330695 0.120936 -0.128603 -0.017526 -0.032038 -0.395671 -0.000361 -0.084121 0.020892 -0.251733 -0.320337
-0.099038 -0.131531 -0.009058 0.512603 0.447119 0.306425 -0.087524 1.000000 -0.243147 -0.181468 0.291550 0.531470 0.255948 0.288652 0.076095 0.326383 -0.078099 -0.271926 -0.299437 -0.469885 0.047406 0.065808 -0.413418 -0.043582 -0.381483 0.013161 0.275695 0.122508 -0.159179 -0.135734 -0.175433 0.058210 0.149310 0.259892 -0.133752 0.059291 -0.245948 -0.447925 -0.050191 0.084745 0.123608 0.100126 -0.574134 -0.342677 -0.283207 -0.079749 -0.161143 -0.156312 -0.137983 -0.340671 0.135629 -0.153850 0.025660 -0.312075 -0.098707 -0.244424 -0.381340 -0.121183 0.279111 0.285014 0.362856 0.616704 0.118330 0.147365 0.303289 0.611941 0.162984 0.508931 -0.161120 0.030567 -0.228272 0.064614 -0.220859 -0.385607 -0.359816 -0.122586 -0.322490 -0.286077 0.149809 -0.207048 -0.336611 -0.458893 -0.299101 -0.105761 -0.205352 -0.404928 -0.412564 -0.369344 0.369368 0.264053 0.015196 -0.199501 0.218501 -0.326895 -0.158727 0.072810 -0.409041 -0.150933 -0.175419 -0.231878 -0.070758 -0.235495 -0.039066 -0.332264 -0.170691 0.065987 0.096437 0.057380 0.040531 0.040186 0.037251 -0.006896 -0.256187 0.016685 0.057353 0.049678
-0.021641 0.035079 0.191801 -0.360248 0.223227 0.035863 0.155396 -0.243147 1.000000 0.715493 -0.063588 -0.382839 -0.150834 0.061471 -0.096675 0.026493 -0.163617 -0.152838 -0.091361 -0.053122 0.168329 0.333983 0.329080 0.140283 0.197845 -0.114189 -0.063367 -0.317974 -0.283044 0.087778 0.052952 0.147201 -0.142252 0.097650 -0.231267 0.140408 0.092105 0.102902 -0.061232 -0.257574 -0.300883 -0.325162 0.149462 0.093214 0.557073 0.461452 -0.169930 -0.245060 0.088275 0.426103 0.210271 0.264846 -0.158469 0.188734 -0.028985 0.005423 0.229840 0.137094 -0.224374 -0.118359 -0.173454 -0.197632 0.020748 0.044293 0.121951 -0.055450 0.011329 0.013728 0.161233 -0.012962 0.248742 -0.148482 -0.157710 0.034236 -0.080147 0.053875 -0.234735 0.038465 -0.132651 -0.032134 -0.065379 0.226760 0.020452 -0.104179 -0.156066 0.117325 0.164696 0.149699 -0.131206 -0.219931 0.056021 0.194843 0.141094 0.348392 -0.043677 0.029890 0.266486 -0.089930 0.266182 -0.193740 0.159735 0.191612 0.144103 0.107638 0.335355 -0.282465 0.055491 -0.253240 -0.080660 -0.062843 -0.260098 0.269065 -0.080253 -0.291445 -0.021959 -0.018504
-0.141745 0.072462 -0.076680 -0.393113 0.093881 0.056036 0.039493 -0.181468 0.715493 1.000000 -0.293448 -0.320772 -0.352390 0.171759 -0.380040 -0.151805 -0.207606 -0.241087 -0.048281 -0.091027 0.028842 0.164222 0.274024 0.115135 0.247869 -0.051322 -0.193030 -0.321572 -0.319692 0.091113 -0.134596 0.171031 -0.114375 -0.004726 -0.286577 0.121055 0.137261 0.371579 0.088246 -0.214704 -0.224318 -0.442442 0.288708 0.216586 0.715360 0.422227 0.001123 -0.137986 0.118851 0.509740 0.098722 0.335121 -0.130625 0.163206 -0.003573 0.061519 0.258333 0.177970 -0.231656 -0.162542 -0.199139 -0.156569 -0.083119 -0.114582 0.036403 -0.098297 -0.191564 -0.109896 0.119127 -0.177038 0.126359 -0.354807 0.010331 0.022122 0.091381 -0.061656 -0.028400 -0.049380 -0.134726 -0.150763 0.052806 0.250886 0.142569 -0.090655 0.029507 0.204138 0.231164 0.458711 -0.186425 -0.179885 0.055611 0.097648 0.144756 0.324505 -0.003971 0.032079 0.286749 -0.098709 0.390156 -0.096000 -0.043038 0.099415 0.192542 0.181829 0.236718 -0.136325 -0.163522 -0.165426 -0.030603 -0.114322 -0.186516 0.160912 -0.032776 -0.074374 0.135114 -0.049962
0.487020 0.058102 0.302530 0.227787 0.057011 0.036395 0.290024 0.291550 -0.063588 -0.293448 1.000000 0.496922 0.500689 0.261934 0.538379 0.312248 0.274188 -0.040089 -0.387098 -0.379367 0.294711 0.304002 -0.020210 -0.035570 -0.105261 0.066634 0.293725 0.210663 0.173679 -0.112600 0.050782 0.051987 0.038229 0.173655 0.027422 0.084393 -0.420755 -0.400510 -0.437286 0.132032 -0.215290 0.250088 -0.425561 -0.289429 -0.199890 -0.184083 -0.354001 -0.377929 0.197265 -0.226617 0.143824 0.003885 0.188233 -0.026142 -0.218103 -0.249998 -0.047491 -0.257071 0.455220 0.077117 0.374729 0.327378 0.161806 0.266452 0.313330 0.529413 -0.036289 0.044486 -0.376587 -0.332232 -0.091168 0.149060 -0.247138 -0.239815 -0.214986 0.221566 -0.202862 -0.122776 -0.020019 -0.208115 -0.475750 -0.351588 0.018400 -0.024026 -0.163111 -0.128714 0.104817 -0.212351 0.294159 0.334288 -0.235604 -0.089118 0.052639 -0.012065 -0.129501 -0.069469 -0.146055 -0.086970 -0.125634 -0.304794 0.058976 -0.375409 -0.090599 -0.179078 -0.152297 -0.249634 -0.079813 -0.131535 0.132530 -0.078190 -0.346672 -0.122000 0.009163 -0.061351 -0.309370 -0.295286
0.248655 0.015580 0.045577 0.291696 0.152417 0.106298 0.040360 0.531470 -0.382839 -0.320772 0.496922 1.000000 0.421633 0.495980 0.221931 0.338015 0.067764 -0.112896 -0.246936 -0.486540 0.072292 -0.065138 -0.249842 -0.101622 -0.165265 0.056220 0.225793 0.191091 0.106698 -0.227549 -0.020910 -0.079727 0.020327 0.139012 -0.069193 0.078880 -0.179535 -0.211085 -0.128415 0.070349 -0.046617 0.101091 -0.387646 -0.249939 -0.323245 -0.239921 -0.214834 -0.172567 0.033099 -0.221943 0.031162 -0.131473 0.176088 -0.300163 -0.162043 -0.210610 -0.300461 -0.319444 0.508663 0.270983 0.326568 0.487367 0.054759 0.126384 0.234675 0.490933 0.109940 0.238531 -0.438663 -0.209028 -0.163748 0.149820 0.025887 -0.259398 -0.122324 0.063374 -0.020760 -0.069585 0.069873 -0.258498 -0.376956 -0.526813 -0.189409 -0.024024 0.005028 -0.133556 -0.046380 -0.121374 0.324562 0.407876 -0.223105 -0.168350 -0.029487 -0.215247 -0.059388 -0.112850 -0.285163 -0.110465 -0.186379 -0.207371 0.054002 -0.341649 0.119740 -0.119580 -0.158089 0.132990 -0.144139 -0.142276 -0.003759 -0.178392 -0.068652 -0.302912 0.060444 0.082152 -0.112437 -0.107748
0.345317 -0.207622 0.088724 0.180006 0.237370 0.250908 0.367031 0.255948 -0.150834 -0.352390 0.500689 0.421633 1.000000 0.387502 0.536489 0.536696 0.022905 -0.066048 -0.259922 -0.112580 0.359303 0.243975 -0.301838 -0.260283 -0.152609 -0.084136 0.361916 0.265668 0.319692 -0.113957 -0.029111 -0.156422 0.223610 0.234740 -0.235863 -0.145013 -0.303014 -0.276986 -0.357943 0.121410 -0.062305 0.190551 -0.405564 -0.303864 -0.370430 -0.131616 -0.235852 -0.296854 0.068711 -0.151611 -0.047752 -0.150162 0.241298 0.045296 -0.162846 0.028574 -0.097129 -0.217216 0.332917 0.094332 0.424704 0.268264 0.398165 0.215573 0.064055 0.261771 0.122739 0.111316 -0.299318 -0.011888 -0.121755 0.062430 0.026124 -0.144123 -0.113007 0.032580 -0.325660 -0.241519 0.041628 -0.089368 -0.145803 -0.230662 -0.010827 -0.041240 -0.222448 -0.176914 -0.240201 -0.377269 0.309173 0.393169 -0.134961 -0.054239 0.120640 -0.147193 -0.098794 -0.130156 -0.201606 -0.155012 -0.211843 -0.099268 0.197507 -0.158132 0.065391 -0.062781 -0.031382 -0.163898 0.121498 -0.020942 -0.084424 -0.079684 -0.226094 0.026695 -0.149055 0.032112 -0.154894 -0.091023
0.229078 0.057900 -0.337711 0.067613 0.188424 0.282148 -0.053415 0.288652 0.061471 0.171759 0.261934 0.495980 0.387502 1.000000 0.126634 0.396751 -0.198425 -0.333293 -0.181263 -0.469481 0.317970 0.278387 -0.074296 -0.148857 -0.054782 -0.023462 0.047652 -0.061919 -0.058102 0.091129 -0.199445 -0.161463 0.107739 0.298018 -0.141909 0.044117 -0.074976 0.073699 -0.285778 0.070522 -0.008339 -0.174325 -0.140495 0.067175 -0.019299 0.190334 -0.235449 -0.202555 0.012646 0.051246 -0.148323 0.009305 0.096683 -0.163024 -0.364950 -0.146504 0.037775 0.015209 0.340690 0.353809 0.347330 0.570468 0.233769 0.210260 -0.017115 0.485775 0.062942 0.330043 -0.227261 -0.185241 -0.322361 -0.224481 -0.170340 -0.341557 -0.199089 -0.139188 -0.282909 -0.282442 -0.194373 -0.297347 -0.196588 -0.176845 0.037354 -0.284876 -0.237849 -0.161145 -0.160732 -0.006568 0.105121 0.225178 -0.106348 -0.144154 0.253597 -0.127299 -0.279391 -0.202856 -0.201121 -0.215734 0.046426 -0.406194 0.212983 -0.175861 0.057824 -0.128039 0.049310 -0.008927 -0.198219 -0.071593 -0.162621 -0.200908 -0.176999 0.040109 0.042751 -0.124564 -0.172057 -0.090399
0.326814 -0.248092 0.286670 0.211820 0.288428 0.173455 0.361218 0.076095 -0.096675 -0.380040 0.538379 0.221931 0.536489 0.126634 1.000000 0.411961 0.061000 0.036534 -0.226127 -0.137208 0.276480 0.259097 0.206876 0.188909 0.008653 0.257344 0.428714 0.266182 0.202418 -0.084271 0.236067 0.098691 0.014765 0.018531 -0.091048 -0.130157 -0.153626 -0.222209 -0.453489 0.200728 0.062887 0.348972 -0.261866 -0.081559 -0.301247 -0.226402 -0.163166 -0.301620 0.135295 -0.118452 0.296417 0.043104 0.081164 0.107023 -0.069064 -0.089129 -0.186435 -0.145197 0.191302 -0.056079 0.213199 0.040934 0.126388 0.001317 0.359816 0.162243 -0.035443 -0.166841 -0.387738 -0.161456 -0.025969 0.093862 -0.188845 -0.116094 -0.151345 0.102159 -0.168801 -0.287487 0.128296 -0.099789 -0.332547 -0.316165 0.047932 0.092557 -0.164576 -0.225457 -0.063375 -0.277555 0.295620 0.060914 -0.206445 0.051255 -0.041147 0.246923 -0.141916 0.172762 -0.104731 0.043718 0.073449 -0.146977 0.148003 -0.080217 0.148117 -0.098297 0.068822 -0.203566 0.176126 0.104660 0.206347 0.142858 -0.344773 0.102244 0.019998 -0.024605 -0.265967 -0.279792
0.085330 -0.167961 -0.059296 0.230374 0.665437 0.501463 -0.046636 0.326383 0.026493 -0.151805 0.312248 0.338015 0.536696 0.396751 0.411961 1.000000 -0.090980 -0.062354 -0.169994 -0.240310 0.375066 0.289792 -0.265068 -0.113389 -0.302924 0.083546 0.657164 0.179618 0.046660 0.059570 -0.032808 -0.122317 0.271739 0.301573 -0.145800 -0.186028 -0.042129 -0.266135 -0.324794 0.270732 -0.046563 0.175484 -0.428502 -0.230368 -0.224739 -0.073993 -0.346902 -0.376174 -0.030583 -0.093071 0.090041 -0.043824 0.232504 0.007657 -0.217687 -0.200130 -0.171466 -0.086289 0.217434 0.231797 0.166469 0.295135 0.194068 0.293411 0.112540 0.265560 0.290036 0.116189 -0.175063 0.022972 -0.261520 -0.018911 -0.026993 -0.246666 -0.148623 -0.021669 -0.432400 -0.392270 0.163139 0.055780 -0.209263 -0.153739 -0.203995 -0.028894 -0.224656 -0.123258 -0.299336 -0.601638 0.338231 0.277857 -0.172770 -0.057242 0.151416 -0.061226 -0.105883 0.101803 -0.154870 -0.119621 0.088622 -0.223132 0.168183 -0.229817 0.172268 -0.272431 -0.001162 -0.057791 -0.017717 0.065763 -0.194432 0.065446 -0.343034 0.158995 -0.100761 0.044123 -0.076743 -0.099099
0.217812 0.163801 -0.059281 -0.134274 -0.104763 -0.241712 0.133590 -0.078099 -0.163617 -0.207606 0.274188 0.067764 0.022905 -0.198425 0.061000 -0.090980 1.000000 0.528516 -0.142576 -0.011658 -0.216657 -0.379495 -0.148729 -0.464881 -0.065014 -0.297153 -0.036233 -0.178989 0.424079 0.171935 -0.167996 -0.189991 0.036869 -0.129621 0.124228 0.095422 -0.100559 -0.183057 -0.122389 -0.236493 -0.077204 0.170924 -0.140492 -0.153421 -0.119151 -0.434787 0.031316 -0.058199 0.167837 -0.197827 -0.147286 0.224544 0.135555 0.210839 -0.236940 -0.077597 0.242898 0.132539 0.371981 0.074633 0.395523 0.169110 0.027793 0.310735 -0.070671 -0.003692 0.007075 -0.310732 -0.026497 -0.150978 0.001750 -0.019982 0.295031 0.064342 0.281332 0.018595 0.056657 0.011718 0.185462 0.186372 0.130846 0.079984 0.010363 -0.000807 0.031239 0.052974 0.137817 -0.166760 -0.031165 0.076318 0.009064 -0.153185 -0.073634 -0.196784 0.052487 -0.124112 -0.101284 -0.209566 0.041856 0.269619 -0.287772 0.008219 -0.247745 -0.068502 0.014029 -0.135149 -0.090245 -0.098232 -0.079768 0.026475 0.086944 -0.047985 0.257830 0.016069 0.007839 -0.173493
0.099633 0.166994 -0.150039 -0.159523 -0.086804 -0.220829 0.019246 -0.271926 -0.152838 -0.241087 -0.040089 -0.112896 -0.066048 -0.333293 0.036534 -0.062354 0.528516 1.000000 0.064433 0.191801 -0.210479 -0.305206 -0.001751 -0.211330 0.147809 -0.092375 0.004067 -0.065238 0.238020 0.236471 0.172429 0.053519 0.062007 -0.041502 0.141540 0.004729 0.097812 -0.117970 -0.130256 -0.243472 -0.029955 0.130260 0.011878 -0.127668 -0.078063 -0.410430 0.069292 -0.134413 -0.225742 -0.106396 -0.073483 -0.165064 -0.034263 0.104551 -0.275199 -0.065344 0.255261 0.226989 -0.159956 -0.036202 0.163119 0.010256 0.119347 0.325050 0.048173 -0.190645 -0.046231 -0.496921 0.031518 0.110171 0.236739 -0.015739 0.378651 0.402926 0.463900 0.104251 0.152260 0.138418 0.266148 0.295605 0.338451 0.220413 0.042455 0.099778 0.158639 0.229589 -0.024615 -0.136121 -0.082421 -0.267289 -0.152468 -0.221174 -0.103669 -0.195952 0.079246 0.040388 -0.080303 -0.107473 0.087285 0.312591 0.031888 0.256597 -0.049857 -0.252010 -0.067855 -0.204333 0.066460 0.076634 -0.108988 0.018341 0.098164 -0.226848 0.147712 -0.134408 -0.173172 -0.156173
-0.139595 0.025317 -0.138693 0.201886 -0.147319 -0.061574 -0.217531 -0.299437 -0.091361 -0.048281 -0.387098 -0.246936 -0.259922 -0.181263 -0.226127 -0.169994 -0.142576 0.064433 1.000000 0.647790 -0.163803 -0.237759 0.016672 -0.015758 -0.122724 -0.093234 -0.212480 0.126339 0.073341 0.135519 0.002447 -0.205570 0.188598 0.079526 0.430596 -0.082913 0.143601 0.053738 0.016108 -0.046715 0.059920 -0.100392 0.178506 -0.072316 -0.211838 -0.116083 0.144715 0.272092 -0.524399 -0.277506 -0.452190 -0.312482 -0.187057 -0.114937 0.153542 -0.096922 0.038427 0.160992 -0.291460 -0.042911 -0.295088 -0.246623 0.014330 -0.119653 -0.273267 -0.383579 0.211906 0.028337 0.562525 0.248969 0.041811 0.202736 0.001159 0.090858 -0.016512 -0.148076 0.121687 0.105503 -0.112287 0.147748 0.263126 0.257105 0.094506 0.147500 -0.084557 0.040654 -0.172403 -0.082681 0.029855 -0.058426 0.197461 0.157589 -0.137164 0.050446 -0.062458 -0.090453 0.081821 -0.043880 0.031605 0.143155 0.210496 0.416813 0.083737 0.015872 0.034216 0.147523 0.014903 0.139087 -0.076142 -0.012778 0.142097 -0.136334 -0.010574 0.098907 0.056539 0.166996
-0.123945 -0.127932 0.063263 0.012429 -0.228451 -0.014508 -0.083441 -0.469885 -0.053122 -0.091027 -0.379367 -0.486540 -0.112580 -0.469481 -0.137208 -0.240310 -0.011658 0.191801 0.647790 1.000000 -0.127633 -0.081359 0.051567 0.027004 0.092112 -0.156866 -0.118378 0.141543 0.182647 0.005556 0.082822 -0.100232 0.007017 -0.222197 0.236189 -0.178356 0.104456 0.086037 0.072660 -0.061106 0.058886 -0.140945 0.314932 -0.053706 -0.088312 -0.086536 0.392997 0.332517 -0.307824 -0.076955 -0.383464 -0.280063 -0.087546 0.217816 0.193503 0.157607 0.101635 0.096597 -0.435774 -0.380440 -0.454698 -0.560932 0.041191 -0.161108 -0.288843 -0.574826 -0.171888 -0.252116 0.360488 0.258310 0.186961 0.392706 0.089724 0.342938 0.136981 -0.029244 0.042450 0.153062 0.113111 0.161782 0.314595 0.266480 0.197854 0.292994 0.067991 0.090335 -0.062189 -0.102847 -0.072540 -0.021796 0.352679 0.281264 -0.096411 0.059662 -0.023134 0.066019 0.199034 0.010930 0.180311 0.300829 0.041740 0.295543 0.065118 0.126692 0.159725 0.085802 0.163918 0.158297 0.050469 0.104694 0.104587 0.066709 -0.032416 0.107275 0.256050 0.253877
0.040639 -0.024277 0.099550 0.313391 0.186349 0.292651 0.030784 0.047406 0.168329 0.028842 0.294711 0.072292 0.359303 0.317970 0.276480 0.375066 -0.216657 -0.210479 -0.163803 -0.127633 1.000000 0.626221 0.085116 0.053638 -0.216749 0.168928 0.270730 0.230689 -0.058666 -0.108198 0.059954 0.072227 0.351008 0.289947 -0.107194 -0.020223 -0.201820 -0.018134 -0.155225 0.174000 0.053743 -0.052691 -0.240426 -0.116803 -0.049814 0.290717 -0.165772 -0.369839 0.038864 0.058755 0.003246 0.053965 0.218140 0.010627 -0.109168 0.000511 -0.116751 -0.145183 0.155551 0.195186 0.017003 -0.008355 0.325857 0.159452 0.081087 0.174942 0.215479 0.105444 0.008138 -0.111502 -0.051805 -0.037733 -0.117665 -0.030514 -0.025582 0.001374 -0.191608 -0.410565 0.020896 -0.043242 -0.040585 0.109708 -0.071314 -0.295561 -0.198748 -0.071554 0.056974 -0.123751 -0.098605 0.234998 -0.267368 -0.254944 0.124341 -0.008200 -0.063101 0.053676 0.140447 0.093963 -0.055515 -0.291825 0.042702 -0.102485 -0.120968 -0.114799 -0.064584 -0.079754 -0.074078 -0.022227 0.018464 0.293860 -0.215367 0.147931 -0.089476 0.118027 -0.389392 -0.036483
-0.024030 -0.203441 0.169553 0.081595 0.254752 0.387456 0.159996 0.065808 0.333983 0.164222 0.304002 -0.065138 0.243975 0.278387 0.259097 0.289792 -0.379495 -0.305206 -0.237759 -0.081359 0.626221 1.000000 0.208611 0.382702 0.127396 0.380315 0.216996 0.301815 -0.336890 -0.229820 0.098897 0.231165 0.059343 0.058683 -0.236086 0.111199 -0.304933 0.023740 -0.071977 0.311686 -0.092107 -0.185569 -0.163533 -0.007145 0.196147 0.431104 -0.110715 -0.352988 0.083916 0.154846 0.102208 -0.005924 0.024697 -0.046375 -0.059985 -0.032333 -0.110574 -0.276975 -0.155329 -0.013377 -0.158306 -0.036676 0.229144 0.113393 0.155322 0.272830 -0.029172 0.263082 -0.045681 -0.018580 0.024056 0.086397 -0.414447 -0.053350 -0.136336 0.038936 -0.411937 -0.412713 -0.161699 -0.273332 -0.277191 -0.076298 0.083864 -0.245952 -0.113719 -0.068674 -0.060834 -0.039804 0.039107 0.163170 0.008577 0.088022 0.248436 0.109094 -0.174528 -0.002108 0.110818 0.073207 0.100884 -0.388297 0.233510 -0.121388 0.022840 -0.212995 0.046032 -0.112462 0.002504 0.015459 0.070632 0.067531 -0.314213 0.068618 -0.085299 -0.186839 -0.277271 0.002466
-0.013752 -0.020796 0.376787 -0.043385 -0.163779 -0.096124 0.235714 -0.413418 0.329080 0.274024 -0.020210 -0.249842 -0.301838 -0.074296 0.206876 -0.265068 -0.148729 -0.001751 0.016672 0.051567 0.085116 0.208611 1.000000 0.571744 0.346112 0.337714 -0.177985 0.051279 -0.233144 -0.038498 0.526581 0.381083 -0.271985 -0.288566 -0.016293 0.102670 0.088988 0.113438 0.052130 -0.040652 -0.095114 -0.241467 0.406560 0.238927 0.313326 0.025849 0.177111 -0.091089 0.259900 0.410376 0.327391 0.290189 -0.292940 0.169356 0.221908 0.154757 -0.057944 -0.057523 -0.287395 -0.299551 -0.383344 -0.416835 -0.323158 -0.357662 0.208844 -0.285285 -0.303071 -0.306960 0.007038 -0.206251 0.310354 0.090519 -0.126517 0.191634 -0.006950 0.114962 0.128437 0.118410 -0.231984 -0.155152 -0.355070 -0.084536 0.104713 -0.018490 0.091510 -0.094009 0.414243 0.362359 -0.007035 -0.231231 -0.140674 0.178808 -0.024927 0.516777 -0.029566 0.307739 0.420298 0.231623 0.302866 -0.243622 0.117236 0.094712 0.143795 0.275266 0.085324 -0.204233 0.162031 -0.139991 0.163035 0.018606 -0.118824 0.018187 0.070824 -0.111324 -0.179672 0.010319
-0.209805 -0.318338 0.323351 0.192351 -0.000308 0.182415 0.068331 -0.043582 0.140283 0.115135 -0.035570 -0.101622 -0.260283 -0.148857 0.188909 -0.113389 -0.464881 -0.211330 -0.015758 0.027004 0.053638 0.382702 0.571744 1.000000 0.393583 0.633332 -0.005095 0.233208 -0.503795 -0.400822 0.497520 0.520205 -0.407045 -0.295235 -0.088828 0.062539 -0.064381 0.072277 0.066006 0.298106 -0.019991 -0.159031 0.174716 0.103980 0.160963 0.122097 0.199903 -0.020930 0.039944 0.135277 0.292726 0.056045 -0.138428 -0.143664 0.223160 0.016787 -0.373166 -0.285461 -0.387025 -0.267778 -0.467410 -0.285369 -0.303777 -0.453499 0.340854 -0.074339 -0.258099 0.070076 -0.083238 0.089652 0.100488 0.240655 -0.333954 -0.134955 -0.200972 0.115896 -0.051178 -0.074403 -0.178277 -0.262053 -0.529746 -0.328720 -0.014382 0.083529 0.126333 -0.228949 0.147244 0.263091 0.253742 -0.165140 0.118847 0.310358 0.117431 0.489613 0.114476 0.253268 0.211686 0.275076 0.175719 -0.215845 0.109093 0.035401 0.237447 0.116371 0.014215 0.032434 0.211111 0.119657 0.249980 0.061093 -0.110722 0.074797 -0.210695 -0.081606 0.097346 0.154179
0.189215 -0.132204 0.165968 -0.484357 -0.300799 0.085430 0.247632 -0.381483 0.197845 0.247869 -0.105261 -0.165265 -0.152609 -0.054782 0.008653 -0.302924 -0.065014 0.147809 -0.122724 0.092112 -0.216749 0.127396 0.346112 0.393583 1.000000 0.271935 -0.183230 0.102413 -0.290794 -0.156333 0.262143 0.257063 -0.311753 -0.303046 -0.128224 0.104750 -0.135893 0.245963 -0.105022 0.103871 -0.130859 -0.092562 0.436865 0.208324 0.313653 0.101288 0.120373 0.001229 0.165403 0.346604 0.093759 0.029744 0.154007 0.087723 -0.174857 0.107276 0.137660 -0.028010 -0.169251 -0.382153 -0.127599 -0.205600 -0.163644 -0.213825 0.214387 -0.029935 -0.384081 -0.166441 -0.330767 -0.075199 0.184639 0.042623 -0.149598 0.097917 0.128323 -0.005846 0.153938 0.145364 -0.172073 -0.227628 -0.110504 -0.045257 0.324678 0.122357 0.324565 0.070959 0.217838 0.384277 0.093475 -0.077600 0.091231 0.161214 0.019574 0.279030 -0.029474 -0.111830 0.161719 -0.050314 0.191356 0.135532 0.120403 0.102779 0.100811 0.087982 0.190242 -0.124557 -0.044785 0.059448 0.151442 -0.401239 -0.239158 -0.040444 -0.057204 -0.271259 0.067274 -0.174108
-0.142715 -0.302118 0.097660 0.194915 0.034036 0.338992 -0.047106 0.013161 -0.114189 -0.051322 0.066634 0.056220 -0.084136 -0.023462 0.257344 0.083546 -0.297153 -0.092375 -0.093234 -0.156866 0.168928 0.380315 0.337714 0.633332 0.271935 1.000000 0.042731 0.322975 -0.242801 -0.168585 0.409438 0.405300 -0.001672 -0.211565 -0.007880 0.146449 -0.016625 0.109543 -0.056229 0.352056 -0.060837 0.082777 -0.013284 0.186435 0.037219 0.111000 0.098741 -0.087482 0.066143 0.053830 0.241340 0.151688 0.042788 -0.199403 -0.021993 -0.055494 -0.295912 -0.341305 -0.146156 -0.058743 -0.212911 -0.046326 -0.184907 -0.163411 0.154137 0.088456 -0.043793 0.085272 -0.250562 -0.232796 -0.170340 0.036426 -0.246062 -0.155862 -0.069565 0.201042 0.106705 -0.353797 -0.148392 -0.168699 -0.301700 -0.199572 -0.054069 -0.025760 0.072299 -0.102807 0.179185 0.233631 0.271106 0.029663 -0.101869 -0.007846 -0.013268 0.315319 0.120079 0.157625 0.249380 0.445775 0.058713 -0.107373 0.035153 -0.098242 0.023810 -0.068705 -0.234464 -0.059729 0.068883 0.251215 0.302480 0.064799 -0.051124 -0.113270 -0.055256 0.036521 -0.152336 0.053992
0.073413 -0.088727 0.202587 0.247279 0.678864 0.391838 0.186746 0.275695 -0.063367 -0.193030 0.293725 0.225793 0.361916 0.047652 0.428714 0.657164 -0.036233 0.004067 -0.212480 -0.118378 0.270730 0.216996 -0.177985 -0.005095 -0.183230 0.042731 1.000000 0.370799 0.098410 -0.113814 0.022178 0.200880 0.044573 0.217997 -0.085353 -0.199159 -0.141866 -0.255408 -0.084066 0.236407 -0.086517 0.263892 -0.385346 -0.319491 -0.100804 -0.112061 -0.258127 -0.320805 0.107391 -0.080454 0.397380 0.004082 0.328753 0.192453 -0.174945 -0.328115 -0.076593 -0.117531 0.196649 0.014638 0.070325 -0.051770 0.146844 0.053174 0.217597 0.127767 0.103229 -0.028300 -0.183031 -0.003511 0.097965 0.211918 -0.050279 -0.085726 0.008862 -0.065310 -0.441281 -0.262174 0.469797 -0.023004 -0.153705 -0.129601 -0.149791 0.051240 -0.106643 -0.016591 -0.216505 -0.546299 0.202182 0.135659 -0.121840 -0.118324 -0.023323 -0.015115 -0.140995 0.248401 -0.188233 -0.085322 0.045015 -0.189911 0.002463 -0.224068 0.099714 -0.117964 -0.036481 -0.005503 0.002315 -0.055422 -0.011775 0.015245 -0.489080 -0.014765 -0.135193 0.173811 -0.130773 -0.139820
0.057214 -0.159278 0.343199 0.409886 0.192493 0.320303 0.210773 0.122508 -0.317974 -0.321572 0.210663 0.191091 0.265668 -0.061919 0.266182 0.179618 -0.178989 -0.065238 0.126339 0.141543 0.230689 0.301815 0.051279 0.233208 0.102413 0.322975 0.370799 1.000000 -0.140060 -0.312949 0.100215 0.178539 0.171152 0.074629 -0.054739 -0.085503 -0.355357 -0.138430 0.059129 0.307301 -0.091438 0.208069 -0.206563 -0.292770 -0.234566 -0.148954 0.060293 -0.189932 -0.061324 -0.202830 0.133330 -0.228489 0.339753 -0.138461 0.085613 -0.086832 -0.183825 -0.327017 0.088262 -0.080509 -0.054024 -0.118550 0.131723 -0.097552 0.062098 0.060038 0.057989 0.068342 -0.117787 -0.129064 0.050994 0.364651 -0.210951 -0.033113 -0.196452 0.019104 -0.057977 -0.084197 -0.011080 -0.217661 -0.156340 -0.143655 0.081245 -0.076731 -0.022245 -0.164114 -0.049347 -0.281542 0.344085 0.380654 -0.096164 -0.172441 -0.200284 -0.079382 0.051150 0.055790 0.083689 0.159374 -0.144122 0.036567 0.043343 -0.131242 -0.102701 -0.159637 -0.236986 0.058814 -0.053724 0.234040 0.144456 -0.165303 -0.207897 -0.249968 -0.307027 0.081046 -0.106501 0.034282
0.178243 0.167168 -0.063102 -0.044890 -0.164246 -0.200037 0.111283 -0.159179 -0.283044 -0.319692 0.173679 0.106698 0.319692 -0.058102 0.202418 0.046660 0.424079 0.238020 0.073341 0.182647 -0.058666 -0.336890 -0.233144 -0.503795 -0.290794 -0.242801 0.098410 -0.140060 1.000000 0.135623 -0.030786 -0.126585 0.044430 -0.047741 0.100390 -0.197792 0.081198 0.036488 -0.271505 -0.155663 -0.053195 0.235923 -0.133803 -0.091980 -0.291906 -0.236681 -0.168310 0.020474 0.024067 -0.169286 -0.081537 0.009061 0.095898 0.172868 -0.035824 0.029185 0.193103 0.137083 0.113397 -0.069083 0.195027 -0.040868 0.083851 0.249202 -0.183460 -0.070764 -0.016162 -0.274222 -0.107130 -0.238869 -0.017507 -0.062032 0.349238 0.030684 0.274149 0.098948 0.075374 -0.114735 0.180710 0.245590 0.177019 0.072158 -0.126400 0.170199 -0.053731 0.250220 0.046234 -0.130013 -0.042833 0.091210 -0.085566 -0.062478 -0.048483 0.009202 0.056307 -0.056860 0.035810 0.047056 -0.139923 0.148582 -0.151438 -0.081157 0.093837 0.151730 0.070121 -0.071082 0.089551 0.121928 0.070317 -0.026196 -0.049644 0.052369 0.137763 0.414135 -0.130336 -0.166551
-0.100062 0.150501 -0.278709 -0.070215 0.057988 0.004407 -0.196247 -0.135734 0.087778 0.091113 -0.112600 -0.227549 -0.113957 0.091129 -0.084271 0.059570 0.171935 0.236471 0.135519 0.005556 -0.108198 -0.229820 -0.038498 -0.400822 -0.156333 -0.168585 -0.113814 -0.312949 0.135623 1.000000 -0.008809 -0.149960 0.216215 0.093793 0.323132 0.160266 0.213411 0.047352 -0.115473 -0.317219 0.099200 -0.069775 0.001389 0.107901 0.009181 -0.046052 -0.044069 -0.143929 -0.140267 0.142935 -0.064838 0.068186 -0.089402 0.128541 -0.179239 -0.007295 0.420925 0.442904 -0.024762 0.135346 0.182212 0.111999 0.220865 0.350630 -0.109572 -0.040341 0.113850 -0.300967 0.166460 -0.054373 -0.031863 -0.170242 0.163780 0.084387 -0.065992 -0.059514 0.101702 0.122199 0.144955 0.448257 0.313228 0.341131 0.035237 0.123071 -0.139332 0.076757 -0.150200 -0.027401 -0.301887 -0.137715 -0.173886 -0.283447 -0.057353 -0.187761 -0.161231 -0.015255 -0.040169 -0.092723 0.047515 -0.009519 -0.050705 0.201244 -0.129581 -0.294579 -0.115602 -0.211804 -0.230915 -0.099491 0.147515 -0.012090 0.031227 0.182141 0.177147 -0.065659 -0.010269 -0.000434
-0.035879 -0.187919 0.364717 0.165386 -0.112647 0.006754 0.236613 -0.175433 0.052952 -0.134596 0.050782 -0.020910 -0.029111 -0.199445 0.236067 -0.032808 -0.167996 0.172429 0.002447 0.082822 0.059954 0.098897 0.526581 0.497520 0.262143 0.409438 0.022178 0.100215 -0.030786 -0.008809 1.000000 0.564320 -0.155610 -0.086662 0.018739 0.056694 -0.050885 -0.240143 -0.101531 -0.006075 -0.123736 -0.127224 0.200531 -0.058856 0.045542 0.035911 0.035252 -0.234826 0.037854 0.170499 0.443612 -0.017646 -0.170323 -0.042950 0.078409 0.008720 -0.256872 -0.228144 -0.185051 -0.192058 -0.157421 -0.222788 -0.092770 -0.088986 0.413654 -0.135933 -0.031652 -0.159599 -0.127081 -0.021994 0.209246 0.208376 -0.024546 0.051892 -0.116339 0.150384 0.155261 -0.012217 -0.088189 0.102000 -0.354061 -0.195931 -0.172538 0.113730 0.127452 -0.039576 0.153747 0.097208 0.273678 -0.105059 -0.318170 0.014785 0.053371 0.303866 -0.034304 0.243222 0.222095 0.204265 0.107536 -0.205469 0.180230 0.245089 0.139732 0.066593 0.001273 -0.274299 0.241481 0.039708 0.237214 -0.040000 -0.162372 -0.062282 -0.154323 0.048783 -0.227029 0.161799
0.004665 0.034740 0.316087 0.163152 0.077908 -0.057967 0.362738 0.058210 0.147201 0.171031 0.051987 -0.079727 -0.156422 -0.161463 0.098691 -0.122317 -0.189991 0.053519 -0.205570 -0.100232 0.072227 0.231165 0.381083 0.520205 0.257063 0.405300 0.200880 0.178539 -0.126585 -0.149960 0.564320 1.000000 -0.236043 -0.041469 -0.296271 0.137262 -0.023331 -0.107525 0.001394 -0.019548 -0.194634 0.046755 0.111448 -0.004596 0.290820 0.251047 -0.020362 -0.208453 0.055871 0.212717 0.536205 0.022741 -0.091055 -0.025157 -0.082121 -0.166829 -0.097269 -0.148817 -0.293827 -0.190219 -0.118604 -0.148940 -0.022586 -0.098040 0.435532 -0.005606 -0.229607 -0.098712 -0.130551 -0.022454 0.277799 0.074526 -0.123389 -0.066628 -0.024152 0.175060 0.022870 -0.119858 0.038397 -0.043481 -0.289440 -0.070265 -0.078934 0.153550 0.036372 -0.081068 0.220431 0.199941 0.152301 -0.282398 -0.325576 -0.149668 0.030803 0.328543 -0.069911 0.404169 0.260667 0.074752 -0.036258 -0.345169 0.107168 0.091990 0.199373 0.045160 -0.104345 -0.241877 0.279951 0.159247 0.263787 -0.068450 -0.238222 -0.125556 -0.325608 -0.019919 -0.075196 -0.036243
0.020126 -0.001103 -0.198712 0.273120 0.166716 0.162231 -0.020978 0.149310 -0.142252 -0.114375 0.038229 0.020327 0.223610 0.107739 0.014765 0.271739 0.036869 0.062007 0.188598 0.007017 0.351008 0.059343 -0.271985 -0.407045 -0.311753 -0.001672 0.044573 0.171152 0.044430 0.216215 -0.155610 -0.236043 1.000000 0.593079 0.114773 0.039329 -0.020984 -0.101188 -0.032046 0.013941 0.035183 -0.022892 -0.360513 -0.131433 -0.199584 -0.061240 -0.270318 -0.261391 -0.236100 -0.136266 -0.189144 -0.127767 0.062277 -0.150190 -0.190093 -0.100658 0.147982 0.019942 0.201488 0.399164 0.322137 0.271634 0.518208 0.445305 -0.088554 0.069158 0.509167 0.138450 0.175771 -0.000786 -0.183627 -0.176294 0.033993 -0.084516 -0.129565 0.009602 -0.092138 -0.257116 0.078101 0.149418 0.351213 0.338316 0.002459 -0.113374 -0.345894 0.049587 -0.190672 -0.354372 -0.004513 0.241059 -0.343519 -0.488548 -0.106233 -0.307215 -0.043496 -0.113184 -0.125227 -0.070827 -0.168341 -0.046678 -0.093194 -0.118695 -0.155622 -0.306838 -0.376693 -0.144118 -0.097205 0.097497 -0.141260 0.131023 -0.057547 -0.119839 0.042630 0.030409 -0.355521 -0.244630
0.077007 0.083933 -0.171072 0.285053 0.279460 0.034161 0.193733 0.259892 0.097650 -0.004726 0.173655 0.139012 0.234740 0.298018 0.018531 0.301573 -0.129621 -0.041502 0.079526 -0.222197 0.289947 0.058683 -0.288566 -0.295235 -0.303046 -0.211565 0.217997 0.074629 -0.047741 0.093793 -0.086662 -0.041469 0.593079 1.000000 0.063922 0.107945 -0.051694 -0.233195 -0.154197 -0.134317 -0.241406 0.038735 -0.416557 -0.359980 -0.034815 0.020372 -0.577383 -0.425675 -0.296569 -0.230921 0.060360 -0.260875 0.073897 -0.259403 -0.321313 -0.341898 0.113300 0.002350 0.198588 0.334385 0.359496 0.320743 0.474603 0.410881 0.193022 0.240975 0.438269 0.225699 0.124596 0.124437 0.009240 -0.125626 -0.085889 -0.105557 -0.210857 0.001935 -0.265192 -0.120884 -0.068368 -0.003323 0.199381 0.235424 -0.048298 -0.193595 -0.212840 0.223240 -0.365081 -0.402856 0.017975 0.081476 -0.373898 -0.384231 0.128998 -0.166372 -0.080163 -0.013038 -0.316358 -0.333420 -0.248957 -0.191569 0.137156 -0.042784 -0.072388 -0.334792 -0.055313 -0.137840 -0.132292 -0.044982 -0.327339 0.021264 -0.336855 -0.038533 -0.101849 -0.122884 -0.403870 -0.256856
-0.029549 0.031873 -0.121501 0.189800 -0.237586 -0.121701 -0.319595 -0.133752 -0.231267 -0.286577 0.027422 -0.069193 -0.235863 -0.141909 -0.091048 -0.145800 0.124228 0.141540 0.430596 0.236189 -0.107194 -0.236086 -0.016293 -0.088828 -0.128224 -0.007880 -0.085353 -0.054739 0.100390 0.323132 0.018739 -0.296271 0.114773 0.063922 1.000000 0.234832 0.005498 -0.050479 -0.003171 -0.062244 0.183177 -0.026341 -0.078665 -0.183278 -0.397558 -0.319967 0.028678 0.075226 -0.334823 -0.518762 -0.315557 -0.192181 -0.018401 -0.018777 -0.114453 -0.156909 0.149597 0.103833 0.047890 0.090407 0.017051 -0.041765 0.048278 0.108448 -0.157491 -0.009950 0.294955 0.007405 0.262415 0.141594 -0.014015 0.193525 -0.068009 0.043132 0.011127 -0.038621 0.240822 0.243543 0.092872 0.237778 0.180838 0.131999 0.161399 -0.052693 -0.097467 0.006750 -0.062578 -0.159609 -0.129380 0.049949 0.137757 0.067194 -0.098895 -0.086226 0.088987 -0.247574 -0.111627 -0.058550 -0.062031 0.108033 -0.020678 0.152637 -0.233961 -0.164514 -0.138526 -0.005885 -0.214835 -0.203275 0.028019 -0.044010 0.051115 0.021908 0.162458 -0.007702 -0.020691 0.031733
-0.192018 -0.158932 0.011925 -0.078814 -0.068981 0.004955 0.015022 0.059291 0.140408 0.121055 0.084393 0.078880 -0.145013 0.044117 -0.130157 -0.186028 0.095422 0.004729 -0.082913 -0.178356 -0.020223 0.111199 0.102670 0.062539 0.104750 0.146449 -0.199159 -0.085503 -0.197792 0.160266 0.056694 0.137262 0.039329 0.107945 0.234832 1.000000 -0.001664 0.061278 0.096281 -0.292168 -0.280380 -0.151163 -0.099425 -0.008263 0.135295 0.254782 -0.120928 -0.109664 -0.015694 0.060158 0.021109 0.165191 -0.090330 -0.007797 -0.124866 0.020337 0.009868 -0.077920 0.063648 0.093195 0.058233 0.114985 0.141399 0.117208 0.028151 0.260419 0.181879 0.243337 0.068954 0.109551 0.091185 0.129907 -0.166014 -0.061975 -0.000053 0.040166 0.015050 0.090711 -0.161510 0.113973 -0.128397 0.094688 0.113718 -0.222145 -0.017410 0.088874 0.113576 0.161433 -0.244025 0.045643 -0.148601 -0.041373 -0.073506 0.169721 -0.024299 -0.333746 0.095176 -0.043455 -0.043915 -0.215441 -0.056041 0.137406 -0.044306 -0.139499 -0.037559 -0.129174 -0.277740 -0.373384 0.120026 -0.140527 -0.221089 -0.073700 0.148373 -0.358489 -0.183853 -0.051449
