1.000000 0.414632 -0.274703 0.139592 -0.294021 -0.348977 -0.136668 0.177828 -0.094924 -0.245012 0.412118 0.374790 0.078033 -0.088639 0.294876 0.012058 0.382061 0.150641 -0.060135 0.106879 -0.508613 -0.525221 -0.172354 -0.224291 -0.431956 -0.548430 -0.273472 -0.322704 0.136955 -0.068257 -0.185767 -0.314590 0.231562 -0.068503 -0.466325 -0.546696 0.021077 -0.395122 -0.242426 -0.445840 -0.303585 -0.061601 0.398512 0.366558 -0.028225 -0.126590 0.366221 0.202699 -0.266453 0.446711 0.211609 0.388934 0.596509 0.284222 0.088182 0.174848 0.598803 0.391505 0.175529 -0.138883 -0.088795 -0.056718 0.357295 0.297950 -0.121896 -0.055125 -0.259192 -0.431541 0.235704 0.117124 -0.220776 -0.405244 0.018917 -0.041013 0.075133 -0.007490 -0.007125 -0.313855 -0.211174 0.136406 0.259327 0.249771 0.040046 -0.257761 0.375416 0.472511 0.170999 -0.165090 -0.089574 0.103730 -0.171603 -0.238738 0.114609 -0.095404 -0.212756 0.010378 0.089605 0.160438 0.437619 0.331635 0.162395 -0.136559 -0.129281 -0.363556 -0.425177 -0.589330 -0.212356 -0.083475 -0.142328 0.218493 0.015376 0.236635 0.035084 -0.318497 -0.127384 -0.410835
0.414632 1.000000 -0.546500 -0.338072 -0.376880 -0.267445 -0.174328 -0.038073 -0.169516 -0.308857 0.175334 0.449371 0.329041 0.314771 0.084842 0.186942 0.638047 0.479183 -0.396454 -0.000670 -0.173096 -0.178829 -0.395106 -0.535041 -0.170904 -0.439194 -0.206890 -0.341396 0.079922 0.046956 -0.244505 -0.286089 0.225292 -0.007695 -0.362841 -0.352682 0.089524 -0.172140 -0.102963 -0.116987 -0.117057 0.235729 0.387279 0.343360 0.067755 -0.071105 0.288757 0.219305 -0.074592 0.457860 -0.295411 0.459560 0.267255 0.294295 0.155374 0.117387 0.690820 0.501006 0.179035 0.069748 0.178775 0.272715 0.425132 0.656078 -0.420013 -0.115911 -0.314288 -0.651314 0.409655 0.185500 0.015494 -0.216091 0.254258 0.235354 0.102741 0.092076 -0.040571 -0.158763 0.069661 0.191874 0.394331 0.402144 -0.411655 -0.268553 -0.263952 0.163923 -0.084557 -0.321505 -0.406442 0.057103 0.152233 -0.318219 -0.101731 -0.462650 -0.189444 0.193693 0.042381 0.196990 0.411376 0.241846 0.115657 -0.120778 -0.083201 -0.549038 -0.214308 -0.396298 0.058143 0.123419 0.086365 0.271967 0.201243 0.269528 0.193137 -0.221011 0.130033 -0.134075
-0.274703 -0.546500 1.000000 0.375281 0.525920 0.379127 0.597074 0.331284 0.413110 0.342105 0.010538 -0.124290 0.079411 -0.030003 0.290877 0.194416 -0.655221 -0.626985 0.298060 -0.259869 0.061789 0.042737 0.439478 0.479478 0.104539 0.449212 0.246235 0.372144 -0.200744 -0.236015 0.283858 0.331381 -0.278705 0.082976 -0.001031 0.343606 -0.464818 -0.120882 0.029414 -0.085297 0.062725 -0.153469 -0.337733 -0.238863 -0.078254 -0.001889 -0.209502 -0.346045 0.390100 -0.403207 0.280940 -0.449076 -0.234369 -0.172623 -0.063932 -0.143183 -0.626031 -0.633008 0.212244 -0.096376 0.256961 -0.016351 -0.503933 -0.460809 0.624376 0.328018 0.211297 0.370978 -0.582261 -0.523651 -0.152341 -0.128849 -0.397839 -0.150203 0.010359 0.156397 -0.085174 -0.064464 -0.405101 -0.545695 -0.680801 -0.607331 0.462853 0.118278 0.043112 -0.061798 0.211230 0.049293 0.371226 0.000405 -0.123916 0.252562 0.345393 0.412227 0.089043 0.082448 -0.186680 -0.141078 -0.405085 -0.305100 0.040177 -0.109301 -0.137994 0.078026 -0.033603 -0.020309 -0.090544 -0.016749 0.153823 0.000617 -0.269159 -0.261874 -0.084186 0.156234 -0.266435 0.036826
0.139592 -0.338072 0.375281 1.000000 0.190369 0.251825 0.060505 0.458055 0.152902 0.067980 0.223331 0.165171 -0.203650 -0.093611 0.207044 0.130183 -0.371719 -0.510001 0.426442 -0.024085 -0.094372 -0.307296 0.522069 0.563240 -0.069434 0.179113 0.273543 0.448994 -0.260932 -0.382224 0.153182 0.098506 -0.078804 -0.198984 -0.013794 0.131110 -0.298068 -0.314522 -0.020978 -0.122702 -0.151065 -0.184779 -0.279450 -0.126641 -0.235875 -0.154085 -0.178808 -0.188711 -0.269446 -0.253234 0.463253 -0.348120 0.035338 -0.210241 -0.297261 -0.088455 -0.293504 -0.178650 -0.185322 -0.087418 -0.236772 -0.128898 -0.235621 -0.433051 0.468165 0.325646 -0.028821 0.337775 -0.214044 -0.132711 -0.167897 -0.260738 -0.461844 -0.225268 -0.065002 -0.029670 -0.066178 -0.213500 -0.287967 -0.275511 -0.463892 -0.401632 0.448097 0.137509 0.313899 0.223366 0.312409 0.290674 0.525644 0.238457 -0.323476 0.231667 0.365604 0.327191 0.078969 0.169441 -0.248423 0.004491 -0.184917 -0.110393 -0.189885 -0.262885 -0.234950 0.030540 -0.246605 -0.231822 -0.420401 -0.146363 0.171888 -0.074498 -0.177642 -0.053560 -0.005535 0.313378 -0.124196 -0.234185
-0.294021 -0.376880 0.525920 0.190369 1.000000 0.420667 0.561682 0.182816 0.680300 0.503483 -0.029438 -0.262249 0.155119 -0.118169 0.055109 -0.108523 -0.412838 -0.344265 0.261340 -0.190096 0.310632 0.319389 0.118922 0.141926 0.199151 0.311905 0.533225 0.179334 -0.048973 -0.045273 0.128462 -0.016440 -0.456093 -0.238623 0.139617 0.137880 -0.233561 0.000612 0.299713 0.134846 0.025471 -0.085571 -0.286585 -0.148971 0.004990 0.058903 -0.080300 -0.274469 0.284220 -0.139187 0.035730 -0.345458 -0.207054 -0.042348 -0.027013 0.085723 -0.409347 -0.407124 0.253710 -0.078742 0.344328 0.096794 -0.260567 -0.198806 0.491579 0.082861 -0.128185 0.114369 -0.527270 -0.324991 -0.134942 -0.053960 -0.181913 0.027840 -0.044664 0.114402 -0.123809 -0.233980 -0.305820 -0.491155 -0.356832 -0.269347 0.085669 0.092854 0.111645 0.020064 0.066615 -0.007845 0.177741 -0.188255 -0.089965 0.103240 0.062378 0.086870 0.079625 -0.021163 -0.103929 -0.153128 -0.046236 -0.239728 0.019619 -0.219692 -0.049442 -0.025864 0.069580 0.182640 -0.209260 -0.171777 0.082279 -0.000552 -0.216921 -0.105625 -0.065636 0.188267 -0.171252 0.183328
-0.348977 -0.267445 0.379127 0.251825 0.420667 1.000000 0.040378 0.152192 0.585728 0.478236 -0.029150 -0.078877 -0.020978 -0.020129 0.286575 0.149915 -0.289053 -0.290467 -0.081249 -0.098241 0.158384 0.090651 0.115844 0.406675 0.487850 0.275184 0.363130 0.127756 -0.606715 -0.416091 -0.278949 -0.129728 -0.391327 -0.273271 -0.005500 0.390598 -0.283306 0.030192 0.289369 0.276621 -0.065861 0.021405 -0.412034 -0.255061 -0.110761 0.109683 -0.463918 -0.118847 0.440165 -0.324437 0.138259 -0.336171 -0.373197 -0.299407 -0.083051 -0.186550 -0.375982 -0.381692 0.062088 0.120477 0.309643 0.273984 -0.477000 -0.267190 0.338348 0.510142 0.058962 0.470905 -0.347270 -0.080818 0.075245 0.209664 -0.559317 -0.245882 -0.192453 -0.247201 -0.123301 0.038959 -0.170671 -0.406198 -0.499323 -0.383424 0.105784 -0.135526 -0.119518 0.068338 -0.121868 0.142529 0.301886 0.180265 0.073629 0.242723 0.108178 0.098331 -0.029261 0.037743 -0.265530 -0.108501 -0.446846 -0.213574 -0.015572 -0.126298 -0.220658 0.186614 0.235520 0.337174 -0.251264 -0.330417 0.182613 0.034210 -0.000493 -0.003341 0.051318 0.350389 -0.018543 -0.043315
-0.136668 -0.174328 0.597074 0.060505 0.561682 0.040378 1.000000 0.352333 0.337921 0.279635 0.187985 -0.088406 0.515717 0.252110 0.080706 0.194156 -0.295756 -0.440773 0.223341 -0.251154 0.238061 0.209977 0.026019 0.074332 -0.058872 0.141837 0.179099 0.032860 0.156085 0.142220 0.332433 0.280727 -0.222411 0.063684 -0.087003 0.137381 -0.161079 0.046380 0.005326 -0.062090 0.244526 0.064528 -0.321047 -0.261511 0.042011 -0.091440 -0.061816 -0.331718 0.307350 -0.152565 -0.184276 -0.365799 -0.156059 0.044293 0.034020 -0.002083 -0.419593 -0.539280 0.402600 -0.158734 0.488886 0.173463 -0.017444 -0.118629 0.363364 0.034701 -0.171184 -0.148059 -0.493489 -0.525597 0.086616 -0.105630 0.082961 0.262731 0.195850 0.397409 0.098735 -0.063052 -0.361276 -0.348641 -0.250234 -0.192135 0.074870 0.154622 -0.163753 -0.103193 -0.046445 -0.306141 -0.091917 -0.225590 0.058544 0.129202 0.244685 0.304198 -0.002946 0.123800 -0.171050 -0.047075 0.023036 -0.113586 0.105174 -0.040168 0.060105 -0.171211 -0.176413 -0.126207 0.029745 0.067588 0.100350 0.091716 -0.295695 -0.152100 0.003782 -0.012481 -0.200753 0.157356
0.177828 -0.038073 0.331284 0.458055 0.182816 0.152192 0.352333 1.000000 0.374913 0.500182 0.483454 0.316849 0.301773 0.500937 -0.048658 0.251609 -0.105341 -0.362219 -0.062069 -0.437354 -0.314342 -0.271534 -0.253971 -0.117540 -0.357245 -0.131760 -0.244353 -0.119125 -0.225412 -0.060036 -0.077946 -0.064098 0.217219 0.196774 -0.115566 0.089457 -0.219748 -0.324607 -0.367046 -0.294998 -0.006527 0.062582 -0.199304 -0.076690 0.124545 0.123294 -0.101587 -0.355335 0.164892 0.072005 0.044208 -0.037084 0.123275 -0.132044 -0.241367 -0.022407 -0.144340 -0.349765 0.272090 0.323712 0.241379 0.500017 -0.017989 0.034417 0.221528 0.549817 -0.083564 0.238213 -0.460366 -0.475427 -0.302799 -0.323248 -0.157195 0.142802 0.131695 0.257032 0.167723 -0.015926 -0.288461 -0.179577 -0.240266 -0.276989 -0.093377 -0.181189 0.010288 0.119458 0.018352 -0.317427 -0.131955 -0.129008 -0.021348 -0.122407 0.610854 0.250401 -0.138316 0.214918 -0.277186 -0.193096 0.011473 -0.045856 0.379572 -0.247015 0.261890 -0.195942 -0.208623 -0.408259 -0.168546 -0.044520 0.145527 0.314492 -0.487136 -0.010339 -0.087645 0.041335 -0.139422 -0.266291
-0.094924 -0.169516 0.413110 0.152902 0.680300 0.585728 0.337921 0.374913 1.000000 0.709067 0.245791 -0.036515 0.326348 -0.035229 0.315033 0.087477 -0.243063 -0.253952 -0.017407 -0.332321 -0.087101 0.060728 -0.146026 -0.026566 0.058373 -0.103700 0.122127 -0.197231 -0.415613 -0.399644 -0.414576 -0.446527 -0.359440 -0.341754 -0.024300 0.089324 -0.406095 -0.148344 0.163891 0.022533 -0.161747 -0.111402 -0.074398 -0.002850 0.113309 0.274071 -0.035281 -0.072785 0.540770 0.115694 0.043718 -0.080345 -0.023205 0.043451 -0.122439 0.153575 -0.209552 -0.360111 0.386133 0.184682 0.578508 0.494290 -0.284493 -0.051067 0.500930 0.489706 -0.118016 0.169991 -0.537309 -0.281344 -0.242132 -0.151315 -0.461518 -0.213605 -0.274584 -0.171679 -0.233784 -0.248536 -0.351869 -0.373689 -0.454291 -0.339625 0.056093 -0.301492 0.136867 0.228641 0.009995 -0.062371 0.208884 0.085104 -0.072856 0.028083 0.218030 0.034713 0.023694 0.244700 -0.223954 -0.021440 -0.080027 -0.104723 0.180529 -0.089276 -0.101800 -0.088286 0.025625 0.033931 -0.186385 -0.231278 0.276554 0.251117 -0.164344 0.025397 0.019654 0.122589 -0.057123 -0.127812
-0.245012 -0.308857 0.342105 0.067980 0.503483 0.478236 0.279635 0.500182 0.709067 1.000000 0.090144 -0.188727 0.121400 0.133764 -0.115472 -0.002270 -0.297395 -0.266151 0.030432 -0.314129 -0.167865 0.095026 -0.317422 -0.122542 -0.013742 0.067427 -0.112499 -0.278782 -0.387928 -0.099985 -0.273746 -0.178350 -0.195565 -0.084849 0.168847 0.109883 -0.241664 0.009529 -0.165813 -0.101275 0.029315 -0.067321 -0.239747 -0.107625 0.106048 0.266973 -0.217913 -0.290631 0.401855 -0.075481 0.049664 -0.052776 -0.081713 -0.133879 -0.257597 -0.062575 -0.328413 -0.409375 0.213736 0.337592 0.313279 0.461539 -0.227566 -0.133789 0.309757 0.392367 0.133533 0.501650 -0.531050 -0.288850 -0.139000 0.040651 -0.330448 0.062676 -0.034572 0.035372 0.132754 0.182097 -0.212025 -0.185306 -0.318167 -0.250557 -0.159751 -0.239067 0.021911 -0.073331 -0.263082 -0.221124 -0.076225 -0.230457 0.138003 0.102542 0.401064 0.240717 0.005992 0.122671 -0.218056 -0.153816 -0.082580 -0.193583 0.351947 0.000539 0.303181 0.167028 0.254929 0.192034 -0.085230 -0.064054 0.218903 0.115957 -0.324463 -0.058232 -0.046301 0.100448 0.036824 -0.044255
0.412118 0.175334 0.010538 0.223331 -0.029438 -0.029150 0.187985 0.483454 0.245791 0.090144 1.000000 0.511388 0.562013 0.381718 0.319619 0.360706 0.385027 -0.068864 0.006688 -0.307168 -0.288847 -0.333905 -0.199247 -0.102463 -0.243274 -0.418337 -0.238862 -0.269577 0.090501 0.019743 -0.155561 -0.079817 0.161901 0.096703 -0.304991 -0.097471 0.040420 -0.141346 -0.217127 -0.273041 0.034254 -0.082364 -0.113168 -0.001436 -0.120523 -0.147317 -0.116534 -0.045186 -0.028892 0.135113 -0.093212 -0.050368 0.151106 -0.163741 -0.072226 0.169693 0.061528 -0.116474 0.196697 0.053122 0.349983 0.397882 0.309463 0.242616 0.149639 0.385887 -0.147727 -0.074107 -0.220414 -0.201714 -0.233168 -0.227945 -0.000596 0.022839 0.124441 0.085657 0.121031 -0.139526 -0.225709 0.038993 -0.029440 -0.007526 0.063256 -0.070930 0.119491 0.220388 0.008367 -0.045055 -0.031794 0.161664 -0.123906 -0.207464 0.330471 0.041655 -0.117145 0.153354 -0.109528 0.030895 0.155974 0.030286 0.249490 -0.262930 0.039356 -0.211544 -0.436336 -0.466456 -0.221480 -0.164030 0.203224 0.242518 -0.085593 0.049371 -0.108671 -0.160009 -0.205046 -0.284861
0.374790 0.449371 -0.124290 0.165171 -0.262249 -0.078877 -0.088406 0.316849 -0.036515 -0.188727 0.511388 1.000000 0.427477 0.508704 0.298820 0.434363 0.455097 0.225357 -0.183191 -0.136585 -0.154789 -0.322896 -0.059662 -0.117449 -0.280918 -0.324656 -0.203556 -0.084281 0.131770 0.060707 -0.104395 -0.081708 0.303431 0.225812 -0.294277 -0.023818 -0.085565 -0.375000 -0.269946 -0.314891 -0.119194 -0.030735 0.102784 0.131123 -0.124747 -0.241027 0.076538 -0.146313 -0.042669 0.140658 -0.008873 0.131022 0.089124 -0.073144 -0.056552 0.142318 0.241980 0.118573 0.144332 0.099540 0.176220 0.294948 0.210028 0.425220 -0.059188 0.323423 -0.088366 -0.222865 0.040992 -0.165423 -0.219155 -0.334649 0.082285 0.140340 0.010360 0.222821 0.077214 -0.233670 0.100337 0.219361 0.026188 0.025875 -0.021802 -0.115828 -0.007895 0.379423 0.144219 0.001391 -0.004726 0.198957 -0.128734 -0.292312 0.284272 -0.145527 -0.141227 0.060768 -0.069270 0.018956 0.044271 0.143037 0.257112 -0.266466 -0.075366 -0.409022 -0.350133 -0.622468 -0.126351 -0.156029 -0.003668 0.310881 -0.046402 0.026407 0.112374 0.035163 -0.084584 -0.242755
0.078033 0.329041 0.079411 -0.203650 0.155119 -0.020978 0.515717 0.301773 0.326348 0.121400 0.562013 0.427477 1.000000 0.545629 0.280129 0.391773 0.334789 0.036912 -0.118101 -0.331545 0.074510 0.013443 -0.289081 -0.287737 -0.205493 -0.306172 -0.105278 -0.258995 0.145821 0.067384 -0.087340 -0.085225 0.012975 0.171299 -0.343362 0.017045 -0.176142 -0.092913 -0.145929 -0.085167 0.038557 0.039314 0.052699 0.110875 0.109684 -0.000134 0.127379 -0.038613 0.368016 0.226373 -0.337021 0.056870 -0.023764 0.108345 0.101662 0.238498 0.037529 -0.134643 0.437571 0.020833 0.727069 0.551003 0.185644 0.358440 0.092379 0.280851 -0.271256 -0.414182 -0.197177 -0.243568 -0.069225 -0.167480 0.183994 0.170981 0.031550 0.182345 0.002445 -0.184413 -0.143749 -0.051007 -0.013295 -0.039299 -0.152712 -0.148194 -0.214639 0.000513 -0.066936 -0.311087 -0.245203 0.054639 -0.096768 -0.267893 0.105289 -0.114764 -0.152806 0.116601 -0.026784 0.037776 0.110904 -0.034171 0.186444 -0.167805 -0.074106 -0.434052 -0.303602 -0.419791 0.010936 -0.035582 0.158539 0.329035 -0.024158 -0.029917 0.058797 -0.217843 -0.177350 -0.042126
-0.088639 0.314771 -0.030003 -0.093611 -0.118169 -0.020129 0.252110 0.500937 -0.035229 0.133764 0.381718 0.508704 0.545629 1.000000 -0.133037 0.566236 0.336461 0.047436 -0.320501 -0.367185 0.062283 -0.058973 -0.392347 -0.269484 -0.135498 -0.173707 -0.301430 -0.305859 0.027786 0.270140 0.009291 0.135787 0.453153 0.434228 -0.240695 0.105307 0.013203 -0.011297 -0.414933 -0.153486 0.211999 0.189303 -0.189416 -0.105510 0.060753 -0.007106 -0.196448 -0.282748 0.116145 0.010084 -0.287796 0.058096 -0.107608 -0.110612 -0.020895 0.054372 -0.043509 -0.244681 0.235117 0.375913 0.355272 0.587208 0.318432 0.450546 -0.210329 0.283419 0.014544 -0.046908 -0.158309 -0.261213 -0.058228 -0.041757 0.244890 0.399926 0.244817 0.423704 0.299079 0.134802 0.088131 0.113516 0.105624 0.117743 -0.409873 -0.068377 -0.510135 -0.157825 -0.338688 -0.282706 -0.527991 -0.124720 0.144554 -0.178940 0.243333 -0.019859 -0.249158 0.087069 -0.033608 -0.190263 0.092140 -0.009133 0.296058 -0.146069 0.248319 -0.260958 -0.081425 -0.269803 -0.002319 -0.075845 0.126050 0.314704 -0.208602 0.011590 -0.049245 0.058091 -0.029225 0.117065
0.294876 0.084842 0.290877 0.207044 0.055109 0.286575 0.080706 -0.048658 0.315033 -0.115472 0.319619 0.298820 0.280129 -0.133037 1.000000 0.483221 -0.047580 -0.160116 0.088370 0.063508 -0.102014 -0.338769 0.351116 0.312704 0.018655 -0.190936 0.206474 0.021762 -0.103146 -0.421067 -0.203732 -0.110069 -0.134943 -0.116037 -0.451230 -0.135388 -0.397298 -0.357092 0.063818 -0.186610 -0.226388 -0.258547 0.080113 0.207196 -0.324939 -0.213350 -0.022411 0.142936 0.179256 -0.044926 0.298187 -0.067402 0.062459 -0.081560 0.123913 0.005382 0.032139 -0.020074 0.161840 -0.187256 0.318292 0.070656 -0.216757 -0.189239 0.274004 0.205448 -0.116956 -0.141927 0.080707 0.124097 -0.162550 -0.252975 -0.429507 -0.445198 -0.249055 -0.318990 -0.283539 -0.347162 -0.261243 -0.302893 -0.183381 -0.096290 0.614725 0.042750 0.190356 0.246497 0.257890 0.238511 0.479797 0.438789 -0.251989 0.085647 -0.041432 -0.010489 -0.120693 0.102437 -0.117548 -0.019527 -0.174707 -0.069248 -0.194083 -0.025453 -0.561254 -0.290286 -0.364665 -0.400333 -0.225485 -0.273088 0.087982 0.118096 0.162659 0.001613 0.041357 -0.054297 -0.341542 -0.273360
0.012058 0.186942 0.194416 0.130183 -0.108523 0.149915 0.194156 0.251609 0.087477 -0.002270 0.360706 0.434363 0.391773 0.566236 0.483221 1.000000 0.121382 -0.176616 -0.030609 0.011581 0.083685 -0.323167 0.051115 0.185183 -0.030254 -0.219297 -0.016806 -0.055281 -0.086764 -0.126197 -0.019343 0.110217 0.152217 0.203053 -0.496642 -0.028167 -0.247805 -0.155962 -0.355502 -0.261111 -0.038892 -0.036331 -0.205345 -0.019397 -0.347520 -0.228428 -0.260254 0.013369 0.033216 -0.214782 0.042888 -0.066737 -0.119774 -0.164942 -0.019476 -0.021216 -0.120558 -0.220696 -0.001779 0.226317 0.253635 0.418094 0.083373 0.106051 0.064446 0.289202 -0.134766 0.001196 -0.063947 -0.030092 -0.021518 -0.193915 -0.152118 0.017587 -0.048495 0.036611 0.015843 -0.038604 0.019013 -0.037391 -0.048561 0.046202 0.132448 0.220404 -0.359190 -0.118755 -0.186109 0.023198 -0.034084 0.244752 0.013227 0.096709 0.158076 0.089339 -0.320973 0.039247 -0.148433 -0.217445 -0.126165 -0.135977 0.048897 -0.075670 -0.172932 -0.214960 -0.252005 -0.314398 -0.059924 -0.168956 0.032672 0.163882 0.083932 -0.036773 0.045093 -0.037766 -0.217787 0.066007
0.382061 0.638047 -0.655221 -0.371719 -0.412838 -0.289053 -0.295756 -0.105341 -0.243063 -0.297395 0.385027 0.455097 0.334789 0.336461 -0.047580 0.121382 1.000000 0.649724 -0.433584 0.101996 -0.095459 -0.102328 -0.536651 -0.443344 -0.143952 -0.566937 -0.254542 -0.451527 0.247732 0.282389 -0.241365 -0.283692 0.353819 0.100418 -0.350659 -0.316085 0.330367 -0.049733 -0.157361 -0.180069 -0.073086 0.092097 0.330689 0.278333 0.063551 -0.087176 0.224764 0.328200 -0.144914 0.466560 -0.356427 0.359887 0.216905 0.094743 0.176591 0.191299 0.656145 0.541339 0.021834 0.032631 0.118609 0.205904 0.501858 0.661080 -0.471588 -0.097732 -0.230862 -0.543436 0.380115 0.284251 0.013776 0.024261 0.359465 0.243074 0.071325 0.007485 0.097699 -0.082737 0.416522 0.535154 0.559894 0.481693 -0.515303 -0.246411 -0.131885 0.174472 -0.229833 -0.257124 -0.450362 0.012645 0.125190 -0.404970 -0.095488 -0.455128 -0.265767 -0.162719 0.092710 0.125841 0.394008 0.242068 0.283569 -0.189516 0.028516 -0.291151 -0.233064 -0.299269 -0.046753 -0.121507 -0.127036 0.140244 0.177348 0.250668 0.154040 -0.198987 0.023904 -0.104027
0.150641 0.479183 -0.626985 -0.510001 -0.344265 -0.290467 -0.440773 -0.362219 -0.253952 -0.266151 -0.068864 0.225357 0.036912 0.047436 -0.160116 -0.176616 0.649724 1.000000 -0.362866 0.177403 0.000342 0.054695 -0.429372 -0.475270 0.057420 -0.306822 -0.096660 -0.311890 0.261099 0.317404 -0.236003 -0.304562 0.151886 0.038181 -0.072661 -0.231204 0.243621 -0.025122 0.070583 0.021796 -0.079588 0.083141 0.503114 0.337528 0.224931 0.084197 0.351992 0.280251 -0.042339 0.438918 -0.272404 0.273886 0.066759 0.227440 0.145272 0.189030 0.582066 0.594995 -0.107518 0.003667 -0.034404 0.024230 0.361180 0.539068 -0.443954 -0.272109 -0.026728 -0.447130 0.431168 0.302458 0.066566 0.048934 0.417661 0.186171 0.075264 0.002918 0.012225 -0.106786 0.520168 0.489953 0.446238 0.425776 -0.479740 -0.266009 -0.004872 0.100613 -0.128259 -0.028695 -0.267956 0.022497 -0.049999 -0.425115 -0.350097 -0.610602 -0.091951 -0.090953 0.128410 0.136321 0.243449 0.155052 0.177284 0.010258 0.100437 -0.141419 -0.089091 -0.033028 0.123687 0.108434 -0.022828 -0.069040 0.101989 0.185942 0.060237 -0.185722 0.232580 0.023851
-0.060135 -0.396454 0.298060 0.426442 0.261340 -0.081249 0.223341 -0.062069 -0.017407 0.030432 0.006688 -0.183191 -0.118101 -0.320501 0.088370 -0.030609 -0.433584 -0.362866 1.000000 0.277303 0.050282 -0.012752 0.546524 0.337605 -0.087431 0.277983 0.315606 0.452942 0.224753 0.015957 0.347765 0.302880 -0.365388 -0.161921 0.262444 -0.007783 -0.114461 0.124471 0.072702 -0.005696 0.075189 -0.125246 -0.330277 -0.176928 -0.409263 -0.395441 -0.138122 -0.189340 -0.410220 -0.444655 0.219109 -0.397374 -0.105283 -0.110046 -0.166991 0.065051 -0.477514 -0.144348 -0.240548 -0.259932 -0.297570 -0.327014 -0.096957 -0.493240 0.340565 -0.230934 0.002739 0.203353 -0.106778 0.028485 0.075566 -0.225740 -0.052274 0.015627 0.109383 0.125655 0.050201 -0.022201 -0.088974 -0.048486 -0.255892 -0.240469 0.465663 0.343652 0.363889 -0.183932 0.385421 0.328338 0.397501 0.127667 -0.259076 0.355144 0.163501 0.372250 0.112172 0.103881 -0.007723 0.092435 0.029094 -0.092466 -0.318041 -0.008807 -0.070913 0.127089 0.025820 0.089920 -0.152812 0.204041 -0.006088 -0.283728 -0.026782 -0.121793 0.043494 -0.001627 0.015707 0.041804
0.106879 -0.000670 -0.259869 -0.024085 -0.190096 -0.098241 -0.251154 -0.437354 -0.332321 -0.314129 -0.307168 -0.136585 -0.331545 -0.367185 0.063508 0.011581 0.101996 0.177403 0.277303 1.000000 0.067600 -0.024811 0.247597 0.246037 0.051156 -0.102203 0.276820 0.200858 0.082783 -0.044082 -0.023893 0.000688 -0.087570 -0.180410 -0.163549 -0.227894 0.010374 0.043818 0.050082 0.044140 -0.268996 -0.046102 0.044882 0.053234 -0.364198 -0.242886 -0.053250 0.405622 -0.343513 -0.142861 0.071656 -0.135968 0.020939 -0.093442 0.045244 -0.087009 0.110961 0.372547 -0.465757 -0.365827 -0.499418 -0.433410 -0.105275 -0.228613 -0.125020 -0.437161 -0.245128 -0.123052 0.552184 0.641140 0.373953 0.107855 -0.012552 0.045403 -0.214537 -0.178491 -0.067475 0.144331 0.302210 0.165851 0.234350 0.148724 0.083206 0.128641 0.013727 -0.283469 0.100583 0.161370 0.184621 0.110113 0.125011 0.347201 -0.256503 0.061421 -0.099636 -0.134280 -0.042882 0.076660 0.187460 0.089152 -0.288479 0.053060 -0.197282 0.182947 0.073630 0.148009 0.028036 0.036354 -0.373190 -0.243281 0.396029 0.283649 0.273389 -0.172668 0.080833 -0.084433
-0.508613 -0.173096 0.061789 -0.094372 0.310632 0.158384 0.238061 -0.314342 -0.087101 -0.167865 -0.288847 -0.154789 0.074510 0.062283 -0.102014 0.083685 -0.095459 0.000342 0.050282 0.067600 1.000000 0.458678 0.171875 0.284156 0.423707 0.367812 0.669858 0.323005 0.114801 0.247104 0.338547 0.300787 -0.253329 -0.032021 0.221345 0.282902 -0.015967 0.133486 0.311920 0.330380 0.096218 0.067712 -0.269965 -0.241900 0.027161 -0.129876 -0.114584 -0.028128 -0.015540 -0.323652 -0.225081 -0.414346 -0.490336 -0.056950 0.110032 -0.099047 -0.303077 -0.119006 -0.141830 -0.125661 0.086492 -0.109589 0.004481 -0.038652 -0.040161 -0.175997 -0.083342 -0.080646 -0.111489 -0.015213 0.212806 0.356752 0.111421 0.098241 -0.089863 0.069991 -0.122814 -0.001208 0.087985 -0.096185 0.050350 0.057042 0.019823 0.389718 -0.252890 -0.226092 0.018383 0.168003 0.072713 -0.015990 -0.001301 0.036488 -0.340511 -0.085340 0.155122 -0.158649 -0.037969 -0.115549 -0.174611 -0.243829 -0.169456 -0.016742 -0.109072 0.150105 0.131071 0.287659 -0.013619 -0.014321 -0.098488 -0.094747 0.130447 -0.158716 -0.004369 0.285009 0.030842 0.372491
-0.525221 -0.178829 0.042737 -0.307296 0.319389 0.090651 0.209977 -0.271534 0.060728 0.095026 -0.333905 -0.322896 0.013443 -0.058973 -0.338769 -0.323167 -0.102328 0.054695 -0.012752 -0.024811 0.458678 1.000000 -0.062525 0.017392 0.311448 0.403856 0.269811 0.143891 0.106783 0.329191 0.166676 0.251927 -0.166968 0.084621 0.291680 0.228778 0.187472 0.362366 0.363451 0.306994 0.275405 0.127526 -0.218736 -0.336718 0.132925 0.038129 -0.131205 -0.120964 0.112500 -0.179556 -0.359491 -0.333728 -0.427072 -0.004424 -0.037546 -0.078076 -0.289021 -0.103463 -0.099464 -0.217547 0.152650 -0.096436 -0.082348 -0.106020 -0.067018 -0.230898 -0.126086 -0.053575 -0.135562 -0.084329 0.264167 0.488585 0.282727 0.108237 -0.013504 0.095198 -0.079468 0.137494 -0.013584 -0.025720 -0.013253 -0.036711 -0.174267 0.161590 -0.200417 -0.197765 -0.101402 0.025835 -0.126027 -0.273705 0.138806 0.158800 -0.142863 0.001789 0.294058 0.079164 0.038994 0.178769 0.006710 -0.026007 -0.067516 0.095956 0.145510 0.268413 0.416514 0.459243 0.057526 -0.019055 0.152707 -0.014066 0.082024 -0.006697 0.194750 0.183489 0.226173 0.174341
-0.172354 -0.395106 0.439478 0.522069 0.118922 0.115844 0.026019 -0.253971 -0.146026 -0.317422 -0.199247 -0.059662 -0.289081 -0.392347 0.351116 0.051115 -0.536651 -0.429372 0.546524 0.247597 0.171875 -0.062525 1.000000 0.744017 0.177764 0.458117 0.421319 0.748657 0.001379 -0.275397 0.438628 0.461675 -0.312231 -0.031747 0.165068 0.314584 -0.302365 -0.098719 0.113126 0.053878 -0.090634 -0.242892 -0.280946 -0.226320 -0.422703 -0.296929 -0.242569 -0.127945 -0.189344 -0.563197 0.460915 -0.453794 -0.201260 -0.227817 -0.141269 -0.204844 -0.378211 -0.109465 -0.259767 -0.407768 -0.317838 -0.477492 -0.455136 -0.556967 0.525089 0.028000 0.157587 0.272538 0.061937 0.039380 -0.016378 -0.065773 -0.277217 -0.352387 -0.181947 -0.115666 -0.195202 -0.173543 -0.169699 -0.279284 -0.452771 -0.430655 0.758471 0.371481 0.206393 -0.079426 0.455171 0.618704 0.741732 0.352165 -0.312852 0.404583 -0.077678 0.307614 0.139895 0.017404 -0.099951 -0.038898 -0.375020 -0.204549 -0.562758 -0.005517 -0.491028 0.144719 -0.078919 -0.000068 -0.186736 -0.035511 -0.044007 -0.253721 0.169337 -0.177344 -0.021349 0.269553 -0.047069 -0.074510
-0.224291 -0.535041 0.479478 0.563240 0.141926 0.406675 0.074332 -0.117540 -0.026566 -0.122542 -0.102463 -0.117449 -0.287737 -0.269484 0.312704 0.185183 -0.443344 -0.475270 0.337605 0.246037 0.284156 0.017392 0.744017 1.000000 0.372411 0.437451 0.463386 0.608628 -0.239996 -0.289885 0.298517 0.433390 -0.311961 -0.055411 0.040836 0.410054 -0.221544 0.084232 0.150067 0.089845 -0.007943 -0.190505 -0.430698 -0.313524 -0.368756 -0.214071 -0.425767 -0.019385 -0.099010 -0.631600 0.304763 -0.595558 -0.369375 -0.336698 -0.154201 -0.301286 -0.498361 -0.237531 -0.319319 -0.257181 -0.213621 -0.325339 -0.448816 -0.581197 0.413486 0.157624 0.015163 0.395343 -0.106917 0.079345 0.116103 0.234516 -0.478239 -0.359385 -0.248128 -0.228056 -0.167738 -0.068634 -0.221478 -0.336976 -0.456404 -0.380029 0.585508 0.399970 0.003973 -0.160253 0.097956 0.524858 0.609264 0.288051 -0.129353 0.521384 0.105030 0.365628 0.100613 -0.132945 -0.166969 -0.051003 -0.465215 -0.294473 -0.381355 0.009835 -0.341765 0.341361 0.001962 0.161912 -0.215447 -0.359859 0.011051 -0.212065 0.130188 -0.125142 0.016553 0.307409 -0.099360 -0.014230
-0.431956 -0.170904 0.104539 -0.069434 0.199151 0.487850 -0.058872 -0.357245 0.058373 -0.013742 -0.243274 -0.280918 -0.205493 -0.135498 0.018655 -0.030254 -0.143952 0.057420 -0.087431 0.051156 0.423707 0.311448 0.177764 0.372411 1.000000 0.449263 0.439507 0.222593 -0.310071 -0.133862 -0.054095 0.069277 -0.368370 -0.156901 0.148662 0.349350 -0.104011 0.211696 0.376186 0.372098 0.139207 0.027076 -0.130619 -0.055606 0.052332 0.165987 -0.302013 0.169315 0.167499 -0.178462 0.040471 -0.305408 -0.452644 0.022412 0.100834 -0.036175 -0.172011 -0.129412 -0.150959 -0.136235 0.044897 -0.043176 -0.158153 -0.149349 0.098204 0.039386 -0.010790 0.211832 -0.083573 -0.028818 0.336088 0.414228 -0.242050 -0.188416 -0.121297 -0.135980 -0.169010 0.062468 -0.012159 -0.179285 -0.177581 -0.084239 0.023655 0.030365 -0.163353 -0.077908 -0.214195 0.403151 0.143591 0.174834 -0.023251 0.129590 -0.337969 -0.187784 0.044946 -0.135700 0.065830 -0.105312 -0.396089 -0.316501 -0.332354 -0.102343 -0.128394 0.144740 0.108419 0.430379 0.012861 -0.224236 0.215037 -0.174613 0.204448 -0.097630 -0.062381 0.055176 0.041584 0.071642
-0.548430 -0.439194 0.449212 0.179113 0.311905 0.275184 0.141837 -0.131760 -0.103700 0.067427 -0.418337 -0.324656 -0.306172 -0.173707 -0.190936 -0.219297 -0.566937 -0.306822 0.277983 -0.102203 0.367812 0.403856 0.458117 0.437451 0.449263 1.000000 0.412825 0.686365 -0.041788 0.185322 0.524039 0.582230 -0.345546 0.145240 0.359036 0.386171 -0.054804 0.173470 0.173313 0.178698 0.229685 0.051317 -0.364747 -0.247153 -0.044685 -0.113594 -0.230950 -0.402855 -0.007631 -0.546767 0.254706 -0.435683 -0.577355 -0.261047 -0.084113 -0.236388 -0.493142 -0.292819 -0.161664 -0.173678 -0.224193 -0.372232 -0.315735 -0.449319 0.196936 -0.068356 0.212464 0.356270 -0.241232 -0.271433 0.062535 0.243253 -0.016047 -0.010423 0.103769 0.225740 -0.052402 0.109552 -0.074369 -0.270483 -0.305383 -0.254719 0.237401 0.370191 0.006909 -0.212490 0.067252 0.219375 0.221854 -0.147625 -0.010050 0.230613 0.105898 0.294140 0.208107 -0.061566 0.049902 -0.143984 -0.420209 -0.288539 -0.160628 0.017285 0.075230 0.300999 0.256102 0.362687 -0.136191 0.041887 0.118897 -0.136767 -0.046977 -0.241076 -0.116139 0.195816 0.086468 0.109375
-0.273472 -0.206890 0.246235 0.273543 0.533225 0.363130 0.179099 -0.244353 0.122127 -0.112499 -0.238862 -0.203556 -0.105278 -0.301430 0.206474 -0.016806 -0.254542 -0.096660 0.315606 0.276820 0.669858 0.269811 0.421319 0.463386 0.439507 0.412825 1.000000 0.503741 -0.031453 -0.071418 0.261618 0.163757 -0.501628 -0.237295 0.138475 0.097468 -0.295387 -0.085931 0.386266 0.191354 -0.200408 -0.163987 -0.168855 -0.016689 -0.115235 -0.131388 -0.032953 0.091385 -0.057175 -0.265025 0.135810 -0.519099 -0.296149 -0.140281 0.001350 -0.118742 -0.224877 0.022938 -0.274538 -0.357452 -0.025431 -0.309071 -0.251741 -0.298662 0.188221 -0.152731 -0.170546 -0.019511 0.014962 0.157696 0.178290 0.138099 -0.173594 -0.184786 -0.221044 -0.155541 -0.393604 -0.227751 -0.052056 -0.307249 -0.131894 -0.090798 0.244422 0.325833 0.125530 -0.063699 0.197786 0.273152 0.444531 0.041902 -0.187910 0.081110 -0.307532 -0.166645 0.133452 -0.144330 -0.210111 -0.112438 -0.252085 -0.366017 -0.343774 -0.261364 -0.392528 0.015473 -0.061395 0.178349 -0.263230 -0.080994 -0.018793 -0.269959 0.160582 -0.054394 0.031975 0.195441 -0.163920 0.197129
-0.322704 -0.341396 0.372144 0.448994 0.179334 0.127756 0.032860 -0.119125 -0.197231 -0.278782 -0.269577 -0.084281 -0.258995 -0.305859 0.021762 -0.055281 -0.451527 -0.311890 0.452942 0.200858 0.323005 0.143891 0.748657 0.608628 0.222593 0.686365 0.503741 1.000000 0.043996 -0.027710 0.521025 0.471440 -0.353502 0.039774 0.225981 0.401077 -0.160206 -0.028726 0.203762 0.164712 -0.036327 -0.047559 -0.270727 -0.205621 -0.263491 -0.273946 -0.136124 -0.153691 -0.248073 -0.535203 0.335461 -0.506037 -0.400583 -0.245560 -0.086793 -0.174266 -0.365377 -0.055788 -0.413174 -0.320804 -0.373658 -0.433229 -0.398052 -0.479332 0.361931 0.011672 0.042194 0.219912 -0.043414 -0.106938 0.056817 0.031883 -0.074830 -0.114630 -0.102626 0.019797 -0.210052 -0.126227 -0.047700 -0.278221 -0.353690 -0.369486 0.439614 0.414919 0.101558 -0.130361 0.441769 0.367028 0.576586 0.192256 -0.238035 0.192413 0.025776 0.184801 0.150823 -0.049864 -0.049198 -0.074390 -0.387183 -0.243147 -0.352524 -0.113758 -0.304126 0.170927 -0.023809 0.088805 -0.228089 0.125312 -0.054465 -0.189379 0.179042 -0.227674 -0.064490 0.192678 0.096992 -0.054857
0.136955 0.079922 -0.200744 -0.260932 -0.048973 -0.606715 0.156085 -0.225412 -0.415613 -0.387928 0.090501 0.131770 0.145821 0.027786 -0.103146 -0.086764 0.247732 0.261099 0.224753 0.082783 0.114801 0.106783 0.001379 -0.239996 -0.310071 -0.041788 -0.031453 0.043996 1.000000 0.692686 0.487471 0.341244 0.222985 0.374782 0.090227 -0.116882 0.479065 0.188671 0.031987 -0.176048 0.245462 0.052981 -0.021561 -0.086563 -0.124026 -0.434396 0.190699 -0.250122 -0.377855 -0.060351 -0.294060 -0.159688 -0.076337 -0.024522 0.162564 0.205253 0.030292 0.124908 -0.078745 -0.355426 -0.146504 -0.312543 0.415707 0.155517 -0.203006 -0.492899 -0.091752 -0.411768 0.124511 -0.074911 -0.090013 -0.085893 0.745740 0.360755 0.334708 0.374158 0.278047 -0.028936 0.296852 0.242146 0.404629 0.258197 0.034764 0.357772 0.079969 -0.014068 0.083260 -0.097318 -0.190694 -0.176948 -0.044285 -0.122872 -0.118396 0.005285 -0.031542 -0.230652 0.197860 -0.034172 0.397228 0.121804 0.023130 0.141756 0.171410 -0.066956 -0.188880 -0.127992 0.111346 0.175680 -0.274467 -0.182144 -0.145925 -0.061462 -0.015078 -0.240869 -0.082064 0.199773
-0.068257 0.046956 -0.236015 -0.382224 -0.045273 -0.416091 0.142220 -0.060036 -0.399644 -0.099985 0.019743 0.060707 0.067384 0.270140 -0.421067 -0.126197 0.282389 0.317404 0.015957 -0.044082 0.247104 0.329191 -0.275397 -0.289885 -0.133862 0.185322 -0.071418 -0.027710 0.692686 1.000000 0.490042 0.482293 0.228211 0.573025 0.199093 -0.035432 0.549208 0.317203 -0.152172 -0.124147 0.369730 0.167672 -0.173472 -0.216065 -0.001862 -0.346343 -0.005826 -0.364567 -0.270930 -0.168580 -0.321950 -0.146789 -0.240620 -0.164551 0.017536 -0.005709 0.012118 0.103920 -0.058417 -0.043863 -0.160848 -0.137198 0.410877 0.295462 -0.410831 -0.404791 0.040370 -0.218300 -0.028006 -0.150576 0.043249 0.201046 0.750138 0.547272 0.450654 0.511792 0.408841 0.216630 0.297090 0.347388 0.424041 0.362777 -0.288950 0.342460 -0.131260 -0.212630 -0.126913 -0.213123 -0.440828 -0.347541 0.254026 -0.177828 0.086271 0.035309 -0.113660 -0.202997 0.083196 -0.201148 0.279264 0.109087 0.296022 0.149215 0.521428 0.121926 0.022680 0.018331 -0.043349 0.131869 -0.210468 -0.047984 -0.179903 -0.054809 -0.060695 -0.053531 0.118878 0.205531
-0.185767 -0.244505 0.283858 0.153182 0.128462 -0.278949 0.332433 -0.077946 -0.414576 -0.273746 -0.155561 -0.104395 -0.087340 0.009291 -0.203732 -0.019343 -0.241365 -0.236003 0.347765 -0.023893 0.338547 0.166676 0.438628 0.298517 -0.054095 0.524039 0.261618 0.521025 0.487471 0.490042 1.000000 0.812475 -0.124649 0.419429 0.204528 0.135688 0.143378 0.189166 -0.111364 -0.064467 0.186046 0.041897 -0.422512 -0.407715 -0.236088 -0.470193 -0.104108 -0.439502 -0.287703 -0.522112 0.044107 -0.382296 -0.203074 -0.162778 -0.115391 -0.215639 -0.308082 -0.110554 -0.123462 -0.213681 -0.240416 -0.385564 0.087051 -0.157267 0.144975 -0.232484 0.133098 -0.023106 -0.137468 -0.243584 -0.027314 -0.051169 0.372965 0.170963 0.260679 0.373668 0.143616 0.012238 -0.014651 -0.064101 -0.086676 -0.072606 0.236703 0.532063 -0.074149 -0.211256 0.120812 0.032596 0.057817 -0.144858 0.043164 0.135193 0.133938 0.292772 0.114316 -0.193839 0.037388 -0.095311 -0.051851 -0.129251 -0.050235 -0.005702 0.123166 0.214200 -0.070357 -0.017085 -0.136338 0.185217 -0.155971 -0.240704 -0.088847 -0.137049 -0.139438 0.148685 -0.106524 0.319303
-0.314590 -0.286089 0.331381 0.098506 -0.016440 -0.129728 0.280727 -0.064098 -0.446527 -0.178350 -0.079817 -0.081708 -0.085225 0.135787 -0.110069 0.110217 -0.283692 -0.304562 0.302880 0.000688 0.300787 0.251927 0.461675 0.433390 0.069277 0.582230 0.163757 0.471440 0.341244 0.482293 0.812475 1.000000 -0.008070 0.567838 0.158437 0.301902 0.172295 0.290065 -0.139390 -0.066651 0.367724 0.054519 -0.578701 -0.517295 -0.401067 -0.500271 -0.412221 -0.449346 -0.245329 -0.722625 0.041025 -0.492314 -0.380160 -0.425857 -0.130722 -0.291508 -0.474997 -0.259133 -0.200478 -0.168787 -0.228797 -0.289525 -0.006543 -0.218603 0.076236 -0.111334 0.219972 0.196576 -0.091357 -0.160980 0.024807 0.172666 0.264900 0.166440 0.309940 0.361234 0.284298 0.248052 -0.058944 -0.058506 -0.146735 -0.098900 0.315240 0.571727 -0.238122 -0.469814 0.008401 0.130849 0.047929 -0.056417 0.152361 0.309737 0.220498 0.399116 0.061140 -0.046382 -0.008618 -0.126754 -0.162164 -0.139623 -0.040577 0.068431 0.154040 0.330261 0.025702 0.046329 -0.041788 0.136994 -0.017048 -0.170443 0.027111 -0.162669 -0.113535 0.139485 0.010018 0.215351
0.231562 0.225292 -0.278705 -0.078804 -0.456093 -0.391327 -0.222411 0.217219 -0.359440 -0.195565 0.161901 0.303431 0.012975 0.453153 -0.134943 0.152217 0.353819 0.151886 -0.365388 -0.087570 -0.253329 -0.166968 -0.312231 -0.311961 -0.368370 -0.345546 -0.501628 -0.353502 0.222985 0.228211 -0.124649 -0.008070 1.000000 0.409885 -0.177514 -0.146762 0.307194 -0.054233 -0.210781 -0.194054 0.188054 -0.033669 0.196255 0.115264 0.104905 0.019170 0.080302 -0.101472 -0.192720 0.244832 -0.115846 0.283427 0.157499 -0.129336 0.152675 0.154894 0.268415 0.084503 0.033978 0.204681 -0.115227 0.118087 0.143620 0.278433 -0.425971 -0.039394 0.123431 -0.148862 0.151555 0.050248 -0.297771 -0.061579 0.212417 0.252863 0.170607 0.090027 0.201304 0.114900 0.155013 0.256614 0.299583 0.216166 -0.200605 -0.054143 -0.173564 0.034438 -0.045318 -0.112085 -0.404105 -0.030255 0.027791 -0.198349 0.022668 -0.004310 -0.261070 -0.035310 0.221256 -0.132092 0.294036 0.315408 0.237984 -0.015848 0.206229 -0.103265 -0.132510 -0.254889 0.212481 -0.046892 -0.066173 0.071351 -0.171718 -0.029751 -0.009981 -0.092703 -0.112490 -0.103634
-0.068503 -0.007695 0.082976 -0.198984 -0.238623 -0.273271 0.063684 0.196774 -0.341754 -0.084849 0.096703 0.225812 0.171299 0.434228 -0.116037 0.203053 0.100418 0.038181 -0.161921 -0.180410 -0.032021 0.084621 -0.031747 -0.055411 -0.156901 0.145240 -0.237295 0.039774 0.374782 0.573025 0.419429 0.567838 0.409885 1.000000 0.029022 0.167263 0.113599 0.074656 -0.455640 -0.279882 0.238484 -0.049728 -0.094968 -0.068993 -0.005702 -0.106743 -0.145410 -0.280115 -0.062562 -0.198811 -0.004068 -0.097979 -0.178528 -0.278594 -0.129741 -0.009658 -0.013979 0.032033 -0.008803 0.017752 -0.113064 -0.017393 0.028017 0.183509 -0.185241 0.035999 0.221062 0.056850 0.009834 -0.176569 -0.163913 0.070360 0.404181 0.150424 0.242033 0.229722 0.192137 0.136407 0.106698 0.200998 0.134589 0.008260 -0.040095 0.209910 -0.174990 -0.266503 -0.119344 -0.049118 -0.252106 -0.127156 0.021925 -0.180034 0.077967 0.010630 -0.227390 -0.205581 0.089996 -0.305324 -0.079916 -0.036075 0.141372 0.103864 0.222607 0.059205 -0.129527 -0.252658 -0.022900 -0.032955 -0.179538 -0.001037 -0.076125 -0.038624 -0.174732 -0.134337 -0.083405 -0.026778
-0.466325 -0.362841 -0.001031 -0.013794 0.139617 -0.005500 -0.087003 -0.115566 -0.024300 0.168847 -0.304991 -0.294277 -0.343362 -0.240695 -0.451230 -0.496642 -0.350659 -0.072661 0.262444 -0.163549 0.221345 0.291680 0.165068 0.040836 0.148662 0.359036 0.138475 0.225981 0.090227 0.199093 0.204528 0.158437 -0.177514 0.029022 1.000000 0.428890 0.055651 0.260840 0.170768 0.199022 0.140701 -0.021505 -0.169978 -0.221357 0.234010 0.167546 -0.019548 -0.222205 -0.052508 -0.205479 -0.095580 -0.284230 -0.317332 -0.088024 -0.241030 -0.081357 -0.286367 -0.073303 -0.230033 0.010703 -0.226217 -0.180686 -0.199768 -0.234149 0.076616 -0.093142 0.263962 0.410672 -0.193020 -0.121793 0.012648 0.203414 0.077627 -0.059568 -0.084225 -0.071447 -0.066500 0.153183 0.045497 0.095090 -0.132608 -0.198302 0.080301 0.162287 0.173631 -0.064752 0.113970 0.291484 0.206404 -0.162797 -0.030809 -0.015389 -0.033568 0.067907 0.346426 -0.136489 -0.084546 -0.125332 -0.260271 -0.255315 -0.182797 0.134478 0.232033 0.264317 0.310896 0.421493 0.136465 0.146047 -0.035082 -0.295242 -0.217655 -0.260806 -0.147441 0.215565 0.203764 0.152796
-0.546696 -0.352682 0.343606 0.131110 0.137880 0.390598 0.137381 0.089457 0.089324 0.109883 -0.097471 -0.023818 0.017045 0.105307 -0.135388 -0.028167 -0.316085 -0.231204 -0.007783 -0.227894 0.282902 0.228778 0.314584 0.410054 0.349350 0.386171 0.097468 0.401077 -0.116882 -0.035432 0.135688 0.301902 -0.146762 0.167263 0.428890 1.000000 -0.115850 0.202872 0.241064 0.264124 0.133939 0.186606 -0.402916 -0.446345 0.107532 0.120759 -0.397571 -0.298169 0.324965 -0.436379 -0.217676 -0.575537 -0.674907 -0.265264 -0.029464 -0.143236 -0.498863 -0.428954 -0.098443 -0.052798 0.159779 0.070820 -0.395961 -0.161040 0.342837 0.367889 0.187922 0.456151 -0.378522 -0.382940 0.160689 0.324893 -0.172622 -0.039986 -0.019112 0.094983 0.121512 0.206548 -0.107488 -0.283500 -0.503223 -0.592860 0.131178 0.113738 -0.335289 -0.192214 0.027460 0.285465 0.239627 0.092019 0.021219 0.173192 0.152108 0.196680 0.147288 -0.055378 -0.245289 -0.159402 -0.489379 -0.208082 -0.152085 0.065548 -0.031045 0.235168 0.217012 0.297595 0.055608 -0.039679 0.144626 -0.085161 -0.211297 -0.307701 -0.057198 0.330331 0.235182 0.040523
