1.000000 0.302419 0.042842 -0.557081 -0.029869 -0.165823 0.216248 -0.262268 0.092553 -0.006392 0.256167 0.295708 0.222174 0.271316 0.282446 0.253094 0.230466 0.339773 -0.194689 0.071284 -0.047198 -0.182243 -0.050468 -0.276392 -0.440893 -0.472681 0.013922 -0.497364 0.300401 0.345323 -0.138495 -0.094815 -0.170071 -0.025733 -0.310665 -0.100820 -0.006973 -0.175054 -0.183669 -0.324837 -0.257981 -0.344684 -0.203681 -0.214609 -0.150362 -0.410332 0.043970 -0.297453 0.233431 -0.071726 -0.132617 -0.001338 0.247774 0.109689 -0.280721 -0.214787 0.334720 0.310289 0.256018 0.036378 0.347415 0.206875 0.122658 0.327158 -0.159582 -0.234366 -0.046646 -0.546989 0.076767 0.029483 -0.031627 -0.171004 0.217707 0.036676 0.118367 -0.068260 -0.039274 0.089273 0.061260 0.262198 0.225574 0.276349 0.195851 0.213760 -0.210599 -0.226090 -0.111127 -0.284712 -0.206268 0.081618 -0.058409 0.194428 -0.250641 0.032546 -0.097348 0.100882 -0.290793 -0.255134 0.094098 0.076902 -0.071357 -0.003335 -0.165950 0.147717 -0.229185 -0.200646 0.217807 0.294181 -0.071140 -0.050441 -0.477221 0.202235 -0.030610 0.175881 -0.117858 0.293768
0.302419 1.000000 -0.227696 -0.026620 -0.100692 0.040985 -0.320113 0.153221 -0.008184 0.246805 0.085253 0.106065 -0.070716 0.232266 -0.061521 0.034832 0.382543 0.120660 -0.202865 0.184755 0.058642 -0.119245 -0.336998 -0.187648 -0.205018 -0.251704 0.015840 -0.078910 0.121625 0.232991 0.161163 -0.135511 -0.251192 -0.081119 -0.226534 0.054350 -0.130224 -0.078044 -0.280564 -0.013618 -0.288373 -0.087785 -0.134844 -0.086693 0.033199 0.022766 -0.160166 -0.119785 0.421536 0.310458 -0.115272 0.174000 0.290395 0.015299 -0.212723 -0.159728 0.273147 0.371497 0.218952 0.091235 0.214003 0.296969 -0.152356 0.146321 -0.183414 0.225806 -0.073651 -0.210723 0.053073 -0.078360 0.157287 -0.208320 -0.207732 0.268510 0.084513 0.211581 0.278639 0.100517 -0.152765 -0.013038 -0.264842 -0.076728 -0.051226 -0.003773 -0.317654 -0.240068 0.017462 0.090933 -0.078488 0.129317 0.020174 -0.196215 -0.223977 -0.152903 0.130938 0.185840 -0.070179 -0.175206 0.465299 0.192223 0.119535 0.063772 -0.077863 0.006475 -0.045100 -0.132930 0.016066 0.069940 0.337578 -0.061412 -0.188228 0.129533 0.047367 0.125763 0.030270 0.096972
0.042842 -0.227696 1.000000 -0.180719 0.434906 0.155423 0.528406 0.335951 0.491793 0.068656 0.131166 -0.102225 0.089767 0.379256 0.102152 -0.121116 -0.309073 -0.112306 -0.292283 -0.448656 0.015935 0.064280 0.025661 -0.242357 0.246662 0.086326 -0.184839 -0.176190 -0.154370 0.062716 0.090981 0.213993 0.050488 0.006084 -0.030871 -0.136156 -0.347749 -0.151340 -0.036933 -0.084234 -0.269744 -0.103673 -0.018463 -0.353919 -0.286228 -0.418874 -0.085701 -0.272229 0.165282 0.084393 0.266023 0.169942 0.008452 -0.242976 -0.076408 -0.248746 -0.000518 -0.288385 0.391709 0.205340 0.502269 0.365623 -0.070475 -0.010797 0.151335 0.221453 0.284197 -0.261234 -0.203292 -0.214438 -0.053503 -0.024794 -0.038636 -0.041257 -0.011150 0.014421 -0.240711 -0.159750 -0.234752 -0.043305 -0.230022 -0.250370 -0.222431 -0.482005 -0.363903 -0.560190 -0.007042 -0.361374 0.182143 0.235049 -0.120901 0.038766 -0.389573 0.024388 0.003741 0.026166 0.079096 -0.011970 -0.105746 -0.134263 0.154662 -0.057881 0.169797 -0.191873 -0.208565 -0.167288 0.093358 0.138756 0.175257 -0.236803 -0.007311 0.152983 0.106864 0.009310 -0.058332 -0.203122
-0.557081 -0.026620 -0.180719 1.000000 -0.177788 0.327891 -0.402193 0.392086 -0.089962 0.219340 -0.242604 -0.110562 -0.396569 -0.227449 -0.322300 -0.063275 -0.028363 -0.240262 0.300999 0.124545 -0.008788 0.110065 -0.042985 0.226597 0.251432 0.376406 0.071925 0.491305 -0.385317 -0.336562 -0.058921 -0.118789 -0.097522 0.048284 0.311218 0.268891 0.026865 0.181678 -0.139151 0.303375 0.150532 0.037622 0.086414 0.118284 0.012248 0.375989 -0.142768 0.270100 -0.245163 0.072157 -0.106945 -0.120064 -0.248642 -0.072146 0.010759 -0.014626 -0.239112 -0.117401 -0.250343 -0.011715 -0.325404 0.011213 -0.228170 -0.224406 0.187099 0.389837 -0.062226 0.547627 0.077516 0.022306 -0.107838 0.207796 -0.300037 -0.055306 -0.171622 -0.163673 0.056209 -0.181863 -0.001962 -0.143592 -0.175768 -0.234980 -0.285353 -0.123346 0.186594 0.164345 0.009781 0.210509 0.276767 0.012378 -0.031643 -0.424374 0.363871 -0.066929 -0.085983 -0.046409 0.150007 0.303101 -0.086479 -0.276950 0.029891 0.124910 0.017685 -0.092190 0.273947 0.209395 -0.109968 -0.536079 -0.122892 0.164102 0.317840 -0.453931 -0.030820 -0.144163 0.152023 -0.124297
-0.029869 -0.100692 0.434906 -0.177788 1.000000 0.280407 0.335756 -0.084342 0.531657 0.273777 0.347693 -0.037608 0.291662 0.251603 0.354351 0.175818 0.009721 -0.086317 -0.177023 -0.120180 0.218014 -0.040657 0.278702 0.197211 0.005010 -0.226398 0.186134 0.073552 0.215392 0.030090 -0.157001 -0.155929 -0.030233 -0.186034 0.172004 0.035170 -0.218676 0.170392 0.021019 0.051132 -0.015790 0.204282 -0.139790 -0.347229 -0.124255 -0.208723 -0.264936 -0.270478 0.073637 -0.195243 0.100668 -0.056012 0.014075 -0.174189 -0.022041 -0.072762 -0.280171 -0.311382 0.380720 -0.020068 0.410310 0.128887 0.245283 0.028248 0.294524 0.093388 0.185041 -0.047267 -0.127977 0.046195 -0.252178 -0.243524 -0.020676 -0.184777 -0.212085 0.008008 -0.111822 -0.276437 -0.186462 -0.155755 -0.192634 -0.102630 0.254690 -0.010466 0.138330 -0.195964 0.261701 -0.017152 0.419138 0.157954 -0.143077 0.202474 -0.092173 -0.036851 -0.268488 -0.083598 -0.104663 -0.069922 -0.143319 -0.092292 0.208532 -0.067181 0.037365 -0.326133 -0.217771 -0.132440 -0.219964 -0.016504 0.183660 -0.382374 0.049788 0.159999 -0.123946 -0.060600 -0.107094 -0.137077
-0.165823 0.040985 0.155423 0.327891 0.280407 1.000000 -0.029229 0.321847 0.306499 0.576314 -0.153704 -0.028682 -0.369387 -0.057229 -0.066918 0.143448 0.034744 -0.218486 -0.191855 -0.207723 0.284457 0.124004 -0.003659 0.143988 0.284458 0.191112 0.369686 0.341216 -0.199816 -0.007798 -0.038779 -0.117111 -0.098654 -0.138550 0.011456 0.078705 -0.280276 -0.003969 -0.123010 0.029658 -0.206338 0.042072 -0.040030 -0.260302 -0.063039 0.001519 -0.125609 -0.125564 -0.157326 0.113325 -0.205243 -0.252910 -0.267934 -0.209135 -0.355577 -0.293017 0.147001 -0.054922 0.141126 0.032075 0.197102 0.311835 -0.205198 -0.278099 0.512654 0.571793 0.221909 0.131846 0.204934 0.048160 -0.085557 -0.001494 -0.285040 0.105341 -0.101766 -0.075495 -0.069892 -0.285779 -0.176138 -0.101611 -0.256375 -0.297264 -0.208857 -0.165705 0.067132 -0.028000 0.124671 -0.044078 0.390502 -0.004925 0.198713 -0.064105 0.136579 -0.226773 -0.105920 -0.130139 -0.092246 -0.138149 0.054706 -0.139687 0.284544 0.094081 0.063753 -0.226547 -0.061523 -0.043241 0.020471 -0.137495 0.030345 -0.193969 0.070160 0.013028 -0.123374 -0.116933 0.015770 0.105363
0.216248 -0.320113 0.528406 -0.402193 0.335756 -0.029229 1.000000 0.007170 0.408498 -0.134871 0.150614 -0.030092 0.463301 0.344537 0.272206 0.173614 -0.141792 0.205537 0.005043 0.007267 0.095518 -0.084836 -0.038025 -0.155848 -0.170694 -0.286134 -0.043545 -0.531816 0.211558 0.240050 0.110596 0.171238 0.224270 -0.047098 -0.084199 -0.472535 -0.217562 -0.291739 -0.140801 -0.481394 -0.099667 -0.146030 -0.284892 -0.332516 -0.188508 -0.529402 0.085611 -0.355611 -0.120179 -0.236820 -0.117024 -0.179172 0.009590 0.189291 -0.445157 -0.366965 0.120911 -0.152532 0.272057 0.118531 0.381242 0.187398 0.441915 0.262234 0.042153 -0.302705 0.257667 -0.376714 -0.186125 -0.061314 -0.170453 -0.108987 0.316440 -0.051941 -0.006484 0.038765 -0.269761 -0.179975 -0.086466 0.263210 0.260982 0.310006 0.235907 0.097229 -0.218717 -0.236482 -0.231800 -0.552858 -0.111493 -0.016968 0.007523 0.376156 -0.271500 0.082636 -0.266960 -0.142149 -0.481455 -0.406843 -0.097689 -0.067687 -0.105139 -0.071259 -0.134290 -0.301520 -0.503990 -0.260434 0.075188 0.219391 -0.019035 -0.206534 -0.364481 0.044731 0.018684 -0.059969 0.155992 -0.324740
-0.262268 0.153221 0.335951 0.392086 -0.084342 0.321847 0.007170 1.000000 0.119400 0.252629 -0.177379 -0.071847 -0.340390 0.065569 -0.303223 -0.153239 0.044837 -0.255890 -0.213570 -0.169356 -0.022604 0.002472 -0.334435 -0.110236 0.169071 0.331770 -0.130977 0.113421 -0.396928 0.010345 0.285784 0.149911 -0.250396 -0.000553 0.075552 0.082878 -0.107417 -0.034736 -0.308433 0.082487 -0.328228 -0.050271 0.106149 -0.137184 -0.058472 0.082481 -0.016881 0.055894 -0.098332 0.332459 -0.063091 -0.028547 -0.164572 -0.017798 -0.242886 -0.279311 0.225982 -0.017577 -0.043686 0.097345 0.071674 0.361092 -0.278080 -0.216766 0.230065 0.540323 0.052453 0.192244 -0.018494 -0.107151 0.193000 -0.020760 -0.321454 0.154837 0.055480 0.128896 0.119062 -0.213565 -0.172502 -0.076857 -0.249338 -0.254324 -0.417799 -0.394925 -0.345425 -0.214435 -0.007280 -0.190605 0.188232 0.130741 0.215708 -0.336325 -0.132727 -0.349033 -0.013088 0.118716 0.211366 0.001128 0.129451 -0.220737 0.151195 0.064051 0.235235 -0.122313 0.031423 -0.075658 0.091539 -0.139857 0.274857 -0.206598 0.168755 -0.037604 0.298093 -0.049737 0.137853 -0.084331
0.092553 -0.008184 0.491793 -0.089962 0.531657 0.306499 0.408498 0.119400 1.000000 0.473893 0.380843 0.155190 0.224382 0.329109 0.361047 0.348719 0.032539 0.044808 -0.309373 -0.228316 0.075831 -0.259708 0.128421 -0.092724 -0.005403 -0.328073 0.087522 -0.155496 0.024249 0.012269 -0.071379 -0.273562 -0.071737 -0.211541 0.015166 -0.009507 -0.389597 -0.301024 -0.263241 -0.209838 -0.229073 -0.180614 -0.204083 -0.421142 0.036754 -0.321542 -0.147086 -0.366352 0.088949 -0.072017 0.070738 -0.078979 0.001573 0.035801 -0.268097 -0.289821 -0.102181 -0.299487 0.456913 -0.097774 0.527767 0.298489 0.031897 -0.019620 0.373874 0.207932 0.071048 -0.217678 -0.428479 -0.251806 -0.343193 -0.363708 -0.062169 -0.169528 -0.164770 -0.136331 -0.177468 -0.313655 -0.330833 -0.068993 0.002169 -0.024833 0.073562 -0.000583 0.067899 -0.156384 0.007610 -0.333485 0.388970 0.205818 -0.126984 0.354015 -0.032480 0.137207 -0.364682 -0.080668 -0.296881 -0.145206 -0.133707 -0.009823 0.269670 -0.150180 -0.185286 -0.288481 -0.229933 -0.215968 -0.003414 0.167915 0.116051 -0.108013 -0.158786 0.065256 -0.079085 -0.123502 0.026299 0.085467
-0.006392 0.246805 0.068656 0.219340 0.273777 0.576314 -0.134871 0.252629 0.473893 1.000000 0.166945 0.412725 -0.241036 0.141218 0.105273 0.348299 0.132174 -0.242557 -0.327562 -0.314174 -0.044788 -0.352289 -0.014035 -0.009633 0.038565 -0.209806 0.006296 0.101702 -0.302936 0.039379 -0.318099 -0.568428 -0.357113 -0.484034 0.037920 0.149095 -0.166543 -0.013026 -0.375483 0.123386 -0.333622 -0.112882 -0.056487 -0.198216 0.201451 0.146416 -0.248484 -0.147744 0.185052 0.139444 0.080847 0.025812 -0.029122 -0.106191 -0.185296 -0.145168 -0.089805 -0.246037 0.236503 -0.167206 0.357529 0.335067 -0.193725 -0.196955 0.454767 0.599819 0.065621 0.216287 -0.107571 0.024901 -0.295501 -0.465200 -0.463649 -0.288387 -0.206993 -0.226329 0.017624 -0.202810 -0.204679 0.004628 -0.286956 -0.172436 -0.182175 0.002480 0.119096 0.119158 -0.021965 0.110240 0.433952 0.318522 0.184359 -0.009359 0.280913 -0.171868 -0.316790 -0.127764 -0.040317 -0.046859 -0.150112 -0.188228 0.491018 -0.302710 0.018730 -0.062871 0.107288 0.096359 -0.080556 -0.134644 0.271096 -0.213832 0.192510 -0.009859 -0.188348 -0.228665 0.012772 0.105171
0.256167 0.085253 0.131166 -0.242604 0.347693 -0.153704 0.150614 -0.177379 0.380843 0.166945 1.000000 0.376236 0.383158 0.198258 0.560958 0.352920 0.248386 0.133187 -0.090619 -0.063179 -0.103146 -0.468210 0.375132 0.094206 -0.237746 -0.553075 -0.076803 -0.223603 0.276237 0.067376 -0.125261 -0.266298 -0.255755 -0.196206 -0.045868 0.010264 -0.063289 -0.124563 -0.154031 -0.044030 -0.172349 -0.086386 -0.090847 -0.227825 0.078003 -0.182418 -0.276720 -0.295988 0.233040 -0.287314 0.020873 -0.121640 0.064781 0.112207 0.057753 0.014364 -0.246758 -0.061513 0.275407 -0.397087 0.357454 -0.046680 0.095994 0.055391 0.250109 -0.086444 -0.201607 -0.267811 -0.265536 -0.262070 -0.247104 -0.454520 0.004989 -0.092684 -0.012521 -0.007065 0.003509 -0.089650 -0.120061 -0.114068 0.043403 0.141246 0.505124 0.287447 0.341905 0.045031 0.060697 0.045368 0.286030 0.205269 -0.090111 0.384610 0.050192 0.210489 -0.219707 -0.005480 -0.268195 -0.011642 -0.256868 -0.023711 -0.027251 -0.168522 -0.152855 0.022409 -0.177464 -0.153941 -0.037649 0.159428 0.282620 -0.228237 -0.199367 0.338569 -0.154405 0.100483 -0.025655 0.067169
0.295708 0.106065 -0.102225 -0.110562 -0.037608 -0.028682 -0.030092 -0.071847 0.155190 0.412725 0.376236 1.000000 0.299764 0.286991 0.496983 0.635902 0.195444 0.130888 -0.081554 -0.154054 -0.152439 -0.648674 -0.024587 -0.109759 -0.400598 -0.545126 -0.107928 -0.335310 0.085642 0.182881 -0.252662 -0.496924 -0.132483 -0.178590 -0.381786 -0.129963 0.044542 -0.130210 -0.339231 -0.080515 -0.199879 -0.313307 -0.159091 -0.139615 0.263603 -0.148176 0.127160 -0.308873 0.303179 0.000947 0.133958 0.173199 0.319691 0.052729 0.097877 0.024882 -0.094456 -0.067756 0.141870 -0.154571 0.336153 0.256232 0.200982 0.272398 0.056612 -0.045663 -0.139336 -0.227986 -0.202009 -0.117400 -0.147684 -0.539749 0.058644 -0.303627 0.064759 -0.071016 -0.111420 0.083556 -0.014081 0.051346 -0.050210 0.039064 0.253924 0.418373 0.069091 0.219997 -0.029861 0.027056 0.225774 0.374216 -0.055245 0.096752 0.212448 0.004134 -0.110478 0.056375 -0.180746 -0.038208 -0.318792 -0.174263 -0.001577 -0.280830 -0.147509 0.082191 -0.050410 -0.136367 -0.115332 -0.196944 0.195397 -0.149715 -0.168235 -0.084524 -0.199498 -0.173062 -0.165696 0.046422
0.222174 -0.070716 0.089767 -0.396569 0.291662 -0.369387 0.463301 -0.340390 0.224382 -0.241036 0.383158 0.299764 1.000000 0.507299 0.648513 0.534967 0.012210 0.288473 0.167923 0.098540 -0.001173 -0.273992 -0.088946 -0.186499 -0.606423 -0.685424 0.038793 -0.605044 0.535931 0.164583 -0.163285 -0.168316 0.187762 0.097850 -0.297117 -0.512352 0.089781 -0.323154 -0.097902 -0.318788 0.098234 0.013474 -0.473589 -0.386784 -0.014889 -0.541749 -0.046072 -0.461893 0.211737 -0.199636 0.142461 0.038629 0.379469 0.079886 -0.020125 -0.150651 -0.179575 -0.043860 0.332718 0.228844 0.394830 0.182945 0.734187 0.662740 -0.326326 -0.629201 0.051856 -0.447564 -0.276099 0.109401 -0.255213 -0.235959 0.510702 -0.213949 -0.088582 0.099389 -0.161672 -0.129075 0.037871 -0.038738 0.318566 0.298666 0.554396 0.492976 -0.016895 -0.103327 -0.016339 -0.231307 -0.104733 0.074333 -0.167767 0.295206 -0.106646 0.126686 -0.006793 0.125842 -0.479700 -0.146469 -0.150148 -0.147130 -0.172111 -0.001856 -0.204799 -0.207582 -0.296351 -0.226372 -0.187404 0.014922 0.062642 -0.035699 -0.294824 -0.100557 -0.092741 -0.214492 -0.126859 -0.067452
0.271316 0.232266 0.379256 -0.227449 0.251603 -0.057229 0.344537 0.065569 0.329109 0.141218 0.198258 0.286991 0.507299 1.000000 0.287187 0.311276 0.028297 0.285419 -0.290237 -0.180026 -0.042193 -0.196204 -0.402543 -0.580329 -0.437885 -0.489981 -0.214426 -0.616239 0.190673 0.411647 -0.089542 -0.101331 0.061810 0.084902 -0.470650 -0.399617 -0.105354 -0.444537 -0.205037 -0.338076 -0.452902 -0.262803 -0.358818 -0.406348 -0.210238 -0.535170 -0.148512 -0.583646 0.515529 -0.020754 0.278336 0.350832 0.399426 -0.223419 -0.219134 -0.515960 0.045277 -0.103551 0.540142 0.428946 0.646966 0.676746 0.293050 0.563056 -0.393575 -0.016203 0.260972 -0.454400 -0.187596 -0.070646 0.043475 -0.180190 0.141668 -0.121794 -0.108680 0.024898 -0.057055 0.028706 0.071531 0.014594 0.006681 -0.001132 -0.022958 -0.032223 -0.578413 -0.565453 -0.024783 -0.382081 -0.104530 0.362039 -0.237971 -0.079727 -0.475069 -0.037683 -0.037344 0.083975 -0.226574 -0.281309 -0.040044 -0.071294 0.172861 -0.002231 -0.192590 -0.031118 -0.128424 -0.241895 0.088461 0.117300 0.199467 -0.161447 -0.216918 -0.076189 -0.119979 0.106126 0.028345 -0.125429
0.282446 -0.061521 0.102152 -0.322300 0.354351 -0.066918 0.272206 -0.303223 0.361047 0.105273 0.560958 0.496983 0.648513 0.287187 1.000000 0.736857 0.131895 0.274386 -0.101284 -0.155329 0.065256 -0.382750 0.371010 0.168474 -0.351807 -0.539439 0.104598 -0.312974 0.492198 0.203236 -0.058610 -0.188843 -0.057680 -0.033677 -0.189832 -0.297476 0.040474 -0.214864 0.034449 -0.181858 0.097195 -0.088469 -0.212434 -0.286743 0.036742 -0.430774 0.050846 -0.405727 -0.002156 -0.190820 -0.072703 -0.203517 0.037444 0.163682 -0.038284 -0.031212 -0.254153 0.040111 0.109422 -0.185724 0.367536 0.091083 0.395439 0.254927 0.164135 -0.344816 -0.249248 -0.474786 -0.284526 -0.048233 -0.264910 -0.370342 0.385904 -0.182413 -0.047807 0.126672 -0.174680 -0.092911 0.064801 -0.108723 0.230569 0.281142 0.679179 0.583135 0.258520 0.091808 0.218741 -0.078547 0.187372 0.032556 -0.155145 0.342346 0.089355 0.116329 -0.058356 0.073425 -0.307833 -0.138841 -0.407604 -0.197616 -0.024793 -0.165001 -0.332853 -0.342910 -0.335601 -0.180463 -0.131648 -0.021956 -0.005493 -0.090220 -0.226853 0.175416 -0.255263 -0.123600 -0.186440 0.082583
0.253094 0.034832 -0.121116 -0.063275 0.175818 0.143448 0.173614 -0.153239 0.348719 0.348299 0.352920 0.635902 0.534967 0.311276 0.736857 1.000000 0.106971 0.301456 0.023779 -0.022612 0.130350 -0.436711 0.034436 0.041228 -0.564375 -0.659059 0.195824 -0.330812 0.334258 0.296309 -0.209593 -0.431559 -0.108317 0.002505 -0.291477 -0.241266 -0.015794 -0.330141 -0.303359 -0.339157 -0.031149 -0.298636 -0.346653 -0.313494 0.170852 -0.346609 0.086933 -0.449312 -0.027426 -0.155889 -0.078944 -0.189237 0.090914 0.239498 -0.261098 -0.174473 -0.170648 0.033839 0.132377 -0.036731 0.329943 0.329288 0.482259 0.428152 0.136504 -0.223396 -0.132137 -0.340272 -0.186875 0.119458 -0.383471 -0.443476 0.223698 -0.300709 -0.184102 -0.100322 -0.196419 -0.219213 0.030355 -0.013111 0.211984 0.201601 0.453198 0.741092 0.194937 0.250430 0.036547 -0.076322 0.203190 0.134026 0.019408 0.273195 0.282032 0.038980 -0.251790 -0.070290 -0.462913 -0.227794 -0.236364 -0.298818 -0.073266 -0.110730 -0.414092 -0.285950 -0.250523 -0.229042 -0.023400 -0.125040 0.007694 -0.104899 -0.293517 -0.129478 -0.243976 -0.382740 -0.064680 0.110400
0.230466 0.382543 -0.309073 -0.028363 0.009721 0.034744 -0.141792 0.044837 0.032539 0.132174 0.248386 0.195444 0.012210 0.028297 0.131895 0.106971 1.000000 0.248739 -0.124611 0.329310 -0.069477 -0.292501 0.058357 0.052331 -0.188845 -0.196384 -0.060680 -0.137690 0.351302 0.123742 0.049885 -0.162680 -0.285715 -0.266686 -0.137407 0.062677 0.023235 0.063087 -0.088928 0.197795 -0.013673 0.111591 0.076001 0.031975 0.074986 0.018381 -0.081861 0.176370 -0.006690 -0.050622 -0.294649 -0.110176 0.079288 0.203141 -0.093831 0.035225 0.216003 0.362866 -0.126617 -0.314972 0.038213 -0.067273 -0.025367 -0.040214 0.011707 0.050940 -0.309038 -0.143551 -0.006022 -0.102661 0.173784 -0.308764 0.015116 0.174636 0.118630 0.112590 0.271007 0.016092 0.097105 0.097670 0.175551 0.319565 0.264535 0.212166 0.052509 0.058313 0.241532 -0.008770 0.212102 -0.026377 0.038639 0.039337 -0.004056 -0.082842 -0.072139 0.181645 -0.015117 -0.067583 0.157958 0.057227 0.044455 -0.099598 -0.173589 0.033003 0.018406 -0.086165 -0.192853 -0.092386 0.216889 -0.098422 -0.011163 0.109025 0.072118 0.188542 -0.084977 0.128684
0.339773 0.120660 -0.112306 -0.240262 -0.086317 -0.218486 0.205537 -0.255890 0.044808 -0.242557 0.133187 0.130888 0.288473 0.285419 0.274386 0.301456 0.248739 1.000000 -0.025902 0.232068 0.013555 -0.002334 -0.037667 -0.164237 -0.374546 -0.313132 -0.185652 -0.452084 0.461508 0.380323 0.024108 0.095646 0.036146 0.203570 -0.413450 -0.220731 -0.095228 -0.432175 0.084922 -0.497242 -0.090017 -0.321163 -0.080104 -0.148036 -0.116693 -0.439843 0.298477 -0.236956 0.003664 -0.229764 -0.144558 -0.091551 0.021077 0.303500 -0.139254 -0.094153 0.246291 0.414722 0.034441 0.029661 0.097262 0.117436 0.143180 0.402930 -0.251995 -0.352472 -0.151570 -0.568649 -0.038089 -0.222715 0.175011 -0.014330 0.280160 0.086407 -0.027521 0.027614 -0.091559 0.107531 0.339337 0.444649 0.404179 0.467126 0.233432 0.372257 -0.179959 -0.057505 -0.070901 -0.362647 -0.125266 -0.065147 -0.238757 0.073520 -0.202569 -0.024386 0.025826 0.133508 -0.288680 -0.297327 0.033950 0.160390 -0.134543 -0.075990 -0.580921 -0.030379 -0.238969 -0.296217 0.256063 0.244720 0.050220 0.157828 -0.539801 0.142799 -0.080108 0.095933 0.095891 -0.062790
-0.194689 -0.202865 -0.292283 0.300999 -0.177023 -0.191855 0.005043 -0.213570 -0.309373 -0.327562 -0.090619 -0.081554 0.167923 -0.290237 -0.101284 0.023779 -0.124611 -0.025902 1.000000 0.601528 0.019401 -0.066574 -0.178526 0.155922 -0.103858 -0.037473 0.110694 0.011030 0.055240 -0.161987 -0.155086 -0.112541 0.352712 0.163027 0.079654 -0.264003 0.268206 0.248923 -0.173926 0.066196 0.504363 0.272965 -0.063288 0.117368 0.076946 0.115454 0.104338 0.179989 -0.188602 -0.266630 -0.052619 -0.133084 0.116462 0.102403 0.091985 0.266100 -0.222100 0.034416 -0.187344 0.073485 -0.404095 -0.285850 0.473312 0.262744 -0.241459 -0.420792 0.051643 0.231846 0.202079 0.301593 -0.086936 0.073296 0.330218 0.097757 0.121863 -0.037050 0.089745 -0.054841 0.140434 0.031382 0.177218 0.017932 0.068749 0.302586 0.269930 0.301790 -0.093452 0.056626 -0.192322 -0.205145 -0.079743 -0.107708 0.399486 0.168457 -0.042096 -0.170463 -0.215849 0.212065 -0.145847 -0.262550 -0.432543 0.134523 -0.031932 -0.079686 -0.019078 0.000078 -0.368724 -0.380844 -0.342287 0.227140 0.058049 -0.535771 0.059303 -0.377837 -0.037262 -0.174796
0.071284 0.184755 -0.448656 0.124545 -0.120180 -0.207723 0.007267 -0.169356 -0.228316 -0.314174 -0.063179 -0.154054 0.098540 -0.180026 -0.155329 -0.022612 0.329310 0.232068 0.601528 1.000000 -0.021808 -0.082438 -0.150428 0.210292 -0.172015 -0.066691 0.068340 -0.104124 0.384877 0.103770 0.094372 0.099695 0.187872 0.173402 0.102858 -0.090285 0.264861 0.262230 -0.122928 0.018702 0.393526 0.169210 0.030562 0.134957 0.078360 0.097152 0.042953 0.275985 -0.221856 -0.226716 -0.336218 -0.207308 0.048999 0.260389 -0.137064 0.151535 0.088154 0.375269 -0.280966 -0.063130 -0.432589 -0.299241 0.340267 0.164563 -0.265189 -0.381833 -0.067787 0.106303 0.182164 0.149556 0.064942 0.108654 0.311218 0.214938 0.114185 0.107918 0.324952 -0.069138 0.197426 0.104887 0.295548 0.209659 0.164300 0.299239 0.160071 0.088413 -0.012087 -0.023231 -0.185327 -0.341402 -0.011219 -0.061995 0.183001 0.048707 -0.130745 -0.031572 -0.245229 0.037233 0.241536 0.091060 -0.372448 0.230020 -0.146869 -0.165748 -0.119062 -0.114037 -0.353790 -0.315438 -0.133411 0.133921 -0.005527 -0.239819 0.050548 -0.050944 0.025109 -0.258111
-0.047198 0.058642 0.015935 -0.008788 0.218014 0.284457 0.095518 -0.022604 0.075831 -0.044788 -0.103146 -0.152439 -0.001173 -0.042193 0.065256 0.130350 -0.069477 0.013555 0.019401 -0.021808 1.000000 0.459958 -0.041660 0.054595 -0.076710 -0.007847 0.410496 0.176118 0.168182 0.237534 0.236568 0.162022 0.200147 0.166145 -0.065246 0.041771 -0.308142 -0.009404 0.166403 -0.147259 0.101726 0.002501 -0.215268 -0.102289 -0.241146 -0.184084 0.067998 -0.133378 -0.319238 -0.011119 -0.249083 -0.198980 -0.093456 0.125558 -0.263842 -0.092833 0.050983 0.087490 0.074087 0.139618 0.061329 0.116393 0.108464 0.091955 0.103215 -0.016710 0.165122 -0.093463 0.129977 0.204246 0.042381 0.006232 0.041793 0.270276 -0.014078 0.140016 0.026048 0.081692 -0.215788 -0.110041 -0.051873 -0.046463 0.163710 0.103327 -0.056776 -0.073166 0.154159 0.104555 -0.058914 0.019818 0.216945 0.178206 -0.041350 -0.060500 0.089491 0.043627 -0.126243 -0.288333 0.177834 -0.137028 0.145914 0.276797 0.125565 -0.112495 -0.182242 -0.192396 0.062256 0.116337 -0.158182 -0.158814 -0.248136 0.205475 0.105459 -0.136796 -0.111420 -0.087663
-0.182243 -0.119245 0.064280 0.110065 -0.040657 0.124004 -0.084836 0.002472 -0.259708 -0.352289 -0.468210 -0.648674 -0.273992 -0.196204 -0.382750 -0.436711 -0.292501 -0.002334 -0.066574 -0.082438 0.459958 1.000000 -0.060243 -0.015056 0.276953 0.494139 0.180280 0.376315 -0.180100 -0.011770 0.154927 0.399263 0.091408 0.324248 0.098882 0.159986 -0.130990 0.018673 0.467956 -0.095446 0.105008 0.012569 -0.002334 0.054245 -0.383946 0.060499 0.092324 0.146085 -0.309156 0.291916 -0.141106 0.011339 -0.251719 -0.088251 -0.116021 0.002545 0.066972 0.107902 -0.089965 0.250603 -0.232449 -0.095139 -0.232853 -0.126755 -0.142217 0.036368 0.138724 0.148439 0.243655 0.199667 0.228580 0.562161 -0.092807 0.352766 -0.104482 0.034658 -0.034663 0.075307 -0.036818 0.053790 -0.079986 -0.119050 -0.208458 -0.289295 -0.239372 -0.229337 -0.002895 0.079270 -0.295120 -0.264510 0.199032 -0.140015 -0.205416 -0.044898 0.105628 0.005992 0.244637 -0.150263 0.369087 0.098016 0.078063 0.288913 0.238512 0.155621 0.197885 0.154999 0.374961 0.208210 -0.268020 -0.003817 -0.025074 0.160912 0.126716 0.131095 0.010582 -0.067364
-0.050468 -0.336998 0.025661 -0.042985 0.278702 -0.003659 -0.038025 -0.334435 0.128421 -0.014035 0.375132 -0.024587 -0.088946 -0.402543 0.371010 0.034436 0.058357 -0.037667 -0.178526 -0.150428 -0.041660 -0.060243 1.000000 0.640096 0.357188 0.178459 0.076138 0.364114 0.180999 -0.227521 0.040292 0.113367 -0.120266 -0.201561 0.431990 0.400245 -0.031961 0.217249 0.409998 0.323079 0.249121 0.061806 0.322923 0.147316 0.125706 0.158297 -0.037535 0.266412 -0.301533 -0.301674 -0.200353 -0.331896 -0.371702 0.146908 0.267000 0.431370 -0.273266 -0.072507 -0.286144 -0.574749 -0.175150 -0.508400 -0.224590 -0.474988 0.572656 -0.033939 -0.396196 0.033662 -0.184717 -0.288473 -0.229420 -0.066428 0.010622 -0.185101 -0.018434 -0.010170 -0.103338 -0.028257 -0.056470 -0.162188 0.008103 0.083777 0.458220 0.146883 0.622091 0.245465 0.375735 0.304933 0.393908 -0.136198 -0.162213 0.266964 0.171802 0.100272 -0.019956 0.006211 0.140357 0.280196 -0.396262 -0.003175 0.008154 -0.131383 -0.137972 -0.145867 -0.032896 0.144945 -0.140535 -0.070816 -0.077781 0.041622 0.159294 0.333301 -0.108072 0.115908 -0.001291 0.055136
-0.276392 -0.187648 -0.242357 0.226597 0.197211 0.143988 -0.155848 -0.110236 -0.092724 -0.009633 0.094206 -0.109759 -0.186499 -0.580329 0.168474 0.041228 0.052331 -0.164237 0.155922 0.210292 0.054595 -0.015056 0.640096 1.000000 0.307676 0.303053 0.263710 0.533044 0.239179 -0.099260 0.203559 0.203703 -0.043290 0.060217 0.501875 0.383205 0.137604 0.380718 0.228077 0.322677 0.425959 0.364250 0.233023 0.124096 0.049859 0.330037 -0.079849 0.370089 -0.507424 -0.189026 -0.422468 -0.478352 -0.448622 0.167302 0.059813 0.410453 -0.320880 0.044684 -0.485061 -0.529646 -0.388362 -0.509564 -0.079045 -0.522635 0.555911 0.033743 -0.362680 0.294911 0.071980 -0.079454 -0.173646 0.055881 0.029317 -0.049294 -0.041479 0.041598 0.039687 -0.211858 -0.031287 -0.171768 -0.100928 -0.035733 0.459706 0.299355 0.587130 0.395848 0.282117 0.389743 0.319169 -0.248594 -0.012845 0.115471 0.403983 -0.069210 -0.030315 -0.033071 0.117691 0.322582 -0.184720 0.003534 -0.171084 -0.118287 -0.059424 -0.317667 -0.070972 0.187804 -0.314850 -0.345469 -0.122027 -0.039239 0.240291 0.103972 -0.036755 -0.010519 0.086723 -0.081486
-0.440893 -0.205018 0.246662 0.251432 0.005010 0.284458 -0.170694 0.169071 -0.005403 0.038565 -0.237746 -0.400598 -0.606423 -0.437885 -0.351807 -0.564375 -0.188845 -0.374546 -0.103858 -0.172015 -0.076710 0.276953 0.357188 0.307676 1.000000 0.750219 0.074487 0.614749 -0.374511 -0.341320 0.178845 0.240552 0.076803 -0.086619 0.377796 0.286241 -0.120148 0.300190 0.277688 0.391744 0.036137 0.201488 0.507189 0.381339 0.186800 0.447206 0.016183 0.407533 -0.213995 0.135121 0.050149 -0.057132 -0.308708 -0.141496 0.198694 0.329039 -0.053019 -0.161678 -0.299955 -0.259157 -0.339257 -0.361045 -0.472815 -0.630756 0.328714 0.313900 -0.096733 0.321616 0.111934 -0.196317 0.241137 0.316390 -0.278542 0.295362 0.183402 0.117894 -0.014297 -0.003409 -0.181218 -0.089843 -0.259555 -0.280697 -0.320806 -0.483332 0.211317 -0.003888 0.123583 0.171374 0.084579 -0.278170 0.027720 -0.064010 0.043034 0.081748 0.102821 -0.039535 0.426151 0.237043 -0.031900 0.165152 0.174351 -0.107596 0.275630 -0.125733 0.096860 0.137768 -0.082869 -0.113927 -0.087792 0.038202 0.371749 0.079928 0.029551 0.107938 0.013596 -0.122754
-0.472681 -0.251704 0.086326 0.376406 -0.226398 0.191112 -0.286134 0.331770 -0.328073 -0.209806 -0.553075 -0.545126 -0.685424 -0.489981 -0.539439 -0.659059 -0.196384 -0.313132 -0.037473 -0.066691 -0.007847 0.494139 0.178459 0.303053 0.750219 1.000000 -0.101936 0.608737 -0.337178 -0.289181 0.402904 0.542341 0.090520 0.125183 0.396748 0.304975 0.033551 0.306706 0.386252 0.420984 0.167139 0.143364 0.526342 0.416530 -0.020147 0.480537 0.118503 0.593633 -0.381405 0.155482 -0.119123 -0.088722 -0.425494 -0.170701 0.167734 0.240264 0.037391 -0.111173 -0.527549 -0.146606 -0.533726 -0.317148 -0.508106 -0.629435 0.222951 0.319410 -0.097775 0.425216 0.127420 -0.063035 0.360105 0.542409 -0.206511 0.216398 0.136207 0.139810 0.110376 0.143389 0.018279 -0.158694 -0.190778 -0.309563 -0.424845 -0.518624 -0.005535 -0.038061 0.126961 0.146271 -0.020208 -0.342080 -0.000586 -0.306414 -0.049199 -0.087390 0.285708 0.086478 0.525717 0.317941 0.056734 0.040178 0.022556 0.096974 0.283700 0.003156 0.268292 0.269339 -0.010420 -0.196176 -0.170096 0.109973 0.448707 0.040042 0.210083 0.149657 0.111263 -0.129434
0.013922 0.015840 -0.184839 0.071925 0.186134 0.369686 -0.043545 -0.130977 0.087522 0.006296 -0.076803 -0.107928 0.038793 -0.214426 0.104598 0.195824 -0.060680 -0.185652 0.110694 0.068340 0.410496 0.180280 0.076138 0.263710 0.074487 -0.101936 1.000000 0.348563 0.037801 -0.023280 -0.078795 -0.185828 0.060495 0.225887 0.051079 0.153855 0.089017 0.117095 -0.101054 -0.163939 0.015888 0.223032 -0.227371 -0.010709 0.053557 0.042247 0.012878 -0.075243 -0.271858 0.062138 -0.286932 -0.315779 -0.162823 0.217738 -0.255947 0.013890 -0.132566 0.072296 -0.025260 -0.018403 -0.103679 -0.117221 0.110598 0.007865 0.160570 -0.137577 -0.017463 0.091239 0.316317 0.324976 -0.095513 0.070421 0.028282 0.291025 0.095527 -0.067750 0.046666 -0.204442 -0.325051 -0.219356 0.001679 0.018034 0.261085 0.291502 0.335760 0.198077 0.207137 -0.001356 0.037459 -0.248379 0.119951 0.298545 0.350897 0.130913 -0.068641 -0.099120 -0.194709 -0.184870 0.158278 0.103246 -0.109015 0.268208 0.007354 -0.252428 -0.157832 -0.115359 0.057741 -0.042110 -0.256242 0.003999 -0.192654 -0.132349 -0.253104 -0.155401 -0.179632 0.218791
-0.497364 -0.078910 -0.176190 0.491305 0.073552 0.341216 -0.531816 0.113421 -0.155496 0.101702 -0.223603 -0.335310 -0.605044 -0.616239 -0.312974 -0.330812 -0.137690 -0.452084 0.011030 -0.104124 0.176118 0.376315 0.364114 0.533044 0.614749 0.608737 0.348563 1.000000 -0.373846 -0.315531 0.072077 0.036098 -0.168184 0.019049 0.520841 0.586872 -0.013696 0.443570 0.242495 0.419066 0.145298 0.277228 0.343847 0.343605 0.118179 0.609336 -0.057526 0.379453 -0.335137 0.112990 -0.108073 -0.189934 -0.417330 -0.104275 0.238764 0.360038 -0.292086 -0.160843 -0.357873 -0.267604 -0.421766 -0.355118 -0.445294 -0.556480 0.410628 0.366640 -0.268825 0.575873 0.170003 -0.053339 0.009301 0.256672 -0.372849 0.205721 -0.009069 -0.026011 0.037262 -0.078246 -0.142510 -0.263457 -0.386996 -0.320565 -0.138944 -0.200435 0.398108 0.263211 0.197487 0.474338 0.224931 -0.114705 0.067661 -0.168585 0.346096 -0.047830 0.039584 -0.024264 0.418280 0.258947 -0.051423 0.077187 0.036436 -0.008781 0.193562 -0.046477 0.244388 0.254220 0.006836 -0.173313 -0.075368 0.028438 0.295322 0.050034 -0.030770 0.045065 -0.000207 0.023825
0.300401 0.121625 -0.154370 -0.385317 0.215392 -0.199816 0.211558 -0.396928 0.024249 -0.302936 0.276237 0.085642 0.535931 0.190673 0.492198 0.334258 0.351302 0.461508 0.055240 0.384877 0.168182 -0.180100 0.180999 0.239179 -0.374511 -0.337178 0.037801 -0.373846 1.000000 0.476622 0.222155 0.325249 0.220817 0.227617 -0.152277 -0.137902 0.122294 -0.054340 0.180478 -0.077332 0.320202 0.199695 -0.121580 -0.173319 -0.161528 -0.431580 -0.003560 -0.138943 -0.097331 -0.331682 -0.338498 -0.302453 0.037523 0.183707 -0.118308 0.000117 0.008373 0.322865 -0.014772 -0.079911 0.082006 -0.041082 0.431290 0.296698 -0.088375 -0.420814 -0.105233 -0.512657 0.026048 -0.056108 0.009841 -0.105535 0.566210 0.057444 0.116974 0.322466 0.040672 0.024068 0.227754 -0.043999 0.331236 0.328497 0.614510 0.460482 0.063466 -0.117799 0.244133 -0.077914 -0.048653 -0.186654 -0.301968 0.198759 -0.225442 -0.062746 0.100170 0.272465 -0.318205 -0.050392 -0.029429 0.076062 -0.123563 -0.047272 -0.311621 -0.340181 -0.395697 -0.295357 -0.328705 -0.001042 0.104455 0.036834 -0.241533 0.180421 -0.057322 0.086219 -0.039042 -0.029508
0.345323 0.232991 0.062716 -0.336562 0.030090 -0.007798 0.240050 0.010345 0.012269 0.039379 0.067376 0.182881 0.164583 0.411647 0.203236 0.296309 0.123742 0.380323 -0.161987 0.103770 0.237534 -0.011770 -0.227521 -0.099260 -0.341320 -0.289181 -0.023280 -0.315531 0.476622 1.000000 0.196567 0.260375 0.044818 0.356598 -0.293548 -0.109247 0.125009 -0.140856 -0.071259 -0.356360 -0.160489 -0.074818 -0.126767 -0.160764 -0.197049 -0.335779 0.082361 -0.305321 0.039040 -0.121852 -0.275184 -0.169526 -0.107238 0.162127 -0.412040 -0.239395 0.128891 0.284110 0.106220 0.099325 0.181463 0.270556 0.218269 0.315771 -0.154966 -0.077977 0.070783 -0.335811 0.104013 -0.040799 0.127843 -0.113034 0.279315 0.210852 0.144153 0.210246 0.044563 -0.034757 0.252042 0.109916 0.177814 0.286073 0.098926 0.284437 -0.406070 -0.253196 -0.049886 -0.160341 -0.246162 0.046683 -0.098359 0.051056 -0.187351 -0.241225 -0.179329 0.046981 -0.172744 -0.429802 0.060043 0.124695 0.022803 -0.239217 -0.192976 -0.166761 -0.291211 -0.406536 0.152299 0.193808 0.235776 -0.103490 -0.386784 0.185172 -0.102354 0.141696 -0.003891 -0.197370
-0.138495 0.161163 0.090981 -0.058921 -0.157001 -0.038779 0.110596 0.285784 -0.071379 -0.318099 -0.125261 -0.252662 -0.163285 -0.089542 -0.058610 -0.209593 0.049885 0.024108 -0.155086 0.094372 0.236568 0.154927 0.040292 0.203559 0.178845 0.402904 -0.078795 0.072077 0.222155 0.196567 1.000000 0.643714 0.291443 0.288514 0.102755 0.074943 0.017246 -0.045119 0.159392 0.027220 0.007149 -0.149730 0.112901 0.089024 -0.147241 -0.043478 0.139997 0.159997 -0.280345 0.063645 -0.339018 -0.170830 -0.297329 0.124717 -0.137756 -0.042044 0.123487 0.070533 -0.308064 -0.183189 -0.220238 -0.112060 -0.194047 -0.260631 0.104091 0.026866 -0.146518 -0.156996 -0.050167 -0.200479 0.364804 0.255193 0.054503 0.336386 0.236400 0.435364 0.216488 0.232279 -0.053884 -0.192981 -0.021034 -0.048226 0.004211 -0.131267 -0.224189 -0.203193 0.194887 -0.069039 -0.196671 -0.278100 0.057944 0.066366 -0.212325 -0.034055 0.179482 0.129744 0.148484 -0.117655 0.271326 0.124966 -0.138173 0.178110 0.073036 -0.170402 -0.065836 -0.147505 0.083996 0.113091 0.085119 -0.125440 -0.062768 0.256255 0.293261 0.295847 0.140525 -0.212221
-0.094815 -0.135511 0.213993 -0.118789 -0.155929 -0.117111 0.171238 0.149911 -0.273562 -0.568428 -0.266298 -0.496924 -0.168316 -0.101331 -0.188843 -0.431559 -0.162680 0.095646 -0.112541 0.099695 0.162022 0.399263 0.113367 0.203703 0.240552 0.542341 -0.185828 0.036098 0.325249 0.260375 0.643714 1.000000 0.245756 0.399359 0.139355 0.028369 -0.066222 -0.022542 0.413241 -0.004558 0.173675 0.101124 0.217410 0.057957 -0.352499 -0.178909 0.134724 0.185200 -0.290986 -0.087810 -0.311662 -0.231670 -0.295379 0.009858 -0.074967 -0.057875 0.171096 0.194030 -0.247950 0.030769 -0.238256 -0.093257 -0.144538 -0.214139 -0.011588 -0.028306 0.041966 -0.195256 0.109277 -0.195757 0.303031 0.507122 0.211186 0.294675 0.178189 0.302577 -0.003839 0.126566 0.186927 -0.118103 0.093501 -0.018583 -0.028923 -0.279397 -0.298108 -0.360325 0.090776 -0.077215 -0.189500 -0.342356 -0.137713 -0.108216 -0.475033 -0.104932 0.349506 0.190428 0.130481 0.039934 0.136971 0.146555 -0.152884 0.195966 0.028135 -0.146939 -0.193767 -0.068378 0.057357 0.121346 -0.069980 0.115908 -0.032033 0.312762 0.234510 0.297312 0.137457 -0.196642
-0.170071 -0.251192 0.050488 -0.097522 -0.030233 -0.098654 0.224270 -0.250396 -0.071737 -0.357113 -0.255755 -0.132483 0.187762 0.061810 -0.057680 -0.108317 -0.285715 0.036146 0.352712 0.187872 0.200147 0.091408 -0.120266 -0.043290 0.076803 0.090520 0.060495 -0.168184 0.220817 0.044818 0.291443 0.245756 1.000000 0.342899 0.055284 -0.148569 0.154464 0.044837 0.079620 -0.112415 0.237324 0.052893 -0.078545 0.012378 -0.007931 -0.189994 0.170827 -0.029847 -0.128295 -0.264652 0.037035 -0.100810 -0.075946 -0.046114 0.131761 0.035726 -0.092174 -0.037956 -0.033605 0.147673 -0.202066 -0.208238 0.303781 0.196895 -0.200130 -0.390738 0.324458 -0.044711 0.160246 0.078187 0.188521 0.315266 0.308485 0.064805 0.093032 0.147926 0.035120 0.261127 0.139737 -0.048987 0.184484 0.022901 -0.020864 -0.039750 -0.017005 -0.103501 0.073925 -0.243568 -0.352269 -0.248682 -0.116045 0.119503 -0.052655 -0.016611 0.080709 -0.056653 -0.133531 -0.027719 -0.020867 -0.094830 -0.042401 -0.010072 0.149031 -0.106297 -0.095724 -0.148682 -0.309425 -0.087679 -0.315910 0.097942 -0.069874 -0.139379 0.029026 -0.041195 0.030116 -0.273602
-0.025733 -0.081119 0.006084 0.048284 -0.186034 -0.138550 -0.047098 -0.000553 -0.211541 -0.484034 -0.196206 -0.178590 0.097850 0.084902 -0.033677 0.002505 -0.266686 0.203570 0.163027 0.173402 0.166145 0.324248 -0.201561 0.060217 -0.086619 0.125183 0.225887 0.019049 0.227617 0.356598 0.288514 0.399359 0.342899 1.000000 -0.040962 0.107989 0.292205 -0.041341 0.073348 -0.339749 0.053814 0.008999 0.010929 0.012820 -0.188817 -0.131226 0.138797 -0.071899 -0.143742 0.130331 -0.175439 -0.092775 -0.201575 0.033075 -0.074387 -0.116052 -0.066932 0.128214 -0.098217 0.253014 -0.212316 0.034725 0.078442 0.187863 -0.263233 -0.201162 0.190336 -0.033291 0.189678 0.095476 0.206847 0.406582 0.263700 0.172659 0.003784 0.028413 -0.127868 -0.136271 0.184021 -0.186095 0.100411 0.028575 -0.026190 0.065380 -0.224673 -0.069193 -0.040447 -0.204893 -0.201905 -0.195508 -0.159367 -0.060877 -0.038623 -0.086795 0.035518 -0.005943 0.004995 -0.056304 0.126286 0.126158 -0.256515 0.174306 -0.057338 -0.152008 -0.196116 -0.430714 0.189119 0.030720 -0.162544 0.011966 -0.221999 -0.102921 -0.024221 0.109612 -0.179888 -0.120968
-0.310665 -0.226534 -0.030871 0.311218 0.172004 0.011456 -0.084199 0.075552 0.015166 0.037920 -0.045868 -0.381786 -0.297117 -0.470650 -0.189832 -0.291477 -0.137407 -0.413450 0.079654 0.102858 -0.065246 0.098882 0.431990 0.501875 0.377796 0.396748 0.051079 0.520841 -0.152277 -0.293548 0.102755 0.139355 0.055284 -0.040962 1.000000 0.543791 0.108674 0.400962 0.129302 0.370890 0.239152 0.206235 0.237149 0.158407 0.111707 0.362642 -0.243115 0.284281 -0.370893 -0.166340 -0.263234 -0.404007 -0.506753 0.006571 0.150010 0.152030 -0.249759 -0.293428 -0.244278 -0.313745 -0.279605 -0.333793 -0.229766 -0.406672 0.452424 0.180991 -0.075678 0.537956 -0.037407 0.019839 -0.119607 0.166623 -0.252186 -0.181007 -0.110121 -0.026065 0.053361 -0.204763 -0.062949 -0.241373 -0.142187 -0.052927 -0.002912 -0.190340 0.358654 0.127581 0.148135 0.219977 0.164153 -0.114115 -0.002734 -0.011730 0.207409 -0.106780 -0.202015 -0.035677 0.148166 0.253823 -0.167656 -0.048282 0.115808 -0.050007 0.217236 -0.126495 0.158358 0.301361 -0.231624 -0.258602 -0.041825 0.004104 0.283737 0.085798 0.087284 -0.026410 0.081678 -0.120990
-0.100820 0.054350 -0.136156 0.268891 0.035170 0.078705 -0.472535 0.082878 -0.009507 0.149095 0.010264 -0.129963 -0.512352 -0.399617 -0.297476 -0.241266 0.062677 -0.220731 -0.264003 -0.090285 0.041771 0.159986 0.400245 0.383205 0.286241 0.304975 0.153855 0.586872 -0.137902 -0.109247 0.074943 0.028369 -0.148569 0.107989 0.543791 1.000000 0.060688 0.365758 0.097006 0.357517 0.011133 0.028590 0.179953 0.099576 -0.008018 0.413325 -0.258755 0.311785 -0.217699 0.141447 -0.248124 -0.184398 -0.396437 0.103590 0.188675 0.254260 -0.126094 -0.045439 -0.178538 -0.365134 -0.184002 -0.241549 -0.555229 -0.488418 0.441106 0.455407 -0.203569 0.436931 0.151670 -0.121838 -0.078416 0.069406 -0.440417 -0.098242 -0.046570 -0.164465 0.106925 -0.001550 -0.160934 -0.196931 -0.337181 -0.198421 -0.088512 -0.196425 0.247658 0.113884 0.249398 0.317119 0.352399 0.101699 -0.016493 -0.058530 0.179742 -0.188965 -0.121783 0.077117 0.356833 0.308800 0.011809 0.098738 0.210647 -0.101627 0.168913 0.159102 0.282404 0.148877 -0.030352 -0.054710 0.116661 0.016647 0.170214 0.173445 -0.010433 0.128464 0.076355 0.091364
