1.000000 0.321805 0.062194 -0.172039 -0.386425 -0.138268 -0.020003 -0.392256 -0.133374 -0.292373 0.572780 -0.136799 0.021125 -0.350097 0.079636 -0.242578 0.155172 0.042384 0.309135 0.331074 -0.071944 -0.113318 0.004652 0.017690 -0.174542 -0.153263 -0.072602 0.176027 0.218398 -0.100794 0.087281 -0.154844 0.378761 -0.011262 -0.177571 -0.463765 -0.077309 0.276315 0.037390 0.295411 0.305764 0.278933 0.035821 0.035379 -0.155255 -0.359303 0.049527 0.111874 -0.022990 -0.298767 -0.028803 -0.172449 -0.076206 0.034270 -0.364068 0.292059 0.421617 0.391089 0.152887 -0.205328 0.091899 -0.116960 -0.020493 -0.091484 0.067796 -0.262618 -0.201497 -0.567619 0.338728 -0.222778 -0.172614 -0.190456 0.158678 -0.054403 0.046148 0.164482 0.026079 0.046427 0.120673 -0.014612 0.049532 -0.163077 0.423268 0.102753 0.298458 -0.105106 0.362275 0.259117 0.294984 0.083223 -0.458302 -0.066675 -0.367316 -0.136731 0.247733 -0.012208 -0.015570 0.024302 -0.207079 -0.110824 -0.482725 -0.220643 -0.591689 -0.137219 -0.173760 -0.070240 -0.059887 -0.142432 -0.097083 0.171699 -0.001429 -0.150433 -0.149635 -0.131759 0.154696 -0.318924
0.321805 1.000000 -0.322909 -0.227612 -0.190583 -0.124051 -0.367156 -0.270643 -0.196813 -0.034849 -0.032990 0.073779 -0.274109 0.012366 -0.240614 -0.261744 0.383361 0.329312 0.176895 0.010326 -0.241318 -0.112427 -0.578529 -0.340301 -0.195733 -0.193603 -0.089737 -0.145289 0.036973 0.087655 -0.215300 -0.370870 0.453102 0.263127 -0.046714 -0.360668 0.404735 0.174701 0.026793 0.013667 0.009232 0.052549 -0.266114 -0.123090 0.036301 -0.050422 -0.053501 -0.057132 0.048586 0.044613 -0.101101 -0.031879 -0.020378 -0.156165 0.131838 0.194840 0.444241 0.687093 0.441964 0.265738 0.355668 0.366700 0.332506 0.278121 -0.381286 -0.099640 0.296003 -0.048375 0.565299 0.236833 -0.077524 -0.184112 0.254628 0.200983 0.335334 0.043613 -0.000546 -0.184298 0.034964 0.163259 0.240765 0.145044 -0.080643 -0.098248 -0.152070 -0.025431 0.037823 -0.092124 -0.150105 0.044926 -0.485534 -0.280130 -0.285948 -0.247533 0.027429 -0.063730 -0.021942 -0.033364 -0.102813 0.088980 -0.116597 0.025826 -0.306442 -0.327344 -0.390640 -0.264990 0.081124 -0.300725 -0.115462 0.066391 0.002060 -0.164668 -0.142713 -0.150959 -0.139351 -0.290130
0.062194 -0.322909 1.000000 -0.086263 0.001703 -0.362621 0.659522 0.154231 0.090044 -0.274856 0.141162 -0.159765 0.262093 -0.102447 0.168402 -0.223081 0.145898 -0.031630 0.083436 0.260337 -0.088402 -0.162327 0.282502 0.141468 0.111851 -0.084069 -0.311619 -0.182695 0.231748 0.092793 0.356695 0.154033 -0.040157 0.079604 0.225379 0.102374 -0.277483 -0.089790 -0.291666 -0.162315 0.124516 0.073799 0.055923 0.079401 -0.212425 -0.196932 -0.229204 -0.002322 -0.155940 -0.335617 -0.004059 -0.307075 -0.069339 -0.070397 -0.152549 -0.129625 -0.048365 -0.075558 -0.106052 -0.201930 0.248750 -0.196487 -0.036121 -0.127329 0.392555 -0.246679 0.176537 0.060248 -0.151577 0.055514 -0.097476 0.062219 0.246028 0.161986 0.057564 0.247775 0.125208 0.138220 -0.037549 -0.142347 0.086428 -0.175526 -0.006532 -0.212541 0.216993 -0.143008 -0.135183 -0.234797 0.074873 -0.191439 -0.103001 0.319028 -0.124282 0.132804 -0.079125 -0.087388 -0.094606 -0.133871 -0.229702 -0.027063 0.041603 -0.045989 -0.006434 0.092353 0.025936 0.041850 0.046392 -0.085146 0.101976 -0.011783 0.065957 -0.227458 -0.205324 -0.010207 -0.099552 0.052913
-0.172039 -0.227612 -0.086263 1.000000 0.102657 0.225345 0.000154 0.149197 -0.108339 0.034629 -0.146025 0.073330 -0.398028 -0.214892 -0.199828 -0.028024 -0.381150 -0.433253 0.387358 0.393316 0.246256 0.030818 0.437561 0.509951 -0.018934 0.058673 0.346103 0.310851 -0.175691 -0.531507 0.243450 0.424977 -0.098337 -0.223237 0.023919 -0.043377 -0.214635 0.141160 0.287635 0.275810 0.187364 0.091277 0.113130 0.099199 -0.179533 0.057851 -0.004671 0.275928 -0.332244 0.074431 -0.211448 -0.125133 -0.340098 0.044313 -0.204276 0.172209 -0.161119 -0.255229 -0.462996 0.031070 -0.494074 -0.520724 -0.453655 -0.420508 -0.158410 0.022068 -0.217221 -0.019245 -0.130965 -0.288494 0.130022 0.024143 -0.165622 -0.106405 -0.004214 -0.046327 0.111832 0.138057 -0.459426 -0.232196 -0.561186 -0.460203 0.209909 0.497986 0.047020 0.340814 0.368943 0.527435 0.336984 0.389082 0.294790 0.155131 0.378391 -0.187092 0.274256 0.008291 0.054927 0.281985 0.074796 -0.257509 -0.121540 -0.286032 -0.083724 -0.130034 0.011808 -0.099906 0.245823 -0.289136 -0.082877 0.068462 0.222882 0.123387 0.157131 0.035799 -0.009650 -0.255307
-0.386425 -0.190583 0.001703 0.102657 1.000000 0.439326 0.044789 0.245927 0.463279 0.628231 -0.117414 0.036873 0.184337 0.313265 0.250189 0.475542 0.179012 0.165555 -0.132382 -0.043357 0.387584 0.403015 0.201650 0.036954 0.417334 0.163994 0.232691 0.113819 0.340889 -0.000312 -0.207766 0.005720 -0.060545 -0.085058 -0.235537 0.037673 0.037166 -0.161899 0.491633 0.068566 -0.103891 -0.145576 -0.274953 -0.188628 -0.061203 0.006858 -0.339054 -0.303432 0.138291 0.136055 -0.006537 0.054520 -0.112861 -0.044181 0.294916 -0.194955 -0.074353 -0.172986 -0.203582 -0.072626 0.043575 0.025708 0.015763 0.230478 0.187091 0.105520 -0.210119 -0.184598 -0.115216 0.114198 0.082974 0.214537 0.039832 -0.157156 0.028910 -0.087491 -0.244445 -0.182916 0.297320 0.014211 0.123043 0.203979 0.178023 0.116605 0.157195 0.147238 -0.014717 -0.068936 0.060436 0.128715 0.000212 0.023303 0.089442 -0.041255 -0.232252 -0.221574 -0.360691 -0.195785 -0.212692 -0.176922 0.214230 -0.062700 0.159739 -0.200284 -0.020693 -0.328638 0.105265 -0.229663 -0.285647 0.118834 -0.313668 -0.255343 -0.071352 0.097948 0.009657 -0.074961
-0.138268 -0.124051 -0.362621 0.225345 0.439326 1.000000 -0.279908 0.000715 -0.053240 0.710248 -0.115186 0.070414 0.089867 0.116865 0.020139 0.503762 -0.027698 -0.034315 -0.045523 -0.205916 0.641021 0.561127 0.125682 0.304800 0.357135 0.378744 0.616955 0.515895 0.153110 -0.130346 -0.255565 0.086430 -0.201900 -0.283304 -0.308323 -0.121361 0.052059 0.053625 0.664549 0.389888 0.034644 0.087001 -0.217673 -0.258542 -0.187535 -0.145482 -0.151417 -0.271007 0.134998 0.059925 0.022249 0.080887 -0.082565 -0.038703 0.301470 0.087563 0.003645 -0.171034 -0.082447 0.081856 -0.236411 0.003071 0.051289 0.079074 -0.146167 0.092152 -0.240912 -0.226664 -0.057994 -0.047114 0.115952 0.093275 -0.210210 -0.242926 -0.200789 -0.165116 -0.362637 -0.209053 0.107372 0.032256 -0.094054 -0.050535 0.180283 0.287116 -0.088230 0.145136 0.294172 0.283871 0.138716 0.492618 -0.018803 -0.272810 -0.014059 -0.265133 -0.003751 -0.075202 -0.311284 0.001321 -0.366656 -0.131923 -0.257376 -0.178324 -0.170402 -0.155192 0.093361 -0.035629 0.072240 0.025283 -0.236845 -0.018908 -0.291814 -0.162033 -0.083466 0.052213 0.293969 -0.127144
-0.020003 -0.367156 0.659522 0.000154 0.044789 -0.279908 1.000000 0.421417 0.046908 -0.332165 0.152984 -0.011610 0.298774 0.069239 0.065550 -0.126455 -0.113733 -0.231304 0.089522 0.249745 0.005846 -0.133870 0.435708 0.201391 0.100437 0.004294 -0.172221 -0.123959 0.016360 0.041860 0.297120 0.166436 -0.005249 0.157361 0.202632 0.146251 -0.200994 0.036050 -0.212146 -0.049872 0.046467 0.162791 -0.061846 -0.001723 -0.316737 -0.152389 -0.142715 -0.050913 -0.177932 -0.386052 0.056718 -0.184470 -0.171610 -0.042906 -0.242257 -0.254626 -0.305246 -0.277229 -0.343760 -0.310914 0.000897 -0.359607 -0.298520 -0.318326 0.452086 -0.042548 0.062646 0.036348 -0.234453 -0.070228 -0.032428 0.082221 0.206672 0.147420 -0.077576 0.105101 0.194422 0.256706 -0.120377 -0.330567 -0.085229 -0.221103 -0.018089 -0.170367 0.304058 -0.078390 -0.008170 -0.020727 0.131505 -0.094749 0.085188 0.318118 0.121888 0.235364 -0.060017 0.069056 -0.081073 -0.014481 -0.127319 -0.120681 0.122858 0.040046 0.066373 0.329445 0.174596 0.161388 0.161393 0.055917 0.202199 -0.135972 0.095393 -0.092134 0.037771 0.174189 -0.025804 0.096380
-0.392256 -0.270643 0.154231 0.149197 0.245927 0.000715 0.421417 1.000000 -0.119377 0.099526 -0.181542 0.115707 0.008330 0.511439 -0.280466 0.044128 -0.262988 -0.347459 -0.284024 -0.075890 0.174980 -0.153282 0.085256 -0.048752 -0.147381 -0.251857 0.054565 -0.312577 -0.315836 0.067839 -0.166082 -0.166142 -0.217262 0.106315 0.330845 0.413636 -0.126959 -0.033496 -0.127377 -0.007996 -0.242358 0.060882 -0.045011 -0.072859 -0.173112 0.291434 0.011200 0.051512 -0.166420 -0.063649 -0.066168 0.065119 -0.019364 0.021010 0.128817 -0.083705 -0.464976 -0.526761 -0.246193 -0.124496 -0.252062 -0.140788 -0.346827 -0.115335 0.146892 0.476177 0.135272 0.363091 -0.426643 -0.026140 0.342852 0.180967 -0.065707 0.005171 0.019417 -0.050067 0.165100 0.302384 -0.283948 -0.127939 -0.235058 -0.118989 -0.237259 -0.144307 -0.159918 -0.199764 -0.140547 -0.014298 -0.119817 -0.033052 0.447046 0.221513 0.327991 0.166925 -0.004703 0.163180 0.011141 0.033626 0.130696 0.061000 0.271453 0.177448 0.428084 0.087759 0.380657 0.058023 0.057033 0.137776 0.221593 -0.153071 0.264788 0.279547 0.355327 0.172903 0.007873 0.111881
-0.133374 -0.196813 0.090044 -0.108339 0.463279 -0.053240 0.046908 -0.119377 1.000000 0.343967 0.278890 0.206714 0.362623 0.063762 0.695845 0.298535 0.047866 0.216477 -0.254941 0.085765 -0.108232 0.062926 0.321171 0.040015 0.321188 0.003781 -0.231461 -0.035053 0.289587 -0.006847 -0.050613 0.097053 0.276774 0.175261 -0.183593 0.149273 -0.025244 -0.177073 -0.065403 -0.180976 -0.085647 -0.274804 -0.147333 -0.184667 0.086561 -0.049301 -0.346482 -0.215442 -0.046350 0.118414 -0.106401 -0.143534 0.035285 -0.102093 -0.139386 -0.294571 -0.073452 -0.045679 -0.073744 -0.051043 0.118200 0.151225 -0.018296 0.244617 0.518864 0.119483 -0.207599 -0.128232 -0.099296 0.200103 -0.103204 -0.101030 -0.057437 0.024056 -0.041812 0.177874 0.003022 -0.046248 0.255682 0.021708 0.217522 0.287636 0.271080 0.121146 0.323624 0.035579 -0.215455 -0.214286 0.232058 -0.219467 -0.015850 0.200304 0.145399 0.271368 -0.212438 -0.234486 -0.189788 -0.266236 -0.008396 -0.147558 0.234025 0.054513 0.296998 0.080644 -0.060361 -0.122581 -0.014930 -0.219787 0.000061 -0.067540 -0.132837 -0.020005 -0.087824 0.238915 -0.075303 0.081801
-0.292373 -0.034849 -0.274856 0.034629 0.628231 0.710248 -0.332165 0.099526 0.343967 1.000000 -0.176852 0.096222 0.114927 0.357709 0.186171 0.515021 0.050332 0.160469 -0.112998 -0.120064 0.320289 0.370410 -0.011951 0.059431 0.220526 0.071654 0.287895 0.139516 0.198114 0.038797 -0.452742 -0.145700 -0.004731 -0.045172 -0.277184 0.005805 0.118314 -0.015151 0.471572 0.204322 -0.020164 -0.096438 -0.361169 -0.420882 -0.084494 -0.084941 -0.271967 -0.365905 0.032382 0.157497 -0.197696 0.017054 0.006839 -0.164607 0.415637 -0.026358 -0.150567 -0.176260 0.106245 0.252882 -0.032441 0.238948 0.067633 0.266545 -0.074063 0.151915 -0.151011 -0.059112 -0.138531 0.138729 0.187327 0.097903 -0.022718 -0.027111 -0.107348 -0.053882 -0.190787 -0.147692 0.175073 0.039143 0.132849 0.210127 0.126689 0.181862 -0.116307 0.029850 0.004244 -0.025754 0.063460 0.239249 0.011987 0.031298 0.172572 -0.103658 -0.079533 -0.177253 -0.301780 -0.150728 -0.240668 -0.111924 0.012321 -0.146249 0.041676 -0.234720 -0.035097 -0.178106 0.015057 -0.114125 -0.264770 0.019206 -0.200762 -0.043491 0.081254 0.143005 0.224570 -0.026885
0.572780 -0.032990 0.141162 -0.146025 -0.117414 -0.115186 0.152984 -0.181542 0.278890 -0.176852 1.000000 0.243992 0.325671 -0.143822 0.322851 0.037192 0.052907 -0.141998 -0.088270 0.262427 0.014704 0.083278 0.282371 0.177319 0.208999 0.112320 0.050984 0.322891 0.197228 -0.233689 0.072297 0.005136 0.197876 -0.008703 -0.006902 -0.034057 -0.187962 0.145022 -0.065188 0.148603 0.071927 -0.014879 -0.026838 -0.000829 -0.105504 -0.137897 -0.160897 -0.049616 -0.026937 -0.320906 0.103408 -0.226082 -0.271590 -0.181237 -0.461037 -0.016652 0.094590 0.002787 -0.196255 -0.385977 -0.108947 -0.141030 -0.226446 -0.134092 0.519584 0.055243 -0.168901 -0.347703 0.008573 -0.025899 -0.144845 -0.244785 -0.139045 -0.120147 0.025029 0.271436 0.155878 0.170796 0.271627 -0.083304 -0.120863 -0.250741 0.389613 0.010126 0.455105 -0.042821 0.153081 0.171229 0.379185 -0.033085 -0.369274 -0.002395 0.036266 0.304367 0.075762 0.036625 -0.034603 0.057471 -0.172219 -0.271334 -0.133998 -0.061026 -0.120103 0.147897 0.085875 0.030555 -0.126529 0.046780 0.036512 0.096834 0.179331 -0.024678 -0.090392 0.139090 0.211886 -0.004937
-0.136799 0.073779 -0.159765 0.073330 0.036873 0.070414 -0.011610 0.115707 0.206714 0.096222 0.243992 1.000000 0.294335 0.403374 0.185208 0.337053 0.091476 0.170592 -0.154337 -0.168326 0.059627 0.141142 -0.023108 0.090382 0.002521 0.046569 0.064605 -0.004234 0.055601 -0.168551 0.011339 0.253056 0.127353 0.303506 0.265625 0.393867 0.338685 -0.094318 -0.186756 -0.279047 -0.228034 -0.338521 -0.314861 -0.118261 0.066523 0.149612 -0.397671 -0.206384 0.202662 0.065866 0.071663 -0.113825 -0.354415 -0.516900 -0.226716 -0.427703 -0.124425 -0.043342 0.024511 -0.056595 0.106708 0.075114 -0.011848 0.057869 0.293146 0.618215 0.323236 0.272067 -0.210986 0.259897 -0.059745 -0.020393 -0.065948 0.071478 0.215585 0.338548 0.213277 0.065007 -0.064839 -0.183357 -0.113648 -0.167093 -0.080598 0.113946 -0.061108 0.166112 -0.107453 -0.044778 -0.157421 -0.097215 -0.181678 -0.186998 0.470589 0.296078 0.014437 0.116067 -0.050722 0.107815 -0.131784 -0.118365 0.249116 0.004806 0.197473 0.072142 -0.031008 0.137338 0.253872 -0.112073 0.005222 -0.115125 0.022544 0.027835 -0.052949 0.315705 -0.244487 0.003118
0.021125 -0.274109 0.262093 -0.398028 0.184337 0.089867 0.298774 0.008330 0.362623 0.114927 0.325671 0.294335 1.000000 0.410598 0.569415 0.580556 0.261775 0.378758 -0.276624 -0.183226 0.086304 0.203266 0.202373 -0.041088 0.217237 0.127508 -0.165844 -0.096435 0.423237 0.302864 -0.011903 0.035760 -0.029634 0.282666 -0.086304 0.207072 0.017747 -0.100194 -0.173960 -0.230750 -0.208412 -0.256874 -0.251894 -0.219044 -0.058532 -0.236325 -0.320202 -0.401070 0.229090 -0.119409 0.181159 0.041092 0.060317 -0.189463 -0.070172 -0.441229 -0.225022 -0.177434 0.087825 -0.071640 0.297192 0.238361 0.207230 0.294123 0.438299 0.128256 0.066184 -0.035699 -0.377354 0.142459 -0.066305 -0.046982 0.102461 0.029910 -0.025909 0.176092 -0.081536 -0.048919 0.275715 0.062580 0.386242 0.217436 0.044672 -0.119724 0.132118 -0.216626 -0.271754 -0.311491 -0.262569 -0.320015 -0.126529 0.101640 0.063023 0.315077 -0.352800 -0.038318 -0.285953 -0.366978 -0.188836 -0.124721 0.077211 0.148098 0.085865 0.326178 0.149906 0.258575 -0.090043 0.175112 -0.087964 -0.130602 -0.235546 -0.114965 -0.142017 0.139421 0.068131 0.181808
-0.350097 0.012366 -0.102447 -0.214892 0.313265 0.116865 0.069239 0.511439 0.063762 0.357709 -0.143822 0.403374 0.410598 1.000000 0.112727 0.532345 0.241710 0.311016 -0.251114 -0.160719 0.013414 -0.030632 -0.143303 -0.335840 -0.169337 -0.249241 -0.177741 -0.462989 0.195908 0.493572 -0.366629 -0.249784 0.069763 0.496259 0.245332 0.384968 0.368249 0.034249 -0.088830 -0.263386 -0.266461 -0.275318 -0.474960 -0.383399 -0.030399 0.019243 -0.243233 -0.486271 0.098770 0.020197 -0.089353 0.075171 -0.130091 -0.360929 0.254474 -0.468115 -0.387910 -0.281718 0.093413 0.156520 0.170694 0.305338 0.146968 0.408606 0.087104 0.422585 0.308483 0.339865 -0.331847 0.274592 0.166247 0.122385 0.318668 0.112340 0.298106 0.108154 0.112297 0.088114 0.062305 0.218617 0.323496 0.363907 -0.178224 -0.054800 -0.157525 -0.234816 -0.395005 -0.334624 -0.479645 -0.327175 0.069366 0.046114 0.359705 0.235909 -0.291662 -0.016878 -0.248780 -0.262451 -0.181986 -0.052545 0.375172 0.096402 0.269769 0.073084 0.157185 0.077730 0.148966 0.095777 -0.100554 -0.127950 -0.088592 0.065119 0.296411 0.123958 -0.080390 0.229111
0.079636 -0.240614 0.168402 -0.199828 0.250189 0.020139 0.065550 -0.280466 0.695845 0.186171 0.322851 0.185208 0.569415 0.112727 1.000000 0.420187 0.213747 0.408069 -0.089342 0.098039 -0.103827 0.011232 0.372685 0.123524 0.173879 -0.033151 -0.250120 -0.052114 0.530241 0.212644 0.151631 0.232810 0.182536 0.358599 -0.180586 0.036468 -0.013502 -0.089167 -0.135004 -0.294524 -0.062228 -0.258109 -0.152632 -0.262538 -0.080355 -0.388731 -0.281876 -0.227438 -0.006734 -0.000141 -0.064584 -0.166723 0.107021 0.008911 -0.244695 -0.421067 -0.031804 0.069119 0.090144 -0.045908 0.267777 0.138506 0.099521 0.248220 0.505971 -0.059640 -0.140300 -0.280789 -0.045357 0.240020 -0.118367 -0.203130 0.070319 0.062896 0.000129 0.392188 0.099756 -0.078423 0.227585 -0.008747 0.311555 0.286180 0.364062 0.209973 0.278675 -0.112454 -0.173946 -0.158067 0.081306 -0.354986 -0.107010 0.084654 0.022919 0.195490 -0.194985 -0.153974 -0.290561 -0.335215 -0.082249 -0.128877 0.150286 -0.108531 0.043641 0.093086 -0.072830 0.050098 -0.045141 -0.077917 -0.048792 -0.140869 -0.267107 -0.085445 -0.219920 0.269648 -0.017458 -0.008902
-0.242578 -0.261744 -0.223081 -0.028024 0.475542 0.503762 -0.126455 0.044128 0.298535 0.515021 0.037192 0.337053 0.580556 0.532345 0.420187 1.000000 0.198720 0.334713 -0.209630 -0.196404 0.184948 0.381731 0.041883 -0.096890 0.206461 0.160067 0.029056 0.030642 0.458319 0.350237 -0.224313 0.048735 -0.022692 0.196220 -0.135307 0.156077 0.250071 -0.024939 0.276654 0.003541 -0.087596 -0.272179 -0.342651 -0.273589 0.045326 -0.080479 -0.348535 -0.578433 0.267822 0.117314 0.061494 0.075411 -0.153412 -0.284889 0.102284 -0.456561 -0.213583 -0.273551 -0.026909 0.106633 0.022992 0.185893 0.209249 0.394214 0.098664 0.164939 -0.083219 -0.068622 -0.360257 0.034870 -0.071744 0.144873 0.135389 -0.143944 -0.006303 0.109173 -0.241075 -0.084483 0.231585 0.226561 0.379300 0.424175 0.156917 0.294939 0.095470 0.119702 -0.167417 -0.071826 -0.264565 -0.144683 -0.045377 -0.123932 0.184451 0.039547 -0.297707 -0.060782 -0.403655 -0.233526 -0.293862 -0.377348 0.070528 -0.003285 0.092506 0.067308 0.057613 -0.011932 -0.018767 0.017541 -0.348059 0.001073 -0.432989 -0.239438 0.007666 0.210085 0.135104 -0.024548
0.155172 0.383361 0.145898 -0.381150 0.179012 -0.027698 -0.113733 -0.262988 0.047866 0.050332 0.052907 0.091476 0.261775 0.241710 0.213747 0.198720 1.000000 0.763347 -0.032372 -0.178173 -0.137409 0.041137 -0.309303 -0.352822 0.132453 -0.097995 -0.206294 -0.228508 0.628016 0.357823 0.054749 -0.089331 0.376578 0.316639 -0.152013 -0.135656 0.338009 -0.178483 0.016505 -0.263895 0.018319 -0.246924 -0.457844 -0.330640 -0.044617 -0.349012 -0.537372 -0.466786 0.275779 -0.097904 -0.011524 -0.102317 -0.025183 -0.206286 0.077591 -0.290833 0.515996 0.565887 0.336745 0.167262 0.695749 0.478943 0.679349 0.674522 0.049710 -0.219375 0.393977 -0.138416 0.294237 0.549373 -0.132256 0.126357 0.400187 0.063602 0.358909 0.159624 -0.247293 -0.348888 0.286360 0.351363 0.597658 0.363288 0.058555 -0.068789 0.110816 -0.106972 -0.135622 -0.319144 -0.276148 -0.195527 -0.473913 -0.309268 -0.332449 -0.192887 -0.331532 -0.242552 -0.442231 -0.284003 -0.368621 -0.007354 0.023293 -0.072730 -0.270207 -0.259957 -0.317762 -0.137614 0.193709 -0.128842 -0.174440 0.079310 -0.444219 -0.475421 -0.432751 -0.059529 -0.174631 -0.086825
0.042384 0.329312 -0.031630 -0.433253 0.165555 -0.034315 -0.231304 -0.347459 0.216477 0.160469 -0.141998 0.170592 0.378758 0.311016 0.408069 0.334713 0.763347 1.000000 -0.006394 -0.250193 -0.237983 0.000221 -0.330921 -0.412018 -0.030760 -0.143865 -0.364076 -0.371277 0.580994 0.469486 -0.043319 -0.106290 0.335440 0.489108 -0.176054 -0.054245 0.395941 -0.255749 -0.076799 -0.400893 -0.113192 -0.400682 -0.410518 -0.314063 0.101575 -0.317574 -0.414963 -0.439735 0.320804 0.124208 -0.004586 -0.011395 0.151763 -0.150790 0.069263 -0.416701 0.393014 0.535819 0.508543 0.298632 0.755367 0.526349 0.723727 0.711969 -0.001033 -0.124280 0.321093 -0.068453 0.277707 0.481438 -0.254958 -0.014272 0.437945 0.085151 0.244580 0.143431 -0.203053 -0.402049 0.298135 0.414067 0.688445 0.536435 -0.012905 0.024044 -0.018363 -0.084687 -0.268566 -0.412852 -0.396493 -0.424992 -0.364553 -0.235234 -0.225826 -0.176305 -0.319756 -0.247249 -0.343043 -0.356079 -0.218286 -0.032640 0.093008 -0.084696 -0.154990 -0.228348 -0.371476 0.005509 0.224462 -0.153063 -0.255566 -0.053157 -0.561386 -0.380479 -0.408324 0.084167 -0.255436 -0.028808
0.309135 0.176895 0.083436 0.387358 -0.132382 -0.045523 0.089522 -0.284024 -0.254941 -0.112998 -0.088270 -0.154337 -0.276624 -0.251114 -0.089342 -0.209630 -0.032372 -0.006394 1.000000 0.580114 -0.043421 -0.158772 0.147315 0.129204 -0.366441 -0.204749 -0.014523 0.038582 0.151254 -0.205443 0.254745 0.130045 0.194054 0.017806 -0.118941 -0.342272 0.058605 0.216883 0.219590 0.213180 0.250777 0.266878 -0.186265 -0.113984 -0.263678 -0.327681 -0.033434 0.052571 -0.336287 -0.170108 -0.338687 -0.384617 -0.377906 -0.152566 -0.119962 0.129027 0.069516 0.280395 -0.057850 0.131997 0.045227 -0.293566 -0.172823 -0.279197 -0.219022 -0.386490 -0.038288 -0.212826 0.417653 -0.114322 0.038905 0.046123 0.363269 0.139995 0.211288 0.142417 0.283785 0.136657 -0.260222 -0.241981 -0.139202 -0.240450 0.210556 0.290419 0.121638 0.110261 0.344462 0.334234 0.241963 0.212331 -0.268761 0.213575 0.035529 -0.232769 0.369279 -0.034970 -0.030143 0.309511 -0.244505 -0.234809 -0.149168 -0.556098 -0.601038 -0.319511 -0.446450 -0.086946 0.211028 -0.271544 -0.176887 0.282137 0.132583 -0.161929 0.029639 0.001567 -0.028193 -0.263036
0.331074 0.010326 0.260337 0.393316 -0.043357 -0.205916 0.249745 -0.075890 0.085765 -0.120064 0.262427 -0.168326 -0.183226 -0.160719 0.098039 -0.196404 -0.178173 -0.250193 0.580114 1.000000 -0.106259 -0.212062 0.351364 0.204222 -0.148048 -0.229268 -0.171470 0.025586 0.137678 -0.156212 0.103216 0.008812 0.296536 0.071602 0.061273 -0.185246 -0.203316 0.493890 0.085251 0.343724 0.335566 0.290819 -0.130981 -0.084637 -0.403968 -0.343997 -0.109231 0.058698 -0.453328 -0.352654 -0.407360 -0.341594 -0.395333 -0.047382 -0.220119 0.216669 -0.108640 -0.067906 -0.329766 -0.058393 -0.228030 -0.400353 -0.482440 -0.392579 0.120013 -0.322041 -0.168307 -0.252906 0.203233 -0.099959 0.162182 -0.103694 0.171816 0.232147 0.166362 0.178849 0.402401 0.476669 -0.226871 -0.091836 -0.112115 -0.156675 0.457233 0.368130 0.447393 -0.024060 0.240183 0.328794 0.431697 0.040633 -0.129090 0.503189 0.178148 -0.001778 0.248704 -0.152249 -0.134490 0.086525 -0.169403 -0.222479 -0.088346 -0.308058 -0.324460 -0.102086 -0.053235 -0.279738 0.080412 -0.333255 -0.103125 0.196036 0.308905 -0.012605 0.201895 -0.000481 0.005089 -0.096831
-0.071944 -0.241318 -0.088402 0.246256 0.387584 0.641021 0.005846 0.174980 -0.108232 0.320289 0.014704 0.059627 0.086304 0.013414 -0.103827 0.184948 -0.137409 -0.237983 -0.043421 -0.106259 1.000000 0.550570 0.306323 0.393921 0.433549 0.377793 0.731858 0.499481 -0.137245 -0.368448 0.045837 0.206585 -0.330283 -0.400425 -0.086973 0.004248 -0.198196 0.013325 0.473981 0.333336 0.026376 0.157356 0.001813 0.001276 -0.212227 -0.035105 0.044786 0.015853 0.042177 -0.140206 0.074639 0.051180 -0.003982 0.125005 0.211151 0.144823 -0.045264 -0.190838 -0.257643 -0.352444 -0.289744 -0.280583 -0.200873 -0.247054 0.085574 0.135079 -0.267455 -0.235576 -0.080382 -0.126583 0.278289 0.261603 -0.418126 -0.285855 -0.172625 -0.164647 -0.229435 -0.083298 -0.053018 -0.200583 -0.377024 -0.398923 0.114861 0.111120 -0.069883 0.106150 0.379476 0.336713 0.176435 0.484538 0.107090 -0.162586 0.083897 -0.044846 0.136394 -0.006386 -0.191169 0.060285 -0.090189 -0.011088 -0.115765 -0.070074 -0.122764 -0.082518 0.117904 0.099300 0.004251 0.063194 -0.079752 -0.012658 -0.138478 0.057007 0.012298 -0.059025 0.233190 -0.000037
-0.113318 -0.112427 -0.162327 0.030818 0.403015 0.561127 -0.133870 -0.153282 0.062926 0.370410 0.083278 0.141142 0.203266 -0.030632 0.011232 0.381731 0.041137 0.000221 -0.158772 -0.212062 0.550570 1.000000 0.130839 0.231702 0.612360 0.764327 0.526553 0.620324 0.167982 -0.286949 -0.048238 0.224712 -0.393075 -0.425105 -0.175943 -0.064373 -0.084528 -0.121935 0.468598 0.125148 -0.071811 -0.238025 0.026264 0.101215 0.090059 0.083576 -0.179468 -0.312191 0.439416 0.130341 0.437280 0.268462 -0.076046 -0.085068 0.217674 -0.130116 -0.010199 -0.138055 -0.198184 -0.277463 -0.110319 -0.063023 0.039885 0.018177 0.064176 0.152764 -0.284629 -0.221659 -0.047082 -0.097301 -0.116743 0.246791 -0.317387 -0.210419 -0.226244 -0.128062 -0.344657 -0.228925 0.428922 -0.017464 -0.107235 -0.087943 0.170512 0.059355 0.142671 0.305737 0.113955 0.046943 0.090630 0.307272 -0.004991 -0.133309 0.035393 0.063922 -0.139287 -0.127879 -0.253218 -0.049698 -0.188846 -0.184716 -0.111229 0.010544 -0.014800 0.055059 0.194789 -0.077912 0.011769 0.111257 -0.393665 0.015721 -0.388533 -0.137104 -0.207821 0.141937 0.159565 -0.064174
0.004652 -0.578529 0.282502 0.437561 0.201650 0.125682 0.435708 0.085256 0.321171 -0.011951 0.282371 -0.023108 0.202373 -0.143303 0.372685 0.041883 -0.309303 -0.330921 0.147315 0.351364 0.306323 0.130839 1.000000 0.699403 0.327598 0.265248 0.291295 0.381484 -0.009812 -0.409771 0.355027 0.486856 -0.124135 -0.084190 -0.064322 0.035899 -0.345145 0.092419 0.063799 0.116212 -0.044017 -0.004663 0.085690 -0.047349 -0.307217 -0.233731 -0.016094 0.191173 -0.288484 -0.134070 -0.102890 -0.172820 -0.142312 0.143912 -0.308946 -0.092241 -0.306976 -0.356948 -0.479683 -0.239782 -0.321617 -0.454092 -0.556828 -0.399845 0.433945 0.009643 -0.361147 -0.151755 -0.233863 -0.101085 0.064395 -0.064737 -0.236607 -0.202609 -0.144436 0.085267 0.208719 0.193489 -0.091313 -0.276172 -0.478515 -0.437582 0.255103 0.160236 0.234016 0.004393 0.251083 0.339541 0.537788 0.217256 0.314344 0.360943 0.282814 0.347151 0.091968 0.003842 0.056784 0.081028 -0.012674 -0.231636 0.038040 -0.152028 0.078096 0.219021 0.281300 0.130041 0.112031 -0.016044 0.081162 -0.048876 0.094639 0.148477 0.120326 0.232399 0.033578 0.014785
0.017690 -0.340301 0.141468 0.509951 0.036954 0.304800 0.201391 -0.048752 0.040015 0.059431 0.177319 0.090382 -0.041088 -0.335840 0.123524 -0.096890 -0.352822 -0.412018 0.129204 0.204222 0.393921 0.231702 0.699403 1.000000 0.387515 0.479357 0.606533 0.676778 -0.201273 -0.609275 0.276108 0.572147 -0.249104 -0.286432 -0.036511 -0.055226 -0.216598 0.176241 0.212168 0.233266 0.046644 0.125987 0.112105 -0.035313 -0.337104 -0.248249 0.034220 0.273054 -0.184506 -0.129928 -0.031124 -0.126526 -0.123584 0.079468 -0.153442 0.089761 -0.218549 -0.227821 -0.264712 -0.083803 -0.311435 -0.455694 -0.462999 -0.544896 0.166191 -0.043966 -0.230257 -0.108603 -0.130538 -0.091844 0.003599 -0.149604 -0.383315 -0.069645 -0.223859 0.085267 0.177074 0.078480 -0.201954 -0.488304 -0.676030 -0.698839 0.053769 0.123015 -0.075363 0.131899 0.409902 0.473784 0.577592 0.470714 0.206017 0.193244 0.210939 0.178685 0.208198 0.093672 0.183062 0.228127 0.010095 -0.181900 -0.175388 -0.113758 -0.082172 0.205843 0.209553 0.118388 0.152150 -0.062831 0.091378 -0.018196 0.209944 0.179444 0.055360 0.218800 0.147574 -0.115777
-0.174542 -0.195733 0.111851 -0.018934 0.417334 0.357135 0.100437 -0.147381 0.321188 0.220526 0.208999 0.002521 0.217237 -0.169337 0.173879 0.206461 0.132453 -0.030760 -0.366441 -0.148048 0.433549 0.612360 0.327598 0.387515 1.000000 0.710500 0.434488 0.564917 0.121235 -0.194921 0.177077 0.375894 -0.098822 -0.232217 -0.245646 0.003699 -0.165428 -0.185875 0.289993 0.091838 -0.030048 -0.094582 -0.005264 0.010190 -0.018074 -0.066058 -0.251489 -0.210608 0.176397 -0.047559 0.201502 0.074463 -0.016450 0.009085 -0.038923 -0.063179 0.137865 -0.077328 -0.194158 -0.226878 -0.057790 0.025897 0.095111 0.074632 0.340301 -0.023195 -0.143197 -0.163125 -0.047930 0.118076 -0.039307 0.044194 -0.349780 -0.239246 -0.246908 -0.150796 -0.396903 -0.262313 0.373884 0.075084 -0.057766 -0.049404 0.028782 -0.125679 0.216045 0.165862 0.128813 -0.003764 0.234804 0.242077 -0.007804 -0.093340 0.000549 0.161494 -0.269087 -0.248692 -0.168959 -0.248840 -0.148871 -0.205287 -0.051691 0.254098 0.201310 0.150996 0.144738 -0.022134 -0.081494 -0.008451 -0.123204 -0.098348 -0.308277 -0.238465 -0.222677 0.152926 0.112963 0.056349
-0.153263 -0.193603 -0.084069 0.058673 0.163994 0.378744 0.004294 -0.251857 0.003781 0.071654 0.112320 0.046569 0.127508 -0.249241 -0.033151 0.160067 -0.097995 -0.143865 -0.204749 -0.229268 0.377793 0.764327 0.265248 0.479357 0.710500 1.000000 0.486815 0.718296 0.014910 -0.327323 0.190288 0.467671 -0.418106 -0.414263 -0.068416 -0.041617 -0.116212 -0.131064 0.270274 -0.005294 -0.027416 -0.223837 0.184916 0.208117 0.113343 0.106943 -0.019172 -0.146701 0.298744 0.085836 0.521379 0.261335 -0.029431 -0.001743 -0.010842 -0.150273 -0.084947 -0.161353 -0.306260 -0.221252 -0.218815 -0.184897 -0.033005 -0.197293 0.003369 -0.029983 -0.219251 -0.004141 -0.088363 -0.090395 -0.276152 0.099569 -0.321363 -0.210265 -0.291351 -0.179390 -0.224786 -0.227999 0.340067 -0.125870 -0.281556 -0.222786 0.010375 -0.111071 0.049938 0.406270 0.048731 -0.010870 0.150937 0.229292 0.022304 -0.106735 0.020124 0.233181 -0.147661 -0.027490 0.097208 0.029612 -0.077776 -0.214813 -0.061055 0.206522 0.100458 0.319589 0.254252 0.059064 -0.004938 0.219302 -0.144905 -0.022828 -0.252579 -0.098259 -0.158114 0.203410 0.074869 0.074464
-0.072602 -0.089737 -0.311619 0.346103 0.232691 0.616955 -0.172221 0.054565 -0.231461 0.287895 0.050984 0.064605 -0.165844 -0.177741 -0.250120 0.029056 -0.206294 -0.364076 -0.014523 -0.171470 0.731858 0.526553 0.291295 0.606533 0.434488 0.486815 1.000000 0.755449 -0.344349 -0.598000 -0.034702 0.248416 -0.363092 -0.529076 -0.168622 -0.144180 -0.100470 0.094603 0.489149 0.421923 -0.155051 0.139644 0.075485 0.031908 -0.164334 0.024283 0.170539 0.230929 0.051507 0.021759 0.059571 0.103109 -0.038076 0.124938 0.215740 0.317934 0.024167 -0.124646 -0.137187 -0.101008 -0.342715 -0.260503 -0.279597 -0.339231 -0.094854 0.152920 -0.201004 -0.133030 0.005185 -0.087366 0.194774 0.091976 -0.585578 -0.315617 -0.213499 -0.229669 -0.160298 -0.165793 -0.004247 -0.236107 -0.623985 -0.582541 -0.045298 0.019375 -0.245798 0.115010 0.536744 0.506888 0.396483 0.729852 0.143725 -0.209039 0.043012 -0.070373 0.183974 0.139935 0.105754 0.265289 0.013932 -0.014582 -0.185035 -0.089201 -0.053259 -0.113719 0.144169 0.044076 0.022529 0.044015 -0.041560 -0.014623 0.072004 0.114925 0.003908 0.012759 0.258917 -0.144719
0.176027 -0.145289 -0.182695 0.310851 0.113819 0.515895 -0.123959 -0.312577 -0.035053 0.139516 0.322891 -0.004234 -0.096435 -0.462989 -0.052114 0.030642 -0.228508 -0.371277 0.038582 0.025586 0.499481 0.620324 0.381484 0.676778 0.564917 0.718296 0.755449 1.000000 -0.071131 -0.634222 0.077258 0.377091 -0.288738 -0.591456 -0.287929 -0.345051 -0.205766 0.124102 0.564469 0.459805 0.089047 0.139321 0.122999 0.106995 -0.118086 -0.116826 0.069548 0.096865 0.116353 -0.017556 0.246557 0.056830 -0.136460 0.058170 -0.019151 0.279678 0.110056 -0.096393 -0.235982 -0.166333 -0.380643 -0.382247 -0.287173 -0.387696 0.029378 -0.059336 -0.364784 -0.355614 0.077002 -0.211189 -0.107150 -0.086818 -0.505433 -0.316623 -0.351659 -0.168073 -0.239716 -0.163188 0.122429 -0.244055 -0.501738 -0.499762 0.257093 0.184655 0.133124 0.270967 0.563710 0.503409 0.590059 0.614000 -0.107310 -0.145837 -0.058261 -0.067007 0.187504 0.023867 0.044065 0.239953 -0.150454 -0.297864 -0.343459 -0.078232 -0.198176 0.035160 0.139804 -0.070845 0.063631 0.006905 -0.128667 0.089280 -0.038818 -0.064458 -0.147413 0.056229 0.291203 -0.174708
0.218398 0.036973 0.231748 -0.175691 0.340889 0.153110 0.016360 -0.315836 0.289587 0.198114 0.197228 0.055601 0.423237 0.195908 0.530241 0.458319 0.628016 0.580994 0.151254 0.137678 -0.137245 0.167982 -0.009812 -0.201273 0.121235 0.014910 -0.344349 -0.071131 1.000000 0.348163 0.028677 -0.009770 0.227934 0.246699 -0.293964 -0.184481 0.067177 -0.152436 0.187881 -0.167216 0.105364 -0.258919 -0.364356 -0.260312 0.008827 -0.335323 -0.566002 -0.570592 0.289718 -0.022062 0.130819 -0.109067 -0.268415 -0.332628 -0.105118 -0.385066 0.253629 0.236268 0.070426 0.003093 0.463372 0.189912 0.468073 0.526470 0.252904 -0.206745 0.026888 -0.361754 0.130049 0.201079 -0.314150 -0.046140 0.527910 0.038414 0.299030 0.231104 -0.170975 -0.255851 0.433368 0.205505 0.610142 0.440049 0.490620 0.232170 0.479656 0.159760 -0.111792 -0.262801 -0.096432 -0.295281 -0.535560 -0.104586 -0.173823 -0.134073 -0.324594 -0.331214 -0.477745 -0.342666 -0.522046 -0.360551 -0.060386 -0.290794 -0.289438 -0.204827 -0.316293 -0.294863 0.152560 -0.228196 -0.418680 0.182031 -0.497701 -0.537879 -0.471030 0.144410 -0.146057 -0.222195
-0.100794 0.087655 0.092793 -0.531507 -0.000312 -0.130346 0.041860 0.067839 -0.006847 0.038797 -0.233689 -0.168551 0.302864 0.493572 0.212644 0.350237 0.357823 0.469486 -0.205443 -0.156212 -0.368448 -0.286949 -0.409771 -0.609275 -0.194921 -0.327323 -0.598000 -0.634222 0.348163 1.000000 -0.302260 -0.364471 0.200238 0.573085 0.106828 0.086189 0.284443 0.056197 -0.231536 -0.288903 0.113132 0.013188 -0.213874 -0.207698 0.070519 -0.144958 -0.095592 -0.451963 0.071618 -0.094449 -0.074466 0.013000 0.148078 -0.108020 0.106042 -0.305543 -0.015992 0.035755 0.194162 0.230643 0.291998 0.381883 0.478543 0.525698 -0.122225 -0.161747 0.228958 0.128090 -0.099266 0.129123 -0.125748 0.039620 0.557078 0.264721 0.203087 0.161218 -0.037439 0.046135 0.241596 0.504007 0.791477 0.784795 -0.104697 -0.065109 -0.001598 -0.195523 -0.494686 -0.489700 -0.606083 -0.589156 -0.114127 -0.173929 -0.206146 -0.088075 -0.324981 -0.046785 -0.240873 -0.400126 -0.126824 0.036953 0.203406 0.190226 0.105110 0.038664 -0.056425 0.020378 -0.154134 0.135717 -0.023492 -0.024599 -0.324079 -0.205379 0.025341 -0.115447 -0.041209 0.198812
0.087281 -0.215300 0.356695 0.243450 -0.207766 -0.255565 0.297120 -0.166082 -0.050613 -0.452742 0.072297 0.011339 -0.011903 -0.366629 0.151631 -0.224313 0.054749 -0.043319 0.254745 0.103216 0.045837 -0.048238 0.355027 0.276108 0.177077 0.190288 -0.034702 0.077258 0.028677 -0.302260 1.000000 0.729893 0.046187 -0.019582 0.052217 0.013531 -0.275996 -0.394303 -0.293167 -0.304395 0.060950 -0.181011 0.226776 0.214158 0.015223 -0.061394 -0.033848 0.194253 -0.162688 -0.012959 0.073898 -0.122639 -0.008631 0.159514 -0.473496 -0.208511 0.136412 0.214159 -0.174350 -0.314548 0.058837 -0.258822 -0.070691 -0.232150 0.170597 -0.231179 0.048273 0.052558 0.095395 0.099147 -0.021874 0.159904 0.006266 -0.146494 -0.063103 0.093594 0.085922 -0.111318 -0.197450 -0.297070 -0.260152 -0.334842 0.016767 -0.054678 0.147259 0.168761 -0.009610 -0.009593 0.088519 -0.022392 0.063141 0.106598 0.069167 0.203717 0.124176 0.053270 0.105339 0.068008 0.049555 -0.104106 -0.054574 0.003194 -0.065427 0.126653 -0.172865 0.223177 -0.007166 -0.021594 0.132721 -0.118186 -0.049497 -0.113574 -0.105985 0.162169 -0.244250 -0.078304
-0.154844 -0.370870 0.154033 0.424977 0.005720 0.086430 0.166436 -0.166142 0.097053 -0.145700 0.005136 0.253056 0.035760 -0.249784 0.232810 0.048735 -0.089331 -0.106290 0.130045 0.008812 0.206585 0.224712 0.486856 0.572147 0.375894 0.467671 0.248416 0.377091 -0.009770 -0.364471 0.729893 1.000000 -0.149958 -0.065205 0.087679 0.092520 -0.087539 -0.285850 -0.042189 -0.252903 0.117866 -0.127064 0.128654 0.077084 -0.009303 -0.078615 -0.158873 0.072688 -0.153613 0.024973 0.048579 -0.138308 -0.182046 -0.031769 -0.401263 -0.328103 -0.067428 -0.033624 -0.314010 -0.144017 -0.150047 -0.299001 -0.207889 -0.279423 0.157547 -0.017607 -0.002850 0.134795 -0.049912 0.039470 -0.045624 0.160330 -0.165675 -0.052188 -0.131435 0.198410 0.133603 -0.018300 -0.126859 -0.355441 -0.395243 -0.370627 -0.015646 0.096848 0.010519 0.231475 0.028583 0.099219 0.139920 0.104651 0.158468 0.010529 0.236742 0.250922 0.171160 0.098174 0.090134 0.182621 -0.020907 -0.203257 0.008407 -0.036339 0.084983 0.176802 0.009069 0.228899 0.067869 -0.012366 0.129423 -0.086114 -0.092933 -0.041090 -0.069165 0.258638 -0.206560 0.047331
0.378761 0.453102 -0.040157 -0.098337 -0.060545 -0.201900 -0.005249 -0.217262 0.276774 -0.004731 0.197876 0.127353 -0.029634 0.069763 0.182536 -0.022692 0.376578 0.335440 0.194054 0.296536 -0.330283 -0.393075 -0.124135 -0.249104 -0.098822 -0.418106 -0.363092 -0.288738 0.227934 0.200238 0.046187 -0.149958 1.000000 0.528936 -0.156896 -0.199032 0.289773 0.160578 -0.086011 0.059832 0.258342 0.015304 -0.484708 -0.347529 -0.207080 -0.363422 -0.327531 -0.233611 -0.240600 -0.278340 -0.489809 -0.414911 -0.145869 -0.204234 -0.202891 0.021782 0.376205 0.425753 0.183117 0.169071 0.281845 0.204953 0.195467 0.266032 0.032113 -0.248661 0.238142 -0.125818 0.315608 0.273457 -0.038503 -0.067413 0.458250 0.107504 0.291555 0.155977 -0.009524 0.019456 0.059711 0.258255 0.392571 0.263352 0.243568 0.165899 0.285511 -0.016541 0.080943 0.007653 0.113370 -0.086400 -0.387774 -0.004900 -0.088853 -0.161899 0.016337 -0.249104 -0.206046 -0.185645 -0.258548 -0.108368 -0.031021 -0.129697 -0.253283 -0.231143 -0.462162 -0.135775 0.088576 -0.420633 0.021461 0.028079 -0.059825 -0.304534 0.069858 -0.031878 -0.078051 -0.143364
-0.011262 0.263127 0.079604 -0.223237 -0.085058 -0.283304 0.157361 0.106315 0.175261 -0.045172 -0.008703 0.303506 0.282666 0.496259 0.358599 0.196220 0.316639 0.489108 0.017806 0.071602 -0.400425 -0.425105 -0.084190 -0.286432 -0.232217 -0.414263 -0.529076 -0.591456 0.246699 0.573085 -0.019582 -0.065205 0.528936 1.000000 0.118406 0.079802 0.378535 0.077844 -0.410404 -0.363133 -0.072330 -0.113289 -0.504995 -0.455973 -0.150368 -0.302329 -0.344646 -0.369134 -0.206371 -0.128232 -0.355576 -0.286779 -0.069823 -0.277575 -0.218259 -0.469486 -0.061155 0.204204 0.249943 0.370098 0.377099 0.413074 0.220595 0.415932 0.116315 0.051083 0.489752 0.255453 0.041746 0.403335 -0.020062 -0.214935 0.506680 0.407563 0.390887 0.476523 0.305818 0.118096 -0.032319 0.212840 0.476118 0.431104 -0.116811 -0.012870 -0.055821 -0.203042 -0.350859 -0.302660 -0.332117 -0.492959 -0.167527 -0.010740 0.152468 0.147833 -0.180471 -0.063428 -0.153896 -0.290924 -0.085390 -0.084370 0.272165 0.113036 0.111015 0.012791 -0.212131 0.145009 0.155156 -0.145437 0.071280 -0.151801 -0.156806 -0.057816 0.094156 0.258910 -0.262336 0.055307
-0.177571 -0.046714 0.225379 0.023919 -0.235537 -0.308323 0.202632 0.330845 -0.183593 -0.277184 -0.006902 0.265625 -0.086304 0.245332 -0.180586 -0.135307 -0.152013 -0.176054 -0.118941 0.061273 -0.086973 -0.175943 -0.064322 -0.036511 -0.245646 -0.068416 -0.168622 -0.287929 -0.293964 0.106828 0.052217 0.087679 -0.156896 0.118406 1.000000 0.504823 0.065713 0.095202 -0.429578 -0.247150 0.030020 -0.131526 0.199372 0.304676 0.019221 0.300933 0.124542 0.093771 -0.110758 -0.125585 0.038898 -0.141948 -0.126598 -0.059768 -0.020153 -0.233471 -0.251445 -0.154024 -0.205966 -0.202578 -0.145404 -0.185823 -0.204745 -0.215737 -0.064800 0.189827 0.173967 0.483902 -0.230387 -0.027117 -0.027674 0.205226 0.022177 0.117036 0.084166 0.160618 0.352388 0.408640 -0.257099 -0.049298 -0.190325 -0.186350 -0.261131 -0.158097 -0.171569 -0.057993 -0.326771 -0.250992 -0.220862 -0.268062 0.106726 0.085490 0.200129 0.325572 0.053944 0.121324 0.193791 0.128159 0.062563 0.202731 0.234750 0.103030 0.213183 0.155446 0.242860 0.043884 0.003594 0.056275 0.132614 -0.155682 0.262639 0.123864 0.184832 -0.003046 -0.126909 0.281422
-0.463765 -0.360668 0.102374 -0.043377 0.037673 -0.121361 0.146251 0.413636 0.149273 0.005805 -0.034057 0.393867 0.207072 0.384968 0.036468 0.156077 -0.135656 -0.054245 -0.342272 -0.185246 0.004248 -0.064373 0.035899 -0.055226 0.003699 -0.041617 -0.144180 -0.345051 -0.184481 0.086189 0.013531 0.092520 -0.199032 0.079802 0.504823 1.000000 -0.062222 -0.251603 -0.324660 -0.319165 -0.185209 -0.296021 0.030254 -0.011985 0.026374 0.294787 -0.157440 -0.082969 -0.028829 -0.103001 0.021584 -0.112786 -0.082010 -0.202969 0.011760 -0.337626 -0.330363 -0.386062 -0.199764 -0.200450 -0.035121 0.093067 -0.018309 0.046152 0.253353 0.415980 0.152118 0.507879 -0.310025 0.196297 0.141165 0.248028 -0.069168 -0.041243 0.120025 0.043151 0.202646 0.349025 -0.114621 -0.100991 -0.108114 -0.016175 -0.294016 -0.125939 -0.085064 -0.031773 -0.406286 -0.250657 -0.238893 -0.325962 0.338393 0.227941 0.520609 0.489376 -0.067482 0.115296 -0.001780 0.079416 0.178212 0.160502 0.460110 0.130284 0.434967 0.242871 0.388085 0.160595 -0.153797 0.233393 0.125919 -0.090051 0.260015 0.292303 0.239569 0.252961 -0.151738 0.424000
