1.000000 0.667430 -0.088594 -0.040934 -0.044236 -0.151660 0.124688 0.013389 -0.026992 -0.146987 0.222714 0.346286 0.253597 0.211034 0.479414 0.300306 0.300563 0.133441 0.321815 0.366101 -0.077719 -0.253596 -0.082459 -0.360157 -0.154312 -0.326940 -0.164750 -0.252613 0.013136 0.040067 0.034394 -0.295247 0.010491 -0.026489 0.014908 -0.156220 -0.028818 0.072937 -0.114174 -0.066640 0.005672 0.122101 -0.406868 -0.453901 -0.303660 -0.417491 -0.234383 -0.390229 -0.106741 -0.327865 -0.369039 -0.114905 0.176129 -0.081586 -0.177004 -0.169073 0.338434 0.198080 0.332928 -0.143797 0.302094 0.089000 0.299155 0.034614 -0.185324 -0.169993 -0.103293 -0.462670 0.211931 -0.010300 -0.001112 0.103430 -0.027393 -0.041215 0.016441 0.057908 0.253358 0.208704 -0.358233 -0.295314 0.000873 -0.178282 0.522246 0.391210 -0.056407 -0.087262 0.103334 0.108468 0.133544 0.234165 -0.015567 -0.038086 0.100707 -0.212332 -0.110048 0.150678 -0.122282 -0.031569 -0.076215 -0.054765 -0.013094 -0.077401 -0.170637 0.124110 -0.386531 -0.233191 0.053700 -0.395734 -0.063216 -0.132979 -0.496116 0.095854 -0.293445 -0.023568 -0.090554 -0.071759
0.667430 1.000000 -0.099806 -0.180508 -0.082132 -0.263233 0.160901 -0.247623 -0.070695 -0.255473 0.151201 0.180098 0.231750 0.122925 0.313805 0.277882 0.293000 0.272704 0.239794 0.316278 -0.159044 -0.210287 -0.124968 -0.302415 -0.246680 -0.258847 -0.095791 -0.292877 0.062537 0.132633 0.007356 -0.247046 0.135448 0.076976 -0.185392 -0.295846 0.048275 0.083214 -0.057978 -0.005238 0.099009 0.223384 -0.094282 -0.201565 -0.383191 -0.335438 -0.181439 -0.187476 -0.198351 -0.163771 -0.426964 -0.156755 0.111964 0.070438 -0.112081 -0.056265 0.455457 0.494003 0.068602 -0.263748 0.069053 -0.079439 0.276266 0.126264 -0.223627 -0.387200 -0.182051 -0.440076 0.423313 0.098957 -0.100451 -0.059511 0.088108 -0.109552 -0.032580 0.053267 0.255417 0.103167 -0.175305 -0.110163 0.175578 0.019394 0.407110 0.315441 -0.004534 -0.101808 0.190445 0.150444 0.158604 0.139750 -0.115898 -0.199827 0.053395 -0.031325 -0.028087 0.082179 -0.048304 0.024796 0.055842 -0.070331 0.030879 0.082086 -0.058070 -0.070454 -0.308142 -0.226685 -0.016111 -0.300190 -0.123013 0.011191 -0.298922 0.097416 -0.267700 -0.063657 -0.059570 -0.041636
-0.088594 -0.099806 1.000000 0.262267 0.250387 0.374117 0.590565 0.212637 0.202257 0.148838 -0.274893 -0.295809 -0.200072 -0.452959 -0.107005 -0.316182 -0.262824 -0.400209 0.531840 0.359262 -0.148051 -0.065199 0.623462 0.286382 0.492529 0.292513 0.311839 0.408148 -0.198480 -0.403717 0.290772 0.116348 -0.102286 -0.057839 0.231802 0.150469 -0.243693 -0.120808 -0.012537 -0.271202 -0.349390 -0.066327 0.105168 0.029147 0.097723 0.065722 -0.088539 0.114899 0.003041 0.007544 0.154498 -0.083112 -0.215439 0.199081 -0.238901 -0.031593 -0.388636 -0.219682 -0.053965 -0.216795 -0.067178 -0.237926 -0.204552 -0.509928 0.097045 -0.002310 0.307269 0.251249 0.070556 0.202184 0.285201 0.432360 -0.285894 0.176547 -0.183728 0.111245 0.016764 0.209774 -0.296904 -0.300403 -0.426016 -0.436708 0.111644 -0.422116 -0.232144 -0.306518 -0.313632 -0.096064 0.059357 -0.010947 0.161793 0.233249 0.029301 0.007695 -0.311516 -0.086943 -0.306607 -0.413717 -0.184258 -0.059901 0.052188 0.031364 0.236548 -0.029094 -0.092783 -0.101775 0.066154 0.046122 -0.129236 -0.297137 -0.092225 -0.225608 -0.133512 -0.013302 -0.327418 -0.284176
-0.040934 -0.180508 0.262267 1.000000 0.231732 0.196431 0.214231 0.675415 0.300828 0.430450 -0.038870 0.168642 -0.025508 -0.050310 0.077832 0.043874 -0.452918 -0.489248 0.199603 0.279157 -0.084818 0.081153 0.376695 0.348456 0.197750 0.251074 0.081565 0.341219 -0.271226 -0.437718 0.076773 0.175279 -0.156911 -0.159939 0.243460 0.369898 -0.413847 -0.450307 -0.229835 -0.277246 -0.345106 -0.274292 -0.409951 -0.111517 0.022052 0.285145 -0.211143 -0.016587 -0.077907 -0.039329 -0.061671 -0.133984 -0.166730 -0.103544 -0.282753 -0.170968 -0.273566 -0.321855 0.231047 -0.068411 0.252169 0.341450 -0.193312 -0.228261 0.228026 0.352979 -0.021970 0.143539 -0.160625 0.183364 0.146631 0.148679 -0.355824 0.049963 -0.093080 0.212191 -0.222046 -0.040351 -0.263318 -0.384132 -0.403089 -0.438029 0.020953 -0.037002 -0.223793 -0.252693 -0.287482 -0.032192 -0.018973 0.336416 0.217933 0.224314 0.294709 -0.036785 -0.381749 -0.136958 -0.287939 -0.236329 -0.213257 -0.072381 -0.061598 0.028902 0.115183 0.010539 -0.097689 -0.167925 0.014302 -0.015082 -0.062248 -0.338758 -0.220936 -0.129748 0.070150 -0.033315 -0.334477 -0.127468
-0.044236 -0.082132 0.250387 0.231732 1.000000 0.501971 0.159252 0.173948 0.462020 0.332486 -0.193491 0.026702 -0.109607 -0.200074 0.319641 0.055394 -0.354386 -0.453321 0.028492 0.125028 0.127108 0.105370 0.391544 0.314025 0.468890 0.255537 0.320170 0.407218 -0.242259 -0.426532 0.180845 0.025739 -0.006983 -0.000512 0.069983 0.310366 -0.348508 -0.252453 -0.256621 -0.288785 -0.334186 -0.080234 0.066867 0.067535 0.068569 0.200693 -0.313568 -0.068169 -0.005315 -0.143626 0.255402 -0.113313 0.045370 -0.034963 -0.157487 -0.255232 0.002659 -0.144112 0.337785 -0.017913 0.371709 0.209415 -0.029453 -0.040387 0.246940 0.309796 0.274245 0.224732 -0.110379 0.060295 0.174578 0.199114 -0.352678 -0.042424 -0.280499 0.241785 -0.013286 0.015295 -0.335169 -0.303615 -0.469132 -0.466640 -0.051547 -0.062673 -0.266208 -0.206237 -0.475788 -0.199889 0.214273 0.070353 0.121598 0.103742 0.106272 0.024198 -0.247792 0.014229 -0.413471 -0.375294 -0.458124 -0.334345 -0.246704 -0.030888 -0.079634 -0.156074 0.061957 0.018552 -0.079946 -0.023233 -0.139892 -0.236739 -0.195318 -0.177782 -0.276568 -0.039884 -0.139820 0.025441
-0.151660 -0.263233 0.374117 0.196431 0.501971 1.000000 0.213753 0.269005 0.353583 0.257123 0.014228 -0.027699 0.052791 -0.067302 0.112998 0.028805 -0.053522 -0.348184 -0.122251 -0.104524 -0.043266 0.054496 0.209668 0.270304 0.569380 0.299013 0.238485 0.361383 -0.084955 -0.166075 0.253809 0.233206 0.211248 0.318456 0.116597 0.187296 -0.381855 -0.298681 -0.027389 -0.342599 -0.115930 -0.076048 0.202105 0.191434 0.203722 0.241268 -0.155732 0.200763 -0.041648 0.050381 0.189513 0.036385 -0.250755 0.036945 -0.224982 -0.282614 -0.115850 -0.212624 -0.086305 -0.140132 0.184948 0.160862 -0.025666 -0.067416 -0.100829 0.286264 0.243104 0.256480 -0.139044 -0.095393 0.226971 0.344396 -0.098199 0.146661 0.028412 0.179955 -0.095535 -0.012045 -0.059111 -0.170753 -0.150322 -0.291408 -0.241563 -0.376583 -0.088931 -0.325018 -0.397024 -0.340213 0.010315 -0.120672 -0.093866 -0.062592 -0.026272 -0.352974 -0.372623 -0.052370 -0.386881 -0.482839 -0.576491 -0.370323 -0.217875 -0.087603 -0.118583 -0.158551 0.082976 0.119237 -0.112714 0.155914 -0.286802 -0.343409 -0.007487 -0.159032 -0.171018 0.094591 -0.183727 -0.129062
0.124688 0.160901 0.590565 0.214231 0.159252 0.213753 1.000000 0.317169 0.286374 0.146097 -0.136761 -0.243110 0.140708 -0.228306 0.155789 -0.022017 -0.068882 -0.166471 0.413589 0.380634 -0.316813 -0.328293 0.288160 -0.100551 0.112486 -0.014629 -0.178703 -0.127169 -0.153881 -0.311475 0.132151 -0.147473 0.234416 0.182270 0.055170 -0.063692 -0.329384 -0.437874 -0.435038 -0.416479 -0.450288 -0.231419 -0.023863 -0.170472 0.160498 0.034751 -0.118960 -0.120657 -0.134097 -0.014649 0.111097 -0.141991 -0.118494 0.165644 -0.282721 -0.312708 -0.147717 -0.218722 -0.134928 -0.289298 0.225138 -0.027645 0.235747 -0.199811 0.072606 -0.131803 0.184200 0.048409 0.046427 0.108383 0.176768 0.240835 -0.199327 0.092847 -0.080928 0.018465 -0.071422 -0.107194 -0.271973 -0.174302 -0.157889 -0.317136 0.367930 -0.137658 0.020917 -0.188169 -0.239257 -0.195908 0.143263 0.061869 0.207268 0.211771 0.185823 0.049653 -0.270304 -0.058186 -0.318722 -0.318176 0.054643 0.081274 0.131822 -0.127478 0.151837 0.108728 -0.037225 -0.078494 0.051389 0.098843 -0.233935 -0.323764 -0.193083 -0.046914 -0.109979 -0.194341 -0.163307 -0.170844
0.013389 -0.247623 0.212637 0.675415 0.173948 0.269005 0.317169 1.000000 0.402158 0.382266 0.097041 0.238425 0.297172 0.165206 0.103750 0.011468 -0.374317 -0.508661 -0.047771 0.104601 -0.166164 -0.180680 0.069657 0.080956 0.168929 0.051248 -0.150280 0.115757 -0.371176 -0.402702 -0.060063 -0.064802 -0.116795 -0.163728 0.044900 0.351824 -0.338778 -0.519768 -0.210267 -0.254937 -0.246220 -0.240331 -0.297021 -0.147092 0.188794 0.259137 -0.295119 -0.060060 0.112124 -0.120090 0.123114 -0.114769 -0.126737 0.031071 -0.288696 -0.291851 -0.455613 -0.469327 0.327483 0.111880 0.433092 0.527621 -0.103265 -0.147388 -0.049054 0.361847 0.209539 0.238952 -0.337369 0.095504 0.139357 0.186869 -0.290727 0.081974 -0.103127 0.050455 -0.233604 -0.088648 -0.399547 -0.466322 -0.375671 -0.519423 0.037102 -0.043299 -0.104615 -0.183509 -0.332172 -0.151491 0.074106 0.187030 0.367673 0.296980 0.445753 0.092218 -0.337435 -0.027637 -0.283054 -0.245425 -0.100124 0.086013 0.090772 -0.089386 0.046348 0.065820 0.031339 0.050667 0.113801 -0.125625 -0.143418 -0.319371 -0.330093 -0.070420 0.050983 -0.002187 -0.332379 -0.132622
-0.026992 -0.070695 0.202257 0.300828 0.462020 0.353583 0.286374 0.402158 1.000000 0.493454 0.075715 0.094839 0.113093 0.095050 0.289545 0.102793 -0.246252 -0.367626 0.007764 0.132295 -0.052529 -0.205830 0.077559 -0.027134 0.220066 0.024616 -0.026295 0.071682 -0.280930 -0.432911 -0.156755 -0.219130 0.086274 -0.102509 0.199769 0.271036 -0.426040 -0.377151 -0.404218 -0.334404 -0.467087 -0.176493 0.060963 0.099531 0.162584 0.230582 -0.282364 0.118501 -0.167941 -0.021165 0.104005 0.040322 -0.021707 0.091125 -0.138424 -0.306686 0.075811 -0.234705 0.287734 0.149214 0.534447 0.527874 -0.019392 -0.008865 0.133925 0.285233 0.219192 0.255980 0.032983 0.103600 -0.211850 -0.003332 -0.490539 -0.212691 -0.352433 0.015947 -0.312758 -0.119960 -0.217968 -0.231049 -0.292742 -0.446005 0.009129 -0.106987 -0.216153 -0.325386 -0.357170 -0.177546 0.253207 0.169217 0.302143 0.265167 0.277909 -0.049862 -0.295125 -0.068468 -0.272696 -0.281582 -0.159565 0.131468 0.058887 0.037078 0.013648 0.001151 0.065851 -0.126209 -0.046932 -0.003273 -0.179271 -0.314493 -0.285472 -0.060939 -0.152772 -0.117199 -0.069222 -0.226096
-0.146987 -0.255473 0.148838 0.430450 0.332486 0.257123 0.146097 0.382266 0.493454 1.000000 -0.140535 0.036718 0.027037 -0.032247 0.075572 0.009313 -0.484160 -0.516753 -0.059924 0.051369 -0.254482 -0.166626 0.183501 0.085610 0.131865 0.113775 0.070090 0.250414 -0.511200 -0.593559 -0.248334 -0.175802 -0.155034 -0.192908 0.245107 0.509568 -0.487562 -0.416064 -0.171099 -0.273300 -0.474305 -0.249082 -0.196566 0.043376 0.143754 0.446598 -0.302212 0.250431 -0.108698 0.178000 0.222169 0.160499 0.025097 0.072604 -0.072518 -0.070894 0.020962 -0.189320 0.393894 0.318759 0.528647 0.636488 -0.159131 -0.055242 0.199899 0.473807 0.213606 0.425311 -0.082676 0.255495 0.025531 -0.014687 -0.572818 -0.148506 -0.343205 0.024545 -0.311555 -0.029115 -0.377111 -0.371759 -0.478934 -0.508636 -0.280193 -0.217794 -0.367617 -0.317484 -0.327712 -0.076142 0.150523 0.393954 0.435328 0.449442 0.389221 0.040505 -0.375627 0.024667 -0.251911 -0.265872 -0.146066 0.123753 0.075263 0.055502 0.070198 0.199205 0.174960 0.016954 0.118487 0.119126 -0.138941 -0.356581 -0.172911 -0.142714 -0.254647 -0.133201 -0.238438 -0.157213
0.222714 0.151201 -0.274893 -0.038870 -0.193491 0.014228 -0.136761 0.097041 0.075715 -0.140535 1.000000 0.405149 0.345580 0.488811 0.136985 0.151906 0.247635 0.242958 -0.061341 0.050021 0.064295 0.003469 -0.197384 0.057177 -0.127213 -0.218828 -0.142519 -0.170169 0.123582 0.250992 -0.157597 -0.130693 0.364473 0.198692 -0.112252 -0.409321 0.045216 -0.074803 -0.119729 0.045359 0.066048 0.020919 -0.151863 -0.168136 -0.175497 -0.172246 -0.225663 -0.263432 -0.091921 -0.085023 -0.250979 0.104139 -0.113754 -0.081815 -0.213999 -0.221324 0.171596 -0.194272 0.041412 -0.034856 0.135064 0.150119 0.133015 0.262862 -0.184147 0.126548 -0.295826 -0.333280 -0.172957 -0.407570 -0.055249 -0.110808 0.130627 0.058660 0.225095 -0.104429 0.116166 -0.155158 0.193146 0.172305 0.198783 0.210285 0.165138 0.149373 0.155947 -0.062350 0.171624 -0.046870 -0.059507 -0.052596 -0.184466 0.024698 0.059192 -0.022561 0.045155 -0.002255 -0.097503 0.080657 -0.040852 -0.003003 0.040110 -0.139682 -0.449738 -0.122490 -0.123335 -0.122310 -0.102723 -0.073356 -0.113342 -0.015793 -0.239808 -0.118944 0.003424 -0.010291 0.025871 0.073952
0.346286 0.180098 -0.295809 0.168642 0.026702 -0.027699 -0.243110 0.238425 0.094839 0.036718 0.405149 1.000000 0.358999 0.683866 0.362591 0.404155 0.143739 -0.028258 -0.094896 -0.063285 -0.001887 0.119376 -0.134827 -0.047020 -0.194457 -0.171398 -0.227624 -0.217426 0.204435 0.376046 0.043041 0.005911 -0.036547 -0.000777 -0.289399 -0.009963 0.085467 0.061295 -0.040899 0.116268 0.180239 0.129544 -0.300194 -0.134015 -0.318144 -0.177547 -0.349724 -0.301978 -0.119196 -0.251441 -0.442551 -0.213579 0.055367 -0.229973 -0.179459 -0.172044 0.133054 -0.196269 0.240127 0.040076 0.284014 0.412586 -0.073268 0.138207 -0.338163 0.181036 -0.440934 -0.333589 -0.152637 -0.095207 0.068639 -0.194491 0.152925 0.067863 0.147263 0.102286 0.166741 0.008102 0.052799 0.014813 0.068005 0.032933 0.225930 0.327205 -0.155100 -0.304912 -0.005483 0.114569 -0.045414 0.019851 0.131509 0.056905 0.177061 -0.031097 -0.093147 0.249136 -0.144675 0.168773 -0.202867 -0.068064 0.198186 -0.168321 -0.176939 -0.195880 -0.146376 -0.131408 -0.110097 -0.325291 0.002205 -0.047951 -0.323986 -0.145643 -0.001356 -0.055238 -0.217373 -0.080534
0.253597 0.231750 -0.200072 -0.025508 -0.109607 0.052791 0.140708 0.297172 0.113093 0.027037 0.345580 0.358999 1.000000 0.626384 0.404744 0.338421 0.325429 0.092263 -0.230464 -0.226177 -0.273673 -0.331073 -0.382093 -0.436315 -0.274918 -0.381669 -0.397393 -0.391037 0.107207 0.145475 -0.246016 -0.369620 0.105052 -0.028750 -0.061538 -0.198845 0.061028 -0.133713 -0.102874 -0.064101 0.063274 0.028742 -0.127517 -0.262550 -0.207050 -0.207505 -0.253128 -0.060487 -0.079961 -0.038582 -0.202421 -0.092132 0.098482 -0.059320 0.003223 -0.282454 0.168580 0.002063 0.156711 0.207223 0.348499 0.420090 0.162511 0.225566 -0.613485 -0.015138 -0.088276 -0.244516 -0.113357 -0.081352 0.090898 -0.019332 0.239942 0.142774 0.094696 0.087336 0.135251 0.007628 -0.058771 -0.132240 0.213373 -0.048905 0.095702 0.161764 -0.037600 -0.271638 -0.129174 -0.057024 0.372918 0.247100 0.215931 0.059066 0.204728 0.003212 -0.166565 0.130289 -0.138034 -0.018192 0.008522 0.159621 0.123369 -0.142799 -0.209574 -0.033591 -0.009662 0.051652 -0.125908 -0.158209 0.003841 -0.182448 -0.265224 0.025633 -0.009768 0.024940 -0.067880 -0.080391
0.211034 0.122925 -0.452959 -0.050310 -0.200074 -0.067302 -0.228306 0.165206 0.095050 -0.032247 0.488811 0.683866 0.626384 1.000000 0.368515 0.530080 0.353372 0.229916 -0.420243 -0.399537 -0.084468 -0.053170 -0.350740 -0.337707 -0.278008 -0.236429 -0.497246 -0.434068 0.295154 0.436808 -0.036322 -0.052520 0.220909 0.061361 -0.181164 -0.272712 0.114009 0.005868 -0.129291 0.061991 0.220760 -0.034733 -0.120906 -0.167243 -0.108936 -0.145635 -0.241102 -0.163836 -0.026862 -0.029786 -0.333379 -0.098836 0.061164 -0.155934 -0.113882 -0.296997 0.254074 -0.083791 0.119743 0.120384 0.244244 0.436818 0.163282 0.501235 -0.473050 0.045844 -0.350201 -0.339251 -0.234345 -0.327830 -0.023885 -0.170990 0.366051 0.192761 0.253501 0.107248 0.126845 -0.132793 0.226511 0.136325 0.353744 0.216597 0.029603 0.255063 0.083372 -0.125987 0.129012 -0.040963 0.028861 -0.084238 0.009973 -0.132546 0.037446 -0.164362 -0.075396 0.173380 -0.056858 0.140702 0.001136 0.110314 0.078908 -0.169813 -0.279013 -0.178660 -0.125661 0.034512 -0.101201 -0.204041 -0.031041 -0.093468 -0.241825 0.027310 0.061299 0.064237 0.072765 0.051153
0.479414 0.313805 -0.107005 0.077832 0.319641 0.112998 0.155789 0.103750 0.289545 0.075572 0.136985 0.362591 0.404744 0.368515 1.000000 0.421238 0.335898 -0.045693 -0.053597 0.162252 -0.235317 -0.280080 0.096950 -0.134129 -0.232007 -0.340912 -0.372262 -0.163816 0.169096 -0.068226 0.102797 -0.192650 0.134782 0.084697 0.089721 -0.120276 -0.284214 -0.186874 -0.340711 -0.441275 -0.109865 -0.267514 -0.229940 -0.346389 -0.254192 -0.280006 -0.370452 -0.251946 0.016776 -0.241603 -0.018671 -0.184117 0.278404 -0.175509 -0.236682 -0.553569 0.413355 -0.015342 0.347964 0.055050 0.541335 0.306833 0.459927 0.327379 -0.030494 -0.011035 -0.083116 -0.236997 -0.104544 -0.124748 0.250440 0.216185 0.065436 0.183478 0.113250 0.447788 0.215700 0.147571 -0.254841 -0.176839 0.020447 -0.284433 0.312748 0.232885 -0.048502 -0.311689 -0.164454 -0.357868 0.294589 0.114604 0.110437 -0.117406 0.131701 -0.261307 -0.402367 0.231796 -0.499394 -0.293920 -0.367630 -0.077911 -0.175724 -0.299290 -0.238677 -0.009976 -0.316816 0.044959 -0.081165 -0.208080 -0.167180 -0.303691 -0.504650 0.020918 0.021809 -0.066034 -0.013733 0.024209
0.300306 0.277882 -0.316182 0.043874 0.055394 0.028805 -0.022017 0.011468 0.102793 0.009313 0.151906 0.404155 0.338421 0.530080 0.421238 1.000000 0.146188 0.205299 -0.258443 -0.292993 0.008646 0.093395 -0.119242 -0.323395 -0.166024 0.024910 -0.321042 -0.371657 0.353179 0.364328 0.122097 -0.022298 0.149018 -0.146434 -0.149626 -0.168639 0.212818 0.032350 -0.121602 0.153302 0.209941 0.099290 -0.112740 -0.244116 -0.314125 -0.218667 -0.085181 -0.338116 -0.025465 -0.050367 -0.385956 -0.244876 0.254466 -0.231879 -0.061842 -0.060709 0.315650 0.055071 0.087585 -0.092510 0.214455 0.294747 0.221166 0.254296 -0.340639 -0.073818 -0.324648 -0.352979 -0.052644 -0.302822 0.095935 -0.135297 0.184188 0.059011 0.143718 0.146634 0.096782 -0.104312 0.114442 0.021574 0.161316 0.105801 0.146063 0.448873 -0.065257 -0.056559 0.264771 0.161219 0.224584 0.211656 -0.058358 -0.223326 0.181685 -0.118424 0.077783 0.275578 0.063846 0.172981 -0.113981 -0.117529 0.070919 -0.084517 -0.043535 -0.094112 -0.189913 -0.213007 -0.093025 -0.398674 -0.105582 -0.041864 -0.256428 -0.071432 -0.310657 -0.172434 -0.069708 -0.181622
0.300563 0.293000 -0.262824 -0.452918 -0.354386 -0.053522 -0.068882 -0.374317 -0.246252 -0.484160 0.247635 0.143739 0.325429 0.353372 0.335898 0.146188 1.000000 0.602216 -0.137087 -0.112662 -0.332761 -0.258996 -0.286129 -0.270216 -0.383911 -0.439032 -0.353950 -0.356614 0.470882 0.525331 -0.035753 -0.103372 0.318049 0.357920 -0.095973 -0.468579 0.147180 0.150371 -0.018652 -0.125114 0.356717 0.026180 0.095758 -0.134723 -0.148209 -0.495511 0.115415 -0.148129 -0.065174 0.090701 -0.128552 0.153020 0.030992 -0.075465 0.001042 -0.266372 0.416280 0.321752 -0.336101 -0.127839 -0.182448 -0.200990 0.464642 0.370602 -0.337738 -0.240523 -0.239930 -0.465564 0.054972 -0.244672 -0.155802 -0.069584 0.634863 0.160291 0.410409 -0.010735 0.340499 -0.087019 0.410952 0.417099 0.700381 0.424488 0.164411 0.028474 0.379997 -0.028164 0.209039 -0.255072 -0.001538 -0.162974 -0.224784 -0.327046 -0.245300 -0.233345 -0.046240 0.095693 -0.113045 0.013525 0.012599 0.085059 -0.044840 -0.207512 -0.204951 -0.041693 -0.175681 0.144476 -0.168129 0.073394 -0.084865 0.012090 0.009577 0.315721 0.144780 0.094873 0.237735 0.131280
0.133441 0.272704 -0.400209 -0.489248 -0.453321 -0.348184 -0.166471 -0.508661 -0.367626 -0.516753 0.242958 -0.028258 0.092263 0.229916 -0.045693 0.205299 0.602216 1.000000 -0.131414 -0.207638 -0.004294 -0.023129 -0.340936 -0.279304 -0.347280 -0.159921 -0.099866 -0.371181 0.487412 0.622925 -0.067256 -0.018955 0.207215 0.101861 -0.058418 -0.604832 0.403001 0.225757 0.096044 0.305916 0.276069 0.124842 0.039613 -0.237721 -0.231651 -0.410120 0.270863 -0.180357 -0.223377 0.059952 -0.314960 0.141177 0.039449 -0.027657 0.113986 0.121168 0.323454 0.266589 -0.438776 -0.254217 -0.425321 -0.403813 0.297005 0.363097 -0.235604 -0.402623 -0.307493 -0.477638 0.091276 -0.209651 -0.193025 -0.312712 0.477453 0.079203 0.220614 -0.268974 0.125566 -0.089697 0.557970 0.579030 0.697178 0.715581 0.246387 0.274617 0.427133 0.269721 0.439272 0.229070 -0.087441 -0.048292 -0.283921 -0.265970 -0.264953 -0.030649 0.364220 -0.033402 0.188190 0.350658 0.342847 0.155640 0.021607 0.003878 -0.229636 0.031081 -0.192059 -0.112704 -0.031254 -0.065250 0.113575 0.228067 0.051263 0.105401 0.048731 -0.024884 0.235911 0.084494
0.321815 0.239794 0.531840 0.199603 0.028492 -0.122251 0.413589 -0.047771 0.007764 -0.059924 -0.061341 -0.094896 -0.230464 -0.420243 -0.053597 -0.258443 -0.137087 -0.131414 1.000000 0.723034 -0.115997 -0.192804 0.357383 0.024533 -0.012358 -0.050098 0.189804 0.121941 -0.151818 -0.228973 0.067376 -0.103753 -0.151759 -0.126753 0.151851 0.003884 -0.173007 -0.028753 -0.216833 -0.140809 -0.419812 0.039948 -0.145028 -0.080200 -0.097564 -0.050616 -0.179393 -0.065806 -0.206252 -0.099762 -0.266289 -0.087037 -0.045851 0.157287 -0.119658 0.100005 -0.089542 -0.092363 0.060966 -0.200798 -0.146892 -0.364037 -0.081840 -0.498406 0.166561 -0.181385 0.184129 0.038045 0.314734 0.366081 0.044949 0.115284 -0.337131 -0.066160 -0.153039 -0.042246 0.126260 0.154725 -0.340042 -0.269618 -0.320089 -0.295208 0.461126 -0.070408 -0.247014 -0.104694 -0.092810 0.198530 -0.043812 0.148274 0.219408 0.344742 0.037587 0.100485 -0.112229 -0.043173 -0.125449 -0.126708 0.100985 0.027410 0.164624 0.057662 0.193186 0.134043 -0.111290 -0.370432 0.160812 -0.133329 0.121531 -0.190735 -0.295789 -0.099980 -0.094681 -0.124542 -0.253121 -0.225917
0.366101 0.316278 0.359262 0.279157 0.125028 -0.104524 0.380634 0.104601 0.132295 0.051369 0.050021 -0.063285 -0.226177 -0.399537 0.162252 -0.292993 -0.112662 -0.207638 0.723034 1.000000 -0.285016 -0.369464 0.247588 0.200258 -0.055402 -0.266968 0.055140 0.085579 -0.362089 -0.432788 -0.151183 -0.235000 -0.104210 0.063648 0.250968 0.149632 -0.520130 -0.348923 -0.341975 -0.450533 -0.507367 -0.211535 -0.180874 -0.097332 -0.001728 0.015356 -0.263591 -0.060075 -0.135567 -0.145245 -0.119810 0.038627 -0.157996 0.264681 -0.342783 -0.230744 0.018607 -0.066060 0.144252 -0.195899 0.153124 -0.109387 0.143310 -0.177717 0.321986 -0.107077 0.181279 0.033514 0.187603 0.436705 -0.021985 0.167375 -0.405548 -0.182856 -0.218128 0.020416 0.002075 0.147927 -0.471328 -0.295871 -0.310573 -0.386198 0.404712 -0.071740 -0.086724 -0.159073 -0.257922 -0.190923 -0.055176 0.228965 0.337701 0.432459 0.182532 0.247146 -0.328650 -0.010019 -0.405448 -0.341555 0.023824 0.108730 0.062724 0.054310 0.026691 0.041371 -0.166355 -0.039308 0.206183 0.073567 -0.073481 -0.288015 -0.331047 -0.046050 -0.015855 -0.086470 -0.124267 0.002232
-0.077719 -0.159044 -0.148051 -0.084818 0.127108 -0.043266 -0.316813 -0.166164 -0.052529 -0.254482 0.064295 -0.001887 -0.273673 -0.084468 -0.235317 0.008646 -0.332761 -0.004294 -0.115997 -0.285016 1.000000 0.705893 0.049584 0.172474 0.323115 0.475107 0.391969 0.112101 0.194206 0.203752 0.152644 0.281831 -0.075273 -0.137058 -0.081695 -0.057575 0.489262 0.353654 0.188212 0.555582 0.138547 0.217589 -0.024687 -0.024567 -0.093188 -0.126206 0.210005 -0.277835 0.012973 -0.266213 -0.050463 -0.139204 0.153343 -0.206455 0.250405 0.262069 -0.196836 -0.013362 0.046572 -0.009771 -0.169247 -0.166377 -0.314616 -0.157374 0.141623 0.031582 -0.257123 -0.098560 -0.048597 -0.246600 0.003751 -0.123805 -0.039667 -0.155583 -0.092452 0.017967 -0.229839 -0.084114 0.225818 0.141588 -0.126009 0.269557 -0.034175 0.384888 -0.041828 0.255791 0.033805 0.432808 0.031381 -0.202712 -0.327491 -0.219082 -0.295872 -0.200660 0.606659 -0.174204 0.532015 0.519984 0.022957 -0.186939 -0.124156 0.189435 -0.109293 -0.211506 -0.095758 -0.288195 -0.033592 -0.097683 0.350520 0.451587 0.231281 -0.175076 -0.056667 -0.107375 0.066663 0.069598
-0.253596 -0.210287 -0.065199 0.081153 0.105370 0.054496 -0.328293 -0.180680 -0.205830 -0.166626 0.003469 0.119376 -0.331073 -0.053170 -0.280080 0.093395 -0.258996 -0.023129 -0.192804 -0.369464 0.705893 1.000000 0.240587 0.411034 0.410102 0.586059 0.389823 0.238392 0.362423 0.327342 0.405381 0.547688 -0.090054 -0.060723 -0.209848 -0.077869 0.447000 0.380158 0.313495 0.488860 0.275746 0.188906 -0.034441 0.127886 -0.127375 0.005463 0.186020 -0.160342 0.087239 -0.145260 -0.071790 -0.227009 -0.071941 -0.144504 0.134747 0.276802 -0.224069 0.096968 -0.102206 -0.238574 -0.294537 -0.207852 -0.424298 -0.243678 0.130548 0.165599 -0.407996 -0.196154 -0.020340 -0.251370 0.075739 -0.164478 0.095053 0.048829 0.042156 0.079791 -0.168183 -0.138819 0.386547 0.347244 -0.054074 0.369207 -0.144415 0.194384 -0.041450 0.140844 0.121843 0.314658 -0.152078 -0.250718 -0.403288 -0.387775 -0.295776 -0.270802 0.488997 -0.106681 0.362325 0.419929 -0.159377 -0.355429 -0.182055 0.174459 -0.039346 -0.302234 -0.061705 -0.229013 -0.160166 -0.032371 0.273782 0.404611 0.323103 -0.172238 -0.018356 -0.111235 0.006767 0.066815
-0.082459 -0.124968 0.623462 0.376695 0.391544 0.209668 0.288160 0.069657 0.077559 0.183501 -0.197384 -0.134827 -0.382093 -0.350740 0.096950 -0.119242 -0.286129 -0.340936 0.357383 0.247588 0.049584 0.240587 1.000000 0.581627 0.397349 0.398082 0.353092 0.558750 -0.077103 -0.322748 0.497239 0.228580 -0.012534 -0.107682 0.126512 0.070129 -0.238838 -0.030932 0.001801 -0.240997 -0.203474 -0.250245 -0.150141 -0.097162 -0.055822 0.053870 -0.127819 -0.046218 0.006992 -0.010128 0.222122 -0.088940 -0.010680 0.123542 -0.191195 -0.101368 -0.154128 -0.178616 0.007892 -0.341731 -0.001854 -0.233127 -0.085414 -0.337290 0.445942 0.206706 0.003819 0.035774 -0.115133 -0.060630 0.347046 0.265824 -0.220933 0.249880 -0.025061 0.281828 0.152269 0.069588 -0.214533 -0.112712 -0.482343 -0.336062 0.118022 -0.266384 -0.218940 -0.176841 -0.187090 -0.128172 0.032983 0.060234 -0.131715 -0.003818 -0.069079 -0.035772 -0.209580 -0.261731 -0.281544 -0.266875 -0.284089 -0.206359 -0.164305 0.153437 -0.025781 0.000439 -0.195670 -0.032614 -0.070314 0.111863 -0.216316 -0.095608 -0.161546 -0.189408 -0.161948 -0.161163 -0.161746 -0.104132
-0.360157 -0.302415 0.286382 0.348456 0.314025 0.270304 -0.100551 0.080956 -0.027134 0.085610 0.057177 -0.047020 -0.436315 -0.337707 -0.134129 -0.323395 -0.270216 -0.279304 0.024533 0.200258 0.172474 0.411034 0.581627 1.000000 0.469049 0.420415 0.520740 0.679614 -0.005583 -0.179259 0.325867 0.448451 -0.014765 0.159963 0.007672 0.126309 -0.279717 -0.122711 0.058198 -0.149846 -0.139513 -0.156104 -0.086473 0.033558 -0.044724 0.060197 -0.103728 -0.038820 0.082993 -0.114961 0.204770 0.078392 -0.279032 0.109544 -0.189395 -0.091017 -0.274279 -0.239961 -0.048062 -0.254188 -0.095346 -0.143891 -0.203430 -0.212265 0.492348 0.393872 -0.135849 0.110469 -0.202023 -0.050864 0.176551 0.050289 -0.119633 0.139963 0.047284 0.194494 -0.108871 -0.033731 0.066510 0.077755 -0.283651 -0.076635 -0.127309 -0.273171 -0.024515 -0.123902 -0.207464 -0.255277 -0.140115 -0.028514 -0.155318 0.058796 -0.179038 0.076177 -0.031556 -0.248035 -0.231407 -0.176708 -0.317812 -0.358302 -0.281691 0.042662 -0.146593 -0.239364 -0.096348 0.164113 0.007739 0.329038 -0.071114 0.121300 0.080253 -0.323734 0.054833 -0.080101 -0.036038 0.144381
-0.154312 -0.246680 0.492529 0.197750 0.468890 0.569380 0.112486 0.168929 0.220066 0.131865 -0.127213 -0.194457 -0.274918 -0.278008 -0.232007 -0.166024 -0.383911 -0.347280 -0.012358 -0.055402 0.323115 0.410102 0.397349 0.469049 1.000000 0.574174 0.622846 0.554298 -0.085897 -0.293691 0.387248 0.377415 -0.010732 0.058871 0.097972 0.194901 -0.158306 0.007093 0.160943 -0.028115 -0.207060 -0.014778 0.149614 0.120055 0.263490 0.199306 -0.035410 0.096059 0.093823 -0.039685 0.197358 -0.110637 -0.212053 0.162116 -0.173259 0.095446 -0.308120 -0.069064 0.015044 -0.229422 0.004272 -0.044276 -0.281118 -0.377747 0.106681 0.251633 0.156918 0.146292 0.052215 -0.003349 0.002451 0.208908 -0.284569 0.032314 -0.328723 -0.002545 -0.260118 -0.017269 -0.110004 -0.173056 -0.338718 -0.243545 -0.231476 -0.204588 -0.210706 -0.117426 -0.281108 -0.000102 -0.015965 -0.137304 -0.230065 -0.087737 -0.237121 -0.227474 -0.058420 -0.305408 -0.074728 -0.269948 -0.419637 -0.407365 -0.379061 0.149414 -0.141334 -0.096678 -0.049706 0.057566 -0.012923 0.063178 -0.089111 -0.100230 0.172899 -0.222386 -0.301576 0.119824 -0.130243 -0.044830
-0.326940 -0.258847 0.292513 0.251074 0.255537 0.299013 -0.014629 0.051248 0.024616 0.113775 -0.218828 -0.171398 -0.381669 -0.236429 -0.340912 0.024910 -0.439032 -0.159921 -0.050098 -0.266968 0.475107 0.586059 0.398082 0.420415 0.574174 1.000000 0.586662 0.481859 0.116246 0.002090 0.464491 0.624156 -0.066828 -0.064679 0.041476 0.039615 0.187764 0.151405 0.277936 0.362575 0.143812 0.159130 0.006595 0.002872 -0.085678 0.115054 0.090719 -0.124990 -0.134031 -0.008864 -0.086635 -0.254523 -0.093579 -0.029678 -0.001754 0.264605 -0.386670 -0.044777 -0.132906 -0.294901 -0.281309 -0.164873 -0.437944 -0.366310 0.160364 0.075408 -0.101124 0.156183 0.009079 -0.072458 0.048340 -0.016094 -0.144011 0.056227 -0.066322 0.013480 -0.283405 -0.132707 0.216745 0.064538 -0.206565 0.092540 -0.153409 0.028331 -0.102288 0.155479 -0.046511 0.330452 -0.078146 -0.140286 -0.341655 -0.280123 -0.268927 -0.138000 0.284491 -0.121823 0.232928 0.154487 -0.117666 -0.253321 -0.163081 0.115452 0.000645 -0.068501 -0.058859 -0.203449 -0.031618 -0.083875 0.142217 0.201409 0.101093 -0.306380 -0.115920 -0.380527 -0.190838 -0.168971
-0.164750 -0.095791 0.311839 0.081565 0.320170 0.238485 -0.178703 -0.150280 -0.026295 0.070090 -0.142519 -0.227624 -0.397393 -0.497246 -0.372262 -0.321042 -0.353950 -0.099866 0.189804 0.055140 0.391969 0.389823 0.353092 0.520740 0.622846 0.586662 1.000000 0.750338 -0.133347 -0.205536 0.108552 0.284528 -0.294724 -0.132344 0.155079 0.130385 0.061911 0.219158 0.301144 0.270866 -0.132628 0.155012 0.020099 -0.010387 -0.154474 0.020929 -0.045308 0.067406 -0.152777 -0.092492 0.016636 -0.017292 -0.108512 0.164652 0.183883 0.403046 -0.183725 0.048174 0.011128 -0.177374 -0.256849 -0.232579 -0.472911 -0.405043 0.226008 0.201830 0.058696 0.150954 0.217133 0.243950 0.011287 -0.031448 -0.369299 -0.176132 -0.337022 -0.081577 -0.168591 0.131369 0.025805 -0.099253 -0.285016 -0.035500 -0.141765 -0.159740 -0.277879 -0.035800 -0.130543 0.328802 -0.060211 0.089241 -0.194893 0.024862 -0.205897 -0.019966 0.186068 -0.243012 0.085123 0.037296 -0.222325 -0.349137 -0.104712 0.320886 -0.029353 0.003285 -0.120375 -0.177736 0.063805 -0.064049 0.260513 0.191401 0.163589 -0.369938 -0.306473 -0.142783 -0.224978 -0.137990
-0.252613 -0.292877 0.408148 0.341219 0.407218 0.361383 -0.127169 0.115757 0.071682 0.250414 -0.170169 -0.217426 -0.391037 -0.434068 -0.163816 -0.371657 -0.356614 -0.371181 0.121941 0.085579 0.112101 0.238392 0.558750 0.679614 0.554298 0.481859 0.750338 1.000000 -0.320446 -0.430563 0.180903 0.281753 -0.234132 -0.110284 0.187710 0.254488 -0.262204 0.059452 0.195751 -0.097324 -0.163501 -0.119562 -0.123935 0.013903 -0.007210 0.152877 -0.142799 0.147968 0.058706 -0.009762 0.292163 0.101273 -0.109364 0.133731 0.114836 0.122625 -0.256679 -0.128992 0.189758 -0.029260 -0.056040 -0.060228 -0.325103 -0.302769 0.443720 0.472619 0.167159 0.303612 -0.045829 0.127041 0.188919 0.183094 -0.394765 0.093843 -0.067413 0.171580 -0.056370 0.234285 -0.169150 -0.261595 -0.474692 -0.307019 -0.220895 -0.454452 -0.240279 -0.117648 -0.213287 -0.072661 -0.045948 0.140812 -0.145873 0.057207 -0.056582 -0.096943 -0.168591 -0.161322 -0.216024 -0.280900 -0.351962 -0.382734 -0.201158 0.128826 -0.068716 0.105268 -0.187671 0.003085 -0.004582 0.029350 -0.019085 -0.080829 -0.015989 -0.323199 -0.153741 -0.086516 -0.241508 -0.100138
0.013136 0.062537 -0.198480 -0.271226 -0.242259 -0.084955 -0.153881 -0.371176 -0.280930 -0.511200 0.123582 0.204435 0.107207 0.295154 0.169096 0.353179 0.470882 0.487412 -0.151818 -0.362089 0.194206 0.362423 -0.077103 -0.005583 -0.085897 0.116246 -0.133347 -0.320446 1.000000 0.734330 0.454974 0.430994 0.240542 0.173646 -0.299812 -0.571360 0.422037 0.338365 0.085182 0.261138 0.400175 0.250975 0.121467 -0.094103 -0.288210 -0.477579 0.132204 -0.239613 -0.041792 -0.127183 -0.287729 -0.294957 0.005550 -0.244542 -0.108954 0.064946 0.132141 0.109134 -0.439750 -0.314735 -0.390258 -0.412750 0.052208 0.022411 -0.260772 -0.292671 -0.531493 -0.512296 0.033619 -0.346546 0.073012 -0.176486 0.711537 0.399049 0.444531 0.136810 0.195823 -0.137668 0.630730 0.540427 0.560513 0.558287 0.188605 0.316450 0.202829 0.041537 0.358690 0.157832 0.014413 -0.311267 -0.386187 -0.504364 -0.399316 -0.282063 0.334801 0.173461 0.173260 0.360127 -0.055402 -0.130873 -0.083748 -0.145435 -0.023055 -0.196656 -0.068287 -0.073861 -0.142942 -0.057928 0.141124 0.298975 0.172711 0.024941 0.230405 -0.072746 0.194845 0.136937
0.040067 0.132633 -0.403717 -0.437718 -0.426532 -0.166075 -0.311475 -0.402702 -0.432911 -0.593559 0.250992 0.376046 0.145475 0.436808 -0.068226 0.364328 0.525331 0.622925 -0.228973 -0.432788 0.203752 0.327342 -0.322748 -0.179259 -0.293691 0.002090 -0.205536 -0.430563 0.734330 1.000000 0.212866 0.267118 0.115332 0.163333 -0.384721 -0.484936 0.579248 0.412102 0.171337 0.483426 0.573761 0.400883 0.050556 -0.105289 -0.368415 -0.419010 0.276231 -0.277354 -0.116356 -0.093700 -0.411497 -0.176110 -0.036036 -0.194336 0.107323 0.125475 0.130342 0.126232 -0.400299 -0.191093 -0.414256 -0.305637 0.025653 0.159201 -0.394383 -0.230825 -0.517316 -0.503668 -0.028512 -0.319104 -0.013144 -0.355190 0.711858 0.229263 0.499750 -0.098340 0.248800 -0.130092 0.672518 0.573272 0.631192 0.750630 0.195143 0.362340 0.271894 0.172954 0.406218 0.251905 -0.087694 -0.302313 -0.330587 -0.415165 -0.283696 -0.133729 0.474424 0.186288 0.348968 0.531924 0.099870 -0.082224 0.114426 -0.148685 -0.121694 -0.231878 -0.054381 -0.080574 -0.178848 -0.091515 0.142561 0.381692 0.180528 0.030633 0.135170 -0.104586 0.101690 0.034796
0.034394 0.007356 0.290772 0.076773 0.180845 0.253809 0.132151 -0.060063 -0.156755 -0.248334 -0.157597 0.043041 -0.246016 -0.036322 0.102797 0.122097 -0.035753 -0.067256 0.067376 -0.151183 0.152644 0.405381 0.497239 0.325867 0.387248 0.464491 0.108552 0.180903 0.454974 0.212866 1.000000 0.678536 0.196944 0.237673 -0.162362 -0.247323 0.069094 0.267949 0.102940 0.019605 0.252310 0.164679 0.025241 -0.062475 -0.091162 -0.129319 -0.039766 -0.131793 0.145974 -0.231788 -0.094543 -0.478791 -0.046640 -0.197098 -0.324619 -0.016042 -0.091433 -0.068671 -0.188784 -0.502479 -0.208086 -0.382086 -0.045549 -0.176784 0.083728 -0.116445 -0.155984 -0.163152 -0.018452 -0.334293 0.310858 0.226877 0.269100 0.459011 0.301693 0.298479 0.216035 0.057873 0.048331 0.033364 -0.067575 0.004157 0.156279 0.039507 -0.044002 0.021414 0.160528 0.008027 -0.158065 -0.374202 -0.486365 -0.514824 -0.418147 -0.302306 0.014710 -0.061040 -0.080635 -0.117248 -0.345531 -0.528748 -0.308894 -0.239273 -0.020833 -0.114972 -0.066929 0.031051 -0.167482 -0.078567 -0.175640 0.069969 -0.141757 -0.117952 0.057793 -0.008378 0.003567 0.039040
-0.295247 -0.247046 0.116348 0.175279 0.025739 0.233206 -0.147473 -0.064802 -0.219130 -0.175802 -0.130693 0.005911 -0.369620 -0.052520 -0.192650 -0.022298 -0.103372 -0.018955 -0.103753 -0.235000 0.281831 0.547688 0.228580 0.448451 0.377415 0.624156 0.284528 0.281753 0.430994 0.267118 0.678536 1.000000 -0.044181 0.335345 -0.051681 -0.190408 0.083063 0.207532 0.168005 0.109006 0.188107 0.033302 -0.003992 0.047516 -0.054050 0.056726 0.073145 -0.021591 0.062800 -0.092649 -0.151278 -0.410656 -0.118047 -0.160625 -0.267530 0.053703 -0.245333 -0.066038 -0.287446 -0.310607 -0.334632 -0.305294 -0.197632 -0.067443 0.089898 -0.046503 -0.229542 0.016652 -0.000022 -0.197384 0.085034 0.052138 0.194876 0.235365 0.242177 0.059451 -0.061792 -0.111621 0.393797 0.260994 0.127420 0.297408 -0.175760 0.016706 0.023245 0.039865 0.105066 0.052481 -0.379568 -0.430130 -0.359437 -0.408942 -0.466491 -0.286756 0.142611 -0.102350 0.050343 0.034448 -0.267052 -0.444058 -0.253208 -0.191589 0.001677 -0.217502 -0.004979 0.108083 -0.097308 0.105574 0.051592 0.149646 0.176114 -0.178374 0.249471 -0.089562 0.007449 0.176666
0.010491 0.135448 -0.102286 -0.156911 -0.006983 0.211248 0.234416 -0.116795 0.086274 -0.155034 0.364473 -0.036547 0.105052 0.220909 0.134782 0.149018 0.318049 0.207215 -0.151759 -0.104210 -0.075273 -0.090054 -0.012534 -0.014765 -0.010732 -0.066828 -0.294724 -0.234132 0.240542 0.115332 0.196944 -0.044181 1.000000 0.511851 -0.136989 -0.432358 -0.078700 -0.108539 -0.179928 -0.235865 0.133597 0.054243 0.289194 0.113621 0.278105 -0.095817 -0.055986 -0.039557 0.013091 0.265044 0.017769 0.163283 -0.131833 -0.035937 -0.233069 -0.258234 0.312279 0.032369 -0.377172 -0.388046 0.004629 -0.123962 0.285147 0.284985 -0.001369 -0.125318 -0.200700 -0.320488 -0.058063 -0.459630 -0.033188 0.097605 0.417278 0.233995 0.353478 0.158223 0.236299 -0.174666 0.193275 0.240157 0.276515 0.096213 0.040469 -0.173460 0.296525 -0.064370 0.108374 -0.316412 -0.033877 -0.214960 -0.414412 -0.253606 -0.142213 -0.109580 -0.095038 -0.067761 -0.106232 -0.153602 0.013262 -0.078429 -0.213851 -0.156928 -0.244488 -0.096044 0.108284 0.078439 -0.129931 0.265721 -0.449304 -0.094837 -0.012917 0.161565 0.026147 0.018891 0.334787 0.284314
-0.026489 0.076976 -0.057839 -0.159939 -0.000512 0.318456 0.182270 -0.163728 -0.102509 -0.192908 0.198692 -0.000777 -0.028750 0.061361 0.084697 -0.146434 0.357920 0.101861 -0.126753 0.063648 -0.137058 -0.060723 -0.107682 0.159963 0.058871 -0.064679 -0.132344 -0.110284 0.173646 0.163333 0.237673 0.335345 0.511851 1.000000 -0.075763 -0.267442 -0.263905 -0.129187 -0.147175 -0.367831 0.054392 -0.083673 0.169409 0.134722 0.173461 0.015635 -0.087773 -0.000011 -0.124763 -0.039902 0.065516 -0.026990 -0.210257 -0.026956 -0.342725 -0.349929 0.249662 -0.000826 -0.432012 -0.275557 0.000482 -0.141905 0.344643 0.361620 0.002214 -0.088992 -0.134847 -0.128204 0.112043 -0.249006 -0.000329 0.129145 0.313146 0.098364 0.312218 0.005822 0.166096 -0.130868 0.223295 0.243435 0.351709 0.188611 -0.037212 -0.190030 0.302804 -0.195659 -0.016409 -0.449360 -0.286166 -0.447086 -0.296527 -0.240289 -0.266596 -0.130829 -0.158779 -0.080717 -0.207426 -0.255370 -0.153269 -0.243073 -0.138062 -0.327729 -0.275280 -0.198153 0.006640 0.340458 -0.140740 0.427526 -0.283954 -0.071932 0.166684 0.220819 0.228044 0.085847 0.322345 0.386149
0.014908 -0.185392 0.231802 0.243460 0.069983 0.116597 0.055170 0.044900 0.199769 0.245107 -0.112252 -0.289399 -0.061538 -0.181164 0.089721 -0.149626 -0.095973 -0.058418 0.151851 0.250968 -0.081695 -0.209848 0.126512 0.007672 0.097972 0.041476 0.155079 0.187710 -0.299812 -0.384721 -0.162362 -0.051681 -0.136989 -0.075763 1.000000 0.264777 -0.296082 -0.075989 -0.117370 -0.233479 -0.329720 -0.209685 -0.040800 -0.112779 0.163761 0.186828 0.042944 0.218917 0.029051 -0.016705 0.036825 0.132858 0.036931 0.112656 -0.039906 -0.082937 0.042259 -0.059714 0.138274 0.078383 0.055813 0.034534 -0.077133 0.008254 0.200674 0.064710 0.211198 0.208958 -0.001257 0.116636 0.047203 0.301950 -0.319169 -0.081595 -0.229449 0.032101 -0.133777 0.215070 -0.137084 -0.177491 -0.213847 -0.199389 0.013002 -0.178923 -0.167961 -0.138003 -0.151167 -0.157660 0.030303 0.211783 0.157112 0.185806 0.007401 -0.040904 -0.238383 -0.201087 -0.135906 -0.282496 -0.072927 0.198727 -0.113924 0.021052 -0.118445 0.176037 -0.166690 0.059751 -0.131309 0.085436 0.067009 -0.319981 -0.126880 -0.068648 -0.024976 0.068239 0.021381 -0.120838
-0.156220 -0.295846 0.150469 0.369898 0.310366 0.187296 -0.063692 0.351824 0.271036 0.509568 -0.409321 -0.009963 -0.198845 -0.272712 -0.120276 -0.168639 -0.468579 -0.604832 0.003884 0.149632 -0.057575 -0.077869 0.070129 0.126309 0.194901 0.039615 0.130385 0.254488 -0.571360 -0.484936 -0.247323 -0.190408 -0.432358 -0.267442 0.264777 1.000000 -0.317575 -0.326293 -0.067415 -0.181707 -0.266474 -0.204549 0.073517 0.356972 0.260320 0.555356 -0.016024 0.277464 0.204453 0.049323 0.290749 0.185350 -0.005179 0.034712 0.067814 0.017595 -0.179648 -0.109964 0.416915 0.364340 0.248570 0.424620 -0.253673 -0.275604 0.141926 0.402458 0.398957 0.580589 -0.127970 0.362424 0.008979 0.155816 -0.530825 -0.381614 -0.477521 0.025112 -0.332936 0.055258 -0.478578 -0.505514 -0.543664 -0.568429 -0.322223 -0.192446 -0.342168 -0.122801 -0.412650 -0.055727 -0.020410 0.287587 0.420533 0.321681 0.357138 0.157724 -0.262980 -0.125776 -0.101700 -0.281958 -0.203278 0.031666 0.061578 0.180524 0.279467 0.106927 0.201460 0.103427 0.177071 0.049888 0.005250 -0.228043 0.008439 0.069998 -0.095792 0.182509 -0.201765 -0.260380
