1.000000 0.304737 0.154396 -0.201404 -0.145557 -0.179991 0.132769 -0.119814 -0.022639 -0.015053 0.174521 0.150092 0.237906 0.161042 -0.090599 0.147506 0.316688 0.198777 0.356914 0.099083 -0.238995 -0.125816 -0.147416 -0.242991 0.064726 -0.051672 -0.038807 -0.108601 0.280233 0.264679 0.001250 -0.017188 0.239727 0.243732 -0.194825 -0.221215 0.124827 -0.080869 0.105298 -0.081025 0.185372 0.064189 0.087763 0.131748 0.073662 -0.118638 0.084218 0.098421 -0.059714 0.035125 0.090499 -0.160552 0.323740 0.195604 0.028595 0.123498 0.216601 0.008326 -0.161156 -0.037863 0.029277 0.075427 0.178294 0.108853 -0.229612 -0.278250 -0.211879 -0.314317 0.089218 -0.186567 0.146812 0.065030 0.459455 0.217446 0.289843 -0.033441 0.210599 0.057394 0.264510 0.140040 0.539989 0.413286 -0.182214 0.113788 -0.112331 -0.350685 -0.043345 -0.295219 -0.287437 -0.176801 -0.093581 -0.232729 -0.261254 -0.274227 0.074711 -0.107603 0.119260 -0.032327 0.124831 0.070806 -0.078805 -0.037592 -0.076433 -0.200905 -0.339824 -0.219792 -0.079580 -0.080431 -0.044894 0.176217 -0.022852 -0.117353 -0.146912 -0.263223 0.090888 0.113241
0.304737 1.000000 -0.214602 0.267095 -0.234444 -0.084378 -0.101039 0.040935 -0.292440 -0.138645 0.126940 0.298145 0.142178 0.216206 -0.074613 0.117252 0.257429 0.240876 0.378527 0.456975 -0.206907 -0.221286 -0.187302 -0.193192 -0.285113 -0.359269 -0.053982 -0.221229 0.128896 0.330531 -0.149264 -0.221676 0.554278 0.392887 -0.430409 -0.317037 0.038543 -0.266682 0.012473 -0.183806 0.016213 0.002510 -0.033985 -0.195404 -0.195314 -0.388954 -0.048567 -0.241574 -0.149969 0.126178 -0.009041 0.011168 0.400679 0.084158 -0.017276 0.065689 0.016322 0.272813 0.104786 0.311326 0.074892 0.384578 0.189472 0.393945 -0.289756 -0.241617 -0.176363 -0.319093 0.382549 0.250308 -0.347715 -0.117425 0.179534 0.172616 0.136155 -0.085618 -0.089209 -0.194024 0.007461 0.335167 0.307719 0.249365 0.117358 0.220061 0.014973 -0.129489 0.134642 0.088649 -0.121103 -0.013418 0.029494 -0.205079 -0.048516 -0.224066 0.098776 0.050942 -0.183572 -0.212964 -0.014454 -0.115538 0.141870 -0.067950 0.094148 -0.059224 -0.230833 -0.040208 0.146309 0.006404 -0.110369 -0.021769 -0.408176 -0.227486 -0.321661 -0.049762 -0.217758 -0.133899
0.154396 -0.214602 1.000000 -0.202307 0.501847 0.250324 0.655834 0.053232 0.674465 0.389252 -0.119672 -0.271084 0.211374 -0.273647 0.219692 0.055007 -0.331553 -0.409707 0.233244 -0.113940 0.225058 0.329347 0.309648 0.177949 0.467975 0.468186 0.296275 0.436559 -0.066595 -0.266084 0.483323 0.320914 0.049174 0.259855 0.100175 0.370906 -0.417916 -0.201865 -0.288499 -0.105177 -0.329822 -0.238150 -0.185353 0.089896 0.228148 0.255526 -0.337656 -0.015416 0.143389 -0.190042 0.133458 -0.047322 -0.269624 -0.283350 -0.302705 -0.277091 -0.045878 -0.111279 0.162001 -0.214588 0.139172 -0.358605 -0.192865 -0.465240 0.156471 0.198682 0.275822 0.326174 -0.070661 -0.043484 0.245359 0.228452 -0.090750 -0.220417 -0.266405 0.020174 -0.040593 -0.130430 -0.178450 -0.219242 -0.189513 -0.227591 -0.176556 -0.299085 -0.199827 -0.355376 -0.153385 -0.516229 0.008478 -0.166726 -0.313169 0.105901 -0.309213 0.092016 -0.237207 -0.390134 0.058662 -0.053248 -0.300964 -0.032481 -0.329039 0.055648 -0.133897 0.153821 0.257763 0.019073 -0.170550 0.097428 0.034087 -0.064218 0.281895 0.018741 -0.117379 -0.088881 0.147765 0.111556
-0.201404 0.267095 -0.202307 1.000000 -0.326653 0.114153 0.217839 0.534681 -0.123240 0.027593 -0.008649 0.149266 -0.022708 0.235555 -0.031213 -0.013593 -0.293769 -0.237102 0.201034 0.483078 -0.398337 -0.355257 0.188086 0.477132 -0.429505 -0.253317 -0.391853 -0.210750 -0.131786 0.094599 -0.036346 -0.072135 0.032865 0.030266 -0.150132 -0.050686 -0.107780 -0.246752 -0.307429 -0.134038 -0.317081 0.068903 -0.394714 -0.434126 -0.476528 -0.189659 -0.342137 -0.475247 -0.363240 -0.211085 -0.226519 -0.105741 -0.151655 -0.298929 -0.301557 -0.163856 -0.343570 -0.283579 -0.128262 0.011879 -0.134417 0.092733 0.216817 0.132919 0.122978 -0.010169 -0.170966 0.207317 -0.031495 0.347397 -0.459576 -0.118479 -0.191879 -0.172517 0.077705 -0.095253 -0.252965 -0.191911 -0.533034 -0.254014 -0.303904 -0.232830 0.161941 0.318995 0.076167 0.472986 -0.087736 0.322964 -0.021366 0.234005 0.415546 0.125343 0.493665 0.104891 0.115244 -0.107177 -0.329337 -0.123034 -0.008136 -0.242813 0.181684 0.102296 0.160075 0.035162 0.107858 -0.017863 0.175640 0.141159 -0.351192 -0.267151 -0.494008 -0.236860 -0.145577 -0.005151 -0.207433 -0.047679
-0.145557 -0.234444 0.501847 -0.326653 1.000000 0.028740 0.298226 -0.063717 0.544875 0.103876 0.003125 -0.120228 0.307851 -0.138259 0.406930 0.118842 -0.120288 -0.211485 0.110094 -0.290968 0.353279 0.439675 0.084225 -0.166222 0.194413 0.168361 0.378116 0.313962 0.037335 -0.171773 0.140349 0.174693 0.040148 0.174921 0.192643 0.248996 -0.353827 -0.046290 -0.141996 -0.074058 -0.235745 -0.159511 -0.087629 0.139806 0.134964 0.283112 -0.266461 -0.082405 0.252600 -0.176530 0.127657 0.022175 -0.161150 -0.200349 0.039653 -0.154206 -0.229258 -0.127670 0.206159 -0.154184 0.450762 -0.207010 -0.044394 -0.222159 0.143489 0.242922 0.246848 0.255420 -0.076482 0.019717 0.164264 0.019334 -0.121075 -0.014639 -0.293999 0.102346 0.006958 -0.015137 -0.130132 -0.061069 -0.244072 -0.130929 -0.137008 -0.196762 -0.178178 -0.164935 -0.135710 -0.254987 0.073726 -0.196537 -0.377067 0.006745 -0.256089 0.128971 -0.282850 -0.204175 0.033628 0.068064 -0.424463 0.042102 -0.237768 0.030231 -0.248394 0.078945 0.164050 0.055466 -0.180453 0.117089 0.175891 0.003751 0.235469 0.087814 0.068551 0.089170 0.219892 0.088718
-0.179991 -0.084378 0.250324 0.114153 0.028740 1.000000 0.306589 0.501502 0.248485 0.680672 -0.142327 0.151777 -0.083992 0.131984 -0.022458 -0.014815 -0.100148 -0.343745 -0.022742 0.235695 0.175921 0.184192 -0.084784 0.164357 -0.049012 0.040171 0.161826 0.341978 -0.323055 -0.172188 -0.206399 -0.136514 -0.284255 -0.171463 -0.188643 0.175228 -0.288453 -0.168158 -0.160968 -0.082642 -0.426265 -0.189173 -0.138838 -0.169553 -0.142871 0.115783 -0.217687 0.037442 0.066849 -0.196642 -0.060766 0.133562 -0.094994 -0.242273 -0.293375 -0.357735 -0.209567 -0.174640 0.204919 0.190935 -0.194481 0.216917 -0.194522 -0.171840 -0.110804 0.295966 0.064905 0.305366 0.097575 0.208773 0.085014 0.348774 -0.337228 -0.245911 -0.328837 -0.019701 -0.295787 0.085304 -0.336050 -0.497697 -0.194825 -0.502607 -0.125208 -0.235929 -0.139003 -0.132120 0.055622 -0.137488 0.023257 -0.088544 0.148984 0.368020 0.293267 0.457893 -0.017238 -0.309574 -0.038368 -0.012237 -0.171806 -0.019472 0.227951 0.165567 0.361953 0.265604 0.472594 0.033648 -0.042478 -0.149629 0.214959 -0.336982 0.183939 -0.028726 0.070119 0.329550 0.090398 0.167859
0.132769 -0.101039 0.655834 0.217839 0.298226 0.306589 1.000000 0.406877 0.527871 0.464561 0.105137 -0.030960 0.377295 0.023601 0.233425 0.331893 -0.281847 -0.256666 0.366066 0.286667 -0.102451 0.111618 0.308712 0.328853 -0.021653 0.029944 -0.148654 0.056076 0.056731 0.031613 0.331057 0.325779 0.139123 0.244365 -0.136956 0.002275 -0.392788 -0.353061 -0.450046 -0.215134 -0.364501 -0.084478 -0.472931 -0.409229 -0.236884 -0.085280 -0.388354 -0.362179 -0.040694 -0.276059 -0.069341 -0.075156 -0.156140 -0.441888 -0.483124 -0.394660 -0.175795 -0.299005 -0.049040 -0.213628 0.223656 0.025476 0.178211 -0.116283 0.154482 0.104003 -0.046859 0.150037 -0.000607 0.134257 -0.033261 0.204483 -0.038232 -0.245749 -0.166263 0.107376 -0.128683 -0.171844 -0.333365 -0.293278 -0.213816 -0.189907 -0.030274 0.080391 -0.293099 -0.289496 -0.246580 -0.309789 -0.155974 -0.141100 0.067124 0.284079 0.069622 0.202653 -0.050580 -0.504615 -0.310625 -0.122525 -0.303694 -0.117340 -0.151862 0.178150 -0.125755 0.076018 0.158959 -0.141101 -0.062972 0.090532 -0.076766 -0.080229 -0.201149 -0.009699 -0.095223 -0.128070 0.113816 0.057384
-0.119814 0.040935 0.053232 0.534681 -0.063717 0.501502 0.406877 1.000000 0.031878 0.549887 0.020656 0.469500 0.125219 0.463065 -0.097919 0.226867 -0.043484 -0.184595 -0.067199 0.336860 -0.316930 -0.273719 -0.174677 0.144658 -0.345587 -0.187006 -0.214573 -0.047282 -0.250375 0.151042 -0.382259 -0.178203 -0.032644 -0.088227 -0.340441 -0.081531 -0.242889 -0.130618 -0.319765 -0.031057 -0.407865 -0.046779 -0.330461 -0.444831 -0.337616 -0.099129 -0.183040 -0.343158 0.001061 -0.366046 -0.016177 -0.007803 -0.032379 -0.332088 -0.406876 -0.172931 -0.211267 -0.362191 -0.029768 0.003887 0.049110 0.363216 0.047574 0.030988 -0.069607 0.374375 -0.087457 0.120720 -0.156215 0.157689 -0.272004 0.154247 -0.134526 -0.207321 -0.021979 -0.069867 -0.239709 -0.072262 -0.361853 -0.476167 -0.152113 -0.217477 -0.275602 0.067744 -0.251825 0.030529 -0.088293 -0.055569 -0.207324 -0.188031 0.483392 0.234862 0.486571 0.300610 -0.065706 -0.170300 -0.156826 -0.073390 -0.040780 -0.055083 0.268511 0.198202 0.266058 0.264625 0.246939 -0.104753 -0.125330 -0.094910 -0.134898 -0.263546 -0.232993 -0.063533 -0.000319 0.143996 0.005277 0.057576
-0.022639 -0.292440 0.674465 -0.123240 0.544875 0.248485 0.527871 0.031878 1.000000 0.322176 -0.107057 -0.143916 0.281518 -0.151630 0.440135 0.144239 -0.345535 -0.314739 0.216147 -0.113565 0.273608 0.376600 0.191678 0.137667 0.223679 0.160721 0.106379 0.161815 0.060610 -0.126112 0.412213 0.314364 -0.065290 0.058962 0.136177 0.238487 -0.466324 -0.038473 -0.327176 -0.209262 -0.319934 -0.228701 -0.097030 0.010780 0.061432 0.169449 -0.270277 -0.032931 -0.038569 -0.178860 -0.080646 -0.023478 -0.396456 -0.256834 -0.155581 -0.196959 -0.163978 -0.203679 0.107807 -0.206329 0.023742 -0.206823 -0.074216 -0.282177 0.074671 0.167677 0.139836 0.161245 -0.079734 -0.088251 0.151855 0.091204 -0.030624 -0.188185 -0.470051 -0.076914 -0.120077 -0.108154 -0.191234 -0.147068 -0.191390 -0.098737 -0.082866 -0.224179 -0.157898 -0.227637 -0.151058 -0.409759 -0.010389 -0.041934 -0.194021 0.166025 -0.137612 0.221379 -0.166392 -0.356375 -0.022225 0.153177 -0.255881 0.030383 -0.282642 0.099482 -0.216363 0.118932 0.337706 0.021659 -0.218711 0.123703 -0.019560 0.085138 0.236751 -0.021940 0.130512 0.115685 0.258624 0.126468
-0.015053 -0.138645 0.389252 0.027593 0.103876 0.680672 0.464561 0.549887 0.322176 1.000000 0.110872 0.324834 0.142513 0.291261 0.020639 0.200283 -0.054079 -0.337018 -0.139152 0.096238 -0.006932 0.036422 -0.014985 0.203133 -0.054197 0.017957 -0.101615 0.106714 -0.124281 -0.049913 -0.035984 0.122835 -0.203761 -0.090763 -0.151999 0.116834 -0.191596 -0.110129 -0.132406 -0.011273 -0.290616 -0.183956 -0.100757 -0.182341 0.022520 0.155982 -0.147448 -0.096573 0.107577 -0.275274 0.081745 0.025805 -0.040052 -0.281303 -0.303173 -0.223998 -0.288206 -0.369863 0.082822 -0.177753 0.056399 0.207296 -0.029795 -0.090670 -0.030437 0.335663 -0.084509 0.116435 -0.204805 -0.148239 0.097322 0.280852 -0.172715 -0.336098 -0.167104 -0.119235 -0.236549 -0.080042 -0.136057 -0.458433 -0.124997 -0.235273 -0.221268 -0.215709 -0.090492 -0.202610 -0.027590 -0.254022 -0.050136 -0.168301 0.137498 0.268611 0.225318 0.387465 -0.041049 -0.304537 0.026217 0.048988 -0.164516 0.037221 -0.065641 0.176513 0.008947 0.082622 0.201798 -0.075342 -0.185235 -0.183110 0.001650 -0.177175 0.055788 -0.081253 0.167256 0.186036 -0.000164 0.157876
0.174521 0.126940 -0.119672 -0.008649 0.003125 -0.142327 0.105137 0.020656 -0.107057 0.110872 1.000000 0.434257 0.605897 0.546772 0.515242 0.475379 0.180535 0.179664 -0.138985 0.128233 -0.085457 -0.053480 0.001525 -0.021964 -0.207749 -0.225236 -0.318178 -0.359395 0.514979 0.401041 0.031082 0.326587 0.115111 0.276113 -0.200137 -0.227097 -0.007849 -0.217525 0.084664 0.052642 0.152546 0.168172 -0.066489 -0.169620 -0.242666 -0.207817 -0.203048 -0.170729 -0.231058 -0.155171 -0.102009 -0.335587 0.137907 -0.033197 0.046973 -0.073825 -0.330756 -0.321255 -0.219310 -0.274721 0.548096 0.170550 0.369857 0.317630 -0.087458 -0.141471 -0.380941 -0.238088 -0.199785 0.102220 -0.061728 -0.368327 0.295701 -0.107909 0.189097 0.139816 -0.028474 -0.196883 0.213798 0.174224 0.148047 0.325314 0.344332 0.445790 0.040251 0.019656 0.112299 0.253492 -0.109561 -0.026765 -0.148110 -0.343392 -0.180370 -0.239884 0.059515 -0.096319 -0.164360 -0.041614 -0.276050 -0.378901 -0.284974 -0.333468 -0.235632 -0.318606 -0.255690 -0.133829 -0.142580 -0.138578 -0.219986 0.041980 -0.245067 -0.279701 0.020323 -0.138907 0.081235 0.152765
0.150092 0.298145 -0.271084 0.149266 -0.120228 0.151777 -0.030960 0.469500 -0.143916 0.324834 0.434257 1.000000 0.454070 0.828232 0.041406 0.501141 0.308452 0.254130 -0.135071 0.067325 -0.412581 -0.299349 -0.524506 -0.276147 -0.491024 -0.363085 -0.418968 -0.428679 0.145221 0.446902 -0.469554 -0.105539 0.214994 0.080232 -0.515474 -0.377087 0.205265 0.112035 -0.015958 0.171573 0.082423 0.135346 0.170337 -0.174103 -0.258309 -0.259747 0.103551 -0.194294 -0.088536 -0.201631 -0.057882 -0.152519 0.235479 -0.069021 -0.049819 0.192296 -0.075239 -0.204470 -0.153658 0.058465 0.233986 0.623426 0.222902 0.488333 -0.450094 0.157177 -0.292794 -0.364504 -0.241958 -0.186785 -0.234429 -0.112310 0.252107 0.118690 0.235181 0.055697 0.081805 0.025575 0.088977 -0.012886 0.306648 0.279461 -0.133729 0.228951 -0.149377 -0.032775 -0.032477 0.028823 -0.272712 -0.219449 0.161578 -0.209831 0.106219 -0.095790 0.052282 0.153889 -0.024775 0.033903 0.027675 0.067843 0.026540 0.122960 0.024353 -0.098534 -0.228897 -0.331656 -0.135287 -0.070781 -0.146121 -0.027743 -0.301306 -0.120882 0.179954 0.119502 0.006609 0.039836
0.237906 0.142178 0.211374 -0.022708 0.307851 -0.083992 0.377295 0.125219 0.281518 0.142513 0.605897 0.454070 1.000000 0.427937 0.527913 0.689113 0.085832 0.172529 0.194716 0.087256 -0.116967 0.049991 -0.153090 -0.175472 -0.152495 -0.252249 -0.245746 -0.376863 0.594629 0.487357 0.026743 0.329541 0.257506 0.380450 -0.226085 -0.250717 -0.026072 -0.090171 -0.142728 -0.077656 -0.009061 0.111122 -0.030058 -0.197414 -0.196870 -0.288849 -0.233162 -0.250569 -0.105991 -0.044913 -0.217462 -0.306308 0.072491 -0.121802 -0.065071 -0.036643 -0.174483 -0.258157 -0.186268 -0.158926 0.612624 0.242590 0.385785 0.145527 -0.279946 -0.152546 -0.320372 -0.315243 -0.129079 0.035891 -0.198663 -0.201639 0.351731 -0.063589 0.000514 0.109996 -0.003037 -0.102636 0.003347 0.044186 0.087876 0.328681 0.164720 0.416857 -0.327584 -0.265117 -0.113012 -0.116884 -0.267448 -0.229552 -0.106897 -0.206673 -0.101866 -0.073759 0.051839 -0.101939 -0.310901 0.045409 -0.296007 -0.188616 -0.134070 -0.013686 -0.254933 -0.208387 -0.128670 -0.185468 -0.119546 0.090455 -0.157092 0.064529 -0.243125 -0.101117 0.008878 -0.189109 0.173917 0.112046
0.161042 0.216206 -0.273647 0.235555 -0.138259 0.131984 0.023601 0.463065 -0.151630 0.291261 0.546772 0.828232 0.427937 1.000000 0.131587 0.511944 0.281637 0.271497 -0.113027 0.173340 -0.382500 -0.286421 -0.493398 -0.258943 -0.493027 -0.408129 -0.427926 -0.419297 0.151465 0.476364 -0.440184 -0.115097 0.139346 0.109993 -0.542504 -0.399733 0.095103 0.060448 -0.021174 0.220273 0.063766 0.156500 0.161811 -0.148130 -0.245794 -0.230525 0.140193 -0.162942 -0.152033 -0.300936 -0.133773 -0.252077 0.218117 -0.102500 -0.098166 0.130923 -0.181776 -0.293322 -0.361200 -0.061426 0.218685 0.498572 0.255408 0.436340 -0.384295 0.101036 -0.292023 -0.251433 -0.218488 -0.072802 -0.254462 -0.217329 0.304563 0.069994 0.281226 -0.008400 0.062497 -0.032980 0.109990 0.009142 0.256322 0.261575 -0.083912 0.378119 -0.072528 0.102139 0.004694 0.257642 -0.367750 -0.244208 0.260285 -0.265628 0.131504 -0.128503 -0.067571 0.007541 0.013120 -0.029712 0.002823 -0.106149 0.063808 0.019227 0.064952 -0.120359 -0.198476 -0.320338 -0.162833 -0.164473 -0.196621 -0.092676 -0.364352 -0.106945 0.106424 0.113755 -0.064128 0.066176
-0.090599 -0.074613 0.219692 -0.031213 0.406930 -0.022458 0.233425 -0.097919 0.440135 0.020639 0.515242 0.041406 0.527913 0.131587 1.000000 0.301132 -0.061039 0.009065 0.118901 -0.023398 0.204118 0.212084 0.187315 0.056625 -0.044069 -0.029138 -0.028149 -0.081095 0.556526 0.145413 0.279564 0.414305 0.067221 0.259338 0.023510 -0.050262 -0.270642 -0.207702 -0.151164 -0.259556 -0.137083 0.020238 -0.156439 0.016181 -0.159217 -0.015882 -0.333019 -0.222574 -0.257708 -0.074069 -0.182067 -0.158549 -0.239238 -0.088176 -0.198210 -0.328033 -0.327364 -0.140994 0.046541 -0.203320 0.498448 -0.038133 0.266819 0.134136 0.062647 -0.071311 -0.195026 -0.012411 -0.161997 0.063578 -0.082453 -0.239523 0.124405 -0.201583 -0.153675 0.073288 -0.149944 -0.177353 0.007441 0.227909 -0.101321 0.185297 0.533625 0.268460 0.029139 0.080503 -0.116578 -0.043552 -0.109033 -0.048951 -0.332731 -0.190977 -0.197761 0.003974 -0.081932 -0.360386 -0.336523 -0.135644 -0.482843 -0.283118 -0.318602 -0.213488 -0.284632 0.014461 0.073196 0.150353 -0.091194 0.199871 -0.231445 -0.030381 -0.205445 -0.152866 0.016894 -0.094161 0.019605 -0.030444
0.147506 0.117252 0.055007 -0.013593 0.118842 -0.014815 0.331893 0.226867 0.144239 0.200283 0.475379 0.501141 0.689113 0.511944 0.301132 1.000000 0.031276 0.243657 0.179413 0.200756 -0.218327 -0.101167 -0.166088 -0.074617 -0.199339 -0.320231 -0.423159 -0.546907 0.555166 0.600908 -0.011697 0.399132 0.196606 0.401630 -0.390345 -0.314801 0.163459 0.051072 -0.041026 -0.069382 0.294333 0.218315 -0.168055 -0.331876 -0.271092 -0.477624 -0.131541 -0.260652 -0.241647 -0.184612 -0.390501 -0.361472 0.084185 -0.205696 -0.207666 -0.058475 -0.135844 -0.262088 -0.348166 -0.178103 0.431667 0.330772 0.488831 0.326725 -0.153858 -0.066066 -0.384867 -0.493703 -0.070719 -0.037192 -0.118680 -0.016457 0.437355 -0.046312 0.123008 0.081691 0.105627 0.001383 0.123827 0.164906 0.229218 0.376802 0.187820 0.406866 -0.269320 -0.371289 0.002180 -0.127566 -0.331776 -0.376428 0.092690 -0.014182 0.072775 0.022806 0.125917 -0.081991 -0.322672 0.097979 -0.254937 -0.076516 -0.115592 -0.013592 -0.223694 -0.169033 -0.289034 -0.185105 -0.138567 0.042798 -0.242616 -0.009545 -0.363148 -0.047519 0.030197 -0.024786 0.062530 0.117617
0.316688 0.257429 -0.331553 -0.293769 -0.120288 -0.100148 -0.281847 -0.043484 -0.345535 -0.054079 0.180535 0.308452 0.085832 0.281637 -0.061039 0.031276 1.000000 0.531244 -0.086368 -0.003890 -0.057286 -0.064483 -0.514851 -0.595373 -0.249728 -0.231477 0.015505 -0.106745 0.272715 0.340116 -0.503215 -0.306883 0.123831 0.074347 -0.296921 -0.327289 0.278722 0.108101 0.019672 -0.028818 0.143416 0.251543 0.343636 0.163600 0.070371 -0.130809 0.365184 0.132333 0.083317 0.136862 0.117616 0.080451 0.526547 0.336379 0.007540 0.101451 0.249245 0.246227 -0.014918 0.238852 0.084960 0.449535 -0.015481 0.322004 -0.359155 -0.102855 -0.185518 -0.259296 -0.011776 -0.099000 -0.149560 -0.076734 0.384256 0.370144 0.327714 0.010531 0.165147 0.091836 0.454102 0.293663 0.591904 0.529677 -0.067897 0.062375 -0.160617 -0.237713 -0.025826 -0.034604 -0.292034 -0.321289 -0.018947 -0.248794 -0.210785 -0.222815 -0.062701 0.089651 0.066812 -0.104401 0.105077 0.040011 0.129657 0.012574 0.102057 -0.036320 -0.280590 -0.105350 -0.158134 -0.179011 0.244199 0.007230 -0.024900 0.028990 -0.082006 0.059209 0.044530 -0.083763
0.198777 0.240876 -0.409707 -0.237102 -0.211485 -0.343745 -0.256666 -0.184595 -0.314739 -0.337018 0.179664 0.254130 0.172529 0.271497 0.009065 0.243657 0.531244 1.000000 0.099565 0.104339 -0.206355 -0.160186 -0.503736 -0.541973 -0.227056 -0.368949 -0.161275 -0.389135 0.390621 0.592296 -0.355225 -0.085598 0.339546 0.171117 -0.342795 -0.591622 0.227381 0.129478 0.066306 0.040482 0.303412 0.287696 0.241309 -0.134735 0.042197 -0.404858 0.416206 0.028749 -0.079440 0.340824 -0.307702 -0.103004 0.362837 0.279802 0.016037 0.116530 0.355664 0.363547 -0.143908 0.333644 0.040639 0.423696 0.187197 0.535383 -0.473316 -0.325061 -0.171769 -0.571635 0.244285 -0.056537 -0.280980 -0.295070 0.570219 0.317595 0.160765 -0.018451 0.165420 0.071388 0.561990 0.545221 0.616661 0.588653 0.114943 0.471969 -0.298657 -0.322701 0.016810 0.063445 -0.368505 -0.320664 0.066496 -0.219654 -0.085842 -0.196565 -0.055799 0.173295 -0.111041 -0.214409 0.109170 0.150435 0.266310 0.071869 0.144930 0.106140 -0.263216 -0.031703 -0.082114 -0.013062 0.040153 0.263638 -0.296657 0.260815 -0.158886 0.049768 0.038327 -0.217632
0.356914 0.378527 0.233244 0.201034 0.110094 -0.022742 0.366066 -0.067199 0.216147 -0.139152 -0.138985 -0.135071 0.194716 -0.113027 0.118901 0.179413 -0.086368 0.099565 1.000000 0.456147 -0.128451 0.073572 -0.026686 -0.099051 -0.219137 -0.324922 -0.087525 -0.131808 0.251229 0.267596 0.112068 -0.021122 0.474271 0.377592 -0.355906 -0.374526 -0.121318 -0.272304 -0.246579 -0.485721 -0.246131 0.023593 -0.289363 -0.226195 -0.409004 -0.395893 -0.134834 -0.163817 -0.252158 0.005404 -0.362703 -0.094349 -0.029873 -0.208382 -0.250632 -0.172579 0.010166 0.050268 -0.155877 0.262566 -0.087680 0.167618 0.189587 0.126636 -0.229552 -0.476401 -0.042504 -0.145499 0.568666 0.279754 -0.046527 0.091675 0.207014 0.153342 -0.045409 0.044640 -0.032724 -0.108822 -0.201656 0.122732 0.245812 0.113357 0.138233 0.232870 -0.250943 -0.296768 -0.149271 -0.178712 -0.206930 -0.264167 0.039413 0.243134 0.098700 0.181130 0.010102 -0.256313 -0.156987 -0.023310 -0.126076 0.091981 0.179200 0.304104 0.050412 0.121526 0.065561 0.086689 -0.054239 0.205280 0.059152 0.015510 -0.214981 -0.009528 -0.382541 -0.060432 0.174062 -0.011075
0.099083 0.456975 -0.113940 0.483078 -0.290968 0.235695 0.286667 0.336860 -0.113565 0.096238 0.128233 0.067325 0.087256 0.173340 -0.023398 0.200756 -0.003890 0.104339 0.456147 1.000000 -0.247895 -0.192954 0.004621 0.211800 -0.376417 -0.495234 -0.233792 -0.295181 0.108271 0.364987 -0.072564 -0.001926 0.213667 0.384922 -0.442982 -0.287854 -0.175604 -0.414100 -0.106103 -0.358077 -0.181508 0.013852 -0.485743 -0.489791 -0.457712 -0.438315 -0.269236 -0.285467 -0.366168 -0.065846 -0.439123 -0.170751 0.049126 -0.158568 -0.399771 -0.355210 -0.111703 -0.035200 -0.221901 0.245760 -0.128657 0.314810 0.192917 0.242814 -0.173257 -0.428776 -0.198094 -0.085955 0.473529 0.558152 -0.310821 -0.022675 0.081062 -0.110973 -0.045863 -0.129924 -0.368427 -0.237987 -0.154630 -0.032791 0.156655 -0.002700 0.284735 0.464247 -0.195699 -0.189368 0.062732 0.120441 -0.282619 -0.162585 0.399106 0.255241 0.348467 0.184839 0.214836 -0.231403 -0.348373 -0.179356 -0.138545 -0.234753 0.342107 0.021732 0.121776 0.227469 0.030724 0.066184 -0.109143 -0.206328 -0.009880 -0.072168 -0.347264 -0.108693 -0.355296 0.005097 -0.015889 0.054160
-0.238995 -0.206907 0.225058 -0.398337 0.353279 0.175921 -0.102451 -0.316930 0.273608 -0.006932 -0.085457 -0.412581 -0.116967 -0.382500 0.204118 -0.218327 -0.057286 -0.206355 -0.128451 -0.247895 1.000000 0.812176 0.127068 0.029767 0.380373 0.370801 0.629342 0.588648 -0.016973 -0.377259 0.227892 0.126755 -0.276735 -0.094434 0.305868 0.276230 -0.287930 -0.134380 0.176430 0.043600 -0.140990 -0.136014 0.128904 0.297050 0.264587 0.218825 -0.045492 0.353525 0.192130 -0.081898 0.072438 0.090892 0.080260 0.040501 0.228305 -0.189282 -0.058151 0.149677 0.433702 -0.032026 -0.078882 -0.189581 -0.204694 -0.254594 0.026991 -0.000056 0.269020 0.180594 0.151980 0.094012 0.348405 0.234636 -0.286760 -0.177557 -0.388371 -0.025973 -0.210361 0.078136 -0.029694 -0.031361 -0.168068 -0.248683 0.155477 -0.284804 0.203608 -0.047546 0.284728 0.012545 0.327712 0.170813 -0.370873 -0.052046 -0.294864 0.053536 -0.274488 -0.095615 0.129964 0.076279 -0.184573 -0.050140 -0.143180 -0.238140 0.034719 -0.008829 0.361445 0.063295 -0.182558 -0.207542 0.268710 -0.035763 0.537300 0.087313 -0.092359 0.227565 0.010066 0.053305
-0.125816 -0.221286 0.329347 -0.355257 0.439675 0.184192 0.111618 -0.273719 0.376600 0.036422 -0.053480 -0.299349 0.049991 -0.286421 0.212084 -0.101167 -0.064483 -0.160186 0.073572 -0.192954 0.812176 1.000000 0.070182 -0.021835 0.322950 0.310844 0.529622 0.525959 0.045265 -0.189191 0.239430 0.214774 -0.148689 -0.049619 0.171398 0.168930 -0.275843 -0.108278 0.037569 -0.056158 -0.117849 -0.074983 0.046715 0.232903 0.143001 0.159373 -0.066537 0.204346 0.031041 -0.183253 -0.059907 -0.042257 0.001595 -0.167919 0.188670 -0.106114 0.016567 0.141735 0.265516 -0.104877 -0.063134 -0.114366 -0.186550 -0.205387 -0.127986 -0.113452 0.268621 0.157976 0.195612 0.081798 0.325640 0.228451 -0.211197 -0.140042 -0.421296 0.068739 -0.203937 0.111947 -0.118136 -0.051129 -0.091957 -0.198846 0.087310 -0.157320 0.038038 -0.161622 0.107696 -0.132063 0.219814 0.084619 -0.390367 0.015446 -0.350992 0.018025 -0.182849 -0.189650 0.185285 0.177169 -0.231824 0.001502 -0.230857 -0.115986 -0.010178 0.053930 0.378677 0.052471 -0.217436 -0.209477 0.195554 0.114573 0.458792 0.016754 -0.087337 0.085615 0.087114 0.249245
-0.147416 -0.187302 0.309648 0.188086 0.084225 -0.084784 0.308712 -0.174677 0.191678 -0.014985 0.001525 -0.524506 -0.153090 -0.493398 0.187315 -0.166088 -0.514851 -0.503736 -0.026686 0.004621 0.127068 0.070182 1.000000 0.761671 0.406288 0.435544 0.103413 0.229167 -0.097628 -0.441328 0.677215 0.463660 -0.277506 -0.055113 0.511788 0.458621 -0.193643 -0.421984 -0.085622 -0.207835 -0.006064 -0.174177 -0.374072 -0.032217 0.032691 0.211383 -0.491101 -0.139066 -0.152958 -0.134785 0.149230 0.032460 -0.382352 -0.129968 -0.151757 -0.310075 -0.291155 -0.183264 0.055455 -0.441523 0.093880 -0.573829 0.098340 -0.231958 0.793729 0.130647 -0.052844 0.393077 -0.201642 0.035354 0.116484 0.066743 -0.410687 -0.388406 -0.101804 0.034882 -0.112076 -0.189335 -0.269451 -0.171278 -0.528038 -0.311462 0.372565 -0.104599 0.419503 0.285982 -0.000403 -0.001945 0.425711 0.474461 -0.176806 0.123422 -0.094699 0.029298 0.175740 -0.200813 -0.198134 -0.179159 -0.351921 -0.334089 -0.379276 -0.221916 -0.270664 -0.135963 0.013696 0.113855 0.174424 0.082281 -0.251448 -0.112388 -0.102633 -0.238339 -0.050169 -0.269265 -0.200487 -0.078556
-0.242991 -0.193192 0.177949 0.477132 -0.166222 0.164357 0.328853 0.144658 0.137667 0.203133 -0.021964 -0.276147 -0.175472 -0.258943 0.056625 -0.074617 -0.595373 -0.541973 -0.099051 0.211800 0.029767 -0.021835 0.761671 1.000000 0.216555 0.331513 -0.121442 0.140373 -0.180992 -0.312404 0.513319 0.459911 -0.385338 -0.099281 0.377693 0.408790 -0.220073 -0.310144 -0.038055 -0.063187 -0.111339 -0.116423 -0.493101 -0.263501 -0.179115 0.095302 -0.481541 -0.248621 -0.272425 -0.330668 -0.018840 -0.119548 -0.312984 -0.253876 -0.236002 -0.414099 -0.413750 -0.368747 0.043722 -0.374769 -0.093968 -0.365887 0.230793 -0.190683 0.583344 0.112714 -0.067758 0.379194 -0.216928 0.145665 0.031864 0.168183 -0.398094 -0.424735 -0.133208 -0.016087 -0.301664 -0.110652 -0.415206 -0.338649 -0.517711 -0.435470 0.331763 0.058284 0.372123 0.384554 0.078580 0.117430 0.351460 0.524556 0.065029 0.188137 0.233765 0.128860 0.151818 -0.239551 -0.271877 -0.183124 -0.247346 -0.386972 -0.235908 -0.188177 -0.103007 -0.104438 0.044234 -0.025901 0.145909 -0.059358 -0.334658 -0.164533 -0.136757 -0.177863 -0.096918 -0.131226 -0.264149 -0.050353
0.064726 -0.285113 0.467975 -0.429505 0.194413 -0.049012 -0.021653 -0.345587 0.223679 -0.054197 -0.207749 -0.491024 -0.152495 -0.493027 -0.044069 -0.199339 -0.249728 -0.227056 -0.219137 -0.376417 0.380373 0.322950 0.406288 0.216555 1.000000 0.817535 0.524737 0.502274 -0.098456 -0.389760 0.465132 0.325725 -0.232926 -0.005888 0.469124 0.599774 -0.159054 -0.030712 0.245730 0.031225 0.151909 -0.197087 -0.009699 0.279464 0.542729 0.375605 -0.163676 0.254688 0.184555 0.092628 0.198068 -0.001275 -0.153069 0.025180 0.198753 0.014133 0.122966 0.128894 0.237839 -0.280584 -0.030136 -0.656847 -0.173066 -0.486155 0.335352 0.152383 0.227801 0.222643 -0.080926 -0.050586 0.305475 0.215966 -0.150307 -0.195014 -0.236714 -0.139707 -0.035837 0.140993 0.083981 -0.029248 -0.182425 -0.168184 -0.004296 -0.283783 0.081708 -0.142957 0.131964 -0.271942 0.339507 0.156391 -0.315843 -0.016389 -0.381642 -0.085670 0.038161 0.098538 0.183440 0.053692 -0.130684 -0.094954 -0.240102 -0.306542 -0.117054 0.045921 0.085081 0.085645 0.147607 -0.161552 -0.054034 0.216517 0.395183 0.000432 -0.185647 -0.289106 -0.107619 -0.006910
-0.051672 -0.359269 0.468186 -0.253317 0.168361 0.040171 0.029944 -0.187006 0.160721 0.017957 -0.225236 -0.363085 -0.252249 -0.408129 -0.029138 -0.320231 -0.231477 -0.368949 -0.324922 -0.495234 0.370801 0.310844 0.435544 0.331513 0.817535 1.000000 0.503172 0.634407 -0.277948 -0.580969 0.379627 0.242284 -0.276750 -0.115029 0.479496 0.664117 -0.144867 -0.045178 0.118669 0.154608 -0.007022 -0.172142 0.065246 0.333775 0.470695 0.471140 -0.183359 0.201270 0.150631 -0.120145 0.298709 0.036552 -0.161679 -0.039462 0.089107 -0.045759 0.094959 0.109633 0.284387 -0.297019 -0.093726 -0.574405 -0.214450 -0.459293 0.390994 0.352121 0.242209 0.424027 -0.245135 -0.184564 0.271673 0.300070 -0.369147 -0.222529 -0.134004 0.022569 0.014747 0.179306 -0.106709 -0.187484 -0.284115 -0.361096 -0.034556 -0.377131 0.238867 0.109301 0.051917 -0.206270 0.417585 0.229464 -0.353665 -0.123743 -0.390479 -0.194754 -0.017510 0.104789 0.195309 -0.064051 -0.083965 -0.081670 -0.366298 -0.278246 -0.100810 0.011755 0.086958 0.039027 0.138963 -0.073876 -0.035139 0.051163 0.329482 -0.021324 -0.128130 -0.217067 -0.202702 -0.055515
-0.038807 -0.053982 0.296275 -0.391853 0.378116 0.161826 -0.148654 -0.214573 0.106379 -0.101615 -0.318178 -0.418968 -0.245746 -0.427926 -0.028149 -0.423159 0.015505 -0.161275 -0.087525 -0.233792 0.629342 0.529622 0.103413 -0.121442 0.524737 0.503172 1.000000 0.786302 -0.356943 -0.507959 -0.014421 -0.207471 -0.170048 -0.126988 0.325156 0.433296 -0.328411 -0.086000 0.171676 0.136837 -0.234036 -0.312337 0.128241 0.412308 0.427382 0.479484 -0.105701 0.296706 0.341958 0.020406 0.351417 0.120081 -0.004169 0.167134 0.266255 0.004600 0.150047 0.320464 0.426174 0.006915 -0.074317 -0.263374 -0.431648 -0.332340 0.113174 0.172366 0.448301 0.387652 0.152074 0.024279 0.206191 0.221807 -0.449961 -0.156413 -0.360544 -0.110254 -0.072243 0.113497 -0.050168 -0.077048 -0.146788 -0.305599 -0.162256 -0.395600 0.099251 -0.069932 0.087475 -0.192302 0.370506 0.065957 -0.424125 -0.052983 -0.416118 -0.038168 -0.226050 -0.084428 0.314787 -0.126046 -0.146716 0.026122 0.013715 -0.241006 0.181801 0.215387 0.310220 0.128739 -0.049276 -0.157438 0.259775 -0.089968 0.528895 0.013556 -0.223903 -0.035499 -0.046852 -0.030339
-0.108601 -0.221229 0.436559 -0.210750 0.313962 0.341978 0.056076 -0.047282 0.161815 0.106714 -0.359395 -0.428679 -0.376863 -0.419297 -0.081095 -0.546907 -0.106745 -0.389135 -0.131808 -0.295181 0.588648 0.525959 0.229167 0.140373 0.502274 0.634407 0.786302 1.000000 -0.512454 -0.686086 0.119137 -0.153065 -0.289272 -0.238966 0.370267 0.566692 -0.438584 -0.224255 -0.089940 0.014239 -0.386154 -0.249006 0.008119 0.317165 0.337624 0.570556 -0.153374 0.207279 0.311205 -0.176704 0.447095 0.222888 -0.078775 -0.071423 0.031001 -0.253714 -0.049804 0.103198 0.476586 -0.051452 -0.121422 -0.300251 -0.375191 -0.470518 0.273644 0.372306 0.521166 0.624365 0.006953 0.031113 0.278008 0.362960 -0.532126 -0.085993 -0.262396 0.087539 -0.092434 0.183152 -0.196169 -0.282716 -0.295363 -0.537359 -0.239357 -0.531790 0.179184 0.128895 0.047416 -0.132022 0.351705 0.195928 -0.391741 -0.016123 -0.294626 -0.039726 -0.306741 -0.212106 0.287470 -0.120307 -0.189954 -0.106412 -0.107055 -0.104743 0.271760 0.195096 0.386632 0.103597 -0.040749 -0.036889 0.195887 -0.100735 0.562951 0.078204 -0.217792 0.085240 0.019360 -0.032312
0.280233 0.128896 -0.066595 -0.131786 0.037335 -0.323055 0.056731 -0.250375 0.060610 -0.124281 0.514979 0.145221 0.594629 0.151465 0.556526 0.555166 0.272715 0.390621 0.251229 0.108271 -0.016973 0.045265 -0.097628 -0.180992 -0.098456 -0.277948 -0.356943 -0.512454 1.000000 0.605047 0.214022 0.521493 0.244553 0.494225 -0.184104 -0.349120 0.244200 0.034185 0.038249 -0.270127 0.343244 0.341559 -0.043005 -0.102478 -0.133099 -0.431125 -0.054053 -0.207246 -0.361663 0.164215 -0.378156 -0.321488 0.159651 0.020699 -0.053916 -0.070244 -0.031417 0.015581 -0.193752 -0.125653 0.382042 0.101521 0.492593 0.353815 -0.215590 -0.462294 -0.556322 -0.577097 0.006123 0.004941 -0.134891 -0.239702 0.611715 0.018239 0.205205 0.023095 0.012184 -0.032741 0.375791 0.465220 0.429502 0.655369 0.506479 0.454047 -0.112942 -0.277913 -0.012126 -0.029228 -0.282339 -0.228057 -0.128142 -0.248579 -0.146803 -0.089144 0.140375 -0.041587 -0.346382 0.063556 -0.163522 -0.094549 -0.228326 -0.069308 -0.373378 -0.266598 -0.326669 -0.064505 -0.111473 0.038689 -0.164238 0.216634 -0.270083 -0.110263 -0.073157 -0.244774 0.041277 0.045912
0.264679 0.330531 -0.266084 0.094599 -0.171773 -0.172188 0.031613 0.151042 -0.126112 -0.049913 0.401041 0.446902 0.487357 0.476364 0.145413 0.600908 0.340116 0.592296 0.267596 0.364987 -0.377259 -0.189191 -0.441328 -0.312404 -0.389760 -0.580969 -0.507959 -0.686086 0.605047 1.000000 -0.237512 0.178236 0.330059 0.383859 -0.517691 -0.628339 0.297358 0.071872 -0.047584 -0.147840 0.286726 0.370164 -0.134612 -0.374951 -0.367249 -0.648363 0.069403 -0.268391 -0.415303 0.042580 -0.534631 -0.453623 0.158621 -0.089485 -0.193993 -0.002335 0.075748 -0.028530 -0.428562 0.076182 0.125242 0.404681 0.313977 0.437860 -0.488327 -0.446978 -0.371570 -0.588781 0.158327 0.177612 -0.257268 -0.262286 0.747826 0.191828 0.174048 0.012542 0.025747 -0.066695 0.276931 0.347982 0.590347 0.673649 0.151982 0.641640 -0.324834 -0.293765 -0.006794 -0.037806 -0.514463 -0.439461 0.223934 -0.065641 0.101874 -0.005905 0.054652 0.043178 -0.275640 0.008893 -0.055589 -0.004790 0.172035 0.049420 0.003564 -0.043072 -0.326245 -0.116442 -0.158748 -0.144612 -0.101593 0.173600 -0.406501 -0.043389 -0.119313 -0.025863 0.116143 0.114429
0.001250 -0.149264 0.483323 -0.036346 0.140349 -0.206399 0.331057 -0.382259 0.412213 -0.035984 0.031082 -0.469554 0.026743 -0.440184 0.279564 -0.011697 -0.503215 -0.355225 0.112068 -0.072564 0.227892 0.239430 0.677215 0.513319 0.465132 0.379627 -0.014421 0.119137 0.214022 -0.237512 1.000000 0.713917 -0.010631 0.233598 0.389961 0.317104 -0.158414 -0.183840 -0.044018 -0.148304 0.148316 -0.133192 -0.187669 0.103888 0.129621 0.089442 -0.306563 -0.022061 -0.319924 -0.070194 -0.004377 -0.076515 -0.366029 -0.216194 -0.129506 -0.169912 -0.095105 0.022685 -0.053167 -0.505722 0.047950 -0.558698 0.101021 -0.270639 0.439049 -0.072603 -0.026846 0.075589 -0.095345 -0.083479 0.245395 0.110854 -0.062323 -0.155075 -0.083044 0.111625 0.063264 -0.096799 0.003111 0.147138 -0.247688 -0.070695 0.306786 -0.154066 0.261647 0.022845 -0.011665 -0.111951 0.190306 0.305944 -0.349258 -0.079222 -0.342501 -0.141824 -0.022601 -0.227290 -0.105192 -0.009313 -0.291537 -0.150472 -0.542183 -0.189191 -0.452168 -0.239634 -0.056718 -0.061292 0.046630 0.095247 -0.245303 0.118856 0.070282 -0.150229 -0.094973 -0.276300 -0.085597 -0.061289
-0.017188 -0.221676 0.320914 -0.072135 0.174693 -0.136514 0.325779 -0.178203 0.314364 0.122835 0.326587 -0.105539 0.329541 -0.115097 0.414305 0.399132 -0.306883 -0.085598 -0.021122 -0.001926 0.126755 0.214774 0.463660 0.459911 0.325725 0.242284 -0.207471 -0.153065 0.521493 0.178236 0.713917 1.000000 -0.061724 0.347728 0.233616 0.115917 0.013014 -0.041050 0.056433 -0.091614 0.278889 0.122828 -0.216796 -0.102665 -0.004787 -0.133727 -0.253630 -0.164562 -0.438540 -0.183287 -0.211951 -0.404337 -0.296039 -0.200447 -0.194985 -0.195369 -0.174526 -0.131489 -0.231852 -0.544703 0.224861 -0.337404 0.305049 0.016166 0.259495 -0.100912 -0.368894 -0.169431 -0.203847 -0.096601 0.071954 0.004390 0.177192 -0.216056 -0.053999 0.123194 -0.000329 0.113974 0.150668 0.155213 -0.051283 0.165517 0.408084 0.187132 0.103301 -0.082815 -0.014049 -0.111667 0.019214 0.070984 -0.267860 -0.182262 -0.263671 -0.136907 0.055808 -0.091476 -0.209687 -0.018634 -0.383257 -0.214365 -0.512064 -0.292387 -0.537411 -0.258167 -0.282748 -0.152902 -0.167282 -0.092693 -0.332257 0.172584 -0.114991 -0.146948 -0.059071 -0.312668 -0.136085 0.037492
0.239727 0.554278 0.049174 0.032865 0.040148 -0.284255 0.139123 -0.032644 -0.065290 -0.203761 0.115111 0.214994 0.257506 0.139346 0.067221 0.196606 0.123831 0.339546 0.474271 0.213667 -0.276735 -0.148689 -0.277506 -0.385338 -0.232926 -0.276750 -0.170048 -0.289272 0.244553 0.330059 -0.010631 -0.061724 1.000000 0.547136 -0.514732 -0.416268 0.071994 -0.075701 -0.133574 -0.116833 -0.043874 -0.008583 0.038780 -0.201191 -0.195436 -0.369223 0.110957 -0.290059 -0.040276 0.114323 -0.117593 0.055428 0.247060 -0.057951 -0.123108 0.199433 0.158542 0.290697 -0.003810 0.283428 0.194980 0.276273 0.217459 0.352628 -0.331737 -0.267539 -0.042138 -0.401199 0.327133 0.051360 -0.200050 -0.103619 0.438530 0.259120 0.101170 0.017905 0.155911 -0.179408 0.124507 0.518611 0.269114 0.275562 -0.032760 0.192421 -0.307742 -0.316006 -0.212756 -0.038232 -0.296064 -0.272703 0.015256 -0.106346 -0.103890 -0.161431 0.080635 0.020580 -0.053547 -0.022054 0.052236 0.136983 0.058308 0.184231 -0.043537 -0.010743 -0.256754 -0.126962 0.143429 0.137199 -0.082128 0.181814 -0.366969 -0.042276 -0.239195 -0.137865 0.006237 -0.003742
0.243732 0.392887 0.259855 0.030266 0.174921 -0.171463 0.244365 -0.088227 0.058962 -0.090763 0.276113 0.080232 0.380450 0.109993 0.259338 0.401630 0.074347 0.171117 0.377592 0.384922 -0.094434 -0.049619 -0.055113 -0.099281 -0.005888 -0.115029 -0.126988 -0.238966 0.494225 0.383859 0.233598 0.347728 0.547136 1.000000 -0.277614 -0.015169 -0.004925 -0.076646 -0.074520 -0.197345 0.047880 0.095159 -0.170901 -0.120078 -0.129009 -0.339139 -0.319670 -0.275611 -0.249382 0.001393 -0.266022 -0.261541 0.119487 -0.080508 -0.290034 -0.198962 -0.009952 0.171259 -0.191965 0.057920 0.279768 0.049446 0.270356 0.211650 -0.169456 -0.313596 -0.208025 -0.205341 0.168004 0.246985 -0.129587 -0.066386 0.470957 0.043568 0.145651 -0.042352 -0.006431 -0.154390 0.164604 0.340910 0.298030 0.296058 0.155566 0.233311 -0.280181 -0.384742 -0.132299 -0.057844 -0.397093 -0.374990 -0.105753 -0.105304 -0.246558 -0.114428 -0.066677 -0.035489 -0.323009 -0.116073 -0.224336 -0.172188 -0.142838 -0.070669 -0.214201 -0.077582 -0.360551 -0.114761 -0.070807 0.058986 -0.089419 0.018017 -0.213921 -0.116203 -0.266816 -0.125703 -0.014617 0.086412
-0.194825 -0.430409 0.100175 -0.150132 0.192643 -0.188643 -0.136956 -0.340441 0.136177 -0.151999 -0.200137 -0.515474 -0.226085 -0.542504 0.023510 -0.390345 -0.296921 -0.342795 -0.355906 -0.442982 0.305868 0.171398 0.511788 0.377693 0.469124 0.479496 0.325156 0.370267 -0.184104 -0.517691 0.389961 0.233616 -0.514732 -0.277614 1.000000 0.603880 -0.068723 0.206652 0.150285 0.212447 0.033729 -0.125056 0.015012 0.265768 0.371552 0.492583 -0.145789 0.209728 0.038186 -0.026391 0.287485 0.015942 -0.349404 0.154861 0.315974 0.006180 -0.103495 0.016008 0.098508 -0.433138 0.034859 -0.577368 -0.180951 -0.466462 0.535790 0.211767 0.122635 0.422501 -0.341062 -0.159502 0.278333 0.026339 -0.362933 -0.169383 -0.122586 0.021780 0.071882 0.151697 -0.058016 -0.247798 -0.464093 -0.234375 -0.023982 -0.329214 0.317288 0.313756 -0.098261 0.063172 0.384203 0.477010 -0.307122 -0.106525 -0.216944 -0.136131 -0.048372 0.140733 0.124194 0.086468 -0.062873 -0.097142 -0.312301 -0.241110 -0.152285 -0.195554 -0.018164 0.125985 0.147024 0.136751 -0.065790 -0.007653 0.373217 -0.049512 0.152156 -0.071383 -0.058860 0.086162
-0.221215 -0.317037 0.370906 -0.050686 0.248996 0.175228 0.002275 -0.081531 0.238487 0.116834 -0.227097 -0.377087 -0.250717 -0.399733 -0.050262 -0.314801 -0.327289 -0.591622 -0.374526 -0.287854 0.276230 0.168930 0.458621 0.408790 0.599774 0.664117 0.433296 0.566692 -0.349120 -0.628339 0.317104 0.115917 -0.416268 -0.015169 0.603880 1.000000 -0.225152 0.042648 -0.002027 0.047296 -0.070021 -0.220919 -0.087884 0.224562 0.404008 0.618257 -0.477718 -0.001543 0.167820 -0.085563 0.268174 0.112580 -0.261201 -0.146979 0.072321 -0.125461 -0.212796 -0.088518 0.298381 -0.304299 0.055681 -0.552128 -0.184020 -0.538787 0.567916 0.459832 0.294107 0.666954 -0.344622 -0.031949 0.154135 0.184767 -0.463503 -0.259295 -0.113482 -0.059882 -0.058443 0.027141 -0.246348 -0.343506 -0.483274 -0.457881 -0.149500 -0.487140 0.211013 0.154356 -0.024705 -0.087678 0.387016 0.254247 -0.329255 0.022526 -0.210789 -0.015497 0.040241 0.004453 0.057192 0.082513 -0.188178 -0.285388 -0.349336 -0.230760 -0.103013 -0.084371 0.096589 0.163383 0.223648 0.107092 -0.031052 -0.101550 0.447419 -0.252241 0.019073 -0.037631 -0.034893 0.212492
