1.000000 0.557021 -0.248553 -0.378085 -0.209324 -0.317743 -0.411172 -0.470642 -0.330238 -0.348795 0.247694 -0.035443 0.122813 -0.234234 -0.141933 -0.101702 0.248002 0.157721 0.564946 0.136480 0.167955 -0.100834 -0.464276 -0.577032 -0.212973 -0.276663 0.314387 -0.077813 0.165563 0.262703 -0.181929 -0.352123 0.382055 -0.019774 -0.284714 -0.357850 0.193372 -0.050424 -0.027364 -0.217413 0.031190 -0.075132 -0.102763 -0.205030 -0.062414 -0.038163 -0.114673 0.038092 -0.059596 0.027732 0.040593 0.109693 0.061757 0.127603 0.006420 0.081212 0.761531 0.485045 0.005351 0.044014 -0.001961 -0.277039 0.318349 0.250552 -0.280004 -0.401540 0.130847 -0.278631 0.351746 0.013601 -0.166448 -0.129490 0.080768 0.085848 0.130749 0.037609 0.315427 0.166704 0.256593 0.492232 0.319593 0.390723 0.060439 0.025273 0.112498 0.144078 0.280076 -0.093534 -0.226063 -0.158409 -0.346102 -0.203458 -0.467159 -0.082744 0.311968 -0.083241 0.208852 0.088557 0.057343 0.187357 -0.234545 0.261074 -0.027250 0.004951 -0.024535 -0.112643 0.011803 0.097491 -0.109613 0.086765 -0.019210 0.075428 0.108573 -0.270930 -0.111182 0.347629
0.557021 1.000000 -0.150682 -0.112477 -0.182099 -0.243442 -0.338262 -0.219450 -0.180111 -0.244299 0.181642 0.203491 0.150238 0.040697 -0.088592 0.060273 0.215182 0.244336 0.448082 -0.012168 0.064157 -0.092024 -0.350425 -0.481992 -0.050279 -0.105720 0.243514 0.030986 0.021941 0.153539 -0.143289 -0.169945 0.345377 0.221764 -0.049039 -0.218907 0.003528 0.024339 -0.188907 -0.157775 -0.005253 0.107962 0.100000 -0.015936 -0.055902 -0.030795 -0.198350 -0.178502 0.066583 -0.033621 0.030078 -0.087433 -0.069414 -0.192827 -0.099343 -0.173717 0.414757 0.559771 0.114364 0.049331 0.035988 -0.015171 0.179324 0.289093 -0.265290 -0.101782 0.039084 -0.196386 0.327520 -0.106661 -0.200870 -0.091032 0.007468 0.131205 0.134654 0.152816 0.153189 0.300796 0.131509 0.322131 0.120158 0.295719 0.010702 0.157793 -0.086432 0.011994 0.089539 -0.217449 -0.172903 -0.213015 -0.269238 -0.316872 -0.309682 -0.102815 0.239051 0.066745 0.149349 0.071002 0.027316 -0.063804 -0.047485 -0.055367 0.068290 -0.162399 0.090298 -0.106492 -0.018103 0.312680 -0.081007 0.108003 -0.003685 0.019990 0.204741 -0.010006 -0.208338 0.300821
-0.248553 -0.150682 1.000000 0.059935 0.638398 0.287562 0.748076 0.120844 0.601849 0.176820 -0.110619 -0.341840 -0.023032 -0.100133 0.150728 -0.226203 -0.560630 -0.566601 -0.202551 0.234335 0.117727 0.067881 0.529990 0.430809 0.306524 0.152320 0.171780 0.139586 -0.552541 -0.489464 0.157312 0.040788 -0.195179 0.023548 0.453409 0.501290 -0.229397 -0.179577 -0.142520 -0.197272 -0.137584 -0.303531 0.043915 -0.121160 -0.102875 -0.042892 0.075701 -0.040823 0.006072 -0.240741 -0.005996 -0.170997 0.209935 -0.145007 -0.113027 -0.310745 -0.318145 -0.002601 0.334573 0.173980 0.305344 -0.019950 -0.285391 -0.341120 0.224387 0.019860 0.442117 0.565142 0.048177 0.512984 0.098387 0.026041 -0.490624 -0.279441 -0.254690 -0.423313 -0.511244 -0.394118 -0.466408 -0.330531 -0.418027 -0.426397 -0.193860 -0.574453 -0.358918 -0.313587 -0.131046 -0.074808 0.174277 0.069210 0.398626 0.386796 0.382911 0.515431 -0.100411 -0.215865 -0.095263 -0.114855 0.056576 -0.062272 -0.033362 -0.128269 0.269952 0.105738 0.223549 0.281708 0.096226 -0.090515 -0.108699 -0.091069 0.258069 0.067919 0.105335 0.055798 0.144525 -0.119011
-0.378085 -0.112477 0.059935 1.000000 0.178857 0.635894 0.001261 0.727627 0.042838 0.423647 0.057804 0.305619 -0.088612 0.304598 -0.084244 0.131879 -0.055358 -0.164435 -0.317515 -0.216187 -0.089880 0.177035 0.515729 0.470082 0.119676 0.474505 0.151813 0.251831 -0.282980 -0.234918 0.280417 0.520355 -0.135525 0.370201 0.050958 0.325118 -0.199177 -0.168686 -0.076076 -0.149459 -0.169973 0.004268 0.114115 0.063133 0.033459 0.089294 -0.154179 -0.309555 -0.077628 -0.109900 -0.211457 -0.079027 -0.220440 -0.413866 -0.075715 -0.344585 -0.229906 -0.290109 -0.118881 -0.140167 0.034235 0.261985 -0.005917 0.044026 0.248032 0.557637 -0.030367 0.247499 -0.218871 -0.105595 -0.177039 0.108937 -0.201018 -0.093764 -0.160337 0.013474 -0.358079 -0.191897 -0.339470 -0.161065 -0.296502 -0.372602 -0.019321 0.170842 -0.214383 -0.182233 -0.154324 -0.027344 0.060399 0.168140 0.171331 0.053741 0.402577 0.059924 -0.229202 -0.152314 -0.465999 -0.301056 -0.387942 -0.341008 -0.122799 -0.344060 -0.124144 -0.312914 0.020348 -0.045850 0.351183 -0.081512 -0.082196 -0.290277 -0.358041 -0.152781 -0.075960 0.143775 0.005411 -0.086045
-0.209324 -0.182099 0.638398 0.178857 1.000000 0.486581 0.597522 0.340963 0.628903 0.475862 0.255117 -0.040358 0.183669 0.192407 0.041642 0.058663 -0.298810 -0.405156 -0.225046 0.268932 0.182070 0.167935 0.408086 0.523117 0.062392 0.104363 0.260344 0.089807 -0.417932 -0.343907 0.140971 0.093402 -0.056458 0.220579 0.295769 0.397583 -0.227252 -0.351999 -0.372040 -0.565064 -0.335973 -0.381275 -0.060005 -0.295634 -0.229121 -0.154314 -0.017507 -0.146380 -0.188219 -0.319901 -0.068688 -0.096602 0.019840 -0.215074 -0.467868 -0.508292 -0.187237 -0.226512 0.110774 0.030948 0.276345 0.108984 0.061227 -0.255268 0.179564 0.083494 0.208090 0.497138 -0.067516 0.417179 -0.113380 0.045546 -0.458092 -0.352507 -0.371901 -0.246656 -0.511479 -0.373955 -0.401716 -0.239012 -0.191717 -0.358688 -0.187708 -0.397413 -0.237115 -0.308950 -0.226738 -0.206320 -0.169199 -0.103182 0.402781 0.420433 0.412961 0.460039 -0.014708 -0.332885 -0.332221 -0.199429 -0.146473 -0.122395 -0.106490 0.031942 0.000086 -0.056558 0.112928 0.294928 0.239397 0.071209 -0.201484 -0.187549 0.082664 -0.014172 0.100851 0.023925 0.262838 -0.067358
-0.317743 -0.243442 0.287562 0.635894 0.486581 1.000000 0.210681 0.551894 0.240369 0.473646 0.121921 0.108715 0.006200 0.182108 -0.140506 -0.003540 -0.038150 -0.182898 -0.442834 -0.109796 0.184932 0.417658 0.504794 0.426739 0.266278 0.539628 0.255917 0.427834 -0.266555 -0.233469 0.352544 0.438439 -0.158649 0.244594 0.101152 0.396417 -0.268860 -0.168989 -0.200360 -0.334409 -0.235493 -0.106357 0.103039 -0.021057 0.125085 0.252018 -0.018732 -0.175647 -0.136176 -0.124308 -0.115036 0.034097 -0.057392 -0.166634 -0.202438 -0.325680 -0.135984 -0.286224 -0.204450 -0.212951 0.097131 0.065647 0.044768 -0.126638 0.223093 0.322471 0.132955 0.460018 -0.190392 0.063402 0.045380 0.214946 -0.218027 -0.144283 -0.185613 -0.093488 -0.439024 -0.336760 -0.308953 -0.132559 -0.166440 -0.271459 -0.199230 -0.112581 -0.000797 -0.116127 -0.034355 -0.037750 -0.120273 0.064121 0.116360 -0.014853 0.287104 0.081925 -0.205616 -0.348805 -0.463942 -0.288001 -0.409928 -0.376004 -0.209923 -0.275354 -0.236789 -0.356864 -0.103888 -0.026178 0.411919 -0.166908 -0.281851 -0.349117 -0.171228 -0.255529 -0.206065 -0.079456 0.075890 -0.094429
-0.411172 -0.338262 0.748076 0.001261 0.597522 0.210681 1.000000 0.361298 0.804685 0.566350 0.029290 -0.136651 0.179050 0.246457 0.407947 0.113251 -0.462170 -0.487836 -0.425454 0.130849 -0.107334 -0.115541 0.433174 0.552349 0.043690 -0.004615 -0.133423 -0.141229 -0.482924 -0.508795 0.068738 0.047079 -0.307402 0.062274 0.322091 0.445809 -0.213378 -0.275302 -0.115948 -0.136180 -0.141709 -0.421828 0.026028 -0.188404 -0.194481 -0.158329 0.053941 -0.086327 -0.105588 -0.325541 -0.035792 -0.178274 0.134433 -0.129307 -0.172757 -0.315339 -0.392153 -0.172969 0.452254 0.127813 0.485871 0.276642 -0.310084 -0.379966 0.418741 0.229269 0.165592 0.426695 -0.155298 0.442828 -0.013463 0.001439 -0.528601 -0.438231 -0.423670 -0.437099 -0.448867 -0.410376 -0.451094 -0.450508 -0.436437 -0.502875 -0.121634 -0.490958 -0.274932 -0.383460 -0.191374 -0.109003 0.197194 -0.029670 0.414935 0.446697 0.464880 0.549981 -0.096222 -0.049970 -0.213785 0.000899 -0.018023 -0.025872 -0.062072 -0.066804 -0.041859 0.104551 0.071630 0.228951 0.091633 -0.040696 -0.092862 -0.110139 0.098771 0.201096 0.068394 0.073545 0.062957 -0.176026
-0.470642 -0.219450 0.120844 0.727627 0.340963 0.551894 0.361298 1.000000 0.453608 0.792426 0.279375 0.462919 0.227937 0.647134 0.163220 0.421031 -0.177614 -0.113376 -0.504183 -0.289903 -0.116572 0.076426 0.346476 0.496472 -0.147960 0.203370 -0.081161 -0.034848 -0.302243 -0.329984 0.125900 0.417090 -0.271102 0.355666 0.116291 0.362401 -0.181027 -0.215366 -0.110210 -0.193115 -0.250703 -0.109611 0.069434 -0.065363 -0.128165 -0.061185 -0.212620 -0.440596 -0.236750 -0.280998 -0.187182 -0.164920 -0.176201 -0.445572 -0.227284 -0.455185 -0.377322 -0.434389 0.022739 -0.133839 0.343481 0.579238 -0.001656 -0.063962 0.461740 0.721697 -0.148135 0.304466 -0.392869 -0.047764 -0.158885 0.197043 -0.337856 -0.217487 -0.293169 -0.006241 -0.299448 -0.120608 -0.345552 -0.236380 -0.428351 -0.531386 -0.102390 -0.078567 -0.195481 -0.384827 -0.300817 -0.238313 0.100903 0.029579 0.180068 0.163917 0.500833 0.266258 -0.169324 -0.108829 -0.532080 -0.188357 -0.493066 -0.364406 -0.086519 -0.260451 -0.348095 -0.318589 0.006997 0.023014 0.365925 -0.021919 -0.190186 -0.377013 -0.411901 -0.023411 -0.061998 0.197911 -0.165233 -0.116799
-0.330238 -0.180111 0.601849 0.042838 0.628903 0.240369 0.804685 0.453608 1.000000 0.604015 0.171376 -0.024196 0.340145 0.356509 0.501499 0.224448 -0.286945 -0.342129 -0.384045 0.066291 0.023835 -0.018898 0.347247 0.517427 0.089889 0.029941 -0.109122 -0.039295 -0.494923 -0.530174 0.003332 0.030955 -0.349080 0.143663 0.407596 0.466166 -0.161063 -0.229379 -0.065413 -0.118601 -0.145818 -0.320916 -0.009198 -0.188191 -0.383332 -0.332547 -0.082110 -0.198486 -0.213871 -0.331645 -0.073342 -0.091673 0.111283 -0.145925 -0.243050 -0.332863 -0.302213 -0.063811 0.450949 0.051637 0.508397 0.294461 -0.335129 -0.442218 0.447154 0.361454 0.022372 0.352606 -0.190106 0.336126 -0.066016 0.089938 -0.519582 -0.378454 -0.385348 -0.286219 -0.346649 -0.245274 -0.340277 -0.296000 -0.396593 -0.426378 -0.259845 -0.531362 -0.224865 -0.383784 -0.271138 -0.235858 0.221069 0.052921 0.281232 0.327959 0.329851 0.439210 -0.058174 -0.045803 -0.212339 0.028976 -0.097511 -0.120512 -0.131414 -0.136527 -0.162082 -0.037292 0.035980 0.158523 0.180318 -0.105106 -0.075524 -0.106243 0.010465 0.135801 0.060654 0.005109 -0.029701 -0.233853
-0.348795 -0.244299 0.176820 0.423647 0.475862 0.473646 0.566350 0.792426 0.604015 1.000000 0.161454 0.272636 0.160809 0.643473 0.255789 0.460144 -0.147407 -0.144225 -0.474633 -0.071297 -0.238139 -0.025447 0.310200 0.576839 -0.187782 0.093026 -0.117914 -0.186496 -0.411959 -0.426273 -0.069753 0.166800 -0.251846 0.272212 0.108231 0.376080 -0.272320 -0.301141 -0.111313 -0.216619 -0.204185 -0.303688 0.035115 -0.185061 -0.168979 -0.093097 -0.061682 -0.333034 -0.222368 -0.280794 -0.066659 0.005929 -0.000293 -0.185798 -0.226362 -0.402052 -0.232729 -0.299882 0.199155 -0.055451 0.348625 0.539811 -0.136178 -0.218723 0.400275 0.622831 -0.056899 0.276786 -0.243038 0.172034 -0.281745 0.009158 -0.471672 -0.401824 -0.439270 -0.234379 -0.368552 -0.266040 -0.219965 -0.189509 -0.343230 -0.423960 -0.209884 -0.178567 -0.208869 -0.359212 -0.366320 -0.228923 0.113685 -0.068689 0.286729 0.270371 0.499117 0.326513 -0.090657 -0.081108 -0.544987 -0.069788 -0.312536 -0.228041 -0.153401 -0.107244 -0.359788 -0.230146 -0.024013 0.079744 0.332709 -0.064448 -0.172012 -0.325005 -0.394028 -0.016861 -0.038775 -0.009941 -0.053520 -0.122804
0.247694 0.181642 -0.110619 0.057804 0.255117 0.121921 0.029290 0.279375 0.171376 0.161454 1.000000 0.583458 0.756254 0.484921 0.305429 0.487224 0.016606 -0.118592 0.016282 -0.156283 0.354099 0.117855 -0.062979 -0.175939 -0.225584 -0.024908 0.111867 -0.099495 0.182937 0.198379 0.348513 0.379386 0.025967 0.233614 -0.064865 -0.088891 0.007217 -0.355197 -0.403535 -0.484326 -0.418294 -0.095439 -0.240552 -0.201354 -0.330426 -0.157720 -0.427717 -0.279966 -0.414794 -0.455672 -0.299432 -0.299853 -0.270315 -0.263629 -0.542728 -0.304546 0.085850 -0.334328 -0.003146 -0.317132 0.466943 0.164668 0.564005 0.121284 0.396474 0.066842 -0.190058 -0.025341 -0.262170 -0.178408 -0.090793 0.410372 -0.038617 -0.013874 0.002936 0.309052 0.120133 0.155005 -0.146793 0.085370 -0.050123 -0.165829 0.298381 0.013178 0.278136 -0.030215 0.308692 -0.267719 -0.247275 -0.260248 -0.350874 -0.007716 -0.122019 0.116092 0.090234 -0.004763 -0.099213 -0.088975 -0.544461 -0.176980 -0.405140 -0.082084 -0.475870 -0.207766 -0.180275 -0.242751 -0.004065 0.170689 -0.183373 -0.121395 0.049754 -0.101486 -0.056629 -0.043925 -0.133302 0.135380
-0.035443 0.203491 -0.341840 0.305619 -0.040358 0.108715 -0.136651 0.462919 -0.024196 0.272636 0.583458 1.000000 0.454309 0.759896 0.070503 0.630406 0.139150 0.274553 -0.148413 -0.386301 -0.061805 -0.084774 -0.119229 -0.154073 -0.419415 -0.121867 -0.276081 -0.280793 0.276422 0.328731 0.298579 0.411819 0.104859 0.388811 -0.137660 -0.080569 -0.053162 -0.066776 -0.312023 -0.196377 -0.151091 0.157050 -0.097183 -0.015488 -0.242469 -0.020977 -0.275977 -0.473093 -0.349216 -0.349399 -0.350801 -0.413446 -0.293133 -0.465730 -0.439786 -0.323755 -0.245724 -0.469832 -0.165760 -0.326538 0.292112 0.609416 0.433114 0.430198 0.316405 0.447665 -0.399173 -0.115630 -0.406788 -0.380448 -0.137709 0.303708 0.192532 0.201605 0.152129 0.503336 0.270225 0.380476 -0.035305 0.084848 -0.151488 -0.102551 0.231524 0.487162 0.136796 0.035481 0.010238 -0.261859 -0.121388 -0.184357 -0.310419 -0.211444 0.064621 -0.142871 0.017617 0.151346 -0.311723 -0.172164 -0.603451 -0.450522 -0.208256 -0.303226 -0.456241 -0.421810 -0.124914 -0.264863 0.051140 0.208628 -0.095326 -0.231327 -0.372506 -0.254330 -0.174736 0.159407 -0.226665 0.153268
0.122813 0.150238 -0.023032 -0.088612 0.183669 0.006200 0.179050 0.227937 0.340145 0.160809 0.756254 0.454309 1.000000 0.498237 0.473292 0.526682 -0.004288 -0.060490 -0.047926 -0.087609 0.257544 -0.046415 -0.190096 -0.108335 -0.155729 -0.082897 -0.091071 -0.176717 0.195513 0.110087 0.151577 0.189911 -0.052254 0.247993 -0.071052 -0.004102 0.277335 -0.059041 -0.113606 -0.156896 -0.109016 -0.053992 -0.196736 -0.218271 -0.463726 -0.348648 -0.437821 -0.339305 -0.407693 -0.384652 -0.354671 -0.366416 -0.324329 -0.283986 -0.353214 -0.283146 -0.081725 -0.236286 0.150359 -0.131867 0.499789 0.295452 0.293960 0.034566 0.230785 0.049642 -0.313379 -0.110261 -0.287550 -0.114362 -0.005102 0.347425 -0.038789 0.013583 0.070427 0.303321 0.185071 0.203380 -0.198216 -0.053546 -0.137194 -0.151909 0.129935 -0.129947 0.220781 -0.218979 0.275682 -0.167438 -0.037903 -0.065721 -0.264255 -0.001698 -0.066031 0.137479 0.031279 0.162890 -0.042870 -0.051984 -0.474928 -0.329017 -0.286132 -0.167255 -0.443788 -0.152731 -0.187684 -0.187765 -0.026316 0.085305 -0.078093 0.007523 0.012276 0.010035 0.067940 -0.057395 -0.114472 -0.013843
-0.234234 0.040697 -0.100133 0.304598 0.192407 0.182108 0.246457 0.647134 0.356509 0.643473 0.484921 0.759896 0.498237 1.000000 0.404044 0.807305 -0.011171 0.073138 -0.352440 -0.316972 -0.182320 -0.179758 0.027104 0.177337 -0.288142 -0.047767 -0.274467 -0.329165 0.047775 0.008343 0.161988 0.332206 -0.143937 0.329014 -0.079262 0.093804 -0.093711 -0.157391 -0.229260 -0.137731 -0.057657 0.027510 0.007345 -0.094433 -0.262916 -0.115085 -0.228660 -0.542340 -0.246427 -0.319660 -0.208006 -0.253738 -0.214581 -0.396117 -0.390681 -0.379126 -0.341538 -0.442316 0.134644 -0.106325 0.404231 0.699782 0.099625 0.075472 0.445725 0.556432 -0.385708 -0.073507 -0.398271 -0.211532 -0.207552 0.157879 -0.071730 -0.026195 -0.033167 0.271841 0.006216 0.082857 -0.193864 -0.075004 -0.355654 -0.318671 0.199013 0.199017 -0.007573 -0.191309 -0.143938 -0.261583 0.060306 -0.131380 -0.103834 -0.031831 0.259504 0.045650 0.016062 0.211479 -0.426955 -0.003193 -0.517762 -0.399837 -0.189566 -0.234616 -0.451471 -0.351654 -0.108313 -0.124281 0.124677 0.131513 -0.109298 -0.279068 -0.471207 -0.186282 -0.072675 0.195511 -0.163164 0.007469
-0.141933 -0.088592 0.150728 -0.084244 0.041642 -0.140506 0.407947 0.163220 0.501499 0.255789 0.305429 0.070503 0.473292 0.404044 1.000000 0.509016 -0.091836 -0.255065 -0.140639 0.025019 0.022981 -0.201782 0.218733 0.265975 0.200625 0.101234 0.010462 -0.047380 -0.111164 -0.295976 0.061632 0.171959 -0.394438 -0.011375 0.051287 0.086004 -0.037205 -0.281876 0.061112 0.027448 0.091998 -0.125130 -0.005342 -0.049933 -0.359197 -0.384279 -0.211367 -0.202008 -0.022243 -0.213850 -0.115590 -0.129693 0.055190 -0.036457 -0.114880 -0.116222 -0.149011 -0.000702 0.604063 -0.005486 0.438082 0.145170 -0.350796 -0.416918 0.529633 0.238852 -0.163865 -0.151632 -0.008769 0.073670 0.007062 0.169122 -0.235892 -0.107725 -0.003763 -0.042721 -0.052673 -0.138884 -0.225696 -0.220819 -0.430214 -0.384926 0.384219 -0.177368 0.106924 -0.277898 0.184086 -0.160295 0.504872 -0.023762 -0.087555 0.116234 0.003988 0.154063 -0.014496 0.279599 0.093188 0.301065 -0.115892 -0.025794 -0.273421 -0.057746 -0.221331 0.165576 -0.137994 -0.136891 -0.125245 -0.116840 0.047548 -0.056813 -0.008608 0.148427 0.131051 0.021044 -0.154739 -0.123312
-0.101702 0.060273 -0.226203 0.131879 0.058663 -0.003540 0.113251 0.421031 0.224448 0.460144 0.487224 0.630406 0.526682 0.807305 0.509016 1.000000 0.035036 0.075320 -0.097951 -0.118310 -0.032211 -0.221607 -0.127805 0.095874 -0.363272 -0.155312 -0.226888 -0.327799 0.157137 0.088305 0.058052 0.270186 -0.013009 0.250485 -0.242486 -0.179024 -0.024066 -0.279923 -0.114607 -0.118941 -0.058822 0.028073 -0.064739 -0.158715 -0.400299 -0.296950 -0.186849 -0.381905 -0.215506 -0.145774 -0.266301 -0.148632 -0.173300 -0.154332 -0.284601 -0.223450 -0.183581 -0.306547 0.204460 -0.006712 0.409266 0.593676 0.168805 0.158292 0.278092 0.335155 -0.450471 -0.367594 -0.216854 -0.106317 -0.283132 0.123843 -0.001469 -0.031856 0.038774 0.245878 0.082622 0.028544 -0.200323 -0.140750 -0.259161 -0.240314 0.294148 0.262314 0.092171 -0.105834 0.031292 -0.172290 0.093937 -0.073701 -0.129639 -0.019958 0.146272 -0.047890 0.003255 0.235229 -0.239722 -0.029293 -0.368543 -0.307794 -0.172043 -0.135603 -0.432481 -0.242416 -0.219044 -0.251812 0.046692 0.032926 -0.108650 -0.180059 -0.391647 -0.272147 -0.013658 0.030228 -0.194420 0.000286
0.248002 0.215182 -0.560630 -0.055358 -0.298810 -0.038150 -0.462170 -0.177614 -0.286945 -0.147407 0.016606 0.139150 -0.004288 -0.011171 -0.091836 0.035036 1.000000 0.722772 0.250764 -0.110609 -0.083927 -0.033433 -0.279727 -0.329911 -0.027624 -0.055276 -0.186454 -0.036728 0.437839 0.506069 0.106990 0.057939 0.365233 0.291722 -0.484184 -0.437538 0.255690 0.136349 0.073782 0.094311 0.136970 0.157297 -0.123675 -0.030723 -0.055711 -0.098816 -0.218120 -0.088685 -0.098695 0.212548 -0.176082 0.143325 -0.321927 0.031975 -0.176716 0.173875 0.448720 0.353833 -0.260942 -0.120228 -0.310761 -0.162079 0.201775 0.283876 -0.218229 -0.096626 -0.418466 -0.562513 0.010184 -0.467361 0.028736 0.026517 0.564150 0.174697 0.161729 0.399523 0.400240 0.216707 0.377313 0.236445 0.585075 0.640650 0.073597 0.393713 0.331053 0.123310 0.110083 -0.054674 -0.246207 -0.212285 -0.418629 -0.461412 -0.387262 -0.382730 0.074171 0.180724 -0.046802 0.027631 -0.084669 0.181532 -0.138653 0.155734 -0.379467 -0.233738 -0.160188 -0.272478 0.202900 -0.007532 0.030488 0.076908 -0.335478 -0.037381 -0.207598 -0.174786 -0.116885 0.191825
0.157721 0.244336 -0.566601 -0.164435 -0.405156 -0.182898 -0.487836 -0.113376 -0.342129 -0.144225 -0.118592 0.274553 -0.060490 0.073138 -0.255065 0.075320 0.722772 1.000000 0.135959 -0.188004 -0.169067 -0.124130 -0.417586 -0.405588 -0.192649 -0.250498 -0.274439 -0.234910 0.509848 0.573670 -0.023798 -0.079225 0.257155 0.181013 -0.299733 -0.352444 0.240407 0.360558 0.160759 0.171092 0.233010 0.319248 -0.175667 -0.018373 -0.050822 -0.063514 -0.191114 -0.133364 -0.106406 0.241068 -0.056120 0.092638 -0.135704 0.041474 -0.077350 0.094630 0.180833 0.221320 -0.343641 -0.067619 -0.307126 0.092873 0.273344 0.487249 -0.269230 -0.002591 -0.459953 -0.440519 -0.113824 -0.511583 0.082137 0.011789 0.587170 0.308864 0.270660 0.410779 0.536981 0.424517 0.355912 0.197157 0.370608 0.568504 0.025119 0.392084 0.148646 0.055490 -0.030868 -0.080459 -0.170916 -0.152132 -0.361019 -0.402005 -0.245929 -0.407918 -0.009866 0.137026 -0.155494 0.032924 -0.128911 -0.020532 0.221678 0.063405 -0.175581 -0.214537 -0.053918 -0.167318 0.161744 0.013184 -0.089864 -0.056987 -0.394351 -0.123687 -0.088636 0.015702 -0.210710 0.168132
0.564946 0.448082 -0.202551 -0.317515 -0.225046 -0.442834 -0.425454 -0.504183 -0.384045 -0.474633 0.016282 -0.148413 -0.047926 -0.352440 -0.140639 -0.097951 0.250764 0.135959 1.000000 0.415998 0.097037 -0.199760 -0.396886 -0.524955 -0.083744 -0.360113 0.109937 -0.181235 0.286926 0.290461 -0.130098 -0.240601 0.656203 0.200940 -0.222395 -0.415896 0.205097 -0.022326 -0.127489 -0.132638 -0.149335 -0.100073 -0.231891 -0.265601 -0.160512 -0.259655 -0.154066 -0.011229 0.115568 0.156686 -0.002352 0.018092 -0.035016 0.043542 0.065932 0.075672 0.403978 0.484277 -0.004114 0.190963 -0.247603 -0.348216 0.252261 0.288234 -0.461664 -0.544134 0.230637 -0.427706 0.582883 0.095921 0.049486 -0.111619 0.224677 0.013958 0.085255 0.093851 0.292113 0.188403 0.184903 0.231281 0.465627 0.451707 0.109968 0.128840 0.057905 0.048200 0.114782 -0.007511 -0.143821 -0.208928 -0.192162 -0.181260 -0.389419 -0.165023 0.221821 0.104166 0.264102 -0.067166 0.252804 0.222188 -0.014009 0.330737 0.112578 0.112880 0.050794 -0.133376 -0.098244 0.127509 0.029736 0.195731 0.149291 -0.023192 0.135646 -0.213832 -0.006141 0.252019
0.136480 -0.012168 0.234335 -0.216187 0.268932 -0.109796 0.130849 -0.289903 0.066291 -0.071297 -0.156283 -0.386301 -0.087609 -0.316972 0.025019 -0.118310 -0.110609 -0.188004 0.415998 1.000000 -0.088485 -0.297233 0.030796 0.269342 -0.063944 -0.371788 0.167726 -0.254733 -0.175366 -0.109859 -0.257723 -0.376465 0.253630 0.132673 -0.141654 -0.121124 -0.130201 -0.239719 -0.075379 -0.099830 -0.132516 -0.401147 -0.193617 -0.392711 -0.248516 -0.305128 0.212594 0.160153 -0.038673 0.085384 -0.136648 0.026077 0.231151 0.176447 -0.007688 -0.018248 0.139106 0.251702 0.194555 0.396537 -0.018759 -0.133780 -0.052973 0.004219 -0.400908 -0.426419 0.247387 -0.109850 0.574935 0.756424 -0.196930 -0.454819 -0.293355 -0.377777 -0.294972 -0.515912 -0.301747 -0.433017 -0.203890 -0.037484 0.251815 0.128960 -0.017186 -0.146103 -0.185310 -0.138057 0.036177 0.280101 0.031694 0.034600 0.332188 0.325115 0.090148 0.217216 -0.155761 -0.106831 0.096934 -0.175190 0.239733 0.228799 0.016727 0.209191 0.197770 0.218411 -0.055856 0.216388 -0.148627 -0.049863 0.036279 0.049617 0.186216 0.100996 0.118107 -0.258982 0.359809 -0.248779
0.167955 0.064157 0.117727 -0.089880 0.182070 0.184932 -0.107334 -0.116572 0.023835 -0.238139 0.354099 -0.061805 0.257544 -0.182320 0.022981 -0.032211 -0.083927 -0.169067 0.097037 -0.088485 1.000000 0.579092 -0.071455 -0.222354 0.139073 0.167484 0.305832 0.400645 0.116994 0.147557 0.284170 0.221667 -0.027392 -0.105901 0.219859 0.067127 0.187461 0.076136 -0.098743 -0.293320 -0.035262 0.165629 0.008875 0.036746 -0.061489 -0.069624 -0.264747 0.043436 -0.132910 -0.167570 -0.154091 -0.057952 -0.174766 0.001583 -0.200639 -0.108777 0.123185 -0.042071 -0.077157 -0.153718 0.222738 -0.223330 0.278717 0.028347 0.077810 -0.240407 0.109309 0.154458 -0.102263 -0.055706 0.387673 0.510609 0.114760 0.222490 0.314597 0.282328 0.111468 0.241383 -0.079090 -0.119887 0.013122 -0.047918 -0.051416 -0.245273 0.148318 0.049111 0.319779 -0.163312 -0.171586 -0.049240 -0.180688 -0.079851 -0.238494 0.043263 0.048417 -0.047087 0.136796 0.100848 -0.145933 -0.087556 -0.237110 0.011061 -0.066543 0.060833 -0.138834 -0.325461 0.162042 -0.021471 -0.088039 0.151396 0.226407 -0.157035 0.058919 -0.127427 -0.364544 0.120202
-0.100834 -0.092024 0.067881 0.177035 0.167935 0.417658 -0.115541 0.076426 -0.018898 -0.025447 0.117855 -0.084774 -0.046415 -0.179758 -0.201782 -0.221607 -0.033433 -0.124130 -0.199760 -0.297233 0.579092 1.000000 0.081878 -0.055121 0.348336 0.469219 0.224239 0.538058 -0.083128 -0.030533 0.182767 0.236627 -0.157395 -0.207977 0.241192 0.174239 -0.069435 0.047969 -0.168154 -0.227437 -0.026700 0.207237 0.201121 0.371789 0.229190 0.316667 0.027027 0.114432 0.003220 -0.016270 -0.031440 0.162338 -0.017997 -0.001500 -0.194694 0.025494 0.072546 -0.107388 -0.206776 -0.201503 -0.080463 -0.232125 0.131839 -0.087887 0.043470 0.087877 0.202090 0.419877 -0.208597 -0.136894 0.278306 0.354982 -0.012710 0.202151 0.166134 0.122448 -0.041861 0.136437 0.115488 -0.037900 0.019710 -0.116263 -0.166013 -0.183351 0.164480 0.128966 0.088496 -0.028797 -0.233836 0.044127 -0.186381 -0.243642 -0.181347 -0.144315 0.064179 -0.223243 0.108830 0.139715 -0.137747 -0.145413 -0.042191 -0.092001 0.029152 -0.048777 0.004853 -0.236557 0.212807 0.053994 -0.029621 0.059077 0.307431 -0.232308 -0.027782 -0.103118 -0.140911 0.095717
-0.464276 -0.350425 0.529990 0.515729 0.408086 0.504794 0.433174 0.346476 0.347247 0.310200 -0.062979 -0.119229 -0.190096 0.027104 0.218733 -0.127805 -0.279727 -0.417586 -0.396886 0.030796 -0.071455 0.081878 1.000000 0.658907 0.414878 0.431022 0.235754 0.264668 -0.450237 -0.497379 0.431341 0.424139 -0.329476 0.076607 0.368260 0.474667 -0.320031 -0.213339 -0.000320 -0.110341 -0.166199 -0.205008 0.012263 0.014562 0.058234 0.124328 -0.022635 -0.070573 -0.016532 -0.176668 0.010758 -0.022348 0.086829 -0.034079 -0.139063 -0.281016 -0.299028 -0.207741 0.151534 -0.098743 0.143387 -0.067086 -0.255377 -0.389047 0.442686 0.262262 0.198385 0.405281 -0.145454 0.154637 0.061550 0.170763 -0.369211 -0.221964 -0.211226 -0.319777 -0.523783 -0.464006 -0.340878 -0.284952 -0.404265 -0.482240 0.107378 -0.202960 -0.079527 -0.203142 -0.030545 -0.022308 0.270826 0.063396 0.355301 0.359486 0.423199 0.344510 -0.364205 -0.239745 -0.312989 -0.140632 -0.078028 -0.081142 -0.196996 -0.145297 -0.063435 -0.035549 -0.081960 0.009899 0.037776 -0.306323 -0.036468 -0.242932 -0.011221 -0.024085 -0.073796 -0.047607 0.164094 -0.285713
-0.577032 -0.481992 0.430809 0.470082 0.523117 0.426739 0.552349 0.496472 0.517427 0.576839 -0.175939 -0.154073 -0.108335 0.177337 0.265975 0.095874 -0.329911 -0.405588 -0.524955 0.269342 -0.222354 -0.055121 0.658907 1.000000 0.170116 0.274741 0.146331 0.164581 -0.583300 -0.601833 -0.061286 0.121237 -0.367317 0.129143 0.208201 0.494325 -0.353793 -0.311726 0.046221 -0.062367 -0.133560 -0.351245 0.104809 -0.072690 -0.091653 -0.149481 0.162861 -0.034218 -0.052051 -0.155118 -0.098768 -0.028464 0.104537 -0.089680 -0.046787 -0.311044 -0.344075 -0.264174 0.286807 0.097402 0.139224 0.205511 -0.377807 -0.402667 0.252483 0.381657 -0.015471 0.374316 -0.131236 0.425405 -0.234890 -0.208620 -0.561816 -0.414867 -0.466440 -0.471659 -0.590441 -0.587509 -0.496588 -0.425755 -0.416853 -0.555287 -0.081430 -0.205954 -0.333273 -0.368565 -0.219409 0.111387 0.349854 0.189353 0.691248 0.587834 0.691979 0.408367 -0.367645 -0.231701 -0.329028 -0.201720 -0.003677 -0.111862 0.021229 -0.103342 0.055514 0.036734 0.022322 0.335227 0.155783 -0.189523 -0.010261 -0.263142 -0.115688 0.065083 0.069066 0.007648 0.224412 -0.387161
-0.212973 -0.050279 0.306524 0.119676 0.062392 0.266278 0.043690 -0.147960 0.089889 -0.187782 -0.225584 -0.419415 -0.155729 -0.288142 0.200625 -0.363272 -0.027624 -0.192649 -0.083744 -0.063944 0.139073 0.348336 0.414878 0.170116 1.000000 0.682334 0.379685 0.647243 -0.224119 -0.283133 0.256626 0.233217 -0.205097 -0.071005 0.350248 0.274471 -0.255269 -0.013796 -0.068938 -0.052121 0.058518 0.021402 0.313068 0.390777 0.268300 0.217426 -0.057987 0.115710 0.383052 0.059359 0.246077 0.162379 0.137851 0.042888 0.129579 -0.051522 -0.075792 0.176098 0.188936 -0.076511 -0.196106 -0.453392 -0.419195 -0.487892 0.111188 0.010899 0.308094 0.324539 0.100923 -0.071896 0.211889 0.064114 -0.133314 0.013734 0.066143 -0.146330 -0.200675 -0.183788 -0.090437 -0.084244 -0.206678 -0.151827 -0.006994 -0.242307 0.040219 -0.088113 0.112822 0.032897 0.275162 0.055044 0.064908 -0.068603 -0.097412 -0.069107 -0.098413 -0.003017 0.084588 0.091137 0.076156 -0.010772 -0.034410 -0.056731 0.265868 0.208983 0.071387 0.026209 -0.046570 -0.184604 0.091262 0.094469 0.342404 0.031279 0.036839 0.128586 0.162327 -0.083144
-0.276663 -0.105720 0.152320 0.474505 0.104363 0.539628 -0.004615 0.203370 0.029941 0.093026 -0.024908 -0.121867 -0.082897 -0.047767 0.101234 -0.155312 -0.055276 -0.250498 -0.360113 -0.371788 0.167484 0.469219 0.431022 0.274741 0.682334 1.000000 0.363156 0.725994 -0.189561 -0.296206 0.265927 0.447781 -0.305097 0.039034 0.266989 0.379936 -0.215977 -0.155593 -0.024170 -0.159914 -0.062992 0.090014 0.286819 0.364377 0.277561 0.297313 -0.132905 0.022481 0.171041 -0.131924 0.091262 0.037732 -0.077401 -0.102320 0.064482 -0.145584 -0.100914 -0.086937 0.001290 -0.358966 -0.097074 -0.237995 -0.238805 -0.373499 0.298646 0.345864 0.107158 0.414431 -0.180148 -0.236840 0.031697 0.236400 -0.145705 0.094428 0.051321 0.012750 -0.267240 -0.148957 -0.065068 -0.031928 -0.286120 -0.241436 -0.090116 -0.089290 0.085390 0.021312 0.079465 -0.037970 0.132627 0.005700 0.027635 -0.038833 0.076613 -0.036571 -0.174796 -0.008816 -0.084291 -0.082236 -0.136063 -0.223492 -0.170030 -0.245217 0.126457 -0.032935 -0.007124 -0.050403 0.118028 -0.235934 0.044955 0.004675 0.112432 -0.020367 -0.031034 0.195455 0.014688 -0.143210
0.314387 0.243514 0.171780 0.151813 0.260344 0.255917 -0.133423 -0.081161 -0.109122 -0.117914 0.111867 -0.276081 -0.091071 -0.274467 0.010462 -0.226888 -0.186454 -0.274439 0.109937 0.167726 0.305832 0.224239 0.235754 0.146331 0.379685 0.363156 1.000000 0.581630 -0.353764 -0.284546 -0.065402 -0.023168 -0.072212 -0.084730 0.155156 0.200807 -0.233930 -0.257746 -0.233164 -0.507381 -0.208839 -0.187303 0.150833 -0.033384 0.154785 0.121026 -0.041861 0.115491 0.256091 0.047673 0.249490 0.167112 0.191760 0.017800 0.042120 -0.194290 0.381802 0.223513 0.103671 -0.084092 -0.132665 -0.449323 0.047911 -0.227352 -0.012643 -0.111584 0.317339 0.300957 0.369785 0.179518 -0.071710 -0.042609 -0.415039 -0.022383 -0.064901 -0.206128 -0.266051 -0.200812 -0.148698 0.055051 -0.191948 -0.231646 0.086794 -0.213684 -0.146538 -0.132107 0.211375 -0.173585 0.011337 -0.024315 0.178441 0.193752 0.034336 0.161900 0.097274 -0.468300 0.015147 0.048674 0.103764 0.052578 0.011774 0.120104 0.294042 0.237950 0.135349 0.130272 0.056849 0.004823 -0.291085 -0.297312 0.227024 0.112083 0.359282 0.006094 0.043683 0.095741
-0.077813 0.030986 0.139586 0.251831 0.089807 0.427834 -0.141229 -0.034848 -0.039295 -0.186496 -0.099495 -0.280793 -0.176717 -0.329165 -0.047380 -0.327799 -0.036728 -0.234910 -0.181235 -0.254733 0.400645 0.538058 0.264668 0.164581 0.647243 0.725994 0.581630 1.000000 -0.245573 -0.269008 0.157446 0.191398 -0.152080 -0.114983 0.190283 0.241590 -0.182473 -0.045656 -0.056496 -0.167553 -0.029590 0.104628 0.358738 0.409014 0.365323 0.317219 0.026842 0.217796 0.247500 0.040467 0.201915 0.175607 0.040814 0.065697 0.076959 -0.066774 0.119149 0.110589 -0.026853 -0.212002 -0.191622 -0.463807 -0.163044 -0.354593 0.073285 0.056690 0.175448 0.394147 0.018400 -0.127030 0.157502 0.114323 -0.143693 0.166186 0.082503 -0.008196 -0.193006 -0.120650 -0.070914 -0.075145 -0.168495 -0.186679 -0.098420 -0.192317 0.045257 0.070233 0.196867 -0.078458 0.052144 0.073605 0.081726 -0.062059 -0.077815 -0.106800 -0.002435 -0.280003 0.109666 0.091979 0.123310 -0.135373 0.011827 -0.113485 0.232162 0.041712 0.066283 -0.023406 0.173512 -0.119231 -0.044767 -0.048710 0.242731 0.026864 0.110027 0.029201 -0.065442 0.028281
0.165563 0.021941 -0.552541 -0.282980 -0.417932 -0.266555 -0.482924 -0.302243 -0.494923 -0.411959 0.182937 0.276422 0.195513 0.047775 -0.111164 0.157137 0.437839 0.509848 0.286926 -0.175366 0.116994 -0.083128 -0.450237 -0.583300 -0.224119 -0.189561 -0.353764 -0.245573 1.000000 0.805536 0.206341 0.120024 0.298429 0.083623 -0.438741 -0.539562 0.564019 0.265376 0.148000 0.191580 0.263142 0.429662 -0.266599 0.039601 -0.019904 -0.005582 -0.099480 0.014571 -0.122095 0.143093 -0.197617 -0.097367 -0.337337 0.029717 -0.064325 0.265474 -0.013812 -0.128548 -0.521547 -0.146290 -0.264882 -0.118616 0.463710 0.454331 -0.247118 -0.372997 -0.421988 -0.507647 -0.250419 -0.528505 0.225677 0.207195 0.850610 0.419568 0.505718 0.542869 0.572405 0.343967 0.338851 0.293135 0.510077 0.608171 0.387727 0.483378 0.486180 0.337094 0.282568 0.175594 -0.358422 -0.214716 -0.563244 -0.509128 -0.482388 -0.546729 -0.031872 0.447231 0.054860 0.000440 -0.173869 -0.167007 0.005477 -0.006005 -0.271856 -0.238953 -0.304494 -0.352445 -0.185856 -0.055952 0.169773 0.238206 -0.101194 -0.270835 -0.338019 0.030567 -0.120525 0.011296
0.262703 0.153539 -0.489464 -0.234918 -0.343907 -0.233469 -0.508795 -0.329984 -0.530174 -0.426273 0.198379 0.328731 0.110087 0.008343 -0.295976 0.088305 0.506069 0.573670 0.290461 -0.109859 0.147557 -0.030533 -0.497379 -0.601833 -0.283133 -0.296206 -0.284546 -0.269008 0.805536 1.000000 0.236318 0.131108 0.392879 0.198219 -0.424999 -0.439387 0.357485 0.282028 -0.138374 0.062673 0.176663 0.427970 -0.340412 -0.047058 -0.107759 -0.001132 -0.166782 -0.016734 -0.176188 0.126336 -0.289487 -0.114331 -0.304942 0.021427 -0.223713 0.191802 0.110283 -0.106082 -0.492188 -0.012838 -0.143104 -0.014195 0.612293 0.668385 -0.298621 -0.357253 -0.385091 -0.438801 -0.274574 -0.484027 0.183540 0.096534 0.799155 0.449319 0.473303 0.602447 0.593371 0.395114 0.252662 0.258098 0.533834 0.633771 0.269000 0.548442 0.294917 0.322472 0.281859 0.142107 -0.411584 -0.203876 -0.503014 -0.443401 -0.428064 -0.446629 -0.005033 0.297724 -0.104273 -0.117539 -0.288690 -0.102300 0.019000 0.014183 -0.202292 -0.214923 -0.147456 -0.293925 -0.063550 0.140882 0.056959 0.080420 -0.128423 -0.357595 -0.212007 -0.049385 -0.127564 0.183525
-0.181929 -0.143289 0.157312 0.280417 0.140971 0.352544 0.068738 0.125900 0.003332 -0.069753 0.348513 0.298579 0.151577 0.161988 0.061632 0.058052 0.106990 -0.023798 -0.130098 -0.257723 0.284170 0.182767 0.431341 -0.061286 0.256626 0.265927 -0.065402 0.157446 0.206341 0.236318 1.000000 0.757854 0.081133 0.302062 0.078562 0.047815 -0.117544 -0.082736 -0.244809 -0.180830 -0.188026 0.042438 -0.086470 0.096504 -0.018454 0.136977 -0.351116 -0.159419 -0.222775 -0.257534 -0.146399 -0.235822 -0.211472 -0.149064 -0.441338 -0.238968 -0.221382 -0.369727 -0.124481 -0.261576 0.215900 -0.081768 0.277981 0.091705 0.379106 -0.043535 0.005869 0.040036 -0.365610 -0.391297 0.341943 0.547731 0.244528 0.041147 0.088176 0.243289 -0.003894 0.068895 -0.214663 -0.248949 -0.066091 -0.086778 0.329445 0.198988 0.211521 0.045734 0.258791 -0.123257 -0.096995 -0.148177 -0.197105 -0.090040 -0.081580 -0.063959 -0.229322 0.066219 -0.342726 -0.203529 -0.447257 -0.195472 -0.315009 -0.218767 -0.307763 -0.167605 -0.146751 -0.351196 0.170405 -0.128182 -0.071111 -0.085955 -0.062937 -0.272303 -0.279970 0.091444 0.000121 0.011227
-0.352123 -0.169945 0.040788 0.520355 0.093402 0.438439 0.047079 0.417090 0.030955 0.166800 0.379386 0.411819 0.189911 0.332206 0.171959 0.270186 0.057939 -0.079225 -0.240601 -0.376465 0.221667 0.236627 0.424139 0.121237 0.233217 0.447781 -0.023168 0.191398 0.120024 0.131108 0.757854 1.000000 -0.056505 0.359321 0.073598 0.144776 -0.161110 -0.235773 -0.254141 -0.197487 -0.158463 0.001612 -0.016130 0.168139 -0.070634 0.099905 -0.404129 -0.153803 -0.190311 -0.290178 -0.287930 -0.308035 -0.288788 -0.316207 -0.381189 -0.264281 -0.325708 -0.470309 -0.055720 -0.351772 0.239383 0.113867 0.232673 0.053883 0.416945 0.243013 -0.121498 0.049881 -0.423247 -0.422634 0.161733 0.607479 0.128939 -0.026606 0.020301 0.260563 -0.033050 0.116483 -0.199100 -0.283531 -0.185052 -0.261807 0.292328 0.276917 0.089938 -0.133594 0.293354 -0.113663 0.033249 -0.175349 -0.062565 -0.021334 0.136596 0.025317 -0.317723 0.216890 -0.401550 -0.271258 -0.556331 -0.295932 -0.361133 -0.252634 -0.384975 -0.153461 -0.142504 -0.249087 0.209679 -0.112978 0.010436 -0.113768 -0.126728 -0.250442 -0.240541 0.096648 -0.154576 0.034684
0.382055 0.345377 -0.195179 -0.135525 -0.056458 -0.158649 -0.307402 -0.271102 -0.349080 -0.251846 0.025967 0.104859 -0.052254 -0.143937 -0.394438 -0.013009 0.365233 0.257155 0.656203 0.253630 -0.027392 -0.157395 -0.329476 -0.367317 -0.205097 -0.305097 -0.072212 -0.152080 0.298429 0.392879 0.081133 -0.056505 1.000000 0.495683 -0.313047 -0.401792 0.058617 -0.077235 -0.182742 -0.250079 -0.309153 -0.115629 -0.214400 -0.272277 -0.095125 -0.094702 -0.160208 -0.082982 0.029319 -0.001335 -0.109261 -0.153604 -0.217944 -0.173553 -0.275745 -0.180353 0.292991 0.173633 -0.185908 0.044172 -0.248147 -0.134987 0.358506 0.396275 -0.490802 -0.419317 -0.000414 -0.343138 0.256045 -0.099214 -0.021462 -0.159251 0.317011 0.002567 -0.045266 0.143020 0.203673 0.079048 0.108423 0.148032 0.553356 0.454873 0.089896 0.288593 0.102403 0.090598 0.070104 0.087188 -0.351107 -0.343932 -0.040842 -0.144166 -0.111803 -0.136479 0.169753 0.024335 0.007293 -0.320636 0.094307 0.151891 0.069975 0.361329 -0.058251 -0.034506 0.047161 -0.012431 0.062374 0.120526 -0.050683 0.188166 -0.044808 -0.029520 0.000504 -0.071266 0.091830 0.132590
-0.019774 0.221764 0.023548 0.370201 0.220579 0.244594 0.062274 0.355666 0.143663 0.272212 0.233614 0.388811 0.247993 0.329014 -0.011375 0.250485 0.291722 0.181013 0.200940 0.132673 -0.105901 -0.207977 0.076607 0.129143 -0.071005 0.039034 -0.084730 -0.114983 0.083623 0.198219 0.302062 0.359321 0.495683 1.000000 -0.102656 0.084891 -0.069277 -0.197469 -0.270337 -0.283815 -0.321250 -0.212790 -0.192031 -0.346980 -0.382773 -0.301549 -0.432842 -0.453852 -0.255734 -0.272090 -0.378375 -0.349621 -0.372102 -0.462617 -0.401513 -0.520845 -0.079983 -0.057867 -0.048999 -0.019365 0.185584 0.233396 0.321374 0.324229 -0.013821 0.121943 -0.172902 -0.097086 -0.168659 -0.117891 -0.174155 0.053438 0.032159 -0.201482 -0.247186 0.100238 -0.078598 -0.051815 -0.233604 -0.082533 0.171704 0.135434 0.051822 0.280348 -0.165517 -0.285673 -0.019604 -0.071183 -0.028173 -0.298192 0.107948 0.044627 0.186668 0.044954 -0.162112 0.077061 -0.479203 -0.439990 -0.381074 -0.274218 -0.173278 -0.083690 -0.310557 -0.300304 0.009507 -0.033816 0.291704 0.028869 -0.096114 -0.188948 -0.330256 -0.050533 0.038991 0.062459 -0.048578 -0.032838
-0.284714 -0.049039 0.453409 0.050958 0.295769 0.101152 0.322091 0.116291 0.407596 0.108231 -0.064865 -0.137660 -0.071052 -0.079262 0.051287 -0.242486 -0.484184 -0.299733 -0.222395 -0.141654 0.219859 0.241192 0.368260 0.208201 0.350248 0.266989 0.155156 0.190283 -0.438741 -0.424999 0.078562 0.073598 -0.313047 -0.102656 1.000000 0.619099 -0.257392 0.159463 -0.028098 -0.099803 -0.185669 -0.012804 0.113275 0.079992 -0.052291 -0.106266 -0.095022 -0.060044 -0.019329 -0.396854 0.193792 -0.057730 0.164819 -0.009849 0.031597 -0.289080 -0.384052 -0.114060 0.140849 -0.213179 0.231567 0.030883 -0.264915 -0.362587 0.422294 0.290461 0.286702 0.601855 -0.131670 0.094875 0.181211 0.305118 -0.383714 -0.043271 -0.074711 -0.118373 -0.182052 0.119753 -0.044945 -0.139583 -0.467466 -0.352353 -0.269636 -0.374026 -0.231727 -0.101676 -0.172279 -0.169449 0.363250 0.076318 0.283860 0.272690 0.256950 0.297872 -0.011385 -0.142460 -0.076423 -0.041660 0.020342 -0.110304 0.128949 -0.084587 0.265338 0.192207 0.145826 0.051247 -0.029464 -0.082923 -0.101117 -0.025477 0.256522 0.049235 0.154991 0.179669 -0.090721 -0.120886
-0.357850 -0.218907 0.501290 0.325118 0.397583 0.396417 0.445809 0.362401 0.466166 0.376080 -0.088891 -0.080569 -0.004102 0.093804 0.086004 -0.179024 -0.437538 -0.352444 -0.415896 -0.121124 0.067127 0.174239 0.474667 0.494325 0.274471 0.379936 0.200807 0.241590 -0.539562 -0.439387 0.047815 0.144776 -0.401792 0.084891 0.619099 1.000000 -0.251756 0.078516 -0.159709 -0.133002 -0.175846 -0.125911 -0.101294 -0.117794 -0.075263 -0.018850 -0.162226 -0.185996 -0.042617 -0.376347 0.017923 -0.141166 -0.030746 -0.171597 -0.023761 -0.389010 -0.356078 -0.200820 0.242827 -0.061477 0.271081 0.090927 -0.238915 -0.296514 0.363720 0.382595 0.295658 0.648724 -0.241239 0.137590 0.175516 0.155184 -0.459683 -0.076784 -0.233086 -0.178042 -0.278242 -0.063634 -0.192843 -0.323750 -0.507826 -0.520019 -0.310099 -0.313145 -0.337810 -0.314835 -0.204148 -0.139600 0.373927 0.046694 0.436874 0.466417 0.486905 0.439640 -0.210293 -0.162984 -0.402759 -0.068113 -0.149189 -0.221052 0.054914 -0.074277 0.196832 0.062694 0.219654 0.186926 0.221179 -0.079591 -0.163717 -0.303972 0.039868 0.014500 0.205960 0.125437 -0.109810 -0.232181
