1.000000 0.042689 0.227622 -0.049185 0.102092 -0.045532 0.314467 0.023535 0.060943 0.086375 0.337494 -0.107319 0.365878 0.093181 0.329535 0.035627 -0.131315 -0.068935 0.283985 0.571080 -0.453696 -0.083005 -0.047471 0.096460 -0.230289 -0.306132 -0.157905 -0.092046 0.031027 -0.330241 -0.451160 -0.511287 -0.150740 -0.170740 -0.301399 -0.076367 -0.307845 -0.274214 -0.323336 -0.152926 -0.033876 -0.090253 -0.477967 -0.447997 -0.356893 -0.428399 -0.516505 -0.411217 0.058136 -0.367440 0.022557 -0.317420 0.124013 -0.470154 -0.269720 -0.344598 -0.078869 -0.045152 0.504580 0.370763 0.476959 0.015018 0.258546 -0.014364 0.221604 -0.074660 0.370608 0.206842 0.297738 0.491095 0.150859 0.034219 -0.115487 -0.203834 -0.065127 -0.102938 -0.209036 -0.173195 0.012657 -0.153032 0.121634 -0.088932 0.086686 -0.053390 -0.056245 -0.268600 -0.148920 -0.133030 -0.135520 0.204267 0.236515 0.281457 0.084164 0.217515 0.121090 -0.069139 -0.302153 -0.137265 -0.395797 -0.249557 -0.012273 0.254732 0.155108 0.379969 0.074239 0.188374 0.193510 0.018013 0.190934 -0.201100 -0.116683 -0.061658 -0.037977 -0.104975 -0.009155 -0.023850
0.042689 1.000000 -0.131406 -0.078853 -0.133352 -0.146232 -0.119493 -0.246822 -0.169072 -0.113702 0.001373 0.290615 -0.007269 0.186151 -0.030531 -0.104247 0.245331 0.358713 0.204575 0.020341 -0.041572 0.050575 -0.076089 -0.254498 -0.150639 -0.075768 -0.133242 -0.086918 0.088464 0.156288 -0.000605 0.048428 0.117572 0.204362 -0.111676 -0.265465 0.043947 0.069921 -0.111124 -0.162780 0.103834 0.229197 -0.220644 -0.160864 -0.089612 -0.225888 -0.000587 -0.252572 -0.088241 -0.073319 0.046938 -0.196495 -0.022151 -0.160185 -0.097158 -0.084377 0.270285 0.249176 -0.069645 0.131175 -0.068581 0.463570 0.142293 0.295026 0.111033 0.054186 -0.051237 -0.231301 -0.062857 -0.100919 0.128456 0.152249 0.179997 0.267457 0.327143 0.274272 0.371382 0.176476 -0.139809 0.166392 0.087855 0.128964 -0.103243 0.087472 0.081553 0.031612 -0.099925 -0.008907 0.120378 -0.009926 -0.108385 -0.130535 0.143310 -0.078492 -0.206992 0.215252 -0.041171 -0.004836 0.033715 0.129575 0.007718 0.087004 0.312355 0.216531 -0.084264 -0.122719 -0.007053 -0.000355 -0.035480 0.005415 -0.144882 0.050808 -0.069098 0.028707 -0.204153 0.094129
0.227622 -0.131406 1.000000 0.367915 0.662847 0.399422 0.769766 0.462658 0.804082 -0.055114 -0.125816 -0.034005 0.332360 0.170254 0.479653 -0.052921 -0.260435 -0.443208 0.078186 0.182786 -0.375764 -0.275740 0.073992 0.191633 0.085855 -0.297186 0.246574 -0.040485 -0.121885 -0.361280 -0.214451 -0.298980 -0.252684 -0.251575 -0.255479 -0.146007 -0.370253 -0.270169 -0.423627 -0.436507 -0.422200 -0.154050 0.166964 0.043973 -0.000971 -0.142047 -0.097270 0.072477 0.533492 0.056477 0.482400 0.247570 0.387992 0.127577 -0.223183 -0.223931 -0.433405 -0.202329 0.427003 0.266585 0.244799 -0.356750 -0.044203 -0.445865 0.097520 -0.311577 0.389727 0.368710 0.212235 0.366939 -0.176254 -0.073202 -0.274707 -0.416600 -0.271365 -0.377686 -0.433383 -0.325056 -0.150207 -0.232070 -0.262136 -0.400479 -0.412071 -0.269917 -0.576123 -0.058255 -0.667809 -0.545277 -0.524277 0.000718 0.229469 0.291922 -0.057799 0.302777 -0.043183 -0.271796 -0.186068 -0.287657 -0.083440 -0.420750 -0.118513 -0.011370 -0.037690 0.064646 0.131002 -0.035823 -0.192150 -0.178973 0.076259 -0.414366 -0.022831 -0.386065 -0.252890 -0.361006 -0.043064 -0.161416
-0.049185 -0.078853 0.367915 1.000000 0.272648 0.469333 0.268469 0.558096 0.447687 0.460537 -0.029845 0.422323 0.205913 0.302628 0.150123 0.303755 -0.118499 -0.320933 0.073643 -0.047270 -0.284850 -0.534206 0.330496 0.487872 -0.280496 -0.264157 -0.085671 -0.223799 -0.295527 -0.161974 -0.359032 -0.015778 -0.312580 -0.055980 -0.289681 -0.220896 -0.311726 -0.353186 -0.412969 -0.372012 -0.427487 -0.300470 0.103239 0.035684 0.046151 0.065588 -0.084296 0.006274 0.316535 -0.026471 0.103974 0.149025 0.143882 0.222119 -0.317286 -0.192501 -0.379461 -0.334132 0.167502 0.010965 0.000416 0.154695 -0.164299 -0.141104 0.267030 0.373339 0.101761 0.208958 -0.071559 -0.046504 -0.274296 -0.285793 -0.354011 -0.231759 -0.229507 -0.084316 -0.149584 -0.256316 -0.165133 -0.089924 -0.211554 -0.358994 -0.163305 0.023494 -0.316944 0.010429 -0.371864 -0.365228 0.040554 0.183736 0.189314 0.138799 0.399904 0.174412 -0.287595 -0.421251 -0.353220 -0.255307 -0.011324 -0.140614 0.311271 -0.097324 -0.078973 0.001008 0.027683 -0.078743 -0.180406 -0.089998 -0.146462 -0.278975 -0.213845 -0.006359 0.159513 -0.088590 -0.098096 -0.268117
0.102092 -0.133352 0.662847 0.272648 1.000000 0.613533 0.647529 0.470904 0.777749 0.133071 0.029573 -0.037172 0.316278 0.134454 0.399755 -0.160623 -0.233922 -0.477728 -0.176250 0.212635 -0.293364 -0.183706 0.133446 0.264041 0.243293 -0.167541 0.376691 0.051032 -0.344323 -0.439353 -0.215818 -0.171791 -0.428618 -0.390092 -0.022213 -0.006712 -0.392874 -0.281802 -0.292747 -0.400979 -0.605321 -0.158826 0.172335 0.099289 0.111767 0.056158 -0.016441 0.218945 0.324272 0.073594 0.342263 0.257568 0.239443 0.190370 -0.303026 -0.362314 -0.474461 -0.228571 0.335117 0.200283 0.129489 -0.393384 -0.196228 -0.479937 -0.061361 -0.275612 0.303175 0.449636 0.079621 0.354383 -0.190497 -0.134447 -0.357756 -0.378226 -0.329914 -0.376432 -0.409385 -0.246317 -0.175592 -0.143974 -0.317246 -0.432563 -0.562951 -0.343793 -0.597708 -0.329133 -0.644114 -0.563502 -0.469133 -0.208533 0.358191 0.404332 0.013188 0.317229 0.092719 -0.341138 -0.106839 -0.357071 -0.077814 -0.478753 -0.200995 -0.083463 0.011591 0.103168 0.080467 0.097646 -0.229953 -0.240437 0.138671 -0.592539 0.125825 -0.186174 -0.117302 -0.121340 0.042874 -0.311467
-0.045532 -0.146232 0.399422 0.469333 0.613533 1.000000 0.250392 0.331683 0.447661 0.492493 0.194062 0.114160 0.259113 0.281225 0.143520 -0.083376 -0.343538 -0.400112 -0.185136 -0.105788 -0.096927 -0.277268 0.313355 0.312063 0.120247 -0.156442 0.335025 0.145599 -0.497988 -0.490455 -0.364467 -0.265058 -0.551324 -0.557984 -0.006653 -0.086622 -0.411350 -0.305674 -0.310020 -0.452327 -0.588213 -0.273512 0.239340 0.251719 0.194793 0.253354 0.023102 0.192265 0.371836 0.152673 0.389148 0.422958 0.295918 0.341049 -0.244719 -0.164304 -0.379295 -0.168503 0.246450 0.108795 0.062593 -0.112286 -0.180232 -0.405799 -0.064721 0.053121 0.217726 0.379446 -0.002612 0.109186 -0.237656 -0.124830 -0.465766 -0.347279 -0.315101 -0.352953 -0.292465 -0.262293 -0.328690 -0.051396 -0.282615 -0.415129 -0.391755 -0.326086 -0.283070 -0.125637 -0.348129 -0.329046 -0.213338 -0.121264 0.278363 0.364382 0.151836 0.214845 0.084242 -0.430381 -0.232069 -0.226771 0.065568 -0.247344 0.023549 -0.089851 -0.149856 0.093368 0.196742 0.116210 -0.281862 -0.238463 -0.081117 -0.445560 -0.057060 -0.145839 0.158982 -0.003987 -0.037976 -0.237889
0.314467 -0.119493 0.769766 0.268469 0.647529 0.250392 1.000000 0.649918 0.665005 -0.052525 -0.231692 -0.108316 0.289177 0.072341 0.508343 -0.010990 -0.244142 -0.480918 0.064395 0.411174 -0.475852 -0.356035 -0.035521 0.282167 0.009218 -0.427540 0.041152 -0.254988 -0.079638 -0.288090 -0.159673 -0.215978 -0.131388 -0.094640 -0.257080 0.019987 -0.451729 -0.383951 -0.511084 -0.421428 -0.400437 -0.128468 -0.054670 -0.119203 -0.032447 -0.095060 -0.320450 -0.102885 0.454283 -0.008188 0.208872 0.217876 0.249559 -0.022799 -0.427696 -0.434179 -0.455263 -0.283816 0.506687 0.381859 0.383104 -0.255882 -0.158415 -0.382765 0.189744 -0.303037 0.390792 0.544439 0.208829 0.527151 -0.001918 0.047211 -0.247081 -0.375917 -0.295612 -0.259396 -0.498098 -0.326653 -0.226093 -0.451539 -0.381911 -0.512080 -0.334439 -0.160286 -0.704397 -0.353603 -0.682109 -0.664056 -0.527916 -0.091957 0.349764 0.329140 0.011726 0.406077 0.092470 -0.212450 -0.371020 -0.369752 -0.343213 -0.560405 -0.011776 0.313462 0.161482 0.170647 0.123821 0.088933 -0.184661 -0.020197 0.198382 -0.396840 -0.103787 -0.317696 -0.166860 -0.297104 -0.037816 -0.136827
0.023535 -0.246822 0.462658 0.558096 0.470904 0.331683 0.649918 1.000000 0.607265 0.380473 -0.305216 -0.023147 -0.083792 0.052071 0.247810 0.346559 -0.263227 -0.488175 -0.129408 0.280426 -0.370720 -0.388402 -0.098345 0.510723 0.035235 -0.257376 -0.084714 -0.447282 -0.332941 -0.267600 -0.211790 -0.085261 -0.217359 -0.030659 -0.205705 0.045670 -0.530362 -0.427480 -0.419880 -0.262356 -0.600610 -0.311037 0.025080 -0.061412 0.033056 0.146512 -0.336887 -0.051181 0.271144 -0.070112 -0.102805 0.247402 0.079271 0.060137 -0.563011 -0.472893 -0.458882 -0.349485 0.311036 0.297097 0.110741 0.013963 -0.350112 -0.307599 0.260817 0.087144 0.254780 0.659732 0.113549 0.392460 -0.117829 -0.119286 -0.530432 -0.382381 -0.484714 -0.347231 -0.580462 -0.289537 -0.319096 -0.471150 -0.512088 -0.587305 -0.230345 0.014696 -0.686224 -0.363294 -0.547872 -0.700099 -0.353034 -0.157888 0.460060 0.351020 0.355114 0.282901 0.182742 -0.266688 -0.434834 -0.182930 -0.375375 -0.539141 0.286048 0.139183 0.116139 0.222573 0.178264 0.221183 -0.043417 0.013035 0.217414 -0.293004 -0.033479 -0.079754 -0.031197 -0.216640 -0.035707 -0.147973
0.060943 -0.169072 0.804082 0.447687 0.777749 0.447661 0.665005 0.607265 1.000000 0.063347 -0.164288 0.013190 0.197585 0.167377 0.564534 0.171652 -0.231282 -0.601645 -0.039277 0.191299 -0.262289 -0.234429 0.141050 0.338899 0.168091 -0.158652 0.320439 -0.045344 -0.296195 -0.395564 -0.158514 -0.149069 -0.307785 -0.232030 -0.183862 -0.094667 -0.416789 -0.338861 -0.409091 -0.434664 -0.547291 -0.290550 0.163451 0.011909 -0.036845 -0.103467 -0.112124 0.077534 0.475532 -0.003124 0.327066 0.310300 0.369879 0.229539 -0.317789 -0.326499 -0.388577 -0.146421 0.333522 0.263767 0.121381 -0.337047 -0.227912 -0.467316 0.056820 -0.197077 0.342257 0.411633 0.239265 0.380857 -0.223346 -0.120515 -0.371021 -0.433074 -0.394879 -0.355049 -0.471984 -0.350566 -0.253876 -0.257510 -0.354622 -0.492732 -0.444423 -0.254033 -0.628651 -0.165152 -0.747678 -0.662132 -0.456492 -0.043056 0.318338 0.355086 0.097876 0.294033 -0.014059 -0.313172 -0.203966 -0.281151 -0.081524 -0.453088 -0.048558 -0.122363 -0.013680 0.105693 0.097739 0.023058 -0.175789 -0.121481 0.063251 -0.462266 0.027808 -0.243434 -0.250137 -0.295100 0.000213 -0.157479
0.086375 -0.113702 -0.055114 0.460537 0.133071 0.492493 -0.052525 0.380473 0.063347 1.000000 0.210641 0.181251 -0.064914 0.106355 -0.142756 0.317244 0.019931 -0.041122 -0.141355 0.008293 -0.261457 -0.227283 0.052340 0.313132 -0.078464 -0.169416 -0.089945 -0.250692 -0.334010 -0.135173 -0.562654 -0.291094 -0.382174 -0.203268 -0.028085 -0.013549 -0.296139 -0.316092 -0.254482 -0.111511 -0.492566 -0.247989 -0.104135 -0.069803 -0.070794 0.198772 -0.281863 -0.116219 0.001499 -0.184103 -0.143619 0.076822 -0.114969 0.004191 -0.399348 -0.212724 -0.170199 -0.083465 0.062528 0.022760 -0.020684 0.228660 -0.062025 -0.037599 0.155046 0.398281 0.202896 0.359749 -0.070694 0.043613 -0.218121 -0.262225 -0.346524 -0.196291 -0.282468 -0.243016 -0.158798 -0.170393 -0.040407 -0.026625 -0.116953 -0.104114 -0.082992 0.020921 -0.113345 -0.179196 0.032569 -0.141719 0.186426 -0.110361 0.184801 0.223687 0.457015 0.124551 0.165713 -0.416566 -0.308788 -0.024716 -0.198090 -0.178051 0.341969 -0.127064 -0.017959 0.155280 0.091456 0.288308 0.003824 -0.099366 0.010820 -0.265424 -0.122160 0.202461 0.263541 0.139678 -0.112489 -0.232352
0.337494 0.001373 -0.125816 -0.029845 0.029573 0.194062 -0.231692 -0.305216 -0.164288 0.210641 1.000000 0.200007 0.518941 0.244997 0.067508 -0.010851 0.016594 0.121102 -0.025637 -0.066264 -0.107886 0.026258 0.286323 -0.047840 -0.039486 0.007630 -0.002351 0.212710 -0.126460 -0.163916 -0.360569 -0.335509 -0.192807 -0.296256 -0.041006 0.056388 -0.064886 -0.086384 -0.002564 -0.139634 -0.025703 -0.166950 0.118925 0.103179 0.100200 0.099999 0.086735 0.100206 0.076145 0.079137 0.224916 -0.016932 0.109189 0.062883 -0.055765 0.039870 -0.014871 -0.056297 -0.009471 -0.080656 0.126578 0.190381 0.116466 0.107025 -0.075869 0.218780 -0.101498 -0.076958 -0.168892 -0.076507 0.006055 -0.088061 -0.112906 -0.139023 -0.096147 -0.168135 0.118748 -0.080348 0.146962 0.165127 0.158105 0.171976 -0.113600 -0.248408 0.301303 -0.152980 0.100491 0.179751 0.258016 -0.029404 -0.206719 -0.100468 -0.100724 -0.041069 -0.081695 -0.031313 -0.057212 -0.145733 0.092590 0.093367 -0.209721 -0.148051 -0.131605 -0.075885 -0.127384 -0.105363 -0.071064 -0.110895 0.021838 -0.204825 -0.099786 0.055397 0.219863 0.085429 0.019773 -0.018133
-0.107319 0.290615 -0.034005 0.422323 -0.037172 0.114160 -0.108316 -0.023147 0.013190 0.181251 0.200007 1.000000 0.381198 0.663689 -0.007030 0.292207 0.395380 0.213143 0.118429 -0.301892 -0.108386 -0.079542 0.120214 -0.001610 -0.249954 -0.227839 -0.340968 -0.187678 0.182370 0.367660 -0.081987 0.221435 0.148813 0.206236 -0.303080 -0.262561 0.187872 0.082998 -0.212432 -0.127037 0.044584 0.128234 0.145618 0.147376 0.057576 0.064896 0.154319 0.036691 -0.048123 -0.120002 0.188053 -0.211424 -0.030454 0.022204 -0.092227 0.039994 -0.056573 -0.160176 -0.356676 -0.338572 -0.153408 0.389336 0.087888 0.239058 0.153171 0.489709 -0.172463 -0.307867 -0.356575 -0.503654 -0.051587 -0.121996 0.200067 0.216572 0.249594 0.245875 0.353917 0.016397 0.238360 0.242502 0.296834 0.192890 -0.106034 0.099545 0.137320 0.413667 -0.086205 -0.006702 0.262594 0.122550 -0.308960 -0.348092 0.274785 -0.017977 -0.374922 -0.150964 -0.083239 -0.162102 0.118770 0.093044 0.146859 -0.145635 -0.063982 -0.275721 -0.283340 -0.492222 -0.383030 -0.093788 -0.161520 -0.229235 -0.400019 -0.203536 0.054714 -0.001719 -0.290310 -0.186171
0.365878 -0.007269 0.332360 0.205913 0.316278 0.259113 0.289177 -0.083792 0.197585 -0.064914 0.518941 0.381198 1.000000 0.498392 0.310639 -0.117839 -0.004259 -0.021056 -0.001120 -0.068587 -0.192934 -0.141589 0.312922 0.033117 -0.217465 -0.249487 -0.072864 0.114167 0.002283 -0.174618 -0.199328 -0.205854 -0.164787 -0.250750 -0.366096 -0.152245 -0.009216 -0.058842 -0.209758 -0.218412 -0.048294 0.037669 0.005467 -0.030336 0.005392 -0.071838 0.048120 0.029287 0.323458 0.052974 0.387560 0.071574 0.313622 0.094732 -0.075814 -0.015808 -0.287507 -0.304627 0.180642 -0.139057 0.385771 0.001261 0.067978 -0.034558 0.073303 0.069032 -0.046287 -0.059315 -0.206990 -0.080197 0.017222 0.066579 0.023830 -0.040971 0.074281 0.013792 0.073520 -0.131788 0.117181 0.102934 0.027294 -0.083067 -0.309087 -0.360072 -0.093728 -0.043255 -0.274556 -0.124182 0.001318 0.189996 -0.097156 -0.011921 -0.148948 0.285404 -0.155777 -0.123627 -0.067858 -0.171216 0.148223 -0.048853 -0.241245 -0.067745 -0.241075 -0.187581 -0.125200 -0.280529 -0.270597 -0.019114 0.133703 -0.365605 -0.305633 -0.375990 0.087202 -0.121781 -0.127959 -0.077742
0.093181 0.186151 0.170254 0.302628 0.134454 0.281225 0.072341 0.052071 0.167377 0.106355 0.244997 0.663689 0.498392 1.000000 0.222599 0.303622 0.177198 0.110756 -0.125598 -0.224103 -0.241002 -0.048242 0.249317 0.125060 0.009041 -0.096947 -0.107915 0.074699 -0.106136 -0.053688 -0.254626 -0.162043 -0.120009 -0.215270 -0.250118 -0.163724 0.015261 0.061734 -0.231994 -0.176042 -0.150483 0.099924 -0.019017 -0.043836 -0.181167 -0.103755 -0.083530 -0.131398 0.151655 -0.245836 0.242935 -0.082197 0.021976 -0.034073 -0.142139 -0.112804 -0.110960 -0.239317 -0.098894 -0.232636 0.058122 0.258594 -0.060827 0.095435 0.164282 0.369200 -0.078489 -0.111560 -0.216658 -0.266399 0.063775 -0.004218 -0.114860 0.013884 0.093903 0.056291 0.093659 0.057890 -0.067141 0.095569 0.042052 -0.008891 -0.187150 -0.135345 -0.015174 0.268590 -0.337523 -0.171956 0.160055 0.138826 -0.102289 -0.115125 0.324859 0.146579 -0.142240 -0.216613 -0.128235 -0.114763 -0.066805 -0.002209 0.064529 -0.124209 -0.212584 -0.186474 0.074650 -0.249134 -0.205262 0.048155 0.018361 -0.357746 -0.311202 -0.291639 -0.019889 0.098975 -0.151188 -0.207141
0.329535 -0.030531 0.479653 0.150123 0.399755 0.143520 0.508343 0.247810 0.564534 -0.142756 0.067508 -0.007030 0.310639 0.222599 1.000000 0.377786 -0.116497 -0.292649 0.194922 0.199377 -0.218938 -0.196674 0.320942 0.326588 0.013461 -0.163130 0.076381 -0.049185 0.032049 -0.286301 -0.003993 -0.121901 -0.168073 -0.174210 -0.393842 -0.250564 -0.422330 -0.361207 -0.433388 -0.293318 -0.258924 -0.265904 -0.236144 -0.347751 -0.299813 -0.417365 -0.310103 -0.251339 0.217116 -0.166711 0.141832 0.082043 0.397699 0.073839 -0.434578 -0.370190 -0.181972 0.035593 0.256537 0.298789 0.404274 -0.042865 0.045429 -0.107244 0.195837 -0.277384 0.189669 0.114479 0.179974 0.331954 0.031052 0.027764 -0.196447 -0.348696 -0.262146 -0.199085 -0.244128 -0.111226 -0.223529 -0.154199 -0.087849 -0.209628 0.039704 -0.092751 -0.196016 -0.195556 -0.627624 -0.520587 -0.337142 0.173383 0.177318 0.256551 0.016214 0.177129 -0.035250 -0.078690 -0.333508 -0.247879 -0.272278 -0.413300 -0.101522 0.039817 0.046097 0.246262 0.032085 0.067359 -0.132792 0.113280 0.012182 -0.242110 -0.183434 -0.207499 -0.214522 -0.106673 0.092683 0.028592
0.035627 -0.104247 -0.052921 0.303755 -0.160623 -0.083376 -0.010990 0.346559 0.171652 0.317244 -0.010851 0.292207 -0.117839 0.303622 0.377786 1.000000 0.187107 0.010395 0.095754 0.032299 -0.187852 -0.115766 -0.007077 0.319465 -0.020808 -0.037310 -0.204600 -0.262018 0.058195 0.127370 -0.146684 0.078317 0.106603 0.204841 -0.333620 -0.063427 -0.193837 -0.210032 -0.185301 0.081829 -0.132981 -0.191983 -0.244766 -0.326944 -0.355347 -0.181600 -0.411944 -0.377738 -0.143805 -0.399215 -0.295756 -0.147245 -0.089249 -0.111312 -0.378793 -0.264747 -0.052003 -0.075268 -0.156308 -0.003938 0.064971 0.365390 0.009727 0.267685 0.371175 0.367729 0.035563 0.054392 -0.011485 0.012748 0.055416 -0.144233 -0.164960 -0.101747 -0.232709 -0.075409 -0.110669 0.051223 -0.023045 -0.016724 0.022211 0.056403 0.299824 0.458784 -0.001592 0.025370 -0.179037 -0.237885 0.148096 0.109286 -0.037954 -0.112615 0.479289 -0.085749 -0.117114 -0.114489 -0.348285 -0.063236 -0.431296 -0.256793 0.305430 -0.132391 -0.000055 0.055823 -0.031446 0.048876 0.145731 0.325079 -0.011095 -0.114151 -0.198333 -0.093290 -0.048873 0.011493 0.090170 -0.093472
-0.131315 0.245331 -0.260435 -0.118499 -0.233922 -0.343538 -0.244142 -0.263227 -0.231282 0.019931 0.016594 0.395380 -0.004259 0.177198 -0.116497 0.187107 1.000000 0.522477 0.089277 -0.051236 0.049165 0.179405 -0.124453 -0.285011 0.060279 0.087105 -0.087992 0.001079 0.320273 0.509868 0.169732 0.189068 0.484009 0.433347 -0.103184 0.122018 0.296406 0.045154 0.097551 0.117181 0.234463 0.261960 -0.096221 -0.181505 -0.280518 -0.221155 -0.084288 -0.202642 -0.331005 -0.289271 0.006780 -0.339935 -0.319186 -0.190293 0.129391 -0.040667 0.471613 0.345335 -0.470484 -0.301967 -0.290040 0.103692 0.087830 0.371547 -0.093211 0.179627 -0.190382 -0.322615 -0.198185 -0.402051 0.076822 0.040537 0.427368 0.349867 0.246918 0.311349 0.437906 0.272453 0.411483 0.300704 0.340420 0.631930 -0.032622 0.196513 0.271089 0.176825 0.091725 0.222545 0.465358 -0.175339 -0.321333 -0.397674 0.031798 -0.257464 -0.276230 0.065302 0.104747 -0.132507 -0.112107 -0.004155 -0.090666 -0.229305 -0.019307 -0.115816 -0.352540 -0.170698 -0.026471 -0.181145 0.033223 0.007499 -0.045677 -0.056810 -0.116890 0.138458 -0.029522 -0.168731
-0.068935 0.358713 -0.443208 -0.320933 -0.477728 -0.400112 -0.480918 -0.488175 -0.601645 -0.041122 0.121102 0.213143 -0.021056 0.110756 -0.292649 0.010395 0.522477 1.000000 0.001519 -0.208417 0.034313 0.209951 -0.232994 -0.438469 -0.039134 0.099071 -0.308949 -0.074706 0.384777 0.526851 0.190330 0.207579 0.312294 0.285112 -0.008005 -0.102359 0.393113 0.220859 0.259038 0.285646 0.390948 0.255389 -0.185532 -0.136048 -0.059324 -0.018611 0.100576 -0.139077 -0.365473 -0.096911 -0.221228 -0.347846 -0.241366 -0.198954 0.120918 0.110977 0.348561 0.105430 -0.294568 -0.249720 -0.103870 0.425515 0.383786 0.688084 -0.145112 0.095463 -0.359683 -0.498123 -0.445895 -0.511969 0.046616 -0.047917 0.476009 0.467872 0.422794 0.289432 0.481948 0.412680 0.360119 0.310457 0.483290 0.698864 0.220470 0.323292 0.468071 0.182717 0.441638 0.301259 0.253330 -0.065059 -0.285866 -0.424817 -0.022364 -0.281841 -0.193211 0.196466 0.150727 0.006509 0.068959 0.289242 -0.043240 -0.156404 -0.021177 -0.118115 -0.208083 -0.141987 0.093294 -0.019017 0.127001 0.145435 -0.176076 0.152220 -0.003567 0.233373 -0.173356 0.001026
0.283985 0.204575 0.078186 0.073643 -0.176250 -0.185136 0.064395 -0.129408 -0.039277 -0.141355 -0.025637 0.118429 -0.001120 -0.125598 0.194922 0.095754 0.089277 0.001519 1.000000 0.284417 -0.125890 -0.061346 -0.091182 -0.197271 -0.482182 -0.379867 -0.225751 -0.208351 0.337441 0.090806 -0.029203 0.095874 0.333705 0.386016 -0.308863 -0.305548 -0.100541 -0.193252 -0.303280 -0.236859 0.147227 0.013930 -0.136727 -0.067528 -0.184961 -0.268190 -0.201053 -0.287638 0.017682 -0.175613 0.212126 -0.263813 0.167479 -0.220137 0.005759 -0.061641 0.095990 0.238944 0.024542 0.199032 0.263509 0.159621 0.356227 0.116927 0.309892 0.034023 0.289037 -0.095466 0.120681 0.086908 0.029854 -0.048898 0.189539 0.032974 0.128416 0.205006 0.186311 0.032628 0.166429 0.002066 0.194172 0.081691 0.153701 0.142809 0.115056 0.167208 0.013072 0.057469 -0.060031 0.264487 -0.131838 -0.003361 0.031969 -0.015146 -0.365352 -0.003038 -0.187651 -0.222149 -0.068062 0.025003 0.165365 0.214676 0.416725 0.207909 -0.163653 -0.061806 0.070144 0.011264 -0.405951 0.091551 -0.169814 0.009677 0.062598 0.015371 0.090462 0.117148
0.571080 0.020341 0.182786 -0.047270 0.212635 -0.105788 0.411174 0.280426 0.191299 0.008293 -0.066264 -0.301892 -0.068587 -0.224103 0.199377 0.032299 -0.051236 -0.208417 0.284417 1.000000 -0.303524 0.017611 -0.159555 0.276896 0.079728 -0.095558 -0.017700 -0.133251 -0.059386 -0.341531 -0.277727 -0.148861 0.061966 0.094246 -0.076378 0.176523 -0.522363 -0.439643 -0.280944 -0.075092 -0.229623 -0.125302 -0.419366 -0.444665 -0.166843 -0.234586 -0.494409 -0.310479 -0.051698 -0.219804 -0.093994 -0.220780 -0.066117 -0.484551 -0.402187 -0.511919 -0.094966 0.010307 0.370899 0.422783 0.116432 -0.162926 -0.112245 -0.270984 0.116083 -0.144495 0.376437 0.486667 0.350929 0.637677 0.134564 0.094738 -0.238520 -0.288297 -0.350727 -0.151577 -0.417059 -0.126710 0.031252 -0.401327 -0.077583 -0.169453 0.042726 0.014819 -0.308407 -0.460926 -0.242332 -0.295884 -0.206318 -0.124093 0.421471 0.326515 0.083638 0.041119 0.276122 -0.211144 -0.350365 -0.079280 -0.532485 -0.518173 -0.071365 0.236422 0.320282 0.457395 -0.024732 0.364295 0.345484 0.050920 0.186798 -0.177661 0.218669 0.041921 -0.184111 -0.058677 0.035969 -0.037625
-0.453696 -0.041572 -0.375764 -0.284850 -0.293364 -0.096927 -0.475852 -0.370720 -0.262289 -0.261457 -0.107886 -0.108386 -0.192934 -0.241002 -0.218938 -0.187852 0.049165 0.034313 -0.125890 -0.303524 1.000000 0.498810 0.174416 -0.011300 0.201409 0.569814 0.197278 0.385745 0.009319 0.128059 0.643880 0.506307 0.146147 0.182255 0.301243 0.083596 0.419694 0.499831 0.419493 0.307914 0.384283 0.263475 0.195064 0.250824 0.196548 0.184427 0.400431 0.258785 -0.257939 0.142418 -0.049630 0.011556 -0.132375 0.120890 0.336057 0.362557 0.284162 0.202967 -0.459116 -0.437041 -0.395959 -0.143654 -0.034290 -0.022548 -0.223406 -0.020700 -0.351097 -0.442691 -0.141147 -0.406904 0.153517 0.254440 0.186350 0.358194 0.240398 0.298655 0.316095 0.293847 0.012859 0.167403 0.047446 0.138419 0.057963 -0.102113 0.345904 0.270335 0.370913 0.519982 0.214786 -0.057827 -0.189943 -0.213038 -0.275845 -0.200895 -0.103906 0.072181 0.294892 0.180303 0.447137 0.284709 -0.210124 -0.181168 -0.139092 -0.228601 -0.197453 -0.163388 -0.159939 0.007154 -0.279467 0.345786 0.177374 0.061285 0.093802 -0.053212 -0.021524 0.207353
-0.083005 0.050575 -0.275740 -0.534206 -0.183706 -0.277268 -0.356035 -0.388402 -0.234429 -0.227283 0.026258 -0.079542 -0.141589 -0.048242 -0.196674 -0.115766 0.179405 0.209951 -0.061346 0.017611 0.498810 1.000000 -0.060062 -0.189910 0.415845 0.513302 0.108256 0.383572 0.148648 0.088085 0.317788 0.292995 0.310881 0.138907 0.108310 0.088842 0.327551 0.409491 0.435565 0.489780 0.386849 0.298003 0.077402 0.089595 0.074048 0.058405 0.219344 0.218351 -0.386612 0.022568 -0.081825 -0.251800 -0.199012 -0.163761 0.334789 0.326696 0.347313 0.341178 -0.461285 -0.306641 -0.380878 -0.124773 0.079731 0.005477 -0.182734 -0.130813 -0.289355 -0.395606 -0.058684 -0.213566 0.148241 0.192609 0.219999 0.207967 0.210582 0.032739 0.030396 0.101685 0.310740 0.157870 0.383073 0.421247 0.174018 -0.081627 0.450804 0.210541 0.379315 0.424536 0.196485 -0.006028 -0.262920 -0.310789 -0.282352 -0.330798 0.155873 0.000314 0.415451 0.257598 0.151221 0.075090 -0.187148 -0.263825 -0.140401 -0.273514 -0.394175 -0.206407 0.134040 -0.064056 -0.100454 0.085370 0.122219 -0.099839 -0.081069 -0.078145 -0.167747 0.042556
-0.047471 -0.076089 0.073992 0.330496 0.133446 0.313355 -0.035521 -0.098345 0.141050 0.052340 0.286323 0.120214 0.312922 0.249317 0.320942 -0.007077 -0.124453 -0.232994 -0.091182 -0.159555 0.174416 -0.060062 1.000000 0.508858 0.103536 0.163305 0.227536 0.348692 -0.440223 -0.394029 -0.005979 -0.033674 -0.415009 -0.290170 -0.002112 0.102336 -0.175067 -0.092788 -0.091359 -0.211625 -0.219367 -0.287123 0.082782 0.049431 0.068687 -0.019861 0.080274 0.165058 0.246999 0.088600 0.232990 0.310526 0.190886 0.382374 -0.024970 0.017859 -0.084950 -0.077835 -0.193365 -0.305232 -0.022037 -0.020236 -0.301098 -0.134828 0.133402 0.149909 -0.310842 -0.106959 -0.023788 -0.181212 0.102475 0.073589 -0.360772 -0.296072 -0.170258 -0.126731 0.014817 -0.029361 -0.310717 -0.103806 -0.182780 -0.242065 -0.008009 -0.283799 0.117676 -0.074574 -0.051475 0.085825 0.403365 0.094029 -0.007886 0.166386 0.018237 0.103324 -0.170521 -0.256145 -0.172268 -0.144565 0.133160 -0.022875 -0.109627 -0.167662 -0.375027 -0.147760 -0.005965 -0.046464 -0.218366 -0.013448 -0.362981 -0.131591 -0.041939 0.027509 0.248821 0.067670 -0.075415 -0.133675
0.096460 -0.254498 0.191633 0.487872 0.264041 0.312063 0.282167 0.510723 0.338899 0.313132 -0.047840 -0.001610 0.033117 0.125060 0.326588 0.319465 -0.285011 -0.438469 -0.197271 0.276896 -0.011300 -0.189910 0.508858 1.000000 0.163356 0.199261 0.180779 0.069813 -0.428251 -0.508799 -0.109470 0.097191 -0.465494 -0.158628 -0.103963 0.179693 -0.441047 -0.255470 -0.124118 0.003487 -0.478248 -0.313629 -0.158479 -0.224386 -0.109756 -0.015228 -0.257145 0.011501 0.012139 -0.145467 -0.190136 0.077849 -0.045872 -0.031345 -0.480396 -0.357596 -0.377172 -0.344683 0.050352 -0.096006 0.027500 -0.009922 -0.360004 -0.234092 0.276022 0.222685 -0.111618 0.338186 0.034021 0.220776 0.228018 0.017837 -0.586242 -0.420778 -0.402624 -0.202303 -0.425363 -0.095120 -0.320593 -0.380952 -0.342508 -0.506139 0.110654 0.014233 -0.252972 -0.237486 -0.269629 -0.235200 0.012182 0.082242 0.433445 0.321459 0.299790 0.085254 0.177547 -0.389638 -0.425577 -0.115317 -0.311773 -0.488814 0.086944 -0.017226 -0.239837 0.090543 0.044561 0.227558 -0.007208 0.104965 0.022951 -0.140111 0.114122 -0.028259 0.072080 -0.113048 0.004568 -0.292962
-0.230289 -0.150639 0.085855 -0.280496 0.243293 0.120247 0.009218 0.035235 0.168091 -0.078464 -0.039486 -0.249954 -0.217465 0.009041 0.013461 -0.020808 0.060279 -0.039134 -0.482182 0.079728 0.201409 0.415845 0.103536 0.163356 1.000000 0.644878 0.561348 0.412353 -0.283893 -0.155390 0.174651 0.049435 -0.033088 -0.170886 0.306642 0.507959 -0.068237 0.017939 0.297864 0.215636 -0.179867 0.002207 0.167932 0.102041 0.113624 0.158144 0.052419 0.250122 -0.068924 -0.008486 0.030425 0.102580 -0.229007 0.029682 0.075632 -0.126824 0.192694 0.084102 -0.156291 -0.124630 -0.454767 -0.378668 -0.330747 -0.323933 -0.384738 -0.268714 -0.109926 0.205559 0.140219 0.022844 0.221696 0.199236 -0.272844 -0.245057 -0.295363 -0.343919 -0.298595 0.013435 -0.021171 -0.204873 -0.059648 0.086914 -0.094089 0.009137 -0.067056 -0.136332 -0.015340 -0.004915 -0.003537 -0.385900 0.078106 -0.103950 -0.243523 -0.398058 0.334057 -0.197955 0.175724 0.059720 -0.149313 -0.315588 -0.416017 -0.324114 -0.418503 -0.187835 -0.110316 0.134334 0.031800 -0.049175 0.065312 -0.181893 0.451672 -0.100815 -0.230570 -0.085787 0.016840 -0.315581
-0.306132 -0.075768 -0.297186 -0.264157 -0.167541 -0.156442 -0.427540 -0.257376 -0.158652 -0.169416 0.007630 -0.227839 -0.249487 -0.096947 -0.163130 -0.037310 0.087105 0.099071 -0.379867 -0.095558 0.569814 0.513302 0.163305 0.199261 0.644878 1.000000 0.443307 0.629605 -0.200888 -0.066945 0.377727 0.235499 0.007842 0.051140 0.343651 0.443754 0.240454 0.351802 0.570125 0.486371 0.166935 0.184849 0.151272 0.143338 0.025857 0.107179 0.194086 0.274961 -0.301132 -0.096091 -0.174807 -0.152970 -0.371413 -0.080134 0.234948 0.122073 0.376493 0.176607 -0.329473 -0.378065 -0.463918 -0.150802 -0.126184 -0.030831 -0.402177 -0.007876 -0.383058 -0.185046 -0.001276 -0.213219 0.216568 0.130343 -0.101364 0.090578 -0.017381 0.015844 0.037584 0.179635 0.032376 0.102627 0.101254 0.249812 0.124899 0.002292 0.289751 0.087072 0.302220 0.428373 0.234631 -0.135440 -0.134271 -0.320392 -0.333990 -0.535146 0.133652 -0.050489 0.315814 0.140998 0.055898 -0.025378 -0.445718 -0.487785 -0.453754 -0.348199 -0.242701 0.000858 0.076428 0.023531 -0.076347 0.132270 0.429471 0.076352 -0.103536 -0.019171 0.073948 -0.131341
-0.157905 -0.133242 0.246574 -0.085671 0.376691 0.335025 0.041152 -0.084714 0.320439 -0.089945 -0.002351 -0.340968 -0.072864 -0.107915 0.076381 -0.204600 -0.087992 -0.308949 -0.225751 -0.017700 0.197278 0.108256 0.227536 0.180779 0.561348 0.443307 1.000000 0.671607 -0.428370 -0.367540 0.046765 -0.088685 -0.268559 -0.334858 0.323944 0.312581 -0.034776 0.027420 0.324917 -0.008038 -0.231004 0.004380 0.223801 0.160391 -0.089139 -0.171331 0.083610 0.196632 0.135272 -0.012594 0.303948 0.208140 -0.095025 0.086607 0.215779 -0.018102 0.140212 0.191239 -0.020067 -0.107881 -0.276020 -0.507750 -0.334315 -0.396233 -0.289024 -0.327321 0.036260 0.154399 0.175799 0.106293 0.092877 0.071874 -0.294657 -0.261509 -0.236163 -0.298963 -0.217542 -0.162428 -0.253550 -0.096528 -0.282650 -0.140957 -0.329770 -0.128002 -0.125413 0.021739 -0.104946 0.133665 0.013652 -0.145325 0.080941 0.143700 -0.298652 -0.194709 0.131563 -0.077093 0.272006 -0.028725 0.046907 -0.112578 -0.299054 -0.206790 -0.336998 -0.006206 0.108054 0.152472 -0.087795 -0.162535 0.022385 -0.114395 0.483189 -0.236361 -0.037326 -0.018036 0.229415 -0.363475
-0.092046 -0.086918 -0.040485 -0.223799 0.051032 0.145599 -0.254988 -0.447282 -0.045344 -0.250692 0.212710 -0.187678 0.114167 0.074699 -0.049185 -0.262018 0.001079 -0.074706 -0.208351 -0.133251 0.385745 0.383572 0.348692 0.069813 0.412353 0.629605 0.671607 1.000000 -0.255863 -0.334580 0.113806 -0.099434 -0.149021 -0.298706 0.258482 0.333004 0.219538 0.348254 0.510714 0.256053 0.196024 0.140078 0.182249 0.207570 -0.075534 -0.102428 0.215534 0.267172 -0.042019 -0.007162 0.208938 -0.016463 -0.208765 0.036268 0.433699 0.250522 0.325547 0.260815 -0.253380 -0.383273 -0.275987 -0.293158 -0.146741 -0.186713 -0.343886 -0.078477 -0.309377 -0.240628 0.031017 -0.142166 0.160367 0.076240 -0.080193 -0.005886 0.086954 -0.096381 0.053430 0.028484 0.003866 0.137623 0.032077 0.151717 -0.080253 -0.239906 0.306359 0.199485 0.179414 0.518179 0.257772 0.031680 -0.171535 -0.190562 -0.432914 -0.293981 0.094137 -0.058081 0.422246 0.035246 0.206330 0.071294 -0.449799 -0.284248 -0.477460 -0.299000 -0.121850 -0.048366 -0.096798 -0.244226 -0.073597 0.047565 0.349595 -0.214583 0.089337 0.070411 0.069638 -0.159039
0.031027 0.088464 -0.121885 -0.295527 -0.344323 -0.497988 -0.079638 -0.332941 -0.296195 -0.334010 -0.126460 0.182370 0.002283 -0.106136 0.032049 0.058195 0.320273 0.384777 0.337441 -0.059386 0.009319 0.148648 -0.440223 -0.428251 -0.283893 -0.200888 -0.428370 -0.255863 1.000000 0.642299 0.328827 0.353663 0.627747 0.455009 -0.297928 -0.292921 0.401485 0.204497 0.042680 0.219010 0.539329 0.376349 -0.117564 -0.113115 -0.183735 -0.236815 0.068883 -0.120121 -0.403397 -0.089320 -0.173145 -0.473434 -0.102928 -0.186565 0.133352 0.219494 0.046269 0.089782 -0.086163 0.040592 0.086094 0.064344 0.587943 0.265027 -0.004442 -0.196579 0.052249 -0.400307 -0.114679 -0.231615 0.143223 0.212500 0.814529 0.509725 0.542662 0.426074 0.423728 0.251645 0.529047 0.434293 0.638856 0.530396 0.450382 0.372671 0.318387 0.253866 0.182463 0.149599 -0.202623 0.277728 -0.291973 -0.350577 -0.176548 -0.182925 -0.262992 0.135503 0.093561 -0.013440 0.027065 0.164175 -0.025698 0.119748 0.219965 -0.095548 -0.340061 -0.333123 -0.014762 0.052636 0.007332 0.125149 -0.220022 -0.128466 -0.195195 -0.034682 -0.049668 0.111671
-0.330241 0.156288 -0.361280 -0.161974 -0.439353 -0.490455 -0.288090 -0.267600 -0.395564 -0.135173 -0.163916 0.367660 -0.174618 -0.053688 -0.286301 0.127370 0.509868 0.526851 0.090806 -0.341531 0.128059 0.088085 -0.394029 -0.508799 -0.155390 -0.066945 -0.367540 -0.334580 0.642299 1.000000 0.429655 0.455845 0.611343 0.581761 -0.018986 -0.093489 0.593340 0.326694 0.158167 0.202911 0.522820 0.385990 0.075821 0.088520 -0.000523 0.021770 0.230631 -0.063597 -0.385143 -0.066247 -0.227050 -0.303084 -0.263877 -0.064581 0.197776 0.221116 0.155276 -0.005207 -0.370401 -0.226239 -0.236704 0.211655 0.266172 0.377579 -0.141239 0.056969 -0.148473 -0.484097 -0.400454 -0.537447 0.017433 0.133263 0.726170 0.635693 0.476835 0.479685 0.580691 0.364571 0.422654 0.384779 0.467637 0.593184 0.171727 0.440162 0.299119 0.343801 0.324550 0.220135 0.146577 -0.022993 -0.479447 -0.546096 -0.024257 -0.303435 -0.324743 0.278629 0.171075 0.023171 0.076980 0.283301 -0.008766 -0.113744 0.105352 -0.217445 -0.298702 -0.277782 -0.113761 0.034659 -0.021622 0.206321 -0.257298 0.073317 -0.044043 0.152981 -0.011029 0.109680
-0.451160 -0.000605 -0.214451 -0.359032 -0.215818 -0.364467 -0.159673 -0.211790 -0.158514 -0.562654 -0.360569 -0.081987 -0.199328 -0.254626 -0.003993 -0.146684 0.169732 0.190330 -0.029203 -0.277727 0.643880 0.317788 -0.005979 -0.109470 0.174651 0.377727 0.046765 0.113806 0.328827 0.429655 1.000000 0.690210 0.421332 0.445346 0.066755 0.043212 0.439271 0.433605 0.364421 0.248578 0.433691 0.269281 0.123968 0.127649 0.118926 0.018915 0.341430 0.128119 -0.302703 0.061493 -0.171920 -0.085659 -0.070372 0.079757 0.222262 0.195373 0.166484 0.102746 -0.387753 -0.289402 -0.216042 -0.047238 0.083789 0.163471 -0.194635 -0.236744 -0.360752 -0.456366 -0.236095 -0.394965 0.188473 0.323809 0.423089 0.419121 0.344989 0.372200 0.347360 0.372064 0.049951 0.076231 0.160502 0.210009 0.078714 0.103149 0.217204 0.235489 0.157167 0.255333 -0.070063 -0.002469 -0.210532 -0.288131 -0.293587 -0.238663 -0.213173 0.271901 0.229554 -0.019445 0.222033 0.132625 -0.214664 -0.067280 -0.020029 -0.194696 -0.256457 -0.264341 -0.207839 0.001439 -0.156209 0.383670 0.024833 -0.012006 -0.035380 -0.077173 -0.005308 0.137646
-0.511287 0.048428 -0.298980 -0.015778 -0.171791 -0.265058 -0.215978 -0.085261 -0.149069 -0.291094 -0.335509 0.221435 -0.205854 -0.162043 -0.121901 0.078317 0.189068 0.207579 0.095874 -0.148861 0.506307 0.292995 -0.033674 0.097191 0.049435 0.235499 -0.088685 -0.099434 0.353663 0.455845 0.690210 1.000000 0.401909 0.520738 -0.041541 -0.114837 0.382872 0.308250 0.308824 0.300380 0.276528 0.174717 0.090986 0.072619 0.162602 0.103124 0.332248 0.171284 -0.416742 0.098968 -0.274446 -0.180808 -0.113053 0.070861 0.088324 0.119626 -0.013446 -0.058189 -0.465428 -0.376482 -0.325532 0.056886 0.064936 0.229123 -0.014498 0.008981 -0.411664 -0.428186 -0.357871 -0.460225 0.207909 0.182357 0.387020 0.322341 0.278170 0.370708 0.236890 0.320596 0.281008 0.104340 0.267926 0.226575 0.243332 0.369828 0.226030 0.225121 0.172610 0.144668 0.045950 0.086512 -0.118413 -0.290854 0.035485 -0.289009 -0.281275 0.070553 0.116689 -0.057860 0.207316 0.108077 0.048376 -0.109272 -0.014049 -0.267350 -0.403186 -0.286871 -0.116242 0.096557 -0.132894 0.193999 -0.047847 0.034984 0.049719 -0.037166 -0.097191 -0.033411
-0.150740 0.117572 -0.252684 -0.312580 -0.428618 -0.551324 -0.131388 -0.217359 -0.307785 -0.382174 -0.192807 0.148813 -0.164787 -0.120009 -0.168073 0.106603 0.484009 0.312294 0.333705 0.061966 0.146147 0.310881 -0.415009 -0.465494 -0.033088 0.007842 -0.268559 -0.149021 0.627747 0.611343 0.421332 0.401909 1.000000 0.660422 -0.180788 0.010714 0.373009 0.139955 0.097699 0.202681 0.542214 0.378581 0.009522 0.004615 -0.129003 -0.158592 0.030932 -0.124800 -0.314995 -0.070561 -0.106755 -0.355696 -0.238948 -0.216968 0.192175 0.115201 0.380310 0.298424 -0.273044 -0.018621 -0.164578 0.021296 0.272247 0.225291 -0.006606 -0.117031 -0.014442 -0.256300 0.052383 -0.238820 0.088221 0.236858 0.589415 0.445911 0.367397 0.304186 0.305918 0.152023 0.476620 0.193730 0.446842 0.507578 0.175014 0.284291 0.259073 0.210895 0.213700 0.196885 0.076019 0.012510 -0.287996 -0.422274 -0.205679 -0.282605 -0.260786 0.137500 0.101661 -0.039452 -0.051112 0.153574 0.011270 0.122038 0.203860 -0.123399 -0.378938 -0.378952 0.036357 0.093152 -0.131675 0.189511 -0.085134 -0.129778 -0.111597 -0.038505 -0.069523 0.073637
-0.170740 0.204362 -0.251575 -0.055980 -0.390092 -0.557984 -0.094640 -0.030659 -0.232030 -0.203268 -0.296256 0.206236 -0.250750 -0.215270 -0.174210 0.204841 0.433347 0.285112 0.386016 0.094246 0.182255 0.138907 -0.290170 -0.158628 -0.170886 0.051140 -0.334858 -0.298706 0.455009 0.581761 0.445346 0.520738 0.660422 1.000000 -0.070334 0.106466 0.346484 0.068661 0.019624 0.145015 0.404558 0.398712 -0.024529 0.014765 -0.029737 -0.033912 -0.101112 -0.121407 -0.356348 -0.273244 -0.306746 -0.472964 -0.337353 -0.329719 -0.062654 -0.123565 0.171928 0.109382 -0.274895 -0.059847 -0.047784 0.221467 0.173208 0.337166 0.243053 0.134314 -0.070443 -0.221473 -0.073572 -0.202102 0.107464 0.147494 0.443229 0.481746 0.383257 0.427612 0.383694 0.247750 0.295279 0.123168 0.295653 0.309198 0.180226 0.447130 0.162150 0.174760 0.225176 0.177747 0.085488 -0.047615 -0.353408 -0.493017 -0.056727 -0.326029 -0.283244 -0.012524 -0.108868 -0.179052 -0.176191 -0.020540 0.118048 0.010824 0.260914 -0.140613 -0.319513 -0.313773 -0.011872 0.105899 -0.242792 0.236234 0.038590 0.074283 -0.151414 -0.193602 -0.049807 -0.029808
-0.301399 -0.111676 -0.255479 -0.289681 -0.022213 -0.006653 -0.257080 -0.205705 -0.183862 -0.028085 -0.041006 -0.303080 -0.366096 -0.250118 -0.393842 -0.333620 -0.103184 -0.008005 -0.308863 -0.076378 0.301243 0.108310 -0.002112 -0.103963 0.306642 0.343651 0.323944 0.258482 -0.297928 -0.018986 0.066755 -0.041541 -0.180788 -0.070334 1.000000 0.475377 0.189428 0.121661 0.200935 0.011503 0.017311 0.113136 0.197118 0.289208 0.283903 0.385486 0.193498 0.183570 -0.043208 0.102581 0.042404 0.226566 -0.365804 -0.052886 0.156034 0.069290 0.154873 0.010810 -0.038881 -0.099243 -0.282014 -0.252404 -0.339803 -0.253610 -0.201630 0.078874 -0.020294 0.055194 -0.134624 -0.123870 0.015015 0.080622 -0.037429 0.051331 -0.052045 0.064386 0.105329 0.165799 -0.131778 -0.053783 -0.166719 -0.035930 -0.067618 -0.113096 0.098132 -0.057870 0.319410 0.277671 0.126673 -0.492167 -0.134748 -0.092102 -0.147567 -0.049386 0.172987 -0.051048 0.251483 0.053739 0.149826 0.142876 -0.228434 -0.149088 0.013052 -0.107833 0.255273 0.191524 -0.030957 -0.102016 -0.051711 0.148885 0.362228 0.246805 -0.010853 0.236843 0.167928 0.014530
-0.076367 -0.265465 -0.146007 -0.220896 -0.006712 -0.086622 0.019987 0.045670 -0.094667 -0.013549 0.056388 -0.262561 -0.152245 -0.163724 -0.250564 -0.063427 0.122018 -0.102359 -0.305548 0.176523 0.083596 0.088842 0.102336 0.179693 0.507959 0.443754 0.312581 0.333004 -0.292921 -0.093489 0.043212 -0.114837 0.010714 0.106466 0.475377 1.000000 -0.016706 -0.034021 0.185967 0.149560 0.018669 0.050685 0.128355 0.130589 0.098610 0.285241 -0.130077 0.127515 -0.002311 -0.081781 -0.031470 0.108526 -0.400081 -0.110405 0.063582 -0.176710 0.139303 -0.044736 -0.123011 -0.212813 -0.170112 -0.259479 -0.430946 -0.206629 -0.176696 0.147502 -0.196044 0.304826 0.129691 -0.006828 0.361127 0.229055 -0.183294 -0.105128 -0.220816 -0.017222 -0.062589 0.089863 -0.039953 -0.213380 -0.239438 -0.061881 -0.010307 0.070312 -0.116121 -0.325118 0.230783 0.220344 0.222822 -0.475498 -0.059925 -0.208908 -0.205621 -0.262322 0.192361 -0.142595 -0.037308 -0.157021 -0.287199 -0.295250 -0.272744 -0.131205 -0.324693 -0.187411 -0.015308 0.214886 0.017136 -0.022365 0.052656 -0.110270 0.445732 0.042131 0.031378 0.088109 0.117473 -0.293723
