1.000000 0.397734 -0.288917 -0.099484 0.113867 0.041375 -0.077268 -0.106450 -0.047479 -0.170152 0.372189 0.035866 0.334923 0.037649 0.174086 0.273062 0.440605 0.389738 0.236498 0.217079 0.100538 0.118290 -0.240091 -0.372655 -0.209300 -0.305142 0.023141 -0.038520 0.121703 0.234166 -0.069350 -0.264321 0.171301 0.097837 -0.157655 -0.199414 0.206883 0.169029 0.041260 0.105741 0.180749 0.223223 -0.168022 -0.193679 -0.268236 -0.348017 -0.168045 -0.158064 -0.185251 -0.195665 -0.400888 -0.174458 -0.022042 -0.129922 0.215702 -0.040343 0.471860 0.363389 0.089960 -0.044095 0.089103 0.031420 0.014710 0.045451 -0.329999 -0.218854 -0.127593 -0.343293 0.317015 0.264247 0.071925 -0.075733 0.098526 0.239853 0.141614 0.170662 0.268252 0.237720 -0.322917 -0.006286 0.187463 0.020970 0.172815 0.185247 -0.209258 -0.174252 0.043074 0.049386 -0.209361 -0.025451 0.247795 0.176599 -0.055898 0.003195 -0.014181 -0.008965 0.059237 -0.051202 -0.076868 0.149540 0.139872 0.126551 0.216738 0.017634 0.170112 -0.104938 0.245360 -0.155858 0.011850 0.091348 0.119714 0.093286 0.057813 -0.071922 -0.167037 -0.059375
0.397734 1.000000 -0.357767 -0.101722 0.032513 0.182393 -0.232678 -0.089064 -0.017958 0.059420 0.228144 0.243786 0.044095 0.156717 -0.027832 0.047909 0.302352 0.383684 0.174899 0.262511 0.154838 0.192958 -0.317757 -0.361183 -0.325436 -0.133644 -0.167721 -0.105579 0.041391 0.370217 -0.086670 0.062167 0.206397 0.255291 -0.118825 -0.024747 0.008396 0.208719 -0.174365 -0.123407 0.054204 -0.007095 -0.097492 -0.214631 0.001368 -0.146564 0.018719 -0.217964 -0.094802 -0.031257 -0.258412 -0.084157 0.027820 -0.022965 -0.069729 -0.055424 0.399580 0.601518 -0.062456 0.054756 -0.007897 0.196547 0.189719 0.410635 -0.346307 -0.147445 -0.213286 -0.341662 0.453678 0.279550 -0.018396 0.066725 0.099615 0.303474 0.252560 0.123665 0.263670 0.335090 -0.099120 0.118474 0.259274 0.047993 0.195851 -0.079587 -0.227628 -0.166390 0.010260 -0.070192 -0.274881 -0.136024 0.082406 -0.181954 -0.078442 -0.207853 -0.190401 0.195250 -0.157154 0.043873 0.036021 0.195650 0.158523 -0.015178 0.056306 -0.023706 0.188202 0.024725 0.017438 0.077223 -0.121173 -0.169293 -0.198407 0.156319 0.051059 -0.097310 -0.169618 0.000099
-0.288917 -0.357767 1.000000 0.115490 0.157082 -0.096521 0.717053 0.221928 0.253347 0.105926 -0.227123 -0.125866 -0.021612 -0.205577 -0.033330 -0.327150 -0.382436 -0.311234 0.058587 0.114840 -0.175839 -0.218491 0.533350 0.367202 0.412871 0.176034 0.130737 0.100952 -0.133145 -0.267993 0.395074 0.164571 0.158532 0.178684 0.247001 0.245065 -0.053393 -0.354375 -0.153867 -0.098185 -0.087537 -0.057246 -0.217949 -0.116995 -0.136286 -0.017158 -0.277876 -0.183460 -0.091962 -0.107676 0.075510 -0.130045 -0.319108 -0.285511 -0.178137 -0.291591 -0.304104 -0.428320 -0.078996 -0.118186 0.048142 -0.147680 -0.111791 -0.255828 0.450522 -0.037862 0.136235 0.148088 -0.116777 -0.027850 0.173489 0.116009 -0.005043 -0.162344 -0.185533 -0.059589 -0.073435 -0.167313 -0.012979 -0.052663 -0.311715 -0.113333 -0.321793 -0.012451 -0.042442 -0.062309 -0.375373 -0.115773 0.220260 0.108012 -0.041360 0.196311 0.030858 0.406345 0.034605 -0.117818 -0.082564 -0.096691 -0.298233 -0.209519 -0.033396 0.264596 -0.052774 0.308350 -0.276148 0.138233 -0.438915 0.151346 0.143664 0.048350 0.000871 -0.105849 0.154816 -0.057791 0.270430 0.069153
-0.099484 -0.101722 0.115490 1.000000 0.011078 0.099224 -0.040248 0.120387 -0.308804 0.077335 0.188124 0.255723 -0.006625 0.088952 0.264612 -0.040795 -0.209014 -0.163637 -0.147723 0.155776 0.137670 0.084882 0.563198 0.614709 0.198739 0.188741 0.305633 0.208265 -0.113600 -0.265037 0.211770 0.279563 -0.409254 0.119595 0.219312 0.229886 -0.183966 -0.053187 -0.182074 -0.030765 -0.050373 -0.276455 -0.071868 -0.114591 0.082603 0.094212 -0.264042 -0.170288 -0.157401 -0.172675 0.106321 -0.123444 -0.237496 -0.018283 -0.107384 -0.158293 -0.389990 -0.328414 -0.465249 -0.390648 -0.394171 -0.267034 -0.065663 -0.148146 0.267375 0.227318 -0.263124 0.346981 0.019085 0.019825 0.075884 0.021224 -0.321326 -0.219287 -0.273805 -0.106132 -0.167391 0.011464 0.174217 -0.051308 -0.036168 -0.183899 0.150737 -0.086198 0.455978 0.257050 -0.001149 -0.112359 0.387113 0.357202 -0.156406 -0.096079 0.150759 0.137048 -0.065666 0.254165 -0.201179 0.453345 -0.236360 -0.399407 -0.218425 -0.088291 -0.311334 -0.092271 0.097834 0.235637 -0.006390 0.247780 -0.018798 -0.012445 -0.017994 0.075837 0.050288 0.104044 0.189031 0.290659
0.113867 0.032513 0.157082 0.011078 1.000000 0.755921 0.214277 -0.038589 0.370338 0.460298 0.383399 -0.003122 0.516943 0.073060 0.381627 0.086653 -0.009022 0.108914 0.145642 0.291441 0.241765 0.234452 0.127822 0.056212 0.622809 0.489469 0.723591 0.681641 -0.009151 0.115178 0.330302 0.193720 0.138974 0.269359 -0.006860 0.281989 -0.193433 -0.081994 -0.013210 -0.078621 -0.144806 -0.221587 -0.260383 -0.278997 -0.192127 -0.171816 -0.229081 -0.292202 -0.109827 -0.231678 -0.194965 -0.206915 -0.286883 -0.136022 -0.114494 -0.265340 0.089086 -0.148158 -0.195748 -0.395490 -0.053193 -0.141744 -0.064163 -0.071042 0.018716 -0.023621 -0.124017 -0.015031 -0.029367 0.087894 -0.052066 -0.039454 -0.051223 0.073424 -0.071527 0.035835 -0.022531 -0.138692 -0.051018 0.006943 -0.036298 -0.207234 0.071053 -0.107252 -0.201774 -0.217663 0.091361 -0.429151 -0.011286 0.066802 0.056821 0.112395 0.066642 0.085484 -0.233779 0.286148 -0.164710 -0.077101 -0.175288 0.012787 0.268752 0.153156 0.140900 -0.114587 0.015262 0.068952 -0.062720 0.039852 -0.058095 -0.128911 0.005002 -0.004369 0.136960 -0.260824 0.147264 -0.082794
0.041375 0.182393 -0.096521 0.099224 0.755921 1.000000 -0.030507 0.004408 0.209957 0.570689 0.323626 0.200177 0.431036 0.258932 0.378007 0.129103 0.049935 0.140452 0.061521 0.136845 0.224665 0.275181 0.008377 -0.041806 0.496291 0.428985 0.563429 0.642812 0.021050 0.211847 0.180407 0.169489 -0.037812 0.216019 -0.097284 0.252672 -0.149849 0.112107 0.121045 0.089593 -0.180727 -0.137056 -0.165415 -0.227704 -0.157395 -0.168373 -0.028025 -0.190050 -0.059514 -0.159726 -0.213115 -0.124082 -0.072286 -0.079797 0.073067 -0.064745 -0.022615 -0.113188 -0.224075 -0.291504 -0.226736 0.006699 -0.052535 -0.012786 -0.223042 0.042835 -0.210791 -0.079042 0.001814 -0.093833 -0.016543 0.050825 -0.092037 0.093041 0.023744 -0.106818 -0.011117 -0.117560 -0.044271 0.075317 0.094019 -0.127910 0.181699 -0.056551 -0.143598 0.038450 0.233225 -0.231108 -0.005325 0.158973 0.108794 -0.065594 0.137484 -0.150007 -0.099857 0.243378 -0.076610 -0.045763 -0.134969 0.092443 0.269066 -0.072227 0.159734 -0.253763 -0.092308 -0.136241 -0.059469 -0.116084 0.010852 -0.055812 -0.024296 -0.060169 0.081958 -0.102972 -0.070365 -0.024509
-0.077268 -0.232678 0.717053 -0.040248 0.214277 -0.030507 1.000000 0.130953 0.446023 0.112141 -0.180800 -0.133611 0.279737 -0.266553 -0.137277 -0.140705 -0.081800 0.051533 0.241850 0.331779 -0.129922 -0.192197 0.354076 0.005985 0.376048 0.165656 0.117850 0.103483 0.218610 0.022995 0.554979 0.191729 0.353879 0.200772 0.120862 0.068476 0.061922 -0.264757 0.099727 -0.046215 0.106985 0.110514 -0.270513 -0.187433 -0.223566 -0.209828 -0.242028 -0.191626 -0.300675 -0.212334 -0.213083 -0.348109 -0.407417 -0.228710 -0.145650 -0.289480 -0.031452 -0.229615 -0.173311 -0.212843 0.120863 -0.162432 0.137610 0.031039 0.263085 -0.339065 -0.121640 -0.244275 -0.136158 0.058684 0.122335 0.128325 0.311371 0.156086 0.075624 0.264588 0.248037 -0.087927 -0.073068 -0.031097 -0.031987 0.093487 -0.279072 0.190665 -0.156797 -0.165483 -0.253128 -0.122602 -0.010587 -0.035559 -0.103922 0.250813 -0.185912 0.282671 0.105114 -0.255748 -0.051042 -0.179889 -0.401520 -0.233292 0.012602 0.348190 -0.087431 0.179203 -0.319583 0.114055 -0.379633 0.093186 0.111819 -0.029960 0.045580 -0.128701 0.004586 -0.345619 -0.029561 -0.065389
-0.106450 -0.089064 0.221928 0.120387 -0.038589 0.004408 0.130953 1.000000 0.205436 0.518753 -0.102352 0.301709 -0.082350 0.509574 0.110142 0.201993 -0.224471 -0.035521 -0.248093 -0.090307 -0.043237 -0.087400 0.042598 0.110308 0.177192 0.099488 -0.209812 -0.203995 -0.221150 0.137272 0.102439 0.323434 -0.138360 0.305732 -0.110219 0.151958 -0.075079 -0.160224 -0.091311 -0.038095 -0.149167 0.173039 -0.212767 -0.114443 -0.219640 -0.084612 -0.231897 -0.206388 -0.173516 -0.306570 -0.257215 -0.194862 -0.188544 -0.195957 -0.335018 -0.344973 -0.030260 -0.196983 -0.098045 -0.045352 0.189409 0.539859 0.029898 0.090568 0.130329 0.379587 -0.204756 0.062199 -0.340701 -0.115885 0.037398 -0.039536 -0.085333 -0.123191 -0.095543 0.191324 -0.004125 0.001047 -0.139454 -0.211670 -0.064096 -0.167173 -0.210371 -0.069480 -0.089323 -0.121361 -0.231480 -0.176355 0.066361 0.024375 0.173417 -0.079573 0.434753 0.150940 -0.135501 -0.036077 -0.249965 -0.035094 -0.182208 -0.080392 0.247689 0.027232 0.135594 0.192641 0.003304 -0.084430 -0.196693 0.047473 -0.088796 -0.144280 -0.158901 -0.003574 0.103565 0.021411 0.151002 -0.121920
-0.047479 -0.017958 0.253347 -0.308804 0.370338 0.209957 0.446023 0.205436 1.000000 0.438350 0.033806 -0.002976 0.261665 0.137623 0.121546 0.237954 -0.015681 0.202723 -0.020575 -0.007115 -0.068041 -0.001206 -0.068713 -0.126338 0.261931 0.238479 0.051761 0.141036 0.157998 0.258779 0.215317 0.187375 0.230049 0.287146 -0.012295 0.240118 0.075343 -0.199043 0.142096 0.040672 0.058265 0.108297 -0.182192 -0.239601 -0.329500 -0.259714 -0.255951 -0.227542 -0.228890 -0.301079 -0.346971 -0.364280 -0.214655 -0.209044 -0.240452 -0.382127 0.175475 0.039787 -0.082488 -0.211738 0.265980 0.205466 0.130300 0.095752 0.134570 -0.053709 -0.242343 -0.266404 -0.261748 -0.129157 -0.015458 -0.052335 0.200251 0.146821 0.021135 0.249160 0.122810 -0.217842 0.051680 0.043382 0.193072 0.294979 -0.157251 0.233670 -0.210248 -0.227887 -0.154507 -0.235865 -0.004196 -0.049786 0.015611 -0.017494 0.030907 0.056929 0.012172 -0.284823 -0.170134 -0.304037 -0.362575 0.068674 -0.010309 0.153419 -0.116396 -0.046113 -0.224194 -0.045450 -0.228468 -0.116040 0.040419 -0.154354 0.022570 -0.049007 0.016203 -0.222867 -0.056150 -0.393486
-0.170152 0.059420 0.105926 0.077335 0.460298 0.570689 0.112141 0.518753 0.438350 1.000000 0.161885 0.169545 0.097455 0.481297 0.328386 0.198058 -0.215245 0.027776 -0.234698 -0.059815 0.051271 0.118257 0.013069 0.157625 0.465056 0.427736 0.138757 0.200181 -0.262753 0.122682 0.167752 0.326234 -0.103844 0.432856 0.053157 0.423214 -0.195472 -0.001908 -0.046509 -0.068754 -0.367995 -0.021848 -0.282532 -0.280388 -0.237536 -0.143694 -0.158192 -0.333329 -0.082334 -0.254152 -0.310283 -0.172555 -0.327004 -0.146513 -0.223311 -0.336019 -0.021390 -0.055180 -0.275085 -0.283895 -0.101096 0.415171 -0.094731 -0.042933 0.179901 0.406646 -0.265135 0.046682 -0.134320 -0.186081 0.035685 0.071801 -0.222722 -0.098630 -0.177600 0.049203 -0.102642 -0.062060 -0.095767 0.052970 -0.072938 -0.178823 -0.143383 -0.168102 -0.093753 -0.045024 -0.069673 -0.277783 0.104257 0.247689 0.142972 -0.103578 0.423258 0.120323 -0.252476 0.109140 -0.295984 -0.151250 -0.282984 0.001722 0.220946 -0.033661 0.018684 -0.012362 -0.087931 -0.056125 -0.215373 -0.046085 -0.020929 -0.216884 -0.198251 -0.059800 0.250428 -0.044673 0.128506 -0.175260
0.372189 0.228144 -0.227123 0.188124 0.383399 0.323626 -0.180800 -0.102352 0.033806 0.161885 1.000000 0.391216 0.568790 0.287800 0.678277 0.344269 0.164388 0.163390 -0.040992 0.178899 0.183112 0.232947 0.093863 0.064849 0.010676 0.014554 0.295831 0.294841 -0.011097 0.031402 0.053933 0.110249 0.014318 0.203720 -0.021504 -0.022749 -0.104695 -0.074990 -0.179638 -0.195576 -0.202021 -0.296233 -0.213680 -0.309002 -0.177930 -0.138457 -0.289060 -0.301161 -0.096274 -0.173055 -0.211022 -0.114213 -0.223083 -0.081655 -0.084965 -0.266685 0.252616 0.096923 -0.130185 -0.259736 0.066284 -0.070461 0.047711 0.026238 -0.005707 0.085285 -0.194940 -0.022200 0.135130 0.178356 -0.103453 -0.240281 -0.238461 0.016432 -0.102219 0.094064 0.030386 0.213645 0.004522 -0.085727 0.096873 -0.149593 0.305273 -0.107196 0.043361 -0.030819 0.133418 -0.280176 0.070475 0.140027 0.105867 0.067194 0.079394 0.049159 -0.288815 0.224356 -0.186137 0.115990 -0.128699 0.046650 0.088730 0.207144 -0.094531 -0.223179 0.118405 0.066643 0.141607 0.047748 -0.199129 -0.163588 -0.072110 0.303892 -0.064013 -0.056239 0.148974 -0.006336
0.035866 0.243786 -0.125866 0.255723 -0.003122 0.200177 -0.133611 0.301709 -0.002976 0.169545 0.391216 1.000000 0.271781 0.601024 0.382297 0.293451 0.152346 0.218466 -0.097938 0.090763 0.079295 0.092615 0.009523 0.028529 -0.105260 0.031132 -0.010984 0.009520 0.146216 0.242130 0.045675 0.301972 -0.062747 0.103751 -0.214711 -0.151500 -0.012723 -0.044179 -0.011651 -0.001573 0.007285 -0.014146 -0.141733 -0.129562 -0.066625 -0.086834 -0.202207 -0.187979 -0.253162 -0.205997 -0.181939 -0.214243 -0.093206 -0.130878 -0.275784 -0.150875 0.160363 0.033315 -0.226158 -0.122755 0.079999 0.193488 0.277772 0.332492 -0.098355 0.131701 -0.338556 -0.104149 0.072417 -0.002715 -0.206199 -0.088428 -0.089450 0.101760 0.078412 0.188497 0.237750 0.256129 0.173564 -0.092483 0.300551 -0.056359 0.190908 -0.031855 -0.066231 -0.005335 -0.087252 -0.286389 -0.147318 -0.143240 0.007052 -0.180250 0.152538 -0.203557 -0.222546 0.255250 -0.305140 0.237097 -0.219520 0.045914 0.115598 0.037818 -0.127748 -0.229058 0.027654 -0.006815 -0.104041 -0.021373 -0.197656 -0.150755 -0.126950 0.065112 -0.126576 -0.104705 0.076974 0.084039
0.334923 0.044095 -0.021612 -0.006625 0.516943 0.431036 0.279737 -0.082350 0.261665 0.097455 0.568790 0.271781 1.000000 0.102836 0.482767 0.334595 0.390547 0.429983 0.268662 0.354221 0.175783 0.114021 0.013817 -0.191135 0.180578 0.181384 0.358965 0.442184 0.434256 0.235832 0.263444 0.174602 0.226184 0.163019 -0.153074 -0.113932 0.018073 -0.044214 0.129711 -0.028452 -0.014640 -0.087627 -0.287898 -0.337753 -0.408922 -0.341677 -0.288241 -0.292015 -0.391711 -0.368958 -0.418585 -0.402981 -0.242497 -0.154658 0.057327 -0.267684 0.358087 0.004547 -0.201523 -0.291312 0.064932 -0.200479 0.275828 0.204767 -0.214231 -0.258586 -0.316272 -0.348947 -0.017375 0.082443 -0.063816 -0.048808 0.151987 0.264255 0.176347 0.235241 0.204072 -0.014136 0.109170 0.060121 0.389316 0.192095 0.264900 0.265345 -0.022090 -0.038371 0.126337 -0.230509 -0.133635 -0.119004 0.049929 0.130254 -0.021416 -0.065312 -0.099125 0.031052 -0.122258 -0.101233 -0.248265 -0.035854 0.228730 0.287807 0.031007 -0.248575 -0.179581 -0.053559 0.006411 -0.093733 -0.082064 -0.099353 -0.003105 0.046673 -0.159740 -0.257221 -0.057001 -0.182525
0.037649 0.156717 -0.205577 0.088952 0.073060 0.258932 -0.266553 0.509574 0.137623 0.481297 0.287800 0.601024 0.102836 1.000000 0.299808 0.415573 -0.032122 0.022635 -0.452047 -0.322420 0.105118 0.073559 -0.180335 -0.008321 0.014973 0.177012 -0.078145 -0.024202 -0.053332 0.190214 -0.093312 0.298552 -0.257544 0.103428 -0.161751 0.038005 -0.020140 0.051260 -0.036300 -0.062904 -0.204501 0.025101 0.022557 0.005631 -0.012013 0.099166 -0.066035 -0.178691 -0.042601 -0.147654 -0.179976 -0.053947 -0.060330 -0.096705 -0.243171 -0.120836 0.138214 0.037730 -0.088552 -0.027000 0.179700 0.504655 0.131658 0.107679 -0.047627 0.480879 -0.250127 -0.010165 -0.036279 -0.242459 -0.146274 -0.101151 -0.162114 -0.066184 0.003085 0.101325 -0.080518 0.035737 0.236904 0.095101 0.237137 -0.043345 -0.000925 -0.114257 -0.069861 0.027334 -0.110816 -0.167544 -0.094075 -0.043010 -0.036136 -0.306210 0.332925 -0.185537 -0.255304 0.118413 -0.281014 -0.015644 -0.168068 0.037323 0.185912 -0.066153 -0.006134 -0.211963 0.085848 -0.064776 -0.098228 -0.090346 -0.144043 -0.252797 -0.240736 0.031557 -0.090509 -0.104359 0.027754 -0.095831
0.174086 -0.027832 -0.033330 0.264612 0.381627 0.378007 -0.137277 0.110142 0.121546 0.328386 0.678277 0.382297 0.482767 0.299808 1.000000 0.445325 0.082282 0.048795 -0.127965 0.032451 0.038679 0.151680 0.260902 0.301795 0.188485 0.188365 0.303419 0.406274 -0.067237 -0.059094 0.242322 0.175579 -0.172438 0.175307 0.071613 0.104615 0.018628 -0.047622 0.077800 0.057700 -0.275445 -0.182400 -0.249031 -0.349459 -0.307649 -0.218996 -0.292089 -0.254768 -0.264182 -0.300315 -0.183811 -0.194414 -0.342480 -0.111982 0.017695 -0.227358 0.014242 -0.152895 -0.378261 -0.466415 -0.150309 -0.128967 -0.079342 -0.185930 0.230299 0.223631 -0.245651 0.169681 0.051762 -0.063424 0.001119 -0.086523 -0.268944 -0.026712 -0.156058 0.026319 -0.079577 0.000462 0.069932 -0.085386 0.063209 -0.054136 0.376636 0.021069 0.068285 0.044755 0.040683 -0.222493 0.171368 0.288223 0.147260 -0.049539 0.250886 0.143153 -0.069796 0.058680 -0.036142 0.067731 -0.251353 -0.039341 0.093041 0.024718 -0.105634 -0.246632 -0.085706 0.051678 0.084952 -0.159799 -0.004703 0.030591 0.069617 0.094256 0.003827 0.204003 0.294017 0.035981
0.273062 0.047909 -0.327150 -0.040795 0.086653 0.129103 -0.140705 0.201993 0.237954 0.198058 0.344269 0.293451 0.334595 0.415573 0.445325 1.000000 0.263976 0.250303 -0.021599 -0.031435 -0.103761 0.037553 -0.168538 -0.141137 -0.089752 -0.093661 -0.109868 -0.033546 0.393276 0.416735 0.118207 -0.096516 -0.119692 0.037502 -0.220797 -0.088026 0.314418 0.177025 0.287424 0.254321 0.019110 0.276148 -0.256881 -0.356564 -0.465837 -0.486688 -0.326540 -0.286746 -0.474921 -0.499930 -0.504907 -0.384116 -0.092527 -0.262203 0.033760 -0.263688 0.241902 0.032760 -0.091416 -0.157525 0.126140 0.347277 0.185947 0.218024 -0.118601 0.060595 -0.374405 -0.299698 -0.086023 -0.169644 0.116099 -0.093471 0.236921 0.175508 0.204159 0.205839 0.161776 -0.073367 0.011004 0.244811 0.472279 0.386835 0.270266 0.457005 -0.009744 -0.013303 0.075376 0.091334 -0.042059 0.012778 0.284609 -0.023046 0.254469 -0.046392 0.226309 -0.181784 0.103083 -0.145721 -0.189701 0.224216 0.042216 0.148822 0.084306 -0.152048 -0.185065 -0.226304 -0.004133 -0.427739 0.223644 0.124112 0.145695 -0.046724 -0.094614 0.106258 0.151270 -0.198684
0.440605 0.302352 -0.382436 -0.209014 -0.009022 0.049935 -0.081800 -0.224471 -0.015681 -0.215245 0.164388 0.152346 0.390547 -0.032122 0.082282 0.263976 1.000000 0.765403 0.452515 0.359177 0.121599 0.033059 -0.261984 -0.612354 -0.411141 -0.264645 -0.090120 -0.082842 0.596038 0.629342 0.090657 -0.085213 0.432970 0.129247 -0.140965 -0.164297 0.412973 0.209032 0.298257 0.173041 0.216664 0.373877 -0.100105 -0.238706 -0.219534 -0.428427 -0.096390 0.013531 -0.429476 -0.277133 -0.508363 -0.483271 -0.185991 -0.192682 0.127245 -0.105430 0.551182 0.383848 -0.213602 -0.219133 -0.099932 -0.190547 0.432978 0.350692 -0.479411 -0.614268 -0.183758 -0.500969 0.174718 0.175315 0.056374 -0.094539 0.541146 0.481742 0.489364 0.377949 0.485833 0.279302 0.035388 0.177583 0.727127 0.571632 0.427403 0.520805 -0.029214 0.100178 0.097087 0.075703 -0.425844 -0.556824 0.156909 0.167549 -0.144277 -0.156541 0.099792 0.071389 0.152849 -0.191258 -0.136996 0.144935 0.126959 0.072646 0.244250 -0.168305 -0.128783 -0.173695 0.166635 -0.377031 0.029060 0.188421 0.241228 0.193254 -0.276660 -0.203995 -0.236623 -0.052563
0.389738 0.383684 -0.311234 -0.163637 0.108914 0.140452 0.051533 -0.035521 0.202723 0.027776 0.163390 0.218466 0.429983 0.022635 0.048795 0.250303 0.765403 1.000000 0.325335 0.353318 0.123631 -0.007732 -0.233417 -0.570612 -0.239525 -0.123672 -0.040274 0.001904 0.521805 0.635109 0.126508 0.112338 0.384785 0.193553 -0.181418 -0.185077 0.311443 0.128726 0.220449 0.150356 0.257754 0.278249 -0.150708 -0.229382 -0.216038 -0.389670 -0.095255 -0.077368 -0.423122 -0.280440 -0.552808 -0.526867 -0.256772 -0.152642 0.102229 -0.243918 0.600268 0.503055 -0.271076 -0.307705 0.002973 -0.010879 0.476373 0.494785 -0.388389 -0.490712 -0.415154 -0.632491 0.041530 0.061091 0.037808 0.100137 0.434799 0.491029 0.489693 0.457108 0.493570 0.194128 0.050114 0.135237 0.641364 0.450019 0.286514 0.406741 -0.116090 -0.088226 0.101922 -0.057042 -0.445998 -0.440652 0.110690 0.075538 -0.078562 -0.219321 -0.046273 0.030035 -0.105562 -0.184257 -0.230727 0.126414 0.175461 0.169558 0.069778 -0.240264 -0.018107 -0.065107 0.118873 -0.168723 -0.081417 -0.027879 0.024212 0.106921 -0.106453 -0.269066 -0.225110 -0.095790
0.236498 0.174899 0.058587 -0.147723 0.145642 0.061521 0.241850 -0.248093 -0.020575 -0.234698 -0.040992 -0.097938 0.268662 -0.452047 -0.127965 -0.021599 0.452515 0.325335 1.000000 0.796215 -0.168622 -0.194361 -0.051192 -0.403342 -0.146928 -0.337002 -0.027415 -0.152052 0.345436 0.374205 0.150581 -0.340901 0.588004 0.204568 -0.105969 -0.027142 0.210170 -0.052167 0.193056 0.084986 0.111610 -0.024502 -0.359762 -0.425706 -0.367006 -0.574475 -0.188261 -0.040111 -0.464682 -0.331128 -0.458918 -0.488872 -0.053732 -0.319784 -0.026200 -0.171070 0.236781 0.143730 0.036397 0.062175 -0.115835 -0.192646 0.191774 0.337451 -0.333698 -0.694556 0.009981 -0.374544 0.290803 0.461787 0.052091 -0.099953 0.447312 0.239045 0.201595 0.082646 0.423527 0.153970 -0.351288 0.070690 0.270665 0.277061 0.309323 0.425859 -0.149590 -0.038122 0.014421 0.053627 -0.220274 -0.290740 0.409480 0.525611 -0.170966 0.046601 0.250014 0.011065 0.279669 -0.202729 0.161426 0.284466 0.164200 0.291906 0.470524 0.306311 -0.156675 -0.245322 0.032751 -0.210894 0.248096 0.336684 0.427640 0.107987 -0.018286 -0.088904 -0.012979 -0.137935
0.217079 0.262511 0.114840 0.155776 0.291441 0.136845 0.331779 -0.090307 -0.007115 -0.059815 0.178899 0.090763 0.354221 -0.322420 0.032451 -0.031435 0.359177 0.353318 0.796215 1.000000 0.041425 -0.061054 0.198021 -0.163448 0.000178 -0.154257 0.154937 -0.031102 0.194838 0.331764 0.316288 0.048126 0.527993 0.473418 0.034704 0.076869 0.051029 -0.149507 -0.043617 -0.093013 0.115627 -0.142035 -0.511705 -0.580615 -0.308865 -0.509189 -0.367872 -0.228823 -0.500473 -0.431812 -0.453500 -0.577446 -0.368451 -0.327881 -0.324997 -0.418080 0.197493 0.059293 -0.235241 -0.191911 -0.169568 -0.238093 0.256662 0.352260 -0.166003 -0.551353 -0.154870 -0.259849 0.276745 0.679853 0.027440 -0.149188 0.272532 0.216718 0.099277 0.229463 0.409644 0.299300 -0.261280 0.012569 0.241300 0.043670 0.287170 0.169254 -0.095894 -0.137538 -0.053589 -0.238551 -0.140095 -0.259973 0.282194 0.459857 -0.076616 0.222960 -0.038091 0.230939 -0.055197 0.137889 -0.123836 0.066957 0.112078 0.413487 0.269472 0.203685 0.074847 0.081093 0.033471 0.148355 -0.012849 0.158856 0.324918 0.301228 0.077536 -0.201267 0.119944 0.034400
0.100538 0.154838 -0.175839 0.137670 0.241765 0.224665 -0.129922 -0.043237 -0.068041 0.051271 0.183112 0.079295 0.175783 0.105118 0.038679 -0.103761 0.121599 0.123631 -0.168622 0.041425 1.000000 0.546452 0.117105 0.151119 0.194776 0.279705 0.433145 0.372841 0.000046 -0.039805 0.013354 0.384298 -0.235053 0.053954 0.084912 -0.075644 -0.124151 -0.054486 -0.404709 -0.262997 -0.001775 -0.080146 0.068295 0.007364 0.194404 0.181846 -0.102669 -0.176741 0.143648 0.016830 0.146196 0.049185 -0.025961 0.056737 -0.224937 -0.160053 0.021296 -0.003296 -0.035818 -0.111670 0.033038 -0.177491 0.130672 -0.033605 -0.043144 0.129826 -0.101516 0.022795 0.023069 0.283999 -0.170474 -0.111825 -0.167136 -0.043199 -0.168043 0.090299 -0.142996 -0.064978 0.172393 -0.058558 0.075324 -0.178798 -0.027027 -0.266803 0.241253 -0.073862 -0.008809 -0.272455 0.196561 -0.080085 -0.350517 -0.184640 -0.108259 0.088018 -0.392422 0.380482 -0.391083 0.332221 -0.270665 -0.267060 0.151120 -0.029915 -0.138750 -0.234717 0.311673 0.300434 0.006470 0.432025 -0.410998 -0.313052 -0.166379 0.156237 -0.056570 -0.214195 -0.128035 0.387721
0.118290 0.192958 -0.218491 0.084882 0.234452 0.275181 -0.192197 -0.087400 -0.001206 0.118257 0.232947 0.092615 0.114021 0.073559 0.151680 0.037553 0.033059 -0.007732 -0.194361 -0.061054 0.546452 1.000000 0.081511 0.055638 0.308734 0.313709 0.434612 0.292556 -0.205161 -0.069528 0.117815 0.281824 -0.115032 0.249023 -0.046212 0.046797 -0.278607 0.071334 -0.343533 -0.049239 -0.081347 -0.072179 -0.153006 -0.055970 0.051728 0.075696 -0.171448 -0.286889 0.100738 0.005410 0.111913 0.129961 0.003424 0.182389 -0.113630 -0.004080 0.009162 0.044063 -0.031707 -0.150196 -0.080497 -0.075724 -0.149162 -0.091263 0.012302 0.187993 0.059825 0.231392 0.225005 0.211964 -0.213118 -0.126334 -0.224401 0.070512 -0.142764 -0.063398 0.000102 0.095512 -0.093904 -0.260138 -0.025117 -0.264476 -0.053063 -0.365477 -0.016611 0.072122 0.177120 -0.182722 0.182252 0.046327 -0.201806 -0.282653 0.044095 -0.111002 -0.324550 0.517662 -0.183834 0.302936 -0.156164 0.039941 0.055721 -0.222312 -0.016187 -0.101703 0.284258 0.098071 0.063734 0.251318 -0.331686 -0.219859 -0.199561 0.205789 0.065901 0.083223 -0.056405 0.290799
-0.240091 -0.317757 0.533350 0.563198 0.127822 0.008377 0.354076 0.042598 -0.068713 0.013069 0.093863 0.009523 0.013817 -0.180335 0.260902 -0.168538 -0.261984 -0.233417 -0.051192 0.198021 0.117105 0.081511 1.000000 0.583605 0.467724 0.223436 0.383841 0.255644 -0.162897 -0.365206 0.522266 0.333491 -0.106887 0.227684 0.520142 0.275782 -0.082215 -0.231272 -0.232195 -0.034243 0.037518 -0.334286 -0.185722 -0.122357 0.045994 0.054133 -0.372298 -0.161541 -0.072610 -0.126787 0.250998 -0.076906 -0.446223 -0.106786 -0.130249 -0.256456 -0.425315 -0.453153 -0.423375 -0.481968 -0.229847 -0.487457 -0.144629 -0.360856 0.586964 0.026132 -0.164845 0.375026 -0.012539 0.154028 0.155219 0.062780 -0.196987 -0.215803 -0.255853 0.067681 0.023243 0.050986 0.038284 -0.211417 -0.203011 -0.210901 -0.160263 -0.179660 0.246365 0.060793 -0.250030 -0.127867 0.498746 0.246030 -0.255523 0.111112 0.023389 0.415679 -0.083514 0.189737 -0.118269 0.259813 -0.384802 -0.389113 -0.163678 0.081136 -0.278023 -0.032208 -0.134810 0.236634 -0.254266 0.292480 -0.064310 0.006465 0.073135 0.100209 0.179967 0.115975 0.147608 0.306818
-0.372655 -0.361183 0.367202 0.614709 0.056212 -0.041806 0.005985 0.110308 -0.126338 0.157625 0.064849 0.028529 -0.191135 -0.008321 0.301795 -0.141137 -0.612354 -0.570612 -0.403342 -0.163448 0.151119 0.055638 0.583605 1.000000 0.368403 0.373945 0.324130 0.258484 -0.405038 -0.667625 0.081828 0.248079 -0.517559 -0.033646 0.447297 0.281749 -0.298366 -0.281573 -0.346987 -0.232837 -0.235072 -0.404852 0.028176 0.017186 0.117949 0.285027 -0.161727 -0.138687 0.130394 -0.000799 0.412261 0.186702 -0.206202 0.030748 -0.208866 -0.125117 -0.643019 -0.541158 -0.205963 -0.185453 -0.187571 -0.199329 -0.315618 -0.490473 0.658604 0.550427 0.004151 0.620165 -0.102684 -0.064316 0.039730 0.132048 -0.557359 -0.493699 -0.567257 -0.323182 -0.529170 -0.215268 0.222356 -0.060716 -0.434815 -0.405774 -0.065571 -0.326745 0.453022 0.104034 -0.061090 -0.160683 0.581535 0.525980 -0.226853 -0.186051 0.179825 0.329776 -0.096690 0.152916 -0.193445 0.429404 -0.211463 -0.400339 -0.200227 -0.085655 -0.440660 -0.008066 0.032375 0.288296 -0.232903 0.346106 -0.006750 -0.034954 0.022617 -0.009819 0.030080 0.209821 0.425629 0.248062
-0.209300 -0.325436 0.412871 0.198739 0.622809 0.496291 0.376048 0.177192 0.261931 0.465056 0.010676 -0.105260 0.180578 0.014973 0.188485 -0.089752 -0.411141 -0.239525 -0.146928 0.000178 0.194776 0.308734 0.467724 0.368403 1.000000 0.693061 0.708736 0.616912 -0.239840 -0.308083 0.505837 0.293779 -0.138873 0.175089 0.244151 0.256121 -0.321787 -0.116435 -0.078960 0.020123 -0.199854 -0.165886 -0.170931 -0.009300 -0.076194 0.044668 -0.191782 -0.184595 0.055338 -0.089574 0.132582 0.049264 -0.294049 0.041258 -0.084990 -0.093881 -0.248948 -0.385296 -0.257348 -0.375928 -0.129404 -0.149017 -0.263554 -0.320640 0.364742 0.214825 -0.122259 0.227087 -0.083005 -0.124472 -0.039323 0.058450 -0.301298 -0.173136 -0.202111 -0.119830 -0.156824 -0.246227 -0.050734 -0.128347 -0.338424 -0.367072 -0.322746 -0.254030 -0.095775 -0.052274 0.014418 -0.273645 0.300591 0.327755 -0.168825 -0.027890 0.143912 0.153462 -0.099358 0.225688 -0.079518 -0.011936 -0.214585 -0.138024 0.094146 0.014899 -0.083587 -0.061589 -0.042279 0.104168 -0.288467 0.156408 -0.013430 -0.064683 -0.055311 -0.162040 0.292600 -0.093564 0.097827 0.058934
-0.305142 -0.133644 0.176034 0.188741 0.489469 0.428985 0.165656 0.099488 0.238479 0.427736 0.014554 0.031132 0.181384 0.177012 0.188365 -0.093661 -0.264645 -0.123672 -0.337002 -0.154257 0.279705 0.313709 0.223436 0.373945 0.693061 1.000000 0.610146 0.620438 -0.086243 -0.231272 0.317210 0.552065 -0.308516 0.098978 0.100012 0.191141 -0.382106 -0.137410 -0.184725 -0.220889 -0.165211 -0.209834 0.138794 0.138071 0.148937 0.286811 -0.002322 -0.091760 0.111448 0.029352 0.227819 0.086436 -0.292110 0.187411 -0.237150 -0.048445 -0.202355 -0.208157 -0.388451 -0.395856 -0.117460 -0.112399 -0.033685 -0.140006 0.300984 0.283196 -0.202722 0.232153 -0.122320 -0.249014 -0.256465 0.114098 -0.231385 -0.162242 -0.037508 -0.148924 -0.322088 -0.328224 0.333315 0.008450 -0.079139 -0.156809 -0.150520 -0.238023 0.038201 -0.056895 -0.019948 -0.340789 0.051796 0.127388 -0.362991 -0.263955 0.092447 -0.034405 -0.267751 0.236166 -0.257972 0.143645 -0.225139 -0.280971 0.070551 0.002647 -0.309631 -0.283768 0.028975 0.243714 -0.113979 0.212023 -0.171738 -0.233140 -0.208410 -0.145338 0.056583 -0.041143 0.139903 0.103891
0.023141 -0.167721 0.130737 0.305633 0.723591 0.563429 0.117850 -0.209812 0.051761 0.138757 0.295831 -0.010984 0.358965 -0.078145 0.303419 -0.109868 -0.090120 -0.040274 -0.027415 0.154937 0.433145 0.434612 0.383841 0.324130 0.708736 0.610146 1.000000 0.825002 -0.072662 -0.233300 0.312981 0.232065 -0.145878 0.031985 0.171942 0.134497 -0.222382 -0.090096 -0.102453 0.004020 -0.020907 -0.281191 -0.109805 -0.053087 -0.015350 0.045357 -0.226675 -0.179455 -0.049367 -0.120859 0.094758 -0.050799 -0.295303 -0.025204 -0.050380 -0.107042 -0.209807 -0.286367 -0.292830 -0.420688 -0.261886 -0.443081 -0.143240 -0.323436 0.177265 0.017414 -0.058122 0.258017 0.067654 0.106011 -0.154732 -0.010171 -0.303325 -0.072034 -0.087609 -0.137165 -0.127902 -0.134847 0.080529 -0.126998 -0.135151 -0.309399 0.075672 -0.161287 0.129559 0.110727 0.126825 -0.296204 0.206488 0.152228 -0.197976 -0.000404 -0.017231 0.056808 -0.103809 0.355021 -0.027684 0.253368 -0.221779 -0.217065 0.064109 0.022362 -0.099318 -0.252672 0.133133 0.149407 0.051764 0.172168 -0.097818 -0.001903 0.128205 -0.018343 -0.020930 -0.184792 0.101393 0.278049
-0.038520 -0.105579 0.100952 0.208265 0.681641 0.642812 0.103483 -0.203995 0.141036 0.200181 0.294841 0.009520 0.442184 -0.024202 0.406274 -0.033546 -0.082842 0.001904 -0.152052 -0.031102 0.372841 0.292556 0.255644 0.258484 0.616912 0.620438 0.825002 1.000000 0.052638 -0.153962 0.336248 0.276932 -0.226431 -0.097327 0.125786 0.064614 -0.148715 0.001359 0.091127 0.078523 -0.074938 -0.158871 0.066456 0.040341 -0.010396 0.101533 -0.029962 -0.105566 -0.022882 -0.014487 0.132273 0.037278 -0.129445 0.073909 0.158843 0.055806 -0.170876 -0.223436 -0.342037 -0.423766 -0.260848 -0.377711 -0.133108 -0.258999 0.084758 0.014807 -0.136641 0.130971 -0.060499 -0.206277 -0.116707 0.088021 -0.210788 0.004506 -0.001925 -0.130906 -0.201882 -0.316560 0.187023 -0.060395 -0.092267 -0.164419 0.115883 -0.051950 0.028740 0.071538 0.133990 -0.223943 0.141059 0.240434 -0.205271 -0.122252 -0.072554 -0.064257 -0.028453 0.155113 0.050591 0.122384 -0.164407 -0.234390 0.030863 -0.037977 -0.196972 -0.402495 -0.026367 0.120998 0.079764 0.027895 -0.025363 -0.020760 0.018628 -0.104074 -0.028807 -0.094040 0.032115 0.183267
0.121703 0.041391 -0.133145 -0.113600 -0.009151 0.021050 0.218610 -0.221150 0.157998 -0.262753 -0.011097 0.146216 0.434256 -0.053332 -0.067237 0.393276 0.596038 0.521805 0.345436 0.194838 0.000046 -0.205161 -0.162897 -0.405038 -0.239840 -0.086243 -0.072662 0.052638 1.000000 0.591809 0.243118 -0.076189 0.215669 -0.169865 -0.215124 -0.337966 0.434712 0.212290 0.386936 0.157802 0.267967 0.338291 0.033212 -0.136883 -0.240027 -0.394227 -0.105583 -0.061133 -0.473425 -0.301388 -0.365407 -0.456093 0.028386 -0.171766 0.202370 -0.094260 0.236353 0.121406 -0.166957 -0.139100 0.080741 -0.143423 0.599602 0.473240 -0.334919 -0.551710 -0.357918 -0.692747 -0.128282 -0.220409 0.007356 -0.047252 0.702656 0.474730 0.564430 0.362587 0.400110 -0.176233 0.331151 0.428730 0.756248 0.752844 0.334092 0.726153 0.088852 0.038804 0.019986 0.138902 -0.288657 -0.402254 -0.044121 0.086921 -0.337865 -0.206175 0.339005 -0.277813 0.125342 -0.246065 -0.205311 0.035484 -0.019260 0.254570 -0.051016 -0.207274 -0.402937 -0.244696 -0.017384 -0.392432 0.293558 0.114390 0.127625 -0.180383 -0.388918 -0.231039 -0.294231 -0.078429
0.234166 0.370217 -0.267993 -0.265037 0.115178 0.211847 0.022995 0.137272 0.258779 0.122682 0.031402 0.242130 0.235832 0.190214 -0.059094 0.416735 0.629342 0.635109 0.374205 0.331764 -0.039805 -0.069528 -0.365206 -0.667625 -0.308083 -0.231272 -0.233300 -0.153962 0.591809 1.000000 0.136438 -0.018045 0.415583 0.206593 -0.293334 -0.091460 0.504233 0.339354 0.370368 0.242631 0.280091 0.445918 -0.255416 -0.374016 -0.320177 -0.551178 -0.168546 -0.088943 -0.470430 -0.405682 -0.604356 -0.552820 -0.039374 -0.319854 -0.019577 -0.257336 0.454256 0.280937 -0.186982 -0.146658 0.007233 0.198748 0.515154 0.561663 -0.538812 -0.515480 -0.250861 -0.627042 -0.112666 0.042113 -0.017252 -0.174126 0.684547 0.480985 0.535800 0.419615 0.541678 0.114347 -0.085633 0.177671 0.687475 0.520525 0.320796 0.529076 -0.243664 -0.063825 -0.005669 -0.002172 -0.449370 -0.550193 0.327458 0.144612 0.006419 -0.070558 0.110530 -0.027968 0.062095 -0.320606 -0.108124 0.298807 0.140367 0.184040 0.334616 0.025890 -0.149996 -0.296227 0.130652 -0.405812 0.169231 0.062294 0.138084 0.133318 -0.055635 -0.252515 -0.182367 -0.251668
-0.069350 -0.086670 0.395074 0.211770 0.330302 0.180407 0.554979 0.102439 0.215317 0.167752 0.053933 0.045675 0.263444 -0.093312 0.242322 0.118207 0.090657 0.126508 0.150581 0.316288 0.013354 0.117815 0.522266 0.081828 0.505837 0.317210 0.312981 0.336248 0.243118 0.136438 1.000000 0.435322 0.222070 0.315692 0.192908 0.076414 0.075272 -0.040649 0.164873 0.109762 0.071655 0.059166 -0.305405 -0.340862 -0.218961 -0.245290 -0.362505 -0.347222 -0.423002 -0.376639 -0.164732 -0.420000 -0.485058 -0.217105 -0.085953 -0.304827 0.054692 -0.099678 -0.546662 -0.553369 -0.067904 -0.243522 0.195395 0.107870 0.373704 -0.189051 -0.303466 -0.085729 -0.021138 -0.021935 0.144023 0.001971 0.281784 0.280963 0.233482 0.292173 0.351417 -0.022141 0.083244 0.036563 0.138971 0.103388 -0.021179 0.139720 -0.118470 -0.118305 -0.146889 -0.172847 0.120421 -0.036591 -0.150427 0.040804 -0.088050 0.151659 0.044721 0.134496 -0.053707 -0.078741 -0.451418 -0.202956 -0.026661 0.264220 -0.141248 -0.067875 -0.291998 0.199398 -0.225661 -0.002530 0.011573 -0.030240 -0.004226 -0.028066 0.083345 -0.200571 0.004767 0.102187
-0.264321 0.062167 0.164571 0.279563 0.193720 0.169489 0.191729 0.323434 0.187375 0.326234 0.110249 0.301972 0.174602 0.298552 0.175579 -0.096516 -0.085213 0.112338 -0.340901 0.048126 0.384298 0.281824 0.333491 0.248079 0.293779 0.552065 0.232065 0.276932 -0.076189 -0.018045 0.435322 1.000000 -0.126127 0.343185 0.098705 0.059881 -0.225601 -0.227033 -0.275857 -0.273916 -0.050173 -0.185815 0.020612 -0.019283 0.243875 0.310578 -0.122542 -0.262717 -0.020200 -0.091055 0.070697 -0.161966 -0.438618 0.052990 -0.378952 -0.295973 0.104874 -0.051040 -0.527259 -0.400765 0.124729 0.000738 0.351224 0.187182 0.267733 0.242139 -0.408761 0.091694 -0.197059 -0.013456 -0.064110 0.117076 -0.104028 0.032068 -0.022394 0.283237 -0.003134 0.016144 0.400570 -0.117905 0.107029 -0.117095 -0.186276 -0.300397 -0.025259 -0.190374 -0.291864 -0.474242 0.062926 -0.181825 -0.452810 -0.407048 0.039271 -0.036728 -0.483903 0.300474 -0.567904 0.275903 -0.448354 -0.468574 -0.022935 0.150497 -0.412728 -0.401563 0.121119 0.508010 -0.157900 0.508669 -0.492167 -0.546704 -0.436760 0.213034 0.033341 -0.223892 0.001721 0.130471
0.171301 0.206397 0.158532 -0.409254 0.138974 -0.037812 0.353879 -0.138360 0.230049 -0.103844 0.014318 -0.062747 0.226184 -0.257544 -0.172438 -0.119692 0.432970 0.384785 0.588004 0.527993 -0.235053 -0.115032 -0.106887 -0.517559 -0.138873 -0.308516 -0.145878 -0.226431 0.215669 0.415583 0.222070 -0.126127 1.000000 0.471500 0.032241 0.175885 0.157324 0.036099 0.130420 0.040501 0.117661 0.183551 -0.454660 -0.380038 -0.304262 -0.428730 -0.176171 -0.156078 -0.283296 -0.200246 -0.381282 -0.367219 -0.151305 -0.206937 -0.054268 -0.187927 0.414859 0.375373 0.126542 0.097670 0.072558 -0.059791 0.166702 0.324478 -0.284216 -0.575380 0.264069 -0.297945 0.212448 0.375314 0.073852 -0.184453 0.483125 0.363180 0.269107 0.267941 0.508203 0.297919 -0.241509 0.013938 0.220699 0.193031 -0.009924 0.144150 -0.469015 -0.242114 -0.092265 -0.186303 -0.424777 -0.498224 0.233828 0.301311 -0.209164 -0.028493 -0.019843 0.015655 0.040701 -0.329282 -0.003826 0.290245 0.182459 0.249478 0.388110 0.308263 -0.111194 -0.169600 -0.127207 -0.183156 0.041053 0.060639 0.180803 0.146147 0.026359 -0.331844 -0.100065 -0.272755
0.097837 0.255291 0.178684 0.119595 0.269359 0.216019 0.200772 0.305732 0.287146 0.432856 0.203720 0.103751 0.163019 0.103428 0.175307 0.037502 0.129247 0.193553 0.204568 0.473418 0.053954 0.249023 0.227684 -0.033646 0.175089 0.098978 0.031985 -0.097327 -0.169865 0.206593 0.315692 0.343185 0.471500 1.000000 0.169177 0.594572 -0.124377 -0.023982 -0.220310 -0.113203 -0.042108 0.004254 -0.562931 -0.544967 -0.375192 -0.370198 -0.484996 -0.504989 -0.300046 -0.459922 -0.432367 -0.443046 -0.438897 -0.176588 -0.374351 -0.579625 0.184968 0.217569 -0.229847 -0.283577 -0.115462 0.114129 0.040083 0.146992 0.050470 -0.024857 -0.112852 0.026890 0.195548 0.406069 0.118384 -0.180360 0.042583 0.102215 -0.063376 0.260990 0.252768 0.342644 -0.230348 -0.028913 0.118284 -0.049399 -0.074677 -0.152171 -0.167358 -0.171896 -0.186613 -0.320433 0.017680 -0.097557 0.213770 0.119594 0.254314 0.189969 -0.328859 0.283418 -0.385810 -0.025151 -0.329042 -0.036882 0.176385 0.204393 0.140234 0.192780 0.012308 0.053191 -0.165921 0.116011 -0.146493 -0.129063 -0.011286 0.238657 0.244761 -0.109389 0.088128 -0.112153
-0.157655 -0.118825 0.247001 0.219312 -0.006860 -0.097284 0.120862 -0.110219 -0.012295 0.053157 -0.021504 -0.214711 -0.153074 -0.161751 0.071613 -0.220797 -0.140965 -0.181418 -0.105969 0.034704 0.084912 -0.046212 0.520142 0.447297 0.244151 0.100012 0.171942 0.125786 -0.215124 -0.293334 0.192908 0.098705 0.032241 0.169177 1.000000 0.381379 0.167102 0.019446 -0.053298 -0.009100 0.037907 -0.105510 -0.163474 -0.097807 -0.101068 -0.023550 -0.280692 -0.121702 -0.076362 -0.129866 0.124611 -0.027480 -0.360591 -0.076526 0.012897 -0.212723 -0.271575 -0.123040 -0.344479 -0.270999 -0.286039 -0.322773 -0.171975 -0.403066 0.470459 0.114332 -0.042277 0.307642 0.064955 0.099812 0.169742 0.197892 -0.151366 -0.092819 -0.150619 0.044623 -0.014433 0.191396 0.047782 0.035551 -0.186223 -0.109914 -0.162846 -0.091794 0.202594 0.075707 -0.150342 -0.024720 0.454016 0.124520 -0.125562 0.024848 0.053101 0.231117 0.044012 0.176917 0.062430 0.062940 -0.317322 -0.318222 -0.086543 -0.058803 -0.240674 -0.022810 -0.010153 0.142453 -0.121345 0.153523 0.062131 0.078441 0.210813 0.022463 0.137011 0.011239 0.157373 0.016151
-0.199414 -0.024747 0.245065 0.229886 0.281989 0.252672 0.068476 0.151958 0.240118 0.423214 -0.022749 -0.151500 -0.113932 0.038005 0.104615 -0.088026 -0.164297 -0.185077 -0.027142 0.076869 -0.075644 0.046797 0.275782 0.281749 0.256121 0.191141 0.134497 0.064614 -0.337966 -0.091460 0.076414 0.059881 0.175885 0.594572 0.381379 1.000000 -0.141802 -0.091699 -0.126180 -0.074365 -0.065646 -0.112204 -0.261829 -0.276480 -0.204629 -0.151782 -0.234898 -0.200371 -0.010418 -0.217996 -0.095684 -0.107887 -0.198748 -0.074243 -0.171555 -0.317420 -0.196493 -0.030331 -0.083755 -0.180725 -0.275513 0.037579 -0.369405 -0.273530 0.162495 0.212555 0.119804 0.433530 -0.059686 0.100109 0.090265 -0.112164 -0.155598 -0.218649 -0.314649 -0.189673 -0.162243 0.003956 -0.197293 -0.067352 -0.171387 -0.131493 -0.132534 -0.153463 0.019536 0.033729 -0.078086 -0.028424 0.220986 0.191804 0.183581 -0.019072 0.297504 0.135957 -0.095837 0.177329 -0.092428 -0.099573 -0.097559 -0.080451 0.020111 -0.193834 0.162266 0.245949 -0.154544 -0.077287 -0.274934 -0.090651 0.094140 0.049724 0.092222 -0.019004 0.225109 -0.000165 0.173391 -0.206760
