1.000000 0.312044 -0.023554 -0.311060 -0.262683 -0.414289 0.037938 -0.026685 -0.242349 -0.298675 0.331349 0.131134 0.206566 0.152095 0.079849 -0.298982 0.474443 0.307830 0.209114 0.158524 -0.275974 -0.221775 -0.001765 -0.188901 -0.376693 -0.433788 -0.159530 -0.089469 0.179506 0.114114 -0.007063 -0.221113 -0.068251 -0.022329 0.056152 -0.208467 -0.093756 -0.117169 -0.093487 -0.096213 -0.035277 -0.106758 0.055691 0.206801 -0.071635 -0.090954 0.019012 0.024383 -0.024353 -0.064496 -0.089967 -0.136717 -0.146495 -0.003024 0.066416 0.119981 0.550717 0.181550 0.219246 0.015923 0.161178 0.235994 0.197477 0.300999 -0.159060 -0.026081 -0.343076 -0.016638 -0.172020 -0.210762 -0.191652 -0.363377 0.196840 0.088012 0.222137 0.098465 0.130961 0.061672 0.018747 0.007867 0.210193 0.195984 0.230600 -0.184156 -0.057234 -0.190389 -0.010791 0.117118 0.039501 -0.169275 -0.209526 -0.206665 -0.413769 -0.253064 -0.227069 0.003974 -0.128521 -0.234967 0.013061 -0.083553 -0.135936 -0.287148 -0.324329 -0.244683 -0.314009 -0.066207 0.298816 0.174475 -0.183792 -0.348170 -0.242317 -0.069638 -0.098021 -0.018662 0.071065 0.214996
0.312044 1.000000 0.063212 -0.219179 -0.386134 -0.328406 -0.008036 -0.158928 -0.340165 -0.372470 0.132744 0.051210 0.102366 0.126457 -0.268284 -0.393299 0.099190 0.170679 0.033797 0.066200 -0.078322 -0.343208 -0.154805 -0.325069 -0.406506 -0.350481 -0.233093 -0.257300 0.012143 0.100009 -0.121838 -0.312375 0.024217 -0.104793 -0.073215 -0.093204 -0.167176 -0.010602 -0.073499 -0.020880 -0.038008 -0.143545 -0.000824 0.150494 0.183637 -0.046901 0.067896 0.201225 0.263400 0.223434 0.162664 0.176418 0.229095 0.148802 0.244020 0.412433 -0.011754 0.414315 0.244353 0.568228 0.225186 0.248648 0.236866 0.320975 -0.163210 -0.156589 -0.087269 -0.035169 -0.212420 0.005971 -0.314567 -0.425649 0.119005 -0.093381 -0.096351 -0.079053 0.090286 -0.065190 -0.105428 0.076775 0.020704 0.085098 0.135914 -0.104229 -0.128895 -0.142729 0.231023 0.241912 -0.060260 0.044805 0.036406 -0.064590 -0.330144 -0.208726 -0.322282 0.003117 0.116355 -0.181263 0.238999 -0.069009 -0.078856 0.026607 -0.062227 0.000634 0.000814 -0.186289 0.187773 0.006502 0.017172 -0.382302 -0.105351 0.144823 0.270690 0.163677 -0.115370 0.075553
-0.023554 0.063212 1.000000 0.267452 0.130755 0.036430 0.775963 0.455633 0.168080 0.038548 0.396383 0.262770 0.375299 0.322612 -0.098101 -0.062944 -0.471613 -0.495619 0.193037 -0.036288 0.210485 -0.197030 0.215398 0.096015 -0.029637 0.086779 -0.057809 -0.220474 -0.269737 -0.188324 0.180055 0.114995 -0.047346 0.323860 -0.101101 0.236986 -0.494762 -0.422402 -0.220040 -0.082559 -0.397182 -0.328342 -0.184001 -0.169336 0.170305 -0.065726 -0.187907 -0.061672 0.392870 -0.008965 0.151241 -0.001146 0.012713 0.005714 -0.239951 -0.175056 -0.384903 -0.268155 0.304083 0.129462 0.392899 0.234770 -0.186599 -0.108832 0.399168 0.212218 0.384342 0.253923 -0.140359 0.037442 -0.082289 -0.232056 -0.244639 -0.247913 -0.095380 0.011847 -0.156379 -0.336303 -0.386441 -0.332066 -0.423939 -0.423815 -0.008293 -0.017529 0.109023 -0.286558 -0.037699 0.038308 0.045047 0.146631 -0.057299 -0.052077 0.031036 -0.009883 -0.214741 0.039873 -0.216273 -0.108326 -0.300465 -0.450214 0.016312 0.055236 0.116597 0.071845 0.225788 -0.133138 -0.253094 0.062332 -0.114295 -0.024032 -0.155786 -0.511578 -0.001842 0.258546 -0.067914 -0.154185
-0.311060 -0.219179 0.267452 1.000000 0.059677 0.324232 0.220072 0.365050 0.044525 0.283615 -0.287356 -0.013521 -0.411905 -0.011230 -0.129715 0.034139 -0.445933 -0.462243 0.031005 0.119673 0.384659 0.028303 0.190925 0.401015 0.175974 0.319079 0.190889 0.202106 -0.384769 -0.374193 -0.066683 0.128381 -0.132604 0.205531 0.020901 0.375779 -0.121339 0.137343 0.045703 0.280040 0.027600 0.121340 -0.348596 -0.495324 -0.057913 0.078399 -0.293153 -0.096467 -0.119315 -0.112601 -0.107614 -0.202487 -0.125569 -0.161381 -0.214722 -0.166895 -0.321464 -0.373963 -0.236060 0.131697 -0.024320 -0.002667 -0.118778 -0.039303 0.307684 0.212072 0.170324 0.377154 -0.026680 0.017677 -0.139075 0.120925 -0.379231 -0.302317 -0.265653 -0.297905 -0.439717 -0.348338 -0.179150 -0.288250 -0.166793 -0.276092 0.066302 0.404605 -0.082457 0.030516 0.023242 0.158290 0.197261 0.286114 0.118298 -0.002422 0.317539 0.041678 0.120636 -0.013026 0.045793 0.123299 -0.165855 -0.204111 0.018831 -0.106637 0.027549 0.185436 0.172167 0.306527 -0.132487 0.087595 0.214667 0.124458 0.071569 -0.307155 -0.170750 -0.029170 -0.047028 0.023147
-0.262683 -0.386134 0.130755 0.059677 1.000000 0.604275 0.247777 0.270889 0.593676 0.549877 0.117080 0.226890 0.125622 0.112659 0.146691 0.601048 -0.268372 -0.256413 -0.102693 -0.123200 0.263327 0.447236 -0.082317 0.091331 0.663946 0.439163 0.200434 -0.111010 -0.182567 -0.094839 0.042604 0.095131 -0.152623 0.207512 -0.169653 0.297108 -0.098328 -0.411734 -0.038437 -0.128829 -0.139975 -0.191624 -0.235271 -0.225857 -0.047744 -0.048301 -0.240884 -0.374972 0.093930 -0.040427 0.022235 -0.005238 -0.056542 -0.117181 -0.161852 -0.401230 -0.139839 -0.135368 0.083625 -0.166906 0.228107 0.224921 -0.205821 -0.191093 0.398153 0.286044 0.070214 -0.022397 -0.038344 -0.044438 -0.088084 0.099637 -0.178494 -0.122836 -0.065715 0.010259 -0.103950 -0.132752 -0.062941 -0.345266 -0.263511 -0.312838 -0.082305 0.005624 0.160560 0.133344 -0.237237 -0.496853 0.101737 0.177150 -0.025836 0.076437 0.337914 0.178999 0.191188 0.049507 -0.526110 -0.012647 -0.339544 -0.226292 0.053352 0.048969 0.150499 -0.181804 0.110591 0.129333 -0.302325 0.216855 0.056462 0.259101 -0.257986 -0.083812 0.207150 0.129165 0.048226 -0.055844
-0.414289 -0.328406 0.036430 0.324232 0.604275 1.000000 -0.032551 0.140298 0.337347 0.676104 -0.172675 0.114939 -0.209828 -0.055294 -0.124195 0.546454 -0.409498 -0.265245 -0.278883 -0.099396 0.525170 0.562705 0.004816 0.196742 0.553983 0.467069 0.403646 0.137583 -0.372033 -0.186125 -0.125608 0.002164 -0.062086 0.144880 -0.074145 0.394745 -0.105675 -0.097246 -0.053500 0.081048 -0.119987 0.129791 -0.209773 -0.333160 -0.035914 0.087095 -0.251275 -0.188928 0.097899 -0.077112 0.002357 0.009880 -0.113148 -0.089277 0.022354 -0.301967 -0.070676 -0.170456 -0.011125 -0.191438 -0.024503 0.086930 -0.278725 -0.327072 0.308634 0.487773 0.118041 0.045098 -0.034763 0.035869 0.117563 0.306256 -0.349683 -0.161575 -0.153432 -0.107071 -0.175877 -0.162024 -0.084518 -0.187986 -0.297927 -0.284101 -0.221168 0.028124 0.073503 0.042556 -0.142490 -0.244957 0.215146 0.475246 0.105976 0.098995 0.435096 0.236274 0.332209 -0.155954 -0.172214 0.243393 -0.260214 -0.126845 -0.053887 0.076118 0.183355 0.117594 0.192644 0.140604 -0.228249 0.045013 -0.025924 0.314663 -0.027999 -0.006649 0.307069 0.282192 0.253476 -0.081854
0.037938 -0.008036 0.775963 0.220072 0.247777 -0.032551 1.000000 0.612961 0.358851 0.113304 0.359666 0.327467 0.542733 0.446763 0.168994 0.173511 -0.278984 -0.372114 0.193222 -0.142742 0.068800 -0.210595 0.096203 -0.000024 0.027972 0.073934 -0.227668 -0.272510 -0.002946 0.031704 0.336713 0.257629 0.062232 0.489169 -0.165873 0.207503 -0.319191 -0.480251 -0.114169 -0.184945 -0.282022 -0.266573 -0.394280 -0.264590 0.007868 -0.191509 -0.356853 -0.381678 0.181132 -0.128661 0.022109 -0.114641 -0.058217 -0.154637 -0.226358 -0.269137 -0.366817 -0.248506 0.213535 0.012752 0.618351 0.398529 0.041523 0.088332 0.572397 0.207845 0.236826 0.105717 -0.103908 -0.083041 -0.133163 -0.199794 0.012556 -0.016490 0.153929 0.216523 0.088015 -0.228813 -0.364994 -0.382227 -0.322964 -0.256473 0.140509 0.108062 0.101650 -0.124476 -0.263520 -0.131575 -0.007574 0.112968 -0.299394 -0.296054 -0.148853 -0.273054 -0.280971 -0.047719 -0.450086 -0.323968 -0.456319 -0.537996 -0.113407 -0.098631 0.044442 -0.143301 0.192804 -0.218551 -0.292428 0.120708 -0.141825 -0.084452 -0.407657 -0.554165 -0.186705 0.060712 -0.146902 -0.127084
-0.026685 -0.158928 0.455633 0.365050 0.270889 0.140298 0.612961 1.000000 0.163331 0.548772 0.402834 0.688782 0.379164 0.645408 0.126327 0.411983 -0.112315 -0.213419 -0.134709 -0.254360 0.098039 -0.014304 -0.016176 0.114861 0.203490 0.157629 -0.169060 -0.185466 -0.144732 0.006596 0.207226 0.202216 -0.297233 0.323274 -0.292717 0.194573 -0.292427 -0.302571 -0.163298 -0.194789 -0.280672 -0.216971 -0.087489 0.065423 0.270854 0.187527 -0.034788 -0.227978 0.313346 0.153462 0.260793 0.104733 0.009852 0.009006 -0.185004 -0.090010 -0.232111 -0.367034 0.156524 -0.121012 0.195759 0.398021 -0.342725 -0.270124 0.409860 0.524628 0.110879 0.121607 -0.357167 -0.330045 -0.247488 -0.050351 -0.175436 0.032152 0.146566 0.155795 0.031237 -0.152870 -0.172419 -0.459507 -0.380509 -0.381849 -0.037232 0.087232 0.220559 0.059308 -0.351463 -0.167341 -0.000713 0.264803 -0.252012 -0.430784 -0.153273 -0.483177 -0.400547 0.011821 -0.384079 -0.424388 -0.289773 -0.459151 0.078977 -0.359349 -0.049448 -0.414935 0.115360 -0.342096 -0.268557 0.014936 -0.155856 -0.140922 -0.448255 -0.279988 0.113025 0.036190 -0.003618 -0.214947
-0.242349 -0.340165 0.168080 0.044525 0.593676 0.337347 0.358851 0.163331 1.000000 0.310069 0.092991 0.046328 0.249343 -0.009729 0.446018 0.567998 -0.182575 -0.166323 0.103757 -0.110513 0.155006 0.094471 0.200984 0.301034 0.484696 0.512208 0.091871 -0.001033 0.132532 0.104285 0.450983 0.532994 -0.118503 0.356088 0.179096 0.440918 0.144375 -0.174806 0.254888 0.074551 0.228752 0.103681 -0.500510 -0.508248 -0.322374 -0.295356 -0.551387 -0.527649 -0.293929 -0.389519 -0.215060 -0.433122 -0.455013 -0.428173 -0.372015 -0.624500 -0.168491 0.071642 -0.081831 -0.441458 0.239799 0.134033 -0.035539 -0.018652 0.493711 0.058873 -0.132406 -0.186777 -0.074552 0.034823 0.139734 0.330622 0.051030 0.113597 0.175026 0.303817 0.048771 0.001135 -0.107985 -0.165622 -0.158001 -0.032048 0.201966 0.330419 0.181420 0.043850 -0.215390 -0.291610 0.073641 -0.042481 -0.138391 0.027454 0.149293 0.148471 0.297486 0.201944 -0.552299 -0.005868 -0.564111 -0.359841 -0.178176 0.040762 0.122403 -0.228830 -0.065060 0.133640 -0.199309 0.190588 0.156059 0.326076 -0.258548 -0.339875 -0.105619 -0.048964 0.019696 0.023284
-0.298675 -0.372470 0.038548 0.283615 0.549877 0.676104 0.113304 0.548772 0.310069 1.000000 0.078780 0.537757 -0.002580 0.300786 0.096365 0.686028 -0.165567 -0.192296 -0.349913 -0.251630 0.236460 0.313471 -0.189402 0.075425 0.571609 0.339200 0.150903 -0.049133 -0.260525 0.023293 0.084696 0.117381 -0.253237 0.050331 -0.277240 0.269700 -0.195006 -0.239671 -0.118193 -0.131989 -0.171825 -0.042486 -0.002753 0.041219 0.252002 0.381132 0.005399 -0.172840 0.155849 0.189557 0.196911 0.212600 -0.000347 0.101299 -0.055775 -0.113433 -0.080559 -0.310020 -0.005536 -0.247217 -0.053395 0.221989 -0.438161 -0.437460 0.304033 0.549395 -0.021215 0.050246 -0.247492 -0.226633 -0.156107 0.139038 -0.238770 -0.066013 0.026590 -0.100551 -0.189450 -0.237821 -0.148768 -0.407354 -0.367298 -0.409980 -0.197094 0.194739 0.104991 0.227946 -0.393200 -0.322115 -0.087087 0.307398 0.052687 -0.079836 0.170083 -0.147593 -0.089890 -0.043477 -0.325565 -0.149853 -0.088557 -0.179975 0.086603 -0.213387 -0.060205 -0.294151 0.214745 -0.074186 -0.266063 -0.045613 -0.133128 0.092482 -0.325540 -0.015933 0.393591 0.000118 0.111011 -0.204219
0.331349 0.132744 0.396383 -0.287356 0.117080 -0.172675 0.359666 0.402834 0.092991 0.078780 1.000000 0.633905 0.640040 0.481538 0.299745 0.107137 -0.048936 -0.183236 0.058480 -0.131352 0.083419 -0.034596 0.173503 0.167785 0.132297 0.099920 0.039044 -0.104541 -0.041316 -0.098237 0.487657 0.298950 -0.291267 0.299591 -0.137805 0.102664 -0.491737 -0.559114 -0.199448 -0.313170 -0.474413 -0.404125 0.066229 0.308402 0.272500 0.144491 0.019151 -0.147314 0.420337 0.166016 0.516789 0.097800 -0.193186 -0.043384 -0.253012 -0.117341 0.043847 -0.097883 0.414083 -0.007649 0.051628 0.057686 -0.359927 -0.262998 0.353036 0.291277 0.031721 0.244477 -0.425171 -0.331124 -0.200344 -0.196571 -0.152472 -0.038697 0.062186 0.286078 0.092319 -0.174215 -0.234478 -0.437679 -0.391341 -0.465975 0.143138 -0.151376 0.443229 -0.060759 -0.162419 -0.130160 0.062469 -0.119538 -0.241675 -0.193790 -0.274573 -0.194582 -0.494123 0.055930 -0.413597 -0.592895 -0.313364 -0.479119 -0.080057 -0.140709 0.000259 -0.302183 -0.111352 -0.249278 -0.057308 0.221574 -0.124724 -0.208188 -0.419533 -0.313277 0.123536 0.231546 -0.076113 -0.023911
0.131134 0.051210 0.262770 -0.013521 0.226890 0.114939 0.327467 0.688782 0.046328 0.537757 0.633905 1.000000 0.409560 0.792372 0.087998 0.436315 -0.043329 -0.100243 -0.215041 -0.269938 0.195239 0.071791 -0.176867 -0.005329 0.227373 0.104007 -0.103180 -0.216483 -0.078902 0.143446 0.308619 0.182978 -0.336196 0.189432 -0.351198 0.081735 -0.313396 -0.435329 -0.230027 -0.310355 -0.348248 -0.344440 0.119969 0.350855 0.477828 0.327477 0.165046 -0.153467 0.448082 0.356742 0.469960 0.304529 -0.015668 0.026935 -0.105442 0.068185 -0.039605 -0.364185 0.304663 -0.034777 0.116292 0.349846 -0.385017 -0.224914 0.313709 0.516528 -0.036396 0.135600 -0.513307 -0.465690 -0.173949 0.028660 -0.076677 0.048409 0.181945 0.182144 0.156704 -0.041895 -0.272799 -0.545814 -0.438992 -0.471868 -0.088660 -0.018883 0.251284 0.226787 -0.371930 -0.272601 -0.182258 0.160370 -0.318464 -0.391368 -0.314467 -0.492467 -0.529564 -0.055402 -0.399938 -0.613180 -0.225838 -0.481976 0.030181 -0.332599 0.009202 -0.402027 0.201753 -0.409186 -0.207528 0.027526 -0.134555 -0.242907 -0.564254 -0.203261 0.382639 0.100179 -0.004228 -0.237311
0.206566 0.102366 0.375299 -0.411905 0.125622 -0.209828 0.542733 0.379164 0.249343 -0.002580 0.640040 0.409560 1.000000 0.564813 0.272693 0.231914 0.156049 0.100703 0.120351 -0.179609 -0.158391 -0.071337 -0.042715 -0.142186 -0.132784 -0.121250 -0.276176 -0.336556 0.378774 0.336452 0.391392 0.277920 0.065513 0.323165 -0.295513 -0.126004 -0.147501 -0.478183 -0.210622 -0.370599 -0.259002 -0.225766 0.040525 0.176941 0.060707 -0.190292 0.023258 -0.260979 0.168907 0.017466 0.123355 0.090933 0.058641 0.040277 -0.111818 -0.223292 -0.076778 -0.032591 0.189018 -0.194579 0.347248 0.234670 0.000145 -0.054527 0.166315 0.001176 0.090660 -0.290993 -0.149607 -0.082638 0.110170 -0.070715 0.277153 0.281279 0.337905 0.536673 0.353063 0.139888 -0.041175 -0.059075 -0.100948 -0.005113 0.048974 -0.247103 0.154958 -0.076355 -0.323987 -0.238582 -0.192775 -0.128822 -0.275910 -0.295422 -0.334897 -0.303265 -0.358628 0.017215 -0.461630 -0.399388 -0.266919 -0.346406 -0.054384 -0.130913 -0.018933 -0.306095 0.004112 -0.442989 -0.092285 0.050838 -0.365825 -0.238259 -0.412298 -0.221246 0.050651 0.065279 -0.063323 -0.187856
0.152095 0.126457 0.322612 -0.011230 0.112659 -0.055294 0.446763 0.645408 -0.009729 0.300786 0.481538 0.792372 0.564813 1.000000 -0.011923 0.359855 0.156159 0.075057 -0.044187 -0.242401 0.002266 -0.065050 -0.375095 -0.284893 -0.097638 -0.193021 -0.360135 -0.397777 0.155747 0.400452 0.168867 0.092761 -0.064504 0.182732 -0.493172 -0.098290 -0.197419 -0.324172 -0.285233 -0.258781 -0.283777 -0.222466 0.066287 0.226018 0.366131 0.057430 0.125767 -0.219940 0.281956 0.294338 0.163853 0.263663 0.111134 0.001346 -0.143546 0.066390 -0.089892 -0.317826 0.166402 0.027402 0.427830 0.472441 0.013771 0.080721 0.112484 0.180479 0.135935 -0.174975 -0.229620 -0.261122 -0.043599 0.031130 0.277604 0.268231 0.326620 0.342001 0.364463 0.175811 -0.077073 -0.207025 -0.134201 -0.132474 -0.008690 -0.051710 -0.062369 0.217124 -0.326631 -0.226196 -0.373661 0.180197 -0.406830 -0.533384 -0.368110 -0.631017 -0.428559 -0.039379 -0.387500 -0.505454 -0.254251 -0.340108 0.059316 -0.406135 0.044440 -0.342185 0.272846 -0.542328 -0.223267 -0.085612 -0.270911 -0.373886 -0.521955 -0.245911 0.233581 -0.002471 -0.007917 -0.238155
0.079849 -0.268284 -0.098101 -0.129715 0.146691 -0.124195 0.168994 0.126327 0.446018 0.096365 0.299745 0.087998 0.272693 -0.011923 1.000000 0.317730 0.101121 -0.065967 0.262517 -0.245510 0.030156 0.003159 0.456121 0.309261 0.332364 0.373072 0.395238 0.511569 0.236390 0.085544 0.545013 0.403503 -0.140557 0.061981 0.305728 0.022917 0.219365 0.015956 0.466677 0.128374 0.198372 0.079179 -0.328819 -0.208441 -0.402860 -0.295058 -0.373217 -0.527852 -0.424290 -0.513966 -0.027263 -0.542682 -0.487781 -0.299541 -0.134804 -0.296541 0.084832 0.031301 -0.138048 -0.450653 -0.018030 -0.089985 -0.057773 -0.056661 0.446740 -0.008080 -0.257741 -0.045361 -0.106602 -0.267903 0.181425 0.101796 0.155942 0.188600 0.293691 0.323734 0.082364 -0.100848 -0.148200 -0.228032 -0.125829 -0.003869 0.653333 0.350700 0.436180 0.217470 -0.003595 0.106983 0.260951 -0.151997 -0.323806 -0.112611 -0.124095 -0.002594 -0.044832 0.193996 -0.348891 -0.260887 -0.433172 -0.306959 -0.297036 -0.030503 -0.091368 -0.200354 -0.301332 0.086432 -0.028416 0.055007 -0.038810 -0.051652 -0.264254 -0.448096 -0.342696 -0.128737 0.023405 0.099298
-0.298982 -0.393299 -0.062944 0.034139 0.601048 0.546454 0.173511 0.411983 0.567998 0.686028 0.107137 0.436315 0.231914 0.359855 0.317730 1.000000 -0.032389 -0.051275 -0.117364 -0.178685 0.146566 0.296472 -0.192528 0.021386 0.526417 0.352625 0.058664 -0.060726 0.138849 0.267436 0.154442 0.320245 0.011320 0.175093 -0.276225 0.103697 0.088002 -0.172252 0.046039 -0.081370 0.075677 0.039767 -0.049551 -0.073073 -0.106911 -0.051033 -0.129907 -0.290649 -0.137282 -0.112067 -0.054944 -0.109909 -0.098185 -0.113416 -0.098354 -0.326960 -0.222903 -0.292468 -0.141925 -0.409900 0.175306 0.244058 -0.161561 -0.201168 0.268674 0.309863 -0.081844 -0.304410 -0.042528 -0.074139 0.119633 0.378872 0.090482 0.078104 0.162374 0.316419 0.167993 0.132534 0.092514 -0.192118 -0.122295 -0.067518 0.072040 0.170619 0.065955 0.157570 -0.459569 -0.465872 -0.062051 0.177444 -0.147875 -0.230817 0.020903 -0.182499 0.118706 0.034268 -0.381368 -0.109198 -0.336717 -0.246886 -0.088492 -0.027890 0.103856 -0.185961 0.198259 -0.110277 -0.273489 0.014725 -0.043257 0.170317 -0.248692 -0.052917 0.172906 -0.013964 0.235090 -0.136116
0.474443 0.099190 -0.471613 -0.445933 -0.268372 -0.409498 -0.278984 -0.112315 -0.182575 -0.165567 -0.048936 -0.043329 0.156049 0.156159 0.101121 -0.032389 1.000000 0.835946 -0.100873 0.135415 -0.465108 0.076292 -0.356249 -0.375588 -0.238837 -0.408748 -0.352224 -0.197490 0.615760 0.582078 -0.049510 -0.106575 0.047458 -0.132465 -0.127118 -0.499243 0.360394 0.138941 -0.028244 -0.268683 0.323995 0.337047 0.255045 0.345252 -0.157252 -0.094374 0.206474 -0.001595 -0.354851 -0.042036 -0.258545 -0.001464 0.034511 0.129042 -0.111834 0.102425 0.430600 0.370324 -0.338020 -0.296563 0.111599 0.081934 0.428114 0.367201 -0.513444 -0.369424 -0.431430 -0.446501 0.002561 -0.030899 0.006209 0.007388 0.601458 0.520921 0.460304 0.239399 0.411166 0.514220 0.593062 0.514202 0.720173 0.674651 0.175392 -0.039123 -0.258144 0.131561 -0.275220 -0.204284 -0.325725 -0.390762 -0.154213 -0.337843 -0.476695 -0.440219 -0.141808 -0.127837 -0.180291 -0.217036 0.255630 0.173417 -0.084942 -0.405593 -0.505306 -0.434171 -0.395148 -0.196769 0.216491 -0.051370 -0.153384 -0.245623 -0.155691 0.294956 -0.097431 -0.441716 -0.019200 0.007155
0.307830 0.170679 -0.495619 -0.462243 -0.256413 -0.265245 -0.372114 -0.213419 -0.166323 -0.192296 -0.183236 -0.100243 0.100703 0.075057 -0.065967 -0.051275 0.835946 1.000000 -0.105362 0.038733 -0.381116 0.096917 -0.289807 -0.349986 -0.284888 -0.402077 -0.253788 -0.185856 0.610359 0.660581 -0.052885 -0.080165 0.065089 -0.203871 -0.093781 -0.397971 0.433064 0.276555 -0.079791 -0.206355 0.360978 0.387794 0.187776 0.244615 -0.167571 -0.124591 0.212922 0.048574 -0.345541 0.006522 -0.281621 0.007055 0.115311 0.136302 -0.014162 0.132275 0.354378 0.477017 -0.352929 -0.312989 0.040344 0.065477 0.457977 0.356589 -0.526754 -0.415227 -0.450682 -0.563434 -0.010513 -0.019492 0.153239 0.175715 0.605775 0.584913 0.392549 0.287328 0.474822 0.578902 0.547766 0.586014 0.634420 0.690867 0.023885 -0.088078 -0.280050 0.066585 -0.137084 -0.154448 -0.380346 -0.312422 -0.081387 -0.219400 -0.339507 -0.288171 -0.060430 -0.162939 -0.089916 -0.100282 0.338685 0.285961 -0.021190 -0.271132 -0.277322 -0.318768 -0.323815 -0.274333 0.187927 -0.214111 -0.170905 -0.272078 -0.087278 0.426734 0.064478 -0.388967 -0.017345 -0.060163
0.209114 0.033797 0.193037 0.031005 -0.102693 -0.278883 0.193222 -0.134709 0.103757 -0.349913 0.058480 -0.215041 0.120351 -0.044187 0.262517 -0.117364 -0.100873 -0.105362 1.000000 0.289229 -0.206940 -0.269227 0.274068 0.178662 -0.254671 -0.064444 0.158511 0.138839 0.124025 0.065604 0.127480 0.100290 0.345490 0.070709 0.077299 -0.200380 0.048780 -0.085187 -0.032322 0.069269 0.155225 -0.120875 -0.084961 -0.243718 -0.179660 -0.328897 -0.134463 -0.151965 -0.348864 -0.165780 -0.261660 -0.354702 0.012349 0.173579 -0.073071 -0.133975 0.106920 -0.142985 -0.081707 -0.202991 0.053181 -0.256925 0.221107 0.067419 -0.052057 -0.481201 0.129353 -0.192478 0.416564 0.266006 0.175687 -0.197506 0.177278 0.008794 0.079732 0.056065 0.097237 0.022436 -0.092185 0.026199 0.040970 0.004882 0.336444 0.013790 -0.081480 -0.057784 0.329683 0.176553 -0.148940 -0.219130 -0.203696 0.054590 0.069758 0.144534 0.179702 0.182841 -0.071792 0.120723 -0.201431 0.011828 -0.137900 0.004658 0.056513 0.298049 0.026698 0.137672 -0.302955 0.182982 0.046516 0.070395 0.009188 -0.361671 -0.197596 -0.016869 0.059514 0.307937
0.158524 0.066200 -0.036288 0.119673 -0.123200 -0.099396 -0.142742 -0.254360 -0.110513 -0.251630 -0.131352 -0.269938 -0.179609 -0.242401 -0.245510 -0.178685 0.135415 0.038733 0.289229 1.000000 -0.262762 0.017423 -0.153973 0.101633 -0.171716 -0.204050 -0.100775 -0.213445 0.049661 -0.131747 -0.270474 -0.160347 0.288729 0.269305 -0.132705 -0.192833 -0.102586 -0.185819 -0.229481 -0.145747 0.158393 -0.020593 0.183614 0.001111 -0.164714 -0.177699 -0.019746 0.252642 -0.276256 -0.115131 -0.363103 -0.183730 0.038714 0.124665 -0.182611 -0.231652 0.110713 -0.063318 -0.355266 0.014128 -0.078845 -0.363669 0.104184 0.091844 -0.379868 -0.370975 0.063845 0.029149 0.395740 0.678682 -0.272112 -0.265899 -0.092499 -0.389731 -0.323678 -0.376190 -0.228457 0.034242 0.331393 0.368619 0.463637 0.136116 0.183952 -0.008921 -0.339834 -0.318276 -0.013240 -0.168049 -0.017932 -0.230132 0.329740 0.224113 0.088711 0.173496 0.335778 -0.076575 0.042302 0.263769 0.121940 0.103274 -0.008823 0.105484 -0.280285 0.306777 0.076203 0.528614 -0.135403 0.388097 0.326882 0.287247 0.446233 0.090196 -0.161269 -0.006376 0.148249 0.419156
-0.275974 -0.078322 0.210485 0.384659 0.263327 0.525170 0.068800 0.098039 0.155006 0.236460 0.083419 0.195239 -0.158391 0.002266 0.030156 0.146566 -0.465108 -0.381116 -0.206940 -0.262762 1.000000 0.466676 0.329757 0.367999 0.527561 0.686182 0.556420 0.389720 -0.298224 -0.300509 0.106828 0.224091 -0.271200 0.172699 0.273204 0.415663 -0.076642 0.053659 0.104992 0.153452 -0.098379 0.105927 -0.342109 -0.390136 -0.043188 0.063697 -0.351795 -0.301299 0.172174 -0.157433 0.231113 -0.140147 -0.366784 -0.338922 -0.241736 -0.210639 -0.166866 -0.100511 0.115657 0.003790 0.023433 -0.036832 -0.222583 -0.215978 0.549597 0.417158 0.202012 0.435968 -0.354052 -0.215628 0.184942 0.291369 -0.344113 -0.170057 -0.182116 -0.025340 -0.193911 -0.200296 -0.289985 -0.361491 -0.379771 -0.317451 0.062269 0.163420 0.427011 0.251823 0.089289 0.099502 0.293340 0.154931 -0.179947 0.000365 0.185942 0.184011 0.000635 -0.232533 -0.111306 -0.117102 -0.392211 -0.375249 -0.309178 0.013523 0.225576 0.108433 0.054259 0.086838 -0.017982 0.103798 0.020929 0.025699 -0.171855 -0.387358 0.107013 0.295474 0.010426 -0.171061
-0.221775 -0.343208 -0.197030 0.028303 0.447236 0.562705 -0.210595 -0.014304 0.094471 0.313471 -0.034596 0.071791 -0.071337 -0.065050 0.003159 0.296472 0.076292 0.096917 -0.269227 0.017423 0.466676 1.000000 0.093501 0.305900 0.534561 0.496087 0.376056 0.305511 -0.029663 -0.078350 -0.011591 0.161510 -0.127998 0.191726 -0.033518 0.026942 0.017817 -0.207177 -0.219517 -0.363379 -0.126344 0.154011 0.066680 -0.030167 -0.125886 0.126594 -0.035371 -0.294351 -0.048223 -0.112072 0.182782 0.036987 -0.083712 -0.042763 -0.238100 -0.423097 0.144706 0.002777 -0.302804 -0.362098 -0.135932 -0.238924 -0.086417 -0.177539 0.131478 0.207807 -0.038297 0.085468 -0.043935 0.016306 0.195276 0.375252 -0.150905 0.060341 0.058467 0.004839 -0.028559 0.120590 0.218485 -0.067091 0.053557 -0.071486 -0.134228 -0.203569 0.177212 0.393102 -0.332641 -0.453439 0.079497 -0.148098 -0.041078 -0.014677 0.230581 0.155712 0.099635 -0.451313 -0.330380 -0.129705 -0.103912 -0.093742 -0.231990 -0.149314 -0.100791 -0.005119 -0.138414 0.121383 -0.124192 0.127769 -0.059984 0.249887 -0.139329 0.011687 0.079936 0.164670 0.031390 -0.163625
-0.001765 -0.154805 0.215398 0.190925 -0.082317 0.004816 0.096203 -0.016176 0.200984 -0.189402 0.173503 -0.176867 -0.042715 -0.375095 0.456121 -0.192528 -0.356249 -0.289807 0.274068 -0.153973 0.329757 0.093501 1.000000 0.713821 0.175354 0.534051 0.559523 0.755098 -0.206743 -0.368192 0.488117 0.454430 -0.279467 0.128675 0.638547 0.339775 -0.047860 0.132776 0.326561 0.233039 -0.043718 -0.022962 -0.306422 -0.306105 -0.214839 -0.060756 -0.272924 -0.191749 -0.127862 -0.441545 0.254157 -0.497768 -0.461490 -0.260372 -0.115002 -0.220285 -0.000110 0.050925 0.028383 -0.273978 -0.314904 -0.340687 -0.257530 -0.219994 0.500253 0.164652 -0.140688 0.317609 -0.222728 -0.158066 0.182234 0.176561 -0.306828 -0.067695 0.005737 0.120306 -0.136674 -0.216207 -0.304973 -0.269890 -0.360972 -0.281239 0.277484 0.128966 0.483238 -0.026562 0.361261 0.383576 0.507925 -0.098321 -0.207753 0.074237 0.087649 0.285248 -0.007676 0.023104 0.071722 -0.022826 -0.316627 -0.275018 -0.287391 0.000550 0.038494 0.132435 -0.392754 0.125562 0.040251 -0.024879 0.045390 0.148004 -0.023895 -0.538216 -0.312340 0.223932 0.076573 0.031217
-0.188901 -0.325069 0.096015 0.401015 0.091331 0.196742 -0.000024 0.114861 0.301034 0.075425 0.167785 -0.005329 -0.142186 -0.284893 0.309261 0.021386 -0.375588 -0.349986 0.178662 0.101633 0.367999 0.305900 0.713821 1.000000 0.366012 0.661777 0.483781 0.558931 -0.197394 -0.444503 0.357520 0.553856 -0.314356 0.317642 0.384928 0.432542 -0.064196 -0.026519 0.135458 0.047887 0.013551 0.014446 -0.219735 -0.312036 -0.141190 0.081261 -0.265316 -0.200734 -0.186606 -0.270166 0.164072 -0.404929 -0.439210 -0.284816 -0.359713 -0.484475 -0.041637 -0.183777 -0.202800 -0.300117 -0.522108 -0.528338 -0.429788 -0.409762 0.392602 0.121691 -0.139177 0.405617 -0.210861 -0.118236 0.023030 0.271454 -0.455454 -0.194279 -0.130358 -0.074222 -0.341121 -0.301532 -0.098239 -0.321163 -0.260555 -0.355620 0.176265 0.241704 0.483677 0.141022 0.064792 0.094522 0.345995 -0.158312 -0.022237 0.187292 0.303003 0.363858 0.032209 -0.053594 -0.149560 -0.037510 -0.331480 -0.272926 -0.271199 -0.100527 0.026163 0.082689 -0.185623 0.420082 -0.112296 0.243255 0.195606 0.333134 0.067726 -0.351466 -0.208857 0.106262 -0.033810 0.216246
-0.376693 -0.406506 -0.029637 0.175974 0.663946 0.553983 0.027972 0.203490 0.484696 0.571609 0.132297 0.227373 -0.132784 -0.097638 0.332364 0.526417 -0.238837 -0.284888 -0.254671 -0.171716 0.527561 0.534561 0.175354 0.366012 1.000000 0.790823 0.473574 0.285542 -0.224157 -0.228127 0.270397 0.316954 -0.289563 0.233966 0.124510 0.343237 -0.005731 -0.162174 0.203904 -0.035704 -0.012453 -0.039676 -0.249243 -0.222005 -0.095928 0.126726 -0.296330 -0.397137 -0.014157 -0.123474 0.228478 -0.123839 -0.311859 -0.251244 -0.247633 -0.362353 -0.157496 -0.090266 -0.078376 -0.277882 -0.059532 -0.042876 -0.355622 -0.307171 0.495475 0.435943 -0.002612 0.297726 -0.212322 -0.179431 -0.113945 0.173400 -0.285295 -0.138432 -0.085395 -0.026856 -0.168920 -0.193351 -0.036286 -0.408277 -0.261550 -0.328673 0.070451 0.179911 0.406846 0.388089 -0.278440 -0.375043 0.181349 -0.024051 -0.147828 -0.002130 0.163472 0.143327 0.063588 -0.025228 -0.444962 -0.177618 -0.363201 -0.324520 -0.207463 0.029325 -0.027445 -0.189214 -0.095469 0.247709 -0.213352 0.160829 0.263422 0.270684 -0.235757 -0.173718 0.070305 0.081097 -0.019961 0.025920
-0.433788 -0.350481 0.086779 0.319079 0.439163 0.467069 0.073934 0.157629 0.512208 0.339200 0.099920 0.104007 -0.121250 -0.193021 0.373072 0.352625 -0.408748 -0.402077 -0.064444 -0.204050 0.686182 0.496087 0.534051 0.661777 0.790823 1.000000 0.568915 0.501295 -0.190607 -0.304561 0.394938 0.549402 -0.317966 0.201899 0.321850 0.439166 0.128528 0.004122 0.332038 0.122142 0.117335 0.046429 -0.296953 -0.371906 -0.134072 0.046650 -0.310218 -0.367524 -0.065066 -0.280904 0.237551 -0.281704 -0.412017 -0.312344 -0.282654 -0.405296 -0.249583 -0.126009 -0.122250 -0.324858 -0.207241 -0.235368 -0.385126 -0.386282 0.571422 0.327560 -0.000432 0.302602 -0.324183 -0.151674 0.158470 0.378055 -0.331584 -0.101929 -0.041456 0.089253 -0.160800 -0.130817 -0.155308 -0.400593 -0.398764 -0.375171 0.131060 0.246860 0.494175 0.327445 -0.021569 -0.084013 0.316652 -0.069219 -0.198583 0.017636 0.235929 0.250026 0.095559 -0.072606 -0.257851 -0.131868 -0.425204 -0.395375 -0.338891 -0.007892 0.067366 -0.027744 -0.189108 0.208611 -0.241767 0.113276 0.183199 0.345557 -0.148011 -0.363129 -0.065847 0.149031 0.012486 -0.050326
-0.159530 -0.233093 -0.057809 0.190889 0.200434 0.403646 -0.227668 -0.169060 0.091871 0.150903 0.039044 -0.103180 -0.276176 -0.360135 0.395238 0.058664 -0.352224 -0.253788 0.158511 -0.100775 0.556420 0.376056 0.559523 0.483781 0.473574 0.568915 1.000000 0.730998 -0.319883 -0.343360 0.126335 0.109930 -0.210766 -0.051172 0.360193 0.211695 -0.009133 0.126718 0.156840 0.207224 0.005863 0.034595 -0.208975 -0.266588 -0.270528 0.006234 -0.233678 -0.186994 -0.147491 -0.310287 0.133071 -0.359981 -0.290990 -0.062631 -0.081363 -0.180047 0.133483 -0.039401 -0.057241 -0.189746 -0.370440 -0.383279 -0.232593 -0.339802 0.314537 0.153839 -0.024798 0.355283 -0.050375 -0.185191 0.184098 0.121786 -0.405552 -0.260733 -0.279974 -0.163993 -0.342590 -0.302442 -0.152489 -0.269212 -0.273827 -0.317148 0.301389 0.130753 0.482929 0.171701 0.319436 0.205857 0.362128 0.001010 -0.003714 0.310796 0.389721 0.445505 0.132860 -0.041669 -0.013959 0.079121 -0.187673 -0.065089 -0.218045 0.156849 0.153206 0.232009 -0.134912 0.337824 -0.012927 0.101227 0.058524 0.123844 0.051275 -0.267469 0.037665 0.192086 0.140274 0.159455
-0.089469 -0.257300 -0.220474 0.202106 -0.111010 0.137583 -0.272510 -0.185466 -0.001033 -0.049133 -0.104541 -0.216483 -0.336556 -0.397777 0.511569 -0.060726 -0.197490 -0.185856 0.138839 -0.213445 0.389720 0.305511 0.755098 0.558931 0.285542 0.501295 0.730998 1.000000 -0.203270 -0.277861 0.218982 0.226584 -0.222665 -0.105738 0.563261 0.171829 0.178360 0.360751 0.396312 0.312734 0.068519 0.165009 -0.224437 -0.264936 -0.307433 -0.004583 -0.220610 -0.231854 -0.306817 -0.447183 0.168015 -0.473857 -0.403119 -0.231364 0.042094 -0.102224 0.168530 0.003842 -0.154418 -0.270059 -0.407402 -0.375271 -0.147563 -0.166381 0.320430 0.165750 -0.164512 0.289761 -0.062751 -0.188711 0.276138 0.294547 -0.223040 -0.019529 0.023909 0.011436 -0.147577 -0.137628 -0.184326 -0.214741 -0.195327 -0.135703 0.333800 0.148434 0.408403 0.249493 0.348004 0.369926 0.481882 -0.022721 -0.186453 0.098922 0.164637 0.280495 0.096675 -0.070072 0.179174 0.017914 -0.201075 -0.058735 -0.328359 0.024441 0.055341 0.195834 -0.323883 0.223472 0.121242 -0.122886 -0.002009 0.090057 0.032920 -0.393887 -0.257087 0.135368 0.132419 0.042268
0.179506 0.012143 -0.269737 -0.384769 -0.182567 -0.372033 -0.002946 -0.144732 0.132532 -0.260525 -0.041316 -0.078902 0.378774 0.155747 0.236390 0.138849 0.615760 0.610359 0.124025 0.049661 -0.298224 -0.029663 -0.206743 -0.197394 -0.224157 -0.190607 -0.319883 -0.203270 1.000000 0.675696 0.115214 0.226109 0.240688 0.021228 -0.033427 -0.339954 0.538551 0.184596 0.080773 -0.154732 0.485101 0.347692 0.125463 0.093995 -0.265363 -0.298126 0.090938 -0.078586 -0.475758 -0.196947 -0.380558 -0.173881 -0.100426 -0.073511 -0.101626 -0.134419 -0.040309 0.082865 -0.417720 -0.397848 0.169043 0.001470 0.450046 0.289682 -0.292917 -0.519383 -0.395560 -0.590073 0.035332 0.000145 0.293597 0.256593 0.777787 0.574075 0.530096 0.586331 0.437837 0.547846 0.470038 0.446541 0.559482 0.685622 0.262355 0.216937 -0.199936 0.171155 -0.232272 -0.204558 -0.340327 -0.391021 -0.226797 -0.342813 -0.425690 -0.303917 -0.037506 -0.002141 -0.196199 -0.152275 0.001442 -0.108470 -0.297904 -0.224402 -0.299093 -0.225952 -0.327783 -0.197780 -0.085169 -0.144476 -0.225892 -0.125802 -0.023375 0.144175 -0.316253 -0.407199 -0.030848 -0.018617
0.114114 0.100009 -0.188324 -0.374193 -0.094839 -0.186125 0.031704 0.006596 0.104285 0.023293 -0.098237 0.143446 0.336452 0.400452 0.085544 0.267436 0.582078 0.660581 0.065604 -0.131747 -0.300509 -0.078350 -0.368192 -0.444503 -0.228127 -0.304561 -0.343360 -0.277861 0.675696 1.000000 0.150715 0.160428 0.310121 0.028512 -0.164392 -0.273626 0.392059 0.123560 -0.014814 -0.127693 0.254260 0.265682 0.092884 0.134872 -0.006926 -0.167043 0.207167 -0.105802 -0.348127 0.006216 -0.318829 0.020018 0.099017 0.103738 0.027111 0.096225 0.049075 0.119487 -0.311058 -0.368988 0.315418 0.265886 0.419121 0.269681 -0.263466 -0.363276 -0.326886 -0.676077 0.018411 -0.012483 0.285569 0.253279 0.833211 0.618958 0.589279 0.510748 0.640255 0.645033 0.198098 0.388592 0.305712 0.484419 0.069027 0.181653 -0.283011 0.206686 -0.173537 -0.242593 -0.585074 -0.122449 -0.357190 -0.484560 -0.509015 -0.537815 -0.083416 -0.117606 -0.194159 -0.163345 0.067289 0.025312 -0.221405 -0.354310 -0.178322 -0.389394 -0.122525 -0.442235 -0.269992 -0.451252 -0.313173 -0.265627 -0.229952 0.082977 0.057796 -0.290388 0.187918 -0.198900
-0.007063 -0.121838 0.180055 -0.066683 0.042604 -0.125608 0.336713 0.207226 0.450983 0.084696 0.487657 0.308619 0.391392 0.168867 0.545013 0.154442 -0.049510 -0.052885 0.127480 -0.270474 0.106828 -0.011591 0.488117 0.357520 0.270397 0.394938 0.126335 0.218982 0.115214 0.150715 1.000000 0.806244 -0.179293 0.415424 0.282169 0.237716 -0.094451 -0.225552 0.199372 -0.104553 -0.126883 -0.147398 -0.315249 -0.101939 -0.007225 -0.030890 -0.219537 -0.443679 -0.125257 -0.209297 0.252902 -0.236335 -0.455651 -0.331654 -0.281398 -0.255690 -0.032480 0.069320 0.001588 -0.366971 0.049045 -0.014673 -0.114539 -0.008800 0.549251 0.108645 -0.239131 0.066441 -0.336596 -0.274256 0.088559 0.266483 0.123778 0.261867 0.303798 0.451628 0.243226 0.099038 -0.374695 -0.356786 -0.345918 -0.272417 0.164988 0.231397 0.300039 0.168835 -0.173285 -0.134190 -0.085816 -0.252185 -0.436014 -0.317194 -0.337658 -0.226204 -0.246774 0.045701 -0.405783 -0.478320 -0.407438 -0.437857 -0.213510 -0.208959 -0.088940 -0.269799 -0.258182 -0.156811 -0.129822 -0.065059 0.106498 0.055514 -0.470258 -0.493370 -0.212919 -0.069955 -0.067665 -0.075812
-0.221113 -0.312375 0.114995 0.128381 0.095131 0.002164 0.257629 0.202216 0.532994 0.117381 0.298950 0.182978 0.277920 0.092761 0.403503 0.320245 -0.106575 -0.080165 0.100290 -0.160347 0.224091 0.161510 0.454430 0.553856 0.316954 0.549402 0.109930 0.226584 0.226109 0.160428 0.806244 1.000000 -0.138168 0.465197 0.256904 0.335890 0.015143 -0.115606 0.093873 -0.143022 0.002495 0.033115 -0.200654 -0.177971 -0.127923 0.001698 -0.153065 -0.339322 -0.292791 -0.263596 0.122419 -0.305649 -0.388509 -0.330650 -0.427348 -0.481720 -0.224253 -0.094336 -0.285977 -0.453872 -0.092240 -0.209866 -0.117176 -0.123728 0.448573 0.018566 -0.241198 0.042058 -0.260313 -0.170954 0.198140 0.490650 0.072737 0.183354 0.190363 0.427550 0.159733 0.155413 -0.148732 -0.250559 -0.213210 -0.177730 0.111870 0.357605 0.256944 0.225044 -0.273640 -0.257997 -0.137666 -0.349786 -0.274854 -0.207999 -0.104330 -0.089600 -0.128594 -0.119559 -0.327676 -0.383479 -0.326281 -0.345520 -0.243384 -0.197286 0.030023 -0.156593 -0.229228 -0.042677 -0.198508 -0.073020 0.051466 0.139981 -0.250479 -0.396790 -0.296377 -0.125886 -0.026832 -0.122517
-0.068251 0.024217 -0.047346 -0.132604 -0.152623 -0.062086 0.062232 -0.297233 -0.118503 -0.253237 -0.291267 -0.336196 0.065513 -0.064504 -0.140557 0.011320 0.047458 0.065089 0.345490 0.288729 -0.271200 -0.127998 -0.279467 -0.314356 -0.289563 -0.317966 -0.210766 -0.222665 0.240688 0.310121 -0.179293 -0.138168 1.000000 0.126678 -0.265050 -0.402415 0.114820 0.018227 -0.065925 0.078149 0.000013 0.015005 0.025022 -0.148473 -0.164778 -0.385666 -0.008585 0.011204 -0.270663 -0.101462 -0.427691 -0.035981 0.146091 0.025093 0.262843 0.014096 -0.009682 -0.059939 -0.219431 -0.050361 0.228629 -0.120388 0.379632 0.142991 -0.260181 -0.387566 0.378163 -0.381414 0.736348 0.586370 0.205091 -0.139738 0.417957 0.091962 0.154626 0.094514 0.342633 0.238487 0.192104 0.528880 0.269775 0.321914 0.004954 -0.184789 -0.371010 -0.033721 0.011766 0.008980 -0.229248 0.016561 -0.149182 -0.143399 -0.117507 -0.019186 0.383448 -0.020152 0.187047 0.457866 -0.085267 0.287058 -0.151902 0.171186 0.050265 0.383404 0.297553 0.065312 -0.311339 -0.187335 -0.108380 0.131354 0.405463 0.119916 -0.090247 0.265943 0.361464 0.204098
-0.022329 -0.104793 0.323860 0.205531 0.207512 0.144880 0.489169 0.323274 0.356088 0.050331 0.299591 0.189432 0.323165 0.182732 0.061981 0.175093 -0.132465 -0.203871 0.070709 0.269305 0.172699 0.191726 0.128675 0.317642 0.233966 0.201899 -0.051172 -0.105738 0.021228 0.028512 0.415424 0.465197 0.126678 1.000000 0.056604 0.364604 -0.362264 -0.477488 -0.190826 -0.287641 -0.334446 -0.143861 -0.364899 -0.273881 -0.038825 -0.065243 -0.350941 -0.435730 -0.051573 -0.180881 0.004906 -0.226127 -0.325885 -0.317597 -0.374205 -0.562103 -0.070590 -0.068092 -0.004445 -0.165420 0.265710 0.044843 0.009053 0.033490 0.439293 0.195296 0.040955 0.236933 0.022789 0.097608 -0.211409 0.001064 -0.029253 -0.032615 0.070447 0.177212 0.123766 0.040447 -0.153054 -0.151299 -0.110353 -0.195223 0.070963 0.131279 0.169220 0.021967 -0.366140 -0.417135 0.002309 -0.106134 -0.317454 -0.347951 -0.247280 -0.262039 -0.068225 -0.151420 -0.515332 -0.244183 -0.539179 -0.498770 -0.335122 -0.180691 -0.049674 -0.143576 -0.030551 0.111527 -0.314210 0.251349 0.225864 0.272476 -0.241601 -0.419103 -0.236800 0.171011 0.061788 0.145077
0.056152 -0.073215 -0.101101 0.020901 -0.169653 -0.074145 -0.165873 -0.292717 0.179096 -0.277240 -0.137805 -0.351198 -0.295513 -0.493172 0.305728 -0.276225 -0.127118 -0.093781 0.077299 -0.132705 0.273204 -0.033518 0.638547 0.384928 0.124510 0.321850 0.360193 0.563261 -0.033427 -0.164392 0.282169 0.256904 -0.265050 0.056604 1.000000 0.377191 0.147394 0.386348 0.420117 0.334180 0.183767 0.083580 -0.300360 -0.289780 -0.203276 -0.022319 -0.306402 -0.126832 -0.271417 -0.453610 -0.015821 -0.468303 -0.575082 -0.381943 -0.038735 -0.084372 0.076240 0.256947 0.092437 -0.206288 -0.231888 -0.195128 -0.064217 -0.009824 0.291368 0.054202 -0.240242 0.240883 -0.183699 -0.120009 0.159176 0.184207 -0.068501 -0.012864 0.015459 0.030516 -0.145879 -0.006085 -0.231230 -0.024174 -0.112053 0.052312 0.273055 0.276305 0.334896 0.091359 0.397052 0.337205 0.352570 -0.122690 -0.146091 0.083932 -0.042341 0.239441 0.128574 0.145136 0.125257 0.106328 -0.205184 -0.104694 -0.326972 0.086724 0.004994 0.051039 -0.381084 0.174690 0.151747 -0.085679 0.186369 0.136359 0.029449 -0.315797 -0.330670 0.048480 0.044269 0.104937
-0.208467 -0.093204 0.236986 0.375779 0.297108 0.394745 0.207503 0.194573 0.440918 0.269700 0.102664 0.081735 -0.126004 -0.098290 0.022917 0.103697 -0.499243 -0.397971 -0.200380 -0.192833 0.415663 0.026942 0.339775 0.432542 0.343237 0.439166 0.211695 0.171829 -0.339954 -0.273626 0.237716 0.335890 -0.402415 0.364604 0.377191 1.000000 -0.244064 -0.077352 0.149149 0.167932 -0.171513 0.037473 -0.476707 -0.378305 0.097154 0.287512 -0.339434 -0.180568 0.116231 -0.122109 0.191470 -0.163135 -0.389529 -0.362477 -0.146193 -0.273221 -0.266878 -0.039291 0.249669 0.084801 -0.044619 0.159123 -0.317207 -0.193526 0.536270 0.498736 -0.104669 0.468783 -0.424514 -0.205762 -0.200667 0.195666 -0.341999 -0.179649 -0.100172 0.003297 -0.274239 -0.347092 -0.475914 -0.405686 -0.494812 -0.423614 0.000154 0.355623 0.276966 -0.029696 0.065813 0.068590 0.343380 0.248113 0.024534 0.076398 0.207639 0.185803 -0.066107 0.047287 -0.198413 -0.115124 -0.323466 -0.382139 -0.053465 0.041303 0.178330 -0.195563 -0.122295 0.087868 -0.081636 0.059095 0.051160 0.087046 -0.163152 -0.365548 -0.069667 0.146886 -0.046006 -0.098586
