1.000000 0.278044 -0.148214 -0.278240 0.151403 0.018231 0.245292 -0.306297 0.201056 0.021083 0.421719 0.011036 0.141605 -0.047301 0.190793 -0.145955 0.126486 0.075865 0.052628 0.308995 -0.023853 -0.191040 0.291246 -0.148940 -0.001603 -0.220942 0.097965 0.049211 0.193234 -0.235180 -0.130249 -0.356753 0.018430 -0.012572 0.017327 0.039075 -0.282317 0.025254 0.135450 -0.263209 -0.005262 -0.081145 -0.116607 -0.123970 0.161987 0.062838 0.067759 -0.192129 -0.116948 0.180760 -0.157756 0.073260 -0.007541 0.118785 0.143038 -0.020885 0.402802 0.366340 0.090712 -0.115535 0.291432 0.235139 0.016806 0.120234 0.195725 -0.073005 -0.260194 -0.368866 0.372863 0.313141 -0.084576 -0.325935 -0.112449 -0.102168 0.013923 -0.137252 -0.051036 -0.346163 0.052080 0.118856 0.236380 0.184744 0.057960 -0.409701 0.511846 -0.143119 0.081699 -0.124945 0.311374 0.397081 -0.166576 -0.187393 -0.206762 -0.285126 -0.074366 -0.090863 -0.088877 -0.251968 -0.151963 -0.040293 -0.091333 -0.183858 0.020650 0.117974 0.278621 0.129653 0.115854 -0.191884 -0.142868 -0.031483 -0.304180 -0.308805 -0.380714 0.058474 -0.141937 -0.144834
0.278044 1.000000 -0.143024 -0.069807 -0.355143 -0.233967 -0.078382 0.200276 -0.239763 -0.137270 0.111417 0.236834 0.012479 0.340598 -0.197826 -0.199894 0.061117 0.298308 0.107534 0.216003 -0.239257 -0.371020 -0.218674 -0.489616 -0.265702 -0.396507 -0.222635 -0.183173 0.021037 0.108679 -0.305853 -0.382929 0.309569 -0.041445 -0.443807 -0.394794 -0.089794 -0.043476 0.156095 -0.189898 0.048831 0.049599 0.047969 0.066003 0.016769 0.034704 0.094937 0.126226 -0.035929 0.192741 -0.026657 0.241371 0.164612 0.278586 0.025019 -0.008291 0.167166 0.334225 -0.117211 0.400690 -0.004616 0.367399 0.152666 0.247120 -0.135291 -0.061131 -0.095650 -0.383844 0.297317 0.172228 -0.150149 -0.340533 -0.169654 0.013365 0.080828 -0.167156 -0.174611 -0.303195 0.161445 0.020394 0.230805 0.207817 -0.029535 -0.080559 0.302077 0.062494 -0.003601 0.112494 -0.281139 0.088951 0.035167 -0.105129 0.119389 -0.189991 0.022576 -0.245110 0.086494 -0.191001 0.029752 -0.066721 0.022233 0.051227 -0.003758 0.114188 0.133783 0.094650 0.215930 -0.103441 0.139228 -0.003054 -0.405007 0.059868 0.104304 -0.045236 -0.080517 -0.074707
-0.148214 -0.143024 1.000000 0.520406 -0.067032 -0.020278 0.253189 0.287422 0.194563 0.182327 -0.282299 -0.373798 0.056630 -0.267659 -0.032772 -0.214595 -0.046016 -0.018863 0.525802 0.000039 -0.065696 -0.298720 0.360611 0.237841 -0.087574 0.179946 0.076548 0.073159 -0.102573 -0.124145 0.081413 0.064272 -0.193479 -0.165568 0.239148 0.145707 0.065169 -0.251133 -0.133624 -0.353971 -0.241690 -0.214804 -0.322722 -0.239709 -0.190979 -0.064927 -0.161854 -0.201789 -0.334549 -0.104540 -0.017682 -0.177540 0.061443 -0.135376 -0.030513 -0.033092 -0.096984 -0.188716 -0.129981 -0.136528 0.028378 -0.095832 -0.143128 -0.036067 0.205815 0.179948 -0.002629 0.102390 0.261884 0.291337 -0.040249 -0.204619 -0.081415 -0.060760 -0.094602 -0.097391 0.109644 0.222682 0.094056 -0.085518 -0.148940 -0.159113 -0.121375 0.093955 -0.318204 -0.298060 -0.256995 0.073725 0.040191 0.214122 0.246551 0.322150 0.175899 0.357042 0.056734 -0.033020 -0.030341 0.179489 -0.174085 -0.098711 -0.150372 0.124644 -0.017718 0.180718 0.018690 0.258768 -0.133753 0.084701 0.186013 0.022945 0.191731 -0.063765 -0.044739 0.156401 0.087512 0.027672
-0.278240 -0.069807 0.520406 1.000000 -0.246498 0.081187 -0.119025 0.410451 -0.148868 0.199758 -0.593086 -0.349375 -0.322761 -0.201959 -0.315769 -0.200342 -0.153099 -0.039494 0.353377 -0.135417 -0.117096 -0.106811 0.124985 0.129199 -0.356732 0.097224 0.002893 0.118055 -0.286004 0.000867 0.141985 0.346285 -0.131712 -0.224537 -0.166103 -0.184231 -0.017380 -0.099322 -0.257858 -0.360949 -0.397018 0.051421 -0.105820 0.033998 0.168633 0.182187 0.062925 0.076800 -0.015064 0.215386 -0.069396 0.152015 0.040773 0.159138 -0.248072 0.174027 -0.103179 -0.221761 -0.146337 0.100591 -0.371399 -0.343006 0.067471 -0.082971 -0.053144 -0.045372 0.134916 0.220388 0.028681 0.083212 0.042303 0.067120 -0.095661 0.131977 -0.023214 0.080783 -0.013960 0.236657 0.117783 -0.064709 -0.146389 -0.117994 -0.298270 0.452341 -0.275782 0.060317 -0.437081 0.270223 -0.236059 0.073610 0.003760 0.083099 -0.027126 0.042452 -0.047384 -0.045735 -0.090925 -0.086158 0.065216 -0.049222 0.073757 0.484252 -0.233328 -0.069920 -0.018611 0.024317 -0.032355 0.100198 0.154299 -0.067247 -0.124116 0.112302 0.070036 -0.234673 0.153654 -0.065516
0.151403 -0.355143 -0.067032 -0.246498 1.000000 0.332569 0.415490 -0.052396 0.587428 0.320105 0.234277 0.004968 0.285107 -0.119904 0.063565 0.161565 -0.289272 -0.312106 -0.290873 -0.152681 0.079154 0.045844 -0.001911 0.380704 0.250048 0.117390 0.247889 0.024004 -0.142044 -0.341766 -0.214652 -0.154282 -0.390892 -0.061508 0.256067 0.440745 -0.392109 -0.151787 -0.099505 0.275073 -0.128725 -0.267706 -0.077653 -0.085400 0.115681 0.366585 -0.073659 -0.202303 -0.117657 0.028128 -0.129087 -0.048898 0.005798 0.054658 -0.072350 -0.111995 -0.030555 -0.161760 0.057867 -0.244189 0.329586 0.226635 -0.187036 -0.199687 0.045260 0.225982 -0.123557 0.343334 -0.117335 0.020747 -0.013547 -0.094839 -0.158509 -0.300153 -0.366255 -0.214855 -0.129085 0.207111 -0.286881 -0.373111 -0.246360 -0.338840 0.168001 -0.400953 -0.167611 -0.212189 0.224741 -0.262644 0.415198 0.207321 0.321242 0.390475 0.307037 0.239618 -0.054719 -0.081847 -0.043694 -0.099547 0.130977 0.170568 -0.112758 -0.142253 0.045770 -0.040791 -0.064854 0.081725 -0.166826 -0.130353 -0.202383 -0.089717 0.367654 -0.004591 -0.163994 -0.007043 -0.291788 -0.134964
0.018231 -0.233967 -0.020278 0.081187 0.332569 1.000000 0.029380 -0.262189 0.137499 0.229680 0.094956 -0.131385 0.014214 -0.232120 0.224256 0.040174 -0.207101 -0.324061 -0.046635 -0.061508 0.182309 0.200485 0.222489 0.319434 0.136626 0.486777 0.483194 0.551235 -0.181134 -0.398737 0.099738 0.112211 -0.259812 -0.176372 0.186877 0.181063 -0.368613 -0.155580 -0.244510 0.092918 -0.184770 -0.167664 -0.060619 0.114925 0.160117 0.386159 -0.126750 -0.052695 0.120953 0.187708 0.244345 0.115884 -0.168877 -0.305557 -0.078228 -0.127707 0.058602 0.049303 -0.093335 -0.061186 -0.080196 0.137601 -0.127772 -0.334221 0.217119 0.293859 0.035946 0.435147 -0.056945 0.187632 -0.460078 -0.177709 -0.144252 -0.303828 -0.333921 -0.236513 -0.138534 0.042983 -0.078852 -0.250455 -0.151030 -0.275796 0.076238 -0.041501 0.057547 -0.001090 -0.021451 -0.076751 0.250365 0.063478 0.022848 0.025674 0.045708 -0.064884 -0.168171 -0.239900 -0.164866 -0.146755 -0.259028 -0.245949 -0.144230 -0.040849 -0.132340 -0.221542 -0.007135 0.079951 -0.179774 -0.279263 -0.268429 -0.228744 0.083025 0.076094 -0.096166 -0.072434 -0.215070 -0.064134
0.245292 -0.078382 0.253189 -0.119025 0.415490 0.029380 1.000000 0.244913 0.420036 0.280630 0.361890 0.226548 0.389271 0.157923 0.125877 0.161578 -0.105306 0.063911 -0.081770 -0.016344 -0.048768 -0.108841 0.081289 0.198991 0.027654 -0.085962 -0.122959 -0.204344 0.126584 -0.034695 -0.188736 -0.176600 -0.153296 0.182985 0.134120 0.442829 -0.076014 -0.065853 0.093152 -0.051812 0.119417 -0.018392 -0.455778 -0.448196 -0.166799 -0.055827 -0.339776 -0.171774 -0.412557 -0.243076 -0.378031 -0.424304 -0.081220 -0.055879 0.092556 -0.157486 -0.251419 -0.261363 -0.132458 -0.503476 0.428090 0.207253 0.016218 0.141140 0.354366 0.232359 -0.356946 -0.069988 -0.000609 0.014312 -0.076614 -0.047351 0.074686 0.010456 -0.013117 -0.062275 0.057966 0.154816 0.019305 -0.191574 -0.114788 -0.000364 -0.098678 -0.454447 -0.023622 -0.201203 0.103274 -0.250748 0.423957 0.297602 0.185596 0.292095 0.216841 0.277423 -0.135811 -0.099255 0.206521 0.031120 0.010026 0.068209 -0.156807 -0.027988 0.319215 0.319204 0.147973 0.375106 -0.015853 -0.160471 -0.141480 0.104822 0.324820 -0.211130 -0.306298 0.089407 -0.093497 -0.011004
-0.306297 0.200276 0.287422 0.410451 -0.052396 -0.262189 0.244913 1.000000 -0.065732 0.187378 -0.311791 0.265828 -0.034207 0.456963 -0.439603 0.182390 -0.288930 0.116468 0.098067 -0.026270 -0.198469 -0.145283 -0.382285 -0.064961 -0.211645 -0.124196 -0.319170 -0.298504 -0.312849 0.154534 -0.281633 0.143150 0.003889 0.095347 -0.207709 0.043870 -0.163916 -0.113441 0.010475 0.040127 -0.219046 0.020109 -0.254367 -0.275471 -0.309445 -0.093338 -0.178182 -0.185697 -0.288500 -0.212892 -0.258630 -0.220049 0.037918 0.167519 -0.130652 -0.104210 -0.391424 -0.354739 -0.237794 0.136542 -0.059807 0.165873 0.026937 0.313998 -0.139873 0.243947 0.059962 0.122379 -0.116210 -0.124918 0.188573 0.011785 -0.185908 0.152168 -0.018823 -0.092237 -0.008701 0.354147 -0.164759 -0.273360 -0.241607 -0.073406 -0.186922 0.020596 -0.347731 0.029091 -0.246629 -0.144223 -0.123078 0.083703 0.452596 0.444660 0.492024 0.405221 0.009205 -0.155147 -0.049712 0.079723 0.047379 0.238866 -0.141153 0.239784 0.233235 0.028257 -0.106930 0.196381 0.084537 0.057464 0.047136 0.097737 0.112051 0.089313 0.223659 0.038767 0.200778 0.062667
0.201056 -0.239763 0.194563 -0.148868 0.587428 0.137499 0.420036 -0.065732 1.000000 0.511472 0.401690 0.019490 0.561727 0.107030 0.430020 0.094070 -0.256626 -0.394542 -0.088475 -0.246836 -0.021013 -0.223305 0.219155 0.338330 0.168547 0.048720 0.041644 0.021093 -0.089745 -0.169427 0.099809 -0.095333 -0.428707 -0.010400 0.456544 0.558536 -0.273084 -0.025132 -0.045171 0.013018 -0.133598 -0.137922 -0.135094 -0.158974 -0.048937 0.165688 -0.251483 -0.177438 -0.287671 -0.124703 -0.078176 -0.229434 -0.158172 0.018903 -0.042810 -0.003221 -0.125561 -0.112844 -0.054896 -0.503252 0.500410 0.438648 -0.262382 -0.022040 0.378009 0.503724 -0.308476 0.157460 0.116181 0.111792 0.114862 -0.150544 -0.026727 -0.189968 -0.159193 -0.276924 -0.053058 -0.033480 -0.193783 -0.289150 -0.267356 -0.277178 -0.005184 -0.404466 0.000199 -0.319448 0.032781 -0.003401 0.478244 0.385672 0.110958 0.267028 0.211855 0.033061 -0.004040 -0.121769 -0.039127 0.098393 -0.055301 -0.075415 -0.131392 -0.152255 0.080439 -0.017329 0.040968 0.252062 0.112702 -0.071770 0.164735 0.003887 0.208862 -0.224499 -0.172986 0.086574 -0.107804 -0.026216
0.021083 -0.137270 0.182327 0.199758 0.320105 0.229680 0.280630 0.187378 0.511472 1.000000 0.094622 0.218633 0.307089 0.292554 0.026570 0.271193 -0.542171 -0.412495 0.047272 -0.069962 0.032117 -0.180177 0.099749 0.529816 -0.056828 0.133128 -0.054881 -0.029276 -0.453925 -0.248882 -0.190504 -0.049822 -0.517563 -0.131075 0.146225 0.438156 -0.373182 -0.187653 -0.210347 -0.128875 -0.269384 -0.100729 -0.312216 -0.129217 0.025431 0.365479 -0.291136 -0.192722 -0.083934 0.098573 -0.004216 -0.062893 -0.144539 -0.038131 -0.279555 -0.193778 -0.303623 -0.271830 0.005963 -0.118934 0.065611 0.351736 -0.384344 -0.174024 0.228216 0.576095 -0.210215 0.339361 -0.038076 0.123500 0.196449 0.000074 -0.263108 -0.054286 -0.281442 -0.195749 -0.057305 0.201978 -0.447838 -0.386106 -0.446947 -0.450911 0.030298 -0.249710 -0.062363 -0.079671 -0.133738 -0.016661 0.374410 0.271459 0.169113 0.417912 0.305790 0.155491 -0.128466 -0.333787 -0.233307 -0.111508 0.094585 -0.100837 -0.106794 -0.021842 0.009260 0.055428 0.030466 0.168996 0.160016 -0.073302 0.104268 -0.095849 0.109963 0.134246 -0.004313 -0.023792 0.040398 -0.012465
0.421719 0.111417 -0.282299 -0.593086 0.234277 0.094956 0.361890 -0.311791 0.401690 0.094622 1.000000 0.367703 0.653987 0.238196 0.492598 0.055339 -0.036546 -0.179153 -0.401679 0.025618 0.202572 0.077167 0.139077 0.047137 0.353564 0.028864 0.043235 0.102032 0.305968 -0.041222 0.100300 -0.113619 -0.141208 0.230437 0.201674 0.408827 -0.017436 0.135574 -0.003900 0.129682 0.288759 -0.042463 -0.094645 -0.082586 0.014533 0.041053 -0.142085 -0.082330 -0.150621 -0.114611 -0.001322 -0.212860 -0.408295 -0.338345 -0.030047 -0.285051 0.009998 0.102461 -0.182808 -0.450877 0.443772 0.429072 -0.203911 -0.063410 0.467555 0.269930 -0.435028 -0.172457 -0.046693 0.013258 -0.035435 -0.149031 0.134856 -0.026468 0.078273 -0.005377 0.032244 -0.218199 -0.054968 -0.084993 0.029042 0.009870 0.178010 -0.419329 0.496160 0.121472 0.313397 -0.094647 0.378366 0.038401 -0.254167 -0.205333 -0.118067 -0.288941 -0.170966 -0.196918 0.116556 -0.013243 -0.275845 -0.250000 -0.014518 -0.374457 0.200904 -0.045631 0.191037 0.119882 0.133472 -0.276974 -0.222631 -0.032417 0.059033 -0.280173 -0.271959 0.139114 -0.221901 0.008581
0.011036 0.236834 -0.373798 -0.349375 0.004968 -0.131385 0.226548 0.265828 0.019490 0.218633 0.367703 1.000000 0.181799 0.798898 0.034126 0.650070 -0.127351 0.179760 -0.187817 0.111574 0.112733 0.096761 -0.241581 -0.008009 0.098639 -0.032579 -0.429590 -0.174018 0.106760 0.349684 -0.042303 0.168552 -0.012195 0.473388 -0.127549 0.331031 0.082248 0.125900 0.058130 0.269238 0.403478 0.413969 -0.382853 -0.401089 -0.376525 -0.176345 -0.447511 -0.335969 -0.348239 -0.377651 -0.287699 -0.404837 -0.392918 -0.286054 -0.095896 -0.464064 -0.516264 -0.383899 -0.274261 -0.167400 0.047783 0.375807 0.009544 0.130494 0.204498 0.364524 -0.312611 -0.143765 -0.352841 -0.402355 0.322048 0.265069 0.183470 0.420379 0.348147 0.153661 0.279437 0.203464 -0.215039 -0.179977 0.037654 0.157907 0.150288 -0.140124 0.268798 0.383165 -0.003100 -0.258353 0.157622 0.012851 0.003967 0.039635 0.242029 0.018218 -0.108454 -0.209599 0.076340 0.030862 -0.145031 0.025141 -0.023226 -0.166859 0.346921 0.175777 0.254330 0.215384 0.259576 -0.047180 -0.109055 -0.167706 0.065809 -0.134449 0.226275 0.097648 0.173817 0.108507
0.141605 0.012479 0.056630 -0.322761 0.285107 0.014214 0.389271 -0.034207 0.561727 0.307089 0.653987 0.181799 1.000000 0.206907 0.529899 0.114910 -0.137032 -0.179002 -0.265511 -0.155433 -0.056434 -0.163513 0.200806 0.156944 0.367702 0.091769 0.124821 0.092206 0.058189 -0.140889 -0.005111 -0.079942 -0.305529 0.043680 0.365639 0.260315 -0.110420 -0.137554 -0.076716 -0.011055 0.114929 -0.288866 0.029465 0.021499 -0.058433 0.059067 -0.148928 0.010256 -0.234246 -0.101248 0.028970 -0.118882 -0.239022 -0.163563 -0.091253 -0.285533 -0.059533 0.056170 -0.091729 -0.307093 0.435775 0.351802 -0.154574 0.012182 0.366392 0.384935 -0.283766 -0.034417 -0.110489 0.107846 0.030981 -0.250042 -0.003876 -0.229042 -0.219952 -0.242134 -0.204155 -0.301034 -0.033688 -0.102205 -0.160609 -0.244004 0.141318 -0.283821 0.295009 -0.122061 0.328675 0.090992 0.351229 0.089742 0.019498 0.053477 0.305324 0.021662 -0.144877 -0.306450 -0.035168 -0.040395 -0.122968 -0.302038 -0.024134 -0.368912 0.355752 -0.073556 -0.035404 0.243443 0.022753 -0.225922 -0.139766 -0.002151 0.092209 -0.007671 -0.155916 0.038634 -0.124415 -0.102415
-0.047301 0.340598 -0.267659 -0.201959 -0.119904 -0.232120 0.157923 0.456963 0.107030 0.292554 0.238196 0.798898 0.206907 1.000000 -0.023411 0.553848 -0.124408 0.177322 -0.142781 0.015802 -0.096268 -0.036154 -0.387707 -0.179641 -0.089547 -0.205047 -0.442640 -0.246290 -0.057167 0.339489 -0.109222 0.079389 -0.004779 0.424082 -0.119862 0.216264 0.009765 0.059430 0.138806 0.083910 0.196705 0.321780 -0.261727 -0.328784 -0.365654 -0.209661 -0.303051 -0.260938 -0.317122 -0.317765 -0.182527 -0.304842 -0.222028 -0.011691 -0.057378 -0.342252 -0.389525 -0.256235 -0.181884 -0.025685 0.154247 0.483229 0.076764 0.397280 0.113955 0.419216 -0.237495 -0.177370 -0.255769 -0.280411 0.267670 0.192147 0.089034 0.350919 0.243962 -0.009243 0.084319 0.153876 -0.178585 -0.140204 0.016049 0.163844 -0.025127 -0.079311 0.235861 0.305273 -0.060318 -0.029421 0.001883 0.024722 0.043730 0.022326 0.301173 -0.076431 -0.126561 -0.243803 -0.056238 -0.057322 -0.052979 -0.074308 0.042752 -0.132470 0.345592 0.058145 0.106366 0.203613 0.344635 -0.034536 0.057429 -0.047600 -0.156618 -0.075845 0.146690 0.044496 0.156270 0.128698
0.190793 -0.197826 -0.032772 -0.315769 0.063565 0.224256 0.125877 -0.439603 0.430020 0.026570 0.492598 0.034126 0.529899 -0.023411 1.000000 0.239317 0.069394 -0.216029 -0.259866 -0.141586 0.058905 0.022545 0.637884 0.282740 0.382561 0.313679 0.298616 0.438657 0.225744 -0.142654 0.389871 0.091201 -0.207143 0.018281 0.454763 0.271423 -0.010668 0.054913 0.216413 0.053931 0.115416 -0.096467 -0.016380 0.052764 -0.048000 -0.033038 -0.201758 -0.011574 -0.270000 -0.056627 0.120839 -0.163415 -0.346055 -0.306318 0.257316 -0.019391 0.002982 0.119745 -0.348312 -0.378581 0.067447 0.188000 -0.149890 -0.034159 0.600707 0.219244 -0.392914 -0.052283 -0.024067 0.121022 -0.073640 -0.231220 0.104884 -0.154230 0.048627 -0.249085 -0.054484 -0.393604 -0.009267 -0.057382 0.069566 -0.006315 0.172730 -0.156152 0.530274 -0.159491 0.250837 0.033999 0.441640 0.105183 -0.284258 -0.192861 -0.059108 -0.196327 -0.020243 -0.109478 0.046526 0.053820 -0.245392 -0.378434 -0.037883 -0.486116 0.059497 0.033572 0.105525 0.094779 0.055621 -0.085489 -0.008207 -0.056378 0.043332 -0.302173 -0.324140 0.148657 -0.225713 -0.125740
-0.145955 -0.199894 -0.214595 -0.200342 0.161565 0.040174 0.161578 0.182390 0.094070 0.271193 0.055339 0.650070 0.114910 0.553848 0.239317 1.000000 -0.163799 0.064299 -0.147068 0.041419 0.139240 0.221649 -0.017990 0.343585 0.269404 0.262638 -0.121885 0.022553 -0.031725 0.131743 -0.056878 0.205094 -0.191593 0.299388 0.136130 0.373141 -0.059448 0.120479 0.164622 0.324360 0.228284 0.207225 -0.318782 -0.373906 -0.438756 -0.219334 -0.439120 -0.414113 -0.407158 -0.388026 -0.160353 -0.480910 -0.256706 -0.254569 0.184154 -0.386189 -0.445715 -0.335017 -0.235728 -0.059943 -0.132975 0.167577 -0.025581 0.056245 0.122572 0.268956 -0.145381 0.136172 -0.305101 -0.121623 0.256175 0.247670 0.065197 0.215182 0.141425 -0.037966 0.161977 0.272769 -0.299847 -0.199803 -0.054322 0.016452 0.109127 -0.157778 0.117580 0.077380 0.007350 -0.420613 0.302211 -0.073479 0.138025 0.139004 0.340520 0.225925 -0.157992 -0.195739 -0.092661 0.061349 -0.110859 -0.056507 -0.075574 -0.306890 0.345029 0.248883 0.117842 0.184231 0.187685 0.160659 -0.107686 -0.115066 0.217432 -0.096638 0.148128 0.196335 0.131238 0.166168
0.126486 0.061117 -0.046016 -0.153099 -0.289272 -0.207101 -0.105306 -0.288930 -0.256626 -0.542171 -0.036546 -0.127351 -0.137032 -0.124408 0.069394 -0.163799 1.000000 0.753388 0.130419 0.238408 -0.379536 -0.137181 -0.093414 -0.495400 -0.248297 -0.419140 -0.192078 -0.209163 0.792036 0.535073 0.002688 -0.175397 0.584063 0.373071 -0.168420 -0.334309 0.396896 0.224344 0.119004 -0.122687 0.438541 0.203256 0.097132 -0.170614 -0.236531 -0.571092 0.164910 0.141614 -0.047718 -0.203104 -0.220519 0.010524 0.349578 0.233025 0.269628 0.126696 0.319847 0.137756 0.166623 -0.161047 0.218054 -0.140038 0.678534 0.507601 -0.336010 -0.469851 -0.129179 -0.621869 0.234764 -0.197532 -0.292992 0.025230 0.563651 0.204098 0.419383 0.087163 0.199215 -0.143638 0.746239 0.510314 0.846027 0.764911 0.027171 0.221341 0.178442 0.080278 0.147999 0.281003 -0.406885 -0.190212 -0.236921 -0.442228 -0.321725 -0.289550 -0.206411 0.107580 -0.074470 -0.153702 0.036525 0.078825 0.153347 0.049611 0.104073 -0.102324 0.064778 -0.016666 -0.130929 -0.106441 -0.156881 -0.178630 -0.443706 -0.149364 -0.266873 -0.252304 0.077102 -0.200169
0.075865 0.298308 -0.018863 -0.039494 -0.312106 -0.324061 0.063911 0.116468 -0.394542 -0.412495 -0.179153 0.179760 -0.179002 0.177322 -0.216029 0.064299 0.753388 1.000000 0.081661 0.338867 -0.432707 -0.116473 -0.278964 -0.532956 -0.304116 -0.502212 -0.426483 -0.373737 0.610178 0.661315 -0.196842 -0.165097 0.504613 0.430294 -0.405089 -0.413095 0.443494 0.155214 0.173627 -0.032981 0.516490 0.403010 -0.084904 -0.325222 -0.342375 -0.579406 0.021298 0.016904 -0.237462 -0.294934 -0.426734 -0.070409 0.245736 0.235511 0.125006 -0.026124 0.002463 -0.118244 0.038566 -0.024249 0.121347 -0.085797 0.730000 0.596303 -0.345238 -0.390986 -0.194855 -0.652334 0.078031 -0.296312 -0.084541 0.097307 0.505438 0.441048 0.497111 0.126116 0.301525 0.082873 0.691941 0.481249 0.736224 0.827118 0.072902 0.294624 0.117357 0.228955 0.055511 0.098173 -0.533552 -0.077162 -0.092009 -0.303914 -0.106867 -0.108112 -0.243415 -0.015722 -0.133992 -0.166029 0.037227 0.124200 0.006847 0.131043 0.270830 0.106416 0.142645 0.154854 -0.057990 -0.037891 -0.266409 -0.173291 -0.417066 -0.131429 -0.074740 -0.299354 0.212070 -0.154231
0.052628 0.107534 0.525802 0.353377 -0.290873 -0.046635 -0.081770 0.098067 -0.088475 0.047272 -0.401679 -0.187817 -0.265511 -0.142781 -0.259866 -0.147068 0.130419 0.081661 1.000000 0.278401 -0.043414 -0.395373 0.105235 -0.032984 -0.226918 -0.068299 -0.085326 -0.129315 -0.003253 -0.040274 -0.006158 -0.109482 0.178527 -0.134283 -0.141739 -0.136110 -0.037198 -0.077084 -0.112031 -0.374072 -0.108011 -0.048605 -0.284569 -0.240030 -0.201667 -0.199760 -0.096659 -0.229763 -0.103225 -0.035237 -0.082278 -0.037124 0.249959 0.046656 0.179081 -0.056604 0.167685 0.112485 0.169753 0.197235 -0.029753 -0.174386 0.135533 0.100226 -0.175087 -0.008310 0.264042 -0.137320 0.387728 0.301683 -0.001341 -0.142133 -0.041554 0.022416 0.041801 0.110308 0.119556 0.124043 0.063713 0.105110 0.114969 -0.035796 -0.136598 0.025226 -0.162333 -0.272588 -0.325886 0.074380 -0.016278 0.226903 0.171925 0.140758 0.036264 0.182855 0.085773 0.100624 -0.135591 0.081236 -0.129829 0.070816 -0.047693 0.151528 -0.235833 0.181984 0.055694 -0.010080 -0.039210 0.227871 0.266105 -0.030511 -0.117393 -0.011178 0.156157 0.254558 0.151254 0.054638
0.308995 0.216003 0.000039 -0.135417 -0.152681 -0.061508 -0.016344 -0.026270 -0.246836 -0.069962 0.025618 0.111574 -0.155433 0.015802 -0.141586 0.041419 0.238408 0.338867 0.278401 1.000000 -0.069019 -0.108866 -0.003796 -0.146924 -0.175468 -0.175566 -0.020580 -0.136696 0.260649 0.138951 -0.328421 -0.202596 0.363066 0.225455 -0.229188 -0.193116 0.134617 0.051589 0.126276 0.092777 0.379954 0.138083 -0.383240 -0.351726 -0.424599 -0.339894 -0.293804 -0.398657 -0.342084 -0.190755 -0.320898 -0.185904 0.085038 -0.056858 -0.039701 -0.382087 -0.017391 0.086668 -0.012866 0.157585 0.017541 0.103280 0.081881 0.143589 -0.104124 -0.073421 -0.264744 -0.333281 0.324834 0.201006 -0.007895 -0.107948 0.011607 0.225033 0.355837 0.186395 0.406191 0.234604 0.063892 0.221948 0.390629 0.397342 0.530228 -0.009219 0.286649 -0.095011 0.178693 -0.079074 -0.040732 0.142214 0.124072 0.044625 -0.049831 0.102803 -0.121299 -0.068504 -0.525266 -0.080255 -0.327858 -0.069778 -0.107439 -0.118679 0.041723 0.022096 0.118818 0.093234 -0.031773 0.017148 -0.159959 -0.127258 -0.189459 -0.174972 0.037823 0.207716 0.027017 -0.057356
-0.023853 -0.239257 -0.065696 -0.117096 0.079154 0.182309 -0.048768 -0.198469 -0.021013 0.032117 0.202572 0.112733 -0.056434 -0.096268 0.058905 0.139240 -0.379536 -0.432707 -0.043414 -0.069019 1.000000 0.474552 0.280354 0.408620 0.500142 0.584014 0.273665 0.375187 -0.161381 -0.272500 0.367415 0.411995 -0.393192 -0.154859 0.301645 0.346569 0.015818 -0.003802 -0.104892 0.178838 0.030614 -0.042367 -0.110097 -0.016754 0.052268 0.177579 -0.170534 -0.282890 0.011454 -0.106039 0.263392 -0.180252 -0.442622 -0.528660 -0.171385 -0.331870 -0.109808 -0.051841 -0.137285 -0.013278 -0.189245 -0.100679 -0.521117 -0.611000 0.339154 0.256444 0.149877 0.365239 -0.198263 0.097827 0.258268 0.354249 -0.161570 -0.045076 0.012102 0.334395 0.090950 0.158611 -0.299948 0.037452 -0.386287 -0.411305 -0.057994 -0.132995 -0.034003 0.052453 -0.171531 -0.350938 0.347971 -0.152569 -0.161864 -0.071291 -0.206431 -0.105247 0.135779 0.137847 0.208100 0.053591 -0.330089 -0.177509 0.133817 -0.007160 -0.083426 0.103098 0.091314 -0.209965 -0.119271 -0.086623 -0.058153 -0.128403 0.339402 -0.063390 0.292375 0.303517 -0.164229 0.178019
-0.191040 -0.371020 -0.298720 -0.106811 0.045844 0.200485 -0.108841 -0.145283 -0.223305 -0.180177 0.077167 0.096761 -0.163513 -0.036154 0.022545 0.221649 -0.137181 -0.116473 -0.395373 -0.108866 0.474552 1.000000 -0.073239 0.134840 0.444358 0.480998 0.108448 0.320013 0.004248 0.038569 0.259447 0.416205 -0.149890 0.222060 0.026296 0.256355 0.243775 0.182390 -0.111594 0.359768 0.152686 0.255225 0.045627 0.134825 0.064979 -0.002167 -0.069989 0.063872 0.037095 -0.228479 0.211812 -0.173177 -0.458777 -0.442690 -0.212239 -0.144337 -0.270890 -0.268098 -0.059620 -0.110191 -0.123540 -0.267634 -0.145172 -0.300758 0.182995 -0.045883 0.045925 0.292583 -0.457714 -0.288113 0.125238 0.452309 0.187561 0.222483 0.145597 0.341043 0.249209 0.316398 -0.079843 0.237974 -0.135686 -0.006336 -0.121550 0.066546 -0.019375 0.303704 -0.031070 -0.279057 0.046323 -0.363910 -0.298509 -0.243172 -0.297556 -0.073103 -0.066004 -0.129008 -0.005995 -0.046501 -0.273200 -0.059776 0.098070 -0.086522 0.105740 -0.014617 -0.153177 0.010024 -0.330300 -0.173067 -0.513989 -0.197813 0.350533 -0.104946 0.054249 -0.107151 0.016764 0.062242
0.291246 -0.218674 0.360611 0.124985 -0.001911 0.222489 0.081289 -0.382285 0.219155 0.099749 0.139077 -0.241581 0.200806 -0.387707 0.637884 -0.017990 -0.093414 -0.278964 0.105235 -0.003796 0.280354 -0.073239 1.000000 0.497711 0.344972 0.488999 0.425561 0.607356 0.029387 -0.399895 0.442999 0.232698 -0.413879 -0.359704 0.419974 0.161428 -0.034762 -0.272251 0.009307 -0.270128 -0.111196 -0.203472 -0.181382 0.002848 0.149559 0.188734 -0.160517 -0.125823 -0.231024 0.160948 0.125563 -0.029750 -0.242569 -0.288628 0.103081 -0.065435 0.098210 0.155020 -0.363133 -0.187902 -0.272312 -0.172038 -0.351135 -0.383693 0.609445 0.064196 -0.202384 0.072165 0.151348 0.381841 -0.009324 -0.208752 -0.163828 -0.118582 -0.028463 -0.102130 0.004916 -0.237531 -0.066456 -0.031705 -0.105323 -0.210881 0.119170 -0.026151 0.313381 -0.344249 -0.067868 -0.069269 0.442447 0.140892 -0.190335 -0.012130 -0.091098 -0.041806 -0.012581 0.004577 0.060422 -0.031341 -0.192265 -0.321611 -0.051797 -0.173888 -0.116978 0.209889 0.241652 0.070717 -0.001842 -0.008053 0.067613 -0.066740 0.080114 -0.150759 -0.213190 0.237877 -0.200241 -0.125932
-0.148940 -0.489616 0.237841 0.129199 0.380704 0.319434 0.198991 -0.064961 0.338330 0.529816 0.047137 -0.008009 0.156944 -0.179641 0.282740 0.343585 -0.495400 -0.532956 -0.032984 -0.146924 0.408620 0.134840 0.497711 1.000000 0.297405 0.511821 0.254605 0.307686 -0.328751 -0.401114 0.124161 0.166172 -0.614929 -0.354006 0.384252 0.556575 -0.205624 -0.138369 -0.081106 0.139855 -0.234710 -0.208561 -0.210544 -0.103993 0.060788 0.320729 -0.299564 -0.131766 -0.090404 0.007175 0.048942 -0.159898 -0.218018 -0.300238 -0.054502 -0.035848 -0.349858 -0.288076 -0.215892 -0.236330 -0.171219 -0.092398 -0.501442 -0.570520 0.297170 0.319460 -0.127167 0.534750 -0.118169 0.252676 0.121393 0.101555 -0.201858 -0.137403 -0.266848 -0.066024 0.019859 0.258206 -0.489577 -0.370108 -0.515903 -0.569187 0.064928 -0.253796 -0.227348 -0.254384 -0.076637 -0.312108 0.505228 0.007119 0.141029 0.395169 0.161527 0.319715 0.030879 -0.023814 0.078337 0.158105 -0.021155 -0.039567 -0.069592 -0.095357 -0.026983 0.164704 0.088841 0.053210 -0.121247 0.077042 0.032295 0.028253 0.544264 0.188139 0.097173 0.272335 -0.017885 0.051133
-0.001603 -0.265702 -0.087574 -0.356732 0.250048 0.136626 0.027654 -0.211645 0.168547 -0.056828 0.353564 0.098639 0.367702 -0.089547 0.382561 0.269404 -0.248297 -0.304116 -0.226918 -0.175468 0.500142 0.444358 0.344972 0.297405 1.000000 0.654568 0.320741 0.489205 0.025706 -0.242793 0.382270 0.351335 -0.343563 0.021034 0.431929 0.344429 -0.056184 -0.161781 -0.114108 0.206009 0.124212 -0.061776 -0.003736 0.117498 -0.014352 0.125845 -0.198763 -0.129669 -0.120116 -0.157435 0.267275 -0.220018 -0.402940 -0.461400 0.006056 -0.318232 -0.054531 0.058408 -0.319806 -0.058540 -0.106045 0.005838 -0.411482 -0.387962 0.411985 0.222012 0.014407 0.301213 -0.305908 0.021697 0.025158 0.016707 -0.064522 -0.127988 -0.147844 -0.008890 -0.025466 -0.080286 -0.263575 0.024879 -0.298239 -0.348576 0.070817 -0.190570 0.114671 -0.176811 0.051760 -0.488541 0.439091 -0.230880 -0.089156 -0.017498 -0.007381 0.064656 -0.104267 -0.256515 0.073853 0.033934 -0.305312 -0.209693 -0.185006 -0.456909 0.071511 0.078021 0.002588 0.007895 -0.149553 -0.137307 -0.237538 -0.128899 0.385107 -0.173603 0.041662 0.312091 -0.173110 -0.058638
-0.220942 -0.396507 0.179946 0.097224 0.117390 0.486777 -0.085962 -0.124196 0.048720 0.133128 0.028864 -0.032579 0.091769 -0.205047 0.313679 0.262638 -0.419140 -0.502212 -0.068299 -0.175566 0.584014 0.480998 0.488999 0.511821 0.654568 1.000000 0.562046 0.793781 -0.326650 -0.435740 0.397537 0.540216 -0.483032 -0.236158 0.528897 0.376846 -0.161098 -0.256117 -0.198003 0.077558 -0.142223 -0.148465 -0.102639 0.160271 0.021099 0.300768 -0.272169 -0.170584 -0.056041 -0.009059 0.422361 -0.164825 -0.423150 -0.559761 -0.126050 -0.323001 -0.172379 -0.090191 -0.336902 -0.003107 -0.348987 -0.024706 -0.553352 -0.572001 0.494822 0.379714 0.109797 0.583026 -0.308362 0.124185 -0.067775 0.016776 -0.323977 -0.180318 -0.194051 -0.055140 -0.064791 0.046646 -0.330287 -0.229375 -0.457429 -0.530627 0.026750 0.004209 -0.026180 -0.051140 -0.056105 -0.272717 0.480219 -0.126112 -0.000823 0.106615 0.105283 0.111456 -0.043978 -0.228847 0.018640 -0.007629 -0.338035 -0.322674 -0.063434 -0.245990 -0.051789 -0.045645 -0.019994 0.088960 -0.188162 -0.084054 -0.132736 -0.174718 0.344514 -0.018780 0.150395 0.233144 -0.120799 0.030254
0.097965 -0.222635 0.076548 0.002893 0.247889 0.483194 -0.122959 -0.319170 0.041644 -0.054881 0.043235 -0.429590 0.124821 -0.442640 0.298616 -0.121885 -0.192078 -0.426483 -0.085326 -0.020580 0.273665 0.108448 0.425561 0.254605 0.320741 0.562046 1.000000 0.622021 -0.300254 -0.652672 0.163242 0.088213 -0.265094 -0.467266 0.506029 -0.039157 -0.269562 -0.427903 -0.173127 -0.201123 -0.259788 -0.446576 0.166190 0.343912 0.267054 0.404070 0.110368 -0.052638 0.154407 0.385999 0.460412 0.263721 0.047479 -0.192532 -0.016435 -0.183152 0.325241 0.357364 0.062175 0.230252 -0.127935 -0.032428 -0.296573 -0.383266 0.150392 0.082813 0.217408 0.363358 -0.037733 0.408688 -0.373405 -0.295138 -0.440368 -0.529514 -0.452258 -0.256181 -0.410889 -0.298958 -0.165157 -0.208996 -0.214584 -0.384639 0.204740 -0.071933 0.134781 -0.179117 0.215838 -0.076258 0.291257 -0.079430 0.098559 0.036628 0.035282 -0.013850 -0.121768 -0.058441 -0.110237 -0.286500 -0.129805 -0.323244 0.137821 -0.316056 -0.206840 -0.236245 -0.035073 -0.066538 -0.281329 -0.175516 -0.089114 0.014816 0.077465 0.039444 -0.046678 0.184479 -0.189412 -0.094326
0.049211 -0.183173 0.073159 0.118055 0.024004 0.551235 -0.204344 -0.298504 0.021093 -0.029276 0.102032 -0.174018 0.092206 -0.246290 0.438657 0.022553 -0.209163 -0.373737 -0.129315 -0.136696 0.375187 0.320013 0.607356 0.307686 0.489205 0.793781 0.622021 1.000000 -0.183142 -0.371872 0.436743 0.439975 -0.400469 -0.333540 0.485353 0.166909 -0.185287 -0.312319 -0.077054 -0.082394 -0.133279 -0.136119 0.068560 0.311647 0.223705 0.405598 -0.071936 -0.004046 -0.022548 0.227560 0.403790 0.046172 -0.334452 -0.330926 -0.129323 -0.136611 0.046987 0.094207 -0.407322 -0.038082 -0.376180 0.002652 -0.433004 -0.474040 0.522314 0.206037 -0.030017 0.366900 -0.142487 0.158838 -0.262894 -0.154532 -0.279092 -0.160727 -0.146142 -0.165945 -0.187354 -0.175922 -0.133003 -0.179720 -0.204626 -0.328563 0.111463 0.183428 0.195420 -0.045001 0.104238 0.002849 0.328607 -0.020049 -0.153988 -0.126501 -0.038187 -0.147943 -0.118715 -0.275596 -0.023182 -0.203333 -0.328496 -0.449886 0.060997 -0.254496 -0.090795 -0.185621 0.071393 0.119680 -0.152824 -0.131105 -0.155926 -0.190770 0.038048 0.020217 -0.013697 0.126800 -0.206977 -0.101617
0.193234 0.021037 -0.102573 -0.286004 -0.142044 -0.181134 0.126584 -0.312849 -0.089745 -0.453925 0.305968 0.106760 0.058189 -0.057167 0.225744 -0.031725 0.792036 0.610178 -0.003253 0.260649 -0.161381 0.004248 0.029387 -0.328751 0.025706 -0.326650 -0.300254 -0.183142 1.000000 0.599678 0.145599 -0.025868 0.435521 0.553599 -0.180856 -0.081831 0.500041 0.355865 0.086310 0.121071 0.686267 0.366621 -0.174765 -0.401457 -0.302903 -0.597553 -0.075229 -0.042302 -0.272896 -0.388107 -0.425237 -0.290725 0.009007 -0.061172 0.230558 -0.034232 0.106594 0.008624 -0.094319 -0.434400 0.240052 -0.131217 0.518874 0.371111 -0.013767 -0.345221 -0.378059 -0.657580 0.128404 -0.268902 -0.069975 0.135251 0.721345 0.420482 0.585892 0.264432 0.425348 0.025535 0.573376 0.456370 0.748194 0.712794 0.099195 0.083597 0.301490 0.033667 0.083185 0.020510 -0.144166 -0.121899 -0.280099 -0.402944 -0.362267 -0.250975 -0.128985 0.107731 0.015421 0.047946 -0.132762 0.050708 0.049944 0.006505 0.120420 0.073617 0.262419 -0.026608 -0.079630 -0.170830 -0.211656 -0.207599 -0.175484 -0.368502 -0.241207 -0.131321 -0.025244 -0.196795
-0.235180 0.108679 -0.124145 0.000867 -0.341766 -0.398737 -0.034695 0.154534 -0.169427 -0.248882 -0.041222 0.349684 -0.140889 0.339489 -0.142654 0.131743 0.535073 0.661315 -0.040274 0.138951 -0.272500 0.038569 -0.399895 -0.401114 -0.242793 -0.435740 -0.652672 -0.371872 0.599678 1.000000 0.047541 0.139763 0.400217 0.606959 -0.315786 -0.148981 0.612343 0.429731 0.187708 0.217067 0.648733 0.691160 -0.119218 -0.277072 -0.354697 -0.572096 -0.155514 0.078455 -0.224618 -0.443948 -0.405439 -0.317938 -0.064992 0.114808 -0.059485 0.076919 -0.362035 -0.413976 -0.131414 -0.313285 0.030498 -0.047883 0.509257 0.510155 -0.158420 -0.214318 -0.366271 -0.522663 -0.109106 -0.621065 0.191557 0.445591 0.729347 0.737524 0.735885 0.355748 0.500565 0.298905 0.447296 0.345599 0.602641 0.729343 -0.014363 0.396540 0.001993 0.377049 0.012677 0.202518 -0.499561 -0.076626 -0.301988 -0.344100 -0.250062 -0.202045 -0.134399 0.002806 -0.105650 -0.006499 -0.044407 0.074232 0.017508 0.107793 0.133655 0.014666 0.149530 0.104941 0.066392 0.046892 -0.127348 -0.210370 -0.204982 -0.233663 0.023558 -0.310777 0.277188 -0.176227
-0.130249 -0.305853 0.081413 0.141985 -0.214652 0.099738 -0.188736 -0.281633 0.099809 -0.190504 0.100300 -0.042303 -0.005111 -0.109222 0.389871 -0.056878 0.002688 -0.196842 -0.006158 -0.328421 0.367415 0.259447 0.442999 0.124161 0.382270 0.397537 0.163242 0.436743 0.145599 0.047541 1.000000 0.685215 -0.172332 0.058490 0.299135 0.178028 0.311930 0.061791 -0.232231 -0.043627 0.052149 0.180796 -0.049549 0.004582 0.108101 0.025122 -0.161191 -0.042908 -0.023281 -0.051141 0.113853 -0.093447 -0.424712 -0.395251 -0.045881 0.019824 -0.141430 -0.089647 -0.320456 -0.290997 -0.191925 -0.328556 -0.159043 -0.288408 0.423013 0.046885 0.030899 0.073489 -0.342580 -0.172677 0.156156 0.270936 0.285070 0.173202 0.249875 0.315573 0.223765 -0.060352 0.067175 0.188901 -0.079465 -0.040353 -0.196994 0.362308 0.062283 0.055338 -0.347873 0.061146 0.058772 -0.138866 -0.408564 -0.286207 -0.303457 -0.279636 0.021431 0.120390 0.304962 0.156901 -0.258777 -0.155323 0.157008 -0.016570 -0.154318 0.030222 0.223179 -0.058104 0.085917 0.071207 0.156928 -0.108718 0.107413 -0.322755 0.140719 0.127798 0.129768 0.030166
-0.356753 -0.382929 0.064272 0.346285 -0.154282 0.112211 -0.176600 0.143150 -0.095333 -0.049822 -0.113619 0.168552 -0.079942 0.079389 0.091201 0.205094 -0.175397 -0.165097 -0.109482 -0.202596 0.411995 0.416205 0.232698 0.166172 0.351335 0.540216 0.088213 0.439975 -0.025868 0.139763 0.685215 1.000000 -0.180189 0.203152 0.297685 0.204711 0.263482 -0.033501 -0.277505 0.071985 0.111201 0.284281 -0.198633 -0.103854 -0.065586 -0.029730 -0.261417 -0.212194 -0.142021 -0.220431 0.015880 -0.245577 -0.494614 -0.418115 -0.340306 -0.287886 -0.323525 -0.278734 -0.412510 -0.162473 -0.394190 -0.265978 -0.197122 -0.272155 0.354626 0.203101 0.045562 0.257244 -0.550704 -0.337088 0.325747 0.475999 0.178172 0.342560 0.270690 0.426655 0.291733 0.271892 -0.095457 0.079421 -0.183891 -0.095232 -0.143333 0.461548 -0.010426 0.246579 -0.370357 -0.077418 0.046404 -0.256895 -0.254619 -0.162753 -0.111173 -0.147440 -0.089234 0.018478 0.003935 0.036465 -0.288820 -0.177464 -0.005405 0.107793 -0.016984 -0.170701 0.122949 0.014017 0.029743 0.006828 -0.014611 -0.235419 0.144762 -0.155649 0.271155 0.069130 0.153096 0.005880
0.018430 0.309569 -0.193479 -0.131712 -0.390892 -0.259812 -0.153296 0.003889 -0.428707 -0.517563 -0.141208 -0.012195 -0.305529 -0.004779 -0.207143 -0.191593 0.584063 0.504613 0.178527 0.363066 -0.393192 -0.149890 -0.413879 -0.614929 -0.343563 -0.483032 -0.265094 -0.400469 0.435521 0.400217 -0.172332 -0.180189 1.000000 0.446006 -0.302768 -0.351738 0.189031 0.304416 0.140774 0.011662 0.296233 0.194134 0.032399 -0.096010 -0.300446 -0.520041 0.026692 0.047121 0.065514 -0.216676 -0.205527 -0.018552 0.223900 0.167569 0.124339 0.103517 0.194945 0.236537 0.185626 0.164100 0.087183 -0.052615 0.436095 0.429793 -0.428243 -0.399032 0.134756 -0.360127 0.194606 -0.192758 -0.188709 -0.042094 0.394524 0.094230 0.318552 0.267085 0.270109 -0.032183 0.430411 0.391979 0.543494 0.563050 0.057203 0.120788 0.046067 0.055374 0.158907 0.147010 -0.398193 -0.097075 -0.092448 -0.270336 -0.254479 -0.147464 0.009612 0.183215 -0.034250 0.067429 -0.112824 0.115009 -0.048461 0.056114 0.004144 -0.046365 -0.062182 -0.077049 0.097552 0.061263 0.095943 0.087913 -0.249566 -0.083481 0.032612 0.016823 0.102987 0.019680
-0.012572 -0.041445 -0.165568 -0.224537 -0.061508 -0.176372 0.182985 0.095347 -0.010400 -0.131075 0.230437 0.473388 0.043680 0.424082 0.018281 0.299388 0.373071 0.430294 -0.134283 0.225455 -0.154859 0.222060 -0.359704 -0.354006 0.021034 -0.236158 -0.467266 -0.333540 0.553599 0.606959 0.058490 0.203152 0.446006 1.000000 -0.126044 0.228005 0.435357 0.418522 0.126460 0.338516 0.594065 0.559848 -0.384483 -0.504045 -0.567598 -0.597417 -0.386037 -0.336028 -0.420731 -0.632082 -0.445403 -0.520498 -0.287363 -0.238787 0.035738 -0.268602 -0.322986 -0.318417 -0.123065 -0.365498 0.279081 0.124705 0.346425 0.428483 0.098885 0.073442 -0.369923 -0.310890 -0.240565 -0.485017 0.148662 0.324165 0.700447 0.483013 0.569861 0.353077 0.617488 0.372940 0.262810 0.291078 0.456525 0.577202 0.009094 0.054791 0.229744 0.295185 -0.033255 -0.016076 -0.117096 -0.054021 -0.198374 -0.260171 -0.177781 -0.174041 -0.082340 -0.088141 -0.092749 0.124441 -0.306390 -0.020170 -0.100865 -0.108665 0.268842 0.040830 -0.000260 0.092029 0.138131 -0.060726 -0.162155 -0.235841 0.001116 -0.352169 -0.131635 -0.123139 0.082615 -0.067460
0.017327 -0.443807 0.239148 -0.166103 0.256067 0.186877 0.134120 -0.207709 0.456544 0.146225 0.201674 -0.127549 0.365639 -0.119862 0.454763 0.136130 -0.168420 -0.405089 -0.141739 -0.229188 0.301645 0.026296 0.419974 0.384252 0.431929 0.528897 0.506029 0.485353 -0.180856 -0.315786 0.299135 0.297685 -0.302768 -0.126044 1.000000 0.493204 -0.179162 -0.375545 -0.097331 -0.165958 -0.093779 -0.283809 0.013541 0.073847 -0.005609 0.140730 -0.197832 -0.159506 -0.009488 -0.089646 0.390541 -0.186297 -0.155576 -0.272227 -0.090518 -0.210491 0.009314 0.043367 -0.039701 -0.236307 0.113817 0.215610 -0.458121 -0.223847 0.416529 0.437775 0.041857 0.401740 -0.100512 0.127172 -0.133292 -0.077970 -0.140457 -0.370402 -0.211743 -0.194160 -0.136473 -0.233091 -0.175526 -0.160626 -0.302764 -0.363299 0.032293 -0.166655 -0.049313 -0.195038 0.185879 -0.143592 0.409156 -0.086677 0.006234 0.053426 0.079972 0.001059 -0.082528 0.000223 -0.018981 -0.012135 -0.240993 -0.406162 -0.108416 -0.462346 0.089944 -0.153713 -0.010367 0.107986 -0.092964 -0.088579 0.111923 0.116475 0.236094 -0.121322 -0.033284 0.272466 -0.040246 -0.030807
0.039075 -0.394794 0.145707 -0.184231 0.440745 0.181063 0.442829 0.043870 0.558536 0.438156 0.408827 0.331031 0.260315 0.216264 0.271423 0.373141 -0.334309 -0.413095 -0.136110 -0.193116 0.346569 0.256355 0.161428 0.556575 0.344429 0.376846 -0.039157 0.166909 -0.081831 -0.148981 0.178028 0.204711 -0.351738 0.228005 0.493204 1.000000 -0.190664 0.058675 -0.072226 0.188223 -0.077578 -0.029535 -0.386789 -0.339701 -0.190698 0.096901 -0.472514 -0.339058 -0.317322 -0.360433 -0.102693 -0.494117 -0.415751 -0.410120 -0.066608 -0.191738 -0.467201 -0.450325 -0.249995 -0.563919 0.238625 0.324433 -0.483761 -0.219216 0.430421 0.548383 -0.239135 0.410695 -0.151366 -0.115471 0.145226 0.144645 0.044570 -0.002797 0.000590 0.000471 0.242827 0.329443 -0.379619 -0.370534 -0.382099 -0.322275 -0.074413 -0.446941 -0.166397 -0.088804 -0.066565 -0.327482 0.556935 0.057147 0.101500 0.303597 0.164331 0.181418 -0.020913 -0.170888 0.188860 0.260757 -0.208005 0.014843 -0.118948 -0.210721 0.235281 0.100491 0.027732 0.281338 0.053898 0.031698 0.014897 -0.018521 0.557031 -0.092888 -0.017801 0.302047 -0.035564 0.203465
