1.000000 0.660820 -0.163587 -0.453953 0.290472 -0.354919 0.189694 -0.057902 0.149626 0.088868 0.745213 0.581927 0.454550 0.400550 0.233674 0.236453 0.564517 0.219646 0.167994 0.188167 -0.388150 -0.172451 -0.324430 -0.391520 -0.310842 -0.515403 -0.345900 -0.409661 0.467747 0.327247 -0.154953 -0.314016 0.262505 0.010715 -0.344067 -0.382894 0.031592 -0.096693 -0.423652 -0.363630 -0.114691 0.159141 0.036003 0.020690 -0.078338 -0.280742 -0.049455 -0.113992 0.495489 -0.129445 -0.173456 0.272094 0.185671 0.142914 0.027179 -0.036848 0.536949 -0.001982 0.184784 -0.225700 0.342616 0.168092 0.148426 0.086925 -0.270309 -0.157210 0.193266 -0.361328 -0.019074 -0.391253 0.337732 0.312667 0.302558 0.301099 0.213306 0.440712 0.552152 0.352926 0.075695 -0.133998 0.150204 0.077652 0.224038 0.195924 -0.209924 -0.030339 0.123789 -0.011276 -0.240366 -0.046161 -0.221474 -0.078983 -0.047321 -0.270517 0.094433 0.034227 -0.242175 -0.025600 -0.061905 0.266452 -0.254683 0.211949 -0.094418 0.136063 -0.003778 -0.347496 -0.172092 -0.370177 0.019721 0.054335 -0.354272 -0.270069 0.068873 0.355254 0.233558 -0.138998
0.660820 1.000000 -0.522496 -0.101556 0.263226 -0.358502 0.220896 0.417750 0.148768 0.529617 0.352017 0.655880 0.484245 0.651072 -0.002011 0.371520 0.536610 0.324450 0.043949 0.383082 -0.527349 -0.396821 -0.746515 -0.639152 -0.583698 -0.691806 -0.545842 -0.673198 0.527474 0.528072 -0.326926 -0.404079 0.141889 0.066905 -0.553680 -0.439681 -0.040940 -0.057481 -0.567204 -0.152440 -0.289189 0.058496 -0.291756 -0.333032 -0.480396 -0.444753 -0.336559 -0.278160 0.042621 -0.237308 -0.502698 0.255649 0.273963 -0.089653 -0.276503 0.015793 0.488589 -0.092280 0.146259 0.158873 0.340859 0.573993 0.204302 0.152406 -0.509585 0.198832 0.072055 -0.383535 -0.047703 -0.278552 0.095131 0.058482 0.281593 0.133001 0.022393 0.272729 0.327692 0.320299 0.076632 -0.021887 0.344638 0.165798 -0.126673 0.482477 -0.501747 -0.276036 -0.067531 -0.064748 -0.380369 0.094823 0.059760 0.068846 0.212898 -0.129117 0.060314 0.165342 -0.393232 0.000824 0.158216 0.410901 0.037543 0.050824 0.258637 0.010549 0.165168 -0.049126 0.365515 0.006870 0.096398 0.015047 -0.555603 0.004547 0.341970 0.286903 0.195075 0.008405
-0.163587 -0.522496 1.000000 0.266103 -0.013027 0.197555 0.343444 0.029330 0.200237 -0.231418 -0.095295 -0.304680 -0.077691 -0.218561 0.091066 -0.095812 -0.186381 -0.127315 0.401641 -0.347490 0.252552 0.042510 0.413723 0.291973 0.603953 0.410063 0.126084 0.251299 -0.439350 -0.384483 0.248862 0.338659 -0.035413 0.082148 0.303814 0.151966 -0.233454 -0.311833 0.062646 -0.234020 -0.191330 -0.302416 0.131965 0.105380 0.266877 0.020024 -0.006043 -0.073347 0.059839 -0.104126 0.256062 -0.300483 -0.247830 0.013355 0.098774 -0.112307 -0.428261 -0.091201 -0.063739 -0.398304 -0.071824 -0.538875 -0.231200 -0.129114 0.516578 -0.169186 -0.072628 0.123711 0.042349 0.023354 0.051442 0.096763 -0.215133 -0.046698 0.004193 -0.111458 -0.098233 -0.043204 -0.045567 0.003767 -0.323852 -0.199305 -0.065311 -0.421519 0.024301 0.027543 -0.163959 -0.370803 0.503518 -0.029086 0.137839 0.135891 0.107906 0.225741 -0.076796 -0.324746 -0.019976 -0.194954 -0.066796 -0.241143 -0.186857 -0.020866 -0.173096 0.034467 -0.010488 -0.040110 -0.280535 -0.124442 -0.151758 -0.133654 0.140715 -0.139750 -0.150844 -0.193588 0.040336 0.135391
-0.453953 -0.101556 0.266103 1.000000 -0.120822 0.270726 0.190470 0.631626 0.261381 0.211023 -0.391827 0.008655 -0.033474 0.074307 0.092460 0.206880 -0.073954 0.007333 0.232705 -0.078131 0.085040 -0.051664 0.012017 0.165809 0.209173 0.274846 -0.092899 -0.067418 -0.255323 -0.265623 0.175476 0.403266 -0.030535 0.246342 0.082310 0.190934 -0.497493 -0.304507 -0.178873 -0.072898 -0.452663 -0.658884 -0.096680 -0.156818 -0.250208 -0.080033 -0.414572 -0.271860 -0.521184 -0.380830 -0.136224 -0.413561 -0.386097 -0.342335 -0.357952 -0.137574 -0.431656 -0.254099 -0.223539 -0.055269 -0.131872 -0.026102 -0.214181 -0.016038 0.398119 0.501718 -0.341484 0.158812 -0.142146 0.100224 -0.343013 -0.140058 -0.315934 -0.487139 -0.276824 -0.385927 -0.316638 -0.183316 0.011527 0.239695 -0.244377 -0.160607 -0.263131 -0.082288 -0.228981 -0.187746 -0.085100 -0.196447 0.466259 0.205948 0.121799 0.142750 0.275008 0.116813 -0.024534 -0.180716 -0.302683 -0.295843 -0.130860 -0.292344 0.350303 -0.299835 0.226251 -0.090451 0.443688 0.217794 0.263502 0.306277 0.062791 -0.089331 -0.104952 -0.100223 0.051614 -0.007216 0.185557 0.337910
0.290472 0.263226 -0.013027 -0.120822 1.000000 -0.067035 0.360477 0.327654 0.154863 0.487853 0.120468 0.161237 0.280962 0.336444 -0.207339 0.189084 0.100595 -0.027214 0.070830 0.297769 -0.303718 -0.059806 -0.552642 -0.401453 -0.490286 -0.497340 -0.251298 -0.517588 0.120065 0.316844 -0.248593 -0.350391 -0.060415 0.002763 -0.481715 -0.232211 -0.018415 -0.206737 -0.257643 -0.220755 -0.130751 -0.000909 -0.295972 -0.221014 0.031076 0.203447 -0.159348 -0.132078 0.413210 0.245985 -0.303975 0.429065 0.258451 0.053469 -0.093465 -0.117416 0.087673 -0.145646 0.477872 0.164936 0.212124 0.346144 0.064977 -0.038493 -0.374016 0.175689 0.284229 0.079136 0.177119 0.114068 0.103066 0.336428 0.060847 0.011273 -0.045581 0.010424 0.054286 0.041794 -0.093147 -0.149302 -0.105419 -0.260680 -0.141376 0.172485 -0.432545 -0.155188 -0.309364 -0.256918 -0.327030 0.085451 0.039041 0.268484 0.090640 0.131322 -0.127712 0.089653 -0.212427 -0.066898 0.088613 0.212389 -0.126287 0.254474 -0.008734 -0.059132 0.011623 -0.142881 0.170721 0.017780 0.020177 -0.132426 -0.376867 0.070971 0.138057 0.184379 -0.114743 0.064790
-0.354919 -0.358502 0.197555 0.270726 -0.067035 1.000000 0.019675 0.044197 -0.028415 -0.041810 -0.349091 -0.248033 -0.324134 -0.277785 0.143219 0.133103 -0.379493 -0.262199 -0.003006 -0.022627 0.344172 0.419256 0.334696 0.473813 0.142746 0.415993 0.464837 0.436024 -0.356006 -0.296779 -0.000557 0.162817 -0.328095 -0.240436 0.183552 0.294635 0.104785 0.145829 0.186544 0.080131 0.139897 -0.052690 0.052800 0.012561 0.271623 0.166068 -0.104267 -0.126373 -0.133824 0.023811 0.200022 -0.172896 -0.391034 -0.206644 -0.107046 -0.251479 -0.489494 -0.076328 -0.004346 0.153719 -0.408767 -0.202344 -0.390737 -0.231117 0.358708 0.176067 0.022404 0.255306 0.046454 0.308069 -0.327469 0.050416 -0.380469 -0.203705 -0.198843 -0.274988 -0.300568 -0.227601 -0.171425 0.253231 -0.360021 -0.110649 0.114301 -0.080905 0.252106 0.302993 -0.106887 -0.072156 0.108957 -0.072993 -0.172288 -0.061715 0.130210 0.150984 0.199897 -0.185903 0.045490 -0.182133 -0.500485 -0.513589 0.192492 -0.214435 -0.169104 -0.231649 0.000787 0.155302 0.144103 0.185988 0.081399 -0.157332 0.156155 -0.158340 -0.087713 -0.165827 0.005953 0.058467
0.189694 0.220896 0.343444 0.190470 0.360477 0.019675 1.000000 0.629646 0.514989 0.584522 0.021365 0.154439 0.560553 0.485783 0.248400 0.544777 0.158427 0.136277 0.404526 -0.034619 -0.165943 -0.382140 -0.322785 -0.304444 -0.186009 -0.438592 -0.413843 -0.429200 0.111877 0.247335 0.063275 0.059266 0.102046 0.299873 -0.287663 -0.256505 -0.531716 -0.401200 -0.435812 -0.367047 -0.372970 -0.169079 -0.434434 -0.408468 0.061714 -0.246429 -0.181858 -0.425852 0.171004 -0.032343 -0.332525 0.136666 0.049720 0.017637 -0.323560 0.048777 -0.257375 -0.451335 0.281662 -0.123233 0.485753 0.266156 -0.042276 -0.011731 0.139564 0.192323 -0.099300 -0.328071 -0.131915 -0.279153 0.132330 0.132490 0.127155 0.180901 0.130864 0.109549 -0.028149 0.006850 -0.176634 -0.162831 -0.116309 -0.262844 -0.020361 0.351608 -0.283481 -0.092768 -0.362501 -0.396425 0.038646 0.108765 0.077384 0.029060 0.050454 -0.022546 0.011020 -0.222137 -0.437566 -0.077111 0.077294 0.166034 -0.063821 0.180808 -0.056986 -0.156988 -0.042017 -0.281379 0.097563 -0.221308 -0.039630 -0.347846 -0.552746 -0.189826 0.316933 -0.008460 0.001102 0.015473
-0.057902 0.417750 0.029330 0.631626 0.327654 0.044197 0.629646 1.000000 0.424740 0.768315 -0.225756 0.275573 0.380903 0.588228 -0.037153 0.488311 0.129628 0.144060 0.263774 0.167360 -0.290765 -0.454475 -0.588276 -0.416086 -0.306024 -0.382328 -0.521463 -0.624164 0.059320 0.240871 -0.098082 0.038205 -0.062302 0.289691 -0.335545 -0.114368 -0.510226 -0.312226 -0.570703 -0.126703 -0.611054 -0.405748 -0.492373 -0.527501 -0.393153 -0.276150 -0.532688 -0.453213 -0.216875 -0.277491 -0.589921 -0.011072 0.038731 -0.360180 -0.571661 -0.122784 -0.324228 -0.438103 0.195298 0.162518 0.278887 0.523333 -0.101619 -0.036546 -0.038274 0.620572 -0.122327 -0.091175 -0.200638 -0.014306 -0.168772 0.025595 -0.059377 -0.167850 -0.202545 -0.142423 -0.152712 0.046700 -0.164809 0.032127 -0.143440 -0.275581 -0.377619 0.356690 -0.580769 -0.359854 -0.323988 -0.424477 0.098521 0.284537 0.283722 0.258950 0.411231 0.221466 0.052059 0.023267 -0.582045 -0.103568 0.132401 0.082628 0.172297 -0.054872 0.357857 -0.115772 0.267142 0.105240 0.591438 0.247613 0.129175 -0.124969 -0.550265 0.052619 0.345693 0.033086 0.099990 0.152402
0.149626 0.148768 0.200237 0.261381 0.154863 -0.028415 0.514989 0.424740 1.000000 0.408446 0.196422 0.394560 0.476019 0.437356 0.554074 0.359651 0.278253 -0.008325 0.337043 -0.163882 -0.139040 -0.284639 -0.135134 -0.179732 -0.071265 -0.165029 -0.453137 -0.412852 0.058285 -0.025193 0.025023 -0.098693 0.050637 0.072692 -0.189529 -0.042262 -0.357768 -0.205457 -0.211452 -0.178931 -0.350232 -0.242784 -0.097047 -0.123454 -0.080508 0.077230 -0.327488 -0.268505 0.042247 -0.168888 -0.396134 -0.055859 -0.338873 -0.073308 -0.473936 -0.097544 -0.081550 -0.195777 0.239547 -0.281405 0.439842 0.177137 -0.134720 -0.077444 0.336360 0.396671 -0.284634 -0.225072 0.053500 -0.075132 0.054302 0.014997 0.107808 -0.054115 0.124624 0.054252 -0.033302 0.058000 -0.013794 0.046509 -0.080790 -0.198304 0.219071 -0.098839 -0.155574 -0.143338 0.040463 -0.248236 0.272560 0.212626 0.057414 0.016751 -0.018026 0.089265 0.025001 -0.038674 -0.441976 -0.191348 -0.130689 -0.237088 -0.106103 -0.012262 -0.050183 -0.224850 0.075412 -0.136985 0.107366 -0.049385 0.254121 -0.037928 -0.328228 -0.275077 -0.149793 0.060434 0.162709 0.150764
0.088868 0.529617 -0.231418 0.211023 0.487853 -0.041810 0.584522 0.768315 0.408446 1.000000 -0.061105 0.320839 0.480188 0.672127 -0.027391 0.531372 0.150327 0.008501 0.076730 0.201994 -0.476050 -0.524526 -0.761026 -0.615538 -0.568642 -0.646038 -0.574864 -0.755740 0.267270 0.461038 -0.316986 -0.358281 -0.131296 0.112522 -0.458777 -0.221142 -0.337650 -0.161907 -0.424077 -0.014097 -0.458515 -0.143145 -0.515560 -0.499606 -0.228423 -0.097892 -0.325619 -0.259182 0.040180 0.001889 -0.690535 0.248658 0.236121 -0.314215 -0.481549 -0.081433 -0.042555 -0.418806 0.374294 0.318504 0.364397 0.722969 0.023306 -0.054090 -0.352943 0.540774 -0.015511 -0.210817 -0.025039 0.024411 -0.074713 0.025377 0.093204 -0.052961 -0.105383 -0.017717 -0.072519 0.173814 -0.144585 -0.061760 0.068866 -0.195581 -0.224871 0.507240 -0.537409 -0.425816 -0.256388 -0.286123 -0.218958 0.245566 0.328141 0.299191 0.270220 0.150166 0.029507 0.178743 -0.390944 0.104027 0.276948 0.239962 0.053707 0.023707 0.263271 -0.278520 0.024281 0.021840 0.576048 0.089267 0.246746 -0.055161 -0.490462 0.178806 0.370544 0.157347 -0.076887 0.063537
0.745213 0.352017 -0.095295 -0.391827 0.120468 -0.349091 0.021365 -0.225756 0.196422 -0.061105 1.000000 0.505914 0.561125 0.328243 0.437426 0.129805 0.636626 0.083660 0.016764 0.022795 -0.380218 -0.227037 -0.072612 -0.247545 -0.150678 -0.373560 -0.322783 -0.296411 0.438587 0.172774 -0.035732 -0.188544 0.411884 0.151904 -0.133995 -0.204722 0.015710 -0.165832 -0.126746 -0.408850 0.023067 0.251041 0.180702 0.146808 0.070632 0.014711 -0.076389 0.034194 0.514555 -0.026708 -0.196089 0.145327 -0.053806 0.013501 0.008561 -0.151178 0.563647 0.079195 0.137425 -0.333995 0.291486 0.071675 0.168721 0.076495 -0.124805 -0.106568 0.091011 -0.203018 0.079425 -0.116481 0.312881 0.152296 0.374479 0.309297 0.386263 0.456016 0.478505 0.313770 0.032642 -0.068262 0.104057 -0.022445 0.559892 0.053350 0.063020 -0.169671 0.465139 0.103845 -0.064199 -0.226102 -0.272409 -0.200548 -0.294193 -0.355951 -0.008125 -0.053926 -0.284866 -0.186030 -0.168904 0.052887 -0.327643 0.112290 -0.264946 0.126347 0.021472 -0.266979 -0.259340 -0.240801 0.005017 -0.049004 -0.108734 -0.394952 -0.026500 0.266274 0.152756 0.059482
0.581927 0.655880 -0.304680 0.008655 0.161237 -0.248033 0.154439 0.275573 0.394560 0.320839 0.505914 1.000000 0.386847 0.646203 0.249562 0.380397 0.526030 0.315401 0.034563 0.112429 -0.335221 -0.252491 -0.421005 -0.394621 -0.290875 -0.368771 -0.453527 -0.579013 0.491629 0.413544 0.128643 -0.008929 0.276251 0.255821 -0.371465 -0.119510 -0.065657 0.011274 -0.405897 -0.297828 -0.199316 0.002348 0.171168 0.076784 -0.469456 -0.167968 -0.379651 -0.258108 0.033252 -0.443002 -0.553745 -0.186172 -0.157974 -0.178808 -0.450767 -0.255758 0.394131 -0.154652 0.054035 -0.356610 0.302629 0.423593 0.080927 0.107961 -0.159629 0.491428 -0.165460 -0.437628 -0.059007 -0.258721 0.281782 0.193705 0.454811 0.111648 0.250195 0.468598 0.422472 0.317621 0.220944 0.159102 0.201368 0.027424 0.135915 0.184527 -0.389062 -0.237835 0.179789 -0.082566 -0.174241 -0.141921 -0.177715 -0.204264 0.089691 -0.115944 -0.013788 0.122671 -0.504291 -0.287729 -0.235676 -0.091333 0.001032 -0.087625 0.113298 -0.009037 0.302358 -0.108858 0.047182 0.023017 0.223283 0.000244 -0.336956 -0.285043 0.085302 0.407901 0.394409 0.088028
0.454550 0.484245 -0.077691 -0.033474 0.280962 -0.324134 0.560553 0.380903 0.476019 0.480188 0.561125 0.386847 1.000000 0.660449 0.368389 0.402073 0.674247 0.177798 0.227536 0.078545 -0.449550 -0.426910 -0.431330 -0.477412 -0.308254 -0.631312 -0.626075 -0.570731 0.342744 0.311475 -0.102121 -0.174040 0.414872 0.319214 -0.328231 -0.426530 -0.377800 -0.456362 -0.418813 -0.444045 -0.256075 0.104028 -0.408907 -0.422950 -0.116082 -0.255397 -0.289638 -0.248117 0.306615 -0.010174 -0.514658 0.241140 0.137138 -0.005754 -0.332290 -0.050803 0.251098 -0.191057 0.295123 -0.131421 0.679203 0.419365 0.183390 0.108992 -0.137405 0.109126 -0.023908 -0.320990 -0.023174 -0.230946 0.222696 0.174752 0.337547 0.383190 0.368075 0.371517 0.244002 0.246868 -0.195395 -0.282588 0.014051 -0.233797 0.226581 0.287023 -0.247341 -0.360347 0.002407 -0.156475 -0.032822 0.237221 0.030451 0.016003 -0.076598 -0.244475 -0.076243 -0.056868 -0.534492 -0.186781 0.125100 0.220378 -0.166911 0.236196 -0.048583 -0.117675 -0.059012 -0.332282 0.079642 -0.086008 -0.072712 -0.158076 -0.556220 -0.218055 0.283337 0.124409 -0.079463 0.142087
0.400550 0.651072 -0.218561 0.074307 0.336444 -0.277785 0.485783 0.588228 0.437356 0.672127 0.328243 0.646203 0.660449 1.000000 0.002945 0.598219 0.533018 0.395987 0.139818 0.148027 -0.475359 -0.504315 -0.705667 -0.667105 -0.512786 -0.696750 -0.716966 -0.796685 0.466645 0.661090 -0.060710 -0.199529 0.345074 0.441302 -0.639374 -0.386985 -0.334942 -0.238293 -0.569671 -0.272909 -0.382669 -0.037781 -0.341110 -0.383204 -0.338889 -0.241748 -0.407789 -0.493617 0.100172 -0.198588 -0.718221 0.048607 0.222659 -0.239650 -0.457784 -0.145461 0.212021 -0.331553 0.367484 0.009255 0.692050 0.803452 0.234278 0.318751 -0.344839 0.583953 -0.041054 -0.473049 -0.164331 -0.237946 0.121513 0.084841 0.521371 0.280051 0.279404 0.383082 0.239039 0.139530 0.053545 -0.049748 0.220694 -0.055610 -0.116971 0.341807 -0.486067 -0.414061 -0.197421 -0.386363 -0.178760 0.163626 -0.057826 -0.136786 -0.007509 -0.187060 -0.057037 0.083756 -0.655056 -0.199876 0.084804 0.142846 0.024716 0.118009 0.137650 -0.089738 0.176968 -0.176640 0.291583 0.119907 0.182814 -0.185669 -0.706269 -0.271807 0.206347 0.185428 0.130825 0.092317
0.233674 -0.002011 0.091066 0.092460 -0.207339 0.143219 0.248400 -0.037153 0.554074 -0.027391 0.437426 0.249562 0.368389 0.002945 1.000000 0.325870 0.246555 -0.122532 0.230429 -0.313249 0.124824 0.007795 0.333375 0.139963 0.185084 0.069991 0.053022 0.044999 0.167909 -0.215896 0.227800 0.137846 0.087748 0.043582 0.063622 0.104469 -0.193300 -0.062022 0.097329 -0.138024 0.087283 0.009193 0.205685 0.154153 0.234028 -0.013298 -0.016912 -0.066721 0.093787 -0.123154 0.060798 -0.075675 -0.500104 0.138379 -0.067632 -0.005020 0.044994 0.072573 -0.169267 -0.418608 0.077150 -0.225251 -0.204677 -0.226793 0.552997 -0.043209 -0.332332 -0.245284 -0.036994 -0.126519 0.089776 -0.037214 0.033901 0.039923 0.295420 0.110624 0.036574 0.016199 -0.172864 0.070244 -0.148390 -0.205612 0.774561 0.036297 0.368170 0.164629 0.496112 0.241313 0.244010 -0.105522 -0.285163 -0.267024 -0.266780 -0.264018 0.177192 -0.212019 -0.102656 -0.072260 -0.379605 -0.348299 -0.178584 -0.172449 -0.259634 -0.170699 -0.008030 -0.184652 -0.182340 -0.206905 0.054740 -0.038461 0.029902 -0.369478 -0.110069 0.086320 0.231685 -0.015412
0.236453 0.371520 -0.095812 0.206880 0.189084 0.133103 0.544777 0.488311 0.359651 0.531372 0.129805 0.380397 0.402073 0.598219 0.325870 1.000000 0.318996 0.253626 0.204863 0.079649 -0.258966 -0.215139 -0.332294 -0.156766 -0.199021 -0.377860 -0.289844 -0.423015 0.398536 0.366664 0.161487 0.045009 0.164300 0.376243 -0.390200 -0.252724 -0.322705 -0.241096 -0.269132 -0.265572 -0.229817 -0.188858 -0.267463 -0.357614 0.048666 -0.295565 -0.160991 -0.476418 0.073011 -0.210731 -0.335573 0.032176 -0.031581 -0.126463 -0.222964 -0.062967 -0.104674 -0.331691 0.052721 -0.051106 0.405456 0.392482 0.186145 0.216787 0.055138 0.343170 -0.277060 -0.351383 -0.276573 -0.172284 -0.181962 -0.038960 0.207088 0.020805 0.142663 0.079799 -0.081198 -0.213041 -0.055489 0.137540 0.002029 -0.118257 0.066008 0.457803 -0.150924 0.068111 -0.252291 -0.227951 0.027741 0.125938 -0.194824 -0.256689 -0.056340 -0.244750 -0.070660 -0.246294 -0.410095 -0.135019 -0.082535 -0.081978 -0.038463 0.029074 -0.143364 -0.269807 0.060607 -0.226967 0.045580 -0.083588 -0.080947 -0.411802 -0.507144 -0.381158 0.291752 0.171287 0.278703 0.020853
0.564517 0.536610 -0.186381 -0.073954 0.100595 -0.379493 0.158427 0.129628 0.278253 0.150327 0.636626 0.526030 0.674247 0.533018 0.246555 0.318996 1.000000 0.575163 0.194527 0.139185 -0.493820 -0.289322 -0.383862 -0.346673 -0.221242 -0.503826 -0.568821 -0.519693 0.596266 0.351899 -0.025358 -0.127539 0.399392 0.170485 -0.271029 -0.496506 -0.300532 -0.359029 -0.389147 -0.442458 -0.303945 0.014610 -0.253777 -0.267421 -0.157353 -0.280839 -0.322388 -0.298385 0.142629 -0.110464 -0.377410 0.059252 0.158077 -0.064928 -0.267897 -0.046157 0.477694 -0.167421 0.058151 -0.156784 0.562102 0.338862 0.481003 0.432133 -0.147953 0.107511 -0.134262 -0.347860 -0.077106 -0.334194 0.163075 0.140784 0.536643 0.273023 0.410976 0.394829 0.391588 0.177112 0.175688 0.070346 0.356164 0.251300 0.128980 0.237887 -0.191980 -0.219753 0.128861 -0.069300 0.023485 0.287723 -0.094014 -0.214702 -0.222454 -0.362939 -0.124183 -0.075084 -0.470139 -0.301553 0.088370 0.218480 -0.247704 0.169431 -0.068801 -0.001430 0.103426 -0.266280 -0.075744 -0.018189 -0.131324 -0.088974 -0.532296 -0.375277 0.152430 0.270476 0.028529 0.169731
0.219646 0.324450 -0.127315 0.007333 -0.027214 -0.262199 0.136277 0.144060 -0.008325 0.008501 0.083660 0.315401 0.177798 0.395987 -0.122532 0.253626 0.575163 1.000000 0.313154 0.047234 -0.249634 -0.205050 -0.308927 -0.239213 -0.191157 -0.331417 -0.365101 -0.350774 0.521340 0.540071 0.193393 0.143160 0.233398 0.208203 -0.215017 -0.425255 -0.140349 -0.077413 -0.313532 -0.193199 -0.189582 -0.036112 -0.234879 -0.221287 -0.283709 -0.445210 -0.270158 -0.489603 -0.260016 -0.268297 -0.209482 -0.138831 0.238805 0.046142 -0.111346 0.066086 0.190164 -0.162724 -0.191412 -0.155472 0.367244 0.296861 0.439421 0.610878 -0.131105 0.123496 -0.259240 -0.452955 -0.225117 -0.563900 0.191359 0.217585 0.606950 0.256034 0.267505 0.335672 0.315295 0.045944 0.496954 0.316582 0.522582 0.508775 -0.222631 0.263755 -0.280786 -0.024125 -0.137899 -0.116491 -0.033367 0.295323 -0.096664 -0.318099 -0.202531 -0.218440 0.003105 0.041275 -0.290858 -0.192030 0.151311 0.253835 -0.001239 0.293060 0.092139 0.158657 0.292080 -0.080629 -0.122269 0.074493 -0.013721 -0.198768 -0.555428 -0.265908 0.203207 0.150593 0.068436 0.130251
0.167994 0.043949 0.401641 0.232705 0.070830 -0.003006 0.404526 0.263774 0.337043 0.076730 0.016764 0.034563 0.227536 0.139818 0.230429 0.204863 0.194527 0.313154 1.000000 -0.080076 0.105775 -0.224377 -0.050221 -0.135160 0.033590 -0.107519 -0.206903 -0.268846 0.016765 -0.009911 0.294927 0.197076 0.114937 0.140616 -0.063714 -0.195381 -0.258561 -0.174416 -0.087336 -0.011736 -0.253081 -0.172433 -0.145009 -0.208898 -0.034862 -0.376913 -0.187898 -0.301230 -0.128207 -0.338231 -0.170368 -0.251434 -0.092248 -0.088282 -0.060812 -0.093967 -0.157016 0.085280 -0.054811 -0.298428 0.221573 -0.127537 -0.121047 0.011132 0.315543 -0.013631 -0.242596 -0.290660 0.049734 -0.242723 0.058552 0.216376 0.095945 0.101246 0.182921 0.026675 0.035019 0.075334 0.124127 -0.053189 -0.104164 -0.137008 -0.099866 -0.125313 -0.255396 -0.116625 -0.149498 -0.285697 0.274577 0.318273 0.079089 0.045119 0.102744 0.052714 0.215358 0.072629 -0.229750 -0.016268 0.050075 -0.014897 0.032666 0.155399 0.179919 0.268690 0.150763 -0.072264 -0.107848 -0.108280 0.156037 0.043077 -0.282393 -0.151050 0.014271 0.008618 0.172352 -0.089782
0.188167 0.383082 -0.347490 -0.078131 0.297769 -0.022627 -0.034619 0.167360 -0.163882 0.201994 0.022795 0.112429 0.078545 0.148027 -0.313249 0.079649 0.139185 0.047234 -0.080076 1.000000 -0.424655 -0.081566 -0.466336 0.002518 -0.467515 -0.302082 -0.177848 -0.162621 -0.099281 -0.002185 -0.523894 -0.340058 -0.114338 -0.183603 -0.240126 -0.355505 -0.019041 -0.215373 -0.429752 -0.068263 -0.307725 -0.052571 -0.354580 -0.338945 -0.314164 -0.191503 -0.297117 -0.039073 0.007517 0.062254 -0.204768 0.263493 0.345070 -0.160138 -0.213054 -0.074556 0.239762 0.065895 0.180406 0.392116 -0.039974 0.255004 0.092852 -0.023803 -0.417981 0.105599 0.171573 0.282266 0.341903 0.375862 -0.230568 0.009105 -0.279375 -0.104668 -0.289396 -0.142484 -0.130593 -0.100547 -0.043138 0.011429 0.017128 -0.062385 -0.277657 0.109208 -0.285338 -0.172138 -0.289808 -0.214787 -0.138664 0.056806 0.218182 0.396092 0.275603 0.111875 -0.077704 0.252320 -0.195573 -0.050608 0.257410 0.383152 0.095029 0.227277 0.017600 0.066039 0.191555 0.179851 0.298903 0.269412 0.027034 -0.177674 -0.322565 0.189029 0.353856 0.071745 -0.230894 0.096395
-0.388150 -0.527349 0.252552 0.085040 -0.303718 0.344172 -0.165943 -0.290765 -0.139040 -0.476050 -0.380218 -0.335221 -0.449550 -0.475359 0.124824 -0.258966 -0.493820 -0.249634 0.105775 -0.424655 1.000000 0.561220 0.589951 0.348857 0.444651 0.618296 0.608388 0.559592 -0.452796 -0.358465 0.516483 0.465003 -0.091830 0.125316 0.095081 0.435410 0.200835 0.287893 0.486735 0.359985 0.498700 0.245494 0.339311 0.341243 0.211468 0.145939 0.313932 0.168631 -0.090961 -0.109528 0.450041 -0.237333 -0.319116 0.335074 0.255399 0.138660 -0.260308 0.328990 -0.181319 -0.242746 -0.246381 -0.431370 -0.336167 -0.124078 0.456146 -0.172082 -0.134954 -0.098591 -0.095286 -0.009924 0.055914 -0.029326 -0.123798 0.107442 0.146686 -0.030935 -0.062775 -0.262668 -0.175028 -0.195088 -0.285955 -0.201738 0.113832 -0.419708 0.376079 0.301948 0.105360 0.175707 0.038446 -0.223621 -0.354141 -0.361669 -0.087820 0.016132 0.092708 -0.048162 0.299249 0.141490 -0.366083 -0.420613 0.011830 -0.371349 0.112112 0.124418 -0.141637 -0.118268 -0.205564 -0.025138 -0.107975 0.232292 0.465399 -0.003240 -0.302774 -0.139705 0.229831 -0.284952
-0.172451 -0.396821 0.042510 -0.051664 -0.059806 0.419256 -0.382140 -0.454475 -0.284639 -0.524526 -0.227037 -0.252491 -0.426910 -0.504315 0.007795 -0.215139 -0.289322 -0.205050 -0.224377 -0.081566 0.561220 1.000000 0.442984 0.540662 0.255335 0.507130 0.596332 0.604552 -0.322576 -0.351396 0.131362 0.199635 -0.259440 -0.273737 0.096559 0.147401 0.359522 0.208104 0.402058 0.103502 0.442213 0.050080 0.396183 0.405955 0.215263 0.243600 0.359831 0.295555 0.045323 0.057044 0.592660 -0.060182 -0.185060 0.340403 0.383671 0.125416 -0.128237 0.125471 -0.106190 -0.095625 -0.255402 -0.443493 -0.076061 -0.027757 0.249388 -0.260040 0.010629 0.161115 -0.139814 -0.042707 -0.092351 0.142079 -0.223708 -0.182291 -0.046891 -0.188150 -0.162343 -0.401660 -0.012878 0.053982 -0.218661 0.105162 0.094107 -0.359539 0.315881 0.495059 -0.016170 0.343266 -0.045944 -0.087025 -0.394086 -0.195959 -0.120976 -0.108727 -0.093380 -0.098073 0.445522 -0.039306 -0.378527 -0.378553 0.027926 -0.096732 -0.088208 -0.133055 -0.141172 -0.262003 -0.254960 -0.086535 -0.275621 0.098625 0.353135 -0.042213 -0.472887 -0.074121 0.066967 -0.090294
-0.324430 -0.746515 0.413723 0.012017 -0.552642 0.334696 -0.322785 -0.588276 -0.135134 -0.761026 -0.072612 -0.421005 -0.431330 -0.705667 0.333375 -0.332294 -0.383862 -0.308927 -0.050221 -0.466336 0.589951 0.442984 1.000000 0.777430 0.697865 0.798102 0.627841 0.835075 -0.444274 -0.616875 0.418681 0.522530 -0.000035 -0.080611 0.633052 0.467399 0.168087 0.134376 0.515040 -0.006018 0.404938 0.062126 0.556950 0.528943 0.486683 0.281638 0.381351 0.294864 -0.042808 0.009451 0.696392 -0.318178 -0.492507 0.269671 0.321460 0.009226 -0.277940 0.187957 -0.386415 -0.433836 -0.389123 -0.762357 -0.329309 -0.237533 0.672004 -0.384911 -0.186942 0.204638 -0.104312 0.046978 0.026879 -0.123886 -0.262979 -0.046606 0.058034 -0.072143 -0.090859 -0.147395 -0.096578 0.038241 -0.366237 -0.107371 0.455314 -0.393868 0.712647 0.481994 0.284884 0.259020 0.344001 -0.295003 -0.274375 -0.258809 -0.227985 -0.077180 -0.029713 -0.338980 0.401984 -0.118884 -0.423319 -0.536956 -0.041883 -0.175388 -0.337673 -0.020259 -0.138845 -0.021976 -0.514403 -0.234939 -0.186803 -0.007888 0.645078 -0.154462 -0.372301 -0.185271 0.096295 -0.043482
-0.391520 -0.639152 0.291973 0.165809 -0.401453 0.473813 -0.304444 -0.416086 -0.179732 -0.615538 -0.247545 -0.394621 -0.477412 -0.667105 0.139963 -0.156766 -0.346673 -0.239213 -0.135160 0.002518 0.348857 0.540662 0.777430 1.000000 0.528593 0.752341 0.568322 0.806174 -0.531511 -0.693742 0.191001 0.448177 -0.137607 -0.205433 0.572221 0.294469 0.113627 -0.063273 0.330979 -0.120250 0.205130 -0.192767 0.326240 0.311064 0.360261 0.206476 0.259409 0.238784 -0.150852 0.070432 0.648480 -0.237493 -0.386657 0.128960 0.198472 0.052166 -0.338850 0.062231 -0.411793 -0.202747 -0.457060 -0.671964 -0.245737 -0.195673 0.574964 -0.248233 -0.224456 0.448774 -0.081148 0.203759 -0.296529 -0.177415 -0.488368 -0.321144 -0.220190 -0.340639 -0.355965 -0.393374 -0.023346 0.260121 -0.400816 -0.035986 0.192693 -0.361904 0.513900 0.548755 -0.048436 0.102452 0.368178 -0.136581 -0.175160 -0.051947 -0.066472 -0.008508 -0.168447 -0.366434 0.334184 -0.280260 -0.299917 -0.432348 0.036947 -0.025286 -0.447531 -0.110517 0.018075 0.132256 -0.411046 -0.071826 -0.229430 -0.265767 0.428421 -0.140116 -0.229752 -0.153200 0.039481 0.201238
-0.310842 -0.583698 0.603953 0.209173 -0.490286 0.142746 -0.186009 -0.306024 -0.071265 -0.568642 -0.150678 -0.290875 -0.308254 -0.512786 0.185084 -0.199021 -0.221242 -0.191157 0.033590 -0.467515 0.444651 0.255335 0.697865 0.528593 1.000000 0.741941 0.401474 0.600228 -0.415871 -0.552223 0.448580 0.511727 0.055230 0.157124 0.513058 0.380901 -0.048093 -0.121313 0.300627 -0.075865 0.098171 -0.144918 0.374869 0.305289 0.165550 -0.045602 0.168134 0.056584 -0.134298 -0.201096 0.497102 -0.401759 -0.313402 0.108494 0.290594 -0.013795 -0.294529 0.203885 -0.448553 -0.448893 -0.274795 -0.718252 -0.137899 -0.086699 0.576879 -0.349724 -0.180482 0.151204 -0.074248 -0.016409 -0.002427 -0.147796 -0.212420 -0.071599 0.025132 -0.064293 -0.039424 -0.118973 -0.024573 0.061363 -0.225600 -0.068406 0.029259 -0.440601 0.251997 0.128968 0.101318 -0.083064 0.592112 -0.128484 0.032199 -0.087777 0.035763 0.150453 -0.131766 -0.362521 0.240159 -0.139088 -0.081791 -0.326329 -0.060732 -0.375522 -0.144149 0.063974 -0.076175 0.050238 -0.444075 -0.042375 -0.344526 0.004043 0.479809 -0.088319 -0.101069 -0.100999 0.273664 0.090171
-0.515403 -0.691806 0.410063 0.274846 -0.497340 0.415993 -0.438592 -0.382328 -0.165029 -0.646038 -0.373560 -0.368771 -0.631312 -0.696750 0.069991 -0.377860 -0.503826 -0.331417 -0.107519 -0.302082 0.618296 0.507130 0.798102 0.752341 0.741941 1.000000 0.628677 0.800214 -0.623636 -0.671914 0.283258 0.441042 -0.234225 -0.141264 0.580313 0.583863 0.142592 0.138624 0.438114 0.200812 0.231422 -0.113354 0.486214 0.462894 0.164420 0.221914 0.141392 0.226134 -0.288306 -0.179936 0.562382 -0.427458 -0.480526 0.068406 0.227312 -0.057455 -0.282275 0.263705 -0.420667 -0.270835 -0.549624 -0.699117 -0.341966 -0.220399 0.565065 -0.179194 -0.224781 0.314037 -0.001034 0.206833 -0.117985 -0.101103 -0.407590 -0.270799 -0.156978 -0.228260 -0.212133 -0.192960 0.091524 0.218613 -0.282154 -0.014839 0.014456 -0.554444 0.349006 0.294790 0.108211 0.120596 0.404407 -0.202749 -0.084679 -0.057556 0.036953 0.190624 0.062822 -0.171177 0.395361 -0.062992 -0.338425 -0.495171 0.037286 -0.379179 -0.102456 -0.075887 -0.053891 0.163570 -0.262722 0.061393 -0.057136 0.107980 0.652207 0.003118 -0.316990 -0.164990 0.179713 0.107734
-0.345900 -0.545842 0.126084 -0.092899 -0.251298 0.464837 -0.413843 -0.521463 -0.453137 -0.574864 -0.322783 -0.453527 -0.626075 -0.716966 0.053022 -0.289844 -0.568821 -0.365101 -0.206903 -0.177848 0.608388 0.596332 0.627841 0.568322 0.401474 0.628677 1.000000 0.773320 -0.364428 -0.449659 0.208130 0.212705 -0.238318 -0.256041 0.325490 0.375743 0.379347 0.233631 0.505617 0.221953 0.616382 0.170247 0.399727 0.346396 0.346542 0.207277 0.406814 0.315682 -0.097991 0.165818 0.664311 -0.142823 -0.288273 0.291224 0.440896 0.083306 -0.187908 0.404813 -0.283659 0.065350 -0.597447 -0.538048 -0.142106 -0.177370 0.315401 -0.314666 0.059504 0.330282 0.054027 0.279365 -0.160611 -0.124804 -0.410385 -0.109962 -0.116803 -0.276059 -0.291466 -0.343098 -0.140564 -0.032501 -0.237299 -0.076884 0.231741 -0.275576 0.602573 0.527742 0.155084 0.335496 -0.022501 -0.386780 -0.315621 -0.193689 -0.077768 -0.036867 0.048542 -0.160278 0.488859 0.139843 -0.364229 -0.357641 -0.036087 -0.158840 -0.240101 0.054287 -0.161493 0.051315 -0.292785 0.045147 -0.092602 0.033970 0.552652 0.075829 -0.181783 -0.100434 0.011849 -0.231105
-0.409661 -0.673198 0.251299 -0.067418 -0.517588 0.436024 -0.429200 -0.624164 -0.412852 -0.755740 -0.296411 -0.579013 -0.570731 -0.796685 0.044999 -0.423015 -0.519693 -0.350774 -0.268846 -0.162621 0.559592 0.604552 0.835075 0.806174 0.600228 0.800214 0.773320 1.000000 -0.565232 -0.600388 0.151165 0.327968 -0.147182 -0.256531 0.546462 0.374677 0.266958 0.129254 0.484587 0.116097 0.476973 0.123111 0.376777 0.403495 0.388395 0.189701 0.400797 0.312675 -0.136698 0.113431 0.767702 -0.183072 -0.274112 0.309313 0.464691 0.137165 -0.224542 0.294599 -0.384906 -0.074836 -0.533521 -0.708450 -0.260393 -0.176093 0.433106 -0.483641 -0.001185 0.364206 0.032816 0.178278 -0.115972 -0.182250 -0.427408 -0.083590 -0.113602 -0.201170 -0.241203 -0.303091 -0.078198 0.054473 -0.265022 0.052877 0.187130 -0.354338 0.646101 0.514439 0.091386 0.282668 0.216375 -0.280725 -0.230171 -0.153143 -0.127370 -0.049583 -0.018413 -0.247936 0.524333 -0.012138 -0.302023 -0.338822 0.023832 -0.149253 -0.329577 -0.010268 -0.207051 0.066487 -0.400227 -0.066481 -0.205462 -0.050395 0.599243 -0.010427 -0.253229 -0.301519 -0.034155 -0.023471
0.467747 0.527474 -0.439350 -0.255323 0.120065 -0.356006 0.111877 0.059320 0.058285 0.267270 0.438587 0.491629 0.342744 0.466645 0.167909 0.398536 0.596266 0.521340 0.016765 -0.099281 -0.452796 -0.322576 -0.444274 -0.531511 -0.415871 -0.623636 -0.364428 -0.565232 1.000000 0.715031 0.097158 -0.187824 0.198470 0.089088 -0.290459 -0.328771 -0.064733 0.121999 -0.128891 -0.125739 -0.044026 0.105508 -0.076923 -0.086952 -0.039587 -0.185089 -0.043348 -0.200859 0.117739 -0.020580 -0.398624 0.081353 0.149685 -0.076672 -0.091060 -0.000087 0.347557 -0.292210 0.075671 0.030296 0.322584 0.469209 0.454919 0.371450 -0.390785 0.115070 -0.039730 -0.465597 -0.141198 -0.382631 0.166299 0.050072 0.688925 0.171785 0.395580 0.304351 0.259699 0.151846 0.243392 0.230116 0.527396 0.369532 0.197032 0.545847 -0.118676 -0.084821 0.253741 0.239630 -0.353786 0.010472 -0.146157 -0.334518 -0.317520 -0.349928 0.069186 0.056210 -0.175427 0.041778 0.038164 0.256185 -0.074836 0.161011 0.016389 -0.011771 0.039615 -0.143502 -0.032155 -0.076142 0.092788 0.008974 -0.351272 -0.184107 0.150817 0.284853 0.073057 -0.119114
0.327247 0.528072 -0.384483 -0.265623 0.316844 -0.296779 0.247335 0.240871 -0.025193 0.461038 0.172774 0.413544 0.311475 0.661090 -0.215896 0.366664 0.351899 0.540071 -0.009911 -0.002185 -0.358465 -0.351396 -0.616875 -0.693742 -0.552223 -0.671914 -0.449659 -0.600388 0.715031 1.000000 0.012049 -0.209565 0.194282 0.185649 -0.474004 -0.334989 0.010865 0.182208 -0.268281 0.011486 -0.045852 0.263080 -0.287369 -0.235504 -0.111778 -0.166879 -0.131074 -0.333712 0.156023 -0.071352 -0.517847 0.165824 0.419042 0.004706 -0.102532 0.014577 0.243878 -0.318776 0.229257 0.113087 0.406963 0.683246 0.251048 0.346083 -0.638981 0.269687 0.144686 -0.496196 -0.149160 -0.349311 0.314130 0.218161 0.769218 0.428327 0.384439 0.472655 0.311034 0.182203 0.144010 0.045828 0.429549 0.219426 -0.159044 0.550727 -0.328184 -0.198761 -0.117975 0.001351 -0.497971 0.044930 -0.096632 -0.261899 -0.126130 -0.196431 0.086576 0.257339 -0.223996 0.100546 0.092029 0.267512 -0.045888 0.203171 0.185264 -0.039584 -0.037119 -0.157103 0.133928 0.068748 0.171168 -0.005326 -0.487154 -0.052313 0.212367 0.085871 -0.045176 -0.137329
-0.154953 -0.326926 0.248862 0.175476 -0.248593 -0.000557 0.063275 -0.098082 0.025023 -0.316986 -0.035732 0.128643 -0.102121 -0.060710 0.227800 0.161487 -0.025358 0.193393 0.294927 -0.523894 0.516483 0.131362 0.418681 0.191001 0.448580 0.283258 0.208130 0.151165 0.097158 0.012049 1.000000 0.794000 0.363889 0.522861 0.129197 0.233441 -0.024079 0.095991 0.316155 -0.057506 0.288312 0.101783 0.363690 0.267211 0.127609 -0.062490 0.187961 -0.106001 -0.113414 -0.337000 0.114192 -0.481208 -0.320376 0.205574 0.053460 -0.066629 -0.259870 -0.032862 -0.376259 -0.640316 0.036150 -0.238816 -0.114358 0.116935 0.461025 0.063557 -0.386025 -0.371420 -0.319260 -0.329295 0.196631 0.007238 0.339025 0.178928 0.393257 0.242133 0.078138 -0.116348 0.071030 -0.038892 -0.199665 -0.190743 0.208022 -0.123952 0.226141 0.207264 0.153922 0.012497 0.118689 -0.245198 -0.387246 -0.542611 -0.196879 -0.136763 -0.073242 -0.134638 -0.044244 -0.186617 -0.330394 -0.453276 0.032185 -0.170725 0.007708 0.221992 0.105704 -0.132991 -0.469980 -0.097995 -0.088440 -0.021928 0.192001 -0.240438 -0.080888 0.081099 0.426827 -0.125394
-0.314016 -0.404079 0.338659 0.403266 -0.350391 0.162817 0.059266 0.038205 -0.098693 -0.358281 -0.188544 -0.008929 -0.174040 -0.199529 0.137846 0.045009 -0.127539 0.143160 0.197076 -0.340058 0.465003 0.199635 0.522530 0.448177 0.511727 0.441042 0.212705 0.327968 -0.187824 -0.209565 0.794000 1.000000 0.222983 0.466941 0.321025 0.298697 -0.103051 -0.067491 0.136159 -0.217891 0.147154 -0.027355 0.286493 0.244886 0.075715 -0.074345 0.094577 -0.040054 -0.246572 -0.370345 0.251549 -0.481227 -0.327421 0.131019 -0.064723 -0.019986 -0.444003 -0.179071 -0.482999 -0.600623 -0.118924 -0.344580 -0.280256 -0.038025 0.566396 0.082688 -0.410098 -0.130057 -0.400985 -0.227026 0.168743 0.019950 0.063483 0.072537 0.214420 0.156517 0.042019 -0.094984 -0.069548 0.042350 -0.404439 -0.249967 0.100408 -0.038500 0.201031 0.268842 0.020399 -0.040419 0.246848 -0.191558 -0.275457 -0.373752 -0.031522 -0.099693 -0.168773 -0.277178 -0.080798 -0.328662 -0.316564 -0.441578 0.137945 -0.148837 0.021866 0.188646 0.174663 -0.068726 -0.391710 -0.115069 -0.214405 -0.154502 0.191848 -0.176815 -0.031268 -0.011516 0.358981 0.010592
0.262505 0.141889 -0.035413 -0.030535 -0.060415 -0.328095 0.102046 -0.062302 0.050637 -0.131296 0.411884 0.276251 0.414872 0.345074 0.087748 0.164300 0.399392 0.233398 0.114937 -0.114338 -0.091830 -0.259440 -0.000035 -0.137607 0.055230 -0.234225 -0.238318 -0.147182 0.198470 0.194282 0.363889 0.222983 1.000000 0.675713 -0.189010 -0.165838 -0.156089 -0.290457 -0.140822 -0.455215 0.094268 0.107864 0.004780 -0.039564 -0.046769 -0.146176 0.012134 -0.200867 0.063268 -0.072365 -0.109313 -0.084263 -0.121253 0.111841 -0.078682 -0.001607 0.264328 0.086361 -0.003534 -0.272972 0.444739 0.134651 0.250864 0.413866 0.038564 -0.000064 -0.004711 -0.200278 -0.041076 -0.188979 0.203344 -0.145845 0.355048 0.369417 0.404297 0.380112 0.369908 0.010393 0.048322 -0.286738 0.134729 -0.033186 0.152059 0.005926 0.092119 -0.044463 -0.041195 -0.201611 -0.072997 -0.138773 -0.436031 -0.450524 -0.301691 -0.499955 -0.297350 -0.397331 -0.409889 -0.513164 -0.135979 -0.078440 0.090642 0.117592 -0.227627 0.222477 0.117588 -0.296894 -0.392205 -0.108577 -0.202835 -0.405909 -0.228710 -0.497453 0.040752 0.058433 0.155134 0.011948
0.010715 0.066905 0.082148 0.246342 0.002763 -0.240436 0.299873 0.289691 0.072692 0.112522 0.151904 0.255821 0.319214 0.441302 0.043582 0.376243 0.170485 0.208203 0.140616 -0.183603 0.125316 -0.273737 -0.080611 -0.205433 0.157124 -0.141264 -0.256041 -0.256531 0.089088 0.185649 0.522861 0.466941 0.675713 1.000000 -0.273777 0.066838 -0.328140 -0.360759 -0.193204 -0.354652 -0.003976 0.021036 -0.041058 -0.076239 -0.132388 -0.215755 -0.143046 -0.333481 -0.001976 -0.241152 -0.215284 -0.172998 -0.101875 -0.003303 -0.183687 -0.062069 0.028962 -0.050967 -0.022291 -0.338189 0.401386 0.250886 0.131009 0.348817 0.122955 0.247722 -0.128314 -0.289264 -0.208815 -0.206868 0.166404 -0.117297 0.311103 0.315377 0.378575 0.363862 0.301020 -0.044751 -0.002823 -0.220790 -0.001702 -0.252232 -0.033238 0.083764 -0.177786 -0.218028 -0.128037 -0.313733 0.033936 -0.184347 -0.346175 -0.438830 -0.210747 -0.316076 -0.219509 -0.312969 -0.494676 -0.340547 -0.076947 -0.082580 0.107166 -0.093683 0.011235 0.283193 0.212518 -0.209896 -0.169287 -0.023803 -0.206877 -0.356229 -0.223300 -0.370235 0.258919 0.177856 0.422806 0.038723
-0.344067 -0.553680 0.303814 0.082310 -0.481715 0.183552 -0.287663 -0.335545 -0.189529 -0.458777 -0.133995 -0.371465 -0.328231 -0.639374 0.063622 -0.390200 -0.271029 -0.215017 -0.063714 -0.240126 0.095081 0.096559 0.633052 0.572221 0.513058 0.580313 0.325490 0.546462 -0.290459 -0.474004 0.129197 0.321025 -0.189010 -0.273777 1.000000 0.517110 0.152659 0.116559 0.309309 -0.014743 0.030919 -0.101116 0.300302 0.240697 0.198153 0.123117 0.015632 0.209191 -0.067235 -0.085770 0.333178 -0.274022 -0.281673 -0.128409 0.083012 -0.282981 -0.266133 0.011351 -0.299020 -0.215785 -0.485465 -0.592932 -0.295715 -0.360576 0.342980 -0.217590 -0.001209 0.423788 0.059777 0.129679 0.057884 0.101514 -0.287265 -0.150586 -0.177491 -0.136388 -0.104729 0.209435 0.076831 0.253190 -0.245200 -0.017409 0.125579 -0.188709 0.320838 0.130301 0.201898 0.182538 0.421685 -0.079916 0.227899 0.164358 0.152411 0.272434 0.102276 -0.070706 0.257547 -0.026663 -0.183401 -0.277356 0.009537 -0.045426 -0.187142 0.001906 -0.085010 0.228972 -0.222370 -0.141573 -0.022254 0.139511 0.555495 0.114841 -0.006969 -0.204725 -0.119954 0.050039
-0.382894 -0.439681 0.151966 0.190934 -0.232211 0.294635 -0.256505 -0.114368 -0.042262 -0.221142 -0.204722 -0.119510 -0.426530 -0.386985 0.104469 -0.252724 -0.496506 -0.425255 -0.195381 -0.355505 0.435410 0.147401 0.467399 0.294469 0.380901 0.583863 0.375743 0.374677 -0.328771 -0.334989 0.233441 0.298697 -0.165838 0.066838 0.517110 1.000000 0.178672 0.215453 0.343226 0.166460 0.141426 0.031539 0.393342 0.374074 0.068172 0.321927 -0.106374 0.093263 -0.060612 -0.166140 0.085303 -0.294718 -0.475997 -0.237051 -0.057831 -0.406888 -0.213581 0.160748 -0.043854 -0.158525 -0.454538 -0.298055 -0.481838 -0.405086 0.318473 0.177432 0.139166 0.329561 0.113173 0.277134 0.048653 -0.023537 -0.204919 -0.113064 -0.093316 -0.090813 -0.037826 0.136119 0.011106 0.121275 -0.209005 -0.228560 0.121820 -0.230750 0.220105 0.021668 0.325523 0.101102 0.182171 -0.392097 -0.110866 -0.044037 0.157469 0.307575 0.226630 -0.029642 0.035919 -0.053747 -0.483968 -0.529118 0.131980 -0.500949 0.072270 0.036239 -0.052438 0.234253 0.023338 0.091568 0.195979 0.182920 0.622849 -0.008091 -0.119137 -0.117737 0.208524 -0.220914
