1.000000 0.306742 0.095241 0.001950 -0.093102 -0.184807 -0.125154 -0.338076 -0.091231 0.072624 0.370904 0.287262 0.232583 0.150344 0.280258 0.000530 0.117873 -0.055763 0.399457 -0.133573 -0.199059 -0.042227 0.025460 -0.173426 -0.234006 -0.307893 -0.027949 -0.361873 0.049850 -0.306661 -0.449880 -0.399822 0.071253 -0.130631 -0.314908 -0.460481 -0.076896 -0.084674 -0.125849 -0.307489 -0.076935 -0.074552 -0.083455 -0.030851 -0.347598 -0.610521 0.165872 0.044274 0.059786 -0.154163 0.047352 -0.042750 0.170539 -0.001028 0.040608 -0.000864 0.361339 -0.029388 0.512816 0.005877 0.455842 0.147438 0.229166 0.274786 0.003009 -0.155979 -0.010376 -0.621008 0.016996 0.104498 -0.060925 -0.234200 0.026374 -0.038971 0.314946 0.062059 0.239665 -0.096616 -0.152447 -0.192992 -0.012188 -0.101611 0.387977 0.142840 0.071738 0.001079 -0.092721 -0.030990 -0.094223 0.138165 0.089846 0.132033 0.033339 0.041532 -0.264256 -0.109300 -0.113777 -0.088776 0.112986 0.325422 -0.143715 -0.067358 -0.141997 0.031755 0.227824 0.024512 0.134483 0.109048 -0.252793 -0.185417 -0.207599 -0.157595 -0.067049 0.101639 -0.241385 -0.042917
0.306742 1.000000 -0.431592 0.044282 -0.154704 -0.104033 -0.239429 -0.191979 -0.371278 -0.415438 -0.304267 0.069847 -0.318834 0.099255 -0.364369 -0.209662 0.363496 0.441979 0.489048 0.390448 -0.010162 -0.207997 -0.637190 -0.480064 -0.582456 -0.570016 -0.215229 -0.302055 0.405948 0.194167 -0.148262 -0.444233 0.449459 0.398074 -0.598693 -0.368987 -0.242568 -0.013950 -0.396521 -0.076138 -0.173532 -0.070937 -0.116262 -0.144970 -0.194508 -0.311497 0.104628 -0.305711 -0.011204 0.199716 -0.156928 0.033841 0.060228 -0.150088 0.166064 -0.182989 0.049489 0.436678 0.080577 0.533654 0.166850 0.418325 0.637577 0.682479 -0.601486 0.021196 0.240321 -0.289131 0.357978 0.476901 -0.282626 -0.578060 0.490037 0.034998 0.184762 0.126877 0.078999 -0.075062 0.104046 0.201293 0.255183 0.239739 0.208276 0.238440 0.191210 0.008660 0.094853 -0.203752 -0.646923 0.125157 0.125528 -0.212562 -0.282349 -0.215354 -0.083125 0.307386 -0.296611 0.038942 0.355754 0.059465 0.111875 0.354785 0.357620 -0.029006 -0.069709 -0.412372 -0.115924 -0.168907 -0.111385 0.114665 -0.540213 -0.128155 -0.138800 -0.252551 -0.346876 0.068196
0.095241 -0.431592 1.000000 0.015600 0.495742 0.172299 0.512385 0.349323 0.535209 0.407291 0.511965 0.102425 0.635455 0.151087 0.768436 0.317041 -0.479043 -0.549953 -0.340730 -0.478770 0.223233 0.274552 0.642680 0.203874 0.512888 0.245593 0.370570 -0.071154 -0.247724 -0.324322 0.071813 0.174426 -0.415898 -0.255254 0.411593 0.148234 -0.262823 -0.349169 0.120854 0.116427 -0.194394 -0.397867 -0.001118 -0.084855 0.151525 0.089910 -0.202687 -0.075511 0.337919 0.012597 0.315256 -0.045546 0.073046 -0.003118 -0.252237 0.095772 -0.189852 -0.507334 0.092225 -0.310725 0.245344 -0.042570 -0.417067 -0.364814 0.640852 0.175799 -0.027733 0.117605 -0.465345 -0.474862 0.088950 0.127098 -0.447647 -0.379887 -0.293338 -0.287308 -0.298241 -0.292533 -0.414457 -0.536615 -0.558779 -0.475300 -0.009691 -0.385920 -0.252730 -0.161009 -0.262166 -0.087907 0.588500 -0.012254 -0.102402 0.256848 0.179633 0.288970 -0.187096 -0.210008 0.184026 -0.124279 -0.338912 -0.078100 -0.015210 -0.023194 -0.184073 0.278535 -0.039654 0.051897 0.073044 -0.034593 0.024060 -0.193600 0.096852 -0.121242 0.146953 0.072054 0.040634 -0.206896
0.001950 0.044282 0.015600 1.000000 -0.249388 0.190608 -0.384411 0.009474 -0.042672 0.240889 -0.173750 0.294558 -0.355129 -0.199506 -0.064822 0.109034 -0.166894 -0.239256 -0.042187 0.292127 0.022331 0.252105 0.159092 0.467158 0.246636 0.419055 -0.077646 0.251811 -0.366346 -0.443733 -0.171882 0.114957 -0.135538 -0.170116 -0.082938 -0.113202 -0.076218 -0.031178 0.064548 -0.122271 0.174551 -0.182578 0.048917 -0.058055 -0.138556 -0.124425 -0.206366 -0.137152 -0.048739 -0.138102 0.286680 0.185599 0.169764 -0.191371 0.122666 -0.047475 0.086013 0.003622 -0.043135 -0.128500 -0.171148 -0.183263 -0.085239 -0.061236 -0.005468 -0.020871 -0.156501 0.078384 -0.077530 -0.055843 0.070594 0.003980 -0.343236 -0.097888 -0.228808 -0.035470 -0.255837 0.034231 -0.079534 -0.241673 -0.118835 -0.248813 -0.016067 0.288247 -0.163202 0.511651 -0.231179 0.337117 0.118881 0.290829 0.009101 -0.126359 0.300606 -0.074168 0.061099 0.152495 0.115684 -0.112953 0.010123 0.114928 0.246447 -0.237434 0.052648 -0.000738 0.213278 0.232623 0.310689 0.228151 0.053204 -0.063229 -0.057145 0.233651 0.224385 0.096519 0.157727 -0.083222
-0.093102 -0.154704 0.495742 -0.249388 1.000000 0.433570 0.592799 0.551621 0.518208 0.121696 0.380592 0.061661 0.489691 0.392728 0.481079 0.236566 -0.193614 -0.090430 -0.207111 -0.196836 0.291740 0.026690 0.055944 -0.114371 0.101626 -0.190183 0.372634 -0.119572 0.092505 0.089141 0.108479 -0.099143 -0.122126 -0.096201 -0.053886 0.023532 -0.383488 -0.321272 -0.085516 0.241022 -0.411989 -0.055176 -0.395783 -0.405890 0.178170 0.002407 -0.157460 -0.322167 0.088956 0.358593 -0.154605 -0.089059 -0.100634 -0.114808 -0.283132 0.024911 -0.411180 -0.306202 -0.198456 0.088687 0.133648 0.294749 -0.167266 -0.087052 0.289178 0.250592 0.011575 0.012579 -0.241506 -0.174640 -0.015716 0.076118 -0.045090 -0.051196 -0.070279 -0.190361 -0.292468 -0.283915 -0.243879 -0.027713 -0.297064 -0.221616 -0.034857 -0.238036 -0.281462 -0.407957 -0.024442 -0.299912 0.012892 -0.044736 0.208955 0.321246 0.224670 0.425147 -0.129867 -0.034691 -0.002724 0.058347 -0.004190 -0.078448 -0.092726 0.371187 0.222999 0.175873 -0.049180 0.070020 -0.035524 -0.156088 0.139261 0.105114 -0.259256 0.060129 0.187201 -0.061159 -0.075532 0.144871
-0.184807 -0.104033 0.172299 0.190608 0.433570 1.000000 -0.164036 0.093110 0.015749 0.029251 -0.135749 -0.102871 -0.039745 -0.102126 0.028132 0.196130 0.037154 0.013381 -0.142335 0.082307 0.415529 0.284149 -0.011844 0.157845 0.044909 0.194097 0.388956 0.358617 -0.144595 -0.185864 -0.143500 0.015861 -0.026204 -0.016863 0.041885 0.045517 -0.012532 0.144827 0.251427 0.437510 -0.119523 0.013626 -0.043739 0.073016 0.009378 0.070012 -0.090427 -0.040231 0.101690 0.098517 -0.050734 0.097000 -0.038460 0.072944 -0.089647 0.290765 0.020691 -0.014264 -0.162654 0.010589 -0.071328 -0.122614 -0.256313 -0.225454 -0.030424 0.106720 -0.141013 -0.063743 0.001500 -0.072210 -0.029651 0.136704 -0.206760 -0.009926 -0.212773 -0.199117 -0.435968 -0.193319 0.002950 0.084166 0.052088 0.006117 -0.067812 0.019210 -0.450851 -0.198088 -0.124008 0.244218 0.080671 -0.044133 0.025819 -0.018045 0.355053 -0.041882 0.106430 0.231102 0.386542 0.368812 0.109717 0.145026 -0.107719 0.003545 0.016656 0.049668 0.011281 0.282962 0.054221 0.194297 0.304796 0.094306 0.107148 0.204438 0.104983 -0.145952 0.060315 0.125115
-0.125154 -0.239429 0.512385 -0.384411 0.592799 -0.164036 1.000000 0.589502 0.543091 0.088624 0.453967 0.042035 0.555001 0.372018 0.415828 -0.087656 -0.370599 -0.222917 -0.148450 -0.228237 0.086490 -0.145207 0.146410 -0.219950 0.183839 -0.182602 0.084677 -0.291100 0.200219 0.248331 0.405417 0.158117 -0.182775 -0.087512 0.075467 0.113640 -0.311519 -0.473375 -0.150815 0.004170 -0.314197 -0.210189 -0.231868 -0.372001 0.360025 0.152603 -0.100578 -0.286852 0.002261 0.140787 -0.038568 -0.259163 -0.182799 -0.019142 -0.188490 0.013278 -0.406535 -0.291846 -0.247219 -0.203836 0.126607 0.119164 -0.139897 -0.163045 0.572280 0.120708 0.003258 0.260815 -0.341146 -0.357520 0.030556 0.046898 -0.004591 -0.057074 -0.050348 -0.208268 -0.005533 -0.173239 -0.243948 -0.273724 -0.447089 -0.270005 0.027371 -0.396351 0.030632 -0.312610 0.120037 -0.396528 0.103828 -0.150455 0.237945 0.382867 -0.114590 0.365741 -0.277214 -0.158831 -0.213582 -0.278385 -0.104156 -0.247350 -0.105014 0.320430 0.063359 0.182919 -0.291511 -0.148518 -0.171367 -0.344080 0.052440 -0.000888 -0.188880 -0.177044 0.167144 0.061143 -0.002427 0.019989
-0.338076 -0.191979 0.349323 0.009474 0.551621 0.093110 0.589502 1.000000 0.735929 0.450718 0.343065 0.371430 0.450457 0.576146 0.385842 0.223418 -0.288667 -0.083363 -0.462918 0.016381 0.030374 -0.155378 0.064558 0.084171 0.445209 0.099271 0.008219 -0.210318 0.021588 0.075649 0.427400 0.335590 -0.383874 -0.054206 0.116676 0.290742 -0.311937 -0.461690 -0.124250 0.195196 -0.227084 -0.145443 -0.414563 -0.537633 0.246226 0.225496 -0.349961 -0.366206 -0.148860 0.076728 -0.303683 -0.335820 -0.067485 -0.201499 -0.404000 -0.236126 -0.607043 -0.478043 -0.322325 -0.139341 -0.140641 0.405997 -0.422292 -0.321005 0.438341 0.518174 -0.245482 0.208068 -0.280880 -0.346953 0.177818 0.293907 -0.186711 -0.104785 -0.182025 -0.043955 -0.169338 -0.049852 -0.393464 -0.143597 -0.390443 -0.425048 -0.103227 -0.184592 -0.449121 -0.206789 -0.252935 -0.190366 0.019351 -0.127825 0.284247 0.285689 0.432588 0.504118 -0.019340 0.011783 -0.170618 -0.057426 -0.227024 -0.292803 0.317838 0.156545 0.294586 -0.050348 -0.001020 0.070933 0.066379 -0.178907 0.257426 0.018477 -0.148252 0.146774 0.273501 0.028674 0.130876 0.088893
-0.091231 -0.371278 0.535209 -0.042672 0.518208 0.015749 0.543091 0.735929 1.000000 0.728849 0.550861 0.466415 0.644774 0.635418 0.669881 0.566175 -0.377284 -0.346934 -0.349795 -0.009778 -0.081965 -0.141590 0.252646 0.136555 0.541486 0.171391 0.005692 -0.157475 0.023406 0.054682 0.282585 0.316609 -0.380286 -0.142298 0.274948 0.310377 -0.204064 -0.290060 0.047637 0.216847 -0.020378 -0.125684 -0.288412 -0.349914 0.221407 0.142270 -0.172094 -0.054083 -0.117721 -0.019123 -0.305347 -0.392986 -0.107535 -0.245792 -0.531768 -0.164582 -0.515921 -0.481453 -0.189107 -0.285062 -0.181857 0.209697 -0.635522 -0.503022 0.482497 0.514202 -0.272245 0.005956 -0.251999 -0.369409 0.139012 0.224221 -0.191751 -0.073187 -0.026874 0.113673 -0.012863 -0.131157 -0.329992 -0.189002 -0.430378 -0.533644 0.085901 -0.213604 -0.546572 -0.382161 -0.348103 -0.147108 0.181361 -0.127825 0.216940 0.478428 0.422363 0.612321 -0.214834 -0.034513 -0.009644 -0.075899 -0.285989 -0.127852 0.174177 0.089811 -0.001556 -0.073113 0.038161 0.103086 -0.058111 -0.145380 0.138617 0.063117 0.043310 0.138509 0.244303 -0.019118 -0.049162 -0.004083
0.072624 -0.415438 0.407291 0.240889 0.121696 0.029251 0.088624 0.450718 0.728849 1.000000 0.487529 0.609036 0.496465 0.477873 0.573861 0.647848 -0.328614 -0.392295 -0.405735 -0.029076 -0.324965 -0.125585 0.425751 0.368245 0.614599 0.377937 -0.141228 -0.114621 -0.239221 -0.298463 -0.037465 0.244435 -0.554601 -0.361372 0.386272 0.207481 0.010689 -0.030208 0.135250 0.067193 0.154567 -0.084780 -0.092954 -0.102523 0.007899 -0.034979 -0.096551 0.152586 -0.027947 -0.163656 -0.158171 -0.274378 0.126786 -0.174061 -0.333838 -0.077164 -0.254829 -0.521282 0.044914 -0.333300 -0.148984 0.100000 -0.698380 -0.551372 0.350440 0.469581 -0.462615 -0.140729 -0.244210 -0.354081 0.239422 0.375335 -0.464965 -0.141247 -0.035202 0.176610 0.026076 0.033745 -0.350515 -0.225833 -0.343490 -0.571325 0.044354 -0.029034 -0.596661 -0.182402 -0.576752 0.066152 0.321426 -0.073821 0.239374 0.401173 0.606927 0.482197 -0.180073 0.002018 0.004985 -0.014896 -0.255232 0.017907 0.171278 -0.261989 -0.176165 -0.091030 0.290868 0.323911 0.106159 0.075505 -0.018138 -0.006484 0.170086 0.183199 0.225875 0.136136 0.136528 0.104907
0.370904 -0.304267 0.511965 -0.173750 0.380592 -0.135749 0.453967 0.343065 0.550861 0.487529 1.000000 0.572554 0.827826 0.566650 0.758928 0.351119 -0.214155 -0.405800 -0.234795 -0.313464 -0.173624 -0.062061 0.273183 0.073301 0.260638 -0.085085 0.150030 -0.304892 0.079540 -0.176192 -0.126436 -0.019316 -0.388912 -0.260134 0.082430 -0.044064 -0.104452 -0.264132 0.130463 -0.029227 -0.077087 0.008360 -0.240251 -0.211394 -0.056501 -0.177955 -0.105329 0.075668 0.039421 0.016495 -0.159053 -0.289443 0.304503 -0.059588 -0.133906 0.077312 -0.168043 -0.477236 0.046255 -0.341254 0.174212 0.289546 -0.369649 -0.339854 0.459919 0.340020 -0.414897 -0.288359 -0.310219 -0.355287 0.150254 0.235724 -0.214157 -0.123178 0.126274 0.015054 0.064305 -0.053398 -0.415670 -0.336348 -0.461684 -0.505502 0.233516 -0.112182 -0.218374 -0.109900 -0.262554 -0.082348 0.151138 0.084995 0.211009 0.437564 0.414154 0.509730 -0.325390 -0.141547 -0.082624 -0.102410 -0.392507 -0.194106 -0.131161 0.017313 -0.232476 0.068515 0.230747 0.302605 0.018844 -0.068990 -0.137572 -0.034513 -0.099887 -0.025015 0.124017 0.146923 0.145021 0.066988
0.287262 0.069847 0.102425 0.294558 0.061661 -0.102871 0.042035 0.371430 0.466415 0.609036 0.572554 1.000000 0.421621 0.647982 0.460629 0.484499 -0.131951 -0.181303 -0.216251 0.096281 -0.362508 -0.184964 0.058483 0.159202 0.197020 -0.039334 -0.139086 -0.298054 -0.039427 -0.207696 -0.083466 0.070066 -0.256250 -0.125123 -0.063061 -0.076136 0.031486 -0.047361 0.062104 -0.011314 0.088003 0.065765 -0.226077 -0.251510 -0.120916 -0.249370 -0.072622 -0.047441 -0.232808 -0.074872 -0.387810 -0.306336 0.212500 -0.265378 -0.149186 -0.050148 -0.140024 -0.232196 0.068589 -0.163688 0.012998 0.435832 -0.280662 -0.152233 0.178162 0.444651 -0.459774 -0.415420 -0.068617 -0.115399 0.175670 0.158713 -0.189535 -0.066913 0.164641 0.266500 0.160207 0.169694 -0.291907 -0.084173 -0.278422 -0.428464 0.222069 0.234236 -0.398582 -0.009294 -0.488858 -0.008367 -0.044814 0.032855 0.261439 0.178937 0.534182 0.411615 -0.287024 0.031606 -0.150153 -0.143484 -0.219860 -0.129755 0.216149 0.013637 0.017351 -0.203218 0.251014 0.172934 0.080294 -0.147736 -0.200479 0.075383 -0.259196 0.052268 0.165892 0.010901 0.009050 0.125833
0.232583 -0.318834 0.635455 -0.355129 0.489691 -0.039745 0.555001 0.450457 0.644774 0.496465 0.827826 0.421621 1.000000 0.645566 0.842769 0.429839 -0.174186 -0.328999 -0.318460 -0.340375 -0.025760 -0.179204 0.287893 0.012414 0.226931 -0.120716 0.206108 -0.313243 0.086766 -0.063880 -0.039541 -0.012588 -0.426407 -0.286086 0.171989 0.022023 -0.150321 -0.269192 0.072002 0.174878 -0.160071 -0.134329 -0.247549 -0.258152 -0.048308 -0.124783 -0.194341 -0.019991 0.196691 0.044945 -0.164885 -0.256130 0.111383 -0.126470 -0.256433 0.063264 -0.357566 -0.513109 0.044278 -0.232921 0.141447 0.248638 -0.419658 -0.396632 0.463773 0.393629 -0.280743 -0.229992 -0.222659 -0.306476 0.162899 0.291467 -0.109355 -0.080825 0.136596 0.036495 0.078546 -0.090526 -0.334472 -0.238448 -0.474101 -0.490908 0.174638 -0.254985 -0.330091 -0.338213 -0.263927 -0.192211 0.232298 -0.026509 0.254877 0.543398 0.365339 0.522703 -0.306041 -0.055488 0.041233 0.008866 -0.299664 -0.153560 -0.096642 0.050639 -0.159738 0.084023 -0.049183 0.128304 -0.207388 -0.235071 -0.063690 0.014945 -0.056240 -0.068618 0.073550 -0.060173 0.032547 0.001842
0.150344 0.099255 0.151087 -0.199506 0.392728 -0.102126 0.372018 0.576146 0.635418 0.477873 0.566650 0.647982 0.645566 1.000000 0.482931 0.495257 -0.025455 0.003250 -0.141989 0.118082 -0.302508 -0.416002 -0.136129 -0.122648 0.021818 -0.321375 -0.073076 -0.409673 0.187407 0.093599 -0.052028 -0.120276 -0.154919 -0.040593 -0.059386 0.055656 -0.247247 -0.180970 -0.079884 0.088310 -0.152460 -0.003718 -0.428119 -0.411015 0.043415 -0.115936 -0.152178 -0.140244 -0.089491 0.108566 -0.487571 -0.325863 0.115525 -0.258955 -0.276652 -0.163165 -0.426121 -0.349781 -0.111727 -0.037920 -0.095131 0.530419 -0.271164 -0.155753 0.091819 0.578082 -0.324123 -0.325063 0.036798 -0.061133 0.020950 0.119376 0.089614 -0.085275 0.164551 0.122999 0.142885 -0.065015 -0.206452 0.023611 -0.278373 -0.404263 0.225476 -0.058987 -0.339991 -0.302799 -0.281122 -0.166828 -0.136931 0.079458 0.424621 0.436799 0.384060 0.517156 -0.291998 0.082262 -0.234278 -0.110636 -0.099434 -0.129180 0.119587 0.126276 0.089812 -0.157124 0.024316 0.062443 -0.192946 -0.247318 -0.019730 0.110602 -0.250453 -0.038976 0.126506 -0.131607 -0.006107 0.108924
0.280258 -0.364369 0.768436 -0.064822 0.481079 0.028132 0.415828 0.385842 0.669881 0.573861 0.758928 0.460629 0.842769 0.482931 1.000000 0.535155 -0.331204 -0.526744 -0.350179 -0.357097 0.074069 0.166984 0.505471 0.244784 0.462752 0.113076 0.310577 -0.229074 -0.076839 -0.219909 0.006564 0.149130 -0.461490 -0.365412 0.185012 -0.032959 -0.186137 -0.254279 0.078682 0.126749 -0.159600 -0.147613 -0.195871 -0.199431 -0.078019 -0.173429 -0.144554 -0.056493 0.147595 -0.010630 0.043057 -0.144299 0.069275 -0.172831 -0.365123 -0.054948 -0.267919 -0.566577 0.166392 -0.214290 0.193033 0.159246 -0.429940 -0.341542 0.535055 0.299927 -0.221256 -0.220015 -0.366154 -0.359948 0.211358 0.279319 -0.272441 -0.094303 0.113225 0.135875 0.007923 -0.101313 -0.475233 -0.401207 -0.570073 -0.633715 0.157235 -0.147095 -0.369746 -0.230970 -0.409242 -0.184377 0.342965 -0.021841 0.096535 0.455237 0.392280 0.495576 -0.287077 -0.092923 0.054471 -0.106427 -0.344812 -0.106185 0.093672 -0.006697 -0.211208 0.122523 0.028554 0.072733 0.011432 -0.130103 -0.044273 -0.088436 -0.092690 -0.047546 0.145610 0.069630 -0.099393 -0.156877
0.000530 -0.209662 0.317041 0.109034 0.236566 0.196130 -0.087656 0.223418 0.566175 0.647848 0.351119 0.484499 0.429839 0.495257 0.535155 1.000000 -0.086248 -0.330707 -0.351630 0.002590 -0.173051 0.004668 0.204048 0.332738 0.318954 0.200777 0.106862 0.024800 -0.115008 -0.070100 -0.031345 0.213927 -0.239407 -0.045117 0.408383 0.262646 0.012356 0.227365 0.264607 0.253566 0.223075 0.095629 -0.013254 0.057459 -0.051765 0.010342 -0.128749 0.203207 0.000558 -0.072610 -0.229581 -0.084037 0.117437 -0.297308 -0.250519 -0.039342 -0.131027 -0.241505 0.044544 -0.060701 -0.213301 0.088840 -0.529733 -0.386966 0.011051 0.523881 -0.401598 -0.316938 -0.003083 -0.197056 -0.004313 0.204197 -0.225045 -0.135740 0.007030 0.191468 -0.117758 -0.116545 -0.157836 -0.013701 -0.174035 -0.380389 0.044742 0.024537 -0.599094 -0.230855 -0.580381 0.005731 0.226321 0.134265 0.021332 0.163446 0.477606 0.258325 -0.269197 -0.082564 0.151423 -0.077475 -0.292267 -0.057497 0.088691 -0.142860 -0.215430 -0.200997 0.068457 0.152905 -0.108566 -0.079077 -0.057552 -0.033063 0.091035 0.145168 0.137037 -0.023914 0.011129 -0.017658
0.117873 0.363496 -0.479043 -0.166894 -0.193614 0.037154 -0.370599 -0.288667 -0.377284 -0.328614 -0.214155 -0.131951 -0.174186 -0.025455 -0.331204 -0.086248 1.000000 0.609094 0.289725 0.361902 0.102144 -0.178720 -0.512145 -0.388614 -0.627206 -0.458216 -0.134390 -0.136769 0.409165 0.287490 -0.248760 -0.292184 0.486296 0.393451 -0.305915 -0.226436 0.035737 0.115727 -0.128326 0.028705 0.103856 0.193493 0.014733 0.099121 -0.086733 -0.153990 0.047965 -0.000154 0.002965 0.035720 -0.215563 -0.004562 -0.104928 -0.263848 -0.025083 -0.052124 0.387870 0.449459 0.026892 0.108240 -0.008680 0.016779 0.288210 0.305458 -0.513641 -0.189381 0.005634 -0.406683 0.551362 0.431505 -0.134212 -0.092583 0.603119 0.135555 0.202073 0.158417 0.278682 0.007759 0.522873 0.511902 0.764998 0.596486 0.341346 0.282273 0.000514 -0.079363 0.220342 0.068687 -0.522619 -0.090550 0.080180 -0.264302 -0.161916 -0.399583 -0.045027 0.184484 0.034241 0.163684 0.275914 0.275747 -0.302990 0.077431 -0.062701 -0.270197 -0.195699 -0.111988 -0.318436 -0.149563 -0.095046 0.016227 -0.138668 0.164686 -0.170662 -0.287808 -0.168831 -0.070918
-0.055763 0.441979 -0.549953 -0.239256 -0.090430 0.013381 -0.222917 -0.083363 -0.346934 -0.392295 -0.405800 -0.181303 -0.328999 0.003250 -0.526744 -0.330707 0.609094 1.000000 0.187913 0.285039 -0.083811 -0.408805 -0.496035 -0.449654 -0.505068 -0.457693 -0.234304 -0.203011 0.250006 0.303964 -0.049882 -0.361809 0.446197 0.439486 -0.263833 0.076639 -0.020723 0.125688 -0.137965 -0.018146 -0.116349 0.058918 -0.058433 -0.008931 0.132262 0.086247 0.111323 -0.163043 -0.102792 0.125304 -0.320753 -0.103919 -0.167135 -0.071025 0.059021 0.043992 0.125925 0.420594 -0.121207 0.201664 -0.026109 0.283494 0.361259 0.472374 -0.382865 -0.097794 0.053203 -0.145514 0.266359 0.199436 -0.115350 -0.174110 0.514031 -0.005564 -0.030903 -0.072786 0.111626 0.111658 0.559415 0.555412 0.672173 0.628205 -0.014675 0.016378 0.097588 -0.178631 0.229925 -0.003095 -0.466814 -0.117823 0.099835 -0.337752 -0.227752 -0.253299 0.158830 0.104699 -0.140820 0.064184 0.374646 0.112199 0.036848 0.261243 0.255899 -0.241878 -0.160530 -0.280600 -0.182730 -0.326528 0.024361 0.226893 -0.116723 0.015162 -0.087890 -0.148790 -0.110964 0.134044
0.399457 0.489048 -0.340730 -0.042187 -0.207111 -0.142335 -0.148450 -0.462918 -0.349795 -0.405735 -0.234795 -0.216251 -0.318460 -0.141989 -0.350179 -0.351630 0.289725 0.187913 1.000000 0.362286 -0.208607 -0.144447 -0.394857 -0.633516 -0.593380 -0.517589 -0.209549 -0.209568 0.478569 0.257213 -0.197644 -0.406770 0.717056 0.394461 -0.427190 -0.449296 -0.145796 -0.175104 -0.259422 -0.226198 -0.148533 -0.168640 0.030318 0.081634 -0.091333 -0.284526 0.270246 -0.086533 -0.038294 0.106762 0.009198 0.112551 -0.054153 0.017068 0.039583 0.036838 0.285398 0.546625 -0.002240 0.053846 0.072479 -0.080186 0.469629 0.396688 -0.331361 -0.399433 0.253863 -0.331523 0.510342 0.509230 -0.142953 -0.596156 0.516248 0.128829 0.244036 0.046768 0.352634 -0.133917 0.255091 0.247181 0.390941 0.393337 0.485877 0.124267 0.357590 -0.100966 0.423061 -0.060602 -0.351892 -0.053545 0.024504 0.038739 -0.487979 -0.346207 0.001790 0.126966 -0.164427 0.151456 0.432843 0.291480 -0.214682 0.081173 0.075694 0.183463 -0.093539 -0.191366 -0.052746 0.122373 0.003461 -0.094266 -0.244708 -0.049192 -0.257806 -0.258926 -0.240500 -0.136004
-0.133573 0.390448 -0.478770 0.292127 -0.196836 0.082307 -0.228237 0.016381 -0.009778 -0.029076 -0.313464 0.096281 -0.340375 0.118082 -0.357097 0.002590 0.361902 0.285039 0.362286 1.000000 -0.026024 -0.208673 -0.567221 -0.141217 -0.245556 -0.181709 -0.447278 -0.094035 0.396347 0.388230 -0.013967 -0.066620 0.379076 0.372118 -0.343989 -0.150514 -0.042068 0.056256 -0.102381 0.146734 0.265284 0.095241 -0.084290 -0.068042 0.015536 0.002562 0.042698 -0.075661 -0.348842 0.109874 -0.282564 -0.105339 -0.103850 -0.308232 -0.014131 -0.141473 -0.034735 0.322394 -0.456637 -0.043847 -0.564877 -0.147360 0.050215 0.025144 -0.494204 -0.066220 -0.141644 -0.178322 0.399228 0.264132 0.009336 -0.148805 0.448854 0.221111 0.109152 0.221868 0.212006 0.146671 0.410499 0.269968 0.419088 0.245166 0.352181 0.356464 -0.050284 0.030606 0.106472 0.152021 -0.516854 -0.057467 0.337740 0.024129 -0.048026 -0.119667 0.088480 0.474951 -0.067766 0.130468 0.452311 0.222813 0.006986 0.103050 0.109429 -0.100989 -0.198852 -0.184533 -0.252697 -0.003484 0.285188 0.181278 -0.156844 0.388148 0.204942 -0.221290 -0.077787 -0.040148
-0.199059 -0.010162 0.223233 0.022331 0.291740 0.415529 0.086490 0.030374 -0.081965 -0.324965 -0.173624 -0.362508 -0.025760 -0.302508 0.074069 -0.173051 0.102144 -0.083811 -0.208607 -0.026024 1.000000 0.466487 -0.013774 0.169973 0.035027 0.152956 0.497670 0.346986 0.017158 -0.085879 0.054681 0.106037 -0.123796 -0.134964 -0.230076 -0.175247 -0.146160 -0.134398 -0.010693 0.364094 -0.133836 -0.015926 -0.037101 -0.062067 -0.039276 0.013453 -0.072096 -0.025683 0.137424 0.076667 0.272343 0.141335 -0.135375 0.081312 -0.104670 -0.103714 -0.150862 -0.080577 -0.017168 0.160204 0.058821 -0.206978 0.072441 -0.031843 -0.093657 -0.197282 0.339575 0.299911 -0.082160 0.103821 0.091574 0.151621 0.014376 0.041796 -0.186799 -0.083060 -0.358948 -0.176457 -0.038475 -0.134270 -0.059870 -0.049285 -0.029385 0.083058 -0.078531 0.008537 0.195960 0.059693 -0.074193 -0.007895 -0.004150 -0.010329 0.038100 -0.010355 0.037609 0.201085 0.312598 0.189240 -0.009074 0.106382 -0.066447 0.322838 0.147242 0.114108 -0.175181 -0.054842 -0.066821 -0.006802 0.069004 0.157295 0.062324 0.012011 0.144230 -0.060243 -0.233669 -0.088151
-0.042227 -0.207997 0.274552 0.252105 0.026690 0.284149 -0.145207 -0.155378 -0.141590 -0.125585 -0.062061 -0.184964 -0.179204 -0.416002 0.166984 0.004668 -0.178720 -0.408805 -0.144447 -0.208673 0.466487 1.000000 0.303840 0.341294 0.330895 0.409681 0.489696 0.369043 -0.256904 -0.352770 -0.045553 0.308532 -0.179978 -0.190525 0.061515 -0.069103 -0.015688 -0.014351 0.277957 0.111758 0.106418 0.070670 0.230525 0.265192 0.011302 0.093154 -0.022100 0.117268 0.000029 0.018439 0.464409 0.224265 0.079593 0.121761 -0.043953 -0.016416 0.249338 -0.058722 0.020149 -0.103043 0.139079 -0.280704 -0.011340 -0.041329 0.150640 -0.223918 0.054481 0.213560 -0.247475 -0.105032 0.011508 0.231607 -0.328231 -0.018203 -0.222127 -0.006424 -0.283583 -0.123779 -0.294887 -0.329283 -0.176069 -0.161817 0.039325 0.215981 0.120402 0.294521 0.072915 0.065473 0.307450 -0.046579 -0.474582 -0.264651 0.010999 -0.254068 0.240359 -0.106145 0.152828 0.050971 -0.243523 -0.034850 0.100733 -0.199123 -0.247183 0.004468 0.048702 0.007416 0.419543 0.324646 0.204234 -0.313950 0.141536 0.054784 -0.012998 0.100044 -0.008073 -0.286615
0.025460 -0.637190 0.642680 0.159092 0.055944 -0.011844 0.146410 0.064558 0.252646 0.425751 0.273183 0.058483 0.287893 -0.136129 0.505471 0.204048 -0.512145 -0.496035 -0.394857 -0.567221 -0.013774 0.303840 1.000000 0.543062 0.656001 0.569575 0.343244 0.214687 -0.567464 -0.512618 0.061320 0.248877 -0.451641 -0.469969 0.521989 0.201580 0.068549 -0.122775 0.223909 -0.135546 -0.085499 -0.263706 0.247868 0.215311 0.073615 0.132519 0.058623 0.203494 0.221742 -0.216227 0.386202 0.134996 0.014482 0.187783 -0.052465 0.099657 0.102017 -0.425111 0.194809 -0.433799 0.080196 -0.296967 -0.474561 -0.439550 0.619255 -0.028435 -0.103415 0.216376 -0.443243 -0.430425 0.087152 0.252322 -0.674931 -0.285794 -0.272431 -0.133605 -0.132824 0.018130 -0.276288 -0.372074 -0.449312 -0.401203 -0.305576 -0.402041 -0.132214 0.065354 -0.279213 0.022976 0.751882 -0.076239 -0.277761 0.155013 0.247795 0.272347 -0.087099 -0.414493 0.151534 -0.148521 -0.448739 0.014625 0.099250 -0.325339 -0.331218 0.144668 0.174413 0.235487 0.258895 0.186701 -0.123982 -0.267033 0.391084 -0.157025 0.012931 0.355269 0.251396 -0.128061
-0.173426 -0.480064 0.203874 0.467158 -0.114371 0.157845 -0.219950 0.084171 0.136555 0.368245 0.073301 0.159202 0.012414 -0.122648 0.244784 0.332738 -0.388614 -0.449654 -0.633516 -0.141217 0.169973 0.341294 0.543062 1.000000 0.644451 0.824271 0.317482 0.538125 -0.622254 -0.458185 -0.005924 0.416883 -0.629871 -0.566561 0.277193 0.139289 0.251908 0.174431 0.359159 0.070584 0.262588 0.067069 0.110600 0.072228 -0.166536 0.077854 -0.152130 0.287694 -0.092421 -0.229934 0.272052 0.193707 0.070038 0.055950 0.092609 -0.096888 -0.017546 -0.441107 0.001302 -0.158785 -0.308553 -0.334555 -0.445208 -0.413842 0.151526 0.051875 -0.277872 0.253016 -0.400923 -0.347922 0.079962 0.422097 -0.702829 -0.077178 -0.245615 -0.033788 -0.345836 0.124425 -0.281136 -0.372909 -0.409965 -0.466681 -0.405018 0.042397 -0.201452 0.433664 -0.371220 0.401242 0.437628 0.260971 -0.102757 0.048856 0.547337 0.273517 0.096339 -0.072081 0.243627 -0.089307 -0.318635 0.023081 0.229226 -0.327028 -0.138476 -0.101692 0.180809 0.377181 0.166728 0.273054 0.024727 0.001979 0.402334 0.132687 0.222104 0.428568 0.245174 0.113017
-0.234006 -0.582456 0.512888 0.246636 0.101626 0.044909 0.183839 0.445209 0.541486 0.614599 0.260638 0.197020 0.226931 0.021818 0.462752 0.318954 -0.627206 -0.505068 -0.593380 -0.245556 0.035027 0.330895 0.656001 0.644451 1.000000 0.779231 0.216507 0.212559 -0.488095 -0.349811 0.354844 0.567922 -0.608701 -0.385216 0.522909 0.320204 -0.016893 -0.087309 0.213251 0.008878 0.122521 -0.145074 0.039643 0.003202 0.071587 0.234142 -0.124046 0.150483 -0.157551 -0.260516 0.126974 -0.137900 -0.000638 0.072399 -0.249091 -0.125177 -0.269088 -0.532496 -0.067925 -0.357106 -0.195021 -0.135907 -0.621552 -0.530867 0.528623 0.203292 -0.271747 0.327289 -0.463159 -0.469130 0.253981 0.424681 -0.647115 -0.156146 -0.309118 -0.005769 -0.230116 0.006062 -0.492901 -0.428878 -0.493015 -0.534937 -0.324850 -0.209645 -0.360208 0.079313 -0.461246 0.077074 0.474813 -0.051865 -0.113570 0.203973 0.453832 0.420297 0.014678 -0.185739 0.042168 -0.063581 -0.430818 -0.123363 0.382015 -0.310968 -0.158806 -0.011434 0.146567 0.179283 0.344515 0.201155 0.086444 -0.118836 0.382639 0.184240 0.177172 0.433079 0.173837 0.025628
-0.307893 -0.570016 0.245593 0.419055 -0.190183 0.194097 -0.182602 0.099271 0.171391 0.377937 -0.085085 -0.039334 -0.120716 -0.321375 0.113076 0.200777 -0.458216 -0.457693 -0.517589 -0.181709 0.152956 0.409681 0.569575 0.824271 0.779231 1.000000 0.314469 0.669201 -0.615884 -0.451275 0.213629 0.586188 -0.523655 -0.429873 0.490931 0.262406 0.228627 0.071052 0.328426 0.020266 0.234577 -0.034102 0.194179 0.158288 -0.072871 0.212693 -0.152237 0.314069 -0.139691 -0.342433 0.261063 0.061943 -0.082374 0.147592 -0.117736 -0.124641 -0.058520 -0.311216 0.037746 -0.238386 -0.311930 -0.432958 -0.503220 -0.483515 0.281788 -0.026231 -0.143892 0.407046 -0.318152 -0.339371 0.119538 0.354834 -0.705148 -0.100963 -0.308221 -0.076588 -0.324033 -0.013660 -0.326876 -0.319594 -0.315085 -0.334345 -0.404131 -0.085228 -0.262187 0.283365 -0.322682 0.426746 0.510572 0.046010 -0.277013 0.031477 0.421559 0.160109 0.175330 -0.121215 0.246778 0.020895 -0.359735 0.041833 0.227839 -0.460979 -0.208917 -0.103000 0.134129 0.355819 0.293109 0.400262 0.130209 -0.088432 0.558281 0.145921 0.009411 0.354394 0.205467 -0.002260
-0.027949 -0.215229 0.370570 -0.077646 0.372634 0.388956 0.084677 0.008219 0.005692 -0.141228 0.150030 -0.139086 0.206108 -0.073076 0.310577 0.106862 -0.134390 -0.234304 -0.209549 -0.447278 0.497670 0.489696 0.343244 0.317482 0.216507 0.314469 1.000000 0.494133 -0.262121 -0.361553 -0.038073 0.097885 -0.205949 -0.292082 0.082862 -0.104978 -0.082078 -0.185239 0.196160 -0.004123 -0.341047 -0.035660 -0.054775 0.024051 -0.180193 -0.060208 -0.155863 0.071656 0.069395 0.031264 0.198718 0.125145 -0.063986 0.138674 -0.113551 -0.031689 -0.067573 -0.090446 0.015671 0.032817 0.110522 -0.053045 -0.033283 -0.086435 0.203736 -0.105859 0.088838 0.148253 -0.078667 0.032313 -0.059822 0.081924 -0.348106 -0.061845 -0.154220 -0.175691 -0.421753 -0.333862 -0.312404 -0.101920 -0.266080 -0.138481 -0.234406 -0.138150 -0.085689 -0.003211 -0.032606 0.116082 0.321226 0.078840 -0.263958 0.099221 0.269201 0.068703 0.004809 -0.155211 0.168463 0.127482 -0.352039 -0.132010 0.048645 -0.048255 0.057210 -0.044931 -0.025638 0.250301 0.133551 0.169800 -0.009708 0.008910 0.131119 -0.198605 -0.190172 0.058009 -0.026669 0.058614
-0.361873 -0.302055 -0.071154 0.251811 -0.119572 0.358617 -0.291100 -0.210318 -0.157475 -0.114621 -0.304892 -0.298054 -0.313243 -0.409673 -0.229074 0.024800 -0.136769 -0.203011 -0.209568 -0.094035 0.346986 0.369043 0.214687 0.538125 0.212559 0.669201 0.494133 1.000000 -0.304388 -0.286945 -0.008163 0.239418 -0.174687 -0.285716 0.201261 0.034843 0.225718 0.158552 0.374380 0.169334 0.174475 0.146025 0.209559 0.242961 -0.215618 0.052587 -0.012743 0.361626 -0.106229 -0.195501 0.135097 0.180998 -0.163991 0.204901 0.101035 -0.028803 -0.015800 0.060902 -0.043410 0.017888 -0.296314 -0.448873 -0.138245 -0.235581 -0.069071 -0.180618 0.073714 0.316325 0.024133 0.036881 -0.129180 0.147136 -0.308225 0.040103 -0.186500 -0.109448 -0.347767 -0.137246 0.009138 0.032015 -0.051162 -0.007113 -0.344878 -0.028506 -0.023711 0.209144 0.080710 0.492045 0.243126 0.148385 -0.265474 0.036710 0.202947 0.018631 0.224485 0.032220 0.315651 0.185846 -0.210399 0.172307 -0.049343 -0.201607 -0.155940 -0.061144 -0.009479 0.366202 0.001414 0.336283 0.120716 0.153658 0.453212 0.139840 -0.184313 0.098717 0.240936 0.074584
0.049850 0.405948 -0.247724 -0.366346 0.092505 -0.144595 0.200219 0.021588 0.023406 -0.239221 0.079540 -0.039427 0.086766 0.187407 -0.076839 -0.115008 0.409165 0.250006 0.478569 0.396347 0.017158 -0.256904 -0.567464 -0.622254 -0.488095 -0.615884 -0.262121 -0.304388 1.000000 0.663544 0.113586 -0.147981 0.359921 0.482676 -0.409337 -0.302870 -0.119044 -0.176444 -0.274917 0.176905 -0.096438 0.147920 -0.240645 -0.196212 -0.022037 -0.136879 0.072096 -0.250458 -0.189964 0.288397 -0.410060 -0.265707 -0.146532 -0.211723 -0.153706 -0.150898 -0.113747 0.287770 -0.194509 0.095534 -0.042430 0.205866 0.292336 0.220764 -0.304396 -0.015410 -0.028703 -0.316693 0.281107 0.228553 0.010810 -0.219778 0.724669 0.209420 0.336668 0.264695 0.323055 -0.106821 0.203471 0.256942 0.311455 0.244543 0.576516 0.188817 0.144092 -0.345297 0.277895 -0.205061 -0.581032 -0.268604 0.249658 0.236284 -0.342245 -0.015579 -0.106473 0.339206 -0.341740 0.130283 0.225856 -0.014746 -0.155859 0.473909 0.096438 0.097106 -0.233942 -0.266621 -0.327687 -0.249878 0.091998 0.145319 -0.458644 0.124628 0.021821 -0.275209 -0.131728 -0.063648
-0.306661 0.194167 -0.324322 -0.443733 0.089141 -0.185864 0.248331 0.075649 0.054682 -0.298463 -0.176192 -0.207696 -0.063880 0.093599 -0.219909 -0.070100 0.287490 0.303964 0.257213 0.388230 -0.085879 -0.352770 -0.512618 -0.458185 -0.349811 -0.451275 -0.361553 -0.286945 0.663544 1.000000 0.429895 0.141357 0.441107 0.558079 -0.165222 0.037491 0.083469 0.073536 -0.110450 0.138364 0.092204 0.285075 -0.171015 -0.152997 0.156209 0.105154 0.001580 -0.269550 -0.335317 0.120791 -0.416552 -0.256930 -0.332050 -0.194865 -0.094876 -0.109417 -0.186813 0.369519 -0.392581 0.112593 -0.292378 0.023666 0.193842 0.202193 -0.240559 -0.094620 -0.000510 -0.109682 0.262309 0.203162 -0.042772 -0.161880 0.698509 0.422655 0.322264 0.242977 0.368134 0.154303 0.412637 0.429595 0.323036 0.375149 0.273351 0.070817 0.219362 -0.254978 0.353935 -0.295985 -0.427331 -0.208415 0.162418 -0.023397 -0.468989 -0.066433 -0.051260 0.186189 -0.204266 -0.050597 0.317699 -0.226796 -0.047668 0.261811 0.137270 0.022065 -0.320776 -0.398062 -0.370810 -0.296552 0.139257 0.112823 -0.248788 0.110626 0.073911 -0.312139 -0.205813 -0.009936
-0.449880 -0.148262 0.071813 -0.171882 0.108479 -0.143500 0.405417 0.427400 0.282585 -0.037465 -0.126436 -0.083466 -0.039541 -0.052028 0.006564 -0.031345 -0.248760 -0.049882 -0.197644 -0.013967 0.054681 -0.045553 0.061320 -0.005924 0.354844 0.213629 -0.038073 -0.008163 0.113586 0.429895 1.000000 0.713999 0.047663 0.317725 0.285770 0.331245 0.074348 -0.138036 -0.111599 0.100983 -0.071084 -0.004448 0.027550 -0.085923 0.293254 0.362548 0.009295 -0.180169 -0.409514 -0.139689 -0.286643 -0.293337 -0.518352 -0.169686 -0.357121 -0.164793 -0.249299 0.059129 -0.139309 -0.089426 -0.153539 -0.009279 -0.113326 -0.068122 0.302755 0.011110 -0.017618 0.265672 -0.159679 -0.231163 0.166390 -0.000552 0.064668 0.076881 0.037629 0.156465 0.096064 0.086105 -0.069719 0.056676 -0.088679 0.020845 -0.156874 -0.262251 -0.100667 -0.199643 -0.069862 -0.223848 0.001356 -0.283272 -0.176463 -0.054938 -0.188852 0.127728 -0.103315 -0.152386 -0.176222 -0.241064 -0.173850 -0.296487 0.120742 0.123812 0.094991 -0.046058 -0.289575 -0.315895 -0.038292 -0.270038 0.078897 -0.078151 0.016198 -0.006573 -0.068895 0.023860 -0.138410 -0.116773
-0.399822 -0.444233 0.174426 0.114957 -0.099143 0.015861 0.158117 0.335590 0.316609 0.244435 -0.019316 0.070066 -0.012588 -0.120276 0.149130 0.213927 -0.292184 -0.361809 -0.406770 -0.066620 0.106037 0.308532 0.248877 0.416883 0.567922 0.586188 0.097885 0.239418 -0.147981 0.141357 0.713999 1.000000 -0.235905 0.057738 0.473578 0.347929 0.290748 0.007213 0.301091 0.219145 0.219192 0.160498 0.107682 0.052772 0.176790 0.298235 -0.121167 0.071042 -0.425118 -0.324806 -0.076147 -0.231109 -0.302105 -0.035011 -0.339948 -0.083896 -0.063747 -0.076701 -0.108798 -0.284885 -0.206689 -0.233177 -0.361273 -0.321754 0.371868 -0.009812 -0.280911 0.201417 -0.268822 -0.377797 0.263503 0.319087 -0.272798 0.087614 -0.070361 0.186931 -0.034461 0.121336 -0.184546 -0.185468 -0.175630 -0.181216 -0.072493 0.063288 -0.211587 0.020527 -0.210562 0.115850 0.285119 -0.199771 -0.247045 -0.145446 0.084361 0.001629 -0.015105 -0.148041 0.098012 -0.263653 -0.294179 -0.292228 0.179105 -0.198914 -0.126477 -0.165767 -0.087269 -0.018147 0.095487 -0.029261 0.147435 -0.188048 0.247476 0.043348 0.078509 0.118923 0.020967 -0.131059
0.071253 0.449459 -0.415898 -0.135538 -0.122126 -0.026204 -0.182775 -0.383874 -0.380286 -0.554601 -0.388912 -0.256250 -0.426407 -0.154919 -0.461490 -0.239407 0.486296 0.446197 0.717056 0.379076 -0.123796 -0.179978 -0.451641 -0.629871 -0.608701 -0.523655 -0.205949 -0.174687 0.359921 0.441107 0.047663 -0.235905 1.000000 0.701409 -0.204458 -0.157840 -0.090199 0.038858 -0.146356 -0.101150 -0.034245 -0.031594 0.089229 0.186455 0.132316 -0.028368 0.263744 -0.072916 -0.118397 0.069730 -0.165207 0.048566 -0.160175 -0.025217 0.025199 0.172912 0.352642 0.703342 -0.054041 0.067896 -0.021544 -0.055752 0.442868 0.440869 -0.352376 -0.358911 0.223115 -0.329437 0.603402 0.462520 -0.231625 -0.585991 0.669995 0.063827 0.154090 0.004283 0.318986 -0.013637 0.541037 0.520608 0.646248 0.670977 0.290360 0.041408 0.234748 -0.167043 0.353342 -0.130447 -0.448094 -0.078665 -0.132915 -0.317121 -0.531573 -0.476460 -0.035430 -0.005824 0.015273 0.011989 0.433121 0.163718 -0.241209 0.109899 0.038072 0.047559 -0.193183 -0.339959 -0.217571 -0.117890 -0.048906 -0.065674 -0.200158 -0.073965 -0.306640 -0.310665 -0.227779 -0.205839
-0.130631 0.398074 -0.255254 -0.170116 -0.096201 -0.016863 -0.087512 -0.054206 -0.142298 -0.361372 -0.260134 -0.125123 -0.286086 -0.040593 -0.365412 -0.045117 0.393451 0.439486 0.394461 0.372118 -0.134964 -0.190525 -0.469969 -0.566561 -0.385216 -0.429873 -0.292082 -0.285716 0.482676 0.558079 0.317725 0.057738 0.701409 1.000000 0.020412 0.216067 0.098059 0.065751 0.032510 0.190009 0.066585 0.071429 0.017705 0.100360 0.212240 0.244413 0.058438 -0.160455 -0.192800 0.023686 -0.363794 -0.213654 -0.117419 -0.171126 -0.130069 0.072016 0.166543 0.566173 -0.195845 -0.030539 -0.114415 0.164410 0.151811 0.267077 -0.222075 -0.000515 0.032041 -0.237860 0.436261 0.217125 -0.055696 -0.397048 0.567592 -0.038577 0.004055 0.034063 0.250146 0.050031 0.462767 0.413841 0.549227 0.549224 0.217011 -0.011234 -0.004055 -0.242695 0.118063 -0.091329 -0.298986 -0.197341 -0.255538 -0.472044 -0.451673 -0.374335 0.025300 0.046389 0.027031 -0.009205 0.046511 -0.195408 -0.061080 0.228400 0.080942 -0.014232 -0.127787 -0.437696 -0.203228 -0.264896 0.153708 -0.075827 -0.116513 -0.042882 -0.074380 -0.349186 -0.107708 -0.238927
-0.314908 -0.598693 0.411593 -0.082938 -0.053886 0.041885 0.075467 0.116676 0.274948 0.386272 0.082430 -0.063061 0.171989 -0.059386 0.185012 0.408383 -0.305915 -0.263833 -0.427190 -0.343989 -0.230076 0.061515 0.521989 0.277193 0.522909 0.490931 0.082862 0.201261 -0.409337 -0.165222 0.285770 0.473578 -0.204458 0.020412 1.000000 0.646521 0.137247 0.232057 0.400183 0.155426 0.178480 -0.094134 0.292576 0.349796 0.273587 0.426436 -0.078575 0.302769 0.097478 -0.324345 0.077828 -0.144496 -0.028494 0.156075 -0.084222 0.248817 0.064671 -0.131937 0.000358 -0.383064 -0.150238 -0.263908 -0.533281 -0.498748 0.424107 0.155768 -0.195530 0.171337 -0.203091 -0.487451 0.061658 0.269181 -0.411032 -0.324868 -0.326100 -0.167728 -0.141425 -0.002797 -0.002802 -0.111056 -0.093127 -0.039545 -0.353184 -0.339371 -0.243300 -0.188481 -0.342993 0.149361 0.622984 -0.137966 -0.357327 -0.111631 0.042023 -0.042968 -0.043258 -0.362956 0.310783 -0.148719 -0.365690 -0.121584 0.043599 -0.392908 -0.416105 -0.039964 -0.052170 0.049191 0.008043 0.017302 0.020667 -0.213782 0.534820 0.007742 -0.067474 0.197009 0.312924 -0.148017
-0.460481 -0.368987 0.148234 -0.113202 0.023532 0.045517 0.113640 0.290742 0.310377 0.207481 -0.044064 -0.076136 0.022023 0.055656 -0.032959 0.262646 -0.226436 0.076639 -0.449296 -0.150514 -0.175247 -0.069103 0.201580 0.139289 0.320204 0.262406 -0.104978 0.034843 -0.302870 0.037491 0.331245 0.347929 -0.157840 0.216067 0.646521 1.000000 0.096710 0.216265 0.287490 0.231169 0.088163 -0.050171 0.115395 0.106120 0.550673 0.729656 -0.154523 0.078782 0.142093 -0.107422 -0.060101 -0.129399 0.058429 0.103414 -0.033687 0.101024 -0.052135 -0.176571 -0.171699 -0.214878 -0.205437 0.025978 -0.493019 -0.384263 0.273421 0.451790 -0.084805 0.434453 -0.257081 -0.525846 -0.082816 0.174431 -0.267326 -0.268274 -0.380731 -0.196759 -0.193534 0.123108 0.095362 -0.082242 -0.103916 -0.068452 -0.427274 -0.422126 -0.218483 -0.087750 -0.205694 0.039917 0.400905 -0.119578 -0.336508 -0.348205 0.007398 -0.045244 0.110583 -0.242571 0.207844 -0.167334 -0.405374 -0.365588 0.208853 -0.061697 -0.101342 -0.186882 0.077773 -0.076700 0.048682 -0.174782 0.239324 -0.041049 0.433928 -0.179049 0.077556 0.032691 0.207155 -0.156246
