1.000000 0.488410 0.117070 0.059537 0.027427 -0.150483 0.130585 0.201304 0.025622 0.157810 0.558601 0.553516 0.464888 0.422522 0.469952 0.450399 0.176673 -0.059672 0.189715 0.405841 -0.298613 -0.278261 -0.142574 -0.218210 -0.078135 -0.119850 -0.112623 -0.088836 0.143458 0.136339 -0.167875 -0.143375 -0.117371 0.032585 -0.296058 -0.275666 0.177232 -0.087986 0.107701 0.134537 -0.054910 -0.086727 -0.164844 -0.167110 -0.362517 -0.451004 -0.205327 -0.220780 -0.226370 -0.392175 -0.228584 -0.150421 -0.030252 -0.091894 0.344831 0.146624 0.265144 -0.040169 0.010942 -0.319444 0.470701 0.211913 0.007055 0.000782 0.219900 0.296396 -0.495724 -0.538916 0.173186 -0.042271 -0.120125 -0.087610 0.066459 0.068754 0.150427 0.047063 0.248041 0.267220 0.091960 0.110705 0.055267 0.081287 -0.066844 -0.052360 0.019834 0.220760 -0.064834 -0.036687 0.258847 0.327524 -0.192113 -0.163311 -0.153868 -0.223702 -0.240334 0.156380 -0.065874 0.082223 -0.472535 -0.096491 -0.196487 -0.258720 -0.251780 -0.166903 -0.376689 -0.352122 -0.289668 0.090693 0.301757 0.216532 -0.142869 -0.345666 -0.130299 0.192163 0.116357 0.003742
0.488410 1.000000 -0.196456 0.173693 -0.029246 -0.008157 0.170454 0.500289 0.017752 0.435016 0.406059 0.737947 0.454133 0.644128 0.242901 0.479674 0.086896 -0.028550 0.114383 0.547625 -0.155794 -0.419319 -0.536881 -0.427119 -0.355287 -0.420552 -0.205724 -0.386863 0.182656 0.280124 -0.238263 -0.209331 -0.197792 -0.049292 -0.469077 -0.370311 -0.011337 -0.204647 -0.251349 -0.039070 -0.156273 0.071134 -0.252217 -0.342605 -0.385097 -0.304417 -0.227748 -0.365115 -0.109481 -0.160462 -0.408421 -0.030440 -0.105521 -0.163293 0.017711 -0.081049 0.045923 0.203757 0.030078 0.165651 0.665633 0.717727 0.230716 0.325847 0.278591 0.585549 -0.546432 -0.487758 -0.075798 -0.065002 0.070970 -0.082798 0.209863 0.264292 0.170372 0.236651 0.149321 0.240469 -0.029185 -0.137986 0.091778 0.020042 -0.177167 -0.011798 -0.210818 0.086684 -0.264251 -0.138820 0.045776 0.466442 0.054235 -0.131352 -0.029189 -0.292041 -0.395880 0.202752 -0.215072 -0.195912 -0.336784 -0.258876 0.139224 -0.015694 -0.047527 -0.320312 -0.339466 -0.454783 -0.319434 -0.124146 0.150912 -0.201123 -0.414400 -0.081183 -0.036860 0.226965 -0.117438 -0.059194
0.117070 -0.196456 1.000000 0.363440 0.272767 0.194260 0.446651 0.237030 0.479092 0.169609 0.021028 -0.022047 0.085089 0.020114 0.213672 0.048130 -0.494350 -0.393236 0.059051 0.001774 -0.016366 0.191261 0.519978 0.353944 0.255864 0.394959 0.230120 0.356539 -0.458342 -0.407899 0.196547 0.133841 -0.142890 0.049056 0.186941 0.383454 -0.413789 -0.310418 0.154157 0.067152 -0.277959 -0.308397 -0.218296 -0.164092 -0.160727 -0.043148 -0.215190 -0.248397 -0.047634 -0.371147 0.294985 -0.280012 -0.042826 -0.304539 -0.075941 -0.212663 -0.348148 -0.328425 0.267951 -0.203029 -0.247456 -0.175578 -0.453194 -0.387639 0.416327 0.225172 0.305382 0.344203 0.009650 0.347395 -0.303685 -0.192112 -0.436342 -0.382804 -0.350307 -0.412607 -0.482781 -0.351623 -0.384012 -0.327899 -0.498932 -0.349761 0.045466 -0.181895 0.150453 0.044653 0.361349 0.006474 0.561357 0.069168 -0.003017 0.108622 0.092391 0.365435 0.119961 -0.068160 -0.044782 0.132781 -0.320578 -0.295760 0.030838 -0.081038 -0.161374 -0.080950 -0.085900 -0.144664 0.135303 0.068458 0.122803 0.073210 0.264439 -0.331119 -0.261506 0.073816 -0.093115 -0.009077
0.059537 0.173693 0.363440 1.000000 0.129584 0.427746 0.343699 0.510942 0.426906 0.572572 -0.036545 0.274323 -0.247991 -0.041645 0.099135 0.428697 -0.397516 -0.372878 0.170774 0.112444 -0.083041 -0.023774 0.324418 0.517461 -0.151327 0.185099 0.126357 0.226631 -0.365111 -0.295337 0.104275 0.421421 -0.410946 0.001639 0.142591 -0.018309 -0.495622 -0.332943 -0.175011 -0.298544 -0.557028 -0.409025 -0.219070 -0.218890 -0.204138 0.057214 -0.078739 -0.256218 -0.106108 -0.260694 0.067164 -0.116563 -0.174806 -0.170894 -0.347565 -0.383584 -0.285528 -0.504047 -0.105540 -0.147133 -0.321846 0.027405 -0.410204 -0.441581 0.366608 0.596825 -0.001800 0.214092 -0.191031 0.030688 -0.004541 -0.055292 -0.456455 -0.276084 -0.344303 -0.051302 -0.339959 -0.346529 -0.250884 -0.343771 -0.407941 -0.550363 -0.033890 0.001692 0.284975 0.636480 0.405373 0.141728 0.568334 0.117217 0.136187 0.155927 0.391789 0.230956 -0.287799 -0.223909 -0.307452 -0.167274 -0.412142 -0.296876 0.335754 -0.043172 0.010144 0.004757 0.082761 -0.099333 0.122303 -0.054365 -0.271308 -0.050500 0.028503 -0.155816 -0.261649 -0.103691 -0.027364 -0.105624
0.027427 -0.029246 0.272767 0.129584 1.000000 0.576504 0.127273 0.148539 0.251246 0.403434 -0.032914 0.034037 0.099178 0.102104 0.000750 0.222762 -0.284728 -0.356424 -0.330856 -0.048739 0.104134 -0.046503 0.024129 0.170471 0.239891 0.199975 0.397651 0.203181 -0.272886 -0.290733 -0.084568 -0.184487 -0.278391 -0.354307 0.110613 0.314247 -0.274376 -0.042630 -0.016876 -0.130686 -0.206275 -0.279224 -0.166980 -0.055542 -0.099328 0.043821 -0.346075 -0.214634 -0.064162 -0.204712 0.008733 -0.159850 -0.026987 -0.448139 -0.278281 -0.449633 0.050747 -0.171538 0.476211 0.106417 -0.093164 -0.137090 -0.290820 -0.355999 0.101373 0.324446 -0.036040 0.286958 -0.335149 0.386708 0.064810 -0.048496 -0.294171 -0.303465 -0.252233 -0.057518 -0.303502 -0.104544 -0.284490 -0.179038 -0.145757 -0.333478 -0.334953 -0.395552 -0.132749 -0.180128 -0.222744 -0.241155 0.274555 -0.066954 0.323487 0.269761 0.382291 0.398661 0.100128 -0.258489 -0.237110 -0.189431 -0.112867 0.039352 0.264425 0.352087 0.231096 0.050785 -0.006318 0.133726 0.281147 -0.011675 -0.141286 -0.024112 0.319150 0.115188 0.252441 -0.028711 -0.091807 0.030346
-0.150483 -0.008157 0.194260 0.427746 0.576504 1.000000 0.203494 0.292607 0.118000 0.644649 -0.161355 0.031856 -0.269251 -0.077958 -0.293397 0.156745 -0.315700 -0.412626 -0.486035 0.004255 0.075103 -0.034388 0.031393 0.407948 -0.004889 0.239735 0.445076 0.298575 -0.330714 -0.437509 -0.226972 -0.162952 -0.484952 -0.491680 0.272051 0.253530 -0.544879 -0.132163 -0.261832 -0.198869 -0.397771 -0.384897 -0.127522 -0.034819 -0.075974 0.181339 -0.326232 -0.125120 -0.091990 -0.096436 -0.066924 -0.013636 -0.130262 -0.295735 -0.587801 -0.564978 0.124449 -0.233418 0.474471 0.152509 -0.293461 -0.130477 -0.349356 -0.471615 -0.095618 0.369464 -0.049943 0.469435 -0.325966 0.183025 0.056002 -0.056816 -0.425288 -0.438120 -0.439015 -0.017465 -0.539296 -0.275885 -0.382850 -0.543132 -0.214155 -0.565472 -0.334775 -0.482615 -0.306144 -0.014794 -0.149404 -0.234345 0.227566 -0.200109 0.599352 0.599183 0.681700 0.631348 0.146905 -0.266284 -0.344974 -0.156243 -0.066301 0.221162 0.531675 0.415975 0.345746 0.286287 0.392603 0.183792 0.307419 -0.113799 -0.237222 0.096544 0.328090 0.364135 0.376683 0.013689 0.060431 0.114667
0.130585 0.170454 0.446651 0.343699 0.127273 0.203494 1.000000 0.589616 0.561639 0.469746 -0.157487 0.022193 0.151864 0.248274 0.004593 0.179963 -0.030729 0.015840 0.129748 0.491330 -0.279415 -0.401983 -0.110667 -0.058893 -0.411075 -0.358827 -0.373905 -0.305248 0.030843 0.084775 -0.327210 -0.238651 -0.150149 0.041490 -0.198651 -0.042370 -0.200262 -0.557875 -0.256977 -0.374118 -0.234116 -0.358148 -0.714709 -0.588454 -0.390897 -0.292571 -0.332636 -0.348866 -0.312115 -0.295879 -0.398419 -0.425135 -0.195950 -0.227833 -0.488023 -0.372801 -0.070309 -0.076427 0.253158 0.033141 -0.058895 0.189663 -0.031701 -0.103176 0.489930 0.278508 -0.048710 0.097552 -0.229009 0.339041 -0.015335 -0.181696 0.061198 -0.038584 0.014540 -0.033232 -0.150355 -0.098410 -0.230340 -0.432423 0.024032 -0.060112 -0.184926 -0.044834 -0.181226 -0.145932 -0.120177 -0.428205 0.269931 0.141398 0.371654 0.484289 0.393021 0.443153 -0.265363 -0.106135 -0.589551 -0.332295 -0.180847 -0.156217 0.361234 0.300639 0.150565 0.066790 0.022437 -0.153156 0.394580 0.099392 -0.043594 -0.068891 -0.244911 -0.022529 0.141184 -0.044115 -0.212126 -0.078456
0.201304 0.500289 0.237030 0.510942 0.148539 0.292607 0.589616 1.000000 0.420700 0.738528 -0.035940 0.430006 0.266992 0.540988 -0.022748 0.329667 -0.048684 -0.175995 0.016834 0.437803 -0.230051 -0.464488 -0.418914 -0.123928 -0.619660 -0.461178 -0.292867 -0.459037 0.038793 0.215422 -0.386297 -0.169229 -0.310945 -0.014008 -0.470276 -0.192281 -0.194190 -0.321381 -0.248759 -0.127486 -0.194694 -0.178705 -0.627440 -0.601464 -0.462893 -0.275751 -0.233212 -0.326785 -0.215411 -0.192790 -0.345847 -0.091832 -0.140497 -0.123399 -0.367278 -0.274321 -0.119984 -0.346783 0.228829 0.151234 0.232181 0.550542 -0.093570 -0.046180 0.443204 0.724989 -0.250357 -0.076155 -0.218254 0.151137 -0.025670 -0.168786 0.075220 -0.079191 -0.084842 0.007834 -0.144084 -0.149133 -0.169916 -0.444361 0.004631 -0.158912 -0.342252 -0.031649 -0.184712 0.110829 -0.316125 -0.281562 0.170796 0.368455 0.337243 0.344969 0.355513 0.171394 -0.334285 -0.050733 -0.485616 -0.180891 -0.223153 -0.115066 0.521187 0.312180 0.245705 0.064150 -0.150273 -0.372765 0.070666 -0.130000 -0.035750 -0.118758 -0.255334 0.059942 0.229152 0.155547 -0.092034 -0.028299
0.025622 0.017752 0.479092 0.426906 0.251246 0.118000 0.561639 0.420700 1.000000 0.497449 0.006420 0.106774 0.256335 0.188970 0.341089 0.298491 -0.264830 -0.094917 0.173742 0.105796 -0.337371 -0.325830 0.258548 0.244066 -0.197044 -0.162772 -0.249203 -0.126273 -0.271722 -0.151823 -0.061756 0.005661 -0.263936 -0.123497 0.023592 0.071472 -0.223159 -0.471919 -0.045324 -0.362213 -0.224057 -0.311306 -0.524020 -0.492291 -0.273565 -0.124682 -0.219009 -0.407485 -0.138922 -0.310326 -0.033776 -0.357619 -0.157613 -0.213638 -0.221597 -0.442111 -0.358424 -0.237149 0.086854 -0.117972 -0.126235 0.031453 -0.279300 -0.301223 0.635716 0.424861 0.029032 0.193978 -0.187660 0.407599 -0.251480 -0.300570 -0.190482 -0.135110 -0.011778 -0.312963 -0.231704 -0.295406 -0.175460 -0.189234 -0.221266 -0.198069 -0.042452 -0.045699 0.128504 0.084116 0.126535 -0.264898 0.587205 0.239144 0.245980 0.187275 0.476098 0.422848 -0.154708 0.005465 -0.434149 -0.263026 -0.331552 -0.410460 0.360379 0.092740 0.020888 -0.195403 -0.172311 -0.028146 0.267108 0.033593 -0.065170 -0.036016 -0.150714 -0.203656 -0.076728 -0.079578 0.008485 -0.018579
0.157810 0.435016 0.169609 0.572572 0.403434 0.644649 0.469746 0.738528 0.497449 1.000000 -0.023423 0.330306 0.081890 0.339135 -0.096862 0.349246 -0.242322 -0.340759 -0.260877 0.312846 -0.270329 -0.461711 -0.230910 0.239464 -0.450778 -0.255445 -0.050897 -0.172515 -0.280287 -0.191659 -0.379275 -0.209785 -0.580430 -0.364413 -0.164349 -0.040334 -0.397950 -0.404864 -0.421402 -0.344668 -0.403176 -0.345252 -0.508621 -0.487699 -0.282186 -0.009773 -0.331060 -0.306962 -0.111757 -0.176064 -0.299200 -0.083560 -0.141620 -0.172796 -0.458874 -0.487143 -0.003600 -0.312152 0.327484 0.088137 0.083982 0.337008 -0.247394 -0.256821 0.278021 0.750410 -0.341283 0.156956 -0.337620 0.171947 -0.038913 -0.289440 -0.257653 -0.246103 -0.229751 -0.123019 -0.357154 -0.247303 -0.284196 -0.530555 -0.101524 -0.422418 -0.481718 -0.396314 -0.282493 0.118146 -0.217850 -0.382504 0.332690 0.274108 0.618872 0.523727 0.690120 0.470624 -0.188027 -0.119874 -0.522783 -0.250356 -0.202746 -0.050282 0.526786 0.359799 0.296002 0.073884 0.075899 -0.040983 0.169585 -0.060328 -0.191995 0.052114 -0.101414 0.163030 0.227583 0.104367 0.060760 0.040563
0.558601 0.406059 0.021028 -0.036545 -0.032914 -0.161355 -0.157487 -0.035940 0.006420 -0.023423 1.000000 0.571961 0.639700 0.457509 0.710626 0.481133 0.052286 -0.108674 0.215307 0.012950 -0.179239 -0.103155 0.023996 -0.163972 0.147170 0.034379 0.124233 0.062776 0.001160 0.047588 0.076092 -0.080854 -0.069881 -0.181069 -0.015024 0.032428 0.014021 0.014326 0.126532 0.120410 -0.065240 -0.078476 0.101993 0.073859 -0.173516 -0.195498 -0.112539 -0.188092 0.139281 -0.177198 0.122443 0.061662 0.070714 -0.132425 0.442356 0.079032 -0.235865 0.028789 -0.097956 -0.189815 0.415166 0.098043 -0.182199 0.012787 0.144038 0.253501 -0.154978 -0.268508 0.097758 0.036821 -0.198828 0.022537 0.009280 0.136812 0.204763 0.041399 0.053359 0.100746 0.039728 0.190129 -0.294661 -0.076944 0.152492 -0.008356 0.224028 0.173146 0.094319 0.166489 0.316115 0.266040 -0.269394 -0.389111 -0.234944 -0.174963 -0.113688 0.239146 0.094975 -0.047533 -0.502155 -0.461527 -0.136156 -0.239593 -0.407036 -0.461804 -0.191946 -0.327574 -0.346618 -0.018813 0.158316 0.062261 0.005055 -0.478076 -0.290118 0.102327 0.278102 -0.071813
0.553516 0.737947 -0.022047 0.274323 0.034037 0.031856 0.022193 0.430006 0.106774 0.330306 0.571961 1.000000 0.575044 0.656061 0.519444 0.654301 -0.102468 -0.192504 0.105495 0.241159 -0.186770 -0.335582 -0.290011 -0.212396 -0.202267 -0.181633 -0.047883 -0.185375 0.085121 0.183214 -0.186147 -0.093721 -0.316727 -0.154200 -0.202179 -0.093122 -0.020674 -0.057357 0.006623 0.119049 -0.124115 -0.027492 -0.210513 -0.201718 -0.344695 -0.261706 -0.245103 -0.332262 -0.020024 -0.196701 -0.116604 0.082908 -0.053567 -0.277568 0.197255 -0.090653 -0.212417 -0.166491 0.029594 0.064337 0.469234 0.443172 -0.098522 0.000772 0.241796 0.641788 -0.444799 -0.307251 -0.142031 0.000808 -0.166682 -0.026953 0.053389 0.119523 0.131851 0.165821 0.096531 0.083818 -0.147345 -0.022276 -0.175763 -0.192140 -0.011185 0.049195 -0.038077 0.274652 -0.112653 -0.001157 0.242798 0.455624 -0.063835 -0.210203 0.083192 -0.142069 -0.325059 0.143458 -0.143812 -0.218174 -0.471915 -0.381734 0.178201 -0.128465 -0.100770 -0.363094 -0.262721 -0.486186 -0.318543 -0.236344 0.042559 -0.245399 -0.217456 -0.262625 -0.036957 -0.058533 -0.081532 -0.101191
0.464888 0.454133 0.085089 -0.247991 0.099178 -0.269251 0.151864 0.266992 0.256335 0.081890 0.639700 0.575044 1.000000 0.816137 0.612767 0.425565 0.093849 -0.039778 0.104912 0.132874 -0.347235 -0.410892 -0.304214 -0.497027 -0.150814 -0.367857 -0.185628 -0.375607 0.155405 0.226686 -0.261716 -0.405392 -0.071554 -0.217272 -0.320091 0.065791 0.143904 -0.089306 0.067535 0.221264 0.159081 0.068760 -0.294549 -0.235778 -0.338043 -0.328895 -0.210261 -0.260859 0.037198 -0.162416 -0.105683 -0.074639 0.149025 -0.194602 0.344427 -0.023606 -0.318038 0.070864 0.151908 0.073993 0.562316 0.356917 -0.075478 0.164864 0.286627 0.329912 -0.249297 -0.243983 -0.070202 0.420524 -0.152341 -0.048148 0.242823 0.147664 0.304228 -0.037500 0.148396 0.200103 -0.102366 0.108137 -0.065085 0.072168 -0.012717 -0.030515 -0.131904 -0.231435 -0.333395 -0.163916 0.184695 0.484496 -0.076913 -0.198451 -0.079731 -0.065940 -0.102225 0.238654 -0.159878 -0.141886 -0.297990 -0.418846 0.103820 -0.012801 -0.091410 -0.454826 -0.387011 -0.379006 -0.247728 -0.101204 0.268269 0.009242 -0.151711 -0.291227 0.062153 -0.029902 0.076335 -0.048741
0.422522 0.644128 0.020114 -0.041645 0.102104 -0.077958 0.248274 0.540988 0.188970 0.339135 0.457509 0.656061 0.816137 1.000000 0.399165 0.486352 0.033422 -0.098736 -0.054475 0.265599 -0.310975 -0.447567 -0.473770 -0.456126 -0.340962 -0.511798 -0.248680 -0.504347 0.137147 0.252764 -0.326812 -0.333846 -0.236066 -0.192449 -0.423183 -0.038448 0.027247 -0.142200 -0.133956 0.145907 0.016567 -0.036228 -0.424404 -0.410287 -0.386082 -0.335427 -0.242904 -0.326729 -0.030995 -0.137716 -0.244531 -0.004166 0.159628 -0.252540 0.174069 -0.136209 -0.289031 -0.037123 0.187933 0.222022 0.688704 0.664025 0.047599 0.297139 0.216491 0.559962 -0.425837 -0.262659 -0.160903 0.294358 -0.060200 -0.059803 0.210640 0.098498 0.179881 0.013215 0.073065 0.109574 -0.185288 -0.119172 0.013379 -0.019497 -0.116395 -0.046520 -0.318148 -0.168243 -0.425364 -0.261583 0.050979 0.607953 0.093870 -0.020689 0.065252 -0.037969 -0.215128 0.136032 -0.265503 -0.235788 -0.206501 -0.382206 0.256273 0.190028 0.106293 -0.348092 -0.314121 -0.390476 -0.193400 -0.132556 0.116050 -0.064383 -0.290524 -0.166896 0.169357 0.014547 -0.009976 -0.144134
0.469952 0.242901 0.213672 0.099135 0.000750 -0.293397 0.004593 -0.022748 0.341089 -0.096862 0.710626 0.519444 0.612767 0.399165 1.000000 0.648818 -0.029504 -0.006125 0.469276 0.040689 -0.390501 -0.180010 0.302619 -0.026386 0.153961 0.012462 0.039379 0.081580 0.050861 0.102609 0.142619 0.043082 -0.008217 0.026324 0.096404 0.077721 0.056952 -0.132391 0.252773 0.089073 -0.117630 -0.140570 -0.027495 -0.069783 -0.228669 -0.312112 -0.087822 -0.293202 -0.036886 -0.302344 0.171755 -0.129810 -0.029993 -0.194024 0.432063 0.010749 -0.417615 -0.075366 -0.178692 -0.248591 0.189793 -0.011042 -0.233957 -0.058214 0.414616 0.268072 -0.165453 -0.225299 0.071769 0.196620 -0.360475 -0.134807 -0.025933 0.097734 0.240184 -0.108858 0.134380 0.101614 -0.015485 0.344840 -0.300761 -0.055348 0.453079 0.194544 0.391715 0.285649 0.286247 0.232017 0.507792 0.400246 -0.365752 -0.414339 -0.178879 -0.135925 -0.195745 0.153178 -0.062289 -0.146156 -0.600853 -0.643388 -0.146681 -0.397562 -0.415210 -0.548398 -0.422871 -0.298424 -0.220248 -0.100125 0.003639 -0.071147 -0.107571 -0.615515 -0.419329 -0.150061 0.124943 -0.117693
0.450399 0.479674 0.048130 0.428697 0.222762 0.156745 0.179963 0.329667 0.298491 0.349246 0.481133 0.654301 0.425565 0.486352 0.648818 1.000000 -0.046845 -0.192718 0.345447 0.302597 -0.323238 -0.293034 0.092046 0.065957 -0.122480 -0.072668 0.095455 0.030286 0.013965 0.011925 -0.064981 0.095921 -0.338189 -0.101114 -0.014567 -0.026620 -0.154219 -0.232745 0.005396 0.003319 -0.274471 -0.262591 -0.221289 -0.274610 -0.514549 -0.385962 -0.293854 -0.471077 -0.336099 -0.503173 -0.190517 -0.288907 -0.126579 -0.353701 0.089425 -0.349117 -0.222872 -0.146471 -0.042836 -0.084330 0.193228 0.197482 -0.236724 -0.121787 0.344985 0.566757 -0.403082 -0.227359 -0.084406 0.149917 0.004336 -0.005572 -0.117508 -0.050523 0.029062 0.113309 0.002659 0.104239 -0.209357 -0.037498 -0.215386 -0.258068 0.173220 0.138048 0.178312 0.353250 0.098210 0.140157 0.439118 0.387440 0.015931 -0.054982 0.206918 0.034076 -0.212007 0.038162 -0.397380 -0.237764 -0.567972 -0.455488 0.179015 -0.108839 -0.030526 -0.287393 -0.242271 -0.201655 -0.149441 -0.238273 -0.143902 -0.012420 -0.064454 -0.301550 -0.148696 -0.166990 0.109368 -0.162518
0.176673 0.086896 -0.494350 -0.397516 -0.284728 -0.315700 -0.030729 -0.048684 -0.264830 -0.242322 0.052286 -0.102468 0.093849 0.033422 -0.029504 -0.046845 1.000000 0.735227 0.316023 0.342841 -0.214064 -0.325905 -0.458590 -0.415220 -0.347940 -0.504914 -0.442645 -0.462253 0.722966 0.627060 -0.272019 -0.166335 0.446207 0.287777 -0.366125 -0.478622 0.550950 0.223932 -0.094997 0.017221 0.233690 0.090896 -0.141036 -0.199901 -0.222954 -0.395114 -0.039752 -0.108751 -0.332322 -0.055855 -0.411774 -0.144807 -0.280000 0.157921 0.036886 0.175684 0.486626 0.267106 -0.222294 -0.096537 0.318681 0.129283 0.577564 0.462208 -0.010230 -0.233816 -0.148041 -0.450774 0.199666 -0.199116 0.039436 0.088069 0.696488 0.397314 0.444745 0.255273 0.405224 0.421631 0.687463 0.411385 0.749075 0.712623 -0.172829 0.213187 0.070550 -0.122690 -0.383560 -0.032701 -0.462275 -0.057988 -0.168036 -0.132774 -0.258562 -0.387407 -0.059693 0.212937 -0.186903 -0.006351 -0.087608 0.254389 -0.147483 0.000238 -0.134411 0.055102 -0.282822 -0.058912 -0.158509 -0.046598 0.217633 0.118291 -0.386471 -0.089672 0.053248 0.097734 0.140336 0.181662
-0.059672 -0.028550 -0.393236 -0.372878 -0.356424 -0.412626 0.015840 -0.175995 -0.094917 -0.340759 -0.108674 -0.192504 -0.039778 -0.098736 -0.006125 -0.192718 0.735227 1.000000 0.322829 0.265526 -0.116936 -0.258462 -0.305767 -0.352228 -0.250558 -0.466723 -0.447613 -0.462059 0.765322 0.690191 -0.098329 -0.058147 0.546766 0.401106 -0.279607 -0.510733 0.612739 0.193198 -0.189513 -0.132422 0.309627 0.229415 -0.130775 -0.174560 -0.152879 -0.358485 0.103693 -0.085350 -0.299352 0.020073 -0.377535 -0.121660 -0.326187 0.215928 -0.034539 0.164938 0.264379 0.251552 -0.424022 -0.081815 0.235853 0.155033 0.657973 0.610015 0.031968 -0.372357 -0.076846 -0.384213 0.165623 -0.283440 -0.045799 0.066707 0.788730 0.574374 0.591773 0.167036 0.469896 0.369334 0.650277 0.510073 0.699730 0.803524 0.085079 0.455756 0.118326 -0.099007 -0.225044 0.031053 -0.488079 -0.057347 -0.230268 -0.224823 -0.267538 -0.342088 -0.100347 0.263157 -0.198826 -0.100630 0.000953 0.118535 -0.141774 -0.041556 -0.188359 -0.090114 -0.289467 -0.036187 -0.171975 -0.088819 0.057248 -0.102286 -0.539539 -0.078873 -0.016528 0.128299 -0.086498 0.139620
0.189715 0.114383 0.059051 0.170774 -0.330856 -0.486035 0.129748 0.016834 0.173742 -0.260877 0.215307 0.105495 0.104912 -0.054475 0.469276 0.345447 0.316023 0.322829 1.000000 0.379009 -0.107440 -0.052285 0.215812 -0.092081 -0.045582 -0.089560 -0.191979 -0.059273 0.311185 0.323819 0.278443 0.351922 0.365879 0.485435 -0.146776 -0.381938 0.218422 -0.151388 0.188243 -0.069587 0.007398 -0.047132 -0.086671 -0.129129 -0.302566 -0.407432 0.117807 -0.230077 -0.228812 -0.273090 -0.084568 -0.264066 -0.264347 0.017958 0.152270 0.121627 -0.112038 0.091001 -0.449217 -0.314144 0.004750 -0.046032 0.100189 0.091572 0.519073 -0.005018 0.116877 -0.406528 0.393208 -0.014843 -0.164806 -0.159807 0.271846 0.264875 0.308816 0.080790 0.296706 0.071155 0.317149 0.308050 0.006479 0.251535 0.385017 0.493226 0.584851 0.288236 0.338149 0.303800 0.112638 0.073308 -0.475729 -0.433026 -0.398601 -0.392801 -0.229483 0.199720 -0.042391 0.102845 -0.495493 -0.397586 -0.277817 -0.386774 -0.444344 -0.196868 -0.333508 -0.171730 -0.148964 0.103890 0.109967 -0.076379 -0.302280 -0.517084 -0.508662 -0.076934 0.023952 -0.085236
0.405841 0.547625 0.001774 0.112444 -0.048739 0.004255 0.491330 0.437803 0.105796 0.312846 0.012950 0.241159 0.132874 0.265599 0.040689 0.302597 0.342841 0.265526 0.379009 1.000000 -0.187961 -0.316991 -0.353218 -0.220922 -0.358167 -0.374214 -0.234073 -0.300316 0.408541 0.401136 -0.211963 -0.099407 0.065574 0.327072 -0.520323 -0.527181 0.038102 -0.288008 -0.161757 -0.213975 -0.140601 -0.116176 -0.468561 -0.484871 -0.456052 -0.512859 -0.308935 -0.347508 -0.495599 -0.395759 -0.721787 -0.478292 -0.515457 -0.225618 -0.346268 -0.108248 0.245035 0.064345 0.085388 -0.022625 0.332814 0.443414 0.332711 0.217766 0.456345 0.352217 -0.394004 -0.397018 0.159297 0.074948 -0.019803 -0.206944 0.395769 0.181803 0.179183 0.200531 0.134787 0.227739 0.088433 -0.177942 0.315785 0.149735 -0.063664 0.140103 -0.137575 -0.086309 -0.212578 -0.205204 -0.126293 0.085832 0.146082 0.151054 0.000096 -0.044876 -0.318840 0.067023 -0.454693 -0.223869 -0.383632 -0.067402 0.011966 0.059411 -0.120986 0.015367 -0.233275 -0.153316 -0.035755 -0.006188 0.116329 0.018425 -0.418302 -0.151328 -0.011861 0.204346 -0.079375 -0.075300
-0.298613 -0.155794 -0.016366 -0.083041 0.104134 0.075103 -0.279415 -0.230051 -0.337371 -0.270329 -0.179239 -0.186770 -0.347235 -0.310975 -0.390501 -0.323238 -0.214064 -0.116936 -0.107440 -0.187961 1.000000 0.728062 0.062670 -0.057631 0.447799 0.464787 0.464884 0.323526 0.032558 -0.016514 0.543657 0.332611 0.186979 0.106506 0.014285 -0.131249 -0.139118 0.293224 0.240519 0.163135 0.061798 0.112587 0.424850 0.464899 0.157851 0.175167 0.255750 0.084521 0.139258 0.175281 0.244273 0.188528 0.060377 0.044923 -0.069721 0.050000 0.029864 0.170284 -0.116956 -0.072337 -0.115418 -0.200595 0.144320 -0.036255 -0.101876 -0.202875 0.347140 -0.028030 0.095582 -0.185184 0.297317 0.319732 -0.017646 -0.038544 -0.182870 0.222622 -0.058032 0.041815 0.037418 -0.036863 -0.106219 -0.080294 0.078805 0.122231 0.077841 0.040340 0.125449 0.177843 -0.303786 -0.575099 -0.203337 -0.153650 -0.240630 -0.169249 0.062203 -0.069262 0.369270 0.099924 0.111822 0.110588 -0.146168 -0.057150 -0.022284 0.028937 0.076939 -0.098686 -0.051792 -0.137331 0.084715 -0.102318 0.289107 0.127839 0.042230 0.136568 -0.146535 -0.152755
-0.278261 -0.419319 0.191261 -0.023774 -0.046503 -0.034388 -0.401983 -0.464488 -0.325830 -0.461711 -0.103155 -0.335582 -0.410892 -0.447567 -0.180010 -0.293034 -0.325905 -0.258462 -0.052285 -0.316991 0.728062 1.000000 0.497174 0.279237 0.680653 0.728629 0.596407 0.623839 -0.237349 -0.253067 0.756555 0.570968 0.138210 0.186697 0.293572 0.135900 -0.177587 0.239988 0.352246 0.290230 -0.014782 0.116368 0.551843 0.543253 0.355969 0.308965 0.248795 0.168104 0.238249 0.098544 0.491403 0.131097 0.133552 0.061736 0.122816 0.186514 -0.156851 0.075656 -0.235181 -0.254831 -0.331871 -0.423024 -0.126778 -0.201071 -0.155605 -0.292936 0.423483 0.141208 0.256477 -0.138129 0.200795 0.373335 -0.287648 -0.153411 -0.276746 0.014913 -0.165762 -0.023798 0.013887 0.080912 -0.327013 -0.203049 0.387068 0.121153 0.263978 0.126252 0.470278 0.403014 -0.052377 -0.482079 -0.344556 -0.242148 -0.357725 -0.129520 0.320889 -0.087332 0.483629 0.184224 0.011866 -0.050443 -0.326982 -0.230808 -0.199224 -0.106349 0.066360 -0.024731 -0.119298 -0.159102 0.079476 0.104236 0.424267 -0.159358 -0.283823 0.003230 0.025725 -0.268143
-0.142574 -0.536881 0.519978 0.324418 0.024129 0.031393 -0.110667 -0.418914 0.258548 -0.230910 0.023996 -0.290011 -0.304214 -0.473770 0.302619 0.092046 -0.458590 -0.305767 0.215812 -0.353218 0.062670 0.497174 1.000000 0.696791 0.599682 0.723673 0.470248 0.758353 -0.514119 -0.586186 0.575536 0.595074 -0.121739 0.070188 0.624525 0.388255 -0.352103 -0.148658 0.362952 0.024779 -0.242950 -0.239894 0.301786 0.245416 0.123451 0.180040 0.061921 -0.062483 0.021649 -0.248514 0.538302 -0.198937 0.087515 -0.133448 0.134861 -0.131732 -0.341070 -0.218102 -0.131522 -0.397131 -0.560637 -0.600975 -0.478042 -0.485416 0.149052 -0.146606 0.390408 0.354408 0.139909 0.149035 -0.198802 -0.050576 -0.597122 -0.361989 -0.357161 -0.372244 -0.370549 -0.359181 -0.214134 0.014798 -0.567072 -0.400158 0.472100 0.010787 0.536323 0.326721 0.786976 0.411883 0.553269 -0.170507 -0.206265 -0.122998 -0.008823 0.218673 0.199076 -0.141385 0.193639 0.164512 -0.223514 -0.275274 -0.211554 -0.353844 -0.239474 -0.090711 0.096841 0.255376 0.115318 0.096450 -0.102641 0.183608 0.425397 -0.360212 -0.511858 -0.206515 0.119732 -0.121126
-0.218210 -0.427119 0.353944 0.517461 0.170471 0.407948 -0.058893 -0.123928 0.244066 0.239464 -0.163972 -0.212396 -0.497027 -0.456126 -0.026386 0.065957 -0.415220 -0.352228 -0.092081 -0.220922 -0.057631 0.279237 0.696791 1.000000 0.243248 0.574669 0.406023 0.671758 -0.538656 -0.584434 0.252527 0.451622 -0.384837 -0.128694 0.559959 0.360980 -0.424250 -0.101145 0.059883 -0.136452 -0.394844 -0.338154 0.104761 0.070061 0.184712 0.279681 -0.067083 -0.008162 0.038071 -0.165003 0.309035 -0.117522 -0.036177 -0.106984 -0.128140 -0.225666 -0.216420 -0.475991 -0.053502 -0.294474 -0.594570 -0.448153 -0.503919 -0.530208 -0.034323 0.102791 0.156057 0.483216 -0.154450 -0.028368 -0.167281 -0.022384 -0.629710 -0.430989 -0.452156 -0.329249 -0.517926 -0.405251 -0.219384 -0.144572 -0.376297 -0.527407 0.115589 -0.183851 0.235042 0.339610 0.602683 0.225986 0.431792 -0.103164 0.187050 0.238375 0.384063 0.500896 0.216065 -0.352297 -0.046343 -0.072548 -0.116573 -0.116183 0.021774 -0.113967 -0.089739 0.063927 0.346817 0.434306 0.214663 -0.075737 -0.401130 0.191923 0.390521 -0.142111 -0.294165 -0.172451 0.258656 -0.114238
-0.078135 -0.355287 0.255864 -0.151327 0.239891 -0.004889 -0.411075 -0.619660 -0.197044 -0.450778 0.147170 -0.202267 -0.150814 -0.340962 0.153961 -0.122480 -0.347940 -0.250558 -0.045582 -0.358167 0.447799 0.680653 0.599682 0.243248 1.000000 0.794452 0.678046 0.729805 -0.329545 -0.393319 0.710667 0.405864 0.119858 0.017940 0.538806 0.336527 -0.212708 0.184455 0.450035 0.111855 -0.004983 -0.070133 0.522674 0.511983 0.306219 0.253814 0.020754 0.032367 0.160866 -0.063118 0.584073 0.033562 0.064221 -0.144589 0.221792 0.024298 -0.080488 0.043801 0.007203 -0.262155 -0.239559 -0.504136 -0.231698 -0.242053 -0.009167 -0.270444 0.358650 0.166094 0.143263 0.024857 -0.152341 0.034771 -0.363893 -0.271448 -0.307765 -0.265707 -0.218092 -0.113068 -0.087846 0.212758 -0.417005 -0.195628 0.358533 -0.056284 0.326572 0.065911 0.484615 0.352607 0.153558 -0.415611 -0.394029 -0.330390 -0.320214 -0.092681 0.272142 -0.167816 0.455502 0.119200 -0.116790 -0.134248 -0.384996 -0.321204 -0.278452 -0.152818 0.018055 0.147133 -0.052489 0.165097 0.039468 0.040615 0.476314 -0.271230 -0.326052 -0.074143 0.027325 -0.176105
-0.119850 -0.420552 0.394959 0.185099 0.199975 0.239735 -0.358827 -0.461178 -0.162772 -0.255445 0.034379 -0.181633 -0.367857 -0.511798 0.012462 -0.072668 -0.504914 -0.466723 -0.089560 -0.374214 0.464787 0.728629 0.723673 0.574669 0.794452 1.000000 0.743515 0.913235 -0.434561 -0.566102 0.617014 0.508609 -0.077512 -0.056935 0.593647 0.386824 -0.422908 0.184354 0.425758 0.217075 -0.162670 -0.107091 0.545861 0.543176 0.239847 0.293613 0.054349 0.098427 0.109747 -0.119338 0.570822 0.003885 0.108667 -0.134833 0.135050 -0.010557 -0.166371 -0.184363 -0.011434 -0.315038 -0.458414 -0.597425 -0.465669 -0.528765 -0.086188 -0.183509 0.322652 0.266652 0.088131 -0.051192 -0.034341 0.143849 -0.552931 -0.366200 -0.459314 -0.200410 -0.391693 -0.167577 -0.242143 -0.011180 -0.585084 -0.494640 0.302973 -0.098550 0.269133 0.249521 0.608740 0.436285 0.308686 -0.371804 -0.245395 -0.148481 -0.127220 0.119743 0.338741 -0.200140 0.426404 0.242472 -0.128207 -0.040191 -0.270676 -0.316735 -0.258519 -0.021890 0.200714 0.196774 0.007948 0.005824 0.012005 0.162665 0.668165 -0.165117 -0.323522 -0.033385 0.173840 -0.091457
-0.112623 -0.205724 0.230120 0.126357 0.397651 0.445076 -0.373905 -0.292867 -0.249203 -0.050897 0.124233 -0.047883 -0.185628 -0.248680 0.039379 0.095455 -0.442645 -0.447613 -0.191979 -0.234073 0.464884 0.596407 0.470248 0.406023 0.678046 0.743515 1.000000 0.804173 -0.320728 -0.442867 0.436703 0.258123 -0.164490 -0.211363 0.402393 0.299367 -0.400589 0.115743 0.249424 0.266395 -0.228048 -0.128874 0.492232 0.475496 0.133250 0.206834 -0.012110 0.015105 0.088156 -0.137244 0.397011 0.048465 0.073808 -0.178042 -0.035580 -0.142144 -0.084140 -0.119873 0.108997 -0.193122 -0.305717 -0.430702 -0.392091 -0.371794 -0.142055 0.054456 0.222845 0.280889 0.079387 0.108350 0.001671 0.070654 -0.482356 -0.454830 -0.471952 -0.167355 -0.398141 -0.154725 -0.227131 -0.079515 -0.430329 -0.465195 0.211227 -0.184839 0.162725 0.165029 0.354321 0.371599 0.203383 -0.382655 -0.043367 -0.040163 -0.029857 0.167759 0.245528 -0.180339 0.212387 0.134482 -0.164815 -0.013964 -0.087157 -0.131609 -0.090346 -0.046396 0.129020 0.117533 -0.118629 -0.242036 -0.089693 0.210888 0.603759 -0.078818 -0.116081 0.028241 0.126011 -0.109794
-0.088836 -0.386863 0.356539 0.226631 0.203181 0.298575 -0.305248 -0.459037 -0.126273 -0.172515 0.062776 -0.185375 -0.375607 -0.504347 0.081580 0.030286 -0.462253 -0.462059 -0.059273 -0.300316 0.323526 0.623839 0.758353 0.671758 0.729805 0.913235 0.804173 1.000000 -0.458886 -0.615440 0.489439 0.410351 -0.121325 -0.140216 0.635026 0.375915 -0.439570 0.078916 0.391423 0.149158 -0.266352 -0.206389 0.504550 0.449852 0.203055 0.232878 0.031939 0.020645 0.055462 -0.225941 0.508682 -0.071675 0.049313 -0.136991 0.090327 -0.070337 -0.076346 -0.164018 0.021039 -0.333196 -0.517269 -0.631351 -0.521904 -0.535539 -0.111699 -0.129891 0.318154 0.294690 0.163744 -0.010840 -0.074602 0.058349 -0.625791 -0.436012 -0.486738 -0.240165 -0.419210 -0.197315 -0.223547 -0.027574 -0.506927 -0.476174 0.284849 -0.169536 0.319200 0.318704 0.666945 0.442787 0.388565 -0.380068 -0.151771 -0.075963 -0.034396 0.208489 0.264604 -0.238621 0.326940 0.163073 -0.181693 -0.068407 -0.242409 -0.357761 -0.275484 -0.019586 0.178003 0.244485 0.005964 -0.084006 -0.106075 0.234214 0.655287 -0.182803 -0.370073 -0.008918 0.177846 -0.143062
0.143458 0.182656 -0.458342 -0.365111 -0.272886 -0.330714 0.030843 0.038793 -0.271722 -0.280287 0.001160 0.085121 0.155405 0.137147 0.050861 0.013965 0.722966 0.765322 0.311185 0.408541 0.032558 -0.237349 -0.514119 -0.538656 -0.329545 -0.434561 -0.320728 -0.458886 1.000000 0.863638 -0.187272 -0.159584 0.495669 0.348736 -0.518034 -0.612941 0.537635 0.236229 -0.007467 0.110707 0.331861 0.247414 -0.130663 -0.130221 -0.346254 -0.577667 0.085474 -0.120016 -0.427250 -0.072966 -0.515216 -0.138048 -0.186650 0.121975 0.008346 0.222896 0.296376 0.213399 -0.291730 0.001220 0.392173 0.265810 0.583218 0.496524 0.021268 -0.243421 -0.279607 -0.600011 0.178489 -0.211854 0.100623 0.151112 0.872920 0.545164 0.546476 0.378661 0.531369 0.527659 0.518830 0.417390 0.644993 0.644321 0.144130 0.528931 -0.036180 -0.078573 -0.386177 0.059593 -0.537530 0.001503 -0.219262 -0.176075 -0.299739 -0.370366 -0.196010 0.233933 -0.164308 -0.054159 -0.073000 0.166526 -0.129158 -0.015678 -0.132343 -0.066790 -0.361575 -0.242899 -0.196160 -0.283781 0.193260 -0.056306 -0.439628 -0.029055 0.137003 0.158380 -0.044267 0.056308
0.136339 0.280124 -0.407899 -0.295337 -0.290733 -0.437509 0.084775 0.215422 -0.151823 -0.191659 0.047588 0.183214 0.226686 0.252764 0.102609 0.011925 0.627060 0.690191 0.323819 0.401136 -0.016514 -0.253067 -0.586186 -0.584434 -0.393319 -0.566102 -0.442867 -0.615440 0.863638 1.000000 -0.136477 -0.136287 0.486687 0.487660 -0.551685 -0.556440 0.608968 0.218199 -0.034803 0.015256 0.393658 0.303643 -0.217591 -0.236534 -0.220607 -0.493358 0.116065 -0.109283 -0.269699 0.039943 -0.433488 -0.036583 -0.173100 0.155917 0.001712 0.249295 0.132842 0.154093 -0.331113 -0.067219 0.434844 0.351075 0.593637 0.542754 0.182977 -0.067009 -0.268633 -0.608344 0.093171 -0.266967 0.058327 0.114224 0.887459 0.608371 0.610608 0.361017 0.600696 0.471073 0.534580 0.390156 0.582558 0.655812 0.098661 0.550259 0.003091 -0.040403 -0.380735 0.035260 -0.476235 0.119286 -0.278188 -0.254400 -0.336064 -0.436530 -0.342743 0.198602 -0.176664 -0.171211 -0.121594 -0.008980 -0.115776 -0.014448 -0.162748 -0.157506 -0.357346 -0.374214 -0.214621 -0.250185 0.077909 -0.243777 -0.537819 -0.085962 0.072993 0.084765 -0.090766 -0.033256
-0.167875 -0.238263 0.196547 0.104275 -0.084568 -0.226972 -0.327210 -0.386297 -0.061756 -0.379275 0.076092 -0.186147 -0.261716 -0.326812 0.142619 -0.064981 -0.272019 -0.098329 0.278443 -0.211963 0.543657 0.756555 0.575536 0.252527 0.710667 0.617014 0.436703 0.489439 -0.187272 -0.136477 1.000000 0.780004 0.234658 0.355006 0.338283 0.038548 -0.217242 0.060289 0.305606 0.039462 -0.132357 -0.089562 0.458411 0.390683 0.233277 0.242214 0.224466 -0.032159 0.150930 -0.026115 0.529336 0.032689 -0.012833 0.004261 0.191586 0.082509 -0.290898 0.025104 -0.447006 -0.412747 -0.172527 -0.258202 -0.061436 -0.068104 0.249015 -0.112636 0.367452 0.012326 0.219964 -0.164581 -0.039050 0.082767 -0.208303 -0.133926 -0.233771 -0.226514 -0.155925 -0.107203 0.103488 0.254788 -0.399027 -0.134114 0.509426 0.295428 0.516517 0.282061 0.599737 0.396931 0.076094 -0.334353 -0.525497 -0.482132 -0.427485 -0.293941 0.071087 -0.066982 0.393577 0.113002 -0.217456 -0.330961 -0.415162 -0.360721 -0.390848 -0.270647 -0.072575 0.021677 -0.195215 0.049002 0.022048 0.030547 0.213829 -0.429595 -0.553143 -0.066565 0.127106 -0.270209
-0.143375 -0.209331 0.133841 0.421421 -0.184487 -0.162952 -0.238651 -0.169229 0.005661 -0.209785 -0.080854 -0.093721 -0.405392 -0.333846 0.043082 0.095921 -0.166335 -0.058147 0.351922 -0.099407 0.332611 0.570968 0.595074 0.451622 0.405864 0.508609 0.258123 0.410351 -0.159584 -0.136287 0.780004 1.000000 0.023989 0.464231 0.248631 -0.056607 -0.203779 0.047201 0.212486 -0.040041 -0.181123 -0.128375 0.210227 0.102722 -0.007743 0.096081 0.105023 -0.179981 -0.101128 -0.190610 0.309274 -0.113206 -0.052785 -0.079640 0.051958 -0.084223 -0.286261 -0.273294 -0.467779 -0.365324 -0.193809 -0.145833 -0.062655 -0.117093 0.242270 0.035269 0.237548 0.019070 0.136321 -0.188548 0.050880 0.180818 -0.192766 -0.078271 -0.242898 -0.125636 -0.143775 -0.229967 0.113497 0.123192 -0.285629 -0.181453 0.415700 0.383732 0.591632 0.468035 0.606970 0.464406 0.113095 -0.187322 -0.364147 -0.327857 -0.226902 -0.224877 -0.045575 -0.127637 0.141237 0.052493 -0.257509 -0.252428 -0.215901 -0.283996 -0.227086 -0.117236 -0.006723 0.067505 -0.151959 0.038222 -0.059567 0.025142 0.111315 -0.426554 -0.556171 -0.199722 0.035628 -0.297785
-0.117371 -0.197792 -0.142890 -0.410946 -0.278391 -0.484952 -0.150149 -0.310945 -0.263936 -0.580430 -0.069881 -0.316727 -0.071554 -0.236066 -0.008217 -0.338189 0.446207 0.546766 0.365879 0.065574 0.186979 0.138210 -0.121739 -0.384837 0.119858 -0.077512 -0.164490 -0.121325 0.495669 0.486687 0.234658 0.023989 1.000000 0.568642 -0.121108 -0.321019 0.404245 0.337573 0.135833 0.010944 0.344595 0.113712 0.102280 0.070278 0.005912 -0.193434 0.251150 0.030056 -0.152420 0.024556 0.047197 -0.012407 -0.326700 0.135940 0.105104 0.291073 0.183004 0.202630 -0.288431 -0.063565 0.014567 -0.089619 0.303891 0.374578 0.060544 -0.515555 0.359517 -0.215415 0.444923 -0.241615 -0.044426 0.019006 0.487303 0.374340 0.352571 0.128158 0.443355 0.359915 0.476010 0.424500 0.264977 0.566491 0.128903 0.358301 0.206176 -0.118247 -0.061307 0.107918 -0.501316 -0.371566 -0.457677 -0.352670 -0.552039 -0.447007 -0.191970 0.049359 0.197086 0.122684 0.065101 0.056746 -0.446421 -0.187877 -0.319446 0.116765 -0.192500 0.001014 -0.155204 0.067213 0.104990 -0.064834 -0.124722 -0.149986 -0.227605 0.135726 -0.046578 0.067349
0.032585 -0.049292 0.049056 0.001639 -0.354307 -0.491680 0.041490 -0.014008 -0.123497 -0.364413 -0.181069 -0.154200 -0.217272 -0.192449 0.026324 -0.101114 0.287777 0.401106 0.485435 0.327072 0.106506 0.186697 0.070188 -0.128694 0.017940 -0.056935 -0.211363 -0.140216 0.348736 0.487660 0.355006 0.464231 0.568642 1.000000 -0.277223 -0.345210 0.291042 0.108951 0.075227 -0.090143 0.165759 0.100539 -0.102392 -0.188980 -0.163089 -0.282651 0.174183 -0.107570 -0.345964 -0.158302 -0.114507 -0.232828 -0.248635 0.074895 -0.087476 0.107059 0.009663 -0.020711 -0.299004 -0.213714 0.094991 0.105900 0.451625 0.333276 0.331649 -0.188113 0.096646 -0.278023 0.266455 -0.214970 -0.015714 0.034521 0.363201 0.329388 0.190640 0.149120 0.332636 0.141217 0.274896 0.211136 0.186692 0.364758 0.249618 0.556326 0.324725 0.113435 0.147869 0.229634 -0.308505 -0.152211 -0.400416 -0.237546 -0.492073 -0.459870 -0.424183 -0.128261 -0.075561 0.009782 -0.115517 -0.065433 -0.418044 -0.255035 -0.174141 0.086226 -0.184638 -0.079653 -0.108915 0.133488 -0.064692 -0.229419 -0.251360 -0.335065 -0.376827 -0.066610 -0.180004 -0.091121
-0.296058 -0.469077 0.186941 0.142591 0.110613 0.272051 -0.198651 -0.470276 0.023592 -0.164349 -0.015024 -0.202179 -0.320091 -0.423183 0.096404 -0.014567 -0.366125 -0.279607 -0.146776 -0.520323 0.014285 0.293572 0.624525 0.559959 0.538806 0.593647 0.402393 0.635026 -0.518034 -0.551685 0.338283 0.248631 -0.121108 -0.277223 1.000000 0.645028 -0.347833 0.057924 0.167843 -0.103653 -0.268432 -0.367987 0.385972 0.407216 0.472080 0.551309 0.089246 0.194253 0.268251 0.113893 0.627762 0.152176 -0.017014 -0.082659 0.045153 -0.153956 -0.197749 -0.150230 -0.031872 -0.295304 -0.599323 -0.622280 -0.434648 -0.471934 -0.117657 -0.154827 0.313387 0.511881 -0.181365 -0.042140 -0.184713 -0.052811 -0.537518 -0.428839 -0.389394 -0.421508 -0.419648 -0.256520 -0.174514 0.090392 -0.438415 -0.388965 0.128395 -0.303436 0.194525 0.132135 0.485146 0.139005 0.367863 -0.313778 -0.070321 -0.021711 0.189198 0.328782 0.282478 -0.186689 0.195395 -0.078317 0.033654 -0.058024 0.024107 -0.131945 -0.134746 0.025952 0.427508 0.404798 0.159756 0.073171 -0.355054 0.077991 0.518000 0.000177 -0.130274 -0.340071 0.245458 -0.011944
-0.275666 -0.370311 0.383454 -0.018309 0.314247 0.253530 -0.042370 -0.192281 0.071472 -0.040334 0.032428 -0.093122 0.065791 -0.038448 0.077721 -0.026620 -0.478622 -0.510733 -0.381938 -0.527181 -0.131249 0.135900 0.388255 0.360980 0.336527 0.386824 0.299367 0.375915 -0.612941 -0.556440 0.038548 -0.056607 -0.321019 -0.345210 0.645028 1.000000 -0.351407 -0.097833 0.055420 0.103929 -0.129956 -0.140370 0.113871 0.137964 0.299722 0.509106 -0.104081 0.123237 0.259479 0.051024 0.446558 0.022106 0.268291 -0.230742 0.120699 -0.161103 -0.392194 -0.142997 0.304078 0.035978 -0.313929 -0.370831 -0.534094 -0.418137 -0.167795 0.015252 0.223504 0.657739 -0.384416 0.305304 -0.147608 -0.055926 -0.516632 -0.372077 -0.323352 -0.381066 -0.555748 -0.377548 -0.490214 -0.185943 -0.463783 -0.453759 -0.008842 -0.407431 -0.070095 -0.204226 0.192154 -0.032955 0.385680 0.045170 0.213424 0.162196 0.249360 0.448165 0.350176 -0.157019 0.113546 -0.024576 0.186037 -0.085511 0.131358 0.081017 0.124648 -0.049434 0.368345 0.277428 0.135431 0.003915 -0.183064 0.026266 0.465098 0.044047 0.015247 -0.400430 0.059266 0.027601
