1.000000 0.485106 -0.273509 -0.090040 -0.246442 -0.362251 0.135620 -0.456422 0.022731 -0.333537 -0.079290 0.036796 -0.044161 0.041281 0.251191 0.220816 0.106714 0.112025 0.457320 0.397416 -0.047149 -0.081947 0.254773 -0.091997 -0.229851 -0.296643 0.015271 0.025990 -0.031423 -0.205480 0.077713 -0.189893 0.412560 0.251426 0.015810 -0.113084 -0.200564 -0.194233 0.014397 -0.062739 -0.026962 -0.113438 -0.245716 -0.386174 0.003731 -0.539235 -0.077347 -0.291956 0.132588 -0.107481 0.009734 -0.010004 0.042562 0.042053 -0.104483 0.019978 0.464763 0.432736 0.467433 0.000265 0.414727 0.180000 0.139833 0.418139 0.298186 -0.128206 0.122543 -0.413557 0.472679 0.444442 -0.091494 -0.082639 -0.000133 0.030277 0.058770 0.101844 -0.125388 -0.308377 -0.231750 -0.184962 -0.036030 0.014666 -0.170094 0.047746 0.139572 0.102848 -0.016969 0.096835 0.383349 0.053079 -0.083018 -0.204329 -0.156375 -0.407412 -0.092277 -0.056595 0.043384 0.211494 0.074065 0.123799 -0.242196 0.079202 0.030854 0.091439 0.063754 0.278626 0.226889 -0.145590 0.261445 -0.316943 -0.410823 -0.098030 -0.327982 -0.059504 0.074185 0.108121
0.485106 1.000000 0.110673 0.263754 -0.101945 -0.212810 0.245016 0.207850 -0.064439 0.370928 0.027978 0.388207 0.407000 0.508574 -0.126332 0.362129 -0.024867 0.020126 0.618558 0.206896 -0.430881 -0.348204 -0.117532 -0.181194 -0.281089 -0.041456 -0.486227 -0.318974 -0.087325 0.047592 -0.065586 -0.019978 0.090147 0.239765 -0.215365 -0.023546 -0.271997 -0.177202 -0.481572 -0.096821 -0.093528 0.076532 -0.537426 -0.514576 -0.153802 -0.509239 -0.237475 -0.307854 0.040191 -0.241832 -0.129745 0.103288 -0.325079 -0.177825 -0.307517 -0.295037 -0.039017 0.002627 0.265860 -0.044118 0.488884 0.626433 -0.090542 0.374211 0.470125 0.387878 -0.029863 -0.463519 0.151875 0.010322 0.115095 -0.193872 0.051888 0.046424 0.001669 0.224920 -0.111903 -0.135473 -0.144272 -0.246671 -0.209623 -0.138102 -0.374093 0.072640 -0.152885 -0.093603 -0.491945 -0.311694 0.143336 0.184274 0.434677 -0.129155 0.336944 -0.149041 -0.315002 0.178192 -0.114413 -0.035320 -0.147217 -0.148928 0.001387 0.225131 0.319645 0.178296 0.174479 0.147082 0.285092 -0.114761 0.376144 -0.303432 -0.549137 -0.274182 0.070609 -0.046175 -0.015594 -0.021202
-0.273509 0.110673 1.000000 0.425306 0.576561 0.452053 0.395145 0.554520 0.262962 0.614149 0.312283 -0.055897 0.611571 0.487118 -0.299316 -0.082586 -0.365789 -0.482042 0.339429 -0.405360 -0.093931 -0.119320 -0.142162 -0.321305 0.148901 0.125518 -0.070685 -0.289100 -0.396183 -0.221630 -0.443939 -0.136574 -0.189933 -0.119316 -0.057666 0.367481 -0.229034 -0.037309 -0.289860 -0.052129 -0.213188 -0.130520 0.063951 0.190329 0.048814 0.324860 -0.067243 0.318092 0.440684 0.013538 0.164429 0.208849 -0.415483 -0.372089 -0.100620 -0.001373 -0.510850 -0.487738 -0.029643 0.267700 -0.020301 0.344866 -0.544180 -0.421202 0.292896 0.581879 0.327066 0.394552 -0.252547 -0.320280 -0.021391 -0.100137 -0.258848 -0.337283 -0.185175 -0.065604 -0.210635 -0.122117 -0.453101 -0.406724 -0.454490 -0.546521 -0.173528 -0.436564 -0.448516 -0.622495 -0.179943 -0.180275 -0.136742 0.024616 0.394387 0.321068 0.295870 0.469771 -0.018139 0.094473 -0.042331 -0.035551 -0.280513 -0.267204 0.315058 0.271785 0.126164 0.042972 -0.092510 -0.280874 0.034181 0.063274 0.021268 0.021244 0.260290 -0.110223 0.246561 0.023327 -0.079937 -0.001048
-0.090040 0.263754 0.425306 1.000000 0.410849 0.470903 0.032280 0.632378 0.450694 0.552967 -0.085525 0.307826 0.248925 0.512679 -0.134361 0.456448 -0.604197 -0.517735 0.276605 0.045405 0.216341 0.109154 0.424397 0.173977 0.014181 0.542189 0.078863 0.231909 -0.385312 -0.363923 -0.020866 0.394429 -0.502903 -0.072367 0.174499 0.412828 -0.388458 -0.043154 -0.235903 0.036408 -0.509880 -0.173656 -0.288795 -0.265438 -0.316907 0.053535 -0.544830 -0.165377 -0.009522 -0.248149 0.151387 -0.054827 -0.477424 -0.350237 -0.196926 -0.434428 -0.414888 -0.475595 -0.182970 0.022762 -0.138131 0.332297 -0.639468 -0.332748 0.501943 0.679891 -0.131065 0.171469 -0.255349 -0.240024 0.132296 -0.066751 -0.654311 -0.233727 -0.355411 -0.046542 -0.320732 -0.100732 -0.395196 -0.511143 -0.589861 -0.535342 -0.094045 -0.112302 -0.245767 -0.400063 0.011090 -0.282229 0.405100 0.353975 0.457838 0.377017 0.530845 0.323231 0.000367 -0.043426 -0.352617 -0.104285 -0.565270 -0.507459 -0.121702 -0.016082 0.105344 -0.190343 -0.079829 -0.067796 0.019005 0.059922 0.075356 0.043305 -0.131183 -0.503316 0.109212 -0.019362 0.047658 0.116114
-0.246442 -0.101945 0.576561 0.410849 1.000000 0.761092 0.151660 0.515708 0.395840 0.537572 0.070428 0.050818 0.318910 0.392072 -0.250777 0.125456 -0.461828 -0.361708 0.069651 -0.220075 0.230714 0.135172 0.011989 -0.312736 0.045610 0.208839 0.413477 -0.106095 -0.460566 -0.298027 -0.454251 -0.168234 -0.208309 0.017276 0.136762 0.420295 -0.033085 -0.009691 -0.046845 -0.154270 -0.377043 -0.183025 0.103962 0.195808 -0.152893 0.432110 -0.214499 0.107714 0.268754 0.007346 -0.090211 0.022886 -0.189788 -0.307813 -0.028501 -0.055911 -0.344239 -0.377572 -0.003121 0.234813 -0.069094 0.240301 -0.449772 -0.442322 0.243369 0.549311 0.126851 0.373833 -0.416446 -0.283073 -0.000065 -0.144983 -0.408767 -0.304337 -0.208471 -0.052071 -0.111819 -0.053804 -0.416583 -0.374300 -0.532742 -0.486271 -0.203808 -0.296611 -0.449841 -0.622980 0.077674 -0.257351 -0.064354 0.067645 0.229785 0.526403 0.250249 0.607058 0.110287 -0.238253 -0.445512 -0.142378 -0.446661 -0.102415 0.013102 0.074692 0.043155 0.107998 -0.129785 -0.350018 0.120957 0.409060 -0.056350 0.055548 0.166382 -0.081693 0.144388 0.019348 -0.172330 0.169886
-0.362251 -0.212810 0.452053 0.470903 0.761092 1.000000 -0.034513 0.490926 0.382861 0.524404 -0.031575 0.043583 0.079324 0.197555 -0.177050 0.146431 -0.487070 -0.330287 -0.129792 -0.142944 0.218051 0.186731 0.091454 -0.091286 0.097317 0.400693 0.409496 0.092755 -0.300520 -0.258581 -0.358631 -0.062241 -0.390721 -0.090040 0.119560 0.375616 0.047184 0.016146 0.021916 -0.138373 -0.427108 -0.181977 0.152783 0.145872 -0.035612 0.512337 -0.215265 0.091488 0.200807 0.208299 -0.048876 0.158547 -0.154896 -0.187810 0.077456 -0.062564 -0.374043 -0.390784 -0.200187 0.250220 -0.291285 0.030173 -0.402600 -0.490114 0.101587 0.429372 -0.032635 0.442813 -0.312986 -0.262056 0.167566 -0.112493 -0.381956 -0.256106 -0.276552 -0.128852 -0.189601 -0.056832 -0.324973 -0.285670 -0.385829 -0.378917 -0.016469 -0.179625 -0.271808 -0.346498 0.190834 -0.130707 0.018297 0.023852 0.129069 0.439143 0.247034 0.465573 0.106853 -0.353900 -0.508055 -0.230546 -0.377205 -0.288725 -0.068496 -0.111324 -0.152435 -0.143661 -0.163286 -0.333327 -0.007429 0.240618 -0.185955 0.032653 0.096979 -0.314069 0.125735 0.011637 -0.188010 0.049895
0.135620 0.245016 0.395145 0.032280 0.151660 -0.034513 1.000000 0.219896 0.012036 0.216142 0.168132 -0.004228 0.531685 0.294982 -0.141652 0.086067 -0.171707 -0.115792 0.373757 -0.187986 -0.368843 -0.209702 -0.200370 -0.258870 -0.183035 -0.137509 -0.166966 -0.326729 0.017313 0.117103 -0.106044 -0.049706 -0.049442 -0.040503 -0.172385 -0.001520 -0.313425 -0.044607 -0.379113 0.102207 -0.171940 -0.105007 -0.231113 -0.117173 -0.133841 -0.000017 -0.069979 -0.096363 0.156650 -0.291789 0.013253 0.049250 -0.121788 -0.123150 -0.099898 -0.113218 -0.327980 -0.339658 0.160941 0.079062 0.249252 0.336181 -0.025085 0.014078 0.348558 0.266363 0.346617 0.018294 -0.147591 -0.178749 -0.006395 0.004202 -0.053291 -0.217418 -0.258876 -0.029696 -0.209752 -0.027144 -0.251780 -0.011102 -0.210714 -0.173331 -0.041322 -0.009021 -0.199676 -0.213789 -0.246447 0.095203 -0.171931 0.159075 0.304760 0.174983 0.080444 0.208901 -0.327083 0.371286 -0.061576 0.025606 0.007207 -0.102276 0.078938 0.374995 0.208415 0.090259 0.008860 -0.217950 -0.105008 -0.168132 -0.066668 0.045616 -0.099409 -0.158778 0.108592 -0.079866 -0.166924 -0.132019
-0.456422 0.207850 0.554520 0.632378 0.515708 0.490926 0.219896 1.000000 0.194359 0.856904 0.010448 0.371777 0.321966 0.466749 -0.473417 0.166822 -0.497487 -0.448509 0.084260 -0.299194 -0.215085 -0.220022 -0.186200 -0.116705 0.026884 0.467778 -0.177699 -0.231419 -0.320911 -0.074249 -0.134129 0.253863 -0.424900 -0.042910 -0.084333 0.155374 -0.213684 0.047748 -0.272892 -0.061768 -0.372205 0.078711 -0.244365 -0.017534 -0.308784 0.236917 -0.337345 0.053838 -0.081046 -0.235972 -0.106165 -0.020477 -0.330732 -0.307715 -0.206328 -0.237917 -0.650527 -0.642775 -0.277406 0.002422 -0.125048 0.360315 -0.364153 -0.297338 0.215771 0.613598 -0.053061 0.263704 -0.455297 -0.525376 0.207716 -0.041968 -0.334369 -0.159845 -0.283250 0.099631 -0.118271 0.080022 -0.316274 -0.289681 -0.589563 -0.430075 -0.222578 -0.187914 -0.471123 -0.474372 -0.277343 -0.513464 -0.138783 0.160483 0.616549 0.410584 0.579859 0.543462 -0.029826 0.083998 -0.356379 -0.142007 -0.237871 -0.246385 0.138798 0.204922 0.269381 0.048923 -0.014363 -0.158747 -0.024449 0.218978 0.006238 0.165800 0.097826 -0.225974 0.353646 0.072352 0.007275 0.211643
0.022731 -0.064439 0.262962 0.450694 0.395840 0.382861 0.012036 0.194359 1.000000 0.236450 0.043118 0.110406 -0.106937 0.030357 0.361057 0.107509 -0.228873 -0.381579 0.111246 0.210345 0.359528 0.147133 0.594106 0.130114 0.210028 0.284713 0.366675 0.296771 -0.074209 -0.335949 0.034954 0.165896 -0.219290 -0.008553 0.282616 0.106165 0.004302 0.117483 0.111541 -0.014168 -0.299974 -0.245405 -0.095447 -0.225298 -0.172000 0.024361 -0.267404 -0.165634 -0.046156 0.082706 -0.055369 -0.097613 -0.133794 0.034546 0.000204 -0.214516 -0.244761 -0.083459 -0.188708 0.041625 -0.426803 -0.114222 -0.606442 -0.442542 0.280081 0.226326 -0.021451 0.042307 -0.090947 0.006453 0.051287 -0.044119 -0.314916 0.043293 -0.077978 0.016646 -0.174499 -0.236767 -0.407235 -0.505018 -0.241475 -0.468352 0.296258 -0.114262 0.269984 -0.198183 0.326225 -0.055544 0.436768 0.033793 0.039107 0.336913 0.036962 0.226639 -0.060616 -0.294739 -0.105766 -0.094536 -0.234491 -0.205541 -0.179868 -0.108123 -0.159809 -0.084052 -0.042676 -0.125535 -0.046448 -0.077118 -0.000205 -0.050509 -0.056340 -0.240836 -0.174702 -0.114144 0.093673 -0.043494
-0.333537 0.370928 0.614149 0.552967 0.537572 0.524404 0.216142 0.856904 0.236450 1.000000 0.184633 0.359435 0.453743 0.553007 -0.363254 0.160013 -0.426236 -0.452199 0.285520 -0.310698 -0.267892 -0.230817 -0.210027 -0.293838 0.005970 0.358112 -0.223498 -0.320306 -0.393607 -0.120654 -0.304751 0.007905 -0.443717 -0.059124 -0.153692 0.187829 -0.193883 -0.033085 -0.319245 -0.124941 -0.335519 0.039101 -0.257683 -0.067797 -0.238988 0.172602 -0.259907 0.084332 0.056280 -0.111448 -0.009501 0.186199 -0.341695 -0.278833 -0.204815 -0.254894 -0.605292 -0.542950 -0.116163 0.190024 -0.002334 0.451629 -0.431792 -0.211173 0.310386 0.649138 -0.010573 0.176534 -0.311439 -0.396354 0.173279 -0.095417 -0.296222 -0.214071 -0.236622 0.071717 -0.189176 -0.068472 -0.442361 -0.341903 -0.568420 -0.420088 -0.290654 -0.276942 -0.426689 -0.504041 -0.372731 -0.547780 -0.122170 0.059854 0.600714 0.392271 0.568201 0.523861 -0.059387 0.132504 -0.323723 -0.029283 -0.221973 -0.226898 0.174142 0.195282 0.289552 0.020924 0.000922 -0.159611 -0.037148 0.096618 0.025292 0.027003 0.005740 -0.179991 0.395679 0.027808 -0.015377 0.140688
-0.079290 0.027978 0.312283 -0.085525 0.070428 -0.031575 0.168132 0.010448 0.043118 0.184633 1.000000 0.093298 0.464104 0.317973 0.313078 -0.289335 0.396767 -0.325030 0.169585 -0.231276 -0.211528 -0.251404 -0.121371 -0.318491 -0.007740 -0.275572 -0.028698 -0.298180 -0.074320 -0.294198 -0.364809 -0.295385 0.077598 0.160070 -0.000460 0.159455 -0.050350 -0.170752 -0.310203 -0.383593 0.013376 -0.251939 0.175073 0.189458 0.303496 0.289813 0.098744 0.250933 0.421418 0.279706 0.287118 0.352454 -0.093216 0.068891 -0.326203 0.002159 -0.122676 0.005466 0.098536 0.323468 -0.043750 0.217674 -0.135738 -0.012141 0.159307 0.230883 0.398188 0.374982 0.120251 -0.021436 -0.459459 -0.129200 0.130726 -0.178664 -0.095135 -0.096987 -0.130543 -0.180587 -0.269648 -0.273711 0.050814 -0.225155 -0.007592 -0.357349 0.203681 -0.303993 0.046858 -0.241179 -0.115952 -0.430089 0.029605 -0.072453 -0.242919 0.124706 -0.010632 0.049188 -0.044912 0.138272 -0.114423 -0.218738 0.272942 -0.016782 -0.061473 0.059699 -0.179276 -0.104359 -0.060362 -0.075975 -0.111895 -0.179684 -0.001324 -0.065414 0.083174 0.067938 0.037057 -0.248099
0.036796 0.388207 -0.055897 0.307826 0.050818 0.043583 -0.004228 0.371777 0.110406 0.359435 0.093298 1.000000 0.088701 0.262143 0.021554 0.382090 -0.155691 0.018553 0.089057 0.124520 -0.096642 -0.181087 -0.076375 0.141895 -0.315210 0.182165 -0.059306 0.006683 0.062511 -0.077652 0.108866 0.339717 -0.174375 0.061476 0.180774 -0.133578 0.011084 -0.027127 -0.107627 -0.099035 0.123674 0.239248 -0.478693 -0.482577 -0.457199 -0.191016 -0.460799 -0.489549 -0.160465 -0.319967 -0.228881 -0.127624 -0.076018 -0.131921 -0.084770 -0.493867 -0.405362 -0.255778 -0.111749 -0.163498 -0.033969 0.124101 -0.055988 -0.030130 0.138868 0.253122 -0.219898 -0.110830 -0.202938 -0.356858 0.142959 -0.022210 -0.156719 0.093969 -0.129362 0.281865 -0.049515 0.120965 -0.077420 -0.152422 -0.204397 -0.295892 0.048891 0.308136 0.071669 0.075093 -0.009566 -0.258909 0.138245 0.101061 0.355189 0.210210 0.378516 0.166715 -0.065526 0.185299 -0.340155 -0.017509 -0.129019 -0.302285 -0.044033 -0.050411 0.152546 0.143812 -0.020488 0.116469 -0.169483 0.016855 0.037105 0.031291 -0.215819 -0.269709 0.250256 0.160809 0.028394 0.149100
-0.044161 0.407000 0.611571 0.248925 0.318910 0.079324 0.531685 0.321966 -0.106937 0.453743 0.464104 0.088701 1.000000 0.763033 -0.147666 0.211842 -0.206800 -0.290897 0.434552 -0.465020 -0.277693 -0.065399 -0.307490 -0.504452 -0.180725 -0.192639 -0.177036 -0.451537 -0.289830 -0.083702 -0.457727 -0.204821 -0.156608 -0.042296 -0.202778 0.428098 -0.382624 -0.265172 -0.478707 -0.026683 -0.199732 -0.262451 -0.096312 0.098387 -0.090885 0.188746 -0.027578 0.095658 0.522871 -0.183167 0.209970 0.387717 -0.342429 -0.369733 -0.080120 -0.171406 -0.403695 -0.472599 0.328647 0.360508 0.448627 0.678399 -0.259132 -0.018024 0.411744 0.632502 0.407485 0.169086 -0.230613 -0.326737 -0.281423 -0.144940 -0.165225 -0.375284 -0.296503 -0.203990 -0.281546 -0.147673 -0.325537 -0.235963 -0.328546 -0.375914 -0.328026 -0.308900 -0.429454 -0.601261 -0.317769 -0.172958 -0.140268 0.184314 0.395801 0.211598 0.201625 0.245563 -0.192581 0.314509 -0.076408 0.056572 -0.389993 -0.225901 0.186218 0.260537 0.241936 0.045139 0.089892 -0.146338 0.125586 0.036435 0.207763 -0.279413 -0.102575 -0.190445 0.312426 0.096059 -0.171148 -0.102279
0.041281 0.508574 0.487118 0.512679 0.392072 0.197555 0.294982 0.466749 0.030357 0.553007 0.317973 0.262143 0.763033 1.000000 -0.193841 0.370045 -0.344964 -0.357197 0.460475 -0.259153 -0.192555 -0.158893 -0.116420 -0.426430 -0.324145 -0.092007 -0.072955 -0.300985 -0.529961 -0.327252 -0.438314 -0.086627 -0.271519 0.112140 -0.180026 0.638899 -0.437960 -0.277959 -0.563473 -0.171722 -0.380399 -0.340866 -0.339305 -0.119964 -0.340288 0.141258 -0.400563 -0.159324 0.417715 -0.353439 0.219312 0.320172 -0.350677 -0.457545 -0.178310 -0.368650 -0.346615 -0.478971 0.301634 0.324030 0.413027 0.753028 -0.373455 -0.051457 0.602313 0.801517 0.243062 0.178326 -0.260965 -0.222904 -0.220961 -0.331702 -0.386532 -0.446944 -0.444000 -0.085178 -0.240576 -0.180859 -0.366144 -0.424372 -0.485164 -0.451586 -0.413462 -0.286888 -0.455109 -0.710689 -0.216632 -0.314943 0.117652 0.270641 0.632299 0.433108 0.392975 0.339171 -0.021802 0.073729 -0.331516 0.092929 -0.514372 -0.204365 0.157704 0.188054 0.264201 0.074606 0.023473 -0.036487 0.294490 0.226401 0.283649 -0.219898 -0.158062 -0.280886 0.237215 0.196025 -0.035225 0.101122
0.251191 -0.126332 -0.299316 -0.134361 -0.250777 -0.177050 -0.141652 -0.473417 0.361057 -0.363254 0.313078 0.021554 -0.147666 -0.193841 1.000000 0.106396 0.306515 0.042512 -0.135512 0.224358 0.316980 0.298529 0.463730 0.134547 -0.054156 -0.196403 0.340942 0.490516 0.317063 -0.225018 -0.002026 -0.074645 0.055121 -0.086537 0.191209 -0.074182 0.173360 -0.114137 0.189910 -0.012460 -0.017403 -0.286873 0.065060 -0.149277 0.132414 -0.135681 0.136035 -0.175567 -0.004172 0.215944 0.187515 0.111781 0.218499 0.427189 0.021025 -0.132129 0.333707 0.391283 -0.020200 0.029110 -0.234205 -0.238205 -0.038243 0.052194 0.047687 -0.190247 -0.021258 -0.192227 0.380914 0.439718 -0.286825 -0.091176 -0.057251 0.085049 0.008186 -0.235159 -0.134998 -0.360863 0.015533 -0.076699 0.328984 0.034295 0.556143 0.006857 0.777032 0.234349 0.585488 0.134873 0.565002 0.053707 -0.375612 -0.159101 -0.452069 -0.361818 0.044544 -0.136932 0.221469 0.156960 0.031990 -0.088084 -0.286493 -0.299136 -0.300041 -0.115097 -0.179606 0.120221 -0.251858 -0.352734 -0.092508 -0.089458 -0.229745 -0.149980 -0.276534 -0.181679 0.141161 -0.287589
0.220816 0.362129 -0.082586 0.456448 0.125456 0.146431 0.086067 0.166822 0.107509 0.160013 -0.289335 0.382090 0.211842 0.370045 0.106396 1.000000 -0.357912 0.064863 0.216666 -0.003127 0.163372 0.306722 0.164672 0.077823 -0.471196 0.112962 0.206680 0.249622 -0.060629 0.036439 -0.044571 0.249710 -0.355742 -0.071806 -0.078536 0.197508 -0.075284 0.020855 -0.032463 0.223522 -0.144599 0.040896 -0.463452 -0.403407 -0.507691 -0.276776 -0.463050 -0.464075 -0.113196 -0.458365 -0.118043 -0.106300 -0.016255 -0.223203 0.104460 -0.342766 -0.103931 -0.216978 -0.030995 -0.145592 0.187170 0.267056 -0.156288 0.000796 0.388814 0.300915 -0.284615 -0.335346 -0.096331 -0.007505 0.169513 0.001256 -0.370525 -0.142692 -0.258764 -0.060489 -0.166036 -0.037367 0.074938 -0.070296 -0.146894 -0.089160 0.049021 0.411693 -0.132936 -0.039139 0.166050 0.053577 0.351316 0.523205 0.341934 0.362625 0.248744 -0.034163 -0.004378 -0.008161 -0.345773 0.007117 -0.294089 -0.312392 -0.358791 -0.166191 -0.088249 -0.034581 -0.002449 0.021485 -0.026616 -0.029918 0.122848 -0.005502 -0.291880 -0.446502 0.159998 0.111875 -0.184484 0.078242
0.106714 -0.024867 -0.365789 -0.604197 -0.461828 -0.487070 -0.171707 -0.497487 -0.228873 -0.426236 0.396767 -0.155691 -0.206800 -0.344964 0.306515 -0.357912 1.000000 0.407586 -0.080136 0.305487 -0.233301 -0.249290 -0.131185 0.074133 -0.107966 -0.458494 -0.098903 -0.248657 0.470224 0.222179 0.026739 -0.294986 0.437215 0.358189 -0.141729 -0.392793 0.300351 0.044605 0.036070 -0.285340 0.385934 0.117232 0.108477 0.000307 0.388657 -0.229848 0.269627 0.044444 -0.197376 0.268210 -0.072886 -0.052784 0.227560 0.215126 -0.095932 0.358207 0.409858 0.535737 -0.099405 -0.142774 -0.124412 -0.199629 0.422542 0.268806 -0.193315 -0.469137 -0.014663 -0.191648 0.388512 0.268207 -0.247839 -0.091843 0.642400 0.289174 0.385281 0.130484 0.259091 0.029494 0.361880 0.307433 0.700906 0.522248 0.085823 0.162561 0.476534 0.425567 -0.036608 0.037823 -0.147092 -0.394314 -0.339768 -0.466900 -0.494809 -0.304717 -0.057482 -0.000021 0.106784 0.003474 0.299170 0.194656 0.095217 -0.098288 -0.103022 0.117663 -0.020567 0.041942 0.136468 -0.029521 0.014276 -0.075700 -0.133630 0.210131 -0.169949 -0.019448 0.021277 -0.227124
0.112025 0.020126 -0.482042 -0.517735 -0.361708 -0.330287 -0.115792 -0.448509 -0.381579 -0.452199 -0.325030 0.018553 -0.290897 -0.357197 0.042512 0.064863 0.407586 1.000000 -0.197875 0.391735 -0.093067 -0.040845 -0.255097 0.235291 -0.289681 -0.268836 -0.135371 -0.057380 0.486698 0.660685 0.066867 -0.077984 0.349545 0.179727 -0.213039 -0.323153 0.203298 0.031654 0.120394 0.095497 0.471620 0.301259 -0.042937 -0.185664 0.035182 -0.381658 0.113943 -0.261711 -0.304741 -0.083332 -0.420345 -0.244148 0.214573 0.139753 0.302866 0.177087 0.384195 0.331968 -0.047831 -0.260753 0.079665 -0.224972 0.584379 0.319199 -0.313704 -0.502394 -0.267321 -0.480210 0.142637 0.153761 0.143550 -0.001218 0.414736 0.229957 0.288364 0.029832 0.225194 0.155659 0.702029 0.585137 0.675008 0.692915 0.097767 0.549956 0.186743 0.519507 -0.028472 0.319906 -0.058943 0.069183 -0.216157 -0.294691 -0.225587 -0.373670 -0.073606 0.144306 0.074539 -0.063745 0.241478 0.220633 -0.202083 -0.046357 -0.104165 0.147972 -0.001326 0.017911 -0.007816 -0.079505 0.021450 0.050237 -0.202650 0.154157 -0.140760 -0.056087 -0.120509 -0.160836
0.457320 0.618558 0.339429 0.276605 0.069651 -0.129792 0.373757 0.084260 0.111246 0.285520 0.169585 0.089057 0.434552 0.460475 -0.135512 0.216666 -0.080136 -0.197875 1.000000 0.106167 -0.290729 -0.301937 0.085836 -0.244129 -0.091182 0.014946 -0.380733 -0.315534 -0.232751 -0.153886 -0.029307 -0.064153 0.024719 0.141818 -0.051195 0.102500 -0.386322 -0.110185 -0.405283 -0.112151 -0.102065 -0.002378 -0.460142 -0.454011 -0.093099 -0.442095 -0.370148 -0.177614 0.219984 -0.220862 0.080102 0.119398 -0.376740 -0.337642 -0.332284 -0.136203 -0.182189 -0.093931 0.322153 0.069591 0.393754 0.466473 -0.234488 0.175179 0.553272 0.336484 0.175274 -0.228344 0.043310 -0.002249 -0.004796 -0.029975 -0.037523 -0.059129 0.009416 0.107587 -0.086092 -0.098680 -0.431040 -0.440041 -0.309577 -0.291171 -0.421271 -0.134623 -0.292251 -0.279215 -0.389598 -0.282169 0.081736 0.059080 0.445294 0.134137 0.302222 0.113331 -0.098729 0.258549 -0.144615 0.196100 -0.172403 -0.113754 0.129458 0.301171 0.254130 0.150832 0.223704 0.035947 0.190689 -0.054914 0.278824 -0.182905 -0.278838 -0.113065 0.118600 0.066680 0.081983 0.092505
0.397416 0.206896 -0.405360 0.045405 -0.220075 -0.142944 -0.187986 -0.299194 0.210345 -0.310698 -0.231276 0.124520 -0.465020 -0.259153 0.224358 -0.003127 0.305487 0.391735 0.106167 1.000000 0.065478 -0.096880 0.434124 0.463056 -0.145314 0.016223 -0.039865 0.128098 0.427486 0.082690 0.276495 0.077351 0.286936 0.300345 0.096385 -0.260053 0.047768 0.018526 -0.008675 -0.067783 -0.002706 0.102475 -0.142178 -0.510074 0.007181 -0.561212 -0.084928 -0.432814 -0.357790 0.021592 -0.299155 -0.300133 -0.132118 0.119310 -0.140721 -0.057514 0.287857 0.414975 -0.190326 -0.350317 -0.261401 -0.270961 0.012373 0.065719 0.023923 -0.308208 -0.364831 -0.460694 0.189622 0.224281 0.241403 -0.069208 0.176308 0.398744 0.316311 0.228014 0.200289 0.045362 0.135105 0.056325 0.290231 0.269462 0.128085 0.302285 0.423971 0.397476 0.005016 0.063600 0.439463 0.010363 -0.233974 -0.278727 -0.008416 -0.183026 -0.030254 -0.013331 -0.072703 -0.116885 -0.118110 0.019754 -0.237681 0.032710 0.148565 0.144692 0.119862 0.196389 0.110285 -0.061805 0.243165 0.000944 -0.463807 -0.071687 -0.294709 -0.113654 0.207949 -0.077105
-0.047149 -0.430881 -0.093931 0.216341 0.230714 0.218051 -0.368843 -0.215085 0.359528 -0.267892 -0.211528 -0.096642 -0.277693 -0.192555 0.316980 0.163372 -0.233301 -0.093067 -0.290729 0.065478 1.000000 0.619215 0.571883 0.220167 0.177645 0.176755 0.657214 0.670918 -0.103687 -0.348748 0.180076 0.218300 -0.107765 -0.113886 0.576120 0.289774 0.317725 0.021047 0.365235 0.078363 -0.062886 -0.215429 0.140131 0.056727 -0.074507 0.194022 -0.116334 -0.116473 -0.052111 0.056364 0.195968 -0.150653 -0.051458 -0.035378 0.249682 -0.258548 0.161399 0.059632 -0.076753 -0.039669 -0.244908 -0.289612 -0.308696 -0.377281 0.000004 0.024886 -0.073179 0.150492 0.046436 0.195504 -0.015136 0.097356 -0.315259 -0.102379 0.060533 -0.172494 -0.022908 -0.084483 0.001611 -0.245767 -0.018737 -0.219232 0.335018 0.034158 0.300335 0.064078 0.618902 0.356264 0.427558 0.155287 -0.401919 0.080027 -0.197469 -0.053132 0.263848 -0.367579 0.043424 -0.039413 -0.327444 -0.160711 -0.247398 -0.378947 -0.394912 -0.196771 -0.287298 -0.044312 -0.259360 -0.086579 -0.240519 0.121161 0.158288 -0.164325 -0.394365 -0.045364 -0.076656 -0.088625
-0.081947 -0.348204 -0.119320 0.109154 0.135172 0.186731 -0.209702 -0.220022 0.147133 -0.230817 -0.251404 -0.181087 -0.065399 -0.158893 0.298529 0.306722 -0.249290 -0.040845 -0.301937 -0.096880 0.619215 1.000000 0.386837 0.166364 0.044334 0.095615 0.479199 0.529637 0.081273 -0.095909 -0.015092 0.108565 -0.252715 -0.413127 0.248674 0.215196 0.106725 0.015801 0.310811 0.379583 -0.083032 -0.295287 0.333640 0.281617 0.061545 0.234962 0.273642 0.063861 -0.005103 0.148000 0.121577 0.112460 0.150220 0.116954 0.236944 -0.118587 0.145546 0.065697 -0.009451 0.081607 -0.090414 -0.174095 -0.212100 -0.178460 -0.203170 -0.097054 -0.088767 -0.011689 0.019176 0.173404 -0.039236 0.275758 -0.337090 -0.310858 -0.246223 -0.509455 -0.181808 -0.107845 0.060382 0.087989 0.058849 0.043109 0.397144 0.142682 0.213441 0.067163 0.346536 0.379760 0.243834 0.332574 -0.438786 0.011661 -0.233403 -0.212553 0.044052 -0.009011 0.086807 0.008034 -0.228423 -0.196061 -0.317527 -0.236353 -0.349909 -0.307422 -0.104012 -0.077562 -0.365547 -0.277166 -0.203407 0.081257 0.251816 -0.130894 -0.239231 -0.154771 -0.284964 -0.195614
0.254773 -0.117532 -0.142162 0.424397 0.011989 0.091454 -0.200370 -0.186200 0.594106 -0.210027 -0.121371 -0.076375 -0.307490 -0.116420 0.463730 0.164672 -0.131185 -0.255097 0.085836 0.434124 0.571883 0.386837 1.000000 0.440869 0.261530 0.326085 0.333747 0.596595 0.081968 -0.402419 0.350007 0.332065 -0.124745 -0.032682 0.429693 0.127504 0.014692 -0.001046 0.159346 0.065054 -0.188020 -0.297968 -0.081942 -0.341005 -0.028206 -0.206919 -0.222897 -0.298789 -0.130325 0.064672 0.259052 -0.044348 -0.076558 0.102833 -0.113767 -0.323729 0.132668 0.120649 -0.109259 -0.178170 -0.294219 -0.226777 -0.422427 -0.195030 0.267480 0.039713 -0.185395 -0.146974 0.196489 0.254515 0.055849 0.089481 -0.275723 0.075266 0.031424 -0.030483 -0.133403 -0.209628 -0.260560 -0.318945 -0.135731 -0.235109 0.300062 -0.041171 0.448425 0.069343 0.389605 0.053272 0.742021 0.191472 -0.218812 0.006503 -0.068329 -0.138536 0.034259 -0.204527 -0.038269 -0.044361 -0.283382 -0.179419 -0.459676 -0.177891 -0.195015 -0.163458 -0.152281 0.064205 -0.083690 -0.232694 0.001972 0.039040 -0.198723 -0.368370 -0.381339 -0.162809 0.078634 -0.183567
-0.091997 -0.181194 -0.321305 0.173977 -0.312736 -0.091286 -0.258870 -0.116705 0.130114 -0.293838 -0.318491 0.141895 -0.504452 -0.426430 0.134547 0.077823 0.074133 0.235291 -0.244129 0.463056 0.220167 0.166364 0.440869 1.000000 0.058420 0.376092 -0.042354 0.361093 0.493890 0.212250 0.595360 0.618011 -0.252852 -0.169776 0.245469 -0.156726 0.160961 0.306508 0.205889 0.162789 0.225256 0.266808 -0.053295 -0.276558 -0.109999 -0.245826 -0.081706 -0.195569 -0.447596 -0.149536 -0.174122 -0.369397 -0.025451 0.072417 0.026750 -0.109336 -0.069412 -0.061496 -0.468387 -0.518995 -0.365966 -0.525797 0.015554 -0.165218 -0.038855 -0.274286 -0.488301 -0.278200 -0.066207 -0.119977 0.420076 0.393474 0.016076 0.320867 0.199517 0.223607 0.208439 0.319767 0.304513 0.314229 0.216186 0.151962 0.353550 0.477757 0.326545 0.419367 0.092498 0.160224 0.310545 0.234040 -0.101648 -0.167170 -0.010799 -0.185073 -0.264248 -0.018021 -0.118260 -0.426748 -0.039942 -0.224170 -0.162306 -0.180109 -0.100507 -0.171504 -0.108421 -0.129043 -0.230917 -0.124742 -0.243895 0.208258 -0.093637 -0.174317 -0.121070 -0.094396 -0.042583 -0.110015
-0.229851 -0.281089 0.148901 0.014181 0.045610 0.097317 -0.183035 0.026884 0.210028 0.005970 -0.007740 -0.315210 -0.180725 -0.324145 -0.054156 -0.471196 -0.107966 -0.289681 -0.091182 -0.145314 0.177645 0.044334 0.261530 0.058420 1.000000 0.521496 -0.118625 0.244422 -0.149687 -0.175957 0.233844 0.161565 0.026896 0.050499 0.209427 -0.049405 -0.071809 -0.027718 0.071565 0.020666 -0.081770 -0.089864 0.247386 0.223573 0.373759 0.184046 0.213688 0.389880 0.089553 0.359338 0.260965 0.182246 -0.248448 0.142576 -0.203318 0.035468 -0.012671 0.036120 0.022074 -0.017190 -0.124542 -0.140531 -0.107567 -0.036864 -0.147420 -0.040028 0.176954 0.261248 0.083531 -0.071072 -0.006546 0.139886 -0.021283 0.170810 0.211651 -0.011418 -0.096634 -0.057868 -0.139780 -0.215327 -0.212949 -0.184883 -0.080947 -0.456753 0.046177 0.021557 -0.108858 -0.156532 -0.097619 -0.264422 -0.251024 -0.248249 -0.001063 0.044038 -0.002317 -0.105669 0.305352 -0.124010 0.101120 0.027655 -0.007666 -0.002280 -0.068983 -0.056536 0.038211 0.071997 -0.038213 -0.067112 -0.111958 -0.089508 0.153127 0.047464 -0.032253 -0.147743 0.193025 -0.101430
-0.296643 -0.041456 0.125518 0.542189 0.208839 0.400693 -0.137509 0.467778 0.284713 0.358112 -0.275572 0.182165 -0.192639 -0.092007 -0.196403 0.112962 -0.458494 -0.268836 0.014946 0.016223 0.176755 0.095615 0.326085 0.376092 0.521496 1.000000 -0.113506 0.394327 -0.124215 -0.032706 0.390967 0.600834 -0.393942 -0.000146 0.360846 0.049335 -0.195086 0.087181 -0.148002 0.013855 -0.244637 0.039602 -0.242052 -0.222536 -0.072288 0.013551 -0.330302 -0.057790 -0.230462 -0.049280 0.028065 0.009997 -0.344203 -0.170103 -0.171853 -0.303435 -0.308870 -0.355999 -0.277488 -0.198204 -0.157756 0.018373 -0.241928 -0.091598 0.101419 0.319465 -0.183892 0.103409 -0.237730 -0.281734 0.310950 0.178328 -0.301139 0.118186 -0.006447 -0.005440 -0.092478 0.166275 -0.202454 -0.274513 -0.409221 -0.290140 -0.064887 -0.027639 -0.086191 0.043050 -0.124101 -0.214393 0.119246 0.144474 0.105325 -0.002689 0.412591 0.171714 -0.056947 -0.037021 -0.176231 -0.275464 -0.217078 -0.378862 -0.168153 -0.149646 -0.012384 -0.169756 0.024475 -0.016447 -0.158552 -0.061275 -0.178660 0.197392 -0.055486 -0.376198 0.128639 -0.091043 0.093104 0.084520
0.015271 -0.486227 -0.070685 0.078863 0.413477 0.409496 -0.166966 -0.177699 0.366675 -0.223498 -0.028698 -0.059306 -0.177036 -0.072955 0.340942 0.206680 -0.098903 -0.135371 -0.380733 -0.039865 0.657214 0.479199 0.333747 -0.042354 -0.118625 -0.113506 1.000000 0.484808 -0.200971 -0.410902 -0.220700 -0.163899 -0.062453 -0.106403 0.288811 0.214952 0.245667 -0.019226 0.442806 0.021156 -0.166707 -0.343941 0.191952 0.166186 -0.154709 0.388123 -0.112305 -0.089385 0.088697 0.101458 0.091494 -0.030462 0.322231 0.014894 0.385885 0.043862 0.112213 0.044683 -0.069228 0.209450 -0.263233 -0.208429 -0.180198 -0.321584 -0.054137 0.038217 0.025298 0.336936 -0.001979 0.115078 -0.288637 -0.250602 -0.354613 -0.227788 -0.190950 -0.225139 -0.181901 -0.231465 -0.104560 -0.188682 0.000480 -0.123426 0.308394 -0.009472 0.215652 -0.064563 0.765642 0.331765 0.277095 0.123780 -0.341702 0.321689 -0.340752 0.115283 0.193983 -0.448057 -0.188879 0.079010 -0.213601 -0.019207 -0.294292 -0.397579 -0.407618 -0.180578 -0.212473 -0.101477 -0.001688 0.207750 -0.182519 0.013765 0.206105 -0.110880 -0.257419 0.123743 -0.089710 0.092495
0.025990 -0.318974 -0.289100 0.231909 -0.106095 0.092755 -0.326729 -0.231419 0.296771 -0.320306 -0.298180 0.006683 -0.451537 -0.300985 0.490516 0.249622 -0.248657 -0.057380 -0.315534 0.128098 0.670918 0.529637 0.596595 0.361093 0.244422 0.394327 0.484808 1.000000 -0.057813 -0.301662 0.261199 0.362931 -0.194258 -0.201394 0.425280 0.087650 0.078989 -0.066048 0.306769 0.221155 -0.114401 -0.207494 -0.072070 -0.165245 -0.087933 0.035313 -0.173394 -0.247076 -0.210119 0.005999 0.263415 -0.048639 0.078150 0.162616 0.187498 -0.300758 0.247020 0.179137 -0.132333 -0.080726 -0.228815 -0.293027 -0.109222 -0.068847 -0.040862 -0.052061 -0.150293 0.056153 0.204349 0.340921 -0.013951 -0.006189 -0.464050 -0.084554 -0.139350 -0.304737 -0.243327 -0.215312 0.104909 -0.167073 0.007834 -0.041305 0.497794 0.124046 0.436870 0.328249 0.605645 0.322828 0.587416 0.281757 -0.311963 -0.041939 -0.162216 -0.204703 0.232217 -0.243776 0.205321 0.111729 -0.038798 -0.226420 -0.354197 -0.426136 -0.379334 -0.258124 -0.199217 0.234710 -0.249163 -0.203623 -0.232644 0.227042 0.052721 -0.275691 -0.245446 -0.157335 0.127819 -0.031108
-0.031423 -0.087325 -0.396183 -0.385312 -0.460566 -0.300520 0.017313 -0.320911 -0.074209 -0.393607 -0.074320 0.062511 -0.289830 -0.529961 0.317063 -0.060629 0.470224 0.486698 -0.232751 0.427486 -0.103687 0.081273 0.081968 0.493890 -0.149687 -0.124215 -0.200971 -0.057813 1.000000 0.580079 0.403900 0.245092 0.128099 -0.023949 -0.017209 -0.514824 0.407108 0.267538 0.133205 0.170410 0.416797 0.358072 0.052822 -0.202738 0.069710 -0.362751 0.297314 -0.205556 -0.409749 0.048608 -0.428465 -0.259180 0.168515 0.253812 -0.045521 -0.011291 0.070397 0.183653 -0.383386 -0.499098 -0.322520 -0.514698 0.240237 -0.039663 -0.280588 -0.524454 -0.342832 -0.538144 0.015683 -0.069723 0.328636 0.358381 0.550501 0.540589 0.349720 0.236013 0.378426 0.389456 0.428406 0.559469 0.627112 0.392866 0.535450 0.558308 0.530417 0.578659 0.039251 0.204360 -0.014833 -0.072580 -0.335371 -0.312932 -0.209305 -0.380011 -0.282055 0.204977 0.129650 -0.345514 0.202252 -0.012313 -0.210918 -0.009124 -0.013483 0.097704 0.077353 -0.142120 -0.322452 -0.366079 0.020921 0.191228 -0.210326 -0.036789 -0.070615 -0.142446 -0.126624 -0.379978
-0.205480 0.047592 -0.221630 -0.363923 -0.298027 -0.258581 0.117103 -0.074249 -0.335949 -0.120654 -0.294198 -0.077652 -0.083702 -0.327252 -0.225018 0.036439 0.222179 0.660685 -0.153886 0.082690 -0.348748 -0.095909 -0.402419 0.212250 -0.175957 -0.032706 -0.410902 -0.301662 0.580079 1.000000 0.165898 0.143859 0.099475 0.040113 -0.357528 -0.408879 0.111758 0.246275 -0.065811 0.281211 0.433123 0.481678 -0.029854 -0.007703 -0.032260 -0.264668 0.219513 -0.030402 -0.401394 -0.127091 -0.531272 -0.295160 0.120496 0.040357 0.065951 0.149628 0.072274 -0.008071 -0.259299 -0.305016 0.027898 -0.107799 0.412401 0.244579 -0.300876 -0.334874 -0.296816 -0.456896 -0.187560 -0.150009 0.342969 0.285793 0.442100 0.326307 0.229780 0.106944 0.257477 0.428721 0.616403 0.693246 0.539711 0.589799 0.141583 0.565837 -0.049686 0.339386 -0.288521 0.186019 -0.409868 0.011505 -0.025705 -0.212757 -0.036598 -0.273176 -0.354127 0.273859 0.136140 -0.298081 0.243156 0.051764 -0.117719 0.077339 0.044830 0.079643 0.138547 -0.214436 -0.098240 -0.199422 0.033745 0.162370 -0.088857 0.137096 0.098910 -0.171408 -0.226866 -0.228714
0.077713 -0.065586 -0.443939 -0.020866 -0.454251 -0.358631 -0.106044 -0.134129 0.034954 -0.304751 -0.364809 0.108866 -0.457727 -0.438314 -0.002026 -0.044571 0.026739 0.066867 -0.029307 0.276495 0.180076 -0.015092 0.350007 0.595360 0.233844 0.390967 -0.220700 0.261199 0.403900 0.165898 1.000000 0.754459 -0.013160 -0.011469 0.422255 -0.284620 0.113513 0.167617 0.097227 0.146503 0.184167 0.242413 -0.323080 -0.394711 -0.178447 -0.335019 -0.167071 -0.311396 -0.499489 -0.274749 -0.103191 -0.341563 -0.158196 -0.128124 -0.110185 -0.351044 -0.007293 -0.060821 -0.223099 -0.530465 -0.087078 -0.356641 0.142511 0.026692 0.045607 -0.237433 -0.197513 -0.289780 -0.056618 -0.124803 0.385937 0.464481 0.197588 0.414333 0.232536 0.317795 0.275935 0.382361 0.062264 0.131259 0.053636 0.004078 0.125623 0.323223 0.227536 0.433150 -0.092727 0.067157 0.118045 0.043946 -0.100626 -0.202529 0.068724 -0.144093 -0.107609 0.070011 0.130283 -0.184117 0.063233 -0.004842 -0.074914 0.007673 0.098323 -0.060875 0.091992 0.161009 -0.231673 -0.185249 -0.112463 0.181960 -0.100617 -0.156592 -0.130656 -0.122560 0.098543 0.092117
-0.189893 -0.019978 -0.136574 0.394429 -0.168234 -0.062241 -0.049706 0.253863 0.165896 0.007905 -0.295385 0.339717 -0.204821 -0.086627 -0.074645 0.249710 -0.294986 -0.077984 -0.064153 0.077351 0.218300 0.108565 0.332065 0.618011 0.161565 0.600834 -0.163899 0.362931 0.245092 0.143859 0.754459 1.000000 -0.374692 -0.046263 0.390885 0.067460 -0.054414 0.172772 -0.105662 0.168460 0.041419 0.194099 -0.408889 -0.383337 -0.411387 -0.086976 -0.385680 -0.334976 -0.487535 -0.456536 -0.127543 -0.383759 -0.335900 -0.319529 -0.193687 -0.597813 -0.314894 -0.412766 -0.406499 -0.469628 -0.164762 -0.142606 -0.113752 -0.172658 0.225208 0.178274 -0.272281 -0.110723 -0.366017 -0.359438 0.432376 0.463115 -0.162164 0.179271 -0.091139 0.188890 0.091054 0.445363 0.085694 0.019475 -0.125445 -0.201800 0.247071 0.401611 0.063829 0.155935 -0.018271 -0.015960 0.165185 0.201681 0.200978 0.116825 0.315691 0.088660 -0.170794 0.038613 -0.074102 -0.352266 -0.218607 -0.361185 -0.127447 -0.003717 0.029212 -0.070118 -0.016345 -0.060674 -0.255634 -0.094209 -0.087984 0.333677 0.017980 -0.438842 0.096267 -0.135114 -0.049847 0.032530
0.412560 0.090147 -0.189933 -0.502903 -0.208309 -0.390721 -0.049442 -0.424900 -0.219290 -0.443717 0.077598 -0.174375 -0.156608 -0.271519 0.055121 -0.355742 0.437215 0.349545 0.024719 0.286936 -0.107765 -0.252715 -0.124745 -0.252852 0.026896 -0.393942 -0.062453 -0.194258 0.128099 0.099475 -0.013160 -0.374692 1.000000 0.363278 0.044342 -0.373210 0.048519 -0.220182 0.033973 -0.107810 0.321321 -0.014451 0.162953 0.081879 0.402286 -0.263950 0.275121 0.069774 0.071967 0.329820 -0.227904 -0.138167 0.083586 0.231148 -0.091182 0.272024 0.522834 0.598369 0.160335 -0.014067 0.105874 -0.033550 0.311861 0.381183 -0.253515 -0.376944 0.186502 -0.143517 0.325087 0.262935 -0.234061 -0.234096 0.493943 0.210405 0.281796 0.073662 0.155077 -0.109239 0.162914 0.050831 0.342244 0.276429 -0.177679 -0.107400 0.128161 0.199891 -0.044538 0.104786 -0.132465 -0.372257 -0.398603 -0.471602 -0.304019 -0.308273 0.086939 -0.061512 0.349119 0.118356 0.140911 0.273384 -0.088585 0.136380 0.064103 0.262440 0.056149 0.293798 0.183297 -0.037638 0.243683 -0.242115 -0.164404 0.249592 -0.240750 -0.044900 0.125343 -0.051015
0.251426 0.239765 -0.119316 -0.072367 0.017276 -0.090040 -0.040503 -0.042910 -0.008553 -0.059124 0.160070 0.061476 -0.042296 0.112140 -0.086537 -0.071806 0.358189 0.179727 0.141818 0.300345 -0.113886 -0.413127 -0.032682 -0.169776 0.050499 -0.000146 -0.106403 -0.201394 -0.023949 0.040113 -0.011469 -0.046263 0.363278 1.000000 -0.022408 -0.032355 -0.070993 -0.139491 -0.380065 -0.467746 0.002834 0.021591 -0.189520 -0.145675 0.140725 -0.138068 -0.272885 -0.155482 -0.057054 0.013361 -0.149205 -0.148615 -0.212769 -0.151288 -0.362288 -0.003258 0.268644 0.228163 0.018833 -0.170675 0.042052 0.263537 0.177365 0.182315 0.273551 0.127471 0.030691 -0.011389 0.087138 0.054047 -0.142314 -0.301152 0.187341 0.158842 0.192011 0.189437 0.099766 0.042155 0.103164 -0.145318 0.208766 0.102168 -0.252494 0.106559 0.057705 0.040556 -0.200424 -0.083162 -0.077954 -0.441412 0.083381 -0.113483 -0.043143 -0.049732 0.061064 -0.175912 -0.216607 -0.148055 -0.014724 0.006954 0.021234 -0.145727 -0.036261 0.094584 -0.101373 0.002830 0.341301 0.183164 0.159252 -0.077690 -0.281924 -0.086932 -0.083814 0.058846 0.000124 -0.116646
0.015810 -0.215365 -0.057666 0.174499 0.136762 0.119560 -0.172385 -0.084333 0.282616 -0.153692 -0.000460 0.180774 -0.202778 -0.180026 0.191209 -0.078536 -0.141729 -0.213039 -0.051195 0.096385 0.576120 0.248674 0.429693 0.245469 0.209427 0.360846 0.288811 0.425280 -0.017209 -0.357528 0.422255 0.390885 0.044342 -0.022408 1.000000 0.083782 0.053495 -0.081656 -0.002434 -0.298595 -0.099673 -0.249940 -0.048524 -0.171553 0.026380 0.112789 -0.230719 -0.188167 -0.044044 0.020828 0.108685 -0.192180 -0.211642 -0.175828 -0.065017 -0.364359 -0.049976 -0.027397 -0.009878 -0.100347 -0.101831 -0.157270 -0.204681 -0.217971 0.158659 0.154926 0.158309 0.225175 -0.109720 -0.026071 0.020507 0.144492 -0.096878 0.053887 0.069019 0.063378 0.059210 0.141419 -0.265433 -0.389487 -0.224335 -0.416498 0.047204 0.033841 0.226097 0.096789 0.287095 0.072962 0.278584 -0.086664 -0.329527 -0.128184 0.019104 0.108651 0.158228 -0.232646 -0.126255 -0.121004 -0.399869 -0.280475 -0.048563 -0.270678 -0.131346 -0.016867 -0.189480 0.032675 -0.207554 0.019271 -0.289453 0.142139 0.009436 -0.279058 -0.324784 -0.237814 0.031417 -0.003786
-0.113084 -0.023546 0.367481 0.412828 0.420295 0.375616 -0.001520 0.155374 0.106165 0.187829 0.159455 -0.133578 0.428098 0.638899 -0.074182 0.197508 -0.392793 -0.323153 0.102500 -0.260053 0.289774 0.215196 0.127504 -0.156726 -0.049405 0.049335 0.214952 0.087650 -0.514824 -0.408879 -0.284620 0.067460 -0.373210 -0.032355 0.083782 1.000000 -0.273756 -0.234560 -0.291962 -0.163462 -0.415191 -0.476630 -0.001232 0.102814 -0.179425 0.491151 -0.265931 -0.017465 0.383663 -0.203520 0.374296 0.231362 -0.344702 -0.451624 0.016774 -0.288961 -0.189637 -0.447026 0.175418 0.343073 0.214508 0.346704 -0.356955 -0.291275 0.487214 0.603976 0.256215 0.410390 -0.293274 -0.083084 -0.119963 -0.097708 -0.429246 -0.537300 -0.388204 -0.290497 -0.139403 -0.089009 -0.231908 -0.311172 -0.356256 -0.427331 -0.171195 -0.279395 -0.338583 -0.621306 0.076979 0.032615 0.206673 0.274163 0.298209 0.410988 0.136188 0.354030 0.087822 -0.228397 -0.266019 -0.101854 -0.634358 -0.251355 0.135818 0.089221 -0.117385 -0.146814 -0.114126 -0.221007 0.251549 0.311453 0.069516 -0.109332 0.065172 -0.297892 0.076887 0.065461 -0.115967 0.012190
