1.000000 0.361377 0.027665 0.082818 0.050391 -0.170707 0.255113 0.008885 -0.000259 -0.034745 0.002656 -0.097368 0.129472 -0.071785 -0.038399 -0.092038 0.284964 0.100959 0.328128 0.270912 -0.157251 -0.168702 -0.232833 -0.202704 -0.344659 -0.378195 -0.187505 -0.249693 0.223145 0.095900 -0.033405 -0.019906 0.081218 0.115827 -0.177843 -0.292910 0.169421 -0.019855 -0.124787 -0.200855 0.026717 -0.206417 -0.188396 -0.232619 -0.127477 -0.241612 -0.092709 -0.232356 -0.238143 -0.284534 -0.371299 -0.295316 0.030859 -0.306317 -0.012994 -0.143164 0.222758 0.195702 0.563977 0.146254 0.581371 0.215247 0.469038 0.270127 0.229816 -0.121858 0.103927 -0.189851 0.194995 -0.116833 -0.031047 -0.115918 0.219208 0.007545 0.049825 0.081679 0.350894 0.189063 0.223310 0.016764 0.118914 -0.047581 0.103792 0.155420 0.068597 -0.040286 0.012580 0.255620 -0.089581 0.057708 -0.131389 0.007709 -0.055786 -0.092414 0.084977 0.136847 -0.305814 -0.131555 -0.223799 -0.137352 0.087562 -0.052605 0.144877 0.077950 -0.021432 -0.224376 0.006689 0.076577 -0.002924 -0.036759 -0.306922 -0.072834 0.116984 0.252181 -0.078348 0.083539
0.361377 1.000000 -0.430342 -0.133959 -0.064640 -0.111330 -0.282490 -0.117966 -0.105861 -0.066195 0.188380 0.485664 0.067627 0.168770 -0.090830 0.252618 0.213675 0.198030 -0.116912 0.228407 -0.120466 -0.116629 -0.460824 -0.316868 -0.303161 -0.273417 -0.151875 -0.056094 0.192706 0.283974 -0.158139 -0.145057 0.001476 -0.119022 -0.431784 -0.316604 0.075769 0.190932 -0.137367 -0.080338 0.309108 0.072899 0.029240 0.004348 -0.152741 -0.144098 -0.006707 -0.092962 -0.068193 -0.063671 -0.271613 -0.052473 0.103274 -0.109876 0.037948 0.048149 0.208498 0.337090 0.217971 0.111242 0.409357 0.422890 0.386464 0.448744 -0.258348 0.311928 -0.263827 -0.245811 -0.222710 -0.265305 -0.182519 -0.113943 0.243155 0.197197 0.329617 0.153178 0.030348 0.043261 0.082825 0.177150 0.029180 0.083974 0.063331 0.136572 0.108999 0.117533 0.048002 -0.019506 -0.307188 0.077394 -0.208556 -0.259478 -0.165093 -0.170369 0.082033 0.041452 -0.100053 -0.333773 -0.000281 -0.125091 0.097810 0.028025 -0.231291 0.054479 0.000127 -0.180100 -0.171927 -0.123326 -0.290805 0.042220 -0.256313 0.025185 0.023029 0.457729 0.203685 0.167673
0.027665 -0.430342 1.000000 0.217332 0.191976 0.006642 0.635559 0.422142 0.123681 0.117323 -0.042268 -0.118715 0.116868 -0.000805 0.307093 0.096189 -0.262927 -0.372601 0.587582 -0.137018 0.130868 -0.174446 0.754054 0.286561 0.262302 0.129619 0.133196 0.069282 -0.205388 -0.442803 0.124824 0.126170 -0.232863 0.028544 0.462152 0.321948 -0.284117 -0.396577 -0.148268 -0.143922 -0.289597 -0.260189 -0.146297 -0.224842 0.097334 0.431321 -0.283517 -0.111988 0.138163 0.062802 0.246644 -0.029046 -0.058268 -0.123921 -0.191030 -0.265247 -0.366136 -0.427640 -0.127519 0.045030 -0.207357 -0.169242 -0.266764 -0.436914 0.599950 0.096037 0.313275 0.505844 -0.006052 0.285273 -0.102853 -0.239010 -0.311694 -0.381940 -0.353824 -0.382887 -0.384691 -0.398224 -0.286156 -0.484488 -0.386686 -0.492025 0.168383 -0.151631 0.301368 -0.017265 0.218169 0.046536 0.448409 -0.101999 0.077889 0.178496 0.045705 0.335369 -0.228193 -0.026236 -0.270982 0.053951 -0.343479 -0.194746 0.035236 -0.026531 0.139997 -0.006101 0.154598 0.160488 0.298048 0.088154 0.069818 -0.044468 0.109737 -0.394472 -0.250482 0.001933 0.031161 -0.009736
0.082818 -0.133959 0.217332 1.000000 -0.301087 -0.033301 -0.015081 0.295276 -0.204748 -0.282485 -0.078156 -0.233371 -0.205358 -0.400407 -0.085859 -0.284805 -0.203955 -0.296095 0.189345 0.323234 0.047954 0.096547 0.244870 0.535013 0.309922 0.227847 -0.032539 0.064512 -0.338235 -0.473349 -0.233571 0.047954 -0.074409 0.068080 0.236708 0.067033 0.050474 0.140854 0.022646 -0.008433 0.018300 0.040290 -0.356333 -0.315234 -0.413846 -0.201127 -0.282150 -0.360898 -0.187111 -0.227835 -0.043421 -0.057592 0.052297 -0.129432 0.176723 -0.429755 0.125108 0.036465 0.206484 0.268909 -0.007789 -0.243797 -0.180485 -0.372487 0.268586 0.050883 0.387771 0.311886 0.372643 0.380252 -0.108064 -0.191259 -0.412237 -0.208443 -0.166423 -0.283363 0.061915 -0.032695 -0.126562 -0.189245 -0.111316 -0.161888 -0.015676 0.429544 0.260417 0.397153 0.142094 0.584604 0.250216 0.305913 0.140813 0.107102 0.328972 0.140235 0.095696 0.205700 -0.439816 0.061767 -0.230755 -0.099922 -0.095887 0.126418 0.251974 0.229216 0.005199 0.242773 0.072683 0.091140 0.127870 -0.059333 -0.069682 -0.062439 -0.208138 -0.004774 0.090142 0.054318
0.050391 -0.064640 0.191976 -0.301087 1.000000 0.511390 0.257157 -0.059661 0.578496 0.387841 -0.399308 -0.145016 0.340722 0.195069 0.384880 0.156484 0.145438 0.129557 -0.022645 0.014067 0.267895 0.033943 0.065465 -0.155208 -0.001572 -0.035299 0.529295 0.181782 0.082664 0.005319 0.265176 0.120200 0.004719 0.375570 0.029698 0.210285 -0.174873 -0.290387 -0.232085 -0.256240 -0.074226 -0.153108 -0.340867 -0.481691 -0.229319 -0.098455 -0.414904 -0.416127 -0.034329 -0.317241 -0.007263 -0.309354 0.154998 -0.170505 -0.345689 -0.443250 -0.373613 -0.185221 0.107630 0.142600 0.220977 0.130309 0.272512 0.145698 0.083781 -0.159279 0.125319 0.051528 0.014957 -0.063014 0.449688 0.252774 0.186907 0.099853 -0.001067 0.079453 0.154889 0.019353 0.048612 -0.008218 0.029055 -0.014379 -0.059344 -0.030822 -0.254463 -0.244523 -0.229038 -0.443882 0.215191 -0.063103 0.188464 0.339782 0.176077 0.238939 -0.013597 -0.208957 -0.352196 -0.159097 -0.401727 -0.374335 0.228165 -0.139982 0.135613 -0.154779 -0.038905 -0.069647 -0.149607 -0.126133 -0.210870 -0.196367 0.004693 -0.174858 -0.030012 -0.111041 0.096280 -0.079992
-0.170707 -0.111330 0.006642 -0.033301 0.511390 1.000000 -0.301542 -0.090284 0.567896 0.446906 -0.212592 0.015230 -0.085599 -0.053422 0.289225 0.150784 -0.274175 -0.154050 -0.324957 -0.109180 0.348346 0.268424 0.112146 0.197756 0.427473 0.455929 0.603696 0.651166 -0.281372 -0.316727 -0.133372 -0.026703 -0.119568 0.021574 0.237646 0.354903 -0.141847 0.120832 0.093605 0.028832 0.115179 0.163657 -0.238161 -0.216712 -0.305941 -0.096698 -0.252100 -0.287269 0.029268 -0.141953 0.187640 -0.018202 -0.138869 -0.204050 -0.099714 -0.247216 -0.249631 -0.333322 0.024956 0.124597 0.080437 0.156330 -0.101945 -0.003241 -0.064079 0.169035 0.042978 0.198648 -0.030504 -0.147463 0.174812 0.141839 -0.150997 0.140817 0.032222 0.001955 0.003395 -0.151340 -0.232434 -0.175366 -0.171806 -0.147932 -0.344096 -0.037285 -0.236142 -0.024429 -0.279223 -0.328421 0.291805 0.274348 0.125230 0.160650 0.305640 0.214303 -0.207890 -0.307157 -0.151389 -0.192114 -0.273775 -0.282942 0.052057 -0.150223 0.093511 0.060465 -0.035715 0.120191 -0.348465 -0.238772 -0.317064 -0.327463 0.103688 0.049381 -0.014987 -0.105567 0.247170 0.034710
0.255113 -0.282490 0.635559 -0.015081 0.257157 -0.301542 1.000000 0.572355 -0.035421 0.136081 -0.234951 -0.195095 0.313602 0.205448 0.018467 0.002982 0.071273 -0.082371 0.567562 0.092885 -0.046058 -0.280094 0.283691 -0.100627 -0.251920 -0.205035 -0.162953 -0.424251 0.159054 -0.001603 0.518214 0.397873 0.132404 0.389181 0.162149 0.118199 -0.221161 -0.455477 -0.253205 -0.079225 -0.343568 -0.273597 -0.141049 -0.238504 0.138771 0.265111 -0.231907 -0.096138 -0.157668 -0.144652 -0.112283 -0.328977 0.016388 -0.176841 -0.426748 -0.265983 -0.251050 -0.229880 0.031667 0.083004 -0.033619 -0.076706 0.052256 -0.172372 0.445023 -0.043399 0.384620 0.316696 0.118165 0.229650 0.099804 0.086437 0.039822 -0.232755 -0.278204 -0.095383 -0.004629 -0.020641 0.034271 -0.297280 -0.110707 -0.295487 0.196976 -0.196030 0.006392 -0.272495 0.176975 -0.060308 0.047922 -0.328300 -0.002834 0.122520 -0.119772 0.027780 -0.088550 0.198327 -0.261100 0.135635 -0.337960 -0.190225 0.077824 0.127602 0.297938 0.185377 0.320580 0.051553 0.398801 0.263369 0.104923 -0.003156 0.026638 -0.349385 -0.203752 -0.038560 -0.114389 -0.084947
0.008885 -0.117966 0.422142 0.295276 -0.059661 -0.090284 0.572355 1.000000 -0.205255 0.285196 -0.013591 0.174589 0.066859 0.234351 -0.171145 0.193076 -0.456902 -0.500981 0.406163 0.171913 0.019184 -0.180149 0.154970 -0.040021 -0.026848 0.061462 -0.127496 -0.228936 -0.181823 -0.240960 0.179707 0.182609 -0.088161 0.084253 0.132791 0.271796 -0.293132 -0.242587 -0.070111 0.114754 -0.192916 -0.138903 -0.154854 -0.219028 -0.005324 0.353812 -0.318321 -0.127807 -0.136743 -0.100178 -0.032988 0.016076 -0.033921 -0.054490 -0.367580 -0.277036 -0.118429 -0.377741 -0.142207 0.264039 -0.254745 0.067483 -0.369230 -0.380681 0.229037 0.501083 0.218798 0.564404 -0.093473 0.220958 0.001593 0.128471 -0.290804 -0.188074 -0.225470 -0.301209 -0.105322 -0.106689 -0.180271 -0.550810 -0.481303 -0.613750 -0.033862 -0.284202 0.037980 0.005461 0.074924 -0.102656 0.183487 -0.156656 0.264398 0.201584 0.224375 0.192950 -0.069893 0.220554 -0.260469 0.073836 -0.284993 -0.078355 0.207666 0.257162 0.476976 0.311155 0.372574 0.395727 0.381840 0.282203 -0.035745 -0.118385 0.120864 -0.265296 -0.273085 -0.105843 0.161129 0.018940
-0.000259 -0.105861 0.123681 -0.204748 0.578496 0.567896 -0.035421 -0.205255 1.000000 0.641457 -0.186053 -0.066896 0.029859 0.115621 0.464638 0.108872 0.014195 0.102633 -0.102292 -0.157446 0.060294 -0.049340 -0.004730 -0.078697 0.134403 -0.003170 0.116967 0.246497 -0.043974 0.021529 -0.042678 -0.031213 0.176726 0.193612 -0.089517 0.157242 -0.051568 -0.004617 -0.067481 -0.394372 0.093093 -0.052040 -0.339678 -0.345984 -0.190549 -0.158254 -0.294365 -0.354975 0.040419 -0.075994 0.183254 -0.091322 -0.154026 -0.273312 -0.185999 -0.280259 -0.186343 -0.176244 -0.021020 -0.055269 0.225588 0.128439 0.098013 0.053550 0.126094 -0.006794 0.117409 0.018422 0.107893 -0.103103 0.368487 0.366239 0.129464 0.292273 0.111159 0.150013 0.224575 -0.073281 -0.025956 0.073661 -0.024109 -0.090678 -0.257994 -0.117157 -0.227803 -0.154870 -0.473554 -0.425864 0.346159 0.281888 -0.001868 0.144533 0.169910 0.203753 -0.126355 -0.481839 -0.239455 -0.215436 -0.300226 -0.325997 0.005306 -0.304568 0.015220 -0.127766 -0.222138 -0.040916 -0.361890 -0.328360 -0.188932 -0.370637 -0.087404 0.037369 0.104697 -0.099275 0.195695 -0.062936
-0.034745 -0.066195 0.117323 -0.282485 0.387841 0.446906 0.136081 0.285196 0.641457 1.000000 -0.159693 0.050183 -0.107050 0.140235 0.022860 0.116605 -0.272896 -0.075950 0.074909 0.009051 -0.120251 -0.335416 -0.001773 -0.256343 0.018597 -0.114703 -0.124352 -0.047526 -0.071173 0.099093 0.109605 -0.051516 0.095337 0.113802 -0.047942 0.280353 -0.223062 -0.203400 -0.180020 -0.264657 0.003638 -0.054442 -0.198331 -0.306832 0.025974 0.219293 -0.281742 -0.283720 0.010005 -0.034588 0.116547 0.062809 -0.152887 -0.130638 -0.423992 -0.259333 -0.034047 -0.248826 -0.223674 0.049176 -0.095144 0.270088 -0.139667 0.025486 -0.017396 0.339754 -0.013806 0.252947 0.008450 -0.158599 0.321765 0.404132 0.140644 0.404851 0.229878 0.006639 0.253093 0.021863 0.003533 -0.208023 -0.254874 -0.401566 -0.465874 -0.389683 -0.248622 -0.279960 -0.617479 -0.464836 0.269407 -0.055693 0.266170 0.271399 0.270918 0.287134 -0.249115 -0.308564 -0.204873 -0.176457 -0.178584 -0.131779 0.245241 -0.105066 0.316017 0.016909 0.070258 0.243506 -0.038830 -0.117258 -0.358905 -0.367930 -0.015537 -0.018090 0.072727 -0.160290 0.223297 0.199859
0.002656 0.188380 -0.042268 -0.078156 -0.399308 -0.212592 -0.234951 -0.013591 -0.186053 -0.159693 1.000000 0.507397 0.288364 0.354223 0.280342 0.426590 -0.044829 0.000373 0.042652 -0.241302 -0.168045 -0.247590 0.000904 -0.228710 -0.068741 -0.184566 -0.134391 0.086029 0.153756 0.094160 -0.243710 -0.409399 -0.142825 -0.414407 -0.107811 -0.138606 0.054227 0.002609 0.212636 -0.081756 -0.000927 -0.189631 0.330919 0.315970 0.255259 0.130610 0.172322 0.281401 0.187974 0.373533 0.078464 0.205842 -0.263540 0.098856 0.352752 0.378574 0.100067 -0.031549 -0.267129 -0.351197 0.028277 -0.032531 -0.186786 -0.020523 0.058403 0.103135 -0.252325 -0.169166 -0.375345 0.041829 -0.418522 -0.193294 -0.009033 -0.258600 -0.089790 -0.081000 -0.205431 -0.142848 0.018117 0.057923 -0.149677 -0.023542 0.359451 -0.076910 0.225173 0.351489 0.227858 0.116955 -0.112823 -0.014247 -0.216249 -0.301649 -0.180014 -0.131990 -0.147940 -0.116036 0.179668 -0.193758 0.033749 0.054118 0.193405 0.026999 -0.025255 -0.156916 -0.117826 -0.078611 -0.086003 -0.056366 0.032843 0.119635 -0.093626 -0.204458 -0.177648 0.239404 0.047265 -0.007677
-0.097368 0.485664 -0.118715 -0.233371 -0.145016 0.015230 -0.195095 0.174589 -0.066896 0.050183 0.507397 1.000000 0.109160 0.388401 0.109594 0.617802 -0.264243 -0.152882 -0.135984 -0.071681 -0.000379 0.037296 -0.139033 -0.185991 0.024926 0.143434 -0.017885 0.260137 0.058739 0.159466 -0.141451 -0.154985 -0.019926 -0.255282 -0.076458 0.051707 -0.016827 0.019219 0.076636 -0.022349 0.105949 0.073165 0.154988 0.210765 0.165876 0.281031 0.022346 0.101580 0.049627 0.200284 -0.003179 0.148398 -0.234582 -0.137413 0.130380 0.238947 -0.046360 -0.195289 -0.317940 -0.173358 -0.073444 0.070533 -0.208569 -0.067769 -0.149837 0.527471 -0.223223 0.065505 -0.489775 -0.221329 -0.341535 0.076786 0.017308 0.060365 0.158381 0.109120 -0.205419 -0.210671 -0.036985 0.025025 -0.310348 -0.145701 0.078453 -0.211300 0.083232 0.274184 0.083209 -0.230593 -0.181003 -0.123661 -0.262871 -0.340420 -0.103533 -0.123786 -0.082919 -0.160412 0.152023 -0.343598 -0.027277 -0.134127 0.199870 -0.095347 -0.160228 -0.047359 0.066502 -0.037940 -0.096455 -0.245026 -0.195127 -0.131688 -0.064226 -0.176488 -0.183080 0.393321 0.336296 0.038670
0.129472 0.067627 0.116868 -0.205358 0.340722 -0.085599 0.313602 0.066859 0.029859 -0.107050 0.288364 0.109160 1.000000 0.667463 0.466614 0.393415 0.305540 0.189282 0.002761 -0.179400 0.070211 -0.133150 -0.078913 -0.548044 -0.360064 -0.411349 0.215065 -0.050618 0.383618 0.200060 0.323982 -0.005184 0.036344 0.189218 -0.210776 -0.174176 -0.123576 -0.316904 0.011761 -0.137730 -0.260204 -0.401519 -0.082744 -0.195261 0.020676 -0.118501 -0.203286 -0.167618 0.079919 -0.038747 -0.040647 -0.232906 0.096908 -0.145085 0.002074 -0.108229 -0.318085 -0.193287 0.194366 -0.034670 0.464680 0.160322 0.304465 0.189023 0.402246 -0.176419 0.068286 -0.236941 -0.193881 -0.000056 -0.042836 0.110449 0.272139 -0.346149 -0.333518 0.061817 -0.086615 -0.021581 0.019217 0.031769 -0.040752 -0.037960 0.444673 -0.006653 0.028954 0.078277 0.269291 -0.095193 0.124749 -0.009822 -0.170219 -0.046981 -0.201987 -0.119517 0.028480 -0.172069 -0.168063 -0.167205 -0.352444 -0.278411 0.268248 0.052935 0.154102 -0.118306 -0.051472 -0.122316 0.042261 0.068090 0.060456 -0.014267 -0.161811 -0.316679 -0.214408 0.132507 -0.131945 -0.111858
-0.071785 0.168770 -0.000805 -0.400407 0.195069 -0.053422 0.205448 0.234351 0.115621 0.140235 0.354223 0.388401 0.667463 1.000000 0.294735 0.447356 0.100311 0.133079 -0.083365 -0.286520 0.052127 -0.128775 -0.270939 -0.571834 -0.306523 -0.329105 0.039025 -0.058679 0.269573 0.319935 0.171912 -0.088810 0.100264 0.016962 -0.397612 -0.145939 0.023484 -0.039913 0.207433 -0.020916 -0.113183 -0.119957 -0.016369 -0.035790 0.160188 -0.044570 -0.110971 -0.028073 0.148644 0.086331 -0.029150 -0.038759 -0.036933 -0.052863 0.052287 0.188993 -0.313047 -0.286623 -0.098048 -0.068290 0.171813 0.300475 0.097714 0.170699 0.098653 0.104697 -0.121858 -0.203572 -0.406700 -0.217575 0.013638 0.276584 0.257638 -0.056855 -0.072513 0.209485 -0.085683 -0.158710 -0.059613 -0.040493 -0.122898 -0.148961 0.171290 -0.389205 -0.157180 0.026121 0.017976 -0.302956 -0.015160 -0.024665 -0.106852 -0.093716 -0.237473 -0.053943 -0.010593 -0.183852 -0.000371 -0.180673 -0.162244 -0.180296 0.137826 -0.000160 0.126272 -0.149870 -0.010956 -0.092334 -0.075485 0.021158 0.023614 -0.058583 -0.299025 -0.318652 -0.098635 0.038407 0.043340 -0.132511
-0.038399 -0.090830 0.307093 -0.085859 0.384880 0.289225 0.018467 -0.171145 0.464638 0.022860 0.280342 0.109594 0.466614 0.294735 1.000000 0.556910 0.254320 0.121539 0.135881 -0.375482 0.078831 -0.037396 0.226686 -0.232118 0.035744 -0.058653 0.291166 0.312211 0.366285 -0.004929 0.029566 -0.023874 -0.112669 -0.063720 -0.113991 -0.151005 -0.064535 -0.201098 0.092044 -0.233401 -0.002579 -0.245462 -0.188372 -0.238894 -0.148716 -0.116131 -0.309803 -0.249089 -0.031422 -0.052749 0.091200 -0.256708 -0.285693 -0.332006 -0.024629 -0.156500 -0.302524 -0.346798 -0.104651 -0.287874 0.254720 -0.090707 0.053719 -0.147458 0.564973 -0.116724 0.082632 -0.092965 -0.132050 0.002962 0.011833 -0.013819 0.150661 -0.187068 -0.157253 0.090942 -0.139725 -0.146374 0.044906 -0.004329 0.040028 0.075150 0.587917 0.219705 0.319643 0.254104 0.256254 -0.262745 0.439417 0.326309 -0.324958 -0.176217 -0.179004 0.024833 -0.068292 -0.264031 -0.136160 -0.189460 -0.510201 -0.486841 0.103344 -0.203871 -0.149435 -0.374868 -0.173856 -0.114811 -0.278000 -0.260351 -0.076389 -0.104090 -0.122435 -0.407019 -0.287705 0.136214 0.066144 -0.071768
-0.092038 0.252618 0.096189 -0.284805 0.156484 0.150784 0.002982 0.193076 0.108872 0.116605 0.426590 0.617802 0.393415 0.447356 0.556910 1.000000 0.024972 -0.057738 -0.081953 -0.264502 -0.041968 -0.037836 0.014371 -0.359935 -0.074458 0.033062 0.163793 0.274660 0.303610 0.125702 -0.017598 -0.030815 -0.174307 -0.208408 -0.023914 0.049649 -0.116762 -0.194456 0.066861 0.108706 0.077269 -0.151608 -0.022911 -0.086042 -0.016758 0.193636 -0.242874 -0.079968 -0.016881 -0.036933 0.047270 -0.095219 -0.268404 -0.242392 -0.167470 -0.042728 -0.276286 -0.452380 -0.187939 -0.224019 0.127273 0.202951 0.017189 -0.021890 0.269934 0.405315 -0.156887 0.018096 -0.387925 -0.043956 -0.189571 -0.046047 0.124209 -0.188110 -0.027315 0.037372 -0.321529 -0.184238 -0.077113 -0.156282 -0.150171 -0.120904 0.388303 -0.097923 0.280180 0.234876 0.199194 -0.484947 0.169432 0.154622 -0.218832 -0.241472 -0.123859 -0.036034 -0.094631 -0.193237 0.015436 -0.227718 -0.393684 -0.315892 0.295044 0.093464 -0.164251 -0.105434 0.041653 0.086776 0.024065 -0.159372 -0.306940 -0.254907 -0.003571 -0.323076 -0.329629 0.258915 0.254046 0.234429
0.284964 0.213675 -0.262927 -0.203955 0.145438 -0.274175 0.071273 -0.456902 0.014195 -0.272896 -0.044829 -0.264243 0.305540 0.100311 0.254320 0.024972 1.000000 0.751211 -0.033561 0.034926 -0.246884 -0.135011 -0.344497 -0.366457 -0.465027 -0.516939 -0.158232 -0.310470 0.732628 0.563432 0.235949 0.123573 0.360632 0.264969 -0.439318 -0.500044 0.268116 -0.016808 -0.072964 -0.013423 0.107400 -0.109535 -0.099731 -0.135746 -0.136486 -0.434520 -0.010566 -0.198396 -0.314692 -0.304725 -0.459896 -0.566986 0.006560 -0.256954 0.024666 0.003387 0.074014 0.235419 0.271460 -0.259129 0.466755 -0.112611 0.737881 0.401636 0.109976 -0.513753 -0.003521 -0.537901 0.188868 -0.054305 0.074425 -0.161224 0.645768 -0.028313 0.097340 0.342997 0.268367 0.387941 0.522040 0.498962 0.795406 0.701182 0.451133 0.492025 0.069973 -0.030879 0.222692 0.025354 -0.385800 0.083798 -0.450216 -0.313678 -0.389207 -0.380409 0.090218 0.167266 -0.033896 0.087277 -0.160887 -0.120432 -0.081695 -0.010424 -0.197590 -0.167699 0.085128 -0.286993 -0.129000 0.106306 -0.022929 0.089707 -0.322960 -0.189311 0.041185 0.125723 -0.163617 0.009959
0.100959 0.198030 -0.372601 -0.296095 0.129557 -0.154050 -0.082371 -0.500981 0.102633 -0.075950 0.000373 -0.152882 0.189282 0.133079 0.121539 -0.057738 0.751211 1.000000 -0.142983 0.047705 -0.243977 -0.058625 -0.327032 -0.315568 -0.374049 -0.436066 -0.164735 -0.203899 0.659759 0.674680 0.240039 0.037819 0.394831 0.232414 -0.441602 -0.419812 0.360326 0.148579 -0.000605 -0.068778 0.159728 0.108236 -0.059898 0.006440 -0.005674 -0.307666 0.075314 -0.138731 -0.297575 -0.179101 -0.383839 -0.438168 -0.074892 -0.234183 0.065971 0.095818 -0.080948 0.250415 -0.045641 -0.404191 0.264420 -0.079328 0.574926 0.499255 -0.090735 -0.410896 -0.174819 -0.561488 0.104101 -0.168012 0.178749 0.055707 0.673835 0.220850 0.260853 0.444068 0.334924 0.379047 0.441175 0.624239 0.664965 0.729996 0.144249 0.302472 -0.092879 -0.130086 -0.079243 -0.061575 -0.391503 -0.041571 -0.312927 -0.184094 -0.234851 -0.226559 -0.007870 -0.070585 0.061803 -0.102691 0.023043 -0.179667 -0.156834 -0.095899 -0.154090 -0.205062 -0.069785 -0.373969 -0.238111 0.018660 -0.098937 -0.006102 -0.418356 0.017600 0.171925 0.169848 -0.056523 0.087475
0.328128 -0.116912 0.587582 0.189345 -0.022645 -0.324957 0.567562 0.406163 -0.102292 0.074909 0.042652 -0.135984 0.002761 -0.083365 0.135881 -0.081953 -0.033561 -0.142983 1.000000 0.264902 -0.065232 -0.424706 0.385520 -0.037488 -0.142151 -0.222638 -0.340888 -0.432228 0.128800 -0.070549 0.268188 0.246191 -0.084773 0.111491 -0.020737 -0.173510 -0.125569 -0.355596 -0.249813 -0.217579 -0.090632 -0.219584 -0.096172 -0.164823 0.075791 0.297073 -0.173845 -0.098271 -0.229761 -0.044206 -0.166017 -0.213414 -0.095043 -0.189499 -0.296662 -0.176165 0.048187 -0.006564 -0.127053 -0.090740 -0.157538 -0.156708 -0.112342 -0.254990 0.508974 0.070839 0.132231 0.215492 0.061127 0.140119 0.023922 -0.042208 0.013528 -0.077775 -0.056280 -0.120433 0.027808 -0.047182 0.102530 -0.163319 -0.201261 -0.298743 0.343361 0.033220 0.364091 -0.095455 0.159149 0.143536 0.159891 -0.228572 0.037556 0.086667 0.002011 0.192481 -0.190396 0.177293 -0.237907 0.054474 -0.238675 -0.086932 -0.000829 0.017234 0.192346 0.057314 0.100329 0.088478 0.251285 0.239104 0.071393 0.128474 -0.054371 -0.223073 -0.080460 0.084321 0.001919 -0.033695
0.270912 0.228407 -0.137018 0.323234 0.014067 -0.109180 0.092885 0.171913 -0.157446 0.009051 -0.241302 -0.071681 -0.179400 -0.286520 -0.375482 -0.264502 0.034926 0.047705 0.264902 1.000000 -0.288259 -0.338989 -0.267091 0.077164 -0.144874 -0.124112 -0.311041 -0.275519 -0.057076 0.109078 0.037549 0.029826 0.226252 0.424685 -0.080873 0.085832 -0.155008 -0.163908 -0.523023 -0.177466 -0.162652 0.032212 -0.328253 -0.298577 -0.278324 0.038931 -0.278774 -0.318859 -0.318044 -0.266980 -0.575094 -0.279468 0.046270 -0.284696 -0.295294 -0.424791 0.334604 0.445122 0.138693 0.105547 0.107817 -0.016997 0.159441 0.036394 -0.133820 0.030982 0.188152 0.071705 0.555196 0.304304 0.250852 0.099702 0.025649 0.227107 0.142159 0.054910 0.453027 0.400708 0.221466 0.246312 0.174665 0.071943 -0.253154 0.215329 -0.208273 -0.178157 -0.308470 0.166535 -0.254566 -0.264631 0.336689 0.296933 0.421555 0.136792 0.041898 0.324895 -0.400351 0.020939 -0.143105 0.083922 0.027938 0.190438 0.239328 0.286384 0.100477 0.288361 0.139795 0.144313 -0.090486 -0.052430 0.011766 0.180973 0.123345 -0.169567 0.312434 0.097395
-0.157251 -0.120466 0.130868 0.047954 0.267895 0.348346 -0.046058 0.019184 0.060294 -0.120251 -0.168045 -0.000379 0.070211 0.052127 0.078831 -0.041968 -0.246884 -0.243977 -0.065232 -0.288259 1.000000 0.612325 0.381010 0.296604 0.573410 0.549192 0.633703 0.502795 -0.327634 -0.291146 0.235448 0.328612 -0.224706 0.018972 0.284675 0.048240 0.095384 0.335788 0.364783 0.290745 0.375055 0.187654 -0.179474 -0.116407 -0.266280 -0.154798 -0.147722 -0.074303 -0.057032 -0.227689 0.313053 -0.056730 0.071272 0.115277 0.020749 -0.095425 -0.270686 -0.217965 0.134618 0.229801 -0.176330 0.009004 -0.243315 -0.050413 0.073688 0.063109 0.111226 0.048545 -0.276496 -0.223462 0.087149 0.092626 -0.184804 -0.111289 -0.123482 -0.113465 -0.100202 -0.199311 -0.244178 -0.160282 -0.385028 -0.169372 0.045161 -0.063741 0.140492 0.037526 0.190386 0.028482 0.292242 0.072000 -0.069816 0.015401 0.067215 0.114006 0.217532 -0.164168 0.002823 0.007374 -0.077465 -0.118085 -0.087558 -0.197613 -0.133645 -0.045774 -0.160949 -0.192061 -0.358140 -0.162713 -0.036654 0.002681 0.213806 -0.003149 -0.037684 0.136114 0.025536 -0.214880
-0.168702 -0.116629 -0.174446 0.096547 0.033943 0.268424 -0.280094 -0.180149 -0.049340 -0.335416 -0.247590 0.037296 -0.133150 -0.128775 -0.037396 -0.037836 -0.135011 -0.058625 -0.424706 -0.338989 0.612325 1.000000 0.041634 0.389973 0.437182 0.616050 0.560875 0.514756 -0.187040 -0.210037 -0.100488 0.250651 -0.044528 -0.061466 0.244068 0.048171 0.330890 0.536242 0.476057 0.353274 0.354496 0.378718 -0.074311 0.073916 -0.179975 -0.240459 0.072283 0.002969 -0.080626 -0.147795 0.271877 0.035143 0.101621 0.046814 0.288046 0.080257 -0.246820 -0.285001 0.126855 0.169606 -0.139084 -0.133488 -0.087286 -0.100697 -0.157517 -0.018336 0.070700 0.007832 -0.155185 -0.269128 0.001004 0.035062 -0.151120 -0.046936 -0.022439 0.092980 -0.132095 -0.132676 -0.206086 -0.054276 -0.078712 0.148212 -0.074712 0.049485 0.030473 0.219777 0.190700 0.021154 0.121605 0.298528 -0.184755 -0.142618 -0.029465 -0.121209 0.241664 -0.095756 0.148157 0.031012 0.073185 -0.102220 -0.263996 -0.155624 -0.228018 -0.006784 -0.175044 -0.310085 -0.245544 -0.212280 0.110592 -0.013255 0.045203 0.202348 0.035737 0.077947 -0.122288 -0.138790
-0.232833 -0.460824 0.754054 0.244870 0.065465 0.112146 0.283691 0.154970 -0.004730 -0.001773 0.000904 -0.139033 -0.078913 -0.270939 0.226686 0.014371 -0.344497 -0.327032 0.385520 -0.267091 0.381010 0.041634 1.000000 0.516592 0.553446 0.409896 0.285405 0.305390 -0.322590 -0.505334 0.194749 0.162888 -0.375136 -0.121256 0.630829 0.234393 -0.157432 -0.199712 0.014204 -0.038806 -0.025105 -0.074819 -0.011076 -0.038911 0.074809 0.370161 -0.101655 0.031441 0.139924 0.086606 0.482611 0.097641 -0.045230 0.117269 -0.054711 -0.151524 -0.231509 -0.290504 -0.281195 -0.036964 -0.435189 -0.292466 -0.447391 -0.398735 0.452599 0.076034 0.151056 0.426612 -0.101416 0.227841 -0.187088 -0.292707 -0.366446 -0.304753 -0.217642 -0.410386 -0.378384 -0.463026 -0.332522 -0.372161 -0.453265 -0.368119 0.163154 -0.068709 0.407884 0.077223 0.211450 0.162838 0.480789 -0.110061 0.053972 0.104964 0.053606 0.329315 -0.119539 -0.139667 -0.074660 -0.011925 -0.099503 -0.107575 0.001718 -0.120098 -0.056412 -0.111465 -0.035384 -0.008219 0.092567 -0.165778 0.002570 0.006990 0.213552 -0.292085 -0.231412 0.108016 -0.059136 0.059686
-0.202704 -0.316868 0.286561 0.535013 -0.155208 0.197756 -0.100627 -0.040021 -0.078697 -0.256343 -0.228710 -0.185991 -0.548044 -0.571834 -0.232118 -0.359935 -0.366457 -0.315568 -0.037488 0.077164 0.296604 0.389973 0.516592 1.000000 0.693441 0.732054 0.259280 0.444696 -0.621112 -0.597306 -0.258032 0.059960 -0.236400 -0.090677 0.640211 0.396743 -0.008368 0.232240 0.027916 0.092142 0.001657 0.210835 -0.099508 0.041085 -0.221840 0.063782 -0.017639 0.038763 0.067259 -0.012424 0.252348 0.167251 0.134279 0.145045 0.148136 -0.167864 -0.074153 -0.041044 -0.018327 0.155600 -0.340997 -0.361636 -0.248060 -0.301668 -0.090526 -0.032696 0.242121 0.449427 0.212958 0.286999 -0.045516 -0.244082 -0.557101 -0.059643 -0.069393 -0.234999 -0.158853 -0.265743 -0.364402 -0.189175 -0.183458 -0.072811 -0.268136 0.104430 0.061547 0.138610 0.086965 0.347826 0.059620 0.111306 0.181990 0.153044 0.266106 0.207851 0.036143 0.064520 -0.157475 0.061387 0.093645 0.087848 -0.219713 -0.162625 -0.046117 0.205639 -0.008527 0.008256 -0.023754 -0.182887 0.108234 0.003572 0.261757 0.141407 -0.057346 -0.054718 0.042708 -0.095575
-0.344659 -0.303161 0.262302 0.309922 -0.001572 0.427473 -0.251920 -0.026848 0.134403 0.018597 -0.068741 0.024926 -0.360064 -0.306523 0.035744 -0.074458 -0.465027 -0.374049 -0.142151 -0.144874 0.573410 0.437182 0.553446 0.693441 1.000000 0.765050 0.491614 0.687892 -0.624108 -0.519735 -0.247262 -0.073581 -0.244044 -0.205918 0.622218 0.435661 -0.010884 0.263768 0.196776 0.091300 0.162553 0.165048 -0.298585 -0.158585 -0.339830 0.066123 -0.281272 -0.135607 -0.010092 -0.136380 0.397332 0.145868 -0.084857 0.013488 0.068971 -0.223775 -0.154419 -0.328946 -0.056297 0.193145 -0.361263 -0.236338 -0.422528 -0.314146 0.012244 0.131288 0.279860 0.411452 0.044843 0.071646 0.004945 -0.117192 -0.487056 -0.004893 -0.091345 -0.269152 -0.134630 -0.231872 -0.415539 -0.259621 -0.399292 -0.214560 -0.251921 0.010194 0.219059 0.279893 -0.034848 0.131252 0.386019 0.185775 0.127408 0.169793 0.365193 0.325974 0.103515 -0.093851 -0.148408 0.052308 -0.070832 0.039279 -0.020054 -0.232892 -0.003628 0.018897 -0.068838 0.125642 -0.128786 -0.267053 -0.033925 -0.111712 0.316959 0.045464 -0.089797 0.008216 0.227728 -0.016391
-0.378195 -0.273417 0.129619 0.227847 -0.035299 0.455929 -0.205035 0.061462 -0.003170 -0.114703 -0.184566 0.143434 -0.411349 -0.329105 -0.058653 0.033062 -0.516939 -0.436066 -0.222638 -0.124112 0.549192 0.616050 0.409896 0.732054 0.765050 1.000000 0.501163 0.720973 -0.533908 -0.529229 -0.097805 0.208845 -0.224775 -0.108285 0.647807 0.498038 -0.085684 0.235105 0.183292 0.307304 0.115981 0.230103 -0.128981 0.079979 -0.213648 0.157120 -0.102441 0.064658 -0.010314 -0.069796 0.352569 0.128587 -0.070170 -0.003016 -0.054826 -0.112515 -0.240027 -0.369568 -0.100550 0.160157 -0.377554 -0.187591 -0.402509 -0.346490 -0.128169 0.270129 0.165516 0.463354 -0.010225 0.029058 -0.003745 -0.025205 -0.494475 0.016022 -0.070501 -0.109203 -0.184109 -0.178889 -0.438474 -0.286846 -0.354107 -0.181850 -0.215001 -0.083884 0.105536 0.235160 0.097059 -0.055700 0.183344 0.220569 0.037393 -0.003099 0.148592 0.056115 0.044816 -0.117874 0.019434 0.033512 -0.047581 -0.079068 -0.213305 -0.152806 -0.193453 0.164633 -0.083576 0.013175 -0.163174 -0.326346 -0.112793 -0.142312 0.421056 0.124517 -0.185588 -0.002213 0.124751 -0.125630
-0.187505 -0.151875 0.133196 -0.032539 0.529295 0.603696 -0.162953 -0.127496 0.116967 -0.124352 -0.134391 -0.017885 0.215065 0.039025 0.291166 0.163793 -0.158232 -0.164735 -0.340888 -0.311041 0.633703 0.560875 0.285405 0.259280 0.491614 0.501163 1.000000 0.696858 -0.301360 -0.407993 -0.041918 -0.024375 -0.306108 -0.085199 0.397860 0.258741 -0.077940 0.075578 0.195063 0.183470 0.054740 0.052547 -0.093665 -0.120329 -0.277806 -0.139802 -0.171519 -0.098169 0.156508 -0.177659 0.325499 0.032179 0.192986 0.113878 0.067792 -0.170423 -0.399408 -0.368694 0.163461 0.229374 0.027233 0.009661 -0.061592 -0.035792 -0.035812 -0.048904 0.060541 0.106204 -0.217096 -0.098724 0.057525 -0.115921 -0.282297 -0.241613 -0.260474 -0.147946 -0.269655 -0.199078 -0.318666 -0.218430 -0.204960 -0.054908 0.013216 0.051397 0.000683 0.176624 0.201457 -0.170208 0.282710 0.172617 0.116956 0.168031 0.148950 0.169531 -0.019398 -0.147417 -0.100986 -0.104981 -0.186394 -0.225737 0.100062 -0.161457 -0.039906 -0.079087 -0.030260 -0.058583 -0.163359 -0.111891 -0.067711 -0.108393 0.129064 -0.155930 -0.239205 -0.030385 -0.009785 -0.179297
-0.249693 -0.056094 0.069282 0.064512 0.181782 0.651166 -0.424251 -0.228936 0.246497 -0.047526 0.086029 0.260137 -0.050618 -0.058679 0.312211 0.274660 -0.310470 -0.203899 -0.432228 -0.275519 0.502795 0.514756 0.305390 0.444696 0.687892 0.720973 0.696858 1.000000 -0.346436 -0.380854 -0.239476 -0.148743 -0.246121 -0.220789 0.432690 0.391890 0.009825 0.302931 0.259955 0.168232 0.169107 0.217148 -0.196724 -0.067834 -0.294852 -0.052381 -0.185176 -0.139656 0.109945 -0.086067 0.294931 0.063091 -0.147054 -0.117157 0.147918 -0.091471 -0.322326 -0.358469 -0.007701 -0.011627 -0.042021 -0.005642 -0.241256 -0.163235 -0.047787 0.200825 -0.006604 0.137453 -0.151065 -0.088518 -0.058899 -0.116243 -0.278432 -0.006102 -0.094316 -0.064182 -0.180655 -0.185077 -0.361865 -0.151717 -0.266356 -0.075311 -0.115527 0.029808 0.136139 0.369031 0.036160 -0.118594 0.303529 0.393685 -0.084051 -0.017809 0.177423 0.170451 0.082813 -0.263950 -0.052669 -0.128893 -0.191555 -0.273941 -0.034148 -0.191905 -0.178423 -0.105358 -0.157248 -0.028734 -0.351149 -0.424923 -0.169847 -0.192016 0.195503 -0.015222 -0.143522 0.154144 0.268211 0.023282
0.223145 0.192706 -0.205388 -0.338235 0.082664 -0.281372 0.159054 -0.181823 -0.043974 -0.071173 0.153756 0.058739 0.383618 0.269573 0.366285 0.303610 0.732628 0.659759 0.128800 -0.057076 -0.327634 -0.187040 -0.322590 -0.621112 -0.624108 -0.533908 -0.301360 -0.346436 1.000000 0.722469 0.403049 0.262738 0.306201 0.245763 -0.492384 -0.472193 0.247052 -0.134664 0.096497 0.030121 0.115833 -0.052254 0.007737 -0.021062 0.123260 -0.129164 0.026634 -0.122523 -0.410438 -0.195449 -0.452167 -0.570624 -0.328611 -0.412391 -0.058585 0.148023 -0.027067 0.017031 -0.111970 -0.482038 0.269468 -0.075940 0.448683 0.243828 0.241752 -0.233302 -0.180191 -0.489437 -0.085944 -0.225298 -0.007896 0.041629 0.761570 0.046998 0.168524 0.436816 0.215435 0.389481 0.571611 0.378328 0.582340 0.535858 0.580614 0.308672 0.121131 -0.069020 0.223916 -0.132721 -0.275784 -0.058316 -0.531564 -0.443170 -0.511302 -0.453031 -0.038293 0.042536 0.147134 -0.034203 -0.221160 -0.300872 -0.057294 -0.026579 -0.154137 -0.286075 0.017904 -0.210462 -0.128883 0.057585 -0.129760 0.073138 -0.336551 -0.245265 -0.054038 0.215274 -0.012744 0.166890
0.095900 0.283974 -0.442803 -0.473349 0.005319 -0.316727 -0.001603 -0.240960 0.021529 0.099093 0.094160 0.159466 0.200060 0.319935 -0.004929 0.125702 0.563432 0.674680 -0.070549 0.109078 -0.291146 -0.210037 -0.505334 -0.597306 -0.519735 -0.529229 -0.407993 -0.380854 0.722469 1.000000 0.374956 0.160871 0.474353 0.298445 -0.537113 -0.369003 0.355612 0.070343 0.111985 0.031781 0.273552 0.206944 0.100311 0.092181 0.120126 -0.166451 0.156071 -0.028404 -0.321227 -0.154194 -0.495752 -0.367976 -0.261269 -0.189167 -0.089472 0.237980 0.173411 0.238521 -0.152465 -0.523691 0.106079 -0.056857 0.326434 0.362305 -0.133843 -0.187376 -0.287358 -0.653467 0.008698 -0.358772 0.177972 0.332120 0.797923 0.402287 0.411114 0.589920 0.432037 0.491066 0.607512 0.535641 0.511997 0.541393 0.145141 0.018360 -0.138134 -0.230303 -0.113272 -0.180573 -0.419063 -0.259893 -0.373782 -0.376241 -0.318642 -0.367341 -0.012871 0.046202 0.215560 -0.043720 0.010676 -0.076686 -0.065418 -0.082324 -0.172372 -0.278393 -0.050936 -0.189021 -0.175360 -0.008763 -0.109743 0.019545 -0.387866 0.019553 0.068605 0.134876 0.075483 0.174123
-0.033405 -0.158139 0.124824 -0.233571 0.265176 -0.133372 0.518214 0.179707 -0.042678 0.109605 -0.243710 -0.141451 0.323982 0.171912 0.029566 -0.017598 0.235949 0.240039 0.268188 0.037549 0.235448 -0.100488 0.194749 -0.258032 -0.247262 -0.097805 -0.041918 -0.239476 0.403049 0.374956 1.000000 0.691249 0.266910 0.558900 -0.031038 -0.179537 -0.058951 -0.242728 0.007915 0.155337 -0.003855 -0.053832 -0.023735 -0.069165 0.174362 0.099169 -0.031373 -0.075616 -0.290679 -0.258937 -0.121795 -0.459666 -0.113922 -0.144486 -0.382654 -0.092759 -0.140424 -0.047486 -0.171538 -0.230622 -0.173708 -0.116828 0.047466 0.020467 0.236983 -0.108801 0.017715 -0.137676 0.017441 -0.175125 0.145545 0.285559 0.376785 -0.005600 -0.083721 0.137387 0.188349 0.258410 0.220196 0.065385 0.116300 0.079693 0.281221 -0.080571 0.010807 -0.294430 0.127040 -0.145808 -0.058686 -0.369610 -0.204445 -0.113716 -0.272108 -0.158109 -0.010019 -0.011203 0.075548 0.033165 -0.160182 -0.300298 -0.120282 -0.161785 -0.115940 -0.109940 0.067698 -0.144010 -0.037889 -0.064432 -0.134811 0.020331 0.026624 -0.243132 -0.087139 -0.050489 -0.100324 -0.141953
-0.019906 -0.145057 0.126170 0.047954 0.120200 -0.026703 0.397873 0.182609 -0.031213 -0.051516 -0.409399 -0.154985 -0.005184 -0.088810 -0.023874 -0.030815 0.123573 0.037819 0.246191 0.029826 0.328612 0.250651 0.162888 0.059960 -0.073581 0.208845 -0.024375 -0.148743 0.262738 0.160871 0.691249 1.000000 0.330053 0.633861 0.091002 -0.089994 0.128114 0.066773 0.180745 0.341472 0.273212 0.149095 -0.079361 -0.020655 -0.018383 -0.043569 0.012908 -0.061375 -0.455808 -0.359500 -0.080651 -0.498823 -0.210513 -0.302434 -0.325695 -0.095214 -0.154619 -0.132514 -0.083582 -0.128303 -0.189085 -0.203232 0.041442 -0.077690 0.288582 0.001685 0.196436 0.016114 0.075278 -0.093932 0.065863 0.274987 0.230306 -0.013324 0.010971 0.256294 0.052072 0.159020 0.090548 -0.034754 0.104410 0.057617 0.210222 0.010685 0.045250 -0.275686 0.232842 -0.055248 -0.052290 -0.068622 -0.323168 -0.326548 -0.336623 -0.376496 -0.064884 -0.041679 0.071874 0.124939 -0.243903 -0.361328 -0.405806 -0.175742 -0.213194 0.152786 0.053222 -0.064562 -0.043624 0.036605 -0.128235 -0.057864 0.002842 -0.023052 -0.125546 0.011955 -0.064594 -0.075299
0.081218 0.001476 -0.232863 -0.074409 0.004719 -0.119568 0.132404 -0.088161 0.176726 0.095337 -0.142825 -0.019926 0.036344 0.100264 -0.112669 -0.174307 0.360632 0.394831 -0.084773 0.226252 -0.224706 -0.044528 -0.375136 -0.236400 -0.244044 -0.224775 -0.306108 -0.246121 0.306201 0.474353 0.266910 0.330053 1.000000 0.700355 -0.292081 -0.137828 0.293647 0.167579 -0.026711 -0.067109 0.151105 0.145537 -0.180479 -0.082215 -0.055179 -0.280462 0.037567 -0.216386 -0.456890 -0.249473 -0.369258 -0.418629 -0.330128 -0.398291 -0.093456 0.018068 0.126664 0.067163 0.025603 -0.187567 0.095476 -0.196912 0.209799 0.147067 -0.022060 -0.158373 0.289255 -0.174593 0.360496 0.019497 0.117364 0.210507 0.504232 0.225280 0.171091 0.481164 0.429215 0.439500 0.385293 0.405665 0.444680 0.327645 -0.131518 -0.017524 -0.229823 -0.070427 -0.204847 -0.040164 -0.318944 -0.090524 -0.373490 -0.293819 -0.203308 -0.424234 -0.087420 -0.042283 -0.040964 0.015001 -0.162976 -0.194025 -0.298461 -0.128472 0.049875 0.126033 0.103931 -0.043854 -0.041832 0.034563 -0.004889 -0.233503 -0.374181 0.072563 0.051407 -0.008011 -0.020938 -0.050266
0.115827 -0.119022 0.028544 0.068080 0.375570 0.021574 0.389181 0.084253 0.193612 0.113802 -0.414407 -0.255282 0.189218 0.016962 -0.063720 -0.208408 0.264969 0.232414 0.111491 0.424685 0.018972 -0.061466 -0.121256 -0.090677 -0.205918 -0.108285 -0.085199 -0.220789 0.245763 0.298445 0.558900 0.633861 0.700355 1.000000 -0.068620 0.095699 0.091787 -0.069834 -0.112128 -0.048456 0.032909 0.033122 -0.348415 -0.296515 -0.164752 -0.153798 -0.183022 -0.348145 -0.471981 -0.421447 -0.376370 -0.589857 -0.179115 -0.423547 -0.377236 -0.299304 -0.016075 0.065145 0.040216 -0.090107 0.058877 -0.234855 0.255942 0.042274 0.154338 -0.258324 0.397711 -0.030183 0.451956 0.159587 0.329042 0.336139 0.395648 0.163188 0.066084 0.386299 0.443996 0.440364 0.283802 0.252137 0.311143 0.165450 -0.073106 -0.004784 -0.317902 -0.309637 -0.150058 -0.055470 -0.149068 -0.183622 -0.135432 -0.061382 -0.100652 -0.300208 -0.014263 -0.089859 -0.233864 0.059119 -0.329114 -0.265090 -0.231228 -0.097053 0.097482 0.119517 0.032173 0.019659 -0.032452 0.048943 -0.144581 -0.238100 -0.140082 0.082962 -0.060666 -0.177890 0.061726 -0.030715
-0.177843 -0.431784 0.462152 0.236708 0.029698 0.237646 0.162149 0.132791 -0.089517 -0.047942 -0.107811 -0.076458 -0.210776 -0.397612 -0.113991 -0.023914 -0.439318 -0.441602 -0.020737 -0.080873 0.284675 0.244068 0.630829 0.640211 0.622218 0.647807 0.397860 0.432690 -0.492384 -0.537113 -0.031038 0.091002 -0.292081 -0.068620 1.000000 0.621105 -0.232737 -0.130999 -0.024427 0.154863 -0.174391 -0.011355 -0.057822 -0.008416 0.012750 0.358701 -0.129367 0.040637 0.098906 0.016676 0.372953 0.102501 -0.032921 0.022856 -0.057539 -0.223624 -0.302390 -0.339050 -0.022735 0.233103 -0.304713 -0.178543 -0.298997 -0.294783 0.120647 0.120524 0.352629 0.536292 0.060637 0.212926 -0.097216 -0.213624 -0.544254 -0.239106 -0.257231 -0.363603 -0.267963 -0.220121 -0.355625 -0.420535 -0.358492 -0.303774 -0.222463 -0.115120 0.180162 0.094200 0.082154 0.051884 0.191911 -0.043562 0.178691 0.128053 0.198544 0.129086 -0.136115 0.008960 -0.080384 0.058161 -0.068811 -0.011458 -0.069437 0.039460 0.051598 0.209763 0.021011 0.171684 0.177732 -0.148888 0.012342 -0.054195 0.396507 0.022213 -0.270102 -0.031549 0.077798 0.027537
-0.292910 -0.316604 0.321948 0.067033 0.210285 0.354903 0.118199 0.271796 0.157242 0.280353 -0.138606 0.051707 -0.174176 -0.145939 -0.151005 0.049649 -0.500044 -0.419812 -0.173510 0.085832 0.048240 0.048171 0.234393 0.396743 0.435661 0.498038 0.258741 0.391890 -0.472193 -0.369003 -0.179537 -0.089994 -0.137828 0.095699 0.621105 1.000000 -0.322287 -0.202056 -0.147288 0.015180 -0.281948 -0.073151 -0.147725 -0.087309 -0.025213 0.437073 -0.241694 -0.026950 0.157993 0.040856 0.137873 0.122068 -0.078157 -0.073492 -0.321714 -0.246393 -0.272110 -0.338510 -0.133344 0.185119 -0.268040 -0.127443 -0.299874 -0.369362 -0.167256 0.223527 0.249566 0.604986 0.190216 0.260517 0.141628 0.072793 -0.384019 0.082370 -0.105483 -0.183436 -0.062215 0.037678 -0.291910 -0.378682 -0.318989 -0.315133 -0.469020 -0.292849 -0.223910 0.001300 -0.178475 -0.230207 0.109315 -0.014938 0.265996 0.221249 0.282121 0.138863 -0.063582 -0.053218 -0.138573 0.198788 -0.162563 0.024219 0.109427 0.181777 0.162131 0.123292 0.066429 0.331200 0.224561 -0.019196 -0.223723 -0.136872 0.513607 0.163858 -0.203489 -0.232588 0.234811 0.100886
