1.000000 0.520060 -0.075201 -0.052908 -0.060375 -0.234800 0.078324 -0.058539 -0.175449 -0.272802 0.619086 0.470244 0.510629 0.385543 0.162944 0.119747 0.642868 0.382960 0.397224 0.442472 -0.276158 -0.207172 -0.302519 -0.304955 -0.386937 -0.488039 -0.130692 -0.114631 0.580413 0.249121 -0.047033 -0.071217 0.357748 0.036882 -0.549028 -0.462081 -0.094434 -0.213793 -0.292077 -0.145153 0.085520 0.025459 -0.390024 -0.180642 -0.362403 -0.366040 -0.170698 -0.331582 -0.017605 -0.023147 -0.154741 -0.050182 -0.079201 -0.036970 -0.289229 -0.076091 0.634858 0.415186 0.114980 -0.074910 0.424639 0.336054 0.595782 0.464761 -0.582074 -0.079086 -0.468103 -0.705931 -0.025164 0.014465 0.129145 -0.116289 0.433210 0.175529 0.249596 0.021612 0.063171 -0.044928 0.316254 0.235488 0.587642 0.384479 0.096942 0.239349 -0.049268 0.207121 -0.061760 0.165492 -0.241801 -0.158175 -0.311308 -0.186286 -0.581068 -0.487897 0.065300 -0.068185 -0.204213 -0.097668 -0.343449 -0.176664 -0.186349 -0.058972 -0.320922 -0.252784 -0.352385 -0.172514 0.023253 -0.117963 -0.002414 -0.234647 -0.474781 -0.442680 -0.458831 -0.175039 -0.077597 -0.043809
0.520060 1.000000 0.183841 0.471979 -0.185422 -0.332750 0.363571 0.414362 -0.064822 -0.138623 0.132690 0.180506 0.334797 0.410579 -0.019289 0.092101 0.258617 0.132754 0.355594 0.458367 -0.312903 -0.374496 -0.332176 0.008665 -0.438584 -0.527713 -0.287917 -0.365270 0.188953 -0.003474 -0.063568 -0.083987 0.309687 0.367607 -0.448601 -0.100203 -0.269513 -0.443060 -0.514958 -0.223165 -0.200603 -0.067818 -0.341609 -0.190284 -0.425412 -0.349953 -0.342679 -0.354219 -0.178735 -0.197013 -0.091868 0.053214 -0.034599 -0.092736 -0.450246 -0.520699 0.092243 0.408265 0.329489 0.471849 0.434276 0.514367 0.481525 0.524666 -0.398398 0.129613 -0.019651 -0.334654 0.312026 0.209008 -0.002621 -0.199478 0.114086 -0.006859 -0.112270 -0.161601 0.102751 0.007136 -0.038630 0.100369 0.252131 0.098525 0.074130 0.165514 -0.405523 -0.203536 -0.161807 0.114521 -0.234537 0.120262 -0.058163 -0.159180 -0.237809 -0.358876 0.009024 -0.065027 -0.551686 -0.231177 -0.372423 -0.278552 -0.221260 0.023561 -0.178245 -0.143796 -0.103529 -0.207727 0.147569 -0.072275 0.011654 -0.351223 -0.438184 -0.299822 -0.230670 -0.121098 -0.155712 -0.052636
-0.075201 0.183841 1.000000 0.559738 0.183353 0.159191 0.681556 0.522883 0.288631 0.201017 -0.234489 -0.458314 -0.021168 -0.132649 -0.087913 -0.257568 -0.401429 -0.421815 0.440686 0.163314 0.084819 0.030820 0.315142 0.253604 -0.066351 0.181200 0.137554 0.119407 -0.375125 -0.479570 -0.066891 0.036604 -0.092399 0.337298 0.296171 0.417271 -0.087490 -0.348826 -0.120802 -0.021792 -0.236135 -0.092640 0.058515 -0.001178 -0.075690 -0.032140 -0.265678 0.014519 -0.232809 -0.273275 0.147248 -0.007419 -0.075172 -0.113584 -0.292978 -0.376640 -0.274833 -0.204841 0.099338 0.186941 0.132682 -0.161561 -0.017402 -0.139381 0.214225 0.031244 0.356261 0.374415 0.091440 -0.004492 -0.170780 0.162292 -0.275600 -0.231938 -0.151590 -0.231490 -0.188549 -0.148217 -0.336103 -0.067714 -0.317793 -0.356411 -0.008162 -0.357361 -0.190409 -0.511832 0.037222 -0.132903 0.228692 0.149793 -0.036163 0.092663 -0.044721 -0.037349 0.039507 -0.079442 -0.058010 -0.056119 -0.353579 -0.276894 -0.008470 0.073190 -0.163327 -0.088777 -0.126793 -0.127394 0.086812 0.047665 -0.024921 -0.038856 0.236092 -0.122464 -0.136769 -0.130336 -0.111099 -0.185096
-0.052908 0.471979 0.559738 1.000000 -0.052932 -0.072357 0.682470 0.803546 0.097407 0.150772 -0.330769 -0.316667 0.009295 0.122271 -0.087330 0.020845 -0.167226 -0.206643 0.402686 0.372768 -0.105301 -0.267295 0.296481 0.636056 -0.217795 -0.099714 -0.135938 -0.152331 -0.172776 -0.397894 0.016000 0.165681 -0.072059 0.453209 -0.016931 0.233405 -0.320636 -0.401937 -0.363091 -0.075860 -0.397864 -0.033198 -0.162655 -0.127017 -0.286155 -0.182357 -0.327130 -0.021894 -0.407350 -0.379074 -0.277576 -0.134445 -0.113242 -0.058461 -0.544551 -0.563712 -0.232076 0.001419 -0.118957 0.178422 0.040423 0.094056 0.151267 0.091883 0.014547 0.051552 -0.037881 0.126098 0.223049 0.033407 -0.104645 -0.061157 -0.220517 -0.357743 -0.386636 -0.259662 -0.073575 -0.163692 -0.210175 0.079171 -0.088539 -0.153571 0.245346 0.070505 -0.271999 -0.331790 0.173671 0.082879 0.103089 0.276788 0.197432 0.000880 0.071097 -0.130379 0.074696 0.051941 -0.280285 -0.103188 -0.238201 -0.167020 -0.159665 0.056588 -0.186044 -0.158390 -0.115712 -0.189780 0.179430 0.013445 0.131174 -0.214156 -0.005121 0.003014 -0.071814 -0.087346 -0.064281 -0.049914
-0.060375 -0.185422 0.183353 -0.052932 1.000000 0.698130 0.221893 -0.000249 0.699774 0.703408 0.251144 -0.027934 0.223698 -0.048766 0.420733 0.473072 -0.212996 -0.351253 -0.044098 -0.051575 0.224364 0.188078 0.267132 0.081057 0.410008 0.203508 0.762942 0.535466 -0.168602 -0.306622 -0.329910 -0.186815 -0.221890 -0.077792 0.316088 0.059573 -0.221322 -0.044866 0.217377 0.323406 0.007026 0.012544 -0.053565 -0.141416 -0.040276 -0.027537 0.067155 0.061499 -0.071596 -0.099788 -0.162196 -0.194281 -0.161576 -0.041819 0.109658 0.259761 -0.106936 -0.185610 -0.060390 -0.139031 0.111079 -0.027070 0.020963 -0.126461 0.222144 0.022986 -0.070211 0.156054 -0.333769 -0.095024 -0.159685 0.166828 -0.182012 -0.403928 -0.188161 0.032919 -0.205952 -0.332971 -0.295165 0.285378 -0.246319 -0.273295 0.159966 0.125455 0.178881 -0.037752 0.353852 -0.145722 0.474989 0.305689 -0.031293 0.009516 0.029508 0.031496 0.242545 0.099764 0.399488 0.308537 0.026002 -0.034836 -0.067108 0.143897 -0.188155 -0.290297 -0.157020 -0.131714 -0.047253 -0.064906 0.002976 0.284597 0.198667 -0.110724 -0.229778 -0.233414 -0.035438 -0.260304
-0.234800 -0.332750 0.159191 -0.072357 0.698130 1.000000 0.045205 -0.021798 0.466341 0.560437 0.102985 -0.138532 0.036401 -0.203062 0.291384 0.276557 -0.368245 -0.332660 -0.147162 -0.288612 0.459430 0.338802 0.371529 0.052396 0.470916 0.494547 0.803464 0.729538 -0.239225 -0.266408 -0.142877 -0.061470 -0.091368 -0.089687 0.275112 -0.020273 -0.133544 0.035151 0.254931 0.229114 0.041857 -0.073471 0.002704 -0.017446 -0.034512 0.002176 0.015331 0.067552 -0.011149 -0.064061 -0.000467 -0.152168 -0.190766 -0.089602 0.167495 0.328865 -0.129641 -0.259914 -0.000437 -0.083089 -0.035042 -0.111223 -0.138727 -0.202315 0.304912 0.030384 0.122380 0.251376 -0.281269 -0.089162 0.003085 0.199887 -0.194510 -0.179929 -0.047081 0.062540 -0.320348 -0.123167 -0.220895 0.135967 -0.201334 -0.177471 -0.018783 -0.060342 0.285229 0.041498 0.298669 -0.047383 0.516989 0.333647 -0.109329 -0.091627 -0.010305 0.004481 0.123818 -0.108173 0.442030 0.242522 0.023392 -0.092286 0.027778 0.104787 -0.104104 -0.121042 -0.053463 -0.094156 -0.040268 -0.013013 -0.183943 0.256366 0.244529 -0.174184 -0.097720 -0.152187 -0.089594 -0.214873
0.078324 0.363571 0.681556 0.682470 0.221893 0.045205 1.000000 0.645923 0.456065 0.198278 -0.179264 -0.226192 0.205928 0.146888 0.153781 0.095331 -0.116262 -0.139209 0.391627 0.229062 -0.175468 -0.224907 0.343347 0.474734 -0.207370 -0.072781 -0.027515 -0.037525 -0.146739 -0.344557 0.002122 0.163030 -0.073755 0.336807 0.166890 0.307571 -0.169303 -0.427037 -0.198201 -0.042918 -0.252198 -0.013536 -0.278787 -0.247576 -0.209736 -0.273377 -0.424959 -0.276897 -0.485750 -0.514379 -0.217806 -0.281875 -0.199794 -0.216075 -0.405055 -0.503063 -0.196116 -0.102991 -0.003400 -0.007603 0.363215 0.156575 0.255263 0.115224 0.273791 0.150759 -0.091241 0.105833 0.003402 -0.131505 -0.189181 0.031982 -0.155623 -0.275476 -0.271926 -0.081897 -0.251610 -0.124996 -0.175804 0.027507 -0.103231 -0.144876 0.242526 0.051752 -0.034979 -0.269894 0.172623 0.023175 0.322984 0.332518 -0.005176 0.007500 -0.008178 -0.084975 0.127798 0.012604 -0.289330 -0.084664 -0.397609 -0.346266 -0.095695 0.007906 -0.232741 -0.175838 -0.222543 -0.188073 0.059499 0.014888 0.124842 -0.133256 -0.102694 -0.259262 -0.266654 -0.192331 -0.110944 -0.194600
-0.058539 0.414362 0.522883 0.803546 -0.000249 -0.021798 0.645923 1.000000 0.018299 0.307404 -0.285390 -0.093848 0.028634 0.402887 -0.194366 0.141377 -0.135138 -0.135082 0.132836 -0.034758 -0.076160 -0.357014 0.173175 0.577750 -0.238188 -0.046997 -0.087638 -0.106991 -0.279988 -0.283036 0.174799 0.242472 -0.083105 0.300726 0.019075 0.295750 -0.296550 -0.381539 -0.378394 -0.005379 -0.188608 0.102235 -0.169117 -0.068670 -0.168764 -0.115606 -0.291640 -0.195948 -0.298784 -0.366526 0.012621 -0.054887 -0.047929 -0.198314 -0.466370 -0.569314 -0.314486 -0.273383 0.099796 0.299355 0.210735 0.401056 0.309206 0.280984 0.167318 0.467946 0.062842 0.204512 -0.019204 -0.215389 -0.068654 -0.110800 -0.199479 -0.297591 -0.301209 -0.166746 -0.123761 -0.188829 -0.301319 -0.024000 -0.034675 -0.156158 0.228170 -0.008226 -0.170705 -0.239965 -0.001849 0.013655 0.177877 0.345568 -0.042918 -0.305673 -0.026030 -0.310345 0.277352 0.189146 -0.291984 0.066817 -0.349866 -0.360053 -0.115417 0.046676 -0.224399 -0.201753 -0.296686 -0.366909 -0.058023 -0.176140 0.201145 -0.128975 -0.129461 -0.157585 -0.173395 -0.226685 -0.325672 -0.269522
-0.175449 -0.064822 0.288631 0.097407 0.699774 0.466341 0.456065 0.018299 1.000000 0.577893 0.163762 -0.199256 0.292981 -0.118516 0.641289 0.377002 -0.304533 -0.436659 0.047913 -0.001700 0.122187 0.192449 0.387546 0.184450 0.280704 0.178410 0.480478 0.385142 -0.299671 -0.444082 -0.412909 -0.238250 -0.378761 -0.003303 0.345648 0.142143 -0.067166 0.032040 0.289143 0.229988 -0.083918 -0.026901 -0.155896 -0.329429 -0.260940 -0.308980 -0.191249 -0.057807 -0.279671 -0.327817 -0.055105 -0.148330 -0.187999 -0.092298 0.209289 0.021265 -0.312088 -0.199295 0.009159 -0.051439 0.226780 -0.099540 -0.067804 -0.233849 0.360748 0.008675 -0.001672 0.199851 -0.268623 -0.009055 -0.266411 0.278624 -0.320439 -0.418782 -0.200909 -0.001345 -0.180013 -0.176616 -0.437543 0.139300 -0.417025 -0.425599 0.105118 -0.058195 0.220354 -0.065690 0.390699 -0.064541 0.580047 0.436922 0.225389 0.319641 0.342392 0.350398 0.164973 0.003685 0.147920 0.167271 0.014638 -0.076897 -0.005387 -0.062445 -0.068651 -0.180082 0.045726 -0.075487 -0.046298 0.074359 -0.009189 0.289754 0.205311 -0.039354 -0.106596 -0.169961 -0.043725 -0.181257
-0.272802 -0.138623 0.201017 0.150772 0.703408 0.560437 0.198278 0.307404 0.577893 1.000000 0.078277 -0.074431 0.169248 0.094579 0.290385 0.515345 -0.428704 -0.546379 -0.252352 -0.305247 0.343273 0.191453 0.245358 0.216832 0.419605 0.278704 0.499855 0.443103 -0.483511 -0.364777 -0.225435 -0.141717 -0.427460 -0.188684 0.328024 0.216070 -0.289719 0.094091 0.102323 0.290018 -0.052049 0.078320 -0.046764 -0.197963 -0.039609 -0.043466 0.062801 0.016996 -0.086343 -0.180766 0.064446 -0.044999 0.018806 -0.007809 0.151921 0.029998 -0.332707 -0.418023 0.156119 0.129651 0.173247 0.179689 -0.068073 -0.091709 0.353052 0.381161 0.133654 0.385454 -0.413201 -0.149620 -0.180240 0.115406 -0.363716 -0.465548 -0.202228 -0.075906 -0.157314 -0.323469 -0.533521 0.081776 -0.342588 -0.441620 0.012119 -0.087314 0.133438 -0.039928 0.197457 -0.167479 0.470866 0.427875 0.106684 -0.069291 0.282410 0.091366 0.389558 0.208457 0.203401 0.445607 0.053725 -0.118861 0.041230 0.121217 -0.102917 -0.353264 -0.123470 -0.351826 -0.211387 -0.207140 0.052280 0.461427 0.277538 -0.051450 -0.075329 -0.332588 -0.327338 -0.418490
0.619086 0.132690 -0.234489 -0.330769 0.251144 0.102985 -0.179264 -0.285390 0.163762 0.078277 1.000000 0.547997 0.786064 0.256351 0.608130 0.289804 0.330992 0.066494 0.170561 0.168928 -0.141845 -0.100319 -0.072501 -0.299038 -0.134514 -0.263924 0.180914 0.214536 0.363555 0.081469 -0.434230 -0.323106 -0.030340 -0.214423 -0.183089 -0.376743 -0.026670 0.054113 0.079041 0.086690 0.167741 -0.020089 -0.185215 -0.066260 -0.298132 -0.327398 0.015698 -0.163820 0.070376 0.044456 -0.030523 0.007419 -0.210413 -0.095134 0.163670 0.235564 0.318978 0.182472 -0.035758 -0.156489 0.204709 0.124065 0.257009 0.018445 -0.310069 -0.065023 -0.402823 -0.477384 -0.327481 0.076961 -0.003554 -0.050026 0.179247 -0.028578 0.198476 0.035706 0.123480 -0.139427 0.035989 0.319310 0.180334 0.067413 0.174628 0.072177 0.277049 0.322415 0.062530 0.125767 0.162689 -0.062425 -0.277468 -0.039935 -0.278222 -0.142269 0.182701 0.075524 0.186416 0.122353 -0.119501 -0.138289 -0.131369 -0.022039 -0.181077 -0.159756 -0.133641 -0.076375 -0.083973 -0.072112 -0.005185 0.022109 -0.199464 -0.227056 -0.188979 -0.092767 0.011977 -0.009681
0.470244 0.180506 -0.458314 -0.316667 -0.027934 -0.138532 -0.226192 -0.093848 -0.199256 -0.074431 0.547997 1.000000 0.465848 0.637940 0.163187 0.402492 0.540364 0.453974 -0.058476 -0.085369 -0.232741 -0.262490 -0.232816 -0.132504 -0.154663 -0.324174 -0.109213 -0.041114 0.469367 0.536322 0.221144 0.247706 0.146702 -0.092044 -0.243572 -0.218830 0.118202 -0.001650 -0.021362 0.092217 0.361004 0.211876 -0.454538 -0.210121 -0.112757 -0.235235 -0.198688 -0.431532 -0.058038 -0.114561 -0.102813 -0.244390 -0.256720 -0.333516 0.049532 0.018260 0.185022 -0.056221 0.059291 -0.050953 0.275339 0.549654 0.473617 0.464070 -0.150945 0.339283 -0.346191 -0.440594 -0.285180 -0.304212 0.292107 -0.102797 0.340653 0.209177 0.189614 0.197851 0.184067 0.032024 0.290980 0.120931 0.514340 0.393995 0.235991 0.487319 0.123378 0.369432 -0.147317 0.135652 -0.070608 -0.081824 -0.493830 -0.471003 -0.343108 -0.408221 0.258973 0.276126 -0.063486 0.121250 -0.294087 -0.306981 -0.091715 0.009853 -0.104832 -0.122115 -0.202800 -0.152530 -0.256611 -0.269070 0.219731 -0.079597 -0.432942 -0.327387 -0.315127 -0.099799 -0.079868 -0.040593
0.510629 0.334797 -0.021168 0.009295 0.223698 0.036401 0.205928 0.028634 0.292981 0.169248 0.786064 0.465848 1.000000 0.380468 0.706008 0.357318 0.197142 -0.011323 0.174646 0.153769 -0.254969 -0.202722 0.055657 -0.031037 -0.177109 -0.230505 0.053336 0.208738 0.200982 -0.031246 -0.363167 -0.147342 -0.096006 -0.076336 -0.108523 -0.230587 -0.092648 -0.039880 0.071871 0.115589 0.040518 -0.002689 -0.351293 -0.209704 -0.418140 -0.476329 -0.237220 -0.381855 -0.243280 -0.229429 -0.132504 -0.131799 -0.354528 -0.268169 0.051589 -0.086257 0.047906 0.084475 0.007924 -0.038040 0.413305 0.262125 0.317845 0.096930 -0.064200 0.073769 -0.379385 -0.356378 -0.307969 0.034603 -0.073996 -0.030068 0.064804 -0.095536 0.013597 -0.008622 0.058071 -0.084033 -0.075293 0.216250 0.079202 -0.045025 0.200058 0.120813 0.220414 0.166359 0.033797 0.161933 0.287399 0.039091 -0.226155 -0.107348 -0.185467 -0.155654 0.291947 0.117542 0.006761 0.114257 -0.302562 -0.328216 -0.100990 -0.126387 -0.174539 -0.204990 -0.123741 -0.165054 -0.106931 -0.079761 0.091777 0.020188 -0.201422 -0.307265 -0.207414 -0.150071 -0.073329 -0.072227
0.385543 0.410579 -0.132649 0.122271 -0.048766 -0.203062 0.146888 0.402887 -0.118516 0.094579 0.256351 0.637940 0.380468 1.000000 -0.065096 0.542423 0.503413 0.461595 -0.014539 -0.057083 -0.246391 -0.352907 -0.298757 0.067100 -0.311111 -0.387835 -0.195606 -0.156954 0.279897 0.484042 0.387937 0.344461 0.092674 0.081122 -0.318639 -0.138788 -0.022619 -0.171738 -0.137201 0.169824 0.256852 0.309739 -0.511322 -0.328604 -0.270104 -0.401350 -0.331064 -0.580575 -0.176122 -0.329919 -0.030396 -0.210383 -0.263933 -0.490712 -0.178468 -0.387830 -0.009506 -0.134972 0.225729 0.190863 0.421490 0.728489 0.634511 0.640231 -0.150889 0.525442 -0.252091 -0.419965 -0.271399 -0.424637 0.214601 -0.075047 0.386296 0.274098 0.125268 0.063275 0.034078 0.071778 0.141543 -0.151398 0.492862 0.277313 0.261097 0.440320 -0.190136 0.040704 -0.180663 0.098207 -0.119528 0.003847 -0.385833 -0.576601 -0.325674 -0.531650 0.421852 0.394182 -0.217825 0.236278 -0.433110 -0.418387 -0.142838 -0.097364 -0.194132 -0.208966 -0.348453 -0.392481 -0.340396 -0.354740 0.383503 -0.036184 -0.447945 -0.334697 -0.341285 -0.217178 -0.323859 -0.232401
0.162944 -0.019289 -0.087913 -0.087330 0.420733 0.291384 0.153781 -0.194366 0.641289 0.290385 0.608130 0.163187 0.706008 -0.065096 1.000000 0.403470 -0.090097 -0.243304 0.056486 0.045706 -0.021201 0.092919 0.413124 0.087981 0.124088 0.109364 0.327946 0.426698 0.091387 -0.266247 -0.502968 -0.222113 -0.360943 -0.152363 0.090002 -0.253919 -0.068872 0.127430 0.303809 0.094738 -0.047711 -0.129565 -0.253162 -0.222417 -0.442290 -0.456726 -0.160468 -0.158001 -0.225831 -0.223569 -0.130981 -0.132990 -0.326317 -0.119109 0.248034 0.180361 -0.074951 -0.026733 -0.125995 -0.198137 0.191987 -0.070046 0.022302 -0.241794 0.179778 -0.141701 -0.329329 -0.182220 -0.384862 0.120848 -0.085277 0.197932 -0.129787 -0.299336 -0.102475 0.082042 0.027075 -0.054587 -0.173170 0.322355 -0.205830 -0.174068 0.202888 0.094775 0.513978 0.242019 0.426684 0.283064 0.598035 0.291407 0.020540 0.196263 0.117376 0.179610 0.080833 -0.104877 0.182058 0.049604 -0.077624 -0.167196 -0.027532 -0.205751 -0.054698 -0.057365 0.100429 0.037307 0.073571 0.126497 -0.117883 0.109656 -0.002673 -0.188034 -0.119864 -0.051032 0.080084 0.056463
0.119747 0.092101 -0.257568 0.020845 0.473072 0.276557 0.095331 0.141377 0.377002 0.515345 0.289804 0.402492 0.357318 0.542423 0.403470 1.000000 0.157431 0.019328 -0.263248 -0.141433 0.055510 0.074317 0.125510 0.170863 0.188104 -0.017453 0.332323 0.286819 0.157262 0.159715 0.099739 0.133644 -0.144814 0.045433 -0.110311 -0.181021 -0.121679 0.064857 0.142194 0.288588 0.239853 0.298070 -0.379171 -0.381269 -0.278324 -0.366966 -0.041751 -0.244842 -0.202354 -0.274647 -0.185292 -0.281180 -0.143066 -0.176007 0.011005 0.053699 -0.137738 -0.217249 0.004787 -0.089863 0.259857 0.428606 0.334503 0.278374 0.060512 0.213838 -0.376695 -0.281554 -0.474491 -0.351350 0.206488 0.200444 0.173432 -0.109702 -0.041519 0.230096 -0.046627 -0.018560 -0.142863 0.135129 0.138945 0.007951 0.329943 0.515898 0.058327 0.168411 0.241909 0.080723 0.249225 0.300749 -0.122316 -0.330947 -0.050462 -0.241949 0.386089 0.230493 0.077227 0.375311 -0.119515 -0.223752 -0.045829 -0.024787 -0.190619 -0.337689 -0.224087 -0.363822 -0.239250 -0.324734 0.160751 0.280705 -0.084565 -0.261565 -0.295190 -0.315464 -0.279694 -0.335160
0.642868 0.258617 -0.401429 -0.167226 -0.212996 -0.368245 -0.116262 -0.135138 -0.304533 -0.428704 0.330992 0.540364 0.197142 0.503413 -0.090097 0.157431 1.000000 0.777787 0.131836 0.251468 -0.334066 -0.263023 -0.356487 -0.161596 -0.340843 -0.560420 -0.292332 -0.302176 0.680596 0.612081 0.299251 0.175906 0.399553 0.064717 -0.484877 -0.342435 0.244427 -0.041818 -0.137764 0.027964 0.269033 0.250920 -0.430054 -0.318834 -0.209516 -0.342843 -0.165371 -0.358442 0.006397 -0.011861 -0.228149 -0.107093 -0.060252 -0.148811 -0.202424 0.002255 0.549484 0.290048 0.025947 -0.096174 0.263535 0.356172 0.653267 0.615539 -0.517437 -0.003710 -0.475250 -0.705688 -0.092468 -0.293555 0.254487 -0.086886 0.566028 0.315237 0.196120 0.008180 0.018176 0.029698 0.612608 0.059918 0.750402 0.655077 0.174220 0.491726 -0.188675 0.114772 -0.194733 -0.047382 -0.398901 -0.258340 -0.293341 -0.324159 -0.501761 -0.445923 0.091797 0.204144 -0.158945 -0.000656 -0.205361 -0.064984 -0.223721 -0.108977 -0.289650 -0.199653 -0.332100 -0.211396 -0.138723 -0.238958 0.240765 -0.176761 -0.522777 -0.249099 -0.341404 -0.114105 -0.068440 0.030568
0.382960 0.132754 -0.421815 -0.206643 -0.351253 -0.332660 -0.139209 -0.135082 -0.436659 -0.546379 0.066494 0.453974 -0.011323 0.461595 -0.243304 0.019328 0.777787 1.000000 0.054784 0.138715 -0.261745 -0.279446 -0.308568 -0.183347 -0.326448 -0.391812 -0.317542 -0.334656 0.658635 0.725054 0.464949 0.344725 0.450010 0.105439 -0.458727 -0.279863 0.308002 -0.091134 -0.153606 -0.113594 0.181510 0.145554 -0.319692 -0.161655 0.016326 -0.186102 -0.129751 -0.339386 0.033658 0.019518 -0.205699 -0.181394 -0.171646 -0.175672 -0.227252 -0.064774 0.384663 0.253547 -0.081908 -0.198279 0.031975 0.294223 0.363083 0.500925 -0.313139 -0.004202 -0.417187 -0.625784 0.067395 -0.260038 0.321019 -0.134231 0.626684 0.516828 0.221257 0.106061 0.123498 0.287424 0.758385 -0.024399 0.716694 0.782674 0.069213 0.518158 -0.162779 0.122976 -0.267542 0.082519 -0.420747 -0.339516 -0.359425 -0.354816 -0.417000 -0.371626 -0.114311 0.085445 -0.182500 -0.183543 -0.165806 -0.013417 -0.145154 -0.062313 -0.026919 0.110140 -0.189628 -0.004705 -0.021240 -0.026907 0.172489 -0.299192 -0.492601 -0.171174 -0.102876 0.145806 0.044995 0.159940
0.397224 0.355594 0.440686 0.402686 -0.044098 -0.147162 0.391627 0.132836 0.047913 -0.252352 0.170561 -0.058476 0.174646 -0.014539 0.056486 -0.263248 0.131836 0.054784 1.000000 0.740266 -0.190161 -0.303685 0.203817 0.167697 -0.296523 -0.302900 -0.123373 -0.232803 0.298740 -0.191152 -0.155772 0.004020 0.190396 0.359625 -0.176148 -0.094945 -0.174790 -0.541315 -0.317523 -0.191349 -0.332442 -0.245913 -0.107813 -0.002491 -0.230532 -0.179225 -0.266374 -0.029650 -0.040697 -0.068200 -0.209712 0.018493 -0.134308 -0.020834 -0.397018 -0.253503 0.254243 0.332706 -0.160592 -0.029190 -0.058791 -0.150246 0.153619 -0.024512 -0.348539 -0.324759 -0.188020 -0.316880 0.405673 0.313269 -0.071536 -0.126309 0.070415 -0.120097 -0.086137 -0.225224 0.067144 -0.144206 0.168110 0.242735 0.167220 0.146918 0.151455 0.062076 -0.162048 -0.251267 0.209596 0.162741 -0.037648 -0.137861 -0.109239 0.127540 -0.280584 -0.140161 -0.174266 -0.038977 -0.161218 -0.294120 -0.297433 -0.119308 -0.124721 0.041814 -0.159732 0.078099 -0.026630 0.071487 0.249442 0.337567 0.091381 -0.521201 -0.243847 -0.082626 -0.162716 0.167473 0.224898 0.262509
0.442472 0.458367 0.163314 0.372768 -0.051575 -0.288612 0.229062 -0.034758 -0.001700 -0.305247 0.168928 -0.085369 0.153769 -0.057083 0.045706 -0.141433 0.251468 0.138715 0.740266 1.000000 -0.235862 -0.143240 -0.074522 0.000134 -0.291715 -0.407587 -0.176352 -0.338024 0.431768 -0.094528 -0.224303 -0.074850 0.215103 0.432880 -0.269080 -0.074235 -0.198936 -0.340101 -0.311145 -0.158116 -0.280497 -0.074286 -0.081617 -0.079188 -0.231384 -0.130362 -0.067227 0.209318 -0.112435 0.001795 -0.463412 -0.106411 -0.149486 0.158816 -0.444381 -0.190175 0.320813 0.599681 -0.346238 -0.173291 -0.146402 -0.207741 0.033606 -0.037668 -0.494639 -0.523435 -0.371231 -0.386666 0.501800 0.402273 0.004141 -0.037543 0.175810 -0.058776 -0.013407 -0.113180 0.159895 -0.036956 0.163950 0.292095 0.182503 0.176775 0.215447 0.249980 -0.298472 -0.198853 0.169621 0.178483 -0.311664 -0.217782 0.059810 0.229929 -0.226433 -0.105072 -0.259989 -0.111083 -0.191486 -0.324246 -0.147831 0.127080 -0.182395 0.039372 -0.137356 -0.065829 -0.029588 0.087793 0.340001 0.189552 -0.001148 -0.354628 -0.041355 0.047102 -0.085237 0.087559 0.250132 0.163101
-0.276158 -0.312903 0.084819 -0.105301 0.224364 0.459430 -0.175468 -0.076160 0.122187 0.343273 -0.141845 -0.232741 -0.254969 -0.246391 -0.021201 0.055510 -0.334066 -0.261745 -0.190161 -0.235862 1.000000 0.499143 0.205631 0.024835 0.603641 0.673950 0.417113 0.522005 -0.147141 -0.159984 -0.032357 0.055882 0.093528 0.046875 0.084933 0.041097 0.116845 0.332938 0.198106 0.115209 0.146257 0.160314 0.135532 0.000717 -0.069960 0.068783 0.102191 0.258813 -0.054157 -0.024435 0.114060 -0.041635 0.139865 0.071246 0.064368 0.286313 -0.026943 -0.209583 -0.006765 -0.042498 -0.206083 -0.165572 -0.302757 -0.157837 0.139934 0.012033 0.263978 0.246943 -0.089244 0.011365 0.325125 0.339879 -0.042365 -0.043932 0.190327 0.085429 -0.003066 -0.019278 -0.115709 0.112337 -0.028999 0.008670 -0.218092 -0.174045 0.122793 0.048675 0.090176 -0.039946 0.133698 0.110868 -0.118945 -0.163645 -0.043226 -0.098813 -0.065839 -0.153465 0.184142 0.084399 -0.054444 -0.117148 0.084238 -0.054514 0.023921 -0.116150 -0.162122 -0.254033 -0.025710 -0.206727 -0.258883 0.279233 0.351789 -0.085639 -0.086451 -0.166107 -0.283938 -0.229756
-0.207172 -0.374496 0.030820 -0.267295 0.188078 0.338802 -0.224907 -0.357014 0.192449 0.191453 -0.100319 -0.262490 -0.202722 -0.352907 0.092919 0.074317 -0.263023 -0.279446 -0.303685 -0.143240 0.499143 1.000000 0.124576 -0.331126 0.514123 0.561691 0.316753 0.450875 -0.119663 0.019570 0.048463 0.002291 -0.135484 -0.050300 0.235599 0.066767 0.188657 0.555833 0.407859 0.003975 0.212616 0.155588 0.146933 -0.158017 0.055146 0.061223 0.195286 0.275744 -0.050689 0.061695 0.076061 -0.114852 0.112732 0.142067 0.272776 0.244968 -0.037204 -0.134727 0.026215 -0.258037 -0.025840 -0.394905 -0.371066 -0.280054 0.203997 -0.209180 0.145060 0.292918 -0.276602 -0.126343 0.166673 0.539323 -0.071102 0.156561 0.252290 0.214922 -0.172483 0.274403 -0.184233 -0.215730 -0.208254 -0.124645 -0.311263 -0.195366 0.124305 0.058182 0.053816 -0.093912 0.047176 0.033305 0.176669 0.147990 0.198772 0.191539 -0.188750 -0.416280 0.205283 0.052703 0.039649 0.040709 0.311962 -0.106519 0.145852 -0.123143 -0.041647 -0.079695 -0.200738 -0.201280 -0.469156 0.562418 0.563757 -0.095508 -0.036004 -0.225624 -0.253801 -0.348709
-0.302519 -0.332176 0.315142 0.296481 0.267132 0.371529 0.343347 0.173175 0.387546 0.245358 -0.072501 -0.232816 0.055657 -0.298757 0.413124 0.125510 -0.356487 -0.308568 0.203817 -0.074522 0.205631 0.124576 1.000000 0.602562 0.319707 0.525783 0.331308 0.447501 -0.158406 -0.461998 -0.055208 0.190380 -0.238337 0.151608 0.386306 0.141461 -0.098551 -0.060651 0.184761 0.119805 -0.117933 -0.010525 0.014915 0.014903 -0.024314 -0.042297 -0.071163 0.147072 -0.257353 -0.216843 -0.158030 -0.148576 -0.110736 0.062623 -0.014496 0.140774 -0.181863 -0.255511 -0.417022 -0.363151 -0.240466 -0.337148 -0.178726 -0.368698 0.507506 -0.162679 -0.201902 0.193567 -0.152856 -0.071309 0.004400 0.231519 -0.289739 -0.441136 -0.321226 0.040516 -0.047211 -0.133065 -0.102091 0.289217 -0.345135 -0.172884 0.327246 0.005601 0.395728 -0.078966 0.542218 0.095481 0.636290 0.289664 -0.023430 0.070735 0.150012 0.129472 0.026047 -0.028117 0.183263 0.048921 -0.092908 -0.137473 -0.014801 0.049667 -0.136468 -0.013845 -0.047626 -0.075522 0.057338 0.143185 0.024778 0.015150 0.194454 -0.009026 -0.057278 -0.055001 0.031029 0.051184
-0.304955 0.008665 0.253604 0.636056 0.081057 0.052396 0.474734 0.577750 0.184450 0.216832 -0.299038 -0.132504 -0.031037 0.067100 0.087981 0.170863 -0.161596 -0.183347 0.167697 0.000134 0.024835 -0.331126 0.602562 1.000000 0.042817 0.181601 0.021247 0.070711 -0.163277 -0.383296 0.083822 0.348113 -0.121667 0.326712 0.220159 0.287944 -0.176174 -0.222562 -0.041891 0.204237 -0.167319 0.120844 -0.204281 -0.125016 -0.153641 -0.116270 -0.274084 -0.013354 -0.396281 -0.434810 -0.240865 -0.221033 -0.117825 -0.142709 -0.258784 -0.236430 -0.357838 -0.342118 -0.290232 -0.025262 -0.108325 0.091800 0.122652 -0.002011 0.314526 0.204093 -0.141767 0.208078 -0.008602 -0.087254 -0.094818 0.026786 -0.220134 -0.514679 -0.453683 -0.197386 -0.036062 -0.283664 -0.162584 0.226883 -0.106448 -0.168401 0.417738 0.210636 0.120500 -0.175298 0.362910 0.068425 0.405030 0.330565 0.038048 -0.166310 0.044160 -0.123902 0.195031 0.273156 -0.093697 0.053124 -0.183234 -0.231299 -0.188647 0.035304 -0.276940 -0.111014 -0.185799 -0.199675 0.154098 0.033881 0.278909 -0.206329 0.007428 0.003445 -0.188505 -0.070430 0.031000 0.058602
-0.386937 -0.438584 -0.066351 -0.217795 0.410008 0.470916 -0.207370 -0.238188 0.280704 0.419605 -0.134514 -0.154663 -0.177109 -0.311111 0.124088 0.188104 -0.340843 -0.326448 -0.296523 -0.291715 0.603641 0.514123 0.319707 0.042817 1.000000 0.678226 0.473376 0.419189 -0.090973 -0.063561 0.035997 0.126260 0.040173 0.071157 0.241119 0.062105 0.036068 0.303541 0.202930 -0.018696 0.013527 -0.002120 0.161074 -0.006808 0.123411 0.215449 0.182800 0.281812 -0.015083 0.055059 -0.065610 -0.071569 0.139990 0.191559 0.228134 0.324348 -0.174253 -0.226660 -0.111961 -0.201109 -0.178490 -0.256697 -0.314110 -0.203219 0.270812 -0.121757 0.094791 0.360534 -0.270261 -0.022444 0.161077 0.330406 -0.053087 -0.082441 0.076761 0.104969 0.042687 0.081788 -0.140013 0.155925 -0.196481 -0.051507 -0.205815 0.017364 0.163409 0.066423 0.132404 -0.139285 0.146629 -0.045121 0.136087 -0.033965 0.190879 0.119204 -0.136596 -0.226013 0.202228 0.068483 0.124046 -0.051715 0.082353 0.042480 0.125995 0.014093 -0.021983 -0.133717 -0.053945 -0.109087 -0.334571 0.300485 0.408887 0.079988 -0.085359 -0.065609 -0.213469 -0.186625
-0.488039 -0.527713 0.181200 -0.099714 0.203508 0.494547 -0.072781 -0.046997 0.178410 0.278704 -0.263924 -0.324174 -0.230505 -0.387835 0.109364 -0.017453 -0.560420 -0.391812 -0.302900 -0.407587 0.673950 0.561691 0.525783 0.181601 0.678226 1.000000 0.419969 0.655224 -0.246226 -0.265702 0.079018 0.250687 -0.042049 0.090549 0.395956 0.170424 0.090153 0.367348 0.343248 0.017159 0.071467 0.054886 0.243588 0.157545 0.080170 0.165285 0.062302 0.289697 -0.192767 -0.115659 0.171349 -0.138723 -0.042036 -0.032209 0.145654 0.234840 -0.280139 -0.380120 -0.169865 -0.244618 -0.246420 -0.400737 -0.467523 -0.409955 0.586335 -0.034152 0.212523 0.484454 -0.185332 -0.024187 0.156580 0.383262 -0.131030 -0.074907 0.128106 0.180345 0.012397 0.146511 -0.223569 0.060865 -0.302348 -0.155739 -0.177927 -0.223321 0.403607 0.089061 0.210457 0.086855 0.358722 0.099312 -0.106815 -0.120811 0.100904 0.041858 -0.169215 -0.312028 0.265153 -0.030423 -0.085912 -0.189160 0.213788 -0.087561 0.166987 0.113751 -0.008109 -0.041032 0.006662 -0.033945 -0.381978 0.248714 0.518850 -0.030351 -0.019157 -0.014611 -0.179267 -0.108598
-0.130692 -0.287917 0.137554 -0.135938 0.762942 0.803464 -0.027515 -0.087638 0.480478 0.499855 0.180914 -0.109213 0.053336 -0.195606 0.327946 0.332323 -0.292332 -0.317542 -0.123373 -0.176352 0.417113 0.316753 0.331308 0.021247 0.473376 0.419969 1.000000 0.715628 -0.157608 -0.319890 -0.274464 -0.142055 -0.035101 -0.013017 0.231075 -0.056535 -0.138534 -0.001435 0.267198 0.317277 0.074133 -0.041016 0.041554 -0.014940 -0.076519 -0.014285 0.136543 0.174939 -0.005671 -0.027066 -0.009371 -0.115687 -0.114601 0.030112 0.160449 0.437586 -0.075274 -0.188532 -0.058422 -0.120395 -0.072369 -0.155261 -0.107216 -0.212199 0.215123 -0.073543 0.000618 0.143182 -0.248149 -0.079850 0.028834 0.275367 -0.159575 -0.309971 -0.095626 0.088467 -0.206570 -0.193487 -0.212730 0.299970 -0.211071 -0.197353 0.093808 -0.001167 0.221529 0.003482 0.354810 -0.060677 0.419464 0.274160 -0.087702 -0.042688 -0.074195 -0.024329 0.138167 -0.072066 0.467066 0.231890 0.066836 0.032896 -0.009903 0.107700 -0.111691 -0.117349 -0.061625 -0.052584 0.037615 0.029955 -0.125939 0.218938 0.196947 -0.143761 -0.152423 -0.149680 0.006794 -0.175125
-0.114631 -0.365270 0.119407 -0.152331 0.535466 0.729538 -0.037525 -0.106991 0.385142 0.443103 0.214536 -0.041114 0.208738 -0.156954 0.426698 0.286819 -0.302176 -0.334656 -0.232803 -0.338024 0.522005 0.450875 0.447501 0.070711 0.419189 0.655224 0.715628 1.000000 -0.197810 -0.248449 -0.168814 -0.003196 -0.097407 -0.083923 0.347308 -0.004404 0.042878 0.298105 0.438396 0.316749 0.233513 0.136466 -0.108025 -0.131450 -0.196265 -0.189078 -0.072226 0.007463 -0.221745 -0.242167 0.065840 -0.247483 -0.259906 -0.236993 0.144609 0.296896 -0.082682 -0.320372 -0.039308 -0.175830 0.034296 -0.153845 -0.131523 -0.212740 0.407845 0.085778 -0.001245 0.177428 -0.449766 -0.171395 0.095614 0.391976 -0.116014 -0.181383 0.072439 0.165255 -0.122085 -0.039483 -0.215748 0.157083 -0.148275 -0.172323 -0.007739 -0.094623 0.446328 0.148483 0.283895 0.116068 0.572265 0.299828 -0.246974 -0.162653 -0.062902 -0.054343 0.183999 -0.103606 0.458352 0.240660 -0.150599 -0.207344 0.134678 -0.021714 -0.111326 -0.187184 -0.111523 -0.122964 -0.058883 -0.178303 -0.204485 0.377624 0.330701 -0.246613 -0.197176 -0.239867 -0.103999 -0.236305
0.580413 0.188953 -0.375125 -0.172776 -0.168602 -0.239225 -0.146739 -0.279988 -0.299671 -0.483511 0.363555 0.469367 0.200982 0.279897 0.091387 0.157262 0.680596 0.658635 0.298740 0.431768 -0.147141 -0.119663 -0.158406 -0.163277 -0.090973 -0.246226 -0.157608 -0.197810 1.000000 0.576828 0.221558 0.360013 0.463206 0.282159 -0.558032 -0.501443 0.159323 -0.147057 -0.124049 -0.214352 0.165185 0.061102 -0.275538 -0.104124 -0.246096 -0.279488 -0.152117 -0.144555 -0.077647 -0.012992 -0.383257 -0.262088 -0.259124 -0.094054 -0.270170 0.096743 0.540691 0.378752 -0.268190 -0.372102 -0.004280 0.072361 0.323213 0.308634 -0.466265 -0.385472 -0.568069 -0.765570 0.031715 -0.032353 0.449314 0.042632 0.731413 0.421454 0.346224 0.201333 0.178699 0.267975 0.702414 0.334370 0.711136 0.753600 0.205532 0.669823 -0.009267 0.254205 0.043253 0.256070 -0.381358 -0.428868 -0.392286 -0.301875 -0.572950 -0.507738 -0.232134 -0.143646 -0.106073 -0.292787 -0.285961 -0.161649 -0.198529 -0.099127 -0.091232 0.099165 -0.240108 0.017525 0.160991 -0.009506 -0.033848 -0.400699 -0.389602 -0.293321 -0.308513 0.157590 0.088353 0.248182
0.249121 -0.003474 -0.479570 -0.397894 -0.306622 -0.266408 -0.344557 -0.283036 -0.444082 -0.364777 0.081469 0.536322 -0.031246 0.484042 -0.266247 0.159715 0.612081 0.725054 -0.191152 -0.094528 -0.159984 0.019570 -0.461998 -0.383296 -0.063561 -0.265702 -0.319890 -0.248449 0.576828 1.000000 0.589619 0.410318 0.255664 -0.047927 -0.334495 -0.249670 0.407197 0.137609 0.026441 -0.101127 0.382043 0.151624 -0.307688 -0.245993 0.046705 -0.119393 -0.105956 -0.387056 0.085142 0.043303 -0.120401 -0.196055 -0.130459 -0.262511 -0.020989 -0.042936 0.158831 0.006650 0.129992 -0.073016 0.165777 0.317337 0.300390 0.473506 -0.223216 0.087199 -0.212315 -0.426461 -0.233984 -0.369476 0.360771 0.041252 0.661775 0.757880 0.476182 0.282574 0.070710 0.454258 0.604750 -0.312591 0.607092 0.627810 -0.120461 0.478466 -0.169942 0.118008 -0.398605 -0.025028 -0.513634 -0.429528 -0.276904 -0.369206 -0.285255 -0.284486 -0.013953 0.053114 -0.127244 -0.018375 -0.161153 -0.164832 0.014572 -0.096766 0.073946 0.019329 -0.152661 -0.033079 -0.229710 -0.247766 0.076987 -0.007951 -0.302624 -0.201369 -0.139089 0.018119 -0.076091 -0.017627
-0.047033 -0.063568 -0.066891 0.016000 -0.329910 -0.142877 0.002122 0.174799 -0.412909 -0.225435 -0.434230 0.221144 -0.363167 0.387937 -0.502968 0.099739 0.299251 0.464949 -0.155772 -0.224303 -0.032357 0.048463 -0.055208 0.083822 0.035997 0.079018 -0.274464 -0.168814 0.221558 0.589619 1.000000 0.748385 0.226430 0.252940 -0.119728 0.075949 0.295153 0.013387 -0.024025 0.008799 0.370131 0.336458 -0.296434 -0.223555 0.176443 0.001731 -0.221537 -0.300435 -0.120232 -0.157660 -0.100405 -0.310338 -0.099657 -0.302243 -0.168862 -0.227034 -0.064940 -0.248882 0.076009 -0.050791 0.132325 0.293313 0.329649 0.494630 0.141325 0.257462 -0.052807 -0.057441 -0.116827 -0.524166 0.414955 0.120683 0.406438 0.535374 0.305044 0.236153 -0.127679 0.326181 0.335766 -0.318472 0.448082 0.451303 0.065490 0.350230 -0.142860 -0.089197 -0.156068 -0.044037 -0.351969 -0.203903 -0.269159 -0.516379 -0.237966 -0.375356 0.087744 0.105390 -0.220389 0.051368 -0.236929 -0.284290 0.044017 -0.000864 -0.055578 -0.066482 -0.250169 -0.210027 -0.314609 -0.233538 0.172232 0.022408 -0.146242 -0.183225 -0.198368 -0.133376 -0.250726 -0.182028
-0.071217 -0.083987 0.036604 0.165681 -0.186815 -0.061470 0.163030 0.242472 -0.238250 -0.141717 -0.323106 0.247706 -0.147342 0.344461 -0.222113 0.133644 0.175906 0.344725 0.004020 -0.074850 0.055882 0.002291 0.190380 0.348113 0.126260 0.250687 -0.142055 -0.003196 0.360013 0.410318 0.748385 1.000000 0.229120 0.463438 -0.000018 0.166151 0.184636 -0.031572 0.083355 0.090992 0.332260 0.387838 -0.353686 -0.239572 0.005475 -0.102166 -0.356834 -0.208626 -0.415246 -0.349639 -0.267037 -0.532161 -0.399583 -0.414037 -0.215390 -0.216891 -0.081035 -0.268379 -0.217096 -0.234906 0.007291 0.163455 0.202503 0.295131 0.294619 0.146992 -0.173198 -0.067928 -0.101627 -0.486374 0.443269 0.272403 0.391324 0.338705 0.214644 0.267673 -0.083623 0.318228 0.340199 -0.049178 0.400016 0.438309 0.304042 0.500351 0.066706 0.016632 0.107294 0.142215 -0.144388 -0.216249 -0.462970 -0.597865 -0.353645 -0.501837 0.133211 0.099781 -0.104312 0.019482 -0.478775 -0.463242 -0.028052 -0.058835 -0.069659 -0.070532 -0.369796 -0.287858 -0.209569 -0.216838 0.193230 -0.035399 -0.055379 -0.327648 -0.360988 -0.132780 -0.260056 -0.114459
0.357748 0.309687 -0.092399 -0.072059 -0.221890 -0.091368 -0.073755 -0.083105 -0.378761 -0.427460 -0.030340 0.146702 -0.096006 0.092674 -0.360943 -0.144814 0.399553 0.450010 0.190396 0.215103 0.093528 -0.135484 -0.238337 -0.121667 0.040173 -0.042049 -0.035101 -0.097407 0.463206 0.255664 0.226430 0.229120 1.000000 0.488132 -0.418302 -0.161694 0.076805 -0.216009 -0.338430 -0.233892 0.050006 0.056566 -0.022542 0.114522 -0.043715 0.009587 -0.026202 -0.027775 0.002925 0.087942 -0.052278 -0.004857 0.113351 0.047293 -0.385002 -0.030284 0.417521 0.387714 0.024965 -0.006052 -0.018024 0.122349 0.190198 0.377835 -0.386984 -0.146488 -0.072047 -0.351233 0.392791 0.104141 0.318042 -0.115398 0.439643 0.275509 0.212843 0.017533 0.165921 0.190493 0.458748 0.197147 0.581925 0.576222 -0.121203 0.194704 -0.268890 -0.013349 -0.241327 -0.044291 -0.450214 -0.309578 -0.415739 -0.415288 -0.570797 -0.493199 -0.218226 -0.187110 -0.229907 -0.306182 -0.279986 -0.177948 -0.034815 0.110760 0.020930 0.084704 -0.209713 -0.156202 0.129663 -0.033319 -0.118262 -0.358173 -0.266954 -0.282315 -0.307708 0.027139 -0.143009 0.041803
0.036882 0.367607 0.337298 0.453209 -0.077792 -0.089687 0.336807 0.300726 -0.003303 -0.188684 -0.214423 -0.092044 -0.076336 0.081122 -0.152363 0.045433 0.064717 0.105439 0.359625 0.432880 0.046875 -0.050300 0.151608 0.326712 0.071157 0.090549 -0.013017 -0.083923 0.282159 -0.047927 0.252940 0.463438 0.488132 1.000000 -0.135256 0.248254 -0.009400 -0.246286 -0.209950 -0.103187 -0.039333 0.278371 -0.094795 -0.088153 -0.141042 -0.073662 -0.180140 0.143753 -0.321205 -0.210359 -0.252951 -0.250566 -0.147978 -0.055012 -0.581592 -0.275281 -0.039225 0.213689 -0.276249 -0.085423 -0.137386 -0.086779 0.072094 0.162464 -0.073766 -0.233116 -0.091957 -0.075059 0.332038 -0.021496 0.286725 0.231400 0.147768 -0.021935 0.002146 -0.022266 0.064632 0.096383 0.031599 0.315298 0.163828 0.203142 0.262611 0.292462 -0.273289 -0.265303 0.096128 0.139030 -0.187879 -0.178251 -0.256791 -0.271004 -0.315378 -0.376296 -0.128448 -0.097124 -0.202537 -0.223618 -0.390921 -0.295596 -0.151926 0.111978 -0.106485 -0.015502 -0.225121 -0.239209 0.187259 -0.037266 -0.061316 -0.222652 0.068868 -0.142612 -0.324744 -0.048989 -0.212616 -0.130120
-0.549028 -0.448601 0.296171 -0.016931 0.316088 0.275112 0.166890 0.019075 0.345648 0.328024 -0.183089 -0.243572 -0.108523 -0.318639 0.090002 -0.110311 -0.484877 -0.458727 -0.176148 -0.269080 0.084933 0.235599 0.386306 0.220159 0.241119 0.395956 0.231075 0.347308 -0.558032 -0.334495 -0.119728 -0.000018 -0.418302 -0.135256 1.000000 0.690368 0.047754 0.224433 0.372131 0.254292 0.100869 0.042196 0.129077 -0.090735 0.267694 0.170968 0.011982 0.131390 -0.203397 -0.236067 -0.002741 -0.251182 -0.144277 -0.211571 0.288255 -0.007449 -0.454417 -0.434602 -0.112806 -0.069165 -0.065133 -0.250209 -0.301984 -0.368399 0.619769 0.223660 0.278000 0.678386 -0.245748 -0.106040 -0.329273 0.222367 -0.485721 -0.297925 -0.216336 -0.023742 -0.195438 -0.051049 -0.367919 -0.190427 -0.561171 -0.480096 0.028848 -0.269689 0.262071 -0.159944 0.078032 -0.215181 0.510874 0.284028 0.105824 0.189262 0.382516 0.364925 0.075316 0.038604 0.243014 0.087135 -0.005182 -0.103194 0.093953 0.097534 0.065204 -0.067133 0.122961 0.084639 -0.053411 -0.043799 -0.058612 0.263565 0.461015 0.063148 0.107491 -0.129050 0.109248 -0.215765
-0.462081 -0.100203 0.417271 0.233405 0.059573 -0.020273 0.307571 0.295750 0.142143 0.216070 -0.376743 -0.218830 -0.230587 -0.138788 -0.253919 -0.181021 -0.342435 -0.279863 -0.094945 -0.074235 0.041097 0.066767 0.141461 0.287944 0.062105 0.170424 -0.056535 -0.004404 -0.501443 -0.249670 0.075949 0.166151 -0.161694 0.248254 0.690368 1.000000 0.018389 0.003406 0.011883 0.178138 0.022923 0.251705 0.063537 -0.161622 0.384230 0.312682 -0.010526 0.175204 -0.150731 -0.146544 0.006818 -0.158830 0.005425 -0.060993 -0.093474 -0.232651 -0.418816 -0.264304 -0.031401 0.076843 -0.043831 -0.076932 -0.192204 -0.097295 0.446776 0.317424 0.350182 0.688492 -0.002569 -0.219556 -0.259389 0.097508 -0.457465 -0.307209 -0.233721 -0.239119 -0.200676 -0.200603 -0.380727 -0.142847 -0.383474 -0.350064 0.075631 -0.195522 -0.093908 -0.336592 -0.184186 -0.281176 0.141713 0.180003 0.003478 0.050921 0.209034 0.154350 0.114003 0.165317 -0.077566 0.088365 -0.088067 -0.094924 -0.015630 0.178238 -0.104123 -0.261043 -0.165164 -0.214438 -0.111442 -0.197385 0.087453 0.243645 0.371579 0.100975 0.062736 -0.296520 -0.142317 -0.339544
