1.000000 0.151603 -0.001906 -0.202412 -0.045845 -0.134200 0.351204 -0.490523 0.081411 -0.124590 0.616762 -0.066782 0.631124 -0.218855 0.448642 -0.390147 0.285952 -0.152424 0.442311 0.418265 -0.050776 -0.230243 0.190635 -0.320610 -0.122659 -0.303956 -0.043935 0.033853 0.163193 -0.497980 -0.391312 -0.469297 0.020169 -0.310293 -0.291584 -0.523675 -0.299819 -0.074842 -0.084703 -0.142290 -0.229231 -0.270974 0.051774 -0.102920 -0.149127 -0.308949 0.081710 -0.016049 -0.019126 0.055391 0.199314 0.155275 0.242242 0.368677 -0.124863 0.047518 0.364946 0.364860 0.520290 -0.089723 0.582224 -0.280701 0.317512 0.096841 0.302248 -0.371252 -0.013389 -0.318512 0.149238 -0.107677 -0.180913 -0.284549 0.063840 -0.164919 -0.008468 0.006331 -0.124246 -0.300527 -0.189241 -0.048771 -0.285166 -0.103634 0.129771 -0.363773 0.277311 0.179956 0.052776 -0.202254 -0.061572 0.067934 -0.205690 0.432977 -0.294547 0.255678 0.008696 -0.162012 0.066222 -0.054560 0.151418 0.194698 0.013872 0.021455 -0.047300 0.067666 -0.152949 -0.058536 -0.141374 0.037125 -0.108019 0.007816 -0.083445 0.046214 0.031960 0.011986 0.182969 -0.069923
0.151603 1.000000 -0.135388 0.069624 -0.348835 -0.325775 -0.040627 0.081458 -0.337749 -0.222782 0.129881 0.393827 0.172344 0.337022 -0.397585 -0.261370 0.305463 0.294996 0.371182 0.452230 -0.310820 -0.361198 -0.280183 -0.135913 -0.209141 -0.274882 -0.396744 -0.421874 0.238716 0.244544 -0.279650 -0.065154 0.395300 0.426697 -0.301873 -0.067108 0.062983 -0.032877 -0.373099 -0.237705 -0.041293 0.193827 -0.097469 -0.051125 0.186284 0.185357 -0.406577 0.081138 0.071764 0.370323 0.027289 0.093344 0.111884 -0.163277 -0.331023 -0.406652 0.147263 0.437549 0.010879 0.153458 0.120060 0.497128 0.312603 0.423654 -0.153991 0.197424 0.230779 0.156008 0.504153 0.114523 -0.263771 -0.360463 0.148844 0.017456 -0.127783 -0.181540 -0.029240 -0.135886 0.104447 0.233808 0.231797 0.108733 -0.269913 -0.085448 -0.083960 -0.021812 -0.280437 -0.381999 -0.362531 -0.411410 -0.052909 -0.121999 0.086828 -0.027416 -0.162999 -0.370380 -0.033694 -0.254511 -0.065724 -0.037362 0.054499 0.108775 0.057428 -0.015936 -0.180367 -0.153026 -0.110197 -0.042885 -0.332097 -0.074547 0.101231 -0.169799 -0.046396 -0.197147 0.045969 -0.146022
-0.001906 -0.135388 1.000000 0.526980 0.120973 0.094136 0.706793 0.352370 0.166571 0.124151 0.206327 0.062410 0.027093 0.243555 0.213252 0.044877 -0.198668 -0.118832 0.079088 0.092904 0.189638 0.225087 0.695390 0.672175 0.072765 0.066764 0.040835 0.035640 -0.097517 -0.239152 0.207610 0.253655 -0.197820 -0.046053 0.260670 0.231932 0.030454 0.010689 0.021892 0.022450 0.106124 0.183641 -0.395255 -0.135714 -0.330944 -0.208797 -0.203519 -0.134283 -0.118209 -0.277714 -0.307908 -0.210777 -0.279858 -0.299954 -0.085321 -0.242218 -0.418747 -0.414719 0.004738 -0.330549 0.079197 0.001038 -0.271080 -0.168760 0.245551 0.188145 -0.348711 -0.080895 -0.203202 -0.294332 0.201418 0.187069 0.023883 0.207105 0.267933 0.222055 0.229116 0.254299 -0.207523 -0.197489 -0.456800 -0.264116 0.219322 -0.049102 0.101907 -0.171851 0.035715 -0.039321 0.300865 0.041918 0.028585 0.126763 0.028426 0.073812 -0.030680 0.111570 -0.236814 0.016249 -0.565083 -0.511127 -0.283426 -0.211509 -0.259784 -0.284639 -0.053372 -0.178477 -0.034316 -0.211082 -0.011630 0.047766 -0.054342 -0.377498 -0.091596 -0.088477 -0.099061 -0.042896
-0.202412 0.069624 0.526980 1.000000 0.019093 0.133952 0.195788 0.465339 0.046950 0.298542 0.064703 0.321189 -0.240932 0.455501 -0.051873 0.251981 -0.034465 -0.032967 0.002054 0.159280 0.157457 0.245525 0.581619 0.564397 0.233016 0.230461 -0.102638 -0.095203 -0.217681 0.040540 0.241491 0.327411 -0.061011 0.152146 0.166256 0.229704 0.014443 0.088476 -0.156400 -0.103308 0.048760 0.150960 -0.284807 -0.148476 -0.178186 -0.006164 -0.230606 -0.190866 -0.269738 -0.121696 -0.170094 0.031111 -0.371691 -0.351502 -0.259026 -0.252053 -0.197777 -0.140988 -0.243493 -0.090871 -0.151952 0.180682 -0.296307 0.177438 0.066323 0.412587 -0.063690 0.217419 -0.057413 -0.060954 0.176929 0.066714 -0.029876 0.247308 0.174129 0.070165 0.227371 0.341967 -0.052450 -0.109021 -0.063627 0.157949 -0.053454 -0.023176 0.225524 0.048467 -0.061848 -0.207067 0.082366 -0.109313 -0.120502 -0.170416 -0.017850 -0.190602 -0.066669 -0.184453 -0.418395 -0.091907 -0.559737 -0.464294 -0.279924 -0.357736 -0.360425 -0.145785 -0.005628 -0.158040 -0.158399 -0.248386 -0.213611 -0.088953 -0.117572 -0.203240 -0.261180 -0.109193 -0.113348 -0.247201
-0.045845 -0.348835 0.120973 0.019093 1.000000 0.807291 0.384334 0.393180 0.834813 0.747942 -0.238343 -0.326059 -0.123594 -0.206627 0.542696 0.429689 -0.494619 -0.545601 -0.601293 -0.249078 0.743782 0.565698 0.153526 0.166880 0.487461 0.392463 0.827039 0.833508 -0.492987 -0.152069 0.255680 0.004206 -0.423658 -0.406932 0.210808 0.052021 -0.171272 0.066554 0.324713 0.207377 -0.062035 -0.473449 -0.244865 -0.124993 -0.540144 -0.417532 0.514955 -0.184260 -0.302344 -0.554188 -0.217947 0.057521 -0.031140 0.068827 0.143142 0.428923 0.203658 -0.145149 0.100757 0.399952 0.038668 -0.325245 -0.483234 -0.183819 -0.079752 -0.106944 -0.175251 -0.158925 -0.673534 -0.062790 0.513479 0.257102 -0.052840 0.085225 0.156729 0.455331 0.272279 0.148226 0.043924 -0.622368 -0.138592 -0.072326 0.344914 0.311685 0.020602 0.213209 0.033826 0.207953 0.350799 0.419932 -0.252414 -0.320528 -0.374931 -0.304496 0.297067 0.272970 -0.192960 0.216574 -0.071480 -0.235177 -0.379175 -0.426539 -0.281724 -0.308956 0.109078 -0.000557 0.035660 -0.188552 0.491240 0.014288 -0.496787 0.064872 -0.109923 -0.018922 -0.165840 0.028516
-0.134200 -0.325775 0.094136 0.133952 0.807291 1.000000 0.236293 0.518581 0.767519 0.889943 -0.394912 -0.262849 -0.339907 -0.080525 0.326778 0.427822 -0.473799 -0.429352 -0.627731 -0.358931 0.764343 0.629955 0.119201 0.237685 0.733962 0.634250 0.796686 0.807072 -0.571357 -0.065771 0.291182 0.087251 -0.254091 -0.312242 0.129255 0.110751 -0.013927 0.209756 0.352596 0.277958 0.001795 -0.387609 -0.248092 -0.108040 -0.534508 -0.336127 0.468357 -0.123922 -0.245607 -0.514900 -0.181883 0.175199 -0.223718 -0.032763 0.011588 0.382656 0.263089 -0.069563 0.037035 0.444677 -0.109356 -0.270323 -0.590168 -0.078117 -0.299112 0.025442 -0.025115 0.047550 -0.578731 0.078649 0.546515 0.307158 -0.156366 0.111717 0.097438 0.389285 0.288743 0.181250 0.067566 -0.528889 0.028161 0.149736 0.231605 0.332735 0.040906 0.283269 -0.010562 0.187612 0.228444 0.302940 -0.358428 -0.456660 -0.455412 -0.475665 0.278305 0.275096 -0.226767 0.257150 -0.129147 -0.292129 -0.474314 -0.489455 -0.417443 -0.325908 0.161027 0.045674 -0.065780 -0.199772 0.354929 0.046629 -0.417000 0.161444 -0.295150 -0.176671 -0.149898 -0.041599
0.351204 -0.040627 0.706793 0.195788 0.384334 0.236293 1.000000 0.302871 0.424543 0.255620 0.405257 0.043445 0.410392 0.160690 0.521762 0.100275 -0.106214 -0.240776 0.041926 0.212548 0.344150 0.247716 0.496091 0.311120 0.097586 -0.042357 0.270991 0.266324 0.016402 -0.233003 0.120742 0.058747 -0.254739 -0.204948 0.202187 0.045254 -0.092907 -0.024442 0.023658 -0.058419 0.102173 -0.128461 -0.460593 -0.211847 -0.408314 -0.393486 -0.004477 -0.223401 -0.195537 -0.405120 -0.323004 -0.140282 -0.109968 -0.119914 -0.131183 -0.107938 -0.184448 -0.323822 0.253911 -0.178570 0.402335 -0.140488 -0.157038 -0.175957 0.376665 -0.045361 -0.320935 -0.241087 -0.439061 -0.369151 0.336610 0.123874 0.205897 0.261123 0.275567 0.449607 0.325955 0.171922 -0.159970 -0.406324 -0.579426 -0.293063 0.413034 0.116222 0.032954 0.020521 -0.026601 -0.105010 0.218636 0.109532 -0.120693 0.108822 -0.210448 0.029401 0.052797 0.104049 -0.276556 -0.045324 -0.361700 -0.413535 -0.323272 -0.254094 -0.252169 -0.363560 -0.139242 -0.226838 -0.066944 -0.207326 0.077723 0.045120 -0.298531 -0.222729 -0.078499 -0.114163 -0.134373 -0.046944
-0.490523 0.081458 0.352370 0.465339 0.393180 0.518581 0.302871 1.000000 0.350072 0.588048 -0.293886 0.260761 -0.379496 0.496293 -0.125051 0.433579 -0.310948 -0.124394 -0.422489 -0.127118 0.386884 0.405238 0.089936 0.534087 0.345930 0.433596 0.328394 0.282366 -0.310166 0.289833 0.411811 0.495793 0.016511 0.178010 0.254215 0.474992 0.211426 0.149760 0.085249 0.116900 0.282282 0.054080 -0.559376 -0.238130 -0.388834 -0.069125 -0.039191 -0.153437 -0.318546 -0.363971 -0.488095 -0.046635 -0.370023 -0.532537 -0.148590 -0.080083 -0.186695 -0.277748 -0.331396 0.290412 -0.175721 0.425225 -0.449520 0.045998 -0.135370 0.541640 -0.077657 0.236649 -0.408429 -0.052793 0.376750 0.230833 -0.001507 0.338214 0.096918 0.324076 0.426249 0.429881 0.027748 -0.265353 0.018479 0.098703 0.193011 0.490099 -0.173302 -0.021970 -0.007257 0.032849 0.072784 -0.061153 -0.094122 -0.520071 -0.079574 -0.486771 -0.055026 0.161200 -0.422670 -0.009681 -0.519770 -0.547915 -0.402601 -0.396227 -0.409625 -0.506014 -0.050589 -0.232653 -0.094105 -0.170901 0.120128 0.088136 -0.259487 -0.227894 -0.298957 -0.321063 -0.200855 -0.032323
0.081411 -0.337749 0.166571 0.046950 0.834813 0.767519 0.424543 0.350072 1.000000 0.788408 -0.023315 -0.135574 -0.110770 -0.093314 0.574818 0.259730 -0.449157 -0.473494 -0.575596 -0.239043 0.626915 0.467378 0.258184 0.163981 0.462315 0.336292 0.701854 0.759335 -0.544883 -0.290513 0.040979 -0.186021 -0.421338 -0.502031 0.135735 0.034945 -0.248661 0.090826 0.288470 0.283981 -0.125442 -0.463563 -0.218488 -0.080014 -0.532703 -0.400942 0.514991 -0.148388 -0.174199 -0.473532 -0.064124 0.210379 -0.117822 0.026915 0.054683 0.501058 0.240896 -0.111421 0.212847 0.386846 0.040920 -0.336632 -0.571568 -0.134678 -0.181394 -0.024395 -0.141021 -0.122821 -0.588434 -0.042793 0.306847 0.140778 -0.128777 -0.026270 0.210970 0.465628 0.286225 0.157121 0.032769 -0.611771 -0.109362 0.058974 0.231825 0.171514 0.146251 0.204775 0.077217 0.248696 0.342735 0.379346 -0.326727 -0.294282 -0.410766 -0.292028 0.340447 0.192345 -0.081526 0.320373 -0.141079 -0.263969 -0.499433 -0.535824 -0.376217 -0.269857 0.151756 0.028049 -0.055740 -0.261006 0.430074 0.053071 -0.406488 0.036539 -0.107298 0.010286 -0.188488 -0.038931
-0.124590 -0.222782 0.124151 0.298542 0.747942 0.889943 0.255620 0.588048 0.788408 1.000000 -0.251619 -0.023297 -0.298631 0.142005 0.253582 0.425897 -0.377715 -0.395720 -0.530314 -0.266600 0.711420 0.576560 0.126462 0.214377 0.640146 0.532282 0.628680 0.665491 -0.563465 -0.077649 0.187346 0.025047 -0.291001 -0.252553 0.189370 0.216408 -0.058530 0.205587 0.162735 0.163746 -0.036776 -0.317618 -0.241991 -0.056675 -0.455968 -0.202581 0.394629 -0.108320 -0.252027 -0.447745 -0.203416 0.183288 -0.268883 -0.111290 -0.102277 0.268702 0.188493 -0.106271 0.027534 0.444583 -0.027709 -0.098184 -0.541903 0.033792 -0.184126 0.263916 0.052547 0.196696 -0.560447 0.024919 0.474243 0.211034 -0.093213 0.159242 0.216807 0.490172 0.366922 0.318435 0.073966 -0.572504 0.065245 0.237840 0.129467 0.235198 0.123069 0.310683 -0.047440 0.081924 0.134990 0.176148 -0.347216 -0.481798 -0.367055 -0.477029 0.293444 0.064676 -0.334917 0.229051 -0.286479 -0.397084 -0.482782 -0.572073 -0.496048 -0.325636 0.103755 -0.042445 -0.127180 -0.317262 0.291908 -0.050275 -0.374860 0.076502 -0.338904 -0.190846 -0.228724 -0.175358
0.616762 0.129881 0.206327 0.064703 -0.238343 -0.394912 0.405257 -0.293886 -0.023315 -0.251619 1.000000 0.337087 0.726430 0.097534 0.350058 -0.285997 0.443364 0.111025 0.569387 0.473167 -0.290299 -0.332356 0.398899 -0.157322 -0.303146 -0.509719 -0.297911 -0.274121 0.403463 -0.364656 -0.295535 -0.310542 -0.031749 -0.094129 -0.002108 -0.205173 -0.272607 -0.142524 -0.350750 -0.314742 -0.168827 -0.058228 0.007388 -0.051669 0.067717 -0.140554 -0.241645 -0.128553 0.014852 0.104067 0.079002 -0.092415 -0.035963 0.104920 -0.225370 -0.286986 -0.134708 -0.057671 0.205768 -0.350140 0.444106 -0.046297 0.342159 -0.005773 0.524963 -0.123788 -0.166618 -0.226406 0.072835 -0.215581 -0.316028 -0.260629 0.178351 -0.071364 0.174785 -0.018736 0.029703 -0.002953 -0.007923 0.113608 -0.374590 -0.148964 0.035553 -0.430456 0.313654 -0.084661 0.058898 -0.320705 0.004035 -0.131741 0.042854 0.447932 0.042096 0.360357 0.017828 -0.323698 -0.001815 -0.076804 -0.094364 -0.097663 0.112949 0.097543 0.066379 0.176172 -0.058300 0.003978 -0.177219 -0.096128 -0.193070 -0.152664 0.011452 -0.245175 0.097860 0.185695 0.062117 -0.207563
-0.066782 0.393827 0.062410 0.321189 -0.326059 -0.262849 0.043445 0.260761 -0.135574 -0.023297 0.337087 1.000000 0.059427 0.733074 -0.280020 -0.074456 0.459961 0.379632 0.166966 0.281990 -0.326605 -0.214724 -0.004113 -0.023024 -0.052409 -0.121397 -0.467984 -0.462335 0.320503 0.170696 -0.026962 0.136488 0.263341 0.429695 0.073058 0.298997 0.028162 0.123518 -0.410037 -0.284294 0.074161 0.253728 -0.101236 0.044440 0.238747 0.315804 -0.442472 -0.090523 0.003837 0.179670 -0.211257 -0.040260 -0.425175 -0.357750 -0.371754 -0.469916 -0.036394 0.007461 -0.156036 -0.138506 0.067468 0.556948 0.127078 0.393564 0.079952 0.503434 0.207262 0.287577 0.158962 -0.072700 -0.309960 -0.194972 0.229277 0.111738 -0.008289 -0.033532 0.245986 0.316021 0.152920 0.211693 0.212847 0.388168 -0.302233 -0.169112 -0.061062 -0.130197 -0.084912 -0.266597 -0.328684 -0.497563 -0.040819 -0.136840 0.144346 -0.051979 -0.146888 -0.347848 -0.188704 -0.292366 -0.342389 -0.241530 -0.031712 -0.067121 -0.127262 0.003892 -0.180799 -0.160360 -0.101167 0.026259 -0.323624 -0.081610 0.057212 -0.203224 -0.080196 -0.050720 0.055144 -0.155412
0.631124 0.172344 0.027093 -0.240932 -0.123594 -0.339907 0.410392 -0.379496 -0.110770 -0.298631 0.726430 0.059427 1.000000 -0.048622 0.378659 -0.180615 0.438747 0.093966 0.463523 0.412481 -0.191493 -0.337312 0.105166 -0.316814 -0.276424 -0.500114 -0.132551 -0.159702 0.473696 -0.185774 -0.273600 -0.276862 -0.043047 -0.082915 -0.002055 -0.298267 -0.210904 -0.311578 -0.303733 -0.452487 -0.055281 -0.141865 -0.033641 -0.137465 0.078019 -0.174227 -0.188331 -0.135227 0.037115 0.072487 0.023189 -0.192456 0.246873 0.225289 -0.120921 -0.305298 -0.050396 0.020339 0.335606 -0.274267 0.564086 -0.157738 0.545791 -0.010282 0.537729 -0.336079 -0.216490 -0.330440 -0.026170 -0.243111 -0.069670 -0.168995 0.245628 0.106395 0.115944 -0.006729 -0.056273 -0.190113 -0.005596 0.042020 -0.319767 -0.276544 0.116902 -0.222223 0.009796 -0.049980 -0.160127 -0.418308 -0.040745 -0.080713 0.060537 0.388514 0.012123 0.355576 -0.007062 -0.243404 -0.022167 -0.247924 0.199994 0.076769 0.232108 0.249481 0.247267 0.199906 0.034398 0.137370 -0.173332 0.003979 -0.075605 -0.203868 -0.169346 -0.072994 0.100639 0.080802 0.027912 -0.080839
-0.218855 0.337022 0.243555 0.455501 -0.206627 -0.080525 0.160690 0.496293 -0.093314 0.142005 0.097534 0.733074 -0.048622 1.000000 -0.365741 0.027690 0.292005 0.276556 0.069428 0.062641 -0.108520 -0.044195 0.048314 0.220136 0.022027 0.057267 -0.285212 -0.358352 0.070917 0.216156 0.091267 0.358645 0.135999 0.337700 0.053087 0.307500 0.101837 0.116986 -0.237701 -0.106469 0.184162 0.277307 -0.354253 -0.127441 -0.034455 0.116708 -0.464943 -0.223213 -0.030787 -0.005263 -0.389837 -0.076001 -0.380091 -0.437995 -0.293359 -0.485366 -0.168878 -0.166102 -0.191669 -0.128905 0.064447 0.583452 -0.023084 0.281999 0.021588 0.623540 0.036470 0.230859 0.021613 -0.197871 -0.010476 0.156755 0.237321 0.216155 -0.014303 0.089316 0.269352 0.333895 0.082507 0.210541 0.086296 0.303039 -0.201557 0.016672 -0.072475 -0.077740 -0.089848 -0.207842 -0.174036 -0.353631 -0.065718 -0.241423 0.110779 -0.226532 -0.276543 -0.140525 -0.329469 -0.252137 -0.496515 -0.389820 -0.199741 -0.116493 -0.262167 -0.184919 -0.143439 -0.191067 -0.101122 -0.002390 -0.205328 0.096494 0.010714 -0.303402 -0.152349 -0.143655 0.071459 -0.060563
0.448642 -0.397585 0.213252 -0.051873 0.542696 0.326778 0.521762 -0.125051 0.574818 0.253582 0.350058 -0.280020 0.378659 -0.365741 1.000000 0.266879 -0.169964 -0.436559 -0.123570 0.091046 0.395967 0.168239 0.485126 -0.014672 0.116047 -0.047956 0.462564 0.500219 -0.113335 -0.422460 0.014295 -0.283933 -0.451235 -0.578801 0.062954 -0.246334 -0.302651 -0.102606 0.201700 0.004575 -0.143629 -0.449493 -0.182686 -0.221859 -0.370890 -0.536569 0.339173 -0.315561 -0.252545 -0.432958 0.014625 -0.019248 0.016868 0.211491 0.183367 0.338890 0.127355 -0.117953 0.298684 -0.123481 0.325257 -0.575517 -0.208220 -0.275874 0.378261 -0.406285 -0.369642 -0.468658 -0.416330 -0.186120 0.242236 0.050431 -0.035700 -0.026695 0.275057 0.306589 0.168603 -0.038425 -0.198454 -0.453258 -0.454114 -0.259263 0.391231 0.035600 0.240764 0.118413 0.092201 0.086729 0.387308 0.414445 -0.175618 0.240559 -0.263073 0.195825 0.263542 0.158034 -0.019412 0.185817 0.089880 0.003821 -0.151512 -0.169579 0.017830 0.023430 0.112352 0.086408 -0.040613 -0.088462 0.300285 -0.029193 -0.438367 0.059907 0.050856 0.225773 -0.029761 0.016820
-0.390147 -0.261370 0.044877 0.251981 0.429689 0.427822 0.100275 0.433579 0.259730 0.425897 -0.285997 -0.074456 -0.180615 0.027690 0.266879 1.000000 -0.224913 -0.066540 -0.363419 -0.036968 0.362250 0.433865 0.085314 0.173102 0.385526 0.380842 0.423703 0.381692 -0.064160 0.306924 0.528916 0.374219 -0.305653 -0.032674 0.242736 0.249075 0.091610 0.057632 0.160396 -0.011485 0.176464 -0.042357 -0.287993 -0.221325 -0.097948 -0.094392 0.118580 -0.245488 -0.407731 -0.380985 -0.312436 -0.183266 -0.189964 -0.254175 0.170156 0.055436 -0.176494 -0.351644 -0.283979 0.094630 -0.078582 -0.117877 -0.249231 -0.147586 0.137638 0.004986 -0.253351 -0.054570 -0.487599 -0.116194 0.508143 0.314660 0.091003 0.338642 0.125396 0.244857 0.224565 0.198785 -0.045071 -0.389646 -0.051568 -0.004836 0.272129 0.504622 -0.137830 0.109316 -0.080162 -0.005861 0.242309 0.154909 -0.021799 -0.320851 -0.057923 -0.210925 0.095747 0.146836 -0.306781 0.002054 -0.092619 -0.217824 -0.181969 -0.122899 0.004661 -0.070557 0.093097 0.030080 -0.039545 -0.121901 0.229892 -0.109103 -0.346767 0.089709 -0.154384 -0.006000 -0.161815 -0.081588
0.285952 0.305463 -0.198668 -0.034465 -0.494619 -0.473799 -0.106214 -0.310948 -0.449157 -0.377715 0.443364 0.459961 0.438747 0.292005 -0.169964 -0.224913 1.000000 0.473493 0.383082 0.255563 -0.445993 -0.344446 -0.077863 -0.367346 -0.264463 -0.352465 -0.441756 -0.552058 0.561945 0.199213 -0.204666 -0.100157 0.280363 0.330888 -0.006068 0.003103 0.064671 0.122741 -0.435487 -0.409283 0.115975 0.219195 0.088502 0.062263 0.386927 0.226713 -0.352900 0.010248 0.185231 0.342467 0.095571 0.069773 0.103148 0.115411 -0.371196 -0.457854 0.109606 0.273697 -0.121493 -0.326478 0.201361 0.141825 0.563902 0.444264 0.216279 0.019335 0.087590 -0.001262 0.286777 -0.098506 -0.360884 -0.280119 0.450655 0.108821 -0.030110 -0.257114 0.011678 -0.067844 0.263669 0.392946 0.231563 0.329493 -0.113638 -0.187115 -0.022714 0.000199 -0.307722 -0.484292 -0.368627 -0.452054 -0.082596 0.173385 0.004905 0.141131 -0.195356 -0.374058 -0.065421 -0.399895 0.074872 0.092690 0.176514 0.192160 0.060085 0.203733 -0.078735 0.038266 -0.211954 0.007220 -0.262010 -0.132337 0.083423 -0.078066 -0.103411 -0.002694 0.029891 -0.239179
-0.152424 0.294996 -0.118832 -0.032967 -0.545601 -0.429352 -0.240776 -0.124394 -0.473494 -0.395720 0.111025 0.379632 0.093966 0.276556 -0.436559 -0.066540 0.473493 1.000000 0.157145 0.200700 -0.385202 -0.304108 -0.149901 -0.102087 -0.213900 -0.176117 -0.434808 -0.475742 0.491477 0.387583 -0.049824 0.143849 0.323010 0.476437 0.053537 0.085783 0.182748 0.064542 -0.280337 -0.191886 0.212723 0.415962 0.097100 0.191829 0.372732 0.380186 -0.241046 0.144221 0.128322 0.346361 -0.019382 -0.024767 -0.114540 -0.088225 -0.251449 -0.404497 -0.039777 0.171636 -0.253503 -0.200953 -0.024145 0.274607 0.355417 0.327754 -0.001581 0.098667 0.170435 0.205922 0.357954 0.061519 -0.269667 -0.000617 0.267054 0.191016 0.044984 -0.214039 -0.019879 -0.030791 0.189820 0.484881 0.231027 0.296609 -0.156347 0.026131 -0.150159 -0.083087 -0.215075 -0.190806 -0.267546 -0.439021 -0.030849 -0.168632 0.096792 -0.137097 -0.332951 -0.181703 -0.007590 -0.346509 -0.009852 -0.076807 0.042487 0.068979 0.005574 0.000096 -0.124252 -0.067696 0.084284 -0.036771 -0.305222 -0.047560 0.162174 -0.058464 -0.134045 -0.120379 -0.019975 -0.136967
0.442311 0.371182 0.079088 0.002054 -0.601293 -0.627731 0.041926 -0.422489 -0.575596 -0.530314 0.569387 0.166966 0.463523 0.069428 -0.123570 -0.363419 0.383082 0.157145 1.000000 0.594873 -0.511778 -0.480297 0.039776 -0.248434 -0.430437 -0.459019 -0.576041 -0.594686 0.485035 -0.148747 -0.217924 -0.119055 0.251565 0.272372 -0.219966 -0.123015 0.025834 -0.065573 -0.344960 -0.337792 -0.099403 0.276442 0.178028 0.090158 0.285957 0.093601 -0.405071 0.097825 0.024521 0.227668 0.029972 -0.222909 0.053409 0.087728 -0.206999 -0.457468 -0.218810 0.036038 0.194241 -0.376023 0.380067 0.159542 0.459537 0.002391 0.409275 -0.080745 0.131130 0.020998 0.450880 -0.013601 -0.373304 -0.349687 0.236721 -0.054537 -0.015862 -0.187535 -0.060724 -0.075541 -0.103532 0.362807 -0.244653 -0.183473 -0.151799 -0.451810 0.196523 -0.175134 -0.057762 -0.354193 -0.292989 -0.371779 0.201595 0.506176 0.279733 0.437927 -0.106172 -0.288991 0.042937 -0.127151 -0.053352 0.147332 0.348180 0.399431 0.262143 0.280142 -0.120448 -0.024931 -0.048078 0.046283 -0.369443 -0.101672 0.349716 -0.090283 0.072374 0.142837 0.175238 -0.083358
0.418265 0.452230 0.092904 0.159280 -0.249078 -0.358931 0.212548 -0.127118 -0.239043 -0.266600 0.473167 0.281990 0.412481 0.062641 0.091046 -0.036968 0.255563 0.200700 0.594873 1.000000 -0.337172 -0.376115 0.085335 -0.193077 -0.245368 -0.354919 -0.392567 -0.343367 0.402359 -0.005039 -0.020483 -0.044971 0.232597 0.278679 -0.223397 -0.110600 0.065870 -0.018222 -0.261758 -0.309672 0.094194 0.129254 -0.018266 -0.037853 0.125095 0.038083 -0.142181 0.056853 -0.357636 0.009193 -0.139702 -0.141932 0.033901 0.024174 -0.204191 -0.330419 0.020649 0.240221 0.100926 -0.144850 0.338648 0.223452 0.250315 0.169795 0.312495 -0.088957 0.157590 0.008348 0.320398 -0.005199 -0.306729 -0.464905 0.411240 0.136920 0.133979 0.043751 0.160929 -0.097744 -0.203831 -0.000157 -0.154376 -0.035041 0.045047 -0.094931 0.138753 -0.059352 -0.019548 -0.370334 -0.236136 -0.335641 -0.031383 0.251114 -0.000290 0.202052 -0.131681 -0.215132 -0.163007 -0.210495 -0.097236 0.065775 0.084335 0.063918 0.056622 0.020125 -0.295390 -0.195032 -0.078640 -0.058790 -0.295608 -0.009342 0.106858 0.077701 0.047625 -0.039912 0.183513 -0.108532
-0.050776 -0.310820 0.189638 0.157457 0.743782 0.764343 0.344150 0.386884 0.626915 0.711420 -0.290299 -0.326605 -0.191493 -0.108520 0.395967 0.362250 -0.445993 -0.385202 -0.511778 -0.337172 1.000000 0.723894 0.215295 0.243350 0.494183 0.483829 0.699437 0.682080 -0.458172 -0.040118 0.332597 0.181350 -0.223263 -0.285993 0.192365 0.044292 0.079232 0.171714 0.291772 0.225632 0.073569 -0.274326 -0.232722 -0.071625 -0.498834 -0.355720 0.493412 -0.101935 -0.232749 -0.447969 -0.107133 0.220223 -0.142542 0.018497 -0.032940 0.365719 0.232508 -0.073956 0.153719 0.375427 0.111027 -0.240359 -0.455590 0.029138 -0.095769 -0.011628 -0.009430 -0.002937 -0.602986 -0.096264 0.631842 0.361614 -0.122787 0.198539 0.153333 0.446142 0.280077 0.117733 0.023444 -0.453004 -0.103856 0.059013 0.375709 0.408221 0.115219 0.404875 0.025619 0.250513 0.148012 0.292191 -0.450767 -0.447514 -0.543389 -0.465476 0.153880 0.276375 -0.266643 0.074541 -0.166205 -0.378983 -0.462222 -0.478096 -0.479658 -0.463113 -0.052312 -0.189038 -0.056139 -0.240054 0.267580 0.058263 -0.446241 -0.004914 -0.363637 -0.244912 -0.189960 -0.071692
-0.230243 -0.361198 0.225087 0.245525 0.565698 0.629955 0.247716 0.405238 0.467378 0.576560 -0.332356 -0.214724 -0.337312 -0.044195 0.168239 0.433865 -0.344446 -0.304108 -0.480297 -0.376115 0.723894 1.000000 0.204154 0.451043 0.508591 0.582717 0.571438 0.572060 -0.475925 0.014217 0.394927 0.320333 -0.169969 -0.140542 0.390042 0.246245 0.140483 0.289735 0.252040 0.207745 0.270711 0.005673 -0.170753 -0.039061 -0.282998 -0.141638 0.389358 0.019348 -0.155618 -0.376037 -0.136521 0.173775 -0.195350 -0.093317 -0.040724 0.289028 0.063048 -0.216973 -0.168444 0.200869 -0.203804 -0.263332 -0.421364 -0.047406 -0.161962 0.004869 -0.105504 0.036214 -0.515604 -0.184419 0.540774 0.411097 -0.125173 0.261230 0.055268 0.250993 0.181179 0.161889 -0.083681 -0.306766 -0.051338 0.114674 0.449826 0.469099 -0.015034 0.361735 -0.092601 0.168968 0.170761 0.273626 -0.159865 -0.370155 -0.350627 -0.427869 0.098941 0.345417 -0.185230 -0.010910 -0.149877 -0.256587 -0.434246 -0.356174 -0.429639 -0.495155 -0.099408 -0.249460 -0.213859 -0.194492 0.218839 0.126744 -0.283119 -0.030366 -0.260027 -0.246348 -0.223186 -0.076729
0.190635 -0.280183 0.695390 0.581619 0.153526 0.119201 0.496091 0.089936 0.258184 0.126462 0.398899 -0.004113 0.105166 0.048314 0.485126 0.085314 -0.077863 -0.149901 0.039776 0.085335 0.215295 0.204154 1.000000 0.587362 0.161284 0.054789 0.109792 0.146012 -0.073208 -0.277167 0.149186 0.091379 -0.308621 -0.279716 0.200713 -0.003888 -0.159001 0.009577 -0.010234 -0.038485 -0.041716 -0.096952 -0.282873 -0.232317 -0.393712 -0.388327 -0.048588 -0.256636 -0.249998 -0.344864 -0.099378 -0.103621 -0.281127 -0.101734 -0.080237 -0.052979 -0.212672 -0.248110 0.021786 -0.315422 0.035358 -0.322525 -0.290341 -0.139480 0.300137 -0.077441 -0.370759 -0.221345 -0.194541 -0.195045 0.178171 0.182947 -0.057436 0.073037 0.241219 0.136257 0.237988 0.276498 -0.084431 -0.180598 -0.348953 -0.070207 0.195685 -0.162020 0.346796 -0.090715 0.012557 -0.104727 0.412593 0.159176 -0.111423 0.178250 -0.154049 0.071395 0.023113 0.009314 -0.154392 0.054721 -0.377191 -0.356606 -0.259377 -0.314326 -0.267874 -0.039540 0.161121 0.024106 -0.104614 -0.214863 0.012921 -0.078111 -0.211420 -0.241138 -0.109028 0.130724 -0.158343 -0.232927
-0.320610 -0.135913 0.672175 0.564397 0.166880 0.237685 0.311120 0.534087 0.163981 0.214377 -0.157322 -0.023024 -0.316814 0.220136 -0.014672 0.173102 -0.367346 -0.102087 -0.248434 -0.193077 0.243350 0.451043 0.587362 1.000000 0.255982 0.341240 0.202342 0.191780 -0.389237 0.029446 0.305116 0.439167 -0.088219 -0.057873 0.249785 0.227037 0.179099 0.060379 0.126795 0.234333 0.279051 0.201139 -0.381105 -0.209290 -0.439705 -0.189223 -0.083481 0.016572 -0.180650 -0.321518 -0.287151 -0.121123 -0.354476 -0.445926 -0.028093 -0.092049 -0.356660 -0.352169 -0.324930 -0.164442 -0.401531 -0.039335 -0.473997 -0.244914 -0.104605 0.215854 -0.392975 -0.011888 -0.174995 -0.214643 0.289185 0.387244 -0.245196 0.236991 0.019240 0.055805 0.135832 0.299725 -0.218533 -0.054714 -0.176777 -0.105705 0.322950 0.260724 0.088940 -0.058287 0.007111 0.067866 0.398952 0.186464 0.154553 -0.074646 0.084487 -0.136170 -0.216990 0.255834 -0.089773 -0.082854 -0.490514 -0.411653 -0.322419 -0.278017 -0.323591 -0.433422 0.000546 -0.208726 -0.197207 -0.063988 0.007151 0.181218 -0.103416 -0.384739 -0.092186 -0.211152 -0.177982 -0.020927
-0.122659 -0.209141 0.072765 0.233016 0.487461 0.733962 0.097586 0.345930 0.462315 0.640146 -0.303146 -0.052409 -0.276424 0.022027 0.116047 0.385526 -0.264463 -0.213900 -0.430437 -0.245368 0.494183 0.508591 0.161284 0.255982 1.000000 0.786787 0.493950 0.504036 -0.352211 0.081398 0.324908 0.167294 -0.146144 -0.115183 0.095525 0.199766 0.061050 0.229322 0.094164 0.083780 0.045959 -0.242237 -0.069675 -0.075993 -0.297450 -0.143147 0.195338 -0.050759 -0.152947 -0.286883 -0.042976 0.210315 -0.268342 0.045922 -0.211455 0.129304 0.225378 0.001254 -0.093084 0.231312 -0.178868 -0.239511 -0.484733 0.036553 -0.280297 0.045913 0.053463 0.137019 -0.255273 0.025862 0.476036 0.210045 -0.003690 0.163778 -0.121357 0.090034 0.254386 0.145916 0.187416 -0.269592 0.178217 0.320916 0.030398 0.158876 0.187327 0.347071 -0.102087 -0.024082 0.050352 0.047821 -0.350451 -0.366093 -0.371934 -0.412314 0.121129 0.022000 -0.211926 0.022675 -0.102572 -0.271622 -0.420246 -0.394362 -0.389960 -0.217184 0.074217 -0.015344 -0.158367 -0.096689 0.041379 -0.067363 -0.238255 0.137982 -0.296052 -0.226541 -0.022295 -0.119543
-0.303956 -0.274882 0.066764 0.230461 0.392463 0.634250 -0.042357 0.433596 0.336292 0.532282 -0.509719 -0.121397 -0.500114 0.057267 -0.047956 0.380842 -0.352465 -0.176117 -0.459019 -0.354919 0.483829 0.582717 0.054789 0.341240 0.786787 1.000000 0.442803 0.396673 -0.422613 0.164845 0.536774 0.453474 -0.034228 0.023838 0.127274 0.311698 0.103053 0.357266 0.160266 0.143119 0.192674 -0.107881 -0.107781 -0.063936 -0.312489 -0.024964 0.120182 -0.051218 -0.104103 -0.251470 -0.085807 0.225876 -0.307822 -0.062862 -0.189207 0.121251 0.213984 0.005294 -0.179728 0.280583 -0.260157 -0.083671 -0.536594 0.103936 -0.359579 0.157522 0.133401 0.240985 -0.247711 0.085774 0.384850 0.262850 -0.051134 0.156484 -0.236359 0.099063 0.241689 0.133066 0.125338 -0.069184 0.252883 0.407262 0.060891 0.334327 0.060008 0.251106 -0.050141 0.159322 -0.011616 -0.029427 -0.289957 -0.422023 -0.310320 -0.528309 -0.056774 0.240700 -0.237071 -0.072490 -0.211496 -0.199155 -0.394495 -0.366832 -0.431761 -0.329611 0.003993 -0.074996 -0.054268 0.071685 0.037424 0.083756 -0.178430 0.070197 -0.292209 -0.269469 0.097011 0.078856
-0.043935 -0.396744 0.040835 -0.102638 0.827039 0.796686 0.270991 0.328394 0.701854 0.628680 -0.297911 -0.467984 -0.132551 -0.285212 0.462564 0.423703 -0.441756 -0.434808 -0.576041 -0.392567 0.699437 0.571438 0.109792 0.202342 0.493950 0.442803 1.000000 0.889947 -0.493825 -0.074187 0.311462 0.122846 -0.393289 -0.460572 0.089836 -0.090003 -0.116055 0.056474 0.475094 0.299870 -0.031184 -0.387676 -0.277510 -0.197437 -0.583632 -0.561571 0.528079 -0.175733 -0.171061 -0.556932 -0.150077 0.037447 -0.038730 0.013874 0.257279 0.466067 0.225089 -0.171797 0.042230 0.334014 -0.034058 -0.469778 -0.378039 -0.262243 -0.202933 -0.298359 -0.320409 -0.296719 -0.656894 0.046169 0.581196 0.411822 -0.115688 0.154434 0.081569 0.327014 0.138634 0.030643 0.080491 -0.453608 -0.148418 -0.159255 0.366679 0.340323 -0.074567 0.131752 0.057063 0.227793 0.436321 0.504821 -0.226742 -0.351982 -0.378274 -0.327155 0.287935 0.404592 -0.005601 0.277299 0.057975 -0.160813 -0.315960 -0.274648 -0.153707 -0.235443 0.229165 0.154956 -0.023309 -0.137197 0.564073 0.086205 -0.498265 0.048412 -0.100871 -0.020561 -0.155425 0.055533
0.033853 -0.421874 0.035640 -0.095203 0.833508 0.807072 0.266324 0.282366 0.759335 0.665491 -0.274121 -0.462335 -0.159702 -0.358352 0.500219 0.381692 -0.552058 -0.475742 -0.594686 -0.343367 0.682080 0.572060 0.146012 0.191780 0.504036 0.396673 0.889947 1.000000 -0.524017 -0.219447 0.215847 -0.034395 -0.365510 -0.544022 0.067913 -0.132398 -0.159266 0.035434 0.429163 0.334340 -0.132560 -0.467971 -0.174916 -0.142810 -0.558559 -0.484574 0.610367 -0.104868 -0.243238 -0.531118 -0.103410 0.069857 -0.048845 0.033743 0.226864 0.582649 0.257891 -0.096694 0.095305 0.368072 -0.059206 -0.486070 -0.455416 -0.292984 -0.195215 -0.260889 -0.247634 -0.260827 -0.604845 0.005727 0.545105 0.358091 -0.245910 0.003694 -0.000847 0.350858 0.120421 0.021227 -0.072073 -0.547915 -0.137997 -0.156777 0.315352 0.258981 0.043207 0.254778 0.047131 0.204846 0.406721 0.563649 -0.235279 -0.294089 -0.378738 -0.285871 0.353345 0.382113 0.030618 0.386725 0.068640 -0.122705 -0.334699 -0.324372 -0.177302 -0.204339 0.202476 0.124220 0.015906 -0.177736 0.515503 0.084026 -0.413057 0.135160 -0.068380 0.045573 -0.161551 0.018962
0.163193 0.238716 -0.097517 -0.217681 -0.492987 -0.571357 0.016402 -0.310166 -0.544883 -0.563465 0.403463 0.320503 0.473696 0.070917 -0.113335 -0.064160 0.561945 0.491477 0.485035 0.402359 -0.458172 -0.475925 -0.073208 -0.389237 -0.352211 -0.422613 -0.493825 -0.524017 1.000000 0.270060 0.061402 0.089076 0.289920 0.464135 0.054481 0.043855 0.174997 -0.139579 -0.440022 -0.435050 0.099515 0.208673 0.067115 0.056572 0.458436 0.239679 -0.369097 -0.058465 0.017942 0.219425 -0.107447 -0.274762 0.081693 -0.029745 -0.158277 -0.447724 -0.151571 0.000899 0.074320 -0.305732 0.374824 0.229080 0.587151 0.178248 0.405262 -0.144760 0.182229 0.044879 0.286914 -0.036296 -0.278345 -0.205411 0.484266 0.074409 -0.059283 -0.114723 0.085887 0.029465 0.250408 0.307558 0.018690 0.033824 -0.085797 -0.112336 -0.231128 -0.312146 -0.244604 -0.339931 -0.339477 -0.504476 0.020402 0.151764 0.068820 0.171649 -0.151263 -0.213538 -0.075618 -0.293279 0.095083 0.024635 0.300171 0.338987 0.232579 0.258484 -0.070113 0.052782 0.022413 0.060893 -0.244330 -0.252812 0.170433 0.035909 -0.037679 0.048679 -0.016223 -0.067506
-0.497980 0.244544 -0.239152 0.040540 -0.152069 -0.065771 -0.233003 0.289833 -0.290513 -0.077649 -0.364656 0.170696 -0.185774 0.216156 -0.422460 0.306924 0.199213 0.387583 -0.148747 -0.005039 -0.040118 0.014217 -0.277167 0.029446 0.081398 0.164845 -0.074187 -0.219447 0.270060 1.000000 0.346009 0.398909 0.246602 0.530682 0.161237 0.364018 0.354809 0.056922 -0.200816 -0.146800 0.373438 0.173431 -0.166118 -0.029605 0.258664 0.325105 -0.137829 -0.007511 -0.128773 0.024003 -0.162612 -0.057227 -0.041602 -0.208164 -0.216435 -0.233654 -0.011859 0.052553 -0.318309 0.126418 -0.190732 0.317366 0.041436 0.273873 -0.183612 0.148427 0.234186 0.392280 0.046946 0.155239 0.128010 0.029500 0.332210 0.352778 -0.143180 -0.029927 0.224734 0.130377 0.340653 0.194552 0.417539 0.316471 -0.068512 0.462465 -0.353222 0.010508 -0.364018 -0.211021 -0.300935 -0.358753 -0.070015 -0.460187 -0.012939 -0.363126 -0.207437 -0.033343 -0.216193 -0.242769 -0.048491 -0.160292 -0.036223 -0.048283 -0.020841 -0.134815 -0.046611 -0.076970 -0.065460 -0.076332 -0.108819 -0.066718 -0.031056 0.005775 -0.252469 -0.228668 -0.232445 -0.148313
-0.391312 -0.279650 0.207610 0.241491 0.255680 0.291182 0.120742 0.411811 0.040979 0.187346 -0.295535 -0.026962 -0.273600 0.091267 0.014295 0.528916 -0.204666 -0.049824 -0.217924 -0.020483 0.332597 0.394927 0.149186 0.305116 0.324908 0.536774 0.311462 0.215847 0.061402 0.346009 1.000000 0.801750 0.033104 0.267603 0.227725 0.355300 0.293182 0.165838 0.062773 -0.025126 0.329662 0.052590 -0.273813 -0.139073 -0.187829 -0.137832 0.019559 -0.172101 -0.307592 -0.409055 -0.345246 -0.203343 -0.322342 -0.236891 -0.070076 -0.110486 -0.061687 -0.238136 -0.256537 -0.007325 -0.081615 0.040552 -0.277228 0.001309 -0.049065 -0.012670 -0.018251 0.085149 -0.353736 -0.014481 0.463008 0.363210 0.220735 0.367213 -0.146667 0.230199 0.417371 0.240387 0.110507 -0.059038 0.018073 0.062646 0.222914 0.407258 -0.088022 -0.056631 -0.031396 0.003858 0.046729 -0.103098 -0.182811 -0.332963 -0.132389 -0.301085 -0.053267 0.329669 -0.303756 -0.109031 -0.230770 -0.248766 -0.109608 -0.093926 -0.143512 -0.223000 -0.009532 -0.062221 0.121884 0.007738 0.141146 0.030783 -0.172290 -0.087948 -0.168306 -0.083612 0.081726 0.062819
-0.469297 -0.065154 0.253655 0.327411 0.004206 0.087251 0.058747 0.495793 -0.186021 0.025047 -0.310542 0.136488 -0.276862 0.358645 -0.283933 0.374219 -0.100157 0.143849 -0.119055 -0.044971 0.181350 0.320333 0.091379 0.439167 0.167294 0.453474 0.122846 -0.034395 0.089076 0.398909 0.801750 1.000000 0.218444 0.398639 0.129090 0.302913 0.343236 0.108071 0.058648 -0.008088 0.425755 0.260605 -0.416478 -0.286804 -0.156030 -0.059815 -0.215534 -0.194256 -0.231987 -0.220815 -0.395418 -0.220899 -0.308867 -0.388838 -0.091508 -0.247727 -0.137901 -0.237477 -0.297177 -0.033603 -0.066047 0.298610 -0.071165 0.131820 -0.096715 0.105933 -0.053581 0.082755 -0.153528 0.017747 0.361321 0.468313 0.171235 0.360012 -0.207620 0.020645 0.225342 0.200693 0.103709 0.187175 0.075194 0.141192 0.155101 0.410957 -0.236100 -0.115014 -0.005978 0.033649 -0.009827 -0.153455 -0.052840 -0.382935 -0.068918 -0.369345 -0.328685 0.261768 -0.338388 -0.308221 -0.287172 -0.287888 -0.114193 -0.028227 -0.188954 -0.320535 -0.105400 -0.182406 0.075054 0.124670 -0.046580 0.121734 -0.124248 -0.196601 -0.183313 -0.283663 0.067521 0.111350
0.020169 0.395300 -0.197820 -0.061011 -0.423658 -0.254091 -0.254739 0.016511 -0.421338 -0.291001 -0.031749 0.263341 -0.043047 0.135999 -0.451235 -0.305653 0.280363 0.323010 0.251565 0.232597 -0.223263 -0.169969 -0.308621 -0.088219 -0.146144 -0.034228 -0.393289 -0.365510 0.289920 0.246602 0.033104 0.218444 1.000000 0.673846 -0.106932 0.123952 0.429201 0.162026 -0.285951 -0.134885 0.228422 0.226770 0.038376 0.065347 0.132971 0.244758 -0.150587 0.283598 -0.062791 0.220794 -0.005407 0.146225 -0.020171 -0.073143 -0.388004 -0.191497 0.318352 0.488957 0.015389 0.091894 0.104893 0.472881 0.203845 0.441328 -0.269750 0.120417 0.449732 0.355084 0.408816 0.202008 -0.314692 -0.277615 0.118523 -0.004620 -0.339136 -0.250841 0.042733 -0.052672 0.126825 0.434040 0.351531 0.330714 -0.101362 0.171578 -0.166486 0.061815 -0.196813 -0.151820 -0.580732 -0.501853 -0.239368 -0.186868 -0.121605 -0.134268 -0.293027 -0.066853 0.049594 -0.328284 -0.015969 0.032901 -0.055202 0.136609 -0.165127 -0.187459 -0.288965 -0.227073 -0.086107 0.104623 -0.327303 0.143846 0.278750 -0.036388 -0.312667 -0.380723 0.120826 0.032913
-0.310293 0.426697 -0.046053 0.152146 -0.406932 -0.312242 -0.204948 0.178010 -0.502031 -0.252553 -0.094129 0.429695 -0.082915 0.337700 -0.578801 -0.032674 0.330888 0.476437 0.272372 0.278679 -0.285993 -0.140542 -0.279716 -0.057873 -0.115183 0.023838 -0.460572 -0.544022 0.464135 0.530682 0.267603 0.398639 0.673846 1.000000 0.182629 0.456444 0.423897 0.178790 -0.423273 -0.386351 0.317071 0.392088 -0.000346 0.184740 0.354987 0.479441 -0.367570 0.157488 -0.073241 0.208417 -0.169750 -0.069055 -0.059936 -0.199811 -0.448850 -0.516376 0.008148 0.183709 -0.189953 0.022348 0.049781 0.580569 0.256579 0.472871 -0.064340 0.307168 0.494454 0.568121 0.334271 0.251243 -0.264880 -0.319297 0.396049 0.282578 -0.107425 -0.145768 0.224522 0.205171 0.381398 0.404025 0.386310 0.340382 -0.242915 0.144341 -0.316163 -0.148342 -0.376626 -0.326359 -0.604299 -0.746727 -0.113124 -0.314150 0.102228 -0.185682 -0.164437 -0.185814 -0.197694 -0.384515 -0.206772 -0.194006 0.011135 0.096702 -0.085916 -0.089538 -0.215652 -0.157512 -0.048596 -0.083178 -0.282628 -0.156776 0.248226 -0.081167 -0.340663 -0.282979 0.020380 -0.115850
-0.291584 -0.301873 0.260670 0.166256 0.210808 0.129255 0.202187 0.254215 0.135735 0.189370 -0.002108 0.073058 -0.002055 0.053087 0.062954 0.242736 -0.006068 0.053537 -0.219966 -0.223397 0.192365 0.390042 0.200713 0.249785 0.095525 0.127274 0.089836 0.067913 0.054481 0.161237 0.227725 0.129090 -0.106932 0.182629 1.000000 0.647444 0.118787 0.064960 -0.184061 -0.273038 0.255492 0.111136 0.003884 0.239871 0.118826 0.213676 0.046328 0.101021 0.014600 -0.064102 -0.135209 -0.001509 -0.200520 -0.173942 -0.221256 -0.201682 -0.271574 -0.353811 -0.337616 -0.124990 -0.131516 -0.007476 -0.093955 -0.041183 0.317561 0.279278 -0.039687 0.269689 -0.386360 -0.174507 0.173565 0.065887 -0.004783 0.348538 0.305974 0.211406 0.261146 0.413453 0.153090 -0.194570 -0.052411 -0.000567 0.200652 0.198141 -0.182491 -0.082741 -0.251404 0.018878 -0.015114 -0.237109 0.031250 -0.136410 0.042196 -0.116453 0.171224 0.052752 -0.162442 -0.056458 -0.231908 -0.273674 -0.050109 -0.186294 -0.171143 -0.168284 -0.012624 -0.068796 -0.041087 -0.219973 0.074676 -0.255456 -0.104922 -0.152785 -0.212926 -0.051499 -0.423996 -0.213017
-0.523675 -0.067108 0.231932 0.229704 0.052021 0.110751 0.045254 0.474992 0.034945 0.216408 -0.205173 0.298997 -0.298267 0.307500 -0.246334 0.249075 0.003103 0.085783 -0.123015 -0.110600 0.044292 0.246245 -0.003888 0.227037 0.199766 0.311698 -0.090003 -0.132398 0.043855 0.364018 0.355300 0.302913 0.123952 0.456444 0.647444 1.000000 0.311913 0.293264 -0.188518 -0.182313 0.320782 0.250524 -0.056610 0.209330 0.120220 0.321359 -0.169940 0.081971 -0.017103 -0.111381 -0.284563 -0.100300 -0.358883 -0.322517 -0.306765 -0.319225 -0.301612 -0.294665 -0.321885 -0.064514 -0.170163 0.312861 -0.297193 0.092719 0.049799 0.552662 0.188031 0.466298 -0.181869 -0.013937 0.085769 -0.058577 0.231500 0.320223 0.123447 0.237844 0.488926 0.477326 0.206132 -0.040828 0.130329 0.195519 -0.053283 0.211732 -0.225369 -0.175225 -0.325924 -0.052656 -0.245495 -0.498556 -0.047977 -0.241439 0.170022 -0.091606 0.021374 0.018791 -0.181495 -0.079504 -0.424711 -0.312077 -0.029212 -0.065609 -0.197304 -0.118709 -0.042637 -0.068971 -0.018162 -0.121885 -0.018007 -0.098405 0.162867 -0.088697 -0.235170 -0.125714 -0.202056 -0.054626
