1.000000 0.586625 -0.126314 -0.076993 -0.172408 -0.231689 0.144374 -0.150343 0.250396 0.079044 0.582639 0.303288 0.506153 0.233102 0.386388 0.338875 0.374296 0.286793 0.315971 0.450159 -0.239089 -0.071311 0.076890 0.025844 0.180504 -0.048330 0.153347 -0.047785 0.200596 0.095094 -0.305261 -0.217250 0.211755 0.257175 -0.041629 0.205005 -0.087543 -0.094024 -0.098224 -0.246708 0.008855 -0.220228 -0.233225 -0.142819 -0.325205 -0.330155 -0.379278 -0.067978 -0.394112 -0.388371 -0.295964 -0.428912 -0.098159 -0.431626 -0.141749 -0.336122 0.364048 0.332679 -0.057362 -0.309791 0.096674 -0.011134 -0.085117 0.008398 -0.080527 -0.134010 -0.270743 -0.185018 0.270119 0.314466 -0.154084 -0.048256 0.048545 -0.272739 -0.140132 -0.180542 0.034429 0.044323 0.092257 -0.133948 0.204951 0.091370 0.193510 0.067838 0.144418 -0.115534 0.145059 0.129447 0.011098 -0.044614 -0.153585 -0.051837 -0.139618 -0.069997 -0.076926 -0.119740 -0.121413 -0.243078 -0.305068 -0.169791 -0.219153 -0.263079 -0.151815 -0.022605 0.001090 -0.102082 0.062245 0.101524 -0.360283 -0.056449 0.224031 -0.123585 -0.075553 -0.112311 -0.034629 0.038943
0.586625 1.000000 -0.153772 -0.085663 -0.436184 -0.326624 -0.107063 -0.238544 -0.224885 -0.169519 0.186953 0.258944 0.191198 0.070914 0.113391 0.023713 0.319635 0.339575 0.401626 0.433052 -0.294103 -0.072016 -0.063095 -0.129241 -0.016736 -0.277984 -0.066975 -0.241486 0.112391 0.173922 -0.304022 -0.302579 0.317890 0.311097 -0.089327 -0.073752 0.076725 -0.039701 0.040040 -0.152068 0.104831 0.003830 -0.076493 0.003552 -0.079347 -0.209548 -0.050751 0.006535 -0.171726 -0.174937 -0.069620 -0.031981 -0.014155 -0.174981 -0.041908 0.015131 0.596921 0.607902 -0.352539 -0.206719 -0.166532 -0.140185 0.056072 0.144935 -0.371162 -0.338625 -0.122094 -0.337930 0.556969 0.115507 -0.215630 0.004608 0.139339 -0.230071 -0.171775 -0.373622 0.094216 0.092453 0.190397 0.067349 0.201388 0.214703 0.076342 0.088064 -0.035036 0.024416 0.029290 0.050037 -0.268537 -0.181859 -0.318970 -0.316116 -0.460977 -0.240253 -0.140077 -0.145650 0.010280 -0.063300 -0.005482 -0.084110 -0.231663 -0.129298 -0.065644 -0.010544 -0.064015 -0.127344 -0.118513 0.027885 -0.237672 -0.082002 0.082278 -0.104511 -0.120768 -0.182022 -0.002133 -0.095223
-0.126314 -0.153772 1.000000 0.655566 0.254704 0.270816 0.458832 0.627737 0.192126 0.016368 -0.334238 -0.058388 -0.305196 -0.186178 -0.481023 -0.280540 -0.489055 -0.348266 0.306359 0.002498 0.197694 -0.025760 0.325057 0.275156 0.024413 0.312737 0.135017 0.325335 -0.433444 -0.172510 0.330150 0.378686 -0.142453 -0.063427 -0.001587 -0.077847 -0.250938 -0.211545 -0.156031 -0.079411 -0.096875 0.044570 -0.066552 -0.027506 -0.067020 0.143586 -0.173168 -0.095809 0.073733 -0.138951 -0.034292 -0.024622 -0.321278 -0.217133 -0.285335 -0.052060 -0.356112 -0.224270 0.101629 0.102881 -0.028821 0.168134 -0.261948 -0.152212 0.383855 0.573536 0.211222 0.288369 -0.037312 -0.352282 0.099477 0.137816 -0.315696 -0.032816 -0.143789 0.002333 0.011539 -0.038290 -0.259098 -0.225790 -0.517470 -0.451069 -0.346911 -0.306112 -0.296801 -0.474257 -0.274292 -0.098664 0.171043 -0.129155 -0.071544 -0.090159 0.159428 0.104417 0.072670 0.182091 0.008770 0.028193 -0.246128 -0.303255 -0.052778 -0.080305 0.016813 -0.090642 -0.129303 -0.151506 -0.202806 -0.271295 0.054848 0.121817 -0.044967 0.030106 -0.025153 -0.026303 -0.097745 -0.102390
-0.076993 -0.085663 0.655566 1.000000 0.133850 0.144423 0.473837 0.700882 0.095596 0.137183 -0.121358 0.172860 -0.206256 -0.137073 -0.240009 -0.083313 -0.344604 -0.226480 0.469091 0.346910 0.132420 -0.165410 0.315668 0.374992 -0.127040 0.025789 0.162989 0.226979 -0.332445 -0.053759 0.238773 0.421363 -0.003435 0.065503 0.006048 -0.047253 -0.239710 -0.327241 -0.213450 -0.117267 0.006294 0.048137 -0.344137 -0.268948 -0.279070 -0.046428 -0.294035 -0.302603 -0.133694 -0.239184 -0.171461 -0.226471 -0.399503 -0.340779 -0.341352 -0.212893 -0.369849 -0.322546 0.143425 0.062077 0.172386 0.344338 -0.155849 -0.091782 0.474156 0.556843 0.152811 0.258180 0.016207 -0.308239 -0.121579 -0.036118 -0.254170 -0.042965 0.032684 0.169459 -0.018790 -0.065666 -0.298208 -0.328498 -0.361015 -0.362085 -0.046347 0.041300 -0.090534 -0.277137 -0.055384 0.002399 0.250756 -0.235819 -0.060528 -0.005779 0.234563 0.070256 0.078562 0.337010 -0.258272 0.068445 -0.440162 -0.394128 -0.027102 -0.121241 -0.159983 -0.185831 -0.095174 -0.147710 -0.011331 -0.314620 0.062131 0.163659 -0.062704 -0.068717 -0.271666 -0.225178 -0.142754 -0.277928
-0.172408 -0.436184 0.254704 0.133850 1.000000 0.596136 0.336964 0.332831 0.581048 0.461520 -0.141127 -0.122011 -0.116233 0.137461 -0.084379 0.145628 -0.098484 -0.119409 -0.273624 -0.168202 0.441593 0.164895 -0.141269 -0.158339 -0.109442 -0.015060 0.289049 0.309487 -0.030577 -0.161975 0.087228 0.126018 -0.079364 -0.063068 -0.137060 0.065602 -0.182011 -0.066922 -0.157749 0.020339 0.117855 -0.182916 -0.004408 -0.035497 -0.024716 -0.013591 0.157521 0.026796 -0.094858 -0.035816 -0.369283 -0.205513 -0.219103 -0.021147 -0.150903 0.066993 -0.228549 -0.311814 0.301246 0.267082 0.267046 0.324801 0.027820 0.126585 0.079861 0.176951 0.023653 0.181427 -0.493948 -0.129331 0.233965 0.350961 0.055561 0.067222 0.067070 0.411058 0.031671 -0.051584 -0.036432 -0.056890 -0.046838 -0.046801 -0.027154 -0.014724 -0.298357 -0.276961 -0.227331 -0.392003 0.223976 0.132267 0.137824 0.113653 0.368803 0.434992 0.092637 0.105258 -0.092842 0.061543 -0.084313 0.035294 0.039049 0.284878 0.197664 0.090391 0.134655 0.254589 -0.021651 0.150695 0.048997 0.147386 -0.077878 0.072117 0.160981 0.142529 0.143295 0.040561
-0.231689 -0.326624 0.270816 0.144423 0.596136 1.000000 0.058288 0.232213 0.198586 0.276408 -0.215406 0.011322 -0.106141 -0.025528 -0.204125 0.029882 -0.353491 -0.211362 -0.191347 -0.212990 0.588598 0.505939 0.104719 0.074741 0.082988 0.250588 0.557970 0.737674 -0.405886 -0.306222 0.075984 0.110273 -0.172004 -0.255391 -0.138546 -0.054408 -0.194222 0.036904 -0.017036 0.134527 0.034713 -0.066018 0.025009 0.051162 -0.018991 0.169778 0.084161 0.021983 0.017478 -0.079267 -0.034413 -0.108469 -0.117613 0.020785 0.026191 0.278000 -0.314809 -0.237929 0.010669 0.062164 -0.121260 -0.107231 -0.214756 -0.203384 0.169326 0.290663 0.057926 0.340564 -0.306128 -0.114701 0.186259 0.479833 -0.259639 0.015009 -0.071593 0.161651 -0.077131 -0.245684 -0.254489 -0.197425 -0.292393 -0.217377 -0.150047 -0.075156 -0.168931 -0.067045 -0.151396 -0.191035 0.312056 0.221121 0.151776 0.119720 0.297810 0.306551 0.183025 0.190379 0.126132 0.286404 0.154490 0.243928 0.077484 0.233742 0.291812 0.214380 0.107347 0.241449 0.022494 0.125573 0.143814 0.179990 -0.030779 0.225327 0.224522 0.188789 0.123765 0.160733
0.144374 -0.107063 0.458832 0.473837 0.336964 0.058288 1.000000 0.701847 0.391563 0.440256 0.085225 0.252474 0.208181 0.317072 0.131652 0.205197 -0.004107 -0.015954 0.161653 0.244298 0.030055 -0.201878 -0.055456 -0.018443 -0.252601 -0.305307 0.102922 0.019478 -0.022485 -0.067438 0.020504 0.167623 -0.078855 0.205830 -0.152445 0.154455 -0.304401 -0.162542 -0.428377 -0.295286 -0.103215 -0.124957 -0.313607 -0.296177 -0.274116 -0.199661 -0.322393 -0.182376 -0.338668 -0.305524 -0.519842 -0.282728 -0.343008 -0.368589 -0.474228 -0.250609 -0.329743 -0.421260 0.145627 0.100386 0.431664 0.513117 -0.048350 0.012439 0.222461 0.232895 -0.119818 0.030918 -0.358435 -0.357797 0.001763 0.113701 -0.040282 0.135133 0.291260 0.241939 0.219872 0.126459 -0.393683 -0.484545 -0.210124 -0.291220 0.098748 0.152496 -0.165686 -0.260430 -0.370879 -0.177643 0.189708 -0.125895 0.274635 0.231925 0.407290 0.168382 -0.085685 0.170065 -0.378708 -0.251725 -0.332635 -0.197385 -0.181688 -0.116717 -0.067627 -0.138344 0.087176 -0.005027 -0.009736 -0.026017 -0.063039 0.024273 -0.102538 -0.041458 0.137097 0.055946 0.019201 -0.019055
-0.150343 -0.238544 0.627737 0.700882 0.332831 0.232213 0.701847 1.000000 0.249032 0.425984 -0.220979 0.244093 -0.077687 0.255313 -0.301020 -0.005044 -0.233300 -0.172049 0.104126 -0.023890 0.056960 -0.126661 -0.068822 -0.013743 -0.252693 -0.095577 -0.012196 0.120148 -0.224260 -0.019976 0.125901 0.352509 -0.103660 0.119653 -0.099445 0.076682 -0.183809 -0.150212 -0.245190 -0.114462 -0.046580 0.131318 -0.345054 -0.321649 -0.322908 -0.115089 -0.273284 -0.273218 -0.190340 -0.346316 -0.398574 -0.285408 -0.431209 -0.409395 -0.279199 -0.189783 -0.482202 -0.529245 0.211853 0.252325 0.358265 0.617520 -0.075402 0.061237 0.287563 0.616465 0.091739 0.303097 -0.296909 -0.452850 -0.019334 0.133314 -0.111949 0.107483 0.101945 0.212441 0.064477 -0.008561 -0.299593 -0.362822 -0.297771 -0.272620 -0.207888 -0.049601 -0.354572 -0.351388 -0.286005 -0.225704 0.192802 -0.160293 0.150927 0.055354 0.487871 0.202174 0.030448 0.420912 -0.322154 -0.034019 -0.460055 -0.275369 -0.137924 -0.110383 -0.112237 -0.087052 -0.027279 -0.045781 0.036364 -0.076916 0.061752 0.138754 -0.123289 0.022931 -0.013514 -0.039029 -0.055864 -0.054163
0.250396 -0.224885 0.192126 0.095596 0.581048 0.198586 0.391563 0.249032 1.000000 0.585222 0.197841 0.071489 0.242953 0.292704 0.301905 0.405878 0.044928 0.026477 -0.040564 0.098235 0.149841 0.117896 0.031868 0.015713 0.280861 0.045320 0.206921 0.124766 0.094992 0.021825 -0.045095 -0.060490 -0.099627 -0.130565 -0.064769 0.160549 -0.006735 0.059087 -0.046076 -0.000294 0.031528 -0.148466 -0.106939 -0.023141 -0.200345 -0.192276 -0.071516 0.039056 -0.305152 -0.200819 -0.457419 -0.387738 -0.355895 -0.208348 -0.187647 -0.071812 -0.093836 -0.153985 0.252870 0.012360 0.186210 0.258726 -0.187181 -0.083669 0.206130 0.216677 -0.275928 0.040649 -0.200706 0.148672 0.114118 0.104134 0.055555 0.075981 0.123459 0.280987 0.186108 0.033649 -0.059373 -0.086442 -0.046650 -0.171689 0.045289 0.076286 -0.136951 -0.320230 0.057623 -0.010595 0.247416 0.068365 0.072602 0.206266 0.436102 0.446593 -0.023492 -0.073680 -0.026381 -0.168598 -0.159183 0.000480 0.135343 0.146441 0.074159 -0.032068 0.215480 0.085974 0.142299 0.036385 -0.187711 0.033455 -0.035074 0.027652 0.217737 0.231979 0.064831 -0.002906
0.079044 -0.169519 0.016368 0.137183 0.461520 0.276408 0.440256 0.425984 0.585222 1.000000 0.208094 0.488326 0.342070 0.547402 0.363569 0.624152 0.231192 0.336349 -0.177221 0.016182 0.006090 0.083089 -0.161427 -0.128160 0.013545 -0.224981 0.175795 0.045454 0.221672 0.261605 -0.069321 -0.017663 0.139296 0.062913 -0.179566 0.057477 -0.082852 0.108349 -0.290183 -0.111998 0.097211 -0.132684 -0.061191 -0.067930 -0.229037 -0.309271 0.004668 -0.111927 -0.244691 -0.218190 -0.534000 -0.306506 -0.481881 -0.183234 -0.303902 0.013436 -0.161229 -0.264366 0.177883 0.145538 0.303472 0.393218 0.005728 0.210422 0.088330 0.169123 -0.247284 -0.017572 -0.283281 -0.097294 0.059700 0.292497 0.277682 0.253324 0.193943 0.322541 0.158579 0.023179 0.006737 -0.017778 0.029934 0.089389 0.000385 0.271396 -0.179868 -0.183998 -0.077664 -0.029596 -0.009043 -0.143735 0.054883 0.133612 0.467505 0.265006 0.053447 0.126892 -0.158571 -0.131706 -0.109343 0.012681 0.048690 0.151056 0.101699 -0.045919 0.043621 -0.039205 0.176517 -0.036056 0.087264 0.030597 -0.218413 -0.067266 0.212424 0.124994 -0.088579 -0.047778
0.582639 0.186953 -0.334238 -0.121358 -0.141127 -0.215406 0.085225 -0.220979 0.197841 0.208094 1.000000 0.570358 0.743301 0.485746 0.775994 0.613677 0.662953 0.492487 0.172810 0.439839 -0.177286 -0.053019 0.063955 0.112439 0.072410 -0.160451 0.137372 -0.106931 0.499133 0.282486 -0.091574 -0.004968 0.310169 0.241303 -0.007404 0.010431 0.058898 -0.081961 -0.104280 -0.260009 0.217634 -0.211954 -0.204889 -0.126164 -0.233285 -0.398711 -0.381074 -0.250905 -0.262598 -0.235893 -0.336502 -0.244109 -0.153101 -0.331459 -0.167369 -0.277157 0.109418 0.010857 0.027163 -0.149078 0.305014 0.040060 0.146438 0.107528 -0.009680 -0.243537 -0.371803 -0.371948 0.051877 0.338421 -0.018248 0.071040 0.289415 0.052425 0.239019 0.108767 0.155937 -0.045621 0.140965 0.059586 0.374049 0.262456 0.484174 0.479723 0.444543 0.284561 0.317670 0.304434 -0.007910 -0.056729 -0.180356 -0.089423 -0.191752 -0.169001 -0.096018 -0.048527 -0.200435 -0.317087 -0.248889 -0.246685 0.074155 -0.064231 -0.235830 -0.071273 0.005756 -0.125247 0.225536 -0.048231 -0.064939 -0.123662 -0.091462 -0.305145 -0.157135 -0.102648 -0.075647 -0.043024
0.303288 0.258944 -0.058388 0.172860 -0.122011 0.011322 0.252474 0.244093 0.071489 0.488326 0.570358 1.000000 0.578844 0.652653 0.408819 0.595725 0.515292 0.606336 0.205705 0.333927 -0.155692 0.071140 -0.079576 0.039204 -0.038829 -0.281483 0.134206 -0.033485 0.349682 0.456636 -0.066751 0.078275 0.344023 0.313556 -0.246868 -0.146417 0.123371 -0.001932 -0.073838 -0.111374 0.184029 0.049039 -0.355884 -0.276918 -0.437964 -0.493454 -0.362250 -0.449609 -0.236362 -0.399711 -0.487388 -0.273937 -0.292635 -0.439475 -0.071425 -0.096334 0.023550 -0.121818 0.047379 0.020506 0.320487 0.297735 0.236690 0.329648 -0.096039 -0.006931 -0.299071 -0.301233 0.056791 -0.042077 -0.082336 0.269597 0.321566 0.147874 0.206368 0.124259 0.186680 -0.010508 0.121049 -0.075084 0.205122 0.226860 0.173034 0.446990 0.020493 0.130736 0.098081 0.252279 -0.198734 -0.170793 -0.114922 -0.142939 -0.000095 -0.128324 -0.076248 0.284800 -0.246397 -0.131520 -0.172161 -0.206874 0.080567 -0.002633 -0.112728 -0.056040 -0.148812 -0.183399 0.153259 -0.066794 0.054221 -0.016137 -0.231992 -0.174715 -0.130879 -0.128952 -0.161817 -0.088598
0.506153 0.191198 -0.305196 -0.206256 -0.116233 -0.106141 0.208181 -0.077687 0.242953 0.342070 0.743301 0.578844 1.000000 0.694560 0.669671 0.552294 0.586902 0.451708 0.037085 0.271796 -0.197098 -0.009976 -0.215516 -0.155782 -0.042791 -0.348071 0.047633 -0.160349 0.389756 0.144315 -0.359984 -0.230461 0.182662 0.170983 -0.138692 0.014985 -0.001712 -0.024960 -0.178130 -0.260350 0.144205 -0.013150 -0.057574 0.019819 -0.084441 -0.245816 -0.288360 -0.201420 -0.118062 -0.145880 -0.403123 -0.160522 -0.075235 -0.269820 -0.113646 -0.200473 0.106054 -0.041607 0.125727 0.012720 0.304178 0.108249 0.147546 0.139118 -0.256859 -0.246812 -0.246018 -0.304576 -0.050142 0.259728 -0.160933 0.131299 0.282781 0.032704 0.237398 -0.024895 0.167262 -0.065172 0.039402 -0.086373 0.311737 0.147260 0.222861 0.254428 0.132937 0.164108 0.084711 0.102649 -0.168057 -0.046940 -0.025868 0.042840 -0.032529 -0.117452 -0.224300 -0.132491 -0.204780 -0.344503 -0.132917 -0.032287 0.059756 -0.054275 -0.125366 0.000591 0.164508 0.072884 0.286917 0.229717 -0.099012 -0.144215 -0.205882 -0.185500 -0.023286 0.133942 0.088475 0.143707
0.233102 0.070914 -0.186178 -0.137073 0.137461 -0.025528 0.317072 0.255313 0.292704 0.547402 0.485746 0.652653 0.694560 1.000000 0.405304 0.547077 0.634994 0.488540 -0.115529 0.116725 -0.166832 -0.078394 -0.454926 -0.374253 -0.237438 -0.443708 -0.127629 -0.287351 0.532235 0.328940 -0.165575 -0.027226 0.183663 0.286087 -0.271150 0.047685 0.153161 0.027497 -0.138906 -0.112572 0.227242 0.108920 -0.222024 -0.219214 -0.190591 -0.423283 -0.204024 -0.285341 -0.213874 -0.258439 -0.591277 -0.208638 -0.138879 -0.284384 -0.074249 -0.170730 -0.022798 -0.285475 0.233592 0.223273 0.555133 0.486016 0.400991 0.472916 -0.368140 -0.183241 -0.326434 -0.344620 -0.279370 -0.037942 0.019685 0.305095 0.526517 0.209697 0.330154 0.129180 0.189586 -0.000623 0.208113 -0.015271 0.450674 0.366172 0.171999 0.341705 -0.093715 0.155619 -0.034210 -0.102446 -0.197925 0.031978 0.046556 0.018579 0.118148 0.011779 -0.219954 0.046525 -0.354500 -0.323386 -0.147790 -0.067224 0.007462 0.073801 -0.054375 0.052019 0.078661 0.016395 0.135343 0.287589 -0.108697 -0.090345 -0.326090 -0.107098 0.029019 0.070276 -0.001922 0.006019
0.386388 0.113391 -0.481023 -0.240009 -0.084379 -0.204125 0.131652 -0.301020 0.301905 0.363569 0.775994 0.408819 0.669671 0.405304 1.000000 0.631653 0.602906 0.480483 -0.038550 0.315289 -0.117457 0.000222 0.044518 0.063384 0.106521 -0.317473 0.137323 -0.155828 0.447694 0.184457 -0.152290 -0.173141 0.184589 0.076258 0.005721 -0.004990 0.097681 0.045819 -0.172697 -0.233890 0.078289 -0.282415 -0.044589 -0.010032 -0.090042 -0.352071 -0.112616 -0.060972 -0.277324 -0.003581 -0.240590 -0.099872 -0.056530 -0.053330 -0.229846 -0.120430 0.211826 0.085193 -0.038465 -0.186076 0.215961 -0.030992 0.098450 0.039767 -0.028926 -0.408095 -0.492364 -0.448337 -0.065952 0.269497 -0.058298 0.075049 0.276814 0.120191 0.349701 0.166083 0.220006 0.001458 0.128950 0.091051 0.367685 0.241303 0.517300 0.511993 0.409414 0.318582 0.159410 0.223795 -0.011615 -0.050639 -0.049293 0.109037 -0.040094 -0.036340 -0.056437 -0.155010 -0.094812 -0.280944 0.004562 0.038225 0.149940 0.067496 -0.039215 -0.205077 0.110426 -0.119464 0.193943 -0.070727 -0.008622 -0.148320 -0.123752 -0.223011 0.039676 -0.041569 -0.112254 -0.012657
0.338875 0.023713 -0.280540 -0.083313 0.145628 0.029882 0.205197 -0.005044 0.405878 0.624152 0.613677 0.595725 0.552294 0.547077 0.631653 1.000000 0.541557 0.581219 0.035558 0.268291 -0.073947 0.028115 -0.075594 -0.036731 0.093897 -0.209936 0.321070 0.034356 0.506936 0.449889 -0.088177 -0.091972 0.267230 0.164968 -0.115687 0.010547 0.070008 0.106544 -0.115280 -0.109156 0.241731 -0.198925 -0.185294 -0.172609 -0.306073 -0.507531 -0.150641 -0.191906 -0.246432 -0.283555 -0.462203 -0.326717 -0.223148 -0.249338 -0.121450 -0.014773 0.133974 -0.019180 0.097290 -0.053423 0.300834 0.183481 0.107040 0.195275 -0.040553 -0.146598 -0.424636 -0.289800 -0.058370 0.261380 0.045327 0.242369 0.343339 0.054081 0.324431 0.237313 0.121669 0.034402 0.219293 0.084190 0.276708 0.209753 0.288308 0.421777 0.152924 0.112827 0.157424 0.306934 -0.024874 -0.052205 -0.200724 -0.104230 -0.007399 -0.010695 -0.191118 -0.026026 -0.109295 -0.191767 -0.104373 -0.111280 0.168426 0.147782 -0.009847 -0.059875 0.004770 -0.077760 0.221172 -0.038781 -0.113095 0.007684 -0.045232 -0.216099 -0.015150 -0.002506 -0.072544 -0.022311
0.374296 0.319635 -0.489055 -0.344604 -0.098484 -0.353491 -0.004107 -0.233300 0.044928 0.231192 0.662953 0.515292 0.586902 0.634994 0.602906 0.541557 1.000000 0.739841 0.110439 0.364661 -0.269176 -0.209902 -0.434398 -0.396118 -0.196324 -0.469098 -0.134400 -0.440587 0.771800 0.582354 -0.112389 -0.046636 0.477926 0.470129 -0.106764 -0.069037 0.254964 0.033882 -0.122523 -0.249960 0.214596 -0.036625 -0.187459 -0.171556 -0.175641 -0.547029 -0.114271 -0.335232 -0.280099 -0.216519 -0.437625 -0.159791 0.003694 -0.195109 0.000505 -0.193097 0.352298 0.154766 0.022240 0.016519 0.461785 0.274111 0.524906 0.489363 -0.428943 -0.536833 -0.377178 -0.649225 0.121937 0.228016 -0.050154 0.089560 0.666084 0.092041 0.314489 0.118839 0.284590 0.144591 0.456754 0.303666 0.705962 0.614556 0.346515 0.495485 0.137196 0.272516 0.137858 0.096552 -0.403347 -0.135680 -0.223659 -0.237232 -0.333599 -0.197366 -0.274495 -0.054302 -0.193044 -0.347082 -0.096117 -0.188344 0.080720 0.035376 -0.190262 0.044068 0.104422 0.032751 0.238050 0.181888 -0.056455 -0.177304 -0.245725 -0.307977 -0.184113 -0.074139 0.044529 0.028995
0.286793 0.339575 -0.348266 -0.226480 -0.119409 -0.211362 -0.015954 -0.172049 0.026477 0.336349 0.492487 0.606336 0.451708 0.488540 0.480483 0.581219 0.739841 1.000000 0.134084 0.299197 -0.146577 -0.057755 -0.265301 -0.254856 -0.125358 -0.361605 0.079180 -0.229560 0.694408 0.657023 -0.083221 -0.036046 0.437396 0.402724 -0.041240 -0.099341 0.328579 0.190107 -0.027018 -0.102419 0.193120 -0.027158 -0.110222 -0.157654 -0.305756 -0.603103 -0.054619 -0.273839 -0.272813 -0.324341 -0.412047 -0.203300 -0.105389 -0.221132 0.009587 -0.029161 0.367860 0.230884 -0.024239 0.012207 0.251364 0.167424 0.425553 0.443241 -0.356127 -0.425446 -0.335986 -0.541250 0.196425 0.043706 -0.015167 0.223475 0.562903 0.131521 0.154015 0.043162 0.302790 0.202167 0.443913 0.238781 0.509551 0.580352 0.353302 0.531028 0.085900 0.166476 0.107915 0.252337 -0.385296 -0.182170 -0.303493 -0.283237 -0.235271 -0.125290 -0.096864 -0.012147 -0.115047 -0.146523 -0.073355 -0.185026 0.116791 0.158965 -0.046384 -0.033155 0.033126 -0.136474 0.136631 -0.032116 -0.003049 -0.149251 -0.166612 -0.280484 -0.061043 -0.058216 -0.131697 -0.078401
0.315971 0.401626 0.306359 0.469091 -0.273624 -0.191347 0.161653 0.104126 -0.040564 -0.177221 0.172810 0.205705 0.037085 -0.115529 -0.038550 0.035558 0.110439 0.134084 1.000000 0.724310 -0.012579 -0.231449 0.148070 0.179156 0.019868 -0.017734 0.212317 0.063502 0.019783 0.198677 0.142368 0.109830 0.180370 0.164375 -0.032158 -0.170711 0.081362 -0.198425 -0.073088 -0.113196 -0.029788 0.026164 -0.348406 -0.234993 -0.311352 -0.298649 -0.277213 -0.336388 -0.184699 -0.382154 -0.146373 -0.262041 -0.198950 -0.376153 -0.090548 -0.163090 0.093689 0.165094 -0.090600 -0.151095 -0.028447 -0.005338 -0.071904 -0.174934 0.115556 0.033903 -0.007166 -0.231274 0.633621 0.057089 -0.074826 -0.200734 -0.012950 -0.183045 0.009221 -0.154298 0.228881 0.258751 -0.157196 -0.094205 -0.057365 -0.178138 0.096181 0.112717 0.135874 -0.077542 0.153753 0.275536 0.010654 -0.320313 -0.267476 -0.213968 -0.215322 -0.223020 -0.308181 0.063600 -0.080092 -0.156428 -0.249206 -0.422219 -0.102084 -0.161874 -0.282304 -0.004613 -0.025329 -0.012370 0.086026 -0.122757 -0.227697 0.068477 0.038594 -0.200997 -0.334999 -0.122218 -0.025060 -0.111913
0.450159 0.433052 0.002498 0.346910 -0.168202 -0.212990 0.244298 -0.023890 0.098235 0.016182 0.439839 0.333927 0.271796 0.116725 0.315289 0.268291 0.364661 0.299197 0.724310 1.000000 -0.041598 -0.198060 0.077198 0.118886 -0.026826 -0.299144 0.238680 -0.063793 0.265362 0.271066 0.033271 0.035460 0.268503 0.339789 -0.150227 -0.076467 0.083547 -0.216934 -0.080715 -0.139356 0.088737 -0.107108 -0.480506 -0.350883 -0.377798 -0.488567 -0.327808 -0.382941 -0.404685 -0.397888 -0.383540 -0.387728 -0.190889 -0.389521 -0.130327 -0.211556 0.240911 0.186223 -0.099557 -0.191491 0.181296 0.059815 0.160975 0.000547 -0.011070 -0.255137 -0.332346 -0.479759 0.423765 0.122511 -0.093791 -0.119651 0.150616 -0.117697 0.217949 0.013573 0.204182 0.144011 -0.099450 -0.100451 0.224948 0.036595 0.411285 0.473505 0.206099 0.025839 0.220149 0.284181 0.001529 -0.270891 -0.115549 -0.052207 -0.130750 -0.084535 -0.223906 0.131068 -0.156746 -0.106858 -0.165360 -0.272389 -0.024021 -0.084825 -0.201466 0.022482 0.089886 0.018408 0.143272 -0.096319 -0.089429 0.060288 -0.040778 -0.172899 -0.223613 -0.104472 0.105946 -0.188261
-0.239089 -0.294103 0.197694 0.132420 0.441593 0.588598 0.030055 0.056960 0.149841 0.006090 -0.177286 -0.155692 -0.197098 -0.166832 -0.117457 -0.073947 -0.269176 -0.146577 -0.012579 -0.041598 1.000000 0.283148 0.034443 -0.033902 -0.083190 0.117508 0.473014 0.483404 -0.114726 -0.106413 0.136282 0.165143 -0.128265 -0.084170 -0.195792 -0.093142 -0.099155 -0.029523 0.003444 0.178965 -0.174253 -0.162679 -0.087977 -0.141905 -0.113959 -0.053675 0.089938 -0.009608 -0.141468 -0.163476 -0.042250 -0.178402 0.084656 0.053208 0.093696 0.066664 -0.196740 -0.199472 0.033580 0.075689 0.036440 -0.010636 0.008847 -0.086896 0.064491 0.048723 0.031138 0.100369 -0.282643 -0.217510 0.186511 0.172653 -0.142231 0.002895 -0.061614 0.274725 -0.059911 -0.097083 -0.141777 -0.193530 0.009260 -0.061716 0.172203 0.102161 0.028936 0.034527 -0.065668 -0.056250 0.351961 0.161347 0.180811 0.103058 0.210918 0.137736 0.080242 0.125651 0.062339 0.176798 0.157571 0.134309 0.181745 0.145856 0.066465 0.140151 -0.041640 0.149201 -0.198975 0.120833 0.084215 0.114897 -0.035496 0.213193 0.177594 0.078673 0.062760 0.053167
-0.071311 -0.072016 -0.025760 -0.165410 0.164895 0.505939 -0.201878 -0.126661 0.117896 0.083089 -0.053019 0.071140 -0.009976 -0.078394 0.000222 0.028115 -0.209902 -0.057755 -0.231449 -0.198060 0.283148 1.000000 0.104381 0.089134 0.293803 0.274978 0.459299 0.451335 -0.236643 -0.094965 0.073502 -0.001072 -0.127342 -0.137983 -0.151346 0.035379 -0.010327 0.164996 0.188116 0.044879 -0.112766 -0.076282 -0.062184 0.031679 -0.168213 0.054943 -0.062989 -0.017791 0.029357 -0.126558 0.079120 0.029317 0.066744 0.023550 0.315237 0.101853 -0.068428 0.029762 0.002753 -0.033370 -0.193963 -0.237754 -0.149836 -0.187704 0.047301 0.057171 -0.038733 0.141105 -0.051444 0.056792 0.189642 0.316687 -0.175233 0.072806 -0.116492 0.079964 -0.066641 -0.120785 -0.058539 -0.042483 -0.103632 0.010150 -0.043163 -0.010299 0.091252 0.071913 0.142142 0.169929 0.125631 0.275599 0.148465 0.070389 0.149158 0.159577 0.057039 -0.000949 0.332223 0.132780 0.276771 0.278551 0.117428 0.053453 0.202517 0.169575 0.075587 0.038273 0.007689 -0.048708 0.093867 -0.196671 0.016090 0.144026 0.320059 0.185138 0.041254 0.339047
0.076890 -0.063095 0.325057 0.315668 -0.141269 0.104719 -0.055456 -0.068822 0.031868 -0.161427 0.063955 -0.079576 -0.215516 -0.454926 0.044518 -0.075594 -0.434398 -0.265301 0.148070 0.077198 0.034443 0.104381 1.000000 0.888391 0.607139 0.611281 0.316960 0.497254 -0.416656 -0.312973 0.247289 0.196818 -0.182787 -0.334016 0.331361 -0.022656 -0.157720 -0.101308 0.198037 0.063079 -0.082446 -0.164508 -0.044618 0.040466 -0.067781 0.185389 -0.182681 0.077118 -0.037306 0.024264 0.427319 -0.083392 -0.146523 0.010015 -0.106449 0.054336 -0.044628 0.222539 -0.311187 -0.556563 -0.491421 -0.555665 -0.548330 -0.568674 0.723974 0.352458 -0.148328 0.306672 0.161154 0.102748 0.094587 -0.134121 -0.548618 -0.190647 -0.167637 -0.105754 -0.240206 -0.244585 -0.168137 -0.053404 -0.505547 -0.405798 0.068321 -0.087414 0.410407 -0.048447 0.217134 0.278861 0.543850 0.157787 -0.144832 -0.034847 0.028284 0.010407 0.205648 -0.004172 0.157801 0.175529 -0.025204 -0.158374 0.126826 -0.131236 0.223611 -0.170686 -0.083549 -0.228998 -0.058188 -0.485207 -0.030171 0.016235 0.161698 -0.035924 -0.036877 -0.101122 -0.216126 -0.110838
0.025844 -0.129241 0.275156 0.374992 -0.158339 0.074741 -0.018443 -0.013743 0.015713 -0.128160 0.112439 0.039204 -0.155782 -0.374253 0.063384 -0.036731 -0.396118 -0.254856 0.179156 0.118886 -0.033902 0.089134 0.888391 1.000000 0.621472 0.558847 0.210792 0.425912 -0.415060 -0.283292 0.337796 0.324058 -0.127347 -0.264265 0.323400 0.028094 -0.164343 -0.135373 0.151569 0.017269 -0.060620 -0.063563 -0.108561 0.009601 -0.087546 0.181474 -0.257655 -0.043395 -0.052678 0.017537 0.356471 -0.091874 -0.159306 -0.024899 -0.124239 -0.021067 -0.073660 0.112896 -0.205704 -0.521895 -0.384911 -0.445637 -0.440793 -0.514949 0.667238 0.383052 -0.161486 0.301762 0.149896 0.162333 0.043604 -0.139556 -0.499896 -0.126968 -0.075092 0.025849 -0.255214 -0.255898 -0.249742 -0.143491 -0.458567 -0.411653 0.082419 -0.026095 0.378220 0.014539 0.251161 0.331047 0.480971 0.063665 -0.097315 0.000319 0.061326 -0.015662 0.110477 0.036666 0.065407 0.145062 -0.037186 -0.122430 0.163317 -0.028747 0.187966 -0.142993 -0.135160 -0.279799 -0.019668 -0.488479 0.082504 -0.001633 0.111124 -0.070792 -0.112456 -0.104436 -0.285891 -0.124029
0.180504 -0.016736 0.024413 -0.127040 -0.109442 0.082988 -0.252601 -0.252693 0.280861 0.013545 0.072410 -0.038829 -0.042791 -0.237438 0.106521 0.093897 -0.196324 -0.125358 0.019868 -0.026826 -0.083190 0.293803 0.607139 0.621472 1.000000 0.658445 0.206249 0.364926 -0.190525 -0.087894 0.147578 0.003394 -0.078082 -0.238765 0.260169 0.085422 0.010352 0.119763 0.327690 0.103286 -0.070819 0.005062 -0.029018 0.090996 -0.128741 0.076519 -0.186915 0.054200 -0.091820 -0.065060 0.303369 -0.143013 -0.099011 -0.001760 0.159048 0.026929 0.093809 0.300860 -0.230328 -0.496381 -0.500501 -0.511834 -0.441905 -0.517183 0.417287 0.259378 -0.240665 0.224885 0.258692 0.409658 0.232488 -0.084231 -0.217825 -0.015224 -0.125307 0.032878 -0.106668 -0.023099 -0.131654 0.015656 -0.276524 -0.262776 -0.083317 -0.088198 0.262422 -0.055987 0.343093 0.304692 0.336351 0.127496 -0.087249 0.039072 0.116991 0.140022 0.118861 -0.156293 0.232767 0.036073 0.159571 0.076182 0.140410 0.044003 0.198001 -0.091537 0.049191 -0.160885 0.091554 -0.226019 0.003346 -0.140505 0.114261 0.049170 0.118355 0.082697 -0.098947 0.034422
-0.048330 -0.277984 0.312737 0.025789 -0.015060 0.250588 -0.305307 -0.095577 0.045320 -0.224981 -0.160451 -0.281483 -0.348071 -0.443708 -0.317473 -0.209936 -0.469098 -0.361605 -0.017734 -0.299144 0.117508 0.274978 0.611281 0.558847 0.658445 1.000000 0.195722 0.507715 -0.348162 -0.152477 0.407153 0.320958 -0.274841 -0.333872 0.307489 0.067999 -0.156205 -0.007446 0.244599 0.056618 -0.184424 0.051156 0.043757 0.083182 -0.033690 0.267438 -0.226544 0.090235 0.117905 -0.068420 0.462277 -0.056510 -0.004953 -0.056439 0.167516 -0.085493 -0.217186 0.066518 -0.045162 -0.307893 -0.410780 -0.445709 -0.413202 -0.477097 0.524881 0.455253 0.091587 0.471829 0.098413 0.180767 0.366732 -0.014364 -0.374744 0.012732 -0.223066 -0.004725 -0.290570 -0.081064 -0.006541 -0.002173 -0.328786 -0.232950 -0.261083 -0.341023 0.268999 -0.142006 0.217057 0.167008 0.421127 0.286630 -0.094496 -0.038615 0.090403 0.146572 0.143049 -0.142549 0.310740 0.001854 0.022250 -0.033055 0.115068 0.030029 0.189815 0.052118 -0.038473 -0.091860 0.010595 -0.255966 -0.020783 -0.149118 0.218959 0.162424 0.065761 0.070055 -0.134019 0.070034
0.153347 -0.066975 0.135017 0.162989 0.289049 0.557970 0.102922 -0.012196 0.206921 0.175795 0.137372 0.134206 0.047633 -0.127629 0.137323 0.321070 -0.134400 0.079180 0.212317 0.238680 0.473014 0.459299 0.316960 0.210792 0.206249 0.195722 1.000000 0.731349 -0.141806 -0.059772 0.122681 -0.000515 -0.044568 -0.136622 -0.051971 -0.072417 -0.188031 -0.137596 0.000471 0.070171 0.014151 -0.306091 -0.244806 -0.235657 -0.280205 -0.196832 -0.165246 -0.177796 -0.114776 -0.278117 -0.043376 -0.281247 -0.018933 -0.158664 0.055026 0.130914 -0.063606 0.035786 -0.000382 -0.101756 -0.095446 -0.239603 -0.222733 -0.300435 0.276096 0.024841 -0.189152 0.004245 0.057547 0.061270 0.176380 0.284792 -0.204463 -0.195724 -0.050719 0.069197 -0.002592 -0.085653 -0.124446 -0.229230 -0.154749 -0.149952 0.184807 0.197678 0.162885 -0.041291 0.174124 0.274063 0.367874 0.166686 0.019888 0.105464 0.118146 0.161938 0.014063 0.105208 0.117707 0.085148 0.152629 0.016380 0.046531 0.121254 0.134519 0.079730 0.175195 0.131178 0.145328 0.008933 -0.046153 0.144814 0.016260 -0.016500 0.181615 0.108380 0.049009 0.132842
-0.047785 -0.241486 0.325335 0.226979 0.309487 0.737674 0.019478 0.120148 0.124766 0.045454 -0.106931 -0.033485 -0.160349 -0.287351 -0.155828 0.034356 -0.440587 -0.229560 0.063502 -0.063793 0.483404 0.451335 0.497254 0.425912 0.364926 0.507715 0.731349 1.000000 -0.422399 -0.296552 0.217057 0.167831 -0.201158 -0.253672 0.164803 -0.008062 -0.293218 -0.124842 0.104437 0.096112 -0.017674 -0.151946 -0.103067 -0.036171 -0.117007 0.137291 -0.130391 -0.033112 -0.040000 -0.138890 0.166087 -0.195147 -0.138943 -0.072461 0.022657 0.194076 -0.179186 -0.025481 -0.160174 -0.257577 -0.323095 -0.388313 -0.403580 -0.428983 0.441223 0.346458 -0.023259 0.364788 -0.007070 0.034760 0.168183 0.179327 -0.465986 -0.170608 -0.128630 -0.027192 -0.279310 -0.317254 -0.302580 -0.299424 -0.405735 -0.350133 -0.037227 -0.070619 0.094313 -0.076924 0.038521 0.125869 0.492147 0.236033 0.015266 0.045209 0.211089 0.229895 0.152509 0.145182 0.139411 0.237391 0.088494 0.076709 0.114282 0.071289 0.313383 0.194232 0.070947 0.122592 0.053387 -0.083429 0.101204 0.138429 0.076880 0.178401 0.208734 0.231610 0.064178 0.204925
0.200596 0.112391 -0.433444 -0.332445 -0.030577 -0.405886 -0.022485 -0.224260 0.094992 0.221672 0.499133 0.349682 0.389756 0.532235 0.447694 0.506936 0.771800 0.694408 0.019783 0.265362 -0.114726 -0.236643 -0.416656 -0.415060 -0.190525 -0.348162 -0.141806 -0.422399 1.000000 0.679001 0.017903 -0.003348 0.403122 0.465056 -0.163078 -0.090109 0.324982 0.114101 -0.050568 -0.091720 0.221619 0.021727 -0.105022 -0.168812 -0.178307 -0.496038 -0.037210 -0.170607 -0.265172 -0.191257 -0.430738 -0.210001 -0.031570 -0.164330 -0.055195 -0.316072 0.242431 0.042722 0.089913 0.101960 0.443863 0.301158 0.564305 0.555885 -0.422282 -0.507994 -0.278554 -0.540854 -0.003490 0.096299 0.102874 0.042359 0.766365 0.183342 0.298113 0.167346 0.214470 0.257274 0.475466 0.260244 0.732561 0.649024 0.431937 0.536061 0.154604 0.156444 0.177674 0.113573 -0.351677 -0.134421 -0.214891 -0.158608 -0.236413 -0.148901 -0.157086 -0.101617 -0.304864 -0.319883 -0.146346 -0.207085 0.094161 0.038380 -0.200266 0.030375 -0.058530 -0.066218 0.078663 0.118088 -0.045251 -0.180389 -0.190023 -0.276425 -0.129871 -0.044706 -0.025512 -0.149544
0.095094 0.173922 -0.172510 -0.053759 -0.161975 -0.306222 -0.067438 -0.019976 0.021825 0.261605 0.282486 0.456636 0.144315 0.328940 0.184457 0.449889 0.582354 0.657023 0.198677 0.271066 -0.106413 -0.094965 -0.312973 -0.283292 -0.087894 -0.152477 -0.059772 -0.296552 0.679001 1.000000 0.141751 0.214022 0.482775 0.497330 -0.088921 -0.076037 0.317822 0.095174 -0.036684 -0.094886 0.149218 0.189914 -0.168969 -0.172856 -0.301585 -0.537666 -0.097608 -0.322314 -0.214891 -0.349852 -0.390841 -0.237809 -0.164619 -0.325471 0.031525 -0.161186 0.157184 0.030577 0.085548 0.082282 0.351747 0.326861 0.482480 0.522714 -0.268067 -0.210579 -0.217680 -0.417574 0.232046 0.081751 0.032675 0.030881 0.600936 0.165747 0.269673 0.264760 0.207571 0.281308 0.464682 0.304428 0.558817 0.573590 0.142950 0.537238 0.026049 0.010963 0.182514 0.361953 -0.376465 -0.274199 -0.347428 -0.334222 -0.257164 -0.242237 -0.081912 0.128828 -0.113245 -0.170226 -0.161251 -0.337161 0.051844 0.000962 -0.308294 -0.048901 -0.192941 -0.198179 0.142783 -0.103232 0.118789 -0.105450 -0.189907 -0.226884 -0.249854 -0.169580 -0.103100 -0.209449
-0.305261 -0.304022 0.330150 0.238773 0.087228 0.075984 0.020504 0.125901 -0.045095 -0.069321 -0.091574 -0.066751 -0.359984 -0.165575 -0.152290 -0.088177 -0.112389 -0.083221 0.142368 0.033271 0.136282 0.073502 0.247289 0.337796 0.147578 0.407153 0.122681 0.217057 0.017903 0.141751 1.000000 0.789507 0.057456 0.085875 0.016411 -0.132421 -0.068416 -0.145083 -0.070887 -0.058954 0.085088 0.080708 -0.231068 -0.209857 -0.107164 -0.052425 -0.180726 -0.239548 0.037812 -0.097457 0.098519 0.034371 -0.136813 -0.101518 -0.069175 -0.183052 -0.228748 -0.152708 0.061894 -0.018682 0.128087 0.098474 0.174167 -0.001384 0.304664 0.127541 -0.041780 -0.045787 -0.003488 -0.071644 0.348326 0.175856 0.043529 0.226337 0.181436 0.208919 -0.036248 0.008121 0.006971 0.022549 0.064741 0.082159 0.138700 0.221372 0.125485 -0.034982 0.161346 0.201189 0.153190 -0.028939 -0.110326 -0.106383 -0.017266 -0.068294 -0.044976 0.016380 0.054797 -0.060722 0.009911 -0.130109 0.104071 0.128665 0.100187 0.044396 -0.082862 -0.144814 -0.105096 -0.332763 0.085154 -0.089694 -0.126749 -0.008875 -0.062911 -0.032185 -0.276133 -0.136282
-0.217250 -0.302579 0.378686 0.421363 0.126018 0.110273 0.167623 0.352509 -0.060490 -0.017663 -0.004968 0.078275 -0.230461 -0.027226 -0.173141 -0.091972 -0.046636 -0.036046 0.109830 0.035460 0.165143 -0.001072 0.196818 0.324058 0.003394 0.320958 -0.000515 0.167831 -0.003348 0.214022 0.789507 1.000000 0.158236 0.289456 0.008524 -0.047106 -0.104863 -0.255947 -0.103438 -0.131696 0.063256 0.119221 -0.350956 -0.276437 -0.273441 -0.135585 -0.367055 -0.372329 -0.168123 -0.285717 -0.085853 -0.206123 -0.202952 -0.287173 -0.101648 -0.262426 -0.332859 -0.317508 0.049259 -0.096809 0.313489 0.293152 0.245249 0.107264 0.314839 0.290579 -0.072659 0.056141 -0.165818 -0.139727 0.168539 0.145875 0.023331 0.153867 0.231653 0.313121 -0.046528 -0.079804 -0.048228 -0.097964 0.134918 0.118750 0.188420 0.265521 0.109803 -0.037040 0.061902 0.079931 0.250226 -0.030634 -0.081370 -0.126252 0.031500 -0.090779 0.049607 0.248128 -0.122564 0.007048 -0.238569 -0.273655 0.049140 -0.037092 -0.087864 -0.000579 -0.069720 -0.118519 -0.067492 -0.235244 0.170441 -0.015893 -0.112407 -0.091900 -0.167139 -0.111656 -0.201975 -0.113300
0.211755 0.317890 -0.142453 -0.003435 -0.079364 -0.172004 -0.078855 -0.103660 -0.099627 0.139296 0.310169 0.344023 0.182662 0.183663 0.184589 0.267230 0.477926 0.437396 0.180370 0.268503 -0.128265 -0.127342 -0.182787 -0.127347 -0.078082 -0.274841 -0.044568 -0.201158 0.403122 0.482775 0.057456 0.158236 1.000000 0.743957 -0.060095 -0.120039 0.129666 -0.034854 -0.226113 -0.318002 0.305949 -0.104041 -0.063145 0.045597 -0.112743 -0.243000 -0.026128 -0.151567 -0.115007 -0.105948 -0.285962 -0.033308 -0.294189 -0.259335 -0.163582 -0.081242 0.305742 0.247860 -0.190734 -0.119290 0.232020 0.145954 0.477661 0.492285 -0.317497 -0.236422 -0.065874 -0.304198 0.286518 0.264615 -0.295216 0.166625 0.497918 -0.008979 0.143464 0.058503 0.098565 0.188231 0.250404 0.285072 0.422771 0.495627 0.099577 0.321120 -0.045117 -0.005791 0.003599 0.071108 -0.406670 -0.419721 -0.383788 -0.464184 -0.463880 -0.467457 -0.021626 -0.019287 -0.182904 -0.087106 -0.202955 -0.329947 -0.017967 -0.091976 -0.292778 -0.264075 -0.337721 -0.331494 -0.173253 -0.190515 0.191649 -0.104646 -0.125815 -0.380732 -0.413572 -0.402407 -0.284184 -0.165230
0.257175 0.311097 -0.063427 0.065503 -0.063068 -0.255391 0.205830 0.119653 -0.130565 0.062913 0.241303 0.313556 0.170983 0.286087 0.076258 0.164968 0.470129 0.402724 0.164375 0.339789 -0.084170 -0.137983 -0.334016 -0.264265 -0.238765 -0.333872 -0.136622 -0.253672 0.465056 0.497330 0.085875 0.289456 0.743957 1.000000 -0.103807 0.137788 0.041558 -0.059385 -0.236822 -0.371011 0.209654 -0.045868 -0.289635 -0.219901 -0.310841 -0.360531 -0.211176 -0.198135 -0.344368 -0.346579 -0.494398 -0.221245 -0.240328 -0.428749 -0.163401 -0.298608 0.205200 0.049713 -0.120320 -0.118562 0.466380 0.368538 0.608040 0.556090 -0.378648 -0.236833 -0.059914 -0.300597 0.082021 0.018845 -0.184871 0.081658 0.444639 0.067067 0.233446 0.131094 0.052584 0.198328 0.121395 0.039174 0.516404 0.521556 0.217185 0.356430 -0.049344 -0.046188 -0.120476 -0.007613 -0.306848 -0.386894 -0.205444 -0.350553 -0.297221 -0.340954 -0.105629 0.038182 -0.246696 -0.141297 -0.307584 -0.339563 -0.071638 -0.209339 -0.361472 -0.172421 -0.285177 -0.258103 -0.246601 -0.085333 0.194682 -0.188322 -0.055321 -0.272561 -0.290942 -0.284500 -0.104738 -0.047367
-0.041629 -0.089327 -0.001587 0.006048 -0.137060 -0.138546 -0.152445 -0.099445 -0.064769 -0.179566 -0.007404 -0.246868 -0.138692 -0.271150 0.005721 -0.115687 -0.106764 -0.041240 -0.032158 -0.150227 -0.195792 -0.151346 0.331361 0.323400 0.260169 0.307489 -0.051971 0.164803 -0.163078 -0.088921 0.016411 0.008524 -0.060095 -0.103807 1.000000 0.342424 -0.073484 0.025303 0.122986 -0.067659 -0.077428 -0.059353 0.174549 0.183995 0.154880 0.161649 0.062217 0.101131 0.024245 0.138862 0.306654 0.054446 -0.141400 0.024593 -0.107570 0.050336 0.146820 0.235312 -0.055170 -0.226129 -0.226554 -0.283013 -0.201614 -0.182257 0.330780 0.206311 0.128639 0.264173 0.176103 0.109302 -0.005480 -0.163429 -0.167407 -0.067980 -0.136094 -0.118191 -0.250320 -0.120776 0.074080 0.110914 -0.228667 -0.092551 -0.106763 -0.157103 0.233153 0.012670 -0.059678 0.091748 0.085420 -0.019819 -0.260777 -0.262094 -0.084488 -0.033405 0.008462 -0.140331 -0.000123 -0.022037 -0.189427 -0.162048 0.167604 0.127424 0.163859 -0.110540 0.008573 -0.191126 0.086914 -0.256386 0.147186 -0.084327 0.020994 0.029842 -0.146922 -0.058329 -0.097643 -0.020342
0.205005 -0.073752 -0.077847 -0.047253 0.065602 -0.054408 0.154455 0.076682 0.160549 0.057477 0.010431 -0.146417 0.014985 0.047685 -0.004990 0.010547 -0.069037 -0.099341 -0.170711 -0.076467 -0.093142 0.035379 -0.022656 0.028094 0.085422 0.067999 -0.072417 -0.008062 -0.090109 -0.076037 -0.132421 -0.047106 -0.120039 0.137788 0.342424 1.000000 -0.162083 0.193568 -0.157467 -0.136330 -0.123068 -0.026876 -0.188500 -0.177163 -0.223064 -0.056952 -0.184751 0.057929 -0.308071 -0.245278 -0.093856 -0.268586 0.033909 -0.185193 -0.044337 -0.200191 -0.155208 -0.106143 0.108818 -0.197228 0.140676 0.106958 -0.069423 -0.052109 0.032316 0.080010 -0.052098 0.325967 -0.206688 0.149887 -0.016297 -0.125721 -0.147317 0.007719 -0.114337 0.004686 -0.218767 -0.008278 -0.132153 -0.276039 -0.104440 -0.074272 -0.128077 -0.145290 0.096557 -0.010436 -0.176375 -0.082425 0.197810 0.229732 0.266614 0.126403 0.268678 0.048134 0.032593 -0.105428 -0.066467 -0.104618 -0.250122 0.107466 -0.172608 -0.226701 -0.045474 0.082274 0.100992 0.013693 -0.029937 0.017361 -0.077299 -0.111951 0.283451 0.145785 0.160128 0.146785 0.119155 0.217576
