1.000000 0.656877 -0.022180 -0.154255 -0.000719 -0.248461 0.021465 -0.069879 -0.094326 -0.143439 0.183304 0.006117 0.304255 -0.017132 -0.032313 0.038450 0.147275 0.114646 0.275382 0.263666 -0.218697 -0.314139 -0.184172 -0.214194 -0.375620 -0.587523 -0.091643 -0.031437 -0.023237 -0.058412 -0.435067 -0.468584 -0.071790 -0.129767 -0.317656 -0.156201 0.020758 -0.099112 -0.063442 -0.160932 -0.170846 -0.165697 0.215934 0.291048 0.032660 0.127485 0.212400 0.233372 0.135643 0.244274 0.039274 0.011210 0.076710 -0.094041 0.000416 -0.044868 0.548818 0.521364 0.355851 0.375811 0.168564 -0.123385 0.028046 0.069243 -0.345768 -0.175674 -0.018238 -0.091293 0.351824 0.281983 -0.145124 -0.224952 -0.174501 -0.382186 -0.219328 -0.349291 -0.282499 -0.271396 0.157333 0.095659 0.143065 0.180116 -0.218908 -0.178882 -0.084412 -0.026611 -0.058710 -0.192282 -0.088984 0.061038 0.081394 -0.071581 -0.207323 -0.168550 -0.050054 0.073678 0.013532 0.167727 0.001649 -0.095607 -0.117142 -0.180552 -0.113577 -0.138792 0.037616 -0.100539 -0.091476 0.038685 0.091595 0.011762 -0.054963 -0.148953 -0.083734 0.037881 0.087364 0.059893
0.656877 1.000000 -0.425798 -0.376227 -0.061659 -0.335555 -0.332853 -0.268989 -0.000303 -0.072808 0.180566 0.178982 0.140724 0.126733 -0.152057 0.122654 0.397281 0.461192 0.135475 0.397132 -0.295585 -0.315108 -0.441942 -0.533867 -0.409499 -0.510224 -0.131467 -0.202890 0.176151 0.206996 -0.278625 -0.396743 0.210774 -0.026556 -0.426330 -0.316505 0.040299 -0.048475 -0.032851 -0.106826 -0.119796 -0.152897 0.298360 0.347695 0.124275 0.199217 0.370755 0.347199 0.014891 0.311640 -0.058034 0.145587 0.190772 0.104786 0.015988 0.101227 0.671940 0.802316 0.117124 0.265947 0.069868 0.023826 0.174427 0.446679 -0.285524 -0.135792 -0.225055 -0.251855 0.627342 0.433893 -0.364065 -0.437862 -0.022074 -0.293499 -0.179211 -0.397419 -0.477190 -0.422423 0.379777 0.348734 0.433357 0.440325 -0.287357 -0.190020 0.011250 0.043704 -0.051548 -0.068184 -0.212098 -0.045430 -0.125598 -0.326336 -0.457042 -0.423612 -0.112475 0.009389 0.126496 0.138090 0.033812 -0.018512 -0.192526 -0.335398 -0.185818 -0.284697 -0.097157 -0.064057 -0.246231 -0.227799 -0.022401 -0.038551 0.067469 0.024948 -0.170536 0.043875 -0.157064 -0.158943
-0.022180 -0.425798 1.000000 0.684908 0.088196 0.388606 0.780102 0.661281 -0.079229 -0.042746 -0.576178 -0.342805 -0.200169 -0.382655 -0.171101 -0.369404 -0.604452 -0.586933 0.268558 -0.102609 0.254383 0.238784 0.652220 0.696432 0.266866 0.205987 0.140309 0.318320 -0.583345 -0.602862 -0.049745 0.106451 -0.321057 0.208154 0.316084 0.449618 -0.163472 -0.240410 -0.023863 0.049878 -0.036513 -0.036950 -0.511995 -0.557898 -0.360052 -0.280682 -0.631162 -0.548868 -0.130758 -0.245808 -0.036376 -0.328370 -0.321745 -0.411504 -0.151780 -0.404439 -0.395836 -0.468723 0.337464 0.292835 0.118496 0.069005 -0.304899 -0.468466 0.178750 0.166461 0.518331 0.548859 -0.317753 -0.104095 0.425349 0.611734 -0.499641 -0.153443 -0.309429 0.159305 0.105786 0.268562 -0.534182 -0.568154 -0.664261 -0.655752 -0.007903 0.041304 -0.316430 -0.282263 -0.021051 -0.041813 0.409751 0.209308 0.262385 0.400960 0.501615 0.506095 0.302370 0.145278 -0.267463 -0.024649 -0.240322 -0.279552 0.328239 0.286196 0.151700 0.214893 0.137517 0.000319 0.307891 0.515527 0.164160 -0.129175 -0.315835 -0.276644 0.022889 -0.178011 0.383726 0.224684
-0.154255 -0.376227 0.684908 1.000000 0.101840 0.468607 0.760024 0.777490 0.169681 0.299044 -0.325429 -0.206106 -0.283512 -0.268863 -0.068544 -0.086717 -0.503631 -0.518209 0.403301 0.064813 0.270737 0.118082 0.386027 0.722146 0.241247 0.299243 -0.033077 0.119128 -0.389912 -0.366798 -0.079448 0.085806 -0.441551 0.043717 0.222529 0.278466 -0.140916 -0.190484 -0.054696 0.077138 0.101938 0.066557 -0.562186 -0.577742 -0.518372 -0.428242 -0.571531 -0.568247 -0.350880 -0.375152 -0.257505 -0.375050 -0.224669 -0.268608 -0.076781 -0.308071 -0.426544 -0.371968 0.200360 0.274521 0.284818 0.478169 -0.243914 -0.253352 0.072481 0.227858 0.318421 0.486246 -0.373290 -0.104474 0.216418 0.486913 -0.353803 -0.078853 -0.201664 0.242529 -0.025031 0.135853 -0.547378 -0.580399 -0.527449 -0.599377 0.108369 0.369850 -0.146172 -0.149901 -0.073079 0.170748 0.340522 0.331729 0.394155 0.435192 0.639345 0.399564 0.280165 0.074708 -0.321056 -0.095457 -0.223454 -0.316775 0.473474 0.273797 0.342501 0.064000 -0.000195 -0.189250 0.161491 0.284848 0.110453 -0.077973 -0.437362 -0.374860 0.050683 -0.200994 0.223054 0.054524
-0.000719 -0.061659 0.088196 0.101840 1.000000 0.666810 0.137930 0.136511 0.656415 0.582450 -0.137988 0.156157 0.247482 0.036248 0.313503 0.330544 -0.409209 -0.337235 -0.008141 0.203773 0.225869 0.195404 0.109954 0.264531 0.345585 0.015478 0.705051 0.480751 -0.458773 -0.352659 -0.284593 -0.339056 -0.359232 0.068492 0.215918 0.368705 -0.149684 -0.242702 -0.106278 -0.225233 -0.138779 -0.258435 -0.248188 -0.168559 -0.078420 0.023465 -0.242159 -0.227936 0.123615 0.038166 0.227615 -0.047963 -0.086124 -0.280909 -0.236427 -0.144202 -0.046067 -0.042660 0.371491 0.189187 0.358031 0.340748 -0.350512 -0.260542 0.201254 0.417959 0.272183 0.370337 0.011648 0.272683 0.164247 0.139047 -0.499936 -0.176095 -0.274310 -0.121787 -0.035098 0.107185 -0.213575 -0.252959 -0.316283 -0.317535 0.049020 0.140960 0.053167 0.003692 0.089284 -0.027125 0.315217 0.113518 -0.105426 -0.045411 0.097567 0.117141 0.115084 0.109596 -0.129783 -0.149838 -0.232756 -0.341493 -0.114061 -0.040012 -0.275368 -0.111379 -0.171884 -0.022175 -0.141440 -0.054713 0.130510 -0.107730 -0.000478 -0.034767 -0.489949 -0.285642 -0.100867 -0.046853
-0.248461 -0.335555 0.388606 0.468607 0.666810 1.000000 0.372242 0.419590 0.374329 0.671316 -0.360407 -0.053342 -0.076412 -0.156385 -0.076657 -0.074752 -0.428538 -0.325071 0.028544 0.018918 0.429030 0.272477 0.374785 0.514659 0.542411 0.388310 0.475611 0.498576 -0.574819 -0.389342 -0.146391 -0.183417 -0.313799 0.169463 0.360864 0.530833 -0.212524 -0.358807 -0.209506 -0.191957 -0.142093 -0.238474 -0.532514 -0.496005 -0.223124 -0.058873 -0.526745 -0.515778 -0.043594 -0.099488 0.181538 -0.119613 -0.148643 -0.271298 -0.121276 -0.298653 -0.236491 -0.301789 0.311116 0.215137 0.322847 0.350816 -0.135630 -0.191357 0.380698 0.437884 0.392815 0.536960 -0.164069 0.024731 0.208768 0.399089 -0.455047 -0.064599 -0.241380 0.044878 0.071670 0.184583 -0.335327 -0.280915 -0.406255 -0.445488 -0.068458 0.083059 -0.007406 0.075368 -0.126699 -0.163154 0.348402 0.216034 0.036130 0.067939 0.258415 0.111748 0.015697 -0.111912 -0.425505 -0.322631 -0.258050 -0.445839 0.056990 -0.066049 -0.113273 0.028843 0.006654 0.050188 -0.089057 0.009785 -0.074558 -0.308431 -0.084689 -0.254771 -0.368857 -0.450713 0.036632 -0.137768
0.021465 -0.332853 0.780102 0.760024 0.137930 0.372242 1.000000 0.810970 0.176665 0.184215 -0.341003 -0.111907 -0.107773 -0.132043 -0.115517 -0.246353 -0.649072 -0.581430 0.469477 0.078888 0.127393 0.000002 0.275461 0.641629 0.285045 0.209375 -0.087965 0.007556 -0.412293 -0.400247 -0.080562 0.123395 -0.237707 0.253460 0.214863 0.351664 -0.173337 -0.298220 -0.137764 -0.010197 0.040248 0.026163 -0.682852 -0.689795 -0.591493 -0.435272 -0.665066 -0.656246 -0.195196 -0.365048 -0.365183 -0.449509 -0.387669 -0.365607 -0.271925 -0.476882 -0.502429 -0.476877 0.460723 0.385804 0.358742 0.263955 -0.160069 -0.327533 -0.114311 0.067025 0.497422 0.537577 -0.528738 -0.188663 0.376958 0.603473 -0.413163 -0.103240 -0.298754 0.168070 -0.008114 0.114006 -0.669893 -0.753653 -0.704551 -0.751563 0.104198 0.312449 -0.467308 -0.462256 -0.189695 0.043963 0.203858 0.075040 0.387887 0.588030 0.662327 0.542534 0.426194 0.291628 -0.506870 -0.067093 -0.213762 -0.305631 0.487190 0.362286 0.276708 0.242816 0.030647 -0.040749 0.300221 0.562234 0.301864 -0.140949 -0.526714 -0.335333 0.154129 -0.139829 0.578969 0.351969
-0.069879 -0.268989 0.661281 0.777490 0.136511 0.419590 0.810970 1.000000 0.324953 0.385182 -0.459511 0.041241 -0.279528 -0.034489 -0.109068 -0.038735 -0.595978 -0.597614 0.348860 -0.058045 0.160041 0.027959 0.111358 0.442076 0.037002 0.126460 -0.076247 0.091059 -0.357140 -0.337822 -0.120583 0.046838 -0.289383 0.096194 0.093475 0.303253 -0.052303 -0.163362 0.061464 0.109844 0.237712 0.113353 -0.700634 -0.708426 -0.709336 -0.476943 -0.644801 -0.680055 -0.379182 -0.342064 -0.366451 -0.414996 -0.350664 -0.347456 -0.074347 -0.317549 -0.571254 -0.490670 0.316263 0.454345 0.266903 0.511333 -0.348756 -0.373014 -0.210009 0.336026 0.287202 0.570011 -0.475852 -0.166114 0.268882 0.554355 -0.357502 -0.054156 -0.157274 0.279116 -0.044828 0.111311 -0.569490 -0.657821 -0.545345 -0.708100 0.062871 0.166015 -0.365601 -0.360729 -0.098531 0.030044 0.320551 0.247254 0.434896 0.480977 0.658311 0.469116 0.414366 0.326896 -0.341736 0.078239 -0.074644 -0.295478 0.596878 0.315158 0.452060 0.128864 0.092122 -0.142943 0.220959 0.512131 0.394765 -0.037033 -0.514820 -0.309558 0.232929 0.023293 0.518648 0.329322
-0.094326 -0.000303 -0.079229 0.169681 0.656415 0.374329 0.176665 0.324953 1.000000 0.665274 -0.074669 0.219554 0.138836 0.255959 0.429454 0.444995 -0.298166 -0.340981 0.176733 0.224394 0.038270 -0.004585 -0.256582 0.025149 0.056029 0.043786 0.209094 0.062768 -0.074628 -0.095832 -0.137848 -0.051985 -0.139609 0.096146 0.061346 0.170411 -0.081366 -0.112562 -0.052688 -0.052720 0.006473 -0.084494 -0.327032 -0.284160 -0.318382 -0.165734 -0.227247 -0.298900 -0.050920 -0.089418 -0.100759 -0.118349 -0.189105 -0.178947 -0.282876 -0.166696 -0.246572 -0.112575 0.254475 0.201768 0.374917 0.515501 -0.301882 -0.167436 -0.146179 0.319619 0.134350 0.313280 -0.091996 0.128999 0.133275 0.171060 -0.232997 0.002284 -0.141350 0.146357 -0.079889 0.026008 -0.284500 -0.386922 -0.255940 -0.326298 0.114589 0.263702 -0.124260 -0.116984 0.028427 0.205085 0.049580 -0.024336 0.085707 0.146955 0.220964 0.239220 0.307815 0.256252 -0.093429 0.055886 -0.061814 -0.214190 0.163503 0.037523 0.061661 -0.057076 -0.250012 -0.185640 -0.042733 0.073983 0.286203 0.096120 -0.103831 -0.087354 -0.092463 -0.171980 0.017930 0.078539
-0.143439 -0.072808 -0.042746 0.299044 0.582450 0.671316 0.184215 0.385182 0.665274 1.000000 -0.204234 0.037318 -0.092976 0.084989 -0.014355 0.249152 -0.188683 -0.191616 0.071644 0.087505 0.114960 -0.049554 -0.179541 0.117279 0.318106 0.265341 0.209515 0.064431 -0.243362 -0.137584 -0.137819 -0.179121 -0.160316 0.065409 0.039505 0.194662 -0.174379 -0.277571 -0.151794 -0.188138 -0.053894 -0.217120 -0.334135 -0.270098 -0.198882 -0.024538 -0.277883 -0.300921 -0.003198 -0.017145 -0.069672 -0.038592 -0.115180 -0.107055 -0.117093 -0.111667 -0.158860 -0.122848 0.155387 0.190624 0.290796 0.524204 -0.055220 -0.022890 -0.023977 0.316364 0.109676 0.274236 -0.090263 0.012735 0.085022 0.186002 -0.287514 -0.032844 -0.202246 0.019308 -0.069579 0.022896 -0.202408 -0.153707 -0.152781 -0.251227 -0.100478 0.106157 -0.093562 -0.046507 -0.184950 -0.097485 0.003357 -0.015109 0.087409 0.049182 0.194378 0.014585 0.010640 -0.026828 -0.322543 -0.205290 -0.086884 -0.242080 0.123041 -0.063704 -0.004343 -0.059314 -0.009237 -0.040161 -0.082475 -0.028976 0.022788 -0.226221 -0.087880 -0.073142 -0.158415 -0.184710 0.035908 -0.102878
0.183304 0.180566 -0.576178 -0.325429 -0.137988 -0.360407 -0.341003 -0.459511 -0.074669 -0.204234 1.000000 0.370738 0.515749 0.354728 0.333043 0.321539 0.348076 0.368250 -0.098147 0.099442 -0.300691 -0.302233 -0.380073 -0.238504 -0.208559 -0.225834 -0.207615 -0.356735 0.361395 0.340961 -0.107261 -0.111953 0.048259 -0.207391 -0.063636 -0.247717 -0.082138 0.010865 -0.186101 -0.186317 -0.138866 -0.120288 0.300372 0.382992 0.215540 0.078278 0.377844 0.330620 0.211773 0.096263 0.084526 0.145245 0.110902 0.215791 -0.028770 0.075113 0.185270 0.246581 -0.103597 -0.268358 0.135226 -0.150377 0.364696 0.294608 -0.030548 -0.116716 -0.234339 -0.338218 -0.070823 -0.106935 -0.226594 -0.412739 0.301505 0.007376 0.166031 -0.244875 -0.177852 -0.286432 0.232221 0.268439 0.294520 0.373749 0.051119 0.054745 0.314944 0.223822 0.009764 0.064952 -0.283188 -0.158651 -0.178321 -0.241510 -0.180993 -0.234200 -0.246285 -0.160233 -0.007636 -0.062927 0.058625 0.084224 -0.227452 -0.105445 -0.084953 -0.075588 -0.065126 0.078423 -0.022373 -0.231667 -0.206162 0.067801 0.144333 0.079050 -0.041235 0.055240 -0.087315 -0.108651
0.006117 0.178982 -0.342805 -0.206106 0.156157 -0.053342 -0.111907 0.041241 0.219554 0.037318 0.370738 1.000000 0.404764 0.687599 0.151923 0.413059 -0.041344 0.053816 -0.061036 -0.060994 -0.139668 -0.243653 -0.399168 -0.248672 -0.363339 -0.315531 -0.002237 -0.080746 0.239425 0.327022 -0.122097 -0.169405 -0.104409 -0.205354 -0.130944 -0.051239 0.093252 0.083890 -0.064836 -0.015624 0.204637 0.013541 -0.034164 0.044805 -0.070827 -0.043789 0.040753 -0.033380 0.076881 0.100049 0.016621 0.072395 -0.062866 -0.070722 -0.087094 0.095410 -0.130582 -0.052988 0.145270 0.098334 0.115696 0.229466 -0.114268 -0.077053 -0.150792 0.392801 -0.242860 -0.041219 -0.197864 -0.131124 -0.171989 -0.217495 0.178166 0.065854 0.176854 -0.080455 -0.141487 -0.149703 0.097172 0.043958 0.159357 0.065073 0.049012 -0.013788 0.059585 0.096755 -0.061822 -0.014011 -0.002720 0.032889 -0.123302 -0.096081 0.018017 -0.002216 -0.051288 0.096047 -0.022019 -0.007146 0.055241 -0.028399 0.006426 -0.059010 0.117497 -0.025626 0.063207 0.053492 0.096755 -0.055507 0.102658 0.132831 -0.021629 0.005658 -0.019777 0.242078 0.053942 0.051296
0.304255 0.140724 -0.200169 -0.283512 0.247482 -0.076412 -0.107773 -0.279528 0.138836 -0.092976 0.515749 0.404764 1.000000 0.362911 0.371869 0.303775 -0.099462 -0.062653 -0.114836 -0.072598 -0.178034 -0.190300 0.051185 0.036717 -0.128704 -0.326491 0.248322 -0.072238 -0.107035 -0.140597 -0.300639 -0.303746 -0.202660 -0.154581 0.129533 0.133549 -0.105115 -0.200297 -0.308139 -0.295186 -0.314397 -0.435157 0.192226 0.263212 0.245376 0.171804 0.140706 0.186483 0.482597 0.259010 0.389752 0.133762 0.063733 -0.021685 -0.237320 -0.128508 0.117432 0.176971 0.391385 0.035754 0.289325 -0.078344 -0.097557 -0.174310 0.182363 0.034554 0.103987 -0.029863 -0.059529 -0.021729 0.042551 -0.164744 -0.170495 -0.194559 -0.120264 -0.266458 -0.017960 -0.073144 0.030825 -0.034805 -0.141944 -0.015072 -0.091815 -0.154930 0.064503 0.010912 0.108100 0.014657 0.010019 -0.064048 -0.056060 0.043205 -0.054959 0.092055 -0.036521 0.009790 -0.059627 -0.101522 -0.100632 0.006071 -0.254421 -0.167925 -0.245895 0.151661 -0.189707 0.093079 -0.072838 -0.074095 -0.037715 0.001032 0.128083 -0.070747 -0.330690 -0.148340 -0.139395 -0.062163
-0.017132 0.126733 -0.382655 -0.268863 0.036248 -0.156385 -0.132043 -0.034489 0.255959 0.084989 0.354728 0.687599 0.362911 1.000000 0.025779 0.258632 0.179830 0.149504 -0.108493 -0.099728 -0.190999 -0.267884 -0.437132 -0.309401 -0.268593 -0.187816 -0.254544 -0.314746 0.316530 0.361085 -0.020401 -0.046254 0.063154 -0.174178 -0.144816 -0.122058 0.017422 0.033239 -0.076983 -0.091339 0.144352 0.027866 0.086447 0.104405 0.083512 0.050550 0.150065 0.084820 0.265365 0.168953 -0.024385 0.168931 0.027569 0.071391 -0.076615 0.079256 -0.024134 -0.009489 0.139821 0.088503 0.010310 0.103401 0.066436 0.168516 -0.294885 0.036035 -0.211946 -0.220483 -0.189648 -0.085857 -0.064853 -0.178742 0.248509 0.094552 0.178868 -0.025658 -0.086851 -0.128983 0.123250 0.123956 0.199902 0.148870 0.027811 -0.077562 -0.133954 -0.064976 -0.082614 -0.130593 -0.301622 -0.210927 -0.081711 -0.029384 -0.087481 -0.070082 -0.155582 -0.023166 -0.044730 -0.051301 0.086071 0.182589 0.040178 0.019481 0.091124 0.007871 0.056921 0.005028 0.045292 -0.028371 0.009809 0.052104 0.080133 0.089548 0.050876 0.197807 -0.004130 -0.006165
-0.032313 -0.152057 -0.171101 -0.068544 0.313503 -0.076657 -0.115517 -0.109068 0.429454 -0.014355 0.333043 0.151923 0.371869 0.025779 1.000000 0.537631 -0.200195 -0.320103 0.093790 0.065604 0.102375 0.177656 0.024956 0.094507 -0.081277 -0.120000 0.346432 0.250700 0.146720 0.010930 0.096074 0.185210 -0.023380 0.032575 0.128016 0.104062 0.146551 0.208623 0.230037 0.179149 0.171786 0.093238 0.029003 0.057478 -0.194567 -0.260123 0.086096 0.036973 -0.141215 -0.197338 0.004248 -0.214089 -0.032856 -0.090986 -0.006266 0.095349 -0.247640 -0.164440 0.016844 -0.168160 0.198391 0.068420 -0.313493 -0.346926 0.025326 0.116702 -0.090732 -0.061749 -0.176034 -0.088586 0.011043 -0.033527 0.082031 0.090146 0.241440 0.201897 0.065613 0.018301 -0.226715 -0.288566 -0.141530 -0.115164 0.519391 0.342408 0.294675 0.078579 0.399891 0.472003 0.275857 0.219936 0.018421 -0.010076 0.063120 0.228403 0.310024 0.305539 0.291312 0.298607 0.039107 -0.109325 -0.039623 -0.005822 0.001853 -0.204319 -0.452983 -0.309489 -0.117045 -0.063693 0.282054 0.286990 -0.120786 -0.142936 -0.096909 -0.084775 -0.155778 0.069104
0.038450 0.122654 -0.369404 -0.086717 0.330544 -0.074752 -0.246353 -0.038735 0.444995 0.249152 0.321539 0.413059 0.303775 0.258632 0.537631 1.000000 -0.161093 -0.220051 0.068262 0.138711 0.019983 0.042658 -0.320745 -0.118203 -0.420802 -0.385936 0.345750 0.134544 0.034538 0.028208 -0.271886 -0.273240 -0.236303 -0.270803 -0.018747 0.016809 0.202187 0.248534 0.192060 0.153258 0.194508 0.045929 0.041683 0.124739 -0.191719 -0.236559 0.051174 0.043079 -0.178487 -0.175863 0.003420 -0.162583 -0.148635 -0.153678 0.006513 0.188712 -0.155997 0.043794 -0.019764 -0.083830 0.149234 0.454546 -0.422526 -0.322551 -0.054647 0.349188 -0.167643 -0.024621 -0.032628 0.049185 -0.105024 -0.215360 -0.015132 -0.005101 0.223128 0.056615 0.002901 0.022880 0.024363 -0.095129 0.052909 -0.021047 0.272924 0.328560 0.373827 0.216487 0.431126 0.355365 0.346162 0.309733 0.000267 -0.084123 0.080119 0.043095 0.162500 0.244640 0.244532 0.158456 0.027145 0.006983 0.009875 0.047191 0.135673 -0.124146 -0.237720 -0.150368 -0.087316 -0.132240 0.235388 0.312416 0.016370 0.052790 -0.097371 0.164623 -0.197479 -0.009084
0.147275 0.397281 -0.604452 -0.503631 -0.409209 -0.428538 -0.649072 -0.595978 -0.298166 -0.188683 0.348076 -0.041344 -0.099462 0.179830 -0.200195 -0.161093 1.000000 0.885653 -0.272206 0.022282 -0.270303 -0.250735 -0.367471 -0.616160 -0.155475 -0.078747 -0.377393 -0.358988 0.666708 0.643113 0.143250 -0.036056 0.274156 -0.162143 -0.396641 -0.529671 -0.023110 0.047423 -0.022855 -0.155093 -0.070900 -0.014422 0.615682 0.622879 0.528572 0.409859 0.635675 0.616098 0.182393 0.332389 0.079645 0.371044 0.311416 0.369949 0.254644 0.305417 0.563855 0.456048 -0.448554 -0.323639 -0.436097 -0.460064 0.594974 0.669377 -0.171407 -0.360378 -0.541097 -0.632283 0.388215 -0.011283 -0.378587 -0.535697 0.580477 0.140970 0.205421 -0.258048 -0.174476 -0.303821 0.729743 0.843243 0.869846 0.905501 -0.219872 -0.285139 0.142501 0.263831 -0.247017 -0.266226 -0.565578 -0.388773 -0.336507 -0.597158 -0.667149 -0.598227 -0.583908 -0.475856 0.199459 -0.070612 0.188960 0.311398 -0.331699 -0.272521 -0.182235 -0.207814 0.197030 0.088506 -0.136799 -0.403208 -0.470943 -0.138694 0.392330 0.340299 0.055310 0.272773 -0.300986 -0.318412
0.114646 0.461192 -0.586933 -0.518209 -0.337235 -0.325071 -0.581430 -0.597614 -0.340981 -0.191616 0.368250 0.053816 -0.062653 0.149504 -0.320103 -0.220051 0.885653 1.000000 -0.302947 0.040609 -0.288294 -0.314040 -0.348826 -0.562438 -0.074732 -0.054640 -0.339804 -0.365566 0.578220 0.613361 0.115006 -0.051119 0.352925 -0.032683 -0.384566 -0.515906 -0.070877 -0.069162 -0.174301 -0.233814 -0.130676 -0.073041 0.501971 0.530075 0.515156 0.428939 0.543731 0.546789 0.171620 0.323574 0.037408 0.369051 0.281330 0.429660 0.161302 0.218692 0.585996 0.533644 -0.402151 -0.318064 -0.319283 -0.404104 0.691810 0.757873 -0.063011 -0.357323 -0.513736 -0.589323 0.411978 0.026977 -0.437221 -0.587473 0.494807 0.050330 0.101513 -0.411445 -0.262077 -0.395181 0.722200 0.834495 0.796160 0.844034 -0.315117 -0.244599 0.056306 0.193575 -0.326039 -0.297814 -0.524195 -0.413085 -0.323232 -0.553340 -0.616855 -0.572791 -0.638916 -0.517585 0.035682 -0.239369 0.190691 0.289650 -0.346745 -0.285517 -0.203085 -0.153006 0.239307 0.195910 -0.065350 -0.347179 -0.539724 -0.290430 0.360279 0.286920 0.002398 0.191311 -0.210654 -0.314749
0.275382 0.135475 0.268558 0.403301 -0.008141 0.028544 0.469477 0.348860 0.176733 0.071644 -0.098147 -0.061036 -0.114836 -0.108493 0.093790 0.068262 -0.272206 -0.302947 1.000000 0.689100 0.225106 0.030121 -0.085126 0.194303 0.006366 -0.087445 -0.113532 -0.033189 0.057071 -0.037040 0.160213 0.189065 0.140630 0.342104 0.149490 0.203929 0.083828 -0.052616 0.036668 0.093214 0.118052 0.125885 -0.457345 -0.412157 -0.560147 -0.486542 -0.442344 -0.451409 -0.343338 -0.453954 -0.476990 -0.514244 -0.441209 -0.410589 -0.258634 -0.430029 -0.227861 -0.091346 0.263550 0.282478 0.164734 0.154506 -0.039524 -0.156811 -0.334573 -0.146289 0.331205 0.237255 0.003651 0.084079 0.163718 0.361186 -0.089318 0.022817 -0.047726 0.280407 0.029303 0.117372 -0.387645 -0.474461 -0.218995 -0.292419 0.379654 0.523151 -0.122987 -0.181117 0.047929 0.175779 0.035294 0.009060 0.167295 0.235060 0.264296 0.216891 0.283029 0.209031 -0.290870 0.006565 -0.297472 -0.476343 0.359547 0.237259 0.193405 0.025680 -0.109616 -0.119624 0.063861 0.106002 0.210056 0.057773 -0.299026 -0.360200 0.197896 -0.154704 0.219632 0.103349
0.263666 0.397132 -0.102609 0.064813 0.203773 0.018918 0.078888 -0.058045 0.224394 0.087505 0.099442 -0.060994 -0.072598 -0.099728 0.065604 0.138711 0.022282 0.040609 0.689100 1.000000 0.175366 0.012078 -0.325232 -0.082288 0.071221 -0.063584 0.021737 -0.001003 0.133471 0.117193 0.048151 -0.025914 0.160152 0.320830 0.072443 0.112044 -0.016277 -0.059744 -0.075578 -0.113744 -0.043350 0.000969 -0.198851 -0.144595 -0.252075 -0.197290 -0.156623 -0.166882 -0.269066 -0.279929 -0.346631 -0.301433 -0.277455 -0.294685 -0.337143 -0.303473 0.207496 0.355549 0.152352 0.178466 0.023241 0.049780 0.062380 0.136757 -0.251276 -0.173712 0.265587 0.131654 0.433553 0.553688 -0.009409 0.032031 -0.066150 -0.069033 -0.121942 -0.005107 -0.143220 -0.012711 -0.039078 -0.073066 0.053977 0.042418 0.269705 0.461294 -0.001077 -0.062319 -0.007143 0.005990 -0.154588 -0.180037 -0.163766 -0.118284 -0.089410 -0.068581 0.082708 0.014897 -0.180263 -0.125219 -0.313391 -0.442183 0.103509 0.158524 -0.074269 -0.090943 -0.065596 0.050648 -0.146810 -0.242319 0.027402 0.008555 -0.003343 -0.107640 -0.072216 -0.191388 -0.061353 -0.155023
-0.218697 -0.295585 0.254383 0.270737 0.225869 0.429030 0.127393 0.160041 0.038270 0.114960 -0.300691 -0.139668 -0.178034 -0.190999 0.102375 0.019983 -0.270303 -0.288294 0.225106 0.175366 1.000000 0.776343 0.194060 0.192931 0.243457 0.302017 0.298194 0.668035 -0.123068 -0.032934 0.349797 0.219897 -0.039888 0.012010 0.278084 0.285588 0.432786 0.308764 0.223236 0.313519 0.357901 0.344298 -0.311694 -0.305406 -0.328202 -0.362805 -0.373411 -0.317246 -0.336469 -0.490360 0.066261 -0.333149 -0.179424 -0.297767 0.171858 -0.076787 -0.298474 -0.279465 -0.059922 -0.067963 -0.101424 0.091325 -0.224881 -0.284640 -0.018865 0.095006 0.275216 0.197636 -0.162626 0.084145 0.248364 0.414920 0.075734 0.386040 0.325846 0.554297 0.483361 0.461473 -0.126563 -0.155802 -0.097760 -0.172519 0.486781 0.415393 0.400436 0.392280 0.160291 0.040429 0.424070 0.375719 -0.011350 -0.120821 -0.007132 -0.055629 0.048959 -0.051981 0.000404 -0.101464 -0.202770 -0.418282 -0.009618 0.206395 0.045429 -0.169987 -0.081779 -0.124041 -0.499210 -0.443016 0.007559 0.092128 -0.060844 -0.427686 -0.163358 -0.258487 -0.226946 -0.289602
-0.314139 -0.315108 0.238784 0.118082 0.195404 0.272477 0.000002 0.027959 -0.004585 -0.049554 -0.302233 -0.243653 -0.190300 -0.267884 0.177656 0.042658 -0.250735 -0.314040 0.030121 0.012078 0.776343 1.000000 0.297375 0.144482 0.273325 0.314392 0.441598 0.678778 -0.198283 -0.146102 0.361048 0.247317 -0.107026 -0.036646 0.259556 0.134392 0.303805 0.312113 0.276607 0.367883 0.249902 0.286097 -0.137099 -0.211137 -0.181137 -0.314792 -0.274516 -0.220479 -0.198644 -0.397102 0.216498 -0.241304 -0.110954 -0.309691 0.159042 -0.001969 -0.257371 -0.297752 -0.141653 -0.186088 -0.083893 0.014555 -0.207085 -0.292141 0.146286 0.157580 0.196146 0.092843 -0.143145 0.037131 0.249167 0.399633 0.020971 0.368042 0.277936 0.523176 0.540636 0.537966 -0.080881 -0.172169 -0.137569 -0.183022 0.373089 0.242243 0.367236 0.270601 0.322684 0.162648 0.506296 0.311784 -0.099791 -0.112006 0.001751 0.025589 0.150287 0.067533 0.186394 0.065866 -0.250521 -0.272474 -0.135497 0.166286 -0.095674 -0.124123 -0.177995 -0.072726 -0.358109 -0.328621 0.123810 0.234577 0.067442 -0.215116 -0.161103 -0.211358 -0.286755 -0.102613
-0.184172 -0.441942 0.652220 0.386027 0.109954 0.374785 0.275461 0.111358 -0.256582 -0.179541 -0.380073 -0.399168 0.051185 -0.437132 0.024956 -0.320745 -0.367471 -0.348826 -0.085126 -0.325232 0.194060 0.297375 1.000000 0.721439 0.345773 0.234438 0.366895 0.418123 -0.577353 -0.568148 0.011511 0.075579 -0.263384 0.126854 0.342954 0.364057 -0.174732 -0.220529 -0.046904 -0.012936 -0.223513 -0.202125 -0.097382 -0.146740 0.100472 0.025961 -0.259421 -0.146154 0.068896 0.032782 0.305723 -0.032282 0.059811 -0.074246 0.033783 -0.152429 -0.109599 -0.245613 0.158895 0.012968 0.109688 -0.033786 -0.241958 -0.281502 0.669887 0.137363 0.234769 0.216907 -0.095718 -0.118755 0.181472 0.256372 -0.415024 -0.228637 -0.254042 -0.030391 0.151338 0.181545 -0.287264 -0.278903 -0.479288 -0.356879 -0.056897 -0.101594 0.023225 -0.006803 0.193902 0.113968 0.506902 0.349956 0.108718 0.200989 0.179169 0.250731 0.101554 -0.061371 0.005716 -0.039170 -0.205312 -0.084444 -0.070983 -0.119104 -0.157449 0.084253 -0.142050 -0.069858 0.101901 0.161531 -0.111203 -0.132809 -0.046844 -0.213749 -0.296947 -0.342057 -0.105690 0.007088
-0.214194 -0.533867 0.696432 0.722146 0.264531 0.514659 0.641629 0.442076 0.025149 0.117279 -0.238504 -0.248672 0.036717 -0.309401 0.094507 -0.118203 -0.616160 -0.562438 0.194303 -0.082288 0.192931 0.144482 0.721439 1.000000 0.484557 0.294077 0.311422 0.218560 -0.625808 -0.595051 -0.113533 0.046754 -0.439486 0.138353 0.452882 0.496013 -0.344231 -0.365030 -0.206030 -0.126254 -0.170173 -0.212744 -0.451310 -0.446672 -0.248666 -0.215349 -0.493862 -0.434909 -0.070639 -0.230795 -0.023103 -0.261888 -0.135652 -0.224212 -0.205766 -0.360722 -0.380487 -0.402558 0.297321 0.125665 0.303892 0.215691 -0.279207 -0.391556 0.444966 0.128976 0.406680 0.429602 -0.375013 -0.111511 0.386965 0.518271 -0.539617 -0.191092 -0.304384 0.050035 0.082753 0.256349 -0.627754 -0.579079 -0.698335 -0.635105 0.118190 0.247789 -0.103778 -0.133068 0.121674 0.213767 0.412913 0.292807 0.302864 0.471635 0.617148 0.516754 0.268069 0.079523 -0.302218 -0.169249 -0.268011 -0.226808 0.288642 0.196386 0.067028 0.186583 -0.133779 -0.074379 0.276869 0.346137 0.012522 -0.196849 -0.300798 -0.232896 -0.153676 -0.350121 0.136356 0.047799
-0.375620 -0.409499 0.266866 0.241247 0.345585 0.542411 0.285045 0.037002 0.056029 0.318106 -0.208559 -0.363339 -0.128704 -0.268593 -0.081277 -0.420802 -0.155475 -0.074732 0.006366 0.071221 0.243457 0.273325 0.345773 0.484557 1.000000 0.718724 0.309072 0.098345 -0.273514 -0.186521 0.325805 0.248878 -0.037206 0.268190 0.292932 0.208159 -0.348461 -0.390855 -0.260677 -0.271332 -0.239109 -0.260773 -0.241168 -0.268206 0.085047 0.046549 -0.296628 -0.270438 0.241827 -0.090492 0.039122 -0.052282 -0.025866 -0.113676 -0.227311 -0.318790 -0.116531 -0.242933 0.061195 -0.107167 0.108157 -0.185937 0.237373 0.058273 0.280243 -0.169562 0.339203 0.148538 -0.178519 -0.027067 0.288965 0.392707 -0.225558 0.085563 -0.251487 -0.016442 0.137259 0.241398 -0.259190 -0.154047 -0.263617 -0.217813 0.124643 0.181497 -0.115423 -0.151673 -0.115184 -0.016273 -0.064620 -0.286532 -0.082447 0.051327 0.203082 0.156646 -0.070041 -0.219438 -0.382926 -0.418112 -0.285775 -0.218271 0.045032 0.136072 -0.233534 0.153309 -0.025354 0.189917 0.084574 0.023178 -0.236908 -0.415216 -0.026933 -0.028949 -0.238040 -0.454963 -0.002942 -0.127943
-0.587523 -0.510224 0.205987 0.299243 0.015478 0.388310 0.209375 0.126460 0.043786 0.265341 -0.225834 -0.315531 -0.326491 -0.187816 -0.120000 -0.385936 -0.078747 -0.054640 -0.087445 -0.063584 0.302017 0.314392 0.234438 0.294077 0.718724 1.000000 -0.053315 0.043698 -0.029152 0.010103 0.554308 0.551640 0.084095 0.205947 0.109149 0.029477 -0.195755 -0.111025 -0.182467 -0.014204 -0.007271 0.038116 -0.211243 -0.254395 0.052176 -0.008534 -0.324168 -0.270325 0.090992 -0.117175 -0.024318 0.037702 -0.101968 -0.005378 -0.202052 -0.214628 -0.198285 -0.327320 -0.124910 -0.144464 -0.033138 -0.017049 0.165714 0.054181 0.214214 0.018534 0.185198 0.117168 -0.214313 -0.108640 0.228694 0.325289 0.093733 0.288901 0.001867 0.261226 0.251540 0.228943 -0.215866 -0.124512 -0.194955 -0.185643 0.051240 0.192020 -0.170561 -0.076256 -0.292698 0.013562 -0.148375 -0.202623 -0.103939 0.056614 0.156595 0.068914 -0.070833 -0.266585 -0.237786 -0.268606 -0.260208 -0.132013 0.090849 0.110346 0.000270 0.061672 0.054159 0.107933 0.051226 -0.077454 -0.235861 -0.178899 -0.015159 -0.141128 -0.001664 -0.325167 -0.010125 -0.200552
-0.091643 -0.131467 0.140309 -0.033077 0.705051 0.475611 -0.087965 -0.076247 0.209094 0.209515 -0.207615 -0.002237 0.248322 -0.254544 0.346432 0.345750 -0.377393 -0.339804 -0.113532 0.021737 0.298194 0.441598 0.366895 0.311422 0.309072 -0.053315 1.000000 0.660077 -0.492464 -0.412040 -0.196514 -0.313468 -0.368730 0.003287 0.329545 0.414632 -0.052041 -0.118082 0.050263 -0.083030 -0.101823 -0.270886 -0.078581 -0.046358 0.019422 -0.039397 -0.156439 -0.100820 0.038209 -0.081242 0.352117 -0.153732 -0.061471 -0.350451 -0.084593 -0.023344 -0.073581 -0.089958 0.144673 -0.079771 0.080996 0.043089 -0.409944 -0.435198 0.432962 0.327627 0.238119 0.244134 0.065492 0.170495 0.147543 0.129378 -0.415603 -0.087351 -0.092189 -0.053621 0.102576 0.274419 -0.087115 -0.140987 -0.221973 -0.223309 0.153255 0.019911 0.319217 0.164077 0.389553 0.123836 0.563374 0.247420 -0.131274 -0.138866 0.062379 0.142832 0.108572 0.105086 0.096715 -0.080380 -0.192851 -0.215749 -0.170273 -0.034996 -0.302126 0.027082 -0.179719 0.100334 -0.156261 -0.088284 0.105204 -0.053504 0.097598 0.082832 -0.512019 -0.264479 -0.243379 -0.074725
-0.031437 -0.202890 0.318320 0.119128 0.480751 0.498576 0.007556 0.091059 0.062768 0.064431 -0.356735 -0.080746 -0.072238 -0.314746 0.250700 0.134544 -0.358988 -0.365566 -0.033189 -0.001003 0.668035 0.678778 0.418123 0.218560 0.098345 0.043698 0.660077 1.000000 -0.398232 -0.285723 0.004306 -0.086125 -0.187535 0.041844 0.273139 0.393311 0.288093 0.213574 0.322120 0.257749 0.232494 0.170758 -0.175653 -0.180867 -0.181016 -0.194762 -0.253106 -0.223683 -0.262211 -0.243552 0.273173 -0.273668 -0.142006 -0.409322 0.210323 0.077759 -0.118190 -0.172263 0.050565 -0.010577 -0.026268 0.056441 -0.434978 -0.422108 0.285384 0.430873 0.213512 0.281345 0.027947 0.190416 0.063481 0.192026 -0.217963 0.003111 0.088885 0.216634 0.193198 0.255627 -0.103330 -0.150771 -0.202134 -0.216010 0.252695 0.076798 0.377900 0.314634 0.297921 -0.012046 0.680749 0.541064 -0.158387 -0.208136 -0.062847 -0.013928 0.166746 0.142910 0.212096 0.156264 -0.190248 -0.362661 -0.155975 -0.050741 -0.142320 -0.256394 -0.105919 -0.149208 -0.354389 -0.192948 0.196039 0.133470 -0.046208 -0.249828 -0.392105 -0.214236 -0.168994 -0.045131
-0.023237 0.176151 -0.583345 -0.389912 -0.458773 -0.574819 -0.412293 -0.357140 -0.074628 -0.243362 0.361395 0.239425 -0.107035 0.316530 0.146720 0.034538 0.666708 0.578220 0.057071 0.133471 -0.123068 -0.198283 -0.577353 -0.625808 -0.273514 -0.029152 -0.492464 -0.398232 1.000000 0.871627 0.450476 0.373585 0.422610 -0.036818 -0.368769 -0.533479 0.264908 0.342132 0.113893 0.118808 0.304663 0.346443 0.363388 0.370970 0.112185 0.029171 0.423046 0.369125 -0.112863 -0.034026 -0.267593 0.079956 0.075789 0.259646 0.103134 0.239232 0.136699 0.130528 -0.452871 -0.336181 -0.398062 -0.311294 0.404137 0.390589 -0.482906 -0.359983 -0.544115 -0.562523 0.074606 -0.149027 -0.314229 -0.391624 0.836118 0.393934 0.484822 0.142850 0.035277 -0.177611 0.468244 0.451503 0.708049 0.632804 0.259795 0.168913 0.040764 0.075685 -0.190130 0.009620 -0.512130 -0.376692 -0.148146 -0.309916 -0.372602 -0.266584 -0.298899 -0.205957 0.184698 0.035293 0.286828 0.245915 -0.064498 0.016604 0.132795 -0.167033 0.122515 -0.050828 -0.055218 -0.296696 -0.163308 0.109772 0.146289 0.129945 0.397199 0.341767 -0.108559 -0.102311
-0.058412 0.206996 -0.602862 -0.366798 -0.352659 -0.389342 -0.400247 -0.337822 -0.095832 -0.137584 0.340961 0.327022 -0.140597 0.361085 0.010930 0.028208 0.643113 0.613361 -0.037040 0.117193 -0.032934 -0.146102 -0.568148 -0.595051 -0.186521 0.010103 -0.412040 -0.285723 0.871627 1.000000 0.367130 0.207600 0.345181 -0.082231 -0.346668 -0.477793 0.355610 0.433283 0.152765 0.182799 0.408245 0.413610 0.307176 0.293076 0.062404 -0.057084 0.403918 0.300322 -0.117416 -0.089100 -0.192400 0.089347 0.141442 0.241578 0.260882 0.382179 0.181027 0.170413 -0.410395 -0.286969 -0.309942 -0.264652 0.442020 0.489508 -0.431485 -0.280833 -0.541067 -0.560240 0.055683 -0.085427 -0.419957 -0.422480 0.852836 0.481265 0.557124 0.140480 0.023692 -0.174799 0.490521 0.498132 0.717737 0.612881 0.204207 0.149966 0.166633 0.184088 -0.172422 -0.033569 -0.406029 -0.229860 -0.185275 -0.351351 -0.368638 -0.351874 -0.270082 -0.169034 0.165720 0.016650 0.326991 0.268743 -0.069783 -0.003279 0.161847 -0.277423 0.011751 -0.152806 -0.212834 -0.385584 -0.117159 0.151117 0.059585 0.135263 0.323998 0.352076 -0.103214 -0.097149
-0.435067 -0.278625 -0.049745 -0.079448 -0.284593 -0.146391 -0.080562 -0.120583 -0.137848 -0.137819 -0.107261 -0.122097 -0.300639 -0.020401 0.096074 -0.271886 0.143250 0.115006 0.160213 0.048151 0.349797 0.361048 0.011511 -0.113533 0.325805 0.554308 -0.196514 0.004306 0.450476 0.367130 1.000000 0.852693 0.520574 0.268236 -0.016057 -0.181815 0.226596 0.305809 0.212097 0.252463 0.313594 0.384764 -0.040984 -0.084887 -0.049009 -0.216144 -0.128342 -0.101075 -0.081498 -0.305081 -0.265713 -0.185255 -0.127571 -0.035611 0.038290 -0.073553 -0.208199 -0.271344 -0.367707 -0.333819 -0.279843 -0.219990 0.237770 0.103499 -0.103645 -0.243090 -0.151685 -0.354210 -0.136874 -0.208917 0.068771 0.167910 0.453965 0.460940 0.336718 0.428462 0.329198 0.211885 -0.081694 0.040984 0.137111 0.104231 0.436708 0.273913 -0.006762 -0.071231 -0.046390 0.157802 -0.164434 -0.206171 -0.161416 -0.135053 -0.072491 0.033196 -0.027602 -0.053997 0.081107 0.000296 -0.127145 -0.147728 0.122386 0.261071 0.169623 -0.033712 0.003574 0.001176 -0.068804 -0.218722 -0.053538 0.074184 -0.088156 -0.121071 0.274500 0.009745 -0.106392 -0.134633
-0.468584 -0.396743 0.106451 0.085806 -0.339056 -0.183417 0.123395 0.046838 -0.051985 -0.179121 -0.111953 -0.169405 -0.303746 -0.046254 0.185210 -0.273240 -0.036056 -0.051119 0.189065 -0.025914 0.219897 0.247317 0.075579 0.046754 0.248878 0.551640 -0.313468 -0.086125 0.373585 0.207600 0.852693 1.000000 0.529786 0.447016 0.059170 -0.114159 0.086021 0.195881 0.135614 0.208795 0.246631 0.358826 -0.189688 -0.246797 -0.211832 -0.336459 -0.252969 -0.225398 -0.151205 -0.373994 -0.370383 -0.248656 -0.247063 -0.035537 -0.090465 -0.187842 -0.365724 -0.384772 -0.275715 -0.293667 -0.151125 -0.125769 0.150663 0.003630 -0.069020 -0.243939 -0.032964 -0.171496 -0.296889 -0.295106 0.180896 0.291471 0.308701 0.306288 0.177453 0.442336 0.260119 0.200564 -0.234499 -0.211045 -0.108441 -0.131765 0.415223 0.302462 -0.231381 -0.286775 -0.063377 0.158181 -0.121713 -0.207728 0.021526 0.170021 0.101906 0.241693 0.101328 0.032956 -0.056571 0.029232 -0.094616 -0.094925 0.214105 0.307081 0.216125 0.020540 -0.020603 -0.031972 0.127341 0.037352 0.025321 0.069845 -0.162915 -0.147079 0.397682 0.008761 0.136032 0.047390
-0.071790 0.210774 -0.321057 -0.441551 -0.359232 -0.313799 -0.237707 -0.289383 -0.139609 -0.160316 0.048259 -0.104409 -0.202660 0.063154 -0.023380 -0.236303 0.274156 0.352925 0.140630 0.160152 -0.039888 -0.107026 -0.263384 -0.439486 -0.037206 0.084095 -0.368730 -0.187535 0.422610 0.345181 0.520574 0.529786 1.000000 0.588768 -0.045805 -0.112847 0.192691 0.168337 0.158960 0.112475 0.159951 0.228714 0.018617 0.002323 0.004556 -0.010792 0.104788 0.066035 -0.137305 -0.088902 -0.383755 -0.074609 -0.109358 0.215813 0.036723 -0.004802 0.052702 0.143695 -0.236140 -0.210604 -0.202665 -0.290072 0.367434 0.334839 -0.145847 -0.418786 -0.083666 -0.279506 0.183368 0.006445 -0.140616 -0.125389 0.332184 0.065949 0.097364 0.053532 -0.079704 -0.187241 0.079907 0.163067 0.195114 0.207597 0.194902 0.013325 -0.141734 -0.207767 -0.095071 -0.077404 -0.353538 -0.297610 -0.186719 -0.163300 -0.396252 -0.215014 -0.026810 0.034798 -0.013680 0.070576 0.098974 0.030501 -0.042426 -0.073391 -0.049314 -0.113999 -0.094043 0.034729 -0.113022 -0.121923 -0.023440 -0.079928 0.011022 -0.059266 0.224280 0.040853 0.076983 -0.012087
-0.129767 -0.026556 0.208154 0.043717 0.068492 0.169463 0.253460 0.096194 0.096146 0.065409 -0.207391 -0.205354 -0.154581 -0.174178 0.032575 -0.270803 -0.162143 -0.032683 0.342104 0.320830 0.012010 -0.036646 0.126854 0.138353 0.268190 0.205947 0.003287 0.041844 -0.036818 -0.082231 0.268236 0.447016 0.588768 1.000000 0.316446 0.375859 -0.176424 -0.218147 -0.065009 -0.100212 -0.040784 0.016219 -0.444577 -0.454767 -0.292074 -0.215613 -0.401431 -0.413663 -0.186163 -0.220897 -0.341703 -0.326650 -0.444485 -0.240099 -0.328842 -0.420413 -0.172537 -0.103670 0.145549 0.005775 0.067684 -0.115419 0.195498 0.040567 0.159245 -0.103185 0.330474 0.244744 0.030264 -0.004746 0.164412 0.276122 -0.188619 -0.181251 -0.291156 0.025886 -0.124055 -0.050146 -0.307216 -0.270951 -0.310515 -0.310821 0.122716 0.030269 -0.390088 -0.502695 -0.149372 -0.196828 -0.060192 -0.290701 -0.109657 0.119092 0.031042 0.202676 0.233521 0.168872 -0.422588 -0.052354 -0.224406 -0.304204 0.094433 0.050931 -0.189160 0.027205 -0.114849 0.094983 0.109194 0.210536 0.122157 -0.203610 -0.232702 -0.125340 0.046152 -0.187048 0.381523 0.118893
-0.317656 -0.426330 0.316084 0.222529 0.215918 0.360864 0.214863 0.093475 0.061346 0.039505 -0.063636 -0.130944 0.129533 -0.144816 0.128016 -0.018747 -0.396641 -0.384566 0.149490 0.072443 0.278084 0.259556 0.342954 0.452882 0.292932 0.109149 0.329545 0.273139 -0.368769 -0.346668 -0.016057 0.059170 -0.045805 0.316446 1.000000 0.800538 -0.085060 -0.046836 -0.003963 0.015069 -0.110902 -0.059525 -0.405652 -0.467153 -0.156434 -0.231481 -0.406623 -0.465830 -0.027224 -0.325362 0.174542 -0.292959 -0.353157 -0.400468 -0.170426 -0.282763 -0.418042 -0.328972 0.153307 -0.073280 0.005681 -0.127333 -0.155489 -0.332893 0.379170 0.160450 0.639005 0.525989 -0.274067 -0.088269 0.401431 0.458343 -0.284084 0.073937 -0.097913 0.242520 0.261556 0.383033 -0.464720 -0.341765 -0.465914 -0.401411 0.255766 0.083483 0.181868 0.047269 0.267040 0.039938 0.247382 0.010584 -0.250946 0.031785 0.152141 0.287232 0.237216 0.162667 -0.170452 -0.073590 -0.319039 -0.247064 0.105114 0.246115 -0.157474 0.222054 -0.146921 0.062089 0.047652 0.052725 0.055702 0.098648 -0.013576 0.076867 -0.052446 -0.249640 -0.040404 -0.142654
-0.156201 -0.316505 0.449618 0.278466 0.368705 0.530833 0.351664 0.303253 0.170411 0.194662 -0.247717 -0.051239 0.133549 -0.122058 0.104062 0.016809 -0.529671 -0.515906 0.203929 0.112044 0.285588 0.134392 0.364057 0.496013 0.208159 0.029477 0.414632 0.393311 -0.533479 -0.477793 -0.181815 -0.114159 -0.112847 0.375859 0.800538 1.000000 -0.141121 -0.199601 -0.010593 -0.052743 -0.049588 -0.107003 -0.577073 -0.553867 -0.284826 -0.189211 -0.540578 -0.566917 -0.065579 -0.176839 0.084480 -0.335230 -0.428356 -0.500542 -0.207492 -0.362586 -0.413680 -0.347710 0.438023 0.284114 0.094659 0.020458 -0.373726 -0.490726 0.289597 0.322302 0.684170 0.712652 -0.224727 -0.031951 0.396727 0.506992 -0.457062 -0.045165 -0.171164 0.192583 0.078921 0.270845 -0.528067 -0.441570 -0.563292 -0.514243 0.172610 0.019395 0.023202 0.020510 0.144750 -0.073392 0.333234 0.172958 -0.163819 0.071905 0.210531 0.255396 0.292257 0.213803 -0.279306 -0.053459 -0.295083 -0.403259 0.153190 0.157055 -0.135292 0.172482 -0.110213 0.031586 0.047283 0.189814 0.138030 -0.065961 -0.120087 -0.088494 -0.193669 -0.282964 0.169000 -0.081343
