1.000000 0.351768 0.260792 0.015326 -0.124363 -0.145187 0.096732 -0.171473 -0.090714 -0.192491 0.237415 -0.247426 -0.205415 -0.362854 0.012803 -0.216489 0.118396 0.087563 0.591104 0.414691 -0.304843 -0.362781 0.088986 -0.242580 -0.034839 -0.205280 0.190976 0.290584 0.004027 -0.168119 -0.395718 -0.364656 0.242748 0.077164 -0.039030 -0.203282 -0.223431 -0.252911 -0.248831 0.025112 -0.299284 -0.245212 -0.215046 -0.335231 -0.006591 -0.034241 -0.092153 -0.081984 0.006007 0.062219 -0.083954 -0.141814 0.259405 0.175147 0.122994 -0.180512 0.736207 0.532118 0.295446 0.210459 0.097926 -0.105586 0.205539 0.194673 0.040253 -0.049534 0.145298 -0.104794 0.395300 0.286940 -0.348613 -0.368115 -0.168170 -0.272579 -0.150778 -0.180480 -0.020563 -0.228888 0.119155 0.213609 -0.106300 -0.166739 0.175112 -0.043904 -0.034321 -0.200313 -0.031118 -0.026289 0.211316 0.136296 -0.187937 -0.100646 -0.133668 0.160434 -0.112372 -0.173703 -0.211004 -0.256923 0.030953 0.056038 -0.011491 0.098496 0.157927 0.140443 0.110020 0.197405 0.011054 0.018952 -0.091682 0.021393 0.008438 0.138353 0.018444 0.092847 -0.132905 0.011523
0.351768 1.000000 -0.022238 -0.215669 -0.117374 -0.148968 -0.046285 -0.213263 -0.024840 -0.119082 0.067902 0.001132 -0.027062 -0.151552 -0.062152 -0.167897 0.296724 0.463212 0.184344 0.446129 -0.310374 -0.312516 -0.045782 -0.448754 -0.273204 -0.252386 -0.089220 0.038434 0.241197 0.053064 -0.182699 -0.233387 0.126105 0.038101 -0.167113 -0.245202 -0.354239 -0.114857 -0.282001 0.041400 -0.297035 -0.243600 -0.139357 -0.186614 -0.216146 -0.231673 -0.125287 0.005556 -0.116584 -0.003349 -0.079323 -0.079912 0.020597 -0.007015 -0.277243 -0.174276 0.590049 0.739073 0.045145 -0.029643 0.088397 -0.223761 0.091581 0.153477 -0.012934 -0.293992 -0.220956 -0.468373 0.038183 0.152323 -0.271139 -0.291320 0.032406 -0.025556 -0.248661 -0.236376 -0.004324 0.137570 0.128034 0.576830 -0.020945 0.056594 0.063411 0.049836 -0.187214 -0.091842 -0.295503 0.013023 -0.103913 0.030240 -0.328548 0.052265 -0.332076 0.155029 -0.030911 0.049680 0.301353 -0.045507 0.376790 0.080256 0.034610 0.187553 0.204841 0.198034 0.252101 0.219736 -0.015611 0.053001 0.051883 0.137415 0.141404 0.455567 0.216636 0.383501 0.206282 0.074032
0.260792 -0.022238 1.000000 0.049231 0.051288 -0.261503 0.605606 -0.083856 0.025863 -0.212627 0.305231 -0.453037 0.193261 -0.259117 0.420888 -0.220828 -0.544669 -0.539622 0.578975 0.416755 -0.340950 -0.352659 0.527237 0.031417 -0.031660 -0.249939 0.075139 0.114575 -0.110538 -0.543751 -0.166868 -0.284281 0.248882 -0.078222 0.328381 0.103987 -0.133829 -0.438243 -0.015995 -0.125353 -0.357816 -0.504782 -0.192266 -0.379995 0.092739 -0.000814 -0.074152 -0.149062 0.114461 0.173054 -0.243456 -0.022785 0.061635 0.392611 0.261029 -0.332825 0.017255 0.127772 0.376182 0.074390 0.336257 -0.082046 0.253416 -0.229666 0.386476 -0.119230 0.564111 0.097324 0.517706 0.489017 -0.125689 -0.236816 -0.349086 -0.524986 -0.171950 -0.196260 -0.191982 -0.373129 -0.568781 -0.276945 -0.648336 -0.424421 0.225595 0.048993 -0.018939 -0.351536 0.047337 -0.063107 0.323374 0.179280 -0.077960 0.579702 -0.109312 0.610825 0.122698 -0.273002 0.011705 -0.295834 -0.151717 -0.198031 -0.095754 0.183614 0.068683 -0.220210 0.183338 0.183643 -0.129780 0.240929 0.036125 0.114853 0.017747 -0.150098 -0.062369 0.076855 -0.076947 0.093765
0.015326 -0.215669 0.049231 1.000000 0.008393 0.241980 0.017457 0.489197 0.104121 0.334976 -0.141147 0.095188 -0.266754 0.085628 -0.022283 0.440197 -0.154165 -0.222870 0.067408 -0.036535 0.044147 0.017525 -0.062096 0.547885 0.131730 0.182970 0.132676 0.297904 -0.225992 -0.056599 -0.048126 -0.014688 0.019865 0.201748 -0.145565 -0.070639 -0.066859 -0.090466 0.241441 0.290624 0.037835 0.113960 -0.325842 -0.289271 -0.121687 -0.102677 -0.256135 -0.249486 -0.206552 -0.215272 -0.371266 -0.451455 -0.016087 -0.094393 0.190381 -0.011770 -0.156890 -0.207359 0.067913 0.107701 -0.072327 0.336171 0.075403 0.014145 -0.286103 0.222745 -0.068980 0.122106 -0.073273 -0.016932 -0.047530 -0.155932 -0.232812 -0.144110 -0.161926 -0.059049 -0.356435 -0.314914 -0.224945 -0.327101 -0.040479 -0.227031 0.035700 0.251605 -0.146879 -0.049720 0.249595 0.122038 0.131126 0.301150 0.348836 -0.143252 0.528939 -0.083150 0.181276 0.093074 -0.245748 -0.010550 -0.066924 -0.110309 0.344182 0.186451 0.200346 0.131391 0.036482 -0.053165 -0.123257 0.147092 0.265019 -0.036388 -0.314776 -0.204818 0.000306 -0.027340 -0.013290 0.286291
-0.124363 -0.117374 0.051288 0.008393 1.000000 0.637829 0.178033 0.057457 0.721221 0.700213 -0.143808 -0.130634 -0.098648 -0.022815 0.079395 0.485170 -0.127087 -0.090628 -0.087259 -0.266810 0.454222 -0.106821 -0.141759 0.042821 0.626542 0.601689 0.632276 0.394243 0.065190 -0.068836 0.392995 0.177979 -0.197488 -0.301255 0.064430 0.204411 -0.025503 -0.083979 0.051645 -0.100096 0.144327 0.323347 -0.223012 -0.171848 -0.063699 0.072949 0.043829 0.172721 0.026001 -0.018952 -0.175941 -0.178261 0.086370 0.026959 -0.161448 -0.059435 -0.109770 -0.039532 0.034925 -0.041177 0.004112 0.036423 -0.258872 -0.183546 -0.202461 -0.135998 -0.033240 -0.047917 -0.215171 -0.239721 0.153833 0.062574 0.224366 0.162859 0.318393 0.262705 -0.181304 -0.015522 -0.214553 -0.408160 -0.162200 -0.299444 -0.296923 -0.066219 -0.283884 -0.328607 -0.200315 0.111893 -0.142124 -0.452401 -0.052769 0.021362 0.021838 0.034548 0.045443 -0.049289 0.179599 -0.083145 -0.050881 -0.132465 -0.074600 0.099808 0.063147 0.058523 0.120649 0.047637 0.424037 0.090812 0.052530 -0.152424 -0.008067 -0.121819 -0.114546 -0.341097 -0.179413 0.117246
-0.145187 -0.148968 -0.261503 0.241980 0.637829 1.000000 -0.127985 -0.033645 0.387642 0.771969 -0.270241 0.067104 -0.412973 -0.124759 -0.112661 0.596787 0.076399 0.147413 -0.112151 -0.207525 0.356940 0.209135 -0.443717 0.271055 0.754076 0.868587 0.694339 0.619055 0.081500 0.218858 0.434920 0.167007 -0.196859 -0.127149 -0.222706 -0.010790 -0.062966 0.033468 -0.062811 0.161782 0.216078 0.364113 -0.110321 -0.035219 -0.038059 0.070538 0.041936 0.234054 -0.002659 -0.214314 -0.002783 -0.209436 0.094256 -0.141819 -0.163642 -0.055890 -0.086582 -0.017325 -0.067354 0.014841 -0.309568 -0.012480 -0.388325 0.042642 -0.507392 -0.058482 -0.237383 -0.183532 -0.305704 -0.355142 0.036788 -0.058708 0.203509 0.248015 0.074837 -0.045279 -0.327120 -0.224350 -0.080427 -0.255429 0.180237 -0.036620 -0.190446 0.051367 -0.283994 0.027650 -0.117524 0.308686 -0.163220 -0.255115 0.051596 -0.343890 0.124464 -0.367050 0.039566 0.104227 -0.014078 -0.042581 -0.043615 -0.166709 -0.049673 -0.049626 0.140393 0.202378 0.169019 0.098434 0.375013 0.026402 0.177323 -0.136622 -0.056667 -0.093453 0.141421 -0.378458 -0.247418 0.239948
0.096732 -0.046285 0.605606 0.017457 0.178033 -0.127985 1.000000 0.340476 0.380144 0.105934 0.601028 0.024294 0.519360 0.158898 0.211759 0.102147 -0.233994 -0.346482 0.104973 -0.091623 -0.195761 -0.253791 0.369436 0.097946 -0.129475 -0.240151 0.082805 0.046589 0.207112 -0.237461 -0.047461 -0.026091 0.298424 0.291672 0.321110 0.245696 -0.319221 -0.487451 -0.118881 -0.287097 -0.387112 -0.260293 -0.283387 -0.350193 0.024242 -0.100919 -0.202041 -0.244358 0.102774 0.119181 -0.201917 -0.233783 0.019434 0.105588 -0.225176 -0.487453 -0.121440 -0.022816 0.292096 0.136417 0.625514 0.310728 0.439361 0.069472 0.282304 0.123373 0.270245 -0.011372 0.136559 0.147630 0.130015 -0.095010 -0.012789 -0.317045 -0.096760 0.003675 0.024318 -0.133602 -0.308069 -0.250336 -0.410917 -0.469686 -0.001005 0.046470 -0.370223 -0.548621 -0.134007 -0.405032 -0.084282 -0.228634 -0.044296 0.290820 -0.029365 0.340820 -0.034249 -0.214135 -0.254989 -0.278335 -0.299243 -0.165924 0.163593 0.196947 -0.015896 -0.278588 -0.124004 -0.146079 -0.061199 -0.045787 -0.065243 0.095024 -0.164272 -0.333746 -0.278405 -0.245994 -0.288666 0.000294
-0.171473 -0.213263 -0.083856 0.489197 0.057457 -0.033645 0.340476 1.000000 0.373032 0.337711 0.174060 0.445665 0.349647 0.584337 0.065603 0.361091 -0.061592 -0.228934 -0.312011 -0.374693 0.104102 0.028175 0.258734 0.452332 -0.111267 -0.038524 -0.052005 -0.054111 -0.065601 0.008221 -0.006245 0.217371 0.005717 0.462338 -0.097892 0.094806 -0.139554 -0.152618 0.198823 0.047083 -0.128456 0.112903 -0.234879 -0.140497 -0.113116 -0.148018 -0.368961 -0.353240 -0.221218 -0.150264 -0.337751 -0.465182 -0.158018 -0.239828 -0.243991 -0.144922 -0.309632 -0.399874 -0.201694 0.015336 0.204283 0.663172 0.214413 -0.026998 -0.028640 0.385202 -0.210968 0.279224 -0.339538 -0.276750 0.228677 0.172265 -0.047528 -0.046684 -0.021492 0.176990 -0.154602 -0.038447 -0.060611 -0.365448 -0.063756 -0.265317 -0.049441 0.177000 -0.186543 -0.364129 0.170658 -0.207205 -0.118672 -0.126863 0.395079 -0.084924 0.524535 -0.170141 0.003487 0.085494 -0.331475 0.076358 -0.173035 0.006462 0.453417 0.039780 -0.024474 -0.127323 -0.424951 -0.478893 -0.108184 -0.138634 -0.089566 -0.124662 -0.393143 -0.330354 -0.304357 -0.225980 -0.094616 -0.046472
-0.090714 -0.024840 0.025863 0.104121 0.721221 0.387642 0.380144 0.373032 1.000000 0.671573 0.079955 0.105892 0.231281 0.191932 0.238709 0.544235 -0.198201 -0.256096 -0.166412 -0.342978 0.208461 -0.106895 -0.026545 0.068887 0.386799 0.336455 0.443934 0.289211 0.112307 -0.031142 0.169382 0.058045 -0.164943 -0.053125 0.062550 0.188600 -0.148730 -0.184711 -0.002061 -0.055818 -0.114438 0.261137 -0.397821 -0.331697 -0.090618 0.015071 -0.180975 -0.042718 0.009680 0.054875 -0.295172 -0.335526 -0.003990 -0.078789 -0.264379 -0.144477 -0.190923 -0.132153 0.159290 0.151292 0.355305 0.436131 -0.146665 -0.245362 -0.063631 0.094648 -0.026136 -0.010578 -0.130254 -0.131645 0.161608 0.051543 0.176877 0.107883 0.138897 0.257448 -0.081727 0.034374 -0.154335 -0.435537 -0.236309 -0.433658 -0.214667 -0.083743 -0.329465 -0.466008 -0.204051 -0.098314 -0.139863 -0.318493 0.016955 0.045714 0.221635 0.132185 0.028967 0.013695 0.024752 0.006129 -0.209397 -0.084408 0.262259 0.173005 0.091059 -0.032276 0.021638 -0.086388 0.334658 0.114500 0.026524 -0.141828 -0.198241 -0.192528 -0.360882 -0.358451 -0.128831 0.101961
-0.192491 -0.119082 -0.212627 0.334976 0.700213 0.771969 0.105934 0.337711 0.671573 1.000000 -0.113473 0.172701 -0.108085 0.210119 0.055723 0.799910 0.016923 0.096844 -0.283963 -0.359106 0.422674 -0.016244 -0.312086 0.241607 0.616063 0.690350 0.635440 0.453447 0.151779 0.215067 0.401397 0.241526 -0.227762 -0.076460 -0.166325 0.057471 -0.134953 -0.039251 -0.067832 0.048184 0.205795 0.470291 -0.297664 -0.132005 -0.145316 -0.071570 -0.027310 0.111567 -0.159903 -0.243535 -0.268817 -0.430979 -0.007968 -0.201011 -0.252046 -0.134282 -0.232424 -0.176862 -0.069315 -0.030604 -0.031963 0.230530 -0.235174 -0.089896 -0.440521 0.011103 -0.349539 -0.206682 -0.418092 -0.394364 0.134368 -0.008493 0.259831 0.272400 0.225558 0.169108 -0.245972 -0.036711 -0.083662 -0.320498 0.109494 -0.130115 -0.327187 0.049617 -0.372655 -0.199788 -0.171212 0.152764 -0.225474 -0.335802 0.014212 -0.202658 0.137861 -0.231928 0.081832 0.050162 0.015396 0.050878 0.056247 -0.060029 0.120081 0.092028 0.026948 -0.007588 0.051569 -0.118988 0.229443 0.000677 0.098225 -0.108482 -0.007901 -0.107558 -0.088639 -0.292789 -0.137523 0.238417
0.237415 0.067902 0.305231 -0.141147 -0.143808 -0.270241 0.601028 0.174060 0.079955 -0.113473 1.000000 0.059166 0.610793 0.073863 0.272470 -0.130514 0.139194 -0.093185 0.031935 -0.083048 -0.411927 -0.150376 0.377935 -0.054567 -0.327199 -0.412364 -0.062019 0.073448 0.256478 -0.208340 -0.293927 -0.165803 0.249715 0.365141 0.179273 -0.056143 -0.156663 -0.297867 -0.313297 -0.083473 -0.361253 -0.332221 -0.198619 -0.260664 0.092187 -0.065682 -0.190544 -0.297954 0.156336 0.081091 0.111332 -0.116856 0.158088 0.020928 -0.046807 -0.360603 0.002601 -0.007398 0.127649 0.020757 0.519576 0.219614 0.641777 0.258659 0.340520 0.220681 0.180245 -0.039670 0.164770 0.089894 0.030032 -0.119619 -0.028905 -0.357800 -0.287937 -0.157063 0.095227 -0.122857 0.049266 0.064161 -0.134206 -0.231315 0.302616 -0.080890 0.007672 -0.378029 0.014894 -0.349464 0.187440 -0.063972 -0.166581 0.088037 -0.132519 0.186496 -0.046192 0.002764 -0.258446 -0.086789 -0.425324 -0.210060 -0.017033 0.070755 -0.160256 -0.189783 -0.139471 -0.070124 0.060975 -0.069998 -0.015535 0.155695 -0.163844 -0.291121 -0.189517 -0.036851 -0.226834 -0.147880
-0.247426 0.001132 -0.453037 0.095188 -0.130634 0.067104 0.024294 0.445665 0.105892 0.172701 0.059166 1.000000 0.298248 0.790347 -0.179949 0.369908 0.310845 0.308911 -0.564118 -0.351574 -0.027832 0.190124 -0.013902 0.233477 -0.121809 0.026055 -0.135643 0.061531 0.179561 0.347114 0.085581 0.200825 -0.143098 0.264993 -0.336251 -0.143081 -0.202328 0.015975 -0.081302 -0.029459 -0.099628 0.001680 -0.016054 0.273890 -0.122866 -0.052141 -0.254037 -0.179183 -0.149998 -0.084057 0.108576 -0.049099 -0.087333 -0.372334 -0.399849 0.089728 -0.153885 -0.185023 -0.288353 -0.043469 0.040625 0.275798 0.111573 0.317958 -0.186180 0.380804 -0.589965 -0.093025 -0.497578 -0.463460 0.218750 0.183628 0.296176 0.149498 -0.014775 -0.049230 0.011851 0.109044 0.201139 0.143425 0.205092 0.117703 -0.135740 0.255364 -0.230534 0.157582 -0.008474 -0.055690 -0.294938 -0.148442 0.122334 -0.282653 0.227300 -0.343478 -0.135222 0.210256 -0.407297 0.205909 -0.247573 -0.070843 0.262455 -0.117530 -0.183137 -0.019735 -0.367619 -0.357420 -0.063010 -0.200813 -0.074465 0.044403 -0.232281 -0.336497 -0.143393 -0.019043 0.130016 -0.063308
-0.205415 -0.027062 0.193261 -0.266754 -0.098648 -0.412973 0.519360 0.349647 0.231281 -0.108085 0.610793 0.298248 1.000000 0.490588 0.449099 -0.075292 -0.077463 -0.146960 -0.286862 -0.204576 -0.214197 0.090741 0.526734 0.060763 -0.329756 -0.414437 -0.274608 -0.301178 0.176809 -0.086267 -0.009572 0.095672 -0.113427 0.128202 0.148462 0.039986 -0.038699 -0.099014 -0.003671 -0.272695 -0.294988 -0.239279 -0.196265 -0.184374 -0.201072 -0.260092 -0.268304 -0.348569 -0.176462 0.002509 -0.036518 -0.125903 0.015454 0.073500 -0.142395 -0.213421 -0.204150 -0.178861 -0.156761 -0.217018 0.504019 0.249856 0.231810 -0.122559 0.421166 0.169841 0.007843 -0.021929 0.045290 -0.035380 0.350695 0.340256 0.058560 0.001207 -0.009770 0.221027 0.213662 0.251663 -0.079525 -0.033502 -0.129197 -0.045987 0.184436 -0.094246 0.094743 -0.356047 0.126940 -0.417777 -0.018044 -0.132006 -0.026098 0.274302 -0.043020 0.183170 -0.017344 0.030046 -0.119970 0.168356 -0.299831 0.032626 0.130058 0.025137 -0.133160 -0.262071 -0.293217 -0.292886 0.046002 -0.099541 -0.074340 0.012129 -0.110905 -0.265632 -0.420934 -0.018535 0.026106 -0.240611
-0.362854 -0.151552 -0.259117 0.085628 -0.022815 -0.124759 0.158898 0.584337 0.191932 0.210119 0.073863 0.790347 0.490588 1.000000 0.079200 0.384620 0.090523 0.106049 -0.530733 -0.337467 0.143481 0.068271 0.185752 0.264255 -0.149777 -0.046812 -0.143080 -0.136813 0.100222 0.200195 0.162406 0.317720 -0.192636 0.129949 -0.109091 0.071819 -0.127529 0.085919 0.067990 -0.136972 0.007844 0.129721 -0.067702 0.213250 -0.187951 -0.112574 -0.199304 -0.209825 -0.224734 -0.007140 -0.058873 -0.096828 -0.168062 -0.274827 -0.267281 0.144047 -0.348963 -0.382112 -0.342910 -0.184640 0.104774 0.252892 0.099745 0.077348 -0.047937 0.314219 -0.482259 0.004686 -0.432933 -0.402739 0.385091 0.352129 0.332942 0.192822 0.239668 0.296388 0.148213 0.280430 0.008690 -0.098920 0.055411 0.112878 -0.215590 0.208363 -0.130294 0.010018 0.010613 -0.068549 -0.265038 -0.222072 0.047782 -0.070423 0.164273 -0.222753 -0.186134 0.057239 -0.303910 0.216541 -0.148380 0.046590 0.152106 -0.091016 -0.350111 -0.234791 -0.491498 -0.551667 -0.236180 -0.305392 -0.162809 -0.044173 -0.144938 -0.328593 -0.310068 -0.016250 0.227583 -0.127256
0.012803 -0.062152 0.420888 -0.022283 0.079395 -0.112661 0.211759 0.065603 0.238709 0.055723 0.272470 -0.179949 0.449099 0.079200 1.000000 0.103457 -0.471792 -0.439619 0.222430 0.161481 -0.150201 -0.194647 0.609853 0.130367 0.247062 -0.008359 0.323424 0.208011 -0.149070 -0.464052 -0.077338 -0.188611 -0.106931 -0.179074 0.006427 -0.191207 0.197165 -0.051461 0.292571 0.095501 -0.079093 -0.178182 -0.224692 -0.273372 0.007260 0.049498 -0.153569 -0.256583 -0.105616 0.070318 -0.283543 -0.272960 0.077437 0.197790 0.379913 -0.030542 -0.150379 -0.169693 -0.134122 -0.278751 0.092754 -0.042246 -0.142447 -0.378694 0.405769 0.189132 0.147223 0.065256 0.380915 0.170822 -0.027506 -0.047181 -0.289857 -0.254179 -0.075244 0.097906 -0.126275 -0.080504 -0.498084 -0.412601 -0.434157 -0.201000 0.501550 0.051337 0.358715 -0.252483 0.385785 0.151149 0.528025 0.293623 0.044200 0.427839 0.094414 0.366410 0.291960 0.023456 0.097454 0.154710 -0.214614 -0.103122 -0.076327 0.043900 -0.003519 -0.249424 0.038813 0.080504 0.035048 0.124571 0.182622 0.101611 -0.088201 -0.125279 -0.114502 0.112496 0.119366 0.073948
-0.216489 -0.167897 -0.220828 0.440197 0.485170 0.596787 0.102147 0.361091 0.544235 0.799910 -0.130514 0.369908 -0.075292 0.384620 0.103457 1.000000 0.050431 0.083956 -0.252991 -0.285633 0.278854 0.009452 -0.269670 0.324124 0.492826 0.565403 0.503738 0.492477 0.217982 0.246528 0.297269 0.170534 -0.144808 0.022985 -0.177485 -0.062985 -0.008041 -0.028270 0.073667 0.236353 0.128234 0.466024 -0.328735 -0.111348 -0.088667 -0.035717 -0.113108 -0.053166 -0.128360 -0.175307 -0.261344 -0.408452 -0.093449 -0.280210 -0.124531 0.064581 -0.286867 -0.284363 -0.093045 -0.039426 -0.105338 0.220947 -0.154071 0.047062 -0.434440 0.202647 -0.450448 -0.220390 -0.420289 -0.375955 0.108174 -0.065745 0.273050 0.138552 0.097220 0.116531 -0.235906 -0.078201 -0.083530 -0.306369 0.138810 -0.173051 -0.114782 0.321828 -0.348864 -0.130777 -0.022708 0.197755 -0.151521 -0.137082 0.012955 -0.198707 0.180638 -0.216316 0.117658 0.061417 -0.142769 0.008842 -0.008190 -0.084473 0.224760 0.118073 0.013876 -0.034006 -0.087709 -0.213884 -0.012700 -0.064345 0.186359 0.000025 -0.102747 -0.186090 -0.108332 -0.175551 0.006959 0.239594
0.118396 0.296724 -0.544669 -0.154165 -0.127087 0.076399 -0.233994 -0.061592 -0.198201 0.016923 0.139194 0.310845 -0.077463 0.090523 -0.471792 0.050431 1.000000 0.754701 -0.219586 -0.149317 -0.041790 0.132608 -0.324453 -0.187037 -0.156841 0.043723 -0.172358 0.054582 0.541857 0.508859 0.128479 0.270997 0.158318 0.328382 -0.311543 -0.267740 -0.219080 0.052384 -0.344366 0.136292 -0.024302 0.151187 0.115062 0.242356 -0.036498 -0.136150 -0.056916 -0.057727 -0.070501 -0.248564 0.244659 -0.004280 -0.050292 -0.360901 -0.335437 0.110254 0.324401 0.231993 -0.196664 -0.091448 -0.155388 -0.116956 0.193866 0.508156 -0.279324 0.018288 -0.511037 -0.405077 -0.407647 -0.341606 0.006063 -0.055051 0.450922 0.266660 0.037821 -0.128852 0.323641 0.129060 0.726469 0.617764 0.685169 0.318094 -0.196392 -0.061439 -0.111698 0.208477 -0.176999 -0.065506 -0.360233 -0.152417 -0.330172 -0.414332 -0.278146 -0.390336 -0.199307 0.161521 -0.211512 0.121792 0.073068 0.186284 -0.099715 -0.084676 -0.293106 0.172086 -0.283960 -0.202278 -0.083168 -0.418071 -0.083182 0.022688 -0.027103 0.132595 -0.032401 0.051947 0.074167 -0.169768
0.087563 0.463212 -0.539622 -0.222870 -0.090628 0.147413 -0.346482 -0.228934 -0.256096 0.096844 -0.093185 0.308911 -0.146960 0.106049 -0.439619 0.083956 0.754701 1.000000 -0.173438 0.093189 0.013728 0.075450 -0.421746 -0.257524 -0.128904 0.049972 -0.095475 -0.004417 0.479491 0.584050 0.171810 0.203157 0.074273 0.127122 -0.255378 -0.194368 -0.219581 0.080503 -0.347193 -0.012378 0.161400 0.158266 0.077191 0.198730 -0.184239 -0.227566 -0.013019 0.112626 -0.169202 -0.248116 0.133523 -0.022563 -0.079326 -0.313189 -0.392409 0.016592 0.366499 0.425009 -0.220347 -0.182659 -0.204307 -0.305869 0.029818 0.471855 -0.392122 -0.245469 -0.573648 -0.573053 -0.367066 -0.274496 -0.057389 -0.053659 0.420506 0.345353 0.062780 -0.107642 0.215437 0.287399 0.617041 0.760958 0.654234 0.565725 -0.242869 0.069899 -0.258399 0.219916 -0.371437 0.016228 -0.481083 -0.288684 -0.384370 -0.370612 -0.411741 -0.371282 -0.208149 0.061883 0.021579 0.037102 0.362706 0.271487 -0.187898 0.007363 -0.111237 0.232607 -0.081950 -0.073844 -0.012295 -0.283784 -0.111721 0.082888 0.235265 0.273521 0.133852 0.251939 0.217038 -0.174099
0.591104 0.184344 0.578975 0.067408 -0.087259 -0.112151 0.104973 -0.312011 -0.166412 -0.283963 0.031935 -0.564118 -0.286862 -0.530733 0.222430 -0.252991 -0.219586 -0.173438 1.000000 0.737801 -0.384900 -0.340911 0.105276 -0.205718 0.053712 -0.139499 0.195757 0.231089 -0.091033 -0.293883 -0.225000 -0.370794 0.351327 0.026905 0.154142 -0.043847 -0.119684 -0.293088 -0.058506 0.228201 -0.280984 -0.291264 -0.024338 -0.231088 0.203247 0.157911 0.049717 -0.027274 0.216814 0.218542 -0.186409 -0.075111 0.080365 0.298323 0.228350 -0.146548 0.334749 0.390040 0.319136 0.194762 -0.041575 -0.195617 0.066977 -0.020496 0.122786 -0.182342 0.390639 -0.020386 0.636550 0.441643 -0.426409 -0.458930 -0.337483 -0.399729 -0.234648 -0.265945 -0.155932 -0.395760 -0.297345 -0.094798 -0.336406 -0.171897 0.323626 0.148676 0.056764 -0.148829 -0.054884 0.102759 0.292412 0.209825 -0.121867 0.192555 -0.110818 0.285842 0.107794 -0.194475 -0.065530 -0.422692 0.029849 -0.131518 -0.159921 0.102772 0.118252 0.003101 0.117614 0.255615 -0.046107 0.217276 0.128049 -0.002505 -0.058935 0.009054 0.053090 0.107399 -0.009713 0.042215
0.414691 0.446129 0.416755 -0.036535 -0.266810 -0.207525 -0.091623 -0.374693 -0.342978 -0.359106 -0.083048 -0.351574 -0.204576 -0.337467 0.161481 -0.285633 -0.149317 0.093189 0.737801 1.000000 -0.410238 -0.322993 0.073230 -0.278133 -0.152920 -0.244747 -0.024834 0.106484 -0.059613 -0.184797 -0.291256 -0.392731 0.255358 -0.027684 -0.019746 -0.220686 -0.055061 -0.157004 -0.054761 0.202254 -0.111783 -0.300734 0.009681 -0.177624 0.109397 -0.003446 -0.056886 -0.032948 0.080735 0.107528 -0.146057 -0.098398 0.003164 0.121014 0.158838 -0.159520 0.336440 0.427745 0.203813 0.022689 -0.054654 -0.313814 0.050506 -0.025692 0.096408 -0.309298 0.199375 -0.204571 0.503062 0.529385 -0.402827 -0.387042 -0.285175 -0.308139 -0.282715 -0.305034 -0.177400 -0.235783 -0.161560 0.176535 -0.199837 0.064514 0.342123 0.250001 0.037826 -0.058994 -0.112417 0.189966 0.179719 0.209501 -0.179037 0.157147 -0.266838 0.220902 0.118298 -0.099205 0.131609 -0.151452 0.208488 0.022265 -0.168658 0.153876 0.122270 0.103266 0.217895 0.229426 -0.152052 0.164958 0.087110 0.036023 0.115546 0.202084 0.318799 0.464394 0.213536 0.085129
-0.304843 -0.310374 -0.340950 0.044147 0.454222 0.356940 -0.195761 0.104102 0.208461 0.422674 -0.411927 -0.027832 -0.214197 0.143481 -0.150201 0.278854 -0.041790 0.013728 -0.384900 -0.410238 1.000000 0.261037 -0.194651 0.206002 0.412258 0.538187 0.266424 -0.097713 -0.056257 0.322928 0.552809 0.550774 -0.241594 -0.144596 -0.071404 0.130370 0.151643 0.229383 0.296564 -0.297751 0.589132 0.588897 -0.091204 0.114961 -0.148751 -0.054152 0.046198 0.106804 -0.188867 -0.145397 -0.191949 -0.057869 -0.285789 -0.106923 -0.085356 0.132583 -0.200281 -0.333886 -0.282382 -0.221741 -0.180975 0.028073 -0.350159 -0.219254 -0.274687 -0.060722 -0.207690 0.073292 -0.433855 -0.362738 0.497988 0.481890 0.401029 0.672078 0.566355 0.622297 0.134059 0.295796 0.020653 -0.253688 0.185252 0.090381 -0.444638 -0.184066 -0.068813 0.118576 0.046650 0.033333 -0.369026 -0.381162 -0.113530 -0.283861 -0.078911 -0.274811 -0.213245 -0.200433 0.206544 0.219644 0.338495 0.321780 -0.131763 -0.123298 -0.113487 -0.066768 0.113862 -0.166276 0.016764 -0.237989 -0.285999 -0.144342 0.133375 0.262298 -0.118918 -0.200245 0.012995 -0.001604
-0.362781 -0.312516 -0.352659 0.017525 -0.106821 0.209135 -0.253791 0.028175 -0.106895 -0.016244 -0.150376 0.190124 0.090741 0.068271 -0.194647 0.009452 0.132608 0.075450 -0.340911 -0.322993 0.261037 1.000000 -0.108651 0.393072 0.132802 0.299076 -0.155241 -0.162063 0.152507 0.514604 0.505782 0.482968 -0.205193 0.103935 -0.059435 0.048146 0.169007 0.347488 0.183166 -0.043853 0.120017 0.214742 0.002938 0.007566 -0.268656 -0.275146 -0.100397 -0.060930 -0.197326 -0.318549 0.177094 0.063439 -0.105059 -0.114379 -0.074951 -0.036202 -0.220456 -0.258827 -0.401470 -0.276599 -0.213322 0.011517 -0.299080 -0.080925 -0.201167 -0.056869 -0.113575 -0.026224 -0.150535 -0.283940 0.412723 0.521139 0.241454 0.513593 0.017318 0.221897 0.143241 0.200433 0.185057 0.059881 0.347516 0.305484 -0.141076 -0.170069 0.045905 0.189144 0.118228 -0.087645 -0.352050 -0.109970 0.038455 -0.311456 0.020091 -0.405967 -0.215812 -0.087930 -0.018692 0.132453 -0.053856 0.146861 -0.130568 -0.302773 -0.059154 0.032222 -0.089914 -0.156782 0.042697 -0.149843 -0.160360 -0.065406 0.098511 0.020115 -0.217299 -0.185271 -0.025697 -0.148303
0.088986 -0.045782 0.527237 -0.062096 -0.141759 -0.443717 0.369436 0.258734 -0.026545 -0.312086 0.377935 -0.013902 0.526734 0.185752 0.609853 -0.269670 -0.324453 -0.421746 0.105276 0.073230 -0.194651 -0.108651 1.000000 0.344995 -0.070658 -0.253699 -0.063770 -0.012895 -0.224260 -0.430269 -0.038523 0.080818 0.054328 0.077288 -0.031405 -0.206719 -0.016436 -0.275222 0.155021 -0.152652 -0.201600 -0.324084 -0.072720 -0.159517 0.043218 0.031302 -0.270465 -0.398195 -0.114453 0.106243 -0.199070 -0.133940 -0.031578 0.189544 0.221946 -0.093084 -0.077609 -0.125519 -0.263840 -0.316885 0.213501 0.017276 0.143795 -0.153019 0.593600 0.270440 0.188328 0.237806 0.293274 0.147893 0.186659 0.135326 -0.289253 -0.290570 -0.037022 0.139863 0.017585 -0.069660 -0.361396 -0.180977 -0.505322 -0.210289 0.300254 0.016522 0.285075 -0.258438 0.410175 -0.054991 0.361602 0.213719 0.019174 0.361063 0.074852 0.258667 0.122741 -0.103954 -0.127635 -0.027689 -0.286677 -0.082740 -0.140588 -0.182413 -0.167420 -0.371390 -0.176438 -0.103579 -0.092678 -0.128839 -0.084583 0.067266 -0.203020 -0.222337 -0.112187 0.191380 0.086491 -0.144029
-0.242580 -0.448754 0.031417 0.547885 0.042821 0.271055 0.097946 0.452332 0.068887 0.241607 -0.054567 0.233477 0.060763 0.264255 0.130367 0.324124 -0.187037 -0.257524 -0.205718 -0.278133 0.206002 0.393072 0.344995 1.000000 0.327736 0.380474 0.142470 0.182452 -0.152009 0.046593 0.323149 0.396231 -0.012491 0.206989 -0.165320 -0.024829 0.023461 -0.034458 0.273668 0.017330 0.127392 0.155987 -0.194178 -0.138913 -0.064806 -0.041314 -0.246799 -0.234122 -0.163432 -0.162937 -0.087327 -0.207902 -0.070766 -0.163837 0.048732 -0.045210 -0.360242 -0.427594 -0.368626 -0.216481 -0.107317 0.231294 -0.104848 -0.003126 -0.073664 0.282801 -0.090094 0.150083 -0.116407 -0.205389 0.330729 0.294863 0.042115 0.133682 0.039426 0.242506 -0.047385 -0.046271 -0.210264 -0.362253 -0.051952 -0.094929 -0.037771 0.129267 -0.012319 -0.068242 0.362948 0.090735 0.000513 0.010032 0.238895 -0.172500 0.417180 -0.312343 0.018620 -0.025068 -0.288972 -0.008043 -0.271895 -0.011589 0.048786 -0.214765 -0.022577 -0.069355 -0.252653 -0.334811 -0.057183 -0.242558 0.130512 -0.062870 -0.330209 -0.360860 -0.038730 -0.160367 0.019034 0.028141
-0.034839 -0.273204 -0.031660 0.131730 0.626542 0.754076 -0.129475 -0.111267 0.386799 0.616063 -0.327199 -0.121809 -0.329756 -0.149777 0.247062 0.492826 -0.156841 -0.128904 0.053712 -0.152920 0.412258 0.132802 -0.070658 0.327736 1.000000 0.903192 0.841144 0.609181 -0.021480 0.074118 0.532358 0.249051 -0.318920 -0.356281 -0.208585 -0.110636 0.115514 0.021641 0.053516 0.068891 0.234141 0.361682 -0.132285 -0.040902 0.056229 0.204431 0.106238 0.185087 -0.022096 -0.097013 -0.141942 -0.218287 0.065880 0.030681 0.116376 0.012505 -0.115559 -0.144288 -0.155022 -0.107697 -0.358126 -0.113111 -0.591621 -0.197810 -0.262158 0.024616 -0.132022 -0.060351 -0.075529 -0.315891 0.176935 0.037881 0.167791 0.236929 0.290454 0.215897 -0.245178 -0.147003 -0.281982 -0.437718 -0.077089 -0.128714 -0.125850 -0.065575 0.018470 0.029216 0.099583 0.397201 0.095151 -0.077324 -0.047898 -0.163663 0.056776 -0.165785 0.141289 -0.064753 0.010572 -0.042381 -0.073763 -0.212407 -0.279515 -0.201944 -0.032177 -0.137743 0.088098 0.102746 0.278940 0.086863 0.125012 -0.118250 -0.026554 -0.102776 0.007859 -0.267381 -0.092841 0.199631
-0.205280 -0.252386 -0.249939 0.182970 0.601689 0.868587 -0.240151 -0.038524 0.336455 0.690350 -0.412364 0.026055 -0.414437 -0.046812 -0.008359 0.565403 0.043723 0.049972 -0.139499 -0.244747 0.538187 0.299076 -0.253699 0.380474 0.903192 1.000000 0.703967 0.563149 0.032649 0.248355 0.615241 0.375287 -0.296393 -0.237944 -0.324453 -0.084341 0.043933 0.110910 0.043740 0.106571 0.292998 0.460878 -0.044473 0.101079 -0.024103 0.109423 0.089179 0.245618 -0.078469 -0.214579 -0.058675 -0.166031 -0.021997 -0.121416 -0.029347 0.075694 -0.150450 -0.161704 -0.244883 -0.138500 -0.458848 -0.107437 -0.581423 -0.094006 -0.447599 -0.006512 -0.296542 -0.108718 -0.331252 -0.432245 0.227181 0.124305 0.299024 0.406538 0.307545 0.193162 -0.225872 -0.112226 -0.118692 -0.315996 0.118384 -0.007133 -0.292154 -0.038609 -0.117228 0.129359 0.020283 0.410254 -0.115451 -0.176518 -0.050593 -0.324010 0.060574 -0.374459 0.018735 -0.015089 0.026421 0.013631 0.023079 -0.136521 -0.223794 -0.251336 -0.067817 -0.008178 0.073702 -0.008575 0.195309 -0.075526 0.087654 -0.132779 -0.022435 -0.047425 0.068009 -0.323145 -0.084192 0.202243
0.190976 -0.089220 0.075139 0.132676 0.632276 0.694339 0.082805 -0.052005 0.443934 0.635440 -0.062019 -0.135643 -0.274608 -0.143080 0.323424 0.503738 -0.172358 -0.095475 0.195757 -0.024834 0.266424 -0.155241 -0.063770 0.142470 0.841144 0.703967 1.000000 0.752060 -0.044832 -0.099727 0.280711 0.008908 -0.131529 -0.197206 -0.080707 -0.046194 -0.072128 -0.170153 -0.048208 0.068631 0.110966 0.180723 -0.305955 -0.201312 0.105641 0.211188 -0.031482 0.089173 0.108639 0.019970 -0.184762 -0.318710 0.085417 -0.005232 0.035826 -0.113555 0.016225 -0.028442 0.058702 0.030716 -0.151485 -0.011006 -0.290746 -0.011306 -0.165867 0.146378 -0.051342 -0.036551 0.010955 -0.193357 -0.005477 -0.233100 0.079229 -0.012692 0.163089 0.025735 -0.277790 -0.280538 -0.335293 -0.424353 -0.228196 -0.219298 -0.013921 -0.030304 -0.065837 -0.121611 0.053625 0.397606 0.142167 -0.117822 -0.123724 -0.107477 0.039108 -0.054038 0.073709 -0.046522 -0.047417 -0.156107 -0.148882 -0.259052 -0.225918 -0.017811 -0.024409 -0.087360 0.131643 0.159216 0.358749 0.122373 0.131822 -0.055103 -0.088028 -0.149917 0.001801 -0.228246 -0.184063 0.202873
0.290584 0.038434 0.114575 0.297904 0.394243 0.619055 0.046589 -0.054111 0.289211 0.453447 0.073448 0.061531 -0.301178 -0.136813 0.208011 0.492477 0.054582 -0.004417 0.231089 0.106484 -0.097713 -0.162063 -0.012895 0.182452 0.609181 0.563149 0.752060 1.000000 -0.026098 -0.195984 0.019952 -0.189485 -0.004800 -0.060375 -0.284171 -0.315455 -0.159003 -0.213134 -0.099417 0.393033 -0.140729 -0.046895 -0.236435 -0.195072 0.131907 0.175830 -0.152693 -0.070561 0.092277 -0.087206 -0.076552 -0.314528 0.153415 -0.062155 0.170937 0.023596 0.129286 0.061705 0.077404 0.059934 -0.189644 -0.026251 -0.077058 0.211390 -0.185064 0.266571 -0.089308 -0.034386 0.013315 -0.071040 -0.223839 -0.440141 -0.090690 -0.301770 -0.143713 -0.356869 -0.457064 -0.571407 -0.203775 -0.241835 -0.186624 -0.260225 0.142529 0.144244 -0.117072 -0.051123 0.143716 0.496621 0.283769 0.179193 -0.061021 -0.125778 0.139108 -0.040560 0.179907 0.174856 -0.201516 -0.133504 -0.308132 -0.422681 -0.123883 -0.066946 -0.006286 0.050713 0.168653 0.251283 0.226163 0.108194 0.281828 0.053848 -0.208453 -0.313644 0.146078 -0.095541 -0.090665 0.297460
0.004027 0.241197 -0.110538 -0.225992 0.065190 0.081500 0.207112 -0.065601 0.112307 0.151779 0.256478 0.179561 0.176809 0.100222 -0.149070 0.217982 0.541857 0.479491 -0.091033 -0.059613 -0.056257 0.152507 -0.224260 -0.152009 -0.021480 0.032649 -0.044832 -0.026098 1.000000 0.581152 0.347076 0.344053 0.146176 0.229149 -0.082261 -0.152226 -0.049560 0.045092 -0.320723 -0.129598 -0.128945 0.120816 -0.119636 -0.073198 -0.137091 -0.274444 0.043578 0.083092 -0.095498 -0.232838 0.056733 -0.040812 -0.070190 -0.170965 -0.375456 -0.193249 0.091028 0.157402 -0.094464 -0.213843 0.101695 -0.197320 0.134140 0.133128 -0.282472 -0.279956 -0.387061 -0.696958 -0.296873 -0.281783 0.195065 0.044962 0.609802 0.194298 -0.066538 0.013076 0.282392 0.256458 0.400706 0.379575 0.355685 0.020824 -0.189158 0.107716 -0.392744 -0.172438 -0.422958 -0.190067 -0.479712 -0.364070 -0.426699 -0.065543 -0.457184 0.009236 -0.285143 -0.280329 0.024910 0.063564 0.130684 0.245318 -0.162281 0.204103 -0.205812 -0.028067 -0.219355 -0.203035 -0.217212 -0.278764 -0.179436 0.257998 0.292902 0.252154 -0.145797 0.085538 -0.074911 -0.131298
-0.168119 0.053064 -0.543751 -0.056599 -0.068836 0.218858 -0.237461 0.008221 -0.031142 0.215067 -0.208340 0.347114 -0.086267 0.200195 -0.464052 0.246528 0.508859 0.584050 -0.293883 -0.184797 0.322928 0.514604 -0.430269 0.046593 0.074118 0.248355 -0.099727 -0.195984 0.581152 1.000000 0.572610 0.612638 -0.039014 0.249585 -0.116594 -0.056680 -0.104606 0.195410 -0.160187 -0.132754 0.230320 0.498688 -0.047152 0.145799 -0.222179 -0.242447 -0.020979 0.044926 -0.195493 -0.275435 -0.015577 -0.085501 -0.298847 -0.310379 -0.439064 -0.034513 0.006947 0.022552 -0.222062 -0.081158 -0.126429 -0.023297 -0.146570 0.174757 -0.486265 -0.254594 -0.502013 -0.482277 -0.388090 -0.442585 0.344861 0.303564 0.583321 0.674907 0.131858 0.255619 0.296540 0.363300 0.521361 0.427760 0.599999 0.358006 -0.393800 -0.042693 -0.301847 0.159107 -0.290632 -0.255465 -0.696952 -0.375809 -0.355131 -0.462091 -0.335082 -0.458739 -0.352626 -0.183207 -0.093536 0.106656 0.322264 0.393265 -0.075579 -0.108121 -0.236323 -0.054110 -0.204349 -0.296294 -0.112879 -0.343465 -0.340754 -0.005425 0.232202 0.305072 -0.199592 0.015118 0.073520 -0.152822
-0.395718 -0.182699 -0.166868 -0.048126 0.392995 0.434920 -0.047461 -0.006245 0.169382 0.401397 -0.293927 0.085581 -0.009572 0.162406 -0.077338 0.297269 0.128479 0.171810 -0.225000 -0.291256 0.552809 0.505782 -0.038523 0.323149 0.532358 0.615241 0.280711 0.019952 0.347076 0.572610 1.000000 0.848366 -0.250128 -0.091475 -0.145951 0.012709 -0.021617 0.067171 0.034080 -0.268755 0.322566 0.437171 -0.048848 0.074104 -0.281441 -0.240678 0.102715 0.135983 -0.274373 -0.318049 -0.121959 -0.096885 -0.152956 0.054246 -0.284489 -0.009723 -0.251026 -0.152764 -0.442215 -0.396714 -0.279786 -0.254985 -0.439545 -0.155588 -0.335031 -0.208010 -0.376872 -0.373321 -0.319703 -0.484299 0.583217 0.445755 0.543122 0.625340 0.465120 0.462080 0.177976 0.295922 -0.098976 -0.053167 0.136264 0.198245 -0.453442 -0.070648 -0.134088 0.146365 -0.064587 0.033675 -0.491150 -0.354916 -0.269139 -0.132947 -0.258396 -0.320881 -0.208047 -0.347416 0.085436 -0.055251 0.191575 0.119626 -0.368114 -0.239253 -0.247486 -0.208227 -0.107763 -0.250863 0.038686 -0.264350 -0.225377 -0.038174 0.194544 0.108405 -0.206345 -0.136250 0.001634 -0.094342
-0.364656 -0.233387 -0.284281 -0.014688 0.177979 0.167007 -0.026091 0.217371 0.058045 0.241526 -0.165803 0.200825 0.095672 0.317720 -0.188611 0.170534 0.270997 0.203157 -0.370794 -0.392731 0.550774 0.482968 0.080818 0.396231 0.249051 0.375287 0.008908 -0.189485 0.344053 0.612638 0.848366 1.000000 -0.055374 0.193055 -0.138500 -0.004068 0.024905 0.082907 0.113015 -0.253379 0.357543 0.471350 -0.022505 0.119547 -0.195341 -0.254818 -0.023286 -0.015062 -0.282058 -0.346795 -0.135388 -0.155918 -0.275052 -0.144584 -0.348936 -0.010458 -0.302328 -0.284228 -0.512233 -0.379838 -0.156663 -0.106843 -0.248286 -0.044481 -0.206043 -0.115643 -0.374365 -0.259384 -0.395760 -0.490962 0.651318 0.562783 0.550207 0.609402 0.465224 0.551387 0.387432 0.385464 0.165685 0.042355 0.241675 0.233328 -0.480653 -0.072001 -0.150457 0.062051 -0.009213 -0.184276 -0.577881 -0.409129 -0.234640 -0.240958 -0.214897 -0.413479 -0.252348 -0.272102 -0.050920 0.090693 0.132720 0.270643 -0.316024 -0.292763 -0.415729 -0.232440 -0.304972 -0.425698 -0.096025 -0.490372 -0.329615 -0.084380 0.095444 0.079375 -0.280690 -0.142061 0.014591 -0.270352
0.242748 0.126105 0.248882 0.019865 -0.197488 -0.196859 0.298424 0.005717 -0.164943 -0.227762 0.249715 -0.143098 -0.113427 -0.192636 -0.106931 -0.144808 0.158318 0.074273 0.351327 0.255358 -0.241594 -0.205193 0.054328 -0.012491 -0.318920 -0.296393 -0.131529 -0.004800 0.146176 -0.039014 -0.250128 -0.055374 1.000000 0.688182 0.290350 0.100367 -0.304457 -0.340269 0.055884 0.229255 -0.087133 -0.189728 -0.175820 -0.152808 0.392649 0.120864 -0.300147 -0.360131 0.433208 0.185614 -0.030040 -0.034699 -0.300119 -0.337115 -0.142831 -0.178804 0.141329 0.184242 0.342559 0.224028 0.277776 0.089959 0.578509 0.495885 0.149808 -0.042401 0.329036 0.049951 0.143165 0.273611 -0.395471 -0.384522 -0.092747 -0.273218 -0.376431 -0.374456 0.231001 -0.224527 0.237258 0.173722 0.030255 -0.065910 0.123394 0.125958 -0.316894 -0.283531 -0.127967 -0.255033 -0.227522 -0.108863 -0.271371 -0.127524 -0.197476 0.009619 -0.030330 -0.005610 -0.184109 -0.245504 -0.046575 0.119907 -0.126496 0.156059 -0.168973 0.050975 -0.050048 -0.006734 -0.253432 -0.229460 -0.052286 -0.003447 -0.218949 -0.039688 -0.052216 0.018749 0.103054 -0.227270
0.077164 0.038101 -0.078222 0.201748 -0.301255 -0.127149 0.291672 0.462338 -0.053125 -0.076460 0.365141 0.264993 0.128202 0.129949 -0.179074 0.022985 0.328382 0.127122 0.026905 -0.027684 -0.144596 0.103935 0.077288 0.206989 -0.356281 -0.237944 -0.197206 -0.060375 0.229149 0.249585 -0.091475 0.193055 0.688182 1.000000 -0.014227 -0.030025 -0.337472 -0.338774 0.040219 0.175118 -0.171880 -0.066201 -0.168448 -0.133854 0.150306 -0.086050 -0.446484 -0.445874 0.140835 -0.116281 -0.164110 -0.342370 -0.301535 -0.442743 -0.372621 -0.229025 -0.004533 -0.053140 0.036243 0.181061 0.252413 0.441541 0.536823 0.479442 0.009170 0.239855 -0.048141 0.025360 -0.114924 -0.078381 -0.043473 -0.125399 -0.005006 -0.102425 -0.402875 -0.233248 0.156984 -0.191840 0.317639 0.124428 0.174735 -0.081920 0.161425 0.119742 -0.245769 -0.247758 0.027347 -0.387987 -0.304053 -0.116430 -0.020706 -0.280184 0.125467 -0.261866 -0.147597 0.085731 -0.391139 -0.103705 -0.195490 0.121998 0.146951 0.039539 -0.146239 0.013220 -0.313553 -0.256544 -0.119768 -0.320956 -0.123453 -0.020780 -0.405166 -0.136376 -0.233588 -0.150251 -0.099970 -0.296084
-0.039030 -0.167113 0.328381 -0.145565 0.064430 -0.222706 0.321110 -0.097892 0.062550 -0.166325 0.179273 -0.336251 0.148462 -0.109091 0.006427 -0.177485 -0.311543 -0.255378 0.154142 -0.019746 -0.071404 -0.059435 -0.031405 -0.165320 -0.208585 -0.324453 -0.080707 -0.284171 -0.082261 -0.116594 -0.145951 -0.138500 0.290350 -0.014227 1.000000 0.749054 -0.013343 -0.141731 -0.042138 -0.121532 -0.125399 -0.069941 -0.232916 -0.261838 0.156690 0.078999 -0.023385 -0.149778 0.416018 0.363436 0.056942 0.184614 -0.126828 0.078405 0.081719 -0.189730 -0.172447 -0.004604 0.443101 0.349263 0.428396 0.167511 0.252792 0.052295 0.315366 -0.238000 0.673729 0.315551 0.322581 0.310759 -0.103225 -0.075544 -0.108727 -0.123833 -0.085270 0.043305 0.190967 0.022603 -0.116968 -0.150375 -0.135471 -0.047414 -0.004081 -0.226831 -0.077824 -0.293523 -0.217354 -0.312981 -0.089807 -0.219389 -0.187992 0.129419 -0.206268 0.254435 -0.031310 -0.074766 -0.028590 -0.242626 -0.095550 -0.054691 -0.122139 0.102477 -0.109340 -0.291682 0.002708 0.068817 -0.001469 0.086989 -0.010129 -0.157118 0.047416 -0.126380 -0.319630 -0.219260 -0.059910 -0.126485
-0.203282 -0.245202 0.103987 -0.070639 0.204411 -0.010790 0.245696 0.094806 0.188600 0.057471 -0.056143 -0.143081 0.039986 0.071819 -0.191207 -0.062985 -0.267740 -0.194368 -0.043847 -0.220686 0.130370 0.048146 -0.206719 -0.024829 -0.110636 -0.084341 -0.046194 -0.315455 -0.152226 -0.056680 0.012709 -0.004068 0.100367 -0.030025 0.749054 1.000000 -0.082951 -0.062119 0.009139 -0.220300 -0.069652 0.026528 -0.036190 -0.063724 -0.016890 -0.012221 0.166603 0.190435 0.275434 0.189233 0.079102 0.220824 -0.030084 0.069688 -0.193648 -0.122814 -0.212722 -0.059142 0.278826 0.389328 0.176847 0.216496 0.032566 -0.047690 -0.030790 -0.269676 0.410699 0.323221 0.126007 0.125291 0.015228 0.112811 0.059176 0.085179 0.140226 0.168046 0.135856 0.155317 -0.139075 -0.259631 -0.086140 -0.036069 -0.314989 -0.222374 -0.260607 -0.200465 -0.352627 -0.253266 -0.266172 -0.399083 0.074997 0.041736 0.056602 0.086736 -0.137420 -0.034977 0.064139 -0.204853 -0.021948 -0.077639 0.061417 0.068428 0.033633 -0.109623 -0.102159 -0.145948 0.009648 0.075542 -0.041568 -0.181195 0.057037 -0.172938 -0.314257 -0.503555 -0.104948 -0.068419
