1.000000 0.126337 0.545269 0.559633 -0.099893 0.050087 0.328819 0.386331 0.134505 -0.152384 0.275994 0.057730 -0.162249 -0.433324 -0.273487 -0.248190 0.190765 -0.161619 0.661157 0.579525 -0.077724 -0.130801 0.151414 0.112369 0.226682 -0.000152 0.184131 -0.028863 -0.197687 -0.317083 -0.138057 -0.142444 0.120654 0.218327 0.222727 0.069351 -0.274276 -0.325476 0.031771 0.078648 -0.051239 -0.029826 0.062761 0.100059 0.272964 0.293931 -0.051603 -0.215958 0.410783 0.113930 0.271462 -0.095587 0.059905 -0.265974 0.118593 -0.099683 0.383447 -0.467907 -0.234285 -0.377685 0.109726 -0.378390 -0.067964 -0.348828 0.221399 -0.006344 0.005729 0.146920 0.137164 0.138566 -0.017295 -0.179947 -0.304411 -0.376147 -0.285417 -0.342512 -0.276679 -0.201901 -0.021827 -0.183213 -0.509937 -0.423143 -0.104915 -0.108024 -0.037757 -0.016927 -0.286987 -0.153497 0.298815 0.106894 -0.175488 -0.208320 -0.137681 0.270335 0.233830 0.115966 0.311270 -0.040480 -0.185584 -0.197733 -0.023344 -0.058137 -0.188063 -0.032392 0.149907 0.060012 0.283748 0.044392 -0.105624 0.135744 -0.267275 -0.371970 -0.237993 -0.212137 -0.137723 0.188813
0.126337 1.000000 0.008053 0.408703 -0.281367 -0.116034 0.076771 0.424037 0.040438 -0.037271 0.068212 0.263752 0.001202 0.144956 -0.062186 0.075024 0.060125 -0.035085 0.395296 0.359647 -0.197028 -0.197182 -0.106197 0.208430 -0.080344 -0.201969 -0.143645 -0.323503 -0.205358 -0.192131 -0.258075 -0.284880 0.153575 0.281849 -0.020925 0.071915 -0.419716 -0.333584 -0.211330 -0.186905 -0.094017 -0.161831 -0.160612 -0.178519 -0.360703 -0.248298 -0.487480 -0.236826 -0.146249 -0.055430 -0.066351 -0.065414 -0.289959 -0.230022 -0.541092 -0.411602 0.263982 0.367266 0.205398 0.233832 0.103374 0.344384 0.097544 0.215795 0.222917 0.507255 -0.041737 0.011670 0.213770 0.177800 -0.443878 -0.424186 -0.429230 -0.332654 -0.187655 -0.209448 -0.490874 -0.371671 -0.271863 -0.135644 -0.087405 -0.046727 -0.090110 0.112131 -0.086147 0.081943 -0.104607 -0.264341 -0.325675 0.072829 0.124760 0.183247 0.137770 -0.061207 0.086130 0.083979 -0.317978 -0.164204 -0.174652 0.063837 0.194818 0.209302 0.268940 0.016762 0.197337 -0.133085 0.117779 0.127044 -0.093055 -0.108174 -0.176154 -0.059644 0.139090 -0.040596 0.094765 -0.009448
0.545269 0.008053 1.000000 0.568679 -0.172547 -0.083364 0.604160 0.456965 -0.029196 -0.350264 0.040928 0.035030 -0.157775 -0.277442 -0.107713 -0.125733 0.165491 -0.061141 0.638042 0.541566 -0.011346 0.139796 0.649631 0.588430 0.122723 0.095411 0.166987 -0.009159 -0.041425 -0.221448 0.202383 0.321951 -0.064658 0.084626 0.146303 0.196630 -0.269814 -0.259947 0.179895 0.031852 -0.022242 0.023736 0.081964 0.046836 0.201395 0.117007 -0.054924 -0.226807 0.166208 0.000391 0.296008 -0.235995 -0.014741 -0.070720 0.053778 -0.189419 -0.115370 -0.366094 -0.548009 -0.522555 -0.223397 -0.454389 -0.137013 -0.437067 0.297624 -0.139840 -0.147790 0.269373 -0.231215 0.037044 0.216208 0.207052 0.008660 -0.212875 -0.061694 -0.147991 -0.257315 -0.224149 -0.040881 -0.059300 -0.486715 -0.497102 0.209305 -0.045209 0.121318 0.151243 -0.098536 0.094173 0.288503 0.034621 -0.096268 -0.194065 0.030444 0.266232 0.178694 0.001979 -0.000980 -0.030420 -0.390975 -0.569374 0.115293 -0.176413 -0.379821 -0.179718 -0.048457 0.217977 0.142476 0.132429 -0.264537 -0.098467 -0.417210 -0.458471 -0.376901 -0.349170 0.220140 -0.020334
0.559633 0.408703 0.568679 1.000000 -0.253149 -0.009006 0.571158 0.815435 0.148743 -0.093819 0.166277 0.191601 -0.078673 -0.035179 -0.141188 -0.053073 0.087768 -0.221484 0.546388 0.608148 -0.168656 -0.025550 0.240340 0.667150 0.111989 0.204551 0.027674 -0.092457 -0.374737 -0.502415 0.107098 0.250057 -0.156363 0.089061 0.159033 0.275697 -0.542332 -0.449134 -0.113396 -0.094082 -0.242825 -0.186208 0.017561 0.007212 0.090157 0.225654 -0.298496 -0.288721 0.143805 0.020308 0.046952 -0.176754 -0.155666 -0.276450 -0.206844 -0.346280 0.024214 -0.306482 -0.326325 -0.271649 -0.139687 -0.322376 0.007698 -0.345298 0.163242 0.392738 -0.237570 0.299175 -0.100565 0.037431 -0.057552 -0.069185 -0.439445 -0.483235 -0.258472 -0.328880 -0.544993 -0.455692 -0.193469 -0.174269 -0.503259 -0.322222 -0.134807 -0.069547 -0.021847 0.295147 -0.234225 -0.060892 0.165266 0.327005 -0.201876 -0.070648 0.174456 0.283038 0.193176 -0.052378 0.002532 0.115034 -0.500436 -0.314271 0.272401 0.045705 -0.058782 -0.044861 0.186638 -0.070861 0.279307 0.270171 -0.249935 0.131187 -0.549542 -0.507068 -0.314992 -0.236384 0.275026 -0.108056
-0.099893 -0.281367 -0.172547 -0.253149 1.000000 0.516110 -0.428515 -0.281319 0.351136 0.475157 -0.507342 -0.127743 -0.257849 0.050911 0.411137 0.360372 -0.459702 0.033818 -0.199951 -0.200101 0.038380 0.075105 0.118477 -0.252342 0.339545 0.103662 0.415317 0.697528 -0.205610 0.086728 -0.031298 -0.227935 0.019476 -0.085567 -0.144511 -0.426502 0.434055 0.588550 0.285593 0.345506 0.466903 0.484715 -0.200635 -0.149872 -0.042800 -0.008929 0.117798 -0.071390 -0.019380 0.145079 -0.256907 0.233410 -0.125848 0.034860 0.175789 0.167035 -0.054224 -0.039365 0.033942 0.079591 0.013728 0.079443 -0.056582 0.062189 -0.190958 -0.316458 0.005546 -0.209947 0.125586 -0.122456 0.040835 0.229150 0.185359 0.279360 0.184317 0.256139 0.441181 0.458161 -0.068774 -0.064789 -0.041999 0.067918 0.223349 0.168537 -0.212647 -0.316476 -0.002836 0.415904 -0.130848 -0.045474 0.022360 -0.068848 -0.113483 -0.039301 0.172996 0.417334 0.297306 0.045280 0.203241 0.098219 -0.286787 -0.197919 -0.018659 -0.007885 -0.065212 0.157352 -0.011745 -0.102865 0.399299 0.096735 0.316765 0.172050 0.051865 -0.023273 -0.266408 0.370211
0.050087 -0.116034 -0.083364 -0.009006 0.516110 1.000000 -0.134834 -0.152727 0.463069 0.686570 -0.461218 -0.090291 -0.197318 -0.032462 0.571801 0.400382 -0.322085 -0.123225 -0.019963 -0.122245 0.102966 0.086725 -0.039787 -0.189757 0.210670 0.377148 0.232491 0.674068 -0.095096 0.023125 -0.048801 -0.089471 -0.099525 -0.118645 -0.063910 -0.236645 0.263382 0.278451 0.074807 0.233108 0.415327 0.239006 -0.106610 -0.130717 -0.001198 -0.014271 0.065803 -0.174608 -0.039520 0.078156 -0.351705 0.161698 -0.130127 -0.072625 0.172449 0.138602 0.061382 -0.151180 0.090796 0.008519 0.116651 0.116424 0.043329 0.011128 -0.049484 -0.076282 -0.169297 -0.212222 -0.015834 -0.206699 -0.040320 -0.036457 0.232848 0.137597 0.163245 0.046895 0.009849 0.031035 -0.179774 -0.279481 0.033302 -0.032264 0.253820 0.216338 -0.114701 -0.211918 0.159975 0.152551 0.090155 0.247924 0.369021 0.106311 0.121524 -0.029346 0.230914 0.322772 0.194852 0.034356 0.282998 0.186413 -0.135846 -0.184667 0.119221 -0.016859 -0.124410 -0.015263 0.168449 0.049252 0.382674 -0.013347 0.002803 0.122336 0.053471 -0.149657 -0.151619 0.168912
0.328819 0.076771 0.604160 0.571158 -0.428515 -0.134834 1.000000 0.679372 -0.024227 -0.131951 0.412896 0.259694 0.304692 0.063893 -0.180048 -0.231435 0.403023 0.018854 0.343312 0.324114 0.088475 0.290109 0.304917 0.571882 -0.125642 0.074352 0.167438 0.035181 0.057695 -0.131369 0.350139 0.532568 -0.128026 0.003538 -0.000595 0.324926 -0.452571 -0.443554 -0.201953 -0.232648 -0.302694 -0.036051 -0.005946 -0.068755 0.056345 0.027842 -0.160904 -0.191025 0.044483 0.043277 0.199178 -0.088596 0.214381 0.103148 -0.072735 -0.422512 -0.141133 -0.244215 -0.285411 -0.246349 -0.179507 -0.156661 -0.125831 -0.100782 -0.029552 0.148276 -0.228703 0.062761 -0.360288 -0.128591 0.292026 0.121448 -0.004321 -0.094101 0.140160 0.000877 -0.350762 -0.437611 0.005887 -0.000624 -0.277612 -0.230028 -0.073693 -0.028257 0.124670 0.233497 -0.176166 -0.116352 0.191547 0.269718 -0.161355 0.011030 0.220040 0.303383 -0.086210 -0.144914 -0.299569 -0.041901 -0.499576 -0.383911 0.084441 -0.086408 -0.296055 -0.184377 -0.252042 0.053341 0.333545 -0.020825 -0.376812 0.007111 -0.517435 -0.424057 -0.326110 -0.477152 0.279056 -0.219132
0.386331 0.424037 0.456965 0.815435 -0.281319 -0.152727 0.679372 1.000000 0.004300 -0.192699 0.310515 0.230627 0.093638 0.299110 -0.230541 -0.233777 0.174382 -0.132653 0.460450 0.508686 -0.133442 0.067386 0.195283 0.606075 -0.088016 -0.039579 0.039376 -0.064995 -0.222571 -0.261459 0.064219 0.232683 0.001491 0.152543 -0.128018 0.181303 -0.419981 -0.418026 -0.142656 -0.077981 -0.244345 -0.039747 -0.068860 -0.093767 -0.043862 0.072541 -0.336920 -0.297201 0.055009 0.149723 -0.061076 -0.029549 -0.052612 -0.132210 -0.211376 -0.427871 -0.071048 -0.168039 -0.213669 -0.084821 -0.060342 -0.070239 -0.070467 -0.125370 -0.042703 0.424280 -0.221394 0.132148 -0.117283 0.015465 0.003920 -0.055808 -0.287912 -0.252992 -0.065141 -0.211427 -0.471717 -0.483900 -0.071922 -0.083469 -0.400941 -0.335787 -0.303356 -0.094056 -0.133903 0.090424 -0.236105 -0.020265 -0.078912 0.230636 -0.234463 -0.083577 0.228670 0.265609 0.054721 -0.007755 -0.141002 0.000801 -0.481072 -0.277906 0.230077 0.054221 -0.009564 0.044417 0.166767 0.094419 0.346017 0.144350 -0.227801 0.077072 -0.450210 -0.439308 -0.256427 -0.273368 0.189328 -0.013864
0.134505 0.040438 -0.029196 0.148743 0.351136 0.463069 -0.024227 0.004300 1.000000 0.565426 -0.053553 0.082708 -0.010673 0.027880 0.435525 0.299055 -0.113283 -0.078300 -0.031177 0.050217 -0.052931 -0.077528 -0.040753 -0.010597 0.149561 0.060952 0.120806 0.308520 -0.262949 -0.238726 -0.061406 -0.185723 0.136472 0.037435 0.132431 -0.095105 0.023312 0.028950 -0.164778 -0.033590 0.054613 0.062575 -0.162205 -0.213425 0.001071 0.040701 -0.112216 -0.254329 0.091686 0.251494 -0.126826 0.348431 0.097209 -0.028616 -0.093675 -0.115847 0.218720 -0.126476 0.217007 0.134979 0.206066 0.115440 0.044489 0.084072 -0.184762 0.009471 0.218134 -0.060020 0.224921 -0.159881 -0.182378 -0.291520 -0.245875 -0.219637 -0.097482 -0.136320 -0.096691 -0.186574 -0.087706 -0.185412 -0.004858 0.042599 0.046343 0.059105 -0.219282 -0.215317 -0.074664 -0.139819 -0.193028 0.073280 0.198792 0.014342 0.051681 -0.142550 0.196281 0.146086 0.076657 -0.075477 0.033883 0.062270 -0.001688 -0.080612 0.103554 -0.004466 0.043406 -0.012599 0.307921 -0.026121 0.104838 0.109560 -0.142812 -0.096666 -0.071859 -0.149571 -0.026072 0.131575
-0.152384 -0.037271 -0.350264 -0.093819 0.475157 0.686570 -0.131951 -0.192699 0.565426 1.000000 -0.232830 0.135156 0.004306 0.139092 0.403322 0.472772 -0.194419 0.051764 -0.237179 -0.198606 0.102687 0.024595 -0.150718 -0.207684 0.195189 0.232197 0.122628 0.534932 -0.117225 0.073182 0.109532 -0.047444 -0.108857 -0.176470 -0.040735 -0.207790 0.130122 0.169509 -0.209985 0.025360 0.120998 0.070259 -0.107536 -0.158354 -0.166566 -0.153696 0.097250 0.014230 -0.141798 0.114532 -0.244019 0.206479 -0.058470 0.076611 -0.193136 0.114620 0.039136 -0.005873 0.234749 0.167324 0.055159 0.232652 -0.014685 0.184955 -0.190109 -0.021933 -0.047359 -0.303649 0.065289 -0.293067 -0.104176 -0.154768 -0.085811 0.026363 0.042442 0.102509 0.010194 -0.006846 -0.127183 -0.132301 0.186489 0.285235 0.089214 0.337437 -0.030228 -0.079323 -0.005141 -0.031429 -0.091065 0.277057 0.347403 0.103770 0.014159 -0.222753 0.246702 0.185668 0.115549 0.037577 0.249090 0.221160 -0.139452 -0.145318 0.101883 -0.162219 -0.234193 -0.241145 0.105817 -0.033261 0.164802 0.176508 -0.003766 0.179096 0.071945 -0.058604 -0.103757 0.053474
0.275994 0.068212 0.040928 0.166277 -0.507342 -0.461218 0.412896 0.310515 -0.053553 -0.232830 1.000000 0.115322 0.531557 0.090631 -0.456470 -0.417324 0.656872 -0.088236 0.021498 0.047305 0.096046 0.045089 -0.125129 0.098642 -0.072576 -0.134933 -0.037188 -0.333612 0.204218 -0.018502 0.090221 0.092851 0.001811 0.009563 -0.085811 0.052664 -0.245767 -0.324687 -0.263239 -0.203919 -0.438141 -0.154640 0.078881 0.123645 0.098219 0.079605 -0.105100 0.059199 0.315540 0.081199 0.326838 0.050294 0.375585 0.057976 -0.029256 -0.174012 0.029225 -0.072852 0.087678 0.062730 -0.018597 -0.089360 -0.279663 0.008934 -0.124884 0.116979 0.106538 0.111550 0.014536 0.110290 0.080763 -0.249475 -0.235174 -0.146510 -0.107005 -0.155641 -0.267970 -0.425793 0.185036 0.171809 -0.022983 0.025413 -0.333716 -0.174499 0.161726 0.118034 -0.218086 -0.383505 0.094491 0.075807 -0.409378 -0.124840 -0.209633 0.161917 -0.194624 -0.233830 -0.120503 -0.117340 -0.227013 -0.101044 -0.051090 0.072223 -0.103559 0.084884 0.132906 0.068324 0.155387 -0.089669 -0.323153 0.059629 -0.314702 -0.339888 -0.226658 -0.051754 -0.006874 -0.083234
0.057730 0.263752 0.035030 0.191601 -0.127743 -0.090291 0.259694 0.230627 0.082708 0.135156 0.115322 1.000000 -0.026508 0.415894 -0.306543 0.159484 0.381351 0.693422 -0.042010 0.132172 0.043430 0.174443 -0.027342 0.391355 0.060500 0.022492 0.065682 -0.095101 -0.002005 0.067415 0.176594 0.231623 -0.298655 -0.246219 0.091127 0.245585 -0.340703 -0.324832 -0.438774 -0.411656 -0.355415 -0.141179 0.379953 0.434220 -0.161596 -0.127142 0.227495 0.392226 -0.132528 -0.151373 0.204065 -0.084474 0.256784 0.421563 -0.352740 -0.204643 -0.064715 -0.250270 -0.338796 -0.210016 -0.553723 -0.160728 0.156192 -0.038246 -0.060516 0.223887 -0.319789 -0.283547 -0.304938 -0.090917 0.211906 0.051043 -0.117753 0.059302 0.080264 0.282103 0.068397 0.013590 0.205194 0.288256 0.151359 0.435030 -0.157558 -0.000922 0.416497 0.516698 -0.123069 -0.341684 -0.025057 0.411230 -0.170422 -0.179973 0.027544 -0.283676 -0.230193 -0.340852 -0.190708 0.240226 -0.334801 -0.375942 0.280407 -0.235096 -0.345138 -0.653591 -0.426581 -0.447646 0.110919 -0.205019 -0.433307 0.457069 -0.185124 -0.346162 -0.363637 -0.195666 0.229404 -0.428321
-0.162249 0.001202 -0.157775 -0.078673 -0.257849 -0.197318 0.304692 0.093638 -0.010673 0.004306 0.531557 -0.026508 1.000000 0.300704 0.075417 0.050760 0.211388 -0.010149 -0.209043 -0.219812 0.153364 0.168444 0.002424 0.145001 -0.078313 -0.063885 0.018947 -0.084766 0.340827 0.274176 0.301566 0.272534 -0.195822 -0.202305 -0.172880 -0.181318 -0.153593 -0.044821 -0.253116 -0.255356 -0.159036 0.055294 -0.279101 -0.266688 -0.202224 -0.240931 -0.225338 -0.085042 -0.036833 -0.182920 0.023952 -0.002394 0.204041 0.162838 -0.169177 -0.193042 -0.232228 0.193441 0.227780 0.366798 -0.137463 0.258692 -0.451262 0.192474 -0.311998 0.063551 -0.032118 0.041168 -0.021098 0.040219 0.046037 -0.072126 0.105376 0.215946 0.260705 0.248220 -0.083678 -0.245380 -0.314382 0.002208 0.140185 0.177735 -0.257625 0.036040 0.100981 0.005403 -0.130360 -0.247501 0.111267 0.202525 -0.024752 0.370670 0.119335 0.333330 -0.245025 -0.114748 -0.462793 -0.263001 -0.022727 0.118779 -0.167457 0.194541 0.024543 0.037186 0.048142 -0.035306 -0.077745 -0.189545 0.059147 -0.102141 -0.096331 0.050604 0.003354 -0.013764 -0.065254 -0.157147
-0.433324 0.144956 -0.277442 -0.035179 0.050911 -0.032462 0.063893 0.299110 0.027880 0.139092 0.090631 0.415894 0.300704 1.000000 -0.007656 0.261462 0.097796 0.263050 -0.366880 -0.254012 0.113012 0.162103 -0.001473 0.202153 -0.014234 0.073367 0.032656 0.088150 0.032187 0.222346 0.169847 0.244698 -0.196518 -0.213185 -0.303808 -0.145498 0.008166 0.071848 -0.197152 -0.002359 -0.082047 0.110118 -0.021757 -0.038756 -0.305876 -0.257769 -0.066261 0.100059 -0.148561 -0.023151 -0.146413 0.128159 0.016771 0.236630 -0.306113 -0.161385 -0.319272 0.145405 0.023696 0.212871 -0.226002 0.286304 -0.058809 0.120234 -0.204996 0.397956 -0.219051 -0.325920 -0.101407 -0.146587 0.126149 0.041979 0.050779 0.305939 0.268775 0.249566 0.151952 0.039373 0.059010 0.225682 0.109689 0.236069 -0.276949 0.055257 0.072988 0.098832 -0.025451 0.012032 -0.256241 0.299633 -0.143221 -0.092267 0.158492 -0.163303 -0.180439 -0.089259 -0.239754 0.088368 -0.140313 -0.013010 0.066544 -0.044010 0.015268 -0.199703 -0.071437 -0.139381 -0.094295 -0.164607 -0.022698 0.233312 -0.005441 0.022476 0.036673 0.038092 -0.041487 -0.136259
-0.273487 -0.062186 -0.107713 -0.141188 0.411137 0.571801 -0.180048 -0.230541 0.435525 0.403322 -0.456470 -0.306543 0.075417 -0.007656 1.000000 0.454022 -0.519928 -0.226392 -0.097514 -0.206467 -0.025448 0.070064 0.089953 -0.085980 -0.026326 0.101169 0.114400 0.417010 0.000707 0.023297 -0.211446 -0.231595 0.066181 -0.005118 -0.173307 -0.284173 0.294306 0.362554 0.229352 0.072730 0.499157 0.298271 -0.421590 -0.480589 -0.154527 -0.130212 -0.248573 -0.386773 -0.214088 0.012742 -0.434307 0.197762 -0.179444 -0.144559 0.095492 -0.089464 -0.019508 0.247587 0.322810 0.360325 0.177459 0.345263 0.045828 0.211216 -0.124822 -0.136133 0.122503 -0.005646 0.180698 -0.019951 -0.217505 0.033587 0.281403 0.130212 0.236588 0.094702 0.065829 0.135947 -0.374486 -0.266048 0.075959 0.019592 0.392311 0.180989 -0.353780 -0.432019 0.292542 0.193541 -0.121895 -0.021053 0.474312 0.348655 0.311390 0.063387 0.184193 0.291254 -0.160142 -0.146331 0.209001 0.260822 -0.232892 0.075621 0.216640 0.182186 -0.028377 0.192535 0.018786 -0.031017 0.505070 -0.330866 0.165983 0.260991 0.198092 -0.173639 -0.149993 0.133687
-0.248190 0.075024 -0.125733 -0.053073 0.360372 0.400382 -0.231435 -0.233777 0.299055 0.472772 -0.417324 0.159484 0.050760 0.261462 0.454022 1.000000 -0.273485 0.203096 -0.228700 -0.165627 -0.086697 -0.109231 0.297030 0.174192 0.164808 0.210169 -0.056039 0.227547 -0.112343 0.081372 0.078216 0.056154 -0.347392 -0.346286 0.080228 -0.169396 -0.047600 0.069578 -0.007148 -0.016779 0.168070 0.036961 -0.028865 -0.109903 -0.200426 -0.241704 -0.011011 -0.012247 -0.113872 -0.147254 -0.047185 -0.077737 -0.267278 0.002079 -0.294871 0.000414 -0.146412 -0.018739 -0.049676 -0.039950 -0.238138 0.048627 -0.018222 -0.174980 0.166680 0.118281 -0.080795 -0.097282 -0.027724 -0.065791 -0.113797 0.010811 -0.023576 0.007231 0.007894 0.065698 0.090731 0.097675 -0.273878 -0.051241 0.107173 0.199590 0.158311 0.377476 0.205820 0.200347 0.056769 -0.057526 -0.056996 0.121646 0.242173 0.147173 0.206355 -0.015722 0.180038 -0.036709 -0.140791 0.099912 0.029342 0.055789 0.138387 0.032745 -0.000124 -0.290153 -0.153624 -0.382484 -0.351047 -0.023419 0.031073 0.017241 0.028492 0.224317 0.144213 0.098698 -0.022907 -0.078154
0.190765 0.060125 0.165491 0.087768 -0.459702 -0.322085 0.403023 0.174382 -0.113283 -0.194419 0.656872 0.381351 0.211388 0.097796 -0.519928 -0.273485 1.000000 0.331886 0.141341 0.172829 -0.005162 0.052936 -0.035672 0.145287 -0.038301 -0.102116 -0.082514 -0.271177 0.459776 0.216162 0.120690 0.228648 -0.060088 -0.002811 0.097853 0.251215 -0.264185 -0.339100 -0.340732 -0.262953 -0.423961 -0.168396 0.397562 0.356708 0.040853 -0.180028 0.212712 0.319959 0.078444 -0.098304 0.531854 -0.251640 0.239850 0.251540 -0.177143 -0.120531 0.025909 -0.169642 -0.257786 -0.372875 -0.190848 -0.285898 -0.015557 -0.117677 0.299312 0.010139 -0.198405 -0.147200 -0.173594 -0.021292 0.190775 -0.111946 -0.031950 0.008202 -0.136384 -0.017057 -0.061237 -0.241595 0.483276 0.421261 0.115886 0.020428 -0.098672 0.042234 0.506183 0.398879 -0.211743 -0.313189 0.144260 -0.021303 -0.323044 -0.224066 -0.089581 -0.014223 -0.152287 -0.275125 -0.143638 -0.067684 -0.306840 -0.365589 0.231518 -0.084794 -0.297438 -0.257147 -0.185991 -0.182645 0.169590 -0.033556 -0.461835 0.184691 -0.409761 -0.345448 -0.299213 -0.042313 0.057569 -0.141378
-0.161619 -0.035085 -0.061141 -0.221484 0.033818 -0.123225 0.018854 -0.132653 -0.078300 0.051764 -0.088236 0.693422 -0.010149 0.263050 -0.226392 0.203096 0.331886 1.000000 -0.139819 0.080946 -0.088864 0.075420 0.013942 0.147206 -0.037064 -0.169021 -0.023483 -0.060384 0.248038 0.370961 0.174361 0.181962 -0.244228 -0.323523 -0.067776 0.044491 -0.139964 -0.061139 -0.353085 -0.383408 -0.258941 -0.044197 0.405135 0.444267 -0.254012 -0.372908 0.410325 0.555430 -0.330309 -0.381849 0.181838 -0.292936 0.158420 0.545334 -0.283887 0.094593 -0.107448 -0.181424 -0.330270 -0.260108 -0.543378 -0.220910 0.102560 -0.062345 -0.031975 -0.248236 -0.238849 -0.450423 -0.226283 -0.008265 0.299059 0.249376 0.150291 0.385458 0.149292 0.493216 0.400386 0.292944 0.328498 0.488363 0.273209 0.459837 -0.033443 0.099972 0.487231 0.445120 -0.120956 -0.184140 -0.046998 0.094756 -0.157339 -0.074670 0.014343 -0.158421 -0.319771 -0.350017 -0.128566 0.251304 -0.123564 -0.234332 0.376091 -0.035080 -0.308664 -0.574816 -0.475060 -0.513497 -0.147906 -0.107957 -0.309272 0.420386 0.005945 -0.066970 -0.174622 0.109125 0.190651 -0.306872
0.661157 0.395296 0.638042 0.546388 -0.199951 -0.019963 0.343312 0.460450 -0.031177 -0.237179 0.021498 -0.042010 -0.209043 -0.366880 -0.097514 -0.228700 0.141341 -0.139819 1.000000 0.813615 -0.196610 -0.128920 0.208195 0.183999 -0.046391 -0.221339 0.058202 -0.092523 -0.033079 -0.134517 -0.183663 -0.116257 0.247716 0.352377 0.078128 0.010534 -0.272943 -0.357994 0.057768 -0.035193 0.098490 -0.052297 -0.091693 -0.155186 -0.107359 -0.119088 -0.201715 -0.315076 -0.098600 -0.081279 0.068492 -0.376252 -0.221488 -0.297388 -0.108908 -0.209151 0.335791 -0.114518 -0.129944 -0.252046 0.197556 -0.130708 -0.049752 -0.182298 0.461283 -0.018278 -0.173932 0.078802 0.202014 0.270183 -0.152439 -0.130876 -0.110118 -0.295558 -0.203717 -0.281031 -0.340253 -0.228208 -0.170467 -0.281447 -0.409166 -0.496455 0.080338 0.118230 -0.096741 -0.062483 -0.233474 -0.021441 0.108477 0.009732 0.157317 0.055616 0.117498 0.228998 0.250148 0.217365 0.051041 -0.240175 -0.093710 -0.183326 0.158487 -0.005037 0.001269 0.034083 0.130870 0.108548 0.230939 0.126297 0.005902 -0.111221 -0.238513 -0.194683 -0.069478 -0.206124 -0.060267 0.176721
0.579525 0.359647 0.541566 0.608148 -0.200101 -0.122245 0.324114 0.508686 0.050217 -0.198606 0.047305 0.132172 -0.219812 -0.254012 -0.206467 -0.165627 0.172829 0.080946 0.813615 1.000000 -0.427455 -0.195951 0.129786 0.298150 -0.242532 -0.336699 -0.071562 -0.113010 -0.205336 -0.239637 -0.185392 -0.063882 0.205977 0.315258 0.088275 0.078698 -0.423284 -0.486512 -0.153072 -0.202717 -0.184035 -0.198913 0.019126 -0.008360 -0.272399 -0.175562 -0.082652 -0.139161 -0.292733 -0.238785 0.083355 -0.502649 -0.087580 -0.227362 -0.252547 -0.180271 0.347184 -0.139023 -0.209966 -0.252317 0.078184 -0.179590 0.094951 -0.162981 0.263447 0.002759 -0.216751 0.031990 0.111051 0.197589 -0.261480 -0.146501 -0.316598 -0.340301 -0.341429 -0.254029 -0.346422 -0.281955 -0.012267 -0.117494 -0.306286 -0.237920 -0.100456 -0.008771 0.024619 0.150054 -0.370899 -0.096456 0.022381 -0.009953 0.013111 -0.005164 0.134547 0.152962 0.093558 -0.035570 0.086616 0.042546 -0.186337 -0.225507 0.496464 0.178673 0.082005 0.011969 0.116290 -0.098198 0.202635 0.237551 -0.204403 0.147739 -0.343350 -0.278339 -0.196202 0.045365 0.239421 -0.070096
-0.077724 -0.197028 -0.011346 -0.168656 0.038380 0.102966 0.088475 -0.133442 -0.052931 0.102687 0.096046 0.043430 0.153364 0.113012 -0.025448 -0.086697 -0.005162 -0.088864 -0.196610 -0.427455 1.000000 0.698586 0.175651 -0.138672 0.379081 0.437001 0.646972 0.278237 0.119543 0.240645 0.385579 0.231122 -0.257823 -0.261043 -0.071209 -0.102213 0.300963 0.383379 0.208414 0.366173 0.307857 0.464745 -0.133063 0.006791 0.165918 0.244306 -0.122306 0.057569 0.243576 0.328723 -0.043772 0.361186 0.123805 0.142542 0.201294 -0.007198 -0.281468 -0.253332 0.058010 0.092421 -0.215910 -0.027539 -0.437820 0.004622 -0.230293 0.069147 0.166649 0.075169 0.147536 0.096598 0.620769 0.299831 0.349860 0.315836 0.462908 0.373408 0.124678 0.063506 -0.210085 -0.193838 -0.045922 -0.012194 0.170451 0.167169 -0.010231 -0.071814 -0.011002 -0.046293 0.188127 0.254706 -0.036986 -0.039863 -0.181138 0.028089 -0.070017 0.183880 0.010488 -0.213707 -0.095995 -0.072268 -0.602582 -0.463690 -0.451680 -0.282263 -0.166544 0.178055 0.061740 -0.527228 0.132847 -0.091196 0.250126 -0.078016 -0.148968 -0.493140 -0.422815 0.084406
-0.130801 -0.197182 0.139796 -0.025550 0.075105 0.086725 0.290109 0.067386 -0.077528 0.024595 0.045089 0.174443 0.168444 0.162103 0.070064 -0.109231 0.052936 0.075420 -0.128920 -0.195951 0.698586 1.000000 0.166427 0.118224 0.112236 0.263742 0.581130 0.393755 0.110568 0.222855 0.353944 0.342109 -0.199686 -0.154305 -0.146127 -0.047260 0.191596 0.304694 0.213221 0.239129 0.285723 0.591654 -0.020252 0.075399 0.008369 0.100573 -0.047173 0.109617 -0.046406 0.143252 -0.163824 0.238608 0.230361 0.246572 0.220289 -0.238121 -0.295662 -0.286407 -0.090248 0.058531 -0.292912 -0.109092 -0.270015 -0.025655 -0.300874 -0.055340 -0.054028 0.028073 -0.010370 0.100921 0.597539 0.587571 0.467274 0.439113 0.532439 0.504819 0.200161 0.069730 -0.124128 -0.130724 -0.074813 0.064257 0.053497 0.120865 -0.028118 0.037690 -0.049275 0.121189 0.065938 0.220032 -0.202070 -0.111605 0.066523 0.063398 -0.113403 0.121939 -0.164452 -0.126949 -0.355218 -0.322298 -0.334252 -0.419112 -0.483516 -0.262776 -0.254063 0.261091 0.130835 -0.528745 0.044147 -0.055305 0.018296 -0.301680 -0.432840 -0.581258 -0.110553 0.025012
0.151414 -0.106197 0.649631 0.240340 0.118477 -0.039787 0.304917 0.195283 -0.040753 -0.150718 -0.125129 -0.027342 0.002424 -0.001473 0.089953 0.297030 -0.035672 0.013942 0.208195 0.129786 0.175651 0.166427 1.000000 0.526522 0.242543 0.215242 0.235823 0.111221 0.070755 0.146290 0.267276 0.289368 -0.222813 -0.125139 -0.011624 -0.087164 -0.023412 0.094510 0.350072 0.310715 0.193146 0.280410 -0.035794 -0.016414 0.218672 0.110199 -0.140704 -0.170074 0.159395 0.117090 0.162211 -0.116148 -0.223716 -0.086319 -0.012087 -0.028799 -0.389912 -0.198404 -0.490856 -0.381419 -0.343701 -0.292902 -0.365943 -0.357101 0.159534 -0.113560 0.004498 0.278448 -0.140074 0.024193 0.259324 0.266816 0.113586 0.051271 0.018718 0.024355 -0.083662 -0.082073 -0.139285 -0.055384 -0.324713 -0.367549 0.277862 0.266068 0.163891 0.073506 -0.103058 0.217189 0.216550 -0.036122 -0.118138 -0.155757 -0.087305 0.171663 0.227546 0.132433 0.044162 -0.081056 -0.254502 -0.394207 -0.101414 -0.312090 -0.399687 -0.203344 0.005049 0.142337 -0.177429 -0.074474 -0.124460 -0.253542 -0.082225 -0.175682 -0.191941 -0.196227 -0.050428 0.111820
0.112369 0.208430 0.588430 0.667150 -0.252342 -0.189757 0.571882 0.606075 -0.010597 -0.207684 0.098642 0.391355 0.145001 0.202153 -0.085980 0.174192 0.145287 0.147206 0.183999 0.298150 -0.138672 0.118224 0.526522 1.000000 0.088701 0.188965 -0.037716 -0.166290 -0.061419 -0.221133 0.313875 0.506553 -0.451556 -0.269168 0.102028 0.298739 -0.474386 -0.345033 -0.056463 -0.211676 -0.274037 -0.090963 0.175489 0.172813 0.061551 0.024848 -0.135510 -0.034456 0.040887 -0.119305 0.133480 -0.206671 -0.114392 0.124279 -0.232615 -0.291802 -0.399268 -0.249099 -0.546275 -0.351293 -0.582993 -0.392112 -0.100323 -0.392103 0.075468 0.239988 -0.342001 0.316941 -0.402552 0.033334 0.171377 0.214630 -0.162786 -0.207410 -0.011171 0.004248 -0.318841 -0.352601 -0.108138 0.074455 -0.238374 -0.133113 -0.081340 -0.039173 0.310383 0.518258 -0.026933 0.048193 0.182432 0.320584 -0.256187 -0.049529 0.195483 0.268306 0.022712 -0.245240 -0.285992 0.125318 -0.603382 -0.575923 0.325755 -0.022021 -0.327200 -0.295706 -0.019212 -0.128956 0.042715 0.129278 -0.357271 0.041031 -0.492684 -0.577141 -0.501081 -0.210425 0.428698 -0.313552
0.226682 -0.080344 0.122723 0.111989 0.339545 0.210670 -0.125642 -0.088016 0.149561 0.195189 -0.072576 0.060500 -0.078313 -0.014234 -0.026326 0.164808 -0.038301 -0.037064 -0.046391 -0.242532 0.379081 0.112236 0.242543 0.088701 1.000000 0.591298 0.374812 0.151413 -0.099600 -0.061546 0.355753 0.092221 -0.484690 -0.441847 0.135275 -0.145275 0.022739 0.323546 0.210163 0.397786 0.163054 0.228458 0.141129 0.263355 0.386921 0.322904 0.072813 0.096480 0.494555 0.196712 0.158328 0.138308 -0.189753 0.143689 -0.000593 0.248465 -0.247728 -0.281902 -0.211802 -0.257506 -0.304015 -0.412021 -0.326501 -0.445645 0.052414 -0.075111 -0.092878 0.125003 0.067335 0.063576 0.319091 0.069427 -0.168935 -0.100743 -0.105585 -0.017725 0.122669 0.180790 -0.164289 -0.032671 -0.417339 -0.221158 0.146172 0.126401 0.016186 0.019930 0.026788 0.178033 0.226609 0.242049 -0.132272 -0.111453 -0.240736 0.142825 0.299922 0.276566 0.364681 -0.027585 -0.055718 -0.099285 -0.380667 -0.274608 -0.277878 -0.251041 0.102675 -0.029084 -0.104248 -0.096970 0.210822 0.177606 0.005899 -0.177725 -0.234976 -0.152479 -0.317569 0.238598
-0.000152 -0.201969 0.095411 0.204551 0.103662 0.377148 0.074352 -0.039579 0.060952 0.232197 -0.134933 0.022492 -0.063885 0.073367 0.101169 0.210169 -0.102116 -0.169021 -0.221339 -0.336699 0.437001 0.263742 0.215242 0.188965 0.591298 1.000000 0.203222 0.208031 -0.164447 -0.171291 0.429117 0.436073 -0.558591 -0.385606 0.159775 0.063880 0.035721 0.245695 0.105763 0.291481 0.128914 0.072160 0.219608 0.266742 0.408270 0.426082 0.073119 0.101936 0.343708 0.061732 0.093588 0.116668 -0.164287 0.096804 0.114947 0.184833 -0.437480 -0.252511 -0.326904 -0.280818 -0.357208 -0.325615 -0.131950 -0.296354 0.034631 0.146284 -0.204601 0.119162 -0.295848 -0.229800 0.317756 0.201622 0.063992 -0.010153 0.120143 0.096240 -0.017925 0.085117 -0.155226 0.008475 -0.282188 0.025707 0.197580 -0.007426 0.170288 0.293919 0.146896 0.172438 0.455316 0.382376 -0.140261 -0.209341 -0.130467 -0.028997 0.112935 -0.033807 0.216346 0.152492 -0.167128 -0.160413 -0.283679 -0.351652 -0.250512 -0.320667 -0.050477 -0.108190 -0.074321 0.080888 0.108061 0.141750 -0.096958 -0.178471 -0.212661 -0.102342 -0.048719 -0.055927
0.184131 -0.143645 0.166987 0.027674 0.415317 0.232491 0.167438 0.039376 0.120806 0.122628 -0.037188 0.065682 0.018947 0.032656 0.114400 -0.056039 -0.082514 -0.023483 0.058202 -0.071562 0.646972 0.581130 0.235823 -0.037716 0.374812 0.203222 1.000000 0.634657 -0.009827 0.129038 0.166396 0.023409 -0.185173 -0.170643 -0.180601 -0.266125 0.217483 0.452704 0.280755 0.364598 0.392657 0.703360 -0.302001 -0.153121 -0.005016 0.106873 -0.158516 -0.142725 0.095270 0.221759 -0.032368 0.190584 0.115915 0.073755 0.233117 -0.159563 -0.129818 -0.234033 -0.009015 0.064531 -0.187693 -0.032069 -0.353768 0.007400 -0.237383 -0.097609 -0.012519 -0.057018 0.191005 0.196533 0.423530 0.372579 0.253105 0.339340 0.420455 0.399899 0.153883 0.161430 -0.133550 -0.184594 -0.254033 -0.076758 0.243616 0.233427 -0.080165 -0.138823 -0.114004 0.191596 0.173041 0.273512 -0.116347 -0.000736 -0.047333 0.217767 -0.013626 0.433895 0.055557 -0.196632 -0.179874 -0.142720 -0.526709 -0.381792 -0.386093 -0.230079 -0.173105 0.329509 0.297247 -0.537751 0.238738 0.023305 0.141501 -0.153203 -0.205882 -0.547915 -0.384107 0.175633
-0.028863 -0.323503 -0.009159 -0.092457 0.697528 0.674068 0.035181 -0.064995 0.308520 0.534932 -0.333612 -0.095101 -0.084766 0.088150 0.417010 0.227547 -0.271177 -0.060384 -0.092523 -0.113010 0.278237 0.393755 0.111221 -0.166290 0.151413 0.208031 0.634657 1.000000 -0.091709 0.159349 0.099934 0.027254 -0.032667 -0.062961 -0.230852 -0.329369 0.363193 0.502290 0.175866 0.363550 0.407104 0.583030 -0.270010 -0.240269 -0.151030 -0.103087 0.000446 -0.139444 -0.139418 0.143075 -0.235363 0.140125 -0.046234 0.056093 0.223547 0.018214 -0.087131 -0.142796 0.045152 0.047223 0.009733 0.113123 -0.088455 0.130685 -0.269193 -0.241004 -0.194591 -0.308589 0.004358 -0.164675 0.184386 0.309170 0.323759 0.367519 0.346247 0.292610 0.272608 0.265182 -0.040808 -0.111176 0.004728 0.054153 0.303748 0.308846 -0.167244 -0.270503 -0.084672 0.413278 0.043696 0.183870 0.114993 0.022036 0.062228 0.080696 0.151811 0.461597 0.203343 0.076250 0.101230 0.021323 -0.322454 -0.293159 -0.111054 -0.030364 -0.288648 0.197926 0.157694 -0.207602 0.356724 0.063172 0.134931 0.073374 -0.054719 -0.319881 -0.225097 0.244319
-0.197687 -0.205358 -0.041425 -0.374737 -0.205610 -0.095096 0.057695 -0.222571 -0.262949 -0.117225 0.204218 -0.002005 0.340827 0.032187 0.000707 -0.112343 0.459776 0.248038 -0.033079 -0.205336 0.119543 0.110568 0.070755 -0.061419 -0.099600 -0.164447 -0.009827 -0.091709 1.000000 0.704709 0.165112 0.146251 -0.070632 -0.073667 -0.068321 -0.029929 0.287338 0.161058 0.062873 -0.082861 0.173737 0.160693 0.035217 -0.001731 0.014879 -0.320161 0.141720 0.186751 -0.119328 -0.077309 0.067978 -0.178111 0.004174 0.154740 0.065647 0.102572 -0.249946 0.103610 -0.151706 -0.111435 -0.204204 -0.048173 -0.311289 0.006419 0.166776 -0.349187 -0.072354 -0.047556 -0.062666 0.090588 0.214985 0.117887 0.525224 0.455411 0.225045 0.284522 0.162179 0.028880 0.211382 0.259695 0.397251 0.034628 0.073240 0.251691 0.311411 0.022158 0.016218 -0.003937 0.197516 -0.190360 0.086151 0.079097 -0.090299 0.031501 0.015703 0.027416 -0.218402 -0.355106 0.143666 -0.166048 -0.114885 -0.152419 -0.213040 -0.132507 -0.127993 0.038420 -0.093369 -0.110376 0.015469 -0.280319 0.137862 0.116761 -0.016384 -0.047953 -0.248757 0.078196
-0.317083 -0.192131 -0.221448 -0.502415 0.086728 0.023125 -0.131369 -0.261459 -0.238726 0.073182 -0.018502 0.067415 0.274176 0.222346 0.023297 0.081372 0.216162 0.370961 -0.134517 -0.239637 0.240645 0.222855 0.146290 -0.221133 -0.061546 -0.171291 0.129038 0.159349 0.704709 1.000000 0.135509 0.103585 -0.041937 -0.107666 -0.333114 -0.350948 0.330216 0.336272 0.033463 0.143604 0.212884 0.299923 -0.063646 -0.011704 -0.169109 -0.327019 0.129935 0.237095 -0.305560 -0.002287 -0.144981 -0.178160 -0.135769 0.142271 -0.053926 0.301575 -0.283011 0.079499 -0.073060 0.013100 -0.195883 0.067848 -0.360760 0.046738 -0.036726 -0.269137 -0.122745 -0.240549 0.056582 0.129447 0.257327 0.192356 0.508395 0.696641 0.245241 0.397659 0.308689 0.241793 0.137423 0.213108 0.441408 0.151401 0.073819 0.496501 0.159926 -0.106737 -0.153659 0.125537 0.021922 -0.157005 0.152326 0.127572 -0.041526 -0.063365 -0.024256 0.160064 -0.043700 -0.198914 0.390254 0.102595 -0.128749 -0.221994 -0.120853 -0.137425 -0.159620 -0.067721 -0.192912 -0.296459 0.153253 -0.226088 0.288321 0.383252 0.195057 0.055478 -0.308806 0.224998
-0.138057 -0.258075 0.202383 0.107098 -0.031298 -0.048801 0.350139 0.064219 -0.061406 0.109532 0.090221 0.176594 0.301566 0.169847 -0.211446 0.078216 0.120690 0.174361 -0.183663 -0.185392 0.385579 0.353944 0.267276 0.313875 0.355753 0.429117 0.166396 0.099934 0.165112 0.135509 1.000000 0.811655 -0.530158 -0.422679 0.163587 0.094515 -0.118550 0.045583 -0.154078 -0.061949 -0.132909 -0.070556 0.086200 0.142295 0.167829 0.092228 0.129487 0.253998 0.065389 -0.060651 0.153672 -0.075347 0.019461 0.300955 -0.215273 0.185073 -0.458604 -0.247851 -0.333488 -0.224891 -0.502643 -0.318830 -0.432965 -0.269958 -0.120065 -0.111246 -0.223874 0.075559 -0.320035 -0.207652 0.468882 0.266993 0.080346 0.117733 0.212423 0.239036 0.060249 -0.035580 -0.136932 0.086911 -0.020203 0.081329 -0.004842 0.119321 0.304234 0.365452 -0.194997 0.062142 0.308391 0.278449 -0.153323 -0.005254 -0.220801 0.079788 -0.027880 -0.192976 -0.022708 0.026055 -0.083444 -0.239132 -0.156822 -0.293811 -0.391787 -0.446653 -0.189177 -0.163244 -0.209301 0.095615 -0.205255 0.092183 -0.069508 -0.100099 -0.219324 -0.150618 0.136612 -0.258247
-0.142444 -0.284880 0.321951 0.250057 -0.227935 -0.089471 0.532568 0.232683 -0.185723 -0.047444 0.092851 0.231623 0.272534 0.244698 -0.231595 0.056154 0.228648 0.181962 -0.116257 -0.063882 0.231122 0.342109 0.289368 0.506553 0.092221 0.436073 0.023409 0.027254 0.146251 0.103585 0.811655 1.000000 -0.487188 -0.308464 0.130573 0.302806 -0.265822 -0.189719 -0.207621 -0.172588 -0.289619 -0.181648 0.160355 0.155073 0.154148 0.053113 0.155525 0.179280 -0.013547 -0.139898 0.213277 -0.187848 0.026732 0.325629 -0.155280 -0.003361 -0.512006 -0.284973 -0.484505 -0.382092 -0.523617 -0.337661 -0.201528 -0.302933 0.042084 0.125194 -0.419153 0.042715 -0.536305 -0.300987 0.506260 0.423784 0.203704 0.163431 0.235934 0.240801 0.030420 -0.073130 0.014337 0.225581 -0.034498 0.086793 -0.030983 0.021200 0.391886 0.550198 -0.088902 0.077128 0.389058 0.327712 -0.226589 -0.055472 0.034749 0.103703 -0.142401 -0.337028 -0.170141 0.192488 -0.303168 -0.366788 0.114917 -0.204121 -0.388085 -0.426154 -0.348645 -0.218576 -0.108167 0.137805 -0.363185 0.172232 -0.246667 -0.199365 -0.258981 -0.100261 0.336868 -0.392941
0.120654 0.153575 -0.064658 -0.156363 0.019476 -0.099525 -0.128026 0.001491 0.136472 -0.108857 0.001811 -0.298655 -0.195822 -0.196518 0.066181 -0.347392 -0.060088 -0.244228 0.247716 0.205977 -0.257823 -0.199686 -0.222813 -0.451556 -0.484690 -0.558591 -0.185173 -0.032667 -0.070632 -0.041937 -0.530158 -0.487188 1.000000 0.858148 -0.029370 0.010494 0.158260 -0.109620 -0.040397 -0.004608 0.064683 -0.021194 -0.206685 -0.345998 -0.184566 -0.139311 -0.119196 -0.313197 -0.187333 0.188062 -0.102020 0.192886 0.082826 -0.197954 0.006210 -0.280953 0.593176 0.354277 0.383792 0.267046 0.711810 0.472610 0.364768 0.510285 0.026060 -0.107857 0.378291 -0.217780 0.365864 -0.109853 -0.408680 -0.287168 -0.016147 -0.061532 -0.125045 -0.219951 -0.010727 -0.012032 0.220183 0.005820 0.091420 -0.090251 -0.089071 -0.187415 -0.489071 -0.570589 -0.131736 -0.060063 -0.489334 -0.551208 0.126303 -0.067998 -0.077026 -0.348069 0.058623 0.191213 0.020418 -0.129937 0.163864 0.206110 -0.062115 0.095490 0.308986 0.408661 0.115076 0.389043 0.172832 0.070999 0.026028 -0.121643 0.102645 0.263523 0.301317 0.053510 -0.106920 0.315086
0.218327 0.281849 0.084626 0.089061 -0.085567 -0.118645 0.003538 0.152543 0.037435 -0.176470 0.009563 -0.246219 -0.202305 -0.213185 -0.005118 -0.346286 -0.002811 -0.323523 0.352377 0.315258 -0.261043 -0.154305 -0.125139 -0.269168 -0.441847 -0.385606 -0.170643 -0.062961 -0.073667 -0.107666 -0.422679 -0.308464 0.858148 1.000000 0.156295 0.231046 0.008153 -0.174118 -0.052213 -0.028846 0.022613 -0.036223 -0.155285 -0.293835 -0.105472 -0.087384 -0.133163 -0.303238 -0.135745 0.142766 0.031981 0.090611 0.009173 -0.263130 -0.037523 -0.345651 0.419001 0.349217 0.131895 0.090368 0.557156 0.370990 0.388859 0.404553 0.195435 0.053421 0.189082 -0.100413 0.187418 -0.228264 -0.418596 -0.182169 -0.062278 -0.100803 -0.191018 -0.210614 -0.095904 -0.016978 0.144362 0.037004 -0.074656 -0.123804 -0.008179 -0.177347 -0.400781 -0.358871 -0.193122 -0.009796 -0.273163 -0.425837 0.047515 -0.148488 -0.034831 -0.279231 0.081718 0.196990 -0.050115 -0.091251 -0.014454 -0.012954 -0.007957 0.019289 0.203287 0.304797 0.081452 0.332870 0.169938 0.153221 -0.040173 -0.122238 -0.002439 0.147296 0.212088 0.026870 -0.017589 0.226403
0.222727 -0.020925 0.146303 0.159033 -0.144511 -0.063910 -0.000595 -0.128018 0.132431 -0.040735 -0.085811 0.091127 -0.172880 -0.303808 -0.173307 0.080228 0.097853 -0.067776 0.078128 0.088275 -0.071209 -0.146127 -0.011624 0.102028 0.135275 0.159775 -0.180601 -0.230852 -0.068321 -0.333114 0.163587 0.130573 -0.029370 0.156295 1.000000 0.647467 -0.192747 -0.314037 -0.203144 -0.184335 -0.076970 -0.320164 0.454278 0.270498 0.364550 0.182070 0.388052 0.248771 0.142512 0.080587 0.398685 0.041690 0.097972 0.106123 -0.094903 0.010525 0.073731 -0.184583 -0.315990 -0.353488 -0.033151 -0.267849 0.296807 -0.237839 0.315393 0.023749 0.081958 0.208235 -0.154950 -0.219480 -0.098126 -0.082209 -0.202466 -0.412778 -0.169211 -0.172932 -0.032091 -0.050141 -0.007819 -0.131159 -0.104042 -0.117077 -0.167663 -0.177951 0.131903 0.232633 -0.107760 -0.222908 0.187860 -0.109054 0.050245 -0.222168 -0.030903 -0.172234 -0.077228 -0.305876 -0.055079 -0.162750 -0.154213 -0.359069 0.070729 -0.220580 -0.335497 -0.404685 -0.064267 -0.217360 0.000912 0.030543 -0.286940 0.038254 -0.079146 -0.061285 -0.167596 -0.053817 0.041754 -0.181450
0.069351 0.071915 0.196630 0.275697 -0.426502 -0.236645 0.324926 0.181303 -0.095105 -0.207790 0.052664 0.245585 -0.181318 -0.145498 -0.284173 -0.169396 0.251215 0.044491 0.010534 0.078698 -0.102213 -0.047260 -0.087164 0.298739 -0.145275 0.063880 -0.266125 -0.329369 -0.029929 -0.350948 0.094515 0.302806 0.010494 0.231046 0.647467 1.000000 -0.410346 -0.504037 -0.284175 -0.358167 -0.425731 -0.414294 0.418162 0.277937 0.254433 0.173555 0.284183 0.200144 0.050054 0.130189 0.309367 0.081420 0.202988 0.222952 -0.051737 -0.213665 -0.044782 -0.089147 -0.399570 -0.345168 -0.149391 -0.240891 0.513406 -0.123173 0.182050 0.198134 -0.015332 0.209604 -0.419275 -0.286256 0.060202 0.087651 -0.131077 -0.343363 -0.131464 -0.158805 -0.184297 -0.176566 0.213380 0.133317 -0.014793 -0.024574 -0.048954 -0.281381 0.119544 0.370973 0.108319 -0.228090 0.049638 -0.114545 -0.063443 -0.125445 0.123530 -0.088980 -0.294787 -0.473192 -0.255113 0.103298 -0.457950 -0.441933 0.256215 -0.098726 -0.315222 -0.289753 -0.302481 -0.166305 0.172218 0.152528 -0.566227 0.053333 -0.274613 -0.249426 -0.179616 -0.114106 0.422674 -0.394945
