1.000000 0.500755 0.334697 0.309926 0.086202 -0.036101 0.434562 0.250527 -0.130809 0.128010 0.104416 0.068290 -0.102800 -0.145346 -0.017239 -0.103436 -0.034827 -0.128211 0.346938 0.426007 -0.235452 -0.166036 0.074836 0.061747 -0.326213 -0.138278 -0.093589 0.261297 -0.417538 -0.396774 -0.278601 -0.177474 0.391548 0.433862 -0.082912 -0.126532 -0.519819 -0.511662 -0.264650 0.063189 -0.111716 -0.244042 -0.007096 0.115385 0.174750 0.166637 -0.012124 -0.024482 0.101362 0.073249 0.415819 0.033590 0.063944 -0.049898 -0.320763 -0.194376 0.651389 0.315993 -0.026249 0.021460 0.301771 0.214523 0.337341 0.278874 0.343663 0.128319 0.232392 0.049033 0.148841 0.108759 -0.480221 -0.287568 -0.380214 -0.320647 -0.122973 -0.349792 -0.050373 -0.299096 -0.123655 -0.089050 -0.286762 -0.089789 0.002732 -0.188682 -0.354015 0.044732 -0.001409 0.075229 -0.253488 0.007040 -0.296626 -0.129164 -0.116352 0.041005 -0.424444 -0.212650 -0.390438 -0.388483 -0.297285 -0.428949 0.060588 0.198145 -0.012434 0.115295 -0.132492 0.035895 0.079835 -0.242960 -0.378357 -0.124442 -0.420866 -0.384409 -0.116367 -0.068942 -0.170786 -0.105569
0.500755 1.000000 0.011780 0.330855 -0.209720 0.162281 0.015473 0.075703 -0.462457 -0.165227 -0.013509 0.252643 -0.411441 -0.298610 -0.305569 -0.016639 -0.097172 0.138485 0.499679 0.536526 -0.307696 -0.074368 -0.172398 -0.021477 -0.515716 -0.104741 -0.167912 0.311698 -0.491539 -0.153747 -0.502797 -0.249240 0.551174 0.378774 -0.092071 0.033844 -0.475475 -0.332920 -0.307249 0.191449 -0.217205 -0.355612 -0.037334 -0.010495 0.022506 0.061890 -0.078736 -0.230702 0.035554 0.130118 0.017670 0.171586 0.173965 0.091279 -0.123670 -0.310116 0.705790 0.769427 0.142030 0.234307 0.663449 0.482010 0.533742 0.495920 0.245673 0.127543 0.160766 -0.084522 0.187662 0.298323 -0.452617 -0.392769 -0.399580 -0.169483 -0.213135 -0.047789 0.099629 -0.131595 0.177293 0.354324 -0.223340 0.305732 -0.217289 -0.264073 -0.141063 -0.114907 0.119143 0.176992 -0.360130 -0.146986 -0.301959 -0.060323 0.013470 -0.051930 -0.378830 -0.152272 -0.515717 -0.484074 -0.466974 -0.360986 0.347993 0.150350 0.213418 0.295000 -0.343859 -0.047453 0.022090 -0.302109 -0.428964 0.088957 -0.481554 -0.582199 0.059267 0.260736 0.059491 -0.130008
0.334697 0.011780 1.000000 0.073680 0.643078 -0.000610 0.709776 0.092032 0.234156 0.028787 0.326456 -0.268865 -0.265416 0.139595 0.026218 0.198433 0.230138 -0.395475 0.333842 0.146742 0.252517 0.080232 0.649598 -0.019871 0.164133 -0.430940 0.353183 0.184527 -0.212738 -0.521532 0.345141 -0.384330 0.037085 0.130470 0.108335 -0.055592 -0.294881 -0.410199 0.040551 0.255732 0.207683 -0.194571 0.217031 0.509039 -0.013974 0.083451 0.173760 0.266918 -0.184874 -0.157940 0.601920 -0.056191 -0.093704 -0.004192 0.110258 0.083494 -0.022040 -0.145550 -0.385492 -0.332897 -0.023587 -0.240106 0.048885 -0.189389 -0.079872 -0.110418 -0.146745 -0.172795 -0.173285 -0.241445 -0.124327 -0.049850 -0.392807 -0.536878 -0.114334 -0.472264 -0.116227 -0.462699 0.107055 -0.024791 -0.481860 -0.227883 0.466485 -0.014078 -0.332107 0.225491 0.153593 0.252345 0.412813 0.241294 -0.097267 -0.153142 -0.378130 -0.128163 -0.392784 0.012890 -0.196528 -0.127186 0.081657 -0.310827 -0.150927 -0.177242 -0.383091 -0.273251 -0.106560 0.040079 0.010728 -0.421616 -0.207822 -0.182749 -0.167764 -0.217648 -0.187339 -0.167663 -0.368767 0.048138
0.309926 0.330855 0.073680 1.000000 -0.270532 -0.076730 0.091310 0.808583 -0.345908 0.157572 -0.206768 0.503936 -0.013112 -0.164294 -0.175013 0.004530 -0.254830 -0.083339 0.671622 0.683417 -0.261144 0.147937 0.216706 0.673519 -0.255772 0.416184 -0.345142 0.086565 -0.189957 0.168585 -0.029519 0.454409 0.526506 0.360842 -0.054640 0.174472 -0.559949 -0.357308 -0.329226 0.003014 -0.083264 -0.386190 0.118078 0.091567 -0.017948 0.268601 -0.014168 -0.040629 -0.202529 0.134589 -0.055320 0.207004 -0.099348 0.202812 -0.343852 -0.163792 0.210701 -0.053940 -0.364395 -0.156543 0.269533 0.457723 0.366206 0.220850 0.091084 0.565892 -0.411805 -0.240198 0.257037 -0.024585 -0.289748 -0.357902 -0.440534 0.107662 -0.397511 -0.199434 -0.050167 -0.104155 0.261093 0.196959 -0.087232 -0.019210 -0.298879 -0.208388 -0.099517 -0.129989 -0.163039 -0.063366 -0.392257 0.110473 -0.072623 -0.121271 0.146583 -0.061121 -0.352655 -0.186256 -0.532642 -0.389513 -0.263452 -0.166083 0.370763 -0.153760 0.078683 -0.076701 -0.368829 -0.073600 -0.177133 -0.333190 -0.245400 -0.002870 -0.482716 -0.513912 0.069109 0.087258 -0.095083 -0.154591
0.086202 -0.209720 0.643078 -0.270532 1.000000 0.206324 0.571184 -0.114572 0.576314 0.024097 0.444899 -0.391371 -0.162423 0.253655 0.228698 0.288893 0.163086 -0.323445 -0.116932 -0.309563 0.385001 0.173590 0.581916 -0.173773 0.552570 -0.380692 0.808175 0.183019 -0.006567 -0.588236 0.556843 -0.359219 -0.357183 -0.192348 0.175356 0.079321 -0.028088 -0.218348 0.242380 0.326174 0.276063 0.010521 0.050443 0.438102 -0.050844 0.026631 0.186804 0.411992 -0.121282 -0.210964 0.466613 -0.189682 -0.204544 -0.203573 0.335825 0.077044 -0.251410 -0.198653 -0.259658 -0.255937 -0.362309 -0.544417 -0.217954 -0.409787 -0.279622 -0.332485 -0.014241 -0.125249 -0.077937 -0.127742 0.064535 0.160547 -0.014563 -0.557734 0.088622 -0.314281 0.021761 -0.278864 0.139545 -0.025215 -0.383496 -0.089284 0.520492 0.098496 -0.359747 0.367088 0.417736 0.425966 0.622465 0.281791 -0.077249 -0.052841 -0.384901 -0.002383 -0.185697 0.091222 0.276686 0.051562 0.210242 -0.341754 -0.132897 -0.069483 -0.391368 -0.067621 -0.152202 0.080024 -0.014669 -0.178272 -0.191928 0.024246 0.165219 0.025511 -0.337259 -0.183330 -0.140596 0.096733
-0.036101 0.162281 -0.000610 -0.076730 0.206324 1.000000 -0.086962 -0.142685 0.012950 0.266369 0.052685 -0.082715 -0.191960 -0.204764 0.333911 0.142971 -0.036437 0.136415 -0.089450 -0.042181 0.140638 0.107322 -0.187326 -0.122094 -0.064783 0.110914 0.404776 0.514464 -0.054116 -0.240746 -0.106221 -0.143430 -0.010924 0.064563 0.046265 0.072503 -0.081580 0.069358 0.178773 0.358296 0.025909 -0.171189 -0.140143 -0.038499 -0.117993 -0.098526 -0.094020 -0.069907 -0.115221 -0.018536 -0.215670 -0.069828 0.039836 0.007507 0.255651 0.051809 0.048829 0.253985 -0.048793 0.030043 0.038739 -0.017926 0.203960 0.102304 0.003120 -0.122734 0.018300 -0.072663 -0.168801 -0.106047 -0.096540 -0.057540 0.029516 -0.210881 -0.009582 0.026452 0.148796 0.044491 -0.016562 0.092323 0.036150 0.120683 0.351999 0.142209 0.177288 -0.056947 0.180325 0.067422 0.017692 -0.078841 0.113506 0.026938 0.053000 -0.193972 -0.204695 0.058389 0.003779 0.009758 0.076047 -0.009613 0.103836 -0.072923 -0.070028 0.178271 -0.038881 0.072891 0.029285 -0.155562 -0.171448 -0.063480 -0.112697 -0.080525 0.231227 0.160627 0.072091 0.218810
0.434562 0.015473 0.709776 0.091310 0.571184 -0.086962 1.000000 0.139140 0.286614 -0.002605 0.507358 -0.143042 0.040914 0.132571 0.173403 0.122982 0.201720 -0.243884 0.191715 -0.022605 0.146229 0.076301 0.610609 0.198437 0.049406 -0.379030 0.350973 0.106502 -0.142504 -0.457872 0.486432 -0.144829 0.024701 0.002765 0.225010 0.186758 -0.200466 -0.556425 0.062388 0.127545 0.133296 -0.194660 0.174186 0.411933 -0.130767 -0.041158 0.345422 0.398976 -0.266544 -0.350874 0.497331 -0.256139 -0.183867 0.113518 0.019951 0.002511 0.010617 -0.009382 -0.245719 -0.245181 -0.149000 -0.291922 0.071801 -0.190598 -0.130767 -0.313068 -0.054898 -0.368329 0.148894 -0.048414 0.131043 -0.049075 -0.128467 -0.414375 0.053644 -0.365947 0.006828 -0.378256 0.140268 0.179818 -0.341215 0.091351 0.388890 -0.290524 -0.390358 0.055330 0.241419 0.197753 0.226753 0.191019 -0.164065 -0.042582 -0.466031 -0.069029 -0.171120 -0.151475 0.038781 -0.143923 -0.017081 -0.343886 0.088819 0.039544 -0.366574 -0.127855 -0.345772 0.047681 -0.042936 -0.099328 -0.216670 0.188674 0.017507 -0.083905 -0.342552 0.014462 -0.016531 -0.028076
0.250527 0.075703 0.092032 0.808583 -0.114572 -0.142685 0.139140 1.000000 -0.315162 0.138402 0.016293 0.556961 -0.045682 0.188171 -0.247481 0.135193 -0.128862 -0.119612 0.499977 0.477145 -0.274350 0.005417 0.403285 0.590017 -0.120734 0.325522 -0.279672 -0.031783 -0.165768 0.070572 0.101868 0.351709 0.245013 0.160912 -0.054883 0.125267 -0.497235 -0.348836 -0.281160 -0.022882 -0.228378 -0.383801 0.204547 0.187463 -0.100985 0.256417 0.077326 0.099881 -0.190811 0.003250 0.122621 0.256202 -0.083398 0.098038 -0.285304 -0.144333 0.114450 -0.284496 -0.413971 -0.247264 0.107635 0.226943 0.249591 0.004098 -0.064941 0.549266 -0.388842 -0.140412 0.233274 -0.014513 -0.333561 -0.203838 -0.345397 -0.037950 -0.334919 -0.316091 -0.078002 -0.034489 0.199385 0.099119 -0.187673 -0.134046 -0.257888 -0.142384 -0.232625 0.147298 -0.064313 0.001327 -0.214571 0.315221 -0.059980 -0.286110 -0.041216 -0.147823 -0.245773 -0.246009 -0.319115 -0.307306 -0.184969 -0.302028 0.189205 -0.172955 -0.049422 -0.199284 -0.246786 0.083668 -0.084728 -0.149775 -0.109956 0.016794 -0.328620 -0.317596 -0.191560 -0.057284 -0.039765 -0.278961
-0.130809 -0.462457 0.234156 -0.345908 0.576314 0.012950 0.286614 -0.315162 1.000000 0.213501 -0.009545 -0.439555 0.168577 -0.061846 0.512930 0.050622 -0.026627 -0.125266 -0.468187 -0.426078 0.480115 0.169203 0.267177 -0.002534 0.674193 0.136160 0.547170 -0.095708 0.130028 -0.179014 0.537088 0.066645 -0.462453 -0.297046 0.124005 0.074399 0.207331 0.091163 0.171966 -0.103786 0.347618 0.318490 0.017336 0.096613 0.110353 0.025117 0.002866 0.204584 0.132919 -0.001896 0.116340 -0.167408 -0.311539 -0.116859 0.033872 0.123779 -0.470397 -0.251720 0.047614 0.081967 -0.572244 -0.337983 -0.388250 -0.273781 -0.100901 -0.184645 0.036550 0.065774 -0.257718 -0.157761 0.144393 0.284818 0.179201 -0.155914 0.061318 -0.079134 -0.133724 -0.181527 -0.154037 -0.234338 -0.001217 -0.175338 0.418111 0.172407 -0.142042 -0.126343 0.119346 -0.047250 0.366730 0.138511 0.167159 0.135460 -0.082657 0.020594 0.115518 0.266012 0.326451 0.317116 0.250100 0.014174 -0.331423 -0.172424 -0.177459 -0.198301 0.202369 -0.033389 0.082367 0.117777 0.059676 -0.179524 0.320536 0.240700 -0.127095 -0.352782 -0.195130 0.235378
0.128010 -0.165227 0.028787 0.157572 0.024097 0.266369 -0.002605 0.138402 0.213501 1.000000 -0.175803 0.081538 0.046667 -0.248806 0.325254 -0.007569 0.111545 0.035103 0.024403 0.254318 -0.019638 0.023494 0.052320 0.308642 0.039382 0.448064 0.057819 0.135725 -0.021737 0.053432 0.161417 0.324195 0.047455 0.139900 0.052794 0.055926 -0.252989 -0.242209 -0.042695 -0.328848 0.055063 -0.084176 -0.043731 -0.279483 0.105343 -0.027737 -0.131697 -0.175447 0.001246 0.045286 -0.138909 0.011159 0.031713 0.065402 -0.373526 -0.218009 0.082885 -0.171882 0.083626 0.171094 -0.067766 0.194952 0.104297 0.094443 0.217536 0.217564 0.001265 0.124638 0.070524 -0.026697 -0.120245 0.001579 0.004523 0.090350 -0.121805 -0.059197 -0.174683 -0.120918 -0.073633 -0.157676 0.073134 -0.015814 0.011865 -0.057403 0.180726 -0.271294 -0.306788 -0.424302 -0.254092 0.051713 0.124053 0.114008 0.123241 -0.191753 -0.069063 -0.103921 -0.186307 -0.048873 -0.160890 0.022012 -0.165945 -0.229689 -0.108374 -0.198412 0.106409 -0.295773 -0.080286 0.174025 -0.063675 -0.191947 -0.094236 0.044128 0.059065 -0.250636 -0.073780 -0.056801
0.104416 -0.013509 0.326456 -0.206768 0.444899 0.052685 0.507358 0.016293 -0.009545 -0.175803 1.000000 -0.081525 0.050334 0.491571 0.080255 0.303230 0.424922 -0.211008 -0.122445 -0.278260 -0.006736 0.046696 0.424453 -0.148339 0.003820 -0.528037 0.368413 0.039399 -0.052940 -0.425865 0.339030 -0.372324 -0.316324 -0.370960 0.189311 0.184946 0.007880 -0.285175 0.077681 0.217311 0.004944 -0.151133 0.295889 0.413875 -0.248484 -0.091945 0.443414 0.434434 -0.242831 -0.467063 0.368387 -0.231737 0.180900 0.173463 0.315480 -0.031110 -0.006355 0.055253 -0.245724 -0.354696 -0.163733 -0.558246 -0.143200 -0.489373 -0.449555 -0.487332 -0.033428 -0.262781 0.217834 0.160649 0.131567 0.112054 0.047890 -0.475882 0.139909 -0.324932 0.264132 -0.011991 0.071441 0.274625 -0.324694 0.250556 0.397811 -0.017967 -0.157190 0.383336 0.252471 0.192311 0.427348 0.112930 -0.067764 -0.061493 -0.355198 -0.048957 0.005073 -0.177861 0.237831 -0.058897 0.089828 -0.303146 0.154530 0.112417 -0.286918 -0.123994 -0.267017 0.114606 -0.189981 0.098538 -0.112095 0.413472 0.308603 0.230348 -0.406522 0.046538 0.305720 -0.005543
0.068290 0.252643 -0.268865 0.503936 -0.391371 -0.082715 -0.143042 0.556961 -0.439555 0.081538 -0.081525 1.000000 -0.107353 -0.008385 -0.261232 0.121666 0.275741 0.362448 0.440449 0.401866 -0.649913 0.082443 -0.082832 0.290555 -0.469526 0.365516 -0.356886 0.012613 -0.159696 0.234461 -0.289394 0.355095 0.353093 0.184645 -0.042370 0.093168 -0.388080 -0.334451 -0.308785 0.013606 -0.267845 -0.433676 -0.026652 -0.135028 -0.168095 0.020562 0.036542 -0.108450 -0.179308 0.054682 -0.036095 0.309789 0.298242 0.333169 -0.351989 -0.359881 0.353364 0.064839 -0.050878 0.086503 0.387096 0.534308 0.523385 0.435519 0.244240 0.488322 -0.177309 -0.245133 0.493748 0.374213 -0.332280 -0.242084 -0.211155 0.150023 0.038894 0.057210 0.229146 0.243307 0.274612 0.361445 0.133335 0.335791 -0.289450 -0.131617 0.119657 -0.025287 0.076219 -0.091943 -0.371163 0.049685 -0.181309 -0.042915 0.063057 -0.094044 -0.310068 -0.420930 -0.452968 -0.514710 -0.361690 -0.203294 0.425370 0.121920 -0.041392 0.136781 -0.494924 -0.232849 -0.348804 -0.158621 -0.360325 0.262550 -0.402450 -0.407949 -0.192899 0.204799 0.215583 -0.441510
-0.102800 -0.411441 -0.265416 -0.013112 -0.162423 -0.191960 0.040914 -0.045682 0.168577 0.046667 0.050334 -0.107353 1.000000 0.037891 0.385604 -0.209126 -0.138710 -0.072581 -0.258513 -0.215166 0.005108 0.155137 -0.043636 0.357287 0.145720 0.217647 -0.124004 -0.193027 0.512652 0.535953 0.293864 0.609313 -0.170083 -0.238784 -0.046538 0.100587 0.341322 0.131623 0.005061 -0.374793 0.259618 0.201949 -0.053891 -0.262528 -0.005849 -0.024416 -0.165518 -0.169935 -0.110979 -0.243343 -0.334854 -0.346264 -0.037073 0.161951 -0.119987 0.063589 -0.331993 -0.301968 -0.022782 -0.163787 -0.389735 -0.180921 -0.468214 -0.244433 -0.148600 -0.253697 -0.116951 -0.018529 0.049919 -0.172643 0.428544 0.159171 0.347134 0.586036 0.001827 0.183579 -0.150725 0.039147 -0.138329 -0.225674 0.439278 0.077408 0.001524 0.076595 0.451752 -0.214879 -0.463515 -0.290151 -0.041170 -0.241126 0.251949 0.320466 0.324148 0.161012 0.447110 -0.065336 0.129547 0.240406 0.045827 0.324786 -0.009429 0.118768 0.018532 -0.183866 0.163692 0.219292 0.165747 0.186574 0.324867 -0.007619 0.309838 0.409780 0.040912 -0.188935 0.228146 0.247113
-0.145346 -0.298610 0.139595 -0.164294 0.253655 -0.204764 0.132571 0.188171 -0.061846 -0.248806 0.491571 -0.008385 0.037891 1.000000 -0.091098 0.512140 0.139790 -0.555412 -0.028298 -0.167263 0.136670 0.101534 0.493937 -0.044366 0.185894 -0.308502 0.114368 -0.163286 -0.030632 -0.203484 0.330693 -0.210633 -0.409608 -0.545839 -0.148472 -0.178929 0.090529 -0.044492 0.264576 0.264555 0.106107 0.138412 0.099806 0.347778 -0.262330 -0.066937 0.239150 0.387683 -0.201023 -0.339923 0.254636 -0.144550 0.084000 -0.167152 0.341297 0.352672 -0.159507 -0.250876 -0.134919 -0.385339 -0.214854 -0.619170 -0.376785 -0.690956 -0.579441 -0.340608 -0.085555 -0.052196 0.083876 0.104400 0.153897 0.188237 -0.075684 -0.280666 0.095624 -0.315262 -0.122116 -0.124840 -0.100762 -0.068058 -0.384674 -0.264952 0.222462 0.286854 -0.355105 0.689586 0.259033 0.358843 0.466049 0.329207 0.057970 -0.000911 -0.217548 0.071491 0.112706 0.109254 0.337913 0.166441 0.291400 -0.077786 -0.119974 -0.047845 -0.153619 -0.208864 0.043527 0.152677 -0.109773 0.214806 0.150412 0.185297 0.272810 0.306351 -0.347808 -0.084704 0.141488 -0.087809
-0.017239 -0.305569 0.026218 -0.175013 0.228698 0.333911 0.173403 -0.247481 0.512930 0.325254 0.080255 -0.261232 0.385604 -0.091098 1.000000 0.189145 0.036871 -0.112490 -0.332899 -0.245106 0.391037 0.346146 0.008954 0.125684 0.257531 0.249496 0.385658 0.396279 0.271784 -0.004974 0.266406 0.185883 -0.437607 -0.367452 -0.164319 -0.093987 0.084374 0.075148 0.366523 0.000386 0.481565 0.154268 -0.257050 -0.211486 -0.270132 -0.340541 -0.073938 -0.043136 -0.209120 -0.305513 -0.282662 -0.498576 -0.050487 -0.092714 0.163503 0.195631 -0.183325 -0.028348 0.126033 0.098956 -0.386658 -0.206080 -0.313120 -0.232254 -0.187147 -0.343667 0.043375 -0.152162 -0.114125 -0.112107 0.160723 0.146448 0.107101 -0.014830 0.003795 -0.214971 -0.176881 -0.253927 -0.296070 -0.278397 0.166140 -0.134077 0.606943 0.293090 0.202887 -0.176502 -0.092252 -0.286505 0.115781 0.070201 0.403955 0.330476 0.088685 0.146759 0.181917 0.234916 0.161790 0.314702 0.260113 0.154991 -0.163769 -0.066977 -0.035655 -0.165544 0.226780 0.077136 0.041239 0.213883 0.079627 -0.132896 0.256524 0.346521 0.066923 -0.199736 0.018862 0.306924
-0.103436 -0.016639 0.198433 0.004530 0.288893 0.142971 0.122982 0.135193 0.050622 -0.007569 0.303230 0.121666 -0.209126 0.512140 0.189145 1.000000 0.186053 -0.412585 0.213753 0.042381 0.106049 0.279809 0.394807 0.057154 0.091251 -0.127878 0.302136 0.425921 -0.159660 -0.238110 0.158543 -0.204534 -0.315462 -0.465483 -0.035134 -0.021873 -0.209117 -0.137631 0.353887 0.345349 0.116800 -0.069455 -0.064295 0.091994 -0.294523 -0.278148 0.026479 0.099876 -0.166962 -0.295776 0.145347 -0.133050 0.154080 -0.149095 0.387860 0.097548 -0.013967 0.059318 0.013292 0.017092 0.002349 -0.213321 -0.115770 -0.343163 -0.284207 -0.208280 0.052671 -0.139605 0.182615 0.196584 -0.053054 0.036069 -0.339207 -0.424329 -0.099616 -0.493028 -0.121560 -0.326636 -0.123946 -0.022208 -0.271939 -0.229975 0.511171 0.418564 -0.279542 0.390422 0.365280 0.174671 0.329402 0.468347 0.232687 -0.042053 -0.116809 -0.059894 -0.066885 0.042443 -0.005632 -0.053188 0.058902 -0.210462 0.081509 0.003364 -0.092603 -0.061495 -0.164280 -0.050253 -0.142313 -0.014341 -0.073182 0.048290 0.074674 -0.008850 -0.190475 -0.046280 0.135651 -0.057804
-0.034827 -0.097172 0.230138 -0.254830 0.163086 -0.036437 0.201720 -0.128862 -0.026627 0.111545 0.424922 0.275741 -0.138710 0.139790 0.036871 0.186053 1.000000 0.199295 -0.014778 -0.082056 -0.270160 -0.010193 0.015293 -0.327830 -0.256208 -0.284668 0.126705 0.004916 0.087231 -0.125241 0.011904 -0.196238 -0.114545 -0.095292 -0.045315 -0.164125 -0.004496 -0.234371 0.122914 0.032296 0.091598 -0.217398 -0.026029 0.016199 -0.301574 -0.354116 0.254227 0.114160 -0.220724 -0.293908 0.228405 -0.031920 0.495380 0.261960 0.031823 -0.175580 0.240375 0.007298 -0.029332 -0.042994 0.070864 -0.113184 0.246079 0.004107 -0.008812 -0.162112 -0.029471 -0.301039 0.196855 0.222823 -0.036464 0.070827 0.085097 -0.223130 0.361205 -0.079905 0.175643 -0.002168 0.240072 0.167667 0.170893 0.231498 0.348272 -0.044567 0.249622 0.106537 0.166894 -0.158454 0.243158 0.139308 0.076372 0.154913 -0.174052 -0.108864 -0.101969 -0.182791 -0.028087 -0.128977 0.072274 -0.042474 -0.064071 0.036762 -0.407230 -0.178179 -0.218411 -0.217214 -0.334649 -0.014584 -0.155856 0.192641 0.014558 0.091134 -0.345042 -0.015366 0.068473 -0.094486
-0.128211 0.138485 -0.395475 -0.083339 -0.323445 0.136415 -0.243884 -0.119612 -0.125266 0.035103 -0.211008 0.362448 -0.072581 -0.555412 -0.112490 -0.412585 0.199295 1.000000 -0.208153 -0.168530 -0.276824 -0.278469 -0.505308 -0.144828 -0.314634 0.166488 -0.133015 -0.135950 0.134034 0.298178 -0.381900 0.137282 0.191288 0.268779 0.049469 0.100911 0.073666 0.058431 -0.233043 -0.134824 -0.318259 -0.096285 -0.091114 -0.300544 0.035831 -0.030518 0.043974 -0.250066 0.159450 0.280565 -0.241074 0.287150 -0.014795 0.217950 -0.285590 -0.214815 0.150235 0.280955 0.167380 0.312312 0.198013 0.453440 0.509632 0.625559 0.402467 0.245661 0.042552 -0.094827 0.012632 0.101837 -0.147376 0.005006 0.252358 0.289240 0.235212 0.418201 0.355522 0.405912 0.261826 0.314434 0.540737 0.526005 -0.311616 -0.216319 0.471459 -0.541309 -0.123873 -0.311592 -0.355601 -0.293139 -0.151832 -0.031240 -0.045223 -0.243266 -0.037430 -0.198243 -0.033365 -0.139939 -0.156637 0.066008 0.062335 0.079649 -0.002537 0.244023 -0.115113 -0.201852 -0.120893 0.023013 -0.154231 0.131089 -0.093596 -0.169935 0.031740 0.208377 0.032343 -0.014760
0.346938 0.499679 0.333842 0.671622 -0.116932 -0.089450 0.191715 0.499977 -0.468187 0.024403 -0.122445 0.440449 -0.258513 -0.028298 -0.332899 0.213753 -0.014778 -0.208153 1.000000 0.768280 -0.295274 0.118475 0.266600 0.360703 -0.364824 0.045309 -0.258779 0.271364 -0.333903 -0.010370 -0.141256 0.036313 0.649500 0.416323 -0.089402 0.007315 -0.446845 -0.498051 -0.105477 0.147118 -0.014891 -0.478750 -0.061064 0.013861 -0.135318 0.026762 -0.112136 -0.092987 -0.297355 -0.058503 0.145720 0.067142 0.140657 0.179485 -0.153125 -0.259295 0.448985 0.143404 -0.209579 -0.161087 0.579806 0.403828 0.436951 0.244151 0.178222 0.308859 -0.225310 -0.286155 0.357830 0.147129 -0.217327 -0.435026 -0.536378 -0.101048 -0.161622 -0.231547 -0.004037 -0.200260 0.267070 0.210449 -0.225233 0.038195 -0.131238 -0.283906 -0.150454 0.006595 0.034770 0.119753 -0.329703 0.027961 -0.204371 -0.121466 0.009498 0.003274 -0.396521 -0.201422 -0.638997 -0.505227 -0.418774 -0.306033 0.381734 0.087911 0.039111 0.065318 -0.374356 -0.001853 -0.134151 -0.482547 -0.283361 0.036920 -0.536549 -0.562338 -0.009712 0.135961 0.044089 -0.189492
0.426007 0.536526 0.146742 0.683417 -0.309563 -0.042181 -0.022605 0.477145 -0.426078 0.254318 -0.278260 0.401866 -0.215166 -0.167263 -0.245106 0.042381 -0.082056 -0.168530 0.768280 1.000000 -0.320026 0.144212 0.121831 0.427597 -0.384241 0.263992 -0.395240 0.268657 -0.342870 0.050328 -0.231091 0.198803 0.587447 0.415336 -0.258580 -0.118447 -0.529593 -0.351217 -0.246418 -0.075628 0.011686 -0.378681 -0.052985 -0.132881 -0.055541 0.036515 -0.233398 -0.197761 -0.204103 0.010353 0.012990 0.122436 0.198136 0.188473 -0.342156 -0.362023 0.532236 0.150227 -0.034858 0.061948 0.571756 0.544016 0.382970 0.270700 0.274005 0.465454 -0.148575 -0.062023 0.281955 0.201848 -0.395155 -0.381522 -0.534619 0.004282 -0.299301 -0.211003 -0.199513 -0.198765 0.097469 0.076368 -0.122805 -0.046321 -0.244073 -0.280217 -0.106428 -0.022334 -0.178451 -0.141589 -0.471956 0.010475 -0.163350 -0.050676 0.171909 -0.056616 -0.323837 -0.160233 -0.723012 -0.435552 -0.497465 -0.249318 0.212998 -0.120404 0.057962 -0.116779 -0.131848 -0.030177 -0.077509 -0.321270 -0.312978 -0.274010 -0.657854 -0.514267 0.086400 -0.088644 -0.140572 -0.162198
-0.235452 -0.307696 0.252517 -0.261144 0.385001 0.140638 0.146229 -0.274350 0.480115 -0.019638 -0.006736 -0.649913 0.005108 0.136670 0.391037 0.106049 -0.270160 -0.276824 -0.295274 -0.320026 1.000000 0.139121 0.260456 -0.035140 0.541723 -0.095527 0.466936 -0.014519 0.066143 -0.139599 0.465871 -0.184731 -0.406629 -0.257192 -0.069264 -0.080622 0.249315 0.257090 0.475567 0.126064 0.389882 0.513810 0.039995 0.216489 -0.021309 -0.000410 0.103496 0.254868 0.079228 -0.033213 -0.016402 -0.199974 -0.431714 -0.389423 0.234380 0.381863 -0.457083 -0.153526 -0.093424 -0.172941 -0.416859 -0.456823 -0.426858 -0.446659 -0.417504 -0.325328 -0.067385 0.029777 -0.554661 -0.459132 0.369910 0.127267 -0.036910 -0.172639 -0.082248 -0.152488 -0.186123 -0.270836 -0.214592 -0.186921 -0.143366 -0.359059 0.424902 0.091269 -0.170543 -0.007506 0.095363 -0.067445 0.275671 0.095397 0.335869 -0.104165 -0.330134 -0.104087 0.251043 0.607672 0.468634 0.514213 0.486494 0.070381 -0.447798 -0.364514 -0.126496 -0.267051 0.342524 0.130339 0.123064 0.180467 0.302419 -0.177174 0.342405 0.199333 0.126199 -0.154959 -0.213033 0.484789
-0.166036 -0.074368 0.080232 0.147937 0.173590 0.107322 0.076301 0.005417 0.169203 0.023494 0.046696 0.082443 0.155137 0.101534 0.346146 0.279809 -0.010193 -0.278469 0.118475 0.144212 0.139121 1.000000 0.254514 0.305745 0.295805 0.164491 0.094191 0.326880 0.050509 -0.088978 0.275950 0.228663 -0.192712 -0.277669 -0.015450 0.130659 0.036167 -0.079157 0.151379 0.253658 0.613872 -0.010791 -0.064610 0.028068 -0.059300 -0.045274 -0.003630 -0.008259 -0.296882 -0.184930 -0.105881 -0.266434 0.056598 0.060976 0.333728 -0.018280 -0.143263 -0.132999 0.008653 -0.009736 -0.048889 -0.122117 -0.210626 -0.185625 -0.202366 -0.142548 -0.111681 -0.205783 0.179332 -0.096066 0.087988 0.097592 -0.107719 -0.059226 0.114902 -0.218956 0.072516 -0.055201 0.107247 0.002438 -0.159392 0.036519 0.241906 0.144960 -0.065956 0.187953 0.148209 0.111541 0.179168 0.176668 0.169554 0.308607 0.161470 0.228607 -0.101678 -0.115471 -0.103276 -0.247950 -0.020631 -0.107682 0.166014 -0.071598 -0.089125 -0.002104 -0.284529 -0.197660 -0.261070 -0.018104 -0.244671 0.085726 -0.118464 -0.159657 -0.069658 -0.143873 0.038083 -0.090068
0.074836 -0.172398 0.649598 0.216706 0.581916 -0.187326 0.610609 0.403285 0.267177 0.052320 0.424453 -0.082832 -0.043636 0.493937 0.008954 0.394807 0.015293 -0.505308 0.266600 0.121831 0.260456 0.254514 1.000000 0.423906 0.396535 -0.156350 0.274374 -0.005379 -0.101601 -0.370516 0.644933 -0.032800 -0.211533 -0.263772 0.006681 0.134720 -0.208378 -0.417187 0.050110 0.115315 0.176437 -0.136566 0.234943 0.417004 -0.151590 0.075821 0.167212 0.347071 -0.277158 -0.320668 0.411387 -0.122202 -0.223588 -0.036841 0.179196 0.066828 -0.244007 -0.330303 -0.293495 -0.284235 -0.215968 -0.365455 -0.208822 -0.501127 -0.366831 -0.092522 -0.249789 -0.174212 0.098584 -0.014004 0.031700 0.128615 -0.266598 -0.389652 -0.143539 -0.489679 -0.240755 -0.419579 0.130923 0.082764 -0.506854 -0.182722 0.242908 -0.057366 -0.478910 0.352689 0.139916 0.245800 0.397147 0.418567 -0.056646 -0.153616 -0.391868 -0.087815 -0.069839 0.003511 0.046808 -0.070209 -0.027238 -0.411536 -0.051857 -0.232089 -0.351190 -0.343812 -0.146937 0.051488 -0.117507 -0.015665 -0.069029 0.022405 -0.002079 -0.028037 -0.433968 -0.256858 -0.075514 -0.149792
0.061747 -0.021477 -0.019871 0.673519 -0.173773 -0.122094 0.198437 0.590017 -0.002534 0.308642 -0.148339 0.290555 0.357287 -0.044366 0.125684 0.057154 -0.327830 -0.144828 0.360703 0.427597 -0.035140 0.305745 0.423906 1.000000 0.090955 0.581369 -0.218607 0.077190 0.058007 0.279052 0.293440 0.741912 0.168414 -0.045104 -0.026570 0.319854 -0.296198 -0.240823 -0.165443 -0.212004 0.007547 -0.135640 0.087330 -0.093546 -0.067897 0.107908 -0.114796 -0.126100 -0.223106 -0.102744 -0.221802 -0.032066 -0.233695 0.219937 -0.218898 -0.098879 -0.064061 -0.230539 -0.173110 -0.061375 0.008782 0.230043 -0.021591 -0.082369 -0.063282 0.247727 -0.285328 -0.152025 0.271616 -0.009909 0.043869 0.024678 -0.175106 0.296782 -0.365327 -0.106640 -0.214493 -0.155171 0.151241 0.075261 -0.018270 -0.016994 -0.224936 -0.177045 -0.029206 -0.249108 -0.305376 -0.229117 -0.314183 0.086293 0.068336 0.067961 0.107141 0.003467 0.083463 -0.060069 -0.242028 -0.127246 -0.307581 -0.072786 0.161830 -0.183642 -0.087688 -0.195873 -0.182690 -0.040710 -0.114318 0.071609 -0.032933 0.013299 -0.157575 -0.156942 -0.018881 -0.125714 0.066679 -0.140103
-0.326213 -0.515716 0.164133 -0.255772 0.552570 -0.064783 0.049406 -0.120734 0.674193 0.039382 0.003820 -0.469526 0.145720 0.185894 0.257531 0.091251 -0.256208 -0.314634 -0.364824 -0.384241 0.541723 0.295805 0.396535 0.090955 1.000000 0.063937 0.491204 -0.051125 0.134633 -0.085459 0.603686 0.035386 -0.535970 -0.383293 0.091546 0.155919 0.266928 0.192460 0.114954 -0.020138 0.330027 0.291728 0.119790 0.208106 0.229323 0.275285 -0.093012 0.170752 0.198409 0.095187 0.087319 -0.062910 -0.430012 -0.250333 0.166963 0.101806 -0.555938 -0.473157 -0.052628 -0.093289 -0.462378 -0.437139 -0.578511 -0.500550 -0.267550 -0.085097 0.029736 0.270455 -0.267791 -0.315739 0.191135 0.317240 0.047563 -0.089893 -0.171302 -0.161979 -0.202887 -0.106493 -0.157628 -0.314696 -0.181008 -0.312249 0.190839 0.276698 -0.177892 0.134003 0.028965 0.139170 0.432380 0.116649 0.165899 -0.015141 -0.081787 0.057641 0.224801 0.251377 0.387509 0.287518 0.215018 -0.070922 -0.297149 -0.217665 -0.094088 -0.221577 0.244316 0.174683 0.148493 0.160364 0.187034 -0.137332 0.339504 0.246712 -0.151300 -0.444550 -0.146460 0.221962
-0.138278 -0.104741 -0.430940 0.416184 -0.380692 0.110914 -0.379030 0.325522 0.136160 0.448064 -0.528037 0.365516 0.217647 -0.308502 0.249496 -0.127878 -0.284668 0.166488 0.045309 0.263992 -0.095527 0.164491 -0.156350 0.581369 0.063937 1.000000 -0.242472 0.025700 0.103828 0.435795 -0.089834 0.710648 0.124230 0.069001 -0.144543 0.089380 -0.166561 0.162266 -0.102735 -0.208454 0.031750 0.098448 -0.050232 -0.372539 0.071919 0.071875 -0.309767 -0.279398 0.097157 0.259071 -0.475747 0.231296 -0.043281 0.194513 -0.384704 -0.079696 -0.076259 -0.181202 0.013953 0.190403 0.001937 0.457771 0.081784 0.229602 0.179482 0.474913 -0.189766 0.050115 -0.017374 -0.014112 -0.178770 -0.030589 -0.041770 0.447649 -0.238507 0.208758 -0.155365 0.065061 0.038916 -0.082346 0.258202 -0.068012 -0.269332 0.004257 0.205311 -0.354932 -0.347380 -0.409000 -0.426773 -0.052093 0.187875 0.093921 0.386384 -0.055941 0.008859 0.088036 -0.201720 0.014133 -0.120972 0.147362 -0.035246 -0.226221 0.066285 -0.118461 0.088245 -0.130789 -0.133037 0.049238 -0.045695 -0.218497 -0.234292 -0.144606 0.163180 -0.124020 -0.087838 -0.077588
-0.093589 -0.167912 0.353183 -0.345142 0.808175 0.404776 0.350973 -0.279672 0.547170 0.057819 0.368413 -0.356886 -0.124004 0.114368 0.385658 0.302136 0.126705 -0.133015 -0.258779 -0.395240 0.466936 0.094191 0.274374 -0.218607 0.491204 -0.242472 1.000000 0.272028 0.080870 -0.382697 0.438928 -0.291383 -0.342161 -0.189182 0.228468 0.138922 0.028123 -0.031644 0.358865 0.323958 0.282139 0.078716 0.015576 0.302161 -0.082896 -0.064411 0.185117 0.331880 -0.034401 -0.177929 0.238494 -0.166147 -0.147891 -0.161792 0.318944 0.053294 -0.290492 -0.045436 -0.212574 -0.212462 -0.341631 -0.476055 -0.183703 -0.385275 -0.271044 -0.408210 0.009288 -0.136121 -0.143730 -0.105473 0.226461 0.131409 0.023716 -0.377296 -0.004173 -0.148013 0.053488 -0.196671 0.068570 0.059897 -0.144596 0.022198 0.623162 0.123678 -0.114894 0.199351 0.434087 0.182240 0.461258 0.121594 0.032382 -0.022163 -0.297429 -0.069232 -0.109343 0.151667 0.296167 0.103343 0.265672 -0.222271 -0.028663 -0.071281 -0.278780 0.030902 -0.100362 0.109513 -0.021125 -0.113632 -0.203762 0.070745 0.226708 0.081548 -0.190688 -0.072568 -0.073808 0.264639
0.261297 0.311698 0.184527 0.086565 0.183019 0.514464 0.106502 -0.031783 -0.095708 0.135725 0.039399 0.012613 -0.193027 -0.163286 0.396279 0.425921 0.004916 -0.135950 0.271364 0.268657 -0.014519 0.326880 -0.005379 0.077190 -0.051125 0.025700 0.272028 1.000000 -0.083334 -0.257161 -0.171097 -0.166985 0.026768 -0.000038 -0.050301 0.008134 -0.351320 -0.178850 0.137512 0.304037 0.117097 -0.274766 -0.187802 -0.131985 -0.151011 -0.190526 -0.240111 -0.263798 -0.182265 -0.155451 -0.004493 -0.179016 0.176063 -0.074413 0.286366 -0.170048 0.358079 0.301373 0.071364 0.164503 0.331039 0.152769 0.163551 0.077802 0.112728 -0.069701 0.197293 -0.077268 0.116394 0.040538 -0.200191 -0.055118 -0.310613 -0.253842 -0.161050 -0.356752 -0.098944 -0.276198 -0.077126 -0.085239 -0.148281 -0.106707 0.380422 0.212302 -0.042259 0.076815 0.146324 0.077055 -0.017458 0.065285 0.048723 0.035340 0.066258 0.123749 -0.210526 -0.056119 -0.320883 -0.263681 -0.189563 -0.235119 0.245729 0.124890 0.005477 0.219309 -0.158198 0.106607 0.039663 -0.165522 -0.242283 -0.153545 -0.298727 -0.269674 0.060390 0.022882 0.039712 0.016062
-0.417538 -0.491539 -0.212738 -0.189957 -0.006567 -0.054116 -0.142504 -0.165768 0.130028 -0.021737 -0.052940 -0.159696 0.512652 -0.030632 0.271784 -0.159660 0.087231 0.134034 -0.333903 -0.342870 0.066143 0.050509 -0.101601 0.058007 0.134633 0.103828 0.080870 -0.083334 1.000000 0.468435 0.147911 0.372525 -0.369753 -0.279689 -0.171256 -0.131665 0.464469 0.426916 0.324132 -0.018862 0.278194 0.286366 -0.265893 -0.422501 -0.242363 -0.383606 -0.098645 -0.230307 -0.186152 -0.246247 -0.522454 -0.252444 0.050704 -0.060623 0.333972 0.256134 -0.423480 -0.405494 -0.200908 -0.136149 -0.468060 -0.225318 -0.311829 -0.177406 -0.236753 -0.273318 -0.352207 -0.251416 -0.156083 -0.218767 0.435301 0.380490 0.650986 0.497861 0.257536 0.338385 -0.036764 0.122848 0.188516 -0.217778 0.545390 -0.040905 0.027933 0.187858 0.462094 -0.122391 -0.325230 -0.223234 0.163637 0.023688 0.371105 0.439639 0.359679 0.280261 0.397729 0.092808 0.312333 0.387189 0.318453 0.517618 -0.104671 0.032825 0.179451 0.034453 0.248100 0.189854 0.087788 0.135411 0.333291 -0.083007 0.249367 0.468508 0.208571 0.007890 0.095530 0.202554
-0.396774 -0.153747 -0.521532 0.168585 -0.588236 -0.240746 -0.457872 0.070572 -0.179014 0.053432 -0.425865 0.234461 0.535953 -0.203484 -0.004974 -0.238110 -0.125241 0.298178 -0.010370 0.050328 -0.139599 -0.088978 -0.370516 0.279052 -0.085459 0.435795 -0.382697 -0.257161 0.468435 1.000000 -0.064809 0.621012 0.137023 -0.041918 -0.190583 -0.028631 0.215836 0.330094 -0.082867 -0.373880 0.073619 0.150277 -0.168101 -0.518169 -0.077647 -0.072340 -0.312164 -0.454810 0.012501 0.027422 -0.608812 0.032595 -0.017472 0.101514 -0.316928 -0.024553 -0.201624 -0.139982 0.040143 0.016242 -0.009985 0.352119 -0.117041 0.152421 0.090558 0.214321 -0.313894 -0.068675 -0.040728 -0.086473 0.204736 -0.080746 0.202339 0.875906 -0.149328 0.462410 -0.168780 0.178932 0.103489 -0.052192 0.632235 0.148979 -0.346038 0.024421 0.655534 -0.438964 -0.568235 -0.395678 -0.296864 -0.215912 0.300459 0.218751 0.421500 -0.046260 0.370162 0.052058 -0.130235 0.218911 -0.028815 0.478997 0.060395 -0.072738 0.259783 -0.155730 0.168801 0.174591 0.151727 0.050485 0.348632 -0.098877 0.061864 0.177040 0.220737 -0.019712 0.157814 0.150197
-0.278601 -0.502797 0.345141 -0.029519 0.556843 -0.106221 0.486432 0.101868 0.537088 0.161417 0.339030 -0.289394 0.293864 0.330693 0.266406 0.158543 0.011904 -0.381900 -0.141256 -0.231091 0.465871 0.275950 0.644933 0.293440 0.603686 -0.089834 0.438928 -0.171097 0.147911 -0.064809 1.000000 0.157643 -0.369980 -0.355282 0.213990 0.307963 0.225793 -0.096002 0.169433 -0.182694 0.337753 0.136906 0.214188 0.320200 -0.132512 0.070664 0.260331 0.435361 -0.319213 -0.379413 0.153826 -0.348380 -0.336330 0.013937 0.102318 0.050855 -0.558088 -0.498797 -0.245374 -0.314392 -0.558099 -0.517491 -0.477140 -0.630050 -0.481889 -0.261176 -0.263295 -0.171913 0.049654 -0.231105 0.525164 0.057892 0.114178 -0.081375 -0.077967 -0.164374 -0.221708 -0.197506 0.090174 0.045411 -0.150329 0.023202 0.285362 -0.109074 -0.115995 0.113911 0.077037 0.047480 0.388579 0.169036 0.143670 -0.034245 -0.273903 -0.087521 0.316861 0.083025 0.305585 0.222258 0.206388 -0.070631 -0.027638 -0.267864 -0.303350 -0.437821 -0.075100 0.137904 -0.000530 0.241597 0.225780 0.138644 0.372135 0.313776 -0.263504 -0.266527 0.074506 0.114676
-0.177474 -0.249240 -0.384330 0.454409 -0.359219 -0.143430 -0.144829 0.351709 0.066645 0.324195 -0.372324 0.355095 0.609313 -0.210633 0.185883 -0.204534 -0.196238 0.137282 0.036313 0.198803 -0.184731 0.228663 -0.032800 0.741912 0.035386 0.710648 -0.291383 -0.166985 0.372525 0.621012 0.157643 1.000000 0.081788 -0.018244 -0.006556 0.232205 -0.041058 0.096602 -0.185634 -0.382894 0.064822 0.049023 -0.060599 -0.348125 -0.022777 0.011394 -0.171977 -0.242715 -0.150208 0.001230 -0.502285 -0.057922 -0.089214 0.258620 -0.332679 -0.082028 -0.196687 -0.323411 -0.060570 0.046712 -0.165955 0.282734 -0.086548 0.076017 0.024135 0.240848 -0.272765 -0.075653 0.217979 -0.029930 0.162265 0.134239 0.166817 0.668426 -0.147227 0.265057 -0.101268 0.129758 0.127023 -0.006179 0.406182 0.111081 -0.314242 -0.079647 0.343722 -0.367564 -0.422719 -0.390521 -0.365588 -0.079183 0.162940 0.269085 0.380335 0.068296 0.212993 -0.067903 -0.124473 0.055234 -0.160435 0.286521 0.081537 -0.166962 -0.005007 -0.145494 -0.100216 -0.124498 -0.071244 0.065766 0.066536 -0.004579 -0.011849 0.048230 0.115179 -0.107033 0.081911 -0.090832
0.391548 0.551174 0.037085 0.526506 -0.357183 -0.010924 0.024701 0.245013 -0.462453 0.047455 -0.316324 0.353093 -0.170083 -0.409608 -0.437607 -0.315462 -0.114545 0.191288 0.649500 0.587447 -0.406629 -0.192712 -0.211533 0.168414 -0.535970 0.124230 -0.342161 0.026768 -0.369753 0.137023 -0.369980 0.081788 1.000000 0.819453 0.099084 0.127556 -0.343764 -0.298434 -0.384148 -0.057269 -0.273923 -0.327802 0.058188 0.016106 0.181486 0.273099 -0.020161 -0.136516 -0.013276 0.256618 0.086888 0.297996 0.028120 0.356099 -0.495796 -0.271282 0.471774 0.324054 -0.149056 -0.168174 0.657530 0.598407 0.610827 0.513014 0.531267 0.424667 -0.116369 -0.149470 0.195838 0.066797 -0.234248 -0.547632 -0.358441 0.205735 -0.137612 0.223490 0.113030 0.110239 0.301009 0.387446 0.026363 0.295391 -0.399482 -0.490223 0.095251 -0.312926 -0.100745 -0.007045 -0.517304 -0.376358 -0.435966 -0.227109 0.042021 -0.191661 -0.427435 -0.237609 -0.613986 -0.495666 -0.387158 -0.119642 0.382611 0.138095 0.008913 0.133810 -0.312149 -0.027654 -0.071176 -0.452742 -0.318173 -0.008133 -0.592453 -0.611181 0.117904 0.263047 -0.013950 -0.182290
0.433862 0.378774 0.130470 0.360842 -0.192348 0.064563 0.002765 0.160912 -0.297046 0.139900 -0.370960 0.184645 -0.238784 -0.545839 -0.367452 -0.465483 -0.095292 0.268779 0.416323 0.415336 -0.257192 -0.277669 -0.263772 -0.045104 -0.383293 0.069001 -0.189182 -0.000038 -0.279689 -0.041918 -0.355282 -0.018244 0.819453 1.000000 0.207115 0.075902 -0.320455 -0.194427 -0.380227 -0.096839 -0.254391 -0.231588 0.129222 0.072274 0.378813 0.329632 0.037688 -0.090196 0.110782 0.364447 0.195832 0.314163 0.020627 0.235485 -0.493910 -0.279688 0.372400 0.152995 -0.181912 -0.107551 0.474678 0.532217 0.569627 0.555781 0.602199 0.449412 0.036476 0.066199 -0.042189 -0.144055 -0.278343 -0.368562 -0.267993 0.073059 -0.162193 0.170257 0.116489 0.110653 0.207525 0.198780 0.012070 0.144792 -0.345560 -0.434306 0.090510 -0.267902 -0.075305 -0.110320 -0.498772 -0.375416 -0.425225 -0.333029 0.005242 -0.239472 -0.479753 -0.248855 -0.528937 -0.458323 -0.267301 -0.166245 0.119319 0.064373 -0.061638 0.145012 -0.155391 -0.060401 0.059673 -0.472201 -0.329423 -0.183564 -0.547615 -0.578251 0.152489 0.127247 -0.255170 -0.129090
-0.082912 -0.092071 0.108335 -0.054640 0.175356 0.046265 0.225010 -0.054883 0.124005 0.052794 0.189311 -0.042370 -0.046538 -0.148472 -0.164319 -0.035134 -0.045315 0.049469 -0.089402 -0.258580 -0.069264 -0.015450 0.006681 -0.026570 0.091546 -0.144543 0.228468 -0.050301 -0.171256 -0.190583 0.213990 -0.006556 0.099084 0.207115 1.000000 0.782693 -0.121644 -0.085527 -0.285818 -0.130254 -0.272046 -0.034077 0.543043 0.447208 0.382199 0.394580 0.374157 0.285141 0.058006 0.153930 0.329932 0.087675 -0.015638 0.216754 -0.056239 -0.252875 -0.178348 -0.105355 -0.263087 -0.191349 -0.065686 -0.133780 0.041181 -0.016401 0.049206 -0.103142 0.176735 0.205053 0.153616 -0.140783 0.251200 0.117460 -0.013391 -0.079946 -0.146050 0.043751 0.330119 0.222835 0.025901 0.368105 -0.220132 0.291778 -0.043527 -0.172361 -0.103572 -0.004898 0.201622 0.071914 -0.067585 -0.170584 -0.366838 -0.304862 -0.241998 -0.170706 -0.150239 -0.342304 0.018732 -0.245202 -0.158138 -0.203182 0.220832 0.076955 -0.229161 0.063072 -0.362252 -0.237740 -0.021409 -0.019945 -0.193159 0.311407 0.289889 -0.142959 -0.082026 0.118239 0.071646 -0.289481
-0.126532 0.033844 -0.055592 0.174472 0.079321 0.072503 0.186758 0.125267 0.074399 0.055926 0.184946 0.093168 0.100587 -0.178929 -0.093987 -0.021873 -0.164125 0.100911 0.007315 -0.118447 -0.080622 0.130659 0.134720 0.319854 0.155919 0.089380 0.138922 0.008134 -0.131665 -0.028631 0.307963 0.232205 0.127556 0.075902 0.782693 1.000000 -0.170433 -0.178542 -0.357249 -0.236926 -0.248964 -0.094426 0.570100 0.361670 0.368527 0.501710 0.314107 0.215981 0.063569 0.175806 0.091910 0.123557 -0.160923 0.315411 -0.129272 -0.344535 -0.128171 -0.058813 -0.251436 -0.161067 0.043729 0.006130 0.043950 -0.017887 -0.003252 0.014017 0.055529 0.114952 0.247472 -0.117585 0.222356 0.081932 -0.084950 0.084910 -0.257486 0.124291 0.197349 0.139645 0.142361 0.461589 -0.160745 0.400523 -0.195168 -0.283939 -0.074421 -0.181383 0.063060 0.018528 -0.166326 -0.260707 -0.286536 -0.302760 -0.211855 -0.207014 -0.028803 -0.366740 -0.010688 -0.259060 -0.244590 -0.290158 0.334272 0.010195 -0.185804 -0.072380 -0.433638 -0.194116 -0.091666 0.088154 -0.202079 0.349982 0.245931 -0.156716 -0.125909 0.061729 0.194180 -0.343651
