1.000000 0.270944 -0.240883 0.065351 -0.311030 -0.030645 -0.426899 -0.010510 -0.230458 -0.112999 0.007176 0.119486 -0.183454 -0.073234 -0.104625 -0.067924 0.114760 0.062592 0.375764 -0.014803 -0.332667 -0.306049 -0.004777 0.014928 -0.169391 -0.044900 -0.064966 0.058298 -0.163990 -0.073335 -0.300518 -0.264227 -0.267761 -0.305520 -0.023627 -0.124006 -0.216832 -0.060796 -0.165124 0.087998 -0.088050 -0.129921 0.011340 0.114597 -0.064441 -0.138602 -0.040788 0.035807 -0.106306 -0.153178 -0.139783 -0.084237 -0.068862 -0.136212 0.062800 -0.019187 0.644356 0.153820 0.274524 0.099192 -0.088362 0.254412 -0.206816 0.200244 -0.140007 0.202869 -0.095130 -0.198234 0.124704 -0.153022 -0.076124 -0.080251 -0.096073 0.008704 0.037953 0.009312 0.199809 0.026255 0.216252 -0.065184 0.000973 0.026847 -0.039148 0.053091 0.081677 -0.227949 0.066133 0.168963 0.151601 0.157591 0.010069 -0.101462 0.136928 0.014083 0.069444 0.140709 0.062188 0.054298 -0.015953 0.332141 0.080644 0.061594 0.071847 0.168328 -0.099621 0.008296 0.265682 -0.154266 -0.010206 0.058244 -0.017066 -0.049737 -0.011737 0.207738 0.055094 -0.036359
0.270944 1.000000 -0.180317 0.095498 0.034970 -0.110190 -0.357322 -0.305593 -0.156638 -0.058674 -0.264584 -0.232970 -0.162402 -0.310624 -0.079811 -0.176744 -0.110910 -0.017974 0.624525 0.527242 -0.146963 -0.336677 -0.072252 0.021141 0.015927 -0.087350 0.129896 -0.037721 -0.453425 -0.165586 -0.170096 -0.324872 0.123342 0.135451 0.112344 0.138153 -0.437557 -0.261128 -0.069453 -0.186377 -0.035755 0.052921 -0.095419 -0.055578 -0.268680 -0.164667 -0.321911 -0.077775 -0.208558 -0.297736 -0.257773 -0.169274 0.159932 -0.065997 0.115152 -0.032138 0.248023 0.776484 0.005289 0.177827 -0.210070 -0.216248 -0.193467 0.078772 -0.037289 -0.104772 0.162229 0.104920 0.495898 0.220943 -0.318828 -0.301525 -0.269363 -0.030171 -0.110745 -0.085026 -0.187321 0.040119 -0.387780 -0.055513 -0.239677 -0.028714 -0.099058 -0.139923 -0.190496 -0.032513 0.098230 0.250945 0.200402 0.235668 0.259623 0.073101 0.173912 0.169268 0.015841 0.147474 0.001115 -0.109201 0.204583 -0.003383 0.264572 0.243162 0.272788 0.111098 0.110230 -0.235993 0.246187 -0.031741 -0.308248 -0.032685 0.204438 0.037616 0.059022 0.345771 -0.126562 -0.221342
-0.240883 -0.180317 1.000000 0.381563 0.164563 0.051746 0.753264 0.475546 -0.015982 -0.179960 0.242773 0.025887 0.022474 -0.130992 -0.039030 -0.206662 -0.381578 -0.499956 -0.020087 -0.179169 -0.135120 0.050100 0.486001 0.251753 0.277074 0.368209 0.133782 0.101636 -0.130049 -0.333139 0.396530 0.370414 0.282850 0.103098 0.154991 -0.102243 0.091453 -0.188548 -0.071888 -0.179000 -0.290030 -0.448920 -0.042919 -0.122089 -0.116819 -0.104446 -0.154922 -0.073274 0.289363 -0.023010 0.235394 0.052788 -0.061374 0.138780 -0.295184 -0.289994 -0.367518 -0.396109 -0.048379 -0.254026 0.159739 -0.199648 -0.122524 -0.457127 0.354628 0.238986 0.299351 0.180109 -0.059223 -0.077671 0.001699 -0.065267 -0.157601 -0.370598 -0.142406 -0.187641 0.088229 -0.150328 -0.198960 -0.227015 -0.371557 -0.465478 0.081915 -0.190400 0.257600 0.067668 0.089410 0.064986 0.062165 -0.009725 -0.116108 0.194812 -0.094432 0.079781 -0.280241 -0.229913 -0.278154 -0.202152 -0.506791 -0.312915 -0.224658 -0.212279 -0.395163 -0.334769 -0.328795 -0.114639 0.143407 0.361678 0.069602 -0.185116 -0.035864 -0.185662 -0.023068 -0.298700 -0.183558 -0.116084
0.065351 0.095498 0.381563 1.000000 0.112656 0.352798 0.050168 0.583180 -0.331577 -0.210869 -0.182134 -0.054536 -0.204101 -0.334648 -0.285852 -0.258708 -0.600154 -0.691894 0.302538 0.117681 -0.184851 0.133600 0.466116 0.687596 0.408625 0.556439 0.453627 0.332059 -0.578969 -0.658167 0.043165 0.027337 -0.081351 -0.097435 0.096847 0.298258 -0.244677 -0.282965 -0.123915 -0.217413 -0.417196 -0.284090 0.005422 -0.176200 -0.213688 -0.174871 -0.172771 -0.078150 0.051868 -0.165587 0.098766 -0.041532 0.206993 0.268608 0.030713 -0.138371 -0.189047 -0.372695 -0.053128 -0.095201 -0.265394 -0.142125 -0.479214 -0.533564 0.210133 0.471075 0.169477 0.382386 0.373863 0.241210 -0.397259 -0.197976 -0.533258 -0.444269 -0.455744 -0.352869 -0.444696 -0.321455 -0.352448 -0.472347 -0.653325 -0.687708 -0.079039 -0.092737 0.179041 0.188037 0.453770 0.409588 0.426101 0.402483 0.411569 0.282101 0.456152 0.252352 -0.312171 -0.266160 -0.228802 -0.326802 -0.189117 -0.127008 0.066145 -0.027903 -0.210103 -0.075871 -0.031249 -0.214735 0.334207 0.110717 -0.050877 -0.201273 0.084473 0.066788 0.208742 0.069708 -0.154675 -0.312552
-0.311030 0.034970 0.164563 0.112656 1.000000 0.600143 0.222434 -0.070823 0.655157 0.612699 -0.070152 -0.064604 0.028204 0.009888 0.593303 0.496584 -0.167954 -0.197916 0.011173 0.267139 0.319065 -0.019863 0.208140 0.232349 0.143119 -0.101912 0.172700 0.467834 -0.108278 -0.107319 -0.123839 -0.140522 0.028266 -0.000880 0.157155 0.154371 0.068529 0.039857 0.193264 -0.062326 0.127397 0.368305 -0.269219 -0.349387 -0.184685 -0.171201 -0.209144 -0.056547 -0.090622 -0.181701 -0.083966 -0.250276 0.193221 0.183957 0.205276 0.070226 -0.275857 -0.000937 -0.044297 -0.000345 -0.007822 -0.161037 -0.254430 -0.278308 0.103383 -0.107940 -0.093240 0.017254 0.074308 0.180216 0.064131 -0.176950 -0.055738 -0.038569 -0.015946 0.042652 -0.033160 -0.118574 -0.294947 -0.156064 -0.228483 -0.242743 0.397357 0.194026 -0.196549 0.096761 -0.225854 -0.202758 0.247867 0.093998 0.008955 0.085574 -0.033065 0.130024 0.051716 0.014228 -0.130500 -0.128606 -0.041780 -0.160983 -0.032817 -0.150875 -0.049227 -0.063625 -0.157739 -0.242249 -0.036695 0.035763 -0.030147 0.002270 0.040463 -0.116022 0.176514 -0.032712 -0.197710 -0.322097
-0.030645 -0.110190 0.051746 0.352798 0.600143 1.000000 0.007225 0.216286 0.230097 0.299209 -0.037118 0.236401 0.036070 0.230956 0.306208 0.260479 -0.107540 -0.195195 -0.119030 0.058008 0.301012 0.249909 0.148109 0.392627 0.352020 0.263625 0.403771 0.770201 -0.113323 -0.100846 -0.172837 -0.218813 -0.108102 -0.137122 0.173145 0.421698 0.079628 0.120102 0.221245 0.164304 0.191361 0.265778 -0.356116 -0.396725 -0.152176 -0.197147 -0.139471 -0.105827 -0.207181 -0.313637 -0.079804 -0.267960 0.239457 0.074681 0.271318 0.086910 -0.142362 -0.304577 0.090639 -0.068880 -0.062510 0.077205 -0.378172 -0.400005 -0.103347 0.159677 -0.081929 0.150353 0.054071 0.115858 -0.002926 -0.039299 0.018233 0.015373 0.058391 0.094318 -0.048896 -0.001701 -0.142123 -0.188748 -0.162027 -0.317716 0.400944 0.355934 0.043126 0.164769 0.139065 0.228677 0.426639 0.350102 0.068173 -0.082024 0.107387 -0.054809 0.093363 0.077837 0.055793 -0.041293 -0.018353 -0.033863 -0.018206 -0.227491 -0.177413 -0.099034 -0.174581 -0.301239 -0.002437 -0.038801 0.084520 0.058295 0.166324 -0.130831 0.221161 -0.026345 -0.094184 -0.228087
-0.426899 -0.357322 0.753264 0.050168 0.222434 0.007225 1.000000 0.463447 0.238397 0.049932 0.371801 0.131023 0.330193 0.176879 0.124162 0.072440 -0.052134 -0.105577 -0.256081 -0.193972 0.093261 0.018883 0.145172 -0.108990 0.099873 0.023482 -0.020832 -0.064470 0.331421 0.132452 0.474202 0.415567 0.496930 0.297673 -0.024302 -0.232848 0.211201 -0.040660 -0.017099 -0.068058 0.016333 -0.194140 -0.156278 -0.123578 -0.026960 -0.089725 -0.051056 -0.095714 0.221602 0.027487 0.089607 0.016109 -0.189440 -0.076506 -0.291385 -0.294026 -0.504536 -0.348484 -0.108563 -0.232044 0.412270 -0.044769 0.261195 -0.222141 0.275742 0.033187 0.123596 -0.085022 -0.315687 -0.261812 0.351933 0.167779 0.250642 0.021269 0.189202 0.182055 0.319483 0.095957 0.032974 0.167729 0.028591 -0.109695 0.226454 0.009802 0.158114 -0.123867 -0.152219 -0.208359 -0.106413 -0.256858 -0.291307 -0.028784 -0.371471 -0.139686 -0.011008 -0.020268 -0.240895 -0.143854 -0.451188 -0.443726 -0.235785 -0.187324 -0.358950 -0.435330 -0.377250 -0.163537 -0.055981 0.207355 0.166959 -0.037342 -0.127916 -0.297514 -0.176642 -0.319599 -0.156007 -0.028596
-0.010510 -0.305593 0.475546 0.583180 -0.070823 0.216286 0.463447 1.000000 -0.107432 -0.069863 0.048117 0.310723 -0.011465 0.067865 -0.180243 0.018438 -0.267070 -0.406265 -0.054210 -0.139501 -0.045108 0.209572 0.079989 0.234344 0.249338 0.451493 0.098651 0.035013 -0.051918 -0.148588 0.345186 0.442928 0.142304 0.136932 0.100320 0.048298 -0.178851 -0.283665 -0.213425 -0.132848 -0.325997 -0.231579 -0.006593 -0.019295 0.004178 -0.115694 -0.019613 -0.153102 0.031119 -0.142526 0.048739 -0.078258 -0.062605 0.049275 -0.324922 -0.456385 -0.311800 -0.572952 -0.126839 -0.215447 0.094435 0.210217 -0.163236 -0.316037 0.150757 0.441292 0.159085 0.218474 -0.159656 -0.089808 0.129553 0.205929 -0.122370 -0.098656 -0.036064 0.134778 -0.039048 0.059999 0.081431 -0.075784 -0.236578 -0.388696 -0.055228 0.147512 0.182343 -0.201590 0.071667 0.050130 -0.006508 -0.147012 0.114338 0.004022 0.144594 -0.045930 -0.223990 -0.148839 -0.287028 -0.380688 -0.347176 -0.266332 -0.105753 -0.148863 -0.290282 -0.265826 -0.328718 -0.231934 0.161924 0.097317 -0.092451 -0.184910 -0.082729 -0.133026 0.021933 -0.254008 -0.079575 -0.227896
-0.230458 -0.156638 -0.015982 -0.331577 0.655157 0.230097 0.238397 -0.107432 1.000000 0.900356 0.031374 0.034086 0.208168 0.281583 0.830189 0.847669 0.027313 0.109736 -0.167340 0.213362 0.233692 -0.126254 -0.174391 -0.148908 -0.446090 -0.409994 -0.532409 0.032553 0.150205 0.243407 -0.192357 0.004816 0.092921 0.160077 0.044372 -0.087111 -0.030585 -0.036950 -0.000433 -0.007893 0.108535 0.467440 -0.296609 -0.191237 0.141633 0.034750 -0.064401 -0.090083 -0.046495 -0.039451 -0.117704 -0.201039 0.061913 0.002815 0.014217 -0.067016 -0.286171 0.018610 0.074527 0.127188 0.142482 0.073777 0.012308 0.011038 -0.021363 -0.172757 -0.052925 -0.070708 -0.152079 0.082706 0.235015 -0.153062 0.174254 0.150631 0.231451 0.102984 0.122965 0.034338 0.031529 0.196096 0.096105 0.125695 0.230212 0.213853 -0.228941 -0.136288 -0.704203 -0.629966 -0.056726 -0.230569 -0.300098 -0.088564 -0.300496 -0.053033 0.112045 0.075489 -0.135067 -0.048367 -0.097374 -0.303867 -0.194846 -0.170351 0.021715 -0.094055 -0.201283 -0.128548 -0.124229 0.044118 -0.080892 -0.005472 -0.208700 -0.169017 0.031711 -0.215125 -0.136294 -0.166595
-0.112999 -0.058674 -0.179960 -0.210869 0.612699 0.299209 0.049932 -0.069863 0.900356 1.000000 -0.127609 0.020122 0.140147 0.225323 0.769842 0.905763 0.012163 0.095157 -0.075104 0.263311 0.261963 -0.046141 -0.217175 -0.049417 -0.435105 -0.306686 -0.491600 0.117441 0.028748 0.191339 -0.303240 -0.090096 0.059323 0.129027 0.080640 0.056130 -0.170317 -0.044177 -0.020124 0.004087 0.047476 0.538511 -0.274000 -0.194884 0.155121 0.068838 -0.048002 -0.128499 -0.108799 -0.085576 -0.130358 -0.228307 0.074342 0.001263 0.060769 0.010381 -0.219035 0.055431 0.011791 0.104782 -0.008411 0.054943 -0.084124 -0.016304 -0.077346 -0.129507 -0.110155 -0.011407 -0.058804 0.106704 0.217152 -0.129172 0.104181 0.182179 0.226948 0.109784 0.039120 0.058047 0.017225 0.160597 0.038697 0.098602 0.196784 0.260887 -0.272250 -0.093449 -0.667988 -0.547184 -0.005050 -0.117933 -0.212841 -0.117302 -0.188371 -0.084220 0.122502 0.123233 -0.080606 -0.029778 -0.009635 -0.236273 -0.159868 -0.153003 0.048731 -0.056937 -0.164754 -0.130011 -0.072064 -0.059017 -0.136021 0.096090 -0.159332 -0.130642 0.030739 -0.130744 -0.105448 -0.183082
0.007176 -0.264584 0.242773 -0.182134 -0.070152 -0.037118 0.371801 0.048117 0.031374 -0.127609 1.000000 0.551033 0.694784 0.562384 0.159643 -0.030470 0.186778 0.121872 -0.285105 -0.328923 -0.121290 -0.058595 0.030936 -0.296658 0.039181 0.024406 -0.068947 0.151109 0.215278 0.058453 -0.028828 -0.050077 -0.062280 -0.252495 0.055282 -0.251907 0.156986 0.053797 -0.117692 0.001179 0.054869 -0.293129 -0.128791 0.067319 -0.208688 -0.230029 -0.068364 -0.077572 0.188603 -0.045828 0.051363 0.164216 -0.043859 -0.078979 0.081975 0.051707 0.004129 -0.207960 0.244957 -0.010102 0.615750 0.348945 0.392589 0.193140 -0.003024 0.338255 -0.107122 -0.278559 -0.312881 -0.293823 0.097833 0.015392 0.142127 -0.096382 0.174141 0.058616 0.309737 -0.039734 0.224499 0.153038 0.164389 0.101132 0.144086 0.003379 0.373741 0.035994 -0.122706 -0.066724 -0.062424 0.096368 -0.374086 -0.233141 -0.307242 -0.160678 -0.006979 -0.015554 0.027817 0.193287 -0.475161 -0.081029 -0.246259 -0.235568 -0.427432 -0.292461 -0.225395 0.042693 -0.181381 0.114079 0.021011 -0.007949 -0.002543 -0.320507 -0.135332 -0.186252 0.176833 0.006179
0.119486 -0.232970 0.025887 -0.054536 -0.064604 0.236401 0.131023 0.310723 0.034086 0.020122 0.551033 1.000000 0.381323 0.745235 0.226365 0.209910 0.078162 0.081017 -0.426409 -0.302309 -0.003497 0.053342 -0.100747 -0.094416 0.017631 0.180968 -0.102263 0.208246 0.137791 0.144359 0.038375 0.133310 0.183410 0.039243 0.194395 0.141695 -0.058556 -0.007276 -0.270053 0.050124 0.090108 -0.014835 -0.224432 0.003611 0.006244 -0.143189 0.015474 -0.222745 0.088632 -0.233556 0.038117 -0.067218 -0.115371 -0.272424 -0.012330 -0.112194 -0.127300 -0.348877 -0.105143 -0.301655 0.413201 0.545839 -0.060788 -0.021444 -0.037597 0.559661 -0.207817 -0.000381 -0.465730 -0.283002 0.213954 0.180738 0.072541 0.107229 0.287646 0.282242 0.228115 0.228660 0.188532 0.141229 0.019377 0.037458 0.054989 0.535154 0.236247 0.048730 -0.206381 -0.007000 -0.272884 -0.030615 -0.234065 -0.421142 -0.007267 -0.311564 0.027199 0.051287 -0.060203 0.121580 -0.211685 -0.040719 -0.253375 -0.356651 -0.415763 -0.356958 -0.222980 0.060601 -0.248750 -0.023087 -0.156235 0.049580 0.032078 -0.311728 0.093898 -0.164096 0.186666 0.056468
-0.183454 -0.162402 0.022474 -0.204101 0.028204 0.036070 0.330193 -0.011465 0.208168 0.140147 0.694784 0.381323 1.000000 0.601651 0.338028 0.227193 0.094354 0.119187 -0.266491 -0.142785 0.050651 -0.012157 -0.166964 -0.302108 -0.055718 -0.051198 -0.112994 0.096537 0.237463 0.194349 -0.040820 -0.092838 0.048731 -0.108168 0.031255 -0.043289 0.147557 0.099092 -0.029081 0.089368 0.192114 -0.013303 -0.205549 -0.096737 -0.155643 -0.216781 0.029322 -0.062537 0.177033 -0.121325 0.011058 0.052457 0.061836 -0.096246 0.213618 0.149025 -0.280195 -0.081814 0.167897 0.033828 0.493598 0.197113 0.344598 0.051199 -0.137536 0.184897 -0.086266 -0.157099 -0.211520 -0.179579 0.046511 0.099965 0.233601 0.119507 0.216385 0.184705 0.145173 0.068699 0.057391 0.314283 0.200110 0.155602 0.193872 0.170495 0.263256 0.113937 -0.244398 -0.051290 -0.023027 0.079264 -0.292780 -0.227739 -0.266571 -0.130340 0.066176 0.017734 0.150291 0.141823 -0.215921 -0.186473 -0.098098 -0.077502 -0.234054 -0.223952 -0.121981 0.006418 -0.246178 0.081374 0.087371 -0.061554 0.063469 -0.274372 -0.092490 -0.085060 0.066490 0.036682
-0.073234 -0.310624 -0.130992 -0.334648 0.009888 0.230956 0.176879 0.067865 0.281583 0.225323 0.562384 0.745235 0.601651 1.000000 0.334982 0.411386 0.337183 0.324977 -0.500210 -0.223296 0.143048 0.080207 -0.355956 -0.364980 -0.131704 -0.018614 -0.226796 0.177835 0.339446 0.401830 -0.053922 0.048504 0.119225 0.058748 0.108217 -0.015376 0.057363 0.044362 -0.142123 0.106505 0.254017 0.188819 -0.200882 0.007942 0.142328 -0.067948 0.164495 -0.117383 0.168376 -0.080819 0.001924 -0.043056 0.136816 -0.181137 0.078184 0.026556 -0.141455 -0.160834 0.138448 0.026749 0.479270 0.551286 0.258297 0.179475 -0.257997 0.168608 -0.167310 -0.137293 -0.459043 -0.224787 0.253619 0.065578 0.298762 0.232762 0.313875 0.250214 0.186828 0.137279 0.261224 0.359496 0.342155 0.338824 0.078685 0.443782 0.084652 -0.001078 -0.398679 -0.168443 -0.299510 -0.082041 -0.394492 -0.475579 -0.344090 -0.380061 0.146898 0.063123 -0.019426 0.102549 -0.204452 -0.161740 -0.274476 -0.299631 -0.329832 -0.321714 -0.324071 -0.078437 -0.440374 -0.167365 -0.106511 -0.017734 -0.082022 -0.276348 -0.100931 -0.240607 0.039898 0.043044
-0.104625 -0.079811 -0.039030 -0.285852 0.593303 0.306208 0.124162 -0.180243 0.830189 0.769842 0.159643 0.226365 0.338028 0.334982 1.000000 0.777260 -0.101185 0.075566 -0.220681 0.101948 0.039990 -0.246315 0.049832 -0.012485 -0.440192 -0.286050 -0.469505 0.233327 0.020103 0.094829 -0.297719 -0.097027 0.064299 0.004701 0.124848 -0.014837 -0.058890 -0.028833 -0.053632 0.058269 0.131053 0.369686 -0.395692 -0.213495 0.122185 -0.030164 -0.093409 -0.133560 0.038955 -0.083362 -0.012137 -0.105490 0.046010 -0.021902 0.187797 0.089646 -0.268650 -0.008621 0.009737 -0.071778 0.145673 0.026345 -0.109202 -0.105811 0.100422 0.031971 -0.168001 -0.091395 -0.111789 -0.011551 0.123610 -0.172677 0.056041 0.082502 0.270943 0.101312 0.170594 0.053630 -0.047292 0.130136 -0.040261 0.045348 0.424466 0.443126 0.053736 0.151608 -0.584085 -0.381254 0.051162 -0.000620 -0.371628 -0.209804 -0.263050 -0.131965 0.228746 0.210831 0.009561 0.111068 -0.109199 -0.218512 -0.302160 -0.310402 -0.137567 -0.179769 -0.131671 -0.042044 -0.142197 -0.006266 0.025098 0.190754 -0.112342 -0.361918 0.088340 -0.114791 0.060458 -0.078456
-0.067924 -0.176744 -0.206662 -0.258708 0.496584 0.260479 0.072440 0.018438 0.847669 0.905763 -0.030470 0.209910 0.227193 0.411386 0.777260 1.000000 0.042916 0.122393 -0.224969 0.138991 0.279496 0.017617 -0.194694 -0.064212 -0.465207 -0.212692 -0.574261 0.125697 0.134451 0.289882 -0.185288 0.090872 0.088516 0.120660 0.042411 -0.007432 -0.189212 -0.083802 -0.142646 0.002639 0.031763 0.505127 -0.228256 -0.133517 0.248273 0.083841 0.073113 -0.085962 0.002544 -0.050930 -0.065567 -0.233925 0.085091 -0.040077 0.014519 -0.041256 -0.246946 -0.038586 -0.006210 0.051368 0.138945 0.262096 0.010112 0.078511 -0.020186 -0.035280 -0.182835 -0.070090 -0.210897 -0.000376 0.304220 -0.063102 0.145787 0.234985 0.287578 0.228244 0.057929 0.070703 0.120631 0.191483 0.108856 0.133990 0.172349 0.466385 -0.096010 -0.110800 -0.721684 -0.605562 -0.143948 -0.213381 -0.354975 -0.311725 -0.268662 -0.242194 0.117270 0.048887 -0.109594 -0.084837 -0.112972 -0.318821 -0.244399 -0.231214 -0.061135 -0.192013 -0.229206 -0.132983 -0.252943 -0.150600 -0.087946 0.092642 -0.225612 -0.262633 -0.045378 -0.210933 -0.057969 -0.088438
0.114760 -0.110910 -0.381578 -0.600154 -0.167954 -0.107540 -0.052134 -0.267070 0.027313 0.012163 0.186778 0.078162 0.094354 0.337183 -0.101185 0.042916 1.000000 0.739068 -0.302803 -0.262634 0.260170 0.075595 -0.478621 -0.549900 -0.064560 -0.347697 -0.065880 -0.153388 0.705851 0.706389 0.030846 -0.104104 0.051240 0.037602 -0.145971 -0.216886 0.268566 0.342893 0.209847 0.239796 0.526449 0.295469 0.090449 0.232050 0.137189 0.158092 0.231846 0.074274 -0.135488 0.173201 -0.143145 -0.033416 -0.201245 -0.267629 -0.096335 0.101467 0.490415 0.346001 0.017836 0.035006 0.216906 0.248614 0.539150 0.616466 -0.337107 -0.385049 -0.270581 -0.460775 -0.412980 -0.396517 0.523239 0.258682 0.690239 0.555527 0.514145 0.456886 0.453254 0.312246 0.635944 0.562173 0.813075 0.734508 0.067757 0.073205 -0.216049 -0.278366 -0.135681 -0.221823 -0.348451 -0.297181 -0.353043 -0.445785 -0.453347 -0.362956 0.338272 0.285398 0.125063 0.188703 0.070756 0.126465 0.009839 0.078694 0.140887 0.056813 -0.074817 -0.029106 -0.206290 -0.204682 -0.065972 0.224807 -0.213467 -0.129019 -0.487494 0.078599 0.141632 0.061239
0.062592 -0.017974 -0.499956 -0.691894 -0.197916 -0.195195 -0.105577 -0.406265 0.109736 0.095157 0.121872 0.081017 0.119187 0.324977 0.075566 0.122393 0.739068 1.000000 -0.327896 -0.137558 0.201843 -0.043187 -0.468605 -0.505472 -0.304890 -0.543368 -0.234007 -0.268933 0.608710 0.767888 -0.028045 -0.081475 0.047008 0.104459 -0.221742 -0.236149 0.136636 0.269988 0.116162 0.266387 0.477682 0.291370 -0.003350 0.187216 0.254617 0.202382 0.157183 -0.034129 -0.173453 0.119867 -0.155812 -0.027523 -0.277672 -0.385890 -0.069048 0.060003 0.294770 0.377093 -0.076325 0.080941 0.078462 0.216940 0.464155 0.557458 -0.174069 -0.417639 -0.306513 -0.393994 -0.291820 -0.311776 0.460700 0.297529 0.607376 0.627020 0.543994 0.424362 0.428104 0.433445 0.448693 0.649092 0.689171 0.826692 0.225162 0.248873 -0.151405 -0.208181 -0.182192 -0.221599 -0.300719 -0.287569 -0.367053 -0.425868 -0.478298 -0.356507 0.434464 0.441012 0.194785 0.229342 0.143935 0.020770 0.007454 0.110373 0.172197 0.024415 0.008100 0.011687 -0.153181 -0.371042 0.033503 0.284076 -0.292220 -0.112300 -0.405332 0.128921 0.052725 0.093067
0.375764 0.624525 -0.020087 0.302538 0.011173 -0.119030 -0.256081 -0.054210 -0.167340 -0.075104 -0.285105 -0.426409 -0.266491 -0.500210 -0.220681 -0.224969 -0.302803 -0.327896 1.000000 0.614921 -0.145701 -0.255908 -0.113426 0.006214 -0.012176 -0.102685 0.140725 -0.129711 -0.480067 -0.343613 -0.246090 -0.275526 -0.038585 0.047861 -0.110942 -0.053365 -0.327913 -0.256896 -0.052665 -0.132452 -0.285538 -0.086965 -0.108762 -0.203146 -0.356033 -0.251309 -0.249408 0.025874 -0.230374 -0.179781 -0.398819 -0.165200 0.260016 0.255602 0.033461 -0.096926 0.240339 0.415883 0.303975 0.345337 -0.284331 -0.323302 -0.232145 -0.003113 -0.179421 -0.161049 0.437805 0.182174 0.627112 0.446211 -0.416949 -0.241113 -0.350760 -0.246809 -0.308007 -0.272430 -0.216088 -0.257759 -0.438823 -0.397066 -0.339525 -0.309662 -0.194730 -0.344086 -0.313868 -0.206897 0.129160 0.182186 0.331740 0.152619 0.508719 0.467221 0.329616 0.382635 0.000769 0.031671 -0.096978 -0.171135 0.141156 0.126017 0.306802 0.288586 0.320546 0.318035 0.021218 -0.176144 0.454939 -0.022099 -0.113259 -0.182739 0.141133 0.304210 0.313172 0.221301 -0.278581 -0.195348
-0.014803 0.527242 -0.179169 0.117681 0.267139 0.058008 -0.193972 -0.139501 0.213362 0.263311 -0.328923 -0.302309 -0.142785 -0.223296 0.101948 0.138991 -0.262634 -0.137558 0.614921 1.000000 0.008427 -0.201430 -0.252870 0.044970 -0.251781 -0.251008 -0.095510 -0.133967 -0.364056 -0.153634 -0.324443 -0.180799 0.083553 0.315704 -0.099056 0.124509 -0.369084 -0.316230 -0.214389 -0.319668 -0.251151 0.217213 -0.260801 -0.353057 -0.273035 -0.280122 -0.400411 -0.152636 -0.209930 -0.216867 -0.359533 -0.197770 0.414118 0.300241 -0.043843 -0.286718 -0.171967 0.390035 0.098455 0.297140 -0.388132 -0.333802 -0.212167 -0.199481 -0.234078 -0.233866 0.458042 0.420291 0.615688 0.726746 -0.398156 -0.206355 -0.321474 -0.135700 -0.194497 -0.136588 -0.290100 -0.179048 -0.472000 -0.247914 -0.221570 -0.158053 -0.216452 -0.096478 -0.386084 -0.195956 -0.178742 -0.107584 0.248615 0.016991 0.489453 0.508265 0.276005 0.273822 -0.036751 -0.065280 -0.320416 -0.402993 0.133195 -0.098763 0.130799 0.122799 0.267879 0.183203 -0.044237 -0.367091 0.179705 -0.125656 -0.193969 -0.227738 0.066804 0.426423 0.445233 0.034547 -0.366431 -0.250104
-0.332667 -0.146963 -0.135120 -0.184851 0.319065 0.301012 0.093261 -0.045108 0.233692 0.261963 -0.121290 -0.003497 0.050651 0.143048 0.039990 0.279496 0.260170 0.201843 -0.145701 0.008427 1.000000 0.592927 -0.237883 -0.162441 0.262118 -0.163225 0.212667 0.082190 0.474882 0.542310 0.384935 0.235315 0.146200 0.123337 -0.238388 -0.005930 0.317416 0.536818 0.538692 0.376754 0.418603 0.519841 -0.293105 -0.340288 -0.152856 -0.080140 0.029660 -0.242268 -0.470295 -0.174149 -0.384426 -0.467982 -0.168537 -0.275310 0.171268 0.220712 -0.121324 0.049265 -0.116366 0.047577 0.100016 0.053444 0.213867 0.218467 -0.098621 -0.350564 -0.183268 -0.108399 -0.133794 -0.039802 0.500098 0.376025 0.528492 0.542690 0.318979 0.510717 0.155407 0.241841 0.032671 0.128995 0.190091 0.111389 0.200213 0.234936 -0.311281 -0.211499 -0.015542 -0.124098 -0.078170 -0.066333 -0.132939 -0.155646 -0.122482 -0.032400 0.359542 0.234750 0.159063 0.127115 0.207122 -0.104322 0.224999 0.237093 0.228701 0.126411 0.012719 -0.007436 -0.298720 -0.170836 0.062021 0.150275 -0.124947 -0.053726 -0.058860 0.112208 -0.016186 0.108505
-0.306049 -0.336677 0.050100 0.133600 -0.019863 0.249909 0.018883 0.209572 -0.126254 -0.046141 -0.058595 0.053342 -0.012157 0.080207 -0.246315 0.017617 0.075595 -0.043187 -0.255908 -0.201430 0.592927 1.000000 0.016170 0.116647 0.363616 0.372308 0.209970 0.221451 0.277145 0.157578 0.417175 0.378178 -0.040893 -0.010160 -0.058461 0.147349 0.225684 0.238562 0.256262 0.312576 -0.024861 -0.001003 0.017534 -0.165117 0.042431 0.116995 -0.013343 -0.261642 -0.193375 -0.000105 0.009809 -0.122550 -0.135124 -0.030917 -0.016461 0.034661 -0.151003 -0.277762 -0.132948 -0.070189 0.016183 0.125821 0.071680 -0.003888 -0.010498 -0.002995 -0.058977 0.156188 -0.182435 -0.023918 0.247839 0.152406 0.223369 0.120090 0.001576 0.126020 -0.105573 -0.004309 0.170489 -0.008037 0.099654 -0.066199 0.004821 0.070134 0.062206 -0.013052 0.199102 -0.071409 -0.095102 0.000661 -0.080127 -0.185257 -0.025349 -0.174657 0.062352 -0.088302 0.098753 0.078818 -0.109797 -0.133072 -0.050078 -0.061018 -0.174151 -0.132655 -0.014982 0.011680 -0.283235 -0.096422 0.051087 0.105578 -0.114662 -0.007078 -0.221872 -0.226988 0.038213 0.108104
-0.004777 -0.072252 0.486001 0.466116 0.208140 0.148109 0.145172 0.079989 -0.174391 -0.217175 0.030936 -0.100747 -0.166964 -0.355956 0.049832 -0.194694 -0.478621 -0.468605 -0.113426 -0.252870 -0.237883 0.016170 1.000000 0.728134 0.257654 0.387325 0.307496 0.401152 -0.368336 -0.540233 0.121649 0.115112 -0.132688 -0.304045 0.094327 0.004889 0.049994 0.048989 0.009622 -0.099796 -0.280290 -0.285828 0.135270 -0.046275 -0.054430 -0.046230 -0.076897 0.003476 0.312089 0.110553 0.458300 0.131241 -0.101560 0.107978 0.097276 0.141938 -0.144735 -0.315872 -0.231398 -0.371760 -0.081396 -0.229864 -0.302523 -0.376626 0.622973 0.321174 -0.243427 -0.040753 0.074679 -0.176512 -0.198274 -0.207526 -0.391829 -0.380936 -0.275938 -0.221434 -0.072666 -0.238016 -0.209449 -0.411782 -0.525289 -0.508516 0.223847 0.031234 0.458761 0.359224 0.389994 0.269322 0.331987 0.407936 0.000259 0.125666 0.178128 0.205839 -0.202632 -0.169733 -0.038551 -0.036227 -0.166788 0.025825 -0.057590 -0.091825 -0.248690 -0.123540 0.113869 0.134331 0.100883 0.220775 0.165514 0.174639 0.023128 -0.178723 0.011823 0.047254 0.103755 0.027011
0.014928 0.021141 0.251753 0.687596 0.232349 0.392627 -0.108990 0.234344 -0.148908 -0.049417 -0.296658 -0.094416 -0.302108 -0.364980 -0.012485 -0.064212 -0.549900 -0.505472 0.006214 0.044970 -0.162441 0.116647 0.728134 1.000000 0.216978 0.465143 0.314441 0.434697 -0.543431 -0.550033 -0.034402 0.040998 -0.201421 -0.197970 0.164393 0.438012 -0.191954 -0.094696 -0.107620 -0.166934 -0.374837 -0.078183 0.080113 -0.140912 -0.029745 -0.044243 -0.085491 -0.011554 0.128201 -0.117749 0.312541 -0.048099 0.120235 0.175093 0.069999 -0.017974 -0.233435 -0.369994 -0.306034 -0.326470 -0.451854 -0.245111 -0.535722 -0.562892 0.381906 0.355979 -0.075167 0.388151 0.239305 0.178891 -0.336992 -0.129118 -0.505284 -0.333804 -0.319102 -0.253409 -0.355747 -0.196408 -0.367225 -0.489789 -0.640275 -0.600982 0.009421 0.113071 0.281928 0.422336 0.373807 0.344173 0.437988 0.415237 0.272023 0.256468 0.413882 0.170272 -0.347208 -0.278374 -0.121718 -0.228960 0.004246 -0.052040 -0.032140 -0.130657 -0.168147 -0.113342 0.177091 -0.059317 0.180282 0.114435 0.042314 -0.023261 0.094854 0.057325 0.239192 0.092192 -0.065141 -0.135316
-0.169391 0.015927 0.277074 0.408625 0.143119 0.352020 0.099873 0.249338 -0.446090 -0.435105 0.039181 0.017631 -0.055718 -0.131704 -0.440192 -0.465207 -0.064560 -0.304890 -0.012176 -0.251781 0.262118 0.363616 0.257654 0.216978 1.000000 0.529663 0.824881 0.365736 -0.042626 -0.187744 0.404211 0.026485 -0.048515 -0.171352 0.204407 0.268333 0.180773 0.194966 0.333975 0.029419 0.123689 -0.114350 0.035743 -0.131980 -0.311765 -0.201564 -0.013089 -0.098288 -0.129800 -0.234370 0.071858 -0.135235 0.097532 0.032357 0.249290 0.183735 -0.021433 -0.155326 -0.092161 -0.125053 0.038338 -0.085728 -0.090653 -0.162208 0.096913 0.111781 -0.057992 0.011971 -0.042871 -0.152186 0.071019 0.154032 -0.012804 -0.020526 -0.168106 0.084917 -0.091652 0.029747 -0.121647 -0.192647 -0.160561 -0.309309 0.021077 -0.120808 0.196937 0.180780 0.565171 0.450383 0.179041 0.291456 0.158569 0.014618 0.241650 0.214948 -0.059105 -0.025575 0.079211 -0.081452 0.035834 0.059710 0.291808 0.197987 -0.052546 0.023420 0.031256 -0.090260 -0.044181 0.006642 0.044619 -0.030682 0.263400 -0.166899 -0.096896 0.160994 0.084079 -0.099232
-0.044900 -0.087350 0.368209 0.556439 -0.101912 0.263625 0.023482 0.451493 -0.409994 -0.306686 0.024406 0.180968 -0.051198 -0.018614 -0.286050 -0.212692 -0.347697 -0.543368 -0.102685 -0.251008 -0.163225 0.372308 0.387325 0.465143 0.529663 1.000000 0.310381 0.450901 -0.410850 -0.477704 0.199353 0.228913 -0.050390 -0.083031 0.360788 0.416176 -0.257531 -0.326728 -0.244074 -0.213835 -0.394896 -0.347213 0.219974 0.124725 0.086246 0.131096 0.162131 0.144192 0.208829 -0.066368 0.361891 0.104515 0.263100 0.317708 -0.097496 -0.066374 -0.088773 -0.386978 -0.035164 -0.218504 -0.063065 -0.029368 -0.243571 -0.311125 0.152067 0.433811 0.135393 0.347233 0.012399 0.004617 -0.228290 -0.121855 -0.344441 -0.332913 -0.203209 -0.229408 -0.316364 -0.177655 -0.104842 -0.361291 -0.335008 -0.445360 -0.205684 -0.034709 0.422138 0.383096 0.266527 0.287363 -0.026168 0.206477 -0.007642 -0.119932 0.117786 -0.177038 -0.391367 -0.359592 -0.066791 -0.193578 -0.276790 -0.096653 -0.274159 -0.326110 -0.436905 -0.371270 -0.143506 -0.121890 -0.094775 0.123995 0.006544 -0.074268 0.250695 -0.121748 -0.056334 -0.202139 0.139413 0.047152
-0.064966 0.129896 0.133782 0.453627 0.172700 0.403771 -0.020832 0.098651 -0.532409 -0.491600 -0.068947 -0.102263 -0.112994 -0.226796 -0.469505 -0.574261 -0.065880 -0.234007 0.140725 -0.095510 0.212667 0.209970 0.307496 0.314441 0.824881 0.310381 1.000000 0.384933 -0.117096 -0.229983 0.233232 -0.143006 -0.143335 -0.234306 0.008630 0.237027 0.244983 0.319281 0.444965 0.141071 0.178874 -0.065395 0.024214 -0.183274 -0.425993 -0.315283 -0.046032 -0.012990 -0.170444 -0.205081 -0.033681 -0.124343 0.121857 0.061120 0.334216 0.277583 0.078603 -0.048276 -0.072859 -0.078016 -0.109594 -0.197276 -0.157686 -0.187292 0.055139 0.018545 -0.132957 -0.008705 0.116009 -0.039952 -0.129844 0.144422 -0.075152 -0.015003 -0.216650 0.057527 -0.124589 -0.056590 -0.273539 -0.318568 -0.228149 -0.331378 0.152225 -0.061165 -0.008497 0.196146 0.734922 0.659201 0.369295 0.428809 0.388845 0.195405 0.336022 0.323773 0.052492 0.062375 0.136488 -0.014439 0.235606 0.242840 0.394567 0.274644 0.080122 0.192119 0.142083 -0.059452 0.107021 -0.029670 0.106887 -0.003451 0.264263 0.065240 0.120333 0.346676 0.025578 -0.069261
0.058298 -0.037721 0.101636 0.332059 0.467834 0.770201 -0.064470 0.035013 0.032553 0.117441 0.151109 0.208246 0.096537 0.177835 0.233327 0.125697 -0.153388 -0.268933 -0.129711 -0.133967 0.082190 0.221451 0.401152 0.434697 0.365736 0.450901 0.384933 1.000000 -0.282138 -0.318516 -0.259068 -0.313564 -0.225350 -0.413314 0.315304 0.306220 0.024742 0.063616 0.157827 0.078092 0.093635 0.028906 -0.139148 -0.195282 -0.135091 -0.177852 -0.072816 0.058792 0.071095 -0.191349 0.198445 -0.012613 0.199573 0.128110 0.424964 0.343710 0.093577 -0.225858 0.119884 -0.141931 0.092038 0.009874 -0.237841 -0.262863 0.014918 0.237620 -0.221466 -0.040043 0.033061 -0.042816 -0.135537 -0.307595 -0.141665 -0.182381 -0.037112 -0.118494 -0.075084 -0.143257 -0.156154 -0.287507 -0.243780 -0.348884 0.394262 0.228989 0.284639 0.408015 0.219393 0.301315 0.368086 0.495686 -0.095903 -0.225812 0.036508 -0.114704 -0.012359 -0.061246 0.222201 0.155463 -0.128606 0.080370 -0.108232 -0.311105 -0.343464 -0.164124 -0.070095 -0.106611 -0.070606 0.087159 0.058244 0.228655 0.335886 -0.198780 0.034791 -0.006727 0.048940 -0.165412
-0.163990 -0.453425 -0.130049 -0.578969 -0.108278 -0.113323 0.331421 -0.051918 0.150205 0.028748 0.215278 0.137791 0.237463 0.339446 0.020103 0.134451 0.705851 0.608710 -0.480067 -0.364056 0.474882 0.277145 -0.368336 -0.543431 -0.042626 -0.410850 -0.117096 -0.282138 1.000000 0.835345 0.443059 0.318877 0.225267 0.133758 -0.282882 -0.307179 0.513470 0.494145 0.319234 0.451817 0.581644 0.213032 -0.133984 -0.042854 0.124606 0.058198 0.136423 -0.162778 -0.202314 0.062917 -0.200898 -0.185514 -0.412040 -0.433740 -0.102790 -0.026075 0.008110 -0.038835 -0.131043 -0.083284 0.324535 0.276958 0.571371 0.424278 -0.100841 -0.339677 -0.237657 -0.425260 -0.564093 -0.445207 0.729752 0.524314 0.869019 0.624327 0.559978 0.618336 0.588652 0.430965 0.631977 0.629974 0.750572 0.590866 0.231813 0.249630 -0.011662 -0.358535 -0.165619 -0.333884 -0.330089 -0.430684 -0.448236 -0.389413 -0.481604 -0.355324 0.457384 0.341600 0.149288 0.232081 -0.031262 -0.109698 -0.020746 0.062962 0.019215 -0.055494 -0.128008 0.102461 -0.334390 -0.231535 0.228732 0.225720 -0.294569 -0.230421 -0.414833 -0.061153 0.111536 0.220540
-0.073335 -0.165586 -0.333139 -0.658167 -0.107319 -0.100846 0.132452 -0.148588 0.243407 0.191339 0.058453 0.144359 0.194349 0.401830 0.094829 0.289882 0.706389 0.767888 -0.343613 -0.153634 0.542310 0.157578 -0.540233 -0.550033 -0.187744 -0.477704 -0.229983 -0.318516 0.835345 1.000000 0.333071 0.265096 0.260444 0.268262 -0.256636 -0.220685 0.217327 0.399986 0.218132 0.368220 0.598110 0.477748 -0.142400 -0.026645 0.179265 0.109254 0.225035 -0.101077 -0.333279 -0.074395 -0.313718 -0.335721 -0.307226 -0.501255 -0.130391 -0.019707 0.103613 0.233051 -0.111244 0.064517 0.167677 0.271358 0.518807 0.541127 -0.199933 -0.458133 -0.228227 -0.372047 -0.397064 -0.373604 0.711375 0.499172 0.877761 0.846911 0.702569 0.712415 0.559728 0.592298 0.489830 0.677703 0.717267 0.705542 0.168019 0.367883 -0.192789 -0.388614 -0.304066 -0.289300 -0.402248 -0.416305 -0.422540 -0.445567 -0.490535 -0.384217 0.475719 0.436024 0.186504 0.154027 0.153588 -0.123866 0.041764 0.172456 0.197302 -0.012289 -0.120717 -0.031519 -0.335395 -0.334148 0.026745 0.221034 -0.243928 -0.158966 -0.376865 0.068032 0.030671 0.156284
-0.300518 -0.170096 0.396530 0.043165 -0.123839 -0.172837 0.474202 0.345186 -0.192357 -0.303240 -0.028828 0.038375 -0.040820 -0.053922 -0.297719 -0.185288 0.030846 -0.028045 -0.246090 -0.324443 0.384935 0.417175 0.121649 -0.034402 0.404211 0.199353 0.233232 -0.259068 0.443059 0.333071 1.000000 0.792612 0.383600 0.296050 -0.134405 -0.084254 0.173181 0.148164 0.156946 0.172012 0.045541 -0.111366 0.029585 -0.012439 0.034340 0.047841 0.038324 -0.197929 -0.198420 -0.147407 -0.076328 -0.249324 -0.312830 -0.273848 -0.267079 -0.206081 -0.254266 -0.157589 -0.290370 -0.119525 0.159383 0.090725 0.189709 0.067066 0.320856 -0.067000 -0.058938 -0.083808 -0.280247 -0.334077 0.439364 0.389065 0.345301 0.341990 0.134392 0.408425 0.196352 0.274533 0.191151 0.214579 0.074647 -0.002609 -0.045846 0.056003 0.096933 -0.168328 0.145223 0.019364 -0.282622 -0.213059 -0.184796 -0.159537 -0.180851 -0.115529 0.113242 0.064175 -0.050145 -0.087064 -0.163303 -0.342765 -0.023004 0.139959 -0.106903 -0.252320 -0.180898 -0.067307 -0.222440 -0.096808 0.080159 -0.015373 -0.162045 -0.269574 -0.318240 -0.045200 0.035454 0.216321
-0.264227 -0.324872 0.370414 0.027337 -0.140522 -0.218813 0.415567 0.442928 0.004816 -0.090096 -0.050077 0.133310 -0.092838 0.048504 -0.097027 0.090872 -0.104104 -0.081475 -0.275526 -0.180799 0.235315 0.378178 0.115112 0.040998 0.026485 0.228913 -0.143006 -0.313564 0.318877 0.265096 0.792612 1.000000 0.309191 0.407976 -0.101826 -0.131760 -0.042391 -0.096100 -0.118751 0.089011 -0.229884 -0.068208 0.064020 0.019622 0.171399 0.093916 0.066044 -0.180075 -0.104584 -0.105611 -0.064965 -0.253992 -0.200380 -0.091528 -0.474526 -0.430830 -0.362543 -0.299707 -0.267070 -0.115697 0.073342 0.137338 0.123575 0.043112 0.342485 -0.012267 0.106583 0.104014 -0.252081 -0.128746 0.347122 0.353915 0.178634 0.223647 0.138075 0.333988 0.132656 0.186605 0.212593 0.135756 0.007558 -0.015369 -0.109233 0.235763 0.081997 -0.221273 -0.172268 -0.238121 -0.409106 -0.393514 -0.188058 -0.126845 -0.210889 -0.217642 0.000089 -0.061294 -0.195374 -0.188458 -0.341117 -0.431845 -0.288916 -0.132234 -0.236085 -0.340350 -0.327812 -0.070904 -0.246021 -0.114488 -0.037213 -0.068100 -0.269749 -0.096604 -0.177512 -0.286612 0.034636 0.225570
-0.267761 0.123342 0.282850 -0.081351 0.028266 -0.108102 0.496930 0.142304 0.092921 0.059323 -0.062280 0.183410 0.048731 0.119225 0.064299 0.088516 0.051240 0.047008 -0.038585 0.083553 0.146200 -0.040893 -0.132688 -0.201421 -0.048515 -0.050390 -0.143335 -0.225350 0.225267 0.260444 0.383600 0.309191 1.000000 0.787119 0.001196 0.027926 -0.030194 -0.081730 -0.096854 -0.096179 0.141932 0.079873 -0.291059 -0.155851 0.117574 0.123891 -0.101948 -0.124495 0.069262 0.030910 -0.059331 -0.086709 -0.178261 -0.204525 -0.333575 -0.308817 -0.302838 0.116211 -0.319778 -0.309136 0.127349 -0.162553 0.083879 -0.077444 0.096586 -0.107287 0.205151 0.046214 -0.052739 -0.117784 0.291398 0.136468 0.262711 0.254544 0.282685 0.267675 0.234078 0.263177 -0.022169 0.254206 0.099824 0.145299 -0.019682 0.139084 -0.149682 -0.137226 -0.238419 -0.174699 -0.353566 -0.372557 -0.156972 -0.215439 -0.231183 -0.307602 0.184309 0.138362 -0.224339 -0.076775 -0.049453 -0.373313 -0.166359 -0.090885 -0.130547 -0.408543 -0.253719 -0.203202 -0.060897 0.089747 -0.103647 0.149992 0.028123 -0.205079 -0.096464 -0.162330 -0.204559 0.123398
-0.305520 0.135451 0.103098 -0.097435 -0.000880 -0.137122 0.297673 0.136932 0.160077 0.129027 -0.252495 0.039243 -0.108168 0.058748 0.004701 0.120660 0.037602 0.104459 0.047861 0.315704 0.123337 -0.010160 -0.304045 -0.197970 -0.171352 -0.083031 -0.234306 -0.413314 0.133758 0.268262 0.296050 0.407976 0.787119 1.000000 -0.052407 0.169189 -0.189459 -0.237388 -0.177267 -0.128323 -0.057233 0.187435 -0.230592 -0.138832 0.169086 0.200627 -0.157551 -0.153939 -0.099126 0.022161 -0.199006 -0.118525 -0.009855 -0.068474 -0.480181 -0.465328 -0.312682 0.174383 -0.167754 -0.041863 -0.100211 -0.203018 -0.000846 -0.040025 -0.048260 -0.278878 0.417948 0.245169 0.067161 0.134955 0.173966 0.163560 0.143573 0.226716 0.190784 0.228618 0.053489 0.225191 -0.108387 0.160329 0.102779 0.184563 -0.211058 0.104744 -0.420463 -0.218707 -0.307183 -0.248701 -0.362340 -0.444328 0.056477 -0.021276 -0.129637 -0.202118 0.130406 0.105418 -0.259972 -0.207241 -0.012363 -0.402013 -0.124253 -0.034125 0.056686 -0.265872 -0.241178 -0.333894 0.032271 0.039301 -0.207642 -0.054041 -0.095033 0.035138 0.002800 -0.259507 -0.192593 0.112993
-0.023627 0.112344 0.154991 0.096847 0.157155 0.173145 -0.024302 0.100320 0.044372 0.080640 0.055282 0.194395 0.031255 0.108217 0.124848 0.042411 -0.145971 -0.221742 -0.110942 -0.099056 -0.238388 -0.058461 0.094327 0.164393 0.204407 0.360788 0.008630 0.315304 -0.282882 -0.256636 -0.134405 -0.101826 0.001196 -0.052407 1.000000 0.501666 -0.166498 -0.280854 -0.098399 -0.229443 -0.063690 -0.133421 0.072947 0.122363 0.050448 0.092915 -0.152261 0.050010 0.207437 -0.292211 0.286515 0.057802 0.226796 0.066802 0.093528 -0.088576 -0.069789 -0.042661 -0.168613 -0.172146 0.037846 0.062395 -0.284478 -0.154263 0.233165 0.372214 0.153550 0.309273 -0.071507 -0.071266 -0.115106 -0.097851 -0.287574 -0.267947 -0.175718 -0.133406 -0.099708 0.102641 -0.166496 -0.002343 -0.266217 -0.143836 -0.095273 -0.042254 0.092957 0.121538 -0.147332 0.045755 0.016472 0.012348 -0.057389 -0.132201 -0.001810 -0.147845 -0.239039 -0.112549 0.089422 -0.057833 -0.077936 -0.072041 -0.250727 -0.358350 -0.333818 -0.298711 -0.160684 -0.059935 -0.204447 0.217031 -0.337800 -0.085062 0.538895 -0.041364 0.028492 -0.162823 0.055981 -0.380113
-0.124006 0.138153 -0.102243 0.298258 0.154371 0.421698 -0.232848 0.048298 -0.087111 0.056130 -0.251907 0.141695 -0.043289 -0.015376 -0.014837 -0.007432 -0.216886 -0.236149 -0.053365 0.124509 -0.005930 0.147349 0.004889 0.438012 0.268333 0.416176 0.237027 0.306220 -0.307179 -0.220685 -0.084254 -0.131760 0.027926 0.169189 0.501666 1.000000 -0.216891 -0.107378 -0.056320 -0.063015 -0.046964 0.105894 -0.159319 -0.166851 -0.032675 0.112933 -0.127089 0.021709 -0.155909 -0.393552 -0.003914 -0.176028 0.272076 0.050880 0.089805 -0.034713 -0.184677 -0.122329 -0.126358 -0.175804 -0.282862 -0.107438 -0.382781 -0.346889 -0.017074 0.237344 0.223381 0.620634 0.057361 0.238282 -0.238962 0.054872 -0.225680 -0.095619 -0.069948 -0.057509 -0.319499 0.130196 -0.381982 -0.270166 -0.295218 -0.289272 -0.202636 0.090733 -0.048859 0.382028 0.079322 0.255363 0.178818 0.217876 0.234196 0.085824 0.267275 -0.122120 -0.165567 -0.082490 0.112795 -0.072065 0.192587 -0.052756 -0.095094 -0.207638 -0.122646 -0.181910 0.123295 -0.144982 -0.130662 0.089587 -0.057500 -0.108983 0.465706 0.121724 0.259614 -0.017051 0.107151 -0.094645
