1.000000 0.344474 -0.270485 -0.255101 0.015115 -0.126525 -0.240242 -0.439393 -0.234848 -0.341331 0.224908 -0.165008 -0.051939 -0.071192 0.223712 -0.187631 0.105868 0.155905 0.415988 0.351565 0.147823 0.049585 -0.034684 -0.219908 -0.038300 -0.229273 0.174984 -0.027694 0.098949 -0.134367 -0.193653 -0.312632 0.515181 0.216065 -0.125464 -0.386030 -0.068352 0.146412 0.253419 0.212289 -0.025040 0.136649 -0.043089 0.023175 0.096959 -0.202946 -0.113030 0.034213 0.188533 0.191567 0.200448 0.047821 0.072763 -0.097515 0.265759 0.192180 0.530505 0.535176 0.362053 0.103040 0.537968 0.282099 0.446259 0.317277 0.119556 -0.070183 0.137167 -0.281069 0.275414 -0.035711 -0.088083 -0.144269 -0.019293 -0.003105 0.108186 -0.051153 -0.016982 -0.049397 -0.242525 -0.042988 -0.173305 0.000353 0.040659 0.059460 0.009445 0.248165 0.277411 -0.173334 0.125104 0.062273 0.032310 -0.251992 -0.299532 -0.288972 -0.276986 0.014125 -0.176426 -0.225078 -0.069746 -0.157894 0.007654 -0.142571 -0.495606 -0.269038 -0.236106 0.090357 -0.222286 -0.007767 -0.239122 -0.073310 -0.313648 -0.258241 -0.417963 -0.136284 -0.365527 -0.035197
0.344474 1.000000 -0.070160 0.000970 0.054624 -0.313698 -0.106978 -0.064979 0.285539 0.056466 0.072036 0.401463 -0.075232 0.149241 0.236506 0.378629 0.042038 0.388717 0.127868 0.352932 -0.132114 -0.211166 -0.414859 -0.340114 -0.409251 -0.652517 -0.172374 -0.379342 -0.157377 -0.000135 -0.433696 -0.417932 0.191469 0.181767 -0.201992 -0.178990 -0.266897 -0.024527 -0.212470 0.037520 -0.377083 -0.000274 -0.183703 -0.210074 -0.259586 -0.324031 -0.241048 -0.253361 -0.031062 -0.054044 -0.067817 0.301256 -0.074918 -0.167663 0.010430 -0.181957 0.218800 0.510775 0.223331 0.408840 0.305416 0.579677 0.221853 0.358137 0.196736 0.508578 -0.009757 -0.129406 -0.047936 0.025566 -0.248262 -0.224574 -0.091913 -0.061075 -0.081961 0.053557 0.044663 -0.004401 -0.049610 0.036854 -0.102995 -0.024723 -0.167907 0.139961 -0.234728 -0.204330 -0.086238 0.199171 -0.061099 0.076446 -0.046053 -0.147899 0.048263 -0.081622 -0.257958 0.281410 -0.300235 -0.207963 -0.189480 -0.306361 0.237636 -0.027050 -0.086460 0.057750 0.123792 0.023133 -0.336363 0.068604 -0.135616 0.145960 -0.409636 -0.220800 -0.173526 0.051530 0.033051 0.115389
-0.270485 -0.070160 1.000000 0.328465 0.099989 0.169456 0.606827 0.511502 0.500523 0.412721 0.007017 0.020456 0.090893 -0.239561 -0.013405 -0.137119 -0.245493 -0.262979 -0.026193 -0.184194 -0.235742 -0.163215 0.610878 0.540087 0.209479 0.174171 -0.026800 0.175685 -0.228637 -0.135820 0.224259 0.090820 -0.204807 -0.015753 0.198166 0.240006 0.012795 -0.353287 -0.271258 -0.323070 -0.034755 -0.403273 -0.285339 -0.146391 -0.172314 0.116939 -0.291251 -0.198090 0.023666 -0.519308 0.117203 -0.151623 -0.281746 -0.232044 -0.119631 -0.442597 -0.340180 -0.218624 -0.187243 -0.152596 -0.238794 -0.368990 -0.378458 -0.473427 0.240632 -0.005923 0.150834 0.660840 -0.002466 0.269480 0.177360 0.007929 -0.147909 -0.070100 0.010620 -0.068531 0.055954 -0.029049 -0.158751 -0.133684 -0.007801 -0.191362 -0.116687 -0.375332 -0.113585 -0.236907 -0.069078 0.064436 0.273262 0.143875 0.070491 0.062183 0.026134 0.042822 0.236323 -0.025284 0.167144 0.172947 -0.237219 -0.288261 -0.247049 -0.123299 0.034848 0.276977 0.397607 -0.146455 0.292314 -0.003892 0.160268 0.095269 0.360435 -0.047566 0.062041 -0.345170 0.042928 -0.151148
-0.255101 0.000970 0.328465 1.000000 0.252107 0.168115 0.405399 0.639873 0.132641 0.419065 -0.464684 -0.079380 -0.222324 -0.072754 -0.340472 0.103606 -0.518015 -0.312122 0.051603 0.220025 -0.131638 -0.089124 0.322712 0.501832 0.002138 -0.101144 0.065151 -0.053348 -0.453162 -0.214424 0.064217 0.165361 -0.188408 -0.065586 0.266969 0.328087 -0.126374 -0.399450 -0.077090 -0.012860 -0.230871 -0.074991 -0.188041 -0.255840 -0.132352 0.139629 -0.472376 -0.490398 -0.094810 -0.171359 0.050131 -0.106498 -0.365029 -0.067203 -0.124099 -0.471828 -0.336273 -0.208566 -0.195928 0.084566 -0.348272 -0.201482 -0.503695 -0.465184 -0.079794 0.081469 0.203462 0.474377 0.064825 0.237162 0.214636 0.185707 -0.158762 0.004543 -0.099256 0.073667 0.053585 -0.066580 -0.172141 -0.368814 -0.308244 -0.424402 -0.101144 0.039412 -0.248675 -0.057116 -0.047742 0.117805 -0.155016 0.165284 -0.022004 0.169262 0.166324 0.069458 -0.213246 -0.085437 -0.374602 -0.311532 -0.512633 -0.318215 0.096698 0.129141 -0.043502 0.354010 0.345989 0.163890 0.292082 0.282991 -0.123822 -0.063600 0.004478 -0.062131 -0.050164 -0.065039 0.253947 0.105504
0.015115 0.054624 0.099989 0.252107 1.000000 0.530935 0.158575 0.146197 0.373845 0.414431 -0.290235 -0.198489 -0.115259 -0.099322 0.251486 0.311629 -0.380454 -0.459703 0.084820 0.131737 0.399112 0.241251 0.000667 -0.073756 0.430474 0.027187 0.749476 -0.116591 -0.349305 -0.357196 0.097908 -0.125576 -0.231232 -0.358053 0.105195 0.198411 -0.076028 -0.208375 0.368579 0.223852 -0.251042 0.573651 -0.303536 -0.335701 -0.117367 -0.112372 -0.453907 -0.362137 -0.031767 -0.051642 -0.069669 -0.371374 -0.170461 -0.413767 -0.141312 -0.210732 0.057252 -0.025854 0.416119 0.266303 0.288026 0.179399 -0.153230 -0.082705 0.268415 0.123840 0.457759 0.276210 0.126854 0.364371 0.245867 0.072263 0.018480 0.106464 0.033411 0.140827 0.138128 0.035987 -0.293115 -0.391956 -0.405474 -0.307545 -0.055094 -0.017476 -0.528498 -0.437159 0.293960 -0.290050 -0.343003 -0.406519 -0.034953 0.180611 0.368711 0.254118 -0.495364 -0.195188 -0.560934 -0.488805 -0.449536 -0.111320 0.456754 0.277565 -0.221523 0.307094 0.014990 0.411857 0.037055 0.184231 -0.589786 -0.130109 -0.036195 -0.123455 -0.219417 0.125743 0.258716 0.173951
-0.126525 -0.313698 0.169456 0.168115 0.530935 1.000000 0.159524 0.070702 0.051318 0.336188 -0.341653 -0.459006 -0.322557 -0.347206 -0.154148 -0.052082 -0.273723 -0.488602 0.024855 0.027072 0.491784 0.420756 0.313212 0.198455 0.599097 0.573044 0.742574 0.538101 -0.440028 -0.388693 0.278143 0.073110 -0.135006 -0.224201 0.411598 0.442925 -0.127470 -0.182379 0.451098 0.258827 -0.211280 0.353689 -0.052812 -0.024993 0.228163 0.284895 -0.207771 -0.189174 0.017120 -0.123008 0.243326 -0.200484 -0.188681 -0.235419 -0.082784 -0.143639 0.056352 -0.064883 0.067020 0.017984 -0.015756 -0.231219 -0.074245 -0.235842 0.063986 -0.166656 0.376729 0.254419 0.118204 0.209416 0.328362 0.179757 -0.195254 -0.009847 -0.079861 -0.131441 0.018246 0.024228 -0.111904 -0.326869 -0.295970 -0.327825 -0.135191 -0.124414 -0.237814 -0.217819 0.282133 -0.019215 -0.141867 -0.060245 -0.209396 0.028111 0.058910 0.133543 -0.305211 -0.299008 -0.213579 -0.389061 -0.389273 -0.193913 0.215933 0.239101 -0.164524 0.170275 -0.073059 0.305376 0.084116 0.381375 -0.447619 -0.090797 0.158543 -0.054136 -0.017759 0.032151 0.130393 0.063569
-0.240242 -0.106978 0.606827 0.405399 0.158575 0.159524 1.000000 0.668132 0.078424 0.218991 0.105219 0.054485 0.206300 0.056062 -0.258185 -0.190386 -0.296938 -0.267911 0.092940 0.009865 -0.032233 -0.055495 0.402140 0.490859 0.208703 0.135216 0.027364 0.074175 -0.287096 -0.239417 0.387047 0.453393 -0.276139 0.190568 0.228971 0.485818 -0.183169 -0.419921 -0.266280 -0.241065 -0.238920 -0.283042 0.062580 0.044435 -0.066516 0.263147 -0.277343 -0.038322 0.009995 -0.254152 0.098139 -0.052239 -0.381885 -0.041916 -0.275480 -0.539630 -0.530324 -0.299471 -0.296531 -0.346229 -0.503092 -0.439544 -0.422484 -0.470898 -0.142622 -0.065791 0.083276 0.462510 -0.287932 -0.069526 0.270500 0.214988 -0.206520 -0.193474 -0.089095 0.032843 0.021845 0.028569 -0.225132 -0.208817 -0.033721 -0.248917 -0.407597 -0.350738 -0.168760 -0.209592 -0.217204 -0.027812 -0.070207 -0.078179 -0.055277 0.053638 0.003088 0.000633 0.018206 0.059295 -0.069855 0.038665 -0.258960 -0.260765 -0.075998 -0.116595 0.086654 0.354871 0.394773 -0.037358 0.013942 0.122536 0.114522 0.240220 0.265244 0.072608 0.094433 -0.224452 0.137907 0.062094
-0.439393 -0.064979 0.511502 0.639873 0.146197 0.070702 0.668132 1.000000 0.186233 0.418247 -0.040250 0.213786 0.184860 0.263963 -0.170819 0.154804 -0.461542 -0.155383 -0.255152 -0.183016 -0.116246 -0.025390 0.234574 0.487299 -0.066107 0.023293 -0.107576 -0.081880 -0.310011 -0.174798 0.315650 0.414644 -0.465395 -0.032266 0.062743 0.388191 -0.151505 -0.427391 -0.371030 -0.378248 -0.154094 -0.124220 -0.098688 -0.127149 -0.266702 0.114716 -0.290255 -0.161898 -0.083108 -0.243869 -0.006923 -0.040638 -0.199382 0.083498 -0.323055 -0.479057 -0.641716 -0.551928 -0.234195 -0.090393 -0.539583 -0.277735 -0.590758 -0.503398 -0.168247 0.013754 0.029887 0.519498 -0.183504 0.051309 0.219428 0.244524 -0.106894 -0.077996 -0.075301 0.107127 -0.027906 -0.057351 -0.316492 -0.371800 -0.105018 -0.322087 -0.314921 -0.139795 -0.186548 -0.036585 -0.345591 -0.025120 -0.261939 -0.041013 0.053261 0.199107 0.148400 0.101002 0.056493 -0.128834 -0.160526 -0.007077 -0.195035 -0.182156 -0.114595 0.002078 0.148240 0.286206 0.477049 0.072294 0.281042 0.056326 0.038381 -0.063386 0.182973 0.040770 0.054357 -0.139512 0.158044 0.045102
-0.234848 0.285539 0.500523 0.132641 0.373845 0.051318 0.078424 0.186233 1.000000 0.734952 -0.087938 0.286403 -0.083950 -0.099959 0.401583 0.430334 -0.182017 -0.026243 -0.267646 -0.201055 -0.330016 -0.260395 0.124074 0.057364 0.018933 -0.233919 -0.040835 -0.254181 -0.130878 0.125223 -0.226391 -0.362300 -0.284839 -0.367019 -0.099297 -0.034855 0.022041 -0.139792 0.002033 0.012354 -0.055638 0.073212 -0.377164 -0.323299 -0.383105 -0.295409 -0.287025 -0.431958 -0.107295 -0.453752 -0.088614 -0.032916 -0.148115 -0.307261 -0.111461 -0.248313 -0.026271 -0.111488 0.155389 0.186799 0.133722 0.125846 -0.209638 -0.166199 0.442216 0.338007 0.077576 0.328002 -0.033315 0.268157 0.034458 0.005286 0.163999 0.295973 0.165710 0.203815 0.326827 0.116650 0.041278 -0.003463 -0.146775 -0.075681 0.150837 -0.010960 -0.346128 -0.401558 0.003000 0.125319 0.004870 -0.072519 0.028421 0.160036 0.358816 0.271380 -0.082826 0.120601 -0.099029 -0.090509 -0.286828 -0.171741 0.238803 0.178408 0.198377 0.235304 0.124366 -0.006105 0.045375 -0.049894 -0.131466 -0.002726 -0.058834 -0.103732 0.021570 0.074346 0.313344 0.006228
-0.341331 0.056466 0.412721 0.419065 0.414431 0.336188 0.218991 0.418247 0.734952 1.000000 -0.208266 0.154090 -0.147127 0.020650 0.049428 0.304979 -0.387371 -0.181624 -0.347528 -0.199192 -0.282663 -0.212844 0.210200 0.236643 0.019730 -0.169637 0.064343 -0.243571 -0.271202 0.095427 -0.078567 -0.117264 -0.495142 -0.396156 -0.057253 0.226485 -0.033051 -0.198696 0.097083 0.049907 -0.167289 0.217407 -0.256475 -0.210569 -0.264297 -0.069061 -0.341447 -0.421931 -0.093470 -0.412092 -0.088534 0.013071 -0.279473 -0.230665 -0.121506 -0.305271 -0.118635 -0.200136 0.070648 0.143507 -0.048342 -0.059985 -0.272017 -0.325768 0.315425 0.257073 0.032045 0.373253 -0.124458 0.198759 0.194834 0.180213 0.123943 0.355680 0.147380 0.158186 0.322369 0.147436 -0.060155 -0.212993 -0.257048 -0.246467 -0.043162 0.025788 -0.432463 -0.327639 -0.177029 0.127413 -0.224478 -0.070064 -0.017703 0.152438 0.295044 0.295294 -0.237341 -0.098530 -0.193648 -0.317239 -0.352838 -0.262220 0.246054 0.244721 0.178463 0.265209 0.150150 0.075872 0.131898 0.144817 -0.285755 -0.078240 -0.047836 -0.066716 0.054963 0.053473 0.258128 0.008968
0.224908 0.072036 0.007017 -0.464684 -0.290235 -0.341653 0.105219 -0.040250 -0.087938 -0.208266 1.000000 0.464916 0.678854 0.470350 0.373033 -0.014865 0.457573 0.369788 -0.138534 -0.369087 -0.137218 -0.073639 -0.108466 -0.111426 -0.287206 -0.145555 -0.366066 -0.234297 0.520566 0.214980 0.073357 0.204352 0.202971 0.463259 -0.116947 -0.073829 0.135005 0.226950 -0.250876 -0.268296 0.225011 -0.165630 0.338393 0.356824 0.155862 0.182963 0.293442 0.497919 0.287011 -0.131362 0.180575 0.140577 0.138798 0.089002 -0.000998 -0.038756 -0.008345 -0.020831 -0.085820 -0.357989 0.030186 -0.070657 0.408149 0.234420 0.079699 0.063668 -0.280745 -0.100724 -0.183242 -0.384438 -0.050453 0.026521 0.187812 -0.061755 0.149928 0.064283 0.012634 0.118463 -0.025818 0.270903 0.464903 0.359258 -0.191235 -0.152227 0.311208 0.236227 -0.199066 -0.190250 0.073213 -0.150222 -0.166415 -0.515067 -0.541783 -0.500218 0.123842 0.243495 0.274902 0.207201 0.239058 -0.259287 -0.555597 -0.533636 -0.152584 -0.388992 -0.038336 -0.322537 -0.344927 -0.404241 0.211936 0.069896 -0.121703 -0.265865 -0.254257 -0.428279 -0.376160 -0.177516
-0.165008 0.401463 0.020456 -0.079380 -0.198489 -0.459006 0.054485 0.213786 0.286403 0.154090 0.464916 1.000000 0.488529 0.647961 0.375618 0.573440 0.342647 0.651425 -0.437580 -0.400972 -0.402158 -0.350260 -0.410401 -0.193291 -0.556037 -0.481928 -0.525899 -0.525294 0.372990 0.410147 -0.145353 0.051762 -0.219545 0.150258 -0.314145 -0.033502 0.056480 0.180357 -0.498815 -0.382776 -0.042901 -0.102372 0.049310 0.079349 -0.380839 -0.168387 0.147009 0.130178 -0.162697 -0.185323 -0.206515 0.394989 0.076498 0.112089 -0.253059 -0.232028 -0.169685 -0.094896 -0.141330 -0.029965 -0.045238 0.278246 0.084547 0.234338 0.201577 0.568604 -0.464043 -0.108306 -0.412245 -0.260418 -0.145247 0.104678 0.339554 0.129892 0.102931 0.284366 0.181358 0.235304 0.149528 0.275894 0.432516 0.403856 -0.226037 0.145044 0.019212 0.042854 -0.443730 0.046074 -0.199291 -0.073934 -0.195028 -0.245032 -0.073923 -0.201062 0.110255 0.200569 0.035709 0.194611 0.099987 -0.231257 -0.193725 -0.234579 0.130534 -0.164764 0.121105 -0.129276 -0.339762 -0.431333 0.184800 0.153538 -0.151798 -0.062412 0.026854 -0.214926 -0.060394 -0.028649
-0.051939 -0.075232 0.090893 -0.222324 -0.115259 -0.322557 0.206300 0.184860 -0.083950 -0.147127 0.678854 0.488529 1.000000 0.660123 0.399175 0.186471 0.394193 0.227990 -0.111541 -0.454748 -0.070582 -0.022442 -0.213090 -0.155707 -0.247018 -0.123189 -0.297385 -0.363567 0.579447 0.179593 0.134890 0.211000 0.019609 0.232185 -0.315661 -0.012227 0.209476 0.188552 -0.314422 -0.432149 0.225453 0.031176 0.232543 0.143440 -0.026333 0.057738 0.259598 0.300374 0.149417 -0.035087 -0.028922 0.026829 0.257382 0.003214 -0.249296 -0.199710 -0.207885 -0.246579 0.001574 -0.280582 0.113723 0.074836 0.125673 0.187846 0.098184 0.171713 -0.228392 -0.026988 -0.257073 -0.317294 0.002299 0.027044 0.264942 -0.045416 0.112713 0.114761 -0.059049 -0.018999 -0.023262 0.076661 0.402324 0.283090 -0.181152 -0.127064 0.071224 -0.056770 -0.316713 -0.300954 -0.245059 -0.402838 -0.031077 -0.135277 -0.202249 -0.204919 0.273801 0.176112 0.225538 0.292650 0.300173 -0.047058 -0.449913 -0.266622 0.021785 -0.267369 0.049423 -0.141718 -0.151644 -0.434910 0.245418 0.088193 0.024309 -0.059934 -0.058823 -0.326468 -0.285846 -0.156036
-0.071192 0.149241 -0.239561 -0.072754 -0.099322 -0.347206 0.056062 0.263963 -0.099959 0.020650 0.470350 0.647961 0.660123 1.000000 0.221115 0.394323 0.162058 0.464247 -0.222055 -0.252486 -0.190452 -0.255874 -0.506414 -0.300191 -0.546644 -0.414285 -0.389251 -0.605978 0.405136 0.362139 -0.084141 0.181445 -0.260031 0.211323 -0.370988 0.062442 0.062891 0.179657 -0.283778 -0.205222 0.092717 0.135790 0.208252 0.087137 -0.181648 -0.072088 0.148321 0.311673 0.035922 0.040943 -0.252547 0.217062 0.191517 0.236281 -0.127664 -0.080794 -0.211866 -0.119080 0.034988 0.059432 0.041025 0.254185 0.107073 0.203388 -0.014360 0.312596 -0.323845 -0.144986 -0.282327 -0.281949 -0.113404 0.086085 0.231584 0.008235 0.036530 0.135681 -0.005899 0.093353 -0.141097 0.021794 0.256430 0.268607 -0.240972 0.249487 -0.059897 0.129623 -0.437026 -0.155374 -0.411414 -0.332800 -0.027575 -0.183076 -0.118925 -0.250904 -0.016314 0.138961 -0.069409 0.063336 0.213375 -0.116571 -0.208893 -0.241999 0.044801 -0.245376 -0.000282 -0.101678 -0.235650 -0.397355 -0.013628 0.020338 -0.180781 -0.128806 -0.187490 -0.225433 -0.170581 -0.130986
0.223712 0.236506 -0.013405 -0.340472 0.251486 -0.154148 -0.258185 -0.170819 0.401583 0.049428 0.373033 0.375618 0.399175 0.221115 1.000000 0.533470 0.143776 0.169588 -0.076756 -0.224856 0.085052 0.028853 -0.274805 -0.328384 -0.076948 -0.190467 0.043084 -0.263840 0.292710 0.065403 -0.170422 -0.287017 0.085440 -0.140382 -0.393540 -0.299868 0.087732 0.191733 -0.012762 -0.101484 0.148261 0.204239 -0.259155 -0.290180 -0.192778 -0.332856 -0.000782 -0.034514 0.150563 0.026762 -0.050535 -0.118296 0.230672 -0.148791 -0.078714 -0.003678 0.111240 0.000873 0.406356 0.225142 0.425675 0.358114 0.072745 0.198080 0.369503 0.244426 0.027712 0.007261 0.141024 0.209128 -0.119107 -0.127072 0.211325 0.035976 0.135912 0.115488 -0.013078 -0.039473 -0.182946 -0.027437 0.040988 0.133682 0.203076 0.137411 -0.062967 -0.088449 0.116415 -0.268459 -0.022873 -0.282775 0.153740 0.008135 0.095822 0.044871 -0.007153 -0.024232 -0.121535 0.068548 0.054136 0.041158 -0.007757 0.014346 -0.098120 -0.223067 -0.216317 0.089770 -0.037009 -0.384844 -0.148254 -0.180963 -0.014617 -0.139314 -0.151035 0.010096 -0.048541 -0.069340
-0.187631 0.378629 -0.137119 0.103606 0.311629 -0.052082 -0.190386 0.154804 0.430334 0.304979 -0.014865 0.573440 0.186471 0.394323 0.533470 1.000000 0.020353 0.175610 -0.283795 -0.092154 -0.067126 0.017497 -0.507051 -0.384883 -0.343899 -0.381651 -0.030035 -0.450525 0.115485 0.175059 -0.288343 -0.228816 -0.140694 -0.160204 -0.313669 -0.071647 -0.062261 0.057831 -0.080677 -0.003755 -0.076018 0.372861 -0.224035 -0.392959 -0.362023 -0.322620 -0.197374 -0.316623 -0.161811 -0.072779 -0.245875 0.030664 0.052834 -0.223281 -0.316536 -0.192939 -0.037789 -0.164458 0.230720 0.369727 0.222960 0.515806 -0.073839 0.118073 0.349034 0.622858 0.013320 -0.032947 -0.056599 0.140572 -0.092454 -0.003891 0.189602 0.152870 -0.012715 0.309769 0.060218 0.054096 0.065974 -0.129391 0.034641 0.055177 0.181789 0.491840 -0.155813 -0.228501 0.070607 0.176564 -0.309148 -0.154263 -0.097670 0.099236 0.363142 0.149756 -0.252009 -0.104693 -0.424107 -0.242888 -0.224505 -0.088226 0.282124 0.200056 0.018419 -0.041937 -0.104028 0.207271 -0.093720 -0.074934 -0.304874 -0.159000 -0.243886 -0.183655 -0.089966 0.178867 0.239207 0.054714
0.105868 0.042038 -0.245493 -0.518015 -0.380454 -0.273723 -0.296938 -0.461542 -0.182017 -0.387371 0.457573 0.342647 0.394193 0.162058 0.143776 0.020353 1.000000 0.417040 -0.172404 -0.432191 -0.117641 -0.100940 -0.202989 -0.193578 -0.257996 -0.110492 -0.243365 0.012158 0.661579 0.164857 -0.081013 -0.000893 0.327962 0.376861 -0.034840 -0.056129 0.152707 0.341550 -0.191744 -0.273141 0.096265 -0.031777 0.384210 0.359585 0.027476 0.025640 0.484982 0.325530 0.046854 -0.078906 0.115855 0.128606 0.431075 -0.024039 -0.235498 -0.037637 0.315447 0.232090 -0.053988 -0.321259 0.182239 0.048581 0.510270 0.437211 0.126248 0.061322 -0.428845 -0.473432 -0.256183 -0.414400 -0.201519 -0.177104 0.273281 -0.013448 0.024972 -0.056029 0.024130 0.031349 0.571052 0.664725 0.759512 0.626427 -0.002945 -0.061788 0.497055 0.025829 -0.152132 -0.093228 0.130934 -0.084392 -0.277158 -0.414652 -0.367459 -0.381413 0.318568 0.137630 0.378038 0.338089 0.208154 -0.050578 -0.341596 -0.247611 -0.100084 -0.394989 -0.016472 -0.032814 -0.418263 -0.413200 0.344109 0.258784 -0.072755 -0.044422 -0.007302 -0.253545 -0.301291 0.150436
0.155905 0.388717 -0.262979 -0.312122 -0.459703 -0.488602 -0.267911 -0.155383 -0.026243 -0.181624 0.369788 0.651425 0.227990 0.464247 0.169588 0.175610 0.417040 1.000000 -0.239056 -0.233158 -0.291623 -0.303590 -0.448224 -0.202304 -0.492557 -0.377669 -0.537107 -0.316781 0.387236 0.342653 -0.148158 -0.032665 -0.053523 0.071823 -0.379640 -0.290218 0.145719 0.406813 -0.376345 -0.322923 0.012333 -0.149724 0.087863 0.169068 -0.326908 -0.331920 0.375152 0.328491 -0.298235 -0.070218 -0.196712 0.267097 0.293475 0.436058 0.052250 0.135025 0.062422 0.196673 -0.115415 0.012030 0.070479 0.290888 0.346861 0.470902 -0.077775 0.209626 -0.472785 -0.503789 -0.224747 -0.368152 -0.093378 0.051513 0.292865 0.131636 0.188724 0.178964 0.183182 0.202089 0.129699 0.342616 0.411705 0.518506 -0.164631 0.096044 0.152133 0.324550 -0.444268 0.036424 -0.105218 0.084983 -0.095911 -0.231085 -0.245924 -0.268119 0.259170 0.249650 0.230348 0.255980 0.419949 -0.031149 -0.255940 -0.299803 0.136730 -0.357849 0.023874 -0.204395 -0.408865 -0.418839 0.317539 0.214920 -0.118756 0.168382 0.129051 -0.146869 -0.233832 -0.028598
0.415988 0.127868 -0.026193 0.051603 0.084820 0.024855 0.092940 -0.255152 -0.267646 -0.347528 -0.138534 -0.437580 -0.111541 -0.222055 -0.076756 -0.283795 -0.172404 -0.239056 1.000000 0.641172 0.281579 0.145080 0.104762 -0.148190 0.350824 0.116441 0.250068 0.153881 -0.130157 -0.270487 0.069604 -0.048891 0.450660 0.146582 0.016692 -0.225775 -0.037572 -0.066252 0.220941 0.318408 -0.028498 -0.027187 -0.041006 -0.092576 0.346383 0.098053 -0.224878 -0.149469 0.245815 0.310934 0.133964 -0.174913 -0.190873 -0.237382 0.128875 -0.002718 0.161415 0.395279 0.141201 0.105704 0.215520 0.080751 0.102621 0.051782 -0.037501 -0.125322 0.411999 0.050219 0.235513 0.078576 -0.039825 -0.066140 -0.226658 -0.273979 -0.016144 -0.120749 -0.165888 -0.270169 -0.214537 -0.204126 -0.252120 -0.209908 0.099462 -0.018292 -0.094145 -0.101723 0.312811 -0.026245 0.078756 -0.072183 -0.069006 -0.034967 -0.112386 -0.090215 -0.143112 0.113992 -0.142124 -0.122599 -0.102734 0.030984 0.069230 -0.012620 -0.183741 0.014432 -0.173107 0.038061 -0.031916 0.195457 -0.154557 -0.007219 -0.108481 -0.184419 -0.219736 0.133982 0.007109 -0.004457
0.351565 0.352932 -0.184194 0.220025 0.131737 0.027072 0.009865 -0.183016 -0.201055 -0.199192 -0.369087 -0.400972 -0.454748 -0.252486 -0.224856 -0.092154 -0.432191 -0.233158 0.641172 1.000000 0.189323 0.128291 -0.120344 -0.224347 0.173831 -0.115662 0.227966 0.005993 -0.344993 -0.120223 -0.256217 -0.266524 0.269946 0.080913 0.066524 -0.120701 -0.243810 -0.233042 0.208176 0.524282 -0.189394 0.049618 -0.260313 -0.309673 0.158252 -0.106733 -0.461160 -0.352076 0.051004 0.208343 -0.079209 -0.004851 -0.364106 -0.216554 0.255199 0.032182 0.066156 0.377384 0.070882 0.420068 0.146337 0.293755 -0.045598 -0.052164 -0.098451 0.073857 0.371599 0.054926 0.268155 0.271403 -0.123227 -0.128873 -0.294052 -0.170829 -0.170267 -0.097236 -0.170696 -0.137875 -0.232359 -0.246433 -0.486748 -0.347061 0.169464 0.329120 -0.184293 -0.005070 0.403183 0.275009 0.063717 0.206003 0.124229 0.129062 0.105996 0.113767 -0.404250 0.012415 -0.424283 -0.393018 -0.304989 -0.067688 0.430069 0.172318 -0.147306 0.233036 -0.159011 0.028431 0.010940 0.498666 -0.340934 -0.162798 -0.203974 -0.151393 -0.182183 0.320243 0.240866 -0.011651
0.147823 -0.132114 -0.235742 -0.131638 0.399112 0.491784 -0.032233 -0.116246 -0.330016 -0.282663 -0.137218 -0.402158 -0.070582 -0.190452 0.085052 -0.067126 -0.117641 -0.291623 0.281579 0.189323 1.000000 0.795945 -0.068078 -0.162355 0.487291 0.469894 0.661357 0.520123 -0.328911 -0.642412 0.476051 0.252034 0.065286 -0.129247 0.217612 0.129609 -0.158927 -0.004675 0.418135 0.232137 -0.286291 0.467395 -0.014793 -0.052149 0.303722 0.156055 -0.117340 -0.072757 0.119472 0.422827 0.135870 -0.254747 0.101514 -0.086185 -0.013310 0.075785 0.144720 0.068664 0.143257 0.024029 0.176387 0.057725 0.097884 0.123702 -0.158823 -0.224194 0.221842 -0.133399 -0.023508 0.067461 0.298229 0.117422 -0.251654 -0.324165 -0.153012 -0.111093 -0.150686 -0.078253 -0.275701 -0.371923 -0.272363 -0.300970 -0.243151 -0.139712 -0.183319 -0.210985 0.364284 -0.322701 -0.222210 -0.382334 -0.110547 -0.011569 0.039582 0.031726 -0.266608 -0.029069 -0.329640 -0.118225 -0.100091 0.109959 0.209014 0.210491 -0.224542 0.176741 -0.278236 0.479351 -0.026178 0.270634 -0.357887 -0.033465 0.077320 -0.013924 -0.138637 0.219674 0.236888 0.424952
0.049585 -0.211166 -0.163215 -0.089124 0.241251 0.420756 -0.055495 -0.025390 -0.260395 -0.212844 -0.073639 -0.350260 -0.022442 -0.255874 0.028853 0.017497 -0.100940 -0.303590 0.145080 0.128291 0.795945 1.000000 -0.057295 -0.100133 0.406876 0.523782 0.434962 0.486933 -0.213980 -0.472250 0.343281 0.212004 0.114754 -0.157376 0.125463 0.056369 -0.118930 -0.048947 0.308405 0.189941 -0.135660 0.392732 -0.066534 -0.167642 0.258630 0.129843 -0.151671 -0.166522 0.076735 0.252639 0.088937 -0.292355 0.088969 -0.193963 -0.135933 0.042078 0.052224 -0.143677 0.017732 -0.031699 0.060948 0.063105 -0.028488 0.018481 -0.206066 -0.211746 0.199788 -0.033653 -0.006758 0.041270 0.164330 0.116813 -0.231136 -0.261972 -0.220444 -0.126845 -0.258649 -0.143435 -0.021592 -0.287647 -0.163867 -0.242136 -0.021897 -0.060688 -0.025392 -0.150213 0.376571 -0.080996 -0.209185 -0.249175 -0.065534 0.119411 0.100566 0.152226 -0.093934 -0.093602 -0.204157 -0.009104 -0.068667 0.224392 0.173958 0.287168 -0.136652 0.160609 -0.223672 0.325587 0.148980 0.409460 -0.225641 -0.147448 0.106249 0.009734 -0.014331 0.266574 0.304333 0.333094
-0.034684 -0.414859 0.610878 0.322712 0.000667 0.313212 0.402140 0.234574 0.124074 0.210200 -0.108466 -0.410401 -0.213090 -0.506414 -0.274805 -0.507051 -0.202989 -0.448224 0.104762 -0.120344 -0.068078 -0.057295 1.000000 0.789091 0.437857 0.427927 0.182545 0.507386 -0.174806 -0.233177 0.398702 0.326521 -0.003437 0.039586 0.397212 0.221606 0.077035 -0.266302 0.076307 -0.049865 0.129093 -0.308325 0.047505 0.199323 0.260520 0.404307 -0.126614 -0.079734 0.210510 -0.223219 0.417751 -0.226044 -0.187108 -0.057017 0.086263 -0.166141 -0.081570 -0.166326 -0.110255 -0.380357 -0.343481 -0.700868 -0.218496 -0.495544 -0.009779 -0.456289 0.143380 0.413602 0.176656 0.141792 0.334810 0.226005 -0.077211 0.047378 0.183116 0.000241 0.089172 0.036308 -0.123476 -0.099919 -0.056900 -0.243455 0.078044 -0.398881 0.059978 0.010078 0.087550 -0.051545 0.432680 0.169457 -0.034299 -0.110005 -0.215245 -0.160815 0.130964 -0.161631 0.263131 0.057952 -0.223940 -0.255751 -0.292547 -0.244842 -0.188420 -0.015233 0.058489 -0.159382 0.201574 0.031934 0.159085 -0.014682 0.300593 -0.057776 -0.087292 -0.322351 -0.092674 -0.070011
-0.219908 -0.340114 0.540087 0.501832 -0.073756 0.198455 0.490859 0.487299 0.057364 0.236643 -0.111426 -0.193291 -0.155707 -0.300191 -0.328384 -0.384883 -0.193578 -0.202304 -0.148190 -0.224347 -0.162355 -0.100133 0.789091 1.000000 0.163171 0.249009 -0.022861 0.403623 -0.190226 -0.220104 0.385621 0.462895 -0.211794 0.060967 0.317026 0.354921 -0.062792 -0.288418 -0.262146 -0.351421 -0.063589 -0.458188 0.000300 0.066460 -0.053463 0.254323 -0.165349 -0.053784 0.014442 -0.339338 0.289829 -0.235538 -0.081664 0.238053 -0.074347 -0.318489 -0.329447 -0.294479 -0.255363 -0.351929 -0.579985 -0.688608 -0.395894 -0.496603 -0.235332 -0.422297 0.000776 0.399003 0.054553 0.128308 0.307523 0.175521 -0.127073 -0.037235 0.019041 -0.029659 0.003960 0.017427 -0.102310 -0.051941 0.090859 -0.218416 -0.118697 -0.388232 0.133320 0.063839 -0.226506 -0.027307 0.327971 0.239979 0.145573 0.016531 -0.109984 -0.115533 0.254810 -0.166142 0.150711 0.181110 -0.199617 -0.248460 -0.297727 -0.289688 -0.126699 0.111001 0.370179 -0.122121 0.238189 0.027189 0.274067 0.027728 0.369338 0.069622 0.063489 -0.392603 0.000959 0.094600
-0.038300 -0.409251 0.209479 0.002138 0.430474 0.599097 0.208703 -0.066107 0.018933 0.019730 -0.287206 -0.556037 -0.247018 -0.546644 -0.076948 -0.343899 -0.257996 -0.492557 0.350824 0.173831 0.487291 0.406876 0.437857 0.163171 1.000000 0.741992 0.665829 0.532184 -0.270905 -0.386381 0.490163 0.138454 -0.069042 -0.367085 0.249995 0.099911 0.062078 -0.188653 0.381227 0.220190 -0.019420 0.160482 -0.076842 0.074761 0.379982 0.223002 -0.056504 -0.068045 0.043786 0.128666 0.162267 -0.315028 -0.166746 -0.145604 0.011923 0.076497 -0.001949 -0.081789 -0.004581 -0.147950 -0.035678 -0.314376 -0.174747 -0.272336 -0.058157 -0.389545 0.330303 0.214440 0.135876 0.206548 0.380995 0.311646 0.005861 0.028404 0.151762 0.030794 0.059280 -0.020351 -0.169267 -0.195135 -0.305562 -0.257384 0.071265 -0.318464 -0.184733 -0.185727 0.330139 -0.215102 0.005303 -0.190598 -0.117294 0.164542 0.056743 0.216234 -0.016300 -0.157826 0.050325 -0.081927 -0.078328 0.144826 0.169526 0.189015 -0.016218 0.137339 -0.164456 0.132146 0.073887 0.196482 -0.154595 -0.120722 0.380862 0.198524 0.145664 0.251878 0.184385 0.061540
-0.229273 -0.652517 0.174171 -0.101144 0.027187 0.573044 0.135216 0.023293 -0.233919 -0.169637 -0.145555 -0.481928 -0.123189 -0.414285 -0.190467 -0.381651 -0.110492 -0.377669 0.116441 -0.115662 0.469894 0.523782 0.427927 0.249009 0.741992 1.000000 0.427079 0.730330 -0.151602 -0.258717 0.551330 0.371335 -0.067038 -0.223285 0.361402 0.170769 0.168636 -0.027098 0.234824 0.023774 0.194806 -0.022557 0.059366 0.214117 0.415527 0.415779 0.188974 0.191889 0.011997 0.100040 0.177755 -0.279856 -0.049220 0.067486 0.067579 0.158386 -0.125415 -0.277014 -0.264883 -0.338440 -0.299414 -0.502811 -0.155879 -0.285279 -0.251620 -0.551642 0.144354 0.171651 0.109275 0.069327 0.318520 0.300289 -0.093924 -0.075773 0.036912 -0.091400 -0.089513 0.016980 -0.044124 -0.079643 -0.065588 -0.118524 0.046176 -0.314577 0.100582 0.035583 0.263042 -0.111871 0.112045 -0.038635 -0.102830 0.063036 -0.051375 0.051638 0.283024 -0.171977 0.346721 0.211752 0.176266 0.250142 -0.125482 0.051422 0.105448 -0.007582 -0.169284 -0.037377 0.235845 0.113120 0.136652 -0.072749 0.507293 0.261265 0.258223 0.051701 0.044819 -0.063956
0.174984 -0.172374 -0.026800 0.065151 0.749476 0.742574 0.027364 -0.107576 -0.040835 0.064343 -0.366066 -0.525899 -0.297385 -0.389251 0.043084 -0.030035 -0.243365 -0.537107 0.250068 0.227966 0.661357 0.434962 0.182545 -0.022861 0.665829 0.427079 1.000000 0.376680 -0.347144 -0.451839 0.245105 -0.067698 0.017831 -0.277073 0.311455 0.205268 -0.056424 -0.089280 0.564100 0.313019 -0.192247 0.527283 -0.127190 -0.080171 0.182264 0.057088 -0.259844 -0.230525 0.017228 0.143203 0.144240 -0.278034 -0.140687 -0.342070 0.007012 -0.006868 0.218341 0.073158 0.321140 0.094373 0.271671 -0.011339 0.003851 -0.053506 0.072551 -0.175305 0.447726 0.079926 0.207215 0.237491 0.327010 0.106902 -0.051086 0.073425 0.036459 0.024606 0.077531 0.052695 -0.210455 -0.330607 -0.399636 -0.298902 -0.019543 -0.079783 -0.339860 -0.277856 0.449455 -0.267505 -0.196532 -0.280231 -0.150424 0.072115 0.172378 0.136963 -0.452523 -0.299926 -0.393842 -0.489412 -0.371642 -0.073294 0.377726 0.218638 -0.308518 0.182780 -0.165541 0.425279 -0.002520 0.284111 -0.558798 -0.169087 0.024548 -0.074278 -0.199566 0.154042 0.127110 0.130492
-0.027694 -0.379342 0.175685 -0.053348 -0.116591 0.538101 0.074175 -0.081880 -0.254181 -0.243571 -0.234297 -0.525294 -0.363567 -0.605978 -0.263840 -0.450525 0.012158 -0.316781 0.153881 0.005993 0.520123 0.486933 0.507386 0.403623 0.532184 0.730330 0.376680 1.000000 -0.317001 -0.514688 0.454412 0.289725 0.113653 0.019024 0.478902 0.215934 -0.142571 -0.137063 0.187657 0.046916 -0.142751 -0.179582 0.060057 0.153265 0.368938 0.380306 0.032385 -0.021480 0.106939 0.082042 0.410021 -0.097898 0.008270 0.019712 -0.003609 0.001990 0.056286 0.014495 -0.207519 -0.223570 -0.246415 -0.435028 -0.045382 -0.165763 -0.230970 -0.468521 0.126506 0.115007 0.055197 0.108408 0.180628 0.055016 -0.364044 -0.341149 -0.198925 -0.333089 -0.200160 -0.093204 0.006975 -0.071260 -0.029064 -0.202949 -0.085180 -0.357601 0.212079 0.013429 0.228130 -0.026156 0.332996 0.145308 -0.090129 -0.086103 -0.167689 -0.077801 0.153701 -0.109768 0.156702 0.174081 -0.118100 -0.011626 -0.106162 0.028767 -0.135190 0.121571 -0.076452 0.193075 0.161750 0.256316 0.066192 0.030685 0.330466 0.041314 0.060202 -0.033532 0.084382 0.221485
0.098949 -0.157377 -0.228637 -0.453162 -0.349305 -0.440028 -0.287096 -0.310011 -0.130878 -0.271202 0.520566 0.372990 0.579447 0.405136 0.292710 0.115485 0.661579 0.387236 -0.130157 -0.344993 -0.328911 -0.213980 -0.174806 -0.190226 -0.270905 -0.151602 -0.347144 -0.317001 1.000000 0.543463 -0.087645 0.037520 0.191582 0.222169 -0.370438 -0.330561 0.455314 0.396899 -0.158421 -0.267587 0.543601 0.027992 0.253561 0.224613 0.014030 -0.096589 0.381150 0.371160 0.018075 -0.109975 -0.121777 0.008510 0.390777 0.045638 -0.051502 0.127677 0.045801 -0.109383 0.022508 -0.269981 0.186463 0.045003 0.335600 0.271118 0.097295 0.042970 -0.342167 -0.362883 -0.077359 -0.335086 -0.150252 0.027641 0.618556 0.250960 0.346939 0.206679 0.086939 0.124523 0.351413 0.474689 0.665333 0.629994 0.347544 0.232045 0.373276 0.222160 -0.116210 -0.070201 0.060684 -0.133508 -0.050657 -0.297339 -0.315576 -0.366172 0.316670 -0.014169 0.422887 0.327230 0.366506 0.049169 -0.415375 -0.414713 -0.086549 -0.530202 -0.151845 -0.343424 -0.258866 -0.523296 0.334475 -0.009935 -0.072482 -0.043659 -0.113684 -0.237822 -0.392961 -0.230659
-0.134367 -0.000135 -0.135820 -0.214424 -0.357196 -0.388693 -0.239417 -0.174798 0.125223 0.095427 0.214980 0.410147 0.179593 0.362139 0.065403 0.175059 0.164857 0.342653 -0.270487 -0.120223 -0.642412 -0.472250 -0.233177 -0.220104 -0.386381 -0.258717 -0.451839 -0.514688 0.543463 1.000000 -0.472157 -0.243287 -0.064260 -0.065070 -0.283020 -0.287173 0.504595 0.521162 -0.054627 0.035342 0.607266 -0.104022 -0.032976 0.048282 -0.119116 -0.138687 0.299764 0.204517 -0.239592 -0.183149 -0.481191 0.243765 -0.142665 0.064553 0.348907 0.278976 0.071741 -0.054506 -0.116133 0.002936 0.009066 0.123971 0.157199 0.080268 0.002852 0.219715 -0.286276 -0.184035 0.079833 -0.200753 -0.220884 0.041217 0.541816 0.561007 0.334892 0.320192 0.294655 0.421399 0.329474 0.480245 0.256206 0.512404 0.369089 0.362447 -0.028138 0.182264 -0.183300 0.241724 0.000493 0.004270 0.021919 -0.077008 -0.008642 -0.090186 0.191356 0.093506 0.374213 0.135197 0.388458 0.094990 -0.056803 -0.199554 0.257101 -0.251910 -0.199725 -0.480629 -0.084619 -0.318046 0.208847 -0.098826 -0.123097 0.054786 0.077890 -0.041055 -0.178537 -0.555859
-0.193653 -0.433696 0.224259 0.064217 0.097908 0.278143 0.387047 0.315650 -0.226391 -0.078567 0.073357 -0.145353 0.134890 -0.084141 -0.170422 -0.288343 -0.081013 -0.148158 0.069604 -0.256217 0.476051 0.343281 0.398702 0.385621 0.490163 0.551330 0.245105 0.454412 -0.087645 -0.472157 1.000000 0.781530 -0.279631 -0.110692 0.205889 0.152806 0.128779 -0.084518 -0.052525 -0.306516 -0.100192 -0.018752 0.108068 0.254759 0.229066 0.374331 0.054821 0.218999 -0.123760 0.036861 0.113592 -0.294681 0.018986 0.247586 -0.134568 -0.078098 -0.187725 -0.330021 -0.289369 -0.462713 -0.282361 -0.446120 -0.037636 -0.105794 -0.088827 -0.311539 -0.130157 0.023678 -0.232720 -0.138197 0.632941 0.549762 0.103952 -0.088022 0.254668 0.212713 0.172875 0.136537 -0.235995 -0.248271 0.094851 -0.104202 -0.353739 -0.530433 -0.058631 -0.125426 -0.064370 -0.389518 -0.046857 -0.246550 -0.256582 -0.109253 -0.125270 -0.130567 0.132188 -0.007600 0.146408 0.195368 0.083776 0.018116 -0.265145 -0.196436 -0.011101 0.083558 -0.014809 0.124433 -0.086876 -0.052758 0.129520 0.157634 0.399305 0.238915 0.120835 -0.099584 0.082606 0.323304
-0.312632 -0.417932 0.090820 0.165361 -0.125576 0.073110 0.453393 0.414644 -0.362300 -0.117264 0.204352 0.051762 0.211000 0.181445 -0.287017 -0.228816 -0.000893 -0.032665 -0.048891 -0.266524 0.252034 0.212004 0.326521 0.462895 0.138454 0.371335 -0.067698 0.289725 0.037520 -0.243287 0.781530 1.000000 -0.296634 0.182521 0.201947 0.311055 0.097309 -0.054238 -0.249110 -0.333346 0.007641 -0.144914 0.236972 0.267217 0.246368 0.487747 0.122882 0.342522 0.003128 0.024870 0.049766 -0.255925 -0.014122 0.325539 -0.148228 -0.182080 -0.353921 -0.390244 -0.377050 -0.473999 -0.568646 -0.498727 -0.082059 -0.143822 -0.280171 -0.277117 -0.276362 0.048778 -0.331449 -0.222442 0.404809 0.474530 -0.001909 -0.215949 0.053197 0.153891 0.007363 0.152596 -0.147104 -0.041811 0.351629 0.055626 -0.304948 -0.277373 0.212702 0.104009 -0.188542 -0.201540 0.046510 -0.173380 -0.193512 -0.257007 -0.235924 -0.332723 0.217214 0.010437 0.161969 0.325124 0.102864 -0.050275 -0.376522 -0.374427 -0.062440 -0.056637 -0.032521 -0.069966 -0.077829 -0.193006 0.299641 0.203892 0.360174 0.135135 0.019729 -0.291102 -0.019302 0.237532
0.515181 0.191469 -0.204807 -0.188408 -0.231232 -0.135006 -0.276139 -0.465395 -0.284839 -0.495142 0.202971 -0.219545 0.019609 -0.260031 0.085440 -0.140694 0.327962 -0.053523 0.450660 0.269946 0.065286 0.114754 -0.003437 -0.211794 -0.069042 -0.067038 0.017831 0.113653 0.191582 -0.064260 -0.279631 -0.296634 1.000000 0.554569 0.153458 -0.297482 -0.069044 0.108074 0.235126 0.279823 0.149777 -0.012577 0.214391 0.132475 0.349897 0.106621 -0.016902 -0.048448 0.352292 0.104146 0.465615 0.074996 0.098909 -0.267552 0.041131 0.041368 0.339693 0.304742 0.106710 -0.180600 0.259850 0.123112 0.429161 0.306099 0.000413 -0.046166 0.207051 -0.152172 0.305025 -0.191046 -0.345009 -0.367136 -0.142460 -0.208300 -0.097478 -0.167131 -0.219822 -0.340160 0.217755 0.179195 0.057524 0.019196 0.180188 0.168972 0.286284 0.151810 0.377637 0.142710 0.164552 0.151400 -0.256721 -0.322773 -0.405017 -0.323453 -0.110354 0.174017 0.015528 -0.116330 -0.142229 -0.139319 -0.195928 -0.151320 -0.312146 -0.302796 -0.062938 0.006875 -0.149590 0.147920 -0.010047 -0.099821 -0.383601 -0.363068 -0.327064 -0.002569 -0.176920 -0.002624
0.216065 0.181767 -0.015753 -0.065586 -0.358053 -0.224201 0.190568 -0.032266 -0.367019 -0.396156 0.463259 0.150258 0.232185 0.211323 -0.140382 -0.160204 0.376861 0.071823 0.146582 0.080913 -0.129247 -0.157376 0.039586 0.060967 -0.367085 -0.223285 -0.277073 0.019024 0.222169 -0.065070 -0.110692 0.182521 0.554569 1.000000 0.259575 0.243628 -0.289461 -0.216179 -0.260685 -0.041308 -0.057977 -0.296643 0.434359 0.355668 0.247895 0.351909 -0.040933 0.233820 0.469297 -0.098945 0.439109 0.239403 0.044095 -0.071383 -0.185315 -0.328267 -0.122877 0.175915 -0.127179 -0.297311 -0.154765 -0.096807 0.270913 0.162238 -0.044182 0.076494 -0.073449 0.091035 -0.121418 -0.256194 -0.417162 -0.304426 -0.300040 -0.504688 -0.313108 -0.315287 -0.352076 -0.288216 0.079589 0.240594 0.387853 0.083309 -0.191057 0.103900 0.490356 0.278066 -0.037744 0.143130 0.262667 0.187388 -0.217036 -0.584994 -0.613452 -0.617849 -0.043845 0.150311 0.000867 0.064247 -0.237635 -0.477861 -0.466137 -0.496980 -0.375917 -0.240649 0.189722 -0.182466 -0.236761 -0.002104 0.128506 0.077474 -0.240924 -0.488911 -0.428759 -0.407363 -0.293003 0.006777
-0.125464 -0.201992 0.198166 0.266969 0.105195 0.411598 0.228971 0.062743 -0.099297 -0.057253 -0.116947 -0.314145 -0.315661 -0.370988 -0.393540 -0.313669 -0.034840 -0.379640 0.016692 0.066524 0.217612 0.125463 0.397212 0.317026 0.249995 0.361402 0.311455 0.478902 -0.370438 -0.283020 0.205889 0.201947 0.153458 0.259575 1.000000 0.542058 -0.078576 -0.153458 0.216527 0.200483 -0.091813 -0.095914 0.175511 0.257505 0.324625 0.565415 -0.140051 -0.017430 0.135116 -0.187752 0.344371 -0.037154 -0.351207 -0.161772 0.087261 -0.211797 0.005869 0.003728 -0.326033 -0.336394 -0.264454 -0.416327 -0.009001 -0.181703 -0.099520 -0.153424 0.187085 0.263737 -0.023206 0.043479 0.149251 0.032474 -0.265639 -0.161365 -0.167569 -0.100194 0.092022 0.136633 0.065810 0.072991 -0.074609 -0.187913 -0.222311 -0.212204 0.030225 -0.027279 0.273892 -0.018978 0.179353 0.122521 -0.369388 -0.352814 -0.203660 -0.284258 -0.197713 0.104892 -0.040491 -0.173609 -0.437729 -0.373968 -0.105545 -0.120009 -0.138478 0.302624 0.148704 0.068600 -0.000994 0.249959 -0.063209 0.128582 0.068556 -0.152725 -0.199986 -0.206113 0.152221 0.097855
-0.386030 -0.178990 0.240006 0.328087 0.198411 0.442925 0.485818 0.388191 -0.034855 0.226485 -0.073829 -0.033502 -0.012227 0.062442 -0.299868 -0.071647 -0.056129 -0.290218 -0.225775 -0.120701 0.129609 0.056369 0.221606 0.354921 0.099911 0.170769 0.205268 0.215934 -0.330561 -0.287173 0.152806 0.311055 -0.297482 0.243628 0.542058 1.000000 -0.386488 -0.390458 -0.102545 -0.090366 -0.352552 -0.015586 0.253217 0.162263 0.076174 0.436866 -0.108131 -0.011144 0.211460 -0.144426 0.159042 0.021799 -0.222727 -0.074196 -0.335830 -0.468421 -0.352589 -0.185807 -0.158438 -0.185806 -0.344311 -0.328434 -0.370867 -0.319020 -0.108756 0.009735 0.019563 0.387096 -0.373328 0.037111 0.069397 0.045975 -0.333227 -0.245667 -0.334113 -0.192876 -0.113267 0.007051 0.007923 -0.083515 0.021397 -0.259401 -0.381499 -0.133630 0.033750 -0.182846 -0.115077 -0.020795 -0.087089 -0.056428 -0.079200 -0.044033 0.010974 0.011629 -0.100730 -0.126823 -0.166660 -0.121844 -0.399713 -0.314347 0.001433 0.050347 0.038878 0.303444 0.256437 0.049505 0.054376 0.179782 -0.105940 0.110190 0.246547 -0.011257 0.026506 -0.139400 0.130029 0.092321
