1.000000 0.420445 0.598886 0.322662 0.119323 -0.037615 0.417956 0.200498 0.205293 0.121723 0.290877 0.088991 -0.121576 -0.272878 0.215790 -0.035841 0.010645 -0.261355 0.653832 0.544353 -0.404680 -0.373772 0.571320 0.147949 -0.036819 -0.239121 0.183813 0.205722 -0.388559 -0.542913 -0.294293 -0.399587 0.282793 0.004349 -0.092896 -0.367572 -0.514874 -0.449848 -0.108321 -0.212502 -0.336506 -0.381208 -0.203388 -0.203950 -0.211491 -0.173857 -0.396435 -0.327554 0.174238 -0.256680 0.147099 -0.046131 -0.012768 -0.039508 0.023839 -0.084337 0.518894 0.275077 0.204076 0.113489 0.500497 0.226420 -0.099925 0.115769 0.208239 -0.002340 0.103020 0.083972 0.258539 0.006936 -0.282159 -0.240939 -0.355984 -0.449859 -0.207268 -0.507230 -0.264392 -0.445847 -0.150171 -0.179029 -0.395248 -0.347907 0.096525 -0.133175 -0.189669 -0.212448 0.128311 0.024204 0.271394 0.075184 0.313058 0.255156 -0.086881 0.312866 -0.319897 -0.476717 -0.234306 -0.186070 -0.101277 -0.159418 -0.145558 0.226805 -0.212467 0.080274 0.098385 -0.021993 0.189694 0.105390 -0.200693 -0.441787 -0.100433 -0.124384 -0.231560 -0.190578 0.066004 -0.102287
0.420445 1.000000 0.071049 0.456432 -0.178677 0.042095 -0.002107 0.404775 -0.228338 0.227765 -0.122817 0.448787 -0.216261 0.317483 -0.252162 0.298335 -0.272122 0.009048 0.205643 0.528891 -0.409325 -0.479793 -0.147358 0.255769 -0.395249 -0.344296 -0.289080 -0.344246 -0.291889 0.019039 -0.595358 -0.476296 0.141614 0.369318 0.040189 0.097823 -0.337768 -0.101334 -0.289277 -0.170629 -0.457877 -0.285549 -0.342212 -0.178367 0.018353 0.196559 -0.272254 -0.209044 0.119025 0.141409 -0.159437 -0.088826 -0.207383 -0.366166 -0.107613 -0.113354 0.269245 0.451779 0.240430 0.379892 0.281370 0.478079 -0.031156 0.113304 0.143373 0.557573 0.172233 0.163469 0.066176 0.393004 -0.303566 -0.206093 -0.247421 -0.186727 -0.367132 -0.339791 -0.324210 -0.095676 -0.073986 -0.224769 -0.214122 -0.211475 -0.348003 -0.022020 -0.393498 -0.402735 -0.125817 -0.051114 -0.012710 -0.061868 0.134470 -0.091124 0.204077 -0.137116 0.070449 0.040739 -0.041275 0.054616 -0.055330 -0.040231 0.085808 -0.132174 0.025459 -0.022974 0.098989 -0.043986 0.342619 0.192492 0.169790 -0.320349 -0.045181 -0.015918 -0.044486 -0.093043 0.147671 -0.049057
0.598886 0.071049 1.000000 0.498728 0.226314 -0.029434 0.827671 0.379803 0.306510 0.176375 0.147927 -0.076174 0.071078 -0.385096 0.135319 -0.248342 -0.062354 -0.574780 0.558509 0.319174 -0.103583 -0.162688 0.672246 0.325769 0.063293 -0.137899 0.126018 0.063474 -0.341138 -0.542496 0.215515 0.004917 0.263561 -0.035612 0.006328 -0.201070 -0.516369 -0.569018 -0.331438 -0.386882 -0.393582 -0.535231 0.115939 0.030096 -0.022003 -0.036322 -0.045354 -0.049647 0.144438 -0.232762 0.398361 0.000496 0.066881 0.159466 -0.096136 -0.161998 0.002143 -0.081471 -0.088802 -0.022432 0.103594 -0.018845 -0.300635 -0.195824 0.141694 -0.090553 0.248513 0.191948 0.097195 -0.168703 -0.073692 -0.189857 -0.211725 -0.407661 -0.167601 -0.402633 -0.256832 -0.468001 -0.230047 -0.055373 -0.532647 -0.385858 0.074599 -0.165600 -0.104204 -0.123112 0.065126 -0.015283 0.090039 -0.088858 0.009304 -0.034651 -0.102379 0.296825 -0.287685 -0.470250 -0.044953 -0.070508 -0.123309 -0.260150 0.120381 0.322440 -0.082079 0.144602 0.030716 -0.047056 0.092970 -0.051379 -0.240159 -0.188943 0.065291 -0.045625 -0.251866 -0.258122 0.029372 -0.075808
0.322662 0.456432 0.498728 1.000000 -0.016792 0.129697 0.443663 0.820956 -0.202927 0.209115 -0.064737 0.243335 -0.072562 0.218375 -0.352821 0.249452 -0.400307 -0.413817 0.291610 0.501873 -0.052374 -0.112765 0.106906 0.757851 -0.260768 -0.090391 -0.216463 -0.266316 -0.482608 -0.102365 -0.036612 0.121973 -0.036590 0.057071 -0.003264 0.126491 -0.466723 -0.250178 -0.346495 -0.265585 -0.443609 -0.332406 0.010197 0.084809 0.143295 0.268703 -0.136932 0.004767 0.201200 0.132327 0.039182 -0.075900 -0.256988 -0.360832 -0.083949 -0.132447 -0.148924 -0.134550 -0.046141 0.166668 0.066789 0.180603 -0.385765 -0.322583 0.157445 0.282862 0.218705 0.285235 -0.229222 0.055689 -0.137711 -0.022017 -0.328846 -0.151498 -0.446147 -0.333416 -0.540334 -0.288993 -0.239674 -0.188214 -0.644976 -0.469898 -0.277961 0.117230 -0.414199 -0.255590 0.138811 0.248601 -0.091246 0.012729 -0.147246 -0.187002 0.179653 -0.119600 -0.107018 -0.206285 -0.025548 0.021204 -0.058793 -0.040875 0.357370 0.115489 0.197019 0.112588 0.098525 0.035474 0.232636 -0.048463 0.008038 -0.166964 0.043356 -0.037017 -0.128188 -0.029517 0.072279 -0.017408
0.119323 -0.178677 0.226314 -0.016792 1.000000 0.589404 0.278710 0.094155 0.748678 0.326419 -0.299126 -0.266019 0.005287 -0.027081 0.476844 0.065264 -0.097185 -0.249129 0.283445 0.184809 0.260515 0.205491 0.190227 0.007298 -0.045956 0.257636 -0.012097 0.209859 0.265690 0.008171 0.337532 0.120734 0.096582 0.005231 -0.340664 0.027646 -0.097866 -0.201890 -0.053676 0.059588 0.276654 0.055305 -0.047792 -0.286654 0.317472 0.099160 -0.033556 -0.139540 0.078341 0.033507 -0.041068 -0.370599 0.093243 0.075011 -0.411215 -0.400635 0.051195 -0.196417 0.195229 0.003195 0.093059 -0.117222 -0.089802 -0.170669 0.224632 0.026501 0.042220 -0.007591 0.114821 -0.090807 0.130075 0.307288 0.322577 0.236222 0.373479 0.270054 0.122578 -0.047031 -0.231750 -0.155299 -0.005047 0.092166 0.243093 -0.036414 -0.122562 -0.265848 -0.199337 -0.278575 -0.299197 -0.396144 -0.010173 -0.265654 0.033805 0.146912 -0.176738 -0.275730 -0.249015 -0.075160 -0.222978 -0.281281 0.222019 0.224518 0.210580 0.135930 -0.310437 -0.240482 -0.038902 -0.134571 -0.116193 0.005230 0.105044 0.231758 0.062394 -0.162952 -0.089094 -0.372276
-0.037615 0.042095 -0.029434 0.129697 0.589404 1.000000 -0.039684 0.259560 0.359930 0.397213 -0.285718 0.154112 -0.014609 0.467658 0.241974 0.550623 -0.394791 0.003392 0.015004 0.206297 0.292436 0.406881 -0.091394 0.312827 -0.141340 0.466013 0.024076 0.225576 0.179853 0.367487 0.293701 0.310582 -0.101471 0.084994 -0.296223 0.210248 0.019393 -0.003069 0.023558 0.164231 0.275226 0.260585 -0.047531 -0.236002 0.283850 0.216336 -0.083211 -0.118716 0.083636 0.183445 -0.149179 -0.321402 0.102515 -0.058015 -0.438307 -0.413265 -0.022755 -0.218899 0.234223 -0.029630 0.148002 0.032223 -0.184540 -0.232709 0.243333 0.295314 -0.065579 -0.033384 -0.222909 -0.015412 0.125229 0.444735 0.093436 0.258301 0.140006 0.302676 0.067653 0.134738 -0.256492 -0.312270 -0.083981 0.042409 0.047516 0.298616 -0.330773 -0.225384 -0.092723 0.136994 -0.352395 -0.281627 -0.180688 -0.446578 0.172389 -0.140112 -0.225429 -0.264706 -0.323943 -0.079241 -0.218778 -0.197582 0.440843 0.086831 0.256526 0.002113 -0.446629 -0.284431 0.056963 -0.252032 -0.116509 0.078954 0.076678 0.015624 0.128635 -0.081539 -0.042889 -0.393823
0.417956 -0.002107 0.827671 0.443663 0.278710 -0.039684 1.000000 0.532694 0.348114 0.142124 -0.057319 -0.140937 0.323882 -0.190883 0.030675 -0.220986 -0.105334 -0.669467 0.423931 0.312324 -0.123552 -0.240250 0.444128 0.234709 -0.110264 -0.194042 -0.198439 -0.220991 -0.125992 -0.338176 0.195761 -0.005990 0.263175 -0.015475 -0.046079 0.026448 -0.470117 -0.582894 -0.476200 -0.492840 -0.326737 -0.520333 0.179042 0.003017 0.111346 0.037887 0.024412 -0.040835 0.147234 -0.061262 0.273210 -0.051599 0.121253 0.149712 -0.176361 -0.240384 -0.146203 -0.278213 0.048066 0.119172 0.011677 0.129544 -0.356860 -0.350669 0.090083 0.085990 0.354055 0.273785 0.239261 -0.150256 -0.010550 -0.184206 0.072631 -0.180420 -0.041881 -0.359670 -0.236935 -0.390081 -0.165855 -0.031640 -0.355919 -0.255825 -0.075434 -0.254258 -0.138258 -0.275454 0.069504 -0.122617 -0.123276 -0.292403 0.038032 -0.000915 0.067395 0.356630 -0.292244 -0.480281 -0.220134 -0.138298 -0.260534 -0.320556 0.307185 0.485449 0.127230 0.173255 -0.038793 -0.131565 0.076322 -0.004572 -0.204143 -0.215180 0.099637 0.097502 -0.143749 -0.208294 0.045338 -0.041724
0.200498 0.404775 0.379803 0.820956 0.094155 0.259560 0.532694 1.000000 -0.048382 0.350231 -0.150804 0.252839 0.072121 0.442231 -0.304869 0.339435 -0.478691 -0.444051 0.111203 0.394121 -0.047844 -0.107847 -0.092756 0.675601 -0.366568 -0.025141 -0.393474 -0.413698 -0.304466 0.093799 -0.054803 0.082849 -0.043039 0.141646 -0.017020 0.363683 -0.442605 -0.292482 -0.435670 -0.284732 -0.378961 -0.337189 0.074233 0.073323 0.254111 0.375604 -0.078241 0.003227 0.206917 0.248333 0.034992 -0.121388 -0.091101 -0.317496 -0.263839 -0.295506 -0.306757 -0.312779 0.100718 0.232921 0.031310 0.353139 -0.427319 -0.365804 0.184428 0.516691 0.296336 0.361711 -0.197694 -0.018656 -0.110643 -0.000486 -0.142461 0.028337 -0.336070 -0.260300 -0.452576 -0.222996 -0.170500 -0.143243 -0.503596 -0.268425 -0.402292 -0.039948 -0.481218 -0.395089 0.047178 0.072970 -0.258285 -0.272737 -0.057835 -0.218430 0.338714 -0.072557 -0.193286 -0.328524 -0.171089 -0.085652 -0.152094 -0.161131 0.491935 0.249242 0.348485 0.094770 -0.020283 -0.126047 0.257751 -0.123750 -0.072418 -0.201927 0.075253 0.131733 0.015659 0.032177 -0.018879 -0.051549
0.205293 -0.228338 0.306510 -0.202927 0.748678 0.359930 0.348114 -0.048382 1.000000 0.404150 -0.042440 -0.113353 0.105402 -0.232169 0.693700 -0.033888 -0.052651 -0.274134 0.277734 0.108704 0.048007 0.082228 0.343079 -0.131637 0.114315 0.199739 0.102911 0.203495 0.217701 -0.189273 0.288925 0.097576 0.243623 0.111144 -0.236994 -0.077623 -0.113127 -0.260310 -0.071670 -0.121617 0.173222 -0.011111 -0.094717 -0.268063 0.278952 0.163936 -0.164362 -0.203102 0.134926 -0.102372 0.227200 -0.237171 0.025918 0.142762 -0.382928 -0.329943 0.066805 -0.171317 0.144351 -0.009937 0.041399 -0.191635 0.024120 -0.150551 0.273914 0.004185 0.161769 0.125361 0.211395 -0.092385 -0.097291 -0.009021 0.096726 -0.105672 0.230483 0.016975 0.058139 -0.166221 -0.244186 -0.233398 0.064282 0.117761 0.284924 -0.103120 0.066847 0.015322 -0.221089 -0.277568 -0.071937 -0.230925 0.038110 -0.079694 0.022809 0.259810 -0.220056 -0.355529 -0.258090 -0.239918 -0.252644 -0.401733 0.072706 0.194716 -0.016445 -0.060707 -0.331536 -0.355212 -0.135627 -0.031289 -0.106348 -0.116360 -0.043743 -0.008935 -0.066991 -0.264090 -0.219376 -0.353387
0.121723 0.227765 0.176375 0.209115 0.326419 0.397213 0.142124 0.350231 0.404150 1.000000 -0.064349 0.506169 0.010368 0.155014 0.310024 0.280077 -0.085827 -0.244566 0.122944 0.253018 -0.088390 -0.109041 0.015159 0.332332 -0.147692 -0.049993 0.023334 -0.044154 -0.014995 -0.126052 0.040039 0.147991 -0.134523 0.194348 -0.175316 0.314691 -0.321142 -0.341229 -0.224083 -0.176451 -0.161265 -0.133473 -0.026157 -0.018293 0.272832 0.418759 -0.187980 0.030927 0.112856 -0.130751 0.091191 -0.124675 -0.034042 -0.131298 -0.388069 -0.410804 -0.049009 -0.132549 0.105611 0.011706 0.034990 -0.015737 -0.123883 -0.139287 0.139993 0.404671 0.155682 0.337873 -0.022720 0.091576 -0.016605 0.070149 -0.070763 -0.171806 -0.090097 -0.115016 -0.106112 0.015860 -0.240254 -0.333978 -0.136070 -0.225020 0.115889 0.254720 -0.073770 -0.102187 -0.030886 -0.008183 -0.091227 -0.130040 -0.092823 -0.220810 0.208967 0.064760 -0.198017 -0.307532 -0.151865 -0.147172 -0.177465 -0.228845 0.141127 0.067934 -0.100890 -0.242309 -0.336064 -0.407516 0.097726 -0.086242 0.012392 -0.022780 0.131708 -0.010971 -0.075125 -0.148989 -0.299373 -0.291868
0.290877 -0.122817 0.147927 -0.064737 -0.299126 -0.285718 -0.057319 -0.150804 -0.042440 -0.064349 1.000000 0.127015 0.156583 -0.180521 0.358948 -0.041136 0.258428 0.179187 0.014443 -0.260601 -0.066543 0.053946 0.441163 -0.059059 0.361751 -0.015055 0.509691 0.441101 -0.212009 -0.265199 -0.019656 -0.049486 -0.100783 -0.285893 0.030315 -0.422096 -0.133355 -0.008364 0.284448 0.241795 -0.169657 -0.006141 0.085400 0.232273 -0.454788 -0.301760 -0.059523 -0.027520 -0.003900 -0.297985 0.239663 0.352777 0.093604 0.062253 0.331011 0.277879 0.031961 0.063594 -0.122133 -0.208836 0.096545 -0.038735 -0.020479 0.314904 -0.098713 -0.387352 -0.117419 -0.212367 -0.128497 -0.295489 -0.052683 -0.148818 -0.350951 -0.244810 -0.162515 -0.212642 -0.073436 -0.246135 0.139108 0.305434 -0.251341 -0.160976 0.285458 -0.173711 0.106233 0.275997 0.232903 0.145560 0.416736 0.332123 0.137917 0.304513 -0.254750 0.113978 -0.089144 -0.019668 0.077887 -0.153377 0.281205 0.176876 -0.246894 -0.054511 -0.221570 -0.005949 0.017395 -0.092038 -0.073797 0.073766 -0.055896 -0.069711 -0.354990 -0.330990 -0.046209 0.121348 -0.284078 0.263586
0.088991 0.448787 -0.076174 0.243335 -0.266019 0.154112 -0.140937 0.252839 -0.113353 0.506169 0.127015 1.000000 -0.023265 0.359402 0.030036 0.411633 -0.069835 0.124450 -0.065908 0.170890 -0.205095 -0.132818 -0.049280 0.287773 -0.255318 -0.127859 0.029853 -0.007223 -0.057086 0.014522 -0.142182 0.095840 -0.193701 0.203151 -0.130978 0.157635 -0.209260 -0.201426 -0.141906 -0.065504 -0.220998 -0.080901 -0.106927 0.158895 0.085495 0.405143 -0.148307 0.133002 0.035127 -0.040185 0.095273 0.157174 -0.302048 -0.230944 -0.219664 -0.235030 -0.025846 0.041451 -0.279601 -0.242621 -0.158896 -0.061841 0.049435 -0.133608 -0.039783 0.442583 -0.249023 0.222364 -0.325635 -0.104818 -0.028614 0.142624 -0.204570 -0.182277 -0.166355 -0.071350 -0.034377 0.240141 -0.071223 -0.320387 -0.205589 -0.377182 -0.069574 0.248542 -0.118482 0.120130 0.115280 0.194982 0.073626 0.136335 -0.242035 -0.064943 0.180446 -0.128225 -0.155450 0.009232 -0.000177 0.098268 -0.052768 -0.055419 0.010370 -0.237305 -0.096568 -0.437889 -0.188682 -0.110765 -0.020489 -0.126751 0.030427 -0.057731 0.099443 -0.277087 -0.045687 -0.127384 -0.002854 -0.084004
-0.121576 -0.216261 0.071078 -0.072562 0.005287 -0.014609 0.323882 0.072121 0.105402 0.010368 0.156583 -0.023265 1.000000 0.352868 0.259828 0.141670 0.028211 -0.000325 -0.183383 -0.087240 -0.010640 -0.058696 0.105121 -0.021355 -0.216920 -0.164228 -0.285444 -0.221758 0.482917 0.173008 0.277503 0.179289 -0.178155 -0.303298 -0.001014 0.076101 -0.043240 -0.128920 -0.153696 -0.159378 -0.033750 -0.116809 0.010662 -0.230535 -0.131587 -0.220062 0.072280 -0.089580 -0.018168 0.068037 -0.186040 -0.026449 0.336383 0.116623 -0.035145 -0.261886 -0.421175 -0.219229 0.218678 0.143138 -0.160974 0.307410 -0.366371 -0.148063 0.119238 0.117422 0.208451 -0.009269 0.139812 -0.031132 0.257069 0.162510 0.374166 0.199024 0.313552 0.072578 0.154447 0.135768 -0.202174 -0.053707 0.148114 -0.004281 0.095076 -0.057200 -0.003898 -0.226388 0.138433 -0.196719 -0.229956 -0.328603 0.069353 -0.007730 0.188058 0.293152 -0.059693 -0.108123 -0.354663 -0.114240 -0.257719 -0.207858 0.301222 0.334394 0.289182 0.288309 -0.240716 -0.238049 0.124919 0.194185 0.037058 0.096154 0.032964 0.101325 0.047853 0.068123 0.026677 -0.006616
-0.272878 0.317483 -0.385096 0.218375 -0.027081 0.467658 -0.190883 0.442231 -0.232169 0.155014 -0.180521 0.359402 0.352868 1.000000 -0.145540 0.697362 -0.365126 0.317068 -0.289321 0.156791 0.083441 0.047706 -0.423980 0.303595 -0.513624 0.039876 -0.462121 -0.329900 0.288790 0.691879 -0.003495 0.190261 -0.343917 0.028663 -0.155105 0.368698 -0.013301 0.215059 -0.096828 0.149729 -0.014617 0.149157 -0.125338 -0.187578 0.195040 0.213971 -0.095156 -0.116784 0.056175 0.476968 -0.385432 -0.152149 0.017044 -0.333638 -0.277490 -0.341413 -0.317489 -0.136537 0.265197 0.189893 -0.019024 0.432819 -0.191663 -0.129648 0.252661 0.606542 0.021394 0.037352 -0.283776 0.108729 0.102697 0.371636 0.179320 0.428868 0.038617 0.257380 -0.002230 0.302639 -0.099531 -0.206399 0.036575 0.062175 -0.304853 0.163238 -0.364196 -0.378921 -0.011381 0.053822 -0.419359 -0.330458 -0.139002 -0.339576 0.359352 -0.220307 -0.001995 0.031658 -0.342596 -0.052291 -0.229762 -0.041093 0.470694 -0.018725 0.490747 0.080333 -0.291038 -0.179926 0.197373 -0.045228 0.084499 0.100883 -0.009913 0.043119 0.229494 0.229985 0.016252 0.025671
0.215790 -0.252162 0.135319 -0.352821 0.476844 0.241974 0.030675 -0.304869 0.693700 0.310024 0.358948 0.030036 0.259828 -0.145540 1.000000 0.165464 0.181103 0.040014 0.201898 -0.057863 0.095415 0.177174 0.483930 -0.177906 0.201816 0.171345 0.393602 0.524418 0.296690 -0.165728 0.258290 0.085257 -0.015948 -0.157685 -0.341431 -0.333120 0.019225 -0.138625 0.262278 0.159152 0.259105 0.120514 -0.222290 -0.331831 -0.132337 -0.124706 -0.230832 -0.312051 -0.053746 -0.263429 0.161376 -0.079332 0.220294 0.313370 -0.152133 -0.265986 0.012454 -0.011526 0.136687 -0.145306 0.100457 -0.074418 0.031471 0.153868 0.243941 -0.164658 -0.121756 -0.207200 0.078931 -0.142745 -0.060808 0.032885 0.028879 -0.113060 0.328983 0.145158 0.133498 -0.160513 -0.220838 -0.141271 0.119954 0.086006 0.625762 0.003312 0.217001 0.139333 -0.039857 -0.192853 0.219522 -0.068050 0.041492 -0.010127 -0.107859 0.260396 -0.209893 -0.186764 -0.252903 -0.259540 -0.167422 -0.271760 -0.044075 0.036866 -0.049479 -0.087522 -0.361783 -0.326586 -0.185658 -0.045424 -0.102456 -0.014647 -0.186053 -0.233760 0.060995 -0.064056 -0.203415 -0.187037
-0.035841 0.298335 -0.248342 0.249452 0.065264 0.550623 -0.220986 0.339435 -0.033888 0.280077 -0.041136 0.411633 0.141670 0.697362 0.165464 1.000000 -0.362943 0.127728 -0.112144 0.229881 0.170510 0.308905 -0.124403 0.443961 -0.319444 0.351214 -0.195272 0.008640 0.077855 0.421843 0.036172 0.190629 -0.136578 0.171333 -0.149590 0.160901 0.154129 0.281563 0.231633 0.286293 0.171640 0.341269 -0.353016 -0.390641 0.065419 0.135533 -0.350101 -0.364311 -0.014226 0.187724 -0.241232 -0.347249 -0.089162 -0.253801 -0.167745 -0.308457 -0.218632 -0.112918 0.204006 0.002551 0.161452 0.339826 -0.102583 0.030931 0.494552 0.495932 -0.067419 -0.127971 -0.413740 0.199593 -0.197216 0.124110 -0.196743 0.145715 -0.065044 0.114412 -0.171082 0.035340 -0.351525 -0.316890 -0.090711 -0.053376 -0.013817 0.315220 -0.231760 -0.187697 -0.163224 0.035417 -0.068172 -0.125150 -0.248595 -0.438102 0.121530 -0.238194 0.070278 -0.077721 -0.277806 -0.138538 -0.225754 -0.060507 0.227078 -0.245462 0.203784 -0.024210 -0.349933 -0.149296 -0.057451 -0.110433 0.091896 -0.080744 -0.161949 -0.136663 0.189629 0.290822 -0.021276 -0.048253
0.010645 -0.272122 -0.062354 -0.400307 -0.097185 -0.394791 -0.105334 -0.478691 -0.052651 -0.085827 0.258428 -0.069835 0.028211 -0.365126 0.181103 -0.362943 1.000000 0.105860 0.306836 -0.107066 -0.188436 -0.268688 0.346912 -0.412422 0.040404 -0.376622 0.291698 0.317365 0.138798 -0.353022 -0.068469 -0.218721 -0.035879 -0.254604 -0.126837 -0.351506 0.142764 -0.124672 0.305976 0.095374 0.241629 0.050361 0.001354 -0.025209 -0.444607 -0.436061 0.113200 0.064979 -0.389626 -0.476335 -0.047870 0.067437 0.106647 0.357818 0.289732 0.046530 0.196365 0.282415 -0.292746 -0.199077 -0.133822 -0.196800 0.300041 0.212795 -0.226128 -0.333484 -0.323325 -0.241503 0.303318 -0.015001 0.118172 -0.103588 0.181375 -0.011942 0.443996 0.160429 0.391905 0.038396 0.235429 0.260499 0.309521 -0.088267 0.531477 0.010647 0.730701 0.294629 0.154710 -0.036837 0.421848 0.372361 -0.041674 0.239334 -0.377172 0.299896 -0.087422 0.122736 0.050371 0.111705 -0.086874 0.052541 -0.406916 -0.163730 -0.353905 -0.176902 -0.116092 0.106861 -0.029173 0.056168 -0.028654 0.214765 0.111784 -0.105266 -0.014376 0.029718 -0.046269 0.094297
-0.261355 0.009048 -0.574780 -0.413817 -0.249129 0.003392 -0.669467 -0.444051 -0.274134 -0.244566 0.179187 0.124450 -0.000325 0.317068 0.040014 0.127728 0.105860 1.000000 -0.412009 -0.256068 0.002988 0.075854 -0.283171 -0.316421 -0.009969 -0.065128 0.177841 0.171140 0.162706 0.372613 -0.216825 -0.126091 -0.374134 -0.287152 -0.094828 -0.088429 0.145696 0.433588 0.267226 0.464782 0.044780 0.318867 0.119716 0.120673 -0.163789 -0.231123 0.126903 0.148941 -0.011365 0.198971 -0.266637 0.277877 0.184155 0.063200 0.078431 0.215003 0.196493 0.345047 0.065187 -0.091136 0.035212 -0.063483 0.425341 0.425270 -0.214138 -0.181970 -0.320904 -0.255636 -0.116119 -0.010358 0.148897 0.249380 0.065398 0.290286 0.205804 0.347695 0.302504 0.408038 0.301262 0.190853 0.266347 0.277502 -0.102788 -0.038208 -0.089418 0.165169 0.012035 0.103786 -0.076392 0.143151 0.134889 0.200133 0.044313 -0.207595 0.054121 0.255100 0.024044 0.022859 0.223257 0.249251 -0.080898 -0.328705 0.135283 -0.065811 -0.041290 0.002727 -0.024626 0.094594 -0.041367 0.155566 -0.117675 -0.159413 0.058996 0.107611 0.067673 0.103364
0.653832 0.205643 0.558509 0.291610 0.283445 0.015004 0.423931 0.111203 0.277734 0.122944 0.014443 -0.065908 -0.183383 -0.289321 0.201898 -0.112144 0.306836 -0.412009 1.000000 0.681779 -0.216474 -0.353254 0.618104 0.049454 -0.016615 -0.219746 0.171027 0.218954 -0.200235 -0.464472 0.012301 -0.151510 0.317387 0.042654 -0.319496 -0.405845 -0.377204 -0.413579 -0.005778 -0.223289 -0.058968 -0.237976 -0.216201 -0.290797 -0.139757 -0.182780 -0.362240 -0.291714 -0.142484 -0.342251 0.034726 -0.210205 -0.086308 0.114963 -0.064777 -0.270145 0.342804 0.175152 0.069239 0.104832 0.356925 0.106944 -0.057195 0.005538 0.227297 -0.054548 -0.008392 -0.009708 0.351912 0.141177 -0.242520 -0.181985 -0.152949 -0.397343 0.011977 -0.270366 -0.193480 -0.510303 -0.219435 -0.263102 -0.199484 -0.307747 0.389704 0.063394 0.223345 -0.090465 0.041013 0.032194 0.279052 0.133871 -0.028664 0.012545 -0.136443 0.372758 -0.242742 -0.283249 -0.255950 -0.087822 -0.309797 -0.230329 -0.025588 0.099981 -0.149920 -0.069945 -0.133838 -0.014288 -0.026478 -0.089642 -0.092357 -0.079696 0.004238 -0.237968 -0.189718 -0.108940 -0.031082 0.042700
0.544353 0.528891 0.319174 0.501873 0.184809 0.206297 0.312324 0.394121 0.108704 0.253018 -0.260601 0.170890 -0.087240 0.156791 -0.057863 0.229881 -0.107066 -0.256068 0.681779 1.000000 -0.326494 -0.451385 0.200808 0.273714 -0.394428 -0.288509 -0.177561 -0.163757 -0.117118 -0.104293 -0.101604 -0.068534 0.306820 0.317373 -0.283537 -0.009194 -0.497463 -0.295269 -0.305332 -0.354014 -0.238344 -0.244172 -0.289441 -0.370400 0.095830 0.009044 -0.486476 -0.275910 0.076221 -0.031830 -0.163897 -0.319778 -0.154137 -0.121567 -0.390349 -0.514523 0.273100 0.237656 0.335722 0.380872 0.396718 0.370447 -0.147507 -0.118145 0.338956 0.352286 0.229850 0.261651 0.372441 0.433909 -0.268242 -0.081939 -0.121019 -0.221951 -0.087997 -0.223323 -0.274095 -0.244493 -0.182781 -0.481625 -0.060604 -0.164182 0.012668 0.250538 -0.181014 -0.320227 0.021721 0.117017 -0.128681 -0.126971 -0.016072 -0.075270 0.161279 0.156663 -0.236898 -0.337195 -0.462166 -0.140879 -0.522874 -0.424218 0.232908 0.169403 0.044907 -0.089157 -0.186561 -0.133479 0.025822 -0.047649 -0.050559 -0.091759 0.088334 -0.208014 -0.284870 -0.217851 0.063928 -0.143734
-0.404680 -0.409325 -0.103583 -0.052374 0.260515 0.292436 -0.123552 -0.047844 0.048007 -0.088390 -0.066543 -0.205095 -0.010640 0.083441 0.095415 0.170510 -0.188436 0.002988 -0.216474 -0.326494 1.000000 0.740901 -0.124449 0.145877 0.333241 0.694074 0.097222 0.175280 0.243186 0.388705 0.564296 0.418388 -0.023170 -0.053498 -0.007474 0.120434 0.393745 0.387162 0.292852 0.480247 0.464189 0.440612 0.234537 0.131796 0.077329 -0.047748 0.361498 0.196703 -0.138201 0.074669 -0.168331 -0.082212 0.011734 0.109724 -0.086529 -0.002305 -0.268342 -0.330007 -0.078600 -0.265013 -0.061711 -0.232377 -0.133458 -0.167439 -0.027560 -0.196983 -0.216732 -0.285701 -0.422209 -0.319636 0.393072 0.477350 0.291789 0.504496 0.204112 0.454991 0.208929 0.139731 0.014246 0.214805 0.027379 0.206989 0.103253 0.028355 -0.121550 0.040927 -0.141244 -0.012370 -0.259823 -0.201849 -0.414185 -0.458741 -0.255748 -0.388587 -0.035699 0.090184 0.152956 0.070319 0.203062 0.112538 0.148893 -0.156168 0.130732 -0.059961 -0.226545 0.045569 -0.313328 -0.283773 -0.082012 0.426151 0.051724 0.080274 0.183845 0.086971 -0.013102 -0.008084
-0.373772 -0.479793 -0.162688 -0.112765 0.205491 0.406881 -0.240250 -0.107847 0.082228 -0.109041 0.053946 -0.132818 -0.058696 0.047706 0.177174 0.308905 -0.268688 0.075854 -0.353254 -0.451385 0.740901 1.000000 -0.075174 0.089256 0.349335 0.777279 0.268465 0.424436 0.122897 0.278160 0.490821 0.463732 -0.090225 -0.058579 0.022385 0.020891 0.486053 0.296324 0.484872 0.502793 0.529098 0.445438 0.132676 0.100550 0.056931 0.049086 0.154997 0.112112 0.018370 0.037243 0.105978 -0.046470 0.108815 0.160719 -0.001678 0.039791 -0.285355 -0.351055 -0.212578 -0.485400 -0.055690 -0.354451 0.008238 -0.049760 0.075374 -0.233039 -0.277640 -0.270487 -0.589971 -0.288762 0.143770 0.314769 -0.025098 0.309799 0.067752 0.331422 0.093144 0.067241 -0.148711 0.115861 -0.150937 0.114445 0.129794 0.176795 -0.070431 0.298218 -0.138914 0.107795 -0.043315 0.063706 -0.335012 -0.378235 -0.182658 -0.331109 -0.002041 -0.010742 0.184994 0.071680 0.190496 0.094342 0.111441 -0.156873 0.035678 -0.063557 -0.232312 -0.001686 -0.323217 -0.263293 -0.093022 0.175778 -0.056605 0.013329 0.319310 0.141712 -0.017014 -0.107020
0.571320 -0.147358 0.672246 0.106906 0.190227 -0.091394 0.444128 -0.092756 0.343079 0.015159 0.441163 -0.049280 0.105121 -0.423980 0.483930 -0.124403 0.346912 -0.283171 0.618104 0.200808 -0.124449 -0.075174 1.000000 0.101618 0.139565 -0.077904 0.373906 0.462972 -0.108842 -0.553208 0.294299 0.064393 0.211617 -0.117836 -0.204070 -0.508088 -0.303076 -0.442810 0.135574 -0.105701 -0.044078 -0.236432 -0.097127 -0.182440 -0.261697 -0.305470 -0.211903 -0.283158 0.031106 -0.397674 0.350288 -0.026415 0.064307 0.286511 0.111097 -0.091604 0.134871 -0.014680 -0.167616 -0.300320 0.196705 -0.104155 -0.085749 0.086504 0.240399 -0.306472 -0.176270 -0.183104 0.111007 -0.212788 -0.076180 -0.172652 -0.218530 -0.453961 0.030321 -0.292359 -0.073592 -0.478141 -0.203107 -0.038425 -0.276084 -0.355915 0.541939 -0.074620 0.268200 0.095972 0.172738 0.060038 0.446000 0.171409 -0.029568 0.092396 -0.278895 0.413396 -0.268325 -0.360994 -0.133397 -0.160356 -0.192741 -0.191872 -0.199808 0.029437 -0.314705 -0.003665 -0.073020 -0.033624 -0.155561 -0.051937 -0.160048 -0.144269 -0.147092 -0.299182 -0.203444 -0.112926 -0.064404 0.011816
0.147949 0.255769 0.325769 0.757851 0.007298 0.312827 0.234709 0.675601 -0.131637 0.332332 -0.059059 0.287773 -0.021355 0.303595 -0.177906 0.443961 -0.412422 -0.316421 0.049454 0.273714 0.145877 0.089256 0.101618 1.000000 -0.187321 0.189156 -0.145199 -0.121004 -0.300851 0.028303 0.170051 0.366269 -0.217172 0.038849 0.021851 0.230602 -0.291814 -0.056066 -0.133021 -0.025393 -0.262102 -0.069603 -0.026554 0.019134 0.129846 0.265830 -0.157205 -0.041947 0.177037 0.082239 -0.022204 -0.174080 -0.270601 -0.382756 -0.084653 -0.105445 -0.240862 -0.317268 -0.010797 0.021320 0.025185 0.135827 -0.368747 -0.288009 0.254325 0.327245 0.038484 0.170106 -0.433600 -0.062026 0.049542 0.124128 -0.279698 -0.075609 -0.391896 -0.180247 -0.367395 -0.144757 -0.240882 -0.258792 -0.529834 -0.432927 -0.157936 0.178935 -0.375013 -0.275136 0.066321 0.271548 -0.076459 -0.063024 -0.203175 -0.287540 0.130808 -0.126143 -0.154200 -0.318297 -0.081482 -0.089475 -0.079689 0.036370 0.256891 -0.063928 0.076663 0.039603 0.103364 0.083026 0.117219 -0.128786 -0.040431 -0.083031 -0.020375 0.029107 -0.031731 0.121892 -0.029458 -0.040842
-0.036819 -0.395249 0.063293 -0.260768 -0.045956 -0.141340 -0.110264 -0.366568 0.114315 -0.147692 0.361751 -0.255318 -0.216920 -0.513624 0.201816 -0.319444 0.040404 -0.009969 -0.016615 -0.394428 0.333241 0.349335 0.139565 -0.187321 1.000000 0.508073 0.691668 0.468166 -0.165282 -0.206523 0.220770 0.085685 0.060424 -0.144593 0.198640 -0.234444 0.143563 0.086064 0.215943 0.118520 0.171891 0.089576 0.190155 0.337745 -0.298390 -0.215942 0.209913 0.313475 -0.224197 -0.369876 0.185370 0.253755 0.185744 0.331788 0.256923 0.385356 0.008054 -0.119946 -0.072397 -0.150637 0.165750 -0.222077 0.014077 0.202340 -0.318768 -0.563881 -0.146523 -0.194472 -0.030366 -0.248137 -0.051145 -0.157069 -0.243457 -0.213070 -0.205889 -0.176068 -0.144911 -0.230809 0.001296 0.219142 -0.061669 0.139489 0.366793 -0.047882 0.110802 0.366035 0.165647 0.137087 0.307420 0.246939 0.070428 0.256416 -0.247911 -0.025206 -0.075817 0.064762 0.359164 0.111581 0.406333 0.107641 -0.214876 -0.058426 -0.247074 -0.173480 0.087620 -0.074135 -0.299064 -0.178275 -0.141431 0.016304 -0.061126 -0.103165 -0.004477 -0.007921 -0.130767 0.129061
-0.239121 -0.344296 -0.137899 -0.090391 0.257636 0.466013 -0.194042 -0.025141 0.199739 -0.049993 -0.015055 -0.127859 -0.164228 0.039876 0.171345 0.351214 -0.376622 -0.065128 -0.219746 -0.288509 0.694074 0.777279 -0.077904 0.189156 0.508073 1.000000 0.230631 0.328906 0.104531 0.316275 0.478496 0.427940 0.081581 0.137399 0.055974 0.035184 0.440707 0.353914 0.362880 0.334411 0.503572 0.425325 0.014533 0.031574 0.034949 0.057627 0.082149 0.010096 -0.104019 0.036428 -0.023291 -0.169845 -0.011409 0.052033 -0.087056 -0.016870 -0.214805 -0.416353 0.032319 -0.226075 0.139509 -0.128071 -0.106496 -0.054302 0.144957 -0.105462 -0.191487 -0.316681 -0.418279 -0.271108 0.025624 0.228605 -0.063622 0.194332 -0.001290 0.225957 -0.027615 -0.023638 -0.141995 -0.011694 -0.020573 0.222535 0.188132 0.105872 -0.144775 0.109471 -0.126051 0.079416 -0.011512 -0.077424 -0.281462 -0.368468 -0.179518 -0.291178 -0.019141 0.020400 0.134568 0.053452 0.139941 -0.002120 0.079757 -0.126591 0.028207 -0.155369 -0.198820 -0.041549 -0.340871 -0.343201 -0.065813 0.140993 -0.054587 -0.056467 0.192829 0.087915 -0.008223 -0.105352
0.183813 -0.289080 0.126018 -0.216463 -0.012097 0.024076 -0.198439 -0.393474 0.102911 0.023334 0.509691 0.029853 -0.285444 -0.462121 0.393602 -0.195272 0.291698 0.177841 0.171027 -0.177561 0.097222 0.268465 0.373906 -0.145199 0.691668 0.230631 1.000000 0.836671 -0.271085 -0.403967 0.087660 0.022088 -0.134050 -0.286635 -0.052062 -0.395520 -0.054119 -0.174695 0.376524 0.221977 0.142203 0.095464 0.169522 0.300969 -0.406918 -0.286844 0.040690 0.242224 -0.156879 -0.512972 0.270052 0.318505 0.250896 0.418118 0.180545 0.178385 0.188207 0.068625 -0.191597 -0.295745 0.163091 -0.313102 0.100612 0.242381 -0.302269 -0.594043 -0.290852 -0.130355 -0.009157 -0.171654 -0.073400 -0.104520 -0.381879 -0.359789 -0.096985 -0.119180 -0.064958 -0.240541 -0.061846 0.101128 -0.194937 -0.139603 0.528991 0.176100 0.212273 0.504183 0.318923 0.358956 0.490653 0.450599 0.044559 0.319607 -0.188735 0.135984 -0.334462 -0.127956 0.165700 -0.001689 0.250613 0.042173 -0.229846 -0.107092 -0.280126 -0.207136 -0.048027 0.005496 -0.222842 -0.261718 -0.270371 0.019390 -0.091502 -0.336486 -0.100757 -0.077491 -0.175752 -0.053561
0.205722 -0.344246 0.063474 -0.266316 0.209859 0.225576 -0.220991 -0.413698 0.203495 -0.044154 0.441101 -0.007223 -0.221758 -0.329900 0.524418 0.008640 0.317365 0.171140 0.218954 -0.163757 0.175280 0.424436 0.462972 -0.121004 0.468166 0.328906 0.836671 1.000000 -0.090271 -0.317035 0.170558 0.078102 -0.137715 -0.308271 -0.286453 -0.539100 0.082690 -0.110647 0.556225 0.419734 0.344374 0.218038 0.015019 0.054103 -0.430607 -0.371328 -0.077839 0.000235 -0.194810 -0.481438 0.207830 0.108649 0.227450 0.387059 0.178533 0.051209 0.231911 0.063987 -0.185945 -0.426322 0.162792 -0.307986 0.159889 0.219514 -0.096566 -0.578148 -0.466446 -0.362608 -0.108604 -0.267040 0.018664 0.097576 -0.219258 -0.158711 0.141580 0.090927 0.095237 -0.174658 -0.061614 0.087936 -0.169739 -0.133109 0.603533 0.120499 0.220082 0.400342 0.173270 0.273936 0.495366 0.405059 0.018674 0.164574 -0.233544 0.174425 -0.280242 -0.131031 0.047036 0.044928 0.114765 0.044482 -0.209796 -0.082393 -0.180070 -0.092140 -0.190343 0.020170 -0.237300 -0.198059 -0.264492 0.017490 -0.126467 -0.337820 0.066100 0.019969 -0.101900 -0.082538
-0.388559 -0.291889 -0.341138 -0.482608 0.265690 0.179853 -0.125992 -0.304466 0.217701 -0.014995 -0.212009 -0.057086 0.482917 0.288790 0.296690 0.077855 0.138798 0.162706 -0.200235 -0.117118 0.243186 0.122897 -0.108842 -0.300851 -0.165282 0.104531 -0.271085 -0.090271 1.000000 0.563188 0.435457 0.312110 0.050947 0.115428 -0.279704 0.097907 0.401750 0.177181 0.076471 0.133764 0.531561 0.209326 -0.134821 -0.278059 0.073549 -0.075583 0.141733 -0.008781 -0.207938 0.075887 -0.335647 -0.255552 0.078246 0.188260 -0.337038 -0.394933 -0.230785 -0.189350 0.118133 -0.119377 -0.152726 0.006395 -0.007140 -0.106633 0.036863 0.141931 -0.216595 -0.267293 0.101677 -0.063908 0.401708 0.454933 0.773989 0.506131 0.641056 0.595114 0.584607 0.475642 0.107779 -0.086547 0.650965 0.402585 0.277070 0.147139 0.204024 -0.113272 -0.102169 -0.253753 -0.326101 -0.417968 -0.304947 -0.300275 -0.064767 0.003573 -0.014443 0.204252 -0.205821 0.109749 -0.390039 -0.255732 0.140172 0.085286 0.097907 -0.151053 -0.484664 -0.222751 -0.152181 -0.022421 0.153307 0.477362 0.228686 0.120919 0.214196 -0.067981 0.085022 -0.157198
-0.542913 0.019039 -0.542496 -0.102365 0.008171 0.367487 -0.338176 0.093799 -0.189273 -0.126052 -0.265199 0.014522 0.173008 0.691879 -0.165728 0.421843 -0.353022 0.372613 -0.464472 -0.104293 0.388705 0.278160 -0.553208 0.028303 -0.206523 0.316275 -0.403967 -0.317035 0.563188 1.000000 0.184941 0.273837 -0.069943 0.179136 -0.135938 0.316297 0.390860 0.530020 0.022828 0.296733 0.316029 0.411809 0.001524 -0.064906 0.211927 0.130667 0.141994 -0.003294 -0.095228 0.459196 -0.446137 -0.209983 0.023948 -0.074096 -0.342595 -0.202678 -0.287589 -0.173160 0.240539 0.102222 -0.027213 0.231968 -0.028222 -0.044948 0.039843 0.325033 -0.108069 -0.242652 -0.274400 -0.033261 0.190843 0.425305 0.455792 0.699591 0.222898 0.547467 0.232244 0.418101 0.227400 0.076259 0.410193 0.552713 -0.239504 0.189022 -0.223307 -0.160851 -0.120056 0.044763 -0.531717 -0.386607 -0.308159 -0.430789 0.119590 -0.460453 0.064611 0.300993 -0.185632 -0.023254 -0.138487 -0.022771 0.433680 -0.105538 0.432511 -0.075696 -0.322389 -0.169624 -0.059813 -0.102566 0.135107 0.358901 -0.019087 0.065322 0.217988 0.124845 0.120710 -0.005655
-0.294293 -0.595358 0.215515 -0.036612 0.337532 0.293701 0.195761 -0.054803 0.288925 0.040039 -0.019656 -0.142182 0.277503 -0.003495 0.258290 0.036172 -0.068469 -0.216825 0.012301 -0.101604 0.564296 0.490821 0.294299 0.170051 0.220770 0.478496 0.087660 0.170558 0.435457 0.184941 1.000000 0.816851 0.090231 0.039711 -0.168520 0.099452 0.110663 0.027706 0.054021 0.066915 0.312233 0.157768 0.162568 -0.002237 0.233961 0.053492 0.089367 0.061488 0.012025 0.005031 0.129038 -0.127632 -0.018827 0.163232 -0.315977 -0.313061 -0.398843 -0.497546 -0.097634 -0.323008 -0.135322 -0.259316 -0.262872 -0.304040 0.194729 -0.117219 -0.093806 -0.080421 -0.193741 -0.319286 0.376614 0.406168 0.257335 0.148087 0.256797 0.354143 0.199758 0.049608 -0.133751 -0.146776 0.030982 0.018881 0.342517 0.205957 0.054280 0.033981 -0.011147 0.036167 -0.273126 -0.283533 -0.498589 -0.369009 -0.170893 0.023512 -0.113855 -0.139889 -0.120326 -0.034690 -0.218620 -0.217311 0.211604 0.077692 0.020660 -0.070429 -0.328902 -0.145813 -0.409169 -0.352098 -0.100582 0.401543 0.048449 -0.057623 0.000579 -0.064501 -0.142881 -0.007275
-0.399587 -0.476296 0.004917 0.121973 0.120734 0.310582 -0.005990 0.082849 0.097576 0.147991 -0.049486 0.095840 0.179289 0.190261 0.085257 0.190629 -0.218721 -0.126091 -0.151510 -0.068534 0.418388 0.463732 0.064393 0.366269 0.085685 0.427940 0.022088 0.078102 0.312110 0.273837 0.816851 1.000000 -0.158009 0.079526 -0.238682 0.149100 0.055592 0.044590 0.024612 0.036136 0.201406 0.131661 0.138510 0.090528 0.299138 0.276849 -0.037574 0.099750 0.079334 0.048833 0.168290 -0.101648 -0.182227 -0.051334 -0.297424 -0.317764 -0.497272 -0.521883 -0.158633 -0.271091 -0.265629 -0.295106 -0.253017 -0.371060 0.217130 0.011623 -0.101238 0.062311 -0.378401 -0.225264 0.241781 0.376600 0.084946 0.059977 0.001926 0.260392 0.030247 0.129872 -0.162139 -0.285121 -0.052250 -0.033226 0.200276 0.452287 0.038672 0.178984 0.101318 0.352923 -0.196284 -0.072888 -0.477062 -0.323663 0.079261 -0.049516 -0.111424 -0.116300 -0.164824 -0.116241 -0.226875 -0.181037 0.303103 0.060672 0.069759 -0.158902 -0.247279 -0.104308 -0.382773 -0.443626 -0.015818 0.397921 0.011235 -0.141688 0.011943 0.029532 -0.213983 -0.017034
0.282793 0.141614 0.263561 -0.036590 0.096582 -0.101471 0.263175 -0.043039 0.243623 -0.134523 -0.100783 -0.193701 -0.178155 -0.343917 -0.015948 -0.136578 -0.035879 -0.374134 0.317387 0.306820 -0.023170 -0.090225 0.211617 -0.217172 0.060424 0.081581 -0.134050 -0.137715 0.050947 -0.069943 0.090231 -0.158009 1.000000 0.718819 -0.033755 -0.109765 0.112542 -0.069898 -0.101219 -0.202084 0.100010 -0.072888 -0.159986 -0.196472 0.143183 -0.004442 -0.126302 -0.224401 0.100829 0.002174 0.195840 -0.135258 -0.168102 0.082229 -0.318678 -0.192381 0.338653 0.152803 0.137340 0.060605 0.408067 0.089362 0.158938 0.096968 0.325880 0.113910 0.192622 -0.095231 0.365131 0.115545 -0.361312 -0.355669 0.011966 -0.163997 0.085012 -0.077567 -0.092655 -0.306025 0.107642 -0.010360 0.251220 0.235089 -0.008955 -0.025394 0.057589 -0.020278 -0.259779 -0.116748 -0.093253 -0.144149 -0.106622 -0.115430 -0.340726 -0.130734 0.022735 -0.092782 -0.010609 -0.087474 -0.153347 -0.259839 -0.086128 0.045419 -0.262548 -0.210994 -0.219123 -0.294153 -0.292682 -0.043082 0.027009 -0.114392 -0.069801 -0.033136 -0.163330 -0.422857 -0.014167 -0.178922
0.004349 0.369318 -0.035612 0.057071 0.005231 0.084994 -0.015475 0.141646 0.111144 0.194348 -0.285893 0.203151 -0.303298 0.028663 -0.157685 0.171333 -0.254604 -0.287152 0.042654 0.317373 -0.053498 -0.058579 -0.117836 0.038849 -0.144593 0.137399 -0.286635 -0.308271 0.115428 0.179136 0.039711 0.079526 0.718819 1.000000 -0.001416 0.235172 0.096405 -0.028260 -0.173446 -0.218286 0.035679 -0.077639 -0.237287 -0.121415 0.384210 0.393578 -0.172781 -0.107005 0.198781 0.113121 0.192746 -0.215000 -0.362820 -0.189565 -0.496843 -0.366976 0.110243 0.070245 0.074562 0.051200 0.221244 0.112931 0.125262 -0.036711 0.362240 0.529459 0.132020 0.103598 0.076894 0.269192 -0.358261 -0.229653 -0.047880 -0.146165 -0.141892 -0.048916 -0.178105 -0.059556 0.063778 -0.244856 0.268746 0.228444 -0.162033 0.199706 -0.010984 -0.052685 -0.276587 -0.013299 -0.133378 -0.177254 -0.279850 -0.379369 -0.163210 -0.351505 0.083512 -0.024126 0.020567 -0.034156 -0.238959 -0.292058 -0.025762 -0.152067 -0.278421 -0.430188 -0.264060 -0.295981 -0.247907 -0.132281 0.212899 -0.008720 0.040016 -0.026679 -0.061193 -0.352186 -0.126954 -0.255749
-0.092896 0.040189 0.006328 -0.003264 -0.340664 -0.296223 -0.046079 -0.017020 -0.236994 -0.175316 0.030315 -0.130978 -0.001014 -0.155105 -0.341431 -0.149590 -0.126837 -0.094828 -0.319496 -0.283537 -0.007474 0.022385 -0.204070 0.021851 0.198640 0.055974 -0.052062 -0.286453 -0.279704 -0.135938 -0.168520 -0.238682 -0.033755 -0.001416 1.000000 0.321500 0.087488 0.168277 -0.063241 -0.200193 -0.174899 -0.070882 -0.045084 0.085295 -0.060240 -0.025349 0.210386 0.166772 0.136947 -0.040516 0.008960 0.026465 0.009308 -0.097110 0.348718 0.372502 -0.205377 0.005581 -0.099662 0.134548 -0.133485 0.101219 -0.251195 -0.072550 -0.142601 0.042822 0.268929 0.281728 -0.083872 0.148066 -0.038337 -0.234086 -0.266076 -0.083532 -0.374130 -0.325181 -0.109539 -0.001367 -0.111399 0.079322 -0.090333 -0.023275 -0.262326 -0.145226 -0.025313 -0.013733 0.015161 -0.255194 0.054864 0.019934 0.084991 -0.015166 -0.183766 -0.167474 0.221000 0.135107 0.369281 0.219486 0.202841 0.099112 -0.366613 -0.202603 -0.257764 0.146217 0.447102 0.350943 0.305018 0.324198 0.041394 -0.162100 0.169087 0.275681 -0.094110 0.060372 0.198779 0.000654
-0.367572 0.097823 -0.201070 0.126491 0.027646 0.210248 0.026448 0.363683 -0.077623 0.314691 -0.422096 0.157635 0.076101 0.368698 -0.333120 0.160901 -0.351506 -0.088429 -0.405845 -0.009194 0.120434 0.020891 -0.508088 0.230602 -0.234444 0.035184 -0.395520 -0.539100 0.097907 0.316297 0.099452 0.149100 -0.109765 0.235172 0.321500 1.000000 -0.132226 0.001609 -0.441881 -0.295667 -0.129466 -0.027651 0.281928 0.180386 0.632596 0.484315 0.261722 0.300818 0.337407 0.456655 -0.088920 0.029008 -0.055024 -0.203866 -0.301879 -0.108900 -0.351461 -0.316527 0.113107 0.149515 -0.222474 0.079542 -0.254671 -0.348657 -0.075926 0.517011 0.330407 0.560908 -0.044459 0.129583 0.251797 0.204091 0.138670 0.277734 -0.137071 0.026873 -0.141433 0.232214 -0.114316 -0.184754 0.033839 0.085590 -0.434961 0.124941 -0.289923 -0.294897 0.027178 -0.141928 -0.567274 -0.500308 -0.173035 -0.234952 0.182810 -0.265549 0.009929 -0.135779 -0.091922 -0.059044 -0.097234 -0.141730 0.101278 -0.051418 0.039728 -0.103136 0.065396 -0.109215 0.103450 0.007578 -0.075838 -0.053383 0.274586 0.343309 -0.136606 -0.115232 0.004507 -0.136918
