1.000000 0.138665 0.147074 0.041911 -0.138263 -0.037729 0.152677 -0.098061 -0.099540 -0.073185 0.039385 -0.066133 0.163643 -0.045298 0.128771 0.048723 0.204485 -0.073468 0.436809 0.261618 -0.267381 -0.236545 -0.183835 -0.075030 0.019144 -0.034690 -0.037578 0.102527 0.189721 -0.110190 -0.271148 -0.308710 0.177842 0.037934 -0.179253 -0.336079 -0.049314 -0.062970 -0.080157 -0.141247 -0.057155 -0.126042 -0.179317 -0.065473 0.002531 -0.082161 -0.095912 -0.185186 0.125039 0.065789 0.047319 0.027839 0.196141 0.078697 0.126003 0.160283 0.521776 -0.011750 0.160336 0.037395 -0.046389 -0.036475 0.053529 0.139876 -0.037538 -0.258710 -0.182188 -0.310514 0.156477 -0.068946 -0.303210 -0.386963 0.098726 -0.164086 -0.031059 -0.340899 -0.080433 -0.416322 0.076836 -0.262719 0.068645 -0.098433 0.002083 0.098478 -0.111684 -0.182234 -0.014807 0.125360 0.139104 0.176309 -0.065923 -0.043598 0.047666 0.060511 0.212456 0.136351 0.004801 0.238685 0.010444 0.114247 -0.031136 0.088260 0.072714 0.231032 0.141798 0.068836 0.175285 0.165096 0.065714 0.011894 0.036530 0.010298 -0.067318 -0.016583 -0.155661 -0.192426
0.138665 1.000000 -0.152967 -0.175040 0.131214 -0.067573 -0.091755 -0.124605 0.000992 -0.128252 -0.203783 -0.087612 -0.029201 0.131894 0.141415 -0.013811 0.311091 0.105698 0.391312 0.490052 -0.056468 -0.231044 -0.264041 -0.249547 -0.095627 -0.233478 -0.008615 -0.090579 0.029012 0.019414 -0.122891 -0.098932 0.203817 0.337899 0.013415 -0.060373 -0.146033 -0.228812 -0.076210 -0.222446 0.155074 0.108317 -0.473159 -0.396862 -0.294238 -0.341014 -0.394339 -0.389505 -0.388063 -0.264445 -0.440050 -0.325480 -0.251063 -0.147751 -0.190521 -0.215719 0.179572 0.649591 0.097076 0.157700 0.014059 -0.087898 0.246436 0.256910 -0.075522 -0.279273 -0.122659 -0.094891 0.567379 0.465798 -0.344185 -0.355979 -0.002414 -0.059450 -0.002389 0.007791 0.043052 0.087850 0.277628 0.193293 0.257452 0.290918 0.163607 0.315587 0.121645 -0.091375 0.058508 0.101754 0.149047 -0.127529 0.198466 0.111357 0.206280 0.153507 0.055432 -0.054848 -0.023436 -0.250518 0.124911 -0.096456 0.148762 0.148285 0.116835 0.134696 0.066689 -0.088174 0.081844 0.185917 -0.113552 -0.196375 -0.139077 0.152810 0.115344 0.039794 -0.213414 0.001356
0.147074 -0.152967 1.000000 0.591774 0.443890 0.555578 0.648322 0.528522 0.615636 0.334370 -0.093102 0.095856 -0.183281 -0.013231 0.274079 0.280937 -0.272861 -0.179222 0.226787 0.109999 -0.149208 -0.172100 0.375043 0.460957 0.404018 0.081985 0.395702 0.510681 0.111197 -0.132930 -0.326314 -0.158530 -0.060448 -0.037393 -0.043964 -0.163655 -0.387869 -0.146846 -0.202145 -0.228183 -0.191925 -0.293189 0.065813 0.113072 0.150060 0.042196 0.103248 0.062688 0.189116 0.117505 0.258593 0.066592 -0.066639 0.054586 0.115956 0.080763 -0.476165 -0.434735 0.054858 0.088029 -0.055544 -0.016703 -0.357552 -0.110624 -0.054808 -0.086696 0.035897 0.051138 -0.117200 0.023886 -0.210497 -0.095295 -0.096606 -0.216567 -0.286218 -0.322330 -0.363186 -0.390017 -0.113577 -0.182808 -0.322122 -0.361085 0.024337 -0.192015 -0.222015 -0.175388 -0.221662 -0.007909 0.127550 0.259914 -0.029934 0.151340 -0.171697 -0.058962 -0.108290 0.095706 -0.244079 -0.092275 -0.203470 -0.081179 -0.239392 -0.106625 -0.231478 -0.241712 -0.283141 -0.070846 -0.251870 -0.255972 0.096305 -0.074637 -0.000644 -0.193125 0.030539 -0.179317 0.147173 0.131083
0.041911 -0.175040 0.591774 1.000000 0.182009 0.621753 0.345341 0.731025 0.305537 0.424755 -0.179053 0.259061 -0.258432 0.120434 0.112108 0.521848 -0.471046 -0.223520 0.139118 -0.121382 -0.066908 0.028550 0.449463 0.675557 0.149956 0.246590 0.475136 0.576064 -0.082114 -0.100315 -0.101893 0.039298 -0.335226 -0.376223 -0.170824 -0.220868 -0.242109 0.015102 -0.019337 0.078433 -0.141463 -0.250291 0.150680 0.058814 -0.097874 -0.087441 0.337444 0.183407 0.082360 0.026667 0.137531 -0.018694 0.037289 0.162737 0.368937 0.264913 -0.382266 -0.464358 0.065306 0.251981 -0.173674 -0.046983 -0.423195 -0.341632 -0.196620 -0.170505 -0.253483 -0.137016 -0.314572 -0.144647 -0.025649 0.116662 -0.192311 -0.091466 -0.293930 -0.188594 -0.310526 -0.343113 -0.142208 -0.352857 -0.448190 -0.436529 0.033935 -0.014888 -0.351960 -0.104367 -0.139708 0.251830 0.348312 0.500835 0.064012 -0.007229 -0.034503 -0.053499 0.026007 0.163962 -0.187682 -0.069819 -0.181305 -0.163729 -0.144036 0.000994 -0.239208 -0.164095 -0.285894 -0.188032 -0.101655 -0.136263 -0.005907 -0.173583 -0.186071 -0.390217 -0.062900 -0.166524 0.002916 0.006884
-0.138263 0.131214 0.443890 0.182009 1.000000 0.601474 0.178393 0.181496 0.734128 0.564902 -0.151944 -0.033872 -0.172149 -0.201063 0.359792 0.240113 -0.279065 -0.151734 0.078477 0.305092 0.121602 -0.084002 0.251228 0.252451 0.268876 0.035690 0.618100 0.436223 -0.148516 -0.217452 -0.380862 -0.263681 -0.332231 -0.162992 0.096098 0.034037 -0.226804 -0.201960 -0.077924 -0.060744 -0.005889 -0.060268 -0.050853 -0.053442 -0.019269 -0.229037 -0.071028 0.138045 -0.079450 -0.192935 -0.102260 -0.199389 -0.341260 -0.100295 -0.374812 -0.355744 -0.357398 -0.080120 0.159602 0.210738 -0.057823 -0.102600 -0.175627 -0.065168 -0.019654 -0.002404 -0.011308 0.051981 0.020464 0.231790 -0.131088 -0.039097 -0.318843 -0.243399 -0.257066 -0.042938 -0.391018 -0.181655 -0.275173 -0.132411 -0.179993 -0.136543 0.178259 0.035444 0.077734 0.138748 0.061262 0.027428 0.038913 -0.096063 0.260863 0.427234 0.146949 0.274265 -0.153876 -0.219468 -0.121285 -0.455031 -0.016281 0.088155 0.103907 0.164717 0.098727 0.057310 -0.127185 0.022693 -0.074293 -0.144590 -0.141144 -0.331754 0.105173 0.105772 0.206092 -0.079808 0.123117 0.045967
-0.037729 -0.067573 0.555578 0.621753 0.601474 1.000000 0.303856 0.564826 0.612720 0.728624 -0.165662 0.078763 -0.356343 -0.096117 0.232581 0.440023 -0.432368 -0.257241 0.039453 0.080267 0.078846 0.044326 0.255069 0.456800 0.282548 0.252001 0.705035 0.721648 -0.285511 -0.325022 -0.441024 -0.293757 -0.452608 -0.309885 -0.068617 0.096047 -0.375792 -0.257316 -0.141242 -0.040490 -0.149504 -0.240822 0.094470 0.008481 0.024327 0.022930 0.026980 0.213583 0.206798 0.070460 0.203096 -0.052283 -0.234158 -0.026021 -0.118241 -0.239926 -0.372257 -0.298031 0.174105 0.384738 -0.063984 0.031033 -0.305906 -0.154658 -0.043980 0.212958 0.091957 0.252587 -0.241296 0.124199 -0.146230 -0.010050 -0.406655 -0.246885 -0.361987 -0.152940 -0.485944 -0.340924 -0.279892 -0.372479 -0.269298 -0.435159 0.088740 -0.080405 -0.102406 0.116413 0.003636 0.249101 0.189725 0.198968 0.206876 0.176568 0.056609 0.137549 -0.263457 -0.190205 -0.217014 -0.423909 -0.222450 -0.176595 -0.044135 0.096732 -0.104635 -0.075782 -0.212179 -0.089665 -0.070834 -0.099887 -0.258715 -0.276155 0.118833 -0.177255 0.151039 -0.217516 0.000938 0.085069
0.152677 -0.091755 0.648322 0.345341 0.178393 0.303856 1.000000 0.615910 0.415773 -0.017611 0.157413 0.045507 -0.024905 0.176828 0.232798 0.277147 -0.039600 -0.042158 -0.065651 -0.098477 -0.352867 -0.360138 0.115528 0.194568 0.057345 -0.121012 0.096032 0.186451 0.047655 -0.161116 -0.362447 -0.099434 0.067352 0.120808 -0.378997 -0.148620 -0.486921 -0.322528 -0.233353 -0.246363 0.001265 -0.139651 0.055555 0.067851 0.222538 0.229674 -0.166769 -0.036079 0.354937 0.275527 0.136876 0.047114 0.026363 0.082543 -0.021056 -0.104953 -0.280207 -0.197055 0.195857 0.188503 0.182901 0.126323 -0.117620 0.066685 -0.174782 -0.001395 0.086318 0.223015 -0.118256 0.066904 -0.429094 -0.265296 -0.257594 -0.387890 -0.350576 -0.426976 -0.469897 -0.370808 -0.039401 -0.068587 -0.141027 -0.185556 -0.078563 -0.262576 -0.243611 -0.347730 -0.291508 -0.228083 0.175041 0.116148 0.081770 0.161817 -0.144529 -0.047469 -0.194548 0.036107 -0.358564 -0.108894 -0.351465 -0.295565 -0.260424 -0.169916 -0.210377 -0.193975 -0.092811 0.076054 -0.215292 -0.120116 0.007740 -0.081218 0.118193 -0.157770 -0.010432 -0.216122 0.166735 0.219146
-0.098061 -0.124605 0.528522 0.731025 0.181496 0.564826 0.615910 1.000000 0.365489 0.360534 -0.015607 0.375894 -0.320136 0.334358 -0.074187 0.472933 -0.277763 -0.130534 -0.127416 -0.229421 -0.120760 -0.008773 0.193489 0.393001 0.029567 0.081871 0.343879 0.384558 -0.133338 -0.065789 -0.231395 0.078644 -0.142137 -0.065718 -0.205654 0.020574 -0.514654 -0.334615 -0.223579 -0.200070 -0.252188 -0.394441 0.319484 0.246095 0.186503 0.302285 0.171872 0.244332 0.310595 0.286192 0.242559 0.104433 0.049002 0.129359 0.026984 -0.080449 -0.453697 -0.316695 0.109300 0.380226 0.146416 0.318723 -0.245863 -0.053875 -0.150930 0.181170 0.021461 0.258855 -0.270438 -0.008266 -0.151552 -0.001465 -0.337645 -0.212421 -0.385225 -0.248912 -0.463832 -0.353880 -0.060573 -0.260501 -0.285209 -0.417375 -0.223620 -0.335590 -0.283574 -0.224693 -0.224746 -0.013107 0.099402 0.155521 0.059756 -0.013841 -0.169184 -0.155626 -0.273626 -0.038353 -0.394106 -0.233125 -0.346025 -0.396972 -0.281066 -0.205691 -0.342356 -0.315909 -0.355711 -0.243421 -0.221438 -0.156241 -0.085195 -0.179670 -0.125521 -0.333296 -0.093766 -0.338243 0.070947 0.235577
-0.099540 0.000992 0.615636 0.305537 0.734128 0.612720 0.415773 0.365489 1.000000 0.585253 -0.043404 -0.022021 -0.158002 -0.002400 0.401686 0.392429 -0.111927 -0.245544 0.112071 0.284814 -0.217185 -0.322546 0.019350 0.225863 0.352810 0.108108 0.321897 0.384183 0.133772 -0.176507 -0.410468 -0.177154 -0.202082 -0.070416 -0.034010 0.033322 -0.438223 -0.186680 -0.359374 -0.189596 -0.046964 -0.096940 0.152244 0.186374 0.288559 0.105723 0.046159 0.267303 0.230575 0.184146 0.132713 0.153947 -0.129629 0.088233 -0.349317 -0.179580 -0.557909 -0.383644 0.148276 0.299138 -0.080526 -0.022896 -0.153071 0.001751 -0.139549 0.035719 -0.016171 0.117087 0.027701 0.264557 -0.293791 -0.160563 -0.238356 -0.387598 -0.423099 -0.307936 -0.438387 -0.313863 -0.114203 -0.078249 -0.046416 -0.136684 0.223452 0.040004 -0.209090 -0.043925 -0.143715 -0.009766 0.033507 0.031486 0.131499 0.315500 -0.087652 0.104467 -0.201557 -0.048421 -0.312994 -0.325459 -0.170944 -0.040608 -0.129629 0.030042 -0.081221 -0.074743 -0.199959 0.013757 -0.193501 -0.127336 -0.036358 -0.273005 0.024915 0.028228 0.280489 -0.118386 0.106304 0.150220
-0.073185 -0.128252 0.334370 0.424755 0.564902 0.728624 -0.017611 0.360534 0.585253 1.000000 -0.269630 -0.033181 -0.329852 -0.198639 0.138844 0.348771 -0.424764 -0.328391 0.009710 0.112623 0.017820 0.071633 0.037055 0.226463 0.341262 0.321651 0.481229 0.519187 -0.320156 -0.299104 -0.467441 -0.391581 -0.440484 -0.367747 0.011122 0.176152 -0.108043 -0.037091 -0.088946 0.031841 -0.159622 -0.269169 0.104752 0.036420 0.072266 0.064302 0.073785 0.246457 0.199513 0.091760 0.223878 0.038185 -0.210781 -0.008013 -0.148862 -0.100376 -0.374397 -0.384756 0.210046 0.410706 -0.102197 0.071878 -0.356202 -0.267390 -0.004066 0.174833 -0.037340 0.160642 -0.122545 0.100283 -0.083029 -0.036849 -0.381575 -0.248674 -0.418402 -0.168381 -0.290184 -0.232187 -0.291081 -0.281757 -0.274904 -0.352578 0.086719 -0.047639 -0.075624 0.126387 0.172138 0.278628 0.145736 0.222290 0.226422 0.335458 0.174665 0.270845 -0.118433 -0.137398 -0.048796 -0.177664 -0.100267 0.099191 0.206171 0.331144 0.206474 0.243415 -0.051472 -0.035087 0.230610 0.083005 -0.064635 -0.184630 0.089082 -0.064891 0.195590 -0.111038 0.038110 0.114629
0.039385 -0.203783 -0.093102 -0.179053 -0.151944 -0.165662 0.157413 -0.015607 -0.043404 -0.269630 1.000000 0.457055 0.281125 0.362114 -0.258919 -0.118107 0.435858 0.430051 -0.208109 -0.179751 -0.113773 -0.196919 -0.113588 -0.156109 -0.465156 -0.427442 -0.176506 -0.234306 0.478624 0.425569 0.149617 0.407615 0.243394 0.366428 -0.057286 0.168491 -0.222447 -0.244907 -0.195263 -0.122384 -0.006552 0.062366 0.367771 0.384395 0.266806 0.257744 0.073824 0.151733 0.266061 0.150439 0.137372 0.209671 0.149351 -0.240368 -0.223297 -0.239707 0.195339 0.113025 0.047770 -0.153701 0.396780 0.230916 0.490164 0.530760 -0.166293 0.261137 0.009784 -0.124365 -0.179749 -0.306952 0.211973 0.263913 0.412513 0.369368 0.393201 0.321530 0.200133 0.080717 -0.029061 0.197930 0.252007 0.368023 -0.210584 -0.307586 -0.116356 -0.027382 -0.308925 -0.531999 -0.555707 -0.354070 -0.476803 -0.321678 -0.487028 -0.376975 -0.105438 -0.196549 -0.181737 -0.128430 -0.026862 -0.120088 -0.306482 -0.465749 -0.440107 -0.510386 -0.403401 -0.202943 -0.447503 -0.434725 -0.160122 -0.013077 -0.037424 -0.140946 -0.223045 0.053020 0.226748 -0.239393
-0.066133 -0.087612 0.095856 0.259061 -0.033872 0.078763 0.045507 0.375894 -0.022021 -0.033181 0.457055 1.000000 0.001112 0.685295 -0.297631 0.101994 0.193149 0.499668 -0.097179 -0.096931 -0.061976 0.014367 0.173651 0.333332 -0.318394 -0.258894 0.087833 0.041384 0.142378 0.448745 0.144492 0.432588 0.155823 0.173205 0.047099 0.019031 -0.270291 -0.172221 -0.367545 -0.225813 -0.294255 -0.179036 0.510658 0.517040 0.053810 0.150314 0.357659 0.328415 0.102133 0.138185 0.219837 0.271220 0.031866 -0.042439 -0.098292 -0.108527 -0.104855 -0.061265 -0.282954 -0.171045 0.012850 0.150117 0.241922 0.204592 -0.031898 0.258106 0.032354 -0.085620 -0.093711 -0.253629 0.228061 0.348481 0.156315 0.427664 0.141690 0.274842 0.069213 0.023911 0.250686 0.131675 0.165066 0.214136 -0.335913 -0.295026 0.023943 0.252365 -0.364992 -0.228600 -0.499211 -0.245416 -0.539211 -0.416732 -0.513088 -0.449866 -0.117482 -0.102620 -0.293479 -0.109511 -0.090076 -0.216279 -0.419550 -0.443201 -0.547990 -0.618210 -0.549185 -0.363213 -0.539002 -0.551358 -0.054293 -0.000685 -0.342257 -0.283684 -0.399126 -0.109366 0.201871 -0.147296
0.163643 -0.029201 -0.183281 -0.258432 -0.172149 -0.356343 -0.024905 -0.320136 -0.158002 -0.329852 0.281125 0.001112 1.000000 0.234201 0.272744 -0.024605 0.150405 -0.139193 -0.122328 -0.137571 -0.106493 0.017459 0.179076 -0.006552 0.012066 0.041960 -0.362049 -0.253423 0.023131 -0.194665 0.250596 0.230858 0.123588 0.144676 0.086131 0.146029 -0.008394 -0.083898 -0.126539 -0.280333 -0.088750 -0.043331 0.030085 0.079410 0.165842 0.143217 0.015350 0.125092 0.048161 0.144869 0.024019 0.143974 0.202726 0.110161 -0.032053 0.088691 0.208904 0.063972 0.175635 -0.005267 0.030217 -0.065277 0.082920 0.103723 0.127948 -0.010975 0.077104 -0.006699 -0.015630 -0.018381 0.138120 0.007104 0.131593 -0.076684 0.153425 -0.065752 0.073542 -0.016248 0.047940 0.087809 0.234892 0.134191 0.044472 -0.145938 0.139526 0.076949 0.221722 -0.135249 0.016772 -0.071499 -0.153439 -0.154982 -0.114020 -0.178144 -0.124389 -0.143807 -0.162886 0.002241 -0.169556 -0.004125 -0.188850 -0.171404 -0.150582 -0.040564 -0.018718 -0.134162 -0.006726 0.020177 0.048958 0.050396 0.006560 0.023706 -0.011764 -0.133848 -0.069569 -0.172273
-0.045298 0.131894 -0.013231 0.120434 -0.201063 -0.096117 0.176828 0.334358 -0.002400 -0.198639 0.362114 0.685295 0.234201 1.000000 -0.067233 0.332303 0.338450 0.257127 0.005046 -0.018146 -0.276859 -0.157890 -0.172879 0.089018 -0.193840 -0.120350 -0.135001 0.015398 0.132881 0.166608 0.094813 0.446397 0.306806 0.280074 -0.146737 0.047802 -0.382302 -0.309780 -0.431529 -0.323138 -0.113980 0.031475 0.250469 0.274165 0.135493 0.325192 0.066842 0.089154 0.186886 0.330915 0.191165 0.282441 0.039763 0.023897 -0.120765 -0.148643 -0.064183 0.024644 -0.066660 0.111391 0.033056 0.127856 0.333539 0.244044 -0.171558 0.097841 0.171261 0.059264 0.172880 0.069257 0.000902 0.175661 0.067930 0.078980 -0.031065 -0.031375 -0.002570 -0.034972 0.270181 0.123782 0.330833 0.233699 -0.060251 -0.075809 -0.071849 -0.025688 -0.259592 -0.166217 -0.250738 -0.145134 -0.305754 -0.289020 -0.364411 -0.395718 -0.120748 -0.027927 -0.490173 -0.145779 -0.232032 -0.400611 -0.291376 -0.383638 -0.447718 -0.408863 -0.463547 -0.394917 -0.414540 -0.248786 0.001971 -0.114219 -0.242480 -0.279143 -0.198014 -0.205239 0.056357 -0.123519
0.128771 0.141415 0.274079 0.112108 0.359792 0.232581 0.232798 -0.074187 0.401686 0.138844 -0.258919 -0.297631 0.272744 -0.067233 1.000000 0.451444 -0.069056 -0.295075 0.229706 0.252325 -0.111164 -0.140261 0.153640 0.218559 0.451225 0.194673 0.180755 0.397070 -0.127378 -0.414826 -0.204845 -0.343567 -0.080006 -0.139603 -0.037156 -0.136817 0.007118 0.128159 0.019854 -0.026361 0.268285 0.222172 -0.267795 -0.251844 -0.277634 -0.278767 -0.257657 -0.100475 -0.154589 -0.154991 -0.090208 -0.193189 -0.260425 0.140445 -0.068999 -0.020083 -0.163399 -0.111891 0.110538 0.188261 -0.272150 -0.278708 -0.154454 -0.205277 0.067659 -0.210304 0.073765 -0.061746 0.122019 0.135181 -0.172435 -0.177707 -0.111593 -0.307547 -0.122889 -0.232193 -0.064928 -0.056302 0.089743 -0.000801 0.098069 0.085277 0.519526 0.383425 0.155077 0.038173 0.275234 0.259388 0.451404 0.266388 0.220095 0.257310 0.028172 0.078973 0.030893 0.037859 -0.265849 -0.140268 -0.248327 -0.089590 -0.090671 0.118144 0.054158 0.158264 -0.037106 -0.003178 -0.019767 -0.024172 -0.035248 -0.163866 0.263552 -0.103864 0.132926 -0.152480 0.013087 -0.065965
0.048723 -0.013811 0.280937 0.521848 0.240113 0.440023 0.277147 0.472933 0.392429 0.348771 -0.118107 0.101994 -0.024605 0.332303 0.451444 1.000000 -0.144278 -0.315996 0.138546 0.044269 -0.035322 0.049068 -0.087607 0.254242 0.229715 0.359670 0.376581 0.555531 -0.085626 -0.150688 -0.197090 -0.105128 -0.095568 -0.181935 -0.219839 -0.051110 -0.315634 -0.192407 -0.163275 -0.108720 -0.047361 -0.143553 0.028647 -0.004250 -0.056477 0.058829 0.031612 0.044242 0.162591 0.144472 0.098731 -0.038114 -0.059497 0.121317 0.134479 0.047949 -0.200683 -0.334619 0.329872 0.488254 0.057740 0.043032 -0.087206 -0.112592 -0.251546 -0.109728 -0.016214 -0.066916 -0.054516 -0.089514 -0.059366 0.001718 -0.117917 -0.167727 -0.159336 -0.124560 -0.255907 -0.313770 0.032151 -0.311358 0.035264 -0.271863 0.232205 0.198203 -0.233297 -0.067939 0.122706 0.418957 0.378634 0.367545 0.088892 -0.055600 -0.138490 -0.205035 -0.187579 -0.073832 -0.451225 -0.318943 -0.334938 -0.300057 -0.152081 -0.082875 -0.113546 0.028140 -0.326054 -0.352792 -0.054132 -0.020888 -0.141170 -0.362104 -0.107866 -0.469392 -0.049858 -0.369945 -0.189655 -0.035238
0.204485 0.311091 -0.272861 -0.471046 -0.279065 -0.432368 -0.039600 -0.277763 -0.111927 -0.424764 0.435858 0.193149 0.150405 0.338450 -0.069056 -0.144278 1.000000 0.610285 0.260718 0.349585 -0.257821 -0.234748 -0.435040 -0.465958 -0.319029 -0.465284 -0.414346 -0.304927 0.579741 0.511408 0.054511 0.208223 0.650966 0.686530 0.067689 -0.053159 -0.084980 -0.107105 -0.247585 -0.337787 0.152967 0.121228 -0.004751 0.135436 0.062725 0.091773 -0.156651 -0.167717 0.037831 0.110402 -0.022892 0.144375 -0.038661 -0.076878 -0.242798 -0.128600 0.323421 0.382182 -0.291453 -0.259262 0.128552 0.115168 0.704452 0.612741 -0.057809 0.028206 0.108253 -0.158725 0.385404 0.044884 -0.111409 -0.146068 0.558664 0.314146 0.380710 0.108607 0.316608 0.179752 0.587661 0.557751 0.691993 0.605887 -0.105185 0.066841 0.087339 -0.172156 -0.282643 -0.271498 -0.386018 -0.428909 -0.373782 -0.298349 -0.378618 -0.368207 0.081077 0.069719 -0.149790 0.105230 0.038044 -0.109678 -0.318620 -0.383366 -0.141877 -0.238928 -0.186428 -0.171831 -0.327282 -0.234572 0.085418 0.164268 -0.155136 -0.000172 -0.206690 0.047889 0.162714 -0.015682
-0.073468 0.105698 -0.179222 -0.223520 -0.151734 -0.257241 -0.042158 -0.130534 -0.245544 -0.328391 0.430051 0.499668 -0.139193 0.257127 -0.295075 -0.315996 0.610285 1.000000 0.045872 0.169302 0.085427 0.030011 0.033570 -0.082594 -0.467561 -0.541780 -0.073039 -0.182731 0.336907 0.722526 0.176493 0.263205 0.381410 0.414514 0.057744 -0.128376 0.065974 0.024869 -0.006038 -0.004490 0.135375 0.128391 0.080355 0.147606 -0.175937 -0.142939 -0.079359 -0.174459 -0.105062 -0.138658 -0.030335 -0.012664 -0.243457 -0.161210 -0.105661 -0.148248 0.166589 0.363096 -0.506102 -0.495240 0.056555 0.014250 0.501079 0.362332 -0.021965 0.103689 -0.023796 -0.200794 0.129980 -0.130986 0.150344 0.236014 0.396023 0.621382 0.399689 0.416694 0.294352 0.359009 0.421719 0.572108 0.339115 0.609719 -0.286901 -0.092056 0.218233 0.098371 -0.406227 -0.372552 -0.440757 -0.396113 -0.463330 -0.252913 -0.416413 -0.337353 0.140622 0.055012 0.039060 0.108067 0.121335 -0.042046 -0.255522 -0.408332 -0.154830 -0.405010 -0.252167 -0.146123 -0.417436 -0.480318 0.043049 0.173602 -0.226158 -0.162481 -0.489546 0.124561 0.376702 -0.033066
0.436809 0.391312 0.226787 0.139118 0.078477 0.039453 -0.065651 -0.127416 0.112071 0.009710 -0.208109 -0.097179 -0.122328 0.005046 0.229706 0.138546 0.260718 0.045872 1.000000 0.789252 -0.114264 -0.164588 -0.170557 -0.127505 0.012153 -0.149492 0.081304 0.233269 0.308481 0.169849 -0.056218 -0.054751 0.364242 0.223925 0.070053 -0.332396 0.058913 0.099997 -0.028845 -0.124140 0.161330 0.052597 -0.384896 -0.205196 -0.275887 -0.352978 -0.128722 -0.383458 -0.249323 -0.251634 -0.216440 -0.153383 -0.234015 -0.020365 0.095293 0.159601 0.129757 -0.034270 -0.205145 -0.141975 -0.298928 -0.429935 0.182554 0.019999 -0.267739 -0.436193 -0.178338 -0.369146 0.548223 0.237247 -0.190195 -0.209007 0.391914 0.174422 0.219209 0.006000 0.305118 -0.005662 0.308860 0.053375 0.284844 0.115550 0.245064 0.407930 -0.058787 -0.214558 -0.046340 0.246918 0.178410 0.054722 0.067745 0.003517 -0.053195 -0.068446 0.306718 0.248943 -0.002187 0.142277 0.141432 0.146911 -0.016848 0.056875 0.103011 0.160378 -0.055934 -0.125196 0.052635 0.051128 0.086911 0.022427 -0.138869 -0.030035 0.000480 0.031235 -0.214398 -0.201179
0.261618 0.490052 0.109999 -0.121382 0.305092 0.080267 -0.098477 -0.229421 0.284814 0.112623 -0.179751 -0.096931 -0.137571 -0.018146 0.252325 0.044269 0.349585 0.169302 0.789252 1.000000 -0.130177 -0.223544 -0.239551 -0.166254 0.017080 -0.202095 0.068700 0.140839 0.246394 0.142888 -0.221764 -0.132952 0.264374 0.285779 0.054727 -0.199777 0.025045 0.005121 -0.158032 -0.176283 0.215413 0.116520 -0.299679 -0.078109 -0.059027 -0.212006 -0.222312 -0.218720 -0.085975 -0.147514 -0.199921 -0.081944 -0.377065 -0.069338 -0.236236 -0.105149 -0.022789 0.018628 -0.255826 -0.149512 -0.374834 -0.434895 0.197550 0.031944 -0.212378 -0.289699 -0.161576 -0.187878 0.604274 0.470690 -0.320167 -0.249097 0.151594 -0.006964 0.017142 -0.066760 0.167394 0.093112 0.270496 0.164153 0.329542 0.231435 0.316988 0.436160 0.099932 -0.135136 0.018336 0.134384 0.053269 -0.238160 0.158873 0.218846 0.025503 0.088225 0.176446 0.082224 0.052819 -0.012657 0.198998 0.152201 0.058744 0.124596 0.186381 0.186916 0.017899 0.007417 0.069989 0.064012 0.034111 -0.061759 0.040024 0.220646 0.150888 0.058764 -0.078793 -0.138652
-0.267381 -0.056468 -0.149208 -0.066908 0.121602 0.078846 -0.352867 -0.120760 -0.217185 0.017820 -0.113773 -0.061976 -0.106493 -0.276859 -0.111164 -0.035322 -0.257821 0.085427 -0.114264 -0.130177 1.000000 0.740706 0.272698 0.086071 0.172489 0.153795 0.506099 0.200889 -0.132091 0.161554 0.312648 -0.047895 -0.076662 -0.057513 0.352529 0.269809 0.127163 -0.068482 0.432672 0.196595 -0.034893 -0.116346 -0.112841 -0.129299 -0.225887 -0.221520 -0.039176 -0.103541 -0.345844 -0.412400 -0.170493 -0.380099 -0.203963 -0.137638 0.078385 -0.139932 -0.015235 0.142036 -0.101016 -0.115860 0.122176 -0.061868 -0.000315 -0.050363 0.191086 0.092867 0.060618 -0.020149 -0.173822 -0.184717 0.533376 0.291981 0.139041 0.391511 0.439045 0.552019 0.014084 0.117892 -0.066741 -0.148732 -0.023693 -0.197675 -0.041748 -0.164142 0.453124 0.312028 0.242505 0.025719 -0.031591 -0.104692 0.013053 -0.117713 -0.074386 -0.195397 -0.211143 -0.315829 0.174920 -0.334887 0.145701 -0.035098 -0.088648 -0.266878 0.004866 -0.110785 -0.158653 -0.226037 -0.098074 -0.170802 -0.306403 -0.175495 0.162997 -0.139995 -0.233519 -0.131122 -0.119081 -0.028180
-0.236545 -0.231044 -0.172100 0.028550 -0.084002 0.044326 -0.360138 -0.008773 -0.322546 0.071633 -0.196919 0.014367 0.017459 -0.157890 -0.140261 0.049068 -0.234748 0.030011 -0.164588 -0.223544 0.740706 1.000000 0.254172 0.098474 0.132716 0.325031 0.323007 0.262061 -0.305703 0.112253 0.270507 0.017509 -0.093406 -0.140346 0.226090 0.187919 0.069402 -0.024473 0.230639 0.016867 -0.302182 -0.351877 0.031328 0.016461 -0.138215 0.069452 0.071310 0.005933 -0.033273 -0.039153 0.131246 -0.108353 -0.098583 -0.005970 0.211380 0.062385 -0.030696 -0.045496 -0.107179 -0.022260 0.072290 0.063930 -0.192132 -0.180772 0.245025 0.236223 0.198512 0.154830 -0.261457 -0.234658 0.569260 0.369239 0.037305 0.314999 0.267181 0.346209 0.031526 0.095989 0.099342 -0.126870 -0.035242 -0.348069 -0.213274 -0.289084 0.309721 0.260026 0.320008 0.231435 0.013917 0.020319 -0.040102 -0.172943 -0.124453 -0.257712 -0.337092 -0.308164 -0.007571 -0.101082 -0.062795 -0.020870 -0.175740 -0.225708 0.051093 -0.022537 -0.085795 -0.297623 0.060758 -0.035694 -0.091571 0.162935 -0.069618 -0.309260 -0.293341 -0.279532 -0.130465 0.185629
-0.183835 -0.264041 0.375043 0.449463 0.251228 0.255069 0.115528 0.193489 0.019350 0.037055 -0.113588 0.173651 0.179076 -0.172879 0.153640 -0.087607 -0.435040 0.033570 -0.170557 -0.239551 0.272698 0.254172 1.000000 0.736073 0.134804 0.081771 0.321748 0.223906 -0.201840 -0.067288 0.277151 0.184471 -0.314473 -0.235908 0.291444 -0.040708 0.089339 0.155566 0.179651 0.058738 -0.120802 -0.130693 0.180902 0.079792 -0.110613 -0.247660 0.329485 0.278188 -0.223935 -0.229144 0.026329 -0.169920 -0.051213 0.196930 0.160277 0.098645 -0.294251 -0.155711 -0.240154 -0.272940 -0.190774 -0.191750 -0.383453 -0.341149 0.295058 -0.031630 -0.107955 -0.081667 -0.385199 -0.197638 0.320813 0.326996 -0.103818 0.124662 0.027418 0.098327 -0.121730 0.050250 -0.145794 -0.054413 -0.414947 -0.179629 -0.129190 -0.196297 0.213441 0.217944 -0.066000 -0.080645 0.070452 0.078473 -0.069340 -0.046156 -0.068392 -0.070701 -0.020138 0.000358 0.048316 -0.094315 -0.092284 -0.029399 -0.197193 -0.164556 -0.272963 -0.354574 -0.219998 -0.099405 -0.259108 -0.362568 -0.004586 0.053317 -0.012107 -0.114954 -0.162034 -0.105957 0.207489 -0.017407
-0.075030 -0.249547 0.460957 0.675557 0.252451 0.456800 0.194568 0.393001 0.225863 0.226463 -0.156109 0.333332 -0.006552 0.089018 0.218559 0.254242 -0.465958 -0.082594 -0.127505 -0.166254 0.086071 0.098474 0.736073 1.000000 0.259538 0.275326 0.412519 0.422329 -0.175698 -0.186163 0.071920 0.094020 -0.416458 -0.399736 0.048009 -0.122205 -0.053400 0.170522 0.016304 0.169427 -0.019159 -0.013629 0.241139 0.136037 -0.072916 -0.175804 0.333442 0.368079 -0.057841 -0.082768 0.117701 0.009962 -0.046153 0.223420 0.125513 0.063566 -0.449846 -0.366148 -0.225235 -0.105572 -0.390937 -0.231989 -0.406341 -0.400481 0.081801 -0.067469 -0.209251 -0.103630 -0.311748 -0.083934 0.141670 0.290426 -0.260554 -0.073462 -0.260949 -0.100210 -0.332844 -0.165739 -0.230810 -0.220664 -0.386754 -0.218313 0.139608 0.042346 0.037152 0.312765 -0.055491 0.098040 0.136427 0.260566 -0.021912 0.030363 -0.053193 -0.035779 0.065284 0.167819 -0.096621 -0.126366 -0.180216 -0.181293 -0.212200 -0.115542 -0.294884 -0.331958 -0.262935 -0.041191 -0.293137 -0.377803 0.051844 -0.191834 0.003774 -0.211800 -0.110450 -0.108859 0.245038 -0.012037
0.019144 -0.095627 0.404018 0.149956 0.268876 0.282548 0.057345 0.029567 0.352810 0.341262 -0.465156 -0.318394 0.012066 -0.193840 0.451225 0.229715 -0.319029 -0.467561 0.012153 0.017080 0.172489 0.132716 0.134804 0.259538 1.000000 0.643844 0.214081 0.400100 -0.236767 -0.506312 -0.111973 -0.391716 -0.094031 -0.185204 0.179884 0.215002 -0.040336 0.041145 0.036758 -0.025357 -0.001816 -0.105475 -0.113725 -0.040206 0.067197 0.120347 -0.076259 -0.011479 0.028521 0.026604 0.181028 0.030275 -0.110282 0.065434 0.056684 0.126404 -0.319043 -0.307669 0.096603 0.232774 -0.221057 -0.041204 -0.367922 -0.245872 0.314826 0.044459 0.221668 0.256188 -0.056279 0.061331 -0.108175 -0.258168 -0.226315 -0.374063 -0.299878 -0.371685 -0.351756 -0.358457 -0.099724 -0.276781 -0.159308 -0.365170 0.319642 0.011201 0.193378 0.087908 0.316877 0.257950 0.286965 0.253073 0.114221 0.201374 0.079702 0.038730 -0.052831 0.118175 -0.152525 -0.057850 -0.198379 -0.097168 -0.086476 0.075339 0.012407 0.154384 -0.008497 0.039206 0.074655 0.087682 0.114005 -0.285139 0.268834 -0.074312 0.135207 -0.265067 -0.035460 0.086391
-0.034690 -0.233478 0.081985 0.246590 0.035690 0.252001 -0.121012 0.081871 0.108108 0.321651 -0.427442 -0.258894 0.041960 -0.120350 0.194673 0.359670 -0.465284 -0.541780 -0.149492 -0.202095 0.153795 0.325031 0.081771 0.275326 0.643844 1.000000 0.152612 0.335717 -0.387125 -0.535981 0.066465 -0.145248 -0.230565 -0.363457 0.052884 0.214477 -0.054853 0.045277 0.089314 0.183989 -0.130798 -0.091373 -0.022100 -0.033355 0.133379 0.219936 0.086489 0.028478 0.207291 0.247594 0.313357 0.192571 0.032136 0.135984 0.233533 0.272148 -0.214079 -0.434456 0.165382 0.257385 -0.187769 -0.058495 -0.391884 -0.369628 0.323149 0.148051 0.168558 0.264188 -0.176370 -0.053614 0.126390 -0.004044 -0.314199 -0.316722 -0.333172 -0.353407 -0.319784 -0.332515 -0.324026 -0.415208 -0.368366 -0.521801 0.237377 0.060974 -0.001009 0.214444 0.405463 0.579924 0.330464 0.370703 0.065586 -0.050939 0.113524 0.015117 -0.008320 0.187862 -0.163005 0.030338 -0.275612 -0.118615 -0.023134 0.099558 0.037473 0.178905 0.069615 -0.017787 0.153657 0.193356 0.119357 -0.264441 -0.076015 -0.216558 0.034922 -0.284413 -0.229721 0.001180
-0.037578 -0.008615 0.395702 0.475136 0.618100 0.705035 0.096032 0.343879 0.321897 0.481229 -0.176506 0.087833 -0.362049 -0.135001 0.180755 0.376581 -0.414346 -0.073039 0.081304 0.068700 0.506099 0.323007 0.321748 0.412519 0.214081 0.152612 1.000000 0.793445 -0.171923 -0.085108 -0.226407 -0.257115 -0.368470 -0.320397 0.018285 -0.067031 -0.162801 -0.107799 0.228273 0.204396 -0.059494 -0.150627 -0.109983 -0.169897 -0.254199 -0.295987 0.040148 0.039209 -0.137346 -0.317563 -0.095249 -0.397344 -0.367981 -0.188670 0.060739 -0.158824 -0.197258 -0.098260 0.094438 0.160754 -0.045349 -0.085503 -0.236381 -0.213824 -0.071469 -0.011634 -0.024868 -0.093633 -0.225999 -0.059416 0.169354 0.205061 -0.178804 0.053081 -0.029754 0.163742 -0.325057 -0.202599 -0.271135 -0.353181 -0.305701 -0.360866 0.114933 -0.028900 0.026278 0.143085 0.112593 0.212684 0.151570 0.166382 0.171891 0.148434 0.035743 0.068734 -0.063716 -0.163731 0.022206 -0.386538 0.033033 -0.032415 -0.004651 0.024517 0.012160 -0.045560 -0.256191 -0.130027 -0.147453 -0.285735 -0.264284 -0.309553 0.117057 -0.209672 -0.078201 -0.120455 0.053318 -0.034775
0.102527 -0.090579 0.510681 0.576064 0.436223 0.721648 0.186451 0.384558 0.384183 0.519187 -0.234306 0.041384 -0.253423 0.015398 0.397070 0.555531 -0.304927 -0.182731 0.233269 0.140839 0.200889 0.262061 0.223906 0.422329 0.400100 0.335717 0.793445 1.000000 -0.188652 -0.219499 -0.281293 -0.264321 -0.248047 -0.308607 -0.139029 -0.161115 -0.225950 -0.064010 0.062335 0.029453 -0.014792 -0.114310 -0.088455 -0.115852 -0.228147 -0.086786 0.037030 0.024779 0.050985 -0.074409 0.126559 -0.254350 -0.299275 -0.065030 0.167072 0.017914 -0.204137 -0.290346 0.104991 0.304561 -0.196013 -0.101754 -0.302911 -0.308360 -0.128982 -0.065020 0.068082 -0.016681 -0.140116 -0.023232 0.066290 0.163166 -0.145657 -0.076124 -0.135101 -0.099093 -0.290898 -0.247164 -0.072530 -0.341662 -0.174843 -0.379417 0.256085 0.058417 -0.051372 -0.017631 0.148612 0.398928 0.317233 0.366831 0.139273 0.109240 -0.049225 -0.016835 -0.094080 -0.053738 -0.244394 -0.238573 -0.218309 -0.146639 -0.113546 0.038098 -0.045948 0.008314 -0.300026 -0.217143 -0.095084 -0.174449 -0.167603 -0.237035 0.072712 -0.409518 -0.059786 -0.268036 0.027822 0.023919
0.189721 0.029012 0.111197 -0.082114 -0.148516 -0.285511 0.047655 -0.133338 0.133772 -0.320156 0.478624 0.142378 0.023131 0.132881 -0.127378 -0.085626 0.579741 0.336907 0.308481 0.246394 -0.132091 -0.305703 -0.201840 -0.175698 -0.236767 -0.387125 -0.171923 -0.188652 1.000000 0.618857 0.148639 0.282161 0.460416 0.427832 -0.004889 -0.306652 -0.067508 0.044532 -0.053405 -0.025830 0.161055 0.074651 0.120076 0.259887 0.191223 -0.034887 0.207630 -0.013093 -0.023785 -0.017043 -0.080810 0.129542 0.118967 -0.104293 0.080671 0.219044 0.017295 -0.040296 -0.290291 -0.359617 0.032030 -0.025172 0.402513 0.388849 -0.240167 -0.214306 -0.246994 -0.488814 0.209553 -0.074585 0.057114 0.044264 0.728657 0.352137 0.371209 0.112725 0.241151 -0.018214 0.213684 0.261617 0.249329 0.314010 0.054052 0.089151 -0.315890 -0.323383 -0.368650 -0.327640 -0.324347 -0.190648 -0.420295 -0.320773 -0.416464 -0.380401 0.298364 0.317141 0.088648 0.224415 0.203375 0.039338 -0.354605 -0.404487 -0.249459 -0.379198 -0.257139 -0.062864 -0.451414 -0.396177 0.144121 0.080838 -0.207303 -0.023415 -0.179921 0.252075 0.188345 -0.085006
-0.110190 0.019414 -0.132930 -0.100315 -0.217452 -0.325022 -0.161116 -0.065789 -0.176507 -0.299104 0.425569 0.448745 -0.194665 0.166608 -0.414826 -0.150688 0.511408 0.722526 0.169849 0.142888 0.161554 0.112253 -0.067288 -0.186163 -0.506312 -0.535981 -0.085108 -0.219499 0.618857 1.000000 0.371951 0.456322 0.417856 0.428811 0.173739 -0.160584 0.086274 0.055631 -0.028558 -0.110475 -0.035451 -0.125082 0.234301 0.330110 -0.080019 -0.110697 0.261413 -0.038200 -0.142134 -0.182052 -0.073723 -0.027698 0.048530 -0.099571 0.092312 0.103082 0.071636 0.162666 -0.399656 -0.447680 0.186755 0.071172 0.420274 0.336882 -0.181849 -0.072398 -0.205947 -0.428398 0.034363 -0.328475 0.377506 0.314585 0.647833 0.751394 0.550147 0.539934 0.439166 0.296190 0.502453 0.364317 0.335559 0.389193 -0.353623 -0.052506 -0.033687 -0.082848 -0.410609 -0.268492 -0.476051 -0.398620 -0.524231 -0.467616 -0.558620 -0.521933 0.080774 0.024435 0.123535 0.114521 0.236643 0.014895 -0.308356 -0.445150 -0.182349 -0.418949 -0.329971 -0.275118 -0.384016 -0.450821 0.050984 0.263378 -0.396604 -0.180637 -0.489448 0.111720 0.154534 -0.041371
-0.271148 -0.122891 -0.326314 -0.101893 -0.380862 -0.441024 -0.362447 -0.231395 -0.410468 -0.467441 0.149617 0.144492 0.250596 0.094813 -0.204845 -0.197090 0.054511 0.176493 -0.056218 -0.221764 0.312648 0.270507 0.277151 0.071920 -0.111973 0.066465 -0.226407 -0.281293 0.148639 0.371951 1.000000 0.744388 0.239535 0.184943 0.415690 0.246723 0.186526 0.128526 0.174930 0.057390 0.026436 0.077402 0.239913 0.213669 -0.005493 -0.022421 0.347543 0.042426 -0.285560 -0.219115 -0.047710 -0.002681 0.214077 0.069317 0.127497 0.167835 0.058542 0.084555 -0.304258 -0.440101 -0.010451 -0.179854 0.138800 -0.026156 0.205617 -0.034175 -0.074674 -0.205936 -0.130888 -0.387575 0.566722 0.383716 0.419367 0.554272 0.477416 0.443419 0.386454 0.243598 0.138040 0.058370 0.086483 0.161887 -0.110542 0.009585 0.133029 0.064726 -0.027914 -0.116359 -0.219424 -0.266364 -0.314769 -0.524109 -0.336266 -0.416617 0.091133 0.102655 0.035673 0.002978 0.130368 -0.113705 -0.190763 -0.345647 -0.324638 -0.389966 -0.280410 -0.263144 -0.340199 -0.227995 -0.038343 0.043723 -0.240967 -0.117547 -0.302251 -0.023724 -0.142093 -0.263986
-0.308710 -0.098932 -0.158530 0.039298 -0.263681 -0.293757 -0.099434 0.078644 -0.177154 -0.391581 0.407615 0.432588 0.230858 0.446397 -0.343567 -0.105128 0.208223 0.263205 -0.054751 -0.132952 -0.047895 0.017509 0.184471 0.094020 -0.391716 -0.145248 -0.257115 -0.264321 0.282161 0.456322 0.744388 1.000000 0.232648 0.353630 0.230235 0.189233 -0.099742 -0.069050 -0.154874 -0.177220 -0.070722 0.021250 0.424312 0.390974 0.232804 0.216237 0.416783 0.232177 -0.018749 0.050414 0.098769 0.179541 0.258859 -0.000041 -0.057101 -0.008558 -0.112810 -0.000712 -0.285239 -0.292035 0.047710 -0.056253 0.185461 0.131683 -0.037546 0.019954 -0.082946 -0.070636 -0.141427 -0.221088 0.444794 0.481844 0.313955 0.416038 0.256397 0.276846 0.281072 0.274841 0.143172 0.160474 0.089122 0.191363 -0.165435 -0.063911 -0.100184 -0.101985 -0.211766 -0.242644 -0.391131 -0.405338 -0.347515 -0.489374 -0.431490 -0.439614 -0.048667 0.047161 -0.182116 -0.078251 -0.009559 -0.268743 -0.273598 -0.430821 -0.452971 -0.536350 -0.443064 -0.351027 -0.464365 -0.319303 0.045935 0.098826 -0.367016 -0.107173 -0.230489 -0.111423 0.008447 -0.222666
0.177842 0.203817 -0.060448 -0.335226 -0.332231 -0.452608 0.067352 -0.142137 -0.202082 -0.440484 0.243394 0.155823 0.123588 0.306806 -0.080006 -0.095568 0.650966 0.381410 0.364242 0.264374 -0.076662 -0.093406 -0.314473 -0.416458 -0.094031 -0.230565 -0.368470 -0.248047 0.460416 0.417856 0.239535 0.232648 1.000000 0.829588 0.147632 0.033456 -0.159603 -0.193739 -0.174725 -0.392927 0.056838 -0.042322 -0.035114 0.122074 0.089549 0.187170 -0.164953 -0.331189 -0.047804 0.082292 0.042499 0.124857 -0.017965 -0.125931 -0.012130 -0.015957 0.241302 0.204682 -0.304695 -0.249780 0.193498 0.037262 0.610725 0.490651 0.113490 -0.010166 0.289144 -0.020171 0.501505 0.052920 -0.059697 -0.206134 0.602031 0.368230 0.456553 0.150667 0.407408 0.067902 0.505831 0.406335 0.586076 0.347129 -0.152475 -0.070333 0.187244 -0.237616 -0.228000 -0.205563 -0.276730 -0.319415 -0.440605 -0.466416 -0.463286 -0.561806 0.062573 0.120886 -0.186144 0.157925 -0.031635 -0.219922 -0.336360 -0.452899 -0.277885 -0.287878 -0.325741 -0.374725 -0.354082 -0.237803 0.036007 0.170989 -0.123871 -0.240506 -0.335717 -0.111600 -0.068519 -0.070203
0.037934 0.337899 -0.037393 -0.376223 -0.162992 -0.309885 0.120808 -0.065718 -0.070416 -0.367747 0.366428 0.173205 0.144676 0.280074 -0.139603 -0.181935 0.686530 0.414514 0.223925 0.285779 -0.057513 -0.140346 -0.235908 -0.399736 -0.185204 -0.363457 -0.320397 -0.308607 0.427832 0.428811 0.184943 0.353630 0.829588 1.000000 0.307648 0.277249 -0.230583 -0.340076 -0.232536 -0.492377 -0.002709 -0.075201 0.036919 0.191568 0.182876 0.201212 -0.222482 -0.220724 -0.068903 0.027051 0.027861 0.052646 -0.078058 -0.168054 -0.286734 -0.300015 0.086539 0.332529 -0.232271 -0.184513 0.309821 0.162245 0.635681 0.670939 0.128606 0.126591 0.275799 0.149451 0.341256 0.143728 -0.037816 -0.154320 0.471612 0.290978 0.377842 0.163937 0.282086 0.152331 0.415444 0.389149 0.542033 0.385706 -0.204039 -0.133975 0.278878 -0.167793 -0.199600 -0.316472 -0.396805 -0.555437 -0.403786 -0.429100 -0.491978 -0.519718 -0.131715 -0.069325 -0.250848 -0.128736 -0.122030 -0.403766 -0.385515 -0.514914 -0.305627 -0.385804 -0.389978 -0.407270 -0.407797 -0.270016 -0.063666 0.056539 -0.102980 -0.125708 -0.285473 -0.236812 -0.010115 -0.056172
-0.179253 0.013415 -0.043964 -0.170824 0.096098 -0.068617 -0.378997 -0.205654 -0.034010 0.011122 -0.057286 0.047099 0.086131 -0.146737 -0.037156 -0.219839 0.067689 0.057744 0.070053 0.054727 0.352529 0.226090 0.291444 0.048009 0.179884 0.052884 0.018285 -0.139029 -0.004889 0.173739 0.415690 0.230235 0.147632 0.307648 1.000000 0.581083 0.270980 0.151454 0.132961 -0.110762 -0.245230 -0.164993 0.216965 0.249276 0.049237 -0.118835 0.242835 0.129646 -0.332733 -0.283612 0.095321 -0.024577 0.001752 0.129390 -0.184525 -0.145602 -0.161315 0.073970 -0.275820 -0.362384 0.096220 0.030574 0.215922 0.204086 0.579922 0.258225 0.281825 0.035831 -0.160485 -0.159085 0.391995 0.091657 0.245155 0.338250 0.364135 0.311050 0.282565 0.209132 0.115539 0.056956 0.152073 0.085388 -0.289109 -0.061123 0.552398 0.345964 -0.106929 -0.029330 -0.378609 -0.449351 -0.284971 -0.384438 -0.299394 -0.358611 0.026253 -0.016841 0.053339 -0.183355 0.055715 -0.135551 -0.278015 -0.354990 -0.197937 -0.345779 -0.323076 -0.330378 -0.284643 -0.348117 0.066476 0.082188 -0.008950 0.073209 -0.205299 -0.220968 -0.079623 -0.291727
-0.336079 -0.060373 -0.163655 -0.220868 0.034037 0.096047 -0.148620 0.020574 0.033322 0.176152 0.168491 0.019031 0.146029 0.047802 -0.136817 -0.051110 -0.053159 -0.128376 -0.332396 -0.199777 0.269809 0.187919 -0.040708 -0.122205 0.215002 0.214477 -0.067031 -0.161115 -0.306652 -0.160584 0.246723 0.189233 0.033456 0.277249 0.581083 1.000000 -0.095279 -0.304427 -0.026258 -0.181404 -0.233247 -0.173697 0.249188 0.205347 0.338663 0.381095 -0.059287 0.150444 0.101859 0.076415 0.212371 0.105889 0.036298 -0.094855 -0.359312 -0.426379 -0.133986 0.069739 0.173592 0.120956 0.354312 0.245235 0.202028 0.259944 0.387023 0.529476 0.420954 0.541738 -0.271244 -0.057911 0.163078 -0.023995 -0.113629 0.038876 0.100125 0.191329 0.014858 0.052012 -0.134488 -0.096125 0.144158 -0.048882 -0.214883 -0.327458 0.426787 0.252699 0.115570 -0.104205 -0.232353 -0.379964 -0.031433 -0.187084 -0.150322 -0.222679 -0.359115 -0.333549 -0.231040 -0.431949 -0.150066 -0.336933 -0.130297 -0.244855 -0.209952 -0.204951 -0.265524 -0.315659 -0.085201 -0.037727 -0.179966 -0.187658 0.233234 -0.015452 0.001347 -0.338285 -0.160899 -0.150494
