1.000000 0.024109 -0.096971 -0.308402 -0.173153 -0.148097 -0.301098 -0.426610 -0.133528 -0.001818 0.106212 -0.443423 -0.193598 -0.427240 0.247977 0.085378 0.228124 -0.059833 0.457580 0.075550 -0.181533 -0.182144 -0.089163 -0.272008 -0.268653 -0.221758 -0.069578 -0.056530 0.001311 0.000471 -0.106317 -0.288613 0.194377 0.012927 0.258441 0.199348 0.257777 0.080718 0.347309 -0.022277 0.128978 -0.233127 -0.098534 -0.177661 -0.185527 -0.201323 0.128589 0.060028 -0.239758 -0.077612 -0.267889 -0.193312 0.174208 0.123918 0.284746 0.240094 0.615791 0.140941 0.331822 -0.189481 0.316914 -0.255340 0.220752 0.158778 -0.259076 -0.500550 0.183503 -0.286897 0.286848 -0.298507 -0.073483 -0.146383 -0.048969 -0.116586 -0.092307 0.132298 0.296204 0.081506 0.207810 -0.061761 0.499821 0.350188 0.597361 0.355211 0.368312 0.267924 0.496946 0.345294 0.371192 0.201757 -0.039228 0.232307 -0.122485 0.050422 0.149050 0.128064 -0.044198 0.029417 0.215898 0.307040 -0.247608 0.025020 -0.022530 -0.073570 -0.065553 -0.102985 -0.175098 -0.247437 0.026711 0.048532 0.007206 0.062718 0.303248 0.041169 0.148823 -0.096298
0.024109 1.000000 -0.390025 0.018493 -0.175970 -0.210303 -0.212249 -0.052640 -0.031737 0.050171 0.030034 0.098613 -0.063507 0.007665 0.053753 0.145316 0.036454 0.226583 -0.008875 0.137224 0.192853 0.004536 -0.236305 -0.056895 -0.159192 -0.121948 -0.013033 -0.113164 -0.105389 0.357427 -0.143451 -0.176557 -0.086826 -0.133515 -0.225390 0.030967 0.195416 0.460257 0.155660 0.224986 0.169516 0.313305 -0.469788 -0.312090 -0.393449 -0.469877 0.023071 0.081790 -0.465063 -0.139131 -0.527515 -0.188266 -0.016129 0.151195 -0.023773 -0.041172 -0.211929 0.498246 0.098703 0.313039 0.005418 0.111661 0.127020 0.005798 -0.206015 -0.140598 0.108200 -0.073260 -0.064275 0.127816 0.050234 0.009267 -0.034897 0.315942 0.208383 0.167918 0.151908 0.456978 -0.082823 0.522761 0.072088 0.339144 0.208682 0.184840 0.116378 -0.028704 0.045292 -0.019177 0.149664 0.009967 0.247117 -0.093569 0.070890 0.019162 -0.061161 -0.102000 0.014851 -0.147356 0.458177 -0.304385 0.048851 0.034119 0.105558 0.047194 -0.123340 -0.144392 -0.117862 -0.159490 -0.037020 0.054438 -0.145677 0.068156 -0.032621 0.153160 0.068699 -0.094309
-0.096971 -0.390025 1.000000 0.288309 0.585343 0.451983 0.653436 0.427194 0.272719 -0.045250 0.068271 0.131997 0.128033 0.039182 0.064418 -0.082073 -0.159808 -0.279117 0.280011 0.155532 0.088280 0.151413 0.375476 0.271153 0.434071 0.342587 0.274711 0.316566 0.259698 -0.323252 0.258483 0.359910 0.023841 0.181360 -0.132926 -0.225939 -0.463901 -0.327839 -0.227007 -0.046490 -0.302390 -0.026743 0.065892 0.123180 0.367383 0.442808 -0.247916 -0.041480 0.571214 0.250809 0.440780 0.356742 -0.069455 -0.089662 -0.076646 0.018199 -0.081747 -0.470764 -0.110075 0.096374 0.124004 0.072702 -0.264751 -0.148617 0.423238 0.325210 -0.045079 0.210958 0.179810 0.171104 0.061832 -0.057257 0.093087 0.073546 0.097107 -0.069912 -0.163027 -0.371492 -0.115388 -0.338297 -0.222963 -0.353387 -0.188608 -0.269914 -0.308943 -0.050920 0.076046 -0.077926 -0.012646 0.059487 -0.111765 -0.062721 -0.130119 -0.161167 -0.226484 -0.111266 -0.047972 0.099064 -0.590229 -0.057231 -0.179436 -0.297588 -0.423662 -0.402246 -0.253819 -0.274717 -0.110038 -0.141993 0.046617 0.045445 0.056955 -0.204827 -0.225314 -0.406266 -0.189685 -0.106036
-0.308402 0.018493 0.288309 1.000000 0.502600 0.655907 0.353707 0.728879 0.357380 0.165918 -0.141047 0.468926 0.104069 0.403960 0.217227 0.141803 -0.489314 -0.500838 -0.054976 0.306845 0.257555 0.351413 0.224588 0.521073 0.316553 0.433006 0.350010 0.467177 -0.136107 -0.243342 -0.055069 0.321145 -0.055110 0.121727 -0.064626 -0.238331 -0.190917 -0.141975 -0.209755 0.118869 -0.331531 -0.002443 -0.035510 0.052367 0.136881 0.210806 -0.041015 0.117264 0.047624 -0.202622 0.182526 0.119878 -0.069009 -0.331337 -0.221042 -0.194253 -0.357813 -0.396176 -0.431511 0.177927 -0.164102 0.103780 -0.271903 -0.292981 0.356623 0.541754 -0.211673 0.364772 -0.050554 0.132918 -0.298587 0.066351 -0.252280 -0.085891 -0.111465 -0.135402 -0.446313 -0.111051 -0.308234 -0.139400 -0.335328 -0.352146 -0.189550 -0.075944 -0.014403 0.321101 0.008649 -0.245541 0.067945 0.048518 0.081458 -0.548293 0.397381 -0.307381 -0.041398 -0.118366 0.087291 0.077074 -0.395348 -0.431443 -0.001052 -0.545814 -0.457405 -0.517237 -0.278969 -0.346742 -0.144885 -0.336505 0.263393 0.190844 0.112997 -0.068142 -0.499104 -0.127115 -0.239950 -0.265601
-0.173153 -0.175970 0.585343 0.502600 1.000000 0.513159 0.671739 0.530371 0.774920 0.483633 -0.000858 0.345733 0.228988 0.370160 0.439850 0.321418 -0.301502 -0.413212 0.072466 0.116291 0.084947 0.016834 0.395939 0.350656 0.606737 0.273645 0.246405 0.245817 0.230258 -0.227302 0.320507 0.362189 -0.206837 -0.050804 0.044484 -0.024591 -0.119748 -0.264117 -0.421607 -0.338541 -0.147321 -0.235952 0.019233 -0.034379 0.090816 0.193226 -0.171730 0.007888 0.235117 -0.065110 0.323738 0.266211 0.074686 -0.208143 -0.263789 -0.187873 -0.269279 -0.439289 -0.231934 0.088490 0.076620 0.155321 -0.291117 -0.183084 0.552019 0.397475 -0.135795 0.158872 0.127400 0.347700 -0.055272 -0.028499 0.013373 -0.053391 -0.138481 -0.258876 -0.221708 -0.279178 -0.109209 -0.231656 -0.196320 -0.239337 -0.084952 -0.141067 -0.058686 -0.035100 -0.047850 -0.245994 0.069392 -0.155410 -0.069140 -0.302769 0.171599 -0.198052 -0.087549 -0.153549 -0.057104 0.023216 -0.427298 -0.295925 -0.018701 -0.250044 -0.410820 -0.393279 -0.336773 -0.318072 -0.275467 -0.252625 0.042692 0.112117 0.102620 -0.092863 -0.374543 -0.274874 -0.338024 -0.263362
-0.148097 -0.210303 0.451983 0.655907 0.513159 1.000000 0.382303 0.495136 0.232231 -0.036763 -0.126759 0.049314 -0.034671 0.106827 0.331938 0.056553 -0.423809 -0.542302 0.204659 0.370635 0.258146 0.407193 0.623594 0.706182 0.478173 0.637000 0.753974 0.819560 -0.187952 -0.554893 -0.040995 0.425621 -0.021583 0.169760 0.210977 -0.199232 -0.434581 -0.378231 -0.089769 0.094257 -0.474519 -0.135988 0.135038 0.237706 0.067311 0.116831 0.114257 0.090039 0.199868 -0.001312 0.350983 0.112461 -0.161093 -0.215884 -0.258499 -0.218940 -0.180891 -0.247124 -0.479094 0.055952 -0.195512 -0.098592 -0.465683 -0.392602 0.346758 0.471932 -0.309048 0.120472 0.144074 0.268778 -0.139506 -0.107850 -0.388609 -0.140424 -0.124302 -0.063201 -0.391444 -0.223028 -0.352662 -0.292079 -0.261990 -0.358026 0.044718 -0.038540 0.101250 0.246230 0.163704 -0.108571 0.245970 0.182138 -0.042455 -0.359580 0.292714 -0.173689 -0.036220 -0.182574 0.022518 -0.013528 -0.572089 -0.349742 -0.285007 -0.554289 -0.443279 -0.522305 -0.154430 -0.211944 -0.128469 -0.306148 0.273088 0.102175 0.130632 -0.165034 -0.433654 -0.093163 -0.300442 -0.244266
-0.301098 -0.212249 0.653436 0.353707 0.671739 0.382303 1.000000 0.552663 0.477409 0.076891 0.094287 0.505687 0.532393 0.413578 0.197856 0.047724 -0.312144 -0.279908 0.124979 0.146418 0.089296 0.008561 0.500205 0.393076 0.444939 0.223631 0.167020 0.200714 0.301563 -0.211144 0.216032 0.298235 -0.280024 0.053078 -0.148346 -0.302415 -0.346118 -0.316904 -0.371983 -0.237665 -0.347089 -0.107323 -0.181514 -0.063041 0.081830 0.155979 -0.382135 -0.058408 0.297469 -0.057109 0.484142 0.078913 -0.100121 -0.324827 -0.277500 -0.227522 -0.395926 -0.416536 -0.302860 -0.045489 0.194768 0.068143 -0.315212 -0.257605 0.772471 0.476916 -0.337782 0.077423 0.048262 0.209506 0.057619 -0.081538 0.054809 0.089864 0.084301 -0.113744 -0.028053 -0.187676 -0.211931 -0.130993 -0.255080 -0.341274 -0.181277 -0.178843 -0.079426 0.100517 -0.025941 -0.098235 -0.037361 0.026254 0.080819 -0.128740 0.229766 -0.031160 -0.287793 -0.286939 -0.121911 -0.013364 -0.566214 -0.330020 -0.085963 -0.288404 -0.459324 -0.401387 -0.283747 -0.263237 -0.235178 -0.133524 0.045812 0.112031 0.002934 -0.291369 -0.417539 -0.312952 -0.295568 -0.145221
-0.426610 -0.052640 0.427194 0.728879 0.530371 0.495136 0.552663 1.000000 0.453424 0.092875 0.082782 0.703027 0.332763 0.620166 -0.041740 0.048106 -0.527810 -0.356786 -0.351349 0.010851 0.353135 0.460492 0.093782 0.327817 0.302885 0.347603 0.210045 0.317144 -0.075603 -0.085421 -0.172163 0.193905 -0.211719 0.094586 -0.075243 -0.058848 -0.402598 -0.132616 -0.268412 0.146600 -0.455988 -0.015159 -0.088809 -0.013827 0.247012 0.375341 -0.220049 0.138613 0.322072 -0.065179 0.302153 0.211763 -0.052263 -0.338448 -0.241274 -0.190840 -0.371791 -0.634673 -0.322429 0.227637 0.112498 0.509448 -0.181719 -0.143193 0.553657 0.846003 -0.282824 0.480092 0.002269 0.308195 -0.203636 -0.001747 -0.255413 -0.126917 -0.175273 -0.277013 -0.474459 -0.068465 -0.367017 -0.093233 -0.260222 -0.292633 -0.329958 -0.245461 -0.149703 0.051202 -0.059236 -0.248811 -0.186220 0.046422 0.134313 -0.419950 0.274801 -0.237838 -0.220303 -0.240168 -0.049174 -0.001937 -0.481542 -0.454837 0.244795 -0.378237 -0.405888 -0.401317 -0.337600 -0.358636 -0.182037 -0.243373 0.181873 0.102841 0.090052 -0.255949 -0.653114 -0.052232 -0.351175 -0.371201
-0.133528 -0.031737 0.272719 0.357380 0.774920 0.232231 0.477409 0.453424 1.000000 0.767797 0.047612 0.479638 0.378000 0.599092 0.446725 0.575933 -0.368998 -0.238391 -0.081908 0.034477 -0.056385 -0.251609 0.236497 0.227927 0.465466 0.096557 -0.061837 -0.010263 0.196021 -0.019457 0.264019 0.213995 -0.297544 -0.171943 0.030266 0.034464 0.069755 -0.068974 -0.564797 -0.480884 0.020343 -0.204041 -0.068748 -0.156861 -0.077020 -0.057017 -0.095285 0.026752 0.072576 -0.285070 0.243474 0.094547 0.117803 -0.310706 -0.319667 -0.237878 -0.298812 -0.388985 -0.070364 -0.044232 0.263125 0.304876 -0.264534 -0.247683 0.638812 0.470114 -0.158194 -0.023565 0.028920 0.272745 -0.128438 -0.056264 -0.039727 -0.028619 -0.073047 -0.292857 -0.137327 -0.082510 -0.032854 -0.082069 -0.144200 -0.162145 -0.132202 -0.153317 0.081507 -0.019550 -0.171496 -0.268770 -0.005446 -0.324096 -0.048493 -0.162600 0.392037 -0.034285 -0.048837 -0.121184 0.007899 0.030305 -0.176496 -0.198616 0.210406 -0.065908 -0.270814 -0.212932 -0.353564 -0.301145 -0.397579 -0.262440 -0.004169 0.170384 0.032132 0.082027 -0.220650 0.026601 -0.311561 -0.310884
-0.001818 0.050171 -0.045250 0.165918 0.483633 -0.036763 0.076891 0.092875 0.767797 1.000000 -0.047903 0.230041 0.177783 0.414741 0.369569 0.641879 -0.087837 0.001310 -0.044593 0.060120 -0.138535 -0.439770 -0.074724 -0.065073 0.200365 -0.123726 -0.259401 -0.248250 0.196099 0.229326 0.321019 0.076933 -0.159638 -0.244293 0.023264 0.073760 0.444556 0.140160 -0.335145 -0.421959 0.323819 -0.101211 0.045582 -0.087364 -0.194357 -0.198855 0.097783 0.025931 -0.207792 -0.277113 -0.113234 0.086270 0.201999 -0.042025 -0.107987 -0.034524 -0.079275 -0.061359 0.006381 -0.082631 0.072532 0.197982 -0.121934 -0.149831 0.277869 0.130376 -0.013512 -0.194462 0.095862 0.065176 -0.066327 0.152839 0.120871 0.105575 -0.018798 -0.230858 0.132134 -0.032629 0.236793 -0.007451 -0.042810 -0.026033 -0.036502 -0.012567 0.099959 -0.079164 -0.195789 -0.194500 0.070768 -0.402541 -0.124176 -0.109873 0.252089 -0.177441 0.228394 0.192630 0.189128 0.164960 0.133193 0.056192 0.127430 0.000161 -0.162860 -0.158013 -0.277335 -0.248183 -0.361682 -0.252097 -0.083179 0.231888 0.101697 0.386828 0.157439 0.067190 -0.207591 -0.219593
0.106212 0.030034 0.068271 -0.141047 -0.000858 -0.126759 0.094287 0.082782 0.047612 -0.047903 1.000000 0.309091 0.547869 0.290623 -0.076188 -0.018755 -0.004452 -0.002358 0.103364 -0.173428 0.039092 -0.065148 -0.137598 -0.154970 -0.152186 -0.142943 -0.136366 -0.031931 0.296683 0.072666 0.053220 -0.054130 0.043811 -0.187364 -0.037498 -0.105586 -0.075340 -0.025860 0.025764 -0.125251 0.200080 0.097363 -0.015684 0.015843 0.044173 0.172153 -0.135315 -0.092208 0.308022 0.363349 0.028261 0.299767 0.498006 -0.010876 0.110301 0.078228 -0.225776 -0.317254 0.319128 0.216573 0.495847 0.273933 0.364770 0.464563 -0.061270 -0.038524 0.195530 0.112833 -0.113798 0.039088 0.216114 -0.009926 0.241520 0.097063 0.238191 -0.206017 0.056494 -0.047932 -0.005562 0.092691 0.083635 0.112338 -0.058008 -0.195345 -0.081584 -0.208022 -0.059102 -0.220289 -0.222068 -0.021402 0.116605 -0.008145 -0.078450 -0.097173 -0.060105 0.024365 0.015669 -0.006536 0.139667 -0.007694 0.054321 0.006716 -0.026685 -0.089543 -0.210912 -0.198178 -0.038083 -0.116418 0.136703 -0.011885 -0.174755 -0.063097 -0.090731 -0.097550 -0.229787 -0.143160
-0.443423 0.098613 0.131997 0.468926 0.345733 0.049314 0.505687 0.703027 0.479638 0.230041 0.309091 1.000000 0.589508 0.866487 0.004610 0.350408 -0.242241 -0.103597 -0.402041 0.011207 0.210724 0.166527 -0.078125 0.168947 0.237366 0.141298 -0.131712 -0.008911 0.273040 0.274830 0.105063 0.234257 -0.239318 0.020774 -0.301861 -0.140295 -0.072476 -0.039218 -0.407846 -0.189015 -0.058479 0.166972 -0.125465 -0.018826 0.076215 0.195392 -0.282457 0.037321 0.105955 -0.172315 0.132699 0.079023 0.076879 -0.359892 -0.246331 -0.265563 -0.435149 -0.489369 -0.221549 0.020260 0.135058 0.431203 0.075114 0.011872 0.487284 0.602329 -0.330565 0.158132 -0.252037 0.058166 0.094204 0.167682 0.153966 0.115320 0.072598 -0.363934 -0.128103 0.035758 -0.103189 0.132538 -0.122743 -0.144159 -0.454252 -0.113540 -0.214134 -0.016617 -0.317912 -0.397344 -0.447137 -0.281652 0.179076 -0.383245 0.279343 -0.205607 -0.299336 -0.326588 -0.118580 -0.146260 -0.240421 -0.482263 0.337395 -0.134384 -0.233207 -0.167006 -0.306437 -0.260350 -0.202071 -0.137786 -0.103504 -0.008852 -0.061845 -0.241382 -0.507408 -0.102567 -0.348402 -0.277472
-0.193598 -0.063507 0.128033 0.104069 0.228988 -0.034671 0.532393 0.332763 0.378000 0.177783 0.547869 0.589508 1.000000 0.630541 0.120455 0.069135 -0.313825 -0.081579 -0.005222 -0.038037 -0.173904 -0.269343 0.146381 0.134378 0.089647 -0.044729 -0.164296 -0.018944 0.270094 0.014120 0.128396 0.153644 -0.298101 -0.158013 -0.106190 -0.311218 0.026369 -0.141551 -0.141382 -0.277435 0.063591 -0.055169 -0.171824 -0.056063 -0.066342 -0.048708 -0.206650 -0.042868 0.238560 -0.097833 0.272526 -0.030724 0.234145 -0.301352 -0.079485 -0.146637 -0.469607 -0.335274 0.012414 -0.058811 0.441420 0.144379 -0.150243 -0.103479 0.519877 0.273864 -0.254972 -0.064122 -0.060877 0.100679 0.004004 -0.122988 0.136289 0.041304 0.151562 -0.178807 0.023949 -0.093003 -0.050097 0.087039 -0.132840 -0.168429 -0.142018 -0.269334 0.112754 0.035588 -0.127642 -0.179972 -0.061297 -0.091795 0.121791 -0.029265 0.256084 0.000465 -0.068778 -0.116157 0.062770 0.003722 -0.170314 -0.227493 0.046460 -0.151576 -0.214641 -0.198736 -0.256625 -0.201587 -0.190177 -0.104922 0.065004 0.160830 -0.044247 -0.045273 -0.198468 -0.058863 -0.230651 -0.130366
-0.427240 0.007665 0.039182 0.403960 0.370160 0.106827 0.413578 0.620166 0.599092 0.414741 0.290623 0.866487 0.630541 1.000000 0.106507 0.500604 -0.284216 -0.033834 -0.409836 -0.051403 0.038863 0.020818 -0.017499 0.177683 0.237133 0.114607 -0.120955 0.016107 0.125570 0.229571 0.058410 0.184399 -0.259695 -0.059257 -0.142327 -0.076014 -0.039818 -0.158266 -0.392374 -0.327099 -0.076131 -0.006158 -0.008609 -0.033783 0.001421 0.036553 -0.173800 -0.022025 0.124518 -0.258622 0.244587 0.002701 0.108404 -0.433729 -0.210444 -0.317510 -0.397600 -0.409527 -0.169550 -0.041678 0.150941 0.444044 -0.056598 -0.127872 0.478061 0.611478 -0.391139 -0.014375 -0.263211 0.081137 0.010030 0.106282 -0.001774 0.019807 0.022509 -0.370110 -0.136306 -0.030804 -0.058053 0.052404 -0.127522 -0.158975 -0.437428 -0.101828 -0.047027 -0.061330 -0.338375 -0.358270 -0.334104 -0.256898 0.081443 -0.364003 0.337739 -0.107295 -0.176324 -0.201483 -0.076794 -0.096733 -0.234390 -0.382388 0.324776 -0.080179 -0.125997 -0.102777 -0.231569 -0.178818 -0.163148 -0.091205 -0.048465 -0.056159 -0.113594 -0.154100 -0.359612 0.016590 -0.304596 -0.243515
0.247977 0.053753 0.064418 0.217227 0.439850 0.331938 0.197856 -0.041740 0.446725 0.369569 -0.076188 0.004610 0.120455 0.106507 1.000000 0.566558 -0.122872 -0.224735 0.298460 0.465640 -0.044518 -0.192418 0.539564 0.542818 0.468142 0.285285 0.418703 0.391057 0.197205 -0.168091 0.297468 0.258448 -0.163450 -0.125208 0.035104 -0.176864 0.147210 -0.223190 -0.135570 -0.389789 0.138167 0.031208 -0.137917 0.069716 -0.372654 -0.449512 0.261785 0.268676 -0.231113 -0.160462 0.000492 -0.221152 -0.026851 -0.102923 -0.336115 -0.308791 -0.035700 0.056515 -0.236552 -0.329930 -0.025212 -0.393878 -0.295776 -0.399467 0.274572 -0.103818 -0.106153 -0.265046 0.219651 0.211777 -0.095950 -0.055739 0.045077 0.257760 -0.065733 -0.112877 0.228236 0.156465 0.053748 0.222176 0.078671 -0.062028 0.510715 0.280426 0.559203 0.269594 0.081263 -0.080340 0.256907 -0.229971 -0.033957 -0.063704 0.263415 0.260844 0.030385 -0.343745 0.078442 -0.156616 -0.059399 -0.259233 -0.270579 -0.029774 -0.326085 -0.236567 -0.422204 -0.344103 -0.424042 -0.359221 -0.043747 0.166703 0.208806 -0.054082 -0.217234 0.018603 -0.301214 -0.264125
0.085378 0.145316 -0.082073 0.141803 0.321418 0.056553 0.047724 0.048106 0.575933 0.641879 -0.018755 0.350408 0.069135 0.500604 0.566558 1.000000 0.081504 0.080264 -0.061239 0.198241 -0.005325 -0.139749 0.061231 0.143984 0.343259 0.155694 0.066119 0.092490 0.161670 0.310017 0.206032 0.115901 -0.071134 -0.054245 -0.055407 0.068415 0.230983 -0.047874 -0.319958 -0.431296 0.137637 0.098351 -0.043031 -0.051137 -0.368857 -0.398763 0.180226 0.082785 -0.296058 -0.357908 -0.105590 -0.201438 0.052336 -0.205243 -0.184846 -0.250738 0.056935 0.025335 -0.072322 -0.280090 0.002794 0.019342 -0.009618 -0.251409 0.191496 0.102557 -0.187174 -0.411781 -0.076427 -0.013683 0.014767 0.212290 0.033916 0.217577 -0.024311 -0.298836 0.189112 0.155142 0.218499 0.187067 0.124402 0.068494 0.009568 0.348346 0.133739 -0.037423 -0.149511 -0.245268 -0.082057 -0.426990 -0.109911 -0.250379 0.202972 -0.007905 -0.022794 -0.230928 -0.060728 -0.156390 0.022733 -0.211817 0.044114 0.122419 -0.080504 0.017230 -0.234419 -0.138494 -0.276728 -0.151593 -0.269989 -0.084383 -0.016664 -0.033352 -0.028343 0.075081 -0.195014 -0.186826
0.228124 0.036454 -0.159808 -0.489314 -0.301502 -0.423809 -0.312144 -0.527810 -0.368998 -0.087837 -0.004452 -0.242241 -0.313825 -0.284216 -0.122872 0.081504 1.000000 0.555351 0.047448 0.209239 0.025091 -0.108319 -0.241845 -0.284903 -0.125330 -0.131964 -0.146457 -0.246205 0.421227 0.272662 0.312516 0.052074 0.203067 0.096275 -0.112284 0.008417 0.271742 -0.030323 0.040709 -0.224866 0.343671 0.139630 0.128039 -0.028250 0.133566 0.012734 -0.049825 -0.186805 -0.186139 0.294774 -0.173901 0.069518 -0.015035 0.409875 -0.009891 -0.022910 0.606065 0.432691 0.036281 -0.332747 -0.279180 -0.317769 0.553289 0.371496 -0.409724 -0.482155 0.081611 -0.307722 0.024419 -0.235112 0.445364 0.240923 0.497635 0.225454 0.215178 -0.022401 0.509416 -0.073687 0.663317 0.107479 0.638086 0.469586 0.066933 0.216361 -0.140192 -0.151287 -0.287511 -0.106601 -0.274572 -0.257141 -0.074136 0.121190 -0.472617 -0.059438 0.060637 0.041735 -0.174361 -0.159856 0.238388 0.314454 -0.010737 0.316643 0.086827 0.194474 0.105892 0.155959 -0.040395 0.093077 -0.444616 -0.281249 -0.186906 0.026364 0.381513 -0.176512 -0.022213 0.192307
-0.059833 0.226583 -0.279117 -0.500838 -0.413212 -0.542302 -0.279908 -0.356786 -0.238391 0.001310 -0.002358 -0.103597 -0.081579 -0.033834 -0.224735 0.080264 0.555351 1.000000 -0.215092 -0.042004 0.033629 -0.106084 -0.397346 -0.386978 -0.304550 -0.196194 -0.261760 -0.340146 0.120551 0.608166 0.075001 -0.122939 0.173731 0.082932 -0.108877 0.202322 0.059914 0.141433 0.142429 0.015011 0.168750 0.332189 -0.231986 -0.200809 -0.138442 -0.265028 -0.007662 0.022005 -0.272118 0.090488 -0.248764 -0.172394 -0.218621 0.265125 -0.058792 -0.080603 0.311815 0.437385 0.124245 -0.154275 -0.064065 0.084980 0.364671 0.243682 -0.224538 -0.265992 0.015626 -0.207565 0.015198 -0.046335 0.008550 0.221601 0.281298 0.305973 0.182611 -0.076445 0.440882 0.289367 0.423578 0.470721 0.415721 0.392631 0.022406 0.219444 -0.132841 -0.486259 -0.255597 0.066314 -0.330184 -0.226887 0.025582 0.092761 -0.460856 0.088576 0.046150 -0.056747 -0.097016 -0.114512 0.313963 0.157694 0.143642 0.388029 0.224060 0.324937 0.067492 0.132656 -0.061491 0.186603 -0.259819 -0.158482 -0.085506 0.009610 0.201959 0.014584 0.003874 0.053253
0.457580 -0.008875 0.280011 -0.054976 0.072466 0.204659 0.124979 -0.351349 -0.081908 -0.044593 0.103364 -0.402041 -0.005222 -0.409836 0.298460 -0.061239 0.047448 -0.215092 1.000000 0.444390 -0.312885 -0.295891 0.339263 0.115577 0.004969 -0.003931 0.157038 0.168106 0.146645 -0.340571 0.171827 0.083481 0.272221 0.112204 0.225319 -0.171887 0.154873 -0.021447 0.130294 -0.086118 0.077399 -0.121406 -0.010869 0.092878 -0.136333 -0.177584 0.221563 0.000953 -0.026105 0.042247 -0.035460 0.072981 0.244246 0.123636 0.088616 0.104796 0.081357 0.230579 0.011429 -0.025132 0.085743 -0.375768 -0.168851 -0.058659 -0.036408 -0.353547 0.158674 -0.153858 0.311033 -0.025045 0.036778 -0.189284 0.045724 0.131434 0.213429 0.277442 0.322399 -0.086473 0.020692 -0.132992 0.097568 0.100929 0.434268 0.138301 0.185781 0.110900 0.208521 0.068419 0.485236 0.096514 0.109766 0.241043 -0.016109 -0.028496 0.117937 0.111026 0.127163 0.097358 0.069841 0.069206 -0.497437 -0.284374 -0.317016 -0.377316 -0.186265 -0.239164 -0.220905 -0.354666 0.110887 0.207271 0.029407 0.184704 0.304896 -0.369426 -0.050988 -0.077654
0.075550 0.137224 0.155532 0.306845 0.116291 0.370635 0.146418 0.010851 0.034477 0.060120 -0.173428 0.011207 -0.038037 -0.051403 0.465640 0.198241 0.209239 -0.042004 0.444390 1.000000 0.082327 -0.003008 0.442774 0.589585 0.338285 0.499212 0.454506 0.450572 0.281154 -0.123646 0.301229 0.411061 0.121825 0.228875 -0.124031 -0.292968 0.047612 -0.210844 -0.104497 -0.110826 -0.044194 0.247085 -0.044920 0.215536 -0.018203 -0.164510 0.222956 0.236850 -0.228895 0.075409 0.036672 -0.067647 -0.145124 0.208468 -0.370414 -0.244894 0.120272 0.256625 -0.570366 -0.329857 -0.449496 -0.504887 -0.174909 -0.309383 0.111043 -0.030410 -0.241376 -0.170879 0.271837 0.158231 0.037416 -0.038149 0.043225 0.354553 0.181586 0.164461 0.236131 0.033538 0.149864 0.184096 0.275125 0.151129 0.373421 0.338833 0.336325 0.301747 -0.049878 -0.034420 0.119069 -0.137274 0.162728 -0.147089 0.080161 -0.041039 -0.027156 -0.333037 -0.050739 -0.183243 -0.120126 -0.310769 -0.402443 -0.279782 -0.573202 -0.447680 -0.418793 -0.381245 -0.463400 -0.463263 -0.123353 0.110933 0.128407 -0.015043 -0.112436 -0.179345 -0.424353 -0.296642
-0.181533 0.192853 0.088280 0.257555 0.084947 0.258146 0.089296 0.353135 -0.056385 -0.138535 0.039092 0.210724 -0.173904 0.038863 -0.044518 -0.005325 0.025091 0.033629 -0.312885 0.082327 1.000000 0.603439 -0.078130 0.202677 0.233020 0.442720 0.396493 0.354959 0.105045 0.138470 0.031062 0.077818 0.167551 0.202065 -0.023132 -0.031962 -0.423212 0.017419 -0.231297 0.209530 -0.225968 0.562364 -0.234798 -0.138778 -0.010058 0.169876 -0.197976 0.028620 -0.145890 0.160582 -0.109882 0.075438 -0.364499 0.041141 -0.452608 -0.315882 -0.031696 -0.068413 -0.229706 0.221394 -0.093508 0.194500 0.133885 0.122116 0.058743 0.221319 -0.000611 0.205097 -0.137682 0.188562 0.205973 0.388419 0.071286 0.282898 0.069928 -0.082079 -0.110838 0.167176 -0.177117 0.147571 0.039316 -0.039259 -0.122748 -0.082831 -0.240586 -0.130433 -0.117233 -0.195801 -0.389242 -0.164796 -0.111766 -0.358437 -0.068434 -0.169278 -0.337655 -0.322630 -0.233047 -0.213751 -0.144765 -0.302366 0.259026 -0.035927 -0.022498 -0.030210 -0.064355 -0.074958 -0.010418 -0.063100 -0.129406 -0.111417 -0.046274 -0.287703 -0.390836 0.125042 -0.062467 -0.104424
-0.182144 0.004536 0.151413 0.351413 0.016834 0.407193 0.008561 0.460492 -0.251609 -0.439770 -0.065148 0.166527 -0.269343 0.020818 -0.192418 -0.139749 -0.108319 -0.106084 -0.295891 -0.003008 0.603439 1.000000 -0.084784 0.204131 0.150611 0.465840 0.485412 0.513621 -0.176627 -0.039494 -0.266359 0.184986 0.258806 0.415611 0.115512 0.094071 -0.476057 -0.165784 0.092938 0.444028 -0.429311 0.330967 0.016624 0.129645 0.285199 0.372928 -0.004456 0.112500 0.150128 0.087084 0.019482 0.009993 -0.277005 -0.076241 -0.191455 -0.285858 0.078036 -0.154486 -0.246501 0.176442 -0.169210 0.262127 0.036701 0.057692 -0.019259 0.332125 -0.178296 0.344159 -0.059840 0.112017 -0.102882 0.194816 -0.198304 -0.026923 -0.124689 0.050583 -0.316148 0.012195 -0.249058 -0.057027 0.012518 -0.045757 -0.149209 0.018823 -0.219001 -0.093315 -0.057508 -0.251337 -0.285874 -0.015462 0.021080 -0.412733 -0.155013 -0.247696 -0.343524 -0.323505 -0.223795 -0.257670 -0.266937 -0.300901 0.060929 -0.169874 -0.103853 -0.082761 0.028005 -0.015356 0.091866 -0.031898 -0.002173 -0.256617 0.010802 -0.403418 -0.467810 -0.056728 -0.128356 -0.129014
-0.089163 -0.236305 0.375476 0.224588 0.395939 0.623594 0.500205 0.093782 0.236497 -0.074724 -0.137598 -0.078125 0.146381 -0.017499 0.539564 0.061231 -0.241845 -0.397346 0.339263 0.442774 -0.078130 -0.084784 1.000000 0.805809 0.614908 0.517451 0.571046 0.569859 0.109818 -0.606392 0.307557 0.413693 -0.188306 0.049199 0.049036 -0.357430 -0.359749 -0.485486 -0.277208 -0.321561 -0.305025 -0.140104 -0.001022 0.161898 -0.078085 -0.157694 0.002747 -0.013564 0.146592 0.027796 0.535411 -0.102460 -0.214073 -0.155385 -0.388394 -0.311995 -0.222485 0.007992 -0.456003 -0.296119 -0.177203 -0.475860 -0.548088 -0.517057 0.452399 0.149211 -0.371908 -0.209193 0.039651 0.224748 0.055936 -0.132987 -0.143420 0.054537 -0.013426 0.133339 -0.107961 -0.164626 -0.264071 -0.177568 -0.223067 -0.360916 0.161239 -0.008105 0.376194 0.323312 0.074117 0.026287 0.216020 0.073491 -0.076474 0.004785 0.310284 0.248430 -0.151813 -0.370573 -0.116202 -0.173276 -0.472360 -0.252828 -0.374221 -0.189978 -0.291350 -0.219837 -0.105110 -0.054953 -0.139663 -0.085131 0.024183 0.007012 0.012377 -0.238045 -0.264564 -0.003521 -0.232839 -0.045623
-0.272008 -0.056895 0.271153 0.521073 0.350656 0.706182 0.393076 0.327817 0.227927 -0.065073 -0.154970 0.168947 0.134378 0.177683 0.542818 0.143984 -0.284903 -0.386978 0.115577 0.589585 0.202677 0.204131 0.805809 1.000000 0.628826 0.739356 0.707803 0.743601 0.101999 -0.524576 0.201426 0.538166 -0.148336 0.098363 -0.052507 -0.439974 -0.328235 -0.382532 -0.269006 -0.122525 -0.281949 0.117729 -0.067540 0.228565 -0.063907 -0.126784 0.024393 0.132577 0.029640 -0.060720 0.378265 -0.093076 -0.348946 -0.123655 -0.518027 -0.356208 -0.301988 -0.047865 -0.670220 -0.255193 -0.378548 -0.413230 -0.563991 -0.548282 0.410442 0.337513 -0.469093 -0.074950 0.005260 0.321840 0.026494 -0.037398 -0.140391 0.126718 0.014404 0.082147 -0.157899 -0.072164 -0.264410 -0.023873 -0.233439 -0.350473 0.066548 -0.084022 0.313580 0.386951 -0.036132 -0.182479 0.134439 0.001618 -0.037710 -0.263299 0.402800 0.165512 -0.143971 -0.447528 -0.013347 -0.165524 -0.490286 -0.451704 -0.294670 -0.297566 -0.369607 -0.336106 -0.193476 -0.178380 -0.187640 -0.234595 -0.005120 0.095799 0.104764 -0.220847 -0.467239 0.004929 -0.370609 -0.188514
-0.268653 -0.159192 0.434071 0.316553 0.606737 0.478173 0.444939 0.302885 0.465466 0.200365 -0.152186 0.237366 0.089647 0.237133 0.468142 0.343259 -0.125330 -0.304550 0.004969 0.338285 0.233020 0.150611 0.614908 0.628826 1.000000 0.706279 0.475101 0.463823 0.295020 -0.261780 0.518780 0.492585 0.007339 0.202469 -0.063948 -0.099488 -0.279396 -0.525350 -0.611880 -0.488887 -0.201377 0.189827 0.083663 0.191318 0.140263 0.101565 -0.074259 -0.038632 0.250944 -0.022782 0.490859 0.136028 -0.197627 -0.160708 -0.538629 -0.503392 -0.238429 -0.214207 -0.424196 -0.154776 -0.207958 -0.083348 -0.288702 -0.312237 0.434354 0.292054 -0.331662 -0.072750 -0.228773 0.286658 0.174750 0.261450 0.121072 0.207076 0.037575 -0.033825 -0.276688 -0.201273 -0.043208 -0.121721 -0.115437 -0.189191 -0.204449 -0.087548 0.088817 0.039326 -0.254471 -0.355148 -0.231828 -0.443257 -0.204800 -0.258680 0.142319 0.051558 -0.420376 -0.556158 -0.365549 -0.444391 -0.466500 -0.422507 -0.054147 0.097208 -0.257623 -0.007717 -0.223548 -0.070379 -0.133505 -0.017467 -0.333388 -0.257229 -0.057187 -0.366573 -0.417656 0.019074 -0.307995 -0.168021
-0.221758 -0.121948 0.342587 0.433006 0.273645 0.637000 0.223631 0.347603 0.096557 -0.123726 -0.142943 0.141298 -0.044729 0.114607 0.285285 0.155694 -0.131964 -0.196194 -0.003931 0.499212 0.442720 0.465840 0.517451 0.739356 0.706279 1.000000 0.740168 0.778610 0.125153 -0.204247 0.227677 0.509529 0.207850 0.437627 -0.020161 -0.089137 -0.481329 -0.474565 -0.293510 -0.081913 -0.375903 0.352089 -0.086945 0.174758 0.032564 0.055747 0.010454 0.113855 0.095176 -0.013252 0.313461 -0.020229 -0.347887 -0.013856 -0.467667 -0.390667 -0.044757 -0.127751 -0.516907 -0.123213 -0.321463 -0.166887 -0.314676 -0.334867 0.252714 0.312524 -0.404542 -0.051524 -0.030210 0.240798 0.013214 0.199310 -0.094163 0.185092 0.033755 0.005506 -0.251685 -0.056437 -0.175531 0.023618 -0.055045 -0.192138 -0.070783 0.010690 0.029923 0.047105 -0.061554 -0.181859 -0.169779 -0.182960 -0.164699 -0.407614 0.050737 -0.046773 -0.306546 -0.555496 -0.309982 -0.379484 -0.546197 -0.507820 -0.157807 -0.104337 -0.270674 -0.147565 -0.159425 -0.071674 -0.084348 -0.105104 -0.262030 -0.165592 0.050054 -0.460007 -0.493531 0.098629 -0.298971 -0.220763
-0.069578 -0.013033 0.274711 0.350010 0.246405 0.753974 0.167020 0.210045 -0.061837 -0.259401 -0.136366 -0.131712 -0.164296 -0.120955 0.418703 0.066119 -0.146457 -0.261760 0.157038 0.454506 0.396493 0.485412 0.571046 0.707803 0.475101 0.740168 1.000000 0.930792 -0.156965 -0.432325 -0.063991 0.271130 -0.058883 0.091723 0.074499 -0.120897 -0.394115 -0.309820 0.056389 0.150277 -0.337334 0.175824 -0.053506 0.208289 -0.134154 -0.160413 0.268532 0.259121 0.061662 0.143366 0.144422 -0.010566 -0.224046 0.080526 -0.308890 -0.251375 -0.021559 0.036372 -0.433589 -0.054300 -0.269839 -0.333764 -0.363945 -0.355320 0.086768 0.136708 -0.211544 0.025741 0.176620 0.362784 -0.020827 0.043142 -0.309995 0.116773 -0.137772 0.032259 -0.148471 0.112835 -0.337962 0.042663 -0.096838 -0.166957 0.283649 0.107121 0.207942 0.115283 0.191342 -0.072488 0.216790 0.131297 0.019858 -0.194166 0.092330 0.107893 -0.097209 -0.434903 -0.044409 -0.232671 -0.356192 -0.424184 -0.234968 -0.237607 -0.263635 -0.283531 -0.160938 -0.149917 -0.123805 -0.251865 -0.046145 0.024515 0.211789 -0.318338 -0.446775 0.052866 -0.225871 -0.205098
-0.056530 -0.113164 0.316566 0.467177 0.245817 0.819560 0.200714 0.317144 -0.010263 -0.248250 -0.031931 -0.008911 -0.018944 0.016107 0.391057 0.092490 -0.246205 -0.340146 0.168106 0.450572 0.354959 0.513621 0.569859 0.743601 0.463823 0.778610 0.930792 1.000000 -0.150573 -0.441395 -0.093624 0.324163 0.038940 0.203417 0.148433 -0.175557 -0.410106 -0.338964 0.047533 0.149273 -0.341587 0.154039 0.009093 0.289912 -0.048668 -0.066372 0.301708 0.291378 0.164322 0.054520 0.244142 0.007745 -0.144354 -0.058105 -0.257318 -0.229801 -0.029650 -0.093704 -0.494576 -0.100327 -0.194819 -0.298325 -0.374122 -0.359089 0.177645 0.253602 -0.317417 0.039064 0.130792 0.260379 -0.109426 0.005194 -0.332178 0.036450 -0.128675 0.064271 -0.229972 0.032317 -0.345781 -0.036861 -0.099570 -0.188503 0.196996 0.028934 0.171192 0.201701 0.146926 -0.151388 0.176275 0.128018 -0.023871 -0.324673 0.137619 -0.019271 -0.085042 -0.398713 0.005798 -0.153566 -0.447319 -0.434610 -0.285706 -0.396922 -0.357470 -0.398562 -0.195362 -0.214940 -0.131255 -0.315500 0.037294 0.080626 0.235333 -0.299628 -0.445348 -0.008169 -0.253155 -0.260026
0.001311 -0.105389 0.259698 -0.136107 0.230258 -0.187952 0.301563 -0.075603 0.196021 0.196099 0.296683 0.273040 0.270094 0.125570 0.197205 0.161670 0.421227 0.120551 0.146645 0.281154 0.105045 -0.176627 0.109818 0.101999 0.295020 0.125153 -0.156965 -0.150573 1.000000 0.122938 0.716616 0.452991 0.192873 0.227414 -0.171951 -0.365847 0.143805 -0.239084 -0.377461 -0.524760 0.434732 0.319574 0.040119 0.071139 0.070114 0.146981 -0.307141 -0.220427 0.004254 0.219813 0.014888 0.125934 -0.017399 0.197436 -0.339292 -0.233937 0.021094 -0.093772 -0.047287 -0.268235 0.021268 -0.126974 0.237593 0.243269 0.195573 -0.122538 -0.093930 -0.310162 0.081837 -0.120757 0.439563 0.206374 0.799150 0.399109 0.425854 -0.169488 0.441484 -0.305794 0.489082 0.060027 0.340600 0.119585 -0.083756 -0.103734 -0.153891 -0.064052 -0.415892 -0.362895 -0.421069 -0.555343 -0.167049 -0.024006 -0.277496 -0.130219 -0.192286 -0.156116 -0.134479 -0.173767 -0.132310 0.020032 -0.025412 0.167958 -0.240022 -0.074960 -0.248247 -0.143686 -0.211436 -0.060271 -0.390632 -0.081165 -0.205872 -0.148705 -0.008710 -0.249113 -0.347089 -0.005978
0.000471 0.357427 -0.323252 -0.243342 -0.227302 -0.554893 -0.211144 -0.085421 -0.019457 0.229326 0.072666 0.274830 0.014120 0.229571 -0.168091 0.310017 0.272662 0.608166 -0.340571 -0.123646 0.138470 -0.039494 -0.606392 -0.524576 -0.261780 -0.204247 -0.432325 -0.441395 0.122938 1.000000 0.040257 -0.230788 0.110887 0.094815 -0.279402 0.388322 0.185358 0.338256 0.097696 0.075444 0.233091 0.381938 -0.334446 -0.222324 -0.226330 -0.171759 -0.057218 0.192957 -0.368474 -0.171031 -0.502344 -0.224238 -0.002915 0.053881 0.114819 0.029905 0.210516 0.176139 0.166987 0.007153 0.040265 0.343572 0.416849 0.249376 -0.205881 -0.163084 0.031833 -0.122201 -0.037942 -0.100901 -0.043448 0.274313 0.242723 0.318041 0.080485 -0.228085 0.340027 0.463269 0.276927 0.605420 0.320663 0.378757 -0.013588 0.380127 -0.200297 -0.422729 -0.103084 0.117308 -0.403661 -0.246565 0.089623 -0.211241 -0.368442 -0.187503 -0.001146 -0.074696 -0.138020 -0.106068 0.320745 -0.162744 0.192712 0.290905 0.153016 0.249710 -0.114825 -0.043361 -0.108276 0.084926 -0.250332 -0.098716 0.063078 -0.062039 0.065254 0.005294 0.039973 -0.108782
-0.106317 -0.143451 0.258483 -0.055069 0.320507 -0.040995 0.216032 -0.172163 0.264019 0.321019 0.053220 0.105063 0.128396 0.058410 0.297468 0.206032 0.312516 0.075001 0.171827 0.301229 0.031062 -0.266359 0.307557 0.201426 0.518780 0.227677 -0.063991 -0.093624 0.716616 0.040257 1.000000 0.595059 0.206756 0.182433 -0.184433 -0.351150 0.024833 -0.367370 -0.537291 -0.652330 0.248713 0.237390 -0.000211 0.035192 0.030013 0.076924 -0.328694 -0.353880 -0.045707 0.125929 0.087382 0.154362 -0.148778 0.041049 -0.453703 -0.364179 -0.031003 0.098922 -0.159451 -0.173162 -0.201515 -0.195744 0.017166 0.003530 0.137924 -0.178931 -0.024753 -0.267436 -0.111301 0.018993 0.438949 0.391350 0.689185 0.438067 0.376854 -0.025911 0.209147 -0.322989 0.341530 -0.054505 0.052241 -0.190178 -0.171554 -0.055934 -0.154175 -0.182712 -0.458480 -0.259058 -0.387656 -0.612828 -0.365014 -0.115056 -0.184096 -0.153109 -0.277068 -0.258628 -0.257717 -0.311038 -0.179327 -0.026177 -0.044793 0.214686 -0.049279 0.132841 -0.051658 0.071515 -0.052596 0.134342 -0.389817 -0.240453 -0.264734 -0.091707 0.067726 -0.188843 -0.210651 0.118782
-0.288613 -0.176557 0.359910 0.321145 0.362189 0.425621 0.298235 0.193905 0.213995 0.076933 -0.054130 0.234257 0.153644 0.184399 0.258448 0.115901 0.052074 -0.122939 0.083481 0.411061 0.077818 0.184986 0.413693 0.538166 0.492585 0.509529 0.271130 0.324163 0.452991 -0.230788 0.595059 1.000000 0.123812 0.351507 -0.007692 -0.480901 -0.165772 -0.470705 -0.348068 -0.268069 -0.036436 0.126997 0.135199 0.214877 0.185929 0.206997 -0.211983 -0.276940 0.128861 0.048483 0.254068 0.099946 -0.306392 -0.106819 -0.490303 -0.412684 -0.107990 -0.052145 -0.371924 -0.190266 -0.349747 -0.169977 -0.297906 -0.274973 0.339746 0.288607 -0.298725 -0.117693 0.139570 0.164049 0.186279 0.114117 0.335089 0.058261 0.200015 -0.107633 -0.090396 -0.514954 0.274020 -0.212050 -0.032711 -0.337023 -0.209967 -0.166103 -0.165203 -0.000625 -0.374996 -0.389178 -0.202894 -0.429627 -0.266237 -0.330401 -0.003994 -0.331098 -0.238756 -0.223056 -0.096043 -0.178413 -0.503940 -0.137451 -0.241156 -0.247634 -0.334045 -0.206521 -0.018820 0.027508 -0.102447 -0.032200 -0.161168 -0.139876 -0.173621 -0.088905 -0.175262 -0.299635 -0.435776 0.002735
0.194377 -0.086826 0.023841 -0.055110 -0.206837 -0.021583 -0.280024 -0.211719 -0.297544 -0.159638 0.043811 -0.239318 -0.298101 -0.259695 -0.163450 -0.071134 0.203067 0.173731 0.272221 0.121825 0.167551 0.258806 -0.188306 -0.148336 0.007339 0.207850 -0.058883 0.038940 0.192873 0.110887 0.206756 0.123812 1.000000 0.781495 0.277669 0.076305 -0.135318 -0.213513 -0.057379 -0.046496 -0.050484 0.334618 0.127985 0.034321 0.117552 0.193914 -0.015344 -0.228234 -0.111537 -0.083945 -0.074846 -0.050374 -0.079289 0.049128 -0.094748 -0.205764 0.248776 0.136749 0.043260 0.136576 -0.078781 0.027136 0.259850 0.236152 -0.249354 -0.208968 0.105141 -0.086036 -0.098337 -0.302913 -0.078383 0.260895 0.197811 0.120336 0.213107 0.311722 -0.014733 -0.244340 0.216764 -0.144349 0.219922 0.162219 -0.045706 0.130654 -0.203258 -0.225990 -0.148429 -0.073427 -0.267209 -0.296090 -0.295844 -0.243484 -0.331253 -0.227891 -0.169840 0.014821 -0.213690 -0.136143 -0.007173 0.142840 -0.117130 0.068640 0.030632 0.109647 0.118057 0.102962 0.163994 0.076413 -0.075265 -0.275539 -0.216671 -0.064042 0.191196 -0.043979 0.020961 0.026442
0.012927 -0.133515 0.181360 0.121727 -0.050804 0.169760 0.053078 0.094586 -0.171943 -0.244293 -0.187364 0.020774 -0.158013 -0.059257 -0.125208 -0.054245 0.096275 0.082932 0.112204 0.228875 0.202065 0.415611 0.049199 0.098363 0.202469 0.437627 0.091723 0.203417 0.227414 0.094815 0.182433 0.351507 0.781495 1.000000 0.217911 0.006782 -0.285563 -0.361906 -0.171154 -0.085308 -0.234008 0.291793 0.033104 0.013959 0.127092 0.174909 -0.136788 -0.202093 -0.048220 -0.290743 0.137331 -0.232880 -0.280510 -0.168786 -0.296191 -0.418266 0.205293 0.044904 -0.215912 -0.060811 -0.150905 0.014322 0.061791 -0.036665 0.147295 0.145044 -0.291333 -0.157432 -0.014040 -0.274499 -0.151695 0.216574 0.109005 0.037998 0.158768 0.258149 -0.065940 -0.244824 0.154061 -0.119379 0.221666 0.029299 -0.123799 0.105727 -0.157700 -0.102273 -0.199310 -0.097972 -0.311076 -0.296972 -0.243115 -0.339157 -0.205403 -0.234511 -0.339422 -0.230981 -0.309907 -0.261254 -0.364933 -0.103459 -0.104095 -0.082039 -0.179130 -0.005933 0.078112 0.091770 0.030779 0.053666 -0.221093 -0.304686 -0.195253 -0.286058 -0.043800 -0.077014 -0.089643 -0.016228
0.258441 -0.225390 -0.132926 -0.064626 0.044484 0.210977 -0.148346 -0.075243 0.030266 0.023264 -0.037498 -0.301861 -0.106190 -0.142327 0.035104 -0.055407 -0.112284 -0.108877 0.225319 -0.124031 -0.023132 0.115512 0.049036 -0.052507 -0.063948 -0.020161 0.074499 0.148433 -0.171951 -0.279402 -0.184433 -0.007692 0.277669 0.217911 1.000000 0.350260 0.055898 -0.133761 0.101338 -0.005000 -0.064704 -0.276525 0.153513 0.006627 -0.086333 -0.007856 0.204523 -0.050740 -0.049604 -0.206000 0.071691 -0.037151 0.157262 -0.096104 -0.032447 -0.064552 0.135404 -0.038675 0.049238 -0.022149 0.144061 0.038040 -0.063864 0.153765 0.023023 0.093162 -0.047292 -0.007539 0.141205 -0.078685 -0.092770 -0.114052 -0.210790 -0.418305 -0.250713 0.154998 -0.020974 -0.176547 -0.085494 -0.342462 0.184980 0.120085 0.143162 -0.068897 0.093424 -0.019805 -0.061439 -0.130971 0.197135 -0.014009 -0.122712 -0.043869 -0.026186 -0.140135 -0.029371 0.102421 -0.138261 -0.067454 -0.080988 0.051320 -0.082784 -0.138326 0.075968 0.004126 0.220476 0.187138 0.051365 -0.044591 0.020932 -0.149475 -0.070978 0.032792 0.116108 -0.030026 -0.034315 -0.056632
0.199348 0.030967 -0.225939 -0.238331 -0.024591 -0.199232 -0.302415 -0.058848 0.034464 0.073760 -0.105586 -0.140295 -0.311218 -0.076014 -0.176864 0.068415 0.008417 0.202322 -0.171887 -0.292968 -0.031962 0.094071 -0.357430 -0.439974 -0.099488 -0.089137 -0.120897 -0.175557 -0.365847 0.388322 -0.351150 -0.480901 0.076305 0.006782 0.350260 1.000000 0.116826 0.222203 0.181586 0.150615 -0.042833 -0.113217 -0.063998 -0.111626 -0.048233 -0.003248 0.250777 0.354701 -0.064543 -0.148295 -0.194008 -0.007970 0.284157 0.139442 0.260014 0.207082 0.277818 -0.047167 0.237745 0.146793 0.135465 0.380998 0.235649 0.340925 -0.223379 -0.048864 0.112141 0.177441 0.007013 0.029123 -0.169806 0.000326 -0.233203 -0.180054 -0.357136 -0.099970 -0.023294 0.399316 -0.135912 0.168475 0.206325 0.415392 0.134731 0.239458 -0.024346 -0.377700 0.156554 0.161010 0.000690 0.047897 0.177844 -0.025012 -0.252499 -0.008954 0.067088 -0.021815 -0.235019 -0.129211 0.275123 -0.106858 0.163287 0.249553 0.195428 0.230757 -0.028057 0.008882 -0.086207 -0.035377 -0.116310 -0.145399 0.232013 -0.048485 -0.044584 0.118612 0.035050 -0.305183
