1.000000 0.574785 -0.163630 0.118019 -0.176557 -0.221549 0.303328 -0.027601 -0.233025 -0.335361 0.363923 0.237763 -0.019194 -0.129648 -0.069991 -0.196726 0.167084 0.178591 0.655476 0.596957 -0.132212 0.135188 -0.395084 -0.262342 -0.324661 -0.353482 -0.035092 -0.115248 -0.106719 -0.278524 -0.261705 -0.193857 0.120901 -0.018601 -0.266643 -0.083251 -0.266136 -0.056873 0.068358 0.026346 -0.149518 -0.002428 0.163482 -0.030538 -0.071432 -0.214563 -0.167158 0.040252 -0.122743 -0.013766 -0.100189 -0.064580 -0.036182 0.257499 -0.285262 -0.161730 0.804025 0.290135 -0.336166 -0.354692 0.503430 -0.156402 0.551099 0.460182 -0.109414 -0.263854 -0.487974 -0.358557 0.403600 0.011012 0.301465 0.039481 -0.220410 -0.027725 0.082249 0.320701 0.119434 0.209030 -0.178402 0.109773 0.269674 0.444544 0.038748 0.145637 0.400248 0.085155 -0.382282 -0.206839 -0.159777 -0.004894 0.204957 0.151135 -0.002538 0.000007 -0.389274 -0.192481 -0.483186 -0.143330 -0.180723 0.000387 0.065669 0.023437 0.018840 -0.115124 -0.264976 -0.176265 -0.405105 -0.086441 -0.078051 -0.121327 -0.047977 -0.101049 -0.137368 -0.188199 -0.105816 -0.165215
0.574785 1.000000 -0.284279 -0.088913 -0.055139 -0.017626 -0.180654 -0.228655 -0.116641 -0.057815 0.190929 0.083385 -0.172108 -0.320694 -0.048743 -0.079483 -0.027988 -0.204327 0.335805 0.493197 0.004665 0.174493 -0.267495 -0.169633 -0.195040 -0.154945 0.131340 -0.000336 -0.164591 -0.374189 -0.221398 -0.301532 0.158106 0.037773 -0.075262 -0.054003 -0.188361 -0.305661 -0.136603 -0.125887 -0.007214 -0.109761 0.196469 0.086714 0.112791 0.080669 -0.168141 0.011450 0.058025 0.134294 -0.052893 0.114190 0.277313 0.180063 -0.398330 -0.321014 0.495979 0.348481 -0.021448 0.064668 0.208030 -0.037451 0.167689 0.157967 -0.245453 -0.131573 -0.170446 -0.115022 0.532237 0.386053 0.113271 0.033519 -0.339527 -0.212180 -0.206495 0.184767 -0.034514 -0.050637 -0.253311 -0.296718 0.080969 0.179978 -0.000807 -0.035667 0.156727 -0.012580 -0.152513 -0.057995 0.025419 -0.021667 0.179986 0.265956 0.023257 0.055717 -0.090684 -0.013407 -0.399975 -0.072697 -0.197943 0.079625 -0.062454 -0.115468 -0.101841 -0.010795 0.008214 0.036523 -0.132124 0.020308 0.140086 -0.128843 -0.084300 -0.106461 -0.073310 -0.010296 0.069863 0.018262
-0.163630 -0.284279 1.000000 0.402715 0.566107 -0.129268 0.541226 0.445085 0.572992 0.138745 0.009327 -0.138994 0.503242 0.112894 0.553431 0.365044 0.073903 -0.109198 0.021798 -0.073991 -0.302793 -0.402079 0.694551 0.654230 0.452763 0.284948 0.172345 -0.094981 0.324839 0.200321 0.397954 0.237408 -0.328495 -0.091433 -0.174821 -0.052912 0.344685 0.113753 0.181551 0.024205 -0.021537 0.096766 -0.182201 -0.157427 -0.243090 -0.247749 -0.260145 -0.361484 -0.182770 -0.293919 0.073582 -0.198754 -0.105606 -0.273291 0.197078 -0.101751 -0.300995 -0.264940 -0.053994 -0.158767 -0.115596 0.030680 -0.098458 0.024155 0.129825 0.011180 -0.052991 -0.036379 -0.313861 -0.181865 0.027325 0.036545 0.304123 0.222291 0.509562 0.010583 0.174624 0.046881 0.067571 0.048421 -0.166775 -0.183252 0.331661 0.239115 0.168944 -0.256237 0.151364 -0.026314 0.034198 -0.202796 -0.061609 -0.344512 -0.274364 -0.053895 -0.180122 -0.139977 0.209474 -0.149414 -0.122716 -0.250548 0.102549 -0.034237 0.170756 -0.292890 -0.286389 -0.376242 0.016435 -0.304065 -0.175656 0.078034 -0.238588 -0.088946 -0.006207 -0.206695 -0.317236 -0.346727
0.118019 -0.088913 0.402715 1.000000 0.343845 0.248676 0.384468 0.592621 0.265207 0.249943 -0.264928 -0.095244 -0.000945 -0.033766 0.318928 0.352500 -0.183348 -0.003499 0.126014 0.066330 -0.193285 -0.263217 0.390713 0.595968 0.252956 0.340322 0.270693 0.026520 -0.108951 -0.112746 0.366197 0.123983 -0.523976 -0.296542 -0.359427 0.110868 0.094381 0.001063 0.066226 0.086487 -0.120721 0.264349 -0.128180 -0.276120 -0.051118 -0.128142 -0.306037 -0.275703 0.034314 -0.077958 0.277347 -0.050089 0.014552 -0.244415 0.213048 -0.267366 -0.089446 -0.107915 -0.111387 -0.065488 0.032138 0.150227 0.049962 0.185932 0.088240 0.251372 -0.075312 0.040809 -0.092663 0.039890 -0.098018 -0.155471 -0.153055 -0.042742 0.091905 -0.077050 -0.069981 0.181279 -0.252315 -0.045660 -0.300322 -0.363687 0.357402 0.418383 0.028565 -0.047550 0.248565 0.135849 0.187212 -0.012850 0.161045 -0.171285 0.133239 -0.120244 -0.193190 -0.232023 -0.017779 -0.285594 -0.329479 -0.367863 0.185732 0.092779 0.336821 -0.101417 -0.248904 -0.385607 0.093139 -0.282039 -0.304110 -0.043334 -0.228150 -0.260501 -0.133152 -0.372328 -0.536957 -0.522102
-0.176557 -0.055139 0.566107 0.343845 1.000000 0.315455 0.094617 0.266232 0.859820 0.493327 -0.431422 -0.262335 0.045609 -0.162743 0.791390 0.656288 -0.290828 -0.505055 -0.083466 -0.172250 -0.072707 -0.287151 0.701841 0.627782 0.882699 0.712531 0.559634 0.294554 0.174918 0.085596 0.375539 0.105716 -0.251970 -0.024165 -0.227242 0.098477 0.332545 -0.159618 0.024858 -0.164646 0.218087 0.142572 -0.276457 -0.255733 -0.093990 -0.149823 -0.440549 -0.587683 0.031624 -0.039528 0.192531 0.000003 -0.052257 -0.367977 0.120510 -0.401101 -0.341770 -0.134456 0.123830 0.144801 -0.095167 0.167328 -0.282644 -0.134787 0.242930 0.311330 0.092473 0.165981 -0.098372 0.101407 -0.434177 -0.232451 0.022155 0.025899 0.284589 -0.181254 -0.344133 -0.326064 -0.208493 -0.227609 -0.324526 -0.324530 0.332800 0.150082 0.060566 -0.131691 0.157404 0.137601 0.110532 -0.181506 -0.247684 -0.344123 -0.281393 -0.201994 -0.033671 -0.196924 0.142841 -0.202081 -0.317195 -0.257929 -0.045702 -0.385954 -0.040041 -0.008021 -0.031401 -0.161017 0.272344 -0.178627 -0.112434 -0.006165 -0.439637 -0.217302 -0.150735 -0.114526 -0.098634 -0.232943
-0.221549 -0.017626 -0.129268 0.248676 0.315455 1.000000 -0.167802 0.172493 0.156168 0.716175 -0.538431 -0.257824 -0.416467 -0.029564 0.033080 0.313515 -0.355066 -0.366976 -0.253689 -0.282475 0.026752 -0.068122 0.281935 0.277163 0.462508 0.771150 0.422676 0.549548 -0.322115 -0.048595 0.375454 0.069263 -0.222112 -0.201636 -0.191995 -0.068968 0.088198 -0.238707 -0.286667 -0.341751 -0.087591 -0.073751 -0.039729 0.095998 0.109298 0.254981 0.102077 -0.080334 0.212414 0.154645 0.304525 0.351288 0.293772 -0.226440 0.126155 -0.280030 -0.338319 -0.269038 0.109604 0.139423 -0.226187 -0.002446 -0.334751 -0.344196 -0.006685 0.373430 0.108925 0.409979 0.161562 0.138692 -0.349043 -0.061706 -0.219165 0.019032 -0.122783 -0.157188 -0.294284 -0.360948 -0.198397 -0.332686 -0.580887 -0.525295 -0.169631 -0.163163 -0.409728 0.058112 0.337270 0.339521 0.062640 0.068104 -0.114502 -0.068106 0.214744 0.050530 0.272815 0.096857 0.089126 0.041907 -0.053931 -0.020794 -0.108537 -0.136796 -0.061043 0.179275 0.289427 0.075031 0.441073 -0.077282 0.130760 0.028903 -0.121169 -0.048303 0.066209 0.059742 0.112363 0.050845
0.303328 -0.180654 0.541226 0.384468 0.094617 -0.167802 1.000000 0.593662 0.079812 -0.136715 0.045302 -0.018843 0.185205 0.071136 0.173654 0.029516 0.057066 0.219229 0.401358 0.313056 -0.223910 -0.109297 0.120029 0.166704 -0.032987 -0.062656 0.046041 -0.155874 0.000889 0.011671 -0.057384 0.062543 -0.052031 -0.078181 -0.307379 -0.214576 -0.094593 -0.054254 0.312994 0.040387 -0.313247 0.000523 0.208934 0.166326 -0.009168 -0.108848 0.095769 0.191066 -0.086270 -0.093617 0.242301 0.058383 -0.043667 0.171680 0.268994 0.092156 0.064357 -0.176288 -0.521723 -0.548027 0.146707 -0.260540 0.197425 0.308090 0.070074 -0.144316 -0.384070 -0.266939 -0.192161 -0.369851 0.239809 -0.076169 0.023163 0.224181 0.309682 0.245691 0.174795 0.193649 -0.135753 0.196591 -0.079676 -0.001644 0.304812 0.237970 0.351755 -0.042276 0.052200 -0.125781 -0.048057 0.002456 0.168309 -0.164931 -0.139139 -0.062083 -0.416642 -0.305825 -0.113138 -0.215635 -0.016304 -0.240061 0.074960 0.095144 0.420532 -0.150411 -0.324901 -0.443754 -0.252077 -0.166807 -0.329343 -0.096948 -0.052898 -0.068300 -0.100929 -0.298632 -0.351002 -0.377320
-0.027601 -0.228655 0.445085 0.592621 0.266232 0.172493 0.593662 1.000000 0.194684 0.186381 -0.212362 0.166916 -0.023841 0.238611 0.224672 0.264958 -0.194723 0.018324 -0.032216 -0.076008 -0.132426 -0.080307 0.208862 0.256313 0.202429 0.304135 0.327121 0.130490 -0.253807 0.015623 0.192990 0.230478 -0.238111 0.024898 -0.398991 0.148876 -0.167554 -0.163556 0.145681 0.165500 -0.287533 0.105956 0.069301 0.002496 0.263117 0.198064 -0.048221 0.012492 0.275349 0.158717 0.428475 0.309031 0.086433 -0.134089 0.147099 -0.191572 -0.292153 -0.502387 -0.294383 -0.252788 0.077760 0.274334 0.030856 0.246939 0.126540 0.415473 -0.036063 0.289381 -0.224556 -0.212323 -0.156765 -0.231427 -0.267736 0.124610 0.166777 0.193572 0.041183 0.216050 -0.383301 0.101835 -0.363519 -0.437215 0.330468 0.319414 0.000860 -0.056566 0.247060 0.091070 0.148639 -0.019440 0.059763 -0.350786 -0.027623 -0.238488 -0.334297 -0.373093 -0.047576 -0.356012 -0.345237 -0.485683 0.144454 0.084592 0.308158 -0.054960 -0.236446 -0.408596 0.052441 -0.321241 -0.506226 -0.158839 -0.323542 -0.422984 -0.289150 -0.478906 -0.548895 -0.526852
-0.233025 -0.116641 0.572992 0.265207 0.859820 0.156168 0.079812 0.194684 1.000000 0.460336 -0.399360 -0.285876 0.086989 -0.195283 0.924562 0.738977 -0.275400 -0.351908 -0.107074 -0.218104 -0.079602 -0.268039 0.619133 0.532775 0.716778 0.499025 0.525123 0.181330 0.183858 0.091785 0.275670 0.053425 -0.292053 -0.099242 -0.193336 0.085958 0.362344 -0.098745 0.150912 0.011437 0.234695 0.150174 -0.322968 -0.311755 -0.104847 -0.145991 -0.481771 -0.522910 0.006539 -0.019334 0.069032 -0.095761 -0.171003 -0.371688 0.170213 -0.251440 -0.366242 -0.152110 0.113932 0.166590 -0.175505 0.111003 -0.267696 -0.142543 0.201633 0.251316 0.137790 0.071685 -0.125913 0.060813 -0.436804 -0.316932 0.069361 0.072700 0.260768 -0.210105 -0.331957 -0.263783 -0.160661 -0.222925 -0.366391 -0.224356 0.452849 0.261684 0.108601 -0.034382 0.227874 0.146939 0.286776 -0.163575 -0.313906 -0.352231 -0.249140 -0.133563 -0.050493 -0.128881 0.121676 -0.163871 -0.358719 -0.216481 -0.117865 -0.128840 -0.052100 0.016329 -0.007907 -0.135950 0.182082 -0.112680 -0.139622 0.004723 -0.356062 -0.142181 -0.183025 -0.091162 -0.087762 -0.223133
-0.335361 -0.057815 0.138745 0.249943 0.493327 0.716175 -0.136715 0.186381 0.460336 1.000000 -0.443302 -0.224860 -0.056660 0.073599 0.300588 0.655280 -0.200281 -0.308006 -0.115322 -0.332119 -0.115037 -0.244920 0.418397 0.388689 0.643363 0.684846 0.259018 0.153752 -0.069220 0.179326 0.456963 0.208054 -0.178689 -0.150242 -0.117871 -0.215912 0.107765 -0.256203 -0.300327 -0.364095 0.061572 0.141627 -0.219888 0.055272 0.109819 0.214940 -0.025839 -0.312591 0.124374 0.197562 0.220589 0.145004 0.076655 -0.158391 0.007923 -0.267855 -0.372684 -0.188281 0.057282 0.189049 -0.228495 -0.102204 -0.264713 -0.225554 -0.089628 0.126822 0.080752 0.069085 -0.162005 0.055202 -0.355804 -0.081586 -0.014188 0.157242 0.054694 -0.259025 -0.274659 -0.376250 -0.052259 -0.405444 -0.564632 -0.411864 -0.107991 -0.041172 -0.387904 -0.073715 0.242817 0.116253 0.071859 -0.093399 -0.222859 -0.006077 0.027765 0.093118 0.255127 0.224106 -0.026305 0.125246 -0.126613 0.156515 -0.240237 0.105318 -0.055465 0.066435 0.225296 0.080953 0.408578 -0.125556 0.227368 0.103211 -0.240406 0.073035 0.114474 0.110536 0.217108 0.195589
0.363923 0.190929 0.009327 -0.264928 -0.431422 -0.538431 0.045302 -0.212362 -0.399360 -0.443302 1.000000 0.494773 0.519929 0.272412 -0.322356 -0.428404 0.577669 0.355979 0.098446 0.185392 -0.064459 0.118612 -0.208481 -0.341577 -0.432301 -0.538847 -0.457669 -0.265349 0.318736 0.151824 -0.090021 0.149891 0.198764 0.272392 0.136021 0.082475 -0.155370 0.427361 0.039299 0.254217 -0.040756 0.003684 0.143910 0.088186 -0.281102 -0.172065 0.115473 0.172868 -0.342600 -0.281330 -0.331159 -0.357551 -0.167371 0.147382 -0.446123 0.091642 0.367718 0.040343 -0.164523 -0.276108 0.207120 0.055122 0.553267 0.324602 -0.073301 -0.379999 -0.460555 -0.380602 0.023957 -0.156460 0.440091 0.470318 0.273602 0.193947 0.305979 0.264714 0.627514 0.490494 0.260145 0.346045 0.526914 0.535045 -0.235168 0.072599 0.291266 -0.018116 -0.550350 -0.414772 -0.358520 -0.216881 0.257794 0.187595 0.017054 0.021220 -0.114139 0.020985 -0.141921 0.025206 0.259986 0.072489 0.312864 0.152550 -0.012130 -0.371361 -0.420857 -0.170284 -0.333979 -0.249345 -0.004647 0.130693 0.073612 0.017672 0.102746 -0.161753 -0.070101 -0.053193
0.237763 0.083385 -0.138994 -0.095244 -0.262335 -0.257824 -0.018843 0.166916 -0.285876 -0.224860 0.494773 1.000000 0.210577 0.613431 -0.244670 -0.242452 0.384433 0.399818 -0.063149 -0.204423 -0.097153 -0.004956 -0.282916 -0.370687 -0.277141 -0.170100 -0.103098 0.060610 0.145696 0.178484 -0.004309 0.380930 0.170548 0.494933 0.192680 0.182416 -0.275831 0.076526 -0.034766 0.102563 -0.204076 0.002482 0.141818 0.135475 0.010908 0.136848 0.086536 0.073313 0.019165 0.064326 -0.048730 -0.065944 -0.103319 0.057458 -0.419455 -0.004731 0.119995 -0.217864 -0.113130 -0.197931 0.310317 0.335835 0.373084 0.301542 0.002014 0.267603 -0.195882 0.069975 0.024702 -0.363618 0.031821 0.211756 0.108510 0.137653 0.271205 0.335424 0.440701 0.318711 0.169369 0.322125 0.255528 0.262282 -0.147380 0.029274 0.052922 0.072643 -0.220054 -0.065920 -0.159007 -0.065413 -0.121466 -0.233014 -0.012020 -0.315482 -0.353617 0.008895 -0.189163 -0.001436 -0.060201 -0.037666 0.188223 0.082152 -0.224256 -0.414725 -0.279202 -0.284295 -0.128529 -0.339887 -0.099955 0.068067 -0.062237 -0.226657 -0.159243 -0.210929 -0.182148 -0.080405
-0.019194 -0.172108 0.503242 -0.000945 0.045609 -0.416467 0.185205 -0.023841 0.086989 -0.056660 0.519929 0.210577 1.000000 0.406428 0.036932 0.013642 0.363164 0.251802 0.005059 -0.103668 -0.235524 -0.196108 0.161078 0.196512 0.114368 -0.210921 -0.375290 -0.524471 0.625823 0.485592 0.147098 0.215556 0.039227 0.144377 0.150575 -0.058875 0.119647 0.231304 -0.016347 -0.017076 0.175450 0.150126 -0.256780 -0.149820 -0.180303 -0.098359 -0.077718 -0.259765 -0.187231 -0.180959 -0.256258 -0.313263 -0.265761 0.087022 -0.208660 -0.003389 0.079621 0.033511 0.031481 -0.058296 0.079080 0.001000 0.085894 0.089753 -0.238201 -0.380355 -0.118203 -0.382882 -0.318195 -0.225586 0.192402 0.322285 0.636779 0.266754 0.412148 0.162514 0.394005 0.220452 0.425277 0.152964 0.362586 0.250077 -0.157864 0.057853 0.027261 -0.311905 -0.323743 -0.489393 -0.253793 -0.231963 -0.065797 0.088964 -0.253707 -0.049837 0.059184 -0.032756 -0.081855 -0.063616 0.016053 -0.015632 0.004609 0.260578 -0.160007 -0.309783 -0.231220 -0.020141 -0.284790 -0.070447 -0.005508 -0.024899 -0.214906 -0.065532 0.093159 -0.198707 -0.028841 0.062560
-0.129648 -0.320694 0.112894 -0.033766 -0.162743 -0.029564 0.071136 0.238611 -0.195283 0.073599 0.272412 0.613431 0.406428 1.000000 -0.292178 -0.132634 0.253394 0.368546 -0.140982 -0.437740 -0.156628 -0.065046 -0.069245 -0.152010 0.039533 0.019957 -0.266951 -0.036026 0.271348 0.445727 0.260112 0.559261 0.093595 0.328595 0.216722 -0.059078 -0.204548 0.162023 -0.118398 -0.025727 -0.218093 0.113502 0.040637 0.189937 -0.078019 0.090597 0.221953 -0.017422 -0.044076 -0.036489 -0.005614 -0.043332 -0.200112 0.069576 -0.225596 0.190480 -0.107065 -0.424014 0.027386 -0.155941 0.222168 0.151556 0.054090 0.112838 -0.040977 0.139546 -0.136168 -0.025402 -0.222796 -0.544512 0.118268 0.307030 0.363464 0.291261 0.334509 0.239638 0.366693 0.090220 0.296698 0.188278 0.089109 0.092379 -0.293092 -0.087213 -0.087162 0.003162 -0.125601 -0.152168 -0.279063 -0.115851 -0.249733 -0.285645 -0.043990 -0.239028 -0.158630 0.184952 0.039693 0.216990 0.101910 0.081451 -0.086160 0.162238 -0.196847 -0.386195 -0.173026 -0.169336 -0.060284 -0.217818 0.095293 0.193795 -0.032180 0.035044 0.076110 -0.090804 0.056235 0.159052
-0.069991 -0.048743 0.553431 0.318928 0.791390 0.033080 0.173654 0.224672 0.924562 0.300588 -0.322356 -0.244670 0.036932 -0.292178 1.000000 0.749947 -0.290780 -0.357619 0.026639 -0.091348 -0.080327 -0.215123 0.536214 0.461018 0.546936 0.356198 0.606846 0.186668 0.088103 -0.031813 0.144532 -0.069589 -0.353373 -0.129800 -0.241161 0.155947 0.308465 -0.049095 0.325475 0.142748 0.181427 0.223514 -0.270751 -0.354510 -0.120945 -0.266409 -0.540444 -0.524016 -0.063671 -0.069417 0.007892 -0.160774 -0.181213 -0.448936 0.238883 -0.233731 -0.274717 -0.026216 0.060341 0.147812 -0.009010 0.177552 -0.147969 0.052872 0.291526 0.250091 0.131848 0.064958 -0.103457 0.089920 -0.432687 -0.351698 -0.072076 0.059551 0.237929 -0.168778 -0.329058 -0.122693 -0.270645 -0.117035 -0.296371 -0.168840 0.659785 0.427878 0.278809 -0.046861 0.301042 0.195860 0.422571 -0.063239 -0.296574 -0.390498 -0.241871 -0.201801 -0.133159 -0.220049 0.040037 -0.240133 -0.449305 -0.281996 -0.014198 -0.155296 0.070307 -0.058357 -0.163522 -0.277268 0.095738 -0.194848 -0.245554 0.010174 -0.338557 -0.211841 -0.315315 -0.149540 -0.221867 -0.359513
-0.196726 -0.079483 0.365044 0.352500 0.656288 0.313515 0.029516 0.264958 0.738977 0.655280 -0.428404 -0.242452 0.013642 -0.132634 0.749947 1.000000 -0.320723 -0.361683 -0.041432 -0.244033 -0.111824 -0.092784 0.445860 0.444486 0.545866 0.476632 0.568343 0.161189 -0.014159 0.071826 0.237964 -0.033432 -0.378376 -0.208386 -0.203268 0.049791 0.245781 -0.156317 0.213684 0.036360 0.232068 0.397098 -0.291638 -0.271079 0.008702 -0.108187 -0.431170 -0.563305 0.112965 0.099646 0.074593 -0.025770 -0.090732 -0.357742 0.264396 -0.273932 -0.385502 -0.108039 0.050762 0.223533 -0.148984 0.135649 -0.228546 -0.085240 0.110983 0.245324 0.252767 0.064540 -0.226059 0.087948 -0.403810 -0.261619 -0.111580 0.024283 0.044604 -0.250823 -0.424304 -0.150396 -0.244848 -0.348129 -0.396111 -0.298145 0.429417 0.424386 0.029612 -0.088618 0.371155 0.219166 0.353337 0.117307 -0.389084 -0.236661 -0.227523 -0.157580 0.015872 -0.150921 0.004244 -0.199899 -0.482763 -0.149623 -0.240908 0.007627 -0.079627 -0.066291 -0.075994 -0.075987 0.237832 -0.104884 -0.166626 -0.057606 -0.351375 -0.123711 -0.173097 -0.125616 -0.137220 -0.206733
0.167084 -0.027988 0.073903 -0.183348 -0.290828 -0.355066 0.057066 -0.194723 -0.275400 -0.200281 0.577669 0.384433 0.363164 0.253394 -0.290780 -0.320723 1.000000 0.453679 0.066171 -0.074222 -0.224723 -0.205153 -0.044442 -0.024604 -0.246816 -0.288836 -0.558248 -0.466500 0.499380 0.240361 0.243026 0.386592 -0.055257 0.006315 0.258019 -0.275479 0.151083 0.402989 -0.100883 0.010143 -0.102799 0.084595 -0.114504 0.016809 -0.378531 -0.187565 0.100793 0.092756 -0.400099 -0.295498 -0.395524 -0.442376 -0.384462 0.065067 -0.264611 0.185181 0.264861 -0.099375 -0.181240 -0.271551 -0.136558 -0.224645 0.449680 0.194683 -0.302823 -0.372668 -0.395505 -0.416788 -0.101363 -0.319418 0.536485 0.583597 0.463601 0.255114 0.294663 0.008613 0.632753 0.274947 0.644908 0.446391 0.277709 0.544575 -0.290196 -0.169052 0.029379 -0.107795 -0.319759 -0.211493 -0.326464 -0.215606 0.032948 0.068300 -0.189983 0.315918 -0.151194 0.325522 0.072904 0.318552 0.213518 0.408830 0.170405 0.253797 0.125414 -0.253978 -0.252799 -0.130417 -0.344949 -0.250096 0.218059 0.346653 0.296267 0.358253 0.394730 0.183915 0.236356 0.193152
0.178591 -0.204327 -0.109198 -0.003499 -0.505055 -0.366976 0.219229 0.018324 -0.351908 -0.308006 0.355979 0.399818 0.251802 0.368546 -0.357619 -0.361683 0.453679 1.000000 0.106124 -0.029727 -0.226606 -0.054339 -0.318943 -0.267331 -0.418227 -0.501788 -0.540319 -0.362917 0.243545 0.383614 -0.105293 0.366842 0.177847 0.308996 0.369786 0.006003 -0.263569 0.171317 -0.028533 0.064946 -0.405441 0.117995 0.151987 0.160934 -0.191279 0.014901 0.174525 0.344867 -0.248778 -0.239518 -0.315738 -0.297826 -0.445331 0.326554 -0.143808 0.393364 0.174563 -0.076670 -0.417365 -0.546214 0.028873 -0.263563 0.352454 0.284861 -0.095502 -0.249024 -0.372778 -0.341357 -0.110139 -0.535533 0.181595 0.295403 0.323897 0.273745 0.152300 0.166874 0.411015 0.355690 0.368751 0.592427 0.280033 0.543058 -0.271901 -0.121382 0.081775 0.122681 -0.325002 -0.355044 -0.269603 -0.110384 -0.098271 0.032415 0.005598 -0.043558 -0.343441 0.105544 -0.071417 0.139813 0.238887 0.208443 0.073252 0.411366 0.063905 -0.231362 -0.300821 -0.036047 -0.518404 -0.039668 -0.031047 0.091812 0.218125 0.203949 0.130691 0.090710 0.037024 0.109001
0.655476 0.335805 0.021798 0.126014 -0.083466 -0.253689 0.401358 -0.032216 -0.107074 -0.115322 0.098446 -0.063149 0.005059 -0.140982 0.026639 -0.041432 0.066171 0.106124 1.000000 0.706577 -0.188379 0.094440 -0.216786 -0.135912 -0.188453 -0.304843 -0.157816 -0.348520 -0.066648 -0.185403 -0.194777 -0.071330 0.003510 -0.164960 -0.207227 -0.273967 -0.249761 -0.213644 0.032335 -0.151819 -0.152331 0.112162 0.269755 0.197129 0.025459 -0.130286 -0.067797 -0.014342 -0.157332 -0.025281 0.146450 0.033113 -0.002541 0.369497 -0.047326 -0.046955 0.529231 0.307696 -0.425413 -0.359393 0.269217 -0.461707 0.262231 0.379391 -0.031478 -0.446619 -0.298400 -0.457273 0.017683 -0.070014 0.314615 -0.043694 -0.095021 0.130547 0.050679 0.174788 -0.043753 0.070111 -0.159670 -0.123257 0.105585 0.266569 0.066580 0.078249 0.350632 -0.003550 -0.156985 -0.303049 -0.121696 -0.085317 0.196216 0.264410 -0.033200 0.145695 -0.186810 0.025192 -0.334551 0.003078 -0.039046 0.203852 -0.036749 0.030497 0.176012 -0.000108 -0.133547 -0.163005 -0.296226 -0.023005 0.135872 -0.039551 0.027687 0.184672 0.035825 0.043371 0.059383 0.027880
0.596957 0.493197 -0.073991 0.066330 -0.172250 -0.282475 0.313056 -0.076008 -0.218104 -0.332119 0.185392 -0.204423 -0.103668 -0.437740 -0.091348 -0.244033 -0.074222 -0.029727 0.706577 1.000000 -0.014867 0.243860 -0.268193 -0.134717 -0.345540 -0.338060 -0.129553 -0.206008 -0.162829 -0.392384 -0.316069 -0.242580 0.205782 -0.028417 -0.191944 -0.041058 -0.213978 -0.159323 -0.029207 -0.099754 -0.074370 -0.108798 0.287003 0.066152 0.090769 -0.117455 -0.146904 0.106285 -0.068625 -0.073543 0.251282 0.156901 0.249214 0.340776 -0.140368 -0.218927 0.515586 0.294219 -0.444548 -0.352053 0.171323 -0.371831 0.324005 0.326616 0.001936 -0.451992 -0.355530 -0.286276 0.226838 0.304699 0.322069 -0.155058 -0.316171 -0.162738 -0.154125 0.056027 -0.104543 0.179580 -0.321069 -0.157380 0.136688 0.192626 0.119916 0.131233 0.344729 0.064574 -0.196449 -0.269208 -0.172748 -0.187537 0.571718 0.490254 0.086482 0.195015 -0.118885 -0.139925 -0.309368 -0.176199 -0.027897 -0.001942 0.118656 -0.071834 0.231954 0.144244 -0.087758 0.037651 -0.247561 0.089008 0.032213 -0.176024 0.045853 -0.015916 0.043088 -0.133016 -0.111599 -0.193129
-0.132212 0.004665 -0.302793 -0.193285 -0.072707 0.026752 -0.223910 -0.132426 -0.079602 -0.115037 -0.064459 -0.097153 -0.235524 -0.156628 -0.080327 -0.111824 -0.224723 -0.226606 -0.188379 -0.014867 1.000000 0.561542 -0.172068 -0.267472 -0.112382 -0.162259 0.058848 0.135016 -0.063553 -0.118351 -0.311196 -0.319899 0.233453 0.015860 0.039692 -0.035403 -0.059785 0.008923 0.021221 0.136274 0.350868 0.157529 0.177319 0.198514 0.306610 0.158736 0.111763 0.142892 0.209822 0.224136 0.086852 0.050846 0.034974 0.006512 -0.030161 0.007543 -0.072406 0.163362 0.186443 0.303024 0.070599 0.097027 -0.189891 -0.088927 0.074767 0.055850 0.187988 0.095927 -0.034921 0.073212 -0.213597 -0.153518 -0.154547 -0.143297 -0.121892 0.072025 -0.354339 -0.223641 -0.069179 -0.079072 0.075377 0.071171 -0.095286 -0.182694 -0.115581 0.140206 0.000433 -0.057765 0.203639 0.033337 -0.092125 -0.092662 -0.106396 -0.164135 0.184002 0.021889 0.032939 0.007193 -0.028133 -0.064599 -0.173385 -0.111305 -0.031355 0.269208 0.212179 0.126644 0.209920 0.253141 0.090174 -0.095155 0.111768 -0.064226 -0.228194 0.072056 0.056964 0.163918
0.135188 0.174493 -0.402079 -0.263217 -0.287151 -0.068122 -0.109297 -0.080307 -0.268039 -0.244920 0.118612 -0.004956 -0.196108 -0.065046 -0.215123 -0.092784 -0.205153 -0.054339 0.094440 0.243860 0.561542 1.000000 -0.534122 -0.557991 -0.314475 -0.365330 -0.014026 0.033938 -0.142716 -0.025925 -0.534439 -0.329271 0.235625 0.084521 0.106455 0.122022 -0.372127 0.023917 0.201778 0.296824 0.216530 0.253029 0.406337 0.255980 0.160708 0.074557 0.081646 0.207906 0.132492 -0.005967 0.010422 0.038483 -0.044207 0.096517 -0.055367 0.025575 0.095591 -0.016553 -0.043075 0.011297 0.073650 0.055185 -0.091479 0.079871 0.124689 -0.058120 0.068357 0.016889 -0.007973 -0.028902 0.060687 -0.044594 -0.273003 -0.129223 -0.283040 0.246798 -0.251317 0.101238 -0.190194 -0.078852 0.288075 0.219924 -0.039519 -0.000591 0.122971 0.048624 -0.089793 -0.136442 0.117520 0.155249 -0.025892 0.057270 -0.146117 -0.193925 0.089213 -0.097849 -0.075151 -0.093787 -0.098780 -0.089455 -0.167340 -0.085343 -0.050453 0.071186 0.031457 0.216622 -0.111595 0.278334 -0.023007 -0.186633 0.094282 -0.008474 -0.121481 -0.031871 -0.009248 0.037186
-0.395084 -0.267495 0.694551 0.390713 0.701841 0.281935 0.120029 0.208862 0.619133 0.418397 -0.208481 -0.282916 0.161078 -0.069245 0.536214 0.445860 -0.044442 -0.318943 -0.216786 -0.268193 -0.172068 -0.534122 1.000000 0.792625 0.653018 0.626019 0.352203 0.282301 0.176143 0.090807 0.629900 0.261744 -0.459449 -0.209559 -0.196330 0.028347 0.474307 0.006080 -0.080546 -0.233575 0.064699 -0.031385 -0.198265 -0.161172 -0.194318 -0.161941 -0.230769 -0.352146 -0.058715 -0.166968 0.174831 -0.100986 0.061371 -0.367211 0.221908 -0.297533 -0.516075 -0.185756 0.114883 0.087440 -0.331555 0.068246 -0.273138 -0.300107 0.221279 0.223321 0.071544 0.163140 -0.202172 0.080708 -0.216179 0.073671 0.205662 0.114106 0.375917 -0.286347 -0.038508 -0.199319 -0.011611 -0.140392 -0.390329 -0.405253 0.135655 0.011475 -0.047634 -0.080027 0.231712 0.150715 0.011273 -0.242915 -0.021677 -0.273966 -0.078663 -0.006885 0.043065 -0.102293 0.270610 -0.129053 -0.020415 -0.220411 0.187818 -0.221567 0.134513 -0.041828 -0.077403 -0.254595 0.346518 -0.210725 -0.054724 0.064557 -0.251808 -0.085860 0.087204 -0.051479 -0.112443 -0.233227
-0.262342 -0.169633 0.654230 0.595968 0.627782 0.277163 0.166704 0.256313 0.532775 0.388689 -0.341577 -0.370687 0.196512 -0.152010 0.461018 0.444486 -0.024604 -0.267331 -0.135912 -0.134717 -0.267472 -0.557991 0.792625 1.000000 0.590477 0.588511 0.252165 0.010006 0.215379 0.018193 0.631311 0.169099 -0.514137 -0.364888 -0.153316 -0.081258 0.578206 0.002571 -0.094617 -0.226326 0.039716 0.131299 -0.386422 -0.334271 -0.177185 -0.214917 -0.338320 -0.457826 -0.006596 -0.141111 0.180371 -0.083184 0.080185 -0.329278 0.251008 -0.283530 -0.347794 -0.117099 0.084056 0.109033 -0.398425 -0.080881 -0.237356 -0.245859 -0.032023 0.083826 0.128123 0.069143 -0.119225 0.153488 -0.111581 0.011437 0.208164 -0.041331 0.201477 -0.336615 -0.098154 -0.135452 0.079095 -0.195387 -0.357070 -0.380712 0.147890 0.094525 -0.096658 -0.142193 0.280495 0.167540 0.028923 -0.168208 0.029042 -0.138091 -0.111943 0.133830 0.036941 -0.050815 0.259244 -0.066200 -0.193550 -0.153528 0.049991 0.020174 0.145309 0.015760 -0.077122 -0.181921 0.191336 -0.197937 0.011828 0.090150 -0.158219 -0.068465 0.158766 -0.059283 -0.162244 -0.258719
-0.324661 -0.195040 0.452763 0.252956 0.882699 0.462508 -0.032987 0.202429 0.716778 0.643363 -0.432301 -0.277141 0.114368 0.039533 0.546936 0.545866 -0.246816 -0.418227 -0.188453 -0.345540 -0.112382 -0.314475 0.653018 0.590477 1.000000 0.776669 0.333442 0.220857 0.164896 0.253361 0.438625 0.193086 -0.143026 0.021999 -0.099028 0.029540 0.249920 -0.116958 -0.117623 -0.232351 0.224259 0.111284 -0.309144 -0.167932 -0.071291 -0.002529 -0.208736 -0.482312 0.043942 0.005106 0.159694 0.053574 -0.041743 -0.242198 0.067681 -0.294104 -0.351209 -0.200505 0.183016 0.149582 -0.151124 0.112497 -0.348584 -0.232946 0.165321 0.240663 0.089978 0.151141 -0.146362 0.005877 -0.401796 -0.138787 0.141364 0.071606 0.234251 -0.242461 -0.276603 -0.427551 -0.065022 -0.212561 -0.306862 -0.358265 0.020316 -0.041062 -0.151766 -0.131495 -0.005976 0.043490 -0.033783 -0.168736 -0.297153 -0.231447 -0.191326 -0.122677 0.164080 -0.032351 0.232193 -0.045986 -0.129322 -0.123095 -0.175358 -0.257889 -0.153015 -0.013306 0.052665 -0.049723 0.352750 -0.134241 0.035570 0.039050 -0.384071 -0.104314 -0.015027 -0.041375 0.094907 0.018600
-0.353482 -0.154945 0.284948 0.340322 0.712531 0.771150 -0.062656 0.304135 0.499025 0.684846 -0.538847 -0.170100 -0.210921 0.019957 0.356198 0.476632 -0.288836 -0.501788 -0.304843 -0.338060 -0.162259 -0.365330 0.626019 0.588511 0.776669 1.000000 0.511636 0.553205 -0.102839 0.056640 0.578334 0.278835 -0.275137 -0.042554 -0.192842 0.053864 0.291181 -0.155948 -0.208876 -0.301722 -0.010355 -0.041566 -0.232851 -0.117637 -0.015870 0.092380 -0.096812 -0.361533 0.166033 0.073782 0.385905 0.289907 0.212628 -0.368415 0.138483 -0.363436 -0.515240 -0.389411 0.137631 0.139371 -0.282026 0.162647 -0.314968 -0.317834 0.131219 0.494908 0.121453 0.445940 0.014302 0.086817 -0.392766 -0.128499 -0.080682 0.021226 0.093246 -0.296307 -0.253124 -0.335663 -0.188629 -0.292233 -0.600363 -0.607007 0.030368 0.020440 -0.257524 0.028616 0.316095 0.385215 -0.029272 -0.098879 -0.139357 -0.221654 0.024236 -0.046825 0.109422 0.000124 0.304767 -0.024140 -0.116968 -0.135807 -0.019473 -0.307420 -0.124558 0.021991 0.117885 -0.116088 0.504952 -0.272520 0.007536 0.121247 -0.246530 -0.140336 0.034819 -0.102181 -0.045580 -0.167836
-0.035092 0.131340 0.172345 0.270693 0.559634 0.422676 0.046041 0.327121 0.525123 0.259018 -0.457669 -0.103098 -0.375290 -0.266951 0.606846 0.568343 -0.558248 -0.540319 -0.157816 -0.129553 0.058848 -0.014026 0.352203 0.252165 0.333442 0.511636 1.000000 0.673115 -0.373186 -0.301544 0.136118 -0.177086 -0.342077 -0.116319 -0.417545 0.283611 0.179726 -0.284572 0.195501 0.013328 0.079661 -0.109034 0.020668 -0.199352 0.143556 0.030259 -0.407753 -0.280049 0.365562 0.224724 0.366714 0.304905 0.321682 -0.403141 0.209564 -0.424488 -0.336133 -0.179137 0.081476 0.171829 0.014337 0.343015 -0.345852 -0.116188 0.310447 0.662303 0.274651 0.497123 0.121437 0.172851 -0.450756 -0.285412 -0.397783 -0.055497 0.052995 0.051687 -0.353761 -0.105531 -0.548409 -0.272435 -0.460263 -0.529604 0.493010 0.293160 -0.033626 -0.013780 0.452065 0.350997 0.364939 0.098558 -0.168499 -0.392986 -0.039130 -0.299510 -0.143170 -0.353595 -0.054293 -0.409548 -0.449946 -0.433723 -0.040130 -0.398307 -0.011471 0.082864 0.056834 -0.170136 0.377820 -0.111983 -0.347603 -0.192325 -0.391799 -0.426719 -0.339163 -0.299454 -0.374391 -0.473729
-0.115248 -0.000336 -0.094981 0.026520 0.294554 0.549548 -0.155874 0.130490 0.181330 0.153752 -0.265349 0.060610 -0.524471 -0.036026 0.186668 0.161189 -0.466500 -0.362917 -0.348520 -0.206008 0.135016 0.033938 0.282301 0.010006 0.220857 0.553205 0.673115 1.000000 -0.377510 -0.164713 0.181203 0.042054 -0.132997 0.099685 -0.241694 0.281739 0.110335 -0.106291 0.027534 -0.023170 -0.173873 -0.202865 0.186855 0.064244 0.005285 0.034047 -0.040018 0.006602 0.193335 0.084356 0.302176 0.300418 0.330955 -0.330631 0.094816 -0.171799 -0.416983 -0.351939 0.015488 0.002906 -0.069500 0.315649 -0.149929 -0.186679 0.392214 0.667982 0.045459 0.584055 0.312388 0.092451 -0.418727 -0.155161 -0.319396 -0.038442 0.054488 -0.009448 -0.260062 -0.196464 -0.433849 -0.133199 -0.373567 -0.356548 0.114290 0.051242 0.007320 0.357845 0.288864 0.484444 0.057920 0.051951 -0.060942 -0.313951 0.153513 -0.298736 -0.141877 -0.119788 0.193757 -0.090202 0.008575 -0.254944 0.146091 -0.513063 -0.169386 -0.032675 0.019295 -0.184928 0.438261 -0.233896 -0.138909 0.063309 -0.095427 -0.219914 -0.179832 -0.123480 -0.231758 -0.323361
-0.106719 -0.164591 0.324839 -0.108951 0.174918 -0.322115 0.000889 -0.253807 0.183858 -0.069220 0.318736 0.145696 0.625823 0.271348 0.088103 -0.014159 0.499380 0.243545 -0.066648 -0.162829 -0.063553 -0.142716 0.176143 0.215379 0.164896 -0.102839 -0.373186 -0.377510 1.000000 0.521645 0.140147 0.274935 0.102009 0.157250 0.355876 -0.191671 0.351587 0.203504 -0.026920 -0.145270 0.282879 0.305769 -0.362871 -0.114085 -0.346125 -0.196142 -0.227572 -0.323228 -0.304475 -0.284138 -0.323734 -0.467444 -0.479016 0.061316 -0.078564 0.091380 -0.044175 -0.046066 0.039938 -0.011587 -0.127058 -0.101546 0.110817 -0.048168 -0.228390 -0.383225 -0.241845 -0.478346 -0.192438 -0.192484 0.195393 0.325382 0.822401 0.200213 0.362341 0.082146 0.292072 -0.000192 0.661512 0.138632 0.420249 0.480915 -0.165048 -0.079041 0.105896 -0.196144 -0.148348 -0.289043 -0.284073 -0.237355 -0.231526 0.022889 -0.398493 -0.018762 -0.017713 0.158110 0.076751 0.194697 0.048312 0.231623 -0.088064 0.027811 -0.100013 -0.159893 -0.039792 0.027603 -0.257628 0.009473 0.198680 0.186741 -0.044295 0.148134 0.195659 0.158368 0.206333 0.203701
-0.278524 -0.374189 0.200321 -0.112746 0.085596 -0.048595 0.011671 0.015623 0.091785 0.179326 0.151824 0.178484 0.485592 0.445727 -0.031813 0.071826 0.240361 0.383614 -0.185403 -0.392384 -0.118351 -0.025925 0.090807 0.018193 0.253361 0.056640 -0.301544 -0.164713 0.521645 1.000000 0.144861 0.530947 0.158003 0.373697 0.260130 -0.021383 0.099380 0.376968 0.127972 0.058127 0.127949 0.430004 -0.274613 -0.071666 -0.176056 0.049932 0.007103 -0.143645 -0.197970 -0.179973 -0.221465 -0.376893 -0.511753 -0.011878 -0.033328 0.229423 -0.279810 -0.274553 -0.122294 -0.198481 -0.142315 0.023696 0.083980 0.121959 -0.031200 -0.074438 -0.193618 -0.233926 -0.389981 -0.509493 -0.044070 0.283778 0.620386 0.607189 0.405553 0.097876 0.299567 0.155880 0.350256 0.387628 0.181683 0.288167 -0.236781 0.027929 -0.061461 -0.141477 -0.111417 -0.278340 -0.241307 -0.163770 -0.391318 -0.063427 -0.379854 -0.304048 -0.123088 0.154301 0.144945 0.149231 0.202405 0.136231 -0.104800 0.054737 -0.157216 -0.449651 -0.223035 0.011053 -0.172072 -0.181869 0.009388 0.251148 -0.165988 0.155940 0.145805 -0.027873 0.024305 0.096237
-0.261705 -0.221398 0.397954 0.366197 0.375539 0.375454 -0.057384 0.192990 0.275670 0.456963 -0.090021 -0.004309 0.147098 0.260112 0.144532 0.237964 0.243026 -0.105293 -0.194777 -0.316069 -0.311196 -0.534439 0.629900 0.631311 0.438625 0.578334 0.136118 0.181203 0.140147 0.144861 1.000000 0.676525 -0.560548 -0.237394 -0.208714 -0.137687 0.427103 0.216559 -0.399631 -0.272085 -0.233108 0.041337 -0.272297 -0.156820 -0.292220 -0.186188 -0.159611 -0.302602 -0.099239 -0.156697 0.164856 -0.046633 -0.029824 -0.360351 -0.117122 -0.217216 -0.333847 -0.410550 -0.001753 -0.053675 -0.337276 -0.034950 -0.061996 -0.060706 -0.065858 0.215919 -0.039698 0.131747 -0.164410 -0.070178 0.101275 0.428028 0.270857 0.349446 0.443107 -0.230344 0.244356 0.023990 0.170525 -0.004979 -0.483212 -0.309871 -0.110636 -0.019345 -0.296695 -0.068380 0.136144 0.038668 -0.280055 -0.433225 0.129733 -0.189020 0.014272 0.097620 -0.009060 0.267917 0.331867 0.219333 0.014787 0.072296 0.183247 -0.081918 0.030446 -0.060273 -0.148830 -0.208921 0.293762 -0.494506 0.186015 0.406693 0.012754 0.110899 0.366608 -0.007225 -0.051517 -0.152229
-0.193857 -0.301532 0.237408 0.123983 0.105716 0.069263 0.062543 0.230478 0.053425 0.208054 0.149891 0.380930 0.215556 0.559261 -0.069589 -0.033432 0.386592 0.366842 -0.071330 -0.242580 -0.319899 -0.329271 0.261744 0.169099 0.193086 0.278835 -0.177086 0.042054 0.274935 0.530947 0.676525 1.000000 -0.177021 0.277082 0.012917 -0.023423 0.054015 0.331117 -0.264276 -0.140287 -0.367457 0.145631 -0.131552 0.024583 -0.209663 -0.028842 0.007413 -0.103666 -0.158021 -0.213579 0.103915 -0.111715 -0.299685 -0.149830 -0.240061 0.022605 -0.316472 -0.483012 -0.247498 -0.364862 -0.189755 -0.012898 0.152904 0.217790 0.037045 0.163033 -0.284596 0.021704 -0.302058 -0.455767 0.127510 0.459774 0.362252 0.573090 0.502103 -0.017395 0.487277 0.258696 0.257029 0.366495 -0.221572 0.051744 -0.199071 0.005037 -0.121018 -0.020152 -0.065055 -0.218259 -0.473890 -0.534163 -0.004286 -0.238136 -0.103576 -0.173068 -0.241134 0.253461 0.253647 0.233851 0.206071 0.105283 0.181411 -0.037836 -0.065660 -0.333000 -0.296676 -0.198992 0.041446 -0.525948 0.071666 0.423314 -0.011276 0.142798 0.343188 -0.012565 -0.038806 -0.107534
0.120901 0.158106 -0.328495 -0.523976 -0.251970 -0.222112 -0.052031 -0.238111 -0.292053 -0.178689 0.198764 0.170548 0.039227 0.093595 -0.353373 -0.378376 -0.055257 0.177847 0.003510 0.205782 0.233453 0.235625 -0.459449 -0.514137 -0.143026 -0.275137 -0.342077 -0.132997 0.102009 0.158003 -0.560548 -0.177021 1.000000 0.677689 0.413094 0.013607 -0.381210 -0.195233 -0.127992 -0.189283 0.157921 -0.230237 0.052239 0.164061 0.212186 0.264512 0.203381 0.244611 0.074849 0.140040 -0.031257 0.101485 0.026989 0.498991 -0.290210 0.061239 0.273380 0.193913 -0.062121 -0.120404 0.373440 -0.048814 0.172295 0.062353 0.041497 -0.264250 -0.216765 -0.154392 0.107774 -0.031428 -0.087838 -0.195362 0.011719 -0.171500 -0.169603 0.132903 -0.028993 -0.163573 0.047978 0.118216 0.337412 0.307389 -0.321441 -0.244298 0.034536 0.064711 -0.421310 -0.295121 -0.253498 -0.016396 -0.062158 0.307092 -0.101584 -0.062438 0.059358 -0.079794 -0.298201 -0.006744 0.150978 0.128258 -0.263031 -0.061816 -0.265401 0.063246 0.170193 0.360893 -0.130016 0.333070 0.079742 -0.240555 -0.035314 -0.100399 -0.200588 0.025857 0.315413 0.381915
-0.018601 0.037773 -0.091433 -0.296542 -0.024165 -0.201636 -0.078181 0.024898 -0.099242 -0.150242 0.272392 0.494933 0.144377 0.328595 -0.129800 -0.208386 0.006315 0.308996 -0.164960 -0.028417 0.015860 0.084521 -0.209559 -0.364888 0.021999 -0.042554 -0.116319 0.099685 0.157250 0.373697 -0.237394 0.277082 0.677689 1.000000 0.458172 0.399491 -0.393910 0.000600 -0.075730 0.027990 -0.008660 -0.035185 0.014602 0.021438 0.031455 0.209292 -0.020692 0.023201 -0.000867 -0.067896 -0.052725 0.042435 -0.134197 0.127425 -0.359004 -0.042684 -0.001017 -0.138598 -0.102601 -0.275510 0.302656 0.297170 0.198583 0.276553 0.286356 0.172456 -0.164330 0.164750 -0.008226 -0.220166 -0.276578 -0.079478 0.051254 0.053914 0.120775 0.105340 0.149778 0.103889 -0.040913 0.370856 0.204598 0.200499 -0.120507 -0.003758 0.103880 0.058743 -0.385252 -0.306063 -0.270544 -0.232176 -0.242614 -0.032053 -0.151583 -0.396712 -0.110913 -0.155603 -0.022702 -0.137477 0.058358 -0.105408 -0.076748 -0.190231 -0.350044 -0.305841 -0.229847 0.097573 -0.147501 -0.088768 -0.152170 -0.089425 -0.206290 -0.268444 -0.261021 -0.175094 0.006671 0.042070
-0.266643 -0.075262 -0.174821 -0.359427 -0.227242 -0.191995 -0.307379 -0.398991 -0.193336 -0.117871 0.136021 0.192680 0.150575 0.216722 -0.241161 -0.203268 0.258019 0.369786 -0.207227 -0.191944 0.039692 0.106455 -0.196330 -0.153316 -0.099028 -0.192842 -0.417545 -0.241694 0.355876 0.260130 -0.208714 0.012917 0.413094 0.458172 1.000000 0.094456 -0.133040 0.074930 -0.141837 -0.115276 0.042357 0.065242 0.058848 0.141431 -0.242082 -0.033589 0.189458 0.089010 -0.325125 -0.352968 -0.389799 -0.299382 -0.285942 0.131548 -0.066796 0.214035 -0.050235 0.051736 0.138384 -0.035131 -0.050401 -0.070096 -0.037350 -0.050843 0.061343 -0.177071 0.102398 -0.079238 -0.042781 -0.112229 -0.089542 0.130287 0.272169 -0.185666 -0.210579 -0.161773 -0.058525 -0.100353 0.390996 0.205049 0.267690 0.324123 -0.274601 -0.321070 0.019572 0.043435 -0.129564 -0.081170 -0.058754 0.026928 -0.349028 0.098560 -0.173407 0.122832 0.195485 0.262989 0.185223 0.263840 0.113957 0.300753 -0.218276 0.128347 -0.199298 -0.105741 -0.057944 0.269159 -0.207580 0.158106 0.313828 0.116622 0.336040 0.252529 0.139667 0.339210 0.402136 0.480822
-0.083251 -0.054003 -0.052912 0.110868 0.098477 -0.068968 -0.214576 0.148876 0.085958 -0.215912 0.082475 0.182416 -0.058875 -0.059078 0.155947 0.049791 -0.275479 0.006003 -0.273967 -0.041058 -0.035403 0.122022 0.028347 -0.081258 0.029540 0.053864 0.283611 0.281739 -0.191671 -0.021383 -0.137687 -0.023423 0.013607 0.399491 0.094456 1.000000 -0.140553 0.119035 0.167352 0.328094 0.140489 -0.030976 -0.002553 -0.408509 0.069096 0.125181 -0.279126 -0.133005 0.156576 -0.107298 0.074559 0.067616 0.109803 -0.211991 -0.007206 -0.227874 -0.138595 -0.057379 0.130905 -0.005798 0.126019 0.647472 -0.043963 -0.002823 0.519692 0.509636 0.218275 0.481163 -0.063863 0.076193 -0.449741 -0.316497 -0.326515 -0.222378 -0.195446 -0.025713 -0.065993 0.417801 -0.435369 0.193379 0.096248 -0.236835 0.237928 0.356304 0.054408 -0.090270 -0.081389 0.111377 0.165020 0.100304 -0.043828 -0.127531 0.142579 -0.351137 -0.053948 -0.523706 -0.031421 -0.623722 -0.176074 -0.535342 0.369195 -0.208173 -0.069863 -0.118139 -0.298726 0.056151 -0.007099 -0.056409 -0.557506 -0.331048 -0.387784 -0.547515 -0.381065 -0.465644 -0.456258 -0.503835
