1.000000 0.447087 -0.102848 -0.042750 0.013981 0.024064 -0.027361 -0.181608 -0.144865 -0.219188 0.034688 -0.121780 0.003747 -0.177470 0.033981 -0.082036 0.296771 0.209434 0.239382 0.233514 -0.005965 -0.080589 -0.271515 -0.358598 -0.079643 -0.274261 0.058610 -0.054059 0.360007 0.223353 -0.126414 -0.155098 0.298697 0.154798 -0.016632 -0.262465 0.085780 -0.099550 -0.073472 -0.001828 0.260764 0.009645 -0.018988 -0.055278 -0.119735 0.012850 -0.002431 -0.243914 -0.023781 0.049552 -0.025331 -0.071362 0.031290 -0.068642 0.088048 0.050822 0.514266 0.310205 0.009565 -0.066557 0.071055 -0.391999 0.118870 0.060342 -0.242110 -0.319909 -0.096872 -0.448042 0.121917 0.001720 -0.188963 -0.334696 0.243725 -0.106424 0.140667 -0.034196 0.042617 -0.215587 0.254217 -0.114918 0.348387 0.081039 -0.061970 0.066053 -0.144407 -0.144425 0.102895 0.086463 -0.165416 -0.102232 -0.162999 -0.209681 -0.223154 -0.149478 0.166708 0.173230 -0.047408 0.143421 -0.033570 0.262591 -0.123259 0.128373 -0.024983 0.073733 0.051459 -0.036494 -0.092326 0.306442 0.333734 0.314922 -0.296218 0.275722 0.048452 -0.171071 0.004290 0.043595
0.447087 1.000000 -0.503074 0.098851 -0.418155 -0.319658 -0.406377 -0.175504 -0.375992 -0.413177 -0.319180 -0.002228 -0.443149 -0.259052 -0.341612 -0.232203 0.629650 0.466698 0.168278 0.303080 0.121866 -0.097707 -0.397090 -0.607299 -0.080135 0.003213 -0.155776 0.180415 0.115420 0.280728 -0.237543 -0.192358 0.525402 0.530051 0.063939 -0.303877 -0.035181 0.008716 -0.229727 0.026795 0.282259 0.109439 0.044630 0.003654 -0.121258 -0.195222 -0.028727 -0.170721 -0.119444 0.037753 0.103004 0.095655 0.058500 0.190052 -0.193966 -0.084934 0.760191 0.771270 -0.329180 -0.097713 -0.275368 -0.381222 -0.073954 0.301321 -0.314510 -0.431517 -0.250023 -0.517144 0.410309 0.306955 -0.321847 -0.163654 0.236302 0.121675 0.120564 -0.172630 -0.060955 -0.083634 0.654562 0.258418 0.636531 0.531508 -0.377245 -0.123468 -0.173366 0.226946 -0.076207 0.033603 -0.335552 -0.300756 -0.185860 -0.299855 -0.365404 -0.513225 -0.118426 0.023100 -0.028833 0.010662 0.213522 0.420414 -0.076867 -0.131477 -0.103763 -0.103675 0.063724 -0.043631 -0.151508 -0.016216 0.193859 0.177248 -0.169831 0.284827 0.345945 0.169136 0.087851 0.022358
-0.102848 -0.503074 1.000000 0.279368 0.430296 0.329022 0.895512 0.628444 0.207294 0.567689 0.498077 0.064814 0.435299 0.110421 0.221049 0.301011 -0.264728 -0.437255 -0.013815 -0.179277 -0.181966 -0.144436 0.696910 0.722100 -0.198499 -0.076381 0.285089 -0.051218 -0.067416 -0.353105 0.290200 0.336585 -0.116735 0.042545 0.221731 0.082081 -0.416435 -0.295613 -0.071865 -0.397196 -0.293299 -0.403106 -0.326457 -0.316408 -0.168576 -0.185465 -0.314261 -0.386475 0.007956 -0.281647 0.354504 -0.118442 0.031674 -0.051727 0.027535 -0.071194 -0.516513 -0.476083 0.016199 -0.412156 0.517071 0.338703 0.297434 -0.046073 0.765008 0.274864 0.045076 0.140477 -0.491708 -0.300203 -0.018251 0.027452 -0.231268 -0.262814 -0.165854 -0.056972 -0.208039 -0.165677 -0.565038 -0.367892 -0.559272 -0.617010 0.114119 -0.087312 0.373813 -0.083144 0.022281 -0.068006 0.233157 0.267927 -0.339288 -0.344341 0.169445 0.058653 -0.275982 -0.179297 -0.419879 -0.063875 -0.514379 -0.525147 -0.155638 -0.227698 -0.243870 -0.328351 -0.227027 -0.251760 -0.185885 -0.046498 -0.210239 -0.017639 -0.164262 -0.127145 -0.298359 -0.309649 0.060636 -0.092452
-0.042750 0.098851 0.279368 1.000000 0.249211 0.446982 0.202441 0.240058 0.225240 0.339503 -0.030894 0.008174 0.051693 -0.154884 0.264684 0.457808 0.187399 -0.029342 0.418513 0.267361 0.139353 0.077978 0.474391 0.414682 0.138586 0.172169 0.381746 0.345678 -0.101707 -0.003574 0.024126 0.057641 -0.147745 0.119629 -0.042779 0.076531 -0.185649 -0.026562 0.033453 -0.055186 0.051548 0.095842 -0.333896 -0.347178 -0.077934 -0.231605 -0.008360 -0.173926 0.273506 0.127580 0.293556 0.080272 0.093546 0.331028 0.249468 0.214780 -0.082680 -0.249482 -0.416144 -0.154576 -0.180590 -0.143608 -0.145925 -0.149603 0.123861 -0.049536 -0.414155 -0.193948 -0.196952 -0.368595 -0.077032 0.194626 -0.115462 0.038484 -0.029055 -0.083942 -0.229845 0.103010 -0.119730 -0.092619 -0.140332 -0.090400 0.287921 0.087712 0.299427 0.226055 0.168536 0.287471 0.208603 0.142810 -0.049382 -0.173912 -0.051351 -0.336019 -0.312333 -0.161466 -0.139137 -0.277225 0.076115 -0.116116 -0.263167 -0.299650 -0.289633 -0.502680 -0.432998 -0.345079 -0.182370 -0.273623 -0.138994 -0.195589 -0.164649 -0.012770 0.061245 -0.161256 -0.057738 -0.100805
0.013981 -0.418155 0.430296 0.249211 1.000000 0.876486 0.362499 0.162069 0.578322 0.484250 0.167440 -0.132931 0.555294 0.129429 0.549201 0.597892 -0.318673 -0.306349 -0.048415 -0.145337 -0.142986 0.145157 0.547065 0.570353 0.240671 0.153536 0.631205 0.291455 -0.150588 -0.355391 -0.070266 -0.140250 -0.444250 -0.483646 -0.030006 0.172989 -0.003458 -0.018992 0.413442 0.018060 0.070577 -0.411016 -0.228949 -0.138260 0.051124 0.111666 0.092748 -0.079262 0.320313 0.078932 0.183234 -0.080491 0.050101 -0.060433 0.603043 0.456657 -0.397600 -0.384923 0.100123 0.083152 0.270458 0.184036 -0.206761 -0.363873 0.206889 0.504683 -0.167480 0.059777 -0.329921 -0.238768 0.022029 0.073257 -0.422934 -0.432066 -0.370978 -0.221595 -0.433205 -0.169593 -0.439468 -0.252808 -0.476638 -0.408851 0.408409 0.138291 0.254490 -0.163837 0.252368 0.201814 0.514023 0.517946 -0.117898 -0.272634 0.201316 0.111081 0.121878 -0.176952 0.011708 -0.071044 -0.450726 -0.556160 -0.113094 -0.188158 -0.235673 -0.064988 -0.125288 0.018992 0.039415 0.041944 -0.148234 -0.060743 0.012941 -0.110725 -0.441409 -0.548907 -0.289468 -0.016919
0.024064 -0.319658 0.329022 0.446982 0.876486 1.000000 0.235959 0.038103 0.437129 0.518561 -0.027592 -0.256144 0.423857 -0.067706 0.431253 0.614160 -0.179299 -0.206183 0.148948 -0.074314 -0.051493 0.248172 0.596490 0.514937 0.306585 0.192414 0.707827 0.367428 -0.212803 -0.259062 -0.132407 -0.185344 -0.463234 -0.406523 -0.073496 0.098730 -0.031780 -0.061003 0.433234 0.089751 -0.011955 -0.169566 -0.188312 -0.139951 0.143641 0.124260 0.138732 0.006665 0.339763 0.112438 0.214671 -0.055752 0.023576 0.047783 0.647476 0.591791 -0.275681 -0.338513 -0.010894 0.075500 0.050177 -0.037702 -0.245015 -0.453257 0.068169 0.337566 -0.252718 -0.052350 -0.268839 -0.259197 0.031871 0.077222 -0.330055 -0.321311 -0.260661 -0.182186 -0.412863 -0.131009 -0.303313 -0.189131 -0.326471 -0.304250 0.359146 0.158016 0.230885 -0.166668 0.153051 0.182451 0.467732 0.613773 -0.064713 -0.272483 0.118609 0.030720 -0.004006 -0.189715 0.047773 -0.136337 -0.357666 -0.400269 -0.167724 -0.091413 -0.224966 -0.101274 -0.159471 0.023978 0.080242 0.031966 -0.193761 -0.084995 0.057272 -0.066215 -0.288008 -0.505478 -0.246065 -0.086883
-0.027361 -0.406377 0.895512 0.202441 0.362499 0.235959 1.000000 0.760499 0.234660 0.541873 0.629496 0.292329 0.545534 0.331522 0.160855 0.227952 -0.125956 -0.295788 -0.220289 -0.291640 -0.316018 -0.318381 0.522300 0.580313 -0.411438 -0.271557 0.200231 -0.121453 0.064388 -0.243204 0.314151 0.417123 -0.010363 0.140398 0.213998 0.007007 -0.539256 -0.317513 -0.244130 -0.539096 -0.312434 -0.439763 -0.189769 -0.153636 -0.248491 -0.193318 -0.289202 -0.321922 0.037226 -0.128223 0.507927 0.082309 0.197851 0.160388 -0.075995 -0.084393 -0.498720 -0.448063 -0.055394 -0.439342 0.555906 0.407120 0.364888 0.163582 0.663805 0.181542 -0.028163 -0.045289 -0.564374 -0.427870 0.043972 0.016469 -0.124364 -0.229359 -0.099658 0.006640 -0.170191 -0.214439 -0.503729 -0.388499 -0.488958 -0.500830 0.017932 -0.174034 0.235876 0.035940 0.027502 -0.155348 0.086289 0.108095 -0.461206 -0.382706 0.049739 -0.007175 -0.328152 -0.209066 -0.537808 0.001339 -0.572788 -0.458555 -0.247813 -0.198737 -0.294903 -0.357451 -0.258032 -0.297227 -0.209527 -0.075763 -0.211927 0.002714 -0.239709 -0.130903 -0.322360 -0.256486 0.099386 -0.139555
-0.181608 -0.175504 0.628444 0.240058 0.162069 0.038103 0.760499 1.000000 0.205132 0.506144 0.480765 0.374220 0.306629 0.315493 0.099157 0.199674 -0.005326 -0.226159 -0.234739 -0.230651 -0.131284 -0.218632 0.300131 0.380754 -0.503738 -0.074968 0.063426 0.025090 0.040814 -0.023298 0.302870 0.526900 0.156415 0.333835 0.190698 0.039759 -0.560435 -0.182998 -0.280556 -0.397575 -0.188429 -0.313098 -0.108580 -0.028692 -0.327861 -0.314280 -0.129326 -0.220303 -0.070687 -0.191005 0.483768 0.165960 0.159783 0.232598 -0.197808 -0.153124 -0.351308 -0.237619 -0.294852 -0.377514 0.338588 0.538478 0.123504 0.291013 0.543321 0.199957 -0.181498 -0.050527 -0.425682 -0.351191 -0.034341 -0.031262 -0.120414 -0.150586 -0.151468 -0.117466 -0.199561 -0.277723 -0.292104 -0.217820 -0.372128 -0.276648 -0.056883 -0.189941 0.176798 0.190479 0.055214 -0.135532 0.054931 -0.133337 -0.366909 -0.319151 0.021034 -0.273848 -0.256224 -0.151420 -0.407028 -0.044026 -0.437095 -0.370527 -0.173678 -0.360604 -0.442632 -0.446228 -0.398303 -0.235582 -0.336774 -0.285761 -0.210716 -0.008221 -0.242730 -0.161490 -0.201125 -0.139944 0.124034 -0.181491
-0.144865 -0.375992 0.207294 0.225240 0.578322 0.437129 0.234660 0.205132 1.000000 0.473901 0.281589 0.261281 0.475249 0.359261 0.776769 0.635465 -0.263029 -0.096029 -0.166155 -0.217437 -0.298137 -0.133923 0.202724 0.356961 0.055578 -0.097484 0.053244 0.068963 0.223350 0.028571 0.272918 0.216834 -0.362300 -0.365817 -0.136513 0.224172 0.161784 0.124178 0.112031 -0.209006 0.234539 -0.383324 -0.254964 -0.142987 0.010298 0.143977 0.043772 -0.106251 0.162336 0.247617 -0.017614 -0.080662 -0.068082 -0.017811 0.293412 0.173963 -0.500329 -0.514235 -0.043422 0.117281 0.097852 0.332725 -0.146753 -0.154165 0.110426 0.319696 -0.197556 0.112871 -0.354454 -0.434500 0.174081 0.122794 -0.177288 -0.227873 -0.238173 -0.062914 -0.108523 0.121850 -0.440485 -0.156207 -0.510216 -0.260744 0.529323 0.282602 0.124646 0.040469 0.324900 0.331660 0.305711 0.207517 -0.006713 -0.030189 0.166471 0.142157 0.035079 -0.109154 -0.122320 -0.104631 -0.152512 -0.390951 -0.120367 -0.029766 -0.138445 -0.011560 -0.090492 -0.051467 0.112403 -0.031245 -0.248659 -0.192961 -0.165406 -0.194150 -0.403584 -0.237648 -0.290251 0.111178
-0.219188 -0.413177 0.567689 0.339503 0.484250 0.518561 0.541873 0.506144 0.473901 1.000000 0.119405 -0.025925 0.251905 0.003843 0.301786 0.440984 -0.053620 -0.053904 -0.023778 -0.225689 -0.155972 -0.001968 0.446636 0.462934 -0.122211 -0.003256 0.222509 0.053796 0.022109 0.069491 0.289178 0.352138 -0.237726 -0.047622 0.016961 0.245491 -0.204251 -0.142572 0.036062 -0.338770 -0.081065 -0.135932 -0.264493 -0.207763 0.172306 0.188322 0.006477 -0.149182 0.090778 0.138077 0.112499 0.018692 -0.060252 0.019305 0.167369 0.142846 -0.459877 -0.436351 -0.174312 -0.113694 0.037483 0.196957 -0.120212 -0.207341 0.284268 0.124786 -0.145660 0.124301 -0.400451 -0.444617 0.126030 0.197664 -0.017584 -0.024956 -0.066112 -0.045450 -0.120028 0.027841 -0.359378 -0.020022 -0.434752 -0.226458 0.209667 0.002311 0.004451 -0.207250 0.016175 -0.021791 0.187715 0.227151 -0.067217 -0.132142 0.274759 0.110278 -0.204119 -0.285857 -0.225245 -0.230284 -0.358432 -0.453139 -0.110380 -0.003876 -0.185105 -0.213857 -0.249365 -0.183721 -0.112403 -0.168573 -0.346835 -0.157185 -0.076266 -0.178545 -0.180617 -0.279639 -0.168734 -0.302022
0.034688 -0.319180 0.498077 -0.030894 0.167440 -0.027592 0.629496 0.480765 0.281589 0.119405 1.000000 0.606848 0.740791 0.672022 0.199390 0.135454 -0.164950 -0.097975 -0.379302 -0.187720 -0.330564 -0.373676 0.105279 0.218729 -0.537950 -0.363359 -0.056903 -0.214910 0.259395 -0.129723 0.275391 0.268603 0.005117 0.038352 0.187667 0.089048 -0.231491 -0.064764 -0.307509 -0.400172 -0.252876 -0.443297 -0.107488 -0.077871 -0.329463 -0.305089 -0.088255 -0.182975 0.063186 -0.179188 0.373271 -0.032962 0.332431 0.079721 -0.133644 -0.177801 -0.535448 -0.423007 0.034225 -0.294295 0.531939 0.460684 0.434917 0.369730 0.360555 0.097775 0.146986 0.018193 -0.378662 -0.327728 0.101642 0.001879 -0.088885 -0.198658 -0.219729 0.021619 -0.009825 -0.065690 -0.484199 -0.260910 -0.439532 -0.335299 0.017227 -0.189389 0.249482 0.206717 0.126538 -0.094667 -0.046988 -0.148714 -0.423868 -0.261114 -0.097021 -0.023397 -0.280912 -0.092464 -0.369256 0.051222 -0.340310 -0.351074 -0.345325 -0.192716 -0.400394 -0.181132 -0.235980 -0.071976 -0.250840 -0.152828 -0.168180 0.008602 -0.159424 -0.059091 -0.282029 -0.005324 0.003043 -0.078911
-0.121780 -0.002228 0.064814 0.008174 -0.132931 -0.256144 0.292329 0.374220 0.261281 -0.025925 0.606848 1.000000 0.388413 0.838092 -0.011440 0.013837 -0.107969 -0.038753 -0.335789 -0.089895 -0.400948 -0.486460 -0.184365 -0.015715 -0.463756 -0.395243 -0.322986 -0.236333 0.118611 0.094805 0.170723 0.190360 0.043985 0.107892 0.167057 0.195360 -0.164588 0.056963 -0.482631 -0.337551 -0.189844 -0.300865 -0.012000 0.002182 -0.234392 -0.324573 -0.034425 -0.078885 0.214550 0.066110 0.303059 0.210704 0.351534 0.225999 -0.216720 -0.111196 -0.376442 -0.261766 0.035291 -0.200687 0.292462 0.554887 0.217435 0.392743 0.182414 0.149326 0.159289 0.052872 -0.119654 -0.210624 -0.028423 0.043766 -0.094027 -0.036451 -0.082167 0.075323 0.112263 0.173944 -0.309094 -0.144154 -0.335284 -0.184904 -0.225231 -0.285879 -0.009849 0.474444 -0.095836 -0.147461 -0.240548 -0.207712 -0.413051 -0.201681 -0.002379 -0.093295 -0.290030 0.063387 -0.358578 0.141417 -0.162905 -0.114268 -0.213804 -0.145123 -0.231103 -0.245449 -0.093108 -0.155083 -0.178707 -0.128340 0.028945 0.062808 -0.233581 -0.054783 -0.132013 0.195042 0.004713 -0.008974
0.003747 -0.443149 0.435299 0.051693 0.555294 0.423857 0.545534 0.306629 0.475249 0.251905 0.740791 0.388413 1.000000 0.618691 0.277638 0.253849 -0.242609 -0.117382 -0.376648 -0.332213 -0.392356 -0.285562 0.350590 0.445486 -0.180365 -0.170984 0.169672 -0.096850 0.048715 -0.293264 0.167237 0.101957 -0.250518 -0.240982 0.065481 0.104605 -0.224153 -0.036890 -0.087618 -0.242770 -0.265780 -0.358548 -0.040664 -0.010243 -0.091848 -0.049001 0.048903 0.003487 0.333605 0.045617 0.337270 0.094433 0.408320 0.200079 0.217847 0.249294 -0.604885 -0.554354 0.171385 -0.164105 0.530925 0.428189 0.176847 0.026479 0.240842 0.416021 -0.024228 0.009591 -0.433975 -0.429687 0.168972 0.038249 -0.169071 -0.251596 -0.185280 0.105796 -0.109835 -0.010271 -0.553840 -0.316177 -0.570583 -0.435217 0.070878 -0.246832 0.170567 -0.053980 0.005975 -0.146023 0.096413 0.211906 -0.366962 -0.247770 0.004060 0.120128 -0.183194 -0.064029 -0.166748 0.042646 -0.401359 -0.343857 -0.355643 -0.186680 -0.360967 -0.157519 -0.141041 -0.043713 -0.062645 -0.021216 -0.203126 0.026259 0.008131 -0.051213 -0.321625 -0.126523 -0.082737 -0.036472
-0.177470 -0.259052 0.110421 -0.154884 0.129429 -0.067706 0.331522 0.315493 0.359261 0.003843 0.672022 0.838092 0.618691 1.000000 0.058512 0.083311 -0.325686 -0.139453 -0.524743 -0.302492 -0.440281 -0.417573 -0.098196 0.085999 -0.313229 -0.266641 -0.191527 -0.157670 -0.006942 -0.140683 0.083620 0.054991 -0.201841 -0.240133 0.128329 0.224385 -0.070668 0.077390 -0.316471 -0.296065 -0.213308 -0.385323 0.061290 0.075279 -0.103900 -0.149622 0.028744 0.035800 0.331497 0.095222 0.302409 0.220195 0.409640 0.175008 0.045249 0.062398 -0.510383 -0.377324 0.213317 -0.103160 0.370648 0.636846 0.116874 0.264999 0.178474 0.402201 0.188829 0.226644 -0.261277 -0.278400 0.052962 0.070473 -0.239460 -0.158781 -0.185069 0.007320 0.045606 0.073884 -0.453730 -0.228462 -0.481108 -0.276281 -0.108513 -0.318122 -0.026752 0.334684 0.018784 -0.109069 -0.102005 -0.052370 -0.348360 -0.151505 0.074058 0.092345 -0.105869 -0.003636 -0.198115 0.215179 -0.217296 -0.215828 -0.234243 -0.124077 -0.257481 -0.138866 0.010951 0.006036 -0.016290 -0.013493 -0.101661 -0.027382 -0.128943 -0.113221 -0.311209 0.177804 0.085803 0.099826
0.033981 -0.341612 0.221049 0.264684 0.549201 0.431253 0.160855 0.099157 0.776769 0.301786 0.199390 -0.011440 0.277638 0.058512 1.000000 0.678946 -0.298288 -0.182266 0.009848 -0.058442 -0.029619 0.065156 0.227647 0.316698 0.099551 -0.076284 0.209192 0.183513 0.285476 -0.000336 0.212156 0.139400 -0.320609 -0.360067 -0.241834 0.105254 0.272741 0.223507 0.291055 -0.026495 0.352406 -0.272923 -0.334941 -0.173533 -0.113312 0.055429 0.013578 -0.195052 -0.050020 0.065151 -0.089644 -0.276300 -0.219816 -0.224689 0.326854 0.092711 -0.368205 -0.425669 -0.065880 0.137968 0.053106 0.111688 -0.110164 -0.248319 0.118163 0.185775 -0.259720 0.019277 -0.315161 -0.289790 0.158961 0.134890 -0.218180 -0.189565 -0.258159 -0.097542 -0.069315 0.137700 -0.396243 -0.116524 -0.290125 -0.249903 0.795397 0.554362 0.368291 -0.066544 0.571499 0.519688 0.531218 0.214302 0.180402 0.011037 0.146038 0.061878 0.234164 -0.016093 -0.028684 -0.134704 -0.074290 -0.401669 0.002354 -0.041491 -0.092322 0.013954 -0.133496 -0.007142 0.029524 -0.006195 -0.057772 -0.110308 -0.213474 -0.270061 -0.470434 -0.521962 -0.298086 0.159296
-0.082036 -0.232203 0.301011 0.457808 0.597892 0.614160 0.227952 0.199674 0.635465 0.440984 0.135454 0.013837 0.253849 0.083311 0.678946 1.000000 -0.295542 -0.316021 -0.014310 -0.242766 -0.015613 0.236305 0.490324 0.388189 0.044716 0.256577 0.508783 0.587252 -0.073471 -0.190606 0.094992 0.160597 -0.399330 -0.297006 -0.079938 0.068252 0.103131 0.075410 0.322657 0.026994 0.199151 -0.317969 -0.184196 -0.090443 -0.133610 -0.130219 0.134823 -0.098796 -0.082744 -0.144050 0.128716 -0.359016 -0.234830 -0.114408 0.510520 0.405561 -0.288625 -0.307883 -0.316896 -0.198420 -0.069734 0.039341 -0.206978 -0.294763 0.264860 0.231800 -0.444743 -0.025293 -0.401730 -0.302523 -0.028298 0.059946 -0.423885 -0.338608 -0.446788 -0.269903 -0.289166 -0.065753 -0.277861 -0.170348 -0.333053 -0.275716 0.491001 0.345484 0.338375 0.212719 0.336246 0.381751 0.505277 0.475419 -0.040382 -0.290335 0.189464 -0.148507 0.059068 -0.264794 0.037711 -0.294948 -0.107457 -0.325302 -0.160550 -0.254148 -0.283265 -0.151325 -0.189687 -0.007234 -0.051600 -0.060071 -0.300225 -0.313243 -0.058281 -0.038378 -0.302736 -0.365097 -0.203662 0.041642
0.296771 0.629650 -0.264728 0.187399 -0.318673 -0.179299 -0.125956 -0.005326 -0.263029 -0.053620 -0.164950 -0.107969 -0.242609 -0.325686 -0.298288 -0.295542 1.000000 0.569666 0.172372 0.312275 0.046483 -0.141954 -0.280386 -0.421906 -0.226947 -0.146792 -0.170549 -0.064158 0.295191 0.435545 -0.039844 0.028056 0.551960 0.592390 0.126905 -0.163455 -0.144372 -0.072338 -0.324786 -0.193991 0.209723 0.229975 0.155800 0.078727 -0.079660 -0.038590 0.087995 0.031941 -0.031875 0.232684 0.157061 0.265948 0.169244 0.430736 -0.251612 -0.073909 0.577726 0.366203 -0.500604 -0.144205 -0.298797 -0.484493 0.057780 0.249696 -0.385948 -0.584410 -0.312159 -0.571797 0.185096 -0.041445 0.065529 -0.083610 0.573520 0.368202 0.360432 0.134383 0.038279 -0.023338 0.603951 0.339159 0.591200 0.565641 -0.230681 -0.087807 -0.178411 0.018617 -0.033344 -0.055136 -0.395893 -0.437325 -0.107017 -0.034850 -0.388247 -0.309370 -0.375145 -0.070385 -0.169490 -0.061294 0.243377 0.332546 -0.142927 -0.018621 -0.114596 -0.231588 -0.205549 -0.257177 -0.274235 -0.277356 -0.104689 0.083001 -0.049003 0.230757 0.282055 0.170085 0.063745 -0.141490
0.209434 0.466698 -0.437255 -0.029342 -0.306349 -0.206183 -0.295788 -0.226159 -0.096029 -0.053904 -0.097975 -0.038753 -0.117382 -0.139453 -0.182266 -0.316021 0.569666 1.000000 0.076777 0.140611 -0.043619 -0.134463 -0.439713 -0.600972 -0.162266 -0.256500 -0.306676 -0.134599 0.427257 0.582920 0.004742 -0.040957 0.086479 0.296954 -0.169701 0.085774 0.079537 0.130398 -0.164234 -0.073732 0.261532 0.301864 0.108834 0.162279 0.116736 0.118848 0.187626 0.125988 0.033678 0.295791 -0.111534 0.081810 0.170354 0.206415 -0.223958 -0.223711 0.290444 0.313681 -0.150656 0.077702 -0.221059 -0.343080 0.066168 0.424662 -0.532480 -0.533634 0.052524 -0.247852 0.162735 -0.027392 0.040079 0.230916 0.541808 0.364544 0.238920 0.156317 0.212852 0.334687 0.439859 0.514156 0.519747 0.673922 -0.036941 -0.044450 -0.370729 -0.172112 -0.016277 -0.021327 -0.360984 -0.489245 -0.047885 0.037904 -0.508317 -0.244929 -0.189771 -0.138518 0.015288 -0.235818 0.176438 0.127679 -0.294246 0.085045 -0.091196 -0.038225 -0.211957 -0.145319 -0.163183 -0.320177 0.093867 0.047346 0.084433 -0.012993 0.199763 0.204325 -0.192801 -0.432644
0.239382 0.168278 -0.013815 0.418513 -0.048415 0.148948 -0.220289 -0.234739 -0.166155 -0.023778 -0.379302 -0.335789 -0.376648 -0.524743 0.009848 -0.014310 0.172372 0.076777 1.000000 0.601213 0.287555 0.281138 0.006527 0.005859 0.184386 0.013767 0.286420 0.063906 0.182783 0.303375 -0.236179 -0.186257 0.014421 0.041342 -0.160273 -0.049175 0.268495 0.055990 0.192979 0.336346 0.240895 0.358579 -0.311937 -0.392470 0.033329 -0.050847 -0.041402 -0.120043 0.087967 0.075509 -0.239237 -0.032472 -0.138775 0.017858 0.100038 0.146854 0.262649 0.108237 -0.197299 0.179920 -0.455750 -0.404409 -0.247599 -0.298561 -0.235283 -0.295132 -0.025270 -0.171988 0.415018 0.068795 -0.090409 -0.079063 0.242663 0.292154 0.267776 0.127747 0.121252 0.169413 0.223401 0.135875 0.205129 0.071317 0.126609 0.330808 0.074160 -0.135549 0.004738 0.124528 0.094176 0.059080 0.243917 0.030465 -0.007651 -0.177367 -0.075990 0.206868 -0.031793 -0.026771 0.118362 0.103685 0.138819 0.132830 0.229789 -0.051851 -0.141186 -0.162870 -0.037597 0.015620 0.237842 0.199164 -0.053294 0.130946 0.160530 -0.177955 -0.285712 -0.099235
0.233514 0.303080 -0.179277 0.267361 -0.145337 -0.074314 -0.291640 -0.230651 -0.217437 -0.225689 -0.187720 -0.089895 -0.332213 -0.302492 -0.058442 -0.242766 0.312275 0.140611 0.601213 1.000000 0.309053 0.213785 -0.258499 -0.124305 0.069385 -0.074011 0.067006 -0.153805 0.130578 0.230147 -0.325086 -0.350378 0.141886 0.081345 -0.167121 -0.064920 0.255684 0.113565 0.039615 0.324190 0.205978 0.224019 -0.293833 -0.288216 -0.191839 -0.212781 -0.000918 -0.060726 0.014506 -0.012048 -0.333673 -0.053762 -0.074669 -0.026183 -0.009948 -0.141381 0.253374 0.149184 -0.120781 0.211138 -0.239346 -0.291450 -0.117515 -0.031784 -0.329442 -0.275741 0.086672 -0.070263 0.503131 0.420302 -0.046948 -0.012533 0.047190 0.102315 0.004545 0.079803 -0.013046 0.152008 0.156668 0.053325 0.238716 0.085050 0.009297 0.177262 -0.107113 -0.118400 0.072986 0.104850 -0.001837 -0.220083 0.293222 0.278773 -0.016055 -0.094326 -0.022402 0.154856 0.038640 -0.051653 0.264697 0.080586 0.067846 -0.058795 -0.017265 -0.073370 -0.125309 0.057657 -0.044839 -0.155061 0.301024 0.113779 0.010093 0.171195 0.244623 0.004049 -0.154713 -0.061096
-0.005965 0.121866 -0.181966 0.139353 -0.142986 -0.051493 -0.316018 -0.131284 -0.298137 -0.155972 -0.330564 -0.400948 -0.392356 -0.440281 -0.029619 -0.015613 0.046483 -0.043619 0.287555 0.309053 1.000000 0.536410 -0.010015 -0.055349 0.319702 0.459802 0.115183 0.253267 -0.092734 0.027408 0.160641 0.052022 0.055362 -0.037049 -0.104234 -0.106356 0.079927 0.041479 0.182183 0.390052 0.197973 0.225211 0.051805 0.062877 -0.170221 -0.160469 0.143471 0.063957 -0.309468 -0.199401 -0.178601 -0.288113 -0.333746 -0.303860 0.049056 -0.203038 0.237965 0.123290 -0.179524 -0.099064 -0.288608 -0.330502 -0.093859 -0.136263 -0.067338 -0.066941 -0.267791 -0.078049 0.282652 0.279923 0.106254 0.107398 -0.064719 0.180125 -0.017641 0.055020 -0.004608 0.062130 0.162998 0.046624 0.197118 -0.028219 0.050428 -0.069899 0.041954 -0.046467 0.085280 0.106353 0.136885 -0.058505 0.340778 0.215243 0.075362 -0.178001 0.320785 0.053665 0.331377 -0.036968 0.296941 0.207928 0.257854 -0.259053 0.005233 -0.039504 0.052514 0.135597 0.025216 0.000451 0.134336 -0.120637 0.089726 -0.049178 0.384505 -0.034538 0.142441 0.157881
-0.080589 -0.097707 -0.144436 0.077978 0.145157 0.248172 -0.318381 -0.218632 -0.133923 -0.001968 -0.373676 -0.486460 -0.285562 -0.417573 0.065156 0.236305 -0.141954 -0.134463 0.281138 0.213785 0.536410 1.000000 0.200854 0.195017 0.429363 0.662001 0.491017 0.588089 -0.286764 -0.050834 -0.218641 -0.191779 -0.257907 -0.295605 -0.437965 -0.075153 0.376807 0.057542 0.714912 0.766803 0.290443 0.438227 -0.193151 -0.035932 0.006622 0.073621 0.050967 0.042534 -0.242534 -0.236777 -0.421915 -0.309483 -0.325060 -0.374839 0.465047 0.124844 0.123812 0.106267 -0.095377 0.098678 -0.333258 -0.356531 -0.508783 -0.461298 -0.192326 0.106431 -0.336681 0.079436 0.262294 0.334077 -0.059820 0.030857 -0.350679 -0.044351 -0.330139 0.010557 -0.211116 -0.043882 0.041026 -0.022672 0.005184 -0.088343 0.262309 0.250948 0.109166 -0.077675 0.260256 0.318406 0.547476 0.282219 0.517134 0.245543 0.242655 -0.052939 0.362432 -0.235579 0.489196 -0.450056 0.250906 -0.168924 0.338488 -0.207142 0.039461 -0.021498 0.044588 0.188733 -0.049562 -0.157867 0.235544 -0.284171 0.159950 -0.182717 -0.002669 -0.343914 -0.230617 -0.176855
-0.271515 -0.397090 0.696910 0.474391 0.547065 0.596490 0.522300 0.300131 0.202724 0.446636 0.105279 -0.184365 0.350590 -0.098196 0.227647 0.490324 -0.280386 -0.439713 0.006527 -0.258499 -0.010015 0.200854 1.000000 0.817718 0.260525 0.383548 0.485422 0.381985 -0.439685 -0.550098 0.126254 0.097512 -0.291481 -0.128648 0.108986 0.039664 -0.355855 -0.229283 0.250489 -0.046208 -0.325907 -0.198818 -0.290207 -0.245584 -0.071970 -0.124241 -0.169967 -0.191617 0.052315 -0.259695 0.295544 -0.185555 -0.023396 -0.084567 0.354690 0.254834 -0.383579 -0.369314 -0.065217 -0.326130 0.279397 0.129806 0.017233 -0.355549 0.601556 0.409010 -0.328184 0.039689 -0.352047 -0.214794 -0.108567 0.064636 -0.445538 -0.251475 -0.196820 -0.074603 -0.455890 -0.140984 -0.399088 -0.285599 -0.490938 -0.497048 0.192902 -0.044226 0.493157 0.005499 0.020126 0.118219 0.476021 0.618620 -0.215980 -0.321726 0.202851 -0.037683 -0.148749 -0.306932 -0.045355 -0.217071 -0.339532 -0.416450 -0.116782 -0.372527 -0.235725 -0.348522 -0.137284 -0.221200 -0.096014 -0.068704 -0.201147 -0.116230 0.101377 -0.092275 -0.187254 -0.371379 0.046952 -0.026886
-0.358598 -0.607299 0.722100 0.414682 0.570353 0.514937 0.580313 0.380754 0.356961 0.462934 0.218729 -0.015715 0.445486 0.085999 0.316698 0.388189 -0.421906 -0.600972 0.005859 -0.124305 -0.055349 0.195017 0.817718 1.000000 0.214509 0.286685 0.434076 0.188021 -0.351520 -0.500421 0.189914 0.199269 -0.330710 -0.293703 -0.020871 0.018452 -0.242545 -0.179978 0.268988 -0.027268 -0.204456 -0.197461 -0.403807 -0.368327 -0.049220 -0.039372 -0.298612 -0.254127 0.165322 -0.123227 0.132593 -0.060630 0.006259 -0.062954 0.334840 0.171723 -0.589438 -0.557257 0.080592 -0.121309 0.305258 0.320761 -0.101367 -0.422270 0.553246 0.522949 -0.193241 0.209411 -0.326892 -0.219814 0.078375 0.128803 -0.479454 -0.264635 -0.256164 0.004004 -0.330603 -0.101952 -0.661689 -0.462586 -0.729306 -0.720048 0.253324 -0.001843 0.402729 -0.039082 0.070942 0.097124 0.512831 0.546114 0.001661 -0.088434 0.419486 0.208825 -0.093962 -0.164212 -0.168399 -0.170171 -0.331459 -0.484916 0.097742 -0.263323 -0.062256 -0.246342 -0.085598 -0.098493 0.036702 0.001662 -0.152753 -0.194213 -0.053692 -0.205527 -0.290555 -0.368763 -0.034659 0.042955
-0.079643 -0.080135 -0.198499 0.138586 0.240671 0.306585 -0.411438 -0.503738 0.055578 -0.122211 -0.537950 -0.463756 -0.180365 -0.313229 0.099551 0.044716 -0.226947 -0.162266 0.184386 0.069385 0.319702 0.429363 0.260525 0.214509 1.000000 0.571136 0.206300 0.287706 -0.312175 -0.209147 -0.066994 -0.321029 -0.323662 -0.408405 -0.125766 0.108998 0.262102 0.062894 0.395847 0.412932 0.158190 0.265277 -0.150369 -0.172569 0.242334 0.193564 0.018638 0.012010 0.126987 0.040082 -0.228760 -0.114529 -0.093708 -0.168562 0.390830 0.178304 0.088740 -0.027951 0.235094 0.212472 -0.162328 -0.238106 -0.318906 -0.472257 -0.093379 0.323702 -0.142397 0.169076 0.158343 0.130425 -0.038561 0.062240 -0.283856 -0.014062 0.013777 -0.095481 -0.211598 0.073711 -0.020213 -0.050213 -0.080608 -0.124250 0.208627 0.064579 0.023888 -0.222655 0.033121 0.234888 0.265398 0.349750 0.363852 0.279760 0.161126 0.193682 0.314015 -0.019133 0.440423 -0.058943 0.188813 0.037707 0.231250 -0.017912 0.210452 0.108708 0.318187 0.111579 0.295120 0.158810 0.137497 -0.067152 0.105581 -0.017764 0.104527 -0.054590 -0.027988 0.243448
-0.274261 0.003213 -0.076381 0.172169 0.153536 0.192414 -0.271557 -0.074968 -0.097484 -0.003256 -0.363359 -0.395243 -0.170984 -0.266641 -0.076284 0.256577 -0.146792 -0.256500 0.013767 -0.074011 0.459802 0.662001 0.383548 0.286685 0.571136 1.000000 0.316774 0.691969 -0.522824 -0.288911 -0.034603 -0.034844 -0.180561 -0.165921 -0.003697 0.012960 0.150839 0.067098 0.437854 0.469650 0.134247 0.166952 -0.048920 -0.069433 -0.014885 -0.106494 0.101589 -0.016516 -0.155792 -0.346805 -0.132071 -0.218754 -0.138669 -0.175658 0.392810 0.173323 0.144244 0.157094 -0.173440 -0.098111 -0.242272 -0.185487 -0.457509 -0.368872 0.043491 0.346451 -0.402397 0.148406 0.153135 0.182683 -0.156449 -0.024863 -0.471729 -0.131661 -0.285011 -0.204924 -0.309461 -0.164573 0.067413 -0.032888 -0.115424 -0.102095 0.013713 -0.091842 0.092888 -0.006025 0.056134 0.197902 0.343160 0.296130 0.320783 0.100259 0.245716 -0.077522 0.280211 -0.224078 0.488948 -0.366012 0.193382 -0.021777 0.246154 -0.390274 -0.123004 -0.080810 0.125408 0.213456 -0.044232 -0.092851 -0.109658 -0.318824 0.162298 -0.020981 0.094147 0.015643 0.077360 0.090082
0.058610 -0.155776 0.285089 0.381746 0.631205 0.707827 0.200231 0.063426 0.053244 0.222509 -0.056903 -0.322986 0.169672 -0.191527 0.209192 0.508783 -0.170549 -0.306676 0.286420 0.067006 0.115183 0.491017 0.485422 0.434076 0.206300 0.316774 1.000000 0.613369 -0.219279 -0.299794 -0.366191 -0.226104 -0.318556 -0.303566 -0.244340 -0.198589 0.025523 -0.025770 0.559966 0.367395 0.069214 -0.033398 -0.230571 -0.119629 -0.045464 -0.089365 0.036617 0.000463 0.041685 -0.172638 0.195710 -0.083687 -0.038881 0.041842 0.566255 0.561469 -0.079690 -0.061739 -0.242611 -0.036707 -0.148845 -0.161843 -0.376192 -0.409849 0.089716 0.215111 -0.300485 -0.142200 -0.128646 -0.059235 -0.046899 0.001494 -0.366892 -0.273365 -0.369122 -0.220169 -0.461769 -0.281802 -0.055586 -0.137372 -0.135992 -0.190110 0.242800 0.244523 0.355304 0.021919 0.214208 0.133002 0.538143 0.477890 0.007516 -0.263825 0.080477 -0.168176 0.025802 -0.240267 0.073207 -0.167255 -0.282554 -0.321305 -0.017644 -0.251842 -0.175914 -0.134828 -0.190074 0.052211 -0.082743 -0.131494 -0.042866 -0.063864 0.125313 0.090984 -0.130951 -0.510047 -0.291008 -0.193412
-0.054059 0.180415 -0.051218 0.345678 0.291455 0.367428 -0.121453 0.025090 0.068963 0.053796 -0.214910 -0.236333 -0.096850 -0.157670 0.183513 0.587252 -0.064158 -0.134599 0.063906 -0.153805 0.253267 0.588089 0.381985 0.188021 0.287706 0.691969 0.613369 1.000000 -0.283040 -0.179629 -0.179183 -0.090997 -0.175762 -0.164783 -0.167739 -0.167733 0.178140 0.193454 0.477499 0.405093 0.314338 0.029924 -0.200605 -0.117708 -0.155079 -0.205522 0.026574 -0.156450 -0.151912 -0.261136 0.111631 -0.196491 -0.038150 -0.056852 0.561203 0.399575 0.175274 0.211627 -0.418486 -0.162573 -0.309825 -0.243197 -0.547271 -0.306623 0.035481 0.162163 -0.602800 -0.210689 -0.030382 -0.029211 -0.183899 0.007182 -0.442413 -0.186496 -0.435537 -0.275484 -0.362080 -0.207057 0.127865 -0.004917 -0.021812 0.043849 0.190803 0.113167 0.281285 0.218147 0.373340 0.447312 0.488956 0.321861 0.102861 -0.222413 0.130551 -0.319365 0.222626 -0.297460 0.251113 -0.295358 0.025661 -0.150579 0.092590 -0.386250 -0.201474 -0.198914 -0.035529 0.010942 -0.236021 -0.184395 -0.053841 -0.152200 -0.007526 0.072743 -0.074716 -0.242601 -0.045952 -0.051410
0.360007 0.115420 -0.067416 -0.101707 -0.150588 -0.212803 0.064388 0.040814 0.223350 0.022109 0.259395 0.118611 0.048715 -0.006942 0.285476 -0.073471 0.295191 0.427257 0.182783 0.130578 -0.092734 -0.286764 -0.439685 -0.351520 -0.312175 -0.522824 -0.219279 -0.283040 1.000000 0.698916 0.318712 0.396477 0.392063 0.282008 -0.032320 -0.124696 0.057589 0.025330 -0.185332 -0.176825 0.390135 -0.032892 -0.046254 -0.052229 -0.150637 0.030970 0.029341 -0.178995 -0.070061 0.257462 -0.028826 0.067083 0.218894 0.161107 -0.261449 -0.182023 0.028478 -0.045418 -0.125989 0.159595 -0.080818 -0.145392 0.231199 0.270644 -0.262715 -0.539756 0.081059 -0.421088 -0.039308 -0.297461 0.310621 -0.256097 0.619900 0.196910 0.260638 0.116660 0.308925 0.004268 0.188800 0.075978 0.209251 0.272824 0.224899 0.333390 -0.254279 -0.255753 0.217667 0.048796 -0.274977 -0.541207 -0.064194 0.071707 -0.362187 -0.096579 -0.068673 0.126748 -0.240980 0.048938 0.032166 0.124982 -0.147430 0.282691 0.077335 0.119058 -0.104764 -0.090438 -0.129159 -0.096547 0.046916 0.206984 -0.415620 0.114743 0.104377 0.009123 -0.125321 -0.075946
0.223353 0.280728 -0.353105 -0.003574 -0.355391 -0.259062 -0.243204 -0.023298 0.028571 0.069491 -0.129723 0.094805 -0.293264 -0.140683 -0.000336 -0.190606 0.435545 0.582920 0.303375 0.230147 0.027408 -0.050834 -0.550098 -0.500421 -0.209147 -0.288911 -0.299794 -0.179629 0.698916 1.000000 0.187531 0.246424 0.363228 0.397320 -0.133333 0.109412 0.110551 0.099070 -0.154977 0.026586 0.422606 0.315779 0.098695 0.097044 0.115425 0.168972 0.227404 -0.012311 0.047647 0.366076 -0.205395 0.149348 0.111572 0.175600 -0.265871 -0.207616 0.178853 0.055526 -0.179029 0.231068 -0.312225 -0.206967 -0.002218 0.216686 -0.494311 -0.508941 0.057812 -0.292739 0.120697 -0.258161 0.086119 -0.175896 0.660956 0.444185 0.396382 0.217274 0.374641 0.178917 0.352840 0.331193 0.313456 0.490714 0.090191 0.232270 -0.461039 -0.160434 0.093511 0.054233 -0.377296 -0.635953 0.032659 0.164073 -0.361878 -0.201112 -0.065731 0.185037 -0.009636 -0.137110 0.217997 0.167604 -0.113950 0.300427 0.094907 -0.014784 -0.118313 -0.158069 -0.211135 -0.276460 0.166313 0.164350 -0.331934 0.006260 0.258168 0.183643 -0.156799 -0.220099
-0.126414 -0.237543 0.290200 0.024126 -0.070266 -0.132407 0.314151 0.302870 0.272918 0.289178 0.275391 0.170723 0.167237 0.083620 0.212156 0.094992 -0.039844 0.004742 -0.236179 -0.325086 0.160641 -0.218641 0.126254 0.189914 -0.066994 -0.034603 -0.366191 -0.179183 0.318712 0.187531 1.000000 0.814041 0.165644 0.185020 0.247845 0.154098 -0.309499 -0.254438 -0.268767 -0.414393 0.021118 -0.197737 0.037275 0.024600 -0.174106 -0.092416 -0.010971 -0.171224 -0.144932 -0.018933 0.093753 -0.138156 0.040016 -0.061887 -0.204443 -0.385716 -0.325925 -0.363937 -0.091587 -0.271685 0.174129 0.133894 0.444413 0.194487 0.305078 -0.026824 -0.116302 -0.085901 -0.304995 -0.370861 0.318840 0.077282 0.142118 0.132508 0.158437 0.080569 0.169003 0.080436 -0.299435 -0.156346 -0.283141 -0.271082 0.161333 -0.094504 -0.055729 -0.098460 -0.031746 0.021044 -0.102121 -0.131950 -0.097689 -0.000299 0.010861 0.012767 -0.097917 -0.018526 -0.196536 -0.088072 -0.048386 -0.052491 -0.022447 -0.055193 0.040860 -0.084743 0.100654 -0.151392 0.011088 0.030260 -0.224763 -0.125489 -0.201789 -0.119278 0.082817 0.079605 0.164007 0.068995
-0.155098 -0.192358 0.336585 0.057641 -0.140250 -0.185344 0.417123 0.526900 0.216834 0.352138 0.268603 0.190360 0.101957 0.054991 0.139400 0.160597 0.028056 -0.040957 -0.186257 -0.350378 0.052022 -0.191779 0.097512 0.199269 -0.321029 -0.034844 -0.226104 -0.090997 0.396477 0.246424 0.814041 1.000000 0.265845 0.347433 0.214459 -0.018876 -0.385075 -0.234355 -0.236801 -0.375947 0.031325 -0.180444 0.098732 0.072746 -0.249721 -0.146908 -0.011616 -0.123015 -0.260494 -0.087304 0.168966 -0.042936 0.043256 0.101250 -0.289077 -0.252432 -0.228116 -0.240351 -0.297109 -0.302290 0.019510 0.107274 0.295742 0.191811 0.290985 -0.167307 -0.180478 -0.144775 -0.299847 -0.363742 0.308630 -0.059360 0.194979 0.039835 0.070863 0.014184 0.097291 -0.145728 -0.130050 -0.134643 -0.208312 -0.160934 0.049677 0.032601 -0.085832 -0.014548 -0.091953 -0.137078 -0.150326 -0.195862 -0.132749 -0.051640 -0.043890 -0.112685 -0.203376 -0.160711 -0.290862 -0.192123 -0.086490 0.020425 -0.040580 -0.096400 -0.023260 -0.094991 -0.104759 -0.068298 -0.068021 -0.114240 -0.366145 -0.243593 -0.254381 -0.065210 0.068532 0.030666 0.142300 -0.077834
0.298697 0.525402 -0.116735 -0.147745 -0.444250 -0.463234 -0.010363 0.156415 -0.362300 -0.237726 0.005117 0.043985 -0.250518 -0.201841 -0.320609 -0.399330 0.551960 0.086479 0.014421 0.141886 0.055362 -0.257907 -0.291481 -0.330710 -0.323662 -0.180561 -0.318556 -0.175762 0.392063 0.363228 0.165644 0.265845 1.000000 0.744728 0.263951 -0.335778 -0.357562 -0.176255 -0.388876 -0.151188 0.059583 -0.001546 0.102043 0.038394 -0.205593 -0.077793 -0.150660 -0.232440 -0.108077 0.091857 0.167893 0.314744 0.220851 0.204053 -0.396452 -0.230022 0.408347 0.356640 -0.176095 -0.044869 0.018006 -0.131494 0.209013 0.206952 -0.104773 -0.399123 -0.142241 -0.578142 0.243664 0.045000 0.025933 -0.499228 0.490946 0.237982 0.386841 0.077825 0.132268 -0.311156 0.440058 0.009547 0.319779 0.300524 -0.374821 -0.133801 -0.248819 -0.010739 -0.060639 -0.069334 -0.439308 -0.490313 -0.243893 -0.116093 -0.309954 -0.280163 -0.122821 0.277048 -0.190010 0.255899 0.123509 0.399226 -0.024144 0.023324 0.007404 -0.124919 0.134687 -0.163102 -0.215694 -0.015981 0.066142 0.364729 -0.354468 0.306550 0.353924 0.158274 0.316920 0.169828
0.154798 0.530051 0.042545 0.119629 -0.483646 -0.406523 0.140398 0.333835 -0.365817 -0.047622 0.038352 0.107892 -0.240982 -0.240133 -0.360067 -0.297006 0.592390 0.296954 0.041342 0.081345 -0.037049 -0.295605 -0.128648 -0.293703 -0.408405 -0.165921 -0.303566 -0.164783 0.282008 0.397320 0.185020 0.347433 0.744728 1.000000 0.325225 -0.027408 -0.473464 -0.191463 -0.465830 -0.229202 -0.056075 0.133821 0.144028 0.119150 -0.202411 -0.215374 -0.016427 -0.155401 -0.152249 -0.057335 0.293520 0.247849 0.204423 0.350265 -0.563151 -0.394401 0.295543 0.278086 -0.310644 -0.267449 0.109076 -0.090162 0.305035 0.419029 0.050178 -0.424919 -0.063457 -0.434966 0.034336 -0.084605 -0.185860 -0.290337 0.484006 0.275475 0.342770 0.074519 0.115165 -0.112686 0.427034 0.256455 0.342152 0.346613 -0.353983 -0.202310 -0.183881 0.028124 -0.207615 -0.189946 -0.520480 -0.548614 -0.407488 -0.251577 -0.556478 -0.519059 -0.398907 0.005063 -0.164584 -0.133103 0.096275 0.215808 -0.336722 -0.153130 -0.266898 -0.391361 -0.205490 -0.302474 -0.451435 -0.345861 -0.008300 0.151822 -0.235285 0.102330 0.344017 0.185109 0.170095 -0.185669
-0.016632 0.063939 0.221731 -0.042779 -0.030006 -0.073496 0.213998 0.190698 -0.136513 0.016961 0.187667 0.167057 0.065481 0.128329 -0.241834 -0.079938 0.126905 -0.169701 -0.160273 -0.167121 -0.104234 -0.437965 0.108986 -0.020871 -0.125766 -0.003697 -0.244340 -0.167739 -0.032320 -0.133333 0.247845 0.214459 0.263951 0.325225 1.000000 0.296954 -0.318819 -0.273265 -0.461311 -0.498296 -0.291238 -0.433569 0.173794 -0.097502 -0.232968 -0.354884 0.104169 -0.168658 0.007509 -0.219930 0.387790 -0.129433 0.127588 0.024746 -0.277986 -0.154411 -0.015785 -0.015200 -0.035467 -0.334131 0.287419 0.108808 0.417209 0.271163 0.439392 -0.029623 0.162154 -0.068742 -0.145482 -0.083861 -0.185566 -0.241019 0.073835 -0.114195 0.156596 -0.277939 0.047947 -0.221320 0.099815 0.079395 -0.031578 -0.094843 -0.372636 -0.349162 0.004055 0.022913 -0.352137 -0.310016 -0.426006 -0.105668 -0.471068 -0.367736 -0.065651 -0.084561 -0.164152 -0.038851 -0.099356 0.222611 -0.186537 0.110511 -0.137878 -0.094907 -0.117565 -0.014550 0.174552 0.015665 -0.150982 0.193485 -0.324591 0.064254 -0.049668 0.244887 0.082128 0.288839 0.442485 0.337597
-0.262465 -0.303877 0.082081 0.076531 0.172989 0.098730 0.007007 0.039759 0.224172 0.245491 0.089048 0.195360 0.104605 0.224385 0.105254 0.068252 -0.163455 0.085774 -0.049175 -0.064920 -0.106356 -0.075153 0.039664 0.018452 0.108998 0.012960 -0.198589 -0.167733 -0.124696 0.109412 0.154098 -0.018876 -0.335778 -0.027408 0.296954 1.000000 0.162000 0.164396 -0.102371 -0.083257 -0.009685 0.017696 0.024520 0.038212 0.097483 -0.006727 0.386091 0.167183 0.322637 0.096165 -0.026863 -0.005117 0.106780 -0.026065 -0.036992 -0.200589 -0.389201 -0.441537 0.154615 0.012726 0.225813 0.227912 0.046665 0.073455 0.116401 0.264954 0.279460 0.451197 -0.176858 -0.232771 -0.177815 0.285208 -0.021441 0.220970 0.091908 0.106359 0.227069 0.474228 -0.223408 0.368561 -0.243216 -0.003294 0.179559 -0.108262 -0.050747 -0.082553 -0.070816 0.002885 -0.116757 -0.217890 -0.073616 0.090756 -0.045193 0.023193 -0.023276 -0.069753 0.260971 -0.193154 0.118868 -0.380116 -0.265207 -0.091623 -0.139624 -0.257089 -0.165973 -0.310202 -0.249548 -0.322740 -0.109930 -0.131950 0.169929 -0.277824 -0.188905 0.061977 -0.215254 -0.210122
