1.000000 0.635511 0.304791 -0.410798 0.075795 -0.516549 0.206465 -0.337972 0.168008 -0.240614 0.713150 0.104428 0.510047 0.236086 0.519200 -0.120930 0.094105 -0.067030 0.513794 0.249745 -0.384467 -0.432278 -0.113618 -0.346803 -0.641289 -0.651920 -0.090377 -0.508369 0.410550 -0.247823 -0.390555 -0.537873 0.022141 -0.158475 -0.027443 -0.004233 0.115266 -0.300401 -0.397805 -0.543285 -0.182731 0.000066 -0.424849 -0.541240 -0.391547 -0.491826 -0.320106 -0.309195 0.338936 -0.325275 -0.146112 -0.057075 0.296034 -0.059761 -0.260545 -0.597548 0.259456 -0.080338 0.664518 0.332951 0.724666 0.205031 0.456381 0.430947 -0.160692 -0.212399 0.398067 -0.289080 0.118853 -0.215558 -0.155523 -0.434162 0.360288 0.017157 0.164728 -0.054275 0.058828 -0.203454 0.035765 -0.300590 0.273126 0.201710 0.155014 -0.049568 0.189773 -0.306803 -0.632273 -0.495441 -0.464253 -0.153480 0.355842 0.522106 -0.360567 0.212632 0.084132 -0.173743 -0.256214 -0.225475 0.128851 0.097773 0.061758 0.216859 -0.074938 0.330257 0.084052 0.059641 0.004980 0.071028 0.070494 -0.202500 -0.143396 0.146598 0.198420 0.027794 0.027631 0.029551
0.635511 1.000000 0.133060 -0.303066 -0.021673 -0.538457 0.144970 -0.265192 0.003013 -0.369526 0.454128 0.137838 0.457704 0.247679 0.182449 -0.113115 0.125608 0.025253 0.438687 0.372854 -0.226676 -0.396039 -0.162158 -0.242816 -0.539406 -0.575070 -0.174384 -0.566153 0.443726 -0.124897 -0.295595 -0.293434 -0.030461 -0.076050 -0.210697 -0.254234 0.188199 -0.106398 -0.149011 -0.344354 0.053899 0.113230 -0.290329 -0.552578 -0.083961 -0.459850 -0.164367 -0.200979 0.179788 -0.083875 -0.351060 0.032419 0.201478 -0.309267 -0.142866 -0.419092 0.239602 0.278540 0.346675 0.361727 0.325660 0.083395 0.556348 0.559105 -0.492594 -0.407825 0.317785 -0.348109 0.390380 0.091648 -0.127463 -0.302658 0.417376 0.001828 0.116563 -0.168264 0.087872 -0.198885 0.069568 -0.171540 0.436742 0.316311 0.082369 0.009400 -0.008945 -0.345422 -0.354094 -0.407873 -0.481911 -0.223285 0.387181 0.425630 -0.461626 0.117412 0.099501 -0.101144 0.074001 -0.105049 0.187183 0.095511 0.040869 0.250644 0.098566 0.258599 0.055781 -0.162844 -0.038971 0.000502 0.122497 -0.098153 0.006727 0.264780 0.184926 -0.039141 -0.106916 0.045830
0.304791 0.133060 1.000000 0.202081 0.578269 -0.066233 0.815754 0.305352 0.631848 0.088601 0.195595 0.167863 0.396322 0.314675 0.330748 0.115945 -0.196385 -0.012387 0.440010 0.189253 -0.117186 -0.050115 0.620680 0.184582 -0.028918 -0.039123 0.166407 -0.111036 0.179740 -0.269925 0.249332 0.035970 -0.239070 -0.138135 -0.104798 -0.056607 0.015932 -0.565938 -0.009036 -0.368310 -0.218013 -0.119596 -0.181204 -0.301574 -0.138668 -0.418419 -0.046609 -0.313323 0.255822 -0.201666 0.097587 0.008564 0.352336 0.043903 -0.209618 -0.391747 -0.006946 -0.409949 0.258695 0.078877 0.450875 0.226178 0.175875 0.142446 0.275843 -0.061248 0.076845 -0.356602 -0.248851 -0.264062 0.241677 -0.243986 0.031177 -0.079159 0.023782 0.101207 0.026552 -0.075120 -0.243796 -0.172382 -0.080741 -0.107829 -0.030036 -0.043697 -0.070474 -0.137837 -0.218441 -0.364448 0.200686 -0.085959 -0.060341 0.245050 -0.096011 -0.004857 -0.069486 -0.371217 -0.398706 -0.395621 -0.209247 -0.375270 -0.272930 -0.006272 -0.292451 -0.139197 -0.127635 -0.104523 -0.123423 -0.021857 -0.088513 -0.334565 -0.376610 -0.305609 -0.028861 -0.222042 -0.351365 -0.280424
-0.410798 -0.303066 0.202081 1.000000 0.147395 0.685602 0.295271 0.816932 -0.005536 0.451500 -0.335171 0.110018 -0.237819 -0.150092 -0.302483 0.176467 -0.142652 -0.252969 -0.024230 0.190566 0.385757 0.559856 0.432714 0.731842 0.532697 0.685002 0.429938 0.616954 -0.304986 -0.115812 0.549101 0.702746 -0.570226 -0.269968 -0.276553 -0.142711 -0.473168 -0.030253 0.126587 0.381211 -0.267137 -0.126809 -0.150077 0.062086 -0.077539 -0.098403 -0.027321 -0.082739 -0.403090 0.071903 0.292535 0.087491 0.040823 0.262545 -0.106453 0.164844 0.055726 -0.206541 -0.567686 -0.370875 -0.443199 -0.033734 -0.164378 -0.332064 0.197851 0.344652 -0.526350 -0.196322 -0.227252 -0.048267 0.088840 0.037207 -0.327566 -0.085533 -0.138175 -0.005344 -0.230664 -0.129988 -0.182859 0.055145 -0.348009 -0.522566 0.099302 0.292867 -0.047158 0.532164 0.374989 0.399657 0.534453 0.376993 -0.345240 -0.223642 0.475286 -0.326399 0.203644 0.035160 -0.166646 0.140292 -0.378940 -0.218320 -0.390166 -0.452686 -0.274783 -0.286416 -0.216813 -0.199828 -0.157949 -0.180275 -0.069449 -0.103089 -0.190731 -0.264504 -0.234093 -0.033245 -0.052966 -0.129906
0.075795 -0.021673 0.578269 0.147395 1.000000 0.229575 0.438274 0.256201 0.726954 0.587015 -0.103268 0.111030 -0.092759 0.067202 0.150508 0.041907 -0.322382 -0.065719 0.230442 0.070956 0.091551 0.157442 0.182258 0.056065 0.262161 0.014334 0.530990 -0.027725 -0.290447 -0.258501 -0.118600 -0.158186 -0.094224 0.129492 0.089143 0.141187 -0.076692 -0.344252 0.156142 -0.248889 -0.162018 -0.351349 -0.087761 -0.063215 -0.029265 -0.081956 0.056816 -0.096552 0.245784 -0.144215 -0.038061 -0.243770 0.112997 -0.227662 -0.121280 -0.136591 -0.108847 -0.205659 0.301440 0.182243 0.447724 0.573532 -0.007149 0.134125 0.597023 0.202493 0.169250 -0.007633 -0.241328 -0.142920 0.068969 -0.172448 -0.085988 -0.291930 -0.051462 0.014290 0.033346 -0.071858 -0.029698 -0.124246 -0.281026 -0.212988 -0.026604 -0.054837 -0.201930 -0.188166 -0.057464 -0.364035 0.235840 0.024109 0.001459 -0.038177 0.062386 -0.089073 -0.232885 -0.123115 0.051650 -0.131066 -0.287837 -0.200810 -0.101849 -0.284965 -0.093627 0.128273 0.099560 0.041886 -0.303183 0.036514 -0.079283 -0.086727 -0.034793 -0.079199 0.016573 0.005149 -0.112605 -0.038624
-0.516549 -0.538457 -0.066233 0.685602 0.229575 1.000000 -0.086254 0.485049 -0.049884 0.526506 -0.584579 -0.240442 -0.660227 -0.569050 -0.376825 -0.047549 -0.271111 -0.201703 -0.276411 -0.010014 0.426782 0.753414 0.266844 0.677372 0.850781 0.872139 0.663988 0.851944 -0.623724 -0.211851 0.254672 0.546961 -0.396422 -0.050091 0.157505 0.119006 -0.494799 0.031654 0.344713 0.437840 -0.273542 -0.313585 -0.026384 0.362732 0.053900 0.198374 0.005239 0.134032 -0.300201 0.093669 0.351998 0.006211 0.010303 0.259764 -0.078535 0.355659 0.062505 -0.021664 -0.429217 -0.175429 -0.426379 -0.007074 -0.445123 -0.497622 0.381597 0.418657 -0.329749 0.207768 -0.221243 0.053006 0.045007 0.200786 -0.644225 -0.308047 -0.429220 -0.136322 -0.335032 -0.138173 -0.215692 0.112166 -0.451816 -0.457278 0.154435 0.177555 0.093237 0.648567 0.582291 0.620240 0.608680 0.570610 -0.224855 -0.421134 0.520823 -0.347689 0.095148 -0.054898 -0.108781 0.088693 -0.380902 -0.113149 -0.298521 -0.494674 -0.196990 -0.113318 -0.040520 -0.033103 -0.043573 0.082593 -0.320632 -0.096598 -0.080196 -0.256033 -0.364366 0.116667 0.108977 -0.020138
0.206465 0.144970 0.815754 0.295271 0.438274 -0.086254 1.000000 0.538655 0.563052 0.213631 0.282263 0.280077 0.591502 0.482476 0.267102 0.379660 0.125808 -0.106887 0.404012 0.090777 -0.030301 -0.128297 0.545989 0.118584 -0.070566 -0.073901 0.119481 -0.123881 0.240691 -0.206923 0.336265 0.055719 -0.329912 -0.363661 -0.387021 0.001651 0.081182 -0.455756 -0.073129 -0.259517 -0.216861 -0.066954 -0.138672 -0.304299 -0.158303 -0.397964 -0.097493 -0.221722 0.223395 -0.038914 0.147424 0.191584 0.270355 0.077667 -0.016648 -0.287656 0.118701 -0.370862 0.123066 -0.071765 0.338849 0.284448 0.278215 0.177833 0.283207 0.155234 -0.110252 -0.494998 -0.322042 -0.344969 0.277521 -0.214305 0.091544 0.034243 0.138270 0.151478 0.012593 0.097531 -0.012915 -0.266572 -0.166906 -0.220666 -0.088623 -0.066129 -0.260709 -0.226489 -0.175295 -0.393952 0.302689 -0.106487 -0.175916 0.209325 0.051612 0.046691 -0.146285 -0.296488 -0.325889 -0.374297 -0.122471 -0.419698 -0.230648 0.052576 -0.264325 -0.313613 -0.352013 -0.302120 -0.233042 -0.282484 -0.017100 -0.247122 -0.342745 -0.396231 -0.012352 -0.345683 -0.450181 -0.392461
-0.337972 -0.265192 0.305352 0.816932 0.256201 0.485049 0.538655 1.000000 0.167876 0.557133 -0.242540 0.277491 0.005993 0.208650 -0.178512 0.361147 0.022696 -0.257094 0.012735 -0.026900 0.415416 0.366414 0.323792 0.454490 0.350314 0.443097 0.306115 0.360445 -0.180027 -0.101285 0.544251 0.536319 -0.432747 -0.235671 -0.264923 0.048909 -0.256457 -0.220529 0.035195 0.112734 -0.227494 -0.178691 -0.046576 0.091848 -0.031576 -0.034819 -0.049733 -0.108790 -0.178767 0.121290 0.198494 0.184485 0.049822 0.172832 -0.083533 -0.008383 0.055204 -0.433534 -0.381693 -0.240315 -0.233499 0.312569 -0.031066 -0.157173 0.287985 0.556966 -0.391756 -0.172811 -0.458642 -0.275798 0.216390 0.046397 -0.219228 -0.054791 -0.047973 0.064287 -0.185976 0.069512 0.000239 -0.090327 -0.282900 -0.464384 0.128879 0.208591 -0.228951 0.204328 0.126674 0.041054 0.410499 0.105207 -0.379372 -0.306921 0.392859 -0.347330 -0.001059 -0.120467 -0.194968 -0.070303 -0.349022 -0.213395 -0.195799 -0.306820 -0.208310 -0.331944 -0.292946 -0.288793 -0.216115 -0.250426 -0.124227 -0.148001 -0.209867 -0.386379 -0.127520 -0.138216 -0.171048 -0.175567
0.168008 0.003013 0.631848 -0.005536 0.726954 -0.049884 0.563052 0.167876 1.000000 0.421767 0.098747 0.112495 0.173124 0.252615 0.423649 0.225233 0.019702 -0.171194 0.211616 -0.091381 -0.066913 -0.164967 0.259318 -0.074134 0.013550 -0.137415 0.156267 -0.192491 -0.049348 -0.298286 -0.101641 -0.220202 -0.030120 -0.139352 -0.189240 0.098775 0.134110 -0.248865 0.159353 -0.244404 0.031978 -0.266716 0.016071 -0.084185 -0.083085 -0.176941 0.083468 -0.014402 0.311173 0.006244 -0.052497 0.064620 0.314802 -0.175346 0.043956 -0.203446 -0.027497 -0.306828 0.431056 0.197903 0.586491 0.523744 0.218145 0.359919 0.474032 0.128471 0.172362 -0.166441 -0.386117 -0.283779 0.064599 -0.276748 0.091874 -0.186467 0.081328 -0.008467 0.088965 0.060616 0.240396 -0.394653 -0.136933 -0.131461 -0.067055 -0.120270 -0.269852 -0.329972 -0.218333 -0.432666 0.090370 -0.043608 0.110698 0.193141 0.016629 0.167883 -0.193638 -0.063361 -0.062911 -0.183152 -0.129562 -0.304590 -0.046945 0.020500 -0.163111 -0.049883 -0.097623 -0.237202 -0.382866 -0.229008 0.086636 -0.003861 -0.034165 -0.094598 0.126493 -0.152806 -0.311522 -0.290866
-0.240614 -0.369526 0.088601 0.451500 0.587015 0.526506 0.213631 0.557133 0.421767 1.000000 -0.310708 0.077387 -0.360695 -0.104299 -0.090685 0.131000 -0.149382 -0.275432 0.018748 -0.057543 0.195452 0.254897 -0.105075 0.109509 0.348118 0.284767 0.374212 0.200786 -0.476904 -0.116491 -0.063714 0.067516 -0.249015 0.028066 -0.091648 0.241623 -0.300503 -0.016025 0.093864 0.104895 -0.178955 -0.498289 -0.060965 0.240757 -0.054544 0.180545 -0.059672 0.081302 -0.035506 -0.003706 0.018978 -0.079382 0.005596 -0.107089 -0.032966 0.136650 -0.095377 -0.214572 -0.008775 0.001117 0.089600 0.621918 -0.127147 -0.013768 0.569481 0.647624 -0.057551 0.131974 -0.347655 -0.097731 -0.082092 0.006176 -0.213601 -0.202164 -0.107165 0.083945 -0.013548 0.128776 0.117763 -0.080746 -0.407060 -0.386136 -0.003135 0.020824 -0.309602 -0.022128 0.056453 -0.107098 0.254690 0.125591 -0.112528 -0.300040 0.519979 -0.124818 -0.121515 0.104096 0.104409 0.205713 -0.334532 -0.068474 -0.012434 -0.333029 -0.106814 -0.010345 -0.125160 -0.042246 -0.363336 -0.257349 0.076681 0.173681 0.157852 -0.108125 0.031255 0.066525 0.110939 -0.021434
0.713150 0.454128 0.195595 -0.335171 -0.103268 -0.584579 0.282263 -0.242540 0.098747 -0.310708 1.000000 0.374984 0.707829 0.411085 0.630673 0.198442 0.424684 0.115264 0.349713 0.264449 -0.363147 -0.474102 0.113259 -0.247092 -0.607263 -0.596514 -0.098657 -0.396274 0.510264 -0.057644 -0.112408 -0.419326 0.007838 -0.313193 -0.293777 -0.219271 0.228290 -0.151496 -0.384266 -0.378033 -0.094875 0.179256 -0.341381 -0.558131 -0.364681 -0.497717 -0.243340 -0.309455 0.259973 -0.129251 0.073987 -0.011200 0.012496 0.126521 -0.144451 -0.384524 0.062129 0.078036 0.287815 -0.076781 0.402519 -0.065213 0.281068 0.225100 -0.075081 -0.183115 -0.065178 -0.477401 0.117296 -0.187894 -0.183672 -0.409271 0.369418 0.173626 0.342580 -0.036823 0.053566 -0.222215 0.166819 -0.143304 0.324449 0.299485 0.147542 -0.048420 0.336221 -0.232292 -0.508288 -0.360693 -0.280742 -0.112012 0.132924 0.534169 -0.319175 0.274931 0.127547 -0.017013 -0.226850 -0.094438 0.098771 0.096609 0.006362 0.189220 -0.078654 0.030075 -0.144827 0.004461 -0.108900 -0.157399 0.187471 -0.153659 -0.089544 0.123913 0.127074 -0.038301 -0.042392 0.014831
0.104428 0.137838 0.167863 0.110018 0.111030 -0.240442 0.280077 0.277491 0.112495 0.077387 0.374984 1.000000 0.310838 0.714424 0.299234 0.313575 0.300211 0.272440 0.225375 0.121189 0.003513 -0.103486 0.061848 -0.102107 -0.234413 -0.316532 -0.075582 -0.216603 0.227933 0.344542 0.045375 -0.099287 0.042168 -0.003137 -0.218618 -0.226316 0.100957 -0.147110 -0.362758 -0.216542 -0.090817 -0.096439 -0.109548 -0.142279 -0.003862 -0.142485 -0.213819 -0.409899 0.031531 0.074297 -0.004261 -0.085745 -0.045892 -0.202114 -0.108049 -0.242041 -0.239667 -0.200646 0.010142 -0.145319 0.130468 0.201808 0.176787 0.095940 0.008038 0.217551 -0.123370 -0.186434 -0.089849 -0.077503 -0.061429 -0.034369 0.284667 0.242944 0.195093 0.125423 0.087174 -0.174790 0.082312 0.095749 0.115698 0.153862 -0.011301 0.172676 0.056817 -0.022668 -0.382856 -0.337697 -0.185609 -0.093950 -0.198529 -0.173088 -0.136945 -0.103309 0.309302 -0.030724 -0.088870 0.155190 -0.251089 0.146967 0.029002 0.036729 -0.075109 0.014389 -0.102887 0.061534 -0.174940 -0.268462 0.080493 -0.076718 -0.166395 0.032186 0.196169 0.145395 0.212707 0.294505
0.510047 0.457704 0.396322 -0.237819 -0.092759 -0.660227 0.591502 0.005993 0.173124 -0.360695 0.707829 0.310838 1.000000 0.648751 0.460111 0.323487 0.340078 -0.062012 0.420083 0.052999 -0.277061 -0.549343 0.219795 -0.302903 -0.605617 -0.569622 -0.304221 -0.534707 0.651832 -0.039926 0.089562 -0.322404 0.105958 -0.234468 -0.236192 0.017278 0.505140 -0.354747 -0.268605 -0.425055 -0.058264 0.264629 -0.133039 -0.490981 -0.325737 -0.474773 -0.105039 -0.322861 0.252386 -0.215808 -0.079378 0.076389 0.108954 -0.050642 0.098772 -0.402857 0.068467 -0.160863 0.298529 -0.004270 0.402288 0.034337 0.363943 0.241961 -0.210700 -0.138533 0.079373 -0.454397 -0.014019 -0.228022 0.251933 -0.242273 0.548946 0.244328 0.470873 0.120178 0.185901 0.073515 0.016391 -0.274546 0.153861 0.078807 -0.118022 -0.193963 -0.113136 -0.452359 -0.447888 -0.544471 -0.183811 -0.328067 -0.037723 0.311587 -0.343579 0.163897 -0.100863 -0.235865 -0.236854 -0.406022 0.231765 -0.215750 -0.032912 0.271512 -0.128739 -0.260841 -0.161369 -0.135314 0.026437 -0.140712 0.044707 -0.286807 -0.305511 -0.121491 0.152056 -0.279634 -0.314671 -0.281808
0.236086 0.247679 0.314675 -0.150092 0.067202 -0.569050 0.482476 0.208650 0.252615 -0.104299 0.411085 0.714424 0.648751 1.000000 0.420528 0.424982 0.344987 0.070045 0.263105 -0.120420 -0.020961 -0.397410 0.030234 -0.361175 -0.514795 -0.526155 -0.342385 -0.491755 0.445087 0.224023 0.106637 -0.242207 0.225865 -0.049491 -0.209866 0.049804 0.468937 -0.392335 -0.360435 -0.468139 0.079926 0.062172 0.080362 -0.249401 -0.013843 -0.130871 -0.076348 -0.318045 0.283446 0.029739 -0.141515 0.111063 0.113809 -0.168793 0.040962 -0.431505 -0.155270 -0.384965 0.218607 0.035920 0.357313 0.344081 0.374400 0.319545 -0.073120 0.117959 0.092522 -0.227874 -0.192306 -0.320446 0.323133 -0.032589 0.488084 0.245278 0.366109 0.308518 0.176046 0.091451 0.108118 -0.238966 0.065986 0.041227 -0.083181 0.025311 -0.289096 -0.447936 -0.545751 -0.640107 -0.261727 -0.404386 -0.084090 -0.012304 -0.251131 0.008136 -0.072012 -0.221243 -0.156727 -0.275942 0.088505 -0.072145 0.139983 0.204085 0.034574 -0.168255 -0.085000 -0.064864 -0.165387 -0.258527 -0.002213 -0.205640 -0.262139 -0.140747 0.219237 -0.153275 -0.217344 -0.073823
0.519200 0.182449 0.330748 -0.302483 0.150508 -0.376825 0.267102 -0.178512 0.423649 -0.090685 0.630673 0.299234 0.460111 0.420528 1.000000 0.269101 0.141309 -0.090314 0.264566 0.007768 -0.281317 -0.414155 0.201675 -0.178848 -0.351667 -0.382689 -0.099144 -0.276249 0.260751 -0.170112 -0.045444 -0.359928 0.120278 -0.171436 -0.024019 0.080139 0.353141 -0.312930 -0.229024 -0.518831 -0.156801 -0.050114 -0.228297 -0.403857 -0.328318 -0.283607 -0.359500 -0.367979 0.270029 -0.218491 -0.038364 -0.111302 0.230518 0.036621 -0.149226 -0.437625 -0.062715 -0.234398 0.462804 0.205471 0.551631 0.163212 0.265799 0.206347 0.110323 -0.073372 0.142905 -0.181843 -0.017251 -0.225915 0.094985 -0.285228 0.240665 0.043247 0.168687 0.153076 0.074822 -0.103733 0.030110 -0.421335 -0.019528 0.045104 0.184184 0.101874 0.128216 -0.217163 -0.519087 -0.408667 -0.164699 -0.015917 0.119635 0.310259 -0.124190 0.380470 0.045004 -0.322859 -0.415486 -0.241090 -0.053372 -0.013563 0.183118 0.244199 -0.008030 0.060989 0.007117 -0.066671 -0.130211 -0.161660 -0.085502 -0.254571 -0.304641 -0.140333 0.159692 0.025959 -0.106566 -0.073673
-0.120930 -0.113115 0.115945 0.176467 0.041907 -0.047549 0.379660 0.361147 0.225233 0.131000 0.198442 0.313575 0.323487 0.424982 0.269101 1.000000 0.315247 -0.085341 -0.210458 -0.270521 0.086090 -0.062632 0.183794 0.169994 0.033407 0.030305 -0.034465 0.082958 0.111675 -0.116616 0.344093 0.135453 -0.042474 -0.249464 -0.246600 0.117471 0.233135 -0.321897 -0.007250 -0.163953 0.077839 -0.104910 0.111837 -0.198926 -0.029972 -0.042524 -0.180392 -0.155864 0.181498 0.202363 0.178487 0.398373 0.188237 0.318459 0.337450 -0.160485 0.117236 -0.278765 -0.091822 -0.025721 -0.034900 0.121252 0.242219 0.124398 0.111965 0.172912 -0.125818 -0.170740 -0.223695 -0.382662 0.156847 0.115731 -0.033893 -0.092693 0.043470 0.029958 -0.228787 0.106197 0.202067 -0.324132 -0.214942 -0.266507 0.166140 0.388646 -0.275860 0.044511 -0.100744 -0.116762 0.234650 0.139023 -0.090132 -0.069359 0.083090 -0.041369 -0.282617 -0.170714 -0.231930 -0.293317 -0.013672 -0.245564 0.037536 -0.074873 0.135384 -0.267834 -0.173263 -0.116200 -0.088923 -0.205620 -0.280392 -0.150199 -0.383467 -0.455496 -0.165080 -0.183050 -0.227406 -0.241195
0.094105 0.125608 -0.196385 -0.142652 -0.322382 -0.271111 0.125808 0.022696 0.019702 -0.149382 0.424684 0.300211 0.340078 0.344987 0.141309 0.315247 1.000000 0.241055 -0.073203 -0.097375 -0.057381 -0.191721 -0.035870 -0.198345 -0.238225 -0.274039 -0.262499 -0.073708 0.393169 0.233257 0.079614 -0.023024 0.056098 -0.324486 -0.365163 -0.172935 0.234651 0.190982 -0.214521 0.038720 0.324634 0.139283 0.108966 -0.058134 -0.060129 -0.186192 0.035734 0.055520 -0.061076 0.365936 0.087816 0.299442 -0.177587 0.162353 0.132334 0.061180 0.316434 0.079288 -0.213440 -0.345365 -0.011605 -0.081040 0.426307 0.249442 0.008030 0.076232 -0.346522 -0.396362 -0.144635 -0.310318 -0.189459 -0.137073 0.342016 0.268766 0.253212 -0.022005 0.080329 0.087775 0.569868 0.014605 0.397083 0.338552 0.224222 0.176021 0.071333 -0.047439 -0.156506 0.003589 -0.072514 -0.067245 -0.173222 0.112768 -0.161874 0.015190 0.212958 0.010858 0.044989 -0.015345 0.305098 0.142617 -0.022855 0.124726 0.039666 -0.243692 -0.359480 -0.291635 -0.202106 -0.386699 0.126139 0.018769 -0.002635 0.086164 0.113646 -0.014007 -0.078859 -0.069986
-0.067030 0.025253 -0.012387 -0.252969 -0.065719 -0.201703 -0.106887 -0.257094 -0.171194 -0.275432 0.115264 0.272440 -0.062012 0.070045 -0.090314 -0.085341 0.241055 1.000000 0.038036 0.264096 -0.117918 0.114696 0.093905 -0.123198 -0.023016 -0.108561 -0.159286 -0.053959 0.258593 0.503653 0.147225 0.075715 0.143835 0.218291 0.032217 -0.563078 -0.116237 0.088400 -0.252129 -0.039660 0.089477 -0.049327 0.088507 0.196580 0.320592 0.102338 0.049553 -0.075589 -0.105171 0.225011 0.100673 -0.191393 -0.254117 -0.003477 -0.201624 0.148546 0.013968 0.289528 -0.230033 -0.318149 -0.187564 -0.405809 0.002199 -0.062004 -0.077854 -0.371775 -0.261886 -0.171327 0.262625 0.126925 -0.237848 0.356860 0.036667 0.274538 -0.025527 -0.082981 0.013531 -0.133773 0.080474 0.748235 0.491638 0.692459 0.057963 0.139224 0.369926 0.152851 -0.024146 0.100412 -0.088714 -0.216860 -0.228940 -0.043659 -0.332769 -0.117352 0.269191 -0.135558 0.040987 0.111583 0.015108 0.272056 -0.149409 0.110027 0.112368 0.064471 -0.117094 0.119373 0.186579 0.158998 0.015004 -0.140648 -0.096877 0.181168 -0.113496 0.111870 0.114571 0.396019
0.513794 0.438687 0.440010 -0.024230 0.230442 -0.276411 0.404012 0.012735 0.211616 0.018748 0.349713 0.225375 0.420083 0.263105 0.264566 -0.210458 -0.073203 0.038036 1.000000 0.595490 -0.327508 -0.302609 0.032316 -0.291727 -0.479073 -0.437114 -0.022913 -0.466329 0.445060 0.022622 -0.042673 -0.237973 -0.001369 0.016358 -0.035510 -0.175379 -0.017449 -0.294599 -0.419793 -0.491579 -0.262261 -0.193577 -0.384303 -0.351538 -0.247459 -0.330823 -0.251345 -0.330165 0.044402 -0.301952 -0.209295 -0.279162 0.041040 -0.250038 -0.394946 -0.514893 -0.124961 -0.087591 0.372720 0.042739 0.482897 0.157155 0.181472 0.124515 -0.003260 -0.165775 0.225755 -0.223035 0.216416 0.238165 0.023078 -0.209561 0.334825 0.222447 0.104919 0.187944 0.158732 -0.057618 -0.140505 0.064779 0.015883 0.190721 -0.258711 -0.155246 -0.045441 -0.298452 -0.455295 -0.540075 -0.213625 -0.357602 0.058369 0.296214 -0.201512 0.171578 0.134852 -0.078897 -0.266581 -0.006764 -0.040747 -0.198143 -0.225436 0.054496 -0.224485 -0.005121 -0.172981 -0.158875 -0.058421 -0.116081 0.244241 -0.168005 -0.126982 0.129986 0.114852 -0.094527 -0.006627 0.019199
0.249745 0.372854 0.189253 0.190566 0.070956 -0.010014 0.090777 -0.026900 -0.091381 -0.057543 0.264449 0.121189 0.052999 -0.120420 0.007768 -0.270521 -0.097375 0.264096 0.595490 1.000000 -0.277688 0.045904 0.155300 0.203004 -0.169146 -0.069547 0.096279 -0.128777 0.184138 0.023617 0.142224 0.164934 -0.182211 0.076517 -0.189029 -0.665935 -0.461278 -0.094574 -0.325771 -0.192891 -0.283421 -0.194378 -0.476458 -0.377064 0.019640 -0.243467 -0.232545 -0.277815 -0.235022 -0.010134 -0.001136 -0.266628 -0.085766 0.057152 -0.546947 -0.241800 -0.215479 0.312199 -0.155811 -0.237963 -0.103099 -0.310376 -0.073648 -0.159967 -0.028274 -0.368518 -0.167217 -0.312278 0.426501 0.441060 -0.244128 -0.139848 0.018821 -0.042039 -0.162449 -0.102989 -0.163613 -0.476602 -0.157555 0.321868 0.242199 0.326067 -0.089327 0.115651 0.356956 0.145081 -0.103165 -0.083453 -0.156411 -0.189533 0.161456 0.377175 -0.098124 0.060977 0.318170 0.040967 -0.210649 0.173744 -0.197907 -0.015125 -0.326216 -0.138610 -0.077892 0.157799 -0.054808 0.036826 0.087392 0.042117 0.175586 -0.094169 -0.067842 0.244992 -0.140398 0.118062 0.127578 0.239809
-0.384467 -0.226676 -0.117186 0.385757 0.091551 0.426782 -0.030301 0.415416 -0.066913 0.195452 -0.363147 0.003513 -0.277061 -0.020961 -0.281317 0.086090 -0.057381 -0.117918 -0.327508 -0.277688 1.000000 0.636526 0.128267 0.175869 0.456073 0.382961 0.417797 0.453434 -0.348528 0.092320 0.316750 0.399223 -0.137979 0.005353 -0.009317 0.050988 -0.086042 0.153108 0.235116 0.269363 0.111862 0.015915 0.112679 0.368117 0.124258 0.276203 0.133239 0.135133 -0.114595 0.182634 0.198910 -0.007958 -0.127701 0.034629 -0.112620 0.170658 0.215462 0.015275 -0.304115 -0.254390 -0.368326 0.050725 -0.235959 -0.168670 0.010893 0.288352 -0.319175 0.042298 -0.230413 -0.151467 0.287641 0.225962 -0.097369 0.143032 0.178201 0.131400 0.032718 0.115899 -0.011958 0.029914 -0.106221 -0.256793 0.056923 -0.021749 -0.058608 0.128458 0.394605 0.345027 0.222876 0.079496 -0.415253 -0.331111 0.140560 -0.265328 -0.158912 0.013423 0.124201 -0.000910 -0.162229 -0.023851 -0.087869 -0.169282 -0.113848 -0.278097 -0.149799 -0.322661 -0.175916 -0.054021 -0.086365 0.060981 0.102694 -0.092781 -0.250233 -0.222274 -0.358078 -0.132234
-0.432278 -0.396039 -0.050115 0.559856 0.157442 0.753414 -0.128297 0.366414 -0.164967 0.254897 -0.474102 -0.103486 -0.549343 -0.397410 -0.414155 -0.062632 -0.191721 0.114696 -0.302609 0.045904 0.636526 1.000000 0.240845 0.504381 0.737506 0.710919 0.598525 0.705004 -0.363727 0.158293 0.392102 0.664060 -0.277595 0.173367 0.114115 -0.088253 -0.398221 0.109977 0.162793 0.404656 -0.118026 -0.169426 -0.040501 0.388185 0.237384 0.315908 0.020262 -0.009984 -0.327133 0.160498 0.344068 -0.139242 -0.159382 0.244728 -0.256136 0.346958 0.173090 0.108713 -0.480387 -0.416393 -0.487346 -0.207107 -0.359978 -0.435683 0.146113 0.181791 -0.375183 0.075993 -0.159678 -0.066602 -0.025320 0.286029 -0.340155 -0.030372 -0.134950 -0.009329 -0.228743 -0.234247 -0.173728 0.340386 -0.079184 -0.171756 0.178350 0.209179 0.240980 0.534031 0.476414 0.587327 0.357770 0.281772 -0.454676 -0.399180 0.198537 -0.552399 0.158341 -0.038428 -0.011317 0.119391 -0.324597 0.069260 -0.336385 -0.499980 -0.115391 -0.088607 -0.071507 -0.031213 -0.042414 0.110253 -0.191634 -0.098839 -0.085487 -0.072943 -0.315503 0.078021 0.011978 0.108130
-0.113618 -0.162158 0.620680 0.432714 0.182258 0.266844 0.545989 0.323792 0.259318 -0.105075 0.113259 0.061848 0.219795 0.030234 0.201675 0.183794 -0.035870 0.093905 0.032316 0.155300 0.128267 0.240845 1.000000 0.609040 0.410596 0.451002 0.289882 0.472276 -0.007676 -0.188039 0.539966 0.350223 -0.300545 -0.278513 -0.132851 -0.267013 -0.141184 -0.287347 0.093356 0.071932 -0.299631 -0.009837 -0.149724 -0.117033 -0.167606 -0.382146 -0.012348 -0.223231 -0.053466 -0.053404 0.544751 0.065930 0.155239 0.305618 -0.133690 -0.004433 0.125276 -0.034870 -0.295527 -0.305797 -0.178184 -0.353555 -0.148880 -0.337829 0.258396 -0.059843 -0.441095 -0.390189 -0.087994 -0.103129 0.273969 -0.111929 -0.233602 -0.013284 -0.015119 -0.085445 -0.151022 -0.256471 -0.339650 0.073961 -0.099788 -0.137597 0.047049 -0.023668 0.303840 0.348497 0.323631 0.271170 0.608110 0.217485 -0.330438 0.037573 -0.006455 -0.013374 0.151634 -0.364902 -0.442323 -0.265601 -0.247372 -0.333796 -0.484414 -0.034484 -0.452486 -0.432921 -0.242410 -0.204827 0.059709 0.055767 -0.290696 -0.450929 -0.483398 -0.347923 -0.371708 -0.224245 -0.326889 -0.237430
-0.346803 -0.242816 0.184582 0.731842 0.056065 0.677372 0.118584 0.454490 -0.074134 0.109509 -0.247092 -0.102107 -0.302903 -0.361175 -0.178848 0.169994 -0.198345 -0.123198 -0.291727 0.203004 0.175869 0.504381 0.609040 1.000000 0.652009 0.794772 0.439952 0.753867 -0.409264 -0.356044 0.453331 0.643592 -0.518621 -0.310637 -0.133326 -0.225029 -0.472454 -0.144990 0.275588 0.356096 -0.296626 -0.084425 -0.085885 -0.053685 -0.026200 -0.216569 0.004863 0.037751 -0.224571 0.102094 0.428147 0.206622 0.214732 0.463533 -0.055129 0.185032 0.075760 0.003012 -0.546774 -0.160740 -0.498949 -0.324267 -0.226363 -0.396267 0.171139 0.043376 -0.438409 -0.142243 -0.114726 0.028675 0.080885 0.041393 -0.577725 -0.385134 -0.397643 -0.304003 -0.423173 -0.337753 -0.348877 -0.005832 -0.251066 -0.401807 0.281642 0.357125 0.212083 0.722849 0.536562 0.606605 0.585172 0.586064 -0.066238 -0.089760 0.296163 -0.283844 0.157617 -0.144201 -0.272806 -0.087720 -0.363034 -0.254620 -0.415856 -0.386135 -0.225189 -0.152948 0.008469 -0.031683 0.080628 0.147267 -0.357741 -0.232760 -0.294734 -0.353554 -0.519668 -0.023956 -0.051263 -0.129443
-0.641289 -0.539406 -0.028918 0.532697 0.262161 0.850781 -0.070566 0.350314 0.013550 0.348118 -0.607263 -0.234413 -0.605617 -0.514795 -0.351667 0.033407 -0.238225 -0.023016 -0.479073 -0.169146 0.456073 0.737506 0.410596 0.652009 1.000000 0.845409 0.592918 0.834964 -0.597430 -0.098180 0.238902 0.497354 -0.246499 0.028627 0.174088 0.072145 -0.312542 0.086457 0.466269 0.490474 -0.065860 -0.180405 0.195803 0.438413 0.246241 0.266918 0.156250 0.198228 -0.189872 0.215428 0.485422 0.013517 -0.061352 0.181525 0.012740 0.468495 0.152280 0.115268 -0.472649 -0.201232 -0.500130 -0.146650 -0.388653 -0.446927 0.363114 0.251992 -0.320901 0.227385 -0.177577 0.003930 0.017867 0.187876 -0.592498 -0.250824 -0.339925 -0.136901 -0.291003 -0.095964 -0.164475 0.195897 -0.318453 -0.343369 0.146956 0.164061 0.155950 0.582699 0.723426 0.666220 0.678010 0.479359 -0.383908 -0.466124 0.323621 -0.314416 0.014642 -0.100093 0.011601 0.047845 -0.313288 -0.107377 -0.315434 -0.342347 -0.175091 -0.184394 -0.074854 -0.084632 -0.019843 0.124791 -0.368545 -0.070477 -0.106774 -0.268081 -0.376395 -0.007550 -0.016474 -0.093758
-0.651920 -0.575070 -0.039123 0.685002 0.014334 0.872139 -0.073901 0.443097 -0.137415 0.284767 -0.596514 -0.316532 -0.569622 -0.526155 -0.382689 0.030305 -0.274039 -0.108561 -0.437114 -0.069547 0.382961 0.710919 0.451002 0.794772 0.845409 1.000000 0.450755 0.871796 -0.520981 -0.105465 0.468328 0.721688 -0.419725 -0.093068 0.036137 0.006472 -0.395104 0.085179 0.363339 0.561734 -0.203697 -0.106135 0.077309 0.357373 0.119350 0.183270 0.105902 0.170873 -0.337281 0.139069 0.431327 0.127539 0.057574 0.376505 0.008746 0.473134 0.087127 0.039403 -0.615356 -0.277979 -0.635877 -0.280156 -0.464582 -0.562331 0.228632 0.237755 -0.462255 0.112901 -0.172141 0.047574 0.179158 0.277060 -0.617499 -0.201132 -0.320041 -0.105128 -0.310055 -0.149113 -0.309572 0.147437 -0.368526 -0.440551 0.156937 0.167172 0.133875 0.668089 0.701875 0.751729 0.693279 0.543498 -0.271379 -0.364317 0.453905 -0.331951 0.124203 -0.115213 -0.137927 0.026836 -0.263825 -0.161032 -0.378667 -0.380602 -0.254537 -0.270654 -0.076444 -0.074411 0.060198 0.118540 -0.345731 -0.166093 -0.174323 -0.327040 -0.417607 -0.023625 -0.048434 -0.111335
-0.090377 -0.174384 0.166407 0.429938 0.530990 0.663988 0.119481 0.306115 0.156267 0.374212 -0.098657 -0.075582 -0.304221 -0.342385 -0.099144 -0.034465 -0.262499 -0.159286 -0.022913 0.096279 0.417797 0.598525 0.289882 0.439952 0.592918 0.450755 1.000000 0.561140 -0.385335 -0.241275 0.083680 0.171298 -0.321848 -0.098750 0.109668 0.107340 -0.273096 -0.070006 0.264660 0.171607 -0.249572 -0.085221 -0.212149 0.018900 -0.150972 -0.078565 0.051336 0.059723 -0.045451 -0.087435 0.318213 -0.181580 -0.123933 0.122891 -0.159180 0.121639 0.098289 0.107218 -0.119688 -0.149275 -0.071383 0.091199 -0.333587 -0.274477 0.363756 0.234742 -0.216332 0.005958 -0.098301 -0.060042 0.014117 -0.154971 -0.374010 -0.153138 -0.083902 -0.086353 -0.207777 -0.209424 -0.179647 0.040506 -0.299849 -0.297026 0.212786 0.006112 0.238676 0.366184 0.381133 0.299061 0.499820 0.453165 -0.214556 -0.099037 0.200380 -0.277980 -0.062176 0.053918 -0.018742 0.044109 -0.290677 -0.104616 -0.352134 -0.544167 -0.244059 -0.027572 -0.054379 -0.014373 -0.335134 0.024350 -0.150894 -0.123402 0.074393 -0.085816 -0.253135 0.025572 -0.058063 -0.010382
-0.508369 -0.566153 -0.111036 0.616954 -0.027725 0.851944 -0.123881 0.360445 -0.192491 0.200786 -0.396274 -0.216603 -0.534707 -0.491755 -0.276249 0.082958 -0.073708 -0.053959 -0.466329 -0.128777 0.453434 0.705004 0.472276 0.753867 0.834964 0.871796 0.561140 1.000000 -0.507637 -0.169586 0.400925 0.575357 -0.366283 -0.225252 0.100624 0.021133 -0.407622 0.068475 0.306101 0.517138 -0.184756 -0.078710 0.066532 0.325754 0.004142 0.084550 0.098840 0.164486 -0.266704 0.151219 0.588559 0.139579 -0.010791 0.483792 0.018707 0.396002 0.223036 0.042587 -0.589090 -0.338611 -0.554960 -0.309645 -0.356979 -0.500965 0.265869 0.254507 -0.540735 0.049095 -0.186249 -0.087750 0.046070 0.188519 -0.628785 -0.203916 -0.338032 -0.182208 -0.356523 -0.133614 -0.226833 0.160602 -0.323132 -0.379816 0.284831 0.254246 0.266153 0.773871 0.664494 0.800681 0.695934 0.639757 -0.336672 -0.330825 0.381513 -0.315663 0.144760 -0.088652 -0.192396 0.018008 -0.258191 -0.082669 -0.356649 -0.411096 -0.213916 -0.245810 -0.103207 -0.032559 0.010902 0.082950 -0.369519 -0.189332 -0.186850 -0.304557 -0.453600 0.058244 0.028354 -0.053657
0.410550 0.443726 0.179740 -0.304986 -0.290447 -0.623724 0.240691 -0.180027 -0.049348 -0.476904 0.510264 0.227933 0.651832 0.445087 0.260751 0.111675 0.393169 0.258593 0.445060 0.184138 -0.348528 -0.363727 -0.007676 -0.409264 -0.597430 -0.520981 -0.385335 -0.507637 1.000000 0.297451 0.143771 -0.089771 0.256539 0.116381 -0.048137 -0.148322 0.385580 -0.192100 -0.420091 -0.423727 0.106863 0.203463 -0.088461 -0.248922 -0.108455 -0.274821 -0.055068 -0.249884 -0.119609 -0.118628 -0.251571 -0.023787 -0.060445 -0.021137 -0.003088 -0.309492 0.125274 0.038389 0.101337 -0.195002 0.210110 -0.212691 0.454212 0.313041 -0.394124 -0.446116 0.073392 -0.375606 0.216788 -0.112687 -0.065666 -0.172458 0.611240 0.470040 0.329747 0.202266 0.112885 0.035172 0.133034 0.146271 0.490278 0.530308 -0.000661 0.123194 0.095353 -0.264424 -0.508257 -0.405421 -0.374915 -0.438337 -0.186088 0.219382 -0.564708 -0.079721 0.181312 -0.166372 -0.167325 -0.126853 0.329219 0.077950 -0.059427 0.064232 -0.023314 -0.114299 -0.208385 -0.024080 0.054768 -0.140767 0.115263 -0.177080 -0.207328 0.184507 0.264163 -0.084626 -0.031288 0.041512
-0.247823 -0.124897 -0.269925 -0.115812 -0.258501 -0.211851 -0.206923 -0.101285 -0.298286 -0.116491 -0.057644 0.344542 -0.039926 0.224023 -0.170112 -0.116616 0.233257 0.503653 0.022622 0.023617 0.092320 0.158293 -0.188039 -0.356044 -0.098180 -0.105465 -0.241275 -0.169586 0.297451 1.000000 0.154576 0.134215 0.333926 0.420026 -0.004773 -0.210287 0.067419 0.390210 -0.391178 0.175662 0.160546 0.134018 0.151660 0.340291 0.254461 0.282664 0.105986 0.016062 -0.265033 0.161889 -0.035194 -0.242035 -0.442375 -0.156025 -0.174596 0.314160 -0.048964 0.207463 -0.317114 -0.498266 -0.276668 -0.250521 -0.079346 -0.071486 -0.153982 -0.097265 -0.210075 -0.038344 0.151156 0.105187 -0.060829 0.167707 0.422458 0.694776 0.443174 0.441178 0.379438 0.084148 0.020777 0.579061 0.299263 0.441684 -0.132240 -0.020411 0.110517 -0.113958 -0.025184 0.029251 -0.187901 -0.347919 -0.505613 -0.289245 -0.121249 -0.164667 0.286465 0.108638 0.234865 0.376480 0.201102 0.378521 0.032175 0.088322 -0.018932 -0.109173 -0.231591 -0.012059 -0.078252 -0.196575 0.246217 0.091458 0.149231 0.352000 0.281541 0.152845 0.186630 0.350865
-0.390555 -0.295595 0.249332 0.549101 -0.118600 0.254672 0.336265 0.544251 -0.101641 -0.063714 -0.112408 0.045375 0.089562 0.106637 -0.045444 0.344093 0.079614 0.147225 -0.042673 0.142224 0.316750 0.392102 0.539966 0.453331 0.238902 0.468328 0.083680 0.400925 0.143771 0.154576 1.000000 0.786753 -0.253742 -0.127361 -0.179068 -0.258663 -0.159559 -0.162742 -0.115281 0.067574 -0.184366 0.071501 0.047237 0.039686 0.042934 -0.041171 0.057293 -0.100040 -0.311354 0.185991 0.258869 0.145753 0.001791 0.540003 -0.125331 0.079610 0.037290 -0.210318 -0.641340 -0.535231 -0.511772 -0.377764 -0.094690 -0.301779 0.033790 -0.063913 -0.630567 -0.405690 -0.148186 -0.195255 0.342004 0.277200 -0.129501 0.172285 0.014610 0.138070 -0.195554 0.023628 -0.192047 0.171665 -0.097330 -0.123879 0.078885 0.303711 0.025034 0.370395 0.160923 0.280526 0.382861 0.071124 -0.469562 -0.085441 0.163546 -0.274250 0.117750 -0.281903 -0.353805 -0.202745 -0.082098 -0.173555 -0.224265 -0.238427 -0.026674 -0.381001 -0.262063 -0.193671 0.081071 -0.109334 -0.174954 -0.317678 -0.371691 -0.303248 -0.255380 -0.043980 -0.277006 -0.087317
-0.537873 -0.293434 0.035970 0.702746 -0.158186 0.546961 0.055719 0.536319 -0.220202 0.067516 -0.419326 -0.099287 -0.322404 -0.242207 -0.359928 0.135453 -0.023024 0.075715 -0.237973 0.164934 0.399223 0.664060 0.350223 0.643592 0.497354 0.721688 0.171298 0.575357 -0.089771 0.134215 0.786753 1.000000 -0.429067 -0.070449 -0.220383 -0.300750 -0.366297 0.093405 0.118880 0.351615 -0.087310 -0.014721 0.106756 0.214740 0.251358 0.106477 0.081140 0.063392 -0.452387 0.364030 0.184238 0.215310 0.044924 0.472042 -0.151742 0.314885 0.109839 -0.054397 -0.769503 -0.474175 -0.693085 -0.376092 -0.123921 -0.288928 -0.083463 -0.062515 -0.592597 -0.269324 -0.173816 -0.070535 0.102830 0.334346 -0.268535 0.046148 -0.179735 0.078752 -0.244973 -0.066232 -0.115159 0.200416 -0.024685 -0.174147 0.150247 0.432943 0.069888 0.529786 0.377128 0.571607 0.327631 0.281793 -0.349488 -0.151775 0.301091 -0.401511 0.248666 -0.099502 -0.134687 0.024799 -0.148524 -0.054360 -0.267590 -0.333755 0.026447 -0.198409 -0.184747 -0.218449 0.028434 -0.094139 -0.142070 -0.085883 -0.181379 -0.168972 -0.258530 0.042892 -0.123178 -0.052153
0.022141 -0.030461 -0.239070 -0.570226 -0.094224 -0.396422 -0.329912 -0.432747 -0.030120 -0.249015 0.007838 0.042168 0.105958 0.225865 0.120278 -0.042474 0.056098 0.143835 -0.001369 -0.182211 -0.137979 -0.277595 -0.300545 -0.518621 -0.246499 -0.419725 -0.321848 -0.366283 0.256539 0.333926 -0.253742 -0.429067 1.000000 0.585823 0.555206 0.181029 0.364169 -0.072213 -0.161285 -0.356398 0.225743 -0.031697 0.200027 0.245199 0.008970 0.180495 0.181597 -0.000392 -0.069142 -0.171952 -0.344819 -0.296452 -0.277924 -0.292831 0.019262 -0.135929 -0.153135 0.051299 0.243770 0.058893 0.203057 0.048520 -0.032444 0.086116 -0.060686 -0.247055 0.413080 0.322473 0.087673 0.087983 0.022635 0.092482 0.337638 0.133910 0.189911 0.145590 0.250991 0.186819 0.029248 0.123680 0.175885 0.363313 -0.076267 -0.031456 -0.061312 -0.294835 -0.272286 -0.334688 -0.430151 -0.415750 -0.114148 -0.314333 -0.442539 -0.073086 -0.165513 -0.067328 0.048900 -0.112341 0.183757 0.203846 0.240916 0.129875 0.139176 0.081045 0.236282 0.190041 0.162537 0.212904 -0.112473 -0.118367 0.003198 0.264867 0.236876 0.130756 0.208236 0.226245
-0.158475 -0.076050 -0.138135 -0.269968 0.129492 -0.050091 -0.363661 -0.235671 -0.139352 0.028066 -0.313193 -0.003137 -0.234468 -0.049491 -0.171436 -0.249464 -0.324486 0.218291 0.016358 0.076517 0.005353 0.173367 -0.278513 -0.310637 0.028627 -0.093068 -0.098750 -0.225252 0.116381 0.420026 -0.127361 -0.070449 0.585823 1.000000 0.589865 0.072680 0.098508 -0.066331 -0.160276 -0.278905 0.022895 -0.251214 0.006011 0.335771 0.189640 0.377784 -0.066131 -0.224620 -0.181146 -0.248104 -0.290253 -0.444266 -0.309659 -0.291973 -0.203155 -0.020339 -0.318367 0.147676 0.048980 0.008045 -0.059089 0.023058 -0.251478 -0.141453 -0.018878 -0.115998 0.346960 0.450443 0.201309 0.238332 -0.089591 0.206900 0.208959 0.098165 0.010066 0.171198 0.115283 -0.150690 -0.267800 0.426260 0.214837 0.353217 -0.189916 -0.064088 0.074765 -0.162786 -0.160062 -0.241099 -0.367876 -0.444183 -0.184957 -0.460161 -0.324673 -0.345252 0.011315 -0.099498 0.086193 0.088433 -0.107124 0.273050 0.178262 -0.170678 0.132135 0.238002 0.312142 0.407663 0.277217 0.381150 -0.133928 -0.053289 -0.002734 0.374202 0.164231 0.284909 0.366408 0.491743
-0.027443 -0.210697 -0.104798 -0.276553 0.089143 0.157505 -0.387021 -0.264923 -0.189240 -0.091648 -0.293777 -0.218618 -0.236192 -0.209866 -0.024019 -0.246600 -0.365163 0.032217 -0.035510 -0.189029 -0.009317 0.114115 -0.132851 -0.133326 0.174088 0.036137 0.109668 0.100624 -0.048137 -0.004773 -0.179068 -0.220383 0.555206 0.589865 1.000000 0.475367 0.167009 -0.352782 0.066318 -0.260743 -0.089861 -0.141823 0.083219 0.297581 -0.017129 0.215908 0.076385 -0.104344 -0.107536 -0.469346 -0.108212 -0.409747 -0.148088 -0.155026 -0.060415 -0.156640 -0.156458 -0.132127 0.223764 0.204724 0.129448 0.058313 -0.271558 -0.207031 0.104282 -0.005542 0.442585 0.586328 0.043506 0.043240 0.134265 0.219042 -0.113120 -0.159138 -0.212548 0.008451 0.009577 0.069770 -0.416328 0.219533 -0.088916 0.105889 0.125025 0.043419 0.091759 0.095255 -0.053001 -0.071526 -0.052079 -0.040706 -0.107120 -0.511881 -0.182907 -0.292496 -0.179527 -0.391813 -0.181170 -0.295556 -0.026063 0.088675 0.147998 -0.201578 0.069993 0.153279 0.388941 0.412431 0.343484 0.507883 -0.510387 -0.336037 -0.220064 -0.046314 -0.037369 0.247254 0.307362 0.204942
-0.004233 -0.254234 -0.056607 -0.142711 0.141187 0.119006 0.001651 0.048909 0.098775 0.241623 -0.219271 -0.226316 0.017278 0.049804 0.080139 0.117471 -0.172935 -0.563078 -0.175379 -0.665935 0.050988 -0.088253 -0.267013 -0.225029 0.072145 0.006472 0.107340 0.021133 -0.148322 -0.210287 -0.258663 -0.300750 0.181029 0.072680 0.475367 1.000000 0.485523 -0.258550 0.285231 -0.060704 0.028242 0.071652 0.236556 0.135119 -0.155621 0.210135 0.060862 0.113855 0.193825 -0.363963 -0.112574 -0.025853 0.061173 -0.174865 0.330597 -0.093353 -0.030294 -0.406361 0.387199 0.318054 0.359666 0.512285 -0.015976 0.092667 0.178764 0.469923 0.462436 0.474504 -0.327552 -0.348319 0.299983 0.028164 0.010098 -0.153612 0.041225 0.216297 0.163447 0.452833 -0.110003 -0.457644 -0.448609 -0.475461 0.047921 -0.133621 -0.397335 -0.236323 -0.073349 -0.205091 0.112697 0.135521 -0.000454 -0.349982 0.211711 -0.109582 -0.489871 -0.168473 -0.065449 -0.343850 0.083233 -0.202806 0.265721 -0.079014 0.051131 -0.030869 0.146139 0.168492 -0.148927 -0.051224 -0.321230 -0.036745 -0.013125 -0.360989 0.127037 -0.000572 0.015869 -0.296852
