1.000000 0.447614 0.087809 -0.127545 0.008201 0.132096 0.139761 -0.194880 -0.094634 0.015247 0.200385 0.233212 -0.301794 0.014543 -0.090877 0.002404 -0.003497 -0.133235 0.408775 0.261518 -0.142428 0.002856 -0.277500 -0.113828 -0.086212 -0.086940 0.084524 0.052907 -0.083850 -0.287690 0.042896 -0.226684 0.249057 0.210371 -0.040029 0.176052 -0.243462 -0.250156 -0.231711 -0.340979 -0.277690 -0.374084 -0.180769 -0.175923 -0.099854 -0.095574 -0.157523 -0.078947 0.173932 -0.132470 -0.158677 -0.418692 -0.079893 -0.272534 -0.228450 -0.383453 0.543967 0.228193 0.453365 0.163735 0.295180 0.208965 -0.016674 0.019326 0.211783 -0.048934 0.060746 0.140157 0.097299 -0.029253 0.017925 -0.316630 -0.001920 -0.496499 -0.285018 -0.222644 -0.099475 -0.298976 -0.135987 -0.221040 -0.141368 -0.233769 -0.124229 -0.042408 -0.235597 -0.168470 -0.202012 -0.102900 -0.109510 0.044446 0.089865 0.217909 -0.165044 0.075199 -0.114436 -0.061734 -0.152010 -0.275623 -0.092062 0.067017 -0.023756 0.131677 -0.086709 0.175535 0.194770 0.075033 0.065792 0.279879 -0.073062 -0.007903 -0.043972 0.226002 -0.143375 0.026350 -0.140768 0.032955
0.447614 1.000000 -0.151055 -0.027604 -0.146136 0.170479 -0.082920 -0.169630 -0.106488 0.216222 0.048328 0.104508 -0.245998 -0.018240 -0.200985 0.005369 0.040298 -0.032983 0.385215 0.446590 -0.316343 0.024245 -0.401059 -0.243913 -0.389732 -0.170543 -0.195859 -0.129949 -0.182297 -0.256983 -0.045871 -0.247276 0.190484 0.156565 -0.143981 0.038339 0.078391 -0.091341 -0.094476 0.012396 -0.019036 0.026191 -0.470073 -0.256913 -0.351490 -0.251532 -0.403760 -0.244132 0.133581 -0.074010 -0.221548 -0.276378 0.053373 -0.199916 -0.418098 -0.294935 0.406979 0.556832 0.426175 0.445566 0.317928 0.260183 0.133660 0.140546 -0.079308 -0.101434 0.097495 0.030891 0.362083 0.291007 0.140532 -0.042013 -0.033446 -0.252300 -0.179802 -0.051101 0.021051 -0.032314 0.050545 -0.294417 0.049025 -0.191709 -0.108796 0.220914 -0.153480 -0.174031 -0.340248 0.068577 -0.248520 0.012279 0.315518 0.271779 -0.038971 0.026173 -0.037718 -0.126265 -0.188039 -0.317988 -0.138447 -0.191728 -0.071490 -0.135298 0.049709 0.080298 0.422716 -0.101901 -0.075434 0.187304 -0.041448 -0.151041 -0.242488 -0.119424 -0.151251 0.065163 -0.081661 0.016944
0.087809 -0.151055 1.000000 0.358811 0.341962 0.218840 0.694541 0.441330 0.088583 0.164767 -0.106111 -0.355286 0.116829 -0.260856 0.093576 -0.143425 -0.449096 -0.147912 0.349144 0.122221 0.128788 0.053966 0.331150 0.441252 0.153561 0.153139 0.296760 0.118804 -0.195988 -0.446289 -0.336205 -0.133231 0.019117 0.039244 0.148710 0.018979 -0.352116 -0.216940 0.069602 0.071888 -0.226840 -0.155222 0.069102 0.067747 0.032312 -0.038727 -0.077346 -0.042133 0.122042 -0.044008 0.355859 0.168081 -0.099327 0.066729 0.123896 -0.016897 -0.186044 -0.001922 0.173612 0.201878 -0.046625 0.004477 -0.129437 -0.205909 0.490218 0.064499 0.373693 0.153639 -0.043333 -0.027571 -0.364142 -0.374716 -0.398294 -0.381642 -0.388832 -0.395356 -0.362766 -0.323850 -0.287757 -0.291069 -0.454695 -0.386168 0.094763 -0.080045 -0.253776 -0.427767 0.168312 0.109452 0.404293 -0.024112 -0.277771 -0.066778 0.347691 0.271280 -0.231769 -0.133976 -0.293534 -0.209728 -0.495399 -0.542047 0.007441 0.045550 -0.117266 -0.123066 -0.396267 -0.160604 -0.173650 -0.239747 -0.263852 -0.121061 -0.082621 -0.326640 -0.265640 -0.296542 -0.134631 -0.214129
-0.127545 -0.027604 0.358811 1.000000 0.115684 0.601552 -0.117695 0.173975 -0.298279 0.209294 -0.443650 -0.477413 -0.239135 -0.303108 -0.331759 -0.458342 -0.094292 0.074223 0.340638 0.458766 -0.027532 0.233958 0.615172 0.641464 0.242463 0.585816 0.319761 0.436061 -0.430216 -0.220080 -0.366677 0.169259 0.091625 0.198622 0.035303 -0.114512 -0.529189 -0.143332 -0.100023 0.313847 -0.333530 0.088665 -0.057558 0.189097 -0.160536 -0.084058 -0.188890 0.129841 -0.193352 -0.089589 0.598306 0.214902 -0.357518 -0.033649 0.090520 0.248212 -0.001146 0.206939 -0.282050 -0.065813 -0.320209 -0.393126 -0.116755 -0.076477 0.288894 -0.021348 -0.069430 -0.088126 0.251920 0.139687 -0.156512 -0.133552 -0.250869 -0.000780 -0.035044 0.030176 -0.308482 0.027469 -0.002401 -0.054149 -0.230170 -0.269714 -0.321737 -0.083395 0.127190 -0.012200 0.355315 0.584762 0.403653 0.291927 -0.396708 -0.310827 0.125090 -0.087413 -0.335584 -0.073900 -0.101014 -0.068067 -0.425490 -0.494936 -0.206723 -0.230618 -0.398202 -0.305420 -0.494258 -0.331046 -0.276245 -0.436890 -0.336391 -0.040049 0.267471 -0.301312 -0.179103 -0.260289 -0.019466 -0.148634
0.008201 -0.146136 0.341962 0.115684 1.000000 0.257883 0.397574 0.475780 0.642626 0.561698 -0.114695 -0.450051 -0.066866 -0.161861 0.506656 0.149619 -0.243352 -0.388869 -0.037569 -0.140187 0.230870 0.193824 0.166263 0.024546 0.148445 -0.021229 0.395031 -0.062062 0.016589 -0.351213 -0.121553 0.009843 -0.173749 -0.114799 -0.419597 -0.460387 -0.229854 -0.326902 -0.135644 -0.221248 -0.076608 -0.170066 -0.108346 -0.362971 -0.015611 0.068525 -0.237648 -0.570501 0.120563 0.124280 0.154602 -0.041045 -0.084549 0.048424 -0.050926 -0.168983 -0.012801 0.018394 0.184889 0.426691 -0.005964 0.381013 0.029704 -0.029226 0.377018 0.376258 0.187513 -0.018491 -0.186545 0.104607 -0.092596 -0.223546 -0.080294 -0.119088 -0.143847 0.017929 -0.331237 -0.471076 0.017145 -0.418174 -0.087335 -0.138037 0.419668 0.053818 -0.048705 -0.413260 0.179800 -0.204403 0.369979 -0.052987 0.102758 -0.017501 0.393075 0.184414 -0.056790 -0.123036 -0.359300 -0.124483 -0.094841 -0.010336 0.086641 0.203159 0.194344 0.157125 -0.102085 -0.273151 0.120177 -0.114725 0.093892 -0.310441 -0.273183 0.001520 -0.135594 -0.126806 -0.070286 0.069040
0.132096 0.170479 0.218840 0.601552 0.257883 1.000000 -0.151175 -0.000729 -0.256985 0.417878 -0.400076 -0.350836 -0.387276 -0.250116 -0.455155 -0.221935 0.046438 -0.001053 0.195733 0.301457 -0.155858 0.219358 0.297979 0.413289 0.143500 0.438754 0.346812 0.402301 -0.372312 -0.199307 -0.193241 -0.035616 0.085233 0.097924 -0.063532 -0.053080 -0.306424 0.000042 -0.333355 0.285312 -0.324691 0.130452 -0.455506 -0.131788 -0.321489 -0.187126 -0.385092 -0.110075 -0.209007 -0.257550 0.320092 -0.181615 -0.438489 -0.090292 -0.197078 0.022389 0.378956 0.426011 -0.065844 0.121350 -0.203017 -0.205609 -0.024653 -0.014142 0.209267 -0.059256 0.155662 0.075429 0.388978 0.255559 -0.113459 -0.226980 0.006596 -0.111402 0.104888 -0.001844 -0.073221 -0.019922 0.200470 -0.035413 -0.114938 -0.317457 -0.348404 0.059393 0.048508 -0.147539 -0.102170 0.257562 0.116300 0.130256 -0.248046 -0.288322 -0.057756 -0.182490 -0.137088 0.125010 -0.101776 0.041558 -0.369418 -0.298376 -0.398955 -0.229576 -0.510627 -0.224272 -0.185083 -0.115398 -0.060986 -0.209394 -0.031511 0.043772 0.206965 -0.182517 -0.239167 -0.193687 0.117611 0.116154
0.139761 -0.082920 0.694541 -0.117695 0.397574 -0.151175 1.000000 0.572592 0.354721 0.118772 0.124533 -0.008327 0.225539 -0.110943 0.304833 0.050912 -0.576748 -0.275921 0.272947 -0.045040 -0.042854 -0.237388 -0.093838 -0.146969 -0.212648 -0.416635 -0.012829 -0.371025 0.062027 -0.360572 -0.173722 -0.313223 0.047076 0.047216 -0.157365 -0.077818 -0.274706 -0.349090 -0.021697 -0.379633 -0.210271 -0.333998 0.224942 -0.026581 0.330090 0.265417 -0.020952 -0.326586 0.457931 0.319360 -0.001252 0.192090 0.215686 0.067824 0.001769 -0.234086 -0.341351 -0.267296 0.507381 0.466562 0.346146 0.511566 0.037539 -0.133030 0.436626 0.388816 0.468444 0.304332 -0.200424 -0.043861 -0.495785 -0.425636 -0.250349 -0.469020 -0.433650 -0.388937 -0.384060 -0.542831 -0.480419 -0.329729 -0.364415 -0.320694 0.332481 -0.005699 -0.453102 -0.529522 -0.003244 -0.364795 0.123497 -0.139265 -0.002710 0.094700 0.319635 0.283725 -0.039814 -0.279246 -0.406262 -0.261842 -0.141436 -0.182267 0.202529 0.242711 0.278278 0.158478 -0.003521 -0.091519 -0.060707 0.135524 0.005509 -0.322472 -0.392285 -0.255360 -0.226652 0.019042 -0.099872 -0.056504
-0.194880 -0.169630 0.441330 0.173975 0.475780 -0.000729 0.572592 1.000000 0.381972 0.443353 -0.252379 -0.177144 -0.073590 -0.189663 0.207067 -0.082986 -0.518418 -0.250539 0.128851 -0.037709 0.208803 0.063376 -0.039600 -0.071666 -0.118983 -0.137673 0.188178 -0.264570 -0.025712 -0.200876 -0.098736 0.099521 -0.069739 0.055468 -0.409495 -0.384440 -0.369874 -0.372767 0.042293 -0.145336 -0.231353 -0.170086 0.271962 0.111040 0.323811 0.514775 -0.050801 -0.318911 0.223986 0.386468 0.074314 0.455335 0.064872 0.047365 0.217079 0.065722 -0.258900 -0.254702 0.133330 0.325963 0.020531 0.312665 -0.215537 -0.381892 0.153302 0.510146 0.277086 0.211200 -0.093627 0.132064 -0.286844 -0.001515 -0.388997 0.018485 -0.185478 -0.094574 -0.494486 -0.345373 -0.327045 -0.243443 -0.356127 -0.355983 0.273147 0.113710 -0.375395 -0.434507 0.047328 -0.117498 0.287427 -0.049364 -0.133413 -0.125343 0.310181 0.011648 -0.309234 -0.346139 -0.304685 -0.180345 -0.104258 -0.164184 0.005999 0.145822 0.077558 0.011479 -0.179296 -0.268271 -0.143703 -0.125068 -0.192321 -0.317060 -0.251292 -0.270483 -0.189024 -0.178438 -0.180229 -0.156135
-0.094634 -0.106488 0.088583 -0.298279 0.642626 -0.256985 0.354721 0.381972 1.000000 0.397555 -0.040256 -0.123158 0.117785 0.092767 0.786786 0.459036 -0.273674 -0.492551 -0.231001 -0.288168 0.211213 0.171010 -0.066591 -0.376216 0.025111 -0.294675 0.030854 -0.269577 0.084882 -0.244003 0.032426 -0.028310 -0.222691 -0.247173 -0.403569 -0.243928 -0.052187 -0.288408 -0.144790 -0.371900 0.110685 -0.306541 -0.058924 -0.340785 0.005337 0.079347 -0.177209 -0.514445 0.257787 0.240609 -0.124541 0.043084 0.088825 0.194551 -0.130319 -0.339089 -0.142036 -0.186272 0.321135 0.504473 0.139509 0.515086 0.004395 -0.036493 0.081591 0.429316 0.204898 0.064207 -0.246377 0.180700 -0.103421 -0.188601 -0.132526 -0.112807 -0.177311 0.008332 -0.229218 -0.476444 0.006984 -0.387276 0.071674 -0.021114 0.529234 -0.007066 -0.045761 -0.251777 0.346589 -0.349812 0.074181 -0.111821 0.449131 0.128218 0.354538 0.222729 0.130616 -0.134841 -0.349992 -0.034879 0.099320 0.234151 0.375247 0.378131 0.546928 0.425927 0.219404 -0.227886 0.290344 0.236570 0.305792 -0.297970 -0.327688 0.002867 -0.001894 0.032308 -0.132043 0.119560
0.015247 0.216222 0.164767 0.209294 0.561698 0.417878 0.118772 0.443353 0.397555 1.000000 -0.191956 -0.336020 -0.249370 -0.161028 0.106246 0.235282 -0.164892 -0.330497 0.000516 0.057548 0.120652 0.388898 -0.012390 0.046917 0.100966 0.170305 0.342003 0.099021 -0.265679 -0.179082 -0.135440 0.074650 -0.182635 -0.197272 -0.402291 -0.203484 -0.189306 -0.080201 -0.276364 0.128804 -0.106399 0.105408 -0.399521 -0.283300 -0.216391 -0.058499 -0.475076 -0.348282 0.101616 0.061263 0.084831 -0.025776 -0.221226 -0.023971 -0.317189 -0.215993 0.217918 0.321890 0.212207 0.595934 -0.042790 0.398663 -0.001578 0.026832 0.052569 0.292282 0.157503 0.118585 -0.000919 0.299392 0.012556 -0.111536 -0.150733 0.022901 -0.085242 0.066048 -0.429071 -0.222063 -0.011584 -0.336189 -0.036706 -0.216206 0.164103 0.298349 0.003963 -0.452137 -0.079749 0.113148 -0.053171 -0.074681 0.209676 0.077029 0.227000 -0.004448 -0.345304 -0.165715 -0.353931 -0.209154 -0.225564 -0.238207 -0.010643 0.212997 -0.001544 0.063475 -0.011704 -0.460218 0.026269 0.024369 -0.126992 -0.172494 -0.103732 -0.230565 -0.346199 -0.438050 -0.263406 -0.107051
0.200385 0.048328 -0.106111 -0.443650 -0.114695 -0.400076 0.124533 -0.252379 -0.040256 -0.191956 1.000000 0.319657 0.572830 0.357295 0.108570 0.241059 0.320798 0.085042 -0.207309 -0.138355 0.022332 -0.024997 -0.171661 -0.207495 0.115545 -0.206303 -0.035176 -0.007819 0.213876 -0.062307 0.141209 -0.165604 -0.128212 -0.093730 0.119418 0.065490 0.188949 -0.089263 -0.069675 -0.309982 -0.006039 -0.067198 -0.060842 -0.280430 -0.161248 -0.245776 -0.058052 -0.014819 0.091198 -0.308050 -0.060310 -0.352575 0.379589 -0.124842 -0.135552 -0.468761 -0.063871 -0.053372 0.229641 -0.019500 0.215950 0.179729 0.260589 0.180200 0.157389 0.091910 -0.057941 0.008865 -0.236219 -0.220934 0.198641 0.151506 0.216722 0.033853 0.050887 0.207660 0.308993 0.128532 -0.010107 -0.059343 0.262640 0.303425 0.116198 0.113602 0.161234 0.099110 -0.246985 -0.163342 -0.320892 -0.045491 0.203764 0.350898 -0.117674 -0.020996 -0.159437 -0.076829 -0.211376 -0.274892 -0.098249 -0.073758 0.085402 0.191448 0.085235 -0.083370 0.155348 0.108193 -0.128893 0.262837 -0.181805 0.017720 -0.090969 0.029480 -0.063444 -0.132552 -0.029935 -0.123338
0.233212 0.104508 -0.355286 -0.477413 -0.450051 -0.350836 -0.008327 -0.177144 -0.123158 -0.336020 0.319657 1.000000 0.230756 0.397990 -0.100195 0.225182 0.095320 0.044128 -0.121777 -0.119658 -0.285450 -0.383509 -0.480575 -0.485061 -0.357235 -0.438697 -0.452324 -0.327435 0.218808 0.330109 0.250997 -0.070895 0.060657 0.065168 -0.112167 0.144321 0.050321 -0.020844 -0.115909 -0.192313 -0.051672 -0.055568 0.071544 0.117645 0.184762 0.235689 0.037910 0.150822 0.125312 0.035490 -0.391550 -0.139121 0.168316 -0.071738 -0.064455 -0.084087 0.002484 -0.285861 0.119323 -0.102982 0.256528 0.108049 -0.105301 -0.015887 -0.247225 0.117381 -0.060481 0.227067 -0.112502 -0.074006 -0.184010 0.115366 0.043955 0.008581 0.010895 -0.042128 0.180087 0.106732 -0.078134 0.349977 0.068800 0.090279 -0.003355 0.168344 -0.217340 0.314595 -0.185020 -0.302357 -0.380224 -0.127869 0.029725 0.010822 -0.142219 -0.034009 0.086718 0.231561 0.022772 0.162901 0.289899 0.403064 0.146428 -0.099329 0.214303 0.062299 0.349018 0.216823 0.115348 0.251659 0.262801 0.095785 0.052015 0.054670 0.225784 0.443647 0.127757 0.247940
-0.301794 -0.245998 0.116829 -0.239135 -0.066866 -0.387276 0.225539 -0.073590 0.117785 -0.249370 0.572830 0.230756 1.000000 0.438669 0.217616 0.268608 0.135482 0.123693 -0.445043 -0.262520 -0.006689 -0.122117 0.095467 -0.031545 0.233592 -0.053842 0.001905 0.065843 0.058671 0.005439 -0.063517 -0.149857 -0.236813 -0.236190 0.111300 -0.038450 0.218935 -0.004587 0.159553 -0.035091 0.142669 0.116967 -0.051328 -0.145081 -0.194568 -0.211314 -0.120451 -0.044866 0.000016 -0.269851 0.086775 0.005063 0.412545 0.136833 0.147098 -0.084534 -0.412735 -0.335600 0.052693 -0.105610 0.141138 -0.008509 0.218680 0.244288 -0.023792 0.045063 -0.048851 -0.092296 -0.312501 -0.129680 -0.090596 0.142800 0.033650 0.136898 0.155573 0.096984 0.249356 0.129190 0.115380 0.144038 0.266018 0.356907 0.030905 -0.082053 0.218486 0.285890 0.151327 -0.017329 -0.030317 0.012986 0.022555 0.053835 0.118960 0.054260 -0.137677 -0.074958 -0.251742 -0.098527 -0.174663 -0.120966 0.032748 -0.025450 0.164781 -0.184591 -0.125553 -0.029177 -0.088298 -0.041386 -0.042671 -0.109303 -0.083917 -0.267065 0.010128 0.001699 0.084175 -0.060275
0.014543 -0.018240 -0.260856 -0.303108 -0.161861 -0.250116 -0.110943 -0.189663 0.092767 -0.161028 0.357295 0.397990 0.438669 1.000000 0.117018 0.326342 0.177710 -0.017376 -0.338852 -0.222647 0.071097 -0.011995 -0.299765 -0.265280 0.170747 -0.021137 0.042735 0.053595 0.012837 0.117744 0.208050 -0.086503 -0.223943 -0.176862 -0.293669 -0.151095 0.048456 0.115408 -0.033648 -0.059156 0.270168 0.088013 -0.158375 -0.253464 -0.279668 -0.192860 -0.145440 -0.050260 0.118123 -0.137798 -0.155513 -0.186399 0.244723 -0.220401 0.072473 -0.034575 0.009235 -0.138990 0.181171 -0.071441 0.215941 -0.034578 0.177011 0.123080 -0.289624 0.083585 -0.115855 -0.085933 -0.160491 -0.062561 0.053431 0.097452 0.084236 0.167559 0.265475 0.123312 0.236099 -0.045122 0.206848 0.073653 0.271590 0.229747 -0.096539 -0.024697 -0.032546 0.334740 0.069027 0.061864 -0.214915 0.182683 0.219161 0.171329 -0.045707 -0.343306 -0.082178 0.098298 -0.068676 0.127344 0.168850 0.197371 -0.088718 -0.032719 0.032985 -0.117448 0.144315 -0.018017 0.147003 0.102993 0.184517 0.121526 0.026449 0.194926 0.094308 0.089187 0.159711 0.187178
-0.090877 -0.200985 0.093576 -0.331759 0.506656 -0.455155 0.304833 0.207067 0.786786 0.106246 0.108570 -0.100195 0.217616 0.117018 1.000000 0.429531 -0.260046 -0.479961 -0.165535 -0.233770 0.389052 0.161950 0.016954 -0.269963 0.010737 -0.342725 0.075322 -0.201488 0.169235 -0.208543 0.133031 0.044272 -0.209776 -0.194375 -0.227899 -0.228915 0.043820 -0.221038 0.111962 -0.446471 0.285881 -0.315926 0.141153 -0.266161 0.100687 0.061762 0.090493 -0.349701 0.263775 0.290131 0.004060 0.056780 0.098838 0.048547 0.075142 -0.283350 -0.266455 -0.225764 0.113165 0.247404 0.009198 0.318317 -0.099919 -0.125377 0.206750 0.317518 -0.030052 -0.176754 -0.212339 -0.017945 0.094488 -0.106079 -0.110133 -0.068771 -0.147655 0.029777 -0.011501 -0.335407 -0.086221 -0.276813 -0.094087 0.009316 0.691879 -0.065184 -0.020606 -0.088107 0.418956 -0.414679 0.318375 -0.030915 0.324201 0.112094 0.383584 0.270908 0.233539 -0.110166 -0.124819 0.030919 0.216473 0.268959 0.356611 0.144958 0.501414 0.288238 0.222264 -0.087349 0.357083 0.257889 0.297791 -0.238039 -0.310256 0.103110 0.091492 0.163997 -0.048287 0.131628
0.002404 0.005369 -0.143425 -0.458342 0.149619 -0.221935 0.050912 -0.082986 0.459036 0.235282 0.241059 0.225182 0.268608 0.326342 0.429531 1.000000 -0.102183 -0.298818 -0.415823 -0.356399 -0.026439 0.123573 -0.399074 -0.447975 -0.123036 -0.317909 -0.150236 -0.149243 0.041535 0.144355 -0.011098 -0.279803 -0.307570 -0.413302 -0.121263 0.247548 0.324678 0.213696 -0.129863 -0.013314 0.254284 0.076099 -0.136683 -0.145200 -0.083689 -0.130390 -0.106465 -0.089967 0.184882 0.002383 -0.464368 -0.163889 0.218268 0.056925 -0.275867 -0.324412 0.033658 -0.053768 0.195591 0.338893 0.192222 0.419208 0.070835 0.197341 -0.311312 0.164899 0.149203 0.125138 -0.190615 0.044439 -0.028943 0.035820 0.148095 -0.043011 0.031739 0.008715 0.037961 -0.049930 0.063796 -0.090748 0.074647 0.080410 0.086863 0.296191 0.063595 -0.007705 -0.174304 -0.341252 -0.309094 -0.165842 0.430101 0.185655 0.380784 0.216533 0.130754 0.151542 -0.036773 0.052014 0.278663 0.333680 0.371626 0.167940 0.299511 0.188943 0.341854 -0.082183 0.287329 0.514313 0.335474 -0.125152 -0.192799 0.003797 0.310392 0.090541 -0.005534 0.122734
-0.003497 0.040298 -0.449096 -0.094292 -0.243352 0.046438 -0.576748 -0.518418 -0.273674 -0.164892 0.320798 0.095320 0.135482 0.177710 -0.260046 -0.102183 1.000000 0.479724 -0.251537 -0.023398 -0.017114 0.171777 0.220228 0.148853 0.433140 0.355561 0.024973 0.339958 0.211815 0.258629 0.302598 0.199375 0.017037 0.015220 0.210766 0.000239 0.182373 0.203604 -0.213867 0.162809 0.072292 0.349343 -0.157818 -0.029619 -0.344188 -0.343564 -0.154259 0.204714 -0.616010 -0.549892 0.007282 -0.475622 -0.186230 0.023937 -0.306610 -0.083993 0.405472 0.358159 -0.468258 -0.487196 -0.323011 -0.331810 0.256695 0.421242 -0.237776 -0.282009 -0.581623 -0.420742 -0.109264 -0.300388 0.466774 0.366277 0.485644 0.497374 0.518826 0.516043 0.529241 0.457343 0.631818 0.332042 0.734264 0.672208 -0.135860 -0.078271 0.577092 0.471621 -0.082746 0.159862 -0.347008 -0.195076 -0.075800 0.137906 -0.385890 -0.423166 -0.176547 0.147127 -0.017595 0.005793 -0.135366 0.113130 -0.165561 -0.080828 -0.180733 -0.262809 -0.178760 0.077987 -0.167092 -0.135864 -0.149017 0.222119 0.257611 0.194219 0.102761 -0.213281 -0.019291 0.003010
-0.133235 -0.032983 -0.147912 0.074223 -0.388869 -0.001053 -0.275921 -0.250539 -0.492551 -0.330497 0.085042 0.044128 0.123693 -0.017376 -0.479961 -0.298818 0.479724 1.000000 0.078215 0.012868 -0.097829 -0.052503 0.116171 0.184584 0.130533 0.288589 -0.185026 0.127535 0.242552 0.471994 0.082170 0.128138 0.008170 0.005340 0.355503 0.090456 0.090636 0.236336 0.022618 0.279858 -0.086816 0.256410 0.033038 0.216544 -0.090191 -0.184094 0.170270 0.229687 -0.426649 -0.320299 0.064810 -0.091527 -0.004553 0.205703 0.062847 0.248813 0.024649 0.099231 -0.326328 -0.533942 -0.111368 -0.402371 0.098491 0.242165 -0.067437 -0.346991 -0.336916 -0.350107 -0.039951 -0.328222 0.242596 0.308070 0.269751 0.398853 0.266058 0.152985 0.332939 0.501337 0.282338 0.576854 0.271427 0.570522 -0.341978 -0.000527 0.257660 0.159508 -0.086099 0.322593 -0.021148 -0.149011 -0.391980 -0.017240 -0.176753 -0.236999 -0.231597 0.043696 -0.039220 -0.044886 -0.287895 -0.052773 -0.112571 -0.233518 -0.186338 -0.332857 -0.346967 0.075510 -0.199921 -0.324927 -0.264545 0.273194 0.169357 -0.075759 0.021813 -0.104902 0.018613 -0.230885
0.408775 0.385215 0.349144 0.340638 -0.037569 0.195733 0.272947 0.128851 -0.231001 0.000516 -0.207309 -0.121777 -0.445043 -0.338852 -0.165535 -0.415823 -0.251537 0.078215 1.000000 0.686998 -0.030589 -0.033193 0.087747 0.137924 -0.279259 -0.071162 -0.020345 -0.106037 -0.061630 -0.258331 -0.049294 0.035149 0.382214 0.440041 0.029577 -0.003270 -0.290950 -0.297126 -0.083930 -0.175526 -0.227579 -0.327413 -0.005647 0.102681 0.068869 0.008885 0.034205 0.018871 0.048856 0.124890 0.072346 0.018557 -0.054924 -0.021803 -0.053965 -0.167228 0.040608 0.150481 0.177644 0.147767 0.047044 -0.023718 -0.094040 -0.082099 0.384155 -0.076560 0.017176 -0.046632 0.213036 -0.079157 -0.083595 -0.238311 -0.158022 -0.358321 -0.278779 -0.126044 -0.122434 -0.128113 -0.341252 -0.138323 -0.361799 -0.241958 0.087561 -0.001475 -0.298730 -0.329880 -0.040478 0.056357 0.160139 -0.082705 -0.132769 0.113954 -0.090329 0.034922 -0.055894 -0.171822 -0.110685 -0.224260 -0.250106 -0.255779 0.035547 -0.250548 -0.040037 -0.037731 -0.086624 -0.020755 -0.136512 0.063364 -0.196897 -0.025287 -0.066785 -0.100090 -0.375478 0.007045 -0.106691 -0.017076
0.261518 0.446590 0.122221 0.458766 -0.140187 0.301457 -0.045040 -0.037709 -0.288168 0.057548 -0.138355 -0.119658 -0.262520 -0.222647 -0.233770 -0.356399 -0.023398 0.012868 0.686998 1.000000 -0.172258 0.131468 0.178017 0.266389 -0.134943 0.114799 0.124820 0.168642 -0.357316 -0.446173 -0.212947 0.053009 0.288887 0.431408 0.090315 -0.001640 -0.209854 -0.392522 -0.055303 -0.058245 -0.192663 -0.134145 -0.194957 0.019939 -0.225385 -0.128275 -0.180544 0.100599 -0.194234 -0.083291 0.190314 0.037960 -0.207968 -0.226170 -0.124599 -0.250064 0.028338 0.176627 -0.005931 0.129622 -0.214510 -0.215474 -0.119773 0.013526 0.230165 -0.083764 -0.130848 0.039900 0.422146 0.298642 -0.015437 0.016681 -0.225148 -0.183315 -0.227209 0.147850 -0.071234 0.075753 -0.129077 -0.143966 -0.061473 -0.138938 -0.154714 0.005736 0.083357 0.027131 -0.003050 0.370075 0.058238 0.122234 0.070442 0.214265 -0.196471 -0.103260 -0.056223 -0.409782 -0.126674 -0.418242 -0.302741 -0.401904 -0.207059 -0.394721 -0.215669 -0.228651 -0.152916 -0.187422 -0.219211 0.006137 -0.364884 -0.206534 0.080056 -0.303768 -0.399229 -0.078435 -0.170023 -0.145763
-0.142428 -0.316343 0.128788 -0.027532 0.230870 -0.155858 -0.042854 0.208803 0.211213 0.120652 0.022332 -0.285450 -0.006689 0.071097 0.389052 -0.026439 -0.017114 -0.097829 -0.030589 -0.172258 1.000000 0.583405 0.157401 0.204644 0.407805 0.317626 0.476662 0.298302 -0.028929 -0.064024 0.083745 0.232992 -0.155182 -0.075579 -0.007022 -0.223216 -0.021720 0.064769 0.223758 -0.062838 0.167394 -0.209249 0.222834 0.000312 0.043307 -0.001167 0.328861 0.086123 -0.000398 0.086885 0.187062 0.051662 0.052280 0.023602 0.239384 0.045002 -0.158900 -0.166576 -0.219458 -0.211360 -0.127945 -0.146809 0.069664 -0.223146 0.044852 -0.061019 -0.221576 -0.359805 -0.131393 -0.141780 0.197121 0.140117 -0.032859 0.248974 0.103583 0.031287 0.031920 0.006960 -0.080676 0.001605 -0.099403 0.038325 0.300928 -0.326674 -0.003755 0.026522 0.205667 -0.036600 0.291290 0.011771 -0.064838 -0.012794 -0.011319 0.015075 -0.117335 -0.036814 0.181774 0.146063 -0.009193 -0.051454 0.011181 0.085937 -0.018409 0.097504 -0.163223 -0.171686 0.030032 -0.063143 -0.140828 0.240999 0.160457 0.270574 -0.093567 -0.258790 -0.272698 -0.217133
0.002856 0.024245 0.053966 0.233958 0.193824 0.219358 -0.237388 0.063376 0.171010 0.388898 -0.024997 -0.383509 -0.122117 -0.011995 0.161950 0.123573 0.171777 -0.052503 -0.033193 0.131468 0.583405 1.000000 0.199510 0.295457 0.509280 0.524825 0.478279 0.550914 -0.238036 -0.287028 -0.085861 0.125773 -0.235474 -0.182182 0.012955 -0.103586 -0.046422 -0.096664 0.039407 0.116169 0.013606 -0.086691 -0.182113 -0.162361 -0.364546 -0.218700 -0.128838 -0.071896 -0.184612 -0.187961 0.273709 -0.112859 -0.243845 -0.182223 -0.064481 -0.165626 0.237106 0.264726 -0.264718 -0.032688 -0.336014 -0.148064 -0.036480 0.011595 -0.008893 0.015351 -0.249369 -0.269991 0.199845 0.159834 0.211050 0.263771 -0.081244 0.184721 0.024760 0.249057 -0.036417 0.080820 0.129738 -0.184511 0.060864 -0.030240 -0.039802 -0.182826 0.341629 0.079993 0.042349 0.193676 0.132669 0.055857 0.207077 0.150027 0.078008 0.000757 -0.206665 -0.226905 -0.026053 -0.097599 -0.307898 -0.151162 -0.116145 0.030475 -0.219566 -0.117163 -0.112484 -0.206158 -0.028626 0.004058 -0.326880 -0.011876 0.058015 -0.013371 -0.076838 -0.367338 -0.227533 -0.241844
-0.277500 -0.401059 0.331150 0.615172 0.166263 0.297979 -0.093838 -0.039600 -0.066591 -0.012390 -0.171661 -0.480575 0.095467 -0.299765 0.016954 -0.399074 0.220228 0.116171 0.087747 0.178017 0.157401 0.199510 1.000000 0.695266 0.578683 0.566313 0.353650 0.513340 -0.185655 -0.148944 -0.110767 0.365699 0.069895 0.079766 0.322096 -0.080339 -0.337515 -0.098646 -0.169414 0.122482 -0.287582 -0.027188 0.018312 0.135116 -0.113952 -0.199441 -0.018669 0.185560 -0.380091 -0.266342 0.706126 0.068963 -0.337092 0.289999 0.126548 0.061654 -0.112152 0.099864 -0.474140 -0.307806 -0.532229 -0.464679 0.011372 0.073456 0.394064 -0.126691 -0.326631 -0.353695 -0.043316 -0.235574 0.061006 -0.136360 -0.031053 0.105809 0.120711 0.241241 0.097661 0.097520 0.192580 0.054928 0.048129 0.122877 0.018298 -0.291952 0.439096 0.118428 0.620802 0.353617 0.421177 0.147926 -0.403028 -0.298847 -0.004690 -0.017711 -0.189120 -0.001054 -0.148664 0.010033 -0.426290 -0.341146 0.013960 -0.033653 -0.137229 -0.235479 -0.617374 -0.201320 -0.222035 -0.399207 -0.227242 0.086622 0.342494 -0.176444 -0.187258 -0.292140 0.002821 -0.100408
-0.113828 -0.243913 0.441252 0.641464 0.024546 0.413289 -0.146969 -0.071666 -0.376216 0.046917 -0.207495 -0.485061 -0.031545 -0.265280 -0.269963 -0.447975 0.148853 0.184584 0.137924 0.266389 0.204644 0.295457 0.695266 1.000000 0.597326 0.784256 0.524966 0.724878 -0.278804 -0.285747 -0.258817 0.349186 0.152181 0.195788 0.443238 -0.004018 -0.181089 -0.041697 0.179712 0.355558 -0.096754 0.185962 -0.055421 0.063039 -0.249417 -0.319669 -0.007844 0.286042 -0.383853 -0.384066 0.667074 0.129325 -0.315158 0.051495 0.217339 0.289089 0.008643 0.143175 -0.435662 -0.356436 -0.500963 -0.641985 0.004682 0.069709 0.235441 -0.466919 -0.220783 -0.241798 0.108212 -0.095752 0.122024 0.014264 -0.242967 0.049143 -0.082466 0.052672 -0.044899 0.168249 0.088074 -0.033568 -0.061222 -0.018592 -0.202609 -0.293972 0.319352 0.195046 0.257063 0.598073 0.446246 0.158077 -0.404662 -0.069242 0.015515 -0.069995 -0.191234 -0.036595 -0.009058 -0.094102 -0.544944 -0.523643 -0.265170 -0.213300 -0.471958 -0.482366 -0.672196 -0.062254 -0.302306 -0.585031 -0.428472 0.083026 0.242259 -0.105079 -0.143232 -0.394195 -0.000496 -0.251165
-0.086212 -0.389732 0.153561 0.242463 0.148445 0.143500 -0.212648 -0.118983 0.025111 0.100966 0.115545 -0.357235 0.233592 0.170747 0.010737 -0.123036 0.433140 0.130533 -0.279259 -0.134943 0.407805 0.509280 0.578683 0.597326 1.000000 0.796145 0.567663 0.730347 -0.169589 -0.128804 0.048058 0.322835 -0.083713 -0.078412 0.237358 -0.069832 -0.080244 -0.014041 -0.033297 0.183787 -0.086565 0.117669 -0.113734 -0.086381 -0.331117 -0.287213 -0.094458 0.101365 -0.345660 -0.415792 0.514224 -0.058162 -0.109019 0.066630 0.060810 0.024351 0.120744 0.111938 -0.363711 -0.348661 -0.348369 -0.345548 0.184226 0.269639 0.084568 -0.171021 -0.366987 -0.367204 -0.188208 -0.269978 0.278119 0.056300 0.006135 0.299969 0.169914 0.320294 0.084270 0.073892 0.263050 -0.042157 0.333930 0.309900 -0.164758 -0.343716 0.460040 0.238377 0.309979 0.407227 0.170268 0.050324 -0.126456 0.134144 -0.067956 -0.148955 -0.336881 -0.101125 -0.195314 -0.104527 -0.389863 -0.234442 -0.125968 0.188242 -0.205152 -0.325507 -0.533279 -0.140583 -0.183398 -0.361048 -0.334642 0.055501 0.215512 0.068381 -0.087384 -0.490293 -0.182099 -0.257424
-0.086940 -0.170543 0.153139 0.585816 -0.021229 0.438754 -0.416635 -0.137673 -0.294675 0.170305 -0.206303 -0.438697 -0.053842 -0.021137 -0.342725 -0.317909 0.355561 0.288589 -0.071162 0.114799 0.317626 0.524825 0.566313 0.784256 0.796145 1.000000 0.578853 0.847802 -0.346515 -0.099392 -0.153142 0.333583 0.040260 0.022052 0.297446 -0.013527 -0.181357 0.081848 0.031470 0.475227 -0.117491 0.263984 -0.165744 0.083903 -0.417958 -0.360578 -0.082139 0.254674 -0.413633 -0.404958 0.566211 0.019818 -0.255877 0.053241 0.087332 0.282557 0.221339 0.274457 -0.451744 -0.394062 -0.372669 -0.558086 0.107629 0.194037 -0.010971 -0.416022 -0.369870 -0.390347 0.034407 -0.093755 0.220535 0.055152 -0.055469 0.268046 0.175116 0.233685 -0.025142 0.219117 0.266030 0.067330 0.151614 0.110006 -0.459601 -0.298603 0.425915 0.276345 0.249716 0.712725 0.241927 0.226151 -0.320851 -0.018270 -0.066315 -0.191359 -0.394156 -0.022464 -0.067015 -0.112779 -0.448173 -0.381288 -0.260396 -0.041178 -0.463474 -0.405517 -0.611478 -0.210835 -0.308656 -0.568283 -0.413846 0.157718 0.331782 -0.010510 -0.073825 -0.478689 -0.133898 -0.279644
0.084524 -0.195859 0.296760 0.319761 0.395031 0.346812 -0.012829 0.188178 0.030854 0.342003 -0.035176 -0.452324 0.001905 0.042735 0.075322 -0.150236 0.024973 -0.185026 -0.020345 0.124820 0.476662 0.478279 0.353650 0.524966 0.567663 0.578853 1.000000 0.728877 -0.410292 -0.371214 -0.047819 0.191549 -0.056299 0.018941 -0.075547 -0.273695 -0.269541 -0.173208 0.066143 0.042600 -0.080446 -0.100426 -0.149881 -0.149288 -0.328556 -0.304160 -0.066454 -0.040291 -0.183586 -0.215564 0.391438 0.019516 -0.124699 -0.074814 0.201488 0.043390 0.141425 0.102800 -0.158381 -0.080051 -0.190012 -0.238366 0.074406 0.071616 0.222057 -0.071817 -0.127581 -0.328457 0.076435 0.051439 0.132528 -0.035151 -0.166800 0.085039 0.072920 0.071412 -0.129952 -0.024716 0.057237 -0.116223 -0.067857 -0.124575 0.009253 -0.269967 0.197317 0.091213 0.188142 0.332296 0.413481 0.281567 -0.160551 0.074079 0.027849 -0.196158 -0.338540 -0.184375 -0.100458 -0.181483 -0.255573 -0.335402 -0.302030 0.008502 -0.381163 -0.297943 -0.494685 -0.280621 -0.177425 -0.330736 -0.390353 -0.001046 0.110215 0.050527 -0.310352 -0.330405 -0.233276 -0.220985
0.052907 -0.129949 0.118804 0.436061 -0.062062 0.402301 -0.371025 -0.264570 -0.269577 0.099021 -0.007819 -0.327435 0.065843 0.053595 -0.201488 -0.149243 0.339958 0.127535 -0.106037 0.168642 0.298302 0.550914 0.513340 0.724878 0.730347 0.847802 0.728877 1.000000 -0.456465 -0.256881 -0.141226 0.162642 0.057945 0.037013 0.376544 0.134704 -0.167815 0.035735 -0.037287 0.231067 -0.133116 0.047469 -0.214367 -0.005266 -0.514007 -0.522262 -0.071970 0.274339 -0.420675 -0.514737 0.525426 -0.049812 -0.193700 0.011198 0.014853 0.034207 0.220703 0.224745 -0.384751 -0.341763 -0.309441 -0.534684 0.145324 0.246311 0.105689 -0.395902 -0.297636 -0.366563 0.181759 0.000011 0.203260 -0.000872 -0.049617 0.109198 0.144628 0.150819 0.123047 0.266062 0.243063 0.099707 0.103675 0.040598 -0.362052 -0.397332 0.495691 0.399163 0.230943 0.550201 0.215873 0.249795 -0.197355 0.075186 -0.062770 -0.166790 -0.292148 -0.027426 -0.046802 -0.128905 -0.442761 -0.337105 -0.268074 -0.081855 -0.524221 -0.409392 -0.520672 -0.196630 -0.306556 -0.366590 -0.356589 0.159235 0.330153 0.020471 -0.076931 -0.315526 -0.149883 -0.255395
-0.083850 -0.182297 -0.195988 -0.430216 0.016589 -0.372312 0.062027 -0.025712 0.084882 -0.265679 0.213876 0.218808 0.058671 0.012837 0.169235 0.041535 0.211815 0.242552 -0.061630 -0.357316 -0.028929 -0.238036 -0.185655 -0.278804 -0.169589 -0.346515 -0.410292 -0.456465 1.000000 0.409141 0.614177 0.333701 -0.121102 -0.056811 -0.021698 -0.219600 0.326443 -0.042538 0.048689 -0.184162 0.280457 0.084638 0.144818 -0.117639 0.196414 0.144329 0.125086 -0.250868 -0.045480 0.144299 -0.286813 -0.219477 0.174504 0.228862 -0.043881 -0.066883 -0.071060 -0.201487 -0.119671 -0.198395 -0.033024 0.125888 -0.062403 0.024722 0.057932 0.062915 -0.128471 -0.208734 -0.366982 -0.428917 0.242195 0.197287 0.497616 0.141053 0.244535 0.125433 0.375472 -0.078848 0.236476 0.076566 0.198732 0.329627 0.346124 0.271306 0.085367 -0.014349 -0.229644 -0.375101 -0.058024 -0.491946 0.037710 0.072504 -0.080516 0.010137 0.089698 0.144803 0.059619 0.073954 0.237268 0.394833 0.237404 -0.012118 0.324115 0.040414 0.205286 0.512918 0.242939 0.085947 0.123573 -0.148149 -0.390397 0.201677 0.250418 0.109161 0.226998 0.336881
-0.287690 -0.256983 -0.446289 -0.220080 -0.351213 -0.199307 -0.360572 -0.200876 -0.244003 -0.179082 -0.062307 0.330109 0.005439 0.117744 -0.208543 0.144355 0.258629 0.471994 -0.258331 -0.446173 -0.064024 -0.287028 -0.148944 -0.285747 -0.128804 -0.099392 -0.371214 -0.256881 0.409141 1.000000 0.445795 0.246310 -0.154399 -0.198356 -0.071376 0.034559 0.242344 0.598133 -0.049379 0.330533 0.151875 0.381225 0.146123 0.307589 0.264623 0.138669 0.283135 0.254167 -0.136161 0.118784 -0.317880 -0.148742 0.048564 0.212493 0.054970 0.329620 -0.004525 -0.065721 -0.353254 -0.406182 -0.009716 -0.061460 -0.061234 0.104508 -0.361368 0.002980 -0.272325 -0.233011 -0.255493 -0.406453 0.139264 0.222383 0.443254 0.532867 0.498245 0.020644 0.265232 0.349199 0.217716 0.626034 0.169891 0.429517 -0.048632 0.301014 0.003107 0.054968 -0.103266 -0.095499 -0.221964 -0.232168 -0.278826 -0.286427 -0.125552 -0.186397 -0.070568 0.481520 0.347093 0.495960 0.412404 0.380190 0.152961 -0.067045 0.129453 -0.010198 0.044000 0.119390 0.230540 0.043079 0.218399 0.385917 0.242252 0.152103 0.215080 0.105756 0.102017 0.151013
0.042896 -0.045871 -0.336205 -0.366677 -0.121553 -0.193241 -0.173722 -0.098736 0.032426 -0.135440 0.141209 0.250997 -0.063517 0.208050 0.133031 -0.011098 0.302598 0.082170 -0.049294 -0.212947 0.083745 -0.085861 -0.110767 -0.258817 0.048058 -0.153142 -0.047819 -0.141226 0.614177 0.445795 1.000000 0.575699 -0.073210 0.029017 -0.232050 -0.307475 0.166171 0.013660 -0.084680 -0.086049 0.177592 0.130211 -0.090253 -0.162335 0.023235 0.012229 0.025246 -0.189058 -0.050785 0.104140 -0.215174 -0.352609 0.158766 0.109150 0.051260 -0.096184 0.096252 -0.022574 -0.173441 -0.234410 -0.018529 0.014208 -0.029996 0.068445 0.019816 0.098074 -0.312246 -0.396914 -0.116896 -0.406891 0.414950 0.141025 0.438223 0.335534 0.406235 0.182240 0.452235 0.012854 0.298159 0.096268 0.235334 0.238887 0.292534 0.229506 0.023447 0.000320 -0.091343 -0.226443 -0.038554 -0.290634 -0.022147 0.034560 -0.294573 -0.333667 0.013680 0.215545 0.141311 0.201854 0.296801 0.288814 0.052522 -0.068321 0.224872 -0.113796 0.270537 0.355343 0.313035 0.218985 0.087659 0.038401 -0.140878 0.180045 -0.054091 0.110630 0.104324 0.358236
-0.226684 -0.247276 -0.133231 0.169259 0.009843 -0.035616 -0.313223 0.099521 -0.028310 0.074650 -0.165604 -0.070895 -0.149857 -0.086503 0.044272 -0.279803 0.199375 0.128138 0.035149 0.053009 0.232992 0.125773 0.365699 0.349186 0.322835 0.333583 0.191549 0.162642 0.333701 0.246310 0.575699 1.000000 -0.002386 0.226228 -0.079593 -0.430255 -0.028999 -0.139186 0.088953 0.189673 0.079325 0.242282 -0.049203 -0.048816 -0.008328 0.029255 0.010949 -0.038177 -0.249287 0.022150 0.299590 -0.005208 -0.088494 0.140160 0.300325 0.228019 -0.045620 -0.049699 -0.430875 -0.352572 -0.430243 -0.335345 -0.194883 0.026142 0.086862 -0.052733 -0.517111 -0.440511 -0.158828 -0.351841 0.423727 0.304770 0.030112 0.436362 0.195731 0.408383 0.149092 0.147949 0.145132 -0.010513 0.085409 0.238547 0.213183 0.178849 0.191661 0.085037 0.202723 0.304520 0.376438 -0.064273 -0.261197 -0.101243 -0.182891 -0.294912 -0.146191 0.078851 0.037264 0.051684 -0.023407 -0.043347 -0.036943 -0.230439 0.067187 -0.389351 -0.238630 0.134172 0.076359 -0.306679 -0.190748 -0.038632 -0.006139 -0.003583 -0.137606 -0.142987 0.122044 0.127528
0.249057 0.190484 0.019117 0.091625 -0.173749 0.085233 0.047076 -0.069739 -0.222691 -0.182635 -0.128212 0.060657 -0.236813 -0.223943 -0.209776 -0.307570 0.017037 0.008170 0.382214 0.288887 -0.155182 -0.235474 0.069895 0.152181 -0.083713 0.040260 -0.056299 0.057945 -0.121102 -0.154399 -0.073210 -0.002386 1.000000 0.832875 0.222684 0.032733 -0.134835 -0.089039 0.050664 -0.144185 -0.237547 -0.023831 0.126481 0.097879 0.141740 0.055995 0.146905 0.137448 -0.190685 -0.064539 0.052505 -0.089000 0.037468 0.008588 -0.036304 0.024270 0.073090 -0.002044 -0.073754 -0.181717 0.087411 -0.135363 0.023689 0.037426 0.029524 -0.331095 -0.097092 0.000666 0.056175 -0.034472 -0.081552 -0.124378 -0.204647 -0.157936 -0.119326 -0.097910 0.046833 0.034460 -0.084647 -0.048111 -0.126725 -0.048898 -0.045956 -0.295315 -0.285858 0.024035 0.012084 -0.015175 -0.002993 0.065704 -0.328779 -0.077194 -0.233748 -0.159119 0.194661 0.037080 -0.005328 -0.025929 -0.041821 -0.061835 -0.123979 -0.165133 -0.103005 -0.007428 -0.149109 0.242141 -0.174018 -0.070973 0.135758 0.080932 0.092409 0.177363 0.063705 0.158860 0.211420 0.235918
0.210371 0.156565 0.039244 0.198622 -0.114799 0.097924 0.047216 0.055468 -0.247173 -0.197272 -0.093730 0.065168 -0.236190 -0.176862 -0.194375 -0.413302 0.015220 0.005340 0.440041 0.431408 -0.075579 -0.182182 0.079766 0.195788 -0.078412 0.022052 0.018941 0.037013 -0.056811 -0.198356 0.029017 0.226228 0.832875 1.000000 0.065079 -0.151520 -0.228582 -0.197745 0.069016 -0.145982 -0.196129 -0.004049 0.144362 0.055144 0.172423 0.146696 0.092784 0.083791 -0.211645 -0.032427 0.153496 -0.084502 -0.005002 -0.183946 0.025368 0.034551 -0.048447 -0.108060 -0.099231 -0.223230 -0.024133 -0.199588 -0.057394 -0.043063 0.159475 -0.143166 -0.172340 -0.002675 0.071937 -0.068273 -0.056876 0.041818 -0.229314 -0.073997 -0.120398 -0.030513 0.020828 0.058138 -0.134413 -0.085880 -0.120772 0.000602 0.060228 -0.148348 -0.311427 0.011739 -0.035515 0.084139 0.141115 0.029971 -0.353051 -0.105718 -0.317552 -0.322463 0.140676 -0.000204 0.020248 -0.049121 -0.071323 -0.130722 -0.307325 -0.357495 -0.162395 -0.215831 -0.203227 0.221718 -0.173950 -0.129859 0.036075 -0.034203 0.078783 0.120841 -0.050962 0.148805 0.249239 0.239785
-0.040029 -0.143981 0.148710 0.035303 -0.419597 -0.063532 -0.157365 -0.409495 -0.403569 -0.402291 0.119418 -0.112167 0.111300 -0.293669 -0.227899 -0.121263 0.210766 0.355503 0.029577 0.090315 -0.007022 0.012955 0.322096 0.443238 0.237358 0.297446 -0.075547 0.376544 -0.021698 -0.071376 -0.232050 -0.079593 0.222684 0.065079 1.000000 0.665328 0.263487 0.215401 0.122876 0.149447 -0.023577 -0.037215 0.175023 0.325476 -0.052593 -0.286164 0.339275 0.547140 -0.428986 -0.401041 0.210616 0.099373 -0.019439 0.221901 -0.044473 -0.010329 -0.079905 0.023034 -0.320987 -0.410930 -0.256856 -0.447183 -0.035644 0.093422 0.098989 -0.586410 -0.048875 -0.015220 0.009489 -0.157865 0.148631 0.003629 0.045966 -0.142111 -0.076998 -0.054603 0.298735 0.353574 0.048261 0.259030 -0.055756 0.140757 -0.272811 -0.315971 0.351015 0.209164 -0.011193 0.183772 -0.004112 -0.132145 -0.198540 0.085376 -0.077914 0.295833 0.086918 0.023202 0.157147 -0.153097 -0.306207 -0.178257 0.045217 -0.057450 -0.268551 -0.158577 -0.335762 0.197010 -0.311317 -0.180492 -0.222505 0.194501 0.237832 -0.013077 0.180791 -0.106925 -0.096614 -0.341295
0.176052 0.038339 0.018979 -0.114512 -0.460387 -0.053080 -0.077818 -0.384440 -0.243928 -0.203484 0.065490 0.144321 -0.038450 -0.151095 -0.228915 0.247548 0.000239 0.090456 -0.003270 -0.001640 -0.223216 -0.103586 -0.080339 -0.004018 -0.069832 -0.013527 -0.273695 0.134704 -0.219600 0.034559 -0.307475 -0.430255 0.032733 -0.151520 0.665328 1.000000 0.179343 0.350453 -0.131518 0.102456 -0.026342 -0.151108 0.095232 0.389252 0.041841 -0.145041 0.193635 0.573730 -0.062030 -0.190932 -0.211290 0.113526 -0.051129 0.089108 -0.303515 -0.159497 0.048706 0.044504 0.071889 0.021482 0.103060 -0.008711 0.057399 0.106619 -0.107331 -0.291189 0.214274 0.354594 0.032733 -0.031331 -0.009331 -0.186784 0.130877 -0.385802 -0.133185 -0.274465 -0.014171 0.205985 -0.172563 0.225145 -0.085239 -0.061113 -0.347175 -0.038040 0.110189 0.054764 -0.139608 0.012219 -0.388375 -0.144966 0.045069 0.117346 -0.072143 0.271655 0.116007 0.126789 0.154633 -0.090423 -0.095217 -0.009877 0.199875 0.150406 -0.162154 0.119482 0.022502 -0.004209 -0.146706 0.259801 -0.013189 0.203943 0.245763 -0.013077 0.168044 -0.034389 -0.288688 -0.361899
