1.000000 0.554600 -0.349161 -0.340535 -0.360337 -0.250633 0.053453 -0.250455 -0.400495 -0.190591 0.156136 -0.031831 0.259905 -0.154735 -0.285288 -0.130385 0.723450 0.398246 0.244566 0.211098 0.123199 -0.036453 -0.454615 -0.521691 -0.307750 -0.406856 -0.440055 -0.362288 0.420015 0.420128 -0.271954 -0.247333 0.178512 0.015471 -0.315335 -0.274610 0.173261 0.107458 -0.024367 0.082732 0.358356 0.259122 -0.240378 -0.225812 -0.339021 -0.513680 -0.193992 -0.132270 -0.277262 -0.324696 -0.158442 -0.218195 -0.126465 -0.045964 -0.072805 0.085807 0.867077 0.497769 0.057207 -0.246152 0.283243 -0.034888 0.548702 0.470963 -0.421314 -0.489085 -0.204290 -0.506983 0.224625 0.049118 0.219632 0.200668 0.499130 0.374499 0.483632 0.268777 0.437875 0.374972 0.322902 0.157216 0.382426 0.335536 -0.049469 0.080309 -0.303131 -0.220869 -0.348530 -0.276480 -0.361382 -0.046683 -0.095757 -0.118902 -0.344009 0.015352 -0.161421 0.005923 -0.068607 0.062173 0.430296 0.656505 0.347150 0.552110 0.425612 0.414089 -0.151074 -0.113437 0.079509 0.038767 0.110426 0.038253 -0.063842 0.274566 0.196209 -0.061149 -0.138011 0.067489
0.554600 1.000000 -0.388387 -0.085643 -0.258949 -0.168161 -0.030164 -0.010759 -0.268116 -0.152012 0.208904 0.379441 0.134932 0.122591 -0.177474 -0.057446 0.454855 0.305171 0.127732 0.219218 -0.236337 -0.196092 -0.455812 -0.419399 -0.236424 -0.376672 -0.392122 -0.372633 0.293230 0.149412 -0.195783 -0.219620 -0.009835 -0.051309 -0.435424 -0.320277 0.032751 -0.163575 -0.255474 -0.081221 0.135025 -0.013201 -0.187225 -0.169245 -0.103852 -0.231066 -0.039924 -0.104913 -0.068180 -0.038280 -0.047702 0.018751 -0.039598 -0.111221 0.026132 0.019749 0.444543 0.380649 0.037893 0.075313 0.211992 0.319085 0.390156 0.458071 -0.401425 -0.202956 -0.342625 -0.356942 0.160782 0.163031 0.062041 0.042768 0.122973 0.071272 0.090206 -0.004035 0.171035 0.229846 0.061235 0.002680 0.399218 0.183064 0.036567 0.136896 -0.226901 -0.062529 -0.070108 -0.061605 -0.287406 0.094158 -0.012164 -0.194766 -0.185433 -0.108260 -0.048308 0.070085 -0.152575 0.105569 0.160745 0.383846 0.419627 0.333690 0.263870 0.135599 -0.132517 -0.026814 0.110487 0.120182 -0.062543 -0.003935 -0.098679 0.112350 0.230019 -0.128173 0.044205 0.135164
-0.349161 -0.388387 1.000000 0.546531 0.370916 0.289778 0.554137 0.480229 0.410574 0.324847 0.131486 -0.016638 0.072674 0.222056 0.280386 0.270125 -0.473736 -0.356472 0.314657 -0.270017 0.058400 0.106751 0.622548 0.574594 0.291263 0.265260 0.203153 0.167670 0.029558 -0.446125 0.511445 0.368537 -0.090856 -0.096848 0.161953 0.002145 -0.316389 -0.395698 -0.229215 -0.249709 -0.571227 -0.429951 -0.017295 -0.099953 0.194864 0.256136 -0.200794 -0.159541 0.196264 0.211018 0.137149 -0.071075 -0.037357 -0.235283 -0.313321 -0.431792 -0.372411 -0.451604 0.449215 0.192248 0.306587 -0.074344 -0.340040 -0.498438 0.434446 0.206360 0.535321 0.384455 -0.228375 -0.168596 0.048718 -0.145552 -0.079204 -0.359861 -0.344175 -0.286529 -0.302075 -0.399926 -0.111694 0.033472 -0.496518 -0.380496 0.144438 -0.170690 -0.003201 -0.068143 0.185723 0.131327 0.044590 -0.277166 -0.208235 0.119224 -0.097199 -0.041713 0.047512 -0.125530 -0.361935 -0.344325 -0.503600 -0.426630 -0.298220 -0.419901 -0.217246 -0.179413 -0.098349 -0.117594 -0.082143 -0.047423 -0.058414 0.088874 -0.162843 -0.377513 -0.344807 -0.055622 -0.292286 -0.251698
-0.340535 -0.085643 0.546531 1.000000 0.434411 0.487403 0.175355 0.793880 0.423975 0.481091 0.036943 0.473236 0.104848 0.634016 0.292226 0.485005 -0.388213 -0.210484 0.010650 -0.186510 -0.437483 -0.286496 0.421817 0.580171 0.397946 0.276090 0.093816 -0.016213 0.027363 -0.276207 0.504422 0.287980 -0.344912 -0.294232 -0.143011 -0.228123 -0.429058 -0.483178 -0.621737 -0.472284 -0.645082 -0.553910 -0.067822 -0.166205 0.179288 0.152701 -0.235651 -0.264635 0.293104 0.137530 0.052189 -0.034461 -0.131492 -0.372746 -0.403923 -0.531538 -0.320205 -0.508216 0.382220 0.452642 0.223372 0.430364 -0.275654 -0.409875 0.279231 0.501215 0.121873 0.198131 -0.287458 -0.124884 0.051771 -0.022726 -0.173336 -0.394555 -0.249827 -0.460143 -0.315320 -0.279667 -0.162904 -0.214179 -0.278202 -0.380953 0.000295 0.002708 -0.060498 -0.065395 0.187716 0.149233 0.026025 -0.313369 -0.056801 -0.126469 0.065791 -0.274857 0.219503 -0.159148 -0.420810 -0.215256 -0.472498 -0.264394 -0.156520 -0.236150 -0.034987 -0.130368 -0.062640 -0.006371 0.112448 -0.056745 -0.052318 0.121663 -0.284382 -0.254358 -0.086800 0.141592 0.040396 -0.053220
-0.360337 -0.258949 0.370916 0.434411 1.000000 0.848710 -0.054104 0.385207 0.869181 0.816414 -0.192382 0.139047 -0.023474 0.376936 0.847283 0.802332 -0.697534 -0.586698 -0.017501 -0.066642 -0.060939 -0.291033 0.221225 0.296431 0.505711 0.468905 0.638592 0.455788 -0.366059 -0.322929 0.050332 -0.185334 -0.419588 -0.408540 -0.044433 0.056748 -0.247487 -0.335341 -0.059138 -0.235741 -0.423370 -0.277428 0.012815 -0.019354 0.183167 0.238376 -0.222356 -0.022666 0.291448 0.211521 -0.055864 -0.159286 0.046703 -0.364930 0.036125 -0.228194 -0.367144 -0.560476 0.199732 0.502570 -0.047314 0.268451 -0.487774 -0.679003 0.284145 0.495157 0.115478 0.378625 -0.138503 -0.004665 0.020642 -0.091099 -0.568856 -0.359240 -0.327136 -0.207814 -0.458581 -0.234400 -0.374220 -0.234887 -0.494450 -0.553052 0.454115 0.369613 0.146436 0.122724 0.487432 0.473744 0.477838 0.262155 0.022302 -0.212281 0.044996 -0.165734 -0.150696 -0.470817 -0.246491 -0.433047 -0.442614 -0.477444 -0.430805 -0.403307 -0.210394 -0.071095 -0.033744 -0.024565 -0.228615 0.047850 -0.228003 -0.180904 -0.168460 -0.313453 -0.342202 -0.231989 -0.133158 -0.334184
-0.250633 -0.168161 0.289778 0.487403 0.848710 1.000000 -0.083362 0.365915 0.722117 0.886266 -0.310280 0.136086 -0.146384 0.395150 0.683753 0.849689 -0.611223 -0.457088 -0.047638 0.029354 -0.136829 -0.302253 0.264235 0.370426 0.610848 0.620212 0.557970 0.363688 -0.252205 -0.120505 0.180640 -0.067632 -0.323498 -0.276703 -0.082320 0.016315 -0.275275 -0.387365 -0.174889 -0.325636 -0.391074 -0.289405 -0.155403 -0.154489 0.108594 0.141405 -0.318929 -0.137336 0.183256 0.071410 -0.142961 -0.299545 -0.091949 -0.355700 -0.139314 -0.358056 -0.243185 -0.512129 0.134205 0.391104 -0.081551 0.241564 -0.442558 -0.625274 0.272366 0.460747 -0.044553 0.256179 -0.123948 -0.022344 -0.031088 -0.042975 -0.463415 -0.331291 -0.225740 -0.367732 -0.441281 -0.232313 -0.187474 -0.165390 -0.381532 -0.445731 0.223029 0.341298 0.190076 0.170994 0.287927 0.331070 0.387736 0.184380 -0.059659 -0.237257 -0.042874 -0.241580 -0.193218 -0.398972 -0.287059 -0.341479 -0.449023 -0.382448 -0.452510 -0.304094 -0.219626 -0.039067 -0.029345 -0.001159 -0.169673 -0.020597 -0.195979 -0.078825 -0.214318 -0.287405 -0.308185 -0.223937 -0.011337 -0.207232
0.053453 -0.030164 0.554137 0.175355 -0.054104 -0.083362 1.000000 0.336713 -0.055688 -0.013013 0.239492 -0.072867 0.256798 -0.048972 -0.029271 -0.011821 0.067783 -0.035915 0.592030 0.006446 0.120411 0.245722 0.054251 -0.052225 0.071028 -0.186827 -0.150478 -0.287050 0.410833 -0.084716 0.314464 0.400292 0.120576 0.040964 -0.117583 -0.210615 -0.160857 -0.257194 -0.194729 -0.181929 -0.184791 -0.325326 -0.139180 -0.296407 0.054289 -0.034695 -0.065058 -0.289462 -0.105650 0.145122 0.078137 -0.039160 -0.444509 0.001474 -0.164549 -0.196822 -0.147338 -0.294207 0.154844 -0.098953 0.524397 -0.097087 0.321038 0.138782 0.070544 -0.221311 0.338241 -0.046232 -0.302171 -0.419932 0.198116 0.029619 0.320404 -0.195726 -0.144224 -0.059850 0.067971 -0.058474 -0.088188 -0.010140 -0.251029 -0.185405 0.199517 -0.023640 -0.286940 -0.173284 -0.014040 -0.005976 -0.329303 -0.206920 -0.167523 0.268243 -0.080940 0.193510 0.094177 0.159096 -0.261071 -0.088694 -0.062861 -0.031095 0.185213 0.182693 0.150128 -0.045597 -0.287267 -0.184379 0.067721 0.118055 0.167510 0.215156 -0.271483 0.067968 -0.056244 -0.028055 -0.208317 -0.034213
-0.250455 -0.010759 0.480229 0.793880 0.385207 0.365915 0.336713 1.000000 0.330397 0.399756 0.085941 0.565774 0.289259 0.643406 0.256711 0.425874 -0.214560 -0.115276 0.043393 -0.101040 -0.352367 -0.236331 0.040891 0.193737 0.260161 0.005436 -0.074173 -0.257793 0.242307 -0.065635 0.409386 0.271549 -0.232819 -0.189624 -0.335390 -0.309583 -0.481906 -0.550500 -0.624764 -0.513767 -0.427317 -0.440252 -0.082080 -0.265778 0.229955 0.098852 -0.216356 -0.402053 0.302063 0.256892 0.052795 0.012222 -0.234416 -0.346640 -0.384841 -0.535493 -0.338172 -0.638063 0.347552 0.442238 0.348868 0.559887 -0.056903 -0.240786 0.078558 0.470499 0.044302 0.032021 -0.375208 -0.378005 0.069348 -0.063897 -0.041457 -0.372746 -0.184399 -0.400534 -0.344867 -0.366797 -0.164116 -0.264188 -0.108429 -0.277152 0.130703 0.241123 -0.287324 -0.198465 0.130405 0.053774 -0.120924 -0.420630 0.018088 -0.090473 0.135721 -0.113091 0.116314 -0.119876 -0.501645 -0.244789 -0.382010 -0.253232 0.063706 -0.153718 0.018488 -0.118751 -0.126958 0.127139 -0.005781 0.000728 -0.129735 -0.097427 -0.552428 -0.287156 -0.175798 -0.136925 0.101703 0.188638
-0.400495 -0.268116 0.410574 0.423975 0.869181 0.722117 -0.055688 0.330397 1.000000 0.843032 -0.131576 0.090214 -0.042556 0.336678 0.853916 0.765047 -0.693714 -0.507436 -0.087874 -0.123131 -0.113793 -0.118502 0.314593 0.394569 0.432182 0.502532 0.547913 0.408221 -0.352289 -0.365676 0.063723 -0.071409 -0.322244 -0.280024 0.117919 0.065390 -0.235606 -0.280298 -0.024462 -0.165852 -0.388701 -0.300631 -0.006104 -0.031461 0.191156 0.202734 -0.241040 -0.134681 0.392925 0.128681 0.006721 -0.272043 0.084649 -0.402583 0.034498 -0.338345 -0.375391 -0.473893 0.387330 0.404581 0.043250 0.220572 -0.555904 -0.677030 0.428875 0.523984 0.122006 0.292797 0.027631 0.125597 -0.162990 -0.194954 -0.565328 -0.414028 -0.435836 -0.274843 -0.464809 -0.315534 -0.352595 -0.106306 -0.561738 -0.556941 0.458947 0.290562 0.245716 0.170329 0.425758 0.464799 0.419386 0.142947 -0.050034 -0.229141 0.020441 -0.232360 -0.131425 -0.402143 -0.234253 -0.385692 -0.513453 -0.505661 -0.411383 -0.478989 -0.252211 -0.130139 0.040729 0.090788 -0.203150 0.070302 -0.188929 -0.133881 -0.161121 -0.303016 -0.448106 -0.183820 -0.104615 -0.225209
-0.190591 -0.152012 0.324847 0.481091 0.816414 0.886266 -0.013013 0.399756 0.843032 1.000000 -0.224259 0.117416 -0.005320 0.443933 0.716790 0.900454 -0.505852 -0.385231 0.038002 0.032229 -0.111041 -0.246890 0.238136 0.335671 0.574310 0.550376 0.425321 0.184226 -0.114066 -0.121323 0.240167 -0.002809 -0.368683 -0.342066 -0.133446 -0.113593 -0.217697 -0.354699 -0.195671 -0.336840 -0.392741 -0.314281 -0.145289 -0.246298 0.110095 0.032377 -0.290340 -0.240137 0.262550 0.076651 -0.137790 -0.365252 -0.104787 -0.444164 -0.173237 -0.411636 -0.155662 -0.475125 0.373019 0.458028 0.081707 0.279670 -0.352810 -0.574114 0.207151 0.371638 0.047843 0.152146 -0.039954 0.003232 0.015710 -0.128204 -0.356937 -0.364654 -0.248649 -0.389121 -0.386078 -0.296488 -0.179806 -0.147911 -0.383743 -0.457640 0.308053 0.331447 0.063258 -0.006448 0.206281 0.299194 0.265111 0.030495 -0.053292 -0.229407 -0.131995 -0.241231 -0.173571 -0.348096 -0.348078 -0.379177 -0.447831 -0.354551 -0.381560 -0.260376 -0.125254 0.037029 0.017548 0.121471 -0.113497 -0.006950 -0.049231 -0.073091 -0.323804 -0.213028 -0.376551 -0.263741 0.003920 -0.104196
0.156136 0.208904 0.131486 0.036943 -0.192382 -0.310280 0.239492 0.085941 -0.131576 -0.224259 1.000000 0.327288 0.606928 0.196827 0.005175 -0.086016 0.205873 0.068777 -0.062766 -0.167164 -0.142563 0.027866 -0.036803 -0.079934 -0.187405 -0.260190 -0.382160 -0.264141 0.420455 -0.167736 0.006933 0.081152 -0.019829 -0.107596 -0.347691 -0.477578 -0.053831 -0.065699 -0.196452 -0.036332 -0.060584 -0.303342 0.230193 0.062335 0.257087 0.236105 0.101158 0.167229 0.273682 0.346449 0.122843 0.320439 0.184281 0.180539 -0.120407 0.055827 -0.128349 0.008750 0.271131 -0.080327 0.486739 0.078036 0.183975 0.208551 -0.132859 -0.167517 0.067666 -0.379604 0.065078 -0.160133 0.217144 0.022950 0.154130 -0.253274 -0.238671 -0.057351 0.107385 0.019215 0.105165 0.127566 0.116813 0.148477 0.060577 -0.051002 -0.091804 0.057154 -0.086133 -0.052094 -0.372289 -0.228821 -0.326872 -0.079668 -0.216716 -0.092624 0.221605 0.185758 0.062524 0.089486 0.013806 0.052585 0.166513 -0.038047 0.007986 -0.323932 -0.075369 -0.077008 0.072270 0.070164 -0.066225 0.182986 0.078794 0.131934 0.064021 -0.000049 -0.130170 0.122964
-0.031831 0.379441 -0.016638 0.473236 0.139047 0.136086 -0.072867 0.565774 0.090214 0.117416 0.327288 1.000000 0.322724 0.754287 0.114116 0.188863 0.015676 0.134291 -0.214311 0.021789 -0.490648 -0.374595 -0.179319 0.011783 -0.024846 -0.198912 -0.211351 -0.313354 0.237216 0.003075 0.031582 -0.002359 -0.109739 -0.033479 -0.353294 -0.261067 -0.240978 -0.195312 -0.595829 -0.339835 -0.221265 -0.386841 -0.192820 -0.226168 -0.044710 -0.116573 -0.252984 -0.229540 0.144215 0.041046 -0.140142 0.037899 0.049527 -0.306485 -0.302839 -0.380518 -0.196642 -0.316744 0.251351 0.369762 0.152413 0.676503 -0.065544 -0.014572 -0.137561 0.388159 -0.369793 -0.217380 -0.087802 -0.129150 0.007729 0.109954 0.007497 -0.333963 -0.096522 -0.298091 -0.075168 -0.017384 -0.031873 -0.070602 0.194708 0.048630 -0.071308 0.134393 -0.157623 -0.014491 0.011062 -0.054942 -0.177053 -0.238913 0.129618 -0.033976 0.323761 0.022274 0.201521 -0.010256 -0.341591 -0.092805 -0.231464 -0.093929 0.225475 -0.020731 0.010175 -0.123439 0.120975 0.179160 0.109665 0.077804 -0.230654 -0.136641 -0.359029 -0.155049 0.040819 -0.084411 0.188457 0.305069
0.259905 0.134932 0.072674 0.104848 -0.023474 -0.146384 0.256798 0.289259 -0.042556 -0.005320 0.606928 0.322724 1.000000 0.415236 -0.056485 0.066054 0.274211 0.100396 -0.014578 -0.281476 -0.187724 -0.208650 -0.216717 -0.223902 -0.019362 -0.253969 -0.531192 -0.475531 0.560424 0.180313 0.122578 0.027439 -0.043721 -0.256381 -0.519233 -0.494266 0.020124 -0.054175 -0.439066 -0.241401 -0.045821 -0.249507 0.172055 0.022116 0.168276 0.037742 0.118459 0.002304 0.248171 0.252962 0.156902 0.279320 0.157765 0.003196 -0.195726 -0.013832 0.010083 -0.160228 0.383465 0.033778 0.571322 0.148317 0.357526 0.223727 -0.445091 -0.262241 0.169968 -0.387748 -0.271447 -0.316400 0.352265 0.121174 0.355365 -0.256905 -0.110324 -0.010699 0.147409 0.074329 -0.088333 -0.223280 0.149071 0.049825 -0.055120 0.057054 -0.551105 -0.222501 -0.297291 -0.303188 -0.605419 -0.328466 -0.046033 0.018480 -0.204314 0.099430 0.209377 0.139101 -0.015423 0.007253 0.251334 0.231265 0.300637 0.206914 0.197936 -0.075193 -0.058771 -0.023538 0.322617 0.031658 0.086052 0.014605 -0.195908 0.145446 0.115001 -0.010698 -0.014126 0.198840
-0.154735 0.122591 0.222056 0.634016 0.376936 0.395150 -0.048972 0.643406 0.336678 0.443933 0.196827 0.754287 0.415236 1.000000 0.209339 0.498795 -0.204735 -0.039323 -0.258728 -0.244777 -0.457289 -0.489976 0.179084 0.336431 0.234298 0.090122 -0.163600 -0.206326 0.147561 0.021322 0.278567 0.009174 -0.306620 -0.290445 -0.447917 -0.329459 -0.183246 -0.260919 -0.615088 -0.537465 -0.437262 -0.370357 0.050749 -0.045574 0.136365 0.056956 -0.141518 -0.160942 0.357367 0.219311 -0.023853 0.074786 0.107018 -0.331554 -0.343550 -0.424778 -0.212815 -0.365897 0.517242 0.554232 0.151222 0.538342 -0.220111 -0.193732 -0.135788 0.315794 -0.080630 -0.128439 -0.091004 -0.065234 -0.018359 -0.046541 -0.042028 -0.494363 -0.232764 -0.384625 -0.249991 -0.214300 0.039332 -0.144421 0.082521 -0.058224 -0.183210 0.071241 -0.273069 -0.189539 0.036519 -0.000512 -0.139120 -0.284381 0.025369 -0.144884 0.093091 -0.124469 0.373573 0.016294 -0.385999 -0.213105 -0.268323 -0.161560 -0.028092 -0.106364 -0.042950 -0.045884 0.188772 0.062370 0.232141 -0.070826 -0.117703 -0.119667 -0.477719 -0.216088 0.008530 0.061691 0.151984 0.240349
-0.285288 -0.177474 0.280386 0.292226 0.847283 0.683753 -0.029271 0.256711 0.853916 0.716790 0.005175 0.114116 -0.056485 0.209339 1.000000 0.762290 -0.601687 -0.599955 0.000767 0.044195 -0.047181 -0.101290 0.097552 0.188900 0.382627 0.402848 0.653741 0.478677 -0.307561 -0.375776 -0.098746 -0.164101 -0.418495 -0.320108 0.018475 -0.032469 -0.321557 -0.283281 0.103406 -0.066801 -0.293840 -0.287942 -0.046526 -0.058043 0.128793 0.200684 -0.278999 -0.053610 0.268503 0.153494 -0.093442 -0.237030 0.012366 -0.327972 0.145062 -0.209616 -0.348600 -0.452420 0.169320 0.355485 0.055894 0.200293 -0.461661 -0.638163 0.416899 0.495729 0.017811 0.241893 0.034701 0.038749 -0.056602 -0.099058 -0.587261 -0.391357 -0.423125 -0.197359 -0.468190 -0.199680 -0.370619 -0.126403 -0.586514 -0.592645 0.685837 0.433814 0.351444 0.332461 0.572494 0.606985 0.531128 0.300783 -0.144213 -0.252476 0.048250 -0.228335 -0.149019 -0.436679 -0.133865 -0.303658 -0.443078 -0.441310 -0.406573 -0.471514 -0.237485 -0.171390 0.038532 0.057774 -0.325575 0.163870 -0.217411 -0.055083 -0.047750 -0.198505 -0.367726 -0.208265 -0.104423 -0.231127
-0.130385 -0.057446 0.270125 0.485005 0.802332 0.849689 -0.011821 0.425874 0.765047 0.900454 -0.086016 0.188863 0.066054 0.498795 0.762290 1.000000 -0.460206 -0.415111 0.042416 0.101374 -0.115801 -0.251147 0.158962 0.285626 0.509082 0.427674 0.426903 0.196194 -0.072656 -0.099259 0.144262 -0.086903 -0.428695 -0.437123 -0.253435 -0.223719 -0.255874 -0.432117 -0.174285 -0.351172 -0.399229 -0.326361 -0.068252 -0.208950 0.155664 0.115572 -0.266067 -0.191384 0.323008 0.154729 -0.107111 -0.283525 -0.091004 -0.413264 -0.027220 -0.362276 -0.183040 -0.437578 0.310649 0.458332 0.072457 0.208698 -0.297065 -0.537536 0.117746 0.325217 -0.002457 0.084912 0.019068 0.017713 0.029237 -0.169783 -0.403175 -0.462276 -0.357154 -0.419784 -0.522020 -0.270429 -0.170194 -0.197850 -0.274318 -0.400372 0.388007 0.454285 0.027100 0.052248 0.309231 0.480624 0.269508 0.125883 -0.082938 -0.310808 -0.109917 -0.267769 -0.081305 -0.322135 -0.338594 -0.339144 -0.426427 -0.356674 -0.280630 -0.272701 -0.158741 -0.026955 -0.054476 0.133317 -0.160381 0.007781 -0.081736 -0.037302 -0.283176 -0.137548 -0.264038 -0.168877 0.060408 -0.086131
0.723450 0.454855 -0.473736 -0.388213 -0.697534 -0.611223 0.067783 -0.214560 -0.693714 -0.505852 0.205873 0.015676 0.274211 -0.204735 -0.601687 -0.460206 1.000000 0.752003 0.164589 0.195250 0.073403 -0.035620 -0.531129 -0.571528 -0.489345 -0.586751 -0.687593 -0.652695 0.627264 0.565189 -0.100791 0.027475 0.240254 0.170122 -0.285537 -0.194673 0.246806 0.156890 -0.137846 -0.020221 0.371817 0.220161 -0.110915 -0.219782 -0.187544 -0.446128 0.054786 -0.071749 -0.287862 -0.199793 -0.098793 0.020142 -0.151295 0.108423 -0.158445 0.132821 0.659054 0.537843 -0.125220 -0.287041 0.215967 0.004287 0.783678 0.773865 -0.548202 -0.582395 -0.225431 -0.517104 0.104265 -0.168014 0.209494 0.106768 0.650908 0.375550 0.490222 0.197163 0.513389 0.362077 0.382715 0.123648 0.643694 0.535237 -0.262914 -0.098210 -0.429930 -0.447666 -0.551090 -0.506451 -0.553193 -0.290673 0.102766 0.100437 -0.181300 0.190147 -0.100618 0.181171 -0.034820 0.116106 0.483242 0.568914 0.581206 0.641974 0.420093 0.293155 -0.117012 0.040624 0.203904 -0.075978 0.187902 0.063458 -0.036805 0.403186 0.312967 -0.015901 -0.003390 0.227520
0.398246 0.305171 -0.356472 -0.210484 -0.586698 -0.457088 -0.035915 -0.115276 -0.507436 -0.385231 0.068777 0.134291 0.100396 -0.039323 -0.599955 -0.415111 0.752003 1.000000 -0.079752 0.084442 0.081741 0.004274 -0.239679 -0.263228 -0.337667 -0.368797 -0.546757 -0.542660 0.488258 0.610256 0.047315 0.106907 0.306002 0.309071 -0.083459 0.018986 0.316202 0.076570 -0.261494 -0.158661 0.233523 0.234846 -0.130456 -0.198198 -0.101892 -0.344076 0.016897 -0.147301 -0.176152 -0.180277 -0.166579 -0.055300 -0.220786 0.074399 -0.324868 -0.067230 0.426723 0.461078 -0.092316 -0.257640 -0.012219 0.083602 0.492526 0.634813 -0.329882 -0.338321 -0.358069 -0.478770 0.066789 -0.150301 0.039499 0.009933 0.569065 0.346136 0.464218 0.148173 0.481462 0.306535 0.460175 0.194695 0.664701 0.600143 -0.539189 -0.200628 -0.261745 -0.464557 -0.504999 -0.456625 -0.424525 -0.410113 0.150587 0.113246 -0.106431 0.147556 -0.070022 0.185842 -0.250295 -0.036195 0.213377 0.277814 0.452385 0.575757 0.166734 0.143656 -0.095603 0.112938 0.239092 -0.216811 0.061210 -0.062638 -0.156918 0.209362 0.195724 0.038081 0.092584 0.236058
0.244566 0.127732 0.314657 0.010650 -0.017501 -0.047638 0.592030 0.043393 -0.087874 0.038002 -0.062766 -0.214311 -0.014578 -0.258728 0.000767 0.042416 0.164589 -0.079752 1.000000 0.478983 0.394359 0.210906 -0.097166 -0.169510 -0.017923 -0.228708 0.064926 -0.174297 0.277095 -0.077437 0.151346 0.154844 0.006572 -0.095891 -0.096195 -0.213252 -0.045633 -0.191558 0.012134 0.024031 -0.230601 -0.070681 -0.302832 -0.474529 -0.213233 -0.315094 -0.178526 -0.314891 -0.321904 -0.168820 -0.206546 -0.308550 -0.427321 -0.285075 0.003676 -0.137732 0.197935 -0.017966 0.102353 0.096135 0.256062 -0.151771 0.334103 0.069501 -0.070037 -0.329494 0.363163 0.136230 -0.113188 -0.083797 0.319307 -0.024411 0.222921 0.028861 0.040247 -0.007235 0.047068 -0.005434 -0.059008 -0.124537 -0.167729 -0.216752 0.328402 -0.125832 -0.226974 -0.210062 0.019425 0.080604 -0.054245 0.028583 0.065232 0.291073 -0.129279 0.223268 -0.168830 0.041519 -0.232719 -0.073350 -0.093470 0.078102 0.092222 0.190718 0.238301 0.215516 -0.179911 0.062431 0.014542 0.050906 0.331377 0.261228 -0.130121 0.173865 -0.071104 -0.045469 -0.013080 -0.150335
0.211098 0.219218 -0.270017 -0.186510 -0.066642 0.029354 0.006446 -0.101040 -0.123131 0.032229 -0.167164 0.021789 -0.281476 -0.244777 0.044195 0.101374 0.195250 0.084442 0.478983 1.000000 0.350613 0.150814 -0.377548 -0.287557 -0.111974 -0.233905 0.199090 -0.042563 0.073120 0.048195 -0.165494 0.003596 0.068614 0.179429 -0.015313 0.008495 0.005212 -0.079475 0.170305 0.092472 0.135080 0.133368 -0.449076 -0.601664 -0.382026 -0.471294 -0.377772 -0.411098 -0.434613 -0.360514 -0.547769 -0.514699 -0.375290 -0.320495 0.075191 -0.156483 0.138571 0.107103 -0.283300 0.065514 -0.321473 -0.099374 0.198380 0.049587 -0.150747 -0.116112 -0.212085 0.016920 0.233823 0.094317 0.237794 0.092460 0.012239 0.186085 0.139405 -0.004842 -0.027686 0.104584 0.076600 -0.079519 0.267393 0.153153 0.313197 0.176474 0.108590 0.016916 0.003971 0.200386 0.125932 0.076615 0.281341 0.200136 0.153687 0.284409 -0.222148 -0.085602 -0.236109 0.038260 -0.103982 -0.072095 0.137215 0.266840 0.152853 0.209949 0.014253 0.386471 -0.018654 -0.047063 0.215612 0.049076 -0.050271 0.132994 -0.082014 -0.153573 0.249379 0.123347
0.123199 -0.236337 0.058400 -0.437483 -0.060939 -0.136829 0.120411 -0.352367 -0.113793 -0.111041 -0.142563 -0.490648 -0.187724 -0.457289 -0.047181 -0.115801 0.073403 0.081741 0.394359 0.350613 1.000000 0.507444 -0.018739 -0.167839 -0.175598 -0.121582 0.231474 0.138527 0.039509 -0.037507 0.066116 0.071853 0.034679 0.085117 0.139350 0.079509 0.345098 -0.035780 0.479126 0.298678 0.183944 0.459196 -0.039213 -0.163864 -0.091390 -0.163098 -0.055456 -0.008424 -0.176591 -0.121655 -0.238987 -0.270549 -0.181849 0.120664 -0.011005 0.144028 0.154257 0.193045 -0.158085 -0.114753 -0.166351 -0.410555 -0.001452 -0.088047 0.011791 -0.418910 0.183297 0.080400 0.141572 -0.027312 0.375489 -0.070076 0.228460 0.363488 0.304699 0.294156 0.232635 0.037026 0.142605 -0.050172 -0.001952 0.047642 0.189585 -0.114127 -0.027002 -0.219991 -0.050800 0.062069 0.087884 0.051043 0.062500 0.263737 -0.260811 0.279041 -0.324635 0.047281 -0.120714 -0.100720 0.067663 -0.024753 -0.081484 0.160121 0.065070 0.266204 -0.078359 0.087198 -0.008785 -0.034984 0.222402 0.028655 0.103845 0.115004 -0.135389 -0.143044 -0.076238 -0.216015
-0.036453 -0.196092 0.106751 -0.286496 -0.291033 -0.302253 0.245722 -0.236331 -0.118502 -0.246890 0.027866 -0.374595 -0.208650 -0.489976 -0.101290 -0.251147 -0.035620 0.004274 0.210906 0.150814 0.507444 1.000000 -0.042142 -0.109816 -0.205599 -0.117818 0.105237 0.087351 0.089853 -0.146505 0.043146 0.345947 0.245474 0.285922 0.386489 0.086561 0.080398 0.003205 0.370042 0.357994 0.133953 0.233489 -0.040498 -0.027832 -0.031517 -0.005743 0.075973 -0.162783 -0.100243 -0.093984 -0.061369 -0.161187 -0.128303 0.148222 -0.017572 0.027109 -0.037623 -0.043032 -0.019423 -0.286867 0.093757 -0.311141 -0.050253 -0.094067 0.188700 -0.148750 0.202594 0.001467 -0.006691 -0.075943 -0.059553 -0.004732 0.205889 0.050333 0.000115 0.290634 0.124416 -0.057092 -0.061529 -0.016933 -0.133500 0.017005 0.137419 -0.048784 0.107618 0.029086 -0.154013 0.048303 -0.046992 -0.098343 -0.040391 0.256473 0.017359 0.106873 -0.104477 0.131102 0.084218 0.183177 0.090281 -0.000497 0.010363 -0.077654 -0.075870 -0.039319 -0.083527 0.151258 -0.103910 0.183434 0.153877 0.016888 0.037121 0.079617 -0.117070 -0.036286 0.131365 0.110769
-0.454615 -0.455812 0.622548 0.421817 0.221225 0.264235 0.054251 0.040891 0.314593 0.238136 -0.036803 -0.179319 -0.216717 0.179084 0.097552 0.158962 -0.531129 -0.239679 -0.097166 -0.377548 -0.018739 -0.042142 1.000000 0.924121 0.449742 0.637667 0.313601 0.433123 -0.328519 -0.314098 0.463066 0.252716 -0.082337 -0.018767 0.322562 0.232422 -0.000347 -0.000684 0.006815 -0.061441 -0.337349 -0.168567 0.097805 0.202227 0.106417 0.290132 -0.069654 0.133518 0.096682 0.034547 0.143847 -0.050281 0.102580 -0.030083 -0.165642 -0.217325 -0.271875 -0.074566 0.207886 -0.038895 -0.122247 -0.266528 -0.539298 -0.413808 0.508037 0.216043 0.259807 0.311360 0.067230 0.239914 -0.130895 -0.099570 -0.195024 -0.169873 -0.277983 -0.223110 -0.139834 -0.198892 0.173796 0.294464 -0.339383 -0.132156 -0.215129 -0.365844 0.360858 0.144451 0.217701 0.139329 0.267487 -0.070005 -0.310422 -0.124159 -0.206564 -0.284408 0.234296 -0.049155 -0.123660 -0.157498 -0.481179 -0.403121 -0.569435 -0.417056 -0.464600 -0.277266 -0.012684 -0.311559 -0.021714 -0.205568 -0.076590 0.142128 0.181974 -0.322207 -0.168426 0.294088 -0.264235 -0.326151
-0.521691 -0.419399 0.574594 0.580171 0.296431 0.370426 -0.052225 0.193737 0.394569 0.335671 -0.079934 0.011783 -0.223902 0.336431 0.188900 0.285626 -0.571528 -0.263228 -0.169510 -0.287557 -0.167839 -0.109816 0.924121 1.000000 0.461748 0.647465 0.323565 0.417115 -0.339661 -0.305797 0.505307 0.332441 -0.167323 -0.040616 0.293823 0.223267 -0.081394 -0.076136 -0.111210 -0.145417 -0.415772 -0.235330 0.036479 0.105487 0.040558 0.215713 -0.188995 0.016256 0.068865 -0.042910 0.012193 -0.134347 0.133687 -0.173777 -0.235658 -0.383701 -0.339886 -0.185873 0.213234 0.103991 -0.174249 -0.132058 -0.618456 -0.503559 0.495076 0.369201 0.149702 0.348435 -0.001289 0.226167 -0.182828 -0.023719 -0.308979 -0.240749 -0.312115 -0.326978 -0.237300 -0.200853 0.119330 0.185249 -0.309817 -0.160071 -0.158987 -0.253025 0.359078 0.182370 0.168512 0.108723 0.265742 -0.124477 -0.201057 -0.098703 -0.026986 -0.257948 0.273278 -0.150551 -0.236238 -0.184533 -0.573271 -0.442867 -0.492479 -0.456992 -0.427236 -0.275690 0.028930 -0.214350 -0.010706 -0.193149 -0.085263 0.083830 0.111414 -0.387118 -0.161481 0.284387 -0.166692 -0.229583
-0.307750 -0.236424 0.291263 0.397946 0.505711 0.610848 0.071028 0.260161 0.432182 0.574310 -0.187405 -0.024846 -0.019362 0.234298 0.382627 0.509082 -0.489345 -0.337667 -0.017923 -0.111974 -0.175598 -0.205599 0.449742 0.461748 1.000000 0.792209 0.353831 0.174027 -0.066349 0.035880 0.432255 0.177794 -0.036394 -0.072464 0.047156 0.065693 -0.117479 -0.151605 -0.153821 -0.171023 -0.203295 -0.300660 -0.057027 0.069386 0.139559 0.242153 -0.007104 -0.038327 0.043920 0.150624 -0.006876 -0.161006 -0.260434 -0.117412 -0.103982 -0.259062 -0.231759 -0.475554 0.109635 0.023593 0.008773 -0.052410 -0.270478 -0.313624 0.208055 0.250530 0.069409 0.085436 -0.289295 -0.154270 -0.058976 -0.065826 -0.244295 -0.312308 -0.319282 -0.305969 -0.299442 -0.143965 0.060933 0.003015 -0.310707 -0.307112 0.025398 0.142407 0.169242 0.178280 0.255434 0.205926 0.171673 0.034444 -0.293122 -0.380108 -0.273040 -0.367290 0.010933 -0.208150 -0.198804 -0.259345 -0.379251 -0.378318 -0.459876 -0.209047 -0.327382 -0.188864 -0.099806 -0.012945 -0.106447 -0.224433 -0.170860 -0.063440 -0.216397 -0.357882 -0.293098 -0.106064 0.150579 -0.025307
-0.406856 -0.376672 0.265260 0.276090 0.468905 0.620212 -0.186827 0.005436 0.502532 0.550376 -0.260190 -0.198912 -0.253969 0.090122 0.402848 0.427674 -0.586751 -0.368797 -0.228708 -0.233905 -0.121582 -0.117818 0.637667 0.647465 0.792209 1.000000 0.506239 0.495653 -0.355902 -0.053114 0.321257 0.171656 0.001001 0.077062 0.350595 0.281292 -0.099223 0.002760 0.130592 0.028090 -0.117256 -0.101717 -0.021120 0.188227 0.084178 0.260500 -0.126075 0.105871 0.030322 -0.039384 0.019033 -0.192321 -0.022265 -0.129029 -0.062420 -0.189184 -0.223457 -0.265612 -0.012880 -0.078979 -0.132438 -0.108333 -0.515536 -0.456056 0.473981 0.367917 -0.020528 0.225166 -0.024453 0.149104 -0.254018 -0.023752 -0.403779 -0.184305 -0.264709 -0.214501 -0.240540 -0.092572 0.088460 0.181908 -0.413645 -0.260919 -0.018401 0.066323 0.474823 0.321042 0.214308 0.149782 0.386440 0.122793 -0.424709 -0.449622 -0.276540 -0.514560 -0.123746 -0.242020 -0.018754 -0.153339 -0.455449 -0.432013 -0.697865 -0.504199 -0.575112 -0.398325 -0.105221 -0.190897 -0.236146 -0.220844 -0.297506 -0.080803 0.143405 -0.343432 -0.375522 -0.088544 -0.086229 -0.243463
-0.440055 -0.392122 0.203153 0.093816 0.638592 0.557970 -0.150478 -0.074173 0.547913 0.425321 -0.382160 -0.211351 -0.531192 -0.163600 0.653741 0.426903 -0.687593 -0.546757 0.064926 0.199090 0.231474 0.105237 0.313601 0.323565 0.353831 0.506239 1.000000 0.813707 -0.645648 -0.407021 -0.100821 -0.134957 -0.286865 -0.148157 0.327731 0.318175 -0.109354 -0.017809 0.466296 0.267550 -0.178129 0.082329 -0.168460 -0.039226 -0.160656 0.079991 -0.247668 0.017579 -0.140361 -0.124457 -0.244478 -0.260035 -0.020392 -0.173589 0.254461 0.067795 -0.337315 -0.244428 -0.221744 0.175772 -0.397981 -0.092524 -0.580916 -0.658584 0.521584 0.442187 -0.040121 0.436985 0.025917 0.222919 -0.078037 0.057568 -0.568746 -0.002798 -0.169050 0.063963 -0.313364 -0.028497 -0.309432 -0.042528 -0.539019 -0.483465 0.453198 0.159632 0.552493 0.389287 0.615445 0.584635 0.817865 0.511430 -0.023358 -0.088592 0.173640 -0.118681 -0.110415 -0.298889 0.016177 -0.085294 -0.380295 -0.439539 -0.512330 -0.461833 -0.383847 -0.197979 0.022140 -0.058398 -0.392351 0.048609 -0.077345 0.002082 0.217581 -0.114255 -0.213997 0.000250 -0.094307 -0.380359
-0.362288 -0.372633 0.167670 -0.016213 0.455788 0.363688 -0.287050 -0.257793 0.408221 0.184226 -0.264141 -0.313354 -0.475531 -0.206326 0.478677 0.196194 -0.652695 -0.542660 -0.174297 -0.042563 0.138527 0.087351 0.433123 0.417115 0.174027 0.495653 0.813707 1.000000 -0.794588 -0.446572 -0.229595 -0.223601 -0.207246 -0.060756 0.449444 0.464831 -0.089408 0.106941 0.548319 0.322326 -0.079360 0.174060 0.046613 0.284367 -0.132206 0.220636 -0.196312 0.246075 -0.108655 -0.133314 -0.126151 -0.127559 0.188295 -0.083798 0.289931 0.166418 -0.242366 -0.018649 -0.243887 0.007622 -0.454826 -0.267196 -0.658173 -0.575604 0.542846 0.396911 0.021717 0.509799 0.125221 0.384338 -0.182839 0.166145 -0.577640 0.087032 -0.146733 0.230320 -0.202069 0.096384 -0.218745 0.080477 -0.437629 -0.280634 0.317448 0.032253 0.652363 0.500431 0.575540 0.509695 0.761718 0.498137 -0.161857 -0.177991 0.085845 -0.237947 -0.021619 -0.291718 0.207518 0.025179 -0.311002 -0.310883 -0.602860 -0.548072 -0.440118 -0.299914 0.013321 -0.315270 -0.315523 0.051560 -0.143299 -0.018229 0.480881 -0.184664 -0.138340 0.156723 -0.297629 -0.498589
0.420015 0.293230 0.029558 0.027363 -0.366059 -0.252205 0.410833 0.242307 -0.352289 -0.114066 0.420455 0.237216 0.560424 0.147561 -0.307561 -0.072656 0.627264 0.488258 0.277095 0.073120 0.039509 0.089853 -0.328519 -0.339661 -0.066349 -0.355902 -0.645648 -0.794588 1.000000 0.384716 0.422377 0.445848 0.202729 0.119123 -0.407789 -0.459578 0.014420 -0.244361 -0.499211 -0.303533 0.005802 -0.274083 -0.110710 -0.357874 0.118094 -0.192495 0.077332 -0.251236 0.075558 0.168154 -0.042384 0.035321 -0.253271 0.024478 -0.485527 -0.264475 0.227055 -0.103276 0.262576 -0.057589 0.582018 0.146285 0.595679 0.439941 -0.502818 -0.472823 0.067230 -0.527377 -0.198320 -0.593903 0.324543 -0.090791 0.701845 -0.150090 0.103270 -0.258949 0.186070 -0.034834 0.318311 -0.064609 0.351152 0.186922 -0.164324 -0.091664 -0.620921 -0.513106 -0.530750 -0.396355 -0.778239 -0.593858 -0.009950 0.204236 -0.268299 0.170510 -0.069839 0.211938 -0.278768 -0.073279 0.238887 0.266270 0.516044 0.492336 0.377163 0.195532 -0.045169 0.273477 0.340111 -0.072694 0.182851 0.101502 -0.403744 0.200970 0.080336 -0.216726 0.196464 0.401267
0.420128 0.149412 -0.446125 -0.276207 -0.322929 -0.120505 -0.084716 -0.065635 -0.365676 -0.121323 -0.167736 0.003075 0.180313 0.021322 -0.375776 -0.099259 0.565189 0.610256 -0.077437 0.048195 -0.037507 -0.146505 -0.314098 -0.305797 0.035880 -0.053114 -0.407021 -0.446572 0.384716 1.000000 -0.039865 -0.048673 0.304702 0.195815 -0.202813 -0.049403 0.278170 0.214408 -0.141192 -0.174001 0.375413 0.310318 -0.111188 -0.111637 -0.163245 -0.370965 0.037852 -0.098236 -0.259825 -0.285988 -0.165866 -0.201621 -0.158679 -0.036471 -0.021927 -0.078700 0.400486 0.164160 -0.192068 -0.389780 0.002731 0.025879 0.453137 0.486376 -0.409230 -0.239265 -0.441000 -0.568850 0.007883 -0.141932 -0.067429 0.090789 0.412399 0.269979 0.361726 0.045878 0.196898 0.306549 0.420047 0.006496 0.515996 0.471304 -0.420391 0.115308 -0.225634 -0.211792 -0.443672 -0.420381 -0.299276 -0.134707 0.106673 -0.084788 -0.058135 0.063926 -0.116381 0.044706 -0.060098 0.057603 0.247834 0.271674 0.267838 0.411624 0.026464 0.092899 -0.145421 0.107560 -0.003818 -0.139716 -0.075906 -0.203290 -0.221653 0.222497 0.110812 -0.027483 0.193117 0.332967
-0.271954 -0.195783 0.511445 0.504422 0.050332 0.180640 0.314464 0.409386 0.063723 0.240167 0.006933 0.031582 0.122578 0.278567 -0.098746 0.144262 -0.100791 0.047315 0.151346 -0.165494 0.066116 0.043146 0.463066 0.505307 0.432255 0.321257 -0.100821 -0.229595 0.422377 -0.039865 1.000000 0.799881 -0.068989 -0.007091 -0.057771 -0.172416 -0.080174 -0.403542 -0.422751 -0.377103 -0.385444 -0.350724 -0.003357 -0.160656 0.166731 0.061959 0.071397 -0.160315 0.043961 0.139435 -0.053360 -0.054536 -0.147234 -0.058991 -0.576185 -0.372828 -0.176920 -0.387746 0.274237 0.157562 0.275923 0.056697 -0.060130 -0.132836 -0.020749 -0.095490 0.311322 0.019715 -0.408499 -0.388802 0.233580 -0.074455 0.284395 -0.193333 -0.074218 -0.431907 -0.061548 -0.263337 0.194608 -0.150397 -0.112247 -0.189084 -0.154662 -0.296175 -0.325234 -0.393126 -0.194824 -0.224364 -0.371606 -0.536795 -0.087431 0.163987 -0.250338 -0.008911 0.076719 0.126618 -0.394759 -0.099996 -0.169138 -0.089685 0.040576 0.057665 0.087205 0.035169 -0.128679 0.008633 0.338444 -0.203237 0.216459 0.177493 -0.226043 -0.115569 0.029194 0.029309 0.038081 0.056984
-0.247333 -0.219620 0.368537 0.287980 -0.185334 -0.067632 0.400292 0.271549 -0.071409 -0.002809 0.081152 -0.002359 0.027439 0.009174 -0.164101 -0.086903 0.027475 0.106907 0.154844 0.003596 0.071853 0.345947 0.252716 0.332441 0.177794 0.171656 -0.134957 -0.223601 0.445848 -0.048673 0.799881 1.000000 0.216257 0.377612 0.222954 -0.005102 -0.196489 -0.299622 -0.211455 -0.181589 -0.153463 -0.292061 -0.123575 -0.270993 -0.014818 -0.079277 -0.039048 -0.301082 -0.147706 -0.048955 -0.138378 -0.161611 -0.220519 -0.007759 -0.503634 -0.369860 -0.207366 -0.363395 0.118131 -0.083195 0.347704 -0.034266 0.043797 -0.002981 0.096744 -0.074583 0.225848 -0.030530 -0.293853 -0.451243 -0.002042 0.011082 0.306501 -0.180219 -0.052864 -0.333944 0.014762 -0.138987 0.203198 -0.061871 -0.091281 -0.058826 -0.033136 -0.220268 -0.162937 -0.240110 -0.296427 -0.272186 -0.413749 -0.551572 -0.142852 0.248310 -0.049558 0.059220 -0.062759 0.181406 -0.268542 0.090971 -0.115169 -0.067498 0.166660 0.043249 0.086151 -0.101891 -0.174121 0.048732 0.256443 -0.121737 0.158236 0.198377 -0.088830 -0.008560 0.007237 -0.055392 0.036100 0.136728
0.178512 -0.009835 -0.090856 -0.344912 -0.419588 -0.323498 0.120576 -0.232819 -0.322244 -0.368683 -0.019829 -0.109739 -0.043721 -0.306620 -0.418495 -0.428695 0.240254 0.306002 0.006572 0.068614 0.034679 0.245474 -0.082337 -0.167323 -0.036394 0.001001 -0.286865 -0.207246 0.202729 0.304702 -0.068989 0.216257 1.000000 0.821575 0.480063 0.402915 -0.041144 0.221202 0.107069 0.254405 0.370298 0.119219 -0.088946 0.051627 -0.072279 -0.086842 0.009066 -0.075875 -0.192792 -0.181541 0.130116 -0.048853 -0.138247 0.119669 0.000661 -0.101578 0.128225 0.066979 -0.143569 -0.557271 0.048643 -0.217944 0.250976 0.381648 -0.005219 -0.160076 -0.098542 -0.151822 0.088850 -0.032665 -0.435919 -0.159188 0.311725 0.044327 0.060274 -0.007359 0.086401 0.005537 0.366221 0.342012 0.205606 0.380281 -0.281220 -0.078218 0.009166 -0.021902 -0.349981 -0.324423 -0.356157 -0.215146 -0.185389 -0.054531 -0.076001 -0.038143 -0.320146 0.095341 0.068170 0.031567 0.056637 -0.056134 0.085993 0.093987 -0.129078 -0.169038 -0.171751 0.078464 -0.143050 -0.317832 -0.282476 -0.225268 0.007656 -0.179923 -0.230197 -0.265896 -0.007557 0.079950
0.015471 -0.051309 -0.096848 -0.294232 -0.408540 -0.276703 0.040964 -0.189624 -0.280024 -0.342066 -0.107596 -0.033479 -0.256381 -0.290445 -0.320108 -0.437123 0.170122 0.309071 -0.095891 0.179429 0.085117 0.285922 -0.018767 -0.040616 -0.072464 0.077062 -0.148157 -0.060756 0.119123 0.195815 -0.007091 0.377612 0.821575 1.000000 0.575185 0.530593 -0.097996 0.193199 0.157191 0.201680 0.400826 0.134204 -0.274323 -0.088626 -0.173734 -0.155943 -0.233066 -0.231792 -0.276729 -0.268045 -0.067517 -0.217923 -0.209302 0.018926 -0.160184 -0.261791 0.030861 0.042901 -0.237264 -0.527076 -0.080749 -0.211652 0.047198 0.231898 0.201374 0.015997 -0.203589 -0.059551 0.182714 -0.089583 -0.484514 -0.047981 0.212569 0.077884 0.101685 0.027710 0.137953 0.043512 0.434854 0.423017 0.177404 0.354682 -0.223802 -0.133608 0.266034 0.121504 -0.251451 -0.282711 -0.164694 -0.229857 -0.189338 0.029078 0.080624 0.020612 -0.348054 0.020573 -0.075128 0.013613 -0.061278 -0.160561 -0.026742 0.040131 -0.199563 -0.201939 -0.038838 0.053824 -0.018419 -0.205652 -0.343655 -0.204433 0.010042 -0.267703 -0.287648 -0.283438 0.019529 0.123652
-0.315335 -0.435424 0.161953 -0.143011 -0.044433 -0.082320 -0.117583 -0.335390 0.117919 -0.133446 -0.347691 -0.353294 -0.519233 -0.447917 0.018475 -0.253435 -0.285537 -0.083459 -0.096195 -0.015313 0.139350 0.386489 0.322562 0.293823 0.047156 0.350595 0.327731 0.449444 -0.407789 -0.202813 -0.057771 0.222954 0.480063 0.575185 1.000000 0.692660 -0.130454 0.148668 0.364240 0.261065 0.074149 0.106017 -0.036881 0.177091 -0.129534 0.077542 -0.083266 0.042464 -0.188659 -0.291569 0.038735 -0.232722 -0.000753 -0.045509 0.109148 -0.103571 -0.121327 0.022923 -0.209387 -0.367840 -0.289248 -0.390731 -0.359973 -0.248647 0.543363 0.216696 0.125811 0.445630 0.144381 0.205859 -0.436753 -0.057845 -0.230518 0.072268 -0.080226 0.149138 -0.037891 0.063456 -0.008754 0.240519 -0.291525 0.022799 0.003533 -0.122587 0.494438 0.210157 0.082477 0.096484 0.261171 -0.010916 -0.142772 -0.020677 0.131184 -0.087537 -0.317872 -0.136551 0.137169 0.003291 -0.223189 -0.349205 -0.348523 -0.366803 -0.384098 -0.214414 -0.059405 0.024139 -0.223652 -0.183774 -0.228222 -0.125786 0.399186 -0.237265 -0.298324 -0.041247 -0.105426 -0.256545
-0.274610 -0.320277 0.002145 -0.228123 0.056748 0.016315 -0.210615 -0.309583 0.065390 -0.113593 -0.477578 -0.261067 -0.494266 -0.329459 -0.032469 -0.223719 -0.194673 0.018986 -0.213252 0.008495 0.079509 0.086561 0.232422 0.223267 0.065693 0.281292 0.318175 0.464831 -0.459578 -0.049403 -0.172416 -0.005102 0.402915 0.530593 0.692660 1.000000 0.100660 0.249721 0.317986 0.199178 0.153744 0.146438 -0.064854 0.217356 -0.084954 0.075920 -0.135249 0.077454 -0.260662 -0.169975 -0.018681 -0.109297 0.038170 -0.037572 0.048423 -0.084906 -0.125679 0.071127 -0.331096 -0.281012 -0.491103 -0.284953 -0.252914 -0.140942 0.365277 0.242009 -0.055950 0.508128 0.006595 0.147561 -0.425290 0.010143 -0.219721 0.087321 -0.039755 0.215677 -0.001100 0.154242 -0.015280 0.244353 0.002074 0.137862 -0.098878 0.000639 0.406703 0.141554 0.046113 -0.027109 0.318985 0.109954 0.104389 0.017452 0.184795 0.013146 -0.247146 -0.423731 -0.032212 -0.330385 -0.244151 -0.426952 -0.301610 -0.204248 -0.379344 -0.154949 -0.041669 -0.122455 -0.269415 -0.168169 -0.345317 -0.422580 0.234626 -0.472850 -0.311501 -0.172144 -0.291547 -0.316472
