1.000000 0.165499 0.060061 -0.313274 -0.414386 -0.111733 0.007382 -0.440566 0.090030 -0.154155 0.699432 0.168404 0.536797 -0.254923 0.478682 -0.004796 0.458627 0.128807 0.451207 0.258397 -0.098198 -0.437968 0.435962 -0.171436 -0.068523 -0.017744 0.249369 0.220912 0.388708 -0.177429 0.174301 -0.239888 0.224639 -0.208781 -0.122460 -0.245219 0.277872 0.123401 -0.021535 -0.008469 0.168261 0.103209 0.314943 0.276277 -0.088824 -0.430511 0.222734 0.238483 -0.045721 0.118514 -0.183090 -0.162017 0.139464 -0.088740 0.067151 0.271526 0.404299 0.239716 0.531359 -0.016492 0.191601 -0.046536 -0.127303 -0.322464 -0.188892 -0.373771 -0.059485 -0.482121 0.156393 0.019276 0.175800 -0.313355 0.286783 0.048867 0.427699 0.373736 0.449910 0.245785 -0.209884 -0.110773 -0.140629 -0.166223 0.438648 -0.247306 0.390478 -0.217836 0.048550 0.240324 0.386489 0.074819 -0.201900 -0.034352 -0.195687 0.189111 0.062769 -0.078450 0.141186 0.013531 -0.206953 -0.074524 -0.094054 0.199857 -0.535129 -0.256886 -0.515596 -0.374139 -0.338217 -0.413529 0.137984 0.121400 0.277492 -0.030315 -0.259432 0.016245 -0.118192 -0.108507
0.165499 1.000000 -0.068525 0.173695 0.111109 -0.081725 0.028182 0.349397 0.286266 0.102184 0.058788 0.327128 0.010031 0.377277 -0.030837 0.389603 -0.017915 0.196333 0.202657 0.219727 -0.138399 -0.228736 -0.074293 -0.035780 -0.276441 -0.206940 -0.444897 -0.338787 -0.211071 -0.202185 -0.225624 -0.070701 0.056428 0.249977 -0.166608 -0.072050 -0.339041 -0.204752 -0.245346 -0.221110 -0.122484 0.171879 -0.016045 -0.027879 0.046544 -0.030577 -0.104092 -0.079918 -0.045903 0.373077 -0.162643 0.050397 0.015681 0.167550 -0.275228 -0.112674 -0.052608 0.271243 0.115905 0.005021 0.156824 0.619918 0.058637 0.287995 0.144252 0.434601 -0.041274 -0.061375 0.229932 0.074219 -0.194095 -0.304280 -0.249062 -0.158219 -0.187280 -0.076220 -0.200415 -0.043387 -0.119696 0.123638 -0.146529 -0.162517 -0.154838 0.101387 -0.103943 -0.152174 0.129895 0.077845 0.065152 0.276102 -0.091491 -0.088975 -0.019149 -0.188434 -0.155389 0.035959 -0.263667 -0.202979 -0.169089 -0.088483 -0.022159 -0.067561 -0.159950 -0.185854 -0.065391 -0.135053 -0.202121 -0.249034 -0.129327 0.020721 -0.068853 -0.030061 -0.138430 -0.257942 -0.291303 -0.107937
0.060061 -0.068525 1.000000 0.151589 -0.187407 -0.186083 0.559183 -0.190731 0.026951 0.075915 -0.096863 -0.358155 0.086444 -0.221611 0.328958 0.039440 -0.298208 -0.281326 0.246357 0.115651 0.233836 0.134781 0.523620 0.275505 0.337756 0.379390 0.379951 0.325534 -0.083258 -0.227124 0.626804 0.315969 0.203618 0.106720 -0.107432 -0.120006 -0.116400 -0.166995 0.176408 -0.037102 0.037428 0.065538 -0.006353 0.003340 -0.031118 -0.380132 0.036953 -0.368395 0.227378 0.069100 0.346025 -0.060653 0.040692 -0.318486 0.133890 0.066827 -0.101097 0.013846 0.083449 -0.094970 0.147683 -0.261546 -0.238644 -0.184453 0.132982 -0.167847 0.022221 -0.205693 0.228267 0.410449 0.076297 0.010737 -0.028214 0.062455 -0.041475 -0.088609 -0.122907 -0.050665 -0.253644 -0.004180 -0.218672 -0.359947 0.326648 -0.108788 -0.190418 -0.051074 0.438094 0.366186 0.294023 0.246691 -0.233690 -0.016058 -0.190956 -0.050593 -0.275779 -0.392966 0.007418 -0.166172 -0.075557 -0.274582 -0.056475 -0.018356 0.092461 0.103154 0.076907 0.143662 0.159121 0.136031 -0.273012 0.135327 0.323747 -0.161344 -0.193328 -0.055020 -0.243004 -0.316044
-0.313274 0.173695 0.151589 1.000000 0.219704 0.242056 0.096723 0.504183 0.382684 0.239492 -0.060477 0.083039 -0.242188 -0.038867 0.268626 0.455161 -0.479969 -0.304240 0.364055 0.030312 0.011575 0.201529 0.338241 0.696345 0.333310 0.361762 0.051195 0.003352 -0.737920 -0.478440 0.211131 0.648838 -0.056475 0.185072 0.101358 0.226034 -0.416310 -0.194178 -0.111898 -0.215654 -0.122756 -0.012189 0.033595 -0.027615 -0.170591 -0.057986 -0.420862 -0.124760 -0.076380 -0.116286 0.136069 -0.021886 -0.415502 0.223286 -0.229050 -0.396045 -0.393318 -0.127081 -0.536790 -0.159349 -0.390282 -0.133587 -0.404857 -0.102132 0.567730 0.447866 -0.203893 0.073791 0.215684 -0.036968 -0.140870 0.034448 -0.611817 -0.233206 -0.239154 -0.097575 -0.438127 -0.086852 -0.398340 -0.152845 -0.515898 -0.428769 -0.221032 0.035407 -0.090010 0.129714 0.348621 0.082068 0.311564 0.270333 0.188180 0.067617 0.471613 0.227174 -0.130825 0.059621 -0.292607 -0.034171 -0.123784 -0.177266 0.180861 0.174677 -0.001128 -0.259517 -0.039126 -0.179275 -0.192752 -0.139100 -0.270815 0.006641 -0.017468 0.188311 0.132099 -0.254503 -0.148221 -0.170371
-0.414386 0.111109 -0.187407 0.219704 1.000000 0.059067 0.174905 0.315184 0.254106 0.053016 -0.483290 -0.064559 -0.466118 0.184856 -0.420344 0.007194 -0.201930 0.017349 -0.154765 0.007527 0.109686 -0.050559 -0.319297 0.135668 0.189271 -0.128006 -0.153822 -0.421355 -0.181482 0.153315 -0.262548 0.079504 -0.174359 0.160909 0.036018 -0.110934 -0.181668 -0.216712 -0.182149 -0.282153 -0.084519 0.027532 -0.291006 -0.317643 0.216854 0.341499 -0.160180 -0.122977 -0.036243 0.072520 0.040078 0.044852 0.081113 0.247753 -0.418796 -0.014299 -0.169408 -0.321290 -0.124369 -0.081344 -0.151152 0.260504 0.202841 0.324424 -0.021909 0.203848 0.073979 0.297214 -0.026541 -0.019058 -0.151875 -0.084652 -0.078601 -0.121583 -0.431455 -0.260152 -0.306854 -0.167497 0.175939 0.057268 0.124164 0.162765 -0.232052 0.189894 -0.312887 0.089042 0.235329 -0.043193 -0.376323 -0.089504 0.308833 0.182696 0.266755 -0.042200 -0.063830 0.086838 -0.205132 0.049418 0.285180 0.113998 -0.027522 -0.117813 0.193102 0.066229 0.209374 -0.001425 0.108839 -0.047076 -0.006705 -0.041864 -0.101737 0.129672 -0.009158 -0.031722 0.010116 0.038491
-0.111733 -0.081725 -0.186083 0.242056 0.059067 1.000000 -0.214787 0.126049 -0.019869 0.100184 0.015591 0.044767 -0.031717 -0.173438 0.234065 0.017252 -0.259298 -0.164602 0.242522 -0.255758 -0.022900 0.033155 0.234710 0.443473 0.370618 0.454002 0.227075 0.399813 -0.274434 -0.256259 0.143596 0.358651 -0.083180 0.004315 0.113176 0.241723 -0.079553 0.074286 0.082142 -0.153361 -0.424399 -0.303618 -0.014934 -0.004771 -0.200728 -0.097331 -0.122502 -0.026982 -0.020317 -0.364575 -0.196652 -0.046643 -0.206136 -0.084389 0.084083 -0.233405 -0.372152 -0.370241 -0.374241 -0.011432 -0.220045 -0.071570 -0.260797 -0.261886 0.305123 0.281167 -0.207992 0.010811 -0.071237 -0.099721 0.055288 0.010455 -0.230967 -0.150338 -0.153476 0.048918 0.106220 0.186346 -0.312881 -0.242243 -0.377392 -0.226076 0.119436 -0.131924 -0.007790 -0.211732 0.046316 -0.068219 0.287392 0.148620 0.131129 0.173439 0.196079 0.245295 -0.054716 -0.073417 0.299348 -0.004008 0.001736 -0.153850 0.466864 0.334173 0.118662 0.116874 0.077477 -0.061608 0.050081 0.084264 0.023495 -0.142423 0.105971 0.009958 0.130436 0.089545 0.287875 -0.027672
0.007382 0.028182 0.559183 0.096723 0.174905 -0.214787 1.000000 0.221292 0.343749 -0.000655 -0.218113 -0.340944 -0.046642 0.175175 0.097915 0.019068 -0.303800 -0.211024 0.264591 0.064021 0.375255 -0.154566 0.274179 0.248081 0.229105 0.155763 0.085968 -0.243996 0.027629 -0.059950 0.357773 0.299848 -0.162095 0.280227 -0.222736 -0.209672 -0.122416 -0.281347 -0.320066 -0.354211 0.105450 0.038396 -0.225861 -0.143064 0.178579 0.043531 -0.336764 -0.627967 0.189739 0.101037 0.071263 -0.213861 -0.150619 -0.253772 -0.271141 -0.217093 -0.344455 -0.082930 0.146358 0.094537 0.174090 0.014758 0.167701 0.148574 0.259213 0.060948 0.208481 0.191392 -0.049255 0.177173 -0.116700 -0.020854 0.209038 -0.042688 -0.018900 -0.148206 -0.173018 -0.149470 -0.287758 -0.148502 -0.073915 -0.131666 0.265157 0.045220 -0.264459 -0.100737 0.363757 0.204987 0.008918 0.143534 0.059288 0.028983 0.101614 0.127748 -0.315368 -0.274064 -0.475122 -0.319610 0.016659 -0.326812 0.026323 0.080787 -0.035189 -0.051676 -0.113363 -0.182899 -0.175803 -0.148687 -0.415864 0.023504 0.058822 -0.022248 -0.143138 -0.072678 -0.350744 -0.388821
-0.440566 0.349397 -0.190731 0.504183 0.315184 0.126049 0.221292 1.000000 0.325176 0.237064 -0.262402 0.312673 -0.318422 0.568180 -0.276505 0.368451 -0.374626 0.026060 0.025894 -0.200482 0.001442 0.083599 -0.238837 0.299069 -0.075527 -0.110774 -0.403615 -0.533339 -0.378554 -0.082829 -0.141271 0.303662 -0.166654 0.445389 0.018627 0.169481 -0.468102 -0.205095 -0.432236 -0.366734 -0.165506 -0.012811 -0.060529 -0.085463 0.058689 0.363939 -0.443510 -0.309869 0.038938 -0.077678 -0.127576 0.080530 -0.414379 0.198424 -0.369060 -0.522299 -0.511515 -0.282627 -0.476137 -0.093005 -0.082461 0.283436 0.175926 0.304648 0.505494 0.774210 -0.057112 0.441603 -0.266341 -0.417014 -0.391065 0.207765 -0.364383 -0.285845 -0.327133 -0.191307 -0.467080 -0.209560 -0.110229 -0.060930 -0.130395 -0.132222 -0.397370 0.158539 -0.263338 -0.026180 -0.046993 -0.299409 -0.170210 0.288228 0.174223 -0.100257 0.415136 -0.055775 -0.130647 0.177107 -0.456319 -0.318738 -0.062672 -0.213193 0.127295 0.046685 0.002618 -0.219117 -0.024018 -0.135289 -0.266827 -0.075110 -0.185855 -0.116556 -0.383258 0.012821 0.097524 -0.162778 -0.094579 0.014900
0.090030 0.286266 0.026951 0.382684 0.254106 -0.019869 0.343749 0.325176 1.000000 0.169031 -0.005337 0.121077 0.109832 0.231912 0.162885 0.429028 0.000619 0.243726 0.288591 0.110884 0.071110 -0.201294 0.064852 0.231075 0.161959 0.092052 -0.116745 -0.320470 -0.052275 0.118299 -0.037415 0.184403 -0.105498 0.334251 -0.222375 -0.074959 -0.136386 0.148823 -0.382770 -0.069706 0.152534 0.407093 0.119386 0.207191 -0.042031 -0.104672 -0.249504 -0.033515 0.030633 -0.049440 -0.101140 0.037613 0.095174 0.013571 -0.151424 -0.151271 -0.251636 -0.052548 -0.050341 -0.194407 0.060147 0.028312 0.006827 0.238383 0.099196 0.252451 -0.306328 -0.093535 0.092999 -0.259845 -0.293358 -0.118412 0.086283 -0.035589 0.113432 0.091969 0.062771 0.258935 -0.252899 0.159229 -0.129696 -0.076121 -0.151132 0.239953 -0.418789 -0.262591 0.117323 -0.160490 0.108289 0.349192 0.193329 -0.137839 0.369511 0.295245 0.054147 0.207701 -0.429290 -0.141772 -0.004951 -0.174315 0.032213 0.021293 -0.330184 -0.299309 -0.426286 -0.453190 -0.505697 -0.431344 0.049236 -0.216675 -0.108059 0.067821 -0.159083 -0.079505 -0.070586 -0.046434
-0.154155 0.102184 0.075915 0.239492 0.053016 0.100184 -0.000655 0.237064 0.169031 1.000000 -0.153719 -0.062534 -0.260903 0.095918 -0.026570 0.171056 -0.189768 -0.041124 0.076479 -0.041758 -0.247579 -0.129454 -0.044379 0.002142 0.072224 -0.181652 -0.032196 -0.296219 -0.325751 0.012798 -0.095883 0.045142 0.053388 0.123655 0.091469 0.020248 -0.269008 0.134573 -0.061052 -0.065476 -0.131165 0.210440 -0.119624 0.190385 -0.098657 -0.000232 -0.020912 0.121310 -0.014297 0.046967 -0.132724 0.494106 -0.017013 -0.138707 0.198739 0.162808 -0.007070 0.044023 -0.316842 -0.015263 -0.164254 0.142546 -0.065726 0.064568 0.137186 0.156539 -0.129595 -0.042516 0.331404 0.094448 -0.039466 0.059210 -0.225481 0.095803 -0.003159 -0.073523 -0.100018 -0.089606 0.010227 0.168934 -0.019520 0.078797 -0.164258 -0.193093 -0.037858 -0.029289 0.085340 -0.149538 -0.093593 0.272865 0.141193 -0.165226 0.098472 -0.040613 -0.150067 0.051400 -0.265877 -0.439085 0.050742 -0.123676 0.268541 0.289307 0.311892 0.135468 -0.110885 0.031898 -0.010860 -0.027582 0.007557 -0.294039 -0.369674 -0.199982 -0.073102 0.146777 0.215669 0.017880
0.699432 0.058788 -0.096863 -0.060477 -0.483290 0.015591 -0.218113 -0.262402 -0.005337 -0.153719 1.000000 0.428963 0.520656 -0.266583 0.661982 0.116003 0.363802 -0.009294 0.582954 0.120872 -0.356909 -0.091036 0.456576 0.100161 -0.023371 0.043076 0.273420 0.273328 0.159183 -0.435973 0.185848 0.036256 -0.003887 -0.388884 0.148670 0.112962 0.053903 0.035369 0.076168 0.058325 -0.039018 0.029477 0.374515 0.339364 -0.163089 -0.305601 0.156290 0.320218 -0.206092 0.153465 -0.225731 -0.135583 -0.137269 -0.073393 0.121131 0.116877 0.207682 0.132920 0.085415 -0.161188 -0.070033 -0.206712 -0.468302 -0.633552 0.225232 -0.086598 -0.238810 -0.420506 0.038551 -0.056053 0.093911 -0.054678 -0.108151 -0.080860 0.361360 0.245132 0.288000 0.078991 -0.231196 -0.066811 -0.475458 -0.359756 0.243138 -0.335811 0.610333 0.021987 -0.013249 0.089786 0.574361 0.193941 -0.257600 -0.019682 -0.162692 0.134623 -0.016711 -0.047808 0.010875 -0.044427 -0.352265 -0.223495 0.024151 0.175714 -0.436266 -0.367153 -0.401525 -0.232156 -0.220875 -0.315314 0.141755 0.062205 0.086307 -0.167678 -0.141713 -0.079558 -0.131704 -0.086756
0.168404 0.327128 -0.358155 0.083039 -0.064559 0.044767 -0.340944 0.312673 0.121077 -0.062534 0.428963 1.000000 0.331372 0.416524 0.128340 0.410824 0.239388 0.443158 0.044941 0.019691 -0.416030 -0.109744 -0.127137 -0.039698 -0.318821 -0.241398 -0.192738 -0.127688 0.083364 -0.010470 -0.123967 -0.117642 -0.039000 -0.169903 0.039378 0.121272 -0.053018 0.153819 -0.019162 -0.015869 -0.074263 0.100587 0.251511 0.274399 -0.315863 -0.110919 -0.023446 0.186041 -0.244437 -0.094582 -0.347558 -0.062431 -0.066741 0.009569 0.017066 0.002152 -0.026974 -0.060165 -0.237234 -0.063436 0.155326 0.142980 -0.069241 -0.218609 0.192013 0.385593 -0.371540 -0.148368 -0.080554 -0.413557 -0.337119 -0.022877 -0.236090 -0.284662 0.015805 0.017872 0.057555 0.010619 -0.089510 0.034096 -0.137022 -0.197559 -0.105847 0.140767 0.129615 0.164764 -0.274185 -0.395518 0.126829 0.240414 -0.044303 -0.149681 0.073988 0.021784 0.185476 0.193731 -0.001773 0.066123 -0.216466 0.096461 0.005920 -0.102855 -0.228058 -0.279364 -0.241592 -0.105138 -0.208696 -0.123660 0.318427 -0.020602 -0.236854 -0.177667 -0.106594 0.016145 0.124729 0.195126
0.536797 0.010031 0.086444 -0.242188 -0.466118 -0.031717 -0.046642 -0.318422 0.109832 -0.260903 0.520656 0.331372 1.000000 -0.050257 0.580381 0.332190 0.211461 0.272489 0.169165 -0.105474 -0.252141 -0.273970 0.255849 -0.098047 -0.301399 0.093631 0.314698 0.411167 0.304767 -0.127026 0.164701 -0.270196 -0.049201 -0.440642 -0.331465 -0.132290 0.193180 0.097665 0.328302 0.095251 -0.114920 -0.058139 0.156946 0.130248 -0.255517 -0.642937 0.006665 -0.106974 0.117365 -0.115478 -0.227306 -0.198438 0.219111 -0.460116 0.409517 0.044950 0.048063 0.090999 0.415921 -0.001314 0.578679 0.041844 -0.022042 -0.296515 -0.095097 -0.041999 -0.245605 -0.500305 0.158177 -0.017415 0.091781 -0.375338 0.092890 -0.149865 0.162725 0.152626 0.331692 0.146097 -0.385728 0.017271 -0.210721 -0.245643 0.514627 0.110221 -0.019482 -0.231532 0.114780 0.084022 0.552808 0.307665 -0.061321 0.146517 -0.018102 0.310863 -0.047673 -0.179306 0.256930 0.084784 -0.146619 -0.081434 0.190998 0.166775 -0.107681 0.071917 -0.128120 -0.054560 -0.009481 -0.038379 0.027629 0.094468 0.300902 -0.098883 -0.166015 0.141646 -0.056592 -0.173652
-0.254923 0.377277 -0.221611 -0.038867 0.184856 -0.173438 0.175175 0.568180 0.231912 0.095918 -0.266583 0.416524 -0.050257 1.000000 -0.337758 0.373801 0.079594 0.516706 -0.196792 0.088688 -0.058250 -0.040840 -0.495032 -0.133879 -0.379412 -0.442703 -0.519243 -0.550731 0.067246 0.386160 -0.269192 -0.154563 -0.311532 0.165125 -0.396619 -0.221529 -0.202445 -0.010248 -0.333417 -0.122079 -0.058308 0.182428 -0.095081 0.037507 -0.080741 0.142602 -0.267591 -0.149802 -0.143609 0.031562 -0.242677 0.056212 0.015404 0.013211 -0.224340 -0.149168 -0.221452 -0.036467 -0.214491 0.076830 0.269497 0.385050 0.317165 0.393578 0.025833 0.422858 -0.203985 0.059214 -0.134181 -0.339416 -0.410952 0.061990 0.003893 -0.156028 -0.220886 -0.361583 -0.301990 -0.289304 0.120287 0.165619 0.295711 0.115218 -0.290305 0.443839 -0.348812 0.069403 -0.346412 -0.396902 -0.330098 0.152979 0.144638 -0.086890 0.148786 -0.152602 0.108731 0.208164 -0.336130 -0.088529 0.095238 0.143946 -0.102408 -0.127396 0.055969 -0.011653 -0.004169 0.033499 -0.200382 0.123790 0.134694 -0.131524 -0.373372 -0.162157 0.016380 0.191889 0.045729 0.226710
0.478682 -0.030837 0.328958 0.268626 -0.420344 0.234065 0.097915 -0.276505 0.162885 -0.026570 0.661982 0.128340 0.580381 -0.337758 1.000000 0.278628 -0.074804 -0.274465 0.701636 0.009854 -0.087930 -0.048066 0.786792 0.507865 0.195414 0.490499 0.574584 0.549373 -0.119156 -0.593951 0.522777 0.415792 -0.185225 -0.347561 -0.068625 0.073673 -0.056907 -0.031013 0.300368 -0.012068 -0.278039 -0.119906 0.058031 0.135334 -0.387244 -0.626203 -0.124632 0.043329 -0.184966 -0.069380 -0.208381 -0.260564 -0.242333 -0.346865 0.211092 -0.052794 -0.122300 0.038918 -0.008274 -0.037869 0.003002 -0.343123 -0.580332 -0.649595 0.414467 -0.035841 -0.412656 -0.529303 0.250308 0.216041 0.234227 -0.190845 -0.245843 -0.145527 0.169868 0.157047 0.099664 0.054389 -0.580645 -0.241411 -0.735308 -0.679609 0.527557 -0.121852 0.188295 -0.129694 0.395896 0.367993 0.767477 0.311918 0.010796 0.303894 0.056462 0.488707 -0.217752 -0.286873 0.094655 -0.016849 -0.179365 -0.229333 0.368144 0.339687 -0.071290 -0.057922 -0.163544 -0.100939 0.018792 -0.082581 -0.155592 -0.031414 0.368716 0.000476 -0.034744 0.002349 -0.194312 -0.376861
-0.004796 0.389603 0.039440 0.455161 0.007194 0.017252 0.019068 0.368451 0.429028 0.171056 0.116003 0.410824 0.332190 0.373801 0.278628 1.000000 -0.072999 0.293050 0.181627 -0.028801 -0.124024 0.025860 0.091404 0.234818 -0.241937 -0.117372 -0.068223 -0.046956 -0.383638 -0.114855 -0.061710 0.010371 -0.136782 -0.143312 -0.325629 -0.070425 -0.232674 -0.063806 0.040524 0.025191 -0.067407 0.133992 0.003372 -0.089032 -0.222422 -0.272140 -0.237934 -0.039203 -0.103767 0.040164 -0.161291 0.003706 -0.091925 0.181907 -0.027265 -0.244293 -0.358702 -0.064730 -0.201617 -0.060424 0.134888 0.165443 -0.168815 -0.014720 0.210886 0.468467 -0.432975 -0.274433 0.269544 -0.119893 -0.164637 -0.203998 -0.369838 -0.245136 -0.234221 -0.048847 -0.211121 -0.137729 -0.359524 0.133521 -0.341457 -0.333700 -0.092991 0.256272 -0.268878 -0.070354 0.207213 0.006108 0.313221 0.363345 0.171416 0.116697 0.469305 0.311101 0.014183 0.141616 -0.140499 -0.017198 0.016456 0.097623 0.195979 0.247376 -0.052122 -0.153941 -0.133186 -0.158636 -0.218328 -0.030395 0.057064 -0.058876 -0.140787 0.010587 0.151754 -0.005142 -0.054808 0.051826
0.458627 -0.017915 -0.298208 -0.479969 -0.201930 -0.259298 -0.303800 -0.374626 0.000619 -0.189768 0.363802 0.239388 0.211461 0.079594 -0.074804 -0.072999 1.000000 0.489556 -0.034768 0.392051 -0.042643 -0.135927 -0.182030 -0.521894 -0.206793 -0.366331 -0.183751 -0.063055 0.522562 0.351790 -0.104385 -0.444470 0.095475 -0.215427 -0.207087 -0.387808 0.324042 0.208921 -0.074993 0.211081 0.305312 0.182053 0.316790 0.201913 -0.028059 -0.108729 0.280011 0.413866 -0.136107 0.126094 -0.154175 -0.075880 0.435108 0.188986 0.018099 0.296024 0.520947 0.316560 0.360322 0.171722 0.156354 -0.003048 0.110252 0.007955 -0.444511 -0.388910 -0.129922 -0.388723 -0.062707 -0.119559 0.008527 -0.095654 0.438720 0.114579 0.351880 0.189125 0.330721 0.144425 0.294874 0.215054 0.303220 0.223604 -0.086944 -0.080101 0.239824 -0.015999 -0.413853 -0.123497 -0.092992 -0.193912 -0.248970 -0.210215 -0.250131 -0.136280 0.404083 0.333747 0.074789 0.244841 0.040205 0.237815 -0.401232 -0.200369 -0.354453 -0.139752 -0.270224 -0.061832 -0.213452 -0.112600 0.460387 0.103386 -0.140691 -0.179376 -0.215440 0.220636 0.252832 0.387285
0.128807 0.196333 -0.281326 -0.304240 0.017349 -0.164602 -0.211024 0.026060 0.243726 -0.041124 -0.009294 0.443158 0.272489 0.516706 -0.274465 0.293050 0.489556 1.000000 -0.300885 0.149864 -0.083330 -0.136202 -0.468926 -0.466720 -0.403608 -0.490020 -0.395629 -0.299588 0.382087 0.543935 -0.251688 -0.491369 0.075594 -0.013056 -0.381529 -0.332185 0.170640 0.288116 -0.180658 0.044130 0.133315 0.291117 0.081199 0.049390 -0.168794 -0.141457 0.067620 0.090355 -0.035728 -0.084506 -0.270178 -0.028580 0.432831 -0.012000 -0.079418 0.168807 0.191029 0.062349 0.146185 -0.139512 0.470097 0.319072 0.287726 0.330348 -0.371036 0.040340 -0.244959 -0.281227 0.001637 -0.349028 -0.281923 -0.087670 0.203996 -0.169635 -0.084224 -0.104065 0.161109 0.128279 0.204058 0.292849 0.440284 0.283953 -0.178087 0.400709 -0.218037 -0.117338 -0.308337 -0.355553 -0.175038 -0.005415 -0.056024 -0.205797 0.164196 -0.012807 0.524334 0.443769 0.077121 0.247733 0.024726 0.240541 -0.233548 -0.120983 -0.106770 0.063519 -0.126011 0.019302 -0.182168 0.111936 0.587458 0.086499 -0.235702 -0.324999 -0.130507 0.417264 0.391126 0.520943
0.451207 0.202657 0.246357 0.364055 -0.154765 0.242522 0.264591 0.025894 0.288591 0.076479 0.582954 0.044941 0.169165 -0.196792 0.701636 0.181627 -0.034768 -0.300885 1.000000 0.267728 0.077801 -0.001042 0.679301 0.627231 0.368540 0.421535 0.291184 0.163473 -0.191424 -0.606486 0.488225 0.611550 -0.051044 0.013272 -0.135888 -0.097180 -0.231575 -0.170166 -0.149577 -0.214348 -0.130536 -0.007185 0.191873 0.170695 -0.230108 -0.392817 -0.178225 0.004389 -0.229695 0.096602 -0.169753 -0.170232 -0.239964 -0.033846 -0.092155 -0.103962 -0.118399 0.002884 -0.119106 -0.058386 -0.230709 -0.215714 -0.526255 -0.447004 0.490426 0.083303 -0.288919 -0.407016 0.126478 0.049963 0.163951 -0.042419 -0.226311 -0.146593 0.174313 0.147400 -0.013212 -0.020198 -0.496608 -0.097440 -0.694965 -0.588376 0.233865 -0.278609 0.272427 -0.221174 0.292093 0.316696 0.581002 0.334279 -0.058609 0.168524 0.115196 0.229492 -0.281900 -0.192724 -0.245815 -0.167662 -0.160404 -0.364169 0.132949 0.295710 -0.309194 -0.358119 -0.308997 -0.261285 -0.270128 -0.289088 -0.159545 0.004485 0.143272 -0.045227 -0.057238 -0.185764 -0.395849 -0.329473
0.258397 0.219727 0.115651 0.030312 0.007527 -0.255758 0.064021 -0.200482 0.110884 -0.041758 0.120872 0.019691 -0.105474 0.088688 0.009854 -0.028801 0.392051 0.149864 0.267728 1.000000 0.083420 -0.006029 0.057457 -0.019853 0.131661 -0.179756 -0.069543 -0.187983 0.162607 0.166632 0.120544 0.054032 0.205095 0.101682 -0.168443 -0.555733 0.109395 0.154346 -0.249878 -0.063576 0.406453 0.272857 0.088101 0.058602 -0.097896 -0.230583 0.202092 0.201130 -0.290605 0.247330 -0.035287 -0.197257 0.245462 0.138344 -0.151982 0.297149 0.268748 0.314270 0.161775 -0.005214 -0.101436 0.071419 -0.165590 0.056090 -0.169561 -0.365259 0.013585 -0.455212 0.058078 0.151361 0.115598 0.096426 0.233652 0.375160 0.278479 0.217854 0.143771 0.189855 0.048788 0.095338 0.063550 -0.047387 -0.055409 -0.095837 0.096427 -0.047103 0.040386 0.071769 -0.017797 -0.090788 -0.161030 -0.061177 -0.108414 -0.148967 0.110682 0.096166 -0.182682 0.119950 0.020700 0.036626 -0.217347 -0.100102 -0.252751 -0.182700 -0.223688 -0.115502 -0.203731 -0.134108 0.091704 0.170192 -0.145127 -0.084070 -0.155478 -0.006263 -0.105236 0.037846
-0.098198 -0.138399 0.233836 0.011575 0.109686 -0.022900 0.375255 0.001442 0.071110 -0.247579 -0.356909 -0.416030 -0.252141 -0.058250 -0.087930 -0.124024 -0.042643 -0.083330 0.077801 0.083420 1.000000 0.393462 0.106296 0.213670 0.274734 0.341165 -0.065584 -0.004568 0.138670 0.067259 0.404059 0.393154 0.008154 0.394462 -0.232096 -0.217554 0.053679 -0.171187 -0.267540 -0.084192 0.150930 -0.163872 -0.120847 -0.343985 0.013041 0.044720 -0.161854 -0.239511 0.039044 -0.162403 0.182527 -0.297967 -0.106250 0.244401 -0.391881 -0.256390 -0.023163 0.022209 0.119470 0.099255 -0.058050 -0.267062 0.193282 0.225076 -0.046561 -0.249706 0.073067 0.074683 -0.179008 0.012779 0.267319 0.306334 0.303917 -0.077054 -0.099364 0.085588 -0.022070 0.175865 -0.109274 -0.089868 0.031035 -0.160303 0.132531 0.249948 -0.294175 -0.269301 0.077413 0.297191 -0.196299 -0.351582 -0.064429 0.127604 0.224819 0.170867 0.057468 0.053815 -0.016959 0.171116 0.099334 0.170579 -0.203340 -0.188829 -0.112064 -0.025349 0.063828 -0.059474 -0.057684 0.093408 0.000560 0.145464 0.204391 0.315364 0.115467 -0.080170 -0.191904 -0.060521
-0.437968 -0.228736 0.134781 0.201529 -0.050559 0.033155 -0.154566 0.083599 -0.201294 -0.129454 -0.091036 -0.109744 -0.273970 -0.040840 -0.048066 0.025860 -0.135927 -0.136202 -0.001042 -0.006029 0.393462 1.000000 0.030940 0.313134 0.247530 0.236473 -0.062955 0.165189 -0.088037 -0.050367 0.274717 0.446908 0.039756 0.152109 0.077223 0.197722 -0.137954 -0.159614 0.072647 0.212516 -0.007317 -0.086485 0.041967 -0.171675 -0.063010 0.089962 -0.018515 0.050731 -0.144298 -0.108090 0.327399 -0.041453 -0.239229 0.348454 -0.019126 -0.179462 -0.077398 0.014355 -0.468527 -0.045999 -0.336382 -0.390293 -0.184196 -0.122718 0.201793 -0.044555 -0.138866 -0.023035 -0.152028 -0.137417 0.056911 0.676975 -0.222789 -0.015767 -0.249757 -0.169176 -0.165089 -0.044393 0.084442 0.184184 -0.150441 -0.225573 -0.192081 0.096148 -0.056173 0.064311 -0.144976 -0.019848 -0.059071 -0.268896 -0.304001 0.032746 0.130033 -0.036197 0.079140 0.191245 0.066331 0.163367 -0.146094 0.116950 -0.202999 -0.184586 0.030463 -0.117260 0.224266 0.236307 0.124242 0.338284 0.165945 0.035485 -0.086998 -0.093948 0.316053 -0.109281 -0.121968 0.105637
0.435962 -0.074293 0.523620 0.338241 -0.319297 0.234710 0.274179 -0.238837 0.064852 -0.044379 0.456576 -0.127137 0.255849 -0.495032 0.786792 0.091404 -0.182030 -0.468926 0.679301 0.057457 0.106296 0.030940 1.000000 0.621282 0.448380 0.623759 0.636354 0.556411 -0.154210 -0.587611 0.662224 0.529289 -0.005954 -0.192958 0.053991 0.125739 0.064863 -0.043739 0.217520 -0.020584 -0.022113 -0.020143 0.026958 0.089793 -0.341063 -0.506086 -0.182038 -0.061123 -0.137141 -0.141404 -0.020779 -0.306365 -0.347197 -0.170289 0.029389 -0.066435 -0.181328 -0.074999 -0.068122 0.049993 -0.238323 -0.460543 -0.611414 -0.631488 0.342648 -0.183643 -0.258655 -0.362121 0.215340 0.249888 0.249629 -0.066640 -0.149539 0.048213 0.219843 0.209657 0.060055 0.095762 -0.449646 -0.303267 -0.657278 -0.584158 0.398282 -0.303393 0.261304 -0.156545 0.451286 0.492479 0.702210 0.165445 -0.090668 0.266380 0.086810 0.457529 -0.180044 -0.230127 0.066587 0.007074 -0.245436 -0.274948 0.228070 0.329179 -0.171968 -0.119644 -0.170692 -0.127508 -0.049410 -0.113692 -0.212410 0.102584 0.414729 -0.011248 0.059979 -0.093199 -0.251949 -0.341079
-0.171436 -0.035780 0.275505 0.696345 0.135668 0.443473 0.248081 0.299069 0.231075 0.002142 0.100161 -0.039698 -0.098047 -0.133879 0.507865 0.234818 -0.521894 -0.466720 0.627231 -0.019853 0.213670 0.313134 0.621282 1.000000 0.559404 0.681151 0.373897 0.271929 -0.458473 -0.520255 0.493107 0.861696 -0.291402 0.037771 -0.015362 0.230486 -0.204919 -0.137953 0.019016 -0.160758 -0.218327 -0.074479 -0.113872 -0.056338 -0.368334 -0.252089 -0.436419 -0.148169 -0.270478 -0.227532 -0.021869 -0.200190 -0.427796 -0.010560 -0.189798 -0.365598 -0.555983 -0.424759 -0.556800 -0.128725 -0.459154 -0.385320 -0.589269 -0.442059 0.562758 0.267625 -0.409367 -0.115947 0.054349 -0.017728 0.161865 0.145046 -0.425414 -0.101943 -0.130890 -0.021445 -0.283054 -0.041999 -0.473572 -0.229623 -0.664526 -0.595968 0.065548 -0.021990 -0.054194 -0.109154 0.341272 0.231172 0.519429 0.267932 0.178764 0.403317 0.403814 0.349813 -0.200640 -0.099710 -0.133546 0.025153 -0.060039 -0.267357 0.247467 0.200064 0.011826 -0.126557 0.052115 -0.037726 -0.001569 0.040499 -0.191240 0.001632 0.179349 0.093364 0.250160 -0.145943 -0.257918 -0.245009
-0.068523 -0.276441 0.337756 0.333310 0.189271 0.370618 0.229105 -0.075527 0.161959 0.072224 -0.023371 -0.318821 -0.301399 -0.379412 0.195414 -0.241937 -0.206793 -0.403608 0.368540 0.131661 0.274734 0.247530 0.448380 0.559404 1.000000 0.600457 0.403508 0.312418 -0.148706 -0.202495 0.521730 0.602227 0.129631 0.117873 0.204105 0.050197 0.018991 0.039852 -0.097138 -0.052900 0.141975 0.102248 0.142146 0.129419 -0.083986 -0.092876 -0.059891 -0.058048 -0.056528 -0.088039 0.345052 -0.068311 -0.007969 0.114806 -0.143393 0.042655 -0.157980 -0.208957 -0.307282 -0.038266 -0.420409 -0.426227 -0.376403 -0.295991 0.237228 -0.116743 -0.095221 -0.069969 0.015830 0.090143 -0.007707 0.223022 -0.007737 0.132946 0.131071 -0.012035 0.079705 0.204760 -0.191776 -0.036774 -0.292120 -0.204633 -0.003199 -0.299383 0.059497 0.013124 0.186430 0.046566 0.257069 0.156167 -0.112659 -0.075708 0.017669 0.032130 -0.160962 -0.085175 -0.106613 -0.039274 -0.133234 -0.257004 0.017351 -0.017802 -0.122121 -0.236229 -0.091031 -0.086821 -0.119230 -0.117666 -0.052341 -0.118078 0.037674 -0.054800 -0.155898 -0.147302 -0.093087 -0.148980
-0.017744 -0.206940 0.379390 0.361762 -0.128006 0.454002 0.155763 -0.110774 0.092052 -0.181652 0.043076 -0.241398 0.093631 -0.442703 0.490499 -0.117372 -0.366331 -0.490020 0.421535 -0.179756 0.341165 0.236473 0.623759 0.681151 0.600457 1.000000 0.482168 0.674955 -0.210939 -0.466156 0.577734 0.645863 0.007407 0.066540 0.018154 0.211907 -0.017486 -0.094676 0.164866 -0.076307 -0.166710 -0.236904 0.138578 0.057095 -0.234386 -0.325683 -0.213846 -0.233142 0.126709 -0.243697 0.263462 -0.198648 -0.168587 -0.136330 0.016390 -0.213097 -0.191787 -0.073975 -0.153901 0.007987 -0.191531 -0.465746 -0.354715 -0.355896 0.285558 0.017033 -0.131312 -0.062633 0.074078 0.160292 0.174562 0.017498 -0.176665 -0.127691 0.063496 0.067791 0.032160 0.197203 -0.482121 -0.220363 -0.461336 -0.422941 0.252331 -0.009884 -0.029755 -0.111240 0.262986 0.280896 0.536601 0.131232 -0.075731 0.154995 0.033700 0.250021 -0.285090 -0.341838 0.142277 0.012998 -0.180948 -0.276194 0.135315 0.022509 -0.060970 -0.035948 0.063227 -0.078773 0.025911 -0.032184 -0.330354 -0.004937 0.410111 0.154147 -0.092912 -0.255737 -0.230710 -0.358501
0.249369 -0.444897 0.379951 0.051195 -0.153822 0.227075 0.085968 -0.403615 -0.116745 -0.032196 0.273420 -0.192738 0.314698 -0.519243 0.574584 -0.068223 -0.183751 -0.395629 0.291184 -0.069543 -0.065584 -0.062955 0.636354 0.373897 0.403508 0.482168 1.000000 0.596906 -0.012470 -0.319986 0.470423 0.188526 -0.172030 -0.382277 0.153853 0.082561 0.072814 0.079878 0.520355 0.030732 -0.148272 -0.194203 -0.066858 0.059301 -0.146625 -0.398648 0.103372 -0.031651 0.046067 -0.048227 0.008765 -0.014343 -0.083834 -0.350929 0.221331 0.264629 -0.055841 -0.263427 0.039026 -0.050156 -0.071290 -0.446093 -0.503943 -0.599157 0.038373 -0.219295 -0.057770 -0.267655 -0.002696 0.373671 0.287311 -0.083307 -0.036624 0.082793 0.091943 0.158074 0.151736 0.082527 -0.290997 -0.242522 -0.407020 -0.365967 0.472042 -0.215273 0.154109 -0.024941 0.393798 0.275389 0.492599 0.136154 0.121588 0.341102 -0.083783 0.270396 -0.263814 -0.401794 0.340139 0.075733 0.055834 -0.184073 0.320791 0.255164 0.082586 0.185200 -0.054805 -0.050577 0.243835 0.048063 -0.161763 0.132921 0.375763 -0.023472 -0.091648 0.080949 -0.044924 -0.359298
0.220912 -0.338787 0.325534 0.003352 -0.421355 0.399813 -0.243996 -0.533339 -0.320470 -0.296219 0.273328 -0.127688 0.411167 -0.550731 0.549373 -0.046956 -0.063055 -0.299588 0.163473 -0.187983 -0.004568 0.165189 0.556411 0.271929 0.312418 0.674955 0.596906 1.000000 -0.088468 -0.381376 0.425746 0.140450 0.134556 -0.404866 0.037310 0.142965 0.196123 0.031320 0.560539 0.218755 -0.189880 -0.290384 0.237561 0.044389 -0.241024 -0.505998 0.171318 0.061158 0.084600 -0.178436 0.237717 -0.192160 0.052055 -0.143897 0.365526 0.075474 0.048221 0.014809 0.067895 0.042067 0.013225 -0.428095 -0.415785 -0.549948 -0.006035 -0.224743 -0.142200 -0.336582 0.192995 0.273155 0.256131 -0.185239 -0.156243 -0.049282 0.057787 0.113877 0.188313 0.157438 -0.324336 -0.185769 -0.362975 -0.349943 0.386201 -0.161697 0.134411 -0.006916 0.179745 0.303133 0.602260 0.054365 -0.188654 0.186044 -0.217503 0.200956 -0.124910 -0.332856 0.604371 0.235699 -0.146388 -0.050938 0.120223 0.121718 0.021957 0.119564 0.171497 0.124190 0.246732 0.193686 -0.092698 0.070508 0.516520 0.046914 -0.016143 -0.047970 -0.012279 -0.140540
0.388708 -0.211071 -0.083258 -0.737920 -0.181482 -0.274434 0.027629 -0.378554 -0.052275 -0.325751 0.159183 0.083364 0.304767 0.067246 -0.119156 -0.383638 0.522562 0.382087 -0.191424 0.162607 0.138670 -0.088037 -0.154210 -0.458473 -0.148706 -0.210939 -0.012470 -0.088468 1.000000 0.560657 0.087485 -0.344897 0.065285 0.019240 -0.202146 -0.277028 0.446362 0.281107 -0.103132 0.198314 0.340623 0.145026 0.129528 0.158822 -0.016651 -0.081176 0.212683 0.066959 0.028211 -0.201060 -0.158849 -0.165041 0.284306 -0.212436 0.137409 0.249797 0.348164 0.082736 0.428858 0.048820 0.305801 -0.076523 0.390049 0.064003 -0.491509 -0.488133 0.052208 -0.172137 -0.367326 -0.194314 0.064213 0.222764 0.779448 0.233574 0.385881 0.213896 0.583607 0.332977 0.313454 0.226070 0.495008 0.342144 0.286525 0.186555 0.036146 -0.187860 -0.415727 -0.170759 -0.209051 -0.230201 -0.331417 -0.175619 -0.309702 -0.059033 0.305417 0.108349 0.106473 0.028305 -0.104015 0.040694 -0.242293 -0.188839 -0.297947 0.006212 -0.238270 -0.053865 -0.136946 -0.097887 0.315410 0.046379 0.010334 -0.218624 -0.249680 0.201367 0.089400 0.072239
-0.177429 -0.202185 -0.227124 -0.478440 0.153315 -0.256259 -0.059950 -0.082829 0.118299 0.012798 -0.435973 -0.010470 -0.127026 0.386160 -0.593951 -0.114855 0.351790 0.543935 -0.606486 0.166632 0.067259 -0.050367 -0.587611 -0.520255 -0.202495 -0.466156 -0.319986 -0.381376 0.560657 1.000000 -0.318991 -0.492162 0.079555 0.131674 -0.217164 -0.303272 0.427010 0.499771 -0.109242 0.286164 0.493528 0.434493 -0.077203 0.073165 0.014403 0.192450 0.194520 0.152614 -0.034444 -0.171536 -0.068762 0.140557 0.408212 0.027543 0.048816 0.304607 0.078597 -0.034701 0.071356 0.054743 0.139863 0.045587 0.465782 0.424411 -0.607511 -0.286026 -0.017249 0.026062 -0.263722 -0.298629 -0.156839 0.222643 0.670107 0.441871 0.237108 0.080180 0.321935 0.234036 0.497176 0.323414 0.779519 0.651136 -0.255562 0.362228 -0.363627 -0.039165 -0.427766 -0.496860 -0.593019 -0.272091 0.044571 -0.227490 -0.037968 -0.112690 0.472991 0.353708 0.022646 0.122030 0.239737 0.346184 -0.238781 -0.207319 -0.006220 0.146171 -0.092655 0.050586 -0.119106 0.083665 0.418861 -0.142259 -0.373852 -0.153236 -0.010800 0.309791 0.385331 0.440518
0.174301 -0.225624 0.626804 0.211131 -0.262548 0.143596 0.357773 -0.141271 -0.037415 -0.095883 0.185848 -0.123967 0.164701 -0.269192 0.522777 -0.061710 -0.104385 -0.251688 0.488225 0.120544 0.404059 0.274717 0.662224 0.493107 0.521730 0.577734 0.470423 0.425746 0.087485 -0.318991 1.000000 0.627982 0.074517 0.080343 -0.075729 -0.133191 -0.006409 -0.127239 0.134227 -0.080693 -0.000449 -0.107411 0.047936 -0.032918 -0.318526 -0.460329 -0.136355 -0.291365 0.050992 -0.260790 0.082752 -0.337365 -0.180083 -0.198422 -0.034567 -0.053241 -0.088843 -0.065471 -0.075905 0.018005 -0.006275 -0.470676 -0.306186 -0.433911 0.298628 -0.166477 -0.158012 -0.318538 -0.042228 0.111424 0.109255 0.270270 0.040978 -0.079637 0.088027 0.063516 0.043807 0.157349 -0.386729 -0.101991 -0.398208 -0.511525 0.446367 -0.024349 0.041797 -0.144235 0.315359 0.270072 0.409298 0.147492 -0.285190 0.066863 -0.002611 0.142421 -0.152714 -0.204756 0.091001 0.054529 -0.246422 -0.288896 0.031052 0.011188 -0.092025 -0.082523 -0.057840 0.034263 0.005383 0.135649 -0.152671 0.179488 0.266500 -0.147655 -0.165809 -0.015318 -0.186024 -0.252624
-0.239888 -0.070701 0.315969 0.648838 0.079504 0.358651 0.299848 0.303662 0.184403 0.045142 0.036256 -0.117642 -0.270196 -0.154563 0.415792 0.010371 -0.444470 -0.491369 0.611550 0.054032 0.393154 0.446908 0.529289 0.861696 0.602227 0.645863 0.188526 0.140450 -0.344897 -0.492162 0.627982 1.000000 -0.151065 0.305776 0.080916 0.176760 -0.275908 -0.243659 -0.136250 -0.196812 -0.162629 -0.128437 -0.038235 -0.065455 -0.242680 -0.091059 -0.361213 -0.215076 -0.179794 -0.231611 0.066747 -0.251338 -0.483680 0.050286 -0.215447 -0.384972 -0.379960 -0.209396 -0.522139 -0.056259 -0.429072 -0.404492 -0.418911 -0.290608 0.649861 0.184690 -0.239935 0.002655 -0.056119 -0.027072 0.073874 0.386118 -0.328479 -0.138129 -0.074711 -0.049806 -0.238994 0.013877 -0.349496 -0.139766 -0.578630 -0.553626 0.070861 -0.018466 -0.015624 -0.080878 0.256500 0.184763 0.309663 0.167127 -0.022893 0.172805 0.270625 0.181585 -0.262606 -0.101437 -0.249506 -0.095642 -0.156157 -0.290280 0.158405 0.023824 -0.028927 -0.228854 0.027165 -0.033545 -0.037125 0.007777 -0.256806 -0.027291 0.107726 0.098355 0.136823 -0.256183 -0.314519 -0.304427
0.224639 0.056428 0.203618 -0.056475 -0.174359 -0.083180 -0.162095 -0.166654 -0.105498 0.053388 -0.003887 -0.039000 -0.049201 -0.311532 -0.185225 -0.136782 0.095475 0.075594 -0.051044 0.205095 0.008154 0.039756 -0.005954 -0.291402 0.129631 0.007407 -0.172030 0.134556 0.065285 0.079555 0.074517 -0.151065 1.000000 0.249449 0.207810 -0.185029 0.171616 0.076360 -0.162892 -0.030096 0.399097 0.130753 0.400164 0.132802 0.121506 -0.055874 0.400216 0.000516 0.352468 0.020200 0.471522 0.013062 0.194064 0.223706 0.106867 0.243933 0.355322 0.320874 0.208211 -0.139331 0.068676 0.000715 0.202772 0.150629 -0.124601 -0.212858 0.315685 -0.025068 0.030902 -0.099206 -0.077151 0.102329 0.139319 0.194329 0.295912 0.259296 0.276901 0.252829 0.062231 0.155894 0.142986 0.152414 -0.099281 -0.219881 0.144066 0.032635 0.015785 0.002160 -0.062115 -0.033941 -0.469377 -0.545316 -0.230133 -0.247737 0.022685 -0.035122 0.094325 -0.082341 -0.321323 -0.032637 -0.254023 -0.096543 -0.275273 -0.320487 -0.178078 -0.095059 -0.201202 -0.214080 0.032188 0.104062 -0.072958 -0.072015 -0.299367 -0.276815 -0.081281 0.038111
-0.208781 0.249977 0.106720 0.185072 0.160909 0.004315 0.280227 0.445389 0.334251 0.123655 -0.388884 -0.169903 -0.440642 0.165125 -0.347561 -0.143312 -0.215427 -0.013056 0.013272 0.101682 0.394462 0.152109 -0.192958 0.037771 0.117873 0.066540 -0.382277 -0.404866 0.019240 0.131674 0.080343 0.305776 0.249449 1.000000 0.074056 0.102122 -0.278571 -0.041255 -0.500984 -0.157681 0.104332 0.119641 0.080427 -0.060670 0.169362 0.347229 -0.088322 -0.247761 0.251562 -0.154584 0.098719 0.013409 -0.143326 0.199514 -0.307880 -0.315030 -0.042830 0.137569 -0.041814 -0.159223 0.037149 0.154400 0.344512 0.593979 0.112719 0.237003 0.292175 0.412933 -0.296452 -0.239432 -0.251608 0.441277 0.147365 -0.034468 -0.049113 0.107009 0.051603 0.294279 0.098580 0.116063 0.136367 0.121676 -0.209697 0.233804 -0.351886 -0.309621 -0.083958 -0.101209 -0.362402 -0.036291 -0.273294 -0.423990 -0.044421 -0.277019 -0.121720 0.009485 -0.301579 -0.370500 -0.190437 -0.285359 -0.172752 -0.252886 -0.173911 -0.220257 -0.082348 -0.152580 -0.315920 -0.179829 -0.204299 -0.033402 -0.141982 0.021848 -0.179021 -0.380480 -0.191015 -0.104495
-0.122460 -0.166608 -0.107432 0.101358 0.036018 0.113176 -0.222736 0.018627 -0.222375 0.091469 0.148670 0.039378 -0.331465 -0.396619 -0.068625 -0.325629 -0.207087 -0.381529 -0.135888 -0.168443 -0.232096 0.077223 0.053991 -0.015362 0.204105 0.018154 0.153853 0.037310 -0.202146 -0.217164 -0.075729 0.080916 0.207810 0.074056 1.000000 0.561263 -0.022164 0.092176 -0.039672 -0.106086 -0.001906 -0.062887 0.087408 0.181207 0.276044 0.472289 0.257565 0.147481 0.172737 0.118755 0.236801 0.208041 -0.363316 0.097138 -0.066449 0.113228 0.043076 -0.078952 -0.218925 -0.340440 -0.396256 -0.169499 -0.234797 -0.236734 0.242752 0.039552 0.302598 0.464967 -0.238215 0.049035 -0.113720 0.319359 -0.125661 0.205587 0.197855 0.190772 0.135804 0.166583 0.163156 -0.185083 -0.208614 0.040810 -0.197733 -0.436127 0.403432 0.315478 0.117512 -0.149574 -0.069496 -0.043214 -0.083561 -0.297133 -0.253660 -0.209230 -0.161789 -0.110231 -0.026688 -0.216852 -0.182771 -0.204830 0.157113 -0.059756 -0.012751 -0.132733 -0.127248 -0.136910 0.063211 -0.225727 -0.115839 -0.028177 -0.120364 0.035111 -0.114749 -0.286650 0.049237 -0.146971
-0.245219 -0.072050 -0.120006 0.226034 -0.110934 0.241723 -0.209672 0.169481 -0.074959 0.020248 0.112962 0.121272 -0.132290 -0.221529 0.073673 -0.070425 -0.387808 -0.332185 -0.097180 -0.555733 -0.217554 0.197722 0.125739 0.230486 0.050197 0.211907 0.082561 0.142965 -0.277028 -0.303272 -0.133191 0.176760 -0.185029 0.102122 0.561263 1.000000 -0.133359 0.086868 0.121353 0.182096 -0.270976 -0.051960 -0.018534 0.089291 0.012474 0.352964 -0.127183 0.093678 -0.027214 -0.182989 0.033930 0.156979 -0.400640 -0.004934 0.063055 -0.306705 -0.204284 -0.214655 -0.419762 -0.175658 -0.309193 -0.212965 -0.283486 -0.207665 0.263615 0.306886 -0.039612 0.474452 -0.052702 -0.049612 -0.091630 0.219335 -0.342164 -0.133914 -0.091002 -0.027036 -0.061315 0.009762 0.054929 -0.089383 -0.251064 -0.024329 -0.209403 -0.106827 0.148886 0.145719 -0.108482 -0.095333 0.101107 -0.008102 -0.011250 -0.056293 -0.047836 0.033250 -0.019265 0.025430 0.052303 -0.061631 -0.196017 -0.155316 0.108885 -0.088238 0.052755 -0.083775 0.063542 0.012861 0.092470 -0.015546 -0.031361 -0.073248 0.061428 0.066306 0.239517 -0.237618 0.001279 -0.061465
