1.000000 0.465427 0.444892 -0.566930 0.097202 -0.243353 0.493832 -0.088304 0.318381 -0.103592 0.651609 0.345665 0.505608 0.357301 0.291522 -0.035521 0.730921 0.434953 0.352816 0.138972 -0.090133 -0.081435 -0.029486 -0.397421 0.008214 -0.314617 -0.046648 -0.162662 0.671378 0.216590 0.101005 -0.099975 0.358574 0.280332 -0.442524 -0.552722 0.362747 -0.161106 -0.114393 -0.306986 0.287053 0.011509 -0.384229 -0.408695 -0.394317 -0.472817 -0.507839 -0.567182 -0.107327 -0.220124 -0.158059 0.048716 -0.083183 0.325589 -0.227641 -0.489025 0.459056 0.405280 0.555223 0.276914 0.525664 0.447040 0.488990 0.598589 -0.353916 -0.340573 -0.493179 -0.658009 0.138956 0.140949 0.201540 -0.223905 0.623557 0.008465 0.406166 0.161624 0.264242 -0.201344 0.246054 0.232642 0.578566 0.433295 0.250310 0.321358 0.159158 -0.214587 -0.134632 -0.309419 -0.194338 -0.109528 0.060688 -0.015743 -0.445651 -0.378197 -0.221588 -0.347326 -0.484741 -0.392010 -0.234801 -0.389051 -0.344397 -0.168183 -0.307849 -0.296436 -0.313290 -0.300781 -0.241815 -0.348945 -0.207377 -0.330219 -0.511576 0.002415 -0.426538 -0.276910 -0.449193 -0.255533
0.465427 1.000000 0.193041 -0.078055 -0.152383 -0.372439 0.419017 0.545110 0.191579 0.228203 -0.043988 0.763126 0.065308 0.466101 -0.212204 0.125996 0.324825 0.412045 0.159718 0.386829 -0.293808 -0.412758 -0.494682 -0.298523 -0.327855 -0.345906 -0.398292 -0.493867 0.311228 0.314891 -0.016142 -0.015069 0.227317 0.671109 -0.525882 -0.309314 0.101816 -0.283697 -0.465334 -0.406965 -0.011279 -0.239263 -0.290119 -0.371860 -0.190525 -0.070939 -0.278902 -0.431736 -0.022277 -0.203573 -0.008617 0.029198 -0.164397 -0.093561 -0.247107 -0.482445 -0.017221 0.046358 0.411566 0.059220 0.487312 0.437022 0.748192 0.384191 -0.206760 0.314087 -0.418339 -0.140072 -0.008649 -0.270779 -0.040732 0.102840 0.310170 0.232773 0.349180 -0.029499 0.210922 0.061565 0.200627 -0.182220 0.180435 0.122705 -0.149561 0.404843 -0.322388 0.210349 -0.297612 -0.382466 -0.299458 -0.080442 0.056200 -0.054769 -0.156643 -0.349461 -0.165840 -0.259310 -0.371057 -0.238098 -0.261575 -0.474151 0.001958 -0.130586 -0.261135 -0.452554 -0.328066 -0.430283 -0.145992 -0.297281 -0.070497 -0.408595 -0.467254 0.170238 -0.118568 -0.442001 -0.451072 -0.377864
0.444892 0.193041 1.000000 -0.012721 0.114011 -0.420707 0.777350 0.297862 0.503836 0.409526 0.238225 0.053358 0.369115 0.149870 0.376627 0.122736 0.125803 -0.303767 0.287815 -0.125510 0.119434 -0.104973 0.322393 -0.268905 -0.058877 -0.368472 -0.194731 -0.251276 0.370990 -0.083098 0.185827 0.027027 0.080176 0.292031 -0.425603 -0.095397 0.033705 -0.541147 -0.117653 -0.387520 0.033761 0.002027 -0.448062 -0.326077 -0.266179 -0.296744 -0.422679 -0.153711 0.075539 -0.150554 -0.328706 0.127912 -0.217919 -0.072804 -0.164636 -0.452147 -0.105795 -0.226590 0.371502 0.162445 0.171622 0.059185 0.016939 -0.052209 -0.222449 0.023238 -0.453466 -0.168517 -0.221202 -0.226565 0.348999 0.042083 0.331838 -0.070875 0.116012 0.114893 0.115243 0.223040 -0.310358 -0.287665 0.174146 -0.178219 0.186060 0.484324 -0.086772 -0.222282 -0.217059 -0.545549 -0.081893 -0.115055 0.276798 0.414441 -0.113406 0.008070 -0.295863 -0.285310 -0.222839 -0.242378 0.137699 -0.132407 0.038605 -0.069101 -0.045906 0.032804 -0.129255 -0.351555 0.183980 0.010972 -0.268107 -0.019872 0.060180 -0.033333 0.048127 0.025815 -0.339838 -0.335467
-0.566930 -0.078055 -0.012721 1.000000 0.027716 0.062742 -0.213218 0.329565 -0.091486 0.146989 -0.560318 -0.039802 -0.370114 -0.098171 -0.120900 0.414115 -0.512542 -0.436013 0.060328 0.084785 0.189488 0.089778 0.169341 0.373474 -0.088412 0.292430 -0.117318 0.132407 -0.566170 -0.246757 0.022307 0.196322 -0.028048 0.062097 0.170007 0.441426 -0.399502 -0.148974 -0.146606 -0.058331 -0.214296 -0.231785 0.140342 0.122465 0.098599 0.252475 0.227669 0.307827 0.140883 -0.090866 0.315992 -0.088919 -0.160480 -0.502331 0.197217 0.191071 -0.456826 -0.435384 -0.287047 -0.351366 -0.370177 -0.486505 -0.332967 -0.544876 0.207051 0.505598 0.294361 0.607627 -0.160032 -0.239619 -0.148721 0.279713 -0.475839 0.038948 -0.220403 -0.031162 -0.072917 0.217320 -0.285725 -0.388388 -0.656752 -0.698110 -0.264971 -0.339480 -0.329671 0.263994 -0.003689 0.170259 0.072351 -0.083259 0.077724 -0.058551 0.271987 0.100763 0.231518 0.090577 0.314980 0.243947 0.137028 0.167251 0.420282 0.165605 0.113819 0.061495 0.268039 0.293569 0.084137 0.088852 0.046246 0.146978 0.444220 0.082102 0.280032 0.029686 0.301228 0.169588
0.097202 -0.152383 0.114011 0.027716 1.000000 0.554176 -0.068784 -0.227988 -0.003479 -0.169410 0.031586 -0.189061 -0.004087 -0.034258 0.209313 0.123462 0.061388 -0.180981 0.028869 -0.100246 0.432063 0.379584 0.240448 -0.009179 0.682808 0.180965 0.484486 0.316404 -0.120208 -0.214739 -0.015553 -0.103328 0.024062 -0.136035 0.298588 0.028597 -0.038960 -0.036424 0.103729 -0.007778 0.009223 0.034661 -0.011814 -0.092410 -0.132723 -0.282758 -0.163084 -0.047738 -0.165751 -0.217401 0.245673 -0.298412 0.079519 0.024710 0.133824 -0.046829 0.385675 0.355566 0.184925 0.124124 0.268208 0.099673 -0.187605 0.160725 0.178585 -0.034332 0.103072 -0.070851 0.131716 0.488450 -0.018214 -0.131170 -0.155701 -0.319478 -0.144863 -0.146430 -0.140904 -0.232679 -0.029512 0.097458 -0.017829 -0.066698 0.089377 -0.245731 0.161349 -0.137416 0.006770 0.204263 0.085050 -0.067016 -0.065539 -0.074726 -0.267613 -0.037981 -0.021306 -0.042670 -0.030202 0.051447 -0.147373 -0.084572 -0.106315 -0.068165 -0.156150 0.045541 -0.052259 -0.094334 -0.031161 -0.178043 -0.037261 0.125343 0.137543 -0.295281 -0.204443 0.124119 0.111798 0.002871
-0.243353 -0.372439 -0.420707 0.062742 0.554176 1.000000 -0.486466 -0.417164 -0.345167 -0.482097 -0.077356 -0.345448 -0.303100 -0.348866 -0.049674 -0.180785 -0.074685 -0.063833 -0.024711 0.084076 0.484958 0.594051 0.151627 0.424888 0.567420 0.561363 0.715597 0.629179 -0.416779 -0.225415 -0.170757 -0.075173 0.017899 -0.427180 0.397409 0.004507 0.058043 0.406554 0.257271 0.281326 -0.050463 0.028332 0.369531 0.245586 -0.055437 -0.126954 0.100829 0.025926 -0.206665 -0.163025 0.413354 -0.322459 0.122548 0.150981 0.261047 0.228579 0.414189 0.371517 -0.119293 0.065666 0.071356 -0.128320 -0.269133 0.113090 0.062407 -0.246536 0.493061 0.145907 0.340614 0.479955 -0.074550 -0.135656 -0.459754 -0.072984 -0.116767 -0.096579 -0.113579 -0.205177 0.034944 0.288360 -0.223741 -0.029747 -0.162931 -0.633708 0.165409 0.099949 0.374652 0.525338 0.113104 0.085441 -0.107051 -0.288463 -0.011611 -0.020606 -0.010011 0.017378 0.166221 0.187548 -0.149889 0.083261 -0.249349 0.021209 -0.110062 0.089465 0.159125 0.271706 -0.197614 -0.050915 0.046733 0.218656 0.112370 -0.142154 -0.171025 -0.016658 0.274694 0.165015
0.493832 0.419017 0.777350 -0.213218 -0.068784 -0.486466 1.000000 0.430704 0.630919 0.485827 0.248644 0.201677 0.555762 0.406665 0.257618 0.124343 0.157600 -0.068944 0.124220 -0.062178 -0.141302 -0.324343 0.029802 -0.314622 -0.133894 -0.549228 -0.235001 -0.473058 0.473328 0.187969 0.089964 -0.086022 -0.020071 0.327954 -0.499895 -0.181129 0.160955 -0.463260 -0.223084 -0.464911 0.088888 0.111359 -0.447869 -0.374547 -0.179317 -0.124430 -0.398286 -0.188442 -0.060351 -0.067527 -0.459209 0.226773 -0.237928 0.025488 -0.354905 -0.418943 -0.045456 -0.158128 0.324936 0.028835 0.267208 0.233113 0.385384 0.159969 -0.114689 0.145478 -0.732024 -0.366800 -0.356256 -0.368638 0.244098 0.052750 0.482215 0.046534 0.231845 0.003390 0.160287 0.124050 -0.199174 -0.348157 0.259300 -0.029005 0.057247 0.657767 -0.096631 -0.283014 -0.330361 -0.763747 -0.033501 -0.044390 0.382119 0.294992 -0.060559 -0.054057 -0.359448 -0.375756 -0.347659 -0.345511 0.117750 -0.097929 0.054101 -0.070155 -0.042944 -0.125914 -0.169145 -0.406814 0.036719 -0.084140 -0.238823 -0.249974 -0.218400 0.030329 0.014275 -0.039051 -0.317350 -0.294429
-0.088304 0.545110 0.297862 0.329565 -0.227988 -0.417164 0.430704 1.000000 0.136184 0.798612 -0.425662 0.484074 -0.104461 0.225850 -0.368871 0.051331 -0.146213 0.032663 -0.269901 0.169653 -0.470988 -0.512731 -0.487742 -0.146772 -0.341158 -0.453278 -0.663988 -0.753680 -0.000097 0.253127 -0.087926 -0.061756 -0.068110 0.539011 -0.505107 -0.089173 -0.352026 -0.524224 -0.655136 -0.500645 -0.363875 -0.158814 -0.032487 -0.071221 0.268163 0.332192 0.170928 0.121237 0.288810 0.168505 -0.030186 0.254866 -0.155342 -0.216699 -0.318204 -0.299937 -0.464265 -0.492397 0.010188 -0.099405 -0.039357 0.123642 0.429332 -0.183717 -0.187969 0.559989 -0.314149 0.282411 -0.241615 -0.534385 -0.059895 0.254507 0.040365 0.397470 0.142018 0.061526 -0.048181 0.227906 -0.030047 -0.395434 -0.086846 -0.165805 -0.370503 0.312881 -0.510991 0.252040 -0.279861 -0.563206 -0.195783 -0.026804 0.392598 0.213648 0.181783 -0.074409 -0.284866 -0.293115 -0.093219 -0.190509 0.186343 -0.064266 0.379780 -0.013153 -0.010297 -0.306057 -0.014804 -0.227127 -0.019650 -0.118018 -0.179765 -0.297254 -0.076468 0.438882 0.212176 -0.294243 -0.354117 -0.344983
0.318381 0.191579 0.503836 -0.091486 -0.003479 -0.345167 0.630919 0.136184 1.000000 0.323088 0.242868 -0.070796 0.560556 0.362370 0.495323 0.517456 0.192971 -0.053577 0.001249 -0.179751 0.049297 -0.218787 0.459036 -0.085820 -0.044009 -0.390192 -0.018118 -0.204000 0.255941 -0.162581 0.042015 -0.147233 -0.263520 -0.055016 -0.331987 -0.177950 0.237984 -0.386317 -0.053602 -0.384707 0.102816 -0.001352 -0.439086 -0.246702 -0.235036 -0.179318 -0.411168 -0.266636 -0.019702 -0.058737 -0.416312 0.108037 -0.055386 0.005883 0.056269 -0.192220 0.004958 -0.124992 0.245399 -0.071415 0.078308 0.211600 0.151548 0.054487 -0.043515 0.124110 -0.677607 -0.514828 -0.297729 -0.268584 0.381246 -0.102130 0.244920 -0.067312 -0.011814 -0.039721 0.134029 0.049849 -0.060320 -0.430976 0.187933 -0.113261 0.149058 0.270154 0.081848 -0.343345 -0.133242 -0.507687 0.381659 0.335176 0.240820 0.313736 0.049173 0.170496 -0.271634 -0.303158 -0.216595 -0.376675 0.145685 -0.010386 0.182793 0.350873 0.190074 0.156852 -0.026864 -0.162777 0.143053 -0.022359 -0.324647 -0.302368 -0.253296 -0.110817 0.195470 0.109202 -0.266479 -0.177401
-0.103592 0.228203 0.409526 0.146989 -0.169410 -0.482097 0.485827 0.798612 0.323088 1.000000 -0.345209 0.189000 0.057075 0.217286 -0.230067 0.098552 -0.214019 -0.199965 -0.427702 -0.158264 -0.462591 -0.503488 -0.246614 -0.254652 -0.246879 -0.623359 -0.606014 -0.765473 0.001772 0.080769 -0.183150 -0.217974 -0.284957 0.278471 -0.424781 0.001547 -0.327810 -0.623490 -0.427828 -0.398078 -0.429639 -0.016807 -0.121212 -0.111819 0.370050 0.316845 0.258264 0.239772 0.520853 0.289992 -0.192153 0.360542 0.143615 -0.051952 -0.187915 -0.205485 -0.485293 -0.550495 0.098710 0.033782 -0.094959 0.234929 0.190526 -0.275153 -0.179355 0.487218 -0.410215 0.076573 -0.312867 -0.527736 0.052631 0.152658 0.040252 0.172059 -0.081573 0.124079 -0.154332 0.214230 -0.243308 -0.511878 -0.033544 -0.158669 -0.279257 0.363843 -0.476731 -0.148957 -0.340279 -0.657183 -0.086546 0.147338 0.526049 0.411060 0.274652 0.149102 -0.245350 -0.131939 0.062364 -0.112793 0.444350 0.156034 0.493780 0.079610 0.233631 0.004894 0.091045 -0.179197 0.248757 0.158755 -0.101211 -0.080270 0.062352 0.268090 0.353268 0.011554 -0.306738 -0.298652
0.651609 -0.043988 0.238225 -0.560318 0.031586 -0.077356 0.248644 -0.425662 0.242868 -0.345209 1.000000 0.067846 0.539783 0.116793 0.674740 -0.037492 0.569606 0.249540 0.256797 0.114721 0.109492 0.208203 0.311919 -0.093706 0.025368 -0.044435 0.154636 0.146658 0.769671 0.214098 0.340006 0.162061 0.208270 -0.023687 -0.146205 -0.371839 0.359288 0.069728 0.144237 -0.132894 0.440220 0.117603 -0.393305 -0.273155 -0.303603 -0.379415 -0.490936 -0.395958 -0.184550 -0.103008 -0.367894 -0.009702 0.004255 0.276874 -0.199898 -0.305136 0.396511 0.237838 0.084137 0.142439 0.061900 0.025611 0.029171 0.230098 -0.144254 -0.556430 -0.323073 -0.580205 -0.095283 0.196729 0.352339 -0.177354 0.625727 -0.112079 0.318649 0.076347 0.270121 -0.074529 0.274811 0.269181 0.676513 0.390014 0.608388 0.280609 0.548854 -0.157791 0.149028 -0.142949 0.032006 -0.079634 -0.112853 -0.016985 -0.443008 -0.215355 -0.208211 -0.239895 -0.397232 -0.395242 -0.274947 -0.292710 -0.590340 -0.158488 -0.397162 -0.164942 -0.314659 -0.174997 -0.203734 -0.189594 -0.216032 -0.198881 -0.311351 -0.074104 -0.506292 -0.178965 -0.261599 -0.018756
0.345665 0.763126 0.053358 -0.039802 -0.189061 -0.345448 0.201677 0.484074 -0.070796 0.189000 0.067846 1.000000 0.091320 0.544563 -0.244938 -0.004813 0.174676 0.403419 0.066751 0.289515 -0.303022 -0.271217 -0.534496 -0.377702 -0.347439 -0.162783 -0.454509 -0.466841 0.475783 0.570863 0.141528 0.145690 0.343492 0.712366 -0.422613 -0.294909 0.016992 -0.096740 -0.359367 -0.195310 0.059595 -0.014694 -0.191125 -0.349884 -0.097134 -0.069627 -0.044598 -0.335791 0.144476 -0.205993 0.008323 -0.032217 0.034967 -0.235585 -0.243084 -0.354111 -0.275361 -0.169009 0.201720 -0.052328 0.252709 0.164605 0.543707 0.048848 -0.147118 0.276784 -0.253578 -0.040053 -0.003851 -0.301311 -0.097404 0.302425 0.468904 0.400039 0.494440 0.205450 0.353521 0.218109 0.220688 -0.110335 0.146087 0.095748 -0.045940 0.416668 -0.331752 0.309563 -0.233613 -0.285459 -0.402555 -0.220816 -0.089333 -0.185489 -0.245546 -0.372227 -0.091710 -0.135240 -0.306347 -0.316201 -0.260813 -0.471767 -0.093701 -0.345774 -0.349183 -0.443851 -0.324492 -0.271424 -0.137676 -0.274815 0.034811 -0.341826 -0.412617 0.275231 -0.204135 -0.380618 -0.264239 -0.093316
0.505608 0.065308 0.369115 -0.370114 -0.004087 -0.303100 0.555762 -0.104461 0.560556 0.057075 0.539783 0.091320 1.000000 0.536225 0.487200 0.191618 0.279725 0.057376 0.066750 -0.326621 -0.035075 -0.056791 0.230307 -0.383300 0.041488 -0.325703 0.048903 -0.167598 0.535060 0.219104 -0.000128 -0.196636 0.036899 0.095129 -0.093145 -0.051325 0.315941 -0.121396 0.133062 -0.155478 0.286513 0.319517 -0.391025 -0.281074 -0.277726 -0.224287 -0.394232 -0.331022 -0.068262 -0.187559 -0.442428 0.015734 0.031717 -0.044254 -0.104281 -0.198684 0.146775 0.069619 0.180931 -0.109989 0.086593 0.123976 0.075322 0.132513 0.028740 -0.067890 -0.546038 -0.522896 -0.241068 -0.202566 0.175523 -0.093400 0.572389 -0.001037 0.243205 0.149430 0.250758 0.056448 0.018689 -0.156106 0.369545 0.186583 0.234844 0.379956 0.103891 -0.455197 -0.194043 -0.457720 0.244924 -0.052490 0.012229 0.088028 -0.188177 0.027608 -0.051953 -0.082411 -0.200476 -0.335877 -0.032422 -0.006253 -0.124024 0.113558 0.089836 0.104538 -0.049491 -0.083149 0.002819 -0.063271 -0.076892 -0.139548 -0.191839 -0.103047 -0.073827 0.214067 -0.111945 0.206828
0.357301 0.466101 0.149870 -0.098171 -0.034258 -0.348866 0.406665 0.225850 0.362370 0.217286 0.116793 0.544563 0.536225 1.000000 0.020447 0.368685 0.152761 0.205294 -0.130139 -0.240824 -0.235163 -0.284026 -0.200914 -0.465911 -0.069918 -0.326609 -0.189889 -0.366747 0.387695 0.393361 -0.047101 -0.150930 -0.064651 0.240878 -0.219139 0.058687 0.279164 -0.201406 -0.102650 -0.141265 0.287422 -0.001380 -0.219845 -0.259264 -0.132155 -0.017625 -0.132185 -0.207164 -0.083388 -0.211617 -0.119097 0.105087 0.081220 -0.103659 0.052259 -0.070321 -0.143276 -0.115639 0.256277 -0.192408 0.256964 0.290735 0.382890 0.085726 0.173878 0.527713 -0.514200 -0.315602 -0.196674 -0.332600 -0.040417 0.200260 0.460797 0.098448 0.221653 0.066851 0.179915 0.084411 0.043760 -0.390546 0.085402 -0.020964 -0.089800 0.311248 -0.211247 -0.184878 -0.451183 -0.372020 -0.028619 -0.052352 -0.011706 -0.209017 -0.247065 -0.282879 0.015593 0.015845 -0.252687 -0.356771 -0.097872 -0.155983 0.071686 -0.042328 -0.026256 -0.146879 -0.183434 -0.156066 -0.028799 -0.126863 0.043550 -0.268132 -0.380037 0.126320 -0.026700 0.060885 0.016788 0.132537
0.291522 -0.212204 0.376627 -0.120900 0.209313 -0.049674 0.257618 -0.368871 0.495323 -0.230067 0.674740 -0.244938 0.487200 0.020447 1.000000 0.457569 0.280007 -0.201365 0.226744 -0.038899 0.408144 0.300070 0.732605 0.192937 0.075215 0.089020 0.230550 0.343257 0.462601 -0.128388 0.428004 0.341417 -0.126202 -0.159203 0.016028 -0.002324 0.187078 -0.152418 0.152471 -0.260354 0.454009 0.121132 -0.477379 -0.181849 -0.344726 -0.293296 -0.571317 -0.240869 -0.258600 -0.094633 -0.388571 -0.024478 -0.136949 0.025498 -0.008076 -0.208478 0.250665 0.017973 -0.048051 0.016454 -0.163413 -0.224570 -0.227519 -0.072818 0.030197 -0.320337 -0.345136 -0.372167 -0.359625 0.099650 0.439667 -0.009332 0.228814 -0.278083 -0.010490 -0.050667 0.058787 0.045269 0.029321 -0.081656 0.385885 -0.004270 0.639972 0.236986 0.546692 -0.224560 0.051483 -0.149534 0.278571 -0.023991 -0.113756 0.172522 -0.289126 0.150433 -0.142769 -0.217782 -0.307102 -0.362840 -0.134215 -0.163331 -0.186216 0.216389 -0.213771 0.037299 -0.162708 -0.074502 0.019748 -0.127147 -0.257138 -0.120289 -0.134963 -0.216928 -0.234729 0.086898 -0.056644 0.057398
-0.035521 0.125996 0.122736 0.414115 0.123462 -0.180785 0.124343 0.051331 0.517456 0.098552 -0.037492 -0.004813 0.191618 0.368685 0.457569 1.000000 -0.025496 -0.205809 0.053857 -0.133843 0.261026 0.026051 0.438220 0.096449 -0.122872 0.026850 -0.105661 0.104490 0.006681 -0.116459 0.220084 0.242598 -0.221286 0.004866 0.066498 0.267207 -0.010903 -0.365989 -0.035220 -0.246594 0.220855 -0.063449 -0.426646 -0.344846 -0.216851 -0.071466 -0.242398 -0.157465 -0.026730 -0.188204 -0.111097 -0.070393 0.029080 -0.331950 0.244811 -0.009023 -0.056581 -0.131646 -0.033940 -0.193347 -0.124241 -0.121783 -0.080740 -0.186911 0.279327 0.375739 -0.280491 -0.078111 -0.317043 -0.116971 0.184201 0.286212 0.013881 -0.242232 -0.177536 -0.169569 -0.127733 0.068493 -0.037824 -0.427250 -0.046239 -0.286456 0.194992 0.086168 0.100535 -0.192101 -0.315529 -0.106729 0.366898 -0.012371 -0.081565 -0.007394 -0.055874 0.169110 0.169138 0.031211 -0.010295 -0.148989 -0.045396 -0.081989 0.224467 0.253314 -0.021911 -0.003664 -0.056667 0.020219 0.106924 0.009672 0.010945 -0.104884 -0.087108 -0.187983 0.081735 0.180108 0.132438 0.127469
0.730921 0.324825 0.125803 -0.512542 0.061388 -0.074685 0.157600 -0.146213 0.192971 -0.214019 0.569606 0.174676 0.279725 0.152761 0.280007 -0.025496 1.000000 0.576444 0.074078 0.119611 -0.022031 -0.102089 -0.038540 -0.243694 0.091570 -0.213300 0.013134 -0.052824 0.483774 0.022519 -0.017844 -0.159658 0.183260 0.058468 -0.309965 -0.656337 0.329721 -0.082053 -0.056952 -0.344417 0.282328 -0.172111 -0.307670 -0.162366 -0.339103 -0.407811 -0.459453 -0.455557 -0.198314 -0.148991 -0.134324 0.018096 0.063876 0.381242 -0.125878 -0.313408 0.667975 0.546121 0.314848 0.248314 0.420242 0.492876 0.377949 0.633902 -0.449663 -0.433979 -0.439378 -0.613023 0.096075 0.201234 0.253276 -0.311613 0.429176 -0.063791 0.232459 -0.081377 0.066217 -0.221747 0.536718 0.399807 0.702361 0.609419 0.231131 0.076862 0.297634 -0.110020 0.052335 -0.132767 -0.060709 0.108898 0.082061 0.063917 -0.374226 -0.188062 -0.184280 -0.247798 -0.270792 -0.336926 -0.100820 -0.278736 -0.310755 -0.004490 -0.210422 -0.197075 -0.317504 -0.366797 -0.132209 -0.290500 -0.273455 -0.312937 -0.433163 -0.040643 -0.386916 -0.293504 -0.580185 -0.288368
0.434953 0.412045 -0.303767 -0.436013 -0.180981 -0.063833 -0.068944 0.032663 -0.053577 -0.199965 0.249540 0.403419 0.057376 0.205294 -0.201365 -0.205809 0.576444 1.000000 0.006366 0.347162 -0.349338 -0.215355 -0.411108 -0.103720 -0.071479 -0.084838 -0.065953 -0.230696 0.320364 0.488716 0.022501 -0.075994 0.273395 0.233440 -0.379334 -0.546825 0.037672 0.127159 -0.391555 -0.210978 -0.001719 -0.240564 0.208723 0.054179 0.081725 -0.044763 0.083367 -0.217941 -0.093426 0.003449 0.262708 0.020441 0.136734 0.384545 -0.303662 -0.129465 0.370674 0.461000 0.105796 0.055193 0.398527 0.431955 0.640835 0.613727 -0.197438 -0.262501 -0.126710 -0.373903 0.142602 0.137650 -0.288465 -0.056022 0.330553 0.142878 0.271593 -0.111089 -0.072176 -0.457199 0.709944 0.457395 0.385407 0.551515 -0.189426 -0.041918 0.046311 0.136995 -0.076762 0.021825 -0.238973 -0.046638 -0.082761 -0.211170 -0.380202 -0.368015 -0.124463 -0.341717 -0.350190 -0.370975 -0.236180 -0.310753 -0.275514 -0.142619 -0.392701 -0.529145 -0.361927 -0.122802 -0.581701 -0.478891 -0.106590 -0.501084 -0.601740 0.372639 -0.299476 -0.505334 -0.421598 -0.225127
0.352816 0.159718 0.287815 0.060328 0.028869 -0.024711 0.124220 -0.269901 0.001249 -0.427702 0.256797 0.066751 0.066750 -0.130139 0.226744 0.053857 0.074078 0.006366 1.000000 0.384151 0.270825 0.209335 0.209884 -0.013575 -0.162411 0.189292 0.096862 0.343632 0.152467 0.042181 0.251724 0.231090 0.618552 0.307008 -0.040318 0.070346 0.055643 0.033459 0.089302 0.140460 0.152279 -0.065622 -0.263244 -0.237097 -0.326790 -0.269593 -0.386629 -0.285067 -0.076758 -0.242905 0.026362 -0.100321 -0.278053 -0.021038 -0.125772 -0.121744 0.100727 0.235122 0.371591 0.225417 0.324254 -0.114053 -0.014300 0.219293 0.026524 -0.326108 0.105824 -0.133202 0.252323 0.154064 -0.119544 -0.001179 0.198480 -0.152554 0.187607 -0.009313 0.274574 -0.133229 -0.149203 0.178140 -0.099985 -0.096689 0.238673 0.093179 -0.026567 -0.155467 -0.009902 0.148149 -0.292432 -0.415973 -0.242546 -0.151918 -0.242930 -0.216673 0.088716 -0.140518 -0.108616 0.169631 -0.256569 -0.264854 -0.271893 -0.146697 -0.232074 -0.078360 -0.143283 -0.059405 -0.168854 -0.048610 -0.121584 0.119823 -0.097646 -0.222821 -0.151167 -0.111325 -0.006227 -0.087015
0.138972 0.386829 -0.125510 0.084785 -0.100246 0.084076 -0.062178 0.169653 -0.179751 -0.158264 0.114721 0.289515 -0.326621 -0.240824 -0.038899 -0.133843 0.119611 0.347162 0.384151 1.000000 -0.200174 0.044399 -0.220117 0.310205 -0.297262 0.085845 -0.112588 0.003470 0.089155 0.197368 0.104625 0.267610 0.438121 0.466351 -0.299592 -0.223231 -0.128966 0.030923 -0.408708 -0.194510 -0.195968 -0.250222 0.057507 -0.005093 0.125000 0.192001 -0.098743 -0.203766 -0.015161 0.075722 0.145080 0.018130 -0.279561 0.162891 -0.346753 -0.307064 0.015601 0.040887 0.154266 0.294342 0.171589 0.096228 0.414226 0.237621 -0.159420 -0.114666 0.047836 0.058680 0.112499 0.010432 -0.226698 -0.101172 -0.072196 0.004258 0.111992 -0.221736 0.037175 -0.225905 0.142502 0.131787 -0.001337 0.019325 0.031279 0.034014 -0.094171 0.302638 0.206217 0.083429 -0.397532 -0.105144 -0.028696 -0.075095 -0.143366 -0.279267 -0.302192 -0.505684 -0.268268 -0.038832 -0.262866 -0.356426 -0.204495 -0.102981 -0.522597 -0.528165 -0.200160 -0.096842 -0.497091 -0.426753 -0.353954 -0.242452 -0.296686 0.236759 -0.276650 -0.631160 -0.310761 -0.483462
-0.090133 -0.293808 0.119434 0.189488 0.432063 0.484958 -0.141302 -0.470988 0.049297 -0.462591 0.109492 -0.303022 -0.035075 -0.235163 0.408144 0.261026 -0.022031 -0.349338 0.270825 -0.200174 1.000000 0.552975 0.596466 0.205190 0.380080 0.588687 0.559561 0.691369 -0.103999 -0.249133 0.289025 0.273825 -0.054937 -0.302896 0.425727 0.122635 0.194363 0.237636 0.522264 0.198111 0.361348 0.098210 -0.123750 -0.086335 -0.488174 -0.486750 -0.263392 -0.180957 -0.263596 -0.515628 0.073912 -0.441519 0.009229 -0.303104 0.380473 0.065744 0.207329 0.127931 -0.084317 -0.096184 -0.037994 -0.404823 -0.518750 -0.189868 0.104249 -0.216955 0.295958 0.071276 0.038105 0.245104 0.321717 0.162309 -0.073092 -0.121610 -0.056075 0.098125 0.141709 0.269748 -0.171068 0.053708 -0.131624 -0.267531 0.279740 -0.204446 0.281768 -0.018040 0.257473 0.395207 0.268178 -0.085877 -0.368843 -0.161415 -0.063144 0.133001 0.165539 0.248232 0.212458 0.163345 -0.182074 -0.041126 -0.148246 -0.058283 -0.071913 0.273831 0.024595 0.070394 0.151181 0.022271 0.082564 0.355460 0.285834 -0.478321 -0.108218 0.336748 0.330512 0.224487
-0.081435 -0.412758 -0.104973 0.089778 0.379584 0.594051 -0.324343 -0.512731 -0.218787 -0.503488 0.208203 -0.271217 -0.056791 -0.284026 0.300070 0.026051 -0.102089 -0.215355 0.209335 0.044399 0.552975 1.000000 0.449210 0.363650 0.308244 0.639375 0.462148 0.703036 -0.058195 -0.181838 0.300545 0.379837 0.088909 -0.256465 0.342887 0.054916 -0.084784 0.411920 0.285193 0.272584 0.197499 0.243149 0.063124 -0.073003 -0.207326 -0.324904 -0.107454 -0.117003 -0.216921 -0.137566 0.174670 -0.386010 0.086244 -0.014301 0.159259 0.138119 0.249740 0.242984 -0.223447 -0.027729 -0.034842 -0.290451 -0.384042 -0.107437 0.221870 -0.332076 0.391794 -0.023415 0.203925 0.485108 0.026657 0.081645 -0.206388 -0.179136 0.055791 -0.038224 -0.060604 -0.086908 -0.080074 0.258067 -0.047569 0.014170 0.291664 -0.217328 0.351812 0.010924 0.387226 0.442664 0.229030 -0.075819 -0.383249 -0.267496 -0.164736 0.016916 0.046363 -0.003762 0.002137 0.039411 -0.321912 -0.133687 -0.327959 -0.005832 -0.286696 -0.006977 -0.044743 0.222596 -0.227194 -0.142133 0.097840 0.128355 0.111902 -0.200719 -0.355331 -0.009064 0.280423 0.248648
-0.029486 -0.494682 0.322393 0.169341 0.240448 0.151627 0.029802 -0.487742 0.459036 -0.246614 0.311919 -0.534496 0.230307 -0.200914 0.732605 0.438220 -0.038540 -0.411108 0.209884 -0.220117 0.596466 0.449210 1.000000 0.406687 0.168575 0.328946 0.408849 0.568028 0.009501 -0.415069 0.323332 0.297914 -0.196647 -0.409428 0.212617 0.112106 0.111171 -0.052137 0.313695 -0.022277 0.163845 -0.010469 -0.265101 -0.098641 -0.314494 -0.336272 -0.314463 -0.146860 -0.126192 -0.201179 -0.150488 -0.209050 0.039288 -0.073015 0.335492 0.013855 0.112742 -0.038657 -0.096759 -0.057785 -0.221812 -0.375169 -0.558449 -0.254747 0.130084 -0.295851 0.008955 -0.143497 -0.224769 0.144952 0.403871 0.040366 -0.092722 -0.327903 -0.157084 -0.034125 -0.000589 0.087207 -0.141027 -0.121063 -0.014542 -0.273137 0.361456 -0.152201 0.392068 -0.237067 0.219911 0.126260 0.487936 0.153560 -0.050899 0.241922 -0.040684 0.324331 -0.007179 -0.062030 -0.032289 -0.165016 0.030598 0.042084 -0.073974 0.280361 0.025703 0.345788 0.101989 0.192234 0.127487 0.103802 -0.119768 0.110043 0.168618 -0.274729 0.029157 0.213686 0.141919 0.148928
-0.397421 -0.298523 -0.268905 0.373474 -0.009179 0.424888 -0.314622 -0.146772 -0.085820 -0.254652 -0.093706 -0.377702 -0.383300 -0.465911 0.192937 0.096449 -0.243694 -0.103720 -0.013575 0.310205 0.205190 0.363650 0.406687 1.000000 0.000461 0.456634 0.270907 0.439520 -0.294518 -0.251250 0.173499 0.412086 -0.208523 -0.291463 0.080406 0.041262 -0.123807 0.193098 -0.099176 -0.091047 -0.154060 -0.306540 0.216836 0.189261 0.009979 0.137074 0.073644 0.049083 -0.218504 0.021475 0.162396 -0.190165 -0.173484 0.028784 0.097079 0.015687 0.016397 -0.125484 -0.433802 -0.111021 -0.342999 -0.468100 -0.201374 -0.191408 0.063226 -0.168427 0.299330 0.305742 -0.212669 0.077349 0.120969 0.112102 -0.459884 0.006443 -0.040507 -0.141761 -0.101312 0.026305 0.103403 -0.014227 -0.203015 -0.284232 -0.044459 -0.446199 0.227900 0.294789 0.388269 0.374388 0.221557 0.172971 0.092093 0.069761 0.080127 0.155152 -0.125603 -0.237239 -0.122086 -0.093394 -0.067781 0.032516 0.012884 0.213035 -0.184182 -0.099211 0.155710 0.383054 -0.248497 -0.072770 -0.044723 -0.093137 0.006547 0.229064 0.045080 -0.300322 0.127319 0.008044
0.008214 -0.327855 -0.058877 -0.088412 0.682808 0.567420 -0.133894 -0.341158 -0.044009 -0.246879 0.025368 -0.347439 0.041488 -0.069918 0.075215 -0.122872 0.091570 -0.071479 -0.162411 -0.297262 0.380080 0.308244 0.168575 0.000461 1.000000 0.315177 0.600262 0.392277 -0.231268 -0.332894 -0.160696 -0.317627 -0.153784 -0.467199 0.418464 0.000843 0.036080 0.217026 0.238126 0.068161 0.032435 0.017179 0.218867 0.220938 0.002487 -0.099856 0.004163 0.101411 -0.302699 -0.044987 0.348209 0.019820 -0.008291 0.258628 0.140824 0.171741 0.445427 0.405860 -0.081194 -0.098093 0.084098 0.077475 -0.234117 0.157188 0.090009 -0.062472 0.107065 -0.070628 0.134601 0.337976 -0.023431 -0.338707 -0.207305 -0.126097 -0.174726 0.011389 -0.085083 -0.232052 0.006655 0.229084 -0.132673 -0.051032 -0.136322 -0.435892 0.093795 -0.131569 0.188485 0.265035 0.164790 0.154670 0.033249 -0.165285 -0.027323 -0.072801 0.040678 0.027574 0.082538 0.023912 -0.013539 0.095377 -0.044180 0.101049 0.091416 0.185090 0.108139 0.091281 -0.005750 -0.125929 0.062926 0.067186 0.178336 -0.213624 -0.178268 0.197062 0.187340 0.162982
-0.314617 -0.345906 -0.368472 0.292430 0.180965 0.561363 -0.549228 -0.453278 -0.390192 -0.623359 -0.044435 -0.162783 -0.325703 -0.326609 0.089020 0.026850 -0.213300 -0.084838 0.189292 0.085845 0.588687 0.639375 0.328946 0.456634 0.315177 1.000000 0.480313 0.766546 -0.238084 -0.037516 0.368143 0.514804 0.072695 -0.257889 0.478402 0.186401 -0.051453 0.447593 0.242496 0.319128 0.205946 -0.050288 0.236804 0.151253 -0.139559 -0.156797 0.121888 -0.047743 -0.336619 -0.270202 0.504573 -0.342963 -0.020342 -0.105784 0.279774 0.202374 0.079832 0.136881 -0.390996 -0.252759 -0.166411 -0.563721 -0.328718 -0.174939 0.266094 -0.222474 0.615864 0.329341 0.045664 0.258370 -0.112449 0.298434 -0.304220 0.075826 0.058837 0.098214 0.115068 0.069146 0.068460 0.295801 -0.349662 -0.174758 0.052262 -0.414341 0.209176 0.307928 0.345376 0.640960 0.145003 -0.104762 -0.494489 -0.394633 -0.120189 -0.078734 0.173103 0.110637 0.042445 0.028385 -0.346454 -0.177605 -0.198659 -0.063824 -0.276437 -0.050038 -0.023693 0.300428 -0.255755 -0.241081 0.186634 0.055283 0.146737 -0.084986 -0.247511 -0.010847 0.443697 0.269860
-0.046648 -0.398292 -0.194731 -0.117318 0.484486 0.715597 -0.235001 -0.663988 -0.018118 -0.606014 0.154636 -0.454509 0.048903 -0.189889 0.230550 -0.105661 0.013134 -0.065953 0.096862 -0.112588 0.559561 0.462148 0.408849 0.270907 0.600262 0.480313 1.000000 0.642875 -0.214075 -0.278788 -0.110565 -0.138415 0.004526 -0.477323 0.368848 0.052139 0.317211 0.400022 0.503452 0.316074 0.225669 0.099741 0.229126 0.226929 -0.210860 -0.226584 -0.148424 -0.028372 -0.385048 -0.272874 0.248651 -0.251765 0.120079 0.190122 0.267359 0.275611 0.494235 0.457154 -0.036689 -0.051636 0.113157 -0.104288 -0.286210 0.209580 0.153452 -0.346270 0.240012 -0.124890 0.124951 0.443312 -0.024405 -0.192487 -0.264943 -0.314602 -0.218050 -0.163911 -0.038679 -0.256615 0.010797 0.247894 -0.107727 0.001288 -0.018904 -0.431141 0.301000 -0.112733 0.191540 0.450596 0.183456 0.146196 -0.192487 -0.230333 -0.181060 -0.045314 0.185797 0.085831 0.054175 0.122156 -0.209430 0.093255 -0.332954 0.040107 -0.070531 0.197732 0.088416 0.198617 -0.115104 0.010355 0.139496 0.212597 0.097724 -0.238525 -0.189843 0.180599 0.311219 0.266454
-0.162662 -0.493867 -0.251276 0.132407 0.316404 0.629179 -0.473058 -0.753680 -0.204000 -0.765473 0.146658 -0.466841 -0.167598 -0.366747 0.343257 0.104490 -0.052824 -0.230696 0.343632 0.003470 0.691369 0.703036 0.568028 0.439520 0.392277 0.766546 0.642875 1.000000 -0.256221 -0.357141 0.188499 0.310725 -0.025237 -0.491969 0.554927 0.185401 0.153296 0.477863 0.436345 0.370291 0.245465 0.038067 0.099029 0.145435 -0.300810 -0.276957 -0.133035 -0.098868 -0.340411 -0.228671 0.239936 -0.303754 -0.079116 0.012346 0.406549 0.282338 0.315822 0.326354 -0.186312 -0.055630 -0.042088 -0.372289 -0.491019 -0.034612 0.249838 -0.354003 0.436379 0.043400 0.206272 0.457904 0.049856 -0.085217 -0.305280 -0.197706 -0.096280 -0.050066 0.078390 -0.099536 -0.082353 0.278969 -0.255423 -0.129221 0.229025 -0.471385 0.382834 -0.033178 0.466935 0.621251 0.305151 -0.021109 -0.361970 -0.271234 -0.032574 0.056154 0.159514 0.086066 0.141169 0.216131 -0.223271 0.001149 -0.263741 0.138785 -0.035374 0.225679 0.148082 0.295488 -0.044578 -0.004132 0.021645 0.235735 0.173661 -0.374765 -0.254885 0.164960 0.437763 0.292907
0.671378 0.311228 0.370990 -0.566170 -0.120208 -0.416779 0.473328 -0.000097 0.255941 0.001772 0.769671 0.475783 0.535060 0.387695 0.462601 0.006681 0.483774 0.320364 0.152467 0.089155 -0.103999 -0.058195 0.009501 -0.294518 -0.231268 -0.238084 -0.214075 -0.256221 1.000000 0.507067 0.421123 0.261253 0.151747 0.374422 -0.381933 -0.398311 0.326949 -0.084870 -0.057311 -0.247800 0.476255 0.114774 -0.484355 -0.419381 -0.264002 -0.268113 -0.438941 -0.466885 -0.069421 -0.085934 -0.472990 0.112967 0.002483 0.086272 -0.296398 -0.421708 0.089046 -0.023889 0.126954 0.120257 0.099075 0.058122 0.313885 0.113831 -0.175521 -0.282813 -0.526384 -0.500150 -0.244130 -0.095814 0.303593 0.143513 0.850679 0.088771 0.549766 0.158407 0.342326 0.136376 0.308170 0.096872 0.731578 0.401644 0.541071 0.635805 0.292181 -0.088064 -0.105635 -0.354353 -0.149250 -0.154691 -0.140476 0.001292 -0.528625 -0.305597 -0.244844 -0.232651 -0.542998 -0.554700 -0.335486 -0.492231 -0.419595 -0.303615 -0.468389 -0.357720 -0.463010 -0.375175 -0.139377 -0.252732 -0.131883 -0.312760 -0.510080 0.117206 -0.418179 -0.251671 -0.358065 -0.127271
0.216590 0.314891 -0.083098 -0.246757 -0.214739 -0.225415 0.187969 0.253127 -0.162581 0.080769 0.214098 0.570863 0.219104 0.393361 -0.128388 -0.116459 0.022519 0.488716 0.042181 0.197368 -0.249133 -0.181838 -0.415069 -0.251250 -0.332894 -0.037516 -0.278788 -0.357141 0.507067 1.000000 0.353976 0.299301 0.268589 0.518205 -0.198021 -0.059307 -0.026142 -0.037517 -0.314511 -0.106956 0.159198 0.086755 0.042609 -0.182980 0.155528 0.087560 0.163540 -0.129387 0.006486 -0.101214 0.056999 -0.051181 0.054646 -0.032193 -0.371066 -0.203817 -0.157666 -0.060448 -0.022091 -0.061732 0.129456 -0.032813 0.412228 0.062951 0.155759 0.009985 -0.022461 -0.042724 -0.120723 -0.113888 -0.273251 0.519043 0.560933 0.353367 0.459450 0.225609 0.162179 -0.006752 0.347174 0.159292 0.205406 0.290986 -0.044979 0.388756 -0.049052 0.122917 -0.327591 -0.212556 -0.328539 -0.519720 -0.254122 -0.328155 -0.430531 -0.433206 -0.124717 -0.167906 -0.357639 -0.329308 -0.355702 -0.389543 -0.294926 -0.460012 -0.530947 -0.578934 -0.330873 -0.105271 -0.521136 -0.392517 0.002133 -0.317676 -0.432691 0.375555 -0.308506 -0.270387 -0.061754 -0.022378
0.101005 -0.016142 0.185827 0.022307 -0.015553 -0.170757 0.089964 -0.087926 0.042015 -0.183150 0.340006 0.141528 -0.000128 -0.047101 0.428004 0.220084 -0.017844 0.022501 0.251724 0.104625 0.289025 0.300545 0.323332 0.173499 -0.160696 0.368143 -0.110565 0.188499 0.421123 0.353976 1.000000 0.852976 0.085988 0.158291 0.056664 -0.070603 -0.213788 -0.119406 -0.172678 -0.122934 0.327377 0.028937 -0.209723 -0.240053 -0.108629 -0.234108 -0.145821 -0.165488 -0.280541 -0.065041 -0.008517 -0.254252 -0.128629 -0.147318 -0.338367 -0.263712 -0.063091 -0.028233 -0.303214 -0.340898 -0.079026 -0.389442 -0.093630 -0.190662 0.389335 -0.212000 0.088532 -0.040580 -0.210512 0.192960 0.184695 0.581306 0.310642 0.112737 0.369682 0.102802 0.154581 0.077958 0.271871 0.237785 0.189600 0.043837 0.430346 0.330809 0.420100 0.193151 -0.129789 -0.015320 -0.018131 -0.398326 -0.402935 -0.221985 -0.386598 -0.129020 -0.129946 -0.201536 -0.432610 -0.373633 -0.479923 -0.485523 -0.272278 -0.202325 -0.561619 -0.370334 -0.386950 -0.049090 -0.302807 -0.351586 -0.002937 -0.386083 -0.209403 -0.063370 -0.389799 -0.126902 0.091130 0.044558
-0.099975 -0.015069 0.027027 0.196322 -0.103328 -0.075173 -0.086022 -0.061756 -0.147233 -0.217974 0.162061 0.145690 -0.196636 -0.150930 0.341417 0.242598 -0.159658 -0.075994 0.231090 0.267610 0.273825 0.379837 0.297914 0.412086 -0.317627 0.514804 -0.138415 0.310725 0.261253 0.299301 0.852976 1.000000 0.061795 0.204401 0.066713 0.075211 -0.200182 -0.002794 -0.146715 -0.060282 0.231970 -0.001436 -0.162571 -0.222999 -0.098768 -0.127545 -0.061693 -0.172419 -0.243522 -0.105187 -0.001954 -0.347649 -0.168667 -0.240871 -0.155108 -0.270553 -0.179724 -0.175967 -0.344055 -0.207129 -0.173850 -0.502515 -0.083459 -0.281622 0.318757 -0.165475 0.222823 0.199123 -0.247229 0.075722 0.128235 0.640994 0.077721 0.129639 0.287670 0.060375 0.103197 0.233281 0.152809 0.105485 0.036972 -0.058375 0.376698 0.264101 0.333374 0.296575 0.044474 0.140576 0.019598 -0.385688 -0.394499 -0.120444 -0.267102 -0.039663 -0.119132 -0.183692 -0.374877 -0.300971 -0.422738 -0.453673 -0.205130 -0.220000 -0.556195 -0.370408 -0.265911 0.023629 -0.291194 -0.343186 0.037300 -0.268305 -0.145522 0.084937 -0.289444 -0.168548 0.155656 0.023612
0.358574 0.227317 0.080176 -0.028048 0.024062 0.017899 -0.020071 -0.068110 -0.263520 -0.284957 0.208270 0.343492 0.036899 -0.064651 -0.126202 -0.221286 0.183260 0.273395 0.618552 0.438121 -0.054937 0.088909 -0.196647 -0.208523 -0.153784 0.072695 0.004526 -0.025237 0.151747 0.268589 0.085988 0.061795 1.000000 0.570700 -0.179606 -0.133774 -0.047774 0.023899 0.001409 0.073514 -0.000095 0.082552 -0.115910 -0.262069 -0.090230 -0.167977 -0.188184 -0.255497 0.091155 -0.213174 0.110502 -0.258378 -0.102420 -0.022451 -0.304407 -0.271991 0.153708 0.294806 0.375395 0.288715 0.357792 0.069576 0.183561 0.353749 -0.111498 -0.308900 0.195850 0.019535 0.348832 0.190652 -0.259538 -0.024774 0.203969 -0.040681 0.202905 -0.009254 0.154252 -0.186345 0.106667 0.363649 0.049673 0.135466 0.025124 0.072034 -0.117677 0.015095 -0.111442 0.099845 -0.507647 -0.487040 -0.150088 -0.152379 -0.349791 -0.279099 0.105082 -0.125730 -0.129011 0.100003 -0.235638 -0.278426 -0.339511 -0.397999 -0.366160 -0.273136 -0.177502 -0.043137 -0.331440 -0.144274 0.039262 -0.000640 -0.133515 0.061917 -0.221743 -0.204265 -0.201188 -0.109369
0.280332 0.671109 0.292031 0.062097 -0.136035 -0.427180 0.327954 0.539011 -0.055016 0.278471 -0.023687 0.712366 0.095129 0.240878 -0.159203 0.004866 0.058468 0.233440 0.307008 0.466351 -0.302896 -0.256465 -0.409428 -0.291463 -0.467199 -0.257889 -0.477323 -0.491969 0.374422 0.518205 0.158291 0.204401 0.570700 1.000000 -0.418247 -0.084222 -0.095110 -0.322830 -0.401045 -0.345531 -0.086862 -0.005459 -0.241620 -0.375221 0.022127 0.079898 -0.181147 -0.299638 0.212918 -0.158827 -0.066547 -0.063381 -0.181400 -0.291188 -0.388159 -0.516560 -0.277450 -0.158997 0.321575 0.186953 0.265657 0.120738 0.484158 0.094334 -0.087047 0.171780 -0.175162 0.136492 -0.063396 -0.259871 -0.221985 0.292094 0.378030 0.185500 0.392151 0.027147 0.192777 0.110146 0.139614 -0.062339 0.149131 0.090017 -0.032740 0.527498 -0.332247 0.151712 -0.318908 -0.300662 -0.489096 -0.485995 -0.086558 0.005177 -0.361038 -0.320118 -0.094176 -0.228978 -0.285720 -0.108674 -0.261962 -0.489894 -0.098486 -0.368265 -0.427198 -0.529336 -0.318410 -0.328992 -0.234751 -0.273527 -0.003950 -0.183530 -0.264770 0.233074 -0.171619 -0.375755 -0.422773 -0.340073
-0.442524 -0.525882 -0.425603 0.170007 0.298588 0.397409 -0.499895 -0.505107 -0.331987 -0.424781 -0.146205 -0.422613 -0.093145 -0.219139 0.016028 0.066498 -0.309965 -0.379334 -0.040318 -0.299592 0.425727 0.342887 0.212617 0.080406 0.418464 0.478402 0.368848 0.554927 -0.381933 -0.198021 0.056664 0.066713 -0.179606 -0.418247 1.000000 0.469266 -0.014407 0.321815 0.459421 0.400615 0.098723 0.152644 0.147860 0.156088 0.046927 0.063584 0.131486 0.124545 -0.228245 -0.088389 0.172585 -0.241270 0.035046 -0.215537 0.324850 0.377300 0.081248 0.180488 -0.367823 -0.296828 -0.260906 -0.342588 -0.638275 -0.264272 0.554274 0.054237 0.529648 0.282594 0.189644 0.293332 -0.056239 -0.007065 -0.229358 -0.076539 -0.102734 0.073626 0.035034 0.018467 -0.088365 0.197482 -0.305454 -0.087938 0.027140 -0.326341 0.208377 -0.089709 0.205405 0.510580 0.343117 -0.104756 -0.317177 -0.355297 0.177412 0.099484 0.367133 0.471590 0.355154 0.391539 -0.138354 0.128078 -0.069817 0.084931 0.189125 0.312300 0.138693 0.183017 0.195187 0.211892 0.281024 0.346452 0.434114 -0.528595 -0.058279 0.402377 0.579715 0.445598
-0.552722 -0.309314 -0.095397 0.441426 0.028597 0.004507 -0.181129 -0.089173 -0.177950 0.001547 -0.371839 -0.294909 -0.051325 0.058687 -0.002324 0.267207 -0.656337 -0.546825 0.070346 -0.223231 0.122635 0.054916 0.112106 0.041262 0.000843 0.186401 0.052139 0.185401 -0.398311 -0.059307 -0.070603 0.075211 -0.133774 -0.084222 0.469266 1.000000 -0.167975 -0.099429 0.208388 0.254973 0.033746 0.023764 0.127947 0.185511 0.268015 0.474234 0.214573 0.429718 0.015319 0.078186 0.079370 0.067922 -0.150619 -0.303896 0.256285 0.317818 -0.373051 -0.309048 -0.191308 -0.090819 -0.326715 -0.369670 -0.392933 -0.398238 0.459840 0.428457 0.349864 0.535934 -0.200498 -0.199492 -0.276451 0.223836 -0.335046 -0.166978 -0.395423 -0.019966 -0.140178 0.171318 -0.497823 -0.388928 -0.551770 -0.458834 -0.100277 -0.070350 -0.244325 -0.158157 -0.220438 0.140603 0.002660 -0.283897 -0.259012 -0.122557 0.109744 0.072299 0.330941 0.418007 0.317106 0.427645 0.079653 0.259158 0.221048 0.066709 0.206008 0.193263 0.227855 0.229596 0.195926 0.251234 0.256426 0.404226 0.471874 -0.149836 0.339384 0.436923 0.511606 0.296068
