1.000000 0.272359 0.501074 0.173130 -0.000104 0.061357 0.330861 -0.078632 0.048547 -0.246521 0.465542 0.318162 0.452479 0.260887 0.050310 0.256533 0.017228 -0.010470 0.438343 0.579460 0.063580 -0.067879 0.504499 0.273071 0.326023 0.263771 -0.081144 -0.008325 0.208176 -0.141795 0.201904 -0.047001 0.353352 0.143704 -0.452537 -0.237709 -0.178645 -0.240691 -0.248635 -0.176082 0.025199 -0.063929 -0.184888 -0.123644 -0.309640 -0.269891 -0.424000 -0.190528 -0.315242 0.034133 -0.319517 0.021112 -0.214652 -0.087640 -0.277855 -0.235013 0.279696 0.158578 0.102875 0.071268 0.350447 0.373464 -0.007310 0.018049 -0.198093 -0.194794 -0.196859 -0.170590 0.012129 0.075087 0.491274 -0.111888 0.101612 0.140208 0.262042 0.262014 0.065708 -0.123817 -0.227859 -0.143055 -0.022470 -0.231135 -0.028101 0.134022 -0.015586 0.139090 0.234929 0.166692 0.176291 0.078890 0.151181 0.312654 0.070679 0.268730 -0.268773 -0.178271 -0.455077 -0.059987 -0.042448 0.043861 -0.123567 0.224941 -0.161392 -0.000902 -0.221799 -0.238763 -0.251932 -0.167251 -0.018349 -0.331422 -0.477739 -0.274635 0.207670 0.115010 -0.216157 -0.292860
0.272359 1.000000 0.097870 0.376485 -0.181850 -0.131804 0.155725 0.582481 -0.129054 0.284777 -0.110217 0.570963 0.030293 0.448078 -0.223095 0.099344 -0.236579 0.091789 0.439897 0.378685 -0.018020 -0.110817 -0.214749 -0.053322 0.095964 -0.026999 -0.234331 -0.302638 -0.050716 -0.023856 0.009143 -0.076610 0.400337 0.293225 0.014573 -0.278937 -0.229818 -0.423382 -0.322614 -0.276806 -0.250772 -0.292261 -0.220762 -0.143099 -0.209256 -0.226134 -0.188996 -0.271154 0.122389 -0.060081 0.004432 -0.212345 -0.338075 -0.477023 -0.237800 -0.437763 0.155095 0.412900 0.394316 0.273938 0.575873 0.248067 0.029625 -0.056405 0.284906 0.516031 0.248851 -0.103759 0.614828 0.428146 -0.016621 0.148036 -0.071488 0.135973 0.096258 0.137101 -0.056030 -0.035877 -0.166556 -0.079337 -0.177026 -0.230367 -0.237765 -0.078728 -0.415950 -0.223713 -0.218156 -0.267941 -0.440118 -0.280879 0.156350 -0.165069 0.192879 0.159659 -0.021543 -0.113575 -0.378358 -0.194412 0.046340 -0.063843 0.246243 0.198286 0.276656 0.105967 -0.033704 -0.147558 -0.122620 -0.225457 0.052445 -0.009014 -0.371920 -0.063453 0.305285 0.149136 -0.144324 -0.158862
0.501074 0.097870 1.000000 0.424148 0.115062 0.247089 0.717451 0.182648 0.141862 0.016276 0.464352 0.298798 0.545021 0.310856 0.086284 0.329874 0.034436 -0.346753 0.299922 0.227242 0.402406 0.187194 0.694002 0.524608 0.186601 0.196295 -0.016689 0.045898 0.198418 -0.060910 0.544836 0.429524 0.050655 0.010293 -0.392692 -0.276068 0.049331 -0.036344 -0.025524 -0.018278 0.072209 0.130450 -0.481097 -0.443647 -0.636173 -0.570215 -0.446274 -0.377626 -0.549739 -0.380341 -0.354353 -0.124871 -0.349183 -0.164945 -0.035377 -0.123414 -0.186156 -0.334325 -0.408537 -0.471511 -0.114872 -0.064262 -0.050833 -0.234741 0.092046 -0.085278 -0.466356 -0.450373 -0.031145 -0.169920 0.470838 -0.054024 0.172563 0.205384 0.075276 0.260974 0.096924 -0.132659 -0.139219 -0.166390 -0.077723 -0.222251 -0.012997 0.132563 0.028776 0.046213 0.231138 0.109180 0.329119 0.184978 0.104628 0.415605 -0.050490 0.415934 0.095345 0.038700 -0.219097 0.133506 0.079360 0.291243 -0.031646 0.295179 0.103855 0.265350 0.136659 0.144443 0.228174 0.155606 0.000450 -0.049196 -0.254222 0.029413 0.277577 0.254237 0.213155 0.025301
0.173130 0.376485 0.424148 1.000000 0.081973 0.174892 0.247928 0.623273 -0.016081 0.265232 0.183975 0.511159 0.309972 0.420254 0.121368 0.397188 -0.103079 -0.129264 0.543660 0.403912 0.412381 0.320387 0.337787 0.476208 0.316434 0.190760 0.056964 0.049044 0.062352 -0.039668 0.495872 0.517365 0.184612 0.214973 -0.082156 -0.273565 -0.013053 -0.295342 -0.025629 -0.122969 -0.054585 -0.155467 -0.337788 -0.343457 -0.373216 -0.313342 -0.431594 -0.400995 -0.159183 -0.231151 -0.058671 -0.300205 -0.309544 -0.321250 -0.232040 -0.434147 -0.101864 -0.243515 0.042869 -0.120239 -0.061570 -0.026572 -0.023280 -0.336162 0.076882 -0.058847 -0.132160 -0.215307 0.111515 -0.042915 0.219100 0.285847 -0.004357 0.140049 0.070474 0.204967 0.119180 -0.038452 -0.189586 -0.080991 -0.092026 -0.198924 0.012255 0.133648 -0.012919 -0.021708 0.025721 0.118889 0.016368 -0.073593 0.005508 0.066070 -0.090671 0.054919 0.075462 0.169595 -0.201532 -0.154561 0.023253 -0.023181 -0.070816 0.165707 0.113289 0.146332 0.092908 -0.018868 0.160334 -0.045241 0.172375 0.071786 -0.346033 -0.137352 0.179163 0.113675 0.022678 -0.116413
-0.000104 -0.181850 0.115062 0.081973 1.000000 0.667944 -0.037218 -0.095998 0.842088 0.521606 0.098658 -0.081065 0.289626 0.012008 0.896590 0.423403 -0.134069 -0.061159 -0.052934 0.016427 0.128603 0.010543 0.241604 0.253096 0.165294 0.145855 0.908657 0.799831 0.002685 -0.048421 0.171838 0.073877 0.041821 -0.064899 -0.295099 -0.030548 0.378668 -0.017466 0.649221 0.479034 0.462457 0.083782 0.157671 0.149385 0.016107 0.008869 0.112904 0.134081 -0.050437 0.228448 0.093238 0.103725 0.131729 0.288656 0.141788 0.225267 -0.126424 -0.213114 -0.091960 -0.194806 -0.278841 -0.127586 -0.223391 -0.221845 -0.168305 -0.191089 -0.238384 -0.226920 -0.176366 -0.067228 0.026199 -0.163749 0.075614 -0.062132 -0.146760 -0.212359 -0.276729 -0.323394 -0.075009 -0.079083 -0.082955 -0.136501 0.750141 0.163444 0.164142 -0.099663 0.076865 0.020501 0.477187 0.165515 -0.792743 -0.116638 -0.676275 -0.356750 0.136332 0.098639 0.270288 0.018935 -0.488033 -0.178978 -0.336507 -0.131333 -0.385970 -0.122894 -0.005925 0.059307 0.143793 0.083172 -0.314044 -0.337387 -0.099467 -0.012843 -0.489621 -0.669519 -0.128680 -0.106455
0.061357 -0.131804 0.247089 0.174892 0.667944 1.000000 0.020054 0.016627 0.512235 0.395248 0.107881 0.009395 0.054872 -0.160969 0.511355 0.351403 -0.221289 -0.156036 0.010067 0.067160 0.367061 0.374274 0.496393 0.534031 0.210990 0.447966 0.530121 0.630110 -0.141555 -0.223745 0.209653 0.029172 0.026225 -0.224963 -0.000712 0.075370 0.003777 -0.097241 0.216725 0.070404 0.049427 -0.121164 0.243877 0.263199 0.029774 -0.049893 0.177927 0.168686 -0.019849 0.141849 0.242463 0.120475 -0.050921 0.099578 -0.008993 0.127060 -0.039972 -0.108028 -0.009010 -0.236522 -0.163107 -0.151445 -0.503574 -0.431247 -0.039249 -0.309112 -0.126830 -0.182903 0.100071 0.200115 0.177224 -0.160964 -0.154393 -0.032970 -0.097617 -0.090324 -0.293081 -0.375739 -0.217346 -0.039639 -0.256978 -0.336091 0.235681 0.079906 0.009210 -0.082815 -0.001191 -0.117038 0.278606 -0.051894 -0.345666 0.000704 -0.370111 -0.124561 -0.088883 -0.158971 0.040224 -0.217244 -0.106648 -0.019499 -0.310487 0.002216 -0.263532 0.028106 -0.022958 -0.080303 0.056989 -0.060948 -0.224035 -0.214485 -0.212039 0.136056 -0.153042 -0.296711 -0.118984 -0.244772
0.330861 0.155725 0.717451 0.247928 -0.037218 0.020054 1.000000 0.352008 -0.090188 0.126125 0.306237 0.278201 0.512060 0.455710 -0.068518 0.226623 0.026705 -0.210971 0.068566 0.079931 0.254746 0.097297 0.278883 0.445688 -0.060519 -0.070464 -0.178831 -0.153880 0.247121 0.058728 0.389714 0.422721 -0.146409 0.091730 -0.330032 -0.041239 0.136074 0.120142 -0.225505 -0.097461 0.081113 0.235367 -0.510126 -0.480144 -0.499009 -0.337738 -0.460904 -0.444862 -0.425719 -0.442546 -0.285511 0.172932 -0.250731 -0.071199 0.099034 -0.234047 -0.389963 -0.473540 -0.417156 -0.374492 -0.140886 -0.056300 0.158793 -0.231883 0.075162 0.247966 -0.380772 -0.202159 -0.190808 -0.399355 0.373315 -0.122820 0.234830 0.358092 0.172840 0.320550 0.339441 0.234881 -0.032619 -0.224293 0.088435 -0.010106 -0.113785 0.211507 0.032526 0.132350 0.174288 -0.003081 0.272314 0.323806 0.196836 0.383214 0.011972 0.315554 0.267690 0.319972 -0.259012 0.293293 0.059052 0.199898 0.014903 0.175270 0.156439 0.068311 -0.005580 -0.043809 0.152513 -0.052281 0.136910 0.210034 -0.136476 -0.093146 0.208785 0.251257 0.123224 -0.074403
-0.078632 0.582481 0.182648 0.623273 -0.095998 0.016627 0.352008 1.000000 -0.271336 0.465083 -0.239229 0.531045 -0.038836 0.533342 -0.126781 0.113834 -0.086077 -0.017569 0.402945 0.212952 0.134558 0.123253 -0.152940 0.112622 -0.075265 0.051527 -0.091958 -0.131852 -0.038672 0.033347 0.259082 0.301243 0.151829 0.227357 0.088471 -0.010684 -0.059353 -0.221949 -0.138478 -0.211934 -0.139600 -0.206379 -0.351999 -0.279324 -0.247625 -0.147661 -0.322230 -0.379604 0.108045 -0.266483 0.072328 -0.098330 -0.207821 -0.324153 -0.078086 -0.478139 0.012662 -0.059177 0.144565 0.063637 0.144007 0.032292 0.109104 -0.190370 0.196768 0.501318 0.154511 0.026672 0.394493 0.157089 0.101791 0.216615 -0.031605 0.276962 0.146659 0.117560 0.162972 0.127966 -0.126537 -0.189181 -0.076224 -0.183321 -0.115306 0.039553 -0.195690 -0.090558 -0.155304 -0.074654 -0.303905 -0.129683 0.041451 -0.210646 0.031048 -0.094128 0.082002 0.189178 -0.231650 -0.097766 0.003290 -0.152214 0.139341 -0.006955 0.277993 0.059735 0.068553 -0.085519 0.037038 -0.164483 0.194994 0.141249 -0.286906 -0.160183 0.072266 0.005948 -0.093107 -0.157270
0.048547 -0.129054 0.141862 -0.016081 0.842088 0.512235 -0.090188 -0.271336 1.000000 0.464090 0.250587 -0.137309 0.360541 -0.097201 0.841419 0.325435 -0.252043 -0.239127 -0.179437 -0.123975 -0.066629 -0.231959 0.284845 0.132515 0.242521 0.146031 0.809877 0.716982 -0.178340 -0.210831 0.021808 -0.090557 -0.100651 -0.287580 -0.171316 -0.038648 0.287925 -0.088017 0.561291 0.482091 0.319703 0.042072 0.179321 0.166744 -0.010478 -0.033056 0.210414 0.226164 -0.040573 0.224817 0.132574 0.038520 0.036248 0.150249 0.173431 0.285304 -0.143996 -0.099490 -0.027977 -0.232920 -0.126576 -0.219334 -0.320939 -0.263199 0.117473 -0.159394 -0.141938 -0.189212 -0.062466 0.019852 -0.130036 -0.331841 -0.090303 -0.163249 -0.232543 -0.212945 -0.322400 -0.308702 -0.182590 -0.160631 -0.249485 -0.247526 0.644311 -0.071027 0.181183 -0.127510 0.137917 -0.010155 0.445110 0.148573 -0.734355 -0.129436 -0.612588 -0.245522 0.093749 -0.043673 0.274566 0.038599 -0.450074 -0.145146 -0.201905 -0.022209 -0.297490 0.004097 0.160628 0.258979 0.216825 0.243683 -0.367787 -0.371092 -0.044079 0.094130 -0.407261 -0.573744 -0.046319 0.079695
-0.246521 0.284777 0.016276 0.265232 0.521606 0.395248 0.126125 0.465083 0.464090 1.000000 -0.100871 0.140162 0.114030 0.193491 0.412852 0.309772 -0.278112 -0.231218 -0.135736 -0.082884 0.021756 -0.099817 -0.153506 0.182333 -0.008170 0.003623 0.459172 0.372416 -0.213803 -0.104200 0.083064 0.061720 -0.210936 -0.083224 0.029407 0.122200 0.139531 -0.103904 0.271781 0.227547 0.074442 -0.103229 -0.070074 -0.058467 -0.117299 -0.110337 0.084347 -0.008353 0.074109 -0.141095 0.205567 0.025951 -0.013867 -0.005573 0.247718 -0.039518 -0.209145 -0.135397 0.036348 -0.196796 -0.054240 -0.292382 -0.094846 -0.354667 0.307258 0.360454 0.048130 -0.075383 0.208934 0.102483 -0.148947 -0.207984 -0.111319 0.055892 -0.085467 -0.059478 -0.045805 0.071905 -0.053123 -0.189506 -0.202255 -0.209900 0.296775 0.024070 -0.090435 -0.279094 -0.089888 -0.178745 0.147411 -0.028955 -0.433821 -0.249192 -0.360463 -0.309933 0.262684 0.288692 0.051621 0.134846 -0.231023 -0.148089 -0.013818 -0.045599 0.033816 0.033460 0.218482 0.150964 0.308029 0.018111 -0.072549 0.038354 -0.008580 0.100901 -0.275080 -0.376292 -0.039739 -0.005040
0.465542 -0.110217 0.464352 0.183975 0.098658 0.107881 0.306237 -0.239229 0.250587 -0.100871 1.000000 0.223761 0.654080 0.118406 0.217228 0.436448 0.121031 -0.312299 0.177440 0.149308 0.183112 -0.094584 0.541250 0.249605 0.125010 0.018375 -0.014846 -0.079155 0.168892 -0.024350 0.385960 0.322613 -0.129554 -0.065305 -0.413620 -0.130222 0.067543 -0.084510 -0.030195 -0.033267 0.129797 0.258429 -0.238348 -0.314031 -0.230496 -0.234289 -0.213061 -0.157563 -0.541607 -0.336256 -0.266047 -0.036006 -0.187143 0.115544 0.037398 -0.047453 -0.207030 -0.410019 -0.446071 -0.533573 -0.230954 -0.346058 0.043445 -0.237554 0.107274 -0.299618 -0.423729 -0.209826 -0.242689 -0.339360 0.136700 -0.335235 0.117460 0.200412 0.207822 0.225103 0.272935 0.093923 -0.182949 -0.333210 -0.013179 -0.137175 0.086439 0.117756 0.394362 0.196067 0.479142 0.265352 0.429978 0.147007 0.106160 0.414020 -0.014697 0.258864 0.071397 -0.011738 -0.143282 0.158493 0.031506 0.209699 -0.116034 0.207584 -0.212707 0.058313 0.097960 0.159540 0.195053 0.192693 -0.220786 -0.011033 0.004213 -0.007751 0.192121 0.243718 0.241462 0.168837
0.318162 0.570963 0.298798 0.511159 -0.081065 0.009395 0.278201 0.531045 -0.137309 0.140162 0.223761 1.000000 0.212683 0.643643 -0.036058 0.466855 0.132260 0.027760 0.510242 0.435246 0.289929 0.143341 0.089364 0.213374 0.178590 0.186307 -0.159246 -0.304403 0.247480 0.064924 0.451960 0.295678 0.267429 0.259830 -0.268363 -0.177601 -0.039748 -0.405647 -0.229731 -0.398610 -0.003565 -0.117864 -0.306744 -0.218862 -0.217924 -0.089803 -0.511656 -0.401314 -0.118529 -0.245763 -0.109651 -0.005794 -0.400196 -0.128591 -0.337008 -0.539598 0.161552 0.003054 -0.029497 0.008433 0.058370 0.006213 0.019642 -0.069155 0.080106 0.248825 -0.054420 -0.021392 0.344715 0.082694 0.300581 0.203817 0.244940 0.303584 0.435561 0.243529 0.149810 0.021180 -0.031480 -0.110750 0.050905 -0.186528 -0.098762 0.176294 0.043558 0.166972 0.030626 -0.111547 -0.144305 -0.051161 0.097248 -0.034730 0.208433 0.073952 -0.187663 -0.071223 -0.581688 -0.257774 -0.196579 -0.168977 0.106316 -0.008705 0.043187 -0.153776 -0.202539 -0.238171 -0.231962 -0.249197 -0.052614 -0.074994 -0.487831 -0.418383 0.135993 0.100854 -0.189515 -0.212299
0.452479 0.030293 0.545021 0.309972 0.289626 0.054872 0.512060 -0.038836 0.360541 0.114030 0.654080 0.212683 1.000000 0.384813 0.378287 0.457252 -0.088165 -0.283597 0.229587 0.214591 0.080704 -0.142504 0.414599 0.375738 0.202729 0.060363 0.184078 0.144559 0.191885 0.003125 0.542444 0.423183 -0.094135 0.063977 -0.500778 -0.170930 0.139403 -0.165117 0.021633 0.028923 0.217018 0.109638 -0.354221 -0.430400 -0.383367 -0.329692 -0.415474 -0.326408 -0.370529 -0.232262 -0.237999 0.057214 -0.144360 0.095296 0.031842 -0.267138 -0.311405 -0.417300 -0.243944 -0.289381 -0.131813 -0.110330 0.185850 -0.286529 -0.001764 -0.040373 -0.339583 -0.161479 -0.202687 -0.306930 0.186183 -0.102907 0.169655 0.053886 0.054291 0.156580 0.190205 0.059995 -0.183479 -0.398656 -0.032200 -0.083920 0.261724 0.233214 0.298051 0.109228 0.414177 0.211914 0.602573 0.254880 -0.123140 0.278714 -0.246193 0.108494 0.090643 0.088399 -0.197947 0.174521 -0.185908 -0.001262 -0.216788 0.127275 -0.159346 -0.023178 0.065245 0.080072 0.234030 0.108548 -0.226614 -0.153526 -0.157011 -0.256473 -0.040665 -0.017207 0.068282 0.034155
0.260887 0.448078 0.310856 0.420254 0.012008 -0.160969 0.455710 0.533342 -0.097201 0.193491 0.118406 0.643643 0.384813 1.000000 0.125341 0.614091 0.139570 0.205738 0.472135 0.404812 0.226500 0.173845 -0.135320 0.103853 -0.141099 -0.207458 0.030011 -0.169667 0.562534 0.513214 0.499730 0.581118 0.349157 0.632014 -0.416223 -0.116961 0.319549 0.015382 -0.020679 -0.015350 0.370677 0.221004 -0.558550 -0.521371 -0.387955 -0.263139 -0.613978 -0.591974 -0.190961 -0.425707 -0.376122 -0.167444 -0.164013 -0.220828 0.002275 -0.452796 -0.087321 -0.225788 -0.098360 -0.020826 0.161934 0.142339 0.424705 0.111358 -0.048879 0.406596 -0.080734 -0.078696 0.027472 -0.221793 0.256931 0.349020 0.558950 0.580585 0.480450 0.519691 0.377526 0.222917 0.160154 -0.091595 0.452623 0.241900 0.248907 0.481121 0.038375 0.170033 0.288737 0.188228 0.156329 0.226106 -0.152125 -0.103476 -0.230467 -0.132246 0.069304 0.148639 -0.463534 -0.012156 -0.416900 -0.253200 -0.258771 -0.111146 -0.205900 -0.100356 -0.126982 -0.141482 -0.103111 -0.131254 -0.014444 -0.122985 -0.519256 -0.516956 -0.090816 -0.090432 -0.229738 -0.174209
0.050310 -0.223095 0.086284 0.121368 0.896590 0.511355 -0.068518 -0.126781 0.841419 0.412852 0.217228 -0.036058 0.378287 0.125341 1.000000 0.540277 -0.050449 -0.041496 -0.028938 -0.017930 0.017215 -0.031710 0.264107 0.147802 0.166806 0.095283 0.932828 0.816125 0.136731 0.050276 0.213599 0.162458 0.033831 0.009782 -0.301809 0.041814 0.498912 0.035276 0.704446 0.520552 0.577446 0.108011 0.074559 0.087459 -0.066068 -0.018551 0.006818 0.095180 -0.153903 0.139627 -0.048683 -0.005856 0.097153 0.222942 0.159904 0.212482 -0.097581 -0.218542 -0.122324 -0.215723 -0.267544 -0.135371 -0.159360 -0.147379 -0.178204 -0.200974 -0.280868 -0.236442 -0.219157 -0.115319 -0.010032 -0.191480 0.144195 -0.049404 -0.105688 -0.161685 -0.215786 -0.283550 -0.031995 -0.076222 0.073881 -0.021072 0.875156 0.253853 0.377037 0.108723 0.271040 0.245056 0.576092 0.341471 -0.878500 -0.196583 -0.768251 -0.450511 0.108884 0.026319 0.243764 -0.031267 -0.627037 -0.298041 -0.402214 -0.155415 -0.457539 -0.094664 0.080163 0.145144 0.178789 0.170216 -0.389145 -0.449042 -0.171893 -0.142786 -0.587062 -0.710244 -0.188995 -0.046664
0.256533 0.099344 0.329874 0.397188 0.423403 0.351403 0.226623 0.113834 0.325435 0.309772 0.436448 0.466855 0.457252 0.614091 0.540277 1.000000 0.048052 0.086046 0.296253 0.379552 0.475241 0.287487 0.260453 0.404359 0.065536 -0.069726 0.381339 0.226830 0.508291 0.407201 0.572745 0.519480 0.209464 0.381767 -0.513984 -0.092186 0.390474 0.069976 0.269580 0.136243 0.451967 0.287654 -0.320690 -0.342601 -0.298077 -0.289788 -0.366870 -0.341552 -0.384049 -0.338293 -0.395603 -0.250381 -0.153634 -0.004366 0.033517 -0.112840 -0.203647 -0.377549 -0.256430 -0.342174 -0.166598 -0.162406 0.111574 -0.111792 -0.153056 -0.168110 -0.381243 -0.355724 -0.161933 -0.266297 0.290071 0.141505 0.503191 0.478566 0.317968 0.372700 0.168474 0.038910 0.101292 -0.066411 0.325531 0.119494 0.471903 0.601041 0.132425 0.151873 0.349526 0.228623 0.484103 0.345185 -0.331883 0.084227 -0.381929 -0.099411 0.123067 0.105917 -0.236267 -0.005630 -0.399529 -0.095538 -0.400753 0.025496 -0.420169 -0.012924 -0.076614 -0.049228 0.058683 -0.034072 -0.152718 -0.197590 -0.352801 -0.285441 -0.120642 -0.149771 -0.122764 -0.111330
0.017228 -0.236579 0.034436 -0.103079 -0.134069 -0.221289 0.026705 -0.086077 -0.252043 -0.278112 0.121031 0.132260 -0.088165 0.139570 -0.050449 0.048052 1.000000 0.309884 0.106327 0.030270 0.068240 0.107872 0.040740 -0.189937 0.026318 0.029733 -0.100561 -0.162654 0.581537 0.413344 0.215770 0.264515 0.111070 0.318416 -0.369801 -0.101409 0.313967 0.241689 0.144441 -0.020472 0.445955 0.368607 -0.061706 -0.011303 -0.081558 0.045416 -0.135958 0.009029 -0.355017 -0.189312 -0.396897 0.044561 0.129698 0.373078 0.084367 0.152177 0.268355 -0.094238 -0.408313 -0.068564 -0.244926 0.104979 0.355354 0.558426 -0.466233 -0.091634 -0.348790 -0.083795 -0.223918 -0.231451 0.371058 0.076078 0.517131 0.228668 0.375716 0.069439 0.353204 0.112163 0.687842 0.479500 0.676042 0.520121 0.153245 0.212663 0.485835 0.463229 0.343889 0.320592 0.183504 0.274311 -0.006289 -0.085398 -0.074183 -0.186566 -0.024254 -0.007863 -0.051908 -0.120852 -0.224215 -0.193736 -0.227391 -0.405358 -0.341629 -0.442319 -0.300311 -0.231482 -0.203921 -0.056887 -0.101944 0.072228 -0.145965 -0.278847 -0.185389 -0.071315 -0.200354 -0.192779
-0.010470 0.091789 -0.346753 -0.129264 -0.061159 -0.156036 -0.210971 -0.017569 -0.239127 -0.231218 -0.312299 0.027760 -0.283597 0.205738 -0.041496 0.086046 0.309884 1.000000 0.145137 0.242919 -0.048057 0.132817 -0.355500 -0.164479 -0.084379 -0.094744 -0.019680 -0.041640 0.357617 0.417739 -0.138136 -0.016522 0.416149 0.478231 -0.023625 -0.132648 0.043586 0.113835 -0.124266 -0.196503 0.131403 0.014151 0.221200 0.213132 0.199942 0.218269 0.061375 0.013439 0.332856 0.299853 0.012357 0.024817 0.235732 0.025341 -0.151076 -0.059654 0.198164 0.266404 0.230329 0.527296 0.194047 0.461574 0.205586 0.423921 -0.485120 -0.024317 0.094207 0.066868 -0.022291 0.095437 0.091892 0.366083 0.227543 0.218793 0.101838 0.116021 -0.001801 -0.063267 0.233869 0.389634 0.461812 0.418898 0.087320 0.222365 -0.073533 0.153713 -0.163071 -0.117714 -0.123025 -0.028711 -0.031155 -0.198837 -0.161009 -0.158693 -0.149073 -0.101422 -0.041915 -0.261771 -0.155365 -0.171265 -0.319106 -0.279721 -0.395582 -0.391050 -0.499030 -0.480280 -0.454242 -0.340114 -0.015129 -0.031945 -0.179538 -0.222622 -0.046002 -0.125217 -0.324871 -0.417336
0.438343 0.439897 0.299922 0.543660 -0.052934 0.010067 0.068566 0.402945 -0.179437 -0.135736 0.177440 0.510242 0.229587 0.472135 -0.028938 0.296253 0.106327 0.145137 1.000000 0.779249 0.304717 0.294470 0.215502 0.172248 0.158010 0.148755 -0.086831 -0.146424 0.323025 0.154117 0.541710 0.405660 0.595999 0.543542 -0.234206 -0.294981 -0.144593 -0.367681 -0.138961 -0.190448 -0.003647 -0.105550 -0.224210 -0.235004 -0.086193 -0.124059 -0.396416 -0.371374 -0.032678 -0.088113 -0.141523 -0.218698 -0.167657 -0.209585 -0.387856 -0.525772 0.169209 0.038817 0.182551 0.158648 0.188727 0.263678 0.161787 -0.030103 -0.199486 -0.010679 0.032401 -0.095523 0.220663 0.139825 0.263300 0.469594 0.170292 0.149863 0.192609 0.236430 -0.033803 -0.233243 -0.135695 -0.113801 0.019167 -0.115172 -0.031377 0.088491 -0.154784 -0.098252 -0.007858 0.095530 -0.121974 -0.237674 0.109211 0.000292 0.073758 0.118754 -0.070013 -0.145300 -0.276316 -0.328209 -0.087705 -0.149443 -0.094568 0.170178 -0.044114 -0.026021 -0.222888 -0.261234 -0.253704 -0.286176 0.049515 -0.182924 -0.374869 -0.378017 0.156388 0.115633 -0.119037 -0.262624
0.579460 0.378685 0.227242 0.403912 0.016427 0.067160 0.079931 0.212952 -0.123975 -0.082884 0.149308 0.435246 0.214591 0.404812 -0.017930 0.379552 0.030270 0.242919 0.779249 1.000000 0.339420 0.298648 0.217844 0.369823 0.277862 0.197199 -0.043574 -0.057355 0.282478 0.173243 0.425106 0.240103 0.434842 0.496800 -0.281204 -0.144094 -0.160658 -0.275538 -0.189487 -0.163125 0.015050 -0.039394 -0.208325 -0.246869 -0.045735 -0.134223 -0.373473 -0.360587 0.010412 -0.052297 -0.198107 -0.189409 -0.126289 -0.197566 -0.372785 -0.493776 0.073108 0.012540 0.292536 0.215967 0.236754 0.264120 0.141462 -0.045479 -0.315813 -0.124205 0.062458 -0.025741 0.052181 0.054487 0.349150 0.445619 0.177166 0.228712 0.167033 0.334969 0.026692 -0.144583 -0.159163 -0.102034 0.044957 -0.065051 -0.011029 0.266160 -0.268853 -0.194537 -0.013699 0.089498 -0.058340 -0.186700 0.156164 0.132318 0.082882 0.183604 -0.089337 -0.000453 -0.304665 -0.165625 -0.047780 -0.064586 -0.155293 0.230171 -0.117264 -0.068576 -0.311585 -0.365751 -0.323505 -0.335792 0.278412 -0.258129 -0.323526 -0.290639 0.207741 0.123630 -0.206139 -0.339990
0.063580 -0.018020 0.402406 0.412381 0.128603 0.367061 0.254746 0.134558 -0.066629 0.021756 0.183112 0.289929 0.080704 0.226500 0.017215 0.475241 0.068240 -0.048057 0.304717 0.339420 1.000000 0.727773 0.426011 0.621833 0.212431 0.112768 -0.039665 -0.041956 0.342789 0.240318 0.589875 0.556090 0.048981 0.227718 -0.175051 -0.144432 0.085400 0.154508 -0.006785 0.072853 0.040548 0.261939 -0.252874 -0.280039 -0.200232 -0.183773 -0.301453 -0.335222 -0.380896 -0.285128 -0.221952 -0.084139 -0.228889 0.012773 -0.045326 -0.000030 -0.348423 -0.458435 -0.346889 -0.378868 -0.406927 -0.213502 -0.144035 -0.294952 -0.173845 -0.346843 -0.411552 -0.271452 -0.210759 -0.321770 0.399480 0.407096 0.295201 0.313939 0.128025 0.324070 0.066580 -0.109817 0.078281 0.115315 0.144887 0.110414 -0.098398 0.287650 -0.061262 0.085705 -0.010593 0.032998 0.242126 0.157938 0.144784 0.349788 -0.024095 0.259024 0.212480 0.185787 -0.051624 0.055590 0.119908 0.218141 -0.266293 0.148399 -0.069777 0.139977 -0.135790 -0.176849 0.041854 -0.136978 0.225983 0.193737 -0.108955 0.047714 0.270407 0.283395 0.135899 -0.154505
-0.067879 -0.110817 0.187194 0.320387 0.010543 0.374274 0.097297 0.123253 -0.231959 -0.099817 -0.094584 0.143341 -0.142504 0.173845 -0.031710 0.287487 0.107872 0.132817 0.294470 0.298648 0.727773 1.000000 0.246266 0.501760 0.034949 0.175634 -0.027960 0.040992 0.389375 0.290414 0.468014 0.531770 0.109991 0.355580 0.099150 0.064005 0.057398 0.225475 -0.056981 0.045293 0.086748 0.148603 -0.138748 -0.124558 -0.054488 -0.048703 -0.242824 -0.284247 -0.185741 -0.219402 -0.103649 -0.057819 -0.155948 -0.140229 -0.120441 -0.080311 -0.249891 -0.280482 -0.160867 -0.139213 -0.334335 -0.054036 -0.141476 -0.122652 -0.227641 -0.185875 -0.177811 -0.113147 -0.163040 -0.202465 0.265157 0.473896 0.243949 0.187985 0.088211 0.346460 -0.016787 -0.176355 0.158920 0.267258 0.274172 0.261051 -0.062508 0.344887 -0.040770 0.135282 -0.030602 0.119486 0.104161 0.097417 0.058818 0.104519 -0.094140 0.069484 0.100042 0.029833 -0.082448 -0.251616 0.018671 0.023619 -0.307331 0.036064 -0.080028 0.107823 -0.119027 -0.209635 -0.034509 -0.189241 0.135916 0.044657 -0.207162 -0.091985 0.072292 0.148411 -0.010635 -0.227833
0.504499 -0.214749 0.694002 0.337787 0.241604 0.496393 0.278883 -0.152940 0.284845 -0.153506 0.541250 0.089364 0.414599 -0.135320 0.264107 0.260453 0.040740 -0.355500 0.215502 0.217844 0.426011 0.246266 1.000000 0.598402 0.580760 0.547240 0.161371 0.322972 0.001819 -0.332640 0.443015 0.198504 -0.053726 -0.282211 -0.214016 -0.207382 -0.024933 -0.162220 0.030478 -0.078394 -0.019476 -0.076342 0.028852 0.047188 -0.295402 -0.239352 -0.123111 0.083618 -0.437204 0.006723 -0.091096 0.026732 -0.263688 0.066588 -0.153034 0.013367 -0.013472 -0.233286 -0.227468 -0.374613 -0.231960 -0.097358 -0.367276 -0.343441 -0.092073 -0.565257 -0.468133 -0.375534 -0.101957 0.001457 0.448291 -0.124925 -0.091412 -0.055648 -0.068000 0.056318 -0.119824 -0.333239 -0.225354 -0.063791 -0.231040 -0.322012 -0.012058 -0.073022 0.210459 0.106891 0.203401 0.113494 0.415872 0.076102 0.031314 0.327374 -0.070998 0.270773 -0.106789 -0.154647 0.038607 -0.087912 0.073106 0.123923 -0.133743 0.257562 -0.101128 0.116719 -0.043095 -0.044897 0.016254 0.018095 -0.036471 -0.140538 -0.133169 0.081643 0.141420 0.096018 0.004092 -0.168446
0.273071 -0.053322 0.524608 0.476208 0.253096 0.534031 0.445688 0.112622 0.132515 0.182333 0.249605 0.213374 0.375738 0.103853 0.147802 0.404359 -0.189937 -0.164479 0.172248 0.369823 0.621833 0.501760 0.598402 1.000000 0.397786 0.432000 0.064136 0.231065 0.019868 -0.217249 0.553912 0.388899 -0.122336 -0.048867 -0.082747 0.003352 -0.105573 -0.143750 -0.202044 -0.191870 -0.119515 -0.090071 -0.156559 -0.168304 -0.187354 -0.138033 -0.282033 -0.261743 -0.165167 -0.108955 0.020798 0.110877 -0.252218 -0.106294 -0.203617 -0.309489 -0.425244 -0.388385 -0.045466 -0.262590 -0.240390 -0.086937 -0.301789 -0.591573 -0.087458 -0.309133 -0.224781 -0.111060 -0.118092 -0.138684 0.369807 0.123505 -0.070747 0.077965 -0.043818 0.225987 -0.012891 -0.158156 -0.273256 -0.137549 -0.203916 -0.272985 -0.100372 0.172057 -0.041176 -0.086247 -0.069375 -0.132926 0.342659 0.019230 0.137635 0.406491 -0.061797 0.280837 0.096250 0.159328 -0.150275 0.016781 0.154024 0.228628 -0.230338 0.251465 -0.028744 0.104115 -0.079782 -0.170908 0.126214 -0.165933 0.288804 0.016989 -0.101053 0.084524 0.255728 0.213754 0.055389 -0.224393
0.326023 0.095964 0.186601 0.316434 0.165294 0.210990 -0.060519 -0.075265 0.242521 -0.008170 0.125010 0.178590 0.202729 -0.141099 0.166806 0.065536 0.026318 -0.084379 0.158010 0.277862 0.212431 0.034949 0.580760 0.397786 1.000000 0.668211 0.151329 0.283857 -0.172398 -0.389344 0.247147 -0.047241 -0.082670 -0.304168 -0.058379 -0.264237 -0.137628 -0.451534 -0.071458 -0.185238 -0.165095 -0.322224 0.309703 0.335328 -0.060938 0.046073 -0.001119 0.235059 -0.005989 0.352002 0.200280 0.137643 -0.112912 0.132346 -0.278464 -0.189813 0.171047 0.134709 0.233877 0.128989 -0.024696 0.067174 -0.431768 -0.219754 -0.138593 -0.369540 -0.120659 -0.110515 0.077657 0.213512 0.273420 0.129185 -0.211438 -0.205783 -0.089102 -0.103421 -0.263079 -0.378017 -0.135289 0.134891 -0.296727 -0.280557 -0.079871 -0.239857 0.104857 -0.010337 -0.032026 -0.125099 0.157662 -0.148273 -0.011376 -0.027418 -0.071369 0.021903 -0.215136 -0.182224 0.010856 -0.307991 -0.014564 -0.171957 -0.100329 -0.013976 -0.080757 -0.209145 -0.229669 -0.277273 -0.185396 -0.157990 0.056838 -0.164613 -0.197188 -0.018870 0.035168 -0.095646 -0.297244 -0.348318
0.263771 -0.026999 0.196295 0.190760 0.145855 0.447966 -0.070464 0.051527 0.146031 0.003623 0.018375 0.186307 0.060363 -0.207458 0.095283 -0.069726 0.029733 -0.094744 0.148755 0.197199 0.112768 0.175634 0.547240 0.432000 0.668211 1.000000 0.113712 0.336511 -0.335563 -0.538620 0.234989 -0.135503 -0.009140 -0.327139 0.130234 0.083645 -0.447353 -0.507889 -0.220433 -0.358892 -0.348337 -0.487739 0.328536 0.410890 0.051117 0.164082 0.033172 0.259005 0.128433 0.325709 0.322783 0.330657 -0.172612 0.041951 -0.417506 -0.267872 0.355168 0.241538 0.315288 0.180130 0.056631 0.159176 -0.466291 -0.180416 -0.075899 -0.188381 0.101419 0.180128 0.291980 0.396492 0.284115 -0.005132 -0.418539 -0.288123 -0.153808 -0.153121 -0.329677 -0.416210 -0.303163 -0.025096 -0.372374 -0.431718 -0.140700 -0.233551 0.121006 0.028189 -0.148127 -0.176896 -0.017037 -0.195963 -0.001209 -0.101853 -0.050106 -0.039097 -0.537049 -0.481710 -0.162208 -0.511254 0.017410 -0.188500 -0.124364 -0.153960 -0.062392 -0.231420 -0.167758 -0.259979 -0.164978 -0.142004 -0.144571 -0.398222 -0.311441 -0.054185 -0.036591 -0.144407 -0.301021 -0.369138
-0.081144 -0.234331 -0.016689 0.056964 0.908657 0.530121 -0.178831 -0.091958 0.809877 0.459172 -0.014846 -0.159246 0.184078 0.030011 0.932828 0.381339 -0.100561 -0.019680 -0.086831 -0.043574 -0.039665 -0.027960 0.161371 0.064136 0.151329 0.113712 1.000000 0.897819 0.016619 0.022553 0.101273 0.045266 0.071051 -0.024252 -0.151249 0.093177 0.444681 0.044268 0.739031 0.568798 0.513217 0.058544 0.200625 0.209508 0.034745 0.042877 0.150762 0.213329 0.011551 0.224536 0.096607 -0.006650 0.143539 0.207731 0.153775 0.258349 -0.008351 -0.103570 -0.007285 -0.107521 -0.200502 -0.096651 -0.194526 -0.091269 -0.119904 -0.133504 -0.118761 -0.156155 -0.168611 -0.015206 -0.115419 -0.112986 0.059221 -0.096308 -0.171189 -0.200548 -0.325952 -0.334652 0.009281 0.033471 0.014967 -0.017534 0.853568 0.174901 0.244193 -0.016980 0.134607 0.170146 0.448015 0.227315 -0.921866 -0.351800 -0.774424 -0.547433 0.016404 0.003326 0.320580 -0.085439 -0.637363 -0.380652 -0.331450 -0.183740 -0.390888 -0.104154 0.070693 0.128866 0.121588 0.157604 -0.360651 -0.442728 -0.128641 -0.092763 -0.686201 -0.820888 -0.276634 -0.103591
-0.008325 -0.302638 0.045898 0.049044 0.799831 0.630110 -0.153880 -0.131852 0.716982 0.372416 -0.079155 -0.304403 0.144559 -0.169667 0.816125 0.226830 -0.162654 -0.041640 -0.146424 -0.057355 -0.041956 0.040992 0.322972 0.231065 0.283857 0.336511 0.897819 1.000000 -0.127184 -0.143482 0.084384 -0.029220 0.012246 -0.166068 0.050833 0.171009 0.248293 0.026175 0.576338 0.441167 0.302755 -0.085978 0.289971 0.324926 0.032705 0.036460 0.208005 0.281952 0.074952 0.313464 0.213045 0.066906 0.179710 0.160622 0.138604 0.250050 0.019389 0.003587 0.118354 -0.041765 -0.130464 -0.031734 -0.400784 -0.219417 -0.116669 -0.228719 -0.054275 -0.095396 -0.098031 0.129010 -0.045486 -0.141528 -0.157523 -0.217373 -0.281357 -0.228208 -0.385033 -0.400806 -0.115228 0.066772 -0.128006 -0.116544 0.670626 0.109689 0.238254 0.006566 0.094018 0.150711 0.478605 0.194465 -0.772199 -0.331565 -0.741857 -0.521034 -0.087593 -0.140841 0.313751 -0.153812 -0.461204 -0.337876 -0.380701 -0.157543 -0.346271 -0.059606 0.083319 0.059260 0.128548 0.126261 -0.298011 -0.483077 -0.126325 0.015001 -0.612347 -0.745374 -0.339468 -0.215428
0.208176 -0.050716 0.198418 0.062352 0.002685 -0.141555 0.247121 -0.038672 -0.178340 -0.213803 0.168892 0.247480 0.191885 0.562534 0.136731 0.508291 0.581537 0.357617 0.323025 0.282478 0.342789 0.389375 0.001819 0.019868 -0.172398 -0.335563 0.016619 -0.127184 1.000000 0.770031 0.464578 0.558161 0.298055 0.706185 -0.521998 -0.073918 0.551676 0.431985 0.230864 0.180907 0.700705 0.573929 -0.425660 -0.397198 -0.296054 -0.228477 -0.515914 -0.420539 -0.459871 -0.424738 -0.627453 -0.198913 -0.060240 0.086304 0.125989 0.023752 -0.081683 -0.246425 -0.455440 -0.186421 -0.217641 0.097406 0.461248 0.407272 -0.467824 -0.067695 -0.449043 -0.300540 -0.348766 -0.430896 0.377819 0.273549 0.895405 0.476947 0.512356 0.379319 0.361014 0.052671 0.614989 0.377981 0.852171 0.670852 0.340907 0.653717 0.291751 0.464817 0.428508 0.417410 0.401094 0.452255 -0.141843 0.066040 -0.224075 -0.049562 0.213644 0.189346 -0.190653 0.043892 -0.387274 -0.122696 -0.354721 -0.106963 -0.366957 -0.133241 -0.270402 -0.219708 -0.115812 -0.128270 -0.070495 0.023535 -0.267795 -0.419302 -0.146174 -0.028445 -0.159797 -0.179728
-0.141795 -0.023856 -0.060910 -0.039668 -0.048421 -0.223745 0.058728 0.033347 -0.210831 -0.104200 -0.024350 0.064924 0.003125 0.513214 0.050276 0.407201 0.413344 0.417739 0.154117 0.173243 0.240318 0.290414 -0.332640 -0.217249 -0.389344 -0.538620 0.022553 -0.143482 0.770031 1.000000 0.277153 0.531567 0.225735 0.703791 -0.317491 0.072732 0.567915 0.593173 0.313806 0.350064 0.627073 0.657964 -0.442498 -0.472737 -0.145566 -0.242180 -0.296638 -0.467760 -0.254645 -0.494792 -0.514542 -0.411346 0.101560 -0.070138 0.367088 0.132176 -0.174396 -0.240282 -0.348430 -0.111946 -0.127096 -0.074978 0.539985 0.417090 -0.248427 0.050830 -0.163207 -0.141916 -0.286674 -0.410856 0.044890 0.437962 0.771261 0.520163 0.329466 0.321395 0.334450 0.183105 0.590939 0.357305 0.804313 0.796452 0.364339 0.702135 0.164510 0.342660 0.430213 0.462804 0.206604 0.393930 -0.175829 -0.129125 -0.277420 -0.185803 0.297610 0.215676 -0.075986 0.123661 -0.310822 -0.122222 -0.345318 -0.172561 -0.316529 -0.051642 -0.058865 -0.043150 0.018286 0.077074 0.039961 0.047590 -0.153336 -0.267041 -0.164813 -0.065806 -0.069284 0.018473
0.201904 0.009143 0.544836 0.495872 0.171838 0.209653 0.389714 0.259082 0.021808 0.083064 0.385960 0.451960 0.542444 0.499730 0.213599 0.572745 0.215770 -0.138136 0.541710 0.425106 0.589875 0.468014 0.443015 0.553912 0.247147 0.234989 0.101273 0.084384 0.464578 0.277153 1.000000 0.825631 0.130857 0.386145 -0.327063 -0.062792 0.136643 -0.116039 0.031824 -0.032704 0.239378 0.174942 -0.432325 -0.442950 -0.254364 -0.170694 -0.576562 -0.529306 -0.311561 -0.359092 -0.235127 -0.029315 -0.169106 0.054007 -0.125281 -0.400172 -0.267071 -0.414528 -0.259170 -0.235130 -0.313868 -0.106850 0.036952 -0.244340 -0.124995 -0.100444 -0.253686 -0.077923 -0.056261 -0.225488 0.308355 0.402495 0.368011 0.241708 0.207361 0.276735 0.089070 -0.177137 0.112079 -0.017544 0.189724 0.120145 0.169015 0.369457 0.301125 0.202144 0.257067 0.257095 0.441844 0.231017 -0.077706 0.072186 -0.226063 -0.009381 0.091065 0.022287 -0.298514 -0.122772 -0.267053 -0.150834 -0.375754 -0.038857 -0.244689 -0.096585 -0.055073 -0.101605 0.105309 -0.034891 -0.023803 -0.122260 -0.247862 -0.362450 -0.070420 0.014382 -0.039607 -0.153731
-0.047001 -0.076610 0.429524 0.517365 0.073877 0.029172 0.422721 0.301243 -0.090557 0.061720 0.322613 0.295678 0.423183 0.581118 0.162458 0.519480 0.264515 -0.016522 0.405660 0.240103 0.556090 0.531770 0.198504 0.388899 -0.047241 -0.135503 0.045266 -0.029220 0.558161 0.531567 0.825631 1.000000 0.055715 0.522302 -0.231320 -0.060253 0.365723 0.197736 0.113282 0.133716 0.364060 0.388973 -0.561770 -0.608483 -0.302550 -0.239020 -0.531419 -0.642445 -0.369116 -0.533027 -0.310108 -0.161984 -0.027604 -0.037113 0.114278 -0.282999 -0.471503 -0.606025 -0.414804 -0.340375 -0.404819 -0.184749 0.239569 -0.163783 -0.068364 0.004225 -0.295930 -0.120860 -0.288419 -0.486005 0.164809 0.404231 0.466353 0.404991 0.214946 0.416702 0.317187 0.087132 0.202787 0.024109 0.412475 0.370638 0.231456 0.481475 0.348893 0.271608 0.350697 0.393120 0.404064 0.316441 -0.086011 0.093519 -0.305212 -0.058904 0.357298 0.218760 -0.153363 0.039260 -0.201980 -0.050573 -0.408317 -0.046350 -0.223185 0.014830 0.062652 0.029192 0.233304 0.072680 0.058427 0.064918 -0.136934 -0.263679 -0.036502 0.078760 0.116492 0.006420
0.353352 0.400337 0.050655 0.184612 0.041821 0.026225 -0.146409 0.151829 -0.100651 -0.210936 -0.129554 0.267429 -0.094135 0.349157 0.033831 0.209464 0.111070 0.416149 0.595999 0.434842 0.048981 0.109991 -0.053726 -0.122336 -0.082670 -0.009140 0.071051 0.012246 0.298055 0.225735 0.130857 0.055715 1.000000 0.616470 -0.131654 -0.319655 -0.080468 -0.141242 -0.050396 -0.126194 0.098513 -0.082041 -0.002063 0.062525 0.071546 -0.006262 -0.145378 -0.175097 0.102459 0.221078 -0.103543 -0.208572 -0.030644 -0.162769 -0.402204 -0.164410 0.492489 0.487108 0.339108 0.415882 0.493423 0.623553 0.093553 0.366140 -0.181112 0.027028 0.236272 -0.011344 0.311131 0.364119 0.067415 0.313222 0.166811 0.142159 0.165564 0.074922 -0.218835 -0.303897 0.088302 0.324187 0.198728 0.069921 0.141149 0.104503 -0.217500 0.035220 -0.168573 -0.030206 -0.277677 -0.053703 -0.120621 -0.248069 -0.067643 -0.135523 -0.317288 -0.368281 -0.360961 -0.467561 -0.252527 -0.261368 -0.182267 -0.087069 -0.224622 -0.141936 -0.358942 -0.358281 -0.436083 -0.309253 -0.145298 -0.327064 -0.536966 -0.342638 -0.031188 -0.165793 -0.383908 -0.406524
0.143704 0.293225 0.010293 0.214973 -0.064899 -0.224963 0.091730 0.227357 -0.287580 -0.083224 -0.065305 0.259830 0.063977 0.632014 0.009782 0.381767 0.318416 0.478231 0.543542 0.496800 0.227718 0.355580 -0.282211 -0.048867 -0.304168 -0.327139 -0.024252 -0.166068 0.706185 0.703791 0.386145 0.522302 0.616470 1.000000 -0.266651 -0.024974 0.201846 0.206814 0.015646 0.114423 0.387824 0.272666 -0.423067 -0.415215 -0.090545 -0.101358 -0.435052 -0.515884 -0.134190 -0.268468 -0.469923 -0.271495 0.001782 -0.192936 -0.122527 -0.229843 -0.006538 -0.000671 -0.000666 0.188221 0.180500 0.405899 0.516393 0.382869 -0.323001 0.219032 0.005711 -0.027814 -0.078318 -0.165289 0.059613 0.456634 0.529547 0.316448 0.198527 0.379077 0.144305 0.019718 0.378756 0.291147 0.671264 0.580480 0.273855 0.557201 -0.007891 0.158155 0.092424 0.273271 -0.002412 0.216778 -0.099678 -0.100599 -0.183023 -0.093114 0.121023 0.053891 -0.285647 -0.101977 -0.307646 -0.174207 -0.354278 -0.072741 -0.270219 -0.135331 -0.232845 -0.249631 -0.153247 -0.210805 0.042252 -0.117393 -0.302822 -0.378758 -0.047990 -0.013827 -0.137853 -0.217492
-0.452537 0.014573 -0.392692 -0.082156 -0.295099 -0.000712 -0.330032 0.088471 -0.171316 0.029407 -0.413620 -0.268363 -0.500778 -0.416223 -0.301809 -0.513984 -0.369801 -0.023625 -0.234206 -0.281204 -0.175051 0.099150 -0.214016 -0.082747 -0.058379 0.130234 -0.151249 0.050833 -0.521998 -0.317491 -0.327063 -0.231320 -0.131654 -0.266651 1.000000 0.283697 -0.329662 -0.098742 -0.283337 -0.188661 -0.533885 -0.385341 0.309230 0.347777 0.339309 0.291381 0.416390 0.208096 0.529385 0.175040 0.667726 0.124020 0.085757 -0.266725 -0.006876 -0.076992 -0.042391 0.371010 0.448978 0.269242 0.160590 -0.068080 -0.430178 -0.296511 0.515992 0.183795 0.602707 0.424509 0.328182 0.413590 -0.463098 0.012737 -0.606387 -0.247393 -0.332290 -0.044411 -0.255435 -0.050202 -0.238971 0.098863 -0.393762 -0.135519 -0.383950 -0.434221 -0.117107 -0.109194 -0.436347 -0.287282 -0.396911 -0.316098 0.127235 -0.410976 0.134334 -0.161718 -0.135438 -0.272261 0.153859 -0.225433 0.194724 -0.155935 0.233977 0.029129 0.301431 0.157885 0.139514 0.016814 -0.032754 -0.073084 0.097024 0.071754 0.291738 0.268467 -0.025448 0.007995 -0.102885 -0.057562
-0.237709 -0.278937 -0.276068 -0.273565 -0.030548 0.075370 -0.041239 -0.010684 -0.038648 0.122200 -0.130222 -0.177601 -0.170930 -0.116961 0.041814 -0.092186 -0.101409 -0.132648 -0.294981 -0.144094 -0.144432 0.064005 -0.207382 0.003352 -0.264237 0.083645 0.093177 0.171009 -0.073918 0.072732 -0.062792 -0.060253 -0.319655 -0.024974 0.283697 1.000000 -0.056909 0.254571 0.046036 0.195431 0.053875 0.189132 -0.064149 -0.002876 0.277000 0.274476 0.005210 0.010341 0.176426 -0.197191 0.084288 0.141439 -0.004023 -0.105057 0.265560 0.072514 -0.117816 -0.076005 0.015728 -0.065230 -0.095099 -0.261103 -0.034150 -0.071584 0.116981 0.219882 0.323358 0.501702 -0.022018 -0.083478 -0.287610 -0.130187 -0.128663 -0.004827 -0.037748 -0.036624 0.058105 0.118340 -0.037495 -0.119671 0.039208 0.092596 0.119773 0.230479 0.089774 0.118083 0.113787 0.112526 0.020966 0.173401 -0.129770 -0.216098 -0.132871 -0.273228 -0.022572 0.017613 0.077074 0.094949 -0.093035 -0.167389 -0.084246 -0.161435 0.022839 -0.028881 0.173215 0.069456 0.162979 0.062422 0.015444 -0.202908 0.172208 -0.010988 -0.285224 -0.181470 -0.075512 0.043143
