1.000000 0.446631 0.089319 0.357810 0.093201 -0.033547 0.173198 -0.011830 0.312540 0.241919 0.724151 0.179922 0.109688 -0.089302 0.240815 0.158072 -0.012455 0.119103 0.518948 0.313288 -0.277580 -0.376761 0.257859 0.167385 -0.053242 -0.284132 -0.025010 -0.202676 -0.171702 -0.053299 -0.002348 -0.151631 -0.226037 -0.104985 0.087099 0.101664 -0.498924 -0.351471 -0.453605 -0.320460 -0.428657 -0.331437 -0.249545 -0.335702 -0.235854 -0.211644 -0.448578 -0.273793 0.078288 0.173375 -0.280382 -0.189896 0.173702 0.174475 0.166590 -0.494480 -0.088562 -0.145447 0.366593 0.216107 0.630182 0.333094 0.336517 0.188482 0.460471 0.445156 0.040134 0.102237 -0.008473 -0.075922 -0.252938 -0.063463 -0.216820 -0.181336 -0.157761 -0.212494 0.009602 -0.221616 -0.246732 -0.416383 -0.215793 -0.297731 -0.003525 0.063521 0.244501 -0.123278 -0.084328 0.052879 0.261442 0.250806 0.067397 -0.102562 -0.050648 0.261217 -0.299450 -0.121905 -0.496176 -0.315500 -0.230481 -0.294513 0.107268 0.247346 0.024382 0.107932 -0.025386 -0.118298 -0.055620 -0.043243 -0.139618 -0.434477 -0.048782 -0.273969 -0.072839 0.303580 0.131167 0.059067
0.446631 1.000000 0.194455 0.355214 0.108805 -0.304664 0.218874 0.425336 0.283026 0.140106 0.293361 0.295714 0.017845 0.185625 -0.027562 -0.002208 -0.149569 0.179066 0.424268 0.165589 -0.135610 -0.282874 0.246012 0.236374 0.083816 -0.129071 -0.261715 -0.336734 -0.036052 0.174413 0.196355 0.188862 -0.159250 -0.058473 0.013652 -0.002762 -0.210244 -0.145117 0.001574 -0.228191 -0.224645 -0.167425 -0.190030 -0.405493 -0.351536 -0.343407 -0.105114 -0.119703 0.136868 -0.013263 -0.093317 0.133077 0.162932 0.327843 0.155807 -0.295167 -0.471397 -0.515209 0.020926 0.162964 0.298516 0.221343 0.340733 0.257940 0.278650 0.371723 -0.277910 -0.124256 0.001161 -0.308721 -0.083222 0.030747 0.011869 0.047286 0.034689 0.001032 0.064520 -0.072818 -0.306966 -0.365396 -0.258517 -0.151617 -0.277867 0.124281 -0.123771 -0.240763 -0.163270 -0.134643 0.066483 0.027682 0.355233 -0.024996 0.165018 0.252421 -0.047284 0.039574 -0.237566 -0.343686 0.015490 -0.138530 0.154045 0.095001 0.181252 0.188760 -0.003658 -0.013941 0.172348 0.077693 -0.013656 -0.344679 -0.116786 -0.101223 0.155901 0.184834 0.152182 0.151800
0.089319 0.194455 1.000000 0.200065 0.109167 -0.000673 0.345324 0.400458 0.200690 0.214002 0.026709 -0.121320 -0.110143 -0.180444 0.054491 0.038562 -0.168214 -0.180416 0.438265 0.229122 0.173724 0.233031 0.435557 0.183709 0.180760 0.133360 0.004223 -0.000662 -0.019753 -0.018070 0.254833 0.054565 -0.043096 0.140295 -0.040296 0.105418 -0.098545 0.140826 0.178058 0.198001 0.051927 0.072416 0.102936 0.064117 0.094688 0.012905 0.058431 0.017934 0.061401 -0.068219 0.213721 0.206573 -0.376034 -0.301171 -0.360873 -0.026800 -0.337409 -0.175804 -0.338513 -0.038751 -0.311250 -0.338080 -0.190248 -0.357788 0.127427 0.071686 -0.045989 0.213714 0.003149 0.157154 0.180127 0.102806 0.028431 0.163025 -0.044365 -0.078693 -0.066708 -0.055152 -0.160437 0.119311 -0.168977 0.006527 -0.155349 0.005409 -0.348111 -0.201438 -0.151869 -0.091918 -0.075369 -0.177875 -0.081446 0.198706 -0.030163 0.201315 -0.038624 0.126131 0.001462 -0.277864 -0.085203 -0.053007 -0.141514 0.160838 0.055157 0.050915 -0.197269 -0.007737 0.100019 0.033974 0.089476 0.233220 0.060561 0.105892 0.104122 -0.140777 -0.143040 -0.084797
0.357810 0.355214 0.200065 1.000000 -0.162407 0.219058 -0.342083 0.292659 0.237160 -0.085833 0.351429 0.155624 -0.492664 -0.037987 0.206555 0.238933 -0.257120 0.224140 0.581108 0.200529 -0.040166 -0.073790 0.700597 0.525990 0.047274 0.194007 0.124705 0.396946 -0.308570 -0.025918 0.170049 0.424431 -0.364865 -0.004361 0.334425 0.121484 -0.061559 -0.163369 -0.115393 -0.213621 -0.235046 -0.072167 -0.437705 -0.449803 -0.509567 -0.370243 -0.349326 -0.240771 -0.127122 -0.300164 -0.069634 0.053139 0.083528 0.112669 0.251353 -0.394415 -0.218164 -0.401156 0.153284 0.108279 0.222282 -0.022151 0.041952 0.065184 0.613773 0.471327 -0.141049 -0.029573 -0.050630 -0.063995 -0.259169 0.141390 -0.227429 0.169940 0.088382 0.104416 0.154513 0.071632 -0.277617 -0.144357 -0.263893 -0.167627 0.014636 0.425191 0.328249 -0.040893 0.315272 0.396049 0.357041 0.139367 0.057140 -0.143230 0.121708 0.334801 -0.129239 0.066566 -0.521422 -0.291876 -0.236695 -0.278639 0.266416 0.215225 0.112842 0.243278 0.076829 0.186710 0.155345 0.093075 -0.120391 -0.259552 -0.194666 -0.394209 -0.029984 0.094190 0.190123 0.130175
0.093201 0.108805 0.109167 -0.162407 1.000000 0.411161 0.361306 0.060339 0.472101 0.537487 0.115057 0.057656 0.432114 0.241553 0.390981 0.425893 0.082018 0.033019 -0.199240 -0.159551 -0.057586 0.184810 0.022134 0.170338 -0.186128 -0.168848 0.198201 -0.055545 -0.092202 -0.128326 0.077363 -0.103410 0.017511 0.038959 0.029508 0.101603 -0.324194 -0.126796 0.053896 -0.204091 -0.368002 -0.167626 0.073393 -0.134481 0.162778 0.079974 -0.188921 -0.388010 0.125857 0.292335 -0.274509 0.040690 -0.169464 -0.277902 -0.177985 -0.409386 -0.061562 0.179718 0.412170 0.505023 0.402355 0.524477 0.180665 0.346926 -0.043476 0.321447 0.092590 0.084990 -0.267853 -0.125298 0.079275 0.057579 -0.029293 0.060123 -0.158280 -0.044038 -0.161713 -0.350019 -0.290727 -0.282815 -0.363158 -0.240881 -0.224212 -0.052041 -0.343482 -0.567950 -0.176407 -0.311190 0.229565 -0.015810 0.129283 0.126058 0.231066 0.232453 -0.093076 -0.222751 -0.032632 -0.173690 -0.119361 -0.306791 0.080802 0.098673 0.131376 0.011673 -0.119259 -0.204319 0.144877 -0.215801 -0.068084 -0.264233 -0.184187 -0.020964 0.066447 0.077317 -0.085897 -0.081456
-0.033547 -0.304664 -0.000673 0.219058 0.411161 1.000000 -0.194502 -0.071267 0.538029 0.331452 0.114194 -0.111345 -0.125703 -0.086510 0.633195 0.739131 -0.115963 -0.026185 -0.079253 -0.157500 0.175220 0.225576 0.400197 0.439455 -0.104152 0.144794 0.734599 0.603834 -0.441391 -0.366689 -0.195690 -0.110357 -0.281718 -0.024256 0.134694 0.115784 -0.092113 0.016907 0.105609 -0.148302 -0.198542 -0.001576 -0.202473 -0.185349 0.078613 0.099171 -0.372678 -0.389389 0.091251 0.135005 -0.194362 0.167664 -0.233334 -0.383241 -0.035844 -0.424047 0.050343 0.234519 0.447377 0.488809 0.209677 0.206869 -0.215761 0.078923 0.273147 0.432019 0.227480 0.201743 -0.240170 0.158131 0.184602 0.082909 -0.294899 0.013912 -0.046003 0.087827 -0.013534 -0.146841 -0.262881 -0.075501 -0.365595 -0.259757 0.085253 0.077069 -0.040289 -0.437715 0.254819 0.101952 0.509159 0.253008 -0.084783 0.200922 0.163396 0.387759 0.122686 -0.165868 -0.255843 -0.070543 -0.286540 -0.214896 0.046042 0.220456 0.006382 0.029668 -0.022277 -0.024840 0.065973 -0.048719 -0.237322 -0.112472 0.085038 -0.182819 -0.075749 0.011649 -0.106808 -0.215788
0.173198 0.218874 0.345324 -0.342083 0.361306 -0.194502 1.000000 0.454615 0.329432 0.453782 0.124594 0.095080 0.456637 0.150784 -0.047175 -0.081511 -0.070796 -0.365362 -0.121945 0.108692 -0.045434 -0.079882 -0.214866 -0.237612 -0.195083 -0.375927 -0.138743 -0.572359 0.039709 -0.140569 0.018055 -0.315232 0.062503 -0.015887 -0.237775 -0.030097 -0.194077 -0.018854 0.058899 0.126236 -0.117236 -0.254007 0.349624 0.112375 0.303439 0.102041 0.163295 0.096881 0.128565 0.244453 -0.077698 -0.147078 -0.224393 -0.164657 -0.372527 -0.051765 -0.224800 0.007121 -0.036599 0.080944 0.095039 0.233720 0.015533 -0.129289 -0.212716 0.059689 -0.086489 0.036989 -0.229436 -0.187046 0.181822 -0.084384 0.069898 -0.198684 -0.213220 -0.258755 -0.007277 -0.059893 -0.080703 -0.215724 -0.188648 -0.177335 -0.220558 -0.384515 -0.515905 -0.406354 -0.391851 -0.347867 -0.329831 -0.227261 0.083650 0.360306 0.031335 0.079204 0.050597 0.124171 0.192056 -0.216157 0.048711 0.029463 -0.157029 0.113373 0.014086 0.024744 0.032460 -0.008108 0.021811 0.074790 0.278603 0.097435 0.015373 0.252295 0.115446 0.149499 -0.030992 0.145011
-0.011830 0.425336 0.400458 0.292659 0.060339 -0.071267 0.454615 1.000000 0.347596 0.246357 -0.070474 0.247967 -0.147952 0.184987 -0.036404 0.023716 -0.401824 -0.083839 0.074118 0.136770 0.136178 -0.022276 0.089603 -0.020334 -0.008478 -0.130693 0.003818 -0.222036 -0.209468 -0.133393 0.045110 0.081728 -0.251948 -0.071797 -0.046655 0.006700 -0.027931 -0.110647 0.163959 0.006844 -0.088506 -0.213272 0.178851 -0.042635 0.054472 0.003904 0.073267 0.142715 0.117699 -0.004689 0.062198 0.131716 -0.243415 -0.087772 -0.234023 -0.186660 -0.482061 -0.354851 -0.164481 -0.052401 -0.029168 -0.007296 -0.021418 -0.108569 0.065412 0.219230 -0.242935 0.091395 -0.498623 -0.251371 0.086258 -0.006885 -0.071349 -0.167801 -0.227840 -0.200480 -0.063592 0.051212 -0.272358 -0.207909 -0.314146 -0.186706 -0.336598 -0.085535 -0.381082 -0.340350 -0.115329 -0.200074 -0.204807 -0.176903 0.290923 0.412496 0.234655 0.115061 0.035073 -0.024327 -0.082734 -0.398628 0.074858 0.084605 0.169106 0.031096 0.247517 0.072001 0.182734 0.098153 0.193094 0.136242 0.100785 0.152189 0.020510 0.075373 0.134819 0.020991 -0.006329 0.139934
0.312540 0.283026 0.200690 0.237160 0.472101 0.538029 0.329432 0.347596 1.000000 0.385653 0.285254 0.101041 0.088842 0.079712 0.623485 0.600797 -0.347950 0.028825 0.146162 -0.062481 0.004003 -0.119369 0.394440 0.352410 -0.226071 -0.121001 0.483312 0.024582 -0.474550 -0.261625 -0.115935 -0.270734 -0.402369 -0.209850 0.071570 0.201702 -0.273486 -0.141696 0.093072 -0.082319 -0.380991 -0.251531 -0.211387 -0.360791 -0.019659 -0.037724 -0.397075 -0.393452 0.045925 0.095976 -0.232046 0.098816 -0.141442 -0.077452 -0.135296 -0.583766 -0.424679 -0.147414 0.393231 0.481221 0.432330 0.377964 -0.074612 0.231543 0.401287 0.599288 -0.003762 0.174093 -0.315976 -0.160540 0.197802 0.107536 -0.303101 -0.004614 -0.100332 -0.017777 0.061415 -0.158323 -0.423189 -0.311441 -0.517919 -0.380948 -0.180686 -0.052639 -0.299136 -0.580485 -0.213412 -0.186744 0.242385 0.106631 0.187846 0.380136 0.302906 0.472590 0.149788 -0.053594 -0.285938 -0.316552 -0.076698 -0.213645 0.233016 0.254161 0.306755 0.116979 0.159918 0.086231 0.208915 0.037219 -0.078603 -0.231911 0.052355 -0.107879 0.041476 0.183459 0.080006 0.078258
0.241919 0.140106 0.214002 -0.085833 0.537487 0.331452 0.453782 0.246357 0.385653 1.000000 0.173191 -0.004443 0.223705 0.129864 0.172688 0.563397 -0.258039 -0.307379 -0.043953 0.010727 -0.119775 -0.148238 0.012385 0.085680 -0.030924 -0.243597 0.375928 0.003073 -0.325337 -0.461166 -0.247402 -0.409675 -0.327588 -0.268950 -0.192818 0.099420 -0.313328 -0.018057 0.096283 0.019743 -0.327638 -0.274053 0.253559 0.079147 0.343999 0.274401 -0.045700 -0.109347 0.129197 0.337376 -0.106941 0.001431 -0.274581 -0.261342 -0.160107 -0.301632 -0.283037 -0.045364 0.141861 0.191436 0.235727 0.272451 -0.066433 -0.063282 0.061832 0.499068 0.035733 0.219923 -0.365181 0.045890 0.102958 -0.316959 -0.291559 -0.342981 -0.295862 -0.324217 -0.021636 -0.228512 -0.459676 -0.371529 -0.524719 -0.511835 -0.233804 -0.210751 -0.352224 -0.471578 0.046296 -0.232957 0.141047 0.014838 0.280224 0.418605 0.324857 0.481053 0.051204 -0.124601 -0.042133 -0.193645 -0.032214 -0.048304 0.155934 0.338767 0.160082 0.207491 -0.060994 -0.092527 0.178688 0.053059 0.029764 -0.088268 0.018315 0.125995 0.146354 0.175861 0.011234 0.009858
0.724151 0.293361 0.026709 0.351429 0.115057 0.114194 0.124594 -0.070474 0.285254 0.173191 1.000000 0.093229 0.133687 -0.133257 0.426441 0.196270 0.247633 0.076063 0.379017 0.402431 -0.317297 -0.333954 0.404180 0.282290 -0.009825 -0.066958 0.111027 -0.047027 -0.044831 0.048976 0.077852 0.045361 -0.180698 -0.013174 0.014830 0.176085 -0.339063 -0.262624 -0.547761 -0.432604 -0.192956 -0.241301 -0.335006 -0.393739 -0.286514 -0.269161 -0.461721 -0.375275 0.125365 0.135050 -0.450004 -0.157620 0.234489 0.041989 0.213120 -0.566187 0.055543 -0.132398 0.439357 0.336339 0.522262 0.305096 0.309125 0.190599 0.418630 0.467986 0.072813 0.164747 -0.119133 0.013901 -0.224015 0.001282 -0.048175 -0.062938 -0.040189 -0.030940 0.237612 -0.065965 -0.029367 -0.313685 -0.075279 -0.203945 0.315537 0.280083 0.383066 -0.217628 0.128396 0.216124 0.345622 0.316380 -0.102194 -0.112399 -0.145059 0.234016 -0.424641 -0.048757 -0.516458 -0.361596 -0.373247 -0.463483 -0.013031 0.229119 -0.111199 0.005474 -0.123320 -0.244781 -0.113112 -0.248843 -0.174777 -0.350499 0.029445 -0.334152 -0.108723 0.110003 0.033567 -0.177585
0.179922 0.295714 -0.121320 0.155624 0.057656 -0.111345 0.095080 0.247967 0.101041 -0.004443 0.093229 1.000000 0.061961 0.461291 0.086745 0.175744 -0.052930 0.306238 0.186746 0.051179 0.007056 -0.114186 -0.165868 -0.175560 0.146008 0.101923 -0.052101 -0.129988 -0.050838 0.080045 0.000001 0.086675 -0.040607 -0.102815 -0.092200 -0.086167 -0.118087 -0.092084 0.024285 -0.231741 -0.297778 -0.256140 -0.097474 -0.133413 -0.202929 -0.154012 -0.140392 -0.070952 0.206933 -0.020512 0.208840 0.057830 0.183356 0.147575 0.214331 -0.055164 -0.345411 -0.208921 0.015758 -0.078190 0.205371 0.082035 0.254306 0.043689 0.067069 0.050113 -0.175763 -0.092963 0.012545 -0.187189 -0.105640 0.115908 0.088859 0.115547 -0.016587 0.059964 -0.108812 -0.140175 -0.232529 -0.286828 -0.076509 -0.125475 -0.225414 -0.098597 0.090691 0.147178 -0.146996 0.028058 -0.071812 -0.019998 0.148529 -0.037617 -0.003099 -0.192169 -0.055371 0.049105 -0.008382 -0.094895 0.110297 -0.091554 -0.043737 -0.301729 0.132377 -0.105494 -0.048447 -0.082443 0.058067 0.020122 0.065723 -0.285819 -0.245363 -0.248497 0.003020 0.151260 0.142913 0.164094
0.109688 0.017845 -0.110143 -0.492664 0.432114 -0.125703 0.456637 -0.147952 0.088842 0.223705 0.133687 0.061961 1.000000 0.384455 0.110362 -0.003012 0.429263 0.086082 -0.388384 0.227821 0.121594 0.164305 -0.450630 -0.514249 0.005342 -0.248570 -0.003207 -0.376488 0.379177 0.257588 0.061787 -0.139469 0.307624 0.211623 -0.148948 0.181940 -0.132239 0.009488 -0.052154 -0.104443 0.024480 0.121820 0.043479 -0.146961 -0.053010 -0.163632 -0.229717 -0.214419 -0.005603 0.075250 -0.252861 -0.256666 0.192571 0.069407 0.017645 -0.209485 0.040528 0.260688 0.257625 0.303058 0.318481 0.426299 0.361859 0.281215 -0.234175 -0.011594 -0.048092 -0.185859 -0.097699 -0.123414 0.150653 0.200647 0.343685 -0.038194 -0.008439 0.106327 -0.162006 -0.163029 0.218943 0.059602 0.271046 0.232110 0.103383 -0.146052 -0.122537 -0.259268 -0.357921 -0.367471 -0.071201 0.116360 -0.152020 -0.048514 -0.122937 -0.231937 -0.144828 -0.129136 -0.077524 -0.124633 -0.198629 -0.257602 -0.148698 -0.191340 -0.194999 -0.168671 0.052633 -0.079400 0.162536 -0.136083 -0.040281 -0.148389 -0.241429 -0.108613 -0.204535 0.006844 0.001710 0.062248
-0.089302 0.185625 -0.180444 -0.037987 0.241553 -0.086510 0.150784 0.184987 0.079712 0.129864 -0.133257 0.461291 0.384455 1.000000 -0.064087 0.236207 -0.003390 0.458841 -0.328256 0.020437 0.237096 0.143624 -0.286596 -0.232973 -0.015310 -0.087389 -0.013132 -0.150621 0.122800 0.155205 0.031128 0.142862 -0.100546 -0.023677 -0.172087 0.047851 0.227069 0.133918 0.299263 0.009673 -0.023974 0.118768 -0.101918 -0.302176 -0.355743 -0.414109 -0.151363 -0.151952 -0.084796 -0.267128 -0.085326 -0.176072 0.238421 0.221933 0.121425 -0.176385 -0.401486 -0.215901 0.209070 0.217111 0.345710 0.369973 0.288730 0.395799 0.036418 0.110900 -0.267038 -0.432506 -0.180075 -0.293943 0.249059 0.415147 0.297135 0.137343 0.172158 0.316340 0.012548 0.030534 -0.045923 0.049616 0.094472 0.193907 -0.080107 0.118378 0.000798 -0.149522 -0.132143 0.019127 0.066634 0.087585 0.065144 -0.069584 0.188636 0.004592 -0.063506 -0.028588 -0.078698 -0.306254 -0.051524 -0.242618 0.093111 -0.193744 0.091034 0.057741 0.126649 0.094906 0.301310 0.000189 -0.035099 -0.169294 -0.569158 -0.257791 -0.199389 0.126095 0.164888 0.351398
0.240815 -0.027562 0.054491 0.206555 0.390981 0.633195 -0.047175 -0.036404 0.623485 0.172688 0.426441 0.086745 0.110362 -0.064087 1.000000 0.669739 0.075578 0.145063 0.116446 0.049360 0.139686 0.144590 0.397639 0.295954 -0.284361 -0.029885 0.506774 0.248490 -0.263419 -0.072195 -0.129366 -0.095968 -0.151679 0.048154 0.199674 0.070637 -0.236548 0.029519 -0.132020 -0.243953 -0.139844 -0.111904 -0.462632 -0.396593 -0.176837 -0.153074 -0.572141 -0.541970 0.031619 -0.027979 -0.208129 0.185071 0.005470 -0.144186 0.087602 -0.547066 -0.030596 0.238483 0.431995 0.500333 0.377808 0.228691 0.095887 0.249090 0.346731 0.373066 0.188747 0.301947 -0.195962 0.116714 0.158569 0.174571 -0.121413 0.030328 -0.033068 0.096746 0.096807 -0.021046 -0.170538 -0.169559 -0.221436 -0.165755 0.314409 0.310635 0.053959 -0.330834 -0.047825 0.094783 0.419257 0.281407 -0.086351 0.113357 0.068339 0.215557 -0.224364 -0.167188 -0.418212 -0.198544 -0.339457 -0.433919 0.091895 0.057009 0.147714 -0.109736 0.046684 -0.156980 0.079973 -0.200667 -0.298972 -0.203374 0.042195 -0.369094 -0.142398 0.049303 -0.037087 -0.261518
0.158072 -0.002208 0.038562 0.238933 0.425893 0.739131 -0.081511 0.023716 0.600797 0.563397 0.196270 0.175744 -0.003012 0.236207 0.669739 1.000000 -0.263111 0.158423 0.046457 -0.141013 0.114585 0.040882 0.312363 0.333261 -0.098444 0.016345 0.618270 0.403651 -0.454011 -0.307580 -0.320885 -0.195486 -0.432611 -0.241955 0.028316 0.074036 -0.037399 0.170880 0.238698 -0.048280 -0.294783 -0.075655 -0.311527 -0.320358 -0.092729 -0.067262 -0.446975 -0.472452 0.019486 0.015751 -0.101824 0.186879 -0.105682 -0.220804 0.166619 -0.435960 -0.294624 -0.013291 0.365460 0.382189 0.401025 0.268631 0.014115 0.187793 0.439752 0.603291 0.026912 0.069857 -0.245716 -0.024184 0.306980 0.046531 -0.237872 0.036142 0.047014 0.135495 0.149785 -0.023514 -0.474440 -0.222117 -0.424801 -0.335922 0.030602 0.143077 -0.046596 -0.363230 0.156710 0.089243 0.544902 0.331455 0.087308 0.219399 0.308490 0.486258 0.010897 -0.201658 -0.225852 -0.131514 -0.122118 -0.211415 0.155077 0.161239 0.187695 0.112888 -0.012793 -0.043674 0.224959 -0.016716 -0.253660 -0.207098 -0.098539 -0.185928 0.009407 0.174213 0.031141 -0.063245
-0.012455 -0.149569 -0.168214 -0.257120 0.082018 -0.115963 -0.070796 -0.401824 -0.347950 -0.258039 0.247633 -0.052930 0.429263 -0.003390 0.075578 -0.263111 1.000000 0.337936 -0.164339 0.327207 0.251886 0.344610 -0.189350 -0.165665 0.203725 0.223127 -0.129458 -0.032463 0.682597 0.530614 0.348282 0.371012 0.634249 0.636916 -0.050115 0.142144 -0.139477 -0.066364 -0.251791 -0.180637 0.380940 0.370944 -0.114387 -0.082107 -0.179907 -0.191824 -0.129143 -0.097390 -0.082274 -0.037657 -0.401654 -0.331362 0.184845 -0.127756 -0.121653 -0.097458 0.563482 0.527317 0.232927 0.243283 0.114355 0.200561 0.468156 0.321226 -0.144294 -0.201690 0.090494 -0.052754 0.211293 0.239819 -0.076633 0.250289 0.536577 0.123691 0.134981 0.248353 -0.234558 -0.185119 0.706183 0.440273 0.638500 0.639727 0.437339 0.309694 0.190457 -0.045320 -0.226156 0.013984 -0.034475 0.028464 -0.587834 -0.504167 -0.581823 -0.451644 -0.347736 -0.032863 -0.228472 -0.094400 -0.519902 -0.420795 -0.432491 -0.345924 -0.450030 -0.344763 -0.250759 -0.385343 -0.419784 -0.506190 0.002921 -0.176920 -0.136877 -0.329533 -0.437591 -0.165809 -0.192475 -0.287563
0.119103 0.179066 -0.180416 0.224140 0.033019 -0.026185 -0.365362 -0.083839 0.028825 -0.307379 0.076063 0.306238 0.086082 0.458841 0.145063 0.158423 0.337936 1.000000 -0.012968 0.006702 0.289422 0.139263 -0.000547 0.079457 0.117779 0.175711 -0.129028 -0.044654 0.315101 0.589536 0.261698 0.449710 0.031060 0.247601 0.174638 0.220884 0.077829 -0.004856 0.146957 -0.109686 0.053881 0.351996 -0.502273 -0.514263 -0.540132 -0.411253 -0.417978 -0.404937 -0.299823 -0.386475 -0.268313 -0.165753 0.383537 0.235634 0.136497 -0.326288 -0.171045 -0.025267 0.183664 0.207810 0.411098 0.279853 0.578432 0.659824 0.355628 0.214191 -0.170886 -0.277979 -0.000908 -0.186733 0.165142 0.491066 0.413944 0.374626 0.393748 0.463993 0.019104 0.057422 0.203171 0.302935 0.261129 0.422775 0.014431 0.425137 0.187508 -0.027213 -0.252351 0.057413 0.215455 0.214806 -0.144296 -0.412198 -0.007614 -0.158474 -0.204561 -0.092355 -0.348437 -0.161953 -0.297766 -0.426552 0.161370 -0.381218 0.096206 -0.150979 0.068679 -0.052037 0.046064 -0.200076 -0.096887 -0.217418 -0.439290 -0.572996 -0.275462 0.099746 0.094917 0.159638
0.518948 0.424268 0.438265 0.581108 -0.199240 -0.079253 -0.121945 0.074118 0.146162 -0.043953 0.379017 0.186746 -0.388384 -0.328256 0.116446 0.046457 -0.164339 -0.012968 1.000000 0.352697 -0.128041 -0.164327 0.604979 0.371271 0.078108 0.065559 0.002560 0.173154 -0.110295 0.071119 0.271845 0.137401 -0.100804 0.065519 0.057662 0.099048 -0.225684 -0.133528 -0.179627 -0.086277 -0.184077 -0.065664 -0.211309 -0.160903 -0.240114 -0.198754 -0.140764 -0.052762 0.039731 -0.127684 0.135206 0.084088 -0.040100 0.062536 0.091239 -0.102872 -0.214531 -0.295776 -0.147185 -0.179545 -0.025961 -0.200435 -0.026859 -0.197363 0.481269 0.233066 -0.134116 0.133012 0.251324 0.119121 -0.264648 0.041391 -0.149294 0.223879 0.036014 -0.057573 0.041878 -0.086132 -0.220016 -0.198475 -0.146797 -0.135751 -0.036153 0.103786 0.233038 0.146599 0.108008 0.191424 0.086404 -0.006345 -0.009526 -0.128710 -0.201984 0.236400 -0.069892 0.179060 -0.258232 -0.178921 -0.040501 -0.116998 -0.100433 0.256842 -0.047661 0.148774 -0.248789 -0.044309 -0.074025 0.120100 0.039133 -0.201551 0.110891 -0.085101 0.087135 0.051128 0.054140 0.034195
0.313288 0.165589 0.229122 0.200529 -0.159551 -0.157500 0.108692 0.136770 -0.062481 0.010727 0.402431 0.051179 0.227821 0.020437 0.049360 -0.141013 0.327207 0.006702 0.352697 1.000000 0.095641 0.074014 0.073164 -0.185298 0.269627 0.103069 0.100987 0.064480 0.327116 0.244863 0.301877 0.188827 0.211723 0.427758 -0.228086 0.315228 -0.156840 -0.117643 -0.335805 -0.256148 0.269670 0.227236 -0.011987 -0.066491 -0.194599 -0.213924 -0.231572 0.076215 -0.023690 -0.202662 -0.309379 -0.418749 0.094557 0.006073 -0.087297 -0.324420 0.074028 -0.062761 0.156134 0.050524 0.017766 -0.076993 0.127600 -0.129368 0.130351 -0.007006 0.090678 0.213810 0.157990 0.356282 -0.085778 0.192478 0.202851 -0.073381 -0.121789 -0.017674 -0.205069 -0.123929 0.384648 0.152925 0.468520 0.375119 0.406474 0.224633 0.258507 -0.041239 -0.059373 0.101335 -0.086287 0.161375 -0.355090 -0.061853 -0.449780 -0.220780 -0.411606 -0.046325 -0.553608 -0.530680 -0.551990 -0.403751 -0.302429 -0.178614 -0.342773 -0.252710 -0.250270 -0.257316 -0.044746 -0.281703 -0.118245 -0.044928 0.091584 -0.332198 -0.437967 -0.276768 -0.201082 -0.221518
-0.277580 -0.135610 0.173724 -0.040166 -0.057586 0.175220 -0.045434 0.136178 0.004003 -0.119775 -0.317297 0.007056 0.121594 0.237096 0.139686 0.114585 0.251886 0.289422 -0.128041 0.095641 1.000000 0.482803 -0.052186 -0.090345 0.145601 0.108021 0.248405 0.031172 0.293560 0.381865 0.316408 0.322923 0.349641 0.599096 0.138676 0.201361 0.200502 0.328889 0.423027 0.254091 0.444581 0.636873 -0.212623 -0.168662 -0.294566 -0.281916 -0.127086 -0.048003 -0.168774 -0.459185 0.063521 -0.025472 -0.232796 -0.235510 -0.158193 0.020822 -0.097338 0.226774 -0.184677 -0.019104 -0.049163 -0.102705 0.090676 0.135793 0.220036 0.007051 -0.287324 -0.252003 -0.159324 0.143316 0.537665 0.603376 0.540485 0.230799 0.405672 0.407271 0.012878 0.229989 0.230018 0.484494 0.231717 0.520683 0.071276 0.116307 -0.229714 -0.289677 -0.291421 -0.137032 -0.018662 -0.037313 -0.408758 -0.195323 -0.268351 -0.247828 0.057868 0.064780 -0.108265 -0.054288 -0.273335 -0.033428 -0.230630 -0.199161 -0.240741 -0.098876 0.126994 0.171935 -0.004458 0.148429 0.110816 0.364009 -0.078557 -0.149636 -0.210813 -0.149432 -0.164272 0.040029
-0.376761 -0.282874 0.233031 -0.073790 0.184810 0.225576 -0.079882 -0.022276 -0.119369 -0.148238 -0.333954 -0.114186 0.164305 0.143624 0.144590 0.040882 0.344610 0.139263 -0.164327 0.074014 0.482803 1.000000 -0.017123 -0.020899 0.079165 0.219713 0.114661 0.223547 0.301344 0.278232 0.291264 0.359878 0.384765 0.526954 0.063848 0.053852 0.104666 0.291369 0.183077 0.176630 0.331643 0.487792 0.024750 0.039211 -0.094578 -0.134543 0.069221 -0.004693 -0.143429 -0.234677 -0.125637 -0.172928 -0.259358 -0.346676 -0.368061 0.027310 0.181535 0.436332 -0.007515 0.167094 -0.206220 -0.082887 0.085581 0.032424 -0.172227 -0.313081 0.057352 -0.125010 0.065801 0.216857 0.265352 0.512313 0.388903 0.260348 0.141934 0.370015 -0.252508 -0.005192 0.268041 0.540479 0.215505 0.484936 0.045196 0.138528 -0.251639 -0.301740 -0.216730 -0.158363 -0.168453 -0.254630 -0.403490 -0.126434 -0.183942 -0.132981 0.104020 0.093342 -0.026042 0.024229 -0.283019 -0.169078 -0.245589 -0.109114 -0.015193 0.008541 0.062421 0.076358 0.051990 -0.048778 0.078520 0.222087 -0.120914 -0.058064 -0.204933 -0.031636 0.087964 -0.065433
0.257859 0.246012 0.435557 0.700597 0.022134 0.400197 -0.214866 0.089603 0.394440 0.012385 0.404180 -0.165868 -0.450630 -0.286596 0.397639 0.312363 -0.189350 -0.000547 0.604979 0.073164 -0.052186 -0.017123 1.000000 0.758116 -0.002448 0.243963 0.328048 0.453131 -0.339632 -0.074694 0.173641 0.256739 -0.362213 -0.026291 0.309943 0.027451 -0.032264 0.008216 -0.102415 -0.237533 -0.225560 -0.045562 -0.423985 -0.402757 -0.323025 -0.326077 -0.245662 -0.297642 0.009568 -0.171741 -0.041590 0.272229 -0.060025 -0.008914 0.087948 -0.344330 -0.227374 -0.290568 0.084247 0.270395 0.021173 -0.058001 -0.229920 -0.016132 0.547152 0.437323 -0.048584 0.148524 0.008657 0.056122 -0.036461 0.178373 -0.256073 0.328615 0.142389 0.110878 0.183880 0.021674 -0.347822 -0.134780 -0.398342 -0.227605 0.093940 0.324849 0.191327 -0.184952 0.266549 0.307220 0.408151 0.071810 0.072453 0.066351 0.167036 0.545937 -0.103531 0.128258 -0.359690 -0.274780 -0.154271 -0.240071 0.094450 0.347476 0.049157 0.186223 -0.114086 0.088999 0.089725 0.060320 -0.132194 -0.143719 0.019098 -0.149485 0.209782 0.058567 0.003127 -0.076967
0.167385 0.236374 0.183709 0.525990 0.170338 0.439455 -0.237612 -0.020334 0.352410 0.085680 0.282290 -0.175560 -0.514249 -0.232973 0.295954 0.333261 -0.165665 0.079457 0.371271 -0.185298 -0.090345 -0.020899 0.758116 1.000000 -0.007650 0.303907 0.287023 0.365261 -0.388893 -0.126924 0.165395 0.219564 -0.327829 -0.043459 0.304728 0.077990 -0.097338 -0.089492 -0.066061 -0.104920 -0.193418 -0.034956 -0.300337 -0.300058 -0.196692 -0.152152 -0.075746 -0.251676 0.031399 -0.081050 -0.161074 0.104615 -0.189147 -0.173096 -0.069019 -0.297886 -0.128207 -0.142743 0.192449 0.295997 0.182029 0.113531 -0.141808 0.179492 0.494103 0.458349 -0.040899 0.090778 -0.031087 0.096362 -0.036516 0.067692 -0.231393 0.210299 0.155347 0.083267 0.235193 -0.006546 -0.376616 -0.186429 -0.460844 -0.295563 -0.063511 0.271976 -0.015934 -0.363206 0.166415 0.149821 0.370554 -0.058653 0.108994 -0.055292 0.230372 0.494915 0.050087 0.205904 -0.185960 -0.079948 -0.046453 -0.195319 0.266340 0.324788 0.254144 0.287935 -0.008222 0.105017 -0.012338 0.011380 0.137103 -0.048081 0.117719 -0.012368 0.311386 0.223792 0.196885 0.025623
-0.053242 0.083816 0.180760 0.047274 -0.186128 -0.104152 -0.195083 -0.008478 -0.226071 -0.030924 -0.009825 0.146008 0.005342 -0.015310 -0.284361 -0.098444 0.203725 0.117779 0.078108 0.269627 0.145601 0.079165 -0.002448 -0.007650 1.000000 0.616589 0.049062 0.062222 0.163812 0.270991 0.125640 0.243240 0.097572 0.113305 0.004102 0.240798 -0.082072 0.088574 0.019856 -0.126506 0.202052 0.290542 0.050846 0.122627 -0.043222 0.081392 -0.025783 0.158116 0.205853 0.015428 -0.025111 0.017117 -0.011821 -0.087177 -0.051233 0.056726 -0.083928 -0.167320 -0.125703 -0.037583 -0.258402 -0.231748 -0.024572 -0.048529 -0.034069 0.008276 -0.050586 0.022354 0.156629 0.190487 -0.011604 0.086391 0.134902 0.134346 0.055961 0.175257 -0.159912 -0.158979 0.080355 0.225627 0.201944 0.224910 -0.087153 0.077695 -0.018927 -0.019682 -0.082929 0.008524 -0.025214 0.044841 -0.134815 -0.047074 -0.161041 -0.121133 -0.060572 -0.147661 -0.079659 -0.091710 -0.109272 0.119568 -0.105995 -0.234350 -0.078907 -0.091340 -0.206306 -0.157423 -0.044736 -0.106605 0.044904 0.028758 0.097361 -0.134796 -0.021616 -0.107663 -0.160686 -0.244422
-0.284132 -0.129071 0.133360 0.194007 -0.168848 0.144794 -0.375927 -0.130693 -0.121001 -0.243597 -0.066958 0.101923 -0.248570 -0.087389 -0.029885 0.016345 0.223127 0.175711 0.065559 0.103069 0.108021 0.219713 0.243963 0.303907 0.616589 1.000000 0.136761 0.463152 0.058633 0.155402 0.200437 0.375468 0.102042 0.114622 0.106875 0.135499 0.002238 0.154961 -0.072488 -0.122714 0.174048 0.197062 -0.087508 0.072519 -0.091199 -0.010204 0.032998 0.053644 0.007973 -0.148395 0.015971 0.015296 -0.039771 -0.159608 -0.109818 0.029381 0.039803 0.008865 -0.031240 0.171428 -0.291904 -0.216858 -0.058827 0.003933 -0.056067 -0.175648 0.104375 0.135429 0.264622 0.371637 -0.001280 0.110676 0.057627 0.326076 0.153531 0.239480 -0.141522 -0.152633 0.075774 0.330089 0.148317 0.216038 0.035128 0.223124 -0.027349 0.044707 -0.014281 0.178345 -0.035885 -0.152564 -0.146707 0.011200 -0.018683 -0.082169 -0.095415 0.073967 -0.071187 -0.028756 -0.118348 -0.108666 -0.052948 -0.238875 0.018955 -0.118471 -0.275951 -0.146799 -0.119662 -0.210649 0.011768 -0.027618 -0.020668 -0.143782 0.048944 -0.159677 -0.059049 -0.250054
-0.025010 -0.261715 0.004223 0.124705 0.198201 0.734599 -0.138743 0.003818 0.483312 0.375928 0.111027 -0.052101 -0.003207 -0.013132 0.506774 0.618270 -0.129458 -0.129028 0.002560 0.100987 0.248405 0.114661 0.328048 0.287023 0.049062 0.136761 1.000000 0.553939 -0.447637 -0.365277 -0.236802 -0.208358 -0.357578 -0.088829 -0.099811 0.231324 -0.073801 -0.064649 0.003732 -0.149345 -0.119037 0.022182 -0.065708 -0.119724 0.057532 -0.007924 -0.243659 -0.101096 0.223859 0.056339 -0.033875 0.055058 -0.187377 -0.214900 -0.000716 -0.321061 -0.109457 0.092506 0.357364 0.277620 0.134613 0.162401 -0.408643 -0.057853 0.283370 0.370815 -0.037859 0.160992 -0.347893 0.192929 0.149250 0.092279 -0.285908 -0.099691 -0.078489 0.037063 -0.072315 -0.199631 -0.246643 -0.138902 -0.237379 -0.209171 0.146101 -0.103931 0.027617 -0.381971 0.125077 -0.067965 0.266656 0.151873 -0.026707 0.221224 0.037249 0.207161 0.038508 -0.128031 -0.245571 -0.201440 -0.087690 -0.103199 0.029726 0.142538 -0.064425 -0.004607 0.087032 0.089917 0.042685 -0.036856 -0.102426 0.022416 0.279704 0.029747 0.012262 0.000672 -0.056293 -0.088439
-0.202676 -0.336734 -0.000662 0.396946 -0.055545 0.603834 -0.572359 -0.222036 0.024582 0.003073 -0.047027 -0.129988 -0.376488 -0.150621 0.248490 0.403651 -0.032463 -0.044654 0.173154 0.064480 0.031172 0.223547 0.453131 0.365261 0.062222 0.463152 0.553939 1.000000 -0.254430 -0.295766 -0.156296 0.070624 -0.193823 -0.061114 -0.012337 -0.033628 0.117288 0.057730 0.009535 -0.043284 -0.043637 0.086134 -0.117393 -0.055173 -0.001866 -0.060431 -0.141948 -0.090916 -0.036846 -0.055260 0.090739 0.088066 -0.066581 -0.149918 0.108964 -0.096366 0.193569 0.117895 0.218189 0.214834 -0.189645 -0.083690 -0.357787 -0.163486 0.065072 0.036742 0.175161 0.161359 0.131491 0.296111 -0.146420 -0.068083 -0.337221 0.087619 -0.047363 0.067639 -0.186534 -0.177813 -0.034130 0.103556 0.003639 -0.015148 0.310636 0.252328 0.314232 0.120017 0.474107 0.432134 0.286507 0.131097 -0.101963 0.039897 0.007711 0.191094 -0.001417 -0.041585 -0.229131 -0.084140 -0.162807 -0.163962 -0.075533 0.032056 -0.143977 0.004851 -0.187885 -0.025104 -0.032057 -0.097554 -0.254355 -0.122409 -0.082265 -0.112341 -0.105528 -0.141069 -0.080994 -0.187075
-0.171702 -0.036052 -0.019753 -0.308570 -0.092202 -0.441391 0.039709 -0.209468 -0.474550 -0.325337 -0.044831 -0.050838 0.379177 0.122800 -0.263419 -0.454011 0.682597 0.315101 -0.110295 0.327116 0.293560 0.301344 -0.339632 -0.388893 0.163812 0.058633 -0.447637 -0.254430 1.000000 0.735601 0.494734 0.417817 0.617887 0.598016 0.008554 0.140511 0.159019 0.157404 0.079864 0.150748 0.507034 0.534396 0.029880 0.043220 -0.187315 -0.161755 0.022743 0.047028 -0.431768 -0.236362 -0.332711 -0.365236 -0.004670 -0.063145 -0.178186 0.152805 0.165771 0.261364 -0.255951 -0.106223 -0.152858 -0.011307 0.502676 0.134959 -0.223388 -0.331815 -0.149809 -0.271030 0.260636 0.010991 0.038398 0.304439 0.801214 0.175557 0.286060 0.201907 -0.077849 0.099770 0.710264 0.569639 0.672780 0.772882 0.187311 0.220190 0.009615 0.087359 -0.291206 -0.070111 -0.267845 -0.137743 -0.509710 -0.350466 -0.455522 -0.414083 -0.054960 0.117976 0.074409 0.083751 -0.301281 -0.123552 -0.434492 -0.270166 -0.337457 -0.146520 -0.059417 -0.034570 -0.001026 -0.120787 0.206062 0.146293 -0.169104 -0.192257 -0.310675 -0.222812 -0.165420 -0.043943
-0.053299 0.174413 -0.018070 -0.025918 -0.128326 -0.366689 -0.140569 -0.133393 -0.261625 -0.461166 0.048976 0.080045 0.257588 0.155205 -0.072195 -0.307580 0.530614 0.589536 0.071119 0.244863 0.381865 0.278232 -0.074694 -0.126924 0.270991 0.155402 -0.365277 -0.295766 0.735601 1.000000 0.592033 0.598073 0.504831 0.592692 0.278126 0.238988 0.142437 0.233107 0.119180 0.005742 0.377050 0.639473 -0.352674 -0.313085 -0.528442 -0.424934 -0.178286 -0.167006 -0.382737 -0.494246 -0.284719 -0.268925 0.190369 0.105673 0.017973 0.018162 -0.013907 -0.017093 -0.217258 -0.065254 -0.020862 -0.062993 0.518081 0.390618 0.127760 -0.108760 -0.293287 -0.289129 0.135986 -0.031198 0.261291 0.556708 0.794642 0.495383 0.555359 0.481030 0.179602 0.329097 0.469893 0.529518 0.462632 0.686592 0.094383 0.350100 0.051636 -0.008614 -0.325083 -0.033575 -0.145395 -0.016113 -0.347383 -0.370075 -0.255944 -0.308975 -0.108706 0.122740 -0.143157 0.077951 -0.303233 -0.185992 -0.173214 -0.329170 -0.178063 -0.169136 0.031896 0.030782 0.064434 0.005241 0.189617 0.074990 -0.165748 -0.367392 -0.094164 -0.086419 -0.026081 0.037796
-0.002348 0.196355 0.254833 0.170049 0.077363 -0.195690 0.018055 0.045110 -0.115935 -0.247402 0.077852 0.000001 0.061787 0.031128 -0.129366 -0.320885 0.348282 0.261698 0.271845 0.301877 0.316408 0.291264 0.173641 0.165395 0.125640 0.200437 -0.236802 -0.156296 0.494734 0.592033 1.000000 0.739292 0.596611 0.719461 0.232688 0.306109 -0.003156 -0.051475 -0.110514 -0.128540 0.291817 0.418974 -0.251959 -0.219267 -0.327297 -0.291243 0.015477 -0.165754 -0.225023 -0.441972 -0.213588 -0.312314 -0.091036 -0.105724 -0.229649 -0.172757 -0.065760 -0.157159 -0.157897 -0.073530 -0.027524 -0.139239 0.299761 0.161473 0.240769 -0.015066 -0.123918 -0.050148 0.036285 0.207978 0.050816 0.570166 0.630036 0.473769 0.370622 0.249435 0.026482 0.059988 0.211370 0.339694 0.194107 0.410928 -0.064303 0.150251 -0.055238 -0.196484 -0.172810 -0.214400 -0.160828 -0.301124 -0.199295 -0.257772 -0.171504 -0.225379 -0.090513 0.145438 -0.137577 -0.044881 -0.263612 -0.295875 -0.113169 -0.141572 -0.156795 -0.034552 -0.051388 0.056026 0.075430 0.052445 0.256300 0.109574 0.000503 -0.176806 0.059939 -0.041366 0.028454 0.069112
-0.151631 0.188862 0.054565 0.424431 -0.103410 -0.110357 -0.315232 0.081728 -0.270734 -0.409675 0.045361 0.086675 -0.139469 0.142862 -0.095968 -0.195486 0.371012 0.449710 0.137401 0.188827 0.322923 0.359878 0.256739 0.219564 0.243240 0.375468 -0.208358 0.070624 0.417817 0.598073 0.739292 1.000000 0.412882 0.570955 0.274851 0.035614 0.205795 0.006814 -0.053229 -0.244165 0.271741 0.404945 -0.456495 -0.394784 -0.597985 -0.512592 -0.083806 -0.158069 -0.223014 -0.531426 -0.197273 -0.168028 0.163979 0.041957 0.039217 -0.161704 0.013317 -0.169396 -0.027831 0.047202 0.009807 -0.076657 0.379231 0.299541 0.291575 -0.017734 -0.200879 -0.266605 0.064284 0.032874 0.066347 0.578141 0.579090 0.443507 0.415781 0.385055 0.092187 0.180930 0.206876 0.377073 0.246566 0.489419 0.107639 0.470000 0.213815 -0.069196 0.063853 0.096672 0.075364 -0.046353 -0.228095 -0.406494 -0.127641 -0.184079 -0.154876 0.060523 -0.223445 -0.052378 -0.290301 -0.275441 -0.076377 -0.251177 -0.173611 -0.051296 -0.002858 0.061505 -0.000419 -0.047449 0.100909 -0.034311 -0.164910 -0.319605 0.006210 0.005331 0.016777 0.030239
-0.226037 -0.159250 -0.043096 -0.364865 0.017511 -0.281718 0.062503 -0.251948 -0.402369 -0.327588 -0.180698 -0.040607 0.307624 -0.100546 -0.151679 -0.432611 0.634249 0.031060 -0.100804 0.211723 0.349641 0.384765 -0.362213 -0.327829 0.097572 0.102042 -0.357578 -0.193823 0.617887 0.504831 0.596611 0.412882 1.000000 0.762260 0.044795 0.011002 0.011621 0.055761 -0.051344 0.039657 0.450948 0.433629 -0.046806 0.109437 -0.007787 -0.034576 0.175541 -0.000759 -0.155617 -0.220687 -0.081982 -0.314442 -0.020574 -0.220421 -0.245280 0.183195 0.475334 0.359950 -0.132114 -0.137702 -0.193972 -0.222820 0.289181 0.081905 -0.213526 -0.450649 0.174955 0.043918 0.312990 0.375665 0.083289 0.298886 0.603105 0.243380 0.207853 0.204805 -0.228229 -0.037537 0.530826 0.469318 0.540627 0.597255 0.183732 0.032367 -0.061221 0.090607 -0.241433 -0.190669 -0.267494 -0.194113 -0.456081 -0.340299 -0.452124 -0.602203 -0.039282 0.027083 0.097773 0.201519 -0.256221 -0.128881 -0.429259 -0.425670 -0.369686 -0.358652 -0.214471 -0.229720 -0.292739 -0.138299 0.150531 0.068607 0.022973 -0.087156 -0.215406 -0.228455 -0.199404 -0.157537
-0.104985 -0.058473 0.140295 -0.004361 0.038959 -0.024256 -0.015887 -0.071797 -0.209850 -0.268950 -0.013174 -0.102815 0.211623 -0.023677 0.048154 -0.241955 0.636916 0.247601 0.065519 0.427758 0.599096 0.526954 -0.026291 -0.043459 0.113305 0.114622 -0.088829 -0.061114 0.598016 0.592692 0.719461 0.570955 0.762260 1.000000 0.118376 0.316418 -0.052206 0.012472 -0.022154 -0.033114 0.482374 0.635506 -0.147880 -0.073832 -0.234686 -0.180310 -0.030975 -0.108298 -0.227796 -0.360422 -0.310833 -0.344507 -0.135474 -0.313425 -0.268563 -0.101142 0.297728 0.354145 -0.055539 0.021837 -0.024520 -0.098629 0.336785 0.175103 0.146938 -0.118640 0.048383 0.011907 0.144799 0.413754 0.138031 0.540902 0.669777 0.315064 0.344223 0.348290 -0.188000 -0.028729 0.531941 0.501310 0.466684 0.663795 0.167612 0.179879 -0.067926 -0.226651 -0.245389 -0.168042 -0.074605 -0.126774 -0.602599 -0.420794 -0.500321 -0.434964 -0.119739 0.065514 -0.230722 -0.097800 -0.581818 -0.373264 -0.376068 -0.240554 -0.396983 -0.282630 -0.177061 -0.143070 -0.175594 -0.188111 0.127061 0.109378 0.018733 -0.311035 -0.370299 -0.305251 -0.204788 -0.168941
0.087099 0.013652 -0.040296 0.334425 0.029508 0.134694 -0.237775 -0.046655 0.071570 -0.192818 0.014830 -0.092200 -0.148948 -0.172087 0.199674 0.028316 -0.050115 0.174638 0.057662 -0.228086 0.138676 0.063848 0.309943 0.304728 0.004102 0.106875 -0.099811 -0.012337 0.008554 0.278126 0.232688 0.274851 0.044795 0.118376 1.000000 0.205546 0.121078 0.214033 0.065646 -0.060444 -0.017204 0.177552 -0.462169 -0.325648 -0.310174 -0.147816 -0.324966 -0.410774 -0.298744 -0.282644 -0.127653 0.078707 -0.117055 -0.110925 0.097861 -0.151904 -0.030045 -0.026694 -0.079185 0.018917 0.092073 -0.084043 0.136959 0.256477 0.296894 0.250834 -0.115579 -0.053053 -0.168231 -0.111131 -0.050579 0.151936 0.056534 0.308962 0.299621 0.204258 0.282126 0.333117 -0.190582 0.127984 -0.253398 -0.062765 -0.083089 0.272398 0.007096 -0.058182 0.012079 0.085787 0.228640 -0.118191 0.058620 -0.048377 0.363051 0.148672 0.079061 0.100020 -0.160328 0.296098 -0.064888 -0.034152 0.414862 0.084453 0.289557 0.174253 0.377818 0.340407 0.333843 0.420818 0.016847 0.044909 -0.144772 -0.314621 0.263338 0.200088 0.243579 0.192823
0.101664 -0.002762 0.105418 0.121484 0.101603 0.115784 -0.030097 0.006700 0.201702 0.099420 0.176085 -0.086167 0.181940 0.047851 0.070637 0.074036 0.142144 0.220884 0.099048 0.315228 0.201361 0.053852 0.027451 0.077990 0.240798 0.135499 0.231324 -0.033628 0.140511 0.238988 0.306109 0.035614 0.011002 0.316418 0.205546 1.000000 -0.213108 -0.140783 0.023261 0.024318 0.229895 0.399432 0.037662 -0.038565 -0.039088 0.115057 -0.215680 -0.190699 -0.134077 -0.179667 -0.357511 -0.336255 -0.197164 -0.297823 -0.134092 -0.323255 -0.097341 -0.023618 0.087445 -0.034212 0.162468 0.068852 0.077158 0.137215 0.302718 0.445692 -0.116505 0.079254 -0.289554 0.212200 -0.074658 0.149576 0.178494 0.104070 0.170931 0.180675 0.021788 -0.030575 0.141072 0.210255 0.055783 0.101138 -0.100430 0.031990 -0.179986 -0.345867 -0.226039 -0.213462 -0.066736 -0.111461 -0.207258 -0.112254 -0.057396 0.026488 -0.010817 0.099737 -0.307542 -0.141816 -0.289585 -0.298455 0.297227 0.179489 0.105831 0.171655 0.164635 0.148140 0.240812 0.036217 0.113068 0.078390 0.092382 -0.248739 -0.160673 -0.100165 0.184178 0.091412
