1.000000 0.662410 0.057457 0.051985 -0.097130 0.169980 0.023510 -0.097172 -0.094562 0.116051 0.461954 0.255821 0.229831 0.056588 -0.029316 0.067315 0.175978 0.078389 0.238746 0.197655 -0.166616 -0.140701 0.138274 -0.056178 0.152874 -0.006460 -0.114845 0.138522 -0.071681 -0.236106 -0.006272 -0.064973 0.153203 0.160842 0.194237 -0.120000 -0.108301 0.058120 -0.200223 -0.213571 -0.099706 0.010555 -0.010067 0.008277 -0.233381 -0.170537 -0.074755 -0.091354 0.311410 -0.261975 0.140559 0.023810 -0.235929 -0.191018 -0.051534 -0.433331 -0.116477 0.034258 0.312929 0.057842 0.576818 0.170257 0.154465 0.107164 0.202389 0.338829 0.181847 0.099767 0.367502 0.086093 0.021646 0.098880 -0.005438 0.400157 0.395816 0.560394 0.273143 0.199998 -0.061799 -0.011540 -0.038176 -0.087014 -0.093180 -0.119206 -0.008410 0.029190 -0.094702 -0.213916 0.362973 -0.088112 0.010601 -0.047919 -0.159578 -0.151470 -0.308819 -0.331163 -0.246411 -0.309554 -0.346203 -0.217123 -0.214161 -0.130772 -0.245253 -0.270160 -0.178160 -0.106065 -0.121147 -0.123476 -0.196612 -0.385361 -0.290385 -0.139785 0.084485 -0.343184 -0.196756 -0.337202
0.662410 1.000000 0.018517 0.081370 -0.011897 0.343605 0.052078 0.125354 0.241506 0.348190 0.382079 0.596321 0.246833 0.159630 0.257924 -0.026885 0.024536 0.189038 0.117864 0.047469 -0.127412 -0.217942 -0.005746 -0.222564 0.029098 -0.056923 -0.059731 0.160418 -0.239592 -0.275421 -0.176941 -0.164173 0.176500 0.137936 0.119865 -0.222197 -0.257979 -0.130017 -0.236097 -0.273739 -0.186698 -0.096788 0.001460 0.049159 -0.152043 -0.098884 -0.146986 -0.085493 0.394973 -0.087341 0.058437 0.147748 -0.069612 -0.092465 -0.144496 -0.356265 0.007966 0.183460 0.399242 0.316965 0.615497 0.324331 0.333806 0.297946 0.133184 0.485088 0.375718 0.103161 0.335005 0.150993 -0.062099 -0.156566 -0.161950 0.232275 0.265135 0.259876 0.063862 -0.029060 -0.215238 -0.092222 -0.161331 -0.271417 -0.150802 -0.210196 -0.111007 -0.073586 0.044499 -0.183076 0.433318 -0.114777 0.057076 -0.146815 -0.263311 -0.226287 -0.330590 -0.308659 -0.353511 -0.269871 -0.195838 -0.215801 -0.049428 -0.243100 -0.154949 -0.247135 -0.171750 -0.095434 -0.205292 -0.023132 -0.232326 -0.445679 -0.352090 -0.130910 0.038448 -0.196227 -0.129934 -0.267695
0.057457 0.018517 1.000000 0.381481 0.244391 0.362619 0.446931 0.271219 0.220527 0.327916 -0.008251 -0.140027 0.044357 -0.200357 0.272564 0.269330 0.202888 -0.021087 0.257359 0.103846 -0.082491 -0.006639 0.273985 0.198015 0.095988 -0.078665 0.308327 0.076905 -0.026359 -0.063744 0.241633 0.068150 -0.170936 0.047917 -0.054004 -0.044297 -0.194706 -0.504375 -0.014239 -0.289312 -0.100414 -0.058563 0.102036 0.040695 -0.060345 0.177062 -0.047450 0.077311 -0.050180 0.115796 0.067252 0.057811 -0.043281 0.193849 -0.172222 -0.179236 -0.160402 -0.093347 -0.054592 0.101798 -0.224057 -0.371096 0.060184 -0.263066 0.032154 -0.231393 0.209606 0.238493 0.176239 -0.015969 0.154771 -0.054517 -0.077494 -0.067035 -0.007684 0.004297 -0.111760 0.010546 0.101712 -0.240790 -0.020178 -0.075707 0.201222 0.155372 -0.054752 -0.047247 -0.126249 -0.102288 0.297802 -0.197244 0.227064 0.330990 -0.072245 -0.100884 -0.175408 -0.144417 -0.387067 -0.217893 -0.250571 -0.169873 -0.357325 0.000135 -0.339196 -0.170626 -0.162298 -0.018294 -0.259956 -0.184136 -0.133168 -0.023524 -0.155717 -0.198886 0.109040 -0.072388 -0.110360 -0.099557
0.051985 0.081370 0.381481 1.000000 0.359291 0.093163 0.339189 0.628963 0.075647 0.387386 -0.004625 0.004049 0.216072 0.136995 0.157516 0.471177 0.313521 -0.155635 0.255090 0.486987 0.176966 0.291482 -0.038082 0.273067 0.027287 -0.058570 0.355567 0.110251 0.120384 0.143788 0.114493 0.202091 -0.175264 0.086937 -0.238593 -0.175344 0.016980 -0.450075 -0.023175 -0.080323 -0.027297 0.185857 -0.163776 -0.129517 -0.294194 -0.049961 -0.294726 -0.009420 -0.124777 0.004481 -0.052208 -0.207234 -0.149074 0.048859 -0.137148 -0.304416 -0.252793 -0.197990 -0.148305 -0.001679 -0.073330 -0.079447 0.190174 -0.226216 0.115459 0.131368 -0.155790 0.180551 0.011508 -0.270653 -0.046015 0.180328 0.028519 0.100380 -0.090819 -0.061214 -0.052211 -0.007274 -0.055779 -0.214692 0.076416 0.040718 0.295891 0.406934 -0.084734 -0.077912 -0.328415 0.031547 0.159160 0.120715 0.204024 0.186366 0.063505 0.050784 -0.231912 -0.190767 -0.506376 -0.174335 -0.271281 -0.215531 -0.247738 0.243681 -0.137238 -0.144057 -0.174283 -0.055161 -0.180643 -0.130886 -0.294807 -0.215603 -0.108316 -0.047278 0.049988 -0.287412 -0.216930 -0.228498
-0.097130 -0.011897 0.244391 0.359291 1.000000 0.456613 0.398404 0.297866 0.406385 0.442053 -0.389122 -0.227792 0.169132 0.019540 0.181239 0.360759 0.040744 -0.216057 -0.054600 0.067853 0.238807 0.127265 -0.141762 0.104784 -0.136168 -0.343784 0.516604 0.060646 -0.029699 0.072670 -0.258806 -0.197644 -0.343869 -0.201609 -0.186077 -0.379546 0.049039 -0.275566 0.070033 -0.042952 -0.276362 0.077820 -0.183634 -0.193450 -0.367771 -0.254122 -0.232834 -0.081806 0.047647 -0.102788 -0.328155 -0.101915 -0.000780 0.013963 -0.221011 -0.255991 -0.193255 -0.067307 0.201238 0.224778 0.072745 -0.095060 0.281277 -0.045157 -0.100824 -0.290661 0.133806 0.110950 0.031724 -0.246235 -0.068444 -0.269224 0.022518 -0.044752 -0.150546 -0.047907 -0.136977 -0.133136 -0.176307 -0.151898 -0.020916 -0.101858 0.028065 0.236634 -0.336860 -0.343516 -0.138713 0.165414 -0.032051 0.143716 0.219757 0.485552 0.203014 0.187181 0.086450 0.142727 -0.112231 0.173518 0.027598 0.257329 0.095014 0.177024 0.090111 0.215584 0.169994 0.145126 0.079275 0.139205 0.007103 0.018991 -0.191700 0.000336 0.189226 0.134680 0.081337 0.105469
0.169980 0.343605 0.362619 0.093163 0.456613 1.000000 0.005676 -0.069225 0.267203 0.353957 0.004264 0.146242 -0.049348 -0.236639 0.529562 0.289465 -0.054852 0.112679 0.123881 0.053612 0.052980 -0.101904 0.269770 0.094677 -0.007041 -0.007275 0.538011 0.281942 -0.334510 -0.392970 -0.137176 -0.132235 -0.081334 0.021222 0.050060 -0.122337 -0.180505 -0.297162 -0.111894 -0.207771 -0.399541 -0.188403 -0.101772 0.009090 -0.146417 0.176017 -0.180529 0.016239 0.002706 0.079449 0.016912 0.147158 -0.183957 0.151108 -0.243945 -0.268287 0.071057 0.257517 0.196849 0.341204 0.068958 -0.202987 -0.004763 -0.099065 -0.051893 -0.122281 0.459931 0.458648 0.255293 0.241320 -0.023070 -0.254418 -0.349309 -0.193114 -0.095845 0.083929 -0.125049 -0.185433 -0.103680 -0.054572 -0.189578 -0.121285 0.058295 -0.057195 -0.108831 -0.067624 -0.085891 -0.039264 0.516422 -0.211813 0.317236 0.269380 0.026268 -0.083938 -0.237027 -0.100317 -0.270561 -0.103865 -0.233831 -0.092606 -0.163227 -0.058185 -0.090971 0.020209 -0.096002 -0.209584 -0.024795 0.035588 -0.278391 -0.076146 -0.036893 -0.347498 0.035323 0.069742 -0.148516 -0.154224
0.023510 0.052078 0.446931 0.339189 0.398404 0.005676 1.000000 0.622827 0.423454 0.463404 -0.084963 -0.081454 0.335888 0.224988 0.126709 0.226942 -0.048222 -0.132016 -0.116111 0.032274 -0.116818 -0.002680 -0.153442 -0.208817 -0.076648 -0.290640 0.006749 -0.074504 0.024357 0.239236 -0.126021 -0.266635 -0.433976 -0.371830 -0.103613 -0.241705 -0.019372 -0.270471 -0.006258 -0.302810 -0.093332 0.158913 0.137306 -0.038449 -0.074471 -0.227302 0.056363 -0.026619 0.143034 -0.094358 -0.006247 0.045289 0.272649 0.017450 0.044213 -0.007662 -0.330631 -0.357475 -0.103806 -0.038295 -0.015125 -0.054768 0.351084 0.037535 -0.015221 -0.064396 -0.197453 -0.300503 -0.010264 -0.397717 0.050349 -0.130583 0.185666 0.242814 0.021054 0.001727 -0.052814 -0.027138 -0.078370 -0.470615 -0.063200 -0.239454 0.003049 0.089521 -0.188581 -0.237030 0.041859 -0.020308 -0.046366 0.296207 0.282327 0.289206 0.111282 0.171682 -0.063444 -0.027004 -0.087106 -0.026170 0.263712 0.201643 0.133897 0.138370 0.053642 -0.002953 0.141018 0.213506 -0.134959 -0.022467 -0.016858 -0.138343 -0.328395 0.206865 0.279156 0.000375 0.086256 0.030322
-0.097172 0.125354 0.271219 0.628963 0.297866 -0.069225 0.622827 1.000000 0.338512 0.666652 -0.042269 0.136000 0.394390 0.403894 0.202927 0.203417 -0.074035 -0.188683 -0.046320 0.197597 -0.033873 0.043269 -0.221725 -0.173080 -0.166533 -0.333738 -0.042811 -0.154035 0.071536 0.217643 -0.095761 -0.215140 -0.345401 -0.322473 -0.261700 -0.252329 -0.095476 -0.337204 0.008309 -0.188667 -0.033169 0.001377 -0.054217 -0.190283 -0.161396 -0.247075 -0.144597 -0.058875 -0.023276 -0.032153 -0.046069 -0.036178 0.102610 -0.063707 -0.073153 0.030976 -0.347111 -0.416694 -0.115781 0.008046 -0.039214 0.139934 0.331102 0.043250 0.155516 0.287039 -0.321029 -0.273978 -0.163396 -0.484423 -0.057528 -0.066713 0.182245 0.078218 -0.260310 -0.216476 -0.097599 -0.029544 -0.228525 -0.364276 -0.082794 -0.253568 0.136580 0.232264 -0.160192 -0.190820 0.022963 -0.089438 -0.129841 0.257430 0.307478 0.242388 0.161764 0.240640 0.005083 -0.034128 -0.214390 -0.013470 0.221086 0.173887 0.147203 0.337641 0.129899 0.113140 0.125359 0.260808 -0.007518 0.086670 -0.095004 -0.273705 -0.197226 0.248134 0.140398 -0.016674 0.122750 0.103866
-0.094562 0.241506 0.220527 0.075647 0.406385 0.267203 0.423454 0.338512 1.000000 0.406558 -0.233175 0.126332 -0.048902 0.042476 0.006663 0.063874 -0.269035 -0.205798 -0.142917 -0.162743 -0.182526 -0.318804 -0.139194 -0.188636 -0.032206 -0.203294 0.009676 -0.130047 -0.130479 -0.157963 -0.177588 -0.347980 -0.235869 -0.268328 -0.208842 -0.388409 -0.026278 -0.160324 -0.021561 -0.180046 -0.106996 -0.135834 0.100011 0.038030 0.015830 0.009943 0.099745 0.031442 0.183782 0.277069 0.033995 0.401256 0.340608 0.340703 -0.133668 0.136949 0.071763 0.092882 0.240955 0.511768 0.013883 -0.016020 0.103916 0.059714 -0.056266 -0.106441 0.269288 0.017980 0.118685 0.039752 -0.210672 -0.476702 -0.175079 0.015258 0.021139 -0.123751 -0.133547 -0.208948 -0.252373 -0.261844 -0.337696 -0.417922 -0.138010 -0.259765 -0.277454 0.060583 0.013271 0.023391 -0.117578 0.273014 0.250269 0.014236 0.025352 -0.207393 -0.015056 -0.030784 -0.052481 -0.085343 0.368591 0.147158 0.118230 -0.041868 -0.138348 -0.115992 -0.046817 0.068380 -0.139215 -0.032891 -0.064153 -0.273778 -0.275992 0.141255 0.086340 -0.000364 0.076570 0.038987
0.116051 0.348190 0.327916 0.387386 0.442053 0.353957 0.463404 0.666652 0.406558 1.000000 -0.016912 0.086939 0.337654 0.132677 0.327573 0.228464 -0.077582 -0.083771 0.090048 0.191224 -0.008905 0.032600 -0.078644 -0.114668 -0.129845 -0.277324 0.228520 0.079181 -0.052061 0.004819 -0.204656 -0.360714 -0.395139 -0.251694 -0.190834 -0.437443 -0.145916 -0.299508 -0.083453 -0.210018 -0.194170 -0.087234 -0.138683 -0.192272 -0.305242 -0.225771 -0.137031 -0.103740 0.071615 -0.059273 -0.092105 0.051347 -0.049455 0.011049 -0.257219 -0.186737 -0.223562 -0.178007 0.071917 0.208882 0.080426 0.042875 0.329850 -0.007965 0.121964 0.151790 -0.085128 -0.065981 0.005043 -0.284254 -0.020566 -0.152451 0.054399 -0.016606 -0.220051 0.043809 -0.218635 -0.139915 -0.210993 -0.357427 -0.146860 -0.260051 0.051653 0.217278 -0.339539 -0.261597 0.095373 0.014777 -0.029702 0.083820 0.415621 0.421171 0.138245 0.160628 0.004158 -0.093193 -0.176929 -0.025863 0.141202 0.165456 0.034030 0.192457 0.152545 0.143799 0.131332 0.166036 0.035448 0.135507 -0.174356 -0.272098 -0.291665 0.108007 0.272694 0.076296 0.123164 0.027817
0.461954 0.382079 -0.008251 -0.004625 -0.389122 0.004264 -0.084963 -0.042269 -0.233175 -0.016912 1.000000 0.468287 0.395155 0.172999 0.212298 0.080088 0.325012 0.172291 0.542228 0.100722 -0.254582 -0.088846 0.180687 0.044086 0.176854 0.078845 -0.251019 0.051653 0.155570 -0.093142 0.242758 0.281295 0.243354 0.245210 0.080679 0.117088 0.095891 0.061175 -0.003774 -0.054311 0.106719 -0.054831 -0.064438 -0.037871 0.022937 -0.064379 -0.138106 -0.204125 -0.060000 -0.267975 0.333485 -0.078210 -0.286011 -0.208615 0.134388 -0.184620 -0.211457 -0.201964 -0.235526 -0.238857 0.182405 0.104637 0.082304 -0.197026 0.559512 0.461721 -0.189833 -0.102555 0.060420 -0.054716 -0.032153 0.257824 0.066309 0.098980 0.207183 0.205915 0.241313 0.276869 0.142014 -0.049120 -0.018335 0.005362 0.292413 0.045541 0.490752 0.365762 -0.012979 -0.220302 0.352659 -0.264232 -0.325766 -0.281817 -0.341243 -0.069097 -0.085249 -0.121361 -0.203026 -0.132311 -0.328433 -0.170051 -0.198081 0.005976 -0.265612 -0.245894 -0.247761 -0.108470 -0.193619 -0.033485 0.068273 -0.264578 -0.145074 -0.269111 -0.092719 -0.184475 -0.252692 -0.176843
0.255821 0.596321 -0.140027 0.004049 -0.227792 0.146242 -0.081454 0.136000 0.126332 0.086939 0.468287 1.000000 0.268104 0.496148 0.195945 -0.131202 0.099366 0.383846 -0.111675 0.111708 -0.212540 -0.274364 -0.257953 -0.440275 -0.158825 -0.026819 -0.242877 -0.121901 0.161033 0.075035 0.041716 -0.058805 0.398931 0.265002 0.277809 0.057321 -0.210571 -0.181767 -0.210536 -0.195703 -0.090599 -0.287061 -0.098968 -0.019439 0.300866 0.210482 -0.199156 -0.179174 0.270965 0.132591 0.139129 0.134777 0.161703 -0.114385 0.024049 -0.138829 0.054933 0.145206 0.082487 0.122826 0.203686 0.506578 0.347799 0.227297 0.078858 0.668741 0.153595 0.017656 0.267671 0.190684 -0.114554 -0.086846 0.066012 -0.101537 -0.093429 -0.111210 -0.045873 -0.134934 0.151861 0.163445 0.060847 0.058994 -0.067570 -0.079117 0.313689 0.174000 -0.058678 -0.364507 0.286238 -0.114192 -0.112643 -0.396687 -0.338964 -0.326001 -0.207990 -0.242296 -0.324928 -0.256526 -0.085774 -0.249586 -0.004832 -0.063999 -0.100566 -0.213979 -0.282323 -0.274996 -0.287781 -0.112855 -0.142125 -0.361804 -0.150734 -0.157361 -0.150160 -0.129103 -0.245719 -0.206503
0.229831 0.246833 0.044357 0.216072 0.169132 -0.049348 0.335888 0.394390 -0.048902 0.337654 0.395155 0.268104 1.000000 0.574545 0.390026 0.297037 0.185504 0.010646 -0.057453 0.163881 -0.060605 0.039948 -0.265594 -0.317202 -0.111417 -0.397072 -0.185367 -0.185494 0.417897 0.364477 -0.017060 -0.148313 -0.307820 -0.161447 0.066816 -0.142617 0.370908 0.173959 0.313485 0.135850 0.327059 0.266637 -0.512691 -0.519694 -0.323882 -0.499099 -0.468406 -0.566041 0.031887 -0.516347 -0.240898 -0.335110 -0.100672 -0.342575 0.363709 -0.179979 -0.575843 -0.517934 -0.189224 -0.187362 0.127473 0.240885 0.361251 -0.136460 0.111126 0.207221 -0.407005 -0.336111 -0.096782 -0.492999 -0.034775 -0.021004 0.562101 0.095059 -0.003194 0.126730 0.208856 0.318687 0.024615 -0.176800 0.242304 0.071963 0.312551 0.420346 0.081872 -0.147974 0.020280 0.000566 0.044677 0.191051 -0.106067 0.237924 -0.078343 0.210408 0.285851 0.280013 -0.230940 0.304243 -0.143803 0.243309 0.163546 0.095941 0.129880 0.114323 0.057070 0.226525 0.085209 0.213298 0.232847 -0.152808 -0.358836 -0.166317 0.137342 0.155819 0.168693 0.235811
0.056588 0.159630 -0.200357 0.136995 0.019540 -0.236639 0.224988 0.403894 0.042476 0.132677 0.172999 0.496148 0.574545 1.000000 0.112571 -0.001216 -0.171120 -0.007004 -0.271147 0.175778 -0.220982 -0.131209 -0.645111 -0.651541 -0.312928 -0.313262 -0.357983 -0.381572 0.396509 0.433076 -0.136379 -0.272340 -0.048608 -0.060771 0.082506 0.149953 0.002585 -0.020185 -0.002685 -0.058336 0.075927 -0.114814 -0.233556 -0.282747 0.179905 -0.139093 -0.239431 -0.266616 0.230639 -0.149050 -0.316789 -0.238003 0.246545 -0.376726 0.273399 0.004569 -0.411610 -0.407159 0.102277 -0.157514 0.246585 0.641295 0.357037 0.130093 0.002301 0.371367 -0.258207 -0.243983 -0.114342 -0.298453 -0.184615 -0.122289 0.441336 0.001460 -0.326749 -0.188380 0.028256 0.018992 -0.057643 -0.076946 0.207139 0.056396 0.176143 0.262827 0.149254 -0.270857 0.073153 -0.255698 -0.020442 0.358857 0.008129 0.057183 0.138338 0.124252 0.186552 0.079745 -0.090681 0.099607 0.147358 0.186118 0.335270 0.131040 0.269549 0.103240 0.065634 0.103214 -0.030413 0.115184 0.141826 -0.183896 0.026425 0.149152 0.129307 0.157879 0.213869 0.135361
-0.029316 0.257924 0.272564 0.157516 0.181239 0.529562 0.126709 0.202927 0.006663 0.327573 0.212298 0.195945 0.390026 0.112571 1.000000 0.344605 -0.137554 0.086387 0.121445 -0.072237 -0.052944 -0.023594 0.090814 -0.096280 -0.320041 -0.204642 0.140760 0.034676 -0.178404 -0.176527 -0.133341 -0.102795 -0.252493 -0.148209 -0.014273 0.027538 0.028673 -0.222340 0.153029 -0.077852 -0.088413 -0.026829 -0.255113 -0.173607 -0.210461 -0.071963 -0.298440 -0.198776 -0.117297 -0.237409 -0.162471 -0.157360 -0.201654 -0.204691 0.040847 -0.129905 -0.309961 -0.229453 -0.016426 0.061057 -0.029358 0.057233 0.073311 -0.204621 0.116297 0.109131 0.014537 0.011604 0.045960 -0.159169 0.071331 -0.141951 -0.016586 -0.202407 -0.156709 -0.095260 -0.061418 0.043357 -0.233571 -0.242982 -0.127242 -0.217668 0.334496 0.090469 0.081717 -0.273049 0.221703 -0.043501 0.492717 -0.102828 0.116703 0.433503 -0.030871 0.264378 0.064060 0.224691 -0.219305 0.244788 -0.073352 0.217572 0.130456 -0.021392 0.206010 0.294155 0.111167 0.128515 0.139675 0.371613 0.045710 -0.004406 -0.177193 -0.175557 0.014087 0.395774 0.196290 0.219593
0.067315 -0.026885 0.269330 0.471177 0.360759 0.289465 0.226942 0.203417 0.063874 0.228464 0.080088 -0.131202 0.297037 -0.001216 0.344605 1.000000 0.066517 -0.234227 0.261775 0.191034 0.251346 0.223111 0.175284 0.349548 0.062091 -0.097624 0.418253 0.235000 0.039063 -0.044383 -0.005633 0.157318 -0.316680 -0.225841 -0.147336 -0.197972 0.472063 0.047786 0.286269 0.109237 0.234976 0.491360 -0.297170 -0.245822 -0.517560 -0.074069 -0.285054 -0.151504 -0.013424 -0.117562 -0.078081 -0.127695 -0.205552 0.069641 0.201183 -0.258870 -0.366140 -0.317039 -0.071248 0.110920 -0.157424 -0.222881 -0.012071 -0.551615 0.019960 -0.106027 -0.107789 0.226255 -0.085712 -0.249623 -0.034609 0.033373 -0.059038 0.173734 0.128104 0.179900 -0.035181 0.051624 -0.107601 -0.250210 -0.126889 -0.082238 0.347725 0.357465 -0.266059 0.083777 -0.199885 0.429933 0.086237 0.301562 0.109023 0.245131 -0.019352 -0.157497 0.077930 0.178566 -0.223230 0.106177 -0.224532 0.006965 -0.334513 -0.123331 -0.305807 -0.137468 -0.083451 0.076903 0.020546 0.076931 -0.022126 0.060032 -0.103762 -0.278219 0.210866 -0.124314 -0.054269 -0.005149
0.175978 0.024536 0.202888 0.313521 0.040744 -0.054852 -0.048222 -0.074035 -0.269035 -0.077582 0.325012 0.099366 0.185504 -0.171120 -0.137554 0.066517 1.000000 0.335565 0.425623 0.460293 0.081520 0.220756 0.150469 0.407437 0.270172 0.187316 0.234914 0.129367 0.331671 0.237460 0.391397 0.443345 0.392171 0.610647 0.197432 -0.043352 0.008123 -0.216591 -0.203818 -0.083017 0.015496 0.056049 -0.199712 -0.122748 -0.062915 0.044075 -0.310023 -0.226425 -0.104699 0.022270 0.238333 -0.030173 -0.132124 0.020887 -0.248145 -0.491169 0.087076 0.116006 -0.336047 -0.057466 -0.029675 -0.130031 0.275409 -0.124243 0.193145 0.072001 -0.003154 0.192203 0.256835 0.073376 0.157697 0.382097 0.251951 0.087108 0.244461 0.300508 0.102154 0.130949 0.489787 0.258834 0.386546 0.459108 -0.054679 0.334578 0.248710 0.329003 -0.582351 -0.196764 0.059684 -0.364071 -0.238761 -0.243087 -0.305680 -0.190159 -0.276109 -0.317178 -0.542500 -0.333491 -0.606560 -0.506050 -0.324328 0.083083 -0.370585 -0.339989 -0.397243 -0.311045 -0.429762 -0.403331 -0.208552 -0.166139 -0.208120 -0.343930 -0.205391 -0.484262 -0.566271 -0.438356
0.078389 0.189038 -0.021087 -0.155635 -0.216057 0.112679 -0.132016 -0.188683 -0.205798 -0.083771 0.172291 0.383846 0.010646 -0.007004 0.086387 -0.234227 0.335565 1.000000 0.043305 0.292722 -0.110668 -0.084762 -0.174392 -0.257115 0.002144 0.028807 -0.066332 -0.161046 0.273566 0.246848 0.068237 -0.012950 0.536743 0.487960 0.417097 0.206304 -0.195374 -0.131908 -0.234978 -0.227879 -0.180187 -0.200582 -0.152919 -0.059928 0.258983 0.059717 -0.350168 -0.268722 0.071100 -0.001272 -0.031709 -0.022606 -0.079713 -0.297840 -0.195121 -0.212470 0.152080 0.237742 -0.088288 -0.179964 0.198178 0.173959 0.510849 0.328922 0.123230 0.245908 0.144327 0.092680 0.196289 0.264376 0.149730 0.108217 0.315687 -0.070578 0.103336 0.118094 0.128705 0.024220 0.363839 0.194851 0.349246 0.460391 -0.068479 0.224271 0.283402 -0.031255 -0.184717 -0.201530 0.281906 -0.396036 -0.032729 -0.122677 -0.231940 -0.119221 -0.298907 -0.227174 -0.309939 -0.194957 -0.274140 -0.248672 0.029078 -0.074389 -0.001603 -0.120489 -0.253165 -0.295310 -0.152859 -0.131629 -0.170123 -0.149328 -0.095087 -0.246766 -0.204005 -0.150027 -0.238985 -0.239878
0.238746 0.117864 0.257359 0.255090 -0.054600 0.123881 -0.116111 -0.046320 -0.142917 0.090048 0.542228 -0.111675 -0.057453 -0.271147 0.121445 0.261775 0.425623 0.043305 1.000000 0.353854 0.003273 0.183605 0.361579 0.541476 0.332740 0.219969 0.187499 0.204211 -0.017834 -0.280394 0.319083 0.483603 0.314989 0.478664 -0.204604 0.118522 -0.033142 -0.236183 -0.230306 -0.252243 -0.089587 -0.125345 -0.039332 -0.065790 -0.140203 0.025153 -0.163529 -0.060476 -0.242548 -0.126687 0.242347 -0.121057 -0.401968 -0.017239 -0.296888 -0.436174 -0.120174 -0.131368 -0.134630 -0.038569 0.161068 -0.160283 0.015605 -0.378325 0.685851 0.128518 0.063878 0.284825 0.151872 0.053098 0.122812 0.389985 -0.179461 0.109749 0.280752 0.300130 0.177655 0.299269 -0.013768 -0.194319 -0.114887 -0.028468 0.271635 0.199787 0.223827 0.237016 -0.166798 -0.101906 0.294558 -0.363932 -0.059080 -0.051988 -0.120408 -0.081878 -0.255286 -0.253971 -0.424552 -0.273018 -0.508709 -0.366586 -0.335854 0.053220 -0.376451 -0.243622 -0.248669 -0.009538 -0.277360 -0.104660 -0.132992 -0.191080 -0.092446 -0.181750 -0.069861 -0.294554 -0.273836 -0.336705
0.197655 0.047469 0.103846 0.486987 0.067853 0.053612 0.032274 0.197597 -0.162743 0.191224 0.100722 0.111708 0.163881 0.175778 -0.072237 0.191034 0.460293 0.292722 0.353854 1.000000 0.042744 0.275411 -0.161623 0.042905 0.074672 0.162634 0.196145 -0.028747 0.388349 0.338966 0.210852 0.164157 0.355738 0.558915 0.134457 0.161839 -0.083804 -0.260596 -0.371907 -0.270136 -0.117647 -0.049270 -0.296330 -0.277856 0.084753 0.104152 -0.344566 -0.184254 0.001822 0.023566 0.035501 -0.143838 -0.050614 -0.020556 -0.172604 -0.377219 -0.125354 -0.057908 -0.091890 -0.102756 0.100757 -0.050176 0.351092 -0.165389 0.179573 0.132678 -0.017514 0.345122 0.166064 0.088034 0.044678 0.375602 0.268482 0.089447 0.017302 0.253694 -0.038881 0.002083 0.150004 0.049352 0.396273 0.456919 0.083265 0.559021 0.134949 -0.043173 -0.572269 -0.229088 0.043821 -0.038911 0.239538 0.042645 0.076644 -0.063807 -0.439003 -0.488204 -0.578172 -0.413540 -0.425696 -0.417793 -0.118638 0.185914 -0.161309 -0.185120 -0.374995 -0.302063 -0.308690 -0.348210 -0.510238 -0.476022 0.015183 -0.073686 -0.110269 -0.471125 -0.397525 -0.527460
-0.166616 -0.127412 -0.082491 0.176966 0.238807 0.052980 -0.116818 -0.033873 -0.182526 -0.008905 -0.254582 -0.212540 -0.060605 -0.220982 -0.052944 0.251346 0.081520 -0.110668 0.003273 0.042744 1.000000 0.677478 0.110291 0.334347 0.104724 0.122410 0.426276 0.388153 -0.065479 0.048875 -0.014511 0.244267 -0.021827 -0.024505 -0.242191 -0.106864 0.158263 0.162352 0.141740 0.169339 0.007765 0.331903 -0.011803 -0.020158 -0.287672 -0.191515 -0.056317 0.008818 -0.181200 -0.131586 -0.072000 -0.132033 -0.045045 0.042953 -0.072945 -0.121339 0.050480 -0.018054 0.036865 -0.083333 -0.125724 -0.244382 -0.087883 -0.032728 -0.162339 -0.103147 0.013596 -0.006668 -0.146196 -0.123049 0.195977 0.219344 -0.041379 0.099733 -0.127061 0.032810 -0.095949 -0.023605 -0.046487 -0.007444 -0.027264 0.034176 -0.015455 0.166506 -0.308555 -0.003640 0.014342 0.451254 -0.094796 -0.034020 -0.186945 -0.055692 0.033718 -0.121408 0.083427 0.163826 0.026907 0.192156 -0.103356 -0.075503 -0.169746 -0.090822 -0.022368 0.049139 0.083187 0.030214 0.167524 0.069298 0.014756 0.289361 0.149977 -0.176197 0.072463 0.033561 -0.154618 -0.017273
-0.140701 -0.217942 -0.006639 0.291482 0.127265 -0.101904 -0.002680 0.043269 -0.318804 0.032600 -0.088846 -0.274364 0.039948 -0.131209 -0.023594 0.223111 0.220756 -0.084762 0.183605 0.275411 0.677478 1.000000 0.206658 0.428810 0.234683 0.414065 0.452602 0.537768 0.166228 0.297220 0.353419 0.539862 0.081989 0.143581 -0.198715 -0.068098 0.109904 0.005769 -0.067321 0.009759 0.045617 0.358045 -0.129100 -0.187879 -0.194087 -0.213636 -0.144925 -0.091446 -0.068393 -0.247063 0.004454 -0.328473 -0.186978 -0.012085 -0.127649 -0.249250 -0.236493 -0.210662 -0.072171 -0.291396 -0.109831 -0.272821 -0.123923 -0.270527 -0.063791 -0.048237 -0.192087 0.037424 -0.183351 -0.241854 0.276639 0.622855 0.170983 0.249543 -0.073551 0.042845 -0.069109 0.110812 0.140351 -0.053785 0.277426 0.264764 0.110568 0.449598 -0.178631 0.054454 -0.272103 0.373275 -0.040622 -0.075439 -0.254215 -0.031710 0.046472 -0.046924 -0.036349 -0.023143 -0.124964 0.024225 -0.283585 -0.149191 -0.168468 0.058775 -0.021140 0.001877 -0.047696 -0.087184 -0.025724 -0.030588 -0.066351 0.149128 0.133733 -0.233076 -0.152466 -0.107543 -0.149778 -0.040666
0.138274 -0.005746 0.273985 -0.038082 -0.141762 0.269770 -0.153442 -0.221725 -0.139194 -0.078644 0.180687 -0.257953 -0.265594 -0.645111 0.090814 0.175284 0.150469 -0.174392 0.361579 -0.161623 0.110291 0.206658 1.000000 0.652957 0.450778 0.428669 0.346972 0.561161 -0.385767 -0.474745 0.334201 0.474369 0.024707 0.073351 -0.136791 -0.057931 0.019118 0.015074 -0.035834 -0.012869 0.042728 0.148531 0.172607 0.191347 -0.186550 0.209162 0.104303 0.197418 -0.085911 0.085449 0.573700 0.172647 -0.290463 0.324360 -0.065552 -0.066909 0.028465 0.124762 -0.076650 0.095099 -0.140092 -0.486348 -0.435721 -0.305770 0.144426 -0.099280 0.156528 0.250559 0.033043 0.204800 -0.065559 0.245275 -0.231454 0.113832 0.271994 0.167819 0.011190 0.111817 0.069859 0.058779 -0.242556 -0.181228 0.097448 -0.223537 0.004982 0.370696 -0.114823 0.102724 0.243662 -0.289734 -0.149439 -0.198611 -0.090458 -0.183478 -0.164878 -0.166996 -0.059840 -0.187384 -0.364584 -0.250786 -0.425716 -0.013141 -0.361895 -0.247192 -0.203160 -0.168755 -0.096730 -0.239930 -0.109762 0.052262 0.076474 -0.277788 -0.246552 -0.252738 -0.241039 -0.201707
-0.056178 -0.222564 0.198015 0.273067 0.104784 0.094677 -0.208817 -0.173080 -0.188636 -0.114668 0.044086 -0.440275 -0.317202 -0.651541 -0.096280 0.349548 0.407437 -0.257115 0.541476 0.042905 0.334347 0.428810 0.652957 1.000000 0.512046 0.422887 0.539332 0.574060 -0.164898 -0.311474 0.372909 0.684670 0.089753 0.189718 -0.321502 -0.211216 0.156355 0.008141 -0.019015 0.097373 0.088764 0.308019 0.053358 0.077720 -0.376776 0.047867 -0.011554 0.146004 -0.228593 0.017837 0.333473 -0.018394 -0.382266 0.301783 -0.271834 -0.233650 0.070413 0.062966 -0.121234 0.090037 -0.153598 -0.489124 -0.350180 -0.467311 0.191461 -0.173999 0.059284 0.303832 -0.009869 0.038877 0.147566 0.387851 -0.314246 0.157039 0.328870 0.253645 0.103947 0.126140 0.124799 0.099911 -0.107316 -0.013059 0.076733 0.101951 -0.123887 0.442405 -0.339855 0.298276 -0.012041 -0.270184 -0.216634 -0.179538 -0.075773 -0.156395 -0.130329 -0.130990 -0.158180 -0.164033 -0.417269 -0.310190 -0.451902 0.057864 -0.412334 -0.181426 -0.155765 -0.089753 -0.153516 -0.175655 -0.119615 0.131996 -0.043313 -0.329951 -0.166535 -0.301807 -0.353034 -0.240458
0.152874 0.029098 0.095988 0.027287 -0.136168 -0.007041 -0.076648 -0.166533 -0.032206 -0.129845 0.176854 -0.158825 -0.111417 -0.312928 -0.320041 0.062091 0.270172 0.002144 0.332740 0.074672 0.104724 0.234683 0.450778 0.512046 1.000000 0.575273 0.273277 0.467967 -0.045334 -0.059817 0.406956 0.484420 0.281162 0.242693 -0.065496 -0.165755 -0.020365 0.221514 -0.254313 -0.121305 0.032648 0.122559 0.127887 0.038329 -0.144993 -0.000129 -0.077143 -0.028666 0.045683 -0.014324 0.400430 0.123758 -0.154647 0.175189 -0.208157 -0.242999 0.087906 0.020989 0.061013 0.091514 0.091383 -0.198039 -0.105555 -0.117333 0.116801 -0.090082 0.180024 0.242567 -0.013076 0.139210 0.068062 0.370508 -0.036229 0.345494 0.395621 0.408442 0.238241 0.204011 0.226509 0.098390 0.097807 0.101974 -0.086910 0.038611 -0.087094 0.483992 -0.226442 0.130405 0.044480 -0.219644 -0.145190 -0.457471 -0.047507 -0.305580 -0.333239 -0.365774 -0.256145 -0.418590 -0.360169 -0.458652 -0.234734 -0.041493 -0.336573 -0.342579 -0.213309 -0.159787 -0.317748 -0.352994 -0.173163 -0.193481 -0.123520 -0.379740 -0.111230 -0.402237 -0.375768 -0.362343
-0.006460 -0.056923 -0.078665 -0.058570 -0.343784 -0.007275 -0.290640 -0.333738 -0.203294 -0.277324 0.078845 -0.026819 -0.397072 -0.313262 -0.204642 -0.097624 0.187316 0.028807 0.219969 0.162634 0.122410 0.414065 0.428669 0.422887 0.575273 1.000000 0.312976 0.659963 -0.144420 -0.029460 0.537912 0.619546 0.450161 0.429905 0.149871 0.067648 -0.196795 -0.006119 -0.424256 -0.140046 -0.069926 -0.015548 0.219644 0.238728 0.273333 0.373218 0.135597 0.257685 0.038534 0.294079 0.458526 0.183841 0.059089 0.227186 -0.190260 -0.111750 0.275687 0.230584 0.108296 0.109235 -0.065776 -0.241313 -0.362315 -0.136962 -0.186205 0.003983 0.230788 0.395284 0.029763 0.387437 0.302701 0.652052 -0.104948 0.290636 0.165746 0.244011 -0.030165 0.019257 0.199699 0.202150 0.047410 0.115488 -0.270098 -0.114102 -0.017951 0.442730 -0.288456 0.016031 0.145047 -0.158187 -0.123484 -0.480324 -0.123662 -0.338290 -0.466791 -0.470065 -0.175174 -0.520399 -0.257892 -0.629788 -0.265055 -0.165280 -0.268958 -0.331633 -0.385230 -0.537326 -0.449601 -0.417731 -0.396793 -0.217526 0.163384 -0.328748 -0.351165 -0.461619 -0.552163 -0.508452
-0.114845 -0.059731 0.308327 0.355567 0.516604 0.538011 0.006749 -0.042811 0.009676 0.228520 -0.251019 -0.242877 -0.185367 -0.357983 0.140760 0.418253 0.234914 -0.066332 0.187499 0.196145 0.426276 0.452602 0.346972 0.539332 0.273277 0.312976 1.000000 0.668061 -0.256364 -0.164333 -0.045033 0.172166 0.022496 0.116980 -0.065956 -0.287154 -0.098108 -0.228747 -0.206523 -0.096921 -0.307676 0.095934 -0.043446 0.002115 -0.230702 0.194294 -0.183712 0.117850 0.109103 0.232138 0.043130 0.140130 -0.089146 0.356662 -0.364834 -0.334027 0.163600 0.286044 0.186424 0.353825 -0.062559 -0.276047 -0.049320 -0.318716 -0.223638 -0.271339 0.343615 0.491113 0.125119 0.177120 0.074189 0.153067 -0.210717 -0.062857 -0.133699 0.068543 -0.289765 -0.265483 0.062634 0.017363 -0.071056 0.016922 -0.109565 0.130953 -0.407860 -0.033843 -0.335287 0.289953 0.151809 -0.046874 0.260002 0.152365 0.125732 -0.092269 -0.329594 -0.275985 -0.321315 -0.232922 -0.269308 -0.264595 -0.236189 0.066127 -0.113259 -0.032921 -0.134298 -0.303015 -0.190112 -0.125628 -0.430363 0.023652 0.168762 -0.245532 0.032150 -0.182766 -0.323358 -0.349519
0.138522 0.160418 0.076905 0.110251 0.060646 0.281942 -0.074504 -0.154035 -0.130047 0.079181 0.051653 -0.121901 -0.185494 -0.381572 0.034676 0.235000 0.129367 -0.161046 0.204211 -0.028747 0.388153 0.537768 0.561161 0.574060 0.467967 0.659963 0.668061 1.000000 -0.357436 -0.237549 0.176675 0.414328 0.058645 0.055428 -0.148590 -0.395399 -0.011108 0.032241 -0.171386 0.040871 -0.100163 0.272940 0.111730 0.135401 -0.252564 0.113987 0.038638 0.193234 0.237052 0.129772 0.342609 0.174890 -0.166057 0.337910 -0.134742 -0.203430 0.158773 0.243965 0.190856 0.288763 0.067674 -0.273950 -0.324286 -0.209026 -0.230181 -0.050066 0.229391 0.290107 0.125507 0.184747 0.127577 0.431530 -0.238330 0.278595 0.121911 0.230371 -0.145127 -0.082913 0.068468 -0.031963 -0.144435 -0.124841 -0.204550 -0.084137 -0.386797 0.217822 -0.168239 0.369687 0.140687 -0.036752 -0.093704 -0.256038 -0.166591 -0.264708 -0.323276 -0.279634 -0.165464 -0.269859 -0.252275 -0.368637 -0.359277 -0.220969 -0.221458 -0.242531 -0.212811 -0.340185 -0.235248 -0.142065 -0.381996 -0.032145 0.058726 -0.350365 -0.116839 -0.300297 -0.416803 -0.357948
-0.071681 -0.239592 -0.026359 0.120384 -0.029699 -0.334510 0.024357 0.071536 -0.130479 -0.052061 0.155570 0.161033 0.417897 0.396509 -0.178404 0.039063 0.331671 0.273566 -0.017834 0.388349 -0.065479 0.166228 -0.385767 -0.164898 -0.045334 -0.144420 -0.256364 -0.357436 1.000000 0.693008 0.399941 0.212255 0.162649 0.268201 0.041364 0.058060 0.326562 0.059964 0.225208 0.203090 0.348479 0.197930 -0.502283 -0.512618 0.118694 -0.178002 -0.427243 -0.500729 -0.044972 -0.249009 -0.255875 -0.397285 -0.046946 -0.225389 0.171280 -0.097355 -0.462895 -0.367349 -0.342098 -0.402452 -0.143967 0.041888 0.276088 -0.169085 0.098550 0.077813 -0.409047 -0.064149 -0.161604 -0.272890 -0.060231 0.219950 0.636469 0.022400 0.008182 -0.090909 0.240770 0.201937 0.466091 0.164389 0.614686 0.629009 0.416669 0.704330 0.328416 0.138885 -0.334106 0.080377 -0.238673 0.032868 -0.381294 -0.017262 -0.237495 -0.059529 0.212828 0.200719 -0.196619 0.123405 -0.234182 0.015087 -0.063216 0.212208 -0.080763 -0.046092 -0.227624 -0.109348 0.000232 -0.061647 0.195218 0.064313 -0.275388 -0.261570 -0.248993 -0.035565 -0.114450 0.092003
-0.236106 -0.275421 -0.063744 0.143788 0.072670 -0.392970 0.239236 0.217643 -0.157963 0.004819 -0.093142 0.075035 0.364477 0.433076 -0.176527 -0.044383 0.237460 0.246848 -0.280394 0.338966 0.048875 0.297220 -0.474745 -0.311474 -0.059817 -0.029460 -0.164333 -0.237549 0.693008 1.000000 0.284031 0.039386 0.037031 0.112755 0.248294 0.084016 0.169720 0.044759 0.128288 0.132396 0.216216 0.223419 -0.333513 -0.367625 0.117745 -0.276138 -0.256262 -0.370724 0.037125 -0.198329 -0.275245 -0.366318 0.105385 -0.321042 0.186747 -0.020612 -0.313283 -0.314679 -0.274058 -0.439708 -0.209139 0.072377 0.341445 0.081547 -0.138538 -0.023553 -0.439284 -0.249715 -0.260663 -0.339722 0.070987 0.260175 0.674006 0.158416 -0.107569 -0.107109 -0.014187 0.097682 0.326826 0.104240 0.681026 0.595910 0.144501 0.634147 0.146390 -0.149191 -0.202617 0.081965 -0.296434 0.091285 -0.252766 0.021172 -0.069418 0.059410 0.161881 0.121051 -0.042542 0.158683 -0.018164 0.071175 0.221906 0.001231 0.150915 0.011024 -0.021294 -0.003163 -0.010215 -0.057986 0.152440 0.040011 -0.047173 -0.020574 -0.040373 0.002175 0.003697 0.145191
-0.006272 -0.176941 0.241633 0.114493 -0.258806 -0.137176 -0.126021 -0.095761 -0.177588 -0.204656 0.242758 0.041716 -0.017060 -0.136379 -0.133341 -0.005633 0.391397 0.068237 0.319083 0.210852 -0.014511 0.353419 0.334201 0.372909 0.406956 0.537912 -0.045033 0.176675 0.399941 0.284031 1.000000 0.758170 0.295209 0.479654 0.053462 0.164860 0.075247 -0.139874 -0.046141 -0.044400 0.299854 0.108137 -0.144128 -0.115364 0.210468 0.127590 -0.173691 -0.112785 -0.157505 0.012935 0.329769 -0.234084 -0.162398 -0.019935 -0.036165 -0.142343 -0.208253 -0.166177 -0.218329 -0.217308 -0.299484 -0.340796 -0.239847 -0.362145 0.124607 0.005580 -0.093948 0.207427 -0.092260 0.051699 0.311962 0.658459 0.206668 0.279616 0.239077 0.194868 0.194016 0.326382 0.339786 0.209142 0.294227 0.349566 0.199040 0.326163 0.325336 0.524960 -0.444118 -0.060957 0.107216 -0.310946 -0.370128 -0.341905 -0.302279 -0.399809 -0.061966 -0.091539 -0.289558 -0.199028 -0.476475 -0.491283 -0.410640 -0.056263 -0.476519 -0.425164 -0.478607 -0.304076 -0.423969 -0.392918 0.060102 0.025202 -0.111882 -0.467781 -0.447418 -0.325336 -0.342934 -0.112830
-0.064973 -0.164173 0.068150 0.202091 -0.197644 -0.132235 -0.266635 -0.215140 -0.347980 -0.360714 0.281295 -0.058805 -0.148313 -0.272340 -0.102795 0.157318 0.443345 -0.012950 0.483603 0.164157 0.244267 0.539862 0.474369 0.684670 0.484420 0.619546 0.172166 0.414328 0.212255 0.039386 0.758170 1.000000 0.361654 0.481453 -0.152502 0.124513 0.088105 -0.104937 -0.104229 -0.001358 0.178241 0.211919 -0.000242 0.036897 0.028453 0.161600 -0.121010 0.034116 -0.231972 -0.061736 0.361494 -0.256212 -0.263064 0.049485 -0.104775 -0.260103 -0.146080 -0.120019 -0.196116 -0.242752 -0.147210 -0.322810 -0.293659 -0.375079 0.200195 0.098060 -0.018182 0.306146 -0.128092 0.062369 0.238589 0.682078 -0.025531 0.209695 0.254584 0.114212 0.200969 0.278732 0.345609 0.220410 0.192728 0.263222 0.261652 0.253498 0.286222 0.573955 -0.381985 0.065165 0.186609 -0.342375 -0.494688 -0.410768 -0.253506 -0.318827 -0.149148 -0.134053 -0.276879 -0.237556 -0.559280 -0.502806 -0.492335 0.008100 -0.463073 -0.327771 -0.380403 -0.307581 -0.358540 -0.342978 0.004242 0.089389 -0.025469 -0.503945 -0.425738 -0.359735 -0.442065 -0.243549
0.153203 0.176500 -0.170936 -0.175264 -0.343869 -0.081334 -0.433976 -0.345401 -0.235869 -0.395139 0.243354 0.398931 -0.307820 -0.048608 -0.252493 -0.316680 0.392171 0.536743 0.314989 0.355738 -0.021827 0.081989 0.024707 0.089753 0.281162 0.450161 0.022496 0.058645 0.162649 0.037031 0.295209 0.361654 1.000000 0.783616 0.288106 0.315800 -0.357517 -0.138834 -0.540372 -0.376023 -0.238578 -0.331735 0.082294 0.075515 0.446763 0.309705 -0.134374 -0.032162 0.176910 0.195717 0.215721 0.137809 0.078458 -0.022291 -0.361153 -0.299877 0.289654 0.327798 0.167142 0.014034 0.281266 0.185338 0.241848 0.157545 0.189371 0.323186 0.377644 0.323874 0.324011 0.454300 0.115324 0.365861 0.049349 0.090524 0.201494 0.135482 0.079919 -0.000713 0.274828 0.373678 0.236830 0.345735 -0.267398 0.000219 0.277200 0.240773 -0.374695 -0.318510 0.193531 -0.413458 -0.184006 -0.524645 -0.233073 -0.353425 -0.517314 -0.528831 -0.374698 -0.547625 -0.368434 -0.574416 -0.083507 -0.027087 -0.275101 -0.287257 -0.402102 -0.412024 -0.415029 -0.319871 -0.269117 -0.344786 0.041126 -0.209417 -0.423439 -0.423275 -0.502029 -0.531678
0.160842 0.137936 0.047917 0.086937 -0.201609 0.021222 -0.371830 -0.322473 -0.268328 -0.251694 0.245210 0.265002 -0.161447 -0.060771 -0.148209 -0.225841 0.610647 0.487960 0.478664 0.558915 -0.024505 0.143581 0.073351 0.189718 0.242693 0.429905 0.116980 0.055428 0.268201 0.112755 0.479654 0.481453 0.783616 1.000000 0.219108 0.323383 -0.329584 -0.353437 -0.502898 -0.358982 -0.199535 -0.336149 -0.130515 -0.047243 0.369264 0.332747 -0.284083 -0.137685 -0.017027 0.173444 0.168427 -0.008338 -0.023608 0.007600 -0.374054 -0.491449 0.187201 0.296384 0.011588 -0.008235 0.212249 0.051458 0.233084 0.002291 0.260603 0.167314 0.365807 0.528927 0.283095 0.473220 0.143352 0.461720 0.139567 0.004606 0.164683 0.214145 0.075278 0.064510 0.367012 0.350911 0.367645 0.500823 -0.020145 0.224447 0.425932 0.190758 -0.455945 -0.393349 0.338503 -0.468424 -0.125525 -0.332534 -0.213459 -0.334002 -0.463145 -0.514904 -0.577268 -0.523887 -0.593884 -0.675115 -0.213358 -0.043267 -0.295347 -0.378971 -0.515103 -0.492821 -0.531993 -0.438618 -0.268537 -0.286060 -0.028109 -0.342011 -0.400219 -0.435739 -0.525426 -0.579026
0.194237 0.119865 -0.054004 -0.238593 -0.186077 0.050060 -0.103613 -0.261700 -0.208842 -0.190834 0.080679 0.277809 0.066816 0.082506 -0.014273 -0.147336 0.197432 0.417097 -0.204604 0.134457 -0.242191 -0.198715 -0.136791 -0.321502 -0.065496 0.149871 -0.065956 -0.148590 0.041364 0.248294 0.053462 -0.152502 0.288106 0.219108 1.000000 0.379659 -0.173157 0.050987 -0.197012 -0.192497 -0.027167 -0.194918 -0.120457 -0.074243 0.303115 0.172510 -0.141917 -0.144881 0.166322 0.055538 0.020534 -0.024964 0.158010 -0.318026 0.060145 -0.217364 0.057956 0.077549 -0.036996 -0.147667 0.074007 0.125305 0.310376 0.110607 -0.175606 0.150051 0.050180 0.046299 0.048108 0.094629 0.230071 -0.032639 0.237207 -0.000614 0.192712 0.266626 0.091912 0.080612 0.174971 0.293599 0.377716 0.352825 -0.243062 -0.009974 0.209280 0.010685 -0.145525 -0.339771 0.192287 -0.228565 0.152667 0.041230 0.036235 0.012248 -0.263181 -0.225721 -0.107781 -0.203472 -0.123725 -0.172553 0.102964 -0.107198 0.036661 -0.017302 -0.013996 -0.190481 -0.099335 -0.152484 -0.248389 -0.171488 0.093960 -0.072854 0.178618 -0.168354 -0.135136 -0.241204
-0.120000 -0.222197 -0.044297 -0.175344 -0.379546 -0.122337 -0.241705 -0.252329 -0.388409 -0.437443 0.117088 0.057321 -0.142617 0.149953 0.027538 -0.197972 -0.043352 0.206304 0.118522 0.161839 -0.106864 -0.068098 -0.057931 -0.211216 -0.165755 0.067648 -0.287154 -0.395399 0.058060 0.084016 0.164860 0.124513 0.315800 0.323383 0.379659 1.000000 -0.125252 -0.119072 -0.072488 -0.190951 0.019899 -0.247785 -0.030797 -0.026959 0.459930 0.290934 -0.036016 -0.011434 -0.337015 -0.081602 -0.123329 -0.320125 0.055603 -0.374477 0.151104 -0.013707 -0.111519 -0.213079 -0.191064 -0.488081 -0.117010 0.045366 -0.011167 -0.077606 0.173796 0.101005 -0.054097 0.069949 -0.141292 0.009122 0.059956 0.059688 0.077664 -0.157797 -0.033335 -0.144625 0.125788 0.146993 -0.039878 -0.052142 0.195214 0.228209 0.254477 0.076780 0.518594 -0.065726 0.046973 -0.390404 0.314770 -0.290732 -0.017031 0.011966 0.182700 0.070682 0.029212 0.074198 0.071133 0.081473 -0.228481 -0.105669 0.032601 0.065667 0.059429 0.052443 0.046466 0.097007 0.073128 -0.023501 0.176958 0.153233 0.490068 0.052931 0.036955 0.136580 0.157295 0.058392
