1.000000 0.462803 0.400651 0.048033 0.160269 -0.005461 0.300074 0.345835 0.306309 0.187844 0.677206 0.447310 0.538678 0.382658 0.340799 0.220197 0.299873 0.086330 0.299445 0.134627 -0.070636 -0.157909 -0.195192 0.031237 -0.026806 -0.037281 -0.000326 -0.214466 0.401311 0.277901 0.144322 0.003378 0.081421 0.126250 -0.146653 0.058914 0.060628 -0.150646 0.037712 -0.093232 0.131558 0.051011 -0.516867 -0.511470 -0.316430 -0.583361 -0.441908 -0.478068 -0.007118 -0.391850 -0.124540 -0.256952 0.070160 -0.013363 0.119359 -0.329620 0.270665 -0.126092 0.508037 0.105944 0.563506 0.284881 0.397070 0.234053 0.032502 0.064587 -0.165571 -0.311447 -0.095670 -0.312099 0.294161 0.000667 0.363701 0.202409 0.317787 0.257466 0.252421 0.201038 0.021926 -0.107537 0.046862 -0.110502 -0.021559 -0.164987 0.028938 -0.083036 -0.307474 -0.313103 -0.083318 -0.081372 0.191679 0.091819 -0.061311 0.008987 -0.038387 -0.262205 -0.307023 -0.138651 -0.184635 0.080530 -0.041148 0.124519 -0.268699 -0.089813 -0.260490 -0.008299 0.090923 0.031227 0.075914 -0.203934 -0.266618 -0.172074 -0.075325 -0.387879 -0.134674 -0.214878
0.462803 1.000000 0.078934 -0.016416 -0.090420 -0.226679 -0.120615 -0.037855 0.018097 -0.213326 0.074517 0.192402 -0.004120 0.071462 -0.098083 -0.039853 0.539354 0.456584 0.299717 0.269118 -0.089799 -0.147611 -0.364087 -0.444315 -0.184111 -0.306556 -0.252905 -0.319003 0.331996 0.314519 -0.158753 -0.158728 0.405654 0.242105 -0.347429 -0.285173 0.279627 -0.042973 0.383330 -0.073723 0.116152 0.298538 -0.144158 -0.095132 -0.107945 -0.320466 -0.029411 -0.088243 -0.175361 -0.087815 -0.204566 -0.123463 0.119493 -0.028319 0.078939 -0.010989 0.418610 0.468760 0.352122 0.492715 0.276467 0.318240 0.433188 0.499930 -0.265742 -0.297841 0.149510 -0.248408 0.360973 -0.054638 0.119364 -0.107482 0.342752 0.218556 0.207516 -0.177936 0.060614 -0.126724 0.163762 0.279553 0.332988 0.250487 -0.384853 -0.099920 -0.240224 -0.319728 -0.428152 -0.393951 -0.383758 -0.167419 -0.161085 -0.325494 -0.503558 -0.388496 -0.279258 -0.218265 -0.155097 0.016485 -0.119558 -0.073658 -0.156343 0.013942 -0.199746 -0.210296 -0.249958 -0.009989 0.095255 -0.073929 -0.144641 0.035065 -0.171974 -0.005859 -0.066947 -0.222598 -0.289237 -0.336559
0.400651 0.078934 1.000000 0.400590 0.496847 0.274848 0.752624 0.466596 0.426378 0.417790 0.384887 0.169743 0.295440 0.129947 0.287047 0.196791 0.015019 -0.127277 0.249689 0.209800 0.158931 0.049891 -0.022196 0.187316 -0.149934 0.127565 0.133295 -0.068715 0.002055 -0.055898 0.264092 0.148998 -0.091261 0.190043 -0.117501 -0.010420 -0.186956 -0.375100 -0.028329 -0.228935 0.008577 -0.120752 -0.279728 -0.301600 -0.328776 -0.394744 -0.388359 -0.317978 0.041808 -0.396383 -0.048294 -0.276596 -0.006214 -0.199954 -0.087968 -0.262478 -0.137331 -0.206915 0.138528 -0.058390 0.360467 0.191434 0.135231 -0.105013 0.535249 0.317511 0.007790 0.032309 -0.081562 0.000011 0.324505 0.161293 0.089159 0.112860 0.156967 0.267121 0.185036 0.175058 -0.182602 -0.235849 -0.163346 -0.259824 0.120478 -0.063813 0.079787 0.010056 -0.191345 -0.234632 0.121032 -0.112907 0.200657 0.276133 -0.011780 0.165758 0.045807 -0.314052 -0.338248 -0.179200 -0.267699 -0.226338 -0.096067 -0.025560 -0.265990 -0.139692 -0.242546 -0.005559 -0.076204 0.094453 0.030896 -0.349056 -0.128919 -0.203134 -0.209811 -0.282165 -0.020934 -0.094397
0.048033 -0.016416 0.400590 1.000000 0.294733 0.477558 0.192428 0.418809 0.160224 0.416411 0.044552 0.110168 -0.058508 0.088963 0.223199 0.368721 -0.308159 -0.189235 0.104455 0.235646 0.162072 0.134354 0.211391 0.504045 0.117789 0.333521 0.189487 0.173084 -0.237821 -0.178561 0.331719 0.357915 0.010031 0.158332 -0.007077 0.012241 -0.226277 -0.338494 -0.101776 -0.350992 -0.118143 -0.040902 -0.010303 -0.013343 -0.084203 0.007676 -0.113451 -0.042079 -0.281057 -0.106874 -0.085259 -0.130118 -0.260888 -0.127893 -0.185826 -0.141510 0.019377 -0.121956 -0.158389 -0.025048 -0.110280 -0.048495 -0.126176 -0.198034 0.308353 0.321588 0.061277 0.294423 -0.071933 0.130172 0.123863 0.052860 -0.338362 0.003950 -0.027287 -0.100555 0.007498 0.077148 -0.158554 -0.174899 -0.308674 -0.184733 -0.137026 -0.013420 0.189863 0.275811 -0.121884 0.070497 0.140408 -0.002255 0.055124 0.069199 0.301196 0.144434 -0.220503 -0.270322 -0.329938 -0.349085 -0.250559 -0.314797 -0.070436 -0.232988 -0.114832 -0.294971 -0.367555 -0.204599 -0.163292 -0.156638 -0.147516 -0.187761 -0.196626 -0.261117 -0.276404 -0.200515 -0.222192 -0.152697
0.160269 -0.090420 0.496847 0.294733 1.000000 0.626454 0.525778 0.442314 0.643412 0.694729 0.294499 0.297066 0.170088 0.249823 0.258743 0.400933 -0.234933 -0.425688 0.163916 0.209998 0.369656 0.177185 -0.109435 0.277827 -0.326736 0.080944 0.408185 -0.090612 -0.104751 -0.027595 0.236339 0.086733 -0.122928 0.222061 0.065353 0.211094 -0.162111 -0.288788 -0.118628 -0.034950 0.083961 -0.104648 -0.290573 -0.340154 -0.225388 -0.272075 -0.455645 -0.298308 -0.120773 -0.420416 -0.109728 -0.280678 -0.040808 -0.216671 -0.070164 -0.430679 -0.219798 -0.274445 0.119298 0.000093 0.317994 0.371965 -0.064987 -0.137622 0.339530 0.395697 0.158778 0.215099 0.008425 0.261592 0.335971 0.158226 -0.032153 0.119598 0.094363 0.253728 0.096542 0.181430 -0.247584 -0.348073 -0.194659 -0.306501 0.107368 -0.060139 0.079083 0.112810 -0.176849 -0.099986 0.071537 -0.021445 0.237512 0.270825 0.239438 0.166756 -0.118392 -0.126157 -0.366006 -0.167837 -0.373301 -0.361409 0.207921 -0.142791 -0.208933 -0.196485 -0.254392 -0.177653 -0.164336 0.141164 0.052535 -0.121930 -0.070482 -0.270944 -0.191426 -0.304983 -0.114706 0.000629
-0.005461 -0.226679 0.274848 0.477558 0.626454 1.000000 0.185822 0.268719 0.231087 0.594078 0.001565 -0.004745 -0.029770 0.023910 0.130063 0.177889 -0.348767 -0.452817 0.180306 0.328754 0.384748 0.336188 0.263307 0.537980 0.140715 0.500919 0.592746 0.403507 -0.187882 -0.077338 0.350080 0.345788 -0.090554 0.173805 0.194751 0.329471 -0.169526 -0.151261 0.010852 -0.069951 0.057109 0.051273 -0.134609 -0.148677 -0.031205 0.001493 -0.342296 -0.138299 -0.111924 -0.182326 -0.194390 -0.220911 -0.266686 -0.158540 -0.173557 -0.341344 0.035123 -0.096245 -0.066143 -0.153075 -0.119451 -0.097522 -0.376089 -0.391556 0.167569 0.276275 0.170055 0.378157 0.079803 0.318396 0.207725 0.131009 -0.217898 0.052111 0.045471 0.121939 0.075011 0.193514 -0.095278 -0.226561 -0.316647 -0.225625 0.156281 0.080357 0.138817 0.107491 0.097083 0.242630 0.233704 -0.104799 0.051874 0.188415 0.374131 0.249364 -0.173371 -0.173537 -0.388063 -0.328870 -0.426180 -0.417269 0.024793 -0.357262 -0.189374 -0.344275 -0.337922 -0.283709 -0.130931 0.002363 -0.050188 -0.184199 -0.026198 -0.308593 -0.209532 -0.180015 -0.112378 0.059789
0.300074 -0.120615 0.752624 0.192428 0.525778 0.185822 1.000000 0.695454 0.534611 0.503434 0.461419 0.360652 0.421758 0.380930 0.217929 0.248582 -0.135056 -0.196481 -0.035282 -0.022750 0.162807 -0.035620 -0.208424 0.078979 -0.190874 -0.017384 -0.002018 -0.312452 -0.010026 0.067275 0.199240 0.049972 -0.197938 0.182773 -0.019683 0.174984 -0.202808 -0.383424 -0.250581 -0.216909 0.024934 -0.185902 -0.240351 -0.304303 -0.364607 -0.329613 -0.360055 -0.323982 -0.010468 -0.482080 -0.084042 -0.307741 -0.041392 -0.247904 -0.079837 -0.342568 -0.399014 -0.357869 0.112211 -0.159138 0.459949 0.362654 0.101943 -0.054243 0.612133 0.480980 0.027908 0.055149 -0.217216 -0.113502 0.315868 -0.012407 0.147858 0.180386 0.167623 0.325556 0.180917 0.227273 -0.222766 -0.282547 -0.193018 -0.259694 0.158632 -0.179619 0.136648 0.105568 -0.212277 -0.373962 0.065756 -0.114011 0.256253 0.245462 0.140580 0.238716 0.153922 -0.016776 -0.259027 -0.068853 -0.175280 -0.232615 0.109299 0.152291 -0.180809 -0.078313 -0.102221 -0.018802 -0.082442 0.029708 0.094067 -0.067272 -0.078690 -0.073009 -0.091695 -0.191700 -0.022939 -0.116738
0.345835 -0.037855 0.466596 0.418809 0.442314 0.268719 0.695454 1.000000 0.509207 0.625839 0.403900 0.588507 0.387955 0.612040 0.011450 0.324275 -0.120270 -0.146345 -0.161784 -0.041469 0.118250 0.060539 -0.371272 0.209694 -0.105643 0.195746 -0.068088 -0.310254 0.048169 0.285550 0.257540 0.248600 -0.009926 0.338507 0.036124 0.327902 0.012365 -0.237538 -0.147817 -0.260534 0.020977 -0.000824 -0.258458 -0.291278 -0.287983 -0.296068 -0.315460 -0.341973 -0.177524 -0.465529 -0.132142 -0.243842 -0.066101 -0.237173 -0.050178 -0.401288 -0.262031 -0.455036 0.052939 -0.154877 0.327162 0.424115 -0.040982 0.023308 0.357375 0.600905 -0.029579 0.109700 -0.277043 -0.262559 0.173497 -0.010438 0.209377 0.222845 0.176730 0.180669 0.108846 0.130589 -0.091620 -0.227376 -0.171964 -0.192925 -0.032491 -0.215601 0.117673 0.158214 -0.270751 -0.315646 -0.099955 -0.140787 0.195099 0.069546 0.328125 0.214545 -0.020213 0.012720 -0.287259 -0.142640 -0.286634 -0.271715 0.293859 0.157671 -0.025676 -0.090972 -0.150901 -0.138475 -0.254330 -0.185733 0.092582 0.041222 -0.249033 -0.170011 -0.078192 -0.080283 -0.192849 -0.190290
0.306309 0.018097 0.426378 0.160224 0.643412 0.231087 0.534611 0.509207 1.000000 0.687622 0.548624 0.530269 0.544187 0.512344 0.449632 0.444796 -0.080747 -0.139831 -0.122815 -0.166017 -0.148830 -0.175551 -0.028825 0.197373 -0.395934 -0.091790 0.226830 -0.164811 0.103343 0.035442 -0.017389 -0.154006 -0.122485 -0.007426 -0.240641 -0.007817 -0.084090 -0.293106 -0.036421 -0.086389 0.072585 -0.152540 -0.214107 -0.265757 -0.208530 -0.331396 -0.259030 -0.283876 0.013920 -0.322248 0.115931 -0.131737 0.191506 -0.003849 0.157444 -0.262458 -0.314760 -0.365777 0.247350 0.102403 0.518747 0.460006 0.062970 0.059257 0.320591 0.306502 -0.182328 -0.190148 -0.216260 -0.141400 0.198264 -0.061267 0.089540 0.082119 0.095722 0.192816 -0.054721 -0.136054 -0.214602 -0.233421 -0.164450 -0.295134 0.129716 -0.198436 0.135392 0.071020 -0.090560 -0.103561 0.209237 0.120398 0.355910 0.242773 0.105099 0.114385 -0.170810 -0.216402 -0.175543 -0.183065 -0.118610 -0.093813 0.187504 0.044746 -0.196967 -0.107880 -0.168046 -0.156592 -0.137672 0.011471 -0.073792 -0.211053 -0.262073 -0.179746 -0.180648 -0.348038 -0.083300 -0.218677
0.187844 -0.213326 0.417790 0.416411 0.694729 0.594078 0.503434 0.625839 0.687622 1.000000 0.427987 0.440984 0.391555 0.378274 0.331706 0.472459 -0.243872 -0.352822 -0.148521 -0.066747 0.209839 0.056468 -0.019967 0.434740 -0.152825 0.216241 0.375277 0.033177 -0.111239 0.002003 0.192580 0.109856 -0.165406 0.083296 0.040659 0.233510 -0.096304 -0.221934 -0.071390 0.010513 0.091433 -0.059677 -0.273533 -0.304563 -0.281513 -0.282459 -0.372590 -0.299618 -0.038983 -0.386402 0.022600 -0.183956 -0.080468 -0.124549 -0.016373 -0.345607 -0.300661 -0.442737 -0.063267 -0.161984 0.309135 0.322417 -0.212416 -0.213430 0.428726 0.569012 -0.137226 0.129900 -0.224558 -0.017639 0.137218 0.016909 -0.014658 0.075197 0.124213 0.232488 0.046077 0.109310 -0.230126 -0.350544 -0.299195 -0.363257 0.142870 -0.139464 0.301030 0.295844 -0.011070 0.098366 0.382763 0.070221 0.302942 0.180349 0.328096 0.169490 -0.153199 -0.098010 -0.280331 -0.255084 -0.296878 -0.306890 0.209742 -0.091186 -0.111423 -0.172391 -0.182797 -0.197403 -0.144814 -0.006810 0.004051 -0.125585 -0.165802 -0.337142 -0.269485 -0.190426 -0.129166 -0.070347
0.677206 0.074517 0.384887 0.044552 0.294499 0.001565 0.461419 0.403900 0.548624 0.427987 1.000000 0.669219 0.816633 0.570133 0.595400 0.448950 0.136301 0.075522 0.124793 0.005674 -0.039401 -0.238699 0.005625 0.275663 -0.157922 -0.095202 0.126831 -0.130031 0.379917 0.243519 0.144354 -0.041350 -0.064913 0.093826 -0.163487 0.148329 -0.045715 -0.182766 -0.158732 -0.140326 0.147282 -0.024463 -0.574482 -0.634546 -0.389608 -0.609160 -0.509121 -0.605912 -0.022772 -0.520165 0.041112 -0.229538 0.136450 -0.021817 0.299354 -0.412137 -0.193830 -0.420009 0.224688 -0.097428 0.491952 0.322192 0.229095 0.115951 0.245389 0.245721 -0.315966 -0.313957 -0.256112 -0.245360 0.189468 -0.080776 0.291535 0.203501 0.293522 0.380054 0.097911 0.121448 -0.202307 -0.269582 -0.056154 -0.194194 0.257286 -0.125106 0.263081 0.090202 -0.056853 -0.197432 0.249709 0.144040 0.499563 0.385062 0.175506 0.290927 -0.023469 -0.232572 -0.174407 -0.267636 -0.053945 0.054604 0.083816 0.131034 -0.118609 0.023415 -0.058050 -0.102812 0.095805 -0.042720 -0.004248 -0.198063 -0.262356 -0.147130 -0.022377 -0.342334 0.019888 -0.165178
0.447310 0.192402 0.169743 0.110168 0.297066 -0.004745 0.360652 0.588507 0.530269 0.440984 0.669219 1.000000 0.532024 0.858890 0.245742 0.536726 0.282257 0.230527 -0.145366 -0.171687 -0.029019 -0.211228 -0.265913 0.028121 -0.137632 -0.213812 -0.063886 -0.315891 0.454508 0.488874 0.001388 -0.068138 0.016477 0.063917 -0.288807 -0.037996 0.217770 0.026145 0.021537 -0.177903 0.259744 0.117510 -0.442408 -0.483641 -0.387056 -0.594387 -0.311686 -0.539898 -0.235777 -0.520579 0.095283 -0.065572 0.317663 0.087026 0.354482 -0.277180 -0.356959 -0.511397 0.111934 -0.114814 0.485765 0.567158 0.336902 0.436206 0.153417 0.268842 -0.240985 -0.321205 -0.280580 -0.369062 0.085141 -0.056199 0.452671 0.244423 0.280925 0.199251 0.028548 -0.003599 -0.184363 -0.149398 0.074604 0.008971 0.032126 -0.110706 0.305988 0.282151 -0.109006 -0.170785 0.010622 0.248899 0.309432 0.018941 0.128870 0.033384 -0.163929 -0.031878 -0.191055 -0.159198 -0.050377 -0.073142 0.289701 0.186727 0.015921 -0.038371 -0.137895 -0.140229 -0.067928 -0.231156 -0.106230 0.014567 -0.422462 -0.218275 -0.048146 -0.173125 -0.108212 -0.277222
0.538678 -0.004120 0.295440 -0.058508 0.170088 -0.029770 0.421758 0.387955 0.544187 0.391555 0.816633 0.532024 1.000000 0.523575 0.497321 0.341804 0.180164 0.166876 -0.010280 -0.121525 -0.113195 -0.206149 0.016643 0.241496 -0.125098 -0.033626 0.063671 -0.059896 0.335905 0.256855 0.046741 -0.050170 -0.042633 0.023106 -0.237733 0.123222 0.041208 -0.165096 -0.100668 -0.130726 0.162527 0.022924 -0.345486 -0.385647 -0.166165 -0.384565 -0.313346 -0.370337 0.060658 -0.318249 -0.014795 -0.192342 0.082055 -0.036030 0.189854 -0.222465 -0.108976 -0.299955 0.261525 -0.097150 0.479683 0.238279 0.111140 0.100844 0.139606 0.138050 -0.262121 -0.366760 -0.226753 -0.335602 0.132146 -0.133188 0.318194 0.161220 0.233541 0.264201 0.080072 -0.042319 -0.023088 -0.069187 0.000458 -0.150066 0.281102 -0.096359 0.116208 -0.078164 0.036408 -0.194155 0.242697 0.066948 0.301308 0.205796 0.027727 0.145537 -0.030044 -0.222824 -0.071904 -0.140450 -0.105861 0.098454 0.007556 0.052069 -0.197188 -0.017798 -0.061037 -0.073184 0.038156 -0.073107 -0.005143 -0.165263 -0.205914 -0.067866 -0.073393 -0.236084 0.006316 -0.204557
0.382658 0.071462 0.129947 0.088963 0.249823 0.023910 0.380930 0.612040 0.512344 0.378274 0.570133 0.858890 0.523575 1.000000 0.175448 0.502834 0.169956 0.100868 -0.206878 -0.222515 -0.145416 -0.235080 -0.211887 0.121736 -0.148066 -0.181024 -0.040384 -0.241963 0.319834 0.326319 -0.107782 -0.145865 -0.058176 -0.047133 -0.329354 0.039302 0.065995 -0.015513 -0.041014 -0.230007 0.126851 0.005966 -0.230072 -0.292969 -0.187212 -0.378439 -0.138012 -0.328630 -0.169204 -0.342261 0.024176 -0.082236 0.352575 0.151005 0.398589 -0.165397 -0.283512 -0.468441 0.274779 -0.036920 0.477119 0.533106 0.264663 0.412694 0.049985 0.212038 -0.170259 -0.324839 -0.269786 -0.349044 -0.022898 -0.149299 0.276737 0.058428 0.073317 0.068815 -0.087232 -0.118226 -0.140465 -0.162565 -0.011572 -0.009839 -0.033354 -0.125482 0.147445 0.162562 -0.091969 -0.184437 -0.075143 0.225403 0.241206 0.040801 0.193613 0.055999 -0.232066 -0.044889 -0.075721 -0.138469 0.017947 0.009836 0.177412 0.146511 -0.015267 -0.098564 -0.159404 -0.203134 -0.101676 -0.235837 -0.041250 -0.045583 -0.407463 -0.156725 -0.044487 -0.164194 -0.085609 -0.279758
0.340799 -0.098083 0.287047 0.223199 0.258743 0.130063 0.217929 0.011450 0.449632 0.331706 0.595400 0.245742 0.497321 0.175448 1.000000 0.615766 -0.118044 -0.021468 0.224684 0.045183 0.026671 0.029564 0.511011 0.416819 0.051468 0.065627 0.389751 0.284882 0.277519 -0.068883 0.215213 0.021860 -0.127646 -0.138531 -0.137519 -0.162287 -0.239722 -0.336776 -0.039803 -0.082064 0.110989 -0.231711 -0.221926 -0.263392 -0.226654 -0.259829 -0.221591 -0.246669 -0.037747 -0.287804 0.063549 -0.200858 -0.132361 -0.048959 -0.000345 -0.118527 -0.093222 -0.163850 -0.001517 -0.126002 0.243769 -0.029975 0.071288 -0.208946 0.338676 0.106246 -0.287885 -0.279609 -0.129790 -0.020326 0.073361 -0.017860 -0.087003 -0.063498 0.080319 0.155015 0.094468 0.009653 -0.098938 -0.051703 -0.157539 -0.215016 0.423379 0.200464 0.372017 0.205635 0.160091 0.054951 0.571999 0.132441 0.162857 0.204102 0.005858 0.073762 -0.010144 -0.382783 -0.004109 -0.117653 -0.031109 0.012879 -0.174236 -0.151337 -0.279170 -0.187577 -0.222732 0.101735 0.049135 0.028763 -0.258210 -0.403030 -0.107179 -0.126901 -0.271714 -0.388533 0.138746 -0.098868
0.220197 -0.039853 0.196791 0.368721 0.400933 0.177889 0.248582 0.324275 0.444796 0.472459 0.448950 0.536726 0.341804 0.502834 0.615766 1.000000 -0.101312 -0.002813 0.020820 -0.074643 0.283534 0.108892 0.144376 0.372263 -0.114376 -0.075559 0.320751 0.140495 0.194156 0.077802 0.004659 -0.070346 -0.053471 -0.092751 -0.182949 -0.097248 -0.029064 -0.086387 0.113432 -0.103899 0.022939 0.057142 -0.153108 -0.232779 -0.231122 -0.295596 -0.085959 -0.177552 -0.261170 -0.371308 -0.092630 -0.270120 0.085331 -0.016666 0.203839 -0.114570 -0.298311 -0.340844 -0.001069 -0.092121 0.327284 0.300755 0.222743 0.078621 0.199250 0.130593 -0.175841 -0.281367 -0.171493 -0.099038 -0.036208 -0.016703 -0.049954 -0.028236 -0.045749 -0.057498 -0.105821 -0.084166 -0.193558 -0.205743 -0.152908 -0.118634 0.043777 0.224525 0.190832 0.252417 -0.000417 -0.004849 0.291689 0.231218 0.238531 0.067862 0.149917 -0.013967 -0.254597 -0.100231 0.015524 -0.070621 -0.047301 -0.076223 -0.003733 -0.056898 -0.073185 -0.026353 -0.205373 -0.043698 -0.062997 -0.096094 -0.062156 -0.045638 -0.107343 -0.177795 -0.214161 -0.112973 0.000915 -0.138500
0.299873 0.539354 0.015019 -0.308159 -0.234933 -0.348767 -0.135056 -0.120270 -0.080747 -0.243872 0.136301 0.282257 0.180164 0.169956 -0.118044 -0.101312 1.000000 0.710383 0.235889 0.136190 -0.130273 -0.212904 -0.380158 -0.456055 -0.100991 -0.340004 -0.200611 -0.247143 0.581741 0.458854 -0.069700 -0.138573 0.424120 0.129249 -0.440066 -0.412721 0.437970 0.131069 0.282915 -0.019015 0.404798 0.276731 -0.183942 -0.141353 -0.137254 -0.374624 -0.056264 -0.219573 -0.026249 -0.086936 0.011903 0.073886 0.319111 0.035291 0.166946 -0.017980 0.314569 0.253383 0.217536 0.166447 0.273285 0.261492 0.514905 0.557787 -0.221725 -0.276779 -0.001417 -0.371146 0.231815 -0.090110 0.089525 0.091335 0.613323 0.236109 0.313132 -0.001196 0.176859 -0.040673 0.349569 0.499697 0.618349 0.441311 -0.128402 0.054648 -0.100974 -0.207751 -0.183100 -0.188407 -0.268533 0.034047 -0.170691 -0.347363 -0.542218 -0.518082 -0.064386 -0.258877 -0.144659 -0.024933 -0.142180 -0.011221 -0.121820 -0.000618 -0.066091 -0.101126 -0.214797 0.041017 0.047038 -0.053226 -0.198249 -0.121342 -0.317875 -0.136409 -0.131466 -0.241838 -0.087615 -0.312480
0.086330 0.456584 -0.127277 -0.189235 -0.425688 -0.452817 -0.196481 -0.146345 -0.139831 -0.352822 0.075522 0.230527 0.166876 0.100868 -0.021468 -0.002813 0.710383 1.000000 0.047794 -0.004699 -0.126547 -0.142621 -0.134489 -0.310070 0.053182 -0.289664 -0.250972 -0.149268 0.601765 0.519260 -0.059783 -0.062416 0.408423 0.116831 -0.352008 -0.367026 0.431455 0.049459 0.294798 -0.258953 0.210120 0.264780 0.004640 0.018014 -0.022603 -0.174267 0.155562 -0.075971 -0.142029 0.047332 -0.006492 0.093346 0.139598 0.053964 0.140851 0.146607 0.190216 0.251770 -0.010899 0.112668 0.045872 0.060867 0.394568 0.523086 -0.244352 -0.452323 -0.026591 -0.406685 0.119639 -0.195705 -0.023196 -0.002857 0.458751 0.169013 0.181423 -0.113712 -0.024379 -0.218603 0.395471 0.607894 0.556770 0.565985 -0.035879 0.206621 -0.053367 -0.253835 -0.014917 -0.250223 -0.159936 -0.052551 -0.182312 -0.354055 -0.481507 -0.378802 -0.117946 -0.195529 -0.106398 -0.110521 -0.061657 -0.003081 -0.194642 -0.026738 -0.050367 -0.061179 -0.167687 0.056105 0.087532 -0.194562 -0.246379 -0.023736 -0.286651 0.083209 -0.055594 -0.060971 -0.021442 -0.228971
0.299445 0.299717 0.249689 0.104455 0.163916 0.180306 -0.035282 -0.161784 -0.122815 -0.148521 0.124793 -0.145366 -0.010280 -0.206878 0.224684 0.020820 0.235889 0.047794 1.000000 0.812118 0.130082 0.139983 0.079443 0.104965 0.065629 0.074021 0.136920 0.043129 0.313812 0.169581 0.332883 0.180823 0.339475 0.384641 -0.094751 -0.014833 -0.065151 -0.330115 -0.093468 -0.229376 0.100091 0.110926 -0.155697 -0.197354 -0.072579 -0.168719 -0.246123 -0.175419 -0.169814 -0.218896 -0.316289 -0.313837 -0.248041 -0.228196 -0.304846 -0.385591 0.488510 0.408854 0.120535 -0.032695 -0.100086 -0.185953 0.095870 -0.134289 -0.121606 -0.228679 0.311801 -0.018109 0.541677 0.469938 0.268710 0.208897 0.169294 0.256358 0.315678 0.199462 0.382797 0.336180 0.288519 0.168380 0.220702 0.131721 0.120677 0.219828 -0.185079 -0.292434 -0.319287 -0.339185 -0.231739 -0.329568 -0.154608 0.064475 -0.123831 -0.047444 0.047698 -0.355392 -0.325364 -0.086402 -0.373458 -0.265455 -0.269553 -0.253696 -0.395658 -0.280023 -0.393513 0.025712 -0.042168 0.186874 -0.100508 -0.233855 0.020371 -0.127891 -0.140262 -0.305019 -0.056058 -0.051900
0.134627 0.269118 0.209800 0.235646 0.209998 0.328754 -0.022750 -0.041469 -0.166017 -0.066747 0.005674 -0.171687 -0.121525 -0.222515 0.045183 -0.074643 0.136190 -0.004699 0.812118 1.000000 0.305690 0.372431 -0.066425 0.164335 -0.000120 0.275200 0.151190 0.052963 0.237488 0.254951 0.524174 0.502093 0.421106 0.687462 0.018781 0.112951 0.053624 -0.277416 -0.124283 -0.372677 0.171770 0.256063 -0.153828 -0.168148 -0.117920 -0.075214 -0.325478 -0.177681 -0.423378 -0.286396 -0.517937 -0.457443 -0.420852 -0.415541 -0.445110 -0.542389 0.481334 0.486987 -0.064184 -0.121703 -0.257151 -0.256116 -0.138250 -0.267609 -0.083962 -0.149148 0.429594 0.232498 0.689952 0.701337 0.316088 0.328759 0.129182 0.340747 0.276248 0.216648 0.352438 0.322435 0.373638 0.287916 0.269602 0.279612 0.110522 0.326249 -0.205216 -0.355489 -0.301730 -0.308827 -0.263747 -0.522770 -0.203572 0.067362 0.029683 0.051410 -0.105848 -0.296858 -0.395436 -0.213630 -0.503499 -0.434386 -0.151852 -0.309358 -0.329902 -0.321848 -0.413287 -0.172959 -0.088813 0.067700 -0.080627 -0.142089 0.097054 -0.124693 -0.126222 -0.220595 -0.108516 -0.058384
-0.070636 -0.089799 0.158931 0.162072 0.369656 0.384748 0.162807 0.118250 -0.148830 0.209839 -0.039401 -0.029019 -0.113195 -0.145416 0.026671 0.283534 -0.130273 -0.126547 0.130082 0.305690 1.000000 0.640884 -0.193909 0.148306 0.067261 0.322843 0.176410 0.136959 -0.025138 0.152219 0.474826 0.465512 0.068704 0.377617 0.320280 0.237159 0.172001 0.032872 0.054739 0.018747 0.155472 0.241622 -0.214182 -0.234343 -0.227235 -0.076375 -0.294969 -0.166028 -0.362425 -0.328721 -0.361343 -0.392381 -0.357843 -0.417518 -0.278762 -0.275548 -0.148218 -0.057619 -0.277658 -0.339580 -0.061145 0.003245 -0.113863 -0.236056 0.210095 0.199255 0.111787 0.247410 0.110154 0.230530 0.113786 0.281999 0.045166 0.194869 0.125298 0.181803 0.163359 0.309548 -0.029309 -0.094970 -0.019442 0.055752 0.086257 0.284854 0.026357 0.064926 -0.026420 -0.030956 0.060396 -0.224622 -0.046557 0.033558 0.191884 0.079599 0.035707 0.217126 -0.090909 0.089379 -0.261580 -0.249159 0.169018 -0.185194 0.089859 0.066206 0.017735 0.036012 -0.028495 0.081490 0.181811 0.252443 0.357265 0.076966 0.088932 0.202489 0.083906 0.148756
-0.157909 -0.147611 0.049891 0.134354 0.177185 0.336188 -0.035620 0.060539 -0.175551 0.056468 -0.238699 -0.211228 -0.206149 -0.235080 0.029564 0.108892 -0.212904 -0.142621 0.139983 0.372431 0.640884 1.000000 -0.014497 0.244112 0.120770 0.608463 0.174932 0.376815 0.070820 0.110723 0.525057 0.681406 0.123662 0.442495 0.314556 0.165097 0.207669 -0.060398 0.149343 -0.106955 0.056869 0.092758 -0.008626 0.024860 -0.105470 0.123401 -0.119784 0.037386 -0.389308 -0.263650 -0.400677 -0.354542 -0.480065 -0.491213 -0.479464 -0.205804 0.053776 0.096426 -0.349959 -0.356745 -0.264561 -0.254973 -0.341192 -0.412799 0.093029 0.120458 0.121749 0.314160 0.208486 0.330769 0.002862 0.316758 -0.057041 -0.002054 -0.053082 0.026055 0.136853 0.078883 0.367672 0.210021 0.166311 0.257450 0.200132 0.517945 0.004314 -0.011285 0.028250 0.030733 0.023522 -0.411734 -0.348736 -0.149151 0.118378 0.042708 -0.026377 0.088515 0.008550 0.070440 -0.363774 -0.309288 0.080238 -0.163322 0.016977 0.018916 -0.024322 0.084563 -0.191403 -0.100903 0.082739 0.059095 0.354614 0.009012 -0.070517 0.247432 0.076551 0.156339
-0.195192 -0.364087 -0.022196 0.211391 -0.109435 0.263307 -0.208424 -0.371272 -0.028825 -0.019967 0.005625 -0.265913 0.016643 -0.211887 0.511011 0.144376 -0.380158 -0.134489 0.079443 -0.066425 -0.193909 -0.014497 1.000000 0.526293 0.339101 0.208767 0.433478 0.689884 -0.123654 -0.377065 0.006978 0.000027 -0.320225 -0.449969 -0.013577 -0.068307 -0.386200 -0.045823 -0.012939 -0.009539 -0.211459 -0.230261 0.228604 0.219091 0.177778 0.262982 0.202245 0.203969 0.171640 0.216410 0.128276 0.062190 -0.129371 0.240969 0.071502 0.233619 -0.030589 0.016736 -0.153894 -0.146379 -0.260164 -0.508187 -0.283865 -0.412468 0.127712 -0.121465 -0.221074 -0.089341 -0.140831 0.061999 -0.154444 -0.106661 -0.475333 -0.306854 -0.261755 -0.095943 -0.167049 -0.143443 -0.129448 -0.054298 -0.378802 -0.195653 0.320529 0.210693 0.281625 0.132042 0.496593 0.434710 0.599793 0.168894 0.051821 0.202539 0.141555 0.240777 -0.084687 -0.258678 0.134043 -0.228917 0.147593 0.068409 -0.397586 -0.254717 -0.208865 -0.106295 -0.013200 -0.056047 -0.002503 -0.075081 -0.228438 -0.299046 0.015695 -0.028611 -0.136932 -0.070002 0.178835 0.105759
0.031237 -0.444315 0.187316 0.504045 0.277827 0.537980 0.078979 0.209694 0.197373 0.434740 0.275663 0.028121 0.241496 0.121736 0.416819 0.372263 -0.456055 -0.310070 0.104965 0.164335 0.148306 0.244112 0.526293 1.000000 0.213605 0.612602 0.578125 0.622990 -0.177190 -0.191394 0.308179 0.366890 -0.202896 0.034417 0.220243 0.403311 -0.300579 -0.224394 -0.242357 -0.272184 -0.190598 -0.074428 -0.067591 -0.107803 -0.034311 0.060796 -0.204302 -0.072719 -0.156544 -0.156071 -0.141649 -0.304479 -0.295266 -0.117045 -0.100948 -0.218363 -0.045582 -0.276981 -0.123136 -0.284700 -0.233700 -0.412116 -0.419712 -0.528288 0.108352 0.112763 -0.168516 0.111284 -0.173300 0.185815 0.076931 0.110061 -0.388332 -0.045366 -0.041538 0.176086 -0.048837 0.102565 -0.017296 -0.220301 -0.315120 -0.194063 0.296007 0.193441 0.172820 0.067856 0.247915 0.251767 0.396581 -0.100555 0.198171 0.449800 0.549782 0.520891 -0.154801 -0.233105 -0.066883 -0.387189 -0.159548 -0.071806 -0.105330 -0.206912 -0.131209 -0.045139 -0.102593 -0.239058 -0.146245 0.008218 0.072129 -0.221540 0.086392 -0.109058 -0.129482 -0.038783 0.143481 0.153014
-0.026806 -0.184111 -0.149934 0.117789 -0.326736 0.140715 -0.190874 -0.105643 -0.395934 -0.152825 -0.157922 -0.137632 -0.125098 -0.148066 0.051468 -0.114376 -0.100991 0.053182 0.065629 -0.000120 0.067261 0.120770 0.339101 0.213605 1.000000 0.444064 0.098129 0.385262 0.051928 -0.007245 0.212859 0.263479 0.056114 -0.113403 0.268208 0.058067 -0.047568 0.020492 0.028964 -0.063260 -0.059462 0.054896 0.127242 0.097975 0.194783 0.302075 0.046775 -0.000822 0.010269 0.200530 0.005630 0.109804 -0.356107 0.043895 -0.187195 0.105250 0.145368 -0.012700 -0.189579 -0.297148 -0.336926 -0.446460 -0.192021 -0.283160 -0.038902 -0.008836 0.045120 0.182064 -0.060317 -0.063846 0.008524 0.069614 -0.122442 -0.051523 -0.018713 0.022745 0.142280 0.230058 0.173100 0.164067 -0.136675 -0.014030 0.059694 -0.060650 0.183021 0.138771 0.234580 0.095460 0.023155 -0.106205 -0.313129 -0.136480 0.049114 0.128768 0.144256 -0.015214 0.048281 0.010273 0.084270 0.060188 -0.066329 -0.028682 -0.108578 -0.071155 -0.050211 0.005479 0.002750 -0.080839 -0.110979 -0.029713 0.061402 0.079647 0.053804 0.083285 0.052723 0.010977
-0.037281 -0.306556 0.127565 0.333521 0.080944 0.500919 -0.017384 0.195746 -0.091790 0.216241 -0.095202 -0.213812 -0.033626 -0.181024 0.065627 -0.075559 -0.340004 -0.289664 0.074021 0.275200 0.322843 0.608463 0.208767 0.612602 0.444064 1.000000 0.365401 0.624254 -0.153504 -0.047422 0.552572 0.722785 0.015293 0.355162 0.460166 0.423218 -0.012087 -0.100664 -0.042948 -0.164717 -0.064950 0.037824 -0.050737 -0.001637 -0.019472 0.176577 -0.215621 -0.071003 -0.190914 -0.147553 -0.187174 -0.250140 -0.532916 -0.319464 -0.424599 -0.227208 0.128487 -0.053608 -0.241901 -0.322444 -0.398985 -0.512078 -0.526057 -0.574631 0.093634 0.248059 0.075891 0.443407 0.008882 0.224766 0.112127 0.255313 -0.194884 -0.007136 0.006906 0.142607 0.085361 0.149650 0.248697 0.061633 -0.082288 -0.010966 0.189284 0.134372 0.117536 0.029602 0.206841 0.226706 0.184886 -0.343105 -0.241244 0.078463 0.268984 0.324751 0.033067 -0.100295 -0.095083 -0.188562 -0.315983 -0.235131 -0.012927 -0.129278 -0.069785 -0.102832 -0.088741 -0.051575 -0.182377 -0.075132 0.044483 -0.137210 0.130909 -0.150323 -0.154460 0.069585 0.040146 0.070413
-0.000326 -0.252905 0.133295 0.189487 0.408185 0.592746 -0.002018 -0.068088 0.226830 0.375277 0.126831 -0.063886 0.063671 -0.040384 0.389751 0.320751 -0.200611 -0.250972 0.136920 0.151190 0.176410 0.174932 0.433478 0.578125 0.098129 0.365401 1.000000 0.640022 -0.097933 -0.178022 0.172692 0.097251 0.012751 -0.023775 0.060561 0.122547 -0.330640 -0.183353 0.016965 0.072245 -0.033346 -0.075443 -0.025195 -0.030871 0.099195 0.060844 -0.166298 0.003990 0.056739 -0.023535 -0.108740 -0.157094 -0.076055 -0.042335 0.014592 -0.134252 0.082583 -0.041177 0.001695 0.047251 -0.091006 -0.216812 -0.190902 -0.329644 0.019422 -0.036995 0.023146 0.093276 0.032475 0.313131 0.179590 0.114700 -0.274558 -0.080216 -0.080650 0.022849 -0.152273 -0.051629 0.007608 -0.096461 -0.163578 -0.119934 0.161548 0.123198 0.105964 0.023589 0.328553 0.350220 0.442398 0.031504 0.116581 0.204740 0.120541 0.124849 -0.075689 -0.294934 -0.117308 -0.256165 -0.206853 -0.149870 -0.126183 -0.385820 -0.197397 -0.258666 -0.238756 -0.214018 -0.042647 0.084686 -0.198710 -0.318696 -0.047910 -0.272473 -0.258447 -0.298739 -0.078278 -0.019840
-0.214466 -0.319003 -0.068715 0.173084 -0.090612 0.403507 -0.312452 -0.310254 -0.164811 0.033177 -0.130031 -0.315891 -0.059896 -0.241963 0.284882 0.140495 -0.247143 -0.149268 0.043129 0.052963 0.136959 0.376815 0.689884 0.622990 0.385262 0.624254 0.640022 1.000000 -0.147360 -0.277302 0.115222 0.264118 -0.119846 -0.171619 0.137915 0.045849 -0.185089 0.069334 0.169011 0.048065 -0.141269 0.024844 0.171769 0.199211 0.198454 0.280206 0.101889 0.206689 0.001499 0.141819 -0.028483 -0.078391 -0.202009 0.020638 -0.035437 0.144573 0.099244 0.049811 -0.171599 -0.131378 -0.362500 -0.560623 -0.358274 -0.433956 -0.049248 -0.117949 -0.065812 0.101485 0.023297 0.223821 -0.176569 0.064607 -0.417853 -0.273776 -0.239640 -0.163699 -0.200351 -0.190603 0.099452 0.060682 -0.155806 -0.000694 0.201710 0.319914 0.144686 0.035896 0.516664 0.546022 0.486246 0.036929 -0.181668 0.051076 0.042047 0.143646 -0.131303 -0.250486 0.177591 -0.196674 -0.034402 -0.039622 -0.341647 -0.286248 -0.136516 -0.078015 -0.028538 -0.042536 -0.011690 -0.077024 -0.180574 -0.258649 0.117172 -0.172960 -0.248137 0.032146 0.161453 0.105931
0.401311 0.331996 0.002055 -0.237821 -0.104751 -0.187882 -0.010026 0.048169 0.103343 -0.111239 0.379917 0.454508 0.335905 0.319834 0.277519 0.194156 0.581741 0.601765 0.313812 0.237488 -0.025138 0.070820 -0.123654 -0.177190 0.051928 -0.153504 -0.097933 -0.147360 1.000000 0.736011 0.214855 0.140542 0.286746 0.216708 -0.349597 -0.310053 0.477238 -0.012118 0.277170 -0.190665 0.485702 0.285128 -0.257529 -0.299378 -0.322122 -0.458073 -0.158525 -0.367285 -0.301248 -0.387830 -0.220239 -0.210154 0.071313 -0.132860 0.027768 -0.266126 0.157500 0.016944 0.060579 -0.198685 0.182516 0.098539 0.364158 0.284999 -0.116764 -0.274251 -0.212517 -0.561911 0.110182 -0.157063 0.196168 0.241060 0.711840 0.373245 0.437666 0.249989 0.359312 0.075222 0.379602 0.416524 0.499908 0.443866 0.378939 0.424610 0.067431 -0.138237 -0.065231 -0.249302 -0.132173 -0.179203 -0.125957 -0.190722 -0.283125 -0.235747 -0.021665 -0.198693 -0.201609 -0.003231 -0.181496 -0.021175 -0.049476 0.107436 -0.218344 -0.049043 -0.215740 0.158325 -0.021940 -0.029719 -0.181637 -0.159264 -0.236179 0.032333 0.027929 -0.135678 0.173681 -0.072451
0.277901 0.314519 -0.055898 -0.178561 -0.027595 -0.077338 0.067275 0.285550 0.035442 0.002003 0.243519 0.488874 0.256855 0.326319 -0.068883 0.077802 0.458854 0.519260 0.169581 0.254951 0.152219 0.110723 -0.377065 -0.191394 -0.007245 -0.047422 -0.178022 -0.277302 0.736011 1.000000 0.315457 0.282208 0.403156 0.509355 -0.109977 0.044714 0.611842 0.114963 0.179138 -0.173720 0.506484 0.484592 -0.311598 -0.302045 -0.316508 -0.369277 -0.272038 -0.378698 -0.350807 -0.393872 -0.337881 -0.258882 -0.101916 -0.306731 -0.083230 -0.391683 0.071199 -0.041440 -0.114751 -0.309298 0.053435 0.139157 0.141516 0.250476 -0.119441 -0.104285 -0.036703 -0.284150 0.173670 -0.118552 0.219641 0.195644 0.827895 0.582475 0.587471 0.311553 0.431577 0.225276 0.395116 0.384973 0.446636 0.524109 0.277898 0.324139 0.064273 -0.131767 -0.107863 -0.282385 -0.231779 -0.365015 -0.206964 -0.280889 -0.178276 -0.163488 0.036886 0.009153 -0.327897 -0.011337 -0.419825 -0.247010 0.078429 0.083356 -0.106228 -0.079605 -0.157123 0.092772 -0.082446 -0.083847 -0.094898 0.105162 -0.188207 -0.026714 0.069204 0.018567 0.007126 -0.041998
0.144322 -0.158753 0.264092 0.331719 0.236339 0.350080 0.199240 0.257540 -0.017389 0.192580 0.144354 0.001388 0.046741 -0.107782 0.215213 0.004659 -0.069700 -0.059783 0.332883 0.524174 0.474826 0.525057 0.006978 0.308179 0.212859 0.552572 0.172692 0.115222 0.214855 0.315457 1.000000 0.862734 0.243060 0.621287 0.238028 0.225897 0.145428 -0.235065 -0.137210 -0.261439 0.307717 0.016711 -0.275499 -0.246402 -0.238212 -0.089262 -0.441628 -0.365657 -0.313729 -0.365092 -0.262050 -0.323540 -0.556737 -0.488608 -0.458751 -0.492270 0.078076 -0.048744 -0.403760 -0.520313 -0.278004 -0.292190 -0.252586 -0.382718 0.337598 0.297103 0.032043 0.256689 0.065122 0.227969 0.346433 0.396542 0.191573 0.320541 0.357140 0.470137 0.449641 0.446564 0.229160 0.143592 0.113284 0.139758 0.334095 0.239247 0.248835 0.070644 0.043731 -0.029788 0.152421 -0.412997 -0.134014 0.046389 0.282759 0.190260 0.157117 -0.058194 -0.436763 -0.189817 -0.461268 -0.359120 0.106580 -0.156350 -0.098682 -0.142887 -0.211835 -0.052662 -0.283617 -0.044853 -0.073345 -0.120069 -0.039886 -0.072186 -0.022090 -0.106695 -0.071347 -0.013628
0.003378 -0.158728 0.148998 0.357915 0.086733 0.345788 0.049972 0.248600 -0.154006 0.109856 -0.041350 -0.068138 -0.050170 -0.145865 0.021860 -0.070346 -0.138573 -0.062416 0.180823 0.502093 0.465512 0.681406 0.000027 0.366890 0.263479 0.722785 0.097251 0.264118 0.140542 0.282208 0.862734 1.000000 0.167173 0.635708 0.269450 0.234015 0.228778 -0.099957 -0.045737 -0.244034 0.274261 0.134634 -0.208488 -0.167787 -0.185769 0.012167 -0.360905 -0.258176 -0.409231 -0.305843 -0.332056 -0.320957 -0.545919 -0.491418 -0.468414 -0.404592 0.076713 -0.016713 -0.414979 -0.511200 -0.373203 -0.355817 -0.373825 -0.401894 0.243372 0.256786 0.020705 0.314093 0.085909 0.254962 0.229275 0.433905 0.113487 0.259211 0.252200 0.343578 0.356050 0.332485 0.272791 0.204841 0.130672 0.181141 0.297045 0.352211 0.110888 -0.034808 0.099863 0.060914 0.052783 -0.446974 -0.227254 0.015172 0.300218 0.232441 0.031662 -0.045518 -0.251730 -0.137094 -0.407843 -0.291674 0.116607 -0.091414 -0.079651 -0.055361 -0.145441 -0.053977 -0.294188 -0.061065 -0.013392 -0.051767 0.106594 -0.001892 0.039958 0.091465 0.046360 0.091991
0.081421 0.405654 -0.091261 0.010031 -0.122928 -0.090554 -0.197938 -0.009926 -0.122485 -0.165406 -0.064913 0.016477 -0.042633 -0.058176 -0.127646 -0.053471 0.424120 0.408423 0.339475 0.421106 0.068704 0.123662 -0.320225 -0.202896 0.056114 0.015293 0.012751 -0.119846 0.286746 0.403156 0.243060 0.167173 1.000000 0.601957 -0.032625 -0.035233 0.292660 -0.105461 0.153763 -0.246122 0.098552 0.209708 0.049295 0.046623 0.247534 0.060962 0.016360 -0.044367 -0.123252 0.098277 -0.232695 0.014014 -0.194063 -0.208430 -0.214907 -0.116527 0.461840 0.407734 -0.114947 0.160228 -0.218112 -0.063840 -0.004926 0.126022 -0.389680 -0.264803 0.487961 0.161670 0.537932 0.246418 0.035573 0.013759 0.317270 0.148307 0.173904 -0.204661 0.045189 -0.064708 0.543008 0.474873 0.477784 0.496128 -0.268988 -0.057948 -0.165089 -0.268366 -0.271137 -0.384198 -0.276213 -0.308559 -0.354511 -0.383744 -0.341424 -0.336856 0.032691 -0.120473 -0.292070 -0.107550 -0.410385 -0.255611 -0.007022 -0.227078 -0.083233 -0.320895 -0.381125 -0.213022 -0.184653 -0.250667 -0.318182 0.048511 -0.202355 -0.147932 -0.171743 -0.173768 -0.464197 -0.349428
0.126250 0.242105 0.190043 0.158332 0.222061 0.173805 0.182773 0.338507 -0.007426 0.083296 0.093826 0.063917 0.023106 -0.047133 -0.138531 -0.092751 0.129249 0.116831 0.384641 0.687462 0.377617 0.442495 -0.449969 0.034417 -0.113403 0.355162 -0.023775 -0.171619 0.216708 0.509355 0.621287 0.635708 0.601957 1.000000 0.193458 0.350682 0.310384 -0.213877 -0.076423 -0.337317 0.220250 0.283941 -0.309002 -0.294392 -0.177647 -0.150432 -0.445662 -0.368062 -0.424067 -0.396911 -0.450663 -0.384351 -0.415759 -0.580813 -0.438280 -0.612899 0.226303 0.228255 -0.193846 -0.121796 -0.201879 -0.035632 -0.159769 -0.101302 -0.006406 0.104883 0.405303 0.357571 0.440354 0.401211 0.286949 0.233890 0.360510 0.457065 0.386110 0.280417 0.287413 0.256473 0.398858 0.297608 0.398762 0.388533 0.043905 0.138155 -0.128849 -0.296198 -0.313922 -0.406565 -0.291140 -0.567253 -0.179533 -0.044618 0.026400 0.054938 0.035052 -0.070377 -0.416668 -0.179098 -0.573171 -0.430829 0.180227 -0.053546 -0.032997 -0.183374 -0.248885 -0.155361 -0.230513 -0.115213 -0.056723 0.054551 -0.005546 -0.065234 -0.029693 -0.095145 -0.252837 -0.084374
-0.146653 -0.347429 -0.117501 -0.007077 0.065353 0.194751 -0.019683 0.036124 -0.240641 0.040659 -0.163487 -0.288807 -0.237733 -0.329354 -0.137519 -0.182949 -0.440066 -0.352008 -0.094751 0.018781 0.320280 0.314556 -0.013577 0.220243 0.268208 0.460166 0.060561 0.137915 -0.349597 -0.109977 0.238028 0.269450 -0.032625 0.193458 1.000000 0.670042 -0.112585 0.061504 -0.263960 0.084939 -0.242380 -0.079468 0.011789 -0.011843 0.029231 0.286952 -0.098946 0.039360 -0.023328 -0.080256 -0.100449 -0.168733 -0.540878 -0.313248 -0.402953 -0.136922 -0.090028 -0.095941 -0.298437 -0.273237 -0.292964 -0.278476 -0.456872 -0.462026 0.050137 0.256606 0.197962 0.540259 -0.063978 0.104647 0.053606 0.059047 -0.246341 -0.057622 -0.099235 0.046869 0.119551 0.352061 0.050950 -0.122248 -0.187615 -0.099402 0.057840 -0.058836 0.042033 0.110236 -0.093194 0.010610 -0.054588 -0.333015 -0.118436 0.101265 0.268044 0.317625 0.263358 0.216265 0.032167 0.047217 -0.118765 -0.155682 0.170777 0.060183 0.148993 0.152223 0.221118 0.065008 0.082916 0.052845 0.202806 0.208884 0.375512 0.031625 0.061894 0.208208 0.081533 0.279233
0.058914 -0.285173 -0.010420 0.012241 0.211094 0.329471 0.174984 0.327902 -0.007817 0.233510 0.148329 -0.037996 0.123222 0.039302 -0.162287 -0.097248 -0.412721 -0.367026 -0.014833 0.112951 0.237159 0.165097 -0.068307 0.403311 0.058067 0.423218 0.122547 0.045849 -0.310053 0.044714 0.225897 0.234015 -0.035233 0.350682 0.670042 1.000000 -0.102988 -0.028218 -0.333489 -0.127784 -0.250363 0.011945 -0.130793 -0.185601 0.028638 0.118900 -0.256341 -0.125480 -0.045071 -0.205748 -0.247018 -0.328431 -0.397861 -0.257267 -0.182263 -0.349027 -0.018819 -0.136983 -0.018307 -0.216865 -0.162735 -0.164558 -0.435321 -0.366060 -0.007848 0.255919 0.222161 0.398308 -0.030048 0.078717 0.085588 -0.134692 -0.124335 0.086054 0.006619 0.196682 0.026519 0.282189 0.041001 -0.246122 -0.213746 -0.150703 0.084277 -0.154487 -0.065468 -0.111303 -0.053446 -0.126760 -0.048889 -0.338095 0.136167 0.301098 0.465548 0.498513 0.084761 0.202975 -0.100800 -0.166245 -0.176378 -0.167185 0.173249 0.096488 0.143419 0.109980 0.151823 -0.163002 -0.060291 -0.038448 0.309680 0.186353 0.214853 0.044478 0.150092 0.134212 -0.059811 0.152240
