1.000000 0.463066 0.110737 -0.146433 0.110386 -0.154576 0.248849 0.028424 0.137526 0.032302 0.484368 0.252644 0.437438 0.251993 0.333997 0.034252 0.508513 0.273250 0.429966 0.496903 -0.309855 -0.327735 -0.118045 -0.179006 -0.350538 -0.593927 -0.230945 -0.416093 0.219873 0.214010 -0.324599 -0.399248 -0.059176 -0.186871 -0.398437 -0.435627 0.119385 -0.194973 -0.170845 -0.352219 -0.000619 -0.013331 -0.288838 -0.341334 -0.372538 -0.522101 -0.298453 -0.420607 -0.239154 -0.294093 -0.412024 -0.294419 0.047011 -0.046255 -0.140120 -0.242609 0.335348 0.227918 0.182410 -0.236926 0.458176 0.175952 0.249386 0.261334 0.020926 -0.108354 -0.406030 -0.481958 0.099211 -0.096640 0.116351 -0.234602 0.120780 0.321763 0.256435 0.253483 0.231358 0.035589 0.145145 0.202145 0.262370 0.295225 0.157409 -0.114743 0.213981 0.117003 0.207737 -0.129439 -0.018854 0.058613 0.285424 0.193640 0.182476 0.222663 -0.137883 -0.023787 -0.358870 -0.169414 0.070194 0.061649 0.075619 0.382033 0.068021 -0.010776 -0.290904 -0.068649 0.128010 0.088348 -0.107049 -0.034200 -0.258543 -0.049161 -0.036018 0.068013 0.046171 0.114167
0.463066 1.000000 -0.365180 -0.204401 0.029014 -0.231767 -0.190018 -0.028427 0.007966 -0.016895 0.039000 0.062222 0.170039 0.299484 -0.081044 -0.054328 0.394104 0.487244 -0.170891 0.574285 -0.349380 -0.303274 -0.576344 -0.597306 -0.447802 -0.517577 -0.353516 -0.494964 -0.054310 0.017860 -0.598535 -0.596596 0.081794 -0.105937 -0.365735 -0.295686 0.174288 -0.048023 -0.045363 -0.070620 0.002723 0.021159 -0.121628 -0.178370 -0.051114 -0.222762 -0.079965 -0.161942 0.018495 0.038619 -0.246926 -0.053008 0.187910 0.070374 -0.026618 -0.091208 0.475634 0.605949 0.049722 0.297119 0.240197 0.477754 0.431797 0.531161 -0.392952 0.058408 -0.233863 -0.324447 0.532047 0.262549 -0.088338 -0.357437 -0.013937 -0.034242 -0.075915 -0.222576 -0.040314 -0.083963 0.377711 0.373718 0.540820 0.537555 -0.050319 -0.167305 0.077642 0.244949 -0.123381 -0.024371 -0.384863 0.230561 -0.084863 -0.191922 -0.143873 -0.220571 -0.036224 -0.122184 -0.253481 -0.116112 0.084655 0.018850 0.145131 0.128257 0.067014 -0.167306 -0.210835 -0.145638 0.141479 0.069777 -0.063907 -0.132570 -0.276782 -0.014785 -0.096485 -0.065810 0.013345 0.085427
0.110737 -0.365180 1.000000 0.440410 0.115287 0.360328 0.717230 0.655789 0.298477 0.342025 0.385306 0.552853 0.465706 0.186375 0.261695 0.216410 -0.284928 -0.425468 0.604926 -0.327960 0.196154 0.042450 0.417406 0.612928 0.173930 0.098787 0.188143 0.193198 -0.206951 -0.291721 0.342412 0.362803 -0.151908 0.296783 0.266030 0.170304 -0.330330 -0.127546 0.007638 -0.193263 -0.174289 -0.015357 -0.244713 -0.087616 -0.482188 -0.252560 -0.487257 -0.359419 -0.502845 -0.511765 -0.260183 -0.454208 -0.416849 -0.488947 -0.264198 -0.399948 -0.524576 -0.508020 0.368975 -0.415683 0.232883 -0.264184 -0.629286 -0.661233 0.702892 0.432501 -0.100132 0.244177 -0.436425 -0.335082 0.117288 0.072365 -0.124662 0.008216 0.035224 0.172177 0.231124 0.241232 -0.503814 -0.474598 -0.517808 -0.586606 -0.101212 0.035826 0.185811 -0.119144 0.002696 -0.179723 0.608575 -0.063100 0.370194 0.338632 0.537622 0.511160 -0.005880 -0.019661 -0.144385 -0.188024 -0.444149 -0.238981 0.098282 0.311951 0.022160 0.065369 0.012975 -0.097150 -0.243954 -0.133209 -0.136967 0.212797 -0.044258 -0.248694 -0.063317 0.129440 -0.174166 -0.191971
-0.146433 -0.204401 0.440410 1.000000 -0.358038 0.171360 -0.007274 0.482247 -0.215819 -0.077768 0.163325 0.603126 -0.009134 -0.096835 0.028852 0.180176 -0.346699 -0.254195 0.360406 -0.107523 0.097934 0.374083 0.617880 0.679379 0.085949 0.241415 0.121243 0.599098 -0.158675 -0.224472 0.487171 0.600570 -0.355668 0.188555 0.336365 0.147276 -0.276235 0.113633 -0.182314 -0.039722 -0.020193 -0.175419 0.098957 0.271850 -0.271747 0.010282 -0.250006 -0.074610 -0.472383 -0.453013 -0.120608 -0.362965 -0.620864 -0.488916 -0.224306 -0.277474 -0.323006 -0.277445 -0.242569 -0.512065 -0.336885 -0.437739 -0.483213 -0.540330 0.442676 0.427005 -0.241464 0.287887 -0.227786 -0.308051 0.018119 0.253108 -0.077739 0.064036 0.169622 0.205907 0.318228 0.358372 -0.188422 -0.257613 -0.326283 -0.440013 -0.168660 0.115646 0.277797 -0.053770 -0.118445 0.131068 0.499103 -0.292035 0.040775 -0.024315 0.428829 0.161849 0.209012 0.024451 -0.041928 0.099394 -0.409782 -0.196356 -0.009136 -0.225420 0.044861 -0.061159 0.219156 0.182155 -0.201751 -0.177416 -0.131498 0.364807 0.235142 -0.050627 0.085917 0.258777 -0.011900 -0.143127
0.110386 0.029014 0.115287 -0.358038 1.000000 0.466355 0.317137 -0.066745 0.693071 0.495961 0.109471 -0.161149 0.335407 0.231756 0.179570 0.091071 0.158699 0.067879 -0.069841 -0.003548 0.192657 -0.205924 -0.298412 -0.235018 -0.092870 -0.238477 0.078951 -0.396486 0.101369 0.014395 -0.385401 -0.437885 0.053610 -0.158388 -0.372036 -0.155198 0.064537 -0.176485 0.358537 -0.000154 -0.319520 0.197827 -0.195934 -0.313732 0.027072 -0.138873 0.023832 -0.098374 0.158456 0.182952 0.002523 0.123432 0.412915 0.271466 0.159512 0.049949 -0.037563 -0.059674 0.386539 0.335119 0.434126 0.307736 0.186979 0.153306 -0.015316 -0.095737 0.145312 -0.230692 -0.092486 0.179596 0.092385 -0.269165 0.039664 -0.259859 -0.234940 -0.237433 -0.345067 -0.279262 -0.029997 0.007452 0.058532 0.108700 0.117706 0.273728 -0.216484 0.024015 0.125988 -0.056687 -0.100786 0.250047 0.055081 0.048210 -0.139911 -0.031791 -0.144791 -0.172434 -0.047794 -0.138478 0.190922 -0.060101 0.099693 0.275349 -0.162508 0.058609 -0.215247 -0.276421 -0.051003 -0.076796 0.021670 -0.211945 -0.296011 -0.047863 -0.141486 -0.287537 -0.124202 0.084927
-0.154576 -0.231767 0.360328 0.171360 0.466355 1.000000 0.199563 0.288442 0.412190 0.589421 0.052257 0.133354 0.172281 0.038482 -0.010977 0.278224 -0.375436 -0.266299 0.026345 -0.308289 0.506343 0.193792 0.108170 0.265767 0.122272 0.255617 0.459719 0.299741 -0.323378 -0.259369 -0.006900 0.068810 -0.152410 0.057658 0.042186 0.206468 -0.255064 -0.087989 0.231001 0.139340 -0.299357 -0.109704 0.052175 0.021430 -0.072884 0.109094 -0.095136 -0.008021 -0.029643 -0.071913 0.014633 -0.108259 -0.140680 -0.179707 -0.176735 -0.172509 -0.333655 -0.345161 0.309968 0.089141 0.069462 -0.013417 -0.384272 -0.400333 0.291841 0.397090 0.126512 0.193511 -0.208758 0.005377 0.185121 0.077494 -0.279919 -0.226661 -0.252170 -0.130751 -0.215722 -0.041975 -0.396190 -0.359247 -0.306047 -0.380310 -0.206607 0.208564 -0.124208 -0.052911 -0.040215 0.093851 0.266927 -0.172794 0.145285 0.082728 0.231849 0.079952 0.149394 0.081207 0.126203 0.020567 -0.245310 -0.250897 0.062472 0.029000 -0.117843 -0.012757 0.018137 -0.146945 -0.197327 -0.124844 -0.013035 0.134521 0.009120 -0.035976 -0.082257 -0.018993 -0.137132 -0.154294
0.248849 -0.190018 0.717230 -0.007274 0.317137 0.199563 1.000000 0.478964 0.566366 0.515724 0.530259 0.262424 0.660498 0.449739 0.434164 0.234685 0.087846 -0.126908 0.432900 -0.136999 0.087666 -0.255822 0.075714 0.278532 0.034355 -0.158013 0.045339 -0.301664 0.035988 -0.037244 0.059686 -0.065292 0.095536 0.216023 -0.057140 0.068787 -0.181822 -0.384861 0.035929 -0.378563 -0.179945 0.135495 -0.421942 -0.395065 -0.313244 -0.337677 -0.374380 -0.421818 -0.299630 -0.264045 -0.247318 -0.256572 0.014886 -0.091621 -0.118736 -0.305019 -0.358711 -0.397847 0.470687 -0.147282 0.553217 0.185472 -0.241536 -0.293812 0.487939 0.153407 -0.179509 -0.088132 -0.314131 -0.331078 0.092076 -0.219500 0.075022 -0.009140 0.039028 0.126948 0.117555 -0.016750 -0.398000 -0.303605 -0.246007 -0.297241 0.144925 0.120443 0.153624 -0.076280 0.115950 -0.274019 0.413318 0.176294 0.388528 0.255276 0.264009 0.395926 -0.266295 -0.134226 -0.370879 -0.432913 -0.084266 -0.186067 0.307030 0.467934 -0.063446 0.042786 -0.239308 -0.217477 -0.097064 -0.012539 -0.204201 -0.052801 -0.264993 -0.242285 -0.152177 -0.091681 -0.163310 -0.073980
0.028424 -0.028427 0.655789 0.482247 -0.066745 0.288442 0.478964 1.000000 0.192162 0.488542 0.212728 0.677342 0.380692 0.550305 0.008574 0.343259 -0.234626 -0.134607 0.265724 -0.163433 0.018013 0.005556 0.059882 0.451965 0.030339 0.013125 -0.060585 0.038339 -0.338242 -0.190380 0.139796 0.220324 -0.158413 0.471178 0.213935 0.235896 -0.328910 -0.108869 -0.156968 -0.252746 -0.147521 -0.147426 -0.234774 -0.068453 -0.474750 -0.205975 -0.413289 -0.277358 -0.506029 -0.539900 -0.403121 -0.571995 -0.436652 -0.583669 -0.228106 -0.311890 -0.436525 -0.371988 0.155546 -0.193243 0.147534 0.070006 -0.451092 -0.537809 0.435855 0.742129 -0.116510 0.352630 -0.320021 -0.155329 -0.061569 0.065294 -0.172319 -0.030922 -0.014194 0.084849 0.239191 0.353517 -0.288271 -0.334059 -0.312842 -0.467327 -0.262659 -0.111275 0.095909 -0.160738 -0.201391 -0.203093 0.408803 -0.033783 0.349187 0.062729 0.571116 0.250472 0.114999 -0.019028 -0.049079 -0.038355 -0.498194 -0.250692 0.378548 0.204873 0.092086 -0.032775 0.044969 -0.055170 -0.155197 -0.087563 -0.174332 0.341690 0.058632 -0.246307 -0.103835 0.219037 -0.188172 -0.215015
0.137526 0.007966 0.298477 -0.215819 0.693071 0.412190 0.566366 0.192162 1.000000 0.575719 0.194248 0.057650 0.467747 0.375097 0.235589 0.143023 0.074162 0.030932 0.080511 -0.146607 0.084061 -0.223571 -0.222459 -0.001018 -0.122710 -0.286228 -0.120431 -0.387341 -0.081669 -0.077271 -0.254293 -0.356872 0.130475 -0.033629 -0.248165 -0.032382 -0.130711 -0.286356 0.274996 -0.204543 -0.454100 0.067507 -0.295130 -0.371920 -0.019403 -0.225913 -0.056582 -0.152685 0.123203 0.126015 -0.076891 0.082933 0.251876 0.192295 -0.010415 -0.070491 -0.147701 -0.137570 0.420768 0.295671 0.489736 0.297546 -0.021692 -0.052685 0.165574 0.069479 0.082916 -0.199798 -0.131774 -0.054830 -0.016508 -0.431630 -0.007440 -0.192498 -0.176955 -0.216718 -0.252543 -0.210380 -0.335964 -0.233374 -0.018222 -0.058208 0.041771 0.105656 -0.076637 0.051176 0.187538 -0.033227 0.053723 0.153881 0.228335 0.204518 0.016214 0.123454 -0.138483 -0.163438 -0.101262 -0.227384 0.094893 0.048075 0.196943 0.335124 -0.051859 0.014490 -0.098452 -0.275069 -0.043320 0.015434 -0.078765 -0.207449 -0.252079 -0.112889 -0.068081 -0.141885 -0.243823 -0.031402
0.032302 -0.016895 0.342025 -0.077768 0.495961 0.589421 0.515724 0.488542 0.575719 1.000000 0.332360 0.263058 0.585313 0.569048 0.251091 0.634127 -0.093748 -0.082784 -0.009421 -0.153276 0.249229 -0.259966 -0.168328 0.150641 -0.120690 -0.177960 0.126556 -0.299549 -0.224417 -0.114199 -0.326247 -0.308662 -0.001738 0.101958 -0.210462 0.033691 -0.147070 -0.311297 0.018653 -0.206225 -0.252184 -0.017150 -0.319090 -0.392141 -0.182589 -0.211848 -0.235725 -0.267664 -0.062535 -0.074739 -0.122958 -0.142096 0.142303 -0.038642 -0.160092 -0.239238 -0.251530 -0.244446 0.571843 0.205293 0.558611 0.466353 -0.134206 -0.151283 0.345050 0.417084 -0.052250 -0.039765 -0.160469 0.054949 0.011866 -0.290804 -0.211861 -0.264581 -0.189068 -0.125570 -0.131437 -0.103490 -0.349630 -0.183451 -0.091907 -0.186407 -0.062849 0.214846 -0.031537 0.031864 -0.073358 -0.175723 0.238971 0.175499 0.367835 0.194774 0.311029 0.227558 -0.204143 -0.068460 -0.191621 -0.225403 -0.208719 -0.296319 0.363433 0.275649 -0.076505 -0.084669 -0.180934 -0.315043 -0.212594 -0.110324 -0.189646 0.032372 -0.254261 -0.234613 -0.182261 -0.112548 -0.257474 -0.236865
0.484368 0.039000 0.385306 0.163325 0.109471 0.052257 0.530259 0.212728 0.194248 0.332360 1.000000 0.418811 0.799074 0.397829 0.740472 0.440510 0.357854 0.038169 0.290928 0.127814 -0.005325 -0.302663 0.335038 0.276470 -0.199238 -0.349252 0.089602 -0.131832 0.272797 0.127181 -0.048342 -0.161152 -0.162824 -0.117729 -0.257014 -0.215940 -0.097016 -0.332073 -0.223126 -0.410172 -0.017531 -0.033590 -0.287994 -0.342476 -0.339537 -0.395419 -0.416652 -0.404813 -0.293279 -0.285768 -0.184685 -0.256756 0.002499 -0.137913 -0.226678 -0.446738 -0.088345 -0.192143 0.311368 -0.263423 0.465980 0.234989 -0.033226 -0.003193 0.458733 0.113220 -0.503238 -0.292420 -0.124370 -0.204275 0.048124 -0.246857 0.067384 0.011542 0.103189 0.263853 0.201010 0.011496 -0.120813 0.114737 0.028717 -0.030046 0.404879 0.187484 0.463091 0.111512 0.123802 -0.211431 0.458794 0.130213 0.260805 0.155184 0.292999 0.336715 -0.253217 -0.227473 -0.470431 -0.317635 -0.172950 -0.357900 0.158159 0.231556 -0.148041 -0.149727 -0.393010 -0.171793 -0.098216 -0.034487 -0.245173 -0.028682 -0.205544 -0.151177 -0.111176 -0.015481 -0.108075 -0.013344
0.252644 0.062222 0.552853 0.603126 -0.161149 0.133354 0.262424 0.677342 0.057650 0.263058 0.418811 1.000000 0.367288 0.356908 0.162992 0.370411 -0.175338 -0.162263 0.420240 -0.014368 -0.032980 0.078571 0.313962 0.536881 -0.099134 -0.176043 -0.118348 0.147094 -0.184734 -0.095941 0.180641 0.244880 -0.363382 0.209193 0.109762 -0.077417 -0.372731 -0.086230 -0.364378 -0.313757 -0.142622 -0.280547 -0.131707 0.018054 -0.489865 -0.256545 -0.428718 -0.286132 -0.506534 -0.544675 -0.363523 -0.535336 -0.488831 -0.513918 -0.413218 -0.465188 -0.294539 -0.282502 0.104568 -0.443992 0.045544 -0.135151 -0.439895 -0.430016 0.535085 0.594554 -0.357948 0.140261 -0.280960 -0.174716 -0.009089 0.098368 -0.189864 0.095046 0.104338 0.278831 0.389426 0.371506 -0.223681 -0.155076 -0.273462 -0.356526 -0.204063 -0.038345 0.254798 0.057944 -0.139709 -0.139422 0.373755 -0.176415 0.280524 0.188384 0.548916 0.342420 0.142995 -0.015552 -0.096548 0.030596 -0.515838 -0.280953 0.129713 0.058907 0.107811 -0.081375 0.092323 0.017327 -0.282768 -0.201776 -0.225116 0.343660 0.077255 -0.207022 -0.012614 0.285211 -0.125529 -0.154031
0.437438 0.170039 0.465706 -0.009134 0.335407 0.172281 0.660498 0.380692 0.467747 0.585313 0.799074 0.367288 1.000000 0.668775 0.585109 0.484044 0.282325 0.036712 0.155458 0.050316 -0.009574 -0.445322 -0.027593 0.075461 -0.227610 -0.474208 -0.021875 -0.408979 0.083517 -0.005459 -0.317843 -0.402361 -0.059684 -0.018291 -0.297985 -0.113984 -0.066996 -0.276937 -0.029258 -0.367972 -0.150216 0.047060 -0.418165 -0.487523 -0.377086 -0.422185 -0.442475 -0.433160 -0.270994 -0.259645 -0.334146 -0.299399 0.103626 -0.138432 -0.133479 -0.341277 -0.177361 -0.210013 0.610913 -0.014763 0.742666 0.457493 -0.045517 -0.043385 0.391808 0.301937 -0.362886 -0.211639 -0.102732 -0.075252 0.025121 -0.422511 0.030575 -0.128009 -0.010393 0.057441 0.105783 0.002984 -0.184757 0.005085 0.017721 -0.037567 0.198699 0.093003 0.287747 0.071122 0.069795 -0.293379 0.375376 0.347519 0.339396 0.177309 0.312481 0.354566 -0.227575 -0.236490 -0.378941 -0.391555 -0.159874 -0.306403 0.364619 0.399281 -0.098255 -0.135397 -0.324090 -0.375298 -0.068173 0.000092 -0.219200 -0.046831 -0.319722 -0.263191 -0.168349 -0.141462 -0.220327 -0.082794
0.251993 0.299484 0.186375 -0.096835 0.231756 0.038482 0.449739 0.550305 0.375097 0.569048 0.397829 0.356908 0.668775 1.000000 0.177019 0.485995 0.239537 0.363768 -0.113524 0.158780 -0.119670 -0.363464 -0.364706 -0.094568 -0.221544 -0.442326 -0.261015 -0.537752 0.027634 0.180577 -0.398056 -0.405462 0.015566 0.176366 -0.271061 -0.040821 -0.048547 -0.230001 -0.096378 -0.325677 0.030174 -0.083229 -0.447678 -0.408435 -0.302000 -0.356406 -0.307661 -0.330048 -0.218339 -0.209608 -0.340990 -0.280053 0.170813 -0.060623 0.089869 -0.102249 -0.166798 -0.149367 0.424764 0.156029 0.626755 0.680821 0.112495 0.091441 0.067483 0.355365 -0.297596 -0.166409 -0.113048 -0.024460 -0.160793 -0.330326 0.098605 -0.099775 -0.013426 0.031736 0.075438 0.038013 0.040726 0.132734 0.108714 0.021972 -0.059371 -0.016316 0.066993 0.004942 -0.089218 -0.305528 0.107782 0.391448 0.289935 -0.079915 0.192024 0.026702 -0.149891 -0.145363 -0.185081 -0.230363 -0.045689 -0.199932 0.486696 0.287339 -0.032605 -0.149977 -0.228449 -0.225398 0.008830 0.076377 -0.178701 0.065944 -0.253219 -0.270524 -0.185436 -0.046372 -0.143654 -0.104241
0.333997 -0.081044 0.261695 0.028852 0.179570 -0.010977 0.434164 0.008574 0.235589 0.251091 0.740472 0.162992 0.585109 0.177019 1.000000 0.513310 0.271171 -0.123664 0.156414 -0.005804 -0.024713 -0.355888 0.373456 0.193340 -0.110836 -0.276976 0.169604 -0.092769 0.211273 0.038220 -0.019093 -0.210351 0.044751 -0.212123 -0.200059 -0.110711 -0.096718 -0.373424 -0.144697 -0.437988 -0.232482 0.166744 -0.286822 -0.375579 -0.050574 -0.196455 -0.243916 -0.276819 -0.006974 0.007896 0.085430 0.044074 0.157742 0.097385 -0.116801 -0.245280 -0.048073 -0.186798 0.218400 -0.141889 0.307888 0.126508 0.084226 0.013677 0.395333 -0.090931 -0.311885 -0.261111 -0.065832 -0.147369 0.031666 -0.344789 -0.056116 -0.054127 0.053013 0.051853 0.025221 -0.181240 -0.183474 -0.007178 0.133996 0.039958 0.615154 0.209151 0.491885 0.286503 0.315470 -0.221569 0.387056 0.259737 0.110833 0.109965 0.100075 0.240200 -0.330495 -0.174596 -0.451854 -0.355339 0.036656 -0.279469 0.104312 0.109271 -0.262197 -0.106080 -0.423618 -0.126284 -0.220456 -0.129460 -0.332654 -0.126505 -0.260275 -0.207652 -0.131580 -0.189286 -0.241255 -0.113628
0.034252 -0.054328 0.216410 0.180176 0.091071 0.278224 0.234685 0.343259 0.143023 0.634127 0.440510 0.370411 0.484044 0.485995 0.513310 1.000000 -0.081011 -0.058674 -0.046591 -0.148064 0.084731 -0.207806 0.166392 0.235363 -0.113800 -0.168797 0.160035 -0.032785 -0.081395 0.014567 -0.147043 -0.140058 -0.058366 -0.052496 -0.164420 -0.036868 -0.108274 -0.193752 -0.153802 -0.216892 -0.097968 0.043076 -0.192444 -0.211378 -0.131770 -0.138113 -0.216829 -0.183645 -0.103696 -0.098605 -0.032538 -0.148679 0.026957 -0.057353 -0.076473 -0.194979 -0.222105 -0.299939 0.370699 0.002071 0.353625 0.320485 -0.041425 -0.091736 0.341402 0.326947 -0.220490 -0.079106 -0.152437 -0.075558 -0.094562 -0.167474 -0.184057 -0.166065 -0.014887 0.012694 0.080121 -0.044583 -0.201502 -0.031395 0.010556 -0.124114 0.069570 0.265628 0.216999 0.145789 -0.057162 -0.170264 0.346552 0.212090 0.176737 0.050051 0.315464 0.173687 -0.212500 -0.030944 -0.201452 -0.225475 -0.254411 -0.430154 0.324412 0.008966 -0.137650 -0.148702 -0.156227 -0.148524 -0.260589 -0.220794 -0.295581 0.190542 -0.175793 -0.334493 -0.147106 -0.046596 -0.233910 -0.349959
0.508513 0.394104 -0.284928 -0.346699 0.158699 -0.375436 0.087846 -0.234626 0.074162 -0.093748 0.357854 -0.175338 0.282325 0.239537 0.271171 -0.081011 1.000000 0.643717 -0.075467 0.484478 -0.349289 -0.437791 -0.311828 -0.401562 -0.322214 -0.484223 -0.285072 -0.511959 0.436226 0.401477 -0.367494 -0.469923 0.171284 -0.204827 -0.547820 -0.412120 0.394144 -0.093438 0.000117 -0.175176 0.137746 0.186415 -0.377103 -0.466538 -0.149847 -0.474984 -0.091079 -0.271642 0.015021 0.013453 -0.120637 0.055676 0.442391 0.331788 0.224869 0.142620 0.627163 0.484197 -0.085303 0.123688 0.316757 0.376536 0.670794 0.681431 -0.384730 -0.469300 -0.208442 -0.578514 0.345868 0.125885 -0.088010 -0.355777 0.436174 0.244457 0.235362 0.126132 0.024907 -0.174705 0.566490 0.602092 0.646302 0.642412 0.466341 0.071000 0.280281 0.180130 0.216752 -0.260763 -0.184293 0.373869 -0.041952 -0.151196 -0.266789 -0.247566 -0.256196 -0.296769 -0.406839 -0.204259 0.350555 0.147870 0.132609 0.172620 -0.054328 -0.177007 -0.448038 -0.117209 0.191699 0.125671 -0.082880 -0.331776 -0.327747 0.091300 -0.150501 -0.160603 -0.060263 0.221837
0.273250 0.487244 -0.425468 -0.254195 0.067879 -0.266299 -0.126908 -0.134607 0.030932 -0.082784 0.038169 -0.162263 0.036712 0.363768 -0.123664 -0.058674 0.643717 1.000000 -0.227417 0.481678 -0.271245 -0.179817 -0.360952 -0.391779 -0.317404 -0.393646 -0.353312 -0.384031 0.366079 0.492286 -0.347934 -0.331760 0.104963 -0.037460 -0.435866 -0.364571 0.314288 0.055349 0.072238 0.077829 0.242382 0.028611 -0.208529 -0.200066 -0.071317 -0.352908 0.040879 -0.115237 -0.037314 0.008949 -0.159414 -0.001149 0.315331 0.240928 0.310480 0.218268 0.457096 0.429454 -0.208014 0.133771 0.210062 0.475336 0.612513 0.716640 -0.486088 -0.305580 -0.312494 -0.544738 0.231823 -0.009197 -0.177201 -0.171368 0.400880 0.169703 0.205598 0.081398 0.045879 -0.074336 0.601974 0.652867 0.497565 0.562493 -0.004356 0.106760 -0.039548 0.032988 -0.137597 -0.070017 -0.326434 0.264338 -0.077461 -0.296583 -0.276692 -0.446232 -0.097234 -0.089043 -0.162166 -0.087718 0.305225 0.138455 0.142858 0.049194 0.003273 -0.198088 -0.210179 -0.001375 0.201577 0.148245 -0.044512 -0.073043 -0.224469 0.055549 -0.085806 0.002501 0.052765 0.118151
0.429966 -0.170891 0.604926 0.360406 -0.069841 0.026345 0.432900 0.265724 0.080511 -0.009421 0.290928 0.420240 0.155458 -0.113524 0.156414 -0.046591 -0.075467 -0.227417 1.000000 0.106878 0.064835 0.137951 0.390447 0.414928 -0.042903 -0.046082 0.008448 0.120995 0.073512 0.004575 0.302566 0.325387 -0.085200 0.107853 0.098555 -0.194412 -0.211669 -0.073813 -0.198872 -0.225432 -0.069702 -0.127727 -0.106989 -0.006661 -0.438437 -0.408323 -0.273779 -0.263548 -0.395059 -0.478616 -0.377180 -0.400453 -0.393032 -0.332856 -0.309187 -0.267752 -0.205976 -0.224717 0.035564 -0.523698 0.084898 -0.416391 -0.372093 -0.384303 0.369002 0.038058 -0.146122 -0.099365 -0.244153 -0.383976 0.304872 0.180981 0.062016 0.363852 0.327912 0.500306 0.437408 0.293760 -0.322263 -0.243472 -0.384673 -0.357361 -0.056988 -0.055281 0.096411 -0.173921 0.109946 -0.076385 0.214127 -0.286138 0.326204 0.397699 0.354860 0.429394 0.048692 0.205390 -0.093261 0.011515 -0.219303 0.081192 -0.110983 0.295787 0.197281 0.226321 0.131122 0.115434 -0.024076 -0.069255 0.032705 0.150067 0.081000 0.062565 0.164581 0.311315 0.122526 0.055996
0.496903 0.574285 -0.327960 -0.107523 -0.003548 -0.308289 -0.136999 -0.163433 -0.146607 -0.153276 0.127814 -0.014368 0.050316 0.158780 -0.005804 -0.148064 0.484478 0.481678 0.106878 1.000000 -0.312096 -0.041990 -0.283081 -0.249597 -0.290267 -0.406454 -0.396609 -0.401229 0.183437 0.235069 -0.303341 -0.264277 -0.065159 0.070961 -0.298485 -0.301422 0.195196 0.032748 -0.285730 -0.160325 0.079587 -0.120335 -0.288203 -0.353308 -0.257718 -0.376909 -0.210306 -0.306495 -0.250622 -0.242491 -0.373981 -0.218061 0.125172 0.036031 -0.073988 -0.110648 0.370866 0.387449 -0.207392 -0.105842 0.167430 0.294899 0.410215 0.525520 -0.374758 -0.267941 -0.282237 -0.352588 0.328102 0.276679 0.074721 -0.030088 0.178606 0.343132 0.337203 0.293184 0.203317 0.187173 0.417102 0.480008 0.300869 0.387207 0.124239 -0.052733 0.055198 -0.060664 0.114169 -0.187254 -0.294366 0.074080 0.297462 0.138722 0.081551 0.059613 0.022928 0.033110 -0.245365 0.123498 0.258380 0.349800 0.079777 0.333909 0.281296 0.177472 -0.068529 -0.158717 0.086400 -0.072981 0.000911 -0.095539 -0.071578 0.355158 0.239726 0.190393 0.082819 0.047063
-0.309855 -0.349380 0.196154 0.097934 0.192657 0.506343 0.087666 0.018013 0.084061 0.249229 -0.005325 -0.032980 -0.009574 -0.119670 -0.024713 0.084731 -0.349289 -0.271245 0.064835 -0.312096 1.000000 0.314191 0.234364 0.225065 0.286240 0.493427 0.508403 0.357292 -0.033370 -0.080201 0.216050 0.270284 -0.112759 0.017114 0.195599 0.257888 -0.180434 -0.060128 0.150004 0.158842 -0.059646 0.003014 0.139896 0.128258 0.032742 0.166828 -0.053658 0.005945 -0.007318 -0.037866 0.180356 -0.049444 -0.100729 -0.119931 -0.092102 -0.170817 -0.234040 -0.250674 0.168306 -0.070095 -0.005048 -0.086592 -0.331373 -0.291272 0.280787 0.157095 0.088272 0.141916 -0.119014 -0.118730 0.366704 0.194687 -0.095696 -0.124029 -0.195797 0.027223 -0.070917 -0.033353 -0.333324 -0.185280 -0.312224 -0.332614 -0.073127 0.301929 -0.054274 -0.090132 -0.114876 0.141014 0.239124 -0.186537 -0.049515 -0.020820 -0.020353 -0.009575 0.139893 0.160600 0.099610 0.003703 -0.076462 -0.248251 -0.075889 -0.124605 -0.065865 -0.082366 0.035599 -0.065766 -0.147137 -0.166896 -0.015091 0.158039 0.097858 0.062245 0.031617 -0.041738 0.021961 -0.108815
-0.327735 -0.303274 0.042450 0.374083 -0.205924 0.193792 -0.255822 0.005556 -0.223571 -0.259966 -0.302663 0.078571 -0.445322 -0.363464 -0.355888 -0.207806 -0.437791 -0.179817 0.137951 -0.041990 0.314191 1.000000 0.307180 0.349254 0.397183 0.590392 0.117598 0.596831 0.005561 0.048324 0.573904 0.659245 -0.245208 0.298737 0.403607 0.247633 -0.367330 0.162478 -0.203193 0.158400 0.007015 -0.371332 0.267138 0.411501 -0.062378 0.241611 0.106068 0.199238 -0.201373 -0.217288 -0.086979 -0.227778 -0.478686 -0.310209 -0.319921 -0.076640 -0.320677 -0.310188 -0.328722 -0.261921 -0.409477 -0.353751 -0.365557 -0.294288 0.085217 0.138210 0.125955 0.335490 -0.196576 -0.174795 0.074299 0.598380 0.038959 0.158834 0.102166 0.279497 0.162506 0.419541 -0.166972 -0.069862 -0.466551 -0.416240 -0.212899 0.154224 -0.222161 -0.381400 0.040567 0.120257 -0.054970 -0.576952 -0.090610 0.021006 0.140383 0.030780 0.442595 0.251600 0.422248 0.554600 -0.138398 0.190293 -0.224691 -0.129092 0.175713 0.259219 0.438803 0.227644 -0.098516 -0.105556 0.086860 0.306694 0.511473 0.484244 0.458762 0.392427 0.273998 -0.076690
-0.118045 -0.576344 0.417406 0.617880 -0.298412 0.108170 0.075714 0.059882 -0.222459 -0.168328 0.335038 0.313962 -0.027593 -0.364706 0.373456 0.166392 -0.311828 -0.360952 0.390447 -0.283081 0.234364 0.307180 1.000000 0.786929 0.219822 0.304067 0.331609 0.685990 0.128798 -0.042052 0.652527 0.664318 -0.302692 0.011292 0.282780 -0.004821 -0.270172 -0.031048 -0.209472 -0.100487 -0.031552 -0.134313 0.148791 0.223780 -0.100696 0.068029 -0.157295 -0.063045 -0.243306 -0.230954 0.141504 -0.145248 -0.417685 -0.283490 -0.244053 -0.266062 -0.267856 -0.383698 -0.218302 -0.597663 -0.340776 -0.586285 -0.425412 -0.425128 0.551207 0.014111 -0.259535 0.084106 -0.305102 -0.373237 0.198319 0.366479 -0.064192 0.123316 0.222265 0.328785 0.245108 0.164704 -0.261439 -0.196694 -0.365582 -0.364447 0.057100 0.210038 0.310051 0.002149 0.036567 0.119499 0.587845 -0.297422 0.040651 0.159282 0.288976 0.307445 0.011450 0.035731 -0.099681 -0.025665 -0.284200 -0.214322 -0.246940 -0.246599 -0.046710 -0.029388 0.075214 0.187525 -0.305247 -0.178360 -0.182060 0.223697 0.174192 -0.048619 0.105354 0.164455 -0.056073 -0.182444
-0.179006 -0.597306 0.612928 0.679379 -0.235018 0.265767 0.278532 0.451965 -0.001018 0.150641 0.276470 0.536881 0.075461 -0.094568 0.193340 0.235363 -0.401562 -0.391779 0.414928 -0.249597 0.225065 0.349254 0.786929 1.000000 0.325890 0.354015 0.136488 0.549323 -0.089531 -0.115961 0.663645 0.729389 -0.371371 0.261824 0.359783 0.135849 -0.339541 -0.030520 -0.299155 -0.226213 -0.134378 -0.220027 -0.051210 0.062776 -0.316131 -0.068136 -0.303140 -0.159061 -0.400933 -0.406558 -0.047948 -0.314347 -0.479171 -0.404767 -0.341595 -0.350225 -0.480125 -0.525377 -0.102225 -0.568638 -0.201854 -0.448443 -0.596919 -0.591159 0.636023 0.256103 -0.184142 0.249848 -0.461198 -0.296581 0.163729 0.384801 -0.073474 0.150326 0.246296 0.365090 0.290914 0.337579 -0.435755 -0.330912 -0.547032 -0.591259 -0.144256 0.174000 0.170439 -0.162909 -0.013834 -0.009003 0.620767 -0.348394 0.327654 0.353172 0.541144 0.471847 0.109116 0.031040 -0.060570 0.067100 -0.427890 -0.131803 0.025885 -0.011931 0.160789 0.072909 0.213021 0.052971 -0.350341 -0.224660 -0.205516 0.299501 0.220703 -0.048770 0.165549 0.319689 -0.171396 -0.314562
-0.350538 -0.447802 0.173930 0.085949 -0.092870 0.122272 0.034355 0.030339 -0.122710 -0.120690 -0.199238 -0.099134 -0.227610 -0.221544 -0.110836 -0.113800 -0.322214 -0.317404 -0.042903 -0.290267 0.286240 0.397183 0.219822 0.325890 1.000000 0.675106 0.293875 0.394832 -0.060202 0.018191 0.543462 0.515973 -0.097230 0.119541 0.419456 0.355054 -0.193656 -0.092981 -0.132817 -0.068905 0.042295 -0.057520 0.101199 0.187380 0.090154 0.306796 -0.028149 0.070496 0.047727 -0.019654 0.236555 0.043317 -0.141442 -0.097660 -0.047803 -0.091624 -0.328750 -0.358656 -0.067775 -0.117365 -0.246201 -0.254455 -0.316567 -0.297066 0.140800 -0.007402 0.221626 0.357178 -0.191219 -0.172784 0.137942 0.367575 0.047203 -0.034261 -0.093573 0.082905 -0.002472 0.053207 -0.306887 -0.219692 -0.355459 -0.388122 -0.001580 -0.000326 -0.100063 -0.209261 0.033564 0.081191 0.140924 -0.249903 -0.080651 -0.004789 -0.022980 0.030566 0.259157 0.143798 0.191051 0.209574 -0.049159 0.075600 -0.063312 -0.099443 0.118077 0.177227 0.264245 0.118980 -0.094003 0.023870 -0.009014 0.177252 0.194534 0.132150 0.124584 0.213869 0.018927 -0.200956
-0.593927 -0.517577 0.098787 0.241415 -0.238477 0.255617 -0.158013 0.013125 -0.286228 -0.177960 -0.349252 -0.176043 -0.474208 -0.442326 -0.276976 -0.168797 -0.484223 -0.393646 -0.046082 -0.406454 0.493427 0.590392 0.304067 0.354015 0.675106 1.000000 0.455425 0.688761 -0.121245 -0.110576 0.643290 0.712493 -0.024353 0.251906 0.522171 0.420620 -0.238123 0.047780 -0.051735 0.203179 0.070877 -0.095986 0.290918 0.416077 0.192677 0.453623 0.152007 0.254212 0.085331 0.043092 0.311751 0.085662 -0.300329 -0.163558 -0.115444 -0.029317 -0.284135 -0.285173 -0.300087 -0.119381 -0.540433 -0.414305 -0.440821 -0.438404 0.089336 0.052416 0.367087 0.503790 -0.087455 -0.072383 0.159336 0.494081 -0.046179 -0.047655 -0.090522 0.043713 -0.051485 0.075766 -0.234889 -0.254974 -0.351010 -0.400276 -0.050394 0.154101 -0.084264 -0.161418 -0.042394 0.224957 0.155884 -0.440837 -0.292220 -0.183217 -0.094731 -0.125959 0.273263 0.098229 0.265744 0.221473 -0.188754 -0.069373 -0.205847 -0.313230 0.002578 0.046624 0.171341 0.154043 -0.099794 -0.058507 0.052834 0.136284 0.380820 0.171960 0.065639 0.104464 0.060510 -0.109056
-0.230945 -0.353516 0.188143 0.121243 0.078951 0.459719 0.045339 -0.060585 -0.120431 0.126556 0.089602 -0.118348 -0.021875 -0.261015 0.169604 0.160035 -0.285072 -0.353312 0.008448 -0.396609 0.508403 0.117598 0.331609 0.136488 0.293875 0.455425 1.000000 0.526848 -0.121913 -0.186354 0.207261 0.209752 0.082612 -0.042378 0.150721 0.213988 -0.057396 -0.029526 0.218962 0.246358 -0.055988 0.201567 0.184639 0.160132 0.109809 0.260055 -0.055824 -0.032887 0.088136 0.068873 0.263925 0.057264 -0.107366 -0.042955 -0.021481 -0.136924 -0.126770 -0.210925 0.154693 -0.030388 -0.120760 -0.177011 -0.290306 -0.292533 0.182298 0.031806 0.055414 0.137124 -0.011351 -0.161128 0.261173 0.160604 -0.238094 -0.196559 -0.266264 -0.103720 -0.197136 -0.238211 -0.294583 -0.237909 -0.165808 -0.209308 0.141416 0.285881 0.118336 0.126862 0.008682 0.186790 0.304173 -0.105163 -0.231033 -0.157969 -0.069033 -0.066769 -0.032368 0.004519 -0.033989 -0.147758 -0.170759 -0.439560 -0.199055 -0.288237 -0.385587 -0.116909 -0.213257 0.111637 0.017108 0.080037 -0.075025 0.005344 -0.109860 -0.190487 -0.280929 -0.316303 0.009779 -0.039094
-0.416093 -0.494964 0.193198 0.599098 -0.396486 0.299741 -0.301664 0.038339 -0.387341 -0.299549 -0.131832 0.147094 -0.408979 -0.537752 -0.092769 -0.032785 -0.511959 -0.384031 0.120995 -0.401229 0.357292 0.596831 0.685990 0.549323 0.394832 0.688761 0.526848 1.000000 -0.189010 -0.217553 0.657828 0.748277 -0.200698 0.111158 0.525534 0.292250 -0.290079 0.173959 -0.071365 0.251919 0.019736 -0.182533 0.381821 0.498452 0.085328 0.394489 0.029014 0.211505 -0.092599 -0.120721 0.258540 -0.069600 -0.553064 -0.342899 -0.232218 -0.138434 -0.211100 -0.282796 -0.347473 -0.355568 -0.632917 -0.601271 -0.525646 -0.481290 0.299464 0.177109 0.067840 0.417225 -0.111217 -0.194580 0.102800 0.480110 -0.233871 0.043446 0.009489 0.088566 0.058374 0.162198 -0.246353 -0.275286 -0.353874 -0.419186 -0.097572 0.069722 0.165650 -0.019016 -0.014801 0.262050 0.361442 -0.502395 -0.267916 -0.134607 0.125680 -0.038766 0.279845 0.069891 0.233636 0.273514 -0.399438 -0.221352 -0.351304 -0.491043 -0.106142 -0.052287 0.201492 0.290328 -0.183039 -0.050578 -0.014388 0.237577 0.353337 0.056348 0.059502 0.160214 0.048966 -0.139717
0.219873 -0.054310 -0.206951 -0.158675 0.101369 -0.323378 0.035988 -0.338242 -0.081669 -0.224417 0.272797 -0.184734 0.083517 0.027634 0.211273 -0.081395 0.436226 0.366079 0.073512 0.183437 -0.033370 0.005561 0.128798 -0.089531 -0.060202 -0.121245 -0.121913 -0.189010 1.000000 0.719613 0.102068 -0.022322 -0.027212 -0.191541 -0.344858 -0.407450 0.256428 -0.089517 -0.077100 -0.013781 0.300403 0.196080 -0.065281 -0.115764 -0.054565 -0.252747 0.099226 -0.139800 0.006737 0.023450 -0.093719 0.004291 0.219976 0.234529 0.176451 0.120015 0.098246 -0.020789 -0.161362 -0.144025 0.124136 0.067002 0.418640 0.387184 -0.190027 -0.464519 -0.302414 -0.528876 -0.129526 -0.296353 0.043436 0.097053 0.635045 0.202251 0.371877 0.334042 0.127078 -0.167098 0.424895 0.421434 0.183293 0.338239 0.306628 0.444514 -0.067979 -0.054456 0.028372 0.033545 -0.148361 0.043633 -0.181613 -0.193331 -0.273256 -0.184365 -0.106565 -0.044684 -0.145978 -0.152715 0.298389 -0.011819 0.014431 0.036523 -0.048195 -0.020556 -0.115192 0.213497 0.220706 0.175480 0.100140 -0.153203 -0.107357 0.080638 0.012320 -0.114415 0.409271 0.340762
0.214010 0.017860 -0.291721 -0.224472 0.014395 -0.259369 -0.037244 -0.190380 -0.077271 -0.114199 0.127181 -0.095941 -0.005459 0.180577 0.038220 0.014567 0.401477 0.492286 0.004575 0.235069 -0.080201 0.048324 -0.042052 -0.115961 0.018191 -0.110576 -0.186354 -0.217553 0.719613 1.000000 0.089465 0.017040 0.119127 0.050761 -0.286632 -0.286080 0.270053 0.057552 -0.093587 -0.090847 0.290087 0.115839 -0.118251 -0.052096 -0.157811 -0.288190 -0.006021 -0.141080 -0.043654 -0.062180 -0.292549 -0.141920 0.034639 0.074220 0.116020 0.161439 0.164563 0.077186 -0.252275 -0.111699 0.106066 0.112303 0.384015 0.406300 -0.322878 -0.347295 -0.290584 -0.481355 -0.062208 -0.358486 -0.015686 0.096139 0.694344 0.455076 0.426544 0.462467 0.365385 0.070196 0.341198 0.484031 0.175758 0.254142 0.118975 0.208586 -0.190286 -0.177769 -0.027012 -0.080494 -0.291473 -0.122755 -0.159446 -0.163337 -0.133209 -0.157650 0.007986 0.084389 0.047591 0.059127 0.223824 0.170616 0.081947 0.003697 0.125187 0.105408 0.035156 0.318132 0.210823 0.230896 0.004804 -0.032052 0.026200 0.173894 0.134867 0.157181 0.335483 0.244194
-0.324599 -0.598535 0.342412 0.487171 -0.385401 -0.006900 0.059686 0.139796 -0.254293 -0.326247 -0.048342 0.180641 -0.317843 -0.398056 -0.019093 -0.147043 -0.367494 -0.347934 0.302566 -0.303341 0.216050 0.573904 0.652527 0.663645 0.543462 0.643290 0.207261 0.657828 0.102068 0.089465 1.000000 0.903514 -0.078759 0.368864 0.508424 0.299481 -0.282464 -0.003624 -0.233761 -0.050352 -0.033905 -0.048958 0.112421 0.310354 -0.055865 0.199684 -0.104689 -0.024686 -0.216046 -0.204623 0.089047 -0.158835 -0.480311 -0.306575 -0.242432 -0.223027 -0.344064 -0.430877 -0.359872 -0.436917 -0.483507 -0.579282 -0.428013 -0.457145 0.300812 -0.026264 0.055167 0.327024 -0.272916 -0.383867 0.161946 0.581229 0.108669 0.243477 0.245211 0.343184 0.301518 0.283352 -0.268259 -0.272042 -0.437805 -0.469270 -0.009188 0.143931 0.073587 -0.213340 0.011755 0.059682 0.311627 -0.474657 -0.103805 0.078721 0.173194 0.174512 0.167499 0.089706 0.048458 0.136101 -0.275446 -0.015580 -0.190943 -0.155930 0.091585 0.138600 0.247030 0.292535 -0.169448 -0.130012 -0.096130 0.176777 0.280347 0.112690 0.139280 0.294659 0.037229 -0.144064
-0.399248 -0.596596 0.362803 0.600570 -0.437885 0.068810 -0.065292 0.220324 -0.356872 -0.308662 -0.161152 0.244880 -0.402361 -0.405462 -0.210351 -0.140058 -0.469923 -0.331760 0.325387 -0.264277 0.270284 0.659245 0.664318 0.729389 0.515973 0.712493 0.209752 0.748277 -0.022322 0.017040 0.903514 1.000000 -0.223727 0.399287 0.583863 0.256851 -0.291954 0.153497 -0.225559 0.068675 0.073889 -0.203762 0.165646 0.390450 -0.179410 0.150481 -0.126504 0.020691 -0.330580 -0.347489 0.013913 -0.273503 -0.598115 -0.445922 -0.247132 -0.194725 -0.361454 -0.379170 -0.427837 -0.523491 -0.539840 -0.639453 -0.556388 -0.523097 0.301422 0.103961 0.067224 0.402478 -0.299602 -0.305945 0.170960 0.649845 0.058407 0.243774 0.256046 0.403821 0.365579 0.427924 -0.249821 -0.235584 -0.533763 -0.532720 -0.199256 0.116583 0.006050 -0.297649 -0.094608 0.101692 0.331215 -0.548470 -0.024245 0.093961 0.282706 0.180078 0.287735 0.163559 0.181746 0.269436 -0.367354 0.025260 -0.188004 -0.182949 0.212947 0.174108 0.366633 0.303943 -0.145067 -0.114680 -0.025420 0.313459 0.419674 0.166391 0.221629 0.395178 0.065852 -0.167523
-0.059176 0.081794 -0.151908 -0.355668 0.053610 -0.152410 0.095536 -0.158413 0.130475 -0.001738 -0.162824 -0.363382 -0.059684 0.015566 0.044751 -0.058366 0.171284 0.104963 -0.085200 -0.065159 -0.112759 -0.245208 -0.302692 -0.371371 -0.097230 -0.024353 0.082612 -0.200698 -0.027212 0.119127 -0.078759 -0.223727 1.000000 0.301690 0.110952 0.248973 0.197944 -0.014324 0.250529 0.000418 -0.135589 0.399709 -0.256281 -0.258202 0.180819 -0.073377 -0.019604 -0.104198 0.255966 0.278862 0.086965 0.229567 0.225736 0.284460 0.127197 0.124671 0.256225 0.236365 0.131851 0.397813 0.146170 0.199824 0.292632 0.209283 -0.221349 -0.275073 0.303020 -0.102916 0.366596 -0.021916 -0.185062 -0.248614 0.132897 0.050210 0.019041 -0.175031 -0.016039 -0.247318 0.008945 -0.083945 0.343170 0.216251 0.239600 -0.066282 0.124899 0.216467 0.204947 0.000925 -0.220838 0.173520 -0.339596 -0.273000 -0.337119 -0.219005 -0.416326 -0.063398 -0.175875 -0.224398 0.024427 -0.069346 -0.163349 -0.074685 -0.266178 -0.113125 -0.272762 0.103787 0.099861 0.114021 0.058195 -0.377441 -0.227292 -0.124947 -0.316083 -0.345017 -0.076480 0.108413
-0.186871 -0.105937 0.296783 0.188555 -0.158388 0.057658 0.216023 0.471178 -0.033629 0.101958 -0.117729 0.209193 -0.018291 0.176366 -0.212123 -0.052496 -0.204827 -0.037460 0.107853 0.070961 0.017114 0.298737 0.011292 0.261824 0.119541 0.251906 -0.042378 0.111158 -0.191541 0.050761 0.368864 0.399287 0.301690 1.000000 0.446901 0.485680 -0.205267 0.014768 -0.132165 -0.109308 -0.089170 -0.056886 -0.273664 -0.080811 -0.283545 -0.021650 -0.323800 -0.251957 -0.393252 -0.376278 -0.337754 -0.468790 -0.376806 -0.429922 -0.250108 -0.212500 -0.230089 -0.228690 -0.013798 -0.114941 -0.023559 -0.005699 -0.303298 -0.262772 0.149461 0.275195 0.137625 0.404710 0.000479 0.015681 -0.147499 0.233963 -0.030953 0.187421 0.165927 0.150583 0.295454 0.440238 -0.144413 -0.174993 -0.274358 -0.341526 -0.088768 0.026771 -0.087415 -0.321809 -0.048166 -0.148307 0.104286 -0.194875 0.099574 0.012658 0.251010 0.138486 -0.000637 0.009042 0.020629 0.040117 -0.339955 0.012051 0.043113 0.108537 0.099382 0.125836 0.087407 -0.002425 -0.094328 -0.046650 0.013486 0.031230 0.211026 0.077384 0.070683 0.184215 -0.059134 -0.037834
-0.398437 -0.365735 0.266030 0.336365 -0.372036 0.042186 -0.057140 0.213935 -0.248165 -0.210462 -0.257014 0.109762 -0.297985 -0.271061 -0.200059 -0.164420 -0.547820 -0.435866 0.098555 -0.298485 0.195599 0.403607 0.282780 0.359783 0.419456 0.522171 0.150721 0.525534 -0.344858 -0.286632 0.508424 0.583863 0.110952 0.446901 1.000000 0.703785 -0.297881 0.187619 -0.076644 0.076544 -0.014295 -0.151550 0.099793 0.238222 -0.085910 0.269746 -0.216241 0.067089 -0.253676 -0.270927 0.009459 -0.233098 -0.550291 -0.457738 -0.270340 -0.251619 -0.363494 -0.285374 -0.098560 -0.241434 -0.317054 -0.359938 -0.537313 -0.526375 0.396790 0.322620 0.304980 0.667655 -0.139514 -0.124976 -0.170343 0.216152 -0.203532 0.005116 -0.010800 0.018069 0.219379 0.380605 -0.383891 -0.444059 -0.475312 -0.579968 -0.117822 -0.154856 0.009123 -0.231698 0.053005 0.081287 0.234776 -0.385817 -0.055659 0.017485 0.203320 0.180802 0.234396 0.229758 0.288218 0.294085 -0.404456 -0.030336 -0.207968 -0.193498 0.089760 0.145651 0.308953 0.201517 -0.071772 0.069291 0.207472 0.204817 0.487665 0.024643 0.094792 0.170718 0.093873 -0.068923
-0.435627 -0.295686 0.170304 0.147276 -0.155198 0.206468 0.068787 0.235896 -0.032382 0.033691 -0.215940 -0.077417 -0.113984 -0.040821 -0.110711 -0.036868 -0.412120 -0.364571 -0.194412 -0.301422 0.257888 0.247633 -0.004821 0.135849 0.355054 0.420620 0.213988 0.292250 -0.407450 -0.286080 0.299481 0.256851 0.248973 0.485680 0.703785 1.000000 -0.220323 0.065751 0.095039 0.007981 -0.119505 0.056454 -0.068550 0.028430 0.078424 0.427013 -0.188982 0.015128 -0.113024 -0.066486 0.046804 -0.108788 -0.261076 -0.247898 -0.076175 -0.163217 -0.371311 -0.339473 0.175666 0.088753 -0.096962 -0.005404 -0.326144 -0.409512 0.273368 0.328209 0.375986 0.677346 -0.071799 0.003149 -0.249714 0.019026 -0.187072 -0.140601 -0.159334 -0.180801 -0.021349 0.174990 -0.415224 -0.431309 -0.327715 -0.502644 0.049867 -0.103413 -0.001303 -0.200438 0.133024 0.073672 0.210143 -0.130671 -0.020152 -0.056558 0.116133 0.080148 0.143024 0.114504 0.191534 0.123623 -0.165448 -0.071876 0.023192 -0.153366 -0.146225 0.078344 0.097070 0.009160 -0.183869 -0.029621 0.025565 0.060474 0.253412 -0.020078 -0.016231 -0.053412 -0.124099 -0.063291
