1.000000 0.099392 0.371478 -0.133828 0.001798 0.000786 0.141059 -0.050009 -0.022377 -0.255644 0.470115 0.253509 0.238484 0.033652 0.173428 -0.147897 0.146652 -0.140939 0.345772 0.097826 -0.240471 -0.215620 0.132891 -0.075210 0.136093 -0.035542 -0.087655 0.176216 0.029971 -0.255267 -0.039634 -0.124490 0.173285 -0.010833 -0.055260 -0.254331 -0.045271 -0.008792 0.170840 -0.021985 0.079707 -0.047712 0.182956 0.326427 0.065303 -0.098007 -0.127032 -0.044563 0.001796 -0.076634 -0.117488 -0.182546 -0.225149 -0.276780 -0.237920 -0.049055 -0.009420 -0.193156 0.300323 -0.323609 0.122928 -0.419016 -0.094990 -0.394974 0.132435 0.048683 0.169528 -0.021521 0.104920 -0.116064 0.129808 -0.173686 0.080377 0.277839 0.264846 0.165003 0.222187 0.112138 0.024979 0.009579 -0.210250 -0.253929 -0.187909 -0.318514 -0.106371 -0.188873 -0.162903 -0.309800 -0.096406 -0.506078 -0.018768 0.361026 -0.028716 0.334649 0.059878 -0.044704 0.077392 -0.075736 -0.159520 0.098262 0.053626 0.561583 -0.121432 0.220864 -0.015490 0.019410 0.181424 0.125694 0.075123 0.103988 0.091260 -0.094353 0.177540 0.149151 0.078008 0.013267
0.099392 1.000000 -0.393988 -0.069647 -0.124969 0.067582 -0.284127 0.089860 -0.071842 -0.021781 0.002384 0.141704 -0.294091 0.115856 -0.359077 -0.152299 0.386255 0.150539 -0.177646 0.211896 -0.318342 -0.220026 -0.347147 -0.180735 -0.304181 -0.123210 -0.261038 -0.017470 -0.355706 -0.072714 -0.479191 -0.399871 0.228289 -0.118423 -0.171712 -0.316185 -0.077205 -0.146190 -0.074673 0.177083 -0.098784 0.105962 -0.224449 -0.151996 -0.042954 -0.220468 0.073028 0.059669 0.075944 0.163122 0.030281 0.144666 -0.038535 0.038186 0.013736 0.137862 0.575200 0.508715 0.117004 0.363852 0.071527 0.328138 0.089899 0.135225 -0.293050 0.086667 -0.031471 -0.166940 0.499363 0.259563 -0.104174 -0.306478 -0.164115 -0.103479 0.017219 -0.208259 -0.393887 -0.339658 -0.063009 -0.051801 0.232782 0.064076 -0.184991 -0.271724 0.034635 -0.008367 0.159009 0.157813 -0.165290 -0.058566 0.208855 -0.054917 0.183395 -0.075369 -0.137383 0.198061 0.067551 0.112414 0.183974 0.180492 0.307558 0.015325 0.247605 -0.069779 -0.013997 -0.314093 0.113157 0.056492 0.180375 -0.058237 -0.372838 0.006431 0.203419 0.028117 -0.242540 -0.191792
0.371478 -0.393988 1.000000 0.424590 0.288156 0.026206 0.775847 0.388444 0.413033 0.254551 0.442028 0.289707 0.579339 0.236728 0.567282 0.290959 -0.339104 -0.396218 0.268655 -0.217228 0.102000 -0.013521 0.744421 0.652538 0.388157 0.376619 0.177429 0.146839 0.021261 -0.249308 0.473956 0.424266 -0.150378 0.234904 0.035954 0.293383 -0.219245 -0.140237 -0.106770 -0.182177 -0.015664 -0.052885 -0.151857 0.022457 -0.355263 -0.050806 -0.390918 -0.179242 -0.382554 -0.416658 -0.362359 -0.383983 -0.351362 -0.415131 -0.335460 -0.255195 -0.516026 -0.569233 0.166835 -0.526094 0.185611 -0.181082 -0.487051 -0.475546 0.510533 0.116492 -0.108517 0.084969 -0.516262 -0.292045 0.148917 0.136412 -0.090046 0.254292 0.241581 0.248955 0.196971 0.033285 -0.232519 -0.224323 -0.499453 -0.457352 0.011856 -0.116572 -0.031417 -0.199018 -0.023374 -0.063223 0.400121 -0.188020 -0.009004 0.504941 0.236767 0.524264 -0.018001 -0.370201 -0.271163 -0.395473 -0.263686 -0.256503 -0.031348 0.202520 -0.260922 -0.148355 -0.137354 0.178763 -0.183742 -0.220938 -0.099601 -0.012697 0.173795 -0.146048 -0.045461 -0.135263 -0.095174 0.222877
-0.133828 -0.069647 0.424590 1.000000 0.145558 0.013213 0.476367 0.809312 0.292462 0.432923 0.341600 0.511200 0.377105 0.487811 0.325236 0.208184 -0.297970 -0.438643 0.082487 -0.169996 -0.005479 0.196717 0.453183 0.734981 0.089615 0.192790 -0.055852 0.005177 -0.145149 -0.289945 0.201638 0.407339 -0.407860 0.202974 0.035172 0.294185 -0.391785 -0.243352 -0.455307 -0.257813 -0.071616 -0.031419 -0.345000 -0.160494 -0.309373 0.171322 -0.362539 -0.173288 -0.428716 -0.405780 -0.463879 -0.435708 -0.474492 -0.386344 -0.329365 -0.288122 -0.385359 -0.435016 0.012122 -0.301446 0.192113 0.269077 -0.503132 -0.215341 0.442115 0.459263 -0.331320 0.194196 -0.362555 -0.200612 -0.024425 0.215348 -0.307216 0.134297 0.102491 0.172567 -0.116560 0.060618 -0.228240 -0.342011 -0.508671 -0.604027 0.075946 -0.076532 -0.148915 -0.015483 0.087795 0.236250 0.464033 0.078921 0.303243 0.366790 0.597721 0.480923 -0.127679 -0.319398 -0.417813 -0.336448 -0.236493 -0.239070 0.248126 -0.170750 -0.015797 -0.295861 -0.025588 0.106544 -0.282020 -0.417550 -0.145384 -0.018615 -0.015720 -0.178305 -0.007404 -0.113497 -0.110185 0.219952
0.001798 -0.124969 0.288156 0.145558 1.000000 -0.064295 0.351073 0.124688 0.726103 0.469592 0.016282 0.045645 0.210980 0.054240 0.508447 0.351015 -0.220386 -0.236653 0.235632 0.076705 0.258670 -0.140556 0.138665 0.288337 -0.224660 -0.104733 0.175900 -0.123795 0.069166 -0.133781 0.018417 -0.091192 -0.202128 -0.112614 -0.080373 0.126040 -0.257087 -0.367145 -0.028716 -0.201165 -0.222344 -0.217696 -0.076973 -0.188872 -0.060341 -0.042128 0.124477 -0.030346 -0.116415 0.070758 -0.134401 0.182237 -0.052873 0.154568 -0.189836 0.006898 -0.271857 -0.222745 0.091123 -0.127240 0.061326 0.087364 -0.079635 -0.053918 0.033926 -0.194240 -0.213745 -0.108797 -0.274077 -0.098968 0.111038 -0.059933 0.038397 -0.055809 -0.027361 0.058134 -0.198985 -0.291191 -0.300544 -0.327289 -0.173260 -0.163144 0.009391 0.297427 -0.048481 -0.129872 -0.046953 -0.058364 0.139155 0.006487 0.380748 0.333352 0.207603 0.138523 -0.038114 -0.319418 -0.179681 -0.367480 0.267619 0.105166 0.173045 0.119648 0.115890 -0.013122 -0.214891 0.099457 0.018565 -0.118577 -0.287699 -0.228446 -0.086137 0.197795 -0.015587 0.155529 -0.115299 0.040553
0.000786 0.067582 0.026206 0.013213 -0.064295 1.000000 -0.130661 0.035336 0.023001 0.072473 -0.071843 0.046629 -0.302957 -0.000823 -0.148440 0.029580 -0.011818 0.019357 -0.113960 -0.237966 0.059377 0.199423 0.037603 0.027026 0.194992 0.433688 0.445512 0.563692 -0.369078 -0.124625 -0.002778 0.158061 0.108185 -0.215264 0.181209 -0.089230 -0.168266 0.259410 0.270185 0.223844 -0.132046 0.132640 -0.159377 0.099087 0.017579 0.085973 0.034634 -0.047931 0.033018 0.185115 0.205082 0.022075 -0.161542 0.000475 -0.022408 -0.076692 0.032608 -0.115921 -0.069212 -0.126612 -0.200482 -0.168419 -0.250134 -0.325394 0.002398 0.244276 0.187736 0.137066 0.067693 0.051091 -0.137230 0.007676 -0.332209 -0.070286 -0.085015 -0.179107 -0.181154 -0.087685 -0.092237 -0.181412 -0.088946 -0.182984 -0.046886 -0.040847 -0.014054 0.215804 0.275987 0.317029 -0.021338 0.036539 -0.010338 -0.015558 0.283667 -0.083361 -0.180871 0.272978 -0.070109 -0.057148 -0.141773 -0.061088 0.177928 -0.091581 -0.103177 -0.016405 0.207004 0.152736 0.190396 0.266685 0.354395 -0.146361 -0.062267 -0.239461 -0.101871 -0.198856 -0.086080 -0.378520
0.141059 -0.284127 0.775847 0.476367 0.351073 -0.130661 1.000000 0.491440 0.581993 0.350671 0.390925 0.374883 0.700244 0.473240 0.599334 0.411258 -0.334690 -0.421782 0.302625 -0.056964 0.087477 -0.076205 0.637473 0.659738 0.194009 0.200907 0.065672 -0.170794 0.167720 -0.085357 0.407217 0.333160 -0.134217 0.244053 -0.038981 0.307844 -0.165671 -0.235888 -0.279241 -0.252386 -0.121269 -0.016962 -0.214327 -0.190582 -0.344557 -0.075963 -0.262557 -0.084524 -0.480988 -0.426226 -0.463460 -0.314825 -0.446008 -0.256622 -0.408407 -0.136273 -0.509843 -0.428289 0.175860 -0.468883 0.178213 0.051633 -0.439290 -0.315008 0.445644 0.004097 -0.344669 -0.088636 -0.510141 -0.335575 0.123180 0.129471 -0.034142 0.228397 0.312633 0.346393 0.189643 0.002530 -0.330872 -0.336461 -0.475986 -0.429566 0.069544 0.139974 -0.135476 -0.216567 -0.177223 -0.048245 0.375574 -0.226472 0.126725 0.469740 0.221719 0.519098 -0.070507 -0.313284 -0.248352 -0.280776 -0.041664 -0.073619 -0.007054 0.162597 -0.105074 -0.159631 -0.276879 0.076924 -0.436599 -0.372421 -0.177716 -0.040495 -0.004911 0.007925 0.012815 0.079469 -0.061575 0.350189
-0.050009 0.089860 0.388444 0.809312 0.124688 0.035336 0.491440 1.000000 0.298663 0.534164 0.367790 0.738536 0.364878 0.766186 0.157825 0.185740 -0.143983 -0.307023 0.082477 -0.079290 0.013265 0.098529 0.232324 0.514353 -0.137740 0.097637 -0.051657 -0.104114 -0.075162 -0.054347 0.082018 0.241718 -0.147759 0.246408 -0.095847 0.197183 -0.198259 -0.132864 -0.417257 -0.169473 -0.129936 0.022688 -0.330984 -0.170260 -0.366051 0.118022 -0.219625 -0.088072 -0.336524 -0.373075 -0.438092 -0.378903 -0.397580 -0.356423 -0.270702 -0.130566 -0.331291 -0.400030 0.002215 -0.278430 0.112071 0.366768 -0.427043 -0.147034 0.202599 0.484928 -0.397660 0.043401 -0.379112 -0.247419 0.012987 0.136794 -0.202563 0.229225 0.189897 0.231303 -0.129469 -0.042348 -0.166561 -0.238548 -0.376755 -0.523978 -0.140601 -0.120104 -0.297399 -0.119975 0.038220 0.225718 0.282355 -0.056633 0.345740 0.356521 0.553113 0.387738 -0.066933 -0.326080 -0.292719 -0.289393 -0.126370 -0.108637 0.379146 -0.053244 0.077589 -0.332506 -0.080694 0.019088 -0.338081 -0.380327 -0.076999 -0.125080 -0.159430 -0.069712 0.122143 -0.148970 -0.140375 0.341318
-0.022377 -0.071842 0.413033 0.292462 0.726103 0.023001 0.581993 0.298663 1.000000 0.527319 0.199561 0.245692 0.385617 0.255812 0.565033 0.436294 -0.242158 -0.321531 0.051552 -0.155530 0.178192 -0.035753 0.354124 0.500564 -0.011108 0.088643 0.178884 -0.056279 0.014419 -0.163773 0.105894 0.082044 -0.159872 -0.043982 0.055911 0.177027 -0.394536 -0.387505 -0.198656 -0.226879 -0.334073 -0.061904 -0.160721 -0.266996 -0.224663 -0.148629 0.015827 -0.071513 -0.229844 -0.150261 -0.253854 0.045731 -0.332279 0.006745 -0.457090 -0.130977 -0.266831 -0.163727 0.227284 -0.321301 0.275023 0.164634 -0.310581 -0.227028 0.282527 -0.043484 -0.389487 -0.183346 -0.370085 -0.306924 0.015355 -0.002679 -0.145484 -0.020333 0.026048 0.178121 -0.112734 -0.201445 -0.343359 -0.374043 -0.323296 -0.339163 0.050152 0.229868 0.003651 -0.033529 -0.046832 0.086530 0.273697 -0.074331 0.257970 0.396593 0.327831 0.266552 -0.031504 -0.186977 -0.158308 -0.214312 0.086203 0.035790 0.206406 0.104621 0.019843 -0.172862 -0.367620 0.046297 -0.242000 -0.146155 -0.177112 -0.170431 -0.068695 0.077341 0.003404 0.136037 -0.050316 0.086410
-0.255644 -0.021781 0.254551 0.432923 0.469592 0.072473 0.350671 0.534164 0.527319 1.000000 -0.057872 0.211168 0.174235 0.355065 0.263117 0.497935 -0.490334 -0.341261 -0.073591 -0.135567 0.283864 0.125322 0.083577 0.418471 -0.159792 0.118459 0.055225 -0.207572 -0.104933 0.034088 0.138213 0.253605 -0.123303 0.177972 -0.038564 0.440630 -0.185565 -0.131707 -0.152858 -0.071104 -0.052452 -0.062818 -0.306779 -0.244504 -0.213054 0.242737 -0.176789 -0.111238 -0.154896 -0.026712 -0.182893 -0.068756 -0.136420 -0.205565 -0.166979 -0.187608 -0.368094 -0.374509 0.021209 -0.037370 0.157374 0.467996 -0.278573 -0.071628 0.134127 0.254925 -0.204891 0.128764 -0.497729 -0.101208 -0.093563 0.074247 -0.200465 -0.146111 -0.063791 0.014890 -0.319409 -0.277500 -0.433821 -0.461387 -0.393825 -0.421579 0.053962 0.250188 -0.251560 -0.190221 0.276104 0.280393 0.319695 0.154936 0.450464 0.221262 0.433863 0.097233 -0.146603 -0.320006 -0.321993 -0.389297 -0.026140 -0.269201 0.427699 -0.152461 0.039858 -0.308849 -0.045337 0.144886 -0.172684 -0.150144 -0.194852 -0.286085 -0.026390 -0.075345 -0.072414 -0.123603 -0.197187 0.070785
0.470115 0.002384 0.442028 0.341600 0.016282 -0.071843 0.390925 0.367790 0.199561 -0.057872 1.000000 0.645397 0.561247 0.416025 0.343806 0.017764 0.146870 -0.273577 0.157970 -0.000078 -0.356504 -0.130353 0.354012 0.316275 0.080181 0.023132 -0.107122 0.024201 0.095191 -0.338759 -0.057888 -0.068773 0.059224 0.044438 -0.008451 -0.108644 -0.328985 -0.302653 -0.406873 -0.268298 -0.186300 -0.085802 0.107206 0.144117 -0.109645 -0.146116 -0.144783 -0.045704 -0.034718 -0.126661 -0.199226 -0.138315 -0.461406 -0.292862 -0.449520 -0.184192 -0.176196 -0.139469 0.163700 -0.310188 0.194823 -0.230510 -0.312343 -0.417360 0.292763 0.172340 -0.246306 -0.080169 -0.136771 -0.275264 -0.048270 -0.092650 -0.155576 0.271176 0.259985 0.238015 0.163894 0.096097 -0.100075 -0.080718 -0.250075 -0.342223 -0.031413 -0.251887 0.032920 0.016799 -0.058652 -0.009491 0.069831 -0.499113 0.046803 0.428703 0.213945 0.425001 -0.049416 -0.212575 -0.134306 -0.100724 -0.240812 0.006936 0.054779 0.307391 -0.045677 -0.081715 -0.227975 -0.026036 -0.171535 -0.120179 0.013632 0.093202 -0.067733 -0.001088 0.193850 0.052361 0.059839 0.184800
0.253509 0.141704 0.289707 0.511200 0.045645 0.046629 0.374883 0.738536 0.245692 0.211168 0.645397 1.000000 0.439315 0.789012 0.158494 0.079664 0.058165 -0.257922 0.163521 -0.010976 -0.158756 0.030957 0.102741 0.295999 -0.116061 0.007386 -0.045537 -0.060069 0.075886 -0.125479 -0.075639 0.006179 0.014952 0.171795 -0.108776 -0.054677 -0.140003 -0.128369 -0.323271 -0.160175 -0.213202 0.046148 -0.000526 0.148561 -0.149081 0.070491 -0.091532 -0.019134 -0.171117 -0.203901 -0.301332 -0.251855 -0.450958 -0.276383 -0.406846 -0.137070 -0.233858 -0.272381 0.037261 -0.369110 0.082633 0.078177 -0.345157 -0.294457 0.134129 0.371455 -0.398532 -0.099689 -0.213052 -0.316554 -0.063312 -0.022473 -0.080427 0.295878 0.307956 0.334082 0.011159 0.010453 -0.100531 -0.113692 -0.330145 -0.478447 -0.164643 -0.122510 -0.255137 -0.007378 -0.094704 0.161453 0.034678 -0.346812 0.219143 0.346857 0.430544 0.391979 0.034428 -0.184458 -0.102382 -0.093961 -0.154286 0.045363 0.310837 0.197246 0.067278 -0.168879 -0.145061 -0.054115 -0.219258 -0.243818 0.017395 -0.055260 -0.137418 0.037374 0.303026 0.045099 0.046079 0.313997
0.238484 -0.294091 0.579339 0.377105 0.210980 -0.302957 0.700244 0.364878 0.385617 0.174235 0.561247 0.439315 1.000000 0.482851 0.693563 0.445189 -0.287413 -0.338407 0.110916 -0.154065 0.080868 0.050878 0.480024 0.491057 0.174195 0.084238 0.046728 -0.178787 0.365650 -0.066120 0.312231 0.275291 -0.136193 0.329977 0.054108 0.325228 -0.145391 -0.226098 -0.200085 -0.162609 0.057478 -0.054178 0.055424 -0.002791 -0.257095 0.027300 -0.325653 -0.099894 -0.140390 -0.322768 -0.446418 -0.346863 -0.316273 -0.417917 -0.354867 -0.256271 -0.478528 -0.372399 0.300080 -0.345821 0.421446 0.086708 -0.217646 -0.165557 0.456971 0.130208 -0.344846 -0.093878 -0.470438 -0.362959 -0.030090 0.107437 0.101471 0.158666 0.220902 0.297081 0.127332 0.024725 -0.248514 -0.182500 -0.487699 -0.412048 0.204233 0.125318 -0.092244 -0.305926 -0.133668 -0.090927 0.386001 -0.226379 -0.019181 0.380051 -0.008660 0.402467 0.052010 -0.258179 -0.116740 -0.203993 -0.234758 -0.200691 -0.016920 0.195254 -0.135565 -0.133523 -0.317584 -0.071783 -0.290175 -0.301994 -0.112779 0.064549 0.119751 -0.081087 0.028019 0.058474 -0.044403 0.278962
0.033652 0.115856 0.236728 0.487811 0.054240 -0.000823 0.473240 0.766186 0.255812 0.355065 0.416025 0.789012 0.482851 1.000000 0.181581 0.356505 -0.009836 -0.119623 0.102862 -0.000155 -0.038183 0.022747 0.074570 0.325364 -0.137644 0.013076 0.035072 -0.220675 0.202954 0.168317 0.025032 0.164580 0.100487 0.298981 -0.236590 0.050927 -0.047462 -0.040452 -0.370115 -0.099536 -0.133614 0.049697 -0.156104 -0.133754 -0.306491 0.007682 -0.111788 -0.033637 -0.210423 -0.303453 -0.367874 -0.242523 -0.351172 -0.231172 -0.261383 -0.097350 -0.272616 -0.261694 -0.049748 -0.309563 0.094386 0.338209 -0.183710 -0.022196 0.073905 0.220652 -0.498501 -0.252178 -0.309482 -0.303625 -0.005047 0.157409 0.023456 0.251445 0.299238 0.336151 0.053285 0.009803 -0.154013 -0.089143 -0.218451 -0.334719 -0.092356 0.101601 -0.249478 -0.060484 -0.188901 0.141939 0.136572 -0.198203 0.250641 0.257956 0.306560 0.291319 -0.009577 -0.163710 -0.168545 -0.078915 -0.018554 0.030144 0.279198 0.070811 0.073930 -0.300381 -0.250625 -0.207803 -0.345978 -0.312640 -0.034971 -0.146780 -0.221874 0.072191 0.211369 -0.090368 -0.170451 0.348367
0.173428 -0.359077 0.567282 0.325236 0.508447 -0.148440 0.599334 0.157825 0.565033 0.263117 0.343806 0.158494 0.693563 0.181581 1.000000 0.610879 -0.438041 -0.365747 0.116336 -0.154317 0.279565 0.145030 0.570916 0.617799 0.293093 0.127361 0.176443 -0.080721 0.285759 -0.140100 0.417472 0.386726 -0.124764 0.175741 0.175356 0.260079 -0.242522 -0.284875 -0.099745 -0.265573 0.058580 -0.184722 -0.061947 -0.132144 -0.286786 -0.044396 -0.423747 -0.321906 -0.249044 -0.307325 -0.403125 -0.320438 -0.367665 -0.406319 -0.406173 -0.506617 -0.544544 -0.461511 0.231674 -0.378995 0.340516 -0.008941 -0.194256 -0.203103 0.556455 0.026708 -0.201176 -0.019379 -0.440259 -0.294325 -0.041397 0.091069 0.029155 -0.059123 0.030572 0.161719 0.039448 0.014659 -0.332735 -0.307985 -0.423337 -0.296703 0.368910 0.371183 0.109197 -0.011392 -0.102967 -0.160362 0.456929 -0.045608 -0.073916 0.343597 0.037839 0.331480 -0.012653 -0.185534 -0.289128 -0.444332 -0.306184 -0.341902 -0.043684 0.177481 -0.181896 -0.044350 -0.265859 0.145797 -0.140687 -0.198354 -0.246021 -0.017714 0.119050 -0.214043 -0.195542 0.049131 -0.051089 0.208179
-0.147897 -0.152299 0.290959 0.208184 0.351015 0.029580 0.411258 0.185740 0.436294 0.497935 0.017764 0.079664 0.445189 0.356505 0.610879 1.000000 -0.466357 -0.179588 -0.108188 -0.094249 0.393446 0.204536 0.278923 0.474773 0.113870 0.273456 0.268616 -0.098518 0.272954 0.150478 0.431268 0.444469 -0.002844 0.242743 -0.053835 0.356573 -0.010088 0.053008 -0.024977 0.046720 0.080448 0.077560 -0.187741 -0.240593 -0.289016 0.035618 -0.319179 -0.317126 -0.222359 -0.173210 -0.292107 -0.260946 -0.198917 -0.326276 -0.160782 -0.397020 -0.457837 -0.354525 -0.081545 -0.200591 0.042416 0.200617 -0.070963 -0.027971 0.216040 -0.028588 -0.278449 -0.087859 -0.409400 -0.177123 -0.045861 0.264285 0.062897 -0.018427 0.077320 0.190796 0.018635 -0.016131 -0.393874 -0.269501 -0.274945 -0.178036 0.301135 0.569553 -0.110256 -0.071395 0.015176 0.047768 0.261045 0.109676 0.048517 0.127024 0.107321 0.114288 -0.096183 -0.039043 -0.272034 -0.310572 -0.228677 -0.375276 0.099530 -0.027662 -0.121865 -0.166346 -0.208561 -0.005469 -0.089392 -0.241380 -0.177498 -0.196051 0.000634 -0.078039 -0.134135 -0.126683 -0.188886 0.011179
0.146652 0.386255 -0.339104 -0.297970 -0.220386 -0.011818 -0.334690 -0.143983 -0.242158 -0.490334 0.146870 0.058165 -0.287413 -0.009836 -0.438041 -0.466357 1.000000 0.658119 -0.017491 0.186001 -0.481278 -0.286524 -0.260121 -0.421586 -0.270634 -0.245389 -0.091592 -0.061192 0.155134 0.240668 -0.432173 -0.430758 0.227427 -0.146736 -0.324507 -0.551689 0.153534 -0.047788 -0.042998 0.044957 -0.142208 0.153012 0.079634 -0.112642 0.102770 -0.397267 0.509735 0.257900 0.140808 0.136186 0.188749 0.344310 0.217664 0.401942 0.179845 0.366061 0.681825 0.667789 -0.105488 0.156370 -0.026685 -0.119404 0.426192 0.227551 -0.314525 -0.331332 -0.251490 -0.509854 0.539272 -0.027949 0.158588 -0.141580 0.265429 0.180307 0.128118 0.028560 0.048373 -0.050463 0.578614 0.568345 0.665774 0.507640 -0.195967 -0.258510 0.234061 0.177037 -0.173520 -0.039890 -0.220813 -0.190208 -0.142314 -0.229428 -0.211481 -0.285396 0.067091 0.109373 0.208128 0.375118 0.393694 0.433116 -0.233497 -0.031232 0.008681 -0.161910 -0.330854 -0.484425 -0.031861 0.117210 0.253751 0.037945 -0.440332 0.140539 -0.039858 0.021514 -0.048461 -0.140500
-0.140939 0.150539 -0.396218 -0.438643 -0.236653 0.019357 -0.421782 -0.307023 -0.321531 -0.341261 -0.273577 -0.257922 -0.338407 -0.119623 -0.365747 -0.179588 0.658119 1.000000 -0.146196 0.031657 -0.167628 -0.128587 -0.379973 -0.500491 -0.194773 -0.178888 -0.001431 -0.198494 0.311937 0.627039 -0.227833 -0.213085 0.285707 0.038007 -0.299026 -0.180108 0.298274 0.231945 0.090824 0.172968 0.029699 0.229590 0.066940 -0.184694 0.072049 -0.167727 0.397493 0.191834 0.211990 0.110360 0.209678 0.250046 0.504333 0.323159 0.466068 0.213002 0.467160 0.519869 -0.205330 0.286256 -0.036750 0.136705 0.676669 0.602366 -0.318302 -0.341830 -0.075121 -0.435275 0.262579 -0.013052 0.105905 -0.068109 0.466918 -0.018270 0.025258 0.029117 0.162935 -0.039946 0.438678 0.684626 0.712260 0.701244 0.040626 0.083016 0.202626 0.117745 -0.095087 -0.054898 -0.157704 0.144897 -0.234754 -0.595973 -0.451181 -0.622071 0.036511 0.199267 0.223880 0.368733 0.330877 0.222238 -0.337769 -0.296652 -0.061092 -0.206647 -0.267683 -0.478883 0.048696 0.212266 0.161556 0.069970 -0.159901 0.094112 -0.133190 -0.117875 -0.174913 -0.223466
0.345772 -0.177646 0.268655 0.082487 0.235632 -0.113960 0.302625 0.082477 0.051552 -0.073591 0.157970 0.163521 0.110916 0.102862 0.116336 -0.108188 -0.017491 -0.146196 1.000000 0.364277 -0.085087 -0.224850 0.038303 -0.095167 -0.173896 -0.270374 -0.194670 -0.213412 0.253343 -0.049272 0.132542 -0.083328 0.107690 0.241424 -0.153575 -0.033313 0.043752 -0.061328 -0.190272 -0.220753 -0.076518 -0.200593 0.196690 0.162696 0.302870 0.167307 0.061528 0.034091 -0.250198 0.035314 -0.215331 -0.074478 -0.097530 0.122488 -0.163919 0.156739 -0.180095 -0.251685 -0.060528 -0.263169 -0.191038 -0.307726 0.008113 -0.072386 -0.090643 -0.186741 0.047822 -0.065769 -0.001189 -0.066055 0.197811 0.021389 0.266023 0.338283 0.310282 0.225963 0.291390 0.151095 0.101308 0.049564 -0.127994 -0.136584 -0.239346 -0.024409 -0.319558 -0.306004 -0.363465 -0.234775 -0.222000 -0.406122 0.173877 0.165422 -0.082251 0.195657 0.137955 -0.111000 -0.036174 -0.002563 0.077966 0.283646 0.010975 0.343969 0.113913 0.243438 -0.034563 0.078032 -0.053691 -0.065772 -0.089344 0.221790 0.058594 0.289685 0.212158 0.218798 0.042770 0.316880
0.097826 0.211896 -0.217228 -0.169996 0.076705 -0.237966 -0.056964 -0.079290 -0.155530 -0.135567 -0.000078 -0.010976 -0.154065 -0.000155 -0.154317 -0.094249 0.186001 0.031657 0.364277 1.000000 -0.252144 -0.335611 -0.288912 -0.252488 -0.439824 -0.511926 -0.183702 -0.393557 0.198958 0.077807 -0.244696 -0.390750 0.204514 0.107447 -0.481828 -0.253509 0.253406 -0.116266 -0.077576 -0.114072 -0.076852 -0.101128 0.084335 0.024983 0.219969 0.039102 0.115972 0.100533 -0.180228 0.260419 -0.043135 0.104583 0.069069 0.161832 0.019799 0.152191 0.140092 0.160079 -0.347501 0.213919 -0.472342 -0.127991 0.090569 0.026068 -0.478146 -0.423172 0.004146 -0.030311 0.437663 0.534184 0.391046 0.043368 0.181452 0.204540 0.240979 0.152385 -0.059402 0.038475 0.131171 0.083937 0.273267 0.261305 -0.259519 0.058281 -0.144125 -0.207059 -0.245004 -0.352983 -0.359058 -0.368291 0.243870 0.206882 -0.148044 -0.012648 -0.168751 -0.108918 -0.127185 -0.155847 0.301666 0.170116 0.054338 0.166345 0.330903 0.086712 0.020084 -0.126911 0.142356 -0.191794 -0.242330 -0.241108 -0.224033 0.357245 0.127345 0.018466 -0.174825 0.003962
-0.240471 -0.318342 0.102000 -0.005479 0.258670 0.059377 0.087477 0.013265 0.178192 0.283864 -0.356504 -0.158756 0.080868 -0.038183 0.279565 0.393446 -0.481278 -0.167628 -0.085087 -0.252144 1.000000 0.388963 0.171764 0.151212 0.216468 0.367515 0.246316 0.197924 0.055057 0.093632 0.486247 0.434378 -0.067070 0.129393 0.224723 0.281190 0.197588 0.353723 0.188803 0.206559 0.218707 0.072752 -0.050118 -0.045146 -0.055604 0.155069 -0.139226 -0.158266 -0.058409 -0.235885 -0.149485 -0.204684 -0.010886 -0.134062 0.070598 -0.025826 -0.380164 -0.375258 -0.066189 -0.195712 -0.121275 -0.041300 -0.090453 -0.006244 0.073026 0.025725 0.079548 0.150748 -0.351311 -0.148136 0.010323 0.306137 -0.004813 -0.048960 -0.091401 0.111465 0.090190 0.006784 -0.183306 -0.235985 -0.214223 -0.100270 0.047394 0.335884 -0.195855 -0.123641 0.061602 -0.009440 0.141867 0.284748 -0.077817 -0.018934 -0.058921 -0.024575 0.173233 0.065196 0.148939 -0.136798 -0.118732 -0.101784 0.078493 -0.047509 -0.120592 0.063623 0.047658 0.288152 -0.170828 -0.048879 -0.065515 -0.007387 0.248270 0.037696 -0.012126 -0.017153 -0.075241 0.031143
-0.215620 -0.220026 -0.013521 0.196717 -0.140556 0.199423 -0.076205 0.098529 -0.035753 0.125322 -0.130353 0.030957 0.050878 0.022747 0.145030 0.204536 -0.286524 -0.128587 -0.224850 -0.335611 0.388963 1.000000 0.150800 0.235104 0.388454 0.381846 0.078166 0.253954 0.048127 -0.022245 0.329562 0.577570 -0.243595 0.247373 0.502795 0.268563 0.104104 0.288299 0.162395 0.053535 0.353240 0.004926 -0.159328 -0.043759 -0.125754 0.247354 -0.350925 -0.385055 -0.243519 -0.325642 -0.230478 -0.421751 -0.173802 -0.318434 -0.113246 -0.397894 -0.270828 -0.285769 -0.047933 -0.260203 0.163949 0.038815 -0.173556 -0.095659 0.371140 0.221564 -0.030295 0.226155 -0.134890 -0.180487 -0.205148 0.327753 -0.166260 -0.124874 -0.274863 -0.134301 -0.122211 0.212120 0.105826 -0.022417 -0.301038 -0.193157 0.285198 0.165909 0.002977 0.013905 0.193906 0.088619 0.250445 0.165644 -0.210596 -0.055254 0.108793 -0.024533 0.226427 0.067981 0.035852 -0.103486 -0.417066 -0.354293 0.042411 -0.138321 -0.270636 -0.042505 0.173427 0.413441 0.003965 -0.025258 -0.030843 0.133642 0.322646 -0.225543 -0.213173 -0.151692 0.155487 0.174481
0.132891 -0.347147 0.744421 0.453183 0.138665 0.037603 0.637473 0.232324 0.354124 0.083577 0.354012 0.102741 0.480024 0.074570 0.570916 0.278923 -0.260121 -0.379973 0.038303 -0.288912 0.171764 0.150800 1.000000 0.746437 0.681627 0.588332 0.215415 0.340848 -0.054796 -0.387660 0.666643 0.640402 -0.278387 0.141881 0.096857 0.127665 -0.204510 -0.129961 -0.106022 -0.091999 -0.013380 0.002090 -0.237495 -0.111395 -0.385941 -0.225002 -0.381970 -0.229266 -0.434852 -0.469603 -0.376170 -0.333925 -0.479425 -0.366898 -0.301362 -0.251982 -0.369596 -0.355165 0.074070 -0.523026 0.175522 -0.270020 -0.505459 -0.518763 0.644846 0.001820 -0.236454 -0.020919 -0.384045 -0.320600 0.204579 0.408138 -0.211884 0.231344 0.170652 0.225434 0.198457 0.156669 -0.138210 -0.194859 -0.382522 -0.336437 0.142885 -0.061496 0.206859 0.011969 0.036661 0.062524 0.505384 -0.063161 -0.166516 0.392122 0.224032 0.473233 0.017616 -0.123965 -0.226294 -0.247383 -0.274001 -0.200567 -0.111808 0.088386 -0.253383 -0.200581 -0.189899 0.176409 -0.300696 -0.265627 0.038844 0.058274 0.141055 -0.167441 -0.221534 -0.016761 -0.068323 0.056270
-0.075210 -0.180735 0.652538 0.734981 0.288337 0.027026 0.659738 0.514353 0.500564 0.418471 0.316275 0.295999 0.491057 0.325364 0.617799 0.474773 -0.421586 -0.500491 -0.095167 -0.252488 0.151212 0.235104 0.746437 1.000000 0.399077 0.405951 0.172679 0.128261 -0.099476 -0.326615 0.403480 0.577721 -0.371584 0.143123 0.133092 0.294991 -0.349604 -0.237784 -0.251162 -0.219766 -0.016417 -0.004666 -0.448392 -0.264167 -0.469877 -0.048738 -0.523037 -0.360815 -0.541862 -0.499530 -0.472374 -0.445571 -0.541332 -0.456186 -0.428773 -0.460906 -0.453954 -0.428211 0.028336 -0.464327 0.240717 0.118675 -0.551113 -0.362807 0.601652 0.172330 -0.355211 0.085708 -0.467342 -0.257246 0.002963 0.257249 -0.328709 0.034516 0.064216 0.119398 -0.089980 0.004513 -0.365945 -0.406938 -0.493735 -0.468710 0.275776 0.091362 0.155094 0.108037 0.159023 0.160786 0.619580 0.109067 0.089522 0.473566 0.551786 0.573333 -0.163406 -0.316811 -0.422404 -0.481501 -0.302270 -0.406851 0.086603 -0.065539 -0.195785 -0.315001 -0.140411 0.225814 -0.284610 -0.428974 -0.184345 -0.070907 0.019686 -0.224043 -0.164220 -0.118792 -0.114123 0.193548
0.136093 -0.304181 0.388157 0.089615 -0.224660 0.194992 0.194009 -0.137740 -0.011108 -0.159792 0.080181 -0.116061 0.174195 -0.137644 0.293093 0.113870 -0.270634 -0.194773 -0.173896 -0.439824 0.216468 0.388454 0.681627 0.399077 1.000000 0.713981 0.312105 0.549953 -0.189949 -0.294100 0.570189 0.660811 -0.210447 0.108066 0.345237 0.057299 -0.129330 0.185359 0.188735 0.121303 0.152910 -0.006075 -0.040599 0.205764 -0.167632 -0.073304 -0.392469 -0.179470 -0.178759 -0.305589 -0.203426 -0.312924 -0.376930 -0.355189 -0.097255 -0.308478 -0.235373 -0.249260 0.000331 -0.464430 0.102828 -0.342818 -0.353020 -0.402740 0.557637 0.022781 0.033314 0.072084 -0.212957 -0.275503 0.001249 0.349584 -0.225645 -0.014783 -0.095182 0.010954 0.220644 0.298724 -0.060171 -0.089196 -0.300994 -0.178149 0.225560 -0.068240 0.304627 0.191190 0.062471 0.049654 0.301367 0.094145 -0.369081 0.054136 0.001524 0.215403 0.100127 0.226663 0.003515 0.004828 -0.431590 -0.237822 -0.163014 0.056621 -0.272119 0.010153 0.041910 0.282290 -0.101277 0.080600 0.154056 0.238114 0.392106 -0.222430 -0.164798 0.032752 0.145241 -0.036861
-0.035542 -0.123210 0.376619 0.192790 -0.104733 0.433688 0.200907 0.097637 0.088643 0.118459 0.023132 0.007386 0.084238 0.013076 0.127361 0.273456 -0.245389 -0.178888 -0.270374 -0.511926 0.367515 0.381846 0.588332 0.405951 0.713981 1.000000 0.394793 0.662400 -0.255687 -0.191603 0.577842 0.684520 -0.105356 0.156556 0.318368 0.197316 -0.084376 0.289462 0.226243 0.355665 0.086013 0.199476 -0.225649 0.072512 -0.298107 -0.082804 -0.333576 -0.196549 -0.183595 -0.294323 -0.142707 -0.282948 -0.388520 -0.354434 -0.055399 -0.209665 -0.167918 -0.211860 0.009468 -0.353505 0.077178 -0.147716 -0.423082 -0.401032 0.428443 0.206064 -0.053735 0.078938 -0.234861 -0.279506 -0.057823 0.397461 -0.269787 0.029811 -0.039682 0.024100 0.102544 0.115309 -0.180041 -0.206507 -0.295729 -0.284051 0.145207 -0.025346 0.071276 0.087422 0.206413 0.273277 0.280750 0.160996 -0.277131 -0.002682 0.173481 0.119063 0.090918 0.227416 0.034916 0.019778 -0.398570 -0.290399 -0.017827 -0.183955 -0.309554 -0.176554 0.033901 0.129516 -0.132166 -0.018423 0.343262 0.090786 0.297986 -0.201448 -0.148476 -0.185107 -0.063724 -0.264935
-0.087655 -0.261038 0.177429 -0.055852 0.175900 0.445512 0.065672 -0.051657 0.178884 0.055225 -0.107122 -0.045537 0.046728 0.035072 0.176443 0.268616 -0.091592 -0.001431 -0.194670 -0.183702 0.246316 0.078166 0.215415 0.172679 0.312105 0.394793 1.000000 0.412685 -0.117722 0.037556 0.188151 0.252076 -0.155323 -0.024692 0.084972 -0.008793 -0.097809 0.123448 0.351562 0.212020 -0.153213 0.103094 0.016213 0.109426 -0.037084 0.007789 0.035807 0.014773 0.033130 0.088863 -0.019459 0.055172 -0.000255 0.005182 0.088078 -0.001702 -0.092426 -0.137221 -0.103148 -0.203214 -0.088179 -0.173596 -0.183460 -0.184787 0.011564 -0.068918 -0.080590 -0.001721 -0.103514 -0.014552 0.088958 0.237212 -0.116045 0.002072 -0.123406 -0.050119 -0.090784 -0.071784 -0.088310 -0.052114 -0.082503 -0.056797 -0.037835 0.058745 0.025085 0.040193 0.045918 0.041606 0.025795 0.218572 -0.143838 0.090959 0.019133 0.051598 -0.045727 0.109439 -0.023367 -0.074644 -0.157290 -0.134216 -0.063889 -0.081228 -0.196995 0.020360 0.024963 0.014327 0.031790 0.028852 0.147705 -0.159268 -0.011226 -0.146468 -0.152281 -0.154169 0.028417 -0.196509
0.176216 -0.017470 0.146839 0.005177 -0.123795 0.563692 -0.170794 -0.104114 -0.056279 -0.207572 0.024201 -0.060069 -0.178787 -0.220675 -0.080721 -0.098518 -0.061192 -0.198494 -0.213412 -0.393557 0.197924 0.253954 0.340848 0.128261 0.549953 0.662400 0.412685 1.000000 -0.408781 -0.402492 0.207920 0.290491 -0.149712 -0.249630 0.365403 -0.224728 -0.094029 0.302169 0.416166 0.407396 0.001683 0.135066 -0.072839 0.210868 -0.133220 -0.178020 -0.095661 -0.084572 -0.004527 -0.090334 0.094617 -0.074572 -0.256365 -0.120596 0.030334 0.024229 0.007619 -0.165263 -0.004543 -0.244509 -0.109378 -0.394011 -0.366885 -0.468514 0.186341 0.218754 0.183144 0.150210 0.051909 -0.069082 -0.081732 0.211602 -0.302966 0.037230 -0.154968 -0.201499 -0.003424 0.145071 0.013546 -0.146579 -0.147303 -0.213349 -0.023787 -0.267194 0.135543 0.163034 0.237138 0.196296 0.027470 0.062222 -0.244656 0.115553 0.156268 0.132748 0.038551 0.348556 0.200143 0.090363 -0.296356 -0.057207 0.032197 0.065401 -0.200091 0.088757 0.224599 0.236933 0.219479 0.138023 0.475893 0.035293 0.161228 -0.253711 -0.081891 -0.160963 0.132203 -0.299393
0.029971 -0.355706 0.021261 -0.145149 0.069166 -0.369078 0.167720 -0.075162 0.014419 -0.104933 0.095191 0.075886 0.365650 0.202954 0.285759 0.272954 0.155134 0.311937 0.253343 0.198958 0.055057 0.048127 -0.054796 -0.099476 -0.189949 -0.255687 -0.117722 -0.408781 1.000000 0.579966 0.173326 0.052593 0.174042 0.309485 -0.240306 0.056764 0.406412 0.052760 -0.031711 -0.041347 0.292005 0.106832 0.160803 -0.157823 -0.087425 -0.096326 0.098527 -0.009695 -0.095744 -0.230766 -0.130512 -0.088974 0.092337 0.096727 -0.021453 -0.028283 -0.212646 -0.078996 -0.117963 -0.142654 0.035164 -0.011401 0.457686 0.302488 -0.013358 -0.312475 -0.315159 -0.376952 -0.145152 -0.327252 0.045111 0.129498 0.716598 0.154283 0.200723 0.315798 0.333874 0.199900 0.331189 0.400060 0.280432 0.384611 0.371882 0.550833 -0.006995 -0.060265 -0.372281 -0.268356 -0.004247 -0.185428 -0.224880 -0.151805 -0.481969 -0.230676 0.152524 -0.132926 0.105519 0.036032 0.060494 0.006341 -0.366761 -0.049880 -0.196788 -0.152464 -0.426923 -0.213912 -0.126886 -0.206331 -0.113841 -0.071663 -0.016752 0.122108 -0.188821 0.008661 0.000964 0.200083
-0.255267 -0.072714 -0.249308 -0.289945 -0.133781 -0.124625 -0.085357 -0.054347 -0.163773 0.034088 -0.338759 -0.125479 -0.066120 0.168317 -0.140100 0.150478 0.240668 0.627039 -0.049272 0.077807 0.093632 -0.022245 -0.387660 -0.326615 -0.294100 -0.191603 0.037556 -0.402492 0.579966 1.000000 -0.071404 -0.032681 0.377168 0.306342 -0.276902 0.085654 0.532357 0.306970 0.128270 0.183814 0.270044 0.315314 0.041625 -0.250115 -0.072542 -0.045525 0.245755 0.104160 0.035210 -0.132478 0.022363 -0.045977 0.375657 0.160893 0.379860 0.134515 0.101812 0.148745 -0.230557 0.104742 -0.053096 0.256347 0.599784 0.602437 -0.266998 -0.229261 -0.159607 -0.388240 -0.086711 -0.146827 -0.006977 -0.022961 0.659420 -0.022079 0.118151 0.164018 0.220282 0.044820 0.216970 0.419468 0.487703 0.530212 0.241176 0.450156 0.018459 0.018322 -0.132553 -0.057736 -0.031402 0.136634 -0.205886 -0.519349 -0.463145 -0.500329 0.100481 0.044525 0.175053 0.218685 0.197397 -0.043327 -0.331599 -0.348109 -0.124425 -0.200821 -0.273303 -0.339982 -0.116737 0.059846 0.016562 -0.072700 -0.122784 0.032248 -0.160532 -0.187264 -0.081469 -0.005737
-0.039634 -0.479191 0.473956 0.201638 0.018417 -0.002778 0.407217 0.082018 0.105894 0.138213 -0.057888 -0.075639 0.312231 0.025032 0.417472 0.431268 -0.432173 -0.227833 0.132542 -0.244696 0.486247 0.329562 0.666643 0.403480 0.570189 0.577842 0.188151 0.207920 0.173326 -0.071404 1.000000 0.807950 -0.112313 0.352400 0.159384 0.344074 0.121113 0.236522 -0.000405 0.040856 0.176123 0.095730 -0.139567 -0.002061 -0.204035 0.125108 -0.420249 -0.315847 -0.320360 -0.329606 -0.322380 -0.324820 -0.269932 -0.321024 -0.114762 -0.227077 -0.461201 -0.418384 -0.136111 -0.411382 -0.050036 -0.212782 -0.282150 -0.274173 0.418847 -0.029692 -0.073544 0.086945 -0.433573 -0.303434 0.129514 0.545435 -0.024475 0.171001 0.071892 0.256003 0.299212 0.227656 -0.105032 -0.057799 -0.369732 -0.203756 0.156365 0.270066 -0.131762 -0.136607 -0.062269 -0.038450 0.240406 0.037379 -0.255531 0.086996 -0.028798 0.218159 0.215865 0.014954 -0.065812 -0.139133 -0.401086 -0.239235 -0.134007 0.041071 -0.235628 -0.049634 -0.024510 0.247483 -0.264120 -0.171268 0.028270 0.164598 0.374520 -0.053033 -0.127973 0.006733 0.007118 0.060634
-0.124490 -0.399871 0.424266 0.407339 -0.091192 0.158061 0.333160 0.241718 0.082044 0.253605 -0.068773 0.006179 0.275291 0.164580 0.386726 0.444469 -0.430758 -0.213085 -0.083328 -0.390750 0.434378 0.577570 0.640402 0.577721 0.660811 0.684520 0.252076 0.290491 0.052593 -0.032681 0.807950 1.000000 -0.189652 0.479165 0.272351 0.397294 0.014388 0.293844 0.056024 0.059953 0.253882 0.115779 -0.244640 -0.070708 -0.270725 0.183244 -0.546368 -0.372955 -0.441810 -0.508515 -0.395371 -0.524940 -0.394378 -0.505141 -0.157738 -0.387893 -0.418080 -0.465089 -0.166892 -0.514648 0.126748 -0.036019 -0.383109 -0.282168 0.593908 0.116749 -0.185483 0.126255 -0.458794 -0.356577 0.019567 0.629746 -0.123701 0.092335 0.022439 0.153818 0.166575 0.327149 -0.069105 -0.111211 -0.417297 -0.326586 0.288561 0.211982 -0.002681 -0.007232 0.108342 0.098155 0.497387 0.164803 -0.257738 0.063052 0.143863 0.225742 0.151320 0.019687 -0.155389 -0.152325 -0.506902 -0.426796 -0.058290 -0.146849 -0.376085 -0.246830 -0.017044 0.246334 -0.238330 -0.210386 0.042247 0.140400 0.419440 -0.202182 -0.203567 -0.166935 -0.048951 0.047148
0.173285 0.228289 -0.150378 -0.407860 -0.202128 0.108185 -0.134217 -0.147759 -0.159872 -0.123303 0.059224 0.014952 -0.136193 0.100487 -0.124764 -0.002844 0.227427 0.285707 0.107690 0.204514 -0.067070 -0.243595 -0.278387 -0.371584 -0.210447 -0.105356 -0.155323 -0.149712 0.174042 0.377168 -0.112313 -0.189652 1.000000 0.221255 -0.117873 -0.217293 0.318857 0.178522 0.041720 0.013972 0.083024 0.134778 0.150438 0.018994 0.068247 -0.193699 0.131615 0.011821 0.309619 0.089774 0.213731 0.095130 0.085320 0.019974 0.077340 0.064480 0.295885 0.267557 -0.147252 0.104762 -0.174901 -0.177381 0.253109 0.087991 -0.312745 -0.199529 0.128363 -0.316589 0.214667 0.028071 -0.023602 -0.244904 0.293549 0.081519 0.249137 0.218411 0.197125 0.043284 -0.073787 0.170796 0.319443 0.267995 -0.124677 0.110447 0.007394 0.110967 -0.135976 -0.071528 -0.253496 -0.320061 -0.201481 -0.259942 -0.295543 -0.228853 0.133682 0.198247 0.210651 0.215568 0.026421 0.085196 -0.125355 0.144111 -0.012770 -0.024507 -0.123519 -0.267306 -0.004491 0.261120 0.172993 0.099785 -0.094631 -0.007981 0.065246 -0.079972 -0.141041 -0.106818
-0.010833 -0.118423 0.234904 0.202974 -0.112614 -0.215264 0.244053 0.246408 -0.043982 0.177972 0.044438 0.171795 0.329977 0.298981 0.175741 0.242743 -0.146736 0.038007 0.241424 0.107447 0.129393 0.247373 0.141881 0.143123 0.108066 0.156556 -0.024692 -0.249630 0.309485 0.306342 0.352400 0.479165 0.221255 1.000000 0.010651 0.456550 0.205926 0.209365 -0.061036 -0.056152 0.259117 0.113632 0.061879 0.089030 -0.002565 0.304924 -0.358607 -0.046291 -0.276621 -0.333640 -0.430164 -0.517098 -0.096357 -0.506589 -0.101765 -0.226571 -0.197518 -0.193611 -0.223736 -0.228538 0.104484 0.070305 -0.107322 0.062020 0.162450 -0.052870 -0.172852 0.013839 -0.201494 -0.158773 0.091138 0.326932 0.251715 0.253791 0.272658 0.348867 0.221574 0.297434 0.048684 0.174774 -0.195360 -0.139337 0.052013 0.054648 -0.209502 -0.385218 -0.103190 -0.150163 0.141297 -0.110106 -0.138368 -0.096167 -0.172885 0.042118 0.229900 -0.080544 0.006056 0.034401 -0.315691 -0.328610 -0.069703 -0.118577 -0.225447 -0.206169 -0.042563 -0.096180 -0.224972 -0.263782 -0.077674 0.254975 0.398144 0.083387 0.089422 -0.141402 -0.111283 0.188515
-0.055260 -0.171712 0.035954 0.035172 -0.080373 0.181209 -0.038981 -0.095847 0.055911 -0.038564 -0.008451 -0.108776 0.054108 -0.236590 0.175356 -0.053835 -0.324507 -0.299026 -0.153575 -0.481828 0.224723 0.502795 0.096857 0.133092 0.345237 0.318368 0.084972 0.365403 -0.240306 -0.276902 0.159384 0.272351 -0.117873 0.010651 1.000000 0.296557 -0.231324 0.076485 0.149442 -0.090900 0.081102 -0.104579 0.002897 0.124110 0.067366 0.180424 -0.448417 -0.315265 0.058410 -0.092096 0.012778 -0.220377 -0.243841 -0.255539 -0.250624 -0.393235 -0.136166 -0.114243 0.221623 -0.146031 0.348972 -0.044218 -0.308893 -0.146381 0.469763 0.366193 0.196121 0.326901 -0.051512 -0.182830 -0.418560 -0.099438 -0.304813 -0.343181 -0.474442 -0.346946 -0.113386 0.140795 -0.207903 -0.288607 -0.405624 -0.300528 0.242930 -0.092431 0.079993 0.038482 0.117413 0.046171 0.151553 0.150528 -0.291003 -0.069495 0.102295 0.097347 0.151784 0.256675 0.125724 0.068431 -0.539203 -0.288310 -0.002538 0.005562 -0.237908 0.259509 0.265502 0.441823 0.064134 0.166383 0.081581 0.458047 0.411906 -0.262758 -0.039109 0.102567 0.348579 0.204362
-0.254331 -0.316185 0.293383 0.294185 0.126040 -0.089230 0.307844 0.197183 0.177027 0.440630 -0.108644 -0.054677 0.325228 0.050927 0.260079 0.356573 -0.551689 -0.180108 -0.033313 -0.253509 0.281190 0.268563 0.127665 0.294991 0.057299 0.197316 -0.008793 -0.224728 0.056764 0.085654 0.344074 0.397294 -0.217293 0.456550 0.296557 1.000000 -0.159043 -0.007524 -0.087919 -0.134751 0.207140 0.036740 -0.123579 0.064495 -0.004837 0.584054 -0.432028 -0.034124 -0.175225 -0.092598 -0.255384 -0.340560 -0.067549 -0.405400 -0.142395 -0.338808 -0.473428 -0.388827 0.070566 -0.030644 0.249601 0.311367 -0.251311 0.042267 0.332096 0.244425 0.081911 0.464537 -0.499438 -0.069460 -0.188831 0.100082 -0.055845 -0.172872 -0.096419 0.051172 -0.040199 -0.075174 -0.319497 -0.149011 -0.490580 -0.324907 0.233347 0.170046 -0.303974 -0.387479 0.143299 -0.015822 0.228353 0.169513 0.062834 -0.062047 0.062533 0.066237 -0.040215 -0.230290 -0.177806 -0.171509 -0.282581 -0.416556 0.091199 -0.246451 -0.166000 -0.095612 0.123673 0.155799 -0.173882 -0.144232 -0.289428 0.097615 0.544568 -0.037353 0.010421 -0.056232 0.023298 0.135502
