1.000000 0.601733 0.230037 0.194019 0.156541 -0.059205 0.418873 0.113377 0.092080 -0.015822 -0.046212 -0.121936 -0.050633 0.065572 -0.079453 0.024173 0.225372 0.057570 0.465124 0.420411 -0.213232 -0.321834 -0.092332 -0.086228 -0.307468 -0.340446 0.031694 -0.160702 0.179970 0.051987 -0.064546 -0.254138 -0.047284 0.123203 -0.433655 -0.361172 -0.039194 -0.349948 -0.463243 -0.390749 -0.024369 -0.087262 -0.094683 -0.182603 -0.221735 -0.377272 -0.205791 -0.236223 0.066816 -0.145875 -0.362857 -0.069208 -0.288835 -0.339727 -0.268820 -0.329121 0.628976 0.500699 0.460318 0.550737 0.339329 0.354163 -0.064566 0.105736 -0.157976 -0.249718 0.103741 -0.340191 0.355097 0.168808 -0.227165 -0.306654 0.006653 -0.093629 -0.022932 -0.173497 -0.100054 -0.270979 -0.062393 -0.215594 0.006771 -0.161168 0.213174 0.174594 -0.264123 -0.275462 -0.149929 -0.307538 0.094706 -0.039250 0.553753 0.182085 -0.049685 0.124130 -0.492551 -0.109677 -0.130627 -0.346815 0.236337 0.258163 0.257370 0.043035 0.314274 -0.111946 -0.053315 -0.446530 0.204946 -0.014714 0.078372 -0.354602 -0.501844 -0.231417 -0.019747 0.218410 -0.130236 0.046007
0.601733 1.000000 -0.194444 0.209501 0.075300 -0.144743 0.204347 0.305797 0.145760 0.009650 -0.140818 0.189154 -0.130080 0.245064 -0.097852 0.045317 0.219637 0.334833 0.211604 0.538206 -0.319926 -0.499152 -0.299975 -0.209133 -0.430670 -0.493337 -0.096632 -0.338090 0.058391 0.205548 -0.221555 -0.302193 0.011548 0.161053 -0.516389 -0.476264 0.057550 -0.255609 -0.507959 -0.332291 -0.133533 -0.159493 -0.190323 -0.210860 -0.227765 -0.343371 -0.139736 -0.184249 -0.094310 -0.037171 -0.313421 0.002015 -0.172623 -0.283683 -0.263320 -0.224011 0.559587 0.707503 0.215840 0.547436 0.152299 0.467287 -0.141330 0.298133 -0.159457 -0.024245 0.011873 -0.380781 0.356420 0.328464 -0.025506 -0.174015 0.030640 0.022989 -0.044051 -0.240040 -0.132783 -0.169289 0.042104 0.026118 0.006547 -0.057068 0.014657 0.240889 -0.281314 -0.186689 -0.378970 -0.287350 -0.055733 -0.142337 0.557215 0.254280 0.046257 0.021740 -0.433576 -0.186631 -0.190411 -0.165125 0.289197 0.403688 0.307171 -0.001954 0.380088 -0.079446 0.022638 -0.322662 0.135667 -0.008405 -0.023837 -0.311455 -0.489386 -0.130022 0.236240 0.066869 -0.143844 -0.047334
0.230037 -0.194444 1.000000 0.424875 0.140187 0.341460 0.414739 0.185282 0.012382 0.011587 -0.185878 -0.471652 -0.127151 -0.462445 -0.212744 -0.307415 -0.199649 -0.446117 0.238936 -0.237483 0.035802 0.275109 0.530282 0.392498 0.408169 0.441436 0.390525 0.278495 -0.404872 -0.514559 0.108545 0.086640 -0.156122 -0.120528 0.337000 0.443989 -0.345818 -0.305648 -0.170489 0.100960 -0.237517 -0.062469 -0.219839 -0.171436 -0.145439 -0.053737 -0.197619 -0.255649 -0.127831 -0.310887 -0.067703 -0.235313 -0.236463 -0.071923 -0.061695 -0.221946 0.026128 0.028475 0.234099 0.216578 0.089699 0.098152 -0.381754 -0.428363 0.304189 0.259471 0.237841 0.320086 -0.019031 0.009742 -0.062304 -0.080191 -0.371203 -0.355128 -0.112141 -0.159313 -0.053228 -0.019743 -0.124693 -0.289339 -0.388961 -0.434478 0.009075 -0.340324 -0.026602 -0.228160 0.231632 -0.150771 0.581008 0.200161 -0.043536 -0.183729 -0.016898 0.204756 0.133561 0.146188 0.221276 -0.091447 -0.332529 -0.276716 -0.006724 -0.034051 -0.068224 -0.067528 -0.021129 -0.166128 0.192074 0.099324 0.127222 0.117721 0.327524 -0.428630 -0.237193 -0.028868 0.033621 0.077699
0.194019 0.209501 0.424875 1.000000 0.201233 0.597085 0.174265 0.709219 0.049947 0.232478 -0.129730 0.169493 -0.244810 -0.192199 0.042357 0.194405 -0.071460 -0.150323 0.313723 0.332496 0.017276 -0.177820 0.292166 0.641028 0.149653 0.287180 0.372112 0.236770 -0.380188 -0.352936 -0.042534 0.072867 -0.413890 -0.298112 -0.181518 0.161492 -0.146560 -0.325536 -0.456915 -0.151185 -0.164475 -0.005863 -0.535803 -0.408651 -0.514795 -0.340500 -0.443357 -0.456450 -0.530699 -0.451602 -0.396248 -0.384726 -0.450817 -0.359123 -0.226260 -0.346730 0.071134 0.298335 -0.102141 0.308218 -0.216010 0.231379 -0.503730 -0.485316 0.194291 0.474563 -0.178502 0.125196 0.454575 0.341688 -0.017529 -0.281159 -0.518447 -0.177452 -0.233135 -0.128926 -0.348003 -0.174854 0.053323 -0.107292 -0.064706 -0.256013 0.123407 0.183418 -0.026694 0.140255 0.278727 0.098675 0.530317 0.421678 0.241532 0.050157 0.519592 0.133459 -0.221486 0.087893 -0.079209 -0.289550 -0.221534 -0.106348 0.216466 -0.441375 -0.052326 -0.236509 -0.094087 -0.403627 -0.105188 -0.289144 0.088291 -0.208638 -0.095727 -0.260961 -0.129679 -0.150849 0.135186 0.121798
0.156541 0.075300 0.140187 0.201233 1.000000 0.456733 0.175450 0.201494 0.848276 0.711405 -0.068086 0.024324 0.086214 0.069623 0.365057 0.387502 0.003884 -0.017561 -0.045766 0.132738 -0.152375 0.067290 0.039593 0.037730 0.365721 0.037337 0.560502 0.097122 -0.130748 -0.028001 -0.204604 -0.052350 -0.200052 -0.048068 -0.279371 0.031264 0.192355 0.023025 -0.135513 0.057921 -0.188104 -0.006398 -0.433719 -0.496056 -0.408436 -0.429788 -0.376496 -0.386061 -0.427239 -0.280367 -0.250961 -0.253669 -0.205569 -0.145244 -0.107778 -0.244075 0.212970 0.169466 -0.069051 0.088772 -0.033751 0.094159 -0.230996 -0.224538 -0.054870 0.073721 -0.220437 -0.150051 0.142576 0.071804 0.048808 0.037880 -0.086138 -0.109194 -0.168696 0.021145 -0.111040 -0.149099 -0.124598 -0.315155 -0.005609 -0.181570 0.187296 0.274245 -0.244213 -0.117062 -0.128548 0.102276 0.160289 -0.042935 0.305958 0.195302 0.332062 0.396902 -0.036925 -0.143039 -0.097353 -0.400205 -0.255135 -0.163956 0.273630 0.023529 0.102994 0.215019 0.337874 0.187335 0.119356 0.048146 -0.216911 -0.034335 0.025808 -0.270050 0.046365 -0.031408 -0.083396 -0.265378
-0.059205 -0.144743 0.341460 0.597085 0.456733 1.000000 -0.127582 0.296636 0.114997 0.555345 0.163738 0.151336 -0.005134 -0.097714 0.339609 0.468885 -0.158081 -0.140769 -0.099632 -0.102926 0.183015 0.276217 0.526848 0.589218 0.621287 0.572592 0.809133 0.629684 -0.280465 -0.163537 0.100371 0.248177 -0.182554 -0.111708 -0.042067 0.393417 -0.010264 -0.151217 -0.124884 0.056268 -0.003541 0.099948 -0.516950 -0.381725 -0.500761 -0.351411 -0.437668 -0.494473 -0.605962 -0.517507 -0.181272 -0.469812 -0.420410 -0.164033 -0.057998 -0.168485 -0.091474 -0.025109 -0.273078 -0.143687 -0.197791 0.061089 -0.435459 -0.491959 0.213566 0.374551 -0.401393 -0.072233 -0.057882 0.028032 0.009102 -0.102363 -0.337267 0.046891 0.003761 0.077134 -0.120167 -0.040955 0.045935 -0.071859 0.136527 -0.055871 0.336409 0.331766 0.149202 0.199327 0.421235 0.391435 0.510061 0.332527 -0.072564 -0.123306 0.338925 0.129544 0.074681 0.133298 0.133730 -0.237730 -0.315241 -0.221569 0.073105 -0.322635 -0.218455 -0.113051 -0.029776 -0.116942 -0.069100 -0.143251 0.067801 0.012415 0.146032 -0.213859 -0.138881 -0.146654 0.209009 0.105331
0.418873 0.204347 0.414739 0.174265 0.175450 -0.127582 1.000000 0.492317 0.165287 0.056660 -0.294139 -0.234562 0.192189 0.143671 -0.314335 -0.182008 0.137037 0.066426 0.267787 0.138742 -0.359911 -0.140408 -0.213234 -0.236342 -0.251284 -0.194045 -0.212054 -0.507516 0.028510 0.091290 -0.052420 -0.007364 -0.066755 0.172552 -0.165059 -0.144913 -0.225101 -0.242259 -0.479642 -0.079017 -0.189378 -0.053815 -0.159959 -0.300610 0.043355 -0.142708 -0.162380 -0.192767 0.052770 0.023418 -0.416798 -0.161855 -0.245005 -0.174500 -0.400949 -0.356727 0.253614 0.129711 0.446995 0.383629 0.506960 0.385556 0.053126 0.130022 0.016939 -0.016531 0.272563 -0.016717 0.013703 -0.133080 0.008875 0.144854 0.148710 -0.153475 -0.093675 -0.162700 -0.142616 -0.155322 -0.190293 -0.308600 -0.244249 -0.228259 -0.008474 0.009454 -0.612384 -0.568914 -0.431268 -0.265527 -0.040988 -0.381422 0.410994 0.066092 0.016022 0.179649 -0.028967 -0.110828 -0.377294 -0.161471 -0.234541 -0.098675 0.381470 0.292891 0.504748 0.110014 0.315358 0.013735 0.387178 0.300379 0.075838 -0.186292 -0.210558 -0.331726 -0.010627 0.065162 -0.124974 -0.031757
0.113377 0.305797 0.185282 0.709219 0.201494 0.296636 0.492317 1.000000 0.195817 0.282843 -0.245324 0.217446 -0.059459 0.071693 -0.103587 0.074963 -0.122200 -0.018859 0.081769 0.364861 -0.268843 -0.295991 -0.121749 0.270462 -0.166412 0.005395 -0.011026 -0.273237 -0.247862 -0.094145 -0.264720 0.025244 -0.409614 -0.140097 -0.381244 -0.065260 -0.175945 -0.261735 -0.552347 -0.056366 -0.197109 -0.016991 -0.425147 -0.422737 -0.216876 -0.181562 -0.283595 -0.269779 -0.356716 -0.071230 -0.460646 -0.279898 -0.341015 -0.289766 -0.347909 -0.341740 0.031500 0.208255 0.018908 0.379499 -0.018328 0.371342 -0.351838 -0.264719 0.022376 0.396190 -0.095928 0.067847 0.248618 0.190381 0.041956 -0.089681 -0.263687 -0.163732 -0.228912 -0.199353 -0.408443 -0.082346 -0.156538 -0.268401 -0.181961 -0.281920 -0.016953 0.220321 -0.415591 -0.192466 -0.160199 0.082573 0.146522 -0.058193 0.414793 0.130680 0.563673 0.184324 -0.081347 -0.017117 -0.373209 -0.159082 -0.285244 -0.074392 0.520877 -0.106951 0.399944 -0.019358 0.157062 -0.134658 0.113717 -0.035460 0.017639 -0.188161 -0.153428 -0.204374 0.120117 -0.055031 0.049911 0.020745
0.092080 0.145760 0.012382 0.049947 0.848276 0.114997 0.165287 0.195817 1.000000 0.609316 -0.148052 0.039220 -0.028580 0.024582 0.293470 0.240499 -0.021317 -0.020701 -0.073462 0.182336 -0.198765 -0.073905 -0.117120 -0.110511 0.193195 -0.065514 0.216294 -0.186056 -0.124140 0.021198 -0.245194 -0.057695 -0.166916 0.028796 -0.287546 -0.052122 0.175749 0.062631 -0.070923 0.051102 -0.144162 -0.047435 -0.278244 -0.373671 -0.202759 -0.255802 -0.168439 -0.130237 -0.280299 -0.017658 -0.168199 -0.036877 -0.082875 -0.009814 -0.063660 -0.106372 0.166734 0.197023 -0.141189 0.135855 -0.133930 0.140503 -0.280622 -0.170002 -0.049934 0.133842 -0.207375 -0.099899 0.213609 0.109518 0.027400 0.062815 -0.073741 -0.204836 -0.236128 -0.049017 -0.013665 0.020439 -0.189401 -0.253268 -0.135581 -0.238875 0.071488 0.125669 -0.289424 -0.198663 -0.232160 -0.059171 0.001805 -0.173332 0.281762 0.228869 0.330014 0.346990 -0.029506 -0.257601 -0.099229 -0.305880 -0.213173 -0.050652 0.296382 0.103659 0.150248 0.246050 0.356158 0.254531 0.121514 0.060211 -0.337118 -0.016208 0.108302 -0.207574 0.095337 0.008961 -0.177665 -0.384398
-0.015822 0.009650 0.011587 0.232478 0.711405 0.555345 0.056660 0.282843 0.609316 1.000000 0.094244 0.128757 0.055757 0.194949 0.449834 0.578610 -0.014868 -0.017889 -0.058708 0.126310 -0.147083 0.038033 0.133664 0.162406 0.403021 0.213336 0.460476 0.080399 -0.053165 0.167443 -0.053407 0.150240 -0.244481 -0.033338 -0.328170 -0.013342 0.024852 -0.125080 -0.142801 -0.015284 -0.155477 0.016626 -0.466680 -0.533692 -0.379959 -0.404755 -0.454700 -0.434453 -0.529490 -0.254854 -0.320607 -0.377487 -0.410398 -0.284732 -0.268889 -0.350975 0.024557 0.005792 -0.121047 -0.006268 -0.030201 0.253010 -0.224518 -0.189756 0.068493 0.217807 -0.331910 -0.199810 -0.012486 0.072778 -0.041092 0.083767 -0.138030 0.011239 -0.169857 0.010897 -0.076397 -0.025654 -0.119345 -0.336771 0.139947 -0.057914 0.293920 0.397455 -0.106688 -0.147176 -0.019915 0.202596 0.151872 -0.116069 0.224194 0.142280 0.451019 0.359658 -0.058866 -0.192093 -0.246116 -0.447293 -0.488458 -0.227306 0.328816 0.075275 0.112662 0.234809 0.282664 0.119350 0.123754 0.062869 -0.318137 -0.127723 -0.009525 -0.320579 -0.019505 -0.006775 0.048047 -0.202941
-0.046212 -0.140818 -0.185878 -0.129730 -0.068086 0.163738 -0.294139 -0.245324 -0.148052 0.094244 1.000000 0.202851 0.345131 0.068164 0.639516 0.444495 -0.141188 -0.048779 -0.096194 -0.071157 0.002235 -0.054309 0.408411 0.195133 0.086833 0.067924 0.097208 0.286880 0.287586 0.082206 0.292330 0.272464 -0.061452 0.027324 -0.109661 -0.096520 -0.121574 -0.201636 -0.031168 -0.221634 0.169974 -0.127561 -0.075850 0.004003 -0.158796 -0.176833 -0.165897 -0.126098 -0.094685 -0.171929 0.131224 -0.119170 -0.125479 0.018660 0.173198 0.065245 -0.216715 -0.242745 -0.243065 -0.378934 -0.188587 -0.172428 -0.091146 -0.191332 0.316473 -0.098087 -0.442115 -0.348887 -0.145133 0.005712 0.118535 -0.131602 0.002383 0.141788 0.114755 0.094493 0.014429 -0.030195 0.227308 0.199189 0.152007 0.188132 0.483827 0.314111 0.470106 0.265575 0.410404 0.274188 0.243957 0.206467 -0.111510 -0.049539 0.115181 0.086929 -0.156118 -0.083588 0.015322 -0.139670 0.070773 0.033210 -0.012399 -0.081611 -0.205183 -0.078538 -0.210023 -0.148780 -0.176655 -0.176412 -0.045111 -0.156142 -0.175300 0.183779 -0.070751 -0.007006 0.179107 0.090150
-0.121936 0.189154 -0.471652 0.169493 0.024324 0.151336 -0.234562 0.217446 0.039220 0.128757 0.202851 1.000000 0.233566 0.572619 0.270230 0.511592 0.051488 0.354423 -0.144530 0.383982 -0.050971 -0.239174 -0.246596 -0.039830 -0.240549 -0.281127 -0.142202 -0.093087 0.353244 0.389434 -0.164967 -0.059401 -0.004902 0.090586 -0.460958 -0.188502 0.302803 0.108616 -0.038332 -0.013816 0.121076 0.206484 -0.175034 -0.109151 -0.087395 -0.088676 -0.067008 -0.037210 -0.184860 0.144610 -0.061890 -0.036715 0.040943 -0.028412 0.071619 0.131204 -0.134766 -0.007884 -0.426544 -0.286827 -0.267165 -0.027255 0.013400 -0.109114 -0.221027 0.180159 -0.555062 -0.337138 0.216095 0.206773 0.185888 -0.018653 0.241435 0.435980 0.275222 0.144408 -0.000219 -0.031094 0.311451 0.218875 0.260269 0.234927 -0.021342 0.406750 -0.108420 0.303851 -0.026086 0.256028 -0.252531 -0.020812 0.041057 0.017662 0.272047 -0.128733 -0.139921 -0.056956 -0.151889 -0.106034 0.145494 0.080308 0.086636 -0.143012 -0.089003 0.008426 0.025228 0.115960 -0.275585 -0.153293 -0.217448 -0.112526 -0.225534 0.092540 0.213041 -0.151635 -0.021007 -0.224089
-0.050633 -0.130080 -0.127151 -0.244810 0.086214 -0.005134 0.192189 -0.059459 -0.028580 0.055757 0.345131 0.233566 1.000000 0.601611 0.299688 0.331657 0.067906 0.159593 -0.335402 -0.234511 -0.010792 0.023992 0.004996 -0.287229 -0.075698 -0.230265 -0.049488 -0.139155 0.329557 0.349100 -0.147331 -0.160412 0.037833 0.061388 -0.236263 0.014578 0.078236 0.004722 -0.022690 0.133393 -0.019101 0.016830 -0.148485 -0.170000 0.199322 0.018867 -0.181938 -0.200514 0.220623 0.121869 -0.010317 -0.087356 0.077772 -0.040556 0.160786 -0.077880 -0.053640 -0.333048 0.110325 -0.261810 0.344669 -0.063590 0.381359 0.114256 -0.134832 -0.164380 -0.132822 -0.277725 -0.296845 -0.240320 0.202295 0.179590 0.401171 0.252688 0.122155 0.144883 -0.067416 -0.110110 0.098666 -0.028546 0.040070 0.108947 -0.060490 0.101357 -0.334100 -0.254315 -0.188969 0.135306 -0.126071 -0.208901 0.157847 0.016322 -0.004678 0.102948 0.008930 0.036597 -0.163063 -0.144283 -0.026279 -0.155575 0.155331 0.322160 0.145442 0.346024 0.175552 0.219116 -0.002235 0.124043 -0.123419 -0.119785 -0.131632 -0.252280 0.110319 -0.171521 -0.208545 -0.241595
0.065572 0.245064 -0.462445 -0.192199 0.069623 -0.097714 0.143671 0.071693 0.024582 0.194949 0.068164 0.572619 0.601611 1.000000 0.131073 0.473041 0.316076 0.471718 -0.195138 0.181843 -0.179804 -0.228551 -0.432201 -0.493698 -0.357680 -0.447152 -0.265964 -0.380783 0.575225 0.693624 -0.134956 -0.128802 0.122209 0.275425 -0.403865 -0.311935 0.208848 0.052418 -0.143865 -0.091474 0.067025 0.193044 -0.095951 -0.208200 0.117154 -0.145235 -0.114968 -0.148516 0.048450 0.183906 -0.266168 -0.150799 -0.004318 -0.180925 -0.149198 -0.126181 0.106450 -0.063494 0.039682 -0.179761 0.413735 0.264045 0.473866 0.403353 -0.381641 -0.136362 -0.200004 -0.472293 -0.100474 -0.179945 0.197562 0.250522 0.618466 0.496753 0.295991 0.118672 0.046824 -0.069432 0.101482 0.029525 0.290960 0.329835 -0.047191 0.405721 -0.452607 -0.226602 -0.453891 0.037249 -0.439848 -0.438115 0.278958 0.049012 -0.021389 -0.118102 -0.141956 -0.047268 -0.296535 -0.112654 0.089095 0.079080 0.205986 0.282621 0.252630 0.226993 0.289150 0.263982 -0.005348 0.185934 -0.083132 -0.237028 -0.423758 -0.143029 0.070734 0.003138 -0.125506 -0.182441
-0.079453 -0.097852 -0.212744 0.042357 0.365057 0.339609 -0.314335 -0.103587 0.293470 0.449834 0.639516 0.270230 0.299688 0.131073 1.000000 0.702941 -0.124125 -0.073848 -0.012363 0.154013 -0.008043 -0.092386 0.304959 0.217193 0.182167 0.059467 0.296586 0.317014 0.201735 0.089640 0.014971 0.015561 -0.152870 -0.061033 -0.252988 -0.031718 0.173172 -0.015995 0.067657 -0.138311 0.137757 -0.018456 -0.298486 -0.244733 -0.375580 -0.344217 -0.421986 -0.288649 -0.308885 -0.350207 -0.058200 -0.255584 -0.205670 -0.220856 0.111634 -0.158759 -0.148098 -0.145209 -0.276977 -0.289095 -0.244365 -0.124374 -0.131315 -0.255781 0.272283 0.012979 -0.469472 -0.167940 0.166115 0.236926 -0.046371 -0.222745 -0.124320 0.100149 -0.077792 0.186775 -0.034216 -0.203678 0.012705 -0.050565 0.318564 0.190910 0.543910 0.488987 0.410811 0.335514 0.319489 0.247301 0.297365 0.265166 0.032592 0.143139 0.336716 0.236183 -0.265620 -0.002467 -0.005444 -0.385381 -0.120224 -0.151183 -0.029332 -0.186944 -0.322117 -0.032884 -0.173510 -0.210201 -0.387281 -0.411336 -0.220563 -0.122858 -0.182536 0.097829 -0.102814 -0.040031 0.014565 -0.117818
0.024173 0.045317 -0.307415 0.194405 0.387502 0.468885 -0.182008 0.074963 0.240499 0.578610 0.444495 0.511592 0.331657 0.473041 0.702941 1.000000 0.074513 0.162096 -0.044850 0.251807 -0.043004 -0.169868 0.089707 0.119707 0.110868 0.003631 0.282438 0.170962 0.328587 0.375471 0.044436 0.138941 -0.134841 0.046663 -0.415330 -0.127921 0.165409 -0.048817 -0.144420 -0.210377 0.175495 0.069000 -0.358344 -0.370613 -0.368034 -0.441475 -0.441684 -0.404346 -0.420668 -0.287366 -0.252153 -0.288368 -0.244880 -0.208419 -0.147772 -0.232886 -0.039337 -0.025210 -0.275235 -0.216312 -0.060946 0.120536 -0.003444 -0.080841 0.025656 0.071582 -0.510502 -0.419867 0.116780 0.000574 -0.046113 -0.028253 0.022235 0.274829 0.002474 0.136473 -0.130057 -0.154536 0.095422 -0.057100 0.502080 0.260523 0.506138 0.715691 0.111991 0.235597 0.153599 0.323848 0.092607 0.099962 0.184712 0.119891 0.344308 0.092693 -0.325685 -0.049637 -0.249265 -0.407813 -0.100531 -0.046426 0.096542 -0.175466 -0.146588 -0.083897 -0.022563 -0.152233 -0.300970 -0.310628 -0.109171 -0.338662 -0.370629 -0.028718 -0.125627 -0.007527 -0.002565 -0.089521
0.225372 0.219637 -0.199649 -0.071460 0.003884 -0.158081 0.137037 -0.122200 -0.021317 -0.014868 -0.141188 0.051488 0.067906 0.316076 -0.124125 0.074513 1.000000 0.767900 0.212155 0.133937 -0.070423 -0.301308 -0.360738 -0.375398 -0.254793 -0.277993 -0.144153 -0.298359 0.362029 0.428285 0.074393 -0.135952 0.126994 0.035820 -0.210293 -0.409669 0.278322 0.137770 -0.044175 -0.033879 0.137526 0.185639 -0.070142 -0.122598 -0.112158 -0.291128 -0.081307 -0.187291 0.085015 -0.085389 -0.207014 0.037009 -0.079295 -0.102871 -0.225165 -0.103019 0.545332 0.393590 0.081232 -0.052083 0.375375 0.109153 0.361439 0.408534 -0.247613 -0.305308 -0.115217 -0.376531 0.103800 -0.111066 0.161864 0.212338 0.399304 0.237942 0.130594 -0.039251 0.131034 -0.177165 0.368406 0.382340 0.390792 0.429009 -0.058590 0.212707 -0.251363 -0.200169 -0.316361 -0.169849 -0.300617 -0.280751 0.291635 0.155588 -0.052482 -0.002625 -0.224664 -0.013211 -0.300239 -0.136473 0.171982 0.238127 0.178846 0.183626 0.209851 0.075252 -0.037406 0.043530 0.108448 0.178090 0.000417 -0.211815 -0.304582 -0.171943 0.040888 0.047381 -0.123276 -0.067104
0.057570 0.334833 -0.446117 -0.150323 -0.017561 -0.140769 0.066426 -0.018859 -0.020701 -0.017889 -0.048779 0.354423 0.159593 0.471718 -0.073848 0.162096 0.767900 1.000000 0.013085 0.204425 -0.071902 -0.268815 -0.448832 -0.427828 -0.309241 -0.351666 -0.203507 -0.345238 0.461414 0.631209 0.038061 -0.064035 0.202325 0.159733 -0.323253 -0.512699 0.412527 0.263432 -0.084130 0.045203 0.111025 0.285326 -0.132347 -0.147172 -0.094301 -0.283923 -0.078051 -0.174259 -0.041419 -0.000741 -0.224103 0.051798 -0.081140 -0.012692 -0.100912 0.066836 0.387476 0.331274 -0.105593 -0.148386 0.240317 0.059266 0.319145 0.487858 -0.246399 -0.275169 -0.299667 -0.521558 0.031393 -0.078798 0.238871 0.189446 0.579772 0.440702 0.362924 0.031355 0.138205 -0.138216 0.374798 0.446015 0.411410 0.560760 -0.113396 0.334584 -0.280722 -0.136944 -0.390379 -0.072765 -0.403207 -0.356521 0.208672 0.126929 -0.051783 -0.067000 -0.202312 -0.007138 -0.339244 -0.026319 0.213317 0.306987 0.252653 0.252513 0.365676 0.126037 0.100546 0.175775 0.117677 0.190591 0.034099 -0.174100 -0.395317 -0.079315 0.203051 -0.005542 -0.104304 -0.120625
0.465124 0.211604 0.238936 0.313723 -0.045766 -0.099632 0.267787 0.081769 -0.073462 -0.058708 -0.096194 -0.144530 -0.335402 -0.195138 -0.012363 -0.044850 0.212155 0.013085 1.000000 0.628784 -0.136909 -0.297871 -0.082626 0.151376 -0.256531 -0.182062 -0.109004 -0.129910 0.171826 -0.097802 0.076048 -0.105239 -0.013025 -0.153603 -0.157095 -0.282681 0.046132 -0.156820 -0.120360 -0.196449 0.048191 0.004544 -0.159762 -0.165914 -0.306935 -0.294482 -0.385674 -0.230980 -0.098813 -0.375896 -0.494526 -0.160791 -0.294991 -0.390294 -0.207867 -0.333021 0.166607 0.222824 0.280589 0.352721 0.096982 -0.029188 0.082904 0.070741 0.074660 -0.208765 0.297896 0.243788 0.650435 0.450019 -0.414979 -0.401653 -0.166214 -0.183249 -0.105154 -0.289705 -0.226239 -0.510424 -0.019400 -0.174895 0.153937 -0.029584 0.333332 0.201863 0.150785 0.124501 0.107817 -0.158477 0.179512 0.228324 0.312286 0.234431 0.072763 0.061392 -0.378737 -0.016798 -0.189979 -0.332441 -0.017589 -0.072999 -0.110422 -0.155368 0.025179 -0.289295 -0.288513 -0.474131 -0.097300 -0.242503 -0.010332 -0.305961 -0.358741 -0.103875 -0.229520 0.172352 0.076085 0.088827
0.420411 0.538206 -0.237483 0.332496 0.132738 -0.102926 0.138742 0.364861 0.182336 0.126310 -0.071157 0.383982 -0.234511 0.181843 0.154013 0.251807 0.133937 0.204425 0.628784 1.000000 -0.271482 -0.483617 -0.350584 0.032924 -0.495034 -0.447208 -0.194415 -0.288367 0.277915 0.139283 -0.240442 -0.252769 -0.153383 -0.055013 -0.615650 -0.454626 0.267834 -0.106346 -0.229914 -0.226534 0.035544 -0.011399 -0.266284 -0.297659 -0.357326 -0.389174 -0.353855 -0.179906 -0.319236 -0.162021 -0.547876 -0.130145 -0.235614 -0.353692 -0.218523 -0.205037 0.246815 0.383125 0.048260 0.335639 -0.125310 0.061654 -0.078336 0.007647 -0.225567 -0.173817 -0.110621 -0.058940 0.775674 0.614957 -0.332199 -0.387574 -0.029556 -0.113436 -0.135386 -0.232654 -0.313831 -0.404385 -0.107234 -0.214245 0.280198 0.088927 0.292115 0.523011 -0.044420 0.141548 -0.110010 0.027227 -0.073041 0.028289 0.571072 0.439241 0.351027 0.085950 -0.449008 -0.243011 -0.317244 -0.368836 0.164003 0.135402 0.109621 -0.159729 0.201137 -0.166870 -0.030616 -0.288815 -0.144803 -0.227219 -0.166915 -0.357414 -0.514988 0.016903 0.054694 0.203667 0.053659 -0.021566
-0.213232 -0.319926 0.035802 0.017276 -0.152375 0.183015 -0.359911 -0.268843 -0.198765 -0.147083 0.002235 -0.050971 -0.010792 -0.179804 -0.008043 -0.043004 -0.070423 -0.071902 -0.136909 -0.271482 1.000000 0.523889 0.157904 0.115017 0.349645 0.494249 0.234465 0.311340 0.059053 0.057073 0.311666 0.260692 0.134221 -0.016188 0.304081 0.397014 0.307195 0.381609 0.468420 0.223367 0.280764 0.377993 0.176107 0.267576 0.207435 0.347038 0.229151 0.089306 -0.018789 0.028934 0.224147 0.024977 0.112817 0.088266 0.308840 0.236061 -0.266217 -0.311437 -0.317306 -0.332153 -0.361211 -0.340211 -0.003312 -0.181626 -0.056926 0.040493 -0.070555 0.138685 -0.129311 -0.091706 0.086478 0.144366 0.055449 0.159840 0.216077 0.333892 0.051693 0.278879 0.235975 0.200862 0.270024 0.271030 -0.088627 -0.109114 0.324716 0.290243 0.321135 0.102896 0.006664 0.181681 -0.487933 -0.493896 -0.272957 -0.359123 0.224057 0.308474 0.348720 0.172117 0.037004 -0.188904 -0.404972 -0.349649 -0.419065 -0.120969 -0.165553 0.017174 -0.353661 -0.321809 0.162830 0.397612 0.329772 0.035225 -0.225755 -0.123898 -0.056102 0.066898
-0.321834 -0.499152 0.275109 -0.177820 0.067290 0.276217 -0.140408 -0.295991 -0.073905 0.038033 -0.054309 -0.239174 0.023992 -0.228551 -0.092386 -0.169868 -0.301308 -0.268815 -0.297871 -0.483617 0.523889 1.000000 0.221490 0.024953 0.573576 0.576064 0.361613 0.345498 -0.137683 -0.061915 0.167313 0.264281 0.151291 0.031559 0.418781 0.486541 0.269152 0.346185 0.466206 0.467028 0.087756 0.360087 0.072359 0.186586 0.224188 0.334733 0.203012 0.111543 0.008472 0.069768 0.315669 0.052436 0.231854 0.286301 0.337710 0.343202 -0.348035 -0.472613 -0.177796 -0.367667 -0.242628 -0.325575 -0.060999 -0.130236 0.019868 0.062919 0.052859 0.201759 -0.513362 -0.250747 0.103413 0.356871 0.115660 0.073370 0.227715 0.276583 0.146870 0.264402 -0.002242 0.033425 0.028801 0.161016 -0.098969 -0.226800 0.157139 0.069344 0.170257 0.166163 0.021598 0.039490 -0.557752 -0.427025 -0.366138 -0.238152 0.497200 0.228347 0.442045 0.200376 -0.166673 -0.344855 -0.423499 -0.065522 -0.348323 0.103297 0.081742 0.265974 -0.157898 -0.033790 0.115888 0.598624 0.533178 -0.077581 -0.058750 -0.192650 -0.079594 -0.169165
-0.092332 -0.299975 0.530282 0.292166 0.039593 0.526848 -0.213234 -0.121749 -0.117120 0.133664 0.408411 -0.246596 0.004996 -0.432201 0.304959 0.089707 -0.360738 -0.448832 -0.082626 -0.350584 0.157904 0.221490 1.000000 0.747094 0.645445 0.628877 0.603022 0.772791 -0.436844 -0.520645 0.358078 0.314773 -0.132865 -0.118807 0.329702 0.506863 -0.475372 -0.367771 -0.034589 -0.064604 -0.201394 -0.234239 -0.264110 -0.141258 -0.408603 -0.203477 -0.324395 -0.301189 -0.357952 -0.534220 0.126106 -0.353444 -0.351861 -0.052282 0.121522 -0.112032 -0.128141 -0.090028 -0.141519 -0.168654 -0.169843 -0.036240 -0.507637 -0.548341 0.643632 0.303937 -0.254650 0.109482 -0.109450 0.052721 -0.057838 -0.237520 -0.507465 -0.182116 -0.096915 0.030865 0.085262 0.066856 -0.071529 -0.064951 -0.274002 -0.285563 0.271047 -0.197380 0.432492 0.137659 0.691547 0.121706 0.754962 0.512537 -0.222169 -0.152997 0.147278 0.211545 0.071285 -0.033666 0.300493 -0.154935 -0.313921 -0.264055 -0.101509 -0.193236 -0.340511 -0.103672 -0.221907 -0.240121 0.005943 -0.033493 -0.000462 -0.059874 0.279862 -0.187455 -0.270962 -0.121173 0.187654 0.206305
-0.086228 -0.209133 0.392498 0.641028 0.037730 0.589218 -0.236342 0.270462 -0.110511 0.162406 0.195133 -0.039830 -0.287229 -0.493698 0.217193 0.119707 -0.375398 -0.427828 0.151376 0.032924 0.115017 0.024953 0.747094 1.000000 0.423481 0.566420 0.532127 0.683644 -0.486346 -0.558456 0.205888 0.290414 -0.322049 -0.331142 0.137695 0.351709 -0.381882 -0.285955 -0.087332 -0.055899 -0.181157 -0.137991 -0.352928 -0.212058 -0.549044 -0.256533 -0.395175 -0.318357 -0.482786 -0.577601 -0.067047 -0.355069 -0.347890 -0.178077 0.085960 -0.180191 -0.142357 0.003723 -0.242558 -0.011600 -0.371378 -0.101372 -0.560301 -0.629210 0.480787 0.334492 -0.278135 0.250218 0.222545 0.304635 -0.157384 -0.400822 -0.686767 -0.243857 -0.271764 -0.103310 -0.191845 -0.102049 -0.114525 -0.166606 -0.152107 -0.346217 0.230701 -0.054792 0.397171 0.322732 0.717733 0.267943 0.684323 0.646788 -0.071656 0.030217 0.469995 0.212850 -0.029059 -0.002516 0.075990 -0.225975 -0.336053 -0.242828 0.004070 -0.417014 -0.283713 -0.238435 -0.310473 -0.373395 -0.097949 -0.244956 -0.022311 -0.106407 0.124453 -0.050748 -0.187795 -0.099752 0.306793 0.236842
-0.307468 -0.430670 0.408169 0.149653 0.365721 0.621287 -0.251284 -0.166412 0.193195 0.403021 0.086833 -0.240549 -0.075698 -0.357680 0.182167 0.110868 -0.254793 -0.309241 -0.256531 -0.495034 0.349645 0.573576 0.645445 0.423481 1.000000 0.757875 0.693274 0.619519 -0.429237 -0.296929 0.310665 0.375131 -0.104624 -0.180796 0.341748 0.601768 -0.099243 -0.027901 0.159487 0.194685 -0.255478 -0.027252 -0.218089 -0.142273 -0.212659 -0.017190 -0.132685 -0.215176 -0.394211 -0.332919 0.253077 -0.160913 -0.078613 0.175719 0.150600 -0.025380 -0.234096 -0.202870 -0.270248 -0.248300 -0.314718 -0.173606 -0.406916 -0.407265 0.417592 0.351082 -0.185227 0.185502 -0.320249 -0.063518 0.055688 0.147824 -0.324568 -0.040446 0.027029 0.211696 0.086830 0.218198 0.137877 -0.043021 -0.115252 -0.104039 0.022737 -0.197561 0.283248 0.092010 0.401523 0.069814 0.405567 0.264972 -0.420277 -0.269274 0.046100 0.173129 0.249974 0.139265 0.278785 -0.065151 -0.449341 -0.403303 -0.178990 -0.138128 -0.357331 0.117389 0.047223 0.065663 -0.076994 -0.098496 -0.075686 0.283578 0.536649 -0.204667 -0.101438 -0.327903 0.020457 -0.115669
-0.340446 -0.493337 0.441436 0.287180 0.037337 0.572592 -0.194045 0.005395 -0.065514 0.213336 0.067924 -0.281127 -0.230265 -0.447152 0.059467 0.003631 -0.277993 -0.351666 -0.182062 -0.447208 0.494249 0.576064 0.628877 0.566420 0.757875 1.000000 0.546400 0.597058 -0.314427 -0.226233 0.528451 0.642741 0.012155 0.012746 0.518097 0.590744 -0.163428 -0.003496 0.179523 0.140163 0.031498 0.210971 -0.108168 0.051404 -0.078297 0.129264 -0.030861 -0.115838 -0.332858 -0.259199 0.207623 -0.205856 -0.208933 0.116251 0.034845 0.063646 -0.348127 -0.316121 -0.440276 -0.365401 -0.360672 -0.141667 -0.422694 -0.399337 0.415918 0.374837 -0.217024 0.243233 -0.289671 -0.150696 0.066822 0.174178 -0.262484 0.016513 0.075113 0.233858 0.164104 0.351868 -0.009662 0.068523 -0.023409 0.025546 0.156463 -0.130502 0.400743 0.139118 0.535541 0.106422 0.437398 0.226594 -0.540932 -0.443612 -0.044319 -0.166329 0.280151 0.170774 0.313339 -0.008919 -0.386898 -0.322439 -0.264863 -0.361667 -0.417842 -0.184299 -0.140264 -0.040971 -0.122503 -0.175581 0.077189 0.289468 0.494956 -0.066370 -0.317329 -0.112885 0.186110 0.099238
0.031694 -0.096632 0.390525 0.372112 0.560502 0.809133 -0.212054 -0.011026 0.216294 0.460476 0.097208 -0.142202 -0.049488 -0.265964 0.296586 0.282438 -0.144153 -0.203507 -0.109004 -0.194415 0.234465 0.361613 0.603022 0.532127 0.693274 0.546400 1.000000 0.749009 -0.358251 -0.281705 0.083012 0.112481 -0.087354 -0.110659 0.104664 0.380810 0.026200 -0.112152 0.012553 0.105222 -0.133427 -0.025792 -0.451465 -0.320289 -0.521449 -0.340880 -0.421066 -0.500548 -0.504881 -0.575377 -0.028842 -0.379874 -0.290466 -0.149180 0.086008 -0.167159 0.069229 0.078696 -0.174847 -0.079653 -0.155767 -0.061050 -0.410831 -0.424377 0.185553 0.186204 -0.220086 -0.007774 -0.062585 0.060867 -0.008054 -0.120504 -0.349666 -0.038064 -0.085513 0.047161 -0.084374 -0.111238 -0.053483 -0.076713 0.050186 -0.142541 0.230869 0.094002 0.222412 0.158089 0.384786 0.239279 0.545985 0.361804 -0.025841 -0.056196 0.169333 0.207385 0.091756 0.064853 0.253398 -0.252022 -0.225739 -0.213188 -0.045348 -0.269899 -0.246156 -0.016743 -0.026222 -0.114736 0.027545 -0.090761 -0.006675 0.094096 0.236793 -0.251192 -0.097659 -0.088153 0.146333 0.065634
-0.160702 -0.338090 0.278495 0.236770 0.097122 0.629684 -0.507516 -0.273237 -0.186056 0.080399 0.286880 -0.093087 -0.139155 -0.380783 0.317014 0.170962 -0.298359 -0.345238 -0.129910 -0.288367 0.311340 0.345498 0.772791 0.683644 0.619519 0.597058 0.749009 1.000000 -0.349252 -0.430859 0.282762 0.229896 0.027079 -0.088375 0.368082 0.494593 -0.120721 -0.058000 0.164679 -0.053709 -0.031983 -0.034646 -0.120353 0.051311 -0.420801 -0.156059 -0.198509 -0.196700 -0.354298 -0.524690 0.202182 -0.314755 -0.222577 -0.014639 0.161905 0.057072 -0.103283 -0.086997 -0.300619 -0.347312 -0.282490 -0.223231 -0.343341 -0.484196 0.369145 0.175022 -0.277833 0.128447 -0.048882 0.037706 -0.072337 -0.229294 -0.422556 0.012964 -0.002926 0.167247 0.107214 -0.002199 -0.063985 0.063406 0.002595 -0.076334 0.248465 -0.036276 0.573366 0.484861 0.689492 0.276607 0.585239 0.583199 -0.376654 -0.214433 0.002343 0.001013 0.121261 0.081190 0.419010 -0.047567 -0.098104 -0.178236 -0.322237 -0.382505 -0.507242 -0.212391 -0.269137 -0.210906 -0.127786 -0.167793 0.117410 0.105518 0.254091 0.078429 -0.247044 -0.065922 0.270585 0.259142
0.179970 0.058391 -0.404872 -0.380188 -0.130748 -0.280465 0.028510 -0.247862 -0.124140 -0.053165 0.287586 0.353244 0.329557 0.575225 0.201735 0.328587 0.362029 0.461414 0.171826 0.277915 0.059053 -0.137683 -0.436844 -0.486346 -0.429237 -0.314427 -0.358251 -0.349252 1.000000 0.754296 0.163013 0.058748 0.337837 0.395728 -0.245580 -0.419213 0.409545 0.294461 0.175339 -0.011627 0.412314 0.474323 0.145647 0.095078 0.261716 -0.017345 0.055552 0.015023 0.200980 0.234617 -0.129300 0.080314 0.033659 -0.058861 -0.073219 0.078019 -0.038120 -0.213839 -0.092457 -0.302848 0.170718 -0.108516 0.481497 0.398343 -0.355387 -0.412503 -0.145278 -0.441048 -0.015055 -0.124657 0.066788 0.141353 0.763343 0.528578 0.429725 0.222214 0.156822 -0.071022 0.227912 0.115687 0.577977 0.588591 0.273967 0.470802 -0.020461 -0.039037 -0.206843 -0.022881 -0.424050 -0.409308 0.043873 -0.088349 -0.283428 -0.305885 -0.180052 0.044499 -0.194442 -0.050030 0.312110 0.131021 -0.076163 0.099060 0.066837 -0.114536 -0.051038 0.079828 -0.154565 -0.073902 -0.048365 -0.061747 -0.376609 0.111107 -0.025768 0.237328 -0.063659 -0.099556
0.051987 0.205548 -0.514559 -0.352936 -0.028001 -0.163537 0.091290 -0.094145 0.021198 0.167443 0.082206 0.389434 0.349100 0.693624 0.089640 0.375471 0.428285 0.631209 -0.097802 0.139283 0.057073 -0.061915 -0.520645 -0.558456 -0.296929 -0.226233 -0.281705 -0.430859 0.754296 1.000000 0.153159 0.143230 0.365002 0.450254 -0.274314 -0.430205 0.395047 0.297867 0.030717 -0.006469 0.292489 0.460955 0.069355 0.003423 0.266444 -0.039471 0.057254 -0.031524 0.175708 0.304132 -0.112786 0.122485 -0.009695 -0.042296 -0.190012 0.073381 0.050304 -0.094657 -0.114608 -0.238675 0.200244 0.069696 0.419120 0.516141 -0.363249 -0.272876 -0.198199 -0.555705 -0.237140 -0.262418 0.165107 0.363175 0.746778 0.612156 0.373080 0.261749 0.217204 0.109394 0.223514 0.168900 0.561607 0.580364 0.049539 0.416018 -0.246964 -0.216975 -0.448655 -0.079426 -0.595824 -0.579543 0.045309 -0.084649 -0.243807 -0.242867 -0.147426 0.035656 -0.255588 -0.092062 0.190003 0.141461 0.100859 0.209318 0.221338 0.114857 0.226879 0.220326 -0.030079 0.040243 -0.112676 -0.007332 -0.350751 -0.034713 0.047977 0.066895 -0.138254 -0.208263
-0.064546 -0.221555 0.108545 -0.042534 -0.204604 0.100371 -0.052420 -0.264720 -0.245194 -0.053407 0.292330 -0.164967 -0.147331 -0.134956 0.014971 0.044436 0.074393 0.038061 0.076048 -0.240442 0.311666 0.167313 0.358078 0.205888 0.310665 0.528451 0.083012 0.282762 0.163013 0.153159 1.000000 0.811286 0.424221 0.418893 0.364071 0.096858 -0.168029 0.048026 0.048413 -0.257761 0.200145 0.177820 0.179049 0.219129 -0.011681 0.014049 0.110687 -0.014514 -0.078030 -0.195432 0.060498 -0.213572 -0.351671 -0.043416 -0.211561 0.028585 -0.071296 -0.135282 -0.274375 -0.400087 -0.015106 -0.025163 -0.020419 0.011536 0.394359 0.026749 -0.173163 -0.085627 -0.183164 -0.256137 0.000930 0.252317 0.133729 0.340031 0.353226 0.314348 0.411174 0.249797 0.158893 0.285850 0.094782 0.258553 0.328716 0.036486 0.369918 0.146843 0.354941 -0.127376 0.155335 -0.025471 -0.467774 -0.531527 -0.332417 -0.275671 -0.059201 -0.004458 0.092131 -0.019965 -0.112033 -0.160332 -0.250743 -0.213616 -0.266844 -0.320573 -0.261176 -0.118798 -0.011743 -0.018878 0.079090 -0.082388 -0.004692 0.107473 -0.398843 0.034867 0.200147 0.230670
-0.254138 -0.302193 0.086640 0.072867 -0.052350 0.248177 -0.007364 0.025244 -0.057695 0.150240 0.272464 -0.059401 -0.160412 -0.128802 0.015561 0.138941 -0.135952 -0.064035 -0.105239 -0.252769 0.260692 0.264281 0.314773 0.290414 0.375131 0.642741 0.112481 0.229896 0.058748 0.143230 0.811286 1.000000 0.266865 0.381776 0.316464 0.170915 -0.206415 0.078008 0.010376 -0.106086 0.197586 0.242512 0.062412 0.112030 -0.015415 0.025236 0.132275 0.013701 -0.263844 -0.123853 0.039115 -0.252897 -0.263996 0.040953 -0.201233 0.057875 -0.312087 -0.268346 -0.408843 -0.415490 -0.176640 0.064568 -0.158326 -0.076097 0.375055 0.242087 -0.265023 -0.056381 -0.300250 -0.310942 0.123315 0.389392 0.074872 0.317097 0.283231 0.331767 0.301523 0.419202 0.107895 0.165277 -0.000353 0.169165 0.345686 0.129202 0.260692 0.119504 0.345272 0.021794 0.132004 -0.048981 -0.495392 -0.563638 -0.159939 -0.301625 0.122857 -0.082027 0.012483 -0.008588 -0.305354 -0.280867 -0.153673 -0.291419 -0.201743 -0.231534 -0.067571 0.071828 -0.014864 -0.023306 0.056064 0.025390 0.129103 0.055774 -0.304934 -0.058942 0.158751 0.108625
-0.047284 0.011548 -0.156122 -0.413890 -0.200052 -0.182554 -0.066755 -0.409614 -0.166916 -0.244481 -0.061452 -0.004902 0.037833 0.122209 -0.152870 -0.134841 0.126994 0.202325 -0.013025 -0.153383 0.134221 0.151291 -0.132865 -0.322049 -0.104624 0.012155 -0.087354 0.027079 0.337837 0.365002 0.424221 0.266865 1.000000 0.745532 0.306318 -0.000916 0.291935 0.286456 0.326649 -0.001039 0.366552 0.251865 0.317500 0.409056 0.309091 0.245927 0.269372 0.236611 0.279817 0.163637 0.037794 -0.048186 -0.057781 -0.035013 -0.072893 0.273344 -0.003911 -0.120126 -0.102498 -0.383893 0.244516 -0.045484 0.402316 0.394068 -0.068413 -0.145943 0.127376 -0.042455 -0.214296 -0.300696 -0.159130 0.250143 0.495337 0.457820 0.491058 0.296649 0.544236 0.118048 0.066231 0.307379 0.146413 0.355387 0.167494 0.042970 0.114173 0.130441 -0.041521 -0.126672 -0.199394 -0.270937 -0.414580 -0.501030 -0.734091 -0.590676 0.145055 -0.082066 0.291954 0.169537 0.273415 -0.025898 -0.497221 -0.080640 -0.209111 -0.260470 -0.190592 0.124105 0.055001 0.190547 0.012623 0.053712 0.066211 0.049616 -0.178872 0.095811 -0.020930 0.039239
0.123203 0.161053 -0.120528 -0.298112 -0.048068 -0.111708 0.172552 -0.140097 0.028796 -0.033338 0.027324 0.090586 0.061388 0.275425 -0.061033 0.046663 0.035820 0.159733 -0.153603 -0.055013 -0.016188 0.031559 -0.118807 -0.331142 -0.180796 0.012746 -0.110659 -0.088375 0.395728 0.450254 0.418893 0.381776 0.745532 1.000000 0.146980 -0.056986 0.086067 0.139047 0.033975 -0.172387 0.410726 0.261984 0.208885 0.211271 0.246072 0.077253 0.242888 0.145969 0.104239 0.215655 -0.059203 -0.148994 -0.265145 -0.071492 -0.362590 0.119143 0.062612 -0.031593 -0.097311 -0.297965 0.305520 0.343980 0.124815 0.257453 0.023089 0.082731 -0.085992 -0.269301 -0.228944 -0.364676 0.015358 0.307063 0.489948 0.427558 0.427308 0.321527 0.523929 0.253308 -0.150099 0.161824 0.042115 0.229381 0.301411 0.206003 -0.087540 -0.105492 -0.092961 -0.187270 -0.180495 -0.536522 -0.230669 -0.501846 -0.555044 -0.457075 0.083730 -0.172661 0.115544 0.114419 0.153864 0.048440 -0.154266 0.000159 -0.000885 -0.238070 0.023696 0.123819 0.188976 0.275311 0.086971 -0.061154 -0.038945 0.042366 -0.238184 0.263425 0.048727 0.131955
-0.433655 -0.516389 0.337000 -0.181518 -0.279371 -0.042067 -0.165059 -0.381244 -0.287546 -0.328170 -0.109661 -0.460958 -0.236263 -0.403865 -0.252988 -0.415330 -0.210293 -0.323253 -0.157095 -0.615650 0.304081 0.418781 0.329702 0.137695 0.341748 0.518097 0.104664 0.368082 -0.245580 -0.274314 0.364071 0.316464 0.306318 0.146980 1.000000 0.492764 -0.265171 0.114128 0.297623 0.121349 0.001039 0.076328 0.337982 0.416411 0.266510 0.392219 0.274761 0.239794 0.207095 0.010755 0.424266 0.075273 0.128389 0.278748 0.083864 0.187587 -0.344752 -0.317731 -0.145021 -0.353952 -0.000770 -0.149973 0.008818 -0.021646 0.358138 0.176050 0.275939 0.420954 -0.390163 -0.377781 0.151590 0.201479 -0.076039 -0.033344 0.116238 0.151943 0.357852 0.294869 -0.014859 0.174855 -0.163227 -0.004446 -0.154472 -0.462752 0.368242 0.133263 0.301058 -0.091109 0.201158 0.113546 -0.658757 -0.450728 -0.496326 -0.315939 0.439333 0.172397 0.405193 0.375845 -0.081203 -0.135436 -0.470898 -0.147026 -0.421386 -0.243089 -0.183308 0.113056 -0.041915 0.090576 0.266549 0.345697 0.481763 0.146593 -0.373184 -0.022849 0.189297 0.251090
-0.361172 -0.476264 0.443989 0.161492 0.031264 0.393417 -0.144913 -0.065260 -0.052122 -0.013342 -0.096520 -0.188502 0.014578 -0.311935 -0.031718 -0.127921 -0.409669 -0.512699 -0.282681 -0.454626 0.397014 0.486541 0.506863 0.351709 0.601768 0.590744 0.380810 0.494593 -0.419213 -0.430205 0.096858 0.170915 -0.000916 -0.056986 0.492764 1.000000 -0.161718 -0.127141 0.289080 0.217173 -0.056249 -0.114653 0.036694 0.120092 0.188163 0.354756 0.135269 0.154377 -0.136884 -0.022449 0.262215 -0.116585 0.081442 0.250122 0.197894 0.127979 -0.412575 -0.399777 -0.136969 -0.274722 -0.226702 -0.120652 -0.290806 -0.427463 0.191147 0.426763 0.012076 0.433846 -0.246538 -0.116915 -0.036989 0.059776 -0.278280 -0.194162 -0.042244 0.190591 0.079396 0.252011 -0.075050 -0.120776 -0.239937 -0.210865 -0.080412 -0.324904 0.178130 0.075598 0.404156 0.156648 0.332743 0.201937 -0.441071 -0.340301 -0.090453 -0.137466 0.417237 0.020116 0.435721 0.111359 -0.146274 -0.328108 -0.408630 -0.296171 -0.498323 -0.186044 -0.123578 0.161726 -0.129021 -0.019281 0.012112 0.250908 0.713191 -0.016555 -0.170503 -0.237757 0.091910 0.038197
