1.000000 0.362626 0.255190 0.032901 0.210723 0.015829 0.326826 0.309407 0.172560 0.262271 0.169241 0.057785 0.118417 0.293441 0.091652 0.217837 -0.127357 -0.253604 0.486003 0.513723 -0.036415 -0.012907 -0.242290 -0.281590 -0.044808 -0.135452 0.145230 0.014891 0.066713 -0.156396 -0.084650 -0.106096 0.142058 -0.003824 -0.136290 0.069261 0.005159 0.012784 -0.196664 -0.167495 -0.329364 -0.045238 -0.057576 -0.116958 -0.020044 -0.130708 -0.198407 -0.075248 0.156558 -0.062901 -0.206678 -0.255604 0.010157 -0.366425 -0.116727 -0.237922 0.252214 -0.067687 0.298711 -0.025042 0.457837 0.227106 0.070752 0.039083 -0.138237 0.228724 -0.037898 -0.222225 0.153921 -0.073228 -0.003090 -0.033038 0.076458 0.206635 0.313310 0.292078 0.074052 0.017744 -0.143711 -0.268689 -0.130355 -0.239028 0.259308 0.078534 -0.225749 -0.061865 0.065111 -0.221663 0.090429 -0.029979 -0.139317 -0.158902 -0.217353 -0.120511 -0.332148 -0.238953 0.103338 -0.252161 -0.045251 -0.155632 0.172755 -0.028625 0.107891 -0.112902 0.066694 -0.062529 -0.006918 0.061902 -0.232529 -0.224243 0.064926 -0.045425 -0.056266 -0.055872 -0.280716 -0.243548
0.362626 1.000000 0.003027 -0.084557 -0.233848 -0.255621 -0.044514 -0.022902 -0.062087 -0.095120 0.123702 0.026526 0.390029 0.290718 -0.040090 -0.039314 -0.047905 0.091700 0.235789 0.115800 -0.103183 -0.126350 -0.175043 -0.259472 -0.035516 -0.107985 -0.195115 -0.138121 0.057577 0.004070 -0.246511 -0.315264 0.026506 -0.110778 -0.098690 -0.084098 0.007163 -0.063282 -0.110222 -0.176362 -0.166849 -0.161058 -0.118359 -0.132011 -0.146546 -0.208666 0.043720 -0.117955 0.114695 -0.056795 0.143389 0.161537 0.494042 0.032039 0.135134 -0.233254 0.311897 0.420708 0.571254 0.401650 0.214528 0.384168 -0.071092 0.424425 -0.408125 -0.050925 0.268948 -0.137584 0.351472 0.173692 -0.165521 0.004084 -0.039621 0.106241 0.251317 -0.005732 0.000201 -0.114552 -0.090840 0.075625 -0.050432 -0.239233 -0.083312 -0.148543 0.012378 -0.118176 -0.020414 -0.222241 0.005184 0.206471 -0.097318 -0.189514 -0.076412 -0.096347 -0.142514 -0.029999 -0.010163 -0.113903 -0.014092 -0.044023 0.160822 -0.041435 0.059616 -0.114349 0.004533 -0.131701 -0.024330 -0.079145 -0.067191 -0.035599 0.028972 -0.085130 0.050278 0.190607 -0.004745 -0.004945
0.255190 0.003027 1.000000 0.190227 0.326537 -0.122390 0.768159 0.655306 0.262429 0.079257 0.255420 -0.070957 0.313069 0.094177 0.042969 -0.057820 -0.235073 -0.439988 0.324879 0.301513 -0.161113 -0.100253 0.399103 0.072223 0.176289 -0.257003 -0.021004 -0.259814 -0.383208 -0.340597 -0.023956 -0.037154 0.195633 -0.022730 -0.125558 0.029724 -0.359163 -0.333719 -0.280387 -0.099881 -0.376011 -0.383275 -0.526449 -0.482206 -0.257920 -0.398868 -0.494759 -0.481071 0.120930 -0.257854 0.296781 -0.061276 -0.053571 -0.203222 -0.066690 -0.345623 -0.289337 -0.272561 0.247032 0.042101 0.424317 0.092809 -0.021892 -0.276888 0.280762 0.298244 0.150447 -0.008152 0.002284 0.175269 -0.067165 -0.175068 -0.201363 -0.175498 -0.129018 -0.122626 -0.465352 -0.345988 -0.336159 -0.330406 -0.377372 -0.504487 -0.080670 -0.082173 -0.324099 -0.162894 -0.207136 -0.367493 0.135144 0.056709 0.194574 0.107970 0.330159 0.315175 -0.096115 -0.108202 -0.201433 -0.044361 -0.366040 -0.359196 0.124951 0.110576 0.060658 -0.021639 -0.079176 -0.161211 -0.302246 -0.116397 0.038701 -0.134439 -0.146459 -0.270868 -0.316305 -0.048983 -0.075988 -0.128489
0.032901 -0.084557 0.190227 1.000000 0.218694 0.413369 0.053299 0.242619 -0.024307 0.015545 -0.164440 -0.370995 -0.272243 -0.396884 0.153093 -0.035495 -0.464918 -0.220469 0.336071 0.197348 0.231486 -0.182638 0.428174 0.698547 0.289975 0.267480 0.131937 0.170860 -0.381454 0.033307 0.212914 0.407618 -0.298651 -0.414305 0.164648 0.055614 -0.092856 -0.338484 -0.091372 0.016666 -0.070194 -0.131319 -0.406796 -0.428792 -0.476800 -0.365758 -0.407782 -0.327820 -0.381025 -0.461870 -0.290119 -0.303969 -0.145346 -0.091186 -0.149257 -0.407886 0.059631 -0.066851 -0.080555 0.054314 -0.025277 -0.095088 -0.172739 -0.150187 0.429815 -0.159549 -0.087592 0.071185 0.048613 0.103262 -0.146920 -0.204419 -0.003763 0.085580 -0.004283 0.042267 -0.214567 -0.143888 -0.174317 -0.061389 -0.232138 -0.105342 0.156833 0.060826 0.160056 0.175993 0.038041 -0.059360 0.371276 0.370316 0.091253 0.135316 0.408791 0.396351 0.008258 0.097702 -0.247426 -0.138539 -0.406417 -0.323952 0.159923 0.179497 0.152370 0.142734 0.014109 0.004795 0.147995 0.006140 -0.004349 -0.326312 0.042897 -0.138410 -0.302328 0.234772 0.164795 0.131861
0.210723 -0.233848 0.326537 0.218694 1.000000 0.501871 0.351662 0.399310 0.770186 0.691640 -0.161912 -0.168056 -0.257113 0.076847 0.297261 0.256981 -0.323656 -0.293115 0.201224 0.391162 0.185183 0.137272 -0.052021 0.054955 0.286924 0.058269 0.574603 0.317769 -0.431867 -0.206079 0.053950 0.056893 -0.092131 -0.133189 -0.304066 0.122884 -0.116475 0.034106 0.181413 0.198264 -0.138815 -0.003724 -0.115782 -0.105720 0.053150 0.019890 -0.202157 -0.004006 -0.007685 -0.068778 -0.266006 -0.107294 -0.325525 -0.182199 -0.155438 0.017949 -0.198207 -0.409976 0.037392 -0.112782 0.195534 -0.046504 -0.148242 -0.236096 0.215475 0.209548 -0.056588 0.075655 -0.046567 0.053455 -0.159904 -0.020050 -0.382922 0.098879 -0.057333 0.267637 -0.168008 -0.067879 -0.328139 -0.256444 -0.331894 -0.232568 0.188778 0.144857 -0.289729 0.129725 -0.001851 0.102867 0.158656 -0.087852 0.262654 0.170872 0.117628 0.143494 -0.058220 -0.135787 0.184545 0.027738 0.053511 -0.091716 0.116415 0.215052 0.105500 -0.100359 -0.168279 -0.206990 -0.279956 -0.173312 -0.026475 -0.104553 0.151398 -0.028019 -0.152246 -0.075251 -0.186469 -0.105921
0.015829 -0.255621 -0.122390 0.413369 0.501871 1.000000 -0.180511 -0.111547 0.240396 0.376681 -0.140829 -0.305296 -0.441110 -0.421185 0.347212 0.312111 -0.325102 -0.254146 0.050423 0.143092 0.493339 0.366186 0.157885 0.492866 0.628486 0.735563 0.801677 0.857075 -0.183773 -0.110272 0.166491 0.251146 -0.359129 -0.277261 0.290855 0.120018 -0.008229 -0.016132 0.126906 0.017986 0.014260 0.106361 0.044915 -0.067515 -0.299735 -0.101712 -0.061697 0.118693 -0.457060 -0.350731 -0.381604 -0.278971 -0.063651 -0.011381 -0.135274 -0.078489 -0.009222 -0.034259 -0.212661 -0.076252 -0.338831 -0.205666 -0.012354 -0.156764 0.024923 -0.327578 -0.025244 0.208491 0.039631 0.167212 0.152086 0.212116 -0.058041 0.128311 0.077060 0.252519 0.116020 0.170016 -0.170112 -0.199911 -0.216981 0.027461 0.242804 0.219776 0.130384 0.357890 0.014948 0.014365 0.161586 0.161841 -0.075743 0.054906 -0.018216 0.152278 -0.097804 -0.065555 0.005290 -0.180359 -0.198102 -0.299892 -0.126455 0.118896 -0.032252 0.094274 0.136432 0.159601 0.099290 0.091737 -0.264406 -0.161772 0.261892 -0.035384 -0.271838 -0.036996 0.099045 0.084097
0.326826 -0.044514 0.768159 0.053299 0.351662 -0.180511 1.000000 0.741612 0.213962 0.233102 0.334533 0.139091 0.336046 0.325132 0.114312 -0.043967 -0.060988 -0.365459 0.246207 0.251333 -0.214154 -0.224573 0.084910 -0.077299 0.021647 -0.370895 -0.027898 -0.343809 -0.203462 -0.279672 0.125363 0.059402 0.318338 0.192827 -0.277109 0.112987 -0.134301 -0.114423 -0.212736 0.039595 -0.171566 -0.143093 -0.327895 -0.207302 0.070256 -0.144192 -0.352862 -0.314761 0.198840 0.017548 0.192456 -0.100617 -0.195231 -0.285716 -0.076635 -0.057345 -0.371063 -0.532820 0.100715 -0.246057 0.383464 -0.064201 0.184875 -0.369411 0.176063 0.384977 0.045654 -0.180070 -0.119065 -0.041635 -0.231196 -0.176632 -0.081086 -0.167561 0.043943 0.115154 -0.295941 -0.324577 -0.258252 -0.310959 -0.309104 -0.428398 0.154815 0.083768 -0.361712 -0.079150 -0.040408 -0.212987 0.033210 -0.025674 0.132524 0.189051 0.120698 0.047016 -0.196361 -0.183835 0.110885 -0.045646 -0.012532 -0.067901 -0.039297 0.063279 0.072399 -0.173056 -0.270212 -0.313717 -0.367528 -0.312423 0.071516 -0.088520 -0.088977 -0.180784 -0.211857 -0.232771 -0.359062 -0.283574
0.309407 -0.022902 0.655306 0.242619 0.399310 -0.111547 0.741612 1.000000 0.329434 0.369789 0.142552 -0.010110 0.219278 0.307735 0.052352 -0.035913 -0.071916 -0.253513 0.179228 0.356974 -0.191318 -0.192059 -0.048912 -0.149142 -0.002295 -0.399889 0.011095 -0.296281 -0.305737 -0.290325 0.081464 0.008345 0.117246 0.015889 -0.376647 0.121663 -0.181398 -0.226231 -0.148090 0.059471 -0.251759 -0.205364 -0.331946 -0.237353 0.026370 -0.138887 -0.348195 -0.311663 0.146224 -0.065181 -0.025885 -0.194963 -0.322280 -0.426325 -0.127320 -0.196164 -0.196433 -0.390188 0.145706 -0.202228 0.360467 -0.099427 -0.153475 -0.405616 0.157046 0.549910 -0.032549 -0.048787 -0.117568 0.041639 -0.249797 -0.049499 -0.202752 -0.092001 -0.064564 0.049717 -0.418627 -0.292791 -0.217008 -0.233155 -0.216939 -0.274743 0.041229 -0.063698 -0.377737 -0.141746 -0.159550 -0.264319 0.078285 -0.051781 0.354215 0.018545 0.382139 0.102109 -0.080303 -0.194997 0.009475 0.013317 -0.093579 -0.229127 0.280591 0.077953 0.183405 -0.136873 -0.245852 -0.278076 -0.327284 -0.298993 0.025444 -0.222993 -0.123293 -0.206358 -0.096213 -0.062207 -0.203462 -0.174720
0.172560 -0.062087 0.262429 -0.024307 0.770186 0.240396 0.213962 0.329434 1.000000 0.641322 -0.116552 -0.007408 -0.099528 0.194095 0.275964 0.265945 -0.180221 -0.152206 0.087817 0.363632 0.010926 0.111594 -0.217720 -0.226047 0.132661 -0.110589 0.371169 0.107591 -0.415235 -0.241354 -0.262614 -0.273275 0.001033 -0.158695 -0.287004 0.180794 -0.231119 0.076054 0.068526 0.065810 -0.117462 -0.220741 -0.099701 -0.058833 0.161243 0.125283 -0.117155 0.082968 0.206778 0.015584 -0.155218 0.060801 -0.276265 -0.166388 -0.170067 -0.019216 -0.129037 -0.340979 0.228664 0.072805 0.312903 0.091558 -0.229472 -0.178340 0.058660 0.407957 0.079142 0.194849 -0.091344 0.069030 -0.176664 0.036933 -0.563283 -0.015688 -0.250419 0.056389 -0.203486 0.024449 -0.291518 -0.301499 -0.375071 -0.269321 0.101296 -0.004732 -0.451128 -0.008863 0.085793 0.030173 0.116055 -0.232130 0.433600 0.127592 0.149561 0.095953 -0.085716 -0.174406 0.071598 0.131474 0.117115 -0.054755 0.283628 0.205534 0.162393 0.006742 0.003422 -0.112190 -0.164761 -0.038115 -0.094141 0.002374 0.190680 0.028636 -0.099317 -0.079778 -0.138287 -0.112112
0.262271 -0.095120 0.079257 0.015545 0.691640 0.376681 0.233102 0.369789 0.641322 1.000000 -0.166957 -0.023631 -0.121570 0.136520 0.363734 0.450290 -0.138869 -0.236881 0.129124 0.397549 0.164047 0.264530 -0.378085 -0.142725 0.321290 0.144527 0.389994 0.220347 -0.127798 -0.264478 -0.052227 -0.057490 -0.037465 0.042591 -0.310229 0.245829 0.040503 0.000217 0.119807 0.015593 0.003263 0.024801 0.076943 0.002722 0.143701 0.206345 -0.120648 0.125944 -0.055020 -0.035656 -0.354224 -0.134578 -0.248782 -0.221975 -0.226350 -0.043289 -0.072845 -0.317303 0.055713 -0.124782 0.100811 -0.173783 -0.102260 -0.283393 -0.086978 0.313118 0.038734 0.176660 0.081684 0.006895 -0.134725 0.049146 -0.259098 -0.033019 -0.114208 0.278101 -0.020555 0.131110 -0.258705 -0.351612 -0.132776 -0.202746 0.346843 0.236453 -0.267113 -0.028458 0.035531 0.069941 0.042784 -0.068793 0.239669 0.099396 0.099207 0.066015 -0.189716 -0.283441 0.072572 -0.036579 0.022653 -0.145719 0.294442 0.205010 0.045341 -0.200975 -0.108765 -0.141399 -0.229164 -0.088483 -0.150017 -0.146247 0.191638 -0.133820 -0.038586 -0.179631 -0.251480 -0.179403
0.169241 0.123702 0.255420 -0.164440 -0.161912 -0.140829 0.334533 0.142552 -0.116552 -0.166957 1.000000 0.513004 0.613038 0.241368 0.243063 0.009323 0.335922 -0.031066 0.091093 -0.058064 -0.370525 -0.323358 0.130084 -0.136247 -0.132599 -0.256029 0.011249 -0.031423 0.232938 -0.278834 0.006582 0.054281 0.208385 0.096280 0.022185 0.042110 -0.013052 0.098042 -0.208000 -0.000754 -0.202128 -0.078404 -0.142562 -0.045241 -0.042807 -0.176376 -0.147506 -0.295712 0.102237 0.021496 0.309105 -0.036140 0.053689 -0.240310 0.236865 0.021789 -0.357677 -0.089543 0.043963 -0.152309 0.133158 -0.050443 0.390008 -0.083370 -0.006131 0.118421 0.042809 -0.195837 -0.023277 -0.215548 0.105025 0.085638 0.043462 -0.133415 0.193744 0.023738 -0.073122 -0.262425 0.275685 -0.035676 -0.078625 -0.102346 0.230026 0.076213 0.058311 0.196956 0.128448 -0.106528 -0.103862 0.070923 -0.005505 -0.006790 -0.066205 -0.051762 -0.299698 -0.191123 -0.024664 -0.266602 -0.103497 -0.234627 -0.163801 0.030245 -0.266630 -0.010789 -0.272619 -0.319947 -0.159238 -0.304937 -0.229574 -0.076404 -0.204440 -0.211084 -0.275941 -0.327915 -0.205715 -0.301239
0.057785 0.026526 -0.070957 -0.370995 -0.168056 -0.305296 0.139091 -0.010110 -0.007408 -0.023631 0.513004 1.000000 0.370629 0.481130 0.017849 -0.038068 0.263649 0.343544 -0.109971 -0.095271 -0.271513 -0.294731 -0.147767 -0.247407 -0.426355 -0.350941 -0.177106 -0.270899 0.356306 -0.014457 0.127229 0.044553 0.237325 0.358277 -0.038674 0.123433 0.100981 0.142166 -0.083235 0.017283 -0.054921 0.075063 -0.039925 0.108232 0.259456 0.171298 -0.166051 -0.191126 0.235489 0.276462 0.325276 0.149541 0.022185 -0.163889 0.205059 0.118852 -0.355632 -0.279366 -0.050327 -0.275011 0.144551 -0.085158 0.248000 0.060465 -0.075315 0.346157 -0.054608 -0.137012 -0.271381 -0.407891 -0.091125 0.018421 0.007103 -0.115755 -0.002881 0.092844 0.045784 -0.129468 0.187240 0.027246 0.098296 0.068412 0.190016 0.210512 0.166856 0.221994 0.092860 0.087221 -0.160995 -0.211776 -0.030351 -0.030001 -0.304319 -0.299760 -0.063118 -0.081203 0.113903 -0.005470 0.191062 0.073228 -0.205518 -0.016571 -0.213697 -0.112509 -0.298558 -0.329163 -0.222909 -0.285079 0.045780 0.080152 -0.059111 0.013205 0.001511 -0.164511 -0.245339 -0.185646
0.118417 0.390029 0.313069 -0.272243 -0.257113 -0.441110 0.336046 0.219278 -0.099528 -0.121570 0.613038 0.370629 1.000000 0.395143 0.084253 -0.143116 0.346810 0.145356 0.209432 0.069651 -0.246195 -0.355707 0.008486 -0.362610 -0.119290 -0.393706 -0.301744 -0.369040 0.333395 -0.209899 -0.048075 -0.272377 0.239480 0.065974 -0.100514 0.043334 0.117139 -0.083903 -0.335409 -0.247251 -0.176103 -0.299598 -0.140274 -0.089946 -0.027848 -0.176575 -0.046218 -0.274233 0.087342 -0.042987 0.277395 0.017996 0.109596 -0.261601 -0.014638 -0.093831 -0.321108 0.035320 0.259960 -0.016089 0.208286 -0.035501 0.090612 -0.005032 -0.284973 0.073598 0.057946 -0.137408 0.151197 -0.109131 -0.096540 0.115979 0.007231 -0.170129 0.123370 -0.216377 -0.179545 -0.357453 0.106883 0.029513 0.194358 -0.167123 -0.018742 -0.217089 0.095079 -0.035423 0.005479 -0.266004 -0.105858 0.057193 0.125145 0.012577 0.185197 0.153779 -0.241295 -0.091435 -0.189172 -0.118194 -0.105199 -0.088240 0.127641 0.075116 -0.176050 -0.059401 -0.196902 -0.305890 -0.155228 -0.282263 -0.082420 0.074634 -0.106742 -0.078423 -0.053373 -0.049671 -0.042592 -0.259745
0.293441 0.290718 0.094177 -0.396884 0.076847 -0.421185 0.325132 0.307735 0.194095 0.136520 0.241368 0.481130 0.395143 1.000000 -0.090484 0.051514 0.316888 0.146146 0.087609 0.142862 -0.360705 -0.316317 -0.433914 -0.540356 -0.461303 -0.552546 -0.189227 -0.337222 0.090555 0.034362 -0.106795 -0.139774 0.140159 0.174235 -0.359910 0.043609 -0.034101 0.273340 -0.038055 0.107148 -0.215075 -0.013462 0.056094 0.163868 0.364470 0.131467 0.086331 -0.024110 0.360307 0.326478 0.034740 0.105638 0.020493 -0.073276 0.112367 0.145426 -0.046289 -0.265929 0.200313 -0.059089 0.392555 0.251216 0.092874 0.051478 -0.249077 0.459699 -0.038414 -0.294220 -0.008990 -0.176007 -0.259032 0.056126 -0.054638 0.130807 0.078770 0.227839 -0.067780 -0.129821 0.070426 -0.036524 0.017896 -0.001302 0.145404 0.001985 -0.406935 -0.258044 -0.008779 -0.015091 -0.186738 -0.321810 0.120886 0.010222 -0.182984 -0.286511 -0.003253 -0.039225 0.260032 0.050880 0.323865 0.220231 0.059288 0.011307 0.108195 -0.068891 -0.296075 -0.284034 -0.279658 -0.283853 0.071580 0.107236 -0.122031 0.078377 0.131211 -0.020837 -0.167089 -0.091647
0.091652 -0.040090 0.042969 0.153093 0.297261 0.347212 0.114312 0.052352 0.275964 0.363734 0.243063 0.017849 0.084253 -0.090484 1.000000 0.609239 -0.205630 -0.285577 0.092294 0.336519 0.063792 0.098339 0.107173 0.086323 0.379738 0.231868 0.408443 0.382404 0.010342 -0.080113 -0.021029 0.068576 -0.023479 -0.062948 0.053097 0.169669 -0.027098 0.181197 0.155358 -0.039226 -0.023569 0.033972 0.000942 -0.042043 -0.044822 -0.015207 0.017198 0.127648 -0.130812 -0.109455 -0.306668 -0.103810 -0.165239 -0.033109 0.039697 0.059023 -0.217724 -0.277968 -0.107675 -0.189620 -0.046682 -0.108212 0.142297 -0.296854 0.049869 -0.029925 -0.310673 -0.174357 -0.052223 -0.189107 -0.006719 0.061111 -0.173292 0.035181 0.229506 0.369295 0.199043 0.134113 -0.188935 -0.142730 -0.367313 -0.213210 0.500354 0.415374 -0.084039 0.115205 0.174902 0.030392 0.099622 0.080511 0.069479 0.234946 0.087764 0.220345 -0.515763 -0.377313 0.047470 -0.291869 -0.011989 -0.156448 0.101118 0.295992 -0.059945 -0.033738 -0.009720 0.011516 0.105520 -0.000103 -0.389792 -0.236710 0.223616 -0.181739 -0.178398 -0.139509 -0.214861 -0.244361
0.217837 -0.039314 -0.057820 -0.035495 0.256981 0.312111 -0.043967 -0.035913 0.265945 0.450290 0.009323 -0.038068 -0.143116 0.051514 0.609239 1.000000 -0.147642 -0.202620 -0.066545 0.245483 0.136309 0.380029 -0.104463 -0.040133 0.312113 0.289582 0.377419 0.400310 0.126359 0.207196 0.023323 0.129014 -0.016734 0.053276 0.130482 0.216665 0.001051 0.366609 0.338583 0.103414 0.000500 0.276036 -0.012229 -0.120935 -0.158577 -0.110525 0.049654 0.140475 -0.220636 -0.213259 -0.363307 -0.268022 0.030758 0.155886 0.081448 0.062106 0.190406 -0.084359 -0.214127 -0.212133 0.145765 0.199005 0.238261 -0.094164 0.119197 0.146007 -0.346800 -0.338105 0.025272 -0.159455 0.121995 0.104172 0.110009 0.301848 0.280307 0.517800 0.430276 0.452704 -0.026795 -0.039226 -0.167227 0.054973 0.287075 0.624598 -0.272351 -0.233378 -0.246911 0.101019 -0.155366 -0.020944 -0.100589 0.046566 -0.128985 -0.019428 -0.302656 -0.326100 0.152876 -0.186524 -0.041422 -0.169618 0.100048 0.125900 -0.046289 -0.067284 0.062187 0.157467 0.060749 0.114767 -0.312604 -0.070370 0.075082 -0.123512 0.039036 -0.238676 -0.245243 -0.189759
-0.127357 -0.047905 -0.235073 -0.464918 -0.323656 -0.325102 -0.060988 -0.071916 -0.180221 -0.138869 0.335922 0.263649 0.346810 0.316888 -0.205630 -0.147642 1.000000 0.430884 -0.157343 -0.248551 -0.310238 -0.059986 -0.251859 -0.465681 -0.424986 -0.379899 -0.183308 -0.138574 0.436503 -0.210139 -0.079244 -0.141207 0.164439 0.235782 -0.125042 -0.193056 0.327232 0.179483 0.067382 0.092818 0.113249 0.115625 0.390983 0.429673 0.291533 0.176263 0.335757 0.166212 0.186211 0.272450 0.017866 -0.100326 -0.100203 -0.182537 0.112784 0.239960 0.131626 0.196947 -0.161629 -0.203137 -0.179579 -0.174151 0.177555 -0.063174 -0.277950 -0.001528 -0.027370 -0.141481 0.002835 -0.154500 0.143833 0.250073 0.146463 -0.226424 -0.051473 -0.062250 0.107075 0.036921 0.672208 0.208482 0.553352 0.410559 0.104311 -0.246192 0.047043 0.029302 0.231772 0.083492 -0.212812 -0.201224 0.030344 -0.235692 -0.126809 -0.285184 -0.029756 -0.028692 0.015641 -0.023653 0.158604 0.089141 -0.052683 -0.240699 -0.169113 -0.092004 -0.094336 -0.073528 -0.029352 -0.118684 -0.001264 0.205875 -0.336561 0.118324 0.137235 -0.339433 -0.124827 -0.259039
-0.253604 0.091700 -0.439988 -0.220469 -0.293115 -0.254146 -0.365459 -0.253513 -0.152206 -0.236881 -0.031066 0.343544 0.145356 0.146146 -0.285577 -0.202620 0.430884 1.000000 -0.186734 -0.226043 -0.129425 -0.164643 -0.130121 -0.265832 -0.427798 -0.268072 -0.200218 -0.159096 0.555130 0.290806 0.184127 -0.081587 -0.015874 0.091283 -0.061015 -0.155347 0.482473 0.108650 0.163369 0.212245 0.378981 0.246586 0.163348 0.243830 0.143036 0.071158 0.263387 -0.020628 0.088984 0.196080 0.051428 0.131153 0.022122 -0.034306 0.093105 0.198087 0.193239 0.230713 -0.073389 -0.202097 -0.179199 -0.136339 -0.151776 0.316282 -0.155597 -0.021505 -0.230398 -0.254861 -0.203255 -0.369294 -0.089132 0.080982 0.171708 0.030341 0.227858 -0.032487 0.192213 0.057166 0.508902 0.614439 0.613359 0.516148 -0.135063 -0.051830 0.395302 0.002070 -0.067635 0.266291 -0.152113 -0.067433 -0.065497 -0.350248 -0.044652 -0.195190 0.104374 0.013651 0.052071 -0.118356 0.216599 0.088173 -0.147085 -0.236146 -0.207434 -0.172275 -0.139604 -0.102798 0.047663 -0.162975 0.066292 0.111870 -0.184940 0.207151 0.356673 -0.017071 -0.084449 -0.156782
0.486003 0.235789 0.324879 0.336071 0.201224 0.050423 0.246207 0.179228 0.087817 0.129124 0.091093 -0.109971 0.209432 0.087609 0.092294 -0.066545 -0.157343 -0.186734 1.000000 0.709805 -0.050585 -0.203885 0.023999 0.004861 0.071422 -0.118121 0.039289 -0.039701 -0.072676 -0.059494 0.088203 -0.009827 0.057531 -0.051271 -0.218551 -0.078629 -0.103343 -0.221069 -0.380945 -0.232362 -0.221210 -0.306421 -0.183306 -0.251687 -0.182908 -0.235904 -0.171663 -0.205160 -0.000061 -0.155425 -0.229211 -0.149472 -0.133691 -0.263892 -0.406969 -0.328487 0.061670 -0.099409 0.264002 0.187295 0.211759 0.089865 -0.101965 -0.114840 -0.005387 0.057141 0.050006 -0.087762 0.481691 0.148855 -0.196218 -0.226982 -0.018631 0.092941 0.139458 -0.033148 -0.280347 -0.280754 -0.190318 -0.183299 -0.077406 -0.234560 0.135653 -0.070387 -0.025443 0.044098 0.092235 -0.162233 0.075067 -0.013786 -0.060325 0.069788 0.148312 0.210940 -0.109828 -0.012066 -0.122533 -0.188477 -0.222141 -0.169624 0.344716 0.240104 0.164370 0.165448 0.063355 -0.042746 -0.007346 0.048951 -0.104858 -0.156894 0.039499 -0.072980 -0.292245 0.146161 0.056715 -0.030186
0.513723 0.115800 0.301513 0.197348 0.391162 0.143092 0.251333 0.356974 0.363632 0.397549 -0.058064 -0.095271 0.069651 0.142862 0.336519 0.245483 -0.248551 -0.226043 0.709805 1.000000 -0.104697 0.059101 -0.216855 -0.250626 0.068304 -0.116258 0.248370 0.079388 -0.064630 -0.042996 0.000417 -0.218365 0.076876 0.028637 -0.210755 0.158416 -0.120101 -0.065796 -0.186145 -0.236851 -0.168646 -0.239869 -0.162982 -0.217273 -0.004319 0.013274 -0.149541 0.020409 0.141474 -0.027819 -0.320556 -0.169054 -0.317474 -0.252356 -0.371287 -0.193302 0.007427 -0.329970 0.170466 -0.044428 0.379223 0.106204 -0.162583 -0.252957 0.049862 0.388990 -0.142493 -0.063216 0.223664 0.068699 -0.259591 -0.024018 -0.145123 0.076451 0.106001 0.088190 -0.102276 0.033002 -0.323800 -0.258311 -0.214917 -0.244693 0.154163 0.126968 -0.279104 -0.046338 -0.025475 -0.047677 -0.041171 -0.208731 -0.006602 -0.024654 0.049303 0.050802 -0.320264 -0.373500 0.010436 -0.137538 -0.108781 -0.220889 0.418712 0.235164 0.144285 0.133649 0.219581 0.168891 0.097276 0.203920 -0.360889 -0.211880 0.199104 -0.169381 -0.191758 -0.013340 -0.154161 -0.203542
-0.036415 -0.103183 -0.161113 0.231486 0.185183 0.493339 -0.214154 -0.191318 0.010926 0.164047 -0.370525 -0.271513 -0.246195 -0.360705 0.063792 0.136309 -0.310238 -0.129425 -0.050585 -0.104697 1.000000 0.453462 0.169752 0.365781 0.534363 0.557536 0.403559 0.460479 -0.205856 -0.021618 0.043748 0.138262 -0.241842 -0.239310 0.270830 0.092411 0.058792 -0.080645 0.051623 -0.094271 -0.003415 0.149412 0.051065 -0.072620 -0.233763 -0.080097 -0.041634 0.080596 -0.375407 -0.323083 -0.185750 -0.139578 0.139998 0.098148 -0.186712 -0.176983 0.113764 0.171043 -0.052532 0.105721 -0.258990 -0.148279 -0.091708 -0.034435 -0.075697 -0.430314 -0.006289 0.213767 0.253246 0.256213 0.226104 0.173508 -0.003856 0.152710 0.062726 0.115758 0.205316 0.123385 -0.225622 -0.010017 -0.016006 0.070301 -0.124405 0.064419 0.204297 0.142644 -0.111105 -0.138922 0.156276 0.308040 -0.032195 0.004157 0.020441 0.095466 0.034528 0.184041 -0.126538 -0.091758 -0.137536 -0.064413 -0.046449 -0.170643 0.063328 -0.130276 0.103440 0.019301 -0.033990 -0.012410 0.008707 0.114092 0.137535 0.043162 -0.081960 0.131679 0.118534 0.045409
-0.012907 -0.126350 -0.100253 -0.182638 0.137272 0.366186 -0.224573 -0.192059 0.111594 0.264530 -0.323358 -0.294731 -0.355707 -0.316317 0.098339 0.380029 -0.059986 -0.164643 -0.203885 0.059101 0.453462 1.000000 -0.059445 -0.044679 0.313500 0.412741 0.511232 0.491628 -0.028100 -0.156959 -0.167214 -0.197097 0.102062 0.005667 0.152648 -0.142799 0.046762 0.132838 0.296303 -0.037568 0.106495 0.169948 0.149024 0.020125 -0.075520 0.090727 0.128244 0.312934 -0.084106 -0.097160 -0.097695 -0.044689 0.133089 0.219385 -0.008997 0.041313 0.175467 0.136351 -0.047119 0.116782 -0.071630 0.109085 0.021345 -0.034037 -0.158458 -0.179420 0.136024 0.189547 0.107806 0.184409 0.171443 0.272761 -0.099382 -0.203920 -0.066884 -0.028597 0.280782 0.385338 -0.081846 -0.127242 -0.062466 -0.026955 -0.087250 0.166157 -0.142798 -0.089927 -0.274229 -0.099271 -0.084493 0.040670 -0.106192 -0.156042 -0.179531 -0.132759 -0.072021 -0.236700 0.006409 0.058444 -0.094976 -0.224823 -0.004581 -0.163372 -0.000432 -0.128630 0.363270 0.380143 -0.010516 0.268468 -0.268564 0.044098 0.013540 -0.266174 -0.004513 -0.260058 -0.048006 -0.058043
-0.242290 -0.175043 0.399103 0.428174 -0.052021 0.157885 0.084910 -0.048912 -0.217720 -0.378085 0.130084 -0.147767 0.008486 -0.433914 0.107173 -0.104463 -0.251859 -0.130121 0.023999 -0.216855 0.169752 -0.059445 1.000000 0.668821 0.368787 0.183588 0.003623 0.088848 -0.201191 -0.083106 0.139900 0.360417 -0.037799 -0.192716 0.445702 0.031256 -0.132111 -0.133291 0.062017 0.158385 0.028954 -0.004363 -0.427237 -0.441826 -0.509858 -0.516236 -0.307877 -0.452266 -0.330758 -0.423977 0.225048 -0.037918 0.089993 0.226239 0.112404 -0.228706 -0.126204 0.064099 -0.206533 -0.006448 -0.225611 -0.130595 0.034452 -0.167166 0.487750 -0.373901 -0.098216 -0.065039 -0.041779 0.096528 0.118056 -0.100323 -0.021417 -0.008579 0.039363 0.028000 -0.193663 -0.247794 -0.085195 0.055740 -0.225885 -0.137479 -0.065243 -0.034220 0.271402 0.173391 -0.060697 -0.265797 0.366596 0.293122 0.030536 0.219741 0.348434 0.542880 0.130715 0.222278 -0.258529 -0.058177 -0.459931 -0.355531 -0.095883 0.087850 -0.091867 0.117782 -0.110641 -0.094198 -0.094435 -0.164862 0.210909 0.007999 -0.061442 -0.041330 -0.330291 0.064293 0.159806 0.061785
-0.281590 -0.259472 0.072223 0.698547 0.054955 0.492866 -0.077299 -0.149142 -0.226047 -0.142725 -0.136247 -0.247407 -0.362610 -0.540356 0.086323 -0.040133 -0.465681 -0.265832 0.004861 -0.250626 0.365781 -0.044679 0.668821 1.000000 0.508288 0.577085 0.116281 0.280998 -0.290315 0.089447 0.335407 0.659551 -0.243258 -0.211444 0.443926 0.073301 -0.143845 -0.270375 -0.058055 0.014570 0.082143 0.037828 -0.262722 -0.302849 -0.432360 -0.297094 -0.304877 -0.242713 -0.531792 -0.415139 -0.058583 -0.156907 0.051663 0.219114 -0.079256 -0.274635 -0.113676 -0.020372 -0.296427 0.015114 -0.353500 -0.194622 0.058997 -0.106088 0.432343 -0.450437 -0.018826 0.158009 -0.035386 0.107381 0.021937 -0.134247 0.075205 0.082443 -0.054097 0.111362 -0.095633 -0.076317 -0.198189 -0.040365 -0.230638 -0.046648 0.111725 0.156709 0.274143 0.231555 0.010766 -0.058036 0.330869 0.326890 -0.077468 0.283579 0.161693 0.343928 0.146770 0.295002 -0.197953 -0.058219 -0.361884 -0.183640 -0.216383 0.149090 -0.036439 0.189317 0.000373 -0.001672 0.073464 -0.025654 0.145652 -0.076903 0.168719 -0.031840 -0.410326 0.247624 0.255426 0.270633
-0.044808 -0.035516 0.176289 0.289975 0.286924 0.628486 0.021647 -0.002295 0.132661 0.321290 -0.132599 -0.426355 -0.119290 -0.461303 0.379738 0.312113 -0.424986 -0.427798 0.071422 0.068304 0.534363 0.313500 0.368787 0.508288 1.000000 0.660482 0.439910 0.476427 -0.233947 -0.119068 0.047737 0.129632 -0.247741 -0.245616 0.311588 0.150654 -0.199247 -0.161590 -0.076811 -0.183049 0.063341 -0.005755 -0.139895 -0.332970 -0.445796 -0.294254 -0.126894 -0.055326 -0.534088 -0.512513 -0.175266 -0.233352 0.046255 0.110568 -0.248721 -0.315181 -0.069428 0.058817 -0.041321 0.088842 -0.276626 -0.152752 0.026285 -0.206068 0.073552 -0.374137 0.111677 0.218113 0.238289 0.354187 0.181786 0.069799 -0.065001 0.149964 0.077488 0.117557 -0.053038 0.059049 -0.323136 -0.194501 -0.253393 -0.182476 0.028346 0.145661 0.075665 0.137689 -0.132967 -0.285653 0.184522 0.279974 -0.023264 0.107732 0.224713 0.418226 -0.090146 0.012170 -0.289065 -0.195010 -0.434505 -0.363602 0.068428 0.235825 0.031229 0.119008 0.157849 0.114162 0.037204 0.099034 -0.157451 -0.098705 0.265383 -0.142040 -0.347706 0.126388 0.225513 0.128778
-0.135452 -0.107985 -0.257003 0.267480 0.058269 0.735563 -0.370895 -0.399889 -0.110589 0.144527 -0.256029 -0.350941 -0.393706 -0.552546 0.231868 0.289582 -0.379899 -0.268072 -0.118121 -0.116258 0.557536 0.412741 0.183588 0.577085 0.660482 1.000000 0.435141 0.692235 0.007230 0.062716 0.201777 0.258601 -0.201454 -0.106073 0.497934 0.134584 0.017551 -0.071331 0.051100 -0.164302 0.052151 0.160435 0.087132 -0.084307 -0.335981 -0.079153 -0.003809 0.158474 -0.496632 -0.347606 -0.160954 -0.133955 0.147894 0.205953 -0.150660 -0.162303 0.027210 0.158109 -0.253412 0.001154 -0.451197 -0.157541 0.049201 -0.017087 -0.107913 -0.540500 0.077364 0.244611 0.141973 0.191224 0.209670 0.120755 0.163317 0.143011 0.079680 0.148504 0.325068 0.324891 -0.205749 -0.122065 -0.091251 0.023878 0.014522 0.211389 0.239921 0.204001 -0.069284 -0.035814 0.038872 0.229465 -0.263474 0.078543 -0.070495 0.172120 -0.078975 0.026935 -0.110948 -0.155462 -0.245808 -0.195933 -0.136049 0.070552 -0.017927 0.080755 0.234459 0.281524 0.172068 0.259401 -0.196660 -0.110970 0.378478 -0.055109 -0.137680 0.134954 0.220020 0.190428
0.145230 -0.195115 -0.021004 0.131937 0.574603 0.801677 -0.027898 0.011095 0.371169 0.389994 0.011249 -0.177106 -0.301744 -0.189227 0.408443 0.377419 -0.183308 -0.200218 0.039289 0.248370 0.403559 0.511232 0.003623 0.116281 0.439910 0.435141 1.000000 0.812965 -0.177735 -0.147415 0.049240 0.003269 -0.186874 -0.245154 0.046757 -0.058181 -0.007216 0.160591 0.196277 0.066652 -0.029558 0.094270 0.103778 0.021716 -0.131567 -0.050611 0.049556 0.188652 -0.157407 -0.171093 -0.294006 -0.172896 -0.056002 -0.077259 -0.030652 0.027923 -0.051548 -0.152901 -0.071844 -0.055205 -0.110280 -0.005645 -0.100538 -0.196400 -0.110450 -0.136807 -0.057170 0.097652 -0.012281 0.145258 0.125833 0.352767 -0.247537 0.118834 0.110282 0.226392 0.148301 0.127707 -0.102501 -0.166653 -0.315209 -0.063630 0.149457 0.209982 -0.097260 0.292639 -0.094084 -0.084314 -0.019996 0.024422 -0.055013 -0.119841 -0.089007 0.015270 -0.198313 -0.194807 0.095281 -0.193553 -0.086637 -0.334506 -0.048751 0.037798 0.040725 0.016832 0.161709 0.184250 0.023135 0.092749 -0.398521 -0.161905 0.110249 -0.157238 -0.267220 -0.172802 -0.009192 -0.072970
0.014891 -0.138121 -0.259814 0.170860 0.317769 0.857075 -0.343809 -0.296281 0.107591 0.220347 -0.031423 -0.270899 -0.369040 -0.337222 0.382404 0.400310 -0.138574 -0.159096 -0.039701 0.079388 0.460479 0.491628 0.088848 0.280998 0.476427 0.692235 0.812965 1.000000 -0.060752 -0.057992 0.052350 0.123333 -0.318090 -0.249258 0.238246 -0.027284 0.078131 0.189166 0.311708 0.090779 -0.029514 0.152645 0.172569 0.056042 -0.267241 -0.091616 0.091653 0.229652 -0.318877 -0.226346 -0.324714 -0.163637 0.033019 0.056259 0.041625 0.030147 0.110532 0.148085 -0.178350 -0.010812 -0.335299 -0.052593 0.070703 -0.024135 -0.141850 -0.385755 -0.042118 0.081978 0.111941 0.156706 0.291748 0.341197 -0.015968 0.140844 0.192079 0.280191 0.330082 0.241901 -0.011129 -0.019318 -0.129097 0.118298 0.162135 0.203143 0.110664 0.281170 -0.011472 0.067749 0.015113 0.175708 -0.179591 -0.075596 -0.164541 0.046640 -0.146274 -0.128961 0.077101 -0.234780 -0.156264 -0.307670 -0.074537 0.094526 -0.059988 0.086753 0.150646 0.215877 0.094814 0.122576 -0.386655 -0.123944 0.146125 -0.080688 -0.186838 -0.152904 0.041349 -0.002562
0.066713 0.057577 -0.383208 -0.381454 -0.431867 -0.183773 -0.203462 -0.305737 -0.415235 -0.127798 0.232938 0.356306 0.333395 0.090555 0.010342 0.126359 0.436503 0.555130 -0.072676 -0.064630 -0.205856 -0.028100 -0.201191 -0.290315 -0.233947 0.007230 -0.177735 -0.060752 1.000000 0.247190 0.293907 0.019154 0.219854 0.339789 0.122161 -0.075773 0.497609 0.222696 -0.012142 -0.038845 0.256654 0.378232 0.285182 0.238069 0.068748 0.034155 0.280286 0.097954 -0.079778 0.109690 0.019970 -0.129292 0.023007 -0.047356 -0.004693 0.223265 0.046174 0.123824 -0.247594 -0.397430 -0.163587 -0.203693 0.220608 0.119011 -0.269828 -0.164791 -0.276109 -0.391122 -0.056921 -0.419219 0.048004 0.034680 0.584468 0.020090 0.389784 0.152350 0.464376 0.212512 0.447456 0.349584 0.632591 0.404241 0.110188 0.237850 0.391201 -0.024744 -0.070392 0.157040 -0.259307 -0.084867 -0.428203 -0.187141 -0.273431 -0.178134 -0.164199 -0.128030 0.087282 -0.165699 0.147379 0.117707 -0.222570 -0.108404 -0.312071 -0.176878 -0.073330 0.018758 0.150807 0.000104 -0.094830 0.034186 -0.000732 0.096454 0.344713 -0.109219 -0.167600 -0.234350
-0.156396 0.004070 -0.340597 0.033307 -0.206079 -0.110272 -0.279672 -0.290325 -0.241354 -0.264478 -0.278834 -0.014457 -0.209899 0.034362 -0.080113 0.207196 -0.210139 0.290806 -0.059494 -0.042996 -0.021618 -0.156959 -0.083106 0.089447 -0.119068 0.062716 -0.147415 -0.057992 0.247190 1.000000 0.255316 0.214425 -0.275679 -0.045837 0.078543 -0.028225 -0.037109 0.188976 0.081247 0.069570 0.178115 0.201408 0.015700 -0.041193 -0.134737 -0.095061 0.158699 0.077756 -0.129053 -0.065116 -0.156982 -0.070734 0.096040 0.404339 -0.066009 0.098759 0.203384 0.032636 -0.139811 0.025441 0.040042 0.305385 -0.076765 0.297574 0.102130 -0.021877 -0.295334 -0.318889 0.013125 -0.096028 -0.070735 -0.113980 0.473672 0.648192 0.207829 0.148681 0.279363 0.197515 0.078380 0.508255 0.185293 0.420133 -0.162259 0.401027 0.038946 -0.250087 -0.360770 0.284407 -0.283561 -0.131673 -0.323572 -0.034931 -0.185191 -0.206434 0.195492 0.268169 0.064027 -0.033733 0.078721 0.271220 -0.129628 -0.001045 0.055437 0.142649 0.015906 0.200646 0.241166 0.181348 0.151787 0.046277 -0.000406 0.239196 0.278929 0.337391 0.199305 0.265904
-0.084650 -0.246511 -0.023956 0.212914 0.053950 0.166491 0.125363 0.081464 -0.262614 -0.052227 0.006582 0.127229 -0.048075 -0.106795 -0.021029 0.023323 -0.079244 0.184127 0.088203 0.000417 0.043748 -0.167214 0.139900 0.335407 0.047737 0.201777 0.049240 0.052350 0.293907 0.255316 1.000000 0.689223 0.160165 0.425709 0.047114 0.132091 0.187261 -0.087637 -0.015259 0.070261 0.033251 0.171550 0.007035 0.074627 0.061687 -0.010856 -0.014053 -0.139752 -0.197201 0.104873 0.029559 -0.118382 -0.154788 -0.214917 -0.140098 0.046590 -0.265539 -0.271519 -0.490499 -0.543904 -0.249564 -0.342983 0.040791 -0.136143 0.216090 0.009107 -0.422310 -0.276226 -0.253036 -0.288741 -0.123393 -0.017549 0.295260 0.166559 0.284280 0.262385 0.215700 0.005888 0.092808 0.236756 0.215257 0.186836 -0.056893 0.218403 0.218885 0.102858 -0.206143 0.088113 -0.239946 -0.144844 -0.371175 -0.013598 -0.076462 -0.016776 0.034407 0.102704 0.180864 -0.064449 -0.003516 0.002654 -0.166521 0.064476 -0.075571 -0.075709 -0.234659 -0.204883 -0.127301 -0.237023 0.131299 0.038393 0.156791 0.088174 -0.055602 0.117003 -0.073993 -0.044598
-0.106096 -0.315264 -0.037154 0.407618 0.056893 0.251146 0.059402 0.008345 -0.273275 -0.057490 0.054281 0.044553 -0.272377 -0.139774 0.068576 0.129014 -0.141207 -0.081587 -0.009827 -0.218365 0.138262 -0.197097 0.360417 0.659551 0.129632 0.258601 0.003269 0.123333 0.019154 0.214425 0.689223 1.000000 -0.057432 0.234095 0.126322 0.134468 0.070070 -0.040840 0.102719 0.267569 0.058427 0.244947 -0.005711 0.045683 -0.065413 -0.117310 -0.069655 -0.134611 -0.346784 -0.063986 -0.110012 -0.228587 -0.067436 0.006231 0.032696 0.074922 -0.142466 -0.192271 -0.531799 -0.392224 -0.309007 -0.287108 0.196747 -0.185769 0.469329 -0.096473 -0.428480 -0.288119 -0.168603 -0.225811 0.002193 -0.149533 0.328031 0.196797 0.151961 0.446009 0.140024 -0.027960 0.130294 0.173684 0.018725 0.267674 0.263078 0.381163 0.121466 0.071620 -0.022534 0.201340 0.063114 0.089219 -0.219739 0.222273 -0.072495 -0.013473 0.166333 0.289053 0.211127 -0.006893 0.013770 0.082098 -0.310882 -0.025107 -0.171498 -0.075956 -0.375003 -0.340103 -0.164387 -0.345142 0.283642 0.072539 0.066723 0.179888 -0.203138 0.108680 -0.092437 0.003879
0.142058 0.026506 0.195633 -0.298651 -0.092131 -0.359129 0.318338 0.117246 0.001033 -0.037465 0.208385 0.237325 0.239480 0.140159 -0.023479 -0.016734 0.164439 -0.015874 0.057531 0.076876 -0.241842 0.102062 -0.037799 -0.243258 -0.247741 -0.201454 -0.186874 -0.318090 0.219854 -0.275679 0.160165 -0.057432 1.000000 0.647268 0.070412 0.022347 0.144631 0.076265 -0.031987 -0.026599 0.057053 0.027470 0.051235 0.155516 0.362623 0.201890 0.164363 0.112125 0.181606 0.371276 0.218203 0.116595 -0.132572 -0.106655 -0.027709 0.192322 -0.259730 -0.287836 -0.249045 -0.335422 0.052221 -0.133315 0.171902 -0.234836 -0.013538 0.104897 -0.064019 -0.196478 -0.157344 -0.243538 -0.164556 -0.045550 -0.103139 -0.314363 0.035426 -0.015175 0.078892 0.033990 -0.011373 -0.206394 -0.048125 -0.286928 -0.063567 -0.045164 -0.117278 0.070207 -0.025330 -0.209933 -0.243017 -0.279646 -0.156486 0.057598 -0.159633 -0.147775 -0.226377 -0.341691 0.259803 0.083938 0.240779 0.081502 -0.061338 -0.051962 -0.000812 -0.107310 0.039078 -0.010640 -0.142472 -0.013552 -0.178150 0.105011 0.086380 -0.018444 -0.029296 -0.264654 -0.331409 -0.346417
-0.003824 -0.110778 -0.022730 -0.414305 -0.133189 -0.277261 0.192827 0.015889 -0.158695 0.042591 0.096280 0.358277 0.065974 0.174235 -0.062948 0.053276 0.235782 0.091283 -0.051271 0.028637 -0.239310 0.005667 -0.192716 -0.211444 -0.245616 -0.106073 -0.245154 -0.249258 0.339789 -0.045837 0.425709 0.234095 0.647268 1.000000 -0.070900 0.188598 0.174026 -0.037058 0.039438 -0.065348 0.069204 0.179392 0.229880 0.326273 0.548392 0.385356 0.225029 0.141007 0.186990 0.542516 0.176442 0.125055 -0.080710 -0.112124 0.018076 0.256659 -0.226239 -0.281913 -0.420169 -0.534709 -0.111152 -0.295326 0.288194 -0.073887 0.043110 0.236671 -0.263517 -0.279948 -0.201287 -0.389572 0.058800 -0.051222 0.144795 -0.119859 0.106981 0.135493 0.311921 0.179896 0.094383 -0.005612 0.155097 -0.005697 0.008487 0.199873 -0.003191 -0.002712 -0.068234 0.122968 -0.386944 -0.357444 -0.406180 -0.064962 -0.386202 -0.421349 -0.174228 -0.309746 0.324369 -0.004361 0.344513 0.228060 -0.249591 -0.213209 -0.168622 -0.268937 -0.069236 -0.073247 -0.181906 -0.020839 -0.070294 0.081945 0.013342 0.016147 0.078680 -0.249346 -0.376564 -0.307918
-0.136290 -0.098690 -0.125558 0.164648 -0.304066 0.290855 -0.277109 -0.376647 -0.287004 -0.310229 0.022185 -0.038674 -0.100514 -0.359910 0.053097 0.130482 -0.125042 -0.061015 -0.218551 -0.210755 0.270830 0.152648 0.445702 0.443926 0.311588 0.497934 0.046757 0.238246 0.122161 0.078543 0.047114 0.126322 0.070412 -0.070900 1.000000 0.313519 -0.117168 0.049478 -0.013706 -0.124810 0.108902 0.201154 -0.106985 -0.194209 -0.322880 -0.119212 -0.072802 -0.052234 -0.438334 -0.298863 0.030987 -0.163393 0.122665 0.352688 -0.051335 -0.201713 0.090418 0.132891 -0.363197 -0.080376 -0.287387 -0.099558 0.096313 -0.121360 0.151398 -0.397294 -0.045582 0.109700 -0.075267 0.030520 0.142541 0.213288 0.187774 0.134023 0.079749 0.147510 0.145658 0.351264 -0.036008 -0.086682 -0.099926 0.106605 -0.004008 0.059381 0.243139 0.156688 0.002209 -0.248059 0.115327 0.103630 -0.188226 0.061854 -0.130035 0.135566 -0.060139 0.022703 -0.220895 -0.143993 -0.289918 -0.203022 -0.163747 -0.008301 0.031645 0.301692 0.293796 0.354036 0.310075 0.228942 -0.131827 0.084287 0.211833 0.082827 -0.143632 -0.017174 0.198658 0.146302
0.069261 -0.084098 0.029724 0.055614 0.122884 0.120018 0.112987 0.121663 0.180794 0.245829 0.042110 0.123433 0.043334 0.043609 0.169669 0.216665 -0.193056 -0.155347 -0.078629 0.158416 0.092411 -0.142799 0.031256 0.073301 0.150654 0.134584 -0.058181 -0.027284 -0.075773 -0.028225 0.132091 0.134468 0.022347 0.188598 0.313519 1.000000 -0.076168 0.152915 0.007589 -0.015018 0.067918 0.116828 -0.140780 -0.115093 0.144434 0.240530 -0.229526 -0.048342 -0.049733 -0.015323 0.006620 -0.029681 -0.170678 0.065115 -0.095746 -0.030916 -0.157704 -0.338755 -0.218669 -0.322545 0.082496 -0.195846 -0.026603 -0.268197 0.335748 0.345067 -0.231290 0.081577 -0.088985 -0.143395 -0.044771 0.155987 -0.031507 0.248801 0.104229 0.253522 0.196522 0.347780 -0.189045 -0.172880 -0.244964 -0.125023 0.186666 0.220643 -0.098329 0.035808 0.127792 0.158355 0.089318 -0.010124 0.079280 0.166733 -0.086671 0.026890 -0.221150 -0.212772 0.111066 -0.096715 -0.028937 -0.077830 0.051957 -0.039186 0.013912 -0.056241 -0.116082 -0.173963 -0.134387 -0.166155 -0.122934 0.203500 0.397464 0.099578 0.031159 -0.168796 -0.297485 -0.296198
