1.000000 0.549751 0.288239 0.239378 -0.052905 -0.052061 0.196685 0.282426 -0.184059 -0.152249 0.063758 -0.129837 -0.155571 -0.084012 0.026959 0.025001 -0.220846 -0.108251 0.563776 0.432737 -0.158660 -0.008013 -0.095964 0.034683 -0.306306 -0.330324 0.032527 0.095894 -0.124462 -0.221242 -0.077096 -0.185087 0.043199 -0.029520 -0.165207 -0.296723 -0.004131 -0.376035 -0.112901 -0.034960 -0.106239 0.085249 -0.487468 -0.456561 -0.320178 -0.409844 -0.512737 -0.423032 -0.208473 -0.326519 -0.422675 -0.341822 0.017858 -0.440504 -0.047634 -0.346306 0.318643 0.377148 0.599492 0.442722 0.337851 0.327382 0.160770 0.284613 -0.068788 -0.228892 0.310465 0.010749 0.319877 0.152529 0.233180 -0.191814 -0.058102 0.072670 -0.305606 -0.075268 0.001471 -0.132728 -0.337372 -0.225146 -0.058629 -0.006576 0.055493 0.118008 -0.010251 -0.037863 -0.131714 -0.304537 0.376922 0.402458 -0.022119 -0.037663 -0.006592 0.049733 0.009758 0.086067 -0.151431 0.034648 -0.133569 0.186655 0.197696 0.111893 0.264091 0.039728 -0.006526 -0.175142 0.226018 0.007064 0.090240 0.125013 -0.117159 -0.439110 0.046201 0.248849 -0.054850 0.029248
0.549751 1.000000 -0.005910 0.537297 -0.172974 -0.148173 -0.122622 0.529429 -0.264278 -0.361675 -0.206324 -0.056276 -0.177341 0.027390 0.119226 0.008070 -0.117777 -0.056158 0.553252 0.651541 -0.279109 -0.096066 -0.335826 -0.003534 -0.385842 -0.285225 -0.090689 -0.046997 0.005525 -0.394201 -0.136745 -0.349747 -0.279328 -0.292025 0.003675 -0.343803 0.219975 -0.132124 0.075674 0.079817 0.009206 0.143280 -0.590082 -0.612551 -0.599770 -0.609281 -0.476911 -0.432946 -0.576306 -0.527674 -0.530029 -0.284634 0.307747 -0.321995 0.134444 -0.363551 0.232814 0.581660 0.429602 0.635929 -0.032108 0.385637 0.142029 0.235783 -0.372164 -0.098047 0.361094 0.025847 0.590087 0.593767 0.193997 -0.294152 -0.124521 0.089662 -0.570143 0.255757 0.072930 -0.203192 -0.104621 -0.129456 0.108225 0.137375 0.275710 0.452937 0.075066 0.293044 0.057948 -0.158310 0.287362 0.432860 0.393265 -0.011425 0.018093 -0.265100 0.339904 0.374183 -0.090858 0.170584 -0.011286 0.068110 0.407860 -0.224973 0.108869 -0.310503 -0.329078 -0.407020 0.216519 -0.315666 0.324426 0.278494 0.091884 -0.329344 0.189449 0.262923 0.051460 0.168411
0.288239 -0.005910 1.000000 0.039987 0.155626 0.211498 0.741251 0.111088 0.018188 0.178077 -0.066552 -0.139912 0.006574 -0.194435 -0.046159 0.107842 -0.301156 -0.384407 0.189814 -0.013850 0.026267 0.103790 0.625870 0.309227 0.239187 -0.002715 0.150268 0.163744 -0.354919 -0.178968 -0.090440 -0.019309 0.233332 0.226937 -0.254190 -0.013307 -0.355605 -0.385000 -0.150727 -0.009262 -0.397035 -0.102353 -0.291228 -0.258054 -0.033036 -0.003513 -0.318802 -0.260949 0.070647 -0.082993 -0.028044 -0.238297 -0.145483 -0.407305 -0.225461 -0.262778 -0.089187 0.005439 0.242214 0.017279 0.507336 -0.153460 0.011939 -0.127540 0.359694 -0.184780 0.171068 0.110809 0.014765 0.011495 0.018591 -0.089117 -0.234785 -0.096433 -0.029763 -0.342501 -0.379064 -0.259491 -0.238585 -0.234530 -0.350697 -0.357842 -0.062857 -0.056101 -0.020008 -0.127769 -0.140293 -0.271009 0.318637 0.206376 -0.076373 0.005274 0.150356 0.333855 -0.035744 -0.062577 0.105810 0.086792 -0.300609 -0.031687 -0.265228 0.145621 0.102892 0.200068 0.088116 -0.056414 -0.100471 -0.029067 -0.016366 0.054773 0.012000 -0.411269 -0.067534 -0.027190 -0.145908 -0.326803
0.239378 0.537297 0.039987 1.000000 0.243948 0.300489 -0.024446 0.486702 0.197839 0.162561 -0.649513 -0.247656 -0.504911 -0.531749 0.391116 0.442167 -0.489544 -0.571375 0.642011 0.725527 0.286478 0.375152 -0.046444 0.495399 -0.086215 0.197008 0.363512 0.384340 -0.270007 -0.316927 -0.112425 -0.275866 -0.577579 -0.499837 -0.020130 -0.141905 0.434742 -0.032326 0.240436 0.259115 0.215271 0.169954 -0.382449 -0.498914 -0.599394 -0.530515 -0.194327 -0.172311 -0.608106 -0.593683 -0.372067 -0.396342 0.323634 -0.185926 0.140209 -0.235414 -0.067085 0.426445 0.358910 0.542095 -0.121809 -0.075218 -0.386879 -0.387354 -0.173651 -0.303349 0.508246 0.258225 0.548314 0.517599 0.018966 -0.263955 -0.355038 -0.309116 -0.360608 0.162954 -0.039233 -0.159008 -0.142045 -0.476092 -0.160393 -0.170207 0.635340 0.786425 0.287977 0.509733 0.304472 0.202584 0.591800 0.456129 0.473071 -0.011036 0.288516 -0.131556 0.362230 0.332872 0.128392 0.088805 0.094303 -0.230128 0.278011 -0.455294 -0.095010 -0.527807 -0.376518 -0.451776 0.125800 -0.324072 0.218056 0.257862 0.269095 -0.438405 -0.141531 0.153067 0.033122 0.048755
-0.052905 -0.172974 0.155626 0.243948 1.000000 0.835523 0.234975 -0.055319 0.718204 0.714519 -0.364808 -0.206679 -0.251401 -0.398046 0.176263 0.577215 -0.489855 -0.252013 -0.023650 0.031863 0.670969 0.589320 0.274259 0.482702 0.683906 0.635837 0.908119 0.783612 -0.322392 -0.058997 0.195322 0.034471 -0.235692 -0.134396 -0.356668 -0.102017 0.147776 -0.216139 -0.046046 -0.040580 0.168126 0.140292 -0.103839 -0.157479 -0.197773 -0.245132 -0.065436 -0.103199 -0.101834 -0.120154 -0.121975 -0.158355 -0.032612 -0.002236 -0.141049 -0.287627 -0.063061 -0.000141 0.172714 0.204017 0.155989 -0.014349 -0.293585 -0.253829 0.094904 -0.270150 0.053575 -0.078650 -0.082083 0.066538 0.171955 0.338570 -0.190071 -0.238103 0.197435 -0.233588 -0.269726 -0.003988 -0.154076 -0.371885 -0.290082 -0.270428 0.243092 0.314453 0.093837 -0.038345 -0.175194 -0.168861 0.341169 0.264966 -0.145763 -0.202625 0.159571 0.024583 0.073388 -0.099066 -0.139261 -0.157797 -0.140143 -0.307462 0.005413 -0.018910 0.112309 -0.026840 0.188287 0.086528 0.146009 0.102390 -0.136057 -0.197918 -0.211141 -0.290091 -0.128005 0.121760 0.205667 0.070107
-0.052061 -0.148173 0.211498 0.300489 0.835523 1.000000 0.270234 -0.077408 0.575578 0.679274 -0.341234 -0.107473 -0.230259 -0.409978 0.127569 0.610205 -0.442976 -0.392881 0.015239 0.081823 0.708142 0.641790 0.296471 0.524855 0.600783 0.588955 0.913268 0.869387 -0.454408 -0.097565 0.057584 -0.050695 -0.285317 -0.202764 -0.415124 -0.077013 0.012638 -0.263324 -0.063812 0.007353 0.118964 0.099063 -0.042677 -0.102446 -0.108739 -0.077851 0.033671 0.026860 0.033281 -0.011780 0.053501 -0.070298 0.022824 0.010127 -0.086323 -0.158276 -0.266232 -0.135271 0.149490 0.190204 0.232721 -0.059722 -0.372579 -0.377718 0.142022 -0.286791 0.038149 0.029390 -0.157654 0.037443 0.134649 0.272727 -0.367721 -0.363601 0.118002 -0.295437 -0.414190 -0.104009 -0.163618 -0.473094 -0.400354 -0.498327 0.275404 0.257587 0.113395 -0.030175 -0.050793 -0.048011 0.346062 0.289986 -0.058161 -0.082319 0.281576 0.098520 0.066107 -0.035311 -0.027248 -0.080401 -0.047305 -0.290589 -0.124111 -0.004315 0.066374 -0.014999 0.122809 0.026940 0.062046 -0.019785 -0.125372 -0.087198 -0.151487 -0.282978 -0.175720 0.050102 0.101471 -0.031766
0.196685 -0.122622 0.741251 -0.024446 0.234975 0.270234 1.000000 0.247695 0.084093 0.253605 0.082509 0.034246 0.231314 -0.017044 -0.014626 0.133932 -0.347732 -0.224719 0.021660 -0.069211 0.012790 -0.001128 0.507151 0.261191 0.120453 -0.159980 0.187980 0.122508 -0.136588 -0.032670 0.028264 0.200817 0.286020 0.316045 -0.428916 -0.021351 -0.506921 -0.431286 -0.197305 0.041199 -0.448639 -0.171964 -0.289850 -0.294100 -0.024647 -0.007718 -0.370080 -0.274796 0.177770 -0.009588 -0.115087 -0.300603 -0.331708 -0.341883 -0.321435 -0.254661 -0.107841 -0.088365 0.138699 -0.028164 0.688998 -0.004423 0.043065 0.101442 0.595162 0.007772 -0.083190 -0.179331 -0.132542 -0.137616 0.041131 -0.020830 -0.078371 -0.051421 0.067841 -0.248528 -0.490322 -0.303160 -0.165590 -0.269660 -0.410544 -0.417887 -0.068834 -0.108807 -0.122180 -0.284553 -0.137570 -0.337355 0.361323 0.288354 -0.045010 -0.090158 0.146083 0.301325 -0.091812 -0.114799 0.114876 0.184429 -0.302389 0.006119 -0.296635 0.294682 0.134701 0.294280 0.126177 -0.002743 -0.162099 -0.012402 0.080406 -0.000418 -0.099845 -0.443827 -0.252378 -0.225939 -0.326481 -0.411753
0.282426 0.529429 0.111088 0.486702 -0.055319 -0.077408 0.247695 1.000000 -0.306754 -0.314623 -0.086880 -0.040464 -0.017209 0.108972 -0.065408 -0.042238 -0.406108 -0.136165 0.241307 0.317497 -0.257925 -0.229413 -0.162261 0.117860 -0.394004 -0.361651 0.009197 0.033112 0.035390 -0.342813 -0.010647 -0.172891 -0.193320 -0.197200 -0.023991 -0.267676 0.051114 -0.281662 0.000794 0.040814 -0.075026 0.095654 -0.390966 -0.410207 -0.394320 -0.448698 -0.353729 -0.350021 -0.247350 -0.256840 -0.332441 -0.267095 0.136025 -0.234058 0.011379 -0.267385 0.191941 0.183313 0.360819 0.462020 0.178622 0.305511 0.276726 0.171593 -0.126998 0.209552 0.191176 -0.156970 0.171667 0.178922 0.166582 -0.269666 0.067644 0.228173 -0.523819 0.380810 -0.108485 -0.272719 -0.258278 -0.181235 -0.130316 -0.051805 0.091880 0.316727 -0.129481 0.130868 -0.137889 -0.281186 0.321003 0.462018 0.240222 -0.150317 0.030093 -0.253094 0.140475 0.121691 -0.103871 0.183283 -0.068423 -0.151346 0.245326 0.035789 0.225062 -0.079593 -0.113563 -0.177858 0.013467 -0.186689 0.171145 0.018844 -0.038063 -0.390367 -0.031842 -0.105749 -0.136313 0.046491
-0.184059 -0.264278 0.018188 0.197839 0.718204 0.575578 0.084093 -0.306754 1.000000 0.877139 -0.509026 -0.094570 -0.373183 -0.446547 0.331262 0.685009 -0.291974 -0.334753 0.014324 0.040716 0.690849 0.507776 0.054273 0.317232 0.674900 0.738558 0.627387 0.481285 -0.339265 0.087291 0.032377 0.126405 -0.092310 -0.015624 -0.309302 -0.055525 0.151470 0.010833 -0.064918 -0.037629 0.101701 -0.039954 0.006219 -0.010706 -0.035206 0.002235 0.064490 0.026195 -0.105365 -0.099330 0.009180 -0.067482 -0.034130 0.035238 -0.194835 -0.188808 -0.296282 -0.075962 0.023787 0.051739 -0.047944 -0.226622 -0.471814 -0.320171 0.087105 -0.342905 0.147805 0.216759 0.009952 0.060413 0.005357 0.324973 -0.365991 -0.442611 0.422039 -0.258454 -0.178132 0.004816 0.030512 -0.344167 -0.115659 -0.098415 0.315761 0.340343 0.270640 0.251028 0.115224 0.068063 0.145571 -0.010903 -0.065682 -0.058416 0.061877 0.014066 0.138452 0.041224 -0.024853 -0.102273 -0.043915 -0.245718 -0.096900 -0.199044 -0.102388 -0.121556 0.001252 -0.063019 0.103959 0.048528 -0.119636 -0.086448 -0.048011 -0.164543 -0.246768 0.053003 0.154215 0.027965
-0.152249 -0.361675 0.178077 0.162561 0.714519 0.679274 0.253605 -0.314623 0.877139 1.000000 -0.413758 -0.058899 -0.284952 -0.388344 0.260361 0.690954 -0.330107 -0.396409 -0.049564 -0.055861 0.674492 0.555701 0.152166 0.347377 0.708978 0.686823 0.642712 0.506016 -0.454022 0.103560 0.048843 0.107644 -0.043032 0.045675 -0.412775 0.068721 0.023222 -0.009899 -0.043042 0.060919 0.090709 -0.035300 0.038291 -0.014623 -0.032929 0.052693 0.084643 0.066107 0.029119 -0.007334 0.108037 -0.057821 -0.025968 0.020770 -0.205978 -0.095233 -0.443656 -0.245453 0.048530 0.016004 0.164946 -0.139215 -0.439854 -0.310872 0.195213 -0.250360 0.077052 0.164177 -0.131099 -0.102502 -0.135838 0.308740 -0.322855 -0.436806 0.460859 -0.341946 -0.274071 0.035546 -0.078294 -0.488678 -0.321867 -0.350786 0.244463 0.184146 0.183797 0.090043 0.118129 0.040924 0.246907 0.038101 -0.087895 -0.099546 0.239460 0.109702 0.095383 -0.124949 0.067532 -0.054614 -0.105907 -0.292286 -0.170544 -0.109212 -0.113367 -0.035427 0.092313 0.043131 0.028966 0.078836 -0.169672 -0.118318 -0.050334 -0.222488 -0.305208 0.029307 0.051440 -0.059053
0.063758 -0.206324 -0.066552 -0.649513 -0.364808 -0.341234 0.082509 -0.086880 -0.509026 -0.413758 1.000000 0.290583 0.739555 0.625108 -0.400114 -0.461770 0.437854 0.619818 -0.453195 -0.505279 -0.507991 -0.544228 0.041653 -0.399436 -0.246622 -0.458333 -0.364592 -0.284063 0.436817 0.228560 0.240819 0.239327 0.447724 0.346590 -0.042068 -0.028620 -0.413523 -0.124486 -0.340752 -0.230333 -0.311546 -0.160764 0.146263 0.205977 0.297804 0.169002 -0.021354 -0.059952 0.491261 0.429890 0.239659 0.266629 -0.231842 0.085060 -0.200696 0.032974 0.288211 -0.294971 -0.256099 -0.409749 0.170078 0.222681 0.595820 0.465165 0.133376 0.415792 -0.571013 -0.479066 -0.378692 -0.375307 -0.018771 0.004704 0.482807 0.459426 0.068400 -0.040536 -0.056366 -0.097691 0.020162 0.463130 0.233815 0.129542 -0.661183 -0.655180 -0.301262 -0.447632 -0.399670 -0.274274 -0.464105 -0.274505 -0.216006 0.004687 -0.113899 0.126262 -0.184981 -0.217172 -0.185910 0.074968 -0.106152 0.154813 -0.143094 0.450217 0.155447 0.525841 0.230559 0.275296 -0.168398 0.141841 -0.082631 -0.224444 -0.317319 0.208662 -0.020092 -0.290265 -0.258055 -0.130969
-0.129837 -0.056276 -0.139912 -0.247656 -0.206679 -0.107473 0.034246 -0.040464 -0.094570 -0.058899 0.290583 1.000000 0.361583 0.446470 -0.008962 -0.248883 0.197648 0.472922 -0.485048 -0.324759 -0.289534 -0.221470 0.008323 0.076938 0.025251 0.016996 -0.242547 -0.099305 0.211320 0.058321 0.326507 0.506078 0.286036 0.480062 0.105854 0.121760 -0.338665 -0.017934 -0.249034 -0.100406 -0.229817 0.027943 -0.139947 -0.097088 0.072420 0.185457 -0.148840 -0.273580 0.209589 0.173422 0.094775 0.113462 -0.284776 0.030629 -0.270925 -0.181439 -0.132172 -0.384741 -0.416295 -0.343504 0.167418 0.114079 0.180454 0.265534 0.368133 0.547847 -0.444777 -0.114477 -0.421950 -0.333603 0.169338 0.375731 0.035692 0.296985 0.077282 0.124436 -0.146422 -0.004770 -0.017056 0.107680 -0.065515 -0.202160 -0.212504 -0.311692 0.106233 0.008773 0.034980 0.142903 -0.357627 -0.265230 -0.266839 -0.208375 -0.048149 -0.053027 -0.061454 -0.243492 -0.174681 0.081599 -0.484180 -0.356510 -0.171129 0.321404 0.162984 0.448793 0.275138 0.264689 -0.093626 0.071096 -0.284886 0.021225 -0.239659 -0.081276 -0.186808 -0.294471 -0.235803 -0.223518
-0.155571 -0.177341 0.006574 -0.504911 -0.251401 -0.230259 0.231314 -0.017209 -0.373183 -0.284952 0.739555 0.361583 1.000000 0.603923 -0.177307 -0.346702 0.344093 0.551827 -0.513306 -0.594353 -0.434813 -0.502115 0.140088 -0.425904 -0.098599 -0.369836 -0.298181 -0.251553 0.452853 0.039071 0.226362 0.345960 0.422779 0.365620 -0.143478 -0.001998 -0.541208 -0.143991 -0.250791 -0.098678 -0.428876 -0.228283 -0.020848 0.030002 0.141403 0.132477 -0.171984 -0.177615 0.440655 0.382295 0.163930 0.178366 -0.337042 -0.048994 -0.195832 -0.093255 0.054896 -0.258455 -0.264721 -0.416574 0.346111 0.198006 0.621664 0.395512 0.298137 0.571392 -0.585201 -0.486617 -0.358416 -0.249248 0.070417 0.060282 0.325311 0.432657 0.038349 0.080115 -0.276608 -0.305883 0.152652 0.387286 0.088401 0.033360 -0.628729 -0.598107 -0.295184 -0.457503 -0.359477 -0.263227 -0.373735 -0.217657 -0.084784 -0.005465 -0.074533 0.170024 -0.197736 -0.241710 -0.106859 0.161878 -0.220972 -0.012357 -0.057258 0.388425 0.213528 0.504605 0.157655 0.198923 -0.239962 0.019977 0.035331 -0.264942 -0.223827 0.038377 -0.077452 -0.474445 -0.333361 -0.286472
-0.084012 0.027390 -0.194435 -0.531749 -0.398046 -0.409978 -0.017044 0.108972 -0.446547 -0.388344 0.625108 0.446470 0.603923 1.000000 -0.480987 -0.380500 0.431360 0.651578 -0.564597 -0.431823 -0.611015 -0.549802 -0.247199 -0.473836 -0.177907 -0.430915 -0.477289 -0.437698 0.326509 0.133709 0.052459 0.160682 0.315230 0.268921 -0.078282 -0.135563 -0.375927 0.002633 -0.277392 -0.170771 -0.270855 -0.082301 0.124041 0.177924 0.270012 0.138001 0.014917 -0.041242 0.412307 0.480895 0.158430 0.463254 -0.045938 0.193976 -0.093075 0.091597 0.182518 -0.351229 -0.240605 -0.169728 0.049268 0.449319 0.607441 0.522839 -0.113018 0.568835 -0.605762 -0.560602 -0.452776 -0.358896 0.000441 0.205475 0.269389 0.580926 -0.151929 0.250216 -0.020635 0.011789 0.060599 0.344299 0.218987 0.143645 -0.647508 -0.512040 -0.527799 -0.425609 -0.430837 -0.413124 -0.530789 -0.181954 -0.117531 -0.087271 -0.184825 -0.291366 -0.074883 -0.107865 -0.228650 0.086468 -0.029535 0.228541 0.079053 0.292655 0.196575 0.335864 0.212022 0.247751 -0.059116 0.202761 -0.063401 -0.191758 -0.316354 0.258451 0.335429 -0.148549 -0.042596 0.039778
0.026959 0.119226 -0.046159 0.391116 0.176263 0.127569 -0.014626 -0.065408 0.331262 0.260361 -0.400114 -0.008962 -0.177307 -0.480987 1.000000 0.455750 -0.374280 -0.293759 0.290701 0.270542 0.228680 0.163454 0.050508 0.175458 -0.049534 0.235026 0.173279 0.123355 0.119721 -0.036442 0.193164 -0.032301 -0.216894 -0.166280 0.043453 0.058026 0.186892 -0.061545 0.106428 -0.008768 -0.034855 -0.209152 -0.198161 -0.229557 -0.304011 -0.245960 -0.052101 -0.180118 -0.295006 -0.432044 -0.010429 -0.254159 0.074359 -0.075667 -0.148401 -0.315646 -0.458970 0.133492 0.096017 0.029861 0.115295 -0.079879 -0.437891 -0.233599 0.260941 -0.068040 0.256118 0.222790 0.311421 0.329828 0.042702 -0.190992 -0.071584 -0.449436 0.039523 -0.137541 -0.063486 -0.270514 0.002239 -0.174638 -0.163810 0.038363 0.500203 0.439123 0.554797 0.504497 0.462397 0.424685 0.314512 -0.026161 0.287569 0.213978 0.073120 0.253420 0.225350 0.153214 0.002200 -0.160298 -0.048875 -0.342287 0.114774 -0.297416 -0.164752 -0.318203 -0.352583 -0.431275 0.014413 -0.257349 0.107820 -0.049112 0.082492 -0.253123 -0.355756 0.143511 0.141686 0.090663
0.025001 0.008070 0.107842 0.442167 0.577215 0.610205 0.133932 -0.042238 0.685009 0.690954 -0.461770 -0.248883 -0.346702 -0.380500 0.455750 1.000000 -0.536311 -0.587580 0.230965 0.267380 0.547929 0.494813 0.033879 0.255540 0.412328 0.559464 0.610738 0.505963 -0.379927 -0.026156 -0.082940 -0.162362 -0.242719 -0.258904 -0.403774 -0.094291 0.064219 -0.236649 -0.196382 -0.163449 -0.085144 -0.227576 -0.052011 -0.082822 -0.103566 -0.073786 0.029991 -0.004589 -0.023295 -0.057481 0.124571 0.030049 0.202464 -0.027920 -0.165837 -0.220123 -0.411253 -0.099407 0.257073 0.240730 0.078105 0.011547 -0.429355 -0.447124 0.006905 -0.277023 0.220073 0.141605 0.112474 0.251796 -0.050582 0.119323 -0.396109 -0.543697 0.111802 -0.262604 -0.312487 -0.223412 -0.100761 -0.431003 -0.196274 -0.207231 0.304653 0.441898 0.191676 0.312816 0.014412 -0.036594 0.373405 0.216826 0.233696 0.159677 0.266058 0.064056 0.204684 0.259165 -0.091989 -0.205223 0.122120 -0.135643 0.072590 -0.275780 -0.094714 -0.309134 -0.228458 -0.352007 0.180738 -0.089340 0.025983 -0.190083 -0.108280 -0.262677 -0.190546 0.149332 0.228943 0.089758
-0.220846 -0.117777 -0.301156 -0.489544 -0.489855 -0.442976 -0.347732 -0.406108 -0.291974 -0.330107 0.437854 0.197648 0.344093 0.431360 -0.374280 -0.536311 1.000000 0.652459 -0.282386 -0.254895 -0.333459 -0.318392 -0.172453 -0.431456 -0.132903 -0.233123 -0.541635 -0.435122 0.415313 0.322609 0.032100 0.238019 0.245501 0.233099 0.210371 0.047540 -0.064601 0.332718 -0.037328 0.041655 0.070245 0.043882 0.186583 0.232834 0.235628 0.219796 0.083303 0.128967 0.069739 0.192640 0.037428 0.199462 -0.218666 0.054533 0.082993 0.256196 0.262647 0.028650 -0.450217 -0.352434 -0.319262 -0.047580 0.319285 0.346158 -0.118825 0.122604 -0.334402 -0.166200 -0.080329 -0.180472 -0.107984 0.090146 0.242035 0.369710 0.132479 0.141724 0.288006 0.218987 0.483378 0.589705 0.618961 0.464667 -0.298683 -0.455194 -0.059680 -0.206851 0.014135 0.111785 -0.615919 -0.445847 -0.236664 -0.144467 -0.284765 -0.199954 -0.133824 -0.023334 0.073128 0.104650 -0.010635 0.285933 -0.124939 0.114301 -0.069810 0.199782 0.087503 0.221021 -0.119524 0.041345 -0.027516 0.146824 0.056683 0.371220 0.148777 -0.122247 -0.131723 -0.090971
-0.108251 -0.056158 -0.384407 -0.571375 -0.252013 -0.392881 -0.224719 -0.136165 -0.334753 -0.396409 0.619818 0.472922 0.551827 0.651578 -0.293759 -0.587580 0.652459 1.000000 -0.493935 -0.385001 -0.440270 -0.454594 -0.216252 -0.400751 -0.131854 -0.276224 -0.388728 -0.333175 0.693678 0.372492 0.381084 0.455692 0.328324 0.413311 0.153094 -0.085180 -0.175956 0.127223 -0.182820 -0.110667 -0.009311 0.113047 -0.015583 0.034882 0.119396 0.007054 -0.145269 -0.215943 0.115920 0.178786 -0.067343 0.160020 -0.347573 0.043285 -0.184394 -0.081838 0.373021 -0.074481 -0.401778 -0.326288 -0.083582 0.274949 0.568640 0.679673 0.027639 0.438360 -0.556906 -0.471575 -0.271037 -0.265301 0.114993 0.296931 0.541276 0.593974 0.073011 0.125069 0.105081 0.079691 0.347113 0.634728 0.475370 0.442052 -0.447598 -0.488591 -0.138280 -0.319467 -0.208233 -0.070470 -0.581780 -0.370089 -0.370752 -0.266973 -0.329835 -0.214672 -0.161435 -0.183641 -0.240512 0.003388 -0.318406 0.041607 0.029547 0.354069 0.204132 0.431207 0.255728 0.345525 -0.140787 0.051508 -0.125277 -0.135384 -0.274228 0.255198 0.172669 -0.256432 -0.082798 -0.027045
0.563776 0.553252 0.189814 0.642011 -0.023650 0.015239 0.021660 0.241307 0.014324 -0.049564 -0.453195 -0.485048 -0.513306 -0.564597 0.290701 0.230965 -0.282386 -0.493935 1.000000 0.846789 0.174360 0.230921 -0.191243 0.138324 -0.314483 -0.082356 0.119436 0.148270 -0.164815 -0.270958 -0.292897 -0.374007 -0.292550 -0.346383 0.049119 -0.101338 0.365060 -0.136703 0.137507 0.097814 0.130371 0.070007 -0.360419 -0.387345 -0.428485 -0.424883 -0.250753 -0.137239 -0.592005 -0.611324 -0.465584 -0.486729 0.160194 -0.415979 0.097742 -0.189092 0.086727 0.636296 0.483601 0.485364 -0.079970 -0.118810 -0.253673 -0.172917 -0.242290 -0.525799 0.732927 0.371399 0.785016 0.590400 0.123887 -0.355792 -0.276084 -0.251206 -0.254302 0.020194 0.168330 -0.101036 -0.003284 -0.213369 0.107239 0.144705 0.523275 0.519317 0.340368 0.396232 0.235759 0.104162 0.533616 0.407929 0.289804 0.114284 0.060838 0.067021 0.163768 0.364853 0.125011 0.029186 0.172784 0.191708 0.228094 -0.306922 -0.076689 -0.426235 -0.366635 -0.429371 0.128707 -0.333826 0.257231 0.305629 0.305315 -0.291157 0.029493 0.272005 -0.020060 0.002621
0.432737 0.651541 -0.013850 0.725527 0.031863 0.081823 -0.069211 0.317497 0.040716 -0.055861 -0.505279 -0.324759 -0.594353 -0.431823 0.270542 0.267380 -0.254895 -0.385001 0.846789 1.000000 0.121051 0.214920 -0.299217 0.244971 -0.285786 -0.031323 0.139826 0.151713 -0.083900 -0.138756 -0.249322 -0.370255 -0.425341 -0.388159 0.003765 -0.177778 0.441529 -0.049598 0.143609 0.089067 0.236917 0.120961 -0.341434 -0.404594 -0.480909 -0.492657 -0.202518 -0.156611 -0.627021 -0.604889 -0.432209 -0.393716 0.237440 -0.275151 0.087540 -0.182555 0.093626 0.605114 0.367500 0.543811 -0.238478 -0.030149 -0.314980 -0.159035 -0.337814 -0.515747 0.571385 0.212329 0.737199 0.627894 0.101322 -0.249750 -0.222881 -0.239224 -0.259973 0.088060 0.157750 -0.031983 0.046470 -0.215704 0.179120 0.144922 0.617146 0.681476 0.338756 0.464978 0.295271 0.163930 0.468539 0.359947 0.351630 0.047161 0.079045 -0.160528 0.328230 0.487413 0.022652 -0.037538 0.160742 0.147828 0.238820 -0.365879 -0.085121 -0.491061 -0.400650 -0.463620 0.218077 -0.313805 0.240081 0.277413 0.206440 -0.219562 0.037081 0.312744 0.156431 0.174830
-0.158660 -0.279109 0.026267 0.286478 0.670969 0.708142 0.012790 -0.257925 0.690849 0.674492 -0.507991 -0.289534 -0.434813 -0.611015 0.228680 0.547929 -0.333459 -0.440270 0.174360 0.121051 1.000000 0.736500 0.155627 0.376621 0.538245 0.595264 0.757997 0.641117 -0.393346 0.034876 0.075165 0.020618 -0.279891 -0.197225 -0.111583 0.192289 0.292606 0.133331 0.166001 0.115320 0.388119 0.211057 0.108049 0.050486 -0.062808 0.039135 0.168709 0.235779 -0.183338 -0.151571 -0.061702 -0.184374 -0.014547 0.083540 -0.073473 -0.023231 -0.208345 0.025736 -0.010321 0.021334 -0.075876 -0.310200 -0.547345 -0.411202 0.085589 -0.319637 0.245432 0.313924 0.062445 0.038538 0.016615 0.184256 -0.290902 -0.369001 0.357971 -0.128854 -0.057621 0.131075 0.024540 -0.331307 -0.203489 -0.202285 0.405100 0.327131 0.230215 0.101313 0.151358 0.182067 0.260858 0.067737 -0.068733 -0.018514 0.137929 0.122626 0.022117 -0.014577 0.075507 -0.017310 0.074535 -0.212547 -0.074024 -0.207619 -0.198009 -0.221470 0.023560 0.077434 -0.049734 -0.062868 -0.073224 0.020797 0.169032 -0.066724 -0.164552 0.057355 0.055711 -0.051560
-0.008013 -0.096066 0.103790 0.375152 0.589320 0.641790 -0.001128 -0.229413 0.507776 0.555701 -0.544228 -0.221470 -0.502115 -0.549802 0.163454 0.494813 -0.318392 -0.454594 0.230921 0.214920 0.736500 1.000000 0.215826 0.420824 0.528457 0.612997 0.661301 0.660008 -0.526559 -0.110798 0.018209 0.006072 -0.368429 -0.214377 -0.050405 0.149602 0.272463 0.095729 0.247129 0.332038 0.406238 0.430376 0.031354 -0.095713 -0.197000 -0.095096 0.110621 0.238801 -0.287629 -0.240081 -0.209918 -0.267257 0.071962 -0.054319 0.060178 0.047690 -0.149633 0.175401 0.057482 0.117485 -0.088215 -0.278068 -0.569058 -0.445086 -0.021071 -0.397947 0.227987 0.243190 0.138993 0.172776 0.108837 0.232845 -0.383828 -0.290844 0.103901 -0.073579 -0.036099 0.235560 -0.029857 -0.373111 -0.207459 -0.263234 0.379779 0.352996 0.175591 0.056568 0.103721 0.141393 0.434898 0.233187 -0.014587 -0.176763 0.204196 -0.016682 0.076784 -0.077194 0.316419 0.127988 0.098126 -0.125476 -0.046589 -0.232480 -0.190121 -0.245154 0.037378 0.073016 0.042944 -0.034005 -0.014750 0.240828 0.284712 -0.069716 -0.133385 0.127418 0.058841 -0.143086
-0.095964 -0.335826 0.625870 -0.046444 0.274259 0.296471 0.507151 -0.162261 0.054273 0.152166 0.041653 0.008323 0.140088 -0.247199 0.050508 0.033879 -0.172453 -0.216252 -0.191243 -0.299217 0.155627 0.215826 1.000000 0.514604 0.346950 0.186243 0.249122 0.266735 -0.231412 -0.026721 0.321020 0.322332 0.076151 0.173445 -0.009582 0.204499 -0.221318 -0.117135 0.073785 0.167874 -0.177545 0.020887 -0.080616 -0.109237 -0.006904 0.062378 -0.110897 -0.077059 0.088832 -0.046928 0.076704 -0.230228 -0.220115 -0.079312 -0.037508 -0.059583 0.007020 -0.064487 -0.197846 -0.358788 0.328675 -0.373891 -0.141930 -0.294422 0.587311 -0.015950 -0.174436 -0.029429 -0.193112 -0.138758 -0.078029 -0.029203 -0.120822 -0.161341 0.106128 -0.243811 -0.264510 -0.108401 -0.143370 -0.102398 -0.360398 -0.392232 0.040472 -0.023780 0.077390 -0.166382 -0.022362 0.015584 0.224719 0.038659 -0.137951 -0.082805 0.115434 0.370705 -0.023518 -0.161435 0.235434 0.115387 -0.262989 -0.201370 -0.326202 0.052999 -0.096672 0.122576 0.117929 0.083430 -0.240642 0.019822 0.048237 0.094282 0.088244 -0.255954 -0.220270 -0.124977 -0.136005 -0.365726
0.034683 -0.003534 0.309227 0.495399 0.482702 0.524855 0.261191 0.117860 0.317232 0.347377 -0.399436 0.076938 -0.425904 -0.473836 0.175458 0.255540 -0.431456 -0.400751 0.138324 0.244971 0.376621 0.420824 0.514604 1.000000 0.327591 0.419415 0.527218 0.526403 -0.409204 -0.141251 0.229407 0.100983 -0.296255 -0.088466 -0.021834 0.032307 0.211207 -0.011134 0.174787 0.232306 0.167779 0.266678 -0.169544 -0.277977 -0.276528 -0.261428 -0.078388 -0.094302 -0.279254 -0.341764 -0.158709 -0.315009 0.072036 0.025520 0.012470 -0.082247 -0.007849 0.099194 0.016708 0.152244 0.061062 -0.300479 -0.482372 -0.415286 0.249233 -0.273586 0.115754 0.106186 -0.009257 -0.014062 0.022647 0.033471 -0.306099 -0.275986 -0.014765 -0.117023 -0.052965 0.102043 -0.363386 -0.513420 -0.385942 -0.494232 0.501942 0.525597 0.284159 0.196949 0.259342 0.223791 0.441135 0.276977 -0.027357 -0.197362 0.181731 0.018779 0.198060 -0.054007 0.093828 0.014329 -0.178891 -0.368482 -0.091706 -0.180234 -0.064711 -0.167526 0.080085 -0.023967 0.019738 -0.018014 -0.149275 0.250227 0.047291 -0.370114 -0.176599 0.098244 0.004031 -0.112248
-0.306306 -0.385842 0.239187 -0.086215 0.683906 0.600783 0.120453 -0.394004 0.674900 0.708978 -0.246622 0.025251 -0.098599 -0.177907 -0.049534 0.412328 -0.132903 -0.131854 -0.314483 -0.285786 0.538245 0.528457 0.346950 0.327591 1.000000 0.794258 0.599218 0.478268 -0.394749 0.038234 0.189486 0.261797 0.071577 0.202439 -0.273010 0.027196 -0.076353 0.031372 -0.070963 0.018437 0.093993 0.182574 0.082765 0.063428 0.056972 0.119187 0.056184 0.069693 0.067853 0.111953 0.096939 0.059144 -0.108725 0.062121 -0.206712 -0.099167 -0.229852 -0.233711 -0.149127 -0.134687 -0.005873 -0.225993 -0.234105 -0.271094 0.105111 -0.136942 -0.112940 0.035622 -0.262830 -0.165503 0.024453 0.537837 -0.224719 -0.114555 0.394956 -0.231669 -0.207845 0.172745 -0.028065 -0.220207 -0.186687 -0.254102 0.046830 0.051702 0.086156 -0.062808 -0.101694 -0.083501 0.022030 -0.069634 -0.270783 -0.218261 0.150642 -0.014597 0.012320 -0.229618 0.007668 -0.037593 -0.214979 -0.308613 -0.180546 -0.085419 -0.057551 0.082430 0.224139 0.263585 -0.022461 0.119996 -0.232155 -0.101317 -0.044384 -0.058788 -0.052989 -0.024196 0.088126 -0.117390
-0.330324 -0.285225 -0.002715 0.197008 0.635837 0.588955 -0.159980 -0.361651 0.738558 0.686823 -0.458333 0.016996 -0.369836 -0.430915 0.235026 0.559464 -0.233123 -0.276224 -0.082356 -0.031323 0.595264 0.612997 0.186243 0.419415 0.794258 1.000000 0.605611 0.579875 -0.309679 -0.000765 0.215270 0.180883 -0.200159 -0.045365 -0.009034 0.084087 0.154309 0.019393 -0.010067 -0.073271 0.164427 0.048007 0.082608 0.077518 -0.021425 0.083141 0.152368 0.085255 -0.126840 -0.084931 0.136251 0.005484 0.000875 0.045926 -0.105148 -0.129301 -0.324842 -0.153309 -0.122289 -0.073615 -0.229960 -0.345076 -0.474045 -0.529146 -0.005116 -0.237703 0.112777 0.284295 -0.063805 0.072275 0.059619 0.469064 -0.278015 -0.351941 0.298996 -0.242816 -0.120491 0.137739 0.026595 -0.210674 -0.094782 -0.152842 0.287229 0.304651 0.394365 0.339515 0.121351 0.200322 0.083291 -0.064596 -0.137305 -0.096556 0.137208 0.010061 0.103081 -0.056952 0.009246 -0.199644 -0.115214 -0.443068 -0.118594 -0.235004 -0.156360 -0.086565 0.033779 0.052005 0.062557 -0.022400 -0.162965 -0.125145 0.034817 -0.071814 -0.179191 0.015458 0.215641 0.026269
0.032527 -0.090689 0.150268 0.363512 0.908119 0.913268 0.187980 0.009197 0.627387 0.642712 -0.364592 -0.242547 -0.298181 -0.477289 0.173279 0.610738 -0.541635 -0.388728 0.119436 0.139826 0.757997 0.661301 0.249122 0.527218 0.599218 0.605611 1.000000 0.899994 -0.418114 -0.144786 0.177428 -0.056484 -0.318462 -0.274938 -0.363547 -0.142023 0.178029 -0.256447 -0.046599 -0.011034 0.227639 0.187159 -0.058670 -0.130288 -0.190163 -0.238057 -0.000658 -0.010811 -0.111469 -0.136194 -0.101408 -0.162161 0.057714 -0.005384 -0.121968 -0.234543 -0.119714 0.028157 0.224755 0.271832 0.125727 -0.072491 -0.375961 -0.362416 0.017071 -0.325866 0.143023 0.001381 -0.037722 0.098580 0.202719 0.231814 -0.278870 -0.289939 0.101985 -0.200201 -0.258315 -0.064918 -0.211433 -0.466145 -0.307912 -0.342964 0.313875 0.374353 0.121237 0.022373 -0.118228 -0.122984 0.404287 0.329588 -0.056991 -0.135261 0.196858 0.044902 0.122162 -0.033385 -0.100702 -0.099526 -0.014946 -0.292438 0.012551 -0.088545 0.062782 -0.109363 0.095632 0.013102 0.112404 -0.013258 -0.125129 -0.114190 -0.131755 -0.278628 -0.124111 0.097625 0.149722 0.056325
0.095894 -0.046997 0.163744 0.384340 0.783612 0.869387 0.122508 0.033112 0.481285 0.506016 -0.284063 -0.099305 -0.251553 -0.437698 0.123355 0.505963 -0.435122 -0.333175 0.148270 0.151713 0.641117 0.660008 0.266735 0.526403 0.478268 0.579875 0.899994 1.000000 -0.378301 -0.179100 0.144499 -0.017699 -0.320295 -0.236432 -0.202872 -0.118717 0.102717 -0.350077 -0.139310 -0.079449 0.130744 0.184634 -0.075228 -0.123182 -0.183498 -0.218899 -0.034668 -0.057320 -0.089225 -0.113527 -0.077975 -0.192935 -0.067366 -0.153509 -0.164928 -0.302889 -0.050517 0.034645 0.154967 0.169423 0.106195 -0.144251 -0.272640 -0.401872 0.032863 -0.270499 0.144281 0.023195 -0.042872 0.131389 0.325307 0.262080 -0.304438 -0.183961 0.005767 -0.123859 -0.271444 -0.097300 -0.171473 -0.346193 -0.201834 -0.316110 0.227721 0.289231 0.222244 0.056644 -0.175268 -0.065427 0.323132 0.266745 -0.163102 -0.185273 0.184665 0.069134 0.102718 -0.019171 -0.072884 -0.068675 -0.069174 -0.312764 -0.005897 0.045888 0.171644 0.038690 0.180745 0.055770 0.116314 -0.020925 -0.143934 -0.074948 -0.142940 -0.304180 -0.164036 0.047345 0.090899 -0.035178
-0.124462 0.005525 -0.354919 -0.270007 -0.322392 -0.454408 -0.136588 0.035390 -0.339265 -0.454022 0.436817 0.211320 0.452853 0.326509 0.119721 -0.379927 0.415313 0.693678 -0.164815 -0.083900 -0.393346 -0.526559 -0.231412 -0.409204 -0.394749 -0.309679 -0.418114 -0.378301 1.000000 0.406911 0.374371 0.348892 0.332930 0.313630 0.296869 0.022752 -0.098109 0.006735 -0.171975 -0.231132 -0.118313 -0.210147 -0.112273 -0.002626 0.040039 -0.040711 -0.201297 -0.307231 -0.018539 -0.055248 -0.025049 -0.023437 -0.376331 -0.104448 -0.269093 -0.247718 0.215021 0.100054 -0.292028 -0.308718 -0.095224 0.095727 0.429573 0.479378 0.147688 0.337308 -0.226307 -0.351321 0.060150 0.056122 0.103748 -0.045354 0.701051 0.361281 0.122273 0.142972 0.089547 -0.179159 0.487584 0.709217 0.534400 0.605618 -0.225675 -0.255750 0.119720 0.020473 -0.001223 0.094907 -0.381998 -0.358454 -0.175810 -0.076077 -0.328794 0.002400 -0.083174 0.075284 -0.211887 -0.136035 -0.267166 0.025800 0.031864 0.209549 0.094772 0.233893 -0.109898 -0.054879 -0.181775 -0.248023 0.090152 -0.215218 -0.141373 0.169310 -0.042989 -0.324199 -0.063557 -0.005347
-0.221242 -0.394201 -0.178968 -0.316927 -0.058997 -0.097565 -0.032670 -0.342813 0.087291 0.103560 0.228560 0.058321 0.039071 0.133709 -0.036442 -0.026156 0.322609 0.372492 -0.270958 -0.138756 0.034876 -0.110798 -0.026721 -0.141251 0.038234 -0.000765 -0.144786 -0.179100 0.406911 1.000000 0.222116 0.398092 0.238157 0.335219 0.085211 0.142891 -0.060863 0.318053 -0.042628 -0.010717 0.102998 -0.091928 0.286747 0.322263 0.335761 0.247669 0.189062 0.154443 0.156974 0.157866 0.274829 0.154537 -0.269871 0.170015 -0.237705 0.121710 -0.041399 -0.208102 -0.421694 -0.436761 -0.198301 -0.131892 -0.062810 0.243502 0.173591 -0.032791 -0.251305 -0.176079 -0.186627 -0.301944 -0.355304 0.095358 0.348402 -0.055925 0.444501 -0.238752 0.047977 0.157529 0.455415 0.364629 0.343472 0.339042 0.005706 -0.144892 0.116698 -0.071132 0.233233 0.237621 -0.270701 -0.486475 -0.268002 -0.133265 -0.205950 -0.164988 0.056983 0.099181 0.090583 -0.096091 -0.066928 0.169569 -0.282225 -0.048832 -0.277717 -0.010406 -0.124022 -0.065774 -0.264297 -0.142784 -0.066609 -0.045182 -0.001730 0.370603 0.034140 -0.173185 0.025301 -0.018660
-0.077096 -0.136745 -0.090440 -0.112425 0.195322 0.057584 0.028264 -0.010647 0.032377 0.048843 0.240819 0.326507 0.226362 0.052459 0.193164 -0.082940 0.032100 0.381084 -0.292897 -0.249322 0.075165 0.018209 0.321020 0.229407 0.189486 0.215270 0.177428 0.144499 0.374371 0.222116 1.000000 0.680807 0.176139 0.294426 0.220429 0.103281 -0.008901 0.016150 -0.001485 0.041097 0.044680 0.141675 -0.193452 -0.173959 -0.199417 -0.227613 -0.224080 -0.321034 -0.152219 -0.255715 -0.074517 -0.218638 -0.276759 0.015711 -0.241415 -0.271560 0.144987 -0.027963 -0.326541 -0.324828 0.046829 -0.001419 0.105236 0.249560 0.326671 0.356538 -0.309766 -0.349552 -0.121640 -0.176472 0.100812 0.110708 0.463857 0.212829 0.238362 0.146770 0.095673 -0.037119 0.111910 0.164186 0.066943 0.111162 0.017157 -0.019139 0.194290 0.086196 -0.009238 0.021960 -0.087295 -0.122218 -0.302888 -0.320607 -0.185323 0.009347 0.100938 -0.173272 -0.051147 0.085527 -0.458010 -0.412025 -0.051614 0.056935 -0.051310 0.135835 0.032894 0.121448 -0.312176 -0.200161 0.046887 -0.054185 -0.041491 -0.108178 -0.207972 -0.245995 -0.156299 -0.155213
-0.185087 -0.349747 -0.019309 -0.275866 0.034471 -0.050695 0.200817 -0.172891 0.126405 0.107644 0.239327 0.506078 0.345960 0.160682 -0.032301 -0.162362 0.238019 0.455692 -0.374007 -0.370255 0.020618 0.006072 0.322332 0.100983 0.261797 0.180883 -0.056484 -0.017699 0.348892 0.398092 0.680807 1.000000 0.404318 0.607208 0.148564 0.146823 -0.332043 0.076942 -0.082878 0.150256 -0.128733 0.102655 -0.153815 -0.115336 0.039475 0.132485 -0.278523 -0.222075 0.020559 -0.046476 -0.084711 -0.215384 -0.600265 -0.133080 -0.305704 -0.136628 0.138244 -0.116032 -0.563229 -0.597488 0.020223 -0.275260 0.175122 0.275007 0.549483 0.353220 -0.406220 -0.234529 -0.205137 -0.277767 0.059006 0.304475 0.240316 0.202444 0.325822 0.078634 -0.136591 -0.062199 0.379290 0.280484 0.151665 0.099765 -0.110333 -0.198712 0.182582 -0.036051 0.027226 0.114628 -0.156995 -0.214828 -0.419510 -0.383606 -0.184153 0.028522 -0.131581 -0.179456 0.241600 0.299263 -0.467886 -0.185936 -0.207265 0.173237 -0.041225 0.309739 0.099046 0.223426 -0.457005 -0.223469 0.108072 0.085432 0.070583 -0.070384 -0.214058 -0.531147 -0.417851 -0.550814
0.043199 -0.279328 0.233332 -0.577579 -0.235692 -0.285317 0.286020 -0.193320 -0.092310 -0.043032 0.447724 0.286036 0.422779 0.315230 -0.216894 -0.242719 0.245501 0.328324 -0.292550 -0.425341 -0.279891 -0.368429 0.076151 -0.296255 0.071577 -0.200159 -0.318462 -0.320295 0.332930 0.238157 0.176139 0.404318 1.000000 0.810670 -0.024284 0.132787 -0.464614 -0.100593 -0.374408 -0.181823 -0.386386 -0.147872 -0.064188 0.109931 0.330963 0.296498 -0.224429 -0.187306 0.403846 0.278514 0.135671 0.035762 -0.531792 -0.204701 -0.474619 -0.144276 0.080921 -0.220961 -0.194933 -0.417696 0.240498 -0.043038 0.483636 0.455838 0.378484 0.276098 -0.127798 -0.185119 -0.222338 -0.301566 0.053574 0.072652 0.340892 0.401836 0.400392 0.027693 -0.011501 -0.051077 0.148998 0.379708 0.173672 0.141260 -0.501806 -0.594266 -0.108942 -0.244300 -0.232671 -0.252940 -0.319244 -0.323980 -0.463128 -0.137179 -0.305995 0.137209 -0.257459 -0.207074 -0.063390 0.097704 -0.361803 0.178442 -0.282180 0.373816 0.147840 0.508362 0.200089 0.201821 -0.267435 -0.005520 -0.164693 -0.040706 -0.120639 0.075440 0.022580 -0.310051 -0.354650 -0.324579
-0.029520 -0.292025 0.226937 -0.499837 -0.134396 -0.202764 0.316045 -0.197200 -0.015624 0.045675 0.346590 0.480062 0.365620 0.268921 -0.166280 -0.258904 0.233099 0.413311 -0.346383 -0.388159 -0.197225 -0.214377 0.173445 -0.088466 0.202439 -0.045365 -0.274938 -0.236432 0.313630 0.335219 0.294426 0.607208 0.810670 1.000000 0.060183 0.279909 -0.468926 -0.002186 -0.248496 -0.060077 -0.314550 0.041761 -0.184177 -0.061418 0.118709 0.207245 -0.353593 -0.292372 0.210066 0.095280 -0.032854 -0.194454 -0.686616 -0.329357 -0.468572 -0.205871 0.062573 -0.209428 -0.285060 -0.487743 0.282977 -0.058178 0.418257 0.456927 0.529193 0.344279 -0.212600 -0.136600 -0.222200 -0.336354 0.116285 0.317711 0.273338 0.335908 0.440071 -0.065048 -0.051003 0.122087 0.126636 0.368958 0.085858 0.024555 -0.358796 -0.465931 0.096106 -0.198611 -0.039478 -0.039766 -0.201858 -0.309117 -0.590516 -0.382148 -0.165286 0.079364 -0.310215 -0.397933 -0.033565 0.134011 -0.605420 -0.050888 -0.358413 0.445399 0.189379 0.587440 0.378541 0.388979 -0.264988 0.039903 -0.243573 0.002474 -0.088567 -0.040178 -0.127502 -0.297228 -0.381080 -0.421532
-0.165207 0.003675 -0.254190 -0.020130 -0.356668 -0.415124 -0.428916 -0.023991 -0.309302 -0.412775 -0.042068 0.105854 -0.143478 -0.078282 0.043453 -0.403774 0.210371 0.153094 0.049119 0.003765 -0.111583 -0.050405 -0.009582 -0.021834 -0.273010 -0.009034 -0.363547 -0.202872 0.296869 0.085211 0.220429 0.148564 -0.024284 0.060183 1.000000 0.566978 0.351488 0.374138 0.299093 0.043180 0.246198 0.183115 0.069693 0.159477 -0.002125 0.077460 0.132312 0.089659 -0.311622 -0.262454 -0.037712 -0.162858 -0.107072 0.041504 0.101642 0.051087 0.164497 0.162825 -0.326668 -0.292611 -0.401759 -0.321831 0.006924 -0.009307 -0.001429 0.197105 0.270889 0.261820 0.183613 0.068483 0.093409 -0.092607 0.265057 0.173708 0.092454 0.364922 0.512109 0.319762 0.245220 0.404739 0.272606 0.400553 0.105597 0.048231 0.344533 0.313185 0.191174 0.273891 -0.194620 -0.293412 -0.268824 -0.213447 -0.364422 -0.132864 0.036438 -0.065860 0.129956 0.035042 -0.095825 -0.133792 0.023091 -0.133686 -0.164620 -0.098073 -0.061823 0.068487 -0.287562 -0.241445 0.044432 0.196110 0.378051 0.274611 0.014641 -0.034586 -0.104657 -0.080240
-0.296723 -0.343803 -0.013307 -0.141905 -0.102017 -0.077013 -0.021351 -0.267676 -0.055525 0.068721 -0.028620 0.121760 -0.001998 -0.135563 0.058026 -0.094291 0.047540 -0.085180 -0.101338 -0.177778 0.192289 0.149602 0.204499 0.032307 0.027196 0.084087 -0.142023 -0.118717 0.022752 0.142891 0.103281 0.146823 0.132787 0.279909 0.566978 1.000000 0.138564 0.408972 0.301688 0.140687 0.216068 0.138891 0.133423 0.182550 0.088346 0.342895 0.193796 0.252522 -0.025558 -0.047254 0.075757 -0.183850 -0.215212 0.042160 0.005104 0.191666 -0.202247 -0.189899 -0.290535 -0.392726 -0.008135 -0.283183 -0.132107 -0.148367 0.338784 0.280329 0.173681 0.316917 -0.079811 -0.207061 -0.120247 -0.006062 0.093911 -0.032374 0.406437 0.117622 0.244435 0.433697 0.112448 0.161398 -0.120964 -0.096965 0.002586 -0.145715 0.163596 -0.037708 0.205015 0.208493 -0.021376 -0.250167 -0.287637 -0.224512 -0.050483 0.118008 -0.224075 -0.381400 0.195055 0.019267 -0.158278 -0.165505 -0.247912 0.026766 -0.205192 0.065441 0.187527 0.329705 -0.277584 -0.015304 -0.142296 0.120493 0.390270 0.151144 -0.170563 -0.075121 -0.320131 -0.296691
