1.000000 0.305053 0.236833 0.280967 -0.002060 -0.158280 0.276367 0.283084 -0.209998 -0.294937 0.026615 -0.080877 -0.043387 0.057942 -0.136902 -0.235663 -0.047752 0.106908 0.456106 0.190353 -0.103932 -0.008489 0.028109 -0.000328 -0.083029 -0.291542 -0.003190 -0.162401 -0.185839 -0.142127 0.071624 -0.025990 0.148256 0.146474 -0.176691 -0.336316 -0.076157 -0.025996 -0.069521 0.059208 0.145430 0.204900 -0.127675 -0.175307 -0.177611 -0.266436 -0.004092 -0.071422 -0.205698 -0.181509 -0.295898 -0.324757 0.160268 -0.089748 0.217298 0.087974 0.240128 0.380730 0.222232 0.169367 0.208210 0.304631 -0.000448 0.213717 -0.071915 -0.036516 0.076513 -0.148118 0.210607 0.071870 0.025919 0.041779 0.029120 -0.042789 0.023092 0.046444 -0.002933 -0.063987 -0.085533 -0.103684 -0.080643 -0.122339 0.258473 0.177517 -0.075555 -0.106409 -0.055893 0.176081 0.229039 0.160273 0.115500 0.099122 0.051009 0.012941 -0.060050 0.075626 -0.083062 -0.284489 -0.010445 -0.005946 0.142143 0.151531 0.166447 0.158444 0.071131 0.047381 0.223060 -0.003402 0.121342 -0.092098 -0.167990 -0.023452 -0.062393 0.096040 0.025368 0.096894
0.305053 1.000000 -0.048037 0.219039 -0.373779 -0.454381 0.016155 0.415012 -0.259114 -0.480873 0.290734 0.528261 -0.087852 0.291729 -0.121625 -0.436332 0.137149 0.416535 0.234950 0.045469 -0.217427 -0.173976 -0.032084 -0.079389 -0.208392 -0.368695 -0.306582 -0.323472 -0.034709 -0.210903 0.133142 0.132809 0.244047 0.256062 -0.212986 -0.141671 0.182465 0.197390 0.284509 0.417150 0.139714 0.371934 -0.379328 -0.308760 -0.321729 -0.330962 -0.313354 -0.253501 -0.213507 -0.114859 -0.228080 -0.124781 0.034775 -0.066987 0.104540 -0.141801 0.096367 0.451306 0.303542 0.348104 0.270046 0.476325 0.184934 0.451376 -0.076233 0.268015 0.074907 -0.161284 0.248439 0.087470 -0.238475 0.093995 -0.034956 -0.154623 -0.223581 0.168141 -0.140044 -0.024793 0.016167 -0.033644 0.010474 0.047615 0.225941 0.119591 0.060364 0.112615 0.276055 0.202254 0.365758 0.363810 -0.009606 -0.036705 -0.024320 -0.194626 -0.057872 0.189244 0.050151 0.010073 -0.001240 -0.033051 0.059586 -0.064394 -0.008705 -0.099697 0.038305 -0.155847 -0.030357 -0.105247 -0.037519 -0.083144 0.102716 0.116412 0.140998 -0.040979 -0.213378 -0.088305
0.236833 -0.048037 1.000000 0.337847 0.431511 0.300382 0.732642 0.577520 0.236788 0.204000 0.087532 -0.302655 0.389735 0.121039 0.042087 0.169921 -0.463063 -0.286928 0.264105 0.142138 0.071014 0.111258 0.448611 0.298267 0.219839 0.079770 0.373386 0.140300 -0.550730 -0.271911 -0.096378 0.047956 0.059246 -0.050792 0.274419 0.034286 -0.480781 -0.501989 -0.163708 -0.105451 -0.250247 -0.332782 -0.187211 -0.256010 0.145051 0.122741 -0.248283 -0.374176 0.196911 0.151350 0.258331 0.022646 -0.129505 -0.018641 -0.113136 -0.244569 -0.294347 -0.265525 0.173786 0.082692 0.081805 0.024516 0.100906 -0.193536 0.458604 0.138324 0.391359 0.173910 0.197774 -0.056667 0.059228 -0.285768 -0.453611 -0.193994 -0.257674 -0.288509 -0.397424 -0.108869 -0.406892 -0.300395 -0.333967 -0.285684 -0.095504 -0.138957 -0.525467 -0.330651 -0.025347 0.051564 0.128808 -0.071129 0.266287 0.024291 -0.019913 0.233465 -0.065727 0.013972 -0.124163 -0.323870 -0.257340 -0.260153 0.034926 0.066830 -0.162691 -0.054493 -0.115134 -0.005009 0.168992 -0.025316 0.015258 0.008828 -0.143127 -0.288184 -0.164391 -0.181140 -0.237301 0.080627
0.280967 0.219039 0.337847 1.000000 -0.105016 -0.090706 0.158662 0.385002 -0.195363 -0.106072 0.377212 -0.017078 0.134386 -0.159935 0.031889 -0.166543 -0.225413 0.047698 0.368824 0.502696 -0.193379 -0.291019 0.596236 0.419443 0.184711 0.073343 -0.039949 -0.069288 -0.322685 -0.264674 0.108392 0.159417 0.121545 0.001524 -0.134060 -0.169449 -0.168548 -0.010793 0.019850 0.053356 0.077964 0.124370 -0.275357 -0.312811 -0.021020 -0.096338 -0.342042 -0.359233 -0.157171 -0.165135 -0.094027 -0.268382 -0.147236 -0.155629 -0.094733 -0.392006 -0.024254 0.363355 -0.072691 0.002707 -0.227957 0.330356 -0.152008 0.191278 0.290661 -0.034244 0.019646 0.025633 0.156865 0.377855 -0.199522 -0.036568 -0.220641 -0.276192 -0.148568 -0.046163 -0.364811 -0.079145 -0.070421 -0.131493 -0.155637 -0.055203 0.337864 0.223558 0.046182 0.065267 0.332090 0.306334 0.454876 0.185504 0.231808 0.186066 0.066536 0.300945 -0.215777 -0.010524 -0.180303 -0.351439 -0.122579 -0.124054 -0.044454 0.192337 -0.196085 -0.237575 -0.244290 -0.246832 0.003892 -0.209903 -0.078169 0.053834 0.275157 -0.021978 0.066551 -0.024786 -0.130833 -0.118264
-0.002060 -0.373779 0.431511 -0.105016 1.000000 0.611766 0.458224 0.209151 0.691934 0.526942 -0.210789 -0.386254 0.240876 0.162251 0.417744 0.506247 -0.442273 -0.341597 -0.223421 -0.058421 0.122871 0.256302 0.020543 -0.033761 0.136594 -0.018562 0.731184 0.427858 -0.352387 -0.080809 -0.440980 -0.343597 -0.361464 -0.142203 0.142260 0.188693 -0.429563 -0.571743 -0.371767 -0.356503 -0.322238 -0.448812 0.034579 -0.088434 0.243777 0.276956 0.002566 -0.158485 0.313108 0.312110 0.303580 0.177210 0.037265 0.099460 -0.146444 -0.175468 -0.363432 -0.392254 0.155112 0.110349 0.026119 -0.135820 -0.174031 -0.430595 0.208538 0.201749 0.325074 0.352057 -0.148129 -0.210784 0.236519 -0.373335 -0.357030 0.026443 -0.082237 -0.377603 -0.068629 0.043105 -0.447215 -0.301980 -0.189347 -0.210606 -0.225085 -0.227797 -0.342860 -0.342020 -0.324509 -0.221176 -0.126276 -0.215986 0.157609 0.000614 0.055847 0.148364 -0.073203 -0.146093 -0.327968 -0.316270 -0.266478 -0.220310 0.096651 -0.052758 -0.014023 0.036088 -0.053002 0.262675 0.195555 0.121680 0.067765 0.005782 -0.242542 -0.376329 -0.267923 0.037285 0.127943 0.103258
-0.158280 -0.454381 0.300382 -0.090706 0.611766 1.000000 0.238716 0.110642 0.554689 0.906957 -0.226018 -0.240508 0.105325 -0.047893 0.144708 0.820909 -0.249445 -0.401283 -0.274740 -0.153850 0.107900 0.188601 -0.028870 -0.192206 0.199476 0.240605 0.781272 0.744803 -0.273777 0.044538 -0.500923 -0.338145 -0.188305 -0.184868 0.224262 0.215030 -0.384894 -0.398375 -0.375054 -0.235646 -0.442684 -0.736565 0.076653 0.056015 0.300155 0.285223 -0.001012 -0.144750 0.376766 0.302198 0.441017 0.400863 -0.014218 0.072913 -0.232069 -0.133277 -0.250713 -0.507118 -0.015495 -0.011817 -0.138956 -0.312709 -0.005162 -0.416762 0.095089 0.107194 0.285503 0.271235 -0.161039 -0.230978 0.024848 -0.448258 -0.266288 -0.032443 -0.005437 -0.446853 -0.075333 -0.176253 -0.242217 -0.249477 -0.167848 -0.183690 -0.397423 -0.342425 -0.223945 -0.276431 -0.278839 -0.067116 -0.058502 -0.272076 0.156901 -0.064202 -0.021587 -0.033164 0.067852 -0.040335 0.031971 -0.060194 -0.126141 -0.081515 0.042253 -0.213167 -0.157971 -0.204965 -0.193726 0.068634 0.028911 -0.063358 0.072661 -0.046301 -0.168716 -0.226778 -0.241826 -0.122883 -0.043027 0.069505
0.276367 0.016155 0.732642 0.158662 0.458224 0.238716 1.000000 0.712652 0.126736 0.149146 -0.013466 -0.093549 0.441472 0.454090 -0.065881 0.224167 -0.502385 -0.223268 0.168749 0.124254 0.148299 0.142940 0.139660 0.045579 -0.022711 -0.192768 0.370616 -0.004596 -0.418461 -0.103265 -0.220748 -0.119500 -0.155476 -0.041463 -0.018371 0.077440 -0.436371 -0.421546 -0.233542 -0.189978 -0.151825 -0.219352 0.041914 -0.111966 0.300440 0.256208 0.014662 -0.144594 0.266340 0.314275 0.084113 0.110047 -0.011480 0.199644 0.018688 -0.082422 -0.289312 -0.183794 0.139853 0.063860 0.061665 -0.027801 -0.040604 -0.335508 0.380867 0.208749 0.297975 0.185513 0.028070 -0.168560 0.237641 -0.137504 -0.376257 -0.034166 -0.092561 -0.243961 -0.141514 0.065875 -0.450916 -0.469006 -0.412904 -0.414060 -0.101206 -0.162939 -0.621233 -0.479803 -0.235265 -0.089040 -0.053496 -0.274595 0.339170 0.088649 -0.010716 0.087648 -0.087730 -0.042367 -0.229630 -0.366107 -0.199494 -0.199662 0.146303 -0.097471 -0.026211 0.020342 -0.000605 0.141775 0.271260 0.087327 0.000313 0.024814 -0.345332 -0.344148 -0.142412 -0.203438 -0.150960 0.040379
0.283084 0.415012 0.577520 0.385002 0.209151 0.110642 0.712652 1.000000 0.028754 0.042398 0.058943 0.082710 0.187797 0.372033 -0.234602 0.045286 -0.323443 -0.068563 0.227004 0.189307 0.068366 -0.021976 0.150239 0.013357 -0.044383 -0.222200 0.165097 -0.124700 -0.428429 -0.239223 -0.156052 -0.081735 -0.074874 0.073407 -0.056518 0.122746 -0.244196 -0.234497 -0.061198 0.110840 -0.108184 -0.133869 -0.254750 -0.319168 0.012268 0.005190 -0.186831 -0.343231 0.004139 0.098065 -0.001090 0.006294 -0.031920 0.068022 0.140229 -0.213412 -0.254308 0.056463 0.099055 0.200783 0.051258 0.216329 -0.024957 -0.093358 0.250243 0.379362 0.295007 0.128990 0.138467 -0.057585 0.144779 -0.122162 -0.362465 -0.039061 -0.121636 -0.064646 -0.078576 0.155123 -0.354415 -0.314271 -0.274148 -0.288283 0.020172 -0.196034 -0.424737 -0.305000 0.110357 0.106714 0.251685 -0.013988 0.284217 0.040489 0.171211 0.128699 -0.018341 0.093958 -0.171902 -0.256895 -0.286370 -0.279786 0.267789 0.015612 0.070327 -0.054413 -0.088514 0.009483 0.215929 -0.001648 0.049340 0.060930 -0.220663 -0.297501 -0.072081 -0.156679 -0.181269 0.012743
-0.209998 -0.259114 0.236788 -0.195363 0.691934 0.554689 0.126736 0.028754 1.000000 0.541468 -0.282405 -0.365074 -0.098576 0.106127 0.495788 0.593450 -0.276877 -0.306728 -0.209943 -0.055225 0.235008 0.348884 -0.048575 -0.096295 -0.215303 -0.060768 0.589195 0.440482 -0.258352 -0.090597 -0.461543 -0.375444 -0.110868 -0.055031 0.302978 0.349790 -0.390050 -0.500585 -0.217422 -0.129093 -0.471076 -0.540747 -0.122693 -0.169690 0.162297 0.296858 -0.188601 -0.295901 0.214953 0.328832 0.187860 0.156074 -0.000756 -0.014806 -0.305435 -0.276013 -0.289165 -0.429408 0.246416 0.273560 0.089248 0.022455 0.074548 -0.194928 0.051925 0.204195 0.453100 0.480621 -0.027703 -0.131071 0.222705 -0.399647 -0.355989 0.067944 -0.310173 -0.490521 -0.113640 -0.014636 -0.356266 -0.076886 -0.097752 -0.171433 -0.255379 -0.321478 -0.196237 -0.333507 -0.287132 -0.160266 -0.022358 -0.102586 0.001706 -0.097348 -0.000220 0.129956 0.146018 -0.151774 -0.002939 0.053863 -0.349425 -0.274864 0.057983 0.031044 0.010817 0.116990 0.007133 0.256716 0.224129 0.194092 0.037872 0.120058 -0.003342 -0.289846 -0.206867 -0.003682 0.097106 0.075824
-0.294937 -0.480873 0.204000 -0.106072 0.526942 0.906957 0.149146 0.042398 0.541468 1.000000 -0.179633 -0.192700 0.151754 -0.002325 0.184765 0.900043 -0.260286 -0.380544 -0.354477 -0.144268 0.084865 0.089102 -0.045328 -0.257054 0.206043 0.226918 0.596232 0.564712 -0.220183 0.052790 -0.502290 -0.361435 -0.211458 -0.132961 0.261336 0.289659 -0.395883 -0.356082 -0.386451 -0.275909 -0.436730 -0.770666 0.105303 0.083396 0.325704 0.333884 -0.025796 -0.119443 0.415638 0.354832 0.465990 0.444396 -0.005414 0.045409 -0.285403 -0.174417 -0.287299 -0.571093 -0.075744 -0.044465 -0.099186 -0.349476 0.005404 -0.455407 0.172805 0.157810 0.241571 0.317123 -0.230656 -0.238462 -0.003547 -0.523121 -0.236157 -0.044456 0.035181 -0.500006 -0.007549 -0.128526 -0.217352 -0.228882 -0.184751 -0.201544 -0.360500 -0.342288 -0.215648 -0.307519 -0.299390 -0.067360 -0.096097 -0.360654 0.132132 -0.103662 0.018697 0.030269 0.085990 -0.086071 -0.001249 0.025798 -0.184088 -0.099403 0.117908 -0.146505 -0.088025 -0.123756 -0.147159 0.096828 0.090241 -0.018946 0.044553 -0.047022 -0.094828 -0.223895 -0.208009 -0.070048 0.035310 0.070301
0.026615 0.290734 0.087532 0.377212 -0.210789 -0.226018 -0.013466 0.058943 -0.282405 -0.179633 1.000000 0.547646 0.605011 0.252983 0.201876 -0.297956 0.141085 0.580644 -0.127148 -0.064973 -0.415125 -0.406492 0.546574 0.447514 0.293335 0.298736 -0.236030 0.019955 0.200861 -0.241978 0.402476 0.606406 0.148071 0.156040 0.048079 0.044330 0.111412 0.158937 0.292202 0.084156 0.228762 0.320128 -0.444521 -0.353874 -0.180488 -0.131611 -0.611442 -0.438336 -0.067507 -0.102339 0.140993 -0.107802 -0.320578 -0.468104 -0.264295 -0.478579 0.001199 0.188583 -0.172396 -0.103945 0.031117 -0.003424 0.413572 0.314127 0.631938 0.073554 -0.187288 -0.062428 0.027601 0.165311 -0.479423 0.094271 0.053066 -0.422506 0.086183 0.230618 -0.438618 -0.106516 0.097381 -0.048093 -0.105383 0.208140 0.158598 0.321617 0.162287 0.274359 0.556366 0.172561 0.157558 0.132391 -0.319244 -0.380994 -0.368640 -0.114616 -0.475078 -0.104819 -0.020071 -0.226243 -0.243396 -0.233990 -0.149308 -0.031399 -0.367448 -0.221770 0.062602 -0.126417 -0.065557 0.005642 -0.377695 -0.176929 0.390673 -0.120760 -0.115081 -0.355797 -0.460736 -0.436135
-0.080877 0.528261 -0.302655 -0.017078 -0.386254 -0.240508 -0.093549 0.082710 -0.365074 -0.192700 0.547646 1.000000 0.258116 0.402968 0.006804 -0.180188 0.276918 0.627079 -0.305438 -0.313158 -0.395597 -0.309411 0.097143 0.046851 0.056876 0.022244 -0.335598 -0.030581 0.303742 0.091493 0.248979 0.381351 -0.035428 0.181056 -0.162827 0.134587 0.224513 0.330818 0.291077 0.121525 0.216722 0.270721 -0.221680 -0.114785 -0.123645 -0.086976 -0.237124 -0.111358 0.041211 0.039795 0.066075 0.152788 -0.128393 -0.168823 -0.109618 -0.141609 0.117530 0.180245 -0.135698 -0.037980 0.107267 -0.069104 0.278159 0.200216 0.216279 0.308362 -0.256768 -0.087985 -0.154163 -0.063457 -0.365064 0.123930 0.110548 -0.120497 0.172116 0.291847 -0.068764 0.068652 0.122672 0.027791 -0.118126 0.019242 -0.022259 0.227572 0.097107 0.160432 0.305081 0.067085 -0.084661 0.000350 -0.320442 -0.386883 -0.330953 -0.479446 -0.263719 -0.102812 0.095760 0.051203 -0.046521 -0.049188 -0.027541 -0.279379 -0.175114 -0.197883 0.186131 -0.021165 -0.080661 0.050587 -0.317793 -0.204477 0.188061 -0.025948 -0.110310 -0.322943 -0.271882 -0.347550
-0.043387 -0.087852 0.389735 0.134386 0.240876 0.105325 0.441472 0.187797 -0.098576 0.151754 0.605011 0.258116 1.000000 0.446393 0.208892 0.040554 -0.159355 0.279858 -0.196259 -0.106959 -0.170595 -0.229993 0.275587 0.276243 0.248881 0.176133 0.119360 0.034171 -0.022636 -0.003144 0.047214 0.300250 -0.026574 -0.004914 0.182200 0.167946 -0.157971 -0.135564 -0.008411 -0.160651 0.038003 -0.064048 -0.096518 -0.147548 0.244957 0.210199 -0.300060 -0.284523 0.359378 0.296382 0.385580 0.198217 -0.047703 -0.172566 -0.165905 -0.210345 -0.240965 -0.198575 -0.017540 -0.132546 0.060894 -0.234935 0.271656 -0.105683 0.683076 0.064946 0.022371 0.105342 -0.070697 -0.071122 -0.208544 -0.018197 -0.169219 -0.333064 0.078440 0.031398 -0.340277 -0.057554 -0.148604 -0.331033 -0.309629 -0.033442 -0.124905 0.146372 -0.250580 -0.120030 0.126677 -0.112033 -0.146255 -0.182650 -0.032103 -0.254748 -0.448570 -0.109524 -0.405746 -0.157905 -0.133357 -0.314154 -0.168602 -0.195726 -0.173482 -0.209601 -0.449691 -0.203719 -0.024674 -0.085671 -0.033803 -0.036922 -0.297466 -0.146709 -0.004590 -0.323716 -0.289964 -0.457593 -0.435108 -0.283373
0.057942 0.291729 0.121039 -0.159935 0.162251 -0.047893 0.454090 0.372033 0.106127 -0.002325 0.252983 0.402968 0.446393 1.000000 0.117614 0.039079 -0.166009 0.311226 -0.256656 -0.006837 -0.138438 -0.072304 -0.105176 0.001865 -0.205509 -0.167717 0.025141 -0.112214 0.021524 0.125574 -0.162992 0.081003 -0.145486 0.255707 0.052988 0.395239 -0.107397 -0.137191 -0.081051 -0.050060 0.009979 0.006165 -0.233865 -0.223822 0.028053 0.132599 -0.260020 -0.261858 0.181350 0.343106 0.044499 0.156777 -0.006847 -0.046567 -0.188759 -0.287318 -0.345242 -0.223138 0.188615 0.273531 0.310926 0.075562 0.312679 -0.079465 0.353907 0.421463 0.235666 0.365578 -0.042965 -0.107476 0.019308 -0.009075 -0.127558 -0.087899 0.000669 -0.073096 -0.154022 0.132521 -0.305507 -0.228846 -0.216579 -0.130704 -0.110535 0.022730 -0.320537 -0.335373 -0.165123 -0.167693 -0.185590 -0.287036 -0.126892 -0.293918 -0.184244 -0.153489 -0.141066 -0.114236 -0.138093 -0.090352 -0.304736 -0.278502 0.236461 -0.181642 -0.054827 0.080816 0.181342 0.206059 0.132774 0.195497 -0.163846 -0.094497 -0.047796 -0.282061 -0.278699 -0.335179 -0.191146 -0.126875
-0.136902 -0.121625 0.042087 0.031889 0.417744 0.144708 -0.065881 -0.234602 0.495788 0.184765 0.201876 0.006804 0.208892 0.117614 1.000000 0.266647 -0.021656 0.126175 -0.233276 -0.048353 -0.208430 -0.045999 0.248969 0.121766 -0.009005 0.004966 0.265650 0.320068 0.119431 -0.074687 0.087149 0.091903 -0.081445 0.184022 0.026986 -0.005005 -0.061588 -0.194491 -0.040368 -0.173656 -0.003513 -0.092667 -0.239579 -0.313619 -0.091968 -0.027042 -0.291321 -0.257659 0.022047 0.063640 -0.023805 -0.081549 0.059908 -0.084540 -0.404419 -0.333117 -0.040373 -0.082611 0.164796 0.085314 0.180384 0.096101 0.030513 0.116954 0.227310 0.087909 0.008034 0.165232 -0.163909 0.017478 -0.173335 -0.307763 -0.031211 -0.190982 -0.077014 -0.292896 -0.242574 -0.172069 -0.083700 0.026121 0.006371 0.054793 0.164594 0.292295 0.193579 0.087230 -0.112839 -0.027037 -0.008649 0.099871 -0.264098 -0.197600 -0.304246 -0.068058 -0.176998 -0.216427 -0.229919 -0.158648 -0.220989 -0.069782 -0.141171 0.009441 -0.110822 -0.016851 0.016638 0.079687 -0.071722 0.041977 -0.004300 -0.153512 0.189035 -0.171845 -0.145112 0.084943 0.107159 0.021756
-0.235663 -0.436332 0.169921 -0.166543 0.506247 0.820909 0.224167 0.045286 0.593450 0.900043 -0.297956 -0.180188 0.040554 0.039079 0.266647 1.000000 -0.219492 -0.411833 -0.284779 -0.094683 0.143851 0.127164 -0.126069 -0.343513 0.034759 0.105709 0.564036 0.495000 -0.110357 0.211037 -0.405662 -0.376820 -0.226387 -0.067798 0.086450 0.145023 -0.389530 -0.328611 -0.441935 -0.363443 -0.381514 -0.714294 0.176429 0.138723 0.314201 0.299558 0.074034 -0.037621 0.336409 0.323077 0.284158 0.392601 0.088607 0.186046 -0.340099 -0.139529 -0.219108 -0.517065 -0.056134 -0.081189 -0.068151 -0.275189 -0.034790 -0.416472 0.068389 0.154921 0.172704 0.251154 -0.295386 -0.266349 0.078179 -0.524131 -0.140899 0.094230 -0.001476 -0.492728 0.038695 -0.156742 -0.187305 -0.149101 -0.143413 -0.189045 -0.341810 -0.261411 -0.170485 -0.290952 -0.472743 -0.200197 -0.165300 -0.367920 0.148374 -0.061941 0.034623 -0.023470 0.071858 -0.078322 -0.055042 -0.033640 -0.128894 -0.002244 0.089831 -0.178220 0.000301 -0.139527 -0.165300 0.071888 0.137601 -0.048523 0.112297 -0.085281 -0.158227 -0.197170 -0.149949 0.008248 0.117286 0.132644
-0.047752 0.137149 -0.463063 -0.225413 -0.442273 -0.249445 -0.502385 -0.323443 -0.276877 -0.260286 0.141085 0.276918 -0.159355 -0.166009 -0.021656 -0.219492 1.000000 0.555438 0.111275 -0.169314 -0.034940 -0.031701 -0.084743 -0.111511 -0.073690 0.207223 -0.304393 -0.026162 0.703928 0.369227 0.416779 0.359909 0.366613 0.121523 -0.117644 -0.318161 0.576956 0.548378 0.342597 0.286038 0.240320 0.340558 -0.153201 -0.003428 -0.449388 -0.485585 -0.088501 0.016632 -0.494857 -0.502948 -0.353111 -0.294193 0.078936 -0.174262 -0.027392 0.074470 0.591893 0.378658 -0.305901 -0.300324 -0.020866 -0.093436 0.253366 0.598377 -0.318602 -0.339594 -0.528572 -0.568242 0.047771 -0.004719 -0.277869 0.215826 0.615267 0.153412 0.259432 0.459622 0.150755 -0.233637 0.717337 0.587711 0.639768 0.659273 0.004723 0.404139 0.653835 0.620110 0.296506 0.000866 -0.116514 0.219652 -0.396563 -0.272721 -0.287816 -0.433786 0.007954 0.204170 0.099802 0.021315 0.099347 0.223247 -0.243242 -0.116088 0.080999 -0.158455 -0.040628 -0.235738 -0.312369 -0.134943 0.139678 -0.352075 0.080464 0.224142 0.010349 0.018451 -0.013308 0.011164
0.106908 0.416535 -0.286928 0.047698 -0.341597 -0.401283 -0.223268 -0.068563 -0.306728 -0.380544 0.580644 0.627079 0.279858 0.311226 0.126175 -0.411833 0.555438 1.000000 -0.001647 -0.202022 -0.257328 -0.200960 0.179199 0.214066 0.011824 0.141811 -0.295374 -0.106008 0.450262 0.062305 0.376547 0.528963 0.196871 0.306712 -0.134086 -0.040453 0.524174 0.475532 0.484610 0.342523 0.448337 0.540421 -0.427799 -0.358127 -0.428561 -0.382843 -0.398206 -0.267358 -0.347981 -0.314971 -0.271518 -0.340482 -0.033946 -0.508292 -0.040181 -0.219906 0.346255 0.419395 -0.182401 -0.151949 0.222280 0.085054 0.406850 0.619492 0.217378 0.069429 -0.403776 -0.271248 -0.045359 0.065708 -0.399413 0.356240 0.382266 -0.196305 0.290768 0.437930 -0.044398 -0.009582 0.283650 0.230229 0.275928 0.372868 0.260189 0.626586 0.430698 0.428256 0.399752 0.218976 0.102131 0.329810 -0.581007 -0.465816 -0.443426 -0.360234 -0.322253 -0.127753 0.023623 -0.013267 -0.146184 -0.124550 -0.160104 -0.020395 -0.130975 -0.046378 0.216201 -0.082344 -0.113442 0.087938 -0.318571 -0.259816 0.341572 0.002886 -0.145771 -0.193838 -0.240875 -0.366805
0.456106 0.234950 0.264105 0.368824 -0.223421 -0.274740 0.168749 0.227004 -0.209943 -0.354477 -0.127148 -0.305438 -0.196259 -0.256656 -0.233276 -0.284779 0.111275 -0.001647 1.000000 0.443803 0.162148 0.003694 0.061714 -0.015404 -0.068829 -0.090156 -0.106922 -0.322037 -0.044388 -0.010011 0.312396 0.151004 0.276548 0.064241 -0.171481 -0.402543 0.115874 0.121856 0.144427 0.256794 0.250993 0.266752 0.086527 0.071104 -0.101032 -0.216797 0.095487 0.089828 -0.379786 -0.361166 -0.476864 -0.459373 -0.005572 -0.106503 0.083643 0.118236 0.220426 0.421783 -0.037464 -0.141697 -0.126760 0.117585 -0.049788 0.319368 -0.158898 -0.393960 -0.121219 -0.370817 0.273640 0.059279 -0.155122 0.241185 0.144135 -0.120581 -0.069025 0.209602 -0.156831 -0.270157 0.215005 0.047271 0.230722 0.129848 0.173286 0.220236 0.062663 0.156447 0.085640 0.124053 0.265097 0.284424 0.193063 0.222382 -0.008239 0.096480 0.020191 0.369071 0.142890 -0.080030 0.314344 0.292582 -0.165050 0.094299 0.091939 -0.106548 -0.156550 -0.296678 0.016262 -0.208031 0.193506 0.081572 0.106725 0.351678 0.324763 0.217221 -0.081371 0.134848
0.190353 0.045469 0.142138 0.502696 -0.058421 -0.153850 0.124254 0.189307 -0.055225 -0.144268 -0.064973 -0.313158 -0.106959 -0.006837 -0.048353 -0.094683 -0.169314 -0.202022 0.443803 1.000000 0.015513 -0.103303 0.147537 0.105161 -0.010647 0.016952 -0.076633 -0.272001 -0.130287 0.013474 -0.048461 0.010538 0.034127 -0.027073 -0.049296 -0.013205 -0.150425 -0.069023 -0.163712 0.033394 -0.021183 0.158542 -0.039934 -0.021874 0.028582 -0.024501 -0.070545 -0.154648 -0.198989 -0.128195 -0.163994 -0.202521 -0.143872 -0.100101 -0.096692 -0.121496 -0.109798 0.177661 0.046553 0.092702 -0.271642 0.408686 -0.313186 0.022300 -0.042665 -0.176795 0.139898 0.183707 0.323366 0.355961 0.094292 -0.054784 -0.029192 -0.121837 -0.289638 -0.127239 -0.296529 -0.207515 0.120127 -0.051945 0.090657 0.111334 0.124663 0.070326 0.007262 -0.090799 -0.063941 0.030239 0.126039 -0.040830 0.355217 0.327495 0.232492 0.387965 0.029169 0.323874 -0.115408 -0.139625 0.061763 0.042782 -0.073343 -0.063518 -0.058956 -0.232260 -0.416010 -0.239294 -0.012838 -0.306211 0.201907 0.168405 0.105327 0.129736 0.212265 0.198024 0.173886 0.116530
-0.103932 -0.217427 0.071014 -0.193379 0.122871 0.107900 0.148299 0.068366 0.235008 0.084865 -0.415125 -0.395597 -0.170595 -0.138438 -0.208430 0.143851 -0.034940 -0.257328 0.162148 0.015513 1.000000 0.652265 -0.344607 -0.148253 -0.330419 -0.143747 0.274377 -0.096125 -0.236409 0.064295 -0.276396 -0.344444 -0.003992 -0.177596 -0.034766 0.037778 0.027216 0.124950 0.233476 0.319685 -0.062540 0.075455 0.206000 0.168423 0.244861 0.214869 0.219979 0.122345 0.085890 0.140664 -0.098106 0.020175 0.265200 0.229147 0.281832 0.355710 -0.019534 -0.085769 0.047224 -0.127673 -0.024266 -0.144470 -0.068318 -0.119374 -0.173371 -0.240390 0.096222 0.004814 0.076026 -0.115402 0.515384 0.275820 -0.168731 0.415554 -0.011234 0.010625 0.291688 0.172538 -0.143112 -0.119114 -0.022565 -0.120348 -0.162346 -0.283003 -0.151150 -0.177193 -0.110410 -0.024491 -0.077600 0.029080 0.211729 0.216913 0.112981 0.122553 0.025669 -0.097287 0.185517 0.121457 0.153957 0.021711 -0.087912 0.002222 -0.014313 0.132890 0.041832 0.011528 0.078381 0.174688 -0.175651 0.119720 -0.340370 -0.084325 0.060322 -0.097905 -0.109507 -0.156399
-0.008489 -0.173976 0.111258 -0.291019 0.256302 0.188601 0.142940 -0.021976 0.348884 0.089102 -0.406492 -0.309411 -0.229993 -0.072304 -0.045999 0.127164 -0.031701 -0.200960 0.003694 -0.103303 0.652265 1.000000 -0.185161 -0.065077 -0.311824 -0.053360 0.425724 0.174141 -0.283179 0.004277 -0.295033 -0.261650 0.071863 -0.179599 0.156243 0.026081 -0.087827 -0.185629 0.183930 0.283289 -0.253612 -0.101889 -0.035458 -0.073861 -0.041786 0.020557 0.113291 -0.021176 -0.027624 0.120521 -0.088691 0.014455 0.131046 0.122316 0.251433 0.313822 0.123156 -0.209452 0.232515 0.203441 0.119561 0.037832 0.018132 -0.135294 -0.220483 -0.016969 0.277295 0.076579 0.295912 0.032032 0.551821 0.102918 -0.241422 0.490420 -0.203582 -0.272606 0.228659 0.186766 -0.203124 -0.085973 -0.000783 -0.206346 -0.120816 -0.297594 -0.188248 -0.228043 -0.225902 0.137572 -0.128224 -0.013850 -0.032155 0.008235 0.091454 0.070266 0.301391 -0.247991 0.176420 0.150829 -0.163094 -0.278581 -0.107984 -0.102278 -0.033396 0.318399 0.252490 0.391239 0.245728 0.359078 -0.079052 0.121661 -0.469055 -0.400703 -0.300091 -0.106992 0.095473 0.062578
0.028109 -0.032084 0.448611 0.596236 0.020543 -0.028870 0.139660 0.150239 -0.048575 -0.045328 0.546574 0.097143 0.275587 -0.105176 0.248969 -0.126069 -0.084743 0.179199 0.061714 0.147537 -0.344607 -0.185161 1.000000 0.712216 0.500570 0.482974 -0.055012 0.234371 -0.153049 -0.384451 0.363341 0.549881 0.093786 0.091073 0.168964 0.047144 -0.169204 -0.107178 0.149679 -0.013762 0.037983 0.047648 -0.414815 -0.424954 -0.205868 -0.171864 -0.449896 -0.427037 -0.171292 -0.260086 0.035183 -0.319059 -0.533483 -0.422182 -0.243792 -0.424559 0.105591 0.158665 -0.288563 -0.200946 -0.100142 0.065586 0.077402 0.212541 0.556883 0.129085 -0.173799 -0.033932 0.046753 0.190730 -0.271028 -0.049144 -0.167353 -0.323816 -0.015561 0.055645 -0.292827 0.063719 -0.082251 0.079098 -0.151245 -0.013342 0.217738 0.204746 -0.017177 0.098140 0.416364 0.354695 0.255069 0.095586 -0.220226 -0.263963 -0.143910 0.172438 -0.121807 -0.114765 -0.076157 -0.190925 -0.377096 -0.361594 -0.100449 0.181940 -0.193709 -0.147486 -0.013327 -0.003040 0.152008 0.075211 -0.115815 0.025304 0.343374 -0.196651 -0.191324 -0.073766 -0.078979 -0.112045
-0.000328 -0.079389 0.298267 0.419443 -0.033761 -0.192206 0.045579 0.013357 -0.096295 -0.257054 0.447514 0.046851 0.276243 0.001865 0.121766 -0.343513 -0.111511 0.214066 -0.015404 0.105161 -0.148253 -0.065077 0.712216 1.000000 0.393765 0.441072 -0.142019 0.117613 -0.148608 -0.281782 0.207866 0.480370 0.054718 -0.009841 0.086509 0.138613 -0.012617 -0.081525 0.183239 0.082578 0.151721 0.246788 -0.317099 -0.268886 -0.069725 -0.019359 -0.341119 -0.250236 -0.038757 -0.143714 0.075142 -0.217954 -0.344088 -0.271875 -0.188352 -0.236539 0.094904 0.095992 -0.195652 -0.213038 -0.065854 -0.008163 0.137302 0.125894 0.459445 0.051285 -0.148840 0.132736 -0.027337 0.155335 -0.154618 0.131065 -0.222237 -0.272993 0.109293 0.164123 -0.254123 0.208785 -0.155037 -0.002517 -0.169229 0.013314 0.101921 0.200849 -0.015276 0.087854 0.341405 0.195844 0.090201 0.080524 -0.211566 -0.148429 -0.274259 0.104274 -0.242458 -0.283275 0.070905 -0.139459 -0.198548 -0.275026 -0.243978 0.055474 -0.342831 -0.092971 0.013610 -0.024292 0.072197 0.176805 -0.299394 0.091361 0.378771 -0.148307 -0.302993 -0.136235 -0.152290 -0.214090
-0.083029 -0.208392 0.219839 0.184711 0.136594 0.199476 -0.022711 -0.044383 -0.215303 0.206043 0.293335 0.056876 0.248881 -0.205509 -0.009005 0.034759 -0.073690 0.011824 -0.068829 -0.010647 -0.330419 -0.311824 0.500570 0.393765 1.000000 0.600193 0.017990 0.276366 -0.049579 -0.104185 0.207157 0.365760 -0.165439 -0.100269 -0.016466 -0.021385 0.007295 0.036779 -0.043718 -0.161537 0.131293 -0.039931 0.046993 0.109114 0.021772 -0.022709 -0.047040 0.014886 0.056122 -0.205447 0.350910 0.021914 -0.348272 -0.210157 -0.143499 -0.104668 -0.056871 -0.043001 -0.468095 -0.485832 -0.270740 -0.353910 -0.106192 -0.181531 0.303660 0.010504 -0.352327 -0.154027 -0.247978 -0.123317 -0.370953 -0.075985 -0.058545 -0.260992 0.284710 0.166731 -0.136034 -0.037346 0.038135 -0.037342 -0.056167 0.111619 -0.035946 0.124901 0.052478 0.202373 0.204377 0.171152 0.079728 0.021798 -0.026722 -0.096180 0.002787 0.115237 -0.245898 -0.007168 -0.058421 -0.174575 0.043902 0.034672 -0.074554 -0.060560 -0.173676 -0.376107 -0.289781 -0.249632 -0.145690 -0.240852 -0.049379 -0.124555 0.258475 0.098661 -0.052482 0.096001 -0.039158 -0.055765
-0.291542 -0.368695 0.079770 0.073343 -0.018562 0.240605 -0.192768 -0.222200 -0.060768 0.226918 0.298736 0.022244 0.176133 -0.167717 0.004966 0.105709 0.207223 0.141811 -0.090156 0.016952 -0.143747 -0.053360 0.482974 0.441072 0.600193 1.000000 0.046880 0.463212 0.201303 0.047661 0.282264 0.549722 0.063406 0.052968 0.155995 0.117848 0.107431 0.057701 -0.085577 -0.109067 0.183899 -0.013972 -0.020191 0.139307 -0.150158 -0.131765 -0.160093 -0.070201 -0.151339 -0.312077 0.113850 -0.091921 -0.427494 -0.377508 -0.410874 -0.240414 0.051451 -0.151966 -0.422541 -0.486194 -0.179992 -0.353259 0.155862 0.022156 0.162597 -0.195752 -0.385849 -0.146260 -0.197906 -0.005189 -0.395655 0.064326 0.232593 -0.186323 0.292013 0.209883 -0.212576 -0.218213 0.312938 0.225760 0.223127 0.383059 -0.215670 0.203715 0.221409 0.375071 0.087871 0.054016 -0.143209 -0.099122 -0.287778 -0.284372 -0.153996 -0.035781 -0.162709 0.016689 0.032647 -0.104966 -0.016707 0.029674 -0.179242 -0.202213 -0.181479 -0.337375 -0.202126 -0.238203 -0.159558 -0.177298 -0.011004 -0.247585 0.261899 0.093368 -0.150795 -0.002898 -0.017976 -0.036004
-0.003190 -0.306582 0.373386 -0.039949 0.731184 0.781272 0.370616 0.165097 0.589195 0.596232 -0.236030 -0.335598 0.119360 0.025141 0.265650 0.564036 -0.304393 -0.295374 -0.106922 -0.076633 0.274377 0.425724 -0.055012 -0.142019 0.017990 0.046880 1.000000 0.685680 -0.317348 -0.070728 -0.439582 -0.292106 -0.135004 -0.136728 0.054466 0.068869 -0.261654 -0.395177 -0.221220 -0.121790 -0.253206 -0.430366 -0.005135 -0.085745 0.232838 0.225328 -0.013347 -0.200652 0.279211 0.300261 0.206591 0.190367 0.069078 0.093679 -0.095679 -0.099523 -0.264091 -0.323940 0.215716 0.108622 -0.008558 -0.143401 -0.064826 -0.289055 0.063151 0.051280 0.307191 0.203703 -0.084171 -0.253424 0.146886 -0.244001 -0.288064 -0.005835 -0.071654 -0.444807 -0.090077 -0.134440 -0.377698 -0.321734 -0.115260 -0.189683 -0.154953 -0.157126 -0.195802 -0.249164 -0.329631 0.011535 0.095516 -0.019140 0.145162 -0.002836 -0.068413 -0.012875 -0.009788 -0.138110 -0.083469 -0.173171 -0.103408 -0.132844 -0.029201 -0.247583 -0.150448 -0.118276 -0.111764 0.104725 0.035598 -0.012977 -0.004621 -0.099626 -0.281213 -0.289822 -0.223130 -0.056097 -0.032298 0.043932
-0.162401 -0.323472 0.140300 -0.069288 0.427858 0.744803 -0.004596 -0.124700 0.440482 0.564712 0.019955 -0.030581 0.034171 -0.112214 0.320068 0.495000 -0.026162 -0.106008 -0.322037 -0.272001 -0.096125 0.174141 0.234371 0.117613 0.276366 0.463212 0.685680 1.000000 -0.060407 -0.083909 -0.201515 0.022144 -0.022826 -0.004930 0.073857 0.076500 -0.070946 -0.249380 -0.224263 -0.160642 -0.118812 -0.379810 -0.106955 -0.084353 -0.003689 -0.003796 -0.119720 -0.168264 0.122704 0.004567 0.226890 0.122788 -0.152788 -0.113462 -0.358722 -0.210545 0.019684 -0.209187 -0.027859 -0.111901 -0.003093 -0.197248 0.113892 -0.072045 0.061480 0.060926 -0.022448 0.050471 -0.251841 -0.179823 -0.261434 -0.322608 -0.096265 -0.184839 0.133396 -0.276704 -0.128264 -0.206488 -0.059325 0.004245 0.056711 0.094464 -0.133997 0.001169 0.118996 0.144513 -0.140973 0.116186 0.081611 0.063823 -0.196220 -0.246251 -0.292842 -0.282164 -0.032194 -0.187646 0.039893 -0.109005 -0.092863 -0.069002 -0.123672 -0.317712 -0.215120 -0.297451 -0.129332 0.000781 -0.110942 -0.043344 0.023194 -0.279430 0.025892 -0.132736 -0.346109 -0.065278 0.015971 0.047228
-0.185839 -0.034709 -0.550730 -0.322685 -0.352387 -0.273777 -0.418461 -0.428429 -0.258352 -0.220183 0.200861 0.303742 -0.022636 0.021524 0.119431 -0.110357 0.703928 0.450262 -0.044388 -0.130287 -0.236409 -0.283179 -0.153049 -0.148608 -0.049579 0.201303 -0.317348 -0.060407 1.000000 0.434818 0.535511 0.402615 0.171545 0.278550 -0.182187 -0.236799 0.526122 0.423540 0.059535 -0.057926 0.385580 0.337488 0.090800 0.188952 -0.326602 -0.328125 0.082800 0.229969 -0.381243 -0.416805 -0.368467 -0.236537 -0.046520 -0.135205 -0.108920 -0.011480 0.278508 0.152392 -0.344071 -0.380206 -0.032065 -0.226380 0.141390 0.342851 -0.185363 -0.233342 -0.551418 -0.404936 -0.284651 -0.130195 -0.293088 0.206898 0.787438 0.034623 0.335612 0.386722 0.111094 -0.204063 0.687641 0.506940 0.566864 0.562983 0.038227 0.500705 0.568396 0.543239 0.037046 -0.219492 -0.235173 0.066317 -0.431990 -0.270409 -0.237783 -0.350306 0.006770 0.195031 -0.034606 0.021161 0.132824 0.289718 -0.153252 -0.146792 0.170067 -0.152292 -0.119411 -0.252548 -0.325258 -0.198574 0.242110 -0.306376 0.134318 0.263813 0.058642 0.206942 0.172790 0.114854
-0.142127 -0.210903 -0.271911 -0.264674 -0.080809 0.044538 -0.103265 -0.239223 -0.090597 0.052790 -0.241978 0.091493 -0.003144 0.125574 -0.074687 0.211037 0.369227 0.062305 -0.010011 0.013474 0.064295 0.004277 -0.384451 -0.281782 -0.104185 0.047661 -0.070728 -0.083909 0.434818 1.000000 0.034346 -0.087891 -0.049317 -0.128167 -0.090847 -0.144159 0.104284 0.304722 -0.139956 -0.129114 0.010637 -0.038376 0.239193 0.315468 0.081116 0.005780 0.158960 0.193013 -0.016217 -0.037389 -0.009188 0.130818 0.264520 0.232095 -0.110855 0.115454 -0.046469 -0.187070 -0.202461 -0.216656 -0.280942 -0.207143 -0.034553 -0.065615 -0.307594 -0.274055 -0.146251 -0.118475 -0.121768 0.014463 0.014471 0.083573 0.349757 0.452651 0.137949 0.140496 0.038351 -0.231161 0.318795 0.343165 0.243000 0.279288 -0.359199 0.155196 0.176045 0.137453 -0.287525 -0.425921 -0.521188 -0.294253 0.061958 0.091909 0.041398 -0.128686 -0.033177 0.066365 -0.094586 -0.127236 0.214471 0.319909 -0.096406 -0.163217 0.007901 -0.178010 -0.231124 -0.184848 -0.189474 -0.202880 0.106630 -0.255900 -0.105335 0.186113 0.038722 -0.167431 0.025005 0.018446
0.071624 0.133142 -0.096378 0.108392 -0.440980 -0.500923 -0.220748 -0.156052 -0.461543 -0.502290 0.402476 0.248979 0.047214 -0.162992 0.087149 -0.405662 0.416779 0.376547 0.312396 -0.048461 -0.276396 -0.295033 0.363341 0.207866 0.207157 0.282264 -0.439582 -0.201515 0.535511 0.034346 1.000000 0.785817 0.185089 0.430799 -0.160547 -0.338324 0.417643 0.372321 0.324008 0.008201 0.574585 0.449138 -0.086842 -0.012226 -0.413354 -0.415344 -0.061854 0.083065 -0.482533 -0.528379 -0.415433 -0.440194 -0.283149 -0.299381 -0.071203 -0.065788 0.252113 0.318523 -0.325047 -0.359849 0.077386 -0.078008 0.155129 0.410656 0.110233 -0.091956 -0.551626 -0.518562 -0.104395 -0.003604 -0.388389 0.398786 0.521338 -0.119373 0.216484 0.525546 -0.063733 -0.073773 0.419766 0.424818 0.306434 0.339206 0.244762 0.508886 0.354346 0.494879 0.313416 0.075091 -0.009253 0.208964 -0.464390 -0.333456 -0.179632 -0.135571 -0.084757 0.190590 -0.010662 0.000328 0.098120 0.164306 -0.148016 0.117376 0.152302 -0.080904 0.036988 -0.209669 -0.092987 -0.106003 0.115020 -0.150593 0.228384 0.219703 0.172910 0.213520 -0.000472 0.030253
-0.025990 0.132809 0.047956 0.159417 -0.343597 -0.338145 -0.119500 -0.081735 -0.375444 -0.361435 0.606406 0.381351 0.300250 0.081003 0.091903 -0.376820 0.359909 0.528963 0.151004 0.010538 -0.344444 -0.261650 0.549881 0.480370 0.365760 0.549722 -0.292106 0.022144 0.402615 -0.087891 0.785817 1.000000 0.144489 0.380595 -0.023362 -0.057629 0.285922 0.210858 0.281640 -0.013075 0.488299 0.392440 -0.223949 -0.099471 -0.294116 -0.280155 -0.273328 -0.127557 -0.317957 -0.361883 -0.191732 -0.287394 -0.471264 -0.497665 -0.317953 -0.237682 0.201912 0.204719 -0.312184 -0.354983 0.076570 -0.143805 0.285060 0.356722 0.370042 0.045066 -0.490635 -0.311957 -0.084851 -0.044243 -0.491440 0.380687 0.290852 -0.362720 0.172640 0.456397 -0.261337 -0.071230 0.294249 0.202580 0.183638 0.335940 0.098857 0.528790 0.254388 0.403667 0.361875 0.127435 -0.024108 0.094061 -0.522596 -0.517039 -0.399410 -0.257692 -0.165594 0.106488 0.051803 0.005659 -0.016135 0.009216 -0.251310 -0.137619 -0.128483 -0.238459 0.059349 -0.209940 -0.141484 -0.058621 -0.086794 -0.179282 0.303252 0.072768 -0.048147 -0.004316 -0.179682 -0.089724
0.148256 0.244047 0.059246 0.121545 -0.361464 -0.188305 -0.155476 -0.074874 -0.110868 -0.211458 0.148071 -0.035428 -0.026574 -0.145486 -0.081445 -0.226387 0.366613 0.196871 0.276548 0.034127 -0.003992 0.071863 0.093786 0.054718 -0.165439 0.063406 -0.135004 -0.022826 0.171545 -0.049317 0.185089 0.144489 1.000000 0.378207 0.249245 -0.344439 0.233858 0.082436 0.165636 0.231577 0.028405 0.067414 -0.223720 -0.171221 -0.362970 -0.396568 -0.223449 -0.198315 -0.366371 -0.336480 -0.356944 -0.328727 -0.082100 -0.143765 0.014416 -0.051735 0.364394 0.228041 0.102719 0.056321 0.217126 0.247310 0.425166 0.530124 -0.112554 -0.202656 0.034358 -0.340573 0.282259 0.111568 -0.255219 -0.045260 0.143195 -0.115058 -0.258509 0.036403 -0.133136 -0.235714 0.323869 0.275461 0.292835 0.293070 0.209218 0.141830 0.219331 0.298174 0.114635 0.145486 0.264963 0.260077 -0.084903 -0.070284 -0.204857 -0.136962 0.263831 0.247841 0.163785 0.067466 -0.071308 0.003833 -0.146914 -0.036948 0.001766 -0.031157 -0.140408 -0.287401 -0.138836 -0.247460 0.288624 -0.081344 0.129137 0.074575 -0.074803 -0.044877 -0.053031 0.170286
0.146474 0.256062 -0.050792 0.001524 -0.142203 -0.184868 -0.041463 0.073407 -0.055031 -0.132961 0.156040 0.181056 -0.004914 0.255707 0.184022 -0.067798 0.121523 0.306712 0.064241 -0.027073 -0.177596 -0.179599 0.091073 -0.009841 -0.100269 0.052968 -0.136728 -0.004930 0.278550 -0.128167 0.430799 0.380595 0.378207 1.000000 -0.085363 -0.144488 0.316877 0.031658 0.068186 -0.030435 0.491434 0.167052 -0.198941 -0.229936 -0.437791 -0.397990 -0.087944 -0.046508 -0.427584 -0.359621 -0.586685 -0.437710 -0.195121 -0.296876 -0.182704 -0.177606 0.162608 0.152389 -0.017941 -0.058772 0.614356 0.178057 0.391684 0.393218 0.178639 0.350419 -0.208398 -0.173663 -0.198095 -0.077516 -0.382721 0.031123 0.272015 -0.289971 0.135895 0.072890 0.013604 0.000565 0.109526 0.265403 0.296209 0.210829 0.409684 0.422357 0.213920 0.245161 -0.087719 0.237568 0.136199 0.158910 -0.478032 -0.441772 -0.220992 -0.323744 0.172988 0.163522 -0.084455 0.185504 -0.106011 -0.033579 0.025296 -0.060135 0.234399 0.075705 0.096866 -0.063938 0.013373 0.044394 0.258274 -0.087065 0.174850 -0.013567 -0.079913 0.274319 0.238913 0.173177
-0.176691 -0.212986 0.274419 -0.134060 0.142260 0.224262 -0.018371 -0.056518 0.302978 0.261336 0.048079 -0.162827 0.182200 0.052988 0.026986 0.086450 -0.117644 -0.134086 -0.171481 -0.049296 -0.034766 0.156243 0.168964 0.086509 -0.016466 0.155995 0.054466 0.073857 -0.182187 -0.090847 -0.160547 -0.023362 0.249245 -0.085363 1.000000 0.520490 -0.319973 -0.275872 -0.031096 0.043923 -0.488815 -0.425568 -0.282014 -0.233816 -0.061180 0.063350 -0.380740 -0.391339 0.144752 0.127879 0.390629 0.117263 -0.305066 -0.362014 -0.023360 -0.190405 -0.225591 -0.408400 0.066717 0.297305 -0.057063 0.016188 0.301379 -0.096376 0.211279 0.130418 0.530941 0.329629 0.384599 0.049488 0.182314 -0.237886 -0.229336 -0.020643 -0.407342 -0.115013 -0.185136 -0.007034 -0.147933 0.010174 -0.183797 -0.103619 -0.279487 -0.420660 -0.399115 -0.346182 0.054705 -0.082018 -0.134998 -0.285009 -0.088431 -0.238828 0.050209 0.315505 0.399263 0.083173 0.247790 0.324185 -0.421777 -0.389052 0.123193 0.213171 -0.059602 0.304488 0.144680 0.260138 0.241528 0.160164 0.044797 0.299079 0.086749 -0.276969 -0.186974 -0.249135 -0.058606 0.148873
-0.336316 -0.141671 0.034286 -0.169449 0.188693 0.215030 0.077440 0.122746 0.349790 0.289659 0.044330 0.134587 0.167946 0.395239 -0.005005 0.145023 -0.318161 -0.040453 -0.402543 -0.013205 0.037778 0.026081 0.047144 0.138613 -0.021385 0.117848 0.068869 0.076500 -0.236799 -0.144159 -0.338324 -0.057629 -0.344439 -0.144488 0.520490 1.000000 -0.289287 -0.156222 -0.045978 0.024452 -0.300146 -0.259352 -0.135720 -0.089191 0.271492 0.482889 -0.256517 -0.252675 0.433849 0.476189 0.442952 0.341296 -0.285630 -0.242493 -0.091419 -0.214920 -0.479095 -0.394196 0.015041 0.240512 -0.076965 -0.145279 0.064464 -0.327387 0.255918 0.351931 0.378383 0.677213 -0.050238 -0.144190 0.216165 -0.031128 -0.326774 -0.033916 -0.054547 -0.019918 -0.026645 0.370137 -0.367874 -0.241526 -0.461014 -0.357446 -0.366408 -0.451669 -0.491482 -0.537345 0.006708 -0.100667 -0.213706 -0.389851 -0.097292 -0.256532 -0.004396 0.228744 0.083135 -0.155297 0.200176 0.309977 -0.327621 -0.397206 0.285740 0.099267 -0.005196 0.238585 0.243392 0.356262 0.275302 0.337616 -0.252006 0.306844 0.158813 -0.233883 -0.154985 -0.252126 -0.103203 -0.184095
