1.000000 0.301814 0.429100 0.320763 -0.108930 -0.232875 0.571466 0.155491 -0.375778 -0.373295 0.099110 -0.133535 0.250843 -0.367926 -0.464872 -0.413897 -0.141840 0.133914 0.307255 0.383866 -0.473043 -0.336839 0.237823 0.088805 -0.536241 -0.439661 0.451619 0.329507 -0.539910 -0.525317 -0.227643 -0.104512 -0.281475 -0.209988 -0.037411 0.124017 -0.186563 -0.165735 -0.123254 -0.079885 -0.083393 -0.313944 -0.135983 0.057705 -0.104375 -0.296891 -0.105991 0.091824 0.078146 -0.232690 -0.063429 0.008628 0.136515 0.124707 -0.008054 0.020363 0.388537 0.225727 0.599515 0.059800 0.396806 0.009319 -0.295534 0.174337 0.011823 -0.170246 0.273866 -0.132133 0.411665 0.154457 -0.306331 -0.382639 -0.485556 -0.496771 -0.350524 -0.404701 -0.287236 -0.190659 -0.159390 -0.077823 -0.266102 -0.331811 0.287213 -0.411026 -0.048733 0.008358 0.085693 0.024421 0.119963 0.283516 0.378299 0.147596 0.008992 0.138253 -0.249655 -0.042374 -0.273224 -0.216965 0.023547 -0.000337 0.058269 0.160017 0.167136 0.187368 0.251327 0.142859 0.461375 0.433587 -0.008950 -0.243311 -0.130868 0.047245 -0.093937 0.028385 -0.289941 -0.147936
0.301814 1.000000 0.283830 0.448032 -0.544550 -0.330713 0.204631 0.470746 -0.395112 -0.370765 -0.136161 0.045603 0.097627 0.009547 -0.390718 -0.472986 -0.143097 -0.117528 0.349786 0.384771 -0.504526 -0.269527 0.174031 0.060180 -0.427870 -0.533326 0.307764 0.096641 -0.386202 -0.277694 -0.137889 -0.019593 -0.097792 -0.122935 -0.346788 -0.110025 -0.300224 -0.373347 -0.281227 -0.056141 -0.114086 -0.439008 -0.211699 0.013175 -0.145563 -0.123372 -0.047109 -0.014320 -0.054743 0.034903 -0.009706 0.287767 0.130704 0.235761 0.025499 -0.023036 0.052310 0.487031 0.203254 0.462234 -0.057736 0.293701 -0.200995 0.148539 -0.508970 -0.212779 0.156435 0.132298 0.330716 0.402460 -0.466086 -0.382899 -0.449656 -0.513199 -0.426726 -0.568580 -0.435420 -0.344145 -0.186936 -0.116948 -0.152276 -0.328658 0.211611 -0.185930 -0.235755 -0.068003 -0.013249 -0.098591 -0.269213 0.178077 0.212384 0.047124 0.018998 -0.092855 -0.441096 0.026514 -0.251742 -0.112219 0.068697 0.095938 0.207452 0.004128 0.329063 0.006442 0.254866 -0.077211 0.332941 0.299060 0.015159 -0.188950 -0.269663 0.077229 -0.014689 0.108387 0.034556 0.031835
0.429100 0.283830 1.000000 0.846529 0.034907 -0.146307 0.926099 0.808091 -0.343118 -0.463744 0.113999 -0.341524 0.324960 -0.370560 -0.574183 -0.559312 -0.397381 -0.076319 0.266226 0.297253 -0.535098 -0.382497 0.752586 0.614696 -0.606848 -0.609386 0.693921 0.624590 -0.643793 -0.715186 -0.210162 -0.084503 -0.488669 -0.298245 0.160838 0.317693 -0.362312 -0.526607 -0.292247 -0.070214 -0.450425 -0.513853 -0.535115 -0.365729 -0.254436 -0.467896 -0.370143 -0.349283 -0.100194 -0.115616 0.401611 0.234486 0.240958 -0.049971 0.065431 -0.166041 -0.231407 -0.275210 0.168368 -0.048621 -0.101516 -0.129207 -0.328146 -0.139432 -0.012814 -0.015741 0.366289 0.132615 0.174352 0.307115 -0.284718 -0.263193 -0.656076 -0.610977 -0.680394 -0.597363 -0.451907 -0.230473 -0.341249 -0.300559 -0.503384 -0.506848 0.342922 -0.384724 -0.119377 -0.116892 0.050012 -0.093105 0.320041 0.616718 0.062539 -0.063807 0.427337 0.374191 -0.519690 -0.282481 -0.487257 -0.429374 -0.345465 -0.207656 0.089587 -0.252659 -0.144645 -0.293938 -0.068017 0.096047 0.397472 0.159981 -0.017220 -0.302869 -0.335841 -0.297871 -0.354871 -0.307503 -0.175453 -0.426243
0.320763 0.448032 0.846529 1.000000 -0.137696 -0.213768 0.833087 0.898266 -0.427447 -0.532937 0.153278 -0.280394 0.384736 -0.402773 -0.613179 -0.616085 -0.442333 -0.142074 0.223222 0.269298 -0.594055 -0.522828 0.826482 0.738246 -0.680264 -0.647209 0.604927 0.626540 -0.629993 -0.726321 -0.086431 0.071258 -0.330214 -0.168397 0.105722 0.248349 -0.381591 -0.563241 -0.174150 -0.029688 -0.410477 -0.431329 -0.454307 -0.387235 -0.353685 -0.528330 -0.290876 -0.281125 -0.199608 -0.158168 0.326049 0.190873 0.204180 0.002549 0.239779 -0.106451 -0.288249 -0.200946 0.009244 -0.003885 -0.151156 0.008554 -0.335448 -0.144114 -0.000782 -0.031788 0.134616 0.054202 0.147168 0.218223 -0.281051 -0.237695 -0.686570 -0.639116 -0.655310 -0.648564 -0.426094 -0.269365 -0.385861 -0.340797 -0.532821 -0.569656 0.399800 -0.373379 0.018364 -0.024643 0.161219 -0.174185 0.316998 0.622286 0.038105 -0.046209 0.412193 0.245126 -0.524714 -0.331329 -0.460286 -0.467139 -0.287204 -0.192114 0.140741 -0.422123 -0.076410 -0.415078 -0.034864 0.122671 0.368533 0.136842 -0.003605 -0.379851 -0.404255 -0.300484 -0.363850 -0.269660 -0.119238 -0.365028
-0.108930 -0.544550 0.034907 -0.137696 1.000000 0.686885 0.114572 -0.230996 0.610743 0.518113 -0.087098 -0.071353 -0.037415 -0.021554 0.537332 0.517164 -0.138743 -0.190956 0.008389 0.036362 0.490141 0.454684 -0.055124 0.013377 0.462958 0.560362 -0.094568 0.171266 -0.055045 0.067947 -0.057565 -0.142081 -0.129428 -0.078345 0.274293 0.237024 0.069369 0.167103 0.024118 -0.043443 -0.058146 0.273176 -0.164091 -0.246193 0.071662 -0.013540 -0.369489 -0.269580 -0.028471 -0.076042 -0.098668 -0.145894 -0.198870 -0.201755 -0.141124 -0.245207 -0.269796 -0.406686 -0.224176 -0.506170 -0.123275 -0.378312 -0.044692 -0.214108 0.471456 0.223000 -0.040406 0.019274 -0.010218 -0.083624 0.127504 0.058612 0.166217 0.414364 0.170058 0.440137 0.128238 0.047445 -0.011488 -0.149197 0.006957 0.132208 -0.022115 0.263093 0.034330 0.080954 0.110911 -0.140917 0.211513 -0.163066 -0.262847 -0.253962 0.128669 0.182128 0.201657 -0.062013 0.018993 0.080676 -0.310536 -0.264604 -0.025277 -0.113969 -0.231760 -0.120610 -0.157587 0.008978 -0.212396 -0.190384 0.005919 0.090354 0.186306 -0.142539 -0.132039 -0.189469 -0.051458 -0.080336
-0.232875 -0.330713 -0.146307 -0.213768 0.686885 1.000000 -0.147142 -0.212009 0.794294 0.847137 -0.566169 -0.097546 -0.549017 0.185449 0.655178 0.771806 -0.129125 -0.508775 0.110320 0.127225 0.586757 0.506894 -0.309593 -0.064873 0.735930 0.732772 -0.348805 0.023699 -0.007465 0.322734 -0.377499 -0.478650 -0.155345 -0.296232 0.025907 0.278402 -0.074440 0.286973 -0.027216 0.153094 -0.206732 0.317708 -0.139780 -0.337969 0.037531 0.155444 -0.350451 -0.227221 -0.122045 0.125984 -0.041543 0.173941 0.064157 0.155738 -0.296991 -0.397185 -0.533161 -0.461115 -0.285223 -0.187610 -0.438175 -0.342090 -0.204852 -0.425992 0.109443 0.268296 -0.005077 0.328285 0.035457 0.073742 -0.023188 -0.069602 0.197119 0.521148 0.075580 0.630785 0.114257 0.250068 -0.206770 -0.408767 0.048316 0.098207 -0.135310 0.393840 0.067494 0.112102 -0.071975 -0.013986 -0.098190 -0.271142 -0.359307 0.001849 0.312857 0.346880 0.070012 -0.234817 -0.071654 -0.002763 -0.378252 -0.409092 0.066952 -0.059779 -0.244766 -0.026099 -0.203206 0.043806 -0.462871 -0.275273 -0.230544 0.043919 0.115445 -0.160060 0.054677 -0.047253 0.110894 0.004747
0.571466 0.204631 0.926099 0.833087 0.114572 -0.147142 1.000000 0.734956 -0.361858 -0.478697 0.199944 -0.348762 0.434758 -0.461085 -0.583943 -0.564961 -0.446437 -0.070747 0.220911 0.270522 -0.564929 -0.389471 0.766988 0.618834 -0.640621 -0.584140 0.690768 0.678215 -0.711193 -0.790880 -0.175576 -0.018564 -0.532611 -0.282134 0.244099 0.345567 -0.344411 -0.498303 -0.194760 -0.040343 -0.421861 -0.452899 -0.459549 -0.329560 -0.209946 -0.472752 -0.332681 -0.280864 -0.053922 -0.182807 0.335916 0.139527 0.201704 -0.043670 0.127029 -0.132761 -0.131363 -0.251866 0.200417 -0.150157 -0.002056 -0.174479 -0.380381 -0.153105 0.135047 -0.021952 0.296146 0.033356 0.184220 0.196748 -0.277629 -0.277918 -0.704020 -0.628885 -0.656692 -0.610755 -0.424658 -0.249141 -0.325930 -0.312039 -0.529812 -0.543211 0.367951 -0.463080 -0.055849 -0.067275 0.162378 -0.165701 0.377832 0.602611 0.104360 -0.099599 0.398060 0.339577 -0.445387 -0.291142 -0.475990 -0.415344 -0.336482 -0.228642 0.125856 -0.282202 -0.114843 -0.300009 0.012725 0.159407 0.446564 0.225058 0.035219 -0.277169 -0.293909 -0.333478 -0.404840 -0.352694 -0.244736 -0.439342
0.155491 0.470746 0.808091 0.898266 -0.230996 -0.212009 0.734956 1.000000 -0.481073 -0.515829 0.039152 -0.276562 0.180085 -0.192253 -0.635900 -0.591794 -0.361351 -0.202541 0.074888 0.121366 -0.580243 -0.429062 0.801577 0.728611 -0.611060 -0.638920 0.659815 0.620997 -0.491215 -0.632369 -0.087003 0.056484 -0.324349 -0.242962 0.165601 0.268192 -0.346836 -0.509344 -0.307415 0.123795 -0.412743 -0.482364 -0.439284 -0.343851 -0.317143 -0.361097 -0.206106 -0.268868 -0.274320 -0.010126 0.430264 0.280763 0.221760 0.052036 0.152433 -0.032908 -0.329166 -0.270998 -0.122412 0.002631 -0.361772 -0.070699 -0.250771 -0.239119 -0.161167 -0.059890 0.119084 0.140674 -0.050578 0.199659 -0.224738 -0.128810 -0.617221 -0.651682 -0.639274 -0.665290 -0.418448 -0.235942 -0.316766 -0.337777 -0.432422 -0.495881 0.409835 -0.309952 0.090722 -0.050689 -0.018426 -0.016170 0.290660 0.616471 -0.046017 -0.065981 0.359693 0.206742 -0.510203 -0.357539 -0.397543 -0.447700 -0.271798 -0.135609 0.081120 -0.342510 -0.192240 -0.379232 -0.079296 0.145692 0.316316 0.116577 -0.037944 -0.340757 -0.411072 -0.321950 -0.347273 -0.327616 -0.040093 -0.353890
-0.375778 -0.395112 -0.343118 -0.427447 0.610743 0.794294 -0.361858 -0.481073 1.000000 0.897222 -0.477111 -0.107481 -0.467178 0.146313 0.791473 0.809128 0.075654 -0.236007 0.176743 0.132995 0.607992 0.473176 -0.517012 -0.355830 0.793025 0.753542 -0.643314 -0.397235 0.214864 0.502069 -0.383651 -0.533981 -0.029458 -0.096197 -0.070956 0.146240 -0.029495 0.217874 0.024208 -0.163538 -0.133882 0.319808 0.013410 -0.142270 0.115897 0.173977 -0.275505 -0.176683 0.009929 0.087820 -0.029720 0.110196 0.067646 0.092902 -0.254717 -0.398232 -0.494233 -0.208038 -0.216946 -0.043440 -0.261999 -0.135501 0.016985 -0.161843 0.128061 0.241501 0.006595 0.324004 0.139008 0.186179 0.083957 -0.043914 0.462195 0.719507 0.220540 0.720211 0.159374 0.238858 -0.027958 -0.114645 0.215400 0.261800 -0.412341 0.287067 -0.164255 -0.035730 0.026649 -0.201808 -0.226346 -0.482701 -0.297433 0.057663 0.226030 0.352723 0.148478 0.001662 0.016193 0.196289 -0.250909 -0.313711 0.037705 -0.034644 -0.149431 -0.029433 -0.242006 -0.116156 -0.599228 -0.419523 -0.084263 0.227327 0.277451 0.037360 0.253347 0.025147 0.066800 0.103505
-0.373295 -0.370765 -0.463744 -0.532937 0.518113 0.847137 -0.478697 -0.515829 0.897222 1.000000 -0.561300 -0.039977 -0.665012 0.299177 0.804129 0.920786 0.111025 -0.297199 0.060933 0.085664 0.682531 0.499692 -0.606935 -0.389545 0.891925 0.822205 -0.688873 -0.427264 0.283435 0.654804 -0.404181 -0.560170 -0.049305 -0.201141 -0.142284 0.106858 0.039314 0.371086 0.014271 -0.031289 -0.078816 0.400119 0.067316 -0.146369 0.139775 0.304239 -0.188704 -0.105611 -0.004034 0.207906 -0.052969 0.153227 0.059113 0.218225 -0.373806 -0.344058 -0.433027 -0.241706 -0.238566 -0.073191 -0.319878 -0.170341 0.019983 -0.210417 0.037590 0.238874 -0.044834 0.323188 0.017810 0.075195 0.119486 -0.003666 0.498096 0.769608 0.363344 0.813993 0.257011 0.345618 -0.033322 -0.133847 0.250091 0.333268 -0.415709 0.437786 -0.051853 0.026831 -0.171926 -0.055400 -0.337040 -0.571097 -0.327915 0.103200 0.171575 0.275593 0.141534 -0.066310 0.007179 0.160723 -0.222745 -0.302871 0.052794 0.087152 -0.173038 0.061760 -0.225570 -0.118475 -0.632722 -0.403217 -0.214066 0.226246 0.235937 -0.001879 0.290184 0.015863 0.114715 0.115920
0.099110 -0.136161 0.113999 0.153278 -0.087098 -0.566169 0.199944 0.039152 -0.477111 -0.561300 1.000000 0.373024 0.757618 -0.174764 -0.342173 -0.389882 0.148863 0.571458 -0.233839 -0.298643 -0.293976 -0.276045 0.356219 0.203979 -0.508436 -0.328082 0.211731 0.160851 0.149312 -0.218688 0.509988 0.628040 0.282466 0.416917 0.142479 -0.112020 0.300859 -0.126234 0.227685 -0.151847 0.336856 0.058473 0.048333 0.118292 -0.202937 -0.291609 0.104264 0.065537 -0.121827 -0.391715 -0.220549 -0.548368 -0.291006 -0.403475 0.377485 0.297174 0.422440 0.105280 0.038471 -0.323314 0.479606 0.111042 0.305598 0.339911 0.286821 -0.057239 -0.289117 -0.575084 -0.215772 -0.347937 0.231692 0.252283 -0.003002 -0.135404 0.163518 -0.264174 0.141121 -0.179729 0.337422 0.443374 -0.055504 0.017090 0.199745 -0.139300 0.119337 0.071338 0.286206 -0.008883 0.383815 0.216599 0.112717 -0.282130 -0.224984 -0.310693 0.232033 0.052431 0.203679 -0.031336 0.191044 0.222192 -0.206102 -0.172395 -0.012727 -0.175512 0.055545 -0.010035 0.266791 0.044682 0.144820 -0.094936 0.045515 -0.057341 -0.136719 -0.176310 -0.165502 -0.089130
-0.133535 0.045603 -0.341524 -0.280394 -0.071353 -0.097546 -0.348762 -0.276562 -0.107481 -0.039977 0.373024 1.000000 0.254115 0.573811 0.088920 0.089475 0.031414 0.199136 -0.313981 -0.295152 0.106269 0.241278 -0.147209 -0.072173 0.024269 0.169604 -0.081374 -0.102136 0.215156 0.127657 0.509711 0.567962 0.326226 0.348632 -0.213620 -0.239879 0.246999 0.295408 0.276199 0.202295 0.457650 0.428398 0.062390 0.100648 -0.177749 -0.009833 0.033176 0.113454 -0.147144 -0.159382 -0.519404 -0.433467 -0.331855 -0.169412 0.143575 0.174064 0.353518 0.086862 -0.004485 -0.146567 0.237962 0.080539 0.078905 0.047640 -0.001470 0.178715 -0.374885 -0.288475 -0.263629 -0.238902 0.260386 0.436837 0.138314 0.152417 0.349557 0.115917 0.103636 -0.051531 0.272685 0.202185 0.069959 0.157585 -0.072342 0.221691 0.236850 0.455349 -0.075086 0.159469 0.096044 -0.150078 -0.069276 -0.368246 -0.368316 -0.439875 0.342961 0.173439 0.255620 0.085034 0.232883 0.103303 -0.144687 0.063088 0.042691 0.133917 0.114142 0.034840 0.049959 -0.003494 -0.017199 0.078671 -0.010621 0.079775 0.063818 0.047566 -0.056123 0.090210
0.250843 0.097627 0.324960 0.384736 -0.037415 -0.549017 0.434758 0.180085 -0.467178 -0.665012 0.757618 0.254115 1.000000 -0.319246 -0.440552 -0.610941 -0.205875 0.330724 -0.138873 -0.164043 -0.459330 -0.256446 0.514487 0.317225 -0.623765 -0.474644 0.360202 0.291345 -0.288493 -0.517247 0.518485 0.610920 0.062713 0.405726 0.112209 -0.104701 -0.015058 -0.351991 0.208527 -0.203545 0.088678 -0.081199 -0.057234 0.085879 -0.098545 -0.426005 0.042386 0.029272 0.085718 -0.380647 -0.092270 -0.347542 -0.200647 -0.296061 0.466813 0.150853 0.331228 0.192229 0.160586 -0.165858 0.457691 0.108298 -0.029693 0.194036 0.309459 -0.113578 -0.108412 -0.404060 0.000702 -0.178582 0.017559 0.086402 -0.352814 -0.409534 -0.173045 -0.525300 -0.168135 -0.305635 0.084086 0.170960 -0.250583 -0.244669 0.130875 -0.385132 -0.080202 0.065910 0.385874 -0.279920 0.324383 0.364449 0.191349 -0.386545 -0.079103 -0.257781 0.066636 0.093064 0.020424 -0.050237 0.082049 0.107262 0.009137 -0.328161 0.161751 -0.254536 0.172612 0.035266 0.460802 0.244986 0.258711 -0.057150 0.002214 -0.064275 -0.320831 -0.199294 -0.231447 -0.209599
-0.367926 0.009547 -0.370560 -0.402773 -0.021554 0.185449 -0.461085 -0.192253 0.146313 0.299177 -0.174764 0.573811 -0.319246 1.000000 0.314078 0.393098 0.103561 -0.086748 -0.303325 -0.182380 0.268087 0.456188 -0.264997 -0.128958 0.388282 0.310709 -0.110566 -0.213568 0.294118 0.340813 0.301731 0.197164 0.089067 -0.096979 -0.212862 -0.227583 0.036429 0.312037 -0.118593 0.353290 0.127177 0.283985 -0.002035 -0.000434 0.072111 0.395594 0.008371 -0.066777 -0.063072 0.353939 -0.082587 0.023616 -0.153198 0.005194 -0.315555 0.035010 0.114105 -0.019139 -0.115133 -0.003834 -0.142704 -0.063577 0.044402 -0.229826 -0.095832 0.228648 -0.180184 0.043945 -0.336720 -0.052759 0.235147 0.425746 0.246178 0.264089 0.346129 0.284164 -0.056669 -0.056502 0.170868 -0.028415 0.127563 0.229529 -0.201396 0.417888 0.169516 0.103024 -0.547737 0.240193 -0.026433 -0.347055 -0.285409 -0.249058 -0.298202 -0.234861 0.064861 0.214579 0.113586 0.143946 0.042897 -0.003207 -0.220837 0.174421 -0.168414 0.124477 -0.138153 -0.120656 -0.193316 -0.305460 -0.010591 0.161472 -0.113456 0.039627 0.137120 -0.056040 0.077219 0.057430
-0.464872 -0.390718 -0.574183 -0.613179 0.537332 0.655178 -0.583943 -0.635900 0.791473 0.804129 -0.342173 0.088920 -0.440552 0.314078 1.000000 0.861379 0.110462 -0.273139 0.052699 0.097407 0.758510 0.535360 -0.666759 -0.473787 0.896391 0.808733 -0.615659 -0.432226 0.364186 0.635421 -0.091084 -0.293416 0.078019 0.022893 -0.105911 -0.047498 0.205653 0.401348 0.119671 -0.058550 0.091158 0.469832 0.134904 -0.118997 0.278509 0.427541 -0.186619 -0.177848 0.150646 0.273396 -0.168169 0.027945 -0.174937 -0.028574 -0.343066 -0.380113 -0.233129 -0.103277 -0.204311 -0.082193 -0.172208 -0.107173 0.138525 -0.056065 0.206300 0.213565 -0.036119 0.127861 0.015426 -0.111904 0.093782 0.069844 0.513682 0.716369 0.447711 0.816065 0.349423 0.269379 0.048592 -0.015091 0.320892 0.394706 -0.233569 0.620354 -0.004557 -0.050686 -0.084524 -0.027105 -0.224525 -0.638107 -0.263784 0.003800 -0.047262 0.046051 0.212862 0.067335 0.050803 0.232302 -0.175346 -0.226885 0.061563 0.197135 0.008454 0.139410 -0.113215 -0.213024 -0.576289 -0.419949 0.016769 0.187208 0.269851 0.013663 0.183751 0.182084 0.136858 0.266467
-0.413897 -0.472986 -0.559312 -0.616085 0.517164 0.771806 -0.564961 -0.591794 0.809128 0.920786 -0.389882 0.089475 -0.610941 0.393098 0.861379 1.000000 0.168922 -0.202058 -0.028162 -0.007094 0.772515 0.502096 -0.618010 -0.413979 0.876377 0.832340 -0.647126 -0.380066 0.436849 0.698475 -0.185564 -0.368633 0.056566 -0.127094 -0.118063 0.026364 0.237656 0.462970 0.056869 0.047775 0.091487 0.493366 0.168671 -0.102357 0.207101 0.432122 -0.138287 -0.091948 -0.002755 0.256789 -0.139120 0.003888 -0.131993 0.007685 -0.422627 -0.265415 -0.257984 -0.261381 -0.260936 -0.204792 -0.257953 -0.236879 0.119959 -0.169399 0.133090 0.231710 -0.134984 0.113138 -0.103409 -0.116901 0.208909 0.130399 0.577607 0.794406 0.505096 0.898393 0.380033 0.318430 0.091477 -0.000310 0.335174 0.457417 -0.308722 0.572257 0.089248 0.040919 -0.247626 0.032183 -0.223880 -0.604513 -0.338963 0.090432 -0.014732 0.087690 0.199229 -0.031918 0.100919 0.171842 -0.123862 -0.197840 -0.075538 0.156309 -0.209339 0.100347 -0.226551 -0.169167 -0.643855 -0.491942 -0.141788 0.135333 0.211260 0.028591 0.266065 0.072558 0.142326 0.181778
-0.141840 -0.143097 -0.397381 -0.442333 -0.138743 -0.129125 -0.446437 -0.361351 0.075654 0.111025 0.148863 0.031414 -0.205875 0.103561 0.110462 0.168922 1.000000 0.499015 -0.178234 -0.255750 0.073126 0.011053 -0.266496 -0.424080 0.144348 0.063274 -0.311732 -0.322184 0.715957 0.511389 0.044037 -0.048868 0.440446 0.043647 -0.207942 -0.382983 0.309581 0.170481 -0.001891 -0.230682 0.290686 0.006537 0.263195 0.367556 0.024992 0.165845 0.325696 0.188731 -0.182864 -0.087533 -0.229148 -0.163909 -0.140605 0.038406 -0.014181 0.366966 0.297505 0.379027 -0.262882 -0.120278 0.051285 0.138646 0.653264 0.560560 -0.269576 -0.312918 -0.423536 -0.376383 -0.241695 -0.207800 0.275696 0.074429 0.612103 0.389462 0.496781 0.222916 0.277140 0.056521 0.682054 0.618640 0.578466 0.525067 -0.084380 0.253131 -0.097705 -0.148403 -0.072227 -0.013393 -0.293386 -0.332056 -0.027853 0.139866 -0.270175 -0.157801 0.276350 0.191855 0.410111 0.328179 0.445281 0.467434 -0.296838 0.030165 -0.122400 0.039034 -0.186412 -0.096136 -0.306123 -0.264513 -0.035267 0.047999 0.036561 0.386756 0.461734 0.144839 0.134172 0.238114
0.133914 -0.117528 -0.076319 -0.142074 -0.190956 -0.508775 -0.070747 -0.202541 -0.236007 -0.297199 0.571458 0.199136 0.330724 -0.086748 -0.273139 -0.202058 0.499015 1.000000 -0.221508 -0.216610 -0.187046 -0.276643 0.127288 -0.092390 -0.289996 -0.214222 -0.061138 -0.235634 0.403961 0.188051 0.329478 0.239099 0.231805 0.196452 -0.029875 -0.151864 0.297267 -0.053534 0.029768 -0.300836 0.281909 -0.026090 0.164151 0.374588 -0.141559 -0.193467 0.297733 0.184577 -0.175787 -0.327786 -0.272794 -0.494961 -0.142626 -0.170810 0.088216 0.469053 0.475346 0.391675 0.094185 -0.196581 0.426486 0.171694 0.408970 0.578720 0.041984 -0.188715 -0.264600 -0.499183 -0.112716 -0.099460 0.451718 0.297303 0.383646 0.147642 0.370073 -0.065297 0.199581 0.034195 0.451476 0.725599 0.215648 0.310021 -0.129660 -0.214585 -0.080514 -0.147071 -0.076488 -0.043944 0.117978 -0.007636 0.007486 -0.074370 -0.301013 -0.225683 0.121643 0.170649 0.253546 0.102688 0.375209 0.382431 -0.527240 -0.134247 -0.266068 -0.172035 -0.218175 -0.145710 0.025012 -0.129660 -0.031388 0.065255 0.046700 0.300419 0.350457 -0.031610 -0.139284 -0.093184
0.307255 0.349786 0.266226 0.223222 0.008389 0.110320 0.220911 0.074888 0.176743 0.060933 -0.233839 -0.313981 -0.138873 -0.303325 0.052699 -0.028162 -0.178234 -0.221508 1.000000 0.852510 -0.052784 -0.076647 -0.254463 -0.231424 -0.058929 -0.091892 0.004581 -0.068233 -0.323850 -0.143415 -0.522328 -0.360372 -0.195870 -0.208891 -0.219490 0.109999 -0.083038 -0.109696 -0.104081 -0.240469 -0.084114 -0.253669 -0.241063 -0.209010 -0.180327 -0.165376 -0.396292 -0.222394 0.024931 -0.150283 0.008354 0.206960 0.069768 -0.019219 -0.199470 -0.394845 -0.191034 0.094974 0.404103 0.388009 0.021160 0.170457 -0.168289 0.117944 -0.252061 -0.054755 0.539002 0.324966 0.809083 0.650398 -0.478864 -0.545602 -0.162004 -0.120369 -0.362903 -0.063616 -0.167804 -0.196317 -0.241764 -0.143208 -0.010584 -0.179798 0.222395 -0.057460 -0.283575 -0.099853 0.224958 -0.030469 -0.233478 -0.020011 0.173571 0.404543 0.206643 0.315921 -0.195398 0.124315 -0.238594 0.060458 -0.216387 -0.080840 0.243168 0.285040 0.416507 0.296980 0.268676 -0.114361 0.032354 0.184263 0.136026 -0.157834 0.008872 -0.011717 0.014058 0.367364 0.162471 0.277097
0.383866 0.384771 0.297253 0.269298 0.036362 0.127225 0.270522 0.121366 0.132995 0.085664 -0.298643 -0.295152 -0.164043 -0.182380 0.097407 -0.007094 -0.255750 -0.216610 0.852510 1.000000 -0.003718 -0.008283 -0.187203 -0.147795 0.015696 -0.081279 0.051422 -0.093366 -0.418056 -0.138813 -0.451005 -0.390696 -0.375162 -0.248533 -0.219335 0.144493 -0.149701 -0.142746 -0.257970 -0.182234 -0.175813 -0.203557 -0.341786 -0.289582 -0.089491 -0.091874 -0.495705 -0.369518 0.074586 -0.007310 0.084889 0.281594 0.068211 0.057075 -0.410982 -0.506544 -0.167470 0.086959 0.457081 0.360782 -0.014792 0.140942 -0.194306 0.100238 -0.184475 0.005091 0.575266 0.359916 0.795805 0.598761 -0.441070 -0.501572 -0.266046 -0.152524 -0.377679 -0.030025 -0.228170 -0.138699 -0.307092 -0.226168 -0.008712 -0.153958 0.150969 0.024902 -0.261058 -0.197786 0.010929 -0.006005 -0.236741 -0.137298 0.174338 0.387935 0.214373 0.326421 -0.343796 0.162009 -0.453912 0.038855 -0.305250 -0.195860 0.239636 0.320598 0.354614 0.261063 0.158920 -0.247562 0.025236 0.124209 0.233138 -0.094021 -0.100894 -0.054244 0.028113 0.252573 0.065836 0.093833
-0.473043 -0.504526 -0.535098 -0.594055 0.490141 0.586757 -0.564929 -0.580243 0.607992 0.682531 -0.293976 0.106269 -0.459330 0.268087 0.758510 0.772515 0.073126 -0.187046 -0.052784 -0.003718 1.000000 0.583915 -0.585154 -0.360272 0.799712 0.754003 -0.499182 -0.343074 0.381347 0.605339 0.018734 -0.152011 0.082826 0.038030 -0.018233 -0.054300 0.339198 0.446508 0.153262 0.124620 0.230660 0.539661 0.015668 -0.111611 0.240474 0.402330 -0.160964 -0.159019 0.103631 0.198347 -0.237689 -0.084292 -0.220079 -0.173753 -0.336495 -0.244671 -0.128611 -0.210125 -0.125843 -0.047897 -0.065029 -0.083049 0.187575 -0.135717 0.195441 0.279431 0.012723 0.113893 -0.058445 -0.138090 0.248750 0.175298 0.498031 0.630583 0.477891 0.758415 0.448191 0.366005 0.064146 -0.038786 0.328868 0.416926 -0.176645 0.579341 0.085454 -0.013342 -0.144914 -0.010590 -0.130056 -0.479901 -0.252608 0.024918 -0.192139 -0.059308 0.262799 -0.016494 0.154215 0.128692 -0.145423 -0.200608 -0.048603 0.279494 -0.003114 0.231455 -0.071603 -0.127685 -0.344242 -0.251406 -0.044891 0.244217 0.188576 -0.047629 0.106689 0.115957 0.045903 0.131704
-0.336839 -0.269527 -0.382497 -0.522828 0.454684 0.506894 -0.389471 -0.429062 0.473176 0.499692 -0.276045 0.241278 -0.256446 0.456188 0.535360 0.502096 0.011053 -0.276643 -0.076647 -0.008283 0.583915 1.000000 -0.469775 -0.311787 0.636166 0.572234 -0.228646 -0.200720 0.159604 0.363871 -0.012468 -0.086403 -0.022093 -0.006444 -0.022494 -0.082056 0.143410 0.274909 -0.014375 0.212902 0.130305 0.333594 -0.077553 -0.094314 0.322452 0.340896 -0.170292 -0.191519 0.095425 0.180331 -0.180333 0.031978 -0.191325 -0.050468 -0.265412 -0.217937 -0.067654 -0.098281 -0.136689 -0.058418 -0.141256 -0.170089 0.025544 -0.233609 0.053399 0.205945 -0.006723 0.168524 -0.010855 -0.013271 -0.037142 0.158571 0.236206 0.390513 0.162329 0.417128 -0.051664 -0.038184 0.176099 -0.201125 0.361078 0.342308 -0.225626 0.394413 -0.052921 0.027039 -0.092561 0.064235 -0.167537 -0.361437 -0.086505 -0.198736 -0.020225 -0.050741 0.426443 0.410197 0.171177 0.491454 -0.107965 -0.096166 -0.047838 0.193655 0.008390 0.174714 -0.037651 -0.209040 -0.214790 -0.092755 0.222409 0.516166 0.147458 -0.010593 -0.034116 0.025057 0.182188 0.142124
0.237823 0.174031 0.752586 0.826482 -0.055124 -0.309593 0.766988 0.801577 -0.517012 -0.606935 0.356219 -0.147209 0.514487 -0.264997 -0.666759 -0.618010 -0.266496 0.127288 -0.254463 -0.187203 -0.585154 -0.469775 1.000000 0.844374 -0.693068 -0.605761 0.653807 0.692600 -0.407192 -0.662880 0.227070 0.303890 -0.235243 -0.084081 0.297790 0.197291 -0.294217 -0.464658 -0.097753 0.080533 -0.325991 -0.328382 -0.305418 -0.224192 -0.295051 -0.489512 -0.087396 -0.170364 -0.278706 -0.190098 0.299232 -0.012463 0.141194 -0.043254 0.329771 0.140240 -0.091744 -0.213754 -0.172548 -0.305535 -0.088864 -0.155982 -0.190035 -0.156960 0.217638 -0.065131 -0.148498 -0.199737 -0.251678 -0.094588 0.006759 0.085101 -0.514920 -0.558684 -0.411534 -0.637456 -0.339851 -0.203775 -0.164016 -0.165225 -0.499309 -0.432386 0.323952 -0.399814 0.174422 -0.010127 0.053074 -0.138392 0.548994 0.655862 -0.087690 -0.281374 0.244137 0.118745 -0.338457 -0.344541 -0.266976 -0.449253 -0.178282 -0.101670 -0.131241 -0.562920 -0.380279 -0.588759 -0.235751 0.174821 0.351367 0.026519 -0.066952 -0.270485 -0.315780 -0.259996 -0.359755 -0.481384 -0.218953 -0.521277
0.088805 0.060180 0.614696 0.738246 0.013377 -0.064873 0.618834 0.728611 -0.355830 -0.389545 0.203979 -0.072173 0.317225 -0.128958 -0.473787 -0.413979 -0.424080 -0.092390 -0.231424 -0.147795 -0.360272 -0.311787 0.844374 1.000000 -0.447670 -0.304481 0.486938 0.597050 -0.372328 -0.587959 0.139626 0.248290 -0.197863 -0.115663 0.350636 0.310075 -0.331000 -0.256578 -0.048582 0.168967 -0.352797 -0.183883 -0.343841 -0.394854 -0.432508 -0.504609 -0.200986 -0.263171 -0.348093 -0.190868 0.259125 -0.056987 0.249879 0.056590 0.306087 -0.018361 -0.276651 -0.427833 -0.196902 -0.222629 -0.123497 -0.107007 -0.285603 -0.410169 0.338353 0.156513 -0.127357 0.028726 -0.255990 -0.086061 0.141202 0.214435 -0.424238 -0.404921 -0.377184 -0.402932 -0.194619 -0.016766 -0.372644 -0.390568 -0.617364 -0.512674 0.222750 -0.289549 0.329231 0.176810 0.004198 0.030598 0.632823 0.666273 -0.172910 -0.284217 0.358761 0.239053 -0.285974 -0.443581 -0.332664 -0.547375 -0.397015 -0.377985 -0.103283 -0.515525 -0.410781 -0.554075 -0.302935 0.183898 0.250596 -0.047610 -0.224300 -0.269114 -0.309950 -0.469832 -0.434981 -0.523613 -0.186106 -0.524643
-0.536241 -0.427870 -0.606848 -0.680264 0.462958 0.735930 -0.640621 -0.611060 0.793025 0.891925 -0.508436 0.024269 -0.623765 0.388282 0.896391 0.876377 0.144348 -0.289996 -0.058929 0.015696 0.799712 0.636166 -0.693068 -0.447670 1.000000 0.881908 -0.680359 -0.509061 0.405528 0.737609 -0.173326 -0.398324 0.040789 -0.094522 -0.047078 0.043982 0.133665 0.439511 0.049139 0.060323 0.016490 0.443483 0.117596 -0.090771 0.292787 0.481927 -0.100346 -0.138961 0.105713 0.322480 -0.100432 0.105218 -0.044506 0.133445 -0.411748 -0.312178 -0.302375 -0.170643 -0.273405 -0.041359 -0.307062 -0.166615 0.108850 -0.185466 0.084322 0.232057 -0.035137 0.259409 -0.061756 -0.070383 0.149941 0.107952 0.558412 0.747569 0.444612 0.838402 0.335871 0.383275 0.039304 -0.068473 0.358583 0.415563 -0.419287 0.567677 -0.024890 -0.039116 -0.189471 0.057487 -0.296241 -0.614655 -0.316193 0.050191 0.028593 0.109236 0.228659 0.052058 0.088239 0.269414 -0.180430 -0.233265 0.028035 0.193168 -0.095069 0.152558 -0.184426 -0.178074 -0.597018 -0.373418 -0.084281 0.294838 0.269048 -0.010199 0.261042 0.103435 0.183111 0.199171
-0.439661 -0.533326 -0.609386 -0.647209 0.560362 0.732772 -0.584140 -0.638920 0.753542 0.822205 -0.328082 0.169604 -0.474644 0.310709 0.808733 0.832340 0.063274 -0.214222 -0.091892 -0.081279 0.754003 0.572234 -0.605761 -0.304481 0.881908 1.000000 -0.685398 -0.433194 0.385696 0.617946 -0.083264 -0.228587 0.160161 0.034306 0.138539 0.193167 0.157671 0.513035 0.153369 0.075845 0.123640 0.507514 0.151149 -0.056902 0.060226 0.256616 -0.131378 -0.070052 -0.079702 0.007073 -0.273372 -0.187984 -0.045313 0.108321 -0.252578 -0.252074 -0.244838 -0.221408 -0.256778 -0.162391 -0.154192 -0.171617 0.064740 -0.270123 0.275278 0.305761 -0.143425 0.184018 -0.060759 -0.121046 0.257415 0.235513 0.593947 0.764262 0.511531 0.819879 0.385620 0.414414 0.014259 -0.028131 0.227710 0.321952 -0.395988 0.436504 0.141151 0.199305 -0.012062 0.138945 -0.056505 -0.511008 -0.326650 -0.048261 0.017591 0.105440 0.380534 0.006112 0.190742 0.246419 -0.230102 -0.269018 -0.032540 0.110935 -0.143281 0.107829 -0.196139 -0.123784 -0.536995 -0.295876 -0.205453 0.261110 0.436141 -0.057507 0.205167 0.049435 0.119689 0.177481
0.451619 0.307764 0.693921 0.604927 -0.094568 -0.348805 0.690768 0.659815 -0.643314 -0.688873 0.211731 -0.081374 0.360202 -0.110566 -0.615659 -0.647126 -0.311732 -0.061138 0.004581 0.051422 -0.499182 -0.228646 0.653807 0.486938 -0.680359 -0.685398 1.000000 0.803949 -0.560787 -0.782437 0.178195 0.286163 -0.275719 -0.181376 0.179204 0.035718 -0.190961 -0.368193 -0.247528 0.224420 -0.181210 -0.413184 -0.311941 -0.142927 -0.021560 -0.172263 -0.106305 -0.126877 0.037266 0.055575 0.203134 0.122150 0.023030 -0.183749 0.119482 0.100710 0.227375 -0.077621 0.227210 -0.048392 0.093096 -0.070571 -0.258584 -0.109146 0.059856 -0.028502 0.198278 -0.157248 0.002680 0.037937 -0.290109 -0.105392 -0.701172 -0.795347 -0.537480 -0.731962 -0.450727 -0.472688 -0.184729 -0.283365 -0.407137 -0.452468 0.587273 -0.254068 0.054208 -0.114034 0.000100 0.072574 0.433523 0.601950 0.241208 -0.158125 0.002894 -0.030642 -0.322381 -0.123817 -0.218817 -0.296892 -0.069770 0.019123 0.046848 0.004830 0.015195 -0.029864 0.155160 0.187273 0.617929 0.384144 0.139231 -0.330088 -0.355799 -0.169807 -0.468936 -0.148664 -0.157751 -0.226451
0.329507 0.096641 0.624590 0.626540 0.171266 0.023699 0.678215 0.620997 -0.397235 -0.427264 0.160851 -0.102136 0.291345 -0.213568 -0.432226 -0.380066 -0.322184 -0.235634 -0.068233 -0.093366 -0.343074 -0.200720 0.692600 0.597050 -0.509061 -0.433194 0.803949 1.000000 -0.504540 -0.694758 0.140355 0.250127 -0.248769 -0.170420 0.255787 0.142855 -0.177186 -0.242346 -0.020537 0.321449 -0.209905 -0.168978 -0.240200 -0.275266 -0.111920 -0.245597 -0.113459 -0.093210 -0.152057 -0.070681 0.111168 0.038605 -0.021815 -0.162198 0.265730 0.055527 0.010817 -0.315095 -0.090106 -0.314413 -0.110270 -0.308841 -0.350521 -0.284064 0.156311 -0.007479 -0.036383 -0.169547 -0.135140 -0.147022 -0.223458 -0.098547 -0.628267 -0.575613 -0.465032 -0.490129 -0.261041 -0.280135 -0.231295 -0.411266 -0.429952 -0.446053 0.624738 -0.140271 0.216926 0.041351 0.121132 -0.044792 0.438862 0.556722 0.040374 -0.216558 0.139091 0.033110 -0.185465 -0.348178 -0.132997 -0.370765 -0.149724 -0.099561 0.052981 -0.274038 -0.123880 -0.203539 0.087774 0.375662 0.403987 0.217596 -0.019961 -0.334330 -0.269951 -0.250129 -0.515525 -0.191347 -0.044402 -0.225792
-0.539910 -0.386202 -0.643793 -0.629993 -0.055045 -0.007465 -0.711193 -0.491215 0.214864 0.283435 0.149312 0.215156 -0.288493 0.294118 0.364186 0.436849 0.715957 0.403961 -0.323850 -0.418056 0.381347 0.159604 -0.407192 -0.372328 0.405528 0.385696 -0.560787 -0.504540 1.000000 0.754667 0.217701 0.096348 0.491199 0.166378 -0.111868 -0.342281 0.572198 0.407898 0.140770 -0.124323 0.506591 0.286459 0.453430 0.389738 0.068102 0.342049 0.365591 0.229993 -0.186198 -0.002208 -0.258412 -0.292869 -0.249243 -0.123410 -0.017748 0.344148 0.056644 0.068219 -0.456053 -0.240988 -0.114853 -0.032593 0.674171 0.293047 -0.125352 -0.222986 -0.504743 -0.285984 -0.479704 -0.336183 0.481771 0.380839 0.856720 0.631656 0.725935 0.537100 0.532087 0.244728 0.602522 0.542876 0.653216 0.707861 -0.222457 0.468095 0.173573 0.043661 -0.159606 0.124235 -0.188117 -0.448286 -0.233035 0.002214 -0.369859 -0.314794 0.409516 0.161548 0.537608 0.348713 0.373144 0.399896 -0.431225 0.021268 -0.263257 -0.045057 -0.324867 -0.225470 -0.541999 -0.479542 -0.045174 0.138811 0.182708 0.306550 0.471850 0.125441 0.273785 0.278108
-0.525317 -0.277694 -0.715186 -0.726321 0.067947 0.322734 -0.790880 -0.632369 0.502069 0.654804 -0.218688 0.127657 -0.517247 0.340813 0.635421 0.698475 0.511389 0.188051 -0.143415 -0.138813 0.605339 0.363871 -0.662880 -0.587959 0.737609 0.617946 -0.782437 -0.694758 0.754667 1.000000 -0.019342 -0.241244 0.262958 0.052684 -0.282995 -0.209537 0.441591 0.411354 0.081872 -0.132322 0.305744 0.363035 0.303110 0.222903 0.196570 0.436859 0.221677 0.135803 -0.052534 0.162665 -0.260115 -0.079936 -0.180937 0.114993 -0.322216 0.033339 -0.083326 0.124523 -0.310921 -0.059212 -0.192284 -0.027292 0.402436 0.191605 -0.197343 -0.078470 -0.250446 0.008010 -0.191976 -0.100367 0.257896 0.170359 0.803708 0.794346 0.690528 0.729788 0.459542 0.359446 0.369435 0.371670 0.623722 0.710696 -0.418548 0.566028 0.007324 -0.035948 -0.271981 0.027310 -0.486920 -0.666998 -0.323078 0.044591 -0.220151 -0.196287 0.276156 0.161748 0.319290 0.366941 0.180018 0.159419 -0.257642 0.093584 -0.166469 0.033869 -0.261047 -0.307501 -0.669457 -0.466940 -0.086689 0.274295 0.241063 0.266713 0.531680 0.191478 0.259326 0.256960
-0.227643 -0.137889 -0.210162 -0.086431 -0.057565 -0.377499 -0.175576 -0.087003 -0.383651 -0.404181 0.509988 0.509711 0.518485 0.301731 -0.091084 -0.185564 0.044037 0.329478 -0.522328 -0.451005 0.018734 -0.012468 0.227070 0.139626 -0.173326 -0.083264 0.178195 0.140355 0.217701 -0.019342 1.000000 0.847609 0.333597 0.429508 0.091543 -0.318281 0.246723 0.063124 0.245596 0.177566 0.355817 0.282619 0.200331 0.212622 0.064741 0.046622 0.284712 0.133569 -0.012691 -0.063448 -0.261874 -0.437245 -0.414715 -0.294756 0.189170 0.327388 0.480295 0.115155 -0.121550 -0.286127 0.216752 -0.057143 0.163150 0.047113 0.270117 -0.116236 -0.391210 -0.515585 -0.389933 -0.465750 0.393635 0.560404 0.107775 -0.086040 0.343659 -0.127755 0.083390 -0.145146 0.298754 0.284656 0.076159 0.156893 0.119232 0.156098 0.238815 0.073402 -0.015025 0.019907 0.318315 -0.023741 -0.120335 -0.419613 -0.532670 -0.609193 0.202666 0.153018 0.279082 0.069452 0.250483 0.253179 -0.289568 -0.151061 -0.031943 -0.082466 0.054811 0.068026 0.164782 -0.000124 0.247085 -0.085010 -0.016669 0.068368 -0.108960 0.002088 0.015077 0.037478
-0.104512 -0.019593 -0.084503 0.071258 -0.142081 -0.478650 -0.018564 0.056484 -0.533981 -0.560170 0.628040 0.567962 0.610920 0.197164 -0.293416 -0.368633 -0.048868 0.239099 -0.360372 -0.390696 -0.152011 -0.086403 0.303890 0.248290 -0.398324 -0.228587 0.286163 0.250127 0.096348 -0.241244 0.847609 1.000000 0.349976 0.423319 0.128354 -0.305012 0.234939 0.075983 0.337723 0.232413 0.427934 0.221264 0.162748 0.162524 -0.159753 -0.131100 0.219702 0.160920 -0.134852 -0.272409 -0.321450 -0.514896 -0.418427 -0.352931 0.365250 0.339922 0.437752 0.043623 -0.050352 -0.224006 0.281608 0.041887 0.112695 0.049736 0.209641 -0.095895 -0.368699 -0.488806 -0.299917 -0.401163 0.272756 0.492578 -0.080040 -0.260176 0.148549 -0.311285 0.091478 -0.189588 0.287427 0.186463 -0.048587 -0.022390 0.306561 0.032964 0.300742 0.240229 0.165026 0.082843 0.369173 0.119927 -0.029237 -0.407046 -0.467941 -0.545623 0.289591 0.107066 0.307112 0.017628 0.224473 0.244001 -0.162601 -0.097046 0.127436 0.002243 0.227375 0.212546 0.367457 0.164635 0.228719 -0.107618 -0.061404 -0.030894 -0.205236 -0.037011 -0.018247 0.082957
-0.281475 -0.097792 -0.488669 -0.330214 -0.129428 -0.155345 -0.532611 -0.324349 -0.029458 -0.049305 0.282466 0.326226 0.062713 0.089067 0.078019 0.056566 0.440446 0.231805 -0.195870 -0.375162 0.082826 -0.022093 -0.235243 -0.197863 0.040789 0.160161 -0.275719 -0.248769 0.491199 0.262958 0.333597 0.349976 1.000000 0.622766 0.042319 -0.181457 0.346780 0.319373 0.118224 -0.058574 0.556708 0.291681 0.297405 0.285797 -0.236031 -0.050293 0.228095 0.210582 -0.304871 -0.259138 -0.364168 -0.437497 -0.261633 -0.159338 0.264277 0.346487 0.275554 0.242222 -0.292112 -0.080695 0.171276 0.244801 0.513674 0.358243 0.026122 -0.084455 -0.508030 -0.336317 -0.240871 -0.378008 0.290773 0.225530 0.425957 0.340056 0.480265 0.171464 0.317434 -0.042923 0.422192 0.452596 0.354011 0.367246 -0.054754 0.220367 0.191950 0.352033 0.179273 0.198054 0.086264 -0.073006 -0.122205 -0.003674 -0.356821 -0.364902 0.439640 0.079795 0.515015 0.126329 0.360698 0.292579 -0.211938 -0.036275 -0.008372 0.087483 -0.002270 0.068659 -0.140646 0.004265 -0.011826 -0.246954 0.201597 0.265790 0.152006 0.133658 0.148082 0.317381
-0.209988 -0.122935 -0.298245 -0.168397 -0.078345 -0.296232 -0.282134 -0.242962 -0.096197 -0.201141 0.416917 0.348632 0.405726 -0.096979 0.022893 -0.127094 0.043647 0.196452 -0.208891 -0.248533 0.038030 -0.006444 -0.084081 -0.115663 -0.094522 0.034306 -0.181376 -0.170420 0.166378 0.052684 0.429508 0.423319 0.622766 1.000000 0.069527 -0.055405 0.320019 0.117095 0.263993 -0.036676 0.496258 0.423886 0.214235 0.162724 -0.135602 -0.181042 0.132120 0.152272 -0.187569 -0.333749 -0.293257 -0.465219 -0.350254 -0.266482 0.341299 0.085953 0.245107 0.158769 -0.122862 -0.097852 0.294138 0.206275 0.294113 0.259891 0.177184 0.121216 -0.312656 -0.195960 -0.096972 -0.329194 0.175665 0.150081 0.112096 0.173184 0.290087 0.038758 0.234507 0.022108 0.304979 0.345393 0.221217 0.245027 -0.110898 -0.005550 0.077999 0.279283 0.279526 -0.001957 0.112095 -0.031866 0.016677 -0.132138 -0.254771 -0.354335 0.424162 0.167967 0.332911 0.109556 0.194401 0.095300 -0.144075 -0.139725 0.069893 -0.020920 0.002944 0.030843 -0.098771 0.063638 0.204958 0.059756 0.288363 0.160385 -0.032475 0.045784 0.011183 0.078626
-0.037411 -0.346788 0.160838 0.105722 0.274293 0.025907 0.244099 0.165601 -0.070956 -0.142284 0.142479 -0.213620 0.112209 -0.212862 -0.105911 -0.118063 -0.207942 -0.029875 -0.219490 -0.219335 -0.018233 -0.022494 0.297790 0.350636 -0.047078 0.138539 0.179204 0.255787 -0.111868 -0.282995 0.091543 0.128354 0.042319 0.069527 1.000000 0.664039 -0.164876 -0.087219 -0.107774 0.135361 -0.150229 -0.121568 0.015748 -0.050003 -0.043998 -0.036034 -0.104714 -0.130839 -0.129746 -0.120384 0.270394 -0.228556 -0.002319 -0.158874 0.056074 -0.008571 -0.038484 -0.242339 -0.164939 -0.307606 -0.074293 -0.309454 0.032333 -0.229318 0.518836 0.191034 0.051201 0.076535 -0.167835 -0.273728 0.169165 0.170713 -0.117784 -0.118257 -0.082153 -0.112113 0.055401 0.106308 -0.121296 -0.049110 -0.198365 -0.202223 0.052575 -0.279475 0.284622 -0.000083 0.162286 0.112426 0.546727 0.211137 -0.185270 -0.161535 0.051726 0.124842 0.064416 -0.212110 -0.025383 -0.110320 -0.329736 -0.204436 -0.018869 -0.160106 -0.198442 -0.151276 -0.085566 0.142116 0.148892 0.118662 -0.009201 0.023479 0.293038 -0.302299 -0.276011 -0.350240 -0.081164 -0.183699
0.124017 -0.110025 0.317693 0.248349 0.237024 0.278402 0.345567 0.268192 0.146240 0.106858 -0.112020 -0.239879 -0.104701 -0.227583 -0.047498 0.026364 -0.382983 -0.151864 0.109999 0.144493 -0.054300 -0.082056 0.197291 0.310075 0.043982 0.193167 0.035718 0.142855 -0.342281 -0.209537 -0.318281 -0.305012 -0.181457 -0.055405 0.664039 1.000000 -0.301164 -0.105576 -0.247681 0.086446 -0.375776 -0.113929 -0.235260 -0.236759 -0.253438 -0.205197 -0.302489 -0.231708 -0.255549 -0.184130 0.228859 -0.112687 0.181585 0.047959 -0.115655 -0.247896 -0.310514 -0.309327 0.021121 -0.056378 -0.194832 -0.219083 -0.284847 -0.300313 0.249749 0.313052 0.297667 0.427293 0.124274 0.118020 -0.028648 -0.085402 -0.183398 -0.025247 -0.230279 0.012404 -0.050223 0.227481 -0.436610 -0.210553 -0.321422 -0.316184 -0.113873 -0.353051 0.139774 0.055337 0.015503 0.151514 0.346119 0.236370 -0.247509 0.044236 0.354882 0.429382 -0.175437 -0.334640 -0.248995 -0.331949 -0.480265 -0.426308 0.018310 -0.160467 -0.296587 -0.169605 -0.168427 0.080090 -0.040949 0.061184 -0.303328 -0.053734 0.198972 -0.324791 -0.133401 -0.310477 -0.151518 -0.298761
