1.000000 0.433714 0.379889 0.337817 0.395771 0.182253 0.487250 0.502547 0.161942 0.096387 0.111894 0.227478 0.216255 -0.016021 -0.007128 -0.223941 -0.283510 -0.331799 0.275853 0.296900 0.020187 -0.068986 0.278446 0.189319 -0.077141 -0.280037 0.328821 0.035881 -0.397997 -0.482937 -0.253812 -0.430606 -0.342449 -0.320029 -0.275064 -0.028916 -0.381322 -0.259351 -0.446372 -0.278427 -0.198483 -0.208090 -0.425654 -0.375455 0.085945 -0.149472 -0.440709 -0.312799 0.338336 0.095196 0.202493 0.208662 0.217852 -0.274711 -0.201498 -0.540778 0.113047 0.098731 0.623315 0.529047 0.273805 0.316494 -0.307304 -0.159984 -0.172005 0.053585 0.254799 0.089405 0.196946 0.242188 -0.035361 -0.315443 -0.401005 -0.306224 -0.239291 -0.193926 -0.269379 -0.238893 -0.498215 -0.534993 -0.502159 -0.525750 -0.062959 -0.098134 -0.494405 -0.474301 -0.086293 -0.120587 0.504832 -0.076042 0.353547 0.270695 0.075531 0.482054 -0.357953 -0.104947 -0.304456 -0.389427 -0.282568 -0.275738 0.178300 0.263098 0.188684 0.223044 -0.049951 -0.100150 0.055662 0.017126 -0.078020 0.049860 -0.222803 -0.293692 -0.001988 -0.132023 -0.192176 -0.176527
0.433714 1.000000 -0.146227 0.103612 -0.148723 -0.281387 -0.043787 0.079986 -0.035398 -0.268289 -0.173761 0.058775 0.107283 0.222106 -0.188988 -0.109674 -0.126654 -0.066565 0.203477 0.389142 -0.329971 -0.336825 -0.112250 -0.005021 -0.237361 -0.448383 -0.072361 -0.247133 -0.306543 -0.236669 -0.300254 -0.451402 0.006017 -0.145515 -0.203036 -0.078241 -0.288129 -0.074086 -0.323215 -0.010784 -0.457769 -0.265134 -0.039787 -0.147598 0.022330 0.006626 -0.182780 -0.194118 0.210971 0.228663 0.096284 0.202852 0.176027 -0.031866 0.027639 -0.189287 0.250864 0.448838 0.262349 0.323344 0.191487 0.330456 -0.116805 0.109315 -0.324313 -0.147061 0.151013 -0.015823 0.277916 0.278050 -0.114446 -0.121823 -0.240849 -0.232440 -0.273927 -0.252307 -0.195052 -0.174133 -0.238889 -0.207726 -0.137159 -0.175140 -0.251959 -0.141291 -0.261519 -0.133009 -0.107557 0.087367 0.157918 0.118615 0.330289 0.322093 0.075160 0.149104 -0.222722 0.009026 -0.182911 -0.198246 0.040885 -0.104675 0.263436 0.171095 0.157659 0.181602 -0.138776 -0.081654 0.184151 0.002871 -0.109329 -0.017581 -0.054724 -0.121878 -0.095473 -0.152160 -0.153472 -0.184483
0.379889 -0.146227 1.000000 0.679351 0.697486 0.557516 0.843884 0.703999 0.404110 0.418761 -0.112635 0.084196 -0.263907 -0.405413 -0.120918 -0.332093 -0.443378 -0.596042 0.269287 0.276367 0.214991 0.266916 0.755869 0.389547 0.294778 -0.038963 0.613341 0.236169 -0.473871 -0.552228 -0.273358 -0.350107 -0.307970 -0.391721 -0.141016 -0.036856 -0.483434 -0.682537 -0.521234 -0.403453 -0.262608 -0.453663 -0.101383 -0.216867 0.397152 0.240733 -0.364665 -0.385038 0.428917 0.208019 0.388768 0.351737 0.150108 -0.262475 -0.564829 -0.703962 -0.342833 -0.232396 0.314174 0.541636 -0.246017 0.076210 -0.459626 -0.468058 0.154163 0.151363 0.571597 0.537740 0.335933 0.364236 -0.076240 -0.394346 -0.527245 -0.527462 -0.456138 -0.409981 -0.482373 -0.547294 -0.570662 -0.657536 -0.590647 -0.601636 -0.085131 -0.206974 -0.565016 -0.671049 -0.243444 -0.467672 0.346834 -0.325192 0.351970 0.063344 0.270954 0.547902 -0.280396 -0.195918 -0.446023 -0.524971 -0.663125 -0.415552 -0.044664 0.105742 0.059604 0.184866 -0.071351 0.083210 -0.079186 0.078189 -0.071535 -0.318308 -0.314736 -0.443433 -0.192069 -0.236169 0.015515 -0.247139
0.337817 0.103612 0.679351 1.000000 0.399063 0.345072 0.593410 0.731947 0.284172 0.313019 -0.203486 0.164537 -0.147422 -0.161695 0.007354 -0.201627 -0.414356 -0.606385 0.456786 0.460655 -0.020243 0.280026 0.520743 0.378331 0.178333 -0.106914 0.388753 0.085530 -0.476804 -0.541192 -0.392633 -0.293163 -0.350151 -0.360809 -0.331440 -0.233957 -0.427937 -0.553459 -0.375866 -0.134047 -0.239144 -0.390631 -0.267892 -0.448513 0.240968 -0.000369 -0.439475 -0.459253 0.351136 0.114011 0.216777 0.227366 0.140067 -0.308661 -0.458697 -0.598125 -0.348234 -0.128831 0.403826 0.618359 -0.129488 0.225769 -0.378791 -0.314679 0.075159 0.043536 0.656052 0.442122 0.481368 0.555522 -0.097553 -0.353843 -0.523525 -0.508247 -0.496416 -0.292747 -0.553517 -0.582861 -0.548274 -0.605036 -0.525425 -0.581777 0.146033 0.050501 -0.524853 -0.592742 -0.131882 -0.151483 0.347391 -0.237533 0.405541 0.135167 0.446457 0.430703 -0.159438 -0.076765 -0.329577 -0.404810 -0.557980 -0.466388 0.075155 -0.053937 -0.081143 0.120506 -0.249638 0.052704 0.094218 0.079324 -0.080513 -0.083194 -0.321455 -0.553912 -0.315553 -0.260664 -0.175641 -0.295615
0.395771 -0.148723 0.697486 0.399063 1.000000 0.685519 0.678296 0.472151 0.550103 0.712738 0.189967 0.310473 0.107692 -0.071753 0.195906 0.174039 -0.274795 -0.320504 0.008474 -0.039212 0.500331 0.235693 0.587461 0.239236 0.511357 0.123764 0.593625 0.239388 -0.259214 -0.306286 -0.137482 -0.174872 -0.257497 -0.213834 0.004600 0.130602 -0.369961 -0.429952 -0.464619 -0.456580 -0.093441 -0.291811 -0.025012 -0.082164 0.318678 0.233557 -0.320641 -0.274710 0.401998 0.281089 0.361988 0.385496 0.179106 -0.067494 -0.469136 -0.629058 -0.359091 -0.241708 0.262732 0.307105 -0.204533 0.133308 -0.488364 -0.420446 0.169377 0.179102 0.167068 0.270777 -0.003043 0.002521 0.005706 -0.187898 -0.371873 -0.221645 -0.109796 -0.083114 -0.144196 -0.204830 -0.427426 -0.538589 -0.564318 -0.415209 0.085342 -0.186702 -0.477278 -0.500270 -0.183797 -0.508298 0.405091 -0.292157 0.061065 -0.157639 0.025712 0.265325 -0.381639 -0.328652 -0.483348 -0.506339 -0.629543 -0.485906 -0.023171 -0.093290 -0.016204 -0.079346 -0.122107 -0.065102 -0.112918 -0.013750 -0.019070 -0.317000 -0.404829 -0.396126 -0.181300 -0.233237 -0.039572 -0.219514
0.182253 -0.281387 0.557516 0.345072 0.685519 1.000000 0.402055 0.281280 0.121660 0.520975 0.056222 0.142452 -0.168345 -0.401777 0.177212 0.152255 -0.324228 -0.435608 0.008392 0.108771 0.525559 0.429829 0.631731 0.482506 0.596277 0.448741 0.792334 0.694380 -0.355914 -0.282060 -0.095556 -0.098739 -0.246100 -0.228737 -0.035026 0.110580 -0.316210 -0.240076 -0.091528 -0.164950 -0.124169 -0.139531 0.063356 -0.000324 0.112949 0.063480 -0.250150 -0.083939 0.252825 0.135606 0.276630 0.286910 0.126063 0.013099 -0.281944 -0.386435 -0.241797 -0.201237 -0.024649 0.204906 -0.422906 -0.180419 -0.385956 -0.513681 -0.056141 0.061690 0.159079 0.316229 0.178913 0.154999 0.066891 -0.232431 -0.377283 -0.233209 -0.132816 -0.139526 -0.209815 -0.348703 -0.340433 -0.433026 -0.444650 -0.348356 0.098515 -0.123796 -0.367157 -0.353380 0.123737 -0.255239 0.201517 -0.131322 0.167352 -0.001249 0.153938 0.339269 -0.230572 -0.250729 -0.252027 -0.330366 -0.384340 -0.165096 0.042780 0.100438 0.062236 0.134436 -0.044479 -0.033357 -0.034229 -0.016171 -0.103777 -0.426067 -0.141816 -0.254958 -0.059515 -0.104554 -0.028183 -0.192208
0.487250 -0.043787 0.843884 0.593410 0.678296 0.402055 1.000000 0.793689 0.542989 0.491632 -0.081215 0.058654 -0.009178 -0.162540 -0.213297 -0.286909 -0.455121 -0.520411 0.187588 0.200901 0.133850 0.061118 0.481873 0.115985 0.081379 -0.297240 0.449721 0.016936 -0.507578 -0.585091 -0.406155 -0.453323 -0.307651 -0.376440 -0.066606 0.027020 -0.555645 -0.674382 -0.529228 -0.331077 -0.284939 -0.495185 -0.217572 -0.289880 0.444240 0.210846 -0.442084 -0.425334 0.479158 0.262730 0.246585 0.256180 0.062857 -0.380862 -0.591827 -0.712301 -0.406329 -0.260587 0.393602 0.514216 -0.127088 0.289298 -0.566078 -0.347183 0.244551 0.264886 0.531735 0.559817 0.329886 0.349434 -0.157128 -0.344779 -0.603367 -0.566247 -0.531663 -0.462846 -0.497281 -0.475011 -0.616005 -0.607569 -0.614223 -0.619147 -0.218532 -0.302131 -0.530600 -0.664529 -0.286263 -0.496348 0.418956 -0.353106 0.378831 0.106452 0.310984 0.575462 -0.244984 -0.210253 -0.562644 -0.471137 -0.636425 -0.465405 0.112330 0.163529 0.167463 0.235801 0.069853 0.263072 0.045010 0.218482 -0.071067 -0.191275 -0.347599 -0.492573 -0.155798 -0.206348 -0.038484 -0.314391
0.502547 0.079986 0.703999 0.731947 0.472151 0.281280 0.793689 1.000000 0.499697 0.434875 -0.134159 0.232307 -0.056898 -0.100301 -0.037789 -0.264860 -0.416899 -0.581085 0.210770 0.252572 0.062667 0.229775 0.343557 0.065780 -0.073903 -0.272393 0.363835 0.051533 -0.523914 -0.634675 -0.431830 -0.431239 -0.323798 -0.371860 -0.090439 -0.092663 -0.477447 -0.538467 -0.469012 -0.210686 -0.256116 -0.421987 -0.352287 -0.495077 0.313533 0.009629 -0.425353 -0.523843 0.454451 0.224191 0.262266 0.271243 0.117791 -0.510701 -0.382083 -0.624020 -0.374390 -0.210762 0.456337 0.653959 -0.018491 0.392537 -0.500519 -0.362205 0.122055 0.255454 0.564027 0.454273 0.303563 0.379641 0.029571 -0.160190 -0.593804 -0.510196 -0.534355 -0.333288 -0.460051 -0.383940 -0.654697 -0.662007 -0.658500 -0.628932 -0.062108 -0.157292 -0.566941 -0.665651 -0.229709 -0.269539 0.488990 -0.145643 0.352359 0.068969 0.374985 0.559970 -0.101170 -0.156713 -0.377473 -0.337732 -0.580721 -0.464692 0.146793 0.126402 0.094592 0.228013 -0.009875 0.171802 0.031710 0.195913 -0.031141 0.044785 -0.379264 -0.602473 -0.270946 -0.151600 -0.085577 -0.314058
0.161942 -0.035398 0.404110 0.284172 0.550103 0.121660 0.542989 0.499697 1.000000 0.675574 -0.098910 0.085531 0.088065 0.068072 0.126458 0.087066 -0.133542 -0.095764 0.131501 0.111063 0.325832 -0.028336 0.023013 -0.264639 0.050676 -0.104661 0.058134 -0.252447 -0.068199 -0.115809 -0.021798 -0.028896 -0.044559 0.060302 -0.014756 0.200688 -0.341816 -0.381747 -0.461463 -0.311617 -0.091604 -0.277454 0.014150 -0.092027 0.317072 0.376989 -0.189171 -0.222375 0.142981 0.188606 -0.035344 0.028770 -0.182772 -0.223500 -0.562318 -0.485884 -0.307743 -0.045868 0.199805 0.187200 -0.175341 0.225295 -0.452111 -0.170576 0.277232 0.166482 0.193709 0.305530 0.102065 0.089747 -0.089262 0.039562 -0.205404 -0.148364 -0.187385 -0.134934 -0.256885 -0.094676 -0.317349 -0.370464 -0.297576 -0.181259 -0.044028 -0.224769 -0.314605 -0.444231 -0.212339 -0.390347 0.169503 -0.457828 0.092115 -0.115437 0.171415 0.204438 -0.303425 -0.020598 -0.477743 -0.262558 -0.576817 -0.323507 0.036407 -0.012000 0.095022 -0.023432 -0.050133 0.127154 0.004987 -0.003062 0.028765 -0.018864 -0.292320 -0.279069 -0.051432 -0.204483 0.211445 -0.033142
0.096387 -0.268289 0.418761 0.313019 0.712738 0.520975 0.491632 0.434875 0.675574 1.000000 0.137293 0.400008 0.132211 -0.003022 0.204543 0.343472 -0.132656 -0.178412 0.006271 -0.042442 0.506476 0.183486 0.199158 -0.014840 0.395054 0.171828 0.210222 0.011808 -0.086955 -0.149697 -0.005099 0.072698 -0.237512 -0.019156 0.102358 0.260789 -0.257906 -0.246059 -0.244298 -0.209186 -0.022292 -0.182854 -0.066187 -0.167082 0.159675 0.134869 -0.296106 -0.241354 0.160928 0.051078 0.054925 0.057732 -0.001238 -0.189246 -0.436386 -0.450165 -0.389843 -0.237074 0.126575 0.132868 -0.285065 0.113618 -0.392061 -0.362121 0.278285 0.213520 0.133352 0.284317 0.064023 -0.000050 0.127098 0.088891 -0.276317 -0.087671 -0.076787 0.037114 -0.089516 -0.018406 -0.285888 -0.365293 -0.343872 -0.212133 0.063883 -0.129492 -0.233188 -0.355606 -0.082170 -0.408060 0.261648 -0.308384 -0.010030 -0.229259 0.213550 0.177548 -0.181203 -0.317039 -0.399095 -0.166688 -0.603584 -0.343363 -0.005991 -0.186381 -0.094382 -0.182096 -0.010137 0.095473 -0.149451 0.037300 -0.043022 -0.124879 -0.221363 -0.368503 -0.142451 -0.238611 0.099018 -0.162636
0.111894 -0.173761 -0.112635 -0.203486 0.189967 0.056222 -0.081215 -0.134159 -0.098910 0.137293 1.000000 0.688392 0.396680 0.186285 0.432444 0.316470 0.183305 0.231030 -0.495418 -0.586353 0.045768 -0.062256 0.066294 0.011875 0.197398 0.283031 -0.124346 0.080995 0.211861 0.074449 0.195034 0.253050 -0.012949 0.155032 0.419817 0.358348 0.103422 0.114885 -0.050605 -0.323063 0.189622 0.064544 0.055672 0.110592 0.168949 0.023156 0.080138 -0.022331 0.035346 0.116121 0.377815 0.179089 0.028644 0.186132 0.065250 -0.054288 -0.225064 -0.440661 -0.117835 -0.223161 -0.054670 -0.032607 0.053377 -0.086116 0.237145 0.578122 -0.286066 -0.123605 -0.411644 -0.542070 0.141202 0.111789 0.194028 0.236450 0.441829 0.300519 0.372991 0.424532 0.090987 0.185118 -0.142362 -0.001964 0.250101 0.086003 0.258877 0.277512 0.123407 0.038417 0.052279 0.207588 -0.505302 -0.445048 -0.337166 -0.337385 -0.065632 -0.136703 -0.029658 0.067745 -0.128922 -0.253162 -0.138575 -0.363131 -0.153993 -0.296736 -0.144615 -0.248937 -0.118091 -0.227307 -0.005555 0.153040 0.037163 -0.074238 -0.271736 -0.061445 -0.053742 0.105674
0.227478 0.058775 0.084196 0.164537 0.310473 0.142452 0.058654 0.232307 0.085531 0.400008 0.688392 1.000000 0.252383 0.166124 0.422744 0.326897 0.004082 -0.108438 -0.239634 -0.334296 -0.075596 -0.075815 0.163036 0.165126 0.149082 0.119868 -0.018809 0.017135 -0.023211 -0.146241 0.086905 0.160099 -0.140690 0.090761 0.166849 0.219446 -0.116982 -0.011047 -0.237950 -0.297139 0.012283 -0.048183 -0.020155 -0.083475 0.176694 -0.026323 -0.066238 -0.179940 0.120756 0.132188 0.384445 0.276171 0.169174 -0.005543 -0.107173 -0.277031 -0.249889 -0.376040 0.019085 0.047321 -0.063191 0.109363 -0.134854 -0.295128 0.211928 0.529363 -0.054765 0.023088 -0.147024 -0.290590 0.238402 0.015826 -0.038451 0.068167 0.224570 0.250895 0.215604 0.253597 -0.187549 -0.136690 -0.393965 -0.263611 0.291547 0.203777 -0.009103 0.008696 0.033002 0.105784 0.258714 0.226430 -0.319681 -0.386541 -0.101001 -0.169840 -0.152443 -0.264528 -0.140448 -0.001615 -0.259686 -0.326171 -0.107275 -0.410905 -0.219485 -0.303156 -0.207727 -0.306273 -0.201799 -0.200227 0.037214 0.113932 -0.022272 -0.295865 -0.362892 -0.086008 -0.178191 -0.029362
0.216255 0.107283 -0.263907 -0.147422 0.107692 -0.168345 -0.009178 -0.056898 0.088065 0.132211 0.396680 0.252383 1.000000 0.646724 0.182163 0.273194 0.318586 0.339581 -0.372735 -0.456406 0.027257 -0.199679 -0.182249 -0.256129 -0.008563 0.005206 -0.378133 -0.313201 0.276066 0.190234 0.164100 0.177135 0.047882 0.201707 0.231229 0.144086 -0.074363 0.118527 -0.165197 -0.181262 0.132344 0.084803 -0.268934 -0.170949 0.014319 -0.074792 -0.180798 -0.207529 0.183229 0.186214 -0.027211 0.042648 -0.005661 -0.072766 0.091940 -0.100883 -0.029991 -0.004367 0.212367 -0.159460 0.449754 0.445542 0.217733 0.345343 0.247943 0.187579 -0.373144 -0.307733 -0.371340 -0.352774 -0.019790 0.145612 0.152767 0.217360 0.298162 0.202938 0.275892 0.329981 -0.017942 0.114498 -0.074917 -0.042186 0.001043 -0.217722 0.023204 -0.128613 -0.006929 -0.227616 0.101435 -0.046579 -0.176486 -0.136740 -0.281167 -0.246440 -0.234693 -0.182633 -0.236152 -0.167364 -0.032028 -0.244888 0.204855 -0.174382 -0.025899 -0.161327 0.009718 -0.145627 -0.088747 -0.113111 -0.115418 0.134200 -0.208185 -0.076436 -0.171608 -0.120317 -0.137902 -0.029098
-0.016021 0.222106 -0.405413 -0.161695 -0.071753 -0.401777 -0.162540 -0.100301 0.068072 -0.003022 0.186285 0.166124 0.646724 1.000000 0.134066 0.503919 0.411441 0.377302 -0.311633 -0.409466 -0.015981 -0.101050 -0.451469 -0.477891 -0.211922 -0.247500 -0.467823 -0.450710 0.363247 0.375116 0.008398 0.064478 0.188780 0.250914 0.237249 0.021294 0.146113 0.135668 -0.070088 0.056923 0.093261 0.114052 -0.161237 -0.114843 -0.001246 -0.038307 0.058330 -0.197179 0.093465 0.183190 -0.143439 0.037591 -0.030137 -0.058406 0.206547 0.131010 0.076651 0.001434 0.102490 -0.203749 0.496925 0.565375 0.212769 0.430785 0.121858 0.128533 -0.417867 -0.422759 -0.482508 -0.416269 0.064638 0.317846 0.267151 0.270785 0.204566 0.311766 0.318152 0.396883 0.146165 0.195762 0.139222 0.176942 -0.063906 -0.007944 0.009167 0.020601 -0.249291 -0.162778 -0.075101 -0.053579 -0.304221 -0.253014 -0.279939 -0.412479 0.019173 0.006990 0.002645 0.023138 0.070167 -0.111821 0.321519 -0.206245 0.033104 -0.145735 0.072604 -0.089439 0.052889 -0.035410 0.074756 0.241721 -0.281287 -0.021301 -0.187280 0.015258 -0.119569 0.077868
-0.007128 -0.188988 -0.120918 0.007354 0.195906 0.177212 -0.213297 -0.037789 0.126458 0.204543 0.432444 0.422744 0.182163 0.134066 1.000000 0.523178 0.050153 0.120796 -0.241193 -0.238875 0.286413 0.210923 0.105026 0.168696 0.273760 0.495166 0.026567 0.254897 0.198755 0.156080 0.314301 0.356608 -0.018915 0.246522 0.234585 0.175973 0.117495 0.134022 -0.012822 -0.275422 0.333529 0.154661 0.093464 0.127938 -0.136431 -0.074569 0.064424 0.055687 -0.100579 -0.042105 0.205171 0.109816 0.060007 0.144321 0.050710 -0.066746 -0.220031 -0.231123 -0.173859 -0.250155 -0.203473 -0.169789 -0.050984 -0.204667 -0.000684 0.170912 -0.254300 -0.203926 -0.282474 -0.248439 0.284554 0.260298 0.221674 0.302653 0.451714 0.398134 0.319362 0.344651 -0.031080 0.059790 -0.130220 0.058104 0.677453 0.286815 0.148513 0.110461 0.420975 0.251767 0.136169 0.152206 -0.348017 -0.400884 -0.234554 -0.298716 -0.191892 -0.016415 0.033444 0.022915 -0.150737 -0.084738 -0.163026 -0.368191 -0.231462 -0.312629 -0.297071 -0.384300 -0.257240 -0.268590 0.192305 0.139774 -0.022385 0.035175 -0.158048 0.023985 0.005326 0.239598
-0.223941 -0.109674 -0.332093 -0.201627 0.174039 0.152255 -0.286909 -0.264860 0.087066 0.343472 0.316470 0.326897 0.273194 0.503919 0.523178 1.000000 0.287376 0.328207 -0.233404 -0.307805 0.331144 0.149700 -0.179815 -0.086060 0.201805 0.271861 -0.108114 0.070950 0.436961 0.500850 0.316169 0.370189 0.156063 0.376479 0.223653 0.126561 0.290132 0.384779 0.192001 0.065057 0.302541 0.312647 0.055705 0.096171 -0.234105 -0.090227 0.109576 0.054698 -0.212175 -0.098815 -0.131522 -0.103501 -0.110461 0.080636 0.057926 0.156803 -0.056795 -0.122650 -0.312991 -0.449800 -0.082874 -0.024399 0.094758 -0.034119 -0.028424 0.072504 -0.491573 -0.352402 -0.377576 -0.406637 0.242547 0.364445 0.326377 0.451466 0.402786 0.432031 0.381795 0.362692 0.255371 0.275981 0.197395 0.345046 0.246642 0.231824 0.196685 0.250866 0.070796 0.002580 -0.082670 -0.049510 -0.404872 -0.381823 -0.219520 -0.425836 0.013377 0.036641 0.068178 0.177675 -0.026103 0.021967 0.001222 -0.370769 -0.124240 -0.333991 -0.090567 -0.306507 -0.156950 -0.225096 0.148225 0.075625 -0.067688 0.124700 -0.050633 0.085979 0.094149 0.222446
-0.283510 -0.126654 -0.443378 -0.414356 -0.274795 -0.324228 -0.455121 -0.416899 -0.133542 -0.132656 0.183305 0.004082 0.318586 0.411441 0.050153 0.287376 1.000000 0.749296 -0.193090 -0.384639 0.084053 0.132032 -0.390957 -0.452351 -0.150396 0.111269 -0.473246 -0.220189 0.816654 0.739689 0.528297 0.569071 0.368067 0.416675 0.330340 -0.085984 0.606651 0.488662 0.341231 0.175378 0.461948 0.555700 -0.029154 0.067481 -0.316937 -0.209705 0.323134 0.060189 -0.361986 -0.243345 -0.301462 -0.307292 -0.166515 0.071904 0.278475 0.390402 0.401586 0.268484 -0.247809 -0.616016 0.266604 -0.169339 0.623195 0.505849 0.023431 -0.192968 -0.596585 -0.673456 -0.492031 -0.528838 0.154108 0.357266 0.762087 0.688575 0.631506 0.503846 0.587264 0.511709 0.701000 0.588128 0.612588 0.640663 0.030333 0.201168 0.316641 0.292165 -0.217480 -0.114354 -0.448843 -0.139273 -0.511246 -0.415923 -0.542607 -0.505621 0.294231 0.201855 0.339008 0.342776 0.336041 0.175762 -0.025211 -0.159816 -0.094977 -0.314594 -0.040117 -0.235117 -0.180363 -0.242505 0.151399 0.408151 -0.174649 0.288374 0.057577 -0.032411 0.027112 0.253561
-0.331799 -0.066565 -0.596042 -0.606385 -0.320504 -0.435608 -0.520411 -0.581085 -0.095764 -0.178412 0.231030 -0.108438 0.339581 0.377302 0.120796 0.328207 0.749296 1.000000 -0.298479 -0.446426 0.071855 -0.099084 -0.512603 -0.502012 -0.180922 0.090487 -0.548581 -0.304256 0.775921 0.745842 0.568494 0.520985 0.438069 0.479402 0.321856 0.006238 0.622689 0.547420 0.297380 0.018115 0.473381 0.498084 0.175012 0.275009 -0.364224 -0.090139 0.511637 0.264190 -0.437740 -0.249409 -0.265944 -0.318117 -0.162309 0.238290 0.294997 0.451821 0.365261 0.322250 -0.284186 -0.658252 0.209285 -0.187384 0.529629 0.553594 0.035216 -0.157977 -0.683773 -0.703824 -0.585233 -0.601000 0.048669 0.439955 0.809967 0.735620 0.685060 0.517864 0.671969 0.636030 0.768254 0.717839 0.669904 0.773329 0.012374 0.189813 0.489610 0.494049 0.032210 0.018489 -0.416656 -0.097837 -0.533708 -0.428265 -0.590920 -0.670806 0.144625 0.183207 0.321177 0.295543 0.405395 0.186134 -0.208663 -0.326308 -0.251425 -0.450752 -0.115399 -0.217636 -0.217698 -0.180597 0.127487 0.295643 -0.121876 0.414666 0.118004 -0.023009 0.081694 0.297769
0.275853 0.203477 0.269287 0.456786 0.008474 0.008392 0.187588 0.210770 0.131501 0.006271 -0.495418 -0.239634 -0.372735 -0.311633 -0.241193 -0.233404 -0.193090 -0.298479 1.000000 0.794262 -0.083797 0.024969 0.147886 0.215154 -0.048636 -0.249896 0.225736 -0.031094 -0.198840 -0.189962 -0.067018 -0.106737 -0.210258 -0.187696 -0.678802 -0.287920 -0.042441 -0.099682 -0.009816 0.172103 -0.077802 0.018696 -0.254510 -0.264308 -0.191002 -0.197701 -0.195768 -0.003746 -0.197171 -0.446584 -0.311008 -0.265791 0.021707 -0.223383 -0.301147 -0.192432 0.206522 0.345044 0.325629 0.313514 -0.053910 -0.154164 -0.188399 -0.130562 -0.147381 -0.470542 0.484558 0.160256 0.628972 0.628088 -0.138513 -0.377038 -0.177615 -0.159969 -0.343948 -0.135757 -0.411893 -0.480617 -0.137046 -0.301167 0.014067 -0.175751 -0.007613 0.153919 -0.287642 -0.283966 -0.152545 0.074236 0.219739 -0.278700 0.399175 0.369243 0.345363 0.374263 -0.080324 0.128917 -0.109194 -0.103809 -0.152204 -0.025980 -0.083509 0.120994 -0.056271 0.110945 -0.149679 0.130468 0.076542 0.106454 -0.084766 -0.076735 0.008385 -0.039234 0.147940 0.001067 0.071320 -0.009511
0.296900 0.389142 0.276367 0.460655 -0.039212 0.108771 0.200901 0.252572 0.111063 -0.042442 -0.586353 -0.334296 -0.456406 -0.409466 -0.238875 -0.307805 -0.384639 -0.446426 0.794262 1.000000 -0.069087 0.051957 0.184909 0.343634 -0.031114 -0.201103 0.323011 0.113264 -0.407783 -0.350547 -0.281118 -0.360362 -0.232284 -0.311185 -0.594957 -0.273909 -0.259018 -0.266675 -0.100700 0.157042 -0.302476 -0.180935 -0.173053 -0.207089 -0.141185 -0.112258 -0.306586 -0.080180 -0.067423 -0.230342 -0.173512 -0.173554 -0.028890 -0.213347 -0.304044 -0.225540 0.078327 0.301298 0.249391 0.407354 -0.182309 -0.142602 -0.287956 -0.272286 -0.368941 -0.501855 0.555567 0.319540 0.754668 0.860102 -0.154768 -0.325535 -0.389401 -0.395446 -0.526225 -0.435812 -0.561990 -0.592608 -0.328807 -0.446908 -0.114325 -0.259542 -0.075088 0.049135 -0.343071 -0.316940 0.055750 0.140556 0.170484 -0.156909 0.655751 0.561864 0.511612 0.593704 -0.070944 0.132972 -0.180486 -0.091076 -0.176731 0.024417 0.084335 0.385714 0.207289 0.419094 -0.037661 0.164051 0.239479 0.084759 -0.151376 -0.136976 0.133510 -0.041535 0.117688 -0.050082 0.183338 -0.111559
0.020187 -0.329971 0.214991 -0.020243 0.500331 0.525559 0.133850 0.062667 0.325832 0.506476 0.045768 -0.075596 0.027257 -0.015981 0.286413 0.331144 0.084053 0.071855 -0.083797 -0.069087 1.000000 0.601376 0.164545 -0.074410 0.436576 0.418573 0.403475 0.403168 0.119663 0.125954 0.125692 0.095774 -0.087877 -0.042932 0.180254 0.167518 0.009477 -0.045635 0.003346 -0.074277 0.159930 0.160773 -0.035767 -0.079415 -0.064289 -0.036011 -0.155360 -0.180923 0.097676 -0.013925 0.023045 0.050063 -0.011481 -0.050608 -0.071163 -0.176473 -0.082483 0.036741 0.011127 -0.030594 -0.197530 -0.140713 -0.127821 -0.193883 -0.164402 -0.079805 -0.062442 -0.018500 -0.138411 -0.100145 0.330275 0.276398 0.061341 0.206572 0.185634 0.155712 0.084666 0.080263 -0.024718 -0.186017 -0.082516 0.106928 -0.041528 -0.231308 -0.249051 -0.201082 -0.079690 -0.418426 0.083033 -0.253762 -0.065509 -0.185899 -0.065703 0.132647 -0.072960 -0.225147 -0.068518 -0.122266 -0.338535 -0.132945 0.059096 0.087146 0.104692 0.045932 0.018143 0.086569 -0.068017 0.028281 -0.066624 -0.105313 -0.212302 -0.166400 -0.057739 -0.195242 0.293133 -0.034458
-0.068986 -0.336825 0.266916 0.280026 0.235693 0.429829 0.061118 0.229775 -0.028336 0.183486 -0.062256 -0.075815 -0.199679 -0.101050 0.210923 0.149700 0.132032 -0.099084 0.024969 0.051957 0.601376 1.000000 0.279606 0.080270 0.244475 0.375198 0.437524 0.507587 0.100311 0.034864 -0.044293 0.065488 -0.235603 -0.293464 0.101431 -0.241678 0.164102 -0.026145 0.164115 0.138624 0.210021 0.176604 -0.192064 -0.244750 -0.198667 -0.317009 -0.099260 -0.275385 0.073263 -0.102777 0.084283 0.076076 0.078115 -0.171993 0.062902 -0.035158 -0.129848 -0.049069 0.092979 0.127360 -0.066392 -0.137174 0.031204 -0.220169 -0.232637 -0.189203 0.073123 -0.114843 -0.105055 0.052222 0.322657 0.272805 0.029492 0.063950 0.002340 0.089638 0.022596 -0.104218 -0.024276 -0.200024 -0.073567 0.014949 0.115763 0.059995 -0.241353 -0.234439 -0.080999 -0.162937 -0.010294 -0.098568 0.036483 -0.094068 0.070687 0.195849 0.287186 0.002636 0.192062 0.073742 -0.218856 -0.096188 0.043416 0.111172 -0.006744 0.106010 -0.045466 0.016553 -0.052023 -0.020793 -0.062925 0.143498 -0.270500 -0.210228 -0.149871 -0.063312 0.234976 -0.003278
0.278446 -0.112250 0.755869 0.520743 0.587461 0.631731 0.481873 0.343557 0.023013 0.199158 0.066294 0.163036 -0.182249 -0.451469 0.105026 -0.179815 -0.390957 -0.512603 0.147886 0.184909 0.164545 0.279606 1.000000 0.734095 0.549669 0.260730 0.718082 0.511372 -0.435337 -0.457457 -0.146142 -0.209295 -0.385924 -0.426773 -0.178531 0.022045 -0.402106 -0.486199 -0.429509 -0.388767 -0.287780 -0.323915 0.040507 -0.010906 0.255586 0.170822 -0.281990 -0.207389 0.298903 0.136348 0.439676 0.440503 0.210332 -0.049919 -0.365287 -0.542194 -0.302757 -0.216969 0.147392 0.391653 -0.330823 -0.159479 -0.338221 -0.530163 -0.030033 0.063178 0.345686 0.353758 0.218583 0.271621 -0.000628 -0.439493 -0.433465 -0.376223 -0.225805 -0.209190 -0.347349 -0.518896 -0.519119 -0.524107 -0.514274 -0.532902 0.142376 -0.146750 -0.380212 -0.454830 -0.037122 -0.203023 0.351998 -0.088105 0.266405 0.100435 0.195308 0.385391 -0.381945 -0.106946 -0.278115 -0.553400 -0.443668 -0.329856 -0.082041 -0.020264 -0.077898 0.066083 -0.238975 -0.177964 -0.186137 -0.169355 -0.184211 -0.403965 -0.174954 -0.305251 -0.220057 -0.238505 -0.069034 -0.225399
0.189319 -0.005021 0.389547 0.378331 0.239236 0.482506 0.115985 0.065780 -0.264639 -0.014840 0.011875 0.165126 -0.256129 -0.477891 0.168696 -0.086060 -0.452351 -0.502012 0.215154 0.343634 -0.074410 0.080270 0.734095 1.000000 0.447327 0.289079 0.536728 0.472891 -0.406760 -0.367163 -0.089277 -0.097905 -0.282004 -0.256439 -0.361069 -0.108974 -0.267532 -0.220179 -0.148787 -0.258039 -0.107276 -0.158118 0.012617 0.082885 0.038353 0.044542 -0.220994 0.040519 0.075378 0.007923 0.288336 0.249774 0.133183 0.082260 -0.190756 -0.303163 -0.141666 -0.203159 -0.066600 0.217329 -0.263817 -0.274770 -0.141822 -0.405611 -0.174049 -0.113614 0.200907 0.293534 0.344107 0.390195 -0.109621 -0.481958 -0.311241 -0.320436 -0.147558 -0.241795 -0.281184 -0.431290 -0.382564 -0.369802 -0.331398 -0.428051 0.314676 0.241839 -0.150365 -0.113540 0.233829 0.219270 0.162547 0.120730 0.307431 0.270194 0.188879 0.258655 -0.405621 -0.012461 -0.139602 -0.332195 -0.154590 -0.051910 -0.159423 0.049219 -0.063660 0.085425 -0.303229 -0.296201 -0.174449 -0.214848 -0.138950 -0.465028 0.112922 -0.024853 -0.022579 -0.014354 -0.102290 -0.096978
-0.077141 -0.237361 0.294778 0.178333 0.511357 0.596277 0.081379 -0.073903 0.050676 0.395054 0.197398 0.149082 -0.008563 -0.211922 0.273760 0.201805 -0.150396 -0.180922 -0.048636 -0.031114 0.436576 0.244475 0.549669 0.447327 1.000000 0.667497 0.419998 0.449390 -0.081942 -0.103994 0.054014 0.087571 -0.153393 -0.116013 0.099755 0.268404 -0.173507 -0.176277 -0.090630 -0.199258 -0.050639 -0.105685 0.249228 0.236591 0.241823 0.246635 -0.154171 0.017041 0.172062 0.197028 0.248925 0.319375 0.059514 0.156335 -0.151699 -0.195139 -0.191092 -0.131106 -0.157308 -0.032897 -0.462747 -0.290360 -0.192871 -0.467994 -0.106312 -0.047481 0.038375 0.145052 -0.007058 -0.020723 0.035745 -0.135887 -0.152626 -0.090428 0.068259 0.002495 -0.088509 -0.172217 -0.178190 -0.242271 -0.162239 -0.098149 0.213855 -0.098677 -0.183599 -0.174664 0.122084 -0.228026 -0.013457 -0.196355 -0.004457 -0.141986 -0.030734 0.020669 -0.265270 -0.160492 -0.179475 -0.370493 -0.264360 -0.240735 -0.129344 -0.160846 -0.132339 -0.145918 -0.225495 -0.018203 -0.066154 -0.126661 -0.108284 -0.525863 -0.093154 -0.147104 -0.221636 -0.246719 0.054531 -0.074073
-0.280037 -0.448383 -0.038963 -0.106914 0.123764 0.448741 -0.297240 -0.272393 -0.104661 0.171828 0.283031 0.119868 0.005206 -0.247500 0.495166 0.271861 0.111269 0.090487 -0.249896 -0.201103 0.418573 0.375198 0.260730 0.289079 0.667497 1.000000 0.161008 0.564766 0.264917 0.220667 0.383632 0.494380 -0.021714 0.108143 0.296203 0.257312 0.108211 0.137393 0.159369 -0.118529 0.274337 0.203776 0.275806 0.330370 -0.057094 0.043432 0.120673 0.172243 -0.146488 -0.018770 0.166438 0.100037 -0.080790 0.165858 0.099289 0.115025 -0.119675 -0.233094 -0.370607 -0.333546 -0.377586 -0.450862 0.112269 -0.262984 -0.075778 0.040312 -0.252991 -0.085338 -0.247122 -0.270496 0.204815 0.148876 0.218854 0.280052 0.395436 0.295352 0.221833 0.161091 0.161501 0.083849 0.072217 0.154668 0.384582 0.131652 0.193392 0.130682 0.354147 0.036658 -0.276588 0.063875 -0.290471 -0.292318 -0.225158 -0.190559 -0.058338 0.002501 0.141750 0.003923 -0.049207 0.012717 -0.191051 -0.166080 -0.189499 -0.233188 -0.248401 -0.219774 -0.127932 -0.329333 0.045032 -0.237779 0.075715 0.100992 -0.116101 -0.042908 0.123189 0.197792
0.328821 -0.072361 0.613341 0.388753 0.593625 0.792334 0.449721 0.363835 0.058134 0.210222 -0.124346 -0.018809 -0.378133 -0.467823 0.026567 -0.108114 -0.473246 -0.548581 0.225736 0.323011 0.403475 0.437524 0.718082 0.536728 0.419998 0.161008 1.000000 0.744199 -0.536281 -0.448784 -0.264448 -0.337734 -0.335907 -0.428367 -0.261848 -0.021528 -0.359517 -0.345624 -0.193596 -0.140759 -0.287263 -0.185051 -0.011772 -0.033350 0.136410 0.023183 -0.209714 -0.084509 0.245113 0.116094 0.247237 0.320208 0.148507 -0.087014 -0.268916 -0.411440 -0.143313 -0.060130 0.131093 0.424106 -0.325485 -0.185345 -0.497450 -0.543903 -0.235181 -0.069075 0.327410 0.329455 0.281132 0.334128 -0.004290 -0.349851 -0.467572 -0.358771 -0.301932 -0.265431 -0.372657 -0.530723 -0.494044 -0.600829 -0.509732 -0.451944 0.032059 -0.119892 -0.504958 -0.412101 -0.015596 -0.121685 0.347867 -0.108512 0.320844 0.187577 0.284119 0.499191 -0.249901 -0.161563 -0.247724 -0.432615 -0.307355 -0.201281 0.052395 0.272684 0.150708 0.319032 0.010510 0.065742 0.048814 0.129453 -0.133816 -0.391199 -0.161716 -0.305181 -0.033197 0.012127 0.044128 -0.182566
0.035881 -0.247133 0.236169 0.085530 0.239388 0.694380 0.016936 0.051533 -0.252447 0.011808 0.080995 0.017135 -0.313201 -0.450710 0.254897 0.070950 -0.220189 -0.304256 -0.031094 0.113264 0.403168 0.507587 0.511372 0.472891 0.449390 0.564766 0.744199 1.000000 -0.249737 -0.189987 0.039247 0.015259 -0.137330 -0.161574 0.064440 0.099512 -0.106788 -0.036852 0.188902 0.079378 -0.036071 0.080418 0.016370 0.034481 -0.075499 -0.177587 -0.090785 -0.041685 0.033008 -0.051304 0.216572 0.129686 -0.014419 -0.087159 0.073643 -0.071658 -0.088008 -0.153525 -0.219220 0.056552 -0.406341 -0.439993 -0.222929 -0.493384 -0.353035 0.017854 0.055276 0.143841 0.096704 0.071265 0.151163 -0.122322 -0.178121 -0.068540 -0.035109 -0.053460 -0.127792 -0.223532 -0.177559 -0.239254 -0.225222 -0.147601 0.148902 -0.013289 -0.151908 -0.058716 0.256655 0.105081 0.101172 0.167785 0.035433 0.001984 0.070640 0.266883 0.004458 -0.044974 0.016216 -0.095732 -0.078200 -0.016493 0.051016 0.208777 0.143634 0.270727 0.085907 -0.002232 0.118949 0.059046 -0.018222 -0.260465 0.067148 -0.128406 -0.138533 0.116832 0.120769 0.012422
-0.397997 -0.306543 -0.473871 -0.476804 -0.259214 -0.355914 -0.507578 -0.523914 -0.068199 -0.086955 0.211861 -0.023211 0.276066 0.363247 0.198755 0.436961 0.816654 0.775921 -0.198840 -0.407783 0.119663 0.100311 -0.435337 -0.406760 -0.081942 0.264917 -0.536281 -0.249737 1.000000 0.885396 0.653757 0.736720 0.397797 0.541206 0.329885 -0.069135 0.711261 0.500665 0.366578 0.016313 0.668676 0.642383 0.041063 0.201882 -0.369012 -0.184777 0.405969 0.218990 -0.517161 -0.337752 -0.329400 -0.420637 -0.218294 0.112782 0.199652 0.449448 0.292414 0.113099 -0.341379 -0.752232 0.251001 -0.240746 0.681336 0.469602 0.066689 -0.192503 -0.633954 -0.685845 -0.590097 -0.572824 0.144117 0.456834 0.884194 0.791760 0.741375 0.573020 0.665276 0.603277 0.781364 0.674850 0.704301 0.747037 0.128799 0.328948 0.456951 0.384320 -0.109177 -0.055082 -0.522494 -0.193472 -0.620783 -0.498419 -0.601148 -0.631393 0.214466 0.240421 0.357934 0.366444 0.315087 0.232299 -0.210612 -0.282324 -0.187337 -0.422769 -0.083595 -0.274314 -0.188816 -0.285173 0.209839 0.316378 -0.086717 0.463793 0.088512 0.152254 0.224950 0.498641
-0.482937 -0.236669 -0.552228 -0.541192 -0.306286 -0.282060 -0.585091 -0.634675 -0.115809 -0.149697 0.074449 -0.146241 0.190234 0.375116 0.156080 0.500850 0.739689 0.745842 -0.189962 -0.350547 0.125954 0.034864 -0.457457 -0.367163 -0.103994 0.220667 -0.448784 -0.189987 0.885396 1.000000 0.649691 0.666921 0.489504 0.603903 0.238135 -0.033346 0.713216 0.543735 0.405667 0.087078 0.570839 0.682428 0.118513 0.268315 -0.370295 -0.097867 0.484101 0.343418 -0.590381 -0.329240 -0.452620 -0.462682 -0.318650 0.221221 0.134721 0.517706 0.346732 0.178028 -0.478049 -0.775665 0.174224 -0.276403 0.665408 0.515861 0.041572 -0.253846 -0.695580 -0.621322 -0.523955 -0.510654 0.055177 0.354443 0.873450 0.819563 0.722040 0.563224 0.603918 0.503950 0.810651 0.700779 0.775067 0.813270 0.084889 0.321601 0.540033 0.471066 -0.087422 -0.087097 -0.557435 -0.205596 -0.610523 -0.440372 -0.554846 -0.640105 0.113887 0.234810 0.386524 0.331675 0.402842 0.369153 -0.113469 -0.182862 -0.060882 -0.320854 -0.019559 -0.267752 -0.121460 -0.251084 0.179755 0.198594 -0.058432 0.607260 0.221736 0.254103 0.193459 0.508881
-0.253812 -0.300254 -0.273358 -0.392633 -0.137482 -0.095556 -0.406155 -0.431830 -0.021798 -0.005099 0.195034 0.086905 0.164100 0.008398 0.314301 0.316169 0.528297 0.568494 -0.067018 -0.281118 0.125692 -0.044293 -0.146142 -0.089277 0.054014 0.383632 -0.264448 0.039247 0.653757 0.649691 1.000000 0.848915 0.292160 0.633166 0.257829 0.194851 0.431681 0.448898 0.312428 -0.025300 0.553357 0.539278 0.097379 0.231245 -0.308875 -0.084627 0.354316 0.310514 -0.535591 -0.387952 -0.278974 -0.393733 -0.304690 0.099973 0.003151 0.200476 0.238396 0.131174 -0.366631 -0.651121 -0.056425 -0.490652 0.448686 0.212002 0.092169 -0.090192 -0.482905 -0.412874 -0.317486 -0.466390 0.071093 0.258859 0.680179 0.704011 0.643799 0.544421 0.499725 0.486896 0.531510 0.493438 0.440895 0.491307 0.264335 0.267091 0.353964 0.233699 0.142389 0.038304 -0.258379 -0.184551 -0.560410 -0.475405 -0.439280 -0.483623 -0.055352 0.055054 0.137763 0.239161 0.138119 0.152949 -0.272953 -0.262297 -0.200783 -0.418631 -0.054179 -0.302763 -0.343928 -0.185654 0.141392 0.162159 0.118053 0.398290 0.068382 0.147804 0.141127 0.411561
-0.430606 -0.451402 -0.350107 -0.293163 -0.174872 -0.098739 -0.453323 -0.431239 -0.028896 0.072698 0.253050 0.160099 0.177135 0.064478 0.356608 0.370189 0.569071 0.520985 -0.106737 -0.360362 0.095774 0.065488 -0.209295 -0.097905 0.087571 0.494380 -0.337734 0.015259 0.736720 0.666921 0.848915 1.000000 0.261600 0.618507 0.262429 0.132869 0.485262 0.450813 0.408606 0.021475 0.616925 0.573600 0.054897 0.175940 -0.289578 -0.146516 0.318483 0.270861 -0.591814 -0.427179 -0.310979 -0.426483 -0.291881 0.060452 0.068157 0.258446 0.101102 -0.071644 -0.409628 -0.683255 -0.014100 -0.419091 0.519535 0.290475 0.239006 0.002403 -0.465495 -0.391681 -0.349531 -0.477748 0.105263 0.289426 0.693849 0.701598 0.683935 0.615256 0.508465 0.507208 0.572504 0.518835 0.457152 0.487638 0.417930 0.424455 0.455691 0.344153 0.127779 0.157254 -0.396072 -0.098416 -0.625036 -0.542003 -0.390299 -0.560548 0.033326 0.113981 0.188318 0.295939 0.129454 0.143575 -0.253735 -0.367927 -0.292322 -0.504347 -0.162944 -0.290147 -0.235764 -0.219195 0.158351 0.188081 0.105405 0.299980 0.003546 0.127069 0.087826 0.414672
-0.342449 0.006017 -0.307970 -0.350151 -0.257497 -0.246100 -0.307651 -0.323798 -0.044559 -0.237512 -0.012949 -0.140690 0.047882 0.188780 -0.018915 0.156063 0.368067 0.438069 -0.210258 -0.232284 -0.087877 -0.235603 -0.385924 -0.282004 -0.153393 -0.021714 -0.335907 -0.137330 0.397797 0.489504 0.292160 0.261600 1.000000 0.765052 0.226815 -0.108230 0.368354 0.297659 0.276842 0.051351 0.251061 0.343706 0.103481 0.179603 -0.143768 0.004666 0.235485 0.193573 -0.301781 -0.012205 -0.196570 -0.309083 -0.300139 0.050162 0.111828 0.338704 0.189519 0.104219 -0.482468 -0.456179 0.140369 -0.073944 0.456684 0.384425 0.094369 0.085923 -0.329966 -0.225127 -0.209009 -0.316577 -0.109225 0.002197 0.445447 0.371104 0.339464 0.062751 0.241021 0.234048 0.481235 0.463955 0.479003 0.536609 -0.009542 0.156593 0.294826 0.378480 0.021882 -0.007947 -0.500361 -0.018442 -0.400721 -0.271850 -0.435647 -0.402982 0.092859 0.202178 0.213415 0.171316 0.240680 0.257791 -0.029804 -0.089146 0.117068 -0.040208 0.120962 -0.160372 -0.094710 0.020351 0.317438 0.029615 0.056681 0.340805 0.011707 0.242976 -0.040643 0.225832
-0.320029 -0.145515 -0.391721 -0.360809 -0.213834 -0.228737 -0.376440 -0.371860 0.060302 -0.019156 0.155032 0.090761 0.201707 0.250914 0.246522 0.376479 0.416675 0.479402 -0.187696 -0.311185 -0.042932 -0.293464 -0.426773 -0.256439 -0.116013 0.108143 -0.428367 -0.161574 0.541206 0.603903 0.633166 0.618507 0.765052 1.000000 0.299588 0.181082 0.388840 0.417226 0.326720 0.017083 0.458970 0.476621 -0.010334 0.135165 -0.234298 -0.039886 0.222218 0.250674 -0.485057 -0.221668 -0.333017 -0.475455 -0.371937 0.056568 0.031292 0.240674 0.172216 0.008419 -0.457992 -0.599710 0.100713 -0.165848 0.524201 0.380026 0.224665 0.143014 -0.386641 -0.243119 -0.240585 -0.436782 -0.068777 0.088070 0.554655 0.587474 0.506186 0.320898 0.383148 0.465118 0.466261 0.521016 0.458276 0.514329 0.212197 0.293402 0.399156 0.392890 0.144745 0.091842 -0.400717 -0.128843 -0.572605 -0.444414 -0.433980 -0.539157 -0.017804 0.104421 0.087983 0.228273 0.149864 0.197280 -0.140098 -0.264131 -0.070836 -0.299058 0.065752 -0.229483 -0.184510 -0.003303 0.326491 0.118877 0.189850 0.350515 0.030887 0.295252 0.016378 0.366717
-0.275064 -0.203036 -0.141016 -0.331440 0.004600 -0.035026 -0.066606 -0.090439 -0.014756 0.102358 0.419817 0.166849 0.231229 0.237249 0.234585 0.223653 0.330340 0.321856 -0.678802 -0.594957 0.180254 0.101431 -0.178531 -0.361069 0.099755 0.296203 -0.261848 0.064440 0.329885 0.238135 0.257829 0.262429 0.226815 0.299588 1.000000 0.394284 0.073963 0.000856 0.076263 -0.121065 0.150226 0.044618 0.165685 0.137645 0.167976 0.103050 0.076386 -0.171834 0.149644 0.219258 0.276729 0.095487 -0.019968 0.082249 0.209081 0.009036 -0.203647 -0.320533 -0.336707 -0.361694 -0.127692 -0.055397 0.186219 0.140527 0.107938 0.395782 -0.235030 -0.038440 -0.454367 -0.565176 0.313164 0.442512 0.231760 0.239736 0.281508 0.166456 0.382418 0.509614 0.197807 0.280343 0.084662 0.264902 -0.019600 -0.108904 0.271581 0.204043 0.000399 -0.233675 -0.248455 0.082044 -0.501157 -0.600111 -0.415055 -0.298401 0.165874 -0.153020 -0.053963 0.110372 -0.104570 -0.230018 0.031198 -0.158100 -0.008039 -0.227846 0.105031 0.006044 -0.045321 -0.019281 0.117620 0.094653 -0.048056 -0.053329 -0.373089 -0.062881 0.061757 0.057348
-0.028916 -0.078241 -0.036856 -0.233957 0.130602 0.110580 0.027020 -0.092663 0.200688 0.260789 0.358348 0.219446 0.144086 0.021294 0.175973 0.126561 -0.085984 0.006238 -0.287920 -0.273909 0.167518 -0.241678 0.022045 -0.108974 0.268404 0.257312 -0.021528 0.099512 -0.069135 -0.033346 0.194851 0.132869 -0.108230 0.181082 0.394284 1.000000 -0.232654 -0.074954 -0.190181 -0.141694 -0.170490 -0.192546 0.197375 0.240012 0.390038 0.485358 -0.021021 0.067039 0.022566 0.241736 -0.055056 0.072210 -0.313901 -0.000743 -0.212487 -0.180848 -0.196397 -0.179172 -0.139185 -0.083486 -0.296860 -0.032200 -0.246378 -0.158994 0.099783 0.438398 -0.013341 0.336932 -0.078824 -0.277815 -0.017110 -0.024974 -0.137932 0.020256 0.032582 0.076488 0.015339 0.209094 -0.163849 0.012567 -0.126634 -0.063331 -0.049297 -0.278116 0.102625 0.019272 0.044231 -0.095864 0.044074 -0.097901 -0.282465 -0.258414 -0.027207 -0.077996 -0.234716 -0.133744 -0.238991 -0.102131 -0.226008 -0.104860 0.018755 -0.006368 0.082256 -0.108873 0.130775 0.159235 0.075589 0.030839 0.053336 -0.203406 0.184825 -0.000214 -0.079383 0.014502 0.099028 0.052747
