1.000000 -0.027367 0.165394 -0.127841 0.135088 -0.013464 0.348076 -0.213713 0.021458 0.083018 0.109969 0.156630 -0.088624 -0.111927 0.153067 0.067540 0.037883 0.132589 0.122653 0.294001 0.128431 0.076655 -0.037876 0.012661 0.084925 -0.308715 0.173635 -0.127707 -0.006111 -0.269343 -0.246410 -0.271840 -0.473379 -0.275452 -0.071702 0.002662 0.057938 -0.098993 0.016846 -0.028965 -0.052216 -0.087888 0.120779 -0.085372 0.148289 -0.009062 -0.007351 0.038224 0.229449 0.226270 -0.082924 0.091674 0.114616 0.185492 0.093043 0.129097 0.031000 0.005732 0.031763 -0.058885 -0.034403 0.024775 -0.202607 -0.040795 0.001575 0.173957 -0.196641 -0.114684 -0.017210 -0.010014 -0.022321 -0.123877 -0.030979 0.101756 0.247171 0.123418 0.056909 -0.134507 -0.111522 -0.067671 -0.059239 0.002743 0.346791 0.287105 0.279031 -0.044848 0.221935 0.152663 0.261608 0.154363 0.130473 -0.023612 -0.085146 -0.095858 -0.167475 -0.156026 0.102951 -0.226164 0.004516 0.039463 -0.275516 -0.294476 -0.402300 -0.339831 -0.280740 -0.131774 -0.053856 -0.126820 -0.187667 -0.010293 -0.126542 -0.084973 -0.138149 -0.133760 -0.218016 -0.092842
-0.027367 1.000000 0.057183 0.357240 0.249059 0.121746 0.057805 0.340499 0.266181 0.508959 0.140997 0.406223 0.270110 0.216680 -0.050879 0.108025 -0.425771 0.181836 -0.204207 0.145419 0.038346 0.088159 -0.195151 -0.236862 0.034860 -0.085698 -0.091958 -0.060615 -0.321919 -0.171516 -0.094097 -0.280006 0.032427 0.043097 -0.316592 -0.015363 -0.213967 -0.073563 -0.177857 0.010798 -0.154283 -0.063557 -0.168733 -0.116561 -0.106505 -0.034597 0.045943 -0.049965 0.120866 0.104390 0.276315 0.220048 0.044461 -0.030091 -0.234052 -0.066153 -0.392705 0.051537 0.078017 0.111056 -0.131971 0.010083 -0.354648 -0.409439 0.114493 0.454685 0.175248 0.124809 0.117820 0.224587 -0.123196 -0.282309 -0.253623 -0.144603 0.014310 -0.029502 0.014098 -0.045556 -0.351459 -0.333738 -0.478774 -0.446095 -0.333227 -0.008981 -0.221261 0.013609 -0.188945 -0.152879 -0.095491 0.079561 0.244634 -0.185701 0.226378 -0.068752 0.032069 0.186801 -0.023440 0.130870 -0.144706 -0.318750 0.276235 -0.037577 -0.003259 0.078793 0.223970 -0.110885 -0.025415 -0.011921 0.056298 0.060836 -0.048200 -0.176775 -0.268642 -0.192331 -0.134670 -0.033876
0.165394 0.057183 1.000000 0.145800 0.384365 0.427159 0.729510 0.407957 0.297096 0.148433 0.156067 -0.019544 0.272651 0.128736 -0.064798 0.150029 -0.333962 -0.161899 -0.033474 0.000144 0.207898 0.195027 0.496105 0.399011 0.182055 0.319456 0.245444 0.237960 -0.280828 -0.207656 0.377314 0.042776 -0.076528 -0.197494 0.153493 0.249654 -0.237456 -0.270188 0.024375 0.150958 -0.137268 -0.019296 -0.200624 -0.174358 0.145109 0.063167 -0.016110 -0.105428 0.137009 0.086444 0.514456 0.088673 0.035432 0.074363 0.000945 -0.265742 -0.335057 -0.305382 -0.144649 -0.065502 -0.339662 -0.328096 -0.344664 -0.431113 0.451070 0.088980 0.387451 0.374510 -0.112570 0.058881 0.257736 0.168525 -0.282255 -0.021859 -0.152378 0.039281 -0.166406 -0.047773 -0.342112 -0.357895 -0.472380 -0.444718 -0.066550 0.009281 -0.312239 -0.285603 0.037365 -0.102905 0.229504 -0.012567 0.127290 -0.292722 0.012090 0.140098 -0.212295 -0.297781 -0.042986 -0.059807 -0.416784 -0.395584 -0.054574 -0.106646 -0.127415 -0.161607 -0.016031 0.076483 -0.170260 -0.038116 -0.269841 0.052520 0.239788 -0.206520 -0.246983 -0.366792 -0.321272 -0.251379
-0.127841 0.357240 0.145800 1.000000 0.189325 0.369158 -0.200322 0.505723 0.240863 0.328903 0.035476 -0.173247 0.009096 0.063084 -0.196008 -0.130051 -0.063663 0.004099 -0.062194 0.012891 -0.213297 0.045959 0.470583 0.462077 0.130133 0.259023 -0.036538 0.368863 -0.234872 0.142747 0.419126 0.426235 -0.012939 -0.148928 -0.101735 0.079537 -0.367891 -0.230160 0.013472 0.177969 -0.165461 -0.113148 -0.359923 -0.028632 -0.240489 -0.085578 -0.274291 -0.096245 -0.283505 -0.305226 0.112761 -0.254285 -0.486660 -0.186505 -0.185601 -0.207729 -0.016290 -0.075006 -0.094513 -0.075463 -0.251849 -0.355889 -0.264347 -0.179648 0.284791 -0.171913 -0.143499 -0.002378 -0.002956 0.018029 0.007739 0.000838 -0.059084 -0.392930 -0.097587 -0.258832 -0.207749 -0.216939 0.016405 0.063627 -0.319571 -0.344662 -0.214797 -0.240190 0.006020 0.252156 0.212929 0.345304 0.395157 0.456229 -0.052959 -0.156603 -0.066525 -0.159696 0.057506 0.083644 0.125515 0.165696 -0.246450 -0.073699 0.109040 -0.104548 -0.067320 -0.101270 -0.023429 -0.051266 0.032985 -0.076820 -0.099593 0.154258 0.301838 -0.041073 -0.227347 -0.066026 -0.225657 0.071270
0.135088 0.249059 0.384365 0.189325 1.000000 0.458808 0.362176 0.081282 0.725011 0.620089 0.119242 -0.199418 0.080954 -0.004054 0.427589 0.337240 -0.314459 -0.309088 -0.005400 0.178350 0.457224 0.288137 0.232848 0.159383 0.661838 0.469734 0.488822 0.351847 -0.369831 -0.030067 0.102788 -0.121510 0.028422 -0.039368 -0.188361 0.127367 -0.041537 0.097156 0.009360 -0.036778 0.179446 0.304013 -0.131736 -0.195745 -0.029152 -0.099042 -0.081856 -0.068389 0.040334 -0.029671 0.325284 -0.111584 -0.117711 0.107812 -0.026620 -0.331520 -0.279761 -0.209261 -0.102938 -0.155021 -0.163390 -0.414269 -0.545617 -0.505139 0.393932 -0.029792 0.164776 0.244941 0.025067 0.296378 0.036880 -0.320584 -0.099041 -0.124414 -0.011983 -0.092457 -0.017566 -0.122166 -0.325861 -0.386618 -0.324852 -0.263596 -0.101138 -0.171607 -0.116852 -0.114049 -0.006127 -0.164222 0.301032 -0.250642 0.294002 -0.152187 0.301128 0.346313 0.054008 0.024149 -0.297151 0.116059 -0.487419 -0.375192 0.154786 0.082527 0.074066 0.166122 -0.061581 0.113624 -0.052039 -0.176278 0.012237 0.106275 0.338183 -0.177974 0.008331 -0.033623 -0.097112 0.130357
-0.013464 0.121746 0.427159 0.369158 0.458808 1.000000 0.316928 0.364114 0.305332 0.423767 -0.210410 -0.397026 -0.085564 -0.093073 -0.012943 0.176291 -0.275299 -0.357745 -0.125572 -0.020454 0.086828 0.498044 0.360706 0.336550 0.475263 0.535304 0.591078 0.702571 -0.266884 -0.089174 0.201102 0.000581 -0.086433 -0.256503 -0.050460 0.138491 0.008408 0.062204 0.189582 0.345698 0.142164 0.210216 -0.173586 -0.002421 -0.220087 -0.068840 0.008390 -0.030530 -0.181384 -0.188068 0.220563 -0.125219 -0.073539 0.002251 0.071157 -0.101539 -0.128175 -0.147250 0.026220 0.083509 -0.160513 -0.231782 -0.289231 -0.314441 0.143634 -0.200656 0.278574 0.365961 -0.077784 0.132324 0.105993 -0.034691 -0.403962 -0.388141 -0.331235 -0.178244 -0.311026 -0.153801 -0.192304 -0.288365 -0.195928 -0.281834 -0.091046 0.068320 -0.052182 0.200620 -0.117087 -0.089950 0.171309 0.208426 -0.044055 -0.309761 -0.014835 -0.110068 0.170838 0.005797 0.092870 0.240537 -0.392896 -0.287072 -0.098551 -0.116874 -0.035046 -0.064928 -0.108316 0.001928 -0.217297 -0.301314 0.045679 0.152758 0.331837 -0.190078 -0.240960 -0.144116 -0.272210 0.078107
0.348076 0.057805 0.729510 -0.200322 0.362176 0.316928 1.000000 0.301880 0.264672 0.216407 0.093813 0.120379 0.367596 0.226716 0.099335 0.443734 -0.264033 -0.163401 -0.169647 0.078540 0.211673 0.144780 0.164097 0.154100 0.161144 0.051100 0.346089 0.020157 -0.152128 -0.253948 0.072546 -0.245094 -0.237875 -0.214985 0.135751 0.275853 -0.203067 -0.225858 -0.127617 -0.042423 -0.154116 0.055680 -0.021317 -0.144985 0.248680 0.173331 0.074632 -0.035382 0.266413 0.314225 0.378164 0.233299 0.185621 0.219813 -0.003008 -0.213492 -0.355135 -0.392246 -0.150757 -0.136106 -0.193793 -0.172788 -0.285198 -0.401780 0.215384 0.303308 0.301704 0.377319 -0.251804 0.061436 0.243877 0.053233 -0.263326 0.158796 -0.113928 0.113108 -0.063644 0.078103 -0.421789 -0.459440 -0.375837 -0.360515 0.112028 0.206760 -0.251318 -0.405448 -0.073921 -0.196744 -0.024216 -0.284767 0.220589 -0.254914 0.194205 0.210267 -0.184519 -0.196506 -0.106011 -0.084086 -0.393061 -0.399362 -0.031102 -0.057681 -0.120967 -0.055108 0.008033 0.094715 -0.196407 -0.054244 -0.176377 -0.087053 0.090457 -0.166143 -0.153582 -0.361086 -0.209005 -0.127873
-0.213713 0.340499 0.407957 0.505723 0.081282 0.364114 0.301880 1.000000 0.306103 0.325601 0.073226 0.108275 0.340027 0.450018 -0.069690 0.354934 -0.163023 0.049077 -0.430491 -0.336016 -0.114707 0.233913 0.272292 0.369794 0.172954 0.318664 -0.077286 0.177002 -0.164758 -0.004049 0.375470 0.312756 0.000336 -0.072182 0.044443 0.112351 -0.353474 -0.216408 -0.034428 0.165072 -0.212787 -0.019864 -0.293547 -0.126949 -0.067093 0.111521 -0.047368 -0.142649 0.041207 -0.069189 0.358452 0.046150 -0.153467 -0.110423 -0.247312 -0.260206 -0.349795 -0.420960 -0.212389 -0.186663 -0.262486 -0.234808 -0.171849 -0.301893 0.328144 0.162185 0.144648 0.172793 -0.381507 -0.207879 -0.050897 0.280640 -0.298457 -0.192282 -0.124749 -0.156934 -0.198702 0.002126 -0.326025 -0.218416 -0.403361 -0.425523 -0.293993 0.022797 -0.307412 -0.093433 -0.143369 0.002677 -0.033823 0.017450 -0.050849 -0.394635 0.096546 -0.004272 0.005927 -0.112741 -0.006489 0.161485 -0.335246 -0.333525 0.229212 -0.072689 0.040538 0.075639 0.290432 0.102483 -0.258313 -0.001710 -0.128803 -0.081686 0.245829 -0.098056 -0.152810 -0.296295 -0.081919 0.010579
0.021458 0.266181 0.297096 0.240863 0.725011 0.305332 0.264672 0.306103 1.000000 0.792316 0.155467 -0.182368 0.094982 0.303896 0.493535 0.538539 -0.378423 -0.283593 -0.124040 0.210118 0.379973 0.317635 0.126691 0.279424 0.641367 0.467319 0.164272 0.099148 -0.195644 -0.003471 0.105740 0.022806 -0.034786 -0.022588 -0.252864 0.106955 -0.040907 0.244815 -0.037858 -0.133001 0.057166 0.204703 -0.067213 -0.189638 -0.008279 0.031036 0.061889 0.001683 0.023166 0.053163 0.331986 0.030740 -0.072941 0.230938 -0.159734 -0.322185 -0.517188 -0.417942 -0.362206 -0.323307 -0.441013 -0.507220 -0.656461 -0.553017 0.367883 0.113302 0.188479 0.389596 -0.065893 0.282176 -0.059766 -0.108818 -0.116318 -0.105030 -0.055784 -0.060152 -0.059016 -0.108076 -0.413623 -0.400558 -0.400883 -0.375512 -0.136297 -0.205846 -0.080792 -0.082972 -0.120803 -0.247995 0.182142 -0.363418 0.129750 -0.248810 0.541218 0.564963 -0.056291 -0.157317 -0.373844 0.099024 -0.485133 -0.473822 0.245980 0.002019 0.069000 0.140646 0.054313 0.354234 -0.332390 -0.144881 -0.237938 0.150988 0.296461 0.019198 0.247218 -0.068919 0.017742 0.050259
0.083018 0.508959 0.148433 0.328903 0.620089 0.423767 0.216407 0.325601 0.792316 1.000000 0.142563 -0.055163 0.156573 0.280154 0.391152 0.545043 -0.416399 -0.151402 -0.228647 0.202430 0.334897 0.361575 -0.074506 0.089016 0.564352 0.213866 0.145665 0.084354 -0.217417 -0.062067 -0.038425 -0.195313 -0.188593 -0.118232 -0.326565 0.138009 -0.063610 0.271881 0.006749 0.002518 -0.013395 0.185785 -0.064803 -0.092027 -0.117513 0.048737 0.119327 0.091471 -0.009453 0.092762 0.282210 0.176268 -0.006637 0.150727 -0.112813 -0.188197 -0.480724 -0.298643 -0.251947 -0.162646 -0.343015 -0.347396 -0.684826 -0.532122 0.145486 0.314582 0.153682 0.435538 -0.039693 0.300386 -0.091117 -0.155470 -0.271855 -0.205790 -0.071784 -0.020239 -0.012031 -0.066840 -0.467921 -0.474092 -0.449350 -0.471253 -0.172991 -0.085064 -0.062206 0.132597 -0.220694 -0.268401 0.029518 -0.185489 0.157847 -0.269873 0.475417 0.313277 0.048660 -0.069961 -0.165772 0.276404 -0.394732 -0.414194 0.227279 -0.132420 -0.015352 0.038615 0.080493 0.252809 -0.364595 -0.267611 -0.158362 0.190042 0.299572 0.032717 0.101134 -0.152522 -0.100556 -0.002235
0.109969 0.140997 0.156067 0.035476 0.119242 -0.210410 0.093813 0.073226 0.155467 0.142563 1.000000 0.322875 0.570707 0.398053 0.241981 0.224039 0.158485 0.436811 -0.236955 -0.053572 0.199717 0.006272 0.184737 0.304808 -0.155254 -0.032393 -0.138334 -0.070450 0.379311 0.262470 0.296569 0.233568 0.013833 0.205431 0.248378 0.255637 -0.200158 0.090917 0.108655 0.174879 0.091737 0.315161 -0.415143 -0.341297 0.009495 -0.037881 -0.304686 -0.308917 -0.094334 0.041572 0.153782 -0.035795 -0.376278 -0.104430 -0.313802 -0.241994 -0.181438 -0.010213 -0.551594 -0.479721 -0.247286 -0.263339 -0.144251 -0.063933 0.338304 0.403201 -0.376433 -0.070010 -0.175656 -0.031655 0.254656 0.235409 0.182297 0.414778 0.267731 0.401809 0.152058 -0.015687 -0.000665 0.221040 -0.303380 -0.216659 0.025273 -0.094976 -0.156268 -0.322914 0.316016 -0.189089 0.106928 -0.209918 -0.044393 -0.109458 0.039845 0.206594 -0.131529 -0.304822 -0.154382 -0.084745 -0.219067 -0.254004 0.173003 0.025080 -0.213435 -0.114872 0.075769 0.314402 -0.211945 -0.083313 -0.404238 0.285457 0.036194 0.061769 0.143194 -0.234033 -0.111963 -0.350123
0.156630 0.406223 -0.019544 -0.173247 -0.199418 -0.397026 0.120379 0.108275 -0.182368 -0.055163 0.322875 1.000000 0.500233 0.444776 -0.087068 0.119601 -0.013832 0.646385 -0.242445 -0.120158 -0.006971 -0.188889 -0.177746 -0.144664 -0.297262 -0.310054 -0.319416 -0.379319 0.051652 -0.055007 -0.010016 -0.089518 -0.011415 0.131940 0.051281 0.178726 -0.233475 -0.201258 -0.213849 -0.158921 -0.108473 0.004524 -0.024018 -0.104724 0.363102 0.351571 -0.054724 -0.069059 0.409819 0.446337 0.230300 0.389333 0.086362 0.059093 -0.174544 -0.010936 -0.300294 -0.160029 -0.199505 -0.309779 -0.103760 -0.023973 -0.054659 -0.206087 0.176156 0.626444 -0.146436 -0.194021 -0.283183 -0.320184 -0.069977 0.106243 -0.034255 0.396965 0.419054 0.278814 0.195099 0.180799 -0.181981 -0.025572 -0.284068 -0.228083 -0.058039 0.066922 -0.166813 -0.324989 0.086137 -0.184715 -0.164074 -0.157631 0.038127 0.079169 -0.098222 -0.030718 -0.228177 -0.152118 -0.027567 -0.226940 0.063575 -0.110288 0.297058 0.100673 0.105234 0.042502 0.239783 -0.159141 -0.055852 0.126518 -0.147480 -0.216769 -0.160849 -0.196518 -0.232574 -0.276724 -0.091145 -0.184878
-0.088624 0.270110 0.272651 0.009096 0.080954 -0.085564 0.367596 0.340027 0.094982 0.156573 0.570707 0.500233 1.000000 0.645107 0.117594 0.396129 -0.049745 0.237629 -0.324059 -0.103283 -0.016528 0.003188 0.143601 0.135169 -0.132255 0.047792 -0.114339 -0.131611 0.253977 0.286249 0.300964 0.137891 0.180586 0.218585 0.126445 0.274938 -0.345533 -0.017091 -0.023850 -0.007722 0.095049 0.265033 -0.328626 -0.257639 0.191089 0.261194 -0.239649 -0.303397 0.197796 0.221803 0.357977 0.209359 -0.165424 -0.119102 -0.298651 -0.322171 -0.444628 -0.289262 -0.444127 -0.393013 -0.175769 -0.248631 -0.053588 -0.279630 0.255831 0.387697 -0.140409 -0.095454 -0.384924 -0.070982 0.225003 0.311244 0.099442 0.317331 0.231475 0.149473 0.165211 0.023475 -0.280436 -0.090117 -0.393241 -0.351922 -0.030949 0.068019 -0.293347 -0.322408 -0.055904 -0.326300 -0.204358 -0.363312 0.009968 -0.156332 0.109303 0.226067 0.047004 -0.251693 -0.162872 -0.074855 -0.288432 -0.377840 0.342763 0.345761 0.164767 0.082877 0.100377 -0.000442 -0.074291 -0.066460 -0.209561 0.096526 -0.053918 -0.100332 -0.021462 -0.283477 -0.139849 -0.179303
-0.111927 0.216680 0.128736 0.063084 -0.004054 -0.093073 0.226716 0.450018 0.303896 0.280154 0.398053 0.444776 0.645107 1.000000 0.092391 0.653356 -0.102775 0.287956 -0.127090 0.062599 0.069192 0.197472 0.018797 0.178908 -0.098540 0.042640 -0.102965 -0.282956 0.298542 0.312073 0.218038 0.245891 0.015889 0.286601 -0.027756 0.136124 -0.099689 0.244457 0.057504 0.082111 0.142242 0.293958 -0.279060 -0.332278 0.064269 0.163137 -0.175824 -0.292491 0.055209 0.178582 0.090894 0.151647 -0.152354 0.158664 -0.288315 -0.288782 -0.403225 -0.359668 -0.503427 -0.441929 -0.259187 -0.255403 -0.055566 -0.249004 0.091278 0.301905 -0.201964 -0.077941 -0.297207 -0.086407 0.170952 0.369494 0.025001 0.234535 0.122225 0.190058 0.012887 -0.054051 -0.214631 -0.079688 -0.210641 -0.214336 0.022984 0.162052 -0.212404 -0.307583 -0.109226 -0.281028 -0.190982 -0.370654 -0.096485 -0.034494 0.315764 0.432711 -0.004400 -0.321536 -0.372298 -0.172962 -0.375130 -0.412986 0.386992 0.191350 0.045371 -0.019118 0.063326 0.162189 -0.302429 -0.249409 -0.354089 0.187020 -0.134813 0.134063 0.186648 -0.060959 -0.044311 -0.228310
0.153067 -0.050879 -0.064798 -0.196008 0.427589 -0.012943 0.099335 -0.069690 0.493535 0.391152 0.241981 -0.087068 0.117594 0.092391 1.000000 0.551419 -0.179649 -0.113787 -0.147781 0.157891 0.496250 0.213721 -0.191976 -0.039741 0.382519 0.234394 0.092514 0.064217 0.146903 0.158985 -0.191996 -0.055378 0.085932 0.252516 -0.061722 0.144409 0.208896 0.423361 0.053855 -0.165954 0.341665 0.428930 0.130920 -0.076168 0.073486 -0.031463 0.149837 0.106917 0.092014 0.086197 0.000903 0.061944 0.144420 0.237164 -0.174065 -0.133787 -0.338914 -0.168603 -0.347557 -0.329860 -0.140586 -0.169584 -0.300288 -0.215392 0.125462 0.118964 -0.072418 0.129981 -0.073660 0.170573 -0.134743 -0.033399 0.127986 0.121839 0.301078 -0.068970 0.150603 0.019887 -0.347929 -0.154040 -0.130672 -0.076473 0.299203 0.137958 0.264480 -0.075023 -0.031855 -0.316863 0.023306 -0.517872 -0.033364 -0.071752 0.266416 0.278318 0.092575 -0.014859 -0.199211 -0.088965 -0.171827 -0.156710 0.140761 0.129721 0.070906 0.090011 -0.178207 0.006333 -0.257125 -0.192050 -0.013223 -0.030995 0.151126 -0.103587 0.282348 0.071058 0.227473 0.108364
0.067540 0.108025 0.150029 -0.130051 0.337240 0.176291 0.443734 0.354934 0.538539 0.545043 0.224039 0.119601 0.396129 0.653356 0.551419 1.000000 -0.129486 0.014415 -0.207083 0.098146 0.265588 0.371772 -0.159396 0.050691 0.228038 0.130522 0.217419 -0.067791 0.170778 0.245303 -0.010354 0.007790 0.014741 0.287356 -0.025040 0.152155 0.055040 0.314334 -0.096325 -0.044676 0.210431 0.431822 -0.106142 -0.297897 0.023971 0.067432 0.009501 -0.183452 0.072154 0.149825 0.106984 0.109092 0.048056 0.244656 -0.287187 -0.327226 -0.408772 -0.379603 -0.479759 -0.390087 -0.262515 -0.201143 -0.184601 -0.280932 0.083217 0.302662 -0.013585 0.179993 -0.257924 0.072968 0.154038 0.235059 -0.001045 0.221166 0.079821 0.122714 0.069208 -0.008237 -0.324499 -0.241483 -0.160053 -0.158893 0.044219 0.227317 -0.067180 -0.243638 -0.317051 -0.424576 -0.235524 -0.529852 0.006463 -0.173520 0.419025 0.381432 0.003947 -0.197837 -0.421232 -0.144721 -0.441765 -0.454851 0.325177 0.119118 0.052587 0.070662 -0.024429 0.164225 -0.363286 -0.267395 -0.225585 0.010334 -0.045787 -0.041173 0.196083 -0.068162 0.035692 0.018350
0.037883 -0.425771 -0.333962 -0.063663 -0.314459 -0.275299 -0.264033 -0.163023 -0.378423 -0.416399 0.158485 -0.013832 -0.049745 -0.102775 -0.179649 -0.129486 1.000000 0.298614 0.067287 -0.185448 -0.259689 -0.177500 0.116517 0.148871 -0.167118 -0.162470 -0.006323 0.029940 0.428644 0.382382 0.097840 0.331897 0.028146 0.167959 0.339367 -0.089392 0.095541 -0.119111 -0.094043 -0.018934 -0.003206 0.042086 -0.299055 -0.294094 -0.194330 -0.265625 -0.542058 -0.422124 -0.318535 -0.336174 -0.399803 -0.468658 -0.424909 -0.322145 -0.076715 -0.218693 0.647643 0.300343 -0.071915 -0.130666 0.146233 0.061761 0.507044 0.645633 -0.078024 -0.233060 -0.472763 -0.441453 0.009490 -0.247031 0.197346 0.071218 0.475794 0.336988 -0.004895 0.082520 0.093305 -0.119964 0.707060 0.661082 0.618179 0.612285 0.036070 -0.225170 0.205836 -0.044836 0.200295 0.191734 0.065088 0.047822 -0.276565 0.032340 -0.275901 -0.141444 -0.030656 -0.146854 -0.087860 -0.190855 0.049094 0.183693 -0.151078 -0.072097 -0.178871 -0.097069 -0.049603 0.130823 0.156623 -0.081173 -0.061319 0.034895 -0.064314 0.083079 0.158890 0.185430 0.038486 0.082222
0.132589 0.181836 -0.161899 0.004099 -0.309088 -0.357745 -0.163401 0.049077 -0.283593 -0.151402 0.436811 0.646385 0.237629 0.287956 -0.113787 0.014415 0.298614 1.000000 -0.202595 -0.179037 -0.056439 -0.104181 -0.134979 -0.057905 -0.401435 -0.356143 -0.368943 -0.260766 0.246343 0.224315 0.085791 0.126305 -0.034882 0.078475 0.267889 0.227309 -0.124386 -0.073352 0.011177 0.104383 -0.070543 0.000323 -0.223866 -0.126621 0.092639 0.151456 -0.233839 -0.213337 -0.022121 0.091433 -0.045338 0.064503 -0.160021 -0.122265 -0.221620 -0.085918 0.088067 0.029562 -0.233060 -0.265480 -0.076524 -0.084083 0.158632 0.021971 0.043051 0.391577 -0.283979 -0.205622 -0.081216 -0.294442 0.043495 0.074911 0.118068 0.340865 0.290113 0.195679 0.274843 0.161963 0.198699 0.386811 -0.041306 -0.024916 -0.074141 0.004172 0.029679 0.009850 0.188089 -0.018852 -0.127483 0.133435 -0.233702 0.002898 -0.285497 -0.225073 -0.224272 -0.129257 0.055197 -0.153087 0.017296 -0.013315 0.128718 -0.060153 -0.091112 -0.161021 0.160459 -0.027900 -0.062109 0.143867 -0.223922 -0.057930 -0.093844 -0.236524 -0.250296 -0.274419 -0.241527 -0.253499
0.122653 -0.204207 -0.033474 -0.062194 -0.005400 -0.125572 -0.169647 -0.430491 -0.124040 -0.228647 -0.236955 -0.242445 -0.324059 -0.127090 -0.147781 -0.207083 0.067287 -0.202595 1.000000 0.520058 0.147397 0.105564 0.025803 -0.209933 -0.049135 -0.062869 0.229605 -0.077222 0.138952 0.036458 -0.161415 -0.003717 0.034317 0.308543 -0.094087 -0.267472 0.333466 0.225608 0.064774 0.004402 0.193492 0.080130 -0.010816 -0.195576 -0.236037 -0.450721 -0.155093 -0.095045 -0.287591 -0.308377 -0.450787 -0.318924 -0.077931 -0.058723 0.048122 -0.017011 0.250108 0.517345 0.261670 0.396085 0.148642 0.232159 0.240348 0.403560 -0.159107 -0.392379 -0.097868 -0.329789 0.554757 0.250038 0.049713 -0.031414 0.190750 -0.153609 -0.214117 -0.015102 -0.160831 -0.267714 0.300674 0.149226 0.448581 0.498516 0.285468 0.044855 0.229200 0.010197 0.027159 0.237399 0.276931 0.168908 -0.165250 0.170716 -0.093669 0.072664 -0.069765 -0.044268 -0.189936 -0.258460 0.019322 0.129350 -0.364818 -0.104176 -0.268238 -0.278130 -0.323288 -0.071370 0.290533 -0.202734 -0.113833 0.284065 -0.101478 0.312228 0.103359 0.471197 0.037530 -0.017579
0.294001 0.145419 0.000144 0.012891 0.178350 -0.020454 0.078540 -0.336016 0.210118 0.202430 -0.053572 -0.120158 -0.103283 0.062599 0.157891 0.098146 -0.185448 -0.179037 0.520058 1.000000 0.190706 0.009936 -0.129796 -0.219087 0.057919 -0.182597 0.255598 -0.180446 0.215187 0.059593 -0.397135 -0.363429 -0.142482 0.137435 -0.196213 -0.134117 0.246240 0.211702 0.078280 -0.162452 0.143778 -0.041270 0.001163 -0.198807 -0.142142 -0.349646 -0.016404 -0.074409 -0.220570 -0.060505 -0.267726 -0.090388 0.080349 0.277673 0.039591 -0.043725 -0.034871 0.331178 0.032741 0.150048 -0.159783 -0.058468 -0.199926 -0.081752 -0.305275 -0.190453 -0.078054 -0.022145 0.623966 0.736158 0.246373 -0.293737 0.094101 0.023250 -0.145231 0.064780 -0.030805 -0.329902 -0.041018 -0.146068 0.130242 0.122337 0.424866 0.275462 0.302445 0.105911 -0.038043 0.102384 0.034182 -0.066330 0.116227 0.077863 0.321629 0.127404 0.097627 0.040659 -0.265140 -0.200782 -0.216379 -0.113395 -0.147198 -0.187175 -0.359518 -0.303483 -0.464753 -0.013716 0.175173 -0.299113 -0.139885 0.376296 -0.169865 0.163543 0.178956 0.242669 -0.035244 -0.076394
0.128431 0.038346 0.207898 -0.213297 0.457224 0.086828 0.211673 -0.114707 0.379973 0.334897 0.199717 -0.006971 -0.016528 0.069192 0.496250 0.265588 -0.259689 -0.056439 0.147397 0.190706 1.000000 0.475701 -0.115251 -0.150001 0.425223 0.159986 0.259751 0.041061 -0.106521 -0.033447 -0.047564 -0.139402 -0.002775 0.141219 -0.071974 0.101357 0.319221 0.469825 0.295462 0.152663 0.254684 0.470710 -0.108030 -0.378345 -0.078071 -0.233676 -0.000562 -0.081929 -0.038633 0.021091 0.002780 0.033959 0.090412 0.230061 0.100657 -0.133172 -0.212334 -0.014884 -0.112611 -0.027648 -0.112513 -0.162308 -0.367306 -0.171981 0.083261 0.064047 0.088880 0.204961 0.159272 0.188691 -0.079573 -0.032131 -0.022144 0.102685 0.009790 0.225584 -0.023395 0.020780 -0.248833 -0.143389 -0.111512 -0.039994 0.193093 -0.054658 0.050790 -0.090507 0.063753 -0.193433 0.064235 -0.264819 0.014958 0.075527 0.202461 0.374001 -0.119978 -0.190483 -0.179950 0.113770 -0.302946 -0.227399 -0.038359 -0.044670 -0.078332 -0.066333 0.016776 0.238988 -0.140760 -0.250514 -0.243864 0.292650 0.370711 0.068593 0.149696 0.112818 -0.045377 -0.157960
0.076655 0.088159 0.195027 0.045959 0.288137 0.498044 0.144780 0.233913 0.317635 0.361575 0.006272 -0.188889 0.003188 0.197472 0.213721 0.371772 -0.177500 -0.104181 0.105564 0.009936 0.475701 1.000000 -0.000661 -0.023570 0.353199 0.296366 0.320006 0.274005 -0.068852 0.053551 0.144591 0.053868 -0.063593 0.094686 -0.093251 -0.050183 0.258988 0.381698 0.286999 0.321017 0.292296 0.403974 -0.183627 -0.261332 -0.247157 -0.242946 0.032891 -0.107495 -0.167351 -0.136859 -0.028963 -0.014684 -0.075312 0.033955 0.050795 -0.003138 -0.232766 0.027741 -0.078686 0.095608 -0.152235 -0.017925 -0.176636 -0.090269 -0.017184 -0.085940 0.078108 0.063832 -0.038159 0.042310 -0.084598 0.295234 -0.165131 -0.210624 -0.160798 0.013160 -0.205018 -0.069799 -0.214668 -0.094546 -0.051322 -0.052992 0.013124 0.084344 0.040246 0.033920 -0.226446 -0.266666 -0.009669 -0.082534 -0.124172 -0.042112 0.097385 0.158970 0.119766 -0.157458 0.061642 0.180574 -0.286075 -0.206953 -0.016968 -0.025719 -0.010338 -0.052087 0.025014 0.126984 -0.205764 -0.313285 -0.192967 0.331294 0.174579 0.104866 0.057254 0.070565 -0.153214 -0.083041
-0.037876 -0.195151 0.496105 0.470583 0.232848 0.360706 0.164097 0.272292 0.126691 -0.074506 0.184737 -0.177746 0.143601 0.018797 -0.191976 -0.159396 0.116517 -0.134979 0.025803 -0.129796 -0.115251 -0.000661 1.000000 0.740593 0.125600 0.535729 0.206253 0.498500 -0.111946 0.016481 0.687905 0.575047 0.129227 -0.133704 0.179564 0.288085 -0.321892 -0.249987 0.032727 0.109355 -0.100224 0.111978 -0.371978 -0.138807 -0.034842 -0.058998 -0.337650 -0.204460 -0.191981 -0.234274 0.301306 -0.268884 -0.474049 0.001996 -0.000778 -0.254008 0.070892 -0.231041 -0.285184 -0.350884 -0.248611 -0.520159 -0.126623 -0.168737 0.492480 -0.336496 -0.092619 -0.024381 -0.158136 -0.105124 0.216667 0.189838 0.047927 0.026058 -0.064193 0.085826 -0.172428 -0.042806 0.117711 0.088854 -0.182299 -0.204929 -0.048556 -0.280440 -0.128232 -0.186932 0.397925 0.138256 0.487794 0.143375 -0.219999 -0.203520 -0.219793 0.070882 -0.109194 -0.276494 -0.046190 0.023596 -0.444644 -0.230726 -0.058126 -0.066752 -0.104649 -0.072468 -0.121466 0.141666 -0.092480 -0.067024 -0.156819 0.111667 0.372324 -0.142242 -0.196115 -0.210262 -0.173447 0.025217
0.012661 -0.236862 0.399011 0.462077 0.159383 0.336550 0.154100 0.369794 0.279424 0.089016 0.304808 -0.144664 0.135169 0.178908 -0.039741 0.050691 0.148871 -0.057905 -0.209933 -0.219087 -0.150001 -0.023570 0.740593 1.000000 0.139464 0.450363 0.080434 0.406156 0.013454 0.092496 0.630220 0.661939 -0.062437 -0.172997 0.212967 0.191634 -0.336815 -0.198896 0.028672 0.084240 -0.093403 0.128878 -0.341507 -0.139117 0.010568 0.132934 -0.359013 -0.195430 -0.171843 -0.176501 0.182334 -0.308096 -0.431560 -0.037785 -0.195183 -0.363841 -0.022341 -0.421268 -0.467949 -0.529614 -0.287428 -0.515645 -0.151433 -0.119840 0.538686 -0.079848 -0.183943 0.085508 -0.401487 -0.284707 0.202711 0.307821 0.004622 0.051562 0.009198 0.037214 -0.200469 -0.024665 0.087638 0.137949 -0.240260 -0.280930 -0.021549 -0.210008 -0.010882 -0.134510 0.404638 0.080491 0.477466 0.082985 -0.226507 -0.232151 -0.079683 0.140158 -0.223613 -0.330615 -0.101416 -0.062273 -0.413329 -0.240716 0.098979 -0.035944 -0.050451 -0.018259 0.052512 0.287822 -0.267148 -0.041016 -0.332056 0.021457 0.302463 -0.092853 -0.045267 -0.201273 -0.034672 -0.041681
0.084925 0.034860 0.182055 0.130133 0.661838 0.475263 0.161144 0.172954 0.641367 0.564352 -0.155254 -0.297262 -0.132255 -0.098540 0.382519 0.228038 -0.167118 -0.401435 -0.049135 0.057919 0.425223 0.353199 0.125600 0.139464 1.000000 0.585170 0.368858 0.298037 -0.287570 -0.156526 -0.032825 -0.050358 -0.105072 -0.188215 -0.214522 -0.005843 0.122605 0.231998 0.082470 -0.114737 0.105322 0.182514 0.019379 -0.085119 -0.021812 -0.014092 0.041737 0.030241 0.038388 -0.046266 0.236168 -0.053149 0.051635 0.047701 0.172600 -0.216798 -0.304256 -0.207255 -0.044419 -0.020701 -0.266079 -0.297484 -0.490527 -0.311548 0.235350 -0.104408 0.174437 0.302053 -0.076883 0.170090 -0.202823 -0.217859 -0.242996 -0.199899 -0.147607 -0.153085 -0.094349 -0.139511 -0.362679 -0.390006 -0.104914 -0.102454 -0.080340 -0.154438 0.071129 0.164586 -0.125620 -0.119051 0.151702 -0.200813 0.083427 -0.265826 0.259983 0.234230 0.104302 -0.127529 -0.170446 0.217940 -0.310822 -0.285064 0.010114 -0.074540 0.122349 0.073829 -0.026982 0.188749 -0.158679 -0.231326 -0.036188 0.070095 0.503564 -0.002200 0.144135 0.048554 0.051570 0.224539
-0.308715 -0.085698 0.319456 0.259023 0.469734 0.535304 0.051100 0.318664 0.467319 0.213866 -0.032393 -0.310054 0.047792 0.042640 0.234394 0.130522 -0.162470 -0.356143 -0.062869 -0.182597 0.159986 0.296366 0.535729 0.450363 0.585170 1.000000 0.289923 0.598896 -0.191995 0.092210 0.375054 0.390788 0.319884 0.102439 0.054110 0.231293 0.006687 0.167843 0.062711 0.067054 0.192351 0.338938 -0.180821 -0.072436 -0.065303 -0.035911 -0.090369 -0.104273 -0.133696 -0.273057 0.313302 -0.259193 -0.201512 -0.087628 -0.084875 -0.341253 -0.283369 -0.250887 -0.196707 -0.171336 -0.262255 -0.420787 -0.262711 -0.254248 0.446952 -0.310376 0.221240 0.207766 -0.146925 0.016331 -0.059676 0.175185 -0.103932 -0.128149 -0.191651 -0.181084 -0.141177 0.035798 -0.175404 -0.109601 -0.156263 -0.122849 -0.224668 -0.310686 -0.099204 -0.029236 -0.011861 -0.230408 0.270499 -0.189228 -0.190514 -0.382313 0.051450 0.213386 0.056686 -0.066165 -0.197120 0.095311 -0.412550 -0.415115 0.058022 0.111430 0.217164 0.216837 0.039791 0.119325 -0.284926 -0.097666 0.028914 0.027638 0.437738 -0.112342 -0.021873 -0.081196 0.085591 0.056668
0.173635 -0.091958 0.245444 -0.036538 0.488822 0.591078 0.346089 -0.077286 0.164272 0.145665 -0.138334 -0.319416 -0.114339 -0.102965 0.092514 0.217419 -0.006323 -0.368943 0.229605 0.255598 0.259751 0.320006 0.206253 0.080434 0.368858 0.289923 1.000000 0.564595 -0.147372 -0.015266 -0.079755 -0.123163 -0.013740 0.013151 -0.219120 -0.154916 0.221150 0.127709 0.208024 0.296683 0.392349 0.441860 -0.213234 -0.233111 -0.285305 -0.374739 -0.222955 -0.267656 -0.213028 -0.257202 -0.135188 -0.352398 -0.042337 0.133481 0.218525 -0.106080 0.134530 0.094679 0.120565 0.070420 0.084150 -0.105468 -0.077956 -0.016575 0.040513 -0.352765 -0.003720 0.021199 0.170224 0.241976 0.269200 -0.219679 -0.119418 0.003398 -0.232425 0.169710 -0.235345 -0.193517 0.017814 -0.172439 0.181773 0.178276 0.253669 0.147896 -0.021825 -0.082395 0.072321 0.052118 0.232943 0.059634 0.120264 0.033137 0.043142 0.082376 0.023304 0.015608 -0.286726 -0.096719 -0.390237 -0.232361 -0.151069 -0.052149 -0.154086 -0.014479 -0.181453 0.096301 0.025352 -0.322139 0.067315 0.161954 0.077791 -0.044777 -0.108203 0.089990 -0.128448 0.053265
-0.127707 -0.060615 0.237960 0.368863 0.351847 0.702571 0.020157 0.177002 0.099148 0.084354 -0.070450 -0.379319 -0.131611 -0.282956 0.064217 -0.067791 0.029940 -0.260766 -0.077222 -0.180446 0.041061 0.274005 0.498500 0.406156 0.298037 0.598896 0.564595 1.000000 -0.201072 0.130302 0.286672 0.258359 0.115241 -0.027721 0.021055 0.123264 -0.031513 -0.038781 0.150646 0.341277 0.280215 0.351051 -0.265918 -0.010136 -0.271380 -0.192038 -0.218785 -0.130755 -0.309053 -0.397444 0.154306 -0.394624 -0.254571 -0.163597 0.014441 -0.085351 0.168085 0.038096 -0.024199 -0.074958 -0.013633 -0.291493 -0.161348 -0.037983 0.278278 -0.373389 0.004665 0.043671 -0.006308 -0.054622 0.062777 0.005178 -0.009648 -0.182166 -0.098271 -0.115470 -0.252510 -0.102484 0.138497 0.128239 -0.069093 -0.063594 -0.010513 -0.187042 0.009816 0.096236 0.191878 0.042741 0.447819 0.271625 -0.174553 -0.141818 -0.298037 -0.146490 -0.046433 0.008184 0.099815 0.078458 -0.280883 -0.119971 -0.128705 -0.014149 -0.005301 0.051559 -0.032151 -0.009252 -0.106316 -0.160451 0.085911 0.028625 0.394876 -0.166304 -0.267190 -0.006370 -0.131883 0.143527
-0.006111 -0.321919 -0.280828 -0.234872 -0.369831 -0.266884 -0.152128 -0.164758 -0.195644 -0.217417 0.379311 0.051652 0.253977 0.298542 0.146903 0.170778 0.428644 0.246343 0.138952 0.215187 -0.106521 -0.068852 -0.111946 0.013454 -0.287570 -0.191995 -0.147372 -0.201072 1.000000 0.511636 -0.095415 0.118444 -0.005294 0.372771 0.360526 0.110245 0.291329 0.380755 0.215873 0.052739 0.375000 0.203621 -0.207354 -0.272848 -0.174396 -0.141807 -0.285294 -0.336379 -0.382256 -0.181214 -0.396728 -0.204612 -0.235564 -0.170376 -0.261086 -0.151334 0.152379 0.258620 -0.374366 -0.243483 -0.056168 0.050454 0.393793 0.386784 -0.314476 -0.103934 -0.505292 -0.291653 0.044531 0.082520 0.323316 0.301121 0.441490 0.237745 0.028238 0.101453 0.113452 -0.234984 0.366234 0.444129 0.405564 0.384058 0.426672 0.283456 0.343147 0.079098 0.001419 -0.005731 -0.194270 -0.151003 -0.355402 -0.062654 0.005092 0.023199 0.244960 -0.237703 -0.190500 -0.190446 -0.034870 0.020182 -0.123224 0.020437 -0.240316 -0.218114 -0.256496 0.121607 -0.051520 -0.210709 -0.155226 0.277221 -0.215986 0.284581 0.411829 0.216846 0.119454 -0.086273
-0.269343 -0.171516 -0.207656 0.142747 -0.030067 -0.089174 -0.253948 -0.004049 -0.003471 -0.062067 0.262470 -0.055007 0.286249 0.312073 0.158985 0.245303 0.382382 0.224315 0.036458 0.059593 -0.033447 0.053551 0.016481 0.092496 -0.156526 0.092210 -0.015266 0.130302 0.511636 1.000000 0.253878 0.392035 0.441825 0.572352 0.192428 0.133580 0.141279 0.222711 0.056683 0.173412 0.384520 0.393321 -0.364242 -0.373800 -0.213519 -0.180372 -0.566524 -0.479702 -0.371546 -0.336059 -0.237700 -0.413126 -0.437533 -0.263181 -0.375726 -0.416252 0.173399 0.138034 -0.378703 -0.358224 -0.089646 -0.231488 0.256013 0.195184 0.022440 -0.276284 -0.502738 -0.430555 -0.013852 -0.035389 0.364612 0.237709 0.624709 0.073214 0.059542 -0.067034 0.121270 -0.237347 0.435890 0.604448 0.292691 0.288643 0.107277 -0.035571 0.325650 0.223556 0.031149 -0.019252 -0.061744 -0.044573 -0.267097 0.096830 -0.162853 0.042947 0.172450 -0.088109 -0.296004 -0.178897 -0.108300 0.039658 0.105970 0.374758 0.184325 0.075945 -0.160390 -0.034840 0.184031 -0.227477 -0.159419 0.207477 -0.035533 0.080016 0.207715 0.339879 -0.029342 0.095419
-0.246410 -0.094097 0.377314 0.419126 0.102788 0.201102 0.072546 0.375470 0.105740 -0.038425 0.296569 -0.010016 0.300964 0.218038 -0.191996 -0.010354 0.097840 0.085791 -0.161415 -0.397135 -0.047564 0.144591 0.687905 0.630220 -0.032825 0.375054 -0.079755 0.286672 -0.095415 0.253878 1.000000 0.742444 0.265219 0.040124 0.383476 0.355058 -0.427417 -0.218355 -0.018003 0.184482 -0.071197 0.129743 -0.318530 -0.126717 0.086949 0.141873 -0.333834 -0.187492 -0.195229 -0.200892 0.231825 -0.255886 -0.592986 -0.153831 -0.159488 -0.301961 -0.064443 -0.312514 -0.378909 -0.395264 -0.199988 -0.488795 0.003806 -0.166380 0.587000 -0.120452 -0.094006 -0.070753 -0.398758 -0.380390 0.237950 0.483698 0.170993 0.010481 0.075229 0.049772 -0.032763 0.104542 0.091958 0.241564 -0.328530 -0.362512 -0.180708 -0.361166 -0.195159 -0.186581 0.313160 0.026227 0.199567 0.117201 -0.211540 -0.052073 -0.255259 0.059145 -0.151611 -0.356632 0.012203 0.112139 -0.255504 -0.074217 0.153539 0.192478 0.204296 0.108375 0.160009 0.155393 -0.018983 0.045296 -0.305075 0.072800 0.291495 0.002435 -0.079984 -0.065459 -0.126910 0.033597
-0.271840 -0.280006 0.042776 0.426235 -0.121510 0.000581 -0.245094 0.312756 0.022806 -0.195313 0.233568 -0.089518 0.137891 0.245891 -0.055378 0.007790 0.331897 0.126305 -0.003717 -0.363429 -0.139402 0.053868 0.575047 0.661939 -0.050358 0.390788 -0.123163 0.258359 0.118444 0.392035 0.742444 1.000000 0.268366 0.250406 0.287707 0.080355 -0.220745 -0.078760 0.023094 0.105101 0.056230 0.295524 -0.322609 -0.162918 -0.046161 0.004158 -0.449019 -0.285368 -0.294897 -0.388298 -0.053883 -0.447613 -0.604090 -0.261754 -0.277486 -0.333985 0.054104 -0.176099 -0.439385 -0.427578 -0.235894 -0.312921 0.211016 0.213377 0.484177 -0.244289 -0.338144 -0.294366 -0.347585 -0.477008 0.022255 0.522576 0.282670 0.042564 0.051436 -0.039087 -0.104926 -0.040045 0.265483 0.486338 0.027491 0.044789 -0.071374 -0.269608 0.099373 -0.038579 0.342436 0.133499 0.265438 0.119152 -0.466217 -0.103560 -0.265061 0.030274 -0.159850 -0.288434 -0.123024 -0.141142 -0.194944 -0.072726 0.102876 0.113605 0.133325 0.031144 0.089951 0.146297 -0.084233 -0.013489 -0.302244 0.006653 0.194618 0.041060 0.054508 0.112827 0.062463 0.079148
-0.473379 0.032427 -0.076528 -0.012939 0.028422 -0.086433 -0.237875 0.000336 -0.034786 -0.188593 0.013833 -0.011415 0.180586 0.015889 0.085932 0.014741 0.028146 -0.034882 0.034317 -0.142482 -0.002775 -0.063593 0.129227 -0.062437 -0.105072 0.319884 -0.013740 0.115241 -0.005294 0.441825 0.265219 0.268366 1.000000 0.595142 0.084442 0.130963 -0.013327 0.096817 -0.163624 0.031011 0.106852 0.277536 -0.218959 -0.218183 -0.041714 -0.094056 -0.231495 -0.287931 -0.038257 -0.155667 0.084735 -0.129961 -0.167609 -0.163941 -0.268445 -0.272152 -0.050780 0.036987 -0.141988 -0.149142 0.030627 -0.114357 0.214482 0.020208 0.237992 -0.187331 -0.031154 -0.213119 0.022522 -0.016559 0.102341 0.089077 0.290014 0.123892 0.038720 0.031516 0.175740 0.085171 0.142542 0.206237 0.059160 0.106729 -0.299528 -0.262881 -0.064382 -0.079319 -0.127997 -0.203524 -0.166952 -0.099806 -0.071628 0.073928 -0.079195 0.063941 0.160122 0.167464 -0.267120 -0.066059 -0.025381 -0.054217 0.305599 0.435644 0.415052 0.444651 0.104332 -0.086009 0.230282 0.083585 0.196260 0.077529 -0.063486 -0.171613 -0.051862 0.106982 0.144100 0.141831
-0.275452 0.043097 -0.197494 -0.148928 -0.039368 -0.256503 -0.214985 -0.072182 -0.022588 -0.118232 0.205431 0.131940 0.218585 0.286601 0.252516 0.287356 0.167959 0.078475 0.308543 0.137435 0.141219 0.094686 -0.133704 -0.172997 -0.188215 0.102439 0.013151 -0.027721 0.372771 0.572352 0.040124 0.250406 0.595142 1.000000 0.102596 -0.042273 0.284145 0.294374 -0.131312 -0.014669 0.396091 0.470263 -0.195434 -0.422846 -0.218788 -0.372322 -0.313616 -0.364831 -0.218499 -0.294053 -0.223541 -0.294599 -0.172276 -0.182543 -0.448053 -0.349106 -0.015270 0.301223 -0.276275 -0.168577 -0.002176 0.050187 0.300416 0.294508 0.045276 -0.090610 -0.304690 -0.430667 0.203565 0.013915 0.020336 0.293474 0.516196 0.144373 0.067199 0.091463 0.003931 -0.188767 0.274506 0.338240 0.338404 0.408274 0.013765 0.015010 0.216899 -0.093016 -0.119526 -0.234491 -0.152515 -0.259629 -0.293565 0.058425 -0.010555 0.123862 0.076061 0.007397 -0.449548 -0.277130 -0.026251 -0.095515 0.110825 0.237405 0.043802 0.146076 -0.021746 -0.047710 0.048874 -0.187529 -0.051716 0.159740 -0.148093 0.134924 0.226544 0.384474 0.240581 0.059695
-0.071702 -0.316592 0.153493 -0.101735 -0.188361 -0.050460 0.135751 0.044443 -0.252864 -0.326565 0.248378 0.051281 0.126445 -0.027756 -0.061722 -0.025040 0.339367 0.267889 -0.094087 -0.196213 -0.071974 -0.093251 0.179564 0.212967 -0.214522 0.054110 -0.219120 0.021055 0.360526 0.192428 0.383476 0.287707 0.084442 0.102596 1.000000 0.482918 -0.222167 -0.238206 -0.077740 -0.000586 -0.165965 -0.038177 -0.019059 0.023182 0.269160 0.186111 -0.073572 -0.049706 -0.189394 -0.066031 0.030934 -0.189438 -0.267122 -0.262648 -0.280523 -0.218179 0.092264 0.027450 -0.180066 -0.108360 -0.146028 -0.142337 0.257545 0.144233 0.109657 -0.010099 0.046588 0.050821 -0.074596 -0.189937 0.209754 0.341720 0.230336 0.177445 -0.048796 -0.091190 0.109405 0.131739 0.205518 0.381159 -0.005267 -0.032616 0.008493 -0.114504 0.010600 -0.152581 0.192447 0.064693 -0.082874 -0.038700 -0.231708 -0.178347 -0.316017 -0.305825 -0.070358 -0.120549 0.191880 -0.001559 0.021668 0.133872 -0.247638 -0.146808 -0.201343 -0.190267 -0.074330 0.037764 -0.027154 0.103994 -0.112495 -0.084256 0.042655 0.004756 -0.067933 0.003350 -0.029178 0.041465
0.002662 -0.015363 0.249654 0.079537 0.127367 0.138491 0.275853 0.112351 0.106955 0.138009 0.255637 0.178726 0.274938 0.136124 0.144409 0.152155 -0.089392 0.227309 -0.267472 -0.134117 0.101357 -0.050183 0.288085 0.191634 -0.005843 0.231293 -0.154916 0.123264 0.110245 0.133580 0.355058 0.080355 0.130963 -0.042273 0.482918 1.000000 -0.289361 -0.045390 -0.135118 0.051739 -0.159615 0.069054 0.018283 0.127293 0.328540 0.360764 0.027691 0.152132 -0.029306 0.184955 0.311223 0.157492 -0.182341 0.015616 -0.152741 -0.183980 -0.179359 -0.300215 -0.312658 -0.326087 -0.207072 -0.439074 -0.226252 -0.365401 0.203132 0.202415 0.060600 0.285170 -0.231812 -0.079559 0.167033 0.206860 0.091748 0.080585 0.122434 0.006773 0.260956 0.199686 -0.123637 -0.002655 -0.440107 -0.457755 -0.053889 -0.234023 -0.089651 -0.110635 0.183762 -0.163358 0.003783 -0.082721 -0.144576 -0.229757 -0.175177 -0.067854 -0.081042 -0.125136 0.137862 0.158861 -0.141446 -0.129258 -0.015033 0.009049 -0.018621 -0.043988 -0.072338 -0.008943 -0.240428 0.033953 -0.114097 0.052442 0.331836 -0.045319 -0.185138 -0.350490 -0.303005 -0.092483
