1.000000 0.103843 0.006944 -0.094284 -0.032897 -0.048178 0.024366 0.007791 0.001635 -0.095018 0.234533 0.076391 0.009002 -0.076333 0.143740 -0.050837 0.155746 0.009692 0.209424 0.043546 -0.276803 -0.022321 0.167774 0.118997 -0.130225 -0.186694 0.149106 0.029671 0.160984 0.067804 -0.007979 0.042042 0.072764 0.140823 -0.072807 -0.238798 -0.174679 -0.115265 -0.288709 -0.077459 0.001309 -0.149416 -0.285168 -0.250391 -0.262925 -0.337554 -0.337954 -0.289197 -0.064551 -0.213798 -0.210842 -0.184366 0.064040 -0.129824 -0.109558 -0.146422 0.270897 0.088550 0.323543 0.187162 0.325548 0.378342 0.023313 0.150026 -0.156219 0.037483 -0.000773 -0.159094 -0.098122 -0.055730 0.044580 -0.108369 0.047335 -0.155772 -0.184548 -0.061826 0.056764 0.140478 0.045043 -0.049090 -0.058978 -0.083969 0.220756 0.023557 -0.153807 -0.069372 0.076023 0.187629 0.236394 -0.098865 0.052024 0.050297 0.112890 0.401500 0.085998 0.147425 -0.207870 0.159017 -0.006689 0.121307 0.340159 0.268318 0.339394 0.041539 0.049383 -0.159285 0.273679 0.175819 0.256479 0.215661 -0.308099 -0.315878 -0.065482 0.120422 0.120813 0.053907
0.103843 1.000000 -0.118738 -0.141939 -0.420301 -0.346284 -0.211232 0.104460 -0.371867 -0.322382 -0.141404 0.028778 -0.091461 0.114304 -0.294531 -0.163427 -0.093491 0.081411 0.007432 0.280512 -0.042823 -0.176925 -0.167639 -0.184523 -0.396018 -0.398234 -0.292296 -0.385198 -0.440619 -0.277119 -0.254255 -0.343905 0.083217 -0.161093 -0.109043 0.187271 -0.211628 -0.296572 -0.165727 -0.006588 -0.078198 -0.299033 -0.232153 -0.122784 0.065996 0.106846 -0.087695 -0.125586 0.148486 0.032723 0.258965 0.046837 0.303174 0.150438 0.110503 -0.031081 0.205534 0.503972 0.314833 0.425445 0.014451 0.366644 -0.023793 0.211862 -0.175549 0.049598 0.281873 0.255516 0.481377 0.401912 -0.219861 -0.346414 -0.274969 -0.553347 -0.084798 -0.327332 -0.392127 -0.395021 -0.065267 -0.164259 0.017586 -0.051452 -0.090687 -0.156239 -0.284376 -0.052120 0.390862 0.027221 0.083246 0.175946 0.307342 0.336183 -0.035021 -0.082929 -0.149335 -0.029897 0.037963 0.070898 0.158485 0.093384 -0.150608 -0.096922 -0.128822 0.014938 -0.052559 -0.061987 0.141136 0.042593 -0.170342 -0.068646 0.085498 0.125346 0.163867 0.099729 0.123003 0.001716
0.006944 -0.118738 1.000000 0.260363 0.386621 0.022771 0.628089 0.459906 0.216618 0.049761 0.274701 -0.229939 0.183780 -0.088678 0.201883 0.038669 -0.485376 -0.393193 0.257660 -0.159447 -0.019011 0.246889 0.446067 0.335411 0.325723 0.098553 0.230102 0.237035 0.010118 -0.386791 0.129936 0.088116 -0.199277 -0.092041 0.060820 -0.013693 0.115631 -0.149693 -0.051108 0.044807 -0.051197 0.042322 -0.252693 -0.297705 -0.263461 -0.248766 -0.188614 -0.247610 -0.074064 -0.356788 0.067160 -0.129721 -0.025055 -0.136252 -0.118088 -0.469664 -0.514621 -0.303910 0.222346 0.058105 0.104056 -0.199001 -0.024875 -0.293894 0.236259 0.176074 0.346453 0.159441 -0.027985 -0.096364 0.054677 -0.013738 -0.149851 -0.015412 -0.185900 -0.173181 0.077503 0.033871 -0.531488 -0.504068 -0.445548 -0.366576 0.083702 -0.061327 -0.071063 -0.038807 0.082314 -0.143743 0.234446 -0.031052 -0.080605 -0.024311 0.017828 0.244919 0.085435 -0.267232 -0.247555 -0.288567 -0.268234 -0.511955 -0.187499 0.059998 -0.161565 0.089189 0.196638 0.030862 -0.118419 0.064212 -0.137993 -0.146973 -0.001089 -0.405096 -0.058440 -0.103503 0.055682 -0.244170
-0.094284 -0.141939 0.260363 1.000000 0.076582 0.342165 0.156061 0.511923 -0.060799 0.124912 0.023185 0.073681 -0.073133 0.056812 0.018595 0.159454 0.012448 -0.175921 0.327706 0.192560 -0.128750 0.091570 0.089533 0.262611 0.083389 0.298337 0.265035 0.245514 0.040506 -0.020448 0.169717 0.203196 -0.024422 0.270713 0.118329 -0.208829 -0.149437 -0.364934 -0.190666 -0.068912 0.020536 0.188191 -0.112673 -0.117055 -0.389639 -0.279938 -0.197438 -0.138453 -0.489133 -0.276462 -0.316907 -0.303377 -0.332803 -0.347089 -0.222964 -0.322049 -0.134129 -0.150789 -0.274179 -0.347250 0.075846 -0.030861 -0.162880 -0.493013 0.474948 0.338286 -0.324788 -0.185527 -0.066314 -0.112753 0.068390 -0.042919 -0.077646 -0.112603 0.015189 -0.048737 0.087000 0.100016 -0.095113 -0.263589 0.038884 0.043550 -0.009322 0.279848 0.107925 0.285978 -0.077107 -0.012528 -0.002509 0.165004 -0.182286 -0.238264 0.198624 0.003811 0.087635 0.211384 -0.089430 0.044402 -0.270199 -0.106698 0.125740 0.172710 0.123243 -0.050292 0.005345 -0.051245 0.101879 -0.075461 0.064884 0.132788 -0.100009 -0.259270 -0.279276 0.073215 0.031764 -0.287859
-0.032897 -0.420301 0.386621 0.076582 1.000000 0.400081 0.410487 0.117217 0.797291 0.470246 0.181357 -0.167299 -0.019265 -0.105262 0.598100 0.343958 -0.276485 -0.364210 0.264993 -0.253210 0.034794 -0.013476 0.258138 0.286960 0.547464 0.296102 0.455901 0.429949 0.407231 -0.126297 0.035132 0.167641 -0.244586 0.065874 0.194195 -0.185780 0.177237 0.136468 -0.114201 -0.206085 -0.054197 -0.078171 0.269314 0.183519 -0.156728 -0.177624 0.028347 0.117304 -0.061523 -0.102038 -0.056263 -0.134177 -0.127999 -0.080595 -0.121195 -0.128554 -0.488851 -0.550854 0.026057 -0.298469 0.221705 -0.120298 0.080809 -0.267423 -0.011817 -0.022834 -0.115915 -0.189972 -0.209441 -0.406503 0.326010 0.238844 0.256419 0.330263 -0.129600 0.251512 0.375826 0.327542 -0.390494 -0.017713 -0.335062 -0.358007 0.467227 0.222118 0.108060 0.024715 -0.102863 -0.033592 0.162776 0.124510 -0.097544 -0.081388 0.070370 0.188751 0.174960 -0.221466 -0.249324 -0.199392 -0.173293 -0.110724 -0.033942 0.197977 0.037161 -0.073808 0.079466 -0.095062 -0.013472 -0.108386 0.186801 -0.246176 -0.179923 -0.223793 0.192501 -0.014982 0.036603 -0.145507
-0.048178 -0.346284 0.022771 0.342165 0.400081 1.000000 -0.150826 -0.100838 0.337771 0.360617 0.179595 0.079797 -0.139105 -0.251702 0.452737 0.334311 0.060017 -0.101969 0.179770 0.101278 0.090513 0.154679 0.299755 0.271059 0.366476 0.726606 0.779933 0.797847 0.224573 0.191801 0.048302 0.206566 -0.219749 0.047860 0.213451 -0.075886 -0.053814 0.061943 -0.050720 -0.025714 0.044457 0.139592 0.148656 0.106204 -0.324844 -0.131277 -0.013771 0.059938 -0.392248 -0.207662 -0.321914 -0.251208 -0.214310 -0.173324 -0.015127 0.026737 -0.042338 -0.201296 -0.210782 -0.406911 -0.149768 -0.194943 -0.150863 -0.318277 -0.024521 -0.152182 -0.353518 -0.211508 -0.068266 -0.005506 0.344699 0.203835 -0.009553 0.323372 -0.207337 0.309022 0.243731 0.371158 0.002698 0.171422 -0.029507 0.046076 0.361023 0.357121 0.149240 0.088824 0.013395 0.179226 0.263517 0.295765 -0.246818 -0.245378 -0.032495 -0.060293 0.013070 0.313475 -0.002806 0.104876 -0.160493 0.203865 0.078157 -0.051063 0.076156 -0.157916 -0.088602 -0.190504 0.088529 -0.156933 0.337819 0.127767 0.048147 -0.174071 -0.212383 0.009008 -0.005623 -0.144802
0.024366 -0.211232 0.628089 0.156061 0.410487 -0.150826 1.000000 0.601898 0.312541 0.078355 0.102485 -0.117034 0.199565 0.115130 0.152217 0.122300 -0.394186 -0.399800 0.078580 -0.388397 -0.133819 0.100450 0.133150 0.198659 0.056490 -0.187039 0.142547 0.054346 0.027967 -0.283208 0.115112 0.146524 -0.140031 0.046456 -0.069091 -0.314715 0.136253 -0.156951 -0.131161 0.103976 -0.101292 0.030388 0.049193 -0.109735 -0.068837 -0.182110 -0.023306 0.003641 0.081381 -0.061375 -0.148128 0.018087 -0.165835 -0.057607 -0.312613 -0.331444 -0.430036 -0.394823 0.035235 -0.084255 0.287534 -0.129522 0.038214 -0.217532 0.105682 0.110792 0.084640 -0.082836 -0.185419 -0.381664 -0.004661 -0.123069 -0.082257 -0.058863 -0.173102 -0.286711 0.007843 -0.036330 -0.479276 -0.468929 -0.349022 -0.351116 0.147282 0.170820 -0.097693 -0.006896 -0.119345 -0.087334 0.025546 -0.110147 0.019220 0.028942 0.139616 0.271839 0.179671 -0.305667 -0.315983 -0.339643 -0.161326 -0.386260 -0.175113 0.212232 -0.044978 0.111627 0.255020 0.099272 -0.117879 0.115664 -0.113542 -0.221690 -0.216606 -0.371587 0.149801 -0.122542 0.042617 -0.174700
0.007791 0.104460 0.459906 0.511923 0.117217 -0.100838 0.601898 1.000000 0.060705 0.188825 -0.056843 0.118846 0.062900 0.262695 -0.182657 0.128545 -0.192064 -0.313534 0.072131 -0.126878 -0.179143 0.082792 -0.163089 -0.095759 -0.232854 -0.282521 0.027504 -0.141488 -0.180645 -0.220321 -0.011027 -0.079918 0.108491 0.175348 -0.125611 -0.294161 -0.142266 -0.384685 -0.246705 0.107137 -0.042801 -0.150323 -0.122598 -0.181376 -0.127312 -0.210218 -0.114282 -0.191239 -0.107856 -0.044849 -0.207377 -0.124344 -0.253434 -0.340096 -0.247820 -0.360416 -0.216861 -0.134110 -0.019166 -0.064687 0.400512 0.155794 0.019171 -0.307762 0.342943 0.491176 -0.027006 -0.122559 -0.154446 -0.166947 0.032604 -0.094195 -0.286471 -0.269477 -0.301644 -0.369289 -0.098262 -0.120194 -0.236199 -0.353858 -0.064377 -0.108645 -0.029207 0.056611 -0.329058 -0.010610 -0.025484 -0.172372 -0.015325 -0.158057 0.106403 0.026514 0.284759 0.133354 0.398662 -0.001656 -0.109792 0.078865 -0.106113 -0.154615 0.042106 0.236058 0.080204 0.165409 0.129509 -0.001707 0.020450 0.012958 -0.048640 0.058066 -0.270431 -0.300843 -0.014102 -0.102598 0.045977 -0.039641
0.001635 -0.371867 0.216618 -0.060799 0.797291 0.337771 0.312541 0.060705 1.000000 0.621011 0.260943 0.022524 0.247220 0.153676 0.585220 0.451598 -0.143716 -0.291346 0.098294 -0.268724 0.016919 -0.021736 0.029776 -0.041246 0.279329 0.126733 0.283030 0.291835 0.502459 0.014542 -0.134003 -0.005238 0.052028 0.176316 0.181007 -0.160978 0.267298 0.229832 -0.080723 -0.127009 -0.013024 -0.059216 0.366874 0.311865 -0.114865 -0.142640 0.285233 0.284562 -0.133794 -0.038169 -0.112649 -0.231524 -0.003529 -0.035555 0.077396 0.057021 -0.394985 -0.491206 -0.005035 -0.401088 0.391257 0.057316 0.173803 -0.111077 -0.085957 0.071850 -0.235956 -0.399074 -0.282772 -0.394236 0.312973 0.270244 0.401026 0.310225 -0.085576 0.212017 0.291638 0.325208 -0.126550 0.214552 -0.135807 -0.159969 0.289944 0.104584 0.082749 0.004092 -0.072499 -0.119075 0.063252 0.052118 -0.118698 -0.122118 -0.044503 0.065932 0.205832 -0.137856 -0.009155 -0.117179 -0.114065 -0.011951 -0.156318 0.011354 -0.099543 -0.143978 -0.037526 -0.140640 -0.022249 -0.112946 0.184410 -0.215750 -0.201782 -0.083856 0.093684 -0.029828 -0.051402 -0.097158
-0.095018 -0.322382 0.049761 0.124912 0.470246 0.360617 0.078355 0.188825 0.621011 1.000000 0.050499 0.375103 0.332634 0.377726 0.261429 0.673902 0.031370 -0.093042 -0.193801 -0.021746 0.020438 -0.002157 -0.320727 -0.393970 0.011807 0.046122 0.052497 0.060245 0.392282 0.296241 -0.176735 -0.209247 0.222993 0.265726 0.079573 -0.040716 0.155052 0.276713 0.106801 0.007462 -0.054718 0.073993 0.356459 0.348026 0.003280 -0.034242 0.269940 0.237085 -0.119619 0.143981 -0.121759 -0.167920 -0.067850 -0.113479 0.164636 0.209840 -0.146349 -0.326414 -0.256902 -0.424086 0.285875 0.122730 0.025122 -0.200306 0.018386 0.416245 -0.409270 -0.294362 -0.178893 -0.076410 0.228064 0.246228 0.219921 0.218670 -0.167968 0.172610 0.126751 0.183692 0.096601 0.393860 0.058574 0.110811 -0.076715 -0.002390 -0.118856 -0.122253 0.006048 -0.126594 -0.148632 -0.131755 -0.040515 -0.154404 0.109180 -0.143448 0.234552 0.113791 0.161454 0.134910 -0.095445 0.144974 -0.006071 -0.127737 -0.121014 -0.229622 -0.327223 -0.286849 -0.068453 -0.295187 0.077356 -0.035979 -0.058856 0.090500 0.018624 -0.059753 -0.123554 -0.097781
0.234533 -0.141404 0.274701 0.023185 0.181357 0.179595 0.102485 -0.056843 0.260943 0.050499 1.000000 0.267283 0.493593 0.183662 0.424619 0.247214 -0.152760 -0.116295 0.247162 -0.104113 -0.055374 -0.133900 0.432225 0.319695 0.171279 0.286722 0.262467 0.305752 0.352189 -0.106596 0.149299 0.175254 -0.024355 -0.003620 0.065631 0.027490 -0.095668 -0.136507 -0.096788 -0.198621 -0.101554 0.099766 -0.110183 -0.012905 -0.109502 -0.048382 -0.191450 -0.032257 -0.046999 -0.180336 0.083379 -0.117601 -0.027647 -0.063117 0.069577 -0.204128 -0.347777 -0.447771 0.020073 -0.327314 0.073591 -0.276123 0.012513 -0.318385 -0.028751 -0.041392 -0.139025 0.017539 -0.099876 -0.200115 0.018175 0.010348 0.117587 0.040897 -0.059303 0.120675 -0.010509 0.143033 -0.165210 -0.070156 -0.312792 -0.212121 0.214856 0.079172 0.123184 0.046703 0.218554 0.057043 0.196680 0.163984 -0.041932 0.051021 -0.076523 -0.078978 -0.089155 -0.083004 -0.148403 -0.270333 -0.043837 -0.162766 -0.246305 -0.000466 -0.114046 -0.185085 -0.074798 -0.182729 -0.066089 0.026809 0.070920 -0.133754 0.025808 -0.223775 -0.235440 -0.079109 0.018666 -0.134742
0.076391 0.028778 -0.229939 0.073681 -0.167299 0.079797 -0.117034 0.118846 0.022524 0.375103 0.267283 1.000000 0.503382 0.588273 -0.185653 0.361736 0.311498 0.328697 -0.296659 0.040533 -0.027523 -0.148055 -0.381388 -0.420630 -0.325376 -0.123391 -0.169424 -0.166549 0.050810 0.425990 -0.086171 -0.215124 0.224535 0.168691 -0.064656 0.083156 -0.069008 0.007619 0.150999 -0.013288 0.056931 0.174380 -0.037996 0.049343 0.024072 -0.006690 0.026825 0.021736 -0.061047 0.112895 -0.162717 -0.081250 -0.035225 -0.096918 0.248434 0.088579 0.093287 -0.078297 -0.299432 -0.397997 0.141365 0.112234 0.000203 -0.167798 -0.057818 0.326669 -0.365932 -0.141066 -0.203192 0.017572 0.072172 0.051653 0.139710 0.001722 -0.141359 0.071835 -0.169226 -0.008907 0.300701 0.259028 0.172182 0.227524 -0.200155 0.115124 -0.213524 0.082443 0.280641 0.061002 -0.171423 -0.028930 0.197111 0.048678 0.208406 -0.013218 -0.109367 0.244468 0.151883 0.062452 0.084418 0.167036 0.078226 -0.110600 0.061470 -0.121360 -0.251963 -0.192828 -0.039603 -0.184715 0.040990 0.074136 0.027958 0.134069 -0.103616 -0.184626 -0.177557 -0.037041
0.009002 -0.091461 0.183780 -0.073133 -0.019265 -0.139105 0.199565 0.062900 0.247220 0.332634 0.493593 0.503382 1.000000 0.703135 -0.028723 0.317499 0.093828 0.174590 -0.089511 -0.112736 -0.017846 0.041152 -0.227106 -0.426791 -0.236297 -0.203330 -0.231602 -0.238538 0.129179 0.196250 -0.099344 -0.300692 0.304976 0.074971 -0.163448 0.080398 0.147870 0.195721 0.244193 0.118157 -0.007193 0.370860 -0.162383 -0.107775 -0.070022 -0.119463 0.023888 -0.048407 -0.016044 -0.117651 0.065891 -0.126990 0.184382 -0.056924 0.311659 0.025187 -0.165314 -0.171215 -0.006603 -0.300872 0.273615 -0.054100 0.288837 -0.079940 -0.098278 0.346641 -0.050603 -0.038112 -0.090417 0.071291 -0.105608 0.022250 0.197004 0.043347 0.016062 -0.039948 -0.162805 -0.037881 0.107352 0.101601 0.034571 0.172019 -0.355819 -0.114785 -0.107079 -0.024895 0.304348 -0.107272 -0.098874 -0.085122 0.108110 0.041056 -0.133029 -0.110225 -0.120308 -0.045109 0.140430 -0.111401 0.018395 -0.146893 -0.262389 -0.191604 -0.222328 -0.048869 -0.182182 -0.081700 -0.255234 -0.171856 -0.212165 -0.008009 0.163879 0.013392 -0.001205 -0.319088 -0.224102 -0.123969
-0.076333 0.114304 -0.088678 0.056812 -0.105262 -0.251702 0.115130 0.262695 0.153676 0.377726 0.183662 0.588273 0.703135 1.000000 -0.242468 0.365725 0.183135 0.219035 -0.191638 -0.129840 -0.020772 -0.054002 -0.544475 -0.593423 -0.450248 -0.390042 -0.447029 -0.466417 0.061815 0.184827 -0.213112 -0.351186 0.475271 0.236088 -0.144416 0.020092 0.129991 0.100307 0.265856 0.187816 0.016608 0.258075 -0.124872 -0.098848 -0.091524 -0.200761 0.057913 -0.078881 -0.047213 -0.018285 0.015367 -0.148434 0.267723 -0.061230 0.321038 0.176068 -0.061456 -0.098805 -0.047916 -0.314569 0.468242 0.259232 0.342851 0.068522 0.088739 0.610351 -0.147489 -0.208362 -0.103767 0.057644 -0.093312 0.044611 0.138837 -0.094281 0.123616 -0.036398 -0.100931 -0.069319 0.214337 0.192349 0.153716 0.219438 -0.423657 -0.148210 -0.249169 -0.102699 0.155693 -0.286705 -0.224329 -0.090037 0.175826 0.052219 -0.039797 -0.225207 0.049209 -0.031778 0.203427 -0.034306 0.033400 -0.147113 -0.156688 -0.106826 -0.172124 0.087498 -0.178276 0.007576 -0.164624 -0.081708 -0.267952 -0.033492 -0.019447 -0.015643 -0.046445 -0.283725 -0.271928 -0.076422
0.143740 -0.294531 0.201883 0.018595 0.598100 0.452737 0.152217 -0.182657 0.585220 0.261429 0.424619 -0.185653 -0.028723 -0.242468 1.000000 0.426968 -0.246223 -0.346892 0.242059 -0.060140 -0.052391 -0.000333 0.550926 0.498015 0.409843 0.434992 0.522866 0.584760 0.709091 -0.059199 0.092308 0.270369 -0.222712 0.135746 0.386130 -0.021559 0.270574 0.163880 -0.238895 -0.271920 -0.005230 -0.038239 0.257593 0.219819 -0.243747 -0.134448 -0.024883 0.205682 -0.280636 -0.169036 -0.119834 -0.259254 -0.145166 -0.042042 -0.163216 -0.094633 -0.300330 -0.373400 -0.036468 -0.243475 0.073089 -0.057417 -0.217924 -0.148400 -0.136856 -0.238742 -0.217905 -0.234731 -0.087346 -0.412141 0.210176 0.046758 0.275090 0.192675 -0.085095 0.357061 0.374495 0.433427 -0.238853 -0.036711 -0.283605 -0.295616 0.636540 0.301688 0.385184 0.087925 -0.084914 0.151884 0.258233 0.211491 -0.372367 -0.199788 -0.190985 0.030855 0.059983 -0.141082 -0.280107 -0.202504 -0.299515 -0.048433 -0.082577 0.084861 -0.008158 -0.313271 0.045923 -0.221774 0.131275 0.057615 0.384733 -0.201803 -0.188576 -0.293447 -0.031777 0.318053 0.197096 -0.173642
-0.050837 -0.163427 0.038669 0.159454 0.343958 0.334311 0.122300 0.128545 0.451598 0.673902 0.247214 0.361736 0.317499 0.365725 0.426968 1.000000 0.165246 -0.140448 -0.052907 0.047444 0.001938 0.115952 -0.248400 -0.144775 -0.122872 0.026475 0.224806 0.196159 0.472397 0.187304 -0.265407 -0.265947 0.140389 0.297023 0.075357 -0.033171 0.273947 0.195411 -0.057691 -0.052667 -0.002757 0.213653 0.201269 0.179691 -0.228677 -0.220174 0.063538 0.146135 -0.274287 -0.092317 -0.159444 -0.243265 -0.073914 -0.113948 0.032504 0.044373 -0.110514 -0.254712 -0.310666 -0.410363 0.231480 0.191130 -0.064201 -0.148288 -0.221968 0.244412 -0.399785 -0.346370 -0.064781 -0.196015 0.233083 0.149258 0.188500 0.123341 -0.135731 0.198560 0.196204 0.351998 0.007951 0.161785 0.117904 0.158599 0.104074 0.378732 -0.039004 0.257666 0.045266 0.139360 -0.171689 0.033812 -0.108393 -0.235542 0.016822 -0.194381 0.140990 0.022222 -0.051107 0.014160 -0.179044 0.050464 0.020363 -0.041589 -0.023964 -0.223580 -0.166363 -0.226536 0.103950 -0.065846 0.215468 -0.097878 -0.053176 -0.109404 -0.131585 0.104255 0.034504 -0.225429
0.155746 -0.093491 -0.485376 0.012448 -0.276485 0.060017 -0.394186 -0.192064 -0.143716 0.031370 -0.152760 0.311498 0.093828 0.183135 -0.246223 0.165246 1.000000 0.465655 -0.062300 0.207359 -0.111482 0.084151 -0.452914 -0.335311 -0.339514 -0.206123 -0.017105 -0.106021 0.024804 0.397338 -0.218940 -0.331578 0.276904 0.224718 -0.204899 -0.144308 0.086092 0.169266 0.041506 0.054209 0.223510 0.138560 -0.202945 -0.210508 -0.203946 -0.236861 -0.103710 -0.166485 -0.209751 -0.090557 -0.273075 -0.222619 -0.033307 -0.169317 0.063504 0.118894 0.666531 0.420183 -0.221133 -0.179381 0.118253 0.171260 0.287365 0.205630 -0.275793 0.002804 -0.208743 -0.239354 0.012306 0.105407 0.073127 0.104851 0.207462 0.207822 0.110192 0.152154 0.134113 0.143467 0.538629 0.430322 0.586145 0.613163 -0.222180 0.146192 -0.084695 0.182307 0.001323 0.118583 -0.214260 -0.178855 -0.005869 -0.148356 0.027495 -0.029096 -0.061744 0.367062 0.098642 0.272759 0.122333 0.306777 0.330490 0.146050 0.358000 0.249260 -0.005289 0.048550 0.101713 -0.044142 0.255583 0.375432 0.008110 0.131815 -0.179280 0.080215 -0.037501 0.167814
0.009692 0.081411 -0.393193 -0.175921 -0.364210 -0.101969 -0.399800 -0.313534 -0.291346 -0.093042 -0.116295 0.328697 0.174590 0.219035 -0.346892 -0.140448 0.465655 1.000000 -0.065384 0.278068 0.227825 -0.127143 -0.322433 -0.347981 -0.172074 -0.138540 -0.299201 -0.298353 -0.104391 0.551699 0.098329 -0.037745 0.262332 0.057225 -0.149114 -0.003754 0.030973 0.213061 0.321730 0.094050 0.241450 0.295893 -0.327855 -0.314528 -0.067278 -0.169724 0.015211 -0.282202 -0.073065 -0.071593 -0.052484 -0.022301 0.299930 0.083371 0.360721 0.341773 0.438362 0.374667 -0.208040 -0.074353 -0.161140 0.072948 0.311861 0.319230 -0.010122 -0.158814 -0.092742 -0.103904 0.052429 0.374961 -0.063610 0.072442 0.240135 0.318381 0.460869 0.261303 0.014613 -0.068984 0.532562 0.468964 0.523422 0.647131 -0.234597 -0.054302 0.040942 -0.100124 0.251382 -0.035553 0.064290 -0.026775 0.123229 -0.072956 -0.279666 -0.155142 -0.394847 0.439889 0.320648 0.213440 0.139659 0.246068 -0.022520 -0.337811 -0.092463 -0.039951 -0.353913 -0.133436 -0.275060 -0.325790 0.126309 0.318272 0.067965 0.322561 -0.158446 -0.287309 -0.415019 0.145159
0.209424 0.007432 0.257660 0.327706 0.264993 0.179770 0.078580 0.072131 0.098294 -0.193801 0.247162 -0.296659 -0.089511 -0.191638 0.242059 -0.052907 -0.062300 -0.065384 1.000000 0.283717 0.059734 0.100419 0.264466 0.385172 0.242935 0.224659 0.372481 0.248866 0.148499 -0.115338 0.163224 0.232792 -0.023991 0.093370 -0.003770 -0.284856 -0.150723 -0.242132 -0.172266 -0.131103 0.114089 0.098046 -0.350435 -0.352750 -0.480908 -0.415892 -0.344287 -0.357857 -0.325957 -0.466712 -0.116411 -0.230715 -0.014783 -0.098583 -0.177828 -0.237382 -0.152728 -0.133278 0.098352 -0.070780 0.097756 0.057494 0.198308 -0.142490 -0.047403 -0.121738 -0.026552 -0.065782 0.001779 -0.010739 0.119612 0.065417 0.084441 -0.040211 0.034520 0.148804 0.123451 0.197254 -0.146225 -0.239340 -0.097450 -0.053565 0.357096 0.347379 0.157832 0.220021 0.017896 0.259917 0.214154 0.191819 -0.013597 0.073801 -0.050962 0.043340 0.123374 0.120760 -0.173188 0.102401 -0.209588 -0.133632 -0.050239 0.174776 0.084194 0.012199 0.022590 -0.113381 0.074224 0.016804 0.129018 0.197911 -0.163496 -0.243335 -0.210119 -0.027595 0.096808 -0.089202
0.043546 0.280512 -0.159447 0.192560 -0.253210 0.101278 -0.388397 -0.126878 -0.268724 -0.021746 -0.104113 0.040533 -0.112736 -0.129840 -0.060140 0.047444 0.207359 0.278068 0.283717 1.000000 0.224794 0.162258 -0.158292 -0.076653 -0.080634 0.083002 -0.020617 -0.088136 -0.011713 0.361936 0.084002 0.038860 0.141739 0.104030 0.099348 0.050057 -0.286916 -0.165251 -0.190787 -0.205645 0.172648 0.110292 -0.240968 -0.102163 -0.248140 -0.175890 -0.052463 -0.244018 -0.344366 -0.214593 -0.157156 -0.176508 -0.101115 -0.033889 -0.117871 -0.082442 0.393046 0.375833 -0.294278 -0.081064 -0.306944 0.173637 -0.246989 -0.069518 -0.184109 -0.182401 -0.201456 0.043639 0.260760 0.554506 0.037458 0.072280 0.022146 0.010662 0.011033 0.199578 -0.152577 -0.023651 0.404466 0.111854 0.431836 0.470511 -0.151381 0.205117 0.268424 0.287803 0.136831 0.255018 -0.137964 -0.113425 -0.064013 -0.106935 -0.040464 -0.186306 0.044831 0.518740 0.062504 0.417847 -0.238961 0.297206 0.090958 -0.193649 0.029959 -0.329273 -0.321066 -0.308419 0.107949 -0.188354 0.137497 0.290755 -0.133098 0.247174 -0.193024 0.344574 0.332657 0.030591
-0.276803 -0.042823 -0.019011 -0.128750 0.034794 0.090513 -0.133819 -0.179143 0.016919 0.020438 -0.055374 -0.027523 -0.017846 -0.020772 -0.052391 0.001938 -0.111482 0.227825 0.059734 0.224794 1.000000 0.314804 -0.080588 -0.050208 0.067233 0.167569 -0.081058 -0.062015 -0.019755 0.105971 0.156361 0.152641 0.051002 -0.077704 0.153283 0.118322 -0.002401 0.116588 0.202093 -0.013928 0.284252 0.140716 0.029217 0.000786 -0.097045 -0.075594 0.183666 -0.000124 -0.120616 -0.138677 -0.038125 0.061518 0.206304 0.213159 0.174240 0.158431 -0.065272 -0.110252 -0.103777 -0.141132 -0.195189 -0.025440 0.086012 0.055723 -0.130830 -0.188055 -0.076582 -0.090763 -0.121270 0.158313 0.243702 0.342956 -0.068733 0.320040 -0.026450 0.343361 0.220550 0.190536 0.044246 0.084465 0.131629 0.231335 -0.130716 0.010489 0.033853 0.033529 -0.026514 -0.031165 -0.161890 0.015950 0.088377 0.051738 -0.116258 -0.034484 -0.023650 0.297811 0.299943 0.108329 0.029215 0.120772 0.040180 -0.258317 -0.084261 -0.131010 -0.250075 -0.090341 -0.113282 -0.229892 -0.046378 0.156278 0.146209 0.161505 -0.086493 -0.071370 -0.143174 -0.125248
-0.022321 -0.176925 0.246889 0.091570 -0.013476 0.154679 0.100450 0.082792 -0.021736 -0.002157 -0.133900 -0.148055 0.041152 -0.054002 -0.000333 0.115952 0.084151 -0.127143 0.100419 0.162258 0.314804 1.000000 -0.012486 -0.001195 0.044781 0.131221 0.223966 0.180879 0.014146 -0.000851 -0.048911 0.106760 0.124267 0.143364 -0.013615 -0.054690 0.200812 0.104142 0.154785 0.165557 0.377544 0.147122 -0.181424 -0.210466 -0.475107 -0.396588 0.053661 -0.237118 -0.433603 -0.450905 -0.374140 -0.280131 -0.099304 -0.187512 -0.095012 -0.091948 -0.032432 -0.021828 -0.170630 -0.120214 0.021036 0.061269 -0.089485 -0.027016 0.019805 -0.003813 -0.000787 -0.187086 -0.268882 0.150672 0.381457 0.469674 -0.083716 0.123602 -0.314303 0.152470 0.268204 0.414005 0.118989 -0.108486 0.204440 0.294223 0.018168 0.093874 0.177243 0.181867 -0.199567 0.119630 -0.057283 -0.181121 -0.212862 -0.227279 -0.101977 0.151245 0.173616 0.285453 0.202470 0.244829 -0.412930 -0.190838 0.201196 0.009678 0.132485 0.238696 0.145683 0.117372 0.050818 0.048386 0.093189 0.387138 0.014247 -0.157176 -0.247780 -0.089360 0.073152 -0.148852
0.167774 -0.167639 0.446067 0.089533 0.258138 0.299755 0.133150 -0.163089 0.029776 -0.320727 0.432225 -0.381388 -0.227106 -0.544475 0.550926 -0.248400 -0.452914 -0.322433 0.264466 -0.158292 -0.080588 -0.012486 1.000000 0.838533 0.624402 0.590847 0.475725 0.601864 0.193177 -0.299404 0.361919 0.514692 -0.516469 -0.217620 0.322902 0.142684 -0.067304 -0.184389 -0.168306 -0.252319 -0.090487 -0.101054 -0.063496 -0.030437 -0.123145 0.055603 -0.324059 -0.053720 -0.038227 -0.208244 0.149277 -0.014253 -0.131838 0.000675 -0.222527 -0.370820 -0.364154 -0.269626 0.189657 0.057239 -0.292718 -0.431241 -0.321707 -0.305723 0.196841 -0.327127 0.198089 0.244547 0.025723 -0.220078 0.067037 -0.077768 -0.058049 0.120604 -0.016036 0.108172 0.188756 0.169522 -0.443778 -0.296503 -0.577291 -0.531194 0.514578 0.036006 0.300338 -0.066913 0.020194 0.051010 0.436356 0.260370 -0.268533 -0.014946 -0.071164 0.187022 -0.136067 -0.186137 -0.362614 -0.358610 -0.236476 -0.243721 -0.095455 0.099334 -0.017604 -0.116560 0.155058 -0.061713 0.022986 0.094820 0.119821 -0.145067 0.074678 -0.389076 -0.096852 0.162312 0.144071 -0.168031
0.118997 -0.184523 0.335411 0.262611 0.286960 0.271059 0.198659 -0.095759 -0.041246 -0.393970 0.319695 -0.420630 -0.426791 -0.593423 0.498015 -0.144775 -0.335311 -0.347981 0.385172 -0.076653 -0.050208 -0.001195 0.838533 1.000000 0.587749 0.541460 0.502932 0.559465 0.190265 -0.302033 0.391964 0.598908 -0.520187 -0.105126 0.195709 -0.081140 -0.072516 -0.264034 -0.303662 -0.301578 0.006305 -0.031658 -0.036609 -0.055250 -0.167978 -0.020853 -0.359535 -0.050215 -0.063701 -0.199611 0.018459 0.025503 -0.240767 0.021756 -0.418015 -0.431168 -0.271874 -0.276153 0.033140 0.005742 -0.293206 -0.363467 -0.315552 -0.329445 0.130335 -0.402882 0.033806 0.131267 0.039687 -0.361462 0.016628 -0.144708 -0.029280 0.059803 0.023467 0.074366 0.224888 0.162027 -0.506342 -0.363123 -0.473732 -0.473923 0.544277 0.299913 0.302293 0.140217 -0.119042 0.141800 0.288244 0.275938 -0.202277 -0.039404 0.085233 0.204546 -0.166368 -0.131578 -0.466299 -0.385205 -0.211223 -0.231451 0.042453 0.242446 0.141553 -0.076759 0.218018 0.012900 0.134924 0.172256 0.145967 -0.198481 -0.041109 -0.408527 -0.130775 0.255631 0.280403 -0.268952
-0.130225 -0.396018 0.325723 0.083389 0.547464 0.366476 0.056490 -0.232854 0.279329 0.011807 0.171279 -0.325376 -0.236297 -0.450248 0.409843 -0.122872 -0.339514 -0.172074 0.242935 -0.080634 0.067233 0.044781 0.624402 0.587749 1.000000 0.716886 0.364371 0.513793 0.226761 -0.146783 0.429367 0.479000 -0.464718 -0.059427 0.336579 0.133444 0.047960 0.021311 -0.047885 -0.338055 -0.120221 -0.110378 0.062289 0.076358 -0.098648 0.018532 -0.020828 -0.028921 -0.030330 -0.106907 0.212355 -0.001935 -0.145551 0.115819 -0.149504 -0.197396 -0.430085 -0.371968 -0.059756 -0.140107 -0.288009 -0.389747 -0.170470 -0.272466 0.260725 -0.226840 0.030741 0.151656 -0.108906 -0.167190 0.190684 0.189471 0.225521 0.270360 0.053737 0.260865 0.335783 0.278918 -0.334726 -0.031806 -0.360875 -0.322920 0.308037 0.002851 0.429638 -0.025357 -0.085362 -0.127462 0.149189 0.069966 -0.293996 -0.170991 -0.059474 0.047420 -0.111801 -0.119544 -0.252091 -0.333519 -0.382343 -0.300463 -0.061437 -0.055485 -0.102175 -0.143548 0.071932 0.004464 -0.150635 -0.160322 0.101830 -0.189659 0.023826 -0.162042 -0.069686 -0.024273 0.036794 -0.152694
-0.186694 -0.398234 0.098553 0.298337 0.296102 0.726606 -0.187039 -0.282521 0.126733 0.046122 0.286722 -0.123391 -0.203330 -0.390042 0.434992 0.026475 -0.206123 -0.138540 0.224659 0.083002 0.167569 0.131221 0.590847 0.541460 0.716886 1.000000 0.551827 0.738397 0.247398 0.023389 0.350670 0.500656 -0.387136 -0.009248 0.441245 0.170659 -0.090327 -0.029535 -0.028703 -0.254648 -0.071216 0.080444 0.093971 0.124834 -0.203133 0.049466 -0.070828 0.021839 -0.340139 -0.199109 -0.045148 -0.139778 -0.297932 -0.083179 -0.122978 -0.150276 -0.259204 -0.282667 -0.233871 -0.352549 -0.384142 -0.433576 -0.322298 -0.379205 0.213957 -0.213874 -0.187756 0.119883 -0.114575 -0.029588 0.241473 0.199913 0.023886 0.303104 -0.018381 0.345786 0.286830 0.379259 -0.116971 -0.006142 -0.176868 -0.116102 0.304039 0.184638 0.478903 0.136051 -0.059169 0.058245 0.123339 0.240996 -0.380960 -0.256759 -0.092104 -0.138254 -0.099078 0.132792 -0.130928 -0.183326 -0.360233 -0.113925 0.002336 -0.126334 -0.023628 -0.251249 -0.049121 -0.102297 0.013911 -0.117689 0.170277 -0.046820 0.168455 -0.151821 -0.309774 0.044916 0.078004 -0.205184
0.149106 -0.292296 0.230102 0.265035 0.455901 0.779933 0.142547 0.027504 0.283030 0.052497 0.262467 -0.169424 -0.231602 -0.447029 0.522866 0.224806 -0.017105 -0.299201 0.372481 -0.020617 -0.081058 0.223966 0.475725 0.502932 0.364371 0.551827 1.000000 0.903635 0.159601 -0.099770 0.052838 0.232900 -0.301022 0.057652 0.122978 -0.258006 -0.069997 -0.121928 -0.224164 -0.037158 -0.023944 -0.013049 0.035984 -0.065352 -0.402122 -0.257464 -0.162191 -0.044272 -0.345600 -0.336859 -0.378711 -0.329961 -0.390667 -0.315322 -0.242129 -0.224876 -0.065986 -0.157655 -0.051534 -0.224811 -0.037554 -0.162510 -0.095665 -0.250751 -0.094309 -0.296325 -0.176699 -0.205356 -0.026832 -0.159085 0.347216 0.108894 -0.089321 0.224291 -0.311312 0.166893 0.257452 0.382546 -0.184651 -0.131204 -0.151311 -0.131349 0.574113 0.471712 0.210254 0.166694 -0.091825 0.298439 0.380655 0.254259 -0.269851 -0.254482 -0.024867 0.153660 0.082442 0.126004 -0.177271 0.011242 -0.183829 0.044068 0.101588 0.276532 0.240436 0.068937 0.263621 -0.015298 0.199710 0.120470 0.404741 0.067055 -0.053454 -0.332337 -0.195552 0.060290 0.152970 -0.065673
0.029671 -0.385198 0.237035 0.245514 0.429949 0.797847 0.054346 -0.141488 0.291835 0.060245 0.305752 -0.166549 -0.238538 -0.466417 0.584760 0.196159 -0.106021 -0.298353 0.248866 -0.088136 -0.062015 0.180879 0.601864 0.559465 0.513793 0.738397 0.903635 1.000000 0.255222 -0.130940 0.096674 0.298865 -0.375759 0.028430 0.335756 -0.031795 0.017102 -0.064114 -0.128260 -0.079346 -0.069687 -0.001407 0.133097 0.065115 -0.332422 -0.111790 -0.065607 0.076500 -0.376745 -0.295645 -0.290097 -0.304230 -0.375665 -0.240966 -0.189720 -0.194046 -0.182732 -0.218998 -0.128908 -0.283504 -0.172427 -0.306547 -0.216022 -0.266667 0.035697 -0.294922 -0.168582 -0.100459 -0.078057 -0.183236 0.329926 0.157646 -0.052183 0.266729 -0.194040 0.233122 0.359057 0.447895 -0.193012 -0.131946 -0.213733 -0.182379 0.522396 0.342924 0.363327 0.180931 -0.082889 0.234678 0.307414 0.295089 -0.420860 -0.316401 -0.099339 0.067613 -0.000231 0.008829 -0.177438 -0.149867 -0.266452 -0.084577 0.002917 0.135502 0.083941 -0.057234 0.204449 -0.001050 0.161572 0.145976 0.333521 -0.065512 0.069310 -0.278493 -0.280335 0.049907 0.136344 -0.133827
0.160984 -0.440619 0.010118 0.040506 0.407231 0.224573 0.027967 -0.180645 0.502459 0.392282 0.352189 0.050810 0.129179 0.061815 0.709091 0.472397 0.024804 -0.104391 0.148499 -0.011713 -0.019755 0.014146 0.193177 0.190265 0.226761 0.247398 0.159601 0.255222 1.000000 0.229060 0.138558 0.290411 0.083584 0.342509 0.475733 -0.024253 0.344335 0.235550 -0.202487 -0.366272 0.163390 0.085756 0.219632 0.253319 -0.259297 -0.258382 0.009508 0.203548 -0.390410 -0.174943 -0.205945 -0.363976 -0.167232 -0.160307 -0.108330 0.056900 -0.198139 -0.414400 -0.223153 -0.425129 0.243375 0.145412 0.005228 -0.018783 -0.071421 -0.016360 -0.352048 -0.375519 -0.380224 -0.423357 0.300690 0.302650 0.557347 0.268493 0.043846 0.446320 0.421482 0.531529 0.186117 0.181646 0.063137 0.072132 0.313842 0.242621 0.348025 0.186719 -0.248502 -0.033250 -0.099377 -0.133261 -0.399811 -0.315560 -0.149488 -0.037750 0.146550 0.051207 -0.081481 -0.065178 -0.413522 0.034429 0.045600 0.016573 0.019428 -0.443994 -0.217668 -0.331736 0.237685 0.040231 0.446240 -0.096315 -0.277234 -0.225045 -0.212946 0.307408 0.124167 -0.103866
0.067804 -0.277119 -0.386791 -0.020448 -0.126297 0.191801 -0.283208 -0.220321 0.014542 0.296241 -0.106596 0.425990 0.196250 0.184827 -0.059199 0.187304 0.397338 0.551699 -0.115338 0.361936 0.105971 -0.000851 -0.299404 -0.302033 -0.146783 0.023389 -0.099770 -0.130940 0.229060 1.000000 0.041601 0.053100 0.231903 0.095907 -0.124703 -0.121165 -0.010031 0.268756 0.102580 -0.072090 0.306876 0.455676 -0.030536 -0.007128 -0.098591 -0.184894 -0.008658 -0.080029 -0.141533 0.033145 -0.246951 -0.027394 -0.034738 -0.019169 0.032390 0.200405 0.399909 0.076023 -0.328342 -0.293331 -0.114272 0.087633 -0.009718 -0.013646 -0.095596 -0.050644 -0.400559 -0.286742 -0.125985 0.180154 0.075442 0.149837 0.301757 0.486259 0.155677 0.333898 -0.022053 0.095226 0.606932 0.592713 0.459576 0.592100 -0.193070 0.239225 0.036798 0.090168 0.014554 0.092395 -0.111857 -0.232455 0.087355 -0.143225 0.014468 -0.025850 0.019463 0.551789 0.154856 0.394664 -0.051141 0.478058 0.259891 -0.159526 0.142272 -0.206185 -0.432491 -0.372192 -0.102558 -0.402498 0.216206 0.377597 -0.119670 0.162701 -0.091550 0.038162 -0.199187 0.055276
-0.007979 -0.254255 0.129936 0.169717 0.035132 0.048302 0.115112 -0.011027 -0.134003 -0.176735 0.149299 -0.086171 -0.099344 -0.213112 0.092308 -0.265407 -0.218940 0.098329 0.163224 0.084002 0.156361 -0.048911 0.361919 0.391964 0.429367 0.350670 0.052838 0.096674 0.138558 0.041601 1.000000 0.693603 -0.047020 0.246933 0.227450 -0.047450 -0.199321 -0.075291 -0.075287 -0.129989 -0.122119 0.021611 -0.108924 -0.056524 -0.013867 0.042422 0.007041 -0.040600 -0.156256 -0.042745 -0.049573 -0.067876 -0.149255 0.082656 -0.242114 -0.173597 -0.028419 -0.110422 -0.290200 -0.331262 -0.145981 -0.279721 -0.014492 -0.101498 0.297984 -0.111617 -0.256523 -0.029700 -0.191683 -0.195192 -0.121293 -0.063296 0.135532 0.121691 0.139459 0.208904 0.173625 0.109453 -0.085582 -0.021392 -0.088122 -0.017095 0.192169 0.092490 0.328000 -0.035645 -0.129514 -0.164519 0.097052 -0.036595 -0.343030 -0.275374 -0.204579 -0.156454 -0.142872 0.045748 -0.118152 -0.261787 -0.268070 -0.256414 -0.129310 -0.083012 -0.113716 -0.138287 0.020354 0.037919 -0.346011 -0.204230 0.008875 0.004536 -0.133823 -0.093170 -0.306896 -0.078484 -0.175570 -0.267294
0.042042 -0.343905 0.088116 0.203196 0.167641 0.206566 0.146524 -0.079918 -0.005238 -0.209247 0.175254 -0.215124 -0.300692 -0.351186 0.270369 -0.265947 -0.331578 -0.037745 0.232792 0.038860 0.152641 0.106760 0.514692 0.598908 0.479000 0.500656 0.232900 0.298865 0.290411 0.053100 0.693603 1.000000 -0.262145 0.090974 0.301250 -0.224524 -0.151250 -0.211051 -0.107173 -0.324438 0.148924 0.008649 0.013451 0.047453 -0.130739 -0.090730 -0.013793 -0.026315 -0.191245 -0.087571 -0.162986 0.015231 -0.181377 0.070672 -0.328981 -0.170575 -0.226803 -0.351785 -0.284445 -0.234682 -0.205036 -0.248505 -0.158262 -0.171674 0.360086 -0.337933 -0.222616 -0.151381 -0.311409 -0.202092 0.121367 0.170997 0.157898 0.228558 0.108780 0.290118 0.204091 0.225921 -0.037660 -0.034332 -0.168725 -0.094408 0.436312 0.166031 0.454630 0.009285 -0.185829 -0.060163 0.240996 0.076146 -0.301038 -0.231824 -0.089838 0.030115 -0.046138 0.177009 -0.098364 -0.199221 -0.390535 -0.111772 -0.059723 -0.090666 -0.014336 -0.254397 -0.112236 -0.133608 -0.076178 -0.033947 0.181662 -0.066269 -0.300244 -0.204136 -0.329021 0.020785 -0.009455 -0.176146
0.072764 0.083217 -0.199277 -0.024422 -0.244586 -0.219749 -0.140031 0.108491 0.052028 0.222993 -0.024355 0.224535 0.304976 0.475271 -0.222712 0.140389 0.276904 0.262332 -0.023991 0.141739 0.051002 0.124267 -0.516469 -0.520187 -0.464718 -0.387136 -0.301022 -0.375759 0.083584 0.231903 -0.047020 -0.262145 1.000000 0.568153 -0.120400 -0.010341 0.076158 0.222921 0.205828 0.378265 0.082300 0.140830 -0.119393 -0.088476 -0.066031 -0.161918 0.170294 -0.095308 -0.254935 -0.118581 -0.272460 -0.400730 0.013836 -0.265534 0.208776 0.246236 0.247745 0.121637 -0.179212 -0.300384 0.501933 0.291546 0.362322 0.166509 0.080438 0.365573 -0.289195 -0.252058 -0.168551 0.053850 0.003261 0.226093 0.254854 -0.037734 0.150809 0.105816 -0.018580 0.092327 0.460092 0.305749 0.442548 0.437667 -0.214029 -0.060154 -0.100361 0.044975 -0.221458 -0.129080 -0.189684 -0.204098 -0.179919 -0.286245 -0.313726 -0.332264 0.199423 0.121984 0.420095 0.293278 -0.022939 -0.015193 -0.069681 0.037009 -0.027217 0.222191 0.043651 0.156656 -0.011550 0.055446 -0.065317 0.215240 -0.081549 0.071672 -0.272250 -0.198097 -0.171476 -0.009318
0.140823 -0.161093 -0.092041 0.270713 0.065874 0.047860 0.046456 0.175348 0.176316 0.265726 -0.003620 0.168691 0.074971 0.236088 0.135746 0.297023 0.224718 0.057225 0.093370 0.104030 -0.077704 0.143364 -0.217620 -0.105126 -0.059427 -0.009248 0.057652 0.028430 0.342509 0.095907 0.246933 0.090974 0.568153 1.000000 0.252308 -0.001592 0.123412 0.100868 0.017936 0.079176 0.080513 0.136818 -0.126523 -0.086526 -0.315833 -0.283995 0.060016 -0.051135 -0.592140 -0.324851 -0.496048 -0.657023 -0.343412 -0.336256 -0.177502 -0.061742 0.184277 0.041161 -0.433903 -0.471666 0.458823 0.295245 0.126822 0.083468 0.110356 0.409917 -0.477388 -0.289279 -0.179758 -0.282404 0.077696 0.132382 0.374765 0.052243 0.190188 0.262904 0.319697 0.430604 0.192133 0.024963 0.316570 0.249819 0.091431 0.217295 0.231712 0.250211 -0.351973 -0.041381 -0.238031 -0.190338 -0.565016 -0.630232 -0.276093 -0.182756 0.175439 0.147475 0.102076 0.056705 -0.351238 -0.202859 0.084426 0.177264 0.206158 0.055795 0.175749 0.171266 0.141442 0.258744 0.280226 0.070315 -0.228537 -0.161871 -0.566741 -0.014682 0.046619 -0.095946
-0.072807 -0.109043 0.060820 0.118329 0.194195 0.213451 -0.069091 -0.125611 0.181007 0.079573 0.065631 -0.064656 -0.163448 -0.144416 0.386130 0.075357 -0.204899 -0.149114 -0.003770 0.099348 0.153283 -0.013615 0.322902 0.195709 0.336579 0.441245 0.122978 0.335756 0.475733 -0.124703 0.227450 0.301250 -0.120400 0.252308 1.000000 0.418045 0.056321 -0.157849 -0.159463 -0.357359 -0.103059 -0.219670 0.180421 0.261967 -0.163963 0.017256 0.092363 0.166321 -0.468281 -0.201678 -0.044473 -0.381916 -0.281680 -0.222361 -0.130248 -0.118608 -0.209676 -0.167719 -0.180495 -0.269778 -0.038323 0.023742 -0.193697 -0.040955 0.170841 0.023989 -0.049814 0.076731 -0.261513 -0.152045 0.289335 0.361834 0.218307 0.109057 -0.000275 0.281888 0.344910 0.461980 0.055073 -0.126311 0.038244 -0.030706 0.234281 0.089388 0.458619 0.239260 -0.119902 -0.053652 -0.091208 0.065163 -0.567344 -0.384984 -0.277296 -0.174707 0.062662 -0.047962 -0.086158 -0.198376 -0.557955 -0.155768 -0.120581 -0.146695 -0.141307 -0.502537 -0.177238 -0.195704 0.305523 0.094746 0.239485 -0.262125 -0.036355 -0.123596 -0.172036 0.265462 0.175397 -0.146322
-0.238798 0.187271 -0.013693 -0.208829 -0.185780 -0.075886 -0.314715 -0.294161 -0.160978 -0.040716 0.027490 0.083156 0.080398 0.020092 -0.021559 -0.033171 -0.144308 -0.003754 -0.284856 0.050057 0.118322 -0.054690 0.142684 -0.081140 0.133444 0.170659 -0.258006 -0.031795 -0.024253 -0.121165 -0.047450 -0.224524 -0.010341 -0.001592 0.418045 1.000000 0.132466 0.025553 0.099045 -0.124542 -0.205239 -0.097601 -0.005366 0.165621 0.233438 0.420741 -0.004711 0.143760 -0.076226 -0.028131 0.294075 -0.102550 -0.043595 0.032600 0.119644 -0.121669 -0.060345 0.123263 -0.065317 -0.005365 -0.325075 -0.186120 -0.170731 0.037207 -0.021164 0.111613 0.187639 0.588024 0.226705 0.149617 -0.183050 0.065836 -0.068138 -0.057094 -0.045481 0.134828 0.004043 0.069267 -0.026375 -0.125560 0.046419 -0.009257 -0.182237 -0.146292 0.221790 0.176824 0.116212 0.019765 -0.159587 -0.050102 -0.228685 -0.068138 -0.238010 -0.237685 -0.165373 -0.271771 -0.037807 -0.206924 -0.216656 -0.213305 -0.197999 -0.220065 -0.283800 -0.232895 -0.104860 -0.004991 -0.024845 0.045118 -0.131849 -0.234252 0.548141 0.145168 -0.005156 -0.006155 0.050729 -0.077710
