1.000000 0.075491 -0.009638 -0.203959 0.116856 -0.212581 0.255221 0.199832 -0.138533 -0.386194 0.109335 -0.228282 -0.306624 -0.121350 -0.169121 -0.286488 0.031500 -0.043817 0.514748 0.112222 -0.186518 0.016218 0.231874 -0.176819 -0.358244 -0.609600 0.162242 -0.139674 0.132797 -0.278365 -0.110200 0.075749 0.219525 0.289049 0.001979 -0.106945 0.103617 0.092064 0.177778 0.351398 0.014215 -0.070513 -0.341193 -0.158245 -0.306552 -0.441616 -0.263105 -0.234930 -0.240729 -0.390031 -0.417938 -0.237225 -0.178570 -0.244819 0.053170 0.004996 0.721541 0.282627 0.507443 0.178457 0.607075 0.043506 0.275050 0.451812 -0.063172 -0.022517 0.182273 -0.178945 0.264066 -0.068046 -0.176346 -0.275618 0.156692 -0.449682 0.257590 -0.118908 0.187333 -0.113834 0.046170 0.052926 0.119565 0.166479 0.054382 0.205805 -0.288988 -0.273040 0.252744 0.147624 0.199762 0.141451 -0.176941 -0.138917 -0.239322 -0.025777 0.179397 0.102531 0.022130 0.097058 0.029081 0.190972 0.041391 -0.146010 0.092506 -0.137361 -0.005455 -0.032622 0.083565 0.016548 0.109358 0.339677 -0.387358 -0.419468 0.082971 0.069597 -0.037131 0.385908
0.075491 1.000000 0.343867 0.477289 0.063754 -0.254655 0.173462 0.527229 -0.070402 -0.073146 -0.507690 -0.146391 -0.153059 -0.286810 -0.347056 -0.091386 -0.439711 -0.462222 0.190227 0.358776 0.135074 0.017469 -0.165677 -0.053927 0.087188 -0.113573 -0.101224 -0.317592 -0.330370 -0.266606 -0.299808 -0.473716 0.031438 0.017712 -0.311894 -0.431034 -0.284541 -0.209658 -0.170901 0.280464 -0.287579 -0.381933 -0.340189 -0.458347 -0.306893 -0.317647 -0.460840 -0.286266 0.234724 0.037097 -0.045062 0.176484 0.084917 -0.347628 -0.280725 -0.181134 0.032735 0.589957 0.383901 0.722797 0.192519 0.363064 -0.123072 0.032310 -0.285880 -0.147866 0.516536 0.494359 0.130696 0.347372 -0.016897 -0.270959 -0.357356 -0.168018 -0.192947 -0.374794 -0.318208 -0.164411 -0.340149 -0.211826 -0.212624 -0.311550 -0.001581 0.097709 -0.422556 -0.130858 -0.183146 0.075723 0.169940 0.324819 0.332970 0.215254 0.300268 0.076921 0.074789 -0.094340 -0.140893 -0.334865 0.165726 -0.142058 -0.286335 0.173763 -0.007082 0.193223 0.387950 0.025568 0.320081 -0.047518 0.027346 0.063736 -0.244169 -0.427983 0.304417 0.259057 0.140419 0.123730
-0.009638 0.343867 1.000000 0.669685 0.478970 -0.052669 0.557396 0.411671 0.160280 0.024118 -0.319688 -0.098536 -0.027145 -0.509936 -0.109019 -0.098511 -0.159439 -0.586421 0.264407 0.420814 0.185552 -0.122816 0.363741 0.452422 0.411603 0.104145 0.133558 -0.057879 -0.431642 -0.470361 -0.148996 -0.361410 -0.521616 -0.290261 -0.248561 -0.260659 -0.269028 -0.253892 -0.090344 0.113846 -0.383906 -0.405818 -0.278628 -0.398251 -0.335229 -0.253863 -0.540593 -0.355598 0.246213 -0.149940 0.291109 -0.167006 0.062398 -0.403851 -0.327322 -0.363469 0.002693 0.151337 0.022256 0.243069 -0.029264 -0.186123 -0.243314 -0.214990 0.143114 -0.300249 0.181469 0.500199 -0.000031 0.424826 -0.129376 -0.048106 -0.578702 -0.151391 -0.410177 -0.160729 -0.464471 -0.189350 -0.326839 -0.455794 -0.131208 -0.346417 0.153209 0.056521 -0.119534 -0.097082 0.163358 0.163427 0.061210 -0.132256 0.476721 0.382361 0.472521 0.330445 -0.019286 -0.207174 -0.265506 -0.339192 -0.103213 -0.333847 -0.199587 0.153542 0.069406 0.229905 0.393740 0.070122 0.334730 -0.049392 0.017796 -0.098575 0.157986 -0.267264 -0.069782 0.061860 -0.015620 -0.074454
-0.203959 0.477289 0.669685 1.000000 0.246049 0.028387 0.180264 0.452474 0.023244 0.152302 -0.526659 -0.059204 -0.086212 -0.427998 -0.172374 -0.064585 -0.324737 -0.681594 0.165957 0.368909 0.196586 0.059691 0.211851 0.500988 0.456496 0.277570 0.063816 -0.096351 -0.603269 -0.295810 -0.144351 -0.416404 -0.328416 -0.276902 -0.308373 -0.365371 -0.344267 -0.133800 -0.102624 0.163969 -0.319378 -0.404058 -0.157823 -0.370082 -0.421319 -0.349855 -0.445402 -0.298609 0.226257 -0.047592 0.377210 0.096831 0.196717 -0.171482 -0.381048 -0.294632 -0.025300 0.253542 0.027956 0.433655 -0.203843 -0.136880 -0.405095 -0.445286 -0.070123 -0.402331 0.317538 0.565463 0.117810 0.568885 -0.026220 0.116603 -0.668097 0.009175 -0.445772 -0.126304 -0.535667 -0.124944 -0.330264 -0.582144 -0.138003 -0.393568 0.125975 0.077283 -0.083705 -0.054308 -0.046244 0.135919 0.115509 0.020087 0.459866 0.388312 0.570041 0.267023 0.090732 -0.089256 -0.171645 -0.189496 -0.127453 -0.323388 -0.244538 0.222272 -0.051415 0.283650 0.406807 -0.007893 0.383487 -0.164822 -0.183179 0.093445 -0.005197 -0.261329 0.113997 0.163576 0.103648 -0.070889
0.116856 0.063754 0.478970 0.246049 1.000000 0.465803 0.448333 0.010996 0.669204 0.414664 -0.249705 -0.173816 -0.138808 -0.264475 0.194374 0.195982 -0.164244 -0.279306 0.104027 -0.101447 0.001062 0.145047 0.200557 0.192813 0.404153 0.284863 0.555846 0.390686 -0.386903 -0.107918 -0.065947 -0.171387 -0.375554 -0.271322 -0.204843 -0.084337 -0.181748 -0.356151 -0.074105 -0.216217 -0.405856 -0.037305 -0.131612 -0.270139 -0.072370 -0.098882 -0.329806 -0.289036 0.212160 0.053179 0.281722 -0.038676 -0.067435 -0.196261 -0.283767 -0.320203 0.076916 0.126974 0.128928 0.144446 0.079388 -0.103355 -0.236191 -0.089134 0.361861 -0.159793 -0.007096 0.118945 -0.014817 0.171194 0.076876 0.036094 -0.294937 0.079645 -0.257036 0.066328 -0.237487 -0.082792 -0.218392 -0.329993 -0.298148 -0.307064 -0.076542 -0.237821 -0.210022 -0.323131 -0.003207 -0.162317 0.058524 -0.219350 0.244527 0.167500 0.163661 0.226932 -0.044231 -0.073140 -0.261144 -0.193393 -0.140671 -0.175995 0.058042 0.085153 0.087473 0.102414 0.158910 0.038187 0.132455 -0.191204 -0.148247 -0.216522 -0.139193 -0.320810 0.004198 -0.103339 -0.045971 -0.068544
-0.212581 -0.254655 -0.052669 0.028387 0.465803 1.000000 -0.043060 -0.457705 0.584506 0.749827 -0.137111 -0.057575 0.022616 0.053188 0.482701 0.687185 0.001360 -0.107126 -0.136481 -0.366153 0.125585 0.479038 -0.170045 0.010415 0.213383 0.629113 0.583635 0.821099 -0.226098 0.357445 0.013886 0.011178 -0.046970 -0.218977 0.140794 0.056152 0.116271 -0.067114 0.143233 -0.469601 -0.145823 0.504295 0.187793 0.064430 0.074608 0.078757 0.096612 -0.004244 0.067843 0.177879 0.352811 0.111500 -0.035780 0.097947 -0.094304 -0.030780 -0.084715 -0.158439 -0.047420 -0.177258 -0.118226 -0.174056 -0.174547 -0.233639 0.332297 -0.163785 -0.189959 -0.184896 -0.140655 -0.028007 0.233119 0.489092 -0.049571 0.584143 -0.362714 0.551382 0.054850 0.169277 0.042432 -0.145724 -0.173236 -0.203190 -0.127811 -0.278079 0.067050 -0.178523 -0.295685 -0.310216 -0.004882 -0.261769 -0.052251 0.007113 -0.040684 0.179014 -0.079036 0.204200 -0.005264 0.182475 -0.252653 0.069251 0.195528 0.185463 -0.009880 0.007064 -0.026172 -0.069568 0.038227 -0.264850 -0.278860 -0.123196 -0.119679 0.027645 0.025419 -0.046116 0.032685 0.030620
0.255221 0.173462 0.557396 0.180264 0.448333 -0.043060 1.000000 0.458175 0.123546 -0.112115 -0.037008 -0.186116 0.010452 -0.167821 -0.057074 -0.162018 -0.121946 -0.162599 0.091134 -0.017190 0.096133 0.010984 0.297505 0.068824 0.171850 -0.031295 0.210857 -0.049135 -0.144075 -0.155581 0.085263 -0.016219 -0.234090 0.074013 -0.122000 0.018424 -0.224032 -0.283513 -0.236439 0.037359 -0.200506 -0.168276 -0.319060 -0.320977 -0.133510 -0.092987 -0.398864 -0.381686 0.168152 -0.047509 0.129696 -0.235802 -0.059907 -0.347391 -0.304319 -0.360922 -0.009405 0.018593 0.019242 0.005622 0.303403 0.179797 -0.035713 0.040557 0.415540 0.107985 -0.065889 0.055386 -0.181270 -0.037117 0.067070 -0.110378 -0.164978 -0.132247 0.009713 0.009861 -0.117195 0.090581 -0.097268 -0.071193 -0.233573 -0.173814 0.262316 0.089746 -0.098551 -0.143240 0.252616 -0.050926 0.229953 0.029931 0.068880 -0.010731 0.122912 0.138051 -0.185729 -0.070216 -0.194255 -0.307343 -0.114251 -0.306118 -0.027781 -0.134029 0.133845 -0.008304 0.095331 -0.063412 0.171789 -0.098888 0.060874 -0.073010 -0.011195 -0.164999 -0.115522 -0.227679 -0.226567 -0.099220
0.199832 0.527229 0.411671 0.452474 0.010996 -0.457705 0.458175 1.000000 -0.306778 -0.406103 -0.244775 -0.131210 -0.125687 -0.175473 -0.294551 -0.326837 -0.303863 -0.384809 0.167830 0.351177 0.233732 0.037988 0.202093 0.106860 0.039983 -0.257184 -0.039914 -0.397503 -0.238049 -0.316708 -0.032377 -0.207647 -0.183009 0.028711 -0.318868 -0.299317 -0.337974 -0.126293 -0.447572 0.403661 -0.246965 -0.424381 -0.388981 -0.439840 -0.311281 -0.376231 -0.338568 -0.306086 0.051668 -0.108247 -0.130032 0.113021 0.020271 -0.185140 -0.378562 -0.328411 0.085513 0.111969 0.168620 0.395097 0.267376 0.293568 -0.213181 -0.104018 -0.055261 0.091040 0.134869 0.255649 0.100786 0.080819 -0.064408 -0.303622 -0.196918 -0.519327 0.040554 -0.361231 -0.323443 -0.201559 -0.336954 -0.385370 -0.171111 -0.258486 0.217082 0.268905 -0.280764 -0.076124 0.117127 0.130751 0.374536 0.517174 0.260986 0.169620 0.414413 0.209909 -0.044996 -0.235790 -0.027285 -0.397729 0.008837 -0.125280 -0.127927 0.009325 -0.114584 0.035601 0.246761 -0.030964 0.107960 0.053891 0.016142 0.073312 -0.092147 -0.263396 0.164624 0.014763 -0.134485 -0.088474
-0.138533 -0.070402 0.160280 0.023244 0.669204 0.584506 0.123546 -0.306778 1.000000 0.633392 -0.202809 -0.090441 -0.083969 -0.017941 0.524974 0.452510 -0.048792 -0.052838 -0.074687 -0.288087 0.289230 0.131049 -0.218838 -0.067407 0.411104 0.499251 0.332763 0.480905 -0.219082 0.226652 -0.105823 -0.194635 -0.249991 -0.243886 -0.141932 -0.052355 0.101728 -0.081161 -0.042160 -0.292364 -0.094229 0.103996 -0.011723 -0.140624 0.001108 0.030205 -0.069858 -0.142769 0.078437 0.062031 0.228674 -0.068093 -0.130229 -0.023474 -0.117408 -0.168036 -0.013035 0.162402 0.088005 0.056278 -0.042596 -0.094344 -0.196081 -0.049130 0.185931 -0.154632 -0.032802 -0.075950 -0.018202 0.006251 0.378349 0.163973 -0.075559 0.472239 -0.240129 0.320877 -0.059069 0.194806 -0.025943 -0.064847 -0.164245 -0.140689 -0.180682 -0.304966 -0.098395 -0.144862 -0.233588 -0.264117 0.070201 -0.151838 0.007307 -0.076537 0.014969 0.108778 -0.102146 0.056075 -0.030864 -0.098667 -0.168426 -0.092793 -0.065363 0.040646 -0.128577 -0.066508 0.027205 0.112686 -0.168622 -0.154618 0.032646 -0.173890 -0.140063 -0.108824 0.093728 -0.160621 -0.059209 -0.024921
-0.386194 -0.073146 0.024118 0.152302 0.414664 0.749827 -0.112115 -0.406103 0.633392 1.000000 -0.299552 -0.124055 0.101247 0.085406 0.459939 0.755435 -0.037903 -0.153837 -0.151356 -0.360203 0.113037 0.311964 -0.304900 -0.064301 0.486274 0.720389 0.411134 0.616986 -0.298733 0.399441 0.008077 -0.200953 -0.068771 -0.220700 -0.084511 -0.001280 0.193601 0.004333 0.055751 -0.403397 0.039820 0.306549 0.167042 -0.004410 0.030646 0.087600 0.096385 0.030479 0.080205 0.145111 0.375063 0.116365 0.131369 0.175117 -0.154179 -0.055186 -0.200228 -0.027164 -0.009880 -0.021485 -0.156222 -0.039408 -0.101123 -0.211504 0.166956 -0.108856 -0.024072 -0.026397 -0.058600 0.026128 0.185238 0.457985 -0.198730 0.746865 -0.372495 0.417444 -0.075235 0.110183 -0.017539 -0.197995 -0.123889 -0.200188 -0.101485 -0.289621 -0.026990 -0.150905 -0.429819 -0.436071 -0.057417 -0.218802 0.001898 -0.099797 -0.038940 -0.006599 -0.047550 0.199762 0.022396 0.096383 -0.279459 -0.143701 -0.001912 0.096240 -0.207005 -0.054689 -0.083297 -0.116090 -0.121311 -0.253555 -0.248547 -0.169993 -0.071145 -0.032777 0.094253 -0.100235 0.033967 -0.163685
0.109335 -0.507690 -0.319688 -0.526659 -0.249705 -0.137111 -0.037008 -0.244775 -0.202809 -0.299552 1.000000 0.472079 0.425562 0.446206 0.117504 -0.185423 0.389257 0.568998 -0.308221 -0.388797 -0.289225 -0.204083 0.347617 0.094226 -0.358923 -0.217013 -0.128980 0.045400 0.584566 0.060806 0.191996 0.629062 0.132667 0.199373 0.217669 0.251062 0.011177 -0.125566 -0.017623 -0.223408 0.217004 0.093013 0.014578 0.276509 0.150412 0.219004 0.146555 0.073142 -0.079470 0.010576 -0.066427 -0.114760 0.012593 0.167274 0.457528 0.208695 -0.148344 -0.470283 -0.322786 -0.607207 -0.008250 -0.069107 0.440473 0.259457 0.148365 0.301866 -0.440252 -0.405301 -0.277061 -0.433506 -0.229194 -0.099347 0.397223 -0.122560 0.492520 0.047228 0.229514 -0.026184 0.305918 0.401337 0.067865 0.273164 0.015934 -0.123857 0.481470 0.232557 0.061197 0.131622 -0.230428 -0.131850 -0.525218 -0.277211 -0.415585 -0.194120 -0.101492 -0.168867 0.008280 0.209362 -0.122238 0.097768 0.065981 -0.191238 -0.072033 -0.160831 -0.516121 -0.162567 -0.348024 -0.007303 -0.025890 -0.175404 0.181951 0.172699 -0.400594 -0.028691 -0.088224 0.075306
-0.228282 -0.146391 -0.098536 -0.059204 -0.173816 -0.057575 -0.186116 -0.131210 -0.090441 -0.124055 0.472079 1.000000 0.396793 0.307424 0.060135 -0.001078 0.217827 0.346059 -0.414405 -0.152156 -0.124342 -0.132754 0.211427 0.208956 -0.223330 0.001031 -0.166668 0.075696 0.319815 -0.012017 0.197448 0.290377 -0.140676 -0.174274 0.189175 -0.022110 -0.220220 -0.297715 -0.093522 -0.275000 0.026696 -0.027989 0.113766 0.183623 0.030930 0.116304 0.020121 0.002768 0.011231 0.053955 0.138532 0.099749 0.118973 0.159995 0.225989 0.052843 -0.188326 -0.259354 -0.411347 -0.306649 -0.277991 -0.183635 0.168220 0.086982 0.066404 0.069458 -0.397857 -0.091984 -0.264218 -0.041710 -0.189729 -0.182797 0.149192 -0.070465 0.096622 -0.036837 -0.101998 -0.172797 0.130094 0.297452 -0.027819 0.062934 -0.210328 -0.436043 0.429462 0.574168 0.002185 0.182691 -0.324972 -0.200427 -0.269385 -0.129203 -0.085096 0.079240 -0.332330 -0.182213 -0.253044 -0.093793 -0.201460 -0.005426 0.052997 0.049936 0.088681 0.170797 -0.158266 0.066999 -0.062562 -0.158978 -0.016289 -0.360070 0.092934 0.026192 -0.266816 0.210145 0.150714 0.138352
-0.306624 -0.153059 -0.027145 -0.086212 -0.138808 0.022616 0.010452 -0.125687 -0.083969 0.101247 0.425562 0.396793 1.000000 0.470569 0.461729 0.247101 0.135539 0.039808 -0.488233 -0.421879 -0.052458 0.072705 0.086276 -0.090059 0.131108 0.275530 0.050031 0.263033 0.233012 0.131508 0.200293 0.340972 0.091747 0.152724 0.115218 0.259500 -0.032087 -0.135093 -0.041948 -0.306476 0.250609 0.186851 -0.001749 0.094681 -0.107756 0.136908 -0.156026 -0.057306 0.085219 -0.096414 0.283673 -0.024942 0.141154 0.068974 0.064205 -0.108167 -0.353151 -0.403193 -0.231900 -0.359499 -0.040081 0.266354 0.195305 0.028941 0.248333 0.456625 -0.378770 -0.121724 -0.225591 -0.169564 -0.246071 -0.041517 0.024021 0.158542 0.118635 0.091974 -0.072711 -0.064914 0.203401 0.202409 -0.110098 -0.004675 0.155280 -0.181068 0.564253 0.081290 -0.041754 -0.207545 -0.113138 -0.002654 -0.401871 -0.232901 -0.294601 -0.095374 -0.227333 -0.082803 -0.040102 0.110648 -0.433641 -0.218234 -0.071786 -0.135210 -0.137028 -0.075192 -0.298384 -0.235206 -0.209717 -0.112400 -0.010809 -0.199246 0.172174 0.073617 -0.415273 -0.098501 -0.149898 -0.234551
-0.121350 -0.286810 -0.509936 -0.427998 -0.264475 0.053188 -0.167821 -0.175473 -0.017941 0.085406 0.446206 0.307424 0.470569 1.000000 0.309818 0.150770 0.270228 0.517297 -0.271188 -0.434330 -0.256919 -0.023623 -0.099154 -0.336455 -0.146278 -0.000097 -0.056883 0.182430 0.416528 0.522166 0.286302 0.417910 0.149812 0.254717 0.021849 0.285897 0.084103 -0.061790 -0.184716 -0.446376 0.260315 0.197099 0.112190 0.179193 0.217376 0.185606 0.263896 0.055739 -0.152483 -0.004560 -0.024981 0.023198 0.039947 0.241731 0.201844 0.048278 -0.144959 -0.332534 -0.123055 -0.297565 -0.060366 0.291183 0.138260 0.204383 0.057337 0.478406 -0.427442 -0.473995 -0.182405 -0.440045 -0.091231 -0.062042 0.510191 0.139223 0.412725 0.213668 0.202107 0.009041 0.321869 0.408730 -0.000532 0.284013 -0.037028 -0.100446 0.213595 0.105521 -0.249226 -0.300429 -0.101414 0.088730 -0.481372 -0.503489 -0.403121 -0.300702 -0.220511 0.063117 0.152037 0.168500 -0.178123 0.018287 0.247139 -0.338149 -0.067586 -0.275945 -0.439541 -0.244039 -0.388364 0.134488 -0.019693 -0.197911 0.033769 0.233069 -0.174667 -0.227959 -0.299635 -0.140104
-0.169121 -0.347056 -0.109019 -0.172374 0.194374 0.482701 -0.057074 -0.294551 0.524974 0.459939 0.117504 0.060135 0.461729 0.309818 1.000000 0.571926 0.110592 -0.032513 -0.205780 -0.395366 0.320060 0.278809 -0.102158 -0.192171 0.304880 0.420434 0.421670 0.654584 0.052840 0.350455 0.095473 0.155892 -0.078905 -0.077640 0.136676 0.192218 0.353334 0.215291 0.154106 -0.262006 0.298497 0.362412 0.085198 0.095086 -0.110464 0.055109 0.088603 0.011401 -0.181332 -0.195362 0.047197 -0.126537 -0.139514 0.154640 -0.001585 0.044489 -0.129101 -0.295152 -0.052115 -0.266687 0.043743 -0.016201 -0.035834 -0.115269 0.338683 0.201520 -0.376806 -0.367348 0.043366 -0.209964 0.130425 0.193971 0.103417 0.395709 -0.048579 0.476046 0.190665 0.258590 0.172773 0.115472 -0.109893 -0.040779 0.262225 -0.051328 0.297682 -0.113692 -0.065427 -0.370893 0.059512 -0.053595 -0.290961 -0.266540 -0.204693 0.081049 -0.208648 0.142856 0.240833 0.206634 -0.320379 0.055950 0.057113 -0.127047 -0.156602 -0.256745 -0.249128 -0.107164 -0.389105 -0.179354 0.128173 -0.111432 0.070298 0.162739 -0.188791 -0.095388 -0.115860 -0.118710
-0.286488 -0.091386 -0.098511 -0.064585 0.195982 0.687185 -0.162018 -0.326837 0.452510 0.755435 -0.185423 -0.001078 0.247101 0.150770 0.571926 1.000000 -0.058181 -0.113441 -0.205661 -0.244327 0.327061 0.599951 -0.353008 -0.248042 0.216844 0.644373 0.441307 0.743643 -0.137402 0.379951 0.072572 -0.012974 0.052897 -0.182735 0.113035 0.061595 0.224382 0.132408 0.044289 -0.230584 -0.061780 0.607222 0.191069 0.131963 0.009227 0.083290 0.124950 0.169865 -0.162379 -0.000671 0.137149 0.077544 -0.047464 0.134304 -0.201431 0.015399 -0.167815 -0.176085 -0.024476 -0.107919 -0.062569 0.083555 -0.064164 -0.176914 0.228171 0.091555 -0.298856 -0.208219 -0.054334 -0.083692 0.045815 0.343247 -0.075859 0.580843 -0.443684 0.455926 -0.073824 0.009419 0.027268 -0.128929 -0.098335 -0.204452 -0.088467 -0.320662 0.072834 -0.137082 -0.350444 -0.374405 0.063634 -0.053286 -0.112618 -0.147703 -0.154300 0.080932 -0.201254 0.163735 0.143608 0.132186 -0.246709 0.028482 0.088570 0.074978 -0.123822 -0.031802 -0.044522 -0.063139 -0.124595 -0.188770 -0.211532 -0.144893 -0.049230 0.065377 0.083785 0.051796 0.057941 -0.059803
0.031500 -0.439711 -0.159439 -0.324737 -0.164244 0.001360 -0.121946 -0.303863 -0.048792 -0.037903 0.389257 0.217827 0.135539 0.270228 0.110592 -0.058181 1.000000 0.431673 0.046603 -0.098431 -0.185510 -0.192653 0.219543 0.090773 -0.155970 -0.110072 -0.138514 0.048717 0.479628 0.180999 0.378904 0.412131 0.007033 0.002643 0.077464 0.083534 0.358498 0.229582 0.181357 -0.141458 0.269494 0.272276 0.064481 0.159037 -0.017571 -0.065876 0.239513 -0.008382 -0.437435 -0.310924 -0.277461 -0.386244 -0.196908 0.079506 0.292128 0.190809 0.225716 0.018444 -0.366876 -0.510351 -0.242249 -0.459227 0.218864 0.419023 -0.119238 -0.122343 -0.259834 -0.475677 -0.084213 -0.315153 -0.197336 0.095787 0.522105 0.134077 0.345877 0.133476 0.414163 0.204628 0.521990 0.477798 0.632140 0.656832 0.138370 -0.033258 0.169081 0.313683 0.135603 -0.062556 -0.528306 -0.437294 -0.326022 -0.398662 -0.252641 -0.353179 0.071246 0.115520 -0.029195 0.231766 -0.136886 0.082775 0.177370 -0.116116 0.171809 -0.108864 -0.217382 0.014277 -0.179118 0.186497 -0.000083 -0.058310 0.053048 0.225225 -0.348528 -0.120050 -0.052086 -0.037309
-0.043817 -0.462222 -0.586421 -0.681594 -0.279306 -0.107126 -0.162599 -0.384809 -0.052838 -0.153837 0.568998 0.346059 0.039808 0.517297 -0.032513 -0.113441 0.431673 1.000000 -0.253399 -0.362651 -0.216043 -0.188532 -0.067829 -0.257206 -0.424008 -0.224188 -0.319140 -0.060923 0.638744 0.489305 0.298226 0.465528 0.134238 0.188066 0.313299 0.336440 0.195026 -0.022581 -0.079058 -0.359808 0.307322 0.269074 0.145639 0.285466 0.482236 0.415406 0.459377 0.216064 -0.200457 0.169198 -0.187724 -0.066187 -0.152639 0.230377 0.304230 0.202581 -0.143362 -0.204718 -0.315945 -0.485261 -0.160624 0.002181 0.354256 0.360935 0.074653 0.237226 -0.330515 -0.545929 -0.211250 -0.459574 0.103906 0.008858 0.642948 0.136228 0.563089 0.181677 0.461156 0.257828 0.507288 0.652279 0.270614 0.520538 -0.140083 -0.216738 0.259499 0.339068 -0.084813 -0.136299 -0.257027 -0.135046 -0.488110 -0.479453 -0.473802 -0.339629 -0.229137 -0.055543 -0.025156 0.042440 -0.042340 0.118027 0.230590 -0.188601 0.045718 -0.137329 -0.414004 0.050137 -0.355780 0.063097 -0.077393 -0.263104 -0.024292 0.342502 -0.120137 -0.203444 -0.076886 0.002641
0.514748 0.190227 0.264407 0.165957 0.104027 -0.136481 0.091134 0.167830 -0.074687 -0.151356 -0.308221 -0.414405 -0.488233 -0.271188 -0.205780 -0.205661 0.046603 -0.253399 1.000000 0.560193 -0.023878 -0.055268 0.103574 0.000242 -0.077533 -0.449045 -0.021056 -0.195199 -0.178758 -0.233722 -0.213456 -0.270936 0.080894 0.051128 -0.081729 -0.064409 0.338129 0.265907 0.243236 0.235097 -0.038550 -0.133857 -0.295948 -0.233978 -0.320237 -0.456317 -0.209939 -0.173525 -0.347498 -0.498182 -0.437248 -0.324935 -0.213543 -0.371624 -0.003409 -0.048874 0.547978 0.412651 0.503233 0.409722 0.202895 -0.178778 -0.120848 0.072280 -0.164391 -0.260837 0.478673 0.158184 0.469618 0.253083 -0.036165 -0.023331 -0.089718 -0.262497 0.033003 -0.011647 0.153374 -0.137262 -0.087966 -0.179166 0.238390 0.140021 0.146131 0.343084 -0.351569 -0.178389 0.042080 0.165847 0.046505 0.030212 0.130782 0.047949 0.107957 -0.067639 0.390152 0.134040 0.031572 0.064309 0.085319 -0.070583 0.040273 -0.158681 0.107980 -0.135866 0.153013 -0.035217 0.237094 0.166660 0.061493 0.428629 -0.267807 -0.295917 0.168308 -0.024204 -0.024517 0.246716
0.112222 0.358776 0.420814 0.368909 -0.101447 -0.366153 -0.017190 0.351177 -0.288087 -0.360203 -0.388797 -0.152156 -0.421879 -0.434330 -0.395366 -0.244327 -0.098431 -0.362651 0.560193 1.000000 0.112919 -0.146722 0.138459 0.249679 -0.079847 -0.359884 -0.223488 -0.361100 -0.267110 -0.462951 -0.145310 -0.330264 -0.208733 -0.259422 -0.130121 -0.324093 -0.028407 0.156149 0.057862 0.400583 -0.334982 -0.288636 -0.126399 -0.202138 -0.219973 -0.282746 -0.180475 -0.043910 -0.193001 -0.219180 -0.350348 -0.029021 -0.223727 -0.377829 -0.154047 -0.051611 0.232936 0.295608 0.116881 0.446691 -0.184080 -0.254157 -0.323609 -0.204734 -0.409346 -0.358233 0.326595 0.500370 0.388697 0.526380 -0.151440 -0.119979 -0.241726 -0.416479 -0.225576 -0.248399 -0.203863 -0.177024 -0.201198 -0.309266 0.186933 -0.063756 0.034927 0.338250 -0.307520 0.009203 0.235028 0.359820 0.076783 0.068368 0.499099 0.301238 0.371911 0.055999 0.233280 -0.194871 -0.095910 -0.237184 0.246123 -0.102443 -0.084616 -0.004169 0.248904 0.185576 0.503658 0.260620 0.382335 0.310003 0.020407 0.128493 0.095290 -0.152551 0.055239 0.224159 0.129943 0.128285
-0.186518 0.135074 0.185552 0.196586 0.001062 0.125585 0.096133 0.233732 0.289230 0.113037 -0.289225 -0.124342 -0.052458 -0.256919 0.320060 0.327061 -0.185510 -0.216043 -0.023878 0.112919 1.000000 0.492163 -0.357457 -0.145434 0.286386 0.336272 0.134904 0.182978 -0.216029 0.126135 -0.148999 -0.202089 -0.053493 -0.158249 0.024518 -0.079764 0.096595 0.209589 -0.181883 0.150867 -0.041606 0.178577 -0.070252 -0.130090 -0.096523 -0.033311 -0.017109 0.052269 -0.041501 -0.029365 -0.074068 -0.019499 -0.216663 -0.085917 -0.428465 -0.092431 -0.177459 0.005794 0.072425 0.172311 0.003305 0.114911 -0.195758 -0.238326 -0.010481 0.035664 0.073667 0.048279 0.147907 -0.007016 0.419010 0.154962 -0.137187 0.155794 -0.333825 0.212898 -0.084843 0.214898 -0.058867 -0.178472 0.007094 -0.130165 0.277201 0.041195 -0.077533 -0.089217 -0.061162 -0.087295 0.313884 0.358098 0.165075 0.057693 0.179025 0.248293 -0.234755 -0.047040 0.293236 -0.147530 -0.036292 0.088265 -0.164454 0.081705 -0.264760 -0.017420 0.094579 0.027868 -0.265830 -0.149136 0.007804 0.063270 -0.058902 0.169285 0.291258 0.042121 -0.014288 -0.068781
0.016218 0.017469 -0.122816 0.059691 0.145047 0.479038 0.010984 0.037988 0.131049 0.311964 -0.204083 -0.132754 0.072705 -0.023623 0.278809 0.599951 -0.192653 -0.188532 -0.055268 -0.146722 0.492163 1.000000 -0.214823 -0.167117 0.195607 0.458084 0.593465 0.602788 -0.202206 0.271080 0.060911 0.106778 0.253825 0.051955 0.118254 0.025925 0.020272 0.070134 0.022687 0.057536 -0.158876 0.598049 0.027874 -0.074858 -0.051584 -0.114970 -0.019905 0.032840 -0.153737 -0.000882 -0.045653 0.037273 -0.235672 -0.061984 -0.442486 -0.156216 0.020775 -0.097117 0.101581 0.020390 0.084739 0.188043 -0.153986 -0.249261 0.138361 0.141270 -0.117662 -0.151466 0.127020 -0.032124 0.171937 0.373187 -0.043798 0.233260 -0.360279 0.252868 -0.057340 0.082048 0.014508 -0.198547 -0.138578 -0.266514 0.248139 0.008793 -0.079180 -0.420406 -0.092161 -0.370017 0.297937 0.290146 -0.036799 -0.131948 -0.047642 0.122322 -0.157909 0.078126 0.302335 0.092631 -0.210394 0.087632 0.141764 0.165672 -0.077385 0.033005 0.055833 -0.057623 0.047053 -0.151536 -0.364094 0.074096 -0.166331 -0.085569 0.143473 0.043933 0.052640 -0.073918
0.231874 -0.165677 0.363741 0.211851 0.200557 -0.170045 0.297505 0.202093 -0.218838 -0.304900 0.347617 0.211427 0.086276 -0.099154 -0.102158 -0.353008 0.219543 -0.067829 0.103574 0.138459 -0.357457 -0.214823 1.000000 0.712419 -0.017842 -0.180028 0.182830 -0.016198 0.119554 -0.370747 0.292723 0.345170 -0.213465 -0.047538 0.001792 -0.106908 -0.244803 -0.208471 0.127784 0.100468 -0.085077 -0.184066 -0.243354 -0.143780 -0.340709 -0.309429 -0.344085 -0.337848 -0.126010 -0.319544 0.022948 -0.312255 -0.017472 -0.202572 0.072782 -0.101588 0.161756 -0.097445 -0.343147 -0.305790 -0.033663 -0.381521 0.031972 -0.022769 0.223077 -0.207987 -0.295637 -0.049728 -0.059552 0.103639 -0.477573 -0.103318 -0.037580 -0.423671 0.185129 -0.180945 -0.147626 -0.217168 -0.023513 -0.052917 -0.050608 -0.029417 0.133761 0.016512 0.196586 -0.037500 0.393911 0.232094 -0.176938 -0.321344 0.050985 0.153366 0.127860 0.133434 0.018260 -0.079323 -0.222654 0.087013 -0.134133 -0.085398 0.037505 0.057449 0.181680 0.193125 0.101051 0.130432 0.256851 -0.006135 -0.090637 -0.022909 0.253436 -0.079518 -0.369890 0.203397 0.042764 0.033827
-0.176819 -0.053927 0.452422 0.500988 0.192813 0.010415 0.068824 0.106860 -0.067407 -0.064301 0.094226 0.208956 -0.090059 -0.336455 -0.192171 -0.248042 0.090773 -0.257206 0.000242 0.249679 -0.145434 -0.167117 0.712419 1.000000 0.241899 0.160576 0.053563 -0.052431 -0.185882 -0.318725 0.070453 0.067705 -0.303151 -0.253500 -0.146789 -0.220192 -0.267076 -0.153220 0.096465 0.060333 -0.214738 -0.222111 -0.052310 -0.116183 -0.216171 -0.193374 -0.224555 -0.187123 0.039124 -0.066612 0.175534 -0.193767 0.124675 -0.096878 0.018197 -0.122136 -0.016239 -0.059165 -0.420890 -0.168554 -0.263747 -0.495419 -0.189221 -0.287859 0.016315 -0.464608 -0.099853 0.249608 -0.128642 0.325917 -0.151230 0.163959 -0.248345 -0.130470 -0.116191 -0.170326 -0.286784 -0.146536 -0.169955 -0.263075 -0.046159 -0.183540 0.126867 0.092671 0.137228 0.124800 0.146665 0.316283 -0.264715 -0.347469 0.322084 0.379136 0.390696 0.122489 0.057030 -0.099888 -0.174245 0.013007 -0.025352 -0.117170 -0.101252 0.229943 0.040124 0.221815 0.172142 0.066678 0.262604 -0.121129 -0.187907 -0.063460 0.375140 -0.041733 -0.299439 0.236182 0.198332 -0.041304
-0.358244 0.087188 0.411603 0.456496 0.404153 0.213383 0.171850 0.039983 0.411104 0.486274 -0.358923 -0.223330 0.131108 -0.146278 0.304880 0.216844 -0.155970 -0.424008 -0.077533 -0.079847 0.286386 0.195607 -0.017842 0.241899 1.000000 0.676104 0.352370 0.217873 -0.496208 0.129074 -0.039465 -0.234924 -0.248396 -0.154762 -0.374566 -0.117772 -0.116231 -0.109256 -0.048896 -0.039790 -0.026045 -0.151590 -0.059231 -0.249532 -0.090610 0.012213 -0.291531 -0.157483 0.247435 0.009138 0.340347 -0.095416 0.054590 -0.129896 -0.359191 -0.226586 -0.243500 0.039424 -0.105531 0.094949 -0.171162 -0.027450 -0.368865 -0.393087 0.028337 -0.124519 0.094729 0.303682 0.069283 0.289902 0.238900 0.203596 -0.365945 0.312006 -0.319320 -0.051099 -0.270733 0.091149 -0.205831 -0.301686 -0.232095 -0.289561 0.367061 0.179300 -0.082335 -0.264889 -0.073833 -0.300464 -0.000679 -0.042162 0.324357 0.131050 0.244012 0.113578 -0.038464 0.026505 0.129547 -0.048454 -0.145126 -0.170838 -0.083321 0.104223 -0.079598 0.029823 0.114531 -0.111497 -0.055322 -0.172584 -0.082124 -0.194627 0.199981 -0.016811 -0.039707 -0.033799 -0.002498 -0.326873
-0.609600 -0.113573 0.104145 0.277570 0.284863 0.629113 -0.031295 -0.257184 0.499251 0.720389 -0.217013 0.001031 0.275530 -0.000097 0.420434 0.644373 -0.110072 -0.224188 -0.449045 -0.359884 0.336272 0.458084 -0.180028 0.160576 0.676104 1.000000 0.344239 0.554600 -0.353189 0.313720 0.071791 -0.052225 -0.139723 -0.270749 -0.107060 0.005363 -0.102117 -0.078382 -0.059333 -0.221909 -0.088039 0.306420 0.157577 -0.025067 0.006363 0.150357 -0.029319 0.011091 0.231076 0.198683 0.544428 0.135898 0.202085 0.168209 -0.246724 -0.121781 -0.394676 -0.222846 -0.250536 -0.194523 -0.263851 -0.037175 -0.272875 -0.405945 0.215139 -0.046169 -0.202569 0.028783 -0.234167 0.015167 0.246279 0.422262 -0.285409 0.634105 -0.504406 0.299071 -0.275392 0.091478 -0.020760 -0.219460 -0.227921 -0.295887 0.050302 -0.246809 0.204186 -0.098921 -0.295325 -0.311476 -0.005501 -0.117483 0.095432 0.083051 0.126363 0.143417 -0.141128 0.100472 0.104598 0.120417 -0.232604 -0.056494 -0.060167 0.242498 -0.166539 0.041643 0.023591 -0.086651 -0.056669 -0.221497 -0.225237 -0.225157 0.175369 0.129425 0.026020 0.009311 0.033223 -0.264397
0.162242 -0.101224 0.133558 0.063816 0.555846 0.583635 0.210857 -0.039914 0.332763 0.411134 -0.128980 -0.166668 0.050031 -0.056883 0.421670 0.441307 -0.138514 -0.319140 -0.021056 -0.223488 0.134904 0.593465 0.182830 0.053563 0.352370 0.344239 1.000000 0.764321 -0.156331 0.106197 0.118649 0.170509 0.040010 -0.022227 0.024819 -0.070422 -0.089634 -0.201228 0.100826 -0.078396 -0.142741 0.306278 0.045690 -0.005962 -0.055418 -0.112565 -0.171262 -0.076619 -0.006554 -0.036504 0.082746 -0.093411 -0.196616 -0.185659 -0.391124 -0.148945 0.054521 -0.103699 0.043894 -0.031111 0.107943 0.012978 -0.147609 -0.250008 0.298805 0.000402 -0.242865 -0.169204 0.107130 0.047096 -0.036756 0.221695 -0.055231 0.083638 -0.240732 0.184876 -0.026600 -0.011162 -0.194331 -0.246606 -0.333859 -0.373702 0.235307 -0.018962 -0.212568 -0.568797 0.164321 -0.387955 0.213546 -0.012344 0.107879 -0.018973 -0.009229 0.274290 -0.178629 0.130992 0.182339 0.119612 -0.139457 0.170226 0.242123 0.071046 0.077356 0.072559 0.061568 -0.023975 0.072423 -0.269136 -0.235261 -0.063607 -0.035661 -0.132875 -0.002865 0.161534 0.056820 0.041778
-0.139674 -0.317592 -0.057879 -0.096351 0.390686 0.821099 -0.049135 -0.397503 0.480905 0.616986 0.045400 0.075696 0.263033 0.182430 0.654584 0.743643 0.048717 -0.060923 -0.195199 -0.361100 0.182978 0.602788 -0.016198 -0.052431 0.217873 0.554600 0.764321 1.000000 -0.070490 0.343600 0.184566 0.236910 -0.051905 -0.143296 0.241005 0.136355 0.096140 -0.090278 0.125731 -0.340718 -0.100468 0.588349 0.134446 0.092499 0.009694 0.077549 0.009015 -0.002757 -0.093655 -0.006915 0.209320 -0.018407 -0.194636 -0.019552 -0.209435 -0.064720 -0.124428 -0.309624 -0.100745 -0.297237 -0.075837 -0.087172 -0.047765 -0.214829 0.386202 0.083106 -0.401079 -0.289120 -0.036788 -0.114714 -0.019110 0.393962 0.026717 0.426308 -0.341753 0.510383 0.011153 0.057138 0.083644 -0.061142 -0.221674 -0.260272 0.054679 -0.290298 0.134420 -0.291006 -0.109524 -0.412985 0.053363 -0.147904 -0.118451 -0.145481 -0.123806 0.212656 -0.246682 0.076145 0.110169 0.159791 -0.312232 0.114716 0.297080 0.123158 0.047414 0.056943 -0.079130 -0.010679 -0.056962 -0.200707 -0.289460 -0.253060 -0.013725 0.062651 -0.074121 0.062424 0.035380 -0.030476
0.132797 -0.330370 -0.431642 -0.603269 -0.386903 -0.226098 -0.144075 -0.238049 -0.219082 -0.298733 0.584566 0.319815 0.233012 0.416528 0.052840 -0.137402 0.479628 0.638744 -0.178758 -0.267110 -0.216029 -0.202206 0.119554 -0.185882 -0.496208 -0.353189 -0.156331 -0.070490 1.000000 0.303881 0.517161 0.741105 0.357481 0.424383 0.440013 0.339253 0.260100 0.062104 0.092733 -0.103625 0.512476 0.212386 0.082683 0.278507 0.165872 0.163707 0.292734 0.139749 -0.374063 -0.207933 -0.397444 -0.335945 -0.069218 0.190313 0.309175 0.235410 0.004528 -0.144540 -0.253714 -0.479786 0.039734 -0.021232 0.526117 0.479360 0.033110 0.219192 -0.388444 -0.640284 -0.220752 -0.504729 -0.290815 -0.228996 0.734359 -0.095232 0.614743 0.095326 0.504424 0.168734 0.421056 0.613118 0.344411 0.562468 -0.005358 -0.084735 0.208429 0.253815 0.112717 -0.015153 -0.279873 -0.182146 -0.628854 -0.536394 -0.592704 -0.339187 -0.138752 0.160640 -0.013246 0.260685 -0.063680 0.181398 0.016119 -0.297640 0.012199 -0.218023 -0.399216 0.054481 -0.296165 0.091448 0.160953 -0.027665 0.007580 0.249711 -0.252858 0.083478 0.035293 0.305723
-0.278365 -0.266606 -0.470361 -0.295810 -0.107918 0.357445 -0.155581 -0.316708 0.226652 0.399441 0.060806 -0.012017 0.131508 0.522166 0.350455 0.379951 0.180999 0.489305 -0.233722 -0.462951 0.126135 0.271080 -0.370747 -0.318725 0.129074 0.313720 0.106197 0.343600 0.303881 1.000000 0.307426 0.283731 0.260532 0.261177 0.168628 0.263037 0.323042 0.148396 -0.045675 -0.405084 0.390159 0.505352 0.147511 0.133699 0.270684 0.283632 0.361770 0.113751 -0.246211 0.072658 -0.019555 -0.118829 -0.129511 0.251585 -0.027358 0.038401 -0.238498 -0.112770 -0.211580 -0.317865 -0.162875 0.097987 0.027256 0.008436 0.040237 0.127525 -0.273942 -0.483994 -0.113163 -0.375698 0.309742 0.430780 0.553849 0.600388 0.283722 0.543250 0.383248 0.390353 0.365852 0.456161 0.108252 0.258604 0.104243 -0.068152 0.093972 0.036077 -0.432341 -0.499973 -0.131625 -0.025383 -0.402386 -0.476890 -0.299693 -0.200545 -0.212645 0.266836 0.259625 0.184906 -0.255310 0.078769 0.236106 -0.063601 -0.088871 -0.235796 -0.330454 -0.160870 -0.414050 -0.122045 -0.140188 -0.147779 -0.149142 0.370530 0.066464 -0.262256 -0.242391 -0.145744
-0.110200 -0.299808 -0.148996 -0.144351 -0.065947 0.013886 0.085263 -0.032377 -0.105823 0.008077 0.191996 0.197448 0.200293 0.286302 0.095473 0.072572 0.378904 0.298226 -0.213456 -0.145310 -0.148999 0.060911 0.292723 0.070453 -0.039465 0.071791 0.118649 0.184566 0.517161 0.307426 1.000000 0.723349 0.075763 0.290429 0.382254 0.369797 -0.010050 -0.037411 0.017610 -0.015196 0.193620 0.268671 -0.013269 -0.032215 0.041653 0.095496 0.032966 -0.121092 -0.380037 -0.279994 -0.154995 -0.389293 -0.221790 -0.013676 -0.116761 -0.132507 -0.074068 -0.221317 -0.495244 -0.556237 -0.108855 -0.125818 0.239095 0.110044 0.246402 0.146225 -0.480463 -0.441891 -0.201681 -0.251980 -0.391281 0.014807 0.405811 0.031309 0.180825 0.153328 0.057852 0.084488 0.250897 0.197805 0.137347 0.191758 0.169860 -0.088589 0.173707 0.119187 0.181583 -0.180044 -0.288491 -0.317578 -0.332003 -0.341933 -0.220648 -0.075977 -0.128823 0.091789 -0.222784 0.106729 -0.339713 -0.195999 0.305999 -0.042118 0.263105 0.139283 -0.010800 0.206202 0.022308 0.175576 -0.160090 -0.207068 -0.009764 0.173356 -0.300271 0.048437 0.104012 -0.000205
0.075749 -0.473716 -0.361410 -0.416404 -0.171387 0.011178 -0.016219 -0.207647 -0.194635 -0.200953 0.629062 0.290377 0.340972 0.417910 0.155892 -0.012974 0.412131 0.465528 -0.270936 -0.330264 -0.202089 0.106778 0.345170 0.067705 -0.234924 -0.052225 0.170509 0.236910 0.741105 0.283731 0.723349 1.000000 0.282198 0.471655 0.411264 0.437795 0.050680 -0.043732 0.072449 -0.088756 0.253716 0.389391 0.082512 0.241904 0.150880 0.187761 0.142511 0.069237 -0.350188 -0.224451 -0.279655 -0.404378 -0.177130 0.053326 0.106602 0.060083 -0.050900 -0.370711 -0.440951 -0.675822 -0.015503 -0.058368 0.403510 0.239021 0.237118 0.278412 -0.583760 -0.592308 -0.245065 -0.411217 -0.347818 -0.013246 0.559477 -0.043559 0.407656 0.165463 0.307085 0.133750 0.338527 0.358617 0.134192 0.283513 0.216463 -0.012373 0.285853 0.072621 0.213563 -0.003799 -0.265960 -0.226976 -0.566230 -0.482211 -0.521076 -0.226996 -0.135593 0.013767 0.005397 0.271744 -0.236633 0.025231 0.231535 -0.193218 0.133044 -0.018948 -0.309079 0.036407 -0.166921 0.052825 -0.150525 -0.149601 0.093960 0.212705 -0.413786 0.060617 0.073881 0.138808
0.219525 0.031438 -0.521616 -0.328416 -0.375554 -0.046970 -0.234090 -0.183009 -0.249991 -0.068771 0.132667 -0.140676 0.091747 0.149812 -0.078905 0.052897 0.007033 0.134238 0.080894 -0.208733 -0.053493 0.253825 -0.213465 -0.303151 -0.248396 -0.139723 0.040010 -0.051905 0.357481 0.260532 0.075763 0.282198 1.000000 0.638242 0.186452 0.012509 0.211480 0.182594 0.279742 0.084058 0.337154 0.277257 -0.028847 0.149463 -0.040811 -0.148428 0.073751 0.089297 -0.224362 -0.115684 -0.331203 -0.126054 -0.114960 -0.001507 0.183141 0.112230 0.227162 0.243365 0.227929 -0.002958 0.160775 0.230661 0.213556 0.108853 -0.230921 0.085818 0.171466 -0.270271 0.184635 -0.137273 0.102027 0.125402 0.330904 0.093514 0.331213 0.025861 0.366988 0.004870 0.111786 0.290212 0.047339 0.149399 0.025088 0.116846 -0.087298 -0.244537 -0.041459 -0.143452 0.004826 0.229083 -0.411863 -0.264329 -0.407615 -0.243297 0.204681 0.238367 0.244176 0.359955 -0.085113 0.102060 -0.001092 -0.092058 -0.089285 -0.116670 -0.166076 -0.059071 -0.020103 0.016910 -0.142027 0.441279 -0.385586 -0.134677 0.051723 -0.017768 0.013794 0.256247
0.289049 0.017712 -0.290261 -0.276902 -0.271322 -0.218977 0.074013 0.028711 -0.243886 -0.220700 0.199373 -0.174274 0.152724 0.254717 -0.077640 -0.182735 0.002643 0.188066 0.051128 -0.259422 -0.158249 0.051955 -0.047538 -0.253500 -0.154762 -0.270749 -0.022227 -0.143296 0.424383 0.261177 0.290429 0.471655 0.638242 1.000000 0.214998 0.280438 0.178901 0.048190 0.210829 0.116464 0.355340 0.177751 -0.196690 -0.093681 0.026529 -0.009790 -0.027789 -0.140441 -0.115581 -0.218632 -0.304730 -0.363215 -0.136097 -0.133965 0.046355 -0.119655 0.186408 0.106228 0.056554 -0.204918 0.276389 0.289506 0.348459 0.246060 0.007803 0.226818 0.029932 -0.242987 0.045790 -0.185284 0.033004 0.018413 0.378248 0.022039 0.451485 -0.002105 0.396208 0.207310 0.060989 0.237134 -0.064163 0.063187 0.232000 0.360134 -0.097861 -0.238878 0.061222 -0.100142 0.013766 0.176542 -0.484115 -0.435262 -0.442705 -0.242245 0.081356 0.025609 0.087646 0.107394 -0.226903 -0.151646 0.064715 -0.060101 -0.041557 -0.000457 -0.072088 0.064788 -0.007699 0.137447 -0.013935 0.188336 -0.227844 -0.131340 -0.166655 -0.122795 0.015177 0.043332
0.001979 -0.311894 -0.248561 -0.308373 -0.204843 0.140794 -0.122000 -0.318868 -0.141932 -0.084511 0.217669 0.189175 0.115218 0.021849 0.136676 0.113035 0.077464 0.313299 -0.081729 -0.130121 0.024518 0.118254 0.001792 -0.146789 -0.374566 -0.107060 0.024819 0.241005 0.440013 0.168628 0.382254 0.411264 0.186452 0.214998 1.000000 0.631512 0.266437 0.033222 0.136648 -0.193063 0.275940 0.333663 0.110706 0.218151 0.089072 0.226828 0.178086 0.072522 -0.239715 -0.127479 -0.069006 -0.172781 -0.222124 0.068810 0.070539 0.072562 -0.109601 -0.265472 -0.198832 -0.341008 -0.047574 -0.119493 0.250257 0.064026 0.258184 0.085986 -0.204588 -0.218001 0.041176 -0.091503 -0.081095 0.009696 0.249430 0.065165 0.117424 0.298978 0.275231 0.229128 0.260282 0.322839 0.078526 0.138184 0.015146 -0.109781 0.385496 0.206915 0.213072 0.075887 -0.011285 -0.129887 -0.307474 -0.122898 -0.323628 0.094039 -0.289223 0.089589 -0.210910 0.030406 -0.255645 0.095003 -0.018570 -0.035922 -0.091083 -0.001458 -0.164320 0.162164 0.026305 -0.143179 -0.067649 -0.053713 -0.112695 0.250439 -0.136737 0.103499 0.179873 0.198103
-0.106945 -0.431034 -0.260659 -0.365371 -0.084337 0.056152 0.018424 -0.299317 -0.052355 -0.001280 0.251062 -0.022110 0.259500 0.285897 0.192218 0.061595 0.083534 0.336440 -0.064409 -0.324093 -0.079764 0.025925 -0.106908 -0.220192 -0.117772 0.005363 -0.070422 0.136355 0.339253 0.263037 0.369797 0.437795 0.012509 0.280438 0.631512 1.000000 0.318642 0.032221 -0.061763 -0.259600 0.335101 0.322489 0.167964 0.252577 0.336542 0.486179 0.252690 0.192940 -0.146881 -0.132687 -0.001799 -0.310449 -0.024378 0.152998 0.066269 -0.029045 -0.248809 -0.505851 -0.128879 -0.401624 0.108407 0.153134 0.209540 0.131047 0.421710 0.492182 -0.279235 -0.238977 -0.187943 -0.314251 -0.061632 -0.051528 0.235725 0.106706 0.188630 0.302743 0.250539 0.193804 0.202269 0.214076 0.039502 0.181892 0.204910 0.025297 0.351033 0.236556 0.023015 0.019007 -0.093325 -0.107301 -0.349357 -0.257626 -0.381895 -0.193257 -0.211062 0.105967 -0.058206 0.102052 -0.119621 -0.141413 0.079315 -0.316503 -0.150480 -0.294496 -0.402081 -0.210004 -0.207200 -0.075797 0.045234 -0.074878 0.118337 0.326646 -0.221704 -0.228105 -0.048302 -0.103711
