1.000000 0.330379 0.162235 -0.213017 0.070142 0.011297 -0.157902 -0.221748 -0.203875 -0.079513 -0.143237 -0.345129 -0.174460 -0.366452 0.001641 -0.125365 -0.010444 -0.214214 0.251430 0.322694 0.001845 0.180795 -0.176730 -0.399520 -0.358676 -0.487662 0.137750 0.011343 -0.156227 -0.274585 -0.484595 -0.619242 -0.055919 -0.148541 -0.170585 -0.195716 0.027252 0.015319 -0.083365 0.151354 -0.116592 -0.146452 -0.033388 0.082969 -0.096406 -0.176356 0.248142 0.097450 0.024721 0.137352 -0.146099 0.166239 0.308129 0.281588 0.148659 0.208636 0.656388 0.598672 0.526473 0.537216 0.236975 0.370498 0.143503 0.296269 -0.523236 -0.415271 0.341157 -0.154141 0.450180 0.133541 -0.269238 -0.107008 -0.049264 -0.254973 -0.070555 -0.187094 0.096142 0.081877 -0.139501 -0.175529 0.087931 0.074847 0.278238 0.093354 -0.333914 -0.323404 -0.075841 -0.066107 -0.048981 0.185126 0.263603 0.309675 -0.386854 -0.113267 0.303959 0.099351 0.138051 0.279147 0.220405 0.545763 -0.297511 -0.034257 -0.126646 -0.096692 0.146156 -0.039861 0.231860 0.220682 0.211611 0.133022 -0.054367 0.047680 0.505901 0.161709 0.089814 0.303760
0.330379 1.000000 -0.379229 0.002807 -0.288765 -0.267615 -0.205220 0.080928 0.109830 0.311343 -0.391965 0.240088 -0.049520 0.232069 -0.185394 0.358850 0.130969 0.393163 0.477182 0.491319 -0.110915 -0.056772 -0.538687 -0.143346 -0.437826 -0.203110 -0.410275 -0.395549 0.071693 0.246887 -0.301563 -0.316508 -0.021475 -0.047527 -0.301826 -0.100325 -0.030519 0.090476 -0.259342 -0.052190 -0.182977 -0.050818 -0.073691 0.049694 0.217821 0.094865 0.219588 0.046895 -0.271227 0.157135 -0.389312 -0.020012 0.033931 0.211670 -0.305732 -0.010577 0.305294 0.476925 -0.160161 0.034579 -0.006080 0.265399 0.132695 0.240840 -0.199720 0.020222 -0.059840 -0.202003 0.449579 0.340848 -0.229848 -0.309073 -0.109539 -0.170356 -0.150764 -0.004663 0.069929 0.052461 0.116015 0.006458 0.366853 0.242928 0.087513 0.510872 -0.141300 0.087349 0.039763 -0.170070 -0.289773 -0.162287 0.431534 0.190800 0.081248 -0.415565 0.205602 0.136118 0.024166 0.271028 0.350491 0.271289 -0.199413 -0.206547 -0.026661 -0.371708 -0.285838 -0.267809 -0.188794 -0.202480 0.293921 -0.022949 -0.094638 0.301422 0.131092 -0.147588 -0.201911 -0.040609
0.162235 -0.379229 1.000000 0.099081 0.521758 0.474720 0.599774 0.234025 0.151190 -0.140708 0.228534 -0.122848 -0.070330 -0.338607 0.143970 -0.328726 -0.362321 -0.610347 -0.237763 -0.303910 0.273211 0.004175 0.416959 0.079095 0.269615 0.053573 0.371371 0.188651 -0.330943 -0.593076 -0.042865 -0.149205 0.208229 0.029678 0.253910 0.048857 -0.189619 -0.343794 -0.180142 -0.185223 0.016542 -0.320214 -0.195857 -0.058434 -0.170852 -0.058819 -0.028424 -0.170194 0.233860 -0.087960 0.246519 0.119704 0.008604 -0.072815 0.006452 -0.190600 -0.194292 -0.201163 0.562122 0.346374 0.197563 -0.024697 -0.271832 -0.267935 0.023112 0.144689 0.489558 0.310197 -0.139888 -0.204552 -0.033572 0.079166 -0.299528 -0.365505 -0.271096 -0.214676 -0.162219 -0.057615 -0.288293 -0.383850 -0.419171 -0.425880 0.182966 -0.105584 -0.265947 -0.182263 -0.172493 -0.089459 0.240841 0.239100 -0.207951 -0.061369 -0.061788 0.160286 0.078078 0.105575 -0.113667 -0.019106 -0.386917 0.021913 0.125803 0.017063 -0.180810 -0.086767 0.181438 -0.009010 0.381912 0.362759 0.005603 0.106682 -0.057981 -0.196020 0.210338 0.277307 0.334837 0.326361
-0.213017 0.002807 0.099081 1.000000 0.079678 0.506020 -0.023485 0.373329 0.255938 -0.023536 0.084099 0.093596 -0.045471 -0.096329 0.265879 0.144081 -0.299139 -0.156105 0.044220 -0.118101 0.141166 -0.117869 0.535377 0.447136 0.516928 0.676289 0.118602 0.337043 -0.163018 -0.310830 -0.006050 0.051438 -0.167777 -0.337318 0.302400 -0.107835 -0.337201 -0.484439 -0.105856 -0.162871 -0.240156 -0.453689 -0.267552 -0.055527 -0.061607 -0.019104 -0.282782 -0.186033 0.157222 -0.186284 0.426124 -0.059738 0.034868 -0.312819 -0.108147 -0.332384 -0.409349 -0.192556 0.012537 -0.173617 -0.307182 -0.342955 -0.366873 -0.485099 0.362934 0.364470 -0.197888 -0.049365 0.225011 0.453894 -0.044467 -0.254718 -0.521038 -0.206811 -0.294339 -0.065442 -0.508010 -0.492933 0.208760 -0.043997 -0.244598 -0.245985 -0.055199 -0.159613 0.067163 -0.077260 0.391423 0.187171 0.501122 0.252060 0.123263 -0.110954 0.502064 0.211509 0.193989 0.229255 0.012555 0.198373 -0.347076 -0.409965 0.091030 -0.187802 -0.412717 0.025182 -0.294417 -0.072161 -0.247308 -0.217667 0.328513 0.164958 -0.232569 -0.073933 -0.196352 -0.056384 -0.200768 -0.158911
0.070142 -0.288765 0.521758 0.079678 1.000000 0.540066 0.474278 0.127900 0.372411 0.174323 0.224220 -0.223818 0.214056 -0.216542 0.369928 0.020094 -0.190054 -0.316374 -0.042618 0.021423 0.153316 0.091601 0.344698 0.134406 0.367974 0.028442 0.583449 0.252397 -0.057269 -0.191290 0.022395 0.017924 -0.192287 -0.246764 0.193127 0.074699 -0.045723 -0.375599 -0.257169 -0.179237 -0.098743 -0.302637 -0.312841 -0.122776 -0.056859 -0.029923 -0.198564 -0.319146 0.125525 -0.176219 0.105266 -0.172916 -0.001565 -0.037775 0.003454 -0.333406 -0.230184 -0.094213 0.250649 0.024363 0.027957 -0.298228 -0.149889 -0.264197 0.200583 -0.168462 0.113612 0.084145 -0.103200 0.035434 0.082305 -0.022627 -0.075067 -0.008223 -0.053089 -0.109262 -0.265274 -0.099925 0.026399 -0.138131 -0.135942 -0.123807 0.244781 0.002871 0.018700 -0.144555 -0.008666 -0.076633 0.203950 0.160672 -0.011685 0.067002 0.029377 0.276710 -0.058011 0.126545 -0.264960 -0.085362 -0.287012 -0.099585 0.040647 0.023075 -0.051589 0.093724 0.120131 0.166534 0.114357 0.172850 0.172039 0.189577 -0.319056 -0.147683 0.051819 0.129209 -0.003112 0.014160
0.011297 -0.267615 0.474720 0.506020 0.540066 1.000000 0.347509 0.345693 0.154215 0.019636 0.113719 -0.342461 -0.259955 -0.380321 0.213445 -0.239748 -0.249196 -0.416069 -0.165892 -0.176936 0.201669 0.076836 0.674891 0.516922 0.433039 0.424973 0.718046 0.545422 -0.444531 -0.558239 0.043386 0.060658 -0.198272 -0.318877 0.358032 -0.116144 -0.254844 -0.429903 -0.104165 -0.062516 -0.163260 -0.375642 -0.523251 -0.337026 -0.398141 -0.295631 -0.285719 -0.400215 0.044246 -0.296389 0.244346 -0.078335 0.152869 -0.088499 0.064644 -0.332831 -0.244417 -0.069247 0.399845 0.209912 0.014201 -0.032755 -0.164683 -0.147892 0.320960 0.034943 0.012145 -0.011619 -0.053466 0.051231 -0.005048 -0.035905 -0.452880 -0.254118 -0.128468 -0.227529 -0.382560 -0.165377 -0.192037 -0.307970 -0.453972 -0.404430 0.324614 -0.062886 0.020162 -0.188880 0.191716 0.153675 0.478698 0.524876 -0.076784 -0.043204 0.088113 0.241481 -0.013933 0.135592 -0.272441 -0.025831 -0.408214 -0.261610 0.123657 0.054934 -0.200241 0.155433 0.201250 0.210604 0.210774 0.229021 0.203295 0.028741 -0.340049 -0.316019 -0.081349 0.170605 0.073454 0.111433
-0.157902 -0.205220 0.599774 -0.023485 0.474278 0.347509 1.000000 0.521163 0.289948 0.282032 0.115281 0.086579 0.201687 0.188768 -0.046623 0.049882 -0.045019 -0.030478 -0.270294 -0.137462 0.084273 0.006775 0.124459 0.281688 0.072135 -0.012347 0.114904 -0.129655 -0.086238 -0.139708 0.139982 0.136327 0.096093 0.035588 -0.085615 -0.000258 -0.233857 -0.219552 -0.215469 -0.132852 -0.222163 -0.060591 -0.252262 -0.321677 -0.182602 -0.074090 -0.048452 -0.317940 -0.019038 -0.130412 -0.141612 -0.099771 -0.179205 -0.017155 -0.126246 -0.278647 -0.379507 -0.363082 0.222094 0.071513 0.277944 -0.002221 -0.137124 -0.191365 0.304636 0.237440 0.122263 0.063451 -0.508947 -0.309951 0.119313 0.221832 -0.084100 0.094194 -0.056474 -0.022114 -0.110220 0.052976 -0.229449 -0.265550 -0.268610 -0.313788 0.070755 0.216113 -0.311168 -0.147372 -0.173677 -0.227656 -0.117969 0.035498 -0.158901 -0.135403 0.225673 -0.036938 -0.250304 -0.144884 -0.337390 -0.235243 -0.336247 -0.252750 0.196665 0.042019 0.052310 0.051465 0.261211 0.259206 0.253457 0.276576 -0.133823 -0.064515 -0.274950 -0.345025 -0.169071 0.069069 0.158670 0.057214
-0.221748 0.080928 0.234025 0.373329 0.127900 0.345693 0.521163 1.000000 0.322427 0.421530 -0.052306 0.215682 0.015073 0.274541 -0.041585 0.130476 -0.138334 0.020188 -0.238585 -0.228882 -0.098791 -0.107525 0.111230 0.208023 0.028477 0.237424 -0.016082 -0.131034 -0.226311 -0.127279 -0.056521 -0.010230 0.024297 0.057678 0.002676 0.136163 -0.344924 -0.254140 -0.382509 -0.142597 -0.332918 -0.105837 -0.280626 -0.318477 -0.113413 0.004835 -0.252768 -0.413723 -0.062289 -0.134511 -0.100145 -0.087491 -0.327853 -0.198909 -0.374094 -0.414322 -0.331387 -0.181178 0.079714 0.169144 0.193191 0.134452 -0.188924 -0.137480 0.173235 0.529252 0.057906 0.199140 -0.309758 -0.042428 -0.078229 0.090099 -0.250289 0.110221 -0.155936 -0.232454 -0.194795 -0.058972 -0.215414 -0.152066 -0.252085 -0.354398 -0.045552 0.057060 -0.347594 -0.180992 -0.112982 -0.212228 -0.054524 -0.009330 -0.219625 -0.370545 0.477900 -0.133521 -0.122265 -0.045839 -0.390799 -0.202465 -0.535379 -0.261649 0.418102 0.094438 0.112297 0.110243 0.155290 0.146155 0.200255 0.211913 -0.014897 -0.034675 -0.314539 -0.366270 -0.126286 0.177770 0.145047 0.107733
-0.203875 0.109830 0.151190 0.255938 0.372411 0.154215 0.289948 0.322427 1.000000 0.516143 0.063058 0.192285 0.416244 0.230767 0.330445 0.437016 0.102234 0.181089 0.203792 0.033174 -0.058461 -0.392426 -0.028612 0.110131 0.073705 0.165425 -0.132522 -0.237563 0.255909 0.105011 -0.150713 -0.099387 -0.169099 -0.317633 -0.212550 -0.062689 -0.264016 -0.306354 -0.511537 -0.413669 -0.179094 -0.351153 -0.112728 0.168845 0.217629 0.164136 -0.068105 -0.182711 0.125133 0.128863 0.143961 0.070813 -0.036637 -0.029810 -0.296109 -0.348634 -0.349976 -0.046744 -0.112087 -0.234811 -0.121530 -0.323732 -0.253122 -0.377653 0.142390 0.169212 -0.138081 -0.109943 -0.043652 0.232319 0.017113 -0.156907 -0.071837 0.129990 0.007905 -0.075556 -0.258372 -0.300746 0.365156 0.188738 0.198299 0.033397 -0.004862 0.099359 -0.153188 0.034941 0.093688 -0.312312 -0.138137 -0.172322 0.256794 0.078923 0.420836 0.159240 0.158937 0.284392 -0.256958 0.097441 -0.139849 -0.124195 0.194376 0.006253 -0.021154 -0.209863 -0.285927 -0.210162 -0.169841 -0.137967 0.255078 0.151919 -0.488251 0.066727 -0.032827 -0.008606 -0.103509 -0.007227
-0.079513 0.311343 -0.140708 -0.023536 0.174323 0.019636 0.282032 0.421530 0.516143 1.000000 -0.193374 0.122787 0.235402 0.517217 -0.079217 0.510293 0.231191 0.392550 0.204809 0.277792 -0.093889 -0.124151 -0.353584 0.033195 -0.089039 -0.090575 -0.248207 -0.468841 0.244636 0.386340 0.007912 0.041997 -0.145985 -0.132276 -0.402197 -0.138035 0.001450 0.102323 -0.205157 0.046893 -0.133530 0.069821 -0.196208 -0.108778 0.015944 -0.086399 -0.041261 -0.064680 -0.174949 -0.017666 -0.297026 -0.136112 -0.003833 0.159650 -0.245678 -0.277103 -0.104049 0.052721 -0.094957 -0.084781 0.029612 0.012766 0.176801 0.025493 0.017081 0.100661 -0.150670 -0.269772 0.010357 0.165711 -0.219472 -0.215704 0.128964 0.270361 0.146365 0.014981 -0.117097 -0.182372 0.142241 0.191747 0.270406 0.251056 -0.161769 0.314520 -0.271686 -0.077045 -0.018052 -0.350170 -0.390686 -0.169167 0.226309 0.101921 0.278508 -0.192259 -0.079063 0.113135 -0.093447 0.034726 0.066667 -0.047722 0.043386 0.100576 0.108379 -0.064921 -0.127545 -0.043328 -0.221739 -0.184238 0.132036 0.043134 -0.294741 0.140841 -0.101908 -0.146545 -0.304088 -0.290129
-0.143237 -0.391965 0.228534 0.084099 0.224220 0.113719 0.115281 -0.052306 0.063058 -0.193374 1.000000 0.324521 0.549040 0.029369 0.648575 0.213917 0.044741 -0.069916 -0.124510 -0.260220 -0.188747 0.027266 0.404902 0.217542 0.263058 0.038395 0.224670 0.425128 0.319536 -0.144310 0.083166 0.108464 0.051193 -0.017683 0.140544 -0.175118 -0.118064 -0.318400 -0.018423 -0.269636 0.083716 -0.154903 -0.008633 0.065468 -0.108752 -0.195924 -0.250047 -0.145375 0.142239 -0.251853 0.230990 -0.180791 -0.312242 -0.305735 0.142309 -0.084231 -0.412094 -0.429017 -0.165788 -0.359652 -0.202706 -0.438080 -0.277337 -0.378517 0.234825 0.136230 -0.308936 -0.078144 -0.234470 -0.185983 0.020754 -0.126989 0.040086 -0.017568 -0.097154 -0.183076 -0.179030 -0.219481 0.008223 0.064110 -0.147425 -0.206081 0.321716 -0.084315 0.437486 0.281921 0.106781 0.314722 0.385929 -0.030635 -0.149344 -0.048923 0.145126 0.416757 0.071921 -0.078620 0.015752 0.040661 -0.291643 -0.104324 0.045690 0.007539 -0.060153 0.016323 -0.066051 -0.102874 0.055448 0.097482 -0.093944 -0.003649 -0.020409 0.003076 0.027709 -0.048853 0.037836 0.077507
-0.345129 0.240088 -0.122848 0.093596 -0.223818 -0.342461 0.086579 0.215682 0.192285 0.122787 0.324521 1.000000 0.459009 0.600188 0.056635 0.510726 0.137254 0.402020 -0.008498 -0.276345 -0.263641 -0.313019 -0.289438 0.069960 -0.014902 -0.065990 -0.605190 -0.388527 0.321160 0.287918 0.045902 0.047753 0.039253 0.081371 -0.174760 -0.009064 -0.251081 -0.118307 -0.223454 -0.284474 -0.221641 -0.060064 0.103630 0.137055 0.252631 0.205296 -0.028177 -0.001839 0.055939 0.060123 0.005584 0.045599 -0.289859 -0.142694 -0.232699 -0.112400 -0.409063 -0.457556 -0.329332 -0.432727 0.003583 -0.101620 -0.090673 -0.221326 0.237695 0.639053 -0.174925 -0.013050 -0.166683 -0.099584 -0.071619 -0.172058 -0.076041 -0.015920 -0.240215 0.142357 -0.105981 -0.165067 0.151763 0.054578 0.051720 -0.145652 -0.232879 0.118820 0.018085 0.256083 0.006709 -0.127640 -0.093668 -0.330424 0.075136 -0.075801 0.449784 0.038325 0.115338 0.000514 0.046194 0.119377 -0.085891 -0.108411 0.123340 -0.008076 -0.036898 -0.176786 -0.330048 -0.267695 -0.263216 -0.255894 -0.050260 -0.047429 -0.004316 0.153719 -0.193732 -0.281784 -0.158431 -0.124806
-0.174460 -0.049520 -0.070330 -0.045471 0.214056 -0.259955 0.201687 0.015073 0.416244 0.235402 0.549040 0.459009 1.000000 0.554876 0.498074 0.586697 0.353165 0.405144 0.101332 -0.024235 -0.289694 -0.232827 -0.143590 -0.060361 0.026978 -0.163001 -0.251625 -0.144866 0.580458 0.316440 0.035758 0.060265 -0.129600 -0.178237 -0.191279 -0.016446 -0.096170 -0.267878 -0.247207 -0.377923 -0.130142 -0.185330 0.079239 0.266451 0.224260 0.145134 -0.240865 0.022636 0.089490 -0.022739 -0.021253 -0.184752 -0.316233 -0.221302 -0.054910 -0.180483 -0.403472 -0.366579 -0.279490 -0.528263 0.045197 -0.434672 0.009165 -0.333376 0.238183 0.168956 -0.369655 -0.161534 -0.212670 -0.027346 0.002746 -0.136119 0.234115 0.251662 -0.003436 0.036606 -0.163981 -0.289390 0.369757 0.250356 0.250329 0.169443 -0.038475 -0.050398 0.147030 0.104005 0.105302 -0.230748 -0.069667 -0.348467 0.133033 0.013778 0.265308 0.175567 -0.003384 -0.008751 -0.000157 0.065814 -0.038945 -0.135992 -0.025093 0.015133 0.023623 -0.004139 -0.284652 -0.147204 -0.312471 -0.264611 0.105850 0.099901 -0.124967 0.200520 -0.181092 -0.274510 -0.286190 -0.258115
-0.366452 0.232069 -0.338607 -0.096329 -0.216542 -0.380321 0.188768 0.274541 0.230767 0.517217 0.029369 0.600188 0.554876 1.000000 -0.110968 0.572265 0.440047 0.684759 0.008399 -0.050292 -0.355366 -0.320329 -0.429675 0.001940 -0.190543 -0.234678 -0.603849 -0.574407 0.328436 0.489517 0.086969 0.075082 0.027823 0.039000 -0.372197 0.075142 -0.090852 0.052636 -0.166747 -0.087209 -0.136880 0.143396 0.011079 -0.091942 0.140853 0.051086 -0.101881 -0.036187 -0.118351 0.041193 -0.265294 -0.117803 -0.212784 -0.073751 -0.199215 -0.130357 -0.263364 -0.331785 -0.261867 -0.313642 0.246554 0.053440 0.320472 0.065110 0.273462 0.420610 -0.283392 -0.205115 -0.249076 -0.072591 -0.130231 -0.102071 0.251616 0.235417 0.034930 0.202056 -0.081593 -0.134587 0.183599 0.200727 0.241610 0.209685 -0.391590 0.083307 -0.118921 -0.016989 0.012905 -0.352972 -0.319195 -0.286131 0.150929 -0.071176 0.376189 -0.130005 -0.238277 -0.119055 -0.036542 -0.074449 0.090232 -0.186566 0.050988 0.054477 0.119238 0.024919 -0.160410 -0.096145 -0.331370 -0.332136 -0.090176 -0.047878 -0.038301 0.116424 -0.296675 -0.349973 -0.321035 -0.401466
0.001641 -0.185394 0.143970 0.265879 0.369928 0.213445 -0.046623 -0.041585 0.330445 -0.079217 0.648575 0.056635 0.498074 -0.110968 1.000000 0.351047 -0.094174 -0.156063 0.124482 -0.062822 -0.066314 0.079865 0.439282 0.146001 0.194073 0.102972 0.309851 0.413322 0.244592 -0.203756 -0.008987 -0.080749 -0.206669 -0.221621 0.222236 -0.036053 -0.090888 -0.366691 -0.257238 -0.383025 0.041690 -0.344539 -0.023299 0.258340 0.001352 -0.086655 -0.129826 -0.074051 0.168957 -0.114391 0.360423 -0.058351 -0.184619 -0.153075 0.045297 -0.130674 -0.361519 -0.171609 -0.150037 -0.331280 -0.345967 -0.506680 -0.426128 -0.477968 0.067128 -0.085884 -0.365346 -0.200748 -0.035361 0.034846 0.067312 -0.118881 -0.079004 0.034393 -0.094671 -0.296958 -0.206709 -0.202304 0.127722 0.015383 -0.022677 -0.139120 0.507727 0.003715 0.305599 0.236873 0.048971 0.208415 0.341220 -0.007052 0.034605 0.012055 0.111970 0.434974 0.188090 -0.077493 0.019462 0.022689 -0.194749 -0.083534 -0.085532 -0.038929 -0.184575 -0.106334 -0.089554 -0.137562 0.052767 0.114933 0.048581 -0.026533 -0.115029 0.028475 0.137049 0.165748 0.086089 0.161290
-0.125365 0.358850 -0.328726 0.144081 0.020094 -0.239748 0.049882 0.130476 0.437016 0.510293 0.213917 0.510726 0.586697 0.572265 0.351047 1.000000 0.148519 0.564265 0.289641 0.235704 -0.305306 -0.144436 -0.253105 0.136019 -0.043001 -0.026221 -0.344106 -0.280238 0.533011 0.465950 -0.052566 0.004040 -0.197993 -0.166388 -0.436739 -0.243919 -0.083184 -0.063752 -0.303825 -0.254738 -0.113873 -0.123568 -0.038371 0.137997 0.208067 -0.016471 0.041493 -0.003184 -0.071466 -0.019365 -0.057711 -0.147453 -0.122339 0.031038 -0.175096 -0.111263 -0.278794 -0.145961 -0.433335 -0.514977 -0.235481 -0.305763 -0.074980 -0.236514 0.129777 0.131655 -0.463009 -0.495658 0.014180 0.236424 -0.171092 -0.354783 0.085125 0.294708 -0.005076 0.027810 -0.160936 -0.274546 0.403521 0.243370 0.368541 0.201819 -0.038855 0.337278 0.005074 0.152967 0.084686 -0.127512 -0.199276 -0.312377 0.363572 0.162055 0.473842 0.067097 0.097775 -0.071073 0.124120 0.085073 0.069150 -0.065970 -0.085168 -0.128059 -0.072759 -0.215595 -0.347575 -0.219425 -0.340982 -0.271470 0.031525 -0.092080 -0.212870 0.236284 -0.126757 -0.241454 -0.300299 -0.197210
-0.010444 0.130969 -0.362321 -0.299139 -0.190054 -0.249196 -0.045019 -0.138334 0.102234 0.231191 0.044741 0.137254 0.353165 0.440047 -0.094174 0.148519 1.000000 0.624022 0.246720 0.139364 -0.343279 -0.245456 -0.352143 0.008159 -0.362772 -0.283032 -0.312978 -0.278636 0.438397 0.403247 0.064781 0.088522 0.111352 0.015310 -0.390077 -0.246534 0.106354 0.172716 -0.033197 -0.076840 0.068006 0.244094 0.070917 -0.027567 -0.179928 -0.223490 -0.232384 0.011495 -0.404961 -0.174467 -0.403782 -0.234595 -0.153938 -0.068681 -0.164191 -0.141435 0.188832 0.134017 -0.214320 -0.241245 0.398120 0.112354 0.605984 0.444532 0.159414 -0.132214 -0.397005 -0.346013 -0.174569 -0.190219 -0.087350 -0.021930 0.562762 0.213149 0.406691 0.230337 0.217519 0.028693 0.270930 0.391158 0.473834 0.458856 -0.071658 0.043170 0.076539 0.074045 0.131582 -0.102867 -0.212574 -0.137265 0.105883 0.037643 -0.012380 -0.088107 -0.112685 -0.018907 -0.207631 0.015127 0.130158 0.051325 0.009832 0.250006 0.217368 0.112802 -0.036706 -0.063053 -0.166560 -0.178081 -0.002433 -0.087821 -0.135266 0.166934 -0.078024 -0.212133 -0.208451 -0.184370
-0.214214 0.393163 -0.610347 -0.156105 -0.316374 -0.416069 -0.030478 0.020188 0.181089 0.392550 -0.069916 0.402020 0.405144 0.684759 -0.156063 0.564265 0.624022 1.000000 0.255159 0.267781 -0.345670 -0.178481 -0.469402 0.095372 -0.334815 -0.171478 -0.473960 -0.390157 0.485415 0.704577 0.043995 0.174234 -0.115856 0.017089 -0.472433 -0.264779 0.115576 0.237010 -0.046294 -0.005476 -0.021234 0.228604 0.097773 -0.012847 0.024731 -0.161307 0.034867 0.082132 -0.401697 -0.101499 -0.360351 -0.247159 -0.129875 0.017398 -0.138504 -0.004137 0.070799 0.081385 -0.508024 -0.439409 0.082989 0.018450 0.422955 0.349061 0.186227 0.051418 -0.527609 -0.462649 -0.082440 0.010601 -0.134879 -0.124289 0.422281 0.335477 0.332896 0.375765 0.093980 -0.002364 0.295418 0.339260 0.431584 0.412709 -0.218479 0.271638 0.007845 0.064365 0.158137 -0.136038 -0.344704 -0.330873 0.313230 0.038364 0.253758 -0.208176 -0.171598 -0.092601 0.006490 0.020169 0.256698 -0.089141 -0.070529 0.090444 0.120873 -0.014774 -0.183879 -0.074073 -0.378927 -0.388671 -0.035288 0.006504 -0.106948 0.234087 -0.314376 -0.406467 -0.369542 -0.366338
0.251430 0.477182 -0.237763 0.044220 -0.042618 -0.165892 -0.270294 -0.238585 0.203792 0.204809 -0.124510 -0.008498 0.101332 0.008399 0.124482 0.289641 0.246720 0.255159 1.000000 0.712540 -0.017179 0.004173 -0.335277 0.041316 -0.210986 -0.018307 -0.173638 -0.246474 0.395508 0.343567 0.075587 -0.020982 -0.087665 -0.099804 -0.348415 -0.326018 0.300728 0.087823 -0.170313 -0.155942 0.169051 -0.066168 0.047101 0.297355 0.113641 -0.075289 0.099496 0.252379 -0.413051 -0.182273 -0.290683 -0.192702 0.135538 0.089416 -0.261961 -0.153486 0.200139 0.340628 -0.241922 -0.292672 -0.152737 -0.226713 0.226026 0.062804 -0.110925 -0.303128 -0.244858 -0.282767 0.426184 0.358474 -0.390513 -0.510951 0.138088 0.003753 0.227697 0.284683 0.218168 -0.074839 0.348066 0.239517 0.517175 0.541920 0.197785 0.427031 0.127739 0.265947 0.141466 0.080258 -0.139344 -0.201138 0.601918 0.503473 -0.048501 -0.139819 0.187489 0.248082 0.056797 0.229086 0.430714 0.263369 -0.309331 -0.223785 -0.127474 -0.317251 -0.425760 -0.448113 -0.386190 -0.365416 0.369934 0.136976 -0.148869 0.552127 0.139094 -0.113604 -0.328344 -0.170199
0.322694 0.491319 -0.303910 -0.118101 0.021423 -0.176936 -0.137462 -0.228882 0.033174 0.277792 -0.260220 -0.276345 -0.024235 -0.050292 -0.062822 0.235704 0.139364 0.267781 0.712540 1.000000 0.072195 0.236749 -0.395616 -0.121117 -0.315547 -0.163590 -0.055783 -0.206816 0.407153 0.469401 0.004884 -0.031706 -0.041971 -0.015784 -0.401273 -0.228501 0.382999 0.174308 -0.044662 0.065195 0.139850 0.106354 0.144925 0.191445 0.162731 -0.010897 0.238180 0.174901 -0.401419 -0.069376 -0.507858 -0.319226 0.151343 0.185420 -0.215190 -0.006377 0.370106 0.551093 -0.193261 -0.075471 -0.229124 -0.112796 0.190154 0.145097 -0.288540 -0.534167 -0.159130 -0.290450 0.444503 0.415635 -0.218268 -0.339488 0.273724 0.182206 0.264064 0.230892 0.225985 0.072020 0.329091 0.279290 0.579062 0.670851 0.199904 0.577303 0.000704 0.096822 -0.012266 0.011682 -0.341386 -0.172237 0.522479 0.319640 -0.169731 -0.393360 0.125167 0.276441 0.058448 0.214771 0.529547 0.312799 -0.413538 -0.386631 -0.057701 -0.342948 -0.220062 -0.189037 -0.236136 -0.186196 0.318166 0.154305 -0.122743 0.399931 0.256224 -0.083969 -0.252000 -0.126786
0.001845 -0.110915 0.273211 0.141166 0.153316 0.201669 0.084273 -0.098791 -0.058461 -0.093889 -0.188747 -0.263641 -0.289694 -0.355366 -0.066314 -0.305306 -0.343279 -0.345670 -0.017179 0.072195 1.000000 0.351391 0.186889 -0.040668 0.287291 0.183371 0.149378 0.174439 -0.241816 -0.191595 -0.030435 -0.025516 0.054205 0.067391 0.247386 0.025989 0.176517 0.043559 0.192290 0.094315 0.159611 0.119549 0.033137 -0.041714 -0.003589 0.089587 0.057390 0.065471 0.119788 -0.080119 0.224853 -0.007462 0.045485 -0.163151 -0.026227 -0.144374 -0.028567 -0.028377 0.244811 0.150002 -0.080818 -0.064112 -0.149366 -0.086848 -0.032806 -0.099350 0.293853 0.239778 0.144454 0.054921 0.294738 0.108847 -0.170768 -0.141864 -0.028588 0.073641 -0.045625 0.150076 -0.107494 -0.131442 -0.096474 0.034049 -0.056569 0.011825 -0.058071 -0.022157 -0.113208 0.104449 0.215598 0.051418 -0.133952 -0.194425 -0.158666 -0.125342 -0.086976 0.090814 -0.043574 -0.083256 -0.055937 -0.110711 -0.026803 -0.015176 -0.032675 0.044105 0.123513 0.109812 0.097112 0.078002 0.095273 0.043015 0.198601 0.061728 0.057369 0.069021 0.103420 -0.016477
0.180795 -0.056772 0.004175 -0.117869 0.091601 0.076836 0.006775 -0.107525 -0.392426 -0.124151 0.027266 -0.313019 -0.232827 -0.320329 0.079865 -0.144436 -0.245456 -0.178481 0.004173 0.236749 0.351391 1.000000 0.109313 0.034371 0.009378 -0.023522 0.357500 0.319166 -0.141518 -0.134275 0.087952 0.141710 -0.001849 0.378356 0.105580 -0.106906 0.445030 0.235475 0.262240 0.234454 0.177233 0.464297 -0.092317 -0.273969 -0.357248 -0.245934 0.018293 -0.022159 -0.295924 -0.250347 -0.122296 -0.231110 -0.097558 0.087804 -0.057636 0.005563 0.170337 0.084796 -0.009559 0.139964 -0.138916 0.069536 -0.119189 0.157029 -0.223036 -0.306512 -0.046397 0.053016 0.017503 -0.089928 -0.053762 0.151721 0.078854 0.047938 0.249962 -0.032239 0.297265 0.428107 -0.417110 -0.101521 -0.023576 0.015387 0.402736 0.342609 0.099591 0.098680 -0.444521 0.369324 0.098106 -0.023556 -0.210886 -0.151878 -0.306883 -0.105948 -0.307769 -0.372720 -0.084315 -0.302137 -0.076062 -0.011158 -0.047674 0.042430 0.191382 0.156176 0.550832 0.437760 0.390678 0.385217 -0.366772 -0.279305 0.290908 -0.113121 0.020940 0.297481 0.281092 0.148056
-0.176730 -0.538687 0.416959 0.535377 0.344698 0.674891 0.124459 0.111230 -0.028612 -0.353584 0.404902 -0.289438 -0.143590 -0.429675 0.439282 -0.253105 -0.352143 -0.469402 -0.335277 -0.395616 0.186889 0.109313 1.000000 0.500160 0.558819 0.509216 0.673433 0.781090 -0.372906 -0.587412 0.083746 0.187592 -0.027231 -0.114198 0.605980 -0.008617 -0.238290 -0.398665 0.077883 -0.094057 0.029341 -0.300661 -0.287296 -0.232686 -0.373408 -0.264416 -0.275686 -0.288914 0.203787 -0.312918 0.569764 -0.084256 -0.012292 -0.289097 0.211108 -0.179161 -0.350121 -0.256056 0.163419 0.015933 -0.249433 -0.266302 -0.366490 -0.268274 0.348106 0.031622 -0.096856 0.077951 -0.140057 -0.029346 0.150030 0.111926 -0.334930 -0.267841 -0.154764 -0.254725 -0.326823 -0.192410 -0.233706 -0.289446 -0.557081 -0.461010 0.324977 -0.290500 0.247754 -0.078590 0.230638 0.430871 0.674522 0.389147 -0.295496 -0.188423 0.145169 0.478236 -0.046430 -0.106904 -0.113163 -0.143542 -0.518607 -0.394789 0.130377 0.056410 -0.250304 0.199461 0.160431 0.149621 0.216983 0.218879 -0.040191 0.009589 -0.080308 -0.352882 -0.108220 0.193036 0.198143 0.142601
-0.399520 -0.143346 0.079095 0.447136 0.134406 0.516922 0.281688 0.208023 0.110131 0.033195 0.217542 0.069960 -0.060361 0.001940 0.146001 0.136019 0.008159 0.095372 0.041316 -0.121117 -0.040668 0.034371 0.500160 1.000000 0.276961 0.506577 0.248602 0.256486 -0.110594 -0.120024 0.419460 0.524598 -0.117934 -0.043426 0.173470 -0.271718 -0.097423 -0.090841 0.115525 -0.009913 -0.038706 -0.068231 -0.423272 -0.436078 -0.374219 -0.355816 -0.158599 -0.201648 -0.237077 -0.396520 0.052285 -0.221246 0.018144 -0.138617 0.059103 -0.259247 -0.426117 -0.328416 -0.162410 -0.285648 -0.166534 -0.202140 -0.175513 -0.132704 0.655827 0.170336 -0.422402 -0.294324 -0.207408 -0.015763 -0.029938 -0.106632 -0.242510 -0.101581 0.131434 0.153275 -0.144896 -0.123147 -0.172608 -0.104782 -0.381940 -0.333259 0.262575 0.287726 0.206239 0.112207 0.286029 0.353845 0.368538 0.319487 0.052578 -0.066234 0.393592 0.207873 -0.240426 -0.176447 -0.138645 -0.107919 -0.229698 -0.543196 0.040156 -0.003850 -0.224381 0.176740 0.068761 0.163768 -0.064985 -0.082483 -0.107858 -0.112967 -0.144420 -0.117983 -0.432768 -0.103215 -0.104683 -0.198090
-0.358676 -0.437826 0.269615 0.516928 0.367974 0.433039 0.072135 0.028477 0.073705 -0.089039 0.263058 -0.014902 0.026978 -0.190543 0.194073 -0.043001 -0.362772 -0.334815 -0.210986 -0.315547 0.287291 0.009378 0.558819 0.276961 1.000000 0.616893 0.311234 0.424480 -0.116232 -0.209765 0.278233 0.353932 -0.055396 -0.204061 0.441696 0.084967 -0.180514 -0.294104 0.027816 -0.167302 -0.051203 -0.212012 -0.301526 -0.072094 0.045287 0.155290 -0.392473 -0.241138 0.360930 -0.193931 0.515302 -0.052017 -0.027279 -0.306469 0.056199 -0.280654 -0.587282 -0.522841 0.042070 -0.211950 -0.251423 -0.450482 -0.267918 -0.517475 0.456297 0.287356 0.026888 0.227785 -0.028098 0.233337 0.221418 -0.087874 -0.296169 -0.075588 -0.209652 -0.047523 -0.375427 -0.399605 0.177291 0.008912 -0.282520 -0.209205 -0.199090 -0.388310 0.277931 -0.045333 0.307643 0.113572 0.450332 0.099856 -0.156474 -0.088574 0.194717 0.361635 -0.066073 0.165371 0.007849 -0.045737 -0.343240 -0.454348 0.184841 -0.097742 -0.176516 0.208472 -0.152952 0.110967 -0.239061 -0.220269 0.115141 0.052792 -0.106970 -0.133245 -0.325920 -0.193044 -0.225463 -0.277864
-0.487662 -0.203110 0.053573 0.676289 0.028442 0.424973 -0.012347 0.237424 0.165425 -0.090575 0.038395 -0.065990 -0.163001 -0.234678 0.102972 -0.026221 -0.283032 -0.171478 -0.018307 -0.163590 0.183371 -0.023522 0.509216 0.506577 0.616893 1.000000 0.229622 0.424851 -0.091479 -0.151289 0.338532 0.482453 -0.036787 -0.076635 0.390988 -0.062385 -0.148053 -0.185092 0.027624 -0.237032 0.094175 -0.170624 -0.228665 -0.063135 -0.144768 -0.053240 -0.379604 -0.190461 -0.065250 -0.413353 0.344804 -0.207435 -0.058572 -0.316026 -0.100487 -0.334262 -0.489713 -0.316925 -0.168111 -0.317279 -0.290565 -0.415591 -0.270397 -0.369382 0.445615 0.253425 -0.206467 0.081772 0.048810 0.250756 0.084815 -0.180999 -0.324746 0.005893 -0.001219 -0.000185 -0.143034 -0.255409 0.098471 0.038930 -0.189441 -0.176732 -0.036324 -0.101710 0.337783 0.187572 0.265713 0.259428 0.404354 0.125179 -0.193433 -0.162575 0.260587 0.167983 -0.032719 0.063118 -0.156125 -0.095337 -0.367472 -0.437237 0.226207 -0.102369 -0.113956 0.051126 -0.197580 0.010807 -0.168476 -0.151830 0.117284 -0.194952 -0.209839 -0.065349 -0.315684 0.005192 -0.079806 -0.144769
0.137750 -0.410275 0.371371 0.118602 0.583449 0.718046 0.114904 -0.016082 -0.132522 -0.248207 0.224670 -0.605190 -0.251625 -0.603849 0.309851 -0.344106 -0.312978 -0.473960 -0.173638 -0.055783 0.149378 0.357500 0.673433 0.248602 0.311234 0.229622 1.000000 0.755572 -0.370206 -0.452885 0.012472 0.087959 -0.154614 -0.137004 0.408368 -0.059743 0.069604 -0.231827 0.109393 0.082878 0.105701 -0.152366 -0.338741 -0.258190 -0.382120 -0.359262 -0.205840 -0.246653 -0.022524 -0.349998 0.208081 -0.218136 0.061748 -0.038099 0.239103 -0.034165 0.054102 0.113436 0.261784 0.175384 -0.052889 -0.130766 -0.088730 0.024624 0.061470 -0.374136 0.033604 0.046817 -0.063311 -0.031284 0.031299 0.078420 -0.153750 -0.098399 0.056689 -0.215754 -0.129242 0.096845 -0.241602 -0.280990 -0.349509 -0.245609 0.470487 -0.111737 0.187637 -0.118365 0.029357 0.300651 0.428536 0.395133 -0.204073 -0.019333 -0.225673 0.305173 -0.086729 -0.077276 -0.124843 -0.129376 -0.291691 -0.044954 0.035598 0.106820 -0.014690 0.207031 0.337686 0.269962 0.358398 0.387467 -0.003121 -0.000259 -0.085295 -0.240704 0.049517 0.278477 0.209415 0.219179
0.011343 -0.395549 0.188651 0.337043 0.252397 0.545422 -0.129655 -0.131034 -0.237563 -0.468841 0.425128 -0.388527 -0.144866 -0.574407 0.413322 -0.280238 -0.278636 -0.390157 -0.246474 -0.206816 0.174439 0.319166 0.781090 0.256486 0.424480 0.424851 0.755572 1.000000 -0.251359 -0.462609 0.019845 0.106561 -0.092775 -0.148069 0.510860 -0.159984 -0.039932 -0.247835 0.192490 -0.075156 0.166038 -0.161812 -0.210255 -0.148245 -0.399153 -0.345886 -0.304078 -0.219023 0.067695 -0.349940 0.505181 -0.138145 0.003166 -0.189199 0.305154 -0.037723 -0.087094 -0.040364 -0.004346 -0.033826 -0.298881 -0.251700 -0.226015 -0.098051 0.073457 -0.251739 -0.190319 -0.030134 -0.021635 -0.070526 0.068862 -0.028929 -0.164894 -0.181543 0.011542 -0.265336 -0.168829 -0.051469 -0.173537 -0.163813 -0.328165 -0.247720 0.400501 -0.281785 0.465033 0.109316 0.193403 0.539398 0.619255 0.311261 -0.329835 -0.122141 -0.135979 0.401409 0.010570 -0.134370 -0.014361 -0.097266 -0.347657 -0.146053 0.027877 0.046889 -0.084894 0.161457 0.156914 0.171838 0.248030 0.263695 -0.003056 -0.148506 0.026010 -0.164099 -0.015106 0.142846 0.183651 0.217243
-0.156227 0.071693 -0.330943 -0.163018 -0.057269 -0.444531 -0.086238 -0.226311 0.255909 0.244636 0.319536 0.321160 0.580458 0.328436 0.244592 0.533011 0.438397 0.485415 0.395508 0.407153 -0.241816 -0.141518 -0.372906 -0.110594 -0.116232 -0.091479 -0.370206 -0.251359 1.000000 0.682982 0.158957 0.199348 0.030668 0.060404 -0.464819 -0.176455 0.253978 0.079865 -0.097609 -0.214200 0.286869 0.075108 0.297921 0.417755 0.242428 0.055949 -0.097281 0.131760 -0.228604 -0.104220 -0.244518 -0.285406 -0.235454 -0.166015 -0.200512 -0.128568 -0.134757 -0.034109 -0.547011 -0.565100 -0.252972 -0.433113 0.137432 -0.125865 -0.028250 -0.126629 -0.401691 -0.254924 0.010921 0.007031 -0.008158 -0.277838 0.529835 0.458098 0.207167 0.169799 0.134623 -0.189512 0.609997 0.557874 0.679804 0.611941 -0.010954 0.242249 0.282594 0.348842 0.046575 -0.083782 -0.227267 -0.460070 0.239701 0.129965 0.099842 -0.005269 0.180633 0.198343 0.047048 0.152303 0.140308 0.063522 -0.131105 -0.204030 0.088437 -0.299079 -0.447642 -0.392756 -0.405878 -0.329827 0.123176 0.077439 -0.171477 0.337413 -0.027861 -0.270733 -0.267815 -0.186775
-0.274585 0.246887 -0.593076 -0.310830 -0.191290 -0.558239 -0.139708 -0.127279 0.105011 0.386340 -0.144310 0.287918 0.316440 0.489517 -0.203756 0.465950 0.403247 0.704577 0.343567 0.469401 -0.191595 -0.134275 -0.587412 -0.120024 -0.209765 -0.151289 -0.452885 -0.462609 0.682982 1.000000 0.281843 0.332430 -0.037361 0.144851 -0.464155 0.002638 0.362721 0.389483 -0.009813 -0.012083 0.139750 0.339149 0.194404 0.153081 0.320546 0.164866 -0.016212 0.119970 -0.300436 -0.016445 -0.408903 -0.254831 -0.149800 -0.037766 -0.187790 -0.048859 0.050413 0.086361 -0.574766 -0.464208 -0.085976 -0.164641 0.350361 0.179157 -0.007580 -0.120310 -0.305610 -0.200973 -0.043787 0.119508 -0.027682 -0.212857 0.537078 0.571620 0.404157 0.467284 0.241969 0.021249 0.478048 0.565518 0.592232 0.638743 -0.326562 0.257204 0.077443 0.180565 0.089511 -0.199191 -0.489815 -0.466844 0.292877 0.012737 0.153653 -0.234039 -0.104773 0.094505 0.026839 -0.003973 0.318267 -0.015462 -0.114854 -0.099936 0.212819 -0.114066 -0.339357 -0.180999 -0.514255 -0.492415 0.078588 0.025155 -0.107877 0.328432 -0.204020 -0.410200 -0.447690 -0.417460
-0.484595 -0.301563 -0.042865 -0.006050 0.022395 0.043386 0.139982 -0.056521 -0.150713 0.007912 0.083166 0.045902 0.035758 0.086969 -0.008987 -0.052566 0.064781 0.043995 0.075587 0.004884 -0.030435 0.087952 0.083746 0.419460 0.278233 0.338532 0.012472 0.019845 0.158957 0.281843 1.000000 0.804235 0.002480 0.291979 0.217310 0.062574 0.243530 0.255721 0.183904 -0.062710 0.154810 0.195630 0.018953 -0.022796 -0.111433 -0.047566 -0.180008 0.056219 -0.277112 -0.380791 -0.128210 -0.304471 -0.096293 -0.176543 0.001365 -0.176774 -0.358721 -0.391605 -0.324092 -0.434260 -0.094789 -0.337830 0.066863 -0.106941 0.387197 0.040027 -0.287023 0.005179 -0.297768 -0.215415 0.061715 0.013712 0.144681 0.155957 0.245964 0.408197 0.227122 0.103742 -0.001262 0.141494 -0.093414 0.056197 -0.004917 0.107143 0.328046 0.286631 0.117075 0.126009 -0.021836 -0.087320 -0.110703 -0.119688 -0.011515 0.002684 -0.411084 -0.071742 -0.049675 -0.319292 0.016284 -0.427011 -0.114034 -0.099655 -0.038249 0.072485 -0.003057 0.164185 -0.174737 -0.169705 -0.101313 -0.253110 0.094898 -0.024206 -0.395307 -0.220072 -0.216045 -0.391758
-0.619242 -0.316508 -0.149205 0.051438 0.017924 0.060658 0.136327 -0.010230 -0.099387 0.041997 0.108464 0.047753 0.060265 0.075082 -0.080749 0.004040 0.088522 0.174234 -0.020982 -0.031706 -0.025516 0.141710 0.187592 0.524598 0.353932 0.482453 0.087959 0.106561 0.199348 0.332430 0.804235 1.000000 0.069103 0.353511 0.227014 -0.002892 0.260109 0.234536 0.247999 0.016564 0.188456 0.279964 -0.025877 -0.142312 -0.133372 -0.093134 -0.256445 0.031307 -0.345319 -0.474122 -0.127284 -0.462651 -0.162875 -0.255463 -0.055847 -0.240807 -0.387188 -0.378362 -0.443916 -0.501284 -0.167525 -0.363098 0.091690 -0.041143 0.484597 0.061720 -0.374902 0.027783 -0.279779 -0.163095 0.129907 0.080336 0.201218 0.256307 0.326889 0.383206 0.214627 0.066044 0.001240 0.217923 -0.079097 0.053380 -0.006320 0.118800 0.385005 0.235631 0.158331 0.205649 0.041421 -0.139106 -0.193971 -0.230784 0.056767 0.002301 -0.449504 -0.147496 -0.133987 -0.313474 -0.126916 -0.524389 0.030503 0.014724 0.076061 0.193886 0.011526 0.201857 -0.224521 -0.229340 -0.189110 -0.203795 0.109114 -0.042191 -0.532536 -0.201181 -0.213083 -0.442062
-0.055919 -0.021475 0.208229 -0.167777 -0.192287 -0.198272 0.096093 0.024297 -0.169099 -0.145985 0.051193 0.039253 -0.129600 0.027823 -0.206669 -0.197993 0.111352 -0.115856 -0.087665 -0.041971 0.054205 -0.001849 -0.027231 -0.117934 -0.055396 -0.036787 -0.154614 -0.092775 0.030668 -0.037361 0.002480 0.069103 1.000000 0.527853 0.016222 0.080355 0.036995 0.009623 -0.122954 -0.085283 0.213734 0.141026 0.132274 -0.037870 0.082931 0.079956 -0.122753 -0.168324 -0.074844 -0.118608 -0.129777 -0.143555 -0.248606 -0.191595 -0.296157 -0.171270 0.043411 -0.049399 -0.008405 0.086722 0.206630 0.111274 0.095787 0.019900 0.074357 0.167967 0.270399 0.280947 -0.034627 -0.213754 0.055308 0.067820 0.229979 -0.143587 -0.089599 -0.041401 0.207244 0.154142 -0.083410 0.170200 0.084508 0.050185 -0.106506 0.035943 0.037835 0.170692 -0.230426 0.008785 -0.016886 -0.127595 -0.265282 -0.261485 -0.106263 -0.141538 -0.097411 -0.008989 -0.197282 -0.153947 -0.159190 0.087072 0.161861 -0.061328 0.243176 -0.136772 0.053631 -0.125931 0.173535 0.118296 -0.197562 -0.103085 0.144498 -0.137178 0.262242 0.134026 0.251942 0.129651
-0.148541 -0.047527 0.029678 -0.337318 -0.246764 -0.318877 0.035588 0.057678 -0.317633 -0.132276 -0.017683 0.081371 -0.178237 0.039000 -0.221621 -0.166388 0.015310 0.017089 -0.099804 -0.015784 0.067391 0.378356 -0.114198 -0.043426 -0.204061 -0.076635 -0.137004 -0.148069 0.060404 0.144851 0.291979 0.353511 0.527853 1.000000 0.109089 0.175269 0.439491 0.324905 0.037531 0.016556 0.380376 0.477257 0.178491 -0.081868 -0.129452 -0.038367 -0.027012 -0.017179 -0.397741 -0.295170 -0.326615 -0.337647 -0.397564 -0.277463 -0.320489 -0.181457 0.127082 0.002903 -0.222362 0.016490 0.120999 0.170123 0.015467 0.302974 -0.043340 0.137621 0.114763 0.385174 -0.168118 -0.400511 -0.020081 0.250973 0.336406 0.076467 0.108934 0.096644 0.556836 0.522104 -0.387749 0.049244 0.031907 0.051943 0.130759 0.277805 0.092280 0.236580 -0.462403 0.152882 -0.069498 -0.203462 -0.373611 -0.452235 -0.214903 -0.287288 -0.376134 -0.240761 -0.297364 -0.437437 -0.206365 -0.065736 0.110901 0.032009 0.341643 -0.058295 0.365537 0.090006 0.352063 0.269689 -0.492757 -0.239032 0.364148 -0.153995 0.073921 0.274251 0.393804 0.156515
-0.170585 -0.301826 0.253910 0.302400 0.193127 0.358032 -0.085615 0.002676 -0.212550 -0.402197 0.140544 -0.174760 -0.191279 -0.372197 0.222236 -0.436739 -0.390077 -0.472433 -0.348415 -0.401273 0.247386 0.105580 0.605980 0.173470 0.441696 0.390988 0.408368 0.510860 -0.464819 -0.464155 0.217310 0.227014 0.016222 0.109089 1.000000 0.385856 -0.022795 -0.163526 0.175621 0.011299 0.064274 -0.174101 -0.143836 -0.091601 -0.133133 0.044944 -0.268289 -0.030581 0.158557 -0.259305 0.416089 -0.126015 -0.067105 -0.259266 0.245992 -0.128602 -0.212442 -0.158855 0.119704 -0.023524 -0.127583 -0.167341 -0.254900 -0.206403 0.285728 0.147882 0.153010 0.407607 0.086012 -0.019061 0.166066 0.137363 -0.255502 -0.409604 -0.335842 -0.118653 -0.202671 -0.057402 -0.299610 -0.233526 -0.540590 -0.434321 0.147336 -0.286204 0.408770 0.138789 0.208384 0.357770 0.602678 0.303130 -0.375461 -0.286946 -0.187432 0.077301 -0.090775 -0.106137 -0.033605 -0.090471 -0.326010 -0.330618 -0.155765 -0.035859 -0.342376 0.161296 0.064247 0.111554 0.054734 0.021240 0.033238 -0.053749 0.249134 -0.170585 -0.054087 0.144855 0.035729 -0.050536
-0.195716 -0.100325 0.048857 -0.107835 0.074699 -0.116144 -0.000258 0.136163 -0.062689 -0.138035 -0.175118 -0.009064 -0.016446 0.075142 -0.036053 -0.243919 -0.246534 -0.264779 -0.326018 -0.228501 0.025989 -0.106906 -0.008617 -0.271718 0.084967 -0.062385 -0.059743 -0.159984 -0.176455 0.002638 0.062574 -0.002892 0.080355 0.175269 0.385856 1.000000 -0.028047 -0.005368 -0.109910 -0.005076 -0.087900 0.054660 0.015473 -0.078162 0.365841 0.581174 -0.131169 -0.152762 0.291981 0.224057 -0.073746 0.036170 -0.182633 -0.172866 -0.130417 -0.176670 -0.139801 -0.139770 0.137344 0.189506 0.163264 0.113566 -0.072828 -0.091744 0.035847 0.182183 0.427845 0.595984 -0.143287 -0.040375 0.319407 0.384232 0.037734 0.059628 -0.293197 -0.123519 0.055349 0.168724 -0.101097 -0.080247 -0.179451 -0.138437 -0.138828 -0.230870 -0.064503 -0.159043 -0.181738 -0.343901 -0.124663 -0.120458 -0.274921 -0.357607 -0.098960 -0.116334 -0.114987 -0.045997 -0.269425 -0.135054 -0.165004 -0.164747 -0.071997 -0.091078 -0.029044 0.121290 0.117741 0.119260 0.022673 0.033763 -0.051327 0.034749 0.105329 -0.242239 -0.073680 0.151397 0.117179 0.035393
