1.000000 0.683250 -0.057021 -0.069883 -0.124573 -0.066183 -0.008966 0.050800 -0.036019 0.105076 0.202608 -0.058200 0.182842 0.076056 -0.100617 0.086169 0.180771 0.093917 0.525098 0.320705 -0.278076 -0.126186 -0.217024 -0.082520 -0.255312 -0.403853 0.004843 -0.065737 -0.052741 -0.238753 -0.417700 -0.460612 0.283596 -0.010347 -0.196110 -0.207293 -0.074320 -0.217294 -0.002781 0.097401 -0.189907 -0.003211 -0.179858 -0.291045 -0.106488 -0.263983 -0.116788 -0.048021 0.095675 -0.078475 -0.530988 -0.140675 0.084067 -0.039173 0.002689 -0.143348 0.518395 0.361772 0.457117 0.351809 0.277042 0.288616 0.205631 0.206508 -0.091129 -0.244062 0.037303 -0.319222 0.377180 0.188768 0.107935 -0.047965 0.066349 -0.054771 0.147939 0.060759 -0.060371 -0.024040 0.049187 0.235200 0.134572 0.247785 -0.160385 -0.146245 -0.167818 -0.138065 0.199642 -0.083034 0.280533 0.302308 -0.081054 0.028265 0.056898 -0.118760 0.144194 0.122263 -0.248315 0.112021 -0.043217 0.158933 -0.004970 0.186959 0.115623 0.129813 0.098373 -0.249780 0.028900 0.097606 -0.151386 0.136444 -0.167841 -0.091204 0.056057 0.104409 0.107876 0.127912
0.683250 1.000000 -0.175110 -0.047368 -0.186505 -0.186997 -0.187775 -0.047330 -0.072827 0.030812 0.176316 0.055645 0.193810 0.103999 -0.053618 0.076669 0.070804 0.176045 0.484707 0.276189 -0.296709 -0.223299 -0.243433 -0.120246 -0.128863 -0.382260 -0.114971 -0.208428 -0.165629 -0.113952 -0.407164 -0.530661 0.520849 0.039889 -0.132056 -0.165816 -0.101081 -0.195059 -0.136163 -0.136986 -0.300472 -0.056131 -0.193234 -0.243869 -0.055798 -0.147935 -0.143507 0.092257 0.096417 0.105883 -0.228133 0.122323 -0.018814 -0.030306 -0.121846 -0.268651 0.438845 0.605780 0.352188 0.475368 0.192527 0.353707 0.240442 0.301153 -0.118854 -0.034557 0.139617 -0.239580 0.460894 0.106789 -0.029263 -0.222072 0.062725 -0.034202 0.279367 0.042421 -0.027338 -0.098944 -0.028684 0.272795 0.179697 0.326905 -0.231294 -0.165615 -0.147690 0.005544 0.119428 -0.162691 0.083265 0.080793 -0.167046 -0.097438 -0.062030 -0.223364 -0.062675 -0.079272 -0.284349 -0.037104 -0.161090 -0.027259 -0.149135 0.100315 -0.008923 0.116510 0.004768 -0.176328 0.051030 0.008748 -0.267029 -0.004082 -0.030014 -0.088986 -0.056957 -0.003046 0.009778 0.069205
-0.057021 -0.175110 1.000000 0.577475 0.695523 0.530259 0.546661 0.631037 0.531917 0.500585 -0.078388 0.179298 0.042202 -0.065600 0.154776 0.438855 -0.199043 -0.172581 0.158394 0.402560 0.139868 0.292210 0.419199 0.223191 0.358968 0.195832 0.628080 0.219506 -0.065724 -0.051658 0.289266 0.129970 -0.156950 -0.285539 -0.240634 -0.091677 -0.395168 -0.323061 0.036835 0.111726 -0.133403 -0.339846 -0.258818 -0.231124 -0.198635 -0.229317 -0.226251 0.043052 -0.183918 -0.318945 -0.110086 -0.440902 -0.198492 -0.283984 0.014657 -0.113798 -0.470962 -0.318240 -0.080238 -0.407356 -0.034023 -0.300715 -0.248486 -0.439783 0.144568 0.284787 -0.078453 0.145718 0.068765 0.179927 0.068364 0.062624 -0.399471 0.052756 -0.313137 -0.086909 -0.415944 -0.283803 -0.039087 -0.305989 -0.218157 -0.258705 -0.111224 -0.023148 -0.184509 -0.218983 0.055972 -0.154127 0.107951 0.102928 0.315220 0.305291 0.282576 0.343550 -0.058974 0.145814 0.050088 -0.011209 -0.241236 -0.276557 -0.065246 -0.048493 -0.272672 0.072148 -0.350105 -0.122216 -0.357944 -0.317843 0.204913 0.295679 -0.019069 0.025018 0.034437 -0.267070 -0.378158 -0.405289
-0.069883 -0.047368 0.577475 1.000000 0.393947 0.403658 0.144977 0.498996 0.320364 0.629014 -0.081787 0.219543 0.031138 -0.101488 0.250946 0.236028 -0.168947 -0.057117 0.144390 0.501597 0.227047 0.029006 0.505569 0.391049 0.263806 0.144410 0.415288 0.111065 -0.142904 0.013832 0.244053 0.009726 -0.148915 -0.219881 -0.352803 -0.216979 -0.401011 -0.202231 -0.082611 -0.090037 -0.219437 -0.149974 -0.348732 -0.268185 -0.270509 -0.191239 -0.404466 -0.108641 -0.209584 -0.304991 -0.036068 -0.355180 -0.085917 -0.349850 -0.162642 -0.340486 -0.361604 -0.251384 -0.169310 -0.211648 -0.152994 -0.215011 -0.265679 -0.268788 0.211387 0.336097 -0.163601 0.181221 0.103785 0.238983 -0.145036 -0.120705 -0.415000 0.045815 -0.192353 -0.160156 -0.392112 -0.171992 -0.031522 -0.294790 -0.102995 -0.109786 0.025839 0.191950 0.101799 0.226819 0.072648 -0.054399 0.113459 0.165488 0.137532 0.050287 0.073781 0.079725 -0.128025 -0.075380 -0.234650 -0.112235 -0.493546 -0.490854 -0.156107 -0.241401 -0.323061 0.142930 -0.382886 -0.052817 -0.417358 -0.331505 -0.032375 0.342699 0.162590 -0.174475 -0.224654 -0.323674 -0.398530 -0.353978
-0.124573 -0.186505 0.695523 0.393947 1.000000 0.671041 0.419807 0.519721 0.730062 0.612066 -0.338044 -0.004735 -0.139937 -0.143600 0.272854 0.581581 -0.256603 -0.099671 -0.014776 0.240798 0.304553 0.244994 0.136363 0.070365 0.390034 0.273526 0.722660 0.217934 0.069298 0.092056 0.005039 -0.136380 -0.230254 -0.388870 -0.353016 -0.195429 -0.203710 -0.318873 -0.015720 0.047460 0.127193 -0.432259 -0.034127 0.047751 -0.041175 -0.036339 -0.069572 0.199546 0.105691 -0.085077 0.096673 -0.182766 -0.155251 -0.243445 0.100123 0.060900 -0.451381 -0.279225 0.004426 -0.270115 -0.136234 -0.403896 -0.326788 -0.486028 -0.098748 0.174366 0.009622 0.137273 -0.008667 0.236824 0.028260 0.039869 -0.265987 0.005709 -0.205994 -0.025283 -0.378464 -0.308448 0.096407 -0.318458 -0.004586 -0.125520 -0.092629 -0.053093 -0.396290 -0.271579 -0.265925 -0.242361 -0.046841 -0.047759 0.386427 0.361574 0.354697 0.198322 -0.153373 0.294668 0.300825 0.048358 -0.038534 -0.207492 0.021355 -0.146312 -0.222764 0.035011 -0.419004 -0.104170 -0.343543 -0.377320 0.160244 0.511048 -0.092038 0.014982 0.000433 -0.266480 -0.494341 -0.503521
-0.066183 -0.186997 0.530259 0.403658 0.671041 1.000000 0.224834 0.370158 0.434031 0.541809 -0.342643 -0.244677 -0.183300 -0.338724 0.470074 0.509668 -0.141867 -0.046329 -0.036569 0.338946 0.293045 0.413624 0.378645 0.467139 0.516161 0.606000 0.746581 0.607198 0.028699 -0.174079 0.028112 0.049113 -0.274085 -0.413613 -0.310964 -0.273921 -0.163533 -0.298051 0.013120 -0.014074 0.017255 -0.467943 -0.191706 -0.083000 -0.180638 -0.172395 -0.192552 0.123719 -0.043523 -0.230899 0.024047 -0.337042 -0.142762 -0.217417 0.254445 -0.023648 -0.188055 -0.070475 -0.272894 -0.456355 -0.284300 -0.618802 -0.345689 -0.445830 0.163510 0.227570 -0.250535 0.049348 0.031894 0.435716 0.123022 0.200060 -0.504107 -0.121781 -0.330246 -0.095777 -0.540993 -0.345921 0.395885 -0.180147 0.048995 0.084769 -0.093717 0.164896 -0.070536 0.002102 -0.008611 0.058761 0.114375 0.087670 0.219546 0.291099 0.046637 0.277735 -0.011270 0.167285 0.240240 0.079490 -0.207390 -0.385731 -0.228831 -0.233867 -0.379641 0.100157 -0.608623 -0.100820 -0.531199 -0.548695 0.136727 0.426375 -0.068413 -0.013785 -0.296061 -0.487975 -0.605209 -0.550248
-0.008966 -0.187775 0.546661 0.144977 0.419807 0.224834 1.000000 0.680413 0.263149 0.212110 -0.156262 0.077597 0.126162 0.153712 -0.133120 0.316785 -0.467620 -0.300489 -0.221911 -0.071929 -0.004350 0.163439 0.007976 -0.217404 -0.223417 -0.279432 0.376217 -0.000263 -0.276922 -0.152415 0.043024 -0.117508 0.010596 -0.088901 -0.080022 0.150955 -0.316169 -0.122178 0.266496 0.391807 -0.084751 -0.108777 0.194598 0.036229 0.134392 -0.005652 0.251916 0.175035 0.176946 0.072927 -0.038634 -0.012983 0.187741 0.049080 0.284230 0.413416 -0.354186 -0.400989 0.189231 -0.088072 0.073570 0.130990 -0.183557 -0.298512 -0.342705 -0.108261 0.007188 -0.017256 -0.387254 -0.183664 0.152802 0.046674 -0.193412 0.095081 -0.290493 -0.037654 -0.007564 -0.033625 -0.369400 -0.341212 -0.429836 -0.513013 -0.154391 -0.125132 -0.577618 -0.522058 -0.117293 -0.327996 0.298639 0.208798 0.425932 0.359636 0.456251 0.102825 -0.024137 0.273233 0.192578 0.159755 0.297378 0.295751 0.290606 0.055249 0.250697 -0.120487 0.154606 -0.237284 -0.008816 0.062466 0.284966 0.235463 -0.054953 0.178575 0.289417 0.236252 0.040493 0.043939
0.050800 -0.047330 0.631037 0.498996 0.519721 0.370158 0.680413 1.000000 0.420741 0.504085 -0.108740 0.137419 0.067496 0.276230 -0.111030 0.502941 -0.432774 -0.201485 0.018123 0.175857 0.059098 0.109871 0.003957 -0.020255 0.069385 -0.139975 0.454871 0.071454 -0.310198 -0.037126 0.054164 -0.163201 -0.015115 -0.113524 -0.199952 0.030986 -0.474986 -0.139913 0.155190 0.291421 -0.274304 -0.130310 0.027656 -0.161639 -0.121274 -0.183815 0.064254 -0.027206 0.121524 -0.164147 -0.076444 -0.267029 -0.172155 -0.293070 0.147036 0.168671 -0.436062 -0.390548 0.208671 -0.025226 0.039162 0.087704 -0.258812 -0.371374 -0.323300 0.210773 0.087099 0.010432 -0.239413 -0.065131 0.081208 0.034349 -0.182067 0.190424 -0.181924 0.166048 -0.118131 0.021062 -0.325327 -0.326650 -0.430402 -0.482564 -0.314511 -0.194729 -0.539222 -0.449210 -0.149383 -0.452099 0.255075 0.268055 0.419920 0.299415 0.581789 0.164136 -0.030694 0.261737 0.103717 0.084044 0.087034 0.068931 0.357522 0.036376 0.179173 0.101550 -0.007828 -0.195975 -0.062094 0.030109 0.321113 0.258584 -0.077310 -0.000725 0.095821 0.159834 -0.080898 -0.126139
-0.036019 -0.072827 0.531917 0.320364 0.730062 0.434031 0.263149 0.420741 1.000000 0.645895 -0.189946 0.117887 -0.025560 -0.036258 0.277577 0.621580 -0.010067 0.123590 0.161048 0.224964 0.224108 0.149443 0.023377 -0.115581 0.374231 0.092517 0.476248 -0.124639 0.287176 0.235344 -0.007287 -0.121331 -0.230915 -0.353097 -0.253395 -0.176368 -0.324637 -0.507603 -0.297339 -0.198954 0.137875 -0.445520 -0.002445 0.099436 0.205384 0.157932 0.000539 0.240340 0.193019 0.153418 0.034031 -0.038678 -0.222192 -0.145998 -0.079784 0.020260 -0.431807 -0.172832 -0.017938 -0.219646 -0.175332 -0.296303 -0.123658 -0.313231 -0.043711 -0.003379 0.076116 0.023056 -0.073927 0.174568 -0.033469 -0.060480 -0.094695 0.136956 -0.130001 -0.018419 -0.282799 -0.363009 0.138845 -0.084941 0.164612 0.072877 -0.068462 -0.035264 -0.266899 -0.124228 -0.166458 -0.210675 -0.149816 -0.204382 0.152529 0.095252 0.178624 0.004701 -0.251230 0.247028 0.172037 0.050786 -0.135525 -0.222008 -0.036276 -0.321984 -0.260946 -0.045777 -0.393580 -0.098615 -0.325427 -0.306656 0.091108 0.433942 -0.259181 -0.155264 0.029719 -0.270539 -0.456949 -0.520715
0.105076 0.030812 0.500585 0.629014 0.612066 0.541809 0.212110 0.504085 0.645895 1.000000 -0.055101 0.264432 0.106833 -0.035516 0.367453 0.518798 -0.097493 0.037095 0.259562 0.455633 0.194026 -0.046741 0.184590 0.109248 0.265094 0.067767 0.479344 -0.041430 0.041781 0.190557 0.061633 -0.190325 -0.061964 -0.277794 -0.435802 -0.259436 -0.347811 -0.526414 -0.371297 -0.288513 0.012958 -0.409284 -0.046616 -0.006892 0.063313 0.028807 -0.152906 0.061309 0.134233 0.079680 0.000728 -0.154794 -0.132779 -0.221842 -0.168521 -0.146523 -0.376380 -0.189703 -0.054021 -0.216445 -0.293878 -0.395790 -0.191850 -0.319986 0.036968 0.063012 -0.127295 -0.028098 0.014492 0.262426 -0.051775 -0.098718 -0.220400 0.144670 -0.007456 0.117282 -0.277938 -0.270058 0.148644 -0.109199 0.077548 0.098363 -0.037214 -0.012841 -0.152146 0.031977 -0.136921 -0.240381 -0.152220 -0.153084 0.150300 0.172459 0.114829 0.094726 -0.232603 0.075344 -0.154957 -0.026850 -0.327682 -0.369241 -0.079008 -0.251044 -0.309519 0.052566 -0.425744 -0.014668 -0.411974 -0.319028 -0.070127 0.395192 -0.097621 -0.324304 -0.297312 -0.289031 -0.450806 -0.463003
0.202608 0.176316 -0.078388 -0.081787 -0.338044 -0.342643 -0.156262 -0.108740 -0.189946 -0.055101 1.000000 0.488964 0.662717 0.480713 0.070750 -0.112976 0.371751 0.251730 0.254911 -0.076799 -0.230175 -0.254009 0.090204 -0.006921 -0.072126 -0.251870 -0.418317 -0.286794 0.048573 0.151803 0.223781 0.070254 0.150131 0.252346 0.263669 0.318477 0.055851 0.176011 -0.261666 -0.310609 -0.294781 0.066951 -0.245150 -0.367676 -0.182067 -0.317107 -0.156974 -0.394131 -0.103702 -0.105194 -0.105496 -0.132533 -0.028976 0.012749 -0.189091 -0.264791 -0.059900 -0.116256 -0.100255 -0.132437 0.212782 0.074932 0.188966 0.136134 0.281338 0.206545 -0.179258 -0.167140 0.052709 -0.254429 0.185840 0.080402 0.387484 0.262379 0.398335 0.268851 0.286177 0.342567 -0.070563 0.255319 -0.156876 -0.053900 -0.043151 -0.262554 0.245619 0.128463 0.146629 -0.003783 -0.053293 0.009449 -0.125240 -0.291819 0.084002 0.168555 -0.358225 -0.341882 -0.444988 -0.314675 -0.180127 -0.134207 0.101054 0.120510 0.096827 -0.136399 0.210678 0.181618 0.076460 0.203402 -0.339672 -0.455967 0.056644 -0.178944 -0.036419 0.096385 0.274331 0.105815
-0.058200 0.055645 0.179298 0.219543 -0.004735 -0.244677 0.077597 0.137419 0.117887 0.264432 0.488964 1.000000 0.602367 0.536527 -0.047321 0.084214 0.186574 0.219960 0.232431 0.059457 -0.060710 -0.155081 0.081991 -0.213086 -0.056245 -0.281639 -0.090253 -0.395579 0.200510 0.551453 0.201104 0.035306 0.160185 0.239466 0.145880 0.208260 -0.086710 -0.188290 -0.333388 -0.335770 -0.051462 -0.010328 -0.127725 -0.064316 0.074304 0.008835 -0.059702 -0.039103 -0.206119 0.098550 -0.184101 -0.135815 -0.042547 -0.035324 -0.336829 -0.208826 -0.431907 -0.212700 -0.067239 -0.105313 0.078559 0.088640 0.190924 -0.057557 0.194853 0.218555 -0.017379 -0.016946 -0.068607 -0.293318 -0.135249 -0.231637 0.280774 0.220064 0.314819 0.276145 0.143881 0.008561 -0.022447 0.151261 0.015393 -0.011814 -0.018806 -0.176773 0.004914 0.057498 0.030145 -0.075731 -0.318898 -0.207613 -0.174170 -0.265009 0.038936 -0.044647 -0.373555 -0.280706 -0.289371 -0.203190 -0.344797 -0.374120 0.031693 -0.119375 -0.163964 -0.081804 -0.012091 0.290422 -0.128984 -0.005585 -0.232473 -0.096334 0.140246 -0.300718 -0.086148 -0.118583 -0.041312 -0.215988
0.182842 0.193810 0.042202 0.031138 -0.139937 -0.183300 0.126162 0.067496 -0.025560 0.106833 0.662717 0.602367 1.000000 0.507267 0.257253 0.219020 0.221744 0.403354 0.326938 0.007316 -0.314081 -0.248728 0.064201 -0.147408 -0.091719 -0.288800 -0.141217 -0.307096 0.246549 0.325158 0.077948 -0.023806 0.080570 0.137123 -0.010881 0.123377 -0.053807 0.013252 -0.312190 -0.325997 -0.148211 -0.064224 -0.143731 -0.213398 -0.140966 -0.263956 -0.147366 -0.165536 -0.041439 0.031287 -0.209244 -0.165006 0.057242 0.000514 -0.040157 -0.241489 -0.148232 -0.017202 -0.104946 -0.179741 0.288497 0.118677 0.285622 0.085744 0.221290 0.140123 -0.310202 -0.387243 0.055184 -0.202178 0.032719 -0.062480 0.343592 0.203090 0.328868 0.233708 0.085431 0.123381 0.019923 0.284327 -0.060287 0.033873 -0.026650 -0.101317 0.028734 -0.061460 0.133838 -0.090072 -0.048718 0.010162 -0.054936 -0.206466 0.128729 -0.062141 -0.474305 -0.261363 -0.401298 -0.221124 -0.166176 -0.210902 0.066977 -0.001439 -0.070020 -0.125803 -0.030391 0.191911 -0.157642 -0.056474 -0.346058 -0.238333 0.031765 -0.222709 -0.077989 -0.129897 -0.039850 -0.152273
0.076056 0.103999 -0.065600 -0.101488 -0.143600 -0.338724 0.153712 0.276230 -0.036258 -0.035516 0.480713 0.536527 0.507267 1.000000 -0.304895 0.127416 0.008475 0.126950 0.138911 -0.248094 -0.136612 -0.270339 -0.363591 -0.375234 -0.285459 -0.428546 -0.168433 -0.341553 0.008906 0.368658 -0.028470 -0.237567 0.239871 0.169452 0.151840 0.356490 0.014890 0.189075 -0.077906 -0.011401 -0.099913 0.169941 0.041873 -0.141921 -0.044472 -0.168075 0.095207 -0.207040 0.169047 0.021093 -0.091542 -0.054961 -0.047121 -0.116277 -0.081478 0.111343 -0.258918 -0.230297 0.254291 0.190581 0.382671 0.373554 0.359879 0.145056 -0.299272 0.104574 0.154632 -0.248793 -0.180428 -0.406426 0.083969 -0.231887 0.506728 0.289116 0.369995 0.343040 0.344395 0.222890 -0.245672 0.173500 -0.053026 -0.156648 -0.185112 -0.282359 -0.293141 -0.148638 -0.112644 -0.273688 -0.075066 0.047480 0.069243 -0.222122 0.314034 -0.180196 -0.227692 -0.131464 -0.137545 -0.018374 0.204116 0.118804 0.412184 0.211816 0.296160 -0.070365 0.305205 0.062734 0.199193 0.331295 -0.084904 -0.281527 0.067636 0.039672 0.164331 0.243535 0.275188 0.142673
-0.100617 -0.053618 0.154776 0.250946 0.272854 0.470074 -0.133120 -0.111030 0.277577 0.367453 0.070750 -0.047321 0.257253 -0.304895 1.000000 0.422022 0.113864 0.225548 0.070320 0.282892 0.013000 0.031196 0.445387 0.387290 0.373857 0.404188 0.278327 0.176259 0.255143 -0.001820 0.066200 0.013056 -0.340895 -0.453923 -0.382124 -0.388357 0.012746 -0.177069 -0.339878 -0.367856 0.009968 -0.436867 -0.236569 -0.111129 -0.213304 -0.222052 -0.258684 -0.027837 0.049927 -0.020551 0.271362 -0.014419 0.005629 -0.040842 0.111747 -0.232528 -0.078724 0.124407 -0.451623 -0.441049 -0.278367 -0.575779 -0.221768 -0.291562 0.429899 0.112229 -0.488318 -0.237873 0.203180 0.372778 -0.030590 -0.005279 -0.204853 -0.052370 -0.055666 -0.134808 -0.389846 -0.296588 0.346120 0.049294 0.092586 0.226950 0.263678 0.375470 0.367539 0.282376 0.161189 0.286116 0.004407 -0.073208 0.179735 0.151075 -0.106828 0.168296 -0.322446 -0.030971 -0.018114 -0.035524 -0.234998 -0.438120 -0.325320 -0.227514 -0.506465 -0.019511 -0.576537 0.013591 -0.446801 -0.572969 -0.279448 0.185584 0.068991 -0.173323 -0.244795 -0.534912 -0.572297 -0.497139
0.086169 0.076669 0.438855 0.236028 0.581581 0.509668 0.316785 0.502941 0.621580 0.518798 -0.112976 0.084214 0.219020 0.127416 0.422022 1.000000 -0.149550 0.164439 0.163089 0.181133 0.016358 0.235280 0.070956 0.117429 0.338505 0.124232 0.556139 0.107753 0.284101 0.143471 -0.247863 -0.186259 -0.174678 -0.413746 -0.282951 -0.305242 -0.317450 -0.418249 -0.221964 -0.084083 0.110598 -0.498010 0.053856 -0.028539 -0.104169 -0.091957 0.030818 0.069348 0.137216 0.034729 0.045497 -0.113547 -0.171030 -0.225888 0.146812 0.067494 -0.325035 -0.072441 -0.032623 -0.183220 -0.130583 -0.256029 -0.197841 -0.423366 -0.069734 0.088575 -0.045700 -0.235231 -0.103664 0.108658 -0.007255 -0.122720 -0.150505 -0.084611 -0.209288 0.054795 -0.400147 -0.349724 0.137750 -0.006658 0.028543 0.016756 0.069914 0.141626 -0.261073 -0.187052 -0.084277 -0.126781 0.069354 0.012390 0.269976 0.219250 0.311906 0.028562 -0.133839 0.326953 0.210883 0.210802 -0.033850 -0.211448 -0.066613 -0.193709 -0.226613 0.012373 -0.369250 -0.200520 -0.305909 -0.392730 0.114827 0.371587 -0.253386 -0.162259 0.012208 -0.282155 -0.426201 -0.440791
0.180771 0.070804 -0.199043 -0.168947 -0.256603 -0.141867 -0.467620 -0.432774 -0.010067 -0.097493 0.371751 0.186574 0.221744 0.008475 0.113864 -0.149550 1.000000 0.547004 0.284900 0.047231 -0.258404 -0.145269 0.015790 0.037746 0.102837 0.075376 -0.354780 -0.160114 0.452643 0.134281 0.105954 0.206575 -0.001501 0.128535 0.094887 -0.039371 0.213665 -0.149867 -0.437810 -0.494263 0.017698 -0.045255 -0.377492 -0.158853 -0.125001 -0.102498 -0.256295 -0.032873 -0.278066 -0.071487 -0.296963 -0.245453 -0.172927 0.010632 -0.274359 -0.305821 0.311210 0.333206 -0.214680 -0.237225 0.100570 -0.179213 0.388378 0.360623 0.427459 0.019695 -0.059497 -0.044804 0.294477 0.101025 0.109394 0.131122 0.215359 0.010368 0.274695 0.046779 0.018744 -0.023214 0.515625 0.541534 0.439849 0.474097 -0.021758 -0.030235 0.312018 0.309825 0.220411 0.357682 -0.234192 -0.165508 -0.488033 -0.367386 -0.399192 -0.029949 -0.107891 -0.240533 -0.218248 -0.154031 -0.301931 -0.312268 -0.183924 -0.124356 -0.238315 0.074371 -0.119917 0.302320 -0.204355 -0.124219 -0.203878 -0.194452 -0.132304 -0.143520 -0.106014 -0.275824 -0.104368 -0.223408
0.093917 0.176045 -0.172581 -0.057117 -0.099671 -0.046329 -0.300489 -0.201485 0.123590 0.037095 0.251730 0.219960 0.403354 0.126950 0.225548 0.164439 0.547004 1.000000 0.474654 0.109378 -0.216619 -0.200964 -0.056329 -0.002349 0.159173 0.099060 -0.225870 -0.346904 0.548187 0.386090 0.149270 0.181167 -0.021815 0.009511 -0.123839 -0.200080 -0.085045 -0.214814 -0.448091 -0.439064 0.142848 -0.271662 -0.154317 0.070871 -0.056229 -0.096143 -0.221914 0.084098 -0.009733 0.093169 -0.237899 -0.100638 -0.187678 -0.046587 -0.089132 -0.298416 0.200176 0.348094 -0.274447 -0.235890 0.078723 -0.122828 0.344336 0.275273 0.392089 -0.027270 -0.304767 -0.428994 0.268563 0.039206 -0.027397 0.069353 0.300743 0.023235 0.244125 0.126717 -0.153495 -0.186911 0.503833 0.617756 0.295693 0.448515 -0.015204 -0.003605 0.079151 0.045607 0.301122 0.216437 -0.242191 -0.053056 -0.267673 -0.369022 -0.197834 -0.200712 -0.216551 -0.053181 -0.133001 0.017267 -0.264231 -0.428981 -0.133846 -0.159558 -0.300912 0.016396 -0.404434 0.225118 -0.408780 -0.317760 -0.116898 -0.129856 -0.197188 -0.414720 -0.182894 -0.367872 -0.361047 -0.481019
0.525098 0.484707 0.158394 0.144390 -0.014776 -0.036569 -0.221911 0.018123 0.161048 0.259562 0.254911 0.232431 0.326938 0.138911 0.070320 0.163089 0.284900 0.474654 1.000000 0.469634 -0.226072 -0.217607 -0.051457 0.010246 0.074906 -0.164300 -0.043955 -0.243637 0.271505 0.177625 0.048229 -0.029738 0.152510 -0.040763 -0.242247 -0.271149 -0.117003 -0.315079 -0.303710 -0.271162 -0.173571 -0.278998 -0.274410 -0.276905 -0.191619 -0.309997 -0.334321 -0.085737 -0.000694 -0.111895 -0.417766 -0.316553 -0.329533 -0.352961 -0.187098 -0.476253 0.167149 0.289947 0.130005 0.054438 0.229459 0.065403 0.355356 0.259842 0.241325 0.024671 -0.042196 -0.307338 0.525080 0.228875 -0.027588 -0.132810 0.173224 -0.057394 0.223484 0.073721 -0.199409 -0.194152 0.245497 0.384865 0.271469 0.412985 -0.137173 -0.106637 0.044004 0.008249 0.201797 -0.170914 -0.123015 0.011350 -0.217908 -0.146009 -0.157648 -0.123495 0.050964 -0.097452 -0.294303 0.057782 -0.302392 -0.229789 -0.151320 0.042157 -0.252858 0.287737 -0.316249 0.102504 -0.235186 -0.107548 -0.112080 -0.005616 -0.126876 -0.318337 -0.264049 -0.236850 -0.202674 -0.243290
0.320705 0.276189 0.402560 0.501597 0.240798 0.338946 -0.071929 0.175857 0.224964 0.455633 -0.076799 0.059457 0.007316 -0.248094 0.282892 0.181133 0.047231 0.109378 0.469634 1.000000 -0.093048 -0.032890 0.219124 0.182001 0.254599 0.097293 0.371114 0.113683 0.077978 -0.047820 -0.058210 -0.210078 0.060900 -0.141987 -0.497424 -0.450041 -0.268057 -0.484138 -0.258981 -0.226662 -0.123658 -0.397889 -0.290589 -0.111307 -0.069164 -0.108191 -0.302611 0.191072 -0.082905 -0.137255 -0.254928 -0.350644 -0.090005 -0.238086 -0.213945 -0.477416 0.100012 0.280843 -0.074418 -0.055478 -0.143929 -0.266454 -0.048146 -0.072397 0.211045 0.010177 -0.237470 -0.012256 0.505642 0.539234 -0.160120 -0.110662 -0.357029 -0.146724 -0.086897 -0.105975 -0.443164 -0.334084 0.194791 -0.019591 0.229748 0.367146 -0.044545 0.066563 0.090863 0.055183 0.127675 -0.060725 -0.048145 -0.082083 0.120577 0.156284 -0.104179 0.015856 -0.016276 0.024857 -0.205721 -0.107029 -0.408520 -0.402825 -0.435236 -0.201767 -0.510799 0.127701 -0.484963 -0.044511 -0.411632 -0.393105 -0.196340 0.310122 0.136848 -0.131064 -0.195619 -0.393979 -0.385945 -0.348146
-0.278076 -0.296709 0.139868 0.227047 0.304553 0.293045 -0.004350 0.059098 0.224108 0.194026 -0.230175 -0.060710 -0.314081 -0.136612 0.013000 0.016358 -0.258404 -0.216619 -0.226072 -0.093048 1.000000 0.212936 0.207421 0.248034 0.146189 0.352221 0.253433 0.315825 -0.157940 0.014301 0.111914 0.146049 -0.221955 -0.122192 -0.015256 0.088650 0.066430 0.118458 0.266617 0.104996 0.099961 0.127874 -0.021824 -0.009047 -0.027529 0.028640 -0.076992 -0.090666 0.050580 -0.108977 0.123333 -0.039665 -0.005858 -0.190482 0.031433 0.075463 -0.275760 -0.322558 -0.111413 -0.205853 -0.228191 -0.252609 -0.417099 -0.431176 0.038070 0.217310 0.024820 0.283743 -0.072575 0.021497 0.211209 0.132469 -0.112184 0.100409 -0.186753 -0.114265 -0.074983 -0.088017 -0.016700 -0.280698 -0.030902 -0.208409 -0.032486 -0.058092 0.096901 0.149082 -0.043122 0.082041 0.091254 0.012604 0.107123 -0.009385 0.102302 0.255096 -0.015632 0.125840 0.160938 -0.042744 -0.007795 -0.175056 0.050415 -0.045562 0.009654 -0.021067 -0.065518 0.091567 -0.023791 -0.005799 0.090348 0.155273 0.073495 0.041004 -0.066075 -0.074038 -0.096544 -0.157521
-0.126186 -0.223299 0.292210 0.029006 0.244994 0.413624 0.163439 0.109871 0.149443 -0.046741 -0.254009 -0.155081 -0.248728 -0.270339 0.031196 0.235280 -0.145269 -0.200964 -0.217607 -0.032890 0.212936 1.000000 0.171998 0.190924 0.150998 0.325901 0.421133 0.561055 0.185742 -0.194484 -0.028062 0.198522 -0.246662 -0.262820 0.077831 -0.185354 -0.132622 -0.130172 0.387997 0.344444 0.087747 -0.088429 -0.064798 -0.010839 -0.045870 0.031205 0.165373 0.125984 -0.090980 -0.089985 -0.031762 -0.102613 -0.126442 0.021779 0.282073 0.337080 -0.123466 -0.108322 -0.147502 -0.251275 -0.272894 -0.243500 -0.250253 -0.423462 0.121605 0.032646 -0.074961 0.018985 -0.191295 0.185678 0.082365 0.237936 -0.350696 -0.259653 -0.503425 -0.353770 -0.428015 -0.325543 0.241720 -0.225516 0.030433 -0.031573 -0.066176 0.185693 -0.078947 -0.004992 0.075273 0.158576 0.134164 0.144383 0.140350 0.172337 0.040639 0.187291 0.310522 0.258931 0.522984 0.290333 -0.050345 -0.105388 -0.170889 -0.013477 -0.163774 0.142454 -0.242469 -0.095211 -0.292380 -0.396655 0.253369 0.384427 -0.240904 -0.014845 0.066110 -0.299824 -0.290405 -0.207627
-0.217024 -0.243433 0.419199 0.505569 0.136363 0.378645 0.007976 0.003957 0.023377 0.184590 0.090204 0.081991 0.064201 -0.363591 0.445387 0.070956 0.015790 -0.056329 -0.051457 0.219124 0.207421 0.171998 1.000000 0.696427 0.369891 0.473023 0.280241 0.395247 -0.120144 -0.175264 0.431908 0.477884 -0.306461 -0.112981 0.100303 0.017732 -0.187288 -0.090343 -0.002132 -0.084901 -0.111807 -0.169916 -0.438944 -0.308901 -0.285989 -0.238487 -0.382196 -0.110336 -0.485166 -0.367779 0.021499 -0.320999 0.117922 0.017898 0.051410 -0.334476 -0.157734 -0.199014 -0.431389 -0.551593 -0.253630 -0.380689 -0.366636 -0.286736 0.707014 0.347443 -0.422827 0.177239 0.071792 0.092534 -0.085156 0.075409 -0.511278 -0.122540 -0.317433 -0.251936 -0.417846 -0.180291 0.055658 -0.233010 -0.268782 -0.135388 0.317037 0.393379 0.594976 0.376693 0.416060 0.439120 0.306847 0.223786 -0.163207 -0.113121 -0.276315 0.195286 -0.184760 -0.285726 -0.238304 -0.158150 -0.489739 -0.545204 -0.361988 -0.166628 -0.416468 -0.042913 -0.346092 -0.015378 -0.378674 -0.385038 -0.085316 -0.019182 0.206249 -0.077257 -0.303803 -0.384171 -0.335082 -0.274046
-0.082520 -0.120246 0.223191 0.391049 0.070365 0.467139 -0.217404 -0.020255 -0.115581 0.109248 -0.006921 -0.213086 -0.147408 -0.375234 0.387290 0.117429 0.037746 -0.002349 0.010246 0.182001 0.248034 0.190924 0.696427 1.000000 0.419950 0.623107 0.208557 0.606159 -0.135790 -0.319016 0.170799 0.392380 -0.313117 -0.240206 0.023481 -0.190776 -0.097173 -0.026023 0.169965 0.030484 -0.151057 -0.111841 -0.439501 -0.393125 -0.545476 -0.389883 -0.480976 -0.344884 -0.391001 -0.484311 0.008778 -0.423296 -0.152644 -0.274309 0.166802 -0.348834 0.061931 -0.091690 -0.356770 -0.463515 -0.228460 -0.406679 -0.461684 -0.365438 0.606378 0.469160 -0.322463 0.144635 0.249527 0.304213 0.094243 0.244610 -0.437185 -0.247517 -0.189214 -0.194761 -0.409119 -0.130561 0.318719 -0.071255 -0.117464 -0.041540 0.178401 0.243438 0.537246 0.382350 0.381911 0.406906 0.293984 0.280763 -0.098883 0.027637 -0.144792 0.397758 0.166629 -0.092703 -0.102664 0.038167 -0.394975 -0.485374 -0.335376 -0.010950 -0.300037 0.270956 -0.356610 0.008083 -0.365795 -0.375153 0.117621 -0.003919 0.057242 -0.137713 -0.260917 -0.302874 -0.299699 -0.244959
-0.255312 -0.128863 0.358968 0.263806 0.390034 0.516161 -0.223417 0.069385 0.374231 0.265094 -0.072126 -0.056245 -0.091719 -0.285459 0.373857 0.338505 0.102837 0.159173 0.074906 0.254599 0.146189 0.150998 0.369891 0.419950 1.000000 0.678931 0.322347 0.271966 0.243463 0.203143 0.196936 0.245619 -0.350562 -0.221213 0.001326 -0.137870 -0.046089 -0.131804 -0.356258 -0.348927 0.167284 -0.435920 -0.126182 0.067943 -0.107621 -0.013147 -0.165738 0.072315 -0.304003 -0.164527 0.124375 -0.193221 -0.258772 -0.045358 -0.052163 -0.321224 -0.222950 0.068241 -0.473682 -0.468478 -0.336364 -0.510148 -0.243365 -0.319476 0.370601 0.384669 -0.191247 0.130736 0.146870 0.275677 -0.124331 0.183897 -0.318777 -0.107263 -0.236785 -0.009584 -0.449307 -0.244932 0.345686 0.019007 0.099599 0.136619 0.132874 0.027942 0.208484 0.058399 0.029043 0.163190 -0.273374 -0.292236 0.036704 0.102995 -0.107475 0.214493 -0.231046 0.062317 0.073720 -0.227594 -0.362938 -0.528932 -0.404017 -0.403443 -0.573508 -0.021290 -0.530165 0.106371 -0.367797 -0.412990 0.001059 0.059660 -0.091929 -0.025918 -0.313683 -0.420374 -0.497422 -0.568340
-0.403853 -0.382260 0.195832 0.144410 0.273526 0.606000 -0.279432 -0.139975 0.092517 0.067767 -0.251870 -0.281639 -0.288800 -0.428546 0.404188 0.124232 0.075376 0.099060 -0.164300 0.097293 0.352221 0.325901 0.473023 0.623107 0.678931 1.000000 0.330369 0.579564 0.165359 -0.005880 0.326397 0.487963 -0.363809 -0.249474 0.049030 -0.143002 0.092893 0.032767 -0.031719 -0.102117 0.243753 -0.242037 -0.158669 0.075618 -0.231609 -0.087445 -0.199611 -0.017730 -0.309458 -0.289691 0.203667 -0.250956 -0.124695 -0.049286 0.166780 -0.142354 -0.075380 0.016169 -0.646840 -0.624044 -0.427366 -0.695364 -0.361214 -0.359498 0.452039 0.359883 -0.357913 0.122427 0.119270 0.356537 0.048991 0.334670 -0.375893 -0.172990 -0.305522 -0.144474 -0.451586 -0.218518 0.465259 -0.026749 0.108942 0.151338 0.107598 0.199310 0.323979 0.203448 0.187320 0.439203 -0.088461 -0.106965 -0.046543 0.060593 -0.292668 0.296271 -0.047296 0.049137 0.236035 -0.012435 -0.292568 -0.479068 -0.385502 -0.282283 -0.506921 -0.014385 -0.544987 0.063062 -0.411944 -0.449956 0.083541 0.098276 0.030904 0.022647 -0.324126 -0.452577 -0.507123 -0.474833
0.004843 -0.114971 0.628080 0.415288 0.722660 0.746581 0.376217 0.454871 0.476248 0.479344 -0.418317 -0.090253 -0.141217 -0.168433 0.278327 0.556139 -0.354780 -0.225870 -0.043955 0.371114 0.253433 0.421133 0.280241 0.208557 0.322347 0.330369 1.000000 0.556412 0.038038 -0.077736 -0.109558 -0.174503 -0.201384 -0.458148 -0.405907 -0.312581 -0.255884 -0.295544 0.115275 0.204261 0.104481 -0.410635 -0.048589 -0.043993 -0.100519 -0.087848 -0.036707 0.228907 -0.032376 -0.141850 -0.016277 -0.189765 -0.046947 -0.153627 0.256415 0.108394 -0.230402 -0.118259 -0.027531 -0.196193 -0.204461 -0.375914 -0.339135 -0.479117 -0.061327 0.029780 -0.128637 -0.031108 0.051343 0.258366 -0.011388 -0.011593 -0.479363 -0.174573 -0.402201 -0.161688 -0.528181 -0.366798 0.126727 -0.353940 -0.031365 -0.089186 -0.076935 0.232329 -0.257795 -0.164214 -0.083522 -0.046887 0.112203 0.145945 0.310591 0.312710 0.201334 0.113869 0.040032 0.270077 0.336770 0.206977 -0.034319 -0.207306 -0.093891 -0.116816 -0.226997 0.144799 -0.400663 -0.198830 -0.340676 -0.394303 0.186690 0.486416 -0.071848 -0.030814 -0.041391 -0.388573 -0.471219 -0.424387
-0.065737 -0.208428 0.219506 0.111065 0.217934 0.607198 -0.000263 0.071454 -0.124639 -0.041430 -0.286794 -0.395579 -0.307096 -0.341553 0.176259 0.107753 -0.160114 -0.346904 -0.243637 0.113683 0.315825 0.561055 0.395247 0.606159 0.271966 0.579564 0.556412 1.000000 -0.186974 -0.446804 -0.111030 0.140211 -0.258906 -0.199845 0.036402 -0.105127 0.056673 0.138755 0.463085 0.372006 -0.061117 -0.026195 -0.211207 -0.249614 -0.412246 -0.238081 -0.151544 -0.084142 -0.323210 -0.461804 -0.055220 -0.338570 -0.072741 -0.123540 0.373399 0.054761 0.076465 -0.069475 -0.145958 -0.274839 -0.174973 -0.337241 -0.410072 -0.393039 0.220301 0.262971 -0.169116 0.156955 0.083084 0.320936 0.129166 0.325671 -0.505902 -0.286610 -0.362306 -0.243275 -0.379953 -0.063621 0.160231 -0.316698 -0.091208 -0.154000 -0.003121 0.262985 0.171457 0.052230 0.145734 0.238650 0.355843 0.322548 0.104521 0.192605 -0.028662 0.286714 0.272412 0.055784 0.251446 0.050187 -0.040409 -0.123717 -0.201914 0.092727 -0.109086 0.303756 -0.171406 -0.021519 -0.193046 -0.248770 0.187564 0.170949 0.091511 0.179874 -0.046841 -0.196416 -0.174471 -0.088825
-0.052741 -0.165629 -0.065724 -0.142904 0.069298 0.028699 -0.276922 -0.310198 0.287176 0.041781 0.048573 0.200510 0.246549 0.008906 0.255143 0.284101 0.452643 0.548187 0.271505 0.077978 -0.157940 0.185742 -0.120144 -0.135790 0.243463 0.165359 0.038038 -0.186974 1.000000 0.544968 0.017196 0.199284 -0.274712 -0.177813 -0.173815 -0.394808 0.106298 -0.304248 -0.411875 -0.399576 0.516661 -0.248064 0.083124 0.297465 0.128879 0.141665 0.042640 0.139910 0.025529 0.243195 -0.121038 -0.056408 -0.197054 0.004225 -0.086638 -0.074626 -0.070015 0.122824 -0.312553 -0.288195 -0.125547 -0.324090 0.232722 0.020269 0.265168 -0.206111 -0.195188 -0.313569 0.054928 0.134558 -0.007112 0.009442 0.242267 -0.061715 0.023194 0.016533 -0.221281 -0.279209 0.605183 0.378692 0.541832 0.561227 0.202130 0.239683 0.069443 0.045425 -0.039213 0.243437 -0.524577 -0.365414 -0.113575 -0.090327 -0.143759 -0.144027 -0.012034 0.139397 0.164113 0.154110 -0.120455 -0.273514 -0.193946 -0.301658 -0.391669 -0.036279 -0.375680 0.217925 -0.354854 -0.392189 -0.032508 0.176136 -0.343878 -0.292941 -0.062864 -0.518405 -0.382897 -0.456883
-0.238753 -0.113952 -0.051658 0.013832 0.092056 -0.174079 -0.152415 -0.037126 0.235344 0.190557 0.151803 0.551453 0.325158 0.368658 -0.001820 0.143471 0.134281 0.386090 0.177625 -0.047820 0.014301 -0.194484 -0.175264 -0.319016 0.203143 -0.005880 -0.077736 -0.446804 0.544968 1.000000 0.246554 0.120466 -0.073695 0.125412 -0.006007 0.029325 -0.011390 -0.134879 -0.476321 -0.442392 0.416637 -0.082097 0.243511 0.357438 0.203969 0.226197 0.087868 0.074615 0.070107 0.266263 0.000166 0.031179 -0.198958 0.022964 -0.370280 -0.181750 -0.316215 -0.085538 -0.148500 -0.082683 -0.051242 0.015451 0.193988 0.044969 0.028138 0.062894 -0.077945 -0.182459 -0.121602 -0.181555 -0.109968 -0.169086 0.442456 0.371999 0.282179 0.309593 0.139803 -0.018592 0.146589 0.263547 0.295210 0.223411 0.088646 -0.136659 -0.107251 -0.126358 -0.312197 -0.086949 -0.668599 -0.503118 -0.127569 -0.163841 0.081246 -0.165542 -0.272620 0.051992 -0.053954 -0.006770 -0.158665 -0.230081 0.126225 -0.159574 -0.164147 -0.169374 -0.129614 0.210291 -0.091334 -0.114450 -0.169289 0.056194 -0.098196 -0.229315 -0.115511 -0.184325 -0.132133 -0.309402
-0.417700 -0.407164 0.289266 0.244053 0.005039 0.028112 0.043024 0.054164 -0.007287 0.061633 0.223781 0.201104 0.077948 -0.028470 0.066200 -0.247863 0.105954 0.149270 0.048229 -0.058210 0.111914 -0.028062 0.431908 0.170799 0.196936 0.326397 -0.109558 -0.111030 0.017196 0.246554 1.000000 0.645889 -0.189401 0.081526 0.141162 0.205199 -0.062486 0.129441 -0.107062 -0.143785 0.026522 -0.017564 -0.104026 0.016292 -0.023763 -0.088899 -0.097025 -0.108398 -0.200328 -0.128800 0.070837 -0.185090 -0.057944 0.061523 -0.156487 -0.110063 -0.230988 -0.249799 -0.510769 -0.495546 -0.152497 -0.249082 -0.020839 0.057928 0.407576 0.206385 -0.335999 0.011408 -0.074303 -0.070974 0.102445 0.209963 -0.033848 0.303235 -0.024902 0.053988 -0.018126 0.098555 0.027949 0.048668 -0.262801 -0.118668 -0.020043 0.014851 0.209651 0.038185 0.146618 0.129497 -0.223752 -0.145772 -0.152976 -0.178521 -0.246600 0.179293 -0.249966 -0.251357 -0.146271 -0.132525 -0.226701 -0.277279 0.001802 -0.032913 -0.200712 -0.135400 -0.193482 0.110004 -0.129571 -0.040813 -0.052659 -0.160139 0.059955 -0.084856 -0.312792 -0.156833 -0.143492 -0.154321
-0.460612 -0.530661 0.129970 0.009726 -0.136380 0.049113 -0.117508 -0.163201 -0.121331 -0.190325 0.070254 0.035306 -0.023806 -0.237567 0.013056 -0.186259 0.206575 0.181167 -0.029738 -0.210078 0.146049 0.198522 0.477884 0.392380 0.245619 0.487963 -0.174503 0.140211 0.199284 0.120466 0.645889 1.000000 -0.237872 0.238175 0.370608 0.233842 0.000116 0.108760 0.085589 -0.053728 0.123299 0.084789 -0.133489 -0.027675 -0.122767 -0.093524 -0.096512 -0.136846 -0.371794 -0.190429 -0.064290 -0.266668 -0.199283 0.036942 0.004627 -0.106891 -0.147002 -0.231634 -0.449622 -0.545615 -0.090789 -0.235400 -0.159589 -0.055005 0.548450 0.258375 -0.233920 0.131442 -0.162725 -0.063235 0.106063 0.378863 -0.024642 0.055016 -0.151935 0.014768 -0.072040 0.107138 0.235120 0.111360 -0.207156 -0.086486 0.154660 0.150498 0.378663 0.053292 0.278686 0.419772 -0.069180 -0.010156 -0.310505 -0.258514 -0.284264 0.229702 0.043053 -0.150049 -0.057875 -0.098802 -0.279135 -0.277986 -0.022389 -0.091226 -0.146551 -0.043140 -0.158448 0.270730 -0.219995 -0.105259 0.185315 -0.255450 -0.005362 -0.081175 -0.225159 -0.258173 -0.069017 -0.175088
0.283596 0.520849 -0.156950 -0.148915 -0.230254 -0.274085 0.010596 -0.015115 -0.230915 -0.061964 0.150131 0.160185 0.080570 0.239871 -0.340895 -0.174678 -0.001501 -0.021815 0.152510 0.060900 -0.221955 -0.246662 -0.306461 -0.313117 -0.350562 -0.363809 -0.201384 -0.258906 -0.274712 -0.073695 -0.189401 -0.237872 1.000000 0.466683 0.090807 0.208700 -0.020959 -0.120343 -0.017561 -0.049805 -0.297867 0.118337 0.011756 -0.030497 0.181218 0.022393 0.062789 0.167667 0.068843 0.194142 -0.239825 0.037064 0.072513 0.046523 -0.259804 -0.070067 0.298683 0.358760 0.299636 0.337834 0.247499 0.276663 0.326751 0.395082 -0.352918 -0.104731 0.217168 -0.082431 0.060583 -0.177368 -0.006473 -0.218434 0.295588 0.066278 0.408334 0.078041 0.353093 0.065817 -0.162992 0.137981 0.067928 0.121418 -0.236647 -0.158255 -0.265885 -0.052427 0.001615 -0.190634 0.020850 -0.047486 -0.240590 -0.138452 -0.160260 -0.278466 -0.020313 -0.101660 -0.206108 -0.022316 -0.121286 0.111378 0.024554 0.126015 0.180109 -0.095875 0.192293 -0.003026 0.217200 0.285475 -0.060742 -0.169853 0.089445 0.070650 0.155208 0.148785 0.329410 0.306326
-0.010347 0.039889 -0.285539 -0.219881 -0.388870 -0.413613 -0.088901 -0.113524 -0.353097 -0.277794 0.252346 0.239466 0.137123 0.169452 -0.453923 -0.413746 0.128535 0.009511 -0.040763 -0.141987 -0.122192 -0.262820 -0.112981 -0.240206 -0.221213 -0.249474 -0.458148 -0.199845 -0.177813 0.125412 0.081526 0.238175 0.466683 1.000000 0.512940 0.622245 0.109903 0.230689 0.041921 -0.056915 -0.090569 0.350275 0.120474 0.062453 0.146545 0.102678 0.083782 0.014634 -0.219320 0.013073 -0.362501 -0.194280 -0.039325 0.080780 -0.358351 -0.158448 0.061056 -0.011532 0.057913 0.047741 0.280548 0.389092 0.246468 0.408633 -0.063607 0.118260 0.133015 0.179659 -0.261382 -0.403845 -0.101090 0.041619 0.355807 0.334203 0.335856 0.366820 0.538692 0.487838 -0.234631 0.049171 -0.162434 -0.113500 -0.011340 -0.167017 0.010409 -0.125954 -0.010500 0.007354 -0.024048 -0.081868 -0.368142 -0.368260 -0.102772 -0.120513 -0.083312 -0.273503 -0.374190 -0.397969 -0.127816 0.152508 0.185429 0.167346 0.320920 -0.203825 0.455972 0.220948 0.359959 0.426130 -0.134850 -0.330070 0.248069 0.176254 -0.102655 0.326403 0.539332 0.377334
-0.196110 -0.132056 -0.240634 -0.352803 -0.353016 -0.310964 -0.080022 -0.199952 -0.253395 -0.435802 0.263669 0.145880 -0.010881 0.151840 -0.382124 -0.282951 0.094887 -0.123839 -0.242247 -0.497424 -0.015256 0.077831 0.100303 0.023481 0.001326 0.049030 -0.405907 0.036402 -0.173815 -0.006007 0.141162 0.370608 0.090807 0.512940 1.000000 0.651670 0.099953 0.265997 0.141327 0.129341 0.005176 0.240282 0.022671 -0.022645 0.065981 0.115756 0.117702 -0.131189 -0.362934 -0.094298 -0.052178 -0.050776 0.103842 0.239911 -0.058295 0.036983 -0.027532 -0.154163 -0.083224 -0.088520 0.073089 0.264944 0.020227 0.106083 0.168403 0.251533 0.104929 0.306759 -0.331778 -0.409436 -0.007248 0.221491 0.060534 0.053697 0.063599 0.154411 0.280717 0.334703 -0.199594 -0.020688 -0.231767 -0.225806 0.067509 -0.099768 0.184387 -0.018079 0.037974 0.177875 0.080442 0.026376 -0.415891 -0.397753 -0.219707 0.038345 -0.106653 -0.210631 -0.116944 -0.166385 -0.085619 0.081679 -0.028111 0.052501 0.183878 -0.231375 0.369310 0.083807 0.297178 0.300736 -0.032627 -0.390962 0.104197 0.150995 0.066721 0.335622 0.412570 0.298741
-0.207293 -0.165816 -0.091677 -0.216979 -0.195429 -0.273921 0.150955 0.030986 -0.176368 -0.259436 0.318477 0.208260 0.123377 0.356490 -0.388357 -0.305242 -0.039371 -0.200080 -0.271149 -0.450041 0.088650 -0.185354 0.017732 -0.190776 -0.137870 -0.143002 -0.312581 -0.105127 -0.394808 0.029325 0.205199 0.233842 0.208700 0.622245 0.651670 1.000000 0.138318 0.415222 0.117359 0.054541 -0.138184 0.360262 -0.016992 -0.146888 0.132847 -0.035847 0.138645 -0.088343 -0.082866 -0.073404 -0.044094 -0.077052 0.090983 0.114801 -0.108241 0.058069 -0.176308 -0.275288 0.132702 0.010669 0.305562 0.354060 0.093770 0.177203 -0.106943 0.243551 0.196800 0.304384 -0.376228 -0.479870 -0.041376 0.038426 0.211321 0.307836 0.118051 0.360239 0.431219 0.466279 -0.429408 0.001309 -0.404847 -0.451477 -0.010249 -0.237681 0.030251 -0.093219 -0.074064 -0.008322 0.102655 0.026581 -0.241649 -0.375769 0.006336 0.004934 -0.330144 -0.360455 -0.232998 -0.421228 0.049555 0.155152 0.350480 0.219101 0.395535 -0.272169 0.467027 0.139872 0.365180 0.500614 -0.177941 -0.511448 0.433776 0.265351 0.019990 0.401896 0.485731 0.302077
