1.000000 0.632125 -0.030665 -0.328633 -0.026788 -0.259489 0.133929 -0.208269 -0.011621 -0.252590 0.125016 0.115126 0.371141 0.223599 0.325359 0.042199 0.130316 0.041579 0.250015 -0.049800 -0.011725 -0.057698 -0.027261 -0.220844 -0.436956 -0.621632 -0.077822 -0.044126 0.054519 -0.045806 -0.170220 -0.351590 0.137336 0.010574 -0.164734 -0.251703 -0.242174 -0.132539 -0.209758 0.025528 -0.076147 -0.029521 0.158320 0.175500 -0.048056 -0.149185 -0.006173 0.009960 0.096820 0.029535 0.215384 0.116335 -0.019932 -0.101989 0.152742 0.058862 0.128035 0.192910 0.344569 0.083157 0.390814 0.367046 0.045188 0.290244 0.075562 -0.027514 0.040574 -0.327022 -0.001569 -0.282146 -0.062003 -0.254113 -0.006566 0.039930 0.077553 0.130381 -0.067734 0.023072 -0.085540 -0.259736 -0.133392 -0.146809 0.010891 -0.055209 -0.199410 -0.388923 0.120689 -0.207291 0.038853 0.110018 0.011968 -0.022886 -0.003818 0.045981 0.031110 -0.163971 -0.143264 -0.132420 -0.050027 -0.009976 0.033747 0.094573 -0.007669 0.008201 -0.118112 -0.189716 0.083779 0.006222 -0.114668 -0.006430 -0.218198 -0.273262 -0.057824 0.031020 -0.175426 0.026550
0.632125 1.000000 -0.157422 -0.310430 -0.118850 -0.296805 -0.096754 -0.115597 -0.213264 -0.318783 0.164341 0.294922 0.269676 0.445365 0.020915 -0.020225 -0.038501 0.135849 0.062391 0.043832 -0.026030 -0.071597 -0.096628 -0.337002 -0.337989 -0.563219 -0.135654 -0.226294 0.045266 -0.008886 -0.001658 -0.261565 0.197815 0.113160 -0.180394 -0.205989 0.004635 0.122870 -0.161013 0.120009 0.001789 0.109851 0.162154 0.131858 -0.212429 -0.149295 -0.037859 0.056271 -0.167719 -0.138055 0.110838 -0.000853 0.014601 -0.126088 0.040044 0.052970 0.090719 0.359181 0.270202 0.180012 0.284618 0.482724 -0.038891 0.435792 -0.070492 0.049336 0.067712 -0.213032 0.237306 -0.095464 -0.113925 -0.088868 -0.050358 0.121855 -0.000210 0.102789 0.166159 0.122256 -0.158919 -0.176877 0.006218 -0.036863 0.064003 -0.070638 -0.040808 -0.222724 0.171887 -0.097868 -0.023131 0.114075 -0.009681 -0.115765 0.045732 -0.132822 -0.060731 -0.099184 -0.079721 -0.171034 -0.017789 0.012907 0.048147 -0.188363 -0.096442 -0.091329 0.009424 -0.152628 -0.009630 0.046221 -0.044098 0.070974 -0.263360 -0.316691 -0.026361 0.163367 -0.090663 -0.169160
-0.030665 -0.157422 1.000000 0.201572 0.269622 0.315953 0.785870 0.637797 0.109751 0.112851 -0.007210 -0.078234 0.083810 -0.304719 0.136621 0.098567 -0.283059 -0.583139 0.283162 -0.171242 -0.015653 0.221795 0.572942 0.373931 0.107920 -0.117571 0.367815 0.488984 -0.276177 -0.525017 -0.059442 -0.195518 -0.098780 -0.082906 0.154739 0.004979 -0.584211 -0.500222 -0.271138 -0.200251 -0.484242 -0.193711 -0.320888 -0.334843 -0.214996 -0.345995 -0.424106 -0.491159 0.080114 -0.056468 0.212263 -0.071988 -0.154991 -0.160512 -0.180180 -0.294286 -0.412756 -0.324084 0.103585 -0.051584 0.066999 -0.041997 -0.136490 -0.265389 0.590371 0.034107 0.179012 0.104639 -0.128937 0.212767 -0.199944 -0.278781 -0.431665 -0.380233 -0.364644 -0.001955 -0.444014 -0.178043 -0.450320 -0.427062 -0.515354 -0.492610 0.105095 0.255624 -0.129992 -0.284993 0.139252 -0.155461 0.437648 0.080999 -0.075970 0.059991 0.221954 0.355160 -0.048792 -0.347702 -0.425971 -0.294069 -0.492809 -0.431869 0.044511 0.269622 0.042603 0.095162 0.171907 0.143383 0.172883 0.236244 -0.302915 -0.088430 -0.081336 -0.264625 -0.281222 -0.018911 0.168349 0.143666
-0.328633 -0.310430 0.201572 1.000000 -0.159462 0.084616 0.054965 0.569880 -0.274908 -0.013173 -0.221614 -0.172806 -0.117292 -0.095586 -0.211501 -0.127282 -0.090839 -0.126759 0.252711 0.267849 0.039109 0.106631 0.462980 0.603558 -0.201168 0.058264 -0.066524 0.027410 -0.195016 -0.112329 0.175595 0.251305 -0.164871 -0.044567 0.020968 0.254799 -0.062956 -0.280457 -0.024010 0.130747 -0.276959 0.106539 -0.351930 -0.291735 -0.173132 -0.208877 -0.221615 -0.070743 -0.169475 -0.120591 -0.414289 -0.203466 -0.102897 -0.030479 -0.101375 -0.112608 -0.117375 -0.404298 -0.212074 -0.212038 -0.097536 -0.006245 0.061239 -0.131283 0.180634 0.182848 -0.140551 0.001944 -0.145058 0.386129 -0.113198 -0.071410 -0.215049 -0.079638 -0.095630 0.108273 -0.199359 -0.035246 -0.155111 -0.157029 0.017028 -0.091877 0.194787 0.382966 0.088462 0.130311 0.074553 0.275063 0.261040 0.206223 0.124470 0.008962 0.167716 0.051013 -0.154844 -0.234284 -0.042057 -0.185332 -0.221338 -0.108467 0.038671 0.009679 -0.064571 -0.151875 0.052481 -0.101719 0.136969 0.301747 -0.185548 -0.185680 0.250003 -0.250259 -0.168136 0.140755 0.274417 -0.104873
-0.026788 -0.118850 0.269622 -0.159462 1.000000 0.609890 0.284772 0.146664 0.696499 0.620224 0.045568 0.151872 0.172945 0.112336 0.523009 0.572757 -0.091312 -0.156035 -0.044518 -0.129769 0.112963 0.096919 0.128975 -0.016922 0.560047 0.255313 0.550382 0.330575 -0.169397 -0.214631 -0.093562 -0.213964 -0.029829 0.151759 0.157075 0.133343 -0.300946 -0.187582 -0.243602 -0.372156 0.001463 -0.217139 -0.199552 -0.192754 -0.093887 -0.138322 -0.426674 -0.450404 -0.083095 -0.227902 -0.016514 -0.269386 0.006226 -0.157575 -0.507737 -0.560941 -0.267233 -0.094890 -0.023921 0.028111 0.386700 0.000922 -0.178978 -0.265254 0.352799 0.169387 0.126609 0.144348 -0.048498 0.070462 0.131042 0.116327 -0.228000 -0.194123 0.038451 -0.086314 -0.300011 -0.133631 -0.227453 -0.162792 -0.404570 -0.418259 0.103389 -0.089417 -0.260947 -0.429388 -0.202708 -0.114758 0.035697 -0.177353 -0.088752 0.066672 0.224583 0.313442 0.049126 0.160552 -0.446344 -0.192698 -0.296341 -0.278927 0.196830 0.231071 0.200028 0.223737 0.159813 -0.024818 -0.185292 -0.222060 0.198088 0.063477 0.068684 -0.034609 -0.086026 -0.267794 0.021456 0.240223
-0.259489 -0.296805 0.315953 0.084616 0.609890 1.000000 0.263770 0.382198 0.297593 0.567409 0.026040 0.039987 -0.047703 -0.197595 0.143530 0.408405 -0.123983 -0.339456 -0.229368 -0.060537 0.159832 0.305148 0.218533 0.217603 0.531351 0.338111 0.820438 0.711360 -0.319047 -0.210651 0.039840 0.019174 0.083994 0.174936 0.114788 0.239185 -0.169078 -0.225590 0.093777 -0.292724 0.079413 -0.096198 -0.204961 -0.236946 0.141422 0.087937 -0.313738 -0.437995 0.037672 0.047654 0.140044 -0.180829 -0.143666 -0.088476 -0.392029 -0.381363 -0.070336 -0.150094 -0.220012 -0.151076 0.049172 -0.226954 -0.236762 -0.262258 0.347208 0.148768 0.033800 0.177451 0.105752 0.224164 0.125755 0.130870 -0.274903 -0.247685 -0.161646 -0.100554 -0.351739 -0.181637 -0.106989 0.023738 -0.331254 -0.353340 0.239261 0.169579 -0.128856 -0.119217 -0.230432 -0.029632 -0.019332 -0.133166 -0.299264 -0.237102 -0.009096 -0.077497 0.049974 -0.073371 -0.280631 -0.164476 -0.217554 -0.227475 0.202062 0.130508 0.262810 0.268408 0.280953 0.214781 0.012625 -0.045086 0.124279 -0.159985 0.106833 0.000160 -0.101815 -0.279195 0.040531 0.126405
0.133929 -0.096754 0.785870 0.054965 0.284772 0.263770 1.000000 0.551038 0.163673 0.110855 -0.022137 -0.042815 0.250646 -0.265486 0.277660 0.134377 -0.204009 -0.507691 0.191184 -0.239119 0.010196 0.267249 0.509834 0.260381 0.024693 -0.210090 0.344424 0.421501 -0.271590 -0.377328 -0.185515 -0.215369 -0.099858 0.010645 0.233279 0.080574 -0.590017 -0.484291 -0.309614 -0.209314 -0.518301 -0.194716 -0.237071 -0.246933 -0.094595 -0.262275 -0.359327 -0.500695 0.266386 0.052224 0.287513 0.047356 -0.185444 -0.224396 -0.132728 -0.308738 -0.444710 -0.335809 0.027294 -0.132642 0.121188 -0.001701 -0.150148 -0.246706 0.591925 0.093030 0.112279 0.037874 -0.275148 0.068467 -0.212869 -0.320192 -0.335669 -0.415495 -0.312806 0.047053 -0.444485 -0.177470 -0.418234 -0.476027 -0.461066 -0.486225 0.027269 0.277050 -0.153282 -0.338021 0.166060 -0.247086 0.434244 0.088698 -0.107825 0.024509 0.281046 0.436762 -0.090165 -0.359647 -0.529296 -0.409393 -0.543548 -0.472144 0.096506 0.237151 0.006779 -0.032182 -0.084902 0.046116 0.203699 0.254342 -0.286687 -0.176251 -0.208999 -0.401051 -0.289488 -0.007385 0.014420 0.168208
-0.208269 -0.115597 0.637797 0.569880 0.146664 0.382198 0.551038 1.000000 -0.051516 0.024431 -0.184959 0.062774 -0.035370 -0.135422 -0.102944 -0.083841 -0.361703 -0.519997 -0.011946 -0.048658 -0.006797 0.113249 0.546986 0.491163 0.060718 -0.034009 0.255893 0.289358 -0.320780 -0.403957 0.108841 0.057169 -0.164254 0.049097 0.054923 0.242355 -0.333702 -0.436588 -0.125563 -0.079880 -0.358984 -0.100812 -0.423044 -0.439043 -0.255664 -0.262859 -0.456217 -0.520891 -0.092790 -0.197071 -0.018834 -0.199799 -0.083966 -0.182134 -0.196456 -0.375651 -0.284587 -0.487476 -0.064052 -0.143867 0.043773 0.051123 -0.190806 -0.140535 0.492836 0.357608 0.056061 0.135456 -0.196491 0.241682 -0.154535 -0.182404 -0.427021 -0.425913 -0.475735 -0.003926 -0.368306 -0.126376 -0.402239 -0.424247 -0.340842 -0.437211 0.151738 0.269533 -0.075999 -0.095804 0.075916 -0.012199 0.394155 0.167335 -0.025496 -0.119601 0.362880 0.172562 -0.092130 -0.316944 -0.332509 -0.404760 -0.400111 -0.384428 0.171044 0.156500 0.048964 0.007525 0.213793 0.122725 0.159570 0.256097 -0.244276 -0.122715 -0.056413 -0.495233 -0.297322 0.021527 0.150725 0.113830
-0.011621 -0.213264 0.109751 -0.274908 0.696499 0.297593 0.163673 -0.051516 1.000000 0.718660 -0.168165 0.153396 -0.078321 -0.029203 0.730662 0.691372 -0.196466 -0.227146 -0.227929 -0.419479 -0.188771 -0.017459 -0.139870 -0.254120 0.437252 0.201597 0.298531 0.115800 -0.205868 -0.227879 -0.489280 -0.383432 -0.305391 -0.168200 0.293161 0.264819 -0.366027 -0.190427 -0.274228 -0.097386 -0.156344 -0.446038 -0.017865 0.007106 0.090435 0.072369 -0.053886 -0.179548 0.272075 -0.049024 0.112592 0.083663 0.239041 0.022935 -0.094220 -0.261312 -0.248474 -0.172961 0.171387 0.253429 0.327901 0.035163 -0.328681 -0.377822 0.283830 0.279850 0.209383 0.181482 -0.266306 -0.188239 0.193283 0.052633 -0.269018 -0.277441 0.030926 -0.247242 -0.289976 -0.099366 -0.262320 -0.180718 -0.472312 -0.381234 -0.385622 -0.364649 -0.493963 -0.397765 -0.103253 -0.189215 0.191868 0.119619 0.058071 0.180263 0.387083 0.350053 0.024005 0.236776 -0.217648 0.019168 -0.187812 -0.203256 -0.014369 0.099095 0.022280 0.106013 -0.020082 -0.107346 -0.110196 -0.220421 0.232866 0.193910 -0.105365 -0.020975 -0.094974 -0.042833 -0.086157 0.204729
-0.252590 -0.318783 0.112851 -0.013173 0.620224 0.567409 0.110855 0.024431 0.718660 1.000000 0.062931 0.186339 -0.036322 -0.081850 0.476506 0.778500 -0.059349 -0.058496 -0.154429 -0.205096 -0.212734 0.194237 -0.057296 -0.034484 0.551913 0.366080 0.482892 0.234946 -0.127494 -0.002364 -0.207905 -0.049799 -0.125532 -0.001703 0.260413 0.276447 -0.207022 -0.138334 -0.122176 -0.093494 -0.034509 -0.075492 -0.113381 -0.162664 0.037098 -0.025165 -0.040790 -0.208985 0.073897 -0.068286 0.013387 -0.035546 0.048311 -0.022827 -0.316201 -0.295300 -0.135969 -0.121912 -0.070493 0.021095 0.138777 -0.042094 -0.120594 -0.244210 0.176272 0.192944 0.019340 0.046004 -0.124469 0.015982 0.290631 0.227996 -0.132618 -0.103567 0.128497 -0.107294 -0.208116 -0.008676 -0.069832 0.074696 -0.338472 -0.235078 -0.150146 -0.018261 -0.299517 -0.232929 -0.373832 -0.140364 -0.015420 -0.034626 -0.243743 -0.098056 0.221016 0.046426 -0.045956 0.121038 -0.230737 -0.039841 -0.201572 -0.190764 -0.024814 -0.065271 0.032593 0.018941 -0.077382 -0.036307 -0.077351 -0.118574 0.152410 0.170439 0.002296 0.187644 -0.025814 -0.023317 0.105799 0.107571
0.125016 0.164341 -0.007210 -0.221614 0.045568 0.026040 -0.022137 -0.184959 -0.168165 0.062931 1.000000 0.479996 0.487052 0.351122 -0.011278 0.103412 0.323690 0.447192 0.199880 0.033814 0.011449 -0.150366 0.014759 0.117929 0.064509 -0.051841 0.177317 0.023373 0.533518 0.470382 0.506346 0.371118 0.466574 0.396761 0.024032 -0.232855 0.039461 0.076511 -0.082924 -0.240026 0.191894 0.364160 0.098722 0.005013 -0.083462 -0.227862 0.014929 -0.214723 -0.308143 -0.142075 0.034432 -0.219953 -0.217573 -0.151576 -0.209878 -0.089714 -0.053298 0.064277 -0.464453 -0.507725 -0.017782 0.005691 0.289324 0.222025 0.037309 -0.132128 -0.467883 -0.362478 0.022663 -0.053991 -0.080545 0.231183 0.377769 0.339570 0.251607 0.289462 0.219695 0.040910 0.145058 0.174355 -0.011029 0.088815 0.323490 0.296012 0.333298 0.096722 -0.339389 -0.179173 -0.403183 -0.491161 -0.503504 -0.450322 -0.239073 -0.325223 -0.116960 -0.191426 0.033691 -0.071446 0.034386 -0.041131 0.196516 -0.137481 0.019610 -0.008189 -0.001585 0.162129 -0.137455 -0.168002 -0.211374 -0.013306 0.108427 0.317631 0.040864 0.043474 -0.047359 -0.069046
0.115126 0.294922 -0.078234 -0.172806 0.151872 0.039987 -0.042815 0.062774 0.153396 0.186339 0.479996 1.000000 0.501132 0.576801 0.110804 0.195301 -0.026972 0.361983 -0.170046 -0.270860 -0.138913 -0.167794 0.003319 0.104075 0.197568 0.035461 0.062035 -0.022360 0.212029 0.157086 0.248694 0.299158 0.063837 0.168251 0.263326 0.246998 -0.156341 -0.093277 -0.078138 -0.153895 0.084545 0.122228 0.066020 -0.038116 -0.382662 -0.266246 -0.140977 -0.355151 -0.332357 -0.522005 0.044331 -0.335134 -0.086965 -0.348408 -0.233158 -0.279137 -0.117847 -0.227137 -0.149668 -0.215898 0.431169 0.308423 0.043785 0.179971 0.210973 0.539683 -0.146981 -0.050233 -0.184343 -0.173108 -0.049542 0.213870 0.055647 0.054013 -0.027211 0.055635 0.000798 0.219333 -0.107909 -0.055136 -0.337755 -0.294220 -0.044140 -0.050942 -0.002473 0.099924 -0.244823 -0.098983 -0.040786 -0.053195 -0.431917 -0.534123 0.166342 -0.215388 -0.168009 -0.210227 -0.088102 -0.308959 -0.255319 -0.354576 0.280566 -0.096798 -0.004980 0.014838 0.029885 -0.007280 -0.108403 -0.134984 -0.224739 0.120109 -0.030509 -0.165468 -0.334966 0.232426 -0.051628 -0.007596
0.371141 0.269676 0.083810 -0.117292 0.172945 -0.047703 0.250646 -0.035370 -0.078321 -0.036322 0.487052 0.501132 1.000000 0.641013 0.201156 0.020532 0.226416 0.365490 0.282034 -0.019392 0.062705 -0.085942 0.368414 0.208850 0.063245 -0.144381 0.079803 0.086169 0.222029 0.138408 0.299613 0.183293 0.264772 0.260175 0.161162 0.069927 -0.209171 -0.069875 -0.081603 -0.312777 0.031609 0.234174 -0.069193 -0.147052 -0.425254 -0.462619 -0.373199 -0.436208 -0.295773 -0.428900 0.089594 -0.332504 -0.230531 -0.312081 -0.281776 -0.349092 -0.194159 -0.166374 -0.142201 -0.342761 0.519964 0.367528 0.280947 0.256117 0.290910 0.237205 -0.215933 -0.267504 -0.194323 -0.113717 -0.065116 0.050428 0.159889 0.233663 0.164824 0.367183 0.072574 0.253662 -0.087520 -0.098691 -0.226029 -0.223064 0.192768 0.006560 0.174933 -0.169352 -0.243711 -0.364089 0.007684 -0.231070 -0.356215 -0.354849 -0.145607 -0.044047 -0.070713 -0.379271 -0.365980 -0.412756 -0.398978 -0.398591 0.186244 0.058672 0.019926 0.019141 -0.212620 -0.102727 0.034571 -0.053395 -0.322630 -0.026119 -0.077581 -0.111397 -0.425441 0.053131 0.097628 0.085230
0.223599 0.445365 -0.304719 -0.095586 0.112336 -0.197595 -0.265486 -0.135422 -0.029203 -0.081850 0.351122 0.576801 0.641013 1.000000 0.095363 0.099881 0.089929 0.485914 0.011879 0.041272 0.061533 -0.328281 0.011373 -0.068760 0.046688 -0.084420 -0.128866 -0.262879 0.223046 0.296152 0.291998 0.132214 0.243369 0.205368 0.082366 0.143505 0.095132 0.150324 -0.039520 -0.079288 0.185392 0.244325 0.062656 0.020336 -0.375856 -0.311172 -0.194831 -0.155936 -0.407525 -0.502459 -0.082932 -0.344255 0.023548 -0.191532 -0.261405 -0.273827 -0.132245 -0.122597 -0.060078 -0.137302 0.505201 0.537428 0.191349 0.426491 0.036061 0.361943 -0.131969 -0.186184 -0.129132 -0.172567 0.045806 0.221306 0.183811 0.354925 0.238945 0.301377 0.299842 0.389524 -0.069475 0.051312 -0.046816 -0.033813 0.098320 -0.187122 0.095166 -0.196161 -0.130017 -0.176341 -0.129935 -0.199462 -0.226365 -0.315613 -0.050818 -0.188374 -0.102029 -0.043081 -0.083690 -0.223495 -0.204049 -0.192657 0.167793 -0.047199 -0.042099 0.030782 -0.105002 -0.152585 -0.157395 -0.168697 -0.139646 0.224636 0.039987 -0.106928 -0.282361 0.188275 0.025197 0.095862
0.325359 0.020915 0.136621 -0.211501 0.523009 0.143530 0.277660 -0.102944 0.730662 0.476506 -0.011278 0.110804 0.201156 0.095363 1.000000 0.631193 -0.153364 -0.208285 0.002465 -0.327647 -0.091421 0.007651 0.136618 -0.071779 0.082470 -0.152977 0.287714 0.136931 -0.124026 -0.236974 -0.416296 -0.439743 -0.236152 -0.225751 0.137986 0.092169 -0.466657 -0.277006 -0.359179 -0.117682 -0.259701 -0.306221 0.027763 0.055038 0.061919 -0.078376 -0.088581 -0.161956 0.300466 0.035541 0.110955 0.114809 0.085547 -0.006830 -0.036470 -0.277435 -0.265359 -0.175254 0.154284 0.136690 0.438230 0.233042 -0.292263 -0.276156 0.343159 0.196114 0.085403 -0.067213 -0.224835 -0.079672 0.103759 -0.131359 -0.286966 -0.264863 0.115054 -0.038063 -0.303166 -0.063492 -0.395259 -0.399869 -0.435085 -0.423322 -0.093331 -0.166017 -0.375777 -0.543645 0.102686 -0.153310 0.304381 0.034170 0.118510 0.187646 0.230859 0.305160 -0.032664 0.058491 -0.260535 -0.125424 -0.265858 -0.272435 -0.042272 0.082320 -0.068665 0.037202 -0.101466 -0.247355 -0.118484 -0.196266 0.097899 0.140520 -0.116510 -0.148373 -0.069782 -0.005011 -0.113971 0.048965
0.042199 -0.020225 0.098567 -0.127282 0.572757 0.408405 0.134377 -0.083841 0.691372 0.778500 0.103412 0.195301 0.020532 0.099881 0.631193 1.000000 -0.139761 -0.152618 -0.212206 -0.384619 -0.087049 0.185707 -0.071975 -0.252393 0.279429 0.003503 0.516850 0.209292 -0.200612 -0.077897 -0.402128 -0.386296 -0.189612 -0.117582 0.229733 0.215479 -0.335989 -0.235351 -0.109369 -0.032369 -0.167834 -0.122311 -0.004730 -0.033605 0.141972 -0.010902 -0.013063 -0.140408 0.206748 0.061595 0.087574 0.101605 0.147237 0.031139 -0.088446 -0.173813 -0.197152 -0.139559 -0.007552 0.021474 0.301849 0.211369 -0.239506 -0.200951 0.299848 0.275448 -0.060285 -0.161464 -0.152326 -0.081311 0.292385 0.237570 -0.240934 -0.091443 0.176620 -0.001088 -0.226449 0.023017 -0.297393 -0.109148 -0.455687 -0.314869 -0.187475 -0.071502 -0.491562 -0.474760 -0.088660 -0.161817 0.081262 0.094976 -0.087683 0.000831 0.397587 0.177412 -0.096171 0.054674 -0.163860 -0.094272 -0.200386 -0.196434 0.097720 0.020978 0.001963 0.001432 -0.039651 -0.107349 0.024897 0.010019 0.145158 0.062170 -0.122719 0.022737 -0.012551 0.159070 -0.007334 0.033269
0.130316 -0.038501 -0.283059 -0.090839 -0.091312 -0.123983 -0.204009 -0.361703 -0.196466 -0.059349 0.323690 -0.026972 0.226416 0.089929 -0.153364 -0.139761 1.000000 0.538470 0.386455 0.219369 0.186669 -0.290896 -0.105643 -0.003255 -0.095027 0.075229 -0.091656 -0.057662 0.311862 0.420465 0.211840 0.170505 0.445420 0.231374 -0.069364 -0.216279 0.275687 0.222850 0.133666 -0.126809 0.250165 0.182223 -0.287402 -0.250656 -0.094621 -0.321494 -0.151256 -0.086930 -0.276770 -0.079421 -0.239988 -0.225535 -0.188848 -0.044762 -0.095263 -0.015345 0.441751 0.410023 -0.347005 -0.339319 -0.064576 -0.163864 0.494202 0.347225 -0.119026 -0.366685 -0.367870 -0.267978 0.160122 0.055245 0.127348 0.016597 0.586101 0.414716 0.356514 0.352027 0.234074 0.177603 0.465730 0.361343 0.506974 0.583695 0.102640 -0.046596 0.429941 0.231543 -0.239749 0.055331 -0.315491 -0.279286 -0.151843 -0.156578 -0.370117 -0.193067 -0.042072 -0.056361 -0.090177 0.052071 0.023164 0.111362 -0.091593 -0.148435 -0.000389 -0.105390 -0.071272 0.106771 -0.128583 0.087223 0.061640 0.043411 0.268048 0.308080 0.137072 0.011763 0.169919 0.168333
0.041579 0.135849 -0.583139 -0.126759 -0.156035 -0.339456 -0.507691 -0.519997 -0.227146 -0.058496 0.447192 0.361983 0.365490 0.485914 -0.208285 -0.152618 0.538470 1.000000 0.119960 0.274802 -0.019356 -0.274808 -0.280481 -0.042616 0.028715 0.152455 -0.368549 -0.406404 0.470753 0.642320 0.468956 0.436927 0.415888 0.253011 -0.035181 -0.135998 0.426090 0.296495 0.080572 -0.112468 0.411990 0.412099 0.070708 0.014283 -0.217049 -0.177831 0.032514 0.053570 -0.424353 -0.314079 -0.287377 -0.369038 -0.149845 -0.097179 -0.175535 -0.048356 0.368071 0.221464 -0.219702 -0.219025 0.096430 0.037251 0.578762 0.481842 -0.407825 -0.132853 -0.240806 -0.187713 0.098783 -0.087613 0.087893 0.288633 0.682336 0.557519 0.507328 0.146639 0.411700 0.211753 0.485375 0.480038 0.383405 0.478753 0.095193 -0.080382 0.398426 0.297682 -0.311456 0.011392 -0.437663 -0.338426 -0.302350 -0.319270 -0.325969 -0.348385 -0.035277 0.042589 0.070831 0.053233 0.132836 0.161816 0.074021 -0.113891 0.132986 0.081349 -0.080360 -0.028023 -0.146326 -0.207662 0.054479 0.151566 0.283898 0.346567 0.095575 0.049267 0.030125 0.015233
0.250015 0.062391 0.283162 0.252711 -0.044518 -0.229368 0.191184 -0.011946 -0.227929 -0.154429 0.199880 -0.170046 0.282034 0.011879 0.002465 -0.212206 0.386455 0.119960 1.000000 0.360873 0.076229 -0.013590 0.250738 0.340228 -0.355394 -0.221943 -0.160329 0.048833 0.128651 -0.048743 0.136621 0.016708 0.236262 0.095211 -0.070917 -0.289523 -0.199848 -0.038965 -0.281002 -0.006107 -0.261225 0.078566 -0.264567 -0.179540 -0.339318 -0.500124 -0.261332 -0.057578 -0.225622 -0.169237 -0.169439 -0.229496 -0.284081 -0.195957 -0.198651 -0.151208 -0.076750 0.090749 -0.046601 -0.067017 -0.011816 -0.010555 0.330240 0.119504 0.090444 -0.330626 -0.018690 -0.108553 0.133663 0.363213 -0.297015 -0.418795 0.107540 0.171173 0.081652 0.209545 -0.066636 0.063278 -0.056854 -0.103802 0.039727 0.009773 0.253956 0.273502 0.241187 -0.084236 -0.016308 0.011294 0.110000 -0.071786 0.030554 0.157221 -0.083812 0.199264 -0.067964 -0.152082 -0.217818 -0.096501 -0.249637 -0.085690 -0.088802 0.040851 -0.128588 -0.140324 0.005591 -0.006027 0.009773 0.173525 -0.283759 0.153299 0.312190 0.016152 -0.072884 -0.007115 0.247971 0.016565
-0.049800 0.043832 -0.171242 0.267849 -0.129769 -0.060537 -0.239119 -0.048658 -0.419479 -0.205096 0.033814 -0.270860 -0.019392 0.041272 -0.327647 -0.384619 0.219369 0.274802 0.360873 1.000000 0.125241 -0.045406 0.022478 0.242263 0.013873 0.145213 -0.109479 -0.084389 0.189423 0.283021 0.443680 0.360775 0.317390 0.422127 -0.150894 -0.074902 0.234061 0.133346 0.094267 0.049518 0.175678 0.293867 0.009016 0.036603 -0.041259 -0.038804 -0.009349 0.149815 -0.366863 -0.089897 -0.310469 -0.276811 -0.263077 -0.048367 -0.256817 -0.016995 0.208507 0.322197 -0.184887 -0.176304 -0.292574 -0.266651 0.330381 0.201436 -0.378053 -0.472442 -0.072125 0.004616 0.364875 0.431742 -0.022934 -0.091279 0.239115 0.255026 0.174588 0.191269 0.284896 0.156026 0.152339 0.159509 0.350779 0.260514 0.315527 0.193851 0.288856 0.139018 -0.152318 0.104289 -0.340587 -0.344507 -0.098409 -0.035102 -0.366788 -0.221726 0.049043 0.146889 0.043759 0.099075 0.114374 0.235143 -0.084669 -0.119976 0.075983 0.002039 0.002605 -0.003796 -0.128367 -0.102462 -0.053479 0.208938 0.284536 0.227603 0.311717 -0.124897 0.009103 -0.101779
-0.011725 -0.026030 -0.015653 0.039109 0.112963 0.159832 0.010196 -0.006797 -0.188771 -0.212734 0.011449 -0.138913 0.062705 0.061533 -0.091421 -0.087049 0.186669 -0.019356 0.076229 0.125241 1.000000 0.128566 0.189232 0.278496 -0.041902 0.179754 0.285892 0.304503 -0.026907 0.029455 0.293575 0.135330 0.197609 0.245272 0.048073 0.058872 -0.010239 -0.005237 0.227512 -0.016339 0.070182 0.208868 -0.204035 -0.141650 0.073585 -0.114119 -0.284348 -0.190240 -0.170978 -0.105549 -0.318202 -0.306666 -0.196492 -0.254022 0.044890 -0.078393 0.082795 -0.015354 -0.226534 -0.278422 0.133974 -0.014277 0.133916 -0.056775 0.215423 0.029639 -0.274080 -0.219930 -0.020712 0.054248 0.009676 0.028077 0.067817 0.108276 -0.040260 0.399619 -0.102022 0.002697 0.077695 -0.040844 0.142226 -0.015487 0.270967 0.119988 0.246997 0.120463 0.100650 0.233523 0.141649 -0.008347 -0.082074 -0.095602 -0.049750 -0.010641 -0.133989 0.023728 -0.039757 -0.097312 -0.061458 -0.013577 0.252377 0.137464 0.071599 0.080685 0.048219 0.018062 0.009317 0.144473 0.244681 0.051629 0.205417 -0.170390 0.100672 0.058662 -0.024151 0.084002
-0.057698 -0.071597 0.221795 0.106631 0.096919 0.305148 0.267249 0.113249 -0.017459 0.194237 -0.150366 -0.167794 -0.085942 -0.328281 0.007651 0.185707 -0.290896 -0.274808 -0.013590 -0.045406 0.128566 1.000000 0.147273 0.100728 -0.012945 -0.017898 0.278628 0.363002 -0.354058 -0.178076 -0.157755 -0.043254 -0.136951 -0.108997 0.036638 0.107181 -0.107506 -0.035962 0.029775 0.036505 -0.160020 0.320566 0.150062 0.106426 0.238740 0.167308 0.120150 0.021299 0.209375 0.201887 -0.026557 -0.009195 -0.413141 -0.296076 -0.108099 -0.005707 -0.151230 -0.142841 0.002206 0.046567 -0.067447 -0.094248 0.010713 -0.322036 0.185552 0.070739 0.130507 0.064334 0.063350 -0.020444 0.086677 0.053547 -0.245275 -0.055120 0.006694 0.089009 -0.120318 0.043087 -0.187766 -0.073905 -0.173700 -0.201219 0.008668 0.337868 -0.182477 0.010603 0.089555 0.173141 0.087965 0.125557 -0.128837 -0.041725 0.168581 0.162276 -0.074313 -0.218910 -0.019849 -0.081254 -0.198828 -0.230293 0.078378 0.084084 0.053163 0.069590 0.027405 0.106072 0.294977 0.221329 -0.227776 -0.108755 -0.026739 -0.135727 -0.084932 0.040064 -0.031211 -0.212963
-0.027261 -0.096628 0.572942 0.462980 0.128975 0.218533 0.509834 0.546986 -0.139870 -0.057296 0.014759 0.003319 0.368414 0.011373 0.136618 -0.071975 -0.105643 -0.280481 0.250738 0.022478 0.189232 0.147273 1.000000 0.517771 0.032362 -0.182724 0.256751 0.332705 -0.198703 -0.255477 0.186596 0.029465 0.010037 0.015376 0.099779 0.146507 -0.373178 -0.381016 -0.064977 -0.132173 -0.393620 0.049130 -0.356992 -0.399824 -0.203837 -0.362975 -0.496168 -0.489845 -0.020849 -0.093143 -0.138853 -0.200539 -0.280039 -0.161288 -0.226647 -0.278660 -0.228802 -0.291977 -0.213121 -0.380046 0.275417 0.044012 0.050006 -0.244430 0.677597 0.154021 -0.240627 -0.227213 -0.079915 0.320665 -0.188439 -0.267180 -0.299869 -0.279320 -0.231295 0.266485 -0.411489 -0.168382 -0.326131 -0.455615 -0.229188 -0.333221 0.286129 0.269472 0.148627 -0.121803 0.222568 0.046806 0.461165 0.001379 -0.071835 -0.054683 0.056826 0.228610 -0.126289 -0.372407 -0.425513 -0.410437 -0.507471 -0.378758 0.176649 0.224378 0.027224 0.002406 0.087611 -0.072107 0.219419 0.278517 -0.246587 -0.188280 -0.098211 -0.350772 -0.223495 0.175287 0.171643 -0.000987
-0.220844 -0.337002 0.373931 0.603558 -0.016922 0.217603 0.260381 0.491163 -0.254120 -0.034484 0.117929 0.104075 0.208850 -0.068760 -0.071779 -0.252393 -0.003255 -0.042616 0.340228 0.242263 0.278496 0.100728 0.517771 1.000000 -0.002896 0.240791 0.132524 0.372413 -0.074885 -0.162404 0.376178 0.489983 -0.025449 0.077861 0.125884 0.222089 -0.228964 -0.273684 -0.085216 -0.199073 -0.227967 0.193900 -0.243042 -0.208573 -0.285777 -0.313744 -0.341400 -0.337382 -0.287259 -0.339393 -0.212827 -0.413814 -0.395989 -0.343292 -0.176811 -0.317507 -0.232843 -0.403635 -0.312616 -0.393933 -0.064693 -0.137070 0.089650 -0.218044 0.284435 0.111347 -0.114808 0.115449 -0.165376 0.375088 -0.194640 -0.226202 -0.141736 -0.113694 -0.123870 0.186952 -0.197182 0.076278 -0.196979 -0.233367 -0.185453 -0.310763 0.344023 0.407670 0.322349 0.279946 -0.022918 0.211665 0.253318 -0.036564 -0.210232 -0.229738 -0.010013 0.018902 -0.183005 -0.377239 -0.151488 -0.315531 -0.357738 -0.342274 0.089506 0.084140 -0.033973 0.025567 0.053040 0.029156 -0.026286 0.139341 -0.265378 -0.002271 0.410563 -0.164723 -0.172924 0.084239 0.255020 -0.030417
-0.436956 -0.337989 0.107920 -0.201168 0.560047 0.531351 0.024693 0.060718 0.437252 0.551913 0.064509 0.197568 0.063245 0.046688 0.082470 0.279429 -0.095027 0.028715 -0.355394 0.013873 -0.041902 -0.012945 0.032362 -0.002896 1.000000 0.683810 0.431981 0.251399 -0.007316 0.088505 0.190894 0.194586 0.052670 0.259647 0.294850 0.346327 -0.102369 0.045255 0.150871 -0.317541 0.211090 -0.054962 -0.087312 -0.157999 0.055078 0.159035 -0.189686 -0.325785 -0.120180 -0.178988 0.072566 -0.207189 0.009536 -0.052724 -0.330046 -0.320658 -0.086008 0.017153 -0.208280 -0.146436 0.029510 -0.305410 -0.006561 -0.192259 0.068421 0.027706 -0.032644 0.236495 0.064807 -0.037279 0.223656 0.325798 0.065036 -0.038023 0.045983 -0.010843 -0.004727 -0.003841 0.002297 0.136433 -0.234735 -0.154844 -0.073442 -0.242522 -0.040363 0.009909 -0.314899 -0.140723 -0.184208 -0.267268 -0.369498 -0.197942 -0.058173 -0.085966 0.031881 0.143622 -0.162454 -0.001692 -0.131005 -0.182688 0.045837 0.035428 0.211018 0.207023 0.011102 0.152591 -0.152431 -0.253372 0.161281 0.098444 0.029027 0.214091 0.060783 -0.191628 0.019146 0.182473
-0.621632 -0.563219 -0.117571 0.058264 0.255313 0.338111 -0.210090 -0.034009 0.201597 0.366080 -0.051841 0.035461 -0.144381 -0.084420 -0.152977 0.003503 0.075229 0.152455 -0.221943 0.145213 0.179754 -0.017898 -0.182724 0.240791 0.683810 1.000000 0.185587 0.154735 0.098284 0.203084 0.313677 0.527806 0.041467 0.251279 0.291429 0.313240 0.169392 0.172052 0.291120 -0.149346 0.349408 0.053240 -0.072125 -0.076712 0.005563 0.137941 -0.036764 -0.100941 -0.307247 -0.281106 -0.194205 -0.311639 -0.016818 -0.123052 -0.117270 -0.168799 -0.004013 -0.045629 -0.300279 -0.153725 -0.234085 -0.425825 0.093864 -0.146559 -0.173380 -0.014955 -0.044484 0.330881 -0.059762 -0.012149 0.305522 0.409841 0.263073 0.178008 0.196767 -0.017724 0.148404 0.177922 0.251499 0.288536 0.084148 0.091927 0.003053 -0.119543 0.198617 0.371643 -0.269778 0.080964 -0.149165 -0.115461 -0.312716 -0.205902 -0.196201 -0.218637 -0.087562 0.173033 0.115361 0.085351 0.015736 -0.047919 -0.097005 -0.151904 0.061407 0.017254 -0.139459 0.053442 -0.319722 -0.267445 0.194153 0.160331 0.312504 0.296480 0.062667 -0.218406 0.125207 0.132147
-0.077822 -0.135654 0.367815 -0.066524 0.550382 0.820438 0.344424 0.255893 0.298531 0.482892 0.177317 0.062035 0.079803 -0.128866 0.287714 0.516850 -0.091656 -0.368549 -0.160329 -0.109479 0.285892 0.278628 0.256751 0.132524 0.431981 0.185587 1.000000 0.767939 -0.284875 -0.119274 -0.002926 -0.068099 0.171891 0.212661 0.190677 0.146083 -0.359257 -0.308568 0.115479 -0.197951 -0.068585 0.012965 -0.132953 -0.172171 0.161275 -0.052785 -0.247054 -0.441879 0.048832 0.071919 0.162670 -0.087116 -0.145935 -0.081403 -0.148554 -0.197949 -0.139408 -0.080334 -0.322452 -0.338551 0.080428 -0.142603 -0.237269 -0.232845 0.420032 0.086183 -0.197634 -0.116054 0.056047 0.116361 0.102367 0.167179 -0.217098 -0.112070 0.008169 0.201699 -0.268466 -0.071780 -0.198746 -0.050421 -0.451649 -0.418640 0.111234 0.040895 -0.227852 -0.278920 -0.125942 -0.172268 0.093121 -0.073077 -0.320630 -0.235053 0.088778 -0.007655 -0.045805 -0.172612 -0.126578 -0.140171 -0.232675 -0.234198 0.332298 0.117863 0.252519 0.212012 0.253021 0.243880 0.104245 0.013904 0.124811 -0.202674 0.026220 0.038702 0.010189 -0.064573 -0.040475 0.018786
-0.044126 -0.226294 0.488984 0.027410 0.330575 0.711360 0.421501 0.289358 0.115800 0.234946 0.023373 -0.022360 0.086169 -0.262879 0.136931 0.209292 -0.057662 -0.406404 0.048833 -0.084389 0.304503 0.363002 0.332705 0.372413 0.251399 0.154735 0.767939 1.000000 -0.450834 -0.363262 -0.088168 -0.050052 0.058541 0.031875 0.270521 0.174601 -0.462278 -0.383082 0.022758 -0.256976 -0.215310 -0.090696 -0.123283 -0.056818 0.070853 -0.043890 -0.354324 -0.435380 0.134661 0.012359 0.286214 -0.151608 -0.341237 -0.270064 -0.108472 -0.227856 -0.237749 -0.181707 -0.137974 -0.231396 0.054247 -0.298528 -0.224044 -0.329005 0.504170 0.007634 0.075816 0.216217 0.032116 0.211237 -0.112266 -0.173452 -0.312293 -0.263524 -0.153005 0.098203 -0.376812 -0.019504 -0.241617 -0.169309 -0.441647 -0.451399 0.048712 0.108849 -0.037412 -0.055785 -0.005333 -0.041793 0.272696 0.059949 -0.253200 -0.200094 0.036387 0.163845 -0.044357 -0.367725 -0.207657 -0.225573 -0.416628 -0.416181 0.257999 0.274563 0.271560 0.310931 0.283001 0.230116 0.218763 0.234836 -0.109910 -0.194345 0.218020 -0.073272 -0.151985 -0.010678 0.062764 0.114477
0.054519 0.045266 -0.276177 -0.195016 -0.169397 -0.319047 -0.271590 -0.320780 -0.205868 -0.127494 0.533518 0.212029 0.222029 0.223046 -0.124026 -0.200612 0.311862 0.470753 0.128651 0.189423 -0.026907 -0.354058 -0.198703 -0.074885 -0.007316 0.098284 -0.284875 -0.450834 1.000000 0.591559 0.538684 0.377379 0.365738 0.535038 -0.125073 -0.264666 0.295188 0.335124 0.114418 -0.046887 0.505336 0.263138 0.036357 -0.084199 -0.172133 -0.117178 0.183075 0.010700 -0.403567 -0.212523 -0.161924 -0.164565 0.117429 0.097038 -0.024101 0.096008 0.236614 0.231499 -0.279194 -0.245553 -0.056045 0.049528 0.437627 0.451718 -0.241155 -0.145213 -0.438628 -0.361182 -0.034896 -0.174056 -0.005278 0.199708 0.715496 0.452555 0.258875 0.129101 0.366406 -0.014028 0.572194 0.382767 0.405650 0.411604 0.346672 0.231817 0.337059 0.254089 -0.322426 -0.176856 -0.545086 -0.472017 -0.291447 -0.310767 -0.452557 -0.485236 0.000235 0.259793 0.127313 0.196255 0.383407 0.241287 -0.141114 -0.259356 -0.137660 -0.179244 -0.258864 -0.013852 -0.392482 -0.479587 0.021897 0.141789 -0.061960 0.340282 0.114773 -0.179509 -0.213836 -0.099524
-0.045806 -0.008886 -0.525017 -0.112329 -0.214631 -0.210651 -0.377328 -0.403957 -0.227879 -0.002364 0.470382 0.157086 0.138408 0.296152 -0.236974 -0.077897 0.420465 0.642320 -0.048743 0.283021 0.029455 -0.178076 -0.255477 -0.162404 0.088505 0.203084 -0.119274 -0.363262 0.591559 1.000000 0.444419 0.496665 0.577692 0.563258 0.072506 -0.072169 0.491925 0.375503 0.235936 0.070181 0.498827 0.593888 0.214824 0.084139 0.097091 -0.016734 0.370509 0.125333 -0.312957 -0.075284 -0.293734 -0.119484 -0.108060 0.029390 -0.026682 0.216028 0.218911 0.285339 -0.532770 -0.484135 -0.227728 -0.173065 0.471812 0.353102 -0.329760 -0.242476 -0.498663 -0.378910 0.037866 -0.172367 0.212957 0.434551 0.751378 0.673780 0.607666 0.415298 0.578584 0.209202 0.527387 0.547867 0.466335 0.554829 0.061058 0.092832 0.249403 0.283161 -0.252466 -0.099523 -0.526882 -0.415295 -0.467514 -0.447511 -0.348566 -0.424449 -0.128596 0.196529 0.300450 0.166202 0.253607 0.222897 0.022533 -0.301977 -0.036319 -0.187754 -0.296975 0.024838 -0.210720 -0.307260 0.098434 0.056858 0.049152 0.409128 0.243326 0.107244 -0.217741 -0.140515
-0.170220 -0.001658 -0.059442 0.175595 -0.093562 0.039840 -0.185515 0.108841 -0.489280 -0.207905 0.506346 0.248694 0.299613 0.291998 -0.416296 -0.402128 0.211840 0.468956 0.136621 0.443680 0.293575 -0.157755 0.186596 0.376178 0.190894 0.313677 -0.002926 -0.088168 0.538684 0.444419 1.000000 0.740360 0.461125 0.562359 -0.180216 -0.159306 0.243186 0.117106 0.250308 -0.099661 0.379143 0.464037 -0.187140 -0.276571 -0.277376 -0.284930 -0.200977 -0.297937 -0.604751 -0.368774 -0.328560 -0.520195 -0.255274 -0.179795 -0.222400 -0.148794 0.266418 0.070723 -0.405798 -0.436485 0.002385 -0.043575 0.496736 0.384083 -0.105874 -0.102529 -0.441362 -0.288592 0.090046 0.075396 -0.077019 0.281764 0.508485 0.344246 0.053611 0.332237 0.181578 -0.054914 0.398149 0.278338 0.251263 0.163338 0.561886 0.361052 0.480405 0.314558 -0.232827 0.048728 -0.337330 -0.406329 -0.473106 -0.488333 -0.401721 -0.483064 -0.107921 -0.016193 0.061244 -0.048250 0.102748 0.026870 0.295720 0.037002 0.288187 0.203256 0.110055 0.215103 -0.115043 -0.167441 -0.119373 0.119184 0.216004 0.139228 0.058529 -0.153337 -0.035773 0.000689
-0.351590 -0.261565 -0.195518 0.251305 -0.213964 0.019174 -0.215369 0.057169 -0.383432 -0.049799 0.371118 0.299158 0.183293 0.132214 -0.439743 -0.386296 0.170505 0.436927 0.016708 0.360775 0.135330 -0.043254 0.029465 0.489983 0.194586 0.527806 -0.068099 -0.050052 0.377379 0.496665 0.740360 1.000000 0.238988 0.448935 0.048390 0.119778 0.237717 0.093522 0.200574 -0.073873 0.269393 0.509401 0.051188 -0.021273 -0.152819 -0.094689 0.056261 -0.163799 -0.485945 -0.351174 -0.304304 -0.426007 -0.342072 -0.297763 -0.160006 -0.063288 0.090403 -0.087139 -0.401900 -0.414212 -0.189828 -0.190469 0.397834 0.146003 -0.210026 0.004343 -0.310238 -0.033921 -0.145950 -0.009623 0.021761 0.336319 0.440760 0.367529 0.145053 0.267326 0.235523 0.151029 0.370514 0.296160 0.226977 0.173115 0.224431 0.305320 0.404912 0.503957 -0.240790 0.080632 -0.241615 -0.249359 -0.538657 -0.553993 -0.274512 -0.436067 -0.262886 -0.104711 0.182191 -0.104267 0.019641 -0.131741 0.201703 -0.101688 0.158092 0.045121 -0.030761 0.141456 -0.153853 -0.141221 -0.203963 0.036576 0.220353 0.176772 -0.028479 -0.054144 -0.106334 -0.180672
0.137336 0.197815 -0.098780 -0.164871 -0.029829 0.083994 -0.099858 -0.164254 -0.305391 -0.125532 0.466574 0.063837 0.264772 0.243369 -0.236152 -0.189612 0.445420 0.415888 0.236262 0.317390 0.197609 -0.136951 0.010037 -0.025449 0.052670 0.041467 0.171891 0.058541 0.365738 0.577692 0.461125 0.238988 1.000000 0.571048 -0.019787 -0.283042 0.355998 0.256552 0.180991 -0.073324 0.454029 0.369382 0.054928 -0.043140 -0.101110 -0.263544 0.000691 -0.088596 -0.390131 -0.124513 -0.121775 -0.311611 -0.219240 -0.094651 -0.153132 0.065170 0.165488 0.353170 -0.416441 -0.442748 -0.153558 -0.191761 0.377777 0.411606 -0.114385 -0.338906 -0.268513 -0.323284 0.324487 0.047749 -0.077477 0.108283 0.511572 0.500780 0.374762 0.239091 0.413791 0.140970 0.452075 0.408330 0.351506 0.377022 0.372101 0.108769 0.368994 0.137031 -0.261610 -0.197589 -0.388542 -0.344050 -0.511543 -0.497679 -0.519184 -0.407372 0.110516 0.025206 0.019187 0.122675 0.055770 0.143269 -0.003745 -0.249258 0.013109 -0.046019 -0.006465 0.117703 -0.187750 -0.258783 0.128022 -0.024634 0.160007 0.247341 0.001620 0.000227 0.012962 0.106166
0.010574 0.113160 -0.082906 -0.044567 0.151759 0.174936 0.010645 0.049097 -0.168200 -0.001703 0.396761 0.168251 0.260175 0.205368 -0.225751 -0.117582 0.231374 0.253011 0.095211 0.422127 0.245272 -0.108997 0.015376 0.077861 0.259647 0.251279 0.212661 0.031875 0.535038 0.563258 0.562359 0.448935 0.571048 1.000000 0.175171 0.113156 0.116088 0.143900 0.089963 -0.274154 0.357266 0.397545 -0.043935 -0.167440 -0.099681 -0.131536 -0.134633 -0.323500 -0.496210 -0.254876 -0.204025 -0.419453 -0.180417 -0.193131 -0.269332 -0.194100 0.033232 0.185882 -0.473706 -0.453512 -0.069254 -0.108997 0.295307 0.324708 0.018877 -0.083600 -0.416843 -0.229186 0.033065 -0.004423 -0.026791 0.172604 0.474601 0.447622 0.235543 0.384014 0.238871 0.071239 0.330031 0.260654 0.225147 0.169456 0.288333 0.290327 0.236221 0.155260 -0.326585 -0.265552 -0.438942 -0.449860 -0.485746 -0.474214 -0.246483 -0.325720 -0.075486 0.092930 -0.144452 -0.122381 0.001840 -0.072420 0.132830 -0.182167 0.057938 -0.092295 -0.141354 0.085454 -0.258883 -0.337723 0.038451 -0.035798 0.013162 0.124573 0.036083 -0.164806 -0.210930 -0.028812
-0.164734 -0.180394 0.154739 0.020968 0.157075 0.114788 0.233279 0.054923 0.293161 0.260413 0.024032 0.263326 0.161162 0.082366 0.137986 0.229733 -0.069364 -0.035181 -0.070917 -0.150894 0.048073 0.036638 0.099779 0.125884 0.294850 0.291429 0.190677 0.270521 -0.125073 0.072506 -0.180216 0.048390 -0.019787 0.175171 1.000000 0.607823 -0.193596 -0.140514 -0.118019 -0.160636 -0.125880 -0.049681 0.007039 0.051963 -0.109404 -0.046235 -0.112413 -0.155471 -0.059430 -0.240505 -0.012721 -0.174398 -0.093740 -0.276654 -0.016664 -0.148778 -0.470145 -0.287362 -0.183315 -0.219358 0.029884 -0.213040 -0.091963 -0.228251 0.340995 0.189786 0.047626 0.248590 -0.291466 -0.024067 0.073497 0.019355 -0.036914 -0.075329 0.101078 0.074696 -0.049250 0.292035 -0.250088 -0.121881 -0.216094 -0.153428 -0.218177 -0.063316 0.023931 0.162713 -0.015513 -0.064453 0.217544 0.085840 -0.158929 -0.185142 0.150233 0.120338 -0.149829 -0.138823 -0.136644 -0.112853 -0.351582 -0.374197 -0.189047 -0.296124 -0.327212 -0.313006 -0.329706 -0.246327 -0.048528 0.041083 0.002031 0.045672 0.084837 -0.079116 -0.196292 0.291990 0.109616 0.057854
-0.251703 -0.205989 0.004979 0.254799 0.133343 0.239185 0.080574 0.242355 0.264819 0.276447 -0.232855 0.246998 0.069927 0.143505 0.092169 0.215479 -0.216279 -0.135998 -0.289523 -0.074902 0.058872 0.107181 0.146507 0.222089 0.346327 0.313240 0.146083 0.174601 -0.264666 -0.072169 -0.159306 0.119778 -0.283042 0.113156 0.607823 1.000000 -0.160480 -0.081317 0.032740 -0.174999 -0.162152 -0.012922 -0.033092 -0.032327 0.092009 0.252089 -0.110703 -0.138303 0.008671 -0.134579 -0.157938 -0.212368 -0.148560 -0.321698 -0.155047 -0.232743 -0.327623 -0.402879 -0.175184 -0.124626 0.101035 -0.004283 -0.179428 -0.298688 0.322907 0.493293 -0.002204 0.315197 -0.295189 -0.107647 0.181727 0.027871 -0.237295 -0.118942 -0.046172 0.097015 -0.075640 0.295834 -0.336192 -0.124984 -0.262552 -0.258434 -0.287967 -0.141540 -0.057944 0.144917 -0.099770 0.017414 0.147243 0.079226 -0.077823 -0.143035 0.224099 0.039404 -0.107626 -0.145309 -0.164079 -0.240795 -0.367894 -0.373452 -0.069347 -0.135761 -0.215261 -0.161437 -0.238021 -0.151744 0.063538 0.172247 -0.042665 -0.036554 0.061957 -0.274198 -0.240126 0.265668 0.131048 0.034094
