1.000000 0.692488 0.092707 -0.353762 -0.166358 -0.289079 -0.300006 -0.363175 -0.231230 -0.374849 0.155144 0.067414 0.001511 0.084653 0.011013 0.029951 0.606495 0.455916 0.461105 0.122270 0.184145 0.116569 -0.257143 -0.419233 -0.383449 -0.386147 -0.297345 -0.305629 0.205765 0.092245 -0.264106 -0.428858 0.298316 0.064235 -0.500721 -0.607804 0.003821 -0.034971 0.017509 0.091332 0.180648 -0.229717 -0.466742 -0.239085 -0.328164 -0.417535 0.130833 -0.118929 0.002002 -0.092618 -0.242729 0.003187 0.508512 0.363391 0.221413 0.151891 0.760534 0.679661 0.395671 0.241114 0.477335 0.304600 0.510849 0.706554 -0.326893 -0.347613 -0.351646 -0.565950 0.348800 -0.140460 -0.077827 0.011475 0.114141 -0.055794 -0.018195 -0.230534 -0.007074 -0.319334 0.531168 0.502287 0.445141 0.593094 -0.146462 -0.185912 -0.076431 -0.086381 -0.021908 -0.161255 -0.047176 0.200622 -0.007906 -0.109967 -0.329486 -0.114175 -0.000187 -0.301734 0.184074 0.184550 0.210534 0.282296 -0.023432 -0.062539 -0.062530 -0.184753 -0.139796 -0.145506 -0.036584 -0.167897 -0.032918 -0.240569 -0.377964 -0.079224 0.217186 -0.050936 0.058825 0.023171
0.692488 1.000000 -0.017438 -0.145667 0.020459 -0.150149 -0.296353 -0.023215 -0.124507 -0.037750 0.267634 0.485030 0.244641 0.348910 0.160468 0.286943 0.464610 0.476982 0.189942 -0.104063 0.147471 0.077113 -0.294425 -0.502931 -0.404358 -0.430161 -0.154715 -0.268605 0.065395 0.135498 -0.549245 -0.537332 0.160087 -0.063867 -0.539505 -0.594639 0.069804 0.148378 -0.018987 0.124963 0.150968 -0.176568 -0.474830 -0.324220 -0.401024 -0.464325 0.079028 -0.194027 0.119026 -0.131081 -0.054447 0.088800 0.564766 0.304240 0.129162 0.074993 0.616129 0.700897 0.549599 0.374305 0.502226 0.599417 0.421113 0.654623 -0.320250 -0.119250 -0.304868 -0.580980 0.360230 -0.111824 -0.064115 -0.061351 0.140871 -0.031077 0.084405 -0.047932 0.008958 -0.315125 0.265919 0.435639 0.417825 0.470922 -0.121413 -0.070520 0.022471 -0.061022 0.063639 -0.245211 0.073419 0.106582 0.045097 -0.260238 -0.277351 -0.202007 -0.135710 -0.346528 0.165151 0.025826 0.202545 0.033246 0.116500 -0.292526 -0.038806 -0.223391 -0.206388 -0.304336 -0.085559 -0.208727 -0.136633 -0.307269 -0.466491 -0.236044 0.088083 -0.298883 -0.118169 -0.138530
0.092707 -0.017438 1.000000 0.031445 0.425022 0.349280 0.659188 0.081919 0.479729 0.097254 0.221498 -0.016093 0.387583 -0.004326 0.420574 0.052097 -0.073748 -0.133528 0.346518 -0.173107 0.410459 0.389889 0.476443 0.108504 0.070928 0.067131 0.376881 0.272276 -0.080661 -0.262729 0.144913 -0.036620 -0.116724 -0.097034 -0.140617 -0.089436 -0.092278 -0.055951 -0.122163 -0.095654 -0.075903 -0.180847 -0.272227 -0.225226 -0.346820 -0.279803 -0.284177 -0.210428 -0.093079 -0.290202 0.074036 -0.090026 -0.013829 -0.091627 -0.156684 -0.214252 -0.073691 -0.091460 0.054282 -0.206783 0.369563 -0.103704 0.088881 -0.133462 0.292360 0.067111 -0.098378 -0.133364 -0.017298 0.037148 0.311411 0.191284 -0.179611 0.173666 0.130630 0.014077 -0.029408 -0.081254 -0.012351 0.083935 -0.311947 -0.237375 -0.177751 -0.329207 -0.057638 -0.158067 -0.093136 -0.110527 0.128557 -0.083323 0.002837 0.303214 0.143346 0.380954 0.067784 -0.070872 -0.165164 -0.075834 -0.224805 -0.035351 0.110449 0.224760 0.199050 -0.006606 -0.011454 -0.133637 -0.170739 -0.210679 0.132899 0.008121 -0.070366 -0.059301 0.036263 0.157091 0.200014 0.105674
-0.353762 -0.145667 0.031445 1.000000 -0.163801 0.424397 0.259950 0.631334 0.101868 0.512413 -0.120488 0.203613 -0.101256 -0.094450 -0.024145 0.076651 -0.396352 -0.383470 -0.103588 0.053369 0.016629 0.012773 0.419242 0.611234 0.135093 0.528077 0.080862 0.382984 -0.385596 -0.426104 0.023475 0.351237 -0.287571 -0.004075 0.339860 0.477007 -0.297274 0.081491 -0.402190 -0.320499 -0.115050 0.043267 -0.007805 -0.087489 -0.064981 0.172124 -0.202213 -0.102974 -0.256214 -0.362216 0.058856 -0.293698 -0.330329 -0.369492 -0.372675 -0.434662 -0.377761 -0.407840 -0.295271 -0.371686 -0.195077 -0.163728 -0.343972 -0.364739 0.470799 0.586538 0.116211 0.344588 -0.055478 0.046444 0.041559 -0.145123 -0.380271 0.089483 0.055638 0.150839 -0.052105 0.340985 -0.374188 -0.363347 -0.423074 -0.601033 0.105672 0.183211 0.158121 0.331450 -0.007388 0.253788 0.351175 0.019941 0.018146 0.009345 0.500647 0.175742 -0.299476 -0.216263 -0.327618 -0.338023 -0.422157 -0.345294 -0.019942 -0.204778 -0.377744 -0.206678 -0.199653 -0.161408 -0.208679 -0.211507 -0.259344 0.042571 0.254878 -0.215331 -0.398199 -0.082038 -0.099178 -0.329369
-0.166358 0.020459 0.425022 -0.163801 1.000000 0.257593 0.352640 -0.004993 0.672866 0.407879 0.166448 0.213529 0.439793 0.219616 0.529022 0.539931 -0.013060 0.050741 -0.107667 -0.289334 0.405180 0.389703 0.152047 -0.115765 0.156676 -0.199537 0.508392 0.105224 -0.002794 0.111109 0.146057 -0.091110 -0.001856 -0.264909 -0.220931 -0.232227 0.173959 -0.134591 0.107703 0.173462 -0.076446 -0.060902 -0.269637 -0.383959 -0.162761 -0.245764 -0.238543 -0.294896 0.246863 -0.027160 0.111352 0.006209 0.003498 -0.006345 -0.031931 -0.026652 0.014648 0.066553 0.207562 0.022539 0.310694 0.161586 -0.140763 -0.262336 0.137671 0.122474 -0.047109 -0.228365 0.091244 0.248666 0.312009 0.201984 0.102552 0.184892 -0.009787 0.267578 -0.200327 -0.360814 0.034040 0.105325 -0.176955 -0.092096 -0.207223 -0.185683 -0.169813 -0.277592 -0.096963 -0.279636 -0.017424 -0.019371 -0.127255 0.111970 -0.004363 0.148799 0.032380 0.173966 -0.177862 -0.111309 -0.245516 -0.259441 0.047907 -0.030162 0.151350 0.162198 0.124341 -0.049842 -0.094828 0.020013 0.194711 -0.097203 -0.350927 -0.228646 0.022321 -0.136477 -0.096196 0.216348
-0.289079 -0.150149 0.349280 0.424397 0.257593 1.000000 0.334475 0.167023 0.078777 0.340362 -0.260801 -0.151110 -0.193320 -0.447042 -0.123249 -0.131358 -0.205841 -0.339382 -0.140412 -0.221544 0.086653 0.144031 0.547075 0.466048 0.515898 0.663099 0.756960 0.852279 -0.566178 -0.520942 0.227638 0.070418 -0.105281 -0.121786 0.373132 0.350999 -0.507583 -0.255815 -0.077319 -0.115890 -0.480869 -0.302754 0.032490 0.093895 -0.059123 0.223598 -0.214716 0.076556 -0.094803 -0.134430 0.313763 -0.029307 -0.340243 -0.315318 -0.263243 -0.141695 -0.025611 -0.052163 -0.362012 -0.249176 -0.200696 -0.254956 -0.521974 -0.327591 0.436842 0.381574 0.236456 0.406875 0.199978 0.314157 0.197941 0.069445 -0.520007 -0.122801 -0.176457 0.022420 -0.311933 -0.151929 -0.096365 0.053399 -0.287106 -0.350436 -0.254371 -0.321233 0.265398 0.388350 0.146096 0.338729 0.363346 0.130700 -0.286360 -0.129042 0.245112 0.134669 -0.008523 -0.088889 -0.120173 -0.280652 -0.300586 -0.265587 0.015241 -0.034960 -0.032927 -0.089011 -0.274426 -0.441440 -0.199580 -0.278077 -0.019851 -0.160793 0.265541 -0.245021 -0.259446 -0.164354 -0.020143 0.060047
-0.300006 -0.296353 0.659188 0.259950 0.352640 0.334475 1.000000 0.453817 0.514607 0.337964 0.001218 -0.009268 0.289864 0.097413 0.271002 0.041807 -0.412473 -0.346686 0.091869 -0.024139 0.166732 0.140678 0.407850 0.213001 0.182664 0.188244 0.282796 0.167594 0.016635 -0.098341 0.242541 0.218690 -0.198864 0.100338 0.033776 0.211852 -0.013310 -0.009486 -0.239287 -0.177147 -0.034299 -0.018865 0.027038 0.001779 0.086019 0.108479 -0.262893 0.012889 -0.024870 -0.054845 0.128009 -0.022854 -0.334054 -0.195226 -0.393976 -0.310100 -0.464476 -0.435365 -0.254876 -0.389867 0.055451 -0.198641 -0.080968 -0.409142 0.446945 0.194345 0.002816 0.152737 -0.456701 -0.043182 0.067732 -0.009753 -0.030639 0.121789 0.084529 0.019890 0.092275 0.157289 -0.304280 -0.184867 -0.460857 -0.457690 -0.020179 0.039994 -0.206519 -0.072333 -0.223143 -0.141842 -0.099841 -0.336866 -0.129143 0.153122 0.271347 0.234913 0.010431 0.070129 -0.275541 -0.105172 -0.268324 -0.120940 0.192169 0.068935 0.085183 -0.214232 -0.056356 -0.218970 -0.201907 -0.228466 0.135223 0.109035 0.068731 0.009788 -0.179347 0.162924 0.034571 -0.024806
-0.363175 -0.023215 0.081919 0.631334 -0.004993 0.167023 0.453817 1.000000 0.084738 0.613919 0.052777 0.412960 0.230982 0.401643 0.045541 0.208370 -0.255736 -0.112265 -0.143797 -0.035070 -0.168395 -0.100905 0.040332 0.062781 -0.149441 0.084435 -0.024177 -0.056307 -0.032337 0.070929 -0.225449 0.178088 -0.229696 0.127975 0.085495 0.306164 0.039252 0.207041 -0.451892 -0.318213 0.131386 0.109881 0.105035 0.000205 0.015223 0.189685 -0.137247 -0.030602 -0.089356 -0.126261 0.141232 -0.030152 -0.329707 -0.312172 -0.391520 -0.259769 -0.438207 -0.394491 -0.233861 -0.290106 -0.126308 0.153524 -0.174268 -0.227828 0.220944 0.541218 -0.032751 0.209723 -0.389064 -0.374707 -0.197704 -0.245559 -0.032925 -0.033909 0.058544 0.045342 0.152970 0.383634 -0.286142 -0.244191 -0.194361 -0.342591 0.070857 0.258910 -0.018554 0.190587 -0.184810 -0.149140 -0.018822 -0.306403 -0.032302 -0.182495 0.331299 -0.116451 -0.335307 -0.223775 -0.322282 -0.204977 -0.338654 -0.340865 0.149226 -0.276561 -0.195363 -0.315465 -0.164594 -0.162139 -0.163122 -0.163758 -0.250131 -0.029532 -0.032871 -0.401700 -0.316530 -0.114593 -0.117936 -0.393697
-0.231230 -0.124507 0.479729 0.101868 0.672866 0.078777 0.514607 0.084738 1.000000 0.475631 0.222028 0.343174 0.481292 0.216573 0.641009 0.502233 -0.348778 -0.214075 -0.121341 -0.261945 0.373808 0.279860 0.421685 0.243201 0.044166 -0.064323 0.111904 -0.000121 -0.071475 -0.072067 0.186263 0.174247 -0.306186 -0.273114 -0.068028 0.043894 0.103909 -0.028150 -0.092259 0.021763 -0.059644 0.012050 -0.206867 -0.406228 -0.114140 -0.203238 -0.185561 -0.318323 0.130857 -0.316442 0.067545 -0.211635 -0.029632 -0.000435 -0.161843 -0.299112 -0.343764 -0.306929 0.166110 -0.218584 0.386367 0.051399 -0.120244 -0.391657 0.438623 0.290302 -0.099223 -0.227535 -0.050126 0.158566 0.460782 0.189043 -0.025279 0.405557 0.240659 0.406974 0.072150 0.061932 -0.247862 -0.144993 -0.563520 -0.510780 -0.001744 -0.039246 -0.282553 -0.409343 -0.238242 -0.134584 0.104143 -0.073946 0.038807 0.389381 0.284778 0.557538 -0.056695 0.164494 -0.227083 -0.161640 -0.325368 -0.182301 0.161384 0.038426 -0.020693 0.113897 0.126037 0.007943 -0.246195 -0.081285 0.175957 0.112701 -0.138196 0.100481 0.008385 0.091623 -0.152859 0.068773
-0.374849 -0.037750 0.097254 0.512413 0.407879 0.340362 0.337964 0.613919 0.475631 1.000000 -0.063908 0.368833 0.201247 0.228987 0.187196 0.481272 -0.374991 -0.240075 -0.384101 -0.331541 0.058069 0.038125 0.193566 0.185719 -0.058159 0.091884 0.184106 0.138432 -0.355850 -0.118368 -0.121179 0.132383 -0.274796 -0.256335 0.162287 0.375505 -0.035013 0.013255 -0.359717 -0.273554 -0.121137 -0.082799 -0.055795 -0.244093 0.009410 0.115822 -0.180232 -0.183420 0.206913 -0.162966 0.210083 -0.107883 -0.228837 -0.172727 -0.345366 -0.310103 -0.311065 -0.240480 -0.008417 -0.139074 0.147011 0.300062 -0.433967 -0.377446 0.495295 0.776923 0.005542 0.076469 -0.038982 0.041844 0.147358 -0.122937 -0.246044 0.117155 0.018439 0.301534 0.077092 0.103808 -0.300648 -0.035473 -0.426236 -0.453544 -0.135315 -0.058573 -0.058150 0.027007 -0.252036 -0.011554 0.184742 -0.132420 -0.143487 -0.041989 0.394645 0.094296 -0.138792 -0.002057 -0.352289 -0.154326 -0.327358 -0.276679 0.096799 -0.232492 -0.135130 -0.096946 -0.049584 -0.185392 -0.248543 -0.217715 -0.102388 -0.154438 -0.144574 -0.261432 -0.145685 -0.143254 -0.126751 -0.014762
0.155144 0.267634 0.221498 -0.120488 0.166448 -0.260801 0.001218 0.052777 0.222028 -0.063908 1.000000 0.353804 0.827558 0.391361 0.566100 0.203577 0.204204 0.341715 0.159142 0.022179 0.161898 0.279760 -0.102926 -0.285574 -0.250498 -0.415906 -0.053071 -0.306926 0.254912 0.273313 -0.268434 -0.147453 -0.037391 0.074486 -0.388385 -0.349859 0.101530 0.191090 0.036028 0.178037 0.096890 0.002304 -0.300640 -0.232364 -0.374252 -0.356085 -0.177203 -0.332503 -0.121591 -0.204609 -0.165284 -0.170701 0.095906 -0.127542 0.003949 -0.133216 -0.053234 0.045200 0.251887 -0.006499 0.243184 0.137620 0.162716 0.156582 -0.207892 -0.187003 -0.141944 -0.241577 0.087461 -0.236259 0.145924 0.164250 0.187468 -0.042163 0.023604 0.061623 0.094650 -0.003857 -0.116210 -0.080525 0.108414 0.073910 0.492511 0.288847 0.336405 -0.129137 0.370380 -0.346624 0.260067 -0.148487 0.178886 0.000133 -0.123131 0.100807 0.026394 -0.085304 0.038315 -0.105898 -0.066503 -0.221921 -0.068537 -0.091427 -0.087529 0.079857 0.078615 0.104711 -0.123738 -0.069141 0.096338 0.163736 -0.117761 -0.206757 -0.055048 -0.072021 -0.074948 -0.089471
0.067414 0.485030 -0.016093 0.203613 0.213529 -0.151110 -0.009268 0.412960 0.343174 0.368833 0.353804 1.000000 0.442726 0.659817 0.450951 0.652978 -0.035398 0.314153 -0.163111 -0.213133 -0.084066 -0.020217 -0.056463 -0.085604 -0.340575 -0.359160 -0.270084 -0.337203 0.068210 0.222917 -0.356967 -0.077675 -0.335636 -0.130636 -0.266809 -0.240868 0.241469 0.107031 -0.180748 0.026920 0.036345 0.078936 -0.274196 -0.384955 -0.386226 -0.386385 -0.054548 -0.394994 0.094660 -0.356657 0.015991 -0.083151 0.224478 -0.037380 -0.011069 -0.197974 -0.054962 -0.042308 0.367267 0.025088 0.312429 0.483686 0.085926 0.134647 -0.014869 0.296461 -0.273108 -0.379541 0.031045 -0.226666 0.155480 0.026009 0.128054 0.239032 0.183635 0.328697 0.169310 0.076142 -0.141195 0.033507 -0.078618 -0.091119 -0.002693 0.306990 -0.120395 -0.186847 -0.048372 -0.204493 0.048090 -0.014060 0.141820 -0.017888 0.128236 0.201540 -0.230208 -0.173703 -0.157345 -0.220775 -0.199626 -0.273195 0.122193 -0.223786 -0.209081 -0.047749 -0.047541 -0.045988 0.008899 -0.035691 -0.036520 -0.041048 -0.422409 -0.317385 -0.246472 -0.147842 -0.182539 -0.213877
0.001511 0.244641 0.387583 -0.101256 0.439793 -0.193320 0.289864 0.230982 0.481292 0.201247 0.827558 0.442726 1.000000 0.547695 0.675361 0.359248 0.092732 0.258782 0.088424 -0.177771 0.194991 0.176864 -0.070654 -0.332781 -0.320405 -0.487289 0.021892 -0.350746 0.275161 0.274540 -0.267948 -0.158194 -0.072769 0.008461 -0.427748 -0.286530 0.221081 0.193973 -0.015722 0.019927 0.134298 0.046676 -0.242022 -0.246156 -0.293271 -0.314734 -0.207916 -0.328038 0.067391 -0.155342 0.000854 -0.030914 0.076278 -0.062407 -0.035463 -0.205461 -0.192320 -0.026528 0.295885 -0.027079 0.390246 0.257762 0.155871 0.020917 -0.091057 -0.007620 -0.138027 -0.283271 -0.140964 -0.206222 0.133758 0.029399 0.281538 0.041455 0.062464 0.102502 0.154349 0.006691 -0.198798 -0.081503 -0.001991 -0.042110 0.280454 0.182707 0.055530 -0.238441 0.144924 -0.449615 0.098967 -0.303060 0.078465 0.050842 -0.098941 0.093076 0.073921 -0.031188 -0.063124 -0.033412 -0.135461 -0.270149 0.020878 -0.117015 -0.099994 0.021303 0.102697 0.055607 -0.157221 -0.063098 0.115591 0.076357 -0.233959 -0.212353 -0.051912 -0.050049 -0.033357 -0.024809
0.084653 0.348910 -0.004326 -0.094450 0.219616 -0.447042 0.097413 0.401643 0.216573 0.228987 0.391361 0.659817 0.547695 1.000000 0.313154 0.587318 0.079416 0.480925 0.018295 -0.010933 0.084172 0.002634 -0.380461 -0.510585 -0.458164 -0.660041 -0.309954 -0.596338 0.432074 0.625299 -0.394292 -0.194121 -0.017619 0.047767 -0.495589 -0.327120 0.549142 0.242581 -0.082023 0.008183 0.350071 0.279232 -0.072728 -0.221443 -0.213414 -0.361447 -0.137381 -0.350291 0.093938 -0.082969 -0.131798 -0.047679 0.190404 -0.011652 -0.046933 -0.120737 -0.158466 -0.096088 0.358974 0.063491 0.380978 0.551182 0.423452 0.330808 -0.287241 -0.011439 -0.353285 -0.447776 -0.350590 -0.433537 0.051173 0.063063 0.515519 0.258978 0.243610 0.242774 0.304657 0.218297 -0.150723 -0.045404 0.241136 0.175909 -0.037169 0.335644 -0.378760 -0.468703 -0.215727 -0.508094 -0.346569 -0.403476 0.186968 -0.001738 -0.010822 -0.030205 0.000060 -0.010993 -0.262721 0.011470 -0.124531 -0.169876 0.160038 -0.125788 0.042780 0.066507 0.211440 0.159949 0.121229 0.070718 0.124681 -0.100644 -0.575367 -0.248226 0.047816 -0.008190 -0.024156 -0.069417
0.011013 0.160468 0.420574 -0.024145 0.529022 -0.123249 0.271002 0.045541 0.641009 0.187196 0.566100 0.450951 0.675361 0.313154 1.000000 0.600073 -0.078577 0.039964 0.160566 -0.036688 0.344768 0.387881 0.256761 0.036107 -0.028481 -0.228922 0.067811 -0.179718 0.252169 0.118326 0.061380 0.066542 -0.255915 -0.219137 -0.410274 -0.360947 0.132262 -0.028838 -0.011882 0.139032 0.107562 0.097124 -0.420465 -0.531926 -0.502948 -0.594981 -0.277631 -0.501931 0.042506 -0.319543 -0.054377 -0.050869 0.301788 0.143790 0.122670 -0.237692 -0.162978 -0.090621 0.355285 0.062754 0.328023 0.067904 0.134822 -0.153146 0.068218 -0.039287 -0.363335 -0.483819 0.068565 -0.004003 0.325247 0.084682 0.217135 0.310940 0.280756 0.243442 0.058171 -0.141091 -0.149201 -0.053230 -0.327910 -0.248000 0.389684 0.215775 -0.062854 -0.400651 0.144850 -0.274487 0.180314 0.069626 0.203517 0.387305 0.038179 0.383969 -0.113602 0.044762 -0.088291 -0.206041 -0.082433 -0.100471 -0.001658 -0.022102 -0.054948 0.132006 0.142280 0.093793 0.001417 0.053019 0.166549 0.231599 -0.252837 0.023585 -0.007034 0.095052 -0.225910 -0.103377
0.029951 0.286943 0.052097 0.076651 0.539931 -0.131358 0.041807 0.208370 0.502233 0.481272 0.203577 0.652978 0.359248 0.587318 0.600073 1.000000 -0.107958 0.184092 -0.127860 -0.229704 0.331691 0.286166 -0.048927 -0.125906 -0.135892 -0.327229 -0.037316 -0.229468 0.141699 0.349296 -0.121047 0.011419 -0.221108 -0.274458 -0.356211 -0.270809 0.262044 -0.036866 -0.058509 0.167232 0.231088 0.236504 -0.362618 -0.529032 -0.357538 -0.468179 -0.130315 -0.441281 0.169640 -0.256405 -0.077285 -0.143115 0.288896 0.118375 0.116332 -0.090942 -0.057827 -0.019422 0.425622 0.109556 0.407408 0.430225 0.083413 -0.046987 0.075075 0.231392 -0.439153 -0.546132 0.088270 -0.121540 0.345279 0.131069 0.252413 0.454263 0.313639 0.449252 0.080243 -0.115047 -0.079319 0.042772 -0.205952 -0.123999 -0.014877 0.247040 -0.328858 -0.368873 -0.182706 -0.252497 -0.057536 0.073250 0.030291 0.141125 0.099960 0.224368 -0.187539 0.035563 -0.253198 -0.079756 -0.165454 -0.102030 0.098923 -0.161917 -0.026264 0.127624 0.082318 0.104186 0.097347 0.041567 0.064834 0.019016 -0.497878 -0.180552 0.003387 -0.058510 -0.262087 -0.098597
0.606495 0.464610 -0.073748 -0.396352 -0.013060 -0.205841 -0.412473 -0.255736 -0.348778 -0.374991 0.204204 -0.035398 0.092732 0.079416 -0.078577 -0.107958 1.000000 0.657840 0.320436 0.140322 0.078400 0.021495 -0.398003 -0.467344 -0.234110 -0.365071 -0.079577 -0.243548 0.345114 0.293195 -0.151490 -0.315265 0.519073 0.274659 -0.396958 -0.544968 -0.011446 -0.060242 0.172997 0.173310 0.093568 -0.161869 -0.367700 -0.112367 -0.223121 -0.245875 0.082562 -0.103005 -0.074991 0.074042 -0.210969 0.126856 0.247301 0.137567 0.153374 0.319047 0.691230 0.669998 0.237590 0.228376 0.195576 0.179083 0.447881 0.666133 -0.587029 -0.370643 -0.151466 -0.316701 0.184524 -0.135828 -0.197018 0.098317 0.291121 -0.165127 -0.195811 -0.261886 -0.294736 -0.438316 0.633494 0.446513 0.729647 0.742471 -0.021011 -0.150942 0.036774 -0.020022 0.143459 -0.222182 -0.106633 0.077712 -0.122034 -0.362645 -0.475426 -0.338302 -0.071349 -0.249625 0.168146 -0.001729 0.074479 -0.067941 -0.136129 -0.178696 -0.122049 -0.137238 -0.135048 -0.066465 -0.009299 0.069169 -0.162564 -0.230741 -0.316853 -0.361403 0.071478 -0.315420 -0.088912 -0.015390
0.455916 0.476982 -0.133528 -0.383470 0.050741 -0.339382 -0.346686 -0.112265 -0.214075 -0.240075 0.341715 0.314153 0.258782 0.480925 0.039964 0.184092 0.657840 1.000000 0.131277 0.063567 -0.040385 -0.091727 -0.484330 -0.504963 -0.344153 -0.479133 -0.103161 -0.348216 0.400303 0.560700 -0.227712 -0.240899 0.303068 0.241107 -0.436514 -0.520947 0.299497 -0.034741 0.253409 0.270121 0.198411 -0.025493 -0.258222 -0.099516 -0.336144 -0.342651 -0.095763 -0.309311 -0.077758 -0.080262 -0.270439 -0.101868 0.205948 -0.059068 0.125308 0.142968 0.383165 0.444718 0.259606 0.141698 0.208479 0.290094 0.334417 0.670275 -0.611564 -0.324684 -0.252312 -0.359255 0.012726 -0.235713 -0.048464 0.203646 0.439070 -0.021086 -0.097561 -0.100037 0.070111 -0.165342 0.408005 0.461267 0.635422 0.644859 -0.099421 0.092089 -0.146292 -0.164093 0.054033 -0.252571 -0.248286 -0.093756 -0.104250 -0.349124 -0.418557 -0.244297 0.181660 -0.056459 0.074412 0.101055 -0.015819 -0.171102 0.017410 0.002602 0.023193 -0.042825 0.101922 0.026012 0.114042 0.082811 0.151698 -0.115391 -0.415939 -0.315678 0.092165 -0.247760 -0.096797 0.048133
0.461105 0.189942 0.346518 -0.103588 -0.107667 -0.140412 0.091869 -0.143797 -0.121341 -0.384101 0.159142 -0.163111 0.088424 0.018295 0.160566 -0.127860 0.320436 0.131277 1.000000 0.589357 0.142449 0.193807 -0.183365 -0.121187 -0.125147 -0.168380 -0.101264 -0.155312 0.411430 0.114403 0.137237 0.083639 0.378167 0.399943 -0.469789 -0.455207 0.034281 -0.039557 -0.087191 -0.103143 0.148925 -0.060701 -0.169740 0.002166 -0.254994 -0.278768 -0.082097 -0.042401 -0.380501 -0.145694 -0.530879 -0.207227 0.062726 -0.089479 0.086966 -0.044899 0.230483 0.115302 0.113112 0.011713 0.136502 -0.092221 0.480671 0.328039 -0.397618 -0.512439 0.007869 -0.132376 0.056228 -0.052977 -0.135812 0.051101 0.147732 -0.100332 -0.029318 -0.265068 -0.095284 -0.070442 0.182194 0.072006 0.237606 0.196269 0.204230 0.126252 -0.062395 -0.166539 0.202332 -0.074671 -0.046637 -0.205237 0.125301 0.140999 -0.198329 -0.144135 -0.005721 -0.244548 0.012016 0.053070 0.055395 0.005373 -0.192412 -0.003579 0.084429 -0.046361 0.036900 0.094139 -0.051916 -0.044716 0.066348 -0.088607 -0.189419 -0.060872 0.040967 0.025782 0.195795 -0.028724
0.122270 -0.104063 -0.173107 0.053369 -0.289334 -0.221544 -0.024139 -0.035070 -0.261945 -0.331541 0.022179 -0.213133 -0.177771 -0.010933 -0.036688 -0.229704 0.140322 0.063567 0.589357 1.000000 -0.119639 -0.041482 -0.132000 0.143447 0.068294 0.052971 -0.197339 -0.113811 0.506625 0.196411 0.283301 0.365712 0.314892 0.475581 -0.164303 -0.191976 0.067167 -0.034774 -0.057381 -0.114272 0.137440 0.032479 0.040655 0.127980 -0.059222 -0.053242 -0.083816 0.084905 -0.427269 -0.009107 -0.522745 -0.221724 -0.190758 -0.208214 -0.050969 -0.061262 -0.019429 -0.162512 -0.261659 -0.095347 -0.358825 -0.336490 0.223941 0.137244 -0.353660 -0.492496 -0.012837 0.122418 -0.107227 -0.031758 -0.230144 -0.038543 0.195795 -0.124891 -0.043721 -0.134091 -0.032412 0.153401 0.071653 -0.187727 0.186766 0.110323 0.411122 0.386069 0.006510 -0.105116 0.287762 0.112180 -0.147356 -0.216216 0.184599 0.099554 -0.009051 -0.209654 -0.062084 -0.019448 -0.077630 -0.059629 -0.000328 -0.062292 -0.248801 -0.102567 -0.023427 -0.048764 0.062766 0.127861 -0.062470 0.054290 -0.017052 0.060901 -0.013527 0.058415 -0.019506 0.100853 0.037172 -0.102346
0.184145 0.147471 0.410459 0.016629 0.405180 0.086653 0.166732 -0.168395 0.373808 0.058069 0.161898 -0.084066 0.194991 0.084172 0.344768 0.331691 0.078400 -0.040385 0.142449 -0.119639 1.000000 0.707077 0.243373 -0.040724 0.048828 -0.036122 0.285841 0.188916 -0.093326 -0.061584 0.030294 -0.187796 -0.057508 -0.402825 -0.303541 -0.276919 -0.085935 0.126518 0.059572 0.073686 0.189855 0.217805 -0.439651 -0.465361 -0.300170 -0.439384 -0.180415 -0.377604 0.002449 -0.166999 -0.080470 -0.109011 0.286299 0.219030 -0.088293 -0.143686 0.101658 0.132306 0.347445 0.105014 0.470250 0.107504 0.225636 0.076515 0.154765 -0.049731 -0.250764 -0.457161 0.198837 0.130871 0.527205 0.349273 0.011555 0.450232 0.369054 0.272092 -0.103968 -0.136149 -0.020804 -0.005570 -0.127892 -0.094765 -0.126485 -0.176395 -0.109360 -0.269819 -0.183685 -0.206269 0.174947 0.173010 0.133674 0.313967 0.182692 0.329917 -0.081301 0.011029 -0.195648 -0.096685 -0.084780 0.030668 0.128617 0.120555 0.140153 0.185559 0.145830 0.010197 -0.087235 -0.047701 -0.019682 -0.130684 -0.238975 0.007626 0.323167 0.060799 -0.048871 0.022207
0.116569 0.077113 0.389889 0.012773 0.389703 0.144031 0.140678 -0.100905 0.279860 0.038125 0.279760 -0.020217 0.176864 0.002634 0.387881 0.286166 0.021495 -0.091727 0.193807 -0.041482 0.707077 1.000000 0.261956 -0.015177 0.243133 0.009570 0.319481 0.186380 -0.167065 -0.053129 0.119433 -0.161568 0.056960 -0.245607 -0.290998 -0.335383 -0.109005 -0.098343 -0.064101 0.119414 0.025856 0.000221 -0.319273 -0.340056 -0.290224 -0.364967 -0.082049 -0.211355 -0.038610 -0.130843 0.056099 -0.063213 0.231962 0.138484 0.004450 0.070835 0.173990 0.061670 0.136951 -0.087969 0.227843 -0.023322 0.077423 -0.066999 0.191709 -0.084095 -0.192144 -0.314514 0.240439 -0.005764 0.386192 0.341899 -0.156844 0.350282 0.128141 0.339801 -0.278444 -0.310700 -0.022565 0.077497 -0.106008 -0.053934 0.054443 -0.064205 0.253177 -0.014077 0.014451 -0.189166 0.285914 0.314308 0.032674 0.118445 0.100836 0.223215 -0.175667 -0.104097 -0.128159 -0.061976 0.022124 -0.024478 0.141718 0.003497 0.124287 0.153080 0.006062 -0.007510 -0.030988 0.088145 0.067211 -0.218200 -0.210568 -0.080442 0.154105 -0.073381 -0.089600 -0.088625
-0.257143 -0.294425 0.476443 0.419242 0.152047 0.547075 0.407850 0.040332 0.421685 0.193566 -0.102926 -0.056463 -0.070654 -0.380461 0.256761 -0.048927 -0.398003 -0.484330 -0.183365 -0.132000 0.243373 0.261956 1.000000 0.740562 0.539541 0.662048 0.435773 0.629261 -0.396778 -0.602584 0.371233 0.196915 -0.433333 -0.323921 0.367917 0.328353 -0.336210 -0.185807 -0.031138 -0.017556 -0.346141 -0.171747 -0.103305 -0.208723 -0.239204 -0.113606 -0.210188 -0.113538 -0.132694 -0.353652 0.360443 -0.081169 -0.119827 -0.041635 -0.194773 -0.295749 -0.258894 -0.317331 -0.318168 -0.392261 -0.119150 -0.432064 -0.323041 -0.467639 0.704623 0.343083 -0.199977 0.054222 0.042788 0.237138 0.467604 0.123275 -0.467483 0.278699 0.124465 0.293871 -0.030824 0.110258 -0.229007 -0.089538 -0.624652 -0.557091 -0.007099 -0.272327 0.119110 0.001066 0.066729 0.311592 0.370414 0.247415 0.088919 0.341183 0.506491 0.678891 -0.074837 0.052816 -0.142011 -0.313209 -0.258393 -0.057582 0.102124 0.181388 -0.082605 0.029880 -0.110389 -0.221386 -0.092185 -0.056446 -0.008827 0.192008 0.342422 0.215439 0.004527 0.195785 -0.082084 -0.043822
-0.419233 -0.502931 0.108504 0.611234 -0.115765 0.466048 0.213001 0.062781 0.243201 0.185719 -0.285574 -0.085604 -0.332781 -0.510585 0.036107 -0.125906 -0.467344 -0.504963 -0.121187 0.143447 -0.040724 -0.015177 0.740562 1.000000 0.469376 0.771694 0.194275 0.619495 -0.354080 -0.576876 0.540524 0.611777 -0.404742 -0.074663 0.557924 0.513570 -0.395940 -0.210556 -0.097952 -0.161041 -0.380720 -0.053169 0.009289 -0.067109 -0.091607 0.136478 -0.237053 -0.087003 -0.340009 -0.405802 0.042488 -0.305526 -0.345463 -0.318308 -0.234689 -0.395651 -0.399128 -0.502234 -0.455321 -0.407218 -0.384051 -0.562763 -0.449771 -0.548952 0.546189 0.352698 0.106465 0.404984 0.061231 0.356306 0.309872 0.037139 -0.524236 0.177234 0.015553 0.236706 -0.097295 0.260403 -0.243693 -0.282104 -0.640258 -0.692913 0.121799 0.037800 0.120475 0.174915 0.129066 0.616358 0.345378 0.221999 0.042477 0.315569 0.549715 0.528620 -0.104921 0.087884 -0.235325 -0.337626 -0.349981 -0.160632 -0.086448 0.168354 -0.186681 0.031440 -0.066726 -0.050381 -0.105092 -0.027301 -0.071861 0.253725 0.433781 0.200652 -0.223873 0.178621 -0.064885 -0.090987
-0.383449 -0.404358 0.070928 0.135093 0.156676 0.515898 0.182664 -0.149441 0.044166 -0.058159 -0.250498 -0.340575 -0.320405 -0.458164 -0.028481 -0.135892 -0.234110 -0.344153 -0.125147 0.068294 0.048828 0.243133 0.539541 0.469376 1.000000 0.654913 0.534059 0.569614 -0.273572 -0.232816 0.576589 0.271371 0.048098 0.057579 0.348312 0.242689 -0.260956 -0.318321 0.138427 0.281800 -0.295565 -0.171734 0.152868 0.144310 0.125003 0.145415 -0.083242 0.197901 -0.080818 0.064218 0.262610 0.054434 -0.241530 -0.127479 -0.004462 0.117034 -0.105224 -0.196831 -0.356466 -0.217346 -0.409356 -0.512506 -0.315702 -0.417009 0.336836 -0.066159 0.131519 0.303416 -0.019080 0.195333 0.165582 0.187073 -0.233468 0.098670 -0.096210 0.142775 -0.362116 -0.218291 -0.144206 -0.098278 -0.257674 -0.266822 0.133630 -0.002387 0.194303 0.088455 0.221171 0.251025 0.044055 0.187684 -0.178184 -0.038305 0.059261 0.153481 -0.050616 0.162224 0.062109 -0.153562 -0.017269 -0.116092 -0.095929 -0.053080 0.043781 0.037071 -0.154746 -0.138888 0.114851 0.180846 0.098421 0.204224 0.372450 0.092725 -0.169264 -0.031092 -0.260613 -0.017413
-0.386147 -0.430161 0.067131 0.528077 -0.199537 0.663099 0.188244 0.084435 -0.064323 0.091884 -0.415906 -0.359160 -0.487289 -0.660041 -0.228922 -0.327229 -0.365071 -0.479133 -0.168380 0.052971 -0.036122 0.009570 0.662048 0.771694 0.654913 1.000000 0.451815 0.792371 -0.464419 -0.557918 0.510182 0.494970 -0.184331 0.043767 0.626894 0.587157 -0.546623 -0.205735 -0.020136 -0.065325 -0.269974 -0.162304 0.149865 0.159922 0.078988 0.336417 -0.146601 0.147013 -0.305317 -0.211241 0.177169 -0.185032 -0.385085 -0.289742 -0.199534 -0.200221 -0.243570 -0.282882 -0.542369 -0.349907 -0.473162 -0.587234 -0.468920 -0.436911 0.530912 0.289843 0.204980 0.533343 0.054298 0.261604 0.133590 0.000068 -0.483161 -0.052812 -0.042048 -0.018766 -0.192143 0.138736 -0.122226 -0.161015 -0.419421 -0.479544 0.033985 -0.088421 0.220156 0.399751 0.147091 0.635537 0.282895 0.235874 -0.215255 -0.022322 0.303184 0.228601 -0.112804 0.035356 -0.028998 -0.239381 -0.260400 -0.154344 -0.127607 0.055452 -0.138003 -0.194643 -0.309851 -0.274151 -0.150158 -0.115030 -0.140752 0.174677 0.580581 0.095249 -0.201743 0.021100 -0.135946 -0.116112
-0.297345 -0.154715 0.376881 0.080862 0.508392 0.756960 0.282796 -0.024177 0.111904 0.184106 -0.053071 -0.270084 0.021892 -0.309954 0.067811 -0.037316 -0.079577 -0.103161 -0.101264 -0.197339 0.285841 0.319481 0.435773 0.194275 0.534059 0.451815 1.000000 0.735298 -0.335966 -0.264340 0.230070 -0.054923 -0.025223 -0.199585 0.122233 0.098982 -0.300281 -0.272621 0.210642 0.113422 -0.309756 -0.247848 -0.000651 0.034442 -0.142759 0.024142 -0.339552 -0.045639 -0.059774 -0.022561 0.232346 -0.022628 -0.267227 -0.280873 -0.136229 -0.039863 -0.008442 0.065426 -0.258801 -0.149255 -0.151551 -0.259327 -0.397928 -0.265776 0.245825 0.093911 0.091067 0.233426 0.134321 0.380674 0.288664 0.193023 -0.233953 -0.094126 -0.170530 0.008237 -0.313301 -0.301258 -0.078686 0.098931 -0.100227 -0.109581 -0.172620 -0.317104 0.264660 0.209461 0.239429 0.147409 0.268053 0.091818 -0.237321 -0.109871 0.053079 0.065970 0.164310 0.089503 -0.046816 -0.130677 -0.184348 -0.235011 0.040690 0.132363 0.187245 0.044981 -0.015551 -0.251471 -0.096558 -0.073467 0.153762 -0.088389 0.159483 -0.169694 -0.011801 -0.153375 -0.040886 0.182848
-0.305629 -0.268605 0.272276 0.382984 0.105224 0.852279 0.167594 -0.056307 -0.000121 0.138432 -0.306926 -0.337203 -0.350746 -0.596338 -0.179718 -0.229468 -0.243548 -0.348216 -0.155312 -0.113811 0.188916 0.186380 0.629261 0.619495 0.569614 0.792371 0.735298 1.000000 -0.579490 -0.604397 0.335632 0.160567 -0.131000 -0.179738 0.453450 0.380708 -0.546916 -0.227016 0.082310 -0.062087 -0.431711 -0.203166 0.030073 0.071233 -0.143331 0.142263 -0.226980 0.045878 -0.213064 -0.214323 0.213956 -0.147540 -0.297193 -0.317623 -0.242861 -0.177255 -0.079662 -0.103574 -0.385959 -0.227574 -0.288272 -0.419231 -0.497179 -0.317331 0.434033 0.270798 0.186077 0.405791 0.225114 0.441316 0.332092 0.130909 -0.578063 -0.006161 -0.091795 0.111079 -0.255969 -0.058909 -0.095860 -0.019914 -0.322543 -0.372432 -0.219774 -0.358053 0.308463 0.351820 0.228256 0.538762 0.425723 0.261276 -0.171593 0.008550 0.312842 0.252334 0.059643 0.050411 -0.081614 -0.202520 -0.226574 -0.157315 -0.025283 0.156121 0.024313 0.020621 -0.128465 -0.278830 -0.116345 -0.146532 -0.017529 -0.027982 0.407714 0.002668 -0.078043 -0.047737 0.022723 0.079727
0.205765 0.065395 -0.080661 -0.385596 -0.002794 -0.566178 0.016635 -0.032337 -0.071475 -0.355850 0.254912 0.068210 0.275161 0.432074 0.252169 0.141699 0.345114 0.400303 0.411430 0.506625 -0.093326 -0.167065 -0.396778 -0.354080 -0.273572 -0.464419 -0.335966 -0.579490 1.000000 0.697793 0.120518 0.176293 0.215713 0.373815 -0.506323 -0.438232 0.526232 0.057383 0.163219 0.078841 0.505655 0.323361 -0.130805 -0.040024 -0.150784 -0.283091 -0.035027 -0.074213 -0.173368 0.046519 -0.461265 -0.053534 0.090414 0.054739 0.184254 0.069946 -0.070744 0.008538 0.074135 0.083559 -0.018392 -0.039937 0.519112 0.232095 -0.531548 -0.564769 -0.316901 -0.307387 -0.330875 -0.294521 -0.201555 -0.082313 0.788433 0.025572 0.170097 -0.089570 0.234839 0.125680 0.218998 -0.027134 0.352442 0.384490 0.348100 0.474523 -0.399266 -0.419043 0.135862 -0.325109 -0.517756 -0.360764 0.134201 0.078674 -0.284735 -0.240042 0.035816 0.068156 0.036831 0.084423 0.052464 0.023441 -0.151849 -0.022022 0.023167 -0.008795 0.136263 0.302559 0.157829 0.171527 0.043751 0.163292 -0.265745 0.033930 0.157513 0.224498 0.046683 -0.041962
0.092245 0.135498 -0.262729 -0.426104 0.111109 -0.520942 -0.098341 0.070929 -0.072067 -0.118368 0.273313 0.222917 0.274540 0.625299 0.118326 0.349296 0.293195 0.560700 0.114403 0.196411 -0.061584 -0.053129 -0.602584 -0.576876 -0.232816 -0.557918 -0.264340 -0.604397 0.697793 1.000000 -0.101206 -0.042919 0.281654 0.272383 -0.452241 -0.397795 0.550915 0.125093 0.126789 0.281826 0.462851 0.377118 -0.009363 -0.008059 0.028288 -0.141646 0.017504 -0.075227 0.033903 0.232950 -0.337325 0.001147 0.094267 0.016501 0.151562 0.225681 -0.028351 0.081313 0.172332 0.151552 0.057128 0.244811 0.413566 0.327566 -0.509516 -0.403698 -0.210205 -0.289093 -0.262744 -0.417999 -0.102789 0.100869 0.735432 0.139401 0.153237 0.029006 0.179935 -0.007658 0.121373 0.084074 0.421581 0.481188 0.203689 0.515573 -0.339617 -0.332247 -0.096881 -0.517443 -0.525624 -0.371281 -0.054202 -0.225061 -0.351507 -0.356091 -0.083246 0.055495 -0.007243 0.049219 0.098660 -0.058846 0.001687 -0.129230 0.134009 -0.021277 0.089651 0.224147 0.189092 0.227349 0.135324 0.066269 -0.364208 -0.124537 0.103289 -0.092574 -0.203674 -0.140773
-0.264106 -0.549245 0.144913 0.023475 0.146057 0.227638 0.242541 -0.225449 0.186263 -0.121179 -0.268434 -0.356967 -0.267948 -0.394292 0.061380 -0.121047 -0.151490 -0.227712 0.137237 0.283301 0.030294 0.119433 0.371233 0.540524 0.576589 0.510182 0.230070 0.335632 0.120518 -0.101206 1.000000 0.704793 0.090764 0.247825 0.306026 0.177655 -0.146103 -0.408050 0.209473 0.016540 -0.142611 -0.096348 0.004234 0.059386 0.036643 0.117120 -0.214774 -0.054743 -0.264020 -0.143171 -0.144965 -0.213973 -0.298450 -0.219112 -0.095569 -0.096166 -0.241973 -0.335478 -0.309628 -0.257988 -0.260734 -0.545487 -0.151196 -0.360147 0.236650 -0.117488 0.204637 0.296357 -0.136497 0.242908 0.169342 0.242774 -0.072598 0.084151 -0.071091 0.077498 -0.262276 -0.042887 0.128729 -0.120277 -0.273642 -0.287386 0.150426 0.140912 -0.100185 -0.036334 0.113727 0.450326 -0.033776 0.119255 -0.291719 0.116437 0.012749 0.165593 0.085526 0.241215 -0.063868 -0.166555 -0.264471 -0.201649 -0.270967 0.132776 -0.070006 0.004794 -0.027604 0.065799 -0.090357 0.134397 0.107036 0.150540 0.205941 0.136437 -0.112113 0.090326 -0.050030 0.126432
-0.428858 -0.537332 -0.036620 0.351237 -0.091110 0.070418 0.218690 0.178088 0.174247 0.132383 -0.147453 -0.077675 -0.158194 -0.194121 0.066542 0.011419 -0.315265 -0.240899 0.083639 0.365712 -0.187796 -0.161568 0.196915 0.611777 0.271371 0.494970 -0.054923 0.160567 0.176293 -0.042919 0.704793 1.000000 -0.147255 0.377233 0.412222 0.411535 -0.098958 -0.138192 -0.057456 -0.143735 0.069498 0.116684 0.099511 0.090052 0.082421 0.255461 -0.198142 -0.049727 -0.408349 -0.308460 -0.325780 -0.436412 -0.485065 -0.416437 -0.188221 -0.279635 -0.506560 -0.560779 -0.332179 -0.336177 -0.353738 -0.485686 -0.263303 -0.468623 0.222461 0.105506 0.243694 0.437390 -0.200588 0.109565 0.065031 0.053791 -0.033985 0.032565 0.045032 0.066737 -0.020808 0.343826 -0.047051 -0.355545 -0.402265 -0.513500 0.342869 0.423682 -0.124675 -0.006024 0.094327 0.490231 -0.041302 -0.105618 -0.159555 0.153054 0.160991 0.119762 -0.064385 0.207087 -0.192923 -0.194520 -0.390368 -0.248909 -0.344787 0.000649 -0.171588 -0.111910 -0.086685 0.164747 -0.160873 0.001612 -0.093084 0.314054 0.277336 0.080827 -0.241396 0.176307 -0.056993 -0.033182
0.298316 0.160087 -0.116724 -0.287571 -0.001856 -0.105281 -0.198864 -0.229696 -0.306186 -0.274796 -0.037391 -0.335636 -0.072769 -0.017619 -0.255915 -0.221108 0.519073 0.303068 0.378167 0.314892 -0.057508 0.056960 -0.433333 -0.404742 0.048098 -0.184331 -0.025223 -0.131000 0.215713 0.281654 0.090764 -0.147255 1.000000 0.500566 -0.245735 -0.336541 0.066463 0.031209 0.181261 0.112521 0.109578 -0.127685 0.056524 0.244159 0.121652 0.050002 0.089841 0.238777 -0.028260 0.319759 -0.161403 0.159322 0.039589 0.053325 0.175675 0.342975 0.455530 0.412540 0.009139 0.161693 -0.040751 -0.049490 0.214401 0.349278 -0.474361 -0.461008 0.266482 0.027114 0.003659 -0.004435 -0.310472 -0.021312 0.247599 -0.233517 -0.232140 -0.221061 -0.328225 -0.346335 0.444350 0.170814 0.568398 0.516204 0.013435 -0.069348 0.010410 0.002474 0.057433 -0.132006 -0.219884 -0.117081 -0.355634 -0.444040 -0.571572 -0.589196 0.078343 -0.055648 0.196054 0.182335 0.108842 -0.091461 -0.232086 -0.313889 -0.116850 -0.145165 -0.146086 -0.033134 -0.135691 0.055878 0.105050 -0.202248 -0.090559 -0.151546 -0.005767 -0.323343 -0.029922 0.092140
0.064235 -0.063867 -0.097034 -0.004075 -0.264909 -0.121786 0.100338 0.127975 -0.273114 -0.256335 0.074486 -0.130636 0.008461 0.047767 -0.219137 -0.274458 0.274659 0.241107 0.399943 0.475581 -0.402825 -0.245607 -0.323921 -0.074663 0.057579 0.043767 -0.199585 -0.179738 0.373815 0.272383 0.247825 0.377233 0.500566 1.000000 0.053359 0.090841 -0.033416 -0.027094 -0.163518 -0.043053 0.106101 -0.107848 0.126160 0.328547 0.240533 0.340701 -0.065966 0.243553 -0.328341 0.025163 -0.314224 -0.210583 -0.413099 -0.410131 -0.162791 0.028823 0.001273 -0.044878 -0.328957 -0.305542 -0.233666 -0.199090 0.224273 0.176988 -0.274984 -0.286288 0.282841 0.398216 -0.309588 -0.214764 -0.492490 -0.055527 0.198076 -0.260937 -0.266011 -0.311079 -0.164408 0.044317 0.242708 -0.090012 0.345726 0.188379 0.351414 0.337301 0.078099 0.146724 0.211534 0.033901 -0.252166 -0.392880 -0.370556 -0.411637 -0.386222 -0.410391 -0.057461 -0.102958 0.019191 -0.000297 -0.145607 -0.201497 -0.256428 -0.299120 -0.181080 -0.421306 -0.344723 -0.116365 -0.163970 -0.070788 -0.027369 0.102242 0.198775 -0.144129 -0.394535 -0.184707 -0.107413 -0.187962
-0.500721 -0.539505 -0.140617 0.339860 -0.220931 0.373132 0.033776 0.085495 -0.068028 0.162287 -0.388385 -0.266809 -0.427748 -0.495589 -0.410274 -0.356211 -0.396958 -0.436514 -0.469789 -0.164303 -0.303541 -0.290998 0.367917 0.557924 0.348312 0.626894 0.122233 0.453450 -0.506323 -0.452241 0.306026 0.412222 -0.245735 0.053359 1.000000 0.793134 -0.397562 -0.095475 -0.111395 -0.116638 -0.390337 -0.138440 0.346667 0.198796 0.383232 0.558701 0.033768 0.222153 -0.060552 -0.057938 0.198891 -0.133248 -0.482245 -0.249233 -0.197026 -0.093686 -0.310423 -0.386091 -0.449161 -0.330829 -0.356105 -0.332200 -0.501617 -0.467966 0.541848 0.475861 0.412339 0.634325 0.006920 0.235958 0.054560 0.040376 -0.548534 -0.076832 -0.202270 0.020944 -0.078179 0.274222 -0.078910 -0.214866 -0.417880 -0.455026 -0.125427 -0.183932 0.185549 0.293427 -0.105748 0.491246 0.222199 0.088532 -0.130339 0.039334 0.268928 0.151889 -0.023031 0.149150 -0.061693 -0.186406 -0.210369 0.007212 -0.174794 0.010466 -0.091217 -0.057899 -0.227417 -0.192088 -0.096352 -0.070961 -0.218855 0.221001 0.627342 0.121014 -0.165763 0.118638 -0.039658 0.021546
-0.607804 -0.594639 -0.089436 0.477007 -0.232227 0.350999 0.211852 0.306164 0.043894 0.375505 -0.349859 -0.240868 -0.286530 -0.327120 -0.360947 -0.270809 -0.544968 -0.520947 -0.455207 -0.191976 -0.276919 -0.335383 0.328353 0.513570 0.242689 0.587157 0.098982 0.380708 -0.438232 -0.397795 0.177655 0.411535 -0.336541 0.090841 0.793134 1.000000 -0.372849 -0.052507 -0.303743 -0.326678 -0.223465 -0.077600 0.379347 0.262242 0.491776 0.681322 -0.070879 0.239691 0.010155 -0.001410 0.250814 -0.140920 -0.563859 -0.339750 -0.307217 -0.219657 -0.569912 -0.553824 -0.464979 -0.402604 -0.280873 -0.209630 -0.460154 -0.489986 0.603985 0.629620 0.321045 0.664840 -0.238112 0.019488 -0.088985 -0.198125 -0.434858 -0.110352 -0.112907 -0.004555 0.016370 0.399386 -0.328263 -0.363821 -0.451067 -0.568141 -0.016586 -0.067690 0.146678 0.309384 -0.088309 0.364210 0.190568 -0.103801 -0.182954 -0.008231 0.314950 0.142506 -0.090919 0.023485 -0.147932 -0.127317 -0.244953 -0.001418 -0.122097 -0.014575 -0.165612 -0.112790 -0.191889 -0.110770 -0.142605 -0.200860 -0.176682 0.137481 0.589510 0.135862 -0.237220 0.123776 -0.068867 -0.104447
