1.000000 0.493774 0.115103 -0.119340 0.078218 -0.036952 0.207321 -0.064505 0.014392 -0.016597 0.068077 -0.096059 -0.087929 -0.198824 -0.071293 -0.206197 0.246717 -0.126145 0.084377 0.076476 -0.068623 0.021304 0.075305 -0.005705 -0.071343 -0.035335 0.156139 0.124749 -0.007236 -0.223987 -0.033169 -0.078415 0.085277 0.338033 -0.079266 -0.171581 -0.091575 0.040995 0.059394 0.101165 -0.056302 0.124034 -0.099097 -0.103511 -0.000029 -0.127203 0.038732 -0.111850 0.284407 -0.168383 0.231197 0.110138 0.345066 0.171206 0.089010 -0.089180 0.521265 0.477053 0.087074 0.029845 0.163916 0.150032 -0.016230 0.074792 0.038170 -0.029214 0.016644 -0.128708 0.259467 0.009181 -0.163889 -0.266709 0.056029 -0.154678 0.161977 -0.163005 0.166857 -0.162075 0.355768 0.106600 0.068905 0.001996 -0.033316 -0.128196 0.098525 -0.204247 -0.006874 -0.178092 0.078956 -0.072427 -0.082288 -0.154409 -0.160089 -0.255787 -0.039292 -0.142390 0.002215 -0.104954 0.109241 -0.208033 -0.139497 -0.120864 -0.144626 -0.284383 -0.259143 -0.377411 -0.170422 -0.279357 -0.048400 0.105693 0.083919 0.032956 -0.133121 -0.192772 -0.294987 -0.233893
0.493774 1.000000 -0.367779 -0.282671 -0.181074 -0.456612 -0.270517 -0.281530 -0.218589 -0.381477 0.196266 -0.101720 -0.182654 -0.343395 0.036002 0.018276 0.502420 0.243032 0.312635 0.230130 -0.225892 -0.178745 -0.391883 -0.422054 -0.280580 -0.337644 -0.220774 -0.244683 0.350626 0.031486 -0.260091 -0.195912 0.499489 0.690611 -0.284682 -0.424234 0.211508 0.035605 -0.113333 0.006353 0.324199 0.296889 -0.268896 -0.180724 -0.120958 -0.370442 -0.058130 -0.173367 0.286338 -0.168245 -0.098974 -0.079305 0.391920 -0.014773 0.090500 -0.042836 0.663202 0.788305 0.253706 0.182703 0.316565 0.438103 0.375713 0.489809 -0.306336 -0.228408 0.147347 -0.488274 0.533875 0.281315 -0.343739 -0.096107 0.361821 -0.166750 0.318958 -0.044782 -0.061399 -0.343141 0.456840 0.219331 0.327900 0.330232 0.176395 0.278600 -0.115904 -0.119768 0.073670 -0.230543 -0.167009 0.048890 -0.120986 -0.217944 -0.376315 -0.266943 0.108319 0.095507 0.043493 0.059566 0.145387 -0.058080 -0.207119 0.104002 -0.125465 -0.026192 0.014925 -0.045319 -0.261597 -0.057755 0.049351 0.023515 -0.072761 -0.070512 -0.010461 -0.054829 -0.039843 0.081210
0.115103 -0.367779 1.000000 0.250931 0.708743 0.439122 0.889110 0.492266 0.673459 0.583966 0.026398 0.234082 0.366982 0.418277 0.160473 -0.004234 -0.397662 -0.228792 0.112317 -0.095661 0.092033 0.004083 0.636304 0.460212 0.609297 0.249566 0.439878 0.128186 -0.192781 -0.339895 0.546280 0.318028 -0.283079 -0.205849 0.154884 0.158768 -0.405044 -0.311662 -0.153849 -0.277614 -0.220519 -0.002313 -0.034698 0.023759 -0.117359 0.070079 -0.301545 -0.305928 -0.125301 -0.033759 0.224747 -0.031139 -0.030180 -0.064216 -0.009240 -0.445038 -0.377710 -0.403645 0.057536 -0.196089 0.042157 -0.059049 -0.385967 -0.233380 0.659547 0.381127 -0.001870 0.340891 -0.502170 -0.359391 0.028530 -0.375298 -0.414888 0.131291 -0.185433 0.007586 0.090348 0.010016 -0.372723 -0.316996 -0.467185 -0.572801 -0.096189 -0.366689 0.051131 -0.248189 -0.077073 0.070683 0.226819 -0.418013 0.050979 0.135884 0.438067 0.204693 -0.361358 -0.336990 -0.255954 -0.450170 -0.080717 -0.385685 0.219553 -0.204517 -0.108872 -0.314435 -0.244952 -0.337198 -0.012834 -0.132835 -0.297589 -0.075136 -0.245324 0.034743 -0.274902 -0.354128 -0.339082 -0.393406
-0.119340 -0.282671 0.250931 1.000000 0.043729 0.490940 0.133797 0.479097 0.297972 0.606059 -0.314893 0.184199 -0.013537 0.132553 -0.063878 -0.047145 -0.132875 -0.242549 0.010496 0.209313 -0.210962 -0.052257 0.475793 0.701944 0.310867 0.529756 -0.048429 0.275343 -0.325291 -0.335993 0.322169 0.543724 -0.231293 -0.233485 -0.006283 -0.052840 -0.325402 -0.234926 -0.216973 -0.111305 -0.352039 -0.142690 -0.117926 -0.000749 -0.255139 0.136988 -0.116878 0.018621 -0.464374 -0.159509 0.067709 -0.198248 -0.154534 0.039864 -0.237455 -0.143292 -0.336952 -0.287318 -0.418904 -0.176274 -0.360087 -0.264631 -0.311824 -0.356093 0.399817 0.284810 -0.348737 0.401974 -0.091850 -0.005606 0.140028 -0.110775 -0.276323 0.082454 -0.008390 0.126062 -0.018112 0.075868 -0.243587 -0.171030 -0.118332 -0.261571 0.036925 0.014074 0.123958 0.111149 0.179552 0.561063 0.165532 -0.064229 0.249620 0.055771 0.454823 -0.045600 -0.265423 -0.239740 -0.290655 -0.299183 -0.161358 -0.215216 -0.010715 -0.379244 -0.024856 -0.387372 -0.216773 -0.260691 -0.044458 -0.132892 -0.304648 -0.098682 -0.076452 0.189383 -0.193541 -0.343126 -0.308661 -0.229574
0.078218 -0.181074 0.708743 0.043729 1.000000 0.318541 0.653382 0.441449 0.836127 0.494538 0.488468 0.435844 0.615801 0.508719 0.552612 0.454478 -0.094163 -0.099863 -0.028410 -0.149976 0.037496 -0.207055 0.250711 0.152275 0.585391 -0.165150 0.471490 -0.208273 0.187313 -0.295190 0.262079 0.000771 -0.248161 -0.028500 -0.103347 0.025431 -0.367947 -0.305143 -0.319666 -0.405862 -0.087060 0.019217 -0.256898 -0.209570 -0.221855 -0.178564 -0.506684 -0.550366 0.072329 -0.036454 -0.024015 -0.118538 0.100137 -0.238562 0.257627 -0.461418 -0.095546 -0.234658 0.511548 0.142490 0.489860 0.449273 -0.060280 0.230671 0.556539 0.427555 -0.016390 -0.005604 -0.356569 -0.176392 -0.057276 -0.486092 -0.253811 -0.096699 -0.230503 -0.165220 -0.126835 -0.333337 -0.272718 -0.437712 -0.373120 -0.468311 0.194466 -0.067245 -0.219844 -0.545112 -0.005158 0.127245 0.042250 -0.282422 0.191012 0.282746 0.323044 0.170374 -0.425561 -0.315283 -0.360001 -0.492715 0.021948 -0.362725 0.162201 -0.144069 -0.084108 -0.296582 -0.110959 -0.296343 -0.015071 -0.059075 -0.305044 -0.196201 -0.462792 -0.026813 -0.272375 -0.337314 -0.280131 -0.284263
-0.036952 -0.456612 0.439122 0.490940 0.318541 1.000000 0.290150 0.491909 0.361262 0.746889 -0.223834 0.226562 0.100909 0.300899 -0.149664 -0.042578 -0.236473 -0.281365 -0.111628 -0.008039 0.187225 0.331673 0.552010 0.751185 0.414559 0.635636 0.433467 0.574508 -0.426884 -0.326979 0.380381 0.423618 -0.421818 -0.475972 0.116113 0.386524 -0.484014 -0.282821 -0.094079 0.058106 -0.451608 -0.108702 -0.032698 0.010463 -0.154810 0.324479 -0.243580 -0.182377 -0.297819 -0.076142 0.196616 0.076664 -0.140457 -0.067567 -0.134505 -0.249369 -0.341927 -0.325114 -0.266179 -0.122064 -0.348922 -0.118041 -0.550367 -0.469528 0.448041 0.472471 -0.257096 0.635115 -0.273344 -0.134908 0.234384 -0.233794 -0.350032 0.018510 -0.271040 -0.118673 -0.124475 0.097956 -0.290233 -0.184250 -0.306243 -0.470181 -0.131513 -0.310766 0.142202 -0.060340 -0.109485 0.440817 0.322535 -0.171773 0.186423 0.035931 0.547571 0.074375 -0.245404 -0.298360 -0.353031 -0.338238 -0.309012 -0.364552 0.135172 -0.315284 -0.091128 -0.268642 -0.142178 -0.263233 0.103021 -0.077046 -0.306146 -0.042576 -0.206266 -0.070062 -0.292186 -0.298994 -0.249368 -0.272155
0.207321 -0.270517 0.889110 0.133797 0.653382 0.290150 1.000000 0.490538 0.626561 0.454767 0.180816 0.330556 0.429662 0.456209 0.212759 0.002601 -0.322078 -0.202956 0.008680 -0.247064 0.169818 -0.026735 0.485857 0.334213 0.434798 0.122851 0.442314 0.125726 -0.099584 -0.302644 0.475835 0.305806 -0.278067 -0.043303 0.112017 0.078479 -0.341152 -0.315081 -0.181067 -0.283506 -0.179353 -0.020276 0.022639 0.076327 -0.044325 0.065199 -0.300563 -0.267344 -0.063743 -0.073704 0.223508 0.027713 -0.018265 -0.135202 -0.048662 -0.461949 -0.226542 -0.366173 0.118463 -0.208848 0.176000 -0.022117 -0.280597 -0.083351 0.623473 0.364803 -0.008531 0.279695 -0.481167 -0.388753 -0.056098 -0.366537 -0.338467 0.074673 -0.147439 0.072435 0.106108 -0.076190 -0.200607 -0.213647 -0.336395 -0.421927 0.014391 -0.242268 0.073590 -0.137455 -0.088749 -0.029791 0.166007 -0.484316 0.020851 0.049669 0.293046 0.028842 -0.344103 -0.349882 -0.271788 -0.433670 -0.045281 -0.396301 0.062528 -0.290432 -0.138741 -0.439874 -0.337139 -0.415526 0.001884 -0.155943 -0.301911 -0.120140 -0.179999 0.080938 -0.274208 -0.413216 -0.361493 -0.432173
-0.064505 -0.281530 0.492266 0.479097 0.441449 0.491909 0.490538 1.000000 0.577019 0.771910 0.038570 0.586381 0.248084 0.660202 0.209539 0.307222 -0.234536 -0.167080 -0.080629 -0.199301 0.005792 -0.180015 0.033677 0.311846 0.101563 0.138116 0.148195 -0.090503 -0.055350 -0.180671 0.155464 0.420192 -0.379986 -0.079095 -0.182505 -0.050716 -0.319917 -0.156913 -0.335546 -0.274486 -0.267096 -0.053187 -0.129219 -0.069491 -0.345333 -0.024104 -0.357873 -0.237914 -0.543599 -0.299057 -0.232875 -0.366132 -0.264880 -0.313819 -0.172986 -0.290784 -0.265477 -0.509991 -0.167733 -0.247691 0.088347 0.154023 -0.158374 0.004233 0.603931 0.610087 -0.539396 0.300048 -0.426804 -0.231883 0.201348 -0.226914 -0.210140 0.214056 0.061365 0.239940 0.079475 0.070341 -0.370443 -0.265434 -0.177979 -0.291504 0.113910 0.139287 0.095433 0.055038 -0.092522 0.331391 0.066572 -0.331164 0.259545 -0.001134 0.597370 -0.056492 -0.398241 -0.203544 -0.460928 -0.345298 -0.239656 -0.233911 0.211166 -0.362548 -0.002799 -0.452694 -0.168714 -0.286505 0.103540 -0.085209 -0.383915 -0.208994 -0.219131 0.162721 -0.103604 -0.334966 -0.332723 -0.302104
0.014392 -0.218589 0.673459 0.297972 0.836127 0.361262 0.626561 0.577019 1.000000 0.670633 0.458788 0.597808 0.708276 0.645918 0.578666 0.485283 -0.143486 -0.070620 -0.075501 -0.109574 -0.007234 -0.259575 0.357582 0.310825 0.535132 -0.081624 0.271764 -0.239096 0.078092 -0.384341 0.298568 0.157937 -0.205778 0.011526 -0.056220 -0.045620 -0.424933 -0.298778 -0.405331 -0.396567 -0.167020 -0.002971 -0.214239 -0.167085 -0.337285 -0.227647 -0.457553 -0.444250 -0.014224 -0.132444 0.120973 -0.106677 0.057631 -0.145124 0.077832 -0.446747 -0.275886 -0.332561 0.340393 0.077081 0.404730 0.369862 -0.202082 0.137998 0.789156 0.633963 -0.177516 0.033377 -0.422400 -0.230844 -0.029528 -0.519629 -0.414411 0.027379 -0.119125 0.095401 -0.031585 -0.287274 -0.365155 -0.480887 -0.457424 -0.538619 0.211606 -0.043789 -0.173354 -0.432832 0.029865 0.270590 0.011648 -0.311884 0.155238 0.223844 0.456356 0.178882 -0.487901 -0.347527 -0.393735 -0.538114 -0.073562 -0.412207 0.173269 -0.242317 -0.167337 -0.383007 -0.203738 -0.321731 -0.001149 -0.166738 -0.436561 -0.243018 -0.480077 -0.089709 -0.369290 -0.412405 -0.297817 -0.309466
-0.016597 -0.381477 0.583966 0.606059 0.494538 0.746889 0.454767 0.771910 0.670633 1.000000 -0.108608 0.477707 0.310135 0.603455 0.068087 0.138212 -0.320384 -0.197580 -0.031527 0.027060 0.067306 0.004967 0.407383 0.618374 0.368020 0.408963 0.150568 0.115101 -0.353610 -0.330464 0.329678 0.453280 -0.371112 -0.300730 0.080777 0.142455 -0.515120 -0.235349 -0.251355 -0.205402 -0.346724 -0.112638 -0.129615 -0.085735 -0.338093 0.066659 -0.271004 -0.177110 -0.407362 -0.247978 0.061495 -0.175148 -0.187452 -0.086986 -0.118492 -0.246147 -0.465792 -0.443206 -0.200472 -0.214282 -0.157585 0.020683 -0.538392 -0.336070 0.722081 0.703908 -0.373809 0.496806 -0.414315 -0.258026 0.212569 -0.325245 -0.460944 0.181804 -0.173407 0.102181 0.021522 0.112018 -0.445177 -0.274077 -0.446210 -0.580175 -0.140987 -0.180905 0.095456 -0.083553 -0.107841 0.416452 0.204586 -0.291116 0.151135 0.022323 0.715932 0.114262 -0.391219 -0.235370 -0.386576 -0.346231 -0.313685 -0.319633 0.247275 -0.348955 -0.129052 -0.347642 -0.178045 -0.229818 0.031451 -0.055981 -0.372365 -0.178594 -0.215260 -0.027991 -0.291419 -0.313396 -0.259413 -0.276894
0.068077 0.196266 0.026398 -0.314893 0.488468 -0.223834 0.180816 0.038570 0.458788 -0.108608 1.000000 0.532068 0.720319 0.347412 0.726345 0.613874 0.293235 0.053029 -0.233894 -0.260794 -0.061809 -0.291012 -0.242780 -0.349646 0.048432 -0.584066 0.178113 -0.431682 0.622931 -0.153502 -0.164720 -0.306992 -0.028348 0.325776 -0.290778 -0.140000 -0.072937 -0.161129 -0.327842 -0.279186 0.087525 0.024081 -0.267649 -0.225405 -0.135628 -0.335489 -0.458842 -0.446508 0.456271 -0.131626 -0.017824 -0.029213 0.306975 -0.279951 0.327709 -0.344943 0.273985 0.007503 0.768625 0.372951 0.815299 0.583848 0.371659 0.617305 0.135829 0.197583 0.102011 -0.425799 0.018137 0.083571 -0.151185 -0.306838 0.081344 -0.293506 0.004343 0.014238 -0.178681 -0.545276 0.113340 -0.340352 -0.007931 -0.030112 0.477296 0.273539 -0.371658 -0.488346 0.159674 -0.004393 -0.251132 -0.137835 0.235313 0.300143 -0.123992 -0.018207 -0.160331 -0.266092 -0.211780 -0.320953 0.167499 -0.269418 -0.118909 -0.093407 -0.093304 -0.197031 -0.068180 -0.210944 0.001613 -0.139979 -0.219314 -0.084229 -0.346696 -0.158881 -0.217773 -0.211012 -0.124852 -0.099904
-0.096059 -0.101720 0.234082 0.184199 0.435844 0.226562 0.330556 0.586381 0.597808 0.477707 0.532068 1.000000 0.606796 0.799860 0.430946 0.531229 -0.137794 0.096230 -0.277891 -0.289111 -0.027387 -0.140499 -0.061388 0.113544 0.074667 -0.147317 0.080096 -0.270388 0.148808 -0.134947 0.021030 0.150494 -0.284007 0.018044 -0.120400 -0.011407 -0.205592 -0.219351 -0.359427 -0.303764 -0.163742 -0.092847 -0.181225 -0.184532 -0.355766 -0.202680 -0.400134 -0.361826 -0.097660 -0.293267 -0.067724 -0.116565 -0.077457 -0.374870 0.019259 -0.293640 -0.201689 -0.430312 0.228193 0.012795 0.356669 0.338823 -0.014981 0.231171 0.487443 0.617300 -0.274274 0.039713 -0.294931 -0.116572 0.072882 -0.292198 -0.263305 0.010474 -0.038997 0.271834 0.020106 -0.151759 -0.257099 -0.326156 -0.295513 -0.332345 0.238598 0.244878 -0.141445 -0.073152 0.074010 0.392204 0.032710 -0.252178 0.187900 0.093330 0.435075 0.039571 -0.269406 -0.207548 -0.322057 -0.288070 -0.216595 -0.315160 0.105365 -0.253059 -0.112955 -0.292191 -0.046223 -0.196099 0.124777 -0.010518 -0.342927 -0.149384 -0.296155 -0.216323 -0.321355 -0.271037 -0.147311 -0.158502
-0.087929 -0.182654 0.366982 -0.013537 0.615801 0.100909 0.429662 0.248084 0.708276 0.310135 0.720319 0.606796 1.000000 0.678875 0.633920 0.431834 -0.117490 0.041575 -0.171539 -0.149059 0.042483 -0.229341 0.179772 0.037768 0.262997 -0.303675 0.138123 -0.303166 0.195803 -0.321309 0.098913 -0.076776 -0.171163 -0.007463 0.079910 0.123972 -0.332803 -0.307810 -0.349487 -0.309288 -0.151555 -0.229762 -0.062329 -0.074583 -0.079787 -0.096452 -0.354229 -0.305468 0.268890 -0.035344 0.224677 0.018681 0.032953 -0.198716 0.136402 -0.347272 -0.200131 -0.322008 0.495417 0.064527 0.458376 0.251936 -0.210968 0.108062 0.515097 0.492353 0.084183 -0.057457 -0.272802 -0.173270 -0.066084 -0.488107 -0.397483 -0.101559 -0.238938 0.077367 -0.114447 -0.301162 -0.235385 -0.437495 -0.413595 -0.452460 0.208688 -0.098378 -0.294348 -0.498816 0.110302 0.109626 0.002635 -0.340311 0.103490 0.267378 0.269892 0.253888 -0.194122 -0.244201 -0.159439 -0.343928 0.052904 -0.262594 0.180587 -0.136045 -0.072814 -0.148281 0.006693 -0.188410 0.021065 -0.180266 -0.257231 -0.055348 -0.279232 -0.207748 -0.331136 -0.173632 -0.060341 -0.111236
-0.198824 -0.343395 0.418277 0.132553 0.508719 0.300899 0.456209 0.660202 0.645918 0.603455 0.347412 0.799860 0.678875 1.000000 0.382673 0.442588 -0.422953 0.124701 -0.093236 -0.214852 0.090465 -0.127459 0.028581 0.109302 0.113124 -0.137623 0.032523 -0.314905 -0.071365 -0.113738 0.080086 0.165980 -0.236630 -0.146660 0.113011 0.169789 -0.238761 -0.078691 -0.310422 -0.189971 -0.227909 -0.106461 -0.071993 -0.146906 -0.342932 -0.162369 -0.226254 -0.195273 -0.179681 -0.201275 -0.040178 -0.163905 -0.283450 -0.343183 0.005632 -0.123511 -0.442123 -0.566914 0.143834 -0.195559 0.236212 0.169228 -0.323433 -0.018503 0.651751 0.767119 -0.215602 0.156219 -0.468232 -0.359666 0.114921 -0.326637 -0.506060 0.185496 -0.166357 0.269714 0.081992 0.071725 -0.459535 -0.281295 -0.554518 -0.586283 -0.053452 -0.055524 -0.159501 -0.148978 -0.106963 0.246234 0.131453 -0.250156 -0.014897 0.082605 0.564482 0.262268 -0.245167 -0.037840 -0.105185 -0.121309 -0.193447 -0.143052 0.287917 -0.189901 -0.067403 -0.127179 0.002553 -0.088983 0.113617 -0.014992 -0.259686 -0.033080 -0.120873 -0.083162 -0.128145 -0.034723 -0.035310 -0.101173
-0.071293 0.036002 0.160473 -0.063878 0.552612 -0.149664 0.212759 0.209539 0.578666 0.068087 0.726345 0.430946 0.633920 0.382673 1.000000 0.763474 0.204914 0.207221 -0.299192 -0.315825 -0.133241 -0.496345 -0.134446 -0.258560 0.192499 -0.538735 0.017913 -0.478457 0.632125 -0.138366 -0.079363 -0.217510 -0.034056 0.279728 -0.234764 -0.201884 0.047977 -0.142467 -0.194769 -0.290553 0.193199 -0.019287 -0.294487 -0.272158 -0.298550 -0.480006 -0.432756 -0.496864 0.269551 -0.147171 -0.001720 -0.161822 0.195581 -0.219796 0.353891 -0.309679 0.131649 -0.048912 0.666293 0.363450 0.784762 0.556908 0.352491 0.569949 0.305483 0.253072 0.001392 -0.486229 -0.073471 -0.036283 -0.159178 -0.338350 0.041628 -0.142003 -0.089796 -0.013214 -0.136792 -0.554360 0.007660 -0.420322 -0.065747 -0.089324 0.593880 0.369999 -0.321019 -0.378231 0.278717 0.146500 -0.131571 0.008890 0.102684 0.205314 -0.028003 -0.039452 -0.378791 -0.306981 -0.284867 -0.384150 0.170878 -0.196482 -0.040707 -0.132950 -0.133542 -0.268459 -0.073446 -0.160616 0.164807 -0.038174 -0.315704 -0.340193 -0.525623 -0.087389 -0.240841 -0.286878 -0.135942 -0.065207
-0.206197 0.018276 -0.004234 -0.047145 0.454478 -0.042578 0.002601 0.307222 0.485283 0.138212 0.613874 0.531229 0.431834 0.442588 0.763474 1.000000 0.201419 0.207462 -0.246278 -0.314597 -0.084890 -0.370406 -0.330439 -0.324126 0.104783 -0.557918 -0.012327 -0.556894 0.539603 0.066852 -0.298864 -0.237888 -0.159937 0.143202 -0.468029 -0.191766 0.077743 0.046746 -0.285693 -0.261703 0.150771 0.127840 -0.231865 -0.216191 -0.354903 -0.470044 -0.352450 -0.361626 0.068452 -0.203283 -0.293963 -0.227674 0.144622 -0.279922 0.286939 -0.192615 0.105589 -0.127285 0.560289 0.415332 0.698143 0.654995 0.438716 0.618668 0.192851 0.289747 -0.156895 -0.452273 -0.075179 0.053734 0.039109 -0.159109 0.171693 -0.018307 0.154492 0.122141 0.038912 -0.382983 -0.084038 -0.428002 0.007164 -0.052053 0.520806 0.525754 -0.306646 -0.270718 0.148624 0.290754 -0.168986 0.098603 0.258644 0.241545 0.051965 -0.015463 -0.345980 -0.244210 -0.238746 -0.296791 0.124209 -0.089660 0.041502 -0.041211 -0.082694 -0.202744 -0.025764 -0.131185 0.175029 0.001425 -0.277554 -0.336363 -0.434266 0.026645 -0.138053 -0.182746 -0.127648 -0.074235
0.246717 0.502420 -0.397662 -0.132875 -0.094163 -0.236473 -0.322078 -0.234536 -0.143486 -0.320384 0.293235 -0.137794 -0.117490 -0.422953 0.204914 0.201419 1.000000 0.064810 -0.258868 -0.168157 -0.243106 -0.196194 -0.329970 -0.271954 -0.107574 -0.290941 -0.155498 -0.132428 0.516341 0.053807 -0.247249 -0.272116 -0.082780 0.237873 -0.536551 -0.246114 0.223242 -0.083676 0.050230 0.004481 0.169742 0.114030 -0.122594 0.055363 0.072799 -0.090500 -0.178687 -0.185033 0.290481 -0.044210 -0.114450 -0.030157 0.580437 0.136555 0.246640 -0.137092 0.608796 0.444135 0.317091 0.357505 0.398797 0.417446 0.565314 0.530801 -0.368159 -0.316954 -0.178256 -0.404602 0.238515 0.172305 -0.051126 0.067507 0.542955 -0.107483 0.248152 -0.162020 0.026248 -0.406361 0.473738 -0.021109 0.565218 0.484321 0.391143 0.346174 -0.039985 -0.189497 0.204700 -0.021395 -0.348448 0.062234 0.310687 0.106071 -0.317175 -0.278968 -0.046302 -0.255445 -0.190787 -0.234188 0.312491 -0.118524 -0.269194 0.008829 -0.053685 -0.223609 -0.207215 -0.272007 -0.038839 -0.221283 -0.109081 -0.173929 -0.211054 0.033019 -0.044324 -0.236142 -0.243282 -0.086924
-0.126145 0.243032 -0.228792 -0.242549 -0.099863 -0.281365 -0.202956 -0.167080 -0.070620 -0.197580 0.053029 0.096230 0.041575 0.124701 0.207221 0.207462 0.064810 1.000000 0.074481 0.052053 -0.151570 -0.135601 -0.301728 -0.342733 -0.209532 -0.363137 -0.426314 -0.353749 0.212067 0.432468 -0.131847 -0.200146 0.335005 0.127049 0.011929 -0.268004 0.375721 0.227595 0.023635 0.178754 0.274118 -0.034809 -0.002073 -0.066682 -0.162014 -0.382663 0.280648 0.081849 0.155927 -0.001567 -0.075008 0.108161 0.003186 0.168302 0.050144 0.324264 -0.063618 0.083873 0.031814 -0.049622 0.126507 0.190520 0.031643 0.232262 -0.015059 0.049902 -0.058925 -0.467790 -0.043695 -0.215190 0.103619 0.248821 0.006561 0.266502 0.012944 0.327625 0.187942 0.138203 -0.183087 0.243249 -0.283315 -0.017757 -0.090819 0.162004 -0.338870 0.030089 -0.159640 -0.217158 -0.206441 0.269077 -0.516021 -0.350484 -0.190247 0.005383 0.144716 0.447809 0.266527 0.406352 -0.122305 0.291402 0.006318 0.297557 -0.172010 0.259760 0.092840 0.224705 0.025373 0.127717 0.211970 0.014440 0.049121 -0.107847 0.318604 0.270478 0.325988 0.328618
0.084377 0.312635 0.112317 0.010496 -0.028410 -0.111628 0.008680 -0.080629 -0.075501 -0.031527 -0.233894 -0.277891 -0.171539 -0.093236 -0.299192 -0.246278 -0.258868 0.074481 1.000000 0.711420 -0.163976 -0.068693 0.042487 -0.041556 0.069897 0.032486 -0.166553 -0.117070 -0.171382 -0.034588 0.069561 0.118439 0.576028 0.292245 0.144316 -0.150905 -0.038928 0.019816 -0.244457 -0.096537 0.047265 0.129400 -0.182450 -0.199480 -0.131082 -0.132312 0.132096 0.064292 -0.197015 0.048432 -0.236933 -0.245410 -0.159085 -0.055863 -0.182990 0.060546 -0.043626 0.236253 -0.099832 -0.200864 -0.170962 -0.022948 -0.198824 -0.138470 0.041406 0.017398 0.245501 0.029268 0.233547 0.114636 -0.275284 -0.051539 -0.113916 -0.001163 0.058080 0.061924 -0.088367 0.169369 -0.128302 0.132390 -0.153162 -0.135504 -0.255300 -0.113181 -0.080632 -0.048258 -0.191618 -0.195744 0.084006 0.072845 -0.270797 -0.161757 -0.012031 0.214331 0.130482 0.317078 0.089853 0.181249 -0.233450 -0.028729 0.121182 0.248608 -0.020651 0.248788 0.092141 0.274771 -0.355203 0.045843 0.221648 0.196655 0.108081 0.058657 0.172860 0.199644 0.166712 0.117199
0.076476 0.230130 -0.095661 0.209313 -0.149976 -0.008039 -0.247064 -0.199301 -0.109574 0.027060 -0.260794 -0.289111 -0.149059 -0.214852 -0.315825 -0.314597 -0.168157 0.052053 0.711420 1.000000 -0.250136 0.004439 0.129163 0.167811 0.022346 0.146285 -0.264270 0.025393 -0.264104 -0.030617 0.006065 0.067383 0.516310 0.173641 0.170536 -0.194803 -0.144315 -0.075673 -0.110046 -0.013981 -0.119803 -0.091346 -0.296281 -0.299634 -0.197449 -0.159597 0.254390 0.185396 -0.180709 -0.040916 -0.139674 -0.179721 -0.211379 0.067827 -0.099919 0.182188 -0.059214 0.220268 -0.195301 -0.087469 -0.322284 -0.111742 -0.339488 -0.292402 -0.048876 -0.005852 0.189815 0.064663 0.407389 0.373469 -0.021010 0.045439 -0.147660 0.015272 -0.002645 0.002415 -0.096759 0.212954 -0.072186 0.211939 -0.173978 -0.107641 -0.306587 -0.161760 -0.217923 -0.040821 -0.145848 -0.079572 0.054763 0.224394 -0.153196 -0.042954 -0.025163 0.220714 0.111607 0.283349 0.122784 0.218330 -0.309339 -0.050306 0.004225 0.158147 -0.128243 0.274157 0.127627 0.304759 -0.273673 0.055140 0.219887 0.216100 0.184784 -0.143671 0.085537 0.193103 0.182096 0.174998
-0.068623 -0.225892 0.092033 -0.210962 0.037496 0.187225 0.169818 0.005792 -0.007234 0.067306 -0.061809 -0.027387 0.042483 0.090465 -0.133241 -0.084890 -0.243106 -0.151570 -0.163976 -0.250136 1.000000 0.480839 0.099961 0.091848 0.065426 0.212999 0.420113 0.336054 -0.189616 0.058423 0.194663 0.169679 -0.229570 -0.221633 0.142153 0.169490 -0.074997 0.172074 0.269530 0.183705 0.138983 0.231154 0.181978 0.149190 0.108792 0.175808 0.019903 -0.027797 -0.051362 -0.051631 0.013518 0.054246 -0.101667 -0.157757 -0.155145 -0.034367 -0.099604 -0.183810 -0.061469 -0.139464 -0.127307 -0.112266 -0.148228 -0.204308 0.104488 0.039349 -0.044460 0.234448 -0.263169 -0.273121 0.089296 0.061553 -0.071878 0.128191 -0.028102 0.106684 -0.045229 0.227308 -0.190658 0.005142 -0.089331 -0.134011 -0.027144 -0.090053 0.125185 0.053616 0.048876 -0.008754 0.088644 -0.192105 -0.057533 -0.063680 0.045510 0.027612 0.008008 0.077155 -0.022871 0.009327 -0.006738 0.031717 -0.067986 -0.067768 0.044736 0.082239 -0.025682 -0.049877 0.107262 0.048423 0.004079 0.063338 0.002918 0.146832 0.124516 0.059139 -0.054982 -0.077553
0.021304 -0.178745 0.004083 -0.052257 -0.207055 0.331673 -0.026735 -0.180015 -0.259575 0.004967 -0.291012 -0.140499 -0.229341 -0.127459 -0.496345 -0.370406 -0.196194 -0.135601 -0.068693 0.004439 0.480839 1.000000 0.246835 0.309374 0.025313 0.492226 0.340169 0.580152 -0.375751 -0.011670 0.243377 0.205681 -0.171902 -0.317201 0.245530 0.354969 -0.123506 0.059002 0.384267 0.453278 -0.184273 0.202260 0.131629 0.172069 0.170121 0.322547 0.113818 0.053088 0.012874 -0.006279 0.108039 0.201861 -0.010813 -0.046869 -0.148751 0.003256 -0.152361 -0.042806 -0.192704 0.004347 -0.427703 -0.278053 -0.284342 -0.450201 -0.101530 -0.006520 0.168858 0.491435 -0.028584 -0.050884 0.205605 0.232251 -0.103391 0.034687 -0.043426 -0.023245 0.008773 0.416968 -0.074452 0.032250 -0.133491 -0.216166 -0.304506 -0.330039 0.223352 0.104440 0.051527 0.116738 0.345535 -0.087172 -0.116296 -0.143550 0.020870 0.072223 0.035076 0.027818 0.045077 0.028692 -0.140679 -0.166429 -0.013983 0.046493 0.109463 0.182390 -0.094248 -0.048315 0.036776 -0.015392 0.125060 0.156054 0.158361 -0.087195 0.055560 0.049094 -0.075502 -0.100991
0.075305 -0.391883 0.636304 0.475793 0.250711 0.552010 0.485857 0.033677 0.357582 0.407383 -0.242780 -0.061388 0.179772 0.028581 -0.134446 -0.330439 -0.329970 -0.301728 0.042487 0.129163 0.099961 0.246835 1.000000 0.799092 0.642652 0.615186 0.342341 0.574767 -0.494388 -0.462317 0.622787 0.379272 -0.178817 -0.355767 0.427115 0.364544 -0.454417 -0.361119 -0.007038 -0.032201 -0.350830 -0.125815 0.032078 0.107114 0.031050 0.327631 -0.114817 -0.095671 -0.006751 0.104508 0.587613 0.217618 0.002249 0.191544 -0.182199 -0.318640 -0.420927 -0.181981 -0.214463 -0.188467 -0.386496 -0.403837 -0.595373 -0.568497 0.475074 0.200431 0.136026 0.514472 -0.235049 -0.181196 -0.001565 -0.339799 -0.478307 -0.040657 -0.282236 -0.144499 -0.006011 0.038173 -0.205726 -0.144572 -0.392490 -0.498116 -0.168334 -0.539357 0.131558 -0.143061 0.053976 0.225570 0.391380 -0.257222 -0.010524 0.106092 0.330927 0.236022 -0.154722 -0.337338 -0.123671 -0.387820 -0.110531 -0.387424 0.110880 -0.197832 -0.065932 -0.171930 -0.222238 -0.256224 0.034029 -0.142703 -0.227142 0.031324 -0.137909 -0.115392 -0.402800 -0.302045 -0.216089 -0.278384
-0.005705 -0.422054 0.460212 0.701944 0.152275 0.751185 0.334213 0.311846 0.310825 0.618374 -0.349646 0.113544 0.037768 0.109302 -0.258560 -0.324126 -0.271954 -0.342733 -0.041556 0.167811 0.091848 0.309374 0.799092 1.000000 0.481753 0.818147 0.291094 0.687986 -0.537133 -0.375392 0.613255 0.636498 -0.305925 -0.383865 0.314894 0.302571 -0.465742 -0.370518 -0.039095 -0.037272 -0.486114 -0.151439 -0.055124 0.055617 -0.121609 0.356458 -0.164018 -0.078862 -0.348330 -0.095209 0.331533 0.019172 -0.176893 -0.005390 -0.263288 -0.313169 -0.435307 -0.296780 -0.434035 -0.256244 -0.533174 -0.401714 -0.565690 -0.609795 0.448894 0.279811 -0.110321 0.694692 -0.189507 -0.072181 0.217928 -0.154682 -0.372110 -0.000022 -0.261397 -0.047484 -0.079262 0.156633 -0.231221 -0.081266 -0.314829 -0.445354 -0.153188 -0.348286 0.209529 0.025731 0.055995 0.444989 0.379566 -0.283936 0.119285 0.008938 0.501141 0.113854 -0.189562 -0.308747 -0.299936 -0.379069 -0.319798 -0.455150 0.057590 -0.331396 -0.017421 -0.259619 -0.251853 -0.302778 0.017446 -0.135754 -0.213639 0.043932 -0.058303 -0.074928 -0.362079 -0.332240 -0.340785 -0.329981
-0.071343 -0.280580 0.609297 0.310867 0.585391 0.414559 0.434798 0.101563 0.535132 0.368020 0.048432 0.074667 0.262997 0.113124 0.192499 0.104783 -0.107574 -0.209532 0.069897 0.022346 0.065426 0.025313 0.642652 0.481753 1.000000 0.317043 0.437532 0.176401 -0.187797 -0.392351 0.511164 0.202674 -0.173618 -0.258162 0.068111 0.204980 -0.342291 -0.314418 -0.167909 -0.273965 -0.134848 0.005990 -0.181489 -0.036038 -0.152415 0.037755 -0.292713 -0.331461 0.051684 0.062306 0.195147 0.088314 0.187329 0.097192 0.079236 -0.325819 -0.254823 -0.118436 0.204259 0.167363 0.017583 0.045246 -0.217315 -0.112222 0.381716 0.213180 0.122818 0.211501 -0.245017 -0.110907 -0.071155 -0.295864 -0.384101 -0.147564 -0.285613 -0.177694 -0.131157 -0.199069 -0.245185 -0.293954 -0.363151 -0.458326 0.032846 -0.293889 -0.159410 -0.305350 0.120541 0.262397 0.157520 -0.152513 0.141541 0.262462 0.293817 0.247666 -0.373206 -0.396140 -0.195878 -0.432853 0.013371 -0.333512 0.126409 -0.101091 -0.035561 -0.187830 -0.192099 -0.244767 -0.065602 -0.003974 -0.363093 -0.177354 -0.362961 -0.047492 -0.299672 -0.345608 -0.275408 -0.219996
-0.035335 -0.337644 0.249566 0.529756 -0.165150 0.635636 0.122851 0.138116 -0.081624 0.408963 -0.584066 -0.147317 -0.303675 -0.137623 -0.538735 -0.557918 -0.290941 -0.363137 0.032486 0.146285 0.212999 0.492226 0.615186 0.818147 0.317043 1.000000 0.287857 0.807997 -0.547488 -0.187425 0.633609 0.736572 -0.177083 -0.331862 0.377456 0.339913 -0.274734 -0.207673 0.175652 0.127155 -0.282505 0.012068 0.097574 0.202033 0.033490 0.471501 0.006847 0.112618 -0.387174 -0.031600 0.231798 0.015741 -0.248210 0.038326 -0.439403 -0.128928 -0.408844 -0.191503 -0.625841 -0.389167 -0.742427 -0.582501 -0.490181 -0.699153 0.201610 0.051449 -0.105729 0.711712 -0.140026 -0.147554 0.206791 0.147944 -0.211089 -0.006549 -0.195607 -0.073489 -0.100915 0.327349 -0.127228 0.117690 -0.139209 -0.235823 -0.270954 -0.271060 0.401790 0.321919 0.002290 0.322790 0.278926 -0.207908 -0.084523 -0.252978 0.270793 -0.023741 -0.014776 -0.125805 -0.148052 -0.122959 -0.339042 -0.291361 0.021311 -0.275294 0.050838 -0.108575 -0.194836 -0.089873 -0.046053 -0.007867 -0.038388 0.101401 0.092824 -0.010926 -0.167257 -0.198401 -0.175394 -0.194049
0.156139 -0.220774 0.439878 -0.048429 0.471490 0.433467 0.442314 0.148195 0.271764 0.150568 0.178113 0.080096 0.138123 0.032523 0.017913 -0.012327 -0.155498 -0.426314 -0.166553 -0.264270 0.420113 0.340169 0.342341 0.291094 0.437532 0.287857 1.000000 0.450160 -0.056874 -0.291492 0.352975 0.184328 -0.242084 -0.152807 -0.027321 0.131807 -0.303219 -0.163689 -0.040837 -0.014254 -0.154902 0.110046 -0.010169 0.032079 0.036936 0.194476 -0.284920 -0.315875 0.106538 -0.002455 0.091999 0.122995 0.086427 -0.104802 -0.006878 -0.393789 0.086031 -0.093929 0.161840 0.088492 0.103651 0.075787 -0.063864 -0.042735 0.176166 0.093747 0.068168 0.209656 -0.157635 -0.097681 0.005078 -0.235861 -0.098067 -0.246174 -0.157859 -0.219968 -0.154969 -0.141984 -0.069118 -0.203538 -0.078988 -0.145664 0.086131 -0.180691 0.050452 -0.204064 0.005049 0.075089 0.179066 -0.234083 0.158215 0.061292 0.035567 -0.075045 -0.222019 -0.322251 -0.291220 -0.358062 -0.032197 -0.321637 0.006617 -0.165734 0.000173 -0.217077 -0.148171 -0.279624 -0.011548 -0.121813 -0.197279 -0.071213 -0.253269 0.011218 -0.150845 -0.307477 -0.262534 -0.328077
0.124749 -0.244683 0.128186 0.275343 -0.208273 0.574508 0.125726 -0.090503 -0.239096 0.115101 -0.431682 -0.270388 -0.303166 -0.314905 -0.478457 -0.556894 -0.132428 -0.353749 -0.117070 0.025393 0.336054 0.580152 0.574767 0.687986 0.176401 0.807997 0.450160 1.000000 -0.438772 -0.202760 0.490949 0.484614 -0.227874 -0.302700 0.297335 0.317101 -0.220285 -0.219799 0.305743 0.276276 -0.300910 -0.039206 0.125747 0.187981 0.158906 0.480858 -0.006282 0.047675 -0.131955 -0.001692 0.354109 0.246513 -0.093544 0.028398 -0.254743 -0.187099 -0.083092 0.002418 -0.456735 -0.203282 -0.574227 -0.477013 -0.365477 -0.560743 0.007738 -0.138385 0.026396 0.586077 0.044663 -0.021094 0.107675 0.049657 -0.041826 -0.121032 -0.194473 -0.197999 -0.124937 0.184176 0.132835 0.213476 0.055311 -0.047291 -0.114434 -0.292988 0.311692 0.211591 0.053436 0.195478 0.313277 -0.155791 0.010060 -0.161082 0.034640 -0.141778 0.047614 -0.223464 -0.112473 -0.162649 -0.198023 -0.300992 -0.164743 -0.233999 0.022556 -0.114858 -0.211917 -0.225646 0.086901 -0.106010 -0.007532 0.158873 0.115752 -0.012420 -0.221755 -0.188016 -0.190039 -0.204382
-0.007236 0.350626 -0.192781 -0.325291 0.187313 -0.426884 -0.099584 -0.055350 0.078092 -0.353610 0.622931 0.148808 0.195803 -0.071365 0.632125 0.539603 0.516341 0.212067 -0.171382 -0.264104 -0.189616 -0.375751 -0.494388 -0.537133 -0.187797 -0.547488 -0.056874 -0.438772 1.000000 0.273526 -0.132426 -0.196466 0.057170 0.481155 -0.473138 -0.392527 0.288569 -0.018922 -0.139246 -0.301701 0.402268 0.155135 -0.138751 -0.078718 -0.034103 -0.332263 -0.306449 -0.343552 0.202301 -0.086542 -0.287842 -0.300566 0.262133 -0.211714 0.213131 -0.288854 0.363962 0.118758 0.517178 0.289884 0.675368 0.518252 0.715851 0.703737 -0.187244 -0.230199 -0.078013 -0.581699 0.078865 0.110944 -0.042630 0.113510 0.627634 -0.061151 0.232413 -0.006329 -0.080245 -0.425431 0.290650 -0.252666 0.407040 0.401344 0.632758 0.629364 -0.101831 -0.170375 0.224975 -0.128438 -0.366892 -0.017366 0.133148 -0.018976 -0.399309 -0.268753 -0.019399 -0.165858 -0.256040 -0.230907 0.181794 -0.169782 -0.218944 0.015516 -0.041446 -0.161409 0.012300 -0.064158 -0.086262 -0.067740 -0.046192 -0.152833 -0.395588 0.004373 -0.034226 -0.240407 -0.041047 -0.024236
-0.223987 0.031486 -0.339895 -0.335993 -0.295190 -0.326979 -0.302644 -0.180671 -0.384341 -0.330464 -0.153502 -0.134947 -0.321309 -0.113738 -0.138366 0.066852 0.053807 0.432468 -0.034588 -0.030617 0.058423 -0.011670 -0.462317 -0.375392 -0.392351 -0.187425 -0.291492 -0.202760 0.273526 1.000000 -0.104077 0.017658 0.107310 0.071643 -0.128941 -0.172900 0.489649 0.395297 0.099741 0.058110 0.322905 0.175388 0.206857 0.147885 0.140839 -0.053150 0.401934 0.358867 -0.257018 0.052947 -0.489525 -0.218617 -0.366991 -0.063870 -0.146707 0.310011 -0.080432 -0.152340 -0.233169 -0.214666 -0.138063 -0.181700 0.274092 0.103100 -0.373971 -0.420657 -0.162981 -0.191217 -0.091614 -0.043960 0.437526 0.696571 0.469308 0.531982 0.194056 0.347919 0.371014 0.408028 -0.005437 0.305265 0.182777 0.409173 -0.032170 0.394821 -0.003240 0.396387 -0.245071 -0.283949 -0.335672 0.129170 -0.222168 -0.309600 -0.347852 -0.105951 0.231715 0.328899 0.202866 0.366112 -0.137083 0.270253 -0.021644 0.159021 0.000922 0.253746 0.076892 0.252209 0.022369 0.095305 0.228318 0.103757 0.270946 0.082047 0.306355 0.253110 0.231852 0.088873
-0.033169 -0.260091 0.546280 0.322169 0.262079 0.380381 0.475835 0.155464 0.298568 0.329678 -0.164720 0.021030 0.098913 0.080086 -0.079363 -0.298864 -0.247249 -0.131847 0.069561 0.006065 0.194663 0.243377 0.622787 0.613255 0.511164 0.633609 0.352975 0.490949 -0.132426 -0.104077 1.000000 0.725175 -0.160526 -0.100674 0.252706 0.063164 -0.207576 -0.277464 0.048663 -0.122256 -0.047934 0.092471 0.020021 0.126894 -0.102476 0.155712 -0.137764 -0.133056 -0.253449 -0.090207 0.228328 -0.112998 -0.093221 0.027826 -0.340666 -0.355544 -0.407721 -0.242816 -0.273635 -0.396672 -0.327296 -0.327447 -0.361460 -0.408724 0.431318 0.041259 -0.112097 0.345889 -0.306694 -0.368037 0.202400 0.053588 -0.151339 0.134386 -0.156870 0.117827 -0.001832 0.124878 -0.161969 -0.064521 -0.311582 -0.373202 0.001986 -0.183414 0.257718 0.011542 0.073716 0.152469 0.130473 -0.454296 -0.176584 -0.206393 0.187365 0.056159 -0.061693 -0.165453 -0.170667 -0.268840 -0.217827 -0.435130 0.059763 -0.144963 0.020794 -0.161371 -0.227155 -0.178161 -0.143089 -0.149419 -0.101182 0.110233 -0.121107 0.057048 -0.241819 -0.254354 -0.166972 -0.270765
-0.078415 -0.195912 0.318028 0.543724 0.000771 0.423618 0.305806 0.420192 0.157937 0.453280 -0.306992 0.150494 -0.076776 0.165980 -0.217510 -0.237888 -0.272116 -0.200146 0.118439 0.067383 0.169679 0.205681 0.379272 0.636498 0.202674 0.736572 0.184328 0.484614 -0.196466 0.017658 0.725175 1.000000 -0.103105 0.017032 0.158806 0.007099 -0.166096 -0.183716 -0.044820 -0.093059 -0.132631 0.154805 0.008064 0.127302 -0.187832 0.192561 -0.097917 0.026709 -0.583963 -0.225279 -0.049310 -0.347995 -0.370723 -0.207579 -0.607415 -0.304232 -0.410606 -0.318770 -0.525302 -0.533676 -0.462152 -0.386326 -0.307146 -0.434806 0.381392 0.130469 -0.287900 0.474427 -0.230381 -0.263882 0.223884 0.176935 -0.050433 0.184212 -0.021831 0.281803 0.031474 0.303298 -0.142238 0.058097 -0.121842 -0.189826 0.037889 0.131337 0.342902 0.343875 0.083833 0.349789 0.095850 -0.408822 -0.126034 -0.380380 0.235905 -0.090705 -0.082660 -0.072463 -0.292941 -0.222268 -0.401426 -0.393466 0.042420 -0.313226 0.079893 -0.223067 -0.229450 -0.169724 -0.148589 -0.134783 -0.120443 0.070628 -0.010060 0.129617 -0.173388 -0.292954 -0.247654 -0.263800
0.085277 0.499489 -0.283079 -0.231293 -0.248161 -0.421818 -0.278067 -0.379986 -0.205778 -0.371112 -0.028348 -0.284007 -0.171163 -0.236630 -0.034056 -0.159937 -0.082780 0.335005 0.576028 0.516310 -0.229570 -0.171902 -0.178817 -0.305925 -0.173618 -0.177083 -0.242084 -0.227874 0.057170 0.107310 -0.160526 -0.103105 1.000000 0.609869 0.216704 -0.261125 0.243455 0.139496 -0.121427 0.085823 0.276879 0.059708 -0.194467 -0.211636 -0.119274 -0.361703 0.250573 0.114467 0.255749 0.142353 0.010056 0.047884 -0.113747 0.044925 -0.118749 0.293694 0.098096 0.458757 0.037568 0.000920 0.006441 0.092842 0.027843 0.126915 -0.164838 -0.055429 0.374884 -0.393066 0.323890 0.083575 -0.428466 -0.018261 -0.060271 -0.215887 -0.063469 -0.031883 -0.199676 -0.087926 0.086806 0.351250 -0.099768 0.124268 -0.156687 0.086276 -0.252672 0.070684 -0.188970 -0.318403 -0.144596 0.329817 -0.590005 -0.328124 -0.389306 0.106325 0.175352 0.422841 0.270156 0.388182 -0.155713 0.205445 -0.043063 0.320672 -0.160569 0.372268 0.144780 0.504192 -0.232994 0.212026 0.279748 0.076537 0.064811 -0.205163 0.221582 0.291931 0.411445 0.425414
0.338033 0.690611 -0.205849 -0.233485 -0.028500 -0.475972 -0.043303 -0.079095 0.011526 -0.300730 0.325776 0.018044 -0.007463 -0.146660 0.279728 0.143202 0.237873 0.127049 0.292245 0.173641 -0.221633 -0.317201 -0.355767 -0.383865 -0.258162 -0.331862 -0.152807 -0.302700 0.481155 0.071643 -0.100674 0.017032 0.609869 1.000000 -0.098356 -0.454374 0.177402 -0.059448 -0.141944 -0.242925 0.370817 0.241775 -0.237865 -0.222375 -0.083686 -0.439803 -0.110264 -0.149406 0.158060 -0.122720 -0.088406 -0.224239 0.054070 -0.228316 -0.102946 -0.185815 0.454621 0.501156 0.253113 0.077663 0.398853 0.368881 0.419927 0.522972 -0.053462 -0.140924 0.133969 -0.497545 0.404388 0.218578 -0.402329 -0.095591 0.334787 -0.231953 0.195549 0.057775 -0.070020 -0.365949 0.455278 0.132867 0.298795 0.331219 0.387272 0.495873 -0.094513 0.046235 0.060618 -0.182784 -0.260800 -0.054094 -0.264842 -0.349859 -0.478845 -0.333226 -0.049674 -0.007339 -0.073858 -0.029887 -0.054880 -0.198582 -0.223857 -0.004300 -0.146221 -0.140634 -0.062546 0.056563 -0.144872 -0.011239 -0.017811 -0.123909 -0.117354 -0.078509 -0.136046 -0.200206 -0.009734 0.048750
-0.079266 -0.284682 0.154884 -0.006283 -0.103347 0.116113 0.112017 -0.182505 -0.056220 0.080777 -0.290778 -0.120400 0.079910 0.113011 -0.234764 -0.468029 -0.536551 0.011929 0.144316 0.170536 0.142153 0.245530 0.427115 0.314894 0.068111 0.377456 -0.027321 0.297335 -0.473138 -0.128941 0.252706 0.158806 0.216704 -0.098356 1.000000 0.537907 -0.020308 -0.091388 0.257084 0.080691 -0.106640 -0.122535 0.136911 0.053884 0.234577 0.297596 0.176801 0.181695 0.030565 0.242694 0.443276 0.156673 -0.398834 -0.021895 -0.257581 0.076831 -0.439791 -0.128490 -0.272150 -0.350432 -0.443019 -0.472921 -0.499815 -0.518341 0.259028 0.143630 0.337127 0.438466 -0.121737 -0.213594 -0.135703 -0.095529 -0.471706 -0.085939 -0.442047 -0.194464 -0.125512 0.221312 -0.198753 0.210315 -0.395301 -0.344828 -0.420448 -0.391075 0.114359 0.157208 -0.114915 -0.080183 0.286963 -0.110146 -0.544482 -0.317204 0.075568 0.171528 0.065628 0.103610 0.222818 0.145675 -0.224310 -0.063091 0.161544 0.052355 0.013608 0.292809 0.101040 0.344128 0.171578 0.316693 0.178989 0.026557 0.241370 -0.272712 -0.183706 0.124128 0.237818 0.125791
-0.171581 -0.424234 0.158768 -0.052840 0.025431 0.386524 0.078479 -0.050716 -0.045620 0.142455 -0.140000 -0.011407 0.123972 0.169789 -0.201884 -0.191766 -0.246114 -0.268004 -0.150905 -0.194803 0.169490 0.354969 0.364544 0.302571 0.204980 0.339913 0.131807 0.317101 -0.392527 -0.172900 0.063164 0.007099 -0.261125 -0.454374 0.537907 1.000000 -0.203173 -0.182032 0.066219 0.086833 -0.288538 -0.127288 0.250170 0.207733 0.377903 0.606550 -0.061099 0.047931 0.088047 0.382594 0.348128 0.227384 -0.182295 -0.126304 -0.065809 -0.049057 -0.388256 -0.258609 -0.043597 -0.132642 -0.315400 -0.328697 -0.352841 -0.419455 0.068157 0.186993 0.246939 0.629792 -0.274446 -0.145476 0.057653 -0.153874 -0.318779 -0.133860 -0.299872 -0.344874 -0.153942 0.136754 -0.152463 -0.107982 -0.190270 -0.308948 -0.298831 -0.404111 0.164663 0.039164 -0.126795 0.058284 0.261645 -0.127567 -0.024269 0.080012 0.206580 0.225509 -0.006111 -0.123431 0.060541 -0.068150 0.020169 -0.057650 0.258410 -0.127698 0.160358 0.055541 0.008519 -0.005182 0.221561 0.059975 -0.042871 -0.005859 0.101992 -0.189031 -0.180549 0.016501 0.043686 -0.079244
