1.000000 0.095754 0.163447 -0.235369 0.046964 -0.157325 0.274088 -0.229001 0.118537 0.064981 0.457397 0.205015 0.340375 0.112672 0.470132 0.127281 0.269411 -0.002955 0.444012 0.448998 -0.004652 -0.019986 0.021933 -0.188288 -0.009268 -0.344357 -0.065489 -0.070376 0.419379 -0.065656 0.016884 -0.281645 0.221288 -0.000094 -0.154903 -0.329171 0.035443 0.121100 0.069329 -0.045289 0.012906 -0.126064 -0.142596 -0.261836 -0.163897 -0.225675 -0.155508 -0.058003 0.132620 0.032933 -0.095496 -0.014093 -0.110956 -0.215518 0.162877 0.041932 0.629677 0.152475 0.154934 -0.152829 0.121219 -0.067397 0.025430 -0.078598 -0.012111 -0.056203 -0.064852 -0.369609 0.278457 -0.210877 -0.072877 -0.147149 0.021422 -0.282110 -0.022996 0.042181 0.066510 -0.203223 0.171468 0.174870 -0.041397 0.082434 0.301719 0.050941 0.115337 0.058522 0.021475 -0.002513 0.168741 -0.002429 -0.110789 0.222062 -0.225210 0.078968 0.057188 0.015420 0.027983 -0.138486 -0.156674 0.087751 -0.033054 0.275219 -0.178443 -0.111849 -0.271328 -0.090004 0.055567 0.238577 0.072537 0.045765 -0.243921 -0.206755 -0.233169 -0.124653 -0.176373 -0.205982
0.095754 1.000000 -0.547721 -0.517398 -0.280400 -0.545630 -0.180291 -0.032786 -0.210764 0.009363 0.129173 -0.010392 0.170267 0.267504 -0.014006 0.246013 0.441274 0.505442 -0.147382 -0.056264 -0.189124 -0.145827 -0.529266 -0.550370 -0.456393 -0.364754 -0.469474 -0.548730 0.376341 0.413601 -0.343447 -0.345501 0.202201 0.279479 -0.436513 -0.498879 0.294121 0.067538 -0.060035 -0.189164 0.088511 -0.348086 -0.121189 -0.107598 0.286011 0.190102 -0.013291 -0.195724 0.194090 0.388050 -0.172370 0.197856 0.337505 -0.057747 0.116978 0.133225 0.121742 0.618722 0.342449 0.365658 0.244871 0.435829 0.390945 0.711481 -0.279194 -0.259216 0.134373 -0.042646 0.016103 0.059261 -0.149083 -0.057180 0.391354 -0.071704 -0.077463 -0.039941 0.109092 0.065826 0.154829 0.194969 0.466712 0.440046 -0.176765 -0.049038 -0.234647 -0.313442 -0.102798 -0.031768 -0.279437 -0.105548 0.387111 -0.062322 -0.182902 -0.146008 -0.070330 0.018497 0.083317 0.076265 0.288393 0.122926 0.254279 0.162879 0.342700 0.165529 0.088072 -0.040511 -0.030377 0.148231 0.064651 -0.004750 -0.219026 -0.034263 0.215069 -0.048770 0.108118 0.129625
0.163447 -0.547721 1.000000 0.570131 0.552578 0.496972 0.607670 0.177178 0.541368 0.231815 -0.158543 -0.039646 -0.035948 -0.218894 0.041409 -0.256021 -0.321789 -0.547786 0.581486 0.411112 0.169068 0.098101 0.566757 0.538824 0.298608 0.237364 0.296985 0.490476 -0.121486 -0.498041 0.286478 0.263146 -0.094618 -0.127310 0.258249 0.105452 -0.425417 -0.352296 -0.021552 -0.039392 -0.214612 0.182634 -0.061397 -0.247638 -0.332420 -0.388046 -0.204757 -0.124970 -0.195664 -0.346892 0.022567 -0.353694 -0.347576 -0.036790 -0.055762 -0.286187 0.084077 -0.217080 -0.120308 -0.274521 -0.172937 -0.379088 -0.401187 -0.549325 0.491832 0.183120 -0.101636 -0.184284 0.212487 -0.167447 0.086129 0.070047 -0.261876 -0.121197 0.057246 0.046510 -0.241550 -0.289170 -0.180747 -0.109696 -0.510908 -0.504733 0.236358 0.136282 0.165755 0.045086 -0.038530 -0.004409 0.249179 0.035596 -0.358597 0.303937 0.114483 0.188071 -0.072172 -0.166622 -0.262685 -0.382784 -0.307818 -0.092806 -0.317806 -0.221362 -0.484253 -0.375442 -0.142707 0.054196 0.012853 0.063345 -0.021093 0.032447 -0.019975 -0.049067 -0.418922 -0.032174 -0.182167 -0.121534
-0.235369 -0.517398 0.570131 1.000000 0.194269 0.674212 0.179533 0.434701 0.326603 0.118513 -0.230608 0.216053 -0.235880 -0.178114 -0.044582 -0.211387 -0.340858 -0.265904 0.176252 0.041290 0.176685 0.355281 0.593661 0.724113 0.214119 0.474611 0.397620 0.645090 -0.385203 -0.274627 0.305760 0.479070 -0.342601 -0.215824 0.339024 0.423261 -0.344882 -0.324297 0.040335 0.284784 -0.164674 0.409413 -0.209921 -0.252597 -0.479927 -0.420801 -0.153511 -0.094928 -0.385925 -0.518916 0.103639 -0.449511 -0.289990 0.117158 -0.154446 -0.270875 -0.155790 -0.285594 -0.296414 -0.324427 -0.223161 -0.332741 -0.430754 -0.530922 0.507441 0.390268 -0.325425 -0.202164 -0.065245 -0.119568 0.142388 0.203090 -0.257494 0.235861 0.132099 0.168499 -0.336263 -0.104707 -0.184806 -0.159170 -0.484232 -0.466841 0.231473 0.216367 0.278940 0.164917 0.033233 0.130473 0.275841 0.152827 -0.339998 -0.000782 0.280113 -0.111830 -0.053266 -0.257181 -0.254685 -0.107593 -0.247570 -0.234447 -0.388186 -0.462498 -0.498325 -0.443147 -0.059054 0.264792 -0.007591 -0.154671 -0.083803 0.135657 0.097738 -0.028287 -0.270692 0.103853 0.051238 -0.016983
0.046964 -0.280400 0.552578 0.194269 1.000000 0.523275 0.407200 0.146640 0.362413 0.371340 -0.251014 -0.102782 -0.067487 -0.084461 -0.103544 0.108461 -0.431457 -0.242394 0.390067 0.399238 0.450998 0.258453 0.216136 0.280922 0.318642 0.180843 0.269661 0.329007 0.038466 0.007613 0.087029 0.266288 -0.054936 0.075812 0.057204 -0.119615 -0.238916 -0.151282 -0.106088 -0.045416 -0.176523 0.185971 0.161606 -0.170639 0.001017 -0.076278 0.059239 -0.031375 -0.241581 -0.059997 -0.112740 -0.136737 -0.077137 0.200633 -0.050667 -0.173217 -0.191764 -0.337799 -0.140905 -0.281209 -0.373430 -0.266132 -0.364155 -0.293841 0.134497 -0.094266 -0.263789 -0.296745 0.193480 -0.257875 0.421544 0.192971 -0.118848 -0.105201 -0.026894 -0.082215 0.093907 0.134011 -0.058102 0.015754 -0.084580 -0.125050 0.025923 0.129224 0.076359 -0.169604 -0.229908 0.065201 -0.011100 -0.228050 -0.022555 0.346916 0.220127 0.064936 0.095490 -0.079608 -0.270334 -0.233485 -0.084155 0.090929 -0.063980 -0.136066 -0.194391 -0.349577 -0.048542 -0.120469 -0.141750 -0.147846 -0.015871 -0.049661 -0.067847 0.144348 -0.107088 0.050949 -0.019211 -0.054955
-0.157325 -0.545630 0.496972 0.674212 0.523275 1.000000 0.158171 0.304514 0.364579 0.274207 -0.236358 0.097660 -0.205752 -0.164595 -0.058230 -0.121525 -0.464279 -0.254400 0.176545 0.055299 0.281575 0.431751 0.461057 0.535076 0.425614 0.546976 0.627786 0.814321 -0.432437 -0.196398 0.322666 0.530640 -0.341260 -0.168630 0.389230 0.422105 -0.346389 -0.140330 -0.041392 0.398548 -0.265313 0.399549 -0.017987 -0.175805 -0.434710 -0.319928 0.001487 -0.007786 -0.375508 -0.484049 0.085756 -0.366115 -0.216725 0.146656 -0.264723 -0.336333 -0.202409 -0.384721 -0.332063 -0.331163 -0.238888 -0.302288 -0.409200 -0.475307 0.429309 0.333532 -0.349429 -0.225292 0.065420 -0.117142 0.246633 0.123709 -0.374304 0.059554 -0.000558 0.073117 -0.144477 -0.019184 -0.125315 -0.057793 -0.478497 -0.333050 0.102748 0.157482 0.226226 0.150782 -0.077445 0.093250 0.233874 0.027865 -0.294740 0.027302 0.266189 -0.069962 0.214094 -0.107410 -0.213651 -0.079183 -0.284824 -0.230440 -0.184784 -0.286002 -0.294239 -0.304395 -0.041598 0.085570 -0.075516 -0.264172 0.060152 0.106890 0.164830 -0.030019 -0.250401 0.119309 0.158022 0.004413
0.274088 -0.180291 0.607670 0.179533 0.407200 0.158171 1.000000 0.461392 0.405438 0.493790 0.192855 0.142021 0.529951 0.370500 0.163055 0.046669 -0.068940 -0.205089 0.419336 0.191077 -0.050409 -0.161043 -0.118661 -0.051267 0.119888 -0.334023 -0.224811 -0.063281 0.189110 -0.200585 -0.231524 -0.068794 0.249462 0.353622 -0.143974 -0.073207 -0.208930 -0.374053 -0.214725 -0.224347 -0.226185 -0.033259 -0.204666 -0.203453 -0.134905 -0.127841 -0.269833 -0.161394 0.008811 -0.217337 -0.229283 -0.273529 -0.324775 -0.232058 0.027644 -0.205583 0.137199 -0.217295 0.134647 -0.032941 0.275766 0.193916 0.165061 -0.076596 0.395044 0.301844 0.117372 -0.102920 0.327049 -0.053051 -0.040659 0.016380 0.007635 -0.373285 -0.161735 -0.082493 -0.167440 -0.264249 -0.155586 -0.128731 -0.158665 -0.170905 -0.217211 -0.111704 -0.335198 -0.240792 -0.312068 -0.189176 -0.249556 -0.189856 -0.146497 0.359273 0.122745 0.193765 -0.254110 -0.122202 -0.175606 -0.253684 -0.283061 -0.110188 0.094252 0.091377 -0.103894 -0.228404 -0.257333 -0.134092 0.244902 0.242657 -0.090600 0.045466 -0.350916 -0.140990 -0.214972 -0.242821 -0.291517 -0.155299
-0.229001 -0.032786 0.177178 0.434701 0.146640 0.304514 0.461392 1.000000 0.185290 0.655532 -0.021837 0.315914 0.310342 0.553483 -0.048568 0.150587 -0.103492 0.014227 0.103180 -0.149123 -0.024431 0.026567 -0.281678 -0.044164 -0.244832 -0.101481 -0.310997 -0.080574 -0.025899 -0.035539 -0.327518 0.096513 0.029183 0.273035 -0.202101 0.004693 -0.174935 -0.367914 -0.215064 0.061236 -0.231240 0.023540 -0.435476 -0.262418 -0.190221 -0.069419 -0.344708 -0.324357 -0.105621 -0.275880 -0.219641 -0.303792 -0.244727 -0.186424 0.002080 -0.243730 -0.195225 -0.230301 0.149776 0.156959 0.310490 0.413885 0.190765 0.058373 0.443968 0.585004 0.078976 0.040087 0.259387 0.229357 -0.057640 0.094038 -0.071184 -0.077191 -0.158240 -0.063254 -0.198028 0.130658 -0.271234 -0.133120 -0.151389 -0.303915 -0.403866 -0.096834 -0.371488 -0.331934 -0.418879 -0.195183 -0.290268 0.064920 -0.120986 0.012785 0.200202 0.079985 -0.318467 0.008473 -0.355128 -0.087979 -0.149966 -0.215646 0.239881 -0.044507 0.069414 -0.120334 0.110373 0.086851 0.286511 0.143059 -0.041193 0.079886 -0.395222 -0.022048 0.062625 -0.000052 0.129286 0.256103
0.118537 -0.210764 0.541368 0.326603 0.362413 0.364579 0.405438 0.185290 1.000000 0.492413 0.155190 0.099129 0.252376 0.152329 0.401221 -0.108288 -0.129945 -0.231821 0.373818 0.193678 0.183970 0.144736 0.239601 0.175773 0.387298 -0.076605 0.097712 0.243341 0.105243 -0.231479 0.116672 0.135387 -0.042449 0.151321 0.267051 0.187063 -0.226470 -0.162730 -0.172487 0.006335 -0.149030 0.098570 -0.189894 -0.423222 -0.324869 -0.297792 -0.387577 -0.310239 -0.075836 -0.265310 -0.074863 -0.213425 -0.235649 0.073764 -0.029160 -0.447441 -0.022987 -0.199923 0.058563 -0.084605 0.104216 -0.046017 -0.185779 -0.253809 0.602747 0.321957 -0.137281 -0.267431 0.221791 -0.123909 0.036759 -0.046400 -0.159056 -0.092845 -0.066477 -0.065405 -0.022606 -0.207062 -0.167831 -0.092906 -0.400277 -0.162585 0.253495 -0.061540 0.020803 -0.108432 -0.197230 -0.143263 0.182583 -0.197197 -0.196646 0.191569 0.113639 0.312994 -0.001050 -0.060898 -0.283808 -0.384966 -0.319975 -0.240353 -0.061806 -0.023733 -0.315599 -0.314335 -0.287008 -0.066051 0.056214 -0.020194 -0.082509 0.056455 -0.257596 -0.286374 -0.445687 -0.227857 -0.089925 -0.236571
0.064981 0.009363 0.231815 0.118513 0.371340 0.274207 0.493790 0.655532 0.492413 1.000000 0.165125 0.275230 0.488106 0.666597 0.217740 0.317120 -0.138816 0.057717 0.334388 0.020005 0.060893 -0.018820 -0.305791 -0.244242 -0.089913 -0.274694 -0.345275 -0.138942 0.216297 0.044333 -0.322083 -0.009055 0.007735 0.367419 -0.175606 -0.182070 -0.161937 -0.287195 -0.334378 -0.015491 -0.283279 -0.108926 -0.243699 -0.366525 -0.183176 -0.071102 -0.331660 -0.250295 0.019618 -0.205651 -0.320235 -0.154425 -0.231702 -0.118603 0.089225 -0.342152 -0.109082 -0.285537 0.264720 0.146652 0.351028 0.477698 0.196141 0.069450 0.527688 0.542864 0.060427 -0.146111 0.464921 0.161924 -0.002551 0.059971 -0.050168 -0.250381 -0.230418 -0.194806 -0.015471 0.049626 -0.282562 -0.220563 -0.133328 -0.224737 -0.254436 -0.041503 -0.308256 -0.484299 -0.525948 -0.230290 -0.198020 -0.190069 -0.093846 0.180243 0.108040 0.101263 -0.297612 -0.037477 -0.371293 -0.272853 -0.172702 -0.093726 0.339919 0.096903 0.011798 -0.108167 0.029082 -0.063211 0.243313 0.102916 -0.166162 -0.028728 -0.494407 -0.021994 -0.037899 -0.119888 0.095387 0.134479
0.457397 0.129173 -0.158543 -0.230608 -0.251014 -0.236358 0.192855 -0.021837 0.155190 0.165125 1.000000 0.470890 0.781960 0.455911 0.740886 0.377818 0.314285 0.249073 0.001461 -0.060420 -0.244361 -0.146569 -0.230512 -0.267972 0.056330 -0.392012 -0.231895 -0.242571 0.498648 0.131618 -0.021049 -0.057596 0.131462 0.180875 -0.128179 -0.061363 -0.001408 0.076252 -0.055703 -0.000459 -0.013603 -0.163135 -0.232014 -0.259559 -0.121870 -0.130826 -0.218553 -0.110455 0.225038 -0.086310 -0.149930 0.041106 -0.130309 -0.127984 0.128787 -0.082338 0.086508 -0.088629 0.030046 -0.062325 0.463397 0.286479 0.523495 0.112583 0.182952 0.168211 -0.023227 -0.214941 0.064120 -0.178935 -0.160742 -0.076220 0.159571 -0.294643 -0.077120 0.066372 -0.022746 -0.216762 -0.162483 -0.040830 -0.078011 0.130481 0.179157 -0.016327 -0.202694 -0.049958 -0.003446 -0.114414 -0.039129 -0.188271 -0.127024 0.107641 -0.027834 0.136963 0.158830 0.097347 0.196046 -0.071524 -0.165816 -0.107768 0.140656 0.337359 -0.014055 -0.040708 -0.459379 -0.165058 0.114320 0.045251 0.179370 0.163707 -0.341006 -0.289971 -0.079474 -0.414265 -0.392957 -0.195586
0.205015 -0.010392 -0.039646 0.216053 -0.102782 0.097660 0.142021 0.315914 0.099129 0.275230 0.470890 1.000000 0.411566 0.481660 0.402834 0.400831 -0.062459 0.240873 -0.012156 -0.058202 -0.085781 -0.063814 0.003964 0.080377 -0.058843 -0.096546 -0.042990 0.054758 0.261882 0.231955 0.020991 0.130865 -0.230762 0.027876 0.158560 0.114930 -0.119914 -0.259737 -0.065707 0.116134 -0.282395 0.004169 -0.209388 -0.164786 -0.314608 -0.128408 -0.160941 -0.045337 -0.197223 -0.344481 -0.181193 -0.232750 -0.360463 -0.104689 0.055527 -0.208813 -0.000409 -0.166280 -0.275790 -0.252994 0.129318 0.175711 0.011341 -0.125213 0.301849 0.496832 -0.284334 -0.208315 -0.071258 -0.143880 0.014024 0.202142 -0.031359 -0.110397 -0.053357 0.087572 -0.092272 -0.039505 -0.034693 0.006928 -0.185447 -0.155421 0.245264 0.261566 0.163462 0.133353 0.086915 0.163370 0.133942 0.027161 -0.414669 -0.174105 -0.018248 -0.221329 -0.013126 -0.127806 -0.090319 0.017204 -0.260138 -0.153453 -0.067457 -0.131544 -0.259266 -0.344456 -0.214450 0.056178 0.036430 -0.008719 -0.041677 0.059414 -0.213460 -0.054627 -0.191393 -0.059934 -0.108298 0.039557
0.340375 0.170267 -0.035948 -0.235880 -0.067487 -0.205752 0.529951 0.310342 0.252376 0.488106 0.781960 0.411566 1.000000 0.766128 0.608169 0.307462 0.260705 0.283767 0.086339 -0.158000 -0.236834 -0.224678 -0.501685 -0.486903 -0.075513 -0.648811 -0.490293 -0.418586 0.463645 0.098683 -0.360676 -0.223931 0.231704 0.385434 -0.347036 -0.120128 -0.028271 -0.107085 -0.164913 -0.051165 -0.129232 -0.254732 -0.311531 -0.298879 -0.058145 -0.017605 -0.326369 -0.182616 0.342275 -0.049486 -0.296440 0.011193 -0.195591 -0.284393 0.203694 -0.093609 0.052420 -0.101859 0.283774 0.144456 0.688994 0.585066 0.663459 0.275484 0.317889 0.367087 0.203091 -0.106630 0.356507 0.036646 -0.226332 -0.129864 0.203483 -0.364739 -0.162917 -0.065212 -0.116337 -0.257451 -0.186363 -0.132388 -0.054494 0.014376 -0.220378 -0.245051 -0.510436 -0.399394 -0.323453 -0.287779 -0.357602 -0.264760 -0.104531 0.214279 -0.058914 0.237391 -0.061806 0.021628 0.102836 -0.014245 -0.177372 -0.095380 0.311553 0.381906 0.129464 0.079539 -0.332669 -0.191879 0.331268 0.204283 0.072255 0.113542 -0.453157 -0.185240 0.021958 -0.354381 -0.303518 -0.104360
0.112672 0.267504 -0.218894 -0.178114 -0.084461 -0.164595 0.370500 0.553483 0.152329 0.666597 0.455911 0.481660 0.766128 1.000000 0.406710 0.447926 0.203940 0.382725 0.103541 -0.260309 -0.200406 -0.210480 -0.591272 -0.586347 -0.244482 -0.625073 -0.558622 -0.489307 0.397633 0.231495 -0.411434 -0.232891 0.186525 0.478464 -0.360678 -0.105887 0.087384 -0.127711 -0.196416 0.049544 -0.177499 -0.261633 -0.392326 -0.292126 -0.102625 0.076894 -0.407804 -0.223240 0.198980 -0.041093 -0.413170 -0.041396 -0.255686 -0.351543 0.192484 -0.120625 0.009039 -0.098664 0.337888 0.289301 0.653845 0.803067 0.512103 0.364691 0.293686 0.583033 0.165849 -0.054740 0.398771 0.251867 -0.139826 -0.043899 0.119031 -0.278882 -0.317226 -0.194423 -0.073670 -0.025993 -0.155531 -0.081125 0.025867 0.044759 -0.373436 -0.271502 -0.445820 -0.472112 -0.369230 -0.248547 -0.300867 -0.122939 -0.123741 0.030450 -0.058532 0.085303 -0.202486 0.027468 -0.093856 0.060338 -0.215368 -0.151616 0.479206 0.241270 0.247330 0.086391 -0.099920 -0.138096 0.350958 0.198085 -0.078400 0.011611 -0.504100 -0.115841 0.085333 -0.166571 0.055052 0.070212
0.470132 -0.014006 0.041409 -0.044582 -0.103544 -0.058230 0.163055 -0.048568 0.401221 0.217740 0.740886 0.402834 0.608169 0.406710 1.000000 0.359733 0.238207 0.137937 0.314318 0.190357 -0.029074 0.047850 0.083040 -0.087561 0.217531 -0.293888 -0.068921 -0.022878 0.471415 0.106965 0.166911 0.085621 0.085280 0.171433 0.001802 0.105208 0.086381 0.001312 0.196601 0.257523 -0.098158 0.013850 -0.331613 -0.422015 -0.411436 -0.336583 -0.375852 -0.119485 -0.022147 -0.228795 -0.390704 -0.182871 -0.384361 -0.225633 0.214840 -0.264128 0.136808 -0.043931 -0.014665 -0.103966 0.368052 0.172641 0.203449 -0.107735 0.284565 0.247743 -0.277148 -0.444486 0.288417 -0.143543 0.043495 0.090542 0.047962 -0.140663 -0.109148 0.052013 0.035595 -0.212941 -0.054969 0.156314 -0.139787 0.066022 0.449319 0.081115 0.040011 -0.140258 0.122747 0.059205 0.240761 -0.176397 -0.257846 0.193171 -0.108651 0.281533 0.171006 -0.027355 0.002263 -0.148027 -0.331309 -0.102577 -0.015745 0.214111 -0.183046 -0.120046 -0.493811 -0.274663 0.128206 -0.057119 0.085906 0.167872 -0.403924 -0.191475 -0.150681 -0.128973 -0.275725 -0.309697
0.127281 0.246013 -0.256021 -0.211387 0.108461 -0.121525 0.046669 0.150587 -0.108288 0.317120 0.377818 0.400831 0.307462 0.447926 0.359733 1.000000 -0.005138 0.206792 0.185206 0.222426 0.000235 -0.017489 -0.250539 -0.144604 -0.106722 -0.043744 -0.122132 -0.199951 0.477061 0.436798 0.074413 0.242944 0.029143 0.205423 -0.140328 -0.236330 0.118167 0.157548 0.134963 0.120007 -0.008738 0.031505 -0.245845 -0.316146 -0.119191 -0.009293 -0.193086 -0.185707 -0.282849 -0.122762 -0.534546 -0.227690 -0.084316 -0.062071 0.048334 -0.282022 -0.091114 -0.109452 -0.152648 -0.037320 0.078344 0.299790 0.179713 0.189276 -0.003758 0.065091 -0.298294 -0.247268 0.075568 -0.091756 0.181560 0.275241 0.020020 -0.233500 -0.342726 -0.110077 0.174195 0.210809 -0.034903 0.115388 0.239223 0.273644 0.165852 0.452471 0.064591 -0.024847 -0.032405 0.316445 0.062269 -0.130596 0.061740 -0.001565 0.212530 -0.097294 0.003666 -0.007590 -0.268609 -0.212004 -0.225576 -0.188386 0.263432 0.172452 0.067299 -0.160008 -0.228840 -0.244098 -0.089143 -0.080714 -0.194924 -0.023904 -0.415866 -0.058494 0.097966 -0.117592 -0.201176 -0.164121
0.269411 0.441274 -0.321789 -0.340858 -0.431457 -0.464279 -0.068940 -0.103492 -0.129945 -0.138816 0.314285 -0.062459 0.260705 0.203940 0.238207 -0.005138 1.000000 0.196042 -0.019174 0.021918 -0.148376 -0.158381 -0.319814 -0.431915 -0.371591 -0.422604 -0.307817 -0.350298 0.361908 0.109998 -0.122080 -0.373032 0.498533 0.145995 -0.347916 -0.246573 0.466430 0.287709 0.239359 0.127613 0.304171 -0.063374 -0.304283 -0.177112 0.007809 -0.087659 -0.323768 -0.234473 0.343137 0.214947 -0.156089 0.138574 0.195318 -0.315570 0.150737 0.198679 0.529119 0.481193 0.404093 0.323652 0.503929 0.314812 0.515779 0.436242 -0.264720 -0.101226 0.233867 -0.045102 0.042503 0.076736 -0.175864 -0.158525 0.358505 -0.005573 0.013952 0.218420 0.128355 -0.016746 0.236774 0.262037 0.323108 0.356396 -0.149996 -0.215914 -0.314410 -0.108106 -0.029037 -0.130793 -0.234885 0.134280 0.024219 -0.143164 -0.298997 0.064371 -0.178811 0.381159 0.047483 0.019172 -0.039688 -0.159114 0.224857 0.166601 0.277650 0.169815 -0.129757 -0.189588 0.146794 0.096024 0.249164 0.089967 -0.280296 -0.326322 -0.022193 -0.212846 -0.040762 0.054840
-0.002955 0.505442 -0.547786 -0.265904 -0.242394 -0.254400 -0.205089 0.014227 -0.231821 0.057717 0.249073 0.240873 0.283767 0.382725 0.137937 0.206792 0.196042 1.000000 -0.323230 -0.278616 -0.124747 0.098060 -0.376802 -0.400225 -0.269490 -0.439697 -0.360838 -0.347352 0.287655 0.663016 -0.397550 -0.221643 -0.203035 0.182595 -0.369171 -0.204780 0.158025 -0.135895 -0.074481 -0.036718 -0.050030 -0.221620 0.048922 0.020821 0.181963 0.102649 0.256686 0.216740 0.218000 0.259716 -0.109791 0.274223 0.187831 0.172923 0.219255 0.292229 -0.132664 0.261619 0.114481 -0.009724 0.134942 0.295031 0.292005 0.450940 -0.235395 -0.066097 -0.096909 -0.272413 -0.003116 -0.117110 0.149814 0.242581 0.589900 0.414025 0.249175 0.262481 0.011561 -0.065162 0.190393 0.111888 0.371662 0.221388 -0.223993 -0.139286 -0.146106 -0.453130 -0.126220 -0.198632 -0.319549 -0.146964 0.219851 0.026154 -0.100661 -0.242486 0.001301 -0.187048 0.305639 0.350019 0.393519 0.384488 0.116642 0.108026 0.212025 0.088453 -0.040004 0.050880 0.110854 0.041428 -0.036982 -0.024970 -0.026256 0.324662 0.400574 0.058982 0.072483 0.041914
0.444012 -0.147382 0.581486 0.176252 0.390067 0.176545 0.419336 0.103180 0.373818 0.334388 0.001461 -0.012156 0.086339 0.103541 0.314318 0.185206 -0.019174 -0.323230 1.000000 0.660747 0.226186 0.171870 0.258687 0.187565 -0.023130 -0.012784 0.021807 0.159431 0.278886 -0.263306 0.261680 0.198671 0.124198 0.089579 -0.065471 -0.134041 -0.046418 -0.061111 0.206004 0.062849 -0.088879 0.080414 -0.407350 -0.580133 -0.542050 -0.576443 -0.502441 -0.267073 -0.260917 -0.317936 -0.502388 -0.395520 -0.334623 -0.215051 -0.028164 -0.421920 0.291726 -0.024110 0.127346 -0.016820 0.042001 -0.028458 -0.216346 -0.208101 0.273179 0.189153 -0.146917 -0.369689 0.554059 0.022705 0.249099 0.125015 -0.207711 -0.205956 -0.224545 -0.075491 0.107503 -0.012982 -0.136741 0.028349 -0.198095 -0.162314 0.300488 0.263854 0.187120 -0.098316 -0.115728 0.211824 0.345950 0.115571 -0.207610 0.398078 0.131724 0.252798 -0.062017 -0.012668 -0.539800 -0.500407 -0.447917 -0.174256 0.030255 0.020544 -0.310369 -0.250362 -0.095635 -0.206937 0.049128 0.138767 -0.026875 0.168616 -0.399648 -0.125680 -0.247056 0.043445 -0.070818 -0.148286
0.448998 -0.056264 0.411112 0.041290 0.399238 0.055299 0.191077 -0.149123 0.193678 0.020005 -0.060420 -0.058202 -0.158000 -0.260309 0.190357 0.222426 0.021918 -0.278616 0.660747 1.000000 0.365737 0.261689 0.312968 0.302318 0.084839 0.171609 0.162896 0.226871 0.370530 0.013921 0.348630 0.286171 0.179933 0.061924 -0.061424 -0.283009 -0.063708 0.060679 0.223319 -0.119115 0.072359 0.203587 -0.057051 -0.307327 -0.222510 -0.374539 -0.124875 -0.079318 -0.328031 -0.078932 -0.388997 -0.307804 -0.090154 0.049009 -0.090154 -0.229884 0.276602 0.121757 -0.043384 -0.277479 -0.359302 -0.426516 -0.401588 -0.362275 -0.120096 -0.282536 -0.366474 -0.431136 0.184251 -0.243629 0.369449 0.385298 0.067697 0.059445 0.062796 0.173426 0.216583 0.104346 0.069824 0.235793 0.118610 0.028694 0.462277 0.481751 0.301683 0.103029 0.093575 0.265541 0.239299 -0.100329 0.012980 0.328545 0.113462 0.135131 -0.085487 0.027513 -0.396800 -0.482496 -0.185182 0.014532 -0.184574 -0.042049 -0.382992 -0.394944 -0.233959 -0.222712 -0.214995 -0.064936 0.061120 0.028838 -0.274022 0.050722 -0.209723 0.031435 -0.296158 -0.241891
-0.004652 -0.189124 0.169068 0.176685 0.450998 0.281575 -0.050409 -0.024431 0.183970 0.060893 -0.244361 -0.085781 -0.236834 -0.200406 -0.029074 0.000235 -0.148376 -0.124747 0.226186 0.365737 1.000000 0.568182 0.258258 0.325610 0.127993 0.193199 0.296569 0.307223 -0.051047 0.144630 0.158619 0.215674 -0.010692 0.014296 0.042429 0.055435 0.045304 0.039081 0.199001 0.087062 -0.009183 0.468078 0.118943 -0.065857 -0.088263 -0.235535 0.032867 0.120575 -0.310107 -0.095268 -0.167130 -0.209349 0.100304 0.202067 -0.074351 -0.154559 -0.098494 -0.123527 -0.189768 -0.277981 -0.404884 -0.326468 -0.401573 -0.336254 -0.110883 -0.210637 -0.391313 -0.376234 0.009372 -0.322982 0.510639 0.222874 0.042025 0.213428 0.176745 0.266098 0.310650 0.286815 0.099294 0.048317 0.145113 0.047834 0.143509 0.083186 0.165968 -0.036288 -0.031611 0.192205 0.014230 -0.204756 0.073908 0.287715 0.269100 0.139843 0.178365 0.040301 -0.190183 -0.078868 -0.003028 0.128283 -0.179540 -0.150647 -0.303255 -0.158770 0.018671 -0.212748 -0.111619 -0.258026 0.065224 0.191559 0.086855 0.199490 0.010706 0.181626 -0.054377 -0.010503
-0.019986 -0.145827 0.098101 0.355281 0.258453 0.431751 -0.161043 0.026567 0.144736 -0.018820 -0.146569 -0.063814 -0.224678 -0.210480 0.047850 -0.017489 -0.158381 0.098060 0.171870 0.261689 0.568182 1.000000 0.308456 0.362087 0.207309 0.265469 0.333666 0.421027 -0.221994 0.059066 0.127139 0.243660 -0.235577 -0.056042 -0.044386 0.124652 -0.020129 -0.037297 0.116051 0.125257 0.025018 0.387025 -0.034194 -0.177427 -0.264020 -0.350258 0.094316 0.114073 -0.251881 -0.204903 -0.099455 -0.237935 0.059190 0.246469 -0.075320 -0.143318 -0.075366 0.018813 -0.190257 -0.212251 -0.235835 -0.302346 -0.281238 -0.254767 0.008771 -0.123030 -0.336093 -0.386510 0.097671 -0.183246 0.329907 0.255580 0.021345 0.427687 0.282322 0.333156 -0.002261 0.130369 0.112858 0.108579 -0.073674 -0.054655 0.149454 0.077655 0.194379 -0.116796 -0.068449 0.204237 0.139195 -0.014752 0.071490 0.286909 0.154377 -0.056857 0.286829 -0.082340 -0.061482 0.064307 -0.029760 0.083123 -0.274818 -0.224057 -0.330387 -0.107759 -0.009191 -0.033399 0.052319 -0.073385 0.048277 0.219597 0.124380 0.056653 -0.021113 0.049667 0.093644 -0.140768
0.021933 -0.529266 0.566757 0.593661 0.216136 0.461057 -0.118661 -0.281678 0.239601 -0.305791 -0.230512 0.003964 -0.501685 -0.591272 0.083040 -0.250539 -0.319814 -0.376802 0.258687 0.312968 0.258258 0.308456 1.000000 0.843248 0.392463 0.588775 0.720062 0.765792 -0.281612 -0.293740 0.667867 0.448820 -0.392551 -0.531005 0.571440 0.338120 -0.216309 -0.123074 0.284330 0.298050 -0.158826 0.393759 0.073390 -0.125067 -0.418672 -0.450752 0.012267 0.099024 -0.446188 -0.354429 0.172578 -0.314074 -0.224460 0.207862 -0.075478 -0.187948 0.012340 -0.095295 -0.497642 -0.525200 -0.532213 -0.717176 -0.679347 -0.690198 0.204338 -0.081955 -0.491870 -0.330244 -0.131103 -0.340343 0.252635 0.217079 -0.272652 0.249825 0.190796 0.204803 -0.142919 -0.168448 0.000445 0.070099 -0.412969 -0.292488 0.701131 0.334103 0.704752 0.380750 0.489005 0.355164 0.709677 0.123200 -0.305786 0.084723 0.048246 0.018584 0.290134 -0.216235 -0.091268 -0.201635 -0.188886 -0.027085 -0.642154 -0.458945 -0.617514 -0.349799 -0.148250 0.175884 -0.260732 -0.273306 0.070220 0.144402 0.370463 0.032665 -0.363962 0.176004 0.015136 -0.193585
-0.188288 -0.550370 0.538824 0.724113 0.280922 0.535076 -0.051267 -0.044164 0.175773 -0.244242 -0.267972 0.080377 -0.486903 -0.586347 -0.087561 -0.144604 -0.431915 -0.400225 0.187565 0.302318 0.325610 0.362087 0.843248 1.000000 0.288314 0.702968 0.644524 0.752986 -0.321941 -0.224256 0.546466 0.621521 -0.468030 -0.516057 0.459272 0.287506 -0.348862 -0.211047 0.246864 0.191193 -0.170081 0.459289 0.009987 -0.135675 -0.351436 -0.430954 0.067447 0.024714 -0.462564 -0.368610 0.145557 -0.320175 -0.084267 0.366516 -0.108178 -0.244387 -0.235394 -0.282589 -0.520881 -0.532901 -0.603457 -0.698252 -0.641903 -0.644451 0.174697 -0.102997 -0.507298 -0.264244 -0.269732 -0.383788 0.361473 0.358899 -0.264808 0.265721 0.146207 0.198289 -0.135557 0.007167 -0.145536 -0.090948 -0.370291 -0.370279 0.559257 0.508661 0.533196 0.393072 0.303678 0.402723 0.480472 0.124768 -0.154633 0.095853 0.352735 -0.017306 0.160778 -0.213958 -0.223748 -0.233793 -0.120329 -0.093944 -0.589652 -0.491870 -0.629988 -0.428152 -0.102411 0.162635 -0.233680 -0.289569 0.051706 0.162220 0.263442 0.099050 -0.280160 0.126548 -0.100520 -0.077339
-0.009268 -0.456393 0.298608 0.214119 0.318642 0.425614 0.119888 -0.244832 0.387298 -0.089913 0.056330 -0.058843 -0.075513 -0.244482 0.217531 -0.106722 -0.371591 -0.269490 -0.023130 0.084839 0.127993 0.207309 0.392463 0.288314 1.000000 0.354442 0.444942 0.482096 -0.170197 -0.178449 0.359888 0.372194 -0.062360 0.082041 0.480773 0.535994 -0.205580 -0.044354 -0.079837 0.078530 -0.069491 0.241793 0.213502 0.093156 -0.126384 -0.032825 0.153339 0.193085 -0.245514 -0.284478 0.105554 -0.214914 -0.329815 0.119570 -0.334531 -0.216697 -0.102317 -0.256662 -0.375561 -0.312750 -0.194230 -0.330264 -0.345096 -0.439340 0.235723 0.017805 -0.265569 -0.112463 -0.105691 -0.214478 0.132865 0.070978 -0.251719 -0.041681 -0.048230 0.011827 0.034343 -0.143444 -0.066334 0.048182 -0.346014 -0.054827 0.328397 0.073602 0.233589 0.224550 0.215884 0.157660 0.303781 -0.304184 -0.185287 0.028926 0.141787 0.017428 0.331956 -0.091949 0.149564 0.053462 -0.309909 -0.177553 -0.135818 -0.140786 -0.191861 -0.206332 -0.323449 -0.032275 -0.191568 -0.268256 -0.095955 -0.036637 0.283706 -0.142961 -0.317938 -0.079960 -0.096702 -0.425007
-0.344357 -0.364754 0.237364 0.474611 0.180843 0.546976 -0.334023 -0.101481 -0.076605 -0.274694 -0.392012 -0.096546 -0.648811 -0.625073 -0.293888 -0.043744 -0.422604 -0.439697 -0.012784 0.171609 0.193199 0.265469 0.588775 0.702968 0.354442 1.000000 0.685587 0.716045 -0.446443 -0.145429 0.641138 0.706721 -0.325483 -0.426455 0.536953 0.355373 -0.213174 0.013440 0.147381 0.251887 -0.041423 0.414302 0.127829 0.060663 -0.211279 -0.133531 0.178978 0.071519 -0.529812 -0.335380 0.126077 -0.315519 -0.061679 0.194278 -0.452891 -0.253293 -0.316229 -0.159056 -0.494534 -0.242156 -0.534332 -0.517122 -0.555182 -0.417091 0.103513 -0.064998 -0.338914 0.041018 -0.356213 -0.124567 0.185347 0.245171 -0.465627 0.076152 -0.028402 0.089365 -0.035839 0.117269 -0.067158 0.007762 -0.270919 -0.189408 0.400663 0.568492 0.529827 0.546375 0.318719 0.482784 0.478413 0.136382 -0.161010 -0.292983 0.223798 -0.236194 0.210808 -0.023444 -0.212892 -0.115012 -0.153507 -0.240446 -0.272869 -0.373239 -0.235239 -0.215938 0.046536 0.120279 -0.409788 -0.409405 0.005125 -0.006402 0.319026 0.047447 -0.221491 0.249169 0.093050 0.014246
-0.065489 -0.469474 0.296985 0.397620 0.269661 0.627786 -0.224811 -0.310997 0.097712 -0.345275 -0.231895 -0.042990 -0.490293 -0.558622 -0.068921 -0.122132 -0.307817 -0.360838 0.021807 0.162896 0.296569 0.333666 0.720062 0.644524 0.444942 0.685587 1.000000 0.844495 -0.442525 -0.105395 0.691188 0.498294 -0.281972 -0.435072 0.577720 0.421805 -0.183473 0.166273 0.204820 0.384153 -0.045843 0.505245 0.198596 0.060587 -0.263276 -0.224300 0.160288 0.131793 -0.421249 -0.274530 0.202260 -0.267085 -0.075861 0.161364 -0.306927 -0.189203 -0.027166 -0.159980 -0.529523 -0.455827 -0.508766 -0.632874 -0.575327 -0.521228 0.035811 -0.153495 -0.421421 -0.178914 -0.220702 -0.287041 0.181834 0.056194 -0.346317 0.115633 0.108445 0.148925 -0.118847 -0.112997 0.154643 0.158715 -0.305581 -0.018696 0.463305 0.263291 0.575323 0.555478 0.434513 0.384895 0.492954 0.005877 -0.260484 -0.142042 0.110079 -0.056913 0.412437 -0.075114 0.033975 -0.077026 -0.199212 -0.199169 -0.411380 -0.273367 -0.297214 -0.182660 -0.165079 0.016996 -0.354331 -0.411021 0.135496 0.106363 0.451584 -0.047531 -0.279176 0.180269 -0.007818 -0.183743
-0.070376 -0.548730 0.490476 0.645090 0.329007 0.814321 -0.063281 -0.080574 0.243341 -0.138942 -0.242571 0.054758 -0.418586 -0.489307 -0.022878 -0.199951 -0.350298 -0.347352 0.159431 0.226871 0.307223 0.421027 0.765792 0.752986 0.482096 0.716045 0.844495 1.000000 -0.433523 -0.237694 0.620541 0.614221 -0.362867 -0.382896 0.602267 0.509038 -0.326694 -0.031991 0.169021 0.418576 -0.198778 0.448747 0.058447 -0.127841 -0.477105 -0.404352 0.091470 0.062798 -0.496590 -0.496694 0.137393 -0.429753 -0.192460 0.186493 -0.301619 -0.316607 -0.048001 -0.215530 -0.482135 -0.500351 -0.423692 -0.586228 -0.589105 -0.608858 0.288739 0.082471 -0.471374 -0.283156 -0.102764 -0.269343 0.283060 0.169610 -0.352436 0.173895 0.144081 0.216927 -0.063705 -0.064808 -0.030950 0.022562 -0.462424 -0.267051 0.435732 0.331823 0.529254 0.420140 0.274483 0.326387 0.506735 0.022633 -0.333823 -0.037890 0.200577 -0.054342 0.331093 -0.124772 -0.102972 -0.155194 -0.321494 -0.282237 -0.414357 -0.378324 -0.490342 -0.347562 -0.156537 0.103920 -0.244623 -0.393626 0.118648 0.168967 0.369270 -0.056927 -0.390707 0.118402 0.015224 -0.158451
0.419379 0.376341 -0.121486 -0.385203 0.038466 -0.432437 0.189110 -0.025899 0.105243 0.216297 0.498648 0.261882 0.463645 0.397633 0.471415 0.477061 0.361908 0.287655 0.278886 0.370530 -0.051047 -0.221994 -0.281612 -0.321941 -0.170197 -0.446443 -0.442525 -0.433523 1.000000 0.361485 -0.063841 -0.108652 0.348689 0.405691 -0.326921 -0.463909 0.172744 0.071003 0.108549 -0.142682 0.089911 -0.204088 -0.139635 -0.310887 0.074604 -0.098085 -0.170543 -0.230671 0.131237 0.191243 -0.297583 0.153587 0.056778 0.021840 0.104480 0.056544 0.133455 0.182659 0.185187 -0.056707 0.112909 0.176912 0.219321 0.194372 -0.137637 -0.141525 -0.178673 -0.380758 0.031872 -0.291827 0.190721 0.220338 0.491122 -0.038171 0.001268 0.147649 0.278660 0.009370 0.012399 0.210479 0.349088 0.287873 0.197662 0.148171 -0.100670 -0.179089 -0.112227 -0.082268 -0.151631 -0.245087 0.005869 0.114048 -0.130641 0.014561 -0.258516 0.052998 -0.100177 -0.227802 0.010512 0.093657 0.181473 0.293716 0.047023 -0.261552 -0.353850 -0.232379 -0.157486 0.050412 0.037413 -0.071771 -0.526885 -0.068209 -0.042857 -0.183079 -0.291612 -0.103781
-0.065656 0.413601 -0.498041 -0.274627 0.007613 -0.196398 -0.200585 -0.035539 -0.231479 0.044333 0.131618 0.231955 0.098683 0.231495 0.106965 0.436798 0.109998 0.663016 -0.263306 0.013921 0.144630 0.059066 -0.293740 -0.224256 -0.178449 -0.145429 -0.105395 -0.237694 0.361485 1.000000 -0.100414 0.051928 -0.028616 0.245209 -0.264003 -0.290571 0.253328 -0.044467 0.052460 0.019842 0.043182 0.101580 0.211385 0.089759 0.242198 0.153368 0.298168 0.221667 -0.028019 0.247620 -0.263834 0.140032 0.159846 0.180058 0.035401 0.161284 -0.230762 0.096372 -0.081092 -0.160870 -0.124762 0.070999 0.079879 0.297341 -0.298496 -0.249551 -0.354207 -0.382168 -0.217609 -0.306888 0.299015 0.418651 0.486134 0.277065 0.170175 0.138678 0.113036 0.106318 0.406386 0.365874 0.636376 0.491377 -0.063831 0.191393 0.032491 -0.221699 -0.020670 0.106004 -0.292057 -0.336985 0.196438 -0.120874 -0.002202 -0.251463 -0.044183 -0.125165 0.065875 0.165011 0.336296 0.348546 0.048813 0.149258 0.205774 -0.113112 -0.172557 -0.094982 -0.126134 -0.104538 -0.096055 -0.157304 -0.226600 0.390583 0.295271 0.269059 -0.012998 0.050408
0.016884 -0.343447 0.286478 0.305760 0.087029 0.322666 -0.231524 -0.327518 0.116672 -0.322083 -0.021049 0.020991 -0.360676 -0.411434 0.166911 0.074413 -0.122080 -0.397550 0.261680 0.348630 0.158619 0.127139 0.667867 0.546466 0.359888 0.641138 0.691188 0.620541 -0.063841 -0.100414 1.000000 0.688204 -0.068845 -0.304808 0.558497 0.373962 -0.038061 0.271368 0.304840 0.338570 0.073514 0.380926 0.054902 -0.143338 -0.402434 -0.336610 -0.082733 -0.000143 -0.517342 -0.303139 -0.125761 -0.356529 -0.241112 0.114551 -0.401677 -0.310443 0.005531 -0.045531 -0.478077 -0.405298 -0.356910 -0.510450 -0.497832 -0.497591 0.161640 -0.034570 -0.534585 -0.321662 -0.237992 -0.341878 0.173597 0.139129 -0.384270 -0.011915 -0.093502 0.020573 0.067875 -0.057588 0.084001 0.204287 -0.249630 0.093539 0.639324 0.456353 0.648968 0.613341 0.472869 0.429542 0.663189 0.010302 -0.347360 -0.188010 0.095970 -0.009389 0.358273 0.027550 -0.199597 -0.289597 -0.411956 -0.334520 -0.220619 -0.070371 -0.309103 -0.269122 -0.309072 -0.004419 -0.434976 -0.328951 0.050674 -0.000612 0.105717 -0.151109 -0.378836 0.125489 -0.036545 -0.234202
-0.281645 -0.345501 0.263146 0.479070 0.266288 0.530640 -0.068794 0.096513 0.135387 -0.009055 -0.057596 0.130865 -0.223931 -0.232891 0.085621 0.242944 -0.373032 -0.221643 0.198671 0.286171 0.215674 0.243660 0.448820 0.621521 0.372194 0.706721 0.498294 0.614221 -0.108652 0.051928 0.688204 1.000000 -0.222830 -0.073886 0.364845 0.385231 -0.233168 0.000516 0.211251 0.318042 -0.109820 0.367593 -0.054182 -0.233779 -0.368280 -0.305502 -0.038251 -0.003890 -0.574306 -0.406740 -0.317038 -0.449385 -0.219903 0.205509 -0.402950 -0.467278 -0.381182 -0.302293 -0.508007 -0.370249 -0.355360 -0.351738 -0.387937 -0.434484 0.228348 0.096031 -0.581820 -0.313879 -0.180168 -0.268203 0.392870 0.458258 -0.309877 0.061254 -0.182469 0.069825 0.072531 0.145530 -0.151025 0.036740 -0.229930 -0.087999 0.430401 0.644960 0.392787 0.349572 0.195827 0.435898 0.384909 -0.138448 -0.210736 -0.108276 0.406940 -0.044936 0.195580 -0.083628 -0.342299 -0.258068 -0.344563 -0.331515 -0.061928 -0.176902 -0.261871 -0.373316 -0.217974 -0.058017 -0.310102 -0.393647 -0.033804 0.107148 0.024664 0.117383 -0.136094 0.179477 -0.099742 -0.115484
0.221288 0.202201 -0.094618 -0.342601 -0.054936 -0.341260 0.249462 0.029183 -0.042449 0.007735 0.131462 -0.230762 0.231704 0.186525 0.085280 0.029143 0.498533 -0.203035 0.124198 0.179933 -0.010692 -0.235577 -0.392551 -0.468030 -0.062360 -0.325483 -0.281972 -0.362867 0.348689 -0.028616 -0.068845 -0.222830 1.000000 0.574374 -0.248159 -0.094732 0.416537 0.349541 -0.024325 -0.143271 0.376475 0.024919 -0.110792 0.019915 0.255294 0.213199 -0.218785 -0.123011 0.135586 0.216916 -0.211578 -0.000926 0.013651 -0.392850 -0.113426 0.145014 0.357081 0.100341 0.301402 0.173604 0.294418 0.219197 0.382160 0.225595 -0.196344 -0.069739 0.199828 0.074386 0.039124 0.013033 -0.188970 -0.299921 0.092324 -0.327842 -0.158621 -0.075423 0.201053 0.115176 0.204486 0.286983 0.322214 0.488597 -0.231114 -0.261982 -0.331755 0.021609 -0.203717 -0.222375 -0.309576 -0.288264 0.041760 -0.110343 -0.175857 0.075553 -0.163046 0.356696 0.031086 0.023195 -0.087508 -0.162429 0.312760 0.297328 0.314584 0.006351 -0.241866 -0.293209 -0.064163 0.074627 0.071800 0.041701 -0.286366 -0.264248 -0.006194 -0.210751 -0.212549 -0.192524
-0.000094 0.279479 -0.127310 -0.215824 0.075812 -0.168630 0.353622 0.273035 0.151321 0.367419 0.180875 0.027876 0.385434 0.478464 0.171433 0.205423 0.145995 0.182595 0.089579 0.061924 0.014296 -0.056042 -0.531005 -0.516057 0.082041 -0.426455 -0.435072 -0.382896 0.405691 0.245209 -0.304808 -0.073886 0.574374 1.000000 -0.287073 -0.024053 0.076771 -0.058724 -0.248670 -0.167745 0.030288 -0.177316 -0.046143 0.009558 0.113849 0.131988 -0.105448 0.002335 0.020674 -0.017578 -0.352412 -0.129707 -0.200909 -0.285647 -0.155081 -0.048106 0.009800 0.063675 0.206470 0.182878 0.293865 0.413310 0.309225 0.260014 0.028708 0.128666 0.098324 -0.024607 0.151535 0.074215 -0.002353 0.051029 0.300329 -0.147424 -0.085696 -0.016673 0.170781 0.144667 0.074153 0.141603 0.267977 0.264625 -0.293770 -0.187934 -0.422892 -0.372169 -0.310358 -0.243173 -0.395336 -0.431091 -0.067051 0.035851 -0.050413 0.029262 -0.237135 0.018304 0.033527 0.108677 -0.093011 0.016831 0.390695 0.233812 0.246691 -0.019436 -0.097207 -0.234624 0.091243 0.116076 -0.171893 0.015851 -0.301917 -0.011887 0.131520 -0.117046 -0.196619 -0.110357
-0.154903 -0.436513 0.258249 0.339024 0.057204 0.389230 -0.143974 -0.202101 0.267051 -0.175606 -0.128179 0.158560 -0.347036 -0.360678 0.001802 -0.140328 -0.347916 -0.369171 -0.065471 -0.061424 0.042429 -0.044386 0.571440 0.459272 0.480773 0.536953 0.577720 0.602267 -0.326921 -0.264003 0.558497 0.364845 -0.248159 -0.287073 1.000000 0.667510 -0.146402 -0.079753 0.029616 0.220277 -0.209781 0.241857 0.057258 0.039760 -0.305754 -0.037853 -0.023088 -0.012349 -0.487126 -0.461653 0.178087 -0.345267 -0.335987 0.017495 -0.286517 -0.422525 -0.053758 -0.181818 -0.419738 -0.280762 -0.230808 -0.354643 -0.435139 -0.410069 0.422868 0.197436 -0.182989 0.127362 -0.223456 -0.107430 -0.000885 -0.058463 -0.520205 -0.119825 -0.043443 -0.023433 0.125051 -0.030001 -0.026454 0.006268 -0.407708 -0.158791 0.473189 0.224230 0.547296 0.531397 0.362144 0.217203 0.629979 0.044852 -0.416393 -0.288711 0.029260 -0.010596 0.330695 -0.065425 -0.146181 -0.220053 -0.403389 -0.395745 -0.260380 -0.237395 -0.248370 -0.165938 -0.146140 0.152340 -0.325337 -0.307504 -0.091635 0.057388 0.367133 -0.254612 -0.449299 0.013758 0.007262 -0.224357
-0.329171 -0.498879 0.105452 0.423261 -0.119615 0.422105 -0.073207 0.004693 0.187063 -0.182070 -0.061363 0.114930 -0.120128 -0.105887 0.105208 -0.236330 -0.246573 -0.204780 -0.134041 -0.283009 0.055435 0.124652 0.338120 0.287506 0.535994 0.355373 0.421805 0.509038 -0.463909 -0.290571 0.373962 0.385231 -0.094732 -0.024053 0.667510 1.000000 -0.041551 -0.002708 0.031797 0.329154 -0.078783 0.312080 -0.084371 0.051976 -0.410469 -0.102444 -0.135628 0.137561 -0.384589 -0.502247 -0.017219 -0.369437 -0.412594 -0.123993 -0.320773 -0.366893 -0.155049 -0.272887 -0.323858 -0.121484 0.043981 -0.074772 -0.177825 -0.315369 0.368376 0.444832 -0.145454 0.146634 -0.047662 0.095877 -0.025000 -0.086900 -0.406163 0.007437 -0.073403 0.042712 -0.021863 -0.044218 -0.105854 -0.065676 -0.390281 -0.115479 0.142711 -0.086475 0.226096 0.350317 0.221622 0.131062 0.348381 0.034721 -0.401019 -0.215374 0.112949 0.066345 0.343496 0.028694 0.005240 0.131595 -0.465939 -0.426103 -0.075740 -0.195621 -0.118132 -0.023037 -0.155910 0.043184 -0.108915 -0.275649 -0.036141 0.239681 0.389109 -0.169162 -0.219257 0.050544 0.011842 -0.240397
