1.000000 0.813258 -0.465498 -0.329777 -0.303766 -0.252083 -0.235372 -0.458526 0.164742 -0.117811 0.512045 0.217293 0.135747 -0.003689 0.239074 0.253985 0.668423 0.622397 -0.015863 -0.086581 -0.249310 -0.112908 -0.276814 -0.161512 -0.431189 -0.311318 -0.330542 -0.230921 0.405639 0.043691 -0.453499 -0.212350 0.330365 0.205998 -0.182548 -0.359343 0.416658 0.043225 0.225543 0.188062 0.218858 -0.113974 -0.138852 -0.188057 -0.027803 -0.267205 0.249070 -0.143485 -0.043911 -0.067155 -0.313146 -0.379683 -0.158695 -0.163803 0.201010 0.120556 0.744154 0.778587 -0.117454 -0.115508 0.006743 -0.030202 0.088194 0.255317 -0.216660 -0.269409 -0.280347 -0.509953 0.300910 -0.185422 -0.358008 0.088338 0.341791 -0.337476 -0.008237 -0.125504 -0.085733 -0.151873 0.280123 0.484780 0.618921 0.553119 0.231844 0.132619 0.326679 0.456131 0.059638 0.149405 -0.045933 0.170933 -0.303409 -0.246304 -0.192752 -0.379084 -0.101082 -0.280117 0.044721 -0.060095 0.019726 0.226122 -0.080160 -0.135906 -0.208474 -0.097630 -0.037853 -0.078080 -0.205171 0.049917 -0.226928 -0.069569 -0.064484 -0.058140 0.083715 -0.317145 -0.298516 -0.208193
0.813258 1.000000 -0.511488 -0.499341 -0.077801 -0.205957 -0.276036 -0.574344 0.191310 -0.099834 0.443015 0.244732 0.239828 -0.066837 0.263354 0.379107 0.603611 0.566660 -0.132473 -0.181238 -0.314912 -0.099570 -0.284145 -0.303720 -0.358559 -0.427211 -0.082813 -0.140957 0.458182 0.090100 -0.402519 -0.290483 0.406563 0.211691 -0.286190 -0.465811 0.321634 -0.066716 0.226174 0.182418 0.119985 -0.084372 -0.069168 -0.147687 0.024041 -0.295017 0.276412 -0.137562 0.095098 0.024885 -0.177541 -0.356634 0.076910 -0.118517 0.161847 0.085099 0.772404 0.848824 -0.072539 -0.098532 -0.009060 -0.099456 0.081686 0.231312 -0.263313 -0.347298 -0.210643 -0.544631 0.417257 -0.213712 -0.286090 0.082139 0.374021 -0.339618 0.117956 -0.086729 -0.215076 -0.362735 0.403133 0.451246 0.615675 0.561952 0.229015 0.199878 0.370529 0.404092 -0.049836 0.173521 -0.102840 -0.000219 -0.386626 -0.369639 -0.291113 -0.326431 -0.046643 -0.304258 0.036175 -0.112714 0.022791 0.178068 0.033794 -0.030937 -0.100710 0.114319 0.203994 0.128840 -0.071501 0.188946 -0.162341 -0.153064 -0.073840 0.045176 0.064266 -0.354287 -0.262557 -0.188313
-0.465498 -0.511488 1.000000 0.474834 0.178340 0.048540 0.653793 0.510867 -0.150182 -0.102422 -0.288035 -0.266186 -0.232288 -0.246823 -0.272534 -0.387042 -0.379584 -0.375306 0.299789 -0.050163 0.012098 0.057582 0.357041 0.206462 0.258483 0.404182 0.120615 0.110963 -0.360298 -0.077680 0.504586 0.392904 0.005979 0.188246 0.322956 0.206597 -0.342746 -0.078160 -0.391516 -0.120390 -0.113548 0.148723 -0.181956 -0.055618 -0.065402 0.161361 -0.321933 0.021693 -0.141047 -0.042621 0.106310 0.113583 -0.140068 0.086602 -0.138788 -0.153474 -0.345583 -0.478906 0.162234 -0.130588 0.345117 0.021379 0.405080 0.017180 0.296162 0.075171 0.299201 0.487324 -0.412274 0.058310 -0.123176 0.087391 -0.230138 0.157691 0.134123 0.037546 0.048703 0.279499 -0.358932 -0.425137 -0.455691 -0.403748 -0.004777 -0.059359 -0.444245 -0.199873 0.122229 0.150882 -0.105965 -0.159994 0.236006 0.243275 0.015671 0.343043 -0.354716 0.222403 -0.280770 -0.285408 0.052841 -0.140466 -0.077240 -0.072364 0.101331 -0.190573 -0.256469 -0.231634 -0.138430 -0.237755 0.038178 0.212977 -0.075956 0.145221 -0.031724 0.118948 -0.102032 -0.106589
-0.329777 -0.499341 0.474834 1.000000 -0.115540 0.447225 0.184469 0.443879 -0.470984 -0.054134 -0.287171 -0.408091 -0.351173 -0.007781 -0.219364 -0.378718 -0.268895 -0.375703 0.168075 0.211017 0.262800 0.038159 0.503077 0.668059 0.301013 0.636996 0.191444 0.412896 -0.566497 -0.245258 0.382982 0.273216 -0.143293 0.061895 0.388277 0.478305 -0.298390 -0.056557 -0.210046 0.034689 -0.221654 0.020483 -0.018557 0.100016 0.090844 0.276964 -0.171489 0.244840 -0.139536 -0.002392 0.057584 0.165748 -0.158519 -0.034016 -0.116592 -0.041064 -0.216519 -0.315663 -0.226649 -0.174939 -0.115308 -0.128349 -0.047483 -0.377340 0.405878 0.373831 -0.081743 0.323920 -0.172334 0.011630 0.068317 -0.051358 -0.364470 0.131305 -0.056583 0.031903 0.058717 0.231913 -0.045772 -0.310015 -0.492099 -0.511077 -0.185375 -0.291211 -0.150049 -0.161556 0.308331 0.185237 0.167492 0.194219 0.167608 0.157911 0.251760 0.050515 -0.096331 0.279899 0.011917 -0.075966 -0.126806 -0.236349 -0.226192 -0.079749 -0.130851 -0.345709 -0.358674 -0.300999 -0.106401 -0.246092 0.181914 0.228181 0.110025 0.016974 -0.014318 0.215591 0.073225 0.014503
-0.303766 -0.077801 0.178340 -0.115540 1.000000 0.216779 0.432322 0.318900 0.465138 0.514793 -0.207011 0.158162 0.224983 0.308511 0.112234 0.324271 -0.012710 0.013757 0.067532 -0.132766 0.195798 0.325178 0.021000 -0.105185 0.442166 0.009752 0.535436 0.201544 0.041265 0.202853 0.325278 0.097685 0.004835 -0.158740 -0.104180 -0.117110 -0.228595 -0.114049 -0.215580 -0.248908 -0.290829 0.042610 -0.244356 -0.255509 -0.264881 -0.202608 -0.211091 -0.258837 -0.121862 -0.237543 -0.071724 -0.069437 0.200170 0.092193 -0.322664 -0.335969 -0.115135 -0.093540 0.163912 0.187722 0.308812 0.307465 0.075198 -0.011872 0.098432 0.066147 -0.010002 -0.082905 -0.111398 0.078903 0.211829 0.183842 -0.142410 0.089465 0.079319 0.132669 -0.146369 -0.140343 -0.135240 -0.313678 -0.072230 -0.119600 0.116899 0.259053 0.045834 -0.218891 -0.280697 0.076276 -0.106788 -0.418236 0.094701 0.077705 0.211545 0.328038 -0.092291 -0.080644 -0.395492 -0.339631 -0.216726 -0.276682 0.173500 -0.042060 0.069048 0.103050 0.223870 0.089778 -0.048101 -0.076606 0.001432 -0.229870 -0.291054 -0.101710 -0.050005 -0.106813 -0.013319 -0.090710
-0.252083 -0.205957 0.048540 0.447225 0.216779 1.000000 -0.167427 0.202286 -0.310974 0.223264 -0.165224 -0.341382 -0.060342 0.189232 -0.212940 -0.140085 0.017310 -0.121201 -0.200001 -0.075654 0.275743 0.232235 0.453541 0.470877 0.419929 0.541165 0.732634 0.888257 -0.356624 -0.160426 0.274458 -0.021438 -0.062680 -0.156092 0.293448 0.484724 -0.215100 0.023409 0.055446 0.203966 -0.296401 -0.087912 -0.054544 0.093589 -0.129348 0.054849 -0.160972 0.055563 -0.049914 -0.118148 0.154457 0.059234 0.038952 -0.166243 -0.224935 0.069591 0.008764 -0.007062 -0.166756 -0.070273 -0.191297 -0.139917 -0.343568 -0.457136 0.268116 0.534261 -0.189222 0.147626 -0.077149 -0.131561 0.150318 -0.056655 -0.311332 0.004873 -0.131344 0.078943 -0.153825 -0.057819 0.060107 -0.119132 -0.292528 -0.332304 -0.363304 -0.347507 0.032241 -0.222586 -0.044643 -0.008279 0.153515 0.146569 -0.027032 -0.010376 0.228433 -0.021167 0.051592 0.041165 0.135111 0.074370 -0.308585 -0.020843 0.004210 -0.094557 -0.157480 -0.109729 0.001008 -0.032058 0.035933 -0.098352 0.059169 0.079352 0.168164 -0.097947 -0.085686 0.048294 0.051953 -0.037316
-0.235372 -0.276036 0.653793 0.184469 0.432322 -0.167427 1.000000 0.513173 0.377441 0.322756 -0.161650 0.233053 0.150733 0.210283 0.009039 0.101058 -0.238010 -0.206183 0.365527 0.015441 0.120951 0.131013 0.125402 -0.023109 0.157703 -0.005678 0.106525 -0.145326 -0.141457 0.067896 0.356302 0.210942 -0.068012 -0.031412 -0.047884 -0.162784 -0.203879 -0.033084 -0.237604 -0.038347 -0.095076 0.281721 -0.340778 -0.311276 -0.277396 -0.083082 -0.412041 -0.173278 -0.336638 -0.365978 -0.150831 -0.144285 -0.227994 0.028479 -0.192198 -0.318429 -0.219589 -0.299038 0.260056 0.117354 0.651923 0.459167 0.480756 0.184674 0.236496 0.074791 0.040953 0.058312 -0.263405 0.164526 -0.031457 0.077070 -0.088511 0.256276 0.282453 0.253269 0.156642 0.212108 -0.367148 -0.492342 -0.301665 -0.364057 0.198731 0.153061 -0.314614 -0.272327 0.065332 0.282193 -0.166693 -0.299860 0.367621 0.348341 0.274526 0.481469 -0.381993 0.162538 -0.417587 -0.435760 -0.012677 -0.204963 -0.055904 -0.033361 -0.027358 -0.324550 -0.300082 -0.305774 -0.111815 -0.243715 0.037015 0.153149 -0.353349 0.069212 0.016834 0.027213 -0.178525 -0.145068
-0.458526 -0.574344 0.510867 0.443879 0.318900 0.202286 0.513173 1.000000 0.004023 0.450773 -0.272170 0.140819 -0.257379 0.361921 -0.454894 -0.090515 -0.242703 -0.150588 0.046083 -0.057287 0.291342 0.063455 -0.082476 -0.082623 0.123422 0.323026 0.124121 0.065802 -0.284392 0.350369 0.436771 0.367812 -0.279715 0.011145 0.016156 0.186428 -0.080374 -0.008788 -0.480460 -0.182923 -0.276594 0.367702 -0.011143 0.044342 -0.113687 0.313357 -0.335965 -0.032672 -0.395725 -0.214119 -0.090164 -0.049704 -0.317223 -0.014778 -0.572144 -0.425046 -0.465993 -0.515122 -0.224109 -0.161243 0.096429 0.486395 0.160316 0.193279 0.013062 0.184153 -0.255840 0.251423 -0.605272 -0.177815 0.054455 0.198656 -0.175514 0.404326 0.206717 0.330677 0.028332 0.158181 -0.220576 -0.287185 -0.216465 -0.194645 -0.232084 0.142056 -0.351210 -0.311458 -0.174518 0.085827 -0.361386 -0.428382 0.217036 0.093172 0.405759 0.359363 -0.017333 0.426183 -0.266838 -0.179516 -0.032954 -0.342176 0.262575 0.296755 0.350344 -0.211923 -0.222860 -0.138871 -0.046974 -0.236667 0.371701 -0.045990 -0.048704 -0.030723 -0.013203 0.456704 0.288879 0.216959
0.164742 0.191310 -0.150182 -0.470984 0.465138 -0.310974 0.377441 0.004023 1.000000 0.558372 0.113970 0.451715 0.398269 0.479164 0.345419 0.565137 0.131364 0.127186 0.123989 -0.215959 0.018218 0.130130 -0.283256 -0.300692 -0.103277 -0.317676 0.042153 -0.299402 0.358754 0.169408 -0.167978 -0.093816 0.157647 -0.251069 -0.447082 -0.356730 0.099888 -0.065347 0.086226 -0.147376 0.210737 -0.085498 -0.272940 -0.342961 -0.395877 -0.431863 -0.073519 -0.355120 -0.143566 -0.342853 -0.216872 -0.328989 0.078996 0.027105 0.022359 -0.150238 0.125528 0.130970 0.447694 0.412201 0.586086 0.587038 0.093361 0.201700 -0.177603 -0.052243 0.022153 -0.368672 0.115759 0.111590 0.010011 0.081366 0.172228 -0.139506 0.198803 0.035132 -0.009854 -0.066390 -0.235715 -0.194242 0.173175 0.115906 0.448211 0.401125 0.029718 -0.090917 -0.125887 0.029685 -0.172968 -0.243781 0.068557 0.050147 0.184818 0.154695 -0.065016 -0.436605 -0.319345 -0.237510 -0.034595 -0.020173 0.007076 -0.193303 -0.128884 0.129078 0.262178 0.084885 0.048335 0.155524 -0.363680 -0.292625 -0.445610 -0.225723 -0.108098 -0.365069 -0.182485 -0.264940
-0.117811 -0.099834 -0.102422 -0.054134 0.514793 0.223264 0.322756 0.450773 0.558372 1.000000 -0.136966 0.325835 0.208288 0.779262 -0.104689 0.420924 0.043116 0.013143 -0.090219 -0.081979 0.186062 0.184326 -0.168192 -0.150437 0.111231 -0.037898 0.354022 0.033606 -0.091800 0.366326 -0.023695 0.009838 -0.203394 -0.353258 -0.241263 -0.050153 -0.052837 -0.055161 -0.146498 -0.153443 -0.156748 0.066666 -0.086463 -0.187338 -0.380965 -0.164392 -0.214838 -0.246421 -0.342264 -0.478019 -0.220880 -0.303628 -0.051185 -0.012658 -0.435249 -0.334534 -0.123292 -0.066155 0.021850 0.189549 0.296093 0.718218 -0.103377 0.035342 0.023511 0.241701 -0.346610 -0.231212 -0.119891 -0.008993 0.160847 0.019370 -0.102274 0.184903 0.139660 0.247206 -0.069604 -0.055942 -0.109410 -0.230927 0.041156 -0.063754 -0.008026 0.199283 -0.065256 -0.329028 -0.312828 0.092224 -0.179755 -0.328317 0.162804 0.124067 0.623650 0.347741 0.062581 -0.020412 -0.228373 -0.165460 -0.176591 -0.132150 0.305494 0.024144 0.037485 0.041626 0.234586 0.093271 0.215487 0.101499 0.027665 -0.221396 -0.237706 -0.214380 -0.025856 -0.063206 0.097058 0.048964
0.512045 0.443015 -0.288035 -0.287171 -0.207011 -0.165224 -0.161650 -0.272170 0.113970 -0.136966 1.000000 0.193793 0.522454 0.094936 0.350821 -0.059122 0.433247 0.346950 0.001200 -0.246402 -0.145029 -0.147594 0.049711 -0.196883 -0.265299 -0.390192 -0.302898 -0.147469 0.465101 -0.119280 -0.086774 -0.253288 0.232654 0.045823 -0.150012 -0.066468 0.335294 -0.107142 0.184623 0.052354 0.106732 -0.012240 -0.185698 -0.013291 -0.156214 -0.128664 0.178201 -0.125509 -0.201998 -0.073620 -0.153538 -0.276721 -0.046581 -0.169273 0.081008 0.080770 0.357698 0.454147 -0.024439 -0.110566 0.003197 -0.111838 -0.139547 0.022454 -0.077805 -0.002430 -0.201647 -0.249644 0.164634 -0.408184 -0.190123 -0.073963 0.283137 -0.293482 0.157221 -0.047588 -0.148251 -0.326857 0.324567 0.342447 0.357187 0.377177 0.066219 -0.111570 0.371596 0.346523 -0.009315 -0.297100 0.150135 0.079801 -0.396204 -0.215419 -0.218236 -0.265622 0.144842 -0.171627 0.188332 0.049621 0.100200 0.226610 0.059933 -0.020940 0.019592 -0.025266 0.010808 0.152434 -0.166417 0.031929 -0.032730 -0.171728 0.063068 0.012126 -0.000237 -0.053765 0.003738 0.028605
0.217293 0.244732 -0.266186 -0.408091 0.158162 -0.341382 0.233053 0.140819 0.451715 0.325835 0.193793 1.000000 0.213127 0.421928 0.196699 0.696401 0.241747 0.375788 0.066231 0.057991 0.118351 0.069782 -0.547607 -0.409590 -0.385606 -0.487581 -0.113411 -0.408140 0.468268 0.454300 -0.080968 0.120191 -0.157421 -0.008788 -0.476896 -0.436259 0.323160 0.102876 -0.011119 -0.094012 0.056760 0.279432 -0.067127 -0.172544 -0.275984 -0.226415 -0.167322 -0.203167 -0.267962 -0.325100 -0.499277 -0.407758 -0.318353 -0.206696 -0.192266 -0.374256 0.004619 0.019802 -0.148197 0.149349 0.121415 0.425206 0.291531 0.633538 -0.435368 -0.282278 -0.359450 -0.428616 -0.098484 -0.083704 0.061466 0.265834 0.252618 0.269072 0.221919 0.347773 0.075000 0.032907 0.010525 -0.054253 0.353697 0.285575 0.278933 0.514572 -0.037926 -0.022035 -0.148023 0.209990 -0.397956 -0.353833 0.032507 -0.011797 0.289500 0.129533 0.014920 0.036782 -0.260875 -0.063272 -0.191277 -0.200286 0.321234 0.126706 0.140488 -0.006797 0.050016 0.003351 -0.027787 0.000919 0.066252 -0.133513 -0.198152 -0.186344 0.032339 -0.018405 -0.040256 -0.018325
0.135747 0.239828 -0.232288 -0.351173 0.224983 -0.060342 0.150733 -0.257379 0.398269 0.208288 0.522454 0.213127 1.000000 0.402070 0.395042 0.032443 0.245542 0.065679 -0.099476 -0.223336 -0.102427 -0.039397 0.269848 -0.160090 0.245562 -0.413770 0.016430 -0.040158 0.307751 -0.160095 -0.005087 -0.394868 0.108702 -0.294704 -0.102337 0.030423 -0.026766 -0.181457 0.057901 -0.071001 -0.091692 -0.112971 -0.242024 -0.107904 -0.149590 -0.113648 -0.061836 -0.231423 -0.088414 -0.151020 -0.003213 -0.187601 0.071323 -0.158633 0.040567 -0.001941 0.165498 0.305695 0.281474 0.156869 0.362487 0.110510 -0.233039 -0.231135 0.282684 0.256911 -0.148772 -0.214604 0.193964 -0.029246 0.012894 -0.180986 0.054187 -0.246180 0.202585 0.118520 -0.196744 -0.355679 0.120629 0.024886 0.042475 0.047178 -0.088264 -0.303101 0.292412 -0.008232 -0.182415 -0.361753 0.321463 -0.085015 -0.117979 0.021106 -0.026695 0.172846 0.149007 -0.144976 0.067003 0.030019 -0.014855 0.020164 0.020435 -0.044979 -0.133402 -0.032478 0.091868 0.218021 0.039663 0.040528 0.060447 -0.149750 -0.050389 -0.018272 -0.130839 -0.117178 0.059927 0.089056
-0.003689 -0.066837 -0.246823 -0.007781 0.308511 0.189232 0.210283 0.361921 0.479164 0.779262 0.094936 0.421928 0.402070 1.000000 0.026737 0.411662 0.238613 0.077020 -0.222301 -0.179926 0.209889 0.040679 -0.027348 -0.069638 0.056171 -0.164106 0.189244 0.004535 0.110396 0.245603 0.001601 -0.033566 -0.174814 -0.373495 -0.327503 0.024070 0.164805 -0.019873 -0.054787 -0.162203 -0.081858 -0.001265 -0.056280 -0.041185 -0.336798 -0.143036 -0.083599 -0.207838 -0.336871 -0.447406 -0.216601 -0.345836 -0.098821 -0.153265 -0.277244 -0.171950 0.047673 0.042068 -0.082498 0.130253 0.127541 0.517677 -0.287180 -0.089720 -0.017493 0.336759 -0.530566 -0.362749 -0.053529 -0.187459 0.158630 -0.023628 -0.018771 0.083214 0.227158 0.333583 -0.220212 -0.233260 0.042678 -0.054001 0.074574 0.026579 -0.142316 0.056938 0.089337 -0.251109 -0.216218 -0.078796 -0.069533 -0.243697 -0.031673 -0.039634 0.517130 0.198059 0.273877 -0.045697 0.026735 0.036214 -0.160151 -0.186821 0.280880 0.111752 0.054598 0.021784 0.199386 0.172971 0.155297 0.028062 0.176551 -0.318523 -0.088074 -0.237233 -0.047057 0.006194 0.251435 0.196584
0.239074 0.263354 -0.272534 -0.219364 0.112234 -0.212940 0.009039 -0.454894 0.345419 -0.104689 0.350821 0.196699 0.395042 0.026737 1.000000 0.367961 0.135408 0.049692 0.374126 0.073245 0.141419 0.211958 0.175315 0.209986 -0.045007 -0.249181 0.010948 -0.086257 0.391305 -0.258216 -0.035903 -0.042771 0.115342 -0.181642 -0.300327 -0.343214 0.035208 -0.034467 0.375466 -0.104671 0.097406 -0.205655 -0.325947 -0.283933 -0.208386 -0.547683 0.159437 -0.177117 0.038806 -0.013522 -0.088034 -0.040383 0.270596 0.087457 0.298717 0.108765 0.231118 0.278171 0.202563 0.351026 0.106654 -0.143408 0.003563 -0.090724 0.054663 -0.082047 -0.027720 -0.456363 0.354733 0.069722 0.237270 -0.069892 0.034513 -0.141840 -0.148409 -0.125598 0.121411 -0.057189 -0.005786 -0.041828 0.157293 0.016910 0.645463 0.197732 0.542481 0.304854 0.300032 -0.037384 0.446172 0.268201 -0.174512 0.009544 -0.154268 -0.286362 -0.142845 -0.552183 -0.090310 -0.160980 -0.059091 0.135722 -0.185803 -0.328894 -0.274119 0.013499 0.087875 0.027692 -0.219714 0.082165 -0.448568 -0.158400 -0.349867 -0.123693 -0.000954 -0.421127 -0.287274 -0.338155
0.253985 0.379107 -0.387042 -0.378718 0.324271 -0.140085 0.101058 -0.090515 0.565137 0.420924 -0.059122 0.696401 0.032443 0.411662 0.367961 1.000000 0.216120 0.268098 0.093414 0.112376 0.217006 0.276802 -0.443301 -0.146745 -0.303935 -0.376120 0.249249 -0.161773 0.401994 0.394051 -0.208784 0.096119 -0.093152 -0.156064 -0.551884 -0.559108 0.340676 0.152224 0.252061 -0.018686 0.224313 0.048506 -0.072326 -0.276825 -0.378003 -0.567015 -0.004828 -0.264026 -0.122699 -0.366316 -0.386540 -0.369488 0.006965 -0.033755 -0.028238 -0.192639 0.217376 0.142871 -0.080445 0.282928 0.029653 0.258228 0.168845 0.385855 -0.466026 -0.293851 -0.262597 -0.614962 0.195750 0.049575 0.234645 0.222746 0.244776 0.154006 0.101487 0.173538 -0.013567 -0.062159 -0.014632 -0.065049 0.353563 0.215778 0.488090 0.665260 0.106250 -0.014828 -0.052049 0.365685 -0.313260 -0.188079 -0.015216 -0.049659 0.310002 -0.014203 0.015320 -0.314648 -0.236889 -0.089785 -0.242189 -0.134734 0.257610 -0.048535 -0.042389 0.206326 0.314559 0.092104 0.043724 0.118315 -0.174431 -0.227745 -0.306429 -0.294273 0.077908 -0.313508 -0.175528 -0.165308
0.668423 0.603611 -0.379584 -0.268895 -0.012710 0.017310 -0.238010 -0.242703 0.131364 0.043116 0.433247 0.241747 0.245542 0.238613 0.135408 0.216120 1.000000 0.803212 -0.222678 -0.287078 -0.054191 0.046882 -0.131923 -0.133364 -0.106381 -0.123314 -0.023922 -0.009578 0.451965 0.170109 -0.066949 -0.032728 0.240923 0.115627 -0.290819 -0.241316 0.384835 0.038171 -0.040967 0.003651 0.015988 -0.045739 -0.038161 -0.037089 -0.103249 -0.173108 0.071041 -0.098590 -0.181361 -0.049790 -0.288455 -0.404926 -0.183925 -0.255278 -0.150415 -0.035378 0.576358 0.696565 -0.255661 -0.220218 -0.152366 -0.020476 -0.082618 0.137881 -0.192518 -0.149768 -0.398262 -0.515138 0.106377 -0.354373 -0.174225 0.366678 0.194140 -0.246857 0.073614 0.088568 -0.222028 -0.227142 0.521199 0.567154 0.629701 0.621173 -0.022799 0.060038 0.298710 0.174442 -0.312300 -0.105974 -0.165948 -0.167232 -0.353960 -0.288556 -0.112303 -0.180630 0.149951 -0.111832 0.074223 0.020489 -0.155536 0.032093 0.181574 -0.001860 0.021504 0.017326 0.134957 0.133077 -0.017398 -0.125625 -0.015394 -0.189412 -0.070431 -0.058526 0.055651 -0.190762 -0.005126 -0.059633
0.622397 0.566660 -0.375306 -0.375703 0.013757 -0.121201 -0.206183 -0.150588 0.127186 0.013143 0.346950 0.375788 0.065679 0.077020 0.049692 0.268098 0.803212 1.000000 -0.135439 -0.188979 -0.064235 0.052432 -0.424353 -0.333983 -0.309913 -0.224129 -0.140881 -0.190590 0.461069 0.338923 -0.158393 0.013587 0.173453 0.233858 -0.243955 -0.355664 0.468690 0.109632 -0.061563 -0.004648 -0.019807 0.106311 -0.002878 -0.022550 -0.058456 -0.119970 0.070337 -0.025258 -0.238431 -0.054636 -0.452391 -0.438811 -0.315573 -0.221805 -0.209088 -0.165349 0.434895 0.565048 -0.340641 -0.283807 -0.180645 0.029779 0.155757 0.423079 -0.368410 -0.345153 -0.333396 -0.420541 0.028228 -0.338803 -0.189987 0.392900 0.282803 -0.128666 0.055739 0.054773 -0.094922 -0.098279 0.321221 0.510806 0.688465 0.658940 0.045622 0.267819 0.187140 0.176043 -0.355955 0.010136 -0.331690 -0.289792 -0.260511 -0.241893 -0.091770 -0.162766 0.093868 -0.011117 -0.064979 0.032845 -0.089330 0.076699 0.234554 0.092776 0.136120 0.005146 0.091665 0.074030 -0.121376 -0.107098 0.003429 -0.127790 -0.009987 -0.006111 0.139419 -0.109582 -0.048219 -0.083206
-0.015863 -0.132473 0.299789 0.168075 0.067532 -0.200001 0.365527 0.046083 0.123989 -0.090219 0.001200 0.066231 -0.099476 -0.222301 0.374126 0.093414 -0.222678 -0.135439 1.000000 0.505291 0.065411 0.161151 0.046693 0.295989 -0.033233 0.046646 -0.012957 -0.130704 -0.069983 -0.124337 0.210330 0.287839 0.070879 0.169534 -0.010663 -0.222616 -0.137301 0.060187 0.051860 0.018542 0.121848 -0.053887 -0.397404 -0.405955 -0.293576 -0.302647 -0.287837 -0.197173 -0.313952 -0.304493 -0.267489 -0.122250 -0.171701 0.035946 0.157164 -0.180877 -0.109836 -0.183943 0.137236 0.120184 0.303447 0.051809 0.428613 0.193229 0.133220 -0.134751 0.112227 -0.010993 0.152296 0.310636 0.160253 0.039327 -0.037932 0.057261 -0.001789 -0.070543 0.363006 0.385843 -0.311442 -0.319834 -0.099354 -0.228211 0.533744 0.167002 -0.034515 0.060262 0.322669 0.250502 0.102922 0.114217 0.294747 0.404254 0.125296 0.155198 -0.466741 -0.077961 -0.429789 -0.343087 0.090022 0.052282 -0.162457 -0.295921 -0.261182 -0.300404 -0.333217 -0.403329 -0.282250 -0.127008 -0.288754 0.279540 -0.355006 0.032000 0.046552 -0.139126 -0.342460 -0.345286
-0.086581 -0.181238 -0.050163 0.211017 -0.132766 -0.075654 0.015441 -0.057287 -0.215959 -0.081979 -0.246402 0.057991 -0.223336 -0.179926 0.073245 0.112376 -0.287078 -0.188979 0.505291 1.000000 0.169270 0.204879 -0.069949 0.265982 0.111754 -0.060089 0.000412 -0.131780 -0.214482 -0.052771 -0.182238 0.001988 -0.336248 -0.114304 0.082537 -0.074881 -0.142996 0.068248 0.029709 0.077116 0.082878 -0.092670 -0.020871 -0.221745 0.010361 0.038540 -0.325369 -0.026981 -0.122762 -0.190340 -0.184765 0.033978 -0.102940 -0.056785 0.120373 -0.203546 -0.301222 -0.286078 -0.021032 0.242211 -0.104003 -0.080643 0.147656 0.080058 0.123529 -0.106968 0.081518 0.101739 0.221090 0.609773 0.288683 -0.135302 -0.098748 0.199530 -0.269563 -0.063500 0.324794 0.355117 -0.055624 -0.196160 -0.192581 -0.310667 0.101215 -0.013377 -0.130156 -0.146827 0.228386 0.196412 0.101809 0.240038 0.616576 0.634642 0.389274 0.289698 -0.111272 0.236542 -0.221920 0.073920 -0.100709 -0.011964 -0.069300 -0.021370 -0.233292 -0.264206 -0.280982 -0.363535 0.061244 -0.169576 0.054458 0.400420 -0.094694 -0.054854 0.200859 0.127480 0.008985 0.039782
-0.249310 -0.314912 0.012098 0.262800 0.195798 0.275743 0.120951 0.291342 0.018218 0.186062 -0.145029 0.118351 -0.102427 0.209889 0.141419 0.217006 -0.054191 -0.064235 0.065411 0.169270 1.000000 0.541658 0.077606 0.255214 0.198839 0.194886 0.368036 0.293509 -0.068906 0.120470 0.211606 0.060126 -0.311420 -0.386944 -0.233285 -0.000911 0.068407 0.151383 0.077671 0.044793 -0.048187 0.259792 -0.085321 -0.109357 -0.266085 -0.125263 -0.181023 -0.118116 -0.232921 -0.166400 -0.050661 0.117369 0.016507 0.139710 -0.153937 -0.238206 -0.177574 -0.219787 -0.122976 0.201495 -0.113250 0.053922 -0.093557 -0.087175 -0.086180 0.110117 -0.138370 -0.152106 -0.204340 -0.015228 0.475588 0.178263 -0.135435 0.502988 0.066687 0.324423 0.100003 0.086822 -0.150832 -0.273635 -0.179868 -0.225089 0.021476 0.117280 0.042990 -0.222635 -0.090312 -0.083442 0.008656 0.015955 0.242167 0.235158 0.373547 0.023146 0.139241 0.068308 -0.186361 0.017037 -0.138046 -0.162884 0.214600 0.093261 0.041586 -0.025422 -0.051411 -0.035139 0.048688 -0.275713 0.119964 -0.101157 -0.159933 -0.221398 0.040553 0.221740 0.214832 0.088416
-0.112908 -0.099570 0.057582 0.038159 0.325178 0.232235 0.131013 0.063455 0.130130 0.184326 -0.147594 0.069782 -0.039397 0.040679 0.211958 0.276802 0.046882 0.052432 0.161151 0.204879 0.541658 1.000000 0.027471 0.101563 0.226020 0.113442 0.513810 0.269414 -0.145243 0.092393 0.134332 0.013473 -0.288303 -0.318714 -0.075476 -0.150141 -0.174316 0.181993 -0.012782 0.147350 -0.111748 0.113770 -0.135630 -0.196956 -0.285533 -0.251150 -0.199603 -0.018343 -0.188108 -0.108562 -0.232421 0.005203 -0.058160 0.017286 -0.201699 -0.221711 -0.069302 -0.058152 0.007113 0.184459 0.067962 0.037463 0.074999 -0.008839 -0.011432 -0.045335 0.081248 -0.086840 0.063450 0.264286 0.459075 0.240863 -0.234099 0.407066 -0.102898 0.298924 0.176774 0.210552 -0.150672 -0.261900 -0.143754 -0.242244 0.111643 0.114872 -0.000946 -0.175101 -0.201727 -0.037917 -0.068975 -0.029350 0.218733 0.312291 0.270099 0.128881 -0.078137 -0.007165 -0.240522 -0.009711 -0.223874 -0.045743 0.208809 -0.099846 0.072484 -0.054767 -0.015125 -0.117888 0.075513 -0.246776 -0.051076 0.165499 -0.118111 -0.137160 0.046555 0.014939 0.000434 -0.128035
-0.276814 -0.284145 0.357041 0.503077 0.021000 0.453541 0.125402 -0.082476 -0.283256 -0.168192 0.049711 -0.547607 0.269848 -0.027348 0.175315 -0.443301 -0.131923 -0.424353 0.046693 -0.069949 0.077606 0.027471 1.000000 0.627693 0.560265 0.383839 0.337938 0.575161 -0.338290 -0.549103 0.364455 -0.125980 0.051348 -0.157913 0.335145 0.473744 -0.408274 -0.110092 0.079234 0.034897 -0.218592 -0.256369 -0.235550 -0.030080 0.024253 0.040414 -0.018632 0.047414 0.122328 0.136329 0.382393 0.261830 0.194804 -0.042722 0.133737 0.235538 0.007902 -0.008164 0.192322 -0.004998 0.083329 -0.310141 -0.307677 -0.720047 0.742140 0.591003 0.113057 0.261856 0.107904 0.025335 0.106480 -0.279952 -0.343356 -0.120369 -0.089479 -0.080670 -0.047699 -0.050628 0.069395 -0.219596 -0.498558 -0.501901 -0.151831 -0.595518 0.178523 -0.046708 0.244824 -0.154128 0.616903 0.307499 -0.109105 0.083985 -0.054263 0.043614 -0.171598 -0.071048 0.156685 -0.130744 -0.066581 0.073658 -0.303032 -0.250672 -0.278968 -0.219290 -0.156855 -0.109448 -0.082996 -0.127454 -0.082158 0.148089 0.024927 0.174641 -0.069214 -0.127569 -0.155394 -0.112429
-0.161512 -0.303720 0.206462 0.668059 -0.105185 0.470877 -0.023109 -0.082623 -0.300692 -0.150437 -0.196883 -0.409590 -0.160090 -0.069638 0.209986 -0.146745 -0.133364 -0.333983 0.295989 0.265982 0.255214 0.101563 0.627693 1.000000 0.317147 0.589409 0.311613 0.535514 -0.378425 -0.423925 0.270825 0.224685 -0.071573 -0.096046 0.330689 0.337289 -0.191313 0.063820 0.277641 0.113209 0.008366 -0.281567 -0.242474 -0.154384 -0.133475 -0.165429 -0.170829 0.075121 -0.026467 -0.115928 0.058448 0.105992 0.019054 -0.021328 0.252565 0.207889 -0.053792 -0.128128 -0.064653 0.021460 -0.138659 -0.377368 -0.207528 -0.568505 0.427782 0.354196 -0.036133 0.053630 0.148806 0.194377 0.257709 -0.143672 -0.319264 -0.068642 -0.246480 -0.146332 0.140402 0.248433 -0.104224 -0.327786 -0.380091 -0.481660 0.146653 -0.285881 0.116983 0.004485 0.494190 0.188558 0.458338 0.470421 0.137058 0.242776 0.211895 -0.082062 -0.202895 -0.177147 0.017155 0.027911 -0.238819 -0.010053 -0.404294 -0.448656 -0.515995 -0.246085 -0.213087 -0.292579 -0.118406 -0.054380 -0.274087 0.266596 0.052743 -0.106856 -0.009669 -0.240923 -0.250918 -0.295053
-0.431189 -0.358559 0.258483 0.301013 0.442166 0.419929 0.157703 0.123422 -0.103277 0.111231 -0.265299 -0.385606 0.245562 0.056171 -0.045007 -0.303935 -0.106381 -0.309913 -0.033233 0.111754 0.198839 0.226020 0.560265 0.317147 1.000000 0.321275 0.419798 0.397651 -0.352708 -0.308243 0.309904 -0.235287 -0.073956 -0.360189 0.265682 0.349839 -0.496611 -0.271844 -0.179635 -0.192300 -0.341781 -0.230744 -0.082558 -0.084580 0.080251 0.222935 -0.270809 -0.075171 0.074048 0.057464 0.314427 0.225361 0.244954 0.026796 -0.088939 -0.149087 -0.214262 -0.130275 0.280819 0.168953 0.115741 -0.091932 -0.245008 -0.499028 0.610278 0.424568 0.236188 0.320996 0.044336 0.356658 0.257914 -0.144746 -0.340559 -0.034665 -0.204190 -0.090218 -0.168071 -0.050796 -0.025630 -0.293671 -0.441896 -0.444044 -0.363389 -0.500329 0.063814 -0.298647 -0.209948 -0.327119 0.355481 -0.006880 0.307268 0.348597 0.196799 0.376254 0.057231 0.121891 -0.126608 -0.074574 -0.242885 -0.225282 -0.087119 -0.073439 -0.174432 -0.071466 0.026721 0.043129 0.221495 -0.097842 0.137215 0.022019 -0.042088 -0.017454 -0.219734 0.000634 0.176003 0.120991
-0.311318 -0.427211 0.404182 0.636996 0.009752 0.541165 -0.005678 0.323026 -0.317676 -0.037898 -0.390192 -0.487581 -0.413770 -0.164106 -0.249181 -0.376120 -0.123314 -0.224129 0.046646 -0.060089 0.194886 0.113442 0.383839 0.589409 0.321275 1.000000 0.319914 0.615935 -0.496129 -0.112417 0.484670 0.419326 0.040584 0.158095 0.347101 0.420394 -0.252220 0.025721 -0.196580 0.042748 -0.125586 0.020839 -0.098602 -0.030340 -0.018827 0.149097 -0.250540 0.158185 -0.092942 0.057867 0.069163 0.159663 -0.159827 -0.084109 -0.291328 -0.074341 -0.270289 -0.241249 -0.130826 -0.123510 -0.070861 -0.036881 -0.090215 -0.280688 0.278800 0.246614 0.000464 0.236083 -0.225104 0.051817 0.001263 0.141789 -0.395107 0.071663 -0.155108 0.014827 0.165201 0.428216 -0.119998 -0.203703 -0.323937 -0.307219 -0.042939 -0.122022 -0.207908 -0.252786 0.147685 0.169103 0.023255 0.079535 0.127528 0.114640 0.090352 0.037589 -0.174150 0.132785 -0.126685 -0.045944 -0.288828 -0.116136 -0.191735 -0.142842 -0.104659 -0.183498 -0.222238 -0.247399 -0.029474 -0.059855 -0.131655 0.245078 0.015667 -0.077004 -0.182502 0.045586 -0.061979 -0.144794
-0.330542 -0.082813 0.120615 0.191444 0.535436 0.732634 0.106525 0.124121 0.042153 0.354022 -0.302898 -0.113411 0.016430 0.189244 0.010948 0.249249 -0.023922 -0.140881 -0.012957 0.000412 0.368036 0.513810 0.337938 0.311613 0.419798 0.319914 1.000000 0.732977 -0.245052 0.036295 0.303177 0.041645 -0.036443 -0.227775 -0.041453 0.065655 -0.272632 0.014706 0.025377 0.127864 -0.217568 -0.007977 -0.123782 -0.066545 -0.283327 -0.228966 -0.217312 -0.069562 -0.092158 -0.182043 0.062647 0.023242 0.128291 -0.032003 -0.271632 -0.110286 0.008896 -0.031191 0.026932 0.145546 0.078581 -0.000409 -0.081857 -0.265880 0.163033 0.262968 -0.018284 -0.037218 0.020790 0.071395 0.326119 0.123633 -0.278353 0.194926 0.034477 0.173690 -0.073685 -0.050833 -0.040695 -0.304566 -0.251851 -0.336658 -0.027337 -0.025893 0.015934 -0.289368 -0.167940 0.117096 -0.013518 -0.105008 0.055465 0.071209 0.243861 0.112951 -0.100502 -0.094370 -0.156579 -0.158284 -0.300133 -0.057766 0.174793 -0.149270 -0.076907 0.027557 0.153761 0.014359 0.128926 -0.077249 -0.062523 0.020032 -0.150468 -0.086400 -0.082264 -0.116797 -0.069029 -0.155233
-0.230921 -0.140957 0.110963 0.412896 0.201544 0.888257 -0.145326 0.065802 -0.299402 0.033606 -0.147469 -0.408140 -0.040158 0.004535 -0.086257 -0.161773 -0.009578 -0.190590 -0.130704 -0.131780 0.293509 0.269414 0.575161 0.535514 0.397651 0.615935 0.732977 1.000000 -0.340153 -0.256786 0.393679 -0.009786 0.118232 -0.027500 0.261937 0.428784 -0.236501 0.070047 0.153507 0.298403 -0.221850 -0.092859 -0.130432 0.074635 -0.121139 -0.051771 -0.090481 0.160624 0.031297 -0.010510 0.203672 0.143892 0.035283 -0.182207 -0.144352 0.149922 0.070564 0.033309 -0.150138 -0.122207 -0.116310 -0.237032 -0.300458 -0.507623 0.342771 0.489863 -0.134695 0.086474 -0.003703 -0.080606 0.123268 -0.020109 -0.335449 -0.002528 -0.123769 0.093064 -0.003072 0.046396 0.100446 -0.133274 -0.335565 -0.355170 -0.214004 -0.345541 0.046991 -0.159129 0.035104 0.052579 0.212320 0.170000 -0.129337 -0.076840 0.027554 -0.106588 -0.109375 -0.025012 0.165242 -0.001409 -0.292994 0.036286 -0.115366 -0.172537 -0.189025 -0.171594 -0.104811 -0.145684 -0.077058 -0.140547 -0.090967 0.198853 0.127806 0.005480 -0.088057 -0.018783 -0.128654 -0.195131
0.405639 0.458182 -0.360298 -0.566497 0.041265 -0.356624 -0.141457 -0.284392 0.358754 -0.091800 0.465101 0.468268 0.307751 0.110396 0.391305 0.401994 0.451965 0.461069 -0.069983 -0.214482 -0.068906 -0.145243 -0.338290 -0.378425 -0.352708 -0.496129 -0.245052 -0.340153 1.000000 0.248693 -0.099219 0.073090 0.158941 0.033703 -0.476371 -0.469187 0.503159 -0.115334 0.053425 -0.343687 0.278479 -0.006349 -0.020133 0.021638 -0.242128 -0.394564 0.217372 -0.237326 -0.076472 -0.171416 -0.294125 -0.369965 0.016093 0.029755 0.151056 -0.036254 0.246228 0.263304 -0.062362 -0.008008 -0.102827 -0.104344 0.171803 0.416201 -0.520702 -0.467897 -0.077113 -0.476372 0.121054 -0.319260 -0.123992 0.196921 0.591043 -0.249774 0.146286 -0.064799 -0.257133 -0.381495 0.207042 0.404308 0.682455 0.669411 0.315767 0.437396 0.353446 0.262717 -0.126870 -0.145242 -0.198357 -0.222758 -0.267553 -0.254509 -0.325569 -0.258412 0.278359 -0.394608 0.027584 0.013189 0.042561 -0.049097 0.109969 -0.000726 -0.056529 0.409342 0.420641 0.396824 -0.151388 0.067582 -0.079128 -0.450707 -0.061915 -0.164400 -0.017478 -0.256790 0.057206 -0.012144
0.043691 0.090100 -0.077680 -0.245258 0.202853 -0.160426 0.067896 0.350369 0.169408 0.366326 -0.119280 0.454300 -0.160095 0.245603 -0.258216 0.394051 0.170109 0.338923 -0.124337 -0.052771 0.120470 0.092393 -0.549103 -0.423925 -0.308243 -0.112417 0.036295 -0.256786 0.248693 1.000000 0.024062 0.392137 -0.307245 0.004000 -0.396863 -0.367240 0.320547 0.138284 -0.361767 -0.166437 0.092749 0.439221 0.092816 -0.095666 -0.265527 -0.116970 -0.106116 -0.293550 -0.404230 -0.247905 -0.454565 -0.263901 -0.233306 0.076189 -0.425173 -0.388793 -0.219410 -0.152867 -0.351177 -0.085554 -0.134765 0.360317 0.163722 0.524833 -0.562330 -0.513957 -0.376532 -0.325161 -0.347175 -0.230591 0.121951 0.479901 0.284628 0.501069 0.341000 0.303208 -0.102777 -0.029204 -0.088919 0.139763 0.421664 0.460677 0.111642 0.651135 -0.147428 -0.169850 -0.389562 0.184329 -0.565578 -0.541261 -0.003035 -0.042776 0.237082 0.225294 0.200845 0.203166 -0.367989 0.031103 -0.019242 -0.131482 0.613697 0.378633 0.437771 0.300379 0.263031 0.301187 0.018278 0.099991 0.311943 -0.239427 -0.052695 -0.198505 0.092952 0.167768 0.309604 0.314849
-0.453499 -0.402519 0.504586 0.382982 0.325278 0.274458 0.356302 0.436771 -0.167978 -0.023695 -0.086774 -0.080968 -0.005087 0.001601 -0.035903 -0.208784 -0.066949 -0.158393 0.210330 -0.182238 0.211606 0.134332 0.364455 0.270825 0.309904 0.484670 0.303177 0.393679 -0.099219 0.024062 1.000000 0.546784 0.043966 0.186606 0.087716 0.123567 -0.206928 -0.016816 -0.247714 -0.179267 -0.255803 0.191537 -0.100272 0.129785 -0.138227 0.060209 -0.182134 0.171952 -0.253512 -0.054499 -0.015465 0.042079 -0.240650 -0.102598 -0.347147 -0.233417 -0.298122 -0.315509 -0.215224 -0.264789 0.026648 -0.096488 0.090277 -0.132152 0.183306 0.083884 -0.078782 0.115615 -0.247554 -0.131590 0.215826 0.359108 -0.157934 0.305351 0.208463 0.319097 0.144323 0.195534 0.014654 -0.195264 -0.262523 -0.235905 0.003222 -0.039099 -0.175073 -0.224703 -0.064343 0.056062 -0.090030 -0.315908 -0.037897 -0.014338 -0.009906 0.184794 -0.198377 0.226046 -0.104247 -0.241031 -0.209298 -0.333468 0.062603 0.002178 0.074756 -0.175567 -0.218593 -0.138717 -0.172586 -0.198102 0.146663 0.146679 0.048622 0.150889 -0.127325 0.132456 0.002386 -0.014698
-0.212350 -0.290483 0.392904 0.273216 0.097685 -0.021438 0.210942 0.367812 -0.093816 0.009838 -0.253288 0.120191 -0.394868 -0.033566 -0.042771 0.096119 -0.032728 0.013587 0.287839 0.001988 0.060126 0.013473 -0.125980 0.224685 -0.235287 0.419326 0.041645 -0.009786 0.073090 0.392137 0.546784 1.000000 -0.074898 0.416052 0.022436 -0.094583 0.079547 0.133061 -0.345681 -0.287879 0.032092 0.244100 -0.035866 -0.005222 -0.248117 -0.125967 -0.152932 0.039566 -0.368011 -0.230120 -0.422916 -0.220416 -0.398737 -0.070560 -0.314794 -0.271601 -0.341384 -0.398895 -0.425916 -0.270105 -0.150662 0.018759 0.287051 0.280572 -0.255574 -0.350958 -0.191749 -0.071600 -0.327742 -0.115938 0.050098 0.453851 -0.021441 0.245681 0.123785 0.142995 0.117297 0.314216 -0.152672 -0.041868 0.115357 0.113283 0.358518 0.527330 -0.207873 -0.095615 0.109277 0.379891 -0.300976 -0.279325 -0.004367 -0.017019 0.045477 0.054622 -0.094457 0.088517 -0.258861 -0.061395 -0.229559 -0.354507 0.138056 -0.058557 0.113509 0.098576 -0.027143 -0.060758 -0.210819 -0.065331 0.010176 0.027911 0.032490 -0.108753 0.026105 0.034964 0.002544 -0.033897
0.330365 0.406563 0.005979 -0.143293 0.004835 -0.062680 -0.068012 -0.279715 0.157647 -0.203394 0.232654 -0.157421 0.108702 -0.174814 0.115342 -0.093152 0.240923 0.173453 0.070879 -0.336248 -0.311420 -0.288303 0.051348 -0.071573 -0.073956 0.040584 -0.036443 0.118232 0.158941 -0.307245 0.043966 -0.074898 1.000000 0.525586 0.025488 -0.015330 0.063921 -0.208375 0.121683 0.108581 0.167261 -0.182312 -0.204985 0.016994 -0.032046 -0.149344 0.226213 0.067001 0.029195 0.005012 0.033968 -0.241325 0.058016 -0.213427 0.177782 0.132608 0.501012 0.473760 0.139432 -0.154965 0.225133 -0.114500 0.055695 -0.017713 0.037764 0.031280 0.066208 -0.083986 0.281973 -0.125143 -0.423704 -0.014660 0.131563 -0.470616 -0.000427 -0.252629 -0.027181 -0.061774 0.240501 0.221124 0.214224 0.261400 0.115943 -0.069561 0.171559 0.267238 0.058165 0.010670 0.013202 0.028348 -0.340321 -0.366624 -0.387817 -0.349512 -0.221177 -0.291117 0.078280 -0.226624 -0.058887 0.079264 -0.252915 -0.298695 -0.186638 -0.066382 -0.005596 -0.072702 -0.157247 0.132521 -0.352427 -0.059687 -0.218148 0.069839 -0.206658 -0.353361 -0.294385 -0.347805
0.205998 0.211691 0.188246 0.061895 -0.158740 -0.156092 -0.031412 0.011145 -0.251069 -0.353258 0.045823 -0.008788 -0.294704 -0.373495 -0.181642 -0.156064 0.115627 0.233858 0.169534 -0.114304 -0.386944 -0.318714 -0.157913 -0.096046 -0.360189 0.158095 -0.227775 -0.027500 0.033703 0.004000 0.186606 0.416052 0.525586 1.000000 0.222452 0.023013 0.083706 0.096966 -0.190132 0.050773 0.024406 0.029550 -0.087207 -0.019702 0.173907 0.112599 0.152377 0.228704 -0.023172 0.094504 -0.200319 -0.223451 -0.338199 -0.361532 -0.152036 -0.047468 0.161031 0.135617 -0.318501 -0.490741 -0.066331 -0.071812 0.320625 0.308275 -0.112600 -0.167625 -0.079480 0.078740 0.031481 -0.194947 -0.470215 0.235009 -0.000246 -0.187027 -0.019805 -0.001117 0.216060 0.242842 0.239800 0.282744 0.247462 0.277421 0.135137 0.168326 -0.132939 0.153322 0.172924 0.415542 -0.277340 -0.186667 -0.248924 -0.319920 -0.314621 -0.209422 -0.329537 0.123696 -0.061179 -0.223511 -0.076794 -0.085164 -0.126027 -0.074190 0.051356 -0.182314 -0.276142 -0.310434 -0.316059 -0.085641 -0.100163 0.206049 0.011455 0.265421 0.052177 0.007703 -0.336908 -0.276757
-0.182548 -0.286190 0.322956 0.388277 -0.104180 0.293448 -0.047884 0.016156 -0.447082 -0.241263 -0.150012 -0.476896 -0.102337 -0.327503 -0.300327 -0.551884 -0.290819 -0.243955 -0.010663 0.082537 -0.233285 -0.075476 0.335145 0.330689 0.265682 0.347101 -0.041453 0.261937 -0.476371 -0.396863 0.087716 0.022436 0.025488 0.222452 1.000000 0.667671 -0.359450 0.152573 -0.065971 0.139040 -0.183898 -0.095780 -0.137655 -0.014172 0.132545 0.319775 -0.169448 0.212684 0.113960 0.022636 0.097928 0.028659 -0.163396 -0.241012 0.097172 0.149179 -0.176289 -0.172116 -0.040414 -0.268579 -0.016528 -0.262461 -0.075686 -0.357285 0.466180 0.397437 0.210852 0.653116 -0.029086 0.192778 -0.254120 -0.329420 -0.380498 -0.156167 -0.271650 -0.220766 0.148866 0.248143 -0.112062 -0.167297 -0.395313 -0.387566 -0.345217 -0.493599 -0.189191 0.051583 0.194525 -0.017942 0.358332 0.303595 0.096357 0.143837 0.063924 0.128102 -0.167104 0.189768 0.154543 0.169499 -0.117412 -0.030907 -0.285999 -0.238983 -0.126090 -0.271850 -0.354377 -0.278166 -0.177378 -0.195063 -0.020153 0.433996 0.377202 0.042941 0.123582 0.049822 -0.129877 -0.075366
-0.359343 -0.465811 0.206597 0.478305 -0.117110 0.484724 -0.162784 0.186428 -0.356730 -0.050153 -0.066468 -0.436259 0.030423 0.024070 -0.343214 -0.559108 -0.241316 -0.355664 -0.222616 -0.074881 -0.000911 -0.150141 0.473744 0.337289 0.349839 0.420394 0.065655 0.428784 -0.469187 -0.367240 0.123567 -0.094583 -0.015330 0.023013 0.667671 1.000000 -0.284969 0.062605 -0.117074 0.113222 -0.181280 -0.154106 0.003396 0.148443 0.158862 0.496841 -0.105553 0.178259 0.079887 0.095018 0.282764 0.153065 -0.056195 -0.261873 -0.056065 0.136515 -0.253386 -0.234161 0.002624 -0.173310 -0.085812 -0.111654 -0.425763 -0.524216 0.432838 0.663727 0.022871 0.628715 -0.167949 -0.013293 -0.111881 -0.307810 -0.464787 -0.139422 -0.153513 -0.010060 -0.031868 0.080835 -0.024499 -0.164438 -0.530290 -0.422156 -0.526772 -0.591243 -0.228200 -0.214672 0.100362 -0.209574 0.295237 0.197416 0.008244 0.030266 0.149478 0.103822 0.120919 0.266801 0.256505 0.278119 -0.136845 -0.031197 -0.178226 -0.020300 0.008019 -0.201378 -0.227197 -0.084607 0.054134 -0.143279 0.148757 0.190028 0.295876 0.021849 -0.032815 0.284979 0.169390 0.152691
