1.000000 0.666276 0.095283 -0.024059 -0.009930 -0.159776 -0.241567 -0.431801 -0.160317 -0.244316 0.291697 -0.086763 -0.094906 -0.259202 -0.262073 -0.358240 0.532228 0.368214 0.564773 0.633267 -0.279543 -0.099993 -0.121495 -0.399458 -0.008614 -0.185233 0.038405 -0.018139 0.178819 -0.213218 -0.140907 -0.429425 0.340015 0.352257 -0.054137 -0.313105 -0.004244 -0.434081 -0.222039 -0.372421 -0.298429 -0.381519 0.140384 0.186580 0.251334 0.019881 0.349532 0.089945 0.427988 0.104383 0.076082 0.228606 0.028968 0.024620 -0.153697 0.015800 0.897465 0.803638 -0.169481 -0.260662 -0.194267 -0.241616 0.056911 0.099029 -0.287319 -0.335083 -0.133219 -0.241353 0.670533 -0.084272 -0.265925 -0.426271 -0.096845 -0.570663 -0.141501 -0.529112 -0.362938 -0.443593 0.425894 0.086546 0.306112 0.209606 -0.074844 -0.294945 0.325394 0.257753 0.003709 -0.393842 0.187581 -0.101553 -0.143169 -0.035192 -0.497893 -0.385004 0.169911 -0.378757 0.038462 -0.062326 0.073031 0.216905 -0.451147 -0.272966 -0.272858 -0.151209 -0.204183 -0.067845 -0.168431 -0.135971 -0.212381 -0.268261 -0.220975 -0.085004 -0.002351 -0.212083 -0.084884 0.019473
0.666276 1.000000 -0.305686 0.027652 -0.136896 -0.361333 -0.197504 -0.068676 -0.116864 -0.340508 0.104986 0.016105 0.059407 0.075291 -0.119761 -0.048202 0.537839 0.456240 0.419806 0.669430 -0.330234 -0.284236 -0.486730 -0.579431 -0.350579 -0.554107 -0.223577 -0.344676 0.197194 0.127292 -0.266423 -0.420570 0.515093 0.580906 -0.389783 -0.359598 0.195172 -0.131633 -0.149623 -0.245132 -0.105264 -0.174227 0.084776 0.067768 0.089806 -0.072562 0.138926 -0.072023 0.275224 0.050430 -0.066950 0.073434 0.038776 0.082046 -0.284682 0.019199 0.757730 0.772931 -0.267653 -0.172621 -0.011886 0.139502 0.211216 0.408309 -0.370492 -0.358715 -0.441756 -0.526139 0.453868 -0.265763 -0.237716 -0.436491 0.136015 -0.415695 -0.091754 -0.464384 -0.363649 -0.343465 0.299292 -0.088985 0.536651 0.478588 -0.056632 0.000224 0.222174 0.214152 -0.148755 -0.153918 -0.096683 -0.204716 0.103825 -0.124740 -0.129567 -0.406646 0.166772 -0.227805 0.030104 -0.067290 -0.009185 0.019206 -0.159838 -0.262724 0.059409 -0.193265 -0.042715 0.032703 -0.106444 0.036502 -0.180547 -0.261112 -0.220903 -0.022241 0.173974 -0.084541 -0.108322 0.071568
0.095283 -0.305686 1.000000 0.374669 0.472892 0.378844 0.384153 -0.034706 0.248188 0.248810 0.174340 -0.202831 0.045169 -0.400827 -0.074499 -0.468102 -0.020391 -0.413475 0.201432 -0.035580 0.072954 0.058997 0.644862 0.490612 0.564895 0.607287 0.514443 0.556912 0.053044 -0.622362 0.341077 0.009412 -0.148903 -0.342807 0.354504 0.170989 -0.441999 -0.219591 -0.155361 -0.112992 0.019702 -0.016923 -0.260299 -0.251399 -0.055705 -0.100693 -0.058993 -0.046493 -0.166006 -0.090431 0.112045 0.079390 0.149148 0.168267 -0.152515 -0.233883 -0.103840 -0.098031 0.204299 -0.050164 -0.127193 -0.462700 -0.116235 -0.447488 0.213759 0.038470 0.240638 0.192772 0.124234 0.208732 -0.063827 -0.022567 -0.315098 0.052350 0.122966 -0.089416 -0.004173 0.065048 0.037190 0.056947 -0.530345 -0.548093 0.048639 -0.428219 -0.191770 -0.465310 0.058379 -0.343642 0.126112 -0.211794 0.075733 0.337694 0.012443 0.366713 0.075458 -0.030756 -0.133494 -0.010851 0.051048 0.054589 -0.245384 0.189747 -0.179295 -0.007251 -0.048263 -0.042192 -0.326580 -0.275232 0.119757 0.124022 0.194710 -0.046662 -0.096600 -0.091530 0.084551 0.033075
-0.024059 0.027652 0.374669 1.000000 0.108246 0.375163 -0.067123 0.239317 0.009135 0.309133 0.034656 -0.158501 -0.020173 -0.017512 -0.121101 -0.213522 -0.031931 -0.197866 0.127654 0.066841 -0.183631 -0.316375 0.486005 0.554570 0.206084 0.453549 0.251907 0.259819 -0.040527 -0.398273 0.240007 0.014020 0.071113 -0.034973 0.055116 0.209852 -0.341075 -0.067135 -0.248095 -0.087548 0.211062 -0.008985 -0.199224 -0.205248 -0.164066 -0.114625 -0.288324 -0.146525 -0.207744 -0.059932 -0.063590 -0.061636 -0.017325 0.059775 -0.184101 -0.191278 -0.019448 0.071593 -0.136336 -0.168433 -0.028336 -0.031874 -0.048747 -0.126492 0.281736 0.110108 -0.302750 -0.084890 -0.015812 0.075711 -0.154050 -0.248697 -0.244284 -0.027733 -0.005552 -0.204877 -0.090234 0.082929 -0.018248 0.143163 -0.246351 -0.178046 0.137752 -0.112389 0.056987 -0.153570 0.106036 -0.050116 0.147085 0.048387 -0.014361 -0.042642 0.170885 0.099980 -0.156528 -0.188567 -0.198604 -0.104113 -0.066160 -0.113612 -0.127632 -0.087183 -0.128398 -0.207718 0.025692 -0.010917 -0.012304 0.111394 -0.094961 0.124781 0.116083 -0.210152 -0.134154 -0.016561 -0.014490 0.081454
-0.009930 -0.136896 0.472892 0.108246 1.000000 0.533479 0.417528 0.111779 0.667885 0.536706 -0.035545 -0.289769 0.284282 -0.151539 0.090251 -0.095398 0.090876 -0.160655 -0.079690 -0.104310 0.178346 0.157626 0.349800 0.222531 0.556332 0.261551 0.574885 0.397262 0.017525 -0.359793 0.029137 -0.102247 0.079270 -0.146388 0.205374 0.198962 -0.144715 -0.035294 -0.154627 -0.150599 -0.030377 -0.240810 -0.182623 -0.210727 -0.049207 -0.058946 -0.015194 0.078539 -0.117260 -0.079863 0.110564 -0.005048 0.064515 0.156726 -0.088903 -0.291212 0.001088 -0.010329 0.085535 -0.065535 0.031373 -0.228550 -0.128846 -0.324464 0.076357 0.041972 0.167194 0.131601 0.058658 0.036161 0.066203 -0.031932 -0.140698 0.014684 0.041173 -0.100584 0.190475 0.272586 0.008851 0.077322 -0.311351 -0.356440 -0.043146 -0.314593 -0.284547 -0.400500 -0.210703 -0.271904 -0.045235 -0.319725 0.099383 0.194223 0.061965 0.190861 0.054919 -0.199919 -0.130943 -0.167382 -0.004032 -0.034349 -0.153600 0.083935 -0.040151 0.089372 -0.104524 -0.121962 -0.198419 -0.144517 -0.031724 0.077908 0.112052 -0.040011 -0.041067 -0.152283 -0.004131 0.142613
-0.159776 -0.361333 0.378844 0.375163 0.533479 1.000000 0.038604 0.123242 0.341832 0.550049 -0.282475 -0.485581 0.021688 -0.329983 -0.095733 -0.279480 -0.025212 -0.313463 -0.304668 -0.396501 0.112187 0.229314 0.491436 0.464996 0.686444 0.586193 0.757785 0.795060 -0.237032 -0.407515 0.237855 -0.054158 -0.044677 -0.140813 0.568183 0.273559 -0.251595 0.011892 -0.002530 0.103562 -0.039956 -0.282619 0.074136 0.085116 0.195930 0.209273 0.068385 0.272678 0.079578 0.113343 0.291467 0.056831 0.049634 0.182292 0.001826 0.062518 -0.119919 -0.070328 -0.057767 -0.263260 -0.157693 -0.410360 -0.269237 -0.526986 0.071542 0.061717 0.203515 0.374907 -0.157866 0.007958 0.130802 0.271497 -0.079427 0.015083 -0.049042 -0.102599 0.104098 0.253200 0.023492 0.151471 -0.394855 -0.427536 -0.155064 -0.393703 -0.283058 -0.288885 -0.099382 -0.164466 -0.035650 0.027384 -0.048028 -0.011765 -0.067010 0.048307 -0.261973 -0.055788 0.127661 0.070359 0.199600 0.092448 -0.205475 -0.030275 -0.135381 0.012233 -0.033486 -0.089332 -0.005644 -0.007979 0.031310 0.362830 0.216959 0.102636 0.008175 -0.163064 -0.029184 -0.093232
-0.241567 -0.197504 0.384153 -0.067123 0.417528 0.038604 1.000000 0.571572 0.384876 0.275611 0.209205 0.257319 0.530329 0.301299 0.317409 0.200893 0.000693 -0.163227 -0.053542 -0.085564 -0.036480 -0.084501 0.049393 0.183668 0.056847 -0.049817 0.017102 0.012028 0.210940 0.076691 0.033261 0.126548 -0.135666 -0.217562 -0.062755 0.228336 -0.019156 0.098975 0.069374 -0.077935 0.164079 0.191713 -0.379883 -0.448972 -0.366851 -0.450494 -0.303995 -0.336776 -0.377561 -0.357367 -0.172256 -0.171017 0.046344 -0.108334 -0.170228 -0.422132 -0.294606 -0.436723 0.142276 0.017231 0.263314 0.080768 0.204193 0.079951 0.050156 0.191951 -0.054901 -0.131969 -0.369743 -0.221303 0.011307 0.083263 -0.023266 0.227080 0.243314 0.214294 0.171743 0.109332 -0.181010 -0.163286 -0.183786 -0.225376 0.104650 0.140143 -0.156467 -0.290533 -0.179084 -0.021041 -0.064758 -0.188565 0.102163 0.214160 0.359138 0.283089 0.059389 0.255235 -0.171804 -0.001590 -0.097798 -0.288546 0.285159 0.174249 0.285086 0.021026 0.037831 0.012825 -0.188388 -0.224973 0.258666 0.007138 0.346498 0.049908 0.112395 -0.062331 0.042840 0.019929
-0.431801 -0.068676 -0.034706 0.239317 0.111779 0.123242 0.571572 1.000000 0.204396 0.394918 -0.058198 0.300577 0.272189 0.627280 0.128860 0.465924 -0.133127 -0.151677 -0.301736 -0.259509 -0.222668 -0.350496 -0.175866 0.194536 -0.084336 -0.041329 -0.159390 -0.091682 0.084037 0.278377 0.017356 0.199623 -0.033122 -0.058331 -0.239695 0.310881 -0.029004 0.205838 -0.082074 0.021199 0.204514 0.131023 -0.251257 -0.257003 -0.277108 -0.284967 -0.380316 -0.295391 -0.241881 -0.140602 -0.164475 -0.067277 -0.026998 -0.070698 -0.292770 -0.301250 -0.312788 -0.351576 -0.055684 0.197024 0.259543 0.506606 0.234590 0.371559 -0.024824 0.337947 -0.320602 -0.258377 -0.553716 -0.317917 -0.155057 0.047862 0.023671 0.125176 0.104155 0.144214 0.019245 0.073276 -0.215048 -0.142444 -0.006852 -0.016384 0.052965 0.322079 -0.040528 -0.113276 -0.178001 0.279617 -0.091855 0.065881 0.047965 -0.096528 0.446183 -0.021975 -0.122524 0.221303 -0.082219 0.061384 -0.082410 -0.245107 0.416130 -0.001785 0.248910 -0.198938 -0.012294 -0.006528 -0.079100 -0.014343 0.121223 -0.029712 0.313891 -0.014300 0.128911 -0.035591 -0.058024 0.045373
-0.160317 -0.116864 0.248188 0.009135 0.667885 0.341832 0.384876 0.204396 1.000000 0.539953 -0.189933 -0.322803 0.175585 0.041785 0.048590 0.064403 -0.081609 -0.261557 -0.045067 -0.075746 0.073238 0.135295 0.003855 -0.020811 0.297901 0.091192 0.307977 0.233216 -0.000080 -0.126228 -0.114726 0.081265 0.074033 0.128485 0.165002 0.117231 0.111852 0.076860 -0.134156 -0.143809 0.033618 -0.200634 -0.054263 -0.105005 0.108319 0.148891 0.081515 0.117748 -0.110804 0.009473 -0.084921 -0.136889 -0.189606 0.043742 -0.187021 -0.132948 -0.155258 -0.109549 -0.098968 -0.108581 0.008821 -0.164730 -0.203856 -0.202136 -0.161155 -0.060310 0.198136 0.197709 -0.155924 -0.080185 0.101001 0.101969 0.015351 0.037717 0.024422 -0.186487 0.335614 0.397849 0.008124 0.018806 -0.078189 -0.173495 -0.155058 -0.161828 -0.340398 -0.311906 -0.430527 -0.294770 -0.278838 -0.549725 0.086988 0.263146 0.108939 0.069188 0.289409 0.061640 -0.136707 -0.046480 0.032292 -0.034890 0.098639 0.166573 0.219697 0.168018 -0.105893 -0.098919 -0.147657 -0.249902 0.043758 -0.015808 -0.012356 0.104976 0.033640 -0.121370 0.083950 0.191035
-0.244316 -0.340508 0.248810 0.309133 0.536706 0.550049 0.275611 0.394918 0.539953 1.000000 -0.110889 -0.131467 0.114401 0.173153 0.002835 0.242584 -0.125162 -0.252989 -0.313628 -0.310179 0.053833 -0.039344 0.409778 0.540166 0.347467 0.438519 0.295312 0.294347 -0.120914 -0.230231 0.050937 0.118493 -0.024052 -0.138574 0.188174 0.302953 -0.070110 0.023462 -0.087943 -0.085880 -0.014584 -0.211652 -0.101880 -0.160988 -0.138901 -0.064575 -0.165728 0.007437 -0.146887 -0.093888 -0.092015 -0.150315 -0.235294 -0.080283 -0.046475 -0.199057 -0.264124 -0.212837 -0.188269 -0.144636 0.032866 0.019977 -0.288045 -0.171965 0.181504 0.334369 -0.052146 0.142325 -0.203759 0.004899 0.102649 0.000362 -0.219302 0.082469 -0.038551 -0.008006 0.213514 0.307995 -0.171138 0.003689 -0.312268 -0.324531 -0.051958 -0.114960 -0.029612 -0.238252 -0.211561 -0.088932 0.104857 -0.013018 -0.084669 -0.012279 0.314530 0.182962 0.003883 -0.100255 -0.255481 -0.073392 -0.159327 -0.182343 0.151505 -0.064599 0.040190 0.169990 0.006626 -0.135454 -0.073788 -0.087509 -0.044519 -0.024818 0.097400 -0.023041 -0.077907 -0.046355 0.047887 0.092429
0.291697 0.104986 0.174340 0.034656 -0.035545 -0.282475 0.209205 -0.058198 -0.189933 -0.110889 1.000000 0.640169 0.473313 0.245220 0.515749 0.194257 0.159406 0.031868 0.205225 0.302504 -0.303652 -0.355783 0.140185 0.147669 -0.212856 -0.025999 -0.212773 -0.154208 0.711247 -0.093903 0.164800 0.096086 -0.333685 -0.316983 -0.250502 -0.095894 -0.298477 -0.366397 -0.064733 -0.237926 0.180287 0.007763 -0.398159 -0.396979 -0.442122 -0.530103 -0.355409 -0.476927 -0.240183 -0.460861 -0.283928 -0.154162 -0.086758 -0.398255 0.033213 -0.380191 0.075578 -0.112927 0.276996 0.010857 0.446554 0.135787 0.319651 0.268516 0.370280 0.133565 -0.265480 -0.278852 0.116341 -0.047815 -0.211438 -0.421744 -0.172340 -0.154490 0.111815 0.144219 -0.183322 -0.476632 -0.091649 -0.136837 -0.101780 -0.102316 0.693664 0.358291 0.575602 0.240722 0.436129 0.245016 0.548424 0.154510 -0.134015 0.127666 0.000141 0.089298 0.001358 -0.162137 -0.219367 0.015031 -0.087450 -0.226096 -0.016645 -0.109448 -0.132881 -0.243597 -0.121426 -0.106620 -0.198203 -0.177594 -0.107835 -0.307479 0.022712 -0.274410 -0.278415 -0.061672 0.010706 0.020754
-0.086763 0.016105 -0.202831 -0.158501 -0.289769 -0.485581 0.257319 0.300577 -0.322803 -0.131467 0.640169 1.000000 0.354624 0.651033 0.497030 0.558814 0.002478 0.251787 -0.048758 0.026821 -0.218502 -0.283342 -0.175580 -0.027247 -0.523036 -0.253967 -0.548205 -0.383290 0.518322 0.330757 -0.030185 0.223012 -0.303651 -0.243478 -0.540070 -0.000070 -0.056742 -0.138768 0.082361 -0.001895 0.214035 0.144243 -0.299026 -0.296440 -0.424664 -0.478526 -0.418191 -0.502214 -0.205392 -0.338372 -0.317211 -0.132001 -0.119042 -0.535110 0.045834 -0.296828 -0.172899 -0.327762 0.192310 0.292593 0.465729 0.550612 0.381816 0.575339 0.232796 0.298667 -0.329446 -0.375271 -0.239620 -0.197745 -0.176146 -0.151481 -0.073773 0.001484 -0.002889 0.282026 -0.200560 -0.426176 -0.177934 -0.193497 0.099194 0.089303 0.515379 0.654641 0.493758 0.368664 0.285964 0.488658 0.321447 0.349605 -0.079106 -0.057488 0.136787 0.003756 -0.047450 -0.017024 -0.197803 -0.005118 -0.108142 -0.217078 0.247756 -0.193508 0.046267 -0.220542 -0.003768 -0.019640 -0.133520 -0.025517 -0.037412 -0.382900 0.137208 -0.214916 -0.131175 0.042428 -0.027686 -0.125448
-0.094906 0.059407 0.045169 -0.020173 0.284282 0.021688 0.530329 0.272189 0.175585 0.114401 0.473313 0.354624 1.000000 0.364406 0.669530 0.317103 0.217123 -0.022983 -0.089047 0.072191 -0.212033 -0.297143 0.009522 0.073644 -0.117943 -0.221298 -0.076357 -0.136745 0.484016 0.089771 0.116005 -0.043024 -0.133576 -0.150634 -0.201625 0.115516 -0.089192 0.031472 -0.001009 -0.118007 0.058694 0.055833 -0.333426 -0.435097 -0.430661 -0.513425 -0.296522 -0.300805 -0.272083 -0.402149 -0.136945 -0.220981 -0.014682 -0.136206 -0.067628 -0.355397 -0.119374 -0.236423 0.225512 -0.109133 0.541012 0.143739 0.291219 0.146823 0.210763 0.043512 -0.274029 -0.280240 -0.077948 -0.272077 -0.018472 -0.190417 0.039258 0.087607 0.074469 0.231756 0.098110 -0.052453 -0.267555 -0.113521 -0.109149 -0.042536 0.374313 0.311385 0.093836 0.041445 -0.028834 0.116372 0.034864 -0.100716 0.027298 0.064405 0.206760 0.145514 -0.127526 0.079203 -0.167315 0.040529 -0.007179 -0.301078 0.130780 -0.010858 0.133956 -0.129317 -0.043406 -0.051707 -0.190268 -0.058199 0.147924 -0.053589 0.242821 -0.026301 0.045940 0.021305 0.016139 0.019744
-0.259202 0.075291 -0.400827 -0.017512 -0.151539 -0.329983 0.301299 0.627280 0.041785 0.173153 0.245220 0.651033 0.364406 1.000000 0.335099 0.724594 -0.065269 0.159762 -0.133191 0.022608 -0.357752 -0.411453 -0.346952 -0.073523 -0.528764 -0.375063 -0.604695 -0.516568 0.313310 0.551085 -0.236213 0.274634 -0.078753 0.053406 -0.605180 0.029944 0.176031 0.047991 -0.142682 -0.106785 0.251433 0.100164 -0.239639 -0.371118 -0.379339 -0.381684 -0.434439 -0.418691 -0.248713 -0.264159 -0.369004 -0.249353 -0.232508 -0.413119 -0.177692 -0.362908 -0.225157 -0.314250 -0.104532 0.166845 0.443767 0.691367 0.409502 0.721401 0.077372 0.243740 -0.421818 -0.467658 -0.336401 -0.312547 -0.208662 -0.120320 -0.029118 -0.003875 -0.048667 0.202924 0.041994 -0.107351 -0.125344 -0.136507 0.297784 0.312956 0.305568 0.715937 0.370731 0.260899 -0.056975 0.463452 0.107307 0.153366 -0.058656 -0.238710 0.329974 -0.093524 -0.006728 0.065228 -0.280071 0.020731 -0.254747 -0.352921 0.455369 -0.179723 0.236550 -0.260351 -0.026295 0.069447 -0.022963 0.091449 -0.103915 -0.261554 0.108309 -0.101305 0.004549 0.067990 0.052841 0.063376
-0.262073 -0.119761 -0.074499 -0.121101 0.090251 -0.095733 0.317409 0.128860 0.048590 0.002835 0.515749 0.497030 0.669530 0.335099 1.000000 0.554608 0.022618 0.042727 -0.149883 -0.013691 0.015504 -0.128938 -0.018278 0.146747 -0.273969 -0.087237 -0.233079 -0.220467 0.574439 0.207981 0.144383 0.149812 -0.376701 -0.310689 -0.343697 -0.012585 -0.079313 0.086910 0.169553 0.069802 0.326561 0.148129 -0.331643 -0.433954 -0.520065 -0.526512 -0.414599 -0.386417 -0.325834 -0.366384 -0.187809 -0.210986 0.044286 -0.282633 0.292553 -0.235930 -0.308879 -0.433375 0.354780 0.029906 0.596990 0.200870 0.312952 0.214173 0.338303 0.117016 -0.256709 -0.297916 -0.158717 -0.111660 0.097690 -0.026090 0.177580 0.223521 -0.045158 0.426460 0.058114 -0.027551 -0.339180 -0.164528 -0.153406 -0.079360 0.719681 0.630843 0.135010 0.029617 0.240423 0.500366 0.132834 0.058397 -0.021698 0.049734 0.215160 0.171957 -0.095608 0.165417 -0.203130 0.070299 -0.166315 -0.220007 0.232125 0.023804 0.084746 -0.112163 -0.077414 -0.200610 -0.009173 0.093347 0.104402 -0.189118 0.124105 -0.140982 -0.097862 0.033881 -0.079769 0.009533
-0.358240 -0.048202 -0.468102 -0.213522 -0.095398 -0.279480 0.200893 0.465924 0.064403 0.242584 0.194257 0.558814 0.317103 0.724594 0.554608 1.000000 -0.176818 0.135945 -0.279886 -0.091387 -0.016464 -0.222886 -0.320777 0.009590 -0.564300 -0.304790 -0.480806 -0.510411 0.262212 0.566017 -0.167948 0.144294 -0.274693 -0.170694 -0.567724 -0.005222 0.160635 0.236196 0.039973 -0.055924 0.206852 0.060320 -0.132046 -0.253899 -0.395249 -0.324753 -0.339000 -0.266505 -0.183231 -0.116960 -0.329592 -0.131308 -0.144098 -0.315552 0.118587 -0.194956 -0.320327 -0.377325 0.035280 0.263267 0.387322 0.645022 0.194235 0.538771 0.076011 0.252609 -0.331898 -0.355984 -0.294176 -0.127624 0.095318 -0.008702 0.177139 0.227595 -0.051396 0.358417 0.063643 0.010644 -0.366271 -0.199048 0.115366 0.187883 0.408142 0.726719 0.232503 0.190011 -0.051734 0.549889 0.019942 0.145605 0.041310 -0.125467 0.346245 -0.044431 -0.055494 0.111471 -0.187962 -0.017094 -0.263307 -0.267906 0.418048 -0.148533 0.196845 -0.085111 -0.033109 -0.046517 0.070783 0.197653 -0.012787 -0.400146 0.024085 0.021286 -0.015097 0.042403 -0.118120 -0.074683
0.532228 0.537839 -0.020391 -0.031931 0.090876 -0.025212 0.000693 -0.133127 -0.081609 -0.125162 0.159406 0.002478 0.217123 -0.065269 0.022618 -0.176818 1.000000 0.536222 0.226677 0.361941 -0.123473 0.008275 -0.032963 -0.275455 0.026026 -0.171905 0.034989 0.037238 0.273393 0.004923 -0.047724 -0.323038 0.357698 0.378901 0.000191 -0.234166 0.226422 -0.106120 0.000889 -0.126644 -0.008216 -0.141859 -0.053133 -0.007763 -0.116633 -0.257336 -0.021179 -0.207598 0.017175 -0.320144 0.073503 -0.147412 0.019181 -0.004882 -0.046899 -0.018271 0.633920 0.477735 -0.202267 -0.482673 0.148730 -0.088606 0.300055 0.206868 -0.078699 -0.109017 -0.261909 -0.346558 0.269145 -0.468523 -0.107544 -0.322818 0.143670 -0.258385 -0.089461 -0.374650 -0.184799 -0.206358 0.373918 0.011798 0.514719 0.391138 -0.135682 -0.142083 0.231687 0.246023 -0.099329 -0.309922 -0.012606 -0.051015 -0.308559 -0.389658 -0.239729 -0.240871 -0.027076 -0.246877 -0.026998 -0.198028 -0.173191 -0.174140 -0.252081 -0.346376 -0.093791 -0.036373 0.224785 0.014677 -0.022271 -0.110396 -0.190419 -0.197569 -0.190500 -0.254722 0.116360 -0.014722 0.134244 0.111207
0.368214 0.456240 -0.413475 -0.197866 -0.160655 -0.313463 -0.163227 -0.151677 -0.261557 -0.252989 0.031868 0.251787 -0.022983 0.159762 0.042727 0.135945 0.536222 1.000000 0.134736 0.279396 -0.012563 -0.084094 -0.321855 -0.445144 -0.414397 -0.371798 -0.259861 -0.320253 0.167373 0.361017 -0.353586 -0.268513 0.220551 0.417388 -0.370192 -0.161984 0.289922 -0.119994 -0.049441 -0.191509 -0.027410 -0.209748 0.189791 0.207965 0.088157 -0.034001 0.052666 -0.073748 0.223127 0.061192 0.062415 0.036065 0.102764 -0.159478 0.051363 -0.046572 0.522012 0.390344 -0.116594 -0.158993 0.131609 0.212268 0.341289 0.460804 -0.181012 -0.116801 -0.206096 -0.333471 0.149378 -0.296249 -0.094077 -0.236134 0.207122 -0.259963 -0.249501 -0.290493 -0.224060 -0.243413 0.355416 0.223719 0.625156 0.630458 -0.099472 0.225920 0.287542 0.424609 -0.094530 0.002420 -0.025968 0.097068 -0.243735 -0.496346 -0.334935 -0.411069 -0.076315 -0.364564 -0.079647 -0.376555 -0.250654 -0.061713 -0.108497 -0.478406 -0.120216 -0.052149 0.102983 -0.027779 -0.096034 0.060071 -0.316465 -0.449612 -0.170455 -0.328725 -0.014581 -0.026884 0.037965 0.099555
0.564773 0.419806 0.201432 0.127654 -0.079690 -0.304668 -0.053542 -0.301736 -0.045067 -0.313628 0.205225 -0.048758 -0.089047 -0.133191 -0.149883 -0.279886 0.226677 0.134736 1.000000 0.806891 -0.194715 -0.122320 -0.197978 -0.350902 -0.149895 -0.206109 -0.046453 -0.159248 0.049861 -0.215338 -0.132544 -0.097817 0.257792 0.319779 -0.261299 -0.373252 0.014925 -0.318468 -0.383968 -0.464920 -0.102977 -0.127900 0.160286 -0.005569 0.108282 0.045837 0.176823 0.016271 0.053012 0.135684 -0.234350 0.027809 -0.031822 -0.054777 -0.123488 -0.185428 0.416001 0.342466 -0.144152 -0.008750 -0.236003 -0.242276 0.079782 0.094729 -0.301690 -0.332786 -0.001443 -0.175522 0.478726 0.228209 -0.241299 -0.221299 -0.122673 -0.340021 -0.131371 -0.458389 -0.128126 -0.223806 0.327896 0.180886 0.221334 0.157440 -0.025371 -0.150046 0.057905 0.047470 -0.017545 -0.223450 0.051231 -0.303615 0.162809 0.316361 -0.185970 -0.182080 0.276416 -0.187206 -0.108702 -0.163238 0.009480 0.091093 -0.165443 0.008381 0.029696 -0.070454 -0.109050 0.019211 -0.020310 -0.053189 -0.193981 -0.226653 -0.287154 0.020952 0.014915 -0.070450 -0.007233 0.063724
0.633267 0.669430 -0.035580 0.066841 -0.104310 -0.396501 -0.085564 -0.259509 -0.075746 -0.310179 0.302504 0.026821 0.072191 0.022608 -0.013691 -0.091387 0.361941 0.279396 0.806891 1.000000 -0.307329 -0.244193 -0.290117 -0.409843 -0.304823 -0.387864 -0.140198 -0.335221 0.242742 -0.028588 -0.164967 -0.184011 0.353382 0.451750 -0.415447 -0.440627 0.123253 -0.181183 -0.309459 -0.462311 -0.086003 -0.067455 0.132842 -0.093437 -0.056489 -0.132647 0.084014 -0.048027 0.074788 -0.042377 -0.283684 -0.072210 -0.061014 -0.066580 -0.192020 -0.199537 0.519336 0.457930 -0.250003 -0.132185 -0.118673 -0.108149 0.138496 0.258543 -0.274014 -0.393994 -0.323112 -0.417217 0.521283 0.058547 -0.203749 -0.310972 -0.038619 -0.319533 -0.116948 -0.397902 -0.159622 -0.238330 0.275464 0.046232 0.393854 0.308192 0.084880 0.038836 0.198970 0.111582 -0.046426 -0.141132 -0.012204 -0.335469 0.124474 0.146660 -0.072595 -0.205059 0.259836 -0.195580 -0.108469 -0.140393 -0.173125 -0.123603 -0.125359 -0.095052 0.106105 -0.144424 -0.030714 0.094056 -0.021319 -0.035913 -0.252657 -0.262263 -0.276533 -0.056542 -0.000883 -0.058826 0.034283 0.136512
-0.279543 -0.330234 0.072954 -0.183631 0.178346 0.112187 -0.036480 -0.222668 0.073238 0.053833 -0.303652 -0.218502 -0.212033 -0.357752 0.015504 -0.016464 -0.123473 -0.012563 -0.194715 -0.307329 1.000000 0.590745 0.144978 0.121898 0.198508 0.244837 0.353208 0.195512 -0.105609 0.013673 0.060158 -0.033539 -0.116938 -0.239550 0.199406 -0.042788 0.135634 0.355831 0.393615 0.287917 0.005809 0.156329 0.140971 0.254471 0.073307 0.090981 0.231224 0.301366 0.040051 0.163311 0.165104 0.135226 0.129132 0.256469 0.376351 0.359133 -0.259861 -0.159165 0.051120 -0.010161 -0.334176 -0.269779 -0.439370 -0.415793 -0.047161 -0.076867 0.259269 0.159555 -0.102891 0.053127 0.514372 0.308278 0.210677 0.474979 0.113091 0.192299 0.298979 0.402280 -0.169347 0.056397 -0.226772 -0.156876 -0.137584 -0.201506 -0.311323 -0.109775 0.009749 -0.094527 -0.208988 -0.079607 0.039864 -0.052375 0.020268 0.224046 -0.021524 0.150068 0.122084 -0.166614 -0.051718 0.031716 -0.114688 0.157541 -0.078993 0.331223 0.141813 -0.107424 0.078724 0.130134 0.164811 0.092575 -0.103059 0.004649 -0.003950 0.044690 -0.083087 -0.169510
-0.099993 -0.284236 0.058997 -0.316375 0.157626 0.229314 -0.084501 -0.350496 0.135295 -0.039344 -0.355783 -0.283342 -0.297143 -0.411453 -0.128938 -0.222886 0.008275 -0.084094 -0.122320 -0.244193 0.590745 1.000000 0.063181 -0.058674 0.305471 0.217914 0.417460 0.462987 -0.180207 -0.048206 0.034946 0.099126 -0.149544 -0.129845 0.387150 -0.262440 0.240056 0.261215 0.465255 0.344558 -0.112026 0.067052 0.177226 0.250174 0.210940 0.171844 0.324612 0.298061 0.198438 0.104821 0.232074 0.071812 -0.003937 0.060063 0.262147 0.550679 -0.096480 -0.054603 -0.143972 -0.176718 -0.438256 -0.467793 -0.423669 -0.539030 -0.223109 -0.201628 0.344018 0.246849 -0.033475 -0.002791 0.556482 0.528140 0.095458 0.252404 0.005781 0.089558 0.243832 0.283517 -0.003472 0.086151 -0.106208 -0.186005 -0.263810 -0.330773 -0.396899 -0.093913 0.005620 -0.148109 -0.297614 -0.109061 -0.035732 0.002345 -0.172319 0.125274 0.087034 0.242538 0.355426 0.143728 0.152509 0.229002 -0.216677 0.073290 0.012847 0.314040 0.192061 0.141730 0.337796 0.118647 0.194236 0.332819 -0.174163 0.255534 0.092675 0.036985 0.054479 -0.242528
-0.121495 -0.486730 0.644862 0.486005 0.349800 0.491436 0.049393 -0.175866 0.003855 0.409778 0.140185 -0.175580 0.009522 -0.346952 -0.018278 -0.320777 -0.032963 -0.321855 -0.197978 -0.290117 0.144978 0.063181 1.000000 0.834768 0.532781 0.694430 0.445893 0.534964 -0.139776 -0.590991 0.377379 0.048086 -0.218162 -0.475487 0.474596 0.349860 -0.447553 -0.132478 0.067756 0.100772 0.049887 0.016713 -0.296631 -0.208506 -0.220700 -0.135240 -0.235452 -0.100051 -0.251303 -0.239261 0.151151 -0.104561 0.044312 0.076374 0.105428 -0.154934 -0.224279 -0.187124 0.171817 -0.227618 0.058002 -0.294895 -0.222939 -0.487402 0.672464 0.363433 0.117566 0.319112 0.064004 0.264552 0.092629 -0.113008 -0.389020 0.172017 0.078216 0.066638 0.029425 0.143412 -0.102971 0.023078 -0.582685 -0.503602 0.125139 -0.337379 0.039579 -0.295305 0.229965 -0.149046 0.352565 0.180452 -0.121184 -0.007663 0.055283 0.442054 -0.205661 -0.229535 -0.184166 -0.154808 -0.118471 -0.149202 -0.267215 -0.058392 -0.326194 0.031620 0.083884 0.000793 -0.069496 -0.029995 -0.003048 0.217764 0.180414 -0.169069 -0.308518 -0.004774 0.039919 -0.036070
-0.399458 -0.579431 0.490612 0.554570 0.222531 0.464996 0.183668 0.194536 -0.020811 0.540166 0.147669 -0.027247 0.073644 -0.073523 0.146747 0.009590 -0.275455 -0.445144 -0.350902 -0.409843 0.121898 -0.058674 0.834768 1.000000 0.348646 0.701179 0.300699 0.392900 -0.059904 -0.374766 0.450373 0.277819 -0.387865 -0.574825 0.298467 0.375780 -0.413631 0.072366 0.158244 0.202612 0.158833 0.196405 -0.355509 -0.324564 -0.392088 -0.294344 -0.426588 -0.200900 -0.365356 -0.251784 -0.016230 -0.131542 -0.005757 -0.013358 0.112581 -0.184743 -0.475853 -0.439782 0.150087 -0.111649 0.091963 -0.081387 -0.202931 -0.367056 0.637942 0.435709 -0.085654 0.142654 -0.206869 0.200391 0.145372 0.009926 -0.289621 0.342078 0.174768 0.339029 0.104019 0.206398 -0.327201 -0.048971 -0.652342 -0.548142 0.306018 -0.051428 -0.013097 -0.354101 0.290332 0.158728 0.293387 0.255278 -0.078842 0.020011 0.363538 0.511709 -0.304214 -0.016505 -0.131250 -0.011718 -0.150871 -0.201370 0.043364 0.072297 -0.114630 0.032900 0.082286 -0.024028 0.015430 0.093598 0.081621 0.244290 0.263755 -0.088070 -0.275917 0.104037 -0.031646 -0.036117
-0.008614 -0.350579 0.564895 0.206084 0.556332 0.686444 0.056847 -0.084336 0.297901 0.347467 -0.212856 -0.523036 -0.117943 -0.528764 -0.273969 -0.564300 0.026026 -0.414397 -0.149895 -0.304823 0.198508 0.305471 0.532781 0.348646 1.000000 0.643441 0.679022 0.668911 -0.245518 -0.557734 0.438085 0.100213 0.088746 -0.099490 0.698201 0.313396 -0.263470 -0.101390 -0.071057 0.012879 -0.115625 -0.126620 0.008066 0.104385 0.198981 0.222255 0.200609 0.249963 0.074756 0.071727 0.365558 0.203759 0.094330 0.361027 -0.029963 0.099610 -0.043010 0.005815 0.001372 -0.182342 -0.204970 -0.532530 -0.290136 -0.619554 0.082900 0.041781 0.296906 0.390408 -0.013474 0.066863 -0.008739 0.145059 -0.195384 0.041142 0.051897 -0.081018 0.150642 0.295553 0.021795 0.081769 -0.416058 -0.472520 -0.255820 -0.634293 -0.313653 -0.352694 -0.026813 -0.392487 0.007505 -0.120032 -0.163815 0.091272 -0.150060 0.157135 -0.052225 0.019318 0.043071 -0.016833 0.134798 0.132417 -0.296943 0.197193 -0.235901 0.096251 0.010888 -0.136656 -0.112886 -0.201946 0.050222 0.345090 0.089528 -0.014854 -0.027112 -0.062168 0.141149 0.057594
-0.185233 -0.554107 0.607287 0.453549 0.261551 0.586193 -0.049817 -0.041329 0.091192 0.438519 -0.025999 -0.253967 -0.221298 -0.375063 -0.087237 -0.304790 -0.171905 -0.371798 -0.206109 -0.387864 0.244837 0.217914 0.694430 0.701179 0.643441 1.000000 0.515749 0.612332 -0.090991 -0.449060 0.482772 0.299872 -0.241869 -0.332440 0.465189 0.153170 -0.328632 -0.042825 0.027499 0.117217 0.105217 0.001205 -0.097565 -0.059123 -0.002227 0.027997 -0.080966 0.025403 -0.046849 0.028770 0.286917 0.163580 0.081527 0.109227 0.119525 0.055724 -0.267794 -0.201643 0.037948 -0.143212 -0.177690 -0.428767 -0.259907 -0.534326 0.303332 0.109336 0.164369 0.238710 -0.118895 0.197270 0.137714 0.164843 -0.144351 0.181524 0.014604 0.069211 0.151253 0.237017 -0.050607 0.173281 -0.497677 -0.509565 0.066998 -0.317511 -0.176490 -0.305095 0.229072 -0.086016 0.095827 0.065215 -0.184429 0.018244 -0.017739 0.274984 -0.196890 -0.023132 -0.057776 -0.011098 -0.038546 0.071123 -0.192448 0.085768 -0.251013 0.105125 0.144782 -0.104958 -0.041653 -0.079934 -0.062736 0.211279 0.026422 -0.165739 -0.176651 0.080824 0.174190 0.067543
0.038405 -0.223577 0.514443 0.251907 0.574885 0.757785 0.017102 -0.159390 0.307977 0.295312 -0.212773 -0.548205 -0.076357 -0.604695 -0.233079 -0.480806 0.034989 -0.259861 -0.046453 -0.140198 0.353208 0.417460 0.445893 0.300699 0.679022 0.515749 1.000000 0.795832 -0.189772 -0.532986 0.230789 -0.167562 -0.026226 -0.183040 0.580449 0.074501 -0.167425 0.100571 0.107698 0.108507 -0.156298 -0.195664 0.213291 0.200157 0.243374 0.226606 0.253451 0.410659 0.168874 0.167703 0.301856 0.153319 0.108872 0.262466 -0.046693 0.131749 -0.000326 0.062907 -0.106940 -0.291093 -0.486584 -0.683008 -0.475152 -0.748109 -0.125723 -0.253609 0.240142 0.322849 0.071787 0.092947 0.302084 0.255054 -0.099835 0.117855 0.075562 -0.140133 0.137437 0.254915 -0.003840 0.165771 -0.386325 -0.434164 -0.245007 -0.604104 -0.393819 -0.338401 -0.094426 -0.343639 -0.165253 -0.259079 0.127031 0.210661 -0.086957 0.233145 -0.065153 -0.044946 0.270654 0.021147 0.198420 0.168633 -0.369766 0.138578 -0.113421 0.176969 0.062819 0.049260 -0.011520 -0.032802 0.028824 0.351090 0.146992 0.123137 -0.037504 -0.099995 -0.003773 -0.070449
-0.018139 -0.344676 0.556912 0.259819 0.397262 0.795060 0.012028 -0.091682 0.233216 0.294347 -0.154208 -0.383290 -0.136745 -0.516568 -0.220467 -0.510411 0.037238 -0.320253 -0.159248 -0.335221 0.195512 0.462987 0.534964 0.392900 0.668911 0.612332 0.795832 1.000000 -0.140952 -0.547043 0.268584 0.057417 -0.181491 -0.222289 0.671918 0.096566 -0.262761 -0.109714 0.162468 0.209236 -0.118810 -0.246855 0.093305 0.209531 0.318532 0.235218 0.170647 0.276737 0.173382 0.100143 0.322063 0.075897 0.027731 0.116931 -0.028411 0.188119 -0.048220 -0.003026 0.011911 -0.252695 -0.271952 -0.567687 -0.345717 -0.618445 0.024594 0.000137 0.364068 0.461673 -0.059626 0.094792 0.154209 0.273581 -0.158259 -0.044804 -0.071364 -0.172761 -0.041830 0.048243 0.139371 0.154660 -0.393049 -0.451867 -0.187527 -0.510250 -0.284043 -0.208108 0.012740 -0.246410 0.002668 -0.026635 -0.077120 0.094693 -0.254501 0.032277 -0.070551 -0.007509 0.264311 0.160674 0.302091 0.168622 -0.373264 -0.076184 -0.251397 -0.009839 -0.012390 -0.032326 -0.041261 -0.176679 0.065842 0.357791 0.095247 0.057789 -0.087948 -0.185495 -0.007187 -0.223219
0.178819 0.197194 0.053044 -0.040527 0.017525 -0.237032 0.210940 0.084037 -0.000080 -0.120914 0.711247 0.518322 0.484016 0.313310 0.574439 0.262212 0.273393 0.167373 0.049861 0.242742 -0.105609 -0.180207 -0.139776 -0.059904 -0.245518 -0.090991 -0.189772 -0.140952 1.000000 0.205292 0.147803 0.131642 -0.200144 -0.100392 -0.345137 -0.255533 0.024619 -0.064022 0.012987 -0.083788 0.175402 -0.004919 -0.254373 -0.235707 -0.338944 -0.504204 -0.238294 -0.354847 -0.183447 -0.401783 -0.229262 -0.173862 -0.138625 -0.315056 0.024536 -0.116790 0.085481 -0.039990 0.164281 -0.078972 0.401823 0.132484 0.340959 0.312617 0.099683 -0.083073 -0.290155 -0.430579 -0.018459 -0.327135 -0.063640 -0.203840 0.223765 -0.072870 0.000925 0.071511 -0.102757 -0.332148 -0.034402 0.034396 0.124445 0.071784 0.630127 0.469238 0.371362 0.267864 0.320219 0.207143 0.214809 -0.040140 -0.215833 -0.108361 -0.068795 -0.060401 0.003189 -0.068622 -0.085908 0.061711 -0.070075 -0.186437 -0.044677 -0.094469 -0.085829 -0.310889 -0.079228 -0.123173 -0.226534 -0.190609 -0.075631 -0.350241 -0.117010 -0.287052 -0.083444 -0.119004 0.061674 0.045630
-0.213218 0.127292 -0.622362 -0.398273 -0.359793 -0.407515 0.076691 0.278377 -0.126228 -0.230231 -0.093903 0.330757 0.089771 0.551085 0.207981 0.566017 0.004923 0.361017 -0.215338 -0.028588 0.013673 -0.048206 -0.590991 -0.374766 -0.557734 -0.449060 -0.532986 -0.547043 0.205292 1.000000 -0.227140 0.149283 -0.019598 0.208233 -0.484710 -0.184582 0.489931 0.340934 0.116809 0.023696 0.213030 0.224869 0.073208 -0.035155 -0.099671 -0.169754 -0.109927 -0.148410 -0.032716 -0.044716 -0.204912 -0.094891 -0.106986 -0.205018 0.029102 0.078377 -0.074835 -0.143433 -0.182342 0.062534 0.183972 0.459188 0.324946 0.532486 -0.268414 -0.078897 -0.263778 -0.372763 -0.341876 -0.374059 0.185686 0.222186 0.540849 0.270983 0.084117 0.257146 0.055019 -0.029120 0.016729 0.049909 0.584118 0.587109 0.111198 0.613246 0.171063 0.366947 -0.168351 0.316150 -0.320249 0.082070 -0.149232 -0.363025 0.106893 -0.192231 -0.163978 0.231632 -0.016275 -0.063156 -0.190926 -0.246154 0.350341 -0.013227 0.248218 -0.063943 0.083537 0.093174 0.007272 0.140590 0.033243 -0.173886 -0.073252 0.074363 0.230318 0.064626 0.026239 -0.107047
-0.140907 -0.266423 0.341077 0.240007 0.029137 0.237855 0.033261 0.017356 -0.114726 0.050937 0.164800 -0.030185 0.116005 -0.236213 0.144383 -0.167948 -0.047724 -0.353586 -0.132544 -0.164967 0.060158 0.034946 0.377379 0.450373 0.438085 0.482772 0.230789 0.268584 0.147803 -0.227140 1.000000 0.372734 -0.222462 -0.202235 0.289732 0.319014 -0.229473 0.098099 0.191476 0.156770 0.094483 0.331643 -0.134884 -0.108072 -0.160241 -0.143528 -0.170922 -0.155445 -0.060683 -0.095199 0.047733 0.088168 -0.068876 0.091256 0.080286 0.084216 -0.203430 -0.250199 0.048123 -0.185159 0.055108 -0.272470 -0.152797 -0.355951 0.312114 0.083246 -0.136389 -0.011077 -0.069776 -0.021056 0.143156 0.216495 -0.005554 0.204172 0.269909 0.280670 -0.074681 -0.008946 -0.233353 -0.251934 -0.436315 -0.388613 0.304869 -0.107941 -0.028206 -0.151094 0.333237 0.096667 -0.000565 0.074725 -0.223189 -0.004784 0.128737 0.316587 -0.339634 0.143717 0.059009 0.028002 0.010668 -0.130841 0.056843 0.289614 -0.022087 -0.095440 0.070563 0.001977 -0.019123 0.024017 0.094055 0.095609 0.185240 0.038703 -0.078566 0.222698 0.043663 -0.133951
-0.429425 -0.420570 0.009412 0.014020 -0.102247 -0.054158 0.126548 0.199623 0.081265 0.118493 0.096086 0.223012 -0.043024 0.274634 0.149812 0.144294 -0.323038 -0.268513 -0.097817 -0.184011 -0.033539 0.099126 0.048086 0.277819 0.100213 0.299872 -0.167562 0.057417 0.131642 0.149283 0.372734 1.000000 -0.344686 -0.085578 -0.025902 0.002156 0.105040 0.068900 0.065114 0.078698 0.158656 0.316919 -0.121439 -0.234842 -0.126416 -0.122826 -0.266246 -0.247948 -0.207483 -0.117185 -0.229427 -0.154965 -0.263230 -0.260330 0.067138 -0.043150 -0.492314 -0.497921 0.021499 0.080876 0.104929 0.029842 0.011502 -0.007850 0.158418 0.155506 0.009302 -0.020170 -0.447840 0.021352 -0.014569 0.264444 -0.052247 0.165510 0.006732 0.311736 0.196598 0.106228 -0.061926 0.025768 -0.100188 -0.084418 0.298596 0.319911 -0.082333 -0.047899 0.238671 0.359828 -0.029957 0.034959 -0.218272 0.042086 0.185697 0.177728 -0.036754 0.270501 -0.117356 0.013913 -0.074833 -0.191758 0.281753 0.198264 0.109355 -0.033715 0.105473 -0.010482 0.062680 -0.017698 -0.057653 0.131232 -0.106143 -0.037759 -0.105266 0.136583 0.154720 0.010494
0.340015 0.515093 -0.148903 0.071113 0.079270 -0.044677 -0.135666 -0.033122 0.074033 -0.024052 -0.333685 -0.303651 -0.133576 -0.078753 -0.376701 -0.274693 0.357698 0.220551 0.257792 0.353382 -0.116938 -0.149544 -0.218162 -0.387865 0.088746 -0.241869 -0.026226 -0.181491 -0.200144 -0.019598 -0.222462 -0.344686 1.000000 0.700005 0.019925 0.058742 0.299577 0.012108 -0.295596 -0.160967 -0.087000 -0.116312 0.189075 0.183746 0.166229 0.159015 0.230119 0.186337 0.077587 0.070030 0.019692 -0.034425 -0.092500 0.216225 -0.322042 -0.026699 0.482642 0.532068 -0.381890 -0.122563 -0.116632 0.022697 0.039163 0.135508 -0.286233 -0.093063 -0.073515 -0.095876 0.287518 -0.167334 -0.261883 -0.241835 0.035885 -0.284395 -0.019929 -0.445248 -0.057229 0.069484 0.334140 -0.040253 0.453024 0.336585 -0.338863 -0.263960 0.046736 0.020554 -0.220096 -0.384048 -0.109072 -0.198721 -0.026304 -0.200733 -0.135851 -0.260600 0.108849 -0.242395 -0.104945 -0.238558 -0.097185 -0.105032 -0.154426 -0.131601 -0.038807 -0.015726 0.025267 -0.064837 0.004269 -0.113737 -0.156452 -0.044562 -0.060578 -0.071111 0.131293 -0.068889 -0.021360 0.198585
0.352257 0.580906 -0.342807 -0.034973 -0.146388 -0.140813 -0.217562 -0.058331 0.128485 -0.138574 -0.316983 -0.243478 -0.150634 0.053406 -0.310689 -0.170694 0.378901 0.417388 0.319779 0.451750 -0.239550 -0.129845 -0.475487 -0.574825 -0.099490 -0.332440 -0.183040 -0.222289 -0.100392 0.208233 -0.202235 -0.085578 0.700005 1.000000 -0.089054 -0.200456 0.503904 -0.042177 -0.220845 -0.184410 -0.032751 -0.087309 0.302579 0.195131 0.253612 0.218747 0.210283 0.135667 0.190600 0.126685 -0.079685 -0.062749 -0.133114 0.096592 -0.229883 0.022363 0.505699 0.507732 -0.443112 -0.244330 -0.063997 0.001420 0.175164 0.314235 -0.420301 -0.281068 -0.087949 -0.158832 0.183326 -0.251997 -0.247828 -0.115617 0.198753 -0.339985 -0.173066 -0.406366 -0.001845 0.086140 0.447259 0.087865 0.671517 0.597687 -0.357055 -0.037493 0.024010 0.193899 -0.350007 -0.250338 -0.277444 -0.210916 -0.220656 -0.284475 -0.230181 -0.473650 0.144721 -0.132782 -0.095543 -0.217556 -0.134813 -0.113507 -0.014526 -0.118706 0.107638 -0.068634 -0.000345 -0.105037 -0.098414 -0.180551 -0.332513 -0.123149 -0.297228 -0.101056 0.156834 -0.020659 0.093615 0.183087
-0.054137 -0.389783 0.354504 0.055116 0.205374 0.568183 -0.062755 -0.239695 0.165002 0.188174 -0.250502 -0.540070 -0.201625 -0.605180 -0.343697 -0.567724 0.000191 -0.370192 -0.261299 -0.415447 0.199406 0.387150 0.474596 0.298467 0.698201 0.465189 0.580449 0.671918 -0.345137 -0.484710 0.289732 -0.025902 0.019925 -0.089054 1.000000 0.302953 -0.084547 0.032961 0.226564 0.267191 -0.171127 -0.044927 0.066672 0.296058 0.267114 0.310648 0.217424 0.300645 0.064906 -0.010141 0.308051 -0.025148 -0.067707 0.270222 -0.034382 0.227149 -0.054547 -0.015636 -0.045675 -0.301044 -0.277402 -0.524743 -0.379348 -0.689495 0.109594 0.081149 0.465168 0.633642 -0.026203 0.054670 0.155969 0.183496 -0.145165 0.076907 0.117054 0.006814 0.141887 0.273723 0.054665 -0.006105 -0.338125 -0.343451 -0.359601 -0.639604 -0.273581 -0.250107 -0.012621 -0.416166 0.041736 -0.036451 -0.170409 0.032495 -0.186687 0.152732 -0.069864 0.059988 0.204797 0.123496 0.188715 0.110850 -0.298529 0.064534 -0.229949 0.124933 0.035718 -0.046079 0.084820 -0.263418 0.147859 0.447106 0.103192 0.109837 -0.068289 0.002567 0.083522 -0.042519
-0.313105 -0.359598 0.170989 0.209852 0.198962 0.273559 0.228336 0.310881 0.117231 0.302953 -0.095894 -0.000070 0.115516 0.029944 -0.012585 -0.005222 -0.234166 -0.161984 -0.373252 -0.440627 -0.042788 -0.262440 0.349860 0.375780 0.313396 0.153170 0.074501 0.096566 -0.255533 -0.184582 0.319014 0.002156 0.058742 -0.200456 0.302953 1.000000 -0.324601 0.047006 -0.056017 0.090869 0.107428 0.172523 -0.233464 -0.040529 -0.038222 0.084444 -0.219292 -0.049893 -0.166466 -0.025425 0.022565 -0.001779 -0.023550 0.039790 -0.212958 -0.275176 -0.251232 -0.317485 0.277043 0.143264 0.236084 0.191760 -0.033694 -0.113623 0.345599 0.514174 0.094193 0.337067 -0.306033 0.015293 -0.185436 0.000066 -0.262616 0.093616 0.192490 0.108350 -0.138812 0.063022 -0.290392 -0.238088 -0.380259 -0.271367 -0.058310 -0.083351 0.019803 -0.222366 0.001992 -0.025905 0.113508 0.128741 -0.170569 -0.090187 0.162713 0.200898 -0.237376 0.082602 -0.067431 -0.123473 -0.013430 -0.131816 0.209472 0.122479 -0.100804 -0.038941 -0.086352 -0.107551 -0.130738 -0.075153 0.262522 0.029184 0.671367 -0.082022 -0.246323 0.055912 -0.126786 0.093233
