1.000000 0.131613 -0.163602 0.031446 0.077987 0.126492 0.141749 -0.249033 0.056071 0.012018 0.266369 0.013646 0.237841 0.027953 0.380259 0.236423 0.210015 0.147009 0.365937 0.283166 0.083701 0.117478 0.061379 0.043093 0.088075 -0.009859 0.144246 0.134070 0.131931 0.140579 0.171940 0.015264 0.090375 -0.177138 -0.157377 -0.391718 -0.049629 -0.029211 -0.002796 -0.019060 0.292971 -0.078366 -0.196760 -0.190691 -0.208685 -0.349930 -0.063919 -0.276279 0.043884 -0.057767 -0.152460 -0.172269 0.011915 -0.050316 0.032784 -0.052480 0.301676 0.319263 0.230512 0.006900 0.316557 -0.092094 0.294255 0.150962 0.018404 -0.133251 -0.222685 -0.369108 0.400298 0.018832 -0.086983 -0.178703 0.266193 0.148997 0.194275 0.193619 0.010994 -0.241383 0.244099 0.106471 0.214466 0.038449 0.360136 0.205177 0.213267 -0.066538 0.204842 -0.013660 0.147642 -0.139667 -0.249930 -0.095604 -0.223284 -0.149594 0.014918 -0.045944 -0.109152 -0.098755 -0.022774 0.088149 -0.213824 0.242127 0.026663 0.180056 -0.086392 -0.074721 0.060881 -0.254401 -0.159052 -0.152716 -0.283324 -0.155417 0.104258 0.116365 -0.000069 0.232626
0.131613 1.000000 -0.119185 0.038511 0.016094 0.066268 -0.239887 0.109837 -0.170315 0.014419 0.120775 0.307511 -0.064406 0.303182 -0.250869 0.274812 0.225217 0.189230 -0.211051 0.053916 0.158145 0.131288 -0.257127 -0.272642 0.030907 0.083135 0.139332 0.144175 -0.135151 0.192769 -0.152246 -0.286181 -0.061991 -0.184625 -0.047100 -0.030806 -0.029300 0.045440 -0.154149 0.039481 -0.099630 0.142488 -0.140395 -0.096860 -0.208971 -0.145355 0.186235 -0.010067 0.292882 0.179086 -0.023675 0.281937 0.173729 0.175846 -0.052393 0.223264 0.397616 0.503687 0.224090 0.228345 0.129404 0.466372 -0.008399 0.249638 -0.192445 0.220230 -0.161591 -0.098609 0.309981 0.215211 0.051281 -0.023683 -0.033335 0.292658 0.106390 0.189730 -0.003197 -0.045703 0.152714 0.035243 -0.042161 0.003801 -0.339018 -0.213854 -0.206007 -0.176229 -0.064984 -0.054900 -0.043062 0.056222 -0.261601 -0.346572 -0.122580 -0.246992 -0.015762 0.081742 -0.037839 -0.062400 0.077120 0.122768 0.323723 -0.144039 0.103844 -0.200285 -0.277445 -0.257933 -0.142450 -0.233198 0.022034 -0.051322 -0.211101 -0.067637 0.165351 0.030156 -0.197785 -0.001095
-0.163602 -0.119185 1.000000 0.155254 -0.017650 -0.076928 0.297195 0.562513 0.064299 -0.060767 -0.099717 -0.164729 -0.162071 -0.245757 -0.231121 -0.346416 -0.002801 -0.124515 -0.173524 -0.208718 -0.073559 0.156699 0.232817 0.086925 -0.182618 0.097253 -0.100781 0.036682 -0.474680 -0.337931 -0.206724 -0.015895 0.124257 0.432280 0.394565 0.251558 -0.132682 -0.213909 0.038466 0.042159 -0.357489 -0.126334 -0.200133 -0.099044 -0.143904 0.146481 -0.230954 -0.114884 0.041421 -0.224668 0.426790 -0.037371 -0.064986 -0.145401 -0.109314 -0.224915 -0.067132 -0.054224 -0.018542 -0.100145 -0.027967 -0.028933 -0.233546 -0.247852 0.197927 0.449743 0.460263 0.471638 0.119526 0.250440 0.002694 0.226577 -0.308956 -0.048109 -0.040845 -0.021808 0.065877 0.122342 -0.177590 0.135449 -0.233597 -0.292913 -0.369930 -0.403265 -0.366377 -0.267474 -0.323363 -0.178172 0.062309 0.150944 -0.266260 0.027910 0.096720 0.164127 -0.054459 -0.210074 0.201575 0.000036 -0.398370 -0.320089 -0.113348 -0.064942 -0.070991 0.129277 -0.029764 0.052988 -0.051614 0.048416 -0.048386 -0.093019 0.294225 -0.126201 -0.075258 -0.311271 -0.262103 -0.192816
0.031446 0.038511 0.155254 1.000000 0.040156 0.185974 0.025875 0.467571 0.088734 0.097725 0.098993 0.185076 -0.192013 -0.144803 0.145107 0.109788 -0.215683 -0.015816 0.143067 -0.115875 -0.062790 -0.028795 0.543748 0.493805 0.305699 0.423523 0.178371 0.280452 -0.321017 -0.159619 0.093236 0.204933 -0.111377 0.332364 0.351462 0.307355 -0.351956 -0.321461 -0.109733 -0.236401 -0.208878 -0.329856 -0.124874 -0.039323 -0.261159 -0.181803 -0.207807 -0.178798 -0.010520 -0.040038 0.117672 -0.077818 -0.139716 -0.076190 0.012716 -0.226222 -0.121064 -0.169722 -0.169841 -0.049698 -0.105413 0.164495 -0.268126 -0.239545 0.348145 0.492011 -0.079478 0.313580 0.124371 0.105086 -0.249245 -0.121932 -0.296118 -0.265245 -0.292140 -0.091531 -0.326826 -0.283650 -0.197201 0.002574 -0.302814 -0.381626 0.095284 -0.053377 0.126028 -0.145653 0.250008 0.148715 0.451817 0.356094 0.024521 -0.098019 0.527023 -0.022203 -0.024859 -0.097360 -0.282953 -0.251610 -0.455762 -0.300864 -0.128257 -0.268984 -0.109319 -0.240837 -0.250601 -0.319375 0.086824 -0.258983 -0.168961 -0.318273 -0.289851 -0.385119 -0.050191 -0.177237 -0.224215 0.127754
0.077987 0.016094 -0.017650 0.040156 1.000000 0.801773 0.308527 0.051692 0.489896 0.610168 0.263285 0.130394 0.277558 0.299248 0.204336 0.525289 -0.223755 -0.350135 -0.109470 -0.037249 0.530558 0.339194 0.280521 0.213906 0.707414 0.519509 0.735945 0.643897 -0.022896 0.035607 0.577537 0.204147 -0.501663 -0.269289 0.037771 0.060040 -0.390035 -0.088984 -0.145168 0.074048 -0.142937 0.108830 -0.082547 -0.235498 -0.171093 -0.354058 0.033304 -0.167611 0.200655 -0.138143 -0.095396 -0.108407 -0.058900 0.024066 -0.292453 -0.232944 -0.139259 -0.317145 0.210685 -0.193601 0.187026 0.270101 -0.127150 -0.146292 0.320802 0.092390 -0.070527 -0.067870 -0.134117 -0.134449 0.181147 0.390591 0.128093 0.187876 0.189172 0.119466 -0.288579 -0.193363 -0.091578 -0.146948 -0.185892 -0.227160 0.029913 0.103366 0.175774 -0.147087 -0.051190 -0.094015 0.178878 -0.209715 0.027444 0.079252 0.191493 0.158605 -0.274301 -0.253951 -0.441699 -0.476935 -0.138230 -0.230652 0.048688 0.098987 0.169161 -0.094587 -0.179964 -0.140012 -0.234164 -0.152942 -0.072844 -0.390864 -0.371601 -0.259166 -0.064490 -0.057974 -0.309930 -0.176483
0.126492 0.066268 -0.076928 0.185974 0.801773 1.000000 0.142270 0.095518 0.343686 0.436805 0.082879 0.153836 0.166456 0.149300 0.199295 0.566692 -0.253365 -0.371480 -0.133250 -0.140988 0.639680 0.525327 0.298119 0.210753 0.793446 0.725980 0.933465 0.901079 -0.124818 -0.055606 0.557297 0.093135 -0.481474 -0.329912 0.057913 -0.025945 -0.460805 0.064450 0.016150 0.189127 -0.010065 0.184276 0.024405 -0.066942 -0.122040 -0.299765 0.236434 -0.054450 0.207944 -0.073594 0.094321 -0.003490 -0.039996 0.088297 -0.138518 -0.081509 -0.133734 -0.273988 0.081003 -0.150501 0.085919 0.139352 -0.177554 -0.187765 0.199083 0.191964 -0.087699 -0.104815 0.025859 -0.094994 0.203527 0.307563 0.141558 0.155376 0.353709 0.141323 -0.375665 -0.308291 -0.127726 -0.228299 -0.170051 -0.298197 0.018732 0.096676 0.080379 -0.097629 -0.010462 -0.039852 0.157416 -0.101732 0.048704 -0.072276 0.230196 -0.013262 -0.420068 -0.317828 -0.292722 -0.446153 -0.071835 -0.224210 0.036619 0.095778 0.261127 -0.086509 -0.120213 -0.067999 -0.153228 -0.200161 -0.157492 -0.357618 -0.409070 -0.222177 0.075995 0.041058 -0.348434 -0.127474
0.141749 -0.239887 0.297195 0.025875 0.308527 0.142270 1.000000 0.278703 0.560814 0.241603 0.254543 0.152961 0.440209 0.157117 0.309465 0.103215 -0.300045 -0.364937 0.208067 -0.005314 -0.002353 -0.160424 0.341860 0.344566 0.055621 -0.089584 0.089136 0.004383 -0.052149 -0.118981 0.359305 0.353186 -0.168381 0.135514 -0.005101 -0.039936 -0.202261 -0.265909 -0.103615 -0.151739 -0.102650 -0.089072 -0.243336 -0.296793 -0.076583 -0.217387 -0.266550 -0.354051 -0.036278 -0.123749 -0.190029 -0.251514 -0.204514 -0.086498 -0.207457 -0.310728 -0.408058 -0.198656 -0.010776 -0.468192 0.224125 0.101748 -0.081172 -0.136663 0.568174 0.016084 -0.039925 -0.101000 -0.096847 0.016956 -0.054352 0.076906 0.008282 -0.023910 0.151537 0.040818 -0.010991 -0.253739 -0.270651 -0.157956 -0.356974 -0.305879 0.188582 0.203732 0.335475 0.019865 0.097148 -0.151236 0.236074 -0.211825 -0.069647 0.258300 0.147280 0.316426 -0.005966 -0.113377 -0.225983 -0.228108 -0.269368 -0.301575 -0.292533 0.181158 -0.109529 -0.096426 -0.120451 -0.010989 -0.018209 -0.119989 -0.121159 -0.115168 -0.183501 -0.227821 -0.092664 -0.018901 -0.017006 -0.047896
-0.249033 0.109837 0.562513 0.467571 0.051692 0.095518 0.278703 1.000000 0.236679 0.303033 0.144593 0.269324 -0.009434 0.199525 -0.218161 -0.017854 0.039153 -0.027176 -0.262358 -0.336982 -0.082490 -0.053785 0.085003 0.042097 -0.089733 0.096986 0.091230 0.104335 -0.407157 -0.202534 -0.187114 -0.034992 -0.072706 0.328792 0.213502 0.274279 -0.380226 -0.450109 -0.356043 -0.232586 -0.453018 -0.298468 -0.197263 -0.150875 -0.194628 0.080245 -0.278223 -0.251549 0.086514 -0.128154 0.152472 -0.050739 -0.181355 -0.265570 -0.162025 -0.341456 0.025522 -0.097104 -0.068772 -0.133855 0.124990 0.484564 -0.166601 0.084124 0.265313 0.650136 0.143973 0.459687 -0.011084 0.168324 -0.161992 0.004559 -0.353264 -0.269070 -0.266163 -0.169501 -0.181553 -0.152544 -0.173413 0.049943 -0.199642 -0.229823 -0.308609 -0.343040 -0.185606 -0.140490 -0.089690 -0.179619 0.255380 0.169856 -0.111712 -0.139474 0.422164 0.024170 -0.100334 -0.178572 -0.213157 -0.310785 -0.446173 -0.351723 0.091967 -0.076906 0.010962 -0.193082 -0.222098 -0.179051 -0.043643 -0.140383 -0.231184 -0.357698 -0.170622 -0.287425 -0.023229 -0.150817 -0.332994 -0.144544
0.056071 -0.170315 0.064299 0.088734 0.489896 0.343686 0.560814 0.236679 1.000000 0.515758 0.167171 0.080903 0.455927 0.355028 0.410060 0.336124 -0.171047 -0.195550 0.087924 -0.025930 0.065488 -0.083721 0.321822 0.143635 0.260869 0.103246 0.341062 0.158707 0.021359 0.044176 0.302516 0.128194 -0.316993 -0.152171 -0.220243 -0.236175 -0.306214 -0.130970 -0.209393 -0.035515 -0.221095 -0.068588 -0.017164 -0.153847 -0.076053 -0.266437 0.004273 -0.064913 0.063911 0.068448 -0.223775 -0.148700 0.104523 0.032664 -0.019127 -0.246944 -0.204720 -0.213889 0.198749 -0.150406 0.425148 0.456557 -0.039229 0.137289 0.372508 0.026171 -0.285870 -0.253229 -0.133958 0.035181 -0.062135 0.125428 0.082995 -0.108563 0.006532 -0.185617 -0.247316 -0.258376 -0.189977 -0.061481 -0.164720 -0.136829 0.088444 0.134425 0.070655 -0.340512 -0.088871 -0.084822 0.285609 -0.118706 0.098848 0.110876 0.103789 0.113763 -0.142198 -0.071565 -0.337248 -0.322911 -0.236443 -0.347556 -0.282600 -0.041784 -0.162604 -0.237296 -0.227994 -0.148826 -0.280203 -0.098560 -0.180839 -0.148732 -0.373990 -0.232157 -0.034695 -0.148887 -0.060039 -0.159753
0.012018 0.014419 -0.060767 0.097725 0.610168 0.436805 0.241603 0.303033 0.515758 1.000000 0.339228 0.266732 0.295665 0.507299 0.227064 0.432883 -0.107301 -0.240649 0.057635 0.041932 0.276553 0.097265 0.031190 0.071403 0.370243 0.173203 0.371941 0.216637 0.066337 0.178679 0.451973 0.302311 -0.482106 -0.091133 -0.113022 0.024400 -0.398943 -0.173810 -0.396744 -0.135693 -0.151184 0.091494 -0.161742 -0.301135 -0.241183 -0.314887 -0.106204 -0.171949 0.077449 -0.108087 -0.282963 -0.136290 -0.054187 -0.187811 -0.307394 -0.317530 -0.109460 -0.250700 0.178824 -0.035428 0.239753 0.487128 -0.000688 0.166066 0.215338 0.039175 -0.104950 -0.011594 -0.253633 -0.075384 0.125196 0.223437 0.088171 0.087636 0.000216 -0.043057 -0.249249 -0.066632 -0.072781 -0.233465 -0.100224 -0.116267 0.091935 0.176812 0.171123 -0.158979 0.029348 -0.089116 0.133523 -0.240221 0.155497 0.034181 0.229716 0.055936 -0.261897 -0.073007 -0.529616 -0.441356 -0.181891 -0.302496 0.159476 0.066286 0.058140 -0.316426 -0.321638 -0.326901 -0.299024 -0.197754 -0.113380 -0.259946 -0.384790 -0.260336 -0.144620 -0.047781 -0.218551 -0.302400
0.266369 0.120775 -0.099717 0.098993 0.263285 0.082879 0.254543 0.144593 0.167171 0.339228 1.000000 0.379395 0.526761 0.425430 0.278663 0.404608 0.040726 -0.120266 0.002613 0.032615 0.018042 -0.048272 -0.033740 -0.053669 -0.036339 -0.149895 0.069613 -0.009800 0.029050 0.183716 0.124154 0.121081 -0.200109 -0.010340 -0.110703 -0.067646 -0.203952 -0.296057 -0.408605 -0.289734 -0.070707 0.027366 -0.287598 -0.297223 -0.215223 -0.338779 -0.228694 -0.222228 0.067762 -0.189450 -0.360128 -0.229508 -0.050328 -0.149324 -0.346370 -0.326898 0.075519 -0.177449 0.325929 -0.137218 0.572482 0.350253 0.364386 0.065218 0.220309 0.006417 -0.153445 -0.079413 -0.225437 -0.177093 -0.082765 -0.044057 0.022355 0.000122 -0.094011 0.033651 -0.049126 -0.139361 -0.184482 -0.171856 -0.105909 -0.050312 0.365728 0.153651 0.355856 0.186202 0.312848 -0.185711 0.179797 -0.185178 0.156987 0.303539 0.306109 0.334439 -0.068261 -0.096886 -0.298898 -0.387861 -0.016980 -0.064870 0.269099 0.261243 0.162121 -0.130759 -0.220938 -0.367891 0.094659 -0.328988 -0.010402 -0.390989 -0.286922 -0.158642 -0.022207 0.033135 -0.322865 -0.058942
0.013646 0.307511 -0.164729 0.185076 0.130394 0.153836 0.152961 0.269324 0.080903 0.266732 0.379395 1.000000 0.373483 0.572842 0.071892 0.357339 -0.103043 0.004442 -0.162443 -0.223065 0.003310 -0.153947 -0.112443 0.002988 0.004165 0.008036 0.107461 0.053586 0.047983 0.303944 0.176766 0.190685 -0.414005 0.006856 -0.029339 0.165890 -0.107986 -0.154921 -0.353240 -0.288428 -0.029918 -0.040060 -0.199361 -0.187789 -0.262377 -0.138181 -0.104817 -0.198662 0.075740 -0.090249 -0.256976 -0.064603 -0.096700 -0.117266 -0.156286 -0.092372 -0.104019 -0.239731 0.133882 -0.205079 0.268494 0.489743 -0.053996 0.178703 0.121302 0.301724 -0.241155 0.037256 -0.232790 -0.272167 -0.032589 -0.048084 0.100053 0.067360 0.049142 0.132330 -0.120557 -0.072227 -0.092690 -0.218073 -0.174445 -0.124960 -0.042717 0.108767 0.259478 0.284710 0.233550 -0.151067 0.060239 -0.194313 -0.020810 -0.140749 0.168626 -0.111026 0.042365 0.133771 -0.193608 -0.283735 -0.109346 -0.203576 0.121000 -0.070701 -0.041068 -0.265176 -0.273856 -0.251251 -0.006944 -0.326109 -0.049032 -0.052299 -0.326032 -0.334701 -0.219794 0.041355 -0.088975 0.065711
0.237841 -0.064406 -0.162071 -0.192013 0.277558 0.166456 0.440209 -0.009434 0.455927 0.295665 0.526761 0.373483 1.000000 0.598630 0.570628 0.503761 0.005902 -0.036171 0.080523 0.082842 0.094759 -0.198790 -0.102168 -0.218480 -0.004065 -0.300295 0.139242 -0.011941 0.202249 0.237184 0.225527 -0.010941 -0.063608 -0.180092 -0.373693 -0.378324 -0.045268 0.040831 -0.224127 -0.182731 0.161503 0.041695 -0.126722 -0.135823 -0.083023 -0.214907 -0.076384 -0.143178 -0.021717 -0.124575 -0.494142 -0.319768 -0.058910 -0.192642 -0.115625 -0.242078 -0.163319 -0.221014 0.381022 -0.220263 0.742165 0.247436 0.389546 0.188630 -0.002393 -0.208997 -0.269464 -0.371957 -0.224680 -0.282692 -0.177779 -0.031459 0.409112 0.050894 0.117207 0.038993 -0.049358 -0.222846 -0.141649 -0.304406 0.017525 0.040710 0.224715 0.183560 0.245307 0.031661 0.134129 -0.331469 0.055975 -0.441283 0.051190 0.156161 -0.024392 0.148504 0.055846 0.057116 -0.108031 -0.224623 -0.006720 -0.106140 0.034904 0.289076 0.093079 0.043059 -0.087499 -0.063176 0.113059 -0.215402 0.081205 -0.092306 -0.242200 -0.134725 -0.012667 0.107289 0.039272 -0.048694
0.027953 0.303182 -0.245757 -0.144803 0.299248 0.149300 0.157117 0.199525 0.355028 0.507299 0.425430 0.572842 0.598630 1.000000 0.126198 0.642074 0.176415 0.179752 -0.080924 0.103546 0.184303 -0.146702 -0.372486 -0.356431 -0.042344 -0.260139 0.176520 -0.022908 0.272520 0.551210 0.120780 -0.023164 -0.218488 -0.260975 -0.463674 -0.225068 -0.141686 -0.116003 -0.583520 -0.345612 -0.099065 0.116166 0.052742 -0.093948 -0.045794 -0.199409 0.111847 -0.008408 0.209476 0.089782 -0.565826 -0.080455 0.087358 -0.018810 -0.256973 -0.196978 0.071107 -0.136084 0.354098 -0.078252 0.603085 0.630767 0.427794 0.531928 -0.178996 -0.120739 -0.375182 -0.328300 -0.338871 -0.234875 0.064320 0.058158 0.409080 0.187162 0.031359 -0.036212 -0.161530 -0.125972 0.025286 -0.124679 0.074529 0.193057 -0.144714 0.087307 -0.001242 -0.008344 -0.068809 -0.391241 -0.181137 -0.471581 0.186560 -0.030178 0.023183 -0.032628 -0.107027 0.060914 -0.414593 -0.372739 0.135428 0.050911 0.396335 0.204045 0.190019 -0.154193 -0.269749 -0.322981 -0.109373 -0.326628 -0.141628 -0.144369 -0.440460 -0.153079 0.003306 0.043851 -0.064795 -0.263712
0.380259 -0.250869 -0.231121 0.145107 0.204336 0.199295 0.309465 -0.218161 0.410060 0.227064 0.278663 0.071892 0.570628 0.126198 1.000000 0.420409 -0.178535 -0.104205 0.404678 0.157662 0.006564 -0.125690 0.404117 0.285790 0.314790 0.084254 0.118341 0.074902 0.223314 0.029980 0.411828 0.347039 -0.149039 -0.027089 -0.125595 -0.298625 -0.130595 0.096642 0.040111 -0.079234 0.262246 0.017163 -0.177317 -0.185192 -0.268217 -0.476081 -0.169633 -0.236848 -0.277058 -0.116684 -0.401379 -0.309842 -0.031323 -0.068837 -0.027347 -0.152432 -0.277028 -0.184379 0.023632 -0.175661 0.310891 -0.047075 0.042693 -0.159852 0.242431 -0.219515 -0.373968 -0.425967 -0.027972 -0.178903 -0.227559 -0.089870 0.227827 0.003039 0.032075 -0.032665 -0.134901 -0.207760 -0.190937 -0.344962 -0.110247 -0.137605 0.530883 0.514423 0.464929 0.095026 0.279118 0.134863 0.327900 -0.150569 0.053372 0.095573 0.113532 0.012404 0.193986 0.008360 -0.112430 -0.088764 -0.146087 -0.132095 -0.293354 0.090508 -0.078609 -0.041017 -0.093555 -0.076119 -0.023929 -0.192143 0.149047 -0.016880 -0.264828 -0.143485 0.039967 0.163564 0.138625 0.171065
0.236423 0.274812 -0.346416 0.109788 0.525289 0.566692 0.103215 -0.017854 0.336124 0.432883 0.404608 0.357339 0.503761 0.642074 0.420409 1.000000 0.022123 0.007685 0.071665 0.082796 0.506346 0.261435 -0.035742 -0.126070 0.445011 0.189754 0.570693 0.456186 0.152366 0.445311 0.411182 0.076209 -0.314550 -0.289918 -0.277334 -0.239937 -0.285320 0.033884 -0.373696 -0.132406 0.112260 0.255021 0.087191 -0.001713 -0.099518 -0.425055 0.277781 0.019901 0.273557 0.098093 -0.414108 -0.033313 0.075165 0.119884 -0.255458 -0.121008 0.055699 -0.161217 0.350308 -0.026569 0.551938 0.434392 0.337102 0.255033 -0.095927 -0.108528 -0.367898 -0.441730 -0.132197 -0.218475 0.060636 0.108003 0.346342 0.198029 0.132781 0.067042 -0.299312 -0.268898 -0.042976 -0.221374 -0.044859 0.012462 0.010189 0.270094 0.019390 -0.003357 0.008205 -0.310196 -0.065573 -0.372678 0.188221 -0.091582 0.106819 -0.111698 -0.185172 -0.073329 -0.446786 -0.363802 0.105030 -0.002092 0.342369 0.185781 0.344537 -0.175867 -0.337856 -0.394842 -0.123973 -0.476689 -0.124755 -0.282044 -0.631865 -0.262662 0.163982 0.004235 -0.185225 -0.133131
0.210015 0.225217 -0.002801 -0.215683 -0.223755 -0.253365 -0.300045 0.039153 -0.171047 -0.107301 0.040726 -0.103043 0.005902 0.176415 -0.178535 0.022123 1.000000 0.475006 -0.013154 0.257895 -0.109507 0.081209 -0.364944 -0.498025 -0.364405 -0.281263 -0.114987 -0.112674 0.177350 0.337621 -0.354344 -0.394797 0.361165 -0.037474 -0.240106 -0.291673 0.208785 -0.036888 -0.169810 -0.088649 0.188921 -0.008186 -0.203786 -0.194890 -0.171484 -0.146656 -0.070246 -0.167864 -0.049091 -0.072096 -0.091681 -0.139506 0.049272 -0.206516 -0.138918 -0.169343 0.690841 0.612384 0.147896 0.185000 0.223544 0.079465 0.501560 0.450609 -0.423763 -0.055827 -0.117318 -0.176749 0.308994 0.187456 -0.108406 0.030458 0.255623 0.194875 0.117346 0.019248 0.282231 0.058062 0.623046 0.469067 0.731780 0.624037 -0.119939 -0.132482 -0.284540 -0.057507 -0.300334 -0.240670 -0.188874 -0.075805 -0.221866 -0.292994 -0.230300 -0.221195 0.008070 0.104655 -0.130440 -0.051672 0.066504 0.133963 0.181282 0.257464 0.181546 0.166060 -0.002030 -0.135229 -0.043132 -0.114046 -0.133739 -0.097923 -0.119736 0.045415 0.051928 0.001048 -0.028561 -0.041235
0.147009 0.189230 -0.124515 -0.015816 -0.350135 -0.371480 -0.364937 -0.027176 -0.195550 -0.240649 -0.120266 0.004442 -0.036171 0.179752 -0.104205 0.007685 0.475006 1.000000 -0.014714 0.283789 -0.251976 -0.197851 -0.299963 -0.338017 -0.370678 -0.363410 -0.264758 -0.249333 0.231020 0.462963 -0.351538 -0.249703 0.525697 0.045152 -0.264018 -0.264434 0.193735 -0.070451 -0.201993 -0.138204 0.084402 -0.169020 0.100993 0.093767 -0.044011 0.061872 0.026547 0.064632 -0.121212 0.100025 -0.270098 -0.109001 -0.006712 -0.036297 0.060512 0.027177 0.420622 0.404532 -0.001870 0.163362 0.114366 0.004928 0.359966 0.477449 -0.455045 -0.178464 -0.250998 -0.223974 0.185604 -0.041807 -0.324605 -0.316800 0.259697 -0.055870 -0.304872 -0.135931 0.094866 0.039894 0.398731 0.274274 0.433353 0.456731 -0.140839 -0.069711 -0.274644 -0.140125 -0.218261 -0.135691 -0.200362 -0.126679 -0.125582 -0.253892 -0.282317 -0.303382 0.233835 0.164594 0.046683 0.309255 0.058888 0.283381 0.110100 -0.039167 -0.038142 0.222100 0.077658 0.012174 0.079754 0.007667 -0.114917 0.191621 0.022741 0.101500 0.133926 -0.202171 0.204537 0.047499
0.365937 -0.211051 -0.173524 0.143067 -0.109470 -0.133250 0.208067 -0.262358 0.087924 0.057635 0.002613 -0.162443 0.080523 -0.080924 0.404678 0.071665 -0.013154 -0.014714 1.000000 0.456132 -0.007406 -0.142525 0.178820 0.326236 0.017540 -0.136655 -0.126558 -0.177646 0.273626 0.133391 0.316918 0.464452 0.095536 0.160437 -0.217729 -0.181381 0.011434 0.024258 -0.009228 -0.097159 0.145825 0.099725 -0.103699 -0.090358 -0.090411 -0.266891 -0.137509 -0.155821 -0.248183 -0.041808 -0.430948 -0.188405 0.024360 0.064679 -0.072782 -0.163740 -0.174687 -0.028284 -0.102998 0.069154 -0.031095 -0.206334 0.235004 0.043804 0.095612 -0.407428 -0.165706 -0.296349 0.036286 0.012671 -0.095747 -0.063926 0.221355 0.060599 0.043819 0.090713 0.005736 -0.115548 0.020323 -0.024444 0.023503 0.013196 0.438770 0.492659 0.292479 0.027155 0.253028 0.180359 -0.025984 -0.187687 0.135411 0.153177 -0.104038 0.010252 0.054117 0.129195 -0.238493 -0.036417 -0.149482 -0.106745 -0.230471 0.106633 -0.123522 -0.073580 -0.203890 -0.283472 -0.081705 -0.225894 0.035459 0.117293 -0.155761 -0.108630 -0.057106 0.123954 0.098992 0.139152
0.283166 0.053916 -0.208718 -0.115875 -0.037249 -0.140988 -0.005314 -0.336982 -0.025930 0.041932 0.032615 -0.223065 0.082842 0.103546 0.157662 0.082796 0.257895 0.283789 0.456132 1.000000 0.178728 0.099966 -0.061281 0.067275 -0.103170 -0.253879 -0.058402 -0.087216 0.457303 0.462817 0.157893 0.158308 0.258332 0.036467 -0.381365 -0.408882 0.106052 0.007728 -0.159310 -0.183162 0.029208 0.293202 -0.029635 -0.244867 -0.168924 -0.371487 0.054858 0.089492 -0.342021 -0.194564 -0.509051 -0.371321 0.184662 0.130979 -0.274005 -0.306105 0.061852 0.157618 -0.142665 -0.067394 -0.045798 -0.275918 0.334869 0.148790 -0.163209 -0.565206 -0.336895 -0.374942 0.335650 0.286174 0.142137 0.180746 0.453505 0.381646 0.170443 0.143617 0.168592 0.137275 0.216452 0.091837 0.284159 0.352447 0.237967 0.439600 0.168445 -0.104984 -0.182208 -0.137928 -0.153516 -0.416293 0.254659 0.158966 -0.180211 -0.045213 -0.140802 0.105766 -0.244075 -0.060692 0.062303 0.079666 -0.057842 0.149988 0.017946 0.132527 0.090721 -0.019490 -0.155558 0.036900 0.031501 0.203648 0.028467 0.123627 0.029525 0.124692 0.196091 -0.110393
0.083701 0.158145 -0.073559 -0.062790 0.530558 0.639680 -0.002353 -0.082490 0.065488 0.276553 0.018042 0.003310 0.094759 0.184303 0.006564 0.506346 -0.109507 -0.251976 -0.007406 0.178728 1.000000 0.693865 -0.015604 -0.044299 0.441230 0.321641 0.716464 0.651890 0.026405 0.177282 0.398749 -0.025111 -0.297270 -0.416263 -0.176304 -0.217081 -0.220401 0.205204 -0.102943 0.122915 -0.006122 0.523289 0.135145 -0.029658 0.009912 -0.245160 0.310408 0.072458 0.251319 -0.051036 -0.020951 0.086912 0.143592 0.205339 -0.283564 -0.099030 0.003845 -0.212623 0.120173 0.021713 0.069477 -0.023103 0.134233 -0.010209 -0.090279 -0.156226 -0.021900 -0.222773 0.084114 0.055675 0.640322 0.552778 0.281870 0.440577 0.453503 0.390312 -0.094077 -0.040580 -0.016199 -0.055369 0.002589 -0.100070 -0.136769 0.071226 -0.050695 -0.120301 -0.207929 -0.343715 -0.225278 -0.377706 0.221877 0.111701 0.117105 0.073822 -0.521782 -0.188628 -0.286566 -0.356204 0.188661 0.060297 0.362722 0.321778 0.557984 0.128774 0.040003 0.007323 -0.114605 -0.125963 -0.130051 -0.193589 -0.306309 0.008716 0.154880 0.144746 -0.161211 -0.149771
0.117478 0.131288 0.156699 -0.028795 0.339194 0.525327 -0.160424 -0.053785 -0.083721 0.097265 -0.048272 -0.153947 -0.198790 -0.146702 -0.125690 0.261435 0.081209 -0.197851 -0.142525 0.099966 0.693865 1.000000 0.110933 0.008843 0.311537 0.465508 0.546824 0.682783 -0.169692 0.026710 0.193110 -0.074561 -0.209342 -0.223289 0.170751 -0.027437 -0.232588 0.104132 0.057925 0.233632 0.007861 0.443530 0.054414 -0.014637 -0.098297 -0.183012 0.244560 0.100790 0.112730 -0.145952 0.228708 0.088176 0.055099 0.146824 -0.310349 -0.102462 0.221977 -0.006898 -0.011221 0.043597 -0.116444 -0.115167 -0.013210 -0.199070 -0.050214 0.103470 0.161373 0.024522 0.227087 0.165509 0.477242 0.527368 0.035630 0.356666 0.429893 0.315999 -0.027097 0.141662 0.048874 0.011269 0.012357 -0.120596 -0.218596 -0.052173 -0.165670 -0.140270 -0.342920 -0.261558 -0.178915 -0.153248 0.038926 0.009291 0.067705 -0.008558 -0.453831 -0.269458 -0.068882 -0.157736 0.068380 -0.010685 0.191989 0.246328 0.397809 0.175659 0.114074 0.081218 -0.197339 -0.024468 -0.151102 -0.155382 -0.054233 -0.014789 0.129662 0.017991 -0.334427 -0.168078
0.061379 -0.257127 0.232817 0.543748 0.280521 0.298119 0.341860 0.085003 0.321822 0.031190 -0.033740 -0.112443 -0.102168 -0.372486 0.404117 -0.035742 -0.364944 -0.299963 0.178820 -0.061281 -0.015604 0.110933 1.000000 0.798512 0.393985 0.515102 0.200056 0.350171 -0.321462 -0.410093 0.275572 0.373710 -0.305187 0.212160 0.493838 0.294909 -0.359849 -0.198213 0.228208 0.065261 -0.161987 -0.137362 -0.300245 -0.286618 -0.337662 -0.323192 -0.266751 -0.251223 -0.249963 -0.169670 0.182281 -0.175573 -0.129228 -0.025822 -0.012197 -0.258657 -0.289641 -0.189991 -0.281510 -0.231044 -0.241599 -0.060119 -0.510772 -0.527246 0.708128 0.324725 -0.049995 0.172587 0.125812 0.119969 -0.139507 0.089391 -0.341357 -0.089538 0.046981 -0.019314 -0.231788 -0.163310 -0.315266 -0.224494 -0.453181 -0.535478 0.270067 0.142338 0.402568 -0.143353 0.196592 0.322424 0.621219 0.324760 -0.111782 0.136245 0.420421 0.249572 -0.001856 -0.157464 -0.113612 -0.060979 -0.456142 -0.336596 -0.455083 -0.184885 -0.242822 -0.113430 -0.036681 0.017974 -0.028762 0.009424 -0.104561 -0.136834 -0.021015 -0.240706 -0.044674 -0.097322 -0.117814 0.157597
0.043093 -0.272642 0.086925 0.493805 0.213906 0.210753 0.344566 0.042097 0.143635 0.071403 -0.053669 0.002988 -0.218480 -0.356431 0.285790 -0.126070 -0.498025 -0.338017 0.326236 0.067275 -0.044299 0.008843 0.798512 1.000000 0.338978 0.446530 0.075939 0.207448 -0.100494 -0.304411 0.409628 0.673739 -0.362958 0.302692 0.410599 0.365714 -0.285777 -0.279915 0.114254 -0.072023 -0.227736 -0.161222 -0.208128 -0.225631 -0.250955 -0.238299 -0.252636 -0.209234 -0.326126 -0.211716 0.009998 -0.195245 -0.125871 0.035462 -0.144932 -0.228259 -0.460094 -0.317047 -0.460416 -0.268248 -0.469736 -0.141272 -0.540263 -0.500805 0.725870 0.161221 -0.052517 0.225578 -0.016321 0.015530 -0.098952 0.065080 -0.303785 -0.092816 -0.013737 0.077433 -0.240107 -0.125510 -0.344592 -0.259589 -0.485096 -0.480788 0.314394 0.369960 0.543712 0.111672 0.251780 0.414154 0.446889 0.146652 0.039307 0.182202 0.388443 0.174677 -0.021673 -0.112586 -0.225518 -0.066925 -0.446952 -0.326438 -0.491251 -0.266681 -0.359601 -0.316598 -0.136393 -0.088847 -0.147253 -0.028743 -0.019875 0.033106 0.058600 -0.221194 -0.150220 -0.046918 -0.083620 0.189183
0.088075 0.030907 -0.182618 0.305699 0.707414 0.793446 0.055621 -0.089733 0.260869 0.370243 -0.036339 0.004165 -0.004065 -0.042344 0.314790 0.445011 -0.364405 -0.370678 0.017540 -0.103170 0.441230 0.311537 0.393985 0.338978 1.000000 0.792357 0.702746 0.703550 -0.075381 -0.136472 0.638172 0.238114 -0.407299 -0.196773 0.229931 0.163284 -0.321137 0.167678 0.152775 0.143165 0.077470 0.081207 0.016769 -0.041225 -0.193738 -0.359830 0.101352 -0.093063 0.104435 -0.043180 0.096344 0.068529 -0.063183 0.149062 0.009684 0.007004 -0.228477 -0.249360 0.000609 -0.046503 -0.113457 0.021337 -0.359563 -0.304908 0.200186 0.132615 -0.070439 -0.063256 0.030033 -0.125890 0.120832 0.234872 0.094968 0.165985 0.157694 0.178464 -0.308752 -0.231285 -0.082759 -0.228394 -0.243698 -0.313115 0.119643 0.178921 0.152810 -0.132109 0.146593 0.312285 0.232891 0.058335 0.022811 -0.156979 0.152874 -0.146792 -0.113873 -0.224808 -0.285069 -0.326267 -0.118078 -0.211845 -0.077152 -0.153667 0.115566 -0.201784 -0.171354 -0.135228 -0.214168 -0.157126 -0.001920 -0.278815 -0.346399 -0.282836 -0.048814 0.031746 -0.188731 0.038022
-0.009859 0.083135 0.097253 0.423523 0.519509 0.725980 -0.089584 0.096986 0.103246 0.173203 -0.149895 0.008036 -0.300295 -0.260139 0.084254 0.189754 -0.281263 -0.363410 -0.136655 -0.253879 0.321641 0.465508 0.515102 0.446530 0.792357 1.000000 0.630108 0.765218 -0.247605 -0.254352 0.426007 0.233387 -0.399720 -0.021467 0.429304 0.302987 -0.294450 0.140991 0.282572 0.279648 -0.015438 0.088765 -0.086650 -0.040018 -0.242135 -0.227560 0.070559 -0.061801 0.068776 -0.053862 0.339516 0.112088 -0.106762 0.111681 -0.037763 0.051986 -0.129384 -0.136663 -0.165119 -0.089097 -0.313836 0.002070 -0.557131 -0.439701 0.311025 0.424185 -0.006739 0.169155 0.126137 0.018194 0.083330 0.256586 -0.136280 0.101252 0.193321 0.162847 -0.347189 -0.174890 -0.037177 -0.100997 -0.273427 -0.351102 -0.074583 0.014132 0.011561 -0.083592 -0.003265 0.359026 0.257388 0.272177 -0.166108 -0.298766 0.252527 -0.169507 -0.127718 -0.189301 -0.095816 -0.182898 -0.240631 -0.254760 -0.166238 -0.277004 -0.014590 -0.231623 -0.174268 -0.091741 -0.257930 -0.127897 -0.023303 -0.194949 -0.178918 -0.266492 -0.089065 -0.029423 -0.291479 0.045607
0.144246 0.139332 -0.100781 0.178371 0.735945 0.933465 0.089136 0.091230 0.341062 0.371941 0.069613 0.107461 0.139242 0.176520 0.118341 0.570693 -0.114987 -0.264758 -0.126558 -0.058402 0.716464 0.546824 0.200056 0.075939 0.702746 0.630108 1.000000 0.900080 -0.075710 0.053705 0.462214 -0.051634 -0.363570 -0.435274 -0.072508 -0.178402 -0.460083 0.013061 -0.056302 0.129995 -0.024482 0.196036 0.110213 0.004775 -0.024420 -0.271290 0.305563 -0.004947 0.300810 0.035074 0.102066 0.055123 0.078879 0.148052 -0.128112 -0.069977 -0.042540 -0.168387 0.141587 -0.078387 0.127799 0.127375 -0.040774 -0.095831 0.071612 0.117535 -0.130209 -0.198575 0.109252 0.013580 0.273376 0.339381 0.220337 0.165290 0.364756 0.137833 -0.327371 -0.315247 -0.027420 -0.057532 -0.048566 -0.178894 -0.032134 0.047454 -0.031300 -0.155331 -0.086318 -0.141572 0.087308 -0.133285 0.102687 -0.071657 0.188003 -0.031571 -0.509269 -0.330910 -0.366063 -0.500632 0.018140 -0.133442 0.090637 0.171972 0.365748 -0.004894 -0.073719 -0.086188 -0.105153 -0.211359 -0.261692 -0.384688 -0.484461 -0.187113 0.125544 -0.002322 -0.363600 -0.152406
0.134070 0.144175 0.036682 0.280452 0.643897 0.901079 0.004383 0.104335 0.158707 0.216637 -0.009800 0.053586 -0.011941 -0.022908 0.074902 0.456186 -0.112674 -0.249333 -0.177646 -0.087216 0.651890 0.682783 0.350171 0.207448 0.703550 0.765218 0.900080 1.000000 -0.251026 -0.069817 0.389659 -0.020465 -0.300963 -0.221397 0.202324 0.034255 -0.436022 0.026948 0.053527 0.145067 0.001176 0.152159 0.012967 -0.008814 -0.161611 -0.237014 0.203241 -0.047664 0.194451 -0.088886 0.243263 0.037411 -0.045061 0.084513 -0.152590 -0.121346 -0.003188 -0.117724 -0.026204 -0.140323 -0.027031 0.018745 -0.178650 -0.292914 0.166364 0.273271 -0.029717 0.003401 0.194006 0.023617 0.206509 0.319495 0.072721 0.195023 0.378470 0.241734 -0.289537 -0.252757 -0.048131 -0.125392 -0.125015 -0.269350 -0.091842 -0.040069 -0.025470 -0.142340 -0.097535 -0.071416 0.156155 -0.025309 -0.037684 -0.122063 0.258402 -0.021056 -0.423286 -0.368048 -0.242417 -0.399015 -0.113555 -0.172561 0.052364 0.074476 0.315968 0.032791 -0.034500 -0.039321 -0.059395 -0.202601 -0.223362 -0.387727 -0.343355 -0.257326 0.076176 0.020167 -0.411057 -0.108916
0.131931 -0.135151 -0.474680 -0.321017 -0.022896 -0.124818 -0.052149 -0.407157 0.021359 0.066337 0.029050 0.047983 0.202249 0.272520 0.223314 0.152366 0.177350 0.231020 0.273626 0.457303 0.026405 -0.169692 -0.321462 -0.100494 -0.075381 -0.247605 -0.075710 -0.251026 1.000000 0.584233 0.322760 0.269261 0.058068 -0.214717 -0.552160 -0.416063 0.360361 0.271931 -0.139668 -0.204361 0.170008 0.304044 0.142834 0.016869 0.074130 -0.206041 0.124769 0.043349 -0.287116 -0.018662 -0.564075 -0.260089 0.127533 0.111668 -0.104653 -0.009893 -0.072436 -0.037431 -0.090086 -0.140946 0.060641 -0.213777 0.396589 0.331779 -0.278467 -0.635563 -0.472515 -0.554567 -0.176198 -0.242264 0.106147 0.051278 0.717488 0.183240 0.010970 0.066750 0.156414 0.194208 0.341709 0.147117 0.404728 0.589503 0.110523 0.581185 0.149401 0.306498 -0.204062 -0.069336 -0.419177 -0.553612 0.225323 -0.082782 -0.368642 -0.298019 0.087830 0.149237 -0.170243 0.031006 0.283167 0.149587 -0.145481 0.069965 -0.104921 -0.039910 -0.087820 -0.027387 -0.234079 -0.116151 0.105067 0.252590 -0.138592 0.153736 -0.085658 0.177752 0.375121 0.024320
0.140579 0.192769 -0.337931 -0.159619 0.035607 -0.055606 -0.118981 -0.202534 0.044176 0.178679 0.183716 0.303944 0.237184 0.551210 0.029980 0.445311 0.337621 0.462963 0.133391 0.462817 0.177282 0.026710 -0.410093 -0.304411 -0.136472 -0.254352 0.053705 -0.069817 0.584233 1.000000 0.241951 0.104769 0.105002 -0.168269 -0.573487 -0.411547 0.262251 0.090354 -0.390127 -0.279361 0.182837 0.245425 0.148978 0.042441 0.031859 -0.213379 0.254054 0.128097 0.130399 0.154654 -0.512242 -0.091530 0.149847 0.151736 -0.263150 -0.057198 0.136131 0.061116 0.110350 -0.100588 0.297498 0.134859 0.515863 0.529493 -0.428390 -0.459623 -0.555776 -0.552287 -0.087544 -0.202605 0.100855 0.059136 0.659482 0.354277 0.080625 0.194736 0.164654 0.119114 0.348438 0.279382 0.372731 0.565686 -0.079777 0.367946 -0.128290 0.098544 -0.237876 -0.344971 -0.489133 -0.602566 0.138566 -0.185186 -0.284195 -0.293509 -0.035363 0.227080 -0.301709 -0.100243 0.239038 0.111243 0.212107 0.007586 -0.000971 -0.089776 -0.221188 -0.239790 -0.232447 -0.307206 -0.046959 0.136380 -0.330395 -0.014983 -0.037863 -0.025508 0.192865 -0.136084
0.171940 -0.152246 -0.206724 0.093236 0.577537 0.557297 0.359305 -0.187114 0.302516 0.451973 0.124154 0.176766 0.225527 0.120780 0.411828 0.411182 -0.354344 -0.351538 0.316918 0.157893 0.398749 0.193110 0.275572 0.409628 0.638172 0.426007 0.462214 0.389659 0.322760 0.241951 1.000000 0.695157 -0.377277 -0.086702 -0.019878 -0.051689 -0.125179 0.143383 -0.019051 0.039427 0.153934 0.254144 -0.095143 -0.154889 -0.161545 -0.428817 0.034684 -0.162727 -0.049860 -0.128388 -0.288815 -0.196497 -0.199425 0.044058 -0.289727 -0.126242 -0.395456 -0.378070 -0.043665 -0.292057 -0.003157 -0.007977 -0.123385 -0.140293 0.279789 -0.180736 -0.271962 -0.319804 -0.197689 -0.330001 0.132385 0.244378 0.345951 0.247518 0.271754 0.333799 -0.090471 -0.050794 0.044758 -0.214394 -0.119520 -0.075781 0.285190 0.569575 0.381511 0.095074 0.129664 0.072593 0.010184 -0.363033 0.021576 -0.121949 -0.022799 -0.150950 -0.015112 0.042100 -0.318982 -0.250291 -0.116394 -0.299995 -0.114032 -0.062170 -0.068763 -0.268655 -0.312893 -0.161894 -0.407283 -0.320951 0.068635 -0.012494 -0.324266 -0.238260 -0.154666 0.076960 -0.001193 0.029363
0.015264 -0.286181 -0.015895 0.204933 0.204147 0.093135 0.353186 -0.034992 0.128194 0.302311 0.121081 0.190685 -0.010941 -0.023164 0.347039 0.076209 -0.394797 -0.249703 0.464452 0.158308 -0.025111 -0.074561 0.373710 0.673739 0.238114 0.233387 -0.051634 -0.020465 0.269261 0.104769 0.695157 1.000000 -0.312951 0.419128 0.191954 0.233718 -0.072967 -0.096087 -0.056296 -0.071741 -0.023795 0.084877 -0.233999 -0.218340 -0.275971 -0.300670 -0.294257 -0.213436 -0.365280 -0.292280 -0.393286 -0.347947 -0.309706 -0.129358 -0.382163 -0.286967 -0.501285 -0.412368 -0.323296 -0.304577 -0.203679 -0.025599 -0.255043 -0.192247 0.510687 -0.084233 -0.152892 0.002243 -0.319460 -0.296316 -0.059033 0.113127 0.025409 0.018049 -0.017122 0.196454 -0.021193 0.156250 -0.080883 -0.234826 -0.285440 -0.156405 0.295403 0.638441 0.493808 0.317256 0.138058 0.190868 0.099013 -0.249533 0.016349 -0.016923 0.087344 -0.072555 0.165553 0.095171 -0.261678 -0.017532 -0.385435 -0.414087 -0.265468 -0.189112 -0.319967 -0.343216 -0.352770 -0.229331 -0.400980 -0.261388 0.146584 0.189741 -0.045430 -0.319845 -0.360824 0.002125 0.052473 0.114673
0.090375 -0.061991 0.124257 -0.111377 -0.501663 -0.481474 -0.168381 -0.072706 -0.316993 -0.482106 -0.200109 -0.414005 -0.063608 -0.218488 -0.149039 -0.314550 0.361165 0.525697 0.095536 0.258332 -0.297270 -0.209342 -0.305187 -0.362958 -0.407299 -0.399720 -0.363570 -0.300963 0.058068 0.105002 -0.377277 -0.312951 1.000000 0.267969 -0.180530 -0.286711 0.328079 0.078471 0.166267 -0.029030 0.245707 -0.183985 0.144834 0.262201 0.188340 0.248774 -0.056800 0.025762 -0.047292 0.104895 0.032345 -0.037385 -0.145804 -0.073523 0.186792 0.075319 0.244959 0.374763 -0.033852 0.038484 0.059642 -0.361748 0.362196 0.153367 -0.381743 -0.238161 0.077127 -0.099558 0.262419 0.074737 -0.283320 -0.303940 0.191601 -0.126758 -0.121831 -0.073747 0.338067 0.021247 0.283846 0.339934 0.321325 0.310416 -0.095432 -0.220399 -0.325952 -0.011020 -0.136683 -0.111013 -0.299505 -0.047966 -0.210923 -0.138364 -0.328743 -0.124718 0.266313 0.122223 0.267966 0.247878 0.046517 0.233101 -0.029196 0.051470 -0.026236 0.375359 0.179178 0.144334 0.260580 0.019886 0.031384 0.122427 0.135698 0.108079 0.101542 -0.056389 0.284001 -0.009524
-0.177138 -0.184625 0.432280 0.332364 -0.269289 -0.329912 0.135514 0.328792 -0.152171 -0.091133 -0.010340 0.006856 -0.180092 -0.260975 -0.027089 -0.289918 -0.037474 0.045152 0.160437 0.036467 -0.416263 -0.223289 0.212160 0.302692 -0.196773 -0.021467 -0.435274 -0.221397 -0.214717 -0.168269 -0.086702 0.419128 0.267969 1.000000 0.466914 0.476776 -0.007552 -0.188474 -0.036431 -0.138560 -0.110264 -0.246162 -0.297725 -0.157819 -0.342758 -0.006769 -0.516563 -0.218114 -0.350282 -0.396196 0.015058 -0.333648 -0.377145 -0.380278 -0.245652 -0.403538 -0.157681 -0.075815 -0.363995 -0.246340 -0.162978 -0.056768 -0.263826 -0.216294 0.323424 0.305906 0.233638 0.485341 0.011554 0.065522 -0.312725 -0.070441 -0.291968 -0.236985 -0.282094 0.069295 0.196058 0.247141 -0.054631 -0.069948 -0.209158 -0.149133 -0.036211 0.011795 0.086179 0.145114 -0.009576 0.022422 0.161669 0.085140 -0.175626 -0.056954 0.168842 -0.022524 0.286613 0.012718 -0.027664 0.137621 -0.591192 -0.422858 -0.216703 -0.249367 -0.258860 -0.061279 -0.144025 -0.126074 0.020817 -0.059950 0.086700 0.076680 0.219858 -0.328456 -0.317847 -0.179864 0.024620 0.066779
-0.157377 -0.047100 0.394565 0.351462 0.037771 0.057913 -0.005101 0.213502 -0.220243 -0.113022 -0.110703 -0.029339 -0.373693 -0.463674 -0.125595 -0.277334 -0.240106 -0.264018 -0.217729 -0.381365 -0.176304 0.170751 0.493838 0.410599 0.229931 0.429304 -0.072508 0.202324 -0.552160 -0.573487 -0.019878 0.191954 -0.180530 0.466914 1.000000 0.798753 -0.181895 -0.155744 0.207431 0.047241 -0.145978 -0.244260 -0.343790 -0.189583 -0.389759 -0.021052 -0.406313 -0.244821 -0.187688 -0.392733 0.463270 -0.067868 -0.316510 -0.266681 -0.057417 -0.244450 -0.092716 -0.069752 -0.192656 -0.078202 -0.355632 -0.048801 -0.578282 -0.543634 0.441456 0.642439 0.508575 0.704520 0.047461 0.012411 -0.128926 0.049559 -0.539967 -0.105752 -0.063527 0.182698 0.009101 0.254234 -0.153761 -0.268081 -0.425237 -0.518127 -0.125159 -0.241154 0.154233 -0.026163 0.141299 0.274820 0.467260 0.418365 -0.299420 -0.063676 0.314581 0.079293 0.167803 -0.178316 0.109493 0.045915 -0.476611 -0.312825 -0.114890 -0.188111 -0.099402 0.052051 0.041287 0.083047 0.001531 0.117551 0.010909 -0.147621 0.279866 -0.347741 -0.202836 -0.181228 -0.326162 0.102644
-0.391718 -0.030806 0.251558 0.307355 0.060040 -0.025945 -0.039936 0.274279 -0.236175 0.024400 -0.067646 0.165890 -0.378324 -0.225068 -0.298625 -0.239937 -0.291673 -0.264434 -0.181381 -0.408882 -0.217081 -0.027437 0.294909 0.365714 0.163284 0.302987 -0.178402 0.034255 -0.416063 -0.411547 -0.051689 0.233718 -0.286711 0.476776 0.798753 1.000000 -0.190364 -0.223169 0.007938 -0.101208 -0.301277 -0.246466 -0.193355 -0.096436 -0.230486 0.154551 -0.326939 -0.178264 -0.077639 -0.250401 0.324283 0.057796 -0.229267 -0.156868 -0.069282 -0.171997 -0.170749 -0.253284 -0.212983 -0.077952 -0.410739 0.127891 -0.530947 -0.411413 0.344611 0.558234 0.475069 0.782753 -0.211071 -0.098619 -0.086543 -0.000714 -0.522620 -0.112004 -0.244167 0.080600 -0.092576 0.204961 -0.268851 -0.285761 -0.484113 -0.456669 -0.224371 -0.242441 0.128964 0.108906 0.218619 0.275294 0.259097 0.292674 -0.102747 0.002161 0.333934 0.097030 0.194393 -0.080296 -0.037621 -0.024496 -0.326672 -0.252451 0.013500 -0.300534 -0.122786 -0.166386 -0.063260 -0.067565 0.018543 0.102750 0.077543 -0.123141 0.207140 -0.292464 -0.244279 -0.083482 -0.271802 0.108244
