1.000000 0.235552 0.289362 0.006123 0.151491 -0.082450 0.319194 -0.274917 0.248956 0.138435 0.718041 0.335775 0.222701 0.057872 0.513273 0.144977 0.370887 0.140723 0.301649 0.110315 -0.037908 0.036538 0.257513 0.257230 -0.196031 -0.094137 -0.075416 0.073166 0.426746 -0.155249 0.225418 0.112799 -0.136626 0.163597 -0.233043 -0.109112 0.028567 0.061633 -0.003254 0.044408 0.046433 0.089435 -0.418958 -0.395371 -0.230187 -0.246394 -0.328099 -0.428606 -0.156168 -0.358463 -0.144307 -0.453865 -0.311922 -0.312224 -0.168911 -0.245665 0.394769 0.296377 0.012555 -0.161809 0.399383 0.062493 0.241092 -0.000291 0.440948 -0.066613 -0.197970 -0.233837 0.206607 0.122379 -0.006548 -0.201277 -0.009635 -0.050319 0.000301 0.133267 0.056796 0.051677 0.137678 -0.138704 0.110492 -0.030028 0.568975 0.104180 0.352564 0.090203 0.293274 0.139515 0.428985 0.017154 -0.247176 -0.011342 -0.121608 0.164439 0.020974 -0.153865 -0.248949 -0.157542 -0.304673 -0.251925 -0.274768 -0.202813 -0.492754 -0.062985 -0.134540 -0.045530 -0.192043 0.044058 -0.058413 0.164259 -0.152954 -0.197275 -0.092308 -0.204167 -0.267896 -0.068416
0.235552 1.000000 0.138903 0.388880 -0.172041 0.370909 -0.114293 0.434952 0.041141 0.420783 -0.105905 0.323122 -0.199261 0.223616 -0.129858 0.241617 -0.003904 0.133533 -0.001453 0.242774 -0.444243 -0.361548 -0.046157 0.048600 -0.187980 -0.115509 0.022281 0.058422 -0.322598 -0.096810 -0.145704 -0.193320 -0.099219 0.028645 -0.081143 0.015351 -0.070544 -0.062478 -0.201672 0.177106 -0.099048 -0.038498 -0.460154 -0.260166 -0.280833 -0.209355 -0.325590 -0.109909 -0.158390 -0.221133 -0.104164 -0.164753 -0.180674 -0.316382 0.053106 -0.017384 0.276339 0.392082 0.095999 0.338060 0.104757 0.316712 -0.051909 0.122741 -0.026035 0.337713 0.029297 0.155108 0.283496 0.013231 -0.341290 -0.318702 -0.439220 -0.532184 -0.331328 -0.141221 -0.384942 -0.335268 0.117411 -0.037040 -0.066238 -0.064395 -0.114062 -0.114994 0.087255 0.160312 -0.021169 0.123632 0.115582 0.323723 0.027661 -0.062704 0.155152 -0.241263 0.106157 0.077379 0.190074 -0.085567 0.047391 0.056920 -0.089579 -0.282448 -0.035398 -0.106410 -0.061083 -0.209612 0.315314 0.139033 0.241700 -0.016462 0.031948 0.052989 -0.115714 -0.069013 -0.096518 -0.003190
0.289362 0.138903 1.000000 0.291683 0.524467 0.117367 0.478091 0.069718 0.454230 0.172807 0.272106 0.080624 0.162586 -0.151525 0.208131 -0.341379 -0.085961 -0.412697 0.203675 -0.380772 -0.155552 -0.239113 0.504358 0.254813 0.205712 -0.030994 0.183469 0.067438 -0.194432 -0.544666 0.314679 -0.117744 -0.334530 -0.121861 0.244653 0.006589 -0.437963 -0.481222 -0.305032 -0.313640 -0.454721 -0.332687 -0.161800 -0.018173 -0.045089 -0.013475 -0.223555 -0.188881 0.187890 -0.099959 0.477057 -0.032983 -0.326820 -0.415568 -0.007410 -0.101151 -0.150572 0.060302 0.199878 0.035250 0.172867 -0.220470 -0.073182 -0.397296 0.376746 0.147863 0.276666 0.356989 -0.012047 0.232508 0.010040 -0.369245 -0.309046 -0.300623 -0.233980 -0.250359 -0.156938 -0.250408 -0.178887 -0.036506 -0.407110 -0.451656 -0.095694 -0.488970 0.002052 0.066209 -0.015411 -0.148843 0.355320 0.091400 -0.260221 -0.048577 -0.082786 0.316670 0.221619 -0.119196 0.188287 -0.091580 -0.089705 -0.191290 -0.307308 0.038436 -0.370720 0.155287 0.087781 0.002062 -0.042194 0.218671 0.039523 0.235933 0.290094 -0.245623 -0.307399 -0.203724 -0.024940 -0.016576
0.006123 0.388880 0.291683 1.000000 -0.053339 0.432649 0.164069 0.290514 0.049917 0.258599 -0.070285 0.113354 -0.573554 -0.171173 -0.060150 -0.072737 -0.279999 -0.403507 0.473674 0.116582 -0.099477 -0.116861 0.564263 0.611356 0.292098 0.318456 0.303142 0.386273 -0.454867 -0.304085 0.348859 0.180201 -0.193474 -0.216747 0.112575 -0.029685 -0.271397 -0.227731 -0.382233 -0.050792 -0.213168 -0.074250 -0.228435 -0.122154 -0.424937 -0.314836 -0.350451 -0.091231 -0.357660 -0.332175 0.038964 -0.201114 -0.264975 -0.112981 -0.053373 -0.330032 -0.020572 0.251189 -0.195576 0.011305 -0.190876 -0.128890 -0.349113 -0.259517 0.446035 0.044413 -0.079967 0.151180 0.354337 0.218229 -0.067944 -0.289938 -0.537755 -0.322676 -0.198281 -0.259532 -0.378442 -0.226769 0.012320 -0.054072 -0.236702 -0.303372 0.107323 -0.040556 0.264416 0.482004 0.216467 0.125827 0.424122 0.461364 0.080958 0.058881 0.398755 0.067179 -0.069294 -0.164756 -0.112343 -0.230720 -0.325225 -0.252913 0.052831 -0.042081 -0.149152 -0.024619 -0.137351 0.094168 0.071458 -0.033644 -0.064392 0.059396 0.270036 -0.077691 -0.083146 -0.085904 -0.011416 -0.096460
0.151491 -0.172041 0.524467 -0.053339 1.000000 0.111171 0.367140 0.003328 0.648826 0.295268 0.281173 0.077250 0.336700 -0.014840 0.304071 -0.158696 -0.032838 -0.197593 0.071474 -0.118718 0.021365 0.022366 0.146040 0.093150 0.254038 -0.123607 0.227736 -0.049192 0.131028 -0.195686 0.141868 -0.081691 -0.246785 -0.080083 0.187779 0.051316 -0.222514 -0.284848 -0.158684 -0.414928 -0.170284 -0.198132 -0.004979 -0.001694 0.211264 0.224240 -0.126871 -0.188193 0.282591 0.113221 0.228035 0.098154 -0.174268 -0.260717 -0.075105 -0.210075 -0.258873 -0.206138 0.075093 -0.043158 0.126813 -0.141612 0.007081 -0.249062 0.164357 0.078739 0.107516 0.228742 -0.193191 0.190153 0.136461 -0.030456 -0.080311 -0.136805 -0.153864 -0.224621 -0.078063 -0.174637 -0.301292 -0.283979 -0.186734 -0.308519 0.014328 -0.162362 0.008432 -0.295722 -0.129544 -0.192996 0.097274 -0.210748 -0.005644 0.242168 0.010019 0.471420 -0.018087 0.012873 -0.129860 -0.177798 -0.085010 -0.184727 0.000141 0.114053 -0.152643 0.130312 0.071733 0.080785 -0.136757 0.156702 0.021783 0.050020 -0.018440 -0.167857 -0.163405 0.012567 0.036550 0.041514
-0.082450 0.370909 0.117367 0.432649 0.111171 1.000000 -0.135004 0.430423 0.049538 0.320808 -0.248967 0.067349 -0.304944 0.062745 -0.259849 -0.039341 -0.124712 -0.187027 0.120899 -0.033465 -0.020946 0.095283 0.185151 0.172574 0.335440 0.323423 0.680923 0.606232 -0.432474 -0.229616 0.013001 -0.030629 0.090186 -0.065209 0.180314 -0.004843 -0.248107 -0.203614 -0.149418 0.085503 -0.209650 -0.078848 -0.224973 -0.052099 -0.177564 -0.116938 -0.107131 -0.064464 -0.102904 -0.126474 0.051871 -0.037462 -0.073477 -0.148330 -0.068783 -0.104095 0.010143 0.283188 -0.063305 0.101909 -0.221726 -0.059318 -0.288678 -0.169338 0.033721 0.140009 0.031378 0.169837 0.105692 0.055605 -0.027622 -0.133475 -0.384145 -0.339817 -0.264322 -0.342588 -0.428737 -0.205495 0.041010 -0.168597 -0.252602 -0.229141 -0.152437 -0.235983 -0.019668 0.115766 -0.076174 -0.124255 0.058784 0.181240 -0.082188 -0.028358 0.059460 -0.146741 0.146270 0.210579 -0.016584 0.049928 -0.098250 -0.051822 -0.140768 -0.225976 -0.095511 0.051100 -0.049008 0.254471 0.044414 0.047151 0.326110 0.117274 0.160944 0.022992 0.005584 0.042759 0.198934 0.190130
0.319194 -0.114293 0.478091 0.164069 0.367140 -0.135004 1.000000 0.094395 0.455556 0.017101 0.353016 0.036940 0.264040 -0.018352 0.246258 -0.027714 0.020473 -0.189283 0.372196 -0.130983 0.127537 0.171310 0.263978 0.201559 0.092626 0.157231 -0.003899 -0.167469 0.144782 -0.134446 0.393328 0.278566 -0.070277 0.084345 -0.119741 -0.187641 -0.300659 -0.248395 -0.167234 -0.168268 -0.104449 -0.191084 -0.064756 -0.173654 -0.076161 -0.066113 -0.183397 -0.220721 -0.073620 -0.183654 -0.133625 -0.185778 -0.198689 -0.047347 -0.180883 -0.234742 -0.161822 -0.115648 0.104746 -0.189603 0.313178 0.062603 0.142586 -0.043243 0.479940 -0.038686 -0.125903 -0.141429 -0.105835 0.029473 0.241153 0.043632 0.057273 0.007744 -0.045513 -0.075364 0.088865 0.082762 -0.328669 -0.041000 -0.110533 -0.223424 0.208252 -0.047090 -0.000185 -0.083804 0.050635 0.053992 0.214079 0.043201 -0.057749 0.050921 -0.000209 0.344719 0.059694 -0.186635 -0.210861 -0.088886 -0.312688 -0.351938 -0.006726 0.248361 -0.196867 -0.093367 -0.269390 -0.078476 -0.101549 -0.110496 -0.001639 0.017845 -0.227337 -0.304991 -0.327535 -0.323319 -0.100351 -0.055628
-0.274917 0.434952 0.069718 0.290514 0.003328 0.430423 0.094395 1.000000 0.144824 0.324893 -0.277247 0.167794 -0.049116 0.423171 -0.369982 0.055238 -0.246475 -0.121885 -0.031133 -0.014934 -0.226972 -0.133562 -0.233314 0.023581 0.141715 0.158040 0.091494 0.014453 -0.498796 -0.083649 -0.205939 0.003304 0.092825 -0.019903 0.088074 0.135079 -0.352596 -0.313026 -0.322051 -0.070701 -0.178579 -0.306713 -0.073974 -0.026546 0.067074 0.228063 -0.168575 -0.022761 0.049973 0.135265 -0.043302 0.171609 -0.113987 -0.136575 -0.191194 0.015923 -0.359310 -0.121710 0.059403 0.339691 0.006689 0.263052 -0.001605 0.018180 -0.110581 0.521755 0.059938 0.352056 -0.174943 -0.052906 -0.074329 -0.067916 -0.371484 -0.427620 -0.504919 -0.454471 -0.400965 -0.246256 -0.351571 -0.328600 -0.396691 -0.420981 -0.366046 -0.265841 -0.341159 -0.177358 -0.312629 -0.200187 -0.315659 0.190662 0.038255 -0.049767 0.317548 -0.091305 0.072766 0.085709 0.084898 -0.048477 -0.048799 -0.055858 0.228435 -0.092467 0.289215 -0.070212 -0.145260 0.010931 0.251936 0.033638 0.243418 -0.046558 -0.080546 -0.197265 -0.184767 -0.160889 0.029890 0.012677
0.248956 0.041141 0.454230 0.049917 0.648826 0.049538 0.455556 0.144824 1.000000 0.564886 0.485664 0.338986 0.454133 0.386434 0.362084 0.085560 0.015750 -0.017280 0.107677 -0.085828 0.016024 -0.044028 -0.023638 -0.006125 0.169491 -0.139424 -0.073422 -0.301305 0.204837 -0.207820 0.031271 -0.082783 -0.303943 0.029067 -0.045903 -0.014262 -0.230055 -0.334654 -0.336162 -0.329353 -0.144403 -0.192391 -0.148923 -0.169111 -0.001098 0.097505 -0.326049 -0.164984 0.302312 -0.104754 0.090941 -0.000191 -0.178637 -0.303811 -0.103617 -0.306581 -0.228310 -0.096313 0.118198 0.009421 0.377563 0.120913 0.009704 -0.095515 0.293703 0.388220 -0.011023 0.137094 0.044295 0.242817 -0.044041 -0.201850 -0.155012 -0.276186 -0.227192 -0.071686 -0.167491 -0.236988 -0.204112 -0.318923 -0.204442 -0.339990 0.052858 -0.198763 -0.062310 -0.268112 -0.089435 -0.115037 -0.004329 -0.150432 0.125425 0.311408 0.192383 0.413146 0.228991 -0.036588 -0.127494 -0.134292 -0.108762 -0.137465 0.045542 0.020492 -0.196524 -0.097637 -0.161095 -0.086178 0.082405 0.202809 0.083123 0.034130 -0.156351 -0.065022 -0.111329 -0.082586 0.082412 0.073699
0.138435 0.420783 0.172807 0.258599 0.295268 0.320808 0.017101 0.324893 0.564886 1.000000 0.215188 0.692704 0.141531 0.507583 -0.056081 0.337654 -0.212836 0.038054 -0.076858 0.057498 -0.213634 -0.122149 -0.197649 0.113833 0.126708 -0.128089 -0.091274 -0.202942 -0.215118 -0.063612 -0.149802 -0.157680 -0.185872 -0.005943 0.132423 0.296925 -0.240014 -0.192452 -0.425652 -0.079491 -0.158807 -0.114865 -0.170551 -0.037662 0.094143 0.211180 -0.345868 -0.100401 0.168398 0.022112 0.028540 0.126119 -0.184351 -0.214266 -0.057746 -0.123641 -0.226829 -0.125428 0.017860 0.121374 0.064060 0.095660 -0.045139 -0.112396 0.100203 0.502928 0.036790 0.321879 0.001273 0.119282 -0.216046 -0.265140 -0.464052 -0.462889 -0.409730 -0.115191 -0.456943 -0.336932 -0.203870 -0.330525 -0.366165 -0.400986 -0.139530 -0.123917 -0.113324 -0.077860 -0.083269 0.054149 -0.094047 0.021110 0.111737 0.204121 0.463976 0.243716 0.177133 0.142863 -0.095895 -0.165540 0.084968 0.067102 0.181054 -0.098906 -0.113644 -0.195400 -0.134988 -0.150913 0.280842 0.170987 0.188538 -0.041066 -0.076694 0.001054 -0.063707 0.014020 0.003711 0.180712
0.718041 -0.105905 0.272106 -0.070285 0.281173 -0.248967 0.353016 -0.277247 0.485664 0.215188 1.000000 0.431675 0.507159 0.157963 0.718932 0.190412 0.280686 0.093213 0.202107 -0.041400 0.018284 0.005554 0.212599 0.300734 -0.039438 -0.015004 -0.125662 -0.113876 0.566124 -0.129333 0.349667 0.241963 -0.204991 0.185308 -0.133714 -0.054477 0.008134 -0.045776 -0.128010 -0.151142 0.126587 0.014582 -0.248855 -0.277851 -0.190604 -0.141695 -0.322206 -0.385013 -0.071233 -0.341143 -0.030203 -0.342526 -0.318486 -0.280068 -0.196289 -0.388894 0.076245 0.037076 -0.151275 -0.304128 0.430526 0.052472 0.234702 -0.046347 0.579813 0.119057 -0.319584 -0.247648 0.003201 0.111808 0.064667 -0.134803 0.043466 0.023436 0.014301 0.108117 0.052696 -0.000497 0.061445 -0.119074 0.027729 -0.094059 0.564996 0.114623 0.311287 0.029586 0.175081 0.032704 0.343085 -0.167822 -0.208989 0.002203 0.001458 0.295839 0.017961 -0.114298 -0.287078 -0.202377 -0.320580 -0.385851 -0.077768 -0.136001 -0.458272 -0.070906 -0.101289 -0.030783 -0.186830 -0.073452 -0.072583 0.034895 -0.187932 -0.230536 -0.179077 -0.124117 -0.099280 0.038866
0.335775 0.323122 0.080624 0.113354 0.077250 0.067349 0.036940 0.167794 0.338986 0.692704 0.431675 1.000000 0.312688 0.598257 0.187543 0.412627 -0.103843 0.218387 -0.174208 0.137145 -0.115747 -0.176319 -0.225235 0.099002 -0.043097 -0.062121 -0.146030 -0.170988 0.013916 0.186159 0.021393 0.129493 -0.228215 0.228299 -0.015815 0.283573 -0.041709 0.037997 -0.113423 0.048671 0.171734 0.070948 -0.193465 -0.078636 0.005917 0.128448 -0.247640 -0.160935 0.002981 -0.128715 -0.046574 -0.089987 -0.397086 -0.371520 -0.108866 -0.045181 -0.017014 -0.120625 -0.212167 -0.192544 0.051949 0.050672 -0.120649 -0.182577 0.147138 0.552177 -0.300264 0.031622 -0.134980 -0.078954 -0.074898 -0.076030 -0.256215 -0.259222 -0.256344 0.082008 -0.250852 -0.169169 -0.074538 -0.217949 -0.256978 -0.267007 0.056506 0.136872 0.045070 0.069017 0.008584 0.200527 -0.029086 -0.101230 -0.218259 -0.184978 0.386600 0.078898 0.269937 0.225219 0.008112 -0.011867 0.001563 -0.075059 0.194101 -0.155797 -0.196348 -0.261629 -0.085084 -0.198557 0.141071 0.060757 0.210423 -0.013869 -0.057821 -0.171297 -0.204484 -0.065566 -0.110651 0.169127
0.222701 -0.199261 0.162586 -0.573554 0.336700 -0.304944 0.264040 -0.049116 0.454133 0.141531 0.507159 0.312688 1.000000 0.465814 0.414654 0.194116 0.296346 0.290305 -0.245277 -0.191433 -0.045096 0.041751 -0.414315 -0.351799 -0.184067 -0.190545 -0.225559 -0.410258 0.502338 0.157083 -0.088530 0.003919 -0.078085 0.287969 -0.057829 0.174257 0.086997 0.005780 0.100773 -0.136713 0.138155 0.012837 0.001799 -0.058428 0.206468 0.199299 0.017031 -0.077944 0.369277 0.036167 -0.051401 0.026482 -0.025148 -0.199157 -0.087792 -0.024905 -0.066817 -0.251007 0.233950 -0.082655 0.443904 0.201258 0.329911 0.077769 -0.117563 0.289747 -0.021379 -0.075019 -0.299344 -0.081201 -0.012616 0.093267 0.254467 0.083192 -0.008398 0.120289 0.195805 0.133790 -0.246831 -0.114934 0.018971 -0.009146 -0.046902 -0.071636 -0.298734 -0.473927 -0.243549 -0.114136 -0.291519 -0.489780 -0.105217 -0.020337 -0.161412 0.100241 0.168019 0.139842 0.049115 0.080053 0.088788 -0.042696 -0.035232 -0.000751 -0.122741 -0.098590 -0.049197 -0.182006 -0.050043 -0.010743 0.119520 0.057083 -0.207468 -0.106339 -0.146174 -0.029407 -0.038020 0.103591
0.057872 0.223616 -0.151525 -0.171173 -0.014840 0.062745 -0.018352 0.423171 0.386434 0.507583 0.157963 0.598257 0.465814 1.000000 -0.031782 0.527950 0.084759 0.329785 -0.343317 0.009277 -0.174225 -0.092025 -0.527707 -0.234902 -0.153244 -0.073392 -0.268110 -0.270968 0.107773 0.217765 -0.355474 -0.033055 0.082784 0.348276 -0.109169 0.296484 0.026595 0.042575 -0.160560 0.076274 0.092874 0.029654 -0.169889 -0.147347 0.094468 0.228338 -0.282931 -0.112367 0.248826 0.004977 -0.198419 0.039790 -0.091642 -0.346424 -0.141689 -0.079195 -0.086514 -0.132371 0.173426 0.141369 0.324331 0.448890 0.143460 0.156761 -0.176804 0.659297 -0.111170 -0.027933 -0.131672 -0.144141 -0.102598 0.041194 -0.023015 -0.161510 -0.159576 0.062530 -0.144820 -0.046997 -0.071634 -0.322054 -0.150354 -0.185260 -0.132517 -0.038813 -0.268358 -0.325949 -0.236380 0.034192 -0.397815 -0.194768 -0.036292 -0.025223 0.205419 -0.101343 0.257680 0.168900 -0.041422 0.083036 -0.009857 -0.020564 0.241495 -0.091018 0.129537 -0.277402 -0.195713 -0.208503 0.280752 0.107120 0.186549 -0.104609 -0.255689 -0.128246 -0.047205 -0.012921 0.012436 0.192974
0.513273 -0.129858 0.208131 -0.060150 0.304071 -0.259849 0.246258 -0.369982 0.362084 -0.056081 0.718932 0.187543 0.414654 -0.031782 1.000000 0.182097 0.193327 0.030900 0.190813 0.101338 0.068800 -0.033664 0.303941 0.228235 -0.052409 0.037301 0.047986 -0.020254 0.606969 -0.004808 0.351250 0.265691 -0.283660 0.236143 -0.198927 -0.135367 0.247572 0.112134 0.063588 -0.163654 0.214524 0.186557 -0.203859 -0.199965 -0.361441 -0.313668 -0.105554 -0.115036 -0.190486 -0.445861 -0.013788 -0.420524 -0.338018 -0.215173 -0.079580 -0.288284 0.213154 0.159171 -0.265082 -0.419548 0.296663 0.009525 0.078905 -0.047333 0.441500 -0.056247 -0.417514 -0.400752 0.157246 0.025904 0.004943 -0.011115 0.127256 0.133832 0.215320 0.192556 0.217892 0.099683 0.173763 0.005835 0.210911 0.114627 0.620340 0.272352 0.481419 0.134866 0.307585 0.223362 0.448100 -0.147362 -0.064863 -0.033365 -0.165250 0.079280 -0.092168 -0.192098 -0.064718 -0.145142 -0.278971 -0.340307 -0.125015 -0.109553 -0.379008 -0.069301 -0.000608 -0.124962 -0.274742 -0.041337 -0.265724 0.071905 0.010942 -0.089170 -0.088540 -0.098005 -0.203829 -0.150907
0.144977 0.241617 -0.341379 -0.072737 -0.158696 -0.039341 -0.027714 0.055238 0.085560 0.337654 0.190412 0.412627 0.194116 0.527950 0.182097 1.000000 0.086275 0.409558 -0.060663 0.325129 -0.022281 0.136235 -0.266820 -0.033768 -0.217145 -0.019713 -0.182619 -0.179356 0.180454 0.433711 -0.149252 0.113945 0.184560 0.428997 -0.263799 -0.001855 0.396689 0.358663 0.129447 0.273231 0.364252 0.400473 -0.318984 -0.431938 -0.228082 -0.225964 -0.249946 -0.205125 -0.301358 -0.280133 -0.465140 -0.250886 0.087687 -0.070649 0.045768 -0.280612 0.205215 0.088476 -0.019948 0.072613 0.270016 0.514198 0.271134 0.357305 0.036151 0.179520 -0.207693 -0.370317 0.210558 -0.107859 -0.064395 0.202896 0.084981 0.091329 0.249424 0.238160 0.050456 0.066382 0.233357 0.085260 0.316644 0.294451 0.275733 0.412627 0.173711 0.047962 0.130328 0.415709 0.021851 0.039652 0.126514 -0.095477 0.025519 -0.255129 -0.063326 -0.000261 -0.229988 -0.140268 -0.151375 -0.203024 0.162681 -0.146892 -0.052715 -0.353646 -0.249435 -0.296058 0.201084 -0.003235 -0.025719 -0.339766 -0.409032 -0.085879 -0.090784 0.036673 -0.205274 0.016780
0.370887 -0.003904 -0.085961 -0.279999 -0.032838 -0.124712 0.020473 -0.246475 0.015750 -0.212836 0.280686 -0.103843 0.296346 0.084759 0.193327 0.086275 1.000000 0.500213 0.057410 0.077571 0.017838 0.133108 -0.079517 -0.198258 -0.171328 -0.130509 -0.057802 -0.002429 0.561162 0.053008 0.035412 -0.073553 -0.034964 0.064124 -0.225774 -0.088208 0.227863 0.271942 0.233240 -0.009429 0.220975 0.120208 -0.251473 -0.342120 -0.180823 -0.185056 -0.103529 -0.299375 0.074038 -0.269433 -0.264463 -0.246667 0.036309 0.001101 -0.019771 -0.304969 0.641608 0.462129 0.011991 -0.052867 0.406254 0.361745 0.263715 0.459006 0.037073 -0.001091 -0.162574 -0.317340 0.109290 0.044415 0.052141 0.033456 0.301915 0.230333 0.254482 0.247997 0.254630 0.063925 0.230254 0.113698 0.486445 0.324747 0.185503 0.046288 0.120277 -0.080028 -0.013113 -0.037439 0.189354 -0.112981 -0.008571 -0.001498 -0.229007 -0.134645 -0.012409 -0.151220 -0.221127 -0.074676 -0.225068 -0.167062 -0.090744 -0.159528 -0.183216 -0.100506 -0.105430 0.016287 -0.177021 0.096011 -0.077696 -0.122688 -0.284807 -0.144233 0.006127 -0.069624 -0.083391 -0.055148
0.140723 0.133533 -0.412697 -0.403507 -0.197593 -0.187027 -0.189283 -0.121885 -0.017280 0.038054 0.093213 0.218387 0.290305 0.329785 0.030900 0.409558 0.500213 1.000000 -0.224188 0.375360 0.017662 0.061401 -0.440334 -0.419426 -0.312659 -0.322108 -0.251595 -0.308013 0.406972 0.406932 -0.326824 -0.122269 0.026352 0.225557 -0.457743 -0.132398 0.356359 0.334410 0.306786 0.140604 0.372930 0.263641 -0.178009 -0.359102 -0.104335 -0.212375 0.022111 -0.100751 0.021403 -0.092658 -0.416899 -0.066803 0.207959 0.118274 0.123510 -0.081715 0.440818 0.125811 -0.012575 0.036239 0.254323 0.505372 0.236978 0.615774 -0.217442 0.189433 -0.258915 -0.400188 0.035904 -0.269063 -0.091340 0.305139 0.237181 0.139256 0.108056 0.403153 0.211548 0.123238 0.218048 0.057253 0.491993 0.449317 0.093619 0.267582 -0.020724 -0.084792 0.091371 0.208177 -0.143059 -0.116306 0.239296 0.020095 0.099786 -0.164487 0.134889 0.034832 -0.181136 0.065158 0.107898 0.117155 0.225878 -0.066136 0.123832 -0.213375 -0.121606 -0.309839 0.134698 0.055653 0.040735 -0.264385 -0.435249 0.021317 0.045038 0.089920 -0.037351 0.034899
0.301649 -0.001453 0.203675 0.473674 0.071474 0.120899 0.372196 -0.031133 0.107677 -0.076858 0.202107 -0.174208 -0.245277 -0.343317 0.190813 -0.060663 0.057410 -0.224188 1.000000 0.264728 0.241269 0.320734 0.477173 0.485300 0.188669 0.241536 0.227050 0.274231 0.014093 -0.169859 0.310478 0.280730 -0.120483 -0.164977 -0.268078 -0.341298 -0.142065 -0.132522 -0.125481 -0.048973 -0.003186 0.019922 -0.144353 -0.289629 -0.418444 -0.440258 -0.195986 -0.236491 -0.447843 -0.401073 -0.233560 -0.391598 -0.068793 0.059122 -0.264012 -0.373434 0.071736 0.228350 -0.101635 -0.054760 0.010462 -0.042468 0.053358 -0.063201 0.478502 -0.339030 -0.055132 -0.157660 0.509850 0.354173 0.023783 -0.079156 -0.043216 -0.157255 0.006857 -0.150517 0.026541 0.185322 0.064153 -0.044060 0.137043 -0.044517 0.467242 0.133022 0.273550 0.196716 0.304318 0.077052 0.336625 0.286152 0.039616 0.168884 0.038943 0.125213 -0.154930 -0.236338 -0.351859 -0.267255 -0.519717 -0.382234 -0.183232 0.028902 -0.370513 0.100231 -0.243351 0.244239 -0.189531 -0.137540 -0.093994 0.129684 -0.017217 -0.036780 0.058884 -0.108284 -0.078457 -0.206758
0.110315 0.242774 -0.380772 0.116582 -0.118718 -0.033465 -0.130983 -0.014934 -0.085828 0.057498 -0.041400 0.137145 -0.191433 0.009277 0.101338 0.325129 0.077571 0.375360 0.264728 1.000000 0.139270 0.099948 -0.185507 0.039685 -0.256002 -0.175743 -0.186213 -0.136627 0.219795 0.409536 -0.253178 0.094559 -0.078051 0.106515 -0.447911 -0.052336 0.377235 0.318282 0.186344 0.204947 0.417058 0.371945 -0.100617 -0.230555 -0.299998 -0.298974 -0.036765 0.107302 -0.380476 -0.239968 -0.527671 -0.234296 -0.033767 0.250560 0.018200 -0.089191 0.385107 0.150472 -0.388901 -0.136869 -0.163110 0.139812 -0.091224 0.229646 -0.175765 -0.085657 -0.425242 -0.312964 0.312204 0.018357 -0.036699 0.313286 0.171682 -0.058836 0.039098 0.219016 0.038781 0.111516 0.283385 -0.051326 0.517897 0.420652 0.320594 0.427033 0.284288 0.120633 0.221515 0.280410 0.017723 0.025670 0.429855 0.252255 0.376844 -0.072367 -0.322244 -0.042874 -0.250494 -0.250845 -0.068430 0.042968 0.233006 -0.035646 0.058723 -0.082830 -0.154308 -0.247865 0.105186 -0.204779 -0.082526 -0.175674 -0.197478 0.291628 0.307598 0.113432 -0.215938 -0.294118
-0.037908 -0.444243 -0.155552 -0.099477 0.021365 -0.020946 0.127537 -0.226972 0.016024 -0.213634 0.018284 -0.115747 -0.045096 -0.174225 0.068800 -0.022281 0.017838 0.017662 0.241269 0.139270 1.000000 0.623291 0.108324 0.001452 0.178621 0.287805 0.242754 0.226148 0.232485 0.266032 0.179686 0.291912 -0.024373 0.190309 -0.111414 -0.208044 0.233149 0.257432 0.412616 0.127944 0.328462 0.372865 0.126033 -0.056662 -0.061714 -0.130055 0.234827 0.047686 -0.133373 -0.126969 -0.128111 -0.164537 0.095067 0.257085 -0.062012 -0.026634 0.061714 0.014649 -0.261712 -0.363799 -0.165886 -0.185667 -0.115816 -0.022411 0.027557 -0.353944 -0.215811 -0.255918 0.017424 -0.017933 0.230564 0.446379 0.355415 0.320443 0.366928 0.405825 0.267000 0.279826 -0.022581 0.077721 0.236469 0.250719 0.251866 0.260811 0.062431 0.050960 0.155599 0.069910 0.070274 -0.024512 -0.028786 -0.046225 -0.110558 0.018266 -0.086354 0.068615 -0.206961 -0.049656 -0.114515 -0.082637 0.087025 -0.047132 -0.087146 -0.129744 -0.201935 -0.001915 -0.268197 -0.228672 -0.092808 0.072475 -0.113887 -0.010725 0.117771 0.091919 -0.023106 -0.036199
0.036538 -0.361548 -0.239113 -0.116861 0.022366 0.095283 0.171310 -0.133562 -0.044028 -0.122149 0.005554 -0.176319 0.041751 -0.092025 -0.033664 0.136235 0.133108 0.061401 0.320734 0.099948 0.623291 1.000000 -0.002503 -0.018941 0.132571 0.342002 0.183252 0.254783 0.191713 0.229548 0.139255 0.299444 0.147349 0.079769 -0.171558 -0.151871 0.143345 0.295435 0.153318 0.214335 0.194134 0.293470 0.097283 -0.098153 -0.056836 -0.143904 0.219744 -0.020737 -0.211121 -0.099470 -0.342139 -0.263390 0.148093 0.367871 -0.199801 -0.071790 0.103605 -0.004080 -0.120483 -0.203383 -0.063963 0.000368 0.165178 0.118488 0.044315 -0.385933 -0.142747 -0.241901 0.048208 0.051962 0.132955 0.420192 0.379143 0.273479 0.257242 0.239984 0.226354 0.453012 -0.075192 0.063296 0.312704 0.240637 0.215846 0.163942 -0.059873 -0.107906 0.076785 0.113439 -0.010645 -0.007716 0.002035 0.009241 -0.219953 -0.071054 -0.116391 -0.136965 -0.323329 -0.081294 -0.238572 -0.136027 -0.142006 -0.054816 -0.248669 -0.139699 -0.330192 0.100068 -0.212216 -0.224031 -0.184042 0.051648 -0.157654 -0.047322 0.159528 0.046735 -0.120060 -0.155941
0.257513 -0.046157 0.504358 0.564263 0.146040 0.185151 0.263978 -0.233314 -0.023638 -0.197649 0.212599 -0.225235 -0.414315 -0.527707 0.303941 -0.266820 -0.079517 -0.440334 0.477173 -0.185507 0.108324 -0.002503 1.000000 0.675786 0.307288 0.374290 0.451575 0.567595 -0.114954 -0.443967 0.652776 0.250978 -0.159418 -0.081275 0.167683 -0.224858 -0.157148 -0.147161 -0.177759 -0.102871 -0.209660 -0.034563 -0.234686 -0.132790 -0.436660 -0.398154 -0.224925 -0.192927 -0.359143 -0.413345 0.294271 -0.363437 -0.215632 -0.163258 -0.035643 -0.326569 0.059038 0.354374 -0.199068 -0.248028 -0.065110 -0.311600 -0.131824 -0.292711 0.658472 -0.340725 -0.085352 -0.066255 0.244807 0.147874 0.057389 -0.294102 -0.235803 0.037233 0.159845 -0.095466 0.001183 -0.032459 0.164421 0.112022 -0.098739 -0.147123 0.404800 -0.071598 0.489704 0.463203 0.392196 0.025673 0.716112 0.318340 -0.196759 -0.071657 -0.164700 0.159391 -0.027196 -0.274248 -0.045113 -0.122841 -0.406875 -0.412732 -0.282992 -0.014554 -0.356283 0.150303 0.006731 0.183671 -0.371827 -0.017551 -0.243616 0.207737 0.365200 -0.195091 -0.127628 -0.017256 -0.033112 -0.030660
0.257230 0.048600 0.254813 0.611356 0.093150 0.172574 0.201559 0.023581 -0.006125 0.113833 0.300734 0.099002 -0.351799 -0.234902 0.228235 -0.033768 -0.198258 -0.419426 0.485300 0.039685 0.001452 -0.018941 0.675786 1.000000 0.295234 0.495385 0.229495 0.408849 -0.096784 -0.195392 0.572313 0.536100 -0.104792 -0.003112 0.161606 -0.064632 -0.159748 -0.163072 -0.334721 -0.092021 -0.080048 -0.019036 -0.127771 -0.035267 -0.215819 -0.184767 -0.325331 -0.186656 -0.429863 -0.178505 0.099430 -0.245230 -0.259886 -0.191508 -0.219123 -0.324150 -0.114628 0.128046 -0.269408 -0.205224 -0.149570 -0.265319 0.023556 -0.216282 0.544929 -0.235258 -0.149690 -0.003235 0.087588 0.001676 -0.046576 -0.187755 -0.295071 -0.170984 -0.084558 -0.148562 -0.174174 -0.112458 0.089389 -0.104473 -0.221948 -0.280384 0.469312 0.240212 0.433885 0.395109 0.336482 0.210235 0.442115 0.317860 -0.124414 -0.014275 0.093494 0.084651 -0.212223 -0.178832 -0.207254 -0.382579 -0.313057 -0.317612 -0.088948 -0.112736 -0.261544 -0.012132 -0.106048 0.014535 -0.247289 -0.179659 -0.146370 0.033360 0.148593 -0.149797 -0.088084 -0.120787 -0.127009 -0.055330
-0.196031 -0.187980 0.205712 0.292098 0.254038 0.335440 0.092626 0.141715 0.169491 0.126708 -0.039438 -0.043097 -0.184067 -0.153244 -0.052409 -0.217145 -0.171328 -0.312659 0.188669 -0.256002 0.178621 0.132571 0.307288 0.295234 1.000000 0.581742 0.502405 0.338897 -0.197788 -0.182477 0.474440 0.283492 -0.100801 0.030122 0.377869 0.066737 -0.157054 -0.207070 -0.163267 -0.231169 -0.051107 -0.132651 0.158102 0.211764 -0.000750 0.145925 -0.012124 -0.055945 -0.156291 -0.092929 0.183824 -0.043818 -0.262907 -0.060252 -0.250471 -0.122659 -0.219186 0.022665 -0.287001 -0.241733 -0.300915 -0.255552 -0.250872 -0.222108 0.363458 0.006563 -0.072537 0.158552 -0.055160 0.036943 0.105962 -0.053739 -0.122190 0.008201 -0.062313 -0.237204 -0.070101 -0.162053 -0.013950 0.154761 -0.194449 -0.191930 -0.147335 -0.162762 0.075640 0.203752 -0.235926 -0.316527 0.162162 0.102331 -0.237347 -0.222405 0.008385 0.057277 0.115717 0.162684 -0.003172 0.049315 -0.311163 -0.324294 0.072360 0.045446 -0.185333 -0.180910 -0.103917 0.179044 -0.109214 0.092932 0.153109 0.115179 0.188401 -0.169277 -0.271310 -0.094885 0.054923 0.098398
-0.094137 -0.115509 -0.030994 0.318456 -0.123607 0.323423 0.157231 0.158040 -0.139424 -0.128089 -0.015004 -0.062121 -0.190545 -0.073392 0.037301 -0.019713 -0.130509 -0.322108 0.241536 -0.175743 0.287805 0.342002 0.374290 0.495385 0.581742 1.000000 0.514249 0.599077 -0.054288 0.057543 0.590252 0.718294 0.024685 0.301571 0.186355 0.055049 0.027990 -0.035038 -0.073760 0.111659 0.130355 0.131832 0.030890 0.129094 -0.159378 -0.052037 -0.086401 -0.059572 -0.445018 -0.233321 -0.072546 -0.287756 -0.163383 -0.025024 -0.419490 -0.189496 -0.034264 0.185605 -0.243688 -0.305964 -0.237296 -0.114241 -0.101576 -0.082160 0.282549 -0.219603 -0.254140 -0.197033 -0.033766 -0.219438 0.080759 0.101715 0.060411 0.130340 0.100704 -0.005703 0.027666 0.121985 0.087413 0.140124 -0.027230 0.015186 0.167292 0.235980 0.201716 0.256975 -0.018856 0.111889 0.208031 0.137882 -0.352655 -0.348050 -0.240405 -0.283284 0.022356 0.112929 -0.046980 0.020094 -0.397037 -0.419972 -0.027633 -0.119298 -0.194433 -0.283871 -0.258449 -0.021643 -0.226557 -0.224506 0.064757 0.070115 0.140368 -0.219124 -0.250824 -0.083133 -0.040893 0.103956
-0.075416 0.022281 0.183469 0.303142 0.227736 0.680923 -0.003899 0.091494 -0.073422 -0.091274 -0.125662 -0.146030 -0.225559 -0.268110 0.047986 -0.182619 -0.057802 -0.251595 0.227050 -0.186213 0.242754 0.183252 0.451575 0.229495 0.502405 0.514249 1.000000 0.761423 -0.191522 -0.196193 0.427044 0.199664 -0.024926 0.007834 0.295665 -0.136537 -0.123677 -0.108799 0.048271 0.035160 -0.054058 0.024165 -0.091250 -0.016143 -0.248618 -0.243191 0.047778 -0.136186 -0.182102 -0.266924 0.145351 -0.235421 -0.144951 -0.143576 -0.167458 -0.196638 0.096621 0.291752 -0.175361 -0.161912 -0.211705 -0.190355 -0.309922 -0.222177 0.203577 -0.173955 -0.062156 -0.058769 0.045725 -0.035619 0.144071 0.043501 -0.163783 0.039233 0.025285 -0.145812 -0.093373 -0.032170 0.018973 0.013375 -0.110477 -0.061145 0.044948 -0.011420 0.160000 0.212476 0.003692 -0.075009 0.301862 0.107958 -0.227478 -0.233570 -0.200177 -0.128882 0.124847 0.202364 0.020933 0.163351 -0.292722 -0.312905 -0.152030 -0.156072 -0.182516 0.087445 0.018190 0.261416 -0.208967 -0.018918 0.190052 0.139967 0.260709 -0.158823 -0.143909 0.048961 0.147953 0.203775
0.073166 0.058422 0.067438 0.386273 -0.049192 0.606232 -0.167469 0.014453 -0.301305 -0.202942 -0.113876 -0.170988 -0.410258 -0.270968 -0.020254 -0.179356 -0.002429 -0.308013 0.274231 -0.136627 0.226148 0.254783 0.567595 0.408849 0.338897 0.599077 0.761423 1.000000 -0.210492 -0.147685 0.441539 0.286401 -0.018399 -0.006282 0.200034 -0.058982 -0.020825 0.049542 0.064432 0.253255 -0.031654 0.170599 -0.232294 -0.082454 -0.353049 -0.292206 -0.057344 -0.146037 -0.402178 -0.334899 0.074164 -0.407317 -0.097058 -0.181565 -0.187217 -0.212103 0.217305 0.468981 -0.181206 -0.141953 -0.213010 -0.208747 -0.168925 -0.209551 0.199575 -0.334072 -0.095391 -0.035351 0.164251 0.026931 -0.014611 -0.093057 -0.145901 0.037486 0.134275 -0.121707 -0.117645 0.072160 0.153771 0.030867 -0.032783 0.009622 0.190188 0.029859 0.298526 0.299195 0.199825 0.012124 0.364094 0.196779 -0.352401 -0.265491 -0.266691 -0.229657 0.019107 0.021546 0.016060 0.075916 -0.382582 -0.323135 -0.309503 -0.260576 -0.290273 0.110505 -0.012429 0.312046 -0.260929 -0.061260 -0.058295 0.299004 0.411302 -0.168837 0.016222 0.034058 -0.052317 0.032326
0.426746 -0.322598 -0.194432 -0.454867 0.131028 -0.432474 0.144782 -0.498796 0.204837 -0.215118 0.566124 0.013916 0.502338 0.107773 0.606969 0.180454 0.561162 0.406972 0.014093 0.219795 0.232485 0.191713 -0.114954 -0.096784 -0.197788 -0.054288 -0.191522 -0.210492 1.000000 0.264092 0.150908 0.286977 -0.117275 0.328817 -0.281562 -0.144922 0.481472 0.304401 0.262728 -0.004891 0.450355 0.337507 -0.020342 -0.169727 -0.136699 -0.166276 -0.008937 -0.094611 -0.009902 -0.248482 -0.298670 -0.288857 -0.093077 0.070294 -0.132845 -0.206546 0.373547 0.121328 -0.137636 -0.356118 0.341896 0.209309 0.239992 0.321438 0.088616 -0.114317 -0.436663 -0.594531 -0.026504 -0.193155 0.101165 0.274547 0.630908 0.349108 0.387531 0.516524 0.406111 0.205294 0.218163 0.079313 0.549182 0.440288 0.523834 0.374461 0.288396 -0.123151 0.123033 0.158814 0.133348 -0.360774 -0.027150 -0.009090 -0.209121 -0.037675 -0.109078 -0.066125 -0.259902 -0.093870 -0.160902 -0.176876 0.038672 -0.100680 -0.226442 -0.214741 -0.157039 -0.283786 -0.185023 -0.118080 -0.182918 -0.043359 -0.314380 0.000614 0.016450 0.039306 -0.099067 -0.066768
-0.155249 -0.096810 -0.544666 -0.304085 -0.195686 -0.229616 -0.134446 -0.083649 -0.207820 -0.063612 -0.129333 0.186159 0.157083 0.217765 -0.004808 0.433711 0.053008 0.406932 -0.169859 0.409536 0.266032 0.229548 -0.443967 -0.195392 -0.182477 0.057543 -0.196193 -0.147685 0.264092 1.000000 -0.083181 0.332152 -0.041613 0.254040 -0.251252 -0.020872 0.478322 0.555260 0.452809 0.325138 0.589924 0.427183 0.137233 -0.019735 0.011665 -0.023283 0.227655 0.179705 -0.353746 0.039436 -0.540071 -0.124215 0.025305 0.258248 -0.001224 0.131448 0.188332 -0.069196 -0.310838 -0.264793 -0.259266 0.119506 0.011540 0.318818 -0.365175 -0.196047 -0.383861 -0.347531 -0.123129 -0.306053 0.051917 0.539769 0.459769 0.339980 0.218553 0.402621 0.249115 0.280492 0.071684 0.307792 0.391668 0.470753 0.039833 0.563798 0.033632 -0.173810 0.106890 0.352971 -0.248189 -0.329105 0.071068 -0.136927 0.039991 -0.266358 -0.172064 0.228227 -0.027334 -0.008400 0.076375 0.121891 0.222644 -0.003658 0.138392 -0.222642 -0.139545 -0.200703 0.024674 -0.190932 -0.020302 -0.061267 -0.235489 0.182813 0.147546 0.190038 -0.178341 0.002169
0.225418 -0.145704 0.314679 0.348859 0.141868 0.013001 0.393328 -0.205939 0.031271 -0.149802 0.349667 0.021393 -0.088530 -0.355474 0.351250 -0.149252 0.035412 -0.326824 0.310478 -0.253178 0.179686 0.139255 0.652776 0.572313 0.474440 0.590252 0.427044 0.441539 0.150908 -0.083181 1.000000 0.622807 -0.235212 0.059907 0.216827 -0.189219 -0.001952 0.026027 -0.016700 0.029823 0.155330 0.110616 -0.076975 -0.015763 -0.317546 -0.245479 -0.095990 -0.195444 -0.416020 -0.415296 0.063557 -0.465736 -0.379217 -0.150270 -0.220799 -0.237293 0.100810 0.225747 -0.345673 -0.484777 -0.074825 -0.238349 -0.065559 -0.194536 0.673226 -0.277126 -0.327692 -0.209716 -0.065087 -0.087127 0.084554 -0.126395 0.039536 0.212826 0.259929 0.104503 0.093578 -0.004860 0.050014 0.308242 -0.011150 -0.048847 0.347057 0.148010 0.447183 0.362273 0.236309 0.057904 0.579885 0.138631 -0.378793 -0.363587 -0.183102 0.050699 0.041328 -0.077400 0.006750 -0.050860 -0.412434 -0.471192 -0.111565 -0.087613 -0.428443 -0.192342 -0.167545 0.043795 -0.338229 -0.183882 -0.095672 0.156781 0.194921 -0.253977 -0.295992 -0.067333 -0.131291 0.073494
0.112799 -0.193320 -0.117744 0.180201 -0.081691 -0.030629 0.278566 0.003304 -0.082783 -0.157680 0.241963 0.129493 0.003919 -0.033055 0.265691 0.113945 -0.073553 -0.122269 0.280730 0.094559 0.291912 0.299444 0.250978 0.536100 0.283492 0.718294 0.199664 0.286401 0.286977 0.332152 0.622807 1.000000 -0.083265 0.430813 0.032639 -0.024883 0.201152 0.164680 0.004000 0.186233 0.420215 0.300862 0.127027 0.110886 -0.159540 -0.096588 0.064942 0.050877 -0.565301 -0.260221 -0.290283 -0.417629 -0.289603 0.019635 -0.421743 -0.122555 0.008857 0.022255 -0.394616 -0.546788 -0.212333 -0.123072 -0.028323 -0.029195 0.270894 -0.252613 -0.505425 -0.363181 -0.131311 -0.310162 0.085233 0.313238 0.272358 0.167170 0.158246 0.244108 0.175801 0.214885 0.118887 0.109682 0.135105 0.164700 0.414677 0.488996 0.306874 0.243082 0.173795 0.293286 0.182379 -0.012711 -0.308826 -0.365558 -0.128820 -0.252185 -0.073426 0.091870 -0.064668 -0.039529 -0.304159 -0.314817 0.081141 -0.133691 -0.231844 -0.395712 -0.423346 -0.206801 -0.327364 -0.362314 -0.048509 0.115495 0.032172 -0.083164 -0.102834 -0.073606 -0.173410 -0.006301
-0.136626 -0.099219 -0.334530 -0.193474 -0.246785 0.090186 -0.070277 0.092825 -0.303943 -0.185872 -0.204991 -0.228215 -0.078085 0.082784 -0.283660 0.184560 -0.034964 0.026352 -0.120483 -0.078051 -0.024373 0.147349 -0.159418 -0.104792 -0.100801 0.024685 -0.024926 -0.018399 -0.117275 -0.041613 -0.235212 -0.083265 1.000000 0.262500 0.065060 -0.077474 -0.026012 0.025875 0.108915 0.182295 -0.108139 -0.072753 0.000883 -0.102884 0.254963 0.128639 0.066225 -0.106959 0.043034 0.237812 -0.089708 0.121879 0.231019 0.136871 0.054705 0.054037 -0.110983 -0.131977 0.208425 0.196991 0.078070 0.107750 0.236599 0.091710 -0.078021 -0.137502 0.294682 -0.030606 -0.136745 -0.035071 0.004955 0.011297 0.118585 0.064134 0.037391 -0.109602 0.163442 0.131108 -0.004375 -0.047665 -0.039205 0.029214 -0.102517 -0.090370 -0.298933 -0.175326 -0.238993 -0.123177 -0.278263 0.045500 0.015607 0.044632 -0.110448 -0.111598 -0.128048 0.003666 -0.140254 0.029183 0.033227 0.028631 0.002964 0.019282 0.262416 -0.019932 -0.111039 0.137174 0.132105 0.098512 0.121091 -0.250240 -0.313586 -0.028658 0.068159 -0.035027 0.076720 0.042315
0.163597 0.028645 -0.121861 -0.216747 -0.080083 -0.065209 0.084345 -0.019903 0.029067 -0.005943 0.185308 0.228299 0.287969 0.348276 0.236143 0.428997 0.064124 0.225557 -0.164977 0.106515 0.190309 0.079769 -0.081275 -0.003112 0.030122 0.301571 0.007834 -0.006282 0.328817 0.254040 0.059907 0.430813 0.262500 1.000000 -0.013062 0.169728 0.355285 0.221197 0.142579 0.153808 0.294595 0.380385 -0.091580 -0.082601 -0.038583 -0.006443 0.001359 -0.021881 -0.213272 -0.239268 -0.241355 -0.337280 -0.121952 -0.230773 -0.163195 -0.075716 0.166033 0.144961 -0.026763 -0.303834 0.160504 0.225464 0.111169 0.199816 0.022462 0.064553 -0.319177 -0.379126 -0.067971 -0.280549 0.012660 0.277119 0.289427 0.067662 0.228869 0.334567 0.200767 0.187952 0.283314 0.070894 0.224058 0.352897 0.193966 0.218299 0.077683 0.018675 -0.038718 0.207011 0.030083 -0.175443 -0.265376 -0.364504 -0.253814 -0.314111 0.102722 0.225624 0.029516 0.108098 -0.060115 -0.186313 0.140024 -0.163738 -0.002269 -0.461533 -0.365738 -0.397831 -0.072240 -0.013425 0.106575 -0.030920 -0.169012 -0.089931 -0.120194 -0.043020 -0.088015 0.118447
-0.233043 -0.081143 0.244653 0.112575 0.187779 0.180314 -0.119741 0.088074 -0.045903 0.132423 -0.133714 -0.015815 -0.057829 -0.109169 -0.198927 -0.263799 -0.225774 -0.457743 -0.268078 -0.447911 -0.111414 -0.171558 0.167683 0.161606 0.377869 0.186355 0.295665 0.200034 -0.281562 -0.251252 0.216827 0.032639 0.065060 -0.013062 1.000000 0.310155 -0.237505 -0.171003 -0.246302 -0.223515 -0.178702 -0.261054 0.169586 0.351969 0.287973 0.368170 -0.023596 0.006729 0.216902 0.190986 0.460679 0.202624 -0.256543 -0.196445 -0.147719 0.016301 -0.308270 -0.162471 -0.044238 -0.057362 -0.221452 -0.365016 -0.158837 -0.366622 0.009005 0.056326 0.289478 0.420986 -0.315378 -0.104378 0.109404 -0.138713 -0.208466 0.027995 -0.141742 -0.222066 -0.089847 -0.291722 -0.244499 -0.040160 -0.393742 -0.250138 -0.319372 -0.271164 -0.174655 0.078933 -0.295547 -0.282673 -0.061156 -0.047196 -0.295066 -0.216597 -0.001799 0.067536 0.122855 0.165465 0.234892 0.058498 0.010345 -0.058703 0.038475 -0.035878 0.115569 0.027884 0.140095 0.111546 0.042421 0.271843 0.109018 0.083782 0.365081 -0.116598 -0.172014 -0.001360 0.149896 0.262970
-0.109112 0.015351 0.006589 -0.029685 0.051316 -0.004843 -0.187641 0.135079 -0.014262 0.296925 -0.054477 0.283573 0.174257 0.296484 -0.135367 -0.001855 -0.088208 -0.132398 -0.341298 -0.052336 -0.208044 -0.151871 -0.224858 -0.064632 0.066737 0.055049 -0.136537 -0.058982 -0.144922 -0.020872 -0.189219 -0.024883 -0.077474 0.169728 0.310155 1.000000 -0.141343 0.044460 -0.207627 -0.098337 -0.245641 0.050294 0.139937 0.408391 0.351079 0.576779 -0.084237 0.113905 0.220438 0.172522 0.150296 0.194443 -0.096768 -0.117424 -0.001897 0.058365 -0.169111 -0.264027 0.034401 -0.061038 -0.108200 -0.141379 -0.120949 -0.161828 -0.315934 0.287710 0.068242 0.420319 -0.258497 -0.017487 -0.064582 -0.041382 -0.189077 -0.051494 -0.198898 0.040648 -0.021947 0.031775 -0.264985 -0.267730 -0.288576 -0.162863 -0.374551 -0.135714 -0.239378 -0.075098 -0.287495 -0.090255 -0.142262 -0.158946 -0.084706 0.007746 0.121879 0.091326 -0.003428 0.191346 0.110391 0.074748 0.162758 0.052207 0.195841 0.113030 0.169820 -0.156460 0.010240 -0.186629 0.072622 0.172137 -0.024848 0.057080 0.311019 -0.113411 0.031179 0.131782 -0.024664 0.027382
