1.000000 0.614445 0.063794 -0.104485 0.002431 -0.305043 0.007312 0.100938 -0.031525 -0.207538 0.351429 0.153690 0.290276 0.136724 0.280067 0.092151 0.363319 0.163844 0.448652 0.562626 -0.080547 -0.142406 -0.159742 -0.212558 -0.319224 -0.447516 -0.161430 -0.364599 0.334707 -0.023554 -0.110816 -0.243520 0.255975 0.191707 -0.283135 -0.204630 -0.192402 -0.103748 0.131857 0.095540 -0.071222 -0.012555 -0.304027 -0.249268 0.193170 -0.030807 -0.334124 -0.402516 0.288023 0.076917 0.044422 -0.008056 0.010697 -0.248768 0.084136 -0.299889 0.630847 0.520141 0.364825 0.085907 0.464316 0.171708 0.346397 0.223259 -0.039580 -0.064579 -0.005264 -0.129750 0.518852 0.380637 -0.130333 -0.119747 0.080768 -0.137295 0.052627 0.072427 -0.322067 -0.272638 0.352778 0.084717 0.088604 0.027920 0.164474 0.141910 0.223996 -0.014789 0.241005 0.325578 -0.029733 0.032825 -0.061733 0.037323 -0.276623 0.012728 -0.042987 -0.178972 -0.198511 -0.315948 -0.007506 -0.145280 -0.143226 0.258572 -0.040712 -0.011879 -0.166630 -0.332958 -0.200364 -0.154182 -0.171422 -0.196619 -0.182732 -0.023048 0.076661 0.084855 -0.014466 0.004450
0.614445 1.000000 -0.249717 -0.255872 -0.171610 -0.406948 -0.337301 0.044666 -0.212610 -0.242164 0.171227 0.185706 0.194243 0.222647 0.198499 0.193414 0.383304 0.485009 0.186270 0.491734 -0.270545 -0.305846 -0.470750 -0.476376 -0.459340 -0.538595 -0.335239 -0.478573 0.343186 0.203079 -0.328610 -0.378617 0.264644 0.342130 -0.430452 -0.229010 0.006708 0.069206 0.121350 0.205544 -0.042605 0.132047 -0.213886 -0.095478 0.346786 0.110552 -0.028232 -0.197104 0.315167 0.284866 0.058524 0.200262 0.133655 -0.119711 0.136617 -0.024861 0.481986 0.719328 0.124579 0.329564 0.200817 0.246009 0.392196 0.534629 -0.292216 -0.155503 -0.000310 -0.124826 0.440862 0.339865 -0.265217 -0.029631 0.094908 -0.183296 0.093878 0.078083 -0.235885 -0.163519 0.360232 0.155200 0.248743 0.268936 0.102242 0.271797 0.216112 0.129064 0.095298 0.241398 -0.272358 0.050105 -0.207020 -0.168917 -0.386915 -0.289722 -0.127837 -0.030516 -0.072968 -0.242145 0.241153 -0.008350 -0.143622 0.249125 0.000467 -0.249666 -0.181162 -0.289029 -0.208373 -0.130762 -0.164152 -0.143069 -0.279752 0.111978 0.364541 -0.093426 -0.021278 -0.025831
0.063794 -0.249717 1.000000 0.570545 0.430425 0.285981 0.820633 0.505806 0.110723 0.109535 -0.010660 0.085749 0.054297 0.031252 -0.046584 -0.285250 -0.378158 -0.509881 0.004394 -0.210449 -0.005193 0.087016 0.411643 0.304874 0.431980 0.288961 0.417691 0.286881 -0.176848 -0.326793 0.541798 0.607039 0.090911 -0.148145 0.241299 0.143352 -0.170319 -0.265155 -0.113710 -0.407827 -0.200350 -0.192078 -0.218851 -0.196842 -0.074144 -0.006245 -0.465440 -0.346147 -0.024685 -0.236889 0.095048 -0.310166 -0.365566 -0.468258 -0.434160 -0.523014 -0.080738 -0.237094 0.096476 -0.050359 0.123151 -0.064441 0.040272 -0.206754 0.463421 0.214263 0.379578 0.400527 -0.205302 -0.117957 0.091674 0.103027 -0.188251 -0.048078 -0.210004 0.083070 -0.052799 0.023940 -0.072254 -0.062510 -0.282869 -0.252294 -0.023139 0.047731 0.094754 0.187127 0.158569 0.110797 0.267800 -0.003449 -0.316170 -0.135869 0.248642 0.251634 -0.061336 -0.223947 -0.171399 -0.246345 -0.423600 -0.582881 -0.049060 -0.169848 0.049999 0.111660 -0.107391 -0.159354 -0.089001 -0.203108 0.027317 -0.139825 -0.013427 -0.425690 -0.652031 -0.123941 -0.227983 -0.178486
-0.104485 -0.255872 0.570545 1.000000 0.133746 0.573073 0.452961 0.448009 -0.032261 0.328287 -0.237523 0.224186 -0.201530 -0.032954 -0.323828 -0.376356 -0.424123 -0.496583 0.020679 0.012436 -0.116863 0.006069 0.576840 0.678443 0.473388 0.548947 0.370834 0.394901 -0.365077 -0.379209 0.494545 0.563094 -0.020625 -0.291405 0.105821 -0.155084 -0.487552 -0.272432 -0.150781 -0.255781 -0.259730 -0.251040 -0.310453 -0.279415 -0.175297 -0.070311 -0.339507 -0.384086 -0.191515 -0.176798 0.174524 -0.179419 -0.162884 -0.187040 -0.430599 -0.395064 -0.019685 -0.117174 -0.034333 0.090053 -0.135293 -0.008064 -0.302555 -0.266981 0.539347 0.475634 0.046264 0.168315 -0.081435 -0.042800 0.119861 -0.113440 -0.302074 -0.087360 -0.205341 -0.063297 -0.064011 -0.052393 0.025218 0.004100 -0.301104 -0.315758 0.058262 0.052960 -0.000897 0.020483 0.266497 0.289362 0.460079 0.173940 -0.130204 0.003443 0.496324 0.257424 -0.130071 -0.062894 -0.381214 -0.182055 -0.412411 -0.509962 0.156839 -0.341531 -0.083526 0.001488 -0.109239 0.015565 -0.099740 -0.063821 -0.024229 -0.124857 -0.065212 -0.422115 -0.447374 -0.013429 -0.099822 -0.118663
0.002431 -0.171610 0.430425 0.133746 1.000000 0.136528 0.591499 0.349171 0.643645 0.481119 0.148390 0.053372 0.492275 0.196731 0.296326 0.231900 -0.360198 -0.390450 0.032700 -0.126236 0.195411 0.186184 0.194713 0.136501 0.350675 0.042189 0.352892 0.164251 0.059679 -0.071274 0.366631 0.396214 -0.036776 0.067840 0.184284 0.187649 -0.157746 -0.120514 0.025111 -0.223599 0.065125 -0.014192 -0.202290 -0.233795 0.018221 0.115291 -0.300556 -0.219560 -0.191553 -0.157723 -0.309336 -0.305840 -0.092584 -0.110673 -0.247160 -0.234729 -0.225023 -0.157508 0.115511 -0.151433 0.390427 0.179459 -0.049304 -0.110892 0.256995 0.181281 0.191406 0.200230 0.056927 -0.051724 0.046112 0.076830 -0.008034 -0.031105 -0.041179 0.047748 -0.024376 0.190540 -0.173867 -0.098705 -0.272281 -0.335965 0.120316 0.326569 0.046425 -0.150885 0.071854 0.169274 0.232179 -0.070560 0.060730 -0.030911 0.018852 0.194735 -0.214378 -0.237440 -0.289981 -0.328008 -0.306851 -0.328195 0.018355 -0.086348 -0.141582 -0.204835 -0.254767 -0.150775 -0.027497 -0.276723 0.024399 -0.072245 -0.020364 -0.209547 -0.401974 -0.134288 -0.210446 -0.212766
-0.305043 -0.406948 0.285981 0.573073 0.136528 1.000000 0.229072 0.062546 0.074287 0.402823 -0.289154 0.093232 -0.321234 -0.177105 -0.204164 -0.295223 -0.257888 -0.383742 -0.203847 -0.296221 -0.014602 0.201129 0.628528 0.665971 0.605623 0.764570 0.683929 0.839235 -0.551750 -0.459585 0.410695 0.461964 -0.315692 -0.537392 0.482224 0.111775 -0.367368 -0.225969 -0.043604 -0.229769 -0.265678 -0.192146 -0.137943 0.088394 -0.295063 -0.067547 -0.131819 0.054126 -0.240665 -0.287443 -0.052710 -0.148002 -0.130729 -0.117396 -0.218382 0.012885 -0.102990 -0.182338 0.133232 0.070293 -0.163374 -0.097703 -0.484363 -0.429650 0.430543 0.474539 0.063793 0.270138 -0.059184 -0.238578 0.224892 -0.086629 -0.413606 0.033482 -0.270331 -0.086652 0.159937 0.142412 -0.186797 -0.072879 -0.340083 -0.422596 -0.026858 -0.317841 -0.045957 -0.039185 0.203051 0.057414 0.507186 0.380013 -0.029514 -0.091608 0.362401 0.248169 -0.315970 -0.028828 -0.090046 -0.140955 -0.385397 -0.249930 -0.071295 -0.443948 -0.287913 -0.124444 -0.248134 0.088420 0.085821 -0.081015 -0.185561 0.132245 0.325828 -0.244581 -0.394478 -0.071577 -0.369308 -0.411743
0.007312 -0.337301 0.820633 0.452961 0.591499 0.229072 1.000000 0.456540 0.321239 0.270316 0.048127 0.074892 0.256249 0.120617 0.020229 -0.164582 -0.370622 -0.475709 0.131787 -0.190154 0.046536 0.059978 0.443848 0.333897 0.408128 0.201309 0.384203 0.270479 -0.097184 -0.300685 0.623239 0.622418 0.003524 -0.034506 0.215058 0.137943 -0.123853 -0.343144 -0.230552 -0.455895 -0.078298 -0.147377 -0.169591 -0.190036 -0.125058 -0.037295 -0.388936 -0.360003 -0.191644 -0.260077 -0.053306 -0.323012 -0.188061 -0.235152 -0.490601 -0.526993 -0.164079 -0.300248 0.021650 -0.215199 0.137986 -0.014797 -0.100622 -0.319762 0.395499 0.203085 0.241433 0.215375 -0.137470 -0.131247 -0.010920 0.144111 -0.112928 -0.070978 -0.165118 -0.070529 -0.156091 -0.066934 -0.100520 -0.147452 -0.291095 -0.246842 0.079249 0.089650 0.047437 -0.006521 0.050198 -0.000836 0.265947 -0.097872 -0.117068 -0.038122 0.203155 0.270039 0.044687 -0.365699 -0.225036 -0.194493 -0.397318 -0.531542 -0.033152 -0.282120 -0.074816 0.106968 0.010278 0.001534 0.109852 -0.004190 0.076359 -0.174205 -0.115647 -0.472656 -0.583774 -0.229785 -0.046848 -0.104212
0.100938 0.044666 0.505806 0.448009 0.349171 0.062546 0.456540 1.000000 0.115683 0.491289 0.050099 0.487494 0.287936 0.640830 -0.103219 -0.118384 -0.318434 -0.233882 -0.250442 -0.140318 -0.205825 -0.317271 -0.099716 -0.016297 -0.077129 -0.200370 -0.009780 -0.193000 -0.165115 -0.170603 0.017692 0.184664 0.162074 0.168969 -0.139029 0.082737 -0.245821 -0.349816 -0.253309 -0.342265 -0.274552 -0.085761 -0.138489 -0.155823 0.134896 0.196952 -0.362514 -0.367126 0.245730 0.114910 0.237787 0.113682 -0.178359 -0.372564 -0.499785 -0.499913 -0.069183 -0.108854 0.067224 0.377895 0.202564 0.365879 0.093461 0.221499 0.050624 0.458700 0.371774 0.361418 -0.266811 -0.164936 -0.070474 -0.109291 -0.120396 -0.172157 -0.140272 0.040821 -0.298599 -0.262818 0.005239 -0.104666 -0.087096 -0.165955 -0.360101 0.300594 -0.090495 0.127214 -0.228590 0.183655 -0.063988 -0.059556 -0.332093 -0.259726 0.261915 -0.089524 0.116396 -0.309704 -0.048678 -0.208117 -0.180151 -0.437514 0.195178 -0.187640 0.276667 0.179896 0.107126 -0.149963 -0.095655 -0.067029 -0.065637 -0.479757 -0.357495 -0.462680 -0.438654 0.018600 -0.046255 -0.106215
-0.031525 -0.212610 0.110723 -0.032261 0.643645 0.074287 0.321239 0.115683 1.000000 0.566507 0.525327 0.325877 0.670295 0.331438 0.592849 0.119491 -0.200630 -0.136499 -0.085653 -0.189840 -0.050823 -0.070744 0.372932 0.343056 0.260319 0.057412 -0.086886 0.070206 0.147638 -0.275359 0.100489 0.030681 -0.192177 -0.106958 0.256781 0.285172 -0.161305 -0.079545 -0.182988 -0.107340 0.071703 -0.051058 -0.347235 -0.425956 -0.465702 -0.361461 -0.278850 -0.315794 -0.248538 -0.367878 -0.041094 -0.078753 0.151963 0.089672 -0.096651 -0.228920 -0.184290 -0.042512 0.288950 -0.060418 0.637813 0.436856 -0.073541 0.009105 0.366822 0.436308 -0.066538 -0.132292 0.103994 0.068699 -0.159126 -0.313255 -0.131371 -0.096851 0.006997 -0.157787 -0.034195 -0.002999 -0.276305 -0.059255 -0.214297 -0.229595 0.015224 0.030511 -0.072127 -0.175446 0.113905 -0.134337 0.309942 0.056147 0.184562 0.197662 0.223051 0.351113 0.076759 -0.245076 -0.292087 -0.043147 -0.358140 -0.256329 0.049237 -0.206402 -0.386085 -0.276585 -0.069991 0.040902 0.072409 -0.126332 -0.023646 -0.159930 -0.118805 -0.151539 -0.164840 0.005698 0.079809 -0.007322
-0.207538 -0.242164 0.109535 0.328287 0.481119 0.402823 0.270316 0.491289 0.566507 1.000000 0.128132 0.489313 0.361107 0.554736 0.155127 0.008895 -0.360858 -0.256857 -0.306596 -0.288656 -0.130868 -0.269930 0.253067 0.322228 0.156234 0.088512 0.086173 0.115597 -0.246348 -0.356214 0.071888 0.115439 -0.361435 -0.239030 0.223045 0.177775 -0.302728 -0.400872 -0.349551 -0.335934 -0.306022 -0.267420 -0.059094 -0.053606 -0.187529 0.067143 -0.078455 -0.129164 -0.083343 -0.069248 0.024667 0.108633 0.160078 0.116570 -0.363599 -0.228221 -0.187493 -0.135515 0.065482 0.213891 0.249051 0.483659 -0.281160 -0.032400 0.225608 0.664139 0.008383 0.107825 -0.099212 -0.187037 -0.141502 -0.400007 -0.393257 -0.147520 -0.263472 -0.231735 -0.246213 -0.195298 -0.186278 -0.173027 -0.153294 -0.309105 -0.240021 0.012735 -0.080218 -0.087026 -0.135711 -0.025396 0.277054 0.150219 0.056573 -0.018974 0.406721 0.107319 0.066532 -0.446894 -0.151686 -0.182161 -0.256592 -0.218864 0.247448 -0.427978 -0.249460 -0.129414 -0.017261 0.145130 0.103969 -0.031397 -0.095053 -0.411759 -0.192139 -0.272019 -0.199736 0.056897 0.078580 -0.123126
0.351429 0.171227 -0.010660 -0.237523 0.148390 -0.289154 0.048127 0.050099 0.525327 0.128132 1.000000 0.557976 0.784871 0.521025 0.808778 0.214865 0.166269 0.318205 -0.081111 -0.006785 -0.173600 -0.308134 0.055027 -0.011500 -0.242716 -0.308256 -0.430241 -0.338350 0.552046 -0.081479 -0.187932 -0.290115 0.027857 0.034898 -0.041679 -0.039180 0.107715 -0.097342 -0.168090 -0.016863 0.073366 0.118573 -0.233395 -0.402527 -0.371742 -0.480551 -0.267978 -0.414773 0.093694 -0.326877 0.300843 0.014878 0.252318 0.000300 0.083080 -0.310629 0.028958 0.037983 0.257139 -0.147016 0.625035 0.345388 0.334054 0.278409 0.061587 0.188780 -0.148718 -0.275378 -0.034074 0.059830 -0.285215 -0.292923 0.001425 -0.126052 0.075121 -0.112335 -0.089041 -0.280930 -0.101487 -0.046997 0.116139 -0.002814 0.080247 0.186051 0.070321 0.100405 0.024391 -0.140901 -0.100327 0.004321 0.083889 0.178221 0.029207 0.193056 0.233834 -0.249728 -0.155081 -0.017569 -0.090691 -0.268753 -0.044657 0.031945 -0.159740 -0.104035 0.114239 0.086090 0.002645 -0.049470 0.046769 -0.313062 -0.343516 -0.151607 0.012469 0.113683 0.266408 -0.001805
0.153690 0.185706 0.085749 0.224186 0.053372 0.093232 0.074892 0.487494 0.325877 0.489313 0.557976 1.000000 0.482950 0.801225 0.364097 -0.175553 -0.069032 0.201962 -0.367689 -0.256340 -0.369213 -0.501637 0.106442 0.142921 -0.125628 -0.097571 -0.355951 -0.211013 0.005915 -0.327064 -0.156528 -0.114211 -0.083625 -0.097642 0.016278 -0.021801 -0.114574 -0.213783 -0.309185 -0.249189 -0.198248 -0.004503 -0.297595 -0.219426 -0.351765 -0.292166 -0.256196 -0.417451 0.197401 -0.313891 0.382729 0.200770 0.184149 -0.142986 -0.110305 -0.406360 0.038746 -0.011282 0.315268 0.243951 0.358839 0.511320 0.008862 0.327455 0.137183 0.701654 0.094376 0.062559 -0.136504 -0.194474 -0.271549 -0.484884 -0.343388 -0.193141 -0.109040 -0.128455 -0.186815 -0.361026 -0.002707 -0.149575 0.053184 -0.126972 -0.260581 0.155829 0.181475 0.409955 -0.128981 -0.145877 0.099403 0.346180 -0.168664 -0.129599 0.319493 0.045694 0.185006 -0.328734 -0.105401 -0.085894 -0.167128 -0.435192 -0.037504 -0.306758 -0.229465 -0.156585 0.032997 0.073275 -0.016864 0.046788 0.003703 -0.454162 -0.325322 -0.475376 -0.121446 0.125143 0.129283 -0.147679
0.290276 0.194243 0.054297 -0.201530 0.492275 -0.321234 0.256249 0.287936 0.670295 0.361107 0.784871 0.482950 1.000000 0.661752 0.709057 0.394477 0.011832 0.138494 -0.036769 -0.021783 -0.134058 -0.274216 -0.067093 -0.122846 -0.248131 -0.421925 -0.318011 -0.354912 0.497613 -0.002790 -0.034599 -0.107881 0.088885 0.280742 -0.125565 0.085155 0.035013 -0.150551 -0.117424 -0.062460 0.140421 0.075403 -0.201851 -0.394299 -0.105166 -0.159331 -0.299884 -0.409651 -0.035471 -0.189916 0.023164 -0.077630 0.133312 -0.054550 -0.044347 -0.324522 -0.055955 0.071192 0.147827 -0.020789 0.681348 0.559450 0.301818 0.375781 0.034183 0.206623 0.008645 -0.149717 0.043764 0.060807 -0.289279 -0.152973 0.056114 -0.184139 0.104957 -0.119371 -0.206484 -0.180322 -0.114853 -0.041565 0.010295 -0.041860 0.072079 0.413112 -0.024245 -0.108731 -0.054072 -0.026874 -0.131851 -0.159352 0.022882 0.018228 -0.053897 0.065308 0.158004 -0.346201 -0.219967 -0.115983 -0.165224 -0.282285 0.012534 -0.006540 -0.133861 -0.167585 0.035431 -0.037508 0.023771 -0.093282 0.066672 -0.304881 -0.328114 -0.175697 -0.126200 -0.037422 0.167163 -0.025079
0.136724 0.222647 0.031252 -0.032954 0.196731 -0.177105 0.120617 0.640830 0.331438 0.554736 0.521025 0.801225 0.661752 1.000000 0.391256 0.162213 -0.031135 0.231857 -0.363991 -0.239091 -0.279686 -0.522516 -0.234244 -0.200116 -0.355591 -0.458656 -0.392081 -0.449613 0.111156 -0.083175 -0.248088 -0.185657 0.009924 0.188642 -0.172716 0.073140 -0.004002 -0.262128 -0.291613 -0.242299 -0.137869 0.006528 -0.049704 -0.111479 -0.037592 -0.008013 -0.154664 -0.267383 0.286718 -0.014147 0.277875 0.241587 0.139518 -0.141118 -0.147681 -0.331952 -0.007579 0.004298 0.138886 0.293540 0.447605 0.666753 0.239350 0.517737 -0.109622 0.500418 0.118006 0.035354 -0.192381 -0.191901 -0.323631 -0.332683 -0.144508 -0.209638 -0.071347 -0.100810 -0.345248 -0.391583 -0.035739 -0.150293 0.168926 0.022596 -0.305680 0.347627 -0.009221 0.183291 -0.315581 -0.057736 -0.211503 0.017640 -0.209282 -0.228629 0.134288 -0.118780 0.243461 -0.420103 0.075685 -0.093526 0.011712 -0.235832 0.085652 -0.141371 -0.029126 -0.102854 0.122014 -0.029219 -0.023415 0.010910 -0.016772 -0.554092 -0.425424 -0.319536 -0.083805 0.114535 0.161021 -0.096794
0.280067 0.198499 -0.046584 -0.323828 0.296326 -0.204164 0.020229 -0.103219 0.592849 0.155127 0.808778 0.364097 0.709057 0.391256 1.000000 0.469567 0.119215 0.306393 -0.031697 -0.017084 -0.135349 -0.120531 0.099299 -0.036356 -0.075995 -0.252952 -0.188288 -0.188053 0.529062 -0.014372 -0.109390 -0.275840 -0.124242 -0.067220 -0.037670 0.021585 0.126314 -0.025960 0.021387 0.053881 0.031182 0.177866 -0.196965 -0.357270 -0.242277 -0.379274 -0.224495 -0.255178 0.050321 -0.190191 0.140130 -0.002153 0.291559 0.052465 0.258407 -0.179118 -0.036185 0.098920 0.209963 -0.104888 0.671819 0.335556 0.353134 0.253570 0.096325 0.113920 -0.214446 -0.282632 0.019005 0.056364 -0.111688 -0.271060 -0.041240 0.081069 0.085648 0.038980 -0.003530 -0.108026 -0.170503 -0.125935 -0.003805 -0.089835 0.270207 0.198954 0.058121 -0.019593 0.211931 -0.016670 -0.072694 0.033612 0.197246 0.198117 -0.001765 0.278545 -0.002848 -0.288215 -0.248742 -0.236915 -0.006172 -0.073325 -0.011735 0.110361 -0.193324 -0.335323 -0.075672 -0.112210 -0.093824 -0.215932 -0.079634 -0.237268 -0.269908 0.077775 0.121974 0.083464 0.082561 -0.106068
0.092151 0.193414 -0.285250 -0.376356 0.231900 -0.295223 -0.164582 -0.118384 0.119491 0.008895 0.214865 -0.175553 0.394477 0.162213 0.469567 1.000000 0.178306 0.209411 0.128890 0.219081 0.100826 0.078283 -0.323794 -0.344784 -0.284007 -0.405772 0.008800 -0.228974 0.453801 0.488022 -0.052565 -0.156773 0.002896 0.292686 -0.351975 -0.078342 0.148419 0.116115 0.271843 0.307661 0.289583 0.253527 0.234927 -0.044513 0.361337 0.176658 0.158322 0.153427 -0.031216 0.305227 -0.188546 -0.082461 0.127662 0.125858 0.272329 0.200729 -0.060950 0.118268 -0.234726 -0.006517 0.286842 0.258033 0.406193 0.324017 -0.263032 -0.345301 -0.251383 -0.310595 0.004341 0.086154 0.003828 0.167329 0.371075 0.167709 0.156510 0.092258 -0.039946 0.128127 -0.084989 0.068482 0.154150 0.110541 0.371057 0.498940 -0.139650 -0.402645 0.089286 0.355732 -0.409309 -0.368589 0.228046 0.006379 -0.364776 -0.104405 -0.214062 -0.116469 -0.188285 -0.239976 0.219883 0.318553 0.104560 0.331452 0.121543 -0.248924 -0.128132 -0.254414 -0.155532 -0.231244 -0.101426 -0.030893 -0.208483 0.416130 0.203697 -0.055933 -0.071189 -0.070998
0.363319 0.383304 -0.378158 -0.424123 -0.360198 -0.257888 -0.370622 -0.318434 -0.200630 -0.360858 0.166269 -0.069032 0.011832 -0.031135 0.119215 0.178306 1.000000 0.502331 0.122948 0.314769 -0.144119 -0.105152 -0.271943 -0.258610 -0.338732 -0.340823 -0.243005 -0.259213 0.415653 0.362766 -0.219453 -0.391149 0.270443 0.257608 -0.188941 -0.053619 0.224717 0.303622 0.226132 0.453344 0.249518 0.182494 -0.051193 0.114766 0.109972 0.021476 -0.012634 -0.059351 -0.003534 0.023388 -0.060819 -0.052229 -0.093341 -0.044040 0.154313 0.166758 0.521704 0.520977 -0.063890 -0.024664 0.113855 0.043399 0.423074 0.274398 -0.160163 -0.286458 -0.226271 -0.218281 0.316429 0.214558 -0.149631 -0.067748 0.363170 0.023248 0.251288 0.029393 -0.046432 -0.092660 0.495068 0.413287 0.552336 0.547571 0.089845 -0.000760 0.010665 -0.032086 0.004784 0.083638 -0.334294 -0.099399 -0.181463 -0.212178 -0.289278 -0.068518 0.060309 0.211866 0.126049 0.158254 0.077716 0.077111 0.001022 0.314941 -0.046174 -0.096913 -0.108695 -0.155040 -0.240112 -0.127282 -0.082992 0.144341 0.101245 0.068629 0.250972 0.055066 0.064405 0.031713
0.163844 0.485009 -0.509881 -0.496583 -0.390450 -0.383742 -0.475709 -0.233882 -0.136499 -0.256857 0.318205 0.201962 0.138494 0.231857 0.306393 0.209411 0.502331 1.000000 -0.188202 0.105839 -0.180197 -0.282825 -0.376235 -0.399390 -0.449227 -0.428892 -0.413276 -0.379391 0.288725 0.375271 -0.489569 -0.581322 -0.072926 0.131952 -0.280431 -0.197602 0.356097 0.248384 -0.022412 0.231094 -0.011729 0.252858 0.103457 0.055468 -0.057176 -0.239089 0.196724 0.009402 0.294591 0.061152 0.320422 0.380323 0.416971 0.240901 0.365818 0.197123 0.107330 0.359722 0.032358 0.092128 0.101325 0.167521 0.363254 0.517478 -0.421855 -0.193700 -0.251717 -0.357567 0.067121 -0.010971 -0.206341 -0.090190 0.117108 0.105606 0.175119 0.004158 0.010160 -0.203188 0.175864 0.100738 0.383285 0.419541 -0.125044 0.020328 0.021564 0.149209 -0.210644 -0.157616 -0.431843 0.052464 0.027841 0.005027 -0.164681 -0.134595 0.099150 -0.008764 0.116106 0.096605 0.458611 0.166517 -0.057747 0.133452 -0.000791 -0.089746 0.092965 -0.035883 -0.102781 0.091191 -0.017832 -0.117384 -0.239290 0.154580 0.465208 0.110332 0.186166 0.128068
0.448652 0.186270 0.004394 0.020679 0.032700 -0.203847 0.131787 -0.250442 -0.085653 -0.306596 -0.081111 -0.367689 -0.036769 -0.363991 -0.031697 0.128890 0.122948 -0.188202 1.000000 0.680218 0.221012 0.239293 0.040095 0.032603 -0.015542 -0.133867 -0.020255 -0.147384 0.336259 0.019254 0.347127 0.191834 0.149545 0.136280 -0.316159 -0.377605 -0.212581 0.042913 0.192110 0.156578 0.251819 -0.023530 -0.261673 -0.338888 0.166449 -0.005920 -0.129417 -0.163008 -0.195311 0.111911 -0.264694 -0.194908 -0.072616 0.023245 0.017578 -0.104380 0.225782 0.178856 -0.077080 -0.162884 -0.075521 -0.174961 0.051543 -0.218877 0.062469 -0.419027 -0.151131 -0.217685 0.447330 0.451453 0.167262 0.196652 0.283620 0.051721 0.184887 0.147399 -0.045995 0.109870 0.088618 0.130222 -0.121279 -0.019705 0.657547 0.186301 0.085896 -0.325286 0.390274 0.388915 0.038341 -0.208554 0.263744 0.356585 -0.252473 0.102371 -0.095241 0.097947 -0.257502 -0.127585 -0.004700 0.067867 -0.031073 0.335528 -0.042875 0.057183 -0.133532 -0.125702 -0.111088 -0.140450 -0.007578 0.168539 0.007911 0.227141 0.069676 -0.046692 0.124635 0.196856
0.562626 0.491734 -0.210449 0.012436 -0.126236 -0.296221 -0.190154 -0.140318 -0.189840 -0.288656 -0.006785 -0.256340 -0.021783 -0.239091 -0.017084 0.219081 0.314769 0.105839 0.680218 1.000000 0.014968 0.081368 -0.147085 -0.076520 -0.221715 -0.309354 -0.125575 -0.309134 0.365663 0.250595 -0.030050 -0.202002 0.304186 0.284516 -0.475893 -0.471086 -0.264750 0.073177 0.156017 0.365856 0.059286 0.041400 -0.180640 -0.302207 0.257016 0.062547 -0.047675 -0.238369 0.006817 0.338371 -0.083571 -0.022227 0.063630 0.085626 0.056163 -0.060255 0.467681 0.476870 -0.101028 -0.028742 0.066802 -0.121841 0.198014 -0.008170 -0.119137 -0.354017 -0.255908 -0.327586 0.576426 0.635136 -0.033301 0.033904 0.289297 -0.031326 0.120158 0.074578 -0.274488 -0.148039 0.281714 0.205595 0.120709 0.158708 0.437312 0.268144 0.016031 -0.351969 0.316870 0.464198 -0.080370 -0.118773 0.156486 0.235579 -0.309925 -0.061516 -0.015299 0.155535 -0.264106 -0.070235 0.096377 0.092218 0.082318 0.344573 0.070906 -0.097087 -0.105046 -0.185977 -0.217298 -0.179168 -0.000519 -0.084642 -0.217247 0.289969 0.265134 0.057350 0.175458 0.263289
-0.080547 -0.270545 -0.005193 -0.116863 0.195411 -0.014602 0.046536 -0.205825 -0.050823 -0.130868 -0.173600 -0.369213 -0.134058 -0.279686 -0.135349 0.100826 -0.144119 -0.180197 0.221012 0.014968 1.000000 0.755840 -0.063870 -0.034914 0.095498 0.106968 0.160331 0.077596 -0.047636 0.292084 0.071843 0.191517 -0.223202 -0.096921 -0.034406 -0.125676 0.003290 0.290680 0.420048 0.189593 0.385646 0.281464 0.142338 0.073376 -0.043834 -0.006995 0.161659 0.317750 -0.232997 -0.071763 -0.351348 -0.127741 0.076897 0.201820 0.223174 0.323857 -0.157783 -0.262740 0.066136 -0.313175 -0.095454 -0.239083 -0.035835 -0.262617 -0.042806 -0.226404 -0.277994 -0.227229 -0.044448 -0.161259 0.450103 0.304418 0.300166 0.410044 0.342960 0.339369 0.446319 0.431115 -0.352947 -0.043676 -0.134936 -0.214797 0.181137 0.005974 -0.046728 -0.257467 0.102595 0.105287 0.042913 -0.006319 0.400298 0.333779 -0.147302 0.083826 -0.242940 0.222094 -0.069875 -0.022669 0.125499 0.226428 -0.000530 0.259877 -0.017607 -0.047729 -0.288407 -0.118864 -0.122271 -0.006395 0.064913 0.177198 0.203821 0.226151 0.072956 0.173829 -0.187886 0.036045
-0.142406 -0.305846 0.087016 0.006069 0.186184 0.201129 0.059978 -0.317271 -0.070744 -0.269930 -0.308134 -0.501637 -0.274216 -0.522516 -0.120531 0.078283 -0.105152 -0.282825 0.239293 0.081368 0.755840 1.000000 0.157123 0.186126 0.391322 0.375025 0.426104 0.384486 -0.106330 0.270778 0.225848 0.281987 -0.139076 -0.156844 0.109468 -0.098877 -0.073816 0.369383 0.634280 0.307150 0.322237 0.303292 0.012609 0.004493 -0.048788 -0.024815 0.048321 0.293881 -0.272701 -0.101952 -0.399600 -0.240517 -0.085506 0.086106 0.281946 0.363165 -0.113930 -0.139551 -0.043441 -0.411547 -0.093125 -0.399094 -0.097120 -0.383628 0.167598 -0.222807 -0.246087 -0.101252 0.060356 -0.008450 0.579920 0.341161 0.291806 0.503671 0.361209 0.451316 0.533420 0.558751 -0.231921 0.054887 -0.244899 -0.234833 0.289349 -0.079027 -0.050472 -0.315595 0.344787 0.261823 0.172501 0.030565 0.321276 0.203752 -0.073101 0.249460 -0.464671 0.429012 -0.140941 -0.057970 -0.037698 0.149383 0.032004 0.291182 -0.058963 -0.220000 -0.435636 -0.307170 -0.279841 -0.288824 0.082010 0.430535 0.428732 0.249986 -0.114280 0.174446 -0.427640 -0.087680
-0.159742 -0.470750 0.411643 0.576840 0.194713 0.628528 0.443848 -0.099716 0.372932 0.253067 0.055027 0.106442 -0.067093 -0.234244 0.099299 -0.323794 -0.271943 -0.376235 0.040095 -0.147085 -0.063870 0.157123 1.000000 0.925175 0.713154 0.732030 0.427455 0.641492 -0.233211 -0.500141 0.599015 0.457304 -0.243008 -0.497439 0.510355 0.123012 -0.349967 -0.133860 -0.146636 -0.224566 -0.168049 -0.239329 -0.342695 -0.251863 -0.591159 -0.406136 -0.370080 -0.317932 -0.397302 -0.499048 0.099893 -0.230893 -0.052333 -0.014151 -0.275593 -0.291403 -0.108228 -0.115157 0.126836 -0.215169 0.109846 -0.002972 -0.414717 -0.417724 0.804983 0.472146 -0.164704 -0.020160 0.052106 -0.044700 0.069798 -0.260828 -0.338817 -0.014563 -0.164945 -0.175620 0.117959 0.048449 -0.129351 -0.008521 -0.361111 -0.319151 0.214676 -0.354134 0.054249 -0.089006 0.457186 -0.028481 0.709901 0.243040 0.097238 0.193490 0.447722 0.550209 -0.110422 -0.152398 -0.376404 -0.102059 -0.561626 -0.442713 0.046731 -0.400879 -0.401407 -0.211773 -0.196119 0.042223 0.033799 -0.065482 -0.040379 0.059214 0.172890 -0.318771 -0.405554 0.021838 -0.074739 -0.132763
-0.212558 -0.476376 0.304874 0.678443 0.136501 0.665971 0.333897 -0.016297 0.343056 0.322228 -0.011500 0.142921 -0.122846 -0.200116 -0.036356 -0.344784 -0.258610 -0.399390 0.032603 -0.076520 -0.034914 0.186126 0.925175 1.000000 0.690395 0.761586 0.359167 0.624572 -0.307544 -0.466570 0.503091 0.443261 -0.209123 -0.453987 0.433035 0.070111 -0.462958 -0.101247 -0.094520 -0.120237 -0.091347 -0.184750 -0.379042 -0.304154 -0.571247 -0.380881 -0.337838 -0.308037 -0.404405 -0.433016 0.102135 -0.183004 -0.048018 0.018087 -0.306654 -0.221921 -0.079038 -0.091729 0.097858 -0.156334 0.062969 0.020439 -0.440746 -0.369833 0.770945 0.538735 -0.237542 -0.070944 0.050256 -0.011784 0.073863 -0.285273 -0.284004 -0.046651 -0.098342 -0.160477 0.126465 0.042031 -0.095155 0.103404 -0.320775 -0.292907 0.161223 -0.306754 -0.024847 -0.157320 0.454181 0.095623 0.683147 0.258724 0.117170 0.180867 0.488916 0.484037 -0.132097 -0.027494 -0.374568 -0.055056 -0.545872 -0.416635 0.126420 -0.391964 -0.396829 -0.192816 -0.215025 0.049355 -0.042278 -0.062241 -0.062543 0.066003 0.162848 -0.308994 -0.394665 0.100151 -0.070505 -0.079394
-0.319224 -0.459340 0.431980 0.473388 0.350675 0.605623 0.408128 -0.077129 0.260319 0.156234 -0.242716 -0.125628 -0.248131 -0.355591 -0.075995 -0.284007 -0.338732 -0.449227 -0.015542 -0.221715 0.095498 0.391322 0.713154 0.690395 1.000000 0.810872 0.569090 0.711779 -0.286280 -0.292237 0.534327 0.565929 -0.206122 -0.352208 0.489717 0.176083 -0.213431 0.040206 0.068325 -0.149959 -0.025046 -0.114563 -0.210201 -0.099697 -0.338174 -0.155636 -0.202854 -0.013620 -0.351286 -0.340170 -0.149075 -0.287496 -0.226483 -0.144438 -0.261421 -0.082412 -0.227745 -0.181330 0.056571 -0.210170 -0.062124 -0.224135 -0.306849 -0.408790 0.551419 0.226970 -0.032358 0.187952 -0.032977 -0.131653 0.174487 -0.047405 -0.154311 -0.013599 -0.131930 -0.036312 0.273052 0.272551 -0.176319 -0.015899 -0.334864 -0.230429 0.171321 -0.255339 0.025286 -0.027500 0.336908 0.030999 0.501052 0.139717 0.015925 0.045579 0.277101 0.332386 -0.247503 0.098927 -0.140176 -0.081417 -0.384498 -0.271274 -0.005913 -0.204450 -0.262283 -0.172487 -0.281748 -0.059905 -0.065653 -0.238078 -0.070464 0.227427 0.340639 -0.122088 -0.389914 0.009442 -0.240264 -0.168854
-0.447516 -0.538595 0.288961 0.548947 0.042189 0.764570 0.201309 -0.200370 0.057412 0.088512 -0.308256 -0.097571 -0.421925 -0.458656 -0.252952 -0.405772 -0.340823 -0.428892 -0.133867 -0.309354 0.106968 0.375025 0.732030 0.761586 0.810872 1.000000 0.546630 0.858307 -0.474384 -0.382845 0.415651 0.520018 -0.270297 -0.487162 0.538597 0.171223 -0.240308 0.053623 0.050171 -0.130786 -0.069408 -0.110055 -0.183590 0.005037 -0.452682 -0.227057 -0.099085 0.119627 -0.395663 -0.437185 -0.130332 -0.284294 -0.199280 -0.083185 -0.116942 0.091486 -0.192567 -0.259191 0.088138 -0.184264 -0.228042 -0.295030 -0.528348 -0.499583 0.536904 0.317624 -0.056507 0.196347 -0.092147 -0.199411 0.237310 0.002364 -0.301572 0.003488 -0.150805 -0.089412 0.397455 0.338875 -0.231496 -0.019319 -0.351768 -0.344932 0.060238 -0.397280 0.012099 0.028496 0.319901 -0.038591 0.589096 0.348635 0.061052 0.062574 0.370840 0.308737 -0.320797 0.175043 -0.117920 0.034112 -0.382610 -0.196274 -0.078129 -0.328554 -0.258635 -0.114951 -0.203549 0.103447 0.047083 -0.056375 -0.065102 0.350858 0.457716 -0.165962 -0.386832 -0.098640 -0.327233 -0.241524
-0.161430 -0.335239 0.417691 0.370834 0.352892 0.683929 0.384203 -0.009780 -0.086886 0.086173 -0.430241 -0.355951 -0.318011 -0.392081 -0.188288 0.008800 -0.243005 -0.413276 -0.020255 -0.125575 0.160331 0.426104 0.427455 0.359167 0.569090 0.546630 1.000000 0.766604 -0.393751 -0.135972 0.537892 0.573258 -0.133323 -0.229587 0.371826 0.135556 -0.178984 -0.231867 0.122621 -0.185765 -0.238578 -0.131036 0.095911 0.202780 0.118651 0.224476 -0.117308 0.123177 -0.179473 -0.029317 -0.223026 -0.301209 -0.252694 -0.119380 -0.191698 0.030063 -0.129802 -0.163213 -0.030651 -0.155854 -0.138940 -0.276037 -0.225798 -0.401817 0.274870 -0.014640 0.135706 0.287608 -0.040832 -0.137637 0.317445 0.278877 -0.154123 0.092862 -0.231387 0.082981 0.082987 0.225086 -0.092656 -0.090220 -0.300622 -0.281269 0.119815 -0.133471 -0.062294 -0.174005 0.175186 0.204944 0.290521 0.060597 -0.039019 -0.174700 0.001035 0.145125 -0.410053 -0.072674 -0.116889 -0.328245 -0.208819 -0.125728 -0.084446 -0.182874 -0.047220 -0.052507 -0.308008 -0.127752 -0.016499 -0.187781 -0.109964 0.215497 0.319834 -0.057541 -0.354344 -0.124316 -0.450219 -0.382807
-0.364599 -0.478573 0.286881 0.394901 0.164251 0.839235 0.270479 -0.193000 0.070206 0.115597 -0.338350 -0.211013 -0.354912 -0.449613 -0.188053 -0.228974 -0.259213 -0.379391 -0.147384 -0.309134 0.077596 0.384486 0.641492 0.624572 0.711779 0.858307 0.766604 1.000000 -0.456432 -0.357959 0.490294 0.540210 -0.251163 -0.396743 0.592448 0.279854 -0.192318 -0.087184 0.073041 -0.176277 -0.134359 -0.116349 -0.058517 0.135729 -0.292137 -0.077468 -0.082665 0.214836 -0.367445 -0.355958 -0.246087 -0.323498 -0.235431 -0.104767 -0.117983 0.121174 -0.190994 -0.236422 0.042292 -0.189764 -0.180954 -0.275548 -0.485906 -0.507552 0.400389 0.220814 0.040013 0.266691 -0.026217 -0.219573 0.256551 0.175107 -0.314903 0.028135 -0.203297 -0.062636 0.303081 0.338327 -0.181979 -0.030467 -0.352113 -0.347140 0.065385 -0.392523 -0.020908 -0.078720 0.197729 -0.047306 0.483799 0.270084 0.023875 -0.096927 0.185415 0.205389 -0.383829 0.027366 -0.078745 -0.069963 -0.360079 -0.170699 -0.191201 -0.410519 -0.272122 -0.094674 -0.239372 0.065388 0.167670 -0.050598 -0.191721 0.362929 0.509691 -0.102102 -0.425743 -0.185914 -0.430197 -0.382066
0.334707 0.343186 -0.176848 -0.365077 0.059679 -0.551750 -0.097184 -0.165115 0.147638 -0.246348 0.552046 0.005915 0.497613 0.111156 0.529062 0.453801 0.415653 0.288725 0.336259 0.365663 -0.047636 -0.106330 -0.233211 -0.307544 -0.286280 -0.474384 -0.393751 -0.456432 1.000000 0.302674 0.036744 -0.178593 0.360142 0.426107 -0.315196 -0.178796 0.310855 0.113952 0.060155 0.292358 0.395716 0.152793 -0.096965 -0.203683 0.062968 -0.098145 -0.086790 -0.222145 -0.159840 -0.019542 -0.114045 -0.199676 0.006622 0.030496 0.051198 -0.159279 0.040820 0.194153 -0.211968 -0.207054 0.216011 0.042723 0.502858 0.231526 -0.134531 -0.419030 -0.176271 -0.298385 0.141214 0.224609 -0.169366 0.088282 0.471214 -0.075446 0.341115 -0.012319 -0.028201 -0.056049 0.170764 0.224645 0.289477 0.331325 0.497783 0.409892 0.026787 -0.015117 0.001997 0.011153 -0.400852 -0.429242 -0.002164 0.095224 -0.346647 -0.095963 0.194694 0.046613 -0.104253 0.121717 0.017103 -0.084446 -0.040497 0.261980 -0.002055 -0.090112 0.058177 -0.014980 -0.027250 -0.169045 0.043912 -0.038474 -0.273969 0.092181 0.224342 0.004863 0.323513 0.152362
-0.023554 0.203079 -0.326793 -0.379209 -0.071274 -0.459585 -0.300685 -0.170603 -0.275359 -0.356214 -0.081479 -0.327064 -0.002790 -0.083175 -0.014372 0.488022 0.362766 0.375271 0.019254 0.250595 0.292084 0.270778 -0.500141 -0.466570 -0.292237 -0.382845 -0.135972 -0.357959 0.302674 1.000000 -0.191435 -0.261257 0.117969 0.308395 -0.450055 -0.250106 0.348833 0.466367 0.391918 0.549184 0.388439 0.488956 0.282808 0.131396 0.358705 0.207435 0.218263 0.174039 0.063732 0.330523 -0.118092 0.046656 0.061713 0.184372 0.198758 0.357642 0.006482 0.114571 -0.427133 -0.190425 -0.083967 -0.137328 0.423132 0.295636 -0.369015 -0.518364 -0.346373 -0.328772 -0.094350 -0.070741 0.137076 0.209961 0.636469 0.425315 0.420944 0.384915 0.139600 0.144600 0.100179 0.204390 0.389453 0.436861 0.120857 0.326967 -0.003593 -0.146107 -0.076511 0.220742 -0.501869 -0.292146 0.063542 -0.008505 -0.292072 -0.175975 -0.040100 0.320778 -0.021854 0.091353 0.375073 0.351573 0.162051 0.409462 0.307533 -0.100574 -0.115322 -0.234859 -0.372730 -0.037242 0.182453 0.106358 -0.046628 0.360442 0.292555 0.091632 -0.015275 0.165672
-0.110816 -0.328610 0.541798 0.494545 0.366631 0.410695 0.623239 0.017692 0.100489 0.071888 -0.187932 -0.156528 -0.034599 -0.248088 -0.109390 -0.052565 -0.219453 -0.489569 0.347127 -0.030050 0.071843 0.225848 0.599015 0.503091 0.534327 0.415651 0.537892 0.490294 0.036744 -0.191435 1.000000 0.814457 0.091449 -0.054058 0.198023 -0.014894 -0.160095 -0.156078 0.014644 -0.187072 0.111196 -0.210353 -0.206340 -0.138090 -0.080745 0.022520 -0.313867 -0.228488 -0.439746 -0.264157 -0.198292 -0.426931 -0.296642 -0.152364 -0.396955 -0.281297 -0.171805 -0.168896 -0.227173 -0.281068 -0.135720 -0.090627 -0.187944 -0.313130 0.572750 0.026242 0.031725 0.103671 -0.011322 -0.145192 0.109170 0.209303 0.015887 -0.028044 -0.033462 -0.012644 0.038149 0.221992 0.032798 0.091744 -0.251509 -0.122607 0.519208 0.148339 0.097521 -0.112344 0.283778 0.147615 0.360236 -0.219402 -0.121217 -0.076899 0.050837 0.204935 -0.156844 -0.080341 -0.298781 -0.150004 -0.426609 -0.375321 -0.096525 -0.268234 -0.281911 -0.105812 -0.251155 -0.048172 -0.010451 -0.124201 -0.017531 0.150903 0.185001 -0.262200 -0.434239 -0.131920 -0.128183 -0.185680
-0.243520 -0.378617 0.607039 0.563094 0.396214 0.461964 0.622418 0.184664 0.030681 0.115439 -0.290115 -0.114211 -0.107881 -0.185657 -0.275840 -0.156773 -0.391149 -0.581322 0.191834 -0.202002 0.191517 0.281987 0.457304 0.443261 0.565929 0.520018 0.573258 0.540210 -0.178593 -0.261257 0.814457 1.000000 0.060309 0.007045 0.265122 0.104216 -0.200435 -0.136841 0.024982 -0.338814 0.067730 -0.150180 -0.114697 -0.045361 -0.042050 0.095380 -0.200515 -0.022190 -0.356528 -0.297798 -0.208033 -0.428861 -0.352436 -0.224761 -0.381527 -0.213908 -0.287400 -0.305946 -0.147238 -0.208032 -0.218177 -0.069016 -0.262153 -0.292005 0.426303 0.087293 0.179942 0.279913 -0.154620 -0.287420 0.171831 0.433463 -0.082991 -0.123829 -0.083480 0.074905 0.167560 0.350293 -0.079556 0.044655 -0.322062 -0.248000 0.306951 0.202629 0.053506 -0.032523 0.110004 0.138539 0.311524 -0.121471 -0.128858 -0.153383 0.026118 0.039428 -0.302188 -0.014889 -0.139909 -0.209101 -0.307244 -0.351906 -0.201786 -0.296183 -0.190858 -0.030108 -0.253011 -0.072732 -0.016841 -0.165697 0.042929 0.228592 0.262037 -0.307996 -0.498619 -0.181750 -0.321332 -0.293414
0.255975 0.264644 0.090911 -0.020625 -0.036776 -0.315692 0.003524 0.162074 -0.192177 -0.361435 0.027857 -0.083625 0.088885 0.009924 -0.124242 0.002896 0.270443 -0.072926 0.149545 0.304186 -0.223202 -0.139076 -0.243008 -0.209123 -0.206122 -0.270297 -0.133323 -0.251163 0.360142 0.117969 0.091449 0.060309 1.000000 0.681631 -0.212351 0.090787 0.104462 0.120081 0.014616 0.123940 0.229437 -0.107088 -0.150949 -0.099025 0.309242 0.209476 -0.205142 -0.238988 0.012567 0.111385 -0.117299 -0.305104 -0.464715 -0.471271 -0.230715 -0.207302 0.366585 0.232325 -0.127051 0.052123 0.026621 -0.023707 0.347445 0.195313 -0.089843 -0.222396 0.349346 0.171268 0.199001 0.335410 -0.251626 0.182027 0.385732 -0.393284 0.095228 -0.075983 -0.191471 -0.051121 0.391718 0.344133 0.292369 0.402358 0.119778 0.337116 -0.049976 0.088653 -0.063691 0.084867 -0.245380 -0.335534 -0.541211 -0.431735 -0.428197 -0.345864 0.172237 0.203434 0.162983 0.254622 -0.121118 -0.204084 -0.266530 0.024702 0.018039 0.075067 0.107668 -0.116593 0.006540 -0.072132 -0.079831 0.028974 -0.054507 -0.137435 -0.154482 -0.195075 0.045624 -0.010514
0.191707 0.342130 -0.148145 -0.291405 0.067840 -0.537392 -0.034506 0.168969 -0.106958 -0.239030 0.034898 -0.097642 0.280742 0.188642 -0.067220 0.292686 0.257608 0.131952 0.136280 0.284516 -0.096921 -0.156844 -0.497439 -0.453987 -0.352208 -0.487162 -0.229587 -0.396743 0.426107 0.308395 -0.054058 0.007045 0.681631 1.000000 -0.240875 0.208135 0.203114 0.130184 0.103999 0.165569 0.317199 0.138605 0.110595 0.098942 0.405389 0.353522 -0.024313 0.005119 0.001198 0.182487 -0.222866 -0.167885 -0.306004 -0.215998 -0.176022 -0.091341 0.144850 0.233593 -0.252473 -0.006008 0.041585 0.114181 0.358367 0.366269 -0.375057 -0.367074 0.248795 0.090135 0.238512 0.223302 -0.395860 0.395698 0.483007 -0.374583 0.219452 -0.085849 -0.225710 -0.018058 0.372659 0.330560 0.343267 0.461938 0.024641 0.488024 -0.062461 -0.057345 -0.304458 0.079221 -0.475987 -0.514365 -0.393555 -0.418878 -0.602450 -0.511493 0.114911 0.096238 0.178595 0.169671 0.058267 -0.034716 -0.229979 0.122023 0.102442 0.081605 0.135795 -0.160163 0.011856 -0.090025 0.053966 0.000400 -0.081184 0.015223 0.036521 -0.144434 0.097843 0.132987
-0.283135 -0.430452 0.241299 0.105821 0.184284 0.482224 0.215058 -0.139029 0.256781 0.223045 -0.041679 0.016278 -0.125565 -0.172716 -0.037670 -0.351975 -0.188941 -0.280431 -0.316159 -0.475893 -0.034406 0.109468 0.510355 0.433035 0.489717 0.538597 0.371826 0.592448 -0.315196 -0.450055 0.198023 0.265122 -0.212351 -0.240875 1.000000 0.653555 -0.033856 -0.163921 -0.183963 -0.367041 -0.171524 -0.256854 0.068688 0.300910 -0.416501 -0.079965 0.030624 0.179362 -0.243062 -0.485705 -0.192297 -0.258104 -0.228045 -0.038350 -0.183591 -0.038829 -0.214802 -0.222010 0.097426 -0.228488 -0.097196 -0.158295 -0.450303 -0.410105 0.315831 0.300154 0.235352 0.410877 -0.011342 -0.179529 -0.069800 -0.039187 -0.381757 -0.177429 -0.246370 -0.335304 0.200257 0.140166 -0.051536 0.021844 -0.144067 -0.156642 -0.300795 -0.493931 0.151547 0.223522 -0.073629 -0.366765 0.441005 0.270023 -0.140460 -0.232178 0.110311 0.076330 -0.102862 -0.052569 0.098108 0.061865 -0.498237 -0.339346 -0.246714 -0.359800 -0.326605 0.004899 -0.024144 0.215215 0.338533 -0.056985 -0.014298 0.238035 0.448752 -0.280416 -0.362947 -0.131209 -0.166796 -0.186103
-0.204630 -0.229010 0.143352 -0.155084 0.187649 0.111775 0.137943 0.082737 0.285172 0.177775 -0.039180 -0.021801 0.085155 0.073140 0.021585 -0.078342 -0.053619 -0.197602 -0.377605 -0.471086 -0.125676 -0.098877 0.123012 0.070111 0.176083 0.171223 0.135556 0.279854 -0.178796 -0.250106 -0.014894 0.104216 0.090787 0.208135 0.653555 1.000000 0.065142 0.010086 -0.100619 -0.230352 -0.037526 -0.140096 0.124851 0.317983 -0.104265 0.189843 -0.074440 0.284116 -0.169482 -0.218929 -0.263000 -0.223673 -0.413697 -0.292342 -0.215952 -0.037621 -0.096043 -0.060423 0.029021 0.027531 0.141361 0.166974 -0.086160 0.031679 0.121769 0.223688 0.350685 0.467793 0.011832 -0.129874 -0.245437 0.030039 -0.102653 -0.341445 -0.106376 -0.274872 0.110633 0.203273 -0.006089 0.158802 0.018513 0.102718 -0.407442 -0.312191 -0.060456 0.107360 -0.171652 -0.294992 0.078091 -0.031982 -0.338816 -0.413754 -0.088881 -0.195274 -0.043533 -0.115637 0.213315 0.089361 -0.381051 -0.154234 -0.247244 -0.247852 -0.105216 0.056255 0.076709 -0.079167 0.189067 -0.047979 -0.197565 0.174478 0.372345 -0.142918 -0.309503 -0.233653 -0.219155 -0.147487
