1.000000 0.833577 -0.085163 -0.163826 0.110787 -0.010806 -0.293720 -0.447686 -0.054134 -0.115047 0.346851 -0.300166 -0.242619 -0.527991 -0.041257 -0.497445 0.730030 0.573020 0.629843 0.561685 -0.501197 -0.261493 -0.067169 -0.418279 0.156685 -0.366401 -0.043430 -0.089320 0.314832 -0.228002 -0.232210 -0.717238 0.701961 0.574889 -0.188407 -0.147534 -0.485849 -0.429782 -0.388620 -0.197365 -0.293255 -0.377046 -0.022312 0.091816 0.230843 -0.418468 0.101567 0.178110 0.354934 0.377603 0.382398 0.111819 -0.092444 -0.302601 -0.120789 0.167784 0.798303 0.830878 0.135467 0.084041 0.278502 0.250758 0.521304 0.582549 -0.041516 -0.177296 0.113237 -0.245969 0.766356 0.470961 -0.403506 -0.210063 0.077709 -0.395911 -0.081455 -0.554119 -0.538943 -0.668491 0.555031 0.252260 0.547096 0.601175 0.124094 -0.370155 0.427602 0.228151 0.022148 -0.256945 0.304785 0.511892 -0.732284 -0.397141 -0.758370 -0.538441 -0.383995 -0.558121 0.160784 -0.139479 0.198600 0.260974 -0.415690 -0.464653 -0.186181 -0.385034 -0.266614 -0.265454 -0.036087 -0.056345 -0.221501 -0.582027 -0.017840 -0.028491 0.045862 -0.437705 -0.348379 -0.338979
0.833577 1.000000 -0.255780 -0.129780 0.119576 -0.027613 -0.399353 -0.321515 -0.130059 -0.111753 0.304786 -0.029234 -0.137540 -0.352716 -0.088100 -0.371783 0.734273 0.641035 0.505169 0.477864 -0.521820 -0.316367 -0.296014 -0.570524 0.118641 -0.473371 -0.112869 -0.242674 0.232656 -0.203994 -0.351428 -0.693025 0.752929 0.697013 -0.302778 -0.219363 -0.323693 -0.427137 -0.470620 -0.266997 -0.152408 -0.195200 -0.050194 0.043024 0.206482 -0.407818 0.184338 0.121665 0.366455 0.363283 0.367245 0.157285 -0.093168 -0.363931 -0.123185 0.235414 0.832066 0.872118 0.173819 0.115374 0.419961 0.434104 0.503680 0.727235 -0.108160 -0.028421 0.014218 -0.338770 0.783073 0.412803 -0.529462 -0.114218 -0.085503 -0.489167 -0.081102 -0.502515 -0.697506 -0.748459 0.629304 0.054184 0.636323 0.610227 -0.026740 -0.247637 0.382288 0.297261 -0.105816 -0.196219 0.175511 0.586519 -0.763680 -0.649683 -0.790007 -0.674529 -0.306332 -0.538492 0.212501 -0.067685 0.289153 0.342531 -0.294087 -0.481078 -0.167755 -0.374948 -0.130242 -0.237253 -0.033708 0.009251 -0.165995 -0.554344 -0.076671 0.127734 0.051326 -0.453344 -0.227648 -0.235642
-0.085163 -0.255780 1.000000 0.308348 0.316640 0.328612 0.760321 0.527652 0.308671 0.311045 0.102959 -0.233083 0.211101 -0.049517 0.243658 -0.131475 -0.261081 -0.366067 0.118902 0.182966 0.126784 0.117083 0.576879 0.496942 0.058662 0.422857 0.357061 0.403963 -0.144745 -0.270936 0.319149 0.183351 -0.208623 -0.332373 0.275246 0.233646 -0.376129 -0.184314 0.006665 -0.228370 0.048809 0.026675 -0.306429 -0.010623 -0.471217 -0.011298 -0.287258 -0.107698 -0.342217 -0.465159 0.106856 -0.293118 -0.167006 -0.136150 -0.269171 -0.418918 -0.333369 -0.341926 -0.018530 -0.042880 -0.188028 -0.471075 -0.153682 -0.378866 0.328337 -0.034205 0.235131 0.506338 -0.337075 -0.081861 0.175279 -0.186227 0.025033 -0.004253 0.146792 0.089422 0.151395 0.114289 -0.280595 0.013757 -0.446722 -0.405690 0.165714 -0.296808 0.101113 -0.048355 0.319719 -0.154624 0.119046 -0.050339 0.136591 0.336864 0.241533 0.441188 0.041932 -0.079818 -0.043454 -0.044832 -0.319096 -0.294301 0.092103 0.254090 0.035104 0.191534 -0.033245 0.101423 0.023921 -0.202983 -0.011635 0.130640 0.336992 -0.131877 -0.071052 0.051794 -0.009736 -0.120860
-0.163826 -0.129780 0.308348 1.000000 0.473656 0.501283 0.210402 0.540917 0.374450 0.454788 0.114834 0.198548 0.082773 0.480247 0.274217 0.382154 -0.029476 -0.051172 -0.104846 0.274471 0.163732 0.081727 0.494633 0.673296 0.301019 0.508903 0.306282 0.248618 0.130235 0.078792 0.471805 0.557994 -0.367853 -0.210954 0.066260 0.016740 -0.205611 0.016474 -0.136387 -0.263836 0.021509 0.341216 -0.444566 -0.456172 -0.456548 -0.108052 -0.417297 -0.563740 -0.612606 -0.551774 -0.399985 -0.588547 -0.132310 -0.181455 -0.432410 -0.568640 -0.311267 -0.230584 -0.155674 -0.187939 -0.032465 -0.209317 0.063649 -0.149352 0.523182 0.282587 -0.234324 0.106223 -0.243532 -0.175505 0.341924 -0.035734 0.007576 0.228404 0.244232 0.341333 0.164368 0.144983 -0.246130 -0.044495 -0.254266 -0.180789 0.365114 0.461064 0.203019 0.049512 0.083585 0.500018 0.322501 0.088789 0.195528 0.097004 0.364675 0.249220 -0.112890 -0.202898 -0.452422 -0.251459 -0.567809 -0.476141 0.040857 -0.000674 -0.130887 -0.205139 -0.176317 0.071336 0.118601 -0.143610 -0.115325 0.105665 -0.099632 -0.017892 0.025704 -0.043400 -0.011280 -0.161636
0.110787 0.119576 0.316640 0.473656 1.000000 0.707487 0.150536 0.322862 0.775832 0.641728 0.307820 0.195872 0.184650 0.244925 0.335617 0.084118 0.100259 0.038206 0.078665 0.198663 -0.077262 -0.152454 0.348937 0.299254 0.656365 0.395254 0.652209 0.415654 0.078807 -0.087422 0.307903 0.086408 -0.051103 -0.113733 -0.027413 0.024021 -0.282034 -0.284249 -0.165901 -0.239886 -0.092897 0.081394 -0.381749 -0.247197 -0.318577 -0.243058 -0.198353 -0.244818 -0.178619 -0.254047 0.069832 -0.272118 -0.122430 -0.362484 -0.312377 -0.252661 -0.075183 -0.032080 0.113525 -0.131694 0.143897 -0.005273 0.079120 0.054373 0.490438 0.296390 -0.093773 -0.076607 -0.080996 -0.181630 0.012526 -0.137201 0.050940 0.007935 0.057690 -0.016099 -0.139986 -0.192026 -0.018777 -0.036895 -0.094291 -0.063710 0.255357 -0.016987 0.329090 0.113970 0.090022 0.007765 0.335695 0.269584 -0.155015 -0.098348 -0.039376 0.033510 -0.135988 -0.331355 -0.126665 -0.161282 -0.302116 -0.209846 -0.076548 -0.066677 -0.075864 -0.163300 -0.149238 -0.014222 0.011683 -0.072426 -0.202737 -0.150255 0.055588 -0.010621 0.020037 -0.373596 -0.142566 -0.272874
-0.010806 -0.027613 0.328612 0.501283 0.707487 1.000000 0.300978 0.518224 0.503971 0.752768 -0.059952 0.119205 0.059324 0.238201 0.030292 0.195250 0.107581 -0.036896 0.003636 0.089362 -0.088935 -0.155165 0.302804 0.344032 0.666326 0.670182 0.725402 0.706228 -0.113460 -0.077878 0.404093 0.302498 -0.197365 -0.095915 0.042164 0.184639 -0.179062 -0.174232 -0.113672 -0.249583 0.039060 0.164526 -0.210104 -0.057135 -0.295114 -0.063121 -0.103444 -0.111381 -0.350701 -0.343140 -0.072297 -0.399229 -0.255159 -0.370663 -0.420530 -0.330298 -0.118079 -0.070101 -0.240264 -0.154007 -0.139825 -0.305596 -0.035124 -0.161881 0.199942 0.210845 -0.158617 0.131260 -0.107459 -0.215291 0.125937 -0.052051 0.024510 -0.067758 0.144134 0.085784 -0.037665 -0.086152 0.088813 0.166802 -0.045223 -0.048870 0.035843 -0.029808 0.228582 0.210834 -0.122110 -0.102357 0.154289 0.098260 -0.111789 -0.111248 0.033476 0.015040 -0.091820 -0.197739 -0.031573 -0.114072 -0.239201 -0.301181 -0.143373 -0.087740 -0.024886 -0.056298 -0.095053 0.063894 0.072067 -0.051384 -0.235825 -0.175824 0.022771 -0.030428 -0.082594 -0.349750 -0.123160 -0.204127
-0.293720 -0.399353 0.760321 0.210402 0.150536 0.300978 1.000000 0.628216 0.143103 0.368404 -0.053554 -0.006295 0.471929 0.276903 0.022358 0.250785 -0.417672 -0.410680 0.030287 -0.172054 0.273950 0.213875 0.213509 0.297982 0.060585 0.286777 0.278195 0.262332 -0.144463 0.002188 0.126781 0.273978 -0.321527 -0.310278 0.281416 0.200470 -0.121097 -0.014955 0.018613 -0.256256 0.149629 0.054861 -0.180682 -0.057417 -0.303823 0.212604 -0.248699 -0.214159 -0.316042 -0.395236 -0.103646 -0.222014 -0.098732 -0.021719 -0.224934 -0.419149 -0.481606 -0.515368 -0.095508 0.089288 -0.150735 -0.332297 -0.194651 -0.392325 0.080084 0.122286 0.237572 0.566096 -0.486562 -0.192987 0.230112 0.029815 0.126858 0.104531 0.118718 0.145837 0.278721 0.248895 -0.401027 -0.109086 -0.446198 -0.450876 0.020939 -0.019734 -0.038946 -0.034531 -0.016631 -0.032388 -0.131263 -0.113873 0.299489 0.232352 0.354072 0.311796 0.154094 0.039657 -0.121708 -0.042573 -0.271137 -0.402036 0.166182 0.246912 0.128296 0.253880 0.105394 0.185624 0.095776 -0.105977 0.067358 0.185103 0.138237 -0.226725 -0.186709 0.132517 0.091984 0.051502
-0.447686 -0.321515 0.527652 0.540917 0.322862 0.518224 0.628216 1.000000 0.293458 0.576035 -0.084207 0.318701 0.404428 0.588882 0.017654 0.407019 -0.321861 -0.340984 -0.204383 -0.240421 0.150284 0.077279 0.201492 0.423483 0.150003 0.467746 0.260727 0.289456 -0.172887 0.077929 0.186846 0.489720 -0.449714 -0.376201 0.039923 0.124507 -0.132330 0.065461 -0.048125 -0.155139 0.136439 0.289623 -0.301631 -0.186975 -0.443126 0.161426 -0.332621 -0.317712 -0.461264 -0.559825 -0.206611 -0.359940 -0.136169 -0.184197 -0.328735 -0.450488 -0.508538 -0.542577 -0.069968 0.039022 -0.077055 -0.179291 -0.192241 -0.297286 0.250168 0.473310 -0.010125 0.396189 -0.582870 -0.422091 0.202626 0.096501 -0.050838 0.107438 0.117444 0.319061 0.165478 0.259086 -0.353847 -0.169659 -0.405836 -0.460920 -0.063059 0.179571 -0.104490 0.063663 -0.053920 0.193950 -0.069936 -0.144690 0.277218 0.090540 0.494648 0.307384 0.097581 0.089025 -0.142832 -0.039287 -0.333343 -0.430038 0.354879 0.148983 0.128050 0.062279 0.019405 0.207136 0.018940 0.059420 0.011656 0.106089 -0.015899 -0.027465 -0.084622 0.123012 0.150064 0.037810
-0.054134 -0.130059 0.308671 0.374450 0.775832 0.503971 0.143103 0.293458 1.000000 0.687985 0.286354 0.183944 0.213599 0.280019 0.289054 0.109565 -0.059491 -0.086628 -0.101507 0.024867 0.023627 -0.080449 0.359758 0.311553 0.461244 0.315350 0.421328 0.282055 0.048296 -0.007165 0.172809 0.133292 -0.184513 -0.240866 -0.029657 0.110522 -0.297377 -0.131925 -0.099286 -0.148018 -0.107826 -0.026627 -0.290395 -0.178847 -0.267488 0.004276 -0.289527 -0.183766 -0.169552 -0.245455 0.005798 -0.232484 -0.080277 -0.174530 -0.291936 -0.290112 -0.278315 -0.210927 0.131450 -0.287913 0.068109 -0.064428 -0.067645 -0.184713 0.573994 0.353647 -0.142628 -0.015381 -0.246596 -0.199580 0.148186 -0.046825 0.154033 0.197286 0.110219 0.087659 0.110222 0.100594 -0.155994 0.121335 -0.245886 -0.178109 0.127380 -0.090479 0.107136 -0.089593 0.028710 -0.077169 0.172719 -0.128423 0.069603 0.192526 0.217644 0.267450 -0.087880 -0.197582 -0.241309 -0.165599 -0.303588 -0.199960 0.094328 0.152587 0.073709 -0.083497 -0.091560 0.031255 -0.081973 -0.034428 -0.136874 -0.010555 0.051840 -0.026127 0.045215 -0.053574 0.047320 -0.137055
-0.115047 -0.111753 0.311045 0.454788 0.641728 0.752768 0.368404 0.576035 0.687985 1.000000 0.074970 0.258419 0.233085 0.378300 0.038866 0.207239 -0.093164 -0.156858 -0.090580 -0.063828 -0.015738 -0.067901 0.252678 0.300454 0.575640 0.454217 0.397439 0.371435 -0.030113 0.049031 0.159042 0.226894 -0.185440 -0.096282 0.057340 0.087296 -0.226523 -0.093232 -0.153506 -0.291571 0.073395 0.023329 -0.228905 -0.091715 -0.217673 0.072581 -0.139057 -0.104822 -0.261715 -0.285511 -0.086467 -0.296794 -0.206801 -0.273976 -0.405841 -0.370340 -0.252121 -0.224874 -0.103275 -0.187693 -0.071248 -0.131147 -0.087880 -0.230975 0.333825 0.310516 -0.079492 0.171394 -0.236163 -0.171012 0.065742 -0.028478 0.101921 0.046772 0.079873 0.019591 0.043809 0.055084 -0.116979 0.039172 -0.229613 -0.216560 0.072261 0.027643 0.121859 0.130688 -0.143040 -0.121817 0.107411 -0.089300 0.009554 0.021188 0.210377 0.148952 -0.098165 -0.204491 -0.119513 -0.216068 -0.231886 -0.310779 0.171623 0.124455 0.088125 -0.087668 -0.107778 0.009458 -0.047521 -0.070115 -0.198888 -0.047853 0.090188 -0.006109 -0.090785 -0.152747 0.029542 -0.133108
0.346851 0.304786 0.102959 0.114834 0.307820 -0.059952 -0.053554 -0.084207 0.286354 0.074970 1.000000 0.350800 0.349791 0.126541 0.627791 0.019655 0.245515 0.415469 0.244191 0.122652 -0.115551 -0.049826 0.160636 0.024270 0.140438 -0.213522 0.092403 -0.101152 0.540173 0.061765 -0.002414 -0.275869 0.164755 0.051004 -0.089818 0.070526 -0.280197 -0.221359 -0.292615 -0.397336 -0.289753 -0.126473 -0.176779 -0.194410 -0.245216 -0.281242 -0.395159 -0.303989 0.019502 -0.167219 0.197591 -0.139263 -0.157629 -0.283423 -0.108558 -0.273291 0.012646 0.088495 0.511702 0.072917 0.482013 0.298459 0.403013 0.257222 0.470185 0.296267 0.017587 -0.073459 -0.000477 0.003072 -0.082789 -0.100248 0.293382 0.008639 0.132039 -0.143383 -0.100767 -0.147429 -0.052602 0.035384 0.117730 0.130784 0.373108 -0.029655 0.258389 0.020604 0.127259 0.239852 0.283893 0.221594 -0.164771 -0.059103 -0.093746 -0.006698 -0.362847 -0.505288 -0.332376 -0.316744 -0.298658 -0.243579 -0.160777 -0.117117 -0.189886 -0.117920 -0.164865 -0.120895 -0.105258 -0.112110 -0.186132 -0.155375 -0.010338 -0.238507 -0.134167 -0.213169 -0.157970 -0.224476
-0.300166 -0.029234 -0.233083 0.198548 0.195872 0.119205 -0.006295 0.318701 0.183944 0.258419 0.350800 1.000000 0.548696 0.780549 0.151950 0.600482 -0.078376 0.173023 -0.247870 -0.434554 0.071520 0.045571 -0.247121 -0.031659 0.093817 -0.075191 -0.004814 -0.113008 0.176718 0.325387 -0.218602 0.201430 -0.259674 -0.121666 -0.218087 0.053789 0.116690 0.047674 -0.070177 -0.158448 0.004705 0.176955 -0.090172 -0.238737 -0.232492 0.050505 -0.258952 -0.320394 -0.090832 -0.200942 -0.042490 0.019537 0.052691 -0.029362 -0.042962 -0.079905 -0.337887 -0.329935 0.167658 0.045915 0.277714 0.382571 0.049856 -0.011282 0.144580 0.682826 -0.366612 -0.140992 -0.391299 -0.357187 0.040903 0.137156 0.023386 0.148259 0.110832 0.256527 0.041425 0.143312 -0.180957 -0.236516 0.016693 -0.135942 -0.018240 0.402447 -0.121511 0.107813 -0.240296 0.396101 -0.215677 -0.097032 0.205700 -0.162764 0.300482 -0.074705 0.028184 0.029079 -0.221041 -0.000757 -0.124448 -0.165611 0.148836 -0.128685 -0.079889 -0.031467 0.038184 0.049908 -0.122311 0.200644 -0.144675 0.042289 -0.297657 -0.151063 -0.317477 -0.021130 0.267500 0.152088
-0.242619 -0.137540 0.211101 0.082773 0.184650 0.059324 0.471929 0.404428 0.213599 0.233085 0.349791 0.548696 1.000000 0.587181 0.169588 0.579289 -0.191754 0.128310 0.016668 -0.331215 0.221368 0.125558 -0.214882 -0.073607 0.012947 -0.204205 0.036081 -0.141550 0.263794 0.301294 -0.270081 0.071326 -0.190353 -0.108565 -0.170012 -0.026044 0.059668 -0.007026 -0.000858 -0.274830 0.039694 0.076439 -0.088722 -0.252754 -0.200960 0.078799 -0.278266 -0.340663 -0.142531 -0.217978 -0.153241 -0.068634 0.035142 -0.050616 -0.015201 -0.159272 -0.357587 -0.366685 0.299101 0.172830 0.415467 0.226399 0.208301 0.097246 0.006536 0.458663 -0.021623 0.008275 -0.411614 -0.301552 0.050985 0.246255 0.292503 0.159775 0.188598 0.209562 0.136894 0.190363 -0.247837 -0.119466 -0.004575 -0.087281 0.000939 0.301971 -0.159452 -0.078447 -0.243488 0.273591 -0.212662 -0.040498 0.165322 -0.093115 0.198735 -0.032632 -0.054382 -0.026807 -0.282558 -0.162223 -0.187746 -0.338771 -0.004284 0.038217 -0.127278 0.022362 -0.060748 0.048993 -0.135242 0.104388 0.110366 0.156221 -0.319791 -0.203962 -0.370603 0.091415 0.114406 -0.010815
-0.527991 -0.352716 -0.049517 0.480247 0.244925 0.238201 0.276903 0.588882 0.280019 0.378300 0.126541 0.780549 0.587181 1.000000 0.092964 0.840014 -0.252567 -0.013830 -0.392824 -0.456517 0.286694 0.179301 -0.120885 0.223286 0.071197 0.133058 0.073026 -0.034640 0.151008 0.495559 -0.001077 0.544685 -0.557492 -0.341045 -0.223641 -0.072778 0.166822 0.278282 0.052733 -0.098353 0.105321 0.310684 -0.214320 -0.459833 -0.236766 0.173723 -0.437814 -0.566561 -0.336967 -0.352848 -0.399215 -0.247055 0.040630 0.025477 -0.128485 -0.360859 -0.558456 -0.566352 0.005844 -0.046173 0.186911 0.142136 -0.066102 -0.162902 0.206570 0.651128 -0.307563 -0.032835 -0.596543 -0.500028 0.324948 0.286793 0.217251 0.418175 0.148671 0.439872 0.295709 0.410049 -0.401264 -0.193116 -0.207825 -0.261040 0.014396 0.638443 -0.177722 -0.023412 -0.274389 0.535022 -0.185770 -0.185022 0.437481 0.033778 0.577754 0.137820 0.039059 0.127101 -0.458832 -0.142461 -0.349792 -0.443646 0.276779 0.056181 0.088921 0.014671 0.094488 0.255886 0.033878 0.192829 -0.066535 0.157503 -0.407601 -0.130756 -0.149858 0.178392 0.232726 0.129478
-0.041257 -0.088100 0.243658 0.274217 0.335617 0.030292 0.022358 0.017654 0.289054 0.038866 0.627791 0.151950 0.169588 0.092964 1.000000 0.062345 -0.023835 0.012418 0.065099 0.134701 0.058994 -0.033285 0.528004 0.425425 0.279252 0.148183 0.268745 0.077944 0.394463 -0.044728 0.439985 0.138276 -0.090415 -0.248960 0.158110 0.243626 -0.020132 -0.141689 -0.068185 -0.287409 -0.008732 0.234304 -0.259579 -0.265994 -0.446870 -0.345293 -0.275319 -0.295168 -0.198041 -0.367969 0.108883 -0.259803 -0.133742 -0.136290 -0.178596 -0.348102 -0.266489 -0.175247 0.286482 -0.142015 0.149103 -0.113567 0.177687 -0.094394 0.600788 0.043035 -0.158596 -0.101892 -0.193563 -0.258383 0.070487 -0.164568 0.117325 0.117123 0.231465 0.130025 0.093410 0.073025 -0.197331 -0.075444 -0.155387 -0.107370 0.656848 0.078230 0.328387 -0.008664 0.377202 0.277327 0.424199 0.138060 0.099454 0.125552 0.165154 0.263819 -0.018450 -0.265439 -0.251816 -0.106492 -0.364175 -0.258681 -0.119557 0.164255 -0.103846 0.135087 -0.069263 -0.046974 -0.033450 -0.308727 -0.025983 0.190621 0.233188 -0.095435 0.029151 -0.052179 -0.021234 -0.037216
-0.497445 -0.371783 -0.131475 0.382154 0.084118 0.195250 0.250785 0.407019 0.109565 0.207239 0.019655 0.600482 0.579289 0.840014 0.062345 1.000000 -0.150070 0.084112 -0.269566 -0.414347 0.373177 0.200586 -0.226361 0.141701 0.047735 0.031199 0.119949 -0.029222 0.209122 0.588946 0.052793 0.517621 -0.486917 -0.269227 -0.259091 -0.152800 0.374595 0.301784 0.139023 -0.103132 0.203639 0.429175 -0.046299 -0.457238 -0.182483 0.082842 -0.304860 -0.569470 -0.348837 -0.293124 -0.463971 -0.218825 0.089153 0.101221 -0.088598 -0.299736 -0.486342 -0.470660 -0.036183 0.048084 0.175987 0.074622 -0.007038 -0.090047 -0.055419 0.445797 -0.288818 -0.136477 -0.497293 -0.435291 0.438921 0.432815 0.337632 0.450408 0.335482 0.502315 0.382378 0.410502 -0.280815 0.005233 -0.034815 -0.073713 -0.013282 0.698797 -0.257119 -0.141192 -0.431482 0.580661 -0.284006 -0.213675 0.432536 -0.003419 0.464360 0.025054 0.066337 0.130123 -0.456581 -0.109188 -0.300645 -0.395280 0.030967 0.030075 0.086269 0.114355 0.097048 0.205988 -0.011373 0.100343 0.017144 0.189655 -0.548032 -0.202158 -0.174773 0.194418 0.177917 0.193025
0.730030 0.734273 -0.261081 -0.029476 0.100259 0.107581 -0.417672 -0.321861 -0.059491 -0.093164 0.245515 -0.078376 -0.191754 -0.252567 -0.023835 -0.150070 1.000000 0.681619 0.484775 0.476168 -0.495721 -0.391782 -0.191792 -0.410698 0.169606 -0.331304 0.012529 -0.060729 0.384120 -0.161813 -0.112584 -0.432987 0.570847 0.555695 -0.434580 -0.153178 -0.129042 -0.343434 -0.291196 -0.284557 -0.045746 -0.014204 -0.123099 -0.166016 0.073405 -0.539947 0.033690 -0.064735 0.095828 0.193469 0.199102 -0.103855 -0.145490 -0.407557 -0.088254 0.096699 0.706935 0.781214 0.044925 0.041448 0.275876 0.060587 0.562559 0.517215 -0.183059 -0.081520 -0.126255 -0.434150 0.653026 0.245682 -0.201143 0.003710 0.155519 -0.316536 0.112498 -0.325700 -0.476625 -0.575766 0.752143 0.489491 0.753013 0.756926 0.022117 -0.202299 0.345886 0.147983 -0.150260 -0.159773 0.149018 0.397217 -0.673436 -0.494057 -0.633870 -0.555023 -0.266162 -0.462787 0.114618 -0.008281 0.126444 0.227139 -0.441217 -0.453047 -0.020199 -0.210790 0.030215 -0.033856 0.004723 0.103025 -0.175341 -0.584943 -0.243113 0.050260 0.127196 -0.246406 -0.122933 -0.065734
0.573020 0.641035 -0.366067 -0.051172 0.038206 -0.036896 -0.410680 -0.340984 -0.086628 -0.156858 0.415469 0.173023 0.128310 -0.013830 0.012418 0.084112 0.681619 1.000000 0.361042 0.310664 -0.181149 -0.088850 -0.307627 -0.429026 0.106372 -0.428784 -0.073438 -0.224386 0.557864 0.306313 -0.265900 -0.399329 0.399640 0.498622 -0.557894 -0.376354 -0.019667 -0.052558 -0.202373 -0.224278 -0.059183 -0.039402 -0.034522 -0.207398 0.139785 -0.434677 -0.101556 -0.145152 0.113996 0.202220 0.007322 -0.037842 -0.037079 -0.220314 -0.032903 0.093913 0.516395 0.597943 0.107919 0.082406 0.417555 0.320579 0.517206 0.650429 -0.172378 0.022907 -0.134467 -0.472985 0.479181 0.204031 -0.060214 0.190699 0.431176 -0.103521 0.130219 -0.216375 -0.228624 -0.287820 0.429574 0.354579 0.691321 0.771701 0.125777 0.134492 0.165860 0.138214 -0.254350 0.083981 0.033921 0.322076 -0.459208 -0.430293 -0.467389 -0.529851 -0.486308 -0.492414 -0.158801 -0.275647 0.025721 0.048304 -0.413195 -0.441227 -0.151551 -0.294396 -0.140257 -0.217527 -0.157246 -0.078153 -0.283379 -0.350253 -0.433531 -0.171816 0.016345 -0.310834 -0.267708 -0.295086
0.629843 0.505169 0.118902 -0.104846 0.078665 0.003636 0.030287 -0.204383 -0.101507 -0.090580 0.244191 -0.247870 0.016668 -0.392824 0.065099 -0.269566 0.484775 0.361042 1.000000 0.460361 -0.309908 -0.171758 -0.121900 -0.242109 0.171939 -0.275055 0.064030 -0.088570 0.314475 -0.121950 -0.080026 -0.455123 0.524693 0.505446 -0.037807 0.004714 -0.223846 -0.214755 -0.121295 -0.196459 -0.091133 -0.141908 -0.050611 0.071328 -0.041703 -0.374506 0.029114 0.111517 0.098272 0.094413 0.231516 -0.065505 -0.128153 -0.391508 0.041284 0.118653 0.475960 0.488065 0.185168 0.350714 0.073810 0.019267 0.512118 0.379403 -0.199051 -0.191307 0.324754 0.009505 0.498325 0.282397 -0.197573 -0.020436 0.148540 -0.393608 0.143900 -0.316621 -0.303401 -0.464988 0.288884 0.169038 0.464410 0.473940 0.197434 -0.242263 0.251830 0.064149 -0.007488 -0.106305 0.192806 0.428025 -0.510960 -0.334487 -0.525539 -0.437227 -0.251449 -0.399615 0.189434 -0.037272 0.030823 0.006222 -0.407579 -0.303053 -0.143357 -0.292560 -0.279081 -0.347772 -0.203188 -0.229032 -0.064823 -0.312917 0.044274 -0.219261 -0.081218 -0.372641 -0.426266 -0.289531
0.561685 0.477864 0.182966 0.274471 0.198663 0.089362 -0.172054 -0.240421 0.024867 -0.063828 0.122652 -0.434554 -0.331215 -0.456517 0.134701 -0.414347 0.476168 0.310664 0.460361 1.000000 -0.116166 -0.032464 0.361406 0.147485 0.066471 -0.001681 0.180642 0.129388 0.183105 -0.251544 0.245627 -0.188983 0.417626 0.424833 0.009217 -0.098555 -0.379090 -0.265606 -0.099452 -0.157419 -0.104746 -0.080765 -0.370243 -0.195726 -0.201603 -0.527662 -0.026465 -0.117370 -0.245769 -0.147395 -0.049337 -0.375961 -0.189534 -0.277243 -0.246162 -0.138274 0.456609 0.560589 -0.140369 -0.196077 -0.111174 -0.211090 0.288243 0.209356 0.138947 -0.415379 0.005423 -0.135720 0.540992 0.480558 0.016442 -0.226590 0.050267 -0.158260 0.167135 -0.202780 -0.219849 -0.352257 0.372691 0.186486 0.312049 0.414092 0.381364 -0.179177 0.465350 0.110817 0.287729 -0.069164 0.412058 0.384366 -0.352203 -0.067792 -0.334828 -0.037566 -0.192676 -0.419775 -0.014205 -0.117723 -0.247291 -0.012378 -0.305179 -0.121320 -0.204266 -0.272270 -0.254105 -0.138130 0.033540 -0.177700 -0.181209 -0.104783 0.187232 0.128408 0.271351 -0.209206 -0.262310 -0.375510
-0.501197 -0.521820 0.126784 0.163732 -0.077262 -0.088935 0.273950 0.150284 0.023627 -0.015738 -0.115551 0.071520 0.221368 0.286694 0.058994 0.373177 -0.495721 -0.181149 -0.309908 -0.116166 1.000000 0.762995 0.138084 0.289266 -0.177239 0.084369 0.191386 0.050603 0.147397 0.480243 0.163385 0.416727 -0.362402 -0.331299 0.071804 -0.083362 0.264588 0.568661 0.322010 0.067941 0.202676 0.261983 0.004863 -0.179730 -0.192099 0.191054 -0.183535 -0.266126 -0.394023 -0.357197 -0.495663 -0.196596 0.079632 0.308742 -0.113736 -0.355242 -0.526424 -0.506953 -0.072184 -0.084954 -0.257265 -0.114151 -0.322886 -0.334185 0.037687 -0.000862 -0.046144 0.042141 -0.498779 -0.233790 0.675170 0.379208 0.269499 0.523047 0.308465 0.537639 0.727070 0.696405 -0.475187 -0.103885 -0.367246 -0.278546 0.154023 0.408496 -0.340648 -0.282367 -0.147393 0.270357 -0.243922 -0.456998 0.506029 0.389848 0.525862 0.426211 0.016621 0.061794 -0.450731 -0.195045 -0.404318 -0.410285 0.216844 0.422334 0.093385 0.374678 0.114219 0.078923 0.135061 -0.184669 -0.008331 0.551495 -0.051999 -0.178220 0.006621 0.287991 0.114830 -0.035286
-0.261493 -0.316367 0.117083 0.081727 -0.152454 -0.155165 0.213875 0.077279 -0.080449 -0.067901 -0.049826 0.045571 0.125558 0.179301 -0.033285 0.200586 -0.391782 -0.088850 -0.171758 -0.032464 0.762995 1.000000 0.050695 0.120899 -0.272398 -0.015054 0.079634 -0.004192 0.086376 0.448816 -0.014364 0.177631 -0.265184 -0.197140 -0.085113 -0.154143 0.046192 0.484673 0.276486 0.186839 -0.031640 0.140930 -0.013831 -0.162259 -0.146897 0.186754 -0.261863 -0.277789 -0.320442 -0.282080 -0.407401 -0.113055 0.074251 0.263452 -0.128656 -0.324747 -0.335574 -0.340325 -0.114451 -0.013793 -0.186347 -0.049694 -0.254469 -0.235871 0.024434 -0.000286 -0.008724 0.131412 -0.319555 0.008023 0.543720 0.346538 0.195530 0.459780 0.130625 0.339725 0.556512 0.601943 -0.439347 -0.149345 -0.277055 -0.257231 0.112352 0.302772 -0.312521 -0.198873 -0.106503 0.231274 -0.254787 -0.332326 0.476771 0.345882 0.429426 0.364162 -0.015677 0.072103 -0.425736 -0.126602 -0.372031 -0.369567 0.153396 0.266727 0.019075 0.251747 0.068496 0.090377 0.152932 -0.101662 -0.053286 0.490380 -0.044915 -0.171234 -0.012055 0.210786 0.045141 -0.212504
-0.067169 -0.296014 0.576879 0.494633 0.348937 0.302804 0.213509 0.201492 0.359758 0.252678 0.160636 -0.247121 -0.214882 -0.120885 0.528004 -0.226361 -0.191792 -0.307627 -0.121900 0.361406 0.138084 0.050695 1.000000 0.825656 0.248905 0.626890 0.360879 0.462777 -0.012939 -0.305616 0.655795 0.310819 -0.297237 -0.441110 0.413695 0.322179 -0.341709 -0.118372 -0.054025 -0.185612 -0.087199 0.100558 -0.316777 -0.082928 -0.420915 -0.129478 -0.242814 -0.109343 -0.350881 -0.439233 0.005832 -0.325600 -0.054742 0.027117 -0.337815 -0.484429 -0.324679 -0.253003 -0.132207 -0.381387 -0.271424 -0.464813 -0.160312 -0.424057 0.653600 -0.180371 -0.103201 0.159461 -0.241404 -0.144442 0.214616 -0.352642 -0.092389 0.174226 0.091605 0.157493 0.259358 0.191512 -0.283270 0.006171 -0.515282 -0.363410 0.500975 -0.128333 0.328463 -0.042469 0.539012 0.040123 0.507115 -0.069809 0.220953 0.495933 0.326318 0.572156 -0.041258 -0.164298 -0.239012 -0.174511 -0.436886 -0.276550 0.002384 0.239111 -0.164525 0.065176 -0.138367 -0.012983 0.089822 -0.348511 -0.047196 0.232810 0.411870 -0.012761 0.089167 0.032555 -0.011967 -0.146115
-0.418279 -0.570524 0.496942 0.673296 0.299254 0.344032 0.297982 0.423483 0.311553 0.300454 0.024270 -0.031659 -0.073607 0.223286 0.425425 0.141701 -0.410698 -0.429026 -0.242109 0.147485 0.289266 0.120899 0.825656 1.000000 0.180024 0.745155 0.379329 0.458816 -0.091865 -0.042545 0.681714 0.643180 -0.559729 -0.548702 0.409776 0.256855 -0.114405 0.095605 0.181469 -0.062250 0.028423 0.276300 -0.359259 -0.240818 -0.533024 -0.015506 -0.359777 -0.305092 -0.574991 -0.626455 -0.281411 -0.476983 -0.060168 0.038807 -0.195275 -0.515737 -0.597040 -0.559040 -0.172757 -0.261739 -0.347512 -0.468209 -0.245290 -0.560956 0.567217 0.009835 -0.080601 0.299662 -0.514372 -0.257486 0.433292 -0.226518 -0.028271 0.323507 0.133676 0.361746 0.447306 0.416664 -0.499588 -0.088974 -0.600422 -0.491215 0.462800 0.181524 0.153004 -0.088184 0.487065 0.320143 0.394933 -0.172781 0.460799 0.508485 0.610018 0.654427 0.048830 0.056082 -0.327955 -0.147333 -0.581450 -0.492431 0.098714 0.322695 -0.122424 0.067366 -0.169140 0.054777 0.027745 -0.278743 -0.032750 0.402960 0.240771 -0.134834 -0.007185 0.087844 -0.001936 -0.113548
0.156685 0.118641 0.058662 0.301019 0.656365 0.666326 0.060585 0.150003 0.461244 0.575640 0.140438 0.093817 0.012947 0.071197 0.279252 0.047735 0.169606 0.106372 0.171939 0.066471 -0.177239 -0.272398 0.248905 0.180024 1.000000 0.456121 0.549513 0.341322 0.097101 -0.144493 0.349613 0.016394 0.039583 0.045670 0.131874 0.214964 -0.100861 -0.310449 -0.320780 -0.442286 0.030194 0.083976 -0.083585 -0.009888 -0.137893 -0.206065 0.104270 0.031099 -0.019149 -0.079395 0.184058 -0.152219 -0.094380 -0.290753 -0.278190 -0.170656 -0.007977 0.077984 -0.036505 -0.039376 0.007208 -0.072337 0.150616 0.061100 0.196960 0.071784 -0.136896 -0.050498 0.057881 -0.078603 -0.108960 -0.172771 -0.029260 -0.181597 0.040302 -0.187450 -0.130013 -0.228124 0.087927 0.107259 0.087555 0.095036 0.263328 0.001012 0.430639 0.250955 -0.092793 -0.091605 0.375972 0.214525 -0.222317 -0.248198 -0.209959 -0.140872 -0.129191 -0.378130 0.015843 -0.140054 -0.115797 -0.210890 -0.320417 -0.197317 -0.141593 -0.096789 -0.164566 -0.212112 -0.061989 -0.241847 -0.207115 -0.268975 0.087097 -0.150481 -0.192951 -0.396209 -0.091741 -0.080581
-0.366401 -0.473371 0.422857 0.508903 0.395254 0.670182 0.286777 0.467746 0.315350 0.454217 -0.213522 -0.075191 -0.204205 0.133058 0.148183 0.031199 -0.331304 -0.428784 -0.275055 -0.001681 0.084369 -0.015054 0.626890 0.745155 0.456121 1.000000 0.575242 0.721686 -0.319489 -0.185912 0.686118 0.634054 -0.544554 -0.453832 0.424446 0.435384 -0.113881 -0.022273 0.042239 -0.054434 0.021440 0.168465 -0.147740 0.065145 -0.404542 0.129934 -0.125591 -0.019441 -0.453840 -0.512968 -0.142192 -0.424270 -0.210864 -0.050124 -0.251319 -0.400914 -0.489785 -0.430148 -0.395075 -0.305966 -0.464075 -0.540873 -0.375526 -0.554388 0.389871 0.024244 -0.145917 0.415291 -0.396513 -0.266808 0.324477 -0.249833 -0.141321 0.094965 0.007638 0.217335 0.276363 0.270392 -0.286411 0.018503 -0.478998 -0.422729 0.131304 -0.017244 0.177646 0.145596 0.220909 -0.005833 0.275497 -0.162267 0.277442 0.277307 0.399468 0.459592 0.082373 0.096771 -0.055947 -0.059887 -0.399594 -0.420172 0.011334 0.121970 -0.052744 0.115397 -0.048802 0.120471 0.074464 -0.195909 -0.125698 0.127519 0.306786 -0.060337 0.008284 -0.067778 -0.018949 -0.074338
-0.043430 -0.112869 0.357061 0.306282 0.652209 0.725402 0.278195 0.260727 0.421328 0.397439 0.092403 -0.004814 0.036081 0.073026 0.268745 0.119949 0.012529 -0.073438 0.064030 0.180642 0.191386 0.079634 0.360879 0.379329 0.549513 0.575242 1.000000 0.762129 -0.129751 -0.082495 0.512261 0.237266 -0.140659 -0.208065 0.195685 0.250838 -0.091311 -0.156364 0.074960 -0.173495 -0.068219 0.234622 -0.198870 -0.069787 -0.392073 -0.160587 -0.079266 -0.144456 -0.355852 -0.436669 -0.051836 -0.386217 -0.194743 -0.232615 -0.263284 -0.368038 -0.213257 -0.138429 -0.148735 -0.083167 -0.243922 -0.335784 -0.135435 -0.227495 0.175428 0.012380 -0.016616 0.117187 -0.188692 -0.183021 0.295226 -0.062044 0.095193 0.088547 0.228447 0.139556 0.206849 0.071236 -0.021521 0.132035 -0.095027 -0.063452 0.134899 -0.128414 0.197655 -0.001937 0.042714 -0.089503 0.149688 0.035607 0.047504 0.056831 0.060006 0.211537 -0.039171 -0.222238 -0.078093 -0.082037 -0.368248 -0.372418 -0.228217 0.123972 0.028816 0.205306 -0.024017 0.065096 0.057826 -0.187837 -0.267978 0.015333 0.194071 -0.129558 -0.016929 -0.294087 -0.240226 -0.282314
-0.089320 -0.242674 0.403963 0.248618 0.415654 0.706228 0.262332 0.289456 0.282055 0.371435 -0.101152 -0.113008 -0.141550 -0.034640 0.077944 -0.029222 -0.060729 -0.224386 -0.088570 0.129388 0.050603 -0.004192 0.462777 0.458816 0.341322 0.721686 0.762129 1.000000 -0.323150 -0.253871 0.508931 0.350800 -0.245202 -0.273696 0.295920 0.408375 -0.231136 -0.147943 0.142622 -0.020536 -0.169761 0.047074 -0.136626 0.109127 -0.345273 -0.005459 -0.085667 0.040817 -0.333135 -0.416706 -0.026277 -0.333267 -0.263947 -0.126168 -0.308130 -0.310233 -0.250488 -0.186210 -0.314150 -0.230053 -0.445946 -0.512484 -0.315633 -0.450173 0.177367 -0.010588 -0.117705 0.309447 -0.196076 -0.148959 0.283781 -0.163731 -0.019137 0.044220 0.132808 0.158741 0.195236 0.116902 -0.011212 0.240085 -0.251218 -0.209195 0.013091 -0.292988 0.095389 0.103019 0.121786 -0.226687 0.055956 -0.146502 0.121287 0.251361 0.159424 0.318356 0.020158 -0.019810 0.031340 0.046715 -0.320525 -0.225760 -0.121783 0.103100 0.066287 0.137010 -0.045405 0.186277 0.051610 -0.028023 -0.230666 -0.020871 0.262673 -0.052559 0.023699 -0.161905 -0.105460 -0.189909
0.314832 0.232656 -0.144745 0.130235 0.078807 -0.113460 -0.144463 -0.172887 0.048296 -0.030113 0.540173 0.176718 0.263794 0.151008 0.394463 0.209122 0.384120 0.557864 0.314475 0.183105 0.147397 0.086376 -0.012939 -0.091865 0.097101 -0.319489 -0.129751 -0.323150 1.000000 0.402706 -0.046923 -0.085187 0.191898 0.281816 -0.282931 -0.202970 0.052046 0.108498 -0.184254 -0.322932 0.179129 0.035404 -0.115394 -0.329043 -0.053695 -0.344304 -0.284904 -0.332092 -0.126664 -0.034246 -0.119425 -0.247450 -0.133059 -0.211483 -0.145947 -0.199974 0.132321 0.178421 0.211841 0.011972 0.370250 0.157444 0.549679 0.358628 0.150712 0.078033 -0.100051 -0.341299 0.156240 -0.054268 0.119097 0.275537 0.563948 0.033357 0.268107 0.021860 0.032928 -0.029041 0.100229 0.182883 0.353312 0.418885 0.503882 0.381782 0.243399 0.074515 -0.141513 0.332085 0.227048 0.233997 -0.316134 -0.240557 -0.154830 -0.236125 -0.358164 -0.461500 -0.401297 -0.392281 -0.241635 -0.240951 -0.185114 -0.201957 -0.135867 -0.102274 -0.088851 -0.134687 0.003728 -0.186756 -0.121377 -0.154282 -0.333781 -0.285378 -0.009571 -0.135249 -0.117676 -0.074714
-0.228002 -0.203994 -0.270936 0.078792 -0.087422 -0.077878 0.002188 0.077929 -0.007165 0.049031 0.061765 0.325387 0.301294 0.495559 -0.044728 0.588946 -0.161813 0.306313 -0.121950 -0.251544 0.480243 0.448816 -0.305616 -0.042545 -0.144493 -0.185912 -0.082495 -0.253871 0.402706 1.000000 -0.161381 0.221651 -0.191617 0.004133 -0.402637 -0.482693 0.331941 0.616681 0.330918 0.249753 0.202897 0.217174 0.013505 -0.365460 0.084882 0.029032 -0.300202 -0.381708 -0.206972 -0.087216 -0.532268 -0.173011 0.056003 0.092720 0.038116 -0.139776 -0.181578 -0.235795 -0.031610 0.043083 0.130542 0.251210 0.039795 0.114897 -0.120465 0.152186 -0.078962 -0.206779 -0.227098 -0.150569 0.422965 0.485365 0.526215 0.467701 0.099013 0.233639 0.394429 0.487758 -0.269097 0.006712 0.096522 0.153894 0.145036 0.665391 -0.241132 -0.011395 -0.310643 0.446437 -0.184496 -0.164167 0.235542 -0.035800 0.315399 -0.039031 -0.213306 0.002144 -0.434499 -0.362568 -0.222869 -0.366089 0.100662 0.126811 0.120693 0.021945 -0.086806 -0.135957 -0.103539 -0.166577 -0.206898 0.238961 -0.424061 -0.292048 -0.033836 -0.015524 -0.136548 -0.166618
-0.232210 -0.351428 0.319149 0.471805 0.307903 0.404093 0.126781 0.186846 0.172809 0.159042 -0.002414 -0.218602 -0.270081 -0.001077 0.439985 0.052793 -0.112584 -0.265900 -0.080026 0.245627 0.163385 -0.014364 0.655795 0.681714 0.349613 0.686118 0.512261 0.508931 -0.046923 -0.161381 1.000000 0.580445 -0.325204 -0.323152 0.321243 0.285788 0.090788 0.079463 0.082831 -0.178055 0.078062 0.379059 -0.169571 -0.095174 -0.375300 -0.076222 -0.085599 -0.148363 -0.443868 -0.470219 -0.203990 -0.455211 -0.240126 -0.054078 -0.256835 -0.504090 -0.342886 -0.239224 -0.224644 -0.309141 -0.383795 -0.563865 -0.306240 -0.440610 0.388672 -0.172821 -0.189355 0.157650 -0.199608 -0.241728 0.398540 -0.113237 -0.004618 0.197317 0.284391 0.369604 0.283034 0.211416 -0.148761 0.142371 -0.323120 -0.164940 0.317562 0.040830 0.197344 -0.107339 0.211934 0.084740 0.332499 -0.083823 0.210254 0.286117 0.281997 0.405943 0.073176 -0.008087 -0.219160 -0.074113 -0.450447 -0.362299 -0.076868 0.205862 -0.040646 0.152578 0.040399 0.139700 0.132468 -0.270946 -0.028058 0.169837 0.267664 0.061891 0.105302 -0.039006 -0.099846 -0.027798
-0.717238 -0.693025 0.183351 0.557994 0.086408 0.302498 0.273978 0.489720 0.133292 0.226894 -0.275869 0.201430 0.071326 0.544685 0.138276 0.517621 -0.432987 -0.399329 -0.455123 -0.188983 0.416727 0.177631 0.310819 0.643180 0.016394 0.634054 0.237266 0.350800 -0.085187 0.221651 0.580445 1.000000 -0.699363 -0.442653 0.169797 0.199318 0.268306 0.388291 0.268408 0.068085 0.227261 0.360164 -0.120772 -0.222175 -0.347481 0.266432 -0.274393 -0.346759 -0.620570 -0.564005 -0.573893 -0.505832 -0.267901 0.073247 -0.194445 -0.458788 -0.709976 -0.653185 -0.402048 -0.320862 -0.429912 -0.511211 -0.431604 -0.601894 0.228437 0.168983 -0.332560 0.263207 -0.596788 -0.463342 0.602612 0.206744 0.097598 0.391884 0.280291 0.636204 0.547316 0.616052 -0.401030 -0.036241 -0.463544 -0.396003 0.099208 0.470772 -0.184147 -0.107314 -0.008758 0.350351 -0.064414 -0.389565 0.528587 0.290194 0.694761 0.490941 0.197509 0.357302 -0.332734 -0.026556 -0.480504 -0.483763 0.252554 0.267101 0.130508 0.192537 0.130535 0.325070 0.089280 -0.003438 -0.009076 0.387740 -0.019921 -0.002885 0.048904 0.286552 0.205052 0.159400
0.701961 0.752929 -0.208623 -0.367853 -0.051103 -0.197365 -0.321527 -0.449714 -0.184513 -0.185440 0.164755 -0.259674 -0.190353 -0.557492 -0.090415 -0.486917 0.570847 0.399640 0.524693 0.417626 -0.362402 -0.265184 -0.297237 -0.559729 0.039583 -0.544554 -0.140659 -0.245202 0.191898 -0.191617 -0.325204 -0.699363 1.000000 0.788726 -0.111651 -0.185197 -0.137266 -0.322907 -0.158068 -0.117079 0.026413 -0.246554 -0.010883 0.156683 0.211070 -0.391143 0.368346 0.284868 0.380372 0.333354 0.344106 0.163265 -0.113349 -0.375359 -0.028877 0.316480 0.769725 0.765123 0.224170 0.162110 0.213680 0.309762 0.446798 0.592468 -0.298268 -0.311309 0.180160 -0.204809 0.744004 0.518121 -0.507336 -0.107984 -0.069719 -0.564266 -0.054907 -0.548647 -0.584007 -0.635865 0.594250 0.052425 0.586409 0.562321 0.021140 -0.345580 0.309092 0.215377 0.000182 -0.369333 0.125031 0.428162 -0.708972 -0.485914 -0.751433 -0.543546 -0.166921 -0.397875 0.349440 0.082293 0.303768 0.372259 -0.262266 -0.218276 -0.088396 -0.171837 -0.101519 -0.325009 -0.159803 -0.123122 -0.129745 -0.432952 0.099839 0.092804 -0.001455 -0.297085 -0.133960 -0.137091
0.574889 0.697013 -0.332373 -0.210954 -0.113733 -0.095915 -0.310278 -0.376201 -0.240866 -0.096282 0.051004 -0.121666 -0.108565 -0.341045 -0.248960 -0.269227 0.555695 0.498622 0.505446 0.424833 -0.331299 -0.197140 -0.441110 -0.548702 0.045670 -0.453832 -0.208065 -0.273696 0.281816 0.004133 -0.323152 -0.442653 0.788726 1.000000 -0.216174 -0.181467 -0.080568 -0.170923 -0.153181 -0.134926 0.078679 -0.264579 -0.004889 0.054450 0.266320 -0.227268 0.247128 0.156958 0.173896 0.277517 0.041784 -0.039229 -0.306506 -0.423173 -0.115892 0.189793 0.698124 0.729931 -0.022891 0.103458 0.154136 0.215445 0.456537 0.552002 -0.336490 -0.219265 0.066712 -0.109036 0.759948 0.560583 -0.339928 0.057363 0.119700 -0.505682 0.002567 -0.444522 -0.469642 -0.490429 0.600110 0.097720 0.688974 0.629576 0.040133 -0.088104 0.289441 0.312630 -0.171125 -0.210756 0.048890 0.443204 -0.646703 -0.622624 -0.660680 -0.583756 -0.303195 -0.356556 0.180450 -0.080720 0.157107 0.156631 -0.267946 -0.307832 -0.095774 -0.303275 -0.180670 -0.310710 -0.185022 -0.072761 -0.239957 -0.374893 -0.056106 0.062977 -0.054593 -0.349168 -0.168540 -0.222953
-0.188407 -0.302778 0.275246 0.066260 -0.027413 0.042164 0.281416 0.039923 -0.029657 0.057340 -0.089818 -0.218087 -0.170012 -0.223641 0.158110 -0.259091 -0.434580 -0.557894 -0.037807 0.009217 0.071804 -0.085113 0.413695 0.409776 0.131874 0.424446 0.195685 0.295920 -0.282931 -0.402637 0.321243 0.169797 -0.111651 -0.216174 1.000000 0.627922 -0.058729 -0.242014 -0.061784 -0.108676 -0.056917 -0.103014 -0.010009 0.342515 -0.189556 0.162354 0.128591 0.240766 0.004365 -0.210332 0.165102 -0.069928 -0.038507 0.100493 -0.023678 -0.153518 -0.315327 -0.254054 -0.147206 -0.147291 -0.461743 -0.286279 -0.260267 -0.392455 0.206823 -0.205082 0.082066 0.438434 -0.206900 -0.048933 -0.047351 -0.489438 -0.301179 -0.192916 -0.049927 -0.013870 0.145356 0.036384 -0.321578 -0.256045 -0.412045 -0.373567 0.150314 -0.221316 0.259178 0.150303 0.283906 -0.156229 0.270006 0.029752 0.182377 0.282305 0.106995 0.308596 0.250820 0.076150 0.127495 0.055195 -0.134175 -0.106259 -0.003950 0.150740 -0.194793 0.107823 -0.070726 -0.054105 0.127548 -0.203388 0.070575 0.240680 0.576605 -0.076187 -0.105637 -0.036319 -0.057596 0.082070
-0.147534 -0.219363 0.233646 0.016740 0.024021 0.184639 0.200470 0.124507 0.110522 0.087296 0.070526 0.053789 -0.026044 -0.072778 0.243626 -0.152800 -0.153178 -0.376354 0.004714 -0.098555 -0.083362 -0.154143 0.322179 0.256855 0.214964 0.435384 0.250838 0.408375 -0.202970 -0.482693 0.285788 0.199318 -0.185197 -0.181467 0.627922 1.000000 -0.172544 -0.288487 -0.196793 -0.223668 -0.197390 -0.178527 -0.030247 0.280445 -0.365418 0.231169 -0.085478 0.152891 -0.069454 -0.354094 0.224325 -0.132674 -0.136917 -0.030058 -0.158143 -0.251996 -0.354642 -0.209551 -0.041436 -0.183975 -0.344697 -0.360751 -0.193081 -0.429485 0.251269 0.115416 -0.199796 0.426812 -0.245983 -0.208282 0.009672 -0.318790 -0.256010 -0.157939 0.043157 0.118441 0.089660 0.084106 -0.114910 -0.007978 -0.240419 -0.303410 -0.017362 -0.388294 0.175153 0.093393 0.135398 -0.193107 0.117962 -0.144176 0.138098 0.186977 0.145185 0.269786 0.108522 0.037031 0.016983 0.100283 -0.222581 -0.212827 -0.075912 0.030303 -0.113573 0.225050 0.163746 0.143715 0.148900 0.023215 -0.041227 0.030373 0.445810 -0.140063 -0.198293 -0.053853 0.161068 0.144078
