1.000000 0.575404 -0.089865 -0.160914 -0.043857 0.079085 -0.015977 -0.085322 -0.323119 -0.107511 0.166739 0.103890 -0.043090 0.020021 -0.171925 0.420444 -0.023746 0.051292 0.349587 0.396197 0.353953 0.415813 -0.176324 -0.268112 -0.237119 -0.325973 0.449711 -0.009735 -0.045984 0.127994 -0.193026 -0.263581 0.291612 0.063159 -0.116793 -0.204473 -0.110556 0.086987 0.272526 0.206635 0.119734 0.242362 -0.157373 -0.312646 0.290101 -0.005050 -0.133797 -0.368170 0.232571 0.233501 -0.162644 0.028044 0.183920 0.056667 0.214124 0.039342 0.640672 0.484631 0.160045 0.280945 0.251704 0.389341 0.257874 0.432743 -0.169403 -0.181416 -0.006758 -0.391816 0.284912 0.240008 0.153816 0.121755 0.039966 0.184621 0.020996 0.054979 0.243064 0.224110 -0.095342 -0.098224 0.075703 0.002411 0.119500 0.429472 -0.023830 -0.168981 -0.165427 0.311238 -0.127303 0.178240 -0.299766 -0.335654 -0.475006 -0.405614 -0.389290 -0.425926 -0.188804 -0.461094 0.133681 -0.165887 -0.203568 -0.047624 -0.082831 -0.088646 -0.193049 0.017477 0.181171 0.093656 -0.092536 -0.356791 -0.397263 -0.378728 -0.202159 -0.154316 -0.363877 -0.333026
0.575404 1.000000 -0.304409 -0.399713 0.064946 -0.023235 0.136688 -0.007161 -0.128181 0.141768 0.015877 0.570504 0.027857 0.421100 -0.297934 0.578332 0.170937 0.205252 0.032867 0.108948 0.086252 0.259430 -0.490825 -0.556776 -0.297581 -0.630107 0.381522 -0.277664 -0.052575 0.311168 -0.383021 -0.512953 0.261217 0.025370 -0.423151 -0.223913 -0.239573 0.061353 0.007398 0.026214 -0.218687 0.275682 -0.147981 -0.321808 0.332138 0.061593 -0.259665 -0.333897 0.137207 0.173587 -0.207321 0.047477 0.207044 -0.041735 0.198836 -0.137005 0.483284 0.334707 0.309151 0.534154 0.556909 0.759793 0.394109 0.693562 -0.238313 0.147268 -0.004774 -0.374301 0.166299 0.330006 0.077975 0.194235 -0.100648 0.088536 -0.166616 -0.098493 0.164219 0.287668 -0.259786 -0.123344 0.204761 0.090410 -0.237828 0.528636 -0.182924 -0.013149 -0.318706 0.147903 -0.230871 -0.005298 -0.216626 -0.383567 -0.274640 -0.548642 -0.413122 -0.541191 -0.446959 -0.543358 -0.026854 -0.290286 -0.043427 -0.164943 0.078566 -0.153300 -0.071344 0.063215 0.336576 0.250503 -0.295659 -0.578299 -0.566617 -0.527919 -0.150473 -0.324041 -0.231846 -0.251846
-0.089865 -0.304409 1.000000 0.415665 0.250399 0.268496 0.288412 0.207261 0.086694 -0.047516 -0.070593 -0.533830 -0.128487 -0.412444 0.233302 -0.382677 -0.217121 -0.293573 0.343745 0.110621 -0.077984 -0.215931 0.647486 0.581752 0.287132 0.461375 0.011319 0.420157 -0.193613 -0.424603 0.453810 0.196228 -0.027982 0.118448 0.409913 0.055615 -0.259041 -0.298397 0.146782 -0.048792 -0.240292 -0.174471 -0.112288 0.051892 -0.342116 -0.340253 -0.184963 -0.051099 -0.283974 -0.101568 0.426422 0.004536 -0.264141 0.067792 -0.146108 -0.064810 -0.180170 -0.117638 -0.255636 -0.305052 -0.300138 -0.484795 -0.311394 -0.302753 0.573485 -0.034590 0.089656 0.247122 -0.043511 -0.407322 -0.087007 -0.117408 -0.126414 -0.233452 -0.058931 0.077329 -0.159146 -0.174884 -0.003735 -0.038245 -0.405433 -0.310872 0.380263 -0.162871 0.258680 -0.064427 0.430761 0.199280 0.525269 0.310928 -0.291569 0.109590 -0.073774 0.454046 -0.045201 -0.019667 -0.052283 -0.012082 -0.354277 -0.175142 -0.254821 0.030574 -0.250628 0.017638 -0.134199 -0.122747 -0.197246 -0.068941 -0.032995 -0.039229 0.204651 0.048643 -0.185692 -0.067042 -0.016413 -0.165812
-0.160914 -0.399713 0.415665 1.000000 -0.004376 0.313188 -0.183698 0.421177 0.055072 -0.128924 -0.091891 -0.438463 -0.328422 -0.424449 0.321052 -0.517040 -0.420559 -0.252278 0.198380 0.283065 -0.141665 -0.262126 0.707926 0.736502 0.266002 0.640263 -0.053677 0.504248 -0.416085 -0.398524 0.338120 0.399482 -0.241578 -0.186789 0.197905 0.210940 -0.112782 -0.139266 0.035785 0.057932 -0.034037 -0.052849 -0.090028 0.057916 -0.541353 -0.423960 0.031411 0.225751 -0.475882 -0.195411 0.293261 -0.060448 -0.367384 0.141778 -0.138570 0.075518 -0.139193 0.055306 -0.575946 -0.421228 -0.714900 -0.536131 -0.468609 -0.479198 0.466054 0.168021 -0.255019 0.076432 0.066458 -0.242288 -0.074374 -0.136136 -0.192231 -0.135838 0.032086 0.093758 -0.096147 -0.089762 0.055844 0.052118 -0.152738 -0.243179 0.408756 -0.226970 0.454755 0.303621 0.503897 0.292761 0.529436 0.482023 0.117602 0.117093 0.332999 0.411584 -0.037732 0.085866 0.121577 0.103975 -0.051243 -0.040769 0.018512 -0.169266 -0.321343 -0.263626 -0.195112 -0.240271 -0.297613 -0.205058 -0.179643 0.132928 0.398224 0.164396 -0.122753 0.033508 0.013292 -0.105024
-0.043857 0.064946 0.250399 -0.004376 1.000000 0.443655 0.281912 0.273603 0.578706 0.627106 0.351652 0.141267 0.243016 0.118725 0.372077 -0.057237 -0.019135 -0.224243 -0.223602 -0.107079 0.176303 0.142120 0.087934 0.151430 0.411186 0.076776 0.198219 0.127385 0.015640 -0.213468 0.046163 -0.265430 -0.239337 -0.305089 0.002100 -0.134953 -0.206451 -0.238420 0.125503 -0.133019 -0.195515 0.079160 -0.304986 -0.256155 -0.263309 -0.302969 -0.390559 -0.285948 -0.013842 -0.251870 0.024184 -0.170138 0.147053 -0.026784 0.067871 -0.132907 -0.210587 -0.254730 0.293165 0.056196 0.157623 0.034498 -0.197455 -0.062641 0.356229 0.346719 -0.090619 -0.084158 0.050775 0.127544 -0.043104 -0.125319 -0.192188 -0.228654 -0.033609 -0.203002 -0.213700 -0.149818 -0.168558 -0.125259 -0.247568 -0.385409 0.158101 0.153950 0.258177 -0.041688 0.132891 -0.031828 0.383891 0.094132 -0.270002 0.088877 0.118742 0.066582 0.118173 -0.043194 -0.311383 -0.006951 -0.309697 -0.236739 0.006567 -0.147394 -0.180512 0.077751 0.125836 0.144129 -0.041751 0.002592 0.006896 -0.109862 -0.286376 -0.164592 -0.158992 0.020303 0.090186 0.130094
0.079085 -0.023235 0.268496 0.313188 0.443655 1.000000 -0.261745 0.182754 0.251362 0.453946 0.125619 -0.152289 -0.021413 -0.226239 0.224212 -0.175905 -0.137815 -0.207003 -0.165611 0.053783 0.116148 0.062229 0.434212 0.367785 0.678203 0.588693 0.559210 0.721156 -0.392867 -0.495826 0.217470 -0.093068 -0.185190 -0.514975 0.252929 0.245082 -0.254157 -0.349351 0.040762 0.075181 -0.180150 0.004013 0.053141 0.157135 -0.470557 -0.306511 -0.212671 0.058655 -0.070729 -0.287386 0.250360 0.020599 0.032387 0.128195 0.046748 0.087086 0.080607 0.130184 0.032353 -0.083982 -0.168215 -0.172277 -0.468312 -0.213785 0.263563 0.219932 -0.213104 0.008160 0.389867 0.183113 -0.179519 -0.079804 -0.485858 -0.347734 -0.184661 -0.105375 -0.335994 -0.184031 0.061513 0.001478 -0.215482 -0.414284 -0.011896 -0.182680 0.219593 0.000015 0.087057 0.053763 0.513779 0.316106 -0.162629 0.153146 0.248292 0.246085 0.063819 -0.020518 -0.052116 0.063463 -0.202209 -0.118832 -0.083964 -0.218808 -0.320518 -0.107931 -0.001474 0.040831 -0.201391 -0.126937 -0.159298 -0.105946 0.190429 0.026637 -0.194518 0.033432 0.111403 0.087548
-0.015977 0.136688 0.288412 -0.183698 0.281912 -0.261745 1.000000 0.297977 0.099603 -0.007609 0.008347 0.201462 0.267523 0.320329 -0.122449 0.084704 0.006777 -0.074328 -0.010948 -0.156259 0.007106 0.037205 -0.236276 -0.204525 -0.229767 -0.290761 -0.120651 -0.304212 0.202736 0.234666 0.111644 -0.002392 0.109217 0.545082 0.005654 -0.049328 -0.078577 -0.161984 0.042026 -0.163601 -0.137786 -0.057365 -0.386036 -0.381786 0.288667 0.082019 -0.361552 -0.433214 0.090478 0.022801 0.228151 0.172186 0.117573 0.194683 -0.094924 -0.368791 -0.215648 -0.364056 0.111014 -0.017486 0.397222 0.172779 0.345565 0.243857 0.133362 0.182690 -0.009191 -0.014709 -0.508354 -0.201631 0.008096 0.060446 0.125407 0.049976 0.165896 0.055136 -0.066352 -0.033385 -0.085057 -0.179229 0.119934 0.119226 -0.085163 0.080570 -0.043421 -0.191290 0.061039 0.018604 -0.114345 -0.198024 -0.172548 -0.193714 -0.254316 -0.251645 -0.191934 -0.173631 -0.298983 -0.184298 -0.365801 -0.412917 -0.101872 -0.074027 0.009143 -0.118719 -0.110921 -0.140217 -0.055929 -0.086681 -0.019496 -0.091731 -0.269794 -0.346356 -0.128679 -0.261160 -0.180637 -0.239384
-0.085322 -0.007161 0.207261 0.421177 0.273603 0.182754 0.297977 1.000000 0.182588 0.337655 -0.098214 -0.017639 -0.092413 0.187070 0.027017 -0.220342 -0.179580 -0.035569 -0.095171 -0.107476 0.016676 -0.044783 0.119883 0.296024 0.060565 0.190444 0.055515 0.055170 -0.328790 -0.153939 0.282433 0.157952 -0.130646 0.000583 -0.025884 0.080061 -0.281377 -0.102252 -0.048099 -0.100723 -0.238278 0.070865 -0.276808 -0.099238 -0.191285 -0.112002 -0.342097 0.005223 -0.205145 -0.075630 0.145197 0.193432 -0.149927 0.031297 -0.106086 -0.224628 -0.126047 -0.151926 -0.291196 -0.145168 -0.094126 0.036439 -0.218142 -0.103381 0.269636 0.623381 -0.345091 -0.036115 -0.228207 -0.127160 -0.040560 0.023549 -0.101714 -0.130889 0.012725 0.144614 -0.171326 -0.100971 -0.152559 -0.082207 -0.147234 -0.317371 0.015010 -0.101173 0.072990 0.037038 0.103126 0.261201 0.139759 0.042547 0.141387 0.024967 0.410939 -0.025959 -0.195389 -0.111919 -0.075104 -0.033056 -0.108086 -0.079448 0.175592 -0.197317 -0.156612 -0.278225 -0.112024 -0.410796 -0.212452 -0.171759 -0.174935 -0.006247 0.065126 -0.101610 -0.081488 -0.186761 -0.194913 -0.181415
-0.323119 -0.128181 0.086694 0.055072 0.578706 0.251362 0.099603 0.182588 1.000000 0.744693 0.415413 0.258657 0.547273 0.380838 0.703525 -0.298072 -0.091210 -0.152901 -0.516202 -0.362918 -0.203458 -0.289156 0.244298 0.338889 0.388609 0.125752 -0.259340 0.020743 -0.127800 -0.285820 -0.047690 -0.186434 -0.457283 -0.313264 -0.065438 0.224805 -0.013880 -0.063105 -0.071892 -0.086106 -0.083808 -0.039281 -0.138308 -0.151812 -0.237798 -0.183048 -0.171784 -0.000498 0.258004 -0.132489 0.198822 0.164026 0.256840 0.158771 0.197621 0.024101 -0.489087 -0.355821 0.173410 -0.256812 0.105793 -0.097194 -0.484736 -0.249363 0.622048 0.604897 -0.440991 -0.217274 0.004819 0.177611 -0.182417 -0.095171 -0.271141 -0.263501 0.067840 0.049900 -0.048053 0.087097 -0.152554 0.001772 -0.223050 -0.306950 -0.024600 -0.188887 0.277204 -0.097169 0.324565 0.129633 0.514974 0.016803 -0.092954 0.104566 0.281764 0.333230 -0.065892 0.001347 0.080037 0.023333 -0.185942 -0.303188 -0.043335 -0.224473 -0.406813 -0.055980 -0.158626 -0.118441 -0.247776 -0.253847 -0.128084 0.002922 0.117002 -0.189294 -0.283706 -0.081378 -0.132103 -0.029720
-0.107511 0.141768 -0.047516 -0.128924 0.627106 0.453946 -0.007609 0.337655 0.744693 1.000000 0.249512 0.268767 0.316233 0.378553 0.418891 0.012227 0.010409 -0.108760 -0.407085 -0.310609 -0.009578 -0.026685 -0.053808 0.126989 0.418446 -0.006128 0.111893 -0.059397 -0.176936 -0.239422 -0.018411 -0.286286 -0.224629 -0.349767 -0.156572 0.012942 -0.113736 -0.024564 -0.130442 -0.117124 -0.165010 0.074282 -0.058289 -0.077420 -0.141357 -0.063171 -0.230143 -0.004688 0.232899 -0.081798 -0.009240 0.171262 0.223092 0.029777 0.264786 0.046351 -0.181884 -0.217962 0.266923 0.086549 0.253545 0.156119 -0.339936 -0.087289 0.331010 0.627672 -0.263337 -0.161829 0.118239 0.291140 -0.147007 -0.022706 -0.405342 -0.285587 -0.100938 -0.037130 -0.132051 0.015588 -0.185991 -0.088144 -0.271893 -0.426920 -0.183378 0.048045 0.042814 -0.115862 -0.082081 0.025750 0.275252 -0.041552 -0.119290 0.075006 0.284521 0.013419 -0.049080 -0.093139 -0.025702 -0.005468 -0.111663 -0.130338 0.061454 -0.208466 -0.153025 -0.006565 0.015836 -0.057053 -0.100330 -0.138268 -0.094635 -0.151305 -0.072723 -0.153677 -0.161493 -0.038238 -0.069798 0.059520
0.166739 0.015877 -0.070593 -0.091891 0.351652 0.125619 0.008347 -0.098214 0.415413 0.249512 1.000000 0.343616 0.748237 0.364529 0.537952 0.198056 0.142003 0.055292 -0.234510 -0.035066 0.153038 0.111925 0.145912 0.204721 0.016515 -0.001023 -0.017783 0.052749 0.349171 0.056447 -0.186622 -0.075914 -0.264037 -0.137652 -0.164921 0.023733 0.160177 0.021577 0.233289 0.028732 0.297253 0.132797 -0.236761 -0.374831 -0.158553 -0.292895 -0.296791 -0.350919 0.188516 -0.282101 -0.088534 -0.171679 0.453055 0.128002 0.072878 -0.170072 -0.228142 -0.174854 0.196817 -0.231284 0.265357 0.039157 -0.046872 0.029559 0.235257 0.016461 -0.359033 -0.489544 0.115875 0.140511 0.011316 0.002805 0.178703 0.156011 0.285210 0.114800 0.197368 0.225202 0.062456 0.097637 0.010121 -0.018468 0.264907 0.132863 0.434803 -0.117293 0.267269 0.064949 0.196507 -0.092050 -0.241293 -0.093617 -0.078177 0.062799 -0.128002 -0.145493 -0.126685 -0.159171 -0.176105 -0.416623 -0.221532 -0.128867 -0.368414 -0.057327 -0.183384 -0.056303 -0.182126 -0.098372 -0.163376 -0.021660 -0.070143 -0.228080 -0.190709 -0.092189 -0.213327 -0.128719
0.103890 0.570504 -0.533830 -0.438463 0.141267 -0.152289 0.201462 -0.017639 0.258657 0.268767 0.343616 1.000000 0.511675 0.824951 -0.015685 0.446317 0.336666 0.356551 -0.373040 -0.163853 -0.074656 0.114673 -0.510203 -0.498243 -0.255363 -0.556888 -0.015918 -0.406343 0.193234 0.387587 -0.518470 -0.441292 -0.038074 -0.051361 -0.499776 0.016635 0.050947 0.104501 -0.078057 -0.048629 0.052685 0.194134 -0.182643 -0.303355 0.264515 0.148127 -0.232735 -0.253037 0.289254 -0.063300 -0.241565 0.010225 0.307458 -0.060428 0.053405 -0.269089 -0.025348 -0.121087 0.409344 0.195938 0.567681 0.545269 0.202879 0.385981 -0.223627 0.311431 -0.234633 -0.368645 -0.012027 0.326229 -0.098969 0.065167 0.067415 0.061596 0.055931 -0.058573 0.106131 0.240718 -0.090694 0.045841 0.348553 0.212389 -0.398452 0.242765 -0.038352 0.107987 -0.250849 -0.066887 -0.283495 -0.349638 -0.017518 -0.301999 0.058551 -0.337800 -0.218704 -0.244272 -0.254780 -0.288838 -0.125264 -0.334814 0.118980 -0.163583 -0.042194 -0.108647 -0.061288 -0.036941 0.170008 0.071358 -0.201659 -0.247718 -0.361082 -0.455053 0.012472 -0.238231 -0.151589 -0.114481
-0.043090 0.027857 -0.128487 -0.328422 0.243016 -0.021413 0.267523 -0.092413 0.547273 0.316233 0.748237 0.511675 1.000000 0.624286 0.465491 0.144990 0.226625 0.111705 -0.492402 -0.281306 0.004767 -0.066923 -0.018296 0.004018 -0.050965 -0.153105 -0.184705 -0.104417 0.304939 0.130648 -0.201419 -0.129885 -0.284673 0.059587 -0.108936 0.235307 0.232897 0.134672 0.134181 0.037889 0.260239 0.128740 -0.229062 -0.323067 0.016157 -0.084958 -0.288591 -0.281496 0.387098 -0.257267 -0.001575 0.014471 0.435667 0.111805 0.107488 -0.190650 -0.300706 -0.287315 0.310999 -0.280294 0.486621 0.112438 -0.028978 0.026034 0.185342 0.152997 -0.399303 -0.436895 0.002210 0.191649 -0.080041 0.021992 0.132085 0.166188 0.316955 0.202476 0.169425 0.219478 0.125280 0.158706 0.116986 0.117514 -0.055338 -0.077963 0.169793 -0.259264 0.170532 0.032409 0.099250 -0.249950 -0.199793 -0.156211 -0.083431 0.042526 -0.186173 -0.173811 -0.023552 -0.172621 -0.253486 -0.463455 -0.206194 -0.228351 -0.325981 -0.091179 -0.173316 -0.042934 -0.201726 -0.141473 -0.196611 -0.050652 0.019699 -0.272753 -0.232150 -0.168352 -0.227940 -0.177489
0.020021 0.421100 -0.412444 -0.424449 0.118725 -0.226239 0.320329 0.187070 0.380838 0.378553 0.364529 0.824951 0.624286 1.000000 0.079116 0.302901 0.355980 0.291574 -0.464690 -0.314660 -0.165009 -0.051297 -0.438275 -0.323134 -0.261304 -0.489422 -0.179528 -0.465447 0.210187 0.312676 -0.307144 -0.194797 -0.093550 0.129563 -0.445225 0.091123 0.052194 0.068480 -0.170341 -0.099798 -0.061922 0.081743 -0.200504 -0.294460 0.329907 0.257767 -0.216348 -0.189881 0.356131 -0.010245 -0.161837 0.113513 0.256051 -0.065708 0.002117 -0.338506 -0.135129 -0.260867 0.278474 0.018965 0.594185 0.463923 0.157216 0.273326 -0.009629 0.517907 -0.391367 -0.378079 -0.197880 0.207991 -0.112058 0.102793 0.176048 0.034000 0.133097 0.086844 0.066692 0.207767 -0.115730 -0.028013 0.269248 0.187197 -0.363875 0.136804 -0.031780 -0.055242 -0.141724 0.109985 -0.219204 -0.378647 -0.046217 -0.271923 0.085260 -0.260226 -0.307013 -0.285192 -0.127174 -0.284114 -0.183114 -0.386977 0.056727 -0.293474 -0.164330 -0.159128 -0.191745 -0.202724 0.013202 -0.030460 -0.215591 -0.165832 -0.211253 -0.476823 -0.093246 -0.307934 -0.291037 -0.261670
-0.171925 -0.297934 0.233302 0.321052 0.372077 0.224212 -0.122449 0.027017 0.703525 0.418891 0.537952 -0.015685 0.465491 0.079116 1.000000 -0.199437 -0.164834 -0.227464 -0.189910 -0.039769 -0.124500 -0.286092 0.534143 0.636870 0.291140 0.290136 -0.199582 0.176620 0.034745 -0.293012 0.081748 0.114635 -0.437566 -0.236323 0.039435 0.084395 0.203266 0.048813 0.009645 -0.083424 0.108895 -0.045579 -0.106428 -0.174143 -0.390706 -0.401636 -0.059187 0.011212 0.016252 -0.157590 0.049274 -0.044878 0.108617 0.181459 0.098304 0.141836 -0.355983 -0.161334 -0.128488 -0.419898 -0.214640 -0.356128 -0.523904 -0.455296 0.644674 0.197234 -0.411986 -0.320964 0.208307 0.098428 -0.111980 -0.123099 -0.177207 -0.080378 0.121764 0.088681 0.077327 0.119867 0.058705 0.103748 -0.281430 -0.268920 0.417918 -0.041578 0.427963 -0.118011 0.422154 0.144002 0.579250 0.157609 -0.147814 0.095592 0.151312 0.431095 0.016532 0.040178 0.097734 0.094795 -0.231763 -0.254299 -0.143039 -0.213477 -0.384834 -0.062841 -0.139259 -0.033394 -0.319505 -0.301228 0.004708 0.122023 0.166241 -0.002713 -0.235403 0.140321 -0.008382 -0.013302
0.420444 0.578332 -0.382677 -0.517040 -0.057237 -0.175905 0.084704 -0.220342 -0.298072 0.012227 0.198056 0.446317 0.144990 0.302901 -0.199437 1.000000 0.370415 0.424247 0.146468 0.183918 0.328415 0.447238 -0.545993 -0.460370 -0.406795 -0.552430 0.339187 -0.361855 0.431978 0.593233 -0.168053 -0.170343 0.398572 0.194121 -0.473027 -0.512202 0.103467 0.265076 0.026008 -0.032024 0.269429 0.332080 -0.186274 -0.319185 0.257554 0.016721 -0.116103 -0.405764 -0.000395 0.033936 -0.502281 -0.200421 0.174753 -0.070051 -0.073622 -0.139009 0.399425 0.287351 0.156354 0.434370 0.486017 0.582711 0.601868 0.611791 -0.440217 -0.261787 0.125729 -0.379743 0.081593 0.204261 0.277648 0.357316 0.181660 0.355369 0.018926 -0.043348 0.261949 0.280432 0.094500 0.116155 0.378794 0.364749 0.002291 0.737508 -0.233983 -0.018716 -0.531404 -0.144582 -0.495200 -0.373654 -0.187209 -0.337977 -0.339556 -0.565165 -0.140270 -0.332073 -0.395779 -0.325356 -0.072977 -0.128543 -0.056213 -0.024113 0.241850 0.006268 0.025562 0.124304 0.288469 0.182953 -0.076832 -0.397685 -0.628674 -0.291241 0.093597 -0.135766 -0.084745 -0.049015
-0.023746 0.170937 -0.217121 -0.420559 -0.019135 -0.137815 0.006777 -0.179580 -0.091210 0.010409 0.142003 0.336666 0.226625 0.355980 -0.164834 0.370415 1.000000 0.629865 -0.226170 -0.245356 0.097313 0.209340 -0.297873 -0.291865 -0.128159 -0.211826 0.087869 -0.144922 0.518500 0.472922 0.101085 0.109509 0.374332 0.145280 -0.180626 -0.177937 0.244887 0.160652 0.011214 -0.136580 0.207295 0.261308 0.048893 -0.012145 0.155622 0.130475 -0.092542 -0.257637 0.066132 -0.079567 -0.224027 -0.155987 -0.076134 -0.346076 -0.201495 -0.278759 0.308837 0.093704 0.015313 -0.011544 0.239590 0.198772 0.279634 0.216643 -0.322373 -0.121891 -0.037825 -0.185899 -0.085047 -0.112160 0.185655 0.232474 0.356530 0.208400 0.146464 0.058822 0.102053 0.046860 0.453894 0.440355 0.367097 0.424245 -0.165571 0.144756 -0.178823 0.005683 -0.387889 -0.232481 -0.355992 -0.500557 -0.330137 -0.414875 -0.247143 -0.345503 0.120056 -0.014773 -0.129252 0.024699 -0.234369 -0.071102 -0.176154 -0.046959 -0.054773 0.028961 0.111594 0.005357 0.011458 0.054990 -0.021149 -0.026870 -0.143900 -0.091714 0.077650 0.065542 0.167003 0.057978
0.051292 0.205252 -0.293573 -0.252278 -0.224243 -0.207003 -0.074328 -0.035569 -0.152901 -0.108760 0.055292 0.356551 0.111705 0.291574 -0.227464 0.424247 0.629865 1.000000 -0.062088 0.030803 0.137056 0.192240 -0.204520 -0.199465 -0.264320 -0.223593 0.072262 -0.098726 0.220824 0.495556 0.027856 0.023339 0.270429 0.001804 -0.304016 -0.076188 0.054211 0.442939 -0.024753 0.009172 0.332443 0.341269 -0.055202 -0.138800 0.079668 0.055151 -0.159715 -0.236152 -0.010817 -0.037366 -0.273774 -0.042690 -0.056022 -0.178265 -0.282538 -0.238621 0.196460 0.349946 -0.084722 0.042217 0.119862 0.328168 0.189957 0.347294 -0.290434 -0.101433 -0.158992 -0.270039 -0.022525 0.082278 0.359105 0.471283 0.392802 0.326457 0.083328 0.157059 0.382281 0.398494 0.205529 0.526364 0.359261 0.351352 -0.093618 0.188817 -0.098713 0.082302 -0.317459 -0.042208 -0.319831 -0.443605 0.039096 -0.326463 -0.043805 -0.188581 -0.161086 -0.145534 -0.165958 -0.194602 -0.109270 -0.059899 -0.185471 -0.018244 -0.107508 -0.042066 -0.125863 -0.268047 -0.026893 -0.068545 -0.235907 -0.231622 -0.118073 -0.079009 0.108579 -0.267687 -0.145763 -0.124958
0.349587 0.032867 0.343745 0.198380 -0.223602 -0.165611 -0.010948 -0.095171 -0.516202 -0.407085 -0.234510 -0.373040 -0.492402 -0.464690 -0.189910 0.146468 -0.226170 -0.062088 1.000000 0.546114 0.178603 0.200614 0.060722 0.030689 -0.155935 -0.048934 0.145923 0.006790 -0.118678 -0.077733 0.072189 -0.028883 0.338637 0.207534 0.077177 -0.267053 -0.133305 0.111129 0.092497 0.098368 -0.046925 -0.089075 -0.019864 -0.005544 0.023494 -0.075394 0.180355 -0.018932 -0.243956 0.183541 -0.165051 -0.088153 -0.202389 -0.083354 0.013178 0.155698 0.189295 0.170399 -0.138460 0.324447 -0.216033 -0.056949 0.202320 0.024162 -0.118874 -0.392379 0.522820 0.210753 0.097676 -0.180463 0.183345 0.066983 0.016894 0.013935 -0.254544 -0.092272 0.157071 0.092577 -0.157627 -0.059991 -0.222940 -0.149751 0.389435 0.297261 -0.037217 -0.009872 0.025205 0.081179 -0.045069 0.208303 -0.091067 -0.045239 -0.335585 -0.022687 -0.076644 -0.113864 -0.109015 -0.183987 0.164782 0.094712 -0.129926 0.244477 0.252001 0.116574 -0.006505 0.034419 0.231570 0.187643 0.110655 -0.206309 -0.186176 0.109948 0.098664 -0.014380 -0.020965 -0.131525
0.396197 0.108948 0.110621 0.283065 -0.107079 0.053783 -0.156259 -0.107476 -0.362918 -0.310609 -0.035066 -0.163853 -0.281306 -0.314660 -0.039769 0.183918 -0.245356 0.030803 0.546114 1.000000 0.235947 0.244872 0.179532 0.163607 -0.181135 0.029793 0.218654 0.166362 -0.118794 0.079718 -0.031152 0.090313 -0.037056 0.044449 -0.070951 -0.128453 -0.173496 0.077847 0.206098 0.354627 0.145410 0.144961 -0.248901 -0.174086 -0.189900 -0.249252 -0.096519 -0.113339 -0.403552 -0.109921 -0.221767 -0.357926 -0.189617 -0.034775 -0.124089 -0.068594 0.202833 0.519603 -0.196570 0.038293 -0.279202 -0.119689 0.003598 -0.053663 -0.049268 -0.274236 0.038031 -0.159844 0.373074 0.246626 0.138203 0.145890 0.101589 0.192610 -0.043253 0.041883 0.228742 0.234758 0.069944 0.232813 0.049022 -0.025185 0.532661 0.378837 0.326974 0.251343 0.225461 0.280649 0.062288 0.263061 0.097110 0.074383 -0.113001 0.127932 -0.239281 -0.293808 -0.260230 -0.346092 -0.048000 -0.049259 -0.123481 -0.003093 -0.068500 -0.152598 -0.237638 0.044305 0.068382 0.107150 -0.257251 -0.222908 -0.138455 0.010062 0.037157 -0.112817 -0.060300 -0.282680
0.353953 0.086252 -0.077984 -0.141665 0.176303 0.116148 0.007106 0.016676 -0.203458 -0.009578 0.153038 -0.074656 0.004767 -0.165009 -0.124500 0.328415 0.097313 0.137056 0.178603 0.235947 1.000000 0.698938 -0.064949 -0.124331 0.076794 -0.018179 0.441432 0.175359 0.065625 0.155353 -0.007745 -0.159485 0.108575 -0.063743 0.021429 -0.134272 -0.049759 0.143558 0.407988 0.258691 0.397494 0.485737 -0.301609 -0.271925 0.014224 -0.089738 -0.363632 -0.360459 0.000002 -0.082404 -0.213825 -0.263805 0.100635 -0.159945 -0.018983 -0.158416 0.304645 0.251104 0.082711 0.121356 0.139871 0.222266 0.275688 0.202526 -0.208981 -0.253212 -0.010374 -0.233546 0.146630 0.098231 0.386727 0.339395 0.098321 0.204480 0.119546 0.056201 0.081018 0.053011 0.083281 0.116800 0.012189 -0.035620 0.214480 0.250517 -0.095042 -0.145807 -0.233260 -0.159498 -0.035554 -0.097858 -0.038016 -0.157114 -0.163927 -0.163334 0.089797 -0.000180 -0.249019 -0.014706 -0.103051 -0.005368 0.035240 0.197255 -0.005874 0.083446 0.137022 -0.060815 0.003521 -0.100083 0.090641 -0.119596 -0.298429 0.017561 -0.002960 0.066602 0.072895 0.072412
0.415813 0.259430 -0.215931 -0.262126 0.142120 0.062229 0.037205 -0.044783 -0.289156 -0.026685 0.111925 0.114673 -0.066923 -0.051297 -0.286092 0.447238 0.209340 0.192240 0.200614 0.244872 0.698938 1.000000 -0.300244 -0.310417 -0.002172 -0.122765 0.432511 0.097961 0.172492 0.283545 -0.056094 -0.154462 0.362822 0.008079 -0.005294 -0.184073 -0.040274 0.033067 0.465329 0.246675 0.301409 0.436363 -0.324530 -0.383925 0.004533 -0.119976 -0.358149 -0.543094 -0.079857 -0.164199 -0.230855 -0.371515 0.182899 -0.148022 0.048537 -0.148837 0.375191 0.243080 0.198109 0.308585 0.252407 0.372887 0.370125 0.297918 -0.280873 -0.173460 0.132006 -0.206565 0.162429 0.177666 0.363578 0.325184 0.180594 0.245175 0.069501 -0.100745 0.099259 0.145791 0.139678 0.130646 0.170705 0.096121 0.142577 0.479704 -0.061277 -0.013567 -0.338615 -0.171377 -0.152052 -0.095139 -0.180151 -0.305900 -0.296042 -0.376279 0.037154 -0.171684 -0.425754 -0.176138 -0.062428 -0.082494 -0.026043 0.105460 0.072864 0.015654 0.123631 0.188986 0.197755 0.181019 0.002609 -0.233708 -0.465816 -0.249250 -0.110871 0.056129 0.123073 0.093420
-0.176324 -0.490825 0.647486 0.707926 0.087934 0.434212 -0.236276 0.119883 0.244298 -0.053808 0.145912 -0.510203 -0.018296 -0.438275 0.534143 -0.545993 -0.297873 -0.204520 0.060722 0.179532 -0.064949 -0.300244 1.000000 0.853671 0.411607 0.728997 -0.043971 0.686071 -0.318896 -0.502996 0.370826 0.275108 -0.295787 -0.301260 0.338089 0.275067 -0.059754 -0.191105 0.167094 0.085980 -0.004722 -0.039403 -0.080068 0.063189 -0.609410 -0.502419 -0.128481 0.093181 -0.271371 -0.173030 0.483664 -0.033360 -0.180099 0.198677 -0.056302 0.063292 -0.217479 0.097386 -0.455331 -0.587989 -0.615136 -0.615017 -0.567150 -0.465544 0.688841 -0.009231 -0.356660 -0.064181 0.191438 -0.215514 -0.120460 -0.130900 -0.143151 -0.127157 0.075631 0.159424 -0.088494 -0.103868 0.137964 0.129981 -0.287144 -0.263485 0.446416 -0.390582 0.516559 0.054472 0.631569 0.254340 0.765576 0.425644 -0.016422 0.196083 0.232549 0.728358 -0.000775 0.123003 0.152715 0.149454 -0.243758 -0.125466 -0.190166 -0.140321 -0.513944 -0.167116 -0.275000 -0.196533 -0.449092 -0.308429 -0.152385 0.160277 0.480118 0.212616 -0.211590 0.041223 -0.011516 -0.081623
-0.268112 -0.556776 0.581752 0.736502 0.151430 0.367785 -0.204525 0.296024 0.338889 0.126989 0.204721 -0.498243 0.004018 -0.323134 0.636870 -0.460370 -0.291865 -0.199465 0.030689 0.163607 -0.124331 -0.310417 0.853671 1.000000 0.376240 0.695335 -0.110767 0.508193 -0.226904 -0.448884 0.506229 0.487713 -0.341681 -0.216263 0.266593 0.142950 -0.041747 -0.136913 0.034850 -0.047078 0.033737 -0.086594 -0.098606 0.047492 -0.593645 -0.454811 -0.070589 0.152463 -0.338513 -0.237366 0.253830 -0.082388 -0.237825 0.123213 -0.146313 0.066432 -0.320052 0.003312 -0.529164 -0.566721 -0.596902 -0.627752 -0.610977 -0.577829 0.702301 0.132063 -0.347365 -0.020503 0.086863 -0.218063 -0.103899 -0.047768 -0.135949 -0.120139 0.093819 0.164366 -0.056441 -0.055588 0.096978 0.120909 -0.353007 -0.337228 0.540716 -0.228430 0.531645 0.075017 0.560193 0.267881 0.642589 0.310410 -0.033035 0.219224 0.326937 0.629088 0.024685 0.081541 0.169747 0.157685 -0.173608 -0.089480 -0.137323 -0.162409 -0.471134 -0.153658 -0.251829 -0.255471 -0.460211 -0.284050 -0.116920 0.165916 0.450166 0.181580 -0.185584 0.046302 -0.017892 -0.065989
-0.237119 -0.297581 0.287132 0.266002 0.411186 0.678203 -0.229767 0.060565 0.388609 0.418446 0.016515 -0.255363 -0.050965 -0.261304 0.291140 -0.406795 -0.128159 -0.264320 -0.155935 -0.181135 0.076794 -0.002172 0.411607 0.376240 1.000000 0.625367 0.293809 0.606418 -0.323528 -0.611496 0.238325 -0.061764 -0.267106 -0.448900 0.390895 0.309294 -0.164720 -0.304879 -0.056474 -0.012767 -0.163793 -0.085901 0.154832 0.228844 -0.404144 -0.178835 -0.069984 0.102439 -0.007858 -0.250787 0.278820 0.015408 -0.019969 0.057918 0.124804 0.218693 -0.154767 -0.139231 0.090391 -0.111317 -0.255124 -0.242899 -0.527086 -0.374134 0.385103 0.210546 -0.095005 0.195164 0.291262 0.065806 -0.112560 -0.063305 -0.474085 -0.452125 -0.227951 -0.220448 -0.384889 -0.212059 0.091343 -0.001539 -0.329819 -0.418324 -0.046946 -0.388234 0.098834 -0.106707 0.045159 -0.227506 0.544332 0.160139 -0.162499 0.123255 0.217404 0.342898 0.375014 0.307308 0.143936 0.345901 -0.172520 -0.041450 0.005604 -0.036466 -0.233605 0.118391 0.172440 0.024572 -0.149177 -0.159213 0.050440 0.081201 0.285714 0.174924 -0.231375 0.218122 0.319919 0.368465
-0.325973 -0.630107 0.461375 0.640263 0.076776 0.588693 -0.290761 0.190444 0.125752 -0.006128 -0.001023 -0.556888 -0.153105 -0.489422 0.290136 -0.552430 -0.211826 -0.223593 -0.048934 0.029793 -0.018179 -0.122765 0.728997 0.695335 0.625367 1.000000 0.145687 0.825818 -0.255197 -0.471930 0.516802 0.489516 -0.220377 -0.189249 0.561786 0.434201 -0.016857 -0.263240 0.043813 0.092532 0.018912 -0.045119 0.094153 0.272394 -0.623378 -0.351338 -0.002079 0.230704 -0.367200 -0.393262 0.396519 -0.078002 -0.175655 0.169336 -0.201333 0.039003 -0.191690 0.008713 -0.378017 -0.529118 -0.617016 -0.648594 -0.527459 -0.549584 0.405552 0.045855 -0.234228 0.211023 0.188672 -0.196390 -0.086942 -0.094523 -0.207235 -0.195190 0.092311 0.086378 -0.227073 -0.184032 0.303273 0.130955 -0.134063 -0.187099 0.240073 -0.488485 0.322337 0.040256 0.383407 0.032038 0.529906 0.243189 -0.045695 0.219084 0.245850 0.512735 0.206221 0.255885 0.237687 0.308339 -0.207725 0.010185 -0.146443 -0.067916 -0.396153 -0.111741 -0.099241 -0.127387 -0.401981 -0.253243 -0.070854 0.284598 0.595837 0.293406 -0.182463 0.140473 0.183455 0.098633
0.449711 0.381522 0.011319 -0.053677 0.198219 0.559210 -0.120651 0.055515 -0.259340 0.111893 -0.017783 -0.015918 -0.184705 -0.179528 -0.199582 0.339187 0.087869 0.072262 0.145923 0.218654 0.441432 0.432511 -0.043971 -0.110767 0.293809 0.145687 1.000000 0.429964 -0.069774 0.006735 0.106941 -0.179644 0.242317 -0.163965 -0.008006 -0.118152 -0.240443 -0.128030 0.032788 0.008913 -0.007993 0.293456 -0.062294 -0.017471 -0.084202 -0.067415 -0.246173 -0.178056 -0.119771 -0.086141 -0.095936 -0.015857 0.057868 0.033881 -0.018231 -0.147962 0.443706 0.413874 0.058799 0.232581 0.085633 0.228874 0.142141 0.280220 -0.241463 -0.140508 0.018280 -0.065298 0.334630 0.225189 0.124375 0.217626 -0.302833 -0.039736 -0.143651 -0.099701 -0.129249 -0.012546 0.052804 0.016147 0.076569 -0.042723 0.025250 0.239697 -0.069818 -0.065828 -0.275598 -0.125064 -0.021293 -0.000259 -0.229781 -0.106614 -0.151085 -0.292438 0.028155 -0.121643 -0.225029 -0.064081 -0.087982 -0.036496 -0.119061 0.016289 -0.043935 -0.093814 0.058326 -0.084149 0.015715 -0.053346 -0.083324 -0.213307 -0.197913 -0.018888 -0.001397 -0.012474 0.110654 0.065817
-0.009735 -0.277664 0.420157 0.504248 0.127385 0.721156 -0.304212 0.055170 0.020743 -0.059397 0.052749 -0.406343 -0.104417 -0.465447 0.176620 -0.361855 -0.144922 -0.098726 0.006790 0.166362 0.175359 0.097961 0.686071 0.508193 0.606418 0.825818 0.429964 1.000000 -0.349953 -0.447648 0.355695 0.169490 -0.109443 -0.298658 0.464066 0.423204 -0.222425 -0.311438 0.269414 0.236576 -0.019969 0.082003 -0.011038 0.131945 -0.579611 -0.402912 -0.148632 0.023224 -0.280974 -0.360111 0.379192 -0.106805 -0.103659 0.092954 -0.115743 0.023401 0.048050 0.228765 -0.237912 -0.307284 -0.431019 -0.366798 -0.440881 -0.309390 0.335591 -0.022284 -0.237315 0.045072 0.328000 -0.012873 -0.028746 0.029463 -0.246241 -0.185288 -0.018525 -0.039690 -0.210963 -0.105729 0.204357 0.121380 -0.105360 -0.219263 0.254051 -0.303533 0.289730 0.018641 0.283798 0.086821 0.598615 0.380149 -0.205812 0.014552 0.043892 0.369556 0.111096 0.053158 0.006041 0.103043 -0.242109 -0.112829 -0.247389 -0.172813 -0.454136 -0.142333 -0.037580 -0.022377 -0.255330 -0.101309 -0.158063 0.008510 0.371175 0.089247 -0.291302 0.107070 0.192373 0.058290
-0.045984 -0.052575 -0.193613 -0.416085 0.015640 -0.392867 0.202736 -0.328790 -0.127800 -0.176936 0.349171 0.193234 0.304939 0.210187 0.034745 0.431978 0.518500 0.220824 -0.118678 -0.118794 0.065625 0.172492 -0.318896 -0.226904 -0.323528 -0.255197 -0.069774 -0.349953 1.000000 0.607720 0.066634 0.265441 0.230924 0.394400 -0.091614 -0.375786 0.555527 0.132377 -0.032867 -0.255872 0.390195 0.102177 -0.000563 -0.118624 0.192390 0.018059 0.034105 -0.290811 -0.036486 -0.165702 -0.228611 -0.294827 0.108053 0.019331 -0.318809 -0.323594 -0.041660 -0.123537 -0.086962 -0.163851 0.165199 0.008044 0.505820 0.201407 -0.313026 -0.431334 0.051973 -0.129978 -0.199186 -0.212549 0.127628 0.071764 0.591818 0.373488 0.309002 0.043420 0.072390 -0.046674 0.431716 0.210453 0.437295 0.585148 0.116643 0.252205 0.012910 -0.023828 -0.206079 -0.348768 -0.469514 -0.563230 -0.163762 -0.225738 -0.322453 -0.293918 0.269517 0.161328 -0.061108 0.186608 -0.243739 -0.073132 -0.204881 0.105238 0.128020 0.020928 0.033965 0.101493 -0.036706 0.005478 0.248626 0.338484 -0.162126 0.065858 0.298252 0.212277 0.139346 0.166449
0.127994 0.311168 -0.424603 -0.398524 -0.213468 -0.495826 0.234666 -0.153939 -0.285820 -0.239422 0.056447 0.387587 0.130648 0.312676 -0.293012 0.593233 0.472922 0.495556 -0.077733 0.079718 0.155353 0.283545 -0.502996 -0.448884 -0.611496 -0.471930 0.006735 -0.447648 0.607720 1.000000 -0.069468 0.159595 0.375913 0.434092 -0.348098 -0.385151 0.349444 0.253642 0.060482 -0.034499 0.402748 0.414148 -0.174487 -0.319353 0.282539 0.049515 -0.069583 -0.333311 -0.102818 -0.002749 -0.216399 -0.110156 0.165712 0.137977 -0.244591 -0.385353 0.186702 0.217298 -0.092902 0.022094 0.253201 0.313334 0.620205 0.532169 -0.468341 -0.247247 -0.052435 -0.374467 -0.202138 -0.008313 0.349183 0.331521 0.523001 0.651576 0.416261 0.267693 0.413486 0.326663 0.291885 0.318246 0.612269 0.664610 -0.102973 0.418249 -0.137222 0.027647 -0.275210 -0.073185 -0.640024 -0.565772 0.069006 -0.291175 -0.271330 -0.507365 -0.197819 -0.185360 -0.191576 -0.172940 -0.052215 -0.072834 -0.136248 -0.062772 0.104949 -0.179735 -0.181422 -0.134526 0.011597 -0.042755 -0.119611 -0.029462 -0.298441 -0.178843 0.255170 -0.136873 -0.164690 -0.199859
-0.193026 -0.383021 0.453810 0.338120 0.046163 0.217470 0.111644 0.282433 -0.047690 -0.018411 -0.186622 -0.518470 -0.201419 -0.307144 0.081748 -0.168053 0.101085 0.027856 0.072189 -0.031152 -0.007745 -0.056094 0.370826 0.506229 0.238325 0.516802 0.106941 0.355695 0.066634 -0.069468 1.000000 0.628445 0.213371 0.192455 0.354314 -0.062556 0.037605 -0.138638 -0.064473 -0.258608 -0.014342 0.062457 0.021013 0.104214 -0.210599 -0.109280 0.000272 0.040256 -0.295937 -0.112011 0.185250 -0.024138 -0.345565 0.069787 -0.268301 -0.054870 -0.000586 0.096879 -0.529559 -0.342079 -0.426822 -0.343463 -0.096958 -0.199043 0.238656 -0.001094 -0.099054 0.139243 -0.235647 -0.405569 0.029193 0.158937 0.000439 0.027595 0.052822 0.099124 -0.119890 -0.164297 0.286919 0.177275 -0.038018 0.016368 0.219383 -0.158828 0.128851 -0.140197 0.079961 -0.069028 0.144868 -0.055585 -0.241003 -0.100032 -0.085713 0.033948 0.161125 0.077822 0.115889 0.217969 -0.190460 0.036830 -0.211964 -0.072473 -0.206625 -0.031472 -0.016080 -0.194001 -0.361115 -0.232230 0.028071 0.159167 0.294627 0.225991 -0.101292 0.139552 0.113974 0.042491
-0.263581 -0.512953 0.196228 0.399482 -0.265430 -0.093068 -0.002392 0.157952 -0.186434 -0.286286 -0.075914 -0.441292 -0.129885 -0.194797 0.114635 -0.170343 0.109509 0.023339 -0.028883 0.090313 -0.159485 -0.154462 0.275108 0.487713 -0.061764 0.489516 -0.179644 0.169490 0.265441 0.159595 0.628445 1.000000 0.066844 0.423525 0.266474 0.026282 0.296959 -0.028180 -0.063192 -0.087953 0.194162 -0.045401 0.037187 0.104237 -0.162909 -0.078931 0.151799 0.135725 -0.434814 -0.236406 0.017161 -0.179991 -0.324134 0.081587 -0.409580 -0.129516 -0.034178 0.085620 -0.601376 -0.528300 -0.447023 -0.504131 -0.018079 -0.334509 0.131345 -0.123026 -0.166031 0.067916 -0.194865 -0.385824 0.105404 0.141816 0.290272 0.246269 0.358296 0.267716 0.083837 0.037587 0.451022 0.224580 0.211689 0.301482 0.327246 -0.071559 0.151759 0.041479 0.192816 0.098831 -0.060282 -0.124311 -0.078263 -0.033264 -0.020879 0.048216 0.062264 0.090089 0.191662 0.166135 -0.169728 -0.001242 -0.183771 -0.155061 -0.240654 -0.227430 -0.255084 -0.195122 -0.347552 -0.197975 -0.002934 0.352568 0.360775 0.166103 -0.093166 0.044761 0.045863 -0.103858
0.291612 0.261217 -0.027982 -0.241578 -0.239337 -0.185190 0.109217 -0.130646 -0.457283 -0.224629 -0.264037 -0.038074 -0.284673 -0.093550 -0.437566 0.398572 0.374332 0.270429 0.338637 -0.037056 0.108575 0.362822 -0.295787 -0.341681 -0.267106 -0.220377 0.242317 -0.109443 0.230924 0.375913 0.213371 0.066844 1.000000 0.385726 -0.024915 -0.406252 0.110095 0.015346 0.134458 -0.067329 0.054957 0.237366 0.045092 -0.071481 0.223265 0.051417 0.114746 -0.286934 -0.123193 0.167609 -0.023336 0.029455 -0.078711 0.008181 0.000869 -0.069506 0.496673 0.174067 -0.110909 0.246828 0.108931 0.232030 0.568335 0.422705 -0.337200 -0.290361 0.337653 -0.021931 -0.156831 -0.316640 0.244980 0.266523 0.165718 0.331170 0.150419 -0.006801 0.171005 0.075110 0.126376 -0.052759 0.249962 0.321524 -0.146292 0.326410 -0.316528 -0.102030 -0.365412 -0.113461 -0.372091 -0.177281 -0.309657 -0.418987 -0.507412 -0.508319 -0.028648 -0.133335 -0.072799 -0.071212 0.061171 0.031553 -0.219381 -0.043547 0.147756 -0.063096 0.071196 0.033839 0.125648 0.160107 0.045802 -0.154119 -0.237686 -0.155787 0.056426 0.023716 0.015514 -0.002916
0.063159 0.025370 0.118448 -0.186789 -0.305089 -0.514975 0.545082 0.000583 -0.313264 -0.349767 -0.137652 -0.051361 0.059587 0.129563 -0.236323 0.194121 0.145280 0.001804 0.207534 0.044449 -0.063743 0.008079 -0.301260 -0.216263 -0.448900 -0.189249 -0.163965 -0.298658 0.394400 0.434092 0.192455 0.423525 0.385726 1.000000 0.118681 -0.040863 0.237572 0.061852 0.042491 -0.063210 0.081249 0.020398 -0.112535 -0.144134 0.339296 0.159374 0.072830 -0.165996 -0.142941 -0.040315 0.035365 0.002238 -0.049064 0.078759 -0.233559 -0.225482 0.057359 -0.105269 -0.170432 -0.112404 0.190722 0.000244 0.455802 0.158626 -0.110378 -0.147163 0.121996 0.027045 -0.311404 -0.276103 0.137283 0.162850 0.421460 0.396841 0.389067 0.255123 0.290154 0.214051 0.233562 0.028004 0.349629 0.465379 0.083606 0.166184 -0.199794 -0.190805 0.013091 0.080953 -0.402698 -0.305436 -0.241823 -0.316917 -0.556690 -0.387147 -0.256007 -0.252075 -0.049378 -0.223736 -0.190631 -0.222802 -0.313334 -0.119443 0.008303 -0.218502 -0.215446 -0.099921 0.003413 0.051140 -0.031433 0.032281 -0.018271 -0.149219 -0.089766 -0.121685 -0.207371 -0.381093
-0.116793 -0.423151 0.409913 0.197905 0.002100 0.252929 0.005654 -0.025884 -0.065438 -0.156572 -0.164921 -0.499776 -0.108936 -0.445225 0.039435 -0.473027 -0.180626 -0.304016 0.077177 -0.070951 0.021429 -0.005294 0.338089 0.266593 0.390895 0.561786 -0.008006 0.464066 -0.091614 -0.348098 0.354314 0.266474 -0.024915 0.118681 1.000000 0.474551 0.070488 -0.163420 0.070525 0.067127 0.030344 -0.005844 0.210626 0.171513 -0.187988 -0.178865 0.048691 0.029149 -0.097557 -0.254822 0.315758 -0.060157 -0.085023 0.097346 -0.066723 0.154437 -0.060206 -0.094496 -0.029548 -0.239966 -0.332347 -0.437708 -0.315623 -0.413922 0.163824 -0.170508 0.179953 0.348619 0.131354 -0.181949 0.011457 -0.081976 -0.027810 -0.086487 0.033378 -0.165920 -0.169102 -0.204474 0.228199 0.051964 -0.201475 -0.159010 0.053927 -0.467144 0.127664 -0.171813 0.160169 -0.109346 0.312059 0.165870 -0.220123 0.020599 -0.145637 0.263352 0.274666 0.065470 0.038434 0.157751 -0.095515 -0.040953 -0.290562 0.015984 -0.087665 0.132119 0.093467 0.258716 0.000490 0.133543 0.187162 0.093209 0.300700 0.175555 -0.192545 0.194770 0.275451 0.164828
-0.204473 -0.223913 0.055615 0.210940 -0.134953 0.245082 -0.049328 0.080061 0.224805 0.012942 0.023733 0.016635 0.235307 0.091123 0.084395 -0.512202 -0.177937 -0.076188 -0.267053 -0.128453 -0.134272 -0.184073 0.275067 0.142950 0.309294 0.434201 -0.118152 0.423204 -0.375786 -0.385151 -0.062556 0.026282 -0.406252 -0.040863 0.474551 1.000000 -0.030350 -0.034147 0.005469 0.236138 -0.024174 -0.000600 0.070120 0.055832 -0.186766 -0.025820 -0.115034 0.164369 0.118357 -0.284077 0.376834 0.144261 0.144102 0.141363 0.006061 -0.016638 -0.232816 -0.133762 0.117922 -0.310499 -0.084258 -0.223864 -0.442474 -0.337968 0.225273 0.281017 -0.305238 0.118864 0.171415 0.157449 -0.161152 -0.022248 -0.142819 -0.219760 0.039681 0.043340 -0.060373 0.096011 0.043868 0.098840 0.033845 -0.061282 -0.194580 -0.585070 0.216845 0.008130 0.310614 0.120943 0.400933 0.188024 0.041149 -0.006969 0.167372 0.326099 -0.157767 -0.082718 0.020277 -0.112774 -0.179134 -0.280787 -0.179962 -0.135463 -0.362560 -0.144936 -0.230254 -0.071162 -0.168255 -0.112951 -0.239487 -0.017842 0.440489 -0.019066 -0.360631 -0.132616 -0.033572 -0.153411
