1.000000 0.454062 -0.190762 -0.503925 0.080359 -0.331709 -0.055078 -0.167391 0.128486 -0.305161 0.232176 0.244278 0.109269 0.073291 0.132675 0.158060 0.250462 0.470641 0.299317 -0.102202 -0.003061 0.111184 -0.326480 -0.410091 -0.449024 -0.555318 -0.024156 -0.347473 -0.049109 0.084528 -0.434025 -0.442933 0.325924 0.167261 -0.189741 -0.172157 0.031380 0.152443 0.004773 -0.194322 -0.066109 -0.018515 -0.200988 -0.102438 0.245827 -0.004478 0.170759 -0.329296 -0.013024 0.171621 0.016933 0.182454 0.387852 0.246637 0.036335 0.028915 0.601492 0.389552 0.512571 0.321624 0.114538 0.173362 0.273331 0.234292 -0.291370 -0.237283 -0.038585 -0.417153 0.272636 -0.038637 -0.154930 0.053682 0.085738 0.075880 0.159601 0.150153 -0.093375 -0.256192 0.313008 0.136180 0.443010 0.494383 -0.294521 0.181853 0.013360 -0.160850 -0.206897 0.201176 -0.302372 -0.072036 -0.138166 -0.028506 -0.259276 -0.150975 -0.081643 -0.066490 -0.243232 -0.335035 -0.004955 0.101829 -0.086008 0.287043 0.127042 0.118088 -0.024942 -0.094121 0.193568 -0.058736 -0.083321 -0.313200 -0.302539 0.148272 0.112670 0.005268 0.129734 0.188723
0.454062 1.000000 -0.213158 -0.369988 -0.120450 -0.098243 -0.145516 -0.347394 0.149372 -0.306117 0.195199 0.119238 0.129063 -0.072832 0.325006 0.041311 0.377835 0.370629 -0.118550 0.115572 0.119551 0.036070 -0.075720 -0.199629 -0.230161 -0.389278 -0.099254 -0.083050 -0.144552 -0.050543 -0.408100 -0.587713 0.324485 0.033322 -0.194541 -0.327211 -0.324543 -0.060208 -0.028554 0.010289 -0.144907 -0.059897 -0.219801 -0.111188 0.272149 0.019258 0.172405 -0.478702 0.337644 0.428705 0.175179 0.453883 0.428596 0.270494 0.093913 0.071356 0.391252 0.764123 0.209816 0.192751 0.017372 -0.122854 0.009236 -0.143269 -0.099597 -0.223267 -0.228689 -0.432189 0.284896 0.215526 -0.288665 -0.093395 -0.115481 0.051882 -0.089426 0.139832 -0.214836 -0.153817 0.322956 0.364010 0.193920 0.284989 -0.144536 0.030934 0.045879 0.039503 0.019499 0.141911 -0.147099 0.116860 -0.018212 -0.044393 -0.184705 0.001952 -0.046926 0.038633 -0.060761 -0.057682 0.149779 -0.041287 -0.157155 0.124175 0.000713 -0.259105 -0.067724 -0.110936 0.120769 -0.236773 0.138637 -0.116768 -0.140619 0.389827 0.422939 0.205112 0.131525 0.209824
-0.190762 -0.213158 1.000000 0.120526 0.499706 0.151844 0.526496 0.127099 0.529730 0.521826 0.339235 -0.056275 0.294759 -0.061346 -0.197773 -0.281219 -0.014854 -0.299821 -0.039221 -0.353928 -0.174581 -0.088084 0.379305 0.123669 -0.104762 0.147616 -0.026292 0.200114 -0.249197 -0.272143 0.259053 0.034167 -0.259260 -0.152882 0.067403 0.285592 -0.307637 -0.430202 -0.219442 -0.278609 0.077874 -0.074197 0.226230 0.038686 -0.281186 -0.163049 -0.019044 -0.010277 0.070986 -0.418244 0.241498 -0.213281 -0.150207 -0.163714 -0.140861 -0.385510 -0.154839 -0.051330 0.089419 -0.461611 0.252980 -0.178412 -0.256779 -0.199285 0.259191 0.331125 -0.066846 0.282557 -0.277948 -0.195293 -0.005931 -0.026527 -0.113216 -0.005059 0.055516 0.141433 -0.170806 -0.183716 0.051542 -0.072664 -0.303664 -0.208730 -0.296375 -0.641851 -0.001185 0.034294 0.035657 -0.032912 0.426456 0.174212 -0.222353 0.178272 0.139197 0.162768 0.214688 -0.057587 -0.048001 -0.242889 -0.404443 -0.268325 -0.026893 -0.252437 -0.325992 0.071771 0.050109 0.042691 0.062551 0.031552 0.052582 -0.140684 0.082881 0.052983 -0.137253 0.263169 0.236119 0.218083
-0.503925 -0.369988 0.120526 1.000000 -0.179873 0.427982 0.344620 0.379728 0.135535 0.413228 -0.270203 -0.061398 -0.209501 -0.027675 0.003163 -0.198239 -0.267785 -0.506414 -0.329135 0.177921 -0.224692 -0.146321 0.574482 0.781143 0.388820 0.632489 0.097298 0.470079 -0.190146 -0.302933 0.490053 0.517928 -0.276659 -0.159989 0.199642 0.221335 -0.177940 -0.294774 -0.231771 -0.100075 -0.058334 -0.158988 -0.090610 -0.168329 -0.496755 -0.322650 -0.427759 0.082113 -0.333938 -0.333322 -0.302427 -0.347377 -0.407935 -0.172400 -0.400839 -0.358396 -0.303755 -0.263505 -0.423679 -0.384530 0.098861 -0.059113 -0.398088 -0.114614 0.581967 0.466689 -0.286503 0.270174 -0.255592 -0.022344 0.143690 -0.124279 -0.053239 -0.100480 0.093332 -0.090744 -0.028481 -0.004762 -0.373364 -0.120508 -0.547281 -0.655963 0.488355 -0.221515 0.274978 0.160268 0.627493 0.058065 0.530154 0.153959 0.160183 0.285264 0.616104 0.388354 0.012176 -0.199196 -0.228797 -0.070438 -0.346410 -0.171877 0.111296 -0.530658 -0.265959 -0.142172 -0.073153 0.109839 -0.089412 0.009580 -0.075277 0.179452 -0.009190 -0.049589 0.042063 -0.107406 -0.078870 -0.169133
0.080359 -0.120450 0.499706 -0.179873 1.000000 0.167053 0.178394 0.158380 0.424391 0.345864 0.315927 0.087959 0.398041 0.196370 -0.040644 0.075227 -0.035546 -0.085248 -0.016191 -0.292318 -0.000746 0.194359 -0.136651 -0.207723 -0.347840 -0.188857 0.213410 0.089611 -0.026989 0.024083 0.087326 0.072197 -0.157185 -0.054186 0.327669 0.482482 -0.102386 -0.132052 -0.129076 -0.303506 0.098498 -0.052756 -0.020133 0.005663 0.103791 0.176229 -0.069775 -0.129263 0.167334 -0.182328 0.148426 -0.103715 0.042609 0.036287 -0.106148 -0.262322 -0.026766 -0.090628 0.262633 -0.097196 0.233231 0.021948 -0.042868 0.055426 -0.233196 0.077895 0.233033 0.296646 -0.114821 -0.143467 0.007168 0.002948 -0.042860 0.057076 -0.089681 0.214981 -0.162405 -0.050939 0.023845 -0.078571 -0.038218 0.153236 -0.350654 -0.078461 -0.289799 -0.170285 -0.323974 -0.036676 -0.071149 -0.201171 -0.241285 -0.269258 -0.059630 -0.164857 0.084577 -0.062697 -0.138936 -0.331582 -0.294807 -0.312318 0.094968 0.142465 -0.036068 -0.032139 0.057540 0.009445 0.191071 0.092448 -0.131510 -0.366384 -0.149868 -0.082957 -0.241767 0.107824 0.099862 0.061296
-0.331709 -0.098243 0.151844 0.427982 0.167053 1.000000 0.280511 0.205599 0.003577 0.396345 -0.197894 -0.071896 -0.147069 -0.051489 -0.072507 -0.206087 -0.393702 -0.383556 -0.340623 0.053828 -0.027664 -0.027156 0.326949 0.434031 0.301048 0.354066 0.679446 0.731364 -0.118464 -0.378520 0.174224 0.192517 -0.377868 -0.299479 0.175922 0.194020 -0.368132 -0.355538 -0.287544 -0.087738 -0.133629 -0.318584 -0.233369 -0.175984 -0.310094 -0.125489 -0.322293 -0.013551 -0.061879 -0.017211 0.091514 0.072492 -0.024603 0.260557 -0.417358 -0.345549 -0.268828 -0.278825 -0.226197 -0.085501 0.050351 -0.142871 -0.311814 -0.247273 0.250313 0.274218 0.041007 0.325156 -0.167611 0.120187 0.125446 -0.084675 -0.046867 -0.118766 -0.071094 -0.050066 -0.346998 -0.131200 -0.309309 -0.178550 -0.409631 -0.447780 0.157026 -0.254982 0.158353 0.090242 0.143761 -0.048324 0.319263 0.026510 0.122925 0.195336 0.373831 0.228576 0.127834 -0.139593 -0.242089 -0.058084 -0.286226 -0.253706 0.158172 -0.300309 -0.166971 0.118957 0.251649 0.226917 0.074398 0.260332 -0.088218 0.008646 0.035395 0.068911 0.013910 0.164045 0.068756 -0.022802
-0.055078 -0.145516 0.526496 0.344620 0.178394 0.280511 1.000000 0.159859 0.449158 0.373357 0.050049 -0.098355 -0.017022 -0.219909 -0.042413 -0.458421 -0.157479 -0.350233 0.001329 0.153963 -0.279169 -0.365308 0.541376 0.531615 0.177861 0.198798 0.099281 0.289100 -0.232776 -0.435977 0.307134 0.010495 -0.319243 -0.114910 0.118430 0.030391 -0.328555 -0.414826 -0.119743 -0.324904 -0.014450 -0.154140 0.081969 -0.206964 -0.492133 -0.445132 -0.071701 -0.058477 -0.305640 -0.357456 -0.127289 -0.206695 -0.113447 0.134394 -0.301807 -0.443034 -0.177603 -0.111819 -0.092500 -0.465102 0.186705 -0.230558 -0.229189 -0.246423 0.441550 0.112158 -0.309116 -0.014799 -0.148786 0.079868 0.077983 -0.224793 -0.130953 -0.069792 0.273486 -0.053034 -0.291478 -0.329044 -0.071281 -0.168304 -0.241676 -0.402754 0.197861 -0.502514 0.365048 0.064176 0.440623 0.190263 0.496626 0.122925 0.151266 0.606373 0.360408 0.442234 0.345451 -0.288512 -0.383195 -0.208809 -0.371976 -0.244753 0.046370 -0.344018 -0.392242 0.049850 0.241307 0.231098 0.269705 0.114339 -0.192706 -0.179918 -0.081379 0.185177 0.059392 0.111606 0.320096 0.195628
-0.167391 -0.347394 0.127099 0.379728 0.158380 0.205599 0.159859 1.000000 0.061595 0.466962 0.187749 0.534793 0.238811 0.555813 -0.069264 0.233372 -0.167194 -0.151161 -0.101325 -0.322468 -0.267063 0.055974 -0.212557 -0.013247 -0.261154 -0.022741 0.153868 0.023128 0.122656 0.138613 0.115590 0.267379 -0.249897 -0.156346 0.181302 0.244720 -0.034802 -0.100917 -0.093121 -0.082642 0.002585 -0.032369 -0.111425 0.004980 -0.010461 0.098886 -0.229162 -0.089217 -0.147325 -0.227735 -0.249213 -0.234669 -0.067011 -0.135704 -0.176283 -0.257021 -0.377654 -0.410645 0.008132 0.201690 0.261181 0.509422 0.121456 0.507788 0.039176 0.509854 -0.037321 0.334457 -0.506485 -0.306482 0.068181 0.083550 0.091375 0.100881 0.201520 0.214159 -0.000272 -0.081769 -0.382687 -0.330536 -0.353957 -0.338372 -0.015919 0.084522 -0.159719 -0.145474 -0.033225 -0.086370 -0.047582 0.038277 -0.088025 -0.164187 0.192047 -0.142882 0.023196 -0.057489 -0.278447 -0.270564 -0.301479 -0.331341 0.264460 -0.187046 0.018914 -0.114234 -0.041216 0.032770 -0.035930 -0.008453 -0.045859 -0.187279 -0.285529 -0.180646 -0.101668 -0.094285 0.090709 0.017860
0.128486 0.149372 0.529730 0.135535 0.424391 0.003577 0.449158 0.061595 1.000000 0.473981 0.471789 0.229820 0.471001 0.191144 0.312868 -0.024798 0.081204 -0.080746 -0.032581 0.019093 -0.223221 -0.011070 0.295554 0.144240 -0.324915 -0.152239 -0.135222 0.060360 -0.149189 -0.323407 0.116220 -0.082326 -0.030287 -0.098003 0.115582 0.181532 -0.347172 -0.193470 -0.269266 -0.252053 0.027599 -0.134135 -0.030588 -0.199392 -0.359973 -0.342094 -0.278704 -0.219161 -0.075033 -0.409546 -0.187507 -0.363708 -0.176485 -0.139091 -0.285402 -0.414188 0.224368 0.244671 0.303394 -0.423546 0.484166 -0.000743 -0.235592 -0.030077 0.313014 0.278156 -0.395645 -0.045151 0.088221 0.073434 -0.078323 -0.131095 -0.002507 -0.148119 0.063784 0.061932 -0.080346 -0.301323 0.140833 0.034446 -0.164227 -0.040180 -0.178231 -0.400985 0.124264 -0.111737 0.302124 0.042470 0.396427 0.036507 -0.140412 0.167334 0.222182 0.255445 0.010917 -0.312533 -0.247384 -0.323294 -0.437096 -0.254188 -0.081841 -0.139184 -0.419919 -0.232009 -0.053211 0.052273 0.150088 -0.157190 -0.094999 -0.163504 -0.158516 0.090970 0.097722 0.098345 0.093251 0.069916
-0.305161 -0.306117 0.521826 0.413228 0.345864 0.396345 0.373357 0.466962 0.473981 1.000000 0.156088 0.216505 0.190570 0.337742 -0.085899 -0.094580 -0.167226 -0.354155 -0.192060 -0.207068 -0.345957 -0.054536 0.245539 0.248572 -0.034390 0.183272 0.087776 0.306036 -0.181264 -0.222364 0.236242 0.178839 -0.424709 -0.223004 0.113390 0.274757 -0.392215 -0.341148 -0.310707 -0.201260 -0.001089 -0.152876 0.034910 -0.156969 -0.409894 -0.213925 -0.301756 0.043504 -0.005140 -0.381895 -0.018344 -0.248703 -0.132768 -0.143625 -0.397070 -0.486309 -0.248250 -0.249639 0.024013 -0.245940 0.385894 0.229666 -0.272530 0.042642 0.449205 0.606585 -0.137641 0.424577 -0.289303 -0.188993 -0.066807 -0.056080 -0.126994 -0.138543 0.045884 0.136754 -0.149028 -0.113912 -0.182664 -0.210124 -0.529870 -0.532090 -0.092152 -0.483103 0.049625 -0.250456 0.150718 -0.181949 0.526188 0.205479 0.148542 0.144081 0.468837 0.241509 0.085591 -0.153411 -0.234239 -0.335076 -0.468160 -0.287178 0.168418 -0.298887 -0.308712 -0.002723 0.104651 0.122644 0.009415 0.123053 -0.103991 -0.076343 -0.010268 -0.023726 -0.020452 0.073361 0.040477 0.010263
0.232176 0.195199 0.339235 -0.270203 0.315927 -0.197894 0.050049 0.187749 0.471789 0.156088 1.000000 0.678705 0.903589 0.568079 0.461753 0.319045 0.274268 0.307141 0.195428 -0.229213 -0.002192 0.040631 -0.283842 -0.408429 -0.626622 -0.555361 -0.241621 -0.381327 0.248940 0.059771 -0.103454 -0.183954 0.012667 -0.043586 0.004179 0.063541 -0.001892 0.022419 -0.017081 -0.157667 0.170533 0.084148 -0.101718 -0.179389 -0.083793 -0.202422 -0.098991 -0.484375 0.163978 -0.241322 -0.021736 -0.081421 0.231782 -0.060163 0.062232 -0.200154 0.004707 0.102752 0.617153 -0.012240 0.660920 0.295119 0.388402 0.431729 -0.188023 0.152435 -0.227421 -0.196735 -0.203705 -0.226101 -0.011458 0.013755 0.071484 0.254940 0.232758 0.398032 0.038021 -0.171471 0.256824 -0.086668 0.214468 0.215926 -0.287222 -0.073413 -0.180663 -0.306975 -0.153243 -0.040107 -0.215398 -0.141905 -0.256144 -0.182599 -0.201328 -0.171457 0.061725 -0.180735 -0.242762 -0.427813 -0.242475 -0.269362 0.075717 0.116414 -0.114617 -0.243889 0.061952 0.020729 0.137456 -0.053545 -0.033115 -0.356863 -0.429914 -0.081576 -0.016509 0.070388 0.189358 0.204308
0.244278 0.119238 -0.056275 -0.061398 0.087959 -0.071896 -0.098355 0.534793 0.229820 0.216505 0.678705 1.000000 0.707573 0.867715 0.449586 0.411783 0.058749 0.307700 0.000316 -0.194687 -0.048711 0.132415 -0.381769 -0.318967 -0.530587 -0.499744 -0.126694 -0.288914 0.347174 0.172642 -0.141357 -0.019984 -0.080336 -0.107293 0.110184 0.149263 0.075776 0.125286 -0.029980 -0.056338 -0.029993 -0.094650 -0.294184 -0.288054 -0.046529 -0.174218 -0.277378 -0.473908 0.041075 -0.132233 -0.237110 -0.055330 0.223612 -0.046995 -0.135064 -0.121253 -0.066394 -0.066158 0.554394 0.283117 0.561150 0.509859 0.344231 0.584177 -0.181869 0.371655 -0.224257 -0.094243 -0.297297 -0.181581 0.133221 0.211084 0.295376 0.121800 0.313122 0.299050 -0.054244 -0.335732 -0.014931 -0.289572 0.114848 0.109936 -0.157941 0.194171 -0.094416 -0.334898 -0.094023 -0.055707 -0.275295 -0.134927 -0.166933 -0.290132 -0.031794 -0.193359 -0.001302 -0.222693 -0.332141 -0.419869 -0.212259 -0.277841 0.234151 0.000011 -0.072235 -0.327892 -0.016732 0.061459 0.032933 -0.008291 -0.147298 -0.352004 -0.491680 -0.261195 -0.007394 -0.080644 0.162532 0.097161
0.109269 0.129063 0.294759 -0.209501 0.398041 -0.147069 -0.017022 0.238811 0.471001 0.190570 0.903589 0.707573 1.000000 0.684642 0.513052 0.298005 0.138203 0.223618 0.097430 -0.179095 0.064685 0.168675 -0.278732 -0.383446 -0.594542 -0.532151 -0.196810 -0.300602 0.387870 0.040578 -0.013965 -0.008851 -0.082214 -0.056624 0.237805 0.243885 0.011917 0.052577 -0.049013 -0.144890 0.035013 -0.096304 -0.149222 -0.233403 -0.077341 -0.192402 -0.213494 -0.458160 0.149811 -0.269895 -0.087700 -0.168620 0.135575 -0.134429 0.005066 -0.121428 -0.024645 0.017400 0.588214 -0.048920 0.673221 0.217593 0.287455 0.352046 -0.235111 0.184748 -0.153977 -0.082085 -0.191083 -0.139957 0.152327 0.076860 0.210853 0.113202 0.204505 0.314969 -0.003592 -0.255035 0.162834 -0.193601 0.180011 0.214727 -0.239202 0.003776 -0.153747 -0.256035 -0.151914 -0.109533 -0.204242 -0.306376 -0.299540 -0.293519 -0.200387 -0.177493 0.091131 -0.238309 -0.185224 -0.361216 -0.213220 -0.262011 0.131187 0.086321 -0.130255 -0.287055 0.067702 0.125382 0.118788 0.102455 -0.097789 -0.363725 -0.358393 -0.299917 -0.094850 -0.017653 0.127667 0.104283
0.073291 -0.072832 -0.061346 -0.027675 0.196370 -0.051489 -0.219909 0.555813 0.191144 0.337742 0.568079 0.867715 0.684642 1.000000 0.427296 0.518253 -0.107033 0.195423 -0.061503 -0.159221 -0.065011 0.301490 -0.435730 -0.319847 -0.493734 -0.420842 -0.082613 -0.270551 0.411251 0.240679 -0.119794 0.128571 -0.185924 -0.164838 0.212837 0.276053 0.070938 0.280482 -0.098851 -0.020518 0.003605 -0.145437 -0.258735 -0.263365 -0.029885 -0.090297 -0.373082 -0.280024 0.106644 -0.123347 -0.252885 -0.108204 0.144935 -0.167275 -0.115702 -0.097611 -0.149064 -0.262873 0.515604 0.254903 0.554921 0.567457 0.253137 0.560041 -0.213894 0.399453 -0.050444 0.064973 -0.273841 -0.214417 0.151550 0.241635 0.327674 0.055703 0.187468 0.183140 0.076314 -0.187564 -0.136253 -0.368644 0.026656 0.068114 -0.148527 0.232418 -0.200605 -0.397743 -0.208741 -0.211071 -0.249181 -0.236302 -0.099646 -0.393189 -0.023154 -0.178120 -0.108725 -0.174345 -0.141268 -0.315798 -0.193976 -0.218385 0.226622 0.052251 -0.044328 -0.314139 -0.052171 0.058842 -0.046034 0.065201 -0.169413 -0.201873 -0.306566 -0.398351 -0.148765 -0.247636 -0.058472 -0.116555
0.132675 0.325006 -0.197773 0.003163 -0.040644 -0.072507 -0.042413 -0.069264 0.312868 -0.085899 0.461753 0.449586 0.513052 0.427296 1.000000 0.315309 -0.043475 0.119066 -0.030261 0.347656 0.108421 0.146668 -0.033920 0.070699 -0.179919 -0.229816 -0.079556 -0.165380 0.369427 -0.035541 -0.010617 0.086166 0.004356 0.082946 0.184151 0.046340 -0.042286 0.124813 -0.111082 -0.004626 -0.053519 -0.259370 -0.351380 -0.460960 -0.157716 -0.282421 -0.394928 -0.411172 0.011515 -0.081436 -0.410323 -0.143793 -0.037257 -0.142476 -0.119960 -0.034973 0.095032 0.114773 0.344178 -0.103467 0.540986 0.060830 0.152882 0.154604 0.107056 0.054113 -0.211882 -0.268170 0.056932 0.100066 0.059662 0.043332 0.282608 -0.038245 0.208691 0.148133 0.231807 -0.135987 -0.023113 -0.054356 0.060711 0.076229 0.403735 0.294687 0.167610 -0.115135 0.314957 -0.070727 -0.004451 -0.276202 -0.076138 -0.166542 -0.079459 0.117921 -0.189360 -0.298099 -0.108264 -0.163031 -0.123704 -0.190963 -0.018034 0.063652 -0.140911 -0.477335 -0.141402 -0.024752 -0.056231 -0.041855 -0.090860 0.042919 -0.244676 -0.174404 0.016216 -0.160481 -0.183124 -0.109766
0.158060 0.041311 -0.281219 -0.198239 0.075227 -0.206087 -0.458421 0.233372 -0.024798 -0.094580 0.319045 0.411783 0.298005 0.518253 0.315309 1.000000 -0.017297 0.242847 0.266508 -0.101001 0.159525 0.570616 -0.633218 -0.494958 -0.416572 -0.353839 -0.013907 -0.442922 0.262433 0.422800 -0.389865 -0.001031 0.255829 0.097642 -0.186983 -0.102640 0.289840 0.443530 0.236134 0.289927 0.132631 0.147957 -0.285351 -0.083271 0.364113 0.257087 -0.118422 -0.160251 0.283059 0.238320 -0.049485 0.119386 0.249532 -0.053301 0.318377 0.183722 -0.008141 -0.098712 0.323676 0.474547 0.238572 0.620069 0.549365 0.654185 -0.306527 -0.062569 0.124196 -0.205523 -0.058265 -0.238229 -0.150000 0.285460 0.147645 0.189621 -0.005588 0.089071 0.353950 0.116496 -0.093968 -0.011466 0.179099 0.349715 -0.012708 0.603259 -0.393379 -0.315763 -0.339421 -0.069593 -0.544556 -0.167463 -0.230709 -0.487426 -0.417324 -0.398667 -0.499655 0.103601 0.215458 -0.170707 0.102485 0.018748 0.002952 0.313656 0.199923 -0.348061 -0.318530 -0.430740 -0.332693 -0.265750 0.122738 0.038276 -0.407146 -0.206234 -0.119047 -0.212671 -0.363970 -0.213860
0.250462 0.377835 -0.014854 -0.267785 -0.035546 -0.393702 -0.157479 -0.167194 0.081204 -0.167226 0.274268 0.058749 0.138203 -0.107033 -0.043475 -0.017297 1.000000 0.582236 0.303866 -0.089834 -0.084548 -0.189578 -0.224347 -0.356070 -0.334269 -0.336510 -0.419083 -0.283642 -0.145992 0.286104 -0.216989 -0.309140 0.295085 0.073885 -0.315619 -0.317462 -0.039289 -0.213840 -0.095361 -0.171064 0.186056 0.318383 0.130369 0.106910 0.180378 0.070774 0.442431 -0.299971 0.070744 -0.089905 0.103953 -0.033124 0.220138 0.022724 0.345799 0.031878 0.459350 0.631614 0.168794 0.113977 0.048080 0.168918 0.307005 0.195959 -0.158818 -0.142246 -0.119120 -0.318274 0.299997 0.003966 -0.391601 -0.230991 -0.375016 0.263296 -0.118847 0.281470 -0.005860 0.217890 0.530853 0.603772 0.432493 0.332647 -0.372579 -0.076599 -0.133432 -0.060742 -0.141379 0.017862 -0.267127 0.206398 -0.010310 -0.060587 -0.194317 -0.232998 0.065868 0.090650 -0.121113 -0.042300 0.009332 0.027006 -0.084651 0.178624 0.054767 -0.062435 -0.022094 -0.107257 0.088269 -0.219289 0.010309 -0.311449 -0.217465 0.149418 0.265103 0.049539 0.189525 0.137950
0.470641 0.370629 -0.299821 -0.506414 -0.085248 -0.383556 -0.350233 -0.151161 -0.080746 -0.354155 0.307141 0.307700 0.223618 0.195423 0.119066 0.242847 0.582236 1.000000 0.312205 0.066550 0.045192 -0.004167 -0.447809 -0.550735 -0.380324 -0.577211 -0.185312 -0.418223 0.157181 0.422678 -0.415284 -0.437324 0.427070 0.152369 -0.242650 -0.378645 0.150019 0.267569 0.096100 0.025787 0.026976 0.076135 -0.146562 -0.102085 0.214244 0.031525 0.209783 -0.361894 0.024379 0.076521 -0.027537 0.099143 0.340943 0.091460 0.208665 0.159152 0.410677 0.412207 0.428876 0.461302 0.047126 0.344408 0.435087 0.339594 -0.413472 -0.338878 -0.015311 -0.380067 0.369745 0.223484 -0.208709 0.026260 -0.022632 0.245972 -0.053602 0.179025 0.110085 0.058941 0.286508 0.379808 0.580445 0.590400 -0.336093 0.177821 -0.111456 -0.200310 -0.325590 -0.039973 -0.452792 -0.060291 0.014404 -0.201458 -0.354765 -0.387358 -0.008893 0.026924 -0.060858 -0.002535 0.007691 0.081165 -0.036336 0.320437 0.177403 -0.044091 0.040549 -0.044029 0.106743 -0.062885 -0.074684 -0.205320 -0.279738 -0.063850 0.126153 -0.048573 0.064380 0.016752
0.299317 -0.118550 -0.039221 -0.329135 -0.016191 -0.340623 0.001329 -0.101325 -0.032581 -0.192060 0.195428 0.000316 0.097430 -0.061503 -0.030261 0.266508 0.303866 0.312205 1.000000 0.086546 0.175718 0.113204 -0.466547 -0.427837 -0.303733 -0.190451 -0.268125 -0.492026 0.144968 0.309497 -0.148007 -0.030952 0.301569 0.450262 -0.288238 -0.249158 0.287233 0.018860 0.236821 0.126286 0.113811 0.150499 -0.097025 -0.086480 0.151019 0.081519 0.061606 -0.050882 -0.145008 -0.120135 0.004169 -0.200030 0.086016 -0.090873 0.301634 -0.010207 0.343106 0.065792 0.169131 0.181269 0.108047 0.340440 0.607496 0.437259 -0.229051 -0.477457 0.062407 -0.330019 0.326089 -0.174128 0.034616 0.169063 0.004261 0.120257 0.131273 0.069226 0.322859 0.170650 0.286616 0.092515 0.488360 0.377591 -0.016860 0.279797 -0.232483 -0.230816 -0.300761 0.063969 -0.421050 -0.228138 -0.134145 0.023509 -0.455543 -0.324759 -0.196007 0.210372 0.090810 -0.121113 -0.062817 0.222734 -0.155807 0.302718 0.242125 0.178536 -0.097989 -0.410355 -0.094276 -0.231013 0.123942 0.100065 -0.154178 -0.052623 -0.086324 -0.097109 -0.108355 0.044113
-0.102202 0.115572 -0.353928 0.177921 -0.292318 0.053828 0.153963 -0.322468 0.019093 -0.207068 -0.229213 -0.194687 -0.179095 -0.159221 0.347656 -0.101001 -0.089834 0.066550 0.086546 1.000000 0.119364 -0.012779 0.197306 0.363005 0.316379 0.192461 -0.015179 0.035167 0.103387 0.128488 0.102234 0.149914 0.071088 0.222467 0.192799 -0.195155 0.186198 0.090806 0.078707 0.078191 0.027287 -0.095223 -0.214917 -0.399494 -0.337210 -0.374345 -0.207227 -0.041747 -0.239651 -0.085397 -0.423523 -0.134880 -0.144365 0.125589 -0.045780 0.122460 0.069789 0.028217 -0.088871 -0.207578 0.003065 -0.170022 -0.147472 -0.253970 0.137377 -0.344542 -0.170488 -0.346638 0.545835 0.518719 0.042966 -0.113063 -0.025927 0.040766 -0.073050 -0.160347 0.209219 0.216633 -0.110538 0.165027 0.144827 0.026489 0.461041 0.152076 0.195081 0.043006 0.300200 -0.048144 0.074325 -0.215726 0.447243 0.232679 0.094496 0.315847 -0.119190 -0.247131 0.026022 0.159812 0.062869 0.164395 -0.074101 0.007889 -0.046292 -0.183944 0.016282 0.006022 0.029603 0.045687 -0.323999 0.234183 0.040107 -0.097318 0.146827 -0.459857 -0.345193 -0.398982
-0.003061 0.119551 -0.174581 -0.224692 -0.000746 -0.027664 -0.279169 -0.267063 -0.223221 -0.345957 -0.002192 -0.048711 0.064685 -0.065011 0.108421 0.159525 -0.084548 0.045192 0.175718 0.119364 1.000000 0.433150 -0.203836 -0.209409 -0.021874 -0.089858 0.079398 -0.003179 0.320421 0.023910 -0.117724 0.010707 0.138346 0.128112 -0.052974 -0.056360 0.151997 0.140860 0.326057 0.363013 -0.035705 0.002766 -0.298066 -0.072770 0.198224 0.140750 -0.011760 -0.098277 0.067984 0.225263 0.038115 0.196825 0.078360 0.241897 0.152095 0.136610 -0.007587 0.024739 -0.156760 0.039512 -0.259408 -0.219356 0.115358 -0.093353 -0.274769 -0.369644 0.099886 -0.201103 0.076454 0.026398 0.332180 0.310004 0.325082 0.088689 0.019502 -0.029101 0.051661 0.069673 0.152083 0.111355 0.245044 0.279404 0.163764 0.262333 -0.099563 -0.064426 -0.183135 0.038845 -0.267199 -0.339227 -0.158368 -0.153127 -0.388592 -0.283639 0.014332 0.137818 0.319112 0.197002 0.181341 0.149135 -0.044601 0.229513 0.146086 -0.107916 -0.014847 -0.117288 -0.090673 -0.034878 0.146710 0.095872 0.061151 -0.136222 0.019453 0.139816 -0.013311 0.057375
0.111184 0.036070 -0.088084 -0.146321 0.194359 -0.027156 -0.365308 0.055974 -0.011070 -0.054536 0.040631 0.132415 0.168675 0.301490 0.146668 0.570616 -0.189578 -0.004167 0.113204 -0.012779 0.433150 1.000000 -0.348055 -0.291452 -0.198646 -0.063023 0.144294 -0.105953 0.190706 0.232206 -0.217807 0.172702 0.041861 -0.025201 0.099372 0.217447 0.176465 0.285874 0.206978 0.275096 -0.184430 -0.072187 -0.404281 -0.167895 0.210709 0.176541 -0.200151 0.009896 0.216715 0.163963 -0.013765 0.116620 0.114414 0.045787 0.122121 0.288528 0.136264 -0.028354 0.178109 0.234175 0.076683 0.245538 0.075883 0.113048 -0.206328 -0.040649 0.236512 -0.065353 0.119644 -0.145866 0.167897 0.490601 0.309712 0.064972 -0.083767 -0.111711 0.168676 0.042441 -0.185092 -0.052338 -0.001865 0.272004 -0.039838 0.401041 -0.260536 -0.105150 -0.374047 -0.272107 -0.286113 -0.219704 -0.194321 -0.380781 -0.317715 -0.280740 -0.510263 -0.042479 0.432857 -0.114009 0.109155 0.145360 0.012697 0.187545 0.058437 -0.294049 -0.444232 -0.394949 -0.447853 -0.102063 -0.002585 0.146117 0.015321 -0.204277 -0.129728 -0.260955 -0.507221 -0.386966
-0.326480 -0.075720 0.379305 0.574482 -0.136651 0.326949 0.541376 -0.212557 0.295554 0.245539 -0.283842 -0.381769 -0.278732 -0.435730 -0.033920 -0.633218 -0.224347 -0.447809 -0.466547 0.197306 -0.203836 -0.348055 1.000000 0.845041 0.635603 0.615848 0.086819 0.583982 -0.309607 -0.597654 0.492059 0.182244 -0.312371 -0.261805 0.161512 0.126914 -0.355091 -0.290761 -0.257869 -0.152114 -0.042553 -0.167584 0.087844 -0.122260 -0.580817 -0.466052 -0.157241 0.143487 -0.294105 -0.282744 -0.106829 -0.175944 -0.381262 -0.070655 -0.438126 -0.223764 -0.119708 0.059160 -0.354372 -0.653454 -0.026917 -0.580840 -0.678139 -0.666332 0.688389 0.277883 -0.355982 0.098330 -0.101597 0.213672 0.069916 -0.260174 -0.054985 -0.161971 0.054991 -0.198361 -0.248033 -0.238194 -0.131480 0.018729 -0.464564 -0.515615 0.373031 -0.623619 0.572117 0.338984 0.727234 0.065462 0.849151 0.277091 0.156238 0.517770 0.581061 0.660956 0.237552 -0.347878 -0.126685 0.098977 -0.197747 -0.097679 -0.032495 -0.553761 -0.426992 -0.035621 0.060288 0.303898 0.023127 0.150748 -0.133249 0.096243 0.266225 0.142315 0.120596 0.142901 0.105657 -0.017499
-0.410091 -0.199629 0.123669 0.781143 -0.207723 0.434031 0.531615 -0.013247 0.144240 0.248572 -0.408429 -0.318967 -0.383446 -0.319847 0.070699 -0.494958 -0.356070 -0.550735 -0.427837 0.363005 -0.209409 -0.291452 0.845041 1.000000 0.658212 0.740174 0.137438 0.601958 -0.226240 -0.494777 0.605214 0.420904 -0.295938 -0.143384 0.208573 0.134817 -0.279746 -0.271554 -0.224048 -0.127520 0.002147 -0.140794 -0.072962 -0.228175 -0.591477 -0.443805 -0.318013 0.146180 -0.348734 -0.273186 -0.292504 -0.250722 -0.382635 -0.063380 -0.474916 -0.294100 -0.264511 -0.149289 -0.479456 -0.570545 -0.014760 -0.403599 -0.554005 -0.487216 0.657277 0.267185 -0.354478 0.145991 -0.145107 0.166591 0.124189 -0.229453 -0.050334 -0.167227 0.083084 -0.222254 -0.146075 -0.091440 -0.281532 -0.091211 -0.497284 -0.636098 0.614022 -0.336736 0.524683 0.322108 0.787157 0.159527 0.725416 0.208799 0.243357 0.459234 0.633346 0.591666 0.161684 -0.296012 -0.199602 0.089127 -0.265873 -0.214362 -0.024049 -0.566444 -0.412907 -0.082704 0.034560 0.234650 0.007961 0.103563 -0.151785 0.214962 0.187520 0.112972 0.113807 -0.003516 0.016946 -0.115519
-0.449024 -0.230161 -0.104762 0.388820 -0.347840 0.301048 0.177861 -0.261154 -0.324915 -0.034390 -0.626622 -0.530587 -0.594542 -0.493734 -0.179919 -0.416572 -0.334269 -0.380324 -0.303733 0.316379 -0.021874 -0.198646 0.635603 0.658212 1.000000 0.723937 0.137801 0.405240 -0.127845 -0.244558 0.409664 0.319022 -0.259638 -0.107922 0.077947 -0.010906 0.014750 -0.027966 0.078501 0.125567 0.067255 0.015348 0.067343 -0.026580 -0.358062 -0.244351 -0.005437 0.360725 -0.202355 0.025782 -0.007516 0.111769 -0.184385 0.101793 -0.093512 0.149766 -0.309166 -0.242272 -0.513339 -0.292479 -0.353403 -0.474538 -0.416844 -0.592154 0.340318 -0.022286 -0.017153 0.065732 -0.030904 0.227740 0.066328 -0.112499 -0.048220 -0.039318 -0.015229 -0.217194 -0.056969 0.097325 -0.358782 -0.013346 -0.328403 -0.466682 0.561496 -0.186213 0.286581 0.261446 0.416350 -0.061597 0.443400 0.190942 0.368460 0.360750 0.385858 0.424502 0.084887 -0.161882 0.128657 0.374397 0.209342 0.147811 0.042062 -0.267137 -0.065599 0.081832 0.136143 0.198801 -0.106284 0.242701 -0.153437 0.289435 0.303931 0.026360 0.080272 -0.058754 -0.121799 -0.225666
-0.555318 -0.389278 0.147616 0.632489 -0.188857 0.354066 0.198798 -0.022741 -0.152239 0.183272 -0.555361 -0.499744 -0.532151 -0.420842 -0.229816 -0.353839 -0.336510 -0.577211 -0.190451 0.192461 -0.089858 -0.063023 0.615848 0.740174 0.723937 1.000000 0.103310 0.471407 -0.262228 -0.178271 0.622790 0.617673 -0.284845 0.036441 0.173169 0.259650 -0.031042 -0.286362 -0.061841 0.086715 0.062593 0.057509 -0.003603 -0.036920 -0.335838 -0.084047 -0.209400 0.349370 -0.211049 -0.204534 -0.040794 -0.203217 -0.412524 -0.209333 -0.244337 -0.059165 -0.288769 -0.237407 -0.605508 -0.448966 -0.157546 -0.283333 -0.449507 -0.418028 0.536932 0.224161 -0.072003 0.300348 -0.151438 -0.130313 0.127637 0.020179 -0.073664 -0.022728 -0.063450 -0.136945 0.091879 0.230930 -0.396265 -0.092600 -0.541980 -0.568636 0.536442 -0.129123 0.203170 0.345377 0.455034 -0.055178 0.536752 0.224502 0.111910 0.188597 0.395816 0.339653 -0.150442 -0.022994 0.168755 0.125728 -0.093578 -0.064161 -0.101096 -0.395556 -0.175442 -0.002954 -0.244903 -0.146881 -0.370350 -0.048178 0.043694 0.419095 0.336558 0.043293 -0.047479 -0.049452 -0.277267 -0.270610
-0.024156 -0.099254 -0.026292 0.097298 0.213410 0.679446 0.099281 0.153868 -0.135222 0.087776 -0.241621 -0.126694 -0.196810 -0.082613 -0.079556 -0.013907 -0.419083 -0.185312 -0.268125 -0.015179 0.079398 0.144294 0.086819 0.137438 0.137801 0.103310 1.000000 0.611573 0.045597 -0.238754 -0.063133 0.099853 -0.271004 -0.239843 0.186762 0.128712 -0.181154 -0.131515 -0.266125 -0.106988 -0.259164 -0.378671 -0.166645 -0.125199 -0.055378 0.037119 -0.193972 0.014063 -0.004922 0.127327 0.120504 0.157897 0.067608 0.295571 -0.301651 -0.112663 -0.105864 -0.301255 -0.050564 0.149292 -0.043448 -0.048316 -0.171228 -0.117794 0.084446 0.123996 0.294398 0.258168 -0.084446 0.177934 0.060174 0.010434 0.109824 -0.082944 -0.087540 -0.064201 -0.220029 -0.135871 -0.300218 -0.160520 -0.224361 -0.157359 0.074340 -0.027200 0.181854 0.135688 -0.018371 -0.097069 0.137559 -0.044952 0.038064 -0.011681 0.043073 0.018732 0.031274 -0.134308 -0.094182 -0.036886 -0.140539 -0.168992 -0.008505 -0.119245 -0.083717 0.144326 0.128704 0.158432 -0.019292 0.234192 -0.086023 -0.068819 0.048298 -0.087916 -0.151670 0.116627 -0.057932 -0.153235
-0.347473 -0.083050 0.200114 0.470079 0.089611 0.731364 0.289100 0.023128 0.060360 0.306036 -0.381327 -0.288914 -0.300602 -0.270551 -0.165380 -0.442922 -0.283642 -0.418223 -0.492026 0.035167 -0.003179 -0.105953 0.583982 0.601958 0.405240 0.471407 0.611573 1.000000 -0.232772 -0.511276 0.337762 0.256511 -0.342502 -0.289484 0.163631 0.175792 -0.464692 -0.428382 -0.381993 -0.218775 -0.177703 -0.306142 -0.017870 -0.059809 -0.337986 -0.147920 -0.122872 0.102864 -0.152342 -0.121498 0.016026 -0.040699 -0.171584 0.154121 -0.457296 -0.329375 -0.153408 -0.089516 -0.394696 -0.308849 -0.100224 -0.355993 -0.520929 -0.415096 0.409653 0.295765 -0.112851 0.309363 -0.091232 0.221774 0.120001 -0.174063 -0.107696 -0.227656 -0.225807 -0.110059 -0.482260 -0.161531 -0.165383 -0.061471 -0.393556 -0.458615 0.174069 -0.403536 0.441512 0.382334 0.405309 0.072858 0.565374 0.184829 0.076785 0.214273 0.417564 0.324477 0.335515 -0.189086 -0.184201 0.085054 -0.306732 -0.290162 -0.006774 -0.486077 -0.388008 0.036827 0.152773 0.338594 0.104649 0.284946 -0.101009 -0.047552 0.261073 0.014129 0.071126 0.259435 0.202253 0.021889
-0.049109 -0.144552 -0.249197 -0.190146 -0.026989 -0.118464 -0.232776 0.122656 -0.149189 -0.181264 0.248940 0.347174 0.387870 0.411251 0.369427 0.262433 -0.145992 0.157181 0.144968 0.103387 0.320421 0.190706 -0.309607 -0.226240 -0.127845 -0.262228 0.045597 -0.232772 1.000000 0.108817 0.017723 0.254278 0.131320 0.036112 0.161457 0.028429 0.270374 0.308007 0.087644 0.240217 0.068233 -0.293765 -0.183868 -0.236763 -0.026268 -0.138963 -0.168172 -0.000177 -0.147124 -0.140660 -0.333853 -0.201849 -0.019382 -0.123255 -0.029898 0.206618 -0.042654 -0.269538 0.196970 0.100538 0.124337 0.000827 0.322639 0.139182 -0.323082 -0.163207 0.061022 -0.176630 -0.050825 0.150684 0.327057 0.178016 0.643193 -0.119015 0.115772 -0.034810 0.201099 -0.240591 0.059975 -0.130666 0.353868 0.328187 0.219873 0.362657 0.030617 -0.094095 -0.158391 -0.081985 -0.265918 -0.495293 -0.174487 -0.272335 -0.309488 -0.273489 0.123745 -0.118879 0.190443 0.239456 0.168695 0.066062 0.034267 -0.046166 0.010770 -0.202884 0.106325 0.190387 -0.062175 0.227724 -0.072676 0.012093 0.014608 -0.429000 -0.192464 -0.114234 0.004302 -0.110883
0.084528 -0.050543 -0.272143 -0.302933 0.024083 -0.378520 -0.435977 0.138613 -0.323407 -0.222364 0.059771 0.172642 0.040578 0.240679 -0.035541 0.422800 0.286104 0.422678 0.309497 0.128488 0.023910 0.232206 -0.597654 -0.494777 -0.244558 -0.178271 -0.238754 -0.511276 0.108817 1.000000 -0.149008 0.076482 0.134466 0.271966 0.033974 -0.051245 0.578318 0.209100 0.253921 0.132732 0.255989 0.318680 0.005495 0.067830 0.355648 0.309249 0.171630 0.045339 0.183762 0.080571 -0.091049 0.000365 0.190279 -0.001818 0.450507 0.389332 -0.009304 -0.036572 0.197492 0.359440 0.024923 0.463093 0.385866 0.455165 -0.417459 -0.185804 0.249423 -0.171190 0.209633 -0.148874 -0.200910 0.214543 -0.139229 0.434117 -0.121906 0.393950 0.503037 0.546896 -0.092586 0.196688 0.326332 0.395144 -0.141787 0.560766 -0.486529 -0.219650 -0.464026 -0.348670 -0.580917 -0.133703 0.084663 -0.493193 -0.354580 -0.410446 -0.414835 0.155881 0.223443 -0.091154 0.262193 0.167704 -0.039152 0.350441 0.267518 -0.226954 -0.311774 -0.431745 -0.238798 -0.223296 -0.163272 -0.037372 -0.160450 -0.211589 -0.097866 -0.532503 -0.415800 -0.381273
-0.434025 -0.408100 0.259053 0.490053 0.087326 0.174224 0.307134 0.115590 0.116220 0.236242 -0.103454 -0.141357 -0.013965 -0.119794 -0.010617 -0.389865 -0.216989 -0.415284 -0.148007 0.102234 -0.117724 -0.217807 0.492059 0.605214 0.409664 0.622790 -0.063133 0.337762 0.017723 -0.149008 1.000000 0.705257 -0.292047 0.134026 0.405012 0.395258 -0.004350 -0.219788 -0.094497 -0.082348 0.203450 0.041165 0.082903 -0.078767 -0.401113 -0.181010 -0.206133 0.198244 -0.379531 -0.504253 -0.306394 -0.499175 -0.475948 -0.301586 -0.289485 -0.160873 -0.273328 -0.240236 -0.408956 -0.617828 0.092625 -0.289189 -0.274639 -0.219628 0.318774 0.210788 -0.257989 0.247309 -0.217480 -0.194188 0.352830 0.067949 0.043505 -0.007780 0.114213 0.074937 0.066981 0.079139 -0.201132 -0.146438 -0.302700 -0.419901 0.432354 -0.149712 0.162649 0.162521 0.462021 -0.000785 0.403353 -0.068760 -0.074785 0.060482 0.315348 0.225081 0.146791 -0.200562 -0.078509 -0.020634 -0.270850 -0.230214 -0.014135 -0.402872 -0.323158 -0.089865 -0.051678 0.123533 -0.047357 0.137912 -0.117529 0.098630 0.164516 -0.136527 -0.132906 -0.035027 0.017307 -0.064454
-0.442933 -0.587713 0.034167 0.517928 0.072197 0.192517 0.010495 0.267379 -0.082326 0.178839 -0.183954 -0.019984 -0.008851 0.128571 0.086166 -0.001031 -0.309140 -0.437324 -0.030952 0.149914 0.010707 0.172702 0.182244 0.420904 0.319022 0.617673 0.099853 0.256511 0.254278 0.076482 0.705257 1.000000 -0.296665 0.087905 0.400590 0.476127 0.211346 -0.128585 -0.083810 -0.006222 0.137868 -0.063889 -0.071094 -0.143470 -0.270318 -0.088938 -0.337392 0.189078 -0.284056 -0.417982 -0.324977 -0.476501 -0.375374 -0.291465 -0.165428 -0.016230 -0.219274 -0.453156 -0.254312 -0.367270 0.198679 0.006893 -0.134296 0.032513 0.190260 0.273786 -0.018578 0.201061 -0.137999 -0.223500 0.382719 0.203070 0.214798 0.009938 0.051964 0.049460 0.213544 0.156401 -0.346498 -0.247586 -0.243478 -0.299183 0.481950 0.235685 0.043728 0.178467 0.226130 -0.177834 0.164079 -0.177884 -0.119922 -0.199009 0.131650 0.064117 -0.121880 -0.204241 0.078269 -0.027337 -0.153497 -0.157866 0.020422 -0.285124 -0.166519 -0.183905 -0.232513 -0.030129 -0.314925 0.119336 -0.173403 0.121434 0.048542 -0.472996 -0.310418 -0.329938 -0.302185 -0.397711
0.325924 0.324485 -0.259260 -0.276659 -0.157185 -0.377868 -0.319243 -0.249897 -0.030287 -0.424709 0.012667 -0.080336 -0.082214 -0.185924 0.004356 0.255829 0.295085 0.427070 0.301569 0.071088 0.138346 0.041861 -0.312371 -0.295938 -0.259638 -0.284845 -0.271004 -0.342502 0.131320 0.134466 -0.292047 -0.296665 1.000000 0.506865 -0.491124 -0.470885 0.129385 0.249162 0.266561 0.266878 0.138775 0.173084 -0.013849 0.039760 0.311780 0.132814 0.105659 -0.123118 0.127915 0.170306 0.021930 0.056084 0.094113 -0.091713 0.118584 0.094344 0.327518 0.436449 0.081690 0.193395 -0.242293 0.038225 0.270647 0.141674 -0.234699 -0.523589 -0.118343 -0.324543 0.295509 0.096103 -0.107383 0.012352 0.103902 0.021013 -0.052291 -0.091929 0.183271 -0.002988 0.452334 0.424071 0.414460 0.510429 -0.161112 0.252513 -0.080034 -0.005841 -0.194270 0.266303 -0.381790 -0.189794 -0.183496 -0.199247 -0.371174 -0.411252 -0.007370 0.317152 0.185609 0.269891 0.150605 0.239481 -0.291743 0.129796 0.152694 0.006923 -0.062044 -0.182819 0.041044 -0.239340 0.343993 0.190648 -0.079586 0.260486 0.019039 0.108646 0.081324 0.185541
0.167261 0.033322 -0.152882 -0.159989 -0.054186 -0.299479 -0.114910 -0.156346 -0.098003 -0.223004 -0.043586 -0.107293 -0.056624 -0.164838 0.082946 0.097642 0.073885 0.152369 0.450262 0.222467 0.128112 -0.025201 -0.261805 -0.143384 -0.107922 0.036441 -0.239843 -0.289484 0.036112 0.271966 0.134026 0.087905 0.506865 1.000000 -0.109601 -0.098276 0.211851 0.000660 0.176831 0.032566 0.041443 0.116400 0.059843 -0.020904 0.266138 0.247832 0.061706 -0.054861 0.079749 -0.038494 0.017633 -0.172435 -0.085209 -0.289232 0.098132 0.056809 0.145430 0.139469 -0.078665 -0.010500 -0.094209 0.027717 0.337949 0.172735 -0.099372 -0.407739 -0.029501 -0.047619 0.194576 -0.176084 -0.003698 0.118659 0.015277 -0.065565 -0.061711 0.081379 0.280029 0.130960 0.214579 0.154354 0.286498 0.272679 0.209141 0.372403 -0.013106 -0.032979 -0.014375 0.243332 -0.258102 -0.273384 -0.191169 -0.308808 -0.406371 -0.362236 -0.133041 0.187739 0.078118 -0.060700 -0.038072 0.018423 -0.293527 0.102865 0.067081 -0.033547 -0.153568 -0.364737 -0.081487 -0.137129 0.205180 0.144991 -0.051620 -0.024571 -0.081106 -0.095406 -0.111325 0.123703
-0.189741 -0.194541 0.067403 0.199642 0.327669 0.175922 0.118430 0.181302 0.115582 0.113390 0.004179 0.110184 0.237805 0.212837 0.184151 -0.186983 -0.315619 -0.242650 -0.288238 0.192799 -0.052974 0.099372 0.161512 0.208573 0.077947 0.173169 0.186762 0.163631 0.161457 0.033974 0.405012 0.400590 -0.491124 -0.109601 1.000000 0.741901 0.063204 -0.028043 -0.155872 -0.183632 -0.217531 -0.307180 -0.126937 -0.218198 -0.207478 -0.101368 -0.274199 0.019248 -0.258130 -0.326209 -0.342313 -0.363042 -0.327637 -0.130506 -0.231022 0.124170 -0.155903 -0.278294 0.066763 -0.264158 0.304193 -0.187446 -0.236186 -0.197361 -0.027672 0.286258 0.110793 0.313449 -0.057126 0.114831 0.262449 0.040582 0.113058 -0.102886 -0.057693 0.076213 -0.007114 0.017378 -0.386107 -0.387308 -0.215219 -0.127736 0.161539 0.115543 -0.051123 -0.076388 0.095481 -0.261568 0.158570 -0.208513 0.050860 -0.105953 0.281358 0.289189 -0.069742 -0.363829 -0.203687 -0.187520 -0.019850 -0.126313 0.253200 -0.066555 0.009760 -0.094437 -0.061692 0.167474 0.050005 0.303702 -0.369475 -0.160561 0.062963 -0.292123 -0.022290 -0.190877 -0.199539 -0.334183
-0.172157 -0.327211 0.285592 0.221335 0.482482 0.194020 0.030391 0.244720 0.181532 0.274757 0.063541 0.149263 0.243885 0.276053 0.046340 -0.102640 -0.317462 -0.378645 -0.249158 -0.195155 -0.056360 0.217447 0.126914 0.134817 -0.010906 0.259650 0.128712 0.175792 0.028429 -0.051245 0.395258 0.476127 -0.470885 -0.098276 0.741901 1.000000 -0.082088 -0.096255 -0.282808 -0.206907 -0.226957 -0.248243 -0.066165 -0.042091 -0.089601 0.086378 -0.350242 0.095729 -0.087064 -0.311331 -0.019335 -0.309204 -0.353221 -0.285124 -0.283415 -0.030553 -0.095629 -0.252296 0.098589 -0.270902 0.285574 -0.140199 -0.229511 -0.126599 0.011102 0.468804 0.197246 0.530244 -0.237811 -0.242734 0.339734 0.219099 0.228780 -0.183113 -0.066008 0.035217 -0.024632 -0.064440 -0.275553 -0.440620 -0.294697 -0.124877 -0.010949 -0.002397 -0.125367 -0.043253 0.019516 -0.127389 0.155703 -0.143050 -0.281967 -0.246880 0.182128 0.132560 -0.158456 -0.258825 -0.084958 -0.362539 -0.196564 -0.242572 0.155824 -0.068805 -0.090517 -0.098210 -0.267623 -0.079589 -0.175409 0.102227 -0.171855 -0.107873 0.072586 -0.299739 -0.247650 -0.070362 -0.150636 -0.182748
