1.000000 -0.062160 0.204617 0.259634 0.227827 0.222228 0.172379 0.288607 -0.003174 0.115464 0.014931 0.128316 -0.056807 -0.129361 0.118180 0.007548 -0.133427 -0.024025 0.256725 0.334236 0.134142 -0.059727 0.262973 0.198376 -0.053984 0.077375 0.224578 0.209249 -0.053166 -0.027172 0.181339 0.155234 -0.082396 -0.192733 -0.090101 -0.125545 -0.192137 -0.254968 0.151709 0.018807 -0.280388 0.036492 -0.106409 -0.065553 -0.164045 -0.083451 -0.143799 -0.176475 -0.079023 -0.164780 -0.081031 -0.177429 -0.090939 -0.089766 0.081748 0.091438 -0.078700 -0.225047 0.033389 -0.222094 -0.032030 -0.120505 -0.085885 -0.364692 0.014750 -0.133351 -0.312542 -0.138103 0.082860 0.118423 -0.190905 -0.108378 -0.219703 0.003196 -0.011808 0.067865 -0.074456 -0.044068 0.070215 -0.036199 0.034118 -0.066287 0.296803 0.314021 0.481327 0.207851 0.230204 0.156394 0.136792 0.135603 -0.066237 -0.056284 -0.018097 0.032525 -0.113408 0.067195 -0.009304 -0.232723 -0.248541 -0.171827 -0.124363 -0.109773 -0.208345 -0.116134 -0.054628 -0.012025 -0.015197 0.069866 0.047943 -0.192942 -0.248909 -0.231675 -0.464177 -0.085481 -0.004668 -0.062894
-0.062160 1.000000 0.166590 -0.010324 0.063826 -0.128093 0.133862 0.118047 0.138123 0.187599 0.266829 0.244338 0.242069 0.232558 0.169931 0.029231 -0.142491 -0.194512 -0.090369 -0.182286 0.053235 0.007524 -0.204002 -0.266837 -0.241415 -0.331409 0.111937 -0.016345 -0.140747 -0.105552 -0.299375 -0.373723 -0.246411 0.015578 -0.259104 -0.263125 -0.219039 0.027102 -0.012302 0.231864 0.041727 -0.010762 0.038366 -0.058192 -0.094524 0.057675 -0.065664 -0.004540 0.362130 0.204882 0.352422 0.184183 0.029784 -0.186486 -0.058524 0.063323 -0.103066 0.117928 0.230809 0.289007 0.435501 0.259838 0.210353 0.138740 0.159786 0.385488 0.183008 -0.015841 -0.062124 0.025460 0.130079 -0.149674 -0.099584 -0.119323 -0.042842 0.174324 -0.040102 -0.100284 -0.398644 -0.264809 -0.306062 -0.282917 0.028217 -0.186725 -0.139644 -0.107864 0.001190 -0.050194 -0.024834 -0.051611 -0.006289 -0.062610 -0.058984 -0.090455 -0.262819 -0.180710 -0.025782 -0.087947 0.322296 0.081705 -0.025109 0.183976 0.006568 -0.011937 0.081964 -0.105961 0.092504 0.199644 -0.183354 -0.073869 -0.159232 -0.002989 -0.059630 0.084910 -0.125207 0.052095
0.204617 0.166590 1.000000 0.410542 0.057070 0.032515 0.783064 0.484828 0.154820 0.036699 0.432014 0.204733 0.322548 -0.111149 0.293678 -0.362764 -0.326796 -0.279001 0.325851 0.010886 -0.211646 -0.294656 0.635698 0.425630 0.055257 0.037914 -0.221835 -0.079600 -0.198976 -0.501600 0.270690 0.168879 -0.109901 -0.160841 0.087983 0.145791 -0.539079 -0.448843 -0.195156 -0.307972 -0.391227 -0.433678 0.096407 0.173647 -0.131815 0.228510 -0.186197 -0.004879 0.249824 -0.212772 0.552289 -0.297724 -0.406010 -0.391560 -0.127160 -0.385956 -0.506704 -0.417208 0.054485 -0.071579 0.352544 -0.277459 0.099941 -0.296864 0.537090 -0.019466 0.068585 0.318763 -0.183755 0.056425 0.051284 -0.333678 -0.290669 -0.409430 -0.308444 -0.174679 -0.234241 -0.387995 -0.317438 -0.223837 -0.511576 -0.488721 0.040819 -0.145408 0.314875 0.031553 0.292410 -0.093724 0.509232 -0.131902 -0.108791 -0.077860 -0.123690 0.285485 -0.151839 -0.301575 0.144385 -0.194852 -0.025359 -0.228957 -0.238307 0.087523 -0.394803 -0.136875 -0.271016 -0.166290 -0.039499 -0.156267 -0.100969 -0.121086 0.150710 -0.016803 -0.218137 -0.206696 -0.144092 0.054010
0.259634 -0.010324 0.410542 1.000000 0.070846 0.492533 0.377403 0.689222 -0.114117 0.190148 -0.260402 0.361213 -0.344125 -0.082290 0.064215 0.125953 -0.618367 -0.481087 0.126215 0.424175 -0.115518 -0.008203 0.696573 0.845113 0.197627 0.397866 0.123200 0.229464 -0.600548 -0.433183 0.401752 0.568229 -0.359915 -0.273830 0.409007 0.370543 -0.479451 -0.270979 -0.243890 -0.060193 -0.551382 -0.164698 0.229692 0.464441 -0.355161 0.197610 -0.035723 0.251426 -0.238744 -0.537029 0.171917 -0.368731 -0.546043 -0.126545 -0.380535 -0.260089 -0.370411 -0.473237 -0.460974 -0.440205 -0.162446 -0.563481 -0.446161 -0.600381 0.457579 -0.076486 -0.318110 0.231331 0.031008 0.296694 0.005844 -0.166697 -0.636316 -0.230295 -0.441262 0.141624 -0.223555 -0.107057 -0.254707 -0.369523 -0.582766 -0.526148 0.141125 0.358436 0.562695 0.413595 0.379580 0.314624 0.629109 0.303947 0.133790 -0.072071 0.376773 0.176820 -0.179027 -0.250549 0.027097 -0.167897 -0.246842 -0.338069 0.048038 -0.144955 -0.355846 -0.186735 -0.273327 -0.122522 -0.116601 -0.196102 -0.235740 -0.016027 0.313074 0.154257 -0.085383 -0.127591 -0.204638 -0.283737
0.227827 0.063826 0.057070 0.070846 1.000000 0.388032 0.178546 0.148660 0.591917 0.598022 -0.066842 0.246896 -0.005896 0.196379 0.063677 0.433933 -0.077205 -0.160538 -0.031742 0.324601 0.259985 -0.007737 -0.060602 0.123808 0.127760 -0.011998 0.626669 0.251416 -0.063579 -0.067448 0.041835 -0.101378 -0.175803 -0.028211 -0.031443 -0.223595 -0.078144 -0.078063 -0.230021 -0.155468 0.067377 -0.024497 -0.159375 -0.091704 -0.048746 0.090849 -0.240856 -0.338585 -0.234983 0.021659 -0.171273 -0.106502 -0.105875 -0.034935 -0.363318 -0.293327 -0.090859 -0.187848 -0.102350 -0.012879 0.071020 -0.187750 0.014732 -0.094141 0.207738 0.071988 -0.128411 0.055679 0.110208 0.367461 0.217311 0.128922 -0.093709 0.019082 -0.068767 0.121131 -0.144579 -0.018961 -0.177909 -0.168433 -0.030247 -0.045129 0.251173 0.176356 0.064577 0.010163 -0.289666 0.101903 -0.154619 -0.203986 0.116088 0.197098 0.280921 0.268957 -0.446354 -0.187306 -0.317590 -0.335576 -0.268853 -0.094365 0.111925 0.026910 0.078675 0.244259 0.209995 0.208881 0.019044 0.169429 -0.157118 -0.464805 -0.377567 0.083372 0.025874 0.084672 0.047751 -0.081714
0.222228 -0.128093 0.032515 0.492533 0.388032 1.000000 0.023398 0.288732 0.042476 0.386162 -0.402800 0.247686 -0.413091 0.159485 0.016167 0.512105 -0.389230 -0.252108 0.041655 0.306810 0.040899 0.209260 0.397420 0.504852 0.588005 0.699444 0.596841 0.746630 -0.366459 -0.136020 0.529442 0.497838 -0.285036 -0.005783 0.222505 0.287948 -0.216726 -0.180239 0.037557 -0.090217 -0.065016 0.113621 0.068146 0.330993 -0.234429 0.099502 0.021493 0.096265 -0.282012 -0.394831 -0.046847 -0.306774 -0.340885 -0.178396 -0.460966 -0.217476 -0.066048 -0.320066 -0.350840 -0.308096 -0.132024 -0.245386 -0.388742 -0.280810 0.245142 0.037234 -0.219849 0.037324 0.157718 0.255597 0.009959 0.165717 -0.371508 -0.137156 -0.170802 0.190308 -0.133328 -0.142025 -0.115195 -0.165720 -0.290194 -0.252930 0.276001 0.393930 0.502598 0.460252 0.195839 0.426121 0.343616 0.164553 -0.166877 -0.280035 0.081162 -0.240651 -0.282113 -0.226894 -0.169403 -0.259295 -0.226634 -0.238471 0.092406 -0.377909 -0.143748 -0.151235 -0.091002 -0.051554 -0.120061 0.001101 -0.291379 -0.256146 0.086599 0.009879 -0.187686 0.106876 -0.055195 -0.140094
0.172379 0.133862 0.783064 0.377403 0.178546 0.023398 1.000000 0.568036 0.175677 0.131324 0.264907 0.123118 0.282405 -0.013406 0.183332 -0.081552 -0.316272 -0.220069 0.369522 0.065239 -0.193604 -0.237582 0.457928 0.342252 -0.143689 -0.079605 -0.055248 -0.145729 -0.183325 -0.315058 0.317011 0.203910 -0.111770 -0.088196 0.101841 -0.075097 -0.464959 -0.258999 -0.351895 -0.212666 -0.286248 -0.289866 0.004044 0.050676 -0.174416 0.114902 -0.191464 -0.093728 -0.096602 -0.083424 0.236344 -0.266548 -0.315876 -0.191898 -0.276469 -0.344421 -0.339866 -0.262770 0.045154 -0.008732 0.341403 -0.169890 0.178252 -0.087780 0.555457 -0.039446 0.011946 0.200347 -0.210142 0.006882 0.080912 -0.239334 -0.187791 -0.182253 -0.145018 -0.089643 -0.255867 -0.354630 -0.191486 -0.223088 -0.331773 -0.324496 0.108050 -0.035154 0.201670 0.060592 0.094878 0.022198 0.297598 0.021758 -0.213488 -0.216343 -0.018099 0.250572 -0.288269 -0.237162 -0.006972 -0.292728 -0.201803 -0.339138 -0.061433 0.191942 -0.124900 -0.112609 -0.219827 -0.209883 -0.079987 -0.058458 -0.166867 -0.184838 -0.067040 -0.088328 -0.301621 -0.141655 -0.224151 -0.054962
0.288607 0.118047 0.484828 0.689222 0.148660 0.288732 0.568036 1.000000 0.028714 0.437887 -0.110679 0.534807 -0.048603 0.322826 -0.084661 0.147378 -0.474493 -0.236300 0.136245 0.151471 -0.194539 -0.241622 0.360500 0.518992 -0.074325 0.153221 -0.071756 -0.039942 -0.461539 -0.233909 0.218299 0.335548 -0.290262 -0.093590 0.263881 0.142894 -0.483899 -0.318981 -0.402296 -0.127903 -0.557696 -0.217238 -0.039926 0.141631 -0.335056 0.288487 -0.201747 0.040278 -0.209098 -0.251503 0.147801 -0.283973 -0.349667 -0.079634 -0.314118 -0.227491 -0.333534 -0.458235 -0.315896 -0.175598 0.036927 -0.227135 -0.184657 -0.373867 0.604243 0.263683 -0.335800 0.377448 -0.228228 0.017533 -0.052208 -0.383463 -0.452070 -0.238182 -0.449675 0.147778 -0.193755 -0.166485 -0.175647 -0.197222 -0.402260 -0.397558 -0.034620 0.093823 0.312387 0.194536 0.262131 0.215483 0.368806 0.230683 -0.093222 -0.205369 0.385820 0.067345 -0.345405 -0.194356 0.033766 -0.190646 -0.341885 -0.455026 0.239484 0.123145 -0.210277 -0.176963 -0.207670 -0.158781 -0.015159 -0.180467 -0.255335 -0.072404 0.087368 -0.078209 -0.408706 -0.351674 -0.359843 -0.331355
-0.003174 0.138123 0.154820 -0.114117 0.591917 0.042476 0.175677 0.028714 1.000000 0.473974 0.307699 0.303828 0.209783 0.204125 0.293776 0.234571 0.127753 -0.034045 0.048120 0.064522 0.161166 -0.053095 -0.170534 -0.052724 -0.109493 -0.206869 0.254654 0.014998 0.052307 -0.156955 -0.119630 -0.226750 0.024368 0.171725 -0.077048 -0.145506 -0.004195 -0.046597 -0.157184 -0.146362 0.110019 -0.101636 -0.272301 -0.177563 -0.104028 0.061180 -0.306085 -0.309421 -0.027954 -0.076557 0.216128 -0.217202 -0.198655 -0.225697 -0.228039 -0.219667 -0.151020 -0.090581 0.077913 0.139451 0.394058 -0.079076 0.254071 0.169122 0.485918 0.186406 0.072334 0.148398 0.142911 0.245160 0.084701 0.018885 -0.036295 0.000069 0.054701 0.194526 -0.160370 -0.170767 -0.289979 -0.182882 -0.020637 -0.092903 0.053270 -0.079662 -0.019826 -0.190496 -0.100181 -0.034286 -0.013320 -0.261531 -0.065366 0.046027 0.085984 0.276801 -0.369070 -0.152827 -0.183884 -0.221957 -0.190802 -0.094271 0.077068 0.104976 -0.023190 0.030907 -0.036601 -0.080166 -0.076809 0.221139 -0.160789 -0.222808 -0.277468 -0.116209 -0.046419 -0.033705 -0.087637 -0.095096
0.115464 0.187599 0.036699 0.190148 0.598022 0.386162 0.131324 0.437887 0.473974 1.000000 -0.179778 0.526716 0.147382 0.594412 -0.066090 0.653506 -0.204968 -0.181759 -0.082952 0.143897 0.201989 -0.014115 -0.193040 0.030184 0.015417 -0.026143 0.291055 0.097086 -0.064287 0.108613 -0.039940 -0.123989 -0.179046 0.097527 0.022882 -0.020271 -0.059399 0.074276 -0.231065 -0.026595 -0.151876 0.042591 0.010571 0.032039 0.027190 0.357776 -0.115238 -0.006907 -0.143469 -0.003547 -0.080575 -0.118021 -0.115879 0.002026 -0.312893 -0.150891 0.024600 -0.191514 -0.313082 -0.150423 0.058381 -0.120323 -0.170033 -0.147915 0.286318 0.361482 -0.356749 0.065635 0.085586 0.230563 0.259510 -0.081432 -0.081855 0.041511 -0.150195 0.442620 0.008076 -0.082692 -0.186977 -0.175723 -0.066926 -0.116705 0.028249 0.109874 0.129659 0.031351 -0.035339 0.178200 -0.009474 -0.016888 -0.050298 -0.096959 0.287562 -0.005633 -0.579223 -0.296843 -0.191186 -0.383548 -0.054628 -0.109593 0.411314 0.095875 0.066972 -0.142682 -0.142936 -0.175354 -0.123166 -0.100074 -0.424919 -0.244646 -0.262535 0.111970 -0.143775 -0.113034 -0.243981 -0.272666
0.014931 0.266829 0.432014 -0.260402 -0.066842 -0.402800 0.264907 -0.110679 0.307699 -0.179778 1.000000 0.177872 0.558793 -0.044857 0.445665 -0.398229 0.130679 0.143679 0.035352 -0.387521 -0.008121 -0.139132 -0.056915 -0.237097 -0.367896 -0.477712 -0.213754 -0.229054 0.099772 -0.355667 -0.261484 -0.380733 0.151714 0.050287 -0.215100 -0.198210 -0.136915 -0.306669 0.076639 -0.122434 -0.102234 -0.172803 -0.074661 -0.191701 0.010546 -0.107355 -0.150298 -0.180765 0.515072 0.201190 0.491022 0.052987 0.151413 -0.352075 0.265771 -0.163522 -0.404076 -0.085179 0.649937 0.489460 0.723080 0.284919 0.595421 0.277080 0.247272 0.242913 0.467534 0.084883 -0.179113 -0.132242 0.018968 -0.158747 -0.038894 -0.187499 0.034384 -0.164312 -0.189606 -0.320627 -0.194068 -0.083029 -0.148848 -0.279518 0.010989 -0.336034 -0.155215 -0.254829 0.137596 -0.174268 0.155631 -0.341059 -0.166636 0.062059 -0.302120 0.220410 -0.006021 -0.114767 0.084275 -0.036461 0.135028 0.010428 -0.170342 0.179315 -0.024974 0.090516 -0.062254 -0.127930 -0.054380 0.067379 0.116954 -0.112949 -0.159576 -0.304162 -0.093887 -0.078202 0.030791 0.184213
0.128316 0.244338 0.204733 0.361213 0.246896 0.247686 0.123118 0.534807 0.303828 0.526716 0.177872 1.000000 0.104971 0.496919 0.200575 0.261318 -0.377643 -0.173580 -0.208831 -0.005610 -0.014002 -0.156332 0.028234 0.192935 -0.190985 -0.080680 0.040377 0.005572 -0.357241 -0.331251 -0.193764 -0.115990 -0.181094 0.075686 0.123841 0.178454 -0.259618 -0.234488 -0.137790 -0.012170 -0.481425 -0.173162 -0.024018 0.079375 -0.173406 0.309093 -0.204280 0.075448 0.122776 -0.197512 0.318581 -0.191611 -0.319731 -0.231070 -0.223776 -0.132018 -0.375029 -0.410402 -0.110169 -0.013737 0.270095 -0.087497 -0.098526 -0.258789 0.447493 0.577990 -0.239939 0.200147 -0.023764 0.181162 0.058357 -0.274404 -0.447378 -0.243725 -0.432154 0.235301 -0.169630 -0.200585 -0.302617 -0.225049 -0.370814 -0.553228 -0.030161 -0.013195 0.230472 -0.044674 0.219849 0.092835 0.277092 -0.096187 -0.036522 -0.023223 0.397075 0.137532 -0.437491 -0.259879 0.045408 -0.252367 -0.084916 -0.217640 0.345532 -0.006769 -0.123322 -0.040862 -0.023882 -0.117524 -0.031286 0.043830 -0.233355 -0.192972 0.048203 0.010534 -0.102482 -0.206309 -0.228237 -0.283581
-0.056807 0.242069 0.322548 -0.344125 -0.005896 -0.413091 0.282405 -0.048603 0.209783 0.147382 0.558793 0.104971 1.000000 0.361420 0.355680 -0.093353 0.210341 0.168771 0.055510 -0.167043 0.021069 -0.122843 -0.220194 -0.341204 -0.340102 -0.448753 -0.264460 -0.362766 0.555276 0.096353 -0.214603 -0.422095 0.194543 0.188421 -0.395793 -0.350818 -0.031005 -0.001312 -0.072390 0.008970 0.101246 0.021780 -0.127938 -0.296690 0.205727 0.031676 -0.112040 -0.054209 0.381402 0.316351 0.171469 0.096653 0.217407 -0.092803 0.112081 -0.111999 -0.169218 0.102355 0.249282 0.087904 0.470585 0.226420 0.234720 0.181923 -0.041095 0.198981 -0.040996 -0.324539 -0.254558 -0.195430 0.216589 -0.024071 0.462834 0.074173 0.226921 0.000604 0.003193 -0.212025 -0.046939 0.174042 0.152175 0.053979 0.041325 -0.281630 -0.254349 -0.346340 -0.102509 -0.339230 -0.198166 -0.380670 -0.085545 0.126826 -0.311419 0.164811 -0.132909 -0.122938 0.099401 -0.156937 0.344358 0.084829 -0.019025 0.331989 0.029490 -0.012096 -0.051784 -0.006110 -0.095823 -0.043304 -0.073007 -0.023277 -0.193537 0.028745 -0.040947 -0.137541 -0.109770 0.034699
-0.129361 0.232558 -0.111149 -0.082290 0.196379 0.159485 -0.013406 0.322826 0.204125 0.594412 -0.044857 0.496919 0.361420 1.000000 -0.120374 0.586480 0.007166 0.111879 -0.231702 -0.126952 0.033159 0.075196 -0.407854 -0.174419 -0.202987 -0.092817 0.123834 0.041326 0.128526 0.244034 -0.145026 -0.154527 -0.047313 0.347094 -0.103716 -0.075998 -0.036487 0.140220 -0.217786 0.073026 -0.011792 0.221931 -0.200389 -0.203558 0.112052 0.269597 -0.171899 -0.068057 0.049253 0.118601 -0.084483 0.095568 0.117824 -0.032083 -0.251869 -0.059472 0.088928 -0.033188 -0.114902 0.088202 0.149000 0.347350 0.003944 0.199605 0.111521 0.592054 -0.295979 -0.077718 -0.077653 -0.092949 0.107980 -0.011503 0.192747 0.049958 -0.084367 0.328680 0.050237 -0.085533 -0.052995 -0.091707 0.089019 -0.036615 -0.094088 -0.115530 -0.239181 -0.222437 -0.129879 -0.070250 -0.204902 -0.063298 -0.191732 -0.125537 0.078702 -0.249067 -0.384589 -0.161755 -0.084974 -0.195627 -0.018987 -0.102418 0.382284 0.027611 0.139426 -0.120408 0.031079 -0.110822 -0.048600 0.029212 -0.401908 -0.148166 -0.185324 -0.023672 -0.153341 -0.278867 -0.286476 -0.301928
0.118180 0.169931 0.293678 0.064215 0.063677 0.016167 0.183332 -0.084661 0.293776 -0.066090 0.445665 0.200575 0.355680 -0.120374 1.000000 -0.106008 -0.086166 -0.107102 -0.113506 0.124004 0.093770 0.142388 0.353149 0.189120 -0.019313 -0.084128 0.133259 0.192240 0.123934 -0.356113 0.190015 -0.018596 -0.047791 -0.046196 -0.174609 -0.089558 -0.189838 -0.127107 0.139714 0.103837 0.103812 0.124713 -0.102017 0.032522 -0.175366 -0.216957 -0.041050 0.045800 0.250056 -0.177246 0.376374 -0.142940 -0.226911 -0.275457 -0.200286 -0.175033 -0.344656 -0.028317 0.115524 -0.106124 0.444090 -0.058604 -0.014518 0.004608 0.265917 0.088190 0.039415 -0.279367 -0.145223 0.047041 -0.062663 -0.023197 -0.115502 -0.087455 0.129625 0.102817 -0.106182 -0.240889 -0.237495 -0.064804 -0.240867 -0.207195 0.561180 0.238493 0.282151 0.095341 0.259231 0.055828 0.266388 -0.205792 -0.082325 -0.058658 -0.192055 0.261409 -0.160879 -0.190128 -0.102601 -0.144328 0.183546 -0.116116 -0.189654 0.073671 -0.172391 -0.046425 -0.104829 -0.062762 -0.090505 0.105958 -0.099542 0.020636 -0.017180 -0.018920 -0.090137 0.060001 -0.090564 -0.012294
0.007548 0.029231 -0.362764 0.125953 0.433933 0.512105 -0.081552 0.147378 0.234571 0.653506 -0.398229 0.261318 -0.093353 0.586480 -0.106008 1.000000 -0.114562 -0.086883 -0.140857 0.108454 0.202755 0.305300 -0.258760 0.001881 0.069433 0.136000 0.611002 0.406669 0.003130 0.254670 0.106153 0.114928 -0.128585 0.256018 0.087933 -0.102281 0.144033 0.225666 -0.080545 0.150468 0.065844 0.351089 -0.071495 -0.014050 -0.035278 0.028146 -0.036344 -0.023301 -0.319025 0.036319 -0.290500 0.002044 0.038856 0.136234 -0.428265 0.000221 0.190283 0.020053 -0.260066 -0.086393 -0.122348 0.072867 -0.117807 0.146636 0.013526 0.208356 -0.294037 -0.257975 0.115456 0.070073 0.212664 0.339992 0.032406 0.314691 0.108430 0.487469 0.014158 -0.076999 -0.019546 -0.238272 0.170623 0.078422 0.180891 0.375044 0.062014 0.146695 -0.116103 0.271551 -0.166949 0.146457 -0.231688 -0.258095 0.162281 -0.250565 -0.401057 -0.174931 -0.277265 -0.396572 -0.104700 -0.163219 0.466209 -0.052722 0.385307 -0.131334 -0.047264 -0.215013 -0.053568 0.112660 -0.437717 -0.309070 -0.352651 0.009366 -0.062476 0.125761 -0.211725 -0.305713
-0.133427 -0.142491 -0.326796 -0.618367 -0.077205 -0.389230 -0.316272 -0.474493 0.127753 -0.204968 0.130679 -0.377643 0.210341 0.007166 -0.086166 -0.114562 1.000000 0.690481 -0.024464 -0.176401 0.095527 0.002816 -0.454257 -0.473291 -0.112554 -0.270021 -0.117689 -0.154276 0.596997 0.411902 -0.263038 -0.375713 0.319289 0.222587 -0.358649 -0.315094 0.454313 0.307763 0.078850 0.040218 0.452370 0.245776 -0.409399 -0.553749 0.194109 -0.308859 -0.053466 -0.367510 0.045298 0.309093 -0.218972 0.185425 0.339961 0.103912 0.201366 0.058065 0.577205 0.551134 0.233998 0.213050 0.034458 0.324645 0.296359 0.522963 -0.279226 -0.061852 0.135332 -0.297705 0.078633 -0.137372 -0.065516 0.228698 0.615071 0.360436 0.489852 -0.125232 0.145019 0.057295 0.486684 0.467400 0.676446 0.641437 -0.232638 -0.365810 -0.457723 -0.444816 -0.318524 -0.211126 -0.508287 -0.259397 0.011138 0.189500 -0.261090 -0.035220 0.267823 0.220087 -0.021384 0.201261 -0.041575 0.320563 -0.143730 0.186333 0.120276 0.104495 0.044043 0.075841 0.070165 0.020377 0.145290 0.100502 -0.266863 -0.219961 0.105777 0.013131 0.249234 0.236225
-0.024025 -0.194512 -0.279001 -0.481087 -0.160538 -0.252108 -0.220069 -0.236300 -0.034045 -0.181759 0.143679 -0.173580 0.168771 0.111879 -0.107102 -0.086883 0.690481 1.000000 -0.001728 -0.204521 0.102190 0.044549 -0.362165 -0.427635 -0.171663 -0.234809 -0.118065 -0.140045 0.476662 0.374822 -0.297293 -0.353152 0.120976 0.121839 -0.513637 -0.280059 0.248936 0.010998 0.074994 0.062948 0.292282 0.205332 -0.432187 -0.526438 0.079571 -0.300637 -0.091628 -0.287595 0.064054 0.296771 -0.284214 0.237065 0.260390 0.133085 0.277468 0.202263 0.408218 0.328888 0.260685 0.295101 0.168424 0.589590 0.210065 0.488957 -0.177483 0.280289 -0.010210 -0.279418 -0.048562 -0.308179 -0.177030 0.127589 0.498969 0.321594 0.335388 -0.202026 -0.096171 -0.148250 0.528699 0.626082 0.516427 0.458632 -0.227000 -0.260692 -0.358792 -0.368747 -0.186043 -0.256613 -0.383625 -0.219141 -0.087293 0.028477 -0.222322 -0.194245 0.346529 0.384030 0.130000 0.279980 -0.187048 0.159591 -0.055276 0.153839 0.117459 0.075021 0.047866 0.131656 0.147452 0.014020 0.280627 0.162991 -0.216103 -0.478641 -0.207262 -0.089970 0.153288 0.173531
0.256725 -0.090369 0.325851 0.126215 -0.031742 0.041655 0.369522 0.136245 0.048120 -0.082952 0.035352 -0.208831 0.055510 -0.231702 -0.113506 -0.140857 -0.024464 -0.001728 1.000000 0.196893 -0.145802 -0.080820 0.242296 0.080803 0.116847 0.215078 0.003808 0.039650 0.057500 -0.027667 0.277530 0.299307 -0.022070 0.062413 0.068091 -0.065204 -0.110573 -0.091580 -0.055686 -0.142859 -0.051079 -0.162139 -0.151367 -0.101692 -0.259650 -0.133139 -0.074305 -0.064966 -0.221428 -0.257292 -0.019117 -0.388468 -0.178891 -0.186517 0.033251 -0.048146 -0.113339 -0.103608 -0.026095 -0.152442 0.055832 -0.172254 0.203710 -0.053131 0.204468 -0.282443 -0.043673 0.045288 0.095678 0.030505 0.051478 0.078979 0.070218 0.040849 0.018085 -0.094052 -0.112780 -0.211930 -0.007038 -0.085090 0.013236 -0.012585 0.161904 0.106073 0.194991 0.000172 0.124531 0.059382 0.206183 0.169316 -0.117814 -0.107693 -0.245946 0.003913 0.099930 0.015881 0.212544 -0.052826 -0.179942 -0.167206 -0.139719 0.048525 -0.096013 -0.220918 -0.350636 -0.185636 -0.153472 0.024712 0.203356 0.076099 0.080570 -0.158410 -0.232898 0.043467 -0.053181 0.102222
0.334236 -0.182286 0.010886 0.424175 0.324601 0.306810 0.065239 0.151471 0.064522 0.143897 -0.387521 -0.005610 -0.167043 -0.126952 0.124004 0.108454 -0.176401 -0.204521 0.196893 1.000000 0.184029 0.147537 0.356930 0.534347 0.178521 0.226718 0.363835 0.199062 -0.066415 -0.050077 0.288915 0.302138 -0.235213 -0.176084 -0.050557 -0.109786 -0.263181 -0.033823 -0.187379 -0.025680 -0.041106 0.012419 -0.164095 0.011081 -0.277722 -0.086102 -0.045587 0.009777 -0.394324 -0.476265 -0.374281 -0.387241 -0.415936 -0.002597 -0.200796 -0.178374 -0.020014 0.009572 -0.443268 -0.515815 -0.265692 -0.475320 -0.471525 -0.412109 0.036991 -0.275850 -0.454016 -0.094315 0.451667 0.685201 0.100624 0.026930 -0.207872 -0.030060 -0.181959 -0.013726 -0.244926 0.192253 -0.103532 0.005669 -0.132213 -0.037792 0.375165 0.345715 0.320529 -0.018403 0.081408 0.120699 0.088447 0.094684 0.514369 0.326767 0.269261 0.354632 -0.141770 -0.027659 -0.138037 0.019534 -0.225709 -0.030477 -0.042793 -0.120802 -0.289683 0.033455 0.059522 0.257129 -0.142832 0.134694 -0.113763 0.081760 0.089262 0.296010 0.097512 0.049888 0.000029 -0.206489
0.134142 0.053235 -0.211646 -0.115518 0.259985 0.040899 -0.193604 -0.194539 0.161166 0.201989 -0.008121 -0.014002 0.021069 0.033159 0.093770 0.202755 0.095527 0.102190 -0.145802 0.184029 1.000000 0.561048 -0.103083 -0.058644 0.069282 -0.094460 0.437419 0.286548 0.206930 0.098294 -0.054691 -0.209486 0.019967 -0.225929 -0.143539 -0.190798 0.146801 0.055562 0.179691 -0.022443 0.212400 0.324850 0.013560 -0.092077 0.069652 -0.070083 0.136777 -0.150864 0.083446 0.108141 -0.210213 0.240533 0.254637 0.123365 0.158946 -0.011984 0.017604 -0.042692 0.060467 0.011343 -0.123332 0.029858 -0.107883 -0.060180 -0.230267 0.062305 0.008228 -0.113687 0.156751 0.134446 0.441766 0.217759 0.093072 0.277668 0.232319 0.230501 0.084260 0.161963 -0.147550 0.094561 0.004395 0.034071 0.128417 0.188003 -0.114099 -0.180266 -0.113794 -0.032608 -0.194445 -0.297715 0.297136 0.267999 0.179317 0.121890 -0.007080 -0.033645 -0.283010 -0.014327 -0.054387 0.201713 0.023065 0.072564 0.105296 0.100858 0.027461 0.008998 -0.281159 -0.025911 -0.105959 -0.074167 -0.230065 -0.074827 0.124012 0.261138 0.151073 -0.062016
-0.059727 0.007524 -0.294656 -0.008203 -0.007737 0.209260 -0.237582 -0.241622 -0.053095 -0.014115 -0.139132 -0.156332 -0.122843 0.075196 0.142388 0.305300 0.002816 0.044549 -0.080820 0.147537 0.561048 1.000000 -0.032141 0.031691 0.163798 0.182230 0.447866 0.585007 0.153563 0.178279 0.235829 0.198099 -0.200558 0.016149 0.094492 -0.021549 0.120360 0.273391 0.308238 0.336296 0.274470 0.580284 -0.038210 -0.002822 -0.185061 -0.200559 0.101695 0.023261 -0.091690 -0.181231 -0.177217 0.000187 0.103268 -0.062390 -0.133910 0.073891 0.140646 0.198805 -0.001729 -0.052243 -0.148336 0.153066 -0.120146 0.150214 -0.156771 -0.002830 -0.082840 -0.255948 0.178772 0.017682 0.163552 0.376288 0.161296 0.371989 0.275413 0.384528 0.019045 0.087366 -0.113390 -0.028850 0.022898 0.113584 0.305032 0.327162 0.046833 -0.071751 0.110007 0.177606 -0.003321 0.109698 0.062011 -0.090364 -0.126255 -0.210196 0.049403 -0.046999 -0.077055 0.109399 0.028142 -0.072956 -0.016376 -0.150695 0.099050 -0.169929 -0.145329 -0.183343 -0.208103 0.026032 -0.199065 0.238685 0.049233 -0.138537 0.049778 0.079668 -0.186168 -0.319378
0.262973 -0.204002 0.635698 0.696573 -0.060602 0.397420 0.457928 0.360500 -0.170534 -0.193040 -0.056915 0.028234 -0.220194 -0.407854 0.353149 -0.258760 -0.454257 -0.362165 0.242296 0.356930 -0.103083 -0.032141 1.000000 0.809835 0.440165 0.518602 0.006896 0.281069 -0.312323 -0.512313 0.639047 0.604233 -0.209679 -0.334835 0.291096 0.384437 -0.496261 -0.400770 -0.074190 -0.244625 -0.334436 -0.255877 0.189168 0.424921 -0.281340 0.009665 0.041551 0.194728 -0.052679 -0.544145 0.285273 -0.357812 -0.584966 -0.215602 -0.264115 -0.304122 -0.410357 -0.454049 -0.287880 -0.449892 -0.084984 -0.541670 -0.377820 -0.536920 0.371465 -0.310814 -0.123813 0.141703 -0.045055 0.183993 -0.072592 -0.156137 -0.450489 -0.358253 -0.312411 -0.177449 -0.165656 -0.201322 -0.175448 -0.152075 -0.560579 -0.420252 0.287406 0.321133 0.631152 0.373398 0.402504 0.171120 0.660272 0.052312 0.037943 -0.090913 0.070765 0.259921 0.049455 -0.193847 0.069446 -0.092311 -0.137161 -0.225233 -0.248675 -0.115224 -0.435123 -0.103200 -0.247667 -0.030590 -0.157324 -0.249900 -0.021401 0.005231 0.383538 0.118469 -0.097815 -0.028326 0.004846 0.025576
0.198376 -0.266837 0.425630 0.845113 0.123808 0.504852 0.342252 0.518992 -0.052724 0.030184 -0.237097 0.192935 -0.341204 -0.174419 0.189120 0.001881 -0.473291 -0.427635 0.080803 0.534347 -0.058644 0.031691 0.809835 1.000000 0.316847 0.514157 0.144036 0.294760 -0.480225 -0.492672 0.548873 0.676368 -0.257743 -0.262345 0.375848 0.330040 -0.445463 -0.328539 -0.237553 -0.233970 -0.373180 -0.177318 0.079956 0.381576 -0.364536 0.085829 -0.019108 0.149669 -0.258432 -0.627842 0.117050 -0.433178 -0.563105 -0.187222 -0.400790 -0.414292 -0.393776 -0.467941 -0.456354 -0.485227 -0.180510 -0.600145 -0.424274 -0.554782 0.449752 -0.217430 -0.242050 0.267899 0.064020 0.412285 0.027958 -0.115350 -0.565063 -0.260001 -0.409318 -0.019977 -0.202409 -0.068177 -0.194202 -0.261063 -0.524534 -0.422499 0.208960 0.319863 0.533074 0.324119 0.321018 0.293506 0.599016 0.157395 0.194146 0.055141 0.351377 0.297081 -0.157485 -0.264458 -0.083547 -0.114189 -0.296739 -0.293888 -0.039671 -0.152497 -0.411082 -0.064436 -0.137746 0.040762 -0.153980 -0.159400 -0.228067 -0.043170 0.327160 0.209249 -0.007389 -0.147376 -0.105195 -0.232835
-0.053984 -0.241415 0.055257 0.197627 0.127760 0.588005 -0.143689 -0.074325 -0.109493 0.015417 -0.367896 -0.190985 -0.340102 -0.202987 -0.019313 0.069433 -0.112554 -0.171663 0.116847 0.178521 0.069282 0.163798 0.440165 0.316847 1.000000 0.779446 0.223635 0.514980 -0.053264 -0.102814 0.516166 0.400950 -0.106746 -0.105913 0.136849 0.303856 -0.007762 -0.032086 0.197154 -0.210876 0.154966 -0.033480 0.149610 0.294014 -0.094346 -0.062908 0.265251 0.195617 -0.080625 -0.358013 0.032066 -0.162471 -0.240534 -0.083172 -0.155174 -0.102363 -0.008059 -0.205922 -0.372369 -0.346581 -0.315994 -0.353828 -0.413160 -0.311827 -0.075631 -0.295849 -0.027112 -0.001706 0.096437 0.125964 0.088080 0.205430 -0.060708 -0.073866 -0.015412 -0.101114 0.100350 -0.009682 -0.002806 0.060008 -0.201461 -0.019366 0.144507 0.299648 0.260560 0.324852 -0.054545 0.098623 0.182576 -0.072851 0.014791 -0.093046 -0.092066 -0.128991 0.240308 -0.127896 0.074939 0.121004 0.033723 0.020116 -0.203698 -0.218436 -0.217783 -0.001012 -0.074383 0.116420 -0.089546 -0.197677 0.014466 -0.097294 0.363341 0.217749 0.115825 0.225450 0.319705 0.245104
0.077375 -0.331409 0.037914 0.397866 -0.011998 0.699444 -0.079605 0.153221 -0.206869 -0.026143 -0.477712 -0.080680 -0.448753 -0.092817 -0.084128 0.136000 -0.270021 -0.234809 0.215078 0.226718 -0.094460 0.182230 0.518602 0.514157 0.779446 1.000000 0.180687 0.569086 -0.163920 -0.083899 0.680339 0.740908 -0.137761 0.040370 0.375092 0.455848 -0.090223 -0.119649 0.183956 -0.147566 0.021591 0.053210 0.097808 0.387983 -0.211321 0.069130 0.142516 0.261927 -0.284031 -0.495178 -0.012612 -0.366110 -0.340558 -0.164087 -0.324925 -0.109679 -0.106026 -0.281433 -0.488650 -0.458188 -0.402211 -0.394913 -0.409524 -0.380717 0.088545 -0.296356 -0.221316 0.072068 -0.003308 0.073145 -0.122138 0.179637 -0.197008 -0.135926 -0.077041 0.028167 0.078786 -0.031494 0.000971 -0.014371 -0.222835 -0.072639 0.226646 0.456409 0.459333 0.425856 0.257578 0.316048 0.373746 0.234844 -0.189891 -0.312837 -0.070432 -0.263470 0.171829 -0.069803 0.010162 0.014568 -0.158577 -0.223246 -0.139242 -0.366452 -0.314376 -0.269188 -0.211578 -0.060536 -0.142013 -0.223384 -0.028834 0.033117 0.439771 0.118587 -0.138404 0.021046 0.038133 -0.035461
0.224578 0.111937 -0.221835 0.123200 0.626669 0.596841 -0.055248 -0.071756 0.254654 0.291055 -0.213754 0.040377 -0.264460 0.123834 0.133259 0.611002 -0.117689 -0.118065 0.003808 0.363835 0.437419 0.447866 0.006896 0.144036 0.223635 0.180687 1.000000 0.718218 -0.110778 0.014275 0.220514 0.109108 -0.228460 -0.016769 -0.035019 -0.212885 -0.013193 0.002083 0.019699 0.051139 0.240058 0.314139 -0.188293 -0.070618 -0.188676 -0.175316 -0.044444 -0.224085 -0.250830 -0.088017 -0.251432 -0.047232 -0.013358 -0.126361 -0.351836 -0.156646 0.076493 0.010244 -0.031344 0.000178 0.001362 0.031255 -0.045403 0.061432 0.007723 0.073620 -0.040291 -0.161487 0.251828 0.317104 0.195524 0.388388 -0.160122 0.170055 0.111833 0.257724 -0.147018 -0.009009 -0.174547 -0.197775 -0.048056 -0.041243 0.443659 0.421667 0.142095 0.173302 -0.068780 0.344664 -0.022550 0.076976 -0.019378 -0.027422 0.041401 -0.098619 -0.293507 -0.159186 -0.397604 -0.246750 -0.197339 -0.048109 0.088120 -0.200814 0.148955 0.057566 0.132628 -0.001587 -0.066646 0.285347 -0.266422 -0.339638 -0.324531 -0.068193 0.007413 0.349808 0.026166 -0.071776
0.209249 -0.016345 -0.079600 0.229464 0.251416 0.746630 -0.145729 -0.039942 0.014998 0.097086 -0.229054 0.005572 -0.362766 0.041326 0.192240 0.406669 -0.154276 -0.140045 0.039650 0.199062 0.286548 0.585007 0.281069 0.294760 0.514980 0.569086 0.718218 1.000000 -0.172886 -0.072797 0.495111 0.416418 -0.286877 0.012310 0.134495 0.126667 -0.089377 -0.040078 0.306173 0.155802 0.135629 0.388388 -0.118742 0.102474 -0.269372 -0.175110 0.025599 -0.004076 -0.117295 -0.331967 -0.016711 -0.189913 -0.120460 -0.268042 -0.339064 -0.023385 0.019210 -0.108145 -0.067710 -0.117157 -0.117288 -0.013067 -0.183622 -0.068799 0.090277 -0.010929 -0.028906 -0.084214 0.194309 0.137247 -0.008547 0.259214 -0.205258 0.014701 0.020589 0.291288 -0.034201 -0.067800 -0.137934 -0.178020 -0.181439 -0.117323 0.412150 0.450265 0.344985 0.310776 0.178396 0.384373 0.242174 0.141077 -0.216609 -0.273488 -0.155372 -0.305480 -0.067114 -0.120632 -0.142208 -0.078543 -0.084018 -0.174789 -0.035266 -0.370438 -0.085944 -0.190375 -0.104553 -0.175551 -0.082970 0.125859 -0.217522 -0.110185 0.054615 -0.183504 -0.178822 0.145856 -0.094349 -0.115341
-0.053166 -0.140747 -0.198976 -0.600548 -0.063579 -0.366459 -0.183325 -0.461539 0.052307 -0.064287 0.099772 -0.357241 0.555276 0.128526 0.123934 0.003130 0.596997 0.476662 0.057500 -0.066415 0.206930 0.153563 -0.312323 -0.480225 -0.053264 -0.163920 -0.110778 -0.172886 1.000000 0.495704 -0.076146 -0.274116 0.215126 0.144368 -0.304800 -0.270923 0.331725 0.235181 0.116684 0.049815 0.481981 0.269605 -0.172845 -0.372257 0.318501 -0.135021 0.088388 -0.180988 0.079782 0.291787 -0.301727 0.172349 0.355368 0.175815 0.201121 0.122823 0.344129 0.417590 0.089135 -0.035990 -0.039352 0.279350 0.105748 0.317431 -0.433482 -0.109763 -0.141597 -0.555506 -0.043918 -0.274291 0.133932 0.305381 0.810119 0.384620 0.474620 -0.081949 0.175915 0.054170 0.350613 0.444398 0.612741 0.575187 0.065974 -0.059518 -0.267570 -0.426527 -0.255237 -0.326652 -0.498970 -0.263162 -0.050063 0.103533 -0.361698 -0.015035 0.230791 0.206172 -0.014537 -0.005422 0.174259 0.229184 -0.117894 0.190114 0.176685 -0.020641 -0.081977 0.048920 -0.168100 -0.126288 0.169613 0.126987 -0.279297 -0.067070 0.045439 0.060185 0.140548 0.170293
-0.027172 -0.105552 -0.501600 -0.433183 -0.067448 -0.136020 -0.315058 -0.233909 -0.156955 0.108613 -0.355667 -0.331251 0.096353 0.244034 -0.356113 0.254670 0.411902 0.374822 -0.027667 -0.050077 0.098294 0.178279 -0.512313 -0.492672 -0.102814 -0.083899 0.014275 -0.072797 0.495704 1.000000 -0.044456 -0.144525 0.123009 0.265405 -0.206020 -0.222141 0.358841 0.373059 0.100440 0.293878 0.412332 0.436285 -0.079800 -0.207980 0.228179 -0.002068 0.029118 -0.072417 -0.242632 0.323918 -0.529614 0.274275 0.414724 0.363118 0.091469 0.293428 0.616478 0.454972 -0.036814 -0.073054 -0.322239 0.302568 -0.118177 0.263464 -0.467888 -0.079494 -0.295777 -0.407286 0.064635 -0.246188 -0.086122 0.272542 0.669901 0.520531 0.493059 0.101788 0.236435 0.315306 0.381105 0.436311 0.655604 0.693423 -0.124936 -0.022536 -0.280966 -0.145191 -0.204958 -0.031661 -0.594460 0.078220 -0.126085 -0.099520 -0.205560 -0.403898 0.152148 0.327680 -0.082474 0.125434 0.043407 0.122215 0.027302 0.054930 0.176625 -0.237640 -0.057301 -0.101789 0.135339 -0.080265 0.098184 0.204073 -0.261360 -0.040601 -0.102272 -0.099624 -0.084785 -0.097731
0.181339 -0.299375 0.270690 0.401752 0.041835 0.529442 0.317011 0.218299 -0.119630 -0.039940 -0.261484 -0.193764 -0.214603 -0.145026 0.190015 0.106153 -0.263038 -0.297293 0.277530 0.288915 -0.054691 0.235829 0.639047 0.548873 0.516166 0.680339 0.220514 0.495111 -0.076146 -0.044456 1.000000 0.820889 -0.187969 -0.038736 0.354484 0.248813 -0.253884 -0.115319 0.040149 -0.102835 -0.014120 0.083277 0.080386 0.283198 -0.166815 -0.061611 0.122971 0.058408 -0.345752 -0.443027 -0.081883 -0.440502 -0.324872 -0.225888 -0.395859 -0.211747 -0.045299 -0.180800 -0.252499 -0.421070 -0.190179 -0.310552 -0.285227 -0.226943 0.245349 -0.396801 -0.195148 -0.134020 -0.059986 -0.012446 -0.048461 0.133982 -0.083674 -0.027492 0.043052 0.122660 0.003980 -0.030496 0.036166 -0.081543 -0.174353 -0.016699 0.394659 0.463704 0.446107 0.411418 0.232151 0.407193 0.327729 0.226181 -0.320305 -0.464917 -0.140013 -0.071791 -0.002735 -0.034474 -0.126235 -0.093312 -0.235098 -0.396663 -0.137208 -0.149690 -0.165771 -0.305773 -0.293683 -0.206992 -0.157584 -0.179282 -0.073113 -0.013722 0.124348 -0.001781 -0.287819 -0.065876 -0.122342 -0.031072
0.155234 -0.373723 0.168879 0.568229 -0.101378 0.497838 0.203910 0.335548 -0.226750 -0.123989 -0.380733 -0.115990 -0.422095 -0.154527 -0.018596 0.114928 -0.375713 -0.353152 0.299307 0.302138 -0.209486 0.198099 0.604233 0.676368 0.400950 0.740908 0.109108 0.416418 -0.274116 -0.144525 0.820889 1.000000 -0.217867 0.056263 0.536160 0.325851 -0.205263 -0.153069 0.036562 -0.026966 -0.180793 0.051000 0.076693 0.368235 -0.338092 -0.038301 0.046955 0.164048 -0.458571 -0.557236 -0.082772 -0.505839 -0.407721 -0.197422 -0.425130 -0.126925 -0.152208 -0.244747 -0.389617 -0.450595 -0.363717 -0.367662 -0.271348 -0.276136 0.261542 -0.396266 -0.256153 0.072406 -0.047772 0.027370 -0.161804 0.154306 -0.287529 -0.076672 -0.135531 0.151124 -0.063043 -0.049465 0.016735 -0.255167 -0.219964 -0.107395 0.313240 0.534415 0.460160 0.436980 0.337301 0.482733 0.419135 0.440562 -0.253207 -0.399166 -0.005269 -0.103671 0.079785 0.017138 -0.013533 -0.024963 -0.332659 -0.483800 -0.056288 -0.237912 -0.161919 -0.319786 -0.312078 -0.195679 -0.072472 -0.133671 -0.026995 0.114143 0.279013 -0.010387 -0.248314 -0.101780 -0.209131 -0.190243
-0.082396 -0.246411 -0.109901 -0.359915 -0.175803 -0.285036 -0.111770 -0.290262 0.024368 -0.179046 0.151714 -0.181094 0.194543 -0.047313 -0.047791 -0.128585 0.319289 0.120976 -0.022070 -0.235213 0.019967 -0.200558 -0.209679 -0.257743 -0.106746 -0.137761 -0.228460 -0.286877 0.215126 0.123009 -0.187969 -0.217867 1.000000 0.392849 -0.039555 -0.034769 0.382987 0.147700 0.049104 -0.047643 0.190170 0.000879 -0.102739 -0.160792 0.264030 -0.046838 -0.095662 -0.043106 0.063379 0.310306 0.071010 0.215840 0.235101 0.048139 0.266889 0.025823 0.031989 0.134046 0.043653 0.041126 -0.035625 -0.053920 0.204048 0.178117 -0.278783 -0.173860 0.226886 -0.069265 -0.093090 -0.227593 0.001014 0.193506 0.227188 0.187670 0.336557 -0.094162 0.265249 0.022800 0.085990 0.046623 0.241085 0.138041 -0.204090 -0.126555 -0.284850 -0.176656 -0.130089 -0.152245 -0.186727 -0.156039 -0.055797 0.128336 -0.146758 -0.037496 0.141416 0.059055 -0.031240 -0.062854 0.158474 0.186828 -0.117333 0.017786 -0.004951 -0.065922 -0.114115 -0.027349 -0.082750 -0.030232 0.089200 0.065212 -0.005536 0.155887 0.273234 0.153951 0.116041 0.054228
-0.192733 0.015578 -0.160841 -0.273830 -0.028211 -0.005783 -0.088196 -0.093590 0.171725 0.097527 0.050287 0.075686 0.188421 0.347094 -0.046196 0.256018 0.222587 0.121839 0.062413 -0.176084 -0.225929 0.016149 -0.334835 -0.262345 -0.105913 0.040370 -0.016769 0.012310 0.144368 0.265405 -0.038736 0.056263 0.392849 1.000000 0.070372 -0.051181 0.347526 0.097784 0.094446 0.198874 0.222702 0.224491 -0.249055 -0.129903 -0.117286 -0.008789 -0.329739 0.009569 -0.218910 0.072733 -0.043266 -0.157224 -0.071799 -0.247534 -0.309330 0.094385 0.148643 0.262247 -0.075481 -0.046941 0.079690 0.127369 0.193819 0.395263 0.023492 0.057382 -0.101259 -0.145316 0.103295 -0.126897 -0.162486 0.306625 0.152006 0.097415 0.275601 0.210925 0.001360 -0.146687 0.183881 -0.125871 0.277833 0.150929 0.051542 -0.047114 -0.177088 -0.195578 -0.001234 0.151996 -0.233974 -0.020047 -0.394196 -0.254474 -0.303063 -0.297565 -0.022779 0.014776 -0.011092 -0.086129 -0.011735 -0.184441 0.011574 -0.082179 0.005645 -0.254998 -0.150359 -0.171347 0.226515 0.145781 -0.076020 0.115051 0.029893 0.034067 0.027322 0.020700 -0.188977 -0.077683
-0.090101 -0.259104 0.087983 0.409007 -0.031443 0.222505 0.101841 0.263881 -0.077048 0.022882 -0.215100 0.123841 -0.395793 -0.103716 -0.174609 0.087933 -0.358649 -0.513637 0.068091 -0.050557 -0.143539 0.094492 0.291096 0.375848 0.136849 0.375092 -0.035019 0.134495 -0.304800 -0.206020 0.354484 0.536160 -0.039555 0.070372 1.000000 0.615843 -0.032229 0.007075 0.033046 -0.119491 -0.285422 -0.015810 0.365278 0.488810 -0.091527 0.351774 -0.017807 0.106216 -0.387311 -0.333544 0.055208 -0.398534 -0.229705 -0.133020 -0.291408 -0.178128 -0.211688 -0.332575 -0.313039 -0.255096 -0.395780 -0.485194 -0.072893 -0.290137 0.209096 -0.281107 -0.061225 0.370068 -0.068984 -0.017968 0.088921 0.082729 -0.308490 -0.059446 -0.227409 0.241629 0.088325 0.135060 -0.184144 -0.413522 -0.261392 -0.264638 0.018870 0.238688 0.341226 0.218467 0.212098 0.354855 0.360645 0.288425 -0.113479 -0.147193 0.251921 0.082415 -0.016970 -0.155426 0.015158 -0.178313 -0.232144 -0.398625 0.114919 -0.198147 -0.028479 -0.152087 -0.247117 -0.296547 -0.118982 -0.308187 -0.106810 0.067985 0.349986 0.055302 0.116245 -0.118113 -0.261292 -0.342087
-0.125545 -0.263125 0.145791 0.370543 -0.223595 0.287948 -0.075097 0.142894 -0.145506 -0.020271 -0.198210 0.178454 -0.350818 -0.075998 -0.089558 -0.102281 -0.315094 -0.280059 -0.065204 -0.109786 -0.190798 -0.021549 0.384437 0.330040 0.303856 0.455848 -0.212885 0.126667 -0.270923 -0.222141 0.248813 0.325851 -0.034769 -0.051181 0.615843 1.000000 -0.150788 -0.108835 0.035323 -0.219111 -0.261517 -0.166724 0.497162 0.596042 0.180275 0.612796 -0.066219 0.253408 -0.001318 -0.278546 0.256985 -0.173575 -0.340087 -0.127897 -0.172913 -0.146020 -0.067645 -0.412277 -0.292455 -0.279867 -0.284418 -0.394206 -0.371930 -0.436567 0.144362 0.028585 -0.131897 0.343692 -0.001890 -0.052398 -0.118366 -0.090378 -0.273847 -0.259119 -0.238384 0.050163 0.053983 0.081900 -0.086656 -0.159429 -0.344635 -0.316928 -0.154565 0.035854 0.426817 0.273920 0.313453 0.149864 0.524455 0.164049 -0.119224 -0.168416 0.056620 -0.137165 0.010207 -0.207261 0.092113 -0.121878 -0.130587 -0.217938 -0.073550 -0.372095 -0.364273 -0.225949 -0.260700 -0.199008 -0.133470 -0.343007 -0.092090 0.121622 0.528122 0.061906 0.067162 -0.146804 -0.168824 -0.168925
