1.000000 0.516731 0.067913 -0.169088 0.377692 -0.069967 0.198681 -0.186152 -0.064621 -0.295141 0.470342 -0.042463 0.512145 0.081862 0.103690 0.139228 0.357258 0.200363 0.094650 0.228101 0.019921 -0.172610 0.071235 -0.201003 -0.034087 -0.342911 0.313973 -0.039803 0.203209 -0.124960 -0.458832 -0.528398 0.021341 -0.336694 -0.429318 -0.358522 -0.226576 -0.348996 -0.274032 -0.211542 -0.159029 0.013504 -0.082421 -0.192256 0.010620 -0.095052 0.044601 -0.111621 0.136699 0.010147 0.020097 0.263354 0.172251 0.124063 0.064241 -0.082177 0.355435 0.382051 0.194944 0.157077 0.316546 -0.037053 0.331578 0.293533 -0.074037 -0.369122 -0.065103 -0.379639 0.419850 0.328565 -0.255665 -0.385154 0.087965 -0.144408 -0.009527 -0.073903 -0.097385 -0.054711 -0.001108 0.009532 0.161388 0.098102 0.140751 0.095470 0.057687 -0.229810 0.102424 -0.030611 0.040202 0.182095 -0.088023 0.094345 -0.138469 -0.095173 -0.120948 0.089480 0.054891 0.150702 0.057480 0.038159 0.072097 0.108011 -0.059776 0.033632 0.188002 0.236360 0.010283 -0.044518 -0.087765 -0.026560 -0.118284 -0.094128 0.001997 -0.224257 -0.254162 0.186981
0.516731 1.000000 -0.223985 -0.088223 0.054328 -0.171068 0.087140 0.087702 0.088221 -0.070884 0.176956 0.210685 0.185031 0.315222 0.030796 0.305622 0.507459 0.502707 0.207975 0.380555 -0.191956 -0.278265 -0.172593 -0.157842 -0.241348 -0.289183 0.000910 -0.301270 0.226386 0.267787 -0.303284 -0.254259 0.168183 0.072693 -0.424578 -0.383792 -0.068193 -0.250872 -0.270383 -0.156205 -0.271806 -0.021760 -0.137259 -0.133506 -0.162918 -0.270805 -0.256991 -0.141887 -0.149494 0.008422 -0.243890 0.064695 0.225220 -0.040548 0.117023 -0.262177 0.340234 0.425694 -0.146517 0.025982 0.339905 0.283950 0.361202 0.393452 -0.134365 -0.359966 -0.264305 -0.612654 0.504171 0.458275 -0.113362 -0.184523 0.084681 0.148191 0.176173 0.189284 0.180513 0.263991 0.050771 0.176667 0.289977 0.190369 -0.144805 0.014861 -0.024868 -0.206406 0.192978 -0.302705 0.122898 0.117299 0.079845 0.018827 -0.067219 -0.134350 -0.011320 0.077909 -0.164160 0.186912 -0.027527 -0.237528 0.309099 0.115985 -0.291532 0.050527 0.205553 0.222329 0.120216 -0.083866 0.000646 -0.061559 -0.203821 -0.017218 -0.005612 -0.063590 -0.210286 0.064380
0.067913 -0.223985 1.000000 0.366635 0.003953 -0.361889 0.692526 0.425176 0.315466 -0.008502 0.160973 -0.107253 0.414991 -0.046042 0.161640 0.022513 -0.345553 -0.526526 0.102198 -0.011547 -0.272147 -0.360490 0.301804 0.259302 -0.085975 -0.167030 -0.138119 -0.234050 -0.065256 -0.195000 0.208492 0.147538 -0.193860 -0.089926 0.040691 0.021468 -0.336876 -0.169970 -0.071407 -0.284944 -0.077525 0.035710 -0.004722 -0.052329 -0.139485 -0.111658 -0.100378 -0.022916 -0.103521 -0.227855 -0.030533 -0.004317 0.080854 -0.221371 -0.079888 -0.324258 -0.520806 -0.439796 0.285939 0.178726 -0.052160 -0.173722 -0.348908 -0.186847 0.424124 0.235917 0.337446 0.433740 -0.314406 -0.168699 -0.231778 -0.220992 0.082312 -0.004319 -0.005214 -0.049946 0.047341 0.015496 -0.410620 -0.449653 -0.242581 -0.278973 0.030577 0.016687 -0.254387 -0.201496 -0.000903 -0.264328 -0.115380 -0.022877 0.177745 0.234686 0.135838 0.294713 -0.372494 0.038757 -0.150562 -0.366760 -0.004084 -0.232661 0.237825 0.166912 0.055867 -0.121085 -0.152578 0.134703 -0.148846 -0.255757 0.042569 -0.030056 0.179183 0.135593 -0.106697 -0.181426 0.029133 0.395709
-0.169088 -0.088223 0.366635 1.000000 -0.176756 -0.226001 0.250529 0.452230 0.087575 -0.036104 0.069844 0.255260 0.215869 0.164976 0.125412 0.205957 -0.238882 -0.088223 0.222943 -0.141438 -0.459499 -0.332787 0.458388 0.611728 -0.200306 -0.033751 -0.052412 -0.114771 0.039830 0.200826 0.413130 0.513686 -0.240245 0.037035 0.239732 0.168086 0.065962 0.335215 0.128380 0.103405 0.127820 0.242562 -0.173164 -0.252492 -0.531587 -0.496884 -0.486181 -0.163674 -0.290018 -0.507496 -0.084834 -0.248849 0.042533 -0.514336 0.254116 -0.486493 -0.559275 -0.564741 0.043618 0.053958 -0.101829 -0.054933 -0.346046 -0.360819 0.448103 0.385553 0.145163 0.222369 -0.388051 -0.247926 0.097657 0.026956 0.146173 0.414658 0.402278 0.320583 0.557088 0.304611 -0.402379 -0.278061 -0.334255 -0.451374 -0.053684 -0.094776 -0.304392 -0.400201 0.071077 -0.239930 0.348264 0.027147 0.165583 0.221456 0.469867 0.339553 -0.249079 0.107379 -0.357114 -0.291229 -0.148887 -0.245069 0.069821 0.015825 0.075263 0.106821 -0.075990 0.306173 -0.117744 -0.340724 -0.058390 -0.050754 0.041363 -0.043126 0.070299 0.340193 -0.000390 0.428880
0.377692 0.054328 0.003953 -0.176756 1.000000 0.457906 -0.127356 -0.156974 0.192623 0.005382 0.218492 -0.072041 0.275383 0.047194 0.277923 0.253254 0.117271 -0.099514 -0.053917 0.084106 0.306030 0.212350 0.195504 -0.205572 0.246276 0.070490 0.605733 0.443067 0.032115 -0.266192 -0.257525 -0.428632 -0.188997 -0.468424 -0.062806 -0.045558 -0.209357 -0.186408 -0.160274 -0.108939 -0.223094 0.141668 -0.123075 -0.262413 0.063818 -0.018446 0.138096 -0.265749 0.027445 -0.088701 0.139017 0.197045 0.072270 0.053381 0.217929 0.043124 0.265663 0.254059 0.291689 0.007903 0.051603 -0.058482 0.016940 -0.084527 -0.053494 -0.088437 -0.064997 -0.077541 0.327495 0.126165 -0.031716 -0.139359 -0.072705 -0.044260 -0.075682 0.050836 -0.025499 -0.134104 0.155676 -0.035969 0.125945 0.074894 0.404669 0.207245 -0.007217 0.177621 0.176532 0.162523 0.045680 0.174233 -0.098436 -0.074124 -0.203233 -0.205962 -0.157835 -0.098801 0.153740 0.167965 0.037262 0.167305 0.003333 -0.157840 0.046292 0.052626 -0.014904 0.083996 0.021984 0.015825 0.144491 -0.065918 -0.114817 -0.111115 -0.054741 -0.142525 -0.221891 0.058833
-0.069967 -0.171068 -0.361889 -0.226001 0.457906 1.000000 -0.413904 -0.312893 -0.304333 0.262578 -0.020901 0.109211 -0.229007 -0.027279 0.001359 0.085477 -0.261072 -0.132661 -0.219631 -0.123272 0.618456 0.662612 0.014432 -0.113754 0.612053 0.548000 0.439066 0.715876 -0.308872 -0.242233 0.132366 -0.109902 -0.104292 -0.054413 0.048636 0.207568 0.146975 0.115478 0.002026 0.286698 0.057878 0.049609 0.023981 0.038432 -0.068689 0.002242 0.060637 -0.179624 0.002987 -0.123080 0.005234 -0.068844 -0.198697 0.178796 0.144479 0.330368 0.186680 0.154086 0.099873 -0.031649 -0.035834 0.022975 -0.069658 -0.285629 -0.220304 0.145495 0.165006 0.108268 0.111073 -0.061149 0.268171 0.253402 -0.401935 -0.018828 -0.073901 0.115317 -0.002948 -0.150112 0.084908 0.072419 -0.264669 0.018944 0.218958 0.165586 0.007483 0.296574 -0.016589 0.424953 0.208027 0.304589 -0.313858 -0.257368 -0.258599 -0.391609 -0.126046 -0.014661 0.209321 0.182824 -0.274238 0.167016 -0.203806 -0.297928 0.065848 -0.086396 0.072639 -0.067211 0.196068 0.221855 0.167314 -0.138866 -0.147385 -0.256593 -0.053809 0.098803 0.099048 -0.249862
0.198681 0.087140 0.692526 0.250529 -0.127356 -0.413904 1.000000 0.580979 0.353071 0.240587 0.139122 0.086844 0.446613 0.269680 0.368615 0.133468 -0.163030 -0.272170 0.097139 0.127450 -0.397188 -0.436536 -0.013017 0.062065 -0.254566 -0.361077 -0.346040 -0.455410 -0.009622 0.077850 -0.092217 -0.032073 -0.104505 0.166498 -0.052996 -0.017369 -0.067248 -0.280959 -0.020299 -0.170959 -0.051279 0.020062 -0.189540 -0.268740 -0.178153 -0.291481 -0.185023 -0.147771 -0.009260 -0.197358 -0.387835 -0.276002 0.022347 -0.366838 -0.216357 -0.298021 -0.476648 -0.399913 0.339137 0.098782 0.363567 0.235167 -0.219040 -0.008558 0.225633 0.072849 0.106469 0.010298 -0.239485 -0.127169 -0.240541 -0.224926 0.127124 0.110898 0.066453 0.004328 0.214626 0.198833 -0.469899 -0.427331 -0.224223 -0.254184 0.053634 0.056316 -0.271342 -0.412305 -0.172898 -0.356729 0.172300 0.198030 0.099372 0.438835 0.225800 0.300026 -0.285371 -0.084352 -0.161801 -0.278144 -0.146983 -0.306846 0.138533 0.075208 -0.112203 -0.025996 0.082782 0.112375 0.125027 -0.094429 -0.136425 0.084467 0.151640 0.157302 0.198356 -0.133752 0.086145 0.170332
-0.186152 0.087702 0.425176 0.452230 -0.156974 -0.312893 0.580979 1.000000 0.423749 0.382130 -0.204951 0.450998 0.191587 0.609148 0.256260 0.348659 -0.289126 -0.135404 0.031588 -0.062997 -0.460344 -0.362357 -0.090968 0.200700 -0.277124 -0.051872 -0.564565 -0.416259 -0.077953 0.275798 0.114823 0.340619 -0.219452 0.296583 0.066425 0.202536 0.130606 0.117091 0.163247 0.057379 -0.039629 0.347201 -0.419633 -0.466627 -0.609647 -0.640038 -0.554081 -0.309903 -0.253760 -0.516466 -0.389844 -0.400076 0.156567 -0.527913 -0.072253 -0.549785 -0.592164 -0.589654 0.359316 0.243401 0.373906 0.597644 -0.355851 -0.142503 0.233677 0.505765 0.187004 0.098866 -0.405957 -0.333750 0.083127 0.087315 -0.013688 0.316579 0.213777 0.284869 0.423712 0.389091 -0.593990 -0.422030 -0.304552 -0.509975 -0.245421 -0.002489 -0.466503 -0.451919 -0.034385 -0.410021 0.285188 0.254086 0.427236 0.409186 0.470045 0.355057 -0.058998 -0.016720 -0.458363 -0.150772 -0.348852 -0.413041 0.290313 0.016972 -0.248790 0.153698 -0.126631 0.206185 0.033039 -0.308799 0.067261 0.059667 0.084918 -0.066700 0.086843 0.094202 0.160331 0.108425
-0.064621 0.088221 0.315466 0.087575 0.192623 -0.304333 0.353071 0.423749 1.000000 0.259553 -0.060642 0.027668 0.196918 0.233549 0.451313 0.417422 0.124493 0.001689 0.045235 0.262156 -0.349714 -0.498950 -0.008638 -0.201567 -0.454810 -0.373026 -0.158565 -0.342957 0.145565 0.085617 -0.099887 -0.062577 -0.112778 -0.165887 0.044213 -0.065072 -0.305848 -0.373870 -0.000255 -0.404900 -0.429940 0.054294 -0.134855 -0.258124 -0.052804 -0.060696 -0.034638 -0.258440 -0.194055 -0.048184 -0.039093 -0.029778 0.312814 -0.232629 0.075553 -0.468700 -0.165891 -0.068459 0.122045 -0.047227 0.060433 0.319893 -0.199935 0.204706 0.128468 0.061563 -0.262790 -0.016926 -0.039789 0.017845 -0.081624 -0.269193 0.097185 0.019895 -0.060557 0.011939 0.098612 0.171228 -0.139874 -0.026178 0.135187 0.034845 -0.043005 0.100240 -0.089451 0.054927 0.195107 -0.523967 -0.090596 -0.049367 0.462064 0.052637 0.206846 0.189759 -0.112831 -0.104521 -0.464322 -0.343535 0.225072 -0.180656 0.290130 0.015598 -0.299189 -0.117310 -0.040537 0.191030 -0.153714 -0.297651 0.050231 -0.059408 -0.275630 0.299700 0.234098 -0.088773 0.003728 0.187278
-0.295141 -0.070884 -0.008502 -0.036104 0.005382 0.262578 0.240587 0.382130 0.259553 1.000000 -0.162190 0.125768 -0.136140 0.377000 0.578905 0.264964 -0.230747 -0.160162 -0.180495 0.147092 -0.045551 0.090540 -0.325323 -0.156572 0.192433 0.068880 -0.363935 -0.095250 -0.287936 0.200555 -0.069173 0.036228 -0.125741 0.364086 0.229358 0.347267 0.358491 0.055024 0.036796 0.158358 0.059464 0.107888 -0.150893 -0.202589 -0.182675 -0.243267 -0.154994 -0.264029 0.034433 -0.222417 -0.427688 -0.473546 -0.132332 -0.270832 -0.244610 0.000499 -0.281417 -0.243299 0.093816 -0.155033 0.246433 0.486137 -0.304614 -0.219188 -0.229730 0.122859 -0.100233 -0.111314 -0.151577 -0.196813 0.128704 0.170466 -0.214907 0.225318 0.040961 0.147872 0.196737 0.343184 -0.199243 -0.178737 -0.325244 -0.196305 0.283868 0.058118 -0.332840 -0.073942 -0.397299 -0.048845 0.422893 0.256328 -0.007122 0.321413 0.283855 0.179500 -0.023940 -0.104675 0.035474 0.008745 -0.390975 -0.144301 0.003914 -0.113276 0.061079 0.312329 0.273417 -0.036316 0.216351 0.087769 -0.046544 0.172669 0.085780 0.019955 0.328083 0.126116 0.335260 -0.089758
0.470342 0.176956 0.160973 0.069844 0.218492 -0.020901 0.139122 -0.204951 -0.060642 -0.162190 1.000000 0.131627 0.633391 0.102198 0.343100 0.183380 0.133054 0.071863 0.160314 -0.031925 -0.099771 -0.149233 0.400855 0.166482 -0.038202 -0.328214 0.283883 0.077352 0.288670 -0.067900 -0.064188 -0.109478 -0.076495 -0.288343 -0.110446 -0.255798 -0.215246 -0.175960 -0.355045 -0.298039 -0.099474 -0.096588 0.077497 -0.086102 -0.043886 -0.138122 0.044882 -0.276728 -0.020906 -0.074135 -0.111376 0.053086 -0.108479 0.016000 0.035474 -0.095422 0.068591 0.058422 -0.061613 -0.289231 0.122051 -0.088660 0.309636 0.234354 0.226206 -0.253717 -0.171840 -0.233830 -0.019343 0.176873 -0.146359 -0.247893 0.151237 0.056223 0.022781 0.157317 0.030830 -0.013547 0.054845 -0.063645 -0.172264 0.070532 0.298384 0.082414 0.036020 -0.036233 -0.032286 0.021682 0.102525 -0.063722 -0.170004 0.099305 0.111329 0.089263 -0.332208 0.086097 0.142786 0.007547 0.043549 -0.133419 -0.028665 0.091227 0.258201 0.192801 0.035277 0.211891 -0.174054 -0.043904 -0.150086 0.053942 -0.158050 0.008786 0.007095 -0.056299 -0.202817 0.263697
-0.042463 0.210685 -0.107253 0.255260 -0.072041 0.109211 0.086844 0.450998 0.027668 0.125768 0.131627 1.000000 0.241451 0.596524 0.150707 0.362516 -0.224839 0.083806 -0.012288 -0.154716 -0.199197 -0.098853 -0.038516 0.109153 -0.130423 -0.028614 -0.307175 0.054104 0.169294 0.258751 0.015715 0.234651 -0.125009 0.133443 -0.072529 -0.041350 0.231800 0.291835 0.032006 0.111256 0.107067 0.425388 -0.289477 -0.267296 -0.512905 -0.540817 -0.494314 -0.371008 -0.195460 -0.442930 -0.264450 -0.371642 -0.099782 -0.346984 0.065601 -0.387481 -0.359057 -0.373889 0.114080 0.017060 0.069066 0.499988 -0.107096 -0.061985 0.079642 0.433190 -0.002659 -0.014109 -0.333368 -0.233954 0.141543 0.131206 0.040260 0.353557 0.249254 0.483728 0.364560 0.230876 -0.308660 -0.250515 -0.375286 -0.348010 -0.015711 0.216306 -0.164874 -0.207601 -0.070471 -0.165791 0.284585 0.104519 0.021107 0.197995 0.478658 0.248637 -0.015532 -0.021430 -0.313148 -0.049311 -0.422860 -0.257199 0.092939 0.143475 -0.162357 0.197566 0.021083 0.221571 0.162979 0.011930 -0.000747 -0.129352 -0.087362 0.031173 0.089404 0.383260 0.226283 -0.042774
0.512145 0.185031 0.414991 0.215869 0.275383 -0.229007 0.446613 0.191587 0.196918 -0.136140 0.633391 0.241451 1.000000 0.400273 0.456065 0.427627 0.133291 0.043200 0.215975 0.086787 -0.389996 -0.496265 0.238822 0.062834 -0.398856 -0.494999 0.047691 -0.185896 0.513154 0.052886 -0.245574 -0.239193 -0.187390 -0.285967 -0.220517 -0.319770 -0.246218 -0.187329 -0.190369 -0.351582 -0.066370 0.159804 -0.100892 -0.326568 -0.269239 -0.413639 -0.172151 -0.224023 -0.061483 -0.288953 -0.152573 0.072816 0.165720 -0.170707 0.111915 -0.383716 -0.219409 -0.167765 0.250203 0.082648 0.190638 0.078499 0.239755 0.166894 0.187998 -0.131084 -0.137163 -0.253154 -0.129245 -0.088145 -0.176331 -0.312950 0.358998 0.204831 0.210890 0.229849 0.212305 -0.015379 -0.199399 -0.199471 0.016320 0.000671 0.167379 0.188789 -0.036735 -0.339367 0.151534 -0.266864 0.048186 -0.029938 0.189635 0.340853 0.256362 0.287641 -0.318206 0.139049 -0.135864 -0.122963 0.111929 -0.193149 0.067380 0.280097 -0.013025 0.186366 0.089998 0.308697 -0.200460 -0.190915 -0.038777 0.015918 -0.058544 0.131286 0.184228 -0.045602 -0.070278 0.455960
0.081862 0.315222 -0.046042 0.164976 0.047194 -0.027279 0.269680 0.609148 0.233549 0.377000 0.102198 0.596524 0.400273 1.000000 0.382320 0.579247 -0.064205 0.165943 0.029438 0.031901 -0.353395 -0.255494 -0.110610 -0.013241 -0.257682 -0.142071 -0.320699 -0.202804 0.249055 0.424160 -0.068066 0.045322 -0.137344 0.221552 -0.031081 -0.008567 0.215964 0.070028 0.052767 -0.050798 -0.004902 0.391271 -0.511097 -0.577139 -0.488152 -0.690810 -0.473578 -0.363839 -0.061163 -0.462027 -0.422541 -0.239215 0.117398 -0.327254 -0.138787 -0.351188 -0.408496 -0.388564 0.344234 0.246170 0.437882 0.725463 0.069255 0.174738 -0.067297 0.151823 -0.123641 -0.315922 -0.246684 -0.274135 -0.058676 0.005578 0.138873 0.423511 0.339561 0.416653 0.345223 0.231487 -0.395015 -0.310976 -0.196016 -0.304774 -0.012632 0.255416 -0.212469 -0.534528 0.046172 -0.293200 0.305525 0.229109 0.276902 0.468669 0.475241 0.297528 0.040026 0.003708 -0.269919 0.059954 -0.359515 -0.291311 0.117821 0.140581 -0.206221 0.357071 0.097298 0.144616 -0.091842 -0.140596 0.088076 0.139164 0.049425 0.038633 0.292744 0.086441 0.214817 0.000191
0.103690 0.030796 0.161640 0.125412 0.277923 0.001359 0.368615 0.256260 0.451313 0.578905 0.343100 0.150707 0.456065 0.382320 1.000000 0.583611 0.053640 0.046460 0.161851 0.326893 -0.223032 -0.260678 -0.064455 -0.187944 -0.153153 -0.455898 -0.182615 -0.199708 0.233978 0.309389 -0.306707 -0.219046 -0.137802 -0.066622 0.124546 0.010037 0.159039 -0.048493 -0.049936 -0.184714 -0.067214 0.212251 -0.259438 -0.420607 -0.141236 -0.349833 -0.000555 -0.435808 -0.061790 -0.239368 -0.402597 -0.280004 0.029588 -0.220585 0.012943 -0.145178 -0.255825 -0.235447 0.075528 -0.293456 0.171292 0.320279 -0.114345 0.041696 -0.081206 -0.147644 -0.434468 -0.293327 -0.126079 -0.128364 -0.098033 -0.228168 0.185527 0.330554 0.216863 0.232473 0.300278 0.210378 -0.053922 -0.173437 -0.153808 0.055804 0.511305 0.244281 -0.230931 -0.157752 -0.242121 -0.201455 0.333829 0.169508 0.107108 0.466024 0.421814 0.350950 -0.163230 0.092076 -0.049482 -0.132215 -0.059397 -0.042351 -0.074520 -0.031456 0.082383 0.402982 0.274115 0.127811 0.002614 0.004311 -0.062014 0.160585 -0.061888 0.189783 0.359262 0.175580 0.235233 0.243068
0.139228 0.305622 0.022513 0.205957 0.253254 0.085477 0.133468 0.348659 0.417422 0.264964 0.183380 0.362516 0.427627 0.579247 0.583611 1.000000 0.168401 0.279480 0.213528 0.147781 -0.209702 -0.290381 0.026001 -0.138680 -0.372929 -0.288871 -0.048260 -0.108869 0.403440 0.435733 -0.055190 -0.054500 0.118104 0.014843 -0.130200 -0.184086 0.004011 -0.048937 -0.099192 -0.317877 -0.144317 0.228237 -0.331112 -0.470973 -0.391287 -0.477558 -0.270068 -0.449634 -0.261579 -0.350943 -0.316678 -0.128204 0.262962 -0.245890 0.221826 -0.398961 -0.118241 -0.091871 0.090037 -0.045940 0.297775 0.501257 0.095037 0.282828 -0.017637 -0.014309 -0.340713 -0.350726 -0.037066 -0.090527 -0.160021 -0.217657 0.241555 0.314496 0.246505 0.475925 0.354718 0.155661 -0.120911 0.012233 0.064409 0.090599 0.077168 0.392081 -0.110276 -0.100259 0.223671 -0.206648 0.311089 0.219061 0.238913 0.076714 0.351207 0.005897 -0.162640 0.085966 -0.455027 -0.080625 -0.218735 -0.252056 0.066646 -0.105742 -0.170653 0.151897 0.173463 0.160855 -0.207665 -0.205080 0.172800 -0.028115 -0.324948 0.060592 0.255468 0.072872 0.072988 0.180605
0.357258 0.507459 -0.345553 -0.238882 0.117271 -0.261072 -0.163030 -0.289126 0.124493 -0.230747 0.133054 -0.224839 0.133291 -0.064205 0.053640 0.168401 1.000000 0.713726 0.221228 0.268175 -0.203370 -0.394551 -0.245496 -0.346182 -0.478860 -0.545348 0.067296 -0.359307 0.513310 0.287928 -0.472434 -0.475310 0.311497 -0.226475 -0.265596 -0.496802 -0.166773 -0.247848 -0.237683 -0.227377 -0.351927 -0.180978 0.025127 -0.027999 0.312297 0.184236 0.196128 0.017117 0.023368 0.394720 -0.080803 0.269343 0.294640 0.152860 0.072001 -0.034968 0.607384 0.593945 -0.348122 -0.161470 0.179871 0.019853 0.617383 0.636241 -0.232087 -0.632365 -0.595284 -0.698307 0.498115 0.381173 -0.159846 -0.424033 0.411570 -0.062939 0.076501 0.003453 0.015111 0.024614 0.565195 0.525282 0.759303 0.671927 0.056046 0.055452 0.359390 0.123286 0.222231 -0.153441 -0.134978 -0.181496 0.034840 -0.167056 -0.152536 -0.191268 0.070426 0.159831 -0.077427 0.212086 0.392007 0.090876 -0.038035 0.093474 -0.184131 0.002965 0.108101 0.085126 0.001915 -0.027371 -0.044411 0.260536 -0.271979 0.023212 0.157559 -0.108560 -0.376053 0.152994
0.200363 0.502707 -0.526526 -0.088223 -0.099514 -0.132661 -0.272170 -0.135404 0.001689 -0.160162 0.071863 0.083806 0.043200 0.165943 0.046460 0.279480 0.713726 1.000000 0.147613 0.201399 -0.315906 -0.301451 -0.279751 -0.278879 -0.405533 -0.469423 -0.079083 -0.342806 0.529468 0.547592 -0.311555 -0.287529 0.432016 0.038047 -0.327766 -0.435239 0.062696 -0.087775 -0.229677 -0.200369 -0.143838 -0.093175 -0.155329 -0.199977 0.070685 -0.051573 -0.089772 -0.203872 -0.060997 0.211723 -0.223484 0.049762 0.130372 0.092036 0.042344 -0.083298 0.415396 0.363402 -0.342461 -0.140806 0.170544 0.256008 0.538061 0.577815 -0.214280 -0.396690 -0.538187 -0.677892 0.321521 0.208892 -0.078812 -0.278626 0.394180 0.161562 0.292531 0.110797 0.213259 0.095639 0.461004 0.549662 0.557097 0.543613 -0.101959 0.088614 0.292302 0.034204 0.133725 -0.069404 -0.011573 -0.063568 0.054395 -0.100546 0.088264 -0.061510 0.067701 0.236890 -0.228382 0.261053 0.262195 0.165744 -0.141222 0.134085 -0.156906 0.059682 0.110236 0.235092 -0.065650 0.014637 -0.022097 0.203148 -0.401021 0.033244 0.060214 0.133767 -0.155743 0.038670
0.094650 0.207975 0.102198 0.222943 -0.053917 -0.219631 0.097139 0.031588 0.045235 -0.180495 0.160314 -0.012288 0.215975 0.029438 0.161851 0.213528 0.221228 0.147613 1.000000 0.455161 -0.315868 -0.344637 0.073119 -0.031239 -0.402540 -0.289378 -0.059482 -0.227537 0.553409 0.341401 0.067832 -0.014092 0.238696 0.040905 -0.241667 -0.335221 0.081090 0.186700 0.151034 0.011014 0.086993 0.295293 0.033556 0.022150 -0.082777 -0.205516 -0.027065 0.109425 -0.101193 -0.045584 -0.262964 -0.025472 0.279455 0.062690 0.168937 -0.140387 -0.130109 -0.092424 -0.396578 -0.183729 -0.158233 -0.258783 0.307988 0.218016 -0.068227 -0.359482 -0.223499 -0.188599 0.043632 -0.207434 -0.136186 -0.261987 0.450461 0.290956 0.315344 0.225836 0.338961 0.202711 0.075632 -0.022622 0.189476 0.181495 -0.024938 0.347882 -0.238505 -0.197740 0.108257 -0.327592 -0.237437 -0.222112 0.245657 0.181525 -0.015976 0.033561 -0.179000 0.207548 -0.219736 -0.350957 0.274121 -0.005434 0.289157 0.107840 -0.120945 0.107219 -0.067376 -0.037622 -0.239939 -0.276480 0.045877 -0.052659 -0.040234 0.210694 0.244500 -0.029905 0.038056 0.359970
0.228101 0.380555 -0.011547 -0.141438 0.084106 -0.123272 0.127450 -0.062997 0.262156 0.147092 -0.031925 -0.154716 0.086787 0.031901 0.326893 0.147781 0.268175 0.201399 0.455161 1.000000 -0.243816 -0.226150 -0.223930 -0.477289 -0.172953 -0.318594 -0.077771 -0.298859 0.309277 0.353314 -0.291315 -0.316568 0.161763 0.076474 -0.299514 -0.353888 0.075908 -0.159238 0.002782 -0.139948 0.076723 0.176946 0.028989 -0.042994 0.136000 -0.027486 0.118232 -0.035021 0.118451 0.181873 -0.121137 0.105728 0.402847 0.208838 0.144667 -0.001028 -0.003992 0.171029 -0.288835 -0.083400 -0.131076 -0.107628 0.191496 0.221791 -0.441908 -0.533748 -0.334152 -0.387234 0.284619 0.059258 -0.035647 -0.331853 0.288396 0.227789 0.228279 0.030278 0.169148 0.171550 0.193944 -0.000741 0.294615 0.338549 0.168536 0.363147 -0.345081 -0.059693 0.002537 -0.302161 -0.133630 -0.075508 0.167128 0.173261 -0.055303 0.091779 -0.245001 0.081829 -0.119985 -0.260163 0.291078 0.010938 0.422802 0.178431 -0.150640 0.068970 0.224546 0.076584 -0.123259 -0.047873 -0.025877 -0.111740 -0.291045 0.315968 0.139345 -0.052012 0.185867 0.145703
0.019921 -0.191956 -0.272147 -0.459499 0.306030 0.618456 -0.397188 -0.460344 -0.349714 -0.045551 -0.099771 -0.199197 -0.389996 -0.353395 -0.223032 -0.209702 -0.203370 -0.315906 -0.315868 -0.243816 1.000000 0.795630 -0.022674 -0.118967 0.682801 0.557398 0.390488 0.689939 -0.457531 -0.523680 0.086931 -0.122190 0.038220 -0.119615 0.170482 0.157300 -0.034503 -0.012885 0.035667 0.259587 -0.050948 -0.209734 0.117426 0.232355 0.237764 0.349346 0.402908 0.076376 0.013967 0.149421 0.281851 0.190317 -0.184321 0.437587 0.057398 0.553983 0.439632 0.376232 0.000345 -0.055371 -0.104501 -0.209245 -0.057512 -0.214491 -0.174061 0.031951 0.239208 0.235180 0.264370 0.198298 0.085813 0.246065 -0.524638 -0.456286 -0.432005 -0.316383 -0.428641 -0.435334 0.236329 0.079866 -0.198240 0.068052 0.200882 0.046412 0.195844 0.371016 -0.136012 0.617093 0.025350 0.299417 -0.426790 -0.345910 -0.521255 -0.496455 0.094747 -0.107532 0.448618 0.259396 -0.153410 0.264979 -0.335096 -0.267699 0.034640 -0.212259 0.064136 -0.331065 0.117796 0.356805 0.073880 -0.183110 0.140434 -0.334437 -0.279532 -0.154430 0.008288 -0.417159
-0.172610 -0.278265 -0.360490 -0.332787 0.212350 0.662612 -0.436536 -0.362357 -0.498950 0.090540 -0.149233 -0.098853 -0.496265 -0.255494 -0.260678 -0.290381 -0.394551 -0.301451 -0.344637 -0.226150 0.795630 1.000000 -0.022584 0.000361 0.759283 0.719115 0.374926 0.731010 -0.528329 -0.383222 0.199732 0.089411 -0.047682 0.126763 0.245395 0.351262 0.194312 0.166598 0.099416 0.352820 0.175368 -0.153407 0.158276 0.211361 0.111817 0.225343 0.252713 0.091862 -0.003189 0.031599 0.139669 -0.035449 -0.358039 0.292018 0.022399 0.526727 0.302183 0.247427 0.007031 -0.138419 -0.094587 -0.145566 -0.175663 -0.367636 -0.165068 0.143140 0.285574 0.266819 0.185124 0.130143 0.194215 0.490022 -0.584843 -0.292701 -0.405360 -0.167229 -0.328245 -0.259515 0.138830 0.036790 -0.319449 -0.085326 0.123388 0.006945 0.053938 0.335796 -0.193292 0.618371 0.134235 0.274748 -0.467804 -0.293745 -0.397476 -0.435373 0.110679 -0.215710 0.459067 0.284143 -0.346822 0.117611 -0.337114 -0.383214 0.145481 -0.112249 0.015127 -0.318984 0.132364 0.309719 0.004577 -0.136227 0.150560 -0.378987 -0.252987 -0.077279 0.075273 -0.527793
0.071235 -0.172593 0.301804 0.458388 0.195504 0.014432 -0.013017 -0.090968 -0.008638 -0.325323 0.400855 -0.038516 0.238822 -0.110610 -0.064455 0.026001 -0.245496 -0.279751 0.073119 -0.223930 -0.022674 -0.022584 1.000000 0.659330 0.134263 0.226644 0.517411 0.387397 -0.038807 -0.257029 0.508725 0.429408 -0.294412 -0.300012 0.210013 0.169511 -0.364924 0.015713 -0.065935 -0.176377 -0.077314 -0.007998 -0.042280 -0.163756 -0.180875 -0.116582 -0.225655 -0.130859 -0.158943 -0.253183 0.245482 0.171030 -0.121442 -0.156094 0.098881 -0.300845 -0.178069 -0.185560 0.112553 0.027628 -0.248679 -0.380229 -0.241748 -0.297947 0.627548 0.212817 0.222582 0.372472 -0.142301 -0.004490 -0.113522 -0.030867 0.016598 0.073089 0.081497 0.232960 0.082675 -0.068989 -0.210952 -0.195473 -0.308719 -0.405409 0.063303 -0.162666 -0.084263 -0.089505 0.328029 0.065574 0.025555 -0.044335 -0.059409 -0.009541 0.123113 0.035198 -0.194064 -0.045808 -0.048196 -0.152945 -0.042921 -0.227719 0.042768 -0.011357 0.212546 -0.056317 -0.235429 0.115779 -0.384465 -0.091632 0.152201 -0.109493 0.046956 -0.124252 -0.123225 -0.031252 -0.198386 0.279488
-0.201003 -0.157842 0.259302 0.611728 -0.205572 -0.113754 0.062065 0.200700 -0.201567 -0.156572 0.166482 0.109153 0.062834 -0.013241 -0.187944 -0.138680 -0.346182 -0.278879 -0.031239 -0.477289 -0.118967 0.000361 0.659330 1.000000 0.128305 0.321231 0.120486 0.186067 -0.230457 -0.226004 0.568745 0.691815 -0.333301 0.011328 0.338733 0.389169 -0.124382 0.192912 0.028541 0.119081 -0.050605 -0.041117 0.013694 -0.065292 -0.382800 -0.254965 -0.433865 0.104571 -0.203039 -0.342576 0.116577 -0.058042 -0.209004 -0.257788 -0.016831 -0.354091 -0.308395 -0.361237 0.023414 0.052470 -0.130267 -0.214310 -0.332538 -0.490212 0.614880 0.458507 0.315942 0.415313 -0.273046 -0.058065 0.108400 0.239044 -0.148995 0.120748 0.059133 0.213735 0.136247 0.112897 -0.391483 -0.209676 -0.465248 -0.611098 -0.182389 -0.415792 -0.105185 -0.338008 0.125855 -0.013005 0.149451 0.037507 -0.014742 0.170707 0.250100 0.121611 0.028806 0.007812 -0.072967 -0.050575 -0.218563 -0.314556 0.044496 -0.047281 0.202606 0.139447 -0.209159 0.001325 -0.104820 -0.154197 -0.003363 0.027383 0.352309 -0.255162 -0.088417 0.186839 -0.045213 0.123625
-0.034087 -0.241348 -0.085975 -0.200306 0.246276 0.612053 -0.254566 -0.277124 -0.454810 0.192433 -0.038202 -0.130423 -0.398856 -0.257682 -0.153153 -0.372929 -0.478860 -0.405533 -0.402540 -0.172953 0.682801 0.759283 0.134263 0.128305 1.000000 0.677441 0.332261 0.645230 -0.647389 -0.437567 0.196212 0.074221 -0.181424 0.036667 0.167657 0.358210 0.085093 0.045519 -0.124010 0.296646 0.132756 -0.146755 0.034571 0.078578 0.091274 0.127451 0.048572 -0.056313 0.161827 -0.043834 0.164979 0.020793 -0.321757 0.197016 -0.052923 0.460804 0.130272 0.082278 0.115654 0.036694 -0.128130 -0.215854 -0.321470 -0.518232 -0.014899 0.198593 0.426708 0.297209 0.115517 0.139984 0.179887 0.309232 -0.561544 -0.192279 -0.198463 -0.182708 -0.239301 -0.207834 0.021388 -0.166296 -0.481808 -0.254874 0.274090 -0.122663 -0.113535 0.178075 -0.295216 0.546185 0.209663 0.338804 -0.465776 -0.082686 -0.267391 -0.181361 -0.063879 -0.185368 0.505145 0.253420 -0.278077 0.228207 -0.225007 -0.079508 0.290372 0.002742 0.121893 -0.130184 0.264374 0.352791 -0.034996 -0.142942 0.176861 -0.324471 -0.264570 0.028570 0.084644 -0.242620
-0.342911 -0.289183 -0.167030 -0.033751 0.070490 0.548000 -0.361077 -0.051872 -0.373026 0.068880 -0.328214 -0.028614 -0.494999 -0.142071 -0.455898 -0.288871 -0.545348 -0.469423 -0.289378 -0.318594 0.557398 0.719115 0.226644 0.321231 0.677441 1.000000 0.290768 0.682133 -0.637343 -0.369389 0.548308 0.485604 -0.154446 0.252313 0.221814 0.571599 0.055570 0.223533 0.193794 0.421690 0.172620 0.008810 0.064810 0.125924 -0.214272 -0.034760 -0.164898 0.105479 -0.138467 -0.216871 0.189132 -0.016756 -0.231554 0.047520 0.018742 0.180453 0.011687 -0.028677 0.102581 0.084206 -0.142302 -0.153340 -0.375179 -0.555979 0.101887 0.432127 0.562887 0.471754 -0.065605 -0.032451 0.377512 0.567756 -0.582428 -0.093260 -0.154016 0.032001 -0.156544 -0.111646 -0.201353 -0.127089 -0.415504 -0.428103 -0.217227 -0.176826 -0.175297 0.133152 0.010726 0.348597 0.081390 0.154742 -0.134084 -0.208676 -0.282373 -0.359417 0.152590 -0.264406 0.183082 0.147708 -0.373121 -0.073094 0.005994 -0.264177 0.052542 -0.108950 -0.025959 -0.193791 0.137978 0.107971 0.180701 -0.214314 0.200885 -0.469897 -0.257915 0.033389 0.100796 -0.306166
0.313973 0.000910 -0.138119 -0.052412 0.605733 0.439066 -0.346040 -0.564565 -0.158565 -0.363935 0.283883 -0.307175 0.047691 -0.320699 -0.182615 -0.048260 0.067296 -0.079083 -0.059482 -0.077771 0.390488 0.374926 0.517411 0.120486 0.332261 0.290768 1.000000 0.613881 -0.070520 -0.380530 0.106054 -0.145363 -0.092094 -0.373547 0.022647 -0.000821 -0.303067 -0.221293 -0.151263 -0.091956 -0.111480 -0.142007 0.187607 0.030784 0.175753 0.203600 0.195461 -0.001313 0.008696 0.035674 0.338257 0.366990 -0.087869 0.206905 0.292205 0.134699 0.450605 0.440161 0.071499 -0.095865 -0.142238 -0.427478 0.040315 -0.098740 0.193238 -0.108489 0.102865 0.064155 0.403049 0.337635 -0.018963 -0.010945 -0.226810 -0.200524 -0.197131 -0.006007 -0.179589 -0.260482 0.190660 0.165991 0.062422 0.078011 0.101503 -0.003886 0.256053 0.293595 0.337689 0.286848 0.000655 0.108496 -0.273951 -0.393471 -0.402640 -0.485215 -0.140155 -0.157777 0.155256 0.124099 0.118615 0.051418 -0.136872 -0.322947 0.113188 -0.296898 -0.006705 -0.044241 -0.170213 -0.103345 0.082570 -0.163577 -0.141829 -0.257526 -0.180438 -0.146908 -0.370047 0.040044
-0.039803 -0.301270 -0.234050 -0.114771 0.443067 0.715876 -0.455410 -0.416259 -0.342957 -0.095250 0.077352 0.054104 -0.185896 -0.202804 -0.199708 -0.108869 -0.359307 -0.342806 -0.227537 -0.298859 0.689939 0.731010 0.387397 0.186067 0.645230 0.682133 0.613881 1.000000 -0.344184 -0.473421 0.319243 0.110784 -0.143060 -0.159545 0.185435 0.263813 -0.021868 0.158436 0.021364 0.233969 0.137945 0.008206 0.059498 0.071669 -0.048235 0.072081 0.059189 -0.078301 -0.041254 -0.192193 0.290427 0.118224 -0.278383 0.154102 0.180809 0.202120 0.191254 0.153350 0.091714 -0.075192 -0.268436 -0.306269 -0.236131 -0.480568 0.084492 0.293362 0.328519 0.382053 0.122595 0.073676 0.165412 0.298584 -0.423708 -0.167610 -0.229104 0.019826 -0.155291 -0.270715 0.049725 0.033692 -0.354752 -0.195605 0.218600 0.007223 0.081179 0.303036 0.082759 0.554254 0.151155 0.162740 -0.415628 -0.307245 -0.327653 -0.366670 -0.067059 -0.273195 0.316467 0.159552 -0.254579 0.133082 -0.213959 -0.294022 0.184674 -0.101793 0.011623 -0.142086 -0.007431 0.245539 0.088912 -0.261290 0.076104 -0.316296 -0.181496 -0.040817 -0.024434 -0.268394
0.203209 0.226386 -0.065256 0.039830 0.032115 -0.308872 -0.009622 -0.077953 0.145565 -0.287936 0.288670 0.169294 0.513154 0.249055 0.233978 0.403440 0.513310 0.529468 0.553409 0.309277 -0.457531 -0.528329 -0.038807 -0.230457 -0.647389 -0.637343 -0.070520 -0.344184 1.000000 0.507008 -0.213189 -0.231195 0.309897 -0.111572 -0.220658 -0.529241 -0.084484 -0.009771 -0.047998 -0.329200 0.019307 0.152004 -0.045137 -0.165397 0.059316 -0.124137 0.052962 -0.091015 -0.080373 0.080516 -0.196245 0.060722 0.144120 0.035916 0.073097 -0.215719 -0.038209 0.004593 -0.227445 -0.168551 -0.086525 -0.008317 0.564201 0.528010 -0.085386 -0.418896 -0.522454 -0.425887 0.000742 -0.148273 -0.320676 -0.463989 0.781890 0.248759 0.345149 0.268695 0.260865 -0.009594 0.344889 0.273144 0.494281 0.477192 0.076166 0.460757 0.181720 -0.092242 0.143617 -0.244855 -0.295515 -0.397935 0.186219 0.079561 0.193534 0.126925 -0.080916 0.273607 -0.265526 -0.138119 0.330811 0.018794 -0.039398 0.333830 -0.098855 0.165826 0.092568 0.095196 -0.346219 -0.130733 0.085700 0.068285 -0.208134 0.351507 0.242165 0.118129 0.014815 0.303769
-0.124960 0.267787 -0.195000 0.200826 -0.266192 -0.242233 0.077850 0.275798 0.085617 0.200555 -0.067900 0.258751 0.052886 0.424160 0.309389 0.435733 0.287928 0.547592 0.341401 0.353314 -0.523680 -0.383222 -0.257029 -0.226004 -0.437567 -0.369389 -0.380530 -0.473421 0.507008 1.000000 -0.082584 0.056058 0.410933 0.433354 -0.049732 -0.126783 0.329472 0.252738 0.091284 -0.083892 0.231328 0.300302 -0.359846 -0.393613 -0.159721 -0.384112 -0.249472 -0.376189 -0.132336 -0.115485 -0.481418 -0.282321 0.060458 -0.176989 -0.064805 -0.191192 -0.222412 -0.222870 -0.119404 -0.142940 0.107152 0.340607 0.137847 0.362086 -0.162644 -0.183817 -0.363349 -0.421098 -0.139068 -0.217877 -0.097119 -0.233578 0.538207 0.592576 0.555069 0.447738 0.524500 0.350742 0.153309 0.131641 0.239262 0.189244 -0.001146 0.322777 -0.140192 -0.196704 -0.088248 -0.178790 0.100415 -0.108383 0.069347 0.197027 0.338891 0.173923 0.001933 0.167477 -0.309384 -0.107252 -0.137024 -0.111156 0.020186 0.072307 -0.063975 0.331348 0.169955 0.102739 -0.119771 -0.066936 0.227783 0.063496 -0.174949 0.123438 0.153736 0.279603 0.210643 0.164837
-0.458832 -0.303284 0.208492 0.413130 -0.257525 0.132366 -0.092217 0.114823 -0.099887 -0.069173 -0.064188 0.015715 -0.245574 -0.068066 -0.306707 -0.055190 -0.472434 -0.311555 0.067832 -0.291315 0.086931 0.199732 0.508725 0.568745 0.196212 0.548308 0.106054 0.319243 -0.213189 -0.082584 1.000000 0.802871 0.009947 0.266125 0.301896 0.406531 -0.113471 0.221595 0.152447 0.025205 0.103751 0.017703 0.016335 0.075645 -0.260258 -0.099141 -0.295513 0.039997 -0.365269 -0.254316 0.081294 -0.115014 -0.216286 -0.159816 -0.120521 -0.148791 -0.395173 -0.368907 -0.116750 -0.008864 -0.285375 -0.179235 -0.339405 -0.300624 0.437081 0.409887 0.313983 0.568132 -0.399626 -0.275271 0.108067 0.295248 -0.070328 0.091394 0.100129 0.211787 0.111221 -0.007492 -0.246356 -0.094754 -0.393030 -0.358567 -0.266162 0.009139 -0.128913 -0.033264 0.084265 0.038393 -0.102049 -0.151515 -0.034176 -0.126084 0.058768 -0.109403 -0.090059 0.041600 -0.119232 -0.202392 -0.289036 -0.255566 0.011104 -0.073461 0.099438 -0.200855 -0.215659 -0.152986 -0.291063 -0.146383 0.286956 -0.110754 0.144400 -0.185916 -0.196980 0.089172 0.107975 0.000307
-0.528398 -0.254259 0.147538 0.513686 -0.428632 -0.109902 -0.032073 0.340619 -0.062577 0.036228 -0.109478 0.234651 -0.239193 0.045322 -0.219046 -0.054500 -0.475310 -0.287529 -0.014092 -0.316568 -0.122190 0.089411 0.429408 0.691815 0.074221 0.485604 -0.145363 0.110784 -0.231195 0.056058 0.802871 1.000000 -0.080920 0.402539 0.358140 0.535922 0.019091 0.299220 0.184699 0.114718 0.138515 0.118029 -0.046503 -0.050256 -0.405603 -0.248116 -0.456742 0.001855 -0.392465 -0.320193 0.038927 -0.285721 -0.196967 -0.293866 -0.095110 -0.349760 -0.446199 -0.453706 -0.126657 -0.054110 -0.204694 -0.021161 -0.437499 -0.356439 0.454971 0.498986 0.287494 0.492091 -0.493062 -0.226706 0.242793 0.362631 -0.114925 0.206417 0.106684 0.343241 0.148982 0.190725 -0.349333 -0.175786 -0.452475 -0.541545 -0.353177 -0.111907 -0.282572 -0.145777 0.009190 -0.100084 0.034086 -0.176138 0.082190 0.050639 0.270213 0.055973 0.115426 -0.059215 -0.265478 -0.140162 -0.387332 -0.432189 0.117327 -0.074159 0.052403 0.064501 -0.194947 -0.068816 -0.184251 -0.163033 0.167330 -0.053092 0.189402 -0.225692 -0.124421 0.285512 0.162448 -0.013086
0.021341 0.168183 -0.193860 -0.240245 -0.188997 -0.104292 -0.104505 -0.219452 -0.112778 -0.125741 -0.076495 -0.125009 -0.187390 -0.137344 -0.137802 0.118104 0.311497 0.432016 0.238696 0.161763 0.038220 -0.047682 -0.294412 -0.333301 -0.181424 -0.154446 -0.092094 -0.143060 0.309897 0.410933 0.009947 -0.080920 1.000000 0.446455 -0.296292 -0.324531 0.078824 -0.049578 -0.020998 -0.184528 0.190322 -0.098064 -0.079785 0.022796 0.186935 0.187604 0.126655 -0.089271 -0.064814 0.266293 -0.137606 -0.064551 -0.100754 0.229354 -0.244506 0.178177 0.244869 0.254002 -0.438838 -0.307980 0.017485 -0.073865 0.335909 0.483849 -0.204952 -0.339913 -0.236639 -0.269146 0.134026 0.027285 -0.220860 -0.208964 0.336772 0.051555 0.135422 -0.074004 -0.039812 -0.093939 0.445656 0.386267 0.445593 0.472804 -0.033799 0.375589 0.277329 0.274625 -0.121806 0.186534 -0.227588 -0.177287 -0.264361 -0.291507 -0.211720 -0.347766 0.032426 -0.053592 -0.048720 0.080845 0.062870 0.245060 -0.040009 0.027792 -0.072069 -0.029492 0.080344 -0.120205 -0.111819 0.190684 0.045792 -0.014949 -0.175340 0.139568 -0.092767 -0.006483 0.067009 -0.179088
-0.336694 0.072693 -0.089926 0.037035 -0.468424 -0.054413 0.166498 0.296583 -0.165887 0.364086 -0.288343 0.133443 -0.285967 0.221552 -0.066622 0.014843 -0.226475 0.038047 0.040905 0.076474 -0.119615 0.126763 -0.300012 0.011328 0.036667 0.252313 -0.373547 -0.159545 -0.111572 0.433354 0.266125 0.402539 0.446455 1.000000 0.084186 0.312280 0.392341 0.169922 0.157250 0.159814 0.404233 0.024599 -0.167247 -0.021897 -0.287879 -0.255329 -0.352315 -0.092017 -0.242614 -0.241930 -0.423815 -0.466076 -0.296908 -0.237199 -0.344399 -0.060306 -0.245100 -0.198283 -0.139814 -0.173993 0.200885 0.244082 -0.152748 -0.065005 -0.039231 0.165489 0.105327 -0.018765 -0.125042 -0.068685 0.075475 0.215643 0.021073 0.295131 0.165346 0.168065 0.246921 0.285192 -0.064251 -0.001192 -0.149638 -0.132042 -0.271087 0.079078 -0.179965 -0.162346 -0.356639 -0.076311 0.142871 -0.079995 -0.162526 0.059372 0.027066 -0.121995 0.110650 -0.099056 -0.083768 0.061339 -0.435776 -0.299594 0.064759 -0.054797 -0.136587 0.156017 0.193778 -0.096839 0.113657 0.081961 0.067654 0.035876 0.136325 -0.100695 0.035153 0.221477 0.342127 -0.286514
-0.429318 -0.424578 0.040691 0.239732 -0.062806 0.048636 -0.052996 0.066425 0.044213 0.229358 -0.110446 -0.072529 -0.220517 -0.031081 0.124546 -0.130200 -0.265596 -0.327766 -0.241667 -0.299514 0.170482 0.245395 0.210013 0.338733 0.167657 0.221814 0.022647 0.185435 -0.220658 -0.049732 0.301896 0.358140 -0.296292 0.084186 1.000000 0.638111 0.114408 0.295793 0.348277 0.190231 0.044178 0.007994 0.037608 0.001012 -0.091744 -0.035315 0.159286 -0.064731 -0.371905 -0.249901 -0.109385 -0.323743 -0.443655 -0.243606 -0.103649 -0.047696 -0.258754 -0.249631 0.056494 -0.206655 -0.235150 -0.072176 -0.460133 -0.428166 0.217897 0.328879 0.137181 0.414526 -0.123864 -0.014928 0.029361 0.244371 -0.173796 0.054134 -0.069066 0.069201 0.161783 0.173574 -0.013970 -0.013760 -0.376856 -0.282499 0.119059 -0.217222 0.006057 -0.026283 -0.212099 0.069934 0.128837 -0.030244 -0.099831 0.062237 0.161289 0.024370 0.115448 0.126672 0.189420 -0.000839 -0.218923 -0.213245 -0.315853 -0.246113 0.098106 0.105150 -0.014973 -0.143213 -0.053248 -0.049847 0.227713 0.075500 0.423095 -0.122038 0.038783 0.164962 0.072346 -0.126797
-0.358522 -0.383792 0.021468 0.168086 -0.045558 0.207568 -0.017369 0.202536 -0.065072 0.347267 -0.255798 -0.041350 -0.319770 -0.008567 0.010037 -0.184086 -0.496802 -0.435239 -0.335221 -0.353888 0.157300 0.351262 0.169511 0.389169 0.358210 0.571599 -0.000821 0.263813 -0.529241 -0.126783 0.406531 0.535922 -0.324531 0.312280 0.638111 1.000000 0.181720 0.259852 0.363284 0.355458 0.112780 0.126700 -0.086129 -0.058196 -0.288272 -0.178538 -0.190291 -0.011217 -0.298288 -0.355968 -0.066043 -0.396909 -0.476879 -0.342567 -0.189413 -0.034661 -0.269954 -0.293906 0.213658 -0.080668 -0.041130 0.044255 -0.667953 -0.603524 0.240967 0.487358 0.320621 0.493279 -0.255373 -0.112263 0.269260 0.500517 -0.354076 0.141025 0.026726 0.154726 0.080347 0.279069 -0.331321 -0.193746 -0.480885 -0.565172 -0.145439 -0.359540 -0.233470 -0.181691 -0.227734 -0.002060 0.160225 0.026127 -0.041391 0.102076 0.112425 0.005925 0.341646 -0.000099 0.151675 0.114726 -0.459288 -0.224180 -0.092442 -0.284619 0.175175 0.211684 0.062038 -0.105236 0.173742 -0.051712 0.203327 0.074555 0.431145 -0.400166 0.035311 0.209035 0.166183 -0.105696
