1.000000 0.723682 -0.026289 -0.488542 -0.006708 -0.236119 -0.500962 -0.509984 -0.043423 -0.384265 0.555931 -0.244097 -0.064733 -0.262858 0.016357 -0.267671 0.553264 0.125702 0.202618 0.167838 -0.356782 -0.196817 0.040409 -0.449209 -0.239861 -0.227241 0.120436 0.216702 -0.195020 -0.260798 -0.335066 -0.543868 0.437632 -0.147709 0.017077 -0.309846 -0.396673 -0.485596 0.135390 0.167710 -0.248147 -0.311840 -0.254808 -0.084813 0.114836 -0.015635 0.174262 -0.198419 0.337509 0.261431 0.047953 -0.166517 -0.065340 -0.376861 0.137134 0.094781 0.766433 0.724461 0.588501 0.551819 0.093279 0.018934 -0.015798 -0.035571 -0.186263 -0.178700 0.519395 -0.262849 0.499787 0.413638 -0.332327 -0.286280 -0.165115 -0.364008 -0.362397 -0.393742 -0.583499 -0.631293 0.002336 0.038622 0.396320 0.015813 -0.005896 -0.347146 0.510072 0.215386 0.338809 0.127302 0.400386 0.163043 -0.503764 -0.130731 -0.379833 -0.079399 0.044027 -0.143302 0.206445 -0.189917 0.135312 -0.128345 -0.313441 -0.016045 -0.402732 -0.186542 -0.383740 -0.391499 -0.064768 0.045619 -0.138732 -0.175097 -0.194764 -0.014329 0.118793 -0.603857 -0.353355 -0.124565
0.723682 1.000000 -0.062015 -0.210203 -0.110298 -0.322170 -0.509452 -0.427112 -0.096521 -0.433269 0.415849 -0.106742 0.186801 -0.221404 0.138674 -0.136005 0.391894 0.027373 0.051872 0.047349 -0.277273 -0.306386 0.073354 -0.424253 -0.182470 -0.250537 0.086231 0.213122 -0.255475 -0.345087 -0.446668 -0.618827 0.299914 -0.108620 -0.028996 -0.137816 -0.304105 -0.325960 0.199372 0.114269 -0.131765 -0.213404 -0.339205 -0.189220 0.038793 -0.052597 0.040396 -0.260172 0.308862 0.426886 0.071329 -0.042178 0.099597 -0.255883 0.316189 0.236263 0.623519 0.719022 0.609576 0.618250 0.203957 0.086249 -0.090933 -0.137388 0.013641 -0.056283 0.485084 -0.237111 0.389719 0.380112 -0.212271 -0.105820 -0.262732 -0.195035 -0.199850 -0.256898 -0.567234 -0.505773 -0.169616 -0.050423 0.270404 -0.148921 -0.093384 -0.529920 0.448047 0.226493 0.419838 -0.056615 0.354267 0.274041 -0.391364 -0.127687 -0.212867 -0.048146 -0.084919 -0.272302 0.107937 -0.190733 0.059151 -0.080839 -0.313712 -0.012229 -0.250204 -0.274834 -0.350068 -0.322225 -0.017072 -0.043109 -0.060247 -0.243176 -0.261529 -0.149744 0.105184 -0.433558 -0.336880 -0.266033
-0.026289 -0.062015 1.000000 0.153706 -0.044943 0.022930 0.041761 -0.123718 -0.144801 -0.229696 0.417606 -0.159985 0.377968 -0.283775 0.184961 -0.211119 -0.289261 -0.605687 0.058849 0.035509 -0.031499 -0.040628 0.663771 0.579043 0.155625 0.426816 0.149313 0.363029 -0.374494 -0.402486 0.324761 0.211042 -0.195775 -0.431719 -0.038914 0.197188 -0.161752 -0.057795 -0.059054 -0.032373 -0.108473 -0.211866 -0.285456 -0.176063 -0.319590 -0.189058 -0.183301 -0.107202 0.105227 -0.043677 0.448377 0.188821 0.230484 0.213253 0.019728 0.043477 -0.367616 -0.304956 0.143894 0.105485 -0.248863 -0.288773 -0.217696 -0.495309 0.114366 -0.198050 0.315319 0.503002 -0.277161 -0.057413 0.170932 0.150419 -0.323162 0.101926 0.231708 -0.009391 0.126395 0.179160 -0.431394 -0.210732 -0.461872 -0.502361 0.012994 -0.467386 0.154002 -0.001898 0.178403 -0.184653 0.196912 0.159454 0.108389 0.386153 0.171735 0.440805 -0.180999 0.111913 0.034140 -0.167494 -0.277280 0.095844 -0.106630 0.155496 -0.108641 -0.067085 0.185045 0.141930 0.008648 -0.166832 0.011183 0.172930 0.077194 -0.209353 -0.179963 0.061753 0.155454 -0.110987
-0.488542 -0.210203 0.153706 1.000000 -0.143567 0.108753 0.427895 0.654871 0.226354 0.429460 -0.336022 0.545484 0.308491 0.469667 0.170862 0.400097 -0.449403 -0.201356 -0.149993 -0.294627 0.156239 -0.088915 -0.064578 0.305573 0.083765 0.058612 -0.147316 -0.269315 -0.051459 0.033580 -0.006932 0.181285 -0.359555 -0.036486 -0.312470 0.226183 0.234582 0.472907 -0.102724 -0.040805 0.061847 0.162626 -0.051912 -0.231603 -0.502830 -0.443503 -0.344974 -0.074192 -0.000057 -0.093542 0.293344 0.457691 0.410950 0.464264 0.020600 0.117141 -0.613344 -0.588046 -0.177027 -0.060354 0.288009 0.429597 -0.093015 0.074730 0.359818 0.524058 -0.518591 -0.033655 -0.526382 -0.380680 0.072840 0.052234 -0.148726 0.221548 0.239295 0.292586 0.416082 0.429642 -0.331331 -0.286667 -0.418001 -0.345749 -0.211138 0.085693 -0.445981 -0.189145 -0.162719 -0.369441 -0.222487 0.214075 0.403689 0.007462 0.553246 0.064124 -0.002276 0.143007 -0.287514 -0.023116 -0.506983 0.000151 0.368839 0.095844 0.308369 -0.023412 0.268115 0.066863 0.024599 -0.019703 0.146164 0.159299 -0.006671 -0.215794 -0.086000 0.467683 0.469237 0.026259
-0.006708 -0.110298 -0.044943 -0.143567 1.000000 0.597098 0.162984 0.143054 0.647943 0.537813 0.128799 -0.167219 0.024008 0.098735 0.112767 0.067300 -0.099745 -0.160103 0.058494 -0.114726 0.143837 0.098497 -0.111166 -0.011208 0.575107 0.208310 0.533335 0.167357 -0.009429 -0.146668 -0.050811 -0.027524 -0.072450 -0.202907 -0.085307 0.121455 0.014750 -0.164563 0.094161 0.063244 -0.347502 0.194412 -0.177159 -0.272694 -0.033990 0.074479 -0.248849 -0.394072 -0.004235 0.030952 -0.082677 -0.084308 -0.102563 -0.251624 0.202599 -0.252295 -0.111607 -0.051932 0.109744 0.061635 0.200474 0.118968 0.049887 -0.211683 0.174425 0.218856 0.159746 0.189428 -0.253473 -0.199128 0.160872 -0.101676 0.037200 0.244907 0.164818 0.013131 -0.014627 -0.089750 -0.192105 -0.361270 -0.055882 -0.151023 0.064690 0.025112 0.204983 0.134886 -0.125145 -0.165992 0.319184 0.072455 -0.037234 -0.043565 0.177786 -0.078788 0.140085 -0.131911 -0.123305 0.194360 -0.112781 -0.253403 0.017695 -0.061447 -0.167134 -0.195507 -0.028233 -0.239751 -0.455131 0.231766 -0.206161 -0.054497 -0.184936 -0.060043 -0.083320 -0.152519 0.104387 -0.069604
-0.236119 -0.322170 0.022930 0.108753 0.597098 1.000000 0.079683 0.093977 0.211419 0.447278 0.055708 -0.162015 -0.024630 0.079687 0.130321 0.287733 -0.115639 -0.040173 -0.039796 -0.084963 0.359726 0.463692 0.134960 0.222934 0.568004 0.536859 0.707426 0.335468 0.008854 -0.037360 0.114793 0.183238 -0.259640 -0.117823 0.010438 0.207591 0.263542 0.237520 0.179522 0.231094 -0.243473 0.421008 -0.198982 -0.283884 -0.296041 -0.165646 -0.450507 -0.314297 -0.226434 -0.282526 -0.121037 -0.060628 -0.038247 -0.100958 0.275064 -0.207575 -0.264451 -0.201024 -0.106433 -0.087521 -0.024811 0.041465 -0.148666 -0.151978 0.122542 0.189391 -0.251107 -0.003407 -0.307712 -0.307763 0.214396 0.115691 0.044691 0.368105 0.316173 0.256966 0.246294 0.153497 -0.165987 -0.325231 -0.150267 -0.125805 -0.087385 0.099601 -0.062671 -0.107858 -0.323572 -0.175484 0.025935 -0.040661 0.141844 0.107433 0.155085 0.060310 0.128021 0.099571 -0.273407 0.143406 -0.095890 0.066594 0.069804 0.022888 0.000853 0.016144 0.202915 -0.073893 -0.357946 0.210704 -0.009985 0.142345 0.117117 0.160605 -0.181910 0.153761 0.213486 0.047570
-0.500962 -0.509452 0.041761 0.427895 0.162984 0.079683 1.000000 0.791694 0.405247 0.601157 -0.345713 0.456782 -0.007738 0.480164 -0.173013 0.281995 -0.446014 -0.164550 0.003457 -0.166898 0.149392 -0.012007 -0.321066 0.195137 0.022114 -0.172706 -0.399721 -0.574005 0.308929 0.352707 0.300771 0.548974 -0.210396 0.020093 -0.098658 0.037690 0.131439 0.216999 -0.443702 -0.276681 -0.186959 -0.088688 0.327389 0.154136 -0.050589 -0.012427 -0.109462 0.158515 -0.197013 -0.074198 0.042983 0.196212 0.120704 0.385072 -0.336383 -0.262807 -0.631661 -0.618400 -0.226234 -0.292481 0.175859 0.320435 0.298975 0.215030 -0.028572 0.323098 -0.378797 0.024081 -0.634959 -0.643298 -0.061102 0.042676 0.215282 0.153637 0.249011 0.163740 0.510167 0.429226 -0.162612 -0.239142 -0.272660 -0.070481 0.049276 0.373003 -0.364873 -0.133935 -0.257746 -0.232805 -0.292664 -0.224637 0.418382 -0.006748 0.303701 -0.002093 -0.089208 -0.140213 -0.261715 -0.061923 -0.130569 -0.137801 0.355553 0.234349 0.204111 0.047870 0.240536 0.050848 0.092021 0.010498 -0.036563 -0.084552 0.106302 -0.121810 -0.158232 0.312745 0.433505 -0.145369
-0.509984 -0.427112 -0.123718 0.654871 0.143054 0.093977 0.791694 1.000000 0.482937 0.734319 -0.450081 0.598848 -0.015193 0.673510 -0.100356 0.464526 -0.525286 -0.106340 -0.160656 -0.390099 0.103216 -0.108784 -0.462808 0.063964 -0.002178 -0.183476 -0.339741 -0.531937 0.234302 0.288414 -0.015657 0.260095 -0.324617 -0.045731 -0.281636 0.051920 0.279774 0.395575 -0.343515 -0.141525 -0.050000 0.110198 0.197062 -0.046307 -0.222503 -0.094429 -0.211281 -0.033346 -0.033004 0.005039 0.128843 0.352747 0.251823 0.352529 -0.147261 -0.103308 -0.628987 -0.652054 -0.199342 -0.131700 0.322989 0.589799 0.105306 0.251046 0.142417 0.633484 -0.515544 -0.039131 -0.688716 -0.642373 -0.115834 -0.121814 0.069462 0.175066 0.200735 0.179154 0.434493 0.364672 -0.225133 -0.319097 -0.272092 -0.172657 -0.016260 0.380076 -0.455760 -0.175682 -0.341113 -0.329663 -0.255931 0.054306 0.411320 -0.089622 0.533691 -0.079912 0.116952 0.090663 -0.260662 0.110646 -0.270162 -0.140019 0.476687 0.071594 0.299229 0.049379 0.242542 -0.035440 0.068768 0.150078 0.017909 0.083071 0.004596 -0.194474 -0.124002 0.378263 0.391025 -0.060731
-0.043423 -0.096521 -0.144801 0.226354 0.647943 0.211419 0.405247 0.482937 1.000000 0.754101 0.006487 0.270047 0.279766 0.500677 0.365343 0.350490 -0.207189 -0.119688 -0.065399 -0.372377 0.021685 -0.185168 -0.303489 -0.099764 0.333726 -0.160702 -0.002315 -0.210505 0.149436 0.053451 -0.100527 -0.026638 -0.153156 -0.225899 -0.390076 -0.084975 0.093181 -0.031080 -0.153279 -0.100725 -0.142109 0.157227 -0.036374 -0.201739 -0.212582 -0.208073 -0.177041 -0.304427 0.165337 0.278539 0.121132 0.279432 0.174061 0.070929 0.045577 -0.032356 -0.211119 -0.187561 0.156334 0.143380 0.462418 0.442752 0.156620 0.011360 0.225016 0.493026 -0.109416 -0.108631 -0.344567 -0.335332 -0.003389 -0.239347 0.141668 0.246783 0.191455 0.115734 0.151215 -0.023501 -0.213838 -0.188651 -0.066035 -0.178896 0.139116 0.173882 0.073430 0.175571 -0.079145 -0.256694 0.283941 0.174034 -0.071085 -0.278102 0.254202 -0.206045 0.120920 -0.141863 -0.216061 0.073158 -0.304957 -0.401884 0.100908 -0.050225 -0.114732 -0.258999 -0.035451 -0.357318 -0.301208 0.268691 -0.209206 -0.116485 -0.338129 -0.281738 -0.011061 -0.029107 0.218166 -0.018725
-0.384265 -0.433269 -0.229696 0.429460 0.537813 0.447278 0.601157 0.734319 0.754101 1.000000 -0.262140 0.328119 -0.012538 0.610368 0.101985 0.514391 -0.286081 -0.073766 -0.143962 -0.373189 0.278442 0.099270 -0.350027 0.037532 0.362083 -0.002675 0.017045 -0.298543 0.207260 0.284898 0.014676 0.207383 -0.251790 0.004610 -0.309102 0.075650 0.247620 0.336798 -0.242208 -0.083770 -0.140776 0.282374 0.184981 -0.105587 -0.236788 -0.145805 -0.301736 -0.110348 -0.074277 0.021077 -0.000169 0.250560 0.036853 0.114523 -0.075912 -0.165095 -0.441546 -0.466039 -0.167936 -0.085197 0.293125 0.518979 0.116328 0.180078 0.196149 0.552795 -0.398289 -0.115084 -0.579960 -0.557927 0.002348 -0.133668 0.141628 0.404055 0.372926 0.314605 0.470202 0.258983 -0.148910 -0.272787 -0.123027 -0.106837 0.022055 0.379075 -0.241902 -0.076384 -0.275541 -0.273135 -0.085689 -0.072437 0.225286 -0.201706 0.450799 -0.178742 0.056316 -0.032609 -0.380503 0.132943 -0.211080 -0.203873 0.322001 -0.030095 0.124634 0.003063 0.162032 -0.222289 -0.206547 0.226511 -0.036439 0.029540 -0.028539 -0.022080 -0.040386 0.203704 0.350090 -0.033773
0.555931 0.415849 0.417606 -0.336022 0.128799 0.055708 -0.345713 -0.450081 0.006487 -0.262140 1.000000 -0.302807 0.344907 -0.285904 0.424480 -0.042542 0.149559 -0.242718 0.138391 0.061810 -0.180400 -0.039267 0.492007 0.065050 0.083955 0.171656 0.368035 0.513993 -0.334570 -0.481483 0.027291 -0.231836 0.070690 -0.428764 0.042505 -0.034116 -0.291205 -0.375551 0.018311 0.071700 -0.236638 -0.256632 -0.412219 -0.187099 -0.143362 -0.125889 -0.130026 -0.395601 0.157081 0.145323 0.245460 0.013192 0.013865 -0.212447 0.124200 -0.077012 0.234748 0.311224 0.504203 0.414837 0.023535 -0.084594 -0.137249 -0.396062 0.147145 -0.097663 0.455831 0.071468 0.175594 0.233160 -0.071730 -0.203564 -0.295060 -0.041466 -0.022163 -0.186483 -0.267871 -0.308762 -0.357615 -0.175917 -0.005774 -0.362162 0.180988 -0.441565 0.544712 0.226769 0.254023 0.008151 0.510390 0.239215 -0.379357 -0.046915 -0.150121 0.027690 0.082359 -0.010397 0.022509 -0.146025 -0.233689 -0.120242 -0.365094 -0.050367 -0.374169 -0.181224 -0.243005 -0.250981 -0.180513 -0.001385 -0.126407 -0.003827 -0.028790 -0.226266 -0.178188 -0.264896 -0.124192 0.001275
-0.244097 -0.106742 -0.159985 0.545484 -0.167219 -0.162015 0.456782 0.598848 0.270047 0.328119 -0.302807 1.000000 0.196351 0.729052 0.059542 0.480720 -0.170507 0.139403 -0.216480 -0.341008 0.006863 -0.276884 -0.409359 -0.022617 -0.297162 -0.326167 -0.456358 -0.436263 0.399073 0.327634 0.206809 0.349916 -0.207005 -0.002383 -0.419242 -0.145587 0.147021 0.086341 -0.425507 -0.261149 0.228681 -0.117173 0.210897 0.022567 -0.186417 -0.187210 -0.151139 0.009019 0.103138 0.087422 0.157510 0.478490 0.407374 0.410949 -0.279745 -0.078315 -0.331608 -0.403458 -0.048206 -0.026485 0.466478 0.589195 0.370393 0.421944 -0.077605 0.511889 -0.533845 -0.243123 -0.413706 -0.401387 -0.027221 0.102514 0.171167 0.071636 0.022407 0.316377 0.293058 0.241242 -0.072031 -0.140169 -0.043890 -0.051212 0.127820 0.367286 -0.346403 0.049287 -0.211222 -0.340902 -0.356660 0.124317 0.176031 -0.332184 0.160084 -0.206802 -0.054519 0.023205 -0.392924 -0.098460 -0.418862 -0.310836 0.185779 0.073032 0.036360 -0.120699 0.168783 -0.090936 0.007960 -0.043548 -0.133908 -0.012572 -0.163664 -0.461029 -0.165794 0.387398 0.255423 0.050062
-0.064733 0.186801 0.377968 0.308491 0.024008 -0.024630 -0.007738 -0.015193 0.279766 -0.012538 0.344907 0.196351 1.000000 0.269976 0.755578 0.349569 -0.353236 -0.393292 -0.153743 -0.470913 -0.034465 -0.280353 0.336487 0.101861 0.146912 0.068319 0.096346 0.255391 -0.157286 -0.349367 0.085383 -0.075214 -0.276139 -0.391747 -0.322884 0.152480 0.025247 0.064975 0.008043 0.011539 0.088314 0.106053 -0.373951 -0.340120 -0.476033 -0.459957 -0.254583 -0.398099 0.221337 0.110857 0.459926 0.466767 0.584112 0.326768 0.159000 0.066683 -0.250270 -0.154120 0.452840 0.190460 0.462799 0.244821 -0.157941 -0.343910 0.386743 0.358499 -0.038521 -0.055451 -0.234743 -0.116847 0.257713 0.146567 -0.099830 0.293743 0.182787 0.196905 0.072924 0.101526 -0.423563 -0.044429 -0.342728 -0.473408 0.197641 -0.275229 0.219546 0.173549 0.274717 -0.228298 0.292251 0.424890 -0.101039 -0.087735 0.204811 0.092813 0.067999 0.065738 -0.188501 -0.063536 -0.611058 -0.262950 -0.096922 0.034191 -0.299548 -0.336096 -0.025916 -0.131399 -0.016137 -0.022541 -0.021083 0.104200 -0.221670 -0.571790 -0.208618 0.116190 -0.008397 -0.007726
-0.262858 -0.221404 -0.283775 0.469667 0.098735 0.079687 0.480164 0.673510 0.500677 0.610368 -0.285904 0.729052 0.269976 1.000000 0.180253 0.663273 -0.308532 0.121110 -0.242457 -0.574024 0.152028 -0.135518 -0.447977 -0.183665 -0.032340 -0.293073 -0.285468 -0.380906 0.323793 0.312126 0.101584 0.176543 -0.312286 -0.083588 -0.445793 -0.050030 0.207112 0.253241 -0.330771 -0.152004 0.085838 0.116155 0.138903 -0.118778 -0.278675 -0.248170 -0.137306 -0.148222 0.173537 0.058751 0.119844 0.532919 0.410784 0.385768 -0.198284 -0.124623 -0.305857 -0.391690 0.037294 -0.062275 0.597941 0.720115 0.145004 0.406331 0.074007 0.748568 -0.539468 -0.378146 -0.443215 -0.502672 -0.043122 -0.060877 0.183388 0.173820 0.106378 0.294724 0.286996 0.166746 -0.096397 -0.068784 -0.099857 -0.091818 0.110696 0.368005 -0.344095 0.012561 -0.177129 -0.143777 -0.236412 0.141353 0.067993 -0.413513 0.256357 -0.230316 0.096847 0.076562 -0.435345 0.090277 -0.391114 -0.243715 0.252408 0.048261 -0.008478 -0.063521 0.200887 -0.235336 0.029889 0.151748 -0.104622 0.080106 -0.129226 -0.395694 -0.148910 0.244459 0.136947 0.094653
0.016357 0.138674 0.184961 0.170862 0.112767 0.130321 -0.173013 -0.100356 0.365343 0.101985 0.424480 0.059542 0.755578 0.180253 1.000000 0.466843 -0.072537 -0.168684 0.034747 -0.326566 0.041372 0.032348 0.349853 0.074076 0.164167 0.158154 0.235064 0.351540 -0.046333 -0.117366 0.033873 -0.077784 -0.157014 -0.272196 -0.308455 -0.027158 0.130722 -0.043781 0.059879 0.064246 0.100399 0.179286 -0.401283 -0.308507 -0.502665 -0.529262 -0.196626 -0.428985 0.089327 0.074726 0.242145 0.281545 0.370028 0.123248 0.252292 0.173908 -0.053049 0.015158 0.218256 0.153520 0.294150 0.103351 -0.096820 -0.292978 0.418823 0.223586 -0.132904 -0.161923 -0.031518 -0.013295 0.210450 0.084812 0.082547 0.377606 0.241180 0.262175 0.058458 -0.032001 -0.209719 0.064673 -0.066572 -0.228416 0.361366 -0.127275 0.359001 0.176163 0.240739 -0.140032 0.411501 0.411771 -0.265389 -0.175777 0.051163 -0.129211 0.182489 0.141544 -0.146119 0.129723 -0.497574 -0.210189 -0.221949 -0.139749 -0.203116 -0.328479 -0.186974 -0.310082 -0.314603 -0.012026 -0.035013 0.083774 -0.222128 -0.431109 -0.140074 -0.059340 -0.082467 0.070634
-0.267671 -0.136005 -0.211119 0.400097 0.067300 0.287733 0.281995 0.464526 0.350490 0.514391 -0.042542 0.480720 0.349569 0.663273 0.466843 1.000000 -0.219689 0.032476 -0.173515 -0.509664 0.401437 0.200423 -0.097746 -0.012239 0.082009 0.013308 0.035546 -0.005068 0.307762 0.288449 0.139463 0.216546 -0.293152 -0.104714 -0.222934 -0.059668 0.345714 0.333370 -0.279765 -0.051902 0.121279 0.306490 -0.071704 -0.172975 -0.385164 -0.291461 -0.328874 -0.300214 -0.133864 -0.044203 0.067515 0.347284 0.250305 0.240720 0.020404 -0.148593 -0.283546 -0.300969 -0.042563 -0.082898 0.383635 0.524840 -0.003638 0.198719 0.261015 0.610354 -0.591633 -0.286289 -0.379178 -0.450162 0.156803 0.107848 0.274265 0.445970 0.405388 0.493503 0.403567 0.225614 -0.178740 0.024050 -0.004823 -0.106788 0.252378 0.319295 -0.142084 0.182527 -0.094302 -0.207219 -0.075680 0.129316 -0.083505 -0.376287 0.225503 -0.275212 0.074130 0.005296 -0.501998 0.178793 -0.409762 -0.134661 0.081937 -0.132017 -0.028472 -0.240479 0.089910 -0.340165 -0.156810 0.113656 -0.012968 0.053651 -0.022772 -0.300918 -0.116032 0.321435 0.162283 -0.012352
0.553264 0.391894 -0.289261 -0.449403 -0.099745 -0.115639 -0.446014 -0.525286 -0.207189 -0.286081 0.149559 -0.170507 -0.353236 -0.308532 -0.072537 -0.219689 1.000000 0.597372 0.142961 0.374851 0.126722 0.151791 -0.048768 -0.324342 -0.150379 -0.107571 0.108531 0.118343 0.279809 0.292647 -0.078298 -0.169953 0.563752 0.333556 0.054758 -0.367254 -0.003010 -0.286873 0.265515 0.207070 0.121298 -0.098838 0.142750 0.296549 0.309153 0.111137 0.279963 0.186566 -0.035087 0.074947 -0.354833 -0.354966 -0.409688 -0.490482 0.084564 0.183383 0.769282 0.720339 -0.056485 0.112644 -0.221891 -0.291756 0.383597 0.320849 -0.453608 -0.461620 0.164249 -0.392197 0.548304 0.407789 -0.088448 -0.017533 0.277028 -0.073877 -0.062973 -0.005470 -0.299570 -0.481570 0.330950 0.288530 0.760751 0.565177 0.173445 0.013311 0.264676 0.271959 0.361060 0.179781 0.007109 -0.159681 -0.434494 -0.287483 -0.642398 -0.322057 -0.033071 -0.218310 0.085615 0.052253 0.364774 -0.169133 -0.376879 -0.164184 -0.247430 -0.142136 -0.437690 -0.288596 -0.283274 -0.111880 -0.108375 -0.142653 -0.181175 0.141780 0.184239 -0.516545 -0.333359 -0.039050
0.125702 0.027373 -0.605687 -0.201356 -0.160103 -0.040173 -0.164550 -0.106340 -0.119688 -0.073766 -0.242718 0.139403 -0.393292 0.121110 -0.168684 0.032476 0.597372 1.000000 -0.002296 0.158304 0.153064 0.147904 -0.435941 -0.406625 -0.211415 -0.179050 -0.074515 -0.162096 0.570202 0.615802 -0.042948 -0.043456 0.349611 0.475399 0.077318 -0.184914 0.227550 0.033703 0.179992 0.123115 0.208070 0.079430 0.244685 0.237279 0.281338 0.106599 0.124786 0.075521 -0.230359 -0.122803 -0.468270 -0.271155 -0.258447 -0.277927 0.049621 0.029746 0.398535 0.344306 -0.274569 -0.227865 0.080978 0.003396 0.371963 0.612487 -0.293602 -0.049532 -0.295904 -0.511406 0.314698 0.080614 -0.174074 0.057895 0.511869 -0.131791 -0.101630 0.117719 -0.058246 -0.161058 0.496804 0.396470 0.592038 0.685329 0.091337 0.407670 -0.144931 0.185157 -0.011374 0.210915 -0.215191 -0.216372 -0.211957 -0.376355 -0.431155 -0.347945 0.005413 -0.122065 -0.083264 0.071714 0.248315 -0.110157 -0.110256 -0.049069 0.039639 0.020106 -0.158954 -0.177748 -0.126326 0.056721 -0.173615 -0.103405 -0.186827 0.116676 0.154206 -0.148118 -0.185897 0.118205
0.202618 0.051872 0.058849 -0.149993 0.058494 -0.039796 0.003457 -0.160656 -0.065399 -0.143962 0.138391 -0.216480 -0.153743 -0.242457 0.034747 -0.173515 0.142961 -0.002296 1.000000 0.658123 -0.172382 0.124770 -0.061139 -0.088523 -0.131069 -0.136234 0.028757 -0.222050 0.072961 -0.106186 -0.063841 0.063234 0.251630 0.214123 0.012765 -0.297171 -0.390524 -0.432281 -0.007395 -0.122970 -0.295293 -0.370135 -0.257220 -0.059890 0.107763 -0.227413 -0.002854 0.026475 0.054305 -0.105083 -0.311249 -0.286883 -0.189102 -0.176418 -0.041908 -0.150048 0.220953 0.258320 -0.101988 -0.165351 0.062565 -0.175190 0.177467 -0.010979 -0.105460 -0.230906 0.041468 0.040850 0.431272 0.406508 -0.068442 -0.183374 -0.055284 -0.355499 -0.229537 -0.267857 -0.187690 -0.250395 0.132137 0.011695 0.020397 0.100521 -0.039046 -0.088874 -0.028059 -0.255886 0.022173 0.141627 0.092898 -0.184287 -0.054364 0.285338 -0.199460 0.099392 -0.104529 -0.049987 0.021801 -0.073252 0.036482 0.355277 -0.032783 0.274649 0.172200 0.182724 -0.041832 0.120675 -0.054120 -0.051225 -0.195048 -0.033450 -0.022717 0.156051 0.412101 -0.211745 0.139911 0.143683
0.167838 0.047349 0.035509 -0.294627 -0.114726 -0.084963 -0.166898 -0.390099 -0.372377 -0.373189 0.061810 -0.341008 -0.470913 -0.574024 -0.326566 -0.509664 0.374851 0.158304 0.658123 1.000000 -0.078243 0.128452 0.040169 0.147328 -0.150624 -0.085278 -0.030202 -0.202062 0.043244 -0.006918 0.015063 0.116431 0.284203 0.351475 0.287109 -0.163762 -0.375476 -0.387530 0.036082 -0.135550 -0.325697 -0.475781 0.030369 0.169798 0.436426 0.159440 0.148924 0.325104 -0.151833 -0.076694 -0.422522 -0.537976 -0.504871 -0.309143 -0.188045 -0.180888 0.281330 0.296706 -0.294370 -0.235839 -0.429592 -0.485835 0.163319 -0.077446 -0.369019 -0.604694 0.140688 0.188534 0.536493 0.556620 -0.008483 -0.058741 -0.058981 -0.421123 -0.297599 -0.350204 -0.227814 -0.186303 0.234147 0.031801 0.155596 0.263134 -0.271386 -0.125389 -0.079244 -0.271471 -0.101682 0.113376 -0.149568 -0.469390 0.180400 0.424630 -0.340892 0.171331 -0.288900 -0.168666 0.050552 -0.184273 0.329301 0.411975 -0.002298 0.163842 0.329230 0.304429 -0.136818 0.347649 0.030133 -0.114501 -0.156462 -0.166677 0.179250 0.487303 0.331984 -0.166432 0.098082 0.165466
-0.356782 -0.277273 -0.031499 0.156239 0.143837 0.359726 0.149392 0.103216 0.021685 0.278442 -0.180400 0.006863 -0.034465 0.152028 0.041372 0.401437 0.126722 0.153064 -0.172382 -0.078243 1.000000 0.524953 0.079244 0.232418 0.367119 0.271395 0.282603 0.124723 0.315840 0.335701 0.367472 0.331095 -0.202058 0.011810 0.025457 0.000447 0.243666 0.289714 -0.138966 -0.031182 0.148922 0.223204 0.192009 0.208653 -0.015931 0.123585 0.020766 0.122593 -0.273263 -0.103446 -0.071294 -0.003918 -0.206920 -0.009863 0.023132 -0.095422 -0.149568 -0.169421 -0.403526 -0.241878 -0.191555 -0.135021 0.006862 0.133415 -0.041636 -0.003446 -0.218838 0.076069 -0.196703 -0.188095 0.337959 0.198876 0.374206 0.438502 0.457785 0.456026 0.396673 0.184470 -0.014263 0.125080 0.181041 0.119231 0.155591 0.096321 -0.165054 0.219577 0.065041 -0.100412 -0.242778 -0.242129 -0.003428 -0.228799 -0.029885 -0.219583 -0.121849 -0.314077 -0.347018 0.294906 -0.007334 -0.063852 0.000824 -0.193351 0.024933 -0.215526 0.014093 -0.180683 -0.284217 -0.194823 0.028916 -0.050715 0.118865 -0.026468 -0.055651 0.046021 0.014821 -0.163412
-0.196817 -0.306386 -0.040628 -0.088915 0.098497 0.463692 -0.012007 -0.108784 -0.185168 0.099270 -0.039267 -0.276884 -0.280353 -0.135518 0.032348 0.200423 0.151791 0.147904 0.124770 0.128452 0.524953 1.000000 0.165741 0.143245 0.322811 0.416526 0.391458 0.313391 0.188715 0.265899 0.216034 0.294714 -0.025498 0.313816 0.351095 -0.023462 0.186876 0.225290 0.130515 0.224142 0.075972 0.253746 0.005053 0.049871 -0.053830 -0.010448 -0.116885 -0.014062 -0.513588 -0.415224 -0.339233 -0.318590 -0.250146 -0.124739 0.234620 -0.010977 -0.028550 -0.044214 -0.456635 -0.353113 -0.316138 -0.320542 0.001783 -0.011445 0.033666 -0.193619 -0.171085 0.025051 0.092010 -0.018464 0.064445 0.248474 0.244774 0.257802 0.215421 0.164675 0.169579 0.026778 0.285684 0.224052 0.296492 0.317984 0.200391 0.252115 0.113657 0.164231 0.019751 0.321896 -0.037841 -0.232073 -0.070070 0.007885 -0.183737 -0.266590 0.041152 -0.058177 -0.044403 0.354750 0.136071 0.177087 -0.127693 -0.142088 0.002018 -0.067775 0.081031 -0.086577 -0.354617 -0.113199 0.099611 0.147010 0.200485 0.183575 -0.137262 -0.047484 0.085211 -0.065777
0.040409 0.073354 0.663771 -0.064578 -0.111166 0.134960 -0.321066 -0.462808 -0.303489 -0.350027 0.492007 -0.409359 0.336487 -0.447977 0.349853 -0.097746 -0.048768 -0.435941 -0.061139 0.040169 0.079244 0.165741 1.000000 0.594038 0.318309 0.608390 0.357465 0.662809 -0.453818 -0.342720 0.387836 0.147905 -0.117567 -0.316511 0.203278 0.304035 -0.003212 -0.010508 0.089910 0.104933 0.009926 0.011825 -0.284707 -0.174275 -0.311243 -0.198030 -0.105360 -0.164637 -0.080038 -0.113244 0.325909 0.072391 0.065552 0.158097 0.114544 0.106432 -0.078937 0.026180 0.022719 0.088894 -0.451494 -0.445045 -0.358079 -0.485095 0.266381 -0.375013 0.281387 0.272142 -0.028753 0.051168 0.147101 0.236158 -0.236461 0.218023 0.250703 0.044386 -0.015880 0.056910 -0.243747 0.076494 -0.310669 -0.332610 0.027844 -0.484810 0.278017 0.027497 0.261834 -0.018689 0.277441 0.169511 -0.086211 0.147660 0.038486 0.283123 -0.138444 0.077445 0.011736 -0.164116 -0.179595 0.135097 -0.197914 -0.143632 -0.156845 -0.070953 0.061354 0.088500 -0.099957 -0.090123 0.082994 0.089508 0.137553 0.039840 -0.163336 0.044690 0.101704 -0.054699
-0.449209 -0.424253 0.579043 0.305573 -0.011208 0.222934 0.195137 0.063964 -0.099764 0.037532 0.065050 -0.022617 0.101861 -0.183665 0.074076 -0.012239 -0.324342 -0.406625 -0.088523 0.147328 0.232418 0.143245 0.594038 1.000000 0.302395 0.520896 0.066143 0.172315 -0.268532 -0.092818 0.547602 0.611180 -0.395330 -0.227872 0.018812 0.201341 0.075520 0.041415 -0.155432 -0.170857 -0.011938 -0.090089 0.043913 -0.079235 -0.198701 -0.037166 -0.187738 0.022182 -0.106693 -0.092467 0.294255 0.181036 -0.031873 0.353970 -0.256865 -0.141963 -0.573377 -0.522353 -0.352812 -0.134944 -0.440361 -0.305536 -0.146903 -0.309982 0.132720 -0.232942 -0.010853 0.526391 -0.403682 -0.226609 0.376743 0.257307 -0.192948 0.224682 0.279090 0.131002 0.288030 0.375224 -0.261236 -0.176823 -0.471770 -0.341828 -0.064473 -0.107276 -0.145426 -0.148178 -0.184260 -0.234043 -0.157838 -0.100716 0.407336 0.282735 0.284591 0.306662 -0.046401 0.109600 -0.206362 -0.056757 -0.291089 0.068169 0.123733 -0.115986 0.156060 -0.036330 0.184766 0.281186 -0.109645 -0.029240 0.150047 0.185389 0.118422 0.042089 -0.104445 0.362808 0.345490 0.160297
-0.239861 -0.182470 0.155625 0.083765 0.575107 0.568004 0.022114 -0.002178 0.333726 0.362083 0.083955 -0.297162 0.146912 -0.032340 0.164167 0.082009 -0.150379 -0.211415 -0.131069 -0.150624 0.367119 0.322811 0.318309 0.302395 1.000000 0.592022 0.533605 0.402333 -0.128901 -0.217480 0.208154 0.077715 -0.057482 -0.085519 0.109444 0.341499 0.145168 0.143617 0.182921 0.164099 -0.066448 0.295658 -0.102519 -0.114316 -0.061718 0.083414 -0.275334 -0.213736 -0.088220 0.039510 -0.060267 -0.002638 -0.063320 -0.113676 0.403465 0.003889 -0.258449 -0.132381 -0.114902 0.002690 -0.032827 -0.048121 -0.202079 -0.227826 0.325646 0.123108 0.126938 0.235980 -0.218799 -0.203964 0.163851 0.055242 -0.055327 0.348644 0.367913 0.121848 0.118991 0.006887 -0.228615 -0.062601 -0.165867 -0.214361 -0.158957 -0.224808 0.000177 0.108910 0.104813 -0.025330 0.139348 0.009353 -0.131389 -0.133979 0.095251 -0.011078 -0.002418 -0.084946 -0.042183 0.114524 -0.122039 -0.058325 -0.064922 -0.130899 -0.075818 -0.235209 0.104970 -0.093096 -0.275299 -0.018680 0.105821 -0.013337 0.015198 0.017378 -0.099762 -0.006332 0.222548 -0.143247
-0.227241 -0.250537 0.426816 0.058612 0.208310 0.536859 -0.172706 -0.183476 -0.160702 -0.002675 0.171656 -0.326167 0.068319 -0.293073 0.158154 0.013308 -0.107571 -0.179050 -0.136234 -0.085278 0.271395 0.416526 0.608390 0.520896 0.592022 1.000000 0.604605 0.707455 -0.177989 -0.159891 0.384535 0.260483 -0.021815 -0.071473 0.216210 0.426247 0.335391 0.220727 0.326948 0.259357 0.140674 0.310147 -0.218039 -0.098620 -0.191497 0.044191 -0.259403 -0.214600 -0.292543 -0.344795 0.019073 -0.161119 -0.105327 -0.069318 0.390878 0.136256 -0.302997 -0.237210 -0.224664 -0.191017 -0.246917 -0.346874 -0.237024 -0.310603 0.304045 -0.149457 -0.013383 0.296674 -0.210576 -0.239003 0.196234 0.324839 0.014385 0.382451 0.430064 0.224903 0.222126 0.236024 -0.187751 -0.105381 -0.238681 -0.150718 -0.006955 -0.120456 0.075933 0.151806 0.080897 -0.026758 0.163779 0.081915 -0.078133 0.000056 0.062454 0.189088 0.042293 0.358041 0.065627 0.060571 -0.130139 0.064973 -0.156952 -0.091013 -0.068738 -0.075982 0.087999 0.040140 -0.332599 0.019748 0.152316 0.194651 0.090878 -0.041274 -0.178949 0.207592 0.195291 -0.107575
0.120436 0.086231 0.149313 -0.147316 0.533335 0.707426 -0.399721 -0.339741 -0.002315 0.017045 0.368035 -0.456358 0.096346 -0.285468 0.235064 0.035546 0.108531 -0.074515 0.028757 -0.030202 0.282603 0.391458 0.357465 0.066143 0.533605 0.604605 1.000000 0.717489 -0.235874 -0.332282 -0.067716 -0.207937 -0.012027 -0.190520 0.125125 0.198936 0.105496 0.032219 0.406139 0.335984 -0.095197 0.395045 -0.420173 -0.255862 -0.217204 -0.072648 -0.308347 -0.441434 -0.143488 -0.217361 -0.075461 -0.201451 -0.161294 -0.390713 0.541840 -0.009501 0.110432 0.193224 0.084721 0.076388 -0.078427 -0.188527 -0.242628 -0.315151 0.212388 0.010991 0.150838 0.117015 0.028205 0.027790 0.236687 0.096474 -0.060409 0.315437 0.256008 0.152794 -0.094537 -0.098637 -0.225696 -0.204230 0.000025 -0.145804 0.021347 -0.212581 0.284212 0.192574 0.059147 -0.038648 0.392648 0.129224 -0.260359 -0.014239 0.009235 0.011914 0.137284 0.059626 -0.011191 0.173814 -0.110348 0.056946 -0.161328 -0.102323 -0.220071 -0.139777 -0.043655 -0.170642 -0.434143 0.175425 -0.068722 0.096222 0.021274 0.086169 -0.093978 -0.089738 0.004724 0.004354
0.216702 0.213122 0.363029 -0.269315 0.167357 0.335468 -0.574005 -0.531937 -0.210505 -0.298543 0.513993 -0.436263 0.255391 -0.380906 0.351540 -0.005068 0.118343 -0.162096 -0.222050 -0.202062 0.124723 0.313391 0.662809 0.172315 0.402333 0.707455 0.717489 1.000000 -0.319081 -0.339371 0.119649 -0.176351 0.014988 -0.304452 0.148784 0.266788 0.147047 -0.011919 0.367905 0.364555 0.153385 0.254438 -0.377183 -0.221737 -0.223613 -0.011056 -0.160383 -0.396543 -0.076727 -0.096875 0.179916 -0.056014 0.052459 -0.169645 0.508910 0.222362 0.118087 0.178992 0.215866 0.189935 -0.171140 -0.295512 -0.373600 -0.445672 0.261890 -0.170552 0.297498 0.147116 0.066988 0.039521 0.222651 0.239180 -0.102942 0.311643 0.230456 0.092513 -0.188503 -0.142848 -0.178760 0.045656 -0.034452 -0.192150 0.204204 -0.326535 0.428224 0.334166 0.307785 0.053409 0.426156 0.314370 -0.394470 -0.078608 -0.102796 0.037646 0.104141 0.176645 0.130509 0.138664 -0.080652 -0.023780 -0.405149 -0.270030 -0.396148 -0.309061 -0.048845 -0.221520 -0.317407 0.005797 0.061557 0.200012 -0.070607 -0.114953 -0.233706 -0.072825 -0.130184 -0.122009
-0.195020 -0.255475 -0.374494 -0.051459 -0.009429 0.008854 0.308929 0.234302 0.149436 0.207260 -0.334570 0.399073 -0.157286 0.323793 -0.046333 0.307762 0.279809 0.570202 0.072961 0.043244 0.315840 0.188715 -0.453818 -0.268532 -0.128901 -0.177989 -0.235874 -0.319081 1.000000 0.616572 0.280660 0.406822 0.185546 0.359032 -0.160139 -0.386678 0.257835 0.070218 -0.240882 -0.025752 0.175661 -0.036528 0.267947 0.320861 0.209359 0.029018 0.122501 0.248318 -0.234657 -0.130512 -0.368266 -0.200398 -0.032441 -0.098130 -0.029353 -0.033555 0.046255 -0.012960 -0.347320 -0.413419 0.130900 0.020323 0.543214 0.454947 -0.357305 0.000700 -0.485380 -0.374075 0.040836 -0.124881 -0.022998 0.131692 0.730815 0.059117 0.111515 0.246467 0.297828 0.069410 0.383836 0.309950 0.441566 0.539691 0.265351 0.495657 -0.244924 0.196221 -0.022866 0.033725 -0.286786 -0.204252 -0.113870 -0.357653 -0.410083 -0.411092 -0.151558 -0.162918 -0.177810 0.070307 0.149355 -0.185899 -0.115049 0.067882 0.028485 0.037316 -0.001089 -0.115019 -0.135666 -0.024964 -0.267977 -0.095987 -0.127217 -0.125348 0.090460 0.088949 0.057211 -0.007406
-0.260798 -0.345087 -0.402486 0.033580 -0.146668 -0.037360 0.352707 0.288414 0.053451 0.284898 -0.481483 0.327634 -0.349367 0.312126 -0.117366 0.288449 0.292647 0.615802 -0.106186 -0.006918 0.335701 0.265899 -0.342720 -0.092818 -0.217480 -0.159891 -0.332282 -0.339371 0.616572 1.000000 0.255652 0.375047 0.021578 0.374791 0.046461 -0.105282 0.422811 0.323903 -0.220941 -0.171285 0.220992 0.124477 0.475738 0.300392 0.144429 0.113659 0.111628 0.317516 -0.357087 -0.096621 -0.263908 -0.064321 -0.137173 0.106815 -0.216122 -0.097413 -0.045529 -0.174259 -0.480148 -0.410040 -0.112376 0.011432 0.345735 0.535385 -0.229076 -0.021081 -0.502845 -0.286803 -0.164827 -0.318412 0.068757 0.403493 0.708761 0.321064 0.287904 0.462976 0.386470 0.286827 0.385458 0.333279 0.363410 0.534318 0.209981 0.533592 -0.224275 0.077454 -0.093625 -0.058530 -0.430304 -0.392977 0.107125 -0.257266 -0.184525 -0.280830 -0.203572 -0.219404 -0.302594 0.078886 0.189975 -0.139756 0.126240 -0.060665 0.146879 0.001809 -0.028973 -0.227891 -0.112997 -0.077295 -0.109252 -0.080108 -0.088024 0.119812 -0.010591 0.066861 0.005846 -0.069343
-0.335066 -0.446668 0.324761 -0.006932 -0.050811 0.114793 0.300771 -0.015657 -0.100527 0.014676 0.027291 0.206809 0.085383 0.101584 0.033873 0.139463 -0.078298 -0.042948 -0.063841 0.015063 0.367472 0.216034 0.387836 0.547602 0.208154 0.384535 -0.067716 0.119649 0.280660 0.255652 1.000000 0.825019 -0.095768 -0.018026 0.103120 0.107995 0.082187 -0.085264 -0.392514 -0.311967 0.143294 -0.208802 0.249919 0.288800 0.078482 0.105295 0.098474 0.197069 -0.202068 -0.187709 0.102693 0.062509 0.003711 0.318749 -0.328241 -0.143414 -0.361406 -0.357420 -0.360578 -0.395718 -0.221602 -0.214213 0.235414 0.080351 -0.095320 -0.260063 -0.142493 0.165636 -0.241398 -0.284438 0.159260 0.371682 0.313505 0.197468 0.276370 0.322288 0.376920 0.337049 0.106258 0.202920 -0.146065 0.046433 0.196448 0.124869 -0.123670 0.117342 0.018226 -0.052932 -0.259764 -0.231755 -0.000710 -0.224936 -0.170759 -0.091545 -0.269657 -0.045804 -0.261681 -0.126179 -0.156628 -0.137326 -0.153052 -0.090715 -0.093734 -0.050540 0.265584 0.121466 -0.166762 -0.219300 -0.088270 0.003312 0.075366 -0.134689 -0.193800 0.324867 0.210805 0.000897
-0.543868 -0.618827 0.211042 0.181285 -0.027524 0.183238 0.548974 0.260095 -0.026638 0.207383 -0.231836 0.349916 -0.075214 0.176543 -0.077784 0.216546 -0.169953 -0.043456 0.063234 0.116431 0.331095 0.294714 0.147905 0.611180 0.077715 0.260483 -0.207937 -0.176351 0.406822 0.375047 0.825019 1.000000 -0.194759 0.160910 0.007101 -0.036456 0.163488 0.013177 -0.424588 -0.326389 0.082763 -0.144878 0.338071 0.238067 0.020929 0.018227 -0.010018 0.263520 -0.315784 -0.298789 -0.028715 0.015828 -0.071181 0.351568 -0.439787 -0.262803 -0.509189 -0.516804 -0.542127 -0.521386 -0.217836 -0.159016 0.398166 0.170646 -0.138281 -0.194806 -0.380842 0.164422 -0.357510 -0.406234 0.197746 0.337179 0.292844 0.190065 0.276670 0.317762 0.520476 0.455262 0.114085 0.029188 -0.149722 0.134662 0.151331 0.381112 -0.293784 -0.061552 -0.233330 -0.102450 -0.385419 -0.334028 0.291408 -0.031511 -0.023032 -0.018467 -0.192460 0.020874 -0.336800 -0.062739 -0.117457 -0.024943 0.031681 0.062410 0.100572 0.100205 0.290435 0.225653 -0.119688 -0.091929 -0.064189 0.060747 0.080741 -0.020833 -0.138915 0.452891 0.406382 0.063717
0.437632 0.299914 -0.195775 -0.359555 -0.072450 -0.259640 -0.210396 -0.324617 -0.153156 -0.251790 0.070690 -0.207005 -0.276139 -0.312286 -0.157014 -0.293152 0.563752 0.349611 0.251630 0.284203 -0.202058 -0.025498 -0.117567 -0.395330 -0.057482 -0.021815 -0.012027 0.014988 0.185546 0.021578 -0.095768 -0.194759 1.000000 0.512445 0.240794 -0.064722 -0.025308 -0.254019 0.298130 0.255829 0.073678 -0.116371 0.083291 0.391503 0.496162 0.186946 0.228505 0.125428 -0.106607 -0.070051 -0.398454 -0.483110 -0.412279 -0.496475 0.222161 0.158854 0.523279 0.547799 -0.047262 -0.051142 -0.048413 -0.200929 0.405503 0.294266 -0.217534 -0.336274 0.268371 -0.259467 0.494995 0.302589 -0.349949 -0.134107 0.199202 -0.236246 -0.111942 -0.177820 -0.155003 -0.247795 0.298656 0.298012 0.500498 0.500224 -0.083937 -0.046736 0.141538 0.188120 0.331210 0.303757 0.116509 -0.168918 -0.535770 -0.301406 -0.455021 -0.249269 -0.043214 -0.054911 0.399816 -0.096572 0.293101 -0.176000 -0.348875 -0.078261 -0.050981 -0.058668 -0.290746 -0.125778 -0.075962 -0.029233 -0.048262 -0.176697 0.025353 0.089507 0.238900 -0.309764 -0.137357 -0.187876
-0.147709 -0.108620 -0.431719 -0.036486 -0.202907 -0.117823 0.020093 -0.045731 -0.225899 0.004610 -0.428764 -0.002383 -0.391747 -0.083588 -0.272196 -0.104714 0.333556 0.475399 0.214123 0.351475 0.011810 0.313816 -0.316511 -0.227872 -0.085519 -0.071473 -0.190520 -0.304452 0.359032 0.374791 -0.018026 0.160910 0.512445 1.000000 0.325689 0.042842 0.127258 0.135229 0.194482 0.141427 0.097428 0.064585 0.354537 0.352706 0.411098 0.147996 0.074413 0.367880 -0.503272 -0.384545 -0.663273 -0.586763 -0.486001 -0.346057 -0.007203 0.005129 0.190449 0.168856 -0.489392 -0.550143 -0.061206 -0.157290 0.516009 0.415952 -0.128029 -0.243041 -0.254959 -0.274677 0.345540 0.181735 -0.275633 0.121705 0.240624 -0.158199 -0.152196 -0.023783 0.124013 0.044217 0.535743 0.312763 0.477747 0.725146 -0.179998 0.408966 -0.085423 -0.016633 -0.007613 0.356767 -0.220371 -0.450904 0.016160 -0.108922 -0.238281 -0.277707 -0.155912 0.000189 0.153415 0.023016 0.284335 0.081555 -0.004454 -0.018814 0.172678 0.242311 -0.107558 0.157569 -0.040610 -0.139287 0.067582 -0.025247 0.144236 0.323168 0.200921 -0.022518 0.094324 -0.132073
0.017077 -0.028996 -0.038914 -0.312470 -0.085307 0.010438 -0.098658 -0.281636 -0.390076 -0.309102 0.042505 -0.419242 -0.322884 -0.445793 -0.308455 -0.222934 0.054758 0.077318 0.012765 0.287109 0.025457 0.351095 0.203278 0.018812 0.109444 0.216210 0.125125 0.148784 -0.160139 0.046461 0.103120 0.007101 0.240794 0.325689 1.000000 0.365951 -0.056060 0.067606 0.137500 -0.006300 -0.082001 0.074580 -0.012417 0.168637 0.245550 0.365789 -0.063648 0.054085 -0.609044 -0.415438 -0.406224 -0.567032 -0.525141 -0.323536 0.074072 -0.201801 0.064108 0.121314 -0.208896 -0.322072 -0.379697 -0.341365 -0.103027 -0.010719 0.149675 -0.267712 0.170744 0.228560 0.269824 0.165679 -0.255457 0.095294 0.086687 -0.087446 -0.005342 -0.110413 -0.046377 0.070439 0.307632 0.219798 0.118624 0.291668 -0.204729 0.020231 0.183831 0.175627 0.015117 0.380614 0.081541 -0.261077 -0.070494 0.084421 -0.157059 0.014157 -0.082128 -0.065502 0.152246 0.059016 0.193148 0.154163 -0.122741 -0.128746 0.039536 0.129254 0.026286 0.188234 -0.036514 -0.135475 0.044628 -0.103915 0.370312 0.318420 -0.223728 -0.065675 0.028727 -0.225189
-0.309846 -0.137816 0.197188 0.226183 0.121455 0.207591 0.037690 0.051920 -0.084975 0.075650 -0.034116 -0.145587 0.152480 -0.050030 -0.027158 -0.059668 -0.367254 -0.184914 -0.297171 -0.163762 0.000447 -0.023462 0.304035 0.201341 0.341499 0.426247 0.198936 0.266788 -0.386678 -0.105282 0.107995 -0.036456 -0.064722 0.042842 0.365951 1.000000 0.144196 0.361194 0.141908 -0.000134 -0.069328 0.304792 -0.061069 -0.181009 -0.099710 0.078033 -0.210456 -0.167323 -0.343466 -0.283583 0.103477 -0.015241 0.053819 0.158068 0.136759 -0.083968 -0.416980 -0.336847 -0.028727 -0.250925 0.007216 -0.034202 -0.292031 -0.310349 0.471864 0.144092 -0.035428 0.223581 -0.271766 -0.203965 0.073131 0.255032 -0.135865 0.276420 0.245447 0.162541 0.282970 0.494206 -0.145310 -0.108454 -0.390204 -0.166678 -0.292040 -0.204261 -0.047417 -0.068245 -0.015967 -0.081544 0.069671 -0.015179 0.230101 0.066840 0.415076 0.250518 -0.193319 0.074472 -0.091048 -0.174592 -0.206834 0.042278 0.130363 -0.023597 0.158837 0.056487 0.184049 0.109998 0.116326 -0.046939 0.034110 0.025269 0.194083 0.115030 -0.207308 0.288490 0.191350 -0.206809
