1.000000 0.377478 -0.247939 -0.196783 -0.458904 -0.102930 -0.117914 -0.272848 -0.160193 -0.404186 0.344982 0.083825 0.263952 -0.145997 0.143614 0.010825 0.130160 0.309331 0.013257 0.007683 -0.257673 -0.343478 -0.122047 -0.147572 -0.069341 -0.261832 -0.003911 -0.126442 0.249403 0.124721 -0.311165 -0.284190 -0.065674 -0.154040 -0.204278 -0.280585 -0.042529 0.073083 0.178283 0.137841 0.032077 0.041104 0.249027 0.213312 0.224818 -0.024796 0.407595 0.302521 0.169550 0.134477 0.302117 0.274327 0.091046 0.267137 0.286727 0.334066 0.351244 0.340299 0.018647 -0.299539 0.168260 0.065353 -0.008117 0.187734 -0.007639 -0.156734 -0.145567 -0.315212 0.064139 0.162498 0.018871 -0.129422 0.008857 -0.412313 -0.065604 -0.170147 -0.285242 -0.243423 -0.073853 -0.113123 0.202167 0.353752 0.212351 0.033379 0.406386 0.223756 0.060869 0.209780 -0.036148 0.211040 -0.243561 -0.137733 -0.437319 -0.398693 0.075192 0.072352 0.421482 0.138002 0.287549 0.098629 -0.128100 -0.202040 -0.104604 -0.306428 -0.220809 -0.500264 -0.045796 -0.140572 0.211497 0.032141 -0.148385 -0.130859 0.038119 -0.255927 -0.168935 -0.517129
0.377478 1.000000 -0.411934 -0.250231 -0.560738 -0.253829 -0.353357 -0.211233 -0.240551 -0.344527 -0.099603 -0.098051 -0.131511 -0.129141 -0.194553 -0.216180 0.326392 0.258085 -0.063690 -0.190721 -0.310653 -0.328027 -0.263900 -0.311172 -0.418468 -0.447045 -0.192130 -0.374202 0.223498 0.210670 -0.341595 -0.320614 0.342941 -0.192551 -0.259565 -0.442752 0.011370 0.075869 -0.079281 -0.152185 -0.088449 -0.062879 0.234160 0.268586 0.303796 -0.071778 0.498574 0.480661 0.183548 0.235616 0.235267 0.338351 0.308803 0.438429 0.307642 0.198067 0.584477 0.528555 -0.020372 0.131011 -0.032825 0.308133 0.202055 0.543425 -0.437985 -0.236204 -0.009682 -0.379376 0.473306 0.140137 0.038226 -0.119982 0.034630 -0.195590 -0.209255 -0.279750 -0.049254 -0.204829 -0.005518 -0.076992 0.472869 0.385200 0.016792 0.252732 0.149882 0.371908 -0.202640 0.189827 -0.289313 0.165762 0.148555 -0.413428 -0.395906 -0.408498 -0.027334 -0.098491 0.203245 0.048745 0.574096 0.341599 0.109721 -0.067274 0.300099 -0.365108 -0.418889 -0.355489 0.263188 -0.192728 0.003080 0.009218 -0.373551 0.168522 0.176816 -0.029115 -0.211681 -0.276884
-0.247939 -0.411934 1.000000 0.328315 0.472728 0.186893 0.150908 -0.006280 0.292675 0.100011 0.148123 -0.225569 -0.053444 -0.107024 0.326185 0.040772 -0.157828 -0.274651 0.265784 0.247635 0.213005 0.187546 0.595342 0.520276 0.442053 0.545280 0.507270 0.566990 -0.295805 -0.358794 0.381989 0.352513 -0.230818 0.190156 0.363800 0.383306 -0.039908 -0.324783 0.056753 -0.109978 0.019036 -0.001888 -0.137987 -0.183288 -0.340609 -0.212048 -0.391420 -0.310974 -0.327624 -0.342095 -0.295609 -0.363780 -0.359580 -0.293706 -0.192088 -0.366697 -0.271303 -0.290062 0.027990 -0.224819 0.012530 -0.515942 -0.259403 -0.435228 0.524864 0.009151 0.273605 0.381896 -0.139238 0.099214 -0.044707 0.021432 -0.245784 0.290697 0.163828 0.006873 0.108700 0.236032 -0.100386 0.045984 -0.375187 -0.526776 0.119794 -0.276832 -0.019205 -0.368831 -0.082429 -0.313852 0.469927 -0.109569 -0.167935 0.202928 0.287878 0.439292 -0.150362 0.089205 -0.238089 -0.318740 -0.500350 -0.261666 -0.217950 0.124987 -0.279060 0.079619 0.175423 0.262992 -0.233679 0.094638 0.076620 0.196408 0.249010 -0.070938 -0.231983 -0.008012 0.147688 0.111097
-0.196783 -0.250231 0.328315 1.000000 0.259566 0.223663 0.281805 0.379707 0.397454 0.265857 0.302188 0.370402 0.095253 0.238529 0.306279 0.309649 0.170277 -0.187239 0.263052 0.357142 -0.137978 0.123739 0.193136 0.588377 0.205519 0.356382 0.068482 0.263545 -0.173701 -0.159908 0.275471 0.354121 0.063704 0.266484 0.127665 0.059034 -0.139658 -0.304430 -0.124177 -0.128425 0.198128 -0.129635 -0.153291 -0.305812 -0.297128 -0.330962 -0.366551 -0.420889 -0.559829 -0.414653 -0.216715 -0.368850 -0.348121 -0.324969 -0.297801 -0.299669 -0.339556 -0.392033 0.043764 -0.081584 -0.077971 -0.264887 -0.246446 -0.249393 0.333768 0.148068 0.154373 0.301626 -0.435190 0.063613 -0.174114 -0.013072 -0.106334 0.186985 0.154055 0.203745 0.179377 0.279945 0.123948 0.036817 -0.287637 -0.494610 -0.102975 -0.227975 -0.053763 -0.234514 0.231805 -0.389969 0.118378 0.120756 -0.051114 0.126790 0.358080 0.136425 -0.051264 0.048144 -0.300454 -0.283200 -0.409128 -0.136324 0.004400 -0.004792 -0.168054 0.133717 0.164447 0.246909 -0.146974 0.262091 0.063957 -0.180367 -0.004713 -0.185956 -0.186999 -0.003265 0.339280 0.238904
-0.458904 -0.560738 0.472728 0.259566 1.000000 0.210412 0.147348 0.078031 0.372751 0.408332 -0.035652 -0.031343 0.133683 0.142533 0.260151 0.179123 -0.352389 -0.418480 0.139005 0.102774 0.265726 0.207807 0.299817 0.405347 0.289837 0.347611 0.302687 0.452887 -0.354499 -0.256007 0.223063 0.174318 -0.167551 0.150960 0.213293 0.351843 -0.061783 -0.040644 0.080669 0.149873 -0.185581 0.090619 -0.099534 -0.095921 -0.355787 0.021785 -0.404896 -0.385240 -0.164334 -0.260765 -0.197886 -0.409559 -0.218639 -0.371315 -0.257218 -0.269557 -0.512322 -0.496110 0.239602 0.013836 -0.035551 -0.359650 -0.174540 -0.528332 0.292216 0.164514 0.096019 0.408769 -0.250630 -0.019707 0.010563 -0.010525 -0.173024 0.095417 -0.051999 0.222052 0.127825 0.227104 -0.215272 0.012817 -0.474528 -0.559113 0.027683 -0.364584 -0.161369 -0.264669 -0.048461 -0.173283 0.359509 -0.199210 -0.093307 0.460055 0.347678 0.389681 -0.202895 -0.148793 -0.318119 -0.375418 -0.493001 -0.371275 -0.088722 0.065362 -0.141695 0.304151 0.367404 0.297094 -0.085056 0.153423 -0.035192 -0.093338 0.256866 -0.127018 -0.253711 -0.098137 0.046067 0.151404
-0.102930 -0.253829 0.186893 0.223663 0.210412 1.000000 0.385483 0.515436 0.332373 0.436455 0.127663 0.304752 0.344953 0.387432 0.367714 0.303033 0.008451 -0.175590 -0.009970 -0.017076 0.048457 0.253743 -0.146466 0.161684 0.451206 0.265900 0.187330 0.220093 -0.260357 -0.208274 0.143898 0.324008 -0.024816 0.178868 0.165603 0.287303 -0.297304 -0.369938 -0.368378 -0.181351 -0.043791 0.113518 -0.185191 -0.199239 -0.102342 0.131384 -0.281199 -0.283983 -0.055557 -0.160032 0.035951 -0.102531 -0.220829 -0.252995 -0.435108 -0.398355 -0.335927 -0.307526 0.201521 0.065920 0.193755 -0.023013 -0.038087 -0.332469 0.246597 0.455213 0.135357 0.225733 -0.287890 -0.112152 0.270349 0.288637 -0.004508 0.049541 -0.015673 0.119609 -0.069709 0.113245 -0.204816 0.076742 -0.122492 -0.295744 0.116143 -0.087650 -0.113532 0.000400 0.075382 -0.048660 0.119047 -0.196845 0.094574 -0.077718 0.182273 -0.004063 0.118146 -0.276398 -0.415257 -0.384731 -0.525831 -0.228065 0.258432 -0.103333 -0.147516 -0.152568 0.047713 0.063379 -0.271988 0.094597 -0.137203 -0.114801 -0.281586 -0.305131 -0.166480 0.085343 -0.045756 0.064965
-0.117914 -0.353357 0.150908 0.281805 0.147348 0.385483 1.000000 0.631891 0.622581 0.351281 0.347967 0.485760 0.464841 0.483722 0.413955 0.319653 -0.082966 -0.227803 0.010820 0.215521 0.004985 0.051842 -0.309155 0.117895 0.303801 0.128810 0.087584 0.070942 0.048464 -0.000656 0.075830 0.273093 0.010434 0.435292 0.276375 0.336014 -0.038295 -0.116986 -0.158479 -0.181515 0.128419 0.089315 -0.401764 -0.331108 -0.455083 -0.145913 -0.546737 -0.645323 -0.427508 -0.533022 -0.420786 -0.566042 -0.530078 -0.596348 -0.318590 -0.388391 -0.559532 -0.476741 0.306501 -0.117218 0.477292 -0.023384 -0.206262 -0.212269 0.495012 0.533373 0.283953 0.150787 -0.628393 0.022706 -0.146372 0.300102 0.073229 0.175502 0.291744 0.134753 0.276191 0.499634 -0.072976 0.051403 -0.228433 -0.268929 0.090935 -0.117499 -0.330288 -0.562328 0.166150 -0.190708 0.228409 -0.291086 -0.075116 0.170631 0.292067 0.224576 0.033178 0.032955 -0.118538 -0.026873 -0.509527 -0.287311 0.075563 -0.118729 -0.110148 0.077629 0.083617 0.255116 -0.131658 0.083750 -0.043971 -0.048242 0.209820 -0.188782 -0.294893 0.164010 0.323976 -0.018434
-0.272848 -0.211233 -0.006280 0.379707 0.078031 0.515436 0.631891 1.000000 0.445712 0.682671 -0.049375 0.525397 0.156499 0.692432 0.113866 0.399536 -0.077133 0.027380 -0.257847 0.035187 0.049289 0.240117 -0.532519 0.085449 0.228455 0.258252 -0.136685 -0.119505 -0.001416 0.206266 0.207251 0.468915 0.132530 0.470575 0.135807 0.371529 -0.141272 -0.155835 -0.416786 -0.172351 0.323542 0.264467 -0.366901 -0.356277 -0.118737 0.008908 -0.403702 -0.491035 -0.291693 -0.331014 -0.102742 -0.375269 -0.260131 -0.448545 -0.409820 -0.372948 -0.576954 -0.479976 0.235993 0.137430 0.431427 0.251365 0.134902 -0.044960 0.237207 0.738682 0.357075 0.330101 -0.495484 -0.229720 -0.034774 0.210406 0.163401 0.229708 0.239808 0.084275 0.174775 0.324072 0.004790 0.120925 -0.048886 -0.156243 -0.066065 0.173123 -0.274582 -0.246609 0.039858 -0.219541 -0.061176 -0.252103 0.000061 -0.232986 0.300023 -0.103516 0.101822 0.021281 -0.282054 -0.177061 -0.580397 -0.335378 0.335584 -0.226237 -0.209644 -0.200218 -0.104129 0.007168 -0.229210 0.155028 0.008031 -0.096065 -0.159439 -0.368937 -0.055640 0.180762 0.074953 0.164175
-0.160193 -0.240551 0.292675 0.397454 0.372751 0.332373 0.622581 0.445712 1.000000 0.407918 0.426791 0.447250 0.391309 0.325669 0.621253 0.429913 -0.085570 -0.183593 0.100230 0.098023 -0.123482 0.003915 -0.154633 0.218405 0.353364 0.209598 0.356438 0.137240 -0.090685 -0.069528 0.016111 0.234316 -0.056494 0.374705 0.274226 0.428019 -0.281419 -0.245934 -0.343215 -0.231650 -0.009326 -0.033134 -0.236452 -0.226647 -0.286786 -0.036899 -0.515835 -0.527355 -0.338033 -0.386561 -0.275850 -0.467288 -0.408472 -0.494308 -0.305082 -0.472401 -0.498067 -0.470246 0.236614 -0.260925 0.274219 -0.178510 -0.224610 -0.246744 0.439715 0.373610 0.244914 0.203689 -0.471442 0.004606 -0.153274 0.169623 0.008087 -0.005800 0.149176 -0.029470 0.207262 0.443582 -0.210185 -0.043888 -0.268673 -0.280337 0.203455 -0.327274 -0.206749 -0.351450 0.125180 -0.271473 0.272915 -0.269369 -0.023071 0.213756 0.271289 0.185721 -0.095618 -0.080991 -0.265404 -0.274437 -0.460073 -0.330812 -0.045069 -0.280279 -0.131391 -0.019192 0.070647 0.156381 -0.121417 0.015676 -0.046884 0.016121 0.149513 -0.116472 -0.197939 0.038605 0.207974 -0.015195
-0.404186 -0.344527 0.100011 0.265857 0.408332 0.436455 0.351281 0.682671 0.407918 1.000000 -0.140811 0.398397 0.104013 0.476571 0.064662 0.512840 -0.077215 0.007796 -0.120224 -0.020932 0.314418 0.289281 -0.358817 0.095912 0.280991 0.229130 -0.068722 -0.101414 -0.162273 0.228359 0.293191 0.332067 0.007893 0.386038 0.210803 0.409109 -0.281542 -0.128615 -0.303080 -0.053461 0.172937 0.166333 -0.296156 -0.275659 -0.120519 0.114851 -0.365997 -0.461893 -0.193190 -0.195622 -0.051974 -0.307301 -0.095183 -0.288811 -0.357189 -0.308197 -0.577364 -0.475836 0.059568 0.224020 0.204493 0.183526 0.025031 -0.107585 0.142652 0.539591 0.258690 0.241161 -0.399591 -0.244303 -0.084878 0.159540 0.106925 0.147426 0.243023 0.102500 0.107359 0.225266 -0.018350 0.192780 -0.139303 -0.178120 -0.089247 0.100199 -0.298687 -0.172470 0.040182 -0.046023 -0.095560 -0.295495 -0.027110 -0.064762 0.381404 -0.050248 -0.040094 -0.064239 -0.351818 -0.228408 -0.565315 -0.377240 0.312026 -0.042708 -0.185078 -0.081587 -0.031382 -0.027717 -0.181719 0.222733 0.035017 -0.166339 -0.219484 -0.254286 0.042180 0.103990 0.110631 0.266265
0.344982 -0.099603 0.148123 0.302188 -0.035652 0.127663 0.347967 -0.049375 0.426791 -0.140811 1.000000 0.475559 0.568013 0.058103 0.682082 0.263038 0.270751 0.042027 0.281781 0.310612 -0.448967 -0.293234 0.206901 0.237605 0.154094 -0.156614 0.335116 0.062571 0.003939 -0.264046 -0.133553 -0.149894 -0.196184 -0.065701 0.018369 -0.145427 -0.240304 -0.198178 -0.047687 -0.083609 0.060806 -0.148651 -0.117560 -0.089503 -0.251954 -0.302102 -0.129628 -0.104076 -0.211169 -0.190787 -0.067543 -0.070608 -0.192060 -0.059481 0.185310 -0.062641 -0.045513 -0.015576 -0.006691 -0.318380 0.133032 -0.100362 -0.267344 -0.196456 0.363932 0.024047 -0.160408 -0.234694 -0.335477 0.149619 -0.283847 0.037045 -0.148847 -0.386511 0.033191 -0.110772 -0.155603 0.000289 -0.109044 -0.059182 -0.201712 -0.179114 0.387688 -0.303772 0.273192 -0.078205 0.249381 0.032072 0.222531 0.228648 -0.122090 0.198333 -0.064264 0.026314 0.175874 0.056797 0.171472 0.133549 -0.068053 -0.071417 -0.177733 0.018605 -0.166380 -0.104734 -0.083232 0.117696 -0.124101 -0.134099 -0.040303 0.034270 0.036637 -0.074522 -0.155755 -0.097265 0.250612 -0.271869
0.083825 -0.098051 -0.225569 0.370402 -0.031343 0.304752 0.485760 0.525397 0.447250 0.398397 0.475559 1.000000 0.470525 0.574718 0.443836 0.502035 0.189464 0.108169 -0.073376 0.031183 -0.394330 -0.080422 -0.382838 0.117378 0.066826 0.005740 0.066832 -0.128220 0.121416 0.094075 -0.081239 0.163965 0.081077 0.302787 0.120052 0.063581 -0.281614 -0.232835 -0.280458 -0.113839 0.261253 -0.048612 -0.139348 -0.116067 -0.144526 -0.100317 -0.220449 -0.166277 -0.262077 -0.299314 -0.071088 -0.174930 -0.243814 -0.282424 -0.028994 -0.226855 -0.351230 -0.303932 0.050451 -0.080733 0.319127 0.298380 -0.082783 -0.173180 0.225511 0.554439 -0.002959 -0.028075 -0.456229 -0.059712 -0.241026 0.105151 0.043055 -0.217512 0.063600 -0.001187 0.010414 0.211034 0.096062 0.060741 -0.146264 -0.142051 0.004447 -0.180904 -0.025137 -0.037625 0.203732 -0.043993 -0.115829 -0.030209 -0.000604 -0.092722 0.097677 -0.132225 0.208900 0.024126 0.084909 0.097491 -0.198022 -0.143231 0.231880 -0.048497 -0.158933 -0.182712 -0.091535 0.040759 -0.139982 -0.118873 -0.089963 0.053439 -0.026025 -0.117070 -0.047663 0.018079 0.139143 -0.049405
0.263952 -0.131511 -0.053444 0.095253 0.133683 0.344953 0.464841 0.156499 0.391309 0.104013 0.568013 0.470525 1.000000 0.473728 0.667662 0.451589 -0.012200 -0.063766 -0.023634 0.128344 -0.261382 -0.125089 -0.097760 -0.075408 0.020158 -0.219298 0.161228 -0.043481 0.114940 -0.099457 -0.265708 -0.103901 -0.182099 0.028746 -0.059715 -0.030322 -0.191739 -0.093004 -0.038632 -0.051107 -0.223655 -0.015234 0.051213 0.212113 -0.156449 -0.006603 -0.118830 -0.216004 -0.085729 -0.166308 0.112743 -0.130470 -0.061299 -0.121519 -0.095016 -0.110058 -0.195460 -0.296418 0.068563 -0.227154 0.281890 -0.034716 0.043006 -0.210936 0.238105 0.271178 -0.200173 -0.245360 -0.324171 -0.003666 -0.054808 0.308371 0.053726 -0.255581 -0.015870 0.158159 -0.110304 0.125119 -0.119534 0.033458 -0.126553 -0.136732 0.198252 -0.157297 0.145162 -0.082458 0.005933 0.077120 0.157167 -0.043482 0.014820 0.193427 -0.057440 -0.018425 0.133044 -0.275579 -0.001651 -0.161020 -0.215576 -0.198653 -0.040476 -0.049233 -0.208870 -0.134351 -0.076126 -0.079304 -0.305861 -0.165977 -0.207151 -0.067692 -0.165441 -0.172203 -0.034348 0.043281 -0.039896 -0.289552
-0.145997 -0.129141 -0.107024 0.238529 0.142533 0.387432 0.483722 0.692432 0.325669 0.476571 0.058103 0.574718 0.473728 1.000000 0.268353 0.508249 -0.030349 0.069311 -0.329527 0.109980 -0.013097 0.189221 -0.403245 0.024278 -0.041715 -0.029815 -0.094098 -0.136638 0.070740 0.143081 -0.059219 0.232219 0.038710 0.316467 0.167340 0.102365 -0.151267 -0.130582 -0.278077 -0.091855 0.070190 0.175956 -0.180955 -0.091546 -0.052642 0.001104 -0.251929 -0.291547 -0.219526 -0.280005 -0.022694 -0.261054 -0.195360 -0.332051 -0.261308 -0.264715 -0.427801 -0.453706 0.098225 -0.011082 0.272602 0.236746 0.122823 -0.167365 0.115936 0.645918 -0.009018 0.127043 -0.313198 -0.091442 0.036691 0.160354 0.104134 -0.011320 0.048402 0.177953 -0.043948 0.216544 0.025132 0.179385 -0.000428 -0.183405 -0.051068 0.122169 -0.093665 -0.102796 -0.120734 0.004329 -0.046832 -0.206046 0.097972 -0.036660 0.158075 0.004133 0.135976 -0.071632 -0.192521 -0.205718 -0.358640 -0.176815 0.251501 -0.090849 -0.268968 -0.150176 -0.117966 0.075358 -0.192698 -0.071181 -0.130416 -0.085237 -0.201801 -0.236356 0.076029 0.202186 -0.107804 0.076193
0.143614 -0.194553 0.326185 0.306279 0.260151 0.367714 0.413955 0.113866 0.621253 0.064662 0.682082 0.443836 0.667662 0.268353 1.000000 0.451916 -0.068413 -0.158698 0.070860 0.093283 -0.309033 -0.057437 0.177457 0.267242 0.350044 0.143248 0.568702 0.313443 -0.193602 -0.337852 -0.079885 0.124932 -0.371737 0.120473 0.204384 0.180264 -0.370921 -0.320008 -0.189962 -0.294184 -0.041919 0.050258 -0.050215 -0.011765 -0.187607 -0.068904 -0.300426 -0.226605 -0.169167 -0.297617 -0.083028 -0.207502 -0.249514 -0.261318 -0.057218 -0.355148 -0.255202 -0.304451 0.028547 -0.370375 0.197212 -0.312220 -0.323551 -0.413719 0.465724 0.233706 -0.026833 0.082509 -0.281465 0.028080 -0.054391 0.088971 -0.133010 -0.254890 0.002582 0.019640 -0.005969 0.260319 -0.261965 -0.027538 -0.253235 -0.283737 0.438728 -0.403495 0.164013 -0.119336 0.112712 -0.114927 0.346126 -0.108107 -0.006831 0.104382 -0.036191 0.184149 0.114043 0.001054 0.000564 -0.257622 -0.249803 -0.210347 -0.205324 -0.036875 -0.176813 -0.166603 0.052870 0.135725 -0.395155 -0.275631 -0.036440 0.184419 0.085526 -0.150327 -0.257730 -0.100466 0.054109 -0.125267
0.010825 -0.216180 0.040772 0.309649 0.179123 0.303033 0.319653 0.399536 0.429913 0.512840 0.263038 0.502035 0.451589 0.508249 0.451916 1.000000 0.114747 -0.002887 -0.179182 0.164617 0.040913 0.220996 -0.302732 0.129102 0.174610 0.081410 0.095973 -0.013209 -0.029234 0.083002 0.016938 0.187665 -0.153004 0.302690 0.100905 0.100419 -0.377610 -0.148698 -0.228052 -0.091147 0.289090 0.091177 -0.046846 -0.069091 -0.178334 -0.025651 -0.243119 -0.270048 -0.308458 -0.229388 -0.023696 -0.272892 -0.212570 -0.240854 -0.216455 -0.350539 -0.368734 -0.378815 -0.254667 -0.134039 0.224065 0.015211 -0.106697 -0.080912 0.147792 0.287362 -0.013285 0.007552 -0.226210 -0.059121 -0.125475 0.210296 0.068006 0.040792 0.198163 0.111268 -0.042294 0.293563 -0.055174 0.123928 -0.003249 -0.036394 0.107642 0.055721 -0.057076 -0.083224 0.063709 -0.027732 -0.030198 -0.352828 0.048068 -0.096715 0.073812 -0.114122 0.172828 0.014421 -0.173382 -0.268129 -0.277521 -0.216855 0.150109 -0.149178 -0.171160 -0.153040 -0.140245 -0.062393 -0.346688 -0.092270 0.047750 -0.056473 -0.114431 -0.085911 0.085591 0.044298 0.071327 0.023098
0.130160 0.326392 -0.157828 0.170277 -0.352389 0.008451 -0.082966 -0.077133 -0.085570 -0.077215 0.270751 0.189464 -0.012200 -0.030349 -0.068413 0.114747 1.000000 0.334139 0.185290 0.322226 -0.096171 -0.094426 -0.071121 -0.105457 -0.195011 -0.352744 -0.142603 -0.306095 0.371291 0.180887 -0.032937 -0.130572 0.263259 0.063631 -0.135509 -0.441264 -0.078352 -0.164982 -0.144555 -0.193904 0.163539 -0.316709 0.107788 -0.062245 -0.102020 -0.399302 0.141097 0.131393 -0.224280 -0.051996 -0.029369 0.165555 -0.028977 0.177633 0.036772 -0.025886 0.268409 0.331863 -0.187703 -0.143015 -0.166191 0.100927 0.066679 0.247967 -0.145538 -0.278713 -0.234123 -0.448996 0.148615 0.094103 -0.127773 -0.005387 0.171112 0.067748 0.166462 0.063434 0.034208 0.003253 0.372324 0.416918 0.375064 0.169607 -0.019511 0.219187 0.041606 0.000036 0.180603 0.122414 -0.282544 0.041589 0.043796 -0.225441 -0.234277 -0.249724 0.218960 -0.007916 -0.070625 0.108030 0.208672 0.232092 0.138719 0.074509 0.076834 -0.037684 -0.182989 0.004708 0.045433 -0.048417 -0.063634 -0.181474 -0.295178 0.229628 0.006044 0.212282 0.290765 0.055576
0.309331 0.258085 -0.274651 -0.187239 -0.418480 -0.175590 -0.227803 0.027380 -0.183593 0.007796 0.042027 0.108169 -0.063766 0.069311 -0.158698 -0.002887 0.334139 1.000000 -0.260148 -0.044676 0.063490 -0.132601 -0.149985 -0.185611 -0.279111 -0.292998 -0.244295 -0.331645 0.457610 0.485061 -0.199905 -0.134539 0.033524 -0.020458 -0.221544 -0.235881 0.101521 0.095147 -0.053597 0.026445 0.143346 0.059054 -0.061544 0.085879 0.216771 -0.088375 0.311139 0.230123 0.119105 0.144014 0.248949 0.243435 0.163315 0.182538 0.151874 0.280209 0.232712 0.281819 0.051862 -0.063232 0.084337 0.280342 0.268312 0.500899 -0.044910 -0.088726 -0.240890 -0.298715 0.208811 0.029894 -0.129654 -0.124407 0.300703 -0.094225 0.074591 0.006729 -0.200491 -0.360432 0.203223 0.284981 0.418861 0.424870 -0.064315 0.419329 0.260946 0.085325 -0.210359 0.181970 -0.181348 0.310991 -0.138756 -0.309960 -0.220120 -0.388380 0.020889 0.061766 0.112643 0.165865 0.193659 -0.028824 0.087971 -0.140158 -0.082574 -0.380518 -0.400051 -0.306672 0.004482 -0.264575 -0.027450 -0.084900 -0.384696 -0.022129 0.183453 -0.056848 -0.147640 0.039034
0.013257 -0.063690 0.265784 0.263052 0.139005 -0.009970 0.010820 -0.257847 0.100230 -0.120224 0.281781 -0.073376 -0.023634 -0.329527 0.070860 -0.179182 0.185290 -0.260148 1.000000 0.363828 0.086301 -0.061163 0.341761 0.178952 0.060384 -0.116218 0.181566 -0.003067 -0.007078 -0.046190 0.214091 -0.077502 0.265079 0.092005 -0.042276 -0.055938 0.052398 -0.091485 0.183192 0.034850 0.001398 0.027142 -0.185520 -0.268514 -0.240153 -0.169541 -0.022975 -0.203093 -0.204757 -0.086251 -0.219463 -0.060082 -0.090901 0.052224 0.049841 0.019413 -0.095571 -0.034987 0.111160 -0.060620 -0.179875 -0.171048 -0.005920 0.001033 0.132287 -0.264753 0.135280 -0.193673 -0.274888 -0.057648 -0.128097 -0.050390 -0.006737 -0.022869 0.202433 0.033570 0.004276 0.061891 0.197838 0.020009 -0.068876 -0.195358 0.075518 -0.124572 0.000292 -0.316539 0.281617 -0.294496 -0.047703 0.083623 -0.092443 0.304913 0.000831 0.108728 -0.201566 -0.057371 -0.198073 -0.112948 -0.073302 0.048964 -0.395357 0.236562 -0.132544 0.249072 0.035561 0.095676 0.059965 0.146922 -0.047202 -0.096037 0.008151 0.147606 -0.090816 -0.093409 0.216168 0.053906
0.007683 -0.190721 0.247635 0.357142 0.102774 -0.017076 0.215521 0.035187 0.098023 -0.020932 0.310612 0.031183 0.128344 0.109980 0.093283 0.164617 0.322226 -0.044676 0.363828 1.000000 0.023485 0.143854 0.265268 0.347661 0.061351 0.025400 0.080966 0.086724 0.097119 -0.056416 0.035087 -0.041640 -0.021539 0.215595 0.051602 -0.122722 0.084678 0.050579 0.139453 0.003880 0.091556 -0.041025 -0.212375 -0.314420 -0.411687 -0.604790 -0.230331 -0.305079 -0.544205 -0.462191 -0.274118 -0.386494 -0.239953 -0.268992 -0.108158 -0.255003 -0.110808 -0.168757 -0.170311 -0.267308 -0.108629 -0.266152 -0.121357 -0.178589 0.127454 -0.149370 -0.181851 -0.029805 -0.224767 0.086345 -0.158494 0.087334 0.098462 0.181540 0.375761 0.313212 0.213623 0.214803 0.290768 0.284953 -0.083891 -0.296685 0.036917 0.015041 -0.096660 -0.400314 0.084421 -0.183196 0.079643 -0.003948 -0.040002 0.280688 0.135168 0.265461 0.038065 0.179734 -0.179887 -0.059907 -0.204563 0.010932 -0.119663 0.028114 -0.098899 0.241558 0.036609 0.275575 -0.151451 0.090403 -0.025443 -0.105227 0.121501 0.074543 0.038655 0.186467 0.373682 0.266338
-0.257673 -0.310653 0.213005 -0.137978 0.265726 0.048457 0.004985 0.049289 -0.123482 0.314418 -0.448967 -0.394330 -0.261382 -0.013097 -0.309033 0.040913 -0.096171 0.063490 0.086301 0.023485 1.000000 0.454767 -0.006249 -0.014620 0.060237 0.071308 -0.100754 0.103769 0.037523 0.269616 0.155885 0.030317 -0.046138 0.120828 0.068653 0.110150 0.129247 0.020687 0.175390 0.218428 -0.087567 0.160056 -0.149006 -0.183279 -0.039852 0.218315 -0.058003 -0.190589 0.093132 0.089344 -0.011752 -0.097769 -0.098377 -0.061135 -0.364331 0.163181 -0.229462 -0.059107 0.094196 0.038032 -0.103905 -0.186086 0.052548 0.062235 0.090133 -0.085736 0.135307 0.066262 -0.073646 -0.017597 -0.053339 -0.060756 0.077849 0.246801 0.248908 0.248705 -0.139418 -0.027062 0.084573 0.145487 0.102165 0.065721 -0.188236 0.361593 -0.133311 -0.183860 -0.061836 -0.077091 -0.059261 -0.303937 -0.250965 0.085577 0.112616 0.036415 -0.252096 -0.054541 -0.328600 -0.225407 -0.312068 -0.254689 -0.072912 0.214066 -0.148602 0.257513 0.150143 -0.023347 0.078782 0.271851 -0.032225 -0.259584 -0.047772 0.001501 -0.012919 -0.074470 -0.016063 0.305440
-0.343478 -0.328027 0.187546 0.123739 0.207807 0.253743 0.051842 0.240117 0.003915 0.289281 -0.293234 -0.080422 -0.125089 0.189221 -0.057437 0.220996 -0.094426 -0.132601 -0.061163 0.143854 0.454767 1.000000 -0.022322 0.145341 0.274841 0.399308 0.073394 0.180710 -0.133710 0.090342 0.431563 0.467030 0.059216 0.411229 0.009593 0.326730 -0.093897 -0.204655 -0.109528 -0.237011 0.245194 0.033028 -0.176809 -0.104878 -0.005609 0.245313 -0.450108 -0.228288 -0.137488 -0.154998 -0.058870 -0.187140 -0.312450 -0.292155 -0.343597 -0.364905 -0.320590 -0.377268 -0.112542 0.031238 -0.108016 -0.192530 0.066655 -0.102666 0.150039 0.096064 0.038434 0.330149 -0.135135 -0.284779 0.215855 0.235104 0.024500 0.345443 0.173454 0.383553 0.218326 0.337591 0.213596 0.295933 -0.040198 -0.076139 -0.100398 0.236578 -0.159432 -0.070753 -0.054354 -0.241564 -0.261972 -0.508613 0.015198 -0.203503 0.101131 0.113241 0.241044 -0.132938 -0.400696 -0.130807 -0.375219 -0.083304 0.086181 0.041232 -0.027824 0.259957 0.228341 0.106526 -0.106047 0.133131 -0.056631 0.229358 -0.001651 0.168433 0.055714 0.095436 0.165589 0.412498
-0.122047 -0.263900 0.595342 0.193136 0.299817 -0.146466 -0.309155 -0.532519 -0.154633 -0.358817 0.206901 -0.382838 -0.097760 -0.403245 0.177457 -0.302732 -0.071121 -0.149985 0.341761 0.265268 -0.006249 -0.022322 1.000000 0.557203 0.148731 0.296966 0.393261 0.545403 -0.310382 -0.483260 0.234506 0.060624 -0.281329 -0.217352 0.150144 0.010006 0.067415 -0.111395 0.323539 -0.034499 -0.175763 -0.186410 -0.019795 -0.022449 -0.268277 -0.285995 -0.172419 -0.017821 -0.126996 -0.142746 -0.143418 -0.066970 -0.090721 -0.048191 0.027090 -0.079133 0.200854 0.056783 -0.088019 -0.203666 -0.277712 -0.570396 -0.168680 -0.353114 0.253536 -0.363377 -0.099628 0.234278 0.172150 0.263422 -0.051022 -0.140353 -0.269109 -0.034272 -0.073877 0.115491 -0.031263 -0.085023 -0.004349 -0.042641 -0.260785 -0.391674 0.054823 -0.344039 0.283462 -0.076497 -0.015117 -0.143266 0.463494 0.252437 -0.036752 0.391201 0.208379 0.482324 -0.063803 0.124344 -0.083042 -0.050196 -0.095909 -0.072595 -0.395889 0.226196 -0.106827 0.179806 0.275659 0.278627 -0.059660 0.055852 -0.008400 0.160917 0.241358 0.013262 -0.186240 -0.045268 0.119872 0.169732
-0.147572 -0.311172 0.520276 0.588377 0.405347 0.161684 0.117895 0.085449 0.218405 0.095912 0.237605 0.117378 -0.075408 0.024278 0.267242 0.129102 -0.105457 -0.185611 0.178952 0.347661 -0.014620 0.145341 0.557203 1.000000 0.437503 0.628105 0.391120 0.622648 -0.303183 -0.294151 0.341326 0.431202 -0.184626 0.174060 0.344712 0.233833 -0.067696 -0.164689 0.106939 -0.058307 0.172139 -0.079741 -0.288301 -0.292798 -0.512249 -0.375371 -0.485919 -0.260252 -0.511498 -0.503799 -0.311879 -0.462735 -0.471335 -0.458803 -0.125362 -0.404714 -0.167832 -0.282564 0.028238 -0.153571 -0.003199 -0.423536 -0.290801 -0.428642 0.342677 0.077480 0.115100 0.590507 -0.183668 0.237685 -0.114929 -0.069812 -0.254984 -0.047665 -0.051758 0.130827 0.117866 0.253926 -0.045822 -0.087856 -0.415478 -0.603150 0.001722 -0.359271 0.017324 -0.233985 0.113322 -0.190049 0.459981 0.081500 -0.141454 0.222134 0.413385 0.389318 -0.072853 0.210825 -0.188562 -0.134399 -0.432151 -0.295320 -0.171356 0.083705 -0.140788 0.044959 0.228255 0.372784 -0.075566 0.140282 0.131891 0.020421 0.335165 -0.134241 -0.253340 -0.072565 0.243052 0.212556
-0.069341 -0.418468 0.442053 0.205519 0.289837 0.451206 0.303801 0.228455 0.353364 0.280991 0.154094 0.066826 0.020158 -0.041715 0.350044 0.174610 -0.195011 -0.279111 0.060384 0.061351 0.060237 0.274841 0.148731 0.437503 1.000000 0.616652 0.398101 0.489571 -0.289117 -0.282322 0.390133 0.501776 -0.239107 0.275878 0.297372 0.546133 -0.300354 -0.242772 -0.158970 -0.211150 0.238592 0.071436 -0.274647 -0.325906 -0.206164 0.063553 -0.496334 -0.385804 -0.237545 -0.277239 -0.146455 -0.321367 -0.465080 -0.460190 -0.219168 -0.506302 -0.388146 -0.383491 -0.006753 -0.285619 0.095897 -0.446621 -0.350315 -0.382917 0.273727 0.230277 0.287003 0.466818 -0.268419 -0.149119 0.090901 0.188453 -0.114416 0.136679 0.135466 -0.090385 0.200170 0.307446 -0.208411 -0.018670 -0.327554 -0.310602 0.246842 -0.393136 -0.073092 -0.245111 0.096005 -0.114476 0.335693 -0.355410 -0.083376 -0.023809 0.135459 0.188200 0.174516 0.106139 -0.200707 -0.098420 -0.455422 -0.354204 0.044774 -0.139004 -0.077576 0.040611 0.317055 0.192718 -0.310591 0.168844 0.168144 0.213824 0.216115 -0.094699 -0.230555 0.032598 0.207740 0.056409
-0.261832 -0.447045 0.545280 0.356382 0.347611 0.265900 0.128810 0.258252 0.209598 0.229130 -0.156614 0.005740 -0.219298 -0.029815 0.143248 0.081410 -0.352744 -0.292998 -0.116218 0.025400 0.071308 0.399308 0.296966 0.628105 0.616652 1.000000 0.367148 0.632679 -0.347708 -0.230826 0.590202 0.746242 -0.194496 0.378904 0.331168 0.630303 -0.155057 -0.281300 -0.033006 -0.291081 0.228694 -0.041674 -0.173766 -0.148656 -0.267584 0.000135 -0.499036 -0.283984 -0.302444 -0.367474 -0.204998 -0.382443 -0.354792 -0.510868 -0.305169 -0.510785 -0.298745 -0.449355 -0.016946 -0.184832 0.074901 -0.421838 -0.174629 -0.434392 0.331723 0.202832 0.355524 0.759981 -0.137353 -0.007154 0.110160 0.140981 -0.147155 0.259348 0.044656 0.137967 0.313914 0.425568 -0.035979 0.006534 -0.405254 -0.392229 -0.006848 -0.292938 -0.150742 -0.168814 0.050888 -0.264179 0.329256 -0.259535 -0.133062 -0.142667 0.302678 0.220381 0.095676 0.186256 -0.152920 -0.176473 -0.492298 -0.302693 -0.015489 -0.164861 -0.201125 0.012594 0.293668 0.248507 -0.193881 0.107010 0.227044 0.244684 0.383009 -0.144217 -0.245702 0.018480 0.100662 0.191008
-0.003911 -0.192130 0.507270 0.068482 0.302687 0.187330 0.087584 -0.136685 0.356438 -0.068722 0.335116 0.066832 0.161228 -0.094098 0.568702 0.095973 -0.142603 -0.244295 0.181566 0.080966 -0.100754 0.073394 0.393261 0.391120 0.398101 0.367148 1.000000 0.551638 -0.306753 -0.430379 0.102694 0.214373 -0.296926 0.084962 0.268153 0.332780 -0.358795 -0.316030 -0.005257 -0.258365 0.018111 -0.047723 0.050666 -0.051127 -0.190375 0.007536 -0.209061 -0.004469 -0.105795 -0.238496 -0.146980 -0.147681 -0.292887 -0.214187 -0.100185 -0.443760 -0.093701 -0.193652 -0.058522 -0.329612 0.108406 -0.352649 -0.241015 -0.519700 0.400891 0.078937 -0.067390 0.289285 -0.050920 0.153392 0.189767 -0.048351 -0.342219 -0.135389 -0.138951 -0.245697 -0.037945 0.279899 -0.159204 -0.041492 -0.343658 -0.382196 0.170046 -0.493499 0.041126 -0.117101 -0.017004 -0.239936 0.294635 -0.136478 0.096720 0.055396 0.155916 0.359139 0.036633 0.081826 -0.009690 -0.201861 -0.230586 -0.159707 -0.143826 0.217503 -0.249001 -0.050236 0.119555 0.224498 -0.210792 -0.263076 -0.000148 0.371757 0.327392 0.088277 -0.152242 -0.184101 0.126436 0.037453
-0.126442 -0.374202 0.566990 0.263545 0.452887 0.220093 0.070942 -0.119505 0.137240 -0.101414 0.062571 -0.128220 -0.043481 -0.136638 0.313443 -0.013209 -0.306095 -0.331645 -0.003067 0.086724 0.103769 0.180710 0.545403 0.622648 0.489571 0.632679 0.551638 1.000000 -0.454953 -0.642456 0.191494 0.277094 -0.341106 0.002887 0.298087 0.270015 -0.129302 -0.204665 0.208967 -0.081529 -0.015057 -0.083376 -0.118608 -0.160543 -0.362548 -0.142253 -0.302469 -0.147212 -0.231670 -0.371372 -0.264772 -0.339724 -0.441787 -0.450823 -0.191727 -0.348420 -0.054524 -0.175223 0.024961 -0.302355 -0.053400 -0.615106 -0.391885 -0.552290 0.427525 0.039888 0.062355 0.556211 -0.011312 0.404750 0.056590 -0.005914 -0.420995 0.129884 -0.166426 0.068804 0.073942 0.143571 -0.235429 -0.173774 -0.367335 -0.503103 0.035483 -0.529196 0.155141 -0.015503 0.044106 -0.246058 0.550885 -0.061066 -0.055424 0.231384 0.355856 0.476210 -0.010608 0.141119 -0.064879 -0.197343 -0.324863 -0.178179 -0.073306 0.003994 -0.098800 0.184240 0.366385 0.422621 -0.050302 0.067934 0.132464 0.231671 0.469821 -0.055663 -0.302513 -0.242557 0.119867 0.170540
0.249403 0.223498 -0.295805 -0.173701 -0.354499 -0.260357 0.048464 -0.001416 -0.090685 -0.162273 0.003939 0.121416 0.114940 0.070740 -0.193602 -0.029234 0.371291 0.457610 -0.007078 0.097119 0.037523 -0.133710 -0.310382 -0.303183 -0.289117 -0.347708 -0.306753 -0.454953 1.000000 0.576710 -0.122628 -0.115437 0.385157 0.320997 -0.182335 -0.234148 0.395689 0.279350 0.061004 0.150908 0.051109 0.018954 -0.001520 0.007994 -0.125022 -0.175863 0.122400 -0.005536 -0.204587 -0.083209 -0.080970 -0.087065 -0.047412 -0.034639 0.085051 0.208749 -0.020106 0.040447 0.086999 -0.228904 0.206516 0.198747 0.295280 0.372015 -0.150882 -0.043265 -0.136806 -0.477964 -0.042010 -0.097365 -0.172274 0.073078 0.688229 0.112644 0.267617 0.214781 0.023924 0.032654 0.412980 0.197254 0.317757 0.356434 -0.057865 0.425697 -0.013841 -0.239871 -0.136965 0.103411 -0.173042 -0.029008 -0.185086 -0.150484 -0.385191 -0.287357 -0.109435 -0.053450 0.052545 0.199095 0.146498 -0.066125 -0.066220 -0.107277 0.008915 -0.074484 -0.155168 -0.238488 -0.005224 -0.230443 -0.198506 -0.069038 -0.015644 0.205097 0.158804 0.095897 -0.046599 -0.063057
0.124721 0.210670 -0.358794 -0.159908 -0.256007 -0.208274 -0.000656 0.206266 -0.069528 0.228359 -0.264046 0.094075 -0.099457 0.143081 -0.337852 0.083002 0.180887 0.485061 -0.046190 -0.056416 0.269616 0.090342 -0.483260 -0.294151 -0.282322 -0.230826 -0.430379 -0.642456 0.576710 1.000000 -0.000882 0.031558 0.382057 0.374624 -0.107999 -0.039417 0.362612 0.188591 -0.174267 0.020927 0.111131 0.199068 -0.046189 0.106756 0.095078 0.122792 0.056028 -0.044809 0.028603 0.120868 0.171810 0.057793 0.178296 0.089959 -0.034379 0.169681 -0.215636 -0.116889 0.173745 0.062317 0.130901 0.348057 0.420160 0.510685 -0.245767 -0.017222 0.037827 -0.248580 -0.085321 -0.324395 -0.066857 -0.050513 0.571491 0.132118 0.337159 0.209612 0.152664 0.111152 0.366729 0.304507 0.347012 0.456882 -0.223582 0.606536 -0.253946 -0.241986 -0.098195 0.172891 -0.440965 -0.114937 -0.165647 -0.307872 -0.313961 -0.448267 -0.219683 -0.085039 -0.170143 0.036914 0.060494 -0.029345 -0.002305 -0.075976 -0.078367 -0.036427 -0.181998 -0.359261 0.032845 -0.087167 -0.122134 -0.195476 -0.278638 0.025667 0.150151 0.064942 -0.074879 0.024291
-0.311165 -0.341595 0.381989 0.275471 0.223063 0.143898 0.075830 0.207251 0.016111 0.293191 -0.133553 -0.081239 -0.265708 -0.059219 -0.079885 0.016938 -0.032937 -0.199905 0.214091 0.035087 0.155885 0.431563 0.234506 0.341326 0.390133 0.590202 0.102694 0.191494 -0.122628 -0.000882 1.000000 0.740025 0.180958 0.497651 0.105662 0.457632 -0.070002 -0.100318 -0.025331 -0.374780 0.407951 0.084535 -0.340038 -0.328333 -0.335301 -0.036687 -0.474603 -0.432959 -0.327855 -0.300455 -0.356239 -0.314225 -0.238920 -0.363713 -0.222012 -0.438737 -0.274786 -0.275619 -0.032655 0.057236 0.133442 -0.173577 0.158918 -0.080943 0.221099 0.150697 0.313417 0.454656 -0.201753 -0.281044 0.028605 0.217889 0.035758 0.257828 0.129231 0.177656 0.263747 0.450908 0.233780 0.277507 -0.032827 -0.082692 0.119456 0.107115 -0.059528 -0.214684 0.198868 -0.126713 -0.006705 -0.314520 -0.058806 -0.210148 0.120692 0.061545 0.088354 0.119146 -0.300464 -0.017835 -0.429808 -0.212328 -0.069826 -0.120087 -0.187849 -0.010871 0.103180 0.140758 -0.176811 0.116209 0.243390 0.208975 0.117549 -0.094039 -0.010719 0.015768 0.245657 0.219047
-0.284190 -0.320614 0.352513 0.354121 0.174318 0.324008 0.273093 0.468915 0.234316 0.332067 -0.149894 0.163965 -0.103901 0.232219 0.124932 0.187665 -0.130572 -0.134539 -0.077502 -0.041640 0.030317 0.467030 0.060624 0.431202 0.501776 0.746242 0.214373 0.277094 -0.115437 0.031558 0.740025 1.000000 0.068494 0.637020 0.302016 0.548752 -0.115342 -0.162240 -0.095427 -0.357319 0.501342 0.126432 -0.295065 -0.172452 -0.253823 0.077003 -0.602761 -0.409929 -0.349755 -0.395222 -0.319803 -0.387331 -0.391119 -0.539616 -0.441525 -0.601100 -0.416344 -0.473478 0.036193 -0.008933 0.194600 -0.240182 0.095015 -0.098296 0.261501 0.343037 0.326411 0.583767 -0.206213 -0.249715 0.134113 0.141606 0.066952 0.313735 0.204693 0.205022 0.347782 0.573795 0.201139 0.250760 -0.096597 -0.150585 0.047873 0.007462 -0.261597 -0.314021 0.087393 -0.162526 0.134671 -0.320363 -0.066497 -0.298199 0.099523 0.042796 0.151547 0.087983 -0.308337 -0.060999 -0.524093 -0.333336 -0.003143 -0.253200 -0.147466 -0.124206 0.108609 0.070697 -0.163767 -0.003162 0.207935 0.172058 0.129850 -0.121742 -0.220298 0.164257 0.191779 0.237002
-0.065674 0.342941 -0.230818 0.063704 -0.167551 -0.024816 0.010434 0.132530 -0.056494 0.007893 -0.196184 0.081077 -0.182099 0.038710 -0.371737 -0.153004 0.263259 0.033524 0.265079 -0.021539 -0.046138 0.059216 -0.281329 -0.184626 -0.239107 -0.194496 -0.296926 -0.341106 0.385157 0.382057 0.180958 0.068494 1.000000 0.399451 -0.295027 -0.177519 0.204078 -0.022466 -0.158002 -0.108480 0.175638 0.054474 -0.217789 -0.239594 -0.045134 -0.031317 -0.010176 -0.162945 -0.139816 0.012324 -0.081794 -0.047011 -0.045827 -0.098775 -0.099205 -0.055442 -0.093275 -0.036188 0.182362 0.201050 0.057259 0.311053 0.373029 0.399094 -0.143582 0.023580 0.186151 -0.223309 -0.000772 -0.173487 0.040806 0.138974 0.372286 0.242299 0.086589 0.050129 0.117611 0.137383 0.393532 0.239351 0.413721 0.240059 -0.123659 0.358462 0.009901 -0.086244 -0.065078 -0.000140 -0.303418 -0.102371 0.023092 -0.266351 -0.159793 -0.340103 -0.045019 -0.219879 -0.249819 0.015101 0.039370 0.068177 0.118750 -0.161071 0.050775 0.150896 -0.077980 -0.100945 0.177874 0.039815 -0.326831 -0.001816 -0.187458 0.130582 0.066862 -0.148197 0.010839 0.006549
-0.154040 -0.192551 0.190156 0.266484 0.150960 0.178868 0.435292 0.470575 0.374705 0.386038 -0.065701 0.302787 0.028746 0.316467 0.120473 0.302690 0.063631 -0.020458 0.092005 0.215595 0.120828 0.411229 -0.217352 0.174060 0.275878 0.378904 0.084962 0.002887 0.320997 0.374624 0.497651 0.637020 0.399451 1.000000 0.219881 0.497221 0.112723 0.000085 -0.087154 -0.251282 0.449330 0.110649 -0.418457 -0.361631 -0.347816 -0.125657 -0.594382 -0.569380 -0.582920 -0.543231 -0.494277 -0.607628 -0.483548 -0.659411 -0.359949 -0.542158 -0.557156 -0.510247 0.178764 -0.159479 0.366713 -0.004305 0.101983 0.022120 0.339293 0.383136 0.393694 0.274397 -0.384671 -0.280656 0.047149 0.143167 0.439641 0.357411 0.406846 0.283659 0.472605 0.635427 0.376214 0.399922 0.047980 -0.049028 0.095171 0.183860 -0.344264 -0.554551 0.077988 -0.183537 -0.031188 -0.423895 -0.213122 -0.227952 0.016761 -0.051673 -0.015269 0.104361 -0.277425 -0.106997 -0.453422 -0.268949 -0.002378 -0.223207 -0.170359 0.024148 0.006531 -0.039827 -0.245443 -0.107329 0.083723 0.165903 0.232721 -0.034644 -0.154538 0.086964 0.267491 0.185663
-0.204278 -0.259565 0.363800 0.127665 0.213293 0.165603 0.276375 0.135807 0.274226 0.210803 0.018369 0.120052 -0.059715 0.167340 0.204384 0.100905 -0.135509 -0.221544 -0.042276 0.051602 0.068653 0.009593 0.150144 0.344712 0.297372 0.331168 0.268153 0.298087 -0.182335 -0.107999 0.105662 0.302016 -0.295027 0.219881 1.000000 0.404944 0.156939 0.042401 0.000599 0.089965 -0.009545 -0.053085 -0.081197 -0.040374 -0.231636 -0.080631 -0.343158 -0.241294 -0.257031 -0.421356 -0.323447 -0.363554 -0.315707 -0.390721 -0.100724 -0.314228 -0.291882 -0.292584 0.137244 -0.200446 0.274623 -0.125739 -0.401779 -0.430631 0.355749 0.301317 0.140799 0.382966 -0.240779 0.084420 0.006833 -0.205959 -0.177622 0.044727 0.127444 -0.183104 0.135076 0.301138 -0.186268 -0.080001 -0.390582 -0.375413 0.049116 -0.268865 -0.361833 -0.301603 -0.009129 0.003449 0.411994 -0.150222 -0.028267 0.299061 0.190351 0.346158 -0.142802 0.099737 -0.039845 -0.083790 -0.349694 -0.256589 -0.102054 0.007758 -0.136008 -0.018509 0.049782 0.302262 -0.055880 -0.080236 -0.098816 -0.020483 0.374810 -0.058849 -0.115007 0.163805 0.065736 0.124183
-0.280585 -0.442752 0.383306 0.059034 0.351843 0.287303 0.336014 0.371529 0.428019 0.409109 -0.145427 0.063581 -0.030322 0.102365 0.180264 0.100419 -0.441264 -0.235881 -0.055938 -0.122722 0.110150 0.326730 0.010006 0.233833 0.546133 0.630303 0.332780 0.270015 -0.234148 -0.039417 0.457632 0.548752 -0.177519 0.497221 0.404944 1.000000 -0.119816 -0.088765 -0.136259 -0.261700 0.080393 0.044872 -0.251796 -0.117887 -0.179978 0.233083 -0.518439 -0.437895 -0.221337 -0.341854 -0.229917 -0.458755 -0.349861 -0.508232 -0.271265 -0.475003 -0.451965 -0.541076 0.304991 -0.130874 0.425499 -0.098132 -0.084073 -0.385844 0.456446 0.509176 0.503230 0.702558 -0.332216 -0.215511 0.163393 0.170685 -0.013604 0.141294 -0.011462 -0.104437 0.366110 0.437133 -0.214296 0.020016 -0.502565 -0.388313 0.112490 -0.235502 -0.343618 -0.339224 -0.015087 -0.304034 0.231296 -0.371054 -0.117554 -0.001046 0.378258 0.237296 0.003593 0.095004 -0.093452 -0.230366 -0.509774 -0.390545 0.028179 -0.174274 -0.277380 -0.130268 0.043109 0.096195 -0.358729 0.058767 0.210589 0.322438 0.394988 -0.188649 -0.135828 0.192375 0.132550 0.091124
