1.000000 0.213281 -0.010710 0.049236 -0.300365 -0.375209 -0.140543 -0.372892 -0.290683 -0.306970 0.216717 0.098076 -0.251395 -0.342480 0.089149 -0.304540 -0.072740 -0.018355 -0.101550 0.174682 -0.098080 -0.217062 0.197721 -0.045535 -0.484931 -0.420335 -0.066861 0.120373 -0.129971 0.019027 -0.045125 0.035728 0.098484 0.064468 -0.015715 0.010305 0.164119 0.211337 0.277581 0.080322 0.458474 0.111239 -0.047253 -0.153383 -0.087342 -0.238387 -0.059313 -0.057808 -0.180939 -0.200725 -0.195981 -0.121141 -0.065382 -0.151446 0.053192 0.073302 0.525306 0.235572 0.183615 -0.072130 0.249665 0.087925 -0.080488 0.109605 0.152557 -0.131290 -0.148997 -0.274314 0.383061 0.056810 -0.213150 0.097393 0.157948 -0.052261 0.056029 0.002852 0.269698 0.124716 0.043669 0.173535 0.103635 -0.022519 0.211832 -0.136929 0.587413 -0.086311 0.234351 0.128937 0.293677 0.153757 0.014959 -0.020543 0.274558 0.052934 0.081107 -0.022031 -0.066429 -0.120239 -0.061969 0.171430 0.117380 -0.049052 -0.224578 0.022719 0.191192 0.102635 -0.060965 0.093820 -0.161243 -0.180861 -0.015844 0.105985 -0.046168 0.056757 0.187788 0.151418
0.213281 1.000000 -0.432795 -0.212126 -0.045696 -0.353782 -0.310293 -0.307948 -0.072739 -0.050965 -0.139791 0.126883 -0.090176 -0.157622 0.174755 -0.209523 0.061207 0.045561 0.331113 0.509407 -0.157133 -0.235300 -0.332554 -0.084572 -0.288584 -0.447283 -0.141428 -0.153555 0.007083 0.058017 -0.459045 -0.271811 0.141065 0.146988 -0.330107 -0.167115 -0.046345 0.472460 0.049934 0.429580 0.301077 0.292387 -0.213043 -0.339264 -0.231372 -0.414258 -0.084513 -0.256374 -0.103100 -0.214038 -0.078100 0.046918 0.224795 -0.074037 0.014150 -0.041796 -0.017263 0.415774 0.079847 0.307310 0.218500 0.197422 0.237724 0.537070 -0.071911 -0.110379 0.254445 -0.184373 0.121191 0.417927 -0.274273 0.238378 -0.119940 -0.034826 -0.002859 -0.126143 0.209683 0.241479 0.110188 0.137327 0.181243 0.159203 0.190249 0.223143 0.155233 0.243820 0.394730 0.055708 -0.051025 0.313625 0.012023 0.134076 -0.049763 -0.240152 0.110797 0.131296 -0.127260 0.063917 0.055478 0.116402 -0.030599 0.215389 0.225118 0.232372 0.097007 0.078101 0.180108 0.075656 0.110868 0.095293 -0.185526 -0.011354 -0.075119 0.223828 0.154710 0.086464
-0.010710 -0.432795 1.000000 0.395134 0.022239 0.263056 0.577380 0.426573 -0.022901 -0.032435 0.515113 0.252162 0.170505 0.097462 0.042190 -0.207388 -0.241818 -0.277282 -0.333230 -0.315881 0.316149 0.072623 0.452554 0.160489 0.178095 0.176840 0.246828 0.308897 -0.283016 -0.380313 0.224100 -0.001923 -0.247311 -0.123731 0.340230 0.350691 -0.160375 -0.196153 0.128995 -0.108241 -0.036153 -0.195643 -0.213087 -0.129366 -0.056216 0.034370 -0.272952 -0.138588 0.083259 -0.067345 0.186476 -0.131858 -0.072976 -0.244052 -0.039251 -0.098690 -0.241143 -0.384212 -0.021432 -0.221901 -0.080550 -0.338940 -0.311262 -0.619920 0.158120 0.253430 -0.017775 0.373689 -0.136243 -0.195798 0.019253 0.090396 -0.188757 -0.046066 -0.082746 0.137260 -0.156654 -0.147173 -0.144948 -0.338182 -0.380377 -0.466570 -0.015635 -0.330305 0.058231 -0.192559 -0.168701 0.141267 0.122218 0.096119 -0.328175 -0.099246 0.119741 0.184588 -0.010968 -0.301151 -0.066800 0.009970 -0.351940 -0.237987 -0.044089 -0.173692 -0.019790 0.017920 0.045245 0.136497 0.093369 0.086876 -0.111113 -0.176405 0.024314 -0.254061 0.034006 -0.238131 0.157901 0.137008
0.049236 -0.212126 0.395134 1.000000 -0.416809 0.232701 0.163454 0.291011 -0.317931 -0.426385 0.274749 0.163458 -0.338465 -0.459780 0.029743 -0.136783 -0.556544 -0.330429 -0.016684 0.096016 0.545179 0.572372 0.402025 0.595058 -0.114556 0.313828 0.235659 0.425172 -0.434849 -0.443490 0.171654 0.392401 -0.056898 0.212515 0.407665 0.319107 0.019686 0.010548 0.312005 0.172539 0.124576 -0.021367 -0.315502 -0.149286 -0.233155 0.034307 -0.325177 -0.182638 -0.286438 -0.346089 0.238526 -0.296334 -0.376619 -0.381496 0.023829 -0.047128 -0.194774 -0.446918 -0.484205 -0.506473 -0.342842 -0.513591 -0.370035 -0.615112 0.105576 0.516632 -0.148711 0.404782 0.015146 -0.081163 0.030140 0.300115 -0.332034 -0.069000 -0.054778 -0.001477 -0.152750 -0.009558 -0.252788 -0.232808 -0.275939 -0.460399 0.176839 0.120701 0.112246 0.398212 -0.177137 0.229294 0.370269 0.359880 -0.404716 -0.240357 0.219092 0.372054 0.030260 -0.200619 0.099504 0.132212 -0.342146 -0.243843 -0.115323 -0.257016 -0.092931 0.211613 0.251579 0.009403 0.046373 -0.222629 -0.024914 -0.188928 0.363655 0.023994 -0.055834 -0.257942 0.041892 0.157319
-0.300365 -0.045696 0.022239 -0.416809 1.000000 0.142868 0.246846 0.283053 0.478055 0.657277 -0.053432 0.121733 0.633303 0.627828 0.069665 0.232655 0.150843 0.011275 -0.073231 -0.249188 -0.041847 -0.245966 -0.241042 -0.302406 0.429155 -0.142813 0.329324 -0.320239 0.033464 0.095440 -0.262132 -0.678043 -0.341396 -0.335239 -0.192498 0.010871 -0.106729 -0.080987 -0.227294 0.006431 -0.244018 0.226758 0.171171 0.097840 0.092434 -0.097895 0.141541 0.041063 0.237659 0.171442 0.061368 0.213553 0.325627 0.171588 -0.051528 -0.076829 -0.154926 0.025399 0.261698 0.290037 0.284867 0.281170 0.219159 0.119897 -0.101895 -0.042673 0.052555 -0.295994 -0.112816 0.081701 0.147163 -0.216334 0.149140 -0.055964 -0.163872 0.105030 -0.113336 -0.094312 0.046639 -0.064834 0.174473 0.202521 -0.233529 -0.165387 -0.349348 -0.197175 0.015691 -0.468021 -0.215988 -0.097595 0.320945 0.256969 -0.167163 -0.256423 -0.045009 -0.014865 -0.252356 -0.005719 0.055414 -0.046879 -0.158554 0.394197 0.230951 -0.181118 -0.157812 -0.135878 0.098724 0.157240 0.021347 0.284570 -0.286649 -0.103866 0.019807 -0.041074 -0.203579 -0.277137
-0.375209 -0.353782 0.263056 0.232701 0.142868 1.000000 0.185459 0.122141 0.170135 0.218219 0.307246 0.037095 0.138311 0.121211 0.009034 0.293188 -0.104092 -0.117386 -0.110090 -0.324234 0.297027 0.272449 0.206768 0.320369 0.711447 0.694725 0.326140 -0.093706 0.009916 -0.163972 0.225424 -0.049116 -0.009711 -0.083638 0.164851 0.039110 -0.059180 -0.368441 -0.160290 -0.092502 -0.312472 -0.029984 0.081235 0.237804 0.076475 0.080008 -0.083472 -0.031456 0.197656 0.001218 0.443216 0.041896 -0.053665 0.075561 0.064805 0.051736 -0.186601 -0.290007 -0.008805 -0.259487 -0.087862 -0.337848 -0.033400 -0.374462 0.008188 0.170871 -0.180408 -0.043987 -0.201803 -0.339464 0.197881 0.065898 -0.032831 -0.065898 -0.180912 -0.041397 -0.160204 -0.191120 0.035392 -0.185275 0.024996 -0.193234 -0.119471 -0.035739 -0.212836 -0.069787 -0.547777 -0.088367 -0.001472 -0.098007 -0.424376 -0.009982 -0.323774 0.320815 -0.203249 -0.049345 -0.214692 0.165420 -0.273969 -0.188341 -0.158841 0.212344 0.200895 0.011777 0.103007 -0.260355 0.213378 -0.268510 0.236673 0.050691 0.129171 -0.004416 -0.008188 -0.042898 -0.411167 -0.279348
-0.140543 -0.310293 0.577380 0.163454 0.246846 0.185459 1.000000 0.510619 -0.130122 0.064827 0.125884 0.042398 0.348068 0.243887 0.207747 0.127644 -0.077249 -0.192661 0.119661 -0.035330 0.311312 -0.079990 0.336285 0.318909 0.185832 0.184262 -0.010926 -0.119107 0.134271 -0.114188 0.335129 -0.103641 -0.097462 -0.214800 0.078890 0.043000 -0.120486 -0.287827 -0.209505 -0.351739 0.058193 -0.275055 -0.240523 -0.261389 -0.091982 -0.130762 -0.239338 -0.327874 -0.119776 -0.174071 0.037770 -0.303784 -0.092455 -0.323181 -0.200437 -0.366220 -0.247111 -0.310144 0.014036 -0.166812 -0.010113 -0.285889 0.127529 -0.330473 0.397800 0.230440 0.240278 0.201308 -0.154256 -0.107837 0.026788 -0.201688 -0.069222 0.156995 0.099872 0.083989 -0.076862 -0.053003 -0.041596 -0.317601 -0.156173 -0.205033 0.122327 0.161699 -0.025026 0.126425 -0.189711 -0.246257 -0.148194 -0.122220 -0.213546 -0.103964 -0.099987 0.075905 0.009573 -0.088813 -0.266457 -0.024192 -0.290867 -0.214621 -0.149590 0.146772 0.062162 0.002406 -0.133534 0.143778 0.075298 0.139490 -0.004228 0.178251 -0.150987 -0.126609 -0.083862 -0.401439 0.181177 -0.074529
-0.372892 -0.307948 0.426573 0.291011 0.283053 0.122141 0.510619 1.000000 0.087986 0.289781 0.149618 0.328966 0.494317 0.429561 0.099227 0.234876 -0.263995 -0.197019 -0.184262 -0.312350 0.419833 0.297886 0.077961 0.073836 0.201943 0.220750 0.265653 0.133588 -0.214856 -0.306345 -0.007239 -0.017241 -0.291396 -0.155815 0.138930 0.223599 -0.225033 -0.270200 -0.221923 -0.195209 -0.369771 -0.168881 -0.206698 -0.082014 0.016909 0.193811 -0.208990 -0.112773 -0.042873 0.015786 0.109222 -0.132693 0.009953 -0.232530 -0.050654 -0.255007 -0.598791 -0.591685 -0.130127 0.020723 -0.064752 0.102507 -0.240885 -0.396423 0.246314 0.490976 -0.009096 0.385985 -0.434316 -0.205830 0.105212 0.017362 -0.196389 0.012868 -0.194479 0.038485 -0.483095 -0.212798 -0.369899 -0.500041 -0.417977 -0.453998 -0.015513 0.032252 -0.376492 0.168492 -0.249979 -0.278281 -0.142083 0.111634 -0.047823 -0.022264 0.278545 0.042385 0.032066 -0.330233 -0.049429 0.023444 -0.156852 -0.299543 -0.113345 -0.116633 0.054306 0.043112 0.033021 0.036273 -0.072002 0.088478 -0.184354 -0.001327 0.028613 -0.026985 -0.106040 -0.248586 0.096558 -0.038393
-0.290683 -0.072739 -0.022901 -0.317931 0.478055 0.170135 -0.130122 0.087986 1.000000 0.574495 0.026245 0.041806 0.422765 0.462913 0.165281 0.295788 0.139208 0.101705 -0.353283 -0.371476 -0.366651 -0.297620 -0.133838 -0.158242 0.286890 -0.032007 0.135809 -0.245177 -0.070689 0.080031 -0.248317 -0.441237 -0.138291 -0.311212 -0.255357 0.048967 -0.077111 -0.017769 -0.231574 -0.011206 -0.386913 0.118028 0.395391 0.466615 0.448934 0.313323 0.311437 0.448201 0.529621 0.549656 0.194504 0.506573 0.356219 0.488900 0.045465 0.412721 -0.190086 -0.109747 0.102833 0.204265 0.074732 0.231512 0.047401 -0.019876 -0.266864 -0.165090 -0.162060 -0.245246 -0.231637 -0.121879 -0.063634 -0.003000 0.088694 0.002638 -0.166495 -0.057536 -0.132031 -0.097687 -0.131226 -0.092380 -0.108254 -0.011989 -0.471486 -0.364207 -0.264251 -0.099143 0.030935 -0.029002 -0.278521 -0.154755 0.324316 0.136861 -0.148505 -0.236620 -0.369685 -0.062524 -0.106894 -0.160707 0.173404 0.090704 -0.142092 0.023836 0.080893 -0.303933 -0.116957 -0.156402 -0.123667 -0.111337 -0.149623 -0.100171 -0.228225 0.071452 0.316461 0.390531 -0.080061 -0.250028
-0.306970 -0.050965 -0.032435 -0.426385 0.657277 0.218219 0.064827 0.289781 0.574495 1.000000 -0.043770 0.056327 0.630650 0.699402 0.091779 0.438014 0.037389 -0.025914 -0.158912 -0.315588 -0.203851 -0.225286 -0.263742 -0.339894 0.466276 0.134251 0.229170 -0.263811 -0.052895 0.069348 -0.078023 -0.455570 -0.132176 -0.229617 -0.147367 -0.112148 -0.205851 -0.205241 -0.306270 -0.194828 -0.482161 0.112616 0.453590 0.447566 0.441671 0.312592 0.362593 0.335332 0.386827 0.445107 0.220736 0.329176 0.237448 0.480437 -0.071978 0.121214 -0.293673 -0.208313 0.212288 0.204206 0.100626 0.326824 -0.044743 0.040721 -0.115031 -0.011107 -0.162370 -0.291252 -0.201134 -0.167822 0.011229 -0.055751 0.008236 -0.180014 -0.286226 -0.149496 -0.183002 -0.233626 -0.178463 -0.227409 -0.015744 -0.023015 -0.397757 -0.298840 -0.396766 -0.167609 -0.181983 -0.278338 -0.361061 -0.193322 0.334309 0.398025 -0.055195 -0.099547 -0.269039 -0.138542 -0.280961 -0.128268 0.147615 0.182441 -0.247057 0.163859 0.040989 -0.169223 -0.149959 -0.082270 -0.070972 -0.014365 -0.045115 0.018568 -0.117042 0.199787 0.311026 0.168932 -0.199678 -0.275218
0.216717 -0.139791 0.515113 0.274749 -0.053432 0.307246 0.125884 0.149618 0.026245 -0.043770 1.000000 0.504915 0.273533 0.022900 0.312858 -0.207949 -0.091188 -0.182097 -0.444423 -0.427181 0.202474 0.095625 0.433021 0.140771 0.133481 0.086047 0.385372 0.284690 -0.277420 -0.379901 0.016326 -0.014707 -0.056022 0.036231 0.034772 0.169790 0.065355 0.013502 0.223605 -0.211250 -0.050254 0.135115 -0.222341 -0.015632 -0.065857 0.017160 -0.332872 -0.096713 0.137393 -0.068662 0.227867 0.032768 0.123015 -0.242776 0.124203 0.023320 -0.145836 -0.193906 0.216950 -0.153424 0.155802 -0.051248 -0.288730 -0.469877 0.209908 0.332890 -0.347249 -0.030732 -0.227937 -0.318662 -0.108492 0.014963 -0.121380 -0.101936 -0.155053 0.165282 -0.082567 -0.035140 -0.203929 -0.107792 -0.275313 -0.429859 0.082385 -0.307640 0.228233 -0.226106 -0.188378 0.028070 0.257918 0.308878 -0.411101 0.129025 0.075508 0.283279 -0.050656 -0.151859 -0.163717 0.052546 -0.326484 -0.171378 0.140977 0.056475 0.078077 0.017293 0.199808 -0.019366 0.244815 0.097257 -0.069928 -0.113992 -0.043644 -0.126004 -0.136452 -0.096731 -0.099823 0.066480
0.098076 0.126883 0.252162 0.163458 0.121733 0.037095 0.042398 0.328966 0.041806 0.056327 0.504915 1.000000 0.308916 0.235968 0.288525 -0.104981 -0.254790 -0.050977 -0.367199 -0.462485 0.230214 0.138037 0.091498 -0.053135 0.034698 -0.094405 0.330150 0.345794 -0.409934 -0.090322 -0.078399 0.009154 -0.360789 -0.164292 -0.039566 0.218835 -0.266984 0.182759 0.008891 0.074961 -0.129701 0.060843 -0.238589 -0.104273 0.087524 0.149988 -0.102200 -0.048358 0.195936 0.010440 0.149560 0.122666 0.222447 -0.180585 0.116972 0.154549 -0.246120 -0.241868 0.154550 0.062154 -0.024952 0.086439 -0.267394 -0.286633 0.065643 0.440055 -0.228165 0.166177 -0.343948 -0.305482 -0.195303 0.092842 -0.123699 0.028705 -0.097603 0.075288 -0.204056 -0.036939 -0.324685 -0.168360 -0.382105 -0.363632 0.041442 -0.131831 0.047500 0.120348 -0.027690 -0.019930 0.007718 0.302023 -0.144337 -0.062201 0.114897 -0.100443 0.061219 -0.103667 0.113464 0.171294 -0.029119 -0.149864 0.206974 0.007021 0.106401 0.218021 0.103019 -0.166857 0.187820 0.087820 -0.030679 -0.012446 -0.029020 -0.158065 -0.127025 -0.061829 0.036433 0.077543
-0.251395 -0.090176 0.170505 -0.338465 0.633303 0.138311 0.348068 0.494317 0.422765 0.630650 0.273533 0.308916 1.000000 0.730835 0.433207 0.230759 0.208632 0.125404 -0.184044 -0.404315 -0.134149 -0.229700 -0.121763 -0.210817 0.297228 -0.047593 0.193063 -0.222292 0.126757 0.065094 -0.115290 -0.367475 -0.116697 -0.324130 -0.351415 -0.193252 -0.036214 -0.030444 -0.298421 -0.288419 -0.250558 0.130406 0.126937 0.165919 0.254019 0.059156 0.093738 0.015744 0.322008 0.229319 0.021833 0.150061 0.396580 0.082837 -0.125277 -0.025396 -0.358098 -0.248482 0.414299 0.233870 0.360058 0.362921 0.155763 0.009054 0.127973 0.032663 -0.116162 -0.265312 -0.280211 -0.156894 -0.014662 -0.249442 0.164223 -0.027340 -0.124371 0.100718 -0.198794 -0.088769 -0.221179 -0.283756 -0.143848 -0.083998 -0.179603 -0.090661 -0.449563 -0.162013 -0.118248 -0.422904 -0.400646 -0.082710 0.160696 0.239941 -0.108970 -0.114500 -0.096417 -0.127017 -0.285721 -0.060840 0.018820 -0.082228 -0.164502 0.222613 0.124320 -0.109944 -0.143624 -0.077136 0.012072 0.170732 -0.105277 0.058696 -0.417850 0.025289 -0.167140 -0.101386 -0.091699 -0.227365
-0.342480 -0.157622 0.097462 -0.459780 0.627828 0.121211 0.243887 0.429561 0.462913 0.699402 0.022900 0.235968 0.730835 1.000000 0.136462 0.296353 0.173783 0.105373 -0.214168 -0.389637 -0.208027 -0.112904 -0.222114 -0.367523 0.338884 -0.016421 0.217370 -0.312265 0.134937 0.221644 -0.059034 -0.326056 -0.223104 -0.370444 -0.324239 -0.048243 -0.169356 -0.196839 -0.465148 -0.218975 -0.390683 0.059193 0.199259 0.275603 0.451382 0.322419 0.192686 0.140186 0.452638 0.455550 0.130505 0.313085 0.433293 0.279951 -0.208913 0.045833 -0.354820 -0.217182 0.258614 0.246934 0.080811 0.292264 0.127611 0.068341 -0.103942 -0.152357 -0.105828 -0.184200 -0.391826 -0.208896 0.005850 -0.185420 0.142988 0.055590 -0.161007 0.069633 -0.270846 -0.158255 -0.035573 -0.230764 -0.044137 0.024402 -0.245922 -0.193766 -0.421600 -0.282899 -0.194522 -0.429722 -0.558349 -0.249838 0.157224 0.175565 -0.176759 -0.208493 -0.085869 -0.079242 -0.107163 0.016222 0.302779 0.008782 -0.034574 0.099375 0.095774 -0.309864 -0.202188 -0.037436 0.042916 0.189975 -0.027495 0.138775 -0.243762 0.117552 0.271629 -0.054159 -0.071182 -0.095089
0.089149 0.174755 0.042190 0.029743 0.069665 0.009034 0.207747 0.099227 0.165281 0.091779 0.312858 0.288525 0.433207 0.136462 1.000000 0.210253 0.087252 -0.057240 0.168404 0.081816 -0.138404 -0.245582 0.212883 0.307746 -0.160329 -0.090406 -0.033340 -0.249239 0.149086 -0.023831 0.015033 -0.024627 0.261531 -0.003515 -0.495862 -0.322741 0.171234 0.104224 -0.059273 -0.284672 0.190534 0.218861 -0.248534 -0.125785 0.150144 -0.021269 -0.042401 -0.315964 0.117158 -0.021489 0.088920 0.096562 0.125577 -0.155356 -0.100802 0.066944 -0.251718 -0.130191 0.168567 -0.020879 0.108720 0.042859 0.261811 0.034372 0.330452 0.060721 -0.096998 -0.191223 -0.118076 -0.136008 -0.285635 -0.108033 0.021258 -0.141304 -0.016105 0.094032 -0.002998 0.126005 -0.179048 -0.221642 -0.130768 -0.108006 0.131282 0.188563 0.095258 0.350560 0.136239 -0.059579 -0.214079 0.062655 -0.217846 -0.076779 -0.291032 -0.005076 -0.179698 0.166975 -0.448652 0.071956 -0.191087 -0.112733 -0.081250 0.214479 0.129147 0.043049 0.001252 -0.096592 -0.057393 0.097867 0.171904 -0.087298 -0.281360 0.068613 -0.075810 -0.068211 -0.026847 -0.073521
-0.304540 -0.209523 -0.207388 -0.136783 0.232655 0.293188 0.127644 0.234876 0.295788 0.438014 -0.207949 -0.104981 0.230759 0.296353 0.210253 1.000000 0.020499 -0.055952 0.142792 -0.044774 -0.041754 -0.088447 -0.071914 0.072822 0.229661 0.277786 -0.096190 -0.422658 0.214475 0.183031 0.046409 -0.104845 0.076191 -0.072065 -0.197687 -0.213201 -0.183920 -0.465262 -0.545914 -0.374105 -0.333498 -0.062525 0.183496 0.229755 0.230024 0.225016 0.205724 0.124347 0.089782 0.157968 0.152401 0.060374 -0.051871 0.157658 0.117691 0.074670 -0.208459 -0.228850 -0.124311 -0.107729 -0.059605 0.188108 0.192906 0.056741 0.171333 0.021168 -0.075303 -0.094327 -0.226944 -0.178562 0.024210 -0.118072 0.040720 -0.004569 -0.112763 -0.022126 -0.148287 -0.164285 -0.230560 -0.116058 0.146467 0.047453 -0.116672 0.139429 -0.172244 0.116897 -0.272735 -0.225939 -0.255881 -0.339391 0.057235 -0.014383 -0.110510 0.109865 -0.134488 0.091855 -0.054565 0.080309 -0.041416 -0.154722 -0.169631 0.095098 -0.070451 -0.200884 -0.108386 -0.197560 -0.164072 -0.235854 0.040730 0.165936 0.157050 0.217170 0.054749 0.129091 -0.198315 -0.252335
-0.072740 0.061207 -0.241818 -0.556544 0.150843 -0.104092 -0.077249 -0.263995 0.139208 0.037389 -0.091188 -0.254790 0.208632 0.173783 0.087252 0.020499 1.000000 0.514608 0.032810 0.117401 -0.472865 -0.405590 -0.214922 -0.233594 -0.119066 -0.283627 -0.083198 -0.214380 0.501164 0.244764 -0.097288 -0.154950 0.114485 -0.014797 -0.266973 -0.411433 0.284933 -0.040916 -0.087975 -0.205113 0.132099 -0.027223 0.010398 -0.045292 -0.084722 -0.284121 -0.000770 0.001184 0.043884 -0.020017 -0.395647 0.002244 0.220790 0.055846 -0.075040 -0.108788 0.403724 0.537041 0.170991 0.109139 0.205220 0.208440 0.466153 0.387021 0.031939 -0.448447 0.053756 -0.374387 0.108395 0.134758 0.134570 -0.253648 0.374689 0.268620 0.375183 0.147819 0.247981 0.076118 0.296760 0.508342 0.397488 0.587847 -0.002116 0.074230 0.064687 -0.207056 0.088944 -0.067925 -0.304402 -0.387891 0.121637 0.063892 -0.130972 -0.090516 -0.155492 0.124433 -0.019564 -0.203837 0.067431 0.002170 -0.079912 -0.038328 -0.059377 -0.283143 -0.016853 0.126367 -0.210846 0.132057 -0.052637 0.071824 -0.251696 0.053254 -0.050048 -0.006216 -0.047441 0.009129
-0.018355 0.045561 -0.277282 -0.330429 0.011275 -0.117386 -0.192661 -0.197019 0.101705 -0.025914 -0.182097 -0.050977 0.125404 0.105373 -0.057240 -0.055952 0.514608 1.000000 -0.079302 -0.040675 -0.287299 -0.204098 -0.186857 -0.238371 -0.124027 -0.085198 -0.179335 0.033134 0.431336 0.498657 0.136144 0.171977 -0.043654 -0.152723 -0.211787 -0.130812 0.317912 0.070477 -0.059711 -0.099032 0.108253 -0.054833 0.232005 0.170473 -0.056265 -0.142550 0.205264 0.169834 -0.129038 -0.030299 -0.289629 -0.086953 -0.021179 0.170249 -0.233078 0.154488 0.358464 0.363688 -0.151053 -0.126201 -0.079504 0.160016 0.117498 0.272844 0.008952 -0.283786 -0.323538 -0.383026 0.005241 -0.232284 -0.057306 -0.190002 0.416696 0.306365 0.335376 0.064500 0.073446 0.038974 0.293806 0.486492 0.251219 0.648765 0.016187 0.080714 0.022987 -0.118808 -0.052050 0.061808 -0.119664 -0.256704 0.109919 -0.072558 -0.005671 -0.038224 -0.110289 0.119202 0.290552 -0.121884 0.276739 -0.000779 -0.069625 -0.226552 -0.279867 -0.230759 0.032481 0.079373 -0.297248 -0.030717 -0.110179 0.039488 0.000033 0.168803 -0.137015 -0.170334 -0.098836 -0.017364
-0.101550 0.331113 -0.333230 -0.016684 -0.073231 -0.110090 0.119661 -0.184262 -0.353283 -0.158912 -0.444423 -0.367199 -0.184044 -0.214168 0.168404 0.142792 0.032810 -0.079302 1.000000 0.645431 0.074061 -0.128544 -0.257476 0.304839 -0.066072 -0.056065 -0.333054 -0.423045 0.361581 0.243624 0.096924 0.074972 0.470732 0.377879 -0.097915 -0.179440 0.020583 0.070678 -0.175541 0.082204 0.255459 0.146003 -0.147857 -0.211286 -0.128716 -0.305130 -0.014842 -0.298255 -0.245958 -0.254253 -0.182028 -0.178159 -0.302394 -0.162107 -0.139511 -0.073112 -0.077762 0.065442 -0.020015 -0.000612 0.082943 -0.059958 0.407614 0.358857 0.139000 -0.072312 0.554437 0.032040 0.337496 0.375746 0.122961 0.033650 -0.001669 0.017961 0.170815 0.069635 0.250132 0.185407 0.214671 -0.044853 0.208158 0.127062 0.004225 0.453425 -0.041307 0.298813 0.192020 -0.104233 -0.241101 -0.021730 -0.093403 -0.097066 -0.327100 -0.128524 -0.071336 0.174748 -0.274627 0.031933 -0.131681 0.024397 -0.196305 0.233170 0.301635 0.158786 -0.219321 -0.165322 -0.062967 -0.220329 0.185834 0.094481 -0.173505 0.030418 -0.073483 -0.041015 -0.015821 -0.260636
0.174682 0.509407 -0.315881 0.096016 -0.249188 -0.324234 -0.035330 -0.312350 -0.371476 -0.315588 -0.427181 -0.462485 -0.404315 -0.389637 0.081816 -0.044774 0.117401 -0.040675 0.645431 1.000000 -0.099468 -0.095032 -0.149508 0.203113 -0.431470 -0.257538 -0.349615 -0.384298 0.309447 0.052793 -0.109970 0.014161 0.376201 0.438653 -0.090386 -0.269700 0.084585 0.114543 0.023295 0.240819 0.450644 0.187320 -0.261167 -0.389220 -0.380704 -0.490606 -0.201493 -0.358238 -0.351159 -0.380520 -0.256012 -0.179147 -0.167604 -0.144570 -0.150298 -0.266212 0.092853 0.307634 -0.218969 -0.096502 -0.036207 -0.112592 0.359950 0.403495 0.093471 -0.260516 0.357196 -0.110722 0.387340 0.581934 -0.057659 0.198351 -0.073232 -0.000477 0.083546 -0.054442 0.273118 0.258211 0.340983 0.196299 0.460386 0.297199 0.336356 0.503310 0.258104 0.326267 0.251629 0.133933 0.027936 0.008979 -0.030849 -0.080471 -0.055742 -0.026820 0.034943 0.161640 -0.185689 0.043074 -0.092442 0.014022 -0.127549 -0.058437 -0.010029 0.061513 0.047522 0.250870 -0.102593 -0.037978 0.135176 0.039539 -0.014053 0.123828 0.037628 0.001232 0.205140 0.207928
-0.098080 -0.157133 0.316149 0.545179 -0.041847 0.297027 0.311312 0.419833 -0.366651 -0.203851 0.202474 0.230214 -0.134149 -0.208027 -0.138404 -0.041754 -0.472865 -0.287299 0.074061 -0.099468 1.000000 0.521943 0.192577 0.211419 0.126803 0.280883 0.287620 0.241414 -0.194427 -0.358578 0.075467 0.124828 -0.214786 -0.013089 0.341057 0.284889 -0.229299 -0.257848 0.000993 0.098996 -0.122760 -0.068976 -0.221574 -0.184794 -0.317288 -0.079790 -0.294614 -0.248468 -0.232486 -0.317865 0.294380 -0.272648 -0.274061 -0.335150 -0.045125 -0.201034 -0.222181 -0.234973 -0.189727 -0.151338 -0.085872 -0.227257 -0.205965 -0.320367 0.176002 0.491815 0.041761 0.337499 -0.082868 -0.051448 0.046377 0.091966 -0.300759 -0.057486 -0.194384 0.015533 -0.315419 -0.349082 -0.229829 -0.352645 -0.219735 -0.354674 0.239445 0.193672 -0.058592 0.130844 -0.228141 0.014066 0.283823 0.306316 -0.277366 -0.024888 0.263870 0.257755 0.227079 -0.159319 0.046159 0.155824 -0.283544 -0.427035 -0.020152 -0.024539 0.022233 0.312646 0.065637 0.002420 0.124877 -0.065684 0.023288 0.049484 0.090717 -0.131203 -0.273834 -0.204914 0.073726 0.045602
-0.217062 -0.235300 0.072623 0.572372 -0.245966 0.272449 -0.079990 0.297886 -0.297620 -0.225286 0.095625 0.138037 -0.229700 -0.112904 -0.245582 -0.088447 -0.405590 -0.204098 -0.128544 -0.095032 0.521943 1.000000 0.117177 0.215019 0.120094 0.447483 0.285383 0.250636 -0.225298 -0.364935 0.027297 0.382374 -0.075704 0.066852 0.228020 0.072147 -0.028240 -0.102588 0.192710 0.153545 -0.034470 0.164257 -0.084019 0.094993 -0.037759 0.239223 -0.125253 -0.144903 0.044301 -0.049513 0.308267 -0.091885 -0.233381 -0.096601 0.114899 0.005159 -0.239861 -0.382358 -0.359273 -0.322250 -0.432459 -0.375877 -0.264271 -0.364785 -0.277886 0.189146 -0.222272 0.235623 -0.175877 -0.250447 0.184769 0.299262 -0.266346 0.041132 -0.028780 0.057850 -0.134907 -0.044058 -0.048567 -0.142545 -0.047736 -0.242589 0.178503 0.203774 -0.271810 0.135531 -0.384402 0.092396 0.056415 0.116814 -0.321857 -0.105949 0.072410 0.214053 0.219969 -0.079750 0.263849 0.354396 -0.054372 -0.214600 0.009075 -0.156635 -0.019893 0.080949 0.050134 0.099666 0.144877 -0.002466 0.215013 -0.042439 0.304263 0.118467 0.039408 -0.137318 0.040355 0.146321
0.197721 -0.332554 0.452554 0.402025 -0.241042 0.206768 0.336285 0.077961 -0.133838 -0.263742 0.433021 0.091498 -0.121763 -0.222114 0.212883 -0.071914 -0.214922 -0.186857 -0.257476 -0.149508 0.192577 0.117177 1.000000 0.401653 0.063811 0.298933 0.104358 0.147795 -0.086871 -0.372199 0.369148 0.258032 -0.083669 -0.130964 0.109440 0.066882 0.305078 -0.080104 0.276378 -0.259208 0.094304 -0.151660 -0.208177 -0.139860 -0.094317 0.010787 -0.273137 -0.159394 -0.107138 -0.199802 0.163244 -0.135903 -0.175186 -0.260920 -0.000998 -0.039314 0.069670 -0.083276 -0.109431 -0.365731 -0.231686 -0.505806 -0.254596 -0.535206 0.363209 0.169399 -0.305010 0.056475 0.010964 -0.277563 -0.043644 0.016982 -0.096935 0.032402 -0.041170 -0.062070 0.038909 0.145798 -0.055222 -0.072796 -0.175387 -0.253195 0.355044 -0.131975 0.419296 -0.031080 -0.106086 0.017497 0.316088 0.089744 -0.400737 -0.249252 -0.002626 0.354121 0.003525 0.045383 0.073812 0.131144 -0.347202 -0.275893 0.043916 -0.076219 -0.172187 -0.045901 0.007680 0.027908 0.119147 0.090533 -0.164560 -0.045588 0.268606 -0.165790 0.112071 -0.132762 -0.060856 0.007730
-0.045535 -0.084572 0.160489 0.595058 -0.302406 0.320369 0.318909 0.073836 -0.158242 -0.339894 0.140771 -0.053135 -0.210817 -0.367523 0.307746 0.072822 -0.233594 -0.238371 0.304839 0.203113 0.211419 0.215019 0.401653 1.000000 0.059157 0.321993 0.048552 0.039104 -0.015851 -0.220054 0.320023 0.272742 0.277528 0.121938 0.111329 -0.047072 0.204355 0.017448 0.161676 0.005469 0.220936 0.016850 -0.399714 -0.291500 -0.154300 -0.172808 -0.360444 -0.417980 -0.267208 -0.371842 0.142403 -0.300401 -0.259955 -0.399265 0.142353 -0.104344 -0.129168 -0.272731 -0.188171 -0.411431 -0.092769 -0.477066 0.167381 -0.263951 0.232528 0.253599 0.139892 0.153149 -0.061384 -0.117030 0.011814 0.134203 -0.199403 0.077986 0.077447 -0.101290 0.126787 0.181202 0.049952 -0.155401 -0.045088 -0.285867 0.157284 0.292689 0.154795 0.447929 -0.043776 0.105225 0.041059 0.176316 -0.500709 -0.324501 -0.238119 0.213260 -0.202393 0.056091 -0.239395 0.043834 -0.441798 -0.017039 -0.183310 0.049053 0.237011 0.167994 0.097211 -0.059326 0.114730 -0.232053 0.078526 -0.007281 0.204477 0.028065 -0.014656 -0.108298 0.049878 -0.032305
-0.484931 -0.288584 0.178095 -0.114556 0.429155 0.711447 0.185832 0.201943 0.286890 0.466276 0.133481 0.034698 0.297228 0.338884 -0.160329 0.229661 -0.119066 -0.124027 -0.066072 -0.431470 0.126803 0.120094 0.063811 0.059157 1.000000 0.639284 0.248693 -0.121448 -0.016508 -0.026971 0.222592 -0.211424 -0.077106 -0.183157 0.176501 0.067018 -0.163016 -0.294485 -0.101828 -0.048672 -0.382349 0.013606 0.274017 0.342710 0.258999 0.142657 0.170430 0.195279 0.331855 0.200753 0.275723 0.137401 -0.038372 0.287188 0.060066 0.068491 -0.234201 -0.275646 0.220198 0.022338 -0.027332 -0.108920 -0.207203 -0.343706 -0.133794 0.108801 -0.021390 -0.043370 -0.275368 -0.280888 0.305821 0.027650 -0.100977 0.066427 -0.216330 -0.016338 -0.143232 -0.094079 0.076204 -0.168300 -0.064184 -0.208418 -0.325918 -0.266933 -0.454017 -0.343204 -0.439700 -0.214207 -0.140173 -0.145419 -0.110097 0.163927 -0.395309 0.066904 -0.230993 -0.013025 -0.234012 0.094230 -0.145347 0.050358 -0.095998 0.327278 0.315652 -0.038460 -0.216257 -0.300469 0.232352 -0.183962 0.117893 0.176394 0.056613 -0.189610 0.050463 -0.027910 -0.423151 -0.413408
-0.420335 -0.447283 0.176840 0.313828 -0.142813 0.694725 0.184262 0.220750 -0.032007 0.134251 0.086047 -0.094405 -0.047593 -0.016421 -0.090406 0.277786 -0.283627 -0.085198 -0.056065 -0.257538 0.280883 0.447483 0.298933 0.321993 0.639284 1.000000 0.102502 0.096993 -0.038901 -0.174920 0.489118 0.338905 0.116005 0.022265 0.275214 0.036369 -0.053971 -0.410121 -0.049157 -0.279814 -0.287247 -0.266233 0.195588 0.312986 0.207339 0.373194 0.172166 0.099121 0.150183 0.153866 0.358434 0.021151 -0.348214 0.198326 -0.084884 0.008092 -0.247571 -0.408200 -0.188946 -0.265256 -0.442301 -0.354559 -0.384755 -0.510144 -0.071257 0.278965 -0.253610 0.162123 -0.287869 -0.496161 0.195104 0.115604 -0.287339 -0.052836 -0.147608 -0.200331 -0.250190 -0.192824 -0.076249 -0.192357 -0.219481 -0.307464 -0.110125 0.000849 -0.311874 0.027137 -0.700578 0.060820 -0.089777 -0.223541 -0.281107 -0.005060 -0.285789 0.397814 -0.210955 0.040108 -0.134848 0.068493 -0.153696 -0.030959 -0.145039 0.059832 0.048305 0.099107 -0.119260 -0.121775 0.075917 -0.244070 0.152105 -0.023992 0.323283 0.122939 0.101658 -0.241766 -0.291158 -0.229858
-0.066861 -0.141428 0.246828 0.235659 0.329324 0.326140 -0.010926 0.265653 0.135809 0.229170 0.385372 0.330150 0.193063 0.217370 -0.033340 -0.096190 -0.083198 -0.179335 -0.333054 -0.349615 0.287620 0.285383 0.104358 0.048552 0.248693 0.102502 1.000000 0.353180 -0.342109 -0.228595 -0.068683 -0.118002 -0.173884 -0.045960 0.098513 0.215011 0.080541 0.068644 0.215175 0.241821 -0.177966 0.209946 -0.043701 -0.004837 -0.071006 0.000639 -0.080167 -0.002436 0.100297 -0.177941 0.308771 -0.088908 0.175760 -0.115666 0.173108 -0.058994 -0.145499 -0.168411 -0.071277 -0.114759 0.018149 -0.140245 -0.113671 -0.330556 -0.257793 0.182972 -0.274134 -0.062445 -0.276230 -0.199819 0.131992 0.273892 0.010396 -0.004379 -0.181809 0.142601 -0.112666 0.050590 -0.113000 0.062112 -0.068360 -0.122776 -0.274249 -0.405677 -0.047713 -0.099400 -0.023019 -0.091391 -0.010439 0.121537 -0.183716 0.044825 0.079905 0.045653 -0.138696 -0.246406 0.002149 -0.112556 -0.111512 -0.064758 -0.209118 0.020731 0.151083 -0.003147 0.322833 -0.088871 0.251806 0.155479 -0.105647 -0.094819 0.157321 0.126985 0.200712 -0.050369 -0.044666 0.033344
0.120373 -0.153555 0.308897 0.425172 -0.320239 -0.093706 -0.119107 0.133588 -0.245177 -0.263811 0.284690 0.345794 -0.222292 -0.312265 -0.249239 -0.422658 -0.214380 0.033134 -0.423045 -0.384298 0.241414 0.250636 0.147795 0.039104 -0.121448 0.096993 0.353180 1.000000 -0.508316 -0.232760 0.120915 0.364484 -0.299777 0.059062 0.443626 0.411572 -0.012123 0.137326 0.490987 0.093987 0.044037 -0.319260 -0.189613 -0.148941 -0.194221 0.098294 -0.109582 0.108398 -0.235619 -0.195136 -0.046081 -0.269856 -0.134442 -0.246565 0.088767 -0.033452 0.093604 -0.040685 -0.228806 -0.069954 -0.208557 -0.109524 -0.531568 -0.402333 -0.102297 0.453349 -0.183755 0.466244 -0.071869 -0.190540 0.000404 0.079737 -0.102610 -0.053674 0.060352 -0.056826 -0.141873 -0.101010 -0.286520 0.079014 -0.463176 -0.243432 -0.054493 -0.319058 0.094284 -0.001067 -0.010386 0.314556 0.307404 0.276594 -0.079286 -0.021085 0.433364 0.171109 -0.015171 -0.252714 0.337478 -0.251150 -0.044625 0.053374 0.088443 -0.308785 -0.171024 0.246950 0.372602 0.000925 -0.011806 -0.021536 -0.166490 -0.268671 0.380592 -0.086782 -0.142288 -0.172075 0.110570 0.266117
-0.129971 0.007083 -0.283016 -0.434849 0.033464 0.009916 0.134271 -0.214856 -0.070689 -0.052895 -0.277420 -0.409934 0.126757 0.134937 0.149086 0.214475 0.501164 0.431336 0.361581 0.309447 -0.194427 -0.225298 -0.086871 -0.015851 -0.016508 -0.038901 -0.342109 -0.508316 1.000000 0.520208 0.127757 0.097939 0.281827 0.004182 -0.400521 -0.506410 0.283050 -0.150538 -0.292788 -0.288234 0.099431 -0.015806 0.041675 -0.035132 -0.074171 -0.275656 -0.045567 -0.157936 -0.128717 -0.084635 -0.342597 -0.187894 -0.031304 0.008800 -0.218390 -0.097039 0.159309 0.277068 0.102842 -0.088609 0.183000 0.049953 0.612470 0.451964 0.178311 -0.536401 0.110678 -0.382571 0.093833 0.010095 -0.020834 -0.317385 0.427262 0.235173 0.222463 0.147325 0.222935 0.055691 0.295620 0.239928 0.413914 0.577471 0.191979 0.481853 -0.003415 -0.117670 -0.109036 -0.269847 -0.227885 -0.433374 -0.094670 -0.192678 -0.317237 0.022096 -0.046456 0.326937 -0.014392 0.027726 -0.008428 -0.178907 -0.059357 0.028256 -0.109623 -0.329912 -0.078767 0.080355 -0.170112 0.046872 0.195517 0.232704 -0.184038 0.138668 -0.160651 -0.092347 -0.046954 -0.120481
0.019027 0.058017 -0.380313 -0.443490 0.095440 -0.163972 -0.114188 -0.306345 0.080031 0.069348 -0.379901 -0.090322 0.065094 0.221644 -0.023831 0.183031 0.244764 0.498657 0.243624 0.052793 -0.358578 -0.364935 -0.372199 -0.220054 -0.026971 -0.174920 -0.228595 -0.232760 0.520208 1.000000 0.225871 0.120464 0.057769 -0.057852 -0.171159 -0.049785 0.027465 -0.002877 -0.355180 -0.074512 0.016226 -0.041473 0.325988 0.205333 0.142345 0.012303 0.412994 0.349652 -0.049728 0.112542 -0.263309 -0.057438 -0.063114 0.291953 -0.129632 0.300825 0.243298 0.133722 -0.018516 -0.045075 0.039266 0.145430 0.285579 0.361553 -0.046372 -0.422681 -0.009499 -0.280948 -0.014322 -0.146928 -0.076104 -0.159514 0.538777 0.319003 0.318107 0.167213 0.157938 0.093631 0.184355 0.285823 0.251145 0.508397 -0.250425 0.083234 0.005666 -0.141988 0.089449 -0.080979 -0.342167 -0.430935 0.210620 -0.163710 -0.250628 -0.304733 -0.156588 0.215782 0.218401 -0.180675 0.419845 0.144078 0.046644 -0.129753 -0.045083 -0.292557 -0.196860 -0.204633 -0.168938 -0.130467 -0.034599 0.064413 0.009376 0.187481 -0.065871 0.031750 -0.040406 -0.307665
-0.045125 -0.459045 0.224100 0.171654 -0.262132 0.225424 0.335129 -0.007239 -0.248317 -0.078023 0.016326 -0.078399 -0.115290 -0.059034 0.015033 0.046409 -0.097288 0.136144 0.096924 -0.109970 0.075467 0.027297 0.369148 0.320023 0.222592 0.489118 -0.068683 0.120915 0.127757 0.225871 1.000000 0.623590 0.214887 0.147844 0.224310 0.123722 0.242954 -0.270804 0.146297 -0.444427 0.052813 -0.216660 0.114384 0.090509 0.093599 0.198163 0.136769 0.102793 -0.230220 -0.157566 -0.038282 -0.314333 -0.487666 -0.020940 -0.145472 0.037269 0.061241 -0.226912 -0.179287 -0.451243 -0.317112 -0.309925 -0.174031 -0.347475 0.291622 0.141314 -0.087007 0.100561 -0.080289 -0.439383 0.111448 -0.047975 0.136283 0.331283 0.251243 0.028536 0.082254 0.131146 0.060783 0.117703 -0.118097 0.012608 -0.179904 -0.145945 0.141401 -0.019490 -0.237767 0.099860 -0.031509 -0.264318 -0.216452 -0.261683 -0.217009 0.099769 -0.259946 0.021097 0.000164 -0.219634 -0.079792 0.134843 -0.089871 -0.198950 -0.226951 -0.030389 -0.164613 -0.154987 -0.245469 -0.255956 -0.020661 -0.092412 0.315334 0.167752 0.160440 -0.183328 -0.144891 -0.216762
0.035728 -0.271811 -0.001923 0.392401 -0.678043 -0.049116 -0.103641 -0.017241 -0.441237 -0.455570 -0.014707 0.009154 -0.367475 -0.326056 -0.024627 -0.104845 -0.154950 0.171977 0.074972 0.014161 0.124828 0.382374 0.258032 0.272742 -0.211424 0.338905 -0.118002 0.364484 0.097939 0.120464 0.623590 1.000000 0.230084 0.384360 0.222097 0.093407 0.288572 -0.012894 0.234704 -0.261810 0.087494 -0.134512 -0.086230 0.008040 -0.090029 0.221567 -0.001424 0.055772 -0.318833 -0.196636 -0.138754 -0.308434 -0.465522 -0.124848 -0.033891 0.119454 0.010713 -0.218242 -0.385318 -0.404431 -0.384583 -0.223252 -0.231075 -0.231567 0.091986 0.117667 -0.172121 0.293025 -0.077156 -0.359850 0.091724 0.145582 0.106103 0.270539 0.255482 0.077776 0.090667 0.202513 -0.065683 0.151791 -0.234651 -0.041539 0.040213 0.085843 0.134680 0.113823 -0.123128 0.259443 0.027356 -0.136148 -0.229847 -0.337342 0.037282 0.115650 -0.036095 0.026299 0.358153 -0.095200 0.016089 -0.031128 0.034461 -0.468237 -0.255986 0.023001 0.031627 -0.084342 -0.293357 -0.196895 -0.047698 -0.287700 0.392066 0.267461 -0.033186 -0.170191 0.038866 0.016731
0.098484 0.141065 -0.247311 -0.056898 -0.341396 -0.009711 -0.097462 -0.291396 -0.138291 -0.132176 -0.056022 -0.360789 -0.116697 -0.223104 0.261531 0.076191 0.114485 -0.043654 0.470732 0.376201 -0.214786 -0.075704 -0.083669 0.277528 -0.077106 0.116005 -0.173884 -0.299777 0.281827 0.057769 0.214887 0.230084 1.000000 0.494686 -0.216092 -0.328300 0.212437 0.058585 0.017619 -0.090464 0.244869 0.169499 -0.018445 -0.002123 0.135595 -0.025529 0.062646 -0.253748 0.018651 -0.022428 -0.099455 -0.031055 -0.150801 -0.101369 0.123651 0.115898 -0.072518 -0.052483 0.137873 -0.023874 0.071579 0.013061 0.219394 0.274113 0.031670 -0.131698 0.255621 -0.113290 0.125363 0.029680 0.011449 0.071106 0.018480 -0.029746 0.209086 0.027102 0.338081 0.333344 0.120472 0.100448 0.096251 0.012892 -0.204476 0.143883 0.039108 0.144104 0.030736 0.095049 -0.215301 -0.067031 -0.278930 -0.133400 -0.420716 -0.052744 -0.292224 0.043635 -0.374172 -0.122417 -0.198700 0.208563 -0.312687 0.102659 0.137530 0.010686 -0.110039 -0.193209 -0.136594 -0.232739 0.024935 -0.092424 -0.216348 0.280771 0.140896 0.133643 -0.126475 -0.199849
0.064468 0.146988 -0.123731 0.212515 -0.335239 -0.083638 -0.214800 -0.155815 -0.311212 -0.229617 0.036231 -0.164292 -0.324130 -0.370444 -0.003515 -0.072065 -0.014797 -0.152723 0.377879 0.438653 -0.013089 0.066852 -0.130964 0.121938 -0.183157 0.022265 -0.045960 0.059062 0.004182 -0.057852 0.147844 0.384360 0.494686 1.000000 0.257614 0.159954 0.045351 -0.007667 0.143813 -0.075154 0.187472 0.133872 -0.287074 -0.222267 -0.295555 -0.122585 -0.217076 -0.127510 -0.269473 -0.249382 -0.313488 -0.139520 -0.263536 -0.203624 0.060863 -0.119449 -0.139801 -0.064792 -0.199220 -0.058265 -0.117063 0.141453 -0.113945 0.000698 0.070073 0.182512 0.231096 0.221447 0.247207 0.315905 0.116208 0.302615 0.021081 -0.104014 0.012324 0.066122 0.217415 0.361097 0.007925 0.300074 -0.008338 -0.025881 -0.125384 0.038127 0.215351 0.135711 0.059406 0.206017 0.021021 0.042365 -0.077121 -0.004280 0.101866 0.068111 -0.052910 -0.105266 -0.151388 -0.074468 -0.264698 -0.014691 -0.134023 -0.138413 -0.004277 0.054178 0.092467 -0.212079 -0.221771 -0.298040 0.008984 -0.230962 0.135215 0.195871 -0.004502 -0.005878 -0.095351 -0.042018
-0.015715 -0.330107 0.340230 0.407665 -0.192498 0.164851 0.078890 0.138930 -0.255357 -0.147367 0.034772 -0.039566 -0.351415 -0.324239 -0.495862 -0.197687 -0.266973 -0.211787 -0.097915 -0.090386 0.341057 0.228020 0.109440 0.111329 0.176501 0.275214 0.098513 0.443626 -0.400521 -0.171159 0.224310 0.222097 -0.216092 0.257614 1.000000 0.530633 -0.205178 -0.231401 0.115298 0.068501 -0.085196 -0.278846 -0.113252 -0.094526 -0.248805 -0.026460 -0.205160 0.138673 -0.232692 -0.122257 -0.079678 -0.190825 -0.350750 -0.058459 0.077948 -0.153886 0.182094 -0.112156 -0.207428 -0.117660 -0.252034 -0.225329 -0.560006 -0.465986 -0.014554 0.285585 0.082471 0.479415 0.075282 0.007329 0.338500 0.234045 -0.141825 -0.014274 -0.053366 -0.035414 -0.214014 -0.105283 0.011271 -0.037071 -0.121030 -0.336134 -0.006588 -0.148888 0.057305 -0.081437 -0.139706 0.281107 0.266251 0.028450 0.033913 0.041085 0.328895 0.146682 0.064979 -0.238394 0.144435 -0.088337 -0.248460 -0.067841 0.087005 -0.331645 0.015787 0.115356 -0.033211 -0.032430 0.044319 -0.216176 -0.240798 -0.169140 0.377103 -0.169648 -0.122550 -0.138196 -0.007810 -0.045308
0.010305 -0.167115 0.350691 0.319107 0.010871 0.039110 0.043000 0.223599 0.048967 -0.112148 0.169790 0.218835 -0.193252 -0.048243 -0.322741 -0.213201 -0.411433 -0.130812 -0.179440 -0.269700 0.284889 0.072147 0.066882 -0.047072 0.067018 0.036369 0.215011 0.411572 -0.506410 -0.049785 0.123722 0.093407 -0.328300 0.159954 0.530633 1.000000 -0.262195 -0.014178 0.026624 0.061679 -0.233944 -0.196691 -0.131009 -0.085613 -0.125513 0.152802 -0.157405 0.161282 -0.147710 -0.019354 0.063921 -0.009620 -0.098089 -0.146213 0.114964 -0.009216 -0.093442 -0.140571 -0.246020 0.022079 -0.138107 -0.024247 -0.475188 -0.386711 0.009991 0.425038 0.078732 0.508011 0.000142 0.042420 0.186698 0.114669 -0.014131 -0.004605 -0.113190 0.003269 -0.292504 -0.027841 -0.105377 -0.058250 -0.322237 -0.317192 -0.190007 -0.402420 0.103762 -0.098462 0.041081 0.067397 0.229549 0.239977 -0.005158 -0.080117 0.287200 -0.113333 0.017823 -0.400491 0.160198 -0.200939 -0.059499 -0.126318 0.051773 -0.197700 0.041251 0.098360 0.062181 -0.260689 0.079346 -0.163108 -0.313724 -0.249657 0.210058 -0.155383 -0.002137 -0.099473 -0.113757 -0.122411
