1.000000 0.638851 0.363436 0.076443 -0.065280 -0.123433 0.373188 0.302996 -0.190003 -0.082871 0.298238 0.149278 0.238139 0.083766 -0.270824 -0.348331 0.187414 -0.018764 0.173214 0.227616 -0.420345 -0.237801 -0.002541 -0.012965 -0.180210 -0.266444 -0.198822 -0.137453 -0.212663 -0.233729 -0.111804 -0.162818 0.363675 0.373068 -0.165360 0.143989 -0.041048 -0.173734 -0.288435 -0.106318 -0.280189 -0.110507 -0.156072 -0.227949 -0.172437 -0.266990 -0.203391 -0.169193 -0.025631 -0.123050 -0.325508 -0.159506 0.116640 -0.012898 0.029722 -0.195235 0.584319 0.383561 0.299557 0.408607 0.129086 0.244154 0.118308 0.237436 -0.120375 -0.041865 -0.212377 -0.093170 0.336369 -0.122176 0.070243 -0.033263 -0.124061 -0.026472 -0.030666 0.144623 0.136504 0.159575 -0.095275 -0.096189 -0.237377 -0.387907 -0.451730 -0.565715 -0.335273 -0.380259 -0.075816 -0.293229 -0.129830 -0.063835 0.178147 0.119849 0.042671 0.076300 0.250799 -0.073942 0.058628 0.044140 0.018095 0.057679 0.030979 -0.188013 -0.076836 -0.122147 -0.124778 -0.087564 -0.050201 0.025796 0.185734 0.011379 -0.160310 0.051089 -0.021517 0.063822 0.085234 0.003674
0.638851 1.000000 0.133937 -0.103555 -0.053971 -0.203005 0.167375 0.201509 -0.270810 -0.165932 0.214608 0.191527 0.079007 0.083306 -0.299559 -0.349638 0.323112 0.272430 0.059583 0.237893 -0.295335 -0.175283 -0.179183 -0.226104 -0.115153 -0.279247 -0.132871 -0.194451 -0.075381 0.006730 -0.086925 -0.149215 0.447986 0.392319 -0.314200 0.013024 0.140742 -0.116596 -0.278222 -0.149909 -0.172889 0.045300 -0.116108 -0.151794 -0.074178 -0.153953 -0.184097 -0.180333 0.096616 0.062209 -0.294908 -0.041708 0.091613 -0.004730 -0.039273 -0.153702 0.554484 0.645641 0.224363 0.448633 0.010649 0.201931 0.062544 0.331416 -0.321001 -0.266233 -0.045570 -0.119184 0.530326 0.120547 0.038629 -0.074205 -0.036243 0.003483 0.008118 0.185995 0.174273 0.105124 0.149248 0.266071 -0.129740 -0.220235 -0.450480 -0.382061 -0.476395 -0.368569 -0.185015 -0.303417 -0.322597 -0.218327 -0.029860 -0.066064 -0.189560 0.022959 0.273173 0.055895 0.010339 0.145407 -0.117744 -0.012705 -0.105778 -0.137266 -0.171371 -0.112547 -0.125876 -0.043093 0.100077 0.162997 0.272429 -0.010785 -0.176814 0.069882 -0.039823 0.136139 0.204094 0.040496
0.363436 0.133937 1.000000 0.494206 -0.025083 0.167286 0.587906 0.590711 0.013658 0.046100 0.090726 0.109040 0.027390 0.140481 -0.442122 -0.160849 -0.043603 -0.149145 0.259425 0.084530 -0.252812 -0.362260 0.151726 0.138648 -0.187001 -0.032974 -0.147706 -0.317935 -0.225014 -0.224015 0.288994 0.258584 0.168404 0.233349 -0.250855 0.105731 -0.353150 -0.166182 -0.223457 -0.021907 -0.351009 -0.087344 -0.064473 -0.145296 0.159442 0.055627 -0.216689 -0.102450 0.031825 0.004663 0.082214 -0.218217 -0.062687 -0.246122 -0.251086 -0.388386 0.033703 -0.044922 0.050812 0.090099 0.115908 0.198823 -0.085079 -0.106455 -0.025960 0.085660 -0.154504 0.272100 0.119868 0.089289 0.050819 0.025682 -0.214657 -0.113742 -0.090656 -0.045928 -0.104063 -0.076170 -0.196181 -0.385419 -0.275386 -0.359728 -0.427138 -0.402655 -0.264318 -0.260851 -0.309002 -0.315270 -0.157814 -0.195054 0.077991 -0.081228 0.177076 0.103945 0.141121 -0.090938 0.022987 -0.027230 -0.045692 -0.061118 0.031066 -0.029495 -0.055505 -0.155827 -0.226719 -0.054255 -0.129575 -0.056036 0.118745 -0.178520 0.042427 0.056203 0.056738 0.062183 0.098090 0.191217
0.076443 -0.103555 0.494206 1.000000 -0.271674 0.080471 0.337253 0.522320 -0.261375 -0.054388 0.113268 0.113702 0.038178 0.020325 -0.204746 -0.326868 -0.336816 -0.366526 0.455537 0.232023 -0.376856 -0.359634 0.544608 0.510850 -0.135525 -0.158733 -0.253949 -0.263294 -0.541909 -0.535016 0.130108 0.312097 0.167735 0.061265 -0.051539 -0.154530 -0.399663 -0.273682 -0.322903 -0.208500 -0.426472 -0.170795 -0.102257 -0.215604 -0.123895 -0.140688 -0.120877 -0.022305 -0.079421 -0.223026 0.309953 -0.146840 -0.079443 0.037677 -0.299497 -0.056463 -0.218677 -0.145189 -0.369688 -0.268315 -0.031540 -0.130938 -0.093473 -0.049518 0.273072 0.094697 -0.049917 0.227829 -0.091391 0.125812 -0.310415 -0.138083 -0.590769 -0.288327 -0.396584 -0.299990 -0.286946 -0.255514 -0.145123 -0.287379 -0.129584 0.061488 -0.206410 -0.203386 0.242310 0.221539 -0.258866 -0.095575 -0.037382 -0.130689 0.128303 0.100637 0.306540 0.169810 0.011221 -0.212156 -0.130131 -0.056596 0.038013 0.108220 0.222307 0.123615 0.143265 -0.025627 -0.185138 -0.084239 -0.128994 -0.071686 0.076010 -0.355327 -0.150641 -0.014574 0.361264 0.161494 0.131799 0.062670
-0.065280 -0.053971 -0.025083 -0.271674 1.000000 0.500447 0.287689 0.063916 0.509466 0.555838 -0.051901 0.097514 -0.135599 0.007533 0.504409 0.395028 -0.104666 -0.093133 -0.148303 -0.315893 0.260519 0.214304 0.011407 -0.127917 0.592464 0.512278 0.452520 0.431780 0.190323 0.201591 0.000923 -0.338512 -0.304041 -0.219069 0.203261 0.341357 0.004804 -0.059695 -0.022708 -0.007947 0.207110 0.084577 -0.092090 -0.126734 -0.070302 -0.104792 -0.206536 -0.163623 0.183664 -0.100624 -0.066714 0.025873 0.057156 -0.090554 0.095639 -0.113613 -0.026750 -0.336448 0.568584 0.360644 0.145366 0.337410 -0.012618 -0.125473 0.180035 0.337160 0.331927 0.086665 -0.083924 -0.134473 0.179535 -0.108752 0.092303 0.161026 0.273085 0.242057 0.194061 0.102574 -0.278210 -0.035815 -0.228582 -0.353367 0.014801 0.170191 -0.216259 -0.304762 0.046140 -0.312532 0.254132 0.021938 -0.182373 -0.185093 -0.019083 -0.120390 0.062285 0.182253 -0.221060 0.023809 -0.384257 -0.288422 -0.186333 -0.078200 0.022160 -0.045683 0.144063 0.029100 0.007585 -0.042482 0.138980 0.155147 0.014207 -0.108828 -0.098062 -0.049199 -0.041781 -0.003267
-0.123433 -0.203005 0.167286 0.080471 0.500447 1.000000 0.391595 0.352113 0.555303 0.716569 0.023751 0.158820 0.060200 0.265249 0.238597 0.541539 -0.445561 -0.239614 -0.276189 -0.157877 0.348300 0.108093 -0.013743 0.134233 0.279553 0.652016 0.619325 0.279451 -0.159023 0.038790 -0.010205 -0.209918 -0.335272 -0.230196 0.135878 0.417183 -0.235515 -0.091821 0.095195 0.087946 -0.170635 -0.174010 -0.040258 -0.045775 0.007656 0.031116 -0.035898 -0.017617 0.076805 -0.048768 0.074650 -0.056643 0.156032 -0.096407 0.055253 -0.136903 -0.099831 -0.414944 0.427601 0.115749 -0.160148 0.410176 -0.360435 -0.413139 0.240496 0.511520 0.095339 0.209752 -0.218124 -0.017891 0.045715 0.010263 -0.257619 -0.142991 -0.008313 0.245229 -0.071253 -0.137156 -0.299769 -0.165888 -0.419501 -0.354243 0.002387 0.017909 -0.133669 -0.216017 -0.155805 -0.160867 0.368179 0.124491 0.213639 -0.255635 0.327473 -0.082498 -0.158236 -0.063091 -0.101630 -0.232338 -0.216971 -0.227546 0.128090 -0.001819 0.060139 0.030815 0.072047 0.038128 -0.100728 -0.147010 -0.262585 -0.073872 0.133572 -0.293383 0.065538 -0.087155 -0.019026 0.046874
0.373188 0.167375 0.587906 0.337253 0.287689 0.391595 1.000000 0.628775 0.237730 0.442234 0.299018 0.425041 0.293571 0.372683 -0.043947 0.072685 -0.017306 -0.125062 0.052136 -0.086819 -0.122139 -0.188510 0.282562 0.283054 0.137670 0.202417 0.091365 0.008594 -0.203802 -0.223050 0.232918 -0.020956 0.154613 0.215002 -0.170098 0.310992 -0.372282 -0.439858 -0.355053 -0.139545 -0.433848 -0.321629 0.015819 -0.061380 0.114363 0.148920 -0.095877 -0.029578 -0.018379 -0.005724 -0.198223 -0.402611 -0.074687 -0.186498 -0.353886 -0.339192 0.023674 0.011308 0.310319 0.095103 0.135245 0.388852 -0.101423 -0.094468 0.303500 0.438546 -0.119807 0.135192 0.014022 -0.021206 0.083406 -0.050532 -0.277852 -0.218030 -0.066105 0.133843 -0.042067 -0.016818 -0.155163 -0.091233 -0.300577 -0.347209 -0.397103 -0.365264 -0.342931 -0.493920 -0.318323 -0.443405 -0.063558 -0.343229 0.014866 -0.260091 0.039934 -0.223229 0.161895 -0.274474 0.004592 -0.201118 -0.152023 -0.262252 -0.215287 -0.309200 -0.266789 -0.385816 -0.380791 -0.389200 -0.299508 -0.253055 0.089094 -0.280529 -0.139525 -0.164820 -0.128367 -0.139604 -0.034618 -0.004860
0.302996 0.201509 0.590711 0.522320 0.063916 0.352113 0.628775 1.000000 0.035072 0.296715 0.026881 0.249982 0.107757 0.286516 -0.434663 -0.073371 -0.167545 -0.108865 -0.042455 0.051621 -0.206907 -0.223997 0.052113 0.180479 -0.119369 0.008236 -0.154127 -0.381883 -0.244003 -0.125456 0.210609 0.155376 0.307046 0.353121 -0.273684 0.075201 -0.306904 -0.272033 -0.346999 -0.020355 -0.400432 -0.057295 -0.227045 -0.287502 0.019908 -0.023006 -0.277781 -0.168864 0.038919 -0.065448 -0.052230 -0.201164 0.052953 -0.159756 -0.298970 -0.329793 -0.043516 -0.149391 0.227581 0.161841 0.156488 0.485542 -0.050932 -0.144550 0.020127 0.278369 0.063583 0.390617 0.026315 0.051941 0.041535 0.032005 -0.212489 -0.026129 -0.030244 0.035693 -0.106998 -0.071410 -0.100340 -0.225997 -0.285343 -0.308632 -0.537319 -0.320681 -0.360776 -0.329993 -0.504498 -0.390544 -0.239237 -0.295932 0.080704 -0.236024 0.127307 -0.086091 0.197366 -0.114537 0.004311 -0.021462 -0.286472 -0.204329 -0.020778 -0.026154 -0.066949 -0.129841 -0.175684 -0.070958 -0.093822 -0.060969 0.029665 -0.252446 -0.191827 -0.187926 0.052507 0.026140 0.035217 0.214707
-0.190003 -0.270810 0.013658 -0.261375 0.509466 0.555303 0.237730 0.035072 1.000000 0.667387 0.034544 0.181950 0.296639 0.352902 0.327975 0.798392 0.029169 0.189202 -0.494934 -0.464148 0.551341 0.427488 -0.212521 -0.168018 0.262600 0.680337 0.526884 0.262677 0.409617 0.530531 0.077755 -0.169709 -0.407339 -0.248309 0.200449 0.361399 0.071242 0.141659 0.388237 0.231623 0.190519 0.026348 -0.041700 0.064682 0.045814 0.125485 -0.033232 -0.056409 -0.019995 -0.026731 -0.140819 -0.166305 0.081193 -0.249235 0.098747 -0.242016 -0.268141 -0.362675 0.575491 0.016003 0.087073 0.291842 -0.057714 -0.312893 0.268118 0.486808 -0.017914 -0.072313 -0.215216 -0.174111 0.194895 0.130243 0.292782 0.097577 0.197522 0.347687 0.112273 0.137660 0.062083 0.063286 -0.103335 -0.122978 0.274419 0.319208 -0.142217 -0.268675 0.060523 -0.066720 0.394286 0.095348 -0.144003 -0.391319 -0.093678 -0.320007 -0.068353 0.050251 -0.039049 -0.107809 -0.315789 -0.434257 -0.214190 -0.170682 -0.195038 -0.116854 0.022131 -0.067086 -0.150089 -0.076222 -0.255124 0.065247 0.173372 -0.195551 -0.170494 -0.254940 -0.202051 -0.078304
-0.082871 -0.165932 0.046100 -0.054388 0.555838 0.716569 0.442234 0.296715 0.667387 1.000000 0.035273 0.265336 0.104492 0.330677 0.333218 0.672570 -0.189914 -0.083314 -0.351181 -0.232571 0.305245 0.092847 -0.148164 0.001066 0.396469 0.624046 0.379091 0.229080 0.065581 0.233752 -0.024986 -0.309772 -0.331895 -0.296355 0.147454 0.369222 -0.055026 -0.079367 0.015557 -0.005384 0.004595 -0.099723 0.100735 0.091669 0.084666 0.159529 0.022815 0.108488 0.063858 -0.048654 -0.174603 -0.167806 0.072753 -0.205349 -0.040283 -0.221821 -0.134574 -0.330635 0.535267 0.113487 -0.016528 0.441436 -0.229162 -0.370302 0.229989 0.503313 0.129560 0.049929 -0.098085 0.002337 0.031496 -0.072460 -0.052826 -0.016281 0.162730 0.306351 0.102865 0.039274 -0.130988 0.073041 -0.244164 -0.295361 0.013466 0.173437 -0.217243 -0.420093 -0.089997 -0.233180 0.235193 -0.026051 -0.046006 -0.343221 0.106276 -0.159403 -0.081681 -0.083911 -0.134423 -0.216941 -0.313743 -0.416950 -0.161804 -0.126333 -0.107640 -0.129414 0.014252 -0.098869 -0.107310 -0.109115 -0.122965 -0.115680 0.140648 -0.179611 -0.067097 -0.082727 -0.169295 -0.110057
0.298238 0.214608 0.090726 0.113268 -0.051901 0.023751 0.299018 0.026881 0.034544 0.035273 1.000000 0.718132 0.742354 0.641611 0.310895 0.050509 0.020669 -0.041667 -0.057062 0.067649 -0.134487 -0.026263 0.299097 0.265501 0.056472 0.021000 0.103769 0.158809 -0.074844 -0.048538 0.040713 0.073678 -0.077705 -0.196958 0.062807 0.117292 -0.087253 -0.086802 -0.112664 -0.124578 -0.307897 -0.355016 -0.027527 -0.073231 -0.242907 -0.187269 -0.099160 -0.011874 0.103148 -0.056611 -0.037590 0.003997 0.319179 0.230907 -0.082426 -0.107962 0.067187 0.096335 -0.005962 -0.068659 -0.353849 -0.199591 -0.148984 0.019933 0.194535 -0.031768 -0.356393 -0.346586 -0.109804 -0.167768 0.096572 0.103931 -0.104989 -0.106813 -0.135648 0.217982 0.173434 0.207379 0.103919 0.072996 -0.077769 0.103636 -0.026117 -0.165740 0.176040 0.020822 -0.119937 -0.125563 -0.098558 -0.175500 0.163859 0.050358 -0.048173 -0.099961 -0.047458 -0.227166 -0.170496 -0.319906 -0.068500 -0.120340 -0.081542 -0.368392 -0.207772 -0.238328 -0.210462 -0.203499 -0.138500 -0.167492 0.029135 -0.165416 -0.060876 -0.171205 -0.044355 -0.072843 0.032933 -0.310943
0.149278 0.191527 0.109040 0.113702 0.097514 0.158820 0.425041 0.249982 0.181950 0.265336 0.718132 1.000000 0.603409 0.799761 0.255464 0.225998 0.043501 0.132393 -0.273330 -0.051624 0.000780 0.088425 0.186580 0.242393 0.168466 0.199465 0.099248 0.170156 -0.018204 0.109244 0.149350 0.045467 -0.086629 -0.121912 0.112017 0.098675 -0.045443 -0.086519 -0.121687 -0.011191 -0.303311 -0.292478 0.016730 -0.002139 -0.219032 -0.117817 -0.052714 0.028811 0.012961 -0.189060 -0.104792 -0.097746 0.226515 0.049100 -0.219485 -0.269637 -0.064968 -0.045240 0.101714 -0.120808 -0.100859 0.083752 -0.090855 0.003506 0.304854 0.267936 -0.210604 -0.075699 -0.181256 -0.168585 0.108105 0.129281 -0.004478 -0.116843 -0.037855 0.232972 0.242732 0.262548 0.122280 0.136712 -0.076318 0.066105 -0.077216 -0.004773 0.062090 -0.067519 -0.174308 -0.185801 -0.094428 -0.208954 -0.062241 -0.233490 -0.273958 -0.374818 -0.108422 -0.319477 -0.104667 -0.393531 -0.289894 -0.412808 -0.296951 -0.466313 -0.416961 -0.394341 -0.367620 -0.384594 -0.269310 -0.334011 -0.116691 -0.103484 0.036013 -0.320713 -0.174301 -0.302681 -0.193517 -0.359518
0.238139 0.079007 0.027390 0.038178 -0.135599 0.060200 0.293571 0.107757 0.296639 0.104492 0.742354 0.603409 1.000000 0.700583 0.236602 0.259324 0.196689 0.256843 -0.216404 -0.157487 0.008475 0.211970 0.170565 0.178728 -0.085642 0.113709 0.160535 0.122095 0.177119 0.148622 0.101623 0.126627 -0.042056 -0.025002 0.134360 0.097314 0.006928 -0.111238 0.031897 -0.058216 -0.259461 -0.323544 -0.136847 -0.093025 -0.257829 -0.148398 -0.100648 -0.121793 -0.185997 -0.158237 -0.181592 -0.236615 0.178094 0.058116 -0.187692 -0.267978 -0.012073 0.039560 0.117932 -0.113870 -0.045318 0.007601 0.063217 0.100285 0.290472 0.152056 -0.438942 -0.332980 -0.220685 -0.303959 0.047895 0.120631 0.112475 -0.077587 -0.031550 0.159333 0.161710 0.248883 0.324351 0.171913 0.087130 0.282968 0.136100 0.001490 0.147139 0.036624 -0.128417 -0.034420 0.001813 -0.150040 0.023212 -0.214564 -0.203539 -0.358041 -0.014807 -0.204131 -0.077882 -0.309966 -0.213827 -0.278684 -0.166040 -0.317394 -0.265166 -0.229577 -0.227357 -0.272277 -0.137263 -0.117279 -0.178166 -0.196538 -0.102313 -0.267850 -0.140047 -0.178154 -0.100231 -0.206091
0.083766 0.083306 0.140481 0.020325 0.007533 0.265249 0.372683 0.286516 0.352902 0.330677 0.641611 0.799761 0.700583 1.000000 0.136534 0.431758 0.118347 0.305044 -0.477625 -0.218750 0.152780 0.151300 0.031102 0.094443 -0.016956 0.252879 0.121760 0.045443 0.184580 0.324486 0.228436 0.153542 -0.099566 -0.122491 0.029253 0.032458 0.054300 0.006718 -0.002405 -0.012811 -0.222768 -0.247826 -0.035933 0.026544 -0.126860 -0.009404 -0.088587 -0.048520 -0.078332 -0.074623 -0.203609 -0.199399 0.148837 -0.122220 -0.282959 -0.411717 -0.066297 -0.095707 0.166103 -0.151926 -0.202481 0.202784 -0.171624 -0.180736 0.267432 0.297773 -0.286876 -0.187146 -0.142620 -0.185444 0.196120 0.190138 0.162123 0.023528 0.078484 0.391466 0.207428 0.236019 0.294910 0.191290 0.011247 0.123380 -0.038062 0.056310 0.013580 -0.092057 -0.207302 -0.091366 -0.178452 -0.248217 -0.013851 -0.291325 -0.158211 -0.346075 -0.012435 -0.210804 -0.080688 -0.336742 -0.367367 -0.435506 -0.231140 -0.387988 -0.328707 -0.253660 -0.263737 -0.227261 -0.150671 -0.179082 -0.167878 -0.073776 0.003498 -0.347041 -0.219385 -0.233507 -0.076919 -0.189306
-0.270824 -0.299559 -0.442122 -0.204746 0.504409 0.238597 -0.043947 -0.434663 0.327975 0.333218 0.310895 0.255464 0.236602 0.136534 1.000000 0.430504 -0.182139 -0.126407 -0.076014 -0.235593 0.306701 0.330871 0.341867 0.179959 0.578503 0.429789 0.474412 0.661049 0.167194 0.080446 -0.073652 -0.182341 -0.427892 -0.491855 0.570375 0.191593 0.097043 0.053600 0.191308 -0.028940 0.191232 -0.086073 0.051253 0.025473 -0.344894 -0.241376 0.020409 0.027265 -0.001617 -0.263014 0.085755 0.048991 0.083695 0.172819 0.090382 0.139260 -0.130734 -0.279315 0.063805 -0.116216 -0.108902 -0.179337 -0.038524 0.016245 0.480586 0.191914 0.042307 -0.286038 -0.365168 -0.261394 -0.028341 -0.068180 0.003121 -0.011313 0.065408 0.157194 0.205428 0.154755 -0.125620 0.130046 -0.064204 0.145760 0.468506 0.413285 0.383773 0.180319 0.211186 0.013770 0.390362 0.101094 -0.111523 -0.053355 -0.043422 -0.198122 -0.203547 -0.004127 -0.263128 -0.270086 -0.197718 -0.193695 -0.095675 -0.148780 -0.017369 -0.019280 0.117233 -0.095536 -0.081226 -0.156882 -0.065750 0.144607 -0.005437 -0.244795 -0.090352 -0.130822 -0.174665 -0.348169
-0.348331 -0.349638 -0.160849 -0.326868 0.395028 0.541539 0.072685 -0.073371 0.798392 0.672570 0.050509 0.225998 0.259324 0.431758 0.430504 1.000000 -0.049189 0.186685 -0.531107 -0.415688 0.501259 0.419653 -0.300809 -0.180430 0.210880 0.613003 0.467001 0.267694 0.446250 0.574812 -0.011023 -0.175265 -0.414779 -0.353921 0.251910 0.245489 0.124972 0.114373 0.360527 0.111891 0.217848 -0.060883 0.132695 0.250154 0.129730 0.247663 0.089996 0.098122 0.022316 0.041337 -0.115982 -0.109343 0.107179 -0.243617 0.110010 -0.133168 -0.328500 -0.397885 0.447828 -0.098127 -0.002446 0.272898 -0.154281 -0.427313 0.253086 0.446552 0.053646 -0.085464 -0.248696 -0.134756 0.077747 0.052328 0.307145 0.014718 0.177109 0.328688 0.096681 0.021112 0.035496 0.127427 -0.079674 -0.104057 0.383517 0.557911 -0.054362 -0.120895 0.001155 0.026271 0.354137 0.176504 -0.212751 -0.473324 -0.152181 -0.293936 -0.272504 -0.014539 -0.128769 -0.293015 -0.348487 -0.423142 -0.214665 -0.146105 -0.131274 -0.008952 0.134841 0.026193 -0.028855 -0.076032 -0.399671 0.122808 0.250902 -0.175279 -0.142839 -0.137644 -0.220398 -0.097879
0.187414 0.323112 -0.043603 -0.336816 -0.104666 -0.445561 -0.017306 -0.167545 0.029169 -0.189914 0.020669 0.043501 0.196689 0.118347 -0.182139 -0.049189 1.000000 0.762055 -0.060516 -0.129147 0.027421 0.182947 -0.199474 -0.327188 -0.157321 -0.151610 -0.231411 -0.135152 0.601627 0.383584 0.217390 0.146473 0.273049 0.340106 -0.208853 -0.132190 0.296186 0.012034 -0.072212 -0.087318 0.144343 0.127531 -0.117979 0.015302 0.044978 0.058826 -0.105777 -0.171125 -0.251582 0.050432 -0.418485 -0.268287 -0.169207 -0.249612 -0.214508 -0.383154 0.314406 0.532601 0.085614 0.078676 0.202080 0.041412 0.376434 0.379791 -0.190682 -0.086539 -0.130612 -0.316967 0.318880 -0.012112 0.222945 0.087358 0.510267 0.122304 0.175191 0.079557 0.158372 0.213716 0.556938 0.478540 0.466010 0.199913 -0.114384 0.016908 -0.330363 -0.263611 -0.025101 -0.096206 -0.315624 -0.291171 -0.371702 -0.165647 -0.408014 -0.126402 0.318833 0.211992 0.039804 0.221297 -0.216369 -0.202722 -0.337966 -0.176567 -0.256374 -0.156049 -0.155562 -0.075352 0.149535 0.234705 0.228598 -0.028588 -0.134303 0.067799 -0.248138 0.008944 0.068931 0.166344
-0.018764 0.272430 -0.149145 -0.366526 -0.093133 -0.239614 -0.125062 -0.108865 0.189202 -0.083314 -0.041667 0.132393 0.256843 0.305044 -0.126407 0.186685 0.762055 1.000000 -0.340496 -0.237373 0.327007 0.329749 -0.239123 -0.307946 -0.069988 0.080030 -0.014047 -0.040931 0.640906 0.620796 0.289360 0.234494 0.186663 0.306934 -0.006889 -0.045262 0.422493 0.116540 0.084959 0.018212 0.224538 0.142108 -0.268189 -0.052628 -0.046819 0.014266 -0.208243 -0.295659 -0.314896 -0.041939 -0.396464 -0.266214 -0.160653 -0.316170 -0.209433 -0.403384 0.095001 0.313833 0.159444 0.002225 0.147614 0.160453 0.323592 0.266028 -0.057899 0.088836 -0.061852 -0.245732 0.196013 -0.056592 0.251697 0.144942 0.606118 0.238440 0.309495 0.188403 0.226286 0.312938 0.679298 0.604192 0.405937 0.291642 -0.051372 0.211512 -0.243713 -0.176448 -0.016606 0.014573 -0.258855 -0.255494 -0.455730 -0.341866 -0.449003 -0.269174 0.284938 0.188306 0.050173 0.197067 -0.458329 -0.341276 -0.352721 -0.174625 -0.309572 -0.098261 -0.099956 -0.060273 0.184187 0.251465 0.103847 0.099837 -0.145202 -0.162422 -0.303400 -0.067324 0.078327 0.126088
0.173214 0.059583 0.259425 0.455537 -0.148303 -0.276189 0.052136 -0.042455 -0.494934 -0.351181 -0.057062 -0.273330 -0.216404 -0.477625 -0.076014 -0.531107 -0.060516 -0.340496 1.000000 0.441139 -0.572698 -0.381764 0.456966 0.211165 -0.047251 -0.375431 -0.163548 -0.089077 -0.415786 -0.651760 -0.163128 -0.008895 0.255935 0.114434 -0.052584 -0.201398 -0.396448 -0.323789 -0.300902 -0.316143 -0.234717 -0.102930 0.065938 -0.057873 -0.071308 -0.129677 0.038360 0.035186 -0.001276 -0.132036 0.184343 -0.030475 -0.154984 0.111739 -0.156743 0.102528 -0.003033 0.190353 -0.329185 -0.030876 0.126450 -0.353306 0.148739 0.237690 0.041892 -0.294494 0.075688 -0.022146 0.180860 0.293973 -0.453358 -0.358538 -0.424810 -0.256756 -0.230025 -0.381940 -0.136012 -0.210887 -0.220872 -0.157398 -0.059883 -0.031546 -0.069182 -0.217635 0.169839 0.167493 -0.065818 -0.077546 0.075386 -0.037745 -0.050558 0.137893 0.183359 0.384159 -0.055803 0.030342 -0.157164 0.063446 0.267424 0.329603 0.322128 0.358574 0.305395 0.224392 0.084180 0.088426 0.156463 0.206449 0.207171 -0.139107 -0.020281 0.354311 0.348501 0.458628 0.246587 0.071737
0.227616 0.237893 0.084530 0.232023 -0.315893 -0.157877 -0.086819 0.051621 -0.464148 -0.232571 0.067649 -0.051624 -0.157487 -0.218750 -0.235593 -0.415688 -0.129147 -0.237373 0.441139 1.000000 -0.452691 -0.336264 -0.013261 0.041215 -0.231893 -0.333736 -0.195912 -0.249962 -0.430031 -0.357535 -0.221867 -0.143900 0.269659 0.231360 -0.134280 -0.018352 -0.353962 0.071158 0.009943 0.143899 -0.117218 0.160216 0.120520 0.014242 -0.117732 -0.104452 0.204354 0.187835 0.038076 -0.174323 -0.126699 0.017427 0.181623 0.254897 0.207713 0.136242 0.055837 0.280695 -0.248188 0.001971 -0.166509 -0.202879 -0.129512 0.052667 -0.269163 -0.312403 -0.044364 0.048313 0.483726 0.603018 -0.106706 0.142351 -0.266951 -0.118880 -0.088405 -0.152107 0.123413 0.099581 -0.134442 -0.055359 -0.126879 -0.117513 -0.062249 -0.165635 -0.044797 -0.112857 -0.055979 -0.090109 -0.012779 0.046735 0.256751 0.284152 0.230036 0.363078 -0.284605 -0.227643 -0.007264 -0.146414 0.293839 0.236717 0.294736 0.183994 0.033773 0.014439 -0.005919 -0.021525 -0.143321 -0.152489 -0.123046 -0.200033 0.324816 0.156549 0.257104 0.221469 -0.062011 -0.180416
-0.420345 -0.295335 -0.252812 -0.376856 0.260519 0.348300 -0.122139 -0.206907 0.551341 0.305245 -0.134487 0.000780 0.008475 0.152780 0.306701 0.501259 0.027421 0.327007 -0.572698 -0.452691 1.000000 0.537582 -0.089234 0.012446 0.432551 0.675981 0.532738 0.439225 0.426320 0.534535 0.418255 0.223647 -0.304469 -0.078405 0.365559 0.373865 0.303585 0.330180 0.514427 0.399394 0.389757 0.183049 -0.229207 -0.094674 0.032633 0.043390 -0.109021 -0.139547 -0.097443 0.046282 0.050943 0.076296 -0.010123 -0.100595 0.150379 -0.075641 -0.261465 -0.311320 0.205305 -0.058864 -0.112281 0.170886 -0.048655 -0.144548 0.173644 0.354107 0.070746 0.026602 -0.313214 -0.235778 0.389723 0.316698 0.453293 0.268740 0.336570 0.345486 0.099514 0.191824 0.125214 0.192500 -0.064421 -0.009008 0.247122 0.230316 -0.053976 -0.143025 0.199314 0.081311 0.114119 0.033866 -0.148625 -0.219491 -0.157931 -0.323924 0.086199 0.082401 0.212514 0.072070 -0.276873 -0.347472 -0.248800 -0.256118 -0.272442 -0.175155 -0.061749 -0.100857 -0.107940 -0.058512 -0.041709 0.136404 0.018562 -0.399095 -0.420102 -0.439512 -0.065849 -0.097588
-0.237801 -0.175283 -0.362260 -0.359634 0.214304 0.108093 -0.188510 -0.223997 0.427488 0.092847 -0.026263 0.088425 0.211970 0.151300 0.330871 0.419653 0.182947 0.329749 -0.381764 -0.336264 0.537582 1.000000 -0.050720 -0.017144 0.354397 0.504109 0.457861 0.481543 0.455981 0.407767 0.285240 0.195414 -0.146362 0.031115 0.312094 0.173799 0.128651 0.148975 0.366179 0.279754 0.267079 0.125575 -0.140236 -0.006536 -0.155989 -0.096974 0.017869 -0.071593 -0.051961 -0.078410 -0.009224 0.072868 -0.015525 -0.050418 0.148854 0.073992 -0.139017 -0.190117 0.212766 -0.006712 0.113670 0.065826 0.206655 0.055531 0.145917 0.179799 -0.045256 -0.109986 -0.257289 -0.303878 0.150073 0.278844 0.419854 0.113978 0.185436 0.084371 0.049014 0.070792 0.138538 0.154886 0.023577 0.084975 0.259681 0.278589 -0.007506 -0.035667 0.055992 -0.000537 0.153437 0.061718 -0.346576 -0.349076 -0.431395 -0.456812 -0.075496 0.015188 0.078186 -0.081925 -0.272054 -0.369694 -0.279648 -0.193806 -0.230359 -0.161139 0.001118 -0.022527 -0.037904 -0.026262 -0.187576 0.037380 0.007189 -0.329817 -0.283416 -0.298408 -0.140366 -0.096171
-0.002541 -0.179183 0.151726 0.544608 0.011407 -0.013743 0.282562 0.052113 -0.212521 -0.148164 0.299097 0.186580 0.170565 0.031102 0.341867 -0.300809 -0.199474 -0.239123 0.456966 -0.013261 -0.089234 -0.050720 1.000000 0.740301 0.373615 0.056968 0.138918 0.361333 -0.346581 -0.499027 0.351084 0.375372 0.073866 0.002674 0.355300 -0.038824 -0.186193 -0.232471 -0.165597 -0.147198 -0.276367 -0.236213 -0.161130 -0.250371 -0.368506 -0.307294 -0.159048 -0.101577 -0.249069 -0.375371 0.256668 -0.164150 -0.203776 0.197645 -0.356277 0.025900 -0.199288 -0.155772 -0.359314 -0.280965 -0.096713 -0.313567 0.098916 0.161407 0.602572 0.139279 -0.092102 -0.068233 -0.299774 -0.177055 -0.174408 -0.128937 -0.361382 -0.140132 -0.141873 -0.201464 -0.082729 0.021123 -0.052044 -0.066461 -0.046217 0.228903 -0.019379 -0.201782 0.445145 0.224439 -0.051808 -0.033123 0.005781 -0.231058 0.047033 0.134047 0.119735 -0.060060 0.189105 -0.094191 -0.035980 -0.023357 0.002020 0.068923 0.077872 -0.068745 -0.012513 -0.136900 -0.287047 -0.311883 -0.156548 -0.122017 0.289045 -0.163975 -0.274649 -0.165569 0.001540 -0.080774 0.147944 -0.136256
-0.012965 -0.226104 0.138648 0.510850 -0.127917 0.134233 0.283054 0.180479 -0.168018 0.001066 0.265501 0.242393 0.178728 0.094443 0.179959 -0.180430 -0.327188 -0.307946 0.211165 0.041215 0.012446 -0.017144 0.740301 1.000000 0.220208 0.108984 0.178169 0.390270 -0.450458 -0.457301 0.297482 0.362827 0.001010 -0.015665 0.315582 0.027290 -0.208044 -0.138517 -0.026961 0.064558 -0.254483 -0.194392 -0.173305 -0.216635 -0.304130 -0.212763 -0.071382 -0.030864 -0.244116 -0.342682 0.260287 -0.043453 -0.070899 0.239824 -0.177939 0.017581 -0.241591 -0.243205 -0.234525 -0.173938 -0.123131 -0.081441 -0.001058 0.086810 0.497410 0.266118 -0.135479 0.196792 -0.434659 -0.259640 -0.108663 -0.005099 -0.370438 -0.204668 -0.100114 -0.221020 -0.177228 -0.106641 -0.117792 -0.184534 -0.205093 0.085440 0.067172 -0.192491 0.391155 0.253470 0.039472 0.123677 0.098821 0.084819 0.206016 0.141267 0.115192 -0.193404 0.039529 -0.411226 0.051493 -0.223843 0.030612 -0.101745 0.029929 -0.230562 -0.226078 -0.304303 -0.523946 -0.388860 -0.350691 -0.285714 0.022121 -0.315047 -0.199984 -0.297546 -0.136182 -0.277828 0.047836 -0.131109
-0.180210 -0.115153 -0.187001 -0.135525 0.592464 0.279553 0.137670 -0.119369 0.262600 0.396469 0.056472 0.168466 -0.085642 -0.016956 0.578503 0.210880 -0.157321 -0.069988 -0.047251 -0.231893 0.432551 0.354397 0.373615 0.220208 1.000000 0.669988 0.496291 0.649371 0.084073 0.064326 0.318621 0.030680 -0.164567 -0.094021 0.433697 0.398377 0.045719 -0.060129 0.004390 0.002694 0.155286 -0.049714 -0.098917 -0.177102 -0.160578 -0.162529 -0.116873 -0.094204 0.079261 -0.178206 0.135863 0.098290 -0.010450 0.125178 0.008651 0.038013 -0.155678 -0.255885 0.215209 0.071691 0.018492 0.037365 0.016575 0.024547 0.308635 0.307419 0.268022 0.026863 -0.182031 -0.151491 0.059164 -0.014100 0.047887 0.077886 0.204431 0.176668 0.238566 0.230911 -0.090998 0.148463 -0.180335 -0.121240 -0.001038 0.018924 -0.006459 -0.240889 0.017312 -0.316257 0.091060 -0.189687 -0.249149 -0.193763 -0.172439 -0.239791 0.065065 -0.006462 -0.040776 -0.027259 -0.259152 -0.278317 -0.237831 -0.214539 -0.191455 -0.210075 -0.018978 -0.224758 -0.094533 -0.117839 0.202846 -0.001716 -0.106026 -0.288440 -0.252314 -0.237526 -0.104222 -0.261095
-0.266444 -0.279247 -0.032974 -0.158733 0.512278 0.652016 0.202417 0.008236 0.680337 0.624046 0.021000 0.199465 0.113709 0.252879 0.429789 0.613003 -0.151610 0.080030 -0.375431 -0.333736 0.675981 0.504109 0.056968 0.108984 0.669988 1.000000 0.717163 0.554642 0.238785 0.350829 0.337662 0.058327 -0.321117 -0.144127 0.348946 0.541639 -0.045066 -0.007284 0.219283 0.188392 0.094655 -0.088689 -0.147356 -0.082540 -0.030392 -0.005621 -0.067297 -0.093896 0.026755 -0.088114 0.132151 0.001888 0.112423 -0.059272 0.078686 -0.141059 -0.212550 -0.377067 0.417348 -0.008295 0.033613 0.281235 -0.046286 -0.151992 0.295184 0.535616 0.047792 0.067147 -0.316366 -0.235711 0.167815 0.175285 0.151401 -0.015807 0.144622 0.238813 0.064676 0.097775 -0.059702 0.024868 -0.213120 -0.140970 0.103237 0.189974 -0.127647 -0.283742 -0.065207 -0.259347 0.241644 -0.046348 -0.170934 -0.359146 -0.088677 -0.335828 -0.078490 -0.033180 -0.021028 -0.196640 -0.339606 -0.489178 -0.166465 -0.274309 -0.240526 -0.218182 -0.036108 -0.107027 -0.173834 -0.189428 -0.180037 -0.125551 0.034723 -0.454710 -0.307596 -0.360419 -0.159043 -0.151457
-0.198822 -0.132871 -0.147706 -0.253949 0.452520 0.619325 0.091365 -0.154127 0.526884 0.379091 0.103769 0.099248 0.160535 0.121760 0.474412 0.467001 -0.231411 -0.014047 -0.163548 -0.195912 0.532738 0.457861 0.138918 0.178169 0.496291 0.717163 1.000000 0.648066 0.019682 0.118937 0.055734 -0.124765 -0.251796 -0.157613 0.349553 0.408338 -0.036776 -0.032860 0.351439 0.219079 0.043665 -0.114438 -0.049054 -0.056017 -0.094775 -0.094586 0.003427 -0.052152 0.013846 -0.088407 0.093595 0.039238 0.017079 0.026435 0.111510 0.035345 -0.130611 -0.231095 0.347362 0.103818 -0.119222 0.103168 -0.020061 -0.117943 0.324348 0.303210 0.034184 -0.067700 -0.201296 -0.104983 0.021392 -0.069959 -0.026067 -0.116903 0.086102 0.150326 0.047391 -0.008012 -0.080893 0.049768 -0.286883 -0.159827 0.271513 0.107780 -0.024268 -0.132283 0.088461 0.000042 0.409031 0.125520 0.018359 -0.285173 -0.001765 -0.209742 -0.063023 0.046474 0.069616 -0.109930 -0.157721 -0.242907 -0.007161 -0.066171 -0.123430 -0.041273 -0.031535 -0.088453 -0.084675 -0.030271 -0.185828 0.004722 0.118380 -0.244326 -0.143307 -0.209253 0.023670 -0.092852
-0.137453 -0.194451 -0.317935 -0.263294 0.431780 0.279451 0.008594 -0.381883 0.262677 0.229080 0.158809 0.170156 0.122095 0.045443 0.661049 0.267694 -0.135152 -0.040931 -0.089077 -0.249962 0.439225 0.481543 0.361333 0.390270 0.649371 0.554642 0.648066 1.000000 0.008241 0.026619 0.106164 -0.115753 -0.279973 -0.260561 0.611235 0.300328 0.150573 0.033208 0.252622 0.109464 0.286814 -0.040546 -0.122820 -0.169321 -0.351302 -0.304139 -0.112051 -0.161168 -0.058012 -0.258659 0.155491 0.157281 0.033385 0.227919 0.203942 0.088545 -0.064776 -0.277539 0.227611 0.094778 0.028779 0.024740 0.106856 0.168669 0.389495 0.349686 0.032860 -0.028143 -0.350739 -0.362861 0.000074 -0.097873 0.061378 -0.015464 0.257855 0.170307 0.148583 0.108770 -0.111457 0.077426 -0.169046 0.013130 0.381379 0.196301 0.219469 0.070883 0.377847 0.143100 0.348118 0.287466 -0.108440 -0.011725 -0.102434 -0.323212 -0.086578 -0.168744 -0.141262 -0.237936 -0.195422 -0.245109 -0.171572 -0.267369 -0.243616 -0.272831 -0.171742 -0.306207 -0.199654 -0.209920 -0.054413 0.019353 -0.119452 -0.415863 -0.322991 -0.337611 -0.115230 -0.293131
-0.212663 -0.075381 -0.225014 -0.541909 0.190323 -0.159023 -0.203802 -0.244003 0.409617 0.065581 -0.074844 -0.018204 0.177119 0.184580 0.167194 0.446250 0.601627 0.640906 -0.415786 -0.430031 0.426320 0.455981 -0.346581 -0.450458 0.084073 0.238785 0.019682 0.008241 1.000000 0.764683 0.306488 0.213888 -0.048182 0.061191 0.046949 -0.006838 0.357384 0.160734 0.183761 0.034348 0.419983 0.170260 -0.151258 0.048909 0.040751 0.112647 -0.115217 -0.188107 -0.082011 0.149013 -0.249531 -0.103544 -0.044019 -0.275832 -0.062290 -0.270762 -0.042080 -0.029688 0.246223 0.069806 0.154594 0.116424 0.310942 0.149154 -0.141484 -0.000099 0.074490 -0.239201 -0.088301 -0.245767 0.357544 0.221599 0.793049 0.292964 0.317720 0.204491 0.146292 0.188977 0.431594 0.363762 0.393663 0.215355 0.196078 0.422777 -0.223400 -0.132938 -0.039430 -0.132844 -0.166363 -0.199317 -0.502187 -0.384060 -0.465870 -0.312109 0.110037 0.319664 -0.098457 0.094933 -0.454883 -0.423858 -0.423020 -0.221455 -0.160476 -0.005385 0.192708 0.191559 0.227379 0.225783 -0.014335 0.230462 -0.065071 -0.168255 -0.356495 -0.125889 -0.040065 0.108410
-0.233729 0.006730 -0.224015 -0.535016 0.201591 0.038790 -0.223050 -0.125456 0.530531 0.233752 -0.048538 0.109244 0.148622 0.324486 0.080446 0.574812 0.383584 0.620796 -0.651760 -0.357535 0.534535 0.407767 -0.499027 -0.457301 0.064326 0.350829 0.118937 0.026619 0.764683 1.000000 0.197024 0.092634 -0.193509 -0.003993 0.123893 0.154684 0.489799 0.407501 0.390527 0.282559 0.503654 0.326864 -0.213742 -0.054125 -0.031046 -0.002846 -0.200798 -0.250377 -0.060829 0.031886 -0.207201 0.004586 0.130861 -0.175245 0.151040 -0.264443 -0.127444 -0.081435 0.365747 0.087998 0.085416 0.253507 0.082779 -0.003869 -0.118307 0.113550 0.042611 -0.133183 -0.080590 -0.172985 0.408820 0.266321 0.787348 0.411780 0.409950 0.374311 0.269556 0.339230 0.378350 0.376184 0.191717 0.113753 0.236880 0.529611 -0.220905 -0.161402 0.082154 0.059240 -0.084319 -0.000714 -0.322873 -0.327542 -0.370903 -0.302897 0.067073 0.205608 -0.085288 0.085412 -0.505357 -0.431133 -0.401916 -0.264450 -0.267655 -0.123237 0.057400 0.078221 0.110724 0.069277 -0.100485 0.231807 0.015171 -0.263962 -0.345705 -0.196433 -0.088265 -0.052844
-0.111804 -0.086925 0.288994 0.130108 0.000923 -0.010205 0.232918 0.210609 0.077755 -0.024986 0.040713 0.149350 0.101623 0.228436 -0.073652 -0.011023 0.217390 0.289360 -0.163128 -0.221867 0.418255 0.285240 0.351084 0.297482 0.318621 0.337662 0.055734 0.106164 0.306488 0.197024 1.000000 0.817669 0.137733 0.333411 0.116314 0.172702 -0.024532 0.016211 0.032481 0.202189 -0.030703 0.078329 -0.306384 -0.217208 0.014117 0.035866 -0.232211 -0.176341 -0.266477 -0.053815 0.020837 -0.184936 -0.200353 -0.119723 -0.360035 -0.338128 -0.195957 -0.175522 -0.079549 -0.058150 0.000468 0.141844 0.155418 0.126197 0.158695 0.172018 -0.098124 0.074534 -0.203301 -0.230016 0.414273 0.387807 0.355875 0.216858 0.192747 0.090860 0.044550 0.184628 0.215405 0.054400 0.043626 0.049790 -0.183212 -0.160212 -0.139179 -0.220277 -0.226725 -0.257143 -0.386947 -0.455843 -0.191516 -0.199907 -0.223669 -0.317721 0.310015 -0.036581 0.240021 0.088570 -0.307446 -0.357526 -0.315093 -0.352927 -0.368117 -0.366021 -0.389443 -0.258902 -0.147585 -0.135748 0.259957 -0.160754 -0.120796 -0.362134 -0.426760 -0.397333 0.024231 0.015852
-0.162818 -0.149215 0.258584 0.312097 -0.338512 -0.209918 -0.020956 0.155376 -0.169709 -0.309772 0.073678 0.045467 0.126627 0.153542 -0.182341 -0.175265 0.146473 0.234494 -0.008895 -0.143900 0.223647 0.195414 0.375372 0.362827 0.030680 0.058327 -0.124765 -0.115753 0.213888 0.092634 0.817669 1.000000 0.163157 0.324080 0.043563 -0.072309 -0.006649 0.064941 0.012825 0.130636 -0.141233 0.060997 -0.336017 -0.228119 -0.051235 -0.044566 -0.236211 -0.174818 -0.278191 -0.102249 0.198261 -0.116355 -0.189356 -0.076351 -0.362481 -0.199228 -0.233597 -0.135407 -0.372575 -0.219020 -0.090804 -0.128891 0.180224 0.162409 0.120805 -0.047860 -0.174421 0.014911 -0.260884 -0.207109 0.244716 0.303599 0.236554 0.159334 -0.017159 -0.149836 -0.125125 0.010556 0.256847 0.003932 0.161799 0.264988 -0.128043 -0.087526 0.132935 0.146477 -0.234149 -0.040329 -0.386938 -0.364947 -0.089394 -0.103773 -0.186719 -0.164036 0.272755 -0.005040 0.201443 0.160734 -0.197140 -0.176602 -0.122991 -0.188297 -0.164338 -0.115616 -0.276236 -0.063706 0.024126 0.028382 0.236364 -0.163828 -0.185602 -0.241262 -0.252028 -0.186746 0.170323 0.111807
0.363675 0.447986 0.168404 0.167735 -0.304041 -0.335272 0.154613 0.307046 -0.407339 -0.331895 -0.077705 -0.086629 -0.042056 -0.099566 -0.427892 -0.414779 0.273049 0.186663 0.255935 0.269659 -0.304469 -0.146362 0.073866 0.001010 -0.164567 -0.321117 -0.251796 -0.279973 -0.048182 -0.193509 0.137733 0.163157 1.000000 0.742503 -0.266241 -0.075105 -0.122346 -0.351067 -0.328384 -0.139496 -0.252814 -0.052521 -0.163834 -0.173030 0.067828 0.024163 -0.153716 -0.204918 -0.192872 -0.016209 -0.248860 -0.265454 -0.208106 -0.146325 -0.252104 -0.184128 0.237239 0.418648 -0.003107 0.106853 0.176590 0.111264 0.278682 0.250065 -0.122823 -0.061898 0.155611 0.131199 0.464799 0.235490 -0.052991 -0.057674 -0.028665 -0.035668 0.001614 0.041336 -0.028101 -0.068634 0.234734 0.125836 0.113134 -0.057401 -0.333285 -0.303009 -0.267833 -0.244675 -0.216442 -0.241287 -0.347329 -0.359189 -0.241748 -0.183304 -0.253795 -0.032322 0.271524 0.019344 0.124091 0.156407 -0.108307 -0.047473 -0.115571 -0.019345 -0.148150 -0.055638 -0.057668 -0.024652 0.081609 0.180518 0.178998 -0.116988 -0.288320 -0.030156 -0.053760 0.149543 0.140459 0.220131
0.373068 0.392319 0.233349 0.061265 -0.219069 -0.230196 0.215002 0.353121 -0.248309 -0.296355 -0.196958 -0.121912 -0.025002 -0.122491 -0.491855 -0.353921 0.340106 0.306934 0.114434 0.231360 -0.078405 0.031115 0.002674 -0.015665 -0.094021 -0.144127 -0.157613 -0.260561 0.061191 -0.003993 0.333411 0.324080 0.742503 1.000000 -0.183463 0.214691 -0.046782 -0.148313 -0.121640 0.177142 -0.137960 0.140365 -0.334807 -0.284332 0.029256 -0.021237 -0.218240 -0.278032 -0.321377 -0.160275 -0.350959 -0.352922 -0.199492 -0.164392 -0.128513 -0.237915 0.143250 0.354211 0.087346 0.119718 0.324934 0.283229 0.312528 0.274545 -0.039958 0.116683 0.061265 0.236673 0.374930 0.161823 0.146617 0.198465 0.161122 0.103789 0.106511 -0.013921 0.084746 0.141413 0.195520 0.119348 0.015437 -0.163662 -0.400590 -0.309761 -0.393962 -0.398379 -0.163581 -0.274381 -0.262975 -0.330643 -0.191743 -0.227505 -0.315234 -0.124831 0.337961 -0.003639 0.343055 0.230593 -0.174808 -0.147786 -0.133065 -0.106944 -0.260831 -0.173169 -0.206431 -0.165041 -0.056097 0.046177 0.146483 -0.045602 -0.189641 -0.139309 -0.255093 -0.077617 0.015689 0.120930
-0.165360 -0.314200 -0.250855 -0.051539 0.203261 0.135878 -0.170098 -0.273684 0.200449 0.147454 0.062807 0.112017 0.134360 0.029253 0.570375 0.251910 -0.208853 -0.006889 -0.052584 -0.134280 0.365559 0.312094 0.355300 0.315582 0.433697 0.348946 0.349553 0.611235 0.046949 0.123893 0.116314 0.043563 -0.266241 -0.183463 1.000000 0.360771 0.243525 0.237512 0.352504 0.196835 0.276922 0.065906 -0.304346 -0.339475 -0.446932 -0.434899 -0.278536 -0.279389 -0.215215 -0.459922 0.143642 0.075219 0.073255 0.177296 0.241191 -0.004014 -0.252162 -0.412297 0.081979 -0.055497 0.069172 -0.023528 0.144224 0.142227 0.496206 0.347385 0.139467 0.062798 -0.357020 -0.275199 -0.015321 -0.025301 0.177563 0.200719 0.291768 0.077809 0.283166 0.346989 -0.056184 0.058014 -0.103882 0.116158 0.430170 0.292827 0.423697 0.211319 0.310528 0.195551 0.360468 0.242262 -0.071650 0.040521 -0.011573 -0.163678 -0.087305 -0.073766 -0.121507 -0.079604 -0.291276 -0.185462 -0.003740 -0.079863 -0.120116 -0.161166 -0.121973 -0.275933 -0.167651 -0.117489 -0.015616 0.139832 -0.027160 -0.326611 -0.197181 -0.289802 -0.150454 -0.293043
0.143989 0.013024 0.105731 -0.154530 0.341357 0.417183 0.310992 0.075201 0.361399 0.369222 0.117292 0.098675 0.097314 0.032458 0.191593 0.245489 -0.132190 -0.045262 -0.201398 -0.018352 0.373865 0.173799 -0.038824 0.027290 0.398377 0.541639 0.408338 0.300328 -0.006838 0.154684 0.172702 -0.072309 -0.075105 0.214691 0.360771 1.000000 -0.109173 0.006282 0.111714 0.225332 -0.001461 -0.062744 -0.237227 -0.255686 0.081431 -0.021884 -0.206695 -0.185499 -0.017828 -0.087914 -0.151691 -0.093924 0.164771 -0.050375 0.239845 -0.220298 0.038378 -0.063765 0.467739 0.156704 0.084337 0.330365 -0.084048 -0.087149 0.170489 0.500214 0.100222 0.270024 -0.026737 -0.038161 0.236010 0.237716 0.048967 0.047166 0.140448 0.227052 0.258867 0.327672 -0.185084 -0.023776 -0.362767 -0.400499 -0.132595 -0.133960 -0.240838 -0.467169 0.007827 -0.325444 0.247901 -0.028900 0.007199 -0.136845 0.007697 -0.056989 -0.058778 -0.162214 0.085808 -0.130489 -0.216113 -0.256855 -0.029550 -0.215881 -0.229690 -0.237515 -0.109577 -0.202060 -0.215023 -0.259294 0.009827 -0.008746 0.104355 -0.232714 -0.200688 -0.254905 -0.208440 -0.206841
