1.000000 0.155095 0.137187 -0.187896 -0.118988 -0.114264 0.199206 -0.106391 0.068043 0.070394 0.587963 0.225532 0.382209 0.328443 0.048880 0.138043 0.371376 0.202518 0.133199 -0.131229 -0.088023 -0.207497 0.066355 -0.225746 -0.108317 -0.127201 -0.381864 -0.198026 0.313300 0.102697 -0.140242 -0.200349 0.084518 -0.038144 0.022868 -0.122337 0.131865 0.018074 -0.032278 -0.264350 0.058386 0.033729 0.104031 0.075317 -0.224159 -0.422793 0.068632 0.024269 0.020202 -0.111497 -0.229050 -0.060869 -0.075215 -0.177689 0.086791 -0.111822 0.642207 -0.028222 0.319629 -0.187893 0.564064 0.135559 0.046067 0.398705 -0.236443 -0.046176 -0.198185 -0.567001 -0.158824 -0.406945 0.248362 0.238589 0.269070 0.164848 0.359196 0.264853 0.309966 0.348403 -0.398865 -0.178316 -0.314266 -0.084153 -0.069311 -0.206638 -0.232811 -0.212565 0.048644 -0.334803 -0.204209 -0.047082 -0.400052 -0.193099 -0.361194 0.034015 0.110188 -0.057492 -0.020475 -0.085183 0.020563 0.285048 -0.038413 -0.023174 -0.062532 0.007969 0.068445 -0.050654 0.150579 0.237433 0.168191 0.218256 -0.261957 -0.045370 -0.152169 0.034366 0.269987 0.141737
0.155095 1.000000 0.371514 0.294390 -0.146389 -0.271200 0.214314 0.346738 0.188135 -0.161892 0.180511 0.404181 0.311757 0.339492 -0.065480 0.114581 0.300818 0.231640 0.262569 0.017311 0.137136 -0.129218 -0.113779 -0.123694 -0.163471 -0.163954 -0.153638 -0.323661 0.110043 0.233692 0.016000 -0.224219 -0.052501 -0.082015 0.004775 -0.218929 -0.047045 -0.245284 0.124240 -0.248682 -0.095553 -0.026904 0.172202 0.209521 -0.316367 -0.472639 0.241649 0.176857 0.041371 -0.010927 -0.211020 0.295391 0.276374 0.225096 0.333738 0.305406 -0.171243 0.461680 0.145567 0.107233 0.119261 0.301653 0.128376 0.156653 -0.116851 -0.063705 -0.215998 -0.484849 0.126461 -0.108480 0.189736 -0.032481 0.184425 0.210589 0.328532 -0.052984 0.258493 0.204629 -0.187019 0.174400 -0.415968 -0.334203 -0.339907 -0.295109 -0.155215 0.028157 0.145146 -0.138006 -0.129127 0.200191 -0.310661 -0.231311 -0.227413 -0.272634 -0.058607 -0.154048 -0.016305 -0.107496 0.016195 -0.110054 -0.117806 -0.253612 -0.217851 -0.256259 -0.125959 -0.411439 0.128537 -0.079802 0.124485 -0.011503 -0.218316 0.009639 -0.078268 0.052834 -0.226135 -0.153962
0.137187 0.371514 1.000000 0.595304 0.048881 -0.063117 0.724234 0.464842 0.374449 -0.022829 0.275688 0.516076 0.438041 0.319056 0.331205 0.267753 -0.015610 -0.152030 0.447819 -0.008095 0.264142 0.090328 0.520000 0.477426 0.366018 0.325325 0.301580 0.034755 0.186897 0.120018 0.525125 0.281110 -0.042889 0.012129 -0.016096 -0.268365 -0.361483 -0.570124 -0.016563 -0.350467 -0.183691 -0.421425 0.057726 0.093413 -0.217690 -0.248725 0.045816 -0.033607 -0.119812 -0.248188 0.052583 -0.190072 0.119519 0.095877 -0.011087 -0.049407 -0.328900 -0.014469 0.020972 -0.354551 -0.148603 -0.128815 -0.036565 -0.184613 0.193952 -0.265046 -0.417177 -0.267855 -0.080779 -0.210143 0.170970 0.069409 0.139556 -0.059683 0.138740 -0.102168 -0.117213 0.005515 -0.395171 -0.111875 -0.501639 -0.676362 0.010014 -0.107518 0.131620 -0.005575 0.491080 0.130816 0.058071 -0.038023 -0.318980 -0.093195 -0.253010 -0.023374 -0.097521 -0.172578 -0.441757 -0.229723 -0.468772 -0.464099 -0.093483 0.005273 -0.275569 -0.142762 -0.329221 -0.145389 -0.052485 -0.006765 -0.158366 -0.087251 -0.389616 -0.426220 -0.404033 -0.161143 -0.143717 -0.125618
-0.187896 0.294390 0.595304 1.000000 0.313980 0.056843 0.381344 0.596353 0.350386 0.171511 -0.037342 0.457657 0.030736 0.121405 0.193400 -0.026504 -0.222365 -0.122431 0.463757 0.219482 0.272748 -0.071078 0.469846 0.663532 0.399690 0.286849 0.236972 -0.046257 0.024491 -0.023926 0.283917 0.229357 -0.161210 -0.107838 0.056293 -0.137389 -0.492589 -0.426819 -0.027746 -0.093924 -0.129582 -0.370861 0.021157 0.117212 -0.159766 -0.133012 0.172417 0.043144 -0.075644 -0.090555 0.179238 0.060436 0.197953 0.250158 0.032837 0.077312 -0.371804 -0.090458 -0.149543 -0.189064 -0.328752 -0.040123 -0.202039 -0.382017 0.178821 -0.024606 -0.442651 -0.191355 -0.001206 -0.030209 0.065971 -0.006649 -0.084765 -0.145322 0.074508 -0.321267 -0.173892 -0.155293 -0.234879 0.003993 -0.460517 -0.583527 -0.098374 -0.095413 0.105220 0.084865 0.358538 0.192802 0.154281 0.000095 -0.081049 -0.133826 0.051700 -0.071926 -0.152799 -0.306119 -0.274301 -0.311867 -0.394413 -0.473874 -0.129664 -0.070567 -0.431120 -0.081698 -0.252813 -0.314999 -0.112569 -0.117870 -0.042205 -0.224691 -0.390948 -0.346508 -0.314484 -0.433241 -0.412182 -0.252991
-0.118988 -0.146389 0.048881 0.313980 1.000000 0.575341 0.158741 0.106954 0.417108 0.459612 0.117107 0.189935 0.076461 0.089688 0.136204 0.013979 0.068244 0.016496 0.161526 0.012607 0.222573 0.049071 0.099222 0.223262 0.314914 0.113967 0.308087 0.065918 0.235532 0.062128 0.166474 0.184262 0.232140 0.248641 -0.161906 -0.155719 -0.221919 -0.288986 -0.011932 0.020552 0.129125 -0.094250 -0.165906 -0.159922 0.059215 -0.067861 -0.236725 -0.301497 0.143659 -0.062680 0.236925 -0.269753 0.000791 -0.275692 0.052982 -0.294490 -0.102558 -0.313339 0.043157 -0.014082 -0.097642 -0.278167 0.059349 -0.313311 0.102406 -0.084636 0.133178 0.003626 0.047008 -0.027250 0.136789 0.063118 0.143892 -0.004224 0.080105 -0.117767 -0.073087 -0.385615 0.188372 0.090591 0.179686 -0.038503 -0.137768 0.133652 -0.012606 -0.065205 -0.161819 -0.045710 -0.120107 -0.245701 -0.060046 -0.103760 -0.148686 0.030683 -0.159154 -0.242493 -0.144978 -0.152911 -0.228047 -0.229588 -0.020383 0.007134 -0.376251 0.145096 -0.091718 0.100166 -0.118453 0.217443 -0.085826 -0.138513 -0.290043 -0.203833 -0.163987 -0.425316 0.032437 -0.030770
-0.114264 -0.271200 -0.063117 0.056843 0.575341 1.000000 -0.053538 -0.052392 0.132817 0.542647 0.017755 0.081777 -0.048522 0.010890 0.319405 0.386184 0.052249 -0.049677 -0.047070 -0.213345 0.454538 0.500376 0.092515 0.038674 0.158089 0.339121 0.555143 0.549008 0.246782 0.117780 0.099801 0.271311 0.252804 0.280892 -0.208453 -0.202327 0.156421 0.154048 0.157223 0.159732 0.248614 0.216828 -0.351968 -0.384272 -0.148767 -0.127827 -0.440868 -0.553224 0.067877 -0.253084 0.429553 -0.328211 -0.136013 -0.502702 0.070344 -0.392887 -0.150562 -0.328284 0.164318 0.036100 -0.094273 -0.143718 -0.126178 -0.241973 0.150395 0.105337 -0.098360 -0.075897 -0.177236 -0.234810 0.208278 0.227583 0.199748 0.186019 0.110310 0.174490 -0.084689 -0.131188 0.263319 0.092015 0.215718 0.270486 0.164510 0.451425 0.121324 0.233035 -0.241815 0.155028 0.122650 -0.014097 -0.002979 -0.135726 0.066272 0.103145 -0.245968 -0.165984 -0.157847 -0.262416 -0.417055 -0.317212 -0.069965 0.147414 -0.291357 -0.054382 -0.076553 0.089264 -0.124295 0.210047 -0.070522 -0.365451 -0.328394 -0.259858 -0.164150 -0.279453 0.082627 -0.077152
0.199206 0.214314 0.724234 0.381344 0.158741 -0.053538 1.000000 0.611202 0.500973 0.020850 0.243179 0.515129 0.513149 0.320346 0.204378 0.314496 0.288159 0.197797 0.198703 -0.328620 0.217871 0.200937 0.269124 0.285389 0.356441 0.336491 0.278281 -0.016969 0.382089 0.252719 0.675203 0.435027 0.282891 0.362019 -0.158777 -0.256566 -0.257864 -0.527208 0.102122 -0.318135 -0.030546 -0.209177 -0.177036 -0.164105 -0.232582 -0.328626 -0.161487 -0.230418 -0.154149 -0.232187 -0.139135 -0.231429 -0.004930 0.019105 -0.101255 -0.105990 -0.054414 -0.004477 0.092066 -0.102196 0.096450 -0.044925 0.233179 0.034180 0.284305 -0.208392 -0.220636 -0.249682 -0.160229 -0.385531 0.278551 0.203918 0.456917 0.000265 0.267979 -0.087061 -0.075940 -0.131699 -0.146631 0.022517 -0.289936 -0.470233 -0.203619 -0.094161 -0.119796 -0.138322 0.230084 0.104041 -0.053319 0.009783 -0.451793 -0.355924 -0.458383 -0.252494 -0.200252 -0.035729 -0.559181 -0.218659 -0.402270 -0.365417 0.033772 -0.025019 -0.135495 -0.318007 -0.452865 -0.123173 -0.028953 -0.066931 -0.138854 -0.155822 -0.485841 -0.453047 -0.376037 -0.248690 -0.047554 -0.290859
-0.106391 0.346738 0.464842 0.596353 0.106954 -0.052392 0.611202 1.000000 0.250939 0.154856 -0.018184 0.607333 0.311750 0.359752 -0.041464 0.288603 -0.033154 0.116052 0.116841 -0.197061 0.171728 0.120161 -0.062896 0.191076 0.112093 0.128131 0.225727 -0.168068 0.074881 0.145295 0.424489 0.307374 0.079082 0.260532 -0.104027 -0.067747 -0.424290 -0.388304 -0.007176 -0.084474 -0.181527 -0.273502 -0.225229 -0.069003 -0.313612 -0.273786 -0.063040 -0.070267 -0.113332 -0.103406 -0.206015 0.169121 0.064767 0.134145 -0.036422 0.114226 -0.224507 -0.030367 0.031520 0.173875 0.035302 0.418866 0.186109 -0.030688 0.328557 0.330321 -0.215717 -0.085281 -0.043596 -0.126082 0.154442 -0.045827 0.217945 -0.018674 0.211601 -0.224570 -0.050556 -0.133390 -0.069924 0.087098 -0.332486 -0.410295 -0.393317 -0.021522 -0.336973 0.022881 -0.064458 -0.008576 -0.012167 0.197916 -0.173099 -0.285208 -0.062661 -0.279401 -0.291312 -0.095179 -0.432252 -0.192664 -0.358602 -0.388907 0.166003 -0.104846 -0.089135 -0.331604 -0.295177 -0.311257 -0.007002 -0.228549 -0.036959 -0.202218 -0.350305 -0.349023 -0.288869 -0.354775 -0.206704 -0.303450
0.068043 0.188135 0.374449 0.350386 0.417108 0.132817 0.500973 0.250939 1.000000 0.376166 0.267758 0.143604 0.390558 0.115102 0.295286 -0.067619 0.128137 0.071651 0.018319 -0.308953 0.031352 -0.013969 0.414441 0.295523 0.540091 0.290738 0.316065 0.064698 0.191787 0.162465 0.283538 0.110859 0.153582 0.043591 -0.080714 -0.262329 -0.236447 -0.471274 0.073316 -0.238282 -0.001844 -0.194441 0.041698 -0.050850 0.024782 -0.116133 -0.056985 -0.132550 0.109106 -0.121105 0.216372 -0.077220 0.031715 -0.058040 0.002424 -0.221424 -0.067583 0.014549 0.098953 0.040895 -0.126598 -0.183733 -0.033850 -0.156185 0.177005 -0.157130 0.035156 -0.216043 -0.186836 -0.343133 0.186886 0.145913 0.239664 -0.064755 0.135914 -0.123138 -0.139172 -0.262855 -0.197175 0.158198 -0.291955 -0.410586 -0.173245 -0.224686 0.167376 -0.270884 0.282687 0.101628 0.153665 -0.247518 -0.191715 -0.142218 -0.174667 -0.012061 -0.151866 -0.085313 -0.315663 -0.203333 -0.192289 -0.175564 -0.123774 -0.208172 -0.146748 -0.116172 -0.274552 -0.118661 -0.010540 -0.221044 -0.053939 -0.224189 -0.227072 -0.117655 0.007057 -0.052623 0.050864 -0.183354
0.070394 -0.161892 -0.022829 0.171511 0.459612 0.542647 0.020850 0.154856 0.376166 1.000000 0.019666 0.089148 -0.045376 -0.004099 0.236591 0.150362 -0.180415 -0.083737 0.115275 -0.213226 -0.015720 0.140568 0.302913 0.165560 0.242310 0.151638 0.362190 0.285337 -0.000636 0.046498 -0.034799 0.111194 0.040526 0.121028 0.078856 -0.047291 -0.225957 0.035926 -0.037924 -0.040811 -0.078523 -0.145695 -0.344887 -0.315906 -0.228715 -0.137714 -0.405907 -0.402802 -0.143629 -0.347190 0.209665 -0.117051 -0.307067 -0.339397 -0.191627 -0.568040 -0.033304 -0.208777 0.047417 0.088542 -0.048860 0.189125 -0.222418 -0.101629 0.542563 0.460770 0.037741 -0.018878 -0.247338 -0.266683 0.217847 0.031968 0.074859 0.128644 0.189349 0.207201 0.099077 0.065327 -0.096621 0.090694 -0.140275 0.030320 0.028036 0.272123 0.190706 0.135233 -0.103857 -0.104407 0.344684 -0.055286 0.015615 0.083416 0.250972 0.160415 -0.131520 -0.089955 -0.166067 -0.128482 -0.249233 -0.142128 -0.073538 0.005363 0.001459 0.003101 0.005581 -0.174597 0.081561 0.041115 -0.006674 -0.086785 -0.133710 -0.179260 -0.011677 -0.167827 0.180639 -0.016741
0.587963 0.180511 0.275688 -0.037342 0.117107 0.017755 0.243179 -0.018184 0.267758 0.019666 1.000000 0.395340 0.809288 0.627296 0.260353 0.173286 0.340612 -0.115240 0.000882 -0.082234 -0.142290 -0.184418 -0.108183 -0.250203 -0.094967 -0.153830 -0.331450 -0.186036 0.330320 0.020057 -0.171388 -0.291549 -0.053140 -0.153222 -0.177586 -0.168361 0.019149 -0.249329 -0.005522 -0.296034 0.022793 -0.084796 0.216759 0.211838 -0.005394 -0.175343 0.059603 0.027794 0.474380 0.054960 0.076418 0.045223 0.313206 -0.183988 0.298419 -0.094388 0.078837 -0.223100 0.558418 -0.072720 0.426039 0.084305 0.085478 -0.085626 -0.219947 0.013064 -0.024063 -0.345540 -0.119375 -0.226281 0.063400 0.126689 0.207073 -0.020028 0.214485 0.104900 0.044695 0.089400 -0.285743 -0.261944 -0.260338 -0.390280 0.119144 -0.148091 -0.087054 -0.176544 0.063633 -0.103467 -0.340339 -0.295787 -0.174663 -0.021790 -0.223496 0.188845 0.086788 -0.190934 -0.072453 -0.099740 -0.063500 -0.099471 0.078528 0.012442 -0.138030 0.052608 -0.047062 -0.054949 0.113944 0.214051 -0.015799 0.026458 -0.275888 -0.250931 -0.134397 0.028069 0.172353 0.152160
0.225532 0.404181 0.516076 0.457657 0.189935 0.081777 0.515129 0.607333 0.143604 0.089148 0.395340 1.000000 0.514252 0.733804 0.230289 0.488964 0.280695 0.213594 0.223362 -0.116576 0.283527 0.119630 -0.055442 0.066925 0.010027 0.143997 0.044603 -0.102673 0.417339 0.356265 0.383213 0.257726 0.080493 0.219108 -0.118898 -0.196811 -0.259567 -0.331627 0.050441 -0.240051 -0.184274 -0.139243 -0.040432 0.074273 -0.299809 -0.358761 0.005748 0.016597 -0.028234 -0.113945 -0.210866 -0.051705 0.114548 0.071331 0.023883 0.093966 -0.071951 -0.204303 0.072036 -0.132971 0.183106 0.170068 0.192631 0.010445 0.040933 0.029766 -0.369952 -0.326277 -0.058092 -0.316073 0.239505 0.208982 0.376600 0.094928 0.283761 -0.071188 0.066663 -0.012585 -0.093872 0.135998 -0.292329 -0.353524 -0.098883 0.204224 -0.247729 0.112820 0.053579 0.128193 -0.339211 -0.019552 -0.288138 -0.310057 -0.240368 -0.279544 -0.307609 -0.241071 -0.423768 -0.247212 -0.393829 -0.357627 -0.012490 -0.186428 -0.338623 -0.278341 -0.361939 -0.356772 -0.152274 -0.054895 -0.021395 -0.092870 -0.525141 -0.419376 -0.441402 -0.276874 -0.078643 -0.294932
0.382209 0.311757 0.438041 0.030736 0.076461 -0.048522 0.513149 0.311750 0.390558 -0.045376 0.809288 0.514252 1.000000 0.661955 0.250946 0.336523 0.429797 -0.064554 -0.105165 -0.308797 -0.057234 -0.079915 -0.173628 -0.186451 0.003847 -0.019517 -0.126008 -0.181799 0.319498 0.124456 0.135552 -0.118253 0.083301 0.002109 -0.261113 -0.213631 -0.085477 -0.506225 0.109280 -0.302162 -0.119265 -0.208067 0.073874 0.102102 -0.132031 -0.278588 -0.043243 -0.025529 0.397504 -0.056851 -0.020796 0.026346 0.401287 -0.120411 0.315723 -0.040645 -0.001801 -0.053485 0.567601 0.006628 0.513218 0.186035 0.363361 0.028592 -0.093783 0.006180 -0.015877 -0.316033 -0.090362 -0.210650 0.033154 0.061954 0.309609 -0.105365 0.146906 -0.071996 -0.057195 -0.082695 -0.203812 -0.138856 -0.236283 -0.482849 -0.061119 -0.151811 -0.241674 -0.288572 0.042336 -0.091856 -0.367315 -0.203875 -0.163826 -0.085179 -0.256667 0.089816 -0.029763 -0.080573 -0.196223 -0.051274 -0.058437 -0.177230 0.216041 0.024238 0.032300 -0.062403 -0.171986 -0.141459 0.113062 -0.024061 -0.103105 -0.045180 -0.259349 -0.248035 -0.136658 0.012373 0.045464 -0.093780
0.328443 0.339492 0.319056 0.121405 0.089688 0.010890 0.320346 0.359752 0.115102 -0.004099 0.627296 0.733804 0.661955 1.000000 0.079862 0.256261 0.270845 0.045609 -0.057319 -0.073545 -0.025030 -0.022580 -0.268938 -0.183114 -0.250608 -0.184614 -0.132416 -0.321406 0.235247 0.194971 0.145461 -0.022976 0.100635 0.090246 -0.168670 -0.064666 -0.193591 -0.284862 -0.042094 -0.129892 -0.292006 -0.118946 0.162043 0.197966 0.015135 -0.092717 0.083972 0.165403 0.280029 0.153355 -0.187217 -0.011426 0.200520 -0.050583 0.036687 -0.008545 0.051428 -0.232941 0.336573 0.026474 0.275945 0.123702 0.250883 -0.006409 -0.149365 0.005162 -0.069637 -0.136920 0.008277 -0.184086 0.132951 0.022147 0.243781 0.017344 0.155870 0.001807 0.012894 0.030368 -0.255844 -0.061701 -0.236111 -0.382764 -0.027788 0.034781 -0.275706 -0.140945 -0.032036 0.050764 -0.487490 -0.223407 -0.096227 -0.134598 -0.144180 -0.035173 -0.164545 -0.176174 -0.272110 -0.041863 -0.238347 -0.175678 0.041398 -0.103496 -0.278729 -0.086642 -0.200150 -0.267225 -0.015691 -0.086268 -0.024948 -0.008136 -0.242819 -0.223605 -0.221307 -0.088659 0.026600 -0.177332
0.048880 -0.065480 0.331205 0.193400 0.136204 0.319405 0.204378 -0.041464 0.295286 0.236591 0.260353 0.230289 0.250946 0.079862 1.000000 0.553173 0.026863 -0.054678 0.316751 -0.185420 0.459846 0.349507 0.407427 0.162868 0.378921 0.507764 0.362982 0.652369 0.506384 0.464626 0.208407 0.207498 -0.182054 -0.118113 0.156039 -0.154771 0.227396 -0.014113 0.463670 -0.052903 0.292360 0.131485 -0.262404 -0.292135 -0.274767 -0.157254 -0.330650 -0.454710 -0.175228 -0.499627 0.242304 -0.400104 -0.079154 -0.163706 0.024545 -0.194372 -0.304179 -0.235453 -0.019986 -0.373337 -0.106665 -0.223138 -0.200038 -0.282593 0.301989 -0.082940 -0.366148 -0.186779 -0.510464 -0.447511 0.315217 0.443458 0.382709 0.261137 0.329073 0.293796 0.070133 0.150966 -0.180905 0.214953 -0.228626 -0.112564 0.681982 0.418097 0.643921 0.487684 0.474563 0.467602 0.429015 -0.057708 -0.305211 -0.156937 -0.152713 0.009374 -0.129704 -0.054438 -0.218189 -0.349498 -0.392536 -0.562508 -0.242618 -0.173745 -0.053016 -0.316437 -0.238521 -0.107092 -0.264019 -0.052962 -0.059960 -0.109486 -0.507238 -0.565009 -0.505349 -0.285043 -0.128062 -0.106105
0.138043 0.114581 0.267753 -0.026504 0.013979 0.386184 0.314496 0.288603 -0.067619 0.150362 0.173286 0.488964 0.336523 0.256261 0.553173 1.000000 0.299871 0.159388 0.117517 -0.412340 0.597746 0.602331 -0.135160 -0.248708 -0.078462 0.291081 0.341452 0.534458 0.549712 0.563327 0.347391 0.240174 0.062685 0.245153 -0.150518 -0.243748 0.255983 0.022765 0.384933 -0.157206 0.202891 0.202944 -0.439101 -0.321434 -0.521434 -0.413046 -0.489955 -0.487582 -0.208323 -0.453043 -0.160876 -0.206753 -0.120749 -0.298566 0.033534 -0.089566 -0.147745 -0.189497 0.161354 0.030726 0.246313 0.270044 0.168560 0.091375 0.263386 0.220103 -0.352050 -0.251014 -0.364203 -0.480131 0.311259 0.386809 0.580131 0.424571 0.439215 0.352225 0.162019 0.137622 0.126699 0.258314 -0.059544 0.133216 0.236541 0.558425 0.000660 0.490910 -0.054359 0.123818 0.061538 0.307050 -0.395567 -0.344696 -0.212399 -0.254241 -0.264404 -0.072010 -0.362301 -0.326280 -0.412577 -0.465021 0.036663 -0.144812 0.084680 -0.462531 -0.161890 -0.123439 -0.046125 0.078710 -0.042484 -0.138866 -0.550197 -0.526577 -0.501389 -0.187446 0.028545 -0.204030
0.371376 0.300818 -0.015610 -0.222365 0.068244 0.052249 0.288159 -0.033154 0.128137 -0.180415 0.340612 0.280695 0.429797 0.270845 0.026863 0.299871 1.000000 0.498584 -0.117781 -0.333978 0.168561 0.122574 -0.291246 -0.289803 -0.154230 -0.040430 -0.093988 -0.066180 0.520545 0.337453 0.130620 -0.111368 0.296850 0.155601 -0.291481 -0.344984 0.366993 -0.063617 0.290125 -0.226769 0.254996 0.296668 -0.116593 -0.140203 -0.272339 -0.527907 -0.120477 -0.121593 0.149141 -0.055919 -0.286424 0.017394 0.279782 -0.050950 0.347261 0.052963 0.388250 0.174834 0.268658 0.139714 0.536269 0.063110 0.540228 0.379472 -0.324329 -0.318122 -0.063073 -0.553749 -0.012264 -0.331198 0.197236 0.314401 0.535775 0.155768 0.270149 0.057767 0.145258 -0.044554 0.230499 0.148855 0.197437 0.084368 -0.232681 -0.089866 -0.350574 -0.195212 -0.178028 -0.120384 -0.393903 0.158137 -0.330098 -0.396137 -0.455617 -0.368981 0.012447 0.020530 -0.124282 0.039354 0.088286 0.172484 0.083744 -0.070834 0.024922 -0.114780 -0.097698 -0.026839 0.055980 0.162931 0.039548 0.088870 -0.294538 0.043530 -0.069870 0.135352 0.235388 -0.032204
0.202518 0.231640 -0.152030 -0.122431 0.016496 -0.049677 0.197797 0.116052 0.071651 -0.083737 -0.115240 0.213594 -0.064554 0.045609 -0.054678 0.159388 0.498584 1.000000 -0.005630 -0.225439 0.196426 0.142350 -0.107253 -0.140333 -0.063285 0.019886 -0.073726 -0.052638 0.563141 0.575796 0.121862 0.060455 0.306111 0.253744 -0.032500 -0.232914 0.263325 0.223777 0.029519 -0.169675 0.380322 0.438894 -0.092277 -0.109931 -0.115840 -0.270475 -0.055263 -0.073480 -0.292356 0.021879 -0.472150 -0.025086 -0.286098 0.012488 -0.172303 0.155889 0.308100 0.148645 -0.360900 0.100347 0.084379 -0.025523 0.242661 0.366286 -0.062476 -0.195949 -0.139342 -0.375892 -0.130256 -0.371478 0.329593 0.559777 0.606308 0.425198 0.470456 0.246017 0.334109 0.049027 0.171347 0.520543 0.016947 0.391827 -0.240748 -0.011958 -0.168098 0.139694 -0.134783 0.016636 -0.080516 0.173214 -0.442460 -0.603826 -0.446150 -0.581242 -0.260026 -0.007366 -0.401832 -0.216934 -0.174306 0.029328 -0.181764 -0.397630 -0.098691 -0.296959 -0.028096 -0.005436 -0.012305 0.087156 0.178389 -0.082149 -0.369320 -0.024760 -0.229755 -0.062157 0.157425 -0.116413
0.133199 0.262569 0.447819 0.463757 0.161526 -0.047070 0.198703 0.116841 0.018319 0.115275 0.000882 0.223362 -0.105165 -0.057319 0.316751 0.117517 -0.117781 -0.005630 1.000000 0.434786 0.335186 -0.115012 0.426909 0.302829 0.140119 0.109503 0.021193 0.016435 0.241305 0.202212 0.109112 0.145990 -0.127464 0.039666 0.418097 0.055518 -0.125767 -0.162370 0.174280 -0.110321 0.028231 -0.133175 -0.116079 -0.041891 -0.330515 -0.246858 -0.011125 -0.170307 -0.473597 -0.320074 -0.076694 -0.297292 -0.226067 0.029280 -0.051419 -0.045221 -0.190468 -0.021349 -0.273440 -0.432909 -0.216638 -0.064057 -0.317907 -0.184575 0.209787 -0.110592 -0.308533 -0.239875 0.114050 -0.023374 0.257878 0.119813 0.146322 0.324264 0.396792 0.179042 0.479552 0.446844 -0.121500 0.098287 -0.326918 -0.247450 0.198633 0.013673 0.372844 0.312187 0.445036 0.052574 0.294501 0.016137 -0.494851 -0.193905 -0.328428 -0.224466 -0.008568 -0.231615 -0.125475 -0.175480 -0.353297 -0.307869 -0.256377 -0.196441 -0.296458 -0.211269 -0.166556 -0.165417 -0.202235 0.150424 -0.036725 0.149155 -0.373633 -0.429326 -0.458907 -0.408347 -0.274825 -0.056586
-0.131229 0.017311 -0.008095 0.219482 0.012607 -0.213345 -0.328620 -0.197061 -0.308953 -0.213226 -0.082234 -0.116576 -0.308797 -0.073545 -0.185420 -0.412340 -0.333978 -0.225439 0.434786 1.000000 -0.040150 -0.366575 0.122294 0.239106 -0.150374 -0.269627 -0.198714 -0.255941 -0.292698 -0.295297 -0.298936 -0.214587 -0.302119 -0.285244 0.320463 0.228878 -0.247572 -0.099414 -0.102189 0.227777 -0.272508 -0.282810 0.243697 0.238649 0.182984 0.214499 0.372650 0.330455 -0.057207 0.206176 -0.114665 -0.030202 0.058369 0.260280 -0.041395 0.166628 -0.100510 -0.028542 -0.222554 -0.313750 -0.335030 -0.181845 -0.375231 -0.384778 -0.210239 -0.141355 0.018592 0.151844 0.533173 0.702582 -0.297426 -0.276467 -0.440634 -0.203331 -0.221788 -0.195126 0.145733 0.149974 -0.028730 -0.106353 -0.009931 -0.192784 0.136106 -0.142585 0.157117 -0.042733 0.212417 -0.061204 0.008058 -0.085603 0.235739 0.323814 0.196871 0.112344 0.281936 -0.127282 0.252549 0.202894 0.032112 0.144662 0.086728 0.014608 -0.372264 0.243051 -0.016410 -0.035919 -0.152688 -0.005794 0.003266 0.202555 0.250379 0.150542 0.042205 -0.112251 -0.320073 -0.045506
-0.088023 0.137136 0.264142 0.272748 0.222573 0.454538 0.217871 0.171728 0.031352 -0.015720 -0.142290 0.283527 -0.057234 -0.025030 0.459846 0.597746 0.168561 0.196426 0.335186 -0.040150 1.000000 0.560805 0.109521 0.111101 0.183808 0.409765 0.547352 0.473699 0.469103 0.455746 0.370359 0.395510 0.071711 0.187216 0.083430 -0.147736 0.250540 -0.020956 0.464850 0.065790 0.201016 0.232884 -0.232525 -0.277608 -0.302872 -0.320397 -0.232258 -0.389805 -0.219741 -0.307161 -0.016531 -0.327322 -0.136387 -0.191644 0.086366 0.023151 -0.180027 -0.158366 -0.062982 -0.157976 -0.133365 -0.139606 -0.033512 -0.211999 0.041075 -0.188708 -0.348233 -0.266567 -0.053141 -0.209242 0.405818 0.430629 0.441199 0.304892 0.374931 0.184940 0.225756 0.078061 0.243237 0.396891 -0.012058 0.098145 0.115669 0.305699 0.082051 0.394933 0.087790 0.269174 0.120531 0.209517 -0.414726 -0.496322 -0.268131 -0.324746 -0.258818 -0.219770 -0.255891 -0.346108 -0.507635 -0.462504 -0.080465 -0.202688 -0.346007 -0.452276 -0.307697 -0.132749 -0.307048 0.029423 -0.021294 -0.223366 -0.609525 -0.426099 -0.496612 -0.357181 -0.309602 -0.330009
-0.207497 -0.129218 0.090328 -0.071078 0.049071 0.500376 0.200937 0.120161 -0.013969 0.140568 -0.184418 0.119630 -0.079915 -0.022580 0.349507 0.602331 0.122574 0.142350 -0.115012 -0.366575 0.560805 1.000000 0.012003 -0.049817 0.141351 0.451542 0.608652 0.621185 0.332640 0.369941 0.451111 0.504668 0.276993 0.382844 -0.257672 -0.237243 0.232982 0.212194 0.316037 -0.013541 0.203662 0.294394 -0.377068 -0.416819 -0.229678 -0.127444 -0.458397 -0.481119 -0.190877 -0.336883 0.032936 -0.313961 -0.249500 -0.310964 -0.062493 -0.158511 -0.226912 -0.200857 -0.004348 0.146417 -0.091461 -0.068589 0.109703 -0.039323 0.266614 -0.009898 -0.085831 0.072417 -0.243423 -0.339454 0.291749 0.302373 0.415291 0.355602 0.254620 0.282818 -0.041899 -0.086791 0.261788 0.245991 0.129479 0.270958 0.124415 0.500953 0.041869 0.359359 -0.091717 0.391121 0.089619 0.193688 -0.139510 -0.261000 -0.030310 -0.219702 -0.270739 0.071306 -0.351318 -0.181663 -0.402079 -0.370398 0.049606 0.047129 -0.108163 -0.341137 -0.232143 -0.009120 -0.234477 -0.001023 0.023694 -0.293350 -0.331217 -0.305209 -0.254433 -0.088723 0.077540 -0.251178
0.066355 -0.113779 0.520000 0.469846 0.099222 0.092515 0.269124 -0.062896 0.414441 0.302913 -0.108183 -0.055442 -0.173628 -0.268938 0.407427 -0.135160 -0.291246 -0.107253 0.426909 0.122294 0.109521 0.012003 1.000000 0.771092 0.639905 0.566444 0.345490 0.358104 0.049378 -0.021895 0.241043 0.299433 -0.119764 -0.170295 0.261990 -0.086616 -0.206780 -0.146219 0.015330 -0.114774 0.000288 -0.224666 0.054999 0.000426 -0.037483 0.016017 0.040765 -0.081383 -0.324549 -0.317655 0.344957 -0.339164 -0.180537 0.075270 -0.227856 -0.249142 -0.140046 0.000555 -0.356466 -0.554022 -0.422741 -0.431108 -0.433730 -0.227810 0.290363 -0.319199 -0.404755 -0.186998 -0.246822 -0.228302 0.115291 0.183034 -0.085349 -0.083491 -0.021005 0.027213 -0.129294 0.032781 -0.403083 -0.105479 -0.427005 -0.341532 0.291687 -0.076482 0.543540 0.049231 0.619515 0.280985 0.482867 -0.111553 -0.111798 0.055935 0.000871 0.122048 0.008395 -0.099369 -0.215406 -0.271173 -0.324632 -0.227536 -0.315275 0.015527 -0.225817 0.006840 -0.179051 -0.022199 -0.174463 -0.042002 -0.071507 -0.127175 -0.217201 -0.223263 -0.208427 -0.147920 -0.066843 -0.070159
-0.225746 -0.123694 0.477426 0.663532 0.223262 0.038674 0.285389 0.191076 0.295523 0.165560 -0.250203 0.066925 -0.186451 -0.183114 0.162868 -0.248708 -0.289803 -0.140333 0.302829 0.239106 0.111101 -0.049817 0.771092 1.000000 0.640427 0.545898 0.333382 0.154121 -0.046574 -0.104729 0.359021 0.405077 -0.125332 -0.089036 0.215815 0.072472 -0.271381 -0.250647 0.025735 0.145218 -0.124658 -0.273348 -0.020314 -0.016738 -0.037254 0.023245 0.048069 -0.020972 -0.237021 -0.256678 0.207703 -0.254372 -0.026881 0.131193 -0.121958 -0.123906 -0.222850 0.037376 -0.391286 -0.471891 -0.386849 -0.376765 -0.180510 -0.260924 0.146449 -0.331723 -0.362902 -0.034714 -0.066134 0.060692 0.073762 0.058130 -0.163751 -0.308783 -0.174947 -0.196916 -0.232939 -0.149661 -0.206670 -0.101359 -0.229611 -0.420159 0.119573 -0.134380 0.241562 -0.089699 0.470177 0.273803 0.279950 -0.024586 0.070279 0.019062 0.119927 0.075020 0.050579 -0.069951 -0.140775 -0.140003 -0.309825 -0.298273 -0.106157 0.095435 -0.223852 0.103070 -0.285611 -0.001294 -0.217047 -0.075304 -0.159618 -0.108559 -0.094714 -0.231458 -0.213401 -0.252590 -0.273373 -0.174434
-0.108317 -0.163471 0.366018 0.399690 0.314914 0.158089 0.356441 0.112093 0.540091 0.242310 -0.094967 0.010027 0.003847 -0.250608 0.378921 -0.078462 -0.154230 -0.063285 0.140119 -0.150374 0.183808 0.141351 0.639905 0.640427 1.000000 0.716625 0.377287 0.342876 0.165006 0.158752 0.422883 0.489057 0.135822 0.119330 0.155191 0.015497 -0.101532 -0.154350 0.092902 -0.019777 0.021527 -0.118441 -0.143172 -0.239704 -0.092159 -0.063747 -0.161776 -0.301029 -0.238435 -0.363669 0.335732 -0.407609 -0.135342 -0.140441 -0.063522 -0.238043 -0.120015 -0.040256 -0.190312 -0.320221 -0.202479 -0.409034 -0.100136 -0.186393 0.235493 -0.304999 -0.048520 0.016501 -0.166665 -0.147769 0.303130 0.252789 0.163661 -0.080772 0.086534 0.013709 -0.076362 -0.110116 -0.176265 0.067115 -0.170582 -0.255335 0.079756 -0.051093 0.316524 -0.025258 0.288430 0.335951 0.272870 -0.141443 -0.110655 -0.126429 -0.060793 0.059667 -0.162294 -0.085149 -0.187567 -0.208033 -0.311551 -0.264737 -0.069639 0.106022 -0.137544 -0.024538 -0.353696 -0.065459 -0.400981 -0.121844 -0.264360 -0.179479 -0.182483 -0.262231 -0.135397 -0.231932 -0.055364 -0.232318
-0.127201 -0.163954 0.325325 0.286849 0.113967 0.339121 0.336491 0.128131 0.290738 0.151638 -0.153830 0.143997 -0.019517 -0.184614 0.507764 0.291081 -0.040430 0.019886 0.109503 -0.269627 0.409765 0.451542 0.566444 0.545898 0.716625 1.000000 0.418568 0.658131 0.317923 0.294919 0.533828 0.701135 0.099408 0.253539 0.172286 0.122134 0.129167 0.037735 0.453327 0.212121 0.166869 0.155582 -0.336247 -0.332439 -0.315677 -0.155550 -0.312585 -0.405520 -0.378463 -0.539126 0.299970 -0.501922 -0.201175 -0.169636 -0.063493 -0.162414 -0.229407 0.021359 -0.215706 -0.391150 -0.137904 -0.289239 -0.080870 -0.047579 0.266099 -0.205933 -0.380960 -0.077621 -0.428857 -0.395581 0.336400 0.373587 0.333056 0.151047 0.176991 0.138164 -0.054381 0.017791 -0.044093 0.089900 -0.159377 -0.084572 0.279701 0.240555 0.273553 0.208609 0.351930 0.489382 0.307236 0.047629 -0.191469 -0.278373 -0.112053 -0.109145 -0.120726 0.049959 -0.112890 -0.289659 -0.359784 -0.449378 -0.123036 0.046078 -0.054107 -0.305800 -0.421343 -0.069746 -0.468001 -0.152358 -0.148349 -0.184362 -0.331916 -0.472887 -0.378535 -0.268682 -0.123867 -0.297261
-0.381864 -0.153638 0.301580 0.236972 0.308087 0.555143 0.278281 0.225727 0.316065 0.362190 -0.331450 0.044603 -0.126008 -0.132416 0.362982 0.341452 -0.093988 -0.073726 0.021193 -0.198714 0.547352 0.608652 0.345490 0.333382 0.377287 0.418568 1.000000 0.598197 0.040226 0.175420 0.499126 0.491960 0.159006 0.212629 -0.150438 -0.277512 -0.081296 -0.176988 0.160613 0.008911 0.028246 -0.071459 -0.271817 -0.344204 -0.057385 -0.030521 -0.362672 -0.386986 -0.104467 -0.214651 0.179677 -0.263647 -0.212926 -0.181919 -0.092645 -0.257253 -0.308021 -0.219850 -0.066175 0.030291 -0.446397 -0.232965 -0.176766 -0.374114 0.335021 -0.094273 -0.066611 0.070446 -0.074360 -0.151145 0.235791 0.154092 0.132201 -0.015022 -0.029751 0.014146 -0.191908 -0.284644 0.161258 0.171987 0.068253 -0.044299 0.041607 0.290831 0.207767 0.138524 0.006700 0.212994 0.319113 0.139311 -0.042613 -0.064095 0.036732 -0.034147 -0.277779 0.031103 -0.395014 -0.169322 -0.451001 -0.335197 -0.026634 0.064200 -0.197407 -0.224842 -0.230384 0.037553 -0.180398 -0.160297 -0.138849 -0.303435 -0.250373 -0.133780 -0.126136 -0.110805 -0.047338 -0.221893
-0.198026 -0.323661 0.034755 -0.046257 0.065918 0.549008 -0.016969 -0.168068 0.064698 0.285337 -0.186036 -0.102673 -0.181799 -0.321406 0.652369 0.534458 -0.066180 -0.052638 0.016435 -0.255941 0.473699 0.621185 0.358104 0.154121 0.342876 0.658131 0.598197 1.000000 0.300135 0.305978 0.289249 0.420389 -0.006917 0.130726 0.014717 -0.097713 0.329272 0.273108 0.418638 0.105321 0.354479 0.326720 -0.397536 -0.394999 -0.245884 -0.034334 -0.527279 -0.541198 -0.270879 -0.471365 0.306179 -0.388791 -0.319075 -0.320424 -0.128656 -0.274483 -0.286977 -0.208028 -0.118803 -0.158877 -0.257395 -0.187912 -0.266990 -0.204173 0.392646 0.038628 -0.277732 0.008346 -0.446204 -0.371423 0.243352 0.396356 0.260436 0.263095 0.148844 0.348449 -0.050689 0.059226 0.074938 0.089986 0.026182 0.232831 0.527477 0.557207 0.470472 0.518432 0.157097 0.391876 0.448597 0.181665 -0.103513 -0.119912 0.084849 0.014721 -0.064927 0.072058 -0.147636 -0.313521 -0.344954 -0.416752 -0.159156 0.031165 0.041412 -0.343462 -0.137464 0.118430 -0.302804 0.004707 -0.129685 -0.215156 -0.291915 -0.345111 -0.258029 -0.109381 0.057339 -0.095467
0.313300 0.110043 0.186897 0.024491 0.235532 0.246782 0.382089 0.074881 0.191787 -0.000636 0.330320 0.417339 0.319498 0.235247 0.506384 0.549712 0.520545 0.563141 0.241305 -0.292698 0.469103 0.332640 0.049378 -0.046574 0.165006 0.317923 0.040226 0.300135 1.000000 0.724836 0.329062 0.246950 0.324395 0.333578 -0.059784 -0.262973 0.438778 0.090374 0.373191 -0.180276 0.457289 0.479758 -0.227627 -0.276772 -0.315502 -0.425544 -0.302279 -0.449014 -0.206248 -0.370850 -0.111831 -0.373755 -0.185873 -0.293903 0.004189 -0.061012 0.069964 -0.194503 -0.096811 -0.183276 0.189547 -0.161257 0.252613 0.126293 0.055283 -0.260913 -0.302774 -0.472141 -0.306925 -0.590189 0.462541 0.640671 0.837278 0.496786 0.583164 0.397328 0.308253 0.151038 0.142309 0.324049 -0.017798 0.157126 0.260702 0.292505 0.127423 0.313667 0.151136 0.329833 -0.082793 0.000628 -0.594403 -0.651334 -0.537776 -0.437666 -0.238163 -0.132845 -0.472186 -0.421926 -0.486442 -0.405279 -0.192206 -0.241951 -0.141279 -0.418093 -0.272353 0.093625 -0.253511 0.251919 0.122876 -0.152578 -0.658759 -0.547246 -0.483960 -0.280556 0.139986 -0.121762
0.102697 0.233692 0.120018 -0.023926 0.062128 0.117780 0.252719 0.145295 0.162465 0.046498 0.020057 0.356265 0.124456 0.194971 0.464626 0.563327 0.337453 0.575796 0.202212 -0.295297 0.455746 0.369941 -0.021895 -0.104729 0.158752 0.294919 0.175420 0.305978 0.724836 1.000000 0.322861 0.227120 0.153850 0.269558 0.102160 -0.073146 0.403388 0.190199 0.338468 -0.153584 0.249211 0.439076 -0.304867 -0.321604 -0.314141 -0.303301 -0.325201 -0.364134 -0.408859 -0.353748 -0.342495 -0.287318 -0.405060 -0.272731 -0.123847 0.036774 0.008320 -0.108404 -0.270929 -0.013794 -0.029329 -0.136013 0.156693 0.141069 0.108484 -0.173459 -0.155530 -0.163785 -0.291714 -0.523063 0.632063 0.671112 0.848685 0.724265 0.669730 0.569651 0.504870 0.332689 0.051303 0.666409 -0.091158 0.249746 0.165102 0.291037 0.178318 0.421292 0.136307 0.330806 0.066114 0.101986 -0.595922 -0.610688 -0.419493 -0.470120 -0.341791 0.032692 -0.377190 -0.245050 -0.421522 -0.317078 -0.173633 -0.433366 0.090100 -0.378890 -0.147539 -0.133599 -0.186852 0.026026 0.071380 -0.046873 -0.433469 -0.367751 -0.423020 -0.083781 0.182187 -0.233660
-0.140242 0.016000 0.525125 0.283917 0.166474 0.099801 0.675203 0.424489 0.283538 -0.034799 -0.171388 0.383213 0.135552 0.145461 0.208407 0.347391 0.130620 0.121862 0.109112 -0.298936 0.370359 0.451111 0.241043 0.359021 0.422883 0.533828 0.499126 0.289249 0.329062 0.322861 1.000000 0.763591 0.425473 0.577996 -0.122662 -0.157359 -0.194994 -0.386900 0.204387 -0.049839 -0.122162 -0.025282 -0.299832 -0.329599 -0.198687 -0.167920 -0.309045 -0.299322 -0.404445 -0.346412 -0.143924 -0.501290 -0.223133 -0.070615 -0.287625 -0.164436 -0.079101 0.027856 -0.199787 -0.127582 -0.132220 -0.242607 0.318696 0.151678 0.265828 -0.364067 -0.233601 0.030072 -0.107705 -0.306184 0.307286 0.123386 0.386472 0.020763 0.046224 -0.125084 -0.167742 -0.189674 0.079910 0.123106 0.064148 -0.142147 -0.048108 0.257350 -0.024124 -0.046526 0.264397 0.340172 -0.097875 -0.002778 -0.238570 -0.308871 -0.328875 -0.373246 -0.187288 0.094909 -0.466676 -0.097146 -0.393340 -0.348032 -0.129660 -0.006465 -0.190182 -0.380500 -0.510297 0.085440 -0.378961 -0.104886 -0.254362 -0.104920 -0.228190 -0.346661 -0.238059 -0.258772 -0.005502 -0.403686
-0.200349 -0.224219 0.281110 0.229357 0.184262 0.271311 0.435027 0.307374 0.110859 0.111194 -0.291549 0.257726 -0.118253 -0.022976 0.207498 0.240174 -0.111368 0.060455 0.145990 -0.214587 0.395510 0.504668 0.299433 0.405077 0.489057 0.701135 0.491960 0.420389 0.246950 0.227120 0.763591 1.000000 0.414679 0.688196 0.132387 0.179029 -0.093136 -0.032063 0.289390 0.240061 -0.002623 0.147812 -0.354461 -0.375928 -0.184250 -0.053043 -0.347822 -0.368701 -0.463377 -0.367517 0.050465 -0.569963 -0.463829 -0.243717 -0.324382 -0.217193 -0.130368 -0.076906 -0.268206 -0.220268 -0.159217 -0.205522 0.116635 0.057892 0.363606 -0.176825 -0.134879 0.169257 -0.173088 -0.304042 0.360233 0.198125 0.317388 0.127169 0.095687 0.090401 0.018575 -0.011192 0.114173 0.061884 0.013160 0.002855 0.054755 0.291457 0.011455 0.073066 0.119505 0.418778 0.061196 -0.067709 -0.216485 -0.326664 -0.196186 -0.267164 -0.206412 0.109550 -0.290523 -0.146295 -0.413314 -0.377531 -0.169208 0.011876 -0.221637 -0.408088 -0.544107 0.006698 -0.455366 -0.128834 -0.184755 -0.133637 -0.238525 -0.449044 -0.300987 -0.353905 -0.069733 -0.369790
0.084518 -0.052501 -0.042889 -0.161210 0.232140 0.252804 0.282891 0.079082 0.153582 0.040526 -0.053140 0.080493 0.083301 0.100635 -0.182054 0.062685 0.296850 0.306111 -0.127464 -0.302119 0.071711 0.276993 -0.119764 -0.125332 0.135822 0.099408 0.159006 -0.006917 0.324395 0.153850 0.425473 0.414679 1.000000 0.806039 -0.285466 -0.181060 0.016010 -0.079065 0.019142 -0.110454 0.060099 0.247492 -0.231775 -0.350335 -0.026514 -0.136964 -0.314199 -0.354113 -0.118516 -0.010332 0.041514 -0.389651 -0.326173 -0.402271 -0.161751 -0.202097 0.333332 -0.077438 0.079334 0.217469 0.164717 -0.129472 0.405713 0.299455 -0.013145 -0.253751 0.278299 -0.027225 0.159711 -0.251570 0.061272 -0.003221 0.336486 0.059012 0.090399 -0.007128 0.002812 -0.203190 0.324122 0.031849 0.344587 0.293406 -0.307701 0.142322 -0.240741 -0.190006 -0.311278 0.065342 -0.309424 -0.084293 -0.240239 -0.394301 -0.325804 -0.284562 -0.337423 -0.139423 -0.328014 -0.123561 -0.238844 0.100548 -0.058101 0.101133 -0.223466 -0.181839 -0.244282 0.242857 -0.227149 0.045555 -0.108296 -0.330506 -0.120318 -0.033257 0.109687 -0.066147 0.158352 -0.252004
-0.038144 -0.082015 0.012129 -0.107838 0.248641 0.280892 0.362019 0.260532 0.043591 0.121028 -0.153222 0.219108 0.002109 0.090246 -0.118113 0.245153 0.155601 0.253744 0.039666 -0.285244 0.187216 0.382844 -0.170295 -0.089036 0.119330 0.253539 0.212629 0.130726 0.333578 0.269558 0.577996 0.688196 0.806039 1.000000 -0.075911 0.053922 0.010414 -0.015497 0.195860 0.095981 0.043929 0.298776 -0.423283 -0.459326 -0.234521 -0.205455 -0.447482 -0.460914 -0.366127 -0.226953 -0.120822 -0.465134 -0.505309 -0.435072 -0.271293 -0.223969 0.118739 -0.043340 -0.060544 0.154135 0.107794 0.011211 0.361431 0.318317 0.212896 -0.062035 0.190552 0.114071 0.048158 -0.276887 0.269309 0.051570 0.452176 0.280949 0.205923 0.124810 0.194912 0.042130 0.346065 0.099219 0.301695 0.292772 -0.209915 0.281076 -0.238488 -0.022799 -0.252130 0.092797 -0.204394 -0.046861 -0.335259 -0.443002 -0.361004 -0.397221 -0.281140 0.011479 -0.264343 -0.075812 -0.298986 -0.125572 -0.091057 -0.019471 -0.123961 -0.367989 -0.383728 0.155524 -0.293595 0.034184 -0.146300 -0.186427 -0.130351 -0.302249 -0.121304 -0.246383 0.122109 -0.283219
0.022868 0.004775 -0.016096 0.056293 -0.161906 -0.208453 -0.158777 -0.104027 -0.080714 0.078856 -0.177586 -0.118898 -0.261113 -0.168670 0.156039 -0.150518 -0.291481 -0.032500 0.418097 0.320463 0.083430 -0.257672 0.261990 0.215815 0.155191 0.172286 -0.150438 0.014717 -0.059784 0.102160 -0.122662 0.132387 -0.285466 -0.075911 1.000000 0.681596 0.047224 0.203453 0.266227 0.403365 -0.146618 -0.039729 -0.115278 -0.169338 -0.136726 -0.022034 0.087288 -0.011643 -0.433422 -0.272454 -0.067176 -0.206880 -0.300510 0.050376 -0.211806 -0.033955 0.014211 0.234727 -0.305786 -0.390263 -0.055526 0.004384 -0.186080 0.020815 0.198283 0.038581 0.013335 0.109135 -0.016565 0.119728 0.158627 -0.036408 -0.014355 0.177230 0.138215 0.189396 0.518028 0.627290 -0.204207 0.212936 -0.192976 0.011749 0.252049 -0.137419 0.326840 0.147502 0.311725 0.001175 0.371962 -0.050797 -0.206282 -0.121433 -0.073697 -0.092342 0.299234 0.142846 0.315858 0.176605 0.023445 -0.000047 -0.258600 -0.297449 0.041675 -0.223795 -0.270774 -0.337048 -0.218140 -0.177183 0.082615 0.407443 0.121480 -0.207068 -0.138681 -0.187430 -0.291164 -0.141424
-0.122337 -0.218929 -0.268365 -0.137389 -0.155719 -0.202327 -0.256566 -0.067747 -0.262329 -0.047291 -0.168361 -0.196811 -0.213631 -0.064666 -0.154771 -0.243748 -0.344984 -0.232914 0.055518 0.228878 -0.147736 -0.237243 -0.086616 0.072472 0.015497 0.122134 -0.277512 -0.097713 -0.262973 -0.073146 -0.157359 0.179029 -0.181060 0.053922 0.681596 1.000000 0.086451 0.259417 0.202823 0.542737 -0.231959 0.001630 -0.092955 -0.054154 0.070563 0.287018 0.026251 0.072830 -0.219222 -0.021317 0.016279 -0.164831 -0.273505 -0.028101 -0.234214 -0.020710 0.027997 0.078680 -0.169220 -0.206934 0.046999 0.065754 -0.091713 0.020570 0.067879 0.192357 0.216137 0.445353 0.050544 0.262022 0.054584 -0.146336 -0.119576 0.032342 0.031151 0.158782 0.320250 0.438866 -0.009552 -0.019664 0.029384 0.077683 0.144742 -0.094890 0.025407 0.015835 0.002593 0.035787 0.076257 -0.065127 0.030635 -0.028213 0.116928 0.017661 0.228353 0.139024 0.435934 0.269327 0.153312 0.060283 -0.015364 -0.121608 0.224028 -0.052051 -0.125706 -0.242174 -0.192144 -0.245466 -0.127080 0.326621 0.321661 -0.097710 -0.041034 -0.038347 -0.210363 -0.073580
