1.000000 0.494722 -0.002979 0.059169 -0.282225 -0.503619 0.107274 0.109380 -0.037839 -0.016798 0.381706 0.487403 -0.017144 0.355771 0.255609 -0.045723 0.266479 0.047329 0.345795 0.237984 -0.018097 -0.008667 -0.358937 -0.127767 -0.634239 -0.193825 -0.029748 0.043016 -0.084729 -0.072304 0.376585 0.363494 -0.142748 0.032112 -0.035157 -0.171024 -0.210236 -0.005327 -0.350833 -0.129811 -0.148294 0.043476 -0.433747 -0.434783 -0.199086 -0.196817 -0.220304 -0.167063 -0.073281 -0.180005 -0.421844 -0.235372 -0.393821 -0.464423 -0.335785 -0.323115 0.338441 0.272970 0.213210 0.043981 0.204847 0.225356 0.141108 0.086450 0.236171 0.322854 -0.182710 -0.260583 0.016805 -0.043313 0.416064 0.289771 -0.013689 0.110486 0.135128 0.193414 0.143647 0.133643 0.045596 0.062515 -0.040058 -0.107509 0.042302 0.012649 0.202934 0.126605 0.009646 0.451724 0.099144 0.224178 -0.163347 -0.040255 -0.155910 -0.014839 -0.452783 -0.276992 -0.182561 -0.338445 -0.183047 0.120693 -0.029069 -0.038719 0.149416 -0.021793 -0.086208 -0.301634 -0.068472 0.090711 -0.004575 -0.100553 -0.177745 -0.379393 -0.301088 -0.262370 -0.321029 -0.172643
0.494722 1.000000 -0.384739 -0.287298 -0.181780 -0.210407 -0.342856 -0.012240 -0.215321 0.006930 0.179611 0.270031 0.026291 0.376911 0.006267 -0.009490 0.279163 0.040131 -0.098004 -0.010274 0.067394 -0.167456 -0.500153 -0.536287 -0.462298 -0.308194 0.165258 -0.148171 0.027767 0.269730 0.277978 0.025574 0.204291 0.097300 -0.166506 0.021706 -0.097647 -0.033061 -0.257267 -0.152857 -0.154027 -0.127146 -0.398070 -0.353290 0.001885 0.006891 -0.359420 -0.306558 -0.067204 0.031678 -0.108020 -0.139807 -0.296521 -0.267247 -0.271287 -0.361187 0.367667 0.604143 0.473372 0.309833 0.517694 0.597323 0.268613 0.285151 0.142133 0.259753 0.019694 -0.337911 0.039196 -0.133976 0.362864 0.040643 0.050178 0.092503 0.031976 0.197134 0.218697 -0.051936 -0.036060 0.064670 0.167883 0.035563 -0.227275 0.128853 0.328912 -0.028515 -0.125573 0.320986 0.094927 0.201760 -0.319552 -0.238926 -0.345186 -0.196527 -0.160952 0.076863 -0.064451 -0.096196 0.206389 0.152827 -0.110108 0.063564 0.122314 0.028567 0.238915 -0.201912 -0.088288 0.020074 -0.004387 0.181090 -0.133679 -0.027603 -0.090840 -0.165496 -0.261073 0.006133
-0.002979 -0.384739 1.000000 0.444984 0.463896 0.296050 0.586593 0.395339 0.739517 0.331226 0.089474 -0.089428 0.093368 -0.128424 0.287301 -0.139555 -0.287218 -0.406044 0.332333 -0.067445 -0.039447 -0.012234 0.620428 0.477081 0.340321 0.554482 0.168704 0.353781 -0.426749 -0.365705 0.097842 0.178976 -0.274739 -0.003999 0.179439 0.280159 -0.084365 -0.079186 0.143340 0.338920 0.281083 -0.133105 0.030244 0.104750 -0.180868 0.053110 0.053906 0.138679 -0.161494 -0.335872 0.013267 -0.351530 -0.091818 -0.278518 -0.013729 0.099925 -0.389239 -0.492786 -0.196666 -0.486022 -0.210360 -0.513024 -0.418199 -0.491896 0.213865 0.108827 -0.281683 0.260563 0.013942 0.051620 -0.179747 -0.134238 -0.294759 -0.083275 -0.179713 0.065506 -0.231009 0.004119 -0.259628 -0.269208 -0.617466 -0.402508 0.237239 -0.314854 -0.129651 -0.117294 0.419865 -0.192247 0.173836 -0.075867 0.155487 0.165354 0.317048 0.314286 0.296658 -0.193542 -0.040869 -0.196088 -0.361520 -0.362669 -0.014736 -0.006239 -0.001733 -0.091290 -0.235248 0.024675 -0.213341 -0.007494 -0.001369 -0.047664 0.172084 0.007840 -0.059988 -0.124069 0.178440 -0.114491
0.059169 -0.287298 0.444984 1.000000 0.116445 0.105682 0.286892 0.423455 0.371197 0.304548 0.008101 0.172343 -0.194839 0.111408 0.374849 -0.054990 -0.347952 -0.283494 0.376341 0.237109 -0.082360 0.188816 0.603479 0.729760 0.238138 0.543641 -0.032206 0.579561 -0.212155 -0.337546 0.246083 0.560891 -0.420708 -0.036934 -0.042853 0.052175 -0.022107 0.111557 -0.090427 0.220379 0.068761 -0.097570 -0.259181 -0.279017 -0.529164 -0.207723 -0.084150 -0.083689 -0.466612 -0.555494 -0.364355 -0.318019 -0.289745 -0.154927 -0.283821 -0.207139 -0.393013 -0.496275 -0.441150 -0.522593 -0.448006 -0.283644 -0.398547 -0.374326 0.415978 0.286378 -0.482196 -0.039562 0.079548 0.100785 0.113711 0.065466 -0.268866 0.056711 0.032880 0.078603 0.039869 0.260040 0.033666 0.008151 -0.235445 -0.275279 0.297777 0.145512 0.044592 0.105586 0.144265 0.183883 0.135853 0.300293 0.343801 0.195063 0.550785 0.147991 0.083779 -0.012250 -0.246666 0.019080 -0.413868 -0.095426 0.094596 -0.077077 -0.094707 -0.148306 -0.243904 -0.037684 -0.342794 -0.169289 0.292781 -0.321856 0.175339 -0.202147 -0.297019 -0.187378 0.113599 -0.102175
-0.282225 -0.181780 0.463896 0.116445 1.000000 0.445434 0.319542 0.043712 0.601923 0.129868 0.022146 -0.183804 0.062235 -0.105397 0.359373 -0.029980 -0.516378 -0.439997 0.102689 -0.049762 0.190153 0.090711 0.287569 0.180350 0.379874 0.281633 0.217156 0.141863 -0.392558 -0.336735 -0.096065 -0.124879 -0.246680 -0.215954 0.018230 0.236313 -0.065465 0.221716 0.153500 0.215868 0.210935 0.058442 0.256248 0.293431 0.062204 0.261335 0.181590 0.187779 0.021589 -0.228682 0.078320 -0.082733 0.161848 0.021389 0.013517 -0.052481 -0.207790 -0.433073 -0.021238 -0.097374 -0.145566 -0.388834 -0.442710 -0.533536 0.002986 -0.002702 -0.106885 0.466062 0.200116 0.373243 -0.032393 0.013597 -0.296680 -0.148157 -0.391811 -0.018658 -0.385691 -0.199868 -0.476789 -0.444071 -0.506157 -0.469034 0.286780 -0.054308 -0.225808 -0.224999 0.252506 -0.206217 0.055483 -0.298537 0.349391 0.413817 0.371022 0.577964 0.285773 0.002116 0.017452 -0.022137 -0.214851 -0.274406 0.159482 0.272445 0.234087 0.064586 0.133520 -0.081292 -0.040079 -0.092552 -0.006679 0.128117 0.282838 0.232552 0.130974 -0.019011 0.100879 -0.110413
-0.503619 -0.210407 0.296050 0.105682 0.445434 1.000000 -0.033056 0.253818 0.218679 0.385179 -0.197831 -0.343200 0.180869 -0.045089 -0.118974 0.043159 -0.308032 -0.332780 -0.269815 -0.337337 0.154980 0.013855 0.375237 0.188706 0.667150 0.367718 0.388265 -0.000205 -0.280535 -0.127304 -0.312224 -0.346355 -0.073048 -0.162734 0.090610 0.261985 0.112299 0.148956 0.195043 0.262057 0.103384 -0.201505 0.227286 0.338614 0.082772 0.210035 0.001231 0.141662 0.114666 0.156513 0.435033 0.222156 0.213317 0.187186 0.070642 0.147834 -0.195010 -0.273871 -0.106265 0.013648 -0.122482 -0.068866 -0.212758 -0.138107 -0.169422 0.031382 0.135842 0.254420 -0.083926 -0.026042 -0.198368 -0.316655 -0.237379 -0.261864 -0.381195 -0.071078 -0.123424 -0.186141 -0.369242 -0.186718 -0.333201 -0.176536 -0.174762 -0.317532 -0.325557 -0.292430 0.088363 -0.431974 -0.093967 -0.120116 0.178816 0.131862 0.278782 0.135182 0.345296 0.368359 0.141521 0.116597 0.057279 -0.042057 -0.165569 0.026847 -0.208059 0.104666 0.288095 0.065992 -0.134742 0.025453 0.196574 0.113809 0.284606 0.488988 0.261494 0.051436 0.190594 -0.003658
0.107274 -0.342856 0.586593 0.286892 0.319542 -0.033056 1.000000 0.416124 0.427410 0.094146 0.302534 0.191416 0.174384 0.030351 0.513224 0.087889 -0.135036 -0.226460 0.648618 0.233075 -0.083881 -0.122740 0.301540 0.340100 0.138473 0.238835 -0.007896 0.129708 -0.152853 -0.202319 0.025771 0.252957 -0.214262 0.101436 -0.039258 -0.064028 -0.265651 -0.162675 -0.069802 -0.006543 0.242804 0.161019 -0.105350 -0.087405 -0.223885 -0.245387 0.011109 -0.107557 -0.098732 -0.379221 -0.088316 -0.347208 0.011794 -0.173304 0.012889 -0.169962 -0.217892 -0.427937 -0.249008 -0.374073 -0.237977 -0.455946 -0.232400 -0.468597 0.144666 -0.084045 -0.095877 0.151210 0.049901 0.133991 0.079386 0.060762 -0.009199 0.123844 -0.038560 -0.022081 -0.128964 -0.002290 -0.159592 -0.239001 -0.477018 -0.199490 0.340578 -0.013899 -0.024447 -0.179847 0.401411 -0.136768 0.106567 -0.073051 0.176780 0.279821 0.189350 0.368570 -0.059573 -0.186371 -0.116124 -0.194720 -0.354855 -0.183686 0.032586 0.003176 0.018370 -0.046986 -0.092423 -0.005224 -0.052191 -0.008868 -0.000295 -0.081322 -0.181526 -0.248813 0.029961 -0.019935 0.094035 0.096827
0.109380 -0.012240 0.395339 0.423455 0.043712 0.253818 0.416124 1.000000 0.369665 0.458123 0.121963 0.206553 -0.004395 0.280433 0.187415 0.089774 -0.180001 -0.299785 0.324350 -0.116278 -0.033233 -0.110131 0.195302 0.175219 0.020819 0.417762 -0.004030 0.124031 -0.281406 -0.253855 0.203987 0.279604 -0.287021 0.057402 -0.113067 0.111783 -0.069476 -0.205768 -0.105001 0.073400 0.088644 -0.413882 -0.285477 -0.171555 -0.328943 -0.003962 -0.266652 -0.147195 -0.205402 -0.295527 0.005336 -0.277784 -0.304785 -0.277708 -0.253678 -0.295860 -0.256435 -0.182578 -0.114273 -0.299686 -0.020968 -0.012657 -0.266636 -0.419195 0.300644 0.544430 -0.295442 0.027229 -0.197049 -0.159494 0.052749 -0.203986 -0.267011 -0.075652 -0.116959 -0.135710 -0.030384 -0.100706 -0.192606 -0.050432 -0.293342 -0.283702 0.035171 -0.114589 0.131737 -0.183976 0.144303 -0.060321 0.263478 0.204666 0.145990 0.145175 0.371437 0.159408 -0.036124 0.000821 -0.059252 -0.181447 -0.214597 -0.071549 -0.045276 0.057913 -0.018104 -0.114677 -0.012730 0.049050 -0.277364 0.057055 0.370179 -0.124897 -0.031427 -0.116581 -0.020306 0.073656 0.195553 0.097137
-0.037839 -0.215321 0.739517 0.371197 0.601923 0.218679 0.427410 0.369665 1.000000 0.472974 0.192420 0.045318 0.167828 0.168983 0.476548 0.091620 -0.325144 -0.312264 0.274354 -0.045938 -0.146132 -0.032875 0.422673 0.250478 0.247096 0.477636 -0.034326 0.378366 -0.330843 -0.341575 0.118945 0.200893 -0.416591 0.051526 0.074511 0.374291 -0.017341 0.077740 0.069485 0.230187 0.321641 -0.184538 -0.040225 -0.041790 -0.305923 0.015593 0.019883 -0.074241 -0.120832 -0.357031 -0.118911 -0.323965 -0.165802 -0.269220 0.007900 -0.112900 -0.349881 -0.452861 -0.048350 -0.407365 -0.035107 -0.292963 -0.526332 -0.581179 0.269594 0.319159 -0.464897 0.215723 -0.025375 0.157332 -0.133653 -0.143380 -0.309555 -0.090814 -0.269197 -0.077960 -0.312417 -0.136247 -0.235939 -0.389716 -0.534729 -0.434136 0.368735 -0.141402 -0.026135 -0.214896 0.268039 -0.165674 0.288367 0.034845 0.302572 0.240945 0.391361 0.381941 0.281144 -0.217234 -0.194219 -0.247487 -0.454085 -0.430031 0.073430 0.162482 0.136046 -0.055369 -0.125938 -0.031610 -0.192459 -0.111874 0.047449 -0.088225 0.088544 -0.109122 -0.088814 -0.150067 0.040344 -0.298275
-0.016798 0.006930 0.331226 0.304548 0.129868 0.385179 0.094146 0.458123 0.472974 1.000000 0.126347 0.176157 0.228863 0.460939 0.138926 0.413944 0.000510 -0.159071 -0.166119 -0.201464 -0.189943 -0.106042 0.323127 0.208279 0.305955 0.350331 0.022483 0.254249 -0.229837 -0.145696 -0.055690 0.142362 -0.403914 -0.008808 -0.020471 0.377725 0.283469 0.118951 -0.040470 0.149317 0.255770 -0.420377 -0.145500 -0.104459 -0.176706 -0.080414 -0.123084 -0.195294 -0.059561 -0.124556 0.013225 -0.030892 -0.144792 -0.043042 -0.115901 -0.123615 -0.053681 -0.200288 -0.055319 -0.118326 0.068736 0.174752 -0.278908 -0.225118 0.205252 0.464775 -0.275576 -0.121064 -0.293796 -0.100377 -0.136148 -0.119118 -0.378935 -0.094358 -0.182000 -0.182658 -0.149797 -0.166168 -0.138836 -0.127287 -0.296191 -0.217176 -0.127654 -0.244172 0.011188 -0.283292 -0.113535 -0.284079 0.077599 0.354140 0.092933 -0.153201 0.245772 -0.043515 0.211944 0.063885 -0.155723 -0.075994 -0.298652 -0.156009 -0.285869 0.084959 -0.306932 -0.084795 0.183660 -0.087263 -0.261457 -0.132833 0.199675 -0.080389 0.158622 -0.139688 -0.027628 -0.238600 0.019306 -0.372637
0.381706 0.179611 0.089474 0.008101 0.022146 -0.197831 0.302534 0.121963 0.192420 0.126347 1.000000 0.604015 0.622593 0.467293 0.643216 0.243297 0.523558 0.295663 0.310826 0.140794 0.148432 -0.011807 -0.020630 -0.090451 -0.192693 -0.056498 0.002707 0.115775 -0.027712 0.003047 0.081052 0.150732 -0.074783 0.065485 0.070770 0.066741 -0.163082 -0.131954 -0.366433 -0.088585 0.198659 -0.006761 -0.361083 -0.328833 -0.128315 -0.222039 -0.297042 -0.365317 -0.187474 -0.264484 -0.131543 -0.249101 -0.167929 -0.306699 -0.343097 -0.255192 0.433134 0.134380 -0.056428 -0.220428 0.005364 -0.065577 0.026069 0.059438 0.185444 0.176456 -0.171375 -0.165961 -0.051347 -0.014273 0.188581 -0.045356 0.164721 0.176648 0.076444 0.067853 -0.000928 -0.084022 0.060594 0.081174 -0.203087 0.053091 0.299280 -0.002900 0.127254 0.017752 0.128682 0.034101 -0.182400 0.149305 -0.080369 0.074846 0.033129 0.081350 -0.140676 -0.142611 -0.329516 -0.320230 -0.260885 -0.206478 -0.020210 -0.043914 -0.055555 0.123617 -0.037900 -0.018553 -0.037960 0.118326 -0.124362 0.010017 -0.118908 -0.316709 -0.130327 0.004046 0.038801 -0.021438
0.487403 0.270031 -0.089428 0.172343 -0.183804 -0.343200 0.191416 0.206553 0.045318 0.176157 0.604015 1.000000 0.262089 0.668454 0.412668 0.199328 0.372265 0.212842 0.299545 0.226097 0.055460 -0.050875 -0.141192 -0.049178 -0.456911 -0.057147 -0.073616 0.244414 0.007755 -0.075935 0.145441 0.406338 -0.188198 0.199679 -0.053586 0.033807 -0.099478 -0.108542 -0.311658 -0.168334 -0.037872 -0.021170 -0.557054 -0.427589 -0.387156 -0.317868 -0.348344 -0.452028 -0.198803 -0.417117 -0.271429 -0.157651 -0.211527 -0.297637 -0.262837 -0.324593 0.180611 0.056349 0.057346 -0.254540 0.133486 0.113057 -0.029236 0.015804 0.416303 0.473234 -0.290951 -0.291011 0.073624 -0.058810 0.302087 0.036586 -0.021228 0.125046 0.062897 0.029800 0.233328 0.133785 0.058642 0.116874 -0.142772 -0.098984 0.066496 0.094609 0.241647 0.110078 -0.159717 0.091270 0.026170 0.352040 -0.107762 0.002831 0.123249 0.006801 -0.196135 -0.290911 -0.344272 -0.172473 -0.311416 0.030536 -0.050971 -0.162222 0.068423 0.234486 -0.052263 -0.032216 -0.267173 -0.015513 0.022278 -0.271357 -0.154879 -0.465833 -0.112586 0.012824 -0.001269 0.030696
-0.017144 0.026291 0.093368 -0.194839 0.062235 0.180869 0.174384 -0.004395 0.167828 0.228863 0.622593 0.262089 1.000000 0.452628 0.408460 0.408288 0.507595 0.267310 -0.090123 -0.184402 0.152421 -0.047278 0.137494 -0.127772 0.118906 0.088649 0.221503 0.061501 0.094947 0.162684 -0.094284 -0.129372 0.053309 0.100245 0.051856 0.242905 -0.127852 -0.004409 -0.193093 -0.155217 0.264010 -0.087917 -0.020077 0.073785 0.140760 0.041286 -0.167122 -0.257345 -0.038787 0.021332 0.181841 -0.029489 0.056682 0.028844 0.012371 -0.039173 0.398410 0.011236 0.060685 -0.097522 0.216525 0.086813 0.165773 0.139356 -0.101063 0.019001 0.109125 -0.115242 -0.090869 -0.102327 -0.006800 -0.287878 0.133318 0.070926 0.018358 -0.003862 0.014204 -0.335407 0.011725 -0.093974 -0.176203 0.075900 0.152463 -0.096780 0.137991 0.002334 0.141426 -0.211334 -0.270656 0.007449 -0.229237 -0.261150 -0.211142 -0.182196 0.012707 -0.017852 -0.214278 -0.348126 -0.190816 -0.312898 -0.276675 -0.113344 -0.250317 0.064990 0.138954 0.000087 -0.035956 -0.053451 -0.296480 0.141985 -0.218024 -0.134604 0.018771 0.092564 -0.009390 -0.129709
0.355771 0.376911 -0.128424 0.111408 -0.105397 -0.045089 0.030351 0.280433 0.168983 0.460939 0.467293 0.668454 0.452628 1.000000 0.394312 0.368852 0.322811 0.208038 -0.063434 -0.067155 -0.002542 -0.020978 -0.101718 -0.124868 -0.266276 0.104577 0.048153 0.285834 0.048246 0.003597 0.294827 0.347107 -0.279854 0.161517 0.087728 0.284299 0.006158 0.015163 -0.360282 -0.076323 -0.005837 -0.271475 -0.534690 -0.431420 -0.247240 -0.072004 -0.460259 -0.533733 -0.207512 -0.251842 -0.203630 -0.205535 -0.303220 -0.188180 -0.242899 -0.362398 0.205063 0.032614 0.115284 -0.017021 0.304877 0.411270 -0.043290 -0.041097 0.311536 0.594462 -0.102963 -0.194047 -0.086882 -0.038983 0.328931 -0.001175 0.031073 -0.000795 -0.005019 -0.041725 0.147340 -0.043258 0.081208 -0.007004 -0.098016 -0.183188 0.035278 0.037970 0.354053 -0.020708 -0.092286 0.098030 0.009376 0.441911 -0.129042 -0.208449 0.072220 -0.194280 -0.156681 0.032273 -0.281201 -0.170015 -0.308758 -0.111392 -0.121315 -0.023627 0.010533 0.205738 0.201230 -0.171962 -0.200534 -0.186255 0.151173 -0.120756 -0.077954 -0.384564 -0.174562 0.041576 0.011754 -0.168555
0.255609 0.006267 0.287301 0.374849 0.359373 -0.118974 0.513224 0.187415 0.476548 0.138926 0.643216 0.412668 0.408460 0.394312 1.000000 0.165089 -0.026925 -0.133885 0.499193 0.197216 0.070498 0.204154 0.217685 0.282724 -0.081917 0.207512 0.013339 0.475559 -0.195211 -0.285060 0.208763 0.329567 -0.376989 -0.131369 0.047437 0.122409 -0.290837 0.113965 -0.198734 0.018349 0.202146 0.068859 -0.271624 -0.337430 -0.242160 -0.104552 -0.138629 -0.227379 -0.342423 -0.511963 -0.255465 -0.433798 -0.249035 -0.249805 -0.197248 -0.288728 0.068678 -0.296552 -0.070007 -0.320377 -0.130469 -0.274002 -0.303406 -0.362546 0.372647 0.227231 -0.384507 0.111279 -0.046460 0.366654 0.297631 0.077923 -0.169701 0.060504 -0.084537 0.077545 -0.205651 -0.151772 -0.031847 -0.116450 -0.382545 -0.339607 0.544323 0.211709 0.220258 0.095371 0.348946 0.160223 0.085432 0.288748 0.256197 0.289939 0.352152 0.307092 -0.124344 -0.129639 -0.315033 -0.239535 -0.409573 -0.260657 0.214180 0.112296 0.142050 -0.038826 -0.060978 -0.265770 -0.018979 -0.090262 0.017409 -0.024230 0.042264 -0.337306 -0.337413 -0.073590 0.021231 -0.223780
-0.045723 -0.009490 -0.139555 -0.054990 -0.029980 0.043159 0.087889 0.089774 0.091620 0.413944 0.243297 0.199328 0.408288 0.368852 0.165089 1.000000 0.307488 0.141537 -0.182379 -0.027195 -0.073045 -0.006945 -0.024621 -0.123533 -0.028357 -0.089503 -0.095530 0.054475 0.343300 0.146230 -0.155820 -0.002273 0.007222 0.058160 -0.304729 0.046366 0.155310 0.209870 -0.089826 -0.192971 0.225439 -0.147553 -0.066910 -0.128947 0.067695 -0.189026 -0.001293 -0.424590 0.175039 -0.026579 -0.088380 0.120248 0.015815 0.095583 -0.067124 -0.145776 0.236069 -0.002798 -0.025746 -0.002773 0.255555 0.139038 0.035938 -0.013869 -0.077834 0.087803 -0.024736 -0.277253 -0.148591 -0.105758 -0.092015 0.048749 0.134626 0.089755 0.021051 -0.421456 -0.049012 -0.194110 0.045747 -0.094953 0.023434 -0.032620 -0.074293 0.070959 0.083508 -0.055577 -0.056770 -0.159530 -0.088314 0.194854 -0.104318 -0.291531 -0.137371 -0.190933 -0.156698 -0.110065 -0.285307 -0.101558 -0.130362 -0.202966 -0.129633 0.092972 -0.337644 0.023544 0.269620 0.004722 0.028623 -0.012087 -0.245244 -0.046095 -0.215651 -0.199912 -0.072807 -0.093475 -0.204533 -0.112101
0.266479 0.279163 -0.287218 -0.347952 -0.516378 -0.308032 -0.135036 -0.180001 -0.325144 0.000510 0.523558 0.372265 0.507595 0.322811 -0.026925 0.307488 1.000000 0.601926 -0.186848 -0.070519 0.048157 -0.183292 -0.169266 -0.367944 -0.242490 -0.281798 -0.054403 -0.139885 0.384517 0.412096 0.028398 -0.057562 0.335966 0.289140 0.110326 -0.006350 -0.000712 -0.151987 -0.287620 -0.225794 0.179506 -0.121361 -0.326880 -0.214454 0.013808 -0.233025 -0.332314 -0.320797 -0.013292 0.122687 0.024737 -0.001330 0.071056 -0.087195 -0.101247 -0.024753 0.690991 0.456520 0.145060 -0.118091 0.322356 0.364908 0.503120 0.482648 -0.021592 -0.020292 0.102869 -0.502642 -0.066151 -0.456531 0.082912 -0.094721 0.473168 0.304570 0.389928 0.051220 0.416181 0.061230 0.336818 0.349899 0.188450 0.410255 -0.222508 -0.043600 0.181354 0.146388 -0.097182 -0.052292 -0.239520 0.068077 -0.539953 -0.446046 -0.470120 -0.479322 -0.139189 -0.051461 -0.227453 -0.159920 0.101041 -0.064493 -0.335426 -0.208326 -0.267347 0.139437 0.030549 0.148383 0.043178 -0.001543 -0.319847 0.109213 -0.296017 -0.185130 -0.084974 0.007721 -0.053290 0.153495
0.047329 0.040131 -0.406044 -0.283494 -0.439997 -0.332780 -0.226460 -0.299785 -0.312264 -0.159071 0.295663 0.212842 0.267310 0.208038 -0.133885 0.141537 0.601926 1.000000 -0.249196 -0.086824 -0.305860 -0.367454 -0.195854 -0.279531 -0.146863 -0.364702 -0.146843 -0.244717 0.375184 0.265991 -0.021470 -0.166008 0.211803 0.109110 0.155152 -0.070651 0.037380 -0.111062 -0.238405 -0.450350 -0.033673 -0.016806 -0.079764 -0.112144 0.100525 -0.182410 -0.040475 -0.205471 0.085635 0.228441 -0.092239 0.109529 0.169098 0.019476 0.156462 0.069112 0.424884 0.299700 0.057998 0.142827 0.163752 0.286033 0.466193 0.554288 -0.276019 -0.169820 0.260159 -0.257072 0.032011 -0.185454 0.092339 -0.106435 0.448486 0.194482 0.280716 -0.137831 0.236855 0.079742 0.478839 0.302877 0.382438 0.469070 -0.055879 -0.020156 0.152992 0.085363 -0.205755 0.082878 -0.212826 -0.087681 -0.147922 -0.248722 -0.236266 -0.394579 -0.189567 -0.138060 -0.231557 -0.199387 0.144898 0.118507 -0.149546 -0.135168 -0.206095 0.058499 -0.043989 0.192544 0.186232 -0.005735 -0.287368 -0.063472 -0.285863 -0.179507 -0.011110 0.221840 -0.039423 0.092824
0.345795 -0.098004 0.332333 0.376341 0.102689 -0.269815 0.648618 0.324350 0.274354 -0.166119 0.310826 0.299545 -0.090123 -0.063434 0.499193 -0.182379 -0.186848 -0.249196 1.000000 0.534885 0.037501 0.098387 0.110388 0.242379 -0.101913 0.133107 -0.141129 0.135617 -0.038588 -0.140960 0.160946 0.380339 -0.138523 0.164929 -0.080735 -0.200758 -0.343158 -0.203183 -0.159740 -0.056468 0.064640 0.150302 -0.302522 -0.305546 -0.405600 -0.248167 -0.185177 -0.145952 -0.276385 -0.411399 -0.358105 -0.394092 -0.226746 -0.377118 -0.197894 -0.323624 -0.176430 -0.253408 -0.229871 -0.372316 -0.259789 -0.343631 -0.115983 -0.328498 0.367910 0.019956 -0.250809 0.055069 0.194002 0.150290 0.321313 0.095244 -0.019431 0.229165 -0.001167 0.225272 -0.018745 0.146325 -0.032551 -0.020187 -0.298294 -0.071580 0.381941 0.149287 0.033671 0.008910 0.248434 0.097866 0.161929 0.125896 0.115089 0.339560 0.166433 0.335151 -0.084698 -0.311696 -0.186567 -0.155771 -0.487491 -0.154272 0.201960 0.080149 0.086029 -0.048444 -0.315500 -0.188922 -0.035134 0.119466 0.099493 -0.101509 -0.176649 -0.334325 -0.132918 -0.044648 -0.061219 0.097329
0.237984 -0.010274 -0.067445 0.237109 -0.049762 -0.337337 0.233075 -0.116278 -0.045938 -0.201464 0.140794 0.226097 -0.184402 -0.067155 0.197216 -0.027195 -0.070519 -0.086824 0.534885 1.000000 0.055628 0.062834 -0.207976 0.133385 -0.123911 -0.238238 -0.279514 -0.098545 0.215465 0.075489 -0.263338 0.116874 0.088401 0.367677 -0.202773 -0.487860 -0.127799 -0.015853 -0.371449 -0.224687 -0.083734 0.277123 0.026204 -0.067706 -0.210055 -0.290533 0.112334 0.019153 -0.193444 -0.271737 -0.367256 -0.154578 -0.020513 -0.038321 -0.314629 -0.401294 -0.112936 -0.009129 -0.389585 -0.121927 -0.358598 -0.281305 0.062517 0.040600 -0.005644 -0.300920 -0.054471 0.005266 0.438757 0.324057 0.144671 0.056048 0.071415 0.247514 -0.028961 0.046963 0.105582 0.249235 0.070234 -0.040879 0.096274 0.239891 0.285594 0.378298 -0.234194 -0.085774 -0.127348 -0.115227 -0.197235 -0.033327 0.174313 0.177977 -0.028774 0.170686 -0.145821 -0.045121 -0.256247 0.070815 -0.272407 -0.127072 0.223371 0.175557 0.051646 0.122706 -0.275639 -0.185791 0.132424 -0.020802 -0.034115 -0.050827 -0.138200 -0.159060 -0.119199 -0.098691 -0.070986 0.064585
-0.018097 0.067394 -0.039447 -0.082360 0.190153 0.154980 -0.083881 -0.033233 -0.146132 -0.189943 0.148432 0.055460 0.152421 -0.002542 0.070498 -0.073045 0.048157 -0.305860 0.037501 0.055628 1.000000 0.392689 0.049164 0.050292 0.004619 0.172099 0.173056 0.117322 -0.171829 -0.015144 0.065536 0.084734 0.141360 0.088741 0.100127 0.007607 0.044880 -0.001028 -0.129828 0.167046 -0.173741 0.052425 -0.071957 0.040128 0.159967 0.323909 -0.160444 0.076364 -0.219487 -0.032119 0.114551 -0.072362 -0.062808 0.044371 -0.340438 -0.130142 0.166827 0.154813 -0.110547 -0.088426 -0.096316 -0.106272 -0.078440 -0.137652 0.119961 0.070249 0.024282 0.100156 0.343445 0.070754 0.010054 0.043246 -0.056043 0.044475 -0.092607 0.273698 -0.001406 -0.050695 -0.300382 0.172496 -0.113476 -0.082938 -0.060908 -0.065307 -0.001717 0.223352 0.084530 -0.054445 -0.252439 0.086119 -0.161301 -0.024694 0.071584 0.070174 0.015268 0.169146 0.040418 0.097423 0.041147 -0.251677 0.197778 -0.064519 0.110095 0.250471 0.050402 -0.210952 0.105446 0.141356 -0.018916 0.214968 0.193561 0.035830 -0.027128 0.268940 -0.003878 0.003111
-0.008667 -0.167456 -0.012234 0.188816 0.090711 0.013855 -0.122740 -0.110131 -0.032875 -0.106042 -0.011807 -0.050875 -0.047278 -0.020978 0.204154 -0.006945 -0.183292 -0.367454 0.098387 0.062834 0.392689 1.000000 0.088767 0.339406 -0.095046 0.269882 -0.046514 0.393917 -0.016208 -0.101373 0.112788 0.279471 -0.221242 -0.217383 -0.063427 0.039872 -0.111923 0.136273 0.060481 0.346927 0.007916 0.052374 0.010020 0.062730 0.037704 0.259370 0.018670 0.275056 -0.220149 -0.074503 -0.103861 -0.049930 -0.154396 0.019606 -0.278469 0.041779 -0.092711 -0.129030 -0.243647 -0.129362 -0.310564 -0.243396 -0.144424 -0.219223 0.323046 0.155361 -0.295696 0.155627 0.029693 0.069725 -0.030136 0.334695 -0.210731 -0.046675 -0.204036 0.171887 -0.204595 -0.071948 0.185438 0.202977 -0.083043 -0.108232 0.171525 0.172296 0.019716 0.339652 -0.000968 0.046850 -0.106949 0.190882 -0.005088 0.031475 0.156728 -0.025023 0.084999 0.216646 0.209355 0.289072 -0.271958 -0.186075 0.245124 -0.016734 -0.070936 0.027133 -0.205753 -0.330665 -0.033677 -0.019608 0.095729 0.143444 0.350067 -0.006537 -0.155916 0.136015 0.084389 -0.194767
-0.358937 -0.500153 0.620428 0.603479 0.287569 0.375237 0.301540 0.195302 0.422673 0.323127 -0.020630 -0.141192 0.137494 -0.101718 0.217685 -0.024621 -0.169266 -0.195854 0.110388 -0.207976 0.049164 0.088767 1.000000 0.668099 0.635956 0.683760 0.179570 0.566530 -0.230002 -0.287703 0.117419 0.287290 -0.209117 -0.004469 0.238634 0.297669 0.050808 0.066673 0.232841 0.374965 0.299595 -0.220899 -0.061530 0.002069 -0.179266 0.011095 -0.051730 -0.000501 -0.390519 -0.382224 -0.080233 -0.270102 -0.057964 -0.025283 0.019467 0.147128 -0.221880 -0.518527 -0.392836 -0.560060 -0.373448 -0.412273 -0.390742 -0.355284 0.294000 0.043575 -0.283029 0.059003 -0.014217 -0.027657 -0.084721 -0.083597 -0.086547 -0.011342 0.070172 0.106401 0.003258 0.171543 -0.078018 -0.037407 -0.408486 -0.258208 0.110104 -0.186966 0.000154 0.070796 0.278792 -0.137505 0.069593 0.061261 0.113383 0.037144 0.382382 0.051522 0.371493 -0.042431 -0.084848 -0.009017 -0.306058 -0.274045 -0.175323 -0.161941 -0.292834 -0.062862 -0.089526 0.146585 -0.265591 -0.121817 0.079917 -0.182388 0.280186 0.060206 -0.092082 -0.041814 0.166971 -0.059938
-0.127767 -0.536287 0.477081 0.729760 0.180350 0.188706 0.340100 0.175219 0.250478 0.208279 -0.090451 -0.049178 -0.127772 -0.124868 0.282724 -0.123533 -0.367944 -0.279531 0.242379 0.133385 0.050292 0.339406 0.668099 1.000000 0.368913 0.548236 -0.016229 0.554966 -0.337994 -0.490251 0.038923 0.430375 -0.484629 -0.261746 0.040056 -0.017063 0.023160 0.199085 0.103353 0.348980 0.090180 0.060930 -0.029294 -0.043527 -0.237206 -0.068618 0.167816 0.187719 -0.390894 -0.414551 -0.189536 -0.200333 -0.084004 -0.000771 -0.007723 0.121934 -0.417678 -0.570663 -0.522411 -0.419633 -0.610472 -0.507483 -0.478847 -0.444284 0.328643 0.067807 -0.326508 0.231077 0.093243 0.303216 0.004974 0.132550 -0.350914 -0.033708 -0.056994 0.093636 -0.162667 0.141559 0.086779 0.060049 -0.370769 -0.225043 0.201024 -0.012115 -0.037218 0.127788 0.243181 -0.070416 0.071699 0.239776 0.367720 0.198249 0.552995 0.147867 0.134749 0.026177 0.009631 0.109278 -0.359287 -0.201119 0.127696 0.019893 -0.154066 -0.160505 -0.210310 -0.122880 -0.044549 -0.083954 0.164488 -0.233908 0.378395 -0.130418 -0.357083 0.002599 0.254239 -0.151000
-0.634239 -0.462298 0.340321 0.238138 0.379874 0.667150 0.138473 0.020819 0.247096 0.305955 -0.192693 -0.456911 0.118906 -0.266276 -0.081917 -0.028357 -0.242490 -0.146863 -0.101913 -0.123911 0.004619 -0.095046 0.635956 0.368913 1.000000 0.399849 0.160578 0.058329 -0.141755 -0.079361 -0.210203 -0.198419 0.012452 0.015355 0.198686 0.272450 0.160865 0.061150 0.072846 0.207047 0.272530 -0.091274 0.204288 0.252459 0.064886 0.069989 0.032261 0.162235 -0.071060 0.120303 0.313618 0.092371 0.245992 0.251818 0.157609 0.174513 -0.204514 -0.375192 -0.349875 -0.181621 -0.340337 -0.206818 -0.153640 -0.107624 -0.107202 -0.328914 0.105360 0.131017 0.016097 -0.033505 -0.254354 -0.277274 -0.008511 0.097930 -0.051403 0.098734 -0.020313 -0.031863 -0.197844 -0.164683 -0.228061 0.058625 -0.030543 -0.190856 -0.181357 -0.187205 0.139325 -0.348848 -0.205099 -0.089463 0.119586 0.074633 0.207463 0.026091 0.467030 0.300517 0.051557 0.177768 -0.066973 -0.099518 -0.149023 -0.011064 -0.396162 0.001119 0.106162 0.064652 -0.033160 -0.119986 0.019623 0.156823 0.213704 0.299599 0.205859 0.009352 0.095216 -0.068418
-0.193825 -0.308194 0.554482 0.543641 0.281633 0.367718 0.238835 0.417762 0.477636 0.350331 -0.056498 -0.057147 0.088649 0.104577 0.207512 -0.089503 -0.281798 -0.364702 0.133107 -0.238238 0.172099 0.269882 0.683760 0.548236 0.399849 1.000000 0.017414 0.612313 -0.327660 -0.304938 0.384503 0.515413 -0.374797 -0.084014 0.113327 0.412551 -0.030708 -0.129289 0.019052 0.438987 0.064593 -0.324031 -0.207636 0.004289 -0.088501 0.333572 -0.180402 0.094633 -0.455733 -0.325129 0.005543 -0.412491 -0.349015 -0.265492 -0.147848 -0.098721 -0.351005 -0.483381 -0.211112 -0.546406 -0.204867 -0.298216 -0.505422 -0.530604 0.521582 0.408039 -0.430278 0.118578 -0.141200 -0.024345 0.058823 0.040061 -0.220378 -0.051986 -0.107152 0.195604 -0.090729 -0.003482 -0.070336 0.004899 -0.390478 -0.266012 0.148864 -0.041454 0.217263 0.179268 0.299497 -0.126362 0.227790 0.221311 0.019994 -0.038229 0.429128 0.012047 0.180389 0.096667 0.007025 0.012722 -0.342710 -0.334551 -0.005042 -0.065641 -0.038684 -0.018357 -0.056404 -0.083673 -0.234251 -0.012366 0.061726 -0.147666 0.419652 -0.102723 -0.144602 0.139036 0.274142 -0.252263
-0.029748 0.165258 0.168704 -0.032206 0.217156 0.388265 -0.007896 -0.004030 -0.034326 0.022483 0.002707 -0.073616 0.221503 0.048153 0.013339 -0.095530 -0.054403 -0.146843 -0.141129 -0.279514 0.173056 -0.046514 0.179570 -0.016229 0.160578 0.017414 1.000000 0.041556 -0.218811 0.086250 0.049990 -0.167700 0.166314 -0.072356 0.202527 0.147252 -0.022202 0.088186 0.137659 0.145705 -0.029454 0.094765 -0.074938 -0.042762 -0.025125 -0.040755 -0.244418 -0.151332 -0.111188 -0.113145 0.074977 -0.048792 -0.054560 0.178570 0.055254 0.114814 0.134727 0.185541 -0.030936 0.128884 -0.007385 0.097779 0.118882 0.213891 -0.049198 -0.054974 0.254251 -0.031956 0.002310 -0.092124 0.062990 -0.192264 -0.012594 -0.041752 0.084563 0.108115 0.136637 0.080514 -0.220742 -0.041980 -0.213295 -0.170923 -0.131755 -0.310450 -0.014817 0.034866 0.039233 0.110076 -0.200887 -0.170517 -0.218674 -0.087890 -0.034181 0.011687 0.148762 0.028178 0.059058 -0.125663 0.056256 0.133182 -0.328756 -0.294457 -0.126830 -0.011531 0.147033 0.118476 -0.194738 -0.068056 0.156336 -0.009735 -0.076319 0.322222 0.140469 -0.212486 -0.055586 0.118684
0.043016 -0.148171 0.353781 0.579561 0.141863 -0.000205 0.129708 0.124031 0.378366 0.254249 0.115775 0.244414 0.061501 0.285834 0.475559 0.054475 -0.139885 -0.244717 0.135617 -0.098545 0.117322 0.393917 0.566530 0.554966 0.058329 0.612313 0.041556 1.000000 -0.202135 -0.292373 0.454221 0.660727 -0.376481 -0.007958 0.201156 0.396930 0.072909 0.175943 0.229410 0.441322 0.102148 -0.078373 -0.390023 -0.332826 -0.289627 0.047255 -0.217325 -0.142060 -0.604919 -0.496681 -0.221337 -0.536614 -0.515400 -0.359706 -0.155866 -0.079035 -0.175771 -0.399117 -0.195464 -0.578704 -0.123461 -0.249926 -0.421765 -0.372187 0.686714 0.421603 -0.551184 -0.032134 -0.110728 0.054734 0.145111 0.167128 -0.133327 -0.036651 0.105786 0.098598 0.027542 0.151702 0.139569 0.094366 -0.287717 -0.358705 0.203617 0.104308 0.419224 0.333564 0.199503 0.247310 0.380159 0.418008 -0.014115 -0.126477 0.388686 -0.101457 0.162882 -0.013383 -0.074701 -0.012523 -0.344638 -0.214023 -0.035609 -0.267704 -0.000864 -0.024189 -0.016699 -0.151158 -0.312707 -0.269061 0.087666 -0.259121 0.305645 -0.237863 -0.470394 0.016799 0.169215 -0.241125
-0.084729 0.027767 -0.426749 -0.212155 -0.392558 -0.280535 -0.152853 -0.281406 -0.330843 -0.229837 -0.027712 0.007755 0.094947 0.048246 -0.195211 0.343300 0.384517 0.375184 -0.038588 0.215465 -0.171829 -0.016208 -0.230002 -0.337994 -0.141755 -0.327660 -0.218811 -0.202135 1.000000 0.657426 -0.057495 0.010122 0.498672 0.449722 -0.065964 -0.170261 0.098600 0.066709 -0.018339 -0.287080 0.213089 0.041329 -0.064202 -0.137824 -0.046137 -0.279031 -0.097670 -0.331917 0.045782 0.059701 -0.276448 -0.027036 0.059627 -0.015624 0.060709 -0.036269 0.163438 0.251211 -0.109957 -0.011275 0.195941 0.212534 0.411630 0.356828 -0.213415 -0.337208 0.193105 -0.411695 -0.039801 -0.265247 -0.018808 0.032475 0.624432 0.297165 0.445095 -0.127660 0.384457 0.069503 0.470665 0.138716 0.569648 0.546935 -0.074965 0.195334 0.063358 0.090720 -0.258839 0.014365 -0.052170 -0.115235 -0.291450 -0.397133 -0.514090 -0.475528 -0.054274 0.029637 -0.109933 0.215415 -0.012787 -0.170036 -0.141466 -0.115518 -0.183939 -0.056681 -0.074280 0.261645 -0.093024 -0.189337 -0.112766 0.069510 -0.447835 -0.010576 -0.006892 0.067892 -0.085570 0.272800
-0.072304 0.269730 -0.365705 -0.337546 -0.336735 -0.127304 -0.202319 -0.253855 -0.341575 -0.145696 0.003047 -0.075935 0.162684 0.003597 -0.285060 0.146230 0.412096 0.265991 -0.140960 0.075489 -0.015144 -0.101373 -0.287703 -0.490251 -0.079361 -0.304938 0.086250 -0.292373 0.657426 1.000000 -0.092429 -0.175452 0.609168 0.471863 -0.053875 -0.062340 0.233242 -0.136116 -0.072063 -0.207913 0.055483 0.257106 -0.063489 -0.083284 0.032115 -0.210215 -0.255829 -0.279027 -0.034676 0.235203 0.011619 -0.089572 -0.010515 0.029888 -0.022346 -0.051414 0.309994 0.467670 0.002581 0.079896 0.239802 0.426048 0.608559 0.545963 -0.336000 -0.353951 0.385923 -0.422138 0.080094 -0.458353 -0.068046 0.037872 0.513055 0.368240 0.352512 0.092706 0.383992 0.087177 0.337537 0.238387 0.619544 0.631861 -0.307323 0.079881 0.056410 0.059184 -0.290657 -0.015045 -0.232143 -0.213363 -0.519819 -0.541906 -0.670348 -0.475145 0.006051 0.188410 -0.002773 0.050440 0.194492 -0.072398 -0.268451 -0.342537 -0.270167 -0.225525 0.030438 0.089193 -0.095735 -0.178981 -0.232193 0.253934 -0.444338 0.010445 0.128532 -0.139250 -0.217384 0.109048
0.376585 0.277978 0.097842 0.246083 -0.096065 -0.312224 0.025771 0.203987 0.118945 -0.055690 0.081052 0.145441 -0.094284 0.294827 0.208763 -0.155820 0.028398 -0.021470 0.160946 -0.263338 0.065536 0.112788 0.117419 0.038923 -0.210203 0.384503 0.049990 0.454221 -0.057495 -0.092429 1.000000 0.630619 -0.142046 -0.014789 0.194724 0.344924 -0.078836 -0.081235 -0.088956 0.213817 -0.049288 -0.194772 -0.615943 -0.577189 -0.165405 0.158240 -0.448052 -0.306364 -0.408242 -0.210490 -0.307484 -0.502019 -0.593134 -0.516660 -0.270402 -0.206548 0.044188 0.050215 0.048561 -0.238781 0.200334 0.220135 -0.096822 -0.221401 0.527466 0.410756 -0.233581 -0.193949 -0.074309 -0.170481 0.346713 0.274387 0.171666 0.243553 0.315842 0.350448 0.142402 0.106884 0.145455 0.084197 -0.022388 -0.220450 0.152398 0.084274 0.643346 0.430797 0.277112 0.664328 0.247168 0.371024 -0.229046 -0.161559 0.086715 -0.183832 -0.144843 -0.081929 -0.072726 -0.092394 -0.195716 -0.003197 0.135168 -0.109246 0.186578 -0.022987 -0.093988 -0.096910 -0.172488 -0.143639 0.015718 -0.072245 -0.038028 -0.314062 -0.364896 0.080258 -0.012467 -0.043476
0.363494 0.025574 0.178976 0.560891 -0.124879 -0.346355 0.252957 0.279604 0.200893 0.142362 0.150732 0.406338 -0.129372 0.347107 0.329567 -0.002273 -0.057562 -0.166008 0.380339 0.116874 0.084734 0.279471 0.287290 0.430375 -0.198419 0.515413 -0.167700 0.660727 0.010122 -0.175452 0.630619 1.000000 -0.402356 0.085560 -0.048779 0.115106 0.066472 0.003205 -0.093477 0.293912 0.049975 -0.083235 -0.626658 -0.557904 -0.448746 -0.148599 -0.329705 -0.286342 -0.488700 -0.571067 -0.515795 -0.496756 -0.550412 -0.463080 -0.223925 -0.256909 -0.185214 -0.195896 -0.173558 -0.467493 -0.135684 -0.061659 -0.397403 -0.433429 0.681922 0.415014 -0.573772 -0.334093 -0.053179 -0.032977 0.337471 0.365088 0.038238 0.165006 0.276683 0.260899 0.162052 0.300242 0.153403 0.097106 -0.095021 -0.204554 0.272489 0.249072 0.439960 0.193039 0.144539 0.403567 0.377107 0.459120 -0.026701 -0.091531 0.268115 -0.108285 -0.063562 -0.178572 -0.042769 0.076891 -0.392112 -0.098293 0.051790 -0.154150 0.091833 0.006582 -0.099685 -0.066067 -0.261707 -0.154456 0.134777 -0.247512 0.086560 -0.464552 -0.368197 -0.022646 0.068354 -0.135453
-0.142748 0.204291 -0.274739 -0.420708 -0.246680 -0.073048 -0.214262 -0.287021 -0.416591 -0.403914 -0.074783 -0.188198 0.053309 -0.279854 -0.376989 0.007222 0.335966 0.211803 -0.138523 0.088401 0.141360 -0.221242 -0.209117 -0.484629 0.012452 -0.374797 0.166314 -0.376481 0.498672 0.609168 -0.142046 -0.402356 1.000000 0.462762 0.112962 -0.127141 0.074127 -0.228210 0.008486 -0.210896 0.010101 0.168206 0.068964 0.087678 0.207382 -0.117699 -0.080860 -0.055735 0.035633 0.242975 0.150130 -0.033040 0.144351 0.077825 -0.023693 0.053571 0.224389 0.491471 -0.028168 0.109279 0.275400 0.135499 0.602402 0.539433 -0.380939 -0.529258 0.447515 -0.242573 0.233378 -0.332239 -0.148440 -0.130493 0.531859 0.274822 0.254653 0.041000 0.394554 0.163281 0.182303 0.204603 0.454182 0.502235 -0.307855 0.032389 0.005629 0.050061 -0.073117 -0.049535 -0.297888 -0.299963 -0.519999 -0.374141 -0.653416 -0.351812 0.023976 0.112903 -0.052607 -0.006684 0.248024 -0.053981 -0.186106 -0.319988 -0.157669 -0.052393 0.005856 0.191887 -0.056397 0.050284 -0.215715 0.199930 -0.322089 0.197504 0.179043 0.083527 -0.154859 0.363750
0.032112 0.097300 -0.003999 -0.036934 -0.215954 -0.162734 0.101436 0.057402 0.051526 -0.008808 0.065485 0.199679 0.100245 0.161517 -0.131369 0.058160 0.289140 0.109110 0.164929 0.367677 0.088741 -0.217383 -0.004469 -0.261746 0.015355 -0.084014 -0.072356 -0.007958 0.449722 0.471863 -0.014789 0.085560 0.462762 1.000000 0.107990 -0.060106 0.076191 -0.139667 -0.185167 -0.318163 0.081364 -0.026706 -0.194500 -0.151945 -0.305193 -0.244564 -0.297224 -0.254869 -0.253448 -0.062607 -0.058835 -0.290778 -0.086739 -0.154312 -0.105093 -0.382009 0.107578 0.263722 -0.211837 -0.308387 0.109285 0.136070 0.261006 0.212613 0.022708 -0.154061 -0.026100 -0.341357 0.257625 -0.319567 -0.092075 -0.117147 0.446311 0.247764 0.276037 -0.015741 0.488385 0.220916 0.169102 0.135889 0.236093 0.426327 -0.128088 0.046588 0.141522 -0.046128 -0.214063 -0.119143 -0.073545 -0.101195 -0.365448 -0.355959 -0.368909 -0.265218 0.123032 0.033708 -0.102105 0.071946 -0.126543 -0.181937 -0.283041 -0.339574 -0.094342 0.079816 -0.061390 0.077357 -0.237012 -0.178510 -0.049458 0.060435 -0.416035 -0.032945 0.067597 0.033272 -0.109101 0.118896
-0.035157 -0.166506 0.179439 -0.042853 0.018230 0.090610 -0.039258 -0.113067 0.074511 -0.020471 0.070770 -0.053586 0.051856 0.087728 0.047437 -0.304729 0.110326 0.155152 -0.080735 -0.202773 0.100127 -0.063427 0.238634 0.040056 0.198686 0.113327 0.202527 0.201156 -0.065964 -0.053875 0.194724 -0.048779 0.112962 0.107990 1.000000 0.383098 0.182095 0.017738 0.107429 0.284961 0.099287 0.001373 -0.221079 -0.152401 0.004299 0.116080 -0.214023 -0.035888 -0.240182 -0.022823 0.029702 -0.251468 -0.127347 -0.074015 0.062043 0.299020 0.083368 -0.049580 0.008270 -0.110782 0.082584 -0.101885 0.025085 0.080028 0.124795 0.026261 0.197910 0.166559 -0.151722 -0.029086 -0.102144 -0.059323 0.170357 -0.095837 0.173866 0.065350 0.017087 0.115650 0.078412 0.084454 -0.122929 -0.052566 -0.042126 -0.233704 0.077923 0.165278 0.064074 0.075333 0.046393 -0.004181 -0.160072 -0.060085 0.084932 -0.164810 0.110672 0.105622 -0.019572 -0.107492 -0.045716 -0.088105 -0.028968 -0.241566 -0.007291 0.014780 -0.035011 0.046401 -0.043015 -0.180859 0.134875 0.025633 0.166049 -0.006070 -0.084985 0.248311 0.180876 0.058095
-0.171024 0.021706 0.280159 0.052175 0.236313 0.261985 -0.064028 0.111783 0.374291 0.377725 0.066741 0.033807 0.242905 0.284299 0.122409 0.046366 -0.006350 -0.070651 -0.200758 -0.487860 0.007607 0.039872 0.297669 -0.017063 0.272450 0.412551 0.147252 0.396930 -0.170261 -0.062340 0.344924 0.115106 -0.127141 -0.060106 0.383098 1.000000 0.217292 0.031342 0.195153 0.334687 0.190687 -0.231898 -0.228572 -0.149681 0.023144 0.251776 -0.301770 -0.185126 -0.187082 0.036348 0.137214 -0.260565 -0.284351 -0.294614 0.003265 0.032348 -0.090171 -0.326623 0.176880 -0.204917 0.345441 0.095867 -0.035741 -0.156528 0.309345 0.355828 -0.078481 0.068374 -0.281022 -0.123650 -0.121480 -0.059689 -0.037228 -0.052301 -0.092137 0.088483 -0.084889 -0.067152 0.001245 -0.140004 -0.176386 -0.272709 0.069724 -0.186869 0.371042 0.051616 0.266074 0.015245 0.224665 0.230824 -0.169221 -0.216967 0.145023 -0.153757 0.387900 0.196848 -0.069127 -0.105458 -0.221503 -0.221337 -0.075765 -0.102989 -0.023453 0.094126 0.199329 -0.056919 -0.343702 -0.147645 0.026976 0.052472 0.126996 -0.037316 -0.081940 0.122711 0.120202 -0.171196
