1.000000 0.086706 0.312138 0.227662 -0.218154 -0.113713 0.209581 0.155599 -0.311396 -0.291241 0.143539 0.276497 -0.106935 -0.015845 -0.302731 -0.374651 0.031776 0.210769 0.298031 0.398101 -0.215858 -0.282950 0.255717 0.107765 -0.298155 -0.411166 -0.103160 -0.262320 -0.193274 -0.183782 -0.172813 -0.009859 0.490901 0.500645 0.137108 0.123007 -0.327847 -0.316579 -0.454585 -0.339926 -0.288648 -0.453989 -0.035785 -0.008656 0.094037 0.012435 -0.130711 0.047326 0.155578 0.032901 0.048074 0.086471 -0.035135 -0.083461 -0.352530 -0.329171 0.602559 0.057034 0.391063 0.029423 0.365508 0.193438 0.347492 0.321492 0.094009 0.070197 0.141871 0.017172 0.159757 0.085987 -0.283122 -0.119646 -0.193721 -0.129521 -0.199533 -0.155344 -0.008931 0.079050 0.073810 0.073292 -0.008810 0.105635 -0.059004 -0.252100 -0.268398 -0.168891 -0.319425 -0.309632 -0.161159 -0.378533 -0.013262 -0.056162 -0.116328 -0.018345 -0.264374 -0.202116 -0.328447 -0.192178 -0.264515 -0.166374 -0.145988 -0.055381 -0.170333 -0.212990 -0.348650 -0.347898 -0.177314 -0.009726 -0.153042 -0.100082 -0.102214 -0.335328 -0.188326 -0.322133 -0.333723 -0.275646
0.086706 1.000000 0.078075 0.163703 0.024116 -0.008535 -0.032892 0.159338 -0.169347 -0.185686 -0.467888 -0.045990 -0.311706 -0.037321 -0.311933 -0.279118 -0.424726 -0.030074 0.366184 0.413296 -0.397264 -0.448430 -0.221084 -0.070701 -0.364258 -0.382292 -0.059468 -0.177245 -0.512530 -0.438646 -0.458700 -0.507250 0.007414 0.063918 -0.137845 0.255507 -0.407838 -0.410264 -0.151583 0.115774 -0.325590 -0.370203 0.071898 0.138410 0.088456 0.307111 -0.001873 -0.010589 0.074589 0.265047 -0.049190 0.214413 0.021952 0.029053 -0.077766 -0.056367 0.055487 0.735301 0.300747 0.363580 -0.030540 0.361061 -0.095823 0.276449 -0.242157 0.110900 0.122572 0.312873 0.354869 0.297171 -0.392917 -0.444957 -0.493620 -0.489296 -0.516852 -0.476623 -0.345345 -0.389137 -0.476249 -0.135089 -0.274625 -0.029820 -0.122868 -0.364526 -0.342975 -0.183712 0.145636 -0.244933 0.006360 0.062970 0.440664 0.340112 0.232661 0.352424 0.200180 -0.032958 -0.027499 0.163417 0.156445 0.284798 -0.021035 0.226257 0.009868 0.343594 -0.021506 0.112295 0.284447 0.263807 0.130839 0.060676 0.052094 0.148641 0.271465 0.154543 0.112000 0.070574
0.312138 0.078075 1.000000 0.604182 0.139790 0.233406 0.785245 0.559898 0.135252 -0.020792 0.100322 0.043385 0.146968 -0.010490 -0.191094 -0.218296 -0.193972 -0.024512 0.381765 0.458492 -0.079722 -0.069511 0.578109 0.589073 0.105731 -0.031058 0.080171 -0.090712 -0.166356 -0.287494 -0.014861 0.108825 0.075592 0.174381 -0.375099 -0.107010 -0.423466 -0.480036 -0.305524 -0.290194 -0.229054 -0.424034 -0.108708 -0.126358 -0.176409 0.029629 -0.342616 -0.010997 0.247066 0.085463 0.142028 0.029661 0.067912 -0.171887 -0.434913 -0.485309 -0.122951 -0.242993 0.338898 0.109369 0.119604 -0.108129 -0.036659 -0.124847 -0.091207 -0.201095 0.170223 0.219470 0.265160 0.130058 0.012351 -0.165531 -0.206348 -0.126576 -0.255321 -0.177232 -0.431612 -0.365808 -0.237785 -0.378668 -0.195021 -0.345887 0.347779 -0.048137 -0.222470 -0.400160 -0.030210 0.008599 -0.177131 -0.431710 0.346331 0.271520 0.153287 0.331508 -0.166945 -0.175711 -0.504153 -0.215465 -0.282236 -0.203464 -0.083457 0.060689 -0.049225 0.071644 -0.283313 -0.400538 0.055174 0.251445 -0.055371 -0.085326 -0.047010 -0.442573 -0.051146 -0.405170 -0.399985 -0.256918
0.227662 0.163703 0.604182 1.000000 0.010625 0.340868 0.440310 0.656935 0.112685 0.187372 -0.019363 -0.020877 -0.122662 -0.015562 -0.268420 -0.265373 -0.292071 -0.146476 0.401556 0.402799 -0.125063 -0.041915 0.425785 0.723619 -0.000458 0.009634 0.073409 -0.046244 -0.349249 -0.404438 -0.120630 0.096909 0.085744 0.178451 -0.186813 0.085663 -0.428424 -0.430890 -0.297729 -0.212908 -0.219026 -0.386021 -0.142702 -0.148810 -0.166964 0.067308 -0.323249 -0.081805 0.047842 -0.039071 0.140214 -0.037946 0.039115 -0.096926 -0.349692 -0.385375 0.036231 -0.094095 0.059297 0.101883 0.001781 0.156353 -0.199269 -0.145039 0.075306 0.152827 -0.006738 0.263744 0.204702 0.083320 -0.028970 -0.180235 -0.352871 -0.180472 -0.374991 -0.293226 -0.478447 -0.263411 -0.212483 -0.251099 -0.360433 -0.349720 0.227866 -0.036231 -0.220611 -0.281631 -0.134216 -0.020754 -0.060943 -0.268814 0.349267 0.197734 0.419450 0.314977 -0.219929 -0.275759 -0.456920 -0.165077 -0.275242 -0.238207 0.176780 0.134635 0.014630 -0.037773 -0.014906 -0.303229 0.042872 0.278216 -0.229111 -0.056001 0.001064 -0.370807 -0.089244 -0.282242 -0.247698 -0.064036
-0.218154 0.024116 0.139790 0.010625 1.000000 0.581717 0.153175 0.223570 0.549007 0.438068 -0.182119 -0.441433 0.132298 -0.119405 0.441856 0.240533 -0.199514 -0.405257 0.074505 -0.002980 0.284954 0.146459 -0.136004 -0.006444 0.540735 0.243835 0.626288 0.460546 0.081668 -0.073026 0.017938 -0.227231 -0.526504 -0.489118 -0.348013 -0.065854 0.091224 -0.109358 0.356459 0.393249 0.266617 0.180195 -0.292660 -0.289215 -0.023657 0.082253 -0.253084 -0.313249 0.067899 0.147499 -0.188723 -0.095334 -0.069069 -0.210080 0.093690 -0.156838 -0.181314 -0.018532 0.263459 0.356797 -0.119449 0.089918 -0.365009 -0.372258 -0.240632 -0.150183 0.045089 0.125135 0.058499 0.190808 0.154777 -0.104632 -0.000610 -0.150588 -0.080001 -0.152352 -0.277539 -0.447875 -0.307711 -0.501268 -0.112944 -0.473394 0.424972 0.273652 -0.116120 -0.406623 0.218361 0.138296 0.325820 0.284350 0.297021 0.247142 0.140337 0.303059 0.200708 0.128851 -0.013421 0.039562 0.056283 0.096728 -0.021152 0.096604 0.164850 0.103911 0.082889 0.154588 0.235633 0.183789 0.095401 -0.012664 -0.170313 -0.067131 0.126013 -0.007459 0.092219 0.096120
-0.113713 -0.008535 0.233406 0.340868 0.581717 1.000000 0.128820 0.384398 0.656281 0.743513 0.085744 -0.259600 0.132290 -0.180430 0.407951 0.379684 -0.138977 -0.275335 -0.000263 -0.055056 0.477731 0.387071 0.065955 0.217726 0.612585 0.468810 0.729411 0.610360 0.077885 -0.036611 0.227840 0.101881 -0.289450 -0.346853 -0.255111 -0.139776 0.030180 -0.149989 0.274455 0.221174 0.276833 0.144722 -0.413746 -0.431873 -0.243063 -0.145336 -0.409671 -0.436789 -0.098742 -0.112738 -0.181542 -0.219963 -0.202530 -0.229790 0.014568 -0.122841 -0.184103 -0.176594 0.034200 0.168342 -0.201203 -0.001738 -0.403876 -0.408367 -0.041193 0.031926 -0.093377 -0.047169 0.050425 -0.054821 0.274759 0.124273 0.045374 0.101192 -0.044701 -0.008140 -0.372339 -0.403304 -0.186703 -0.333918 -0.247673 -0.457413 0.471692 0.382296 -0.013643 -0.344720 0.264542 0.397323 0.254580 0.120149 0.123023 0.027458 0.132549 0.153161 -0.056118 0.011222 -0.265990 -0.211423 -0.192527 -0.153050 -0.044783 -0.192874 0.054897 -0.106793 0.030042 -0.029021 0.092049 0.170117 0.090905 -0.200913 -0.316941 -0.348300 -0.029822 -0.191095 -0.076591 0.007723
0.209581 -0.032892 0.785245 0.440310 0.153175 0.128820 1.000000 0.571243 0.120189 0.035067 0.083624 0.062149 0.110342 0.094737 -0.121913 -0.166555 -0.152076 0.049970 0.262154 0.317174 -0.062536 -0.048104 0.644880 0.662610 0.138796 0.013799 0.000440 -0.154976 -0.099225 -0.202831 0.110270 0.233548 0.069159 0.222280 -0.347892 -0.166114 -0.372163 -0.454113 -0.333644 -0.332796 -0.273271 -0.297736 -0.142445 -0.147896 -0.215304 -0.026158 -0.389438 -0.089205 0.088606 -0.021749 0.058275 -0.021415 0.111950 -0.050733 -0.411902 -0.525910 -0.067453 -0.216727 0.148320 -0.101224 0.195279 -0.096667 0.010991 -0.077303 0.117235 -0.147588 -0.017164 0.158963 0.168340 0.047068 0.058840 -0.124141 -0.199682 -0.070864 -0.222654 -0.137469 -0.327106 -0.291278 -0.223364 -0.284276 -0.188191 -0.279619 0.370825 -0.004677 -0.134511 -0.240369 -0.096947 -0.064577 -0.165235 -0.421224 0.296807 0.271150 0.158116 0.288832 -0.260463 -0.255491 -0.552114 -0.312512 -0.246873 -0.186605 -0.002316 0.107372 -0.041043 0.070055 -0.188045 -0.409764 -0.047748 0.106284 -0.099651 -0.154054 -0.161569 -0.341628 -0.120755 -0.261959 -0.303456 -0.284665
0.155599 0.159338 0.559898 0.656935 0.223570 0.384398 0.571243 1.000000 0.144847 0.310163 -0.038976 0.132175 -0.022635 0.237790 -0.126144 0.033023 -0.264126 -0.123884 0.172570 0.213663 -0.001487 0.002350 0.347716 0.550194 0.068206 -0.044581 0.146292 -0.042115 -0.179885 -0.160715 0.083345 0.155496 -0.022529 0.125302 -0.402451 -0.071549 -0.344700 -0.479924 -0.236884 -0.075930 -0.216011 -0.256877 -0.128617 -0.177346 -0.126427 0.044510 -0.300267 -0.161599 0.011598 -0.029936 -0.022701 -0.042976 -0.015363 -0.149207 -0.276662 -0.363629 -0.053333 -0.150817 0.082335 0.030669 -0.030308 0.193681 -0.267252 -0.218825 -0.023897 0.039831 -0.141615 0.167844 -0.018056 -0.047822 0.134014 -0.051651 -0.211851 -0.038884 -0.210674 -0.141861 -0.391168 -0.305820 -0.299054 -0.346364 -0.324196 -0.449592 0.316188 -0.038066 -0.265895 -0.302488 -0.090087 -0.071685 -0.053200 -0.192214 0.294266 0.025430 0.303422 0.194530 -0.243341 -0.233363 -0.503190 -0.231887 -0.200931 -0.138879 0.067339 0.014246 0.120048 -0.091570 0.010604 -0.388012 -0.049290 0.124103 -0.141063 -0.186618 -0.259342 -0.323922 -0.047412 -0.273800 -0.255775 -0.205257
-0.311396 -0.169347 0.135252 0.112685 0.549007 0.656281 0.120189 0.144847 1.000000 0.723930 0.102154 -0.399723 0.221942 -0.234052 0.606016 0.531047 0.032473 -0.291536 -0.054312 -0.156953 0.518617 0.513547 0.034305 0.045366 0.729832 0.487558 0.434678 0.599031 0.243076 0.175955 0.335512 0.130207 -0.429973 -0.426709 -0.208514 -0.132058 0.151064 0.061471 0.376880 0.170463 0.341035 0.365818 -0.344800 -0.373590 -0.189129 -0.184074 -0.275215 -0.326942 -0.226928 -0.132729 -0.257959 -0.277695 -0.213681 -0.232062 0.119415 0.016518 -0.280620 -0.248930 -0.119804 0.083744 -0.252383 -0.104052 -0.285018 -0.406391 -0.055617 -0.080341 -0.085996 -0.125744 -0.032462 -0.082723 0.426991 0.288068 0.237100 0.225248 0.090763 0.149867 -0.146591 -0.224295 -0.103079 -0.274046 -0.144845 -0.332516 0.347933 0.362221 0.116832 -0.185244 0.527203 0.493026 0.244454 0.160266 -0.063684 -0.084460 -0.080206 -0.003314 0.037101 0.082489 -0.115164 -0.100212 -0.120483 -0.156235 -0.045557 -0.219506 0.106404 -0.102607 -0.016724 0.033316 0.073726 0.179991 0.219482 -0.117338 -0.206793 -0.231173 -0.085030 -0.099895 0.004450 0.138646
-0.291241 -0.185686 -0.020792 0.187372 0.438068 0.743513 0.035067 0.310163 0.723930 1.000000 0.149876 -0.231746 0.204167 0.074490 0.464975 0.576871 0.035813 -0.334421 -0.238268 -0.299740 0.523664 0.553138 -0.100208 0.092326 0.664939 0.537412 0.477265 0.527863 0.226465 0.203837 0.371761 0.178063 -0.426619 -0.410266 -0.166957 -0.050097 0.129970 0.121446 0.227942 0.229721 0.283459 0.366450 -0.399526 -0.426551 -0.252957 -0.168294 -0.314897 -0.397212 -0.212824 -0.202404 -0.228193 -0.291244 -0.211985 -0.204945 0.018998 -0.085880 -0.251215 -0.267785 -0.189489 0.012663 -0.173047 0.080706 -0.356724 -0.442096 0.036307 0.130122 -0.310836 -0.044094 -0.187842 -0.145770 0.443235 0.301887 0.210210 0.293081 0.149028 0.210905 -0.107345 -0.107187 -0.043734 -0.268938 -0.153268 -0.349043 0.273054 0.528651 0.082405 -0.090895 0.250469 0.366347 0.116106 0.149985 -0.049803 -0.159428 0.067403 -0.038392 -0.036128 0.015099 -0.181095 -0.137996 -0.234128 -0.295972 -0.002815 -0.286447 0.088926 -0.215831 0.034603 -0.054086 -0.074573 0.073269 0.009676 -0.160668 -0.237016 -0.227452 -0.180460 -0.130786 0.033975 0.052812
0.143539 -0.467888 0.100322 -0.019363 -0.182119 0.085744 0.083624 -0.038976 0.102154 0.149876 1.000000 0.438288 0.758527 0.306562 0.316712 0.355393 0.634027 0.318721 -0.267853 -0.240260 0.354827 0.576680 0.254363 -0.018990 0.269427 0.212679 -0.024427 0.085888 0.642690 0.555498 0.614797 0.646518 0.182762 0.053773 -0.064600 -0.471663 0.175085 0.312417 -0.056040 -0.322103 0.261210 0.277323 -0.020693 -0.135789 -0.231283 -0.492786 -0.084872 -0.029332 0.082133 -0.322026 0.060485 -0.210107 -0.214971 -0.051459 -0.046954 -0.094462 -0.247698 -0.579044 -0.221239 -0.330834 0.092759 -0.288555 0.290899 -0.137504 0.142301 -0.191287 -0.270996 -0.507740 -0.323184 -0.488462 0.531570 0.600632 0.626266 0.685460 0.619294 0.660252 0.316360 0.352897 0.440569 0.240232 0.294007 0.143584 0.250821 0.425056 0.293111 0.094689 -0.035563 0.207837 -0.240683 -0.316170 -0.459131 -0.473903 -0.409291 -0.529705 -0.491536 -0.310200 -0.182672 -0.358062 -0.335957 -0.557193 -0.170588 -0.414905 -0.274609 -0.442406 -0.088457 -0.341031 -0.349360 -0.167269 -0.215917 -0.307419 -0.307032 -0.295591 -0.404883 -0.341953 -0.176642 -0.258506
0.276497 -0.045990 0.043385 -0.020877 -0.441433 -0.259600 0.062149 0.132175 -0.399723 -0.231746 0.438288 1.000000 0.168707 0.533391 -0.099015 0.054004 0.165384 0.511963 -0.173092 -0.192105 -0.040886 0.015266 0.240587 0.038622 -0.242702 -0.151628 -0.233662 -0.150698 0.160573 0.363569 0.293886 0.408147 0.520443 0.469653 0.158014 -0.093228 -0.030825 0.071224 -0.262595 -0.289335 -0.116210 0.045136 0.073071 0.096797 -0.104739 -0.245736 0.033277 0.014315 -0.023833 -0.304449 0.053082 -0.027525 -0.144296 0.082175 -0.148135 0.040984 -0.083562 -0.163607 -0.299087 -0.295201 0.088894 -0.087631 0.299347 0.313998 0.204181 0.150432 -0.211908 -0.208624 -0.334506 -0.406098 -0.030919 0.227851 0.170419 0.342321 0.297304 0.302344 0.214732 0.342533 0.263508 0.449867 0.011908 0.375080 -0.196829 -0.010581 -0.146119 0.390684 -0.237124 -0.144489 -0.351072 -0.195582 -0.403855 -0.387748 -0.233025 -0.384302 -0.361929 -0.106235 -0.089625 -0.210066 -0.250721 -0.271090 -0.124750 -0.152776 -0.249702 -0.295702 -0.028095 -0.313721 -0.426999 -0.319791 -0.117580 -0.199194 -0.227469 -0.050255 -0.182305 -0.113966 -0.186913 -0.196244
-0.106935 -0.311706 0.146968 -0.122662 0.132298 0.132290 0.110342 -0.022635 0.221942 0.204167 0.758527 0.168707 1.000000 0.314974 0.409557 0.504480 0.638704 0.220726 -0.310042 -0.264895 0.379174 0.542783 0.084894 -0.157419 0.311512 0.239169 0.057479 0.138030 0.714296 0.581047 0.522193 0.378602 -0.098431 -0.168847 -0.313820 -0.489130 0.282201 0.391995 0.156880 -0.023561 0.414385 0.349449 -0.023630 -0.192038 -0.150274 -0.365535 -0.081818 -0.100810 0.207188 -0.124555 -0.036780 -0.217647 -0.266619 -0.241500 0.032573 -0.048722 -0.386928 -0.459546 -0.013515 -0.096047 0.138604 -0.152606 0.187962 -0.176127 -0.094106 -0.310713 -0.206289 -0.456258 -0.276258 -0.351624 0.636077 0.497298 0.705702 0.613250 0.633068 0.602322 0.270847 0.137958 0.307091 0.024911 0.407201 0.010797 0.308538 0.475077 0.260387 -0.090817 0.116734 0.271183 -0.140135 -0.158194 -0.306085 -0.352145 -0.448745 -0.447361 -0.317268 -0.216845 -0.112785 -0.303490 -0.153122 -0.422901 -0.265205 -0.379574 -0.156638 -0.311332 -0.086614 -0.181180 -0.145303 -0.101996 -0.131411 -0.365492 -0.302655 -0.198815 -0.306070 -0.296844 0.047318 -0.203514
-0.015845 -0.037321 -0.010490 -0.015562 -0.119405 -0.180430 0.094737 0.237790 -0.234052 0.074490 0.306562 0.533391 0.314974 1.000000 0.043711 0.240505 0.124700 0.164571 -0.242177 -0.236740 -0.080955 0.168794 0.106260 0.038795 -0.077016 -0.055358 -0.182932 -0.104381 0.126008 0.289923 0.274582 0.260510 0.010767 0.043604 -0.122772 -0.065035 -0.103058 0.109947 -0.211016 -0.032542 -0.195186 0.095358 0.016329 0.082815 -0.158575 -0.113287 -0.042674 0.042276 0.152035 -0.096029 0.070864 0.036351 0.033207 0.077592 -0.236264 -0.136846 -0.214778 -0.107322 -0.118109 -0.141688 0.038450 0.142107 -0.006362 -0.041010 0.013264 0.112031 -0.340365 -0.095229 -0.199693 -0.149374 0.176540 0.219618 0.113457 0.261810 0.250388 0.264923 0.165912 0.204617 0.055828 0.125069 -0.033472 0.105613 -0.093338 0.104049 -0.165536 0.226093 -0.272788 -0.091946 -0.316965 -0.056685 -0.103650 -0.141929 -0.029794 -0.160127 -0.216352 -0.199163 -0.122618 -0.031008 -0.221797 -0.199410 0.034760 0.003056 -0.087943 -0.172344 0.025594 -0.295832 -0.287375 -0.184012 -0.282228 -0.197391 -0.051134 0.031673 -0.154797 -0.105018 -0.140016 -0.215325
-0.302731 -0.311933 -0.191094 -0.268420 0.441856 0.407951 -0.121913 -0.126144 0.606016 0.464975 0.316712 -0.099015 0.409557 0.043711 1.000000 0.706158 0.243723 -0.184454 -0.113616 -0.284300 0.681067 0.601991 0.037697 -0.260797 0.496220 0.402195 0.527282 0.762297 0.600612 0.412818 0.484297 0.202791 -0.356051 -0.502702 -0.191029 -0.341891 0.543460 0.309283 0.628974 0.291109 0.590136 0.603814 -0.332405 -0.366827 -0.257292 -0.378186 -0.199702 -0.381039 -0.295273 -0.298831 -0.382228 -0.410880 -0.315344 -0.245864 0.365501 0.216230 -0.229273 -0.257791 -0.214142 -0.095958 -0.255799 -0.240118 -0.251038 -0.380168 -0.018569 -0.138583 -0.198245 -0.449358 -0.115271 -0.193923 0.463580 0.392639 0.504479 0.364806 0.426585 0.374581 0.141531 -0.054884 0.163342 -0.111208 0.125206 -0.196885 0.381884 0.506444 0.379537 -0.120917 0.399952 0.610026 0.451906 0.299373 -0.350280 -0.317192 -0.287736 -0.232837 0.010773 0.271538 0.172503 -0.069177 0.060599 -0.054678 0.014407 -0.144311 0.161949 -0.039991 0.152701 0.226070 -0.003716 -0.091588 0.226903 -0.228531 -0.342823 -0.124359 -0.113858 0.123307 0.188710 0.161635
-0.374651 -0.279118 -0.218296 -0.265373 0.240533 0.379684 -0.166555 0.033023 0.531047 0.576871 0.355393 0.054004 0.504480 0.240505 0.706158 1.000000 0.342512 -0.067040 -0.337925 -0.427462 0.727797 0.657748 -0.000114 -0.266529 0.458683 0.438990 0.351015 0.595105 0.662191 0.703340 0.652430 0.316083 -0.374563 -0.491712 -0.215265 -0.408556 0.463525 0.462936 0.503451 0.366878 0.510251 0.691811 -0.319380 -0.435398 -0.369588 -0.535538 -0.130264 -0.391491 -0.396200 -0.411106 -0.422092 -0.421652 -0.359385 -0.208422 0.293557 0.293886 -0.313728 -0.271792 -0.281516 -0.110886 -0.335464 -0.114025 -0.245739 -0.358520 -0.083273 -0.131699 -0.298886 -0.529142 -0.278658 -0.224653 0.671646 0.641836 0.656008 0.615775 0.582501 0.579190 0.232806 0.075253 0.194992 0.002032 0.076363 -0.126412 0.114938 0.585670 0.221500 0.061547 0.393125 0.630895 0.211550 0.379280 -0.440939 -0.481583 -0.325744 -0.384411 -0.002961 0.220578 0.063385 -0.151342 -0.085658 -0.142263 -0.020011 -0.316399 0.153548 -0.173063 0.151594 0.148141 -0.092395 -0.153685 0.237237 -0.296706 -0.387370 -0.142375 -0.194293 0.036877 0.208932 0.083628
0.031776 -0.424726 -0.193972 -0.292071 -0.199514 -0.138977 -0.152076 -0.264126 0.032473 0.035813 0.634027 0.165384 0.638704 0.124700 0.243723 0.342512 1.000000 0.490295 -0.429984 -0.265783 0.286078 0.395341 0.015206 -0.259128 0.208564 0.172815 -0.138496 -0.036002 0.749786 0.676895 0.504922 0.440028 0.178707 0.040964 0.086774 -0.393845 0.482977 0.587901 0.084871 -0.103602 0.422980 0.333297 -0.055221 -0.158761 -0.084484 -0.428996 0.020761 -0.044559 -0.054958 -0.251111 -0.101114 -0.327507 -0.314535 -0.195481 0.027446 0.075034 -0.041396 -0.330932 -0.228988 -0.356339 0.132144 -0.209905 0.424003 0.110646 0.155383 -0.226990 -0.299436 -0.566441 -0.407711 -0.411933 0.477192 0.574299 0.805023 0.675464 0.759232 0.696572 0.590202 0.489454 0.708595 0.348645 0.730832 0.410365 0.053811 0.365334 0.474348 0.119251 0.028100 0.107205 -0.179697 -0.173728 -0.585251 -0.552028 -0.622316 -0.710461 -0.297573 -0.133328 0.013847 -0.294947 -0.076841 -0.320465 -0.305148 -0.558158 -0.115314 -0.446782 -0.006829 -0.079190 -0.274096 -0.366124 -0.126108 -0.210862 -0.134889 -0.092565 -0.418636 -0.131950 0.113504 -0.215096
0.210769 -0.030074 -0.024512 -0.146476 -0.405257 -0.275335 0.049970 -0.123884 -0.291536 -0.334421 0.318721 0.511963 0.220726 0.164571 -0.184454 -0.067040 0.490295 1.000000 -0.331171 -0.174626 -0.148278 -0.071482 0.153642 -0.143690 -0.188254 -0.221112 -0.237592 -0.278401 0.209841 0.404626 0.144980 0.315768 0.540460 0.502564 0.191776 -0.274204 0.102352 0.184107 -0.185025 -0.293987 0.003139 -0.051383 0.139104 0.096014 0.070064 -0.219272 -0.000597 0.034967 0.032141 -0.138175 0.057322 -0.083640 -0.214392 -0.030709 -0.124559 0.105400 0.090722 0.036216 -0.153193 -0.272192 0.265415 -0.102250 0.674979 0.580283 0.251887 -0.088523 -0.169045 -0.395211 -0.325462 -0.456276 -0.070864 0.233014 0.285235 0.354125 0.282305 0.251304 0.250132 0.280585 0.491777 0.636701 0.434475 0.692957 -0.091580 -0.016030 0.032161 0.365467 -0.128339 -0.227220 -0.308037 -0.195627 -0.367757 -0.312571 -0.450857 -0.452852 -0.347624 -0.170964 -0.097430 -0.336544 -0.016582 -0.116222 -0.321001 -0.286495 -0.197978 -0.310198 -0.049482 -0.167720 -0.319512 -0.324380 -0.026496 -0.258653 -0.232645 -0.004786 -0.134181 0.007427 0.000171 -0.218718
0.298031 0.366184 0.381765 0.401556 0.074505 -0.000263 0.262154 0.172570 -0.054312 -0.238268 -0.267853 -0.173092 -0.310042 -0.242177 -0.113616 -0.337925 -0.429984 -0.331171 1.000000 0.754042 -0.168465 -0.299785 0.234436 0.215770 -0.302810 -0.336851 0.039515 -0.037561 -0.389353 -0.516493 -0.292432 -0.275808 0.016338 0.059147 -0.141215 0.142675 -0.329735 -0.536789 -0.134039 -0.213344 -0.248259 -0.384265 -0.112864 -0.019639 -0.024115 0.128389 -0.153642 -0.073130 -0.075605 0.053853 -0.089666 0.004711 0.102796 -0.135815 -0.120791 -0.221085 0.273411 0.220770 0.326948 0.229157 -0.045017 0.043417 -0.214405 -0.063164 -0.131156 -0.111980 0.415159 0.245953 0.610101 0.442241 -0.276029 -0.355559 -0.467997 -0.454189 -0.508545 -0.468105 -0.391702 -0.390386 -0.342399 -0.332558 -0.327357 -0.317877 0.118159 -0.310624 -0.264155 -0.475269 -0.032949 -0.077007 0.229095 -0.148637 0.382178 0.334032 0.330350 0.472360 0.057032 0.001531 -0.139343 0.118152 -0.037863 0.078767 0.201761 0.450401 -0.021329 0.385052 -0.111023 0.077336 0.278588 0.347295 -0.038863 0.099226 0.038556 -0.121657 0.078733 -0.042472 -0.198354 0.115030
0.398101 0.413296 0.458492 0.402799 -0.002980 -0.055056 0.317174 0.213663 -0.156953 -0.299740 -0.240260 -0.192105 -0.264895 -0.236740 -0.284300 -0.427462 -0.265783 -0.174626 0.754042 1.000000 -0.313011 -0.486292 0.136140 0.263248 -0.361115 -0.469968 -0.050392 -0.260077 -0.403919 -0.571749 -0.382362 -0.313891 0.016555 0.007462 -0.245246 0.059282 -0.414789 -0.609907 -0.309989 -0.200863 -0.358633 -0.628428 -0.044332 0.002578 -0.136552 0.132476 -0.177455 0.079715 0.040930 0.156456 -0.036684 0.112126 0.202144 -0.047904 -0.210550 -0.356148 0.300270 0.214416 0.506150 0.273678 -0.033777 0.062285 -0.089888 0.004701 -0.274788 -0.260746 0.366323 0.359218 0.687524 0.596597 -0.281877 -0.412119 -0.473808 -0.507439 -0.520197 -0.488838 -0.349188 -0.383746 -0.344367 -0.400913 -0.109152 -0.289736 0.158328 -0.292181 -0.167339 -0.504122 -0.040365 -0.211911 0.061061 -0.260034 0.548373 0.478826 0.289479 0.490329 0.084593 -0.097544 -0.281811 0.115288 0.039567 0.178104 0.121327 0.320930 0.039694 0.424970 -0.119999 -0.109303 0.377555 0.422124 -0.048722 0.132651 0.217806 -0.153302 -0.000090 -0.120430 -0.197573 -0.103503
-0.215858 -0.397264 -0.079722 -0.125063 0.284954 0.477731 -0.062536 -0.001487 0.518617 0.523664 0.354827 -0.040886 0.379174 -0.080955 0.681067 0.727797 0.286078 -0.148278 -0.168465 -0.313011 1.000000 0.686744 0.111401 -0.136120 0.486921 0.516595 0.585695 0.687682 0.665180 0.504759 0.595436 0.327840 -0.268281 -0.390979 -0.129900 -0.462035 0.598468 0.420106 0.635176 0.315709 0.706648 0.610768 -0.485659 -0.565667 -0.337685 -0.489922 -0.323484 -0.501876 -0.416240 -0.431379 -0.483986 -0.549957 -0.458239 -0.408404 0.323620 0.190578 -0.142808 -0.350874 -0.233987 -0.090017 -0.212079 -0.195062 -0.233495 -0.428761 0.062782 -0.091542 -0.177431 -0.466588 -0.202546 -0.189748 0.585149 0.586059 0.596993 0.506831 0.505804 0.451550 0.134675 0.060475 0.242702 -0.055400 0.058718 -0.290869 0.278914 0.678761 0.325627 -0.167354 0.258795 0.696171 0.408203 0.282861 -0.426999 -0.477317 -0.289619 -0.289912 0.035697 0.422543 0.103632 -0.249280 -0.051658 -0.209260 -0.004768 -0.341309 0.167572 -0.207094 0.191492 0.204440 0.021500 -0.124935 0.278592 -0.177202 -0.366796 -0.341482 -0.187585 0.007572 0.112217 0.201036
-0.282950 -0.448430 -0.069511 -0.041915 0.146459 0.387071 -0.048104 0.002350 0.513547 0.553138 0.576680 0.015266 0.542783 0.168794 0.601991 0.657748 0.395341 -0.071482 -0.299785 -0.486292 0.686744 1.000000 0.156874 -0.095643 0.587333 0.583781 0.358913 0.529297 0.668225 0.622042 0.635807 0.467245 -0.143516 -0.250917 -0.100851 -0.339523 0.422596 0.532363 0.368140 0.054099 0.516487 0.655132 -0.319964 -0.348508 -0.185573 -0.378367 -0.243810 -0.354762 -0.180945 -0.332583 -0.230674 -0.431037 -0.439463 -0.284425 0.102305 0.121388 -0.309874 -0.413210 -0.356486 -0.224896 -0.077185 -0.249837 -0.110215 -0.353782 0.135842 -0.049218 -0.320560 -0.477784 -0.386034 -0.399567 0.592688 0.696422 0.637875 0.659210 0.614222 0.635665 0.179397 0.165416 0.379203 0.104243 0.087411 -0.018371 0.287359 0.609013 0.274432 0.080883 0.178239 0.589130 0.050713 0.071393 -0.546367 -0.552734 -0.347097 -0.426722 -0.148407 0.104915 0.045125 -0.165922 -0.266842 -0.414664 -0.137540 -0.388724 -0.036902 -0.402167 0.078252 0.014835 -0.196224 -0.084533 0.017551 -0.153969 -0.353563 -0.276597 -0.200581 -0.164976 0.004674 0.025907
0.255717 -0.221084 0.578109 0.425785 -0.136004 0.065955 0.644880 0.347716 0.034305 -0.100208 0.254363 0.240587 0.084894 0.106260 0.037697 -0.000114 0.015206 0.153642 0.234436 0.136140 0.111401 0.156874 1.000000 0.645530 0.126586 0.197525 0.029467 0.118510 0.043672 0.034211 0.323033 0.481851 0.286156 0.300418 -0.070859 -0.145750 -0.210962 -0.171736 -0.215404 -0.340878 -0.162956 -0.100485 -0.175152 -0.174907 -0.274693 -0.224506 -0.286739 -0.131702 -0.121149 -0.271728 0.086843 -0.168994 -0.063163 -0.028507 -0.332863 -0.255145 0.034531 -0.232822 -0.154372 -0.382814 0.028232 -0.323226 -0.028533 -0.080503 0.354147 0.002367 -0.092257 -0.174645 0.090794 -0.118398 0.138273 0.185510 -0.012969 0.149715 -0.009983 0.098804 -0.101601 0.036297 0.102249 0.056802 -0.228260 -0.048863 0.126398 -0.019286 -0.044116 -0.096125 -0.173313 0.204829 -0.055833 -0.298294 -0.132684 -0.114271 -0.001800 -0.025605 -0.286799 -0.146199 -0.391069 -0.291590 -0.362851 -0.221577 -0.040128 -0.050972 -0.190265 -0.177740 -0.179249 -0.331862 -0.271911 -0.108767 -0.072621 -0.169013 -0.137391 -0.316717 -0.224368 -0.266608 -0.324241 -0.204298
0.107765 -0.070701 0.589073 0.723619 -0.006444 0.217726 0.662610 0.550194 0.045366 0.092326 -0.018990 0.038622 -0.157419 0.038795 -0.260797 -0.266529 -0.259128 -0.143690 0.215770 0.263248 -0.136120 -0.095643 0.645530 1.000000 0.129397 0.264254 -0.023620 -0.087304 -0.307459 -0.369083 0.054801 0.313546 0.067691 0.186885 -0.106314 0.119494 -0.446954 -0.410161 -0.381866 -0.261588 -0.335279 -0.331495 -0.080066 -0.073181 -0.268332 0.026879 -0.238020 0.053350 0.002082 -0.102114 0.235080 0.019961 0.248016 0.184019 -0.417691 -0.442634 -0.092059 -0.229103 -0.122916 -0.217623 -0.030157 -0.118601 -0.209301 -0.211426 0.254384 0.125171 -0.146348 0.270967 0.164074 0.044886 0.005724 -0.177916 -0.359188 -0.159590 -0.325453 -0.195454 -0.350738 -0.148110 -0.215495 -0.209293 -0.359783 -0.319190 0.223057 -0.026530 -0.086386 -0.125015 -0.187255 -0.018336 -0.153281 -0.347659 0.318891 0.305187 0.419455 0.315107 -0.229530 -0.355617 -0.495873 -0.206826 -0.292299 -0.182505 0.119968 0.086295 -0.101564 -0.036823 -0.049246 -0.410359 -0.103354 0.101748 -0.252942 -0.030228 0.168701 -0.253188 -0.180823 -0.305328 -0.281065 -0.275375
-0.298155 -0.364258 0.105731 -0.000458 0.540735 0.612585 0.138796 0.068206 0.729832 0.664939 0.269427 -0.242702 0.311512 -0.077016 0.496220 0.458683 0.208564 -0.188254 -0.302810 -0.361115 0.486921 0.587333 0.126586 0.129397 1.000000 0.730371 0.445284 0.496567 0.390086 0.320606 0.532381 0.365590 -0.359039 -0.385348 -0.120833 -0.188552 0.227754 0.264307 0.218718 0.065275 0.355799 0.453510 -0.300947 -0.327218 -0.181212 -0.217863 -0.184471 -0.250431 -0.090011 -0.152849 -0.038059 -0.231657 -0.132232 -0.048857 0.010212 -0.074737 -0.396566 -0.360738 -0.251567 -0.134007 -0.246020 -0.317878 -0.240094 -0.413725 0.017243 -0.124922 -0.304138 -0.201801 -0.289355 -0.262275 0.499531 0.407436 0.383905 0.386338 0.355874 0.412566 0.050680 0.001797 0.117103 -0.171524 0.033483 -0.168648 0.343797 0.505301 0.153795 -0.002074 0.294693 0.338519 -0.014268 0.093012 -0.179708 -0.129735 -0.150260 -0.148614 -0.046245 -0.009418 -0.074684 -0.115641 -0.203312 -0.253982 -0.115563 -0.361806 0.002995 -0.239077 0.000386 -0.054869 -0.164522 -0.023565 0.041537 0.006301 -0.142179 -0.127466 -0.142688 -0.137915 -0.032898 -0.035746
-0.411166 -0.382292 -0.031058 0.009634 0.243835 0.468810 0.013799 -0.044581 0.487558 0.537412 0.212679 -0.151628 0.239169 -0.055358 0.402195 0.438990 0.172815 -0.221112 -0.336851 -0.469968 0.516595 0.583781 0.197525 0.264254 0.730371 1.000000 0.358815 0.587131 0.352726 0.294660 0.560662 0.429821 -0.233364 -0.281801 0.022429 -0.027337 0.241957 0.375584 0.296600 0.230345 0.405611 0.509527 -0.286764 -0.296686 -0.237098 -0.212913 -0.154508 -0.186630 -0.181732 -0.267556 -0.018515 -0.284125 -0.153430 -0.004420 0.061056 0.005479 -0.384957 -0.372540 -0.437583 -0.289009 -0.239870 -0.364591 -0.295018 -0.409013 0.195799 0.127463 -0.297987 -0.157924 -0.253918 -0.285812 0.462590 0.391460 0.352891 0.405744 0.363318 0.431879 0.087063 0.118745 0.173803 -0.084244 -0.050142 -0.149276 0.166394 0.480147 0.214421 0.081543 0.283044 0.523240 0.005481 0.094831 -0.295939 -0.216770 -0.100622 -0.227774 -0.032589 0.047034 -0.008487 -0.144493 -0.242250 -0.258992 -0.113644 -0.381820 -0.112815 -0.255984 0.061664 -0.025199 -0.150037 -0.178616 -0.003660 -0.062347 0.063760 -0.153931 -0.229245 -0.186911 -0.030975 -0.036734
-0.103160 -0.059468 0.080171 0.073409 0.626288 0.729411 0.000440 0.146292 0.434678 0.477265 -0.024427 -0.233662 0.057479 -0.182932 0.527282 0.351015 -0.138496 -0.237592 0.039515 -0.050392 0.585695 0.358913 0.029467 -0.023620 0.445284 0.358815 1.000000 0.735738 0.155903 -0.010441 0.104124 -0.068955 -0.275738 -0.394606 -0.226013 -0.241582 0.251569 -0.033185 0.503464 0.449851 0.452325 0.218921 -0.428855 -0.419480 -0.136200 -0.100835 -0.429646 -0.493160 -0.071867 -0.026869 -0.234210 -0.203802 -0.272014 -0.327889 0.186759 0.024199 -0.072479 -0.078071 0.128283 0.232928 -0.196413 -0.054877 -0.376500 -0.315428 -0.085059 -0.041031 -0.037766 -0.104281 0.003857 0.049815 0.102792 0.034491 0.066271 0.002796 0.022504 -0.069861 -0.313738 -0.401816 -0.097310 -0.265154 -0.119008 -0.405540 0.449605 0.446266 0.045694 -0.356337 0.225598 0.468787 0.484496 0.312805 0.040600 -0.047517 0.033883 0.114233 0.124222 0.309118 -0.036899 -0.161806 0.038582 0.003286 0.032359 -0.058623 0.251755 0.017163 0.136456 0.201168 0.149152 0.045832 0.172841 -0.154601 -0.300532 -0.351385 0.077458 -0.014033 0.056191 0.103269
-0.262320 -0.177245 -0.090712 -0.046244 0.460546 0.610360 -0.154976 -0.042115 0.599031 0.527863 0.085888 -0.150698 0.138030 -0.104381 0.762297 0.595105 -0.036002 -0.278401 -0.037561 -0.260077 0.687682 0.529297 0.118510 -0.087304 0.496567 0.587131 0.735738 1.000000 0.301612 0.212934 0.367483 0.110584 -0.282636 -0.433381 -0.065548 -0.139752 0.333257 0.175393 0.603803 0.471107 0.525883 0.506521 -0.456823 -0.444976 -0.232946 -0.245218 -0.337638 -0.502763 -0.317231 -0.265372 -0.294128 -0.362631 -0.385959 -0.284541 0.274334 0.147450 -0.176779 -0.155056 -0.188268 -0.014415 -0.316346 -0.217925 -0.411729 -0.353915 0.091498 0.102592 -0.040861 -0.227166 0.027720 -0.044315 0.304206 0.318481 0.241830 0.204620 0.193230 0.150548 -0.054237 -0.136387 0.009788 -0.140665 -0.210774 -0.262721 0.174647 0.404295 0.103617 -0.144786 0.431753 0.692935 0.462601 0.337222 -0.258217 -0.270753 -0.064560 -0.072551 0.132251 0.331967 0.072943 -0.078873 -0.154906 -0.086059 -0.017186 -0.195030 0.037464 -0.088185 0.074129 0.240471 0.039787 -0.030011 0.251154 -0.179843 -0.246816 -0.290708 -0.062929 -0.015646 0.060327 0.217119
-0.193274 -0.512530 -0.166356 -0.349249 0.081668 0.077885 -0.099225 -0.179885 0.243076 0.226465 0.642690 0.160573 0.714296 0.126008 0.600612 0.662191 0.749786 0.209841 -0.389353 -0.403919 0.665180 0.668225 0.043672 -0.307459 0.390086 0.352726 0.155903 0.301612 1.000000 0.829045 0.697692 0.478114 -0.060193 -0.232822 -0.072842 -0.548550 0.712836 0.658517 0.437876 0.128124 0.723974 0.679400 -0.256095 -0.395099 -0.233656 -0.576757 -0.064487 -0.309898 -0.255456 -0.398705 -0.371333 -0.490800 -0.423110 -0.257723 0.287345 0.233499 -0.226471 -0.452618 -0.302988 -0.279341 -0.062517 -0.329543 0.104783 -0.206540 0.041429 -0.295205 -0.256688 -0.675352 -0.415464 -0.444657 0.698308 0.700894 0.945324 0.780255 0.889603 0.779342 0.525860 0.338228 0.584840 0.186991 0.507274 0.120432 0.234257 0.648124 0.447666 0.049028 0.176131 0.425354 0.057473 0.103321 -0.647653 -0.579014 -0.590189 -0.625049 -0.125060 0.190660 0.182126 -0.205478 -0.001241 -0.251154 -0.156231 -0.437144 0.068325 -0.304194 0.220020 0.164871 -0.162497 -0.275440 0.098761 -0.213489 -0.340324 -0.107813 -0.243066 0.040757 0.214735 0.015204
-0.183782 -0.438646 -0.287494 -0.404438 -0.073026 -0.036611 -0.202831 -0.160715 0.175955 0.203837 0.555498 0.363569 0.581047 0.289923 0.412818 0.703340 0.676895 0.404626 -0.516493 -0.571749 0.504759 0.622042 0.034211 -0.369083 0.320606 0.294660 -0.010441 0.212934 0.829045 1.000000 0.700624 0.495447 0.050807 -0.071944 0.084627 -0.395890 0.547343 0.715773 0.269880 0.104350 0.515015 0.706536 -0.165605 -0.260265 -0.139881 -0.530280 0.024927 -0.256161 -0.312181 -0.408700 -0.339173 -0.412740 -0.491863 -0.180585 0.178349 0.343760 -0.207866 -0.317930 -0.408456 -0.309678 -0.090580 -0.212921 0.199641 0.015104 0.103395 -0.142356 -0.320071 -0.659305 -0.586145 -0.522703 0.613193 0.804536 0.874530 0.856972 0.857598 0.830662 0.587214 0.497035 0.600684 0.436086 0.394687 0.419731 -0.051521 0.519415 0.205909 0.362547 0.160338 0.310225 -0.129642 0.158473 -0.783279 -0.714482 -0.658251 -0.748429 -0.143477 0.138108 0.146287 -0.166061 -0.145724 -0.285627 -0.250545 -0.513232 -0.050029 -0.443309 0.117413 0.073486 -0.333355 -0.352582 0.118071 -0.194705 -0.389799 0.003430 -0.277494 -0.006245 0.156768 -0.036163
-0.172813 -0.458700 -0.014861 -0.120630 0.017938 0.227840 0.110270 0.083345 0.335512 0.371761 0.614797 0.293886 0.522193 0.274582 0.484297 0.652430 0.504922 0.144980 -0.292432 -0.382362 0.595436 0.635807 0.323033 0.054801 0.532381 0.560662 0.104124 0.367483 0.697692 0.700624 1.000000 0.837443 -0.117899 -0.184299 -0.147815 -0.417097 0.308928 0.388494 0.164054 -0.050835 0.426004 0.528452 -0.263810 -0.325884 -0.393619 -0.555824 -0.142900 -0.231022 -0.400939 -0.560422 -0.240619 -0.505030 -0.324033 -0.074518 0.022421 0.020747 -0.281826 -0.466552 -0.484182 -0.499153 -0.251138 -0.444581 -0.117521 -0.409072 0.137141 -0.199941 -0.402999 -0.555058 -0.343641 -0.483593 0.733600 0.826124 0.682750 0.777680 0.675920 0.767900 0.350993 0.370278 0.382724 0.141965 0.134272 0.059834 0.159905 0.516618 0.248876 0.126731 0.170746 0.429208 -0.102192 -0.052157 -0.527886 -0.523934 -0.403091 -0.496867 -0.260229 -0.040157 -0.105360 -0.243824 -0.274809 -0.364088 -0.168887 -0.470181 -0.153135 -0.343638 0.063800 -0.096387 -0.253485 -0.207151 -0.046266 -0.237393 -0.260580 -0.165223 -0.328081 -0.120884 -0.074494 -0.080343
-0.009859 -0.507250 0.108825 0.096909 -0.227231 0.101881 0.233548 0.155496 0.130207 0.178063 0.646518 0.408147 0.378602 0.260510 0.202791 0.316083 0.440028 0.315768 -0.275808 -0.313891 0.327840 0.467245 0.481851 0.313546 0.365590 0.429821 -0.068955 0.110584 0.478114 0.495447 0.837443 1.000000 0.128942 0.143661 -0.037636 -0.321683 0.133218 0.206074 -0.065629 -0.346390 0.196673 0.245490 -0.069421 -0.139163 -0.275070 -0.433532 -0.099037 -0.028017 -0.242611 -0.507764 0.027878 -0.367398 -0.115480 0.068484 -0.132233 -0.108912 -0.216832 -0.524106 -0.528187 -0.617364 -0.120862 -0.491585 0.089356 -0.274343 0.267157 -0.155564 -0.430594 -0.481273 -0.375279 -0.602375 0.522990 0.663086 0.467228 0.668152 0.509071 0.635958 0.240406 0.405535 0.440403 0.258904 0.138030 0.161446 0.180292 0.376220 0.244612 0.219253 -0.066083 0.217192 -0.239457 -0.303646 -0.432965 -0.444807 -0.265615 -0.447397 -0.454271 -0.256148 -0.256645 -0.363118 -0.315120 -0.456490 -0.103804 -0.386571 -0.253939 -0.421282 -0.004825 -0.317952 -0.379902 -0.225338 -0.249731 -0.256559 -0.169787 -0.221649 -0.337532 -0.229785 -0.229990 -0.163950
0.490901 0.007414 0.075592 0.085744 -0.526504 -0.289450 0.069159 -0.022529 -0.429973 -0.426619 0.182762 0.520443 -0.098431 0.010767 -0.356051 -0.374563 0.178707 0.540460 0.016338 0.016555 -0.268281 -0.143516 0.286156 0.067691 -0.359039 -0.233364 -0.275738 -0.282636 -0.060193 0.050807 -0.117899 0.128942 1.000000 0.866137 0.392278 0.073940 -0.167118 -0.081291 -0.353366 -0.373729 -0.216501 -0.251295 0.091675 0.186221 0.253452 0.032380 0.030264 0.036542 0.116625 0.027832 0.108317 0.106260 -0.197511 -0.038857 -0.289879 -0.032742 0.311659 0.021611 -0.073267 -0.222018 0.397746 0.038471 0.509462 0.623376 0.422661 0.294941 0.069498 -0.093317 -0.118557 -0.254371 -0.409194 -0.041051 -0.017438 0.063493 0.029157 -0.027211 0.126649 0.265252 0.357278 0.509166 0.070926 0.449095 -0.266396 -0.349457 -0.219265 0.134572 -0.275367 -0.288580 -0.333325 -0.432962 -0.375577 -0.323275 -0.265213 -0.359105 -0.291524 -0.170742 -0.130666 -0.220435 -0.308923 -0.269920 -0.307731 -0.181294 -0.378824 -0.329571 -0.177518 -0.233624 -0.433408 -0.346647 -0.153759 -0.043479 -0.109112 -0.160897 -0.191915 -0.152327 -0.208101 -0.263836
0.500645 0.063918 0.174381 0.178451 -0.489118 -0.346853 0.222280 0.125302 -0.426709 -0.410266 0.053773 0.469653 -0.168847 0.043604 -0.502702 -0.491712 0.040964 0.502564 0.059147 0.007462 -0.390979 -0.250917 0.300418 0.186885 -0.385348 -0.281801 -0.394606 -0.433381 -0.232822 -0.071944 -0.184299 0.143661 0.866137 1.000000 0.343596 0.193904 -0.272111 -0.189138 -0.447560 -0.465674 -0.340924 -0.338589 0.179404 0.225640 0.331974 0.162861 0.022710 0.134294 0.172213 0.050909 0.196367 0.101771 -0.058148 -0.064158 -0.368184 -0.185103 0.313271 0.064338 -0.051155 -0.206860 0.527846 0.095086 0.579954 0.622660 0.420451 0.271328 0.058066 0.036004 -0.158978 -0.276750 -0.435717 -0.145365 -0.176751 -0.013205 -0.120608 -0.121862 0.053091 0.234211 0.228810 0.416213 0.032242 0.400336 -0.237530 -0.403325 -0.256237 0.122721 -0.348453 -0.421103 -0.351232 -0.527113 -0.212432 -0.224112 -0.129459 -0.223164 -0.367195 -0.254559 -0.235808 -0.286149 -0.296872 -0.305857 -0.266992 -0.096018 -0.315391 -0.315524 -0.234099 -0.370915 -0.401460 -0.316229 -0.256871 -0.056614 -0.105176 -0.148926 -0.157422 -0.204359 -0.277878 -0.225768
0.137108 -0.137845 -0.375099 -0.186813 -0.348013 -0.255111 -0.347892 -0.402451 -0.208514 -0.166957 -0.064600 0.158014 -0.313820 -0.122772 -0.191029 -0.215265 0.086774 0.191776 -0.141215 -0.245246 -0.129900 -0.100851 -0.070859 -0.106314 -0.120833 0.022429 -0.226013 -0.065548 -0.072842 0.084627 -0.147815 -0.037636 0.392278 0.343596 1.000000 0.422082 0.167829 0.257656 -0.065953 -0.150255 -0.084490 0.121992 -0.054970 0.067041 0.156336 -0.026989 0.124261 -0.073879 -0.192771 -0.177339 0.094993 -0.005834 -0.079795 0.181667 0.081223 0.206827 0.189554 0.090894 -0.302412 -0.259522 0.198279 -0.000871 0.344735 0.341980 0.561113 0.451274 0.141206 0.001908 -0.170127 -0.175909 -0.289031 0.048580 -0.017459 0.034245 0.048749 0.014863 0.306875 0.439940 0.365703 0.511816 0.051286 0.500431 -0.421875 -0.165445 0.036716 0.490694 -0.096602 -0.202481 -0.061771 0.061737 -0.410551 -0.262248 -0.122717 -0.281811 0.113260 0.041052 0.207562 0.022936 -0.209775 -0.129852 -0.152952 -0.176631 -0.235155 -0.313255 -0.122774 0.037974 -0.318328 -0.308634 0.074509 0.291774 0.047872 0.158964 -0.020882 -0.033877 0.006822 0.045122
0.123007 0.255507 -0.107010 0.085663 -0.065854 -0.139776 -0.166114 -0.071549 -0.132058 -0.050097 -0.471663 -0.093228 -0.489130 -0.065035 -0.341891 -0.408556 -0.393845 -0.274204 0.142675 0.059282 -0.462035 -0.339523 -0.145750 0.119494 -0.188552 -0.027337 -0.241582 -0.139752 -0.548550 -0.395890 -0.417097 -0.321683 0.073940 0.193904 0.422082 1.000000 -0.332730 -0.172787 -0.222386 0.029872 -0.409354 -0.228855 0.018971 0.162560 0.188732 0.384740 0.082334 0.108945 0.055306 0.103107 0.130116 0.211304 0.173934 0.215674 -0.191129 -0.064426 0.212159 0.247939 0.065507 0.067798 0.193244 0.272774 -0.063427 0.157391 0.108323 0.529240 0.204447 0.508948 0.174248 0.195094 -0.442186 -0.405959 -0.527006 -0.439982 -0.467710 -0.354682 -0.026455 0.046444 -0.242131 -0.036784 -0.298561 0.100616 -0.351676 -0.391603 -0.260301 0.136561 -0.108255 -0.297635 -0.095900 0.019313 0.180466 0.256070 0.269203 0.247776 0.267798 -0.044491 0.005876 0.286042 -0.156516 0.060578 -0.108194 0.152663 -0.219592 -0.030814 -0.245876 -0.085117 -0.071633 0.002848 -0.099147 0.229981 0.311435 0.154866 0.059791 -0.129762 -0.030063 0.054301
