1.000000 0.241601 -0.383548 -0.260259 -0.046274 -0.207696 -0.294838 -0.043554 -0.410224 -0.123827 0.248870 -0.104029 0.042771 0.093188 -0.250965 -0.012064 0.303150 0.383337 0.033750 0.035708 -0.243958 -0.063023 -0.111366 -0.073425 -0.240784 -0.172672 0.032657 -0.164091 0.305194 0.216096 -0.089002 -0.148732 0.138856 0.156297 -0.096578 0.111372 -0.243428 -0.143678 -0.178770 0.025210 0.044888 -0.048741 0.011002 -0.101286 0.087625 -0.015280 -0.009128 -0.065236 0.095038 -0.071747 -0.187299 -0.010553 -0.039077 -0.155876 -0.190076 -0.205730 0.610165 0.218134 0.180194 0.220040 -0.073095 0.112004 0.161552 0.254825 -0.190729 -0.195199 -0.045648 -0.036057 0.019083 -0.142180 -0.044699 -0.246427 0.193064 -0.070322 0.137715 -0.016411 0.078699 -0.085384 0.193646 0.103034 -0.043484 0.162501 0.076902 -0.037775 0.054306 -0.251706 0.238244 -0.081885 -0.233361 -0.319930 0.202509 -0.087578 -0.089335 -0.058403 -0.162309 0.115962 -0.088489 -0.225138 0.136974 0.116227 0.179136 -0.005424 0.107127 -0.092911 -0.057878 -0.129922 0.011622 0.056919 -0.164560 -0.214613 -0.151657 0.008344 -0.122467 0.071808 -0.214801 -0.136739
0.241601 1.000000 -0.439383 -0.323860 -0.290445 -0.436637 -0.427867 -0.372949 -0.307061 -0.471566 -0.140260 -0.037657 -0.004234 -0.171908 0.014010 -0.291218 -0.041672 0.147370 0.088553 0.381373 -0.030888 -0.127554 -0.337379 -0.253908 -0.228688 -0.244673 -0.095601 0.060151 0.215966 0.214722 -0.012494 -0.259764 0.325000 0.257941 -0.129369 0.207042 0.084326 0.213794 0.094369 0.061831 0.061406 0.150332 0.066447 -0.036246 0.219828 0.148232 0.230990 0.075743 -0.102879 0.010014 -0.323602 -0.178341 -0.232385 -0.124063 -0.045771 0.120323 0.191544 0.672164 -0.209909 0.097889 -0.291974 -0.180089 -0.211148 -0.121606 -0.409210 -0.379721 -0.047737 -0.072107 0.565707 0.395566 0.034332 -0.150761 0.371241 0.232060 0.374800 0.115125 0.361953 0.267161 0.268984 0.295661 0.094089 0.250800 0.017809 0.086872 -0.117169 -0.164243 0.054723 -0.058133 -0.345406 -0.209299 -0.086117 -0.087688 -0.272517 -0.113464 -0.288974 -0.023078 0.243203 0.158286 0.349790 0.141665 -0.081228 -0.110196 -0.087421 -0.171906 -0.049257 -0.130611 -0.202393 -0.203471 -0.094026 -0.294597 0.190010 0.174682 0.344799 0.276818 -0.134817 -0.183917
-0.383548 -0.439383 1.000000 0.262335 0.477345 0.498569 0.638248 0.689259 0.656210 0.564619 -0.013324 0.143021 0.360325 0.436484 0.162631 0.161393 -0.359775 -0.123710 0.119162 -0.464387 0.126395 0.073568 0.201290 -0.208815 0.133410 0.057421 0.118677 0.016302 -0.183261 -0.044174 0.217505 0.129504 -0.397629 -0.147498 0.322633 0.139727 -0.136149 -0.102442 0.096028 -0.119424 -0.284152 -0.226613 -0.105093 0.017211 -0.142647 -0.061540 -0.079890 0.016027 0.372733 0.108189 0.292443 0.342024 0.316149 0.099610 0.153152 -0.124378 -0.370397 -0.337606 0.467483 0.169276 0.550959 0.306022 0.060999 0.253758 0.241482 0.401891 0.311677 0.004344 -0.607867 -0.522968 -0.059976 0.158707 -0.237593 -0.218901 -0.411905 -0.200220 -0.248920 -0.169533 -0.597431 -0.482618 -0.450597 -0.532735 -0.313050 -0.245555 -0.363304 -0.193590 -0.483695 -0.387612 -0.106986 0.004626 -0.064964 0.023917 0.174034 0.271212 0.110530 -0.181853 -0.211208 -0.262407 -0.461895 -0.419484 -0.125905 -0.062230 -0.109123 0.120192 -0.119161 -0.089099 0.216034 0.032987 0.007211 0.096990 -0.061796 -0.315742 0.054704 -0.317205 0.067313 0.136891
-0.260259 -0.323860 0.262335 1.000000 0.047613 0.396405 0.308862 0.131722 0.257028 0.450824 0.272292 0.364413 -0.093571 0.001455 0.117707 0.102485 -0.020826 -0.017390 0.093897 0.129006 0.129904 0.189652 0.574393 0.466843 0.258774 0.421876 0.062932 0.314507 0.097007 -0.059695 0.227301 0.429852 -0.334324 0.022634 0.035938 -0.253620 -0.007374 -0.184559 -0.136311 -0.096263 0.046040 -0.088706 -0.265949 -0.173697 -0.467645 -0.325337 -0.373859 -0.279319 -0.353259 -0.404006 -0.071031 -0.258203 -0.012823 0.225279 -0.104375 -0.207149 -0.152547 -0.250342 -0.135607 -0.404385 0.188263 0.148173 0.163364 0.126724 0.572581 0.423873 -0.319198 -0.090706 -0.251229 -0.140610 -0.074726 -0.123489 -0.164537 -0.106466 -0.236944 -0.230618 -0.368444 -0.182890 -0.172035 -0.271526 0.080547 0.042249 0.255572 0.283882 0.155595 0.265542 -0.041044 0.234342 0.285566 0.209633 -0.032385 0.192514 0.411839 0.199331 0.087385 0.129080 -0.492078 -0.064312 -0.271930 -0.077384 0.081900 -0.101068 -0.174201 -0.175887 -0.170266 -0.086644 -0.030690 0.158991 0.021909 0.046613 -0.321850 -0.119415 -0.077390 -0.244471 0.155779 0.113579
-0.046274 -0.290445 0.477345 0.047613 1.000000 0.504686 0.565297 0.436621 0.715936 0.624756 0.304638 -0.011493 0.417455 0.520000 0.476855 0.518942 -0.150595 0.075751 0.130880 -0.310847 0.013893 0.027534 0.145658 -0.345030 -0.048710 -0.266503 0.398303 -0.161637 0.096737 -0.055451 0.003879 -0.247640 -0.173278 -0.072181 -0.125220 0.014807 -0.069021 -0.023672 -0.179852 -0.106634 -0.037612 -0.215520 -0.056274 -0.043579 -0.337105 -0.338304 -0.024914 -0.158272 0.257750 -0.196609 0.065514 0.121252 0.308965 0.224187 0.161421 -0.027396 -0.219627 -0.078561 0.464819 0.180944 0.545321 0.311406 0.296172 0.399632 0.186272 0.302920 0.030008 -0.298564 -0.358277 -0.227782 0.021628 -0.248772 -0.072440 -0.217656 -0.296161 -0.063429 -0.122416 -0.248322 -0.090360 -0.069545 -0.047849 -0.079160 0.134132 -0.023440 -0.145045 -0.212721 -0.193054 -0.118135 0.082534 0.026765 0.065137 -0.040019 -0.030211 0.039620 -0.096928 -0.082469 -0.249986 -0.319320 -0.263181 -0.316703 0.102002 0.090588 0.210099 -0.019219 -0.090957 -0.198248 -0.142995 -0.117105 0.049213 0.036156 -0.205798 -0.289010 -0.031803 -0.167599 -0.225462 0.037031
-0.207696 -0.436637 0.498569 0.396405 0.504686 1.000000 0.355825 0.432017 0.434700 0.659827 0.110910 0.136637 0.052392 0.327530 0.162845 0.501038 -0.258646 -0.042228 -0.182857 -0.297661 0.002195 0.151266 0.276116 -0.013523 0.034327 0.156042 0.486119 0.275352 -0.163115 -0.106216 -0.065710 0.120474 -0.154385 0.178058 0.206781 0.091350 -0.258113 -0.177499 -0.233046 -0.030068 -0.165906 -0.311336 -0.168464 0.003314 -0.355755 -0.234374 -0.262641 -0.025778 -0.030187 -0.150421 0.105817 0.033798 0.153745 0.307584 -0.003963 -0.178405 -0.043820 -0.175900 0.342121 -0.050187 0.361317 0.327371 0.143109 0.356932 0.329358 0.468009 0.070805 -0.080639 -0.341060 -0.134857 -0.039389 -0.116159 -0.372213 -0.215407 -0.436758 -0.224996 -0.196258 -0.258727 -0.258542 -0.216891 -0.212808 -0.250484 -0.039258 -0.027362 -0.134386 -0.058834 -0.224711 -0.092615 0.209617 0.198039 -0.071048 -0.060833 0.325076 0.213756 0.254594 -0.019422 -0.353383 -0.146368 -0.389087 -0.232365 0.039095 0.063663 0.076562 0.050586 0.013722 -0.011019 0.084907 0.105836 0.062227 0.038395 -0.115208 -0.266297 -0.004042 -0.218937 0.089542 0.243238
-0.294838 -0.427867 0.638248 0.308862 0.565297 0.355825 1.000000 0.538084 0.745422 0.622496 0.333929 0.159490 0.374896 0.400906 0.619458 0.521205 -0.062801 0.111344 0.297677 -0.254468 0.061702 -0.111244 0.279442 -0.172482 0.106925 -0.149068 0.040061 -0.229423 0.048493 0.037446 0.152043 -0.024541 -0.425716 -0.147980 -0.078431 0.110398 -0.068012 -0.129055 -0.039675 -0.358066 -0.058591 -0.074984 -0.120947 -0.106014 -0.293123 -0.314771 -0.197868 -0.306328 0.112029 -0.133319 0.184379 0.051340 0.138137 0.161793 0.009478 -0.232148 -0.244597 -0.290422 0.261494 0.040738 0.605123 0.231516 0.423572 0.439548 0.499905 0.343488 -0.056532 -0.342975 -0.390431 -0.358563 0.105625 -0.201270 -0.049581 0.076318 -0.173056 -0.052970 -0.257822 -0.214421 -0.205868 -0.226593 -0.102573 -0.040734 0.148439 0.161914 -0.174883 0.039347 -0.329666 -0.080405 0.147754 0.114749 -0.174449 0.023125 0.118741 0.223899 -0.022672 -0.121393 -0.500582 -0.358086 -0.438100 -0.307493 -0.035734 0.006188 0.073389 -0.148904 -0.256995 -0.283638 0.005026 -0.071092 -0.152374 -0.095652 -0.396683 -0.169264 -0.010495 -0.215137 -0.030890 0.001659
-0.043554 -0.372949 0.689259 0.131722 0.436621 0.432017 0.538084 1.000000 0.504450 0.684384 0.087958 0.291314 0.304202 0.679117 0.124328 0.402075 -0.220602 0.245075 -0.026106 -0.588104 0.051314 0.024249 -0.054249 -0.283328 0.199757 -0.012254 0.178947 -0.083095 -0.046075 0.259720 0.207496 0.174626 -0.168539 0.022035 0.160443 0.234624 -0.282438 -0.193632 -0.073296 -0.046070 -0.165063 -0.084373 -0.170921 -0.157676 -0.098573 -0.068140 -0.147665 -0.202945 0.369373 0.063505 0.168122 0.328010 0.212726 -0.042585 0.110308 -0.228365 -0.136309 -0.350796 0.605294 0.374416 0.628082 0.610976 0.373166 0.561806 0.271818 0.439864 0.338229 -0.065149 -0.591229 -0.609191 -0.027999 -0.049417 -0.066102 0.041643 -0.182899 0.025994 -0.115703 -0.207750 -0.474649 -0.404512 -0.548320 -0.461685 -0.329399 -0.053632 -0.378106 -0.214086 -0.445720 -0.447447 -0.066381 0.037449 -0.079068 -0.214111 0.168058 0.137279 0.065193 -0.069274 -0.428989 -0.425515 -0.495807 -0.409987 0.058468 -0.137607 0.139718 -0.124832 -0.160891 -0.255744 0.124587 0.028074 -0.106551 -0.025586 -0.330730 -0.374436 0.128150 -0.395148 -0.017756 -0.109018
-0.410224 -0.307061 0.656210 0.257028 0.715936 0.434700 0.745422 0.504450 1.000000 0.721986 0.144296 0.096175 0.355146 0.476202 0.544911 0.380950 -0.262875 -0.025072 0.145457 -0.290659 0.191179 0.208283 0.206424 -0.265095 0.182993 -0.001370 0.150718 -0.021627 0.017970 0.036026 0.229488 0.016690 -0.159950 -0.004612 0.037256 0.099642 -0.044822 -0.103810 -0.007968 -0.113901 0.051929 -0.134337 -0.099200 -0.097543 -0.346276 -0.329168 -0.106859 -0.172613 0.185733 -0.129661 -0.001493 0.058533 0.146014 0.086434 0.046860 -0.201081 -0.309215 -0.186312 0.395572 0.080406 0.658509 0.369791 0.195646 0.361688 0.377573 0.471752 0.148976 -0.208242 -0.345519 -0.245882 -0.051820 -0.169561 -0.008814 -0.083033 -0.292159 -0.160541 -0.219462 -0.265236 -0.143402 -0.161917 -0.120564 -0.126446 -0.013553 0.030215 -0.305456 -0.146590 -0.384799 -0.160518 0.006696 -0.026009 -0.153896 -0.170327 -0.030754 -0.030945 0.060723 0.073574 -0.316018 -0.229189 -0.443999 -0.463951 0.051989 0.045847 0.022164 -0.117215 -0.215350 -0.224937 0.022504 -0.002452 0.152449 0.173921 -0.167723 -0.329694 -0.036675 -0.252997 -0.126432 0.034232
-0.123827 -0.471566 0.564619 0.450824 0.624756 0.659827 0.622496 0.684384 0.721986 1.000000 0.269343 0.172427 0.170604 0.552337 0.322117 0.496082 -0.263280 0.080311 0.070014 -0.372220 0.121406 0.099344 0.255670 -0.176473 0.223497 0.095063 0.287125 0.091826 0.020067 0.026352 0.173841 0.122059 -0.204691 0.155498 0.089428 0.145166 -0.183391 -0.338672 -0.274591 -0.148538 0.035247 -0.238467 -0.148420 -0.090138 -0.397452 -0.307098 -0.243075 -0.238361 0.085514 -0.239530 0.035860 0.067199 0.153494 0.102901 -0.084890 -0.363213 -0.185669 -0.338902 0.402254 -0.022009 0.605879 0.487887 0.339203 0.467269 0.541568 0.649325 0.096917 -0.181073 -0.443497 -0.382574 -0.065793 -0.271277 -0.157001 -0.035567 -0.280755 -0.044783 -0.166660 -0.204748 -0.257458 -0.219601 -0.231447 -0.192432 -0.008497 0.014578 -0.128739 -0.137180 -0.203206 -0.177331 0.076327 -0.011209 0.002724 -0.113749 0.239481 0.126413 0.138944 0.105452 -0.564279 -0.358264 -0.474610 -0.346547 0.148293 0.046369 0.140144 -0.167808 -0.166854 -0.212158 0.045198 0.061133 0.114719 0.008485 -0.309684 -0.305351 -0.011176 -0.244321 0.041193 -0.006776
0.248870 -0.140260 -0.013324 0.272292 0.304638 0.110910 0.333929 0.087958 0.144296 0.269343 1.000000 0.310846 0.504705 0.409928 0.487472 0.357958 0.305304 0.380285 -0.027846 -0.157301 -0.080209 -0.215214 0.304530 -0.140865 -0.149225 -0.386347 0.038397 -0.238337 0.464759 0.137531 -0.142983 -0.233149 -0.283401 0.028694 -0.184768 0.003046 0.067810 0.020874 -0.100500 -0.176666 0.068222 -0.072834 -0.299832 -0.322064 -0.570084 -0.551917 -0.333532 -0.434230 -0.069530 -0.484802 0.014124 -0.051766 0.049628 0.339002 0.058259 -0.171913 0.038703 -0.033201 0.086180 -0.098348 0.474370 0.292753 0.485702 0.402897 0.379617 0.320980 -0.378092 -0.400377 -0.326956 -0.211899 -0.060930 -0.425074 0.076996 -0.021123 -0.056260 0.003062 -0.080048 -0.195169 0.071471 0.082327 0.259488 0.374654 0.480487 0.271096 0.343363 0.204115 0.274920 0.316851 0.311766 0.160927 0.065177 -0.007529 0.203827 0.035525 -0.146999 -0.031293 -0.534268 -0.415634 -0.176033 -0.088004 0.096214 0.070987 0.100826 -0.175189 -0.055963 -0.195038 -0.154387 -0.114062 -0.195042 -0.215188 -0.481721 -0.143786 -0.144813 -0.271099 -0.105974 -0.107547
-0.104029 -0.037657 0.143021 0.364413 -0.011493 0.136637 0.159490 0.291314 0.096175 0.172427 0.310846 1.000000 0.098823 0.358956 0.102839 0.229735 0.002463 0.375713 -0.175904 -0.212367 0.169280 0.033359 0.327254 0.189123 0.227499 0.121169 -0.021530 0.156680 0.248003 0.358332 -0.104281 0.145018 -0.234802 -0.114099 0.107406 0.184877 -0.115356 -0.188627 -0.030188 -0.022003 -0.150472 0.140781 -0.434511 -0.515207 -0.427874 -0.415350 -0.354375 -0.527537 -0.126771 -0.406576 0.117641 0.050157 0.012574 0.182282 0.082261 -0.056032 -0.082880 -0.033209 0.141555 0.001374 0.455985 0.520335 0.384063 0.397740 0.508549 0.310062 -0.252616 -0.166606 -0.402356 -0.386065 -0.014133 -0.168475 -0.071327 0.117822 0.089986 0.131673 -0.165030 -0.114672 -0.058554 -0.145511 -0.022290 0.112503 0.094357 0.555561 0.210158 0.512268 -0.049384 0.390075 0.290442 0.313003 -0.058161 -0.085112 0.176802 -0.144527 -0.110294 -0.124929 -0.440119 -0.345249 -0.355028 -0.314400 0.017192 -0.134667 -0.127571 -0.338212 -0.188293 -0.304569 -0.205480 -0.072214 -0.346755 -0.078243 -0.460224 -0.387708 -0.222352 -0.486868 0.006948 -0.375272
0.042771 -0.004234 0.360325 -0.093571 0.417455 0.052392 0.374896 0.304202 0.355146 0.170604 0.504705 0.098823 1.000000 0.660780 0.580322 0.307754 0.106067 0.097591 0.107356 -0.331902 0.058539 -0.014907 -0.045329 -0.597741 -0.277683 -0.427708 0.059238 -0.297265 0.327334 0.213000 0.067099 -0.264995 -0.378593 -0.179334 0.001178 0.097818 0.185706 0.396006 0.329699 -0.005231 0.056172 0.048034 -0.152128 -0.169335 -0.262070 -0.236167 -0.001779 -0.167194 0.399887 -0.105313 0.153324 0.234747 0.301469 0.244930 0.445858 0.037953 -0.168380 -0.026599 0.259625 0.028394 0.501059 0.202504 0.123091 0.234596 -0.102211 0.205029 -0.047022 -0.316949 -0.347609 -0.351357 -0.016877 -0.079173 0.189569 -0.057622 -0.109925 0.027562 0.087482 -0.094885 -0.233570 -0.012014 -0.047669 -0.043423 0.031682 -0.079615 -0.148768 -0.178693 -0.224921 -0.191328 -0.186452 0.032728 -0.045825 -0.089050 -0.108332 0.081497 -0.120258 -0.143219 -0.170287 -0.303879 -0.270453 -0.146656 -0.076570 -0.117201 -0.117214 0.022952 0.005007 -0.078517 0.009136 -0.086094 -0.100816 -0.147095 -0.234066 -0.210381 0.130424 -0.217368 -0.034347 0.009703
0.093188 -0.171908 0.436484 0.001455 0.520000 0.327530 0.400906 0.679117 0.476202 0.552337 0.409928 0.358956 0.660780 1.000000 0.401096 0.497185 -0.099691 0.289450 -0.127972 -0.545503 0.102254 0.146558 -0.046682 -0.508706 -0.028642 -0.174875 0.315763 0.008244 0.148877 0.258169 0.112611 -0.030659 -0.207225 -0.001484 0.116558 0.235203 -0.178097 -0.062083 -0.018694 0.003124 0.090523 0.047824 -0.329472 -0.271820 -0.330747 -0.219852 -0.207630 -0.302730 0.421233 -0.133021 0.142845 0.301993 0.312624 0.134946 0.267482 -0.183941 -0.069263 -0.174894 0.527030 0.138530 0.753117 0.649715 0.268042 0.486199 0.209817 0.537056 0.097632 -0.198391 -0.565409 -0.555845 -0.020191 -0.256446 -0.005171 0.069009 -0.069359 0.106948 -0.018484 -0.201542 -0.227595 -0.174241 -0.312983 -0.230792 -0.170642 -0.066920 -0.265924 -0.219662 -0.233173 -0.265700 -0.056199 -0.021205 0.117733 -0.120921 0.131521 0.021402 0.053318 -0.052569 -0.431725 -0.385986 -0.341926 -0.248083 0.136789 -0.016007 0.136382 -0.151836 -0.107490 -0.237499 -0.001900 0.078061 -0.060798 -0.019769 -0.364408 -0.418721 -0.038833 -0.396533 -0.000360 -0.099338
-0.250965 0.014010 0.162631 0.117707 0.476855 0.162845 0.619458 0.124328 0.544911 0.322117 0.487472 0.102839 0.580322 0.401096 1.000000 0.643011 0.098556 0.166381 0.131059 -0.103158 0.066320 -0.096603 0.191741 -0.333761 -0.058064 -0.297855 0.276234 -0.042645 0.225598 0.086027 -0.037706 -0.324457 -0.385919 -0.013731 -0.286559 0.069388 0.160938 0.154412 0.111014 -0.145187 0.223020 0.060747 -0.166542 -0.157753 -0.452802 -0.451723 -0.113442 -0.303249 0.029996 -0.323235 -0.006170 -0.110353 0.117727 0.217851 0.249625 -0.005136 -0.183104 0.026437 0.057951 -0.110070 0.410166 0.107599 0.296671 0.312827 0.197457 0.267547 -0.341615 -0.467831 -0.068297 -0.023726 0.006355 -0.503785 0.126158 0.098114 -0.064315 -0.043125 -0.009217 -0.055190 0.079810 0.222113 0.183303 0.306358 0.430226 0.318321 -0.012693 0.045710 0.008477 0.211853 0.230292 0.147220 -0.077684 0.010082 -0.051135 -0.004032 -0.134287 -0.047969 -0.278296 -0.239475 -0.137208 -0.095962 -0.027584 -0.042232 0.061860 -0.225874 -0.214824 -0.189496 -0.216231 -0.183753 -0.145065 -0.201790 -0.279938 -0.093778 0.067129 -0.088302 -0.070326 -0.030987
-0.012064 -0.291218 0.161393 0.102485 0.518942 0.501038 0.521205 0.402075 0.380950 0.496082 0.357958 0.229735 0.307754 0.497185 0.643011 1.000000 0.104410 0.380392 -0.104711 -0.371627 -0.099535 -0.016534 0.194780 -0.129573 -0.022539 -0.152935 0.434836 0.015721 0.102215 0.105658 -0.124227 -0.220343 -0.343094 -0.023723 -0.235246 -0.011771 -0.148294 -0.107586 -0.208110 -0.222170 0.147943 0.031053 -0.141302 -0.135044 -0.362069 -0.361454 -0.171077 -0.322870 0.072601 -0.212755 0.085942 0.019681 0.119145 0.136933 0.126859 -0.085729 -0.013527 -0.117782 0.319354 0.088872 0.438796 0.443492 0.471612 0.575468 0.315507 0.360162 -0.234977 -0.458148 -0.314457 -0.283021 0.038510 -0.455844 -0.071632 0.055680 -0.021238 -0.018908 -0.128741 -0.313350 -0.037565 0.066060 -0.011130 0.127153 0.319805 0.340363 0.031604 0.073417 0.066207 0.173100 0.392913 0.233113 -0.061114 -0.137061 0.042406 -0.053110 -0.009732 -0.061918 -0.408060 -0.404409 -0.228150 -0.219281 0.052335 -0.114103 0.131302 -0.238127 -0.215128 -0.175354 -0.030668 0.055226 -0.160560 -0.120951 -0.466149 -0.240769 -0.068295 -0.252183 -0.075914 -0.141452
0.303150 -0.041672 -0.359775 -0.020826 -0.150595 -0.258646 -0.062801 -0.220602 -0.262875 -0.263280 0.305304 0.002463 0.106067 -0.099691 0.098556 0.104410 1.000000 0.272089 -0.101501 0.058834 0.104742 -0.014783 -0.035219 0.112440 0.147383 0.102450 -0.001989 -0.083886 0.358507 0.243454 0.140795 0.089405 0.012503 -0.005534 -0.167038 0.031282 -0.146256 0.136155 0.003764 0.027048 0.178802 0.278515 0.028372 -0.066882 0.053568 0.022245 -0.152212 -0.242844 -0.329031 -0.109179 -0.279950 -0.428899 -0.401370 -0.313598 -0.306387 -0.204114 0.506724 0.223891 -0.234578 -0.160682 -0.086376 -0.051615 0.287299 0.075954 0.019785 -0.147750 -0.223536 -0.006814 0.017643 0.097293 0.116367 -0.178073 0.185395 0.086239 0.249002 0.155556 -0.053771 -0.130976 0.277674 0.399396 0.387819 0.472913 0.343345 0.451125 0.113771 0.142611 0.121321 0.221450 -0.035359 -0.227252 -0.079630 -0.213960 -0.025478 -0.111024 -0.049599 0.171589 -0.037544 -0.038508 0.059690 0.158369 0.262282 0.129923 -0.049399 -0.159804 0.011319 -0.104320 -0.089245 -0.001240 -0.077337 -0.101533 -0.225007 -0.112372 -0.265014 -0.080490 -0.234959 -0.076447
0.383337 0.147370 -0.123710 -0.017390 0.075751 -0.042228 0.111344 0.245075 -0.025072 0.080311 0.380285 0.375713 0.097591 0.289450 0.166381 0.380392 0.272089 1.000000 -0.182987 -0.280625 -0.001574 -0.163637 0.109096 -0.003941 -0.038133 -0.173840 -0.078147 -0.136679 0.323869 0.521554 -0.097930 -0.082853 0.047125 0.111059 -0.068145 0.108113 -0.169902 -0.058744 0.001442 0.024467 0.018658 0.185439 -0.196850 -0.382355 -0.247405 -0.466759 -0.084548 -0.448176 0.089740 -0.327508 -0.250151 0.062034 -0.037696 -0.051651 0.042366 -0.024101 0.393291 0.129789 0.413776 0.468234 0.301568 0.518359 0.578639 0.691405 0.175312 -0.032335 -0.204905 -0.499286 -0.264709 -0.305106 0.107520 -0.306239 0.346445 0.249762 0.249409 0.106590 0.098163 -0.183044 0.100410 0.086836 -0.138446 0.277754 0.169192 0.447448 -0.177882 -0.046925 -0.061990 0.014803 0.312623 0.255638 -0.051267 -0.316205 -0.101099 -0.212616 0.012289 0.069953 -0.202676 -0.309964 -0.049398 -0.137832 0.282880 -0.120462 0.144327 -0.328798 -0.186338 -0.377196 -0.071909 0.031164 -0.215213 -0.159275 -0.417999 -0.124837 -0.144305 -0.142948 -0.151304 -0.271019
0.033750 0.088553 0.119162 0.093897 0.130880 -0.182857 0.297677 -0.026106 0.145457 0.070014 -0.027846 -0.175904 0.107356 -0.127972 0.131059 -0.104711 -0.101501 -0.182987 1.000000 0.570385 0.143050 -0.147297 0.036141 0.027697 -0.046610 -0.078516 -0.285850 -0.213117 0.060653 0.062720 0.329843 0.095959 -0.214790 -0.030936 -0.067173 -0.136390 0.285762 0.188203 0.189317 -0.079063 0.071892 0.110699 0.002611 -0.049977 -0.061580 -0.028755 -0.085826 -0.096446 -0.211913 -0.232230 -0.196794 -0.344559 -0.045670 0.064476 -0.074229 -0.156001 -0.257226 -0.141115 -0.300953 -0.224837 -0.134607 -0.429521 0.029974 -0.191483 0.008840 -0.275857 -0.192448 0.119430 0.293102 0.136102 -0.004865 0.090894 0.143078 0.009165 -0.055334 -0.115760 0.033858 0.278510 -0.134084 -0.105046 0.130706 0.110201 0.093302 0.048704 -0.012675 0.025325 -0.142081 -0.040220 -0.271605 -0.127200 -0.232536 0.210886 -0.055289 0.341262 -0.215796 -0.056379 -0.123167 0.108736 -0.250480 0.031393 -0.021665 -0.079815 -0.016368 0.145693 0.055201 0.054430 -0.042247 -0.198296 -0.166605 -0.077351 0.101218 0.240645 0.239738 0.130084 0.049953 -0.013096
0.035708 0.381373 -0.464387 0.129006 -0.310847 -0.297661 -0.254468 -0.588104 -0.290659 -0.372220 -0.157301 -0.212367 -0.331902 -0.545503 -0.103158 -0.371627 0.058834 -0.280625 0.570385 1.000000 0.080879 -0.002228 -0.044128 0.343841 -0.094901 0.058796 -0.184882 0.053438 -0.054716 -0.122644 0.125849 0.109852 0.115063 0.177734 -0.124976 -0.217795 0.241617 0.138567 0.041668 0.078367 0.122333 0.055495 -0.005294 0.023819 0.016332 0.098965 -0.094746 0.066330 -0.552769 -0.202354 -0.416375 -0.643298 -0.294714 0.016161 -0.216757 -0.003088 0.039320 0.117680 -0.607290 -0.417292 -0.535883 -0.651956 -0.207685 -0.480935 -0.186945 -0.449979 -0.401621 0.284748 0.669360 0.619733 -0.046249 0.006549 0.110865 0.003648 0.085951 -0.138952 0.018877 0.287047 0.233460 0.047116 0.356318 0.324701 0.201093 0.164378 0.151277 0.212211 0.156272 0.327064 -0.117066 -0.082073 -0.068801 0.346832 0.050184 0.195247 -0.183485 0.206285 0.091067 0.458331 0.198457 0.446570 0.052556 0.056624 0.045712 0.143889 0.206035 0.221468 -0.215361 -0.146870 0.044150 0.011684 0.273811 0.420474 0.148838 0.320209 0.034663 0.088554
-0.243958 -0.030888 0.126395 0.129904 0.013893 0.002195 0.061702 0.051314 0.191179 0.121406 -0.080209 0.169280 0.058539 0.102254 0.066320 -0.099535 0.104742 -0.001574 0.143050 0.080879 1.000000 0.272450 0.126823 -0.032758 0.291881 0.259737 -0.114922 0.153103 0.120887 0.435974 0.311290 0.383603 0.094837 0.117169 0.164529 0.132015 0.167201 0.231010 0.288221 0.283113 0.185343 0.353851 -0.082549 -0.054997 -0.143472 -0.045742 -0.133419 -0.154353 -0.219837 -0.208721 -0.295387 -0.229767 -0.293095 -0.248138 -0.004129 -0.171723 -0.099247 -0.176474 -0.163057 -0.233546 0.050449 -0.019574 0.005865 -0.155607 0.087005 0.039944 0.103264 0.077164 0.010515 0.055265 0.096864 0.009428 0.349000 0.269731 0.198785 0.239948 0.114536 0.249580 0.185588 0.154505 0.104649 0.182444 -0.130379 0.197076 -0.108518 0.071424 -0.133213 -0.083649 -0.052933 -0.110747 -0.055841 -0.126279 -0.096173 -0.017510 -0.069900 0.115258 -0.016499 0.129524 -0.302907 0.021490 0.326011 0.232699 -0.057584 -0.119123 0.021353 -0.105993 -0.267013 -0.195845 -0.017905 0.045297 0.154365 -0.167180 -0.129960 -0.078802 0.005115 -0.074971
-0.063023 -0.127554 0.073568 0.189652 0.027534 0.151266 -0.111244 0.024249 0.208283 0.099344 -0.215214 0.033359 -0.014907 0.146558 -0.096603 -0.016534 -0.014783 -0.163637 -0.147297 -0.002228 0.272450 1.000000 0.086882 0.097123 0.113442 0.435368 0.200917 0.415184 0.222065 0.210601 0.326495 0.342457 0.038729 -0.005295 0.245346 -0.181507 -0.131784 -0.045686 0.041444 0.268333 0.337043 0.141975 -0.146735 -0.072815 -0.022729 0.033400 -0.137312 0.044019 -0.097788 0.049542 -0.095142 -0.069386 -0.053784 -0.086074 -0.009865 0.033686 0.193580 -0.008767 -0.000558 -0.207836 0.079434 0.185731 -0.331187 -0.036564 0.041953 0.177404 0.151028 0.041929 -0.131214 -0.118168 0.051412 0.170408 0.080025 -0.037195 0.043061 -0.068449 -0.259937 -0.320611 0.023841 0.073257 0.032372 -0.086306 -0.067319 0.065411 -0.175832 -0.082378 -0.060070 0.002290 -0.070640 -0.076143 -0.095541 -0.086153 -0.140937 -0.424300 0.278570 0.266669 -0.042355 0.162167 -0.242221 -0.176723 -0.071369 -0.084199 -0.342794 -0.161979 -0.124954 0.074222 0.104428 0.455758 0.308870 0.320359 -0.099232 -0.352229 -0.303535 -0.259701 0.050949 -0.132670
-0.111366 -0.337379 0.201290 0.574393 0.145658 0.276116 0.279442 -0.054249 0.206424 0.255670 0.304530 0.327254 -0.045329 -0.046682 0.191741 0.194780 -0.035219 0.109096 0.036141 -0.044128 0.126823 0.086882 1.000000 0.546769 0.335084 0.314241 0.147196 0.231570 0.119742 -0.075351 -0.029255 0.119673 -0.366765 -0.008576 -0.050046 -0.233136 0.029062 -0.280800 0.010719 -0.125283 -0.032991 -0.070325 -0.176254 -0.092362 -0.538112 -0.469094 -0.211649 -0.225708 -0.178032 -0.397738 0.103038 -0.036004 0.097103 0.259512 -0.050817 -0.068781 -0.173259 -0.207551 -0.042269 -0.240448 0.113458 0.054189 0.196774 0.106841 0.608653 0.304809 -0.314227 -0.113407 -0.317207 -0.237148 -0.129715 -0.129652 -0.177969 -0.257726 -0.203140 -0.321183 -0.422841 -0.254868 -0.059573 -0.039786 0.082231 0.165193 0.472889 0.298250 0.324003 0.268401 0.213366 0.436463 0.433204 0.256734 -0.078574 0.084649 0.019690 -0.156348 0.033874 -0.130567 -0.388676 -0.255887 -0.337127 -0.296623 -0.102389 -0.334519 -0.271878 -0.134449 -0.084603 0.003114 0.022775 0.031980 -0.147443 0.028808 -0.268805 -0.226725 -0.295060 -0.134578 0.219090 0.088570
-0.073425 -0.253908 -0.208815 0.466843 -0.345030 -0.013523 -0.172482 -0.283328 -0.265095 -0.176473 -0.140865 0.189123 -0.597741 -0.508706 -0.333761 -0.129573 0.112440 -0.003941 0.027697 0.343841 -0.032758 0.097123 0.546769 1.000000 0.371578 0.523084 -0.054573 0.249683 -0.184959 -0.168470 0.000313 0.403653 -0.063513 -0.033207 -0.027809 -0.373259 0.012429 -0.260959 -0.055260 0.044535 -0.052005 0.059139 -0.145026 -0.088911 -0.168850 -0.120370 -0.257562 -0.110088 -0.413896 -0.189840 -0.077601 -0.263451 -0.107300 0.040292 -0.207892 -0.001848 -0.018958 -0.246496 -0.280148 -0.174014 -0.374577 -0.193915 0.094961 -0.151595 0.283951 -0.138726 -0.300080 0.253926 0.050932 0.080734 -0.123908 0.110778 -0.225236 -0.171272 -0.077170 -0.330518 -0.417075 -0.155840 0.008791 -0.200023 0.121767 0.093761 0.261611 0.313867 0.332886 0.429064 0.228433 0.505417 0.434872 0.286630 -0.091644 0.204723 0.158492 -0.073046 0.157172 0.066268 -0.083840 0.205413 -0.077727 0.008544 0.095909 -0.228509 -0.149863 0.084443 0.094438 0.266928 0.069375 0.191326 -0.029343 0.301832 -0.037904 0.058180 -0.279995 0.021262 0.214393 0.112282
-0.240784 -0.228688 0.133410 0.258774 -0.048710 0.034327 0.106925 0.199757 0.182993 0.223497 -0.149225 0.227499 -0.277683 -0.028642 -0.058064 -0.022539 0.147383 -0.038133 -0.046610 -0.094901 0.291881 0.113442 0.335084 0.371578 1.000000 0.601709 0.177652 0.359887 0.022437 0.156819 0.347656 0.372650 0.081655 0.134235 -0.019095 0.116058 -0.146434 -0.255838 -0.045639 0.079738 -0.013501 0.262479 -0.097212 -0.090331 -0.029353 0.044759 -0.181238 -0.220008 -0.198970 -0.056240 -0.043114 -0.168360 -0.226918 -0.255766 -0.353052 -0.288667 -0.158782 -0.218813 -0.052820 -0.200099 0.084819 0.127417 0.140814 0.000044 0.460445 0.269385 0.134581 0.300110 -0.154628 -0.132342 -0.089128 -0.006045 -0.082679 0.050059 0.000866 -0.064825 -0.368585 -0.016534 -0.046040 0.012616 -0.058422 -0.024172 0.035689 0.313974 0.036408 0.188121 -0.038091 0.100730 0.019302 -0.141167 -0.090580 -0.052999 0.084065 -0.142806 0.111940 0.046765 -0.271013 -0.101179 -0.307091 -0.302659 0.129213 -0.128774 -0.181437 -0.237474 -0.114277 -0.099478 -0.041613 0.071315 -0.043976 0.085786 -0.049146 -0.332133 -0.185950 -0.167357 0.176510 -0.046045
-0.172672 -0.244673 0.057421 0.421876 -0.266503 0.156042 -0.149068 -0.012254 -0.001370 0.095063 -0.386347 0.121169 -0.427708 -0.174875 -0.297855 -0.152935 0.102450 -0.173840 -0.078516 0.058796 0.259737 0.435368 0.314241 0.523084 0.601709 1.000000 0.142426 0.658444 -0.104165 0.053294 0.395518 0.722809 0.059004 0.169961 0.246854 -0.081419 -0.116875 -0.151136 0.016485 0.212779 0.155222 0.187051 0.007161 0.090687 0.030607 0.184342 -0.150443 0.058069 -0.292766 -0.020584 -0.207246 -0.304351 -0.148240 -0.222888 -0.327516 -0.233809 0.065660 -0.218319 -0.191255 -0.421329 -0.166938 0.010052 -0.143712 -0.199665 0.274293 0.169907 0.011354 0.314470 -0.039132 0.021463 -0.063077 0.178130 -0.150315 -0.072072 -0.083697 -0.107507 -0.346932 -0.021010 -0.012767 -0.073057 -0.020750 -0.071951 -0.086620 0.153168 -0.056055 0.071850 -0.100227 0.038246 -0.072133 -0.177169 -0.089426 -0.069877 0.095860 -0.114568 0.189294 0.136848 -0.045912 0.153528 -0.246701 -0.147874 0.127077 -0.055843 -0.297275 -0.044171 -0.064061 0.131717 0.075542 0.229328 0.066307 0.279975 0.123007 -0.242942 -0.247771 -0.076957 0.198925 0.093490
0.032657 -0.095601 0.118677 0.062932 0.398303 0.486119 0.040061 0.178947 0.150718 0.287125 0.038397 -0.021530 0.059238 0.315763 0.276234 0.434836 -0.001989 -0.078147 -0.285850 -0.184882 -0.114922 0.200917 0.147196 -0.054573 0.177652 0.142426 1.000000 0.534513 -0.131829 -0.255169 -0.113559 -0.170963 -0.199771 0.129220 -0.148862 0.157430 -0.443215 -0.360726 -0.392771 -0.066949 0.066375 -0.174756 -0.127748 0.108789 -0.212187 -0.006621 -0.111807 0.032975 -0.005720 -0.065165 0.108181 -0.054595 0.187263 0.015507 0.109838 -0.020713 0.079887 0.155940 0.190954 -0.108225 0.201221 0.207325 -0.010271 0.182437 0.088201 0.405696 -0.019115 0.122500 -0.190470 -0.068531 -0.154457 -0.433107 -0.344829 -0.283418 -0.290084 -0.236225 -0.256831 -0.198619 -0.124278 0.126837 -0.187706 -0.183070 0.120142 -0.053296 -0.040275 -0.165314 0.215551 0.101116 0.115183 -0.116268 0.311748 0.222275 0.173040 -0.092128 0.092835 0.048574 -0.190648 -0.218630 0.078047 -0.088953 0.132799 0.005733 0.125371 -0.103482 0.019377 0.092826 -0.113741 0.142785 0.014327 -0.066154 -0.137571 -0.360305 -0.116036 -0.093739 -0.020503 0.163567
-0.164091 0.060151 0.016302 0.314507 -0.161637 0.275352 -0.229423 -0.083095 -0.021627 0.091826 -0.238337 0.156680 -0.297265 0.008244 -0.042645 0.015721 -0.083886 -0.136679 -0.213117 0.053438 0.153103 0.415184 0.231570 0.249683 0.359887 0.658444 0.534513 1.000000 -0.130834 -0.102451 0.125935 0.264899 -0.074904 0.189405 0.124586 0.091328 -0.248158 -0.221112 -0.106087 0.171162 0.117066 0.179311 -0.093220 0.159513 -0.122669 0.166944 -0.139977 0.090154 -0.320241 -0.059902 -0.121936 -0.236192 -0.124945 -0.120683 -0.131628 -0.068759 0.088852 0.098122 -0.185624 -0.401027 -0.049523 0.044621 -0.335662 -0.168588 0.185883 0.361027 -0.029685 0.244503 0.043410 0.059047 -0.157259 -0.155752 -0.315978 -0.079459 -0.100188 -0.151331 -0.259742 0.033112 0.001358 0.107808 -0.017185 -0.081420 -0.096504 0.097552 -0.029327 -0.043157 0.148539 0.151753 0.073880 -0.159830 0.112428 0.170331 0.228058 -0.130018 0.257492 0.069764 -0.071960 0.076311 -0.021312 -0.079440 0.043745 0.015820 -0.276737 -0.190330 -0.143827 0.075030 -0.027225 0.247045 0.016046 -0.003541 0.020212 -0.354799 -0.182407 -0.043958 0.227544 0.042994
0.305194 0.215966 -0.183261 0.097007 0.096737 -0.163115 0.048493 -0.046075 0.017970 0.020067 0.464759 0.248003 0.327334 0.148877 0.225598 0.102215 0.358507 0.323869 0.060653 -0.054716 0.120887 0.222065 0.119742 -0.184959 0.022437 -0.104165 -0.131829 -0.130834 1.000000 0.570163 0.064494 -0.106647 0.042130 -0.013614 -0.143421 -0.025989 0.064707 0.155742 0.019398 -0.035420 0.335978 0.298842 -0.105884 -0.367635 -0.163808 -0.335163 -0.053993 -0.427139 -0.204903 -0.301390 -0.102558 -0.168095 -0.196588 0.059969 -0.086891 -0.055031 0.224304 0.242193 -0.100100 -0.154598 0.185573 0.236479 0.258363 0.292344 0.202916 -0.004916 -0.193684 -0.485886 -0.041640 -0.131620 0.189112 -0.154727 0.567493 0.236613 0.319611 0.285346 -0.049452 -0.085550 0.282586 0.385102 0.429525 0.530112 0.519900 0.529052 0.279774 0.178605 0.136298 0.143112 -0.094734 -0.076140 -0.181063 -0.312150 -0.385239 -0.382431 -0.207436 0.003816 -0.295434 -0.346864 -0.260846 -0.332139 -0.166607 -0.197756 -0.436942 -0.521442 -0.345836 -0.424932 -0.217155 -0.071413 -0.193112 -0.283980 -0.416952 -0.379815 -0.250635 -0.365319 -0.307162 -0.474382
0.216096 0.214722 -0.044174 -0.059695 -0.055451 -0.106216 0.037446 0.259720 0.036026 0.026352 0.137531 0.358332 0.213000 0.258169 0.086027 0.105658 0.243454 0.521554 0.062720 -0.122644 0.435974 0.210601 -0.075351 -0.168470 0.156819 0.053294 -0.255169 -0.102451 0.570163 1.000000 0.287681 0.306158 0.212311 0.131399 0.098010 0.194556 -0.022427 0.280005 0.231487 0.206256 0.179407 0.446565 -0.153243 -0.401816 -0.043787 -0.257699 -0.113975 -0.381192 -0.096404 -0.257321 -0.282226 -0.076313 -0.328480 -0.190916 -0.057387 -0.162811 0.240308 0.052110 0.085579 0.182820 0.227260 0.379574 0.351232 0.432353 0.111711 -0.111079 0.123133 -0.302707 -0.067743 -0.129355 0.178026 0.026528 0.654356 0.496131 0.458465 0.361653 0.233102 0.044796 0.136675 0.200440 0.007719 0.274472 -0.011849 0.454919 -0.176545 0.040298 -0.269100 -0.195364 -0.053699 -0.005577 -0.306073 -0.499048 -0.286857 -0.280082 -0.099062 0.042394 -0.134611 -0.165742 -0.401788 -0.215391 0.154975 -0.063714 -0.146501 -0.379008 -0.218237 -0.390579 -0.233050 -0.148965 -0.292055 -0.201581 -0.185188 -0.219843 -0.089825 -0.237298 -0.097275 -0.400359
-0.089002 -0.012494 0.217505 0.227301 0.003879 -0.065710 0.152043 0.207496 0.229488 0.173841 -0.142983 -0.104281 0.067099 0.112611 -0.037706 -0.124227 0.140795 -0.097930 0.329843 0.125849 0.311290 0.326495 -0.029255 0.000313 0.347656 0.395518 -0.113559 0.125935 0.064494 0.287681 1.000000 0.630714 0.103148 0.193587 0.122245 0.050027 0.020130 0.215799 0.111426 -0.015028 0.273481 0.298534 -0.002682 0.014020 0.182380 0.275530 -0.158042 -0.078266 -0.109828 0.084097 -0.329517 -0.282841 -0.356952 -0.417803 -0.294578 -0.388483 -0.048883 -0.064880 -0.162318 -0.201921 0.051367 0.037645 -0.084790 -0.095403 0.146821 0.072398 0.228538 0.169378 -0.020683 0.035442 0.035031 0.179667 0.185802 0.194574 0.209466 0.110824 -0.006737 -0.032377 -0.098164 -0.071698 -0.016076 -0.061228 -0.289841 -0.009725 -0.330017 -0.098324 -0.336126 -0.418389 -0.397223 -0.354008 -0.343583 -0.183783 0.079976 0.089686 0.068922 0.148500 -0.176152 0.162989 -0.343738 -0.111202 0.076277 0.047621 -0.129203 -0.103613 -0.089348 -0.054046 0.083478 0.158185 0.075323 0.067511 -0.017468 -0.052005 0.287711 -0.084595 0.101295 0.047616
-0.148732 -0.259764 0.129504 0.429852 -0.247640 0.120474 -0.024541 0.174626 0.016690 0.122059 -0.233149 0.145018 -0.264995 -0.030659 -0.324457 -0.220343 0.089405 -0.082853 0.095959 0.109852 0.383603 0.342457 0.119673 0.403653 0.372650 0.722809 -0.170963 0.264899 -0.106647 0.306158 0.630714 1.000000 0.153050 0.295913 0.410589 0.016639 0.033565 0.074679 0.095417 0.222412 0.203552 0.184588 -0.201547 -0.125822 -0.006953 0.099135 -0.360297 -0.086563 -0.275446 -0.114203 -0.343133 -0.300537 -0.248320 -0.208471 -0.281552 -0.414991 0.053768 -0.310639 -0.130579 -0.252804 -0.068985 0.101536 0.048568 -0.112654 0.263689 0.097285 0.110873 0.313495 -0.089932 0.039992 0.054605 0.290153 0.008952 0.157638 0.021622 0.032785 -0.054921 0.067070 -0.038668 -0.236791 -0.032887 -0.075960 -0.268393 0.049764 -0.194072 0.095487 -0.354010 -0.218581 -0.125338 -0.068202 -0.249398 -0.151559 0.224603 0.120921 0.169326 0.144191 -0.137747 0.245603 -0.394078 -0.029619 0.262382 0.097368 -0.060618 0.058716 0.011308 0.111844 0.082783 0.126599 0.042781 0.297653 0.087239 -0.028969 -0.038841 -0.125126 0.169124 0.173060
0.138856 0.325000 -0.397629 -0.334324 -0.173278 -0.154385 -0.425716 -0.168539 -0.159950 -0.204691 -0.283401 -0.234802 -0.378593 -0.207225 -0.385919 -0.343094 0.012503 0.047125 -0.214790 0.115063 0.094837 0.038729 -0.366765 -0.063513 0.081655 0.059004 -0.199771 -0.074904 0.042130 0.212311 0.103148 0.153050 1.000000 0.460912 0.119252 0.087736 -0.060877 0.090618 -0.103593 0.186092 0.189700 0.121549 0.090430 -0.004808 0.314320 0.191387 0.028087 0.080750 -0.141858 0.141355 -0.489776 -0.189025 -0.427396 -0.359893 -0.376931 -0.196490 0.276934 0.237898 -0.028409 0.180191 -0.265329 0.013294 -0.029627 -0.145938 -0.229864 -0.286460 0.410729 0.103412 0.399318 0.461081 0.153518 0.146217 0.345795 0.262016 0.281965 0.236276 0.264505 0.206514 0.397986 0.197539 0.072194 0.107663 -0.180844 -0.051621 -0.123929 -0.165213 -0.029858 -0.264432 -0.205823 -0.243715 -0.017652 -0.281125 -0.149588 -0.142739 0.006359 0.129448 0.217893 0.346479 0.184354 0.101594 0.186732 0.253723 0.238101 -0.002022 0.135328 -0.072351 0.001950 0.051357 0.171239 0.114925 0.346629 0.082297 0.096476 0.216383 -0.226049 0.022788
0.156297 0.257941 -0.147498 0.022634 -0.072181 0.178058 -0.147980 0.022035 -0.004612 0.155498 0.028694 -0.114099 -0.179334 -0.001484 -0.013731 -0.023723 -0.005534 0.111059 -0.030936 0.177734 0.117169 -0.005295 -0.008576 -0.033207 0.134235 0.169961 0.129220 0.189405 -0.013614 0.131399 0.193587 0.295913 0.460912 1.000000 0.338490 0.348577 0.030299 -0.026846 -0.095438 0.210228 0.280451 -0.192307 -0.365654 -0.226595 -0.228743 -0.132349 -0.424152 -0.120166 -0.231196 -0.311598 -0.677840 -0.454968 -0.251814 -0.148185 -0.358064 -0.465443 0.313383 0.154599 0.138630 -0.062654 -0.027169 0.133241 0.153624 0.075809 0.074245 0.185777 0.013749 0.212774 0.151228 0.276686 -0.081057 -0.126053 0.045297 0.019574 -0.039073 -0.111859 0.179956 0.176700 0.187333 0.102261 0.043135 0.213769 0.073335 0.051544 -0.148926 -0.185367 0.019205 -0.082064 -0.213855 -0.198445 -0.097259 -0.194989 0.134828 0.108411 -0.086307 0.235675 -0.221721 0.022901 -0.092214 -0.007336 0.189571 0.095815 0.248835 0.100876 0.141862 0.151841 0.136243 0.026116 0.182896 0.037887 0.147450 0.047266 0.144844 0.095278 -0.042694 0.120839
-0.096578 -0.129369 0.322633 0.035938 -0.125220 0.206781 -0.078431 0.160443 0.037256 0.089428 -0.184768 0.107406 0.001178 0.116558 -0.286559 -0.235246 -0.167038 -0.068145 -0.067173 -0.124976 0.164529 0.245346 -0.050046 -0.027809 -0.019095 0.246854 -0.148862 0.124586 -0.143421 0.098010 0.122245 0.410589 0.119252 0.338490 1.000000 0.273495 0.064347 0.068818 0.263067 0.372892 0.001334 -0.209517 -0.296694 -0.111479 -0.048192 -0.020715 -0.245290 0.133910 0.065532 -0.037439 -0.184782 -0.005124 0.135550 0.024112 0.003373 -0.171926 0.136157 -0.103183 0.263140 -0.035193 0.059998 0.146276 -0.057147 -0.058149 -0.049388 0.074396 0.170011 0.196323 -0.222645 -0.109563 -0.030177 0.346236 -0.124333 -0.109262 -0.280288 -0.060034 0.075725 0.124432 -0.390836 -0.240116 -0.233854 -0.369431 -0.305108 -0.199496 -0.304029 -0.174161 -0.285630 -0.240225 -0.249292 0.085254 -0.091378 -0.019674 0.137688 0.077318 0.261445 -0.113462 0.050740 0.224540 -0.288073 -0.060285 -0.031257 0.010109 -0.069186 0.358277 0.206558 0.275795 0.468166 0.229244 0.270259 0.268470 0.244156 -0.002296 -0.088489 -0.062518 0.122616 0.238699
0.111372 0.207042 0.139727 -0.253620 0.014807 0.091350 0.110398 0.234624 0.099642 0.145166 0.003046 0.184877 0.097818 0.235203 0.069388 -0.011771 0.031282 0.108113 -0.136390 -0.217795 0.132015 -0.181507 -0.233136 -0.373259 0.116058 -0.081419 0.157430 0.091328 -0.025989 0.194556 0.050027 0.016639 0.087736 0.348577 0.273495 1.000000 -0.334049 -0.158335 -0.121585 -0.089554 -0.175942 -0.086395 -0.101406 -0.093840 0.071950 0.067611 -0.116295 -0.075020 0.029312 0.021695 -0.064379 -0.020273 -0.197084 -0.273395 -0.110967 -0.364141 0.293077 0.292715 0.287451 0.170413 0.281429 0.207080 0.158201 0.237806 0.087930 0.218444 0.250568 0.181112 -0.069008 -0.070625 -0.104793 -0.247948 -0.154785 0.050040 -0.077878 0.022001 0.135513 0.151225 0.060111 0.046031 -0.238794 -0.048457 -0.312022 -0.067234 -0.264786 -0.088888 -0.238602 -0.261766 -0.307966 -0.257717 -0.080524 -0.219583 0.057341 0.041915 -0.003057 0.016625 -0.083358 -0.277922 -0.115210 -0.214690 0.073875 0.231806 0.187349 -0.116036 -0.166611 -0.223733 -0.074359 -0.192241 -0.113490 -0.246267 0.007516 -0.156538 -0.005074 -0.083115 -0.139213 0.000476
