1.000000 0.180618 -0.028401 -0.060914 -0.015314 -0.001225 -0.167211 -0.212085 0.200916 -0.133551 -0.092346 0.045523 -0.180960 0.033604 -0.199062 0.098307 0.402240 0.215737 -0.013318 0.376918 0.135921 0.050506 -0.251315 -0.109812 0.199957 -0.044880 0.183307 -0.178137 0.294464 0.173741 0.118903 0.115960 -0.139235 0.122692 -0.015206 -0.124798 0.260759 0.080367 0.149975 -0.148325 0.028870 0.184606 0.030421 0.048083 -0.202739 -0.389993 -0.055099 0.098334 -0.177370 -0.259426 -0.250013 -0.389144 -0.072990 -0.030211 0.064442 0.165274 0.396439 0.138856 -0.036104 -0.012369 -0.150828 0.046186 0.099026 0.358985 -0.170845 -0.135323 -0.217761 -0.432117 0.300541 0.095783 0.212966 -0.010308 0.306362 0.167992 0.032704 0.339844 0.063514 0.330565 0.056590 0.349311 0.097558 0.122002 0.352989 0.249533 0.056862 -0.046850 0.200965 0.107776 -0.088267 -0.289782 0.004686 0.029006 -0.193846 -0.181899 0.088251 0.181514 -0.003645 0.194496 0.098191 0.238320 0.109404 -0.293765 -0.179195 -0.045132 -0.054483 -0.125470 0.107587 0.004449 0.235454 -0.093707 0.050873 -0.021581 0.155384 0.015509 0.269815 -0.066992
0.180618 1.000000 0.219791 0.019225 -0.099303 0.101939 -0.476773 -0.462044 0.097018 -0.295872 -0.164651 -0.213173 -0.210919 -0.272175 -0.298740 -0.359283 0.405323 0.153063 0.236263 0.424682 0.146707 -0.029339 0.117166 -0.004948 0.146067 0.069956 0.120873 0.089115 0.027854 -0.134623 -0.005504 0.082132 0.158072 0.296605 -0.091101 -0.078504 -0.117399 -0.024199 0.201233 0.284900 0.004661 -0.062571 0.450415 0.276202 0.166196 0.017443 0.447946 0.291193 0.219491 0.102796 0.044300 0.027551 0.164374 0.185390 -0.062591 0.295478 0.537384 0.575607 -0.123744 -0.167289 -0.287253 -0.098070 -0.217021 0.024644 -0.369383 -0.293738 -0.365816 -0.283695 0.352648 0.341508 0.096216 -0.171951 0.106544 -0.190073 0.177008 0.020328 0.019902 0.184333 0.033169 0.093591 0.002531 -0.116318 0.101996 -0.144081 -0.075587 -0.112912 -0.047886 0.144262 -0.023783 0.003346 -0.245088 -0.231310 -0.220107 -0.090704 0.187809 0.079469 0.240240 0.078196 -0.118869 0.050675 -0.189508 -0.048519 -0.137589 -0.023579 -0.089299 -0.044308 -0.139373 0.113663 0.119680 0.263711 0.142311 0.049112 0.119259 -0.180775 -0.005156 0.171647
-0.028401 0.219791 1.000000 0.136388 0.157835 -0.064475 0.437051 -0.228990 0.145298 -0.277915 0.109526 -0.278159 -0.273547 -0.430145 -0.060497 -0.263237 -0.119082 0.008699 0.394467 0.158144 0.269164 0.091971 0.393199 0.138735 0.150964 0.205963 -0.081077 0.090440 -0.143963 -0.292514 0.082372 -0.074469 -0.122006 0.056616 0.052524 0.263687 0.017694 0.014499 0.181410 -0.090485 0.155421 -0.056708 0.076112 0.046908 0.221510 0.282370 0.027300 0.172884 0.032255 -0.228480 0.402904 -0.169393 -0.197041 -0.067071 -0.078443 0.109950 -0.033844 0.032356 -0.209660 -0.303883 -0.137972 -0.386917 -0.130930 -0.119314 0.203745 -0.337507 0.209122 0.180120 0.098245 0.042126 0.053188 0.092901 -0.213585 -0.095872 0.021756 0.204244 0.107800 0.075658 -0.100323 -0.086824 -0.194243 -0.099069 -0.192353 -0.446116 0.103624 -0.208160 -0.076477 -0.253254 0.097454 -0.047601 -0.017140 0.362883 -0.046322 0.335899 0.121275 -0.014809 0.138592 0.201306 0.120754 -0.065181 -0.119581 -0.129413 -0.056089 -0.213652 -0.252226 -0.155677 -0.028218 -0.058613 -0.047319 0.091980 0.353776 -0.020178 0.034549 -0.377309 0.096822 -0.026570
-0.060914 0.019225 0.136388 1.000000 0.042575 0.314542 0.088758 0.169787 -0.029606 -0.130425 -0.279383 0.116475 -0.201788 -0.194092 0.113220 -0.036542 -0.193540 -0.259396 0.073495 -0.010539 0.111776 0.002620 0.360369 0.601980 0.259436 0.326273 0.278876 0.530081 -0.268788 -0.232140 0.007163 0.228173 -0.034867 -0.002156 -0.101290 0.320784 0.324864 0.310698 0.369988 0.053555 0.153919 0.124687 0.004415 0.192671 0.124619 0.280257 0.098193 -0.030117 -0.313088 -0.223891 0.192214 -0.004595 -0.209277 -0.224854 -0.089037 -0.058796 -0.093793 -0.096827 -0.478787 -0.572538 -0.392165 -0.528658 -0.309672 -0.370809 0.243472 0.076667 -0.089336 0.337972 -0.298433 0.002854 -0.003391 0.102968 -0.167820 0.089639 0.187984 0.212506 -0.038014 -0.082982 -0.156786 0.072787 -0.136384 -0.020574 -0.110151 -0.109852 0.201841 0.199974 -0.104530 0.036734 0.100562 -0.129215 -0.019606 0.033370 0.425382 0.088791 -0.026868 0.003614 0.015093 -0.010668 0.000150 -0.054092 -0.132502 -0.200994 -0.195831 -0.198447 -0.012224 0.015951 -0.139643 -0.222111 -0.052346 -0.106777 0.136639 -0.163821 0.117135 0.123752 0.158765 -0.181401
-0.015314 -0.099303 0.157835 0.042575 1.000000 0.369539 0.291486 0.134760 0.227063 0.224151 -0.106022 -0.231517 -0.225741 -0.203699 -0.093606 0.090829 -0.284082 -0.115669 0.056241 0.040354 0.318668 0.028261 0.102589 0.106595 0.145480 0.000120 0.117798 0.061372 -0.111306 -0.014456 -0.004631 -0.123542 -0.107325 0.045892 0.235295 -0.010706 0.035544 -0.147556 -0.055279 -0.095805 0.231254 0.090258 -0.142444 -0.061570 0.128198 0.156421 -0.041626 -0.310158 -0.142490 0.087982 0.212589 -0.082592 -0.019647 -0.114622 0.015521 -0.235343 -0.150708 -0.079553 0.025386 0.264214 0.127067 0.084586 -0.097119 0.141365 0.252484 0.015155 0.287586 0.095937 0.052771 0.014706 0.217190 0.016357 -0.054962 0.089129 -0.231576 0.028269 0.106982 -0.157529 -0.056739 -0.008808 -0.235360 -0.087192 -0.220623 -0.224904 -0.047055 -0.126930 0.133931 -0.060459 0.139427 -0.046092 -0.033082 -0.100560 -0.043912 -0.191832 -0.225185 -0.189640 -0.111487 -0.133218 0.146904 0.020674 -0.102134 -0.350107 0.107701 -0.030155 -0.093486 0.127844 -0.009786 -0.210183 -0.218626 -0.024657 -0.041153 -0.031601 -0.229024 -0.187569 0.012227 0.020833
-0.001225 0.101939 -0.064475 0.314542 0.369539 1.000000 -0.050786 0.148186 0.054223 0.169691 -0.363286 -0.060073 -0.354661 -0.202329 -0.205871 -0.113011 0.018595 -0.120355 -0.138034 0.067222 0.078979 0.228253 -0.062861 0.191956 -0.014727 0.087302 0.337099 0.431737 -0.179868 -0.074522 -0.112522 0.044263 0.098473 0.271462 -0.065419 -0.121925 0.125109 -0.093728 0.112789 0.077018 0.176232 0.129746 -0.169142 -0.043329 0.046213 0.016570 -0.108357 -0.159409 -0.211478 -0.121784 -0.052108 -0.061716 -0.243146 -0.173535 0.032762 -0.126503 0.113666 -0.029650 -0.354637 -0.034992 -0.220521 -0.121720 -0.181680 0.027810 0.006310 0.054312 0.062796 0.120053 0.020022 0.138915 0.239532 0.169206 -0.119515 -0.037443 0.016525 0.122643 -0.081194 -0.100210 0.030956 0.109055 0.106523 0.159873 -0.155947 -0.097324 -0.010002 0.134152 0.009927 0.057452 0.126320 -0.050824 -0.118171 -0.204650 0.161599 -0.143126 -0.030473 -0.000762 -0.091813 -0.049478 -0.051004 0.122288 0.016812 -0.267963 0.002019 0.138070 -0.008509 0.272118 0.166759 -0.173836 0.146281 -0.125378 0.198286 -0.351673 -0.009459 0.005154 0.190810 -0.208236
-0.167211 -0.476773 0.437051 0.088758 0.291486 -0.050786 1.000000 0.480340 0.130312 0.255764 0.347944 -0.037880 0.248844 0.126498 0.222886 0.347619 -0.356958 -0.070436 0.096671 -0.175305 -0.057461 -0.112120 0.185572 0.090242 -0.108482 -0.161955 -0.132357 -0.092920 -0.104227 0.014132 -0.104007 -0.383065 -0.261415 -0.250157 0.075646 0.061122 0.070996 -0.195985 -0.015380 -0.286037 0.003833 -0.025736 -0.373083 -0.256081 0.023824 0.166797 -0.470917 -0.326539 -0.127303 -0.041593 0.288552 -0.031485 -0.294478 -0.180066 0.041160 -0.085751 -0.480773 -0.516922 -0.023439 -0.041242 0.322236 -0.214256 0.074193 -0.111664 0.519195 0.056698 0.292713 0.181056 -0.380505 -0.272319 -0.059182 -0.074601 -0.104606 -0.013247 -0.171206 -0.012272 -0.047721 -0.297155 -0.186970 -0.151608 -0.356473 -0.234147 -0.116507 -0.165893 0.154056 0.037769 0.061953 -0.190187 0.236833 -0.041680 0.172977 0.281887 0.286124 0.233970 -0.135845 -0.017577 -0.289823 -0.084815 -0.033482 -0.167900 -0.096817 -0.082668 -0.135768 -0.124337 -0.087783 -0.047354 0.162662 -0.241147 -0.151625 -0.193451 -0.077030 -0.124135 -0.083989 -0.207651 0.072319 -0.063093
-0.212085 -0.462044 -0.228990 0.169787 0.134760 0.148186 0.480340 1.000000 0.045480 0.743364 0.172572 0.291210 0.406099 0.473385 0.203506 0.532879 -0.181698 -0.314718 -0.191403 -0.352394 -0.336988 -0.175250 -0.259257 0.049558 -0.253803 -0.327281 -0.130345 -0.204230 -0.002627 0.095853 -0.207408 -0.310759 -0.096372 -0.265196 -0.079131 -0.133778 -0.036712 -0.159514 -0.156683 -0.283520 -0.139732 0.009372 -0.446743 -0.229162 -0.149123 0.013799 -0.448087 -0.508416 -0.160391 0.042645 -0.019189 0.139495 -0.148772 -0.116196 0.025872 -0.159343 -0.559095 -0.630917 0.138467 0.237588 0.451147 0.206801 0.007917 0.072827 0.190981 0.631475 0.005843 0.019167 -0.497429 -0.252423 -0.201629 -0.170853 -0.008095 -0.131864 -0.108294 -0.335559 -0.097159 -0.297551 -0.093763 -0.115887 -0.197341 -0.253694 -0.020335 0.242693 0.002963 0.300205 -0.077423 -0.167157 0.084566 -0.072246 0.304386 -0.165575 0.458209 -0.245707 -0.169892 0.002908 -0.475288 -0.123061 -0.158798 0.029622 0.155446 -0.180268 -0.090403 -0.087992 -0.136274 -0.122073 0.127375 -0.163161 0.142647 -0.514508 -0.356496 -0.034968 0.081214 0.131250 0.064283 -0.061370
0.200916 0.097018 0.145298 -0.029606 0.227063 0.054223 0.130312 0.045480 1.000000 0.041962 0.192649 0.196016 0.044011 0.142771 -0.109458 0.110606 0.068788 0.146963 0.110103 0.204201 0.045851 -0.144871 -0.024262 -0.040262 0.330987 0.115523 0.041055 0.044739 -0.095357 0.107899 -0.146924 -0.129530 -0.025897 0.250182 -0.009445 -0.086670 -0.112037 -0.039482 -0.113413 0.073011 -0.250525 0.238885 -0.137815 0.073783 -0.101005 -0.102294 -0.319234 -0.180051 -0.098432 -0.210989 0.113801 -0.019853 -0.125546 -0.235020 0.070339 -0.035664 -0.001309 -0.043429 -0.058303 0.014719 0.142261 0.119807 0.135432 0.190888 0.055368 0.077016 0.005357 -0.121329 -0.060804 -0.122092 -0.145912 -0.256794 0.067067 -0.034372 -0.065433 -0.086710 -0.054943 0.068877 0.126440 0.034557 -0.188604 -0.083222 -0.167119 -0.097963 -0.118710 -0.039947 -0.056579 0.072913 0.029586 -0.309309 0.159721 -0.130278 0.112359 -0.106074 -0.097911 0.067990 -0.262442 -0.165329 -0.167349 -0.167763 0.041621 -0.308690 -0.126321 0.029283 0.025156 0.006942 -0.065604 -0.075818 -0.052225 -0.078845 -0.185797 0.110778 0.108555 -0.214816 -0.059106 0.051209
-0.133551 -0.295872 -0.277915 -0.130425 0.224151 0.169691 0.255764 0.743364 0.041962 1.000000 0.108762 0.111492 0.371595 0.307615 0.135436 0.576033 0.084912 -0.133363 -0.173246 -0.115557 -0.227607 -0.164391 -0.305063 -0.069097 -0.317627 -0.356174 -0.134960 -0.439127 0.271998 0.293494 -0.128428 -0.281899 -0.032982 -0.240061 -0.003830 -0.362452 -0.067528 -0.154826 -0.265495 -0.221944 -0.037891 0.021834 -0.462014 -0.366510 -0.168779 -0.271950 -0.334251 -0.559285 0.030750 0.117440 -0.186781 0.115297 -0.024112 0.106921 -0.085950 -0.017882 -0.343791 -0.300925 0.307090 0.284919 0.556685 0.395362 0.266151 0.342746 -0.058139 0.430322 -0.155022 -0.339098 -0.341017 -0.104742 0.044514 -0.087127 0.154469 0.070447 0.015353 -0.329497 -0.079001 -0.124957 0.016226 -0.061101 -0.067590 -0.177826 0.103423 0.351334 -0.135613 0.072529 -0.046416 -0.165687 0.057273 -0.079233 0.232105 -0.214404 0.113494 -0.365545 -0.032540 0.005431 -0.467615 -0.113467 0.052068 0.164559 0.175084 -0.253839 -0.066648 -0.065798 -0.153971 -0.120322 0.007735 -0.212983 0.148237 -0.399831 -0.427460 0.139060 0.049432 0.189405 0.091907 0.025307
-0.092346 -0.164651 0.109526 -0.279383 -0.106022 -0.363286 0.347944 0.172572 0.192649 0.108762 1.000000 0.130654 0.680747 0.305972 0.404542 0.304509 0.265812 0.112887 0.174879 0.113663 -0.178470 -0.306037 -0.001122 -0.308013 -0.091500 -0.151118 -0.145209 -0.073977 0.279067 0.165180 -0.122133 -0.572533 -0.056508 -0.031466 -0.046465 -0.156322 -0.320067 -0.263661 -0.105646 -0.083238 -0.205857 -0.130955 -0.150009 -0.308834 -0.196538 -0.088230 -0.277826 -0.194189 0.127827 0.051816 0.076095 -0.077576 -0.230379 -0.040957 0.143595 -0.006452 -0.300459 -0.183278 0.298771 0.037400 0.430344 0.138004 0.205398 0.024119 0.252051 0.101055 -0.054309 -0.206620 -0.142230 -0.036434 -0.167934 -0.328088 0.142011 -0.085251 -0.096328 -0.029184 -0.212544 -0.099038 0.011418 -0.103182 -0.268891 -0.215807 0.324580 0.107332 0.143928 -0.043329 0.161956 0.018045 0.179744 -0.097495 0.257241 0.206780 0.173580 0.096411 -0.240080 0.025559 -0.169207 -0.091819 -0.298079 -0.062969 -0.001541 0.108014 -0.177482 -0.170387 -0.018013 -0.249630 -0.099397 0.066994 -0.129113 0.056691 -0.294939 0.060395 0.083288 -0.201768 -0.040731 0.061034
0.045523 -0.213173 -0.278159 0.116475 -0.231517 -0.060073 -0.037880 0.291210 0.196016 0.111492 0.130654 1.000000 0.248315 0.587419 0.049822 0.358642 -0.022083 -0.032102 -0.255238 -0.008376 -0.202201 -0.174344 -0.410248 -0.206465 -0.133695 -0.267765 0.045328 -0.025543 0.165875 0.241327 -0.277592 -0.088668 -0.117144 0.028093 -0.336119 -0.113466 0.236537 0.027126 0.054754 -0.070224 -0.101444 0.373905 -0.207028 -0.138913 -0.279836 -0.195405 -0.266517 -0.204851 -0.234183 -0.187869 -0.285004 -0.080367 -0.251169 -0.399309 -0.067260 -0.132706 -0.159167 -0.444048 0.146247 0.118534 0.222905 0.250816 0.243658 0.170310 -0.097237 0.609642 -0.243487 -0.048658 -0.442454 -0.504827 -0.203700 -0.218343 0.055555 0.150223 0.085594 0.098685 -0.104840 0.144127 0.127018 0.085421 0.255267 0.209951 -0.013091 0.413307 0.042914 0.402522 -0.288771 0.159173 -0.252636 -0.330430 0.165172 -0.102722 0.281910 -0.170699 -0.082410 -0.004630 -0.305186 -0.015949 -0.290776 -0.214227 0.057149 -0.109221 -0.061721 0.076383 0.155723 -0.047228 -0.013509 0.126610 0.073396 -0.292586 -0.301140 -0.144763 0.151796 0.050810 0.161632 -0.169043
-0.180960 -0.210919 -0.273547 -0.201788 -0.225741 -0.354661 0.248844 0.406099 0.044011 0.371595 0.680747 0.248315 1.000000 0.561258 0.467064 0.562732 0.224534 -0.044928 -0.177514 -0.097542 -0.422682 -0.378242 -0.086894 -0.176537 -0.154027 -0.297831 -0.079489 -0.253195 0.344306 0.268796 -0.072693 -0.373562 -0.076733 -0.251575 -0.157084 -0.224069 -0.295100 -0.157592 -0.204245 -0.136354 -0.150114 -0.039460 -0.316012 -0.302472 -0.221319 -0.226749 -0.375474 -0.368699 0.103538 0.057243 -0.091803 0.052839 -0.054428 0.085691 0.085598 0.056712 -0.357683 -0.268720 0.313533 0.092390 0.594835 0.284663 0.199463 0.080770 0.205198 0.345825 -0.283862 -0.308473 -0.385774 -0.109487 -0.250554 -0.317307 0.200052 -0.132671 0.026590 -0.238691 -0.244688 -0.204505 -0.045059 -0.226780 -0.195154 -0.222715 0.419919 0.383841 0.219920 0.204899 0.171700 -0.006984 0.247304 0.056385 0.296910 -0.141656 0.226720 -0.072911 -0.268445 0.121446 -0.383387 -0.145991 -0.304248 -0.126480 0.086384 0.058679 -0.309572 -0.167368 -0.047568 -0.124901 -0.022896 0.116587 0.060053 -0.085868 -0.517781 0.195291 0.245970 0.135124 -0.050472 0.036578
0.033604 -0.272175 -0.430145 -0.194092 -0.203699 -0.202329 0.126498 0.473385 0.142771 0.307615 0.305972 0.587419 0.561258 1.000000 0.104657 0.548638 0.015623 0.030672 -0.427351 -0.226470 -0.372118 -0.169190 -0.460786 -0.222128 -0.266954 -0.382586 -0.128973 -0.273492 0.133065 0.331521 -0.242002 -0.277060 -0.166658 -0.158194 -0.226314 -0.183020 -0.006248 -0.009473 -0.147356 -0.051690 -0.279538 0.218316 -0.347638 -0.238741 -0.513821 -0.258656 -0.317779 -0.331746 -0.054609 -0.051531 -0.247104 -0.027391 -0.047107 -0.139975 -0.011762 -0.172023 -0.132182 -0.403077 0.423445 0.343342 0.605098 0.523992 0.241699 0.243647 -0.106917 0.620582 -0.281902 -0.211850 -0.413395 -0.503129 -0.172953 -0.357331 0.154787 -0.028645 -0.069142 -0.176354 -0.014928 -0.020943 0.160111 -0.157770 0.176532 0.039297 -0.001531 0.539081 -0.210740 0.400037 -0.154569 0.043122 -0.167803 -0.217859 0.100527 -0.234558 0.180733 -0.165110 -0.047855 0.100915 -0.484205 -0.166306 -0.292313 -0.300733 0.213626 0.113749 0.028791 0.162052 0.057746 -0.046967 0.060692 0.080880 0.040683 -0.353916 -0.444957 0.027139 0.029034 0.119832 -0.075131 -0.032989
-0.199062 -0.298740 -0.060497 0.113220 -0.093606 -0.205871 0.222886 0.203506 -0.109458 0.135436 0.404542 0.049822 0.467064 0.104657 1.000000 0.397848 -0.104005 -0.115867 0.144196 -0.102015 -0.333338 -0.216760 0.292974 0.177595 -0.103481 0.062344 -0.067847 0.112203 0.266683 0.114846 0.094341 -0.065473 -0.178232 -0.097320 -0.100594 0.051625 -0.117132 -0.031386 -0.161897 -0.120571 -0.054183 -0.086717 -0.211647 -0.120396 -0.053909 -0.147449 -0.193318 -0.300295 0.059947 -0.112488 0.174967 -0.009945 -0.176741 -0.144601 -0.022295 -0.235462 -0.314604 -0.235239 0.010713 -0.315257 0.195177 -0.100824 -0.098511 -0.205281 0.537238 0.110645 -0.146317 -0.067203 -0.167811 -0.141896 -0.006528 -0.197090 0.140939 0.072115 0.043818 0.219644 -0.020164 0.068797 -0.018235 0.018573 -0.264871 -0.303098 0.458101 0.326329 0.377120 -0.064820 0.437878 -0.054092 0.470934 0.142704 0.091638 0.064314 0.160448 -0.051470 -0.310302 -0.251113 -0.294986 -0.322419 -0.245614 -0.108490 -0.093325 0.047328 -0.275395 -0.037507 0.110198 0.045298 -0.180657 0.037659 -0.178217 -0.092773 -0.478067 -0.068493 0.030353 -0.008908 -0.143990 0.131573
0.098307 -0.359283 -0.263237 -0.036542 0.090829 -0.113011 0.347619 0.532879 0.110606 0.576033 0.304509 0.358642 0.562732 0.548638 0.397848 1.000000 0.082785 -0.076780 -0.230840 -0.020326 -0.170060 -0.254491 -0.220763 -0.085895 -0.278936 -0.403855 -0.045681 -0.268230 0.374964 0.540455 -0.138810 -0.280064 -0.201343 -0.407457 -0.154924 -0.311663 0.133408 -0.009780 -0.041722 -0.225080 -0.082575 0.264497 -0.542034 -0.424310 -0.315500 -0.441210 -0.386714 -0.591983 -0.187591 -0.196289 -0.270179 -0.163716 -0.144210 -0.124299 -0.103545 -0.128524 -0.450908 -0.440053 0.282939 0.040042 0.581619 0.281126 0.363376 0.320425 0.184139 0.383138 -0.379626 -0.444546 -0.509562 -0.373908 -0.059082 -0.245647 0.413952 0.289453 0.043278 0.024586 0.082987 0.008938 0.207428 0.144976 0.003145 -0.050625 0.377718 0.564104 0.165584 0.307570 0.170992 0.023919 0.224460 -0.116419 0.173137 -0.126557 0.145278 -0.244344 -0.078579 -0.072145 -0.549987 -0.215245 -0.157509 -0.248516 -0.010439 -0.096717 -0.242381 0.016018 0.011200 0.067301 0.013833 -0.020640 -0.021228 -0.424643 -0.564314 0.005615 -0.045396 0.106988 0.056155 0.130375
0.402240 0.405323 -0.119082 -0.193540 -0.284082 0.018595 -0.356958 -0.181698 0.068788 0.084912 0.265812 -0.022083 0.224534 0.015623 -0.104005 0.082785 1.000000 0.209560 0.046566 0.439683 -0.025741 -0.261781 -0.282281 -0.335265 -0.072509 -0.123942 -0.056527 -0.135670 0.403579 0.198412 -0.119364 -0.224619 0.203056 0.204489 -0.019916 -0.316322 -0.070702 -0.013239 0.010466 0.120743 -0.023419 -0.041683 0.109968 -0.117095 -0.066138 -0.344667 0.123023 0.126164 0.141093 0.068149 -0.259149 -0.141070 0.056055 0.208919 0.198145 0.361578 0.276691 0.298928 0.124679 -0.085502 0.018496 0.172852 0.100842 0.273297 -0.294595 -0.066083 -0.434975 -0.535107 0.194401 0.357141 -0.046594 -0.145436 0.428749 0.137578 0.391966 0.148096 -0.024078 0.272682 0.187487 0.187214 0.045204 -0.027301 0.439111 0.214095 0.107174 -0.076728 0.112866 0.085353 -0.032895 -0.187545 -0.143402 -0.195317 -0.108805 0.002724 0.184549 0.130823 0.086432 0.076516 -0.130841 0.270961 0.044380 -0.156093 -0.061677 -0.149030 0.017232 -0.209033 -0.222979 -0.038645 0.126932 0.209708 -0.074128 0.247086 0.148311 0.092481 0.073188 0.013863
0.215737 0.153063 0.008699 -0.259396 -0.115669 -0.120355 -0.070436 -0.314718 0.146963 -0.133363 0.112887 -0.032102 -0.044928 0.030672 -0.115867 -0.076780 0.209560 1.000000 0.250461 0.486126 0.183721 -0.093410 -0.069325 -0.401330 -0.067623 -0.216165 0.078455 -0.253314 0.234812 0.215805 0.031208 -0.120239 0.017254 0.023751 0.028534 -0.288272 0.145494 -0.018023 0.028994 -0.187571 0.063564 0.132357 0.008714 -0.000456 -0.111655 -0.312299 -0.169104 0.079562 0.049864 0.039546 -0.193187 -0.176773 -0.049566 -0.009713 -0.040069 0.102480 0.460743 0.160322 0.074967 0.033455 -0.083769 0.007035 0.281621 0.326956 -0.319634 -0.226591 -0.034624 -0.219205 0.210145 0.050105 0.127579 -0.124132 0.232836 -0.038245 0.101985 0.155300 0.079072 0.001719 0.176840 0.222694 0.138367 0.197932 0.188023 0.121976 -0.175695 -0.091721 0.097537 0.248419 -0.287588 -0.210299 0.070903 0.061454 -0.289028 0.000392 -0.106387 0.266576 -0.139859 0.002618 0.075047 -0.037348 -0.051012 0.094837 0.116201 0.235023 0.031915 0.000820 0.083878 -0.081663 0.021424 -0.032048 0.094057 0.278085 0.029846 -0.053893 0.083316 0.068219
-0.013318 0.236263 0.394467 0.073495 0.056241 -0.138034 0.096671 -0.191403 0.110103 -0.173246 0.174879 -0.255238 -0.177514 -0.427351 0.144196 -0.230840 0.046566 0.250461 1.000000 0.360953 0.131259 -0.110041 0.336816 -0.108867 0.078564 0.006168 -0.209825 -0.032104 0.258926 -0.064487 0.194080 -0.025354 0.207283 0.306215 0.026892 -0.138492 -0.089697 -0.077399 -0.026647 -0.025855 0.142640 -0.213894 0.289412 0.247683 0.154708 0.126345 0.040421 0.181268 -0.063991 0.046129 0.182180 -0.231645 -0.047176 -0.216093 -0.031061 0.020738 0.073118 0.085801 0.034321 -0.150744 -0.088023 -0.269598 -0.025229 -0.027867 0.205371 -0.238040 0.302935 0.074373 0.195173 0.260221 0.057419 0.010651 0.137086 0.014852 0.059602 0.178606 0.146358 0.016166 -0.122487 0.205753 -0.170437 -0.128917 0.196341 -0.274761 0.034831 -0.385278 -0.005602 -0.032331 -0.108486 -0.076741 -0.155453 0.202555 -0.169409 -0.021201 -0.105446 0.031796 0.305368 0.197599 -0.114421 0.126746 -0.150389 -0.015293 -0.051787 -0.339792 -0.168211 -0.392409 -0.306096 -0.085621 -0.115309 0.342887 0.084331 -0.072594 -0.089895 -0.274174 0.129509 0.006147
0.376918 0.424682 0.158144 -0.010539 0.040354 0.067222 -0.175305 -0.352394 0.204201 -0.115557 0.113663 -0.008376 -0.097542 -0.226470 -0.102015 -0.020326 0.439683 0.486126 0.360953 1.000000 0.166918 -0.074141 0.065921 -0.148698 0.024254 -0.108746 0.195617 -0.051027 0.355584 0.161366 0.072716 -0.063093 0.190279 0.236949 -0.138011 -0.255827 0.125365 -0.050234 0.128501 -0.011476 0.232350 0.156503 0.152566 0.055956 -0.065715 -0.355653 -0.047941 0.024758 -0.092729 -0.156722 -0.313162 -0.420083 -0.189197 -0.134542 -0.084768 0.085413 0.356017 0.271843 -0.011460 -0.202817 -0.225930 -0.154070 0.044778 0.306892 -0.251822 -0.289937 -0.159788 -0.337287 0.140904 0.196464 0.122165 -0.155734 0.462044 0.106559 0.251128 0.221557 -0.136606 0.189567 0.028601 0.288019 0.063778 0.149505 0.331750 -0.011390 0.111328 -0.155940 0.087584 0.199076 -0.088262 -0.290142 -0.029585 -0.038418 -0.031552 0.041878 0.149354 0.249809 0.007584 0.046719 -0.017280 0.208143 -0.337011 -0.156089 -0.098913 0.000257 -0.022098 0.001166 -0.216331 -0.192886 0.134840 0.121194 0.109288 0.175729 0.131930 -0.117662 0.168441 0.115623
0.135921 0.146707 0.269164 0.111776 0.318668 0.078979 -0.057461 -0.336988 0.045851 -0.227607 -0.178470 -0.202201 -0.422682 -0.372118 -0.333338 -0.170060 -0.025741 0.183721 0.131259 0.166918 1.000000 0.277954 0.164854 0.109663 0.211530 0.157458 0.032680 0.219292 -0.167041 -0.100375 0.021674 0.144994 -0.009271 0.187578 0.140602 0.072570 0.223543 0.002887 0.269207 -0.078187 0.195413 0.052813 0.048720 0.022357 0.262571 0.180997 0.187853 0.062271 -0.026860 -0.197814 0.121154 -0.144313 0.057726 -0.039065 -0.083573 -0.040122 0.120477 0.265611 -0.170973 -0.075179 -0.187620 -0.090539 0.102847 0.095889 -0.178134 -0.349928 0.174206 0.187517 0.187521 0.169221 0.164594 0.280121 -0.058744 0.156953 0.044085 0.335171 0.193595 -0.044033 0.197115 0.165379 0.142767 0.232791 -0.171929 -0.273132 0.038485 -0.203062 -0.010217 0.027198 -0.016114 -0.054382 0.045665 0.202293 -0.153991 0.078388 0.042534 -0.144019 0.096073 0.069263 0.227919 -0.185984 -0.229984 -0.039338 -0.032885 -0.073335 -0.273109 -0.118934 -0.016229 -0.289396 -0.079876 0.039514 0.291889 0.038931 -0.172329 -0.166053 0.236993 -0.176658
0.050506 -0.029339 0.091971 0.002620 0.028261 0.228253 -0.112120 -0.175250 -0.144871 -0.164391 -0.306037 -0.174344 -0.378242 -0.169190 -0.216760 -0.254491 -0.261781 -0.093410 -0.110041 -0.074141 0.277954 1.000000 0.021310 0.327015 0.198062 0.166256 0.084913 0.151103 -0.209258 -0.233939 0.165021 0.416265 0.075121 0.050871 -0.026689 0.138572 0.118576 -0.030943 0.422572 -0.130472 0.177929 0.081094 -0.124731 0.036268 -0.092720 0.034858 0.075340 0.150856 -0.040113 -0.282886 -0.038060 -0.054732 -0.052660 0.088007 -0.228699 0.093034 0.199501 0.120799 -0.102540 0.031798 -0.231504 -0.147235 -0.094727 -0.025997 -0.138463 -0.204605 0.138197 0.235361 0.207171 0.264722 0.081888 0.477271 -0.193731 -0.058757 -0.172810 0.036574 -0.179965 -0.119325 -0.103887 0.029127 0.306787 0.296084 -0.199958 -0.086818 -0.324777 -0.174812 -0.214636 0.003088 -0.206557 0.124264 -0.024993 0.311768 -0.210622 0.266454 0.247521 0.239172 0.062174 0.316199 0.344493 -0.033004 -0.044991 0.133109 0.151877 0.104270 -0.250551 0.072078 0.149866 -0.050195 0.376956 -0.152577 0.399700 -0.199694 -0.087967 0.033177 0.290577 -0.227086
-0.251315 0.117166 0.393199 0.360369 0.102589 -0.062861 0.185572 -0.259257 -0.024262 -0.305063 -0.001122 -0.410248 -0.086894 -0.460786 0.292974 -0.220763 -0.282281 -0.069325 0.336816 0.065921 0.164854 0.021310 1.000000 0.538261 0.398217 0.541948 0.268257 0.422170 -0.388331 -0.481496 0.161749 0.178992 0.017841 0.019993 0.036129 0.360263 -0.171724 -0.066882 0.112354 0.093150 0.154043 -0.255848 0.132263 0.268978 0.353966 0.346907 0.090174 0.204237 0.123855 -0.108030 0.475740 0.106419 -0.114876 -0.047620 -0.058867 -0.059931 -0.082409 0.192485 -0.426505 -0.595799 -0.394859 -0.661335 -0.285082 -0.565445 0.419034 -0.457685 0.170451 0.346950 0.057662 0.150936 0.021921 0.062909 -0.260381 -0.028396 0.003854 0.080820 -0.051982 -0.002566 -0.280513 -0.057358 -0.439929 -0.315021 -0.102230 -0.422117 0.310552 -0.265104 0.118735 -0.027810 0.430814 0.162436 -0.096147 0.308905 0.151084 0.333921 -0.023356 -0.127758 0.294985 -0.041911 0.001394 -0.116102 -0.196317 -0.004729 -0.206021 -0.141489 -0.082887 0.073972 -0.185945 -0.124075 -0.239937 0.307628 0.191613 0.111475 -0.053269 -0.064329 -0.179072 0.121699
-0.109812 -0.004948 0.138735 0.601980 0.106595 0.191956 0.090242 0.049558 -0.040262 -0.069097 -0.308013 -0.206465 -0.176537 -0.222128 0.177595 -0.085895 -0.335265 -0.401330 -0.108867 -0.148698 0.109663 0.327015 0.538261 1.000000 0.447221 0.570526 0.241100 0.452515 -0.498147 -0.471249 0.110744 0.391943 -0.008685 -0.104542 0.033757 0.434514 0.073619 0.065106 0.189888 -0.083201 0.037272 0.104401 -0.025344 0.179738 0.253713 0.309963 0.233226 -0.015797 0.071756 -0.159105 0.341272 0.240259 -0.029417 -0.015293 -0.188999 -0.049216 -0.133238 0.104684 -0.436968 -0.531028 -0.331397 -0.462795 -0.394803 -0.494185 0.203379 -0.147899 -0.053392 0.339997 -0.114394 0.078638 0.175812 0.191733 -0.351967 0.043834 -0.033910 -0.059621 -0.242280 -0.086200 -0.395114 -0.107660 -0.311461 -0.345599 -0.268873 -0.238884 0.088085 -0.114111 -0.125495 -0.124738 0.320793 0.224646 0.021917 0.133150 0.405929 0.231839 0.051857 -0.006982 -0.031697 -0.023785 0.126539 -0.132406 -0.104602 -0.154836 -0.161844 -0.060034 -0.191327 0.079733 -0.141490 -0.203346 0.055704 -0.147329 0.190119 -0.077878 -0.160815 0.231110 0.051090 -0.109612
0.199957 0.146067 0.150964 0.259436 0.145480 -0.014727 -0.108482 -0.253803 0.330987 -0.317627 -0.091500 -0.133695 -0.154027 -0.266954 -0.103481 -0.278936 -0.072509 -0.067623 0.078564 0.024254 0.211530 0.198062 0.398217 0.447221 1.000000 0.473484 0.301934 0.290863 -0.307465 -0.269833 0.108322 0.350025 0.142010 0.104528 0.161052 0.281166 -0.137851 -0.145613 0.108361 0.035382 0.052809 -0.111060 0.138641 0.289594 0.302827 0.247700 0.178038 0.243152 0.176870 -0.076793 0.375052 0.268351 -0.018325 0.103130 0.086878 0.229901 0.108964 0.263266 -0.290486 -0.247932 -0.256651 -0.286513 -0.207084 -0.274616 0.093828 -0.254891 0.000769 0.174200 0.096944 0.259534 -0.099080 0.087303 -0.258303 -0.106375 -0.213539 -0.004283 -0.199848 -0.085764 -0.176140 0.136562 -0.332881 -0.195909 -0.136699 -0.283565 -0.009489 -0.166446 0.006246 0.115624 0.112105 -0.022080 -0.095783 0.055454 -0.012427 0.105830 -0.035635 -0.047891 0.256326 0.000423 0.131515 -0.009203 -0.025105 -0.177974 -0.150072 -0.162497 -0.171163 -0.087100 -0.184092 -0.063099 -0.127164 0.223638 0.241344 0.062554 -0.050147 -0.016244 0.056879 0.018153
-0.044880 0.069956 0.205963 0.326273 0.000120 0.087302 -0.161955 -0.327281 0.115523 -0.356174 -0.151118 -0.267765 -0.297831 -0.382586 0.062344 -0.403855 -0.123942 -0.216165 0.006168 -0.108746 0.157458 0.166256 0.541948 0.570526 0.473484 1.000000 0.180677 0.492540 -0.447538 -0.399126 0.230827 0.501653 0.112317 0.209414 0.222763 0.397375 -0.163942 0.171912 -0.066231 0.319931 -0.076095 -0.166297 0.072538 0.202549 0.154734 0.194538 0.308444 0.293986 -0.029471 -0.261802 0.280796 0.089896 -0.048134 -0.017241 0.006787 -0.014807 0.022366 0.274039 -0.483153 -0.557743 -0.415188 -0.356688 -0.388039 -0.433716 0.236966 -0.312036 0.057265 0.254553 0.135733 0.141660 0.085279 0.231908 -0.371043 0.007158 -0.001505 0.069054 -0.007623 0.154977 -0.152059 -0.205263 -0.301528 -0.286184 -0.295607 -0.282718 0.153263 -0.119716 0.072417 0.039341 0.285166 0.140501 -0.152134 0.223246 0.142020 0.232780 -0.038879 -0.221415 0.230498 -0.000988 0.061766 0.015013 -0.070373 -0.076836 -0.104611 0.063132 0.072332 0.150987 -0.141816 -0.071354 -0.227315 0.212022 0.259021 -0.063565 0.048119 0.056712 -0.217145 -0.012065
0.183307 0.120873 -0.081077 0.278876 0.117798 0.337099 -0.132357 -0.130345 0.041055 -0.134960 -0.145209 0.045328 -0.079489 -0.128973 -0.067847 -0.045681 -0.056527 0.078455 -0.209825 0.195617 0.032680 0.084913 0.268257 0.241100 0.301934 0.180677 1.000000 0.380062 -0.224708 -0.182812 -0.108745 0.184897 0.078824 0.050173 -0.013405 -0.036798 0.117257 0.006400 0.288525 -0.017274 0.251459 0.171066 -0.025535 0.118836 -0.109894 -0.073200 -0.109055 0.082187 -0.150170 -0.175446 0.045388 -0.008922 -0.333568 0.073898 0.086606 0.049619 0.131261 0.148720 -0.413684 -0.290512 -0.324455 -0.323266 -0.015828 -0.173498 -0.058468 -0.174299 -0.111252 -0.059840 -0.000950 0.026895 0.213026 0.052221 -0.070313 -0.130369 0.026197 0.101966 -0.180173 0.055085 -0.113686 0.214313 -0.125458 0.076679 0.014002 -0.064321 0.145151 0.209373 0.128811 0.131970 0.112113 -0.097511 0.099702 0.091895 0.105639 -0.101144 -0.055820 0.038519 -0.112269 -0.024923 0.170426 0.017985 0.006180 -0.237904 -0.200861 0.117891 0.106575 0.391671 0.208674 -0.020729 0.075552 -0.105394 0.207930 0.009905 0.142097 0.158583 0.134116 0.048646
-0.178137 0.089115 0.090440 0.530081 0.061372 0.431737 -0.092920 -0.204230 0.044739 -0.439127 -0.073977 -0.025543 -0.253195 -0.273492 0.112203 -0.268230 -0.135670 -0.253314 -0.032104 -0.051027 0.219292 0.151103 0.422170 0.452515 0.290863 0.492540 0.380062 1.000000 -0.449250 -0.378941 -0.169965 0.086405 0.165777 0.293336 -0.092760 0.321515 0.144139 0.054812 0.319794 0.262942 0.094167 -0.046041 0.146305 0.157425 0.253521 0.315363 0.213698 0.074756 -0.051554 -0.205903 0.345011 0.015471 -0.181633 -0.264503 0.170441 -0.108687 0.035140 0.161644 -0.446023 -0.476362 -0.451747 -0.433907 -0.224023 -0.454850 0.219704 -0.210142 0.015752 0.396821 0.040817 0.134385 0.005304 0.084490 -0.299549 -0.074473 0.082840 0.273880 -0.086322 -0.076812 -0.006082 0.123843 -0.106789 0.042905 -0.155922 -0.266952 0.207578 0.098973 0.027670 0.176692 0.279250 0.081540 -0.165892 0.098585 0.324363 0.174294 -0.032833 -0.180791 0.266359 -0.036530 -0.112779 -0.121997 -0.125088 -0.009356 -0.162475 -0.115953 0.073735 0.138382 -0.101682 -0.152690 -0.169353 0.198807 0.237068 -0.302648 -0.091025 -0.057657 0.057252 -0.229865
0.294464 0.027854 -0.143963 -0.268788 -0.111306 -0.179868 -0.104227 -0.002627 -0.095357 0.271998 0.279067 0.165875 0.344306 0.133065 0.266683 0.374964 0.403579 0.234812 0.258926 0.355584 -0.167041 -0.209258 -0.388331 -0.498147 -0.307465 -0.447538 -0.224708 -0.449250 1.000000 0.625750 0.313834 -0.072562 0.053094 0.062017 -0.300880 -0.526424 0.011971 -0.028942 -0.227260 -0.134492 0.055934 0.021912 -0.050309 -0.191931 -0.293297 -0.499869 -0.123548 -0.267614 -0.146280 -0.065350 -0.500675 -0.453218 0.011954 -0.050923 0.050862 0.078004 0.079396 -0.095501 0.443348 0.206014 0.346307 0.327984 0.324800 0.531171 -0.098918 0.089807 -0.220774 -0.576946 0.002016 -0.020814 0.112105 -0.032846 0.649825 0.165708 0.217558 0.236064 0.094174 0.082599 0.224996 0.221411 0.251074 0.210510 0.704937 0.501735 0.081185 -0.131686 0.143164 -0.120374 -0.065950 -0.210385 0.074713 -0.148259 -0.295533 -0.388094 -0.076837 0.178494 -0.116410 0.122838 -0.029523 0.203913 0.048106 0.003835 -0.122968 -0.208688 -0.010736 -0.203240 -0.118341 0.182715 0.206224 0.013044 -0.313691 -0.072875 0.229180 0.059423 0.271946 0.025313
0.173741 -0.134623 -0.292514 -0.232140 -0.014456 -0.074522 0.014132 0.095853 0.107899 0.293494 0.165180 0.241327 0.268796 0.331521 0.114846 0.540455 0.198412 0.215805 -0.064487 0.161366 -0.100375 -0.233939 -0.481496 -0.471249 -0.269833 -0.399126 -0.182812 -0.378941 0.625750 1.000000 0.063227 -0.041665 0.026349 -0.128349 0.001720 -0.520091 0.070142 -0.007919 -0.225289 0.116891 -0.078783 0.196977 -0.311398 -0.476819 -0.408946 -0.611177 -0.214786 -0.453694 -0.204658 -0.103279 -0.623153 -0.288436 0.018847 -0.050038 -0.015016 -0.064572 -0.086512 -0.242696 0.355611 0.285324 0.490255 0.463461 0.359293 0.502164 -0.120908 0.189502 -0.301388 -0.538150 -0.234293 -0.217778 0.059960 -0.142017 0.588387 0.309410 0.007098 0.176159 0.294303 0.071148 0.466287 0.165532 0.267223 0.260069 0.381911 0.570434 -0.062466 0.230576 0.117825 0.043985 -0.020735 -0.146030 -0.010902 -0.207879 -0.156448 -0.356332 0.001345 -0.025542 -0.300389 -0.112338 -0.080008 -0.017043 -0.054461 -0.013255 -0.155687 0.192308 0.232211 0.125144 0.014511 0.096341 -0.116138 -0.168327 -0.377424 -0.145094 -0.030205 -0.095332 0.024378 0.250749
0.118903 -0.005504 0.082372 0.007163 -0.004631 -0.112522 -0.104007 -0.207408 -0.146924 -0.128428 -0.122133 -0.277592 -0.072693 -0.242002 0.094341 -0.138810 -0.119364 0.031208 0.194080 0.072716 0.021674 0.165021 0.161749 0.110744 0.108322 0.230827 -0.108745 -0.169965 0.313834 0.063227 1.000000 0.509787 0.084063 0.010908 -0.230670 -0.062350 -0.127775 0.020381 -0.082142 -0.159431 0.150208 -0.052757 0.065705 0.112528 -0.135627 -0.046771 0.026379 0.005327 -0.100357 -0.282656 -0.144448 -0.283827 0.107188 -0.166357 -0.091389 -0.199826 0.136113 0.171517 0.054353 -0.123432 -0.104114 -0.146697 -0.110872 0.138569 0.080816 -0.190270 0.102529 -0.084015 0.080032 0.110996 -0.043586 0.242183 0.079534 0.092219 -0.001417 0.132173 -0.044389 -0.065105 -0.024470 0.008958 0.169633 0.150586 0.218190 0.080262 0.016703 -0.324908 0.070912 -0.190746 0.083644 -0.007292 0.096444 0.003144 -0.063641 -0.164417 -0.149541 0.362881 0.104836 0.153609 0.261475 0.114049 -0.122679 0.038155 -0.102515 -0.069872 -0.199166 -0.087322 -0.003540 0.168466 0.318178 0.014798 0.227672 -0.135285 0.070683 0.182828 0.169831 0.000111
0.115960 0.082132 -0.074469 0.228173 -0.123542 0.044263 -0.383065 -0.310759 -0.129530 -0.281899 -0.572533 -0.088668 -0.373562 -0.277060 -0.065473 -0.280064 -0.224619 -0.120239 -0.025354 -0.063093 0.144994 0.416265 0.178992 0.391943 0.350025 0.501653 0.184897 0.086405 -0.072562 -0.041665 0.509787 1.000000 0.200500 0.117479 -0.028960 0.127319 0.063331 0.118056 -0.002978 0.111528 0.167575 -0.003578 0.002795 0.163572 -0.034419 -0.104607 0.260045 0.243703 -0.234032 -0.390098 -0.190010 -0.047718 0.065120 0.029450 -0.124392 -0.015779 0.215043 0.203934 -0.311503 -0.246883 -0.351095 -0.149291 -0.282124 -0.081239 -0.060322 -0.212353 -0.012653 0.080599 0.143595 0.139905 0.107798 0.463611 -0.050571 0.045724 0.078459 0.160868 0.070357 0.183206 -0.041697 0.023315 0.182671 0.162277 -0.042326 0.088743 0.045972 -0.028685 -0.067679 0.004429 0.094598 0.175639 -0.125194 0.065402 -0.135884 0.001376 0.042983 -0.041408 0.131698 0.108068 0.273228 -0.026228 -0.185973 -0.010634 -0.118016 0.105188 0.051005 0.144859 -0.063107 0.068938 0.098017 0.030537 0.197145 -0.122335 0.033202 0.204014 0.077577 -0.031438
-0.139235 0.158072 -0.122006 -0.034867 -0.107325 0.098473 -0.261415 -0.096372 -0.025897 -0.032982 -0.056508 -0.117144 -0.076733 -0.166658 -0.178232 -0.201343 0.203056 0.017254 0.207283 0.190279 -0.009271 0.075121 0.017841 -0.008685 0.142010 0.112317 0.078824 0.165777 0.053094 0.026349 0.084063 0.200500 1.000000 0.131644 0.080630 -0.159792 -0.099913 -0.226550 -0.078450 0.202290 0.085596 -0.102921 0.122486 -0.010117 0.070596 -0.027254 0.173249 0.017872 0.044584 0.036447 -0.097617 0.019694 0.112673 0.029210 0.228555 0.104034 0.077153 0.270796 0.002788 0.009769 -0.033830 0.040293 0.026528 0.156583 -0.236009 -0.115550 0.070727 -0.026069 0.102011 0.289159 -0.074281 0.159210 0.260066 -0.087931 0.161681 -0.154028 0.024161 -0.004898 0.001373 -0.021858 -0.091098 0.020217 -0.010284 -0.105771 0.001212 0.040523 -0.219883 0.055303 -0.072908 0.073126 -0.194073 -0.152344 0.133354 -0.007857 0.130086 0.133366 0.257981 0.126630 -0.115196 0.140100 -0.108223 -0.024399 0.082178 -0.231825 -0.158435 -0.198144 -0.203175 -0.160098 0.075526 0.274878 0.062134 -0.097469 -0.051455 -0.010270 0.124788 -0.052943
0.122692 0.296605 0.056616 -0.002156 0.045892 0.271462 -0.250157 -0.265196 0.250182 -0.240061 -0.031466 0.028093 -0.251575 -0.158194 -0.097320 -0.407457 0.204489 0.023751 0.306215 0.236949 0.187578 0.050871 0.019993 -0.104542 0.104528 0.209414 0.050173 0.293336 0.062017 -0.128349 0.010908 0.117479 0.131644 1.000000 -0.076577 -0.081416 -0.180580 -0.148736 -0.121810 0.326186 0.003071 -0.149729 0.314264 0.225395 -0.078395 0.041538 0.125075 0.213044 -0.129447 -0.087982 0.009912 -0.247771 -0.027282 -0.329513 0.263196 -0.135259 0.339906 0.142154 -0.200620 -0.041646 -0.097926 0.057338 -0.132672 -0.084118 -0.083038 -0.162551 0.248760 0.180204 0.356208 0.155056 -0.003126 -0.002784 0.105700 -0.069402 0.244335 0.222228 0.050393 0.303905 0.192623 0.065822 0.105653 0.122789 -0.123170 -0.189781 -0.113205 -0.359576 -0.121005 -0.069612 -0.057074 -0.296734 -0.146181 -0.151469 -0.035754 -0.095227 0.011728 -0.075403 0.148792 0.060786 -0.311926 0.126005 -0.036743 -0.009847 -0.003149 -0.079727 0.046408 -0.139065 -0.226283 -0.054945 -0.026664 0.400280 0.056765 -0.151254 0.069310 -0.106634 0.047166 -0.092907
-0.015206 -0.091101 0.052524 -0.101290 0.235295 -0.065419 0.075646 -0.079131 -0.009445 -0.003830 -0.046465 -0.336119 -0.157084 -0.226314 -0.100594 -0.154924 -0.019916 0.028534 0.026892 -0.138011 0.140602 -0.026689 0.036129 0.033757 0.161052 0.222763 -0.013405 -0.092760 -0.300880 0.001720 -0.230670 -0.028960 0.080630 -0.076577 1.000000 0.233536 -0.076337 -0.046335 -0.164837 0.237167 -0.053762 -0.188408 0.003590 -0.099268 0.063672 -0.040008 0.159448 0.162809 -0.028200 0.175289 0.074947 0.160450 0.132962 0.313241 -0.018039 0.097568 -0.083536 0.114938 -0.058912 0.103192 0.070387 0.155076 -0.034184 -0.070144 0.064070 -0.025563 0.158653 0.108225 0.116779 0.083142 0.235608 0.067117 -0.113222 -0.096082 -0.189264 -0.221086 0.120889 0.126658 -0.026912 -0.246143 -0.329009 -0.233187 -0.250382 -0.180149 -0.066827 -0.010813 0.157833 0.054994 -0.043769 0.184270 -0.190540 0.060560 -0.203926 0.068072 -0.015300 -0.339968 0.127610 -0.006655 0.004040 0.196678 -0.034824 -0.192002 0.127127 0.097260 0.142263 0.103550 -0.047162 -0.061831 -0.413004 0.237103 0.029814 0.183047 -0.159628 -0.245857 -0.271089 0.280661
-0.124798 -0.078504 0.263687 0.320784 -0.010706 -0.121925 0.061122 -0.133778 -0.086670 -0.362452 -0.156322 -0.113466 -0.224069 -0.183020 0.051625 -0.311663 -0.316322 -0.288272 -0.138492 -0.255827 0.072570 0.138572 0.360263 0.434514 0.281166 0.397375 -0.036798 0.321515 -0.526424 -0.520091 -0.062350 0.127319 -0.159792 -0.081416 0.233536 1.000000 0.057212 0.112509 0.129170 0.095746 -0.105671 -0.065874 0.107982 0.187876 0.157641 0.431434 0.159502 0.199715 -0.046424 -0.039375 0.420429 0.226920 0.142513 0.001512 -0.074421 -0.135870 -0.025344 0.128421 -0.380425 -0.270040 -0.280909 -0.288237 -0.297918 -0.424104 0.314009 -0.081402 0.178424 0.571888 -0.001742 -0.146426 -0.098598 -0.131570 -0.414145 -0.187140 -0.147888 -0.183745 -0.044878 0.172482 -0.114292 -0.283206 -0.113089 -0.049149 -0.347828 -0.190497 0.084428 0.066770 0.043901 0.105191 0.161772 0.082233 -0.081623 0.090175 0.029763 0.362977 0.082118 -0.164522 0.218255 -0.046393 0.041198 -0.074756 -0.063956 0.070056 0.023180 -0.099510 -0.047715 -0.001526 -0.099579 -0.012676 -0.277536 0.187181 0.199331 0.105040 -0.079921 -0.133729 -0.151540 -0.023250
