1.000000 0.657564 -0.272592 -0.188670 -0.233424 -0.232184 -0.137738 -0.213615 -0.312103 -0.201464 0.422005 -0.053601 -0.244580 -0.319813 -0.267718 -0.152860 0.507417 0.131609 0.641022 0.552364 -0.067904 -0.242275 -0.263791 -0.095789 -0.178792 -0.436259 -0.373376 -0.336785 0.215235 -0.125012 -0.241413 -0.271387 0.434276 0.453608 -0.060671 0.066751 0.086913 -0.065435 -0.094640 0.046702 0.028799 -0.020775 -0.159409 -0.090488 -0.096573 -0.044933 -0.241071 -0.125236 0.002146 0.029953 -0.192290 0.064925 -0.099625 -0.069995 -0.276980 -0.381360 0.519316 0.358037 0.259036 0.134039 0.099751 0.255452 0.297446 0.366408 -0.221146 0.005239 -0.088934 0.005022 0.159135 0.127139 -0.207571 -0.097808 0.082507 -0.161938 0.106126 0.113554 0.485486 0.151740 0.266410 0.067939 0.442869 0.229940 0.100090 0.160095 0.119843 -0.102717 -0.062366 -0.047310 -0.071340 -0.243264 0.019447 -0.087386 -0.397975 -0.329845 -0.188819 -0.115374 -0.258237 -0.382371 -0.155901 -0.365950 -0.172128 -0.259988 -0.055613 -0.105898 -0.062878 -0.338254 -0.035515 -0.302060 -0.155460 -0.148027 -0.210254 -0.404466 -0.425204 -0.239808 -0.170247 -0.183044
0.657564 1.000000 -0.365975 -0.073765 -0.264195 -0.209296 -0.201300 -0.027248 -0.338882 -0.207261 0.242724 0.108622 -0.256213 -0.084903 -0.402761 -0.228833 0.310960 0.179471 0.485534 0.626738 -0.117711 -0.206558 -0.417098 -0.186059 -0.184167 -0.246881 -0.347659 -0.374514 0.012355 -0.104523 -0.231753 -0.186458 0.557438 0.540696 -0.160811 0.087198 -0.095086 -0.090122 -0.255687 0.114153 -0.030838 -0.100626 -0.026937 0.062126 -0.031714 0.123126 -0.125300 0.044516 0.057245 0.167895 -0.076021 0.171906 -0.078823 0.004833 -0.401335 -0.386269 0.312729 0.486677 0.044187 0.299165 -0.158721 0.329146 -0.006933 0.369319 -0.386541 0.008345 -0.021919 0.210325 0.220913 0.273732 -0.194389 -0.094140 -0.050298 -0.068514 0.010581 0.120634 0.343464 0.103438 0.109186 0.158014 0.305925 0.244749 -0.175523 0.156692 -0.013677 -0.130578 -0.272437 -0.151879 -0.265335 -0.325502 0.081675 -0.178923 -0.390285 -0.475411 -0.163054 -0.186404 -0.197200 -0.247469 -0.061921 -0.398401 -0.224304 -0.356251 -0.166586 -0.294878 -0.052331 -0.483862 -0.118804 -0.342450 -0.200929 -0.168655 -0.098172 -0.371354 -0.381147 -0.381534 -0.325421 -0.308752
-0.272592 -0.365975 1.000000 0.557262 0.425737 0.259265 0.746878 0.532385 0.357518 0.201507 -0.015758 0.085995 0.409392 0.273910 0.302558 0.311366 -0.351092 -0.129573 0.059456 -0.118496 0.165280 0.260335 0.654104 0.372904 0.203540 0.305123 0.426514 0.292600 0.004388 0.210977 0.513901 0.487858 -0.249967 -0.173872 -0.204566 -0.300110 -0.407315 -0.241543 0.073949 -0.015141 -0.148455 0.103067 -0.190570 -0.230038 -0.022519 -0.104693 -0.250896 -0.310229 0.000498 -0.099025 0.027312 -0.179289 -0.171553 -0.254023 -0.108887 -0.143179 -0.412326 -0.346644 0.023576 -0.055436 0.110518 -0.258975 -0.038799 -0.281984 0.148251 -0.263295 0.086229 -0.113370 -0.072000 -0.072196 0.369590 0.213604 0.002167 0.166868 0.004738 -0.015354 -0.482156 -0.286917 -0.399740 -0.292920 -0.465735 -0.443475 0.155074 0.232397 -0.305378 -0.180273 0.047828 -0.035710 0.040271 0.194264 -0.265367 -0.068086 0.018536 0.188524 -0.019112 -0.099552 -0.184061 -0.022523 -0.403682 -0.224752 -0.000353 0.205528 -0.031831 -0.089379 -0.223237 -0.028888 -0.078873 0.138305 -0.089485 -0.218485 -0.199426 -0.252480 -0.070813 -0.107792 -0.302160 0.023056
-0.188670 -0.073765 0.557262 1.000000 0.542631 0.516241 0.351670 0.701849 0.453014 0.569172 -0.173766 0.368149 0.132824 0.387732 0.111143 0.225726 -0.345456 0.021560 0.166364 0.064260 0.136210 0.203254 0.598372 0.627904 0.562055 0.327924 0.333047 0.301020 -0.147180 0.225732 0.375081 0.438556 -0.127383 -0.055372 -0.136899 -0.279785 -0.428571 -0.173417 -0.015868 0.155625 -0.226282 0.011427 -0.194181 -0.218605 -0.093367 -0.062256 -0.247925 -0.359088 -0.136872 -0.044888 -0.019293 -0.217077 -0.163833 -0.204894 -0.255084 -0.199909 -0.323786 -0.229399 -0.130876 0.027468 -0.144126 -0.141878 -0.198856 -0.172188 0.138858 -0.076455 -0.162998 -0.129108 -0.158194 -0.135836 0.163906 0.201256 -0.099879 0.255880 -0.071327 0.031086 -0.426446 -0.268329 -0.304279 -0.057369 -0.407402 -0.205906 0.163184 0.212759 -0.112014 0.020454 -0.100404 -0.094773 0.104917 0.183580 -0.335467 -0.214318 0.117215 0.008859 -0.131033 -0.272610 -0.283176 -0.147800 -0.463721 -0.328637 -0.052443 -0.006937 -0.050343 -0.249668 -0.153312 -0.068005 -0.190199 0.142566 -0.332827 -0.328035 -0.335996 -0.263849 -0.140820 -0.326838 -0.253923 -0.052335
-0.233424 -0.264195 0.425737 0.542631 1.000000 0.773550 0.226579 0.359280 0.770869 0.719883 -0.157083 0.104610 0.164688 0.293314 0.351487 0.304023 -0.310057 0.056280 0.127473 -0.179457 0.220686 0.077762 0.519474 0.368157 0.718333 0.337927 0.635170 0.488729 -0.019912 0.293724 0.315213 0.289548 -0.270404 -0.192934 -0.119839 -0.349265 -0.263740 0.003829 -0.008873 -0.018210 -0.168772 0.096878 -0.132999 -0.239080 -0.119918 -0.216011 -0.051275 -0.294415 0.029468 -0.073486 0.215490 -0.113489 0.172516 -0.008554 -0.075006 -0.014993 -0.280174 -0.257268 0.055394 0.056255 0.008577 -0.046665 -0.119430 -0.137798 0.158140 -0.133702 -0.094758 -0.393437 -0.076315 -0.216042 0.299933 0.161082 0.067010 0.293807 0.071197 0.098980 -0.343249 -0.225802 -0.320128 -0.067183 -0.394048 -0.201892 0.142725 0.042399 -0.185387 -0.234505 0.048512 0.056212 0.165942 0.081696 -0.205331 -0.154850 0.133233 0.143846 -0.149834 -0.314902 -0.264751 -0.265704 -0.257461 -0.114741 -0.034992 0.077931 -0.093429 -0.105818 -0.128246 0.089083 -0.183255 0.169700 -0.282775 -0.328281 -0.429223 -0.107288 0.082187 -0.215203 -0.060181 -0.043032
-0.232184 -0.209296 0.259265 0.516241 0.773550 1.000000 -0.077210 0.202025 0.731807 0.775117 -0.118429 0.005482 0.049553 0.164129 0.289613 0.249286 -0.228837 -0.041970 -0.021244 -0.222678 0.205105 0.123002 0.450302 0.384460 0.682684 0.402197 0.708822 0.684416 -0.062677 0.186048 0.114398 0.118274 -0.195463 -0.222844 0.007963 -0.201540 -0.050286 0.036354 0.066960 -0.022711 -0.068108 0.199515 -0.070451 -0.122242 -0.055396 -0.103182 0.055547 -0.193616 0.015361 -0.005397 0.191178 -0.014873 0.157467 0.041042 0.010708 0.175343 -0.199345 -0.216864 -0.035398 0.031329 -0.195878 -0.132794 -0.275118 -0.251416 0.091923 -0.040186 -0.181447 -0.308255 -0.049676 -0.214810 0.168640 0.124539 0.055321 0.176324 0.014341 0.016972 -0.212113 -0.127059 -0.110907 -0.010666 -0.289820 -0.177523 0.039052 -0.056197 -0.013324 -0.103259 0.104749 0.050285 0.124523 0.063840 -0.214147 -0.131591 0.240227 0.145623 0.004479 -0.151612 -0.084279 -0.087231 -0.241466 -0.107096 -0.026470 0.016144 -0.121015 -0.073860 -0.029604 0.203837 -0.192682 0.197542 -0.213845 -0.191177 -0.294120 -0.003300 0.132507 -0.127442 0.040379 -0.041308
-0.137738 -0.201300 0.746878 0.351670 0.226579 -0.077210 1.000000 0.621930 0.060590 -0.087565 0.150959 0.218652 0.598216 0.410341 0.256786 0.262740 -0.194570 -0.028492 0.115014 0.014098 0.088202 0.130044 0.400607 0.227831 -0.115308 0.012713 0.110877 0.001263 0.143510 0.167703 0.565428 0.529068 -0.169770 -0.072564 -0.263576 -0.274553 -0.448785 -0.405892 -0.108343 -0.136648 -0.223183 -0.016509 -0.173829 -0.243615 -0.111177 -0.177942 -0.288102 -0.320743 -0.061495 -0.207037 0.001461 -0.229654 -0.112576 -0.319883 -0.202696 -0.389872 -0.381282 -0.311285 0.043985 -0.098584 0.275901 -0.135250 0.138183 -0.114144 0.078262 -0.213719 0.142504 -0.055156 0.025678 -0.023589 0.323137 0.267047 0.010584 0.188421 0.008444 0.038378 -0.411296 -0.231932 -0.329797 -0.245454 -0.343677 -0.321015 0.203254 0.276000 -0.293826 -0.187494 -0.016117 -0.036994 -0.032357 0.066528 -0.192048 -0.110463 -0.074975 0.152207 -0.012105 -0.104408 -0.292892 -0.119348 -0.414639 -0.259150 -0.031880 0.226320 -0.065350 -0.045188 -0.213398 -0.139801 -0.030523 0.027460 -0.077293 -0.203102 -0.238361 -0.268342 -0.131307 0.034339 -0.272403 0.078174
-0.213615 -0.027248 0.532385 0.701849 0.359280 0.202025 0.621930 1.000000 0.245624 0.370027 -0.019813 0.406625 0.366537 0.638769 0.061828 0.307006 -0.327293 0.014590 0.073722 0.036085 0.202470 0.208433 0.289240 0.438537 0.174798 0.238409 0.090314 -0.034936 -0.086015 0.242490 0.462181 0.559042 -0.145208 -0.015017 -0.299695 -0.243042 -0.532470 -0.264578 -0.147161 0.009021 -0.243394 -0.119828 -0.197447 -0.206835 -0.167265 -0.137800 -0.264307 -0.287485 -0.036820 -0.132952 -0.012683 -0.159297 -0.093555 -0.175890 -0.242929 -0.319552 -0.395125 -0.362990 -0.079959 -0.026834 0.057122 0.012018 -0.101745 -0.132682 -0.045226 0.013978 -0.101993 -0.114848 -0.097739 -0.075195 0.323271 0.371782 -0.030213 0.289659 -0.037408 0.145149 -0.423374 -0.133423 -0.427717 -0.164999 -0.487081 -0.368410 -0.017443 0.162859 -0.358817 -0.149129 -0.184966 -0.135682 -0.000433 0.109151 -0.206072 -0.196972 0.142375 0.041824 -0.042817 -0.267413 -0.340346 -0.173221 -0.400112 -0.290237 0.038631 0.124104 -0.044507 -0.215409 -0.093312 -0.099983 -0.157374 0.130537 -0.236949 -0.223069 -0.300310 -0.200847 -0.061878 -0.220557 -0.211779 0.057466
-0.312103 -0.338882 0.357518 0.453014 0.770869 0.731807 0.060590 0.245624 1.000000 0.790181 -0.190859 -0.027801 0.089767 0.162346 0.302658 0.141487 -0.412776 -0.040526 -0.047882 -0.196837 0.054506 0.003500 0.323992 0.243335 0.629671 0.606979 0.591314 0.524962 -0.138117 0.218612 0.066763 0.119082 -0.170533 -0.140685 0.095821 -0.161166 -0.122462 0.109848 0.177751 0.042935 -0.007201 0.038028 -0.169135 -0.212498 -0.041720 -0.149943 -0.030338 -0.212037 -0.005731 -0.087689 0.030223 -0.184982 -0.009263 -0.077754 0.081682 0.224878 -0.257300 -0.224656 0.098518 0.040859 0.043956 -0.027743 -0.262129 -0.161286 0.178203 -0.013085 0.038647 -0.237771 -0.039134 -0.130300 0.176857 0.056080 -0.003202 0.119467 -0.052482 0.002747 -0.304657 -0.081037 -0.234915 -0.037805 -0.451990 -0.183744 0.043812 -0.062322 -0.131437 -0.115098 0.108475 0.002193 0.182741 0.158232 -0.142417 -0.040696 0.235392 0.191081 -0.037394 -0.153010 -0.066966 -0.035077 -0.156447 0.005620 0.059062 0.135323 0.021601 -0.021079 0.038958 0.236120 -0.152395 0.240420 -0.130084 -0.176491 -0.191994 -0.015533 0.078277 -0.153726 0.050969 -0.023491
-0.201464 -0.207261 0.201507 0.569172 0.719883 0.775117 -0.087565 0.370027 0.790181 1.000000 -0.195206 0.038211 -0.022730 0.204989 0.167738 0.241437 -0.338777 -0.043790 -0.029073 -0.126238 0.069445 0.013767 0.255159 0.382598 0.724868 0.508096 0.423965 0.378625 -0.181459 0.149829 -0.031027 0.047640 -0.231073 -0.235258 0.009856 -0.113544 -0.142904 0.027561 0.099639 0.029667 -0.141959 -0.001531 -0.224130 -0.247413 -0.168032 -0.150479 -0.139878 -0.241170 0.015255 -0.093255 -0.036491 -0.119157 0.077057 0.032943 -0.052700 0.131812 -0.185962 -0.237661 0.086830 0.090997 -0.030221 0.083781 -0.285101 -0.166449 0.057016 0.138657 -0.080623 -0.247973 0.019067 -0.044687 0.153091 0.061375 -0.065906 0.111589 -0.124635 0.030354 -0.288397 -0.105739 -0.228853 -0.032562 -0.337803 -0.183890 0.062921 -0.053216 -0.135361 -0.047519 0.094701 0.013316 0.155704 0.201105 -0.069060 0.020887 0.358195 0.247375 -0.031571 -0.164451 -0.213534 -0.052694 -0.222340 -0.006906 0.175456 0.209412 0.086895 -0.031165 0.087590 0.215954 -0.123568 0.286122 -0.159416 -0.197663 -0.276341 -0.014729 0.089545 -0.225868 0.038582 0.051674
0.422005 0.242724 -0.015758 -0.173766 -0.157083 -0.118429 0.150959 -0.019813 -0.190859 -0.195206 1.000000 0.324208 0.532988 0.211885 0.286126 0.306729 0.500044 0.290087 0.289865 0.141342 0.299510 0.140187 0.017477 -0.131332 -0.257950 -0.300615 -0.070602 -0.080266 0.608485 0.274824 0.175985 0.180249 0.150090 0.198862 -0.034330 -0.227446 0.158706 -0.068289 -0.040601 -0.266656 0.123082 0.295451 -0.180129 -0.140879 -0.215570 -0.246483 -0.199605 -0.241516 -0.017420 -0.206253 -0.019233 -0.027249 -0.051710 -0.046692 -0.084009 -0.196848 -0.027612 -0.113214 -0.001470 -0.150311 0.063715 0.043095 0.355637 0.128806 -0.200987 -0.112982 -0.213850 -0.307568 0.064361 -0.194348 0.077952 0.296250 0.447680 0.226747 0.431103 0.294176 0.429660 0.249327 0.234638 -0.004507 0.229526 -0.037858 0.225317 0.254653 0.232030 0.002931 0.221272 0.145114 -0.154535 -0.125604 -0.275499 -0.297856 -0.169237 -0.078141 -0.279818 -0.007038 -0.205481 -0.320777 -0.350354 -0.396406 -0.117673 -0.038736 -0.193627 -0.105798 -0.086976 -0.230138 -0.122070 -0.105618 -0.053963 -0.143355 -0.294613 -0.175089 -0.081948 0.027758 0.002775 -0.133422
-0.053601 0.108622 0.085995 0.368149 0.104610 0.005482 0.218652 0.406625 -0.027801 0.038211 0.324208 1.000000 0.337522 0.577833 0.156689 0.292241 0.006925 0.403614 0.118636 0.003770 0.384299 0.355478 0.235620 0.192318 0.079139 -0.028268 0.035074 0.002741 0.253637 0.441172 0.545048 0.626351 0.077541 0.230223 0.066752 -0.206924 -0.188186 0.024508 -0.143859 -0.121996 -0.101490 0.139520 0.017344 0.015065 -0.075223 -0.079394 0.029236 -0.229251 -0.118463 -0.087054 0.190127 -0.065215 0.046395 0.099373 -0.211250 -0.134827 -0.307557 -0.248740 -0.372048 -0.330252 -0.250774 -0.221838 0.005747 -0.036082 0.029859 -0.084424 -0.337920 -0.175021 -0.267001 -0.387959 0.152168 0.513512 0.249690 0.484760 0.253220 0.284412 -0.049986 0.075316 -0.012958 0.197883 -0.206627 0.018709 0.084027 0.210085 0.219620 0.375813 -0.076944 -0.012534 -0.173092 -0.070957 -0.447711 -0.539546 -0.162508 -0.299634 -0.311379 -0.213443 -0.173202 -0.289544 -0.278343 -0.303656 -0.385075 -0.276024 -0.442209 -0.426589 -0.344071 -0.254503 -0.182788 -0.141214 -0.204189 -0.275053 -0.269967 -0.099550 0.038507 -0.156993 -0.017844 -0.231166
-0.244580 -0.256213 0.409392 0.132824 0.164688 0.049553 0.598216 0.366537 0.089767 -0.022730 0.532988 0.337522 1.000000 0.645872 0.620456 0.471924 -0.092884 0.180583 -0.090639 -0.251702 0.280818 0.286190 0.379887 -0.010844 -0.158577 -0.062466 0.291229 0.245161 0.357857 0.360828 0.531354 0.466693 -0.247649 -0.266335 -0.120333 -0.389102 -0.155619 -0.108717 -0.019036 -0.268185 -0.078430 0.222816 -0.136255 -0.173588 -0.142620 -0.266155 -0.117639 -0.295259 0.082508 -0.220176 0.196184 -0.106218 0.072899 -0.134916 0.097163 -0.025161 -0.480637 -0.496996 -0.040326 -0.214440 0.201698 -0.088925 0.140509 -0.184655 0.049510 -0.164126 -0.098918 -0.409811 -0.060092 -0.311460 0.361189 0.412552 0.274066 0.413125 0.305180 0.225394 -0.188428 -0.120714 -0.184468 -0.211353 -0.368202 -0.401199 0.234058 0.085007 0.017500 -0.049303 0.175799 0.148610 -0.082659 0.134174 -0.361133 -0.199722 0.007774 0.230168 -0.042245 0.054884 -0.072200 -0.052726 -0.336107 -0.120862 -0.014081 0.227365 -0.143200 -0.025222 -0.129382 -0.013454 -0.084265 0.109123 0.045290 -0.059771 -0.259206 0.012797 0.165117 0.112440 0.007801 0.040753
-0.319813 -0.084903 0.273910 0.387732 0.293314 0.164129 0.410341 0.638769 0.162346 0.204989 0.211885 0.577833 0.645872 1.000000 0.426476 0.529925 -0.214511 0.230609 -0.102429 -0.212381 0.365451 0.368434 0.326209 0.241200 0.036045 0.098642 0.285973 0.187509 0.129200 0.428097 0.619857 0.630411 -0.242904 -0.193669 -0.115152 -0.278942 -0.322136 0.003523 -0.128859 -0.041754 -0.136053 0.065514 -0.109040 -0.103554 -0.258749 -0.243152 -0.046203 -0.243844 -0.099525 -0.231415 0.121380 -0.145881 0.109528 -0.075425 -0.024004 -0.080892 -0.386036 -0.398441 -0.227882 -0.181478 0.020657 0.036950 -0.040296 -0.141432 0.074014 0.029463 -0.226736 -0.320084 -0.200547 -0.315955 0.345561 0.516746 0.159424 0.495400 0.177256 0.317076 -0.242147 -0.068685 -0.248311 -0.053301 -0.511770 -0.371767 0.057085 0.086923 -0.006761 0.086062 -0.102508 -0.004068 -0.004083 0.145176 -0.330496 -0.322338 0.059638 -0.016456 -0.080294 -0.160587 -0.099340 -0.157736 -0.311270 -0.169683 -0.096040 -0.030085 -0.308203 -0.262085 -0.163746 -0.070313 -0.238812 0.049582 -0.111909 -0.114542 -0.267921 -0.055164 0.193203 -0.040850 -0.004448 0.005728
-0.267718 -0.402761 0.302558 0.111143 0.351487 0.289613 0.256786 0.061828 0.302658 0.167738 0.286126 0.156689 0.620456 0.426476 1.000000 0.693910 -0.033304 0.132499 -0.021855 -0.311224 0.507724 0.453611 0.507727 0.105086 0.038031 0.067952 0.599035 0.575942 0.463981 0.529826 0.551588 0.433748 -0.398955 -0.402901 -0.154129 -0.442638 0.190246 0.235112 0.339178 -0.039762 0.195729 0.399822 -0.305766 -0.394920 -0.324189 -0.488491 -0.178301 -0.498177 -0.186775 -0.417802 0.032959 -0.343734 -0.011796 -0.122554 0.299907 0.137344 -0.342347 -0.341627 -0.114874 -0.201902 0.100611 -0.249451 0.064101 -0.318812 0.263700 -0.330123 -0.190859 -0.582927 0.004737 -0.291160 0.562509 0.471885 0.448127 0.522026 0.366728 0.314349 -0.115712 -0.114848 -0.122719 -0.173747 -0.258972 -0.272044 0.558392 0.222491 0.214473 0.003922 0.539682 0.540648 0.354075 0.420642 -0.426115 -0.176888 0.254887 0.357249 -0.127020 -0.030706 -0.071390 -0.130759 -0.274208 -0.021734 0.087312 0.282298 0.021716 0.066684 -0.047199 0.193561 -0.155265 0.333923 0.099337 -0.097287 -0.377174 -0.055887 0.180065 0.135357 -0.001039 0.107639
-0.152860 -0.228833 0.311366 0.225726 0.304023 0.249286 0.262740 0.307006 0.141487 0.241437 0.306729 0.292241 0.471924 0.529925 0.693910 1.000000 0.083225 0.243861 0.016244 -0.215886 0.760453 0.674279 0.306269 0.089082 0.076819 0.148666 0.464739 0.364866 0.501760 0.666325 0.575376 0.535421 -0.381798 -0.334228 -0.370970 -0.569096 0.070676 0.150716 0.231501 0.057329 0.254391 0.463373 -0.313909 -0.353700 -0.395197 -0.449481 -0.204455 -0.477391 -0.084963 -0.349449 -0.014926 -0.222490 -0.008421 0.057497 0.160154 0.044701 -0.277721 -0.416842 -0.276330 -0.274080 -0.050201 -0.242004 0.044718 -0.356246 -0.040041 -0.314117 -0.432829 -0.654808 0.030980 -0.223050 0.551426 0.681836 0.524500 0.559845 0.317954 0.266949 -0.146142 -0.165022 -0.072088 -0.098977 -0.202702 -0.255548 0.382829 0.449362 0.008027 0.012916 0.512655 0.518937 0.192186 0.384674 -0.375302 -0.280006 0.293146 0.255433 -0.156340 -0.162133 -0.235693 -0.235159 -0.378474 -0.198957 0.172279 0.274351 0.014750 -0.001478 -0.069098 0.059542 -0.131566 0.336184 -0.037600 -0.169570 -0.571384 -0.154819 0.132082 -0.030531 -0.096343 0.164042
0.507417 0.310960 -0.351092 -0.345456 -0.310057 -0.228837 -0.194570 -0.327293 -0.412776 -0.338777 0.500044 0.006925 -0.092884 -0.214511 -0.033304 0.083225 1.000000 0.304191 0.351214 0.276707 0.281809 0.079046 -0.215162 -0.257551 -0.197115 -0.337545 -0.239062 -0.213941 0.639813 0.172863 -0.019408 -0.032698 0.335748 0.367586 0.023391 -0.053490 0.573198 0.039558 0.034903 -0.087445 0.364339 0.319474 -0.171852 -0.067800 -0.223993 -0.199227 -0.152102 -0.144887 -0.292897 -0.192819 -0.202033 -0.102839 -0.212879 -0.097022 -0.102601 -0.211456 0.510361 0.370858 -0.128838 -0.077580 -0.036714 0.073239 0.430377 0.246709 -0.187885 -0.091234 -0.192569 -0.130293 0.162365 -0.107353 -0.081389 0.119303 0.541594 0.114258 0.470287 0.187468 0.727545 0.384693 0.611734 0.325571 0.736654 0.417110 0.217493 0.214579 0.365142 0.009843 0.248791 0.128710 0.056281 -0.229708 -0.211589 -0.327801 -0.232590 -0.240169 -0.257589 0.000818 -0.016868 -0.336493 -0.137723 -0.237136 -0.187064 -0.186061 -0.111326 0.025812 0.023800 -0.168789 -0.003410 -0.213881 -0.085632 -0.016467 -0.189654 -0.172021 -0.239348 0.005868 -0.055897 -0.049093
0.131609 0.179471 -0.129573 0.021560 0.056280 -0.041970 -0.028492 0.014590 -0.040526 -0.043790 0.290087 0.403614 0.180583 0.230609 0.132499 0.243861 0.304191 1.000000 0.194661 0.040539 0.386982 0.267436 -0.031023 -0.309781 0.116839 -0.009531 -0.008369 -0.008383 0.471290 0.650156 0.232450 0.237882 0.204283 0.236032 0.047918 -0.243634 0.134485 0.353001 -0.007873 0.033901 0.180366 0.337673 -0.080607 0.015530 -0.116083 -0.240100 0.080436 -0.122497 -0.086264 -0.060197 0.078160 -0.041212 -0.080336 -0.009928 -0.016563 -0.000391 0.011126 0.032108 -0.256404 -0.134593 -0.112424 0.054045 0.156453 0.364756 -0.139670 -0.183649 -0.428321 -0.448440 -0.242956 -0.330566 -0.007492 0.415895 0.535281 0.532621 0.406990 0.250288 0.197482 0.135469 0.305361 0.663915 0.160202 0.554044 0.007259 0.235994 0.109513 0.081779 -0.068600 -0.054327 -0.110969 -0.142356 -0.396688 -0.554997 -0.318786 -0.329750 -0.266598 -0.091325 -0.050618 -0.274624 -0.153265 -0.174066 -0.235820 -0.236961 -0.227998 -0.206967 -0.180474 -0.298374 0.080749 -0.283944 -0.151822 -0.119522 -0.354910 -0.049171 -0.026391 -0.243940 -0.097026 -0.140016
0.641022 0.485534 0.059456 0.166364 0.127473 -0.021244 0.115014 0.073722 -0.047882 -0.029073 0.289865 0.118636 -0.090639 -0.102429 -0.021855 0.016244 0.351214 0.194661 1.000000 0.588611 0.143325 -0.124306 0.078242 0.106659 0.047490 -0.337956 -0.139560 -0.182409 0.331689 0.147662 0.169599 0.149473 0.441604 0.520471 -0.253156 -0.164618 -0.095066 -0.086360 -0.116531 0.127428 0.010272 0.079980 -0.322721 -0.302813 -0.148935 -0.198736 -0.393224 -0.381132 -0.212538 -0.064907 -0.241600 -0.204160 -0.320975 -0.261303 -0.403714 -0.496005 0.280344 0.383341 0.154408 0.140659 0.218659 0.188931 0.343055 0.294706 0.031352 -0.130407 -0.015348 -0.151521 0.152521 -0.001053 -0.016565 0.061625 0.227655 0.098286 0.265422 0.195203 0.229868 -0.038879 0.105389 0.139834 0.232054 0.201259 0.208348 0.355782 -0.068044 -0.241389 -0.079778 0.087872 0.042354 -0.129645 -0.262581 -0.303389 -0.365132 -0.279891 -0.277322 -0.257864 -0.402910 -0.513465 -0.380230 -0.454307 -0.283730 -0.148207 -0.117132 -0.177422 -0.138050 -0.246941 -0.195676 -0.183214 -0.185109 -0.325524 -0.433981 -0.558993 -0.408691 -0.359844 -0.289547 -0.216107
0.552364 0.626738 -0.118496 0.064260 -0.179457 -0.222678 0.014098 0.036085 -0.196837 -0.126238 0.141342 0.003770 -0.251702 -0.212381 -0.311224 -0.215886 0.276707 0.040539 0.588611 1.000000 -0.182694 -0.331333 -0.288941 0.015366 -0.147447 -0.091283 -0.321378 -0.413916 0.152920 -0.053423 -0.170874 -0.072134 0.447162 0.530978 -0.337625 0.012470 -0.087135 -0.229544 -0.069954 0.130066 0.033570 -0.113904 -0.164205 -0.174665 -0.061337 -0.020983 -0.278118 -0.036847 -0.151975 -0.003322 -0.435032 -0.197983 -0.297796 -0.150589 -0.364267 -0.500422 0.318921 0.487820 0.098510 0.187556 -0.046525 0.103955 -0.020945 0.218530 -0.393227 -0.231293 0.095969 0.178661 0.380898 0.550309 -0.086219 -0.127345 0.013814 -0.133415 -0.057959 0.047926 0.222584 0.080983 0.072830 0.065245 0.331255 0.305477 0.136272 0.377756 -0.231663 -0.321940 -0.088775 -0.076767 -0.139104 -0.260387 0.175106 0.041623 -0.137188 -0.180515 -0.037796 -0.160179 -0.368010 -0.185890 -0.115164 -0.247372 0.097784 0.000357 0.159551 0.017676 0.132636 -0.301888 -0.115467 -0.194245 -0.166709 -0.267422 -0.140137 -0.309491 -0.354963 -0.263108 -0.262851 -0.035660
-0.067904 -0.117711 0.165280 0.136210 0.220686 0.205105 0.088202 0.202470 0.054506 0.069445 0.299510 0.384299 0.280818 0.365451 0.507724 0.760453 0.281809 0.386982 0.143325 -0.182694 1.000000 0.721896 0.221788 -0.067370 0.060077 0.038669 0.347129 0.243941 0.568315 0.746489 0.637977 0.600794 -0.191905 -0.053371 -0.285250 -0.497042 0.210119 0.289288 0.187097 0.004869 0.461297 0.561514 -0.129047 -0.129483 -0.155783 -0.297539 -0.017625 -0.345728 -0.038765 -0.137925 0.131973 -0.107150 -0.052981 0.095204 0.115676 0.023074 -0.143000 -0.267266 -0.345117 -0.273058 -0.191344 -0.333082 0.078658 -0.312127 -0.059560 -0.409163 -0.524448 -0.635236 -0.152189 -0.448906 0.549704 0.756935 0.709127 0.680134 0.561431 0.340017 0.079775 0.046294 0.122044 0.122270 -0.022630 -0.045433 0.205351 0.341597 0.098272 -0.062932 0.391545 0.423992 0.192191 0.134871 -0.528113 -0.535698 0.075252 0.010637 -0.234929 -0.261612 -0.103785 -0.396895 -0.237511 -0.204121 -0.069860 -0.001206 -0.112392 -0.140479 -0.165499 -0.056830 -0.110112 0.211647 -0.117796 -0.197603 -0.526245 -0.157660 0.126073 -0.150780 -0.146955 -0.021320
-0.242275 -0.206558 0.260335 0.203254 0.077762 0.123002 0.130044 0.208433 0.003500 0.013767 0.140187 0.355478 0.286190 0.368434 0.453611 0.674279 0.079046 0.267436 -0.124306 -0.331333 0.721896 1.000000 0.184503 -0.088454 -0.052754 0.212083 0.325063 0.294345 0.356770 0.598744 0.537825 0.480874 -0.280223 -0.261446 -0.207800 -0.494146 0.136526 0.317793 0.256071 0.105467 0.379065 0.441186 -0.134878 -0.110294 -0.153936 -0.207002 0.029808 -0.273672 -0.032685 -0.151692 0.106400 -0.087337 -0.018748 0.090262 0.199345 0.153077 -0.226061 -0.358714 -0.421122 -0.257511 -0.206764 -0.335734 0.014137 -0.342460 -0.048391 -0.342565 -0.442439 -0.471948 -0.167044 -0.354602 0.488139 0.660433 0.479552 0.552482 0.333818 0.233670 -0.109132 -0.031626 -0.022337 0.045469 -0.136077 -0.142050 0.124709 0.283803 0.088120 0.167542 0.309528 0.274080 0.083213 0.323674 -0.395519 -0.337462 0.165594 0.121234 -0.070366 -0.091776 0.121775 -0.036031 -0.157436 -0.073033 0.014838 0.102783 -0.020776 -0.057413 -0.081440 0.051015 -0.058537 0.195673 0.048505 -0.025432 -0.285670 -0.017652 0.227484 -0.048099 -0.085524 -0.029703
-0.263791 -0.417098 0.654104 0.598372 0.519474 0.450302 0.400607 0.289240 0.323992 0.255159 0.017477 0.235620 0.379887 0.326209 0.507727 0.306269 -0.215162 -0.031023 0.078242 -0.288941 0.221788 0.184503 1.000000 0.575765 0.419163 0.010928 0.519238 0.506287 0.066312 0.212946 0.581235 0.486522 -0.265364 -0.248139 0.035207 -0.271705 -0.226526 -0.105280 0.022653 -0.051477 -0.200369 0.217184 -0.131767 -0.221461 -0.144061 -0.190367 -0.194727 -0.400840 -0.205845 -0.167472 0.145153 -0.195331 -0.056218 -0.189694 -0.087537 -0.083092 -0.313055 -0.259826 -0.046663 -0.127117 -0.006812 -0.274954 0.005585 -0.221987 0.453352 -0.159830 -0.082184 -0.245638 -0.185406 -0.342670 0.245724 0.153741 0.061458 0.310412 0.182816 0.080369 -0.301208 -0.254174 -0.179667 -0.139560 -0.320772 -0.259484 0.367687 0.091690 0.154308 0.043132 0.048756 0.077847 0.236417 0.174953 -0.441925 -0.180532 0.001681 0.099672 -0.156833 -0.091126 -0.180971 -0.144070 -0.410815 -0.192501 -0.206879 -0.050818 -0.215067 -0.191964 -0.298961 0.072657 -0.148938 0.155737 -0.181592 -0.199241 -0.267691 -0.179712 -0.038998 -0.040815 -0.141201 0.010957
-0.095789 -0.186059 0.372904 0.627904 0.368157 0.384460 0.227831 0.438537 0.243335 0.382598 -0.131332 0.192318 -0.010844 0.241200 0.105086 0.089082 -0.257551 -0.309781 0.106659 0.015366 -0.067370 -0.088454 0.575765 1.000000 0.409761 -0.018241 0.214388 0.246953 -0.250724 -0.145698 0.179430 0.264215 -0.192680 -0.072187 0.005804 0.082813 -0.310448 -0.182921 -0.064612 0.126323 -0.310703 -0.145584 -0.225531 -0.287715 -0.195093 -0.123340 -0.315652 -0.300348 -0.291074 -0.214321 -0.212253 -0.300344 -0.070810 -0.218575 -0.261420 -0.259497 -0.081227 -0.091642 0.089733 0.007571 0.079639 -0.075600 -0.099160 -0.104523 0.351281 0.190484 -0.033352 0.089087 -0.119768 -0.003411 0.053298 -0.070031 -0.276738 -0.039279 -0.156312 0.047865 -0.224858 -0.098077 -0.233553 -0.205615 -0.289552 -0.244863 0.261253 0.086133 0.002157 0.115939 -0.037901 -0.015890 0.225585 0.191850 -0.062570 0.106446 0.217139 0.003627 -0.086009 -0.152385 -0.349044 -0.137046 -0.368367 -0.243091 -0.029980 -0.080455 -0.089470 -0.162624 -0.127134 0.109756 -0.194681 0.071120 -0.146939 -0.206979 -0.137659 -0.192499 -0.184108 -0.034958 -0.012047 0.030637
-0.178792 -0.184167 0.203540 0.562055 0.718333 0.682684 -0.115308 0.174798 0.629671 0.724868 -0.257950 0.079139 -0.158577 0.036045 0.038031 0.076819 -0.197115 0.116839 0.047490 -0.147447 0.060077 -0.052754 0.419163 0.409761 1.000000 0.371649 0.385938 0.383201 -0.192513 0.131962 -0.016243 0.053211 -0.062170 -0.054289 0.167262 -0.033024 -0.077585 0.086758 0.032552 0.120456 -0.155092 0.034730 -0.161129 -0.170662 -0.063544 -0.084790 -0.082772 -0.177589 -0.079477 -0.038818 0.044977 -0.155123 0.025440 -0.046471 -0.131338 0.073145 -0.115232 -0.036926 0.087436 0.086397 -0.028765 0.028618 -0.146984 -0.000529 0.231659 0.112511 -0.031262 -0.160845 -0.155638 -0.176697 -0.058874 -0.052743 -0.035505 0.122970 -0.020547 -0.023372 -0.157466 -0.081482 -0.121397 0.209526 -0.164180 0.079581 0.018553 -0.018787 -0.018811 -0.019250 -0.065683 -0.124047 0.158407 0.045116 -0.199193 -0.115953 0.096954 0.031902 -0.162167 -0.172119 -0.121845 -0.131003 -0.202865 -0.089072 -0.043496 -0.039813 -0.066618 -0.129719 -0.098103 0.085983 -0.076554 0.111944 -0.259332 -0.196000 -0.222081 -0.064301 -0.013963 -0.272496 -0.043072 -0.111786
-0.436259 -0.246881 0.305123 0.327924 0.337927 0.402197 0.012713 0.238409 0.606979 0.508096 -0.300615 -0.028268 -0.062466 0.098642 0.067952 0.148666 -0.337545 -0.009531 -0.337956 -0.091283 0.038669 0.212083 0.010928 -0.018241 0.371649 1.000000 0.384900 0.333446 -0.213560 0.197663 -0.040287 0.046798 -0.145345 -0.120597 0.023984 -0.036284 -0.039642 0.092973 0.262284 0.129000 0.050129 -0.030510 -0.076981 -0.123412 -0.050788 -0.080503 0.073674 0.020855 0.013655 -0.111423 -0.051636 -0.186503 0.003695 0.070305 0.143622 0.261970 -0.258524 -0.154775 -0.115017 -0.012466 -0.162386 -0.151740 -0.370149 -0.244879 -0.052440 -0.115266 0.066735 -0.036469 0.108970 0.145193 0.134503 0.095265 -0.025285 0.040861 -0.234072 -0.129553 -0.309619 -0.028239 -0.226651 0.036406 -0.320101 -0.119001 -0.116920 -0.018431 -0.175109 -0.090390 0.069722 -0.127651 0.036911 0.159524 -0.012740 0.083255 0.326961 0.239850 0.142525 -0.030344 0.075648 0.252233 0.035447 0.103813 0.221611 0.249295 0.163958 0.075645 0.124161 0.177762 -0.076001 0.202115 0.000607 -0.006146 0.076726 0.193065 0.191859 -0.138835 0.010008 0.050567
-0.373376 -0.347659 0.426514 0.333047 0.635170 0.708822 0.110877 0.090314 0.591314 0.423965 -0.070602 0.035074 0.291229 0.285973 0.599035 0.464739 -0.239062 -0.008369 -0.139560 -0.321378 0.347129 0.325063 0.519238 0.214388 0.385938 0.384900 1.000000 0.853046 0.125757 0.363225 0.348464 0.303007 -0.303728 -0.318249 -0.068559 -0.325281 0.006768 0.131227 0.244999 0.069793 0.092619 0.327091 -0.056766 -0.132350 -0.053737 -0.173811 0.056741 -0.267931 -0.033277 -0.092711 0.234917 -0.089021 0.098296 0.022185 0.207529 0.256336 -0.329378 -0.303685 -0.172410 -0.148451 -0.157011 -0.344778 -0.195732 -0.420270 0.152043 -0.257009 -0.206212 -0.384083 -0.075595 -0.230892 0.400245 0.297419 0.218051 0.297550 0.094969 0.046528 -0.265913 -0.214745 -0.135257 -0.124684 -0.399387 -0.299022 0.223760 0.091185 0.038292 -0.064184 0.299886 0.199286 0.218679 0.211626 -0.244931 -0.114855 0.223826 0.183903 -0.037641 -0.143439 -0.007438 -0.050398 -0.224307 -0.070881 -0.014609 0.048164 -0.113916 -0.057845 -0.093275 0.164331 -0.246184 0.201375 -0.097854 -0.166599 -0.268772 -0.089968 0.164260 0.008272 -0.025684 0.021577
-0.336785 -0.374514 0.292600 0.301020 0.488729 0.684416 0.001263 -0.034936 0.524962 0.378625 -0.080266 0.002741 0.245161 0.187509 0.575942 0.364866 -0.213941 -0.008383 -0.182409 -0.413916 0.243941 0.294345 0.506287 0.246953 0.383201 0.333446 0.853046 1.000000 0.040091 0.259775 0.222206 0.173671 -0.318227 -0.351666 0.056269 -0.261657 0.091271 0.229334 0.303258 0.128504 0.074183 0.325809 -0.096135 -0.162496 -0.092288 -0.167507 0.017833 -0.328974 -0.051346 -0.172915 0.235128 -0.148314 0.066541 -0.055234 0.236044 0.304868 -0.200368 -0.231613 -0.172441 -0.152834 -0.135827 -0.356139 -0.170737 -0.392380 0.295099 -0.177474 -0.172006 -0.329358 -0.093814 -0.294522 0.278184 0.222779 0.133153 0.204414 0.028369 0.000318 -0.248175 -0.216057 -0.052578 -0.032899 -0.327976 -0.201192 0.234721 -0.016917 0.149555 0.088839 0.296563 0.276451 0.202162 0.265797 -0.314296 -0.074726 0.234023 0.212799 0.088237 0.007210 0.141348 0.099143 -0.208268 -0.004193 -0.039785 0.038134 -0.066107 0.004337 -0.087947 0.312478 -0.104128 0.240677 0.008107 -0.049184 -0.154073 -0.066122 0.167151 0.056995 0.119450 0.062615
0.215235 0.012355 0.004388 -0.147180 -0.019912 -0.062677 0.143510 -0.086015 -0.138117 -0.181459 0.608485 0.253637 0.357857 0.129200 0.463981 0.501760 0.639813 0.471290 0.331689 0.152920 0.568315 0.356770 0.066312 -0.250724 -0.192513 -0.213560 0.125757 0.040091 1.000000 0.672478 0.455833 0.444177 0.127677 0.202408 -0.149220 -0.398598 0.466849 0.176402 0.145922 -0.143198 0.491562 0.555619 -0.225978 -0.190478 -0.288064 -0.428858 -0.110135 -0.338055 -0.281954 -0.297838 -0.153587 -0.240691 -0.183996 -0.041040 0.030262 -0.079002 0.056691 -0.031471 -0.256688 -0.269330 -0.054618 -0.173301 0.343577 0.010979 -0.215604 -0.419892 -0.351038 -0.514339 0.092412 -0.251426 0.297694 0.502905 0.869905 0.518366 0.624587 0.290980 0.400422 0.155134 0.442710 0.231210 0.416149 0.253161 0.436776 0.456548 0.207253 -0.034683 0.431270 0.349624 0.056692 -0.011740 -0.435096 -0.485570 -0.126680 -0.044942 -0.251768 -0.101479 -0.159879 -0.372222 -0.229457 -0.173492 -0.132093 0.045375 -0.146297 0.001084 -0.076124 -0.138737 -0.085093 -0.047600 -0.048156 -0.188575 -0.495114 -0.130417 -0.003957 0.049702 -0.093820 0.044517
-0.125012 -0.104523 0.210977 0.225732 0.293724 0.186048 0.167703 0.242490 0.218612 0.149829 0.274824 0.441172 0.360828 0.428097 0.529826 0.666325 0.172863 0.650156 0.147662 -0.053423 0.746489 0.598744 0.212946 -0.145698 0.131962 0.197663 0.363225 0.259775 0.672478 1.000000 0.629626 0.654892 -0.082169 0.056435 -0.181328 -0.533850 0.230554 0.470382 0.292424 0.143924 0.466351 0.554092 -0.251391 -0.264210 -0.289644 -0.492503 -0.001630 -0.404400 -0.222806 -0.284091 -0.030398 -0.303250 -0.110260 0.019586 0.171602 0.121562 -0.191001 -0.167541 -0.388150 -0.235029 -0.204341 -0.238245 0.008413 -0.122603 -0.138549 -0.505934 -0.452951 -0.663646 -0.136413 -0.393194 0.456557 0.717751 0.789139 0.812727 0.565753 0.408555 0.051455 0.089303 0.099853 0.370139 -0.074153 0.168813 0.271525 0.496606 0.041273 -0.009864 0.280833 0.275404 0.140500 0.217360 -0.599235 -0.609945 0.011361 -0.019378 -0.220687 -0.184187 -0.106984 -0.261284 -0.228486 -0.112195 -0.100481 0.053214 -0.140033 -0.121805 -0.103910 -0.055061 -0.160764 0.083577 -0.058817 -0.137584 -0.588119 -0.101256 0.154185 -0.123212 -0.095875 0.034830
-0.241413 -0.231753 0.513901 0.375081 0.315213 0.114398 0.565428 0.462181 0.066763 -0.031027 0.175985 0.545048 0.531354 0.619857 0.551588 0.575376 -0.019408 0.232450 0.169599 -0.170874 0.637977 0.537825 0.581235 0.179430 -0.016243 -0.040287 0.348464 0.222206 0.455833 0.629626 1.000000 0.914802 -0.187879 -0.064372 -0.204939 -0.446840 -0.153911 0.022347 0.020531 -0.070063 0.102237 0.347724 -0.110098 -0.167212 -0.213952 -0.338050 -0.069265 -0.410316 -0.239474 -0.215985 0.119231 -0.215519 -0.036035 -0.055104 -0.030467 -0.149297 -0.326288 -0.298527 -0.349990 -0.293876 -0.094736 -0.346978 0.049836 -0.279898 0.167548 -0.408514 -0.269536 -0.425157 -0.143730 -0.422232 0.515121 0.667368 0.464801 0.668323 0.439070 0.289025 -0.219407 -0.180904 -0.119387 0.012024 -0.306785 -0.207180 0.293886 0.297037 0.075005 0.020431 0.125816 0.185582 0.179276 0.165830 -0.578569 -0.501446 -0.063059 0.002778 -0.179196 -0.229738 -0.158075 -0.269532 -0.338581 -0.165477 -0.274883 -0.026639 -0.320991 -0.253948 -0.326928 -0.100694 -0.192983 0.068223 -0.113626 -0.201181 -0.406467 -0.182639 0.109781 0.009873 -0.184600 0.012955
-0.271387 -0.186458 0.487858 0.438556 0.289548 0.118274 0.529068 0.559042 0.119082 0.047640 0.180249 0.626351 0.466693 0.630411 0.433748 0.535421 -0.032698 0.237882 0.149473 -0.072134 0.600794 0.480874 0.486522 0.264215 0.053211 0.046798 0.303007 0.173671 0.444177 0.654892 0.914802 1.000000 -0.082240 0.128401 -0.141845 -0.344806 -0.184000 0.005633 -0.032521 -0.059563 0.115360 0.324470 -0.127195 -0.160132 -0.195430 -0.331640 -0.105673 -0.409059 -0.257383 -0.214291 0.041976 -0.256745 -0.088397 -0.040712 -0.152197 -0.200811 -0.333897 -0.279370 -0.380270 -0.349385 -0.085905 -0.324390 0.004352 -0.232849 0.125217 -0.320493 -0.288902 -0.374447 -0.145962 -0.384989 0.495020 0.661114 0.472703 0.630722 0.395070 0.295286 -0.186948 -0.088338 -0.070448 0.052423 -0.294960 -0.150833 0.212459 0.338359 -0.001282 0.073028 0.090960 0.135987 0.082190 0.112742 -0.561251 -0.516027 -0.011459 -0.066427 -0.215028 -0.247268 -0.265618 -0.263334 -0.345728 -0.203660 -0.273803 -0.053773 -0.362629 -0.319137 -0.344801 -0.105801 -0.217911 0.034943 -0.133389 -0.239476 -0.420349 -0.198765 0.092695 -0.002455 -0.128008 0.046673
0.434276 0.557438 -0.249967 -0.127383 -0.270404 -0.195463 -0.169770 -0.145208 -0.170533 -0.231073 0.150090 0.077541 -0.247649 -0.242904 -0.398955 -0.381798 0.335748 0.204283 0.441604 0.447162 -0.191905 -0.280223 -0.265364 -0.192680 -0.062170 -0.145345 -0.303728 -0.318227 0.127677 -0.082169 -0.187879 -0.082240 1.000000 0.835350 0.262844 0.289490 0.048139 -0.083773 -0.279071 0.004237 0.056272 -0.106615 -0.084514 0.063172 0.082582 0.097501 -0.120016 0.045560 -0.126308 0.160790 -0.161976 0.048780 -0.288353 -0.069313 -0.445924 -0.194465 0.316692 0.476097 0.116178 0.028306 0.183706 0.351500 0.208239 0.537326 -0.020864 0.213028 0.197195 0.286296 0.183015 0.098483 -0.397312 -0.206698 0.091440 -0.182184 0.096922 -0.084679 0.348914 0.128488 0.368766 0.390696 0.388656 0.474306 -0.259005 -0.004436 0.028939 0.042013 -0.318644 -0.306565 -0.290951 -0.357403 -0.127560 -0.275486 -0.508082 -0.512071 -0.213815 -0.096694 -0.123465 -0.184819 -0.119330 -0.311842 -0.463295 -0.396864 -0.376312 -0.272092 -0.109874 -0.261663 -0.088305 -0.375555 -0.136497 -0.130689 -0.010018 -0.287637 -0.454328 -0.224035 -0.134009 -0.275438
0.453608 0.540696 -0.173872 -0.055372 -0.192934 -0.222844 -0.072564 -0.015017 -0.140685 -0.235258 0.198862 0.230223 -0.266335 -0.193669 -0.402901 -0.334228 0.367586 0.236032 0.520471 0.530978 -0.053371 -0.261446 -0.248139 -0.072187 -0.054289 -0.120597 -0.318249 -0.351666 0.202408 0.056435 -0.064372 0.128401 0.835350 1.000000 0.224035 0.284258 -0.018679 -0.083238 -0.335892 -0.090787 0.073116 -0.033160 -0.042904 0.056514 0.124747 0.057524 -0.104578 0.007205 -0.125219 0.149041 -0.147366 -0.012994 -0.285110 -0.073266 -0.548916 -0.389365 0.242411 0.416045 0.061407 -0.000436 0.083094 0.231439 0.212507 0.539453 -0.068757 0.081921 0.079118 0.221189 0.101067 0.016598 -0.249009 -0.087845 0.180330 -0.040479 0.184649 0.039970 0.372569 0.248679 0.339227 0.336028 0.369701 0.441524 -0.201713 0.130911 -0.026827 -0.035741 -0.276951 -0.255370 -0.312840 -0.462101 -0.170336 -0.362858 -0.480379 -0.566174 -0.345989 -0.189642 -0.295915 -0.322825 -0.120755 -0.414888 -0.465195 -0.453783 -0.377327 -0.330534 -0.229809 -0.336012 -0.061002 -0.417920 -0.172889 -0.225405 -0.107557 -0.318531 -0.426594 -0.255553 -0.120941 -0.233639
-0.060671 -0.160811 -0.204566 -0.136899 -0.119839 0.007963 -0.263576 -0.299695 0.095821 0.009856 -0.034330 0.066752 -0.120333 -0.115152 -0.154129 -0.370970 0.023391 0.047918 -0.253156 -0.337625 -0.285250 -0.207800 0.035207 0.005804 0.167262 0.023984 -0.068559 0.056269 -0.149220 -0.181328 -0.204939 -0.141845 0.262844 0.224035 1.000000 0.624131 0.145228 0.089138 -0.106570 -0.204854 -0.193126 -0.160700 0.116840 0.222715 0.200990 0.159728 0.178477 0.111275 -0.081329 0.131288 0.069755 0.125825 0.010693 -0.006626 -0.072981 0.276698 0.022635 0.008440 0.080537 -0.101321 0.086391 0.156088 0.094963 0.264022 0.432924 0.539674 0.155272 0.249950 -0.234620 -0.284663 -0.463001 -0.287017 -0.132858 -0.208002 -0.036319 -0.170547 0.209383 0.245304 0.337354 0.279920 0.067975 0.167825 -0.152793 -0.457110 0.445785 0.500388 -0.142358 -0.304387 -0.028093 -0.134260 -0.155887 -0.126353 -0.245550 -0.265943 -0.152180 0.192657 0.232267 0.046466 0.019573 0.034233 -0.453060 -0.401705 -0.401078 -0.186355 -0.231461 0.056699 0.173162 -0.251278 0.113241 0.169358 0.314622 0.164666 0.009824 0.153625 0.273605 -0.192057
0.066751 0.087198 -0.300110 -0.279785 -0.349265 -0.201540 -0.274553 -0.243042 -0.161166 -0.113544 -0.227446 -0.206924 -0.389102 -0.278942 -0.442638 -0.569096 -0.053490 -0.243634 -0.164618 0.012470 -0.497042 -0.494146 -0.271705 0.082813 -0.033024 -0.036284 -0.325281 -0.261657 -0.398598 -0.533850 -0.446840 -0.344806 0.289490 0.284258 0.624131 1.000000 0.037517 -0.049590 -0.146191 -0.062272 -0.218738 -0.422558 0.092504 0.208668 0.271757 0.318046 0.047620 0.325949 -0.087338 0.167730 -0.218030 0.033922 -0.084087 -0.106124 -0.171114 0.078544 0.164781 0.265964 0.280723 0.069532 0.130004 0.187168 -0.107136 0.221840 0.279109 0.577115 0.345865 0.604678 -0.040519 0.193266 -0.477619 -0.498183 -0.402250 -0.502943 -0.324180 -0.260690 0.177391 0.219196 0.170401 0.124422 0.094277 0.129946 -0.275839 -0.471129 0.104503 0.189651 -0.268877 -0.405512 -0.010699 -0.173351 0.247477 0.255077 -0.148777 -0.204421 0.137797 0.224352 0.163323 0.208719 0.162237 0.057648 -0.198014 -0.259599 -0.151321 -0.017371 0.011802 0.062440 0.187330 -0.254699 0.216977 0.260174 0.553358 0.094324 -0.171212 0.153673 0.197644 -0.059064
