1.000000 0.515795 0.138265 0.086877 -0.119517 0.097370 -0.077016 -0.194012 0.108075 -0.261646 0.245990 -0.096699 -0.167980 -0.413414 0.066498 -0.210405 -0.026139 -0.074689 0.560755 0.478913 0.008899 -0.137221 0.211344 0.223335 0.078056 -0.029635 -0.031860 0.096518 -0.235465 -0.204707 -0.087572 0.217696 0.032130 0.062177 -0.070592 0.068905 -0.340012 -0.016121 -0.132466 -0.133092 -0.224163 -0.324746 -0.285635 -0.335388 -0.294977 -0.347688 -0.137544 -0.165519 -0.077351 -0.182246 -0.184006 -0.154190 -0.083167 0.047712 -0.074590 -0.009427 0.397253 0.406104 0.187140 0.025077 0.064854 -0.116575 -0.173036 0.163343 0.070801 -0.225359 -0.030412 -0.267335 0.344619 0.092924 -0.026547 0.104516 -0.344222 -0.234753 -0.116408 0.051681 -0.234146 -0.182373 0.020495 0.093009 -0.221846 0.054592 0.307135 0.370692 -0.007376 -0.109911 0.171675 -0.017224 0.196536 0.234136 -0.090223 0.195292 0.075172 0.153530 -0.058155 -0.080337 -0.238565 -0.102287 -0.222201 -0.050030 -0.044537 -0.113208 0.014510 0.141932 -0.180342 -0.047500 0.024880 0.034997 -0.038147 -0.075171 0.081685 0.004879 0.030938 0.034462 -0.075447 0.021265
0.515795 1.000000 -0.238526 -0.054156 -0.232808 -0.258374 -0.362733 -0.183334 -0.114854 -0.241302 0.275670 0.185969 0.028901 0.003238 -0.054817 -0.147452 0.266295 0.326659 0.054183 0.118153 -0.263547 -0.269065 -0.065850 -0.354841 -0.262228 -0.384559 -0.233786 -0.167193 0.150122 0.166276 -0.248964 -0.188137 0.190204 -0.227044 -0.178529 -0.306320 -0.213419 0.366826 -0.079983 -0.109887 -0.183337 -0.132344 0.028600 -0.034382 0.059400 -0.224610 0.243367 0.008234 -0.046564 0.034824 0.168844 0.258084 0.174398 0.347756 0.453469 0.410344 0.667348 0.664984 0.094541 0.249049 0.144738 0.213385 0.154952 0.400420 -0.209198 -0.243906 -0.126506 -0.452410 0.429917 -0.024401 -0.317900 -0.125809 -0.039397 0.036030 -0.020893 0.027254 -0.068830 -0.168507 0.135653 0.151373 -0.030339 0.142696 0.087752 -0.003259 -0.105918 -0.223654 -0.149731 -0.237946 -0.061759 0.341685 -0.358774 -0.201513 -0.251854 -0.247388 0.061176 0.188145 0.177110 0.079787 0.063100 0.138562 -0.010118 -0.346129 -0.000243 -0.147774 -0.067612 -0.229870 0.047500 -0.087731 0.089421 -0.031727 -0.109847 -0.176144 0.099602 -0.006431 -0.133119 -0.050832
0.138265 -0.238526 1.000000 0.531946 0.253929 0.533691 0.705903 0.078226 0.317784 0.079535 0.022782 -0.134967 0.035286 -0.147886 0.258146 -0.010617 -0.403610 -0.260455 0.276859 0.297702 -0.030740 -0.004319 0.574820 0.536096 0.508409 0.121203 0.305290 0.323234 -0.514983 -0.459990 0.278201 0.210298 -0.281080 0.211868 0.115986 0.198173 -0.052386 -0.293686 0.014041 -0.029266 -0.203115 -0.310318 -0.322960 -0.371103 -0.475229 -0.318840 -0.322082 -0.065476 0.103047 -0.435347 -0.079359 -0.349339 -0.235658 -0.321577 -0.292882 -0.336484 -0.415070 -0.432062 0.051058 -0.344595 0.079448 -0.112706 -0.386060 -0.243646 0.335234 0.236564 -0.279156 -0.027881 -0.120998 -0.223216 0.331150 0.004242 -0.349776 -0.120584 -0.002457 0.117573 -0.095982 0.056237 -0.058578 -0.056058 -0.192151 -0.067559 0.256439 0.192910 0.174138 0.006062 0.257506 0.246863 0.588842 0.027543 0.170271 0.379966 0.283792 0.307399 -0.061251 -0.046352 -0.205848 0.212370 -0.200935 -0.206341 -0.196484 0.047578 0.098853 0.039143 -0.122653 0.057252 -0.068179 -0.095873 -0.005219 -0.070667 0.021503 -0.082897 0.086302 -0.028231 0.051958 -0.140941
0.086877 -0.054156 0.531946 1.000000 -0.047463 0.441756 0.330026 0.265397 0.080235 -0.059902 0.036725 -0.110020 -0.095132 -0.317618 0.220427 0.081915 -0.101023 -0.145135 0.366599 0.100950 -0.198866 0.132901 0.643247 0.644378 0.409043 0.247800 0.257365 0.261614 -0.214243 -0.185968 0.502113 0.479860 -0.208834 0.058665 -0.031437 -0.035344 -0.017751 -0.008142 -0.125845 -0.148355 -0.211633 0.119451 -0.100544 -0.239040 -0.383812 -0.305335 -0.209429 -0.112739 -0.266320 -0.240337 -0.134579 -0.134714 -0.372120 -0.125086 -0.219265 -0.201702 -0.104875 -0.197388 -0.270202 -0.543210 -0.005909 -0.143651 -0.316809 -0.348404 0.554749 0.247196 -0.417804 -0.187590 -0.163007 -0.483599 0.126620 -0.004162 -0.176752 0.304677 0.337253 0.388626 0.298466 0.312228 0.200499 0.104825 -0.257627 0.001361 0.389595 0.522322 0.263969 0.031111 0.290052 0.339349 0.471638 0.012122 -0.150513 0.062824 0.159647 0.129180 0.070293 0.242880 -0.164655 0.094952 -0.159497 -0.125682 -0.190328 -0.083096 -0.025219 -0.179448 -0.232989 -0.050008 -0.194871 -0.300039 -0.015416 -0.134523 -0.111106 -0.043061 0.071395 0.089089 0.045112 -0.041002
-0.119517 -0.232808 0.253929 -0.047463 1.000000 0.314028 0.403164 0.224638 0.320139 0.308519 -0.075421 0.045856 -0.053870 0.161709 0.027805 0.181659 -0.300205 -0.250253 -0.048123 -0.082357 0.312213 0.079645 -0.043874 0.075331 0.242119 0.148651 0.241182 0.202526 -0.156967 -0.121323 -0.108616 -0.131351 -0.165810 -0.027786 0.324494 0.311498 -0.167279 -0.342727 0.032941 -0.046022 0.140981 -0.168512 0.040149 0.146281 0.204037 0.216158 -0.114313 0.082721 0.171629 -0.084828 -0.108169 -0.193566 -0.146924 -0.129977 0.010389 -0.212645 -0.282871 -0.181331 0.165846 0.080433 0.170116 0.139186 -0.086980 -0.110062 -0.088739 0.236829 0.194668 0.274198 -0.139523 0.046890 0.224516 -0.044711 -0.170548 -0.099550 0.000621 -0.123929 -0.193997 -0.068147 -0.305431 -0.138553 -0.177775 -0.300187 -0.091686 -0.063932 -0.185027 -0.154967 0.100274 0.092271 0.084085 -0.014987 0.079766 -0.030637 0.212021 0.178035 -0.066389 -0.083605 -0.158572 0.067513 -0.106325 -0.244550 -0.109640 0.104125 0.102110 0.004860 0.091999 -0.051474 0.165860 0.142874 -0.224291 -0.047224 0.019196 -0.068664 -0.223228 -0.014521 -0.116115 -0.137721
0.097370 -0.258374 0.533691 0.441756 0.314028 1.000000 0.555095 0.409301 0.392246 0.473581 0.084833 0.108032 -0.009570 0.037090 0.192396 0.279601 -0.316394 -0.291473 0.172382 0.203114 0.122660 0.145863 0.238754 0.526584 0.336642 0.293452 0.138538 0.378315 -0.366371 -0.291666 0.222860 0.249923 -0.287490 0.090324 0.306086 0.283726 -0.227162 -0.181910 -0.119649 -0.245232 -0.204583 -0.119340 -0.309006 -0.370572 -0.278241 -0.151044 -0.308580 -0.159446 0.063698 -0.407319 -0.224165 -0.356860 -0.160054 -0.198983 -0.244386 -0.402467 -0.407054 -0.248621 0.128522 -0.292900 0.190266 0.083126 -0.383492 -0.324599 0.408482 0.479806 -0.082770 0.133400 -0.177878 -0.034109 0.391489 0.184013 -0.273794 0.006009 0.052262 0.138124 -0.189205 -0.019052 -0.080215 -0.123776 -0.213596 -0.229879 0.390264 0.371550 0.207407 0.035954 0.458392 0.251143 0.636764 -0.230629 0.237634 0.250214 0.475928 0.372192 -0.131083 -0.323537 -0.390213 -0.076648 -0.295021 -0.401572 -0.035645 0.173826 0.124793 0.028643 -0.180460 0.002005 -0.104303 -0.099482 -0.121004 -0.344208 0.078549 -0.165573 0.057459 0.182581 0.069752 -0.126084
-0.077016 -0.362733 0.705903 0.330026 0.403164 0.555095 1.000000 0.374293 0.327205 0.305339 0.002127 0.100020 0.306427 0.270789 0.187576 0.194283 -0.195096 -0.154017 0.075430 0.171060 -0.050754 0.073443 0.122669 0.288643 0.160236 0.030062 0.063819 0.177994 -0.252692 -0.261830 0.071537 0.044927 -0.078180 0.341243 0.050334 0.305358 -0.072588 -0.234852 0.047732 -0.002111 -0.205548 -0.161177 -0.376723 -0.313984 -0.439125 -0.296863 -0.437019 -0.209036 -0.089269 -0.583734 -0.361244 -0.498739 -0.284187 -0.396490 -0.385995 -0.545854 -0.486208 -0.332291 0.075953 -0.199193 0.240174 0.157640 -0.251456 -0.087056 0.225364 0.402612 -0.020018 0.209885 -0.212431 -0.027438 0.272961 -0.021284 -0.120423 0.005294 0.146761 0.156578 -0.111298 0.131903 -0.125423 -0.030055 0.007443 -0.019153 0.108370 0.002820 0.189285 0.024219 0.207089 0.174790 0.344821 -0.158944 0.219597 0.292971 0.288931 0.293116 -0.148244 -0.085952 -0.321495 0.080535 -0.276161 -0.476838 -0.091140 0.291593 0.159465 0.074743 -0.040290 0.069318 -0.099570 -0.129477 -0.021241 -0.095206 0.016753 -0.094208 0.154470 0.007405 0.132498 -0.237762
-0.194012 -0.183334 0.078226 0.265397 0.224638 0.409301 0.374293 1.000000 0.167220 0.573156 0.091188 0.420143 0.035458 0.441775 -0.077512 0.262941 0.061110 0.010662 -0.113365 -0.096690 -0.214926 -0.032571 -0.296729 0.056602 -0.194143 0.049243 -0.089531 0.013529 0.137067 0.141328 0.083718 0.040586 -0.024017 0.261240 0.330086 0.370541 0.002938 0.013884 -0.245435 -0.191414 -0.072335 0.199311 -0.283246 -0.083441 -0.014372 0.090417 -0.252578 -0.333288 -0.178095 -0.356261 -0.368563 -0.285982 -0.242117 -0.186328 -0.245939 -0.367461 -0.223569 -0.207071 0.138953 -0.077658 0.349873 0.446791 -0.066026 -0.060698 0.322075 0.599801 0.041408 0.237823 -0.272600 -0.041182 -0.007743 -0.014851 0.144246 0.221993 0.347575 0.259390 0.079500 0.174452 -0.027463 0.019410 0.084693 -0.086016 0.095772 0.120717 0.193573 0.042175 0.057287 -0.002478 0.053160 -0.310470 -0.153922 -0.140545 0.135871 0.006654 0.133702 0.060009 -0.472057 0.136272 -0.326541 -0.464162 0.154002 0.145607 -0.057086 -0.114663 -0.140031 -0.241267 -0.173625 -0.121482 -0.006648 -0.194990 -0.208566 -0.123537 -0.086810 -0.026468 -0.114303 -0.333522
0.108075 -0.114854 0.317784 0.080235 0.320139 0.392246 0.327205 0.167220 1.000000 0.416864 0.023785 0.119688 0.190383 0.061810 0.331460 0.310294 -0.295890 -0.261671 0.120713 0.296100 -0.026877 -0.200168 0.026339 0.064412 0.044582 -0.062607 0.042029 0.086054 -0.223006 -0.218375 -0.107328 -0.127221 -0.118716 0.126380 0.174133 0.293536 -0.051903 0.054310 -0.197594 -0.331489 -0.171474 -0.406141 -0.151879 -0.160707 -0.149323 -0.089412 -0.104198 -0.018451 0.130052 -0.148024 -0.304387 -0.163128 -0.124579 -0.188400 -0.203227 -0.145090 -0.461318 -0.163617 0.339936 -0.030771 0.180316 -0.021374 -0.531988 -0.233968 0.079318 0.321059 0.002601 0.032122 -0.010853 0.121291 0.096712 -0.115766 -0.328792 -0.208107 -0.168972 -0.034623 -0.168688 -0.027169 -0.320009 -0.308603 -0.298841 -0.298709 0.162982 0.195016 -0.162324 0.004498 0.121132 -0.080894 0.342046 0.069616 0.133789 0.369489 0.302473 0.279568 0.076503 -0.128563 -0.104826 0.206953 -0.066660 -0.110509 0.086637 0.159411 0.174747 0.198399 0.207065 0.127436 0.017912 -0.112255 0.086249 -0.254971 0.036243 0.038344 0.108269 0.313114 0.087518 -0.013869
-0.261646 -0.241302 0.079535 -0.059902 0.308519 0.473581 0.305339 0.573156 0.416864 1.000000 -0.009425 0.497439 0.198560 0.535117 0.083551 0.533717 -0.215775 -0.323459 -0.372084 0.013128 -0.082655 0.001745 -0.378447 -0.072031 -0.121835 0.042617 -0.095416 0.143235 -0.063760 -0.091852 -0.127676 -0.126982 -0.106989 0.222159 0.334162 0.448499 -0.100690 -0.115132 -0.142299 -0.139008 -0.167695 -0.111048 -0.274949 -0.123269 0.040195 0.067399 -0.278705 -0.195084 0.200453 -0.261326 -0.181677 -0.254516 -0.073058 -0.324506 -0.129168 -0.378879 -0.476338 -0.156606 0.433281 0.220425 0.322639 0.417853 -0.154835 -0.274394 0.089083 0.631514 0.191530 0.375242 -0.178270 0.290357 0.037670 -0.149540 -0.144165 -0.242984 -0.167621 -0.154540 -0.290268 -0.222551 -0.250041 -0.241080 -0.024319 -0.308253 -0.040307 -0.061392 0.038645 0.036174 0.039064 -0.049968 0.199639 -0.229613 0.182054 -0.042154 0.374985 0.113013 0.094724 -0.017155 -0.236319 0.145504 -0.290697 -0.374759 0.159964 0.270240 0.142043 0.099776 0.176537 -0.053911 -0.016600 0.031324 0.087084 -0.203868 0.038130 -0.144265 0.004460 0.086951 -0.142136 -0.082198
0.245990 0.275670 0.022782 0.036725 -0.075421 0.084833 0.002127 0.091188 0.023785 -0.009425 1.000000 0.560814 0.339445 0.199078 0.294967 0.147871 0.212386 0.205219 -0.117635 -0.194800 -0.011689 -0.047967 0.050773 -0.111027 -0.198924 -0.258930 -0.248301 0.012308 0.166155 0.077941 -0.029027 -0.105078 -0.303626 -0.292130 -0.013719 -0.210384 -0.056022 0.087769 -0.012186 -0.143862 -0.111318 -0.013833 0.130584 0.034030 0.171163 -0.052430 0.304017 -0.054067 0.148684 0.070918 0.086602 0.179580 0.096035 0.093540 0.275601 -0.003400 0.161293 0.099465 0.221792 -0.112408 0.122969 0.313230 0.117662 0.308354 0.048692 0.091872 -0.322074 -0.352318 -0.200308 -0.313402 0.146711 0.000507 0.012013 0.284230 0.209248 0.197766 0.253038 0.178434 -0.000223 0.109400 0.104339 0.133973 0.451598 0.120935 0.283680 -0.053709 0.283048 0.017684 0.225544 -0.126504 -0.056194 -0.239054 -0.142207 -0.256431 -0.174439 -0.171562 -0.154359 -0.044288 0.125449 -0.279557 -0.110631 -0.252121 -0.205688 -0.434958 -0.324109 -0.390139 -0.032897 -0.167116 0.079395 -0.069604 -0.292181 -0.185869 -0.194708 0.183014 -0.116667 -0.079868
-0.096699 0.185969 -0.134967 -0.110020 0.045856 0.108032 0.100020 0.420143 0.119688 0.497439 0.560814 1.000000 0.409706 0.621450 0.075580 0.401720 0.165928 0.107145 -0.494776 -0.297783 -0.121711 0.137149 -0.415169 -0.379725 -0.378188 -0.292862 -0.461588 -0.226374 0.318223 0.209096 -0.243348 -0.281829 -0.130313 -0.140008 0.096758 0.040404 -0.017716 0.130236 -0.092867 -0.179676 -0.050562 0.164423 0.047043 0.116384 0.319200 0.123609 0.146142 -0.122793 0.220449 -0.023483 -0.059247 0.106781 0.231517 0.033888 0.236460 -0.101034 -0.043775 0.063441 0.420546 0.208017 0.339520 0.637746 0.066800 0.178872 -0.038599 0.479748 -0.008225 -0.026834 -0.148572 -0.070887 -0.048561 0.025621 0.158745 0.171854 0.121115 0.019511 0.068507 0.076416 -0.255387 -0.054774 0.062365 -0.149331 0.006512 -0.116692 0.057461 -0.268964 -0.117343 -0.128669 -0.100608 -0.275752 0.038951 -0.280349 -0.011562 -0.195570 0.010796 -0.072028 -0.194631 -0.036834 0.056800 -0.251802 -0.022318 0.047502 -0.045566 -0.246586 -0.183483 -0.318650 -0.105034 -0.138498 -0.021409 -0.188641 -0.185511 -0.355036 -0.025498 0.106145 -0.107583 -0.161660
-0.167980 0.028901 0.035286 -0.095132 -0.053870 -0.009570 0.306427 0.035458 0.190383 0.198560 0.339445 0.409706 1.000000 0.583598 0.363253 0.440994 0.286911 0.223570 -0.259921 -0.072614 -0.170397 -0.008317 -0.211996 -0.356626 -0.389056 -0.320552 -0.351050 -0.281726 0.269628 0.132995 -0.142473 -0.271608 0.125021 0.070930 -0.195854 -0.048934 0.090664 0.054728 -0.081960 -0.016971 -0.115754 -0.032852 0.057276 0.031707 -0.049236 -0.121289 0.076509 0.004859 -0.062340 -0.145257 -0.146502 -0.165229 0.035190 -0.037480 0.011642 0.005102 -0.159026 0.043825 0.178571 -0.039940 0.274982 0.296803 0.102240 0.257615 -0.137493 0.163800 -0.152155 -0.192416 -0.131642 -0.069118 0.046885 -0.095969 0.104921 0.165467 0.194131 -0.029573 0.088783 0.103156 -0.134202 -0.019569 0.256268 0.200252 0.041793 -0.131971 0.142263 -0.177775 -0.020965 -0.084713 -0.050513 -0.328381 0.115906 -0.019744 -0.218791 -0.252132 0.043164 -0.015295 0.164950 0.220149 0.112069 -0.188333 -0.114659 -0.050828 -0.050766 -0.093003 -0.039367 -0.096095 -0.022703 -0.162549 0.056927 0.036724 -0.099490 -0.202296 -0.051073 0.167827 0.047383 0.017381
-0.413414 0.003238 -0.147886 -0.317618 0.161709 0.037090 0.270789 0.441775 0.061810 0.535117 0.199078 0.621450 0.583598 1.000000 -0.067822 0.450070 0.239496 0.290741 -0.611004 -0.215420 -0.304454 -0.079249 -0.619440 -0.556784 -0.520286 -0.379766 -0.375433 -0.241667 0.354007 0.297261 -0.285097 -0.419313 0.175979 0.181858 -0.022809 0.091073 0.093534 0.088234 -0.016113 0.019201 -0.063500 0.018452 -0.054120 0.124036 0.158128 0.068233 -0.020867 -0.085731 0.009679 -0.254738 -0.108399 -0.121281 0.114591 -0.000443 0.147542 -0.170841 -0.139426 0.020423 0.321380 0.250036 0.334084 0.655204 0.286470 0.331387 -0.260633 0.448391 0.155441 0.153815 -0.154140 0.136155 -0.020865 -0.115950 0.287676 0.111855 0.078622 -0.100748 -0.034213 0.033440 -0.112318 0.032903 0.378790 0.081732 -0.266777 -0.488515 0.003023 -0.155321 -0.156376 -0.247340 -0.238247 -0.360654 -0.005819 -0.275577 -0.133041 -0.229245 0.006567 -0.063745 -0.039869 0.110711 -0.087515 -0.319245 0.122832 0.071975 0.103039 -0.133169 0.117506 -0.148872 -0.059631 -0.072537 0.088439 -0.095110 -0.180998 -0.248360 -0.085069 0.059477 0.023765 -0.223420
0.066498 -0.054817 0.258146 0.220427 0.027805 0.192396 0.187576 -0.077512 0.331460 0.083551 0.294967 0.075580 0.363253 -0.067822 1.000000 0.510111 -0.042822 -0.039532 0.246413 0.063109 0.104408 0.034151 0.327609 0.151009 0.087167 0.022091 0.092442 0.000651 0.074295 0.045036 0.192794 0.085416 -0.186214 -0.061662 -0.083291 -0.161159 0.228612 0.055736 -0.159492 -0.194316 -0.016623 -0.128795 0.133185 0.047933 -0.182343 -0.056897 0.113930 0.039838 -0.078456 0.126217 0.023333 0.059298 -0.023829 0.003580 0.033313 0.033349 -0.210797 -0.154824 -0.221518 -0.402601 0.075238 -0.180808 -0.247109 -0.029970 0.350410 -0.075098 -0.530894 -0.397348 -0.343562 -0.343473 0.041523 -0.114943 -0.054142 0.009521 0.134754 0.181382 0.062531 0.044267 -0.170447 -0.177733 -0.020602 0.117773 0.582037 0.423508 0.328967 0.023216 0.325995 -0.051102 0.318554 -0.061054 -0.000786 0.161166 -0.009075 -0.076778 0.224903 -0.028184 0.086454 0.236050 0.324939 -0.066630 -0.293736 -0.101474 -0.112515 -0.330809 -0.228210 -0.112769 -0.321387 -0.316394 0.073650 -0.171164 -0.375866 0.046693 0.086719 0.135629 0.101373 -0.008534
-0.210405 -0.147452 -0.010617 0.081915 0.181659 0.279601 0.194283 0.262941 0.310294 0.533717 0.147871 0.401720 0.440994 0.450070 0.510111 1.000000 0.087663 -0.060164 -0.170576 -0.015402 0.024931 0.173862 -0.194921 -0.069159 -0.157495 0.014279 -0.114079 -0.097752 0.267813 0.243816 0.001481 0.027928 -0.012598 0.174180 -0.086147 0.101251 0.120755 -0.057180 -0.135239 -0.120651 0.057145 0.048473 0.018754 0.084246 -0.033977 -0.064430 -0.093025 -0.044127 -0.166289 -0.154373 -0.247819 -0.123849 -0.085006 0.019835 0.015909 -0.144289 -0.268794 -0.037370 0.065697 -0.108454 0.229925 0.185417 -0.051950 0.004557 0.084461 0.305919 -0.154247 -0.122201 -0.298756 -0.108783 -0.044492 -0.015746 0.002448 0.100788 0.120841 -0.003650 0.001143 0.020363 -0.126920 -0.162547 0.190274 0.084681 0.178737 0.183208 0.169392 -0.121013 0.162426 -0.141142 0.018322 -0.317851 -0.015343 -0.084817 0.020664 -0.070483 0.081939 -0.018570 -0.031958 0.071040 -0.028136 -0.223120 -0.074243 0.012161 -0.037583 -0.180885 -0.059595 -0.082021 -0.291617 -0.200530 -0.025316 -0.241473 -0.137384 -0.137373 -0.127866 0.154459 0.127685 -0.025866
-0.026139 0.266295 -0.403610 -0.101023 -0.300205 -0.316394 -0.195096 0.061110 -0.295890 -0.215775 0.212386 0.165928 0.286911 0.239496 -0.042822 0.087663 1.000000 0.575340 -0.124590 -0.201688 -0.209588 -0.035775 -0.227103 -0.303437 -0.281459 -0.095721 -0.373599 -0.322589 0.717847 0.623428 0.172783 0.018515 0.340749 0.002607 -0.347352 -0.279815 0.078623 0.262099 0.058493 0.034444 0.109740 0.258254 0.086335 0.098804 0.028080 -0.125692 0.163469 -0.131135 -0.405321 0.035677 -0.140676 0.079105 -0.042584 0.208386 0.143267 0.223924 0.469521 0.397353 -0.161844 -0.165433 0.019220 0.078956 0.331950 0.425689 -0.066171 -0.215828 -0.160042 -0.360089 0.144285 -0.195299 -0.263052 -0.058172 0.434256 0.351543 0.339776 0.097439 0.427975 0.285844 0.468992 0.478006 0.608214 0.598425 0.079112 -0.009037 0.287584 -0.013463 -0.116776 -0.099683 -0.253870 -0.075350 -0.398069 -0.484514 -0.570910 -0.547421 -0.163850 0.000253 0.072410 -0.208270 0.058734 -0.063584 -0.078634 -0.280403 -0.313144 -0.371111 -0.290838 -0.292107 -0.035693 -0.204494 -0.040631 0.110234 -0.191434 -0.096912 -0.284110 -0.045219 0.016226 0.013873
-0.074689 0.326659 -0.260455 -0.145135 -0.250253 -0.291473 -0.154017 0.010662 -0.261671 -0.323459 0.205219 0.107145 0.223570 0.290741 -0.039532 -0.060164 0.575340 1.000000 -0.223938 -0.123410 -0.336534 -0.174602 -0.199615 -0.453521 -0.374951 -0.337227 -0.337799 -0.332794 0.463264 0.440538 -0.057484 -0.210125 0.268859 -0.053516 -0.266856 -0.419068 0.186745 0.320574 0.172581 0.088624 -0.082775 0.190686 0.143814 0.073116 -0.026039 -0.078108 0.208227 -0.136532 -0.326801 -0.001222 -0.083614 0.267839 0.151969 0.369831 0.162876 0.141866 0.386142 0.371261 -0.224794 -0.049039 -0.174313 0.240625 0.246075 0.611895 -0.256455 -0.242518 -0.265238 -0.433185 0.213559 -0.154206 -0.088701 -0.103575 0.456741 0.290900 0.240113 0.024394 0.343679 0.212352 0.355600 0.494400 0.536824 0.601584 0.050210 -0.132413 0.116044 -0.160423 -0.037345 -0.006130 -0.222611 -0.089340 -0.186493 -0.309772 -0.466704 -0.302011 0.026197 -0.007509 0.082929 -0.134708 0.172261 0.047550 0.094884 -0.121109 -0.115615 -0.292986 -0.160367 -0.114959 0.009407 -0.044585 0.013104 0.181065 -0.266541 0.055372 -0.076261 -0.006456 0.094872 -0.161793
0.560755 0.054183 0.276859 0.366599 -0.048123 0.172382 0.075430 -0.113365 0.120713 -0.372084 -0.117635 -0.494776 -0.259921 -0.611004 0.246413 -0.170576 -0.124590 -0.223938 1.000000 0.443155 0.162694 -0.003524 0.499797 0.566301 0.321735 0.283998 0.165363 0.214047 -0.268370 -0.233416 0.285630 0.443366 0.054934 0.239960 -0.039096 0.031798 -0.055002 -0.153631 -0.273239 -0.225025 -0.037102 -0.186087 -0.154906 -0.156037 -0.376676 -0.184213 -0.138058 -0.089009 -0.288581 -0.079943 -0.202376 -0.316799 -0.240504 -0.013948 -0.348565 -0.007451 0.182779 0.027341 -0.296286 -0.444504 -0.081057 -0.535985 -0.258717 -0.069007 0.438218 -0.274849 -0.120887 -0.209921 0.090812 -0.190784 0.029420 0.174371 -0.259148 -0.024885 0.101286 0.362141 0.005753 0.136432 0.035591 -0.081342 -0.269362 0.055855 0.489716 0.641732 0.126113 0.108122 0.271671 0.001749 0.241069 0.083526 -0.104473 0.412851 0.092663 0.138035 0.023171 -0.027157 -0.136091 -0.017968 -0.049673 0.052838 -0.257336 -0.127923 -0.012819 0.076647 -0.289809 -0.062524 -0.109913 -0.077585 -0.085064 -0.069953 -0.074702 0.120568 0.144468 -0.054813 -0.052791 -0.007682
0.478913 0.118153 0.297702 0.100950 -0.082357 0.203114 0.171060 -0.096690 0.296100 0.013128 -0.194800 -0.297783 -0.072614 -0.215420 0.063109 -0.015402 -0.201688 -0.123410 0.443155 1.000000 -0.144952 -0.317327 0.063294 0.236556 -0.085183 -0.248125 -0.096822 -0.124400 -0.418532 -0.367909 -0.265172 -0.067824 -0.009496 0.335582 -0.053642 0.125940 -0.084028 -0.111421 -0.247568 0.009416 -0.333124 -0.496411 -0.565526 -0.505268 -0.517078 -0.367819 -0.406143 -0.154001 -0.202186 -0.412028 -0.409319 -0.426610 -0.159930 -0.123342 -0.360061 -0.130851 -0.065849 0.212166 -0.023142 0.054401 -0.220103 -0.294289 -0.267746 -0.097327 -0.035246 -0.213867 0.016807 0.025695 0.291197 0.441175 -0.104003 -0.155497 -0.561817 -0.498258 -0.385917 -0.223373 -0.381808 -0.381909 0.119220 -0.137470 -0.017217 0.200151 0.254982 0.251724 0.096975 0.115400 0.026306 -0.031128 0.129043 0.230163 0.188629 0.611557 0.372291 0.382910 0.051306 0.000223 -0.113144 -0.016678 -0.153103 0.069217 0.157944 0.186647 0.314602 0.519614 0.331143 0.481598 0.022629 0.075383 0.079415 -0.130629 0.194589 0.207953 0.278243 0.185724 0.327998 0.207532
0.008899 -0.263547 -0.030740 -0.198866 0.312213 0.122660 -0.050754 -0.214926 -0.026877 -0.082655 -0.011689 -0.121711 -0.170397 -0.304454 0.104408 0.024931 -0.209588 -0.336534 0.162694 -0.144952 1.000000 0.502584 0.108539 0.182897 0.375106 0.515559 0.247769 0.198484 -0.215283 -0.072397 0.059609 0.200673 -0.204324 -0.142189 0.204703 0.141851 -0.148476 -0.270831 0.101900 0.015780 0.494016 -0.001079 0.225342 0.186775 0.187739 0.195087 0.093119 0.158907 0.251924 0.272956 0.210112 0.036114 0.017112 0.101869 0.039997 0.070089 -0.022800 -0.092331 -0.077565 0.022173 -0.058805 -0.203279 0.015554 0.008515 -0.000328 -0.141919 0.063584 0.039265 -0.213569 -0.052109 0.177504 0.400971 -0.280209 -0.071329 -0.163244 -0.101702 -0.147645 -0.136277 -0.344627 -0.284269 -0.185018 -0.256411 0.074593 0.200229 -0.149413 -0.096366 0.280476 -0.074470 -0.026778 -0.082126 0.139368 0.078305 0.046235 0.051911 -0.302334 -0.421917 0.105428 -0.130684 0.061870 0.026097 -0.184873 -0.069409 -0.245273 0.112490 -0.192305 -0.081699 0.203767 0.351833 -0.409895 0.011366 0.214861 0.133287 -0.158256 -0.178569 -0.201112 0.142508
-0.137221 -0.269065 -0.004319 0.132901 0.079645 0.145863 0.073443 -0.032571 -0.200168 0.001745 -0.047967 0.137149 -0.008317 -0.079249 0.034151 0.173862 -0.035775 -0.174602 -0.003524 -0.317327 0.502584 1.000000 0.098837 0.229035 0.267566 0.506931 0.200096 0.325987 0.004880 0.045652 0.266048 0.407113 -0.192856 -0.017254 0.106369 0.131217 -0.084263 -0.083147 0.086853 -0.040564 0.262669 0.363095 0.158141 0.058099 -0.039844 -0.073199 -0.123714 -0.006727 -0.002576 0.065011 0.035191 -0.015750 0.042385 -0.010264 0.017116 -0.252607 -0.033109 -0.083533 -0.069049 -0.051934 0.131342 0.095014 -0.036152 -0.090768 0.108398 0.197307 0.024249 0.027780 -0.169866 -0.157527 0.247725 0.455770 0.027614 0.118064 0.067619 0.103427 0.021280 0.185132 -0.202515 -0.127397 -0.169859 -0.232070 -0.070776 0.110868 -0.054442 -0.221885 0.195213 0.153917 -0.108260 -0.345253 0.099544 -0.155050 0.090038 0.014133 -0.153112 -0.190092 0.000725 -0.096797 -0.121607 -0.104446 -0.133142 0.050211 -0.031364 0.021213 -0.203317 -0.125043 0.032145 0.113703 -0.271465 -0.062663 0.187519 0.012481 -0.135047 -0.240898 -0.125385 -0.037421
0.211344 -0.065850 0.574820 0.643247 -0.043874 0.238754 0.122669 -0.296729 0.026339 -0.378447 0.050773 -0.415169 -0.211996 -0.619440 0.327609 -0.194921 -0.227103 -0.199615 0.499797 0.063294 0.108539 0.098837 1.000000 0.679119 0.721657 0.380079 0.460450 0.448297 -0.356957 -0.335381 0.555335 0.513241 -0.287590 -0.043710 0.007504 -0.121226 0.007948 -0.073834 0.064950 -0.064933 -0.063367 -0.031878 0.041263 -0.186071 -0.371240 -0.260491 -0.015972 0.051305 -0.020368 0.055152 0.218606 0.068090 -0.086006 0.012449 -0.048552 -0.000063 -0.070992 -0.260183 -0.268862 -0.567765 -0.189633 -0.375330 -0.402423 -0.304692 0.432978 -0.142583 -0.539604 -0.381164 -0.092764 -0.529295 0.233490 0.045303 -0.230662 0.078815 0.103723 0.337568 0.216410 0.179096 0.116729 0.063768 -0.317997 0.000302 0.420805 0.491676 0.167758 0.015415 0.290675 0.322631 0.509767 0.241706 0.053652 0.153788 0.005039 0.023287 -0.018979 0.008665 0.067283 0.008729 0.027111 0.071023 -0.443968 -0.246546 -0.210272 -0.138354 -0.306871 -0.010208 0.019015 -0.130212 -0.160045 -0.061835 -0.082211 0.064727 -0.045108 -0.019907 -0.021361 0.079230
0.223335 -0.354841 0.536096 0.644378 0.075331 0.526584 0.288643 0.056602 0.064412 -0.072031 -0.111027 -0.379725 -0.356626 -0.556784 0.151009 -0.069159 -0.303437 -0.453521 0.566301 0.236556 0.182897 0.229035 0.679119 1.000000 0.618115 0.554390 0.437258 0.452801 -0.486933 -0.423920 0.554069 0.679434 -0.440440 0.121601 0.142028 0.194436 -0.095844 -0.202242 0.076904 -0.022440 -0.035523 0.011678 -0.354648 -0.450203 -0.482591 -0.313655 -0.377619 -0.159059 -0.229767 -0.247131 -0.200033 -0.318927 -0.313561 -0.157163 -0.307096 -0.364167 -0.248759 -0.334706 -0.272517 -0.488859 -0.069293 -0.364303 -0.436661 -0.489166 0.600179 0.093443 -0.180882 0.118379 -0.124169 -0.202719 0.297565 0.266709 -0.334359 0.017700 0.093007 0.308033 0.053361 0.188599 0.082257 -0.050482 -0.388521 -0.128859 0.444662 0.581944 0.266670 0.297870 0.398238 0.454791 0.518218 0.014919 0.139347 0.333066 0.355691 0.351298 -0.073855 -0.028078 -0.304144 -0.107889 -0.325973 -0.128569 -0.173267 0.060654 -0.078172 0.055816 -0.169027 0.146612 -0.130526 -0.081198 -0.152155 -0.146059 0.167923 0.105273 -0.061812 0.060262 0.006281 0.045884
0.078056 -0.262228 0.508409 0.409043 0.242119 0.336642 0.160236 -0.194143 0.044582 -0.121835 -0.198924 -0.378188 -0.389056 -0.520286 0.087167 -0.157495 -0.281459 -0.374951 0.321735 -0.085183 0.375106 0.267566 0.721657 0.618115 1.000000 0.636527 0.571862 0.549385 -0.344776 -0.279212 0.571574 0.554625 -0.204448 0.035132 0.086525 0.117840 -0.124563 -0.246940 0.229990 -0.007227 0.142086 0.039299 0.009832 -0.075405 -0.180592 -0.057348 -0.115358 0.091414 0.210880 -0.041215 0.211930 -0.057533 -0.130881 -0.072985 -0.066779 -0.026336 -0.192240 -0.336152 -0.071162 -0.332965 -0.088529 -0.360918 -0.388844 -0.373574 0.315882 0.042267 -0.159622 -0.003124 -0.078165 -0.276179 0.225001 0.106808 -0.212826 -0.058148 -0.040208 0.095435 -0.025647 0.040153 -0.021258 -0.073256 -0.407062 -0.261380 0.120312 0.306908 -0.045384 -0.099615 0.216587 0.366355 0.455327 0.140139 0.064914 0.100458 0.102120 0.137035 -0.190107 -0.041888 0.029577 -0.057467 -0.141701 -0.065269 -0.334696 -0.062455 -0.144011 -0.046408 -0.242567 -0.066289 0.093145 0.024063 -0.253739 0.001424 0.167524 -0.050991 -0.139950 -0.213951 -0.161762 0.026474
-0.029635 -0.384559 0.121203 0.247800 0.148651 0.293452 0.030062 0.049243 -0.062607 0.042617 -0.258930 -0.292862 -0.320552 -0.379766 0.022091 0.014279 -0.095721 -0.337227 0.283998 -0.248125 0.515559 0.506931 0.380079 0.554390 0.636527 1.000000 0.632896 0.595879 -0.138606 -0.153324 0.620252 0.707062 -0.005510 0.224349 0.183614 0.319162 -0.007248 -0.168186 0.087766 -0.057471 0.274076 0.287248 -0.035876 -0.039019 -0.189445 -0.068405 -0.228087 -0.139678 -0.080456 -0.035315 0.058919 -0.131480 -0.196162 -0.001512 -0.146604 -0.220562 -0.091947 -0.188114 -0.132721 -0.259692 0.092863 -0.224166 -0.214560 -0.290928 0.387246 0.175481 0.001582 0.076257 -0.108798 -0.188969 0.225333 0.313574 -0.058310 0.031623 0.072025 0.104903 -0.005766 0.067166 -0.053333 -0.072680 -0.221680 -0.241877 0.159012 0.378137 -0.002231 0.070429 0.354292 0.156176 0.204005 -0.180862 -0.054112 -0.123220 0.018024 -0.046885 -0.072075 -0.095418 -0.190184 -0.147874 -0.344772 -0.137718 -0.148929 -0.098555 -0.341022 -0.051919 -0.311200 -0.208352 0.032505 0.142726 -0.218681 -0.073992 0.063899 0.014296 -0.240593 -0.311595 -0.346824 -0.031651
-0.031860 -0.233786 0.305290 0.257365 0.241182 0.138538 0.063819 -0.089531 0.042029 -0.095416 -0.248301 -0.461588 -0.351050 -0.375433 0.092442 -0.114079 -0.373599 -0.337799 0.165363 -0.096822 0.247769 0.200096 0.460450 0.437258 0.571862 0.632896 1.000000 0.614226 -0.346588 -0.252340 0.427309 0.450998 -0.121852 0.201301 0.210501 0.347148 0.030225 -0.148012 0.133630 0.038713 0.087206 0.059203 -0.042145 -0.102024 -0.186339 -0.130331 -0.257560 -0.035953 0.035285 -0.093821 0.245590 -0.064945 -0.204764 -0.084214 -0.046270 -0.220448 -0.167023 -0.221295 -0.083157 -0.150067 0.065310 -0.226198 -0.301959 -0.371282 0.213670 0.167037 -0.004905 0.112033 -0.016377 -0.017319 0.193030 0.043445 -0.206198 -0.091316 -0.121459 0.019534 -0.203235 -0.198394 -0.088967 -0.080970 -0.326039 -0.313029 0.033917 0.124143 -0.134813 0.086705 0.245130 0.167930 0.260972 0.116261 -0.092358 0.030193 0.176215 0.109991 0.147447 0.139591 -0.147865 0.162328 -0.284052 -0.071915 -0.025966 -0.073756 -0.092252 -0.017335 0.053038 -0.004438 -0.070474 -0.016907 0.158380 0.057563 -0.042450 0.120087 -0.114166 -0.211247 -0.077783 -0.284143
0.096518 -0.167193 0.323234 0.261614 0.202526 0.378315 0.177994 0.013529 0.086054 0.143235 0.012308 -0.226374 -0.281726 -0.241667 0.000651 -0.097752 -0.322589 -0.332794 0.214047 -0.124400 0.198484 0.325987 0.448297 0.452801 0.549385 0.595879 0.614226 1.000000 -0.370918 -0.329589 0.478579 0.542012 -0.130179 0.243902 0.215206 0.367323 -0.197217 -0.128787 0.142709 -0.129140 -0.152805 0.000301 -0.110185 -0.213764 -0.192945 -0.237822 -0.320869 -0.203302 0.125956 -0.177345 0.174754 -0.167820 -0.159545 -0.304964 -0.052584 -0.418601 -0.112775 -0.120555 0.129863 -0.085278 0.143025 -0.002890 -0.214470 -0.223560 0.285688 0.261652 0.085811 0.108903 -0.008328 -0.063812 0.273249 -0.038983 -0.174299 -0.165612 -0.126112 0.208233 -0.219554 -0.087100 0.000690 0.035361 -0.279823 -0.302483 0.137998 0.164088 0.006522 0.173262 0.461264 0.146999 0.483181 -0.052294 0.007465 -0.099947 0.263047 0.105960 -0.092356 -0.093667 -0.171180 0.076416 -0.509557 -0.343109 -0.105732 -0.118929 0.074670 -0.053602 -0.136520 -0.233521 0.027426 0.045897 0.097377 -0.017923 0.002274 -0.025317 -0.077215 -0.167303 -0.332804 -0.253407
-0.235465 0.150122 -0.514983 -0.214243 -0.156967 -0.366371 -0.252692 0.137067 -0.223006 -0.063760 0.166155 0.318223 0.269628 0.354007 0.074295 0.267813 0.717847 0.463264 -0.268370 -0.418532 -0.215283 0.004880 -0.356957 -0.486933 -0.344776 -0.138606 -0.346588 -0.370918 1.000000 0.800451 0.142318 -0.070008 0.393378 -0.077485 -0.199932 -0.244736 0.153369 0.287450 -0.045929 -0.171761 0.057899 0.433075 0.275906 0.319674 0.300284 0.128842 0.365270 0.041922 -0.249155 0.216096 -0.090968 0.190016 0.114323 0.211635 0.194344 0.331633 0.201667 0.092666 -0.024021 -0.070319 0.165284 0.168011 0.302870 0.252579 -0.059985 -0.140814 -0.088662 -0.262772 -0.102490 -0.215182 -0.241249 0.075250 0.768233 0.437017 0.397362 0.159675 0.394202 0.371364 0.272288 0.299795 0.525484 0.404690 -0.056506 -0.019343 0.188994 -0.226525 -0.121449 -0.140804 -0.404670 -0.130977 -0.389567 -0.505258 -0.559146 -0.475711 0.029959 0.091904 0.102623 -0.157294 0.247392 -0.015120 -0.143380 -0.153407 -0.175104 -0.453196 -0.260979 -0.368294 -0.190770 -0.379539 0.078554 0.003070 -0.350949 -0.288625 -0.288469 -0.060631 -0.013949 -0.032655
-0.204707 0.166276 -0.459990 -0.185968 -0.121323 -0.291666 -0.261830 0.141328 -0.218375 -0.091852 0.077941 0.209096 0.132995 0.297261 0.045036 0.243816 0.623428 0.440538 -0.233416 -0.367909 -0.072397 0.045652 -0.335381 -0.423920 -0.279212 -0.153324 -0.252340 -0.329589 0.800451 1.000000 0.147708 -0.049476 0.273307 -0.071505 -0.159268 -0.182115 0.040895 0.316125 -0.011413 -0.191320 0.121329 0.295192 0.300804 0.278149 0.301952 0.124405 0.358467 0.081185 -0.180963 0.226362 0.028658 0.232821 0.030369 0.276702 0.216586 0.380160 0.309708 0.151839 -0.135174 -0.101186 0.156522 0.170295 0.337928 0.337289 -0.033471 -0.148191 -0.068786 -0.247946 -0.047085 -0.206528 -0.344908 0.141090 0.630654 0.378070 0.285878 0.181360 0.277248 0.211835 0.285848 0.395519 0.518457 0.392238 -0.061246 -0.065566 0.133013 -0.238437 -0.054160 -0.198273 -0.334812 0.043267 -0.492823 -0.460100 -0.424996 -0.417968 0.006822 -0.116394 0.259285 -0.089966 0.176272 -0.046038 -0.148165 -0.204757 -0.184690 -0.372607 -0.223963 -0.325276 -0.244675 -0.383788 -0.032953 0.054324 -0.340146 -0.181118 -0.306802 -0.052796 0.080677 -0.087610
-0.087572 -0.248964 0.278201 0.502113 -0.108616 0.222860 0.071537 0.083718 -0.107328 -0.127676 -0.029027 -0.243348 -0.142473 -0.285097 0.192794 0.001481 0.172783 -0.057484 0.285630 -0.265172 0.059609 0.266048 0.555335 0.554069 0.571574 0.620252 0.427309 0.478579 0.142318 0.147708 1.000000 0.765076 -0.078605 0.193633 0.045395 0.097617 0.121208 0.058715 0.134616 -0.073979 0.011342 0.368105 -0.031910 -0.116889 -0.238808 -0.203055 -0.087082 -0.169335 -0.264204 -0.042710 0.019286 -0.082263 -0.252753 0.019583 -0.065077 -0.132867 -0.079946 -0.295944 -0.331692 -0.583333 0.047762 -0.256639 -0.143794 -0.210968 0.519990 0.082408 -0.346923 -0.222118 -0.148389 -0.490980 0.235967 0.263109 0.284283 0.287561 0.279438 0.466083 0.274412 0.424016 0.346234 0.215881 -0.002644 0.120888 0.379807 0.459574 0.257565 0.156738 0.346771 0.245805 0.346166 -0.144409 -0.231351 -0.199220 -0.185660 -0.170062 -0.008026 0.023939 -0.072059 0.064708 -0.213290 -0.271623 -0.286791 -0.280226 -0.311337 -0.439301 -0.415693 -0.312879 -0.196256 -0.270640 0.031621 -0.120901 -0.167936 -0.176050 -0.333977 -0.141133 -0.254291 -0.103473
0.217696 -0.188137 0.210298 0.479860 -0.131351 0.249923 0.044927 0.040586 -0.127221 -0.126982 -0.105078 -0.281829 -0.271608 -0.419313 0.085416 0.027928 0.018515 -0.210125 0.443366 -0.067824 0.200673 0.407113 0.513241 0.679434 0.554625 0.707062 0.450998 0.542012 -0.070008 -0.049476 0.765076 1.000000 -0.039618 0.370478 -0.055770 0.299171 -0.207864 -0.095496 0.182744 0.052501 -0.000317 0.304594 -0.186998 -0.261848 -0.386557 -0.365173 -0.294012 -0.166164 -0.372452 -0.195907 -0.158272 -0.235959 -0.297115 -0.036183 -0.201930 -0.247040 -0.049520 -0.167448 -0.211065 -0.440585 0.081506 -0.194136 -0.291897 -0.246351 0.430239 0.093090 -0.170537 -0.109049 -0.095095 -0.349177 0.157216 0.323447 0.001796 0.113284 0.128272 0.436199 0.081773 0.313274 0.322811 0.226468 -0.162192 0.013550 0.301112 0.540521 0.153698 0.068059 0.406202 0.356721 0.270908 -0.139123 -0.109913 -0.080170 -0.073461 -0.042916 -0.091888 0.056341 -0.171048 -0.043589 -0.424661 -0.226560 -0.211328 -0.189565 -0.247309 -0.163207 -0.309234 -0.113799 -0.152256 -0.090865 -0.059324 -0.004706 0.085501 -0.037743 -0.289578 -0.142196 -0.202369 -0.101304
0.032130 0.190204 -0.281080 -0.208834 -0.165810 -0.287490 -0.078180 -0.024017 -0.118716 -0.106989 -0.303626 -0.130313 0.125021 0.175979 -0.186214 -0.012598 0.340749 0.268859 0.054934 -0.009496 -0.204324 -0.192856 -0.287590 -0.440440 -0.204448 -0.005510 -0.121852 -0.130179 0.393378 0.273307 -0.078605 -0.039618 1.000000 0.449975 -0.318328 0.057552 0.107921 0.031204 -0.122243 -0.018149 0.047104 0.100601 0.074053 0.244913 -0.014305 0.014046 -0.065321 -0.060028 -0.201148 -0.172868 -0.108686 -0.165936 -0.200068 -0.076319 -0.233636 0.142629 0.295707 0.340858 0.010053 0.106419 -0.010346 -0.141970 0.282365 0.343478 -0.113699 -0.160269 0.228915 -0.036162 0.282392 0.077096 -0.283285 -0.173323 0.317131 0.017704 0.054928 -0.049921 -0.091975 -0.042947 0.148839 0.260454 0.332165 0.206219 -0.246155 -0.173992 -0.090824 -0.165986 -0.201886 -0.353972 -0.368481 -0.062569 -0.356657 -0.238300 -0.435804 -0.251029 0.182603 0.133659 0.081561 0.004682 -0.067909 -0.059393 -0.145965 -0.098794 -0.027486 0.019265 -0.067860 -0.118939 -0.065382 0.104969 0.079899 0.223827 -0.125080 -0.174063 0.125164 -0.293867 -0.068411 -0.106965
0.062177 -0.227044 0.211868 0.058665 -0.027786 0.090324 0.341243 0.261240 0.126380 0.222159 -0.292130 -0.140008 0.070930 0.181858 -0.061662 0.174180 0.002607 -0.053516 0.239960 0.335582 -0.142189 -0.017254 -0.043710 0.121601 0.035132 0.224349 0.201301 0.243902 -0.077485 -0.071505 0.193633 0.370478 0.449975 1.000000 -0.074146 0.553685 0.050554 -0.261520 -0.060141 0.142968 -0.103324 -0.044353 -0.457802 -0.233688 -0.459479 -0.325103 -0.549521 -0.352342 -0.339208 -0.557498 -0.347753 -0.618025 -0.343275 -0.323200 -0.538763 -0.436204 -0.167648 -0.018421 0.009995 -0.095409 0.098531 -0.063352 -0.108343 0.035645 0.180282 0.217331 0.135922 0.142962 0.131642 0.169235 -0.133416 -0.105009 -0.035735 -0.229355 -0.110498 0.106686 -0.244674 -0.083041 0.151325 0.136471 0.174598 0.140963 0.029563 0.078275 0.044798 0.001304 -0.047939 -0.081410 -0.074383 -0.180392 -0.035993 0.059693 -0.068200 -0.044149 0.129736 0.054929 -0.238432 0.124268 -0.513151 -0.330925 -0.048113 0.102636 0.034173 0.182172 0.050108 0.031140 -0.139769 0.072944 0.109559 0.059340 -0.024281 0.009416 -0.008910 -0.254058 -0.036188 -0.264666
-0.070592 -0.178529 0.115986 -0.031437 0.324494 0.306086 0.050334 0.330086 0.174133 0.334162 -0.013719 0.096758 -0.195854 -0.022809 -0.083291 -0.086147 -0.347352 -0.266856 -0.039096 -0.053642 0.204703 0.106369 0.007504 0.142028 0.086525 0.183614 0.210501 0.215206 -0.199932 -0.159268 0.045395 -0.055770 -0.318328 -0.074146 1.000000 0.452307 0.085920 0.018216 -0.132995 -0.200967 0.092732 0.009223 -0.132311 -0.128820 0.240974 0.233630 -0.121592 -0.253950 0.285103 -0.052476 0.134582 -0.169934 0.009521 -0.216754 -0.064653 -0.205756 -0.224927 -0.130747 0.222868 -0.071383 0.218329 0.074317 -0.190923 -0.302751 0.257588 0.343976 0.067110 0.166251 0.023138 0.089540 0.306651 0.255985 -0.100524 -0.114771 -0.049610 -0.009624 -0.229013 -0.105048 -0.361596 -0.228808 -0.336719 -0.370016 0.055934 0.127818 -0.207172 0.013121 0.064487 0.028395 0.172171 -0.111069 0.020137 0.028694 0.411502 0.314052 0.130134 -0.106984 -0.243594 0.087897 -0.185004 -0.198813 -0.019136 0.033232 0.045974 0.114126 -0.003506 -0.028666 0.100626 0.050878 0.016075 -0.227395 -0.046578 -0.158002 -0.068120 -0.087262 -0.206816 -0.072941
0.068905 -0.306320 0.198173 -0.035344 0.311498 0.283726 0.305358 0.370541 0.293536 0.448499 -0.210384 0.040404 -0.048934 0.091073 -0.161159 0.101251 -0.279815 -0.419068 0.031798 0.125940 0.141851 0.131217 -0.121226 0.194436 0.117840 0.319162 0.347148 0.367323 -0.244736 -0.182115 0.097617 0.299171 0.057552 0.553685 0.452307 1.000000 -0.202597 -0.277138 0.025374 0.076896 -0.021681 -0.004735 -0.490300 -0.359693 -0.152024 -0.170685 -0.619616 -0.413114 -0.015266 -0.517231 -0.282256 -0.632371 -0.366397 -0.509740 -0.408553 -0.523042 -0.309186 -0.107694 0.388382 0.087613 0.369590 0.177809 -0.241095 -0.200179 0.115049 0.531194 0.309458 0.384373 0.033482 0.295753 0.167301 0.180326 -0.196302 -0.212713 -0.108729 0.018049 -0.393308 -0.107826 -0.176128 -0.093096 -0.171952 -0.298441 -0.085631 0.051858 -0.169062 -0.010823 0.014565 0.042217 0.099624 -0.149239 0.071902 0.100570 0.319785 0.280005 0.116631 0.032862 -0.411734 0.199817 -0.681955 -0.397545 0.161398 0.187612 0.066059 0.303340 0.183160 0.053412 -0.144069 0.066331 0.127427 -0.040881 0.199203 -0.207875 -0.120844 -0.133293 -0.077271 -0.251119
