1.000000 0.450973 -0.174165 -0.433237 -0.114105 -0.405607 0.061597 -0.352688 -0.092195 -0.134705 0.298816 -0.039688 0.381718 0.046439 0.072739 -0.219903 0.407630 0.140842 0.389271 0.302770 0.045464 -0.292769 -0.314240 -0.436608 -0.271081 -0.506984 -0.198220 -0.410313 0.310224 0.142086 -0.133451 -0.311786 0.136093 0.009992 -0.363183 -0.343666 -0.232274 -0.224973 -0.243865 -0.245779 0.147733 -0.074463 -0.138954 -0.309386 -0.028728 -0.312147 0.091337 -0.211292 0.017416 -0.083614 -0.094995 -0.140330 0.226804 0.192319 -0.075826 -0.312180 0.443192 0.252818 0.413743 0.195959 0.527794 0.286482 0.369295 0.454967 -0.143670 -0.254227 -0.129204 -0.424943 0.139979 0.199979 0.019354 -0.228722 0.282637 -0.099415 0.124596 0.091979 0.063866 -0.085789 -0.121868 -0.206547 -0.017332 0.087591 -0.074917 -0.011754 0.039830 -0.131550 -0.053196 -0.340219 -0.282060 -0.137268 0.212562 0.156789 -0.241406 0.188652 0.090007 0.063651 -0.269169 -0.112376 0.169757 0.373151 0.053446 0.328293 0.230723 0.266536 0.210691 0.190799 0.164810 0.305182 0.067994 -0.129599 -0.152660 0.151077 0.235863 0.022143 0.164631 0.193725
0.450973 1.000000 -0.630546 -0.216756 -0.414570 -0.310314 -0.273131 0.047243 -0.190153 0.021549 0.130998 0.533959 0.122631 0.483034 -0.070931 0.273248 0.199454 0.253493 -0.020758 0.472270 -0.228423 -0.163904 -0.557886 -0.547473 -0.502696 -0.597497 -0.308574 -0.469288 0.339111 0.497504 -0.207443 -0.243335 0.158916 0.102186 -0.405933 -0.336456 -0.087057 -0.092132 -0.173256 -0.130070 0.236826 0.236131 -0.026752 -0.330573 0.082056 -0.187538 0.064952 -0.344633 -0.135013 -0.097541 -0.120205 -0.115473 0.162471 0.188855 0.067695 -0.246142 0.345747 0.508868 0.050728 0.112217 0.276232 0.597099 0.335990 0.374291 -0.318183 -0.087636 -0.594709 -0.524589 0.507904 0.173291 0.054244 -0.095640 0.442296 0.305883 0.353896 0.419192 0.327249 0.147937 0.055394 0.084721 0.288794 0.197466 -0.192462 0.304546 -0.120952 0.054733 -0.263534 -0.171656 -0.517510 -0.142540 0.316365 -0.231984 0.092155 -0.291731 0.003696 0.082968 -0.248711 -0.080935 0.257880 0.036554 0.249460 0.177919 0.143629 -0.173041 -0.105438 -0.049949 0.014459 0.116035 -0.081166 -0.239178 -0.471306 0.284688 0.161390 -0.182021 -0.152444 0.291414
-0.174165 -0.630546 1.000000 0.350664 0.520144 0.367112 0.623600 0.147639 0.230150 0.018963 0.263804 -0.236501 0.023842 -0.478803 0.365037 -0.274593 -0.357016 -0.462767 0.244352 -0.345204 0.283491 0.106425 0.762626 0.463461 0.525710 0.465750 0.350130 0.489826 -0.400154 -0.601675 0.467486 0.299196 0.079755 0.014007 0.437053 0.205331 -0.038424 -0.090622 0.057019 -0.087068 -0.370367 -0.377634 -0.138888 0.224725 -0.239488 -0.037510 -0.222582 0.067227 0.001434 -0.254071 0.181251 -0.120110 -0.171365 -0.315886 -0.142361 0.082278 -0.571723 -0.619237 -0.142875 -0.285012 -0.243786 -0.513853 -0.462449 -0.451717 0.584836 0.075965 0.650772 0.594583 -0.450835 -0.329051 -0.178960 -0.119815 -0.519696 -0.428826 -0.422777 -0.296266 -0.169175 -0.063146 -0.258553 -0.438150 -0.462599 -0.385004 0.291683 -0.209132 0.237297 0.084627 0.276819 0.059351 0.547257 -0.018413 -0.383743 0.375811 0.043733 0.544391 0.146339 -0.136108 0.231772 -0.105931 -0.451042 -0.116152 -0.456418 -0.048833 -0.333068 0.146756 0.066483 -0.034005 0.026373 -0.211405 -0.066640 -0.076854 0.362527 -0.242825 -0.220120 0.227938 -0.010518 -0.313892
-0.433237 -0.216756 0.350664 1.000000 0.062398 0.550557 0.043042 0.608269 -0.035213 0.029005 0.105112 0.326094 -0.308198 -0.086045 0.234487 0.274289 -0.418904 -0.488404 -0.231800 -0.373739 -0.104221 0.014526 0.458820 0.518969 0.392492 0.496041 0.263481 0.516750 -0.525960 -0.480924 0.121424 0.104311 -0.174969 -0.118150 0.348887 0.367885 -0.222947 0.012084 -0.071742 -0.118575 -0.401669 -0.206125 -0.002199 0.292468 -0.053255 0.311732 -0.084779 0.149938 -0.140979 0.076730 0.239223 0.019481 -0.097586 -0.134951 0.092476 0.212777 -0.355195 -0.468265 -0.175403 -0.236679 -0.381314 -0.184812 -0.449548 -0.453649 0.429922 0.468965 0.032007 0.404614 -0.197125 -0.496316 -0.419679 -0.216217 -0.636748 -0.136235 -0.062501 -0.129147 -0.135964 -0.108636 -0.345291 -0.323729 -0.336185 -0.469031 -0.016072 -0.151557 0.290939 0.264327 0.170444 0.224466 0.331264 0.080221 -0.227963 -0.117234 0.446039 -0.058382 0.238423 -0.241509 0.237642 -0.177940 -0.302459 -0.244858 -0.411157 -0.181633 -0.164015 -0.209731 -0.125972 -0.125235 0.171593 -0.062522 -0.139849 -0.182899 0.191891 -0.370655 -0.313171 0.098822 0.083166 -0.063347
-0.114105 -0.414570 0.520144 0.062398 1.000000 0.357003 0.641541 0.002855 0.632491 0.235436 0.141340 -0.344634 0.224831 -0.361718 0.499780 -0.186570 -0.329647 -0.295274 0.106427 -0.174817 0.375205 0.125962 0.489739 0.367590 0.206833 0.187941 0.330504 0.290858 -0.187321 -0.362618 0.275566 0.263807 -0.031956 0.137999 0.265143 0.164928 0.050864 -0.160104 0.074616 -0.256899 -0.269412 -0.248766 -0.180294 -0.057424 -0.101336 -0.211031 -0.189737 -0.056168 0.051849 -0.033262 -0.068852 -0.019532 -0.105262 -0.172075 -0.128606 -0.008175 -0.462754 -0.433307 0.136949 0.018586 -0.076069 -0.242486 -0.297851 -0.189990 0.326216 -0.167947 0.332572 0.241817 -0.396542 -0.177249 0.032279 0.065921 -0.350824 -0.368396 -0.508632 -0.154991 -0.363690 -0.089294 -0.290665 -0.411196 -0.371581 -0.248734 0.362882 0.045601 0.115424 -0.078992 -0.025753 -0.075727 0.430836 -0.095317 -0.059986 0.316867 -0.161102 0.500341 -0.156473 0.035937 -0.120660 -0.075158 -0.303752 -0.128958 -0.243893 -0.064515 -0.246319 0.193419 0.073801 0.011972 -0.081519 0.039411 0.115510 0.184967 0.039370 -0.025070 -0.104984 0.135477 0.045149 -0.125152
-0.405607 -0.310314 0.367112 0.550557 0.357003 1.000000 0.002824 0.418037 -0.028620 0.298494 -0.188230 0.104848 -0.146320 0.037365 0.110159 0.300905 -0.521540 -0.369451 -0.277791 -0.309246 0.120730 0.155836 0.309317 0.449156 0.425982 0.573638 0.463465 0.655293 -0.755405 -0.442787 -0.202158 -0.145195 -0.405445 -0.303172 0.216550 0.433224 -0.159256 0.076410 0.009531 0.129006 -0.380100 -0.149836 -0.047467 0.301788 -0.169864 0.247397 -0.166909 0.337344 0.067716 0.158835 0.131866 0.175939 -0.048323 -0.202541 -0.050911 0.259925 -0.399537 -0.377238 0.027353 0.031055 -0.413545 -0.039996 -0.619897 -0.485141 0.229026 0.557413 0.208165 0.521720 -0.171587 -0.437058 -0.261750 0.094340 -0.593994 -0.224393 -0.337051 -0.186175 -0.304823 -0.051437 -0.379919 -0.237485 -0.417584 -0.429495 -0.089870 -0.264539 -0.088763 -0.168014 -0.115937 0.058200 0.385475 0.233033 0.057299 0.087545 0.341989 0.171924 0.290146 -0.012658 0.223687 0.136525 -0.335511 -0.265546 -0.348276 -0.170986 -0.231004 0.063104 0.090443 -0.007164 0.162835 -0.054006 0.149010 0.151618 0.382080 -0.297065 -0.163723 0.201339 0.082887 0.054322
0.061597 -0.273131 0.623600 0.043042 0.641541 0.002824 1.000000 0.143986 0.614772 0.229483 0.446267 -0.077770 0.390669 -0.391831 0.486998 -0.130626 -0.187750 -0.288757 0.433575 -0.159637 0.314920 -0.025418 0.481090 0.210752 0.041467 -0.053923 -0.014604 -0.022675 0.112107 -0.242573 0.532629 0.531205 0.401056 0.438301 0.263432 -0.036338 0.014292 -0.241567 -0.077237 -0.356164 -0.074479 -0.334623 -0.310569 -0.181835 -0.213399 -0.413711 -0.246954 -0.350645 -0.158690 -0.329108 -0.149724 -0.348620 -0.159499 -0.276077 -0.177404 -0.296229 -0.503535 -0.453268 -0.123680 -0.211673 0.171559 -0.199037 -0.084804 -0.109851 0.509018 -0.277719 0.414531 0.158475 -0.355163 -0.265962 -0.014173 -0.085296 -0.148480 -0.285534 -0.295969 -0.081809 -0.148294 -0.009808 -0.226809 -0.448682 -0.326705 -0.183409 0.454023 0.232720 0.281166 0.249698 0.087059 -0.024721 0.248016 -0.358156 -0.219372 0.270688 -0.072755 0.483486 -0.104197 -0.173477 -0.112364 -0.326959 -0.369312 -0.175315 -0.270587 0.008185 -0.291882 0.056096 -0.038058 -0.122805 -0.130185 -0.050904 -0.157784 -0.157221 0.015747 -0.015774 -0.069657 0.039912 -0.008471 -0.254335
-0.352688 0.047243 0.147639 0.608269 0.002855 0.418037 0.143986 1.000000 0.177928 0.519531 0.003492 0.445231 0.002855 0.243873 0.083683 0.542918 -0.460337 -0.417819 -0.225191 -0.264022 -0.149025 -0.082137 0.054499 0.184264 0.075049 0.218399 -0.073908 0.064480 -0.333340 -0.226509 0.007730 0.079095 -0.051287 0.073002 0.160005 0.236091 -0.346263 -0.179069 -0.337468 -0.111276 -0.285762 -0.140591 -0.267018 -0.043992 -0.167530 0.082982 -0.306465 -0.034149 -0.180339 -0.003519 0.029410 -0.092216 -0.150320 -0.132995 -0.092780 -0.074885 -0.367773 -0.362759 -0.177102 -0.099759 -0.074321 0.255889 -0.308889 -0.357251 0.271596 0.573257 -0.047669 0.396173 -0.043720 -0.304795 -0.411687 -0.133476 -0.361213 0.011333 0.019080 -0.038502 -0.089184 -0.059158 -0.377110 -0.253301 -0.286051 -0.399541 -0.029255 0.001921 0.053996 0.238555 0.085348 0.062838 0.176649 -0.046898 0.064915 -0.101544 0.476955 -0.104798 0.209912 -0.173250 0.038482 -0.095994 -0.343359 -0.328979 -0.194929 -0.248628 -0.225684 -0.293224 -0.089130 -0.129061 0.084025 -0.088065 -0.094479 -0.242829 0.124381 -0.112406 -0.270854 -0.273553 -0.070709 0.097973
-0.092195 -0.190153 0.230150 -0.035213 0.632491 -0.028620 0.614772 0.177928 1.000000 0.394834 0.102310 -0.158539 0.338561 -0.114352 0.350807 0.023462 -0.129848 -0.146290 0.081063 -0.171454 -0.103757 -0.200798 0.217306 0.152938 -0.027584 -0.139954 -0.333900 -0.256418 0.135784 -0.157579 0.296735 0.322507 0.218914 0.391952 0.094647 -0.081095 0.005693 -0.237585 -0.104506 -0.262853 -0.126489 -0.158164 -0.164787 -0.174006 -0.015908 -0.245415 -0.125383 -0.268759 -0.038479 -0.034699 -0.175065 -0.085796 -0.128981 -0.080181 -0.065793 -0.186827 -0.383791 -0.247497 -0.034294 0.132537 0.182120 0.099830 0.025515 0.034272 0.221240 -0.218828 0.195386 0.051761 -0.313308 -0.030139 -0.018181 -0.027307 -0.097876 -0.138659 -0.221124 0.053041 -0.151616 -0.096077 -0.164329 -0.248428 -0.135983 -0.143042 0.146946 0.070454 0.082748 -0.025567 -0.048278 -0.190871 0.225567 -0.130769 -0.122772 0.097313 -0.231813 0.249859 -0.111848 -0.017219 -0.167146 -0.351154 -0.188517 -0.145313 0.010773 -0.083266 -0.154026 0.075054 0.058390 0.109869 -0.036530 0.222104 -0.236917 -0.084581 -0.255392 0.218634 -0.025275 -0.193491 -0.010861 -0.126981
-0.134705 0.021549 0.018963 0.029005 0.235436 0.298494 0.229483 0.519531 0.394834 1.000000 -0.011736 0.040668 0.232457 0.118578 0.033952 0.415716 -0.125477 -0.070493 -0.010856 -0.035928 -0.079976 -0.242198 -0.077814 -0.023603 0.007511 -0.044126 -0.286590 -0.293440 -0.101235 -0.009331 0.030919 0.158532 -0.037047 0.158644 0.100266 0.034205 -0.234417 -0.046506 -0.402808 -0.170908 -0.168071 -0.230417 -0.116148 -0.039226 -0.037175 -0.102368 -0.191718 -0.155294 0.002178 -0.015346 -0.069188 -0.143466 -0.024579 -0.207527 -0.177046 -0.247993 -0.238064 -0.003854 -0.061178 0.005416 -0.033844 0.252102 -0.128788 -0.203427 0.053607 0.233005 -0.016900 0.124656 -0.069418 -0.194494 -0.013927 0.220435 -0.086190 -0.009663 -0.095180 0.080027 0.072094 0.233325 -0.272810 -0.075581 -0.215576 -0.275045 -0.062528 -0.048374 -0.249364 -0.154869 -0.105989 -0.267961 -0.025483 -0.205831 0.338848 0.241489 0.088740 0.258529 0.097383 0.180184 -0.205514 0.045444 0.003367 -0.093286 0.033388 -0.086711 -0.158096 -0.031619 0.171463 0.098137 0.153310 0.101251 -0.079033 -0.041120 -0.064756 0.185160 0.091612 -0.256662 0.000259 0.365315
0.298816 0.130998 0.263804 0.105112 0.141340 -0.188230 0.446267 0.003492 0.102310 -0.011736 1.000000 0.272624 0.280713 -0.252532 0.647604 -0.107639 0.174997 -0.256325 0.381550 0.230367 0.242126 -0.166384 0.384717 0.257204 0.003762 -0.154806 0.050694 -0.042123 0.165536 -0.222989 0.571367 0.369631 0.258551 0.390612 0.324574 -0.005811 -0.306154 -0.282007 -0.226075 -0.429307 -0.144404 -0.443560 -0.168579 -0.144051 -0.152076 -0.221826 -0.146013 -0.302775 -0.404017 -0.460549 -0.039017 -0.578115 -0.118043 -0.079205 -0.188251 -0.459966 -0.248703 -0.151141 -0.180645 -0.401817 0.073375 -0.167378 0.054289 0.053219 0.616454 -0.173455 0.007374 -0.018443 -0.106063 -0.123798 0.032419 -0.136652 -0.170748 -0.332985 -0.190709 0.146355 0.092505 0.126336 -0.135115 -0.291427 -0.266083 -0.122763 0.296057 0.144474 0.570477 0.358230 0.180795 -0.146293 0.118288 -0.399972 -0.143918 0.197290 0.124063 0.373825 -0.083773 -0.198742 -0.190366 -0.432606 -0.134807 -0.106965 -0.237219 0.152538 -0.158316 -0.038622 -0.067980 -0.089839 -0.060814 0.081418 -0.210768 -0.450434 -0.060298 0.032743 0.045916 0.158898 0.093517 -0.116665
-0.039688 0.533959 -0.236501 0.326094 -0.344634 0.104848 -0.077770 0.445231 -0.158539 0.040668 0.272624 1.000000 0.097885 0.455162 0.079499 0.502892 -0.075590 -0.081194 -0.132016 0.187452 -0.051530 -0.027457 -0.209480 -0.010879 -0.238339 -0.152900 -0.111297 -0.044183 0.053667 0.187182 0.007795 0.075934 0.114024 0.189119 -0.121122 0.046135 -0.101670 -0.120593 -0.099494 -0.061654 0.030976 0.212185 -0.170914 -0.147183 -0.178810 -0.075792 -0.216053 -0.202081 -0.449078 -0.255677 -0.198488 -0.312914 -0.102819 -0.095824 -0.051503 -0.183349 -0.118908 -0.012923 -0.331157 -0.232459 -0.040663 0.332844 0.140864 0.036387 0.026084 0.165429 -0.379611 -0.051176 0.359562 -0.148630 -0.191631 -0.142694 0.066547 0.209423 0.262329 0.206663 0.102041 0.073569 0.012057 -0.057452 0.118407 0.026586 0.022115 0.388015 0.083329 0.394619 -0.099965 0.088316 -0.201233 -0.172745 0.101617 -0.200013 0.485289 -0.263508 -0.029997 -0.117899 -0.054851 -0.136380 -0.259765 -0.275588 -0.035247 -0.065480 -0.009238 -0.286487 -0.281723 -0.356876 0.024389 -0.107943 -0.203516 -0.279980 -0.038783 0.039981 -0.107070 -0.118010 -0.120056 0.094896
0.381718 0.122631 0.023842 -0.308198 0.224831 -0.146320 0.390669 0.002855 0.338561 0.232457 0.280713 0.097885 1.000000 0.341755 0.317479 0.230037 0.118002 0.084311 0.047745 0.045386 0.154175 -0.159445 -0.227955 -0.206982 -0.068707 -0.296064 -0.110936 -0.389616 0.244219 0.108429 -0.064016 -0.060056 0.110711 0.220706 -0.327323 -0.159266 -0.112980 -0.226832 -0.053298 -0.125335 0.040243 -0.107028 -0.091221 -0.244674 -0.139281 -0.383686 -0.172751 -0.266807 -0.083866 -0.197018 -0.367001 -0.387961 -0.006420 -0.144698 -0.295079 -0.371959 0.020987 0.025798 0.199846 0.077650 0.467892 0.266838 0.194924 0.248386 -0.139742 -0.188857 0.039873 -0.188884 -0.085814 0.043940 0.118682 -0.082769 0.219447 -0.082067 -0.057829 0.083310 -0.072612 -0.076491 -0.033884 -0.144067 0.009164 0.104148 0.152291 0.094301 -0.124057 -0.111133 -0.115573 -0.447407 -0.136847 -0.292740 0.223210 0.263181 -0.103096 0.387799 -0.206970 -0.051236 -0.200058 -0.059445 -0.145975 0.046289 0.068391 0.249778 0.133708 0.162392 0.081847 -0.031038 -0.217882 0.096976 0.048087 0.098159 -0.139192 0.319531 0.097837 -0.086995 0.000947 0.052007
0.046439 0.483034 -0.478803 -0.086045 -0.361718 0.037365 -0.391831 0.243873 -0.114352 0.118578 -0.252532 0.455162 0.341755 1.000000 -0.280089 0.647339 -0.070719 0.187270 -0.416544 0.042312 -0.317508 -0.090807 -0.523305 -0.420997 -0.154007 -0.194443 -0.237637 -0.337881 0.054102 0.378567 -0.490966 -0.457431 -0.053127 -0.019476 -0.467524 0.006044 -0.034942 0.059350 0.051130 0.315643 0.187744 0.310228 0.096730 -0.125246 0.000049 0.030518 -0.025136 -0.105192 0.034418 0.220031 -0.201921 0.047858 0.073440 0.095926 0.055864 0.138648 0.147688 0.159890 0.123487 0.189992 0.171509 0.635531 0.085283 0.194680 -0.456115 0.309247 -0.343176 -0.255130 0.272423 -0.045061 0.015096 -0.100348 0.336336 0.326101 0.333968 0.200401 0.115205 0.007901 0.003482 0.198160 0.224214 0.057877 -0.266979 0.050356 -0.426919 -0.265980 -0.307340 -0.253375 -0.201330 0.218365 0.280470 -0.083090 0.131129 -0.267138 0.010696 0.078398 0.108090 0.131849 0.033569 -0.003836 0.346281 0.046864 0.227546 -0.153107 -0.120604 -0.045578 -0.104786 -0.017318 0.049585 0.136343 -0.149059 0.139338 -0.094277 -0.196445 -0.038680 0.292648
0.072739 -0.070931 0.365037 0.234487 0.499780 0.110159 0.486998 0.083683 0.350807 0.033952 0.647604 0.079499 0.317479 -0.280089 1.000000 0.030021 -0.049120 -0.185122 0.258837 -0.095725 0.360805 0.067321 0.451933 0.303009 0.091552 0.041301 0.399426 0.243951 -0.073923 -0.239113 0.437721 0.326333 -0.025470 0.257891 0.294924 0.066755 -0.172233 -0.255215 -0.079467 -0.552861 -0.275213 -0.367113 -0.113474 -0.010163 -0.171945 -0.191514 -0.178731 -0.143612 -0.312627 -0.315571 -0.117547 -0.356786 -0.188569 -0.145323 -0.239528 -0.316797 -0.364238 -0.234322 -0.006719 -0.134460 -0.018219 -0.157452 -0.127642 0.046414 0.500222 -0.172352 0.024757 0.034343 -0.331923 -0.311609 0.082004 0.014720 -0.288832 -0.280243 -0.290513 0.263326 -0.061797 0.178306 -0.161233 -0.319782 -0.260155 -0.048730 0.419896 0.192684 0.510246 0.200742 0.102901 -0.098347 0.136404 -0.411810 -0.116507 0.103105 0.117211 0.339175 -0.140081 -0.213888 -0.151901 -0.260246 -0.273170 -0.238738 -0.224097 -0.085863 0.000107 -0.096588 -0.136880 -0.207872 -0.084664 0.097160 0.033006 -0.263028 -0.016576 0.046091 0.010679 0.136139 -0.092841 -0.113407
-0.219903 0.273248 -0.274593 0.274289 -0.186570 0.300905 -0.130626 0.542918 0.023462 0.415716 -0.107639 0.502892 0.230037 0.647339 0.030021 1.000000 -0.138218 0.083053 -0.337087 -0.195577 -0.145648 0.089958 -0.259237 -0.103695 -0.017203 0.015180 -0.125095 -0.134882 -0.045319 0.281591 -0.261805 -0.078458 -0.146770 0.045716 -0.160913 0.061458 -0.025381 -0.040667 -0.064739 0.043739 0.011599 0.106536 0.037039 -0.014850 -0.104408 -0.057069 -0.082552 -0.053526 -0.131404 0.135591 -0.205937 -0.048490 -0.017118 -0.051959 0.021189 0.095247 -0.123985 0.003770 -0.127944 0.096766 -0.020499 0.480948 -0.002353 -0.001559 -0.217490 0.277058 -0.290505 -0.144424 0.144304 -0.313901 0.059422 0.086601 0.101659 0.324376 0.301630 0.182279 0.060782 0.091357 -0.106538 0.107460 0.068991 0.004981 -0.003501 0.201389 -0.229487 -0.035765 -0.130969 -0.133462 -0.225787 -0.046712 0.243136 -0.174599 0.351774 -0.219600 0.060879 -0.050850 0.117130 0.132629 -0.055545 -0.299684 0.126631 -0.120039 0.144230 -0.378453 -0.302477 -0.304486 0.012219 -0.064727 0.043666 0.079886 -0.121646 -0.041995 -0.038745 -0.260510 -0.114247 0.205702
0.407630 0.199454 -0.357016 -0.418904 -0.329647 -0.521540 -0.187750 -0.460337 -0.129848 -0.125477 0.174997 -0.075590 0.118002 -0.070719 -0.049120 -0.138218 1.000000 0.499291 0.311859 0.405994 -0.042721 -0.232611 -0.329475 -0.203609 -0.350322 -0.468802 -0.311441 -0.443887 0.502227 0.380081 -0.079583 -0.054172 0.056103 0.197662 -0.157949 -0.381765 0.046435 -0.060238 -0.116979 -0.192868 0.155435 0.195317 0.019593 -0.150218 0.056610 -0.150771 0.116420 -0.215178 -0.095592 -0.179890 -0.225055 -0.235248 0.028063 0.163466 -0.130296 -0.252375 0.463808 0.470127 -0.046833 0.106401 0.177630 0.012987 0.658048 0.549207 -0.254588 -0.464494 -0.115274 -0.385407 0.093722 0.289604 0.324951 0.112082 0.396040 0.144999 0.289495 0.186612 0.294817 0.093911 0.542304 0.399475 0.521022 0.459975 0.003620 0.095943 0.127600 -0.023024 0.193650 -0.109805 -0.412137 -0.184487 0.091324 -0.008910 -0.252131 0.008778 -0.325511 0.030346 -0.326421 0.023057 0.388572 0.181290 0.313138 0.213260 0.422547 0.037552 -0.025597 -0.124082 0.115644 0.232572 -0.133874 -0.123138 -0.220923 0.164596 0.229999 0.034682 0.002291 0.003618
0.140842 0.253493 -0.462767 -0.488404 -0.295274 -0.369451 -0.288757 -0.417819 -0.146290 -0.070493 -0.256325 -0.081194 0.084311 0.187270 -0.185122 0.083053 0.499291 1.000000 0.090730 0.181338 0.028563 0.196646 -0.482425 -0.484137 -0.352028 -0.339718 -0.194201 -0.315161 0.444225 0.707436 -0.283453 -0.045109 0.095866 0.144258 -0.282371 -0.395448 0.367818 0.043468 0.014605 -0.087522 0.387702 0.278029 0.249040 -0.031088 0.257665 -0.131480 0.276533 -0.109541 -0.070897 0.010417 -0.321563 -0.038291 -0.025786 0.104744 0.016600 -0.062312 0.404430 0.607948 -0.145268 0.117350 0.004137 0.131149 0.510313 0.473491 -0.482404 -0.461968 -0.276878 -0.524800 0.131563 0.137481 0.392712 0.239491 0.633151 0.529166 0.373778 0.251287 0.238095 0.270112 0.613038 0.445435 0.674510 0.715649 -0.008629 0.335441 -0.197744 -0.056229 -0.138519 -0.153872 -0.600513 -0.242394 0.151426 -0.146962 -0.335017 -0.324566 -0.327459 0.189543 -0.198152 0.184737 0.423298 0.165404 0.391664 -0.107481 0.442839 -0.264578 -0.215279 -0.152745 -0.068334 -0.063810 0.181000 0.168755 -0.375202 0.214797 0.295854 -0.040487 -0.164080 0.168274
0.389271 -0.020758 0.244352 -0.231800 0.106427 -0.277791 0.433575 -0.225191 0.081063 -0.010856 0.381550 -0.132016 0.047745 -0.416544 0.258837 -0.337087 0.311859 0.090730 1.000000 0.169990 0.256694 -0.264292 0.126375 -0.245699 -0.218016 -0.388051 -0.103280 -0.192251 0.305931 0.135167 0.381338 0.266586 0.446403 0.355037 0.169356 -0.174705 -0.067527 -0.055411 -0.318486 -0.478608 0.183566 -0.155829 -0.182941 -0.170286 -0.151058 -0.285685 -0.020803 -0.292058 -0.128043 -0.368718 -0.157648 -0.333333 -0.069233 -0.047645 -0.177737 -0.443989 -0.081920 0.034246 -0.091211 -0.128855 0.144238 -0.126564 0.277606 0.309462 0.281844 -0.323819 0.272545 -0.069290 0.018139 -0.137145 -0.044362 -0.102859 0.246133 -0.040886 0.087654 0.087156 0.288981 0.282121 0.108382 -0.154060 -0.060253 0.089807 0.207630 0.115157 0.281277 0.154652 0.139105 -0.200344 -0.182202 -0.370484 -0.140765 0.152153 -0.186678 0.229142 -0.041720 -0.187267 -0.244917 -0.204551 0.065125 -0.013149 -0.103342 0.064664 0.055464 0.019655 0.189143 -0.010057 0.205890 0.129451 -0.204831 -0.351719 0.005490 0.086286 0.113073 0.021987 0.106768 0.106467
0.302770 0.472270 -0.345204 -0.373739 -0.174817 -0.309246 -0.159637 -0.264022 -0.171454 -0.035928 0.230367 0.187452 0.045386 0.042312 -0.095725 -0.195577 0.405994 0.181338 0.169990 1.000000 -0.139403 -0.293748 -0.263144 -0.069026 -0.368830 -0.563963 -0.196930 -0.292480 0.239483 0.191334 0.031642 -0.041917 0.210103 0.248136 -0.112695 -0.254095 -0.104259 -0.169993 -0.270437 -0.188804 0.001999 -0.023500 -0.136078 -0.308186 0.037091 -0.131450 -0.119323 -0.280282 -0.051239 -0.210941 -0.138588 -0.208827 -0.072975 -0.024207 -0.138962 -0.321084 0.207706 0.490675 -0.055410 -0.061006 0.061793 0.158373 0.330612 0.220966 -0.055066 -0.199187 -0.247847 -0.142229 0.372548 0.385327 -0.022657 -0.061515 0.213752 0.020930 0.036788 0.108408 0.311476 0.051397 0.148247 0.004304 0.165130 0.055789 -0.012182 0.113179 -0.029375 -0.095761 0.147917 -0.055442 -0.102464 -0.069563 0.251365 0.189133 0.090133 0.110758 -0.221645 0.186870 -0.346402 -0.098264 0.251752 0.127451 0.104740 0.105867 0.063286 0.320682 0.200003 0.151433 0.050751 0.189021 -0.163963 -0.256973 -0.219553 0.392286 0.251775 0.056276 0.024452 0.154185
0.045464 -0.228423 0.283491 -0.104221 0.375205 0.120730 0.314920 -0.149025 -0.103757 -0.079976 0.242126 -0.051530 0.154175 -0.317508 0.360805 -0.145648 -0.042721 0.028563 0.256694 -0.139403 1.000000 0.439883 0.149247 0.079068 -0.033397 0.115662 0.613132 0.355458 -0.037302 0.014416 0.206312 0.276333 -0.095144 0.087771 0.075456 0.069547 0.014538 -0.226986 0.085969 -0.230779 0.103549 -0.092108 -0.130472 -0.011199 -0.105908 -0.151669 -0.212014 0.030637 -0.168034 -0.200059 -0.222296 -0.261848 -0.090432 -0.212293 -0.324293 -0.131459 -0.103822 -0.266056 0.020878 -0.047790 0.052464 -0.219361 0.082940 0.143800 0.130788 -0.239719 0.271251 0.089615 -0.129167 -0.009573 0.110852 0.213459 -0.045832 -0.201517 -0.289642 -0.143295 -0.298210 0.058716 0.114305 -0.081784 -0.071884 0.269811 0.502104 0.391635 0.200491 0.297827 0.061444 0.076321 -0.075039 -0.356188 -0.123132 0.084978 -0.100478 0.185507 -0.300641 -0.027331 -0.142411 0.186004 -0.277008 -0.149859 -0.227137 -0.087143 -0.014431 -0.104177 -0.225234 -0.462850 -0.207979 -0.104841 0.230933 0.157698 0.165464 -0.192441 -0.043978 0.050246 -0.206288 -0.055241
-0.292769 -0.163904 0.106425 0.014526 0.125962 0.155836 -0.025418 -0.082137 -0.200798 -0.242198 -0.166384 -0.027457 -0.159445 -0.090807 0.067321 0.089958 -0.232611 0.196646 -0.264292 -0.293748 0.439883 1.000000 0.104860 0.085845 0.054853 0.424520 0.483659 0.430200 0.014383 0.178937 -0.001396 0.163691 -0.203623 -0.292637 0.088704 -0.010604 0.471405 0.007494 0.510647 0.209351 0.073486 0.190725 0.090462 0.133211 -0.111379 -0.119344 0.040025 0.302443 -0.152993 -0.012588 -0.244782 0.012657 -0.148771 -0.117818 -0.027316 0.343790 -0.130815 -0.088875 -0.194277 0.004786 -0.237535 -0.232216 -0.086236 -0.169122 -0.119159 -0.210405 0.004395 -0.032520 -0.104845 -0.085684 0.229581 0.138466 0.088365 0.169264 -0.064563 -0.163008 -0.275744 -0.037663 0.248473 0.086334 0.216659 0.400955 0.361781 0.472359 0.100264 0.346877 -0.035182 0.480779 -0.002865 -0.060016 -0.103368 -0.186969 0.039434 -0.231961 -0.134160 0.215716 0.135031 0.347966 -0.288853 -0.326295 -0.100473 -0.164576 -0.063013 -0.424012 -0.564521 -0.531890 -0.313691 -0.456363 0.544843 0.468705 0.002438 -0.193662 -0.137621 0.139563 -0.298334 -0.262977
-0.314240 -0.557886 0.762626 0.458820 0.489739 0.309317 0.481090 0.054499 0.217306 -0.077814 0.384717 -0.209480 -0.227955 -0.523305 0.451933 -0.259237 -0.329475 -0.482425 0.126375 -0.263144 0.149247 0.104860 1.000000 0.666158 0.609492 0.562544 0.325197 0.550220 -0.351277 -0.647167 0.610807 0.438197 0.115109 0.083628 0.691122 0.362623 0.021690 0.105794 0.150773 -0.109868 -0.402362 -0.441976 -0.095036 0.162246 -0.260488 -0.016907 -0.173682 0.031662 -0.157095 -0.212557 0.278153 -0.059800 -0.112276 -0.184658 -0.012362 0.130823 -0.572668 -0.528401 -0.290595 -0.446429 -0.401913 -0.592101 -0.480786 -0.489078 0.774955 0.100028 0.387703 0.431860 -0.445186 -0.436912 -0.046754 -0.043192 -0.585213 -0.372650 -0.357995 -0.113248 -0.039717 0.035622 -0.283528 -0.376998 -0.482547 -0.435740 0.239041 -0.208775 0.492493 0.167280 0.258248 0.135706 0.651075 0.112427 -0.364860 0.340093 0.120920 0.430256 0.096047 -0.145532 0.199031 -0.269746 -0.380184 -0.197970 -0.461805 -0.145719 -0.400918 -0.004385 -0.084552 -0.044463 -0.029146 -0.185348 -0.150614 -0.154269 0.214390 -0.332946 -0.222165 0.347275 0.062487 -0.336270
-0.436608 -0.547473 0.463461 0.518969 0.367590 0.449156 0.210752 0.184264 0.152938 -0.023603 0.257204 -0.010879 -0.206982 -0.420997 0.303009 -0.103695 -0.203609 -0.484137 -0.245699 -0.069026 0.079068 0.085845 0.666158 1.000000 0.420455 0.531744 0.269786 0.553608 -0.458055 -0.641523 0.310328 0.348210 -0.218261 -0.011405 0.471989 0.340581 -0.119954 -0.063130 0.033016 -0.060249 -0.484596 -0.294831 -0.125720 0.181445 -0.205317 0.076091 -0.219652 0.201388 -0.158205 -0.091954 0.177814 -0.012889 -0.140384 -0.229764 -0.107278 0.041903 -0.464598 -0.428052 -0.220765 -0.289152 -0.420520 -0.405952 -0.369736 -0.480255 0.599666 0.232472 0.196814 0.487540 -0.355713 -0.168311 -0.143434 0.113277 -0.711115 -0.363357 -0.462900 -0.188547 -0.284846 -0.191911 -0.181050 -0.215830 -0.358597 -0.366091 0.187874 -0.207981 0.410629 0.152951 0.243906 0.274144 0.677839 0.160230 -0.181215 0.206365 0.297097 0.282487 -0.007278 -0.111900 0.157749 -0.229448 -0.367776 -0.208430 -0.425626 -0.185368 -0.379860 0.153680 -0.058621 -0.051764 -0.017938 -0.102720 -0.039096 -0.057696 0.295462 -0.310471 -0.158423 0.210858 0.110664 -0.391544
-0.271081 -0.502696 0.525710 0.392492 0.206833 0.425982 0.041467 0.075049 -0.027584 0.007511 0.003762 -0.238339 -0.068707 -0.154007 0.091552 -0.017203 -0.350322 -0.352028 -0.218016 -0.368830 -0.033397 0.054853 0.609492 0.420455 1.000000 0.758092 0.335698 0.463342 -0.517567 -0.589753 0.171431 0.041654 -0.183372 -0.251210 0.360403 0.375634 -0.081591 0.226809 0.171491 0.253091 -0.378532 -0.349031 0.134536 0.348500 -0.166865 0.140211 -0.059468 0.305494 0.057626 0.031676 0.398056 0.119199 0.132230 -0.179601 -0.054446 0.290429 -0.192940 -0.339634 0.009510 -0.278314 -0.323587 -0.385034 -0.539403 -0.575474 0.329856 0.397442 0.279288 0.388397 -0.269845 -0.300484 -0.023351 -0.028288 -0.454242 -0.324035 -0.243509 -0.211879 -0.141358 -0.019980 -0.307370 -0.265810 -0.457830 -0.502092 -0.151346 -0.583803 0.033218 -0.239341 0.291319 -0.152012 0.435825 0.236559 -0.103463 0.354956 0.157393 0.373793 0.246076 -0.047245 0.332949 0.012982 -0.191908 -0.003129 -0.228048 -0.007122 -0.200618 0.123901 0.052938 0.185061 0.059853 -0.126284 0.026662 0.188135 0.321695 -0.373286 -0.213073 0.225215 0.116718 -0.154203
-0.506984 -0.597497 0.465750 0.496041 0.187941 0.573638 -0.053923 0.218399 -0.139954 -0.044126 -0.154806 -0.152900 -0.296064 -0.194443 0.041301 0.015180 -0.468802 -0.339718 -0.388051 -0.563963 0.115662 0.424520 0.562544 0.531744 0.758092 1.000000 0.484726 0.668507 -0.555123 -0.497790 0.085499 0.095067 -0.361469 -0.378147 0.425707 0.475286 0.083267 0.303948 0.333115 0.369016 -0.331202 -0.154522 0.018951 0.339519 -0.230042 0.202348 -0.133673 0.425446 -0.055450 0.072912 0.317769 0.188100 -0.028330 -0.137953 -0.010111 0.409443 -0.270725 -0.468088 -0.128527 -0.259288 -0.461201 -0.470411 -0.597727 -0.639891 0.288243 0.429147 0.225307 0.493594 -0.307396 -0.304073 -0.064004 0.031973 -0.504504 -0.225657 -0.199558 -0.314566 -0.319581 -0.083165 -0.196025 -0.083203 -0.276398 -0.273928 0.009080 -0.313274 0.134978 0.069110 0.194960 0.219306 0.434373 0.257947 -0.136303 0.095866 0.281858 0.092747 0.215915 -0.056224 0.372862 0.226795 -0.397089 -0.154247 -0.262747 -0.157309 -0.312724 -0.101470 -0.149626 -0.060157 -0.067315 -0.341106 0.230416 0.316517 0.393378 -0.450510 -0.337040 0.221803 0.029408 -0.232261
-0.198220 -0.308574 0.350130 0.263481 0.330504 0.463465 -0.014604 -0.073908 -0.333900 -0.286590 0.050694 -0.111297 -0.110936 -0.237637 0.399426 -0.125095 -0.311441 -0.194201 -0.103280 -0.196930 0.613132 0.483659 0.325197 0.269786 0.335698 0.484726 1.000000 0.791006 -0.501927 -0.277106 0.003025 -0.056842 -0.432183 -0.338101 0.221918 0.343819 0.020446 0.060738 0.293609 0.033304 -0.185840 -0.099188 0.031033 0.259896 -0.042653 0.159987 -0.167824 0.386009 0.059030 0.032370 0.115162 0.089041 -0.080926 -0.179710 -0.105501 0.217380 -0.131231 -0.328789 0.167516 -0.071361 -0.280742 -0.424834 -0.420106 -0.235690 0.154043 0.123898 0.182206 0.289374 -0.195664 -0.175799 0.053725 0.143614 -0.365053 -0.248348 -0.352538 -0.160204 -0.291663 0.040832 -0.092273 -0.175515 -0.265368 -0.051056 0.233377 0.019310 0.125272 0.028256 0.118979 0.222329 0.185466 -0.028116 -0.087310 0.064393 0.139430 0.166265 -0.035745 -0.039480 0.183098 0.301559 -0.288679 -0.074723 -0.270008 -0.064736 -0.017351 0.033562 -0.118834 -0.248098 -0.092735 -0.243135 0.388227 0.240885 0.424452 -0.267596 -0.146416 0.301810 -0.162322 -0.112726
-0.410313 -0.469288 0.489826 0.516750 0.290858 0.655293 -0.022675 0.064480 -0.256418 -0.293440 -0.042123 -0.044183 -0.389616 -0.337881 0.243951 -0.134882 -0.443887 -0.315161 -0.192251 -0.292480 0.355458 0.430200 0.550220 0.553608 0.463342 0.668507 0.791006 1.000000 -0.660107 -0.477248 0.012110 0.025355 -0.307038 -0.303109 0.373568 0.471880 0.017526 0.082132 0.270004 0.100701 -0.302783 -0.078472 0.036097 0.360369 -0.043955 0.295801 -0.104903 0.455181 -0.024600 0.057250 0.259179 0.219464 -0.126657 -0.139000 0.004359 0.328963 -0.310035 -0.422772 -0.093142 -0.173560 -0.515453 -0.479829 -0.536409 -0.475895 0.340404 0.275523 0.247198 0.497132 -0.166753 -0.267553 -0.137442 0.089183 -0.580189 -0.206592 -0.335561 -0.259657 -0.343849 -0.075390 -0.137788 -0.261250 -0.307356 -0.190857 0.048457 -0.128219 0.179385 0.115505 0.091483 0.321286 0.410189 0.172214 -0.263016 -0.035425 0.198194 0.042717 0.107004 -0.066020 0.251613 0.114439 -0.392631 -0.210803 -0.448284 -0.232290 -0.151365 0.015448 -0.103475 -0.176397 -0.020710 -0.248286 0.205784 0.117130 0.486568 -0.433038 -0.255527 0.316319 -0.083730 -0.292993
0.310224 0.339111 -0.400154 -0.525960 -0.187321 -0.755405 0.112107 -0.333340 0.135784 -0.101235 0.165536 0.053667 0.244219 0.054102 -0.073923 -0.045319 0.502227 0.444225 0.305931 0.239483 -0.037302 0.014383 -0.351277 -0.458055 -0.517567 -0.555123 -0.501927 -0.660107 1.000000 0.630622 0.215187 0.288377 0.451864 0.433905 -0.164793 -0.439086 0.410104 0.039012 0.159288 -0.078446 0.537266 0.237874 -0.026511 -0.385186 -0.033613 -0.478230 0.156343 -0.423270 -0.301656 -0.342519 -0.462646 -0.379559 -0.091596 0.146140 0.046766 -0.229212 0.241810 0.354778 -0.220817 -0.094662 0.348988 0.036959 0.654715 0.506524 -0.269264 -0.657857 -0.294902 -0.616295 0.205577 0.270560 0.344775 0.034844 0.733200 0.340650 0.372951 0.253359 0.291270 0.168400 0.462315 0.308675 0.546840 0.566800 0.300288 0.534645 0.120454 0.308693 -0.053804 -0.008965 -0.436375 -0.342496 -0.034955 -0.142976 -0.348116 -0.229820 -0.322065 0.118224 -0.240802 -0.024759 0.259083 0.045563 0.217204 0.215826 0.109750 -0.334679 -0.316545 -0.215282 -0.157351 -0.027209 -0.091459 0.034729 -0.461148 0.308656 0.232184 -0.049543 -0.025142 0.035657
0.142086 0.497504 -0.601675 -0.480924 -0.362618 -0.442787 -0.242573 -0.226509 -0.157579 -0.009331 -0.222989 0.187182 0.108429 0.378567 -0.239113 0.281591 0.380081 0.707436 0.135167 0.191334 0.014416 0.178937 -0.647167 -0.641523 -0.589753 -0.497790 -0.277106 -0.477248 0.630622 1.000000 -0.203895 0.042688 0.158428 0.217029 -0.395009 -0.387450 0.406817 0.147944 0.106356 -0.037115 0.572787 0.557690 0.120283 -0.221912 0.159619 -0.269840 0.138669 -0.190569 -0.113024 -0.059993 -0.412312 -0.058702 -0.046712 0.145955 0.001827 -0.140256 0.279931 0.544829 -0.203873 0.094562 0.044128 0.279349 0.577268 0.462009 -0.611668 -0.442465 -0.406336 -0.579517 0.285567 0.111557 0.329982 0.171212 0.819042 0.674515 0.561902 0.312617 0.351081 0.285497 0.527432 0.511965 0.691870 0.713962 0.105823 0.568916 -0.262229 0.090069 -0.245095 -0.015895 -0.746912 -0.290310 0.177658 -0.274280 -0.221082 -0.459656 -0.323033 0.193929 -0.224798 0.270265 0.313108 -0.046087 0.385719 -0.041312 0.348069 -0.411975 -0.327419 -0.320241 -0.065414 -0.151384 0.062358 0.227583 -0.356885 0.233073 0.092223 -0.230528 -0.216268 0.209735
-0.133451 -0.207443 0.467486 0.121424 0.275566 -0.202158 0.532629 0.007730 0.296735 0.030919 0.571367 0.007795 -0.064016 -0.490966 0.437721 -0.261805 -0.079583 -0.283453 0.381338 0.031642 0.206312 -0.001396 0.610807 0.310328 0.171431 0.085499 0.003025 0.012110 0.215187 -0.203895 1.000000 0.794098 0.424759 0.414439 0.588637 0.067993 0.075216 0.002615 0.035378 -0.292450 -0.129195 -0.331552 -0.159976 -0.051913 -0.241196 -0.218877 -0.248206 -0.260814 -0.356596 -0.476897 -0.039000 -0.401784 -0.191489 -0.153618 -0.194403 -0.264815 -0.421223 -0.278967 -0.397900 -0.449460 -0.175635 -0.414662 -0.055687 -0.183637 0.604629 -0.267419 0.215188 0.157780 -0.242051 -0.175116 0.068942 -0.003541 -0.144449 -0.227205 -0.168947 0.149373 0.193584 0.240030 -0.132647 -0.268429 -0.248369 -0.183868 0.473785 0.179066 0.534752 0.366620 0.327361 0.171445 0.210604 -0.286539 -0.315563 0.178730 0.091658 0.242818 -0.163471 -0.076979 -0.116180 -0.341015 -0.213204 -0.227083 -0.279176 -0.073540 -0.408795 -0.137503 -0.209801 -0.097505 -0.065626 -0.066662 -0.299955 -0.299890 -0.110088 0.018222 0.030579 0.049045 -0.079244 -0.189138
-0.311786 -0.243335 0.299196 0.104311 0.263807 -0.145195 0.531205 0.079095 0.322507 0.158532 0.369631 0.075934 -0.060056 -0.457431 0.326333 -0.078458 -0.054172 -0.045109 0.266586 -0.041917 0.276333 0.163691 0.438197 0.348210 0.041654 0.095067 -0.056842 0.025355 0.288377 0.042688 0.794098 1.000000 0.391045 0.549052 0.528352 0.044924 0.222215 -0.031747 0.071759 -0.266791 0.049905 -0.145698 -0.107957 -0.037485 -0.112316 -0.264661 -0.203672 -0.161927 -0.454894 -0.418575 -0.198100 -0.361630 -0.271796 -0.258087 -0.252622 -0.256108 -0.444384 -0.219502 -0.549843 -0.452039 -0.255565 -0.382677 0.086592 -0.194837 0.441046 -0.348930 0.098457 0.117680 -0.262144 -0.182673 0.106424 0.186017 0.012032 -0.009165 -0.114525 0.147224 0.045232 0.254540 0.113688 -0.096154 0.015852 0.092629 0.567416 0.430672 0.382294 0.487894 0.226419 0.212022 0.081349 -0.460803 -0.270331 0.034834 0.075602 0.013788 -0.342925 -0.117981 -0.166266 -0.263810 -0.174332 -0.345290 -0.226143 -0.282301 -0.356028 -0.301065 -0.429802 -0.355121 -0.206967 -0.176961 -0.271923 -0.170093 -0.094037 -0.038480 -0.065682 -0.012211 -0.120120 -0.223601
0.136093 0.158916 0.079755 -0.174969 -0.031956 -0.405445 0.401056 -0.051287 0.218914 -0.037047 0.258551 0.114024 0.110711 -0.053127 -0.025470 -0.146770 0.056103 0.095866 0.446403 0.210103 -0.095144 -0.203623 0.115109 -0.218261 -0.183372 -0.361469 -0.432183 -0.307038 0.451864 0.158428 0.424759 0.391045 1.000000 0.609367 0.145363 -0.052745 0.104108 -0.052428 -0.119787 -0.213576 0.227436 0.001120 -0.155198 -0.379726 -0.060989 -0.216981 -0.100909 -0.473453 -0.256138 -0.270767 -0.144029 -0.293889 -0.243096 -0.052368 -0.071170 -0.338661 -0.148971 0.000378 -0.394991 -0.209296 0.187940 0.023907 0.299389 0.144567 0.212360 -0.242885 0.210706 -0.038881 0.216169 0.055677 0.036013 -0.184161 0.361092 0.158541 0.272311 0.092573 0.277541 0.186579 0.089281 -0.206883 0.029163 0.039379 0.149551 0.276988 0.192911 0.287330 0.050928 -0.002426 -0.087200 -0.274977 -0.296645 -0.093957 -0.109171 -0.083760 -0.153732 -0.071106 -0.261729 -0.394054 -0.125606 -0.233550 -0.042841 -0.091463 -0.142931 -0.114572 -0.099865 -0.009267 -0.222773 -0.000155 -0.336250 -0.347369 -0.228804 0.128276 0.053960 -0.038142 0.049708 -0.186325
0.009992 0.102186 0.014007 -0.118150 0.137999 -0.303172 0.438301 0.073002 0.391952 0.158644 0.390612 0.189119 0.220706 -0.019476 0.257891 0.045716 0.197662 0.144258 0.355037 0.248136 0.087771 -0.292637 0.083628 -0.011405 -0.251210 -0.378147 -0.338101 -0.303109 0.433905 0.217029 0.414439 0.549052 0.609367 1.000000 0.218259 0.061144 -0.072232 -0.205060 -0.251422 -0.420545 0.163438 -0.052476 -0.308463 -0.386979 -0.070716 -0.189549 -0.279404 -0.550215 -0.499034 -0.374207 -0.363292 -0.454022 -0.368111 -0.133196 -0.312448 -0.439912 -0.189792 -0.012399 -0.324840 -0.210048 0.165383 0.075156 0.396702 0.282877 0.266825 -0.234695 0.044521 0.020360 0.000530 -0.010787 0.083366 0.018699 0.227953 0.063972 0.051093 0.265921 0.163482 0.257128 0.158485 0.002600 0.147465 0.162875 0.301709 0.382154 0.222915 0.307098 0.132430 -0.131392 -0.063715 -0.352961 -0.299264 -0.096824 -0.124461 -0.050151 -0.405336 -0.244057 -0.373126 -0.428598 -0.073879 -0.198425 0.085207 -0.179378 -0.051706 -0.150104 -0.243835 -0.166733 -0.199654 0.189447 -0.455145 -0.417814 -0.216152 0.124946 -0.017317 -0.130444 -0.076262 -0.023827
-0.363183 -0.405933 0.437053 0.348887 0.265143 0.216550 0.263432 0.160005 0.094647 0.100266 0.324574 -0.121122 -0.327323 -0.467524 0.294924 -0.160913 -0.157949 -0.282371 0.169356 -0.112695 0.075456 0.088704 0.691122 0.471989 0.360403 0.425707 0.221918 0.373568 -0.164793 -0.395009 0.588637 0.528352 0.145363 0.218259 1.000000 0.524620 0.012355 0.143111 0.038053 -0.111676 -0.278434 -0.279451 -0.271989 -0.004869 -0.283675 0.055716 -0.333718 -0.015673 -0.314404 -0.216563 0.040892 -0.134840 -0.266351 -0.223759 -0.156937 -0.026158 -0.405725 -0.350347 -0.336034 -0.338141 -0.438769 -0.559699 -0.358513 -0.417573 0.641689 0.123564 0.323819 0.453098 -0.341960 -0.397863 0.090728 0.133400 -0.360988 -0.099330 -0.213811 0.063650 0.123388 0.294511 -0.109754 -0.249222 -0.282289 -0.264558 0.240629 -0.029669 0.416844 0.304294 0.232142 0.239176 0.384522 -0.000667 -0.241014 0.133520 0.205248 0.141219 -0.029710 -0.252127 -0.017433 -0.261100 -0.286976 -0.305767 -0.341209 -0.229946 -0.370163 -0.154809 -0.216545 -0.122269 -0.075514 -0.162546 -0.172476 -0.235565 0.135983 -0.205139 -0.092451 0.256354 0.085273 -0.160008
-0.343666 -0.336456 0.205331 0.367885 0.164928 0.433224 -0.036338 0.236091 -0.081095 0.034205 -0.005811 0.046135 -0.159266 0.006044 0.066755 0.061458 -0.381765 -0.395448 -0.174705 -0.254095 0.069547 -0.010604 0.362623 0.340581 0.375634 0.475286 0.343819 0.471880 -0.439086 -0.387450 0.067993 0.044924 -0.052745 0.061144 0.524620 1.000000 -0.252523 0.179675 0.003174 0.129708 -0.264311 0.028900 -0.224966 0.036993 -0.277821 0.354178 -0.383881 0.198641 -0.257139 0.081030 0.069588 0.117710 -0.092512 -0.185504 -0.198074 -0.032802 -0.212028 -0.352119 0.045339 -0.129906 -0.232142 -0.182411 -0.399362 -0.359092 0.260741 0.524958 0.286223 0.550758 -0.105840 -0.282189 -0.030257 0.178292 -0.402608 -0.032142 -0.197064 -0.135958 -0.090408 0.141494 -0.252062 -0.241827 -0.401775 -0.371643 -0.017830 -0.178375 0.032793 0.000289 -0.057522 0.054877 0.316783 0.199400 0.001287 0.028492 0.242727 0.039085 0.100311 -0.299481 0.024702 -0.123467 -0.424390 -0.219960 -0.286131 -0.091901 -0.194788 0.023816 -0.169639 -0.061396 -0.059397 -0.089240 -0.021439 0.041093 0.453504 -0.172168 -0.323072 0.147201 0.102398 -0.053824
