1.000000 0.368583 -0.180112 0.077180 0.021682 0.041070 -0.152064 -0.144905 0.244822 0.283023 0.331772 0.035239 0.253591 -0.174316 0.251520 0.167192 -0.043841 0.050566 -0.017404 0.014092 0.036683 0.117420 -0.119124 -0.070725 -0.059436 0.025856 0.084946 0.184591 -0.017015 0.017434 -0.207471 0.004724 0.069880 -0.015442 -0.039106 -0.252249 0.203204 0.045733 -0.104595 0.148897 0.050100 -0.009635 -0.220781 -0.095003 -0.046083 -0.243689 0.263790 0.024903 0.070571 -0.030516 -0.037222 -0.135549 0.081868 0.022702 -0.014974 0.130602 0.492943 0.438377 0.172844 0.255695 -0.013876 0.228955 -0.133385 -0.031582 -0.213585 -0.283456 -0.328435 -0.467719 0.163767 -0.154891 -0.298289 -0.100417 0.039946 0.088564 0.170063 0.359388 0.036080 -0.111582 0.083084 -0.126422 0.137292 0.070252 0.014371 0.192326 0.081751 0.143304 0.083224 0.100473 -0.163028 -0.211607 -0.228334 -0.213117 -0.100001 -0.113151 -0.088364 -0.111630 0.141540 -0.153047 0.226838 0.139397 0.173976 0.217026 0.111568 -0.075044 -0.162918 0.043688 -0.224894 0.098403 -0.110530 -0.066042 -0.274147 -0.109705 -0.096487 -0.115215 0.079758 -0.242723
0.368583 1.000000 -0.393909 0.010064 0.028380 -0.171801 -0.291769 -0.254722 -0.082022 -0.040032 0.088665 -0.004757 -0.143384 -0.221399 0.058391 0.093166 0.077115 0.375604 0.042161 0.220117 0.013637 0.069472 -0.161523 -0.186507 -0.112532 0.102904 -0.039873 0.091829 -0.012102 0.232805 -0.235705 -0.165388 -0.012897 0.133875 -0.176944 -0.347932 -0.134462 0.124341 -0.026045 -0.015047 0.055766 0.023902 -0.102781 -0.117664 0.061233 -0.203362 0.365504 0.149711 -0.013964 0.123616 0.056028 -0.008563 0.272097 0.189616 0.017295 0.228091 0.655599 0.773781 -0.025134 0.171139 -0.287021 0.061355 0.049210 0.179223 -0.412194 -0.539790 -0.198495 -0.435331 0.125280 0.073108 -0.272174 -0.067998 0.172204 0.316500 0.276457 0.148198 0.385641 0.115158 0.330214 0.347142 0.224473 0.178403 0.069750 0.154751 0.226451 0.123699 -0.032593 0.084044 -0.118313 -0.020610 -0.276278 -0.228023 -0.304227 -0.024518 -0.192036 -0.234667 0.210445 -0.252927 0.512000 0.206518 -0.001117 -0.008077 0.194145 -0.174499 -0.284126 -0.148333 -0.216911 -0.091064 -0.462492 -0.052320 -0.319522 0.153380 0.083273 -0.089477 -0.063601 -0.120297
-0.180112 -0.393909 1.000000 0.061678 0.194109 -0.095310 0.702294 0.157249 0.103473 -0.066773 -0.201287 0.051419 0.099082 0.050080 -0.089102 -0.173511 -0.098943 -0.165377 0.213707 -0.185519 0.048223 -0.190837 0.223886 0.104097 0.417166 0.078289 0.084942 -0.148467 -0.125268 -0.360749 0.257097 0.070137 -0.105742 -0.270691 0.098004 0.141812 -0.093749 -0.115062 0.004649 -0.008698 0.046260 0.087688 0.122305 0.065648 -0.235234 -0.147903 -0.356591 -0.049130 -0.069834 -0.156803 0.008782 -0.084716 -0.299581 -0.104839 0.355674 -0.211614 -0.595902 -0.562400 -0.061723 -0.247974 0.140220 -0.083231 -0.046071 -0.108657 0.408855 0.148339 0.292957 0.367642 -0.258862 -0.314100 0.086991 -0.069819 -0.192112 -0.134437 -0.141897 -0.128611 -0.237199 -0.048923 -0.328897 -0.400436 -0.368816 -0.314534 -0.221419 -0.217758 -0.337789 -0.272757 -0.094329 -0.330015 0.052763 -0.004231 0.290389 0.298323 0.264832 0.254362 0.295884 0.175702 0.173506 0.149985 -0.369469 -0.092492 -0.027060 0.005467 -0.059887 0.220853 0.271328 0.241170 0.286913 0.097049 0.104862 0.140556 0.275355 -0.069515 0.030931 0.219790 0.273448 0.081046
0.077180 0.010064 0.061678 1.000000 0.193343 0.083590 -0.020707 0.303971 0.111294 0.327517 0.121979 0.198141 0.059885 -0.053566 0.363677 0.342601 -0.143416 0.003369 -0.293209 -0.118918 0.267356 0.085953 0.213203 0.466878 0.049509 0.163467 0.211542 0.193317 0.058627 0.063441 0.293254 0.559793 0.235496 0.169605 -0.145796 0.048207 -0.063941 -0.039931 0.082750 0.214743 -0.080964 0.137131 -0.343301 -0.349288 -0.062234 -0.304363 -0.147742 -0.342794 -0.282538 -0.198992 -0.031234 -0.232587 -0.115499 0.050425 -0.143621 -0.045461 0.000478 0.027110 -0.376939 -0.015291 -0.099456 0.130941 0.011440 0.079372 0.258649 0.148776 -0.382979 -0.246967 -0.249897 -0.194627 -0.138848 0.186889 -0.101053 -0.249840 -0.111817 0.068115 -0.160495 -0.322774 0.091361 -0.007389 0.024446 0.016740 0.253853 0.485045 0.353268 0.346237 0.003239 0.366431 0.229525 0.201515 -0.053373 -0.441772 0.159843 -0.241959 -0.112036 0.191127 -0.304342 -0.299147 -0.178981 -0.292896 -0.212262 -0.288341 -0.151053 -0.314041 -0.039733 0.063604 -0.237253 0.089078 -0.185209 -0.253554 -0.316588 -0.173088 -0.084579 -0.231701 0.101242 0.151087
0.021682 0.028380 0.194109 0.193343 1.000000 0.476783 0.082432 -0.166095 0.654186 0.434806 0.046227 0.102978 0.152669 -0.048580 0.376984 0.337207 -0.530079 -0.266416 -0.286565 -0.440785 0.394232 0.288924 0.257320 0.167750 0.380870 0.370473 0.556053 0.508160 -0.091352 -0.162678 0.382283 0.421276 0.012583 -0.069990 0.026327 0.229590 -0.102413 0.060347 0.119357 0.235756 -0.071945 0.004098 -0.033063 -0.101984 0.107445 -0.190923 -0.152346 -0.187024 -0.141163 -0.066254 0.047386 -0.277911 -0.255743 -0.008732 -0.027756 -0.041923 -0.149696 0.101947 -0.140189 -0.254817 -0.125047 -0.009501 -0.289251 -0.159840 0.550985 0.157685 -0.354470 -0.268460 -0.242275 -0.165744 0.048224 0.312047 -0.230514 -0.084751 -0.133281 0.011839 -0.186080 -0.198096 -0.236033 -0.174107 -0.267138 -0.190019 0.069104 0.251634 -0.013932 0.048691 -0.320326 -0.080176 0.163400 0.040989 0.034898 0.044145 0.150876 0.143066 0.033416 0.003779 0.024879 -0.082304 -0.069600 0.120922 -0.123380 -0.232631 -0.196963 -0.129450 0.084670 0.055791 -0.122179 0.036903 -0.026596 -0.158545 -0.203594 -0.120919 -0.044393 -0.078966 0.145393 -0.032450
0.041070 -0.171801 -0.095310 0.083590 0.476783 1.000000 -0.152117 -0.242834 0.529339 0.509262 0.238580 -0.145736 0.276005 -0.115497 0.458683 0.367200 -0.360684 -0.287603 -0.367099 -0.141117 0.469112 0.319448 0.175331 0.205789 -0.034227 0.126261 0.452389 0.642165 0.045765 0.029626 0.153876 0.363133 -0.030558 0.104284 0.150089 0.353697 0.065533 0.059761 0.040482 0.228188 0.145417 0.127259 -0.306969 -0.304199 0.082106 0.008705 -0.211320 -0.324176 -0.026545 -0.048011 -0.057674 -0.209907 -0.200364 -0.051841 -0.085850 -0.145296 -0.032715 0.067623 0.001373 -0.028135 0.053373 0.054502 -0.298477 -0.204335 0.362874 0.270029 -0.343810 -0.216940 -0.048434 -0.004139 0.078225 0.250607 -0.116715 -0.118758 -0.085068 0.099671 -0.100103 -0.153213 -0.238911 -0.014838 -0.162650 -0.118645 0.111289 0.358206 0.069173 0.083701 -0.247639 0.292973 0.074943 0.155041 0.007256 0.009512 0.176489 0.028189 -0.082637 -0.081997 -0.169656 -0.168023 -0.008328 -0.220210 0.092208 -0.174123 -0.065179 -0.050788 0.103663 -0.005316 -0.093747 0.306044 0.002105 -0.371066 -0.248197 -0.259254 -0.057903 -0.212199 -0.015639 -0.129180
-0.152064 -0.291769 0.702294 -0.020707 0.082432 -0.152117 1.000000 0.429923 0.048864 0.013595 -0.076627 0.235233 0.265338 0.362313 0.050066 -0.048645 0.000618 -0.092564 0.203948 -0.301146 0.120255 -0.183276 -0.006869 -0.178955 0.268810 -0.049010 -0.000515 -0.091720 0.106169 -0.139574 0.105049 -0.067283 -0.034005 -0.110478 0.159796 0.042092 -0.133378 -0.179586 -0.269681 -0.244419 -0.197606 -0.044884 0.077155 0.029209 0.048392 -0.000274 -0.146359 -0.026436 0.089624 -0.173766 0.052647 0.058272 -0.012787 -0.070425 0.253768 -0.080188 -0.489291 -0.558947 -0.027741 -0.262954 0.265699 0.055465 0.226174 0.076923 0.211973 0.184694 0.369494 0.391583 -0.395271 -0.498368 0.032690 -0.378148 -0.033822 -0.121940 -0.027618 -0.160368 -0.111203 -0.069047 -0.137254 -0.262607 -0.041176 -0.012238 -0.146934 -0.245439 -0.095709 0.029594 0.063000 -0.372761 -0.087887 -0.122804 -0.000527 0.084465 0.204930 0.125531 -0.045939 -0.044428 0.082813 -0.108522 -0.157893 -0.026232 -0.016076 -0.050015 0.010296 0.087333 0.113291 0.002477 0.202316 -0.022194 -0.147032 0.010512 0.106322 -0.078692 0.050969 0.246290 0.124525 -0.131065
-0.144905 -0.254722 0.157249 0.303971 -0.166095 -0.242834 0.429923 1.000000 -0.151727 0.187215 0.111563 0.402382 0.172990 0.564380 -0.050774 0.163718 0.154137 -0.008824 -0.035248 -0.314503 0.065075 -0.147278 -0.392281 -0.182918 0.053685 -0.036627 -0.137042 -0.141200 0.243258 0.125602 -0.056491 0.077168 0.172362 0.233420 -0.144353 -0.129775 -0.138382 -0.187073 -0.205856 -0.205351 -0.405645 -0.050838 -0.102289 -0.062005 0.197059 0.095821 -0.013406 -0.148717 0.005404 -0.239310 0.125504 0.190621 0.158606 0.163604 -0.049854 0.032246 -0.225197 -0.417223 -0.010632 -0.108203 0.283107 0.389542 0.416577 0.409920 -0.017556 0.461184 0.027771 0.306838 -0.487128 -0.534272 -0.130863 -0.159192 0.133694 -0.063797 -0.003313 -0.062271 -0.112047 -0.085030 0.184022 -0.073624 0.209720 0.224464 -0.115456 -0.135333 0.071251 0.251275 0.164015 -0.137585 -0.134909 -0.159989 -0.107299 -0.327939 0.182318 -0.194747 -0.252509 -0.108047 -0.289146 -0.248265 -0.046815 -0.050839 0.021750 0.032868 0.090951 -0.172506 -0.067700 -0.156683 0.061458 -0.118630 -0.404968 -0.180942 -0.198122 -0.135335 -0.156953 -0.105433 -0.207794 -0.047739
0.244822 -0.082022 0.103473 0.111294 0.654186 0.529339 0.048864 -0.151727 1.000000 0.493157 0.252602 0.095319 0.341256 0.037438 0.530300 0.461114 -0.337542 -0.201180 -0.326724 -0.331919 0.356043 0.216590 0.231815 0.296693 0.042568 0.022163 0.323683 0.477901 0.081731 -0.026315 0.247367 0.312673 0.048154 -0.173069 -0.166332 0.049956 0.191805 0.067173 0.106143 0.074909 0.024177 0.042957 -0.090264 -0.112722 0.077651 -0.190695 -0.025686 -0.248374 -0.035473 0.045575 0.002959 -0.357660 -0.251529 0.008617 -0.016761 0.009531 -0.062727 0.031442 0.005557 -0.154146 0.030407 0.062403 -0.154855 -0.105584 0.488511 0.157434 -0.409449 -0.427031 -0.194539 -0.251788 -0.061902 0.201997 0.001982 -0.109451 -0.076122 0.168106 -0.244410 -0.329296 -0.172617 -0.129367 -0.096750 -0.020191 0.124459 0.289385 0.041422 0.049181 -0.196098 -0.080281 0.035589 0.059940 -0.078421 0.012876 0.168689 0.203495 -0.132044 -0.098770 -0.180593 -0.183740 -0.023047 0.047806 -0.129603 -0.199433 -0.231122 -0.159001 -0.004690 -0.003375 -0.278771 0.027581 0.015124 -0.323974 -0.316426 -0.062837 -0.133606 -0.090311 0.059255 -0.041780
0.283023 -0.040032 -0.066773 0.327517 0.434806 0.509262 0.013595 0.187215 0.493157 1.000000 0.393460 0.378776 0.371888 0.265034 0.455770 0.495753 -0.261872 -0.224152 -0.325233 -0.330687 0.316642 0.110237 -0.011247 0.145225 -0.087620 -0.004356 0.055133 0.246454 0.185293 0.059117 0.150150 0.324646 -0.023332 0.152956 -0.114204 0.057232 0.054706 -0.145667 -0.249709 -0.032461 -0.073954 0.012268 -0.379165 -0.360310 0.254925 0.039394 -0.043921 -0.288699 -0.027159 -0.083554 -0.015034 -0.163257 -0.106693 0.003026 -0.269050 -0.085672 0.056469 0.053773 -0.026153 -0.111087 0.223089 0.425271 -0.108263 0.078203 0.300761 0.473505 -0.341818 -0.226390 -0.404137 -0.376984 -0.216007 0.075887 0.006745 -0.132752 -0.062047 0.287134 -0.080396 -0.178066 -0.058670 -0.126430 -0.015832 0.029884 0.287207 0.417650 0.262129 0.234486 0.112202 0.150963 0.114680 -0.103341 -0.045835 -0.189005 0.231147 0.054223 -0.305371 -0.238561 -0.343194 -0.451570 0.149962 -0.059147 -0.000742 0.007065 -0.083188 -0.247699 -0.046946 -0.008693 -0.096400 0.039348 -0.360960 -0.548890 -0.464056 -0.225095 -0.047886 -0.190104 -0.156661 -0.212650
0.331772 0.088665 -0.201287 0.121979 0.046227 0.238580 -0.076627 0.111563 0.252602 0.393460 1.000000 0.194086 0.410506 0.214411 0.443295 0.252872 -0.038744 -0.222836 -0.156728 -0.049538 0.119596 0.159566 -0.068911 -0.054278 -0.194277 0.013499 0.057670 0.244320 0.178990 0.135991 -0.108945 0.097511 -0.080009 0.042209 0.103234 -0.074099 0.061519 0.009353 -0.189035 0.025081 -0.061998 -0.117286 -0.184182 -0.084934 -0.061591 -0.100673 0.034006 -0.244065 0.019895 -0.097848 0.018221 -0.098335 -0.018822 -0.071505 0.062410 0.082424 0.144057 0.021783 0.132442 0.137621 0.136552 0.123680 -0.033755 0.098496 -0.034759 0.207229 -0.210062 -0.215049 -0.016704 -0.208173 -0.435136 -0.083888 -0.017553 -0.116714 -0.000753 0.175102 -0.103400 -0.198625 0.025863 -0.070672 0.109038 0.110043 0.277856 0.215280 0.324831 0.233279 0.191803 0.272715 -0.009167 0.031536 -0.075480 -0.233518 -0.125467 0.007353 -0.199505 -0.162782 -0.114514 -0.270217 0.041992 0.175883 0.013140 0.110286 0.011270 -0.058215 -0.147715 -0.137116 -0.115860 -0.087367 -0.113071 -0.229265 -0.270489 -0.115435 -0.013658 -0.128938 -0.179757 -0.051895
0.035239 -0.004757 0.051419 0.198141 0.102978 -0.145736 0.235233 0.402382 0.095319 0.378776 0.194086 1.000000 0.193173 0.735918 0.266253 0.552425 0.119016 0.090615 -0.050238 -0.267726 -0.047942 -0.098972 -0.072633 0.011961 0.005798 0.058844 -0.230871 -0.087942 0.395008 0.242677 0.247967 0.244387 0.226680 0.096646 -0.174749 -0.083002 0.286254 0.126388 0.001704 0.006027 -0.018650 0.252603 -0.080822 -0.100409 0.071960 -0.174394 -0.005496 -0.251834 -0.233789 -0.377851 -0.148303 -0.229572 0.049083 -0.282626 0.016272 0.085281 -0.153941 -0.170432 -0.143195 -0.497962 0.212282 0.314910 0.272261 0.310669 0.081728 0.220398 -0.178065 -0.186542 -0.451554 -0.364521 -0.289968 -0.204243 0.210713 0.097177 0.210506 0.178002 0.270891 0.131410 0.072430 0.068382 0.159403 0.257432 0.238766 0.206253 0.234942 0.306150 0.284038 -0.099853 -0.075784 -0.263266 -0.305553 -0.381065 -0.067593 -0.270343 -0.355435 -0.152932 -0.043494 -0.313869 -0.113786 0.031834 -0.032204 -0.158979 -0.222444 -0.376059 -0.266409 -0.323095 -0.416654 -0.311609 -0.355450 -0.218736 -0.247931 -0.122388 -0.046271 -0.056364 -0.223458 -0.190817
0.253591 -0.143384 0.099082 0.059885 0.152669 0.276005 0.265338 0.172990 0.341256 0.371888 0.410506 0.193173 1.000000 0.227116 0.492769 0.223165 0.002733 -0.187270 -0.214735 -0.168212 0.096941 0.191352 -0.179020 -0.170540 -0.013349 -0.105228 0.021495 0.191891 0.286662 0.081774 -0.072531 -0.039498 0.011053 0.045728 0.038129 -0.003181 0.131687 -0.069747 -0.080611 -0.052883 0.015461 0.091471 -0.299540 -0.334927 0.059710 -0.089683 -0.096217 -0.338085 0.199597 -0.230955 0.071223 -0.143043 -0.100632 -0.159988 0.158671 -0.064574 -0.180802 -0.196604 0.078727 -0.202412 0.490144 -0.039207 0.085919 0.060479 0.220047 0.182663 -0.211145 -0.102253 -0.226980 -0.292406 -0.118942 -0.224112 0.119998 0.097991 0.212654 0.192907 -0.070626 -0.095048 -0.015348 -0.117257 0.078289 0.250248 -0.076272 0.063582 0.101618 0.272504 0.064609 -0.024336 -0.036322 -0.101073 -0.100803 -0.071891 0.052393 0.068811 -0.187393 -0.212742 -0.093642 -0.266578 0.028188 -0.083050 0.169036 -0.084000 0.057562 -0.116029 -0.095195 -0.051089 -0.073239 0.001042 0.082691 -0.085856 -0.159562 -0.032536 -0.061064 -0.183911 -0.099333 -0.208853
-0.174316 -0.221399 0.050080 -0.053566 -0.048580 -0.115497 0.362313 0.564380 0.037438 0.265034 0.214411 0.735918 0.227116 1.000000 0.099681 0.438300 0.159051 -0.016680 -0.009771 -0.346862 0.005661 -0.142944 -0.222769 -0.121726 -0.058007 -0.088058 -0.282602 -0.137491 0.411371 0.184328 0.064404 0.018476 0.020399 0.044745 -0.083998 -0.031668 0.154859 -0.031064 -0.135029 -0.284665 -0.170097 0.081034 0.025162 0.001235 0.081493 0.004889 -0.119686 -0.284787 -0.149275 -0.333904 -0.117048 -0.093679 0.072581 -0.190256 0.004724 -0.026289 -0.266363 -0.415714 0.014914 -0.310585 0.379655 0.366400 0.373203 0.421690 0.110326 0.480535 -0.008921 0.058664 -0.505400 -0.423284 -0.035212 -0.176157 0.192506 0.075325 0.045291 0.082666 0.076992 0.098141 0.099939 -0.048856 0.225938 0.286324 0.133563 -0.030500 0.138687 0.185108 0.275115 -0.206637 -0.153297 -0.291310 -0.176518 -0.231290 0.041485 -0.147902 -0.305103 -0.222539 -0.226168 -0.238860 -0.175677 0.040263 0.032693 -0.073971 -0.074153 -0.202260 -0.022089 -0.245978 -0.178750 -0.258046 -0.284647 -0.133481 -0.140169 -0.133036 -0.024615 0.067111 -0.254500 -0.157492
0.251520 0.058391 -0.089102 0.363677 0.376984 0.458683 0.050066 -0.050774 0.530300 0.455770 0.443295 0.266253 0.492769 0.099681 1.000000 0.584904 -0.286186 -0.271563 -0.318473 -0.200738 0.338064 0.385774 0.237788 0.226482 0.066768 0.097878 0.313474 0.591569 0.272543 0.145425 0.169577 0.424560 0.121446 -0.049294 -0.056905 -0.071646 0.209939 0.016839 0.034943 0.166996 0.113406 0.142311 -0.319746 -0.344252 0.008647 -0.267396 -0.077576 -0.369108 0.000833 -0.065575 0.029416 -0.306619 -0.196082 -0.189161 0.006905 0.150683 0.017241 0.074886 -0.080878 -0.121523 0.053126 -0.060896 -0.073771 -0.146658 0.292173 0.004469 -0.422259 -0.461177 -0.174012 -0.255161 -0.325825 0.068345 -0.127336 -0.092631 0.135933 0.251378 -0.147445 -0.328764 -0.171070 -0.028826 0.026569 0.202729 0.392602 0.569607 0.495337 0.456652 0.013555 0.159404 0.195248 0.018884 -0.182543 -0.266197 0.088832 0.016751 -0.243039 -0.247819 -0.074325 -0.308597 -0.032753 -0.202640 0.034313 -0.233924 -0.031466 -0.228741 -0.187770 -0.188967 -0.280454 -0.041693 -0.080378 -0.410440 -0.406860 -0.339754 -0.223064 -0.213602 -0.038495 -0.128943
0.167192 0.093166 -0.173511 0.342601 0.337207 0.367200 -0.048645 0.163718 0.461114 0.495753 0.252872 0.552425 0.223165 0.438300 0.584904 1.000000 -0.128152 0.055827 -0.208842 -0.211379 0.385839 0.366619 0.057990 0.248633 -0.128641 0.045702 0.126077 0.411520 0.355992 0.333234 0.095594 0.388808 0.241674 0.108483 -0.312631 -0.147135 0.185800 0.177590 -0.016118 0.136682 0.094016 0.324203 -0.271750 -0.327834 -0.044694 -0.403482 -0.077505 -0.445512 -0.316618 -0.341550 -0.249058 -0.313794 -0.049741 -0.250876 -0.173575 0.043434 0.121633 0.101743 -0.035760 -0.107324 0.067479 0.291874 0.113715 0.270252 0.229385 0.145252 -0.487302 -0.621769 -0.405508 -0.311275 -0.317944 0.160448 0.155054 0.122769 0.249877 0.354304 0.155174 -0.055888 0.070294 0.137406 0.164892 0.203805 0.266234 0.577278 0.352085 0.384223 -0.002053 0.093666 0.009179 -0.042852 -0.323076 -0.450872 0.033807 -0.169389 -0.445949 -0.201810 -0.192889 -0.397447 -0.022132 -0.095052 0.069532 -0.186021 -0.024736 -0.384495 -0.198754 -0.289515 -0.505160 -0.025001 -0.331058 -0.384462 -0.564459 -0.232214 -0.083455 -0.199624 -0.135398 -0.226168
-0.043841 0.077115 -0.098943 -0.143416 -0.530079 -0.360684 0.000618 0.154137 -0.337542 -0.261872 -0.038744 0.119016 0.002733 0.159051 -0.286186 -0.128152 1.000000 0.542274 0.306194 0.410947 -0.255683 -0.399774 -0.368947 -0.183885 -0.203034 -0.259075 -0.573119 -0.418087 0.364180 0.226078 -0.246844 -0.283367 0.043941 0.146769 -0.208697 -0.379860 0.254180 -0.030330 -0.137222 -0.162014 0.184225 0.194479 -0.043629 -0.103562 -0.156048 -0.105971 0.120540 -0.048310 0.027845 -0.145252 -0.236749 -0.033590 0.385943 -0.084652 0.081221 0.258472 0.163205 -0.056501 0.094133 -0.035229 0.160063 -0.049260 0.552941 0.414844 -0.516329 -0.191073 0.206962 0.047821 0.037059 0.107854 0.014608 -0.209973 0.459971 0.298419 0.149839 0.067418 0.293248 0.267529 0.392536 0.186491 0.576946 0.501493 0.056831 -0.076904 0.160203 0.047909 0.325035 0.019999 -0.097666 0.003212 -0.229928 -0.089986 -0.462929 -0.119013 -0.256745 -0.223534 -0.093907 -0.124047 0.069855 -0.100949 -0.218419 0.028159 0.013781 -0.146060 -0.332896 -0.209723 -0.202806 -0.091706 -0.109301 0.032334 -0.056489 0.124938 -0.025332 -0.124260 -0.289039 -0.183579
0.050566 0.375604 -0.165377 0.003369 -0.266416 -0.287603 -0.092564 -0.008824 -0.201180 -0.224152 -0.222836 0.090615 -0.187270 -0.016680 -0.271563 0.055827 0.542274 1.000000 0.064900 0.365157 -0.035573 -0.023277 -0.459450 -0.247799 -0.310861 -0.310207 -0.450677 -0.308568 0.369412 0.489304 -0.302663 -0.279664 0.269299 0.309640 -0.258285 -0.221272 0.123155 -0.019401 -0.017459 -0.178740 0.117196 0.214937 -0.184476 -0.272435 -0.047474 -0.119044 0.149770 -0.100806 -0.159797 -0.058322 -0.333804 0.006499 0.448534 0.053430 0.065806 0.188945 0.381022 0.243549 0.016633 0.153758 0.112681 0.246850 0.520293 0.617747 -0.378151 -0.287000 0.062300 -0.191022 -0.182445 0.017687 -0.000814 -0.196314 0.439779 0.343096 0.249557 0.055016 0.391852 0.215180 0.597655 0.558543 0.537744 0.413210 -0.038354 0.116362 0.095461 0.097824 0.067393 0.008110 -0.265772 0.207582 -0.276973 -0.243731 -0.516120 -0.157887 -0.244614 0.102761 -0.177482 -0.323469 0.354426 -0.068974 -0.056054 -0.076382 0.249831 -0.302574 -0.331306 -0.276389 -0.318907 -0.153112 -0.329701 -0.102870 -0.272560 0.236176 0.124553 -0.202442 -0.207999 -0.108658
-0.017404 0.042161 0.213707 -0.293209 -0.286565 -0.367099 0.203948 -0.035248 -0.326724 -0.325233 -0.156728 -0.050238 -0.214735 -0.009771 -0.318473 -0.208842 0.306194 0.064900 1.000000 0.358234 -0.112464 -0.210692 -0.102735 -0.237196 -0.131757 -0.161132 -0.276903 -0.340244 -0.003841 -0.004691 -0.233236 -0.290953 0.063715 -0.066360 -0.008928 -0.239656 0.043453 0.104661 -0.288579 -0.149250 0.209361 0.207337 0.141807 0.125116 -0.209802 -0.056613 -0.013824 0.053266 -0.025585 -0.115986 -0.246185 0.034839 -0.009211 -0.182388 -0.005261 -0.132274 -0.045622 -0.168897 0.188317 0.013044 -0.022721 -0.172184 0.169421 -0.025984 -0.319368 -0.266832 0.460432 0.220811 0.202350 0.096194 0.101648 0.037139 0.212003 0.200354 0.085080 0.017863 0.128929 0.358414 -0.020746 -0.150518 0.067736 -0.035692 -0.116810 -0.307010 -0.114226 -0.219309 0.093832 -0.250808 -0.168086 -0.357213 0.099880 0.264380 -0.139850 0.127738 -0.047167 -0.002124 0.148567 0.258477 -0.078376 0.283055 0.088519 0.306613 0.163935 0.319162 -0.001461 0.094773 0.146307 -0.042088 0.008823 0.264266 0.202581 0.098396 -0.043787 0.322707 0.208031 -0.056226
0.014092 0.220117 -0.185519 -0.118918 -0.440785 -0.141117 -0.301146 -0.314503 -0.331919 -0.330687 -0.049538 -0.267726 -0.168212 -0.346862 -0.200738 -0.211379 0.410947 0.365157 0.358234 1.000000 -0.170233 -0.012578 -0.232601 -0.062609 -0.404576 -0.344895 -0.374724 -0.208234 0.237449 0.413234 -0.334680 -0.317866 0.067328 0.164675 -0.217613 -0.256879 0.202510 0.048539 0.070468 0.109628 0.310220 0.160104 -0.273089 -0.289112 -0.246249 -0.189330 0.020509 0.049952 -0.011287 0.018190 -0.305522 -0.041300 0.063605 0.000981 -0.134614 0.082996 0.272770 0.255026 -0.078516 0.136290 -0.147365 -0.274119 0.192090 0.034899 -0.487980 -0.509199 0.051223 -0.117849 0.316560 0.506571 0.042802 -0.023891 0.276258 0.091426 -0.004162 0.144533 0.265811 0.299492 0.266561 0.312105 0.416793 0.286696 0.181079 0.196584 0.174059 -0.060714 0.313331 0.377564 -0.078299 0.145031 -0.001080 0.055547 -0.417737 -0.131004 0.106459 0.163287 0.061042 0.111356 0.126533 -0.071621 -0.107556 0.148475 0.210277 0.017785 -0.186318 0.010899 0.070505 0.042688 0.071373 0.154151 0.026287 0.102403 -0.009362 -0.016765 -0.028399 0.018972
0.036683 0.013637 0.048223 0.267356 0.394232 0.469112 0.120255 0.065075 0.356043 0.316642 0.119596 -0.047942 0.096941 0.005661 0.338064 0.385839 -0.255683 -0.035573 -0.112464 -0.170233 1.000000 0.352547 0.008719 -0.040387 -0.002867 -0.056739 0.384731 0.402343 0.039801 -0.024344 0.008682 0.114362 0.133547 0.116331 -0.005312 0.130531 -0.201629 0.062874 -0.221573 -0.021811 -0.116260 0.123712 -0.188910 -0.241778 0.134729 -0.136641 -0.197336 -0.319882 -0.014001 -0.057535 -0.146233 -0.076906 -0.008554 -0.092249 -0.025258 -0.175249 0.025658 -0.062373 0.144194 0.124387 0.032187 0.089290 -0.000574 0.106621 0.227045 0.263114 -0.062862 -0.101265 -0.353425 -0.234019 0.106957 0.229900 -0.027617 0.009589 -0.053089 0.117323 -0.164672 -0.180666 -0.100188 -0.178198 -0.036875 -0.091226 -0.033353 0.260634 -0.018440 0.003361 -0.405400 -0.062191 -0.094509 0.137564 -0.047833 0.005865 0.273359 0.285719 -0.237068 0.036212 -0.230138 -0.243308 0.058816 0.047825 0.141078 -0.075496 0.173168 -0.000551 0.213356 0.098444 -0.026000 0.265684 -0.287648 -0.358819 -0.328530 -0.084796 0.079894 0.056070 0.216645 -0.066456
0.117420 0.069472 -0.190837 0.085953 0.288924 0.319448 -0.183276 -0.147278 0.216590 0.110237 0.159566 -0.098972 0.191352 -0.142944 0.385774 0.366619 -0.399774 -0.023277 -0.210692 -0.012578 0.352547 1.000000 -0.024953 -0.021542 -0.134395 -0.079817 0.297714 0.402606 -0.031354 0.163389 -0.098796 0.211767 0.192771 0.095458 -0.034055 0.155118 -0.145034 0.010581 0.080134 0.081013 -0.159565 0.030666 -0.103259 -0.120408 -0.101171 -0.186028 -0.108980 -0.195329 -0.091156 0.032982 -0.070687 0.014595 -0.039119 -0.136012 -0.089813 -0.208347 0.167384 0.075376 0.167330 0.265930 -0.004085 0.093948 -0.124176 0.056206 0.177967 -0.036608 -0.157268 -0.292321 -0.066517 0.065677 -0.237066 0.151483 -0.166817 0.134939 0.083152 0.146620 -0.010639 -0.026638 -0.062486 0.056780 -0.186088 -0.141534 -0.141938 0.240468 0.043801 0.056521 -0.168119 0.059775 -0.038673 0.134500 0.039117 -0.082374 -0.006196 0.127936 -0.085206 0.226801 -0.042369 -0.084697 0.059244 0.044368 0.045160 -0.013435 0.191702 0.019494 0.153607 0.075560 -0.089677 0.104306 0.041950 -0.175323 -0.326817 -0.036545 0.095489 -0.146638 0.058094 0.084408
-0.119124 -0.161523 0.223886 0.213203 0.257320 0.175331 -0.006869 -0.392281 0.231815 -0.011247 -0.068911 -0.072633 -0.179020 -0.222769 0.237788 0.057990 -0.368947 -0.459450 -0.102735 -0.232601 0.008719 -0.024953 1.000000 0.740743 0.374058 0.421525 0.365007 0.263500 -0.405393 -0.385914 0.526374 0.433556 -0.146027 -0.272446 0.140121 0.213194 -0.081042 0.281655 0.250944 0.270384 0.166919 0.097867 0.114302 0.141261 -0.232335 -0.174432 -0.180063 0.035723 -0.128399 0.026934 0.240656 -0.222550 -0.417341 -0.203872 0.096680 -0.109004 -0.252906 -0.069268 -0.218095 -0.109398 -0.325219 -0.291448 -0.418857 -0.464569 0.538790 -0.056445 -0.031842 -0.039928 0.134192 0.109314 -0.015881 0.173854 -0.356059 -0.191660 -0.061830 0.076439 -0.108861 -0.223410 -0.483082 -0.226405 -0.510866 -0.461357 0.237338 0.175078 0.036211 -0.128092 -0.076396 0.081009 0.489580 0.150201 0.145538 0.073240 0.352703 0.151013 0.096934 0.028634 0.197957 0.081427 -0.387939 -0.199302 -0.170514 -0.231808 -0.410040 0.160618 0.136703 0.180995 -0.159324 0.146401 0.295907 -0.053683 0.187607 -0.245076 -0.037609 0.159189 0.161594 0.176312
-0.070725 -0.186507 0.104097 0.466878 0.167750 0.205789 -0.178955 -0.182918 0.296693 0.145225 -0.054278 0.011961 -0.170540 -0.121726 0.226482 0.248633 -0.183885 -0.247799 -0.237196 -0.062609 -0.040387 -0.021542 0.740743 1.000000 0.176536 0.331517 0.209798 0.269965 -0.171231 -0.106864 0.508324 0.606825 -0.057651 -0.161359 -0.186241 0.102313 0.165621 0.191899 0.371425 0.274882 0.224461 0.135444 -0.071752 -0.078706 -0.351669 -0.373590 -0.254866 -0.129579 -0.439795 -0.212543 0.019062 -0.382246 -0.425174 -0.179867 -0.061290 -0.036572 -0.165702 -0.030306 -0.381762 -0.072159 -0.252049 -0.061171 -0.166052 -0.193428 0.500619 0.037746 -0.349373 -0.242554 -0.000721 0.042949 -0.021780 0.379090 -0.184927 -0.213332 -0.103756 0.248653 -0.065240 -0.176296 -0.271024 -0.143362 -0.235942 -0.235247 0.407915 0.462844 0.155695 -0.002463 0.179772 0.360158 0.531305 0.300522 0.107313 -0.222614 0.240523 -0.120971 0.083083 0.209834 -0.108332 0.021557 -0.402157 -0.410338 -0.269165 -0.260448 -0.500890 -0.155422 0.042729 0.142713 -0.221006 0.120307 0.165291 -0.127504 -0.045285 -0.290315 -0.106515 -0.026595 0.092275 0.252807
-0.059436 -0.112532 0.417166 0.049509 0.380870 -0.034227 0.268810 0.053685 0.042568 -0.087620 -0.194277 0.005798 -0.013349 -0.058007 0.066768 -0.128641 -0.203034 -0.310861 -0.131757 -0.404576 -0.002867 -0.134395 0.374058 0.176536 1.000000 0.708380 0.468312 0.292530 -0.201430 -0.315835 0.528797 0.344649 -0.081403 -0.169848 0.143081 0.038435 -0.034412 0.166575 0.231995 0.357343 0.037170 0.058742 0.095577 0.038154 -0.233551 -0.233478 -0.243383 -0.087031 -0.202704 -0.220158 0.199770 -0.166335 -0.234418 -0.191429 0.374574 0.097834 -0.354906 -0.167027 -0.103149 -0.179454 -0.263669 -0.236262 -0.111249 -0.215400 0.271867 -0.025734 -0.071517 0.256087 -0.086337 -0.227747 0.179977 0.118268 -0.220076 0.005138 -0.064789 -0.099362 -0.077426 -0.006840 -0.232963 -0.222504 -0.283132 -0.158752 0.034364 -0.000659 -0.070092 0.044751 -0.040655 -0.188365 0.341740 0.031761 -0.001881 -0.052385 0.111742 0.023511 0.261366 -0.098919 0.378303 0.204979 -0.345929 -0.063716 -0.139834 -0.144112 -0.228643 -0.034223 0.045279 -0.000635 0.050847 -0.057933 0.106013 0.097999 0.220825 -0.445964 -0.116011 0.025052 0.001701 -0.000408
0.025856 0.102904 0.078289 0.163467 0.370473 0.126261 -0.049010 -0.036627 0.022163 -0.004356 0.013499 0.058844 -0.105228 -0.088058 0.097878 0.045702 -0.259075 -0.310207 -0.161132 -0.344895 -0.056739 -0.079817 0.421525 0.331517 0.708380 1.000000 0.551014 0.478054 -0.297780 -0.280521 0.517292 0.541448 -0.096039 -0.083931 0.142853 0.085835 -0.014556 0.333839 0.337917 0.496185 0.110841 0.172068 0.005212 0.026311 -0.285315 -0.341093 -0.266264 -0.087182 -0.276884 -0.267487 0.219519 -0.213963 -0.330459 -0.208486 0.254621 0.167858 -0.067847 0.097506 -0.197168 -0.091262 -0.296724 -0.129009 -0.244716 -0.194610 0.153356 -0.058817 -0.312316 0.016319 0.038249 -0.070453 -0.019699 0.208126 -0.220540 -0.114084 -0.000483 0.027517 0.048138 0.037843 -0.270423 -0.099103 -0.295268 -0.201716 0.088891 0.139863 -0.031401 0.105996 -0.092222 0.116582 0.359611 0.121680 -0.067333 -0.277484 -0.034142 -0.270185 0.257067 -0.084535 0.397011 0.163038 -0.316168 -0.031547 -0.048136 -0.244494 -0.363946 -0.094536 -0.032917 -0.068850 0.011471 -0.118809 0.080237 0.146416 0.152820 -0.370910 -0.079081 0.015022 -0.012430 0.078214
0.084946 -0.039873 0.084942 0.211542 0.556053 0.452389 -0.000515 -0.137042 0.323683 0.055133 0.057670 -0.230871 0.021495 -0.282602 0.313474 0.126077 -0.573119 -0.450677 -0.276903 -0.374724 0.384731 0.297714 0.365007 0.209798 0.468312 0.551014 1.000000 0.685681 -0.304285 -0.270114 0.378263 0.448734 0.036243 -0.092909 0.281882 0.184367 -0.187255 0.151383 0.192228 0.433332 -0.029930 -0.032808 0.007128 0.014887 -0.058546 -0.169457 -0.193620 -0.105096 -0.044827 -0.035918 0.243056 -0.082095 -0.219813 -0.056488 0.130279 -0.016575 -0.118781 0.049446 -0.085005 -0.028832 -0.328524 -0.215649 -0.356535 -0.362062 0.303021 -0.038659 -0.287840 -0.054288 0.006115 -0.116106 -0.035763 0.284807 -0.316823 -0.205653 -0.078103 -0.108501 -0.293024 -0.267752 -0.371135 -0.305100 -0.340258 -0.345375 0.060120 0.202384 -0.088953 0.064884 -0.428549 0.077410 0.187606 0.077122 0.026085 -0.033124 0.252851 -0.007632 0.228353 0.127659 0.256628 0.161819 -0.174308 0.141223 0.090795 -0.272208 -0.169404 0.066118 0.150995 0.095938 -0.002977 0.128875 0.150120 -0.038999 0.011915 -0.271159 0.018394 -0.008384 0.229735 0.095442
0.184591 0.091829 -0.148467 0.193317 0.508160 0.642165 -0.091720 -0.141200 0.477901 0.246454 0.244320 -0.087942 0.191891 -0.137491 0.591569 0.411520 -0.418087 -0.308568 -0.340244 -0.208234 0.402343 0.402606 0.263500 0.269965 0.292530 0.478054 0.685681 1.000000 0.025672 0.043994 0.270560 0.496507 0.065487 0.108870 0.057200 0.054159 0.030012 0.155012 0.262407 0.460654 0.073288 0.154537 -0.326068 -0.286521 -0.000085 -0.251323 -0.179542 -0.301049 -0.101928 -0.146704 0.094089 -0.264830 -0.200670 -0.119227 0.143979 0.221907 0.044412 0.184744 -0.084999 0.006905 -0.207637 -0.042334 -0.139051 -0.166317 0.271897 -0.039441 -0.527749 -0.340426 -0.060601 -0.143264 -0.096081 0.313984 -0.128162 -0.031453 0.084324 0.197617 -0.096365 -0.118355 -0.226965 -0.024812 -0.096739 -0.010852 0.240854 0.483934 0.219509 0.349942 -0.160023 0.327324 0.235222 0.222153 -0.271761 -0.370119 0.000759 -0.216331 -0.060196 -0.066076 0.078398 -0.134619 0.016291 -0.115433 0.098908 -0.295265 -0.113866 -0.253154 -0.132318 -0.154892 -0.218881 0.068315 -0.038254 -0.256384 -0.295900 -0.403972 -0.151671 -0.305382 -0.102453 -0.065852
-0.017015 -0.012102 -0.125268 0.058627 -0.091352 0.045765 0.106169 0.243258 0.081731 0.185293 0.178990 0.395008 0.286662 0.411371 0.272543 0.355992 0.364180 0.369412 -0.003841 0.237449 0.039801 -0.031354 -0.405393 -0.171231 -0.201430 -0.297780 -0.304285 0.025672 1.000000 0.649983 0.002981 0.039700 0.481842 0.456739 -0.357880 -0.278646 0.351591 -0.028886 -0.148197 -0.084982 0.061748 0.104392 -0.509072 -0.573026 0.091583 -0.109455 0.048061 -0.436907 -0.162446 -0.336564 -0.326372 -0.306868 0.193072 -0.108476 0.007296 0.354599 -0.042633 -0.082069 -0.168150 -0.145114 0.264247 0.183013 0.684572 0.500265 -0.083362 -0.030678 -0.301891 -0.194753 -0.432605 -0.220141 -0.016952 -0.162248 0.512885 0.050728 0.133043 0.263860 0.156106 0.057061 0.431268 0.235037 0.742584 0.783507 0.462268 0.436391 0.533854 0.562156 0.404085 0.219054 -0.033654 -0.109096 -0.468626 -0.417114 -0.355573 -0.310425 -0.465543 -0.209903 -0.270579 -0.362603 0.137683 -0.135381 0.048863 -0.138825 0.169969 -0.517939 -0.481714 -0.504499 -0.388033 -0.267887 -0.327911 -0.331600 -0.426997 -0.115175 -0.159819 -0.232261 -0.429685 -0.233702
0.017434 0.232805 -0.360749 0.063441 -0.162678 0.029626 -0.139574 0.125602 -0.026315 0.059117 0.135991 0.242677 0.081774 0.184328 0.145425 0.333234 0.226078 0.489304 -0.004691 0.413234 -0.024344 0.163389 -0.385914 -0.106864 -0.315835 -0.280521 -0.270114 0.043994 0.649983 1.000000 -0.182097 -0.022906 0.401577 0.398794 -0.389178 -0.314048 0.333360 0.107444 0.072796 -0.054387 0.025997 0.124995 -0.417055 -0.489987 0.033471 -0.084548 0.205624 -0.219382 -0.267292 -0.251091 -0.252296 -0.096761 0.227005 0.074764 -0.207269 0.244749 0.245223 0.219538 -0.176426 -0.094506 -0.086201 0.143604 0.489959 0.376047 -0.216934 -0.204342 -0.274213 -0.320802 -0.237025 -0.013736 -0.080708 0.049807 0.517695 0.200901 0.118969 0.265958 0.312099 0.099665 0.506368 0.567061 0.615940 0.649982 0.370198 0.452318 0.398570 0.400661 0.335499 0.290064 -0.180669 0.095539 -0.373253 -0.441338 -0.364888 -0.333410 -0.376272 0.072292 -0.267635 -0.381345 0.168434 -0.042833 -0.063610 -0.122157 0.292408 -0.455989 -0.379173 -0.471259 -0.291852 -0.318223 -0.388015 -0.304767 -0.512499 0.035328 -0.067877 -0.245258 -0.352016 -0.241608
-0.207471 -0.235705 0.257097 0.293254 0.382283 0.153876 0.105049 -0.056491 0.247367 0.150150 -0.108945 0.247967 -0.072531 0.064404 0.169577 0.095594 -0.246844 -0.302663 -0.233236 -0.334680 0.008682 -0.098796 0.526374 0.508324 0.528797 0.517292 0.378263 0.270560 0.002981 -0.182097 1.000000 0.666976 0.145281 -0.020896 0.058653 0.264251 0.100696 0.343692 0.211965 0.315217 0.014303 0.231779 0.040769 -0.032114 -0.254785 -0.295157 -0.388927 -0.294002 -0.411656 -0.315126 -0.064317 -0.441199 -0.426211 -0.308266 0.188172 -0.095572 -0.471820 -0.215418 -0.346524 -0.330332 -0.080719 -0.087280 -0.010004 -0.164723 0.433546 0.147419 -0.202626 0.066646 -0.158651 -0.194906 0.190243 0.151523 0.008121 -0.125648 -0.031434 0.026782 0.071313 0.032992 -0.303550 -0.207809 -0.259879 -0.175552 0.265387 0.246465 -0.017374 0.025449 -0.016385 0.008913 0.318257 0.050664 -0.103211 -0.150183 0.181721 -0.057563 0.075729 0.102526 0.154366 0.150815 -0.458146 -0.085135 -0.157056 -0.316037 -0.466610 -0.151476 0.047115 0.051312 -0.229209 0.002004 0.176422 -0.100445 0.008036 -0.183608 0.062178 0.148499 0.129767 0.210889
0.004724 -0.165388 0.070137 0.559793 0.421276 0.363133 -0.067283 0.077168 0.312673 0.324646 0.097511 0.244387 -0.039498 0.018476 0.424560 0.388808 -0.283367 -0.279664 -0.290953 -0.317866 0.114362 0.211767 0.433556 0.606825 0.344649 0.541448 0.448734 0.496507 0.039700 -0.022906 0.666976 1.000000 0.293314 0.148411 -0.025480 0.254520 0.043320 0.236742 0.254636 0.455376 0.020374 0.159090 -0.156839 -0.171809 -0.245896 -0.369502 -0.375085 -0.416240 -0.518478 -0.325037 -0.148770 -0.432530 -0.401871 -0.238606 -0.068576 0.004326 -0.210514 -0.099682 -0.222164 -0.078278 -0.140985 0.156479 -0.066343 -0.063891 0.467340 0.218358 -0.433405 -0.203233 -0.128558 -0.128578 -0.125251 0.354182 -0.214952 -0.280797 -0.193204 0.061716 -0.128721 -0.132092 -0.194309 -0.142599 -0.215980 -0.108669 0.306765 0.455411 0.181771 0.226514 0.038964 0.280080 0.394967 0.135492 -0.110337 -0.408362 0.064878 -0.267528 -0.029705 0.091752 -0.033366 -0.053969 -0.488101 -0.225446 -0.290786 -0.363399 -0.424370 -0.255328 -0.011299 -0.073304 -0.285407 -0.010861 0.003285 -0.289068 -0.262857 -0.382494 -0.103937 -0.117208 -0.003486 0.138188
0.069880 -0.012897 -0.105742 0.235496 0.012583 -0.030558 -0.034005 0.172362 0.048154 -0.023332 -0.080009 0.226680 0.011053 0.020399 0.121446 0.241674 0.043941 0.269299 0.063715 0.067328 0.133547 0.192771 -0.146027 -0.057651 -0.081403 -0.096039 0.036243 0.065487 0.481842 0.401577 0.145281 0.293314 1.000000 0.518419 -0.097831 -0.002296 0.097642 0.089417 -0.029841 0.113637 -0.114361 0.069140 -0.261214 -0.288815 0.074249 -0.148174 0.011540 -0.375274 -0.230402 -0.319042 -0.261478 -0.196798 0.018632 -0.189943 -0.054156 0.120703 0.015036 -0.037486 0.091104 -0.023887 -0.005636 0.173807 0.323236 0.232571 0.011603 -0.045488 -0.150992 -0.143171 -0.146852 -0.037820 -0.007030 0.070479 0.201359 -0.030669 0.093081 0.109684 0.018783 0.033025 0.231039 0.110471 0.319730 0.332481 0.125441 0.166844 0.164767 0.292277 -0.049016 0.075175 -0.093572 -0.013624 -0.366437 -0.381013 -0.090773 -0.259326 -0.445320 0.128417 -0.033929 -0.179660 -0.069504 0.052845 0.131247 -0.017281 0.101207 -0.244063 -0.247581 -0.447732 -0.398932 -0.154686 -0.165419 -0.299451 -0.320852 -0.005992 -0.046937 -0.219718 -0.139442 -0.085083
-0.015442 0.133875 -0.270691 0.169605 -0.069990 0.104284 -0.110478 0.233420 -0.173069 0.152956 0.042209 0.096646 0.045728 0.044745 -0.049294 0.108483 0.146769 0.309640 -0.066360 0.164675 0.116331 0.095458 -0.272446 -0.161359 -0.169848 -0.083931 -0.092909 0.108870 0.456739 0.398794 -0.020896 0.148411 0.518419 1.000000 -0.065674 0.128486 -0.259686 0.050796 -0.100522 -0.026353 -0.205347 0.028528 -0.528614 -0.458417 0.304773 0.149137 -0.030809 -0.326222 -0.074616 -0.223450 -0.160254 0.008995 0.178915 0.160648 -0.073560 0.068574 0.114719 0.137995 0.003310 0.018943 0.214746 0.291884 0.417394 0.460457 0.021451 0.105570 -0.148892 0.083348 -0.201499 0.014533 -0.062352 -0.117677 0.233550 -0.021291 0.023779 0.017993 0.123694 0.108279 0.324890 0.249634 0.358525 0.384948 0.078483 0.152710 0.227289 0.349996 0.013765 0.233570 0.023096 0.075329 -0.480480 -0.452660 -0.142563 -0.326804 -0.537698 -0.126351 -0.190044 -0.438843 0.228037 -0.112047 0.039912 -0.052219 0.264869 -0.286577 -0.314985 -0.379326 -0.318446 -0.092351 -0.392661 -0.385630 -0.337723 -0.105118 -0.048441 -0.371177 -0.450651 -0.134752
-0.039106 -0.176944 0.098004 -0.145796 0.026327 0.150089 0.159796 -0.144353 -0.166332 -0.114204 0.103234 -0.174749 0.038129 -0.083998 -0.056905 -0.312631 -0.208697 -0.258285 -0.008928 -0.217613 -0.005312 -0.034055 0.140121 -0.186241 0.143081 0.142853 0.281882 0.057200 -0.357880 -0.389178 0.058653 -0.025480 -0.097831 -0.065674 1.000000 0.532713 -0.305781 0.050381 -0.021116 0.180983 0.046741 -0.204413 0.180802 0.251824 0.037674 0.194726 -0.216141 0.027773 0.236765 0.020505 0.085314 0.156270 -0.102479 -0.185198 0.232190 -0.092018 -0.210704 -0.166738 0.328692 0.092657 0.040914 -0.169372 -0.343400 -0.290792 0.007133 0.180684 0.422575 0.380609 0.212725 -0.028918 0.109553 -0.169628 -0.400913 -0.146731 -0.050929 -0.421613 -0.231970 0.013163 -0.372739 -0.150813 -0.312718 -0.414647 -0.245714 -0.358971 -0.205750 -0.085305 -0.293776 0.055745 -0.073269 0.120010 0.090469 0.146723 0.026893 0.073049 0.127617 0.048145 0.243790 0.037317 -0.169791 0.035763 0.237716 -0.036818 -0.126475 0.266417 0.148814 0.067823 0.181974 0.057457 0.200013 0.120669 0.356917 -0.184559 0.060474 -0.045153 0.130700 -0.034804
-0.252249 -0.347932 0.141812 0.048207 0.229590 0.353697 0.042092 -0.129775 0.049956 0.057232 -0.074099 -0.083002 -0.003181 -0.031668 -0.071646 -0.147135 -0.379860 -0.221272 -0.239656 -0.256879 0.130531 0.155118 0.213194 0.102313 0.038435 0.085835 0.184367 0.054159 -0.278646 -0.314048 0.264251 0.254520 -0.002296 0.128486 0.532713 1.000000 -0.277733 0.106638 0.133170 0.035834 -0.076956 -0.115616 0.191382 0.194076 0.103832 0.190106 -0.419572 -0.138680 -0.119404 -0.097119 -0.149848 0.003238 -0.327857 -0.121696 0.064403 -0.515412 -0.327881 -0.239711 0.053584 0.027529 0.151991 0.107272 -0.296814 -0.191674 0.493127 0.476034 0.176009 0.343515 0.077344 0.146944 0.302022 -0.005055 -0.396608 -0.316618 -0.347225 -0.374714 -0.196793 0.040706 -0.314069 -0.153318 -0.482829 -0.490294 -0.291342 -0.263816 -0.355743 -0.238334 -0.282943 0.026704 -0.015232 0.228557 0.159936 0.161547 0.262240 0.171259 0.168685 0.246592 -0.001172 0.084881 -0.351534 -0.199404 -0.023566 -0.033149 -0.197787 0.237966 0.422303 0.183419 0.131478 0.220029 0.226715 0.007008 0.393154 -0.119078 0.217812 0.112871 0.243319 0.157965
