1.000000 0.190726 0.070937 -0.197330 -0.160360 -0.035913 0.053167 -0.242785 -0.059649 -0.111695 0.202683 0.043280 0.242932 -0.041317 0.021218 -0.161932 0.004114 0.055760 0.107525 -0.109641 -0.084932 0.068958 0.056812 -0.070928 -0.142629 -0.361846 -0.282400 -0.062349 0.005308 -0.197373 -0.193395 -0.266327 -0.109011 -0.089654 -0.064282 -0.029821 0.255214 0.305947 0.143831 0.105803 -0.042355 0.033176 -0.019147 0.118934 -0.309421 -0.237947 -0.041560 0.007906 -0.017222 0.082243 0.093311 0.187278 0.012626 0.309075 0.241991 0.028155 0.053564 -0.086128 0.161548 -0.042753 0.088738 -0.218908 0.117782 -0.060450 0.111623 -0.170991 -0.186521 -0.347914 0.157123 -0.021214 -0.097371 0.225521 -0.029178 0.071306 -0.082861 -0.009365 0.198721 0.069279 -0.064390 -0.056284 0.068924 0.086044 0.004409 -0.047635 -0.044594 -0.117762 -0.113552 -0.092997 0.012221 -0.112158 -0.130294 0.220302 0.118894 0.161527 0.189647 -0.229890 0.106539 0.247842 0.105031 0.149595 0.074723 0.035073 -0.135658 0.122494 -0.014016 0.064345 0.007934 0.197909 0.013397 0.032603 -0.127279 -0.153900 0.007618 -0.060305 0.131064 0.235441
0.190726 1.000000 -0.074262 0.365768 -0.123100 0.195177 0.042899 0.144586 -0.105722 0.036464 -0.122698 0.067834 0.009040 -0.030503 0.022642 -0.133201 -0.125278 -0.025804 0.074678 0.054373 -0.216890 -0.161652 -0.095443 0.011918 0.041586 -0.131692 0.142043 0.014947 -0.313731 -0.236261 -0.387859 -0.110669 0.040815 -0.056961 -0.004398 -0.298140 -0.042812 0.242429 0.045149 -0.041547 0.068930 -0.176048 0.037073 -0.086704 -0.167103 -0.229222 0.005742 -0.191080 -0.229976 0.059846 0.031174 -0.046442 0.130214 -0.054707 -0.074849 -0.009617 0.136658 0.255145 -0.067791 -0.031317 0.043236 0.259301 -0.150283 0.108330 0.092878 0.079440 -0.055474 -0.247244 0.107160 0.093387 -0.349563 0.108808 -0.356240 -0.003008 -0.073147 -0.211106 0.046090 0.077169 0.116487 0.107689 -0.017437 -0.048295 -0.207014 -0.130911 -0.020090 0.096050 -0.057606 0.083642 -0.045914 0.080099 -0.109990 -0.167180 -0.081394 -0.090902 -0.035430 -0.084536 -0.079033 0.140248 -0.009070 0.068938 -0.026986 -0.023482 0.112465 -0.148255 0.159348 0.224477 -0.046621 0.009399 0.085375 0.044277 -0.101708 -0.028511 -0.250804 0.095389 0.302602 -0.021411
0.070937 -0.074262 1.000000 -0.162108 0.206276 -0.043726 0.397538 0.076527 0.188405 0.152227 0.284269 -0.008365 0.285623 0.162262 0.165448 0.124558 -0.226201 -0.100710 0.189580 -0.076942 -0.262906 -0.103994 -0.041939 -0.147417 -0.210166 -0.267063 0.095391 -0.117117 -0.247541 -0.137927 -0.175437 -0.264690 0.013784 -0.165735 -0.101863 -0.238546 -0.074509 -0.263452 -0.027041 -0.119653 -0.205533 -0.166531 -0.251721 -0.171056 -0.203958 -0.245609 -0.261559 -0.244031 0.251222 -0.132021 0.193597 0.077039 -0.037693 -0.026113 0.049422 -0.262847 -0.270783 -0.267434 0.544138 0.126912 0.452188 -0.092604 0.165054 0.158705 -0.070978 0.051557 0.407260 0.145966 -0.122763 0.153995 -0.159560 -0.205555 -0.161799 -0.417321 -0.336116 -0.187942 -0.321923 -0.283310 -0.282293 -0.204561 -0.361206 -0.196310 -0.035126 0.058984 -0.089712 -0.180012 -0.178732 -0.223987 0.236049 -0.127500 0.133437 0.391173 0.089488 0.411066 0.169355 0.113322 -0.243315 0.015804 -0.142595 0.010588 0.101424 0.133842 0.378343 0.092647 -0.115968 0.302990 0.005611 0.265141 0.152332 0.075376 0.088987 0.036786 0.231710 -0.017936 0.132597 0.113447
-0.197330 0.365768 -0.162108 1.000000 -0.139878 0.082778 0.189681 0.537539 -0.120249 0.054112 -0.392172 -0.068688 -0.128600 -0.030585 -0.145727 -0.281886 -0.367415 -0.282926 0.029319 0.087432 0.146637 0.158380 0.086050 0.418012 0.200405 0.251040 0.274808 0.302441 -0.387006 -0.411691 -0.016181 0.379011 -0.439583 -0.113887 0.024410 -0.043663 -0.413570 -0.083970 -0.111297 0.070447 -0.202709 -0.291225 0.152238 -0.004595 -0.282999 -0.187320 0.073340 -0.021288 -0.450860 -0.041548 0.034561 -0.037618 0.292186 -0.135743 -0.201328 -0.115151 0.119256 0.177032 -0.269312 -0.215374 -0.176890 0.244595 -0.491050 -0.161256 0.265987 0.425596 -0.199095 0.169667 -0.195671 -0.207279 -0.192729 0.252857 -0.653149 0.154018 -0.196193 -0.162550 -0.245499 -0.019453 0.030049 -0.037008 -0.196771 -0.378739 -0.304896 -0.134819 -0.079318 0.139044 0.027224 0.282851 0.232794 0.302409 0.135080 -0.008474 0.191951 0.107632 -0.137050 0.089865 -0.060502 -0.072934 -0.120588 -0.152679 -0.012974 -0.031798 0.342149 0.047783 0.154164 0.018046 -0.204597 -0.234382 0.118956 -0.082947 -0.144622 -0.042037 -0.180641 0.166308 0.194662 -0.006435
-0.160360 -0.123100 0.206276 -0.139878 1.000000 0.394289 0.180973 0.179483 0.563221 0.415336 0.041151 -0.156757 0.160521 0.168043 0.255916 0.050007 -0.228351 -0.143486 -0.010552 0.263838 0.053564 -0.112141 -0.060508 -0.051337 0.218023 0.293933 0.335140 0.104853 -0.208711 0.099559 0.141203 0.079977 0.018886 0.283238 0.240528 0.118805 -0.101682 -0.311232 0.093203 0.001201 -0.064429 -0.016934 0.004990 -0.095937 0.024038 0.113580 -0.171290 0.034664 -0.083504 -0.070011 -0.140361 -0.248875 -0.181575 -0.029643 -0.131181 -0.199367 -0.080579 -0.027621 0.045006 0.013365 0.116347 0.158126 -0.206227 -0.019334 -0.029364 0.227332 0.205576 0.250992 -0.196920 0.105661 0.017958 0.028992 0.107791 0.194826 0.183620 0.036803 0.002370 -0.067753 -0.144112 -0.109717 -0.353273 -0.159517 0.042360 0.018772 -0.264510 -0.204050 -0.237873 -0.230073 -0.200374 -0.378481 0.126727 0.118444 0.133550 0.038937 0.012060 -0.245831 -0.062351 -0.019010 -0.179029 -0.015434 0.232550 0.069674 0.086119 -0.145055 -0.198258 0.183414 0.057408 0.003349 -0.080656 -0.055020 0.135673 0.133135 -0.089951 -0.105657 0.156942 0.038841
-0.035913 0.195177 -0.043726 0.082778 0.394289 1.000000 0.233090 0.264642 0.157406 0.314473 -0.145632 -0.158153 0.030488 -0.160311 0.247521 -0.090651 -0.080457 -0.304149 0.213258 0.466759 -0.108671 -0.083323 -0.027417 0.072236 0.099291 0.197437 0.291620 0.083302 0.022166 0.003358 -0.032656 0.077538 0.186815 0.150659 0.087160 -0.111004 -0.065798 -0.293293 0.029952 0.046021 -0.025720 -0.124086 0.162340 -0.036827 -0.144300 -0.097723 0.057836 0.008249 -0.274095 -0.192902 -0.279308 -0.216710 -0.079337 -0.115407 -0.245470 -0.105994 -0.053544 0.080155 -0.154063 -0.041674 -0.008450 0.168990 -0.245931 -0.105570 0.198689 0.136217 0.056774 0.037430 -0.210978 -0.025534 -0.196648 -0.129382 -0.071331 0.131196 0.143167 0.207920 0.060438 0.033306 0.120167 0.050704 -0.244078 -0.062709 -0.225331 0.016419 -0.195192 -0.083169 -0.387338 -0.180000 -0.234051 -0.277301 0.196282 0.111124 -0.014706 0.016345 -0.180512 -0.293659 -0.072103 -0.089471 -0.220604 -0.085918 0.153705 -0.168618 -0.083534 -0.192743 -0.051393 0.124339 -0.025805 -0.200597 0.098537 0.017195 -0.013439 0.001872 -0.128635 -0.059702 0.131172 0.048536
0.053167 0.042899 0.397538 0.189681 0.180973 0.233090 1.000000 0.223387 0.282172 0.218810 -0.259340 -0.229231 -0.079710 -0.197377 0.067357 -0.073391 -0.499874 -0.342201 0.185495 0.283195 -0.293474 -0.088231 0.351510 0.418607 0.025558 -0.062650 0.112793 -0.072014 -0.284034 -0.306862 0.050314 0.074379 -0.115643 -0.121083 0.091051 -0.187691 -0.065705 -0.207364 -0.196629 0.055152 -0.396801 -0.442795 0.028756 -0.153535 -0.335599 -0.172886 0.082594 0.059915 0.013582 0.107644 0.220303 0.180597 0.194993 0.300479 -0.245137 -0.110515 -0.337889 -0.137392 -0.001694 -0.208098 -0.059372 -0.048630 -0.305097 -0.278177 0.476480 0.044431 0.104787 0.092348 -0.102825 0.028454 -0.258809 -0.276855 -0.367545 -0.238853 -0.256752 -0.274113 -0.385142 -0.324451 -0.162835 -0.327113 -0.405831 -0.339970 -0.219255 0.011955 -0.158767 -0.089910 -0.137891 0.067191 0.208128 0.032090 0.336635 0.473427 0.351761 0.474781 -0.129204 0.010989 -0.063145 -0.047757 0.072732 0.173474 0.306989 0.002512 0.248998 0.086765 -0.229594 0.100331 0.005849 0.112481 0.083969 0.040952 -0.166180 0.130984 -0.123249 0.159946 0.287703 0.218607
-0.242785 0.144586 0.076527 0.537539 0.179483 0.264642 0.223387 1.000000 0.191613 0.541508 -0.105655 0.073801 0.134940 0.332091 -0.201073 -0.205531 -0.303849 -0.416401 0.124118 0.036605 0.088499 -0.226372 -0.397515 -0.052008 -0.222066 0.233829 0.195015 -0.039407 -0.503160 -0.132351 -0.084214 0.031574 -0.189449 -0.078189 -0.011324 0.099520 -0.353167 -0.414885 -0.280759 0.022536 -0.345745 -0.383891 -0.007042 -0.100255 -0.044590 0.006265 -0.222945 -0.043658 -0.251910 -0.184266 -0.026503 -0.060983 0.047694 -0.223104 -0.207344 -0.307506 -0.043480 -0.111315 0.120679 0.134290 0.162228 0.496069 -0.138969 0.083119 -0.108527 0.700702 0.156076 0.277515 -0.319479 -0.137048 -0.045719 0.069893 -0.322867 0.040067 -0.123129 -0.213517 -0.246058 -0.149311 -0.195255 -0.163164 -0.360761 -0.486552 -0.245534 -0.302675 -0.271096 -0.098103 -0.076749 -0.271482 0.096987 -0.000665 0.360052 -0.013381 0.289592 0.195773 -0.076003 0.133871 -0.245550 -0.216603 -0.269326 -0.311971 0.038924 0.094072 0.207957 0.197209 0.147719 0.059457 -0.098864 0.013725 0.147665 -0.069217 -0.060512 -0.058557 -0.089571 -0.038803 0.105583 0.130047
-0.059649 -0.105722 0.188405 -0.120249 0.563221 0.157406 0.282172 0.191613 1.000000 0.562627 0.140061 0.151214 0.216046 0.301763 0.229120 0.138169 -0.195589 -0.159015 -0.025380 0.073168 -0.117444 -0.276559 -0.103901 0.000716 -0.059158 0.164254 -0.070528 -0.093676 -0.197914 0.086801 -0.004950 -0.009381 -0.141166 0.227660 -0.002186 0.091110 -0.190141 -0.184221 -0.148148 0.072266 -0.137566 -0.192907 0.011554 0.054934 0.071025 0.094054 0.073085 0.237998 0.126318 0.168187 0.166856 0.130872 0.141866 0.197750 -0.213959 -0.086746 -0.157086 -0.225296 0.017350 -0.108944 0.150295 0.410992 -0.176550 0.073460 0.018764 0.226658 -0.149410 0.019781 -0.095136 0.098494 0.026405 0.097884 0.177886 -0.032179 0.196098 0.183648 -0.054060 -0.163660 -0.140639 -0.246830 -0.314781 -0.313748 -0.136652 -0.100616 -0.424952 -0.560359 -0.255265 -0.294154 -0.105033 -0.188833 0.439314 0.259213 0.187290 0.178954 0.177094 0.022983 0.070228 0.077289 0.167720 -0.025320 0.173467 0.069905 -0.072357 -0.076485 -0.126326 0.078443 -0.059614 0.081843 0.056737 0.180227 0.064341 0.049364 0.009221 -0.167487 0.034577 -0.033607
-0.111695 0.036464 0.152227 0.054112 0.415336 0.314473 0.218810 0.541508 0.562627 1.000000 0.061110 0.213832 0.326504 0.505766 0.215149 0.139143 -0.155235 -0.249688 0.081765 0.122408 -0.167929 -0.446829 -0.440534 -0.205832 -0.281780 -0.002527 -0.000934 -0.257902 -0.180212 0.286032 -0.105865 -0.058033 -0.009745 0.354559 -0.061802 -0.014161 0.030608 -0.407711 -0.164361 -0.139837 -0.077320 -0.171509 -0.180794 -0.166790 -0.066108 -0.052297 -0.235955 -0.015801 -0.149432 -0.152273 -0.116907 -0.076042 -0.060532 0.002691 -0.170469 -0.313368 -0.225101 -0.326338 0.208445 0.016100 0.365209 0.436035 0.144040 0.233637 -0.057066 0.379140 0.114107 0.059006 -0.145421 0.093937 -0.098321 0.109417 0.048932 -0.029640 0.249035 0.025277 -0.152019 -0.228347 -0.089553 0.049937 -0.318680 -0.191328 -0.072699 -0.075235 -0.210586 -0.216472 -0.245720 -0.419833 -0.042691 -0.125468 0.381958 0.070767 0.162318 0.196301 -0.110222 0.141444 -0.297557 -0.245048 -0.178717 -0.311077 0.106016 0.163832 0.176572 0.002126 0.002755 -0.088176 -0.025719 0.126165 0.115252 -0.026810 -0.130510 0.012741 -0.165538 -0.025582 0.004981 0.144868
0.202683 -0.122698 0.284269 -0.392172 0.041151 -0.145632 -0.259340 -0.105655 0.140061 0.061110 1.000000 0.195551 0.590899 0.333509 0.245242 0.092347 0.126600 0.093847 0.107982 -0.312609 -0.021243 -0.249429 -0.394207 -0.434603 -0.438297 -0.242105 -0.217832 -0.221484 -0.008851 0.190069 -0.362079 -0.511031 0.114452 0.024953 -0.126485 0.042178 0.090049 0.029637 -0.033029 -0.155168 0.050964 0.055458 -0.001692 0.088278 0.092179 0.054946 -0.268267 -0.136225 0.322779 -0.044811 0.068970 0.022085 -0.177421 -0.214109 0.187947 -0.307619 -0.172660 -0.397651 0.534943 0.429843 0.517419 -0.103276 0.406383 0.299108 -0.510746 -0.018919 0.314725 0.015638 0.069901 0.158904 0.112239 0.047307 0.253506 0.013527 0.124270 0.121458 0.162750 0.044810 -0.187357 -0.121207 -0.115113 0.121681 0.089325 -0.164767 0.047831 -0.395017 -0.192677 -0.417152 0.072842 -0.418190 0.031646 0.076961 -0.096038 0.076494 0.259836 0.077432 -0.143384 0.091232 -0.027253 -0.117836 0.046949 0.245024 -0.176463 0.110988 0.139056 0.197166 0.112715 0.142607 0.125790 0.239025 0.342470 0.080218 0.129462 -0.196513 -0.078265 -0.065476
0.043280 0.067834 -0.008365 -0.068688 -0.156757 -0.158153 -0.229231 0.073801 0.151214 0.213832 0.195551 1.000000 0.230270 0.462081 -0.076053 0.077440 0.140214 0.051095 -0.228821 -0.453524 -0.254434 -0.137516 -0.464700 -0.503219 -0.414679 -0.223743 -0.232113 -0.084770 -0.112044 0.106184 -0.397617 -0.288735 -0.010358 -0.012901 -0.032671 0.102931 0.049987 0.089540 -0.255817 -0.093552 -0.051905 -0.076664 0.067606 0.145514 0.185894 0.167985 0.016686 0.076661 0.195860 0.075954 0.290323 0.240916 0.013671 -0.028353 0.299454 0.126148 -0.180361 -0.264369 0.093842 0.007421 0.173480 0.266977 0.077876 0.062841 -0.243163 0.391362 -0.117073 0.118984 0.150323 0.027506 -0.061498 0.083217 0.017434 -0.255614 0.040872 -0.039308 0.070058 0.001292 0.106255 -0.214084 0.064620 -0.111052 0.032200 -0.331982 0.113983 -0.091093 0.328259 -0.090662 -0.017114 0.182183 -0.007085 -0.188025 0.030300 -0.190147 0.157753 0.257186 -0.018393 0.121030 -0.058257 -0.324357 -0.009113 0.068333 0.006583 -0.033473 0.318049 -0.032171 -0.159672 0.111722 0.064841 0.082271 0.085737 -0.297207 0.115364 -0.049760 -0.102335 0.029847
0.242932 0.009040 0.285623 -0.128600 0.160521 0.030488 -0.079710 0.134940 0.216046 0.326504 0.590899 0.230270 1.000000 0.686866 0.458725 0.198363 -0.018632 -0.070777 -0.178588 -0.489070 -0.112807 -0.260356 -0.391775 -0.445665 -0.215203 -0.222074 -0.071542 -0.104550 -0.207349 0.060887 -0.506893 -0.392758 -0.056525 0.022328 -0.054928 0.166792 0.029970 -0.107992 0.226203 -0.021612 -0.098284 -0.145725 -0.075068 -0.133550 -0.239025 -0.325304 -0.373409 -0.190709 0.112121 -0.343399 0.167977 0.025485 -0.139999 -0.083477 0.171470 -0.458355 -0.074950 -0.326282 0.551467 0.181900 0.674513 0.077595 0.228734 0.308729 -0.087385 0.313352 0.261146 0.099102 -0.022896 0.132883 -0.048149 0.080984 -0.005680 -0.020978 0.102616 -0.013718 0.079784 -0.151846 -0.153639 0.008601 -0.114319 0.038714 0.015144 -0.251233 -0.187473 -0.365636 -0.155634 -0.357934 0.159944 -0.207676 0.014036 0.000936 0.013153 0.036585 -0.020402 0.086503 -0.209948 0.019236 -0.244828 -0.287250 -0.067640 0.036578 -0.057928 0.084164 -0.122084 0.074222 -0.102619 0.071323 0.168640 0.314942 0.201385 0.052011 -0.056623 -0.172717 0.049462 -0.102541
-0.041317 -0.030503 0.162262 -0.030585 0.168043 -0.160311 -0.197377 0.332091 0.301763 0.505766 0.333509 0.462081 0.686866 1.000000 0.239281 0.235597 -0.059163 -0.176505 -0.207227 -0.495921 -0.066339 -0.258069 -0.494575 -0.506114 -0.237013 -0.104933 0.002036 -0.062713 -0.271278 0.224749 -0.292881 -0.255920 -0.092658 -0.018390 -0.163422 0.169529 -0.080387 -0.193736 0.005181 0.004071 -0.137969 -0.098786 -0.070426 -0.046913 0.055226 -0.014231 -0.332588 -0.059530 0.037794 -0.184456 0.222955 0.061738 -0.058078 -0.049349 0.163722 -0.296158 -0.119455 -0.443159 0.333766 0.130574 0.530289 0.432454 0.146186 0.382767 -0.280153 0.513073 0.143823 0.191047 -0.000783 0.057887 0.067918 0.239616 0.024341 -0.001986 0.220324 -0.046655 -0.004811 -0.157213 -0.196449 -0.040012 -0.208155 -0.118915 0.025048 -0.353869 -0.161530 -0.283505 0.007374 -0.370349 0.120276 -0.039062 0.079667 -0.236542 0.108238 -0.105964 0.050524 0.183772 -0.214437 -0.009955 -0.234552 -0.355008 -0.117533 0.001926 0.050299 0.030805 0.050408 -0.121664 -0.068799 0.069106 0.177890 0.140369 0.089555 -0.097722 -0.055654 -0.225741 -0.203276 -0.152127
0.021218 0.022642 0.165448 -0.145727 0.255916 0.247521 0.067357 -0.201073 0.229120 0.215149 0.245242 -0.076053 0.458725 0.239281 1.000000 0.519421 -0.088765 -0.121675 -0.024989 -0.097542 -0.118787 -0.179934 0.076265 -0.002612 0.098366 -0.104671 0.164908 0.016739 0.159982 0.061046 -0.129784 -0.096291 0.038009 0.104776 -0.088290 -0.181389 0.005864 -0.220645 0.216368 -0.196326 -0.160114 0.083982 -0.077071 -0.209363 -0.219229 -0.333362 -0.213166 -0.153516 -0.040751 -0.215638 -0.008460 -0.141767 -0.192034 -0.076921 -0.121034 -0.297575 -0.226524 -0.133968 0.132167 0.013927 0.270426 -0.104188 0.043301 0.227523 0.198256 -0.117221 0.270485 -0.030517 0.061063 0.305435 -0.255060 -0.065171 0.031398 0.043514 0.264801 0.185772 0.062544 -0.068218 -0.096942 -0.019220 -0.227587 0.047739 0.222733 0.279115 0.087880 -0.048633 -0.141349 -0.128532 0.186898 -0.187236 0.130719 0.138967 -0.105521 -0.020320 -0.192357 -0.232512 -0.214634 -0.042905 -0.010127 -0.141831 -0.076840 -0.159215 0.110227 -0.122485 -0.277257 0.048553 0.028819 -0.102774 0.103128 0.154639 -0.019905 0.253521 -0.098956 -0.167182 -0.059189 -0.304073
-0.161932 -0.133201 0.124558 -0.281886 0.050007 -0.090651 -0.073391 -0.205531 0.138169 0.139143 0.092347 0.077440 0.198363 0.235597 0.519421 1.000000 0.067920 0.266394 -0.294646 -0.120220 -0.151460 -0.167707 -0.074091 -0.097513 0.018014 -0.067248 -0.016295 -0.105196 0.257651 0.332210 0.105984 0.035203 0.230018 0.281023 -0.086058 -0.054269 0.178773 -0.090445 0.086287 -0.207333 0.014549 0.129854 -0.229466 -0.264230 -0.056402 -0.259021 -0.210142 -0.141944 0.153098 -0.111837 -0.057017 -0.126291 -0.116422 -0.091891 -0.099657 -0.110689 -0.056625 -0.027170 0.054711 -0.060677 0.119036 -0.090206 0.217460 0.303169 0.058008 -0.235349 0.141153 -0.069617 0.203704 0.322862 -0.070402 -0.080311 0.278496 -0.057054 0.254412 -0.011263 -0.087239 -0.115373 -0.070486 0.217252 0.057238 0.170738 0.383949 0.436054 0.019915 -0.007620 0.108891 -0.091982 0.042498 -0.156118 0.107323 -0.035672 -0.107761 -0.070651 -0.042170 0.126935 -0.291440 -0.125969 0.047552 -0.114837 -0.236972 0.057555 0.154216 0.017354 -0.160079 -0.233457 -0.040840 0.192643 0.053074 0.158358 0.011229 0.377923 0.010796 -0.037675 -0.319993 -0.370087
0.004114 -0.125278 -0.226201 -0.367415 -0.228351 -0.080457 -0.499874 -0.303849 -0.195589 -0.155235 0.126600 0.140214 -0.018632 -0.059163 -0.088765 0.067920 1.000000 0.466936 0.066150 0.012240 -0.100257 -0.164183 -0.189924 -0.196295 -0.183619 -0.182522 -0.387353 -0.305559 0.423657 0.460283 -0.176523 -0.232477 0.372011 0.168243 -0.179396 -0.085492 0.323315 0.197025 -0.083641 -0.087355 0.350211 0.193140 -0.223229 -0.104416 0.128223 -0.112068 -0.117636 -0.196388 0.144891 -0.243798 -0.293836 -0.155074 -0.167231 -0.003392 -0.096074 -0.002974 0.325316 0.238471 0.011280 -0.000762 0.154706 -0.114978 0.390107 0.272645 -0.174537 -0.229935 -0.148261 -0.185723 0.131345 0.116443 0.224112 -0.147251 0.457020 -0.091149 0.079169 0.341470 0.461475 0.131731 0.368070 0.389681 0.507853 0.545503 0.107889 -0.004285 0.422925 -0.023681 0.291394 -0.153498 -0.052694 0.015152 -0.149429 -0.193585 -0.268379 -0.236850 0.125172 -0.025624 -0.085964 -0.130899 0.012102 -0.046451 -0.151882 -0.055353 -0.298474 -0.037446 0.063778 -0.021216 0.077140 -0.010188 0.032355 0.035315 -0.046522 -0.099979 0.096853 0.087529 -0.083218 0.044068
0.055760 -0.025804 -0.100710 -0.282926 -0.143486 -0.304149 -0.342201 -0.416401 -0.159015 -0.249688 0.093847 0.051095 -0.070777 -0.176505 -0.121675 0.266394 0.466936 1.000000 -0.266210 -0.104972 -0.051314 0.073093 -0.006182 -0.225892 -0.026985 -0.199328 -0.214771 -0.017636 0.243973 0.181067 -0.038893 -0.118394 0.214947 0.173093 0.010925 -0.003517 0.141155 0.327832 0.010953 -0.036250 0.325273 0.087479 -0.144482 -0.127593 -0.059419 -0.174211 0.059184 0.012397 0.277046 0.056489 -0.080915 -0.122984 0.113630 0.040141 -0.044482 0.093082 0.331535 0.403843 -0.004614 -0.116377 0.058206 -0.220416 0.193892 0.259470 -0.098224 -0.304784 -0.222807 -0.261713 0.164411 0.101689 0.056885 -0.037675 0.295606 0.054117 0.050011 0.006688 0.247253 -0.040076 0.358612 0.431184 0.500926 0.607262 0.129132 0.236162 0.072981 -0.033040 0.189878 0.123486 0.009471 -0.135361 -0.128667 -0.082134 -0.142204 0.044902 0.242698 0.072132 0.095755 0.099966 0.133252 0.130054 -0.072134 0.128841 -0.051568 -0.067009 -0.026957 -0.038693 -0.095026 0.152645 -0.174831 0.164701 0.097393 0.266953 0.113354 0.234927 0.010788 0.011496
0.107525 0.074678 0.189580 0.029319 -0.010552 0.213258 0.185495 0.124118 -0.025380 0.081765 0.107982 -0.228821 -0.178588 -0.207227 -0.024989 -0.294646 0.066150 -0.266210 1.000000 0.467317 0.080417 -0.080988 -0.004357 0.126713 -0.196393 -0.051839 0.016638 -0.289284 0.196576 0.037908 -0.024376 -0.091289 0.177688 0.055856 -0.220304 -0.427098 -0.108236 -0.105287 -0.195262 0.044676 -0.065438 -0.087733 -0.015864 0.024549 -0.104059 -0.081960 -0.149090 -0.123796 -0.096749 -0.020684 -0.365184 -0.165879 -0.072390 -0.060775 -0.155537 -0.132148 -0.127803 -0.140147 0.128082 0.071921 0.092728 -0.012092 0.094167 0.002763 -0.084122 -0.059059 0.089517 -0.202009 -0.155193 -0.117003 -0.127566 -0.054170 0.004914 0.074303 -0.068333 0.257226 -0.036537 0.127582 -0.096772 -0.139427 -0.168313 -0.120320 -0.112811 0.017295 0.090239 -0.069002 -0.075827 -0.268036 -0.078612 -0.285742 0.065949 0.232246 0.012803 0.211924 -0.008821 -0.017897 -0.252759 -0.184285 0.001984 0.177263 0.107820 0.017802 0.129891 0.263651 0.072248 0.236494 0.242704 0.003709 0.230534 -0.155765 -0.117455 -0.073726 0.184638 -0.012648 0.180064 0.142631
-0.109641 0.054373 -0.076942 0.087432 0.263838 0.466759 0.283195 0.036605 0.073168 0.122408 -0.312609 -0.453524 -0.489070 -0.495921 -0.097542 -0.120220 0.012240 -0.104972 0.467317 1.000000 0.120920 -0.016368 0.218547 0.501897 0.128012 0.147658 0.152733 -0.086673 0.320394 0.043157 0.401282 0.289886 0.157215 0.370849 0.112248 -0.253374 0.016795 -0.126069 -0.158770 -0.067013 0.148698 -0.028392 -0.023471 -0.227670 -0.080586 -0.033479 0.029023 -0.137287 -0.266671 0.018197 -0.577877 -0.297694 -0.081212 0.064211 -0.428840 -0.076323 0.105873 0.132164 -0.277837 -0.161216 -0.265494 -0.040169 -0.097995 -0.135882 0.167563 -0.271270 -0.071988 -0.220113 -0.224038 -0.142979 0.016941 -0.050748 0.079259 0.124693 0.090907 0.306551 0.042452 0.166230 0.178029 0.085766 -0.070429 -0.061191 -0.052911 0.390251 0.039646 0.093748 -0.228071 -0.003774 -0.246467 -0.203282 0.201265 0.228738 0.048072 0.194294 -0.033510 -0.180909 -0.224406 -0.203841 -0.015138 0.258663 0.185116 -0.069511 0.078498 0.020778 -0.070043 0.089890 0.116880 -0.173211 -0.024788 -0.243134 -0.291449 -0.033268 0.004643 0.073568 0.202908 0.236495
-0.084932 -0.216890 -0.262906 0.146637 0.053564 -0.108671 -0.293474 0.088499 -0.117444 -0.167929 -0.021243 -0.254434 -0.112807 -0.066339 -0.118787 -0.151460 -0.100257 -0.051314 0.080417 0.120920 1.000000 0.449671 0.119615 0.073220 0.389036 0.425119 0.408834 0.465364 0.103767 -0.098383 0.415961 0.414971 -0.320137 0.050622 0.176119 0.227157 -0.195738 0.032695 0.234071 0.279901 0.135634 0.274318 0.096214 -0.062938 -0.059414 -0.016118 0.003502 -0.047138 -0.371490 -0.265021 -0.296513 -0.380133 -0.126878 -0.173542 0.004759 -0.064601 0.205439 0.141714 -0.256022 -0.148179 -0.290997 -0.130449 -0.250672 -0.248858 -0.041757 0.069227 -0.122407 0.040745 -0.348005 -0.424808 0.509090 0.336375 -0.017243 0.546789 0.188340 0.273259 0.194468 0.533690 -0.087430 -0.056348 0.055571 -0.069512 0.082172 0.218166 -0.149344 0.107423 -0.076625 0.094783 -0.096091 -0.130064 -0.113191 0.012966 0.031405 -0.029528 0.130592 -0.099448 0.065659 0.046221 -0.158135 -0.065651 -0.128091 0.103704 0.123107 0.216312 0.081580 -0.028931 0.147629 -0.239459 -0.093355 -0.293443 0.096382 -0.070817 -0.118603 -0.175472 0.073785 -0.107923
0.068958 -0.161652 -0.103994 0.158380 -0.112141 -0.083323 -0.088231 -0.226372 -0.276559 -0.446829 -0.249429 -0.137516 -0.260356 -0.258069 -0.179934 -0.167707 -0.164183 0.073093 -0.080988 -0.016368 0.449671 1.000000 0.300394 0.181040 0.412045 0.377028 0.240997 0.621278 0.159889 -0.233716 0.249847 0.458502 -0.172264 -0.099022 0.123689 0.144524 -0.152475 0.168762 0.200760 0.402930 -0.072270 0.246234 0.146105 0.111875 -0.207117 -0.043118 0.180195 0.035042 -0.178156 -0.073870 -0.103482 -0.185279 0.116024 -0.108513 0.183582 0.181530 0.145133 0.162115 -0.309842 -0.264193 -0.339029 -0.135708 -0.388342 -0.241674 0.127292 0.019718 -0.226007 0.078173 -0.060841 -0.278459 0.248118 0.193456 -0.127594 0.176286 -0.138506 0.143863 0.017475 0.350411 0.043310 0.004021 0.067876 -0.008655 0.007825 0.120499 -0.167377 0.153785 0.121841 0.396695 0.050221 0.151453 -0.284438 -0.015050 -0.062146 0.045958 0.180183 0.006045 0.312026 0.280590 -0.300109 -0.044412 -0.195678 0.037637 0.212127 -0.054258 -0.076132 -0.037728 -0.111463 -0.081113 -0.139481 -0.163117 0.154872 -0.106577 -0.170487 -0.146826 0.012194 -0.129149
0.056812 -0.095443 -0.041939 0.086050 -0.060508 -0.027417 0.351510 -0.397515 -0.103901 -0.440534 -0.394207 -0.464700 -0.391775 -0.494575 0.076265 -0.074091 -0.189924 -0.006182 -0.004357 0.218547 0.119615 0.300394 1.000000 0.639434 0.611221 0.076212 0.166233 0.296285 0.165831 -0.338528 0.440652 0.465956 -0.214639 -0.285156 0.073858 -0.136297 -0.224914 0.053708 0.055593 0.035847 -0.066094 -0.125240 0.161984 0.142291 -0.221966 -0.083509 0.380837 0.118329 -0.047300 0.211238 0.112667 0.074991 0.267972 0.356688 -0.178797 0.180060 0.055722 0.347123 -0.474650 -0.428779 -0.514153 -0.305728 -0.409981 -0.372028 0.619019 -0.366389 -0.226010 -0.102683 -0.115240 -0.122244 0.038285 -0.086662 -0.263870 0.067366 -0.052876 0.028423 -0.093574 0.003615 0.111411 -0.007556 -0.062781 0.038419 -0.198119 0.283877 0.064402 0.048486 -0.112796 0.246392 0.124749 0.116119 -0.036605 0.259405 -0.001503 0.084433 -0.010266 -0.211891 0.119942 -0.014489 0.267053 0.457649 0.052748 -0.179754 0.016423 -0.151679 -0.381494 -0.040825 -0.080498 -0.335922 -0.100844 0.012979 -0.144184 0.231579 0.112645 0.168240 0.043429 -0.022109
-0.070928 0.011918 -0.147417 0.418012 -0.051337 0.072236 0.418607 -0.052008 0.000716 -0.205832 -0.434603 -0.503219 -0.445665 -0.506114 -0.002612 -0.097513 -0.196295 -0.225892 0.126713 0.501897 0.073220 0.181040 0.639434 1.000000 0.339160 0.197907 0.134635 0.190713 0.094754 -0.294042 0.337376 0.455332 -0.265042 -0.055151 0.125761 -0.145950 -0.174208 -0.011386 -0.140397 -0.046408 -0.091097 -0.129970 -0.015158 -0.058947 -0.253602 -0.112573 0.203288 -0.030342 -0.238335 0.112681 -0.152417 -0.029674 0.139215 0.167988 -0.396836 -0.038223 0.047400 0.146282 -0.446087 -0.343882 -0.459789 -0.162867 -0.390684 -0.403233 0.535890 -0.214209 -0.238540 -0.003165 -0.123949 -0.083491 -0.004445 -0.024904 -0.263145 0.119803 -0.019582 0.067914 -0.104698 0.017127 0.109303 -0.008808 -0.034664 -0.156427 -0.232517 0.312803 0.123028 0.160307 -0.042765 0.271019 0.156767 0.189304 0.249402 0.288099 0.171634 0.189335 -0.069087 -0.193809 -0.088042 -0.055072 0.108454 0.194213 0.068220 -0.037774 0.118249 0.038095 -0.172815 0.103760 -0.066098 -0.343511 -0.004428 -0.068245 -0.303687 0.073031 -0.048105 0.196079 0.120178 0.150086
-0.142629 0.041586 -0.210166 0.200405 0.218023 0.099291 0.025558 -0.222066 -0.059158 -0.281780 -0.438297 -0.414679 -0.215203 -0.237013 0.098366 0.018014 -0.183619 -0.026985 -0.196393 0.128012 0.389036 0.412045 0.611221 0.339160 1.000000 0.531268 0.534568 0.610161 -0.035370 -0.267112 0.425086 0.684285 -0.227954 -0.016209 0.240157 0.134473 -0.134330 0.137787 0.467724 0.271888 0.119320 0.031560 0.318709 0.112088 -0.128890 -0.115871 0.257363 0.114524 -0.336661 -0.117229 -0.057674 -0.288431 0.028597 0.099681 -0.102280 0.119833 0.240637 0.495691 -0.511316 -0.450413 -0.493289 -0.121264 -0.590497 -0.326232 0.457822 -0.098601 -0.136054 0.138523 -0.070640 -0.168107 0.153744 0.103438 -0.268780 0.286241 0.089038 0.082811 -0.008208 0.271628 0.112149 0.171334 -0.000736 0.039695 -0.093821 0.133492 -0.212805 0.033263 -0.047269 0.284962 -0.027682 0.041355 -0.287038 -0.128063 -0.136947 -0.214784 -0.080898 -0.196829 0.203017 -0.050696 -0.108832 0.105172 -0.060443 -0.195711 0.099998 -0.289471 -0.213539 -0.118004 -0.047417 -0.261430 -0.155674 -0.100982 0.029147 0.255021 -0.152093 0.025497 0.081069 -0.174940
-0.361846 -0.131692 -0.267063 0.251040 0.293933 0.197437 -0.062650 0.233829 0.164254 -0.002527 -0.242105 -0.223743 -0.222074 -0.104933 -0.104671 -0.067248 -0.182522 -0.199328 -0.051839 0.147658 0.425119 0.377028 0.076212 0.197907 0.531268 1.000000 0.333305 0.483561 -0.113129 -0.030772 0.265321 0.634281 -0.117025 0.045607 0.181231 0.305401 -0.267906 0.007560 0.144079 0.292425 -0.059926 0.097003 0.314216 0.227810 0.159680 0.245414 0.088118 0.169674 -0.308263 -0.044266 -0.155797 -0.251762 -0.038708 -0.116535 -0.164709 0.035322 0.098904 0.209754 -0.445202 -0.147644 -0.481524 0.095962 -0.508645 -0.204106 0.101939 0.206784 -0.056372 0.331157 -0.101907 -0.075089 0.164481 0.065276 -0.067508 0.387406 0.210569 0.154021 -0.047309 0.276339 -0.082923 0.056384 -0.112327 -0.256256 -0.063735 -0.090949 -0.247263 0.011288 0.065191 0.119030 -0.059041 -0.096167 -0.121423 -0.207850 -0.074340 -0.169132 -0.079390 -0.107332 0.169755 -0.019414 -0.297577 -0.197574 -0.054865 0.026842 -0.051999 -0.097905 -0.102630 -0.183762 0.021462 -0.242038 -0.208711 -0.181392 0.086008 0.069344 -0.221396 -0.115777 -0.112094 -0.062466
-0.282400 0.142043 0.095391 0.274808 0.335140 0.291620 0.112793 0.195015 -0.070528 -0.000934 -0.217832 -0.232113 -0.071542 0.002036 0.164908 -0.016295 -0.387353 -0.214771 0.016638 0.152733 0.408834 0.240997 0.166233 0.134635 0.534568 0.333305 1.000000 0.533211 -0.233744 -0.332251 0.196267 0.294995 -0.229911 0.048636 0.314616 0.134176 -0.128924 -0.146455 0.310271 0.149823 -0.010699 -0.041572 0.184670 -0.181645 -0.118416 -0.070521 -0.005092 -0.104267 -0.318828 -0.310393 -0.099810 -0.510019 -0.192823 -0.248162 -0.136004 -0.152879 -0.086794 0.135273 -0.234535 -0.188496 -0.209583 -0.093912 -0.458038 -0.335744 0.159234 0.267545 0.203985 0.434716 -0.264412 -0.171125 0.093133 0.144994 -0.435717 0.206532 -0.020955 -0.070441 -0.092116 0.266843 -0.087862 -0.083012 -0.167260 -0.150457 -0.060021 0.038112 -0.120008 0.220152 -0.106343 0.137209 0.016212 -0.133349 -0.060920 0.108431 0.068629 0.062768 -0.029623 -0.197172 -0.125411 0.000872 -0.430549 -0.136621 -0.064951 0.025638 0.454865 -0.069633 -0.001030 0.225895 -0.042916 -0.225343 0.077516 -0.118569 0.099970 0.035359 -0.204755 -0.145754 0.294641 -0.124021
-0.062349 0.014947 -0.117117 0.302441 0.104853 0.083302 -0.072014 -0.039407 -0.093676 -0.257902 -0.221484 -0.084770 -0.104550 -0.062713 0.016739 -0.105196 -0.305559 -0.017636 -0.289284 -0.086673 0.465364 0.621278 0.296285 0.190713 0.610161 0.483561 0.533211 1.000000 -0.226957 -0.415197 0.243919 0.522759 -0.293447 -0.132790 0.364302 0.284934 -0.305719 0.129692 0.121761 0.244562 -0.007398 0.040890 0.261826 0.120085 -0.155698 0.002091 0.185789 0.126906 -0.342588 -0.093465 0.095781 -0.146421 -0.023048 -0.110868 -0.053145 -0.051330 0.061874 0.241280 -0.411498 -0.256542 -0.346982 -0.046310 -0.620226 -0.398038 0.281231 0.209496 -0.129239 0.374337 -0.164361 -0.255092 0.227792 0.153702 -0.423510 0.323413 0.123857 0.035456 0.150421 0.335479 0.001136 -0.043147 -0.161388 -0.151758 -0.127185 0.059602 -0.163167 0.022585 0.086872 0.390644 0.184434 0.019592 -0.208827 -0.100370 -0.072768 -0.157405 0.061156 -0.237968 0.283946 0.165826 -0.319461 -0.251387 -0.172715 -0.064426 0.168217 -0.205310 -0.021271 -0.012151 -0.143495 -0.269302 -0.075188 -0.089653 0.227578 -0.038977 -0.169273 -0.127301 0.032477 -0.155001
0.005308 -0.313731 -0.247541 -0.387006 -0.208711 0.022166 -0.284034 -0.503160 -0.197914 -0.180212 -0.008851 -0.112044 -0.207349 -0.271278 0.159982 0.257651 0.423657 0.243973 0.196576 0.320394 0.103767 0.159889 0.165831 0.094754 -0.035370 -0.113129 -0.233744 -0.226957 1.000000 0.478118 0.316712 0.094332 0.392034 0.353436 -0.141514 -0.136044 0.263355 0.084619 0.056297 -0.124179 0.246303 0.286648 -0.190772 -0.128942 0.037107 -0.072799 0.021805 -0.164673 0.013871 -0.093683 -0.508514 -0.298361 -0.204090 -0.002083 -0.019849 0.165254 0.004372 -0.047638 -0.200147 -0.173092 -0.083025 -0.262791 0.368646 0.144726 -0.012710 -0.584695 -0.175599 -0.374514 -0.013832 0.028180 0.109540 0.034806 0.558474 0.043179 0.261211 0.411708 0.287438 0.280720 0.321107 0.296623 0.370539 0.444265 0.297965 0.495207 0.189789 0.184104 0.032980 0.053603 -0.153421 -0.035510 -0.081154 -0.079751 -0.179353 -0.158722 -0.045424 -0.054702 -0.092284 -0.142934 0.055314 0.148197 -0.099212 -0.088004 -0.148190 0.068418 -0.270974 -0.250882 0.072228 -0.137456 -0.161589 -0.220046 -0.241001 -0.012456 0.136029 0.014883 -0.265451 -0.175222
-0.197373 -0.236261 -0.137927 -0.411691 0.099559 0.003358 -0.306862 -0.132351 0.086801 0.286032 0.190069 0.106184 0.060887 0.224749 0.061046 0.332210 0.460283 0.181067 0.037908 0.043157 -0.098383 -0.233716 -0.338528 -0.294042 -0.267112 -0.030772 -0.332251 -0.415197 0.478118 1.000000 0.105426 -0.044588 0.592142 0.381713 -0.213189 0.005944 0.402070 0.016624 -0.009188 -0.162616 0.242902 0.320615 -0.359752 -0.019602 0.205685 0.110405 -0.295935 -0.081773 0.067122 -0.132323 -0.338078 -0.228655 -0.186460 -0.020726 -0.012489 0.073703 -0.036814 -0.160573 0.022889 0.039178 0.170274 0.144597 0.437038 0.411773 -0.304059 -0.177112 -0.053124 -0.110127 0.133373 0.242183 0.143210 -0.001109 0.673734 0.067606 0.261163 0.170740 0.245637 0.061066 0.130942 0.346193 0.103848 0.337350 0.176002 0.133824 0.043715 0.003339 -0.032680 -0.273839 -0.226444 -0.035843 -0.102496 -0.359612 -0.212608 -0.229391 -0.043342 0.096596 -0.159591 -0.131304 -0.011426 -0.138233 -0.104347 0.157036 -0.291404 -0.029335 -0.000763 -0.288247 0.336405 0.143180 -0.133837 -0.141543 -0.040971 0.082098 -0.153869 0.031523 -0.410784 -0.176200
-0.193395 -0.387859 -0.175437 -0.016181 0.141203 -0.032656 0.050314 -0.084214 -0.004950 -0.105865 -0.362079 -0.397617 -0.506893 -0.292881 -0.129784 0.105984 -0.176523 -0.038893 -0.024376 0.401282 0.415961 0.249847 0.440652 0.337376 0.425086 0.265321 0.196267 0.243919 0.316712 0.105426 1.000000 0.644870 -0.038965 0.212348 0.095851 0.088736 0.007536 -0.020834 -0.060178 0.043819 0.118813 0.057054 -0.006634 0.014829 0.122092 0.202518 0.103803 0.114345 -0.223606 0.117783 -0.265336 -0.191360 -0.038399 0.048480 -0.214277 0.165010 0.051702 0.167368 -0.455209 -0.210780 -0.511008 -0.114681 -0.154879 -0.257362 0.132129 -0.231414 -0.134985 0.014374 -0.222207 -0.333749 0.287583 0.183692 0.112291 0.162933 0.132174 0.133941 0.029300 0.290496 -0.000018 -0.008889 -0.158442 -0.074521 0.057521 0.431063 -0.155656 0.095547 -0.144042 0.125393 -0.118669 -0.028222 -0.024311 0.003226 -0.075351 -0.030006 0.037329 -0.061314 0.001266 -0.146897 0.096474 0.222920 -0.066678 -0.088523 -0.011797 0.123535 -0.229470 -0.260689 0.075354 -0.116540 -0.127405 -0.258853 -0.202589 0.231101 -0.038281 0.039825 -0.181072 -0.067820
-0.266327 -0.110669 -0.264690 0.379011 0.079977 0.077538 0.074379 0.031574 -0.009381 -0.058033 -0.511031 -0.288735 -0.392758 -0.255920 -0.096291 0.035203 -0.232477 -0.118394 -0.091289 0.289886 0.414971 0.458502 0.465956 0.455332 0.684285 0.634281 0.294995 0.522759 0.094332 -0.044588 0.644870 1.000000 -0.137047 0.196792 0.218533 0.163648 -0.180969 0.056503 0.062558 0.126734 0.043562 0.005708 0.132018 0.143897 -0.126208 0.002664 0.150936 0.047188 -0.479496 -0.082780 -0.238870 -0.254547 0.078568 -0.049969 -0.256462 0.053578 0.184407 0.313781 -0.588025 -0.429721 -0.586827 0.056519 -0.473444 -0.331461 0.431477 0.015059 -0.230932 0.149201 -0.261924 -0.369001 0.235201 0.203547 -0.155819 0.299141 0.138503 0.126349 0.007453 0.356096 0.029741 0.117883 -0.170041 -0.235007 -0.069839 0.240946 -0.139793 0.090635 -0.010891 0.228007 0.046252 0.136436 -0.167009 -0.103787 -0.090446 -0.056836 -0.122699 -0.057248 0.007102 -0.251901 -0.152008 -0.011087 -0.133468 -0.111875 0.076159 -0.004029 -0.190200 -0.287139 -0.079462 -0.314782 -0.131326 -0.247612 -0.014816 0.189106 -0.261267 0.027433 -0.086535 -0.112613
-0.109011 0.040815 0.013784 -0.439583 0.018886 0.186815 -0.115643 -0.189449 -0.141166 -0.009745 0.114452 -0.010358 -0.056525 -0.092658 0.038009 0.230018 0.372011 0.214947 0.177688 0.157215 -0.320137 -0.172264 -0.214639 -0.265042 -0.227954 -0.117025 -0.229911 -0.293447 0.392034 0.592142 -0.038965 -0.137047 1.000000 0.366129 0.017227 -0.143045 0.315880 0.020743 -0.091176 -0.257089 0.106775 0.148744 -0.379845 -0.127404 0.043294 -0.088056 -0.302061 -0.304469 0.067584 -0.123438 -0.320048 -0.193413 -0.341865 -0.047120 -0.050469 0.108859 0.001014 0.061303 0.143218 0.170573 0.166944 0.030729 0.438073 0.334027 -0.120965 -0.364547 0.203197 -0.184993 0.152745 0.199574 -0.117577 -0.315503 0.485811 -0.076454 0.086300 -0.084935 0.311058 0.049415 0.145199 0.324899 0.145528 0.290409 0.228738 0.144086 0.118512 0.097313 0.065426 -0.187552 -0.188282 -0.121835 -0.189245 -0.299812 -0.248543 -0.118028 -0.088162 -0.083424 -0.205361 -0.154856 -0.036855 0.060850 -0.078254 -0.060893 -0.236413 -0.079564 -0.119245 0.002311 0.277636 0.146194 -0.125434 -0.141466 0.010074 0.033567 -0.030129 0.005523 -0.157008 -0.173771
-0.089654 -0.056961 -0.165735 -0.113887 0.283238 0.150659 -0.121083 -0.078189 0.227660 0.354559 0.024953 -0.012901 0.022328 -0.018390 0.104776 0.281023 0.168243 0.173093 0.055856 0.370849 0.050622 -0.099022 -0.285156 -0.055151 -0.016209 0.045607 0.048636 -0.132790 0.353436 0.381713 0.212348 0.196792 0.366129 1.000000 0.258906 0.166285 0.340567 0.024454 0.107182 -0.210717 0.188042 0.146022 -0.265693 -0.292470 -0.094165 -0.189919 -0.220757 -0.272617 -0.211075 -0.204553 -0.479523 -0.423208 -0.321174 -0.172717 -0.181428 -0.082824 0.070274 0.049374 -0.003618 -0.064731 0.095190 0.056599 0.228276 0.059451 0.000333 -0.178330 -0.017898 -0.077964 -0.078967 -0.028865 0.097293 0.298779 0.343771 0.080878 0.180478 0.123550 0.224322 0.240874 0.049520 0.300437 0.089269 0.076571 0.328356 0.201985 -0.054995 0.025484 -0.031266 -0.028832 -0.199245 -0.122670 -0.024545 -0.063226 -0.089167 0.095125 -0.086477 -0.026233 -0.262680 -0.157281 -0.186826 -0.076024 -0.038366 0.029948 0.071409 0.143689 0.011154 -0.040096 0.058199 0.138247 -0.071480 -0.244592 -0.068701 0.008140 -0.219419 -0.020990 0.076312 -0.029648
-0.064282 -0.004398 -0.101863 0.024410 0.240528 0.087160 0.091051 -0.011324 -0.002186 -0.061802 -0.126485 -0.032671 -0.054928 -0.163422 -0.088290 -0.086058 -0.179396 0.010925 -0.220304 0.112248 0.176119 0.123689 0.073858 0.125761 0.240157 0.181231 0.314616 0.364302 -0.141514 -0.213189 0.095851 0.218533 0.017227 0.258906 1.000000 0.514768 0.013714 0.088663 0.205611 -0.151795 0.123889 -0.021229 0.079005 0.017785 -0.023964 0.061596 0.128722 -0.094921 -0.186663 -0.044432 0.016172 -0.145598 -0.334365 -0.081952 -0.090720 -0.067465 0.024134 0.127897 -0.120822 -0.024935 -0.255613 -0.036280 -0.186416 -0.272700 0.166451 0.046662 0.164318 0.385366 -0.193616 -0.114183 0.153077 0.075507 0.004129 0.129111 0.022997 -0.204508 0.212474 0.029277 0.031949 0.041857 0.043437 -0.130763 0.004536 -0.045047 -0.026970 -0.037851 0.046282 0.226615 -0.092219 0.073377 -0.187958 -0.147969 0.066468 -0.071899 -0.003932 -0.075613 -0.031297 -0.027639 -0.258250 -0.053626 0.065288 -0.038944 0.065725 0.068685 -0.014017 0.039283 -0.074038 0.013357 -0.153472 -0.071980 0.030493 -0.074096 -0.262965 -0.151769 0.185627 -0.009127
-0.029821 -0.298140 -0.238546 -0.043663 0.118805 -0.111004 -0.187691 0.099520 0.091110 -0.014161 0.042178 0.102931 0.166792 0.169529 -0.181389 -0.054269 -0.085492 -0.003517 -0.427098 -0.253374 0.227157 0.144524 -0.136297 -0.145950 0.134473 0.305401 0.134176 0.284934 -0.136044 0.005944 0.088736 0.163648 -0.143045 0.166285 0.514768 1.000000 0.130505 0.147049 0.285204 0.063686 0.016635 0.016089 0.109970 0.118262 0.191521 0.307478 0.010576 0.101589 -0.067073 -0.057099 0.076068 -0.071118 -0.322916 -0.216532 0.060735 -0.144279 -0.031972 -0.076919 -0.022165 0.078488 -0.147123 0.087800 -0.058149 -0.119306 -0.060944 0.339350 0.098804 0.506402 0.005346 -0.040045 0.389774 0.196799 0.051174 0.085300 -0.077035 -0.101941 0.085906 0.026418 -0.134888 -0.025232 0.125482 -0.160259 0.040208 -0.228777 -0.165606 -0.086252 0.076495 0.105734 0.032591 -0.012759 -0.194361 -0.233038 0.105996 -0.148796 -0.059939 -0.026683 0.237612 -0.092362 -0.300746 -0.370789 -0.137172 -0.033121 -0.216049 -0.106564 0.086511 -0.161914 -0.003139 -0.004673 -0.189173 -0.029195 0.277682 -0.111596 -0.121065 -0.225459 -0.132516 -0.059673
