1.000000 0.569105 0.034151 -0.217397 -0.064514 -0.310631 -0.300020 -0.466671 -0.268634 -0.464906 -0.050289 0.043362 0.186417 0.103103 -0.047335 -0.251455 -0.166024 -0.047573 0.476815 0.359791 0.270842 0.006939 0.183227 -0.362162 -0.078504 -0.089192 0.238158 0.115470 -0.084940 -0.144597 -0.026898 -0.133159 -0.122217 -0.131690 -0.094701 -0.089388 0.094391 -0.243212 0.062390 -0.102875 0.052733 -0.125433 -0.155574 -0.114309 -0.142280 -0.337691 -0.021118 -0.138026 0.133080 -0.073045 0.087270 0.023874 0.200942 -0.140106 0.261544 0.112570 0.359476 0.374579 0.486605 0.193549 0.335655 -0.230194 0.220247 0.203712 -0.382680 -0.540187 0.152329 -0.236643 0.293293 0.203379 0.135858 0.052987 -0.017704 0.111663 0.315221 0.199323 0.167262 0.106507 0.031791 0.234107 -0.032212 0.020909 0.063817 -0.249297 0.124517 0.106437 0.478313 0.240774 0.244753 0.074635 -0.393085 -0.115541 -0.421216 0.030924 0.119320 0.192643 0.071222 0.354480 -0.119390 0.026041 0.073612 0.061359 -0.021783 -0.051745 -0.114638 0.022722 0.080569 -0.049092 0.070578 -0.132173 0.138721 -0.189299 0.023340 0.050967 -0.096187 -0.016311
0.569105 1.000000 -0.195334 -0.102159 -0.184078 -0.335416 -0.172810 -0.459437 -0.197154 -0.467915 -0.110896 0.009248 -0.066975 -0.103197 -0.174208 -0.208561 -0.172880 0.178204 0.329073 0.197543 -0.128910 -0.259320 0.148068 -0.380916 -0.100926 -0.216305 0.074198 -0.122701 -0.050034 -0.063562 -0.108200 -0.224652 0.007579 -0.389534 -0.336285 -0.475212 0.093786 -0.015462 -0.026987 -0.252522 -0.297388 0.045100 -0.143764 -0.037997 -0.303897 -0.407442 0.040886 -0.167368 0.047972 0.024639 0.161868 0.097762 0.336295 -0.000904 0.350739 0.149200 0.426984 0.663207 0.297782 0.328971 0.251126 0.055017 0.320739 0.514702 -0.411521 -0.448581 0.100484 -0.459670 0.494274 0.077204 0.094952 -0.150222 0.087373 0.192700 0.354201 0.086644 0.227649 0.008907 0.130501 0.409020 0.022806 0.222958 -0.160742 -0.261182 0.115523 0.212585 0.283031 0.031651 0.219418 0.177727 -0.291414 -0.181482 -0.373032 -0.101635 0.080577 0.117459 -0.044446 0.193295 0.097843 0.179476 0.158771 0.017273 0.268997 -0.184138 -0.028682 -0.070978 0.346000 -0.031973 -0.071179 -0.073221 -0.021568 0.020937 0.036194 0.107147 -0.092305 -0.161627
0.034151 -0.195334 1.000000 0.224456 0.082971 0.074802 0.548679 0.130872 0.288731 0.060434 -0.144770 0.159279 -0.004120 -0.010589 0.160905 -0.128617 -0.246106 -0.333390 0.265520 0.197150 0.289549 0.142409 0.549889 0.238155 0.105551 -0.020686 0.222965 0.003720 -0.052617 -0.241900 0.428692 0.166382 0.087966 0.166220 0.500868 0.075434 -0.126066 -0.374224 -0.062591 -0.337260 -0.063070 -0.542993 -0.338590 -0.367500 -0.300934 -0.206961 -0.451579 -0.265743 -0.160686 -0.416628 0.287350 -0.208293 -0.061266 -0.106835 -0.078828 -0.454432 -0.204055 -0.138190 0.133635 -0.056465 -0.143866 -0.221557 -0.259031 -0.312514 0.276301 0.069464 0.011240 0.299334 -0.016120 0.211008 0.102054 0.164574 -0.067377 -0.005426 -0.077330 0.096546 -0.118268 -0.304346 -0.295146 -0.226600 -0.327694 -0.371166 0.023459 -0.019085 0.242636 0.143548 -0.086264 -0.123059 0.186225 0.012830 -0.133891 0.307193 -0.147718 0.100344 0.145816 0.027878 -0.289780 0.080535 -0.446644 -0.044065 0.005175 -0.005765 0.015486 -0.007657 -0.037779 0.052345 0.121461 -0.148863 0.235576 0.033985 0.045464 -0.180811 -0.049970 -0.051108 -0.118392 0.290875
-0.217397 -0.102159 0.224456 1.000000 0.425874 0.448844 0.313025 0.481980 0.502953 0.331038 -0.017539 0.376794 -0.229245 0.177247 0.214042 0.144971 -0.197517 -0.401269 -0.150124 -0.065911 -0.018644 0.019113 0.404263 0.592582 0.266372 0.231444 0.231236 0.243157 -0.215115 -0.307251 0.316212 0.249949 -0.298557 -0.176326 0.060624 -0.091418 -0.449696 -0.315708 -0.088340 -0.345653 -0.181716 -0.306164 -0.248359 -0.203678 -0.345576 -0.208467 -0.307681 -0.243539 -0.137153 -0.240336 0.411275 0.060628 0.163420 0.063737 0.118466 -0.288827 -0.100956 -0.145578 -0.161062 0.155119 -0.300645 0.143420 -0.197670 -0.351400 0.101017 0.511109 -0.363251 0.131348 0.038043 0.035028 0.002922 0.283744 -0.305136 -0.216790 -0.126374 0.023991 -0.433301 -0.301808 -0.215672 -0.110736 -0.508679 -0.460766 0.105780 0.157666 0.075549 0.281240 -0.250547 0.228472 -0.002491 0.500198 -0.055716 -0.222864 0.224653 -0.200653 -0.041110 0.126067 -0.386649 0.026769 -0.339700 -0.456442 -0.169624 -0.194199 -0.178824 -0.453810 -0.193061 -0.308185 -0.070730 -0.169283 0.088667 -0.165239 -0.110000 -0.328896 -0.291551 -0.205492 -0.094477 -0.272575
-0.064514 -0.184078 0.082971 0.425874 1.000000 0.295145 -0.065247 0.048823 0.318158 0.029602 0.045828 0.103487 -0.199086 0.099304 0.270911 0.160890 -0.111944 -0.286205 -0.110028 0.162089 0.105227 0.113890 0.190897 0.327127 0.101584 0.085819 0.334190 0.323787 -0.391475 -0.230603 0.039418 0.003178 -0.248200 -0.074903 -0.012768 0.025091 -0.238053 -0.148856 0.083209 0.038517 -0.093638 -0.207540 0.087682 -0.013001 -0.159625 -0.198774 0.001559 0.048567 0.006543 -0.040911 0.336114 0.227499 0.109401 0.082532 0.177583 -0.058336 -0.098507 -0.138325 0.017017 0.160947 -0.270262 -0.132076 -0.325141 -0.393200 -0.040000 0.096787 -0.123876 0.094075 0.171775 0.230194 0.299019 0.239457 -0.359319 -0.294049 -0.243661 -0.011850 -0.346441 -0.247723 -0.261828 -0.337265 -0.341345 -0.371869 0.265458 0.183117 -0.152175 0.059334 0.075376 0.081808 -0.095460 0.300414 0.064133 0.072709 0.270866 0.106838 -0.252091 0.230713 -0.075768 0.147021 -0.089683 -0.341326 -0.147796 -0.068709 -0.215440 -0.126511 -0.173607 0.091168 0.024123 0.074538 0.103039 -0.044096 0.066284 -0.153885 -0.208144 0.071509 0.056561 0.012690
-0.310631 -0.335416 0.074802 0.448844 0.295145 1.000000 0.351400 0.695614 0.486578 0.717138 0.117261 0.356180 0.260291 0.293228 0.249905 0.476163 -0.084035 -0.238595 -0.560546 -0.288096 0.168184 0.190070 -0.102261 0.442629 0.324748 0.431703 -0.119219 0.205861 -0.179634 0.066936 0.191153 0.292543 -0.153689 0.208637 -0.056656 0.340665 -0.364283 -0.133874 -0.259306 -0.115357 -0.027401 -0.048597 -0.012617 -0.040606 0.106795 0.180913 -0.041909 -0.062133 0.090152 -0.002709 0.052378 -0.036212 -0.018861 0.089006 -0.200303 -0.296219 -0.233778 -0.383234 -0.298155 -0.172710 -0.067570 0.271332 -0.023297 -0.230463 0.239143 0.589447 -0.490375 0.218406 -0.243405 -0.147037 -0.022715 0.270798 -0.180104 -0.176243 -0.289412 0.134615 -0.428000 -0.134907 -0.441034 -0.277511 -0.413058 -0.413200 0.011682 0.353553 -0.373649 -0.254227 -0.202443 -0.007888 -0.405694 0.111257 0.289812 -0.014972 0.480612 0.051934 -0.066118 0.101478 -0.251506 -0.186425 -0.197047 -0.518627 0.087183 -0.138200 -0.136706 -0.375615 -0.198728 -0.189733 -0.099555 0.050691 0.091595 -0.109188 -0.051596 -0.149072 -0.015019 -0.227962 0.032078 0.026788
-0.300020 -0.172810 0.548679 0.313025 -0.065247 0.351400 1.000000 0.483108 0.398671 0.421079 -0.156203 0.285360 0.078246 0.084142 0.114734 0.094119 -0.260835 -0.256791 0.042423 -0.048385 0.290314 0.089798 0.259333 0.311537 0.155071 0.041147 -0.136265 -0.134445 0.102324 0.171949 0.597846 0.447186 0.139796 0.296977 0.289114 0.145633 -0.266762 -0.237102 -0.296518 -0.410877 0.022162 -0.287364 -0.232769 -0.266552 -0.053078 0.061526 -0.363976 -0.338698 -0.171899 -0.130348 -0.010745 -0.136865 -0.160621 -0.014018 -0.192893 -0.467764 -0.362849 -0.294989 -0.150606 -0.075002 -0.112496 0.215720 0.006343 -0.088842 0.426413 0.370493 -0.232143 0.134360 -0.238319 -0.223559 -0.063392 0.109236 0.117329 0.016229 -0.171781 0.127267 -0.263646 -0.116185 -0.391448 -0.151204 -0.334382 -0.352079 -0.025164 0.344268 -0.016748 -0.111455 -0.276522 -0.177924 -0.150521 0.025003 0.107611 0.203662 0.034507 0.011519 0.090822 0.012321 -0.498280 -0.163947 -0.274893 0.045640 0.174548 0.018859 0.176904 -0.236984 -0.075655 -0.157908 0.175637 0.082020 0.155484 0.121134 -0.259491 -0.128068 -0.113529 -0.355790 0.049882 0.106065
-0.466671 -0.459437 0.130872 0.481980 0.048823 0.695614 0.483108 1.000000 0.236474 0.710298 0.123995 0.329258 0.162717 0.295144 0.093434 0.336454 -0.077848 -0.363810 -0.409191 -0.312463 0.068151 0.180740 -0.175599 0.481110 0.241773 0.303183 -0.135672 0.063022 -0.009586 0.085299 0.282259 0.385356 -0.049456 0.324767 0.071455 0.197365 -0.375473 -0.039149 -0.198017 -0.178889 0.114711 -0.040313 -0.146498 -0.080797 0.028651 0.253356 -0.128129 -0.070765 -0.061417 -0.046010 -0.062819 -0.086071 -0.148630 0.006979 -0.265093 -0.223027 -0.284555 -0.518714 -0.355382 -0.065946 -0.073393 0.347183 -0.034193 -0.191088 0.363518 0.662289 -0.465057 0.383305 -0.428548 -0.269486 -0.100636 0.207691 -0.107660 -0.059588 -0.229604 0.161099 -0.434577 -0.132113 -0.410096 -0.387696 -0.368345 -0.490305 0.034049 0.342518 -0.292194 -0.227121 -0.335195 0.030859 -0.299456 0.050837 0.264266 -0.044711 0.486333 -0.009392 -0.000024 0.002817 -0.218302 -0.215086 -0.197070 -0.435014 0.078191 0.044770 -0.021655 -0.212044 -0.191060 -0.182188 -0.075748 0.089339 0.017940 -0.110279 -0.162154 -0.186876 0.001992 -0.222245 -0.037795 0.004991
-0.268634 -0.197154 0.288731 0.502953 0.318158 0.486578 0.398671 0.236474 1.000000 0.543608 -0.110974 0.156276 0.107020 0.177482 0.383031 0.531432 -0.152292 -0.134429 -0.310727 -0.135803 0.117650 0.133091 0.288697 0.503215 0.314195 0.348273 0.095031 0.164999 -0.175952 0.006917 0.309538 0.239181 -0.241590 0.057760 -0.065804 0.055880 -0.158501 -0.233216 -0.205469 -0.061517 -0.041975 -0.184521 -0.094320 -0.172788 -0.148544 -0.110842 -0.321790 -0.282159 -0.113149 -0.267410 0.202114 -0.052894 -0.006097 0.034702 -0.077214 -0.487875 -0.195756 -0.141758 -0.133258 -0.115566 -0.094808 0.078479 -0.097444 -0.261488 0.149249 0.355497 -0.217968 0.002192 0.105272 0.144885 0.036088 0.209702 -0.224131 -0.117985 -0.133590 0.034381 -0.253826 -0.313385 -0.244170 -0.080564 -0.336017 -0.251523 0.006028 0.193674 -0.109814 0.081308 -0.154420 -0.148493 -0.255526 0.132487 0.036809 0.142103 0.116953 0.009435 -0.065092 0.038872 -0.468485 -0.066083 -0.341891 -0.208017 -0.136734 -0.161408 -0.144982 -0.387975 -0.247100 -0.154501 -0.081929 -0.252522 0.208063 -0.146826 0.009790 -0.029586 -0.231950 -0.163273 0.006120 0.207417
-0.464906 -0.467915 0.060434 0.331038 0.029602 0.717138 0.421079 0.710298 0.543608 1.000000 0.023050 0.156474 0.374297 0.242921 0.303080 0.636322 -0.012191 -0.137302 -0.448355 -0.179720 0.033423 0.098359 -0.249516 0.477266 0.126879 0.278901 -0.276566 -0.037145 0.089527 0.280413 0.082944 0.216935 0.030599 0.425645 -0.055176 0.319442 -0.167447 -0.097962 -0.197790 -0.047634 0.174163 0.033039 -0.109867 -0.203730 0.109707 0.180575 -0.245240 -0.203647 -0.160119 -0.159207 -0.255402 -0.286237 -0.221956 -0.084833 -0.298710 -0.373484 -0.336958 -0.416811 -0.391368 -0.207381 -0.012904 0.323066 -0.054961 -0.178062 0.354564 0.515271 -0.345523 0.281772 -0.290715 -0.013840 -0.114422 0.271908 -0.000642 -0.142018 -0.212624 0.151708 -0.405892 -0.184675 -0.322977 -0.163781 -0.171085 -0.234649 -0.050266 0.402061 -0.335401 -0.164547 -0.363842 -0.041921 -0.359257 0.025869 0.337978 0.210306 0.489713 0.055799 -0.018226 -0.030081 -0.331941 -0.131300 -0.309753 -0.256018 0.107204 0.064307 -0.080468 -0.213582 -0.161879 -0.057347 -0.287404 0.079224 0.041924 -0.084162 -0.038054 -0.146461 -0.180854 -0.245853 -0.005801 0.152488
-0.050289 -0.110896 -0.144770 -0.017539 0.045828 0.117261 -0.156203 0.123995 -0.110974 0.023050 1.000000 0.548745 0.264812 0.498001 0.591049 0.282096 0.843253 0.286634 -0.072553 -0.278055 -0.000349 0.000489 -0.092077 0.067000 -0.258951 -0.066178 -0.230190 -0.007782 0.426021 0.299142 0.067165 0.107260 -0.223045 -0.004056 -0.139015 -0.038681 0.165227 0.327943 -0.105515 0.267072 0.156847 0.153841 0.200634 0.242468 -0.100458 0.077250 0.152258 0.076379 -0.076356 0.049995 -0.225544 -0.022971 -0.031440 0.137557 -0.193475 0.112275 0.331826 -0.186538 -0.249988 -0.202538 0.048160 -0.111036 -0.027380 -0.212709 -0.078580 -0.023200 -0.299981 -0.270183 -0.186700 -0.248384 0.100760 0.104562 0.191446 0.134463 0.026078 0.135547 0.215670 0.323044 0.087500 0.007779 0.187649 -0.068621 0.768225 0.159256 -0.356990 -0.236108 0.045732 -0.074522 -0.373269 -0.222393 -0.030283 -0.155102 0.309913 -0.162340 -0.251725 -0.103144 0.109071 -0.106817 -0.030108 -0.302785 -0.131749 -0.141994 -0.105188 0.065201 -0.029647 -0.173982 -0.094940 -0.049817 -0.050508 -0.023136 0.107395 -0.092241 0.093089 0.248866 -0.005726 -0.093793
0.043362 0.009248 0.159279 0.376794 0.103487 0.356180 0.285360 0.329258 0.156276 0.156474 0.548745 1.000000 0.054081 0.619489 0.370266 0.245597 0.275326 -0.164484 0.055763 -0.163401 0.156436 0.095012 0.284154 0.284233 -0.035397 0.077157 -0.017313 0.051714 0.140873 0.066099 0.441243 0.351388 -0.248234 -0.044770 0.003309 -0.005808 -0.243549 -0.050231 -0.365187 -0.254078 0.036116 -0.116563 -0.025434 0.042154 -0.146902 -0.020139 -0.013912 -0.143922 0.038362 0.020510 0.214336 0.191454 0.129155 0.150727 -0.109043 -0.075775 0.003329 -0.219237 -0.098670 0.005666 -0.181348 0.083718 -0.126146 -0.243594 -0.093529 0.320538 -0.414232 -0.159462 -0.112317 -0.326508 0.043624 0.180873 0.034300 -0.028441 0.010690 0.249399 -0.062604 0.100170 -0.187771 -0.088034 -0.361569 -0.505866 0.552555 0.282464 -0.147855 -0.099423 -0.028967 0.087344 -0.165923 0.120479 -0.058476 -0.276178 0.325666 -0.245800 -0.241705 0.057612 -0.236509 -0.068288 -0.235544 -0.388657 -0.181954 -0.351939 -0.057660 -0.401857 -0.220956 -0.452653 -0.054370 -0.237194 -0.015855 -0.144821 -0.018114 -0.265830 0.004578 -0.120797 -0.108192 -0.121025
0.186417 -0.066975 -0.004120 -0.229245 -0.199086 0.260291 0.078246 0.162717 0.107020 0.374297 0.264812 0.054081 1.000000 0.325745 0.464464 0.411045 0.190139 0.122040 -0.219867 -0.211152 0.167567 -0.032492 -0.320159 -0.079883 0.081323 0.141565 -0.232320 0.128922 0.220598 0.368433 -0.071752 -0.025848 0.193402 0.373341 -0.221115 0.330433 0.219259 0.096199 0.006385 0.119453 0.308055 -0.000899 0.192842 0.113921 0.239203 0.262172 0.036574 0.087404 0.059714 0.134754 -0.559870 -0.312559 -0.229726 -0.164881 -0.357891 -0.188469 0.019780 -0.227288 -0.100479 -0.421798 0.322407 -0.144463 0.282344 0.052596 0.068035 -0.150876 -0.251287 -0.045935 -0.230649 -0.031325 0.118650 0.121067 0.128930 0.113558 0.108941 0.265379 0.074952 0.295969 -0.168225 0.033589 0.089623 -0.030532 0.018579 -0.018545 -0.240010 -0.485712 0.211289 -0.177794 -0.225603 -0.507109 0.105566 0.300513 0.201025 0.277662 -0.072536 -0.169997 -0.015171 -0.028315 -0.157595 0.054374 0.250005 0.257566 -0.017658 0.109666 0.005698 0.048591 -0.027660 0.019216 0.107344 0.102872 0.217286 0.173868 0.086422 0.135945 0.007972 0.208395
0.103103 -0.103197 -0.010589 0.177247 0.099304 0.293228 0.084142 0.295144 0.177482 0.242921 0.498001 0.619489 0.325745 1.000000 0.328310 0.423205 0.289869 -0.028649 -0.042633 -0.164654 0.107769 0.026830 -0.039792 0.158040 -0.150425 -0.018509 -0.118812 -0.017580 0.233710 0.292414 0.112543 0.069884 -0.203949 0.124037 -0.112993 0.086513 -0.058144 0.017192 -0.393300 0.046017 0.157731 0.029489 -0.036172 -0.072823 0.118587 0.089040 -0.034089 -0.104360 0.116011 0.124399 -0.167377 -0.030409 -0.181902 -0.098402 -0.232097 -0.055439 -0.046294 -0.351444 -0.042308 -0.074521 0.083612 0.166548 -0.076289 -0.139165 0.062736 0.169022 -0.234110 -0.002501 -0.230199 -0.256372 -0.084881 0.096266 0.097238 0.104109 -0.008043 0.066112 -0.073556 0.207974 -0.164712 -0.065181 -0.128070 -0.295397 0.477851 0.368056 -0.147672 -0.223027 0.080780 0.047811 -0.203653 -0.026009 -0.094622 -0.063380 0.307194 0.043413 -0.279444 -0.075367 -0.132239 0.014048 -0.334672 -0.266239 -0.026757 -0.084257 -0.036345 -0.091139 -0.118232 -0.244203 -0.072315 -0.190757 0.132099 -0.091663 0.032181 -0.149516 -0.011945 -0.022214 -0.170793 0.020350
-0.047335 -0.174208 0.160905 0.214042 0.270911 0.249905 0.114734 0.093434 0.383031 0.303080 0.591049 0.370266 0.464464 0.328310 1.000000 0.430848 0.487656 0.077498 -0.075827 -0.153664 0.244215 0.075269 0.236928 0.320563 0.063715 0.197031 0.044788 0.241423 0.232555 0.179972 0.215330 0.171914 -0.164592 0.126468 0.001697 0.109144 0.068343 -0.027074 0.046377 0.142857 0.123194 -0.073005 0.175140 0.058065 -0.188983 -0.030087 -0.145532 -0.110512 -0.158273 -0.102197 -0.135940 -0.139715 0.057575 -0.045084 -0.214589 -0.324118 0.004727 -0.242276 -0.356504 -0.344507 -0.017770 -0.266231 -0.183893 -0.458865 0.029541 0.024921 -0.325213 -0.226751 -0.053833 0.029819 0.208840 0.292723 0.016065 -0.032942 0.034267 0.128064 0.062703 0.139841 -0.049725 -0.022653 -0.067750 -0.223958 0.564339 0.136447 -0.171049 -0.151652 0.067860 -0.165001 -0.273490 -0.196738 -0.056986 0.118165 0.294824 -0.006111 -0.209555 -0.078422 -0.151375 0.047716 -0.321980 -0.277303 -0.081563 -0.164697 -0.129471 -0.117124 -0.107542 -0.089326 -0.157559 -0.137523 0.129079 -0.067002 0.151139 -0.159809 -0.089368 0.053751 0.094138 0.067886
-0.251455 -0.208561 -0.128617 0.144971 0.160890 0.476163 0.094119 0.336454 0.531432 0.636322 0.282096 0.245597 0.411045 0.423205 0.430848 1.000000 0.288192 0.173387 -0.412012 -0.190648 0.010447 0.039698 -0.297616 0.257199 0.085620 0.201720 -0.250696 -0.039237 0.191870 0.439512 0.052312 0.179874 -0.074020 0.271607 -0.257528 0.190878 0.240043 0.178966 -0.134340 0.267735 0.206517 0.224569 -0.011376 -0.125855 -0.001383 0.020776 -0.116592 -0.197357 -0.169867 -0.080293 -0.319531 -0.229941 -0.196613 -0.081684 -0.276224 -0.310330 -0.030244 -0.261368 -0.177367 -0.130213 0.092215 0.160246 -0.017038 -0.086652 0.013895 0.244728 -0.179853 -0.035214 -0.066052 0.047462 0.028591 0.136239 0.132411 -0.181902 -0.128764 0.156854 -0.177308 -0.050674 -0.101979 -0.014251 0.011091 0.001945 0.204840 0.436876 -0.387981 -0.152488 -0.197346 -0.084543 -0.398189 -0.050475 0.140962 -0.034067 0.415051 -0.007897 -0.056384 0.068468 -0.182907 -0.061382 -0.196825 -0.297769 0.026646 -0.002061 -0.112883 -0.202372 -0.103291 -0.171773 -0.306172 -0.088814 0.191594 -0.012803 0.072801 -0.049228 -0.180619 0.017964 -0.009074 0.096011
-0.166024 -0.172880 -0.246106 -0.197517 -0.111944 -0.084035 -0.260835 -0.077848 -0.152292 -0.012191 0.843253 0.275326 0.190139 0.289869 0.487656 0.288192 1.000000 0.561256 0.002420 -0.141564 -0.141197 -0.038675 -0.240758 -0.106538 -0.395197 -0.210641 -0.375608 -0.183112 0.631472 0.455488 -0.085853 -0.011008 -0.016681 0.035227 -0.118550 -0.026353 0.406184 0.378323 0.015462 0.351820 0.184941 0.264680 0.177343 0.181603 -0.034978 0.083177 0.087914 -0.014624 -0.211528 0.015810 -0.379957 -0.146798 -0.159542 0.063711 -0.242909 0.110577 0.318144 -0.137643 -0.252630 -0.236141 0.183544 -0.056802 -0.014512 -0.097854 -0.007670 -0.057960 -0.087169 -0.291358 -0.157593 -0.178645 0.054258 -0.009915 0.378127 0.085684 0.014203 0.100135 0.314929 0.304500 0.325458 0.184987 0.505704 0.278629 0.675919 0.187069 -0.253781 -0.148939 -0.029785 -0.109845 -0.300734 -0.299376 -0.052785 -0.134666 0.226546 -0.220812 -0.129485 -0.161125 0.109800 -0.178108 0.053865 -0.095044 -0.089913 -0.108839 -0.079827 0.183067 0.076980 -0.154137 -0.203873 -0.081957 0.000528 0.082447 0.009027 -0.020201 0.061239 0.321375 0.087582 -0.085701
-0.047573 0.178204 -0.333390 -0.401269 -0.286205 -0.238595 -0.256791 -0.363810 -0.134429 -0.137302 0.286634 -0.164484 0.122040 -0.028649 0.077498 0.173387 0.561256 1.000000 -0.019866 -0.024472 -0.185335 -0.037626 -0.367878 -0.348343 -0.311702 -0.306041 -0.441616 -0.298969 0.454230 0.479439 -0.285580 -0.213301 0.214454 0.068747 -0.279711 -0.166733 0.526160 0.365279 -0.112686 0.265673 -0.047790 0.390609 0.024722 -0.017242 -0.005721 -0.024181 -0.071173 -0.204888 -0.349871 -0.006748 -0.392477 -0.324078 -0.160135 -0.228354 -0.281688 -0.036255 0.423008 0.304689 -0.059511 -0.057338 0.426631 0.180425 0.404890 0.435147 0.128726 -0.240914 0.144302 -0.346170 -0.024269 -0.094562 -0.079407 -0.124019 0.435582 0.139293 0.096976 0.038222 0.284252 0.258409 0.475035 0.523110 0.766534 0.745094 0.168831 0.080382 0.005591 -0.003203 0.176259 -0.329085 -0.026699 -0.224613 -0.168122 -0.063144 -0.045107 -0.177334 0.054919 -0.263636 -0.071195 -0.262378 0.049725 0.227347 0.179170 0.164764 0.070459 0.242136 0.284561 0.122759 0.051649 -0.091408 -0.067168 0.199483 -0.274954 0.079523 -0.072442 0.219146 0.159220 0.029634
0.476815 0.329073 0.265520 -0.150124 -0.110028 -0.560546 0.042423 -0.409191 -0.310727 -0.448355 -0.072553 0.055763 -0.219867 -0.042633 -0.075827 -0.412012 0.002420 -0.019866 1.000000 0.568974 0.112477 -0.102140 0.379127 -0.270509 -0.258966 -0.435400 0.032561 -0.273371 0.297890 -0.017857 0.247502 -0.037048 0.284516 -0.095599 0.201985 -0.176894 0.096927 -0.345341 -0.086350 -0.305614 0.050978 -0.285115 -0.277815 -0.274591 -0.221827 -0.441194 -0.220020 -0.247147 -0.029651 -0.149812 0.114831 0.063525 0.003247 -0.193681 0.273199 0.081374 0.030700 0.195992 0.327766 0.302669 0.061516 -0.162361 -0.108166 0.074368 -0.084739 -0.435692 0.305811 -0.194831 0.200593 0.049542 0.048622 -0.163431 0.282395 0.202798 0.281428 0.085143 0.199285 -0.067451 0.033339 0.184596 0.086603 0.025797 0.200449 -0.101331 0.308991 0.238843 0.218709 0.200349 0.375681 0.006172 -0.318608 -0.032067 -0.407714 -0.030351 -0.014993 0.058774 -0.067266 0.200708 -0.051993 0.247108 0.152906 0.041363 0.205419 0.075710 0.091500 -0.023096 0.081828 0.021562 0.029684 0.093111 -0.150961 -0.290584 -0.017380 0.093003 -0.117273 -0.062854
0.359791 0.197543 0.197150 -0.065911 0.162089 -0.288096 -0.048385 -0.312463 -0.135803 -0.179720 -0.278055 -0.163401 -0.211152 -0.164654 -0.153664 -0.190648 -0.141564 -0.024472 0.568974 1.000000 0.006017 0.034437 0.114312 0.012605 -0.362752 -0.353910 0.016941 -0.187346 0.032540 -0.158532 -0.082028 -0.132417 0.167219 0.073673 0.094934 -0.047982 -0.070092 -0.403544 0.052937 -0.099882 -0.189195 -0.333711 -0.275593 -0.352976 -0.225931 -0.343331 -0.274998 -0.214585 -0.181265 -0.186891 0.039076 -0.092826 -0.117273 -0.137067 0.106196 -0.128047 -0.010888 0.182183 0.282057 0.352109 -0.001776 -0.086842 -0.253370 -0.026622 -0.032334 -0.267118 0.277296 0.116563 0.179839 0.532067 0.090838 -0.034184 -0.019716 -0.193533 -0.023620 0.127398 -0.188332 -0.304456 -0.111478 -0.038772 0.016636 0.022891 0.048330 0.102762 0.126387 0.258876 0.071675 0.026287 0.236816 0.127700 -0.024535 0.193156 -0.181932 0.232041 0.204806 0.181003 -0.170583 0.226894 -0.071072 0.209115 0.117218 0.149361 0.154663 0.185770 0.052744 0.320968 0.059507 0.110921 0.012333 0.137657 -0.038430 -0.281544 -0.140339 0.085749 -0.103582 0.054970
0.270842 -0.128910 0.289549 -0.018644 0.105227 0.168184 0.290314 0.068151 0.117650 0.033423 -0.000349 0.156436 0.167567 0.107769 0.244215 0.010447 -0.141197 -0.185335 0.112477 0.006017 1.000000 0.569825 0.269882 0.213254 0.270055 0.396898 0.273855 0.474340 -0.052032 -0.007553 0.463899 0.536293 -0.080042 0.386202 0.162747 0.223045 -0.147222 -0.288888 -0.090670 0.045489 0.066557 -0.078248 -0.055705 -0.093114 -0.006200 0.013506 -0.138447 -0.164321 -0.023237 -0.012693 -0.047767 -0.094697 0.150961 -0.041767 -0.082887 -0.187338 -0.149886 -0.168695 0.040161 -0.069588 0.079193 -0.090912 0.045509 -0.159872 0.015371 -0.018882 -0.126386 -0.018487 -0.178541 -0.149123 0.142021 0.159769 -0.011732 0.070027 0.043218 0.250774 -0.044497 0.097714 -0.237790 -0.148758 -0.288235 -0.261427 0.124283 -0.006221 -0.147357 -0.275551 0.167003 -0.164422 -0.080839 -0.033187 -0.095985 -0.033565 -0.072199 0.029485 -0.051737 0.005494 -0.060770 -0.139793 -0.251308 -0.167678 0.081162 -0.103419 0.043851 -0.010838 0.025070 0.035354 -0.003403 -0.088002 -0.076724 0.048910 -0.150006 -0.129256 0.025532 -0.137919 0.173757 0.143639
0.006939 -0.259320 0.142409 0.019113 0.113890 0.190070 0.089798 0.180740 0.133091 0.098359 0.000489 0.095012 -0.032492 0.026830 0.075269 0.039698 -0.038675 -0.037626 -0.102140 0.034437 0.569825 1.000000 0.111129 0.358618 0.362431 0.436961 0.314467 0.452965 -0.152675 -0.182135 0.297398 0.407622 -0.119949 0.329299 0.115716 0.240436 -0.143086 -0.184718 -0.037031 0.099814 0.123977 0.050843 -0.004281 0.017027 -0.095340 0.013239 -0.113239 -0.145624 -0.104667 -0.123301 0.043807 -0.019532 0.154161 -0.068313 -0.194949 -0.226548 -0.077832 -0.207489 -0.167725 -0.099195 0.087559 0.033270 -0.036233 -0.142707 0.079365 0.074604 -0.176083 0.029961 -0.082991 -0.098969 0.153555 0.482580 -0.188779 0.022934 -0.028756 0.226615 -0.042865 0.086123 -0.085115 -0.157064 -0.250073 -0.265451 0.052191 -0.106190 -0.164946 -0.138893 0.124619 -0.317245 -0.105628 0.031570 -0.051847 -0.021439 0.030898 -0.007170 -0.117366 -0.098533 -0.045440 -0.261479 -0.230884 -0.091997 0.067543 -0.016463 0.126059 0.193319 -0.077027 0.184950 -0.060959 -0.105754 -0.170594 -0.113666 -0.020450 0.013885 0.114279 0.117516 0.040569 0.272100
0.183227 0.148068 0.549889 0.404263 0.190897 -0.102261 0.259333 -0.175599 0.288697 -0.249516 -0.092077 0.284154 -0.320159 -0.039792 0.236928 -0.297616 -0.240758 -0.367878 0.379127 0.114312 0.269882 0.111129 1.000000 0.302808 0.206577 0.077967 0.526230 0.232949 -0.282112 -0.504099 0.429908 0.218924 -0.271971 -0.279255 0.330042 -0.189007 -0.312645 -0.458674 -0.049785 -0.372810 -0.162200 -0.497763 -0.149988 -0.089571 -0.432900 -0.405083 -0.244416 -0.217117 0.028909 -0.223967 0.642328 0.248548 0.302201 0.075250 0.348387 -0.152357 -0.058258 0.146178 0.057875 0.141173 -0.327069 -0.285227 -0.285803 -0.396476 -0.083138 0.007037 0.020246 -0.162146 0.310130 0.169153 0.122251 0.129329 -0.304375 0.079368 0.050647 -0.068297 -0.029625 -0.208808 -0.140446 0.028462 -0.503243 -0.419912 0.110782 -0.245513 0.349805 0.370743 0.062084 0.064577 0.286127 0.242398 -0.321365 -0.109580 -0.330895 -0.188097 -0.120709 -0.017847 -0.202206 0.223791 -0.267413 -0.074723 -0.206984 -0.411982 0.000119 -0.263378 -0.145149 -0.145596 0.081630 -0.278096 0.089595 -0.183003 0.002504 -0.211823 -0.107139 -0.159101 -0.019908 -0.108760
-0.362162 -0.380916 0.238155 0.592582 0.327127 0.442629 0.311537 0.481110 0.503215 0.477266 0.067000 0.284233 -0.079883 0.158040 0.320563 0.257199 -0.106538 -0.348343 -0.270509 0.012605 0.213254 0.358618 0.302808 1.000000 0.221508 0.374084 0.204554 0.300718 -0.290626 -0.318357 0.233521 0.498313 -0.334020 0.285460 0.222803 0.254517 -0.420508 -0.275068 -0.052131 -0.020232 0.022726 -0.265732 -0.092506 -0.144150 -0.203277 0.109788 -0.287750 -0.087134 -0.258437 -0.142064 0.095515 -0.076098 0.052518 0.075343 -0.269662 -0.431932 -0.216297 -0.302665 -0.429394 -0.018975 -0.364207 0.031591 -0.356120 -0.518039 0.250439 0.421097 -0.446731 0.218272 -0.246850 0.173830 0.013251 0.354855 -0.366840 -0.203263 -0.205846 0.018758 -0.380330 -0.223427 -0.215354 -0.323576 -0.476237 -0.455381 0.127644 0.164538 -0.222786 0.007674 -0.233187 -0.169510 -0.236478 0.246068 0.269246 0.175719 0.411962 0.042428 -0.126914 -0.049741 -0.344201 0.030532 -0.408566 -0.378767 -0.111473 -0.283411 -0.097015 -0.152720 -0.128942 0.191619 -0.082712 -0.032586 0.025020 -0.202446 0.081423 -0.164962 -0.170155 -0.145852 0.058261 0.101694
-0.078504 -0.100926 0.105551 0.266372 0.101584 0.324748 0.155071 0.241773 0.314195 0.126879 -0.258951 -0.035397 0.081323 -0.150425 0.063715 0.085620 -0.395197 -0.311702 -0.258966 -0.362752 0.270055 0.362431 0.206577 0.221508 1.000000 0.775563 0.467088 0.561299 -0.433211 -0.292017 0.365180 0.341485 -0.065418 0.081075 0.117060 0.187817 -0.134961 -0.171920 0.100537 0.068122 0.152448 0.050054 0.011579 0.039917 0.009472 0.028860 -0.032393 0.028366 0.100767 -0.066047 0.167101 0.042513 0.200938 -0.026737 0.053243 -0.148139 -0.166622 -0.176570 -0.086137 -0.057390 -0.143490 0.021694 0.054068 -0.144271 -0.156538 0.231246 -0.217051 0.137118 0.029776 -0.134097 0.074793 0.218163 -0.387019 -0.058778 -0.046812 -0.058153 -0.077796 0.046763 -0.151080 -0.034789 -0.434827 -0.303026 -0.342627 -0.272837 0.000975 0.042662 0.073956 0.080731 -0.045441 0.101288 -0.156799 -0.196306 -0.099234 -0.036914 -0.021354 0.126893 0.041657 -0.052537 -0.101457 -0.278617 -0.078943 -0.154769 -0.117969 -0.203659 -0.012666 -0.165004 0.010951 -0.183121 0.182778 -0.155440 0.110605 -0.018188 0.160812 -0.163265 -0.047316 -0.007552
-0.089192 -0.216305 -0.020686 0.231444 0.085819 0.431703 0.041147 0.303183 0.348273 0.278901 -0.066178 0.077157 0.141565 -0.018509 0.197031 0.201720 -0.210641 -0.306041 -0.435400 -0.353910 0.396898 0.436961 0.077967 0.374084 0.775563 1.000000 0.411609 0.649948 -0.368610 -0.211832 0.230425 0.418904 -0.260727 0.164681 0.053856 0.305570 -0.102534 -0.130287 0.099269 0.281682 0.170055 0.194047 0.115566 0.128170 0.027833 0.194431 0.006719 0.057020 0.117769 -0.071808 0.047207 -0.052323 0.288995 0.058221 -0.094026 -0.220844 -0.108658 -0.246944 -0.201623 -0.178241 -0.105792 -0.000215 0.075505 -0.218624 -0.222944 0.296205 -0.260783 0.141142 -0.140436 -0.153213 0.049431 0.239441 -0.388348 -0.066203 0.008523 0.052548 -0.057033 0.057317 -0.113906 -0.198644 -0.353773 -0.271284 -0.207896 -0.186724 -0.167426 -0.081222 0.021771 0.021571 -0.208867 0.049610 -0.053545 -0.221122 0.121897 -0.048771 0.012950 0.004876 0.000255 -0.139095 -0.164202 -0.411117 -0.243608 -0.313240 -0.169499 -0.158003 -0.128597 -0.212877 -0.171142 -0.294022 -0.075731 -0.237082 0.166611 -0.019456 0.163449 -0.098881 -0.023355 0.078253
0.238158 0.074198 0.222965 0.231236 0.334190 -0.119219 -0.136265 -0.135672 0.095031 -0.276566 -0.230190 -0.017313 -0.232320 -0.118812 0.044788 -0.250696 -0.375608 -0.441616 0.032561 0.016941 0.273855 0.314467 0.526230 0.204554 0.467088 0.411609 1.000000 0.651319 -0.594521 -0.635596 0.056447 0.046312 -0.294682 -0.078426 0.203587 -0.043748 -0.206475 -0.327761 0.198259 0.011751 -0.010745 -0.172546 -0.038215 0.001153 -0.267392 -0.142372 -0.066163 0.028495 0.017754 -0.147991 0.420769 0.145491 0.372951 0.045916 0.300638 -0.051945 -0.103504 0.078816 0.073626 0.140982 -0.262613 -0.236072 -0.147568 -0.226742 -0.229851 0.008015 -0.015754 0.110246 0.307691 0.173569 0.232107 0.241732 -0.551816 -0.217790 -0.160528 -0.081780 0.025750 -0.109245 -0.035347 -0.094086 -0.431961 -0.342622 -0.102684 -0.443337 0.118674 0.198512 0.262744 0.128578 0.264000 0.269922 -0.206801 0.002148 -0.050315 0.079809 -0.190097 0.083015 0.083722 0.366438 -0.210624 -0.155846 -0.204205 -0.187866 -0.142772 -0.002742 -0.159301 0.096171 -0.011279 -0.261642 0.068418 -0.232374 0.302062 -0.085257 -0.084736 -0.011723 0.033719 -0.056232
0.115470 -0.122701 0.003720 0.243157 0.323787 0.205861 -0.134445 0.063022 0.164999 -0.037145 -0.007782 0.051714 0.128922 -0.017580 0.241423 -0.039237 -0.183112 -0.298969 -0.273371 -0.187346 0.474340 0.452965 0.232949 0.300718 0.561299 0.649948 0.651319 1.000000 -0.445628 -0.424892 0.067224 0.211791 -0.325687 0.074236 -0.009444 0.181302 -0.216022 -0.248684 0.181219 0.278955 0.042484 0.010311 0.152738 0.237378 -0.032813 0.170725 0.061559 0.202109 0.087713 0.054150 0.138886 0.084679 0.271542 0.060269 0.007893 -0.053556 -0.091176 -0.200272 -0.046645 -0.168204 -0.132455 -0.232889 -0.011261 -0.370720 -0.184792 0.111261 -0.316840 0.154459 -0.006064 0.002051 0.190116 0.243728 -0.513036 -0.207414 -0.123409 0.112664 -0.058763 0.127492 -0.102030 -0.107176 -0.388022 -0.320342 -0.010659 -0.378000 -0.087878 -0.088568 0.271497 -0.062062 0.012080 0.048758 -0.049586 -0.042037 0.098171 0.062291 -0.145829 0.065786 0.163167 0.040946 -0.133691 -0.227876 -0.112474 -0.207795 -0.125835 -0.025620 -0.028510 0.057509 -0.032327 -0.247708 -0.118122 -0.075034 0.229031 0.068249 0.088355 0.047534 0.110463 -0.031698
-0.084940 -0.050034 -0.052617 -0.215115 -0.391475 -0.179634 0.102324 -0.009586 -0.175952 0.089527 0.426021 0.140873 0.220598 0.233710 0.232555 0.191870 0.631472 0.454230 0.297890 0.032540 -0.052032 -0.152675 -0.282112 -0.290626 -0.433211 -0.368610 -0.594521 -0.445628 1.000000 0.653927 0.125892 0.027140 0.244390 0.059831 -0.126593 -0.126766 0.462675 0.168322 -0.070041 -0.023001 0.183785 0.160251 -0.087050 -0.078864 0.018953 -0.007195 -0.141244 -0.184519 -0.221914 -0.067585 -0.490326 -0.324145 -0.306088 -0.191157 -0.225786 -0.050344 0.076380 -0.144964 -0.120293 -0.259228 0.327581 0.111179 0.094730 0.126558 0.254445 -0.162789 -0.011115 -0.270021 -0.265382 -0.333316 -0.255004 -0.220504 0.733407 0.205712 0.217535 0.197814 0.200159 0.298938 0.226669 0.204091 0.585563 0.328409 0.392204 0.392638 0.066087 -0.101310 -0.110885 -0.042674 -0.038848 -0.279402 -0.057669 -0.076941 -0.025738 -0.153904 0.072732 -0.165671 -0.039253 -0.274934 0.018369 0.060452 0.176083 0.186280 0.167191 0.116201 0.160375 -0.261253 -0.180103 -0.003048 -0.018102 0.170750 -0.191810 -0.058635 0.058703 0.245881 -0.014957 0.025955
-0.144597 -0.063562 -0.241900 -0.307251 -0.230603 0.066936 0.171949 0.085299 0.006917 0.280413 0.299142 0.066099 0.368433 0.292414 0.179972 0.439512 0.455488 0.479439 -0.017857 -0.158532 -0.007553 -0.182135 -0.504099 -0.318357 -0.292017 -0.211832 -0.635596 -0.424892 0.653927 1.000000 0.053362 0.080126 0.256219 0.280805 -0.050975 0.091540 0.468129 0.339296 -0.227980 0.103680 0.282441 0.321142 0.077310 -0.059384 0.327204 0.220628 -0.000102 -0.187980 -0.066259 0.196379 -0.553975 -0.230048 -0.337817 -0.117428 -0.314041 0.032986 0.012536 -0.164582 -0.234626 -0.256151 0.306199 0.159715 0.268160 0.260006 0.126262 -0.081535 -0.005457 -0.206472 -0.334774 -0.405852 -0.078057 -0.160017 0.641531 0.242320 0.115740 0.202059 0.126945 0.283377 0.106165 0.172529 0.490185 0.346193 0.180190 0.509920 -0.258860 -0.336321 -0.162605 -0.112111 -0.414465 -0.286094 0.087427 -0.017355 0.074450 -0.097156 0.058051 -0.009728 -0.111294 -0.279429 0.034845 0.102876 0.148114 0.246372 0.080408 -0.032072 0.012871 -0.224332 -0.054435 0.113173 0.097341 0.160104 -0.260253 0.067739 0.038984 0.010997 0.136054 0.049068
-0.026898 -0.108200 0.428692 0.316212 0.039418 0.191153 0.597846 0.282259 0.309538 0.082944 0.067165 0.441243 -0.071752 0.112543 0.215330 0.052312 -0.085853 -0.285580 0.247502 -0.082028 0.463899 0.297398 0.429908 0.233521 0.365180 0.230425 0.056447 0.067224 0.125892 0.053362 1.000000 0.697737 -0.030527 0.099656 0.269297 0.034435 -0.272597 -0.191326 -0.234419 -0.248836 0.079525 -0.211310 -0.135512 -0.099567 -0.169270 -0.170956 -0.183972 -0.203506 -0.013528 -0.182809 0.206905 0.105112 0.023322 0.079179 -0.079384 -0.160831 -0.230566 -0.314540 0.006137 -0.019131 -0.208287 -0.005627 -0.131876 -0.227754 0.015337 0.144038 -0.203928 -0.104927 -0.036014 -0.281291 0.056909 0.129713 0.047630 0.089022 0.036625 0.132451 -0.022560 0.057552 -0.250007 -0.097932 -0.427847 -0.446756 0.284074 0.236272 -0.010276 -0.041289 -0.100386 -0.037273 -0.161876 -0.026975 -0.132614 -0.190107 -0.187173 -0.108194 0.049181 0.139330 -0.308257 -0.216820 -0.161270 -0.214407 -0.106816 -0.197711 0.065130 -0.257945 -0.079853 -0.337912 0.093287 -0.130957 0.087582 0.045527 -0.196060 -0.213134 0.079823 -0.179778 -0.025967 0.086877
-0.133159 -0.224652 0.166382 0.249949 0.003178 0.292543 0.447186 0.385356 0.239181 0.216935 0.107260 0.351388 -0.025848 0.069884 0.171914 0.179874 -0.011008 -0.213301 -0.037048 -0.132417 0.536293 0.407622 0.218924 0.498313 0.341485 0.418904 0.046312 0.211791 0.027140 0.080126 0.697737 1.000000 -0.198467 0.404964 0.142769 0.229411 -0.224318 -0.214748 -0.111717 -0.038538 0.208111 -0.099198 0.001216 0.017942 0.034033 0.204457 -0.019103 -0.131381 -0.116106 0.037893 -0.030723 0.025503 0.085919 0.184234 -0.275509 -0.152425 -0.107968 -0.271088 -0.273182 -0.075143 -0.192044 0.099440 -0.058091 -0.205139 0.064137 0.280274 -0.333703 -0.113492 -0.273491 -0.306560 -0.083973 0.123682 -0.066154 -0.031276 -0.158075 0.039080 -0.223452 0.033529 -0.167205 -0.173649 -0.322959 -0.305566 0.216838 0.298922 -0.296446 -0.169012 -0.275331 -0.106316 -0.358723 0.009743 0.045898 -0.238649 0.017217 -0.241426 -0.049492 0.005111 -0.219413 -0.217761 -0.115650 -0.314578 -0.159196 -0.320347 0.011573 -0.229582 -0.118418 -0.158026 -0.069913 -0.075880 0.072155 0.011399 -0.190728 -0.196751 0.039239 -0.168921 0.181624 -0.026806
-0.122217 0.007579 0.087966 -0.298557 -0.248200 -0.153689 0.139796 -0.049456 -0.241590 0.030599 -0.223045 -0.248234 0.193402 -0.203949 -0.164592 -0.074020 -0.016681 0.214454 0.284516 0.167219 -0.080042 -0.119949 -0.271971 -0.334020 -0.065418 -0.260727 -0.294682 -0.325687 0.244390 0.256219 -0.030527 -0.198467 1.000000 0.328781 0.073032 0.128715 0.178267 0.127726 -0.055657 -0.221685 0.044940 -0.018289 -0.141765 -0.262212 0.116666 -0.029040 -0.101622 -0.121308 -0.136824 0.038340 -0.292950 -0.202191 -0.266912 -0.269052 -0.033706 0.004957 -0.176073 0.028871 0.081078 0.065672 0.159775 0.137345 0.045969 0.409289 0.157025 -0.040623 0.288695 0.165108 -0.000973 -0.043865 0.239153 0.003728 0.333544 0.160888 0.072647 0.102584 0.166892 -0.039915 0.109614 0.132396 0.205148 0.225778 -0.307701 -0.081873 0.079671 -0.170881 -0.045717 -0.130194 0.163382 -0.283317 0.061461 0.137216 -0.026519 0.106443 0.002085 -0.159490 -0.050182 -0.230223 -0.043394 0.257642 0.338329 0.273794 0.204079 0.278272 0.210568 0.128268 0.216807 0.167032 0.028306 0.287187 -0.231028 0.134076 0.116829 0.086787 -0.061163 0.036512
-0.131690 -0.389534 0.166220 -0.176326 -0.074903 0.208637 0.296977 0.324767 0.057760 0.425645 -0.004056 -0.044770 0.373341 0.124037 0.126468 0.271607 0.035227 0.068747 -0.095599 0.073673 0.386202 0.329299 -0.279255 0.285460 0.081075 0.164681 -0.078426 0.074236 0.059831 0.280805 0.099656 0.404964 0.328781 1.000000 0.192091 0.567860 0.047146 -0.061437 -0.106458 0.203676 0.284935 0.041466 -0.159743 -0.293003 0.188158 0.297625 -0.249091 -0.225390 -0.385129 -0.104858 -0.555245 -0.433806 -0.327623 -0.230266 -0.484789 -0.317563 -0.262558 -0.313972 -0.195085 -0.079666 0.127254 0.210959 0.013581 0.077681 0.327926 0.192193 -0.042020 0.396987 -0.299850 -0.016423 0.126798 0.313868 0.052765 -0.015387 -0.256220 0.132709 -0.069630 0.079488 -0.148329 -0.106716 0.003015 -0.042982 -0.006944 0.177104 -0.403028 -0.362539 -0.096788 -0.230594 -0.235407 -0.238522 0.179030 0.301157 0.297592 0.157734 -0.014708 -0.122802 -0.281028 -0.169466 -0.366273 -0.018198 0.268513 0.133459 0.041675 0.283394 0.095536 0.315287 -0.040757 0.148033 0.222229 0.053491 -0.130806 -0.099272 -0.013825 -0.095384 0.141002 0.203193
-0.094701 -0.336285 0.500868 0.060624 -0.012768 -0.056656 0.289114 0.071455 -0.065804 -0.055176 -0.139015 0.003309 -0.221115 -0.112993 0.001697 -0.257528 -0.118550 -0.279711 0.201985 0.094934 0.162747 0.115716 0.330042 0.222803 0.117060 0.053856 0.203587 -0.009444 -0.126593 -0.050975 0.269297 0.142769 0.073032 0.192091 1.000000 0.336572 0.038051 -0.095100 0.027757 -0.094371 0.241487 -0.222654 -0.195985 -0.302385 0.012118 0.107344 -0.323966 -0.121315 -0.029914 -0.163686 0.095019 -0.133484 -0.073481 -0.087640 -0.192928 -0.208043 -0.370816 -0.309407 -0.149013 -0.084281 -0.321701 -0.187398 -0.267818 -0.323837 0.134824 0.097803 0.109367 0.396111 -0.273082 0.053392 0.117623 0.177417 -0.038640 0.017682 -0.114542 0.006250 0.109229 -0.024145 -0.030041 -0.157113 -0.155617 -0.155492 -0.062576 0.014605 0.149777 0.119170 -0.116583 0.110286 -0.005673 0.088487 0.007918 0.174469 -0.053068 0.054389 0.234938 0.198185 -0.118929 0.093011 -0.327950 -0.049531 -0.048662 -0.070159 -0.052058 0.001747 0.017000 0.044261 0.026687 0.021377 0.251316 -0.049334 0.088166 -0.153555 0.121941 -0.175750 0.022189 -0.010931
-0.089388 -0.475212 0.075434 -0.091418 0.025091 0.340665 0.145633 0.197365 0.055880 0.319442 -0.038681 -0.005808 0.330433 0.086513 0.109144 0.190878 -0.026353 -0.166733 -0.176894 -0.047982 0.223045 0.240436 -0.189007 0.254517 0.187817 0.305570 -0.043748 0.181302 -0.126766 0.091540 0.034435 0.229411 0.128715 0.567860 0.336572 1.000000 0.005452 -0.208560 -0.011220 0.236234 0.398314 -0.049759 0.114402 -0.072072 0.462607 0.441159 -0.065366 0.039153 0.053166 0.047081 -0.354509 -0.103278 -0.192210 -0.124406 -0.329350 -0.260351 -0.307971 -0.519273 -0.115339 -0.326557 -0.049722 -0.063106 -0.016003 -0.166755 0.201057 0.159586 -0.013275 0.417250 -0.368055 -0.087355 0.144299 0.227986 -0.006625 0.005587 -0.123197 -0.026453 0.000690 0.095612 -0.196750 -0.204655 -0.140771 -0.157514 -0.118630 0.038183 -0.290284 -0.352446 -0.083163 -0.070247 -0.250764 -0.171372 0.174490 0.243931 0.295996 0.259115 0.002182 -0.075141 -0.136774 -0.128759 -0.295913 -0.047009 0.005712 -0.003729 -0.184787 0.103724 -0.024045 0.104922 -0.166899 0.152900 0.147401 0.040251 0.118744 -0.055526 -0.042370 -0.108969 -0.002126 0.126937
