1.000000 0.282112 0.386380 -0.315143 0.290983 -0.012887 0.307084 -0.267752 0.096380 -0.292909 0.573102 0.058862 0.271384 -0.135404 0.425791 -0.096484 0.323799 0.122081 0.340729 0.082126 -0.262015 -0.425764 0.356026 -0.052477 0.258530 -0.402577 -0.028182 -0.095284 0.037505 -0.275301 -0.245828 -0.612015 0.004239 -0.161658 -0.017185 -0.013864 -0.203741 0.047272 -0.098198 -0.243454 -0.147812 -0.337884 -0.031716 -0.040590 -0.290127 -0.254767 -0.270203 -0.251864 0.008281 -0.275228 -0.084647 -0.124177 0.177713 -0.126130 0.041176 -0.307880 0.595808 0.535189 0.451351 0.193690 0.636375 0.374910 0.428911 0.457992 0.337603 0.223329 -0.062257 -0.103352 0.364641 0.183387 -0.097002 -0.230725 -0.072292 0.020711 0.282862 0.100684 -0.068962 -0.250335 -0.017949 -0.075275 -0.032521 -0.091199 0.245142 -0.213692 0.476770 -0.015291 0.005028 0.040404 0.505472 0.013091 -0.172581 0.279521 -0.138909 -0.010304 -0.038328 -0.378364 -0.310769 -0.496256 -0.174390 -0.289395 -0.010477 0.089434 -0.254257 -0.250747 -0.107121 -0.196584 -0.231035 0.041615 -0.355292 -0.204790 -0.481955 -0.338506 -0.314282 -0.033129 0.092274 0.001211
0.282112 1.000000 -0.073112 -0.284175 -0.196913 -0.094964 -0.161332 -0.292298 -0.271146 -0.380930 0.123272 0.088044 0.052180 -0.133500 0.140867 0.082133 0.398132 0.480806 0.360420 0.381169 -0.401148 -0.357792 0.151941 -0.030626 -0.037633 -0.293507 -0.255655 -0.280847 0.332491 0.118413 0.029693 -0.238422 0.208434 0.011014 -0.262152 -0.422578 0.044445 -0.029988 0.030223 -0.295865 -0.030742 -0.039199 0.278129 0.246791 -0.057693 -0.312215 0.160072 -0.021687 -0.119188 0.156859 -0.014544 -0.012981 -0.151952 0.077911 -0.038572 -0.008785 0.449360 0.462953 0.061878 -0.034709 0.117905 0.096986 0.314243 0.500379 -0.135667 -0.240625 -0.302829 -0.439340 0.268688 -0.027541 0.120944 -0.256587 0.318189 0.185201 0.412734 0.135736 0.051577 -0.225043 0.454238 0.197081 0.331677 0.303939 0.036464 0.173449 0.202405 -0.132776 0.004603 -0.115857 0.124808 -0.112601 -0.022183 0.009320 -0.135894 -0.051710 -0.006573 -0.197703 -0.304746 -0.367005 0.259610 0.032542 -0.006982 -0.219840 -0.035267 -0.233977 -0.064051 0.018617 0.094958 -0.030290 -0.162724 -0.276586 -0.459336 0.045901 -0.041033 0.123925 -0.102452 0.146518
0.386380 -0.073112 1.000000 0.351329 0.485789 0.140970 0.719802 0.148662 0.490028 0.030232 0.143150 -0.053788 0.237527 -0.179904 0.383796 -0.293662 -0.225722 -0.492572 0.189565 -0.046267 0.072316 -0.153940 0.464543 0.410875 0.577494 0.287013 0.495248 0.346850 -0.339291 -0.542821 -0.042053 -0.443060 -0.081972 -0.166678 0.317867 0.271252 -0.432885 -0.088192 -0.265086 -0.104630 -0.224670 -0.393129 -0.221857 -0.137409 -0.118961 0.040130 -0.271522 -0.046041 0.062297 -0.275239 0.171066 -0.105326 -0.079681 -0.088209 -0.092498 -0.391577 0.051120 0.068506 0.018671 -0.141342 0.136862 -0.147639 -0.065111 -0.179961 0.436135 0.286685 0.216077 0.336212 0.047555 0.201040 -0.299101 -0.150158 -0.311789 -0.077382 0.028237 -0.063617 -0.199504 -0.200690 -0.377742 -0.392347 -0.537463 -0.561905 -0.078323 -0.452654 -0.057437 -0.075219 -0.101487 -0.137990 0.451390 -0.082263 -0.221704 0.281915 0.021888 0.243699 0.099128 0.038112 -0.250465 -0.150462 -0.386792 -0.353267 0.182590 0.068581 -0.108610 -0.012692 0.139588 0.012022 0.061788 0.155046 -0.202036 -0.071253 -0.030485 -0.070388 -0.121354 -0.057687 0.255827 -0.184724
-0.315143 -0.284175 0.351329 1.000000 0.300021 0.377626 0.436453 0.657120 0.310252 0.533250 -0.232635 0.007467 -0.013840 -0.034184 -0.098266 -0.046060 -0.604158 -0.392555 -0.248480 -0.224654 0.255161 0.085062 0.274190 0.648679 0.298150 0.518166 0.484169 0.476008 -0.484706 -0.243921 0.308552 0.202757 -0.268907 -0.046612 0.285483 0.158730 -0.393285 -0.014596 -0.120878 0.125746 -0.286765 -0.012632 -0.063430 -0.028050 -0.108957 0.021580 -0.094115 0.037763 -0.130246 -0.025954 0.164278 0.147630 -0.057874 0.188608 -0.118581 -0.186192 -0.450147 -0.507346 -0.355264 -0.380422 -0.377779 -0.189470 -0.635959 -0.581556 0.152105 0.311316 -0.265702 0.063681 -0.419190 -0.326219 -0.012031 0.200028 -0.226520 0.148195 -0.049136 0.168714 -0.011915 0.103791 -0.404386 -0.432821 -0.616283 -0.540474 -0.080474 -0.151135 -0.226550 0.085577 -0.089904 -0.245347 0.101012 0.243857 -0.080578 0.151548 0.358606 0.236721 -0.009836 0.265642 -0.103154 0.024749 -0.251089 -0.177728 0.227216 -0.089082 0.099577 0.072407 0.362574 0.243767 0.231345 0.073898 0.075381 0.038603 0.186151 0.298909 0.179411 0.262590 0.151625 -0.203239
0.290983 -0.196913 0.485789 0.300021 1.000000 0.413352 0.548070 0.124370 0.483149 0.131777 0.246418 -0.040960 0.254185 -0.287672 0.351940 -0.286060 -0.235520 -0.474358 0.100722 0.079184 0.184907 -0.050938 0.333711 0.381711 0.460488 0.195422 0.487086 0.306055 -0.365444 -0.514545 0.063180 -0.200995 -0.170864 -0.113044 0.346701 0.296243 -0.407636 -0.193809 -0.161613 0.094860 -0.229214 -0.298198 -0.165199 -0.151916 -0.024632 0.064049 -0.199023 -0.073221 -0.064063 -0.200506 -0.094448 -0.182352 -0.205400 -0.087018 -0.201081 -0.311715 0.000603 -0.030869 0.151072 -0.051015 0.106298 -0.260100 -0.014129 -0.171341 0.397185 0.183227 0.065407 0.262922 0.008367 0.186258 -0.263191 -0.092736 -0.325233 -0.075161 -0.113547 -0.135689 -0.095426 -0.003611 -0.401543 -0.319952 -0.424730 -0.498344 0.199550 -0.205082 0.000469 -0.050344 0.078863 0.081697 0.307468 0.253276 0.054499 0.428128 0.078249 0.348626 -0.281594 -0.007340 -0.110582 -0.125012 -0.241164 -0.254358 0.004572 0.093850 -0.350626 -0.059496 -0.234102 -0.034225 0.015085 0.181124 -0.325169 -0.029731 0.174885 0.243683 -0.046725 -0.204851 -0.099489 -0.239207
-0.012887 -0.094964 0.140970 0.377626 0.413352 1.000000 0.322245 0.392909 0.336380 0.507898 0.061791 0.341778 0.256235 0.241866 0.208984 0.289073 -0.222802 -0.161120 -0.135139 -0.080514 0.082771 -0.009121 0.226867 0.402710 0.283851 0.262930 0.281994 0.273559 -0.280039 -0.217471 0.092026 0.167706 -0.276161 0.143969 0.219057 0.208337 -0.275276 -0.213689 -0.109124 0.012402 -0.062260 -0.056807 -0.109691 -0.169134 0.024385 0.004417 -0.206693 -0.312321 -0.121404 0.004469 0.056573 0.009775 -0.101905 -0.032471 -0.223355 -0.408776 -0.311980 -0.300107 -0.207296 -0.100443 -0.101112 -0.056750 -0.046114 -0.245390 0.281121 0.352957 -0.116037 0.155698 -0.164211 0.110495 0.152375 0.120321 -0.108474 -0.068425 -0.066122 0.112775 -0.117695 0.108689 -0.279839 -0.262662 -0.310180 -0.365578 0.042897 0.163159 -0.048572 -0.045602 -0.166161 -0.201314 0.080244 0.204836 0.054788 0.065635 0.219511 -0.020381 -0.258549 0.029117 -0.342924 -0.341572 -0.370233 -0.342470 0.025569 -0.214662 -0.206419 -0.076004 -0.146244 0.006058 -0.017961 -0.005726 -0.297649 -0.196213 0.015376 0.186003 -0.128871 0.115563 -0.065925 -0.286021
0.307084 -0.161332 0.719802 0.436453 0.548070 0.322245 1.000000 0.402683 0.537238 0.204029 0.250059 0.126344 0.380894 -0.034028 0.355735 -0.119908 -0.245015 -0.404397 0.181365 -0.157442 0.054796 -0.159511 0.499490 0.353226 0.543861 0.305208 0.425590 0.213806 -0.256391 -0.338206 0.281972 -0.089848 -0.146626 -0.013951 0.277264 0.180454 -0.383052 0.191554 -0.244472 -0.031770 -0.071664 -0.243536 -0.392831 -0.325494 -0.337877 -0.128025 -0.506760 -0.352460 -0.189178 -0.460708 -0.075784 -0.249541 -0.132748 -0.011796 -0.158501 -0.543031 -0.088202 -0.051539 0.035488 -0.199712 0.208167 -0.042467 0.020019 -0.179976 0.612036 0.306551 0.026208 0.187735 -0.164987 0.025891 -0.390646 -0.079043 -0.151015 0.028096 0.231857 0.149585 0.122425 0.014629 -0.461960 -0.386076 -0.539825 -0.553458 0.093657 -0.160112 -0.101704 -0.151688 -0.027317 -0.145156 0.342972 -0.111292 -0.270629 0.298220 0.174858 0.278902 0.147735 0.095969 -0.265787 -0.240725 -0.542809 -0.348752 0.212917 0.247262 0.093247 0.187559 0.278034 0.099836 0.014262 0.151631 -0.299551 -0.037284 -0.122319 -0.046529 -0.040645 0.195333 0.273238 -0.137495
-0.267752 -0.292298 0.148662 0.657120 0.124370 0.392909 0.402683 1.000000 0.496000 0.790267 -0.215856 0.309281 0.237667 0.422734 -0.064623 0.213355 -0.510026 -0.306416 -0.176145 -0.108749 0.227021 0.112380 -0.095951 0.337463 -0.093267 0.330753 0.004594 0.128018 -0.381081 0.027249 0.172325 0.531249 -0.126410 0.241311 0.002443 0.164688 -0.162586 0.163233 -0.272671 0.056112 0.009295 0.036164 -0.199674 -0.350428 -0.196428 0.023486 -0.359528 -0.292212 -0.262269 -0.212470 -0.282652 -0.127587 -0.206153 -0.119223 -0.340158 -0.386124 -0.513100 -0.467541 -0.425506 -0.308630 -0.101794 0.127866 -0.338749 -0.397614 0.253977 0.484994 -0.239508 0.107494 -0.499176 -0.185734 0.067362 0.171497 0.012357 0.170107 0.172342 0.219529 0.092608 0.280923 -0.429984 -0.436049 -0.383498 -0.457585 -0.285823 -0.038258 -0.323796 -0.140371 -0.301801 -0.445151 -0.109325 -0.086716 0.102200 0.157164 0.597679 0.220694 0.076972 0.260050 -0.208938 -0.022938 -0.387149 0.006046 0.374828 0.057723 0.318977 0.285267 0.393300 0.322935 0.205010 0.054149 0.045957 0.063817 0.056085 0.253994 0.192385 0.213464 0.276098 -0.249928
0.096380 -0.271146 0.490028 0.310252 0.483149 0.336380 0.537238 0.496000 1.000000 0.492959 0.059062 0.180531 0.492067 0.238057 0.463678 -0.011602 -0.303813 -0.392457 -0.002646 -0.153260 0.143519 0.161067 0.182807 0.271438 0.188049 0.158995 0.164274 0.240738 -0.288842 -0.300818 0.001203 0.063920 -0.172560 0.149703 0.244601 0.226165 -0.280695 0.008704 -0.242732 0.054995 -0.115350 -0.141261 -0.152345 -0.328994 -0.158516 0.075392 -0.344907 -0.300854 -0.073035 -0.345113 -0.155251 -0.249283 -0.177170 -0.183442 -0.262143 -0.502668 -0.329114 -0.238188 -0.182860 -0.234711 0.143169 0.029783 -0.031950 -0.331556 0.482887 0.451165 0.094984 0.302849 -0.187650 0.152476 -0.073093 -0.061925 -0.262144 -0.090161 0.086317 -0.084322 -0.124379 -0.005038 -0.391625 -0.249740 -0.367995 -0.373463 -0.050325 -0.217245 -0.165205 0.037205 -0.267797 -0.277408 0.147233 -0.016592 0.047304 0.243241 0.297324 0.242636 0.073010 0.116788 -0.251912 -0.094955 -0.386818 -0.160776 0.143151 0.052359 -0.017398 0.082800 0.008933 -0.075784 -0.070260 0.072685 -0.065715 -0.014141 0.020051 0.086571 0.041694 -0.042449 0.078544 -0.272917
-0.292909 -0.380930 0.030232 0.533250 0.131777 0.507898 0.204029 0.790267 0.492959 1.000000 -0.308663 0.245495 0.157306 0.420963 -0.127622 0.238855 -0.464872 -0.318952 -0.225599 -0.161502 0.266117 0.280885 -0.165273 0.265114 -0.067050 0.356736 0.102127 0.298739 -0.331825 0.019419 0.126923 0.501581 -0.164045 0.223673 0.067084 0.255968 -0.148680 -0.056049 -0.202769 0.141259 -0.040837 0.094760 -0.161642 -0.328436 -0.102865 0.091274 -0.189178 -0.215618 -0.185554 -0.163678 -0.169377 -0.134174 -0.150818 -0.189707 -0.233407 -0.235113 -0.476219 -0.442985 -0.417917 -0.249974 -0.185842 -0.015022 -0.374584 -0.525975 0.212088 0.478129 -0.104023 0.166139 -0.323923 -0.022843 0.077401 0.244083 -0.059495 0.034441 0.003228 0.020935 -0.128698 0.188678 -0.312933 -0.277617 -0.238651 -0.334799 -0.075143 0.021243 -0.169996 0.093088 -0.345466 -0.285490 -0.114691 0.083338 0.175363 0.017731 0.513414 0.072374 -0.043018 0.199021 -0.090522 0.034750 -0.309041 0.034216 0.263421 -0.047713 0.069802 0.052013 0.031239 0.097870 0.006983 -0.133645 0.086883 0.053400 0.184766 0.215498 0.148706 0.100512 0.121370 -0.289494
0.573102 0.123272 0.143150 -0.232635 0.246418 0.061791 0.250059 -0.215856 0.059062 -0.308663 1.000000 0.246359 0.508387 -0.041887 0.322504 0.000032 0.301940 0.225475 0.037124 -0.129074 -0.276459 -0.356601 0.355505 0.119871 0.149632 -0.284249 -0.109324 -0.156865 0.097912 -0.192931 -0.035706 -0.348352 0.101780 -0.046173 0.186352 -0.021892 -0.109871 0.159183 -0.066019 -0.435810 -0.236070 -0.139326 0.014573 -0.019081 -0.274212 -0.108637 -0.160450 -0.201331 -0.206265 -0.307625 -0.044473 -0.060627 0.255932 -0.031665 0.002429 -0.137159 0.261828 0.257028 0.405554 0.043518 0.454200 0.145249 0.470129 0.370691 0.215430 0.082396 -0.044432 -0.233827 -0.016661 -0.179493 0.053203 -0.023858 -0.088084 -0.025303 0.207944 0.112529 0.048957 -0.238633 -0.070340 0.119214 -0.008792 0.114378 0.122791 -0.130296 0.346968 0.038875 -0.074866 -0.178520 0.310030 -0.031014 -0.262438 0.395855 -0.056352 0.086367 0.068948 -0.502050 -0.327444 -0.518135 -0.145571 -0.281246 -0.218633 0.055980 -0.261155 -0.110518 -0.163809 -0.022248 -0.101925 0.139602 -0.377587 -0.335786 -0.276866 -0.257762 -0.079718 0.063682 0.051878 0.155764
0.058862 0.088044 -0.053788 0.007467 -0.040960 0.341778 0.126344 0.309281 0.180531 0.245495 0.246359 1.000000 0.407347 0.677455 0.226774 0.587440 0.121728 0.199298 -0.199450 -0.159514 -0.255870 -0.104256 0.034852 0.276127 -0.057924 0.064477 -0.225192 -0.087065 0.103450 0.237317 0.065525 0.352830 -0.178659 0.271537 -0.104142 -0.045131 0.022570 0.067191 -0.188598 -0.215992 -0.020470 0.150812 0.038715 -0.092498 -0.152106 -0.066325 -0.153442 -0.376296 -0.286874 -0.063866 -0.298452 -0.080497 -0.087366 -0.215454 -0.300997 -0.087316 -0.305187 -0.295099 -0.183964 -0.052414 0.105809 0.213029 0.280103 -0.081801 0.285228 0.156625 -0.288898 -0.203491 -0.379604 -0.120909 0.326105 0.100331 0.158984 0.037455 0.207333 0.214079 0.097070 0.075396 -0.037273 -0.055448 -0.056875 -0.062894 0.030815 0.280042 -0.162202 -0.026074 -0.104118 -0.443653 -0.075192 -0.011651 0.025105 0.226507 0.520457 0.082830 -0.110200 -0.193888 -0.378570 -0.224174 -0.284138 -0.120709 0.280987 -0.048422 -0.024446 0.079251 -0.043895 0.057742 0.178607 0.094585 0.019949 -0.283467 -0.160371 0.261560 0.218973 0.144517 0.159115 -0.192468
0.271384 0.052180 0.237527 -0.013840 0.254185 0.256235 0.380894 0.237667 0.492067 0.157306 0.508387 0.407347 1.000000 0.400471 0.406153 0.219543 0.092552 0.061115 -0.006798 -0.052644 -0.190651 -0.176804 -0.031220 0.092276 -0.104869 -0.168705 -0.236000 -0.190693 0.147721 0.065354 -0.030438 0.109673 0.144067 0.207132 -0.060863 -0.116414 -0.009373 0.246210 -0.050715 -0.219512 -0.020804 -0.001198 -0.011288 -0.184455 -0.181756 -0.046788 -0.246687 -0.392178 -0.300616 -0.286336 -0.293509 -0.277781 0.016296 -0.158522 -0.208181 -0.367412 -0.152270 -0.056736 0.020480 -0.162798 0.294675 0.186348 0.328349 0.194598 0.213038 0.172205 -0.081855 -0.124166 -0.235010 -0.112774 0.112976 -0.075669 0.179627 0.034572 0.317814 0.216728 0.075597 -0.061246 0.018638 0.080247 0.032201 0.093957 -0.219536 0.085518 0.073338 -0.130592 -0.142256 -0.324774 0.021058 -0.245764 -0.042742 0.232697 0.263203 0.214116 -0.036381 -0.073564 -0.417966 -0.465786 -0.358412 -0.137823 0.153894 0.102228 0.126665 0.059998 -0.082604 -0.035971 -0.088664 0.056802 -0.130159 -0.201816 -0.222227 0.007960 0.133572 0.180393 0.077629 -0.064649
-0.135404 -0.133500 -0.179904 -0.034184 -0.287672 0.241866 -0.034028 0.422734 0.238057 0.420963 -0.041887 0.677455 0.400471 1.000000 0.124257 0.701872 0.004854 0.225750 -0.266250 -0.097509 -0.250369 -0.078352 -0.260612 -0.000390 -0.288789 -0.080364 -0.365760 -0.215398 0.136939 0.396887 -0.092221 0.539911 0.095766 0.599709 -0.145016 -0.023303 0.087199 0.130722 -0.251064 -0.212813 0.139276 0.187821 -0.076868 -0.237711 -0.024931 0.052069 -0.233303 -0.423099 -0.201201 -0.044176 -0.257371 -0.070078 -0.029537 -0.217962 -0.205873 -0.224922 -0.441948 -0.372099 -0.270743 -0.029038 0.144679 0.418904 0.214339 0.032303 0.198704 0.267736 -0.141727 -0.039325 -0.379292 -0.104797 0.301848 0.183886 0.255012 0.060091 0.247155 0.298167 0.120112 0.124287 0.080142 -0.025842 0.066825 0.015212 -0.176268 0.257285 -0.272661 -0.178620 -0.202364 -0.490597 -0.281534 -0.296189 -0.057381 -0.124391 0.326276 -0.039516 0.007219 0.084796 -0.331793 -0.195334 -0.391932 -0.050703 0.230084 0.003724 0.190482 0.250672 0.054513 0.178888 0.039445 0.051719 0.232138 -0.119454 -0.181573 0.095253 0.160859 0.212993 0.247853 -0.217721
0.425791 0.140867 0.383796 -0.098266 0.351940 0.208984 0.355735 -0.064623 0.463678 -0.127622 0.322504 0.226774 0.406153 0.124257 1.000000 0.253199 0.118782 -0.137410 0.121659 -0.076048 -0.282156 -0.117354 0.390708 0.141612 0.261307 -0.194392 -0.023352 -0.143627 0.165277 -0.140079 -0.173721 -0.306117 -0.055385 0.046729 0.124759 0.059624 -0.117170 0.068067 -0.015120 -0.100290 -0.181771 -0.060181 -0.172334 -0.277149 -0.160289 -0.169928 -0.306609 -0.406192 0.074674 -0.126837 -0.064432 -0.173634 0.088722 0.034900 -0.078138 -0.438355 -0.012483 0.039079 0.117046 -0.047617 0.551711 0.068097 0.399433 0.134977 0.445450 0.030504 -0.017863 -0.005852 -0.008295 0.087836 -0.032373 -0.268736 -0.127566 0.020049 0.184892 0.087561 0.068421 -0.077332 -0.169420 -0.143323 -0.197992 -0.169050 0.275871 -0.025796 0.046487 -0.063646 -0.121677 -0.174735 0.371110 -0.077108 -0.007316 0.345952 0.111546 0.252932 -0.018058 -0.151772 -0.421833 -0.389104 -0.309936 -0.379551 0.057769 0.107528 -0.009562 0.013640 -0.104091 -0.225586 -0.162072 0.103818 -0.148020 -0.203771 -0.349142 -0.001870 -0.197926 -0.014354 -0.003104 -0.130417
-0.096484 0.082133 -0.293662 -0.046060 -0.286060 0.289073 -0.119908 0.213355 -0.011602 0.238855 0.000032 0.587440 0.219543 0.701872 0.253199 1.000000 0.082731 0.274927 -0.207289 -0.045615 -0.245080 -0.004894 -0.030793 0.088755 -0.239879 -0.088782 -0.414120 -0.370781 0.346528 0.480789 -0.089808 0.364646 0.007865 0.391591 -0.143982 -0.100015 0.234697 0.144768 -0.018186 -0.108448 0.092805 0.325278 -0.066749 -0.244079 -0.112563 -0.164266 -0.113631 -0.409381 -0.310658 0.007147 -0.248321 -0.065206 0.083685 0.101119 -0.137628 -0.153163 -0.298317 -0.287075 -0.285666 -0.104259 0.087092 0.258890 0.237875 0.073824 0.059827 -0.014567 -0.334498 -0.249676 -0.210390 -0.156354 0.313416 0.190476 0.221705 0.054382 0.222884 0.305428 0.141833 0.091089 0.108153 -0.107201 0.141479 0.180416 0.084944 0.507411 -0.034306 0.044265 -0.258473 -0.283690 -0.136844 -0.109189 0.082214 -0.011833 0.336261 0.010587 -0.080379 -0.054302 -0.350160 -0.242132 -0.228794 -0.079758 0.112320 -0.125796 0.097778 0.026381 -0.021278 0.007696 -0.020840 0.014521 0.122858 -0.181049 -0.268992 0.144610 0.082454 0.298732 0.094025 -0.257360
0.323799 0.398132 -0.225722 -0.604158 -0.235520 -0.222802 -0.245015 -0.510026 -0.303813 -0.464872 0.301940 0.121728 0.092552 0.004854 0.118782 0.082731 1.000000 0.613451 0.301186 0.281150 -0.516532 -0.413536 -0.173963 -0.255804 -0.128461 -0.412699 -0.413200 -0.453899 0.462524 0.290416 -0.165181 -0.111101 0.145689 0.020046 -0.374972 -0.238987 0.223114 0.057912 0.071516 -0.219769 -0.057235 0.033613 0.131295 0.019997 -0.102207 -0.180520 0.009860 -0.223810 -0.089582 0.014543 -0.054804 -0.132421 0.224785 -0.067091 0.203126 0.106164 0.467572 0.481532 0.339199 0.218135 0.339421 0.206153 0.597859 0.606346 -0.064603 -0.275453 0.031337 -0.284372 0.303089 0.165040 0.042625 -0.081881 0.396354 -0.028423 0.202117 0.029182 -0.016339 -0.336429 0.659828 0.545695 0.621466 0.564978 0.092917 0.118108 0.328949 -0.055014 0.137271 0.107116 0.034097 -0.112572 -0.070635 -0.112925 -0.254886 -0.252101 -0.161131 -0.291456 -0.181369 -0.339445 0.124063 -0.045142 -0.229686 0.012565 -0.073178 -0.074922 -0.259527 -0.091722 -0.065891 0.005488 -0.220022 -0.267869 -0.448255 -0.149809 -0.163965 -0.192512 -0.045007 0.055635
0.122081 0.480806 -0.492572 -0.392555 -0.474358 -0.161120 -0.404397 -0.306416 -0.392457 -0.318952 0.225475 0.199298 0.061115 0.225750 -0.137410 0.274927 0.613451 1.000000 0.109299 0.251541 -0.527975 -0.367156 -0.158025 -0.160074 -0.316001 -0.442898 -0.485044 -0.360125 0.503749 0.516213 0.090579 0.137839 0.278122 0.245211 -0.383436 -0.411807 0.306328 0.114671 0.020419 -0.375523 -0.092169 0.156727 0.263062 0.188595 -0.163397 -0.302340 0.150614 -0.162786 -0.283748 0.086177 -0.065499 0.129105 0.179902 0.063891 0.315658 0.167382 0.227188 0.227541 0.020692 0.052611 0.127235 0.461457 0.356485 0.609306 -0.278529 -0.187550 -0.371251 -0.548493 0.110475 -0.225227 0.320195 0.211686 0.506049 0.238825 0.322351 0.327894 0.097390 -0.252996 0.608640 0.459725 0.604017 0.674268 -0.021486 0.311761 0.290785 -0.025790 -0.057459 -0.200840 -0.055155 -0.147693 -0.200746 -0.274673 -0.199697 -0.302507 -0.001083 -0.212211 -0.245314 -0.396314 0.114273 0.014443 -0.261134 -0.069052 0.020413 -0.110811 -0.028747 0.155207 -0.089533 -0.097327 -0.124789 -0.335000 -0.521000 -0.115797 -0.073313 0.215763 0.033830 0.185995
0.340729 0.360420 0.189565 -0.248480 0.100722 -0.135139 0.181365 -0.176145 -0.002646 -0.225599 0.037124 -0.199450 -0.006798 -0.266250 0.121659 -0.207289 0.301186 0.109299 1.000000 0.582139 -0.110855 -0.143091 0.037203 -0.186791 0.117406 -0.124392 -0.148057 -0.273045 0.263571 -0.017875 0.004396 -0.175222 0.425429 0.042325 -0.238817 -0.282013 0.027926 0.019234 -0.093212 0.085143 0.225431 -0.141089 -0.201499 -0.218868 -0.141322 -0.214890 -0.179798 -0.295222 -0.170404 -0.159346 -0.241886 -0.281096 -0.172945 0.010306 0.071601 -0.229130 0.374036 0.382361 0.178069 0.073140 0.166215 -0.057553 0.425484 0.311334 0.069622 -0.240501 0.084817 -0.003580 0.368285 0.353459 -0.098371 -0.106367 0.298424 0.042624 0.306608 0.074434 0.092757 0.018924 0.228347 0.149391 0.317602 0.104588 0.087627 0.117113 0.088902 -0.323494 0.066211 0.172919 -0.037577 -0.179627 0.087128 0.122344 -0.240293 -0.023861 -0.082451 -0.008723 -0.097765 -0.070945 -0.100273 0.171580 -0.089539 0.148445 -0.018419 0.156764 -0.002818 -0.194602 -0.210823 0.027222 -0.064943 0.093848 -0.283347 -0.118701 -0.089974 -0.206984 -0.187713 0.109735
0.082126 0.381169 -0.046267 -0.224654 0.079184 -0.080514 -0.157442 -0.108749 -0.153260 -0.161502 -0.129074 -0.159514 -0.052644 -0.097509 -0.076048 -0.045615 0.281150 0.251541 0.582139 1.000000 -0.101762 -0.074627 -0.187266 -0.050142 -0.068944 -0.041792 -0.296790 -0.257771 0.216221 0.273246 -0.014584 0.067956 0.498477 0.316785 -0.404678 -0.186682 0.162359 -0.219899 -0.119486 0.141821 0.274237 -0.063561 -0.113300 -0.253773 -0.084132 -0.328108 0.021020 -0.214073 -0.229833 -0.049680 -0.267339 -0.270859 -0.147067 -0.055564 0.000977 -0.137142 0.313956 0.336543 -0.051517 0.043247 -0.066263 0.024404 0.170240 0.368269 -0.303536 -0.302163 -0.145317 -0.124098 0.319372 0.414267 -0.008607 -0.013527 0.413894 0.142209 0.241861 0.044009 0.052490 0.103489 0.310538 0.051254 0.431064 0.203106 -0.120537 0.230173 0.040105 -0.423273 -0.009946 0.105120 -0.168333 -0.251244 0.331429 0.058087 -0.111969 0.125732 -0.300464 0.255688 -0.087520 0.043299 -0.045372 0.213731 -0.069815 0.065301 -0.016835 0.070885 -0.206853 -0.049213 -0.071378 -0.044522 -0.039467 0.188579 -0.054639 0.180538 -0.129203 -0.179524 -0.200492 -0.178766
-0.262015 -0.401148 0.072316 0.255161 0.184907 0.082771 0.054796 0.227021 0.143519 0.266117 -0.276459 -0.255870 -0.190651 -0.250369 -0.282156 -0.245080 -0.516532 -0.527975 -0.110855 -0.101762 1.000000 0.701844 -0.095959 -0.006382 0.105960 0.472938 0.369882 0.420618 -0.256321 -0.238954 -0.007445 0.090737 -0.194354 -0.203586 0.099932 0.232512 0.113877 0.086334 0.237540 0.476456 0.327043 0.119864 -0.148845 -0.143033 0.080557 0.086839 0.105739 0.264557 0.007748 -0.085934 -0.051994 -0.006428 -0.072985 0.071006 -0.060042 0.255396 -0.212468 -0.255531 -0.156027 -0.156450 -0.360879 -0.312410 -0.381917 -0.477540 -0.193865 -0.061872 0.103164 0.198375 -0.054248 0.090046 -0.047605 -0.019776 -0.334407 -0.142110 -0.296956 -0.180166 0.027510 0.396652 -0.472607 -0.282539 -0.258714 -0.274294 -0.007811 0.004647 -0.201210 0.117990 0.010895 0.269572 -0.178223 0.239093 0.388814 0.137868 0.163632 0.107450 0.151419 0.230646 0.499215 0.550892 0.161662 0.348253 0.022619 0.024476 0.029625 0.062299 0.045597 -0.274130 0.004921 0.080481 -0.032656 0.312420 0.524512 0.047069 0.123474 -0.070296 -0.277773 0.140575
-0.425764 -0.357792 -0.153940 0.085062 -0.050938 -0.009121 -0.159511 0.112380 0.161067 0.280885 -0.356601 -0.104256 -0.176804 -0.078352 -0.117354 -0.004894 -0.413536 -0.367156 -0.143091 -0.074627 0.701844 1.000000 -0.188151 -0.066454 -0.086510 0.435206 0.057395 0.283413 0.057180 0.069263 0.011136 0.190549 -0.217580 -0.121833 -0.125270 0.074003 0.332579 0.001317 0.243322 0.544391 0.343466 0.315376 -0.063319 -0.201200 -0.002266 -0.084142 0.337510 0.147961 0.031659 -0.011806 -0.091053 -0.064509 0.039055 0.220844 0.005355 0.364586 -0.294002 -0.317736 -0.268449 -0.187934 -0.422816 -0.292976 -0.340521 -0.522901 -0.329257 -0.229735 0.085342 -0.000226 -0.121260 0.144809 0.058471 0.083806 -0.155213 -0.108059 -0.337635 -0.217795 0.010797 0.393756 -0.266226 -0.072375 0.020699 0.017384 0.077099 0.230507 -0.127310 0.314094 -0.050013 0.206568 -0.255791 0.154379 0.488986 0.080804 0.285335 0.095038 0.097151 0.077071 0.499975 0.666363 0.230741 0.341918 0.077889 0.165854 0.166555 0.024829 -0.145994 -0.428131 -0.127673 -0.090914 0.097775 0.167276 0.474229 0.118289 0.096977 -0.126023 -0.467320 0.066058
0.356026 0.151941 0.464543 0.274190 0.333711 0.226867 0.499490 -0.095951 0.182807 -0.165273 0.355505 0.034852 -0.031220 -0.260612 0.390708 -0.030793 -0.173963 -0.158025 0.037203 -0.187266 -0.095959 -0.188151 1.000000 0.547452 0.685010 0.256740 0.448829 0.293560 -0.162971 -0.435433 0.282119 -0.469413 -0.187509 -0.151959 0.519320 0.114747 -0.399394 -0.037558 -0.142462 -0.126662 -0.312921 -0.250818 -0.086694 0.025593 -0.264903 -0.226660 -0.186387 -0.075842 -0.060890 -0.221548 0.330279 0.057789 0.005113 0.229116 -0.034286 -0.326736 0.124801 0.054549 -0.041548 -0.185352 0.115740 -0.100536 0.017221 -0.131623 0.476123 0.201379 -0.174930 -0.000362 0.071661 -0.114036 -0.248466 -0.161511 -0.464671 -0.068648 0.140418 0.015846 -0.074741 -0.204729 -0.316415 -0.285335 -0.542189 -0.392580 0.417764 -0.148253 0.192241 0.207412 -0.012584 -0.099956 0.585531 0.127975 -0.407595 0.246010 -0.031788 0.066272 0.195468 -0.108045 -0.280776 -0.254163 -0.242759 -0.477836 -0.071444 -0.157820 -0.342801 -0.182207 0.127037 0.002541 0.011210 0.065198 -0.192801 -0.170291 -0.186731 -0.061372 -0.157775 0.272997 0.129949 -0.083704
-0.052477 -0.030626 0.410875 0.648679 0.381711 0.402710 0.353226 0.337463 0.271438 0.265114 0.119871 0.276127 0.092276 -0.000390 0.141612 0.088755 -0.255804 -0.160074 -0.186791 -0.050142 -0.006382 -0.066454 0.547452 1.000000 0.519418 0.558966 0.368436 0.425058 -0.349260 -0.260196 0.248048 0.020911 -0.239804 0.016618 0.336362 0.173594 -0.447597 -0.143248 -0.308125 -0.151717 -0.508975 -0.182191 0.006837 0.033876 -0.207920 -0.065974 0.014897 0.003391 -0.273977 -0.113651 0.199389 0.078297 -0.143522 0.065841 -0.175969 -0.183677 -0.314422 -0.385395 -0.355479 -0.324884 -0.263537 -0.121871 -0.298698 -0.412762 0.245633 0.291484 -0.334839 -0.021542 -0.313908 -0.193575 0.095812 0.193220 -0.322906 -0.006511 -0.005339 0.091465 -0.203814 -0.175433 -0.257742 -0.233138 -0.511461 -0.370172 -0.000696 -0.137636 0.020129 0.204572 -0.119049 -0.371991 0.396311 0.078320 -0.212654 0.354595 0.352609 0.262453 -0.048386 -0.035174 -0.373972 -0.182471 -0.282244 -0.319061 0.052478 -0.278112 -0.253742 -0.097155 0.059970 0.144301 0.284297 0.185087 -0.104958 -0.300323 0.096506 0.387562 0.086384 0.210864 0.141732 -0.294323
0.258530 -0.037633 0.577494 0.298150 0.460488 0.283851 0.543861 -0.093267 0.188049 -0.067050 0.149632 -0.057924 -0.104869 -0.288789 0.261307 -0.239879 -0.128461 -0.316001 0.117406 -0.068944 0.105960 -0.086510 0.685010 0.519418 1.000000 0.514102 0.657462 0.504790 -0.291112 -0.509499 0.256163 -0.320252 -0.169022 -0.061444 0.459800 0.273431 -0.463397 -0.186586 -0.209342 0.012711 -0.256702 -0.350750 -0.231281 -0.057576 -0.118535 -0.101042 -0.089778 -0.039169 -0.048083 -0.293909 0.347096 -0.093158 -0.097816 -0.022725 0.131306 -0.217323 -0.033990 -0.044304 -0.032422 -0.234056 -0.019514 -0.234682 -0.037534 -0.288473 0.489552 0.156731 0.053982 0.193381 0.052437 0.073388 -0.233743 -0.075201 -0.367306 -0.161234 0.010033 -0.054847 -0.160819 -0.191686 -0.303768 -0.212131 -0.505384 -0.466409 0.311904 -0.145442 0.050108 0.124658 0.110781 0.081876 0.521463 0.155831 -0.296994 0.259042 -0.011372 0.101899 0.101425 -0.043466 -0.066009 -0.097111 -0.270188 -0.260574 -0.074920 -0.095443 -0.352652 0.002842 -0.024297 -0.131753 0.032041 0.113961 -0.223704 -0.127503 0.030131 0.060024 -0.161513 0.016955 0.027657 0.084674
-0.402577 -0.293507 0.287013 0.518166 0.195422 0.262930 0.305208 0.330753 0.158995 0.356736 -0.284249 0.064477 -0.168705 -0.080364 -0.194392 -0.088782 -0.412699 -0.442898 -0.124392 -0.041792 0.472938 0.435206 0.256740 0.558966 0.514102 1.000000 0.472211 0.576583 -0.272588 -0.140782 0.368281 0.263771 -0.269473 -0.054848 0.124641 0.202538 -0.155973 -0.112829 -0.202921 0.322905 0.052501 -0.030418 -0.210003 -0.144066 -0.092951 -0.064394 0.177899 0.119853 -0.251086 -0.219883 0.090253 -0.148045 -0.183505 0.036298 -0.128015 0.063436 -0.402919 -0.414583 -0.483265 -0.382231 -0.555833 -0.362931 -0.436439 -0.673153 0.102625 0.060169 -0.100673 0.157030 -0.249881 0.006482 -0.177731 0.106876 -0.213219 -0.168894 -0.157688 -0.126586 -0.142265 0.091288 -0.348486 -0.170970 -0.345386 -0.309520 0.050253 0.107197 -0.166057 0.207382 -0.018257 -0.005705 0.056248 0.085856 0.059967 0.178473 0.401710 0.179586 0.086776 0.225919 0.222819 0.389306 -0.089101 0.116600 0.277287 -0.038854 -0.021927 0.137121 -0.013049 -0.086032 0.110750 -0.048551 0.025522 0.065759 0.406723 0.338839 0.157358 0.053072 -0.072707 -0.112899
-0.028182 -0.255655 0.495248 0.484169 0.487086 0.281994 0.425590 0.004594 0.164274 0.102127 -0.109324 -0.225192 -0.236000 -0.365760 -0.023352 -0.414120 -0.413200 -0.485044 -0.148057 -0.296790 0.369882 0.057395 0.448829 0.368436 0.657462 0.472211 1.000000 0.804740 -0.526785 -0.619813 0.225289 -0.246227 -0.283666 -0.236076 0.530457 0.347508 -0.549151 -0.322057 -0.077193 0.078272 -0.272491 -0.366922 -0.171067 0.098299 0.038566 0.118300 -0.019020 0.295179 0.124087 -0.076782 0.418565 0.199764 -0.098322 0.029330 0.033013 -0.002692 -0.043644 -0.061096 -0.016009 -0.072065 -0.236150 -0.307953 -0.391620 -0.406254 0.284396 0.230932 0.181975 0.348915 0.073832 0.043301 -0.252726 0.004148 -0.491092 -0.184058 -0.367776 -0.252343 -0.217074 -0.083980 -0.374015 -0.308873 -0.635900 -0.574289 0.119014 -0.391300 -0.177530 0.095768 0.152268 0.136211 0.297479 0.393463 -0.266743 -0.008523 -0.139640 -0.026431 0.056707 0.138523 0.121131 0.145395 -0.176811 -0.253220 -0.014818 -0.128337 -0.322470 -0.116048 0.127949 0.106230 0.178878 0.172436 -0.082205 0.033789 0.347363 0.073020 -0.023593 -0.013280 0.078162 0.035053
-0.095284 -0.280847 0.346850 0.476008 0.306055 0.273559 0.213806 0.128018 0.240738 0.298739 -0.156865 -0.087065 -0.190693 -0.215398 -0.143627 -0.370781 -0.453899 -0.360125 -0.273045 -0.257771 0.420618 0.283413 0.293560 0.425058 0.504790 0.576583 0.804740 1.000000 -0.523825 -0.456009 0.191444 -0.128859 -0.320015 -0.211606 0.302015 0.354998 -0.471227 -0.395334 -0.119513 0.158083 -0.228963 -0.233891 -0.052889 0.111212 -0.135954 0.004713 0.179432 0.283081 -0.034154 -0.159610 0.291201 0.132090 -0.023977 -0.078190 0.036315 0.079588 -0.131694 -0.136288 -0.221856 -0.131197 -0.331007 -0.067156 -0.510448 -0.494815 0.134334 0.395339 -0.022046 0.216737 0.004755 0.024599 -0.037117 0.127095 -0.387414 -0.147790 -0.352717 -0.296641 -0.362278 -0.117539 -0.355330 -0.128608 -0.479172 -0.395660 0.053401 -0.332332 -0.052914 0.271624 -0.001238 0.053015 0.246314 0.408035 -0.155514 -0.027727 0.074192 -0.081229 0.042801 0.082910 0.213809 0.213687 -0.101503 -0.112447 0.066051 -0.192359 -0.285653 -0.281078 0.041912 -0.030334 0.108524 0.004956 0.023013 -0.026218 0.411758 0.123343 -0.006612 0.030882 0.010006 -0.017373
0.037505 0.332491 -0.339291 -0.484706 -0.365444 -0.280039 -0.256391 -0.381081 -0.288842 -0.331825 0.097912 0.103450 0.147721 0.136939 0.165277 0.346528 0.462524 0.503749 0.263571 0.216221 -0.256321 0.057180 -0.162971 -0.349260 -0.291112 -0.272588 -0.526785 -0.523825 1.000000 0.695294 0.040070 0.109351 0.331730 0.167420 -0.449779 -0.523614 0.627954 0.361875 0.263656 0.032366 0.356749 0.452895 0.113860 -0.075880 -0.139486 -0.425888 0.195261 -0.299948 -0.159706 0.070711 -0.248513 -0.093233 0.310684 0.177718 0.259307 0.275699 0.045535 0.038138 0.039819 -0.102518 0.136123 0.104272 0.472894 0.418219 -0.317246 -0.597680 -0.242011 -0.579608 0.053632 -0.097591 0.021903 0.037842 0.571444 0.246042 0.332579 0.247694 0.365572 -0.043405 0.422207 0.390827 0.648543 0.610865 0.179091 0.554145 0.197564 -0.003787 -0.033163 0.038530 -0.255546 -0.225398 0.083562 -0.101810 -0.083307 -0.041396 -0.063678 -0.051142 -0.008855 -0.135608 0.142090 0.116615 -0.037641 0.305227 0.297690 0.036652 -0.159489 -0.224904 -0.224055 -0.242519 0.063231 -0.131334 -0.404157 -0.025838 0.163055 0.103279 -0.210028 0.146969
-0.275301 0.118413 -0.542821 -0.243921 -0.514545 -0.217471 -0.338206 0.027249 -0.300818 0.019419 -0.192931 0.237317 0.065354 0.396887 -0.140079 0.480789 0.290416 0.516213 -0.017875 0.273246 -0.238954 0.069263 -0.435433 -0.260196 -0.509499 -0.140782 -0.619813 -0.456009 0.695294 1.000000 0.161389 0.574305 0.269988 0.372179 -0.593068 -0.433218 0.615538 0.318253 0.139886 0.105637 0.354580 0.538432 0.022748 -0.137194 -0.195687 -0.386894 0.169865 -0.331035 -0.281620 0.043509 -0.396427 -0.119291 0.219736 0.035170 0.147077 0.246958 -0.170406 -0.162128 -0.216826 -0.096751 -0.060073 0.281447 0.120482 0.242604 -0.364485 -0.379018 -0.406651 -0.539235 -0.122079 -0.178969 0.124182 0.153328 0.673282 0.317757 0.251467 0.242100 0.369515 0.105852 0.394898 0.314042 0.623612 0.588700 -0.027650 0.624761 0.020061 -0.066801 -0.081010 -0.057617 -0.450149 -0.253666 0.227202 -0.200664 0.228064 0.064367 -0.166666 0.193601 0.032323 -0.005713 0.014402 0.258825 0.098904 0.217604 0.441749 0.116474 -0.019934 -0.055950 -0.114792 -0.353249 0.227173 0.043327 -0.248322 0.087134 0.258072 0.196538 -0.043839 -0.060281
-0.245828 0.029693 -0.042053 0.308552 0.063180 0.092026 0.281972 0.172325 0.001203 0.126923 -0.035706 0.065525 -0.030438 -0.092221 -0.173721 -0.089808 -0.165181 0.090579 0.004396 -0.014584 -0.007445 0.011136 0.282119 0.248048 0.256163 0.368281 0.225289 0.191444 0.040070 0.161389 1.000000 0.305936 0.041650 0.087272 0.037849 -0.206323 0.061739 0.001461 0.060239 0.043799 -0.150765 0.108305 0.074895 0.098839 -0.120064 -0.194622 0.102372 -0.025508 -0.284000 -0.025896 0.056090 0.008536 -0.156166 0.181984 0.141755 0.095782 -0.244046 -0.249554 -0.262569 -0.441257 -0.299221 -0.216654 -0.287237 -0.288356 0.123236 -0.011606 -0.360821 -0.296561 -0.324507 -0.404016 -0.158052 0.057963 0.084355 0.118525 0.092531 0.006931 -0.034145 -0.106844 -0.026275 0.057090 -0.105436 -0.002908 0.294549 0.276741 -0.077689 0.088541 0.040756 -0.079591 0.075186 0.081785 -0.120380 -0.044457 0.179675 0.047402 0.009187 0.129189 0.033188 0.025052 -0.191486 -0.002819 -0.072175 0.151257 0.036820 0.054723 0.112200 0.197986 0.103373 -0.177549 -0.016754 -0.106280 -0.096052 0.241064 0.195228 0.339221 0.040569 0.192133
-0.612015 -0.238422 -0.443060 0.202757 -0.200995 0.167706 -0.089848 0.531249 0.063920 0.501581 -0.348352 0.352830 0.109673 0.539911 -0.306117 0.364646 -0.111101 0.137839 -0.175222 0.067956 0.090737 0.190549 -0.469413 0.020911 -0.320252 0.263771 -0.246227 -0.128859 0.109351 0.574305 0.305936 1.000000 0.120933 0.577410 -0.274328 -0.104908 0.252813 0.237118 -0.119850 0.144743 0.222619 0.362667 -0.181610 -0.249537 0.025789 0.049766 -0.072668 -0.241990 -0.357084 0.024911 -0.364964 -0.098014 -0.242340 -0.160610 -0.171619 0.058412 -0.584386 -0.555505 -0.459338 -0.237832 -0.369683 0.007800 -0.155409 -0.227555 -0.125842 -0.062842 -0.235134 -0.104067 -0.455844 -0.202915 0.180713 0.319044 0.416451 0.163419 0.116542 0.291184 0.326645 0.392773 0.105731 0.071294 0.196334 0.145291 -0.217240 0.457396 -0.426229 -0.228030 -0.078604 -0.199198 -0.577816 -0.207409 0.258197 -0.044805 0.468112 0.189897 -0.073781 0.352564 0.027869 0.184028 -0.188788 0.365796 0.231492 0.078865 0.375515 0.439220 0.128370 0.221779 0.130161 -0.082720 0.236967 0.128427 0.158729 0.369932 0.419605 0.095945 -0.046582 -0.094916
0.004239 0.208434 -0.081972 -0.268907 -0.170864 -0.276161 -0.146626 -0.126410 -0.172560 -0.164045 0.101780 -0.178659 0.144067 0.095766 -0.055385 0.007865 0.145689 0.278122 0.425429 0.498477 -0.194354 -0.217580 -0.187509 -0.239804 -0.169022 -0.269473 -0.283666 -0.320015 0.331730 0.269988 0.041650 0.120933 1.000000 0.504216 -0.125568 -0.189786 0.180284 0.017830 -0.110697 -0.177623 0.110531 -0.071516 -0.193908 -0.203243 0.001998 -0.068307 -0.092121 -0.148233 -0.261913 -0.067602 -0.099248 -0.107931 -0.028548 -0.125552 0.173236 -0.080244 0.121154 0.204113 -0.045679 -0.073767 0.086655 0.086152 0.281922 0.390782 -0.126159 -0.174436 0.042821 -0.131391 0.168693 0.025780 0.036778 0.190902 0.366583 0.280119 0.219126 0.146040 0.192439 0.066805 0.315606 0.205248 0.386296 0.254009 -0.224460 0.042991 -0.074422 -0.431344 -0.167274 -0.116712 -0.248882 -0.415375 -0.144780 -0.087306 -0.256309 -0.024533 0.114375 0.100461 -0.210920 -0.127294 -0.232009 0.133540 -0.131354 0.181382 0.124164 0.223040 0.042410 0.154999 0.001530 0.081798 0.192556 0.083214 -0.208306 0.000444 0.176110 0.106986 0.030981 0.222083
-0.161658 0.011014 -0.166678 -0.046612 -0.113044 0.143969 -0.013951 0.241311 0.149703 0.223673 -0.046173 0.271537 0.207132 0.599709 0.046729 0.391591 0.020046 0.245211 0.042325 0.316785 -0.203586 -0.121833 -0.151959 0.016618 -0.061444 -0.054848 -0.236076 -0.211606 0.167420 0.372179 0.087272 0.577410 0.504216 1.000000 -0.006502 0.067271 0.083195 0.068518 -0.299394 -0.124806 0.159838 0.121865 -0.382548 -0.402258 -0.038266 0.032168 -0.334118 -0.444603 -0.227284 -0.101479 -0.216823 -0.070155 -0.206960 -0.271992 -0.158865 -0.258959 -0.338630 -0.277618 -0.254325 -0.183815 0.012323 0.193345 0.206703 0.081328 0.144784 0.069968 -0.076816 0.002763 -0.245535 -0.016558 0.034289 0.230517 0.305866 0.287447 0.346494 0.416049 0.321194 0.257829 0.140477 0.010225 0.113619 0.023065 -0.151135 0.217813 -0.345379 -0.439162 -0.273285 -0.299342 -0.314768 -0.437987 -0.034082 -0.050639 0.148049 0.181080 -0.027873 0.284583 -0.306617 -0.114777 -0.466591 0.119585 0.034282 0.064597 0.198134 0.395350 0.116946 0.238282 0.025021 0.031696 0.201346 0.076115 -0.090891 0.162072 0.200749 0.092471 0.045626 -0.102046
-0.017185 -0.262152 0.317867 0.285483 0.346701 0.219057 0.277264 0.002443 0.244601 0.067084 0.186352 -0.104142 -0.060863 -0.145016 0.124759 -0.143982 -0.374972 -0.383436 -0.238817 -0.404678 0.099932 -0.125270 0.519320 0.336362 0.459800 0.124641 0.530457 0.302015 -0.449779 -0.593068 0.037849 -0.274328 -0.125568 -0.006502 1.000000 0.474912 -0.543581 -0.178369 -0.113285 -0.204533 -0.410961 -0.341043 -0.130560 0.088496 0.183181 0.423437 -0.205554 0.216766 0.175814 -0.073415 0.383289 0.168239 -0.108483 -0.024353 -0.108798 -0.226245 -0.149146 -0.134551 0.022242 -0.043274 0.000438 -0.361904 -0.106883 -0.294714 0.429654 0.271630 0.355483 0.487262 -0.049172 -0.064238 -0.243772 -0.000641 -0.695448 -0.291641 -0.254212 -0.128348 -0.063388 -0.125529 -0.461604 -0.289475 -0.662989 -0.533882 0.105032 -0.384861 -0.140346 0.135546 0.020616 -0.103421 0.275019 0.147242 -0.375318 0.044578 -0.170417 0.051530 0.174605 -0.033572 -0.154563 -0.070904 -0.289206 -0.353592 -0.312390 -0.203981 -0.385527 -0.027569 0.141641 0.200558 0.176656 0.262665 -0.019497 0.039772 0.270958 -0.090541 -0.007480 0.097101 0.317089 0.051580
-0.013864 -0.422578 0.271252 0.158730 0.296243 0.208337 0.180454 0.164688 0.226165 0.255968 -0.021892 -0.045131 -0.116414 -0.023303 0.059624 -0.100015 -0.238987 -0.411807 -0.282013 -0.186682 0.232512 0.074003 0.114747 0.173594 0.273431 0.202538 0.347508 0.354998 -0.523614 -0.433218 -0.206323 -0.104908 -0.189786 0.067271 0.474912 1.000000 -0.299972 -0.203425 -0.259214 0.034979 -0.178525 -0.234052 -0.394041 -0.320441 -0.105940 0.353130 -0.311579 0.037218 -0.003470 -0.365640 0.036750 -0.162253 -0.132266 -0.272839 -0.067224 -0.222096 -0.071988 -0.053042 -0.183023 -0.101870 0.063318 -0.079676 -0.088177 -0.309459 0.348481 0.422587 0.378832 0.597427 -0.028870 0.169047 -0.189659 0.066548 -0.441458 -0.198329 -0.355631 -0.181005 -0.177526 0.143211 -0.489175 -0.317468 -0.471297 -0.446209 -0.021988 -0.395857 -0.110785 0.093497 -0.272841 -0.024116 0.263363 0.066564 -0.057478 0.131908 0.100418 0.065844 0.071899 -0.011589 0.005466 0.162478 -0.290708 -0.129315 -0.076105 -0.169404 -0.200854 -0.034227 0.164839 0.167604 0.122217 0.227674 -0.209328 0.149257 0.378288 -0.028786 -0.169574 -0.190534 0.304069 -0.201839
