1.000000 0.452358 -0.049931 -0.270427 -0.007390 -0.204806 -0.015245 -0.235798 0.038683 0.027414 0.045123 -0.007097 0.190822 0.085206 -0.139327 0.129084 0.088676 0.193746 0.222345 0.090204 -0.343743 -0.210397 -0.254177 -0.337216 -0.516218 -0.410138 -0.396359 -0.324411 0.229297 0.158703 -0.220429 -0.151443 0.120378 -0.021463 -0.038024 -0.019949 0.053772 0.268168 -0.168116 -0.012537 0.276010 -0.011800 -0.467001 -0.494822 -0.331952 -0.469424 -0.409317 -0.274578 0.004294 -0.286379 -0.086611 -0.165016 0.367145 0.094604 0.105442 -0.343307 0.684185 0.580698 0.381778 0.141663 0.543284 0.351319 0.389355 0.388381 -0.135940 -0.065943 -0.013759 -0.152737 0.069742 0.088905 -0.084398 -0.029239 0.295370 -0.054272 0.188703 0.327366 0.410862 0.419236 0.239861 0.107452 0.071647 0.292216 -0.281580 -0.195866 -0.266869 -0.271541 0.092630 0.023944 -0.111025 -0.112506 0.194949 0.170803 0.004046 0.078224 -0.143553 0.030468 -0.367823 -0.234705 0.016738 0.285052 0.338721 0.302224 0.230465 0.268698 0.085795 -0.054270 0.107600 -0.032788 0.000237 0.267719 -0.173733 -0.053675 -0.091427 -0.022475 -0.067449 -0.182305
0.452358 1.000000 -0.385998 -0.323223 -0.275419 0.064031 -0.085688 0.040338 -0.061110 0.259426 0.059288 0.082447 0.068864 0.348385 0.013724 0.391548 0.360918 0.425778 0.096789 0.225443 -0.299280 -0.286418 -0.534976 -0.545430 -0.520145 -0.387582 -0.366901 -0.292295 0.208665 0.452522 -0.359010 -0.302443 0.231616 0.198742 -0.204938 -0.062519 -0.073568 0.304174 -0.278885 0.034949 0.005327 -0.196945 -0.271674 -0.327879 -0.340172 -0.398847 -0.155884 -0.085938 -0.279357 -0.230069 -0.230289 -0.099697 0.173110 0.027516 -0.091973 -0.288807 0.476523 0.497516 0.154163 0.190757 0.318642 0.520715 0.442057 0.542347 -0.319726 0.041963 -0.088173 -0.310758 0.323699 0.177898 -0.135928 -0.162944 0.308720 0.179937 0.024594 0.224137 0.253510 0.383236 0.268165 0.187671 0.179312 0.197829 -0.197038 -0.034268 -0.136414 -0.275856 -0.111089 -0.281516 -0.286515 -0.231334 0.237269 0.002900 0.226922 -0.220322 -0.130342 -0.040197 -0.390302 -0.195687 0.084231 0.176079 0.438611 0.192292 0.357722 0.301889 0.169119 -0.015464 0.111595 0.166326 -0.098800 0.138925 -0.336342 -0.023543 -0.027590 0.001154 0.068597 -0.008392
-0.049931 -0.385998 1.000000 0.360539 0.530472 -0.031244 0.538534 0.066802 0.315226 -0.255785 -0.241230 -0.319392 -0.089212 -0.290303 -0.217371 -0.432458 -0.490215 -0.485056 0.247707 -0.179656 0.173655 0.309313 0.617898 0.431871 0.552081 0.393736 0.327749 0.344048 -0.345905 -0.501377 0.236205 -0.007394 -0.195643 0.002653 0.304923 0.217693 0.083434 -0.220796 0.282843 0.171694 0.146114 0.125209 -0.134173 -0.020008 -0.001828 0.003643 0.042645 0.068409 0.227692 -0.053856 0.028481 -0.172775 -0.147464 -0.103645 0.071470 0.019724 -0.283798 -0.102945 -0.046449 -0.090409 0.040866 -0.284019 -0.349537 -0.396586 0.452664 0.141344 -0.034179 0.291925 -0.288719 -0.220394 0.084243 0.269802 -0.208332 -0.297981 -0.150696 -0.078619 -0.101816 -0.148360 -0.318393 -0.281889 -0.446176 -0.295716 0.060558 -0.093963 -0.074262 0.150429 0.127113 0.353358 0.452329 0.329275 -0.139100 0.008383 -0.203513 0.126272 -0.051815 -0.081425 0.370855 -0.053431 -0.235375 -0.291377 -0.395261 -0.238098 -0.313273 -0.324837 -0.200542 -0.194635 -0.012350 -0.097915 0.258492 -0.092798 0.306375 -0.188286 -0.211221 -0.222544 -0.234231 -0.214364
-0.270427 -0.323223 0.360539 1.000000 0.289187 0.045454 0.277724 0.294195 0.055947 -0.091827 -0.073659 -0.025171 -0.185970 0.032828 -0.060838 -0.265035 -0.429274 -0.451306 0.027201 -0.042912 0.003609 -0.083538 0.484235 0.515555 0.420823 0.330253 0.255017 0.228081 -0.329140 -0.570861 0.374541 0.287513 -0.353405 0.013463 0.315463 0.184031 -0.216358 -0.266790 0.006938 -0.052273 -0.231453 -0.230685 0.083637 0.163629 0.072368 0.250451 0.178546 0.106236 -0.037886 0.101394 0.082965 0.027493 -0.272468 0.014965 -0.251934 -0.031408 -0.369154 -0.402968 -0.249685 -0.068438 -0.121585 -0.237361 -0.433101 -0.387456 0.630912 0.479683 -0.220442 0.175927 -0.187868 -0.057588 0.075315 0.027337 -0.410916 -0.269464 -0.141097 -0.300755 -0.252167 -0.199996 -0.223510 -0.179263 -0.380245 -0.381465 0.282308 0.113531 0.213471 0.140526 -0.059990 0.168007 0.284403 0.234726 -0.022035 -0.064064 -0.113583 -0.041962 -0.068097 -0.139574 0.105968 -0.116596 -0.203427 -0.483421 -0.427577 -0.450683 -0.462766 -0.282080 0.049271 0.030283 -0.122118 -0.080769 0.063386 -0.034431 0.026585 -0.154888 -0.144411 -0.029475 0.167444 -0.298785
-0.007390 -0.275419 0.530472 0.289187 1.000000 0.308417 0.127561 -0.174363 0.222330 -0.377221 0.228184 -0.082321 0.267554 -0.025634 0.384214 -0.249157 -0.284162 -0.479657 -0.014955 -0.347752 0.504153 0.374971 0.640519 0.518464 0.466734 0.268416 0.650816 0.543491 -0.391943 -0.513084 -0.082488 -0.122497 -0.472889 -0.325484 0.261327 0.130868 -0.126524 -0.452027 0.243265 0.006407 -0.290266 -0.249414 -0.079346 -0.040884 -0.047303 -0.193585 0.056889 0.201029 0.332647 0.046834 0.191069 0.030172 0.019168 0.109824 0.057898 0.039742 -0.253225 -0.223266 0.039605 0.161739 -0.044217 -0.268889 -0.516107 -0.540025 0.427652 0.102548 0.139370 0.330333 -0.101045 -0.046176 -0.050424 0.168583 -0.493179 -0.417309 -0.336985 -0.179825 -0.354790 -0.200227 -0.460242 -0.316473 -0.440072 -0.497588 0.250588 -0.145034 0.119909 0.031483 -0.103789 0.057194 0.264281 0.164296 0.023983 0.289119 -0.137126 0.310904 -0.148368 -0.459308 0.332174 0.087626 -0.317309 -0.231268 -0.465660 -0.317365 -0.312061 -0.025443 -0.124604 -0.055202 0.045989 -0.065237 0.069297 -0.140694 0.440705 -0.107298 -0.299870 -0.095295 -0.246908 -0.135911
-0.204806 0.064031 -0.031244 0.045454 0.308417 1.000000 -0.097184 0.244288 0.017671 0.226734 0.188563 0.304004 0.266146 0.445654 0.487059 0.309038 0.300339 0.187789 -0.173840 -0.022472 0.204058 0.109887 0.008152 0.079566 -0.038927 0.039252 0.234850 0.333815 -0.046163 0.162289 -0.208854 -0.154829 -0.299203 -0.106770 -0.182218 -0.166125 -0.339378 -0.146685 -0.218707 -0.161348 -0.533500 -0.253391 -0.091500 -0.068291 0.019863 -0.097572 0.097736 0.135005 0.095321 0.102856 -0.019209 0.150752 0.008447 0.101871 -0.360713 -0.127183 -0.068138 -0.212317 0.000751 0.291667 -0.187898 0.091029 -0.119308 -0.017614 -0.016059 -0.016162 0.132461 0.167111 -0.118632 -0.040525 -0.007193 -0.062172 -0.199370 -0.097503 -0.231643 -0.003663 -0.326674 -0.146907 -0.124538 -0.148524 0.055484 -0.194001 0.073162 0.147921 0.030497 -0.196881 -0.506350 -0.312019 -0.297068 -0.142382 0.270803 0.204958 0.253343 0.101266 -0.160692 -0.288933 -0.017674 -0.129536 0.035597 -0.055362 0.118128 -0.100247 0.157155 0.061079 -0.026425 -0.099380 0.063545 -0.059523 -0.085073 -0.043425 -0.095130 -0.070110 0.048257 0.165436 -0.058306 -0.127903
-0.015245 -0.085688 0.538534 0.277724 0.127561 -0.097184 1.000000 0.426725 0.492150 0.264526 -0.393400 -0.205914 -0.246212 -0.232734 -0.498686 -0.198893 -0.214030 -0.147543 0.447217 0.437756 -0.091029 -0.052488 0.073311 0.232827 0.179577 0.341963 -0.147865 0.118147 0.090916 -0.087048 0.383283 0.194076 0.099187 0.436635 0.048773 0.182747 0.140566 0.110565 -0.120669 -0.072907 0.233473 0.269005 -0.319536 -0.303271 -0.184653 -0.023728 -0.196386 -0.200913 -0.367210 -0.350852 -0.371980 -0.409175 -0.287302 -0.197408 -0.261605 -0.304349 -0.094374 -0.053578 -0.218310 -0.142221 0.117915 0.040177 0.048941 0.074489 0.188247 0.130510 -0.363148 0.052252 -0.113632 -0.019683 0.143303 0.175598 0.185373 0.147198 0.250923 0.289754 0.182848 0.056522 0.029425 -0.074031 -0.131518 0.056589 0.072112 0.313780 -0.120614 -0.017843 0.161618 0.461282 0.257616 0.142301 0.110639 -0.133995 -0.148175 -0.186178 -0.036044 0.110090 -0.222865 -0.216044 -0.120566 -0.374200 -0.174363 -0.061474 -0.152812 -0.230165 -0.084392 -0.082844 0.127404 -0.013868 0.005959 -0.097558 -0.020168 -0.044630 -0.376108 -0.289220 -0.085341 -0.256098
-0.235798 0.040338 0.066802 0.294195 -0.174363 0.244288 0.426725 1.000000 0.286524 0.539031 -0.299626 0.324700 -0.122506 0.449355 -0.285400 0.051389 0.056071 0.070141 0.063942 0.286061 -0.339235 -0.369066 -0.262230 -0.099104 -0.065789 0.042358 -0.351512 -0.056469 0.018294 0.032542 0.194988 0.219512 0.092242 0.395939 -0.168251 0.046238 -0.414119 -0.073919 -0.528768 -0.412587 -0.134541 -0.073878 -0.108272 -0.025325 0.157650 0.249618 -0.087440 -0.201689 -0.124013 0.053285 -0.198845 0.107283 -0.164549 -0.173539 -0.518836 -0.316630 -0.143605 -0.207033 0.000759 0.265518 -0.008954 0.344312 0.108717 0.291181 -0.008186 0.360260 -0.077002 0.229166 -0.314847 0.080480 0.094807 -0.200550 0.075122 0.132060 0.099700 0.230040 -0.026178 0.009324 0.008579 -0.119648 0.022931 -0.089569 -0.091205 0.143286 0.085141 -0.269321 0.017550 -0.135735 -0.109914 -0.081260 0.110346 -0.250652 0.160418 -0.334747 -0.128453 0.107691 -0.322070 -0.474033 -0.151782 -0.314741 0.231174 -0.027935 0.185463 0.052144 0.141174 -0.044899 -0.012255 -0.163153 -0.099748 0.075176 -0.406758 -0.129714 0.085199 0.046070 0.126886 -0.303233
0.038683 -0.061110 0.315226 0.055947 0.222330 0.017671 0.492150 0.286524 1.000000 0.469508 -0.042822 -0.014957 0.154149 0.121816 -0.092199 0.087740 -0.298660 -0.292052 0.193876 0.022758 -0.028947 0.186216 0.028403 0.163666 0.002552 0.211622 -0.172394 0.071287 -0.023167 -0.099422 -0.024538 -0.036861 -0.117216 0.128290 0.071394 -0.016848 -0.000642 -0.204805 -0.134621 -0.246842 0.166075 0.078738 -0.297632 -0.315202 0.042033 -0.017443 0.051339 -0.202354 0.108299 0.099913 -0.006171 0.094898 0.212711 0.147813 -0.082363 0.018620 -0.161895 -0.198228 0.059919 0.195579 0.212810 0.286075 -0.075389 0.081068 -0.046618 0.180986 -0.245807 0.022672 -0.302447 -0.069533 -0.168426 0.021933 0.037374 -0.072050 -0.028961 0.016084 -0.073492 -0.125561 -0.397080 -0.480417 -0.370908 -0.216860 0.184150 0.193293 -0.167070 -0.242423 0.221524 0.110177 0.014167 -0.153625 0.311894 0.265072 0.032934 0.203305 -0.145077 -0.103432 -0.045074 -0.111364 0.104682 0.000709 0.092940 0.007818 0.070337 0.073613 -0.112229 0.012317 -0.074936 -0.096145 -0.002095 -0.127425 -0.019820 0.087602 -0.027552 -0.064980 -0.207306 0.074657
0.027414 0.259426 -0.255785 -0.091827 -0.377221 0.226734 0.264526 0.539031 0.469508 1.000000 -0.230416 0.071998 0.009898 0.267673 -0.216614 0.459016 0.218765 0.250584 0.050966 0.482735 -0.343106 -0.135661 -0.550213 -0.163054 -0.381339 -0.059326 -0.578140 -0.268763 0.353175 0.347599 0.069413 0.063295 0.273266 0.386218 -0.312781 -0.184799 -0.055516 0.088087 -0.467275 -0.405148 0.059444 0.164917 -0.296847 -0.349754 -0.207427 -0.127812 -0.194840 -0.452237 -0.312323 -0.166347 -0.283448 0.039302 0.134670 -0.005232 -0.351826 -0.329364 0.139946 0.001364 0.053498 0.265134 0.180834 0.562288 0.470107 0.626785 -0.417153 0.023860 -0.232612 -0.148519 -0.167691 0.121806 -0.024454 -0.082719 0.354925 0.270315 0.197979 0.153163 -0.052042 -0.107262 0.189417 -0.034489 0.225566 0.271807 0.021924 0.302970 -0.223315 -0.354786 0.078529 -0.069590 -0.266709 -0.317985 0.507483 0.142816 0.296824 -0.096046 -0.032181 0.064794 -0.562544 -0.314865 0.256810 0.054168 0.514384 0.298511 0.378590 0.308776 0.087252 0.137521 -0.083445 -0.098273 -0.139653 -0.021414 -0.402272 0.160707 0.086195 -0.034435 0.091931 -0.030352
0.045123 0.059288 -0.241230 -0.073659 0.228184 0.188563 -0.393400 -0.299626 -0.042822 -0.230416 1.000000 0.373800 0.641495 0.318110 0.732627 0.164510 0.270602 0.228834 -0.248401 -0.399706 0.356882 0.264172 0.177378 0.117960 -0.077261 -0.193622 0.292830 0.184852 0.111549 0.099472 -0.196104 0.029852 -0.387058 -0.484445 -0.250375 -0.310566 -0.120029 0.028263 -0.023318 -0.083982 -0.213092 -0.119578 0.107297 0.067958 0.133873 -0.114531 0.123163 0.107452 0.269520 0.256814 0.216600 0.236087 0.189394 0.312460 -0.055620 0.173622 0.030228 0.077238 -0.199083 -0.063232 -0.266652 -0.257236 -0.289266 -0.270201 -0.056614 -0.177085 -0.110686 -0.290570 -0.040634 -0.204142 0.106008 0.176872 -0.131724 -0.113169 -0.122217 -0.006784 -0.083626 -0.032022 -0.187809 -0.039086 -0.015006 -0.086752 0.354892 0.071360 0.233285 -0.013957 -0.259059 -0.268609 -0.267602 -0.175348 0.061098 0.273968 0.253776 0.326546 -0.017087 -0.235358 0.138095 0.090615 0.179800 0.239056 0.101158 0.114709 0.087073 0.011329 0.020876 -0.096735 0.079232 -0.121690 -0.042557 -0.048827 0.081979 0.288590 0.160743 0.267111 -0.052690 0.027594
-0.007097 0.082447 -0.319392 -0.025171 -0.082321 0.304004 -0.205914 0.324700 -0.014957 0.071998 0.373800 1.000000 0.376292 0.666324 0.298210 0.327647 0.422493 0.410813 -0.230157 -0.107345 -0.021482 -0.262950 -0.199076 -0.043632 -0.277008 -0.234951 -0.144144 -0.084770 0.393273 0.376788 -0.023295 0.297868 -0.163139 -0.163093 -0.452355 -0.437365 -0.264381 0.160831 -0.522286 -0.387873 -0.208270 -0.209486 0.013946 0.046221 0.217268 0.083787 -0.013098 -0.043692 0.057777 0.211613 -0.036948 0.216267 0.091139 0.173776 -0.406479 -0.074635 0.098985 -0.076817 -0.071229 0.014333 -0.120009 0.119158 -0.005664 0.095546 -0.129594 -0.013306 -0.166681 -0.224373 -0.288198 -0.168780 0.134977 -0.146658 0.155744 -0.060792 0.061225 0.201509 -0.035447 -0.065516 0.068799 -0.052200 0.309776 0.122783 0.000980 0.225466 0.286281 0.062319 -0.212807 -0.384840 -0.414047 -0.365312 0.088920 -0.031355 0.217941 -0.142650 0.162378 0.116198 -0.202041 -0.013783 0.132202 0.158444 0.330109 0.005337 0.188342 0.056907 0.162478 -0.044035 0.058675 -0.160963 -0.265366 0.049669 -0.324628 0.321202 0.291517 0.378896 0.263364 -0.066628
0.190822 0.068864 -0.089212 -0.185970 0.267554 0.266146 -0.246212 -0.122506 0.154149 0.009898 0.641495 0.376292 1.000000 0.425542 0.572229 0.231497 0.268398 0.135495 -0.213192 -0.187206 0.255780 0.188808 0.058218 0.145474 -0.103969 -0.135546 0.093569 0.197481 0.272893 0.117329 -0.096052 0.172182 -0.237910 -0.294416 -0.299196 -0.273760 -0.149749 0.009561 -0.278661 -0.399032 -0.154693 -0.052452 -0.159459 -0.119115 0.050071 -0.171541 -0.073792 -0.214193 0.202891 0.108484 -0.001652 0.054570 0.285735 0.161166 -0.190366 -0.029308 -0.002194 0.068091 0.134563 0.082293 0.057406 0.071007 -0.103018 -0.025938 -0.161121 -0.195339 -0.012558 -0.125553 -0.045042 -0.009164 0.085018 0.033286 -0.077106 -0.131604 -0.153163 0.071574 -0.152838 -0.152915 -0.024027 -0.121082 0.099424 0.028400 0.305584 0.070689 0.114286 -0.197273 -0.131847 -0.316437 -0.114114 -0.329637 0.211248 0.285801 0.240415 0.218972 0.134597 -0.287325 0.020216 0.069525 0.184829 0.247179 0.270846 0.174044 0.230598 0.207596 0.052981 -0.021123 0.033414 -0.129225 -0.028631 -0.068994 0.129643 0.342283 0.171433 0.136368 -0.037666 -0.041500
0.085206 0.348385 -0.290303 0.032828 -0.025634 0.445654 -0.232734 0.449355 0.121816 0.267673 0.318110 0.666324 0.425542 1.000000 0.379564 0.441528 0.269339 0.219851 -0.305032 -0.162326 -0.142965 -0.260182 -0.209067 -0.178256 -0.305590 -0.295264 -0.151216 -0.028621 0.059842 0.157590 -0.257503 -0.080624 -0.258629 -0.125188 -0.263930 -0.225372 -0.483687 -0.032767 -0.512663 -0.344890 -0.388528 -0.426022 -0.186326 -0.161195 0.135344 -0.018915 -0.040840 -0.126645 0.167378 0.182145 0.029911 0.227145 0.198041 0.118230 -0.334081 -0.209232 0.110755 -0.044388 0.215280 0.323318 0.148918 0.499103 -0.012518 0.203895 -0.088407 0.357937 0.022941 0.000553 -0.148329 0.037812 -0.051525 -0.218474 -0.110444 -0.159600 -0.164176 0.069355 -0.101496 -0.000763 -0.114271 -0.140758 0.066358 -0.152125 -0.020338 -0.022095 0.203508 -0.264711 -0.280424 -0.579874 -0.353725 -0.205494 0.224839 0.088764 0.458872 -0.075882 -0.139026 -0.183648 -0.227088 -0.251569 -0.037481 0.107179 0.431338 -0.034860 0.331629 0.196841 0.244485 -0.009830 0.026403 -0.080511 -0.251182 0.103212 -0.327487 0.081383 0.250566 0.294522 0.076020 -0.153437
-0.139327 0.013724 -0.217371 -0.060838 0.384214 0.487059 -0.498686 -0.285400 -0.092199 -0.216614 0.732627 0.298210 0.572229 0.379564 1.000000 0.255642 0.260824 0.114811 -0.360556 -0.426258 0.490360 0.357841 0.213973 0.138160 0.091254 -0.056158 0.520564 0.317669 -0.123589 0.010711 -0.352309 -0.206381 -0.463706 -0.528380 -0.131348 -0.255779 -0.300857 -0.303123 0.040162 -0.046147 -0.614557 -0.343648 0.239132 0.151498 0.180072 -0.086028 0.376148 0.323336 0.374763 0.365205 0.293269 0.330193 0.183535 0.300517 0.004407 0.257021 -0.030772 -0.075293 0.022528 0.149076 -0.316601 -0.153247 -0.461405 -0.354180 -0.084017 -0.236675 0.099201 -0.149257 0.019669 -0.078285 -0.022744 0.071187 -0.455166 -0.267327 -0.501477 -0.224217 -0.329784 -0.161381 -0.355524 -0.139788 -0.033538 -0.309446 0.358869 0.055083 0.136183 -0.011877 -0.527322 -0.431544 -0.345918 -0.229425 0.127153 0.369502 0.345572 0.378942 -0.141669 -0.412878 0.338032 0.141351 0.245029 0.287160 0.027103 -0.081561 0.098918 0.074397 -0.046023 -0.101497 0.003210 -0.024509 -0.119747 -0.043195 0.136119 0.236193 0.257579 0.256104 -0.117938 0.082809
0.129084 0.391548 -0.432458 -0.265035 -0.249157 0.309038 -0.198893 0.051389 0.087740 0.459016 0.164510 0.327647 0.231497 0.441528 0.255642 1.000000 0.351669 0.280622 -0.051143 0.112042 -0.122595 0.105125 -0.393090 -0.162927 -0.318221 0.031982 -0.264460 -0.053120 0.386950 0.550447 -0.086263 -0.093604 0.116026 0.102108 -0.280081 -0.281360 0.162736 0.280789 -0.188179 0.020366 0.011393 0.090386 -0.195210 -0.276057 -0.217722 -0.356732 -0.038296 -0.103168 -0.135649 -0.093753 -0.221184 -0.061786 0.143363 0.058139 -0.101347 -0.144473 0.171401 0.136191 0.044586 0.125110 0.090105 0.365388 0.278870 0.409293 -0.442907 -0.235949 -0.080066 -0.342115 -0.091933 -0.169149 -0.119036 -0.062046 0.245550 0.067225 0.009461 0.092884 -0.006514 0.128076 0.123634 0.106117 0.312707 0.260580 0.129522 0.417607 -0.081173 -0.115258 -0.186325 -0.147121 -0.407432 -0.342849 0.293027 0.101237 0.371231 0.039017 -0.186803 -0.127706 -0.208664 -0.055451 0.270741 0.257263 0.432115 0.211873 0.327419 0.120551 -0.107228 -0.214534 -0.145473 -0.062664 -0.058988 -0.172870 -0.166962 0.126901 0.117718 0.042802 -0.158617 -0.060156
0.088676 0.360918 -0.490215 -0.429274 -0.284162 0.300339 -0.214030 0.056071 -0.298660 0.218765 0.270602 0.422493 0.268398 0.269339 0.260824 0.351669 1.000000 0.811631 0.010934 0.278107 0.028824 -0.175503 -0.529062 -0.430498 -0.543127 -0.430251 -0.280621 -0.276147 0.579075 0.665608 -0.031123 0.029987 0.335356 0.112624 -0.553773 -0.415586 -0.188942 0.344828 -0.453775 -0.300982 -0.246981 -0.128205 0.029167 0.033511 -0.219205 -0.193677 -0.218682 -0.147621 -0.310511 -0.192230 -0.291934 -0.110585 -0.048569 -0.165388 -0.407441 -0.273878 0.339013 0.261235 -0.024591 -0.041837 0.081336 0.228175 0.563928 0.525183 -0.489308 -0.373086 -0.050810 -0.283684 0.079897 0.087232 0.086067 -0.070655 0.462046 0.273080 0.116526 0.373809 0.252339 0.170398 0.522405 0.378041 0.709881 0.453962 -0.143356 0.168017 -0.010701 -0.316233 -0.326585 -0.506579 -0.538212 -0.465629 0.304877 0.043295 0.465821 -0.066101 0.112641 0.093903 -0.374725 -0.141150 0.330369 0.377201 0.507858 0.404044 0.534745 0.341185 0.277837 0.060952 0.223723 -0.171371 -0.325780 0.250029 -0.247831 0.263090 0.009451 0.211957 0.132698 0.041359
0.193746 0.425778 -0.485056 -0.451306 -0.479657 0.187789 -0.147543 0.070141 -0.292052 0.250584 0.228834 0.410813 0.135495 0.219851 0.114811 0.280622 0.811631 1.000000 -0.017466 0.282224 -0.132753 -0.299770 -0.576173 -0.528978 -0.597391 -0.522537 -0.405866 -0.344156 0.555340 0.708001 -0.116704 0.034048 0.285209 0.114625 -0.583761 -0.432759 -0.174108 0.435322 -0.482546 -0.222272 -0.052628 0.010367 -0.006351 0.005141 -0.188135 -0.170026 -0.207084 -0.139859 -0.323790 -0.183721 -0.285620 -0.066797 0.055883 -0.011472 -0.352055 -0.258782 0.595700 0.545355 -0.060813 -0.073723 0.020342 0.209565 0.536514 0.552751 -0.512204 -0.324910 -0.214739 -0.471790 0.057731 0.068865 0.108869 -0.112960 0.478040 0.296291 0.129660 0.388178 0.229168 0.129612 0.549654 0.479101 0.682910 0.631726 -0.253083 0.140718 -0.055930 -0.157535 -0.382959 -0.441470 -0.573511 -0.359817 0.200241 -0.048823 0.359417 -0.229233 0.172249 0.311508 -0.472531 -0.215189 0.428660 0.403166 0.567446 0.428383 0.494001 0.275701 0.369099 0.119239 0.273055 -0.042066 -0.252879 0.237008 -0.436994 0.323488 0.112541 0.198759 0.331306 0.097430
0.222345 0.096789 0.247707 0.027201 -0.014955 -0.173840 0.447217 0.063942 0.193876 0.050966 -0.248401 -0.230157 -0.213192 -0.305032 -0.360556 -0.051143 0.010934 -0.017466 1.000000 0.208376 -0.362467 -0.062093 -0.051819 -0.220479 -0.099259 0.027173 -0.325140 -0.303893 0.073149 0.100133 0.190036 -0.011301 0.315831 0.321224 0.090134 0.084490 0.014453 0.149127 -0.030323 -0.040274 0.201652 0.138096 -0.224752 -0.221675 -0.146782 -0.154117 -0.068032 -0.079206 -0.197256 -0.163483 -0.131440 -0.179768 -0.021322 -0.019869 0.037474 -0.004467 -0.008966 0.052102 0.034021 -0.006122 0.260400 0.168458 0.206798 0.265186 0.088566 -0.007605 -0.081038 -0.029229 -0.020962 -0.104803 -0.022535 0.025695 0.317107 0.243038 0.278572 0.293041 0.467928 0.351577 0.041871 0.081872 -0.070913 -0.080553 -0.125260 0.133325 -0.221793 -0.263685 0.138789 0.302284 0.025144 -0.122115 0.022970 -0.059398 -0.153682 0.046772 -0.276916 0.080563 -0.145625 -0.239394 -0.067585 -0.210804 0.007722 0.151051 0.103601 -0.063821 -0.191555 -0.251982 -0.059229 0.048800 0.177860 0.033036 -0.100469 -0.206685 -0.268205 -0.159421 -0.292741 -0.090937
0.090204 0.225443 -0.179656 -0.042912 -0.347752 -0.022472 0.437756 0.286061 0.022758 0.482735 -0.399706 -0.107345 -0.187206 -0.162326 -0.426258 0.112042 0.278107 0.282224 0.208376 1.000000 -0.195546 -0.369515 -0.490366 -0.032042 -0.254259 -0.017909 -0.362585 -0.090141 0.407411 0.321536 0.214968 0.252652 0.400309 0.604228 -0.262952 0.061877 0.093493 0.206650 -0.322053 -0.190664 0.150877 0.259467 -0.179311 -0.222331 -0.383791 -0.016610 -0.283694 -0.354671 -0.738949 -0.555474 -0.648599 -0.580639 -0.385289 -0.381277 -0.457833 -0.482147 0.170623 0.073527 -0.250219 -0.202985 0.019367 0.153550 0.476584 0.429751 -0.227768 -0.089444 -0.372481 -0.061428 0.273732 0.471243 0.016550 -0.033198 0.384362 0.347467 0.340341 0.247990 0.114224 -0.030123 0.564256 0.245697 0.458486 0.490963 -0.014484 0.387551 -0.025980 -0.102703 0.130794 0.147181 0.066439 -0.192629 0.447778 -0.051795 0.017214 -0.291558 0.304072 0.318395 -0.577907 -0.027204 0.130267 -0.063533 0.179357 0.121995 0.139330 0.231658 0.201850 0.366275 0.168855 0.108896 -0.188442 -0.042367 -0.037096 0.231159 -0.198247 -0.177126 0.334987 -0.005707
-0.343743 -0.299280 0.173655 0.003609 0.504153 0.204058 -0.091029 -0.339235 -0.028947 -0.343106 0.356882 -0.021482 0.255780 -0.142965 0.490360 -0.122595 0.028824 -0.132753 -0.362467 -0.195546 1.000000 0.518786 0.411514 0.446884 0.411078 0.344557 0.709844 0.582847 -0.045312 -0.090068 -0.032244 0.078946 -0.319737 -0.284332 -0.008495 0.042280 0.144436 -0.190962 0.370873 0.161997 -0.188631 -0.036999 0.141498 0.202565 -0.038479 -0.052707 0.183707 0.230413 0.076606 0.046529 -0.023532 -0.036636 -0.233832 -0.019620 0.043129 0.207336 -0.251783 -0.235499 -0.360495 -0.233716 -0.445738 -0.547746 -0.451494 -0.560478 0.000130 -0.231543 -0.039497 -0.003297 0.095162 0.024814 0.199764 0.387900 -0.310643 -0.310043 -0.272306 -0.127512 -0.386885 -0.277257 -0.189982 -0.084541 -0.032493 -0.098807 0.361412 0.088408 0.207371 0.237069 -0.163714 -0.050555 0.106241 0.102941 -0.036910 0.151576 0.019571 0.166226 0.203685 -0.171722 0.401027 0.452471 -0.024527 0.084629 -0.333389 -0.182401 -0.275367 -0.022019 -0.006168 0.107993 0.088991 0.084002 -0.055757 -0.150435 0.563602 0.215814 -0.029734 -0.087338 -0.045475 0.222674
-0.210397 -0.286418 0.309313 -0.083538 0.374971 0.109887 -0.052488 -0.369066 0.186216 -0.135661 0.264172 -0.262950 0.188808 -0.260182 0.357841 0.105125 -0.175503 -0.299770 -0.062093 -0.369515 0.518786 1.000000 0.331941 0.421235 0.417241 0.505458 0.495892 0.473824 -0.036032 -0.069112 0.023596 -0.117142 -0.192675 -0.324786 0.113663 -0.036723 0.426032 -0.084984 0.563949 0.432857 0.106902 0.349475 0.054673 0.033306 -0.084360 -0.239252 0.213344 0.109578 0.283191 0.107063 0.021751 0.095451 -0.044616 0.004786 0.282290 0.333320 -0.226716 -0.058655 -0.084220 -0.026639 -0.240151 -0.339871 -0.336518 -0.400794 -0.145576 -0.404653 0.067131 -0.020812 -0.182586 -0.350358 0.081353 0.440369 -0.156562 -0.125585 -0.225569 -0.160772 -0.224128 -0.201244 -0.362894 -0.102562 -0.202502 -0.149865 0.481197 0.244337 -0.109511 0.164384 -0.082905 0.247078 0.063239 0.117379 -0.034749 0.213692 -0.118494 0.453241 -0.098460 -0.322094 0.514068 0.298890 0.157545 0.115489 -0.265245 0.024828 -0.266213 -0.208287 -0.533882 -0.347708 -0.204467 -0.122914 0.317279 -0.369972 0.456625 0.015301 -0.135769 -0.299001 -0.506925 0.039907
-0.254177 -0.534976 0.617898 0.484235 0.640519 0.008152 0.073311 -0.262230 0.028403 -0.550213 0.177378 -0.199076 0.058218 -0.209067 0.213973 -0.393090 -0.529062 -0.576173 -0.051819 -0.490366 0.411514 0.331941 1.000000 0.646057 0.702014 0.421454 0.683472 0.539681 -0.507494 -0.608216 0.177944 0.047744 -0.486928 -0.256305 0.507385 0.277839 0.036516 -0.356897 0.385482 0.123422 -0.107151 -0.074775 0.016452 0.098650 0.070610 0.017150 0.111227 0.251561 0.301333 0.063128 0.289762 -0.023136 -0.103425 0.046342 0.141018 0.119062 -0.452829 -0.291461 -0.128399 -0.154838 -0.124321 -0.453598 -0.670699 -0.703447 0.671379 0.210225 0.009378 0.243824 -0.136753 -0.221320 0.067862 0.207914 -0.487212 -0.351820 -0.211094 -0.294379 -0.226880 -0.185288 -0.424537 -0.185547 -0.471290 -0.473763 0.363411 -0.154885 0.216132 0.305260 0.007868 0.299925 0.464219 0.423496 -0.213512 0.087788 -0.112169 0.309224 -0.107778 -0.288072 0.518652 0.094976 -0.308797 -0.363589 -0.548284 -0.384069 -0.442650 -0.378716 -0.168386 -0.140847 -0.159883 -0.008362 0.163136 -0.198446 0.469219 -0.082977 -0.115425 0.034883 -0.234069 -0.125729
-0.337216 -0.545430 0.431871 0.515555 0.518464 0.079566 0.232827 -0.099104 0.163666 -0.163054 0.117960 -0.043632 0.145474 -0.178256 0.138160 -0.162927 -0.430498 -0.528978 -0.220479 -0.032042 0.446884 0.421235 0.646057 1.000000 0.631721 0.596053 0.596346 0.618575 -0.095627 -0.414218 0.349745 0.370110 -0.453772 -0.208923 0.165850 0.085641 0.284736 -0.230989 0.299515 0.063149 -0.055200 0.203419 -0.005071 -0.019400 -0.100478 0.023636 0.077297 0.000054 -0.026482 -0.112048 -0.070046 -0.184331 -0.221281 0.036573 -0.079695 0.052741 -0.440724 -0.407870 -0.385371 -0.270171 -0.311592 -0.476585 -0.558011 -0.629217 0.405980 0.041721 -0.253805 0.110753 -0.144358 -0.099458 0.150275 0.360192 -0.355432 -0.292803 -0.099299 -0.312411 -0.502468 -0.563190 -0.225732 -0.238235 -0.237095 -0.154932 0.543409 0.269755 0.241244 0.439738 0.086651 0.398564 0.468641 0.325532 0.074118 0.196373 -0.218497 0.142666 0.253241 -0.205463 0.281233 0.377728 -0.122647 -0.250933 -0.484640 -0.435832 -0.592273 -0.330429 -0.279078 0.038261 -0.115201 0.026859 0.092518 -0.442742 0.565477 0.211687 -0.235673 -0.213034 -0.012691 -0.071575
-0.516218 -0.520145 0.552081 0.420823 0.466734 -0.038927 0.179577 -0.065789 0.002552 -0.381339 -0.077261 -0.277008 -0.103969 -0.305590 0.091254 -0.318221 -0.543127 -0.597391 -0.099259 -0.254259 0.411078 0.417241 0.702014 0.631721 1.000000 0.714293 0.731052 0.588748 -0.373378 -0.519249 0.400347 0.242481 -0.289106 -0.063617 0.460983 0.428222 0.177472 -0.376461 0.405986 0.245942 -0.101981 0.086373 0.219096 0.273928 0.213363 0.276841 0.295484 0.342679 0.127657 0.095531 0.033450 -0.094627 -0.394714 -0.143665 0.161501 0.231633 -0.531964 -0.408909 -0.306555 -0.252759 -0.345447 -0.556113 -0.674454 -0.715231 0.477664 0.052656 -0.005072 0.267347 -0.130630 -0.251508 0.141361 0.353499 -0.446357 -0.236335 -0.237289 -0.311280 -0.335957 -0.292501 -0.420267 -0.229837 -0.378112 -0.385469 0.379545 0.100864 0.212436 0.431994 0.078901 0.370205 0.435643 0.328547 -0.328412 -0.131003 -0.297622 0.062936 -0.015280 -0.285742 0.537459 0.209517 -0.258609 -0.446362 -0.669242 -0.491520 -0.537505 -0.512810 -0.313303 -0.151944 -0.173022 0.000712 0.276888 -0.332259 0.514737 -0.024865 -0.160280 -0.130747 -0.178444 -0.093698
-0.410138 -0.387582 0.393736 0.330253 0.268416 0.039252 0.341963 0.042358 0.211622 -0.059326 -0.193622 -0.234951 -0.135546 -0.295264 -0.056158 0.031982 -0.430251 -0.522537 0.027173 -0.017909 0.344557 0.505458 0.421454 0.596053 0.714293 1.000000 0.456640 0.583156 -0.026358 -0.127428 0.489894 0.355001 -0.095760 0.176200 0.416196 0.440110 0.426535 -0.092161 0.382652 0.285742 0.107935 0.287863 0.045203 0.035088 -0.044787 0.073828 0.221125 0.253979 -0.123561 -0.067400 -0.268780 -0.206424 -0.416249 -0.219340 0.083577 0.096260 -0.520987 -0.417606 -0.368811 -0.266786 -0.275233 -0.345660 -0.402072 -0.407471 0.209942 -0.085914 -0.147911 0.110821 -0.170854 -0.365543 0.196052 0.379339 -0.105617 -0.088149 -0.062827 -0.118772 -0.143241 -0.085673 -0.278354 -0.246884 -0.264637 -0.173782 0.451650 0.482619 0.038471 0.307375 0.046825 0.499902 0.234726 0.202142 -0.148899 -0.186822 -0.268683 0.026120 -0.146502 -0.307745 0.401368 0.154001 -0.066247 -0.372226 -0.518755 -0.326467 -0.468844 -0.520256 -0.502214 -0.368046 -0.238990 -0.116484 0.255516 -0.337350 0.423549 -0.070948 -0.246218 -0.290578 -0.409050 -0.119665
-0.396359 -0.366901 0.327749 0.255017 0.650816 0.234850 -0.147865 -0.351512 -0.172394 -0.578140 0.292830 -0.144144 0.093569 -0.151216 0.520564 -0.264460 -0.280621 -0.405866 -0.325140 -0.362585 0.709844 0.495892 0.683472 0.596346 0.731052 0.456640 1.000000 0.783790 -0.386977 -0.402367 0.024572 0.036211 -0.467702 -0.330158 0.340823 0.279435 0.041380 -0.393060 0.499792 0.351629 -0.371463 -0.122020 0.310752 0.327928 0.104947 0.116360 0.340940 0.493073 0.178853 0.082165 0.105601 -0.058317 -0.328595 0.000743 0.142386 0.260144 -0.380356 -0.320588 -0.335688 -0.237912 -0.460761 -0.622623 -0.731033 -0.819588 0.410963 -0.039478 0.056313 0.157460 0.077901 -0.133159 0.092061 0.326878 -0.544707 -0.306187 -0.354572 -0.378634 -0.412713 -0.307163 -0.384387 -0.135158 -0.284898 -0.406509 0.373288 -0.016695 0.324954 0.436265 -0.197582 0.096036 0.291181 0.274068 -0.249389 0.063817 -0.136440 0.207762 0.005249 -0.374457 0.609067 0.334505 -0.245292 -0.202359 -0.662986 -0.498489 -0.514653 -0.314547 -0.202544 -0.044703 0.006375 0.091522 0.116150 -0.252662 0.601441 0.055036 -0.117531 -0.016389 -0.148158 0.023981
-0.324411 -0.292295 0.344048 0.228081 0.543491 0.333815 0.118147 -0.056469 0.071287 -0.268763 0.184852 -0.084770 0.197481 -0.028621 0.317669 -0.053120 -0.276147 -0.344156 -0.303893 -0.090141 0.582847 0.473824 0.539681 0.618575 0.588748 0.583156 0.783790 1.000000 -0.180028 -0.195308 0.116675 0.192482 -0.321764 -0.000471 0.264289 0.363355 0.164093 -0.196884 0.288005 0.224598 -0.133331 0.131641 0.046062 0.110847 -0.062431 0.036961 0.091918 0.223441 -0.048981 -0.148602 -0.235499 -0.298371 -0.442538 -0.194139 -0.166605 -0.067559 -0.395158 -0.243376 -0.358992 -0.214138 -0.379892 -0.404723 -0.541826 -0.561115 0.270148 0.001140 -0.056047 0.189463 0.033341 -0.097793 0.117926 0.285842 -0.307239 -0.153835 -0.150378 -0.194972 -0.344885 -0.249094 -0.184554 -0.051017 -0.173114 -0.196083 0.441660 0.202419 0.300514 0.332549 -0.188970 0.177401 0.302955 0.256967 -0.117136 -0.085297 -0.062728 0.075845 -0.001574 -0.331679 0.400791 0.159828 -0.243523 -0.277373 -0.521950 -0.347102 -0.421204 -0.267807 -0.214778 -0.101679 0.058499 0.018766 0.105281 -0.395386 0.546044 0.063496 -0.181227 -0.073659 -0.185658 -0.143681
0.229297 0.208665 -0.345905 -0.329140 -0.391943 -0.046163 0.090916 0.018294 -0.023167 0.353175 0.111549 0.393273 0.272893 0.059842 -0.123589 0.386950 0.579075 0.555340 0.073149 0.407411 -0.045312 -0.036032 -0.507494 -0.095627 -0.373378 -0.026358 -0.386977 -0.180028 1.000000 0.734603 0.343910 0.489668 0.378053 0.249992 -0.494359 -0.357551 0.307047 0.631716 -0.313516 -0.175690 0.309695 0.410747 -0.179747 -0.177574 -0.315768 -0.212344 -0.341128 -0.373791 -0.513113 -0.354638 -0.578877 -0.338659 -0.146946 -0.153713 -0.351822 -0.281598 0.284015 0.246586 -0.282775 -0.342071 0.064971 0.125963 0.520465 0.463317 -0.453502 -0.452925 -0.411325 -0.514349 -0.041643 -0.199670 0.366672 0.264463 0.753325 0.405297 0.483622 0.494638 0.295384 0.074460 0.564195 0.343437 0.678723 0.732908 0.094629 0.535359 0.013755 0.024932 0.022411 -0.003671 -0.292354 -0.362579 0.170217 -0.115330 0.025853 -0.235345 0.305800 0.188053 -0.439699 0.052856 0.344171 0.219788 0.339070 0.308331 0.195322 -0.012040 -0.036863 -0.080325 0.083735 -0.099514 -0.119836 -0.011412 -0.136324 0.453675 -0.125726 -0.043383 0.121215 -0.038400
0.158703 0.452522 -0.501377 -0.570861 -0.513084 0.162289 -0.087048 0.032542 -0.099422 0.347599 0.099472 0.376788 0.117329 0.157590 0.010711 0.550447 0.665608 0.708001 0.100133 0.321536 -0.090068 -0.069112 -0.608216 -0.414218 -0.519249 -0.127428 -0.402367 -0.195308 0.734603 1.000000 -0.024879 0.162541 0.475936 0.311677 -0.426706 -0.294489 0.183717 0.638325 -0.312107 -0.046988 0.204552 0.251040 -0.140984 -0.149289 -0.271691 -0.222286 -0.207722 -0.158531 -0.452471 -0.218828 -0.405683 -0.148374 -0.062861 -0.068179 -0.245586 -0.232504 0.341481 0.319883 -0.190859 -0.166414 -0.030996 0.257390 0.550198 0.584544 -0.649895 -0.440260 -0.221675 -0.511480 0.139541 -0.160390 0.134359 0.045511 0.692850 0.457413 0.372939 0.526090 0.350528 0.298755 0.511407 0.403444 0.623925 0.596033 -0.128229 0.374215 -0.080256 -0.068135 -0.176551 -0.163292 -0.546504 -0.356992 0.099782 -0.184383 0.269581 -0.222894 0.051758 0.233693 -0.390148 -0.069223 0.332286 0.280851 0.541015 0.355826 0.414404 0.097470 -0.027305 -0.199975 0.117012 0.045988 -0.165761 0.114318 -0.304472 0.228862 0.086327 0.106399 -0.009400 0.059904
-0.220429 -0.359010 0.236205 0.374541 -0.082488 -0.208854 0.383283 0.194988 -0.024538 0.069413 -0.196104 -0.023295 -0.096052 -0.257503 -0.352309 -0.086263 -0.031123 -0.116704 0.190036 0.214968 -0.032244 0.023596 0.177944 0.349745 0.400347 0.489894 0.024572 0.116675 0.343910 -0.024879 1.000000 0.745206 0.268762 0.416015 0.173445 0.241129 0.214929 0.122747 -0.095721 -0.038862 0.229451 0.207398 0.063412 0.167857 -0.023459 0.204312 -0.084345 -0.107955 -0.391377 -0.235990 -0.381947 -0.372563 -0.444254 -0.307400 -0.203934 -0.131100 -0.238259 -0.223244 -0.397945 -0.469174 -0.046309 -0.230687 0.016853 -0.024455 0.140634 -0.046639 -0.306735 -0.108716 -0.233289 -0.326197 0.349236 0.355064 0.293720 0.044800 0.338655 0.105308 0.204720 0.011045 0.253695 0.100010 0.148182 0.196970 0.164745 0.325663 -0.012751 0.068704 0.140627 0.294815 0.115922 -0.067566 -0.134341 -0.385682 -0.130990 -0.300964 0.093397 -0.030355 -0.017808 -0.166943 -0.071455 -0.308841 -0.273452 -0.169851 -0.191446 -0.384132 -0.018680 -0.105208 0.016443 -0.299624 0.084320 0.034786 0.133748 0.129033 -0.205574 -0.003841 -0.005829 -0.323598
-0.151443 -0.302443 -0.007394 0.287513 -0.122497 -0.154829 0.194076 0.219512 -0.036861 0.063295 0.029852 0.297868 0.172182 -0.080624 -0.206381 -0.093604 0.029987 0.034048 -0.011301 0.252652 0.078946 -0.117142 0.047744 0.370110 0.242481 0.355001 0.036211 0.192482 0.489668 0.162541 0.745206 1.000000 0.162306 0.277918 -0.010479 0.181982 0.109650 0.209347 -0.254512 -0.226209 0.187427 0.185380 0.073669 0.208907 0.076154 0.343025 -0.096429 -0.146567 -0.409084 -0.121415 -0.380881 -0.254746 -0.400045 -0.161171 -0.350620 -0.126352 -0.149397 -0.203695 -0.511065 -0.475038 -0.223075 -0.298432 -0.028283 -0.072966 0.044554 -0.091330 -0.412477 -0.197095 -0.186981 -0.218944 0.390915 0.260133 0.278769 0.081969 0.345720 0.182974 0.060335 -0.088353 0.306917 0.072069 0.216101 0.297427 0.158725 0.352938 0.182906 0.179404 0.166000 0.148726 0.008832 -0.152589 -0.150316 -0.368916 -0.145597 -0.352046 0.321413 0.173074 -0.168167 -0.017016 -0.064078 -0.227174 -0.114286 -0.163787 -0.220598 -0.219995 0.091372 0.046250 0.109791 -0.136292 0.027503 0.046578 0.041949 0.322587 0.036219 0.115709 0.268663 -0.152121
0.120378 0.231616 -0.195643 -0.353405 -0.472889 -0.299203 0.099187 0.092242 -0.117216 0.273266 -0.387058 -0.163139 -0.237910 -0.258629 -0.463706 0.116026 0.335356 0.285209 0.315831 0.400309 -0.319737 -0.192675 -0.486928 -0.453772 -0.289106 -0.095760 -0.467702 -0.321764 0.378053 0.475936 0.268762 0.162306 1.000000 0.668050 0.004739 0.081327 0.196107 0.336507 -0.186879 -0.001624 0.339863 0.204970 -0.061815 -0.022161 -0.225750 -0.025107 -0.281194 -0.263298 -0.447391 -0.282836 -0.339253 -0.284704 -0.237451 -0.514844 -0.120980 -0.332003 0.091254 0.218143 0.080667 -0.090257 0.230714 0.298803 0.680779 0.635206 -0.440608 -0.189063 0.113997 -0.071091 0.152031 0.019026 -0.041357 -0.087450 0.606239 0.319465 0.418944 0.275544 0.457689 0.393397 0.526198 0.369977 0.406316 0.442924 -0.350089 0.078717 -0.304591 -0.155829 0.121144 0.013512 -0.253430 -0.266680 -0.104661 -0.346768 0.124094 -0.225476 -0.079032 0.229772 -0.342102 -0.351269 -0.016389 -0.021786 0.253125 0.375035 0.259061 0.202868 -0.000115 -0.094847 -0.061142 -0.138373 -0.013134 0.216800 -0.211347 -0.093013 -0.104599 -0.094570 -0.073275 -0.069363
-0.021463 0.198742 0.002653 0.013463 -0.325484 -0.106770 0.436635 0.395939 0.128290 0.386218 -0.484445 -0.163093 -0.294416 -0.125188 -0.528380 0.102108 0.112624 0.114625 0.321224 0.604228 -0.284332 -0.324786 -0.256305 -0.208923 -0.063617 0.176200 -0.330158 -0.000471 0.249992 0.311677 0.416015 0.277918 0.668050 1.000000 0.207999 0.377301 0.051552 0.195443 -0.350075 -0.096508 0.250834 0.110513 -0.183618 -0.093234 -0.253378 0.073884 -0.243673 -0.221097 -0.628926 -0.419308 -0.537854 -0.513403 -0.506404 -0.576178 -0.448631 -0.533584 -0.085506 0.005342 -0.177360 -0.159258 0.194429 0.333060 0.421477 0.486896 -0.099721 0.159434 -0.168672 0.010783 0.107311 0.087757 0.008542 -0.118323 0.462972 0.277997 0.402268 0.226711 0.338681 0.318062 0.376926 0.271351 0.248129 0.295969 -0.207865 0.264023 -0.164443 -0.194042 0.043653 0.108538 -0.060444 -0.158649 0.055365 -0.429521 0.135564 -0.394857 -0.139603 0.117728 -0.417849 -0.417767 -0.156339 -0.384214 0.104759 0.029480 0.228614 0.030779 0.159255 0.006100 -0.032772 -0.104981 0.027599 0.095738 -0.118217 -0.059663 -0.170677 -0.103364 -0.006893 -0.188486
-0.038024 -0.204938 0.304923 0.315463 0.261327 -0.182218 0.048773 -0.168251 0.071394 -0.312781 -0.250375 -0.452355 -0.299196 -0.263930 -0.131348 -0.280081 -0.553773 -0.583761 0.090134 -0.262952 -0.008495 0.113663 0.507385 0.165850 0.460983 0.416196 0.340823 0.264289 -0.494359 -0.426706 0.173445 -0.010479 0.004739 0.207999 1.000000 0.752130 0.039555 -0.292327 0.255071 0.302855 0.021392 -0.159746 0.005466 0.065343 -0.001314 0.122512 0.148054 0.351083 0.057492 0.016608 0.124007 -0.094403 -0.192156 -0.135104 0.227067 -0.018976 -0.240429 -0.177868 0.023114 -0.138238 0.167463 -0.105314 -0.333848 -0.330844 0.499546 0.331230 0.106410 0.247049 0.058826 -0.183449 -0.076062 -0.025258 -0.250673 -0.193857 -0.031425 -0.275377 0.145407 0.269152 -0.298896 -0.092327 -0.429253 -0.352637 -0.020191 -0.218285 0.001611 0.125661 0.061460 0.251927 0.235267 0.256290 -0.309342 -0.173030 -0.145555 0.122542 -0.444048 -0.362591 0.265743 -0.185265 -0.432149 -0.371375 -0.472673 -0.410152 -0.386529 -0.342418 -0.171855 -0.186224 -0.311705 -0.060971 0.151020 0.074606 0.276026 -0.323197 -0.076079 0.071054 -0.329839 -0.161303
-0.019949 -0.062519 0.217693 0.184031 0.130868 -0.166125 0.182747 0.046238 -0.016848 -0.184799 -0.310566 -0.437365 -0.273760 -0.225372 -0.255779 -0.281360 -0.415586 -0.432759 0.084490 0.061877 0.042280 -0.036723 0.277839 0.085641 0.428222 0.440110 0.279435 0.363355 -0.357551 -0.294489 0.241129 0.181982 0.081327 0.377301 0.752130 1.000000 0.125172 -0.179505 0.119060 0.194440 0.049356 -0.058286 -0.106776 -0.036562 -0.011339 0.167459 0.018426 0.176646 -0.137745 -0.176702 -0.141652 -0.295398 -0.308841 -0.296986 0.130051 -0.152585 -0.153426 -0.133477 -0.099780 -0.177040 0.023839 -0.112494 -0.228166 -0.219676 0.333705 0.323548 0.092575 0.328693 0.157322 0.025896 0.063261 0.103559 -0.126810 -0.131537 0.047509 -0.074393 0.192690 0.326908 -0.071436 -0.075829 -0.296374 -0.213375 -0.074830 -0.117748 -0.006023 -0.000697 0.112017 0.242771 0.244685 0.261649 -0.197733 -0.333254 -0.143394 -0.168695 -0.257832 -0.205619 0.094947 -0.169076 -0.457054 -0.372471 -0.400389 -0.337365 -0.257273 -0.221602 -0.032884 -0.056608 -0.085514 -0.024420 0.174646 0.060953 0.296709 -0.252676 -0.093016 0.024093 -0.197124 -0.183780
