1.000000 0.649224 0.056929 0.245524 0.208165 0.251251 -0.327427 -0.086206 -0.056159 0.280206 0.445625 0.186983 0.112467 -0.000655 0.150552 -0.015146 0.490244 0.322944 0.226182 0.052843 -0.011790 -0.011656 0.063218 0.041147 0.208557 0.083577 0.410105 0.365045 0.233385 0.023131 -0.074330 -0.276810 -0.219652 -0.344514 -0.221374 -0.068060 -0.256053 -0.179795 0.055840 -0.086935 -0.067114 -0.381054 -0.295053 -0.282170 -0.228656 -0.130415 -0.230297 -0.254753 -0.145779 -0.017831 -0.133269 -0.073313 -0.277495 -0.179834 0.141212 -0.042267 0.604968 0.401507 -0.244857 -0.135797 0.081552 0.076949 -0.003597 0.145104 -0.218447 -0.085527 -0.237982 -0.330339 0.404627 -0.101105 -0.003660 -0.182379 -0.099844 -0.301760 -0.265002 -0.213605 -0.440280 -0.471514 0.249248 -0.068517 0.184239 0.257453 0.047577 0.284576 0.388380 0.443842 0.143245 -0.203276 0.223066 0.247432 -0.372350 -0.309480 -0.456162 -0.253505 0.113890 -0.153217 -0.133973 0.032029 -0.253137 -0.051346 -0.116452 -0.125457 -0.209948 -0.273550 -0.219576 -0.273621 0.040652 0.118055 -0.103609 0.136697 -0.051006 -0.278910 -0.051095 -0.236456 -0.122683 -0.309965
0.649224 1.000000 -0.089503 0.338803 0.247022 0.127488 -0.457965 -0.325484 -0.008257 0.091667 0.320467 0.163955 -0.063928 -0.028394 0.177881 -0.002686 0.449572 0.428973 0.199438 0.353539 -0.011756 0.029039 0.182521 0.065858 0.234600 0.135384 0.295912 0.234814 0.425995 0.125563 -0.016746 -0.389832 -0.129532 -0.169555 -0.292479 -0.183743 -0.247358 -0.033224 -0.008621 -0.057436 -0.036092 -0.422536 -0.216192 -0.112766 -0.222931 -0.082932 -0.188645 -0.239405 -0.220643 0.121936 -0.143230 -0.009170 -0.243693 -0.139138 0.034663 -0.039779 0.665162 0.669223 -0.327116 0.029077 0.048260 0.267274 0.118229 0.368972 -0.455491 -0.226726 -0.447730 -0.488102 0.559005 0.291398 -0.018500 -0.237084 -0.114391 -0.451434 -0.386697 -0.302967 -0.398374 -0.510513 0.295349 0.248141 0.306095 0.391581 0.205624 0.326442 0.339190 0.327256 -0.023651 -0.150463 0.017547 0.164344 -0.441846 -0.467939 -0.481600 -0.317661 0.030226 -0.166138 -0.154614 -0.038532 -0.251416 -0.252733 -0.027868 -0.380337 -0.394559 -0.421736 -0.325267 -0.396697 0.031059 0.188020 -0.052359 -0.053507 -0.181841 -0.359173 -0.174090 -0.207800 -0.179455 -0.499196
0.056929 -0.089503 1.000000 0.270375 0.558164 0.208949 0.611824 -0.110514 0.188736 0.013567 0.089567 0.032314 0.225979 -0.267839 0.062887 -0.210246 -0.356474 -0.376258 0.376393 0.094401 0.107169 -0.054210 0.618513 0.486230 0.484635 0.198398 0.483316 0.443955 -0.019946 -0.518983 0.554924 0.137344 -0.101370 0.058062 -0.001678 0.142764 -0.174285 -0.018195 0.307943 0.034272 0.107800 0.099305 -0.018547 -0.404576 -0.280142 -0.418967 -0.216196 -0.177829 0.014286 -0.249037 -0.000105 -0.059143 0.019435 -0.065307 0.091589 -0.154282 -0.296261 -0.191377 -0.070219 -0.026808 -0.324353 -0.390241 -0.634863 -0.524601 0.073024 -0.171951 -0.003273 -0.025231 0.007188 -0.083391 -0.130166 -0.039907 -0.240911 0.124284 0.170512 -0.051500 -0.185667 0.060292 -0.331630 -0.333543 -0.462835 -0.461191 0.049074 0.184060 -0.014259 -0.023070 0.054472 0.018429 0.183787 0.058468 0.116373 0.269139 0.034943 0.352062 -0.018943 0.062974 -0.013224 0.172951 -0.146080 0.027650 0.244469 0.284914 0.065666 0.137154 0.087752 0.279918 -0.010198 0.083266 -0.138543 -0.036544 0.223636 0.108327 -0.047942 -0.015694 0.135291 0.110080
0.245524 0.338803 0.270375 1.000000 0.219083 0.319781 -0.074661 -0.145587 0.006008 0.228757 0.125453 0.205455 -0.174015 -0.314683 0.103009 -0.197305 -0.151302 -0.227139 0.072250 0.158305 0.136114 0.355667 0.465738 0.502958 0.460001 0.467530 0.308040 0.366656 0.105322 -0.393882 0.404793 0.169426 -0.000646 0.126207 -0.036518 0.135035 -0.244221 -0.234889 -0.024293 -0.124159 0.005866 0.010440 -0.247298 -0.227599 -0.220971 -0.157788 -0.147571 -0.206852 -0.057818 -0.201729 0.077946 0.014280 -0.110361 -0.097229 0.019637 -0.039637 0.184862 0.352237 -0.297720 -0.128569 -0.251768 -0.317752 -0.221878 -0.287893 -0.111882 -0.161641 -0.113519 -0.109650 0.287159 0.014074 0.078845 0.037235 -0.342282 -0.002064 -0.084153 -0.079078 -0.136760 -0.213104 -0.080170 -0.068031 -0.112143 -0.077872 0.141779 0.366975 0.344341 0.419294 0.049331 0.006515 0.238652 0.199376 -0.174719 -0.366049 -0.148338 -0.074251 -0.074177 -0.044171 -0.158557 -0.101004 -0.074206 -0.140530 -0.136864 0.077714 -0.193278 -0.114166 -0.133325 -0.147328 0.089849 0.119093 -0.109441 -0.235353 0.003136 -0.177864 -0.071416 -0.300644 -0.156378 -0.109234
0.208165 0.247022 0.558164 0.219083 1.000000 0.373352 0.097476 -0.448377 0.373536 0.170940 0.313762 0.063572 0.119294 -0.243065 0.340921 -0.209018 -0.092733 -0.207627 0.317152 0.227224 0.121055 0.144697 0.703500 0.624418 0.582325 0.333743 0.688517 0.584669 0.304785 -0.426876 0.518529 0.005179 -0.162623 -0.046494 -0.118866 0.199475 -0.267221 -0.044843 0.239915 0.025907 -0.061981 -0.160289 0.042837 -0.222408 -0.287780 -0.256120 -0.201890 -0.191361 -0.068310 -0.007395 0.075698 -0.004180 0.036804 0.003264 0.195257 -0.139570 -0.040007 0.089586 -0.273736 -0.007085 -0.275382 -0.308093 -0.395859 -0.359380 -0.105111 -0.303811 -0.105689 -0.214971 0.322676 0.157219 -0.162080 -0.192464 -0.272139 -0.222905 -0.210476 -0.173633 -0.455783 -0.208856 -0.082366 -0.170696 -0.165160 -0.150865 0.275602 0.318336 0.201167 0.073951 0.172674 0.074045 0.154838 0.176099 -0.149725 -0.017693 -0.141953 0.205822 0.181855 -0.236219 -0.005062 0.150630 -0.240441 -0.007474 0.095747 -0.009242 -0.271203 -0.134893 -0.192291 0.029763 0.097555 -0.014290 -0.087872 -0.148501 0.251621 -0.124114 0.023478 -0.028596 0.098311 -0.264913
0.251251 0.127488 0.208949 0.319781 0.373352 1.000000 0.035459 0.283871 0.131924 0.680396 0.222799 0.146476 -0.083240 0.127291 0.005309 0.085132 -0.091259 -0.225437 -0.015541 -0.034445 0.033799 0.322098 0.124586 0.386636 0.425196 0.514085 0.452886 0.567297 -0.031680 -0.192953 0.284007 0.202043 -0.250991 0.017147 0.054784 0.250219 -0.230471 -0.167651 -0.137092 -0.035088 -0.125474 -0.168744 -0.225486 -0.200700 -0.326754 0.075978 -0.295598 -0.258413 -0.129753 -0.182862 0.050498 0.045176 -0.069683 -0.058103 0.109945 -0.083238 0.018173 0.027429 -0.178613 -0.144435 0.037923 -0.042718 -0.056732 -0.197034 -0.014454 0.241843 -0.134181 0.218626 0.050762 -0.139503 -0.192092 -0.141389 -0.303541 -0.307236 -0.235056 -0.305291 -0.281669 -0.248819 0.008812 -0.299084 -0.066726 -0.094403 -0.036161 0.169840 0.231255 0.222180 -0.044139 -0.106097 0.219581 0.329073 -0.104006 -0.125702 -0.217917 -0.195637 0.131405 -0.146587 -0.271065 -0.031518 -0.241113 0.012191 -0.238865 -0.253940 -0.310808 -0.267560 -0.332809 -0.127690 0.096284 -0.170691 -0.102805 -0.094310 0.087570 -0.127953 -0.037377 -0.179022 0.039099 -0.105222
-0.327427 -0.457965 0.611824 -0.074661 0.097476 0.035459 1.000000 0.328256 0.250393 -0.040517 0.106490 0.098293 0.516162 0.109547 0.106001 0.183362 -0.304725 -0.203854 0.018361 -0.165138 -0.225967 -0.221571 0.213994 0.068507 -0.084095 -0.276656 -0.072121 -0.042984 -0.019466 -0.256021 0.218284 0.152153 0.121237 0.298074 0.123069 0.081606 -0.038387 0.014149 0.036165 0.035413 0.069603 0.221641 -0.117956 -0.348309 -0.078551 -0.324676 -0.089094 -0.220233 0.160853 -0.302167 -0.004942 0.047659 0.016865 -0.083100 0.115669 -0.226577 -0.570724 -0.492807 0.374095 -0.048673 0.125615 -0.130768 -0.330934 -0.314861 0.585944 0.329528 0.265676 0.276738 -0.485350 -0.246660 -0.192397 0.031321 0.029863 0.290788 0.220846 0.061099 0.029547 0.149412 -0.339958 -0.204767 -0.482739 -0.413134 -0.213032 -0.051443 -0.219891 -0.288369 0.032922 -0.015314 0.291889 -0.011932 0.188972 0.245442 0.192018 0.228056 0.022090 0.174631 -0.167436 0.054152 -0.076565 -0.075142 0.108293 0.264208 0.217972 0.231422 0.046494 0.257745 -0.025353 -0.055668 -0.104265 -0.010285 -0.128695 0.166632 -0.063784 0.084050 0.144260 0.294823
-0.086206 -0.325484 -0.110514 -0.145587 -0.448377 0.283871 0.328256 1.000000 -0.014714 0.412499 0.092957 0.246691 0.183427 0.605640 -0.140583 0.507279 0.013721 0.093159 -0.366690 -0.499420 -0.237204 -0.065342 -0.505958 -0.267631 -0.336722 -0.153273 -0.364516 -0.140348 -0.198842 0.244853 -0.261850 0.119575 -0.129425 0.052186 0.014609 0.134547 0.038874 -0.060117 -0.189190 0.110129 0.137994 0.006473 -0.251205 -0.150983 -0.170173 -0.026987 -0.084302 -0.248648 0.092538 -0.262485 0.070052 0.070806 -0.013904 -0.009990 0.069884 0.019835 -0.212674 -0.334642 0.258914 -0.273552 0.339546 0.142198 0.312710 0.104656 0.288865 0.692758 0.003266 0.441606 -0.640455 -0.504592 -0.232630 -0.008411 -0.020392 -0.009146 0.031507 -0.066953 0.029452 -0.038844 0.048877 -0.093338 -0.040925 0.044828 -0.264534 -0.085041 -0.061988 0.030059 -0.041010 -0.131777 0.225135 0.016340 0.208785 0.026641 0.075531 -0.222988 0.030349 -0.050941 -0.197001 -0.102108 0.013929 -0.003399 -0.212853 -0.104375 0.096997 -0.097411 -0.078166 -0.121938 -0.011483 -0.111823 -0.130122 -0.013804 -0.332838 -0.031279 0.035464 -0.029788 -0.042588 0.186275
-0.056159 -0.008257 0.188736 0.006008 0.373536 0.131924 0.250393 -0.014714 1.000000 0.255929 0.202555 0.118974 0.256737 0.065554 0.483258 0.212920 0.037464 -0.069632 -0.066426 -0.066303 -0.098269 0.079848 0.303731 0.157504 0.088705 0.037671 0.038908 0.043721 0.195127 -0.108193 0.161534 0.115362 0.099372 0.175995 -0.135648 0.044275 -0.290106 -0.048337 0.035586 0.049367 -0.228958 -0.091537 -0.117073 -0.160703 -0.122541 -0.151383 -0.138286 -0.226773 0.076020 0.080296 -0.017790 0.118766 -0.107366 0.020098 0.191584 -0.068666 -0.052819 0.016560 -0.001587 -0.263163 0.120265 -0.131288 -0.024042 -0.060665 0.298923 0.117507 -0.092661 -0.000852 -0.115069 -0.011936 -0.132755 -0.148977 0.059962 -0.177775 -0.074472 -0.163266 -0.288322 -0.259004 0.074012 0.065347 0.028183 0.033100 0.037535 0.173733 0.065430 -0.006259 -0.048061 0.071687 0.151525 0.040846 -0.232561 -0.109953 -0.104540 -0.051691 0.049452 -0.210793 -0.075850 -0.035112 -0.271647 -0.139671 -0.084266 -0.203324 -0.161351 0.001630 -0.144768 -0.122361 0.046279 -0.101969 -0.117969 -0.077102 -0.167281 -0.102655 0.092610 0.043744 0.059684 -0.219130
0.280206 0.091667 0.013567 0.228757 0.170940 0.680396 -0.040517 0.412499 0.255929 1.000000 0.391890 0.288651 0.071823 0.363063 0.126008 0.287753 0.027433 -0.122009 -0.140452 -0.208743 -0.096823 0.250648 -0.048569 0.228711 0.199029 0.330560 0.194481 0.316080 0.002015 -0.105218 0.097725 0.123602 -0.328626 0.096454 0.042732 0.296565 -0.316467 -0.223667 -0.142520 -0.095034 -0.243132 -0.233767 -0.344984 -0.293639 -0.386723 0.014142 -0.302309 -0.403152 -0.078455 -0.189780 0.126334 0.071114 -0.043091 0.067227 0.176107 0.006596 0.197705 0.148100 -0.086060 -0.342805 0.266744 -0.002562 0.130658 -0.135977 0.090107 0.453805 -0.150181 0.299638 0.015622 -0.137307 -0.176567 -0.236319 -0.327737 -0.336878 -0.212234 -0.353383 -0.409097 -0.402065 0.098038 -0.098810 0.069649 0.040796 -0.002295 0.155640 0.402702 0.348138 -0.040663 -0.123314 0.295324 0.365398 -0.221997 -0.174846 -0.322633 -0.367394 0.128860 -0.149698 -0.267086 -0.154041 -0.326441 -0.147326 -0.493621 -0.279377 -0.358797 -0.312548 -0.397890 -0.240533 0.017799 -0.238799 -0.254185 -0.146357 -0.167328 -0.241455 -0.030305 -0.306826 -0.120708 -0.070957
0.445625 0.320467 0.089567 0.125453 0.313762 0.222799 0.106490 0.092957 0.202555 0.391890 1.000000 0.524274 0.594416 0.319487 0.562283 0.361835 0.313854 0.307886 -0.017561 -0.097913 -0.254245 -0.084891 0.173193 0.198895 0.000220 -0.173355 0.217173 0.184305 0.511930 0.094397 0.067314 -0.117145 -0.202270 0.026652 -0.220717 0.131664 -0.179606 0.013570 -0.029442 -0.090721 0.005411 -0.115342 -0.370152 -0.365191 -0.344870 -0.201106 -0.360856 -0.465625 -0.026920 -0.279195 -0.034137 -0.006328 -0.209878 -0.188528 0.156011 -0.210828 0.176106 0.120651 -0.066408 -0.277616 0.353730 0.040808 0.113380 0.089955 0.097503 0.241304 -0.161586 -0.053527 -0.063165 -0.165537 -0.302323 -0.202564 0.043268 -0.180497 -0.200810 -0.143057 -0.377502 -0.466688 0.101586 0.059364 0.053345 0.223613 0.106295 0.250319 0.437010 0.344321 0.139536 -0.049845 0.421410 0.158436 -0.291103 -0.266883 -0.222576 -0.114664 -0.023060 -0.155269 -0.377531 -0.300085 -0.389635 -0.259266 -0.137266 -0.140498 -0.216679 -0.278461 -0.319434 -0.330306 -0.042478 -0.110220 -0.385401 -0.100433 -0.237115 -0.386596 -0.230937 -0.140451 -0.215122 -0.334753
0.186983 0.163955 0.032314 0.205455 0.063572 0.146476 0.098293 0.246691 0.118974 0.288651 0.524274 1.000000 0.332493 0.582626 0.342339 0.532425 -0.027119 0.035731 -0.236762 -0.207194 -0.005290 -0.028906 0.061650 0.326540 -0.205599 -0.186771 -0.004626 0.041596 0.180730 0.134306 -0.176116 -0.093023 -0.133738 -0.025595 -0.202213 0.024031 0.062082 0.046673 -0.035014 -0.088716 0.121313 0.198718 -0.414472 -0.458216 -0.514044 -0.252849 -0.353495 -0.613755 -0.082818 -0.347458 0.150922 0.099813 0.025229 0.037294 0.238982 -0.164786 -0.060630 -0.184670 0.233222 -0.333857 0.444913 0.332191 0.019832 0.084180 0.077814 0.419940 -0.097795 0.062642 -0.325578 -0.192479 -0.173190 -0.127957 -0.062363 -0.077337 -0.006172 0.097146 -0.145651 -0.244792 -0.108284 -0.194500 -0.137335 -0.105701 -0.061408 0.185794 0.170292 0.258943 0.094484 -0.119267 0.405889 0.321911 0.115042 -0.085468 0.099529 -0.036851 0.017283 0.051865 -0.318523 -0.148709 -0.229970 -0.171703 -0.082870 -0.150715 -0.041319 -0.129796 -0.013684 -0.203043 0.144751 0.003847 0.006714 0.049261 -0.288555 -0.303771 -0.194949 -0.129211 -0.227537 -0.041354
0.112467 -0.063928 0.225979 -0.174015 0.119294 -0.083240 0.516162 0.183427 0.256737 0.071823 0.594416 0.332493 1.000000 0.475168 0.478935 0.419353 0.120639 0.217757 -0.109657 -0.146728 -0.461665 -0.493701 0.052271 -0.062629 -0.300361 -0.537235 -0.022570 -0.061355 0.238098 0.140126 -0.111840 -0.288091 -0.160365 0.009624 -0.196235 -0.097993 -0.161695 -0.002799 -0.051133 -0.166371 0.033547 -0.004755 -0.132069 -0.277236 0.013906 -0.112994 -0.031401 -0.200247 0.205309 -0.096703 0.052280 0.091076 -0.030489 -0.025850 0.185063 -0.220319 -0.215311 -0.245712 0.330586 -0.084246 0.354171 0.110156 -0.071385 0.035644 0.363403 0.366529 0.011609 0.000455 -0.356694 -0.203699 -0.286453 0.026032 0.147988 0.031495 -0.084810 -0.012508 -0.202923 -0.126315 -0.171259 -0.090041 -0.324478 -0.080893 -0.220726 -0.170229 0.108005 -0.097918 0.214322 -0.131546 0.325353 0.078997 -0.068770 -0.028714 -0.039327 0.024169 -0.123768 -0.057075 -0.234471 -0.064722 -0.190837 -0.184482 0.121039 0.065280 0.107237 0.048253 -0.041911 -0.000320 -0.016977 -0.127302 -0.293244 -0.022788 -0.196931 -0.117186 -0.249477 0.071370 -0.049255 -0.052677
-0.000655 -0.028394 -0.267839 -0.314683 -0.243065 0.127291 0.109547 0.605640 0.065554 0.363063 0.319487 0.582626 0.475168 1.000000 0.125706 0.727339 0.118094 0.222702 -0.412590 -0.355771 -0.195021 -0.230635 -0.379756 -0.112723 -0.467152 -0.361092 -0.220492 -0.136038 0.027973 0.515849 -0.437464 -0.228279 -0.346218 -0.184472 -0.207792 -0.123919 0.050391 0.091552 -0.097022 0.025691 0.044645 0.024371 -0.247903 -0.241748 -0.242967 0.046736 -0.124428 -0.363399 -0.005330 -0.147903 0.120909 0.038412 0.096769 0.017475 0.184414 -0.084854 -0.069206 -0.280170 0.367493 -0.139273 0.575718 0.593972 0.294372 0.311739 0.045138 0.669480 -0.172706 0.167697 -0.528296 -0.210423 -0.289652 -0.037423 0.059416 -0.115559 -0.109272 -0.016114 -0.143881 -0.200027 -0.063134 -0.070286 -0.064305 0.025104 -0.156316 -0.167659 0.035736 -0.003852 0.176914 -0.236173 0.229367 0.219852 0.164243 -0.026438 0.024245 -0.218926 -0.001722 -0.081266 -0.185257 -0.127675 -0.104588 -0.209623 -0.208726 -0.279417 0.004022 -0.160406 -0.003776 -0.157382 0.175036 -0.040529 -0.079962 0.078232 -0.372903 -0.268035 -0.168514 0.054609 -0.180207 0.097342
0.150552 0.177881 0.062887 0.103009 0.340921 0.005309 0.106001 -0.140583 0.483258 0.126008 0.562283 0.342339 0.478935 0.125706 1.000000 0.331303 0.120071 0.103237 -0.119801 -0.067009 -0.115612 -0.023635 0.341096 0.228273 -0.032089 -0.139694 0.189284 0.146878 0.417261 -0.004381 0.074653 -0.078846 0.043931 0.020863 -0.335000 -0.032139 -0.023522 0.127997 0.143972 0.196916 0.011203 0.151381 0.002975 -0.116287 -0.157855 -0.210183 -0.008103 -0.271955 0.101927 -0.120351 0.192863 0.170040 0.094581 0.002602 0.180522 -0.125777 0.020918 0.062923 -0.036527 -0.372866 0.136418 -0.165255 -0.048313 -0.119054 0.157181 0.001728 -0.230782 -0.287359 -0.054604 -0.101869 -0.081632 -0.282715 0.162833 -0.064906 -0.022261 0.165721 -0.170374 -0.252651 0.119541 0.147743 0.067411 0.107421 0.264573 0.199814 0.143392 0.028622 0.113408 -0.002659 0.274529 -0.079559 -0.188236 -0.178433 -0.141340 0.103724 0.060231 -0.205136 -0.086012 -0.168912 -0.163384 -0.171224 -0.120261 -0.008346 -0.204236 -0.001056 -0.172945 -0.253000 -0.040197 -0.142879 -0.263836 -0.268629 -0.170231 -0.251646 -0.109550 -0.088232 -0.287244 -0.131844
-0.015146 -0.002686 -0.210246 -0.197305 -0.209018 0.085132 0.183362 0.507279 0.212920 0.287753 0.361835 0.532425 0.419353 0.727339 0.331303 1.000000 0.240123 0.299673 -0.373539 -0.341928 -0.150131 -0.054789 -0.310822 -0.123867 -0.499665 -0.317351 -0.312745 -0.161319 0.211213 0.544859 -0.283766 -0.070250 -0.043411 0.054984 -0.249681 -0.177003 0.257312 0.142964 -0.077054 0.075617 0.241046 0.228843 -0.253188 -0.278378 -0.246239 -0.041945 -0.243143 -0.506126 -0.080943 -0.281357 0.055252 -0.057731 -0.000703 -0.138457 0.084250 -0.222524 -0.080524 -0.254397 0.197254 -0.387548 0.523359 0.304392 0.364948 0.273048 0.187156 0.448042 -0.214075 0.007002 -0.390503 -0.184866 -0.118102 -0.202561 0.358791 0.093712 0.081847 0.062495 0.037149 -0.114451 0.232585 0.136502 0.173596 0.204574 -0.153840 0.078004 0.013669 0.071112 0.047044 -0.075961 0.254899 0.048814 0.129017 -0.046187 0.114714 -0.081832 -0.013802 -0.039466 -0.270869 -0.097957 -0.149883 -0.094761 -0.167048 -0.273772 -0.013521 -0.120955 -0.103330 -0.278416 -0.039988 -0.232757 -0.148506 -0.075471 -0.452594 -0.247255 0.064538 0.068275 -0.249412 -0.009355
0.490244 0.449572 -0.356474 -0.151302 -0.092733 -0.091259 -0.304725 0.013721 0.037464 0.027433 0.313854 -0.027119 0.120639 0.118094 0.120071 0.240123 1.000000 0.700484 0.190491 0.030502 -0.222109 -0.032054 -0.202899 -0.350745 -0.169129 -0.148898 -0.118385 -0.128864 0.442340 0.459998 -0.269758 -0.246210 0.158406 -0.033445 -0.171470 -0.239365 0.026592 -0.100260 -0.132336 -0.058847 -0.048168 -0.400707 -0.304709 -0.048385 0.049108 0.072919 -0.133408 -0.104201 -0.243129 0.170209 -0.403692 -0.243791 -0.424074 -0.274895 -0.226911 -0.121246 0.524470 0.386192 -0.280670 -0.058666 0.263285 0.142761 0.591084 0.563013 -0.076712 -0.035338 -0.096297 -0.194084 0.182339 -0.039459 -0.055742 -0.213760 0.341218 -0.337757 -0.323790 -0.261573 -0.218089 -0.421533 0.528834 0.402135 0.616990 0.671811 0.019221 0.230242 0.345823 0.285331 -0.112960 -0.173907 0.013262 -0.116942 -0.408081 -0.356264 -0.278664 -0.272367 -0.096865 -0.312625 -0.132971 -0.183943 -0.214246 -0.166689 -0.011884 -0.361552 -0.063741 -0.275738 -0.281190 -0.505563 -0.275683 -0.092370 -0.149936 -0.171120 -0.277938 -0.218746 0.091483 -0.000441 -0.225242 -0.341376
0.322944 0.428973 -0.376258 -0.227139 -0.207627 -0.225437 -0.203854 0.093159 -0.069632 -0.122009 0.307886 0.035731 0.217757 0.222702 0.103237 0.299673 0.700484 1.000000 -0.042292 -0.078351 -0.162168 -0.108921 -0.329458 -0.449471 -0.210219 -0.309891 -0.114569 -0.131237 0.528701 0.634326 -0.198792 -0.211398 0.088992 0.039718 -0.158160 -0.275995 0.092176 0.055979 0.079176 0.148612 0.025570 -0.243446 -0.258279 -0.024462 0.061511 -0.045816 -0.059910 -0.104414 -0.208503 0.055427 -0.299174 -0.221731 -0.258078 -0.237129 -0.193965 -0.140101 0.400255 0.328229 -0.205700 -0.096260 0.233323 0.254431 0.568150 0.704475 -0.147172 -0.072747 -0.301027 -0.311750 -0.092462 -0.271166 0.037944 -0.007492 0.425523 -0.182171 -0.146174 -0.004667 -0.018635 -0.204589 0.492893 0.497863 0.528699 0.700942 0.036432 0.231089 0.052966 0.086830 -0.029161 -0.054378 -0.071141 -0.183803 -0.213245 -0.305522 -0.190288 -0.314144 0.059186 -0.123205 -0.000596 -0.109490 -0.094663 -0.149255 0.071598 -0.320090 -0.066441 -0.368010 -0.255976 -0.482378 -0.172110 -0.162115 -0.125299 -0.103929 -0.305444 -0.185745 -0.034563 -0.047432 -0.174420 -0.386497
0.226182 0.199438 0.376393 0.072250 0.317152 -0.015541 0.018361 -0.366690 -0.066426 -0.140452 -0.017561 -0.236762 -0.109657 -0.412590 -0.119801 -0.373539 0.190491 -0.042292 1.000000 0.445668 0.132606 -0.048909 0.317969 0.116253 0.300990 0.220143 0.277671 0.223939 0.166928 -0.234356 0.209896 -0.052007 0.021365 -0.026048 0.252246 -0.058462 -0.020050 0.061797 0.128515 -0.052975 0.009622 -0.136576 -0.043978 -0.084200 -0.084185 -0.137187 -0.082862 0.117045 -0.267387 0.090487 -0.357614 -0.198181 -0.258018 -0.194883 -0.175148 -0.007275 0.133397 0.107917 -0.342123 0.167556 -0.351166 -0.232974 -0.233115 -0.136403 -0.317205 -0.407051 0.091317 -0.192172 0.437429 0.233376 0.031257 -0.053427 -0.098864 -0.085250 0.011761 -0.246647 -0.202698 -0.061882 -0.196080 -0.088076 0.100104 -0.106782 0.231600 0.143008 0.066703 -0.007836 -0.077994 -0.059233 -0.126352 -0.101819 -0.141800 0.171270 -0.027047 0.063390 -0.152408 -0.165810 0.047339 0.061557 -0.116884 0.147628 0.330560 0.230007 0.113979 0.096163 0.140324 0.106198 -0.085102 0.138761 -0.110819 -0.164542 0.142816 0.029307 0.169754 -0.032194 0.211866 -0.150109
0.052843 0.353539 0.094401 0.158305 0.227224 -0.034445 -0.165138 -0.499420 -0.066303 -0.208743 -0.097913 -0.207194 -0.146728 -0.355771 -0.067009 -0.341928 0.030502 -0.078351 0.445668 1.000000 -0.094275 -0.061744 0.333887 0.170934 0.154081 0.150312 0.151630 0.082300 0.060743 -0.216745 0.011581 -0.139440 0.198227 0.080424 0.082125 -0.112581 0.017288 -0.042810 -0.124544 -0.227357 0.189619 -0.211826 -0.042679 -0.057450 -0.106213 0.154264 -0.212156 0.002129 -0.113245 0.179151 -0.180935 -0.063713 -0.191928 -0.056159 -0.154301 -0.355516 0.136461 0.251516 -0.192484 0.276836 -0.214530 0.013459 0.001504 0.070100 -0.267674 -0.319404 -0.066354 -0.084102 0.542867 0.723641 -0.231383 -0.013841 -0.066353 -0.182855 -0.185272 -0.241684 -0.233019 -0.123738 -0.022504 -0.034111 0.140334 0.035483 0.119466 0.049255 0.241440 -0.069472 -0.002608 -0.084358 0.087016 0.074691 -0.102859 -0.059088 -0.002549 -0.084734 -0.275544 0.073604 -0.228400 0.038782 -0.339853 -0.119977 0.180558 -0.079453 -0.031073 -0.029795 0.143679 0.313579 0.049875 0.121381 0.086243 0.167797 0.062992 -0.062772 0.059707 -0.004899 0.268360 -0.095112
-0.011790 -0.011756 0.107169 0.136114 0.121055 0.033799 -0.225967 -0.237204 -0.098269 -0.096823 -0.254245 -0.005290 -0.461665 -0.195021 -0.115612 -0.150131 -0.222109 -0.162168 0.132606 -0.094275 1.000000 0.447468 0.166312 0.299897 0.340161 0.407778 0.375130 0.401934 -0.014199 -0.012960 0.271388 0.289252 -0.113498 -0.164606 0.095674 -0.007965 0.252646 0.246850 0.595965 0.384259 0.193409 0.425729 0.107188 0.020938 -0.226986 -0.136242 -0.094951 -0.038077 -0.396620 -0.103833 -0.072919 -0.336537 0.050998 -0.175789 -0.145313 -0.007086 0.001153 -0.050956 -0.362503 -0.124135 -0.350052 -0.144458 -0.231960 -0.212571 -0.393089 -0.450322 -0.241259 -0.221191 0.125373 -0.104454 0.371242 0.084277 -0.057569 0.203073 0.297463 0.322816 0.193076 0.285727 -0.196285 -0.035375 0.086586 -0.136523 0.383421 0.345491 -0.185682 0.007232 0.030480 0.162289 -0.229446 -0.127625 0.287435 0.267119 0.214823 0.289704 0.211129 0.073485 0.252391 0.176217 0.144493 0.215846 0.028861 0.156896 0.064710 0.008293 0.290237 0.147122 0.045192 0.012849 0.058491 -0.044690 0.265495 0.140581 0.174608 0.112125 0.033012 0.282197
-0.011656 0.029039 -0.054210 0.355667 0.144697 0.322098 -0.221571 -0.065342 0.079848 0.250648 -0.084891 -0.028906 -0.493701 -0.230635 -0.023635 -0.054789 -0.032054 -0.108921 -0.048909 -0.061744 0.447468 1.000000 0.084376 0.339647 0.472762 0.627951 0.307655 0.435306 0.184088 -0.078627 0.435377 0.547118 -0.055355 0.149823 0.181781 0.228266 0.178689 0.045447 0.250980 0.253018 -0.151257 0.218408 -0.049877 0.132280 -0.119761 0.152892 -0.254639 -0.039394 -0.402284 -0.243430 -0.153933 -0.329565 -0.230345 -0.216858 -0.216653 -0.012452 0.036388 0.144946 -0.565482 -0.418861 -0.294965 -0.357944 0.048927 -0.241761 -0.166208 -0.244158 -0.348859 -0.001588 0.100500 -0.075834 0.213193 -0.167785 -0.102739 -0.000807 0.144300 0.115704 0.050378 -0.013504 0.157670 0.196239 0.349856 0.130088 0.444039 0.599229 0.091915 0.106062 -0.023884 0.295767 -0.084155 -0.101790 0.124689 -0.007486 0.144027 0.082002 0.360491 0.047431 0.147828 0.210621 -0.063085 0.153353 -0.136479 0.014666 -0.173571 -0.086328 -0.071273 -0.022753 0.021061 -0.200965 0.195338 -0.135501 0.245860 0.026618 0.218085 0.117801 0.089273 0.022203
0.063218 0.182521 0.618513 0.465738 0.703500 0.124586 0.213994 -0.505958 0.303731 -0.048569 0.173193 0.061650 0.052271 -0.379756 0.341096 -0.310822 -0.202899 -0.329458 0.317969 0.333887 0.166312 0.084376 1.000000 0.708561 0.527176 0.229232 0.534209 0.449132 0.191739 -0.562124 0.470854 -0.008407 -0.049851 -0.119484 -0.121130 0.032889 -0.249338 -0.149178 0.295832 -0.014001 -0.069647 0.036493 -0.055004 -0.322298 -0.301110 -0.381782 -0.150407 -0.187599 0.043810 -0.020445 0.165219 0.081164 0.148591 0.070781 0.244780 -0.078237 -0.134767 0.038015 -0.195444 0.126882 -0.348785 -0.249751 -0.555501 -0.442798 -0.118476 -0.312837 -0.098831 -0.260055 0.260512 0.224371 -0.125754 -0.084177 -0.342852 -0.024222 -0.076032 -0.055194 -0.369505 -0.197534 -0.343051 -0.233695 -0.341048 -0.354019 0.422731 0.228759 0.277758 0.099467 0.274364 0.238715 0.286617 0.245442 -0.007186 0.039772 -0.060230 0.285919 -0.031544 -0.199940 0.034624 -0.041459 -0.126665 -0.076525 0.055999 0.107924 -0.146448 0.038123 -0.023309 0.127187 0.113060 0.208167 -0.082381 -0.197148 0.116420 -0.065241 -0.164704 -0.081431 0.007698 -0.052775
0.041147 0.065858 0.486230 0.502958 0.624418 0.386636 0.068507 -0.267631 0.157504 0.228711 0.198895 0.326540 -0.062629 -0.112723 0.228273 -0.123867 -0.350745 -0.449471 0.116253 0.170934 0.299897 0.339647 0.708561 1.000000 0.538500 0.461342 0.625274 0.606268 0.096909 -0.470068 0.504169 0.204182 -0.195982 -0.115402 -0.002926 0.259513 -0.133502 -0.116436 0.244906 0.026471 -0.024055 0.209694 -0.166265 -0.333268 -0.513586 -0.227546 -0.377694 -0.306230 -0.095006 -0.330325 0.181190 -0.159236 0.037130 -0.050380 0.155288 -0.183346 -0.116103 -0.022736 -0.228641 -0.122161 -0.245920 -0.255084 -0.392689 -0.444235 -0.155838 -0.160371 -0.157991 0.004034 0.043695 0.088964 -0.073025 -0.029938 -0.422862 0.061862 0.014785 0.044060 -0.316290 -0.164111 -0.265513 -0.267962 -0.249898 -0.333744 0.343573 0.390988 0.317500 0.227242 0.295625 0.100367 0.436413 0.330693 0.169628 0.041524 0.057193 0.173048 0.045412 -0.180397 -0.067085 -0.038245 -0.287435 -0.049228 -0.049986 0.055787 -0.295832 -0.073237 0.050349 0.215955 0.309083 0.115811 -0.032815 -0.128089 0.250916 -0.282640 -0.186125 -0.163847 0.007354 0.051294
0.208557 0.234600 0.484635 0.460001 0.582325 0.425196 -0.084095 -0.336722 0.088705 0.199029 0.000220 -0.205599 -0.300361 -0.467152 -0.032089 -0.499665 -0.169129 -0.210219 0.300990 0.154081 0.340161 0.472762 0.527176 0.538500 1.000000 0.787470 0.752595 0.703259 0.146826 -0.376521 0.757415 0.391526 -0.178459 0.072866 0.150983 0.338662 -0.279247 -0.040545 0.279956 0.078512 -0.197679 -0.133392 -0.027985 -0.114449 -0.200963 -0.173997 -0.165817 0.015323 -0.299316 -0.185080 -0.097640 -0.178579 -0.073539 -0.085565 -0.112638 -0.002542 0.146423 0.360103 -0.493018 -0.105269 -0.468134 -0.409770 -0.425842 -0.380007 -0.345993 -0.416015 -0.289261 -0.108957 0.318828 -0.016799 0.096670 0.071978 -0.346092 -0.121642 -0.026606 -0.166564 -0.253533 -0.144141 -0.058814 -0.050738 -0.064372 -0.111524 0.397074 0.433575 0.155438 0.173673 -0.061042 0.089088 -0.062456 0.120813 -0.080975 -0.034287 -0.127121 0.042522 0.103229 -0.199430 0.119274 0.037787 -0.117820 0.020918 0.015714 -0.012317 -0.318817 -0.184830 -0.149454 -0.041443 -0.030831 -0.086393 -0.024784 -0.160968 0.407075 0.017231 -0.098955 -0.131154 -0.009063 -0.169822
0.083577 0.135384 0.198398 0.467530 0.333743 0.514085 -0.276656 -0.153273 0.037671 0.330560 -0.173355 -0.186771 -0.537235 -0.361092 -0.139694 -0.317351 -0.148898 -0.309891 0.220143 0.150312 0.407778 0.627951 0.229232 0.461342 0.787470 1.000000 0.502860 0.600134 0.001595 -0.230931 0.571885 0.528036 -0.185482 0.127440 0.231613 0.359353 -0.132098 -0.057131 0.083544 -0.018435 -0.082218 -0.050334 -0.018429 0.022331 -0.204543 0.040195 -0.161492 0.028313 -0.331484 -0.198502 -0.058951 -0.177066 -0.069894 -0.039594 -0.227858 0.086692 0.172039 0.322033 -0.509110 -0.233995 -0.393550 -0.389067 -0.164576 -0.320698 -0.365153 -0.286106 -0.246412 0.031562 0.310117 0.037458 0.119523 0.000225 -0.332796 -0.138634 -0.032581 -0.187575 -0.161793 -0.109891 0.016717 -0.052179 0.134858 -0.019136 0.317988 0.413371 0.147355 0.228475 -0.186106 -0.048986 -0.065993 0.101424 -0.040080 -0.040027 -0.019979 -0.086580 0.050715 -0.237123 0.010961 0.040151 -0.124820 0.085081 -0.147199 -0.066238 -0.304363 -0.236988 -0.175627 -0.077660 -0.077754 -0.200739 -0.072617 -0.191415 0.280626 -0.060788 0.069645 -0.160856 -0.030531 -0.031059
0.410105 0.295912 0.483316 0.308040 0.688517 0.452886 -0.072121 -0.364516 0.038908 0.194481 0.217173 -0.004626 -0.022570 -0.220492 0.189284 -0.312745 -0.118385 -0.114569 0.277671 0.151630 0.375130 0.307655 0.534209 0.625274 0.752595 0.502860 1.000000 0.878389 0.283181 -0.304831 0.593004 0.179193 -0.335412 -0.206376 -0.075839 0.186661 -0.250078 0.009360 0.417000 0.115946 -0.158076 -0.041104 0.006120 -0.206082 -0.326070 -0.200170 -0.159817 -0.035289 -0.151445 -0.171877 0.007178 -0.190934 -0.018196 -0.099948 0.035653 -0.110099 0.141136 0.225097 -0.445539 -0.012823 -0.388347 -0.290985 -0.404786 -0.342197 -0.394058 -0.392701 -0.289003 -0.246996 0.269489 -0.067668 -0.030143 -0.039973 -0.298861 -0.113489 -0.061346 -0.005627 -0.360399 -0.179042 -0.143867 -0.160208 -0.139874 -0.179035 0.419561 0.424232 0.136077 0.084784 0.201810 0.002880 0.092078 0.140732 -0.045215 -0.025913 -0.218548 0.050970 0.142942 -0.157154 0.117524 0.116119 -0.135036 0.012547 0.005803 0.050601 -0.301043 -0.174869 -0.028457 0.047469 0.160013 -0.002545 -0.083273 -0.072335 0.397576 -0.063708 -0.203232 -0.203329 0.043017 -0.140351
0.365045 0.234814 0.443955 0.366656 0.584669 0.567297 -0.042984 -0.140348 0.043721 0.316080 0.184305 0.041596 -0.061355 -0.136038 0.146878 -0.161319 -0.128864 -0.131237 0.223939 0.082300 0.401934 0.435306 0.449132 0.606268 0.703259 0.600134 0.878389 1.000000 0.180214 -0.246240 0.575283 0.272612 -0.373941 -0.197862 -0.048812 0.200135 -0.189749 -0.026463 0.373291 0.099436 -0.122820 0.044476 0.029587 -0.124526 -0.329622 -0.166105 -0.138367 -0.085075 -0.149779 -0.180581 -0.001239 -0.184825 -0.078827 -0.119131 -0.007618 -0.024836 0.006982 0.089473 -0.502982 -0.220591 -0.393911 -0.326084 -0.381003 -0.394345 -0.387971 -0.270777 -0.406048 -0.206179 0.143280 -0.176501 -0.021361 -0.064936 -0.354064 -0.079077 0.018824 -0.018879 -0.301822 -0.144461 -0.176424 -0.228553 -0.141748 -0.183893 0.380963 0.430379 0.160032 0.120955 0.243462 0.059792 0.117541 0.119953 0.101811 0.052395 -0.062948 0.068610 0.184333 -0.137349 0.097635 0.190292 -0.113266 0.108831 -0.109105 0.023714 -0.238021 -0.190553 -0.075070 0.036314 0.119511 -0.140079 -0.134741 -0.090702 0.333396 -0.029958 -0.078271 -0.169386 0.017391 -0.037021
0.233385 0.425995 -0.019946 0.105322 0.304785 -0.031680 -0.019466 -0.198842 0.195127 0.002015 0.511930 0.180730 0.238098 0.027973 0.417261 0.211213 0.442340 0.528701 0.166928 0.060743 -0.014199 0.184088 0.191739 0.096909 0.146826 0.001595 0.283181 0.180214 1.000000 0.270628 0.212082 0.094996 -0.018363 0.162963 -0.332143 -0.057361 0.057831 0.165288 0.211495 0.176367 0.028460 -0.110305 -0.271761 -0.171297 -0.272202 -0.210947 -0.302062 -0.255692 -0.328910 -0.194671 -0.207294 -0.208953 -0.233642 -0.242517 -0.074548 -0.219045 0.234469 0.298498 -0.411007 -0.247643 0.063297 -0.076791 0.242330 0.236953 -0.164415 -0.224920 -0.349550 -0.281762 0.099992 0.020508 -0.022669 -0.235467 0.223690 -0.202130 -0.224077 -0.098577 -0.274940 -0.324739 0.319926 0.330820 0.406195 0.448246 0.439776 0.555321 0.116240 0.166887 0.026490 0.086993 0.040809 -0.113981 -0.227083 -0.299967 -0.094619 -0.091793 0.195642 -0.250878 -0.014183 -0.089327 -0.291999 -0.190180 0.160992 -0.176631 -0.242954 -0.279019 -0.222177 -0.382254 -0.096672 -0.138444 -0.194044 -0.349184 -0.137777 -0.304131 -0.058326 -0.094064 -0.119590 -0.442925
0.023131 0.125563 -0.518983 -0.393882 -0.426876 -0.192953 -0.256021 0.244853 -0.108193 -0.105218 0.094397 0.134306 0.140126 0.515849 -0.004381 0.544859 0.459998 0.634326 -0.234356 -0.216745 -0.012960 -0.078627 -0.562124 -0.470068 -0.376521 -0.230931 -0.304831 -0.246240 0.270628 1.000000 -0.303338 -0.025270 -0.062670 -0.056729 -0.189690 -0.415555 0.334377 0.264460 0.003683 0.138798 0.211745 0.066254 -0.050551 0.095833 0.057758 0.122172 0.013601 -0.015456 -0.254677 -0.040376 -0.153603 -0.174757 -0.049107 -0.188420 -0.243686 -0.046081 0.083877 -0.048358 -0.060535 -0.154969 0.289057 0.373803 0.546295 0.577661 -0.190143 0.023127 -0.321284 -0.254132 -0.257930 -0.164870 0.177197 0.191447 0.557758 0.090978 0.123542 0.204353 0.256427 0.147426 0.351149 0.306818 0.387333 0.455706 -0.081353 -0.025538 -0.213296 -0.040979 -0.107764 -0.140585 -0.248371 -0.203882 0.100440 -0.030262 0.090212 -0.176173 -0.092237 -0.116496 0.023372 -0.078790 0.106797 -0.016389 0.101328 -0.381049 0.084347 -0.165694 -0.028206 -0.369301 -0.141668 -0.216678 0.013259 0.023648 -0.199187 -0.091145 0.016677 0.251914 -0.140695 -0.150870
-0.074330 -0.016746 0.554924 0.404793 0.518529 0.284007 0.218284 -0.261850 0.161534 0.097725 0.067314 -0.176116 -0.111840 -0.437464 0.074653 -0.283766 -0.269758 -0.198792 0.209896 0.011581 0.271388 0.435377 0.470854 0.504169 0.757415 0.571885 0.593004 0.575283 0.212082 -0.303338 1.000000 0.578259 0.002548 0.341306 0.130541 0.233457 -0.086648 0.084421 0.358743 0.072891 -0.075289 0.107193 0.003783 -0.129603 -0.140215 -0.270522 -0.118683 -0.029669 -0.141794 -0.320953 -0.028063 -0.187996 -0.048830 -0.149564 -0.205335 -0.035789 -0.091750 0.215915 -0.407268 -0.168656 -0.390612 -0.553664 -0.353781 -0.392705 -0.058400 -0.426854 -0.141355 -0.141107 0.149950 -0.109382 0.130846 0.083457 -0.127888 0.105146 0.209153 0.045526 -0.021569 0.043708 -0.062910 0.111369 -0.115798 -0.119928 0.268783 0.413019 0.041340 0.077472 -0.090374 0.162882 -0.053334 -0.069740 -0.049287 -0.034746 -0.033055 0.127175 -0.016214 -0.066506 0.009796 -0.054244 -0.054982 0.018755 0.046636 0.134507 -0.189581 -0.021757 -0.165821 -0.090583 -0.033328 -0.295488 -0.039466 -0.227382 0.250650 0.097216 -0.089758 -0.145864 0.012289 -0.167506
-0.276810 -0.389832 0.137344 0.169426 0.005179 0.202043 0.152153 0.119575 0.115362 0.123602 -0.117145 -0.093023 -0.288091 -0.228279 -0.078846 -0.070250 -0.246210 -0.211398 -0.052007 -0.139440 0.289252 0.547118 -0.008407 0.204182 0.391526 0.528036 0.179193 0.272612 0.094996 -0.025270 0.578259 1.000000 0.182344 0.453494 0.212094 0.330836 0.262972 0.162349 0.205857 0.101024 0.052806 0.338126 0.001567 0.001249 -0.130079 -0.045987 -0.223173 0.006803 -0.151302 -0.372094 -0.119977 -0.146115 -0.123020 -0.075938 -0.348122 -0.102212 -0.247141 -0.089775 -0.254866 -0.420179 -0.211454 -0.495636 -0.070603 -0.295961 0.075710 -0.092062 -0.001945 0.272072 -0.208198 -0.264630 0.177446 0.081137 0.114904 0.254859 0.342606 0.256515 0.249174 0.283611 0.054319 -0.074646 0.026296 -0.094354 0.118728 0.289529 -0.204591 -0.024297 -0.160888 0.023611 -0.085889 -0.222678 0.170224 0.082216 0.287798 0.066375 0.039199 0.055516 -0.065674 -0.061236 -0.030627 0.137526 -0.067698 0.117908 0.069063 0.125286 -0.071623 -0.007914 -0.118191 -0.424611 -0.021522 0.001741 0.145509 0.132015 0.039983 -0.033859 0.105610 0.152605
-0.219652 -0.129532 -0.101370 -0.000646 -0.162623 -0.250991 0.121237 -0.129425 0.099372 -0.328626 -0.202270 -0.133738 -0.160365 -0.346218 0.043931 -0.043411 0.158406 0.088992 0.021365 0.198227 -0.113498 -0.055355 -0.049851 -0.195982 -0.178459 -0.185482 -0.335412 -0.373941 -0.018363 -0.062670 0.002548 0.182344 1.000000 0.544843 0.150346 -0.049136 0.296972 -0.009458 -0.071794 0.019606 0.193328 0.014793 -0.018792 0.075256 0.262336 0.011514 -0.023351 -0.045185 -0.013084 0.130583 -0.338777 -0.074751 -0.304998 -0.203167 -0.304638 -0.281083 0.020090 0.099772 0.024288 0.007799 0.007354 -0.223571 0.213038 0.188056 0.360736 -0.160569 0.381606 0.124705 0.013375 0.088030 0.078991 -0.039245 0.368658 0.091437 0.083644 0.125107 0.289657 0.132886 0.337772 0.160483 0.265887 0.213329 -0.235084 0.092587 -0.045727 -0.008777 -0.264740 -0.128808 -0.035658 -0.277800 -0.189472 -0.163764 0.097789 -0.024488 -0.149735 0.225610 -0.152315 -0.083333 -0.058696 -0.032353 0.042429 -0.087903 0.159955 0.214667 -0.009952 -0.108554 -0.210829 -0.152201 0.084557 -0.035350 -0.110859 0.083399 0.221310 0.002177 -0.141240 -0.052307
-0.344514 -0.169555 0.058062 0.126207 -0.046494 0.017147 0.298074 0.052186 0.175995 0.096454 0.026652 -0.025595 0.009624 -0.184472 0.020863 0.054984 -0.033445 0.039718 -0.026048 0.080424 -0.164606 0.149823 -0.119484 -0.115402 0.072866 0.127440 -0.206376 -0.197862 0.162963 -0.056729 0.341306 0.453494 0.544843 1.000000 0.281288 0.305005 0.133989 0.008828 -0.103099 -0.120579 0.101720 0.014558 -0.089561 -0.075555 0.022492 -0.080255 -0.176957 -0.193191 -0.154943 -0.164599 -0.192957 -0.008966 -0.255124 -0.101582 -0.393147 -0.327044 -0.039838 0.209766 -0.044682 -0.233207 0.143572 -0.248405 0.241363 0.111321 0.443264 0.068173 0.160130 0.367881 -0.063531 0.009068 -0.011336 -0.003864 0.232874 -0.033943 0.124287 -0.046775 0.223958 0.081741 0.301826 0.278314 0.209119 0.211546 -0.259093 0.133423 0.018883 -0.074595 -0.552834 -0.052198 -0.015365 -0.187541 -0.268637 -0.210337 0.013330 -0.132227 -0.178024 0.093398 -0.342486 -0.235275 -0.305042 -0.196004 -0.035823 -0.122676 -0.114789 -0.117617 -0.305240 -0.198760 -0.355803 -0.532401 -0.077631 -0.215198 -0.158944 0.051596 0.093926 -0.097082 -0.113448 -0.069323
-0.221374 -0.292479 -0.001678 -0.036518 -0.118866 0.054784 0.123069 0.014609 -0.135648 0.042732 -0.220717 -0.202213 -0.196235 -0.207792 -0.335000 -0.249681 -0.171470 -0.158160 0.252246 0.082125 0.095674 0.181781 -0.121130 -0.002926 0.150983 0.231613 -0.075839 -0.048812 -0.332143 -0.189690 0.130541 0.212094 0.150346 0.281288 1.000000 0.300282 0.009546 -0.025501 -0.108320 -0.082306 -0.092864 0.058760 -0.107818 0.017517 0.228328 0.212086 -0.061552 0.136154 -0.236478 -0.155206 -0.333109 -0.280575 -0.225986 -0.176072 -0.283691 -0.049876 -0.157960 -0.105647 -0.009467 0.102819 -0.078171 -0.103426 -0.122802 -0.160726 0.204672 0.071669 0.308571 0.379954 -0.007602 -0.122818 0.036794 0.211132 -0.104411 0.111763 0.188176 0.044942 0.165792 0.211034 -0.224352 -0.014959 -0.047542 -0.206818 -0.143438 0.005330 -0.006004 -0.172790 -0.106961 -0.044967 -0.020355 0.000374 0.080241 0.239257 0.163892 -0.039103 -0.051374 0.114869 -0.101184 0.045718 -0.082940 0.201167 0.025735 0.246937 0.128278 0.130744 0.031594 0.258482 -0.022219 -0.079968 0.032947 0.033345 0.219048 0.285872 0.112325 0.145796 0.258345 0.202853
-0.068060 -0.183743 0.142764 0.135035 0.199475 0.250219 0.081606 0.134547 0.044275 0.296565 0.131664 0.024031 -0.097993 -0.123919 -0.032139 -0.177003 -0.239365 -0.275995 -0.058462 -0.112581 -0.007965 0.228266 0.032889 0.259513 0.338662 0.359353 0.186661 0.200135 -0.057361 -0.415555 0.233457 0.330836 -0.049136 0.305005 0.300282 1.000000 -0.263389 -0.141134 -0.233759 -0.060972 -0.137367 -0.156831 0.065949 -0.046997 -0.097432 0.001988 -0.102258 -0.027517 0.080527 -0.185391 -0.090366 -0.086868 -0.203677 -0.013588 -0.069437 -0.056599 0.030424 0.167526 -0.021397 -0.143809 -0.109593 -0.333929 -0.093409 -0.256828 0.173197 0.256911 0.161826 0.649307 -0.095843 -0.151930 -0.222300 0.012135 -0.338955 -0.187459 -0.201249 -0.118024 -0.145226 -0.142633 0.010895 -0.035367 -0.080374 -0.100574 -0.061537 0.101104 0.184296 0.192563 -0.103366 -0.036848 0.186984 0.097898 -0.154157 -0.130999 -0.081988 -0.080766 -0.012334 -0.258477 -0.169390 -0.219051 -0.255754 -0.173236 -0.243877 0.098907 -0.285195 -0.182863 -0.175874 0.064013 -0.127077 -0.184133 -0.188609 -0.047093 0.074442 -0.162581 -0.109477 -0.161607 -0.126146 -0.003984
