1.000000 0.058908 0.073378 -0.335533 -0.033000 -0.036566 0.056471 -0.484123 -0.035909 -0.045846 0.538064 -0.056922 0.145795 -0.115636 0.173420 -0.010763 0.231442 0.185942 0.168107 0.032388 0.255944 -0.209679 -0.031375 -0.229667 -0.176308 -0.181434 -0.049586 -0.176843 0.250133 -0.016976 -0.041530 -0.148196 0.029827 0.197030 -0.174439 -0.142742 0.155658 0.079736 0.167005 -0.033041 0.105275 0.174306 0.141206 0.035185 0.195449 0.045150 -0.206613 -0.103313 0.059463 0.085052 0.146216 -0.073082 0.093760 0.051727 -0.043491 0.052525 0.054161 0.186998 0.246792 -0.101502 -0.053314 -0.139563 0.075106 -0.069049 0.030098 -0.117076 -0.149999 -0.210291 -0.314003 -0.167410 -0.080987 -0.120688 0.349376 0.218953 0.297043 0.237513 0.301876 0.080932 0.071720 0.233203 0.238643 0.130496 0.100900 -0.097570 0.267759 -0.107348 0.254098 -0.099524 -0.002740 0.080457 -0.095401 0.230935 -0.306785 -0.110159 -0.209909 0.286190 -0.155067 -0.224659 0.187359 0.038577 -0.076768 0.003947 -0.119334 -0.071243 0.178771 -0.094845 0.106097 0.101019 0.144701 -0.050464 -0.202620 0.033818 -0.041627 -0.088823 0.017814 0.007382
0.058908 1.000000 -0.241221 0.063435 -0.310628 0.198257 -0.368934 0.194242 -0.125554 0.163096 0.190830 0.413044 0.222418 0.392464 0.077993 0.389634 0.327456 0.235561 -0.056934 -0.083392 -0.073044 -0.297148 -0.420480 -0.443136 -0.341216 -0.394439 -0.176780 -0.104484 0.354739 0.222103 -0.383063 -0.136149 -0.115569 0.196380 -0.238696 -0.009448 0.229532 -0.024184 -0.026596 -0.252641 -0.213873 -0.124625 -0.037363 -0.077247 0.084955 0.143456 0.078069 0.127472 -0.044456 0.077081 -0.255196 -0.139434 0.075513 0.103291 -0.294613 -0.228763 0.368436 0.096319 0.088029 0.042816 0.330585 0.468045 0.409090 0.265099 -0.070316 0.198922 0.009217 -0.152399 0.181465 -0.096926 0.050737 0.109682 0.016314 0.048752 -0.127529 0.264386 0.102845 0.209673 0.096598 -0.097992 0.297460 0.342065 -0.081098 0.287338 -0.068299 0.097720 -0.267204 -0.155834 -0.050704 0.287152 -0.017942 -0.156651 0.000136 -0.147799 -0.342236 -0.003515 -0.168590 -0.125357 0.106328 -0.262143 0.066037 -0.020518 0.106053 -0.328760 -0.093047 -0.394523 -0.009839 -0.058187 -0.113438 -0.293799 -0.210402 0.187438 0.058340 -0.074707 -0.254864 0.048891
0.073378 -0.241221 1.000000 -0.169797 0.273804 -0.029616 0.726277 -0.144233 0.507545 -0.272286 0.238461 -0.389228 0.275488 -0.231009 0.210886 -0.228154 -0.125551 -0.193520 0.190576 0.113076 -0.119536 0.238225 0.487178 0.235125 0.303684 0.248107 0.293019 0.197329 -0.025532 -0.400846 0.378027 -0.021783 -0.183493 -0.170873 0.057663 0.200949 -0.109526 -0.001424 0.046962 0.312361 0.078995 0.192253 -0.265179 -0.320325 -0.303411 -0.573237 -0.360151 -0.432835 0.233849 -0.566733 0.274127 -0.310955 -0.148202 -0.384010 0.290295 -0.045723 -0.302373 -0.118806 0.402568 -0.296671 0.320760 -0.280787 -0.360624 -0.307402 0.592920 -0.108891 0.004116 0.112738 -0.233694 0.160733 0.162232 -0.080497 0.002843 -0.050755 0.038911 -0.214106 -0.139509 -0.175265 -0.330921 0.071666 -0.426992 -0.387568 0.104448 -0.423523 0.070832 -0.149970 0.148026 0.060580 0.301112 -0.489414 -0.148199 0.069844 -0.083724 0.483778 0.258504 -0.126218 0.350025 -0.058334 -0.264541 -0.160118 -0.059724 0.219723 -0.309525 0.079791 -0.010619 0.228952 0.224622 0.391287 -0.042921 0.442357 0.370511 -0.191920 0.093089 0.090712 0.147865 0.025371
-0.335533 0.063435 -0.169797 1.000000 0.219292 0.096588 -0.084082 0.651097 0.131370 0.255051 -0.172859 0.048290 -0.013566 0.141269 -0.166514 -0.060806 -0.164167 -0.089296 -0.072824 0.172992 -0.016756 -0.054742 0.241288 0.490785 0.200205 0.286534 0.213673 0.286861 -0.327676 -0.335385 0.118727 0.368032 0.002344 0.047129 0.226089 0.186108 -0.410239 -0.330510 -0.343861 -0.274611 -0.355587 -0.412651 -0.393194 -0.283188 -0.429977 -0.074394 -0.176913 -0.026308 -0.277991 -0.231094 -0.337588 -0.095581 -0.160935 0.016725 -0.357966 -0.221097 -0.252634 0.224775 -0.264505 0.117976 -0.042676 0.245158 -0.074147 -0.023542 0.213672 0.213528 0.013648 0.036744 -0.088061 -0.140317 -0.040994 0.086528 -0.364459 -0.181846 -0.264503 -0.126371 -0.245600 -0.074730 -0.034669 0.018488 -0.379209 -0.125631 0.121039 0.376236 0.082794 0.264000 -0.040870 0.250466 0.140433 0.223226 0.100888 -0.092625 0.495856 -0.037526 0.088707 -0.256688 0.103894 -0.056631 -0.273068 -0.166769 0.101546 -0.155665 0.213048 -0.204515 -0.109948 -0.262658 -0.250869 -0.225898 -0.278555 -0.155295 0.079900 0.047786 0.128542 -0.246034 0.004122 0.133869
-0.033000 -0.310628 0.273804 0.219292 1.000000 -0.107972 0.251380 0.068475 0.443969 0.015947 0.118737 -0.243879 -0.196740 -0.159728 0.302234 -0.108772 -0.106631 -0.040152 -0.178146 0.084002 0.082463 0.351893 0.584042 0.408620 0.314942 0.397987 0.450539 0.339632 -0.312665 -0.245419 0.137694 0.175468 -0.161931 -0.225352 0.001227 0.113863 -0.280034 -0.228224 -0.022212 -0.090727 -0.021432 0.024005 -0.172418 -0.173547 -0.331799 -0.380425 -0.132241 -0.221938 -0.126309 -0.224275 0.269960 0.150036 0.082221 0.103693 0.210833 0.260785 -0.180116 0.065314 0.022651 0.095166 -0.021846 -0.167837 -0.260514 -0.263374 0.250719 -0.026944 -0.186049 -0.012767 -0.382293 0.126706 -0.024119 -0.066067 -0.144558 -0.189414 -0.064736 -0.190430 -0.264721 -0.118158 -0.080402 0.180811 -0.342807 -0.148803 0.136466 -0.079457 -0.067787 0.025760 -0.062449 0.099794 0.179784 0.005340 0.003411 -0.042066 0.105468 0.088685 0.253215 -0.263034 0.161578 -0.149986 -0.162885 -0.168592 -0.027657 -0.146874 -0.063622 -0.153381 -0.036123 0.084425 -0.217348 0.089707 -0.185026 0.122488 0.080910 -0.156685 -0.055474 -0.120125 -0.000337 -0.165810
-0.036566 0.198257 -0.029616 0.096588 -0.107972 1.000000 -0.040799 0.115232 -0.054778 0.287469 0.024133 -0.063051 -0.116751 0.156464 -0.277190 -0.059847 -0.207516 0.073098 -0.317513 0.164770 0.096845 0.160551 0.037171 0.264635 0.131246 0.203913 0.175294 0.259849 -0.224413 -0.088039 -0.020459 0.070807 -0.217048 -0.183967 0.113996 -0.133424 -0.174737 -0.252695 0.085737 -0.244268 -0.222031 -0.234959 -0.297340 -0.290232 -0.159957 -0.124413 -0.069331 -0.222477 -0.225430 -0.021267 -0.250639 -0.188580 -0.261828 -0.034529 -0.235113 -0.070274 -0.140618 0.099486 -0.129556 0.109576 -0.118751 -0.070507 -0.203672 -0.302571 -0.012289 0.110883 -0.019971 0.073423 -0.074650 0.088301 0.018441 0.281365 -0.221630 0.002748 -0.297543 -0.221744 -0.199839 -0.064474 0.006530 -0.037120 -0.161561 -0.132421 0.031354 0.098978 0.119484 0.147718 -0.242330 -0.079873 -0.131406 0.047307 0.282272 0.135230 0.339620 0.233063 0.136564 -0.174639 -0.009017 0.297460 -0.202778 -0.111211 0.109644 0.210400 0.273445 0.198447 0.031299 0.057444 0.087341 -0.151074 -0.019169 0.080400 -0.025949 0.292259 0.340230 -0.023624 0.111190 -0.034276
0.056471 -0.368934 0.726277 -0.084082 0.251380 -0.040799 1.000000 -0.141795 0.345151 -0.146317 -0.011342 -0.337133 0.204599 -0.267184 0.128267 -0.199693 -0.261866 -0.055021 0.241256 0.322577 -0.065400 0.249500 0.558619 0.392566 0.250278 0.199804 0.152019 0.056166 -0.090120 -0.296593 0.376450 0.148427 -0.033172 -0.118690 0.091868 0.023258 -0.198069 0.000955 -0.058835 0.113379 -0.065368 -0.023204 -0.322209 -0.314744 -0.321446 -0.517373 -0.438035 -0.477990 -0.053627 -0.580831 0.108709 -0.324264 -0.211108 -0.297496 0.140565 -0.126532 -0.339975 -0.049975 0.255412 -0.247560 0.110776 -0.275020 -0.362356 -0.316072 0.414777 -0.176434 0.058868 0.197649 -0.226146 0.275337 -0.002669 -0.055499 -0.164344 -0.177245 -0.034354 -0.215518 -0.248980 -0.232229 -0.227699 0.066606 -0.467175 -0.379260 0.363859 -0.199467 0.218674 -0.092116 0.318580 0.157346 0.335584 -0.456964 -0.086293 0.100379 0.133612 0.598173 0.249497 -0.090367 0.145399 -0.124568 -0.409888 -0.150305 0.033919 0.274220 -0.232950 0.250232 0.121304 0.285800 0.119077 0.306869 0.024657 0.271984 0.165702 -0.180380 0.161370 0.045988 0.169176 0.032782
-0.484123 0.194242 -0.144233 0.651097 0.068475 0.115232 -0.141795 1.000000 0.233368 0.392365 -0.117102 0.353648 0.105639 0.484207 0.005353 0.218656 -0.031447 -0.069574 -0.222771 -0.157962 -0.175968 -0.041483 -0.042064 0.160530 0.152626 0.214317 0.065115 0.209141 -0.197991 -0.279406 0.020838 0.343909 -0.118429 -0.167009 0.137961 0.319217 -0.235199 -0.329039 -0.460146 -0.126137 -0.346734 -0.302967 -0.292251 -0.127631 -0.198665 0.011902 -0.037692 0.087754 -0.150107 -0.233103 -0.236737 -0.018517 -0.137894 -0.065528 -0.244527 -0.206284 -0.292672 -0.122964 -0.108092 -0.050015 0.144314 0.413535 0.109605 0.044405 0.203017 0.493767 0.185742 0.179696 -0.097130 -0.179055 -0.077597 -0.040478 -0.350768 -0.305648 -0.382791 -0.122149 -0.153180 -0.053950 -0.042441 0.098232 -0.339115 -0.047767 -0.037614 0.371336 -0.022319 0.372756 -0.160031 0.169861 0.087630 0.125857 -0.120841 -0.398458 0.344245 -0.103118 -0.136318 -0.143403 0.200068 -0.038945 -0.297701 -0.291056 0.226573 -0.083303 0.052077 -0.348455 -0.283174 -0.128315 -0.193452 -0.057829 -0.233734 -0.299809 0.009890 -0.119494 -0.085676 0.017352 -0.104378 -0.136326
-0.035909 -0.125554 0.507545 0.131370 0.443969 -0.054778 0.345151 0.233368 1.000000 0.187719 0.331426 0.004723 0.209998 0.191009 0.454978 0.142957 -0.150847 -0.267779 0.008956 -0.111197 -0.020953 0.185555 0.266611 0.172349 0.240922 0.312345 0.275781 0.281529 -0.140747 -0.444158 0.150626 0.009891 -0.317722 -0.350914 -0.038401 0.206265 -0.328484 -0.212967 0.099816 0.120773 -0.088522 0.093964 -0.103050 -0.166837 -0.351756 -0.459035 -0.282315 -0.197039 0.109857 -0.429108 0.218415 0.027599 -0.007472 -0.170591 0.214092 0.044234 -0.306266 -0.204345 0.376356 -0.207889 0.278862 0.044431 -0.271738 -0.203071 0.538435 0.395880 -0.157609 -0.042215 -0.296739 0.158814 0.032342 -0.115869 -0.147338 -0.199437 -0.156301 -0.158598 -0.252207 -0.203939 -0.251418 0.017798 -0.495827 -0.451262 0.063921 -0.135249 0.037042 0.195264 -0.046667 0.050177 0.351375 -0.087692 -0.105091 -0.072433 0.033592 0.191848 0.095611 -0.082125 0.193657 -0.226191 -0.188537 -0.213688 -0.055126 0.110502 -0.270443 -0.118364 -0.100375 0.103661 -0.160194 0.195724 -0.232322 0.010035 0.106354 -0.336594 -0.178403 0.173976 0.095344 -0.203390
-0.045846 0.163096 -0.272286 0.255051 0.015947 0.287469 -0.146317 0.392365 0.187719 1.000000 0.210966 0.508018 0.171859 0.622485 0.243891 0.630008 -0.050082 0.017178 -0.211210 -0.108588 -0.120886 -0.191322 -0.162201 -0.022452 -0.130698 -0.130154 -0.246119 -0.165258 -0.003823 -0.001126 -0.164072 0.264867 -0.144976 -0.370113 -0.073760 -0.127488 -0.177698 -0.260044 -0.021730 -0.196791 -0.070792 0.017311 -0.176041 -0.226651 -0.043667 0.040702 -0.063184 -0.055064 -0.244552 0.181107 -0.352769 0.175983 0.236174 0.326790 -0.188428 -0.286406 -0.222508 -0.153595 -0.049068 0.247996 -0.050683 0.466710 0.033570 0.086661 -0.029780 0.494813 -0.255640 -0.404107 -0.221088 -0.067665 -0.111968 0.059959 -0.091382 -0.162310 -0.177577 -0.001964 -0.025329 -0.007121 -0.131558 -0.057643 -0.190601 -0.258493 0.387537 0.537933 0.116388 -0.024087 -0.097012 0.106558 -0.095939 0.180120 0.309571 0.126560 0.364709 0.042111 -0.215377 -0.140662 -0.406562 -0.283906 0.044209 -0.018661 0.121970 0.148998 0.200456 -0.204459 -0.170355 -0.206039 -0.348487 -0.239580 -0.170935 -0.310962 -0.396215 -0.030859 0.030736 0.078507 0.165509 -0.132591
0.538064 0.190830 0.238461 -0.172859 0.118737 0.024133 -0.011342 -0.117102 0.331426 0.210966 1.000000 0.186485 0.571102 0.190592 0.437875 0.280172 0.397088 0.029951 -0.015173 -0.259464 0.049330 -0.179200 0.050644 -0.286204 -0.000772 -0.101247 0.058748 -0.041926 0.356260 -0.222726 -0.136870 -0.152937 -0.176884 -0.229734 -0.254955 0.108030 0.068357 -0.152327 0.120444 0.072631 0.218519 0.306467 0.085232 -0.130482 -0.031803 -0.239726 -0.201334 -0.178280 0.279065 -0.185503 0.260006 -0.016032 0.140483 0.021440 0.143017 -0.016105 -0.204673 -0.107522 0.370291 -0.225652 0.208443 0.059705 0.029793 -0.139139 0.409677 0.260725 -0.346421 -0.356944 -0.315140 0.059222 -0.021711 -0.193918 0.202067 0.028809 0.151389 0.131409 0.124331 0.106798 -0.179604 0.095750 -0.008645 -0.147419 0.232117 -0.095664 0.204259 -0.016188 0.087312 0.020088 0.236508 0.046948 -0.050356 0.184252 -0.153311 0.045461 -0.146397 0.118404 -0.102840 -0.245429 0.129687 -0.161314 -0.168301 -0.009222 -0.143444 -0.312833 -0.008044 -0.047188 -0.013469 0.056486 0.072358 0.071986 -0.127289 -0.172930 -0.095262 0.067403 0.046075 -0.192990
-0.056922 0.413044 -0.389228 0.048290 -0.243879 -0.063051 -0.337133 0.353648 0.004723 0.508018 0.186485 1.000000 0.320652 0.717436 0.337968 0.756047 0.024689 -0.046322 -0.139318 -0.448925 -0.151330 -0.378159 -0.556511 -0.481562 -0.475930 -0.528525 -0.501447 -0.323458 0.395198 0.247435 -0.366919 -0.044219 0.088784 -0.083665 -0.295394 -0.113980 0.010303 -0.284269 -0.055250 -0.052993 0.019084 -0.092580 0.168789 0.130741 0.295210 0.286269 0.171918 0.195596 0.148877 0.243361 -0.067238 0.356391 0.304359 0.194848 -0.194959 -0.206195 -0.004872 -0.435522 0.114309 -0.001311 0.180397 0.624547 0.427040 0.380897 -0.242073 0.411719 0.006001 -0.181160 -0.064395 -0.156904 -0.068954 -0.102674 0.036343 -0.269764 -0.128053 0.312282 0.147001 0.172800 -0.119206 -0.187024 0.106146 0.046934 -0.044452 0.419202 -0.098221 0.199659 -0.212929 0.194408 -0.097708 0.133242 -0.063647 -0.146320 0.152996 -0.238075 -0.537464 0.145953 -0.261191 -0.311101 0.280096 -0.053121 0.210016 0.025923 -0.096135 -0.212225 -0.125986 -0.290144 -0.136907 -0.126226 -0.088678 -0.577283 -0.454937 -0.085927 -0.313554 0.009302 -0.048787 -0.236533
0.145795 0.222418 0.275488 -0.013566 -0.196740 -0.116751 0.204599 0.105639 0.209998 0.171859 0.571102 0.320652 1.000000 0.357687 0.363364 0.294026 0.269406 -0.011816 0.069923 -0.261228 -0.395761 -0.293189 -0.155170 -0.275515 -0.187720 -0.334878 -0.270465 -0.129794 0.463039 -0.167083 -0.282620 -0.211830 -0.013245 -0.088203 -0.258134 0.185239 0.105356 -0.104913 -0.108189 0.120573 0.120177 0.144303 -0.049492 -0.209367 0.021387 -0.043982 -0.197939 -0.281149 0.327647 -0.272028 0.134437 -0.202468 -0.016383 -0.301372 0.062408 -0.337098 -0.055656 -0.231868 0.527909 -0.354475 0.494270 0.260544 0.064851 0.017470 0.494860 0.330812 -0.049320 -0.113713 -0.047260 0.055173 -0.172021 -0.261424 -0.014650 -0.231675 -0.033916 -0.018350 0.047926 -0.004604 -0.239842 -0.111991 -0.112744 -0.186276 0.293394 -0.022859 0.176166 0.103620 0.235005 0.167968 0.320765 0.020443 -0.194137 0.072727 -0.123586 0.293870 -0.229792 0.026557 0.074450 -0.255814 -0.057223 -0.193907 -0.089398 0.111145 -0.259889 -0.177977 -0.104957 -0.068241 0.074323 0.086306 -0.046049 -0.067585 -0.148459 -0.168802 -0.063156 0.205872 0.156674 -0.061428
-0.115636 0.392464 -0.231009 0.141269 -0.159728 0.156464 -0.267184 0.484207 0.191009 0.622485 0.190592 0.717436 0.357687 1.000000 0.322662 0.652839 -0.026072 -0.000919 -0.191627 -0.401701 -0.222216 -0.203143 -0.438390 -0.313720 -0.278470 -0.309947 -0.392051 -0.162319 0.182790 0.085412 -0.353226 0.011160 -0.061097 -0.240658 -0.279009 -0.066460 -0.027586 -0.344197 -0.077764 -0.201590 -0.060205 -0.113940 0.031543 0.001119 0.203571 0.215948 0.069540 0.061572 0.137302 0.202816 -0.106307 0.274353 0.292379 0.129763 -0.136693 -0.296791 -0.013037 -0.430951 0.117408 0.041514 0.273755 0.599984 0.243193 0.252648 0.009623 0.594843 0.009744 -0.237583 -0.061282 -0.121995 -0.046360 -0.057317 -0.019058 -0.311368 -0.258278 0.084984 -0.030385 -0.055003 -0.290671 -0.102691 -0.049624 -0.105253 0.007832 0.341181 -0.175681 0.111246 -0.277705 -0.002938 -0.081831 0.115589 0.103280 -0.046576 0.217133 0.019821 -0.433523 -0.044727 -0.225088 -0.349293 0.171969 -0.197206 0.122271 0.181935 -0.022695 -0.344847 -0.330903 -0.258706 -0.242795 -0.108794 -0.165301 -0.437170 -0.435569 -0.016262 -0.208168 0.156901 -0.047392 -0.204087
0.173420 0.077993 0.210886 -0.166514 0.302234 -0.277190 0.128267 0.005353 0.454978 0.243891 0.437875 0.337968 0.363364 0.322662 1.000000 0.493542 0.176047 -0.023855 0.065513 -0.178770 -0.239741 -0.169377 -0.045735 -0.325940 -0.163312 -0.236073 -0.169348 -0.224209 0.337974 0.005617 -0.192326 -0.068186 -0.087820 -0.090688 -0.441536 -0.086011 0.113378 -0.106418 -0.010062 -0.031356 0.180877 0.200725 0.097282 -0.123266 0.040928 -0.233927 0.107794 -0.072138 0.221436 -0.038437 0.152539 0.162628 0.328595 0.085520 0.121828 -0.044912 -0.017047 -0.257259 0.331148 -0.040978 0.367438 0.244488 0.223131 0.135038 0.180246 0.206739 -0.202489 -0.339032 -0.222184 0.075683 -0.101105 -0.217416 0.057103 -0.220347 0.037175 0.230078 0.143174 0.123689 -0.135206 -0.240386 -0.079842 -0.177249 0.217633 0.225111 -0.221032 -0.120408 0.030394 0.024295 0.139141 -0.042613 -0.132347 0.016435 -0.117520 0.035035 -0.327168 0.157370 0.047978 -0.352111 0.122413 -0.182159 -0.046236 0.116360 -0.264252 -0.181935 0.029209 0.081942 -0.155665 0.140527 -0.079165 -0.151650 -0.121957 -0.253021 -0.211202 0.302415 0.193746 -0.136574
-0.010763 0.389634 -0.228154 -0.060806 -0.108772 -0.059847 -0.199693 0.218656 0.142957 0.630008 0.280172 0.756047 0.294026 0.652839 0.493542 1.000000 0.058656 0.033837 -0.101271 -0.409580 -0.228770 -0.288860 -0.369011 -0.432916 -0.370657 -0.470857 -0.436904 -0.324974 0.377382 0.226397 -0.381588 -0.048743 -0.107910 -0.253093 -0.376620 -0.281774 0.123234 -0.047841 -0.053510 -0.073008 0.078751 0.122911 0.196990 0.013647 0.230977 0.008379 0.161043 0.099158 0.185818 0.210912 -0.081090 0.334721 0.469663 0.361246 0.001930 -0.200153 -0.010342 -0.248264 0.045374 0.076444 0.153130 0.524023 0.392747 0.308433 -0.176666 0.256980 -0.266478 -0.485140 -0.066109 -0.163192 -0.126840 -0.139490 0.140241 -0.059149 -0.005615 0.266400 0.182005 0.069084 -0.125132 -0.190401 0.102633 -0.013318 0.121246 0.457749 -0.192283 -0.040685 -0.173096 0.100275 -0.120592 0.096495 0.129214 0.071559 0.110437 -0.072472 -0.476506 0.065106 -0.412755 -0.444264 0.341496 0.058418 0.248899 0.175341 0.004516 -0.286706 -0.124439 -0.261441 -0.240693 -0.100422 -0.026500 -0.398081 -0.488000 -0.035015 -0.163363 0.057878 -0.101261 -0.246908
0.231442 0.327456 -0.125551 -0.164167 -0.106631 -0.207516 -0.261866 -0.031447 -0.150847 -0.050082 0.397088 0.024689 0.269406 -0.026072 0.176047 0.058656 1.000000 0.103551 0.209138 0.005718 -0.098654 -0.254188 -0.261826 -0.481844 -0.186393 -0.234317 -0.145468 -0.269549 0.376453 0.150233 -0.306872 -0.223536 0.062293 0.143411 -0.121342 0.143126 0.338832 0.090179 -0.018560 0.043375 0.106787 0.188056 -0.023394 -0.116398 0.154204 0.100061 -0.042938 0.052727 -0.036429 0.034858 -0.092245 -0.080126 0.096104 0.010412 0.105490 0.013292 0.204377 0.004408 0.111630 0.052417 0.376070 0.182113 0.398988 0.289177 0.036265 0.019075 0.106804 -0.186118 0.219599 0.020618 -0.013203 -0.182924 0.252056 0.085257 0.206197 0.114949 0.225420 0.192925 0.211063 0.026317 0.422399 0.326321 -0.061329 -0.041026 0.013082 -0.199922 0.089563 -0.351939 -0.009969 0.348586 -0.031500 -0.023625 -0.388718 -0.212472 -0.094024 0.139094 0.054519 0.112856 0.094415 -0.072774 -0.238082 -0.159809 0.067842 -0.119615 -0.094586 0.028099 0.048679 0.136370 0.137308 -0.144602 -0.021555 -0.124992 -0.024568 0.068416 -0.103033 0.011159
0.185942 0.235561 -0.193520 -0.089296 -0.040152 0.073098 -0.055021 -0.069574 -0.267779 0.017178 0.029951 -0.046322 -0.011816 -0.000919 -0.023855 0.033837 0.103551 1.000000 -0.023790 0.134023 -0.211334 -0.073707 -0.002084 -0.030747 -0.155097 -0.123577 -0.062721 -0.107775 0.212446 0.239817 -0.038662 0.215431 0.003344 0.371180 -0.061052 -0.211695 0.234908 0.170807 -0.078478 -0.094315 -0.124189 -0.111916 -0.036360 0.128651 0.155937 0.131470 0.117643 0.187182 -0.057559 0.119582 -0.082435 -0.168924 -0.139554 0.159389 -0.216634 0.100943 0.182009 0.118830 -0.212859 -0.266164 -0.244427 -0.159507 0.248051 -0.040089 -0.197521 -0.325911 -0.108563 -0.043917 -0.147571 -0.156300 -0.048635 -0.057838 0.034307 0.101395 0.033062 0.123392 0.098541 0.144100 0.205048 0.337915 0.190561 0.382077 0.007499 0.314759 0.095880 -0.062729 0.268538 0.056689 -0.162669 0.210200 -0.202102 -0.071809 -0.112458 -0.061083 -0.119046 0.076263 -0.042160 -0.080207 -0.059050 -0.033324 0.143207 -0.127135 0.113412 -0.201696 -0.025017 -0.006327 0.043693 -0.051553 0.063399 0.042758 -0.190666 0.250322 0.006849 -0.084831 -0.017699 -0.114642
0.168107 -0.056934 0.190576 -0.072824 -0.178146 -0.317513 0.241256 -0.222771 0.008956 -0.211210 -0.015173 -0.139318 0.069923 -0.191627 0.065513 -0.101271 0.209138 -0.023790 1.000000 0.418363 0.057762 -0.100461 -0.103661 -0.184819 -0.274985 -0.239376 -0.328352 -0.407334 0.201639 0.055344 0.032461 -0.171870 0.063002 0.240575 -0.236617 -0.073760 0.180697 0.161306 0.111666 0.139491 -0.024225 -0.105912 -0.078356 -0.167250 0.106280 -0.097431 -0.114690 -0.080490 -0.084505 0.038597 -0.312179 -0.178063 0.028754 -0.052639 0.078315 -0.038128 0.143734 -0.022197 0.093845 0.036109 0.221803 0.024741 0.172099 0.170001 -0.076290 -0.310926 0.213995 -0.124941 0.207198 0.171626 -0.097007 -0.302858 0.182181 0.113840 0.210813 -0.007311 0.031526 -0.187234 0.036486 -0.098008 0.219572 0.092250 -0.040026 -0.093334 -0.070480 -0.401950 0.322126 -0.272057 -0.160248 -0.116898 0.151448 0.222480 -0.097624 0.164218 0.116769 0.195412 -0.027778 0.075078 0.072596 0.220133 -0.118320 0.123515 -0.031529 0.244515 0.068381 -0.007964 0.123877 0.220862 0.101961 0.026596 -0.048549 -0.034580 0.133738 -0.053174 0.208699 0.042451
0.032388 -0.083392 0.113076 0.172992 0.084002 0.164770 0.322577 -0.157962 -0.111197 -0.108588 -0.259464 -0.448925 -0.261228 -0.401701 -0.178770 -0.409580 0.005718 0.134023 0.418363 1.000000 0.194186 0.196382 0.199120 0.335368 -0.078516 0.079072 0.021142 -0.108836 -0.186297 -0.126927 0.099705 0.110043 -0.041065 0.141247 0.040793 -0.252242 -0.159636 -0.190246 0.031044 -0.355621 -0.386350 -0.426747 -0.419533 -0.429455 -0.269642 -0.187011 -0.259858 -0.200634 -0.572727 -0.086797 -0.466010 -0.449750 -0.394338 -0.058728 -0.248025 -0.172891 0.087330 0.346749 -0.059751 0.333623 -0.048325 -0.128970 -0.143358 -0.177455 -0.124496 -0.363162 0.251049 0.198646 0.159614 0.436079 0.087029 0.040453 -0.183961 -0.064283 -0.218291 -0.317102 -0.330726 -0.064229 0.084035 -0.073060 -0.031849 0.044466 0.128360 0.071028 0.116173 -0.185726 0.186095 -0.244793 -0.191311 0.083227 0.268977 0.171991 0.199995 0.239669 0.313337 -0.189259 -0.086960 0.318223 -0.395065 0.086446 -0.088795 0.070420 0.374126 0.432604 0.136720 0.251603 0.091471 0.188889 -0.157797 0.052336 -0.025117 0.198638 0.433475 -0.120907 0.247236 0.282995
0.255944 -0.073044 -0.119536 -0.016756 0.082463 0.096845 -0.065400 -0.175968 -0.020953 -0.120886 0.049330 -0.151330 -0.395761 -0.222216 -0.239741 -0.228770 -0.098654 -0.211334 0.057762 0.194186 1.000000 0.315541 0.122455 0.135247 0.125052 0.126160 0.278721 0.165703 -0.139376 -0.039960 0.141351 0.050232 -0.089559 -0.024689 0.141096 -0.067676 -0.168161 -0.226322 0.103904 -0.206156 0.010381 -0.114730 0.081992 0.063804 -0.118576 -0.049278 -0.152558 0.017849 -0.250022 -0.023529 0.033686 0.008712 -0.037490 0.051176 0.020538 0.119535 -0.089991 0.053839 -0.104103 0.199622 -0.218250 -0.146384 -0.177237 -0.149095 -0.113118 -0.038452 0.081130 0.167665 -0.209435 0.175163 0.240438 0.277473 0.218805 0.346451 0.044950 0.080758 0.038506 0.099115 -0.081183 -0.038634 0.064324 -0.076028 -0.027255 -0.290069 0.119672 0.093268 -0.229353 -0.265488 -0.112332 -0.013757 0.136844 -0.070777 -0.079862 -0.150347 0.196365 -0.035698 -0.274126 0.225611 -0.060353 -0.129753 -0.257123 -0.062233 -0.061583 0.044768 0.122024 0.049916 -0.050216 0.027931 0.035308 -0.003809 -0.024913 -0.043866 0.016883 -0.203562 -0.118626 0.017051
-0.209679 -0.297148 0.238225 -0.054742 0.351893 0.160551 0.249500 -0.041483 0.185555 -0.191322 -0.179200 -0.378159 -0.293189 -0.203143 -0.169377 -0.288860 -0.254188 -0.073707 -0.100461 0.196382 0.315541 1.000000 0.318870 0.300626 0.265771 0.318675 0.240324 0.266280 -0.268815 -0.074710 0.257842 0.048017 -0.334186 -0.289690 0.028948 -0.109112 -0.221895 -0.194363 0.128411 0.004940 -0.010572 -0.134133 0.048140 0.120148 -0.102006 -0.164249 0.026427 -0.104931 -0.177840 -0.132801 0.040431 -0.090811 -0.153854 -0.256033 0.055106 0.108082 -0.138141 -0.039523 0.092227 0.046562 -0.027896 -0.226378 -0.313876 -0.227526 -0.002277 -0.103400 0.093480 0.240893 -0.181545 0.261313 0.267894 0.317278 0.024844 -0.011946 -0.248883 -0.206644 -0.216858 -0.009619 -0.038901 -0.086675 -0.124265 -0.131892 -0.150482 -0.331639 -0.007494 0.011909 -0.224847 -0.211951 -0.214291 -0.227615 0.156513 -0.128677 0.121311 0.211971 0.378868 -0.420849 -0.128540 0.231001 -0.264509 -0.102930 -0.189878 -0.034133 0.027162 0.105062 0.094706 0.177706 0.192989 0.122070 -0.214081 0.110990 -0.001961 0.052089 0.130238 -0.067185 -0.014934 0.014850
-0.031375 -0.420480 0.487178 0.241288 0.584042 0.037171 0.558619 -0.042064 0.266611 -0.162201 0.050644 -0.556511 -0.155170 -0.438390 -0.045735 -0.369011 -0.261826 -0.002084 -0.103661 0.199120 0.122455 0.318870 1.000000 0.759721 0.717231 0.659077 0.679974 0.515706 -0.414034 -0.459260 0.601985 0.487868 -0.219085 -0.169975 0.378324 0.215836 -0.332619 0.037365 -0.111125 0.024581 -0.054514 0.009741 -0.287743 -0.214036 -0.560257 -0.571503 -0.270204 -0.285171 -0.162795 -0.570851 0.203837 -0.246141 -0.165895 -0.011017 0.183608 0.160603 -0.502271 0.240469 -0.153084 -0.102682 -0.294332 -0.460315 -0.465034 -0.492297 0.427742 -0.203767 -0.254680 0.096383 -0.332710 0.065805 0.058614 0.124049 -0.270553 0.020493 0.037258 -0.220982 -0.230837 -0.164747 -0.057932 0.224140 -0.503506 -0.339757 0.387967 -0.113012 0.191915 -0.071080 0.171992 0.221911 0.349061 -0.344061 -0.142958 -0.015099 0.181230 0.290311 0.468544 -0.189367 0.209056 -0.016031 -0.451453 -0.167527 -0.032014 -0.126345 -0.077562 -0.059539 0.099632 0.203435 -0.054293 -0.002248 0.028161 0.541095 0.508765 -0.120324 0.197599 -0.215882 0.071133 -0.008864
-0.229667 -0.443136 0.235125 0.490785 0.408620 0.264635 0.392566 0.160530 0.172349 -0.022452 -0.286204 -0.481562 -0.275515 -0.313720 -0.325940 -0.432916 -0.481844 -0.030747 -0.184819 0.335368 0.135247 0.300626 0.759721 1.000000 0.624334 0.745119 0.618972 0.629650 -0.596921 -0.525324 0.507788 0.537595 -0.155198 -0.146265 0.455706 0.148971 -0.554777 -0.119937 -0.163747 -0.064230 -0.312187 -0.268216 -0.354703 -0.215517 -0.565247 -0.368705 -0.317284 -0.255373 -0.319510 -0.424699 0.027206 -0.228955 -0.375550 -0.112933 -0.048387 0.000665 -0.431526 0.284625 -0.227258 -0.006084 -0.381087 -0.384324 -0.548630 -0.522807 0.301382 -0.105675 -0.067576 0.330771 -0.218766 0.167839 -0.034467 0.111808 -0.506817 -0.140438 -0.227541 -0.403893 -0.492712 -0.355282 -0.025077 0.098183 -0.562276 -0.394447 0.281356 -0.027769 0.277536 0.164861 0.113838 0.262457 0.268710 -0.150385 -0.029295 -0.037804 0.371874 0.228903 0.435656 -0.307514 0.229491 0.123485 -0.495580 -0.174053 0.090208 -0.140891 0.033488 0.054450 -0.041549 0.170351 -0.055848 -0.089376 -0.126561 0.383989 0.345607 -0.006743 0.267718 -0.165089 0.178899 -0.016942
-0.176308 -0.341216 0.303684 0.200205 0.314942 0.131246 0.250278 0.152626 0.240922 -0.130698 -0.000772 -0.475930 -0.187720 -0.278470 -0.163312 -0.370657 -0.186393 -0.155097 -0.274985 -0.078516 0.125052 0.265771 0.717231 0.624334 1.000000 0.811639 0.712869 0.570004 -0.506041 -0.409398 0.576660 0.434747 -0.224924 -0.270108 0.425575 0.390442 -0.273103 0.037886 -0.168896 0.142713 -0.004951 0.170687 -0.166639 0.002227 -0.448448 -0.384998 -0.182780 -0.120122 -0.080999 -0.468632 0.265003 -0.173871 -0.270174 -0.054734 0.157881 0.240358 -0.523388 0.206640 -0.275973 -0.111845 -0.317108 -0.380542 -0.442863 -0.426135 0.378599 0.010744 -0.255920 0.177136 -0.136408 -0.079449 -0.006907 0.203856 -0.292680 0.043582 -0.104405 -0.274640 -0.174685 -0.120590 0.009112 0.189912 -0.404053 -0.333098 0.264596 -0.164635 0.195072 0.111498 0.052081 0.138726 0.307815 -0.275368 -0.187719 -0.197846 0.074841 0.055610 0.446424 -0.060643 0.295133 0.230699 -0.324474 -0.094483 -0.126256 -0.178963 -0.078887 -0.259093 -0.180900 0.156319 0.081387 -0.103403 0.094532 0.444466 0.623764 -0.207768 0.108722 0.046384 0.028439 -0.166746
-0.181434 -0.394439 0.248107 0.286534 0.397987 0.203913 0.199804 0.214317 0.312345 -0.130154 -0.101247 -0.528525 -0.334878 -0.309947 -0.236073 -0.470857 -0.234317 -0.123577 -0.239376 0.079072 0.126160 0.318675 0.659077 0.745119 0.811639 1.000000 0.782647 0.710595 -0.645780 -0.555245 0.607132 0.450194 -0.167364 -0.127170 0.457587 0.452365 -0.428020 -0.053111 -0.125860 0.097523 -0.201633 -0.049049 -0.203879 -0.018317 -0.493548 -0.331594 -0.203791 -0.085402 -0.167886 -0.473668 0.145541 -0.151067 -0.267944 -0.168520 0.113535 0.165208 -0.420669 0.245443 -0.178618 -0.093068 -0.289650 -0.384283 -0.451278 -0.435099 0.340108 0.058946 -0.121933 0.328081 -0.164203 0.073173 -0.150520 0.044902 -0.401801 -0.054392 -0.237980 -0.343043 -0.411434 -0.323190 0.081907 0.255790 -0.378002 -0.288862 0.075678 -0.167815 0.209154 0.159818 0.034768 0.098871 0.332580 -0.210029 -0.257200 -0.237449 0.119150 -0.046359 0.412954 -0.043151 0.368977 0.244902 -0.460250 -0.182761 -0.061643 -0.182198 0.006442 -0.114630 -0.123911 0.139085 0.010389 -0.086340 -0.003076 0.471917 0.515341 -0.150678 0.168716 0.000004 0.110007 -0.031144
-0.049586 -0.176780 0.293019 0.213673 0.450539 0.175294 0.152019 0.065115 0.275781 -0.246119 0.058748 -0.501447 -0.270465 -0.392051 -0.169348 -0.436904 -0.145468 -0.062721 -0.328352 0.021142 0.278721 0.240324 0.679974 0.618972 0.712869 0.782647 1.000000 0.761247 -0.501849 -0.482098 0.468677 0.352536 -0.242228 -0.013179 0.402950 0.416046 -0.340255 -0.114254 -0.061362 -0.037245 -0.138049 0.066506 -0.202223 -0.076192 -0.526216 -0.408864 -0.099722 -0.075459 -0.112683 -0.509106 0.280833 -0.161278 -0.200933 -0.059536 0.167739 0.163081 -0.320550 0.255231 -0.153401 -0.142102 -0.264085 -0.447124 -0.403928 -0.483489 0.362394 -0.047580 -0.238905 0.255575 -0.182723 0.061595 0.062473 0.119708 -0.235383 0.039542 -0.106731 -0.166394 -0.237323 -0.110683 0.067637 0.213826 -0.292839 -0.217758 0.097015 -0.229679 0.253095 0.233427 0.000452 0.104012 0.358228 -0.124834 -0.268236 -0.204527 0.005275 -0.011084 0.389134 -0.172314 0.312023 0.224779 -0.369313 -0.320348 -0.135079 -0.311582 -0.064711 -0.175718 0.019360 0.170281 0.049894 -0.022216 0.017035 0.452657 0.538598 -0.105864 0.128212 -0.146105 0.010666 -0.085879
-0.176843 -0.104484 0.197329 0.286861 0.339632 0.259849 0.056166 0.209141 0.281529 -0.165258 -0.041926 -0.323458 -0.129794 -0.162319 -0.224209 -0.324974 -0.269549 -0.107775 -0.407334 -0.108836 0.165703 0.266280 0.515706 0.629650 0.570004 0.710595 0.761247 1.000000 -0.575223 -0.487928 0.281200 0.178396 -0.300238 -0.054711 0.349531 0.443043 -0.338085 -0.064509 -0.009353 -0.032477 -0.114616 -0.037238 -0.126083 0.021205 -0.415745 -0.265677 -0.078473 -0.041867 0.025648 -0.423325 0.330464 -0.068220 -0.102618 -0.154095 0.118866 0.040345 -0.228367 0.141720 -0.034243 -0.149024 -0.129772 -0.282895 -0.374749 -0.469630 0.372541 0.117832 -0.149352 0.306426 -0.140749 0.057655 -0.008415 0.084162 -0.361570 0.010053 -0.197318 -0.234132 -0.334772 -0.276902 0.007846 0.138716 -0.323462 -0.259914 0.031409 -0.263106 0.138520 0.419213 -0.084958 0.112814 0.333818 -0.077060 -0.241210 -0.275963 0.064674 -0.018675 0.247980 -0.281835 0.395450 0.049946 -0.368272 -0.371121 -0.049541 -0.301221 -0.083956 -0.275696 -0.168534 0.059259 -0.079580 -0.127686 -0.035400 0.393561 0.402719 -0.033362 0.088924 -0.139331 -0.116848 -0.141563
0.250133 0.354739 -0.025532 -0.327676 -0.312665 -0.224413 -0.090120 -0.197991 -0.140747 -0.003823 0.356260 0.395198 0.463039 0.182790 0.337974 0.377382 0.376453 0.212446 0.201639 -0.186297 -0.139376 -0.268815 -0.414034 -0.596921 -0.506041 -0.645780 -0.501849 -0.575223 1.000000 0.434996 -0.314734 -0.279020 0.085579 0.193939 -0.285210 -0.171464 0.478451 0.139262 0.056999 0.133629 0.210636 0.127288 0.214933 0.074832 0.326897 0.160168 0.030164 0.047279 0.235144 0.060843 0.048372 -0.136105 0.033540 -0.130366 0.000783 0.041022 0.283260 -0.263217 0.244848 -0.374930 0.343398 0.144101 0.330647 0.198480 -0.028109 -0.042796 -0.007179 -0.236766 -0.025927 -0.011434 0.116713 -0.181301 0.482317 -0.026695 0.167618 0.494454 0.425917 0.402971 -0.079003 -0.118020 0.333407 0.234703 0.016048 0.112219 -0.002828 -0.131731 0.040406 -0.059138 -0.103654 0.072997 -0.130141 0.059942 -0.317547 0.045329 -0.290212 0.363513 -0.144100 -0.158963 0.309053 0.014230 -0.030547 0.184478 -0.128477 0.028100 0.121825 -0.104650 0.043783 0.027526 0.049925 -0.192001 -0.338427 -0.039803 -0.149847 0.024858 -0.061675 -0.031476
-0.016976 0.222103 -0.400846 -0.335385 -0.245419 -0.088039 -0.296593 -0.279406 -0.444158 -0.001126 -0.222726 0.247435 -0.167083 0.085412 0.005617 0.226397 0.150233 0.239817 0.055344 -0.126927 -0.039960 -0.074710 -0.459260 -0.525324 -0.409398 -0.555245 -0.482098 -0.487928 0.434996 1.000000 -0.214871 -0.233073 0.109037 0.240649 -0.183709 -0.368974 0.611835 0.303913 0.165477 -0.034823 0.415660 0.100507 0.274363 0.257248 0.443315 0.390334 0.307373 0.224441 -0.013986 0.555468 -0.122928 0.173392 0.178831 0.255234 -0.020040 0.166328 0.434101 -0.084257 -0.236632 0.100209 -0.134562 0.123176 0.421877 0.393179 -0.586112 -0.275369 -0.006346 -0.275012 0.203111 -0.156876 0.189682 0.169477 0.480856 0.267641 0.275692 0.367358 0.395554 0.271766 0.108604 -0.057437 0.517110 0.448585 -0.158501 0.141317 -0.284578 -0.185302 -0.156612 -0.257715 -0.392999 0.108196 0.112203 0.044192 -0.274088 -0.098685 -0.114066 0.199380 -0.293314 -0.030466 0.397165 0.228302 -0.012273 0.099794 0.091994 0.067481 0.028275 -0.103778 -0.062865 -0.099096 0.179920 -0.178291 -0.244212 0.187999 -0.122942 -0.037465 -0.171609 0.048113
-0.041530 -0.383063 0.378027 0.118727 0.137694 -0.020459 0.376450 0.020838 0.150626 -0.164072 -0.136870 -0.366919 -0.282620 -0.353226 -0.192326 -0.381588 -0.306872 -0.038662 0.032461 0.099705 0.141351 0.257842 0.601985 0.507788 0.576660 0.607132 0.468677 0.281200 -0.314734 -0.214871 1.000000 0.612481 -0.075894 0.055043 0.450411 0.192530 -0.247815 0.084449 -0.085555 0.155980 0.053905 -0.077412 -0.161872 -0.004526 -0.295905 -0.277720 -0.183523 -0.119247 -0.207440 -0.373033 -0.043334 -0.300180 -0.234616 -0.259143 -0.024767 0.051756 -0.368318 0.116137 -0.208696 -0.105979 -0.305987 -0.236079 -0.228941 -0.155273 0.174465 -0.118741 -0.007541 0.202484 -0.312742 -0.113681 0.141142 0.257157 -0.103628 0.071743 0.028494 -0.042678 -0.106041 -0.088295 0.080057 0.245774 -0.317932 -0.165244 0.118297 0.002272 0.156513 -0.098105 0.200655 0.121368 0.129995 -0.424225 -0.329729 -0.294302 0.041080 -0.041557 0.380110 0.086500 0.157795 0.067452 -0.376760 -0.082567 -0.031398 -0.008826 -0.082994 -0.033386 0.064740 0.138094 0.041872 0.019011 0.160377 0.401779 0.491325 -0.123136 0.182647 -0.142374 0.207255 0.099298
-0.148196 -0.136149 -0.021783 0.368032 0.175468 0.070807 0.148427 0.343909 0.009891 0.264867 -0.152937 -0.044219 -0.211830 0.011160 -0.068186 -0.048743 -0.223536 0.215431 -0.171870 0.110043 0.050232 0.048017 0.487868 0.537595 0.434747 0.450194 0.352536 0.178396 -0.279020 -0.233073 0.612481 1.000000 -0.057739 0.057157 0.392191 0.154938 -0.322045 -0.111939 -0.333804 -0.106138 -0.191524 -0.214798 -0.287929 -0.150572 -0.251388 -0.076504 -0.096739 -0.102887 -0.393552 -0.266952 -0.253355 -0.269145 -0.186292 0.000545 -0.148861 -0.169694 -0.405644 0.200060 -0.362387 0.076961 -0.352589 0.026567 -0.075138 -0.006066 0.069974 -0.002314 -0.041849 0.130057 -0.404640 -0.159272 -0.109433 0.189315 -0.337325 -0.180373 -0.122486 -0.012259 -0.248582 -0.067618 0.033756 0.190479 -0.302796 0.003553 0.324478 0.476108 0.292368 -0.036473 0.129659 0.226629 0.120209 -0.183517 -0.250373 -0.337760 0.264038 -0.143332 0.150594 -0.022096 -0.079415 -0.045795 -0.373922 -0.274949 0.109823 -0.124128 0.072408 -0.249564 -0.117251 0.046578 -0.113175 -0.157619 0.147152 0.133014 0.217872 -0.016027 0.110550 -0.114899 0.182435 -0.003958
0.029827 -0.115569 -0.183493 0.002344 -0.161931 -0.217048 -0.033172 -0.118429 -0.317722 -0.144976 -0.176884 0.088784 -0.013245 -0.061097 -0.087820 -0.107910 0.062293 0.003344 0.063002 -0.041065 -0.089559 -0.334186 -0.219085 -0.155198 -0.224924 -0.167364 -0.242228 -0.300238 0.085579 0.109037 -0.075894 -0.057739 1.000000 0.321421 0.084146 -0.011307 0.061052 0.053972 -0.037987 0.014152 0.102246 -0.068856 0.012818 0.165156 0.215197 0.319370 -0.026903 0.192390 0.210496 0.140372 0.025301 0.162729 0.111880 -0.052234 -0.109192 0.061117 0.084841 -0.014486 -0.213332 -0.119544 -0.069300 -0.040465 0.020135 0.179036 -0.146267 -0.068037 0.134890 0.013166 0.114715 -0.233148 -0.051929 -0.081883 0.157493 0.136501 0.363069 0.219183 0.276769 0.207399 -0.084845 0.187858 0.173956 0.142329 -0.124810 0.003329 -0.040929 -0.143852 0.099911 0.083054 -0.026121 -0.075544 -0.136331 0.032823 -0.124787 -0.187469 -0.188836 0.200746 0.022175 -0.047409 0.016319 0.161491 0.056349 0.127944 -0.078553 0.187894 0.005320 0.054295 -0.043744 0.014847 0.084732 -0.151335 -0.008620 -0.120861 -0.189313 -0.062061 0.005490 0.224000
0.197030 0.196380 -0.170873 0.047129 -0.225352 -0.183967 -0.118690 -0.167009 -0.350914 -0.370113 -0.229734 -0.083665 -0.088203 -0.240658 -0.090688 -0.253093 0.143411 0.371180 0.240575 0.141247 -0.024689 -0.289690 -0.169975 -0.146265 -0.270108 -0.127170 -0.013179 -0.054711 0.193939 0.240649 0.055043 0.057157 0.321421 1.000000 0.095768 0.132375 0.273809 0.214833 -0.176153 -0.150101 -0.088827 -0.228073 -0.070387 0.071177 0.127194 0.398436 0.047358 0.126577 -0.020157 0.025940 -0.196467 -0.252486 -0.040428 -0.154597 -0.265613 -0.094782 0.365568 0.304934 -0.108512 -0.157312 0.049685 0.018375 0.373998 0.302963 -0.153352 -0.300704 0.197954 0.194239 0.023472 -0.258036 -0.210096 -0.107031 0.132765 0.124570 0.126996 0.310658 0.131385 0.062111 0.383415 0.134896 0.441785 0.564180 -0.172062 0.178093 0.112805 0.066028 0.186038 -0.165635 -0.028027 0.114385 -0.374684 -0.277149 -0.292979 -0.326901 -0.271943 0.335945 0.203585 -0.026496 -0.067703 -0.128525 -0.075987 -0.047402 0.095749 -0.005884 0.067300 -0.160011 0.107628 -0.140050 0.123016 -0.079996 -0.016262 0.061164 0.042013 -0.085110 -0.025235 0.181068
-0.174439 -0.238696 0.057663 0.226089 0.001227 0.113996 0.091868 0.137961 -0.038401 -0.073760 -0.254955 -0.295394 -0.258134 -0.279009 -0.441536 -0.376620 -0.121342 -0.061052 -0.236617 0.040793 0.141096 0.028948 0.378324 0.455706 0.425575 0.457587 0.402950 0.349531 -0.285210 -0.183709 0.450411 0.392191 0.084146 0.095768 1.000000 0.261086 -0.220412 0.052471 -0.165701 0.062631 -0.110107 -0.105457 -0.303777 -0.146830 -0.366338 -0.097938 -0.245003 -0.179388 -0.264031 -0.433228 -0.043051 -0.307792 -0.190946 -0.156096 0.000739 -0.019433 -0.198612 0.252576 -0.258099 -0.111648 -0.184839 -0.217516 -0.178954 -0.289493 0.214928 -0.021052 0.157429 0.390650 0.050755 -0.064676 0.151110 0.175915 -0.275911 0.162404 -0.114080 -0.164057 -0.015077 0.060220 -0.009342 0.203316 -0.236882 -0.116263 0.074760 -0.117402 0.282459 0.229775 -0.001361 -0.026319 0.115548 -0.052361 -0.285208 -0.345577 0.182483 -0.013415 0.451925 -0.030604 0.269685 0.228739 -0.403205 -0.115441 0.175823 0.032049 0.177717 0.050900 -0.184860 0.008575 0.057837 -0.180446 0.272467 0.207864 0.408626 -0.251203 -0.082158 -0.002144 -0.059582 0.214394
-0.142742 -0.009448 0.200949 0.186108 0.113863 -0.133424 0.023258 0.319217 0.206265 -0.127488 0.108030 -0.113980 0.185239 -0.066460 -0.086011 -0.281774 0.143126 -0.211695 -0.073760 -0.252242 -0.067676 -0.109112 0.215836 0.148971 0.390442 0.452365 0.416046 0.443043 -0.171464 -0.368974 0.192530 0.154938 -0.011307 0.132375 0.261086 1.000000 -0.052309 0.145170 -0.127838 0.309987 -0.024708 0.247161 -0.285629 -0.064533 -0.311075 0.042441 -0.248281 -0.123428 0.080021 -0.470133 0.231357 -0.222882 -0.071437 -0.346764 0.237037 -0.027151 -0.217390 0.022223 0.205251 -0.287622 0.215233 -0.048844 -0.027650 -0.108248 0.540707 0.295108 -0.010110 0.341544 -0.109136 -0.086381 -0.193064 -0.168927 -0.139362 -0.101852 -0.140157 -0.033648 -0.169949 -0.111036 0.141886 0.326677 -0.119386 -0.024776 0.042157 -0.201474 0.313777 0.300763 0.084022 0.171463 0.529058 -0.139228 -0.457325 -0.425648 -0.171108 -0.146812 0.073727 0.069126 0.414563 0.008398 -0.361354 -0.329132 -0.094116 -0.238429 -0.225230 -0.295664 -0.241060 -0.049088 0.100399 -0.066641 -0.073699 0.281433 0.292210 -0.333703 -0.194087 0.139920 -0.048229 0.020296
