1.000000 0.344686 0.083693 -0.003675 -0.117850 -0.285701 0.019311 0.021769 0.023728 -0.130589 0.162826 0.302240 0.070100 0.158051 0.125295 0.097825 0.015288 -0.160485 0.320893 0.297356 -0.166057 -0.246688 -0.036171 -0.104625 -0.211301 -0.081365 -0.082315 -0.127191 -0.007745 -0.116481 -0.196192 -0.236032 0.183961 -0.015656 -0.157195 -0.114484 -0.068772 0.067680 -0.033321 -0.127943 -0.229958 -0.065061 0.001327 0.121034 -0.163405 -0.226656 -0.116424 0.078217 0.036352 -0.026040 -0.119848 0.082349 0.092140 0.148177 -0.052386 -0.251214 0.495542 0.130264 0.240338 -0.144074 0.190178 0.101317 0.109300 0.075080 -0.262408 -0.147602 -0.044275 -0.263835 -0.002700 0.073805 -0.300193 -0.370122 0.053400 0.071119 0.301108 0.183303 0.073252 0.002846 -0.095546 -0.201338 0.075111 -0.197074 0.147039 0.035432 0.125024 -0.232189 0.145726 -0.061827 0.024885 -0.279782 -0.035985 0.095001 0.143371 0.142917 -0.092015 -0.035414 0.005732 0.054837 0.048404 0.165934 0.136112 0.078919 -0.012978 0.026378 0.216282 0.033684 0.013795 0.135398 0.022785 0.100042 0.182605 0.159020 0.138581 -0.033025 -0.126959 -0.085892
0.344686 1.000000 -0.411248 -0.284842 -0.192564 -0.254315 -0.289517 -0.112602 -0.117625 -0.067109 0.089431 0.563612 0.122706 0.448930 0.281482 0.386312 0.230523 0.309619 0.236938 0.284799 -0.152334 -0.288331 -0.431192 -0.350076 -0.453522 -0.458192 -0.324229 -0.330259 0.326270 0.293252 -0.430689 -0.402983 0.117824 0.202065 -0.286468 -0.582541 -0.092445 0.233000 0.045154 -0.026206 0.056885 0.214103 0.040134 0.131064 0.033092 -0.219371 -0.063205 -0.035014 0.248732 0.193125 -0.217279 0.455889 0.107998 0.217130 0.018797 0.067765 0.280953 0.391389 0.113642 0.089689 -0.157334 0.363759 0.209773 0.384882 -0.511413 -0.301672 -0.148111 -0.469579 -0.148810 -0.014411 -0.191376 -0.132262 0.283645 0.185121 0.181138 0.149619 0.188335 -0.056917 0.167316 -0.016294 0.369907 0.205914 -0.020015 0.216500 0.064092 -0.300418 0.085875 -0.217646 -0.534469 -0.441057 -0.183587 -0.077543 0.028686 -0.110561 -0.172137 -0.131735 -0.075827 -0.153112 -0.107160 0.005806 0.116734 0.054598 -0.007905 -0.022409 0.181056 0.197045 0.155083 0.255902 0.171764 0.285288 -0.324827 0.191679 0.229370 -0.274035 0.140112 0.189553
0.083693 -0.411248 1.000000 0.246326 0.315172 0.143699 0.584477 0.199069 0.135079 -0.227705 -0.023382 -0.442686 0.058770 -0.415714 0.126596 -0.475338 -0.252519 -0.370366 -0.095006 0.162974 0.285514 0.204124 0.534001 0.237740 0.411342 0.311138 0.422384 0.377394 -0.444091 -0.646966 0.299254 0.177605 -0.002179 0.004242 0.099441 0.194355 -0.043079 -0.451959 0.042168 0.088237 -0.046332 -0.196057 -0.206364 -0.140367 -0.236531 -0.061885 -0.088809 -0.025860 -0.114484 -0.382916 0.161315 -0.465339 -0.195543 -0.451766 -0.235830 -0.331431 -0.197113 -0.180522 0.068001 0.206320 0.232925 -0.280778 -0.246676 -0.324325 0.210168 -0.030105 0.251965 0.575481 -0.124778 0.381780 -0.159726 -0.140646 -0.382373 -0.439596 -0.099071 -0.273606 -0.316097 -0.065454 -0.346497 -0.275115 -0.426559 -0.460211 0.224832 -0.198081 -0.246349 -0.146840 -0.021454 0.186283 0.300760 -0.034071 0.297572 0.397093 -0.025650 0.304922 0.209869 -0.163113 0.148668 0.013286 -0.077322 -0.271234 -0.130221 0.053649 0.169924 0.187323 -0.132352 0.014986 -0.121675 0.022814 0.018264 -0.158297 0.337402 -0.300808 -0.173691 0.045733 -0.023885 0.217172
-0.003675 -0.284842 0.246326 1.000000 0.139478 0.393180 -0.063782 0.388407 -0.064269 0.178919 0.167606 -0.218703 -0.339503 -0.316591 0.004202 -0.231695 -0.281578 -0.215789 0.050019 0.174701 -0.007503 0.108230 0.427650 0.609459 0.126053 0.483053 0.148416 0.133414 -0.264806 -0.188570 0.341623 0.571193 -0.189274 -0.080304 0.027952 0.057224 -0.321172 -0.186841 -0.138464 -0.053771 -0.152169 -0.202882 -0.359744 -0.351668 -0.510971 -0.313718 -0.255660 -0.277366 -0.392109 -0.278360 0.193426 -0.130704 -0.402480 0.011916 -0.248809 -0.395804 -0.104182 -0.148113 -0.343372 -0.199624 -0.329347 -0.548736 -0.389540 -0.274147 0.234200 0.202856 -0.361629 0.066159 -0.227493 -0.004204 0.025800 0.414622 -0.143159 0.110208 0.059539 0.190645 0.044437 0.131797 -0.051769 -0.082848 -0.349870 -0.165385 0.424375 0.296972 0.210674 0.564383 -0.209766 0.225620 0.280056 0.468145 0.296946 0.189717 0.280000 0.222162 -0.007447 -0.240067 -0.274070 -0.178081 -0.210079 -0.074495 -0.023235 0.007065 -0.149153 0.026566 -0.093671 0.153920 -0.109034 -0.189812 -0.253156 -0.154127 -0.027814 0.167409 0.005840 0.266157 0.013552 -0.089475
-0.117850 -0.192564 0.315172 0.139478 1.000000 0.355348 0.249778 0.162384 0.358758 0.183731 -0.005928 -0.226168 0.091599 -0.101409 -0.016126 -0.132658 -0.031094 -0.034242 -0.121136 0.222289 0.100967 0.066467 0.269901 0.334795 0.142378 0.168328 0.161034 0.119771 -0.080653 -0.201864 0.108221 0.193847 -0.147713 0.127720 -0.050678 -0.062957 -0.226212 -0.358572 -0.151505 -0.297767 -0.176866 -0.143821 -0.016356 0.012054 -0.017122 0.168203 -0.084922 0.090663 -0.117901 -0.083164 0.046688 -0.103991 -0.099379 0.126895 -0.259935 -0.233211 -0.307817 -0.125681 -0.036268 -0.013138 -0.015198 -0.198229 -0.213797 -0.023843 0.244161 -0.051160 0.027860 0.256563 -0.257728 0.240030 0.023342 0.007097 -0.109137 -0.134598 0.022105 -0.155120 -0.254715 -0.219806 0.130008 -0.049709 -0.172603 0.017008 -0.062160 -0.021873 -0.139289 -0.117043 -0.338086 -0.140408 0.127017 -0.082205 0.192661 0.219613 0.033540 0.025009 -0.256183 -0.008993 -0.299760 -0.291199 -0.281183 -0.166549 0.127990 0.046254 -0.079190 -0.212242 -0.023101 0.285796 -0.107375 0.072510 -0.136999 -0.080094 0.048064 -0.006655 -0.080519 0.185154 0.078848 0.015762
-0.285701 -0.254315 0.143699 0.393180 0.355348 1.000000 -0.027449 0.203199 0.226473 0.480708 0.045380 -0.060368 -0.195919 -0.156676 -0.114253 -0.064307 -0.285878 -0.196969 -0.117164 -0.089224 0.145634 0.229052 0.270008 0.433506 0.110179 0.392169 0.280438 0.312007 -0.155682 -0.229800 -0.014488 0.111583 -0.396355 -0.248997 -0.098979 0.176675 -0.151628 -0.165867 -0.009854 0.040093 -0.139024 -0.103211 -0.028350 0.014690 -0.094742 0.164836 -0.105863 -0.070934 -0.104095 -0.041182 0.027359 -0.033398 -0.249708 0.015315 -0.228110 -0.142994 -0.115687 -0.085107 -0.250649 -0.224721 -0.351355 -0.312825 -0.424692 -0.235041 0.136659 0.289392 -0.188892 0.233431 -0.129590 0.008602 0.139925 0.366862 -0.165226 0.022508 0.018864 -0.086251 -0.004693 -0.038387 0.109994 0.015918 -0.253675 -0.071711 0.017369 0.010987 0.176169 0.318298 -0.182267 0.076115 0.182222 0.234577 0.184257 0.030472 0.138590 0.035119 -0.008261 -0.145037 -0.231273 -0.128284 -0.081071 -0.284412 0.098855 0.216614 -0.003382 -0.141523 -0.178029 -0.109212 -0.109415 -0.235830 -0.189379 -0.105426 0.004073 -0.009318 -0.095838 0.198634 -0.110510 -0.074549
0.019311 -0.289517 0.584477 -0.063782 0.249778 -0.027449 1.000000 0.209016 0.207812 -0.203528 -0.109872 -0.442852 0.268529 -0.105677 0.054754 -0.412838 0.094347 -0.015394 0.043405 0.115734 -0.062223 -0.072126 0.003695 -0.155500 0.057539 -0.196368 -0.128940 -0.047095 -0.017046 -0.149553 0.060982 -0.053551 0.158430 0.181679 0.076604 -0.031834 -0.030174 -0.144060 -0.141579 -0.228152 -0.030068 -0.073520 -0.078449 -0.034430 0.246688 0.203228 0.026097 -0.044988 0.098549 -0.038627 -0.019725 -0.285564 0.151936 -0.123328 0.063231 -0.155717 -0.203259 -0.183278 0.321046 0.304040 0.418603 0.043948 0.155216 0.065070 0.155024 -0.184621 0.419990 0.355898 -0.098418 0.089265 -0.065519 -0.278171 0.028741 -0.384382 -0.023289 -0.188056 -0.063561 -0.137725 -0.226800 -0.151232 -0.010377 -0.122837 -0.036214 -0.142648 -0.251318 -0.413101 0.089377 -0.027195 0.105594 -0.202404 0.067468 0.194144 -0.084429 0.215311 -0.237765 -0.020619 -0.164810 -0.233589 0.001952 -0.228603 -0.040844 0.220248 0.266639 0.027738 -0.245189 -0.072418 -0.181786 0.010513 0.063124 -0.259787 -0.002350 -0.223030 -0.210752 -0.166719 -0.212181 0.163262
0.021769 -0.112602 0.199069 0.388407 0.162384 0.203199 0.209016 1.000000 0.048691 0.283486 0.058906 0.006663 -0.044071 0.180275 -0.107040 -0.116623 -0.136614 -0.079991 0.114619 -0.063174 -0.054461 -0.020039 -0.165326 0.029982 -0.275087 -0.026468 -0.346232 -0.051896 -0.206440 -0.028936 -0.125784 0.252498 0.054069 0.216719 -0.137748 -0.027035 -0.233917 -0.034299 -0.285783 0.030195 -0.031266 0.066842 -0.405448 -0.278713 -0.167089 -0.174593 -0.178926 -0.118975 -0.005224 -0.107453 0.027039 -0.069212 -0.143633 -0.088511 -0.233551 -0.210143 0.020152 -0.114972 0.049565 0.220879 0.041602 0.132060 -0.115620 -0.066395 0.166807 0.393701 0.018252 0.205189 -0.269956 -0.084876 -0.093760 0.034832 -0.029110 -0.049816 0.077096 0.048418 0.175253 0.300026 -0.277720 -0.208991 -0.196600 -0.241896 0.136886 0.107321 -0.205675 0.001183 0.028386 0.148385 -0.136515 0.003614 0.129157 -0.035301 0.295299 0.134411 -0.081234 -0.258562 -0.179335 -0.227398 -0.132646 -0.060102 -0.020275 0.040170 0.109173 0.043658 0.090098 0.007779 -0.026627 -0.197381 0.039332 0.018182 -0.007047 -0.025330 0.013792 0.130147 -0.125334 -0.065699
0.023728 -0.117625 0.135079 -0.064269 0.358758 0.226473 0.207812 0.048691 1.000000 0.370198 -0.227318 -0.006501 0.247454 -0.030429 0.026906 -0.038782 -0.231799 -0.257703 -0.157998 -0.152094 0.042499 -0.026447 0.080786 0.034654 0.132261 0.149973 -0.081439 -0.108185 -0.198555 -0.329912 -0.027197 -0.101415 -0.084785 -0.117961 0.007115 0.101204 -0.341001 0.037616 0.072494 -0.244392 -0.395511 -0.163978 0.122288 0.205332 0.248589 0.323712 0.122688 0.215827 0.199945 -0.042273 0.170137 0.168963 -0.009634 0.075265 -0.028358 0.021679 -0.170675 0.112934 0.118397 -0.228676 -0.040464 -0.114054 -0.414069 -0.307322 0.101361 0.190143 0.090113 0.207570 -0.179549 0.065085 0.157480 0.061411 -0.133920 0.010101 0.158087 -0.029416 -0.023126 -0.133618 0.205375 0.148959 -0.268920 -0.118043 -0.407978 -0.367236 -0.173775 -0.041456 -0.354214 -0.350873 0.029473 0.008751 0.048528 0.141371 0.120883 0.267082 -0.351481 0.114104 -0.108222 -0.247755 0.125680 -0.047983 -0.127714 0.222926 0.001785 -0.009049 -0.023140 0.063357 0.100333 -0.010878 -0.160697 -0.017934 0.197888 0.246778 0.095308 0.156657 -0.016908 0.019187
-0.130589 -0.067109 -0.227705 0.178919 0.183731 0.480708 -0.203528 0.283486 0.370198 1.000000 -0.004324 0.201164 -0.064426 0.165868 -0.098664 0.283875 -0.155320 -0.091217 -0.046604 -0.303291 -0.085375 0.030494 -0.068636 0.248392 -0.190519 0.069224 -0.120567 -0.110176 -0.071653 -0.022171 -0.234399 -0.036899 -0.355698 -0.378308 -0.208442 0.077390 -0.123824 0.132926 -0.033599 -0.036161 -0.155007 -0.127562 0.028128 0.090566 0.059203 0.096441 -0.050296 0.059629 0.155218 0.128657 -0.010423 0.227878 -0.071536 0.290278 -0.251144 -0.071093 0.026873 -0.092748 -0.003087 -0.259206 -0.179972 0.056936 -0.254833 -0.065361 0.086535 0.334104 -0.161868 -0.135144 0.004460 -0.232598 0.033116 0.178964 -0.130856 0.230493 0.094749 0.112078 0.165544 -0.042736 0.188943 0.100900 -0.047242 -0.012488 -0.178307 -0.069720 0.233313 0.134737 -0.080133 -0.043340 0.120857 0.200671 0.234840 0.094480 0.473031 0.258373 -0.232370 -0.060377 -0.262260 -0.183509 0.108290 0.065849 0.031967 0.232194 0.058014 -0.007746 0.008976 -0.160645 0.068999 -0.306675 -0.194146 -0.058113 -0.019663 0.135011 -0.022865 0.250712 -0.110875 -0.214901
0.162826 0.089431 -0.023382 0.167606 -0.005928 0.045380 -0.109872 0.058906 -0.227318 -0.004324 1.000000 0.520101 0.311808 0.391063 0.453113 0.314258 0.239144 -0.081279 -0.195937 0.085363 -0.125018 -0.230699 0.095133 0.472505 -0.248379 -0.111378 -0.067132 -0.023599 -0.022557 0.084739 -0.245721 0.069006 -0.132365 -0.078795 -0.477605 -0.361663 -0.207916 0.188459 0.283423 -0.099711 -0.075461 -0.065425 -0.228771 -0.084586 -0.167168 -0.185566 -0.345983 -0.080435 0.059121 0.101070 0.016394 0.133670 0.146221 0.009514 -0.237189 -0.402109 -0.089809 -0.279214 0.067424 0.053461 0.138089 -0.004227 0.291770 0.343215 0.153934 -0.162312 -0.129763 -0.063611 -0.278166 0.276442 -0.123141 -0.382727 0.018849 -0.068603 -0.043272 0.116038 -0.168170 -0.201708 0.230724 0.115866 0.068609 0.077058 0.290899 0.232659 0.199102 -0.159530 0.213359 -0.087509 -0.019973 -0.261771 0.006773 0.159110 0.171845 -0.024813 -0.190246 -0.077353 -0.253126 -0.221319 -0.455225 -0.371376 0.039632 -0.149175 -0.074085 -0.218532 0.072397 0.196736 0.041797 0.034759 -0.020707 0.204609 -0.013447 0.064249 -0.174385 -0.180984 -0.028518 0.108207
0.302240 0.563612 -0.442686 -0.218703 -0.226168 -0.060368 -0.442852 0.006663 -0.006501 0.201164 0.520101 1.000000 0.278375 0.722174 0.259088 0.649609 0.122301 -0.036586 -0.017993 0.029068 -0.216664 -0.428901 -0.364552 0.025462 -0.484386 -0.331411 -0.334556 -0.266737 0.085552 0.197707 -0.584205 -0.361660 -0.039054 -0.058092 -0.378296 -0.412307 -0.196816 0.293987 0.241231 -0.181263 -0.185670 0.099933 -0.009627 0.181660 0.125697 -0.056717 -0.195067 0.083724 0.305800 0.235236 -0.204820 0.386677 0.134554 0.090749 -0.172082 -0.081311 0.232400 0.050259 0.191943 -0.061796 0.004613 0.333549 0.176535 0.327665 -0.240875 0.052066 -0.055200 -0.260157 -0.116837 0.134207 -0.176300 -0.306000 0.110933 0.163952 0.167005 0.294746 0.050237 -0.048902 0.269904 0.116791 0.185692 0.072090 -0.041071 0.060526 0.225822 -0.223026 0.171324 -0.310285 -0.307625 -0.381465 -0.113168 0.044486 0.204808 0.000264 -0.258623 0.034629 -0.115998 -0.135468 -0.130439 -0.001378 0.076909 0.072423 -0.020192 -0.194174 0.182391 0.161799 0.209529 0.103622 -0.033068 0.335970 -0.079911 0.201259 0.060228 -0.158901 0.058542 -0.019411
0.070100 0.122706 0.058770 -0.339503 0.091599 -0.195919 0.268529 -0.044071 0.247454 -0.064426 0.311808 0.278375 1.000000 0.453084 0.429236 0.239324 0.338632 0.128159 -0.484096 -0.126864 -0.151160 -0.304496 -0.069080 0.000104 0.042250 -0.126857 -0.095120 -0.074967 -0.046308 0.023539 -0.229469 -0.145389 0.256827 0.222837 0.031238 -0.174600 -0.304487 0.195418 0.449046 -0.298015 -0.316394 0.052442 -0.206761 0.072678 0.206776 0.000212 -0.170608 0.067962 0.325884 -0.175148 0.210280 0.064957 0.304618 -0.054706 -0.014992 -0.080141 -0.233447 0.007719 0.193456 0.013950 0.453487 0.188540 0.216273 0.296339 0.093119 -0.079850 0.157589 0.086922 -0.419274 0.314950 -0.049514 -0.496049 0.102450 -0.195316 0.128258 -0.000411 -0.084676 -0.209391 0.305216 0.361313 -0.008917 0.118929 -0.524043 -0.409211 -0.383446 -0.531958 -0.202931 -0.604173 -0.156237 -0.272198 -0.312681 0.172338 -0.145335 0.191345 -0.355568 0.144843 -0.107626 -0.425441 -0.229725 -0.259129 -0.049948 0.008254 -0.077015 -0.156733 -0.161990 0.280768 0.028397 0.279748 0.036150 0.351986 0.103517 0.143749 -0.074991 -0.191910 0.074667 0.140710
0.158051 0.448930 -0.415714 -0.316591 -0.101409 -0.156676 -0.105677 0.180275 -0.030429 0.165868 0.391063 0.722174 0.453084 1.000000 0.103071 0.566104 0.446489 0.231246 0.007800 0.034509 -0.389611 -0.487183 -0.524215 -0.076955 -0.515051 -0.504707 -0.523228 -0.427087 0.272207 0.444343 -0.592514 -0.251608 0.160809 0.197079 -0.312788 -0.492797 -0.151871 0.296285 0.112928 -0.230800 -0.131905 0.231178 -0.049251 0.068095 0.261942 -0.001075 -0.277574 0.073700 0.353079 0.251092 -0.287282 0.312312 0.241657 0.148683 -0.240621 -0.142218 0.157677 -0.062542 0.250084 0.132535 0.233569 0.532729 0.509004 0.590358 -0.178230 -0.087088 0.038783 -0.250055 -0.154038 0.124121 -0.203591 -0.336300 0.388512 0.066343 0.154411 0.156749 0.102030 -0.097117 0.288769 0.210419 0.371305 0.257407 -0.196241 0.097692 -0.140493 -0.521752 0.087834 -0.382676 -0.369429 -0.519595 -0.155874 0.070065 -0.034459 -0.055321 -0.412033 -0.035217 -0.308926 -0.327864 -0.150711 -0.032455 0.035146 0.114106 -0.055359 -0.296689 -0.044788 0.305238 0.138860 0.245080 -0.059623 0.228511 -0.245867 0.142993 -0.052758 -0.155261 0.007299 -0.112801
0.125295 0.281482 0.126596 0.004202 -0.016126 -0.114253 0.054754 -0.107040 0.026906 -0.098664 0.453113 0.259088 0.429236 0.103071 1.000000 0.362355 -0.013990 -0.097563 -0.148913 -0.001994 0.026755 -0.121146 0.278705 0.258922 0.026274 -0.004308 0.074205 0.019207 -0.108712 -0.146853 -0.008082 0.136990 -0.004096 0.078715 -0.231186 -0.216673 -0.185559 0.057155 0.174192 -0.172112 -0.111294 -0.062031 -0.106832 0.039551 -0.078107 -0.243226 -0.148973 -0.007784 0.234610 0.007111 0.323276 0.246511 0.185687 0.171365 -0.240233 -0.186683 -0.243074 -0.032844 0.148602 0.045306 0.086834 0.057502 -0.032239 0.131194 0.047066 -0.119098 -0.130033 -0.077743 -0.413199 0.230890 -0.208954 -0.344611 -0.097374 -0.213802 -0.042345 0.216329 -0.054069 -0.234785 0.140121 0.058484 -0.095355 -0.142493 0.105580 0.042276 0.144121 -0.231525 0.163884 -0.265498 -0.108439 -0.181368 -0.198765 0.100888 -0.059530 -0.055385 -0.270085 -0.031840 -0.098337 -0.363949 -0.397103 -0.419066 -0.085169 -0.177545 -0.101157 -0.032020 0.085604 0.187854 0.089485 0.195365 0.098113 0.307027 0.054507 0.078467 0.115887 -0.070535 -0.025175 0.154148
0.097825 0.386312 -0.475338 -0.231695 -0.132658 -0.064307 -0.412838 -0.116623 -0.038782 0.283875 0.314258 0.649609 0.239324 0.566104 0.362355 1.000000 0.044214 0.100334 -0.024844 -0.143781 0.013971 -0.175201 -0.240046 0.114942 -0.277354 -0.155455 -0.150827 -0.232099 0.092214 0.199874 -0.356709 -0.118049 -0.121543 -0.038364 -0.230087 -0.168921 -0.036127 0.291010 0.186029 -0.057360 -0.133130 -0.013406 -0.014932 -0.031312 0.047005 -0.092559 -0.274809 -0.018405 0.136211 0.181238 -0.004889 0.247255 0.311997 0.249826 -0.143164 -0.130472 0.043745 -0.055605 0.208553 -0.068632 0.115842 0.459842 0.196422 0.392446 -0.098041 0.053195 -0.253122 -0.305579 0.022502 0.060867 -0.040493 -0.100898 0.029862 0.101902 0.086467 0.200934 0.062991 -0.088799 0.198233 0.121805 0.206366 0.175817 -0.116167 0.181210 0.230475 -0.177319 0.202585 -0.241232 -0.092082 -0.135169 -0.097952 -0.022584 0.098034 -0.082159 -0.277314 0.070000 -0.121070 -0.153620 -0.217684 -0.110832 0.139533 0.079662 -0.000640 -0.132841 0.098193 0.126648 0.043227 0.042979 0.008755 0.235084 -0.112938 0.028151 0.028419 -0.023533 -0.051458 -0.198388
0.015288 0.230523 -0.252519 -0.281578 -0.031094 -0.285878 0.094347 -0.136614 -0.231799 -0.155320 0.239144 0.122301 0.338632 0.446489 -0.013990 0.044214 1.000000 0.633975 -0.049796 0.269216 -0.497414 -0.387732 -0.337550 -0.113868 -0.304300 -0.467167 -0.328632 -0.431881 0.561410 0.552202 -0.277281 -0.156684 0.370264 0.311537 -0.217619 -0.455868 -0.057053 0.248404 0.052466 -0.201956 0.067911 0.250584 -0.175808 -0.050045 0.062237 -0.129225 -0.217130 -0.142607 0.059845 0.014410 -0.248184 0.051685 0.162157 0.086565 0.076879 -0.046117 0.222884 0.201785 -0.162784 0.135223 0.204270 0.167129 0.770705 0.692422 -0.107239 -0.540101 -0.025102 -0.327520 -0.144443 0.074567 -0.138823 -0.235618 0.606174 -0.047756 0.022970 -0.096068 -0.037602 -0.281926 0.494715 0.421127 0.635113 0.640431 -0.230767 0.043109 -0.188142 -0.433311 -0.132919 -0.273499 -0.203331 -0.376828 -0.165163 0.089180 -0.184659 -0.103298 -0.302461 -0.019328 -0.314543 -0.187420 -0.097721 0.033990 -0.104659 -0.116368 -0.221627 -0.138000 -0.044044 0.224917 0.015235 0.337143 -0.121463 0.043378 -0.305078 0.216763 -0.069593 -0.375616 0.133746 0.082023
-0.160485 0.309619 -0.370366 -0.215789 -0.034242 -0.196969 -0.015394 -0.079991 -0.257703 -0.091217 -0.081279 -0.036586 0.128159 0.231246 -0.097563 0.100334 0.633975 1.000000 0.006826 0.120536 -0.250637 -0.102588 -0.370350 -0.240275 -0.288529 -0.360077 -0.293255 -0.354761 0.546748 0.586707 -0.014693 -0.061047 0.221850 0.236628 0.005883 -0.335191 0.022235 0.194106 0.024932 -0.098527 0.086031 0.129494 -0.196435 -0.289828 0.008101 -0.136403 -0.104028 -0.366391 -0.195987 -0.050760 -0.237207 -0.015544 0.161222 0.185414 0.152530 0.001879 0.257083 0.399392 -0.237620 -0.066938 0.058776 0.315021 0.470240 0.601805 -0.141302 -0.301241 -0.231431 -0.359628 -0.017112 -0.113681 0.159352 0.159617 0.480366 0.026761 -0.136465 -0.144803 0.112247 -0.071114 0.322048 0.407055 0.562624 0.696337 -0.238942 0.193640 -0.130994 -0.149168 -0.135972 -0.133780 -0.273453 -0.046614 -0.193415 -0.119251 -0.129760 -0.092701 -0.130050 -0.123391 -0.379625 -0.184631 -0.062580 0.006024 -0.007858 -0.080158 -0.195090 -0.115825 0.030912 0.113370 0.146568 0.118290 -0.068894 0.053888 -0.481324 0.220676 0.075002 -0.205999 0.285769 -0.033645
0.320893 0.236938 -0.095006 0.050019 -0.121136 -0.117164 0.043405 0.114619 -0.157998 -0.046604 -0.195937 -0.017993 -0.484096 0.007800 -0.148913 -0.024844 -0.049796 0.006826 1.000000 0.265426 -0.055168 -0.017777 -0.329999 -0.341340 -0.464457 -0.270678 -0.328934 -0.328992 0.219560 0.173167 -0.016106 -0.062418 0.135470 -0.081819 -0.163937 -0.265510 0.228057 0.045554 -0.343810 0.238044 0.286363 0.244055 0.161121 0.018828 -0.040261 -0.191977 0.149070 -0.094666 -0.035951 0.255213 -0.440442 0.072134 -0.008842 0.282551 0.026442 0.031715 0.297849 0.041625 0.198166 0.143155 -0.260101 0.081620 0.155645 0.069338 -0.471374 -0.255246 0.005867 -0.355543 0.339219 -0.347417 -0.055805 0.063588 0.199756 0.232740 0.040986 0.266223 0.357916 0.326548 -0.303354 -0.362724 0.232109 -0.034057 0.339146 0.385083 0.156970 0.091814 0.319832 0.371605 -0.000976 -0.141213 -0.028547 -0.274094 0.005300 -0.174199 0.023784 -0.027198 -0.033070 0.158304 0.268232 0.212927 0.170115 0.128888 0.169498 0.012262 0.147274 -0.263295 -0.056620 -0.152527 0.067747 -0.336504 -0.180400 -0.097886 -0.091027 -0.027871 -0.315788 -0.135810
0.297356 0.284799 0.162974 0.174701 0.222289 -0.089224 0.115734 -0.063174 -0.152094 -0.303291 0.085363 0.029068 -0.126864 0.034509 -0.001994 -0.143781 0.269216 0.120536 0.265426 1.000000 -0.121479 -0.134982 -0.112142 0.112537 -0.276672 -0.238375 -0.126753 -0.237904 0.354978 0.092221 -0.046457 -0.070149 0.224136 0.406144 -0.140224 -0.494260 -0.071762 -0.190853 -0.122005 -0.175407 0.043892 0.029403 -0.194590 -0.168960 -0.259433 -0.219110 -0.226484 -0.125791 -0.291249 -0.224843 -0.469604 -0.190409 -0.327498 -0.015951 -0.237276 -0.239765 0.251230 0.192381 -0.288174 0.106166 -0.202797 -0.221565 0.252915 0.246203 -0.311020 -0.527168 -0.133852 -0.080099 -0.123627 0.346461 -0.080431 0.018123 0.305558 -0.200476 0.085887 -0.052941 -0.231358 -0.143969 0.184937 -0.025533 0.379294 0.291466 0.432431 0.441627 -0.034640 -0.140002 -0.023378 0.211477 -0.234753 -0.329441 0.177654 0.246970 0.041077 0.124908 -0.042292 -0.290328 -0.258170 -0.052642 -0.159727 0.133238 -0.015272 0.086932 -0.119403 -0.205099 -0.074906 0.310836 -0.097610 0.212346 -0.105475 -0.102015 -0.307904 0.012629 -0.049867 -0.289997 0.090894 0.108168
-0.166057 -0.152334 0.285514 -0.007503 0.100967 0.145634 -0.062223 -0.054461 0.042499 -0.085375 -0.125018 -0.216664 -0.151160 -0.389611 0.026755 0.013971 -0.497414 -0.250637 -0.055168 -0.121479 1.000000 0.624805 0.177638 0.008378 0.318515 0.320247 0.533575 0.408229 -0.230302 -0.280608 0.194410 0.055191 -0.364063 -0.218022 0.129314 0.266957 0.307005 -0.125468 0.197569 0.425332 0.093585 -0.162551 0.093221 -0.088028 -0.247480 0.010776 0.169965 0.103934 -0.202750 -0.218295 0.022702 -0.249577 0.016905 -0.181051 -0.056054 0.126880 -0.122177 -0.133035 -0.107295 0.045768 -0.099038 -0.061355 -0.360128 -0.434678 -0.020961 0.107280 -0.193978 0.213555 0.249755 -0.090315 0.198174 0.239906 -0.428443 -0.071236 -0.175255 -0.254977 -0.132776 0.284456 -0.339428 -0.320026 -0.258682 -0.199377 0.133552 0.001870 -0.015360 0.235793 0.221887 0.312338 0.071672 0.268694 0.017508 -0.166128 -0.050765 -0.010996 0.567092 0.048177 0.421012 0.388664 -0.119396 -0.163256 0.212281 -0.127363 0.158860 0.108283 0.035553 -0.315718 -0.210318 -0.242285 0.147210 0.045553 0.275557 -0.414142 -0.164423 0.263975 -0.116575 -0.072739
-0.246688 -0.288331 0.204124 0.108230 0.066467 0.229052 -0.072126 -0.020039 -0.026447 0.030494 -0.230699 -0.428901 -0.304496 -0.487183 -0.121146 -0.175201 -0.387732 -0.102588 -0.017777 -0.134982 0.624805 1.000000 0.158959 0.029894 0.405115 0.387572 0.460177 0.413365 -0.107942 -0.196145 0.253809 0.141998 -0.306711 -0.224658 0.297816 0.339661 0.273080 -0.238075 -0.021131 0.378875 0.021164 -0.183402 0.144584 -0.116702 -0.264299 0.090030 0.230062 0.070470 -0.256542 -0.226657 0.124098 -0.194272 -0.161174 -0.122954 -0.024100 0.130822 -0.023974 -0.137165 -0.290584 -0.042133 -0.161908 -0.106245 -0.334336 -0.410198 -0.036917 0.137872 -0.195396 0.149760 0.186681 -0.193449 0.135626 0.308408 -0.333258 -0.151916 -0.400670 -0.385516 -0.136619 0.189777 -0.140320 -0.116718 -0.094424 -0.041345 0.042552 0.091171 -0.035075 0.412037 0.073622 0.373248 0.045641 0.411097 0.075023 -0.164891 -0.070613 -0.126969 0.559140 0.051961 0.271060 0.319945 -0.030498 0.018591 0.098573 -0.141972 -0.125596 0.093054 0.004711 -0.390816 -0.094063 -0.268622 0.049598 -0.078021 0.132446 -0.310168 -0.171119 0.244878 -0.018437 -0.120450
-0.036171 -0.431192 0.534001 0.427650 0.269901 0.270008 0.003695 -0.165326 0.080786 -0.068636 0.095133 -0.364552 -0.069080 -0.524215 0.278705 -0.240046 -0.337550 -0.370350 -0.329999 -0.112142 0.177638 0.158959 1.000000 0.639424 0.662431 0.739260 0.705876 0.535657 -0.550312 -0.589855 0.563431 0.531950 -0.240234 -0.193685 0.144987 0.436929 -0.134564 -0.440655 0.070623 0.008879 -0.176214 -0.288065 -0.070459 -0.076171 -0.297225 -0.163303 -0.142933 -0.004495 -0.191171 -0.273056 0.547595 -0.146155 -0.173198 -0.103546 -0.161171 -0.275469 -0.328750 -0.115402 -0.137008 -0.286131 0.002039 -0.442352 -0.490638 -0.352231 0.432552 0.170820 -0.163236 0.247360 -0.186424 0.266172 -0.056049 0.072980 -0.424155 -0.190073 -0.047465 -0.052707 -0.304373 -0.152621 -0.069584 -0.061023 -0.613681 -0.428384 0.188236 -0.210216 0.141296 0.205520 -0.254810 -0.031626 0.536335 0.323151 0.160522 0.208458 -0.100767 0.121560 0.104945 -0.133672 0.069454 0.015087 -0.173752 -0.298875 -0.103220 -0.191799 -0.102352 0.150946 -0.083261 0.132575 -0.031136 0.006207 -0.061845 -0.104008 0.469931 -0.003457 -0.023612 0.307835 0.107360 0.092625
-0.104625 -0.350076 0.237740 0.609459 0.334795 0.433506 -0.155500 0.029982 0.034654 0.248392 0.472505 0.025462 0.000104 -0.076955 0.258922 0.114942 -0.113868 -0.240275 -0.341340 0.112537 0.008378 0.029894 0.639424 1.000000 0.249022 0.528174 0.304055 0.162950 -0.209988 -0.189903 0.276713 0.598232 -0.308812 -0.109166 -0.093672 0.042950 -0.339642 -0.216837 0.154373 -0.217039 -0.260694 -0.308611 -0.315940 -0.225626 -0.332702 -0.163187 -0.420362 -0.106283 -0.242628 -0.191748 0.236122 -0.091712 -0.257658 0.026625 -0.474900 -0.533013 -0.243022 -0.296515 -0.260687 -0.306473 -0.131021 -0.422918 -0.229566 -0.029501 0.443349 0.083706 -0.426826 0.073869 -0.290840 0.345284 0.020902 0.138428 -0.141430 -0.090434 0.024952 0.110440 -0.244781 -0.156571 0.247846 0.124764 -0.302413 -0.056879 0.301411 0.197246 0.238178 0.232907 -0.251701 -0.087510 0.369649 0.215015 0.268944 0.376320 0.162958 0.171725 -0.164445 -0.209008 -0.399435 -0.284132 -0.432954 -0.353493 -0.110577 -0.095894 -0.244899 -0.083793 -0.163242 0.253428 0.038705 -0.009885 -0.224136 -0.015336 0.109957 0.095732 -0.108235 0.162373 -0.010629 -0.033919
-0.211301 -0.453522 0.411342 0.126053 0.142378 0.110179 0.057539 -0.275087 0.132261 -0.190519 -0.248379 -0.484386 0.042250 -0.515051 0.026274 -0.277354 -0.304300 -0.288529 -0.464457 -0.276672 0.318515 0.405115 0.662431 0.249022 1.000000 0.709912 0.714387 0.560547 -0.487435 -0.502565 0.479330 0.311348 -0.065629 -0.113406 0.444966 0.578014 0.013964 -0.340245 0.094233 0.032005 -0.159558 -0.315078 0.046603 0.054291 -0.132084 0.110153 0.090050 0.209617 -0.181362 -0.368801 0.509678 -0.324816 -0.116182 -0.364588 0.058807 0.013920 -0.288390 -0.080775 -0.106285 -0.094415 0.125719 -0.291461 -0.439763 -0.458693 0.302282 0.210248 0.029838 0.443848 0.052591 0.194173 -0.046536 0.111145 -0.488356 -0.196039 -0.112246 -0.213540 -0.311197 -0.082282 -0.098293 -0.036793 -0.521969 -0.309061 -0.195448 -0.458013 -0.136873 0.175193 -0.245345 -0.079429 0.384654 0.405119 0.033898 0.128765 -0.239196 0.009211 0.201911 0.121791 0.363243 0.202331 0.008250 -0.129654 -0.002419 -0.082940 -0.094779 0.193563 -0.043964 -0.012966 -0.103921 0.040240 0.050476 -0.051883 0.528476 -0.063110 -0.021711 0.262111 0.115305 -0.023770
-0.081365 -0.458192 0.311138 0.483053 0.168328 0.392169 -0.196368 -0.026468 0.149973 0.069224 -0.111378 -0.331411 -0.126857 -0.504707 -0.004308 -0.155455 -0.467167 -0.360077 -0.270678 -0.238375 0.320247 0.387572 0.739260 0.528174 0.709912 1.000000 0.680924 0.642933 -0.558330 -0.464572 0.525009 0.571064 -0.130668 -0.198448 0.325272 0.587864 -0.147288 -0.258153 0.185568 0.196273 -0.238572 -0.168160 -0.159167 -0.076952 -0.373638 -0.163372 -0.098137 0.038610 -0.319793 -0.423300 0.547377 -0.174341 -0.206222 -0.143892 -0.097000 -0.095830 -0.211503 -0.059107 -0.269559 -0.418827 -0.080622 -0.480543 -0.614982 -0.504887 0.315581 0.400657 -0.257110 0.214372 -0.133183 0.148918 0.069922 0.353036 -0.379695 0.041701 0.109304 0.001957 -0.117718 0.135974 -0.012273 -0.013370 -0.646366 -0.339690 -0.059572 -0.245155 0.068820 0.449171 -0.399304 -0.003248 0.478088 0.542870 -0.035783 -0.042927 -0.102292 -0.000617 0.228606 -0.039883 0.182448 0.141913 -0.165557 -0.177550 0.032698 -0.158406 -0.119537 0.035939 -0.061170 0.002472 -0.013701 -0.099260 -0.151302 -0.027425 0.491551 0.029410 0.005345 0.367271 0.060575 -0.119975
-0.082315 -0.324229 0.422384 0.148416 0.161034 0.280438 -0.128940 -0.346232 -0.081439 -0.120567 -0.067132 -0.334556 -0.095120 -0.523228 0.074205 -0.150827 -0.328632 -0.293255 -0.328934 -0.126753 0.533575 0.460177 0.705876 0.304055 0.714387 0.680924 1.000000 0.733442 -0.436122 -0.505454 0.352947 0.188172 -0.273541 -0.284869 0.275258 0.518329 0.211333 -0.365138 0.212587 0.272508 -0.107175 -0.290097 0.139164 0.038495 -0.282622 -0.029538 0.046782 0.147888 -0.211766 -0.331271 0.283566 -0.288816 -0.095204 -0.240111 -0.064083 0.048714 -0.128954 -0.099739 -0.229620 -0.143383 0.023270 -0.348717 -0.392574 -0.419809 0.154182 0.109703 -0.117798 0.268512 0.060088 0.159941 0.045161 0.182786 -0.466241 -0.247108 -0.156516 -0.357158 -0.353985 -0.113904 -0.100715 -0.137974 -0.416302 -0.263998 0.041260 -0.251637 0.082606 0.234514 -0.067720 0.135239 0.392561 0.345430 0.016910 0.037359 -0.263107 0.004704 0.493075 0.007713 0.399016 0.387388 -0.091113 -0.119428 0.063635 -0.114717 -0.085864 -0.020774 -0.156907 -0.101747 -0.193714 -0.032146 -0.081561 0.019838 0.461521 -0.201218 -0.064507 0.263507 0.170283 -0.005373
-0.127191 -0.330259 0.377394 0.133414 0.119771 0.312007 -0.047095 -0.051896 -0.108185 -0.110176 -0.023599 -0.266737 -0.074967 -0.427087 0.019207 -0.232099 -0.431881 -0.354761 -0.328992 -0.237904 0.408229 0.413365 0.535657 0.162950 0.560547 0.642933 0.733442 1.000000 -0.499445 -0.460329 0.241516 0.172132 -0.133611 -0.145583 0.352430 0.572680 0.190754 -0.318984 0.132992 0.328341 -0.018330 -0.110886 -0.003341 -0.049473 -0.290229 -0.013154 -0.005195 0.072847 -0.176901 -0.296515 0.379342 -0.182607 -0.040633 -0.289506 0.018790 0.116873 -0.161200 -0.092898 -0.142818 -0.071133 0.090218 -0.189869 -0.408735 -0.414459 0.221038 0.378868 0.065327 0.378295 -0.053735 0.131670 -0.064938 0.083866 -0.456090 -0.134863 -0.064875 -0.236658 -0.162898 0.118490 -0.168514 -0.148100 -0.424528 -0.334718 0.025352 -0.245965 0.047712 0.198616 -0.021494 0.185861 0.328728 0.306383 -0.181829 -0.163349 -0.285259 -0.230664 0.478637 -0.088826 0.420991 0.305956 -0.209211 -0.206416 0.087765 -0.186358 0.026169 -0.114889 -0.163172 -0.097466 -0.097530 -0.025452 -0.058162 -0.027183 0.383211 -0.390527 -0.170449 0.172367 0.100479 0.009093
-0.007745 0.326270 -0.444091 -0.264806 -0.080653 -0.155682 -0.017046 -0.206440 -0.198555 -0.071653 -0.022557 0.085552 -0.046308 0.272207 -0.108712 0.092214 0.561410 0.546748 0.219560 0.354978 -0.230302 -0.107942 -0.550312 -0.209988 -0.487435 -0.558330 -0.436122 -0.499445 1.000000 0.768263 -0.106692 -0.231264 0.122879 0.222220 -0.180131 -0.560894 0.296519 0.310416 -0.029883 -0.170235 0.231983 0.247284 0.059594 -0.119837 0.031747 0.009285 -0.018056 -0.179737 -0.134433 0.094616 -0.543118 0.020553 0.135176 0.250147 0.108876 0.102560 0.245759 0.003438 -0.165958 0.054710 -0.071440 0.166135 0.637003 0.534024 -0.249915 -0.557696 -0.161882 -0.521323 0.157391 -0.199449 0.055636 0.042919 0.686791 0.090629 0.003570 0.050259 0.151348 -0.110890 0.347841 0.238067 0.794325 0.692657 0.079760 0.520131 -0.009568 -0.081742 0.055314 -0.000587 -0.328934 -0.284161 -0.134779 -0.071606 -0.112314 -0.237189 -0.127471 0.031788 -0.322200 -0.076712 -0.003528 0.182319 0.099233 -0.081198 -0.092544 -0.157506 0.023333 -0.030179 0.005079 0.033905 -0.057917 -0.013239 -0.603201 0.052338 0.090199 -0.263086 -0.031226 -0.062478
-0.116481 0.293252 -0.646966 -0.188570 -0.201864 -0.229800 -0.149553 -0.028936 -0.329912 -0.022171 0.084739 0.197707 0.023539 0.444343 -0.146853 0.199874 0.552202 0.586707 0.173167 0.092221 -0.280608 -0.196145 -0.589855 -0.189903 -0.502565 -0.464572 -0.505454 -0.460329 0.768263 1.000000 -0.131919 -0.018660 0.206339 0.225077 -0.215943 -0.491176 0.229804 0.443012 0.025940 -0.083343 0.250661 0.328738 -0.051844 -0.085140 0.099880 -0.160774 -0.003939 -0.140077 0.022152 0.215511 -0.325334 0.187884 0.272238 0.256618 0.180245 0.178457 0.170543 -0.038301 -0.121358 -0.007277 -0.100321 0.214806 0.615865 0.537895 -0.184892 -0.373737 -0.218892 -0.619995 0.057266 -0.319936 0.134929 0.089653 0.668266 0.255987 0.113089 0.130027 0.302003 0.070665 0.336324 0.322922 0.644039 0.656208 -0.045179 0.452116 -0.021236 -0.050084 -0.021336 -0.161799 -0.352928 -0.178623 -0.279757 -0.271405 -0.138207 -0.316980 -0.150175 0.070927 -0.332628 -0.110198 0.000369 0.146193 0.054458 -0.190132 -0.084761 -0.151339 0.004229 0.003008 0.002392 0.056130 -0.065972 0.099773 -0.536851 0.154254 0.062132 -0.223073 -0.036239 -0.195931
-0.196192 -0.430689 0.299254 0.341623 0.108221 -0.014488 0.060982 -0.125784 -0.027197 -0.234399 -0.245721 -0.584205 -0.229469 -0.592514 -0.008082 -0.356709 -0.277281 -0.014693 -0.016106 -0.046457 0.194410 0.253809 0.563431 0.276713 0.479330 0.525009 0.352947 0.241516 -0.106692 -0.131919 1.000000 0.639168 0.053937 0.014514 0.288435 0.261082 0.146520 -0.313317 0.095558 0.112163 0.129795 -0.090563 -0.114617 -0.261171 -0.199906 -0.154369 0.171870 -0.102882 -0.407871 -0.299708 0.297894 -0.329403 -0.114156 -0.029197 0.079765 -0.005934 -0.338167 -0.153289 -0.155329 -0.205797 -0.062264 -0.391124 -0.300495 -0.269178 0.340280 -0.003665 -0.208529 0.042966 0.037879 -0.039170 0.096157 0.313492 -0.143599 -0.118091 -0.126863 -0.050805 -0.193871 0.044781 -0.202701 -0.077444 -0.391785 -0.184645 0.174286 0.062839 -0.023922 0.411052 -0.229324 0.189682 0.411103 0.427178 -0.030540 -0.085427 -0.201436 -0.019670 0.234371 -0.085408 0.077151 0.076596 0.009967 -0.082468 0.082524 -0.151351 -0.070987 0.146334 -0.033719 -0.049372 -0.005804 -0.213532 -0.055727 -0.160984 0.150950 -0.012767 -0.078534 0.221429 0.096579 -0.140464
-0.236032 -0.402983 0.177605 0.571193 0.193847 0.111583 -0.053551 0.252498 -0.101415 -0.036899 0.069006 -0.361660 -0.145389 -0.251608 0.136990 -0.118049 -0.156684 -0.061047 -0.062418 -0.070149 0.055191 0.141998 0.531950 0.598232 0.311348 0.571064 0.188172 0.172132 -0.231264 -0.018660 0.639168 1.000000 0.075508 0.199744 0.110007 0.173079 -0.228998 -0.219981 -0.066604 -0.005581 -0.085531 -0.143124 -0.277933 -0.237066 -0.243744 -0.236903 -0.118492 -0.072414 -0.210507 -0.163961 0.413750 -0.104115 -0.224662 0.077442 -0.245886 -0.169292 -0.337476 -0.261684 -0.197103 -0.163929 -0.093285 -0.325309 -0.231913 -0.133821 0.478821 0.203824 -0.372376 0.001121 -0.260763 0.015260 0.010517 0.238442 -0.058018 -0.130932 0.016772 0.059299 -0.104263 0.067945 -0.023428 0.037063 -0.418430 -0.129010 0.208316 0.194000 0.016181 0.314105 -0.309885 -0.024870 0.285497 0.329752 -0.116320 -0.092432 -0.163405 -0.111933 -0.056211 -0.193836 -0.201363 -0.240113 -0.367011 -0.246024 -0.066946 -0.274607 -0.289512 -0.011128 -0.064759 0.208949 0.086664 0.027042 -0.097072 -0.039035 0.101512 0.062632 -0.089497 0.234181 -0.008520 -0.097328
0.183961 0.117824 -0.002179 -0.189274 -0.147713 -0.396355 0.158430 0.054069 -0.084785 -0.355698 -0.132365 -0.039054 0.256827 0.160809 -0.004096 -0.121543 0.370264 0.221850 0.135470 0.224136 -0.364063 -0.306711 -0.240234 -0.308812 -0.065629 -0.130668 -0.273541 -0.133611 0.122879 0.206339 0.053937 0.075508 1.000000 0.631498 0.105746 -0.131369 -0.024750 0.199250 -0.007341 -0.050906 -0.019652 0.361766 -0.314998 -0.010346 -0.014314 -0.224525 -0.158321 -0.128669 -0.065535 -0.261011 0.007845 -0.138010 -0.061030 -0.177707 0.141055 -0.038123 0.296379 0.371193 0.099498 0.116896 0.271484 0.130452 0.342709 0.266303 -0.118239 -0.188585 0.312123 0.004715 -0.193769 0.227139 -0.169724 -0.189817 0.372604 0.011416 0.344019 0.155395 0.180264 0.087261 0.204605 0.165953 0.130709 0.142178 -0.292084 -0.149205 -0.428035 -0.303290 -0.199924 -0.265406 -0.180646 -0.261193 -0.457259 -0.199613 -0.264346 -0.159727 -0.203840 -0.047125 -0.022352 -0.198481 -0.033594 -0.026203 -0.052077 -0.082613 -0.166435 -0.156972 0.117525 0.262387 0.209879 0.376501 -0.024384 0.124165 -0.121425 0.055111 0.099311 -0.212124 0.044980 0.023410
-0.015656 0.202065 0.004242 -0.080304 0.127720 -0.248997 0.181679 0.216719 -0.117961 -0.378308 -0.078795 -0.058092 0.222837 0.197079 0.078715 -0.038364 0.311537 0.236628 -0.081819 0.406144 -0.218022 -0.224658 -0.193685 -0.109166 -0.113406 -0.198448 -0.284869 -0.145583 0.222220 0.225077 0.014514 0.199744 0.631498 1.000000 0.098446 -0.179174 -0.224377 -0.050900 -0.114133 -0.236917 -0.064385 0.152353 -0.407392 -0.192433 -0.049955 -0.145745 -0.309942 -0.153467 -0.107122 -0.244297 -0.016527 -0.131676 -0.118720 -0.165517 -0.033091 -0.081971 0.078816 0.235980 -0.030245 0.197568 0.238465 0.136525 0.244652 0.265056 0.051011 -0.110645 0.125864 0.142068 -0.368458 0.331357 -0.169203 -0.081206 0.413004 -0.213727 0.120430 -0.051099 -0.106893 -0.060040 0.204565 0.076940 0.169114 0.195215 -0.091542 0.056914 -0.433001 -0.330384 -0.215429 -0.248419 -0.362073 -0.317700 -0.214066 -0.031667 -0.233839 -0.106431 -0.250083 -0.165661 -0.161854 -0.356697 -0.338548 -0.126332 -0.165657 -0.006908 -0.256515 -0.111672 -0.132464 0.401321 0.062656 0.374750 -0.002746 0.229160 -0.259157 0.019444 0.113780 -0.226387 0.232398 0.173155
-0.157195 -0.286468 0.099441 0.027952 -0.050678 -0.098979 0.076604 -0.137748 0.007115 -0.208442 -0.477605 -0.378296 0.031238 -0.312788 -0.231186 -0.230087 -0.217619 0.005883 -0.163937 -0.140224 0.129314 0.297816 0.144987 -0.093672 0.444966 0.325272 0.275258 0.352430 -0.180131 -0.215943 0.288435 0.110007 0.105746 0.098446 1.000000 0.488649 0.090769 -0.336172 -0.092511 -0.103681 -0.172996 -0.091503 0.007745 -0.216821 -0.074067 0.141971 0.056880 -0.095809 -0.259323 -0.321367 0.103389 -0.294824 -0.139799 -0.120670 0.178125 0.141773 0.038860 0.075043 -0.046509 -0.045110 0.153041 -0.015894 -0.262274 -0.266002 0.024983 0.262690 0.054097 0.307761 0.102049 0.005728 0.100653 0.233137 -0.051883 -0.111244 -0.157271 -0.116677 -0.010569 0.297947 -0.182927 -0.122579 -0.170420 -0.092434 -0.229383 -0.238415 -0.166479 0.210077 -0.086066 0.013561 0.189053 0.350734 -0.126874 -0.022020 -0.332858 0.022158 0.171677 0.024698 0.171234 0.058212 0.050884 0.076547 0.089404 0.029170 -0.239871 -0.021617 -0.281642 -0.092936 0.049342 0.078785 -0.084226 -0.293167 0.037426 -0.281702 -0.126104 0.037048 0.187250 0.022622
-0.114484 -0.582541 0.194355 0.057224 -0.062957 0.176675 -0.031834 -0.027035 0.101204 0.077390 -0.361663 -0.412307 -0.174600 -0.492797 -0.216673 -0.168921 -0.455868 -0.335191 -0.265510 -0.494260 0.266957 0.339661 0.436929 0.042950 0.578014 0.587864 0.518329 0.572680 -0.560894 -0.491176 0.261082 0.173079 -0.131369 -0.179174 0.488649 1.000000 0.129614 -0.165224 -0.037902 0.242181 -0.151418 -0.204436 0.050232 -0.001103 -0.046989 0.151605 0.121442 0.078699 -0.166317 -0.190192 0.408715 -0.263960 -0.065955 -0.235460 0.171824 0.146218 -0.038149 0.017313 -0.055649 -0.265483 0.156945 -0.119812 -0.479576 -0.541014 0.317333 0.601838 0.106759 0.392945 0.187637 -0.060557 0.116971 0.144512 -0.457591 -0.047150 -0.108987 -0.143086 -0.037175 0.194569 -0.288105 -0.129138 -0.530958 -0.427233 -0.210826 -0.468601 0.022605 0.285380 -0.047816 0.154765 0.404932 0.511299 0.026074 -0.121538 -0.098476 0.071286 0.321482 0.156454 0.437035 0.325624 0.229907 0.052749 -0.088266 0.031617 -0.046822 0.216843 -0.029265 -0.300192 -0.169286 -0.190254 -0.035167 -0.086696 0.567115 -0.130581 0.016146 0.384634 0.016154 -0.141379
