1.000000 0.688307 0.098447 -0.220887 -0.034317 -0.292212 0.070993 -0.156753 -0.013651 -0.356574 0.411174 0.226562 0.506507 0.253974 0.141232 0.104130 0.421709 0.430551 0.429283 0.272578 -0.237298 -0.324821 -0.205228 -0.464508 -0.306458 -0.397696 -0.211300 -0.232737 0.359951 0.331542 -0.152172 -0.292467 0.473816 -0.035124 -0.381325 -0.397938 0.022349 -0.166549 -0.085824 -0.331295 0.034518 0.197614 -0.192113 -0.034789 -0.446593 -0.398592 -0.179095 -0.290265 -0.028661 -0.153285 0.152458 0.088981 0.504110 0.268379 0.377313 0.141955 0.435697 0.399042 0.312895 0.257529 0.395367 0.055283 0.435431 0.333652 -0.430983 -0.284630 -0.212332 -0.474845 0.017050 -0.129091 0.010173 -0.069256 0.445537 0.186857 0.364210 0.139188 0.396391 0.191947 -0.031258 0.370739 0.128450 0.179688 -0.133189 -0.017681 -0.056665 0.041768 0.141437 -0.045945 0.119673 0.242344 -0.287449 -0.125885 -0.328559 -0.101935 -0.226001 -0.176023 -0.422264 -0.218646 0.170389 0.208779 0.044986 0.191367 -0.281592 -0.150845 -0.222269 -0.345406 0.051478 0.072714 0.093116 -0.319160 -0.388504 0.068359 -0.067272 -0.110600 -0.354486 -0.481411
0.688307 1.000000 -0.170542 0.016132 -0.158479 -0.321485 0.032330 0.015603 -0.095976 -0.228152 0.173735 0.255904 0.277315 0.172323 0.001334 0.113233 0.350320 0.486747 0.318747 0.377902 -0.137035 -0.277406 -0.277742 -0.397279 -0.270991 -0.307411 -0.209761 -0.217588 0.320930 0.477665 -0.066611 -0.094617 0.442019 0.181209 -0.284726 -0.249866 -0.119063 -0.197606 -0.164675 -0.285488 0.002323 0.285378 -0.333333 -0.186216 -0.451749 -0.407400 -0.213290 -0.385802 -0.013039 -0.135729 0.112116 0.127704 0.493975 0.385896 0.266676 0.138621 0.380171 0.498697 0.137193 0.333033 0.244823 0.278786 0.324947 0.580423 -0.314742 -0.207966 -0.479639 -0.596114 0.128491 0.109473 -0.102537 -0.065906 0.415575 0.161592 0.259564 -0.024073 0.230757 0.084683 0.029852 0.291542 0.208353 0.225013 0.006025 0.164962 -0.021153 0.060020 0.213993 -0.051808 0.293113 0.450498 -0.105206 -0.244912 -0.289121 -0.239735 -0.331121 -0.168786 -0.462185 -0.142981 0.267630 0.136874 0.172892 0.075569 -0.129401 -0.252801 -0.245604 -0.352877 -0.101293 -0.160635 -0.068459 -0.241860 -0.438545 0.100965 -0.045490 -0.089615 -0.291627 -0.314418
0.098447 -0.170542 1.000000 -0.305432 0.618105 0.153624 0.605919 0.168008 0.446837 0.057319 0.331805 -0.021783 0.492818 0.195549 0.159783 -0.029413 -0.235311 -0.284287 0.119559 -0.094396 0.055916 0.088035 0.053799 -0.033138 0.102671 -0.089101 0.245348 0.072920 -0.211419 -0.328575 -0.001456 -0.022707 0.217984 -0.008298 -0.074025 -0.219058 -0.066162 -0.299395 0.043579 -0.013623 0.017354 -0.140033 -0.272542 -0.213017 -0.249475 -0.331160 -0.375946 -0.198409 -0.474947 -0.486658 0.015184 -0.398447 -0.230027 -0.079328 0.112433 -0.260284 -0.274684 -0.315439 0.361454 -0.018541 0.500307 -0.101234 0.056455 -0.242507 0.088138 0.081413 0.648443 0.198969 -0.045050 0.036045 0.260982 0.011583 -0.117053 -0.122852 0.017132 0.145078 0.143321 0.025438 -0.375053 -0.251945 -0.340618 -0.234278 -0.290888 -0.196708 0.032693 0.146839 -0.415782 -0.262533 0.026990 -0.066433 -0.015435 0.271455 -0.102783 0.471355 0.057627 0.136279 0.123956 -0.048537 -0.301876 -0.031556 -0.405595 0.159571 0.048069 0.191321 -0.016848 0.053996 0.234088 0.500977 0.200419 -0.025559 0.047466 -0.242573 -0.088476 -0.167907 0.105235 0.065071
-0.220887 0.016132 -0.305432 1.000000 -0.391114 -0.027616 -0.027169 0.366904 -0.128887 0.019450 -0.276617 -0.017787 -0.436478 -0.137591 0.189815 0.274977 0.055795 0.005648 0.384078 0.359803 0.308322 0.143469 0.255908 0.448676 -0.116052 0.094230 0.062884 0.164022 0.247078 0.202408 0.326426 0.362767 -0.202723 0.057874 -0.241921 0.026377 0.031468 0.109342 0.078009 0.140732 0.022894 0.122301 -0.081706 -0.202353 -0.144807 -0.119937 -0.064264 -0.066237 -0.094837 -0.034920 -0.315108 -0.095036 -0.104567 -0.069488 -0.194744 -0.093721 -0.048089 0.025088 -0.626531 -0.281728 -0.453204 -0.164830 -0.109306 0.088627 0.284856 -0.053586 -0.365366 -0.224877 -0.078547 0.165823 0.170318 0.220080 0.021253 0.121401 0.105292 -0.049056 -0.103334 0.057949 0.265857 0.015166 0.077540 0.003133 0.411274 0.502192 0.207670 0.276772 0.130667 0.248944 0.040641 0.226268 0.296723 -0.081601 0.199778 -0.237601 -0.127597 -0.140467 -0.122568 -0.093871 0.139948 -0.018513 0.248246 0.036548 0.143985 -0.224829 -0.155239 -0.085165 -0.157623 -0.092094 0.047548 -0.094185 -0.200563 0.127450 -0.051991 -0.051424 -0.009107 0.105523
-0.034317 -0.158479 0.618105 -0.391114 1.000000 0.468616 0.677094 -0.017017 0.581749 0.406848 0.493071 0.073007 0.567626 0.338392 -0.021671 -0.081004 -0.272638 -0.321462 -0.174888 -0.101010 -0.104473 -0.049633 0.060017 0.056179 0.257291 -0.015574 0.315037 0.054356 -0.292553 -0.374916 -0.267149 -0.295859 -0.076678 -0.010926 0.086490 0.005109 -0.143102 -0.359146 -0.009108 -0.045181 -0.017293 -0.221118 -0.154954 -0.171418 -0.061203 -0.197961 -0.218293 -0.131100 -0.291593 -0.277775 0.074760 -0.224750 -0.121788 0.039556 0.018896 -0.228938 -0.307593 -0.327631 0.374852 -0.070948 0.576868 0.157197 0.015495 -0.104495 0.280309 0.248184 0.248787 0.149326 0.078531 0.078209 0.018774 -0.346505 -0.240329 -0.242188 -0.041718 0.015930 0.018416 -0.037299 -0.366426 -0.380985 -0.365810 -0.235219 -0.354298 -0.304036 0.055723 0.030873 -0.296869 -0.271665 0.074326 0.116406 -0.129635 0.161924 0.035375 0.456029 0.186876 0.083713 0.045278 -0.058890 -0.392445 -0.302508 -0.289514 -0.225928 -0.184869 0.102941 -0.005248 0.084299 0.172347 0.218411 0.022274 0.074917 -0.012230 -0.220109 -0.095282 -0.273076 -0.038564 0.062004
-0.292212 -0.321485 0.153624 -0.027616 0.468616 1.000000 0.135860 0.127116 0.258377 0.639002 -0.032295 0.137224 0.145345 0.124418 -0.107681 0.062026 -0.309690 -0.363578 -0.376230 -0.330192 -0.162448 0.167122 -0.012233 0.263550 0.318780 0.439227 0.331923 0.316352 -0.452067 -0.378900 -0.357227 -0.178851 -0.405049 -0.229366 -0.027760 0.060933 -0.277549 -0.033930 -0.086989 0.257112 -0.250379 -0.147083 -0.039740 -0.073281 0.037854 0.040566 -0.017075 0.076874 0.035472 0.006512 0.130797 0.108932 0.004743 0.080201 0.013365 0.105129 -0.293499 -0.393989 0.231840 0.137727 0.063717 0.270184 -0.185645 -0.192618 0.114395 0.513617 0.131248 0.393331 -0.039071 0.137123 -0.361074 -0.285363 -0.474428 -0.392844 -0.402046 -0.146419 -0.447764 -0.313584 -0.203253 -0.421580 -0.392742 -0.384446 -0.188210 -0.286608 -0.095903 -0.067953 -0.189456 -0.154732 -0.030093 0.126993 0.067747 -0.014757 0.397864 0.158787 0.187614 0.184790 0.122569 0.062328 -0.340260 -0.254420 0.007540 -0.238998 -0.126563 0.227049 0.309834 0.266251 0.007028 0.011800 -0.015079 0.082158 0.119553 -0.157175 -0.090562 -0.112960 0.173487 0.126269
0.070993 0.032330 0.605919 -0.027169 0.677094 0.135860 1.000000 0.351738 0.695199 0.409424 0.555722 0.298044 0.498465 0.334133 0.118281 0.042947 -0.239814 -0.200113 0.149749 0.101492 0.040652 -0.170023 0.257893 0.288950 0.001389 -0.285586 0.127736 -0.166605 -0.015402 -0.057822 0.014187 0.083835 0.122873 0.206082 -0.228969 -0.175821 -0.202317 -0.500448 -0.093132 -0.313558 0.029708 -0.031327 -0.396317 -0.420962 -0.376561 -0.509175 -0.410067 -0.426868 -0.472561 -0.489206 -0.100098 -0.388929 -0.135304 -0.020538 -0.111876 -0.367650 -0.299374 -0.277339 0.166693 -0.104814 0.630168 0.269810 0.283144 0.272069 0.475351 0.115450 0.148128 -0.122935 -0.102462 0.141230 0.181868 -0.195142 -0.003822 -0.054557 0.111877 0.083060 0.252599 0.031990 -0.385863 -0.225811 -0.345632 -0.230801 -0.200191 0.008888 0.359032 0.287427 -0.277031 -0.220304 0.368086 0.382961 -0.043090 0.126843 0.016646 0.362751 -0.085939 -0.078162 -0.201730 -0.194835 -0.369742 -0.324315 -0.206847 -0.056499 -0.071496 -0.111555 -0.283398 -0.184186 -0.085912 0.350012 0.086949 -0.156421 -0.329857 -0.234392 -0.153691 -0.215901 -0.175968 -0.035441
-0.156753 0.015603 0.168008 0.366904 -0.017017 0.127116 0.351738 1.000000 0.288115 0.449427 -0.030364 0.346741 0.099754 0.183442 0.152904 0.164093 -0.051306 -0.066096 0.118391 -0.006476 0.077263 -0.111316 -0.158343 0.238004 -0.309301 -0.210595 -0.257892 -0.310629 0.085921 0.310040 0.169296 0.503888 0.144891 0.444872 -0.164514 -0.073117 -0.131127 -0.322626 -0.126975 -0.034471 -0.040830 0.107739 -0.469078 -0.460066 -0.365557 -0.347252 -0.326586 -0.391379 -0.413049 -0.325391 -0.245157 -0.234956 -0.088805 -0.046505 -0.104966 -0.143375 -0.239180 -0.236236 -0.071263 0.012459 0.210568 0.526323 0.209250 0.375933 0.295575 0.295497 -0.016548 -0.185404 -0.036931 0.194867 0.072392 0.153193 0.097460 0.094989 -0.003665 0.164909 0.022031 0.004510 0.004176 -0.053305 -0.037583 -0.056042 0.083395 0.238223 0.120003 0.180134 -0.184843 -0.106351 0.261333 0.209867 0.169640 -0.013057 0.246990 0.036268 -0.076483 -0.073110 -0.174403 -0.096075 -0.150679 -0.093500 -0.090548 -0.021942 0.267903 -0.153303 -0.178463 -0.169116 -0.151762 0.129002 0.113686 -0.081839 -0.352467 -0.217577 -0.102616 -0.052331 -0.018314 -0.059921
-0.013651 -0.095976 0.446837 -0.128887 0.581749 0.258377 0.695199 0.288115 1.000000 0.466225 0.581181 0.352524 0.589560 0.449547 0.313701 0.355512 -0.167878 -0.223173 0.013118 -0.098767 0.056279 0.014786 0.136690 0.218037 -0.207868 -0.240822 -0.108309 -0.237183 0.083888 0.080619 -0.144463 -0.049285 0.220961 0.205763 -0.255451 -0.022555 -0.039693 -0.320742 0.006173 -0.138734 0.000703 0.071139 -0.193308 -0.173484 -0.276768 -0.418788 -0.186686 -0.171901 -0.307699 -0.294577 0.012100 -0.215863 -0.111592 -0.052905 -0.015154 -0.173216 -0.407576 -0.407764 0.109405 -0.059383 0.528795 0.289029 0.324587 0.271268 0.334101 0.190792 0.038928 -0.193045 0.040035 0.096819 0.033526 -0.314517 0.048415 -0.078483 0.052952 0.055923 0.030786 -0.167219 -0.274865 -0.241436 -0.291498 -0.117010 -0.210752 -0.006609 0.176223 0.175523 -0.091640 -0.303237 0.406158 0.188990 -0.184258 0.015896 0.233793 0.186792 0.078639 -0.185641 -0.070425 -0.145991 -0.425166 -0.479643 -0.216480 -0.279274 -0.083978 -0.097117 -0.216786 -0.176156 -0.141027 0.157224 0.043983 -0.087024 -0.176612 -0.161086 -0.234329 -0.125673 -0.201169 -0.129173
-0.356574 -0.228152 0.057319 0.019450 0.406848 0.639002 0.409424 0.449427 0.466225 1.000000 0.169285 0.412970 0.128543 0.276430 -0.013392 0.141414 -0.315861 -0.316721 -0.249493 -0.274974 -0.026610 -0.077458 0.022269 0.430283 0.133606 0.124790 -0.053995 -0.141168 -0.191511 -0.012518 -0.187204 0.147816 -0.210374 0.133344 -0.143813 0.011413 -0.332887 -0.195157 -0.157370 -0.073340 -0.192845 -0.009860 -0.092050 -0.202590 -0.006750 -0.126842 -0.016445 -0.067642 -0.027055 -0.006358 -0.029676 0.025888 -0.062103 -0.015775 -0.204832 -0.049721 -0.410956 -0.435855 0.139291 0.117322 0.209934 0.548613 0.061809 0.223638 0.348712 0.336207 -0.007813 0.038478 -0.086330 0.130461 -0.191427 -0.295759 -0.209036 -0.149562 -0.252754 -0.125652 -0.204711 -0.281460 -0.250765 -0.349505 -0.384758 -0.345965 -0.102459 -0.026050 0.049902 -0.041971 -0.224803 -0.253764 0.194117 0.218678 0.012002 -0.018741 0.473646 0.145723 -0.018536 0.030032 -0.039913 -0.075886 -0.360931 -0.374079 -0.008820 -0.170572 -0.008417 0.015996 0.036368 0.062844 -0.097888 0.032735 0.028775 0.052438 -0.128576 -0.129846 0.020611 -0.133105 -0.002738 0.043723
0.411174 0.173735 0.331805 -0.276617 0.493071 -0.032295 0.555722 -0.030364 0.581181 0.169285 1.000000 0.441176 0.747745 0.560072 0.470710 0.296932 0.054018 -0.052738 0.138878 -0.049025 -0.092184 -0.245937 0.119078 -0.005880 -0.194361 -0.386547 -0.118043 -0.316559 0.212205 0.097457 -0.194087 -0.192037 0.326997 0.061793 -0.250524 -0.132087 -0.142985 -0.322347 -0.133065 -0.445348 -0.160012 -0.056628 -0.129850 -0.125668 -0.328334 -0.452651 -0.152137 -0.218950 -0.104608 -0.222478 0.271671 0.002423 0.227273 0.214030 0.096177 -0.120601 -0.179278 -0.160476 0.243254 -0.018939 0.531210 0.171958 0.308538 0.164435 0.217017 0.052968 -0.091420 -0.299369 0.173639 -0.125480 0.116484 -0.257113 0.161223 0.040850 0.201277 0.037522 0.263598 0.023583 -0.282022 -0.057380 -0.205736 -0.045333 -0.160090 -0.135486 0.137148 -0.059693 -0.001062 -0.331868 0.251666 0.223488 -0.383373 -0.026960 -0.142821 0.093461 -0.095206 -0.129963 -0.338645 -0.164764 -0.213868 -0.379528 -0.352094 -0.126770 -0.348358 -0.125844 -0.244540 -0.235853 0.057483 0.201963 0.025770 -0.068017 -0.266287 -0.217283 -0.181636 -0.248512 -0.292415 -0.131799
0.226562 0.255904 -0.021783 -0.017787 0.073007 0.137224 0.298044 0.346741 0.352524 0.412970 0.441176 1.000000 0.362300 0.720744 0.216544 0.377766 -0.064627 -0.027146 0.009527 -0.330096 -0.073095 -0.251160 -0.048983 0.090962 -0.257724 -0.249764 -0.262500 -0.304425 0.039117 0.269229 -0.213718 -0.016775 0.233363 -0.021683 -0.428167 -0.192025 -0.416801 -0.361233 -0.227332 -0.406278 -0.362675 -0.008522 -0.116290 -0.040911 -0.318750 -0.357395 0.000934 -0.204761 0.111884 0.010694 0.346691 0.285699 0.461223 0.223327 0.227777 0.307672 -0.155949 -0.123851 0.261404 0.356457 0.289678 0.527838 0.228978 0.438423 0.086326 0.387402 -0.124481 -0.230892 0.098823 -0.154283 -0.225893 -0.181550 0.120279 -0.064452 -0.094940 -0.153526 0.121933 -0.133870 -0.170945 -0.024616 -0.227242 -0.208567 -0.160526 -0.135009 0.064774 -0.016632 0.009592 -0.205838 0.415126 0.471389 -0.289428 -0.217759 0.061269 -0.077548 -0.303245 -0.257423 -0.339898 -0.120760 0.042021 -0.150639 -0.102339 -0.128460 -0.236402 -0.275673 -0.266015 -0.397758 -0.267070 -0.134506 -0.023311 -0.211136 -0.405161 -0.174212 0.004897 -0.100517 -0.468965 -0.312440
0.506507 0.277315 0.492818 -0.436478 0.567626 0.145345 0.498465 0.099754 0.589560 0.128543 0.747745 0.362300 1.000000 0.526935 0.282686 0.297963 0.137742 0.035713 0.062834 -0.084663 -0.255337 -0.258521 -0.272090 -0.322339 -0.267617 -0.412434 -0.191466 -0.339506 0.110026 0.149936 -0.327239 -0.276482 0.443762 0.131509 -0.201079 -0.161842 -0.101765 -0.348572 -0.106840 -0.273598 -0.045712 0.018160 -0.301651 -0.202122 -0.384032 -0.491834 -0.256155 -0.328423 -0.228531 -0.348437 0.247409 -0.073603 0.265141 0.201502 0.304848 0.004788 -0.084814 -0.091102 0.508557 0.174350 0.757750 0.334496 0.452961 0.233414 -0.085712 0.168329 0.041289 -0.268108 0.197265 -0.046305 -0.023957 -0.306495 0.249529 -0.031708 0.187029 0.136712 0.227827 0.077179 -0.308545 -0.022764 -0.101071 0.028691 -0.351974 -0.179171 0.009720 -0.032937 -0.044799 -0.430984 0.289408 0.194204 -0.349411 -0.043042 -0.124032 0.180927 -0.042358 -0.106070 -0.247608 -0.082057 -0.244428 -0.255350 -0.252166 -0.103845 -0.221747 -0.042827 -0.176758 -0.245147 0.077257 0.135006 0.117916 -0.040022 -0.204038 -0.304307 -0.136531 -0.177944 -0.269750 -0.251050
0.253974 0.172323 0.195549 -0.137591 0.338392 0.124418 0.334133 0.183442 0.449547 0.276430 0.560072 0.720744 0.526935 1.000000 0.409997 0.498252 -0.086926 -0.195357 0.048111 -0.307678 0.016952 -0.054466 -0.010875 -0.000450 -0.157075 -0.182114 -0.069554 -0.190501 0.076148 0.094226 -0.263287 -0.200645 0.216230 -0.121983 -0.267015 -0.215822 -0.234779 -0.224356 0.106376 -0.227843 -0.185066 -0.040984 -0.041672 0.022571 -0.293047 -0.384069 -0.012602 -0.073146 0.051830 -0.076627 0.451950 0.222146 0.490453 0.325166 0.520827 0.265145 -0.315437 -0.242746 0.272205 0.143349 0.330338 0.261701 0.090558 0.112267 0.054249 0.389122 -0.084845 -0.230386 0.256568 -0.176580 -0.181423 -0.191290 -0.012653 -0.174730 -0.109326 -0.136534 0.011343 -0.155258 -0.163341 -0.216246 -0.267816 -0.231401 -0.088424 -0.144890 -0.009477 -0.027787 0.017870 -0.165081 0.267993 0.419813 -0.280185 -0.038436 0.029001 0.104514 -0.178777 -0.299815 -0.151825 -0.089948 0.028844 -0.214749 -0.271336 -0.217120 -0.252961 -0.228471 -0.260441 -0.315969 -0.087738 -0.035133 0.087894 -0.132607 -0.260093 -0.070684 0.065098 -0.129557 -0.497043 -0.347438
0.141232 0.001334 0.159783 0.189815 -0.021671 -0.107681 0.118281 0.152904 0.313701 -0.013392 0.470710 0.216544 0.282686 0.409997 1.000000 0.748584 0.189653 -0.113478 0.290171 0.020292 0.225992 0.191191 0.159118 0.195381 -0.334844 -0.108303 -0.011310 0.044185 0.455024 0.207009 0.052571 0.113107 0.234712 0.022263 -0.310726 -0.159049 0.145048 0.103156 0.258706 -0.017298 0.157535 0.245310 -0.119588 -0.171149 -0.400910 -0.480296 -0.166051 -0.171315 -0.131648 -0.308078 0.112892 -0.104278 0.129813 0.073313 0.121029 -0.154348 -0.217465 -0.129650 -0.247494 -0.082267 -0.011543 -0.084007 0.111957 -0.099045 0.133173 0.017413 -0.107673 -0.236602 0.295438 0.043351 0.203837 0.111585 0.174867 0.127257 0.171131 0.128104 -0.000515 -0.217622 0.093686 0.064233 0.004220 0.100515 0.402423 0.348289 0.208075 0.043170 0.098222 -0.079725 0.265736 0.062727 -0.242089 -0.116447 -0.032971 -0.170510 -0.077317 -0.341515 -0.163387 -0.056484 -0.191506 -0.364497 -0.307743 -0.027590 -0.109868 -0.190726 -0.189076 -0.159194 -0.074542 0.038038 -0.133924 -0.184217 -0.190750 -0.086633 -0.074548 -0.282071 -0.201757 -0.088686
0.104130 0.113233 -0.029413 0.274977 -0.081004 0.062026 0.042947 0.164093 0.355512 0.141414 0.296932 0.377766 0.297963 0.498252 0.748584 1.000000 0.274639 0.035413 0.195421 -0.118455 0.117737 0.217034 -0.099562 0.110459 -0.335428 -0.043638 -0.056035 0.026148 0.479073 0.400103 -0.129488 0.040132 0.298558 0.028786 -0.383207 -0.153693 0.103777 0.118551 0.341730 0.042945 0.165924 0.347994 -0.098173 -0.146065 -0.341095 -0.503472 -0.060459 -0.178964 -0.043211 -0.211874 0.170803 -0.013072 0.223419 0.071695 0.235346 0.061330 -0.146522 -0.070567 -0.168621 0.049561 0.008347 0.070257 0.280458 0.153012 0.026114 0.133445 -0.253655 -0.414498 0.309394 0.019509 -0.114510 -0.139569 0.306953 0.006491 0.061228 -0.120491 -0.171692 -0.280751 0.195443 0.074494 0.153326 0.168492 0.349501 0.420159 0.226307 0.192079 0.319839 -0.095546 0.422662 0.213646 -0.336305 -0.365651 0.051772 -0.249201 -0.139467 -0.361513 -0.128162 0.020703 -0.144076 -0.381690 -0.029864 -0.096654 -0.120200 -0.305709 -0.240197 -0.271750 -0.219282 -0.197330 -0.035050 -0.132606 -0.259732 -0.024587 -0.080804 -0.114161 -0.309642 -0.228736
0.421709 0.350320 -0.235311 0.055795 -0.272638 -0.309690 -0.239814 -0.051306 -0.167878 -0.315861 0.054018 -0.064627 0.137742 -0.086926 0.189653 0.274639 1.000000 0.769358 0.394065 0.303762 -0.126209 -0.108297 -0.412683 -0.444860 -0.319736 -0.255030 -0.268513 -0.268949 0.551570 0.617201 -0.052738 -0.016249 0.443471 0.310454 -0.027367 0.013147 0.342894 0.109937 -0.144766 -0.223014 0.302728 0.468233 -0.215431 -0.085442 -0.242978 -0.220847 -0.115991 -0.269518 -0.168295 -0.112019 -0.130365 -0.118879 0.060017 -0.016399 -0.082590 -0.056584 0.610053 0.650227 -0.116880 -0.023326 0.080650 -0.010429 0.386785 0.311983 -0.236732 -0.233436 -0.320408 -0.486620 0.140837 -0.187398 0.089043 -0.068644 0.767482 0.579000 0.490278 0.269253 0.300132 0.082797 0.506951 0.746848 0.767792 0.776129 0.209073 0.268727 -0.109937 -0.143730 0.185546 -0.209869 -0.032727 -0.197541 -0.299839 -0.451720 -0.159886 -0.285527 -0.239543 -0.090247 -0.337389 0.033909 0.185189 0.157711 0.253575 0.186470 -0.015325 -0.166961 -0.103960 -0.178798 -0.019337 -0.225619 -0.255308 -0.026321 -0.160919 0.130452 0.180925 -0.048522 -0.162699 -0.058692
0.430551 0.486747 -0.284287 0.005648 -0.321462 -0.363578 -0.200113 -0.066096 -0.223173 -0.316721 -0.052738 -0.027146 0.035713 -0.195357 -0.113478 0.035413 0.769358 1.000000 0.239062 0.343859 -0.045746 -0.129669 -0.320841 -0.457037 -0.243726 -0.267192 -0.246524 -0.332931 0.461669 0.617452 0.004960 -0.041196 0.444398 0.223751 -0.034905 -0.060936 0.313434 0.073633 -0.146607 -0.149059 0.224904 0.446710 -0.241373 -0.048785 -0.254493 -0.196009 -0.108274 -0.293296 -0.153906 -0.089167 -0.140339 -0.087976 0.070186 -0.035613 -0.093309 -0.023906 0.721963 0.712558 -0.092320 -0.003674 0.121840 0.091065 0.405517 0.526229 -0.191118 -0.244339 -0.371476 -0.518350 0.025488 -0.243776 0.046532 -0.113427 0.695170 0.540213 0.433723 0.183373 0.321952 0.094446 0.481822 0.769265 0.628317 0.673459 0.021629 0.212017 -0.086647 -0.077040 0.149845 0.012419 0.069682 -0.020890 -0.201995 -0.380958 -0.260481 -0.247317 -0.361477 -0.016526 -0.381492 -0.108066 0.193894 0.229833 0.274765 0.217536 -0.092772 -0.220185 -0.231534 -0.215742 -0.152783 -0.105307 -0.292024 -0.124778 -0.198692 0.165945 0.150245 -0.079657 -0.159903 -0.100472
0.429283 0.318747 0.119559 0.384078 -0.174888 -0.376230 0.149749 0.118391 0.013118 -0.249493 0.138878 0.009527 0.062834 0.048111 0.290171 0.195421 0.394065 0.239062 1.000000 0.383412 0.204047 0.016498 0.126666 -0.035941 -0.175758 -0.211812 -0.123427 -0.145278 0.589484 0.383048 0.390058 0.234513 0.209987 0.114422 -0.295454 -0.222099 0.249798 0.013382 0.046828 -0.222762 0.171109 0.282008 -0.133077 -0.089097 -0.431712 -0.355954 -0.221414 -0.189364 -0.269774 -0.228840 -0.149629 -0.134582 0.159331 0.116790 0.133580 -0.067702 0.123164 0.188762 -0.223649 -0.176513 -0.019963 -0.294493 0.183687 0.150090 -0.008605 -0.392043 -0.174360 -0.458897 0.058371 -0.180737 0.361934 0.225334 0.438912 0.398167 0.480496 0.192061 0.352820 0.269752 0.127863 0.383609 0.166624 0.213868 0.214656 0.362441 0.103810 0.156960 0.133563 0.121569 -0.020538 0.182975 -0.061852 -0.014477 -0.004298 -0.138234 -0.232642 -0.184499 -0.309594 -0.051138 0.162018 0.171259 0.089781 0.197773 -0.071781 -0.304442 -0.379988 -0.360434 0.081466 0.069465 0.115969 -0.182662 -0.163333 0.222530 0.029947 -0.066902 -0.237981 -0.098689
0.272578 0.377902 -0.094396 0.359803 -0.101010 -0.330192 0.101492 -0.006476 -0.098767 -0.274974 -0.049025 -0.330096 -0.084663 -0.307678 0.020292 -0.118455 0.303762 0.343859 0.383412 1.000000 0.065113 -0.207713 0.128076 0.152099 -0.189792 -0.298479 -0.078510 -0.150917 0.324983 0.233781 0.140124 0.082058 0.078221 0.201145 -0.193172 -0.100048 0.262835 0.059560 -0.140820 -0.077957 0.358327 0.318243 -0.281989 -0.324563 -0.301115 -0.272709 -0.334659 -0.247570 -0.278649 -0.287082 -0.505727 -0.353568 -0.267518 -0.199634 -0.397849 -0.477086 0.290255 0.350670 -0.408943 -0.247467 -0.046443 -0.211222 0.187043 0.235028 -0.023281 -0.569508 -0.324920 -0.317907 0.008442 0.336348 0.427979 0.103748 0.330757 0.477253 0.536351 0.401118 0.343982 0.265834 0.069746 0.276722 0.273400 0.312740 0.060534 0.346689 0.167886 0.100964 -0.112549 -0.036362 -0.034722 0.011258 0.328715 0.163451 -0.028739 0.046234 -0.117241 -0.030218 -0.363348 -0.187365 0.033811 0.168912 0.215324 0.181035 0.107529 0.012038 -0.015189 0.114934 0.047928 -0.003989 -0.019131 -0.047662 -0.191657 0.140007 0.028067 -0.184300 0.062649 0.073406
-0.237298 -0.137035 0.055916 0.308322 -0.104473 -0.162448 0.040652 0.077263 0.056279 -0.026610 -0.092184 -0.073095 -0.255337 0.016952 0.225992 0.117737 -0.126209 -0.045746 0.204047 0.065113 1.000000 0.502448 0.517926 0.249796 0.309674 0.304705 0.190959 0.137260 0.241534 0.128540 0.745579 0.531469 0.083913 0.158902 0.103502 0.032738 0.187335 0.325842 0.450885 0.289161 0.268637 0.282064 -0.139943 -0.145341 -0.046119 -0.076771 -0.209896 -0.176988 -0.201127 -0.146014 -0.181875 -0.201051 -0.166587 -0.238013 -0.079466 -0.234729 -0.230722 -0.178630 -0.362592 -0.377994 -0.273936 -0.314972 -0.169264 -0.095218 0.374132 0.083056 0.050567 0.027891 -0.166669 -0.203480 0.265517 0.320485 0.030268 0.177323 0.035233 0.076899 0.015463 0.057632 0.098388 -0.002271 -0.107438 -0.048476 0.204533 0.222447 0.215192 0.166722 0.025997 0.378942 -0.072475 0.141984 -0.081808 -0.024866 -0.130434 -0.166028 -0.155207 -0.135381 -0.006315 -0.221966 -0.173357 -0.212825 -0.190330 -0.180665 -0.060877 -0.254748 -0.410686 -0.205718 -0.169041 0.103496 -0.109572 -0.124939 0.117804 0.068121 -0.054671 -0.027387 -0.111485 -0.017758
-0.324821 -0.277406 0.088035 0.143469 -0.049633 0.167122 -0.170023 -0.111316 0.014786 -0.077458 -0.245937 -0.251160 -0.258521 -0.054466 0.191191 0.217034 -0.108297 -0.129669 0.016498 -0.207713 0.502448 1.000000 0.365904 0.152824 0.466502 0.698091 0.576700 0.632477 0.147264 -0.216589 0.241689 0.094598 -0.038527 -0.181976 0.241149 0.097487 0.357037 0.455101 0.565838 0.631631 0.186733 0.226693 -0.010413 0.023209 -0.009937 0.008442 -0.083530 0.088520 -0.113657 -0.134811 0.062322 -0.104124 -0.089383 -0.079190 0.110130 -0.036321 -0.253591 -0.254522 -0.392232 -0.367659 -0.408046 -0.387841 -0.329077 -0.371897 0.260222 0.257942 0.062060 0.270755 0.089033 -0.132185 -0.078850 -0.012066 -0.289157 -0.181027 -0.193217 -0.293282 -0.493744 -0.313211 0.396924 -0.089084 0.009579 0.039380 0.381169 0.190439 0.275855 0.252422 0.259716 0.475168 -0.027643 0.077016 -0.081400 -0.156176 -0.083243 -0.211720 0.183785 -0.020019 0.311261 0.021301 -0.263041 -0.238587 -0.202770 -0.307023 -0.129554 -0.180676 -0.112918 -0.033653 -0.107064 -0.117979 -0.037205 -0.129583 0.288217 0.066534 -0.106829 -0.044362 0.056071 0.142127
-0.205228 -0.277742 0.053799 0.255908 0.060017 -0.012233 0.257893 -0.158343 0.136690 0.022269 0.119078 -0.048983 -0.272090 -0.010875 0.159118 -0.099562 -0.412683 -0.320841 0.126666 0.128076 0.517926 0.365904 1.000000 0.562384 0.421034 0.335177 0.449299 0.340976 0.030470 -0.314143 0.441180 0.222241 -0.251378 -0.158305 0.031132 0.121139 0.144344 0.183674 0.293530 0.146091 0.023714 0.012522 0.134405 0.082296 0.031078 0.095385 -0.035630 0.087396 -0.053004 -0.029583 -0.049095 -0.086272 -0.161300 -0.073398 -0.176082 -0.191638 -0.360423 -0.368188 -0.415108 -0.458138 -0.326259 -0.375182 -0.283016 -0.279928 0.527931 0.063302 -0.013605 0.320240 -0.195599 -0.131964 0.170631 0.164782 -0.354813 -0.021009 0.005859 -0.033173 0.002239 0.021000 -0.069734 -0.233900 -0.370256 -0.300067 0.112352 0.001916 0.375327 0.164277 -0.034917 0.371553 -0.033212 0.188311 -0.013123 0.098672 -0.085359 -0.169876 0.001074 -0.205148 -0.018545 -0.278086 -0.272922 -0.273133 -0.345188 -0.270547 -0.330091 -0.202819 -0.296837 -0.145512 -0.112429 0.194350 -0.071176 -0.320102 0.073321 -0.053008 -0.039792 -0.143670 -0.102816 0.061275
-0.464508 -0.397279 -0.033138 0.448676 0.056179 0.263550 0.288950 0.238004 0.218037 0.430283 -0.005880 0.090962 -0.322339 -0.000450 0.195381 0.110459 -0.444860 -0.457037 -0.035941 0.152099 0.249796 0.152824 0.562384 1.000000 0.125351 0.194726 0.193596 0.116825 -0.009335 -0.188086 0.177536 0.344710 -0.393008 -0.084599 -0.236629 -0.008659 -0.082065 0.052693 0.069456 0.052204 0.039689 0.005344 -0.080423 -0.323165 -0.100063 -0.155810 -0.155185 -0.014257 -0.136453 -0.199815 -0.346084 -0.227455 -0.379242 -0.281846 -0.482950 -0.372817 -0.442464 -0.462015 -0.398710 -0.204689 -0.266909 -0.085491 -0.047989 -0.071055 0.558216 0.012140 0.016406 0.236384 -0.044756 0.361890 0.050395 0.008677 -0.344803 -0.160166 -0.188582 -0.092263 -0.287105 -0.291733 -0.136004 -0.353393 -0.358034 -0.312966 0.260040 0.289272 0.461553 0.307481 -0.175222 0.132941 0.204502 0.185899 0.333565 0.277172 0.412235 0.059552 0.092244 0.039083 0.001273 0.013822 -0.399716 -0.247086 -0.023428 -0.114594 0.018538 0.075997 0.082092 0.287971 -0.148992 0.095411 -0.008362 0.046735 -0.094515 -0.004745 -0.133780 -0.134586 0.127403 0.268967
-0.306458 -0.270991 0.102671 -0.116052 0.257291 0.318780 0.001389 -0.309301 -0.207868 0.133606 -0.194361 -0.257724 -0.267617 -0.157075 -0.334844 -0.335428 -0.319736 -0.243726 -0.175758 -0.189792 0.309674 0.466502 0.421034 0.125351 1.000000 0.799417 0.702677 0.547619 -0.261276 -0.505306 0.271918 0.133463 -0.264807 -0.167087 0.433567 0.036519 0.032400 0.203988 0.292198 0.326057 0.018457 -0.039218 0.037306 0.036708 0.302784 0.307243 -0.081717 0.003041 -0.050852 -0.004070 0.028039 -0.083768 -0.121489 -0.130400 -0.034346 -0.117320 -0.259581 -0.332174 0.015083 -0.217107 -0.220853 -0.251138 -0.328226 -0.359498 0.288635 0.283460 0.321147 0.589045 -0.171160 -0.129810 -0.144387 -0.016397 -0.490255 -0.170073 -0.224572 -0.296839 -0.256400 -0.022364 -0.036294 -0.213340 -0.190869 -0.202963 -0.065254 -0.199386 0.126314 0.117258 -0.090005 0.230207 -0.302362 0.107647 -0.038267 0.021520 -0.109544 0.025829 0.122185 0.173511 0.166186 -0.008292 -0.245899 -0.075919 -0.140820 -0.142659 -0.211421 0.056053 0.014078 0.099440 0.076327 0.067469 0.034144 -0.056141 0.269272 0.039959 0.065050 0.036422 0.108417 0.143941
-0.397696 -0.307411 -0.089101 0.094230 -0.015574 0.439227 -0.285586 -0.210595 -0.240822 0.124790 -0.386547 -0.249764 -0.412434 -0.182114 -0.108303 -0.043638 -0.255030 -0.267192 -0.211812 -0.298479 0.304705 0.698091 0.335177 0.194726 0.799417 1.000000 0.703533 0.738005 -0.155554 -0.409049 0.219109 0.167857 -0.299362 -0.231111 0.334729 0.026632 0.103491 0.378239 0.389862 0.542545 0.044400 0.094574 0.073833 0.070760 0.244063 0.297019 -0.014698 0.094425 0.015771 0.043832 0.046674 0.006471 -0.045826 -0.065529 0.040424 0.006532 -0.213103 -0.282580 -0.184569 -0.121691 -0.475272 -0.291226 -0.396173 -0.419815 0.193696 0.374188 0.181078 0.554982 -0.153884 -0.084616 -0.224570 0.055630 -0.498329 -0.233987 -0.317779 -0.341120 -0.516613 -0.242843 0.212518 -0.202660 -0.114203 -0.123648 0.215906 -0.030326 0.106540 0.173056 0.079617 0.361829 -0.246804 0.120316 -0.057026 -0.146998 0.004424 -0.172886 0.212661 0.088015 0.251204 -0.028753 -0.259095 -0.150002 -0.085823 -0.206708 -0.155799 -0.010055 0.081321 0.107432 -0.066078 -0.091309 -0.062541 -0.176915 0.243591 0.034822 -0.035639 0.020285 0.159583 0.117077
-0.211300 -0.209761 0.245348 0.062884 0.315037 0.331923 0.127736 -0.257892 -0.108309 -0.053995 -0.118043 -0.262500 -0.191466 -0.069554 -0.011310 -0.056035 -0.268513 -0.246524 -0.123427 -0.078510 0.190959 0.576700 0.449299 0.193596 0.702677 0.703533 1.000000 0.808802 -0.175540 -0.565686 0.091102 -0.091873 -0.207117 -0.321674 0.183869 -0.144933 0.124912 0.063898 0.427774 0.439961 0.152662 -0.044195 -0.026653 -0.044183 0.068571 0.059334 -0.166345 -0.061168 -0.156683 -0.205480 0.066890 -0.202926 -0.104703 -0.053304 0.093088 -0.147100 -0.151892 -0.208929 -0.103551 -0.210529 -0.201632 -0.365500 -0.349316 -0.436404 0.272878 0.299408 0.232453 0.457463 -0.076121 0.022956 -0.051447 -0.000347 -0.481141 -0.239944 -0.161215 -0.257527 -0.303074 -0.190704 0.113039 -0.246005 -0.127869 -0.157856 0.154289 -0.060077 0.260094 0.343384 -0.051472 0.327889 -0.125563 0.212946 -0.116256 -0.107759 -0.310963 -0.018733 0.233712 0.043416 0.240133 -0.083576 -0.354324 -0.186375 -0.257463 -0.196626 -0.295372 -0.122816 -0.074580 0.055607 0.014884 0.115757 -0.043658 -0.221486 0.042278 -0.101430 -0.069212 -0.210327 0.109805 0.079765
-0.232737 -0.217588 0.072920 0.164022 0.054356 0.316352 -0.166605 -0.310629 -0.237183 -0.141168 -0.316559 -0.304425 -0.339506 -0.190501 0.044185 0.026148 -0.268949 -0.332931 -0.145278 -0.150917 0.137260 0.632477 0.340976 0.116825 0.547619 0.738005 0.808802 1.000000 -0.273432 -0.602374 0.052640 -0.125760 -0.269476 -0.367695 0.170140 -0.022858 0.108888 0.278506 0.438641 0.542670 0.013525 -0.029544 0.140568 0.099475 0.184418 0.208997 0.037945 0.085177 0.065954 -0.015995 0.122356 -0.021413 -0.023844 0.038001 0.167649 0.027266 -0.067653 -0.112626 -0.155938 -0.116461 -0.395807 -0.375942 -0.463211 -0.532931 0.088260 0.243241 0.183053 0.496895 -0.145347 0.032844 -0.076121 0.013788 -0.521466 -0.329934 -0.210417 -0.296318 -0.364429 -0.236393 0.143159 -0.309969 -0.151087 -0.215854 0.174179 -0.038585 0.172458 0.291402 0.070829 0.412730 -0.154428 0.059731 -0.069801 -0.165662 -0.248398 -0.178781 0.225128 -0.063273 0.299810 -0.057816 -0.152826 -0.155436 -0.087022 -0.177099 -0.133030 -0.040387 0.069468 0.069963 -0.025324 -0.073661 -0.084299 -0.299172 0.106468 -0.062995 -0.086089 -0.132378 0.097953 0.005046
0.359951 0.320930 -0.211419 0.247078 -0.292553 -0.452067 -0.015402 0.085921 0.083888 -0.191511 0.212205 0.039117 0.110026 0.076148 0.455024 0.479073 0.551570 0.461669 0.589484 0.324983 0.241534 0.147264 0.030470 -0.009335 -0.261276 -0.155554 -0.175540 -0.273432 1.000000 0.691763 0.256250 0.260425 0.439796 0.261734 -0.215176 -0.145840 0.485240 0.123847 0.239276 -0.119994 0.447418 0.529637 -0.251180 -0.215597 -0.447714 -0.454022 -0.256384 -0.323079 -0.251955 -0.268619 -0.165387 -0.176747 0.167186 -0.013775 0.000682 -0.172858 0.127517 0.214504 -0.368569 -0.134210 -0.048061 -0.148793 0.447597 0.374942 0.044991 -0.342517 -0.385094 -0.597994 0.288351 -0.121643 0.114062 -0.017969 0.645183 0.428503 0.482828 0.066526 0.171099 0.008865 0.488925 0.570540 0.499266 0.607715 0.451078 0.671361 0.342266 0.261036 0.338663 0.173348 0.233999 0.218109 -0.275549 -0.237910 -0.089468 -0.346949 -0.087131 -0.343293 -0.287965 -0.113614 -0.084729 -0.142143 0.026999 0.030666 -0.127317 -0.471777 -0.486149 -0.401878 -0.127319 -0.153333 -0.047437 -0.218820 -0.314779 0.118649 -0.007121 -0.055489 -0.384342 -0.226385
0.331542 0.477665 -0.328575 0.202408 -0.374916 -0.378900 -0.057822 0.310040 0.080619 -0.012518 0.097457 0.269229 0.149936 0.094226 0.207009 0.400103 0.617201 0.617452 0.383048 0.233781 0.128540 -0.216589 -0.314143 -0.188086 -0.505306 -0.409049 -0.565686 -0.602374 0.691763 1.000000 0.154351 0.320148 0.472557 0.476702 -0.292860 -0.001058 0.172025 -0.049662 -0.118439 -0.326099 0.285072 0.506833 -0.297550 -0.192201 -0.346904 -0.359841 -0.113732 -0.338636 -0.095399 -0.072842 -0.124858 0.024977 0.205464 0.062352 -0.054547 0.007363 0.279131 0.336771 -0.160149 0.061359 0.086726 0.236095 0.512967 0.662640 -0.112070 -0.174453 -0.492589 -0.716252 0.105883 -0.167432 0.117959 0.046545 0.830209 0.541213 0.396181 0.231772 0.279999 0.107876 0.317008 0.594332 0.464193 0.508915 0.194983 0.453300 0.013027 -0.000066 0.232488 -0.095223 0.271499 0.142532 -0.260873 -0.369153 0.001143 -0.334052 -0.329945 -0.184054 -0.431325 -0.045149 0.097678 -0.067003 0.214488 0.023454 -0.037035 -0.333731 -0.337068 -0.397777 -0.156780 -0.184501 -0.177459 -0.038757 -0.274382 0.022900 0.016136 0.068405 -0.286699 -0.186125
-0.152172 -0.066611 -0.001456 0.326426 -0.267149 -0.357227 0.014187 0.169296 -0.144463 -0.187204 -0.194087 -0.213718 -0.327239 -0.263287 0.052571 -0.129488 -0.052738 0.004960 0.390058 0.140124 0.745579 0.241689 0.441180 0.177536 0.271918 0.219109 0.091102 0.052640 0.256250 0.154351 1.000000 0.773731 0.073217 0.356520 0.205123 0.023345 0.228138 0.212192 0.307473 0.190099 0.275254 0.322798 -0.232880 -0.229995 -0.041347 0.020408 -0.295896 -0.299781 -0.315030 -0.189090 -0.329766 -0.264207 -0.201341 -0.206576 -0.158132 -0.340905 -0.070572 -0.053426 -0.325866 -0.346958 -0.271507 -0.272080 -0.084856 -0.033825 0.375563 -0.037758 0.093583 0.056539 -0.325206 -0.169244 0.299608 0.534091 0.130988 0.322226 0.206504 0.251793 0.183473 0.325273 0.054773 0.144267 0.018721 0.047125 0.136470 0.230561 0.234807 0.250274 -0.023115 0.410003 -0.180963 0.088549 -0.006734 0.024946 -0.144564 -0.271724 -0.111356 -0.117695 -0.169171 -0.160595 -0.120587 -0.031179 -0.087206 -0.054826 0.026116 -0.282192 -0.407452 -0.249826 -0.180266 0.184780 -0.117275 -0.214931 0.022380 0.042560 -0.163398 0.020222 -0.039652 -0.016543
-0.292467 -0.094617 -0.022707 0.362767 -0.295859 -0.178851 0.083835 0.503888 -0.049285 0.147816 -0.192037 -0.016775 -0.276482 -0.200645 0.113107 0.040132 -0.016249 -0.041196 0.234513 0.082058 0.531469 0.094598 0.222241 0.344710 0.133463 0.167857 -0.091873 -0.125760 0.260425 0.320148 0.773731 1.000000 0.095333 0.601012 0.116777 0.055318 0.123172 0.096265 0.103885 0.061321 0.281822 0.362719 -0.395558 -0.422557 -0.118754 -0.083127 -0.353262 -0.396520 -0.388325 -0.284682 -0.381943 -0.321574 -0.253300 -0.209190 -0.341013 -0.376974 -0.186274 -0.180265 -0.324171 -0.225802 -0.195140 0.034457 0.071430 0.131689 0.434734 0.084593 0.111485 0.078067 -0.258180 0.031597 0.191659 0.488237 0.191462 0.338137 0.129226 0.267662 0.096601 0.201670 0.024068 0.075561 0.046035 0.064224 0.180674 0.339314 0.240622 0.195581 -0.140589 0.093511 -0.053240 0.028658 0.061487 -0.013889 0.086561 -0.165599 -0.178625 -0.070503 -0.241913 -0.124693 -0.190806 -0.134462 -0.105415 0.064448 0.184004 -0.141576 -0.212952 -0.107042 -0.265275 0.111818 -0.120084 -0.162029 -0.076154 -0.049474 -0.084774 0.006904 0.029354 0.038091
0.473816 0.442019 0.217984 -0.202723 -0.076678 -0.405049 0.122873 0.144891 0.220961 -0.210374 0.326997 0.233363 0.443762 0.216230 0.234712 0.298558 0.443471 0.444398 0.209987 0.078221 0.083913 -0.038527 -0.251378 -0.393008 -0.264807 -0.299362 -0.207117 -0.269476 0.439796 0.472557 0.073217 0.095333 1.000000 0.373050 -0.182572 -0.245965 0.210802 -0.162249 0.026360 -0.213591 0.199527 0.391126 -0.368932 -0.204980 -0.350041 -0.441139 -0.257167 -0.434829 -0.261766 -0.316873 0.005259 -0.176626 0.077018 -0.087197 0.171580 -0.020847 0.188480 0.188246 0.227787 0.225876 0.413597 0.118717 0.513694 0.442310 -0.201388 -0.089067 0.064684 -0.413854 0.040858 -0.152988 0.105980 -0.078111 0.566070 0.347322 0.389776 0.119801 0.345169 0.001917 0.069402 0.332852 0.333672 0.398002 -0.077754 0.183019 0.085121 0.193521 0.013478 -0.236735 0.285273 0.045601 -0.446271 -0.383589 -0.481030 -0.299751 -0.273181 -0.233426 -0.154369 -0.201934 -0.032828 -0.074546 -0.201087 0.003465 -0.140366 -0.243206 -0.381360 -0.407052 0.018687 -0.062615 -0.046973 -0.304746 -0.296116 -0.161421 -0.046347 -0.057926 -0.344565 -0.430154
-0.035124 0.181209 -0.008298 0.057874 -0.010926 -0.229366 0.206082 0.444872 0.205763 0.133344 0.061793 -0.021683 0.131509 -0.121983 0.022263 0.028786 0.310454 0.223751 0.114422 0.201145 0.158902 -0.181976 -0.158305 -0.084599 -0.167087 -0.231111 -0.321674 -0.367695 0.261734 0.476702 0.356520 0.601012 0.373050 1.000000 0.317267 0.314671 0.204235 -0.113022 -0.049831 -0.072052 0.343296 0.378322 -0.484992 -0.464468 -0.170541 -0.167126 -0.422474 -0.461049 -0.522501 -0.373988 -0.467348 -0.466266 -0.278685 -0.171688 -0.323820 -0.443214 0.027022 0.066715 -0.125396 -0.187126 0.315029 0.385365 0.394404 0.463653 0.270041 0.004831 -0.083352 -0.163980 -0.042402 0.114372 0.170533 0.168214 0.474771 0.453294 0.370488 0.414904 0.283769 0.338014 0.041151 0.126695 0.272859 0.309147 0.010003 0.209139 0.125243 0.058695 -0.090114 -0.298387 0.083009 -0.142830 -0.156986 -0.201642 -0.017047 -0.116601 -0.070495 -0.112336 -0.291785 -0.030952 -0.172093 -0.225447 -0.090102 -0.111476 0.171900 -0.146263 -0.148201 -0.146163 -0.117719 -0.075114 -0.132456 -0.085010 -0.109323 -0.190429 -0.013356 -0.127881 -0.031780 -0.055701
-0.381325 -0.284726 -0.074025 -0.241921 0.086490 -0.027760 -0.228969 -0.164514 -0.255451 -0.143813 -0.250524 -0.428167 -0.201079 -0.267015 -0.310726 -0.383207 -0.027367 -0.034905 -0.295454 -0.193172 0.103502 0.241149 0.031132 -0.236629 0.433567 0.334729 0.183869 0.170140 -0.215176 -0.292860 0.205123 0.116777 -0.182572 0.317267 1.000000 0.555452 0.224503 0.269155 0.169125 0.338717 0.071393 -0.125077 0.032021 0.058327 0.380401 0.472945 -0.064104 0.099131 -0.157573 0.026137 -0.084049 -0.166225 -0.225201 -0.055470 -0.098048 -0.187047 -0.077889 -0.053342 -0.100199 -0.379235 -0.046088 -0.001900 -0.237652 -0.256522 0.211280 0.216046 0.148599 0.449546 0.122159 -0.182871 -0.078018 0.076809 -0.177280 -0.063270 -0.148155 0.014210 -0.133416 0.261366 0.138755 -0.086697 0.110821 0.093967 -0.055668 -0.268721 -0.040211 -0.257856 0.025347 0.057389 -0.296930 -0.335335 -0.050045 0.005102 -0.050556 0.093498 0.205215 0.129963 0.139383 0.207755 -0.017360 -0.054241 -0.151376 -0.197432 0.081590 0.090797 0.150947 0.126746 0.112039 -0.009662 -0.010480 0.128711 0.433301 -0.140400 0.069341 0.065045 0.203957 0.217609
-0.397938 -0.249866 -0.219058 0.026377 0.005109 0.060933 -0.175821 -0.073117 -0.022555 0.011413 -0.132087 -0.192025 -0.161842 -0.215822 -0.159049 -0.153693 0.013147 -0.060936 -0.222099 -0.100048 0.032738 0.097487 0.121139 -0.008659 0.036519 0.026632 -0.144933 -0.022858 -0.145840 -0.001058 0.023345 0.055318 -0.245965 0.314671 0.555452 1.000000 0.162982 0.221220 -0.027785 0.229310 -0.144151 -0.085533 0.091164 0.111227 0.211197 0.313433 0.115993 0.292417 0.019540 0.173568 -0.090733 0.025048 -0.218618 0.136001 -0.268469 -0.004515 -0.144369 -0.086690 -0.310409 -0.344960 -0.193444 0.099809 -0.254049 -0.142078 0.266276 0.170951 -0.211404 0.272306 0.282786 -0.120482 -0.064994 0.025524 -0.065369 -0.055189 -0.162035 0.048811 -0.200439 0.143813 0.219770 -0.112843 0.093108 0.076068 0.021054 -0.122830 -0.088690 -0.332183 0.062897 -0.016484 -0.058904 -0.326716 0.050258 -0.076460 0.188608 -0.133550 0.116418 -0.014588 0.149586 0.262956 0.036138 -0.246267 -0.106006 -0.261107 0.003453 0.082006 0.198064 0.135874 0.016480 -0.225840 -0.210756 0.220298 0.508709 -0.211994 0.036481 0.066487 0.197582 0.394185
