1.000000 0.280375 -0.080666 -0.188007 -0.222614 0.100234 -0.118976 -0.343335 -0.235784 -0.061174 0.472859 0.246258 0.407577 0.259314 -0.129846 0.178690 0.328154 0.122429 0.332060 0.178364 -0.094435 -0.268309 -0.387053 -0.296700 -0.506386 -0.355103 -0.009946 -0.071123 0.217040 -0.041508 -0.233463 -0.256698 0.258060 0.001204 -0.105056 -0.382361 0.395997 0.032505 -0.110465 0.212754 0.125927 0.087067 -0.159354 -0.187888 -0.499289 -0.380099 -0.231102 -0.307462 -0.009502 -0.162370 -0.235141 -0.223699 -0.058001 -0.123927 0.203364 -0.024186 0.365494 -0.121096 0.402216 0.295296 0.527104 0.082340 0.521066 0.300470 -0.392914 -0.294135 0.054117 -0.192706 0.117371 -0.411676 -0.205148 -0.186146 0.038649 0.186366 0.346012 0.187875 0.319414 0.082784 0.160112 0.020982 0.066026 0.124341 -0.225887 0.056181 -0.374548 -0.027849 -0.152816 0.135983 0.151842 -0.053355 0.103274 0.029024 -0.321090 -0.152268 -0.045276 -0.266739 0.160156 0.020953 -0.094461 0.455281 0.074038 0.215027 0.023570 0.340335 -0.298549 0.044039 0.080256 -0.083528 -0.360160 0.340263 -0.264967 0.141686 -0.059908 -0.109144 0.056898 -0.183373
0.280375 1.000000 -0.367730 0.073101 -0.150927 0.098660 -0.409448 -0.086882 -0.290291 0.164016 0.067441 0.207916 -0.142036 0.118252 -0.019807 -0.004677 0.148385 0.617008 -0.025391 0.190843 0.097673 -0.090486 -0.205328 -0.390967 0.038435 -0.115972 0.049905 -0.238680 -0.185385 -0.102481 -0.376664 -0.225573 -0.171380 -0.092036 -0.345569 -0.072885 0.008951 0.006046 -0.342204 0.003138 0.019606 0.141367 -0.276285 -0.242497 -0.090519 -0.223031 0.091004 -0.136977 -0.020883 0.123356 -0.068308 0.273865 0.131090 0.070515 0.017050 0.068576 0.396081 0.640396 0.085814 0.394572 -0.100148 0.373321 0.221487 0.678762 -0.169846 -0.018101 -0.188541 -0.318150 0.149804 0.113992 -0.197702 -0.417437 -0.001970 0.142586 -0.033353 -0.024470 -0.167451 -0.389191 -0.024219 0.047251 0.109123 0.083325 -0.119014 -0.283218 -0.030909 -0.080634 0.013082 -0.198772 0.323242 0.126363 0.254830 -0.391173 -0.193599 -0.345110 -0.030960 -0.364116 0.097186 -0.065596 0.462229 -0.051354 0.023431 0.037101 0.147437 0.071309 -0.151801 -0.046647 -0.105849 0.013865 -0.268123 0.156694 -0.237495 0.327209 -0.059125 0.016312 0.057196 0.077113
-0.080666 -0.367730 1.000000 -0.275491 0.386439 -0.265679 0.650932 -0.029954 0.501620 -0.181546 -0.006873 -0.514473 0.163145 -0.389214 0.152920 -0.465559 -0.401018 -0.380336 0.314055 -0.141493 -0.092513 -0.099130 0.367313 -0.105390 0.011545 -0.046592 -0.105051 0.115541 0.027866 -0.110618 0.210176 -0.028293 0.017619 0.224459 0.420321 0.153150 -0.052222 -0.323850 0.273645 -0.210053 -0.157342 -0.041647 0.309442 0.217263 0.298732 0.107740 -0.029923 0.087474 0.165507 0.057526 0.137410 -0.133444 0.113968 -0.063733 -0.045446 0.152087 -0.315640 -0.301559 0.240734 -0.069471 0.209301 -0.251627 -0.338002 -0.324000 0.229479 -0.207875 0.281743 0.151227 -0.262732 -0.250316 0.124920 0.089666 -0.115689 0.059209 0.176815 0.086258 0.117943 0.193010 -0.032224 -0.262949 -0.313419 -0.302814 -0.067719 -0.199152 -0.198985 -0.261315 -0.000446 -0.107291 -0.081189 -0.201444 0.009714 0.417826 -0.066019 0.381822 -0.034644 -0.034915 0.039263 -0.099969 -0.017638 0.128502 -0.117272 -0.012877 0.017988 -0.012548 -0.014232 0.082860 0.104712 -0.115595 0.029084 0.068331 0.362561 -0.021905 -0.033212 -0.242635 -0.011442 -0.082681
-0.188007 0.073101 -0.275491 1.000000 0.089609 0.281598 -0.259102 0.545852 -0.046160 0.255371 -0.078463 0.241185 -0.305557 0.373222 0.023068 0.304547 -0.082355 -0.043819 -0.355562 -0.294296 0.054795 0.138217 -0.038429 0.149746 0.310921 0.378971 0.211399 0.224341 -0.397167 -0.166928 -0.257855 -0.098575 -0.188424 -0.046866 -0.084304 0.014199 -0.247891 0.024132 -0.304615 -0.071431 -0.238657 0.021835 -0.228721 -0.046585 -0.079299 0.230564 -0.058933 0.103597 -0.184651 -0.209189 0.133063 0.069070 -0.020472 -0.214041 0.132193 0.104304 -0.179488 -0.117119 -0.067672 0.278569 -0.293026 0.236490 -0.066735 -0.077293 0.052351 0.486516 0.084822 0.180576 0.051915 0.200657 -0.140368 -0.059108 -0.174324 -0.254533 -0.383635 -0.196792 -0.389331 -0.271579 -0.443453 -0.115465 -0.147425 -0.300423 0.133495 -0.048981 0.225991 0.003360 -0.076474 0.171233 0.211403 0.350888 0.089350 -0.264170 0.295121 -0.056981 0.083000 0.077266 -0.052997 0.081834 -0.023078 -0.317313 0.060715 -0.253313 0.097498 -0.090689 0.163457 -0.070880 0.156468 0.119079 0.034853 -0.226617 0.026334 -0.155547 -0.095945 0.100117 -0.170372 -0.037118
-0.222614 -0.150927 0.386439 0.089609 1.000000 0.102539 0.366350 0.193986 0.676697 0.292049 -0.021810 -0.148325 -0.010523 0.095308 0.136372 -0.147499 -0.302300 -0.278593 -0.111721 -0.038183 0.037181 0.087724 0.044726 -0.151434 0.022925 -0.252802 0.071297 0.005019 -0.227242 -0.042845 -0.158621 -0.148453 -0.046006 -0.012678 0.041800 0.077807 -0.173218 -0.220806 0.249290 -0.092491 -0.349229 -0.268040 -0.103208 -0.080821 0.039140 0.117143 -0.115913 -0.074109 -0.060962 0.010998 0.025211 -0.090156 0.200102 0.074938 0.040435 0.039400 -0.430426 -0.163958 0.061944 0.087964 0.159011 0.227368 -0.263373 -0.071234 0.241042 0.188913 0.122331 -0.059601 -0.163138 0.110523 -0.040168 -0.108160 -0.097601 -0.139602 -0.114090 -0.099007 -0.168824 -0.098109 -0.319960 -0.103540 -0.315504 -0.392417 -0.089432 -0.264323 -0.009717 -0.126501 -0.155018 -0.132786 -0.143470 0.188996 0.094663 0.271663 0.220374 0.278569 -0.002863 -0.008393 0.006029 0.025618 -0.035597 0.055481 -0.032178 0.140432 0.052836 0.205247 0.396072 0.179340 0.203795 0.168218 0.116781 -0.099188 0.218966 -0.072662 -0.043911 -0.241717 0.066384 0.042265
0.100234 0.098660 -0.265679 0.281598 0.102539 1.000000 -0.190660 0.093137 -0.148972 0.101072 0.333188 0.395466 0.087785 0.453718 0.119710 0.532958 0.213018 -0.044192 -0.442218 -0.318709 -0.015957 0.219412 -0.239861 -0.090044 -0.032511 0.060545 0.247907 0.209660 -0.137174 0.013056 -0.178320 -0.063766 -0.192480 -0.163527 -0.260039 -0.058837 0.044407 0.231731 0.218048 0.241775 -0.127048 -0.059229 -0.293531 -0.122436 -0.326325 -0.053567 -0.195410 -0.267531 -0.178921 -0.215704 -0.019571 -0.077851 0.123559 -0.009971 0.220472 0.095071 -0.020544 -0.028631 0.116115 0.202185 0.054085 0.234848 0.144940 0.061328 -0.162844 0.289074 0.042782 0.050093 -0.061555 -0.100419 -0.064262 -0.051004 -0.285548 -0.056751 -0.309380 -0.066975 -0.043687 -0.160893 -0.070913 0.082689 -0.137032 -0.259120 0.085811 -0.092566 -0.095470 0.028195 0.149820 -0.026724 0.064295 0.255145 0.011447 -0.069200 0.071630 -0.045484 -0.019592 -0.017442 0.053161 -0.052711 -0.252605 -0.179709 0.017655 0.089615 0.062091 0.172644 0.138230 0.118004 -0.052549 0.018640 -0.214124 -0.007838 -0.178649 -0.071848 -0.095495 -0.113678 -0.063487 -0.201058
-0.118976 -0.409448 0.650932 -0.259102 0.366350 -0.190660 1.000000 0.176025 0.502554 0.131802 0.044042 -0.399693 0.321179 -0.137405 -0.122430 -0.330846 -0.254245 -0.298282 0.317080 0.001832 -0.219310 -0.202774 0.161542 -0.200982 -0.243970 -0.220102 -0.354503 -0.144568 0.319966 0.202863 0.277770 0.204386 0.353658 0.422218 0.286373 0.201046 0.067953 -0.258260 0.112751 -0.167899 -0.220365 -0.069292 0.326392 0.216333 0.296165 -0.004358 0.088256 0.177990 0.189793 -0.008862 -0.020494 -0.233776 -0.062842 0.097677 -0.261671 0.024418 -0.356640 -0.344545 0.005392 -0.194607 0.155885 -0.259164 -0.311656 -0.259847 0.135812 -0.245239 0.067427 0.098245 -0.430870 -0.376499 0.053823 0.034269 0.107792 0.217053 0.270122 0.233522 0.177281 0.213828 0.077397 -0.096604 -0.078159 -0.129697 -0.256679 0.131367 -0.332791 -0.462665 -0.276365 -0.291132 -0.320940 -0.397028 0.070742 0.475565 -0.166943 0.185068 0.011191 -0.030393 0.153399 -0.173404 0.007152 0.267188 0.064546 -0.011657 0.169735 -0.116666 -0.054305 0.031914 -0.088221 -0.235682 0.298732 0.067130 0.300286 -0.001763 -0.064332 -0.204459 0.253894 0.064606
-0.343335 -0.086882 -0.029954 0.545852 0.193986 0.093137 0.176025 1.000000 0.319132 0.604537 -0.396194 0.042023 -0.272318 0.265300 -0.319925 -0.139514 -0.147636 0.030346 -0.081473 -0.231951 -0.205582 -0.040676 -0.229059 -0.181201 -0.066307 0.013399 -0.306643 -0.244207 -0.076361 0.172909 -0.066821 0.167297 0.002774 0.209871 -0.084989 -0.009782 -0.219053 -0.210410 -0.361514 -0.301111 -0.350596 0.026603 -0.082809 -0.127690 0.113162 0.211845 0.061921 0.044235 0.147016 -0.018480 0.104779 -0.009933 -0.144331 -0.192413 -0.318205 -0.146953 -0.215597 -0.085177 -0.018062 0.189414 -0.209428 0.333627 -0.115045 0.076970 0.119531 0.394137 -0.074141 0.052881 -0.152574 0.110281 -0.172493 -0.038298 0.038301 -0.121649 -0.254369 -0.065798 -0.276780 -0.109226 -0.262310 -0.177006 0.057380 -0.161358 -0.078302 0.028475 0.146051 -0.366331 -0.160920 -0.213331 -0.071483 -0.032601 0.103485 -0.008984 0.201571 -0.075865 0.261028 -0.018721 0.167760 0.025319 0.057221 -0.055080 0.134740 -0.245962 0.143102 -0.154580 0.080769 0.023748 0.016827 -0.048912 0.242259 -0.189932 -0.102217 -0.034167 -0.038443 -0.045757 -0.078939 0.100422
-0.235784 -0.290291 0.501620 -0.046160 0.676697 -0.148972 0.502554 0.319132 1.000000 0.444639 -0.143645 -0.215860 0.074163 0.022887 0.050490 -0.304941 -0.225272 -0.172676 0.103134 0.018282 -0.150100 -0.055149 0.115686 -0.081937 -0.087870 -0.325284 -0.232775 -0.194185 -0.013745 0.096642 0.074252 0.093796 0.003087 0.146348 0.043807 0.132304 -0.047293 -0.367579 0.057838 -0.124456 -0.406421 -0.257622 -0.033548 -0.055761 0.211636 0.206987 0.035005 0.053033 -0.049183 0.113463 -0.023390 -0.050284 0.061350 0.085722 -0.206309 -0.004410 -0.310310 -0.142868 0.057441 -0.049646 0.061546 0.143355 -0.401893 -0.115065 0.298647 0.036424 0.027511 -0.122106 -0.040200 0.058351 -0.135482 -0.146241 -0.043826 -0.001172 0.074424 -0.038656 -0.062584 -0.127629 -0.028471 -0.120869 -0.055476 -0.208040 -0.223937 -0.086910 0.024995 -0.263636 -0.134548 -0.211797 -0.222026 -0.041645 0.123927 0.226591 0.179983 0.253820 -0.072069 -0.050917 -0.035035 0.021404 -0.024762 0.212956 -0.042183 -0.055222 0.092570 -0.003085 0.154186 0.062240 0.046347 -0.031509 0.076226 -0.023217 0.107431 0.090480 -0.040894 -0.190150 -0.025896 -0.004563
-0.061174 0.164016 -0.181546 0.255371 0.292049 0.101072 0.131802 0.604537 0.444639 1.000000 -0.301563 0.247099 -0.041244 0.451866 -0.416011 -0.073627 0.032202 0.203867 0.021176 0.083255 -0.250590 -0.156456 -0.476394 -0.404028 -0.357567 -0.448239 -0.463324 -0.591955 0.028964 0.244857 -0.231342 0.165158 0.097984 0.177587 -0.424966 0.048054 0.063749 -0.157674 -0.366482 -0.101933 -0.237483 -0.025560 -0.161643 -0.356871 0.035849 -0.018440 -0.014757 0.015784 0.055778 0.146683 -0.310334 -0.028892 -0.221200 -0.068196 -0.447069 -0.157280 -0.020089 -0.012470 0.031149 0.294465 -0.151724 0.506753 -0.057670 0.238160 -0.055609 0.213604 -0.251323 -0.216983 -0.090780 0.216539 -0.320846 -0.179223 0.050903 -0.105609 -0.096230 -0.109527 -0.156696 -0.289054 -0.061148 -0.089773 0.295384 0.060194 -0.265128 0.076955 -0.000280 -0.447112 -0.277564 -0.345594 -0.143291 -0.037778 0.414894 0.055808 0.127558 0.036820 0.218692 -0.252604 0.104644 0.120440 0.165126 0.145884 0.315340 0.041393 0.228111 0.100446 -0.009285 0.208153 -0.089977 0.031123 0.196274 -0.044035 -0.162908 0.073889 -0.200358 -0.193978 0.010184 0.091518
0.472859 0.067441 -0.006873 -0.078463 -0.021810 0.333188 0.044042 -0.396194 -0.143645 -0.301563 1.000000 0.316368 0.628168 0.338118 0.411189 0.413855 0.315362 -0.047392 -0.058738 -0.038784 0.084277 -0.001122 0.073461 0.157776 -0.162275 -0.039672 0.299782 0.271407 0.261504 0.183519 0.036750 -0.191218 0.178211 -0.108547 -0.078119 -0.346670 0.184358 0.210436 0.281062 0.298730 0.002118 0.159306 -0.225701 0.134695 -0.480231 -0.289501 -0.121609 -0.310620 -0.139713 -0.321738 -0.158821 -0.146690 0.028656 -0.091604 0.377633 0.251044 -0.047777 -0.176199 0.106335 0.159079 0.431897 -0.012204 0.329688 0.085917 -0.220458 -0.293919 0.073325 0.010751 -0.165869 -0.530320 0.051607 -0.033898 0.021835 0.306948 0.336884 0.323468 0.286046 0.126305 0.068651 0.197556 -0.147933 -0.104571 0.030565 -0.071293 -0.325038 0.012362 0.054531 0.109923 -0.006399 0.106717 -0.305278 -0.080357 -0.317839 -0.248354 -0.327053 0.054820 0.047582 -0.182781 -0.343229 0.085281 -0.134180 0.037317 -0.094066 -0.078163 -0.252224 -0.297828 -0.101020 -0.092566 -0.333066 0.194246 -0.129027 -0.108465 0.066002 -0.030832 -0.036529 -0.068032
0.246258 0.207916 -0.514473 0.241185 -0.148325 0.395466 -0.399693 0.042023 -0.215860 0.247099 0.316368 1.000000 0.201017 0.742301 -0.116121 0.627866 0.424470 0.323106 -0.278806 0.001435 0.017482 0.030336 -0.515309 -0.025031 -0.241044 -0.171388 -0.063434 -0.163042 0.182269 0.273312 -0.208213 -0.056764 0.024431 -0.112017 -0.404414 -0.188910 0.220219 0.400536 -0.128591 0.350049 -0.062436 0.242124 -0.202644 0.016728 -0.441188 -0.183242 0.025309 -0.117087 -0.151344 -0.120837 -0.357600 0.045897 -0.159208 -0.085323 0.056460 0.129470 0.234735 0.112367 -0.072796 0.182965 -0.071036 0.401675 0.398082 0.221155 -0.516435 0.115444 -0.297886 -0.204811 -0.021249 0.080774 -0.155224 -0.017201 0.168124 0.058629 -0.070536 0.239617 0.201628 0.016557 0.090568 0.149727 0.411582 0.171638 -0.113450 0.095172 -0.237270 -0.086582 -0.083926 0.092542 -0.215699 0.110388 -0.021609 -0.149523 0.132518 -0.238089 0.008144 0.114516 0.126182 0.175622 -0.039493 0.136101 0.136555 0.072884 -0.002467 -0.096122 -0.164010 -0.107348 -0.197197 -0.021467 -0.142964 0.047548 -0.344700 0.065154 0.130163 0.054986 -0.184316 -0.078182
0.407577 -0.142036 0.163145 -0.305557 -0.010523 0.087785 0.321179 -0.272318 0.074163 -0.041244 0.628168 0.201017 1.000000 0.372105 0.022136 0.251436 0.194788 0.000887 0.074966 0.022136 0.003038 0.067221 -0.236287 -0.154869 -0.502994 -0.314792 -0.220965 -0.190410 0.660811 0.452552 0.194930 0.065684 0.393732 0.157891 -0.138636 -0.182725 0.128374 0.102446 0.131004 0.178996 0.034023 0.186191 -0.145318 0.014141 -0.344509 -0.505179 -0.148663 -0.013999 -0.069417 -0.265360 -0.427879 -0.311790 -0.114000 -0.048226 -0.109359 0.154022 -0.168751 -0.323695 0.182648 0.188454 0.434832 -0.127117 0.359313 -0.036134 -0.446628 -0.561075 -0.031877 -0.241107 -0.142539 -0.446693 0.156312 0.142859 0.330510 0.344279 0.464886 0.390899 0.369223 0.224801 0.294396 0.165583 0.100862 0.164034 -0.042183 0.182832 -0.590292 -0.331086 -0.242582 0.080455 -0.323342 -0.251100 -0.189274 0.188891 -0.294197 0.021054 -0.031910 -0.007637 0.191501 0.169240 -0.334225 0.240816 0.009331 0.138526 -0.020626 -0.080445 -0.192007 -0.108026 0.027084 0.056446 -0.075135 0.043635 0.102274 0.060977 -0.043892 0.044536 -0.097500 -0.020615
0.259314 0.118252 -0.389214 0.373222 0.095308 0.453718 -0.137405 0.265300 0.022887 0.451866 0.338118 0.742301 0.372105 1.000000 -0.232076 0.564325 0.304809 0.144156 -0.219844 -0.125933 -0.003306 0.118678 -0.592133 -0.128643 -0.420204 -0.239006 -0.160463 -0.144166 0.218165 0.323196 -0.291422 -0.054178 0.182706 -0.048244 -0.430729 -0.224100 0.139298 0.326376 -0.131106 0.317500 -0.121134 0.089246 -0.382852 -0.195205 -0.494411 -0.227937 -0.245802 -0.205596 -0.071244 -0.264717 -0.311540 -0.123210 -0.063591 -0.147511 0.013538 0.062952 -0.020481 -0.128546 0.111471 0.387322 0.035813 0.457087 0.316266 0.121684 -0.451123 0.217443 -0.149985 -0.108743 0.019803 -0.069190 -0.210116 -0.095017 0.151032 -0.043620 -0.078286 0.091732 -0.031461 -0.033980 0.014467 0.010123 0.187782 0.002471 -0.150096 0.080089 -0.298243 -0.239212 -0.256858 0.099253 -0.214799 0.172657 -0.016743 -0.146782 0.090609 -0.157995 0.046546 0.031472 0.145638 0.210851 -0.128155 0.169897 0.201281 0.101646 0.033043 0.023880 -0.083357 0.045728 -0.012673 0.047097 -0.156161 0.041357 -0.291247 0.008674 0.012243 0.064457 -0.048230 0.045034
-0.129846 -0.019807 0.152920 0.023068 0.136372 0.119710 -0.122430 -0.319925 0.050490 -0.416011 0.411189 -0.116121 0.022136 -0.232076 1.000000 0.123335 -0.091770 -0.174557 -0.180636 0.015277 0.298828 0.177203 0.595407 0.507997 0.461782 0.146182 0.653730 0.467810 -0.262721 -0.146035 0.007625 -0.250664 -0.299481 -0.270154 0.158679 -0.007325 -0.265846 -0.213740 0.358849 0.002012 -0.034067 -0.053267 -0.209707 0.067216 -0.079580 -0.002167 0.005354 -0.160569 -0.330640 -0.133136 0.220475 -0.000446 0.250908 -0.043591 0.300332 -0.107392 -0.152162 0.084228 0.112985 -0.069484 0.230922 -0.185767 -0.014033 0.075568 0.527859 -0.198823 0.038672 -0.007815 -0.137002 -0.119814 0.130484 -0.079556 -0.215481 0.022601 0.063666 0.059727 -0.146913 -0.191242 -0.163360 0.059818 -0.342578 -0.230790 0.262094 -0.202785 0.327952 0.417238 0.462353 0.054464 0.359999 0.337468 -0.195160 -0.210861 -0.010822 -0.105331 -0.407169 0.157105 -0.402908 -0.309681 -0.282572 -0.373225 -0.423300 -0.231611 -0.238004 -0.154737 -0.058491 -0.315859 -0.025913 -0.018793 -0.471059 -0.086893 0.041601 -0.232299 -0.039395 -0.148409 -0.340497 -0.312657
0.178690 -0.004677 -0.465559 0.304547 -0.147499 0.532958 -0.330846 -0.139514 -0.304941 -0.073627 0.413855 0.627866 0.251436 0.564325 0.123335 1.000000 0.240901 -0.097953 -0.418140 -0.168079 0.225854 0.309801 -0.162409 0.174733 0.077412 0.231555 0.209038 0.171971 0.148129 0.075563 0.014939 0.127030 -0.067990 -0.185055 -0.197455 -0.136321 0.068968 0.386986 0.167932 0.374912 0.011287 0.009408 -0.250994 -0.054692 -0.399427 -0.201179 -0.142693 -0.077408 -0.257679 -0.311764 -0.202818 -0.154254 -0.037402 -0.073585 0.189180 0.033432 0.001661 -0.149140 -0.016165 -0.023292 -0.036796 -0.009794 0.219071 -0.146341 -0.322013 0.065801 -0.138828 -0.033730 0.037904 -0.034292 0.219578 0.184839 0.019363 -0.038049 -0.125468 0.062097 0.097761 0.047614 -0.025651 0.123252 0.061988 -0.088221 0.050068 0.239453 -0.201268 0.101129 -0.158879 0.236474 -0.086732 0.177504 0.010797 -0.165995 0.088785 -0.120752 0.033055 0.181508 -0.006081 0.173616 -0.247865 -0.071748 0.079780 -0.019551 -0.062654 0.012353 -0.085577 0.002518 0.018517 0.008671 -0.164867 0.009858 -0.138806 -0.121686 0.026393 0.039850 -0.079195 -0.087819
0.328154 0.148385 -0.401018 -0.082355 -0.302300 0.213018 -0.254245 -0.147636 -0.225272 0.032202 0.315362 0.424470 0.194788 0.304809 -0.091770 0.240901 1.000000 0.372870 -0.137115 0.170517 -0.101419 -0.159314 -0.295829 -0.014297 -0.316389 -0.260220 -0.059075 -0.109784 0.224003 0.213518 -0.075921 -0.127781 0.268986 0.070134 -0.291785 -0.240906 0.322402 0.260628 -0.189798 0.063394 -0.033855 0.254346 -0.165438 -0.011431 -0.289718 -0.156148 -0.017946 -0.184065 -0.245662 0.044326 -0.306952 0.046851 -0.156070 0.082847 0.060744 0.045753 0.462951 0.239999 -0.173920 0.021500 -0.040834 0.136444 0.343499 0.167907 -0.440513 -0.037171 -0.076876 -0.109862 0.276039 0.037370 -0.144414 -0.186044 0.073031 0.175566 0.166067 0.113235 0.192044 -0.083464 0.561823 0.318795 0.552398 0.387723 -0.302262 -0.019264 0.060151 0.072044 0.021591 -0.085098 -0.003372 -0.063711 -0.123432 -0.293515 -0.144744 -0.306326 -0.189498 -0.031950 0.087871 0.008061 -0.154732 0.108660 -0.086545 0.135185 0.144018 -0.158113 -0.219601 -0.264668 -0.204798 -0.102043 -0.173019 0.180439 -0.468045 -0.055064 -0.054408 -0.025918 -0.022049 0.032985
0.122429 0.617008 -0.380336 -0.043819 -0.278593 -0.044192 -0.298282 0.030346 -0.172676 0.203867 -0.047392 0.323106 0.000887 0.144156 -0.174557 -0.097953 0.372870 1.000000 -0.115513 0.128313 -0.074364 -0.092263 -0.265304 -0.319304 -0.155012 -0.192838 -0.229300 -0.461091 0.148644 0.261601 -0.097924 0.093557 0.055406 0.190882 -0.365875 0.010363 0.089190 0.089877 -0.339311 0.122243 0.030586 0.320403 -0.242168 -0.143285 -0.078338 -0.191289 0.215623 -0.066471 -0.172243 0.039385 -0.233340 0.139045 -0.256589 -0.042042 -0.170235 0.096029 0.422325 0.568870 -0.178426 0.152034 -0.209871 0.309851 0.323397 0.526292 -0.329470 -0.093285 -0.323569 -0.476087 0.084319 0.101006 -0.183559 -0.208346 0.307561 0.276717 0.077579 0.126379 0.006263 -0.257765 0.255126 0.376328 0.520741 0.481388 -0.165678 -0.094198 0.041507 -0.174788 0.169971 -0.237809 0.167139 -0.163821 -0.034505 -0.340002 -0.150333 -0.307586 0.127757 -0.114597 0.360761 0.056146 0.319482 0.022767 0.046335 -0.060503 0.229604 -0.257438 -0.194632 -0.212034 -0.121047 -0.097229 -0.000836 -0.067795 -0.268315 0.342665 0.021217 0.010719 -0.131530 -0.033378
0.332060 -0.025391 0.314055 -0.355562 -0.111721 -0.442218 0.317080 -0.081473 0.103134 0.021176 -0.058738 -0.278806 0.074966 -0.219844 -0.180636 -0.418140 -0.137115 -0.115513 1.000000 0.409669 -0.151495 -0.378763 -0.053609 -0.157388 -0.306024 -0.288852 -0.292411 -0.228881 0.279826 0.161112 0.158566 0.085615 0.376544 0.352988 0.322153 0.086606 0.227427 -0.180742 -0.098333 -0.044370 0.205652 0.026079 0.274813 0.090973 0.160799 -0.002151 0.048413 -0.028510 0.118146 0.157144 -0.281466 -0.305846 -0.157901 0.067073 -0.171730 -0.165043 -0.024372 -0.172449 0.023107 -0.045704 0.171928 -0.284653 0.049620 0.094775 0.015835 -0.396796 0.033272 0.092483 -0.106883 -0.349872 -0.179941 -0.077415 0.198221 0.116245 0.261040 0.156581 0.244387 0.181586 0.173325 -0.098181 0.033053 0.057311 -0.077845 0.226266 -0.328584 -0.264574 -0.213907 -0.193384 -0.223591 -0.424076 0.136281 0.319003 -0.188065 0.053934 -0.070413 -0.028547 0.036817 -0.095212 0.037980 0.413480 0.196369 0.133485 -0.007110 0.132623 -0.245901 0.134790 0.041140 -0.207224 0.023648 0.261759 0.000375 0.219489 -0.081223 -0.078667 0.197366 0.078923
0.178364 0.190843 -0.141493 -0.294296 -0.038183 -0.318709 0.001832 -0.231951 0.018282 0.083255 -0.038784 0.001435 0.022136 -0.125933 0.015277 -0.168079 0.170517 0.128313 0.409669 1.000000 -0.005029 -0.340443 -0.061600 -0.075914 -0.061664 -0.336169 -0.054484 -0.330129 0.081758 0.004300 -0.016343 -0.141734 0.207635 0.128280 -0.061264 -0.016475 0.065391 -0.176921 -0.141985 -0.197701 -0.057660 -0.130753 0.195448 0.007268 0.076114 -0.096805 0.133907 -0.005382 -0.094650 0.152135 -0.251817 -0.185617 -0.069409 0.129152 -0.202547 -0.370234 0.139319 0.166474 -0.137724 0.009123 0.074749 -0.093152 0.076368 0.299438 0.033343 -0.361237 -0.043700 -0.087215 0.080502 0.213298 -0.143633 -0.254541 0.264817 0.143125 0.367063 0.106712 0.173037 -0.100284 0.122635 -0.034416 0.206906 0.165837 -0.223859 0.131492 0.039092 0.042315 -0.113156 -0.045177 -0.219757 -0.209100 0.189257 0.234304 0.063526 0.053978 -0.148784 -0.131843 -0.231674 -0.114221 0.151961 0.349598 0.067021 0.099007 0.050935 -0.007977 -0.057464 -0.147669 -0.063202 0.005131 0.007918 -0.075689 -0.148765 0.166855 0.017160 -0.025988 0.024361 -0.040994
-0.094435 0.097673 -0.092513 0.054795 0.037181 -0.015957 -0.219310 -0.205582 -0.150100 -0.250590 0.084277 0.017482 0.003038 -0.003306 0.298828 0.225854 -0.101419 -0.074364 -0.151495 -0.005029 1.000000 0.612459 0.117013 0.289937 0.307179 0.271947 0.296808 0.228322 -0.053776 -0.152197 0.003007 -0.080427 -0.270918 -0.276569 -0.042221 -0.037833 -0.185528 0.087096 0.065481 -0.083521 0.227292 0.168941 -0.158460 -0.184635 -0.178782 -0.228185 -0.195968 -0.038179 -0.234138 -0.224262 -0.010581 0.018961 0.284538 -0.013224 0.262565 -0.073979 -0.216492 -0.015904 -0.099528 -0.090719 -0.077478 -0.336749 0.048255 -0.073684 0.051093 -0.115665 -0.002603 -0.004347 0.047773 0.163802 0.433227 0.069988 -0.160787 -0.296237 -0.235229 -0.105941 -0.167361 -0.072990 -0.096517 0.108452 -0.259037 -0.165831 0.394055 0.163362 -0.029012 0.292244 -0.027831 0.105455 -0.039388 0.294854 0.008815 -0.106347 -0.021989 -0.056247 0.119727 0.087127 -0.154117 0.102939 -0.008375 -0.239792 -0.097707 0.152008 -0.025509 0.120083 0.033158 0.050556 0.284994 0.105187 -0.258987 0.097842 0.152414 -0.085045 0.037190 0.320357 -0.130655 0.176028
-0.268309 -0.090486 -0.099130 0.138217 0.087724 0.219412 -0.202774 -0.040676 -0.055149 -0.156456 -0.001122 0.030336 0.067221 0.118678 0.177203 0.309801 -0.159314 -0.092263 -0.378763 -0.340443 0.612459 1.000000 0.102051 0.283590 0.300338 0.331982 0.210731 0.275704 -0.102045 -0.049887 0.072897 0.109224 -0.379374 -0.254672 -0.023763 0.117367 -0.344564 0.197080 0.099213 0.053440 0.246370 -0.046050 -0.410927 -0.305629 -0.225607 -0.182667 -0.231251 -0.148210 -0.232291 -0.323933 0.014481 0.007370 0.219746 -0.045523 0.199252 0.044240 -0.332502 -0.188181 -0.029992 -0.078718 -0.158754 -0.192954 -0.056470 -0.249926 0.019675 0.106993 -0.175455 -0.098000 0.049241 0.105117 0.350301 0.304962 -0.161124 -0.363012 -0.475793 -0.218273 -0.229103 -0.107052 -0.058846 0.114487 -0.285375 -0.205641 0.464474 0.106549 0.060574 0.200832 0.053218 -0.040914 -0.023871 0.350351 -0.077191 -0.060679 0.148780 0.096276 0.230891 0.186033 -0.006839 0.394462 -0.175817 -0.229085 0.162213 0.070198 -0.006552 0.017070 0.192061 0.228493 0.321969 0.238617 -0.108791 -0.184662 0.223414 -0.160108 0.048944 0.281207 -0.206698 0.217462
-0.387053 -0.205328 0.367313 -0.038429 0.044726 -0.239861 0.161542 -0.229059 0.115686 -0.476394 0.073461 -0.515309 -0.236287 -0.592133 0.595407 -0.162409 -0.295829 -0.265304 -0.053609 -0.061600 0.117013 0.102051 1.000000 0.578595 0.736198 0.521602 0.474736 0.524783 -0.335201 -0.365119 0.337137 0.065499 -0.341246 -0.136083 0.558311 0.150082 -0.135654 -0.211646 0.304424 -0.110625 0.013057 -0.208001 0.171475 0.294142 0.265344 0.288055 0.066178 0.024589 -0.060828 -0.010761 0.450539 0.009305 0.074075 0.079437 0.145032 0.003327 -0.248338 -0.010198 -0.164920 -0.388985 -0.102730 -0.368802 -0.459561 -0.285083 0.594212 -0.055613 0.145515 0.248980 -0.055519 -0.075699 0.363009 0.128593 -0.176869 0.009101 0.085301 -0.003281 -0.065720 0.022978 -0.180031 -0.011044 -0.383147 -0.322102 0.126304 -0.191960 0.419878 0.344363 0.369283 -0.041606 0.270591 0.136583 -0.175409 -0.039424 0.044804 0.086582 -0.357973 0.124945 -0.262607 -0.324418 -0.092197 -0.270719 -0.230002 -0.226247 -0.192363 -0.335187 -0.085540 -0.358910 -0.085168 -0.244776 -0.020776 -0.104523 0.100759 -0.250380 -0.009117 -0.152441 0.002624 -0.106629
-0.296700 -0.390967 -0.105390 0.149746 -0.151434 -0.090044 -0.200982 -0.181201 -0.081937 -0.404028 0.157776 -0.025031 -0.154869 -0.128643 0.507997 0.174733 -0.014297 -0.319304 -0.157388 -0.075914 0.289937 0.283590 0.578595 1.000000 0.443853 0.363482 0.541129 0.653807 -0.247161 -0.232876 0.152949 -0.073982 -0.321891 -0.420927 0.285522 -0.103399 -0.026319 0.143544 0.254627 0.125555 0.169642 -0.052596 -0.030284 0.105693 -0.156586 0.239542 -0.094563 -0.098568 -0.229749 -0.237594 0.243001 -0.009353 0.135878 0.067069 0.353007 -0.096655 -0.158564 -0.126314 -0.195700 -0.328396 -0.096468 -0.251081 -0.107117 -0.226807 0.340216 0.113168 0.040102 0.286379 0.096739 0.042329 0.237432 0.159765 -0.139454 -0.159048 -0.095185 0.014650 0.004665 0.104238 -0.085511 0.129082 -0.237787 -0.194530 0.328218 0.093342 0.402603 0.539648 0.370684 0.232487 0.116533 0.423890 -0.296619 -0.144699 0.252850 0.068271 -0.370714 0.413831 -0.306240 -0.157939 -0.322037 -0.254166 -0.164448 -0.112543 -0.234407 -0.297975 -0.039759 -0.390393 -0.078949 -0.186227 -0.187202 -0.081710 -0.126477 -0.361316 0.048266 0.138288 -0.140137 0.040099
-0.506386 0.038435 0.011545 0.310921 0.022925 -0.032511 -0.243970 -0.066307 -0.087870 -0.357567 -0.162275 -0.241044 -0.502994 -0.420204 0.461782 0.077412 -0.316389 -0.155012 -0.306024 -0.061664 0.307179 0.300338 0.736198 0.443853 1.000000 0.735259 0.532559 0.468395 -0.550545 -0.446995 0.170573 0.016197 -0.513000 -0.213168 0.335555 0.242750 -0.331639 -0.142240 0.141313 -0.160794 -0.042564 -0.204521 0.061970 0.209769 0.291825 0.311340 0.143712 0.159789 -0.101097 0.053089 0.406968 0.187645 0.157483 0.058764 0.156644 -0.001929 -0.193940 0.160946 -0.225470 -0.255225 -0.366695 -0.209675 -0.426254 -0.224489 0.442330 0.173554 0.105346 0.212534 0.051503 0.305584 0.290973 0.115086 -0.263923 -0.180452 -0.272204 -0.151683 -0.283709 -0.182672 -0.377059 -0.083628 -0.327506 -0.334755 0.244186 -0.164570 0.477568 0.355285 0.217980 0.039722 0.252069 0.283578 -0.066193 -0.155485 0.211694 0.036081 -0.175574 0.115270 -0.322290 -0.163779 0.124998 -0.444385 -0.186892 -0.233403 -0.157607 -0.214146 0.124302 -0.202080 0.081921 -0.012187 0.032659 -0.244699 0.182018 -0.126782 0.019143 0.013673 -0.150662 -0.147194
-0.355103 -0.115972 -0.046592 0.378971 -0.252802 0.060545 -0.220102 0.013399 -0.325284 -0.448239 -0.039672 -0.171388 -0.314792 -0.239006 0.146182 0.231555 -0.260220 -0.192838 -0.288852 -0.336169 0.271947 0.331982 0.521602 0.363482 0.735259 1.000000 0.332679 0.514516 -0.325894 -0.346039 0.280405 0.166431 -0.312001 -0.054118 0.350782 0.191103 -0.300513 0.136323 0.090528 -0.072732 0.093389 -0.033503 0.143053 0.355566 0.183054 0.309998 0.091585 0.245454 -0.002203 -0.087807 0.308696 0.100919 -0.051557 -0.145259 0.138437 0.202137 -0.211864 -0.121804 -0.191678 -0.129046 -0.390503 -0.294211 -0.382383 -0.468244 0.130064 0.237351 0.212218 0.402565 0.003309 0.103267 0.375431 0.329119 -0.252693 -0.147336 -0.286122 -0.151964 -0.177656 0.090816 -0.276704 -0.063902 -0.361659 -0.390412 0.386644 0.012696 0.188463 0.218016 0.120907 0.185969 0.159781 0.144216 -0.145306 -0.123982 0.105592 -0.013547 0.040907 0.270833 -0.136400 -0.074429 -0.002011 -0.353396 -0.129512 -0.170671 -0.132675 -0.211923 0.086447 -0.093440 0.231999 0.002668 0.135412 -0.108260 0.226148 -0.205294 0.023776 0.161881 -0.079809 -0.030416
-0.009946 0.049905 -0.105051 0.211399 0.071297 0.247907 -0.354503 -0.306643 -0.232775 -0.463324 0.299782 -0.063434 -0.220965 -0.160463 0.653730 0.209038 -0.059075 -0.229300 -0.292411 -0.054484 0.296808 0.210731 0.474736 0.541129 0.532559 0.332679 1.000000 0.724528 -0.561672 -0.496499 -0.258553 -0.417339 -0.464274 -0.500951 0.231431 0.014052 -0.157995 -0.037484 0.396021 0.131592 0.019903 -0.171521 -0.120942 0.100310 -0.173658 0.247155 -0.093297 -0.180611 -0.228193 -0.257341 0.387045 0.084994 0.349236 0.005441 0.473286 -0.080336 -0.056688 0.065202 -0.020180 -0.080600 0.173739 -0.048104 0.048871 0.046051 0.384026 0.215664 0.186797 0.288203 0.074161 0.029314 0.080729 0.001538 -0.372747 -0.071774 -0.189825 -0.167365 -0.256264 -0.119385 -0.418447 -0.040684 -0.451766 -0.279399 0.268400 -0.319559 0.349321 0.494258 0.378745 0.308796 0.435349 0.494971 -0.196159 -0.242120 0.074769 -0.016735 -0.354060 0.120244 -0.404766 -0.269562 -0.259460 -0.366355 -0.324465 -0.209723 -0.206330 -0.001828 0.080632 -0.236241 0.140994 0.182137 -0.365039 -0.045650 0.029389 -0.230967 0.009499 -0.057741 -0.092976 -0.263990
-0.071123 -0.238680 0.115541 0.224341 0.005019 0.209660 -0.144568 -0.244207 -0.194185 -0.591955 0.271407 -0.163042 -0.190410 -0.144166 0.467810 0.171971 -0.109784 -0.461091 -0.228881 -0.330129 0.228322 0.275704 0.524783 0.653807 0.468395 0.514516 0.724528 1.000000 -0.478119 -0.473131 -0.121503 -0.403521 -0.316957 -0.442144 0.364998 0.001056 -0.150937 0.107550 0.311876 0.052714 0.016276 -0.181520 -0.062666 0.204331 -0.097293 0.336688 -0.203413 -0.104966 -0.130996 -0.190789 0.442990 0.074335 0.328994 0.073425 0.523328 0.106974 -0.164206 -0.181316 0.053156 -0.155060 0.045218 -0.183404 -0.227727 -0.317420 0.298770 0.327329 0.333878 0.496439 0.057344 -0.091492 0.158367 0.056132 -0.449469 -0.120637 -0.185523 -0.096053 -0.103536 0.088144 -0.217990 -0.062528 -0.586450 -0.458162 0.298484 -0.275963 0.269253 0.502159 0.266594 0.274442 0.310651 0.495446 -0.238268 -0.118224 0.121257 0.108210 -0.284999 0.195441 -0.237737 -0.222403 -0.278342 -0.272540 -0.297840 -0.032784 -0.226913 -0.055592 0.104729 -0.147074 0.165663 -0.039085 -0.305355 0.083345 0.058150 -0.313272 0.016349 0.049339 -0.026198 -0.098682
0.217040 -0.185385 0.027866 -0.397167 -0.227242 -0.137174 0.319966 -0.076361 -0.013745 0.028964 0.261504 0.182269 0.660811 0.218165 -0.262721 0.148129 0.224003 0.148644 0.279826 0.081758 -0.053776 -0.102045 -0.335201 -0.247161 -0.550545 -0.325894 -0.561672 -0.478119 1.000000 0.757076 0.538187 0.490622 0.581993 0.496907 -0.176245 -0.138813 0.339950 0.198809 0.031404 0.200104 0.176210 0.263245 -0.023564 0.021849 -0.167863 -0.540823 0.031554 0.024135 0.037601 -0.197702 -0.423095 -0.265944 -0.287849 0.018366 -0.265088 0.070272 -0.028173 -0.157922 -0.122368 -0.065805 0.166851 -0.273333 0.390942 -0.019831 -0.472316 -0.560919 -0.180037 -0.275615 -0.143134 -0.414781 0.080833 0.083506 0.637992 0.326772 0.355244 0.331181 0.473582 0.308769 0.499177 0.331821 0.469770 0.491917 -0.065163 0.434079 -0.574374 -0.447129 -0.284059 -0.032766 -0.501994 -0.643528 -0.231802 0.120537 -0.338698 -0.185082 0.156679 0.100129 0.459581 0.189096 -0.167562 0.294662 0.181783 0.094471 0.066348 -0.152455 -0.243908 -0.018083 -0.134936 -0.119262 0.201812 0.090444 -0.046867 0.143355 0.124697 0.088520 0.057759 0.192838
-0.041508 -0.102481 -0.110618 -0.166928 -0.042845 0.013056 0.202863 0.172909 0.096642 0.244857 0.183519 0.273312 0.452552 0.323196 -0.146035 0.075563 0.213518 0.261601 0.161112 0.004300 -0.152197 -0.049887 -0.365119 -0.232876 -0.446995 -0.346039 -0.496499 -0.473131 0.757076 1.000000 0.396499 0.427306 0.576838 0.432095 -0.334973 0.017560 0.133177 0.052429 -0.054897 0.170642 0.090271 0.244216 -0.244959 -0.019515 -0.098077 -0.367522 0.052577 0.017828 -0.070118 -0.062049 -0.466949 -0.083777 -0.317398 0.089278 -0.317759 0.035015 -0.064583 -0.063660 -0.238356 0.007192 0.055258 0.015498 0.305378 0.094783 -0.340716 -0.356935 -0.245742 -0.302517 -0.253097 -0.275348 -0.088108 0.016409 0.583035 0.290796 0.175120 0.226041 0.247212 0.106566 0.363632 0.271918 0.471475 0.470811 0.121758 0.333634 -0.375058 -0.437545 -0.137972 -0.235007 -0.454899 -0.500307 -0.345310 -0.014603 -0.209990 -0.261994 0.171484 0.123678 0.352747 0.150492 -0.158711 0.142160 0.146187 -0.028672 0.016168 -0.245640 -0.044655 -0.003994 -0.098485 -0.024008 0.201709 -0.073277 -0.056784 0.146076 0.099821 0.142210 -0.085506 0.105431
-0.233463 -0.376664 0.210176 -0.257855 -0.158621 -0.178320 0.277770 -0.066821 0.074252 -0.231342 0.036750 -0.208213 0.194930 -0.291422 0.007625 0.014939 -0.075921 -0.097924 0.158566 -0.016343 0.003007 0.072897 0.337137 0.152949 0.170573 0.280405 -0.258553 -0.121503 0.538187 0.396499 1.000000 0.753770 0.232599 0.447632 0.265728 0.173561 0.198735 0.035319 0.234759 0.088790 0.213819 0.030424 0.132506 0.179866 0.136321 -0.157228 0.114844 0.131641 0.039961 -0.131110 -0.087355 -0.176851 -0.249967 0.058339 -0.180132 0.070139 -0.190015 -0.165184 -0.371938 -0.352629 -0.137358 -0.482996 -0.102848 -0.337863 -0.079294 -0.435870 -0.037298 -0.085252 -0.106454 -0.262020 0.367145 0.302579 0.355093 0.261035 0.116923 0.151766 0.458443 0.284831 0.242650 0.282314 0.142790 0.120022 0.232259 0.477092 -0.211506 -0.240246 0.050458 -0.144988 -0.343973 -0.586222 -0.310111 0.226006 -0.155053 -0.021978 0.005013 0.274935 0.229007 -0.036047 -0.202193 0.054646 0.162632 -0.075261 -0.017859 -0.256471 -0.113337 -0.175264 -0.049878 -0.309924 0.327779 -0.020593 0.117546 -0.056180 0.071964 0.029590 -0.022941 0.061067
-0.256698 -0.225573 -0.028293 -0.098575 -0.148453 -0.063766 0.204386 0.167297 0.093796 0.165158 -0.191218 -0.056764 0.065684 -0.054178 -0.250664 0.127030 -0.127781 0.093557 0.085615 -0.141734 -0.080427 0.109224 0.065499 -0.073982 0.016197 0.166431 -0.417339 -0.403521 0.490622 0.427306 0.753770 1.000000 0.135464 0.511924 0.078230 0.254352 0.251539 0.132398 0.159238 0.184564 0.211399 0.060167 0.060762 0.006595 0.124846 -0.156884 0.068859 0.087297 0.025234 -0.104934 -0.240275 -0.257862 -0.334623 -0.065749 -0.327987 -0.035172 -0.179681 -0.129882 -0.339200 -0.355906 -0.301027 -0.220075 -0.045955 -0.232199 -0.109602 -0.204453 -0.312986 -0.228871 -0.168102 -0.143791 0.263154 0.426088 0.346017 0.170655 0.011058 0.123632 0.287350 0.239326 0.148368 0.161752 0.311241 0.199218 0.105751 0.564171 -0.199273 -0.352010 -0.106539 -0.273034 -0.259958 -0.540205 -0.061185 0.104303 -0.152981 -0.093176 0.304398 0.126957 0.339237 0.132471 -0.076330 0.013058 0.327905 -0.153110 0.080527 -0.179950 -0.194255 0.045893 -0.066943 -0.286394 0.482635 -0.099034 0.044402 -0.025732 0.007278 0.039982 0.072378 0.092743
0.258060 -0.171380 0.017619 -0.188424 -0.046006 -0.192480 0.353658 0.002774 0.003087 0.097984 0.178211 0.024431 0.393732 0.182706 -0.299481 -0.067990 0.268986 0.055406 0.376544 0.207635 -0.270918 -0.379374 -0.341246 -0.321891 -0.513000 -0.312001 -0.464274 -0.316957 0.581993 0.576838 0.232599 0.135464 1.000000 0.522599 -0.045249 -0.001079 0.147404 -0.023066 -0.145737 -0.031944 -0.047658 0.112359 0.036118 0.180246 -0.023093 -0.203794 0.028064 0.133964 0.099559 0.031608 -0.401177 -0.199923 -0.280193 0.062056 -0.201893 -0.007505 0.020971 -0.161328 -0.088177 0.042165 0.113065 -0.087057 0.127312 -0.038175 -0.343136 -0.329820 0.140252 -0.043637 -0.144334 -0.297017 -0.081754 -0.007508 0.414454 0.313525 0.378433 0.220143 0.264270 0.228226 0.323978 0.231959 0.277508 0.298857 -0.185955 0.185483 -0.342676 -0.344726 -0.344431 -0.070676 -0.378670 -0.451900 -0.289038 0.083225 -0.293377 -0.205057 0.029947 0.032605 0.189970 -0.062367 -0.073317 0.329412 0.156201 0.035250 -0.057888 0.005713 -0.170404 0.003943 0.078987 -0.142694 0.191420 0.079451 0.073042 0.032581 -0.037575 -0.051836 -0.016142 -0.000769
0.001204 -0.092036 0.224459 -0.046866 -0.012678 -0.163527 0.422218 0.209871 0.146348 0.177587 -0.108547 -0.112017 0.157891 -0.048244 -0.270154 -0.185055 0.070134 0.190882 0.352988 0.128280 -0.276569 -0.254672 -0.136083 -0.420927 -0.213168 -0.054118 -0.500951 -0.442144 0.496907 0.432095 0.447632 0.511924 0.522599 1.000000 0.120140 0.372822 0.127235 0.029101 -0.098282 -0.084875 -0.045096 0.260325 0.186757 0.264199 0.225724 -0.096150 0.209700 0.238465 -0.007063 -0.043607 -0.349989 -0.239508 -0.327681 -0.133273 -0.384430 0.068388 -0.153425 -0.131487 -0.158194 -0.003280 -0.129353 -0.195074 -0.021651 -0.091850 -0.247618 -0.256466 -0.080282 -0.110695 -0.291293 -0.205503 -0.133798 0.071706 0.351908 0.334843 0.146603 0.187258 0.222545 0.205755 0.291785 0.183094 0.342260 0.127305 -0.072303 0.215667 -0.284501 -0.550606 -0.261019 -0.264779 -0.264480 -0.635081 0.020293 0.134380 -0.218301 -0.192207 0.130859 0.183235 0.381245 -0.072270 0.056003 0.240579 0.158860 -0.089175 0.209396 -0.238207 -0.175418 0.076978 0.048679 -0.144407 0.439296 0.001230 0.182066 -0.002427 -0.018506 -0.168220 -0.069477 0.028252
-0.105056 -0.345569 0.420321 -0.084304 0.041800 -0.260039 0.286373 -0.084989 0.043807 -0.424966 -0.078119 -0.404414 -0.138636 -0.430729 0.158679 -0.197455 -0.291785 -0.365875 0.322153 -0.061264 -0.042221 -0.023763 0.558311 0.285522 0.335555 0.350782 0.231431 0.364998 -0.176245 -0.334973 0.265728 0.078230 -0.045249 0.120140 1.000000 0.299635 0.063624 -0.024923 0.241613 0.000299 0.056275 -0.077665 0.452756 0.474627 0.295131 0.367903 0.028546 0.112448 0.009783 0.033024 0.291736 -0.206516 -0.003858 0.013557 0.037567 -0.106041 -0.302966 -0.223403 -0.193693 -0.413238 -0.002189 -0.431801 -0.318369 -0.347761 0.234524 -0.029781 0.087551 0.345551 -0.173654 -0.274133 0.245772 0.285497 -0.117374 0.008088 0.071549 0.174419 0.066137 0.408410 -0.145660 -0.020138 -0.364510 -0.379019 -0.103589 -0.072440 -0.000110 0.168834 0.037420 0.003416 -0.085770 -0.074744 -0.046048 0.267012 0.022906 0.065116 -0.220887 0.146409 -0.099131 -0.294149 -0.133343 0.031553 0.034890 -0.099853 -0.269281 -0.120085 -0.140315 -0.101686 0.020348 -0.301185 0.070006 0.107472 0.199025 -0.207598 -0.125259 -0.096812 0.176100 -0.062063
-0.382361 -0.072885 0.153150 0.014199 0.077807 -0.058837 0.201046 -0.009782 0.132304 0.048054 -0.346670 -0.188910 -0.182725 -0.224100 -0.007325 -0.136321 -0.240906 0.010363 0.086606 -0.016475 -0.037833 0.117367 0.150082 -0.103399 0.242750 0.191103 0.014052 0.001056 -0.138813 0.017560 0.173561 0.254352 -0.001079 0.372822 0.299635 1.000000 -0.161036 -0.009957 0.000573 0.021225 0.033671 0.058293 0.213049 0.260260 0.558021 0.366170 0.294350 0.508584 -0.022497 0.164236 -0.072688 0.117956 -0.031273 0.120221 -0.304099 0.042279 -0.168747 0.034602 -0.364438 -0.329282 -0.372407 -0.203068 -0.490701 -0.311076 0.067180 0.046237 -0.175866 0.104672 -0.217562 0.130766 0.026819 0.201987 -0.113690 0.223269 -0.226661 -0.104326 -0.049786 0.068608 -0.014857 0.068357 -0.001297 -0.027360 0.175965 0.054903 -0.083985 -0.232675 -0.078635 -0.273878 -0.106593 -0.279774 0.199417 0.200032 0.168191 0.159778 0.006987 0.202167 -0.142059 -0.105380 0.113170 -0.051205 0.127160 -0.257591 0.044031 -0.161035 0.097908 0.143477 0.176820 0.049001 0.241986 0.032810 0.467937 0.073459 -0.071988 -0.030342 -0.010987 -0.114896
