1.000000 0.490087 0.083759 -0.325751 -0.011915 -0.191862 0.110525 -0.053554 0.143381 -0.096624 0.427709 0.253780 0.172755 0.399896 0.082116 0.201072 0.220692 0.141001 0.203317 0.195757 -0.049097 0.068897 -0.290462 -0.423098 -0.251523 -0.325579 -0.100267 -0.174410 0.090167 0.028611 -0.357160 -0.447239 0.062493 -0.214259 -0.213792 -0.133652 -0.011772 -0.252150 -0.156013 -0.289545 -0.140931 0.061188 0.090600 -0.154103 0.049786 -0.190574 0.025416 -0.191086 0.133169 -0.128053 0.000706 -0.103202 0.106290 -0.093094 0.018789 -0.096806 0.452169 0.167582 0.377410 0.033529 0.368205 0.139912 0.018142 0.189257 -0.299054 -0.080973 -0.017137 -0.140099 0.084379 -0.031240 -0.161944 -0.322717 -0.015501 0.023289 -0.043735 -0.031636 -0.088188 -0.117681 0.064933 -0.087727 0.075017 0.122127 -0.070935 -0.053645 0.001016 0.068034 -0.250517 -0.346674 -0.105258 -0.312240 0.163010 -0.038750 0.040764 0.099594 -0.103558 -0.101128 -0.035125 -0.022015 0.064150 0.379413 0.118590 0.061028 0.205107 0.249260 0.152505 0.178019 0.100992 -0.027047 -0.083151 -0.107108 -0.241577 0.111943 0.281381 -0.108255 -0.133271 0.110014
0.490087 1.000000 -0.371098 -0.182568 -0.373991 -0.298011 -0.172652 -0.130699 -0.230547 -0.130082 0.518979 0.557075 0.248277 0.610229 0.169754 0.432326 0.200449 0.241434 -0.128648 0.143280 -0.114445 -0.179518 -0.345823 -0.493047 -0.250760 -0.471325 -0.358484 -0.362708 0.394053 0.342828 -0.226967 -0.263404 0.472175 0.110591 -0.212913 -0.325233 0.201127 0.245120 0.008397 -0.219487 0.063834 0.150476 -0.069107 -0.107162 -0.157406 -0.268751 -0.171814 -0.348548 -0.174702 -0.138682 -0.135187 -0.091065 -0.054907 -0.057831 0.029279 0.059099 0.250809 0.317944 0.039615 -0.034134 0.283185 0.281013 0.206989 0.444242 -0.301103 -0.263490 -0.103503 -0.222886 0.206439 0.002649 -0.265688 -0.210071 0.317869 0.247747 0.248969 0.237942 0.103243 -0.129826 0.202757 0.026992 0.394156 0.331766 -0.091470 -0.013308 0.160177 0.236381 -0.109394 -0.197778 -0.322902 0.031160 -0.277422 -0.461370 -0.262262 -0.251434 -0.048842 -0.056204 0.074394 0.031161 -0.236162 0.191048 -0.080550 -0.208312 0.046131 0.005741 -0.187203 -0.200034 0.085271 -0.119863 -0.167996 0.109745 -0.297414 0.065393 0.154179 0.036266 0.054306 0.081054
0.083759 -0.371098 1.000000 0.158378 0.528809 0.264380 0.640180 0.109119 0.318264 0.197878 -0.185512 -0.171263 -0.162166 -0.346109 -0.252851 -0.283308 -0.357627 -0.265961 0.408002 0.150258 -0.074554 0.081242 0.111792 0.214837 -0.001287 0.188842 0.238515 0.315907 -0.414601 -0.404962 -0.059837 -0.095121 -0.348229 -0.288188 -0.073216 0.119952 -0.242920 -0.478308 -0.138376 0.055885 -0.203463 -0.168483 0.075779 -0.120355 0.082277 0.086667 0.199763 -0.017399 0.278142 0.040896 0.206071 0.071608 0.200548 0.053010 0.113953 -0.033155 -0.014363 -0.117454 0.258253 0.178813 -0.045116 -0.239244 -0.464415 -0.420360 -0.024176 0.035588 0.208360 0.210295 -0.260374 0.058443 0.181162 -0.092009 -0.462418 -0.383178 -0.462744 -0.324375 -0.314041 -0.121022 -0.274126 -0.203786 -0.632006 -0.409837 -0.116656 0.033039 -0.299950 -0.082806 -0.162897 -0.035932 0.167686 -0.159566 0.462001 0.592704 0.264750 0.375085 0.115176 0.021496 0.037741 0.201125 0.298857 0.197708 0.120384 0.141720 0.041814 0.077925 0.301621 0.208699 -0.037682 0.105043 0.166068 -0.093048 -0.000929 0.084101 0.008253 -0.036877 -0.189918 -0.021292
-0.325751 -0.182568 0.158378 1.000000 0.150588 0.400996 -0.036911 0.488432 0.021597 0.054861 0.066835 0.296055 -0.076187 -0.194123 -0.094578 -0.053198 -0.447442 -0.550956 -0.092487 -0.131986 0.122850 0.040685 0.455746 0.712680 0.451218 0.543961 0.410749 0.474150 -0.258221 -0.396140 0.479722 0.600052 -0.035329 0.137502 0.072324 0.178581 -0.385887 -0.039713 -0.282707 0.046604 -0.273664 -0.196203 -0.107969 0.289171 -0.341027 0.164614 -0.123862 0.029132 -0.302046 -0.177303 -0.017902 -0.259188 -0.358958 -0.122278 -0.190150 -0.063994 -0.266026 -0.559915 -0.270542 -0.346294 -0.355777 -0.302502 -0.367255 -0.482646 0.257414 0.520396 -0.135809 0.168533 -0.173817 -0.131894 -0.012553 0.184188 -0.292671 -0.056313 -0.024220 0.042742 -0.097811 -0.066276 -0.384218 -0.394854 -0.462806 -0.625721 -0.039954 -0.034674 0.225933 0.423237 0.107618 0.547648 0.268864 0.191550 -0.111254 0.007012 0.224910 -0.098337 -0.024397 0.306006 -0.017671 0.210913 -0.301214 -0.251868 -0.309962 -0.309900 -0.400115 -0.396454 -0.268347 -0.322462 -0.092244 -0.021664 -0.047001 0.183075 0.309128 -0.100229 -0.388032 0.139300 -0.081794 -0.375833
-0.011915 -0.373991 0.528809 0.150588 1.000000 0.561058 0.473372 0.259828 0.680911 0.344816 -0.153313 -0.225868 -0.116017 -0.373946 -0.176886 -0.186100 -0.339153 -0.284359 0.228753 0.222643 0.298351 0.378383 0.029642 0.312107 -0.009464 0.169299 0.312947 0.389229 -0.447854 -0.466766 -0.150263 -0.186996 -0.349884 -0.288138 0.038360 0.212634 -0.327037 -0.420340 -0.217435 0.152414 -0.339048 -0.355716 -0.287946 -0.270250 -0.056069 0.123113 -0.010868 -0.076505 0.131787 0.005145 0.106515 0.006654 0.121221 -0.148849 -0.259126 -0.063029 0.027780 -0.057744 0.219114 0.156300 -0.040021 -0.177385 -0.332527 -0.343558 0.183452 0.124926 0.133037 0.406633 -0.155153 0.199123 0.223531 0.015124 -0.470760 -0.441206 -0.524793 -0.320293 -0.248436 -0.060050 -0.252428 -0.262042 -0.360603 -0.301553 -0.163120 -0.046035 -0.244846 -0.155601 -0.377020 -0.173047 0.054366 -0.224265 0.487803 0.546504 0.468002 0.301986 -0.080148 0.234168 -0.126298 0.162711 0.146514 -0.051152 0.061671 0.019280 0.116236 -0.033257 0.242518 0.199527 0.134890 0.229078 0.147827 0.037807 -0.082638 -0.017870 -0.134252 -0.071426 0.044937 -0.064335
-0.191862 -0.298011 0.264380 0.400996 0.561058 1.000000 0.168990 0.274147 0.487497 0.454721 0.030640 -0.026094 -0.065259 -0.205523 -0.045538 0.023239 -0.220540 -0.391815 0.061151 0.186708 0.455546 0.373402 0.167290 0.591261 0.252680 0.473720 0.553588 0.741047 -0.532252 -0.499133 -0.067935 -0.006134 -0.446783 -0.317655 0.018662 0.292457 -0.376919 -0.266151 -0.371734 -0.004270 -0.387320 -0.320612 -0.256871 -0.263136 -0.217238 0.018426 -0.151344 -0.235008 0.000931 -0.077838 0.170495 0.023906 0.082607 -0.043538 -0.246052 -0.183584 -0.030819 -0.161548 0.031519 0.054077 -0.215349 -0.177595 -0.332782 -0.396671 0.244789 0.189767 -0.117688 0.317034 -0.008584 0.123760 0.203436 0.235707 -0.510328 -0.224614 -0.236765 -0.119315 -0.327993 -0.085843 -0.223325 -0.388935 -0.309715 -0.380886 -0.283982 -0.092650 -0.123401 -0.004253 -0.298259 0.055446 0.174496 -0.043416 0.378300 0.475359 0.625474 0.400968 -0.320688 0.210204 -0.206651 0.157008 -0.017596 -0.279948 0.052313 0.020794 0.067796 -0.035667 0.129291 0.057742 0.108593 0.239931 0.075094 -0.085622 0.018200 -0.250060 -0.157358 0.045011 0.083179 -0.132041
0.110525 -0.172652 0.640180 -0.036911 0.473372 0.168990 1.000000 0.285466 0.563635 0.342959 -0.032827 -0.041733 0.260157 -0.113936 0.079887 0.005986 -0.112657 -0.086140 0.565026 0.202223 -0.122888 -0.138743 0.022758 0.022197 -0.158579 0.031178 -0.041709 0.008950 -0.012975 -0.089421 0.057785 -0.065064 -0.251046 0.053501 -0.076128 -0.006860 -0.054576 -0.278446 -0.201058 -0.059823 0.016680 -0.060340 -0.105887 -0.262096 0.055318 -0.139882 0.064594 -0.227358 -0.006511 -0.025930 -0.136030 -0.130393 0.032040 -0.067073 -0.142495 -0.112445 0.014988 -0.073613 0.264409 0.082578 0.209936 0.014215 -0.263910 -0.109020 0.359896 -0.069580 -0.001863 -0.077705 -0.263034 -0.155976 0.207604 -0.032710 -0.096083 -0.143289 -0.276221 -0.002458 0.011376 -0.102863 -0.130275 -0.038053 -0.453310 -0.162585 0.008813 0.132941 -0.220970 -0.277514 -0.049042 -0.171762 0.163767 -0.228704 0.308625 0.422310 0.113104 0.278275 0.028360 -0.022060 -0.154562 0.039686 0.159983 0.092803 0.121591 0.311338 -0.001611 -0.105032 0.023714 -0.009176 -0.042023 -0.037236 0.028602 -0.051173 -0.262345 0.015317 -0.093464 -0.075911 -0.251476 -0.092399
-0.053554 -0.130699 0.109119 0.488432 0.259828 0.274147 0.285466 1.000000 0.356147 0.393940 0.025463 0.222362 0.051170 0.010271 0.042004 0.150500 -0.200935 -0.274945 0.008870 -0.201821 0.178224 0.064930 0.039051 0.241611 -0.030317 0.140331 0.041902 -0.005856 -0.025741 -0.137830 0.266989 0.291134 -0.183681 0.196048 -0.004226 0.139150 -0.384043 -0.259657 -0.194055 -0.185080 -0.330775 -0.250057 -0.098603 -0.036569 -0.170298 0.078837 -0.099981 -0.192451 -0.175141 -0.044702 -0.217982 -0.264801 -0.250474 -0.224570 -0.350681 -0.253076 -0.095011 -0.438914 0.169272 -0.056613 0.164394 0.256952 -0.214156 -0.041551 0.259451 0.546535 -0.042995 0.058073 -0.513888 -0.332924 -0.080950 0.003576 -0.072615 -0.093064 -0.152089 -0.097231 -0.245915 -0.223097 -0.329153 -0.247268 -0.361503 -0.305642 -0.065451 0.018712 0.069515 -0.035683 -0.156707 0.010333 0.218545 -0.167848 -0.016156 0.021940 0.296967 0.053136 -0.024092 0.016056 -0.280670 -0.086995 -0.141215 -0.037645 -0.099877 0.085801 0.027336 -0.041740 -0.114215 0.028968 0.146822 -0.013911 0.009055 0.185214 -0.018575 0.042559 -0.196027 0.145424 0.022749 -0.208635
0.143381 -0.230547 0.318264 0.021597 0.680911 0.487497 0.563635 0.356147 1.000000 0.507737 0.012021 -0.041679 0.212102 -0.072420 -0.011353 0.044169 -0.031774 -0.048396 0.314956 0.132100 0.206471 0.126819 -0.118327 0.072824 -0.220217 0.058738 0.043392 0.149214 -0.201206 -0.224077 -0.248932 -0.244126 -0.299566 -0.072992 -0.032669 0.111268 -0.101489 -0.309736 -0.318074 -0.029273 -0.241325 -0.238353 -0.286678 -0.507730 -0.001061 0.013903 0.012643 -0.307898 0.136444 0.179008 -0.024381 0.023822 0.162244 -0.162274 -0.200169 -0.152232 0.030351 -0.031719 0.314264 0.098927 0.295422 0.087730 -0.111225 0.022361 0.325166 0.085998 -0.091647 0.116388 -0.156498 -0.146649 0.137530 -0.072714 -0.191383 -0.247693 -0.332993 -0.099471 -0.162976 -0.093224 -0.177860 -0.179330 -0.208399 -0.074754 -0.310703 0.099281 -0.314210 -0.319240 -0.446433 -0.419639 -0.111785 -0.397456 0.414174 0.306292 0.435085 0.309909 -0.295658 0.051433 -0.322978 -0.022384 0.158026 -0.057143 0.186149 0.231028 0.190079 -0.000557 0.155176 0.262700 0.175738 0.089133 -0.103919 0.002794 -0.357050 -0.004605 -0.057676 -0.076850 0.045175 -0.045348
-0.096624 -0.130082 0.197878 0.054861 0.344816 0.454721 0.342959 0.393940 0.507737 1.000000 -0.038973 -0.093127 0.109763 0.087194 -0.105738 0.246998 0.093809 0.036904 0.159275 0.193767 0.017936 -0.080827 -0.326984 -0.026007 -0.209386 0.000359 -0.137858 -0.070708 0.017615 0.062432 -0.212420 -0.168781 -0.199494 0.072984 -0.227276 -0.053297 -0.007563 -0.053081 -0.274259 0.036227 -0.010918 0.051911 -0.275812 -0.531363 -0.093825 -0.235666 0.008659 -0.321916 0.102704 0.083841 -0.149370 0.166348 0.200178 0.104296 0.027939 -0.075744 -0.043212 -0.044295 0.329540 0.257525 0.398150 0.455526 0.048797 0.170419 0.140083 0.070397 -0.113037 -0.128740 -0.148623 -0.141862 -0.005047 -0.012079 0.024479 -0.083385 -0.023312 -0.004074 -0.203443 -0.074511 -0.256227 -0.182295 -0.274295 -0.041412 -0.262857 0.302480 -0.417456 -0.443750 -0.291386 -0.251569 -0.095837 -0.018651 0.377257 0.267308 0.374404 0.194893 -0.137315 0.056189 -0.269778 -0.050021 0.178517 -0.110841 0.200331 0.123202 0.041679 0.124367 -0.001392 0.183896 0.098217 0.044078 0.001275 0.016716 -0.330517 -0.002594 -0.056274 -0.003315 0.009901 0.087152
0.427709 0.518979 -0.185512 0.066835 -0.153313 0.030640 -0.032827 0.025463 0.012021 -0.038973 1.000000 0.563649 0.480814 0.361605 0.394896 0.352383 0.118402 -0.016047 0.065892 0.154539 0.175520 0.037164 0.028469 -0.102095 -0.024947 -0.167825 0.118289 0.033343 0.267353 0.062923 -0.058942 -0.117320 0.074283 -0.083817 -0.104444 -0.126751 -0.063228 0.038739 -0.224231 -0.224642 -0.190479 -0.174448 -0.119634 -0.146910 -0.259863 -0.236973 -0.275248 -0.400165 -0.204235 -0.248180 -0.103262 -0.262523 -0.261066 -0.171267 -0.145087 -0.197144 0.339601 0.064550 -0.189452 -0.300761 0.023690 -0.047919 0.107616 0.078890 0.114474 -0.059422 -0.275643 -0.114750 0.225272 -0.008359 -0.142037 -0.097621 0.102066 0.080496 0.148541 0.141766 0.221349 -0.203360 0.154794 -0.134804 0.200803 0.056740 0.028296 -0.054377 0.482912 0.360644 0.021037 0.015255 0.030481 -0.115572 -0.237502 -0.371176 -0.070705 -0.044314 -0.168041 0.125102 -0.142243 0.182073 -0.356607 0.037499 0.067669 0.010746 -0.028019 -0.149738 -0.204632 -0.287339 0.059290 0.057129 -0.093616 0.073014 -0.141217 -0.077238 -0.012030 0.204129 0.171301 -0.248424
0.253780 0.557075 -0.171263 0.296055 -0.225868 -0.026094 -0.041733 0.222362 -0.041679 -0.093127 0.563649 1.000000 0.232115 0.617788 0.368661 0.554003 -0.114791 0.000175 -0.167685 0.085947 -0.006370 -0.185660 -0.083640 -0.055764 -0.118411 -0.243454 -0.083656 -0.039523 0.308429 0.211328 -0.037977 -0.006748 0.212724 -0.027326 -0.064224 -0.166790 -0.002705 -0.029041 -0.273677 -0.455119 0.025648 0.111732 -0.045074 -0.073202 -0.310533 -0.180369 -0.195402 -0.453979 -0.329589 -0.231646 -0.159899 -0.319842 -0.270854 -0.216341 -0.237669 -0.401668 0.222019 -0.030781 -0.111051 -0.278330 0.021826 0.093554 -0.080526 0.106205 -0.013764 0.119139 -0.275778 -0.110918 0.027535 -0.121773 -0.225685 -0.090111 0.195745 0.179445 0.174372 0.197706 0.005876 -0.403599 0.049749 -0.113867 0.137500 0.036955 0.105583 0.218404 0.437107 0.524070 -0.168810 -0.091492 0.012798 -0.005933 -0.169394 -0.341564 -0.008179 -0.125443 -0.144219 -0.214337 -0.244854 0.142352 -0.308462 0.113466 -0.119529 0.010077 -0.024120 -0.105442 -0.059067 -0.175615 0.169351 -0.414931 -0.327661 0.213094 -0.246614 0.058533 -0.110502 0.200816 -0.000127 -0.103801
0.172755 0.248277 -0.162166 -0.076187 -0.116017 -0.065259 0.260157 0.051170 0.212102 0.109763 0.480814 0.232115 1.000000 0.381984 0.543148 0.309657 0.094216 -0.025707 0.136750 0.126623 -0.135027 -0.179214 0.154630 -0.070781 -0.152924 -0.134852 -0.081846 -0.162879 0.266993 0.112419 -0.068100 -0.057872 0.112300 0.135683 -0.148697 -0.004533 0.034775 0.045581 -0.149845 -0.253495 0.000149 -0.114736 -0.005604 -0.145834 -0.043188 -0.309039 -0.050778 -0.259940 0.082339 0.016675 -0.018388 0.013305 0.012222 -0.004497 -0.098590 -0.141368 -0.045793 -0.056312 0.023448 -0.092777 0.254513 0.063048 0.174761 0.100680 0.393770 -0.111610 -0.265912 -0.165432 0.121297 -0.070340 -0.198823 -0.265531 0.126346 -0.017353 0.023532 0.266113 0.093816 -0.334635 0.046662 -0.051406 0.139320 0.097307 0.076658 0.073877 0.074186 -0.144655 0.075574 -0.031491 0.125340 0.019319 -0.151075 -0.276864 -0.217469 0.022102 -0.178240 -0.044705 -0.090598 -0.015466 -0.131324 -0.147716 0.040761 0.296135 -0.169118 -0.175203 -0.186662 -0.214436 0.066806 -0.085751 -0.167939 0.173035 -0.200138 -0.140620 0.080740 0.012753 0.050591 -0.305009
0.399896 0.610229 -0.346109 -0.194123 -0.373946 -0.205523 -0.113936 0.010271 -0.072420 0.087194 0.361605 0.617788 0.381984 1.000000 0.298291 0.707013 0.225514 0.328877 -0.098816 0.075817 -0.167523 -0.176342 -0.337766 -0.406282 -0.330304 -0.417142 -0.347838 -0.354733 0.380150 0.395139 -0.314605 -0.276508 0.164060 -0.069533 -0.298254 -0.212699 0.098363 0.095953 -0.214495 -0.468398 0.235350 0.346122 0.207478 -0.105053 -0.052827 -0.289403 0.096256 -0.309436 -0.072027 0.091260 -0.127707 -0.014690 0.121602 0.096383 -0.079632 -0.272928 0.129454 0.219222 0.121977 -0.056756 0.299616 0.511412 0.177583 0.409403 -0.144786 -0.041865 -0.367190 -0.343757 0.086408 -0.139366 -0.382718 -0.307079 0.302931 0.228122 0.182273 0.271991 -0.161377 -0.397354 0.165195 0.083914 0.395081 0.417447 -0.003886 0.251252 0.084236 0.037479 -0.239651 -0.316720 -0.169908 0.026703 -0.014830 -0.342623 -0.144267 -0.118346 -0.112060 -0.343585 -0.214266 0.001754 0.046571 0.182887 0.045922 0.144310 0.029989 0.128732 0.066156 0.104968 0.222616 -0.402797 -0.258594 0.069348 -0.393661 0.203201 0.116272 0.033751 -0.066345 0.110518
0.082116 0.169754 -0.252851 -0.094578 -0.176886 -0.045538 0.079887 0.042004 -0.011353 -0.105738 0.394896 0.368661 0.543148 0.298291 1.000000 0.525960 -0.087886 0.061318 0.009467 -0.057914 0.193655 0.079171 0.141555 -0.006892 -0.056365 -0.064710 0.140933 0.012496 0.293078 0.158727 -0.014572 -0.106703 -0.086072 -0.120522 0.074484 0.000559 0.045294 -0.079127 0.099534 -0.386880 -0.012018 0.008619 -0.061984 -0.133446 -0.156392 -0.420538 -0.106909 -0.264465 -0.076941 -0.201885 0.085818 -0.015911 0.031125 0.065908 -0.106353 -0.213819 0.147090 -0.020454 -0.070983 -0.175696 0.075388 -0.033198 0.004593 0.046391 0.270526 -0.109420 -0.361534 -0.255866 0.012321 -0.120890 -0.133585 -0.031963 0.143692 0.040656 0.212046 0.301938 0.009033 -0.290389 0.082412 0.021310 0.155883 0.122929 0.324989 0.118429 0.381341 0.040844 0.052958 -0.007309 0.361587 0.040066 -0.124086 -0.220334 -0.162088 0.056783 -0.042177 -0.269121 0.032840 -0.059663 -0.105422 0.060661 -0.027776 0.284329 0.096849 -0.009340 0.084460 -0.006070 0.216510 -0.231634 -0.189987 0.024915 -0.136804 -0.153282 0.106453 0.111284 0.163275 -0.086250
0.201072 0.432326 -0.283308 -0.053198 -0.186100 0.023239 0.005986 0.150500 0.044169 0.246998 0.352383 0.554003 0.309657 0.707013 0.525960 1.000000 0.048554 0.203334 0.053379 0.183328 0.047177 -0.143848 -0.294876 -0.190710 -0.295730 -0.265585 -0.174990 -0.204525 0.406711 0.325941 -0.179254 -0.211045 0.008961 -0.143514 -0.288298 -0.258486 0.169856 0.054578 -0.033281 -0.286890 0.146896 0.181402 0.005811 -0.231286 -0.105689 -0.404020 0.157101 -0.337201 -0.083188 -0.031453 -0.071735 0.019793 0.165020 0.233625 -0.043158 -0.082015 0.223030 0.100092 -0.076682 -0.177751 0.131795 0.260277 0.097944 0.239911 -0.059121 -0.102753 -0.521290 -0.414468 -0.046185 -0.176420 -0.285757 -0.185578 0.315559 0.088495 0.307576 0.239402 -0.140439 -0.321701 -0.005552 -0.011561 0.263721 0.282041 0.203732 0.349059 0.081308 0.024669 -0.190928 -0.174413 -0.064728 0.138844 0.055657 -0.219074 -0.091838 -0.101884 -0.071832 -0.103573 -0.181887 0.066633 0.034527 0.162758 0.024775 0.141214 -0.070828 0.049010 -0.082177 0.060866 0.173455 -0.276625 -0.215200 0.090643 -0.382284 0.027523 0.073899 0.176280 0.230033 0.029034
0.220692 0.200449 -0.357627 -0.447442 -0.339153 -0.220540 -0.112657 -0.200935 -0.031774 0.093809 0.118402 -0.114791 0.094216 0.225514 -0.087886 0.048554 1.000000 0.639140 0.172112 0.151357 -0.136111 -0.177673 -0.331709 -0.440566 -0.225102 -0.358248 -0.311336 -0.435516 0.540881 0.533871 -0.090070 -0.135334 0.283686 0.279552 -0.265846 -0.301877 0.274461 0.309544 -0.137203 -0.030563 0.187980 0.200668 -0.230771 -0.300346 -0.052485 -0.406407 -0.169128 -0.220146 -0.107826 -0.150019 -0.360030 -0.082265 -0.042223 -0.074981 0.105289 -0.075927 0.275184 0.324913 0.126804 0.007339 0.452131 0.329997 0.654442 0.665616 -0.041274 -0.367699 -0.104716 -0.402209 0.254792 -0.157953 -0.003652 -0.095554 0.591409 0.413884 0.363996 0.305216 0.301258 0.178927 0.419611 0.431319 0.511825 0.508458 -0.020368 0.074628 -0.224767 -0.209853 0.062643 -0.209132 -0.243618 -0.114233 -0.149077 -0.190586 -0.205446 0.055765 -0.310045 -0.096512 -0.330899 -0.227485 0.007070 0.042084 0.060557 0.142610 0.152754 0.104015 -0.236976 -0.072168 0.055615 0.029961 -0.073008 -0.094851 -0.189358 0.045709 0.065031 -0.023528 -0.030850 0.114297
0.141001 0.241434 -0.265961 -0.550956 -0.284359 -0.391815 -0.086140 -0.274945 -0.048396 0.036904 -0.016047 0.000175 -0.025707 0.328877 0.061318 0.203334 0.639140 1.000000 0.111786 0.021968 -0.243071 -0.076920 -0.575033 -0.685673 -0.493546 -0.551277 -0.448949 -0.533045 0.611187 0.715593 -0.304783 -0.308116 0.209307 0.129066 -0.189281 -0.473188 0.509906 0.193829 0.081701 -0.039704 0.426833 0.396191 -0.007136 -0.262866 0.126110 -0.371477 0.083391 -0.152086 -0.033283 0.036456 -0.336378 0.066890 0.159345 0.132295 0.264646 -0.053483 0.303779 0.628747 0.016167 -0.028222 0.419611 0.351467 0.604556 0.726102 -0.232049 -0.543611 -0.255810 -0.531673 0.163840 -0.221191 -0.076547 -0.191819 0.642023 0.463711 0.306393 0.245390 0.201293 0.205297 0.451868 0.642635 0.563971 0.776627 0.037265 0.358239 -0.224907 -0.189358 -0.179824 -0.354585 -0.430402 -0.122581 -0.039563 -0.233934 -0.282983 -0.115922 -0.102104 -0.300770 -0.318612 -0.086400 0.284076 0.184858 0.165569 0.095353 0.292897 0.162444 0.057445 0.236346 0.034617 -0.173083 -0.067932 -0.023404 -0.427784 0.211000 0.263989 0.007225 -0.020634 0.278409
0.203317 -0.128648 0.408002 -0.092487 0.228753 0.061151 0.565026 0.008870 0.314956 0.159275 0.065892 -0.167685 0.136750 -0.098816 0.009467 0.053379 0.172112 0.111786 1.000000 0.394420 -0.057115 -0.098862 -0.066814 -0.043684 -0.169423 0.036304 0.000498 -0.036430 0.071276 -0.021336 0.047799 -0.101366 -0.053385 0.064177 -0.292115 0.030874 -0.013305 -0.127517 0.053413 0.117595 -0.028796 -0.027592 0.083888 -0.149685 0.088645 -0.249656 0.136813 -0.035593 -0.115790 -0.074783 -0.156727 -0.215695 0.032700 0.024970 -0.001900 -0.027998 0.127660 0.183727 -0.051615 -0.070763 0.111610 -0.099271 0.136814 -0.041248 0.271919 -0.221234 -0.228063 -0.275251 0.198272 0.069574 0.046296 -0.232430 0.037977 -0.045786 0.068251 -0.039018 0.073135 -0.011925 0.029183 0.188221 -0.198587 -0.052758 0.111089 0.009257 -0.258496 -0.282733 0.067810 -0.029650 0.047765 -0.206050 0.176808 0.216077 0.010909 0.198841 -0.036974 0.266654 -0.164443 0.102921 0.175025 -0.012769 0.019270 0.175688 -0.101726 -0.114067 -0.070791 0.079095 0.058518 0.155027 0.121006 -0.097154 -0.042922 0.078401 -0.110456 -0.066390 -0.054709 -0.048972
0.195757 0.143280 0.150258 -0.131986 0.222643 0.186708 0.202223 -0.201821 0.132100 0.193767 0.154539 0.085947 0.126623 0.075817 -0.057914 0.183328 0.151357 0.021968 0.394420 1.000000 -0.118876 -0.205008 -0.360616 -0.089944 -0.387231 -0.375044 -0.167009 -0.088978 0.147633 0.087067 -0.300252 -0.239323 0.096879 -0.052223 -0.424200 -0.229351 0.183178 -0.122998 -0.189474 0.063059 0.020988 0.006151 -0.088326 -0.285099 0.051448 -0.277482 -0.096924 -0.189655 0.020571 -0.064954 -0.217248 -0.186338 0.098152 -0.118829 -0.134942 -0.130838 0.158944 0.227506 0.007673 0.259425 0.134159 0.009103 0.352444 0.000947 -0.207427 -0.403086 -0.049309 -0.012173 0.387190 0.534265 -0.072163 -0.042349 0.058747 -0.064042 0.010540 0.031723 0.007367 -0.019147 0.061417 -0.006355 0.087966 0.050534 0.172951 0.373709 -0.319642 -0.107299 -0.257308 -0.200074 -0.179869 0.021202 0.419840 0.284871 0.080689 0.030923 -0.168327 0.198843 -0.266758 0.076256 0.115530 -0.184935 0.152358 0.164272 -0.039387 0.030682 -0.057358 -0.081085 0.033700 0.064113 0.006172 -0.021667 -0.318650 -0.010423 -0.014264 -0.298214 -0.026505 -0.054055
-0.049097 -0.114445 -0.074554 0.122850 0.298351 0.455546 -0.122888 0.178224 0.206471 0.017936 0.175520 -0.006370 -0.135027 -0.167523 0.193655 0.047177 -0.136111 -0.243071 -0.057115 -0.118876 1.000000 0.612482 0.140476 0.249865 0.215591 0.263501 0.555619 0.505474 -0.257993 -0.348184 0.012804 -0.081482 -0.245778 -0.311644 0.367002 0.238977 -0.327308 -0.335139 -0.022122 -0.176398 -0.289088 -0.436105 -0.261919 -0.109353 -0.247494 0.014590 -0.155043 -0.180050 -0.176370 -0.171000 0.166854 -0.003654 0.074743 0.096174 -0.157200 -0.087067 0.191461 -0.068243 -0.083677 -0.145580 -0.152691 -0.176214 -0.140464 -0.174173 0.233321 0.208436 -0.094319 0.177453 0.025631 -0.081592 0.197151 0.156739 -0.215228 -0.123959 0.013161 -0.041016 -0.097609 0.067090 -0.243374 -0.221823 -0.074321 -0.187857 -0.136205 -0.333059 0.257175 0.117310 -0.188353 -0.111250 0.114463 -0.276417 0.084704 0.181178 0.404304 0.345425 -0.183666 -0.005953 -0.105839 -0.150998 -0.053256 0.139009 0.079182 -0.015369 0.299859 0.029837 0.180183 0.257610 0.140198 0.393847 0.033958 -0.114831 0.043964 -0.028730 0.162313 0.306876 0.348169 -0.018733
0.068897 -0.179518 0.081242 0.040685 0.378383 0.373402 -0.138743 0.064930 0.126819 -0.080827 0.037164 -0.185660 -0.179214 -0.176342 0.079171 -0.143848 -0.177673 -0.076920 -0.098862 -0.205008 0.612482 1.000000 0.157063 0.261855 0.219264 0.307776 0.628406 0.537221 -0.442253 -0.441198 -0.088573 -0.100176 -0.360701 -0.450479 0.252787 0.189684 -0.353148 -0.245356 0.045643 0.127934 -0.284888 -0.353076 -0.035118 0.032070 -0.001381 0.099820 -0.106193 0.038197 0.095439 -0.064758 0.281592 0.111267 0.120113 0.130980 0.023870 -0.014439 0.230692 0.054870 -0.074302 -0.143373 -0.244843 -0.236220 -0.242276 -0.308442 0.056178 0.184844 -0.073306 0.172109 -0.031952 -0.010485 0.124853 0.025592 -0.385748 -0.071425 -0.152338 -0.166560 -0.213309 0.110551 -0.097913 -0.126625 -0.081541 -0.155921 -0.167457 -0.308663 0.132308 0.130095 -0.229261 0.044243 0.099157 -0.218472 0.085904 0.152230 0.308235 0.243461 -0.074607 0.052071 0.002238 0.065779 0.207678 0.107302 -0.043247 -0.098259 0.153843 -0.029648 0.224586 0.308207 0.098989 0.394494 0.150799 -0.097599 0.118905 -0.055993 0.176031 0.252536 0.169395 -0.126102
-0.290462 -0.345823 0.111792 0.455746 0.029642 0.167290 0.022758 0.039051 -0.118327 -0.326984 0.028469 -0.083640 0.154630 -0.337766 0.141555 -0.294876 -0.331709 -0.575033 -0.066814 -0.360616 0.140476 0.157063 1.000000 0.700823 0.727794 0.682263 0.589186 0.509347 -0.402385 -0.450025 0.529467 0.480607 -0.065686 0.102036 0.391785 0.526985 -0.420619 -0.029368 -0.068725 0.070683 -0.221254 -0.275374 -0.019482 0.383176 -0.250944 0.146798 -0.187319 0.197107 -0.150309 -0.205095 0.296260 -0.108845 -0.339436 -0.118441 -0.194631 -0.005748 -0.254333 -0.454672 -0.259750 -0.367411 -0.518063 -0.548366 -0.431950 -0.527251 0.465839 0.370758 0.041853 0.262568 0.004633 -0.033406 0.101754 0.099531 -0.382373 -0.149791 -0.071514 -0.001261 -0.026160 -0.103321 -0.112806 -0.214150 -0.300849 -0.503440 -0.030888 -0.424228 0.376132 0.197804 0.399175 0.509403 0.533204 0.080383 -0.352321 0.021766 -0.141418 0.135212 -0.025018 0.224490 0.249486 0.152189 -0.408099 -0.230711 -0.379486 -0.031345 -0.397953 -0.261206 -0.047196 -0.269140 -0.006274 0.061012 0.191739 0.018925 0.570045 -0.277924 -0.291126 0.040454 -0.103690 -0.356021
-0.423098 -0.493047 0.214837 0.712680 0.312107 0.591261 0.022197 0.241611 0.072824 -0.026007 -0.102095 -0.055764 -0.070781 -0.406282 -0.006892 -0.190710 -0.440566 -0.685673 -0.043684 -0.089944 0.249865 0.261855 0.700823 1.000000 0.657612 0.798580 0.675859 0.720361 -0.529620 -0.575667 0.487229 0.566699 -0.257930 -0.032266 0.188158 0.447939 -0.509222 -0.085509 -0.175085 0.134928 -0.322028 -0.319247 -0.151932 0.194134 -0.241104 0.207930 -0.153045 0.129285 -0.163833 -0.141632 0.238441 -0.083934 -0.214526 -0.055386 -0.250896 -0.073768 -0.250395 -0.506705 -0.257434 -0.329138 -0.580903 -0.518948 -0.522964 -0.676766 0.429529 0.466391 -0.107779 0.340079 -0.151489 0.057276 0.232125 0.338035 -0.510947 -0.245682 -0.151711 -0.051709 -0.179430 -0.096417 -0.291901 -0.390889 -0.480800 -0.667419 -0.035698 -0.201418 0.208581 0.211235 0.200033 0.501771 0.516510 0.119113 -0.014110 0.266215 0.234030 0.061235 -0.005119 0.286540 0.046677 0.148934 -0.220371 -0.350548 -0.392719 -0.090002 -0.417775 -0.369280 -0.123790 -0.245119 -0.075458 0.089473 0.074733 -0.043174 0.450246 -0.243531 -0.403930 0.009672 0.042536 -0.377740
-0.251523 -0.250760 -0.001287 0.451218 -0.009464 0.252680 -0.158579 -0.030317 -0.220217 -0.209386 -0.024947 -0.118411 -0.152924 -0.330304 -0.056365 -0.295730 -0.225102 -0.493546 -0.169423 -0.387231 0.215591 0.219264 0.727794 0.657612 1.000000 0.783396 0.620536 0.590822 -0.449091 -0.416226 0.547412 0.515981 -0.082315 0.064140 0.389443 0.383860 -0.464076 0.141366 -0.037805 0.167216 -0.232349 -0.190676 -0.084885 0.298539 -0.396926 0.017024 -0.181309 0.175365 -0.389510 -0.420678 0.114568 -0.189166 -0.364939 -0.095900 -0.030284 -0.007286 -0.175734 -0.329792 -0.232853 -0.387156 -0.458627 -0.441675 -0.467360 -0.445724 0.421802 0.404839 -0.020376 0.123827 0.063652 -0.019430 0.165297 0.260793 -0.388773 -0.049054 0.002055 -0.000215 0.034160 0.069992 -0.155328 -0.221291 -0.271770 -0.428788 -0.044566 -0.385371 0.410924 0.413273 0.424319 0.636063 0.483234 0.234628 -0.309811 0.074609 0.002441 0.054415 0.009153 0.246971 0.274423 0.060857 -0.428151 -0.167278 -0.365219 -0.298329 -0.355121 -0.303419 -0.173173 -0.316317 -0.051074 0.143665 0.125637 0.020260 0.617750 -0.253006 -0.251017 0.148603 -0.095247 -0.235385
-0.325579 -0.471325 0.188842 0.543961 0.169299 0.473720 0.031178 0.140331 0.058738 0.000359 -0.167825 -0.243454 -0.134852 -0.417142 -0.064710 -0.265585 -0.358248 -0.551277 0.036304 -0.375044 0.263501 0.307776 0.682263 0.798580 0.783396 1.000000 0.658609 0.692355 -0.589210 -0.551972 0.523810 0.519707 -0.290710 -0.008509 0.293842 0.539053 -0.448711 0.012282 -0.098024 0.172983 -0.187177 -0.154013 -0.005020 0.303746 -0.211002 0.174463 -0.005706 0.266814 -0.173950 -0.158946 0.281185 0.000584 -0.133222 0.120422 -0.125176 0.079307 -0.219349 -0.403080 -0.212095 -0.360133 -0.486689 -0.427044 -0.558447 -0.562178 0.480530 0.473520 -0.108391 0.131740 -0.103851 -0.139225 0.189627 0.243595 -0.502525 -0.092518 -0.068460 -0.120134 -0.125993 0.032456 -0.275947 -0.242634 -0.483166 -0.541126 -0.197128 -0.358982 0.193791 0.118660 0.284982 0.496974 0.466738 0.081910 -0.136789 0.214890 0.213254 0.100317 0.035760 0.258305 0.172628 0.057095 -0.130232 -0.238339 -0.376927 -0.245047 -0.400653 -0.352412 -0.119054 -0.151753 -0.148044 0.139410 0.090530 -0.174902 0.497487 -0.245926 -0.269697 0.056807 -0.026601 -0.197170
-0.100267 -0.358484 0.238515 0.410749 0.312947 0.553588 -0.041709 0.041902 0.043392 -0.137858 0.118289 -0.083656 -0.081846 -0.347838 0.140933 -0.174990 -0.311336 -0.448949 0.000498 -0.167009 0.555619 0.628406 0.589186 0.675859 0.620536 0.658609 1.000000 0.854949 -0.584607 -0.680282 0.170121 0.136841 -0.481842 -0.433412 0.308272 0.392542 -0.532437 -0.244488 -0.094152 0.090429 -0.406525 -0.440015 -0.093562 0.151749 -0.203865 0.122242 -0.072043 0.123318 0.008162 -0.214867 0.399718 0.034263 -0.027425 0.093254 -0.050979 -0.094708 0.047360 -0.171437 -0.200707 -0.288974 -0.509426 -0.557871 -0.452039 -0.617835 0.303308 0.322084 -0.129052 0.272346 -0.011090 -0.012445 0.272620 0.203090 -0.605006 -0.187925 -0.223346 -0.119056 -0.164346 0.083518 -0.285183 -0.391989 -0.329346 -0.522261 -0.127437 -0.442070 0.313751 0.291859 0.026553 0.344152 0.435309 -0.051142 0.070797 0.219930 0.265017 0.244169 -0.118541 0.133325 0.113446 0.079924 -0.047188 -0.110019 -0.117930 -0.102601 -0.115870 -0.172124 0.156978 -0.007524 0.045523 0.360316 0.143142 -0.150134 0.436004 -0.190696 -0.088414 0.173561 -0.000100 -0.273214
-0.174410 -0.362708 0.315907 0.474150 0.389229 0.741047 0.008950 -0.005856 0.149214 -0.070708 0.033343 -0.039523 -0.162879 -0.354733 0.012496 -0.204525 -0.435516 -0.533045 -0.036430 -0.088978 0.505474 0.537221 0.509347 0.720361 0.590822 0.692355 0.854949 1.000000 -0.711396 -0.711080 0.087668 0.110651 -0.505593 -0.477873 0.332513 0.421888 -0.483605 -0.264353 -0.213297 0.039859 -0.371085 -0.338659 -0.072283 0.102669 -0.202577 0.209126 -0.069626 0.033127 -0.024022 -0.149870 0.399536 0.052508 0.023077 0.053033 -0.088336 -0.086278 -0.046517 -0.206059 -0.153695 -0.175655 -0.532183 -0.561462 -0.578945 -0.679695 0.247897 0.303652 -0.037309 0.399700 0.037883 0.112662 0.262858 0.233119 -0.720379 -0.261731 -0.296983 -0.188205 -0.248629 -0.000886 -0.264687 -0.415069 -0.383013 -0.540677 -0.180168 -0.338960 0.204662 0.327785 -0.037833 0.328698 0.361774 0.001648 0.192403 0.357467 0.447108 0.306895 -0.139787 0.156382 0.087047 0.216072 -0.061707 -0.154464 -0.047121 -0.120718 -0.057231 -0.156090 0.201553 0.006479 -0.016893 0.246153 0.096934 -0.141965 0.346826 -0.327162 -0.074665 0.171469 -0.003077 -0.187798
0.090167 0.394053 -0.414601 -0.258221 -0.447854 -0.532252 -0.012975 -0.025741 -0.201206 0.017615 0.267353 0.308429 0.266993 0.380150 0.293078 0.406711 0.540881 0.611187 0.071276 0.147633 -0.257993 -0.442253 -0.402385 -0.529620 -0.449091 -0.589210 -0.584607 -0.711396 1.000000 0.872422 0.107241 0.082883 0.516759 0.465125 -0.266176 -0.589234 0.512670 0.309673 0.010232 -0.210241 0.486234 0.384836 -0.100229 -0.139574 -0.017403 -0.469262 -0.071819 -0.230446 -0.314486 -0.163293 -0.543672 -0.217349 -0.166840 0.018614 -0.004395 -0.101076 0.244017 0.195527 -0.172979 -0.227533 0.350827 0.292980 0.609371 0.627171 -0.077761 -0.474168 -0.354306 -0.629111 0.039856 -0.291915 -0.079980 -0.038468 0.904858 0.532729 0.581557 0.506000 0.479498 0.072752 0.341107 0.469449 0.512954 0.602732 0.308287 0.439756 0.065183 0.011028 0.123069 -0.117726 -0.259465 -0.005508 -0.286780 -0.399832 -0.458502 -0.313329 0.097287 -0.174647 -0.223364 -0.106646 -0.097228 0.103210 0.009939 0.099911 0.005713 -0.074367 -0.335328 -0.201542 -0.097964 -0.357981 -0.128716 0.062734 -0.354370 0.204904 0.035837 0.061288 0.077519 0.117884
0.028611 0.342828 -0.404962 -0.396140 -0.466766 -0.499133 -0.089421 -0.137830 -0.224077 0.062432 0.062923 0.211328 0.112419 0.395139 0.158727 0.325941 0.533871 0.715593 -0.021336 0.087067 -0.348184 -0.441198 -0.450025 -0.575667 -0.416226 -0.551972 -0.680282 -0.711080 0.872422 1.000000 -0.008482 0.019678 0.513230 0.487475 -0.242343 -0.540315 0.590687 0.346604 0.096171 -0.179625 0.570593 0.526033 -0.004935 -0.179034 0.030534 -0.463326 -0.032671 -0.214335 -0.271301 -0.132259 -0.495891 -0.096991 -0.071874 0.036281 0.085509 -0.082521 0.172206 0.320690 -0.127806 -0.132271 0.374752 0.369299 0.581843 0.691614 -0.187299 -0.529854 -0.301840 -0.632034 0.093041 -0.224534 -0.089181 -0.060334 0.848560 0.552301 0.543068 0.406966 0.374017 0.083271 0.450936 0.582751 0.570028 0.729508 0.188585 0.500102 -0.041901 -0.066171 0.046408 -0.189330 -0.333853 0.021312 -0.264917 -0.319837 -0.451249 -0.246544 0.057079 -0.261317 -0.234149 -0.099625 -0.035931 0.062993 -0.013401 0.093688 0.088287 0.035750 -0.221911 -0.079751 -0.013598 -0.412251 -0.112610 0.053835 -0.377765 0.178256 0.092148 -0.024893 0.085232 0.292327
-0.357160 -0.226967 -0.059837 0.479722 -0.150263 -0.067935 0.057785 0.266989 -0.248932 -0.212420 -0.058942 -0.037977 -0.068100 -0.314605 -0.014572 -0.179254 -0.090070 -0.304783 0.047799 -0.300252 0.012804 -0.088573 0.529467 0.487229 0.547412 0.523810 0.170121 0.087668 0.107241 -0.008482 1.000000 0.894778 0.229145 0.491619 0.132742 0.031283 -0.184719 0.194713 0.072261 0.100497 0.106871 0.014022 0.015053 0.430142 -0.227224 -0.043556 -0.090879 0.205015 -0.594271 -0.363522 -0.319148 -0.446559 -0.569190 -0.064181 -0.246907 0.063529 -0.019546 -0.353855 -0.440867 -0.557351 -0.381853 -0.253968 -0.181293 -0.191807 0.409757 0.281606 -0.223298 -0.229420 -0.068548 -0.267253 0.102837 0.264667 0.119637 0.185795 0.280256 0.183208 0.319744 0.064119 -0.039383 0.070615 -0.214778 -0.278695 0.218978 -0.072281 0.358416 0.290183 0.604638 0.607942 0.363443 0.122784 -0.506731 -0.119231 -0.252778 -0.230788 0.290808 0.291716 0.085979 0.061815 -0.330458 -0.082443 -0.395821 -0.243943 -0.434180 -0.514781 -0.513571 -0.474918 -0.378001 -0.114832 0.094780 0.026676 0.355637 -0.022116 -0.366674 0.136505 -0.033834 -0.306362
-0.447239 -0.263404 -0.095121 0.600052 -0.186996 -0.006134 -0.065064 0.291134 -0.244126 -0.168781 -0.117320 -0.006748 -0.057872 -0.276508 -0.106703 -0.211045 -0.135334 -0.308116 -0.101366 -0.239323 -0.081482 -0.100176 0.480607 0.566699 0.515981 0.519707 0.136841 0.110651 0.082883 0.019678 0.894778 1.000000 0.211153 0.543388 0.087238 -0.016649 -0.129812 0.232518 0.016262 0.118245 0.135768 0.029817 0.053371 0.424752 -0.181511 0.003557 -0.091934 0.204596 -0.534566 -0.263225 -0.351496 -0.415318 -0.505601 -0.071990 -0.183519 -0.015809 -0.167979 -0.412936 -0.456705 -0.532062 -0.358085 -0.244323 -0.121275 -0.232336 0.348708 0.283752 -0.220239 -0.201892 -0.087250 -0.221513 0.070768 0.318391 0.101643 0.228947 0.262392 0.255782 0.247532 0.091702 -0.028872 0.067594 -0.167674 -0.273203 0.173914 0.054444 0.328122 0.319876 0.511848 0.656494 0.324386 0.229981 -0.444275 -0.122285 -0.209561 -0.328522 0.206255 0.275456 0.007992 0.043449 -0.286407 -0.233913 -0.412415 -0.253997 -0.474995 -0.540679 -0.546642 -0.518056 -0.375816 -0.149618 0.054523 0.046805 0.341645 -0.026440 -0.393180 0.014764 -0.048978 -0.385629
0.062493 0.472175 -0.348229 -0.035329 -0.349884 -0.446783 -0.251046 -0.183681 -0.299566 -0.199494 0.074283 0.212724 0.112300 0.164060 -0.086072 0.008961 0.283686 0.209307 -0.053385 0.096879 -0.245778 -0.360701 -0.065686 -0.257930 -0.082315 -0.290710 -0.481842 -0.505593 0.516759 0.513230 0.229145 0.211153 1.000000 0.627373 -0.114894 -0.239401 0.303413 0.353994 0.100169 0.014340 0.270055 0.230341 -0.126619 0.067858 -0.142434 -0.262254 -0.250738 -0.098885 -0.342335 -0.219112 -0.308702 -0.202057 -0.328038 -0.131190 0.022314 0.099698 0.056285 0.087692 -0.211996 -0.203754 0.140013 0.089696 0.416756 0.423694 -0.098000 -0.284009 -0.063614 -0.257574 0.314994 0.003746 -0.147187 -0.129563 0.545876 0.339840 0.466650 0.271971 0.342594 -0.058442 0.225848 0.255718 0.402751 0.351465 0.062530 0.116962 -0.016073 0.158158 0.200911 0.045389 -0.290600 -0.016046 -0.501544 -0.373381 -0.442435 -0.209223 0.041414 0.101163 0.022444 0.035511 -0.386654 -0.079055 -0.295075 -0.199361 -0.182978 -0.175720 -0.359508 -0.254924 -0.010949 -0.258114 -0.079946 0.170331 -0.103127 0.054317 -0.092209 -0.075634 0.032676 0.020274
-0.214259 0.110591 -0.288188 0.137502 -0.288138 -0.317655 0.053501 0.196048 -0.072992 0.072984 -0.083817 -0.027326 0.135683 -0.069533 -0.120522 -0.143514 0.279552 0.129066 0.064177 -0.052223 -0.311644 -0.450479 0.102036 -0.032266 0.064140 -0.008509 -0.433412 -0.477873 0.465125 0.487475 0.491619 0.543388 0.627373 1.000000 -0.033114 -0.091366 0.176196 0.365962 0.053220 0.135885 0.219702 0.165002 -0.193125 0.039309 -0.161894 -0.209784 -0.202709 -0.061608 -0.447367 -0.155643 -0.464440 -0.273967 -0.393102 -0.165986 -0.075264 0.088614 -0.174653 -0.107463 -0.145416 -0.261933 0.216756 0.192553 0.324953 0.373720 0.285572 -0.038819 -0.085825 -0.327722 0.096876 -0.215493 -0.031238 0.046318 0.501490 0.323525 0.361495 0.373794 0.358124 0.106995 0.113751 0.264277 0.078900 0.138679 -0.007314 0.125930 -0.011906 -0.141967 0.357014 0.159500 -0.027501 -0.038059 -0.480359 -0.301699 -0.447983 -0.367820 0.061139 0.196228 -0.050601 -0.186270 -0.369179 -0.324048 -0.355134 -0.172164 -0.305060 -0.328807 -0.532082 -0.391908 -0.057167 -0.166849 -0.041355 0.131188 0.006477 -0.024257 -0.301292 -0.247213 -0.082896 -0.105223
-0.213792 -0.212913 -0.073216 0.072324 0.038360 0.018662 -0.076128 -0.004226 -0.032669 -0.227276 -0.104444 -0.064224 -0.148697 -0.298254 0.074484 -0.288298 -0.265846 -0.189281 -0.292115 -0.424200 0.367002 0.252787 0.391785 0.188158 0.389443 0.293842 0.308272 0.332513 -0.266176 -0.242343 0.132742 0.087238 -0.114894 -0.033114 1.000000 0.445990 -0.189538 -0.199023 0.025026 -0.098428 -0.047313 -0.188198 -0.095405 0.151936 -0.182935 0.241095 -0.162935 -0.006730 -0.148448 -0.064632 0.224050 0.102776 -0.158814 -0.103174 -0.109097 -0.143847 -0.147175 -0.080691 0.014733 -0.128100 -0.205886 -0.228247 -0.262109 -0.173607 0.292684 0.281823 0.280030 0.309271 -0.068351 -0.202525 0.212795 0.251966 -0.175683 -0.047513 -0.103538 -0.080221 0.068067 0.085480 -0.268862 -0.193460 -0.111638 -0.124410 -0.123328 -0.322709 0.314125 0.111426 -0.020049 -0.014836 0.213246 -0.228112 -0.106051 0.038899 0.094631 0.131053 -0.009278 -0.181665 0.182280 -0.151556 -0.142545 -0.003393 0.129819 -0.153468 0.158737 -0.079013 0.241779 0.092652 0.005347 -0.040746 0.059511 -0.140131 0.239624 -0.205468 0.111772 0.227471 -0.074226 -0.052562
-0.133652 -0.325233 0.119952 0.178581 0.212634 0.292457 -0.006860 0.139150 0.111268 -0.053297 -0.126751 -0.166790 -0.004533 -0.212699 0.000559 -0.258486 -0.301877 -0.473188 0.030874 -0.229351 0.238977 0.189684 0.526985 0.447939 0.383860 0.539053 0.392542 0.421888 -0.589234 -0.540315 0.031283 -0.016649 -0.239401 -0.091366 0.445990 1.000000 -0.566528 -0.251476 -0.141740 -0.059812 -0.477158 -0.360861 -0.005224 0.203091 -0.161486 0.339003 -0.121151 0.180679 0.098971 0.066389 0.467241 0.116776 -0.086049 -0.144034 -0.375964 -0.164558 -0.255250 -0.184098 0.133405 0.046559 -0.255831 -0.197553 -0.441200 -0.429524 0.385494 0.522276 0.260374 0.586492 -0.033040 0.189447 -0.034001 -0.062686 -0.490064 -0.331384 -0.291248 -0.358679 -0.344311 -0.352965 -0.203263 -0.288077 -0.318087 -0.405817 -0.187262 -0.590377 0.010218 -0.239199 -0.001906 -0.003014 0.429543 -0.171728 0.017853 0.258845 0.228586 0.312974 -0.128078 0.054722 0.131569 -0.060418 -0.163805 -0.176998 -0.240678 0.063357 -0.092675 0.034443 0.297961 0.112967 0.352360 0.137225 0.049469 -0.073790 0.489050 -0.140937 -0.041500 -0.122092 0.010453 -0.122248
