1.000000 0.628430 -0.010725 -0.421135 0.160396 -0.159626 0.265358 0.206430 0.057429 -0.013839 0.420346 0.107040 0.367468 0.119566 0.105628 -0.140668 0.469086 0.317466 0.746682 0.437477 -0.299118 -0.506178 -0.438249 -0.590832 -0.365187 -0.628623 -0.351479 -0.539917 0.549411 0.414041 -0.275216 -0.409808 0.396964 0.113308 -0.300876 -0.477174 -0.030230 0.259131 -0.058750 -0.274219 -0.210636 0.032492 -0.164686 -0.316271 -0.324752 -0.517995 -0.277252 -0.294808 -0.300619 -0.160888 -0.483703 -0.244931 -0.061225 -0.167262 -0.110546 -0.323767 0.394370 0.301167 0.289607 -0.021436 0.485473 0.399265 -0.141074 0.199415 -0.109976 -0.351740 -0.049724 -0.482871 0.078600 -0.037301 0.046600 0.006774 0.423570 0.206286 0.138001 0.375365 0.229441 0.157913 0.037892 -0.026733 0.042449 0.106568 0.044869 -0.060986 0.140257 0.094604 -0.317730 -0.341085 -0.108768 -0.283473 0.221148 0.371172 -0.135339 0.249103 0.095296 0.070526 -0.407471 -0.273824 0.069537 0.019186 0.205107 0.242857 0.127703 0.092470 -0.077369 0.075363 0.285062 0.037394 0.062798 -0.240129 -0.143630 0.231248 -0.062901 0.156377 -0.073038 -0.094278
0.628430 1.000000 -0.205656 -0.277753 0.102077 0.122246 0.035290 0.180499 0.153023 0.167158 0.170580 0.206614 0.144007 0.131356 -0.142949 -0.083909 0.268655 0.487402 0.516873 0.428046 -0.231954 -0.410575 -0.338033 -0.368742 -0.370929 -0.531572 -0.310521 -0.288760 0.269237 0.420581 -0.308721 -0.304105 0.206224 0.087615 -0.451604 -0.623977 -0.227784 0.405584 -0.012551 -0.145006 -0.156988 0.073153 -0.123353 -0.225161 -0.385715 -0.537364 -0.184039 -0.282146 -0.194257 -0.112273 -0.377351 0.002005 0.062104 0.093995 -0.307322 -0.074964 0.494803 0.427344 -0.057119 -0.002835 0.038500 0.448082 -0.103381 0.342305 -0.287603 -0.331773 -0.192567 -0.518536 0.138075 0.029022 0.067768 0.072824 0.353388 0.157299 0.021126 0.373553 0.317145 0.219353 -0.062799 0.093589 -0.020549 0.122951 -0.054422 -0.065171 -0.051335 0.165339 -0.375840 -0.214509 -0.299687 -0.179986 0.194381 0.348759 -0.065869 0.229867 0.231693 0.034683 -0.247572 -0.009185 0.109875 0.190753 0.330867 0.120736 0.128952 0.182739 0.003947 0.138002 0.085100 0.064740 0.318906 -0.104364 -0.168164 0.312915 0.002249 0.234829 0.055344 0.086026
-0.010725 -0.205656 1.000000 0.162127 0.311423 -0.106036 0.343017 -0.105406 0.123659 -0.048331 0.166319 -0.308904 0.211912 -0.168426 0.523509 -0.331039 -0.266171 -0.263260 -0.008811 -0.002923 0.135653 0.104801 0.414062 0.148316 0.314830 0.322838 0.364184 0.151546 -0.024405 -0.288358 0.291655 0.106675 -0.014217 -0.000833 0.291097 0.267589 0.060310 -0.275833 0.020672 -0.128637 0.082043 -0.107214 0.029781 -0.057405 -0.019267 -0.093490 0.029897 0.023070 0.157539 0.058349 0.110281 -0.017858 -0.234438 0.231004 0.108886 -0.221302 -0.210786 -0.188540 0.159695 -0.193315 0.195665 -0.264702 -0.276119 -0.518297 0.491833 0.129742 0.036596 -0.014451 -0.178785 -0.213642 -0.076914 -0.136559 -0.018429 0.041513 0.197411 0.154832 0.019398 -0.042827 -0.049824 -0.219640 -0.255702 -0.276888 0.047442 -0.170911 -0.173758 -0.273143 0.278659 -0.055173 0.449503 -0.269274 -0.071716 0.228994 -0.011275 0.139058 -0.057670 0.094519 -0.203522 -0.194563 -0.125088 -0.237677 -0.049469 -0.076223 -0.061755 -0.163978 -0.042422 -0.032076 0.062290 0.012297 0.119486 0.039363 -0.029045 0.007982 -0.193403 -0.176939 -0.067043 -0.041707
-0.421135 -0.277753 0.162127 1.000000 -0.121313 0.286300 0.090420 0.243384 0.288311 0.381890 -0.100102 0.116571 -0.373937 0.004944 -0.078451 0.305837 -0.397369 -0.291314 -0.359568 -0.439126 0.104169 0.242139 0.570193 0.672237 0.401385 0.552708 0.166132 0.669856 -0.392854 -0.345849 0.534761 0.693213 -0.374481 -0.099841 0.086374 0.280321 0.063896 -0.222993 -0.177213 -0.029107 0.363900 -0.154871 0.012288 0.055004 -0.055710 0.157516 0.047359 -0.147153 0.102794 -0.049588 0.372336 0.159124 0.087596 0.028823 0.086915 -0.101036 -0.162097 -0.373095 -0.203381 -0.169853 -0.154157 -0.225297 -0.078372 -0.265627 0.569027 0.581607 -0.106088 0.275522 -0.543163 -0.340541 -0.125811 -0.045208 -0.331118 -0.114543 -0.088677 -0.101833 -0.076709 -0.176996 -0.416203 -0.317502 -0.330503 -0.375913 0.296609 0.451700 -0.225394 0.047354 0.191792 0.375650 0.443987 0.333102 -0.235159 -0.342449 0.266211 -0.290266 -0.270714 0.025181 -0.024128 -0.243049 -0.250532 -0.354609 -0.231831 -0.171749 0.040238 -0.362561 -0.344313 -0.456365 -0.273863 -0.315962 -0.133709 -0.052290 -0.207427 -0.476657 -0.116393 -0.151437 -0.185486 0.017768
0.160396 0.102077 0.311423 -0.121313 1.000000 0.182980 0.425022 0.139755 0.408327 0.200800 0.302992 -0.100944 0.280888 -0.149673 0.273138 -0.245461 -0.077617 0.077951 0.169149 0.030989 -0.205046 -0.152619 0.112797 -0.063018 -0.118860 -0.084473 0.094444 0.004007 0.134293 -0.001552 0.083654 -0.132639 0.257869 0.021698 0.109788 -0.094157 0.074758 0.036070 -0.032283 -0.283674 -0.049613 0.028912 -0.079179 0.003544 0.027853 -0.105162 -0.089470 -0.015064 -0.125644 0.126935 -0.257854 0.165640 -0.209018 0.131842 0.176725 -0.178035 0.036093 0.031400 0.004172 -0.119219 0.184326 -0.200414 -0.054469 -0.227062 0.237316 -0.034527 0.003293 -0.244857 -0.041739 -0.131119 0.092969 -0.025473 0.173459 0.077777 0.296221 0.220495 0.034036 -0.225086 -0.030980 -0.078794 -0.057402 -0.078843 0.064362 -0.041696 0.005378 -0.126321 0.089425 -0.385756 0.121007 -0.236278 -0.037153 -0.069410 -0.107005 0.266120 -0.074001 0.132723 -0.262722 -0.190053 -0.045741 -0.143460 -0.138873 -0.057672 0.080947 -0.154202 -0.031945 -0.159706 0.275642 -0.212041 0.062952 -0.019942 -0.123142 -0.001220 -0.295912 0.252782 -0.140837 0.050652
-0.159626 0.122246 -0.106036 0.286300 0.182980 1.000000 -0.074911 0.191159 0.203791 0.624184 -0.089801 -0.019415 -0.287957 -0.158132 -0.107907 0.028272 -0.493019 -0.165723 -0.164325 0.035484 -0.068308 0.174265 0.336659 0.447350 -0.083809 0.110385 -0.060607 0.381687 -0.340514 -0.205771 -0.028103 0.110481 -0.077927 0.016262 0.051188 0.041053 -0.270183 -0.090993 -0.148347 0.168716 0.089723 0.076648 -0.093510 -0.088369 -0.133921 0.065253 0.105342 0.033977 0.007715 -0.013945 0.061824 0.066908 -0.069959 0.063773 0.025872 -0.082112 -0.109213 0.019984 -0.041929 -0.064930 -0.297392 -0.100822 -0.286901 -0.249011 0.150945 0.230713 -0.017522 0.080463 0.131723 0.172921 0.065439 0.000384 -0.146881 0.140720 -0.138562 -0.017354 -0.204959 -0.183330 -0.236476 -0.165063 -0.343503 -0.265581 0.037691 0.029685 -0.086480 0.016389 0.094893 0.202551 0.091533 0.135461 0.016793 -0.010395 0.282082 -0.001467 -0.098511 -0.054837 -0.126956 0.154634 0.019705 -0.098004 0.043666 -0.150391 -0.174505 -0.026305 0.121099 -0.098342 0.039611 -0.062713 -0.081139 -0.211423 -0.009228 0.014031 -0.143288 0.090621 -0.055016 0.334727
0.265358 0.035290 0.343017 0.090420 0.425022 -0.074911 1.000000 0.248763 0.490689 0.328963 0.313562 -0.115421 0.384838 0.026012 0.306043 -0.142497 -0.056071 -0.020082 0.176087 0.114739 -0.245599 -0.308134 -0.030634 -0.152829 -0.227873 -0.276333 -0.125323 -0.172527 0.245241 0.105120 0.215132 0.102138 0.144391 0.020248 -0.016204 -0.117475 0.075170 -0.076095 -0.436295 -0.554117 -0.099172 -0.302834 0.058257 -0.109345 0.168869 -0.059637 0.016791 0.041855 -0.077301 0.200153 -0.272840 0.088125 -0.272310 -0.118636 -0.110794 -0.416811 -0.008146 -0.170372 0.284091 -0.080023 0.354696 -0.218378 0.019215 -0.120539 0.463676 -0.140531 0.086935 -0.187226 -0.153831 0.035370 -0.111871 -0.056359 0.187084 -0.075518 -0.109103 0.145873 -0.014234 -0.127927 -0.286038 -0.213487 0.041284 -0.059267 0.164468 0.212993 -0.098589 -0.193346 0.130663 -0.072405 0.193274 -0.377321 0.051486 -0.005736 -0.066270 0.037386 -0.326497 0.127833 -0.491660 -0.327800 -0.136750 -0.283038 -0.040478 -0.236090 0.081555 -0.386130 -0.065305 -0.255945 0.294542 -0.329382 -0.203474 -0.276645 -0.075622 -0.052249 -0.110384 -0.037196 -0.128790 -0.260773
0.206430 0.180499 -0.105406 0.243384 0.139755 0.191159 0.248763 1.000000 0.290588 0.428149 0.156277 0.255199 0.125906 0.410168 -0.101128 0.107735 0.082264 0.108788 0.115175 -0.152604 -0.225609 -0.299541 -0.282658 -0.130518 -0.254341 -0.089623 -0.311053 -0.065000 -0.016830 0.274983 -0.005168 0.029700 0.012955 0.235451 -0.024137 0.004359 -0.180368 -0.127290 -0.396452 -0.296777 -0.116591 -0.030104 -0.269068 -0.164519 -0.431900 -0.072540 -0.262168 -0.373638 -0.111294 -0.243601 -0.274415 -0.046958 -0.068659 -0.331711 -0.026934 -0.379359 0.006659 -0.078300 0.263524 0.099363 0.282470 0.269292 -0.218290 0.055721 0.240018 0.418925 0.237919 0.068606 -0.063875 -0.231971 0.033851 0.068618 0.123436 0.108325 -0.104122 0.140877 -0.076464 -0.116168 -0.166468 -0.210638 -0.047352 -0.157366 -0.118501 0.218168 -0.025906 0.233568 -0.308647 -0.072311 0.143183 0.226368 -0.128270 -0.148903 0.024402 -0.294954 -0.084021 0.167361 -0.228220 -0.309908 -0.119750 -0.184738 -0.146755 0.122909 0.022000 -0.308279 -0.312112 -0.366169 -0.015916 -0.265245 0.003499 -0.352448 -0.180075 -0.111145 -0.035834 0.040802 -0.200884 -0.192667
0.057429 0.153023 0.123659 0.288311 0.408327 0.203791 0.490689 0.290588 1.000000 0.553250 0.136278 0.014219 -0.000745 -0.010157 -0.040464 0.053971 -0.167694 -0.027705 0.094018 -0.069788 -0.119796 -0.184219 0.104325 0.107446 -0.047570 -0.023438 -0.182128 0.189985 0.012554 0.140538 0.276074 0.286762 0.147305 -0.008880 -0.216312 -0.220654 0.098986 0.025565 -0.295711 -0.381715 0.119305 -0.030818 0.124643 0.059668 0.220581 0.004258 0.140446 0.025273 -0.027769 0.082895 -0.110552 0.309334 -0.042009 0.134172 -0.154737 -0.214362 0.077705 -0.131492 -0.171868 -0.195949 0.049773 -0.225008 0.122993 0.038251 0.486519 -0.006960 -0.065704 -0.272519 -0.340609 -0.202715 -0.062890 -0.040865 0.120976 -0.014785 -0.006479 0.139912 0.094760 -0.111659 -0.304684 -0.189636 -0.108802 -0.104986 0.123265 0.354827 -0.349685 -0.228081 0.173298 0.041190 0.077248 -0.068108 -0.062807 -0.156520 -0.076370 0.017862 -0.351195 0.127449 -0.283329 -0.273186 -0.137874 -0.203481 -0.181031 -0.140699 -0.019820 -0.309832 -0.224887 -0.278772 -0.022276 -0.387428 -0.140963 -0.133187 -0.227059 -0.097028 -0.132955 0.088053 -0.121912 -0.210228
-0.013839 0.167158 -0.048331 0.381890 0.200800 0.624184 0.328963 0.428149 0.553250 1.000000 0.002712 0.052880 -0.171729 -0.084396 -0.028454 0.109471 -0.239439 -0.085700 -0.053681 -0.044668 -0.280177 -0.129337 0.198390 0.318701 -0.204864 0.011956 -0.265923 0.247815 -0.118374 0.130228 0.137005 0.292098 -0.042745 -0.023647 -0.077563 -0.097086 -0.165966 -0.082532 -0.364105 -0.121879 0.030705 -0.174986 -0.012663 -0.119606 -0.068163 -0.007243 0.081909 0.026582 -0.005462 0.045550 -0.044212 0.190826 0.065828 0.010491 -0.022904 -0.339131 0.167404 -0.183705 -0.026211 -0.134432 -0.055291 -0.170135 -0.127514 -0.073994 0.370292 0.159434 0.039057 -0.119056 -0.098394 0.082627 -0.071093 -0.024337 0.022589 0.027149 -0.224378 -0.001985 -0.087700 -0.260132 -0.231838 -0.224402 -0.360448 -0.249839 0.216138 0.325991 -0.297813 -0.016844 0.211863 0.219691 0.193214 -0.010492 0.173895 -0.147583 0.298507 -0.145038 -0.346810 -0.108547 -0.309084 -0.181918 -0.078607 -0.156280 -0.060014 -0.142004 -0.082931 -0.362471 -0.126738 -0.331934 0.075144 -0.324624 -0.130982 -0.322623 -0.112616 -0.075913 -0.155512 -0.017000 -0.191479 0.049475
0.420346 0.170580 0.166319 -0.100102 0.302992 -0.089801 0.313562 0.156277 0.136278 0.002712 1.000000 0.486731 0.465501 0.304144 0.292778 0.191737 0.220529 0.018910 0.194842 -0.022383 -0.265680 -0.258217 -0.071496 -0.106222 -0.242568 -0.210438 -0.195874 -0.181036 0.365593 0.200461 -0.188912 -0.246723 -0.097066 -0.094933 -0.070246 -0.225580 0.123881 0.134868 -0.028342 -0.337906 -0.000912 0.108444 -0.005437 -0.109329 -0.128373 -0.192283 -0.034166 -0.109250 -0.072104 0.153711 -0.045160 0.205273 -0.080339 0.085913 0.196661 -0.157389 0.054742 -0.193236 0.298929 -0.147825 0.242457 0.020958 -0.130894 0.006558 0.095052 0.010357 -0.233988 -0.287824 -0.147288 -0.104273 -0.258776 -0.228583 0.031031 0.051560 0.078086 0.320890 -0.066703 -0.188625 0.109171 0.053366 0.096536 0.120776 0.175885 0.057863 0.259771 0.152912 0.023486 -0.220344 -0.029400 -0.050558 -0.050835 -0.109844 -0.187247 -0.051914 -0.227697 0.169588 -0.238939 -0.354755 -0.044858 -0.173997 -0.065434 -0.060597 -0.025273 -0.108265 -0.299401 -0.108969 0.094933 -0.034283 -0.087634 -0.146990 -0.104084 -0.136957 -0.203875 -0.061068 -0.023504 -0.242058
0.107040 0.206614 -0.308904 0.116571 -0.100944 -0.019415 -0.115421 0.255199 0.014219 0.052880 0.486731 1.000000 0.079545 0.573729 -0.044041 0.586155 0.295094 0.193331 -0.013901 -0.177989 -0.116687 -0.270879 -0.192358 0.054988 -0.185348 -0.070481 -0.293214 -0.004126 0.223585 0.263958 -0.213579 -0.146249 -0.159097 -0.095501 -0.283771 -0.279941 0.099074 0.258505 0.023024 -0.158107 -0.052670 0.113782 0.015242 0.089434 -0.182049 -0.029874 0.038753 -0.214478 0.046617 0.151565 0.233490 0.280025 0.267322 0.107477 0.145101 0.064929 0.149370 -0.273693 -0.042036 -0.080573 -0.053698 0.226977 -0.075452 0.298812 -0.126000 0.133375 -0.216989 -0.102847 -0.134170 -0.183403 -0.319627 -0.323204 -0.068810 -0.094702 -0.149543 0.154675 -0.230911 -0.118440 0.021073 0.062300 0.110495 0.153651 0.115728 0.299443 0.109261 0.290714 -0.029432 0.065927 -0.187258 0.257096 -0.050142 -0.273713 0.007889 -0.306284 -0.123438 0.068435 0.104056 -0.313609 -0.036565 -0.087022 -0.123762 -0.012645 -0.061426 -0.151149 -0.286627 -0.263702 -0.188480 -0.111635 0.006664 0.016704 -0.234585 -0.208552 -0.166468 0.031305 -0.149245 -0.120767
0.367468 0.144007 0.211912 -0.373937 0.280888 -0.287957 0.384838 0.125906 -0.000745 -0.171729 0.465501 0.079545 1.000000 0.285192 0.392962 -0.055422 0.314755 0.386980 0.288619 0.228512 -0.313721 -0.190670 -0.302349 -0.464231 -0.215216 -0.277844 0.070978 -0.444632 0.515326 0.212931 -0.334365 -0.499051 0.128862 -0.007329 0.059239 -0.162640 0.123238 0.092633 -0.053438 -0.333502 -0.094139 -0.030366 -0.000984 -0.068989 -0.054356 -0.167309 -0.110476 -0.129308 -0.128481 0.109261 -0.234764 0.019294 -0.166207 -0.016840 0.204214 -0.017354 0.018308 0.063468 0.266216 -0.106099 0.281810 0.104873 0.076011 0.206630 -0.150849 -0.271445 -0.103700 -0.307230 0.081072 0.058914 -0.300965 -0.179347 0.351331 0.104703 0.141018 0.294828 0.020209 -0.035627 0.030671 -0.068395 0.239183 0.154143 -0.117728 -0.092185 0.072253 -0.055801 -0.041960 -0.457683 -0.231187 -0.337929 0.078186 0.176815 -0.168316 0.165729 -0.046261 0.022316 -0.243555 -0.268851 0.076351 -0.093939 0.067191 -0.036994 0.084342 -0.125404 0.040921 -0.010157 0.272650 -0.161029 -0.029165 -0.095564 -0.026163 0.174689 -0.003100 0.154407 0.053429 -0.121647
0.119566 0.131356 -0.168426 0.004944 -0.149673 -0.158132 0.026012 0.410168 -0.010157 -0.084396 0.304144 0.573729 0.285192 1.000000 -0.120846 0.526605 0.158819 0.235329 0.000617 -0.072445 -0.184073 -0.341600 -0.401595 -0.275605 -0.092534 -0.124082 -0.236574 -0.291893 0.192286 0.431556 -0.120193 -0.136759 -0.226342 0.144459 -0.135283 -0.097254 -0.040484 -0.038665 -0.133994 -0.240955 -0.190991 0.031368 -0.067129 -0.035422 -0.143608 0.048357 -0.007460 -0.302355 0.037882 0.109142 0.060381 0.156840 0.037017 -0.091616 0.004703 0.126430 -0.059345 -0.098728 0.133662 -0.125279 0.007813 0.334812 0.023304 0.383165 -0.150580 0.161647 -0.187074 -0.126580 -0.000889 -0.190056 -0.226791 -0.099093 0.115284 -0.043950 -0.180749 0.036147 -0.261402 -0.131179 -0.057132 -0.087158 0.335291 0.154113 -0.140014 0.213277 0.188119 0.114755 -0.339423 0.011309 -0.227921 0.053646 0.117192 -0.023071 -0.026377 -0.191868 -0.109629 0.129266 0.112078 -0.265899 -0.006786 -0.040940 -0.000326 -0.056252 0.085712 -0.209778 -0.316773 -0.239437 -0.014507 -0.200016 0.168445 0.032611 -0.187226 0.023514 0.260086 -0.004039 -0.191260 -0.194457
0.105628 -0.142949 0.523509 -0.078451 0.273138 -0.107907 0.306043 -0.101128 -0.040464 -0.028454 0.292778 -0.044041 0.392962 -0.120846 1.000000 -0.146108 -0.060540 -0.177513 0.127496 0.140680 -0.098742 0.084709 0.108402 -0.115637 -0.075237 0.038289 0.095226 -0.139923 0.310627 -0.240376 -0.057499 -0.192449 -0.016673 -0.212709 0.209286 0.097690 0.163922 -0.010241 -0.019040 -0.143955 -0.154627 -0.252310 0.086809 -0.125430 0.007143 0.013264 -0.014659 -0.000779 0.154289 0.245743 -0.071799 -0.045460 -0.021655 0.013005 0.409441 -0.140633 -0.212744 -0.115423 0.289766 0.071545 0.324430 -0.217059 -0.168218 -0.212424 0.232956 -0.112877 0.202996 -0.017537 0.102420 -0.041578 -0.208182 -0.249668 -0.115516 -0.171484 -0.040644 -0.017699 -0.131390 -0.100067 -0.061827 -0.174004 -0.189032 -0.229099 0.215405 -0.090115 0.014606 -0.187385 0.229917 -0.247551 0.236496 -0.319013 0.104739 0.154101 0.019933 0.278072 -0.103885 -0.145412 -0.192136 -0.235307 -0.057147 -0.110711 -0.014401 -0.007815 0.000827 -0.107525 0.113023 -0.144636 0.253789 -0.066458 -0.192876 -0.105717 0.005660 -0.150245 -0.030918 -0.033379 0.008105 0.151747
-0.140668 -0.083909 -0.331039 0.305837 -0.245461 0.028272 -0.142497 0.107735 0.053971 0.109471 0.191737 0.586155 -0.055422 0.526605 -0.146108 1.000000 0.016378 0.072119 -0.220646 -0.241441 -0.058491 0.048485 -0.080831 0.195155 0.017587 0.198884 -0.294851 0.097906 0.025334 0.290269 0.082841 0.260888 -0.271343 0.058008 -0.064232 -0.070627 0.133673 0.047551 -0.149446 0.048495 0.056359 0.033384 -0.015389 -0.013746 -0.033040 0.049758 0.036239 -0.163563 0.057281 0.084200 0.318857 0.121725 0.216501 -0.002711 0.097153 0.150658 -0.040064 -0.243893 -0.207106 -0.253463 -0.090699 0.151854 0.151542 0.325732 0.050713 0.227495 -0.363488 -0.046637 -0.239826 -0.020686 -0.291431 -0.169121 0.014110 -0.117097 -0.163023 -0.145544 -0.290784 -0.171712 -0.246035 -0.108902 0.178076 0.141632 0.111729 0.554675 0.156855 0.089433 -0.035906 0.293867 -0.115876 0.235332 0.093149 -0.233629 0.268988 -0.255376 -0.217545 -0.014268 0.053805 -0.155109 -0.147390 -0.122413 -0.351948 -0.152248 -0.089389 -0.272382 -0.275046 -0.290191 -0.159396 -0.181260 -0.041815 0.081348 -0.163310 -0.256957 -0.002498 0.121677 -0.163308 -0.057998
0.469086 0.268655 -0.266171 -0.397369 -0.077617 -0.493019 -0.056071 0.082264 -0.167694 -0.239439 0.220529 0.295094 0.314755 0.158819 -0.060540 0.016378 1.000000 0.456490 0.368924 0.021490 -0.185648 -0.456697 -0.480865 -0.461333 -0.304305 -0.430779 -0.271083 -0.428135 0.552038 0.359653 -0.245745 -0.380549 0.194099 -0.018466 -0.360025 -0.309724 0.157211 0.299793 0.066924 -0.283695 -0.119409 -0.106116 -0.176646 -0.086080 -0.188448 -0.232871 -0.335813 -0.241997 -0.231024 -0.189594 -0.218469 -0.061381 0.204579 -0.061129 0.010666 -0.039506 0.384125 0.184373 0.102874 0.180417 0.376652 0.420533 0.190221 0.431039 -0.289429 -0.290658 0.034723 -0.165492 0.053711 -0.087023 -0.180779 -0.027024 0.335746 0.017491 0.113647 0.089647 0.152544 0.024589 0.380042 0.283142 0.342108 0.271917 0.039123 0.019508 0.224205 0.272330 -0.148239 -0.229631 -0.157742 -0.047123 0.011785 -0.024718 -0.130269 -0.122957 0.067053 0.104139 -0.135604 -0.265074 0.123882 0.100489 -0.012728 0.211144 0.149041 0.042156 -0.182594 -0.071457 -0.091061 -0.090249 -0.087491 -0.025002 -0.171709 0.005624 -0.058228 0.010687 -0.002339 -0.261177
0.317466 0.487402 -0.263260 -0.291314 0.077951 -0.165723 -0.020082 0.108788 -0.027705 -0.085700 0.018910 0.193331 0.386980 0.235329 -0.177513 0.072119 0.456490 1.000000 0.194987 0.198705 -0.270459 -0.285692 -0.415482 -0.375785 -0.211080 -0.327548 -0.110119 -0.306137 0.326539 0.403397 -0.297951 -0.394104 0.197624 0.008413 -0.247672 -0.412264 0.143971 0.299203 0.105932 -0.082044 -0.048272 0.075402 -0.171402 -0.207838 -0.204724 -0.383713 -0.314268 -0.422581 -0.143405 -0.155420 -0.119971 -0.040696 0.095802 -0.176754 -0.122899 0.075989 0.357630 0.379777 -0.159930 0.120181 0.177109 0.496021 0.265398 0.585027 -0.366525 -0.207049 -0.027538 -0.235811 0.117662 0.119888 -0.010190 0.063138 0.408489 0.085622 0.146277 0.199121 0.100419 0.069897 0.125236 0.241665 0.327728 0.356095 -0.280481 -0.024832 -0.049226 0.277057 -0.331363 -0.341681 -0.346122 -0.174160 -0.014763 -0.022845 -0.116367 -0.020471 0.215343 -0.083478 -0.151532 -0.083409 -0.087834 -0.139716 0.041073 0.046512 0.120425 -0.101456 -0.002424 -0.059563 0.017871 -0.065683 0.118070 0.013490 -0.084202 0.136430 -0.038900 0.163284 -0.076179 0.085597
0.746682 0.516873 -0.008811 -0.359568 0.169149 -0.164325 0.176087 0.115175 0.094018 -0.053681 0.194842 -0.013901 0.288619 0.000617 0.127496 -0.220646 0.368924 0.194987 1.000000 0.482313 -0.203447 -0.372053 -0.356381 -0.542177 -0.222732 -0.552348 -0.304731 -0.516560 0.542892 0.400738 -0.157278 -0.279979 0.417007 0.086103 -0.265185 -0.498094 0.138875 0.371728 0.055849 -0.244662 -0.136678 0.025160 -0.162428 -0.196747 -0.295919 -0.381354 -0.151407 -0.146823 -0.363382 -0.181364 -0.511779 -0.319805 0.000203 -0.009970 -0.139325 -0.130006 0.294033 0.227153 0.139378 0.097703 0.326835 0.242248 -0.017149 0.176203 -0.132553 -0.379977 -0.067080 -0.429923 0.054954 -0.105152 0.131972 0.055678 0.511259 0.323532 0.243716 0.345814 0.479063 0.278042 -0.110510 -0.276330 -0.041679 -0.116363 0.118754 0.061196 -0.066275 -0.120362 -0.327368 -0.408124 -0.114879 -0.265849 0.143549 0.390885 -0.230295 0.321708 0.198069 0.092976 -0.238282 -0.263545 0.098631 0.016279 0.226752 0.377357 0.146773 0.223415 0.045348 0.227106 0.263982 0.131614 0.145785 -0.165723 -0.116411 0.269105 -0.029256 0.266288 0.215021 -0.012449
0.437477 0.428046 -0.002923 -0.439126 0.030989 0.035484 0.114739 -0.152604 -0.069788 -0.044668 -0.022383 -0.177989 0.228512 -0.072445 0.140680 -0.241441 0.021490 0.198705 0.482313 1.000000 -0.005544 0.004481 -0.224638 -0.312932 -0.190776 -0.421474 -0.149436 -0.383904 0.416075 0.220538 -0.234403 -0.200606 0.272911 0.187990 -0.109296 -0.314106 0.047205 0.343552 0.071585 0.146811 -0.127221 0.082876 -0.258663 -0.421594 -0.232230 -0.401493 -0.065004 -0.097563 -0.260224 -0.195268 -0.464887 -0.248959 -0.076702 0.005977 -0.246634 0.023843 0.176798 0.182233 0.118683 0.045268 0.017614 0.214754 -0.154603 0.167972 -0.350057 -0.585534 -0.096325 -0.398242 0.259448 0.375706 0.194091 0.168668 0.407849 0.281122 0.123598 0.250786 0.250316 0.247700 -0.251649 -0.186232 0.061418 -0.087072 0.103070 -0.118901 0.028753 -0.370820 -0.115141 -0.258418 -0.184726 -0.482014 0.220621 0.585145 -0.084643 0.290695 0.245601 -0.019461 -0.248778 0.192446 0.057316 0.163125 0.416840 0.262499 -0.059951 0.335471 0.499793 0.394988 0.308594 0.207482 0.137781 -0.123908 0.131934 0.319089 -0.011818 0.268623 0.203290 0.273070
-0.299118 -0.231954 0.135653 0.104169 -0.205046 -0.068308 -0.245599 -0.225609 -0.119796 -0.280177 -0.265680 -0.116687 -0.313721 -0.184073 -0.098742 -0.058491 -0.185648 -0.270459 -0.203447 -0.005544 1.000000 0.480657 0.330190 0.359246 0.481300 0.391076 0.275972 0.400271 -0.297863 -0.283140 0.254433 0.262724 -0.174204 -0.070488 0.148334 0.205686 0.015735 0.045006 0.208769 0.178843 0.263553 0.204773 -0.065621 0.010942 0.097335 0.003026 0.118396 0.024619 0.187790 -0.194939 0.233945 -0.025188 0.202483 0.220483 -0.093517 0.145174 -0.161042 -0.153888 -0.089305 0.079666 -0.304574 -0.113888 -0.264333 -0.266351 0.031353 0.127591 0.008402 0.185146 -0.076483 -0.076299 0.298769 -0.002926 -0.165065 -0.020046 -0.032749 0.095515 0.122646 0.372962 -0.073831 -0.151727 -0.218098 -0.323725 -0.041703 -0.123794 -0.048260 -0.240252 0.210866 0.175357 0.326480 0.274341 -0.331193 0.173587 -0.123876 0.050866 0.186521 0.119536 0.151707 0.218470 -0.040206 0.048901 -0.071274 0.092058 -0.108410 0.286144 0.030124 0.124356 -0.186271 0.122007 0.161754 0.166583 -0.124333 -0.210677 0.031095 0.162390 0.096421 -0.088347
-0.506178 -0.410575 0.104801 0.242139 -0.152619 0.174265 -0.308134 -0.299541 -0.184219 -0.129337 -0.258217 -0.270879 -0.190670 -0.341600 0.084709 0.048485 -0.456697 -0.285692 -0.372053 0.004481 0.480657 1.000000 0.377850 0.386181 0.434652 0.601241 0.288794 0.492409 -0.368182 -0.479548 0.188446 0.256203 -0.230197 -0.130505 0.370113 0.349524 0.167710 -0.014913 0.230139 0.519738 0.443305 0.147362 0.031409 -0.022347 0.105210 0.167539 0.072594 0.184780 0.255222 -0.082496 0.269110 -0.128039 0.012216 0.100386 0.251324 0.291186 -0.285428 -0.215058 -0.069221 0.016364 -0.268038 -0.226797 -0.179433 -0.321023 0.048764 0.192013 -0.009179 0.241370 -0.040122 0.029674 0.126584 0.136021 -0.276242 0.153043 0.102410 -0.018525 0.028534 0.154506 -0.158671 -0.159086 -0.221654 -0.248643 -0.042127 -0.203282 -0.020575 -0.203671 0.156814 0.071528 0.149898 0.206433 -0.315000 -0.056711 0.129740 -0.070164 0.058436 -0.114275 0.228511 0.269488 -0.065362 0.023891 -0.042678 -0.009765 -0.248777 0.211218 0.245443 0.087598 -0.163671 -0.022317 -0.090466 0.034979 0.130131 -0.221031 0.035376 -0.028309 0.119971 0.211963
-0.438249 -0.338033 0.414062 0.570193 0.112797 0.336659 -0.030634 -0.282658 0.104325 0.198390 -0.071496 -0.192358 -0.302349 -0.401595 0.108402 -0.080831 -0.480865 -0.415482 -0.356381 -0.224638 0.330190 0.377850 1.000000 0.784695 0.545482 0.578372 0.489823 0.669018 -0.311018 -0.467534 0.556682 0.515916 -0.326684 -0.239230 0.189953 0.253900 -0.004326 -0.214472 0.132356 0.162092 0.362763 0.003763 0.016588 -0.000754 0.083764 0.015734 0.186894 0.069162 0.067766 0.047372 0.406734 0.308851 0.137315 0.333915 0.215143 -0.026439 -0.268851 -0.244296 -0.199905 -0.236858 -0.394926 -0.538068 -0.231801 -0.559424 0.487166 0.251519 -0.159929 0.090225 -0.416875 -0.187380 0.023423 -0.114346 -0.276092 -0.021472 0.058246 0.026552 0.020440 -0.120096 -0.248263 -0.204584 -0.527323 -0.407176 0.386185 0.166938 -0.278818 -0.140791 0.465774 0.235326 0.474376 0.118005 -0.130191 -0.073037 0.191716 0.024752 -0.113468 -0.107490 -0.024853 0.011332 -0.064397 -0.196117 -0.091068 -0.286352 0.006845 -0.082270 -0.110760 -0.151878 -0.070213 0.020673 -0.137817 0.152982 -0.132193 -0.239495 -0.170932 -0.040390 -0.027671 0.231675
-0.590832 -0.368742 0.148316 0.672237 -0.063018 0.447350 -0.152829 -0.130518 0.107446 0.318701 -0.106222 0.054988 -0.464231 -0.275605 -0.115637 0.195155 -0.461333 -0.375785 -0.542177 -0.312932 0.359246 0.386181 0.784695 1.000000 0.442866 0.635368 0.301566 0.823465 -0.513896 -0.497716 0.441946 0.651984 -0.420892 -0.219745 0.133121 0.232682 -0.029938 -0.156780 0.041616 0.202194 0.377654 0.055822 0.017236 0.090438 0.060878 0.063738 0.252860 0.068119 0.207419 -0.017166 0.539977 0.317054 0.192912 0.302632 0.208016 0.040984 -0.254866 -0.404731 -0.288859 -0.240640 -0.462569 -0.405523 -0.215405 -0.400315 0.429078 0.416880 -0.233430 0.222520 -0.376231 -0.078883 -0.053752 -0.096240 -0.344729 -0.094326 -0.052283 -0.128022 -0.149118 -0.196215 -0.196348 -0.195000 -0.402684 -0.399231 0.250551 0.313798 -0.167715 -0.060025 0.494361 0.494765 0.457921 0.401223 -0.168378 -0.251529 0.226594 -0.244146 -0.226157 -0.012810 0.048994 0.076780 -0.069099 -0.218188 -0.173934 -0.320470 -0.213568 -0.090285 -0.171310 -0.180068 -0.292256 -0.023705 -0.073634 0.063669 -0.152032 -0.424331 -0.270453 -0.038875 0.004085 0.082463
-0.365187 -0.370929 0.314830 0.401385 -0.118860 -0.083809 -0.227873 -0.254341 -0.047570 -0.204864 -0.242568 -0.185348 -0.215216 -0.092534 -0.075237 0.017587 -0.304305 -0.211080 -0.222732 -0.190776 0.481300 0.434652 0.545482 0.442866 1.000000 0.735288 0.649590 0.585595 -0.399262 -0.343282 0.579670 0.409175 -0.108060 -0.060685 0.297251 0.412735 0.157041 -0.296638 0.251089 0.161338 0.301475 0.083809 -0.067042 -0.034695 0.039150 -0.030366 0.018498 -0.099513 0.155035 -0.209661 0.442279 -0.006119 0.121661 0.139365 0.027955 0.160164 -0.169514 -0.182020 -0.211405 -0.118150 -0.268821 -0.199726 -0.052013 -0.291784 0.267284 0.370722 -0.112631 0.183668 -0.362589 -0.398313 0.067290 -0.102257 -0.210660 -0.015327 0.155419 -0.017054 0.089695 0.065630 -0.195759 -0.215042 -0.220202 -0.259083 -0.048966 -0.022632 -0.189856 -0.142048 0.172589 0.050540 0.357706 0.135526 -0.308591 -0.007618 0.075454 -0.011926 -0.026630 0.055436 0.110941 -0.132500 -0.244077 -0.137737 0.010528 -0.152817 0.033394 0.061575 -0.279572 -0.078665 -0.137015 0.058860 0.072976 0.287115 -0.204552 -0.147761 0.228825 0.050959 -0.014755 -0.021415
-0.628623 -0.531572 0.322838 0.552708 -0.084473 0.110385 -0.276333 -0.089623 -0.023438 0.011956 -0.210438 -0.070481 -0.277844 -0.124082 0.038289 0.198884 -0.430779 -0.327548 -0.552348 -0.421474 0.391076 0.601241 0.578372 0.635368 0.735288 1.000000 0.508740 0.738224 -0.561814 -0.411542 0.512123 0.454237 -0.314074 -0.152317 0.447802 0.513689 0.062144 -0.366060 0.187101 0.347230 0.350594 0.002305 -0.042343 0.015583 0.008929 0.105537 0.051228 0.002976 0.325857 -0.122887 0.570907 0.029749 0.072940 0.121602 0.256492 0.170465 -0.250471 -0.312493 -0.292277 -0.123687 -0.304011 -0.230126 -0.196824 -0.414650 0.372894 0.619741 -0.093368 0.342564 -0.377578 -0.278308 -0.053941 -0.141523 -0.363786 -0.133572 -0.011610 -0.189860 -0.133374 -0.123739 -0.130516 -0.172602 -0.268512 -0.271573 -0.107203 -0.014062 -0.166740 -0.054910 0.287000 0.229423 0.376143 0.351176 -0.287368 -0.184045 0.280916 -0.083095 -0.115260 -0.016358 0.184872 0.027480 -0.233854 -0.087850 -0.283453 -0.192046 -0.159316 -0.121878 -0.213184 -0.117670 -0.264675 -0.013244 0.018858 0.208051 -0.025556 -0.271346 0.011123 -0.100247 -0.170937 0.073917
-0.351479 -0.310521 0.364184 0.166132 0.094444 -0.060607 -0.125323 -0.311053 -0.182128 -0.265923 -0.195874 -0.293214 0.070978 -0.236574 0.095226 -0.294851 -0.271083 -0.110119 -0.304731 -0.149436 0.275972 0.288794 0.489823 0.301566 0.649590 0.508740 1.000000 0.454087 -0.364108 -0.431923 0.328697 0.047809 -0.176093 -0.178954 0.470773 0.400578 -0.055137 -0.441154 0.199272 0.110290 0.183305 0.016881 -0.002602 0.057022 0.022599 0.051136 0.056802 0.004324 0.080905 0.056086 0.328176 0.149147 -0.087086 0.094195 0.085395 0.134190 -0.183472 -0.039820 -0.140145 -0.018004 -0.252492 -0.242580 -0.098642 -0.350915 0.014528 0.209298 0.045056 0.226293 -0.125865 -0.172948 0.161797 -0.032932 -0.268540 -0.155257 0.028755 -0.037421 -0.047750 0.119585 0.102981 -0.017971 -0.151342 -0.154284 -0.035280 -0.244786 -0.147644 -0.058983 0.288711 -0.119346 0.297856 0.026914 -0.203943 0.040770 -0.040129 0.093892 0.025902 -0.211232 0.091839 0.080860 0.071647 -0.023106 -0.016748 -0.238290 0.076955 -0.031503 0.006685 0.071766 -0.087980 0.056811 0.078355 0.261876 -0.004126 0.019033 0.143429 0.007014 -0.020158 0.177438
-0.539917 -0.288760 0.151546 0.669856 0.004007 0.381687 -0.172527 -0.065000 0.189985 0.247815 -0.181036 -0.004126 -0.444632 -0.291893 -0.139923 0.097906 -0.428135 -0.306137 -0.516560 -0.383904 0.400271 0.492409 0.669018 0.823465 0.585595 0.738224 0.454087 1.000000 -0.649313 -0.512064 0.443025 0.526521 -0.294635 -0.245754 0.146981 0.275537 -0.022379 -0.230420 0.113358 0.138280 0.371325 0.026272 0.038213 0.116099 0.052206 0.074098 0.154460 0.003975 0.313175 -0.063925 0.571206 0.256752 0.203879 0.228790 0.177082 0.048920 -0.140869 -0.340009 -0.321429 -0.141694 -0.383925 -0.318246 -0.180849 -0.364463 0.389722 0.509179 -0.095952 0.276179 -0.429835 -0.248872 0.037981 -0.085594 -0.472604 -0.128382 -0.107036 -0.123763 -0.110393 -0.079553 -0.189929 -0.116676 -0.412161 -0.337145 0.045353 0.110484 -0.220725 0.037131 0.398882 0.352849 0.471965 0.429708 -0.292852 -0.265182 0.180450 -0.207638 -0.255692 -0.026848 0.077365 0.010397 -0.127733 -0.097701 -0.167623 -0.319631 -0.147574 -0.034932 -0.306449 -0.263616 -0.345035 -0.099189 -0.045260 0.081505 -0.233072 -0.360896 -0.140117 0.011723 -0.036876 0.025051
0.549411 0.269237 -0.024405 -0.392854 0.134293 -0.340514 0.245241 -0.016830 0.012554 -0.118374 0.365593 0.223585 0.515326 0.192286 0.310627 0.025334 0.552038 0.326539 0.542892 0.416075 -0.297863 -0.368182 -0.311018 -0.513896 -0.399262 -0.561814 -0.364108 -0.649313 1.000000 0.520992 -0.249191 -0.314169 0.292739 0.103148 -0.365741 -0.379949 0.365243 0.483970 0.029411 -0.273618 0.024205 -0.001862 -0.113591 -0.277838 -0.152409 -0.274236 -0.202191 -0.205120 -0.365727 -0.007333 -0.464501 -0.120467 0.052217 -0.016702 0.057893 -0.116736 0.215279 0.024973 0.180255 -0.023530 0.316055 0.154298 0.149546 0.380121 -0.176182 -0.559043 -0.165292 -0.509515 0.013043 -0.010097 -0.138081 -0.009266 0.548543 0.266271 0.229883 0.289708 0.259870 0.090978 0.080242 -0.010163 0.255984 0.212016 0.315636 0.181023 0.089644 -0.103724 -0.150800 -0.373838 -0.288100 -0.420520 0.230780 0.164288 -0.152709 0.108001 0.061418 0.144918 -0.276257 -0.245680 0.084913 -0.052621 0.080343 0.289802 0.182161 0.031455 0.076704 -0.019208 0.180619 -0.095363 -0.170820 -0.042836 -0.105697 0.095457 -0.096685 0.083851 0.005845 -0.019445
0.414041 0.420581 -0.288358 -0.345849 -0.001552 -0.205771 0.105120 0.274983 0.140538 0.130228 0.200461 0.263958 0.212931 0.431556 -0.240376 0.290269 0.359653 0.403397 0.400738 0.220538 -0.283140 -0.479548 -0.467534 -0.497716 -0.343282 -0.411542 -0.431923 -0.512064 0.520992 1.000000 -0.183012 -0.211902 0.294617 0.381079 -0.275048 -0.358985 0.060867 0.250626 -0.082587 -0.149672 -0.168930 0.068791 -0.281746 -0.342369 -0.304741 -0.341001 -0.161116 -0.280797 -0.328877 -0.125743 -0.338676 -0.081429 0.093368 -0.077531 -0.258812 -0.120819 0.355294 0.104799 -0.010959 -0.040812 0.069228 0.333866 0.173788 0.481991 -0.234175 -0.271638 -0.180677 -0.476103 -0.062329 0.077333 0.148307 0.026614 0.544073 0.230600 -0.020282 0.219924 0.230329 0.126273 0.031932 -0.007092 0.275972 0.331814 0.001425 0.250939 -0.001413 0.037460 -0.354933 -0.097231 -0.313801 -0.196296 0.280048 0.206100 -0.060574 0.043764 0.084600 0.119152 -0.190595 -0.085102 -0.000927 0.141024 -0.026435 0.204663 0.137228 -0.044529 -0.146589 0.104595 0.069422 0.094165 0.211448 0.028577 -0.073707 0.291537 0.079585 0.169718 -0.028381 -0.142500
-0.275216 -0.308721 0.291655 0.534761 0.083654 -0.028103 0.215132 -0.005168 0.276074 0.137005 -0.188912 -0.213579 -0.334365 -0.120193 -0.057499 0.082841 -0.245745 -0.297951 -0.157278 -0.234403 0.254433 0.188446 0.556682 0.441946 0.579670 0.512123 0.328697 0.443025 -0.249191 -0.183012 1.000000 0.725117 -0.211241 0.050052 0.203365 0.260101 0.123946 -0.314945 -0.128534 -0.054965 0.309329 -0.298508 -0.137081 -0.108371 0.027772 -0.042346 0.008720 -0.003485 0.021083 -0.154245 0.189858 0.024600 -0.008973 0.066964 -0.087395 -0.070588 -0.201040 -0.230976 -0.116307 -0.126987 -0.072460 -0.275650 -0.110726 -0.416672 0.577899 0.283654 -0.052570 0.041484 -0.438514 -0.378295 0.149439 0.127981 -0.077357 -0.087931 -0.028487 -0.074463 0.143657 -0.007171 -0.330841 -0.345445 -0.268427 -0.377038 0.374913 0.328758 -0.275871 -0.201795 0.279733 0.229033 0.516068 0.054830 -0.228287 -0.112169 0.130269 -0.065279 -0.112879 0.040681 -0.101918 -0.121633 -0.167319 -0.238706 -0.122611 -0.210204 0.073589 -0.284215 -0.274527 -0.185865 -0.145743 -0.199255 -0.124167 0.091342 -0.216940 -0.232952 0.060007 -0.152741 -0.187820 -0.107231
-0.409808 -0.304105 0.106675 0.693213 -0.132639 0.110481 0.102138 0.029700 0.286762 0.292098 -0.246723 -0.146249 -0.499051 -0.136759 -0.192449 0.260888 -0.380549 -0.394104 -0.279979 -0.200606 0.262724 0.256203 0.515916 0.651984 0.409175 0.454237 0.047809 0.526521 -0.314169 -0.211902 0.725117 1.000000 -0.294400 0.080142 0.032875 0.190259 0.187784 -0.095578 -0.152067 0.030732 0.400746 -0.055099 -0.054506 -0.032865 0.061146 -0.034429 0.121222 0.005673 0.091529 -0.224387 0.197177 0.054701 0.099470 0.126431 -0.049377 -0.042041 -0.263872 -0.353833 -0.252848 -0.196982 -0.245740 -0.323220 -0.049140 -0.252508 0.517880 0.260932 -0.206859 0.046975 -0.491386 -0.199623 0.038086 0.183453 -0.131913 0.038282 0.004025 -0.110656 0.171041 -0.001224 -0.399290 -0.332605 -0.265150 -0.383501 0.406514 0.566248 -0.257100 -0.260444 0.270484 0.418602 0.417490 0.214286 -0.080479 -0.166262 0.224408 -0.201289 -0.217358 0.139702 0.001951 -0.034376 -0.175128 -0.255313 -0.106861 -0.099848 -0.030271 -0.207057 -0.221683 -0.205577 -0.180233 -0.175444 -0.018837 0.086163 -0.153070 -0.383796 -0.137597 -0.075388 -0.071632 -0.079863
0.396964 0.206224 -0.014217 -0.374481 0.257869 -0.077927 0.144391 0.012955 0.147305 -0.042745 -0.097066 -0.159097 0.128862 -0.226342 -0.016673 -0.271343 0.194099 0.197624 0.417007 0.272911 -0.174204 -0.230197 -0.326684 -0.420892 -0.108060 -0.314074 -0.176093 -0.294635 0.292739 0.294617 -0.211241 -0.294400 1.000000 0.427210 -0.123994 -0.015583 0.178839 0.197577 -0.034596 -0.146779 -0.121364 0.087036 -0.218211 -0.204585 -0.047169 -0.146155 -0.252469 -0.116197 -0.317313 -0.242722 -0.444563 -0.253188 -0.123151 -0.094869 -0.272966 -0.347582 0.231869 0.293035 0.094533 -0.048438 0.322060 0.159230 0.155700 0.127390 0.002219 -0.340535 0.113010 -0.133398 0.083476 0.021843 0.193794 -0.099568 0.319137 0.253961 0.361199 0.214381 0.203147 0.145830 0.031453 0.091231 0.127776 0.218539 -0.120357 -0.104855 0.023029 -0.025286 -0.131294 -0.183215 -0.120585 -0.345772 -0.007227 0.130205 -0.012495 0.109839 -0.055661 0.162735 -0.285328 -0.155391 -0.158011 -0.010905 0.062345 0.266812 0.136423 0.189132 0.145881 0.108136 0.196617 0.038660 0.003420 -0.088999 -0.027045 0.184520 -0.161373 0.163403 0.107965 -0.124475
0.113308 0.087615 -0.000833 -0.099841 0.021698 0.016262 0.020248 0.235451 -0.008880 -0.023647 -0.094933 -0.095501 -0.007329 0.144459 -0.212709 0.058008 -0.018466 0.008413 0.086103 0.187990 -0.070488 -0.130505 -0.239230 -0.219745 -0.060685 -0.152317 -0.178954 -0.245754 0.103148 0.381079 0.050052 0.080142 0.427210 1.000000 0.201620 0.299750 0.054066 -0.015095 -0.203422 -0.128294 -0.105953 0.057531 -0.382356 -0.262940 -0.312654 -0.069993 -0.199381 -0.262625 -0.334709 -0.372716 -0.394435 -0.283104 -0.216217 -0.116080 -0.362321 -0.235302 -0.007350 0.113686 0.145521 -0.068749 0.028312 0.106145 0.022884 0.022997 0.002856 -0.079927 0.096097 -0.021890 0.054763 0.047610 0.216754 0.168355 0.220856 0.263307 0.161038 0.189931 0.098479 0.158678 -0.184487 -0.178144 0.130680 0.047809 0.119160 0.148640 0.119828 -0.026491 -0.209123 0.131787 -0.014471 -0.266417 -0.023710 0.153545 0.057598 -0.072417 0.157362 0.232194 -0.167178 0.092167 -0.249492 -0.070959 0.110552 0.198082 0.037871 0.014061 0.103424 0.111771 0.095646 0.049155 0.175740 -0.045955 0.031831 0.166939 -0.027226 0.013700 0.058905 -0.171231
-0.300876 -0.451604 0.291097 0.086374 0.109788 0.051188 -0.016204 -0.024137 -0.216312 -0.077563 -0.070246 -0.283771 0.059239 -0.135283 0.209286 -0.064232 -0.360025 -0.247672 -0.265185 -0.109296 0.148334 0.370113 0.189953 0.133121 0.297251 0.447802 0.470773 0.146981 -0.365741 -0.275048 0.203365 0.032875 -0.123994 0.201620 1.000000 0.598243 0.004208 -0.519964 0.048552 0.179927 -0.041240 -0.045377 -0.163962 -0.112836 -0.075248 0.232969 -0.003797 0.049625 0.090283 -0.134571 0.125442 -0.215097 -0.304522 -0.224259 0.057114 -0.086435 -0.349844 -0.086483 0.086591 0.070558 -0.097403 -0.242494 -0.246736 -0.480699 0.124029 0.435517 0.305291 0.497333 0.163071 0.139686 0.151508 -0.028068 -0.203835 -0.090404 -0.023348 -0.190174 -0.187160 0.041034 -0.032002 -0.180724 -0.087199 -0.222833 -0.053754 -0.182875 0.081587 -0.063470 0.051605 -0.050348 0.302097 -0.075184 -0.191030 0.004405 0.067037 0.098052 0.020012 -0.229520 0.029333 0.160696 -0.214008 -0.179960 -0.092017 -0.096016 -0.146261 -0.139928 0.243234 0.164363 0.145973 0.032098 -0.065834 -0.026427 0.409925 -0.008962 0.031986 -0.184675 -0.083695 0.101101
-0.477174 -0.623977 0.267589 0.280321 -0.094157 0.041053 -0.117475 0.004359 -0.220654 -0.097086 -0.225580 -0.279941 -0.162640 -0.097254 0.097690 -0.070627 -0.309724 -0.412264 -0.498094 -0.314106 0.205686 0.349524 0.253900 0.232682 0.412735 0.513689 0.400578 0.275537 -0.379949 -0.358985 0.260101 0.190259 -0.015583 0.299750 0.598243 1.000000 -0.067845 -0.540036 0.024013 0.099911 0.032432 -0.112341 -0.065238 -0.022595 0.131730 0.473847 -0.056138 -0.000723 0.141970 -0.086560 0.234164 -0.112440 -0.158926 -0.148227 0.046838 -0.174220 -0.350982 -0.146734 0.198800 0.078864 -0.039423 -0.232208 -0.050511 -0.416044 0.223659 0.479382 0.284561 0.621701 -0.053783 -0.096221 0.092652 0.062370 -0.389804 -0.100910 -0.048973 -0.301597 -0.314716 -0.079968 0.057696 -0.058708 -0.018139 -0.095586 -0.019302 -0.115356 0.151639 -0.020217 0.218775 0.189393 0.408797 -0.022013 -0.353350 -0.225977 0.124470 -0.263099 -0.083287 -0.144809 0.029465 -0.016519 -0.313417 -0.180764 -0.169767 -0.045745 -0.051734 -0.142669 0.022872 -0.090291 -0.118351 -0.035657 -0.125497 -0.105526 0.047570 -0.183286 0.075757 -0.381397 0.025159 -0.123011
