1.000000 0.058406 -0.080766 -0.276220 -0.026907 -0.225203 -0.102134 -0.243838 -0.060143 -0.246583 0.422940 0.097233 0.295699 0.134346 0.219930 0.142190 0.205095 0.111028 0.292838 -0.091787 0.061714 -0.102061 0.017848 -0.054608 -0.109048 0.021787 0.199229 -0.001257 0.244331 0.110619 -0.041394 -0.082696 0.102164 0.002761 0.029363 -0.056767 0.156289 -0.062902 -0.026282 -0.122311 -0.064244 -0.052334 -0.053793 0.114795 -0.064877 -0.057289 0.121391 -0.004378 -0.070798 0.003583 -0.070778 -0.081699 -0.120664 -0.061946 0.135368 -0.106674 0.325605 0.131670 0.143303 -0.014832 0.140491 -0.012283 0.120702 0.029941 -0.043587 -0.164899 -0.183480 -0.186272 0.080406 -0.174870 0.080475 -0.132691 0.124461 0.042200 0.217159 0.020655 0.316278 0.024589 0.126160 0.288738 0.219627 0.238899 0.009704 0.110311 0.118178 -0.042849 0.028284 0.056580 -0.037398 -0.150252 -0.204767 -0.109182 -0.226989 -0.077031 -0.298289 0.040999 0.059272 -0.283833 -0.104633 -0.063762 -0.202231 -0.028409 -0.073078 -0.113056 -0.207290 -0.246650 -0.184287 -0.062035 -0.285071 -0.275627 -0.197420 -0.024715 0.015664 0.096882 0.027952 -0.114905
0.058406 1.000000 -0.536282 0.016543 -0.109278 -0.178215 -0.211518 0.071350 0.181121 0.135245 0.139969 0.591194 0.123266 0.483948 0.143350 0.472602 0.273982 0.288682 -0.065260 0.397105 -0.248529 -0.083395 -0.617504 -0.389238 -0.640986 -0.407343 -0.281137 -0.257276 0.354561 0.102128 -0.451978 -0.366935 -0.108865 -0.137686 -0.610064 -0.596481 0.120817 0.208416 -0.133760 0.379805 0.216339 0.001876 -0.196983 -0.446549 -0.392242 -0.473344 -0.117401 -0.370068 -0.548914 -0.279640 -0.539824 -0.126932 0.005061 0.147944 -0.009130 0.068623 0.269151 0.486993 -0.168058 -0.035711 0.085705 0.539775 0.154297 0.204144 -0.112049 0.258739 -0.485536 -0.544053 0.511942 0.499409 -0.019785 -0.043363 -0.032401 0.180609 0.050905 0.149760 0.112181 0.313644 0.102492 -0.030288 0.311323 0.250925 0.186531 0.420883 0.167457 0.336301 0.006823 0.228407 -0.340619 0.051911 0.248716 -0.105848 0.120490 -0.199452 0.277727 0.216869 -0.034514 0.378646 0.050871 -0.051443 0.207859 -0.041065 0.052118 -0.169062 -0.145941 -0.034465 0.179585 -0.041066 0.056078 0.326447 -0.368784 0.057666 -0.114243 0.237892 0.230558 0.062448
-0.080766 -0.536282 1.000000 0.183585 0.617379 0.227538 0.578670 -0.004531 0.332220 0.068012 -0.082168 -0.406000 -0.116105 -0.369403 -0.112272 -0.499884 -0.441100 -0.417170 -0.035018 -0.152697 0.423148 0.130785 0.698265 0.499251 0.643166 0.514691 0.532508 0.603447 -0.466857 -0.508133 0.338423 0.253014 -0.118218 0.035255 0.553376 0.509469 -0.474040 -0.437359 -0.154235 -0.583517 -0.423609 -0.230155 -0.119330 0.003206 0.094390 0.197164 -0.288918 0.003804 0.539626 0.079453 0.684640 0.138649 0.075245 -0.278186 -0.324027 -0.411151 -0.281142 -0.251365 0.152914 0.088276 -0.132969 -0.463091 -0.212346 -0.216131 0.343334 -0.070216 0.645679 0.647655 -0.366569 -0.126481 0.061597 0.050703 -0.378319 -0.442445 -0.221248 -0.247689 -0.304071 -0.309526 -0.153420 -0.165467 -0.366273 -0.372165 -0.254188 -0.358112 -0.133113 -0.293600 -0.007110 -0.317427 0.396684 0.076045 -0.066805 0.187553 0.081845 0.345477 -0.221835 -0.291554 -0.148558 -0.312524 -0.172467 -0.185360 -0.250726 0.157816 -0.046591 0.194716 0.247872 0.004175 -0.090033 0.317559 -0.188005 -0.324030 0.191016 -0.238452 0.091067 -0.233092 -0.251595 -0.101586
-0.276220 0.016543 0.183585 1.000000 0.195525 0.327847 -0.108055 0.317986 0.324643 0.273528 -0.058714 -0.043115 -0.052861 -0.145966 0.214761 0.186662 -0.284286 -0.200249 -0.141522 0.216391 0.012122 0.055947 0.312857 0.546134 0.100436 0.249447 0.299105 0.355605 -0.268242 -0.230268 -0.182774 0.124205 -0.283402 -0.183058 -0.010043 0.078038 -0.119229 -0.102650 -0.320396 -0.125194 -0.045665 -0.018744 -0.223213 -0.253993 -0.200937 -0.039825 -0.234436 -0.173181 0.131316 -0.243090 0.189520 0.092671 0.153015 0.008429 -0.155480 -0.053333 -0.547107 -0.230176 -0.092525 -0.052132 -0.367180 -0.055811 -0.261197 -0.176942 0.255141 0.480357 0.088622 0.355140 -0.172392 -0.065743 -0.328139 -0.267450 -0.261941 -0.154555 -0.115701 -0.272380 -0.376289 -0.232692 -0.238245 -0.070994 -0.374626 -0.333867 -0.076672 0.059240 0.057332 0.364239 -0.078375 0.299593 0.159032 0.464273 0.053848 0.046917 0.234948 -0.093248 -0.016928 -0.057210 0.006459 0.127098 0.002883 -0.141611 -0.209543 -0.351506 -0.010541 -0.116903 0.264419 -0.107875 0.190985 0.070360 0.023900 -0.175449 -0.102891 -0.068777 0.027576 0.024721 -0.034275 -0.185159
-0.026907 -0.109278 0.617379 0.195525 1.000000 0.296146 0.559252 0.068257 0.605227 0.097653 -0.087058 -0.159540 0.008708 -0.048521 -0.104237 -0.304113 -0.281310 -0.321178 -0.053261 0.250056 0.216247 0.054164 0.333625 0.210691 0.327663 0.256095 0.322554 0.355928 -0.067871 -0.349030 0.049188 0.056050 -0.217137 0.012792 0.232474 0.322395 -0.426529 -0.488857 -0.207199 -0.412284 -0.287916 -0.098012 -0.373372 -0.360994 -0.233867 -0.150913 -0.465539 -0.307194 0.144624 -0.263741 0.239518 -0.111216 -0.011849 -0.189890 -0.569263 -0.554455 -0.147012 -0.103743 0.211882 0.210968 -0.022043 0.008712 0.083320 0.094781 0.396044 0.040651 0.375229 0.353328 -0.063990 0.150037 0.060354 -0.005716 -0.316358 -0.349179 -0.161825 -0.152945 -0.194676 -0.146813 0.025672 -0.174523 -0.108786 -0.211158 0.118676 0.098493 0.109835 -0.149013 0.100493 -0.181697 0.372102 0.052465 0.086612 0.126983 0.118350 0.180989 0.071543 -0.261361 -0.403705 -0.173782 -0.249243 -0.424143 -0.038635 0.131223 -0.047583 0.092482 0.065671 -0.027139 0.105282 0.302772 -0.113577 -0.197735 -0.058424 -0.422787 -0.075609 -0.240836 -0.119359 -0.092893
-0.225203 -0.178215 0.227538 0.327847 0.296146 1.000000 0.380639 0.578965 0.115723 0.575791 -0.061361 0.071131 0.071102 0.216116 -0.268838 0.110666 -0.294568 -0.421707 -0.299888 0.026507 0.141611 0.090406 0.100666 0.198979 0.266175 0.273542 0.138936 0.210125 -0.380672 -0.374311 -0.039327 0.107958 -0.242701 0.035781 0.055591 0.292056 -0.438106 -0.395689 -0.237230 -0.286893 -0.421082 -0.196793 0.026713 0.031905 0.104043 0.245226 -0.156939 -0.083980 0.373079 0.010444 0.248875 0.134284 0.101302 -0.109748 -0.360153 -0.159032 -0.452313 -0.396262 0.135253 0.138378 -0.040992 0.262293 -0.136274 -0.159875 0.283986 0.435362 0.251960 0.407874 -0.258764 0.073477 -0.184528 0.015298 -0.339869 -0.266050 -0.256577 -0.136514 -0.548203 -0.368962 -0.368700 -0.267806 -0.457572 -0.490090 -0.166464 -0.090314 -0.203733 -0.186614 -0.101104 -0.083673 0.080328 0.067612 0.201214 0.028254 0.212594 -0.052468 -0.076964 -0.091353 -0.245832 0.130314 -0.085578 -0.176356 -0.037033 -0.173847 -0.090923 -0.121300 0.113651 0.164089 0.067226 0.083828 0.238366 -0.240977 -0.034790 -0.116112 0.023383 -0.281372 0.156058 0.047839
-0.102134 -0.211518 0.578670 -0.108055 0.559252 0.380639 1.000000 0.359531 0.307405 0.259350 -0.106676 -0.054983 0.182153 0.189829 -0.250889 -0.231981 -0.288892 -0.405711 -0.110549 0.095545 0.239532 -0.019181 0.170120 -0.070958 0.324303 0.027484 -0.017222 0.020520 -0.226702 -0.292815 0.078001 0.029260 -0.157469 0.133938 0.176645 0.404568 -0.496051 -0.576874 -0.208498 -0.395583 -0.368235 -0.152622 -0.168897 -0.126635 -0.017433 0.141828 -0.448197 -0.093036 0.299476 -0.029938 0.220698 -0.104950 -0.071146 -0.260036 -0.536439 -0.505200 -0.213488 -0.216195 0.357906 0.262485 0.377773 0.161299 0.092568 0.123025 0.239156 -0.038758 0.400633 0.398501 -0.215408 0.224944 -0.149024 -0.044679 -0.293189 -0.446795 -0.331077 -0.228967 -0.332848 -0.290715 -0.191605 -0.269956 -0.245001 -0.211621 -0.006958 -0.011164 -0.338786 -0.390921 0.014027 -0.267302 0.141527 -0.205783 0.194037 0.203924 0.089671 0.197502 -0.200788 -0.206581 -0.372783 -0.288400 -0.202141 -0.162373 0.031338 0.149914 0.108587 0.143748 0.026950 0.098636 -0.127351 0.231312 -0.118026 -0.176292 -0.015317 -0.218686 0.008767 -0.340001 -0.195057 -0.047330
-0.243838 0.071350 -0.004531 0.317986 0.068257 0.578965 0.359531 1.000000 0.080906 0.590342 -0.096527 0.302588 0.123660 0.518816 -0.349691 0.130195 -0.215446 -0.324876 -0.212226 0.082545 -0.169744 -0.091680 -0.231698 -0.071728 0.065061 0.033650 -0.247693 -0.216273 -0.175112 -0.128681 -0.121929 0.066020 -0.142793 0.092670 -0.240607 0.123103 -0.401671 -0.350940 -0.373828 -0.016834 -0.194917 -0.072580 -0.116181 -0.043088 0.071333 0.243629 -0.270138 0.000551 0.162396 -0.015153 -0.108400 0.042860 -0.005952 -0.038567 -0.329780 -0.042651 -0.433610 -0.373541 0.119315 0.182795 0.129052 0.494253 -0.083962 0.025574 0.111925 0.491944 0.064271 0.274412 -0.186594 0.102254 -0.472761 -0.139396 -0.170861 -0.258130 -0.190376 -0.239511 -0.407338 -0.282647 -0.365531 -0.182065 -0.392279 -0.314924 -0.049052 0.009215 -0.309279 -0.079311 -0.143610 0.028729 -0.103131 0.183128 0.186680 -0.103254 0.123933 -0.274057 -0.151314 0.084776 -0.118461 0.142054 -0.046568 -0.122413 0.080309 -0.294346 -0.036826 -0.205896 -0.078708 -0.013949 0.033770 0.088863 0.164692 -0.095897 -0.128788 -0.171120 -0.076313 -0.140651 0.003723 0.051404
-0.060143 0.181121 0.332220 0.324643 0.605227 0.115723 0.307405 0.080906 1.000000 0.315723 -0.010562 -0.017273 0.089171 -0.003155 0.157482 -0.155063 -0.111824 -0.114819 -0.050033 0.261430 0.137023 0.164972 0.142831 0.136927 0.070592 0.173094 0.233513 0.182950 0.075718 -0.117071 -0.103213 0.030042 -0.164475 -0.026910 -0.064831 0.030609 -0.186670 -0.133376 -0.178666 -0.193961 0.091821 -0.008698 -0.338700 -0.414219 -0.366904 -0.337383 -0.301080 -0.394295 -0.219752 -0.432347 -0.030103 -0.134693 0.107349 0.141199 -0.341705 -0.303197 -0.077884 -0.004146 0.024436 0.064309 -0.124894 0.031607 0.058097 0.124038 0.262007 0.082247 0.045975 0.005863 0.138572 0.109780 0.017128 0.027721 -0.198473 -0.137131 -0.004960 -0.106637 -0.083018 0.116097 0.021697 -0.023753 -0.028643 0.011441 -0.038515 0.081480 0.087694 0.108162 -0.197050 0.105359 0.114110 0.218585 0.087621 -0.008247 0.033098 0.006513 0.162447 0.095618 -0.304641 -0.016239 -0.151979 -0.315983 -0.097371 -0.093233 -0.082371 -0.082671 0.040464 -0.141852 0.057325 0.130682 0.021707 -0.036615 -0.145988 -0.327635 -0.123253 -0.008393 -0.063559 -0.054174
-0.246583 0.135245 0.068012 0.273528 0.097653 0.575791 0.259350 0.590342 0.315723 1.000000 -0.118664 0.221997 -0.097096 0.248986 -0.174012 0.099805 -0.270099 -0.171561 -0.249754 0.144857 0.036692 -0.008629 -0.121664 -0.033753 0.092375 0.085499 0.010861 -0.003952 -0.290063 -0.288867 -0.327922 -0.173725 -0.253386 0.009680 -0.129173 0.106721 -0.421018 -0.234135 -0.234486 -0.170860 -0.155833 -0.257735 -0.003256 -0.193469 -0.045558 -0.001605 -0.188975 -0.181186 0.108942 -0.079284 0.028128 -0.019729 0.182286 -0.000594 -0.308741 -0.118216 -0.237201 -0.191839 0.152683 0.259756 0.065366 0.439314 0.003257 0.061010 0.112979 0.430797 0.242666 0.229551 -0.022271 0.190870 -0.369789 -0.115752 -0.268714 -0.274017 -0.245925 -0.186623 -0.537157 -0.331112 -0.336444 -0.142162 -0.297123 -0.292692 -0.201895 -0.186124 -0.189829 -0.072522 -0.197034 -0.073850 -0.178636 0.063277 0.272314 0.029699 0.191514 -0.096358 -0.016327 -0.013015 -0.257579 0.206400 -0.038571 -0.108135 -0.065750 -0.151372 -0.147073 -0.035779 0.096258 0.175616 0.141270 0.146526 0.166281 -0.055437 -0.264592 -0.128289 0.037413 -0.151693 0.148854 0.086140
0.422940 0.139969 -0.082168 -0.058714 -0.087058 -0.061361 -0.106676 -0.096527 -0.010562 -0.118664 1.000000 0.280252 0.627045 0.314508 0.473251 0.362321 0.200478 0.076629 0.028067 -0.090625 -0.022179 0.006122 0.237616 0.245636 0.039463 0.141795 0.129748 0.101414 0.139871 0.084400 0.142620 0.109437 -0.095325 -0.037932 0.029621 -0.133539 0.251647 0.147320 -0.090745 -0.040091 0.128200 0.031348 -0.262550 -0.143813 -0.123067 -0.105216 -0.072719 -0.225159 -0.064754 -0.110443 0.089431 0.037347 -0.130544 -0.016483 0.233639 -0.082587 -0.135967 0.012000 -0.249454 -0.329133 -0.084400 0.005370 -0.089052 -0.175487 0.406538 0.164869 -0.325315 -0.115802 -0.158741 -0.246060 0.102240 0.164047 0.150939 0.199908 0.408338 0.097403 0.280303 0.174263 0.035142 0.175010 0.016907 0.043004 -0.184136 -0.038443 0.237105 0.135590 -0.037689 0.141308 -0.041641 -0.012408 -0.373911 -0.246842 -0.159102 -0.062194 -0.291947 0.003030 -0.095622 -0.329804 -0.362711 -0.233082 -0.327750 -0.009562 -0.296863 -0.218403 -0.190440 -0.271148 -0.283935 -0.096220 -0.072939 -0.239869 -0.064468 -0.155859 -0.056854 0.182838 0.162604 -0.082215
0.097233 0.591194 -0.406000 -0.043115 -0.159540 0.071131 -0.054983 0.302588 -0.017273 0.221997 0.280252 1.000000 0.164880 0.687092 -0.036780 0.594792 0.139399 0.120557 -0.060384 0.005949 -0.278987 -0.162515 -0.498365 -0.232322 -0.214312 -0.047670 -0.427748 -0.418545 0.344500 0.232045 -0.121894 0.053313 0.014589 0.211527 -0.389796 -0.285836 0.157261 0.119723 -0.272496 0.269068 0.016690 0.058912 -0.005521 -0.066207 -0.047059 0.044120 -0.073096 -0.129903 -0.285518 -0.192667 -0.328712 -0.125672 -0.291963 0.026626 -0.114301 -0.036045 0.021065 -0.023273 -0.328004 -0.282793 0.025054 0.502517 0.015621 -0.053380 0.016536 0.496928 -0.443594 -0.209862 0.186727 0.200656 -0.074225 0.049488 0.153928 0.226469 0.225812 0.022580 0.009204 0.141048 -0.121220 -0.100051 0.096224 -0.002914 0.188282 0.342983 0.155095 0.325768 0.030557 0.118351 -0.357996 -0.095601 -0.044679 -0.372322 -0.035619 -0.460260 -0.046388 0.259568 -0.099820 0.096760 -0.200830 -0.152324 0.087905 -0.300682 -0.174529 -0.405093 -0.282524 -0.194754 -0.186537 -0.065488 -0.011294 0.005557 -0.164249 -0.051687 -0.030224 0.149913 0.281529 0.087765
0.295699 0.123266 -0.116105 -0.052861 0.008708 0.071102 0.182153 0.123660 0.089171 -0.097096 0.627045 0.164880 1.000000 0.484545 0.295333 0.314393 0.158733 -0.154915 -0.125033 -0.107875 -0.060990 0.193984 0.011634 0.090431 -0.132961 -0.087116 0.085546 0.023972 0.042509 0.018605 -0.063828 -0.102306 -0.058672 -0.172332 -0.224833 -0.229589 0.179966 -0.021357 -0.101782 0.035116 0.017975 0.082090 -0.140776 0.004801 -0.071645 -0.039554 -0.092569 -0.174693 0.053820 -0.021422 0.049723 0.083727 -0.014384 -0.004436 0.163660 -0.019648 -0.194164 -0.030814 0.025953 -0.069069 0.311364 0.173411 -0.086533 -0.005516 0.207473 0.102216 -0.299772 -0.152515 -0.127947 -0.093846 -0.034118 0.021179 -0.040633 0.094261 0.180175 -0.004417 0.115794 0.055597 0.047507 0.050600 -0.070787 0.014026 -0.146019 0.050358 -0.023546 0.068583 -0.155011 0.177939 -0.096327 -0.007470 -0.124449 -0.169064 -0.052708 -0.109163 -0.282645 -0.059894 0.037441 -0.257871 -0.254450 -0.234323 -0.134507 -0.038685 -0.109374 -0.187241 -0.103465 -0.300354 -0.064384 -0.196618 0.008665 -0.279238 -0.208587 -0.173507 -0.001077 0.136899 0.048800 -0.142635
0.134346 0.483948 -0.369403 -0.145966 -0.048521 0.216116 0.189829 0.518816 -0.003155 0.248986 0.314508 0.687092 0.484545 1.000000 -0.028763 0.524999 0.028310 -0.119583 -0.169756 0.019154 -0.229384 -0.055453 -0.464942 -0.280592 -0.276332 -0.181336 -0.387335 -0.416884 0.257001 0.168694 -0.208842 -0.129185 -0.153247 0.006446 -0.388351 -0.228231 0.047130 -0.004323 -0.156499 0.261974 -0.020024 0.068046 -0.019965 -0.107455 -0.086241 -0.033367 -0.015962 -0.172960 -0.170755 -0.154237 -0.338218 -0.013817 -0.051175 0.098225 -0.055476 0.010352 -0.132097 -0.191230 -0.042899 -0.010211 0.265087 0.693813 0.061639 0.099079 0.110658 0.390342 -0.406804 -0.227505 0.110355 0.191119 -0.238862 0.009460 0.030251 0.055643 0.145569 0.032002 -0.011635 0.086984 -0.174077 -0.145438 -0.041301 -0.035027 0.192221 0.313936 -0.036369 0.027360 0.087894 0.136344 -0.217429 -0.095733 0.109573 -0.260293 -0.077635 -0.320913 -0.153613 0.188921 -0.027666 0.066140 -0.102635 -0.085651 0.165281 -0.214724 -0.076045 -0.311390 -0.224918 -0.264910 -0.078640 -0.027839 0.003317 -0.025728 -0.208797 -0.117197 -0.080661 0.056272 0.176369 0.006063
0.219930 0.143350 -0.112272 0.214761 -0.104237 -0.268838 -0.250889 -0.349691 0.157482 -0.174012 0.473251 -0.036780 0.295333 -0.028763 1.000000 0.345707 -0.008896 0.108042 0.119408 0.032597 0.130517 0.058283 0.323114 0.307365 -0.092005 -0.080784 0.205218 0.141207 0.315347 0.153652 -0.169099 -0.076127 -0.296694 -0.313911 0.025094 -0.137628 0.341045 0.267435 -0.044293 -0.082202 0.309821 0.036317 -0.031370 -0.191080 -0.139948 -0.243360 0.134900 -0.170227 -0.025936 -0.038805 0.100553 0.216417 0.171313 0.209187 0.227938 0.039270 -0.190460 0.033832 -0.094066 -0.070418 -0.183805 -0.122794 -0.042096 -0.167344 0.203588 -0.082287 -0.283447 -0.180320 -0.081824 -0.234934 -0.042924 -0.187613 0.118567 0.038434 0.227343 -0.014046 0.185928 0.129770 0.103603 0.146351 -0.009597 0.060602 0.275017 0.156082 0.386213 0.204788 0.191571 0.387034 -0.013947 0.130022 -0.101677 -0.042210 -0.111745 0.038819 0.016672 0.033132 0.069390 -0.180163 0.054095 -0.163683 -0.251201 -0.007406 -0.092685 -0.174745 0.027125 -0.359928 -0.013272 -0.209839 -0.140656 -0.120029 -0.174838 -0.067555 0.029916 0.114123 -0.088029 -0.242658
0.142190 0.472602 -0.499884 0.186662 -0.304113 0.110666 -0.231981 0.130195 -0.155063 0.099805 0.362321 0.594792 0.314393 0.524999 0.345707 1.000000 0.064011 0.153246 0.030060 0.068870 -0.318227 -0.136644 -0.252235 -0.079662 -0.356774 -0.186831 -0.274293 -0.251999 0.288255 0.235242 -0.301507 -0.116338 -0.222531 -0.107718 -0.298821 -0.296560 0.182192 0.201223 -0.292162 0.237495 0.097618 -0.031716 -0.028882 -0.219322 -0.188327 -0.197966 0.064358 -0.267718 -0.122379 -0.148682 -0.194949 0.134726 0.067833 0.203015 0.196409 0.173263 -0.152391 -0.013862 -0.181665 -0.085845 0.022620 0.515233 0.044821 0.021415 0.099349 0.409554 -0.478048 -0.288980 0.068032 -0.012204 -0.218827 -0.179112 0.047363 0.093927 0.149309 -0.031492 -0.040236 0.141245 -0.143890 0.071827 0.054648 0.089848 0.273714 0.434398 0.236469 0.270473 0.043115 0.357013 -0.129309 0.016818 -0.027104 -0.299684 -0.156306 -0.403634 -0.028473 -0.000569 -0.025748 0.124604 -0.046679 -0.083721 -0.107626 -0.311113 -0.126458 -0.401097 -0.188161 -0.166561 -0.125510 -0.177913 -0.000661 -0.064408 -0.403846 -0.065625 0.082422 0.070883 0.194630 -0.099059
0.205095 0.273982 -0.441100 -0.284286 -0.281310 -0.294568 -0.288892 -0.215446 -0.111824 -0.270099 0.200478 0.139399 0.158733 0.028310 -0.008896 0.064011 1.000000 0.703258 0.146421 0.051279 -0.368994 -0.112042 -0.345959 -0.369820 -0.397047 -0.279731 -0.308188 -0.317839 0.417621 0.510629 0.012148 -0.087525 0.328799 0.217688 -0.385542 -0.471873 0.456101 0.423044 0.083149 0.224286 0.253014 0.448299 -0.010467 -0.002115 -0.056084 -0.210858 0.051586 -0.102916 -0.382002 -0.055765 -0.317581 -0.085729 -0.223065 0.180754 0.202313 0.100503 0.448971 0.404183 -0.308651 -0.378859 0.050775 -0.038490 0.373896 0.242496 -0.292275 -0.240769 -0.480471 -0.569533 0.148494 -0.058927 0.181486 0.104719 0.535219 0.581349 0.450004 0.326913 0.596207 0.335443 0.598700 0.510896 0.747887 0.699588 -0.041069 0.122067 0.153796 -0.009894 -0.249829 0.051622 -0.280820 -0.246729 -0.205704 -0.170724 -0.196006 -0.216457 -0.060600 0.115629 -0.082188 0.017514 0.008887 0.085696 0.086778 0.018681 0.018731 -0.133781 -0.280531 -0.154930 -0.222243 -0.154927 -0.061711 0.126141 -0.041820 0.229515 -0.341446 0.163250 -0.009209 0.193091
0.111028 0.288682 -0.417170 -0.200249 -0.321178 -0.421707 -0.405711 -0.324876 -0.114819 -0.171561 0.076629 0.120557 -0.154915 -0.119583 0.108042 0.153246 0.703258 1.000000 0.100274 -0.037926 -0.391721 -0.214201 -0.283278 -0.358224 -0.343851 -0.327580 -0.245792 -0.327938 0.473927 0.526151 -0.042154 -0.118089 0.155537 0.086204 -0.306551 -0.476224 0.435556 0.595644 0.167712 0.282416 0.330820 0.375848 0.028378 -0.113331 -0.082659 -0.302489 0.200779 -0.096589 -0.408284 -0.007353 -0.260339 -0.059780 0.023379 0.349341 0.261386 0.174556 0.487019 0.506159 -0.365760 -0.316377 -0.140514 -0.025219 0.366052 0.260895 -0.303733 -0.255944 -0.475835 -0.575210 0.065956 -0.146392 0.116615 0.013788 0.504522 0.543980 0.382187 0.266258 0.487580 0.334463 0.461357 0.479525 0.747954 0.752681 0.066282 0.082368 0.294435 -0.018449 -0.229781 0.075344 -0.344384 -0.293606 -0.182084 -0.238105 -0.291396 -0.278478 0.089331 0.137041 -0.082870 0.043612 0.177863 0.168526 0.110797 -0.028121 -0.086666 -0.143540 -0.246816 -0.044195 -0.170177 -0.234879 -0.064165 0.293777 -0.120829 0.210568 -0.142465 0.282555 0.087894 0.041977
0.292838 -0.065260 -0.035018 -0.141522 -0.053261 -0.299888 -0.110549 -0.212226 -0.050033 -0.249754 0.028067 -0.060384 -0.125033 -0.169756 0.119408 0.030060 0.146421 0.100274 1.000000 0.146367 0.179331 0.034690 0.024187 -0.239293 0.073272 -0.073679 -0.030139 -0.167445 0.282926 0.194629 0.214743 0.203084 0.250461 0.324126 0.190357 0.045152 0.070210 0.004737 0.025602 0.034830 0.225082 0.169400 -0.073291 0.107535 0.034500 0.001322 -0.031909 0.139903 -0.148538 0.008687 -0.277803 -0.136678 -0.219099 0.124920 -0.007194 0.001701 0.189774 0.045331 0.011229 -0.035287 -0.118758 -0.115712 0.149356 0.014948 -0.172801 -0.237521 0.003976 -0.145964 0.001036 -0.202766 0.291419 0.065372 0.315579 0.181023 0.339564 0.230395 0.453851 0.320509 0.054251 0.189759 0.194303 0.164491 0.144440 0.097513 0.041281 -0.077296 -0.014707 -0.135989 0.093307 -0.152253 -0.238467 -0.155662 -0.385173 -0.169231 -0.126085 0.059465 0.040778 -0.304988 -0.019499 -0.013714 -0.160703 0.158641 -0.010457 0.058475 -0.206672 -0.215141 -0.288405 0.037181 -0.069420 0.034170 0.053103 -0.081222 -0.120452 -0.085042 -0.362215 -0.047506
-0.091787 0.397105 -0.152697 0.216391 0.250056 0.026507 0.095545 0.082545 0.261430 0.144857 -0.090625 0.005949 -0.107875 0.019154 0.032597 0.068870 0.051279 -0.037926 0.146367 1.000000 -0.036340 -0.126692 -0.215226 -0.186860 -0.307852 -0.444022 -0.131671 -0.162233 0.061725 -0.088036 -0.417550 -0.311802 -0.107722 0.033605 -0.253491 0.011472 -0.184978 -0.244273 -0.102356 0.016104 0.246838 0.050574 -0.407817 -0.483179 -0.434696 -0.337740 -0.469599 -0.182647 -0.295351 -0.369565 -0.479501 -0.412665 -0.102869 -0.187120 -0.360411 -0.233304 0.195846 0.321922 0.201110 0.248249 0.104013 0.339881 0.248507 0.276468 0.005761 0.122897 0.043110 0.005151 0.406327 0.652416 -0.164894 -0.212896 -0.170075 -0.104413 -0.110610 -0.049079 -0.034390 -0.113640 0.092643 -0.174463 0.138657 0.062393 0.115500 0.478810 -0.064810 0.001091 -0.074058 0.194361 -0.021859 0.061498 0.359672 0.291018 0.200517 0.008434 0.185677 -0.137072 -0.332766 0.142110 -0.130986 -0.113578 0.082714 0.109980 0.129499 0.213864 -0.075423 0.192749 0.177031 0.266256 0.077921 0.085353 -0.158960 -0.005213 -0.106270 -0.196451 -0.026133 0.081220
0.061714 -0.248529 0.423148 0.012122 0.216247 0.141611 0.239532 -0.169744 0.137023 0.036692 -0.022179 -0.278987 -0.060990 -0.229384 0.130517 -0.318227 -0.368994 -0.391721 0.179331 -0.036340 1.000000 0.521249 0.296128 0.231242 0.451770 0.341643 0.445881 0.397720 -0.253947 -0.288693 0.340059 0.221388 -0.096063 0.050009 0.417658 0.349783 -0.111260 -0.188629 0.100598 -0.396173 -0.130276 -0.146935 0.042427 0.114208 0.122949 0.187938 -0.044094 0.069781 0.291170 0.136849 0.246632 0.027392 0.107059 -0.135862 -0.208805 -0.107030 -0.177204 -0.093516 0.229157 0.150105 0.056899 -0.261691 -0.166604 -0.218787 0.097812 -0.188611 0.424618 0.336706 -0.185401 -0.018456 0.259187 0.147554 -0.127764 -0.124065 -0.049267 -0.021141 -0.132968 -0.125297 -0.257971 -0.290880 -0.363414 -0.340266 -0.148780 -0.242994 -0.144994 -0.183001 0.200157 -0.277686 0.029993 -0.018252 -0.055943 0.051745 -0.007896 0.271766 -0.086262 0.078663 0.026823 -0.222663 0.029371 -0.085042 -0.191593 0.149364 -0.089601 -0.067143 0.162193 0.025650 0.020554 -0.042282 0.096068 -0.056034 0.094325 -0.183105 0.066192 -0.224257 -0.097116 -0.004775
-0.102061 -0.083395 0.130785 0.055947 0.054164 0.090406 -0.019181 -0.091680 0.164972 -0.008629 0.006122 -0.162515 0.193984 -0.055453 0.058283 -0.136644 -0.112042 -0.214201 0.034690 -0.126692 0.521249 1.000000 0.071396 0.206910 0.064273 0.272033 0.354761 0.337908 -0.257159 -0.179719 0.075573 -0.007840 -0.068028 -0.152304 -0.048159 -0.173817 0.139344 0.145587 0.145218 0.059971 -0.129348 0.112506 0.007481 0.093037 -0.075930 -0.019510 0.063806 -0.039734 0.118260 -0.017159 0.238962 0.170733 0.094149 0.060128 -0.008014 0.148712 -0.130184 -0.153834 0.056891 -0.150285 -0.095413 -0.269218 -0.342980 -0.379856 0.094300 -0.044161 0.086754 0.019361 -0.034504 -0.029591 0.296207 0.278962 -0.115476 0.090924 -0.033449 0.058262 0.045965 0.107314 -0.181148 -0.314159 -0.235749 -0.266143 -0.276961 -0.187845 -0.101267 0.124611 -0.082569 -0.114629 -0.004513 -0.022091 -0.007647 0.065372 0.174856 0.269518 0.242450 0.012007 0.153329 0.151952 0.143234 0.175698 0.019258 0.106447 -0.033871 0.067769 0.428499 0.111759 0.190950 -0.061180 0.416176 0.130639 0.131784 -0.028816 0.184268 0.066818 0.219778 0.102275
0.017848 -0.617504 0.698265 0.312857 0.333625 0.100666 0.170120 -0.231698 0.142831 -0.121664 0.237616 -0.498365 0.011634 -0.464942 0.323114 -0.252235 -0.345959 -0.283278 0.024187 -0.215226 0.296128 0.071396 1.000000 0.783293 0.581416 0.519527 0.623891 0.648382 -0.391584 -0.339452 0.323997 0.311988 -0.251666 -0.121316 0.635118 0.446062 -0.209027 -0.172002 -0.095634 -0.422907 -0.138481 -0.072346 -0.057494 0.062852 0.033367 0.067232 -0.030900 0.068300 0.426401 0.031790 0.704067 0.210480 0.107605 -0.109379 0.028014 -0.202621 -0.427085 -0.362662 -0.046750 -0.143647 -0.378751 -0.626626 -0.330280 -0.360308 0.418112 -0.081944 0.371360 0.523195 -0.436092 -0.460884 0.041452 0.011484 -0.240729 -0.230333 0.001281 -0.116036 -0.134576 -0.234440 0.013209 0.054219 -0.343860 -0.269886 -0.230117 -0.320801 0.138182 -0.067572 0.046481 0.006714 0.551329 0.125042 -0.250130 0.111187 -0.111698 0.224604 -0.138485 -0.242472 -0.017592 -0.383274 -0.120008 -0.106711 -0.512950 -0.005520 -0.191637 0.128482 0.248340 -0.156667 -0.121756 0.165952 -0.283740 -0.279545 0.279925 -0.151246 0.078707 -0.184546 -0.214709 -0.236973
-0.054608 -0.389238 0.499251 0.546134 0.210691 0.198979 -0.070958 -0.071728 0.136927 -0.033753 0.245636 -0.232322 0.090431 -0.280592 0.307365 -0.079662 -0.369820 -0.358224 -0.239293 -0.186860 0.231242 0.206910 0.783293 1.000000 0.465056 0.596807 0.600324 0.685244 -0.454578 -0.387018 0.194871 0.311030 -0.353842 -0.262952 0.389482 0.256524 -0.111897 -0.048345 -0.164611 -0.274840 -0.207220 -0.029417 -0.051101 0.059040 -0.015111 0.088151 -0.009610 0.063756 0.337130 -0.055129 0.620451 0.305630 0.158224 -0.041005 0.088132 -0.014070 -0.500929 -0.353515 -0.178204 -0.192367 -0.473281 -0.480582 -0.475903 -0.455336 0.402751 0.226411 0.178344 0.487797 -0.365074 -0.360439 -0.047126 -0.014166 -0.375882 -0.161022 -0.026399 -0.216110 -0.288877 -0.317159 -0.065862 -0.095686 -0.469104 -0.439914 -0.267409 -0.215328 0.176396 0.172101 0.133424 0.146016 0.407227 0.395709 -0.147653 0.129727 0.060385 0.095479 -0.145847 -0.157777 0.044676 -0.186988 -0.077759 -0.048928 -0.441859 -0.157761 -0.243401 -0.045990 0.333783 -0.120051 0.063281 -0.007906 -0.159550 -0.372299 0.247489 -0.000046 0.167362 -0.031193 -0.007779 -0.146378
-0.109048 -0.640986 0.643166 0.100436 0.327663 0.266175 0.324303 0.065061 0.070592 0.092375 0.039463 -0.214312 -0.132961 -0.276332 -0.092005 -0.356774 -0.397047 -0.343851 0.073272 -0.307852 0.451770 0.064273 0.581416 0.465056 1.000000 0.685164 0.334991 0.302949 -0.232114 -0.144200 0.572133 0.566616 0.017160 0.295858 0.666309 0.630196 -0.339970 -0.297697 -0.104252 -0.528693 -0.220504 -0.050362 -0.125186 0.092198 0.185009 0.343300 -0.241175 0.013278 0.405856 0.068884 0.461789 0.034763 -0.123697 -0.126663 -0.271248 -0.271889 -0.404197 -0.398599 0.031126 0.028139 -0.153826 -0.339619 -0.149097 -0.110791 0.325629 -0.035712 0.502177 0.573433 -0.523550 -0.423201 0.047861 0.081029 -0.062237 -0.176049 0.008684 -0.118940 -0.239528 -0.295737 -0.222809 -0.014011 -0.405096 -0.306259 -0.120761 -0.254780 -0.052516 -0.231123 0.138321 -0.240751 0.272055 -0.018656 -0.305687 -0.101692 -0.151308 0.112335 -0.214390 -0.172331 -0.215203 -0.399823 -0.215700 -0.316017 -0.358295 0.022394 -0.208902 -0.042018 0.093317 0.018898 -0.201369 0.023592 -0.015387 -0.398882 0.202022 -0.316074 -0.097720 -0.296845 -0.174022 -0.047485
0.021787 -0.407343 0.514691 0.249447 0.256095 0.273542 0.027484 0.033650 0.173094 0.085499 0.141795 -0.047670 -0.087116 -0.181336 -0.080784 -0.186831 -0.279731 -0.327580 -0.073679 -0.444022 0.341643 0.272033 0.519527 0.596807 0.685164 1.000000 0.522094 0.564817 -0.273710 -0.211828 0.488366 0.536585 -0.038401 0.136661 0.533008 0.368539 -0.214199 -0.137866 -0.172127 -0.433634 -0.314554 -0.109039 -0.018916 0.106172 0.075372 0.222166 -0.038406 -0.027873 0.314774 -0.026474 0.541298 0.159826 -0.105422 -0.054199 -0.156902 -0.127459 -0.420095 -0.430005 -0.230568 -0.285959 -0.350181 -0.355029 -0.392645 -0.404526 0.435190 0.283780 0.290659 0.433610 -0.326942 -0.444301 0.078614 0.192958 -0.144105 -0.106033 0.025665 -0.193302 -0.223821 -0.109941 -0.189958 -0.014227 -0.353099 -0.347513 -0.256095 -0.335301 0.067131 0.115234 0.055885 -0.166809 0.267453 0.127714 -0.357665 -0.125788 -0.063756 0.036704 -0.138726 -0.049386 -0.009947 -0.118873 -0.157399 -0.186510 -0.324140 -0.190770 -0.293131 -0.114212 0.207409 -0.012351 -0.165997 0.071114 -0.048371 -0.334628 0.199107 -0.201530 -0.022242 -0.013933 0.024845 0.007373
0.199229 -0.281137 0.532508 0.299105 0.322554 0.138936 -0.017222 -0.247693 0.233513 0.010861 0.129748 -0.427748 0.085546 -0.387335 0.205218 -0.274293 -0.308188 -0.245792 -0.030139 -0.131671 0.445881 0.354761 0.623891 0.600324 0.334991 0.522094 1.000000 0.850776 -0.434782 -0.495995 0.053014 0.045680 -0.117289 -0.227308 0.390297 0.179849 -0.261909 -0.223230 0.031826 -0.461131 -0.226239 -0.216392 -0.022217 0.082540 -0.011120 -0.030076 0.056428 0.125560 0.324410 0.043392 0.562588 0.128254 0.188497 -0.131556 -0.079097 -0.134830 -0.138803 -0.108302 0.074881 -0.017637 -0.225158 -0.437971 -0.353889 -0.324796 0.304049 0.057711 0.371657 0.359272 -0.114391 -0.166500 0.074965 -0.010818 -0.416524 -0.179666 -0.102581 -0.174561 -0.186245 -0.207365 -0.024649 -0.036742 -0.272615 -0.267491 -0.345570 -0.283041 -0.012037 -0.009854 -0.114145 -0.027934 0.275433 0.122152 -0.054613 0.098807 0.087092 0.146175 -0.052714 -0.245661 0.141629 -0.143924 0.047161 -0.127990 -0.323934 0.024537 -0.197089 0.079572 0.256479 -0.077495 0.062796 0.147792 -0.079441 -0.291896 0.168167 -0.107922 0.031824 0.059350 -0.041709 -0.277600
-0.001257 -0.257276 0.603447 0.355605 0.355928 0.210125 0.020520 -0.216273 0.182950 -0.003952 0.101414 -0.418545 0.023972 -0.416884 0.141207 -0.251999 -0.317839 -0.327938 -0.167445 -0.162233 0.397720 0.337908 0.648382 0.685244 0.302949 0.564817 0.850776 1.000000 -0.532715 -0.546487 0.096234 0.026958 -0.252235 -0.302178 0.375281 0.152550 -0.297277 -0.195870 -0.032447 -0.407661 -0.345824 -0.250119 -0.029826 -0.011540 -0.044373 -0.024749 -0.039692 0.038687 0.395640 0.073616 0.707003 0.345607 0.254463 -0.114802 -0.091370 -0.118622 -0.289250 -0.115554 0.000355 -0.022741 -0.314380 -0.446873 -0.403473 -0.413822 0.319100 0.099807 0.371630 0.375685 -0.165203 -0.145755 0.154907 0.037512 -0.469200 -0.268469 -0.201259 -0.186472 -0.237686 -0.178885 -0.038566 -0.098965 -0.345185 -0.386320 -0.336108 -0.332394 -0.009223 0.051527 -0.016794 -0.190688 0.359360 0.296031 0.007785 0.273826 0.228366 0.285863 -0.014337 -0.261473 0.093487 -0.023075 0.037560 -0.085438 -0.238913 0.097758 -0.126795 0.124823 0.359152 0.059808 0.138555 0.155872 -0.105282 -0.249452 0.160888 -0.017978 0.081372 0.026674 0.000354 -0.162796
0.244331 0.354561 -0.466857 -0.268242 -0.067871 -0.380672 -0.226702 -0.175112 0.075718 -0.290063 0.139871 0.344500 0.042509 0.257001 0.315347 0.288255 0.417621 0.473927 0.282926 0.061725 -0.253947 -0.257159 -0.391584 -0.454578 -0.232114 -0.273710 -0.434782 -0.532715 1.000000 0.783488 0.058386 0.084128 0.192691 0.295548 -0.198945 -0.228013 0.483054 0.277472 -0.009757 0.194012 0.450590 0.372663 -0.169230 -0.257976 -0.185781 -0.228973 -0.024940 -0.258049 -0.521983 -0.213480 -0.510258 -0.178309 -0.280267 0.245809 -0.021952 -0.149288 0.242951 0.189744 -0.280402 -0.138178 -0.049268 0.249087 0.512387 0.313952 -0.029391 -0.168804 -0.461444 -0.507707 0.161107 -0.119830 0.111372 -0.075912 0.663345 0.374940 0.465382 0.224105 0.449762 0.446748 0.410264 0.416695 0.615538 0.616232 0.602613 0.504143 0.529971 0.143608 0.133692 0.132850 -0.201961 -0.203463 -0.260172 -0.368341 -0.395478 -0.339938 0.162837 0.216669 -0.187060 0.012466 -0.123009 -0.249034 0.133173 -0.087673 -0.060621 -0.335069 -0.416087 -0.304626 -0.130537 -0.163625 -0.002546 0.091914 -0.193064 -0.120135 -0.256088 0.046942 -0.068353 -0.078361
0.110619 0.102128 -0.508133 -0.230268 -0.349030 -0.374311 -0.292815 -0.128681 -0.117071 -0.288867 0.084400 0.232045 0.018605 0.168694 0.153652 0.235242 0.510629 0.526151 0.194629 -0.088036 -0.288693 -0.179719 -0.339452 -0.387018 -0.144200 -0.211828 -0.495995 -0.546487 0.783488 1.000000 0.133088 0.085922 0.361996 0.372913 -0.189549 -0.195219 0.572722 0.398031 0.067924 0.234433 0.490044 0.618362 -0.059144 -0.057534 -0.104477 -0.087193 0.061438 -0.114381 -0.446066 -0.166690 -0.416511 -0.116956 -0.252072 0.323414 0.110983 0.069514 0.163848 -0.015251 -0.314327 -0.226214 -0.034068 0.084251 0.376700 0.270956 -0.235708 -0.229794 -0.492808 -0.473542 0.089567 -0.256268 0.080594 -0.064093 0.799547 0.556776 0.564039 0.222156 0.502281 0.341703 0.383670 0.515915 0.538907 0.637080 0.376574 0.390724 0.262149 0.093551 -0.026603 0.100617 -0.210661 -0.178767 -0.275023 -0.286756 -0.356880 -0.314611 0.112610 0.269026 -0.106645 0.096543 0.021513 -0.000563 0.175076 -0.133101 0.022931 -0.343683 -0.341726 -0.209075 -0.201460 -0.167105 0.098620 0.038441 -0.056049 0.069360 -0.222565 0.024032 -0.060844 -0.007407
-0.041394 -0.451978 0.338423 -0.182774 0.049188 -0.039327 0.078001 -0.121929 -0.103213 -0.327922 0.142620 -0.121894 -0.063828 -0.208842 -0.169099 -0.301507 0.012148 -0.042154 0.214743 -0.417550 0.340059 0.075573 0.323997 0.194871 0.572133 0.488366 0.053014 0.096234 0.058386 0.133088 1.000000 0.784139 0.202867 0.454036 0.597262 0.430640 0.104961 0.127083 0.084687 -0.097520 0.075552 0.154214 0.021526 0.266019 0.284229 0.415554 -0.034326 0.172580 0.084208 0.142758 0.141374 -0.034944 -0.253602 -0.035781 0.089462 -0.018977 -0.161284 -0.117435 -0.373059 -0.361343 -0.208324 -0.450721 -0.122342 -0.227730 0.172676 -0.158048 0.103448 0.248791 -0.498444 -0.500205 0.376770 0.427375 0.306049 0.247561 0.301319 0.184602 0.129190 0.201625 -0.007293 0.070658 -0.056583 0.014550 -0.186662 -0.309923 0.048382 -0.107134 0.012364 -0.227339 0.116681 -0.038293 -0.575056 -0.326145 -0.433011 -0.067976 -0.231935 0.158592 -0.005437 -0.353961 -0.296565 -0.138507 -0.161676 -0.033632 -0.234480 -0.166494 -0.187704 -0.123745 -0.380507 -0.024030 -0.018056 -0.002020 0.362529 -0.113535 -0.198289 -0.073262 -0.174903 0.031829
-0.082696 -0.366935 0.253014 0.124205 0.056050 0.107958 0.029260 0.066020 0.030042 -0.173725 0.109437 0.053313 -0.102306 -0.129185 -0.076127 -0.116338 -0.087525 -0.118089 0.203084 -0.311802 0.221388 -0.007840 0.311988 0.311030 0.566616 0.536585 0.045680 0.026958 0.084128 0.085922 0.784139 1.000000 0.131364 0.510884 0.433172 0.366456 -0.027608 -0.015698 -0.089812 -0.141938 0.016563 0.054347 0.015955 0.238316 0.309583 0.467101 0.006014 0.222563 0.035338 0.026959 0.052003 -0.039633 -0.379232 0.045327 -0.026811 -0.006040 -0.281177 -0.276517 -0.412420 -0.388874 -0.318257 -0.274758 -0.222131 -0.231013 0.293315 0.097094 0.021654 0.302377 -0.493205 -0.470833 0.095060 0.256510 0.162017 0.127730 0.215802 -0.009848 -0.038897 0.173024 -0.085744 0.054332 -0.161461 -0.110173 -0.029993 -0.122185 0.073372 0.014953 0.055205 -0.055682 0.113581 0.044857 -0.522730 -0.425729 -0.388786 -0.331383 -0.188673 0.169374 0.016998 -0.318149 -0.305154 -0.147443 -0.335450 -0.299098 -0.330194 -0.327076 -0.229748 -0.139121 -0.394982 -0.039627 0.021245 -0.025045 0.380498 -0.132801 -0.238560 -0.003673 -0.144824 0.007832
0.102164 -0.108865 -0.118218 -0.283402 -0.217137 -0.242701 -0.157469 -0.142793 -0.164475 -0.253386 -0.095325 0.014589 -0.058672 -0.153247 -0.296694 -0.222531 0.328799 0.155537 0.250461 -0.107722 -0.096063 -0.068028 -0.251666 -0.353842 0.017160 -0.038401 -0.117289 -0.252235 0.192691 0.361996 0.202867 0.131364 1.000000 0.597793 0.022349 0.033776 0.179007 0.047210 0.076255 -0.075382 0.161023 0.075185 0.082102 0.373700 0.198494 0.239907 0.079046 0.246904 -0.152408 0.073714 -0.217698 -0.193471 -0.402897 -0.090347 -0.006477 0.005430 0.409431 0.076184 -0.141024 -0.153914 0.067907 -0.155024 0.069686 0.080907 -0.230144 -0.127200 -0.004452 -0.076271 0.254170 0.009569 0.205541 -0.017662 0.347036 0.321111 0.293487 0.258557 0.325516 0.146743 0.210723 0.355469 0.217560 0.245759 -0.056922 -0.087648 -0.159710 -0.020848 -0.241224 -0.224121 -0.269879 -0.205499 -0.301497 -0.223699 -0.069153 -0.104935 -0.024900 0.167666 0.095216 0.052273 -0.085685 0.049288 0.052271 0.018541 0.016598 0.099739 -0.404552 -0.144298 -0.228451 0.082735 0.044253 -0.039784 0.097361 0.058260 -0.204896 0.092791 -0.118902 -0.001953
0.002761 -0.137686 0.035255 -0.183058 0.012792 0.035781 0.133938 0.092670 -0.026910 0.009680 -0.037932 0.211527 -0.172332 0.006446 -0.313911 -0.107718 0.217688 0.086204 0.324126 0.033605 0.050009 -0.152304 -0.121316 -0.262952 0.295858 0.136661 -0.227308 -0.302178 0.295548 0.372913 0.454036 0.510884 0.597793 1.000000 0.242884 0.373748 -0.006594 -0.118829 -0.206130 -0.241775 0.150972 0.166973 -0.035024 0.175337 0.196323 0.353810 -0.220560 0.110079 -0.169938 -0.114025 -0.241339 -0.383261 -0.629062 -0.188186 -0.329240 -0.378420 0.153893 -0.057638 -0.297303 -0.270021 -0.024985 0.013084 0.102753 0.151666 0.033611 0.135051 0.138408 0.198329 -0.092894 -0.070940 0.163878 0.083993 0.427591 0.239137 0.266814 0.146221 0.098327 0.136768 0.131834 0.345941 0.185346 0.199749 -0.027040 -0.041429 -0.015832 -0.051896 -0.226697 -0.289092 -0.205344 -0.301022 -0.409808 -0.424649 -0.272319 -0.325318 -0.101841 0.087734 -0.274384 -0.174665 -0.390905 -0.203133 -0.088747 -0.229231 -0.175101 -0.114743 -0.463056 -0.081578 -0.504700 0.115989 -0.034178 -0.063123 0.197862 -0.068411 -0.361580 -0.176567 -0.156652 -0.040540
0.029363 -0.610064 0.553376 -0.010043 0.232474 0.055591 0.176645 -0.240607 -0.064831 -0.129173 0.029621 -0.389796 -0.224833 -0.388351 0.025094 -0.298821 -0.385542 -0.306551 0.190357 -0.253491 0.417658 -0.048159 0.635118 0.389482 0.666309 0.533008 0.390297 0.375281 -0.198945 -0.189549 0.597262 0.433172 0.022349 0.242884 1.000000 0.782977 -0.137743 -0.213745 -0.003468 -0.511098 -0.140695 -0.186381 0.015331 0.139694 0.141593 0.267406 -0.089334 0.178184 0.301811 0.022849 0.399609 -0.110021 -0.108421 -0.268018 -0.074595 -0.302028 -0.246854 -0.251413 -0.025564 -0.051805 -0.170765 -0.435875 -0.132794 -0.184088 0.325355 -0.033986 0.552840 0.606451 -0.337925 -0.394428 0.205052 0.176369 -0.060076 -0.175650 0.005490 -0.013308 -0.084966 -0.032019 -0.171905 0.034729 -0.285089 -0.212242 -0.124602 -0.373843 0.028121 -0.089525 0.125530 -0.228955 0.309379 -0.012477 -0.432050 -0.051250 -0.300395 0.175461 -0.196852 -0.164204 -0.069317 -0.418665 -0.313989 -0.198988 -0.265787 0.043109 -0.248439 0.127898 0.006769 -0.093248 -0.240249 0.142902 -0.221129 -0.319533 0.282898 -0.188915 0.001630 -0.349904 -0.355429 -0.241389
-0.056767 -0.596481 0.509469 0.078038 0.322395 0.292056 0.404568 0.123103 0.030609 0.106721 -0.133539 -0.285836 -0.229589 -0.228231 -0.137628 -0.296560 -0.471873 -0.476224 0.045152 0.011472 0.349783 -0.173817 0.446062 0.256524 0.630196 0.368539 0.179849 0.152550 -0.228013 -0.195219 0.430640 0.366456 0.033776 0.373748 0.782977 1.000000 -0.333221 -0.475703 -0.140704 -0.581374 -0.150578 -0.197137 -0.007254 0.124684 0.211065 0.446472 -0.253951 0.168986 0.370384 0.003797 0.221136 -0.260488 -0.190684 -0.415718 -0.310760 -0.418292 -0.273411 -0.267004 0.169516 0.148791 0.029312 -0.198275 -0.073106 -0.059466 0.281317 0.066281 0.611558 0.770382 -0.344785 -0.149479 -0.090828 -0.057038 -0.083245 -0.348671 -0.178406 -0.236671 -0.370859 -0.353542 -0.316691 -0.092535 -0.417419 -0.313372 -0.069827 -0.190758 -0.142972 -0.198145 0.057578 -0.150976 0.247738 -0.019809 -0.199037 -0.013710 -0.096970 0.140929 -0.221457 -0.166504 -0.233946 -0.379550 -0.309092 -0.313983 -0.142802 -0.028182 -0.091857 0.127527 -0.083603 -0.001410 -0.234091 0.143376 -0.188049 -0.386125 0.172341 -0.248198 -0.084749 -0.488076 -0.300727 -0.200496
