1.000000 0.612223 -0.224857 -0.293473 -0.141949 -0.269656 0.133290 -0.066356 -0.126990 -0.161997 0.295017 0.261145 0.338170 0.275356 -0.009330 -0.048102 0.550013 0.318485 0.381495 0.326222 -0.126641 -0.261451 -0.306563 -0.509820 -0.343836 -0.323826 -0.135704 -0.111537 0.374112 0.274298 -0.118813 -0.101201 0.178734 0.119866 -0.155639 -0.096248 -0.053829 -0.022089 -0.162624 -0.098175 -0.057505 0.276672 -0.262061 -0.222639 -0.222506 -0.201121 -0.271349 -0.317111 -0.307405 -0.193750 -0.375611 -0.188274 0.140071 0.001087 0.051710 -0.076758 0.637540 0.143492 0.304047 -0.138065 0.507413 0.216844 0.466273 0.201732 -0.079497 -0.170646 -0.122503 -0.465763 0.086804 -0.103562 0.035762 0.214514 0.417065 0.393117 0.309787 0.273129 0.371695 0.138790 0.108178 0.336106 0.273538 0.251955 0.112046 0.026997 -0.190303 -0.037311 0.047892 0.014666 0.179190 -0.079926 -0.448897 -0.062716 -0.355582 -0.200869 -0.086304 -0.091611 -0.339598 -0.002356 -0.214524 0.382089 0.013569 -0.019565 -0.215725 -0.063781 -0.391988 -0.456017 -0.276110 0.009660 0.013944 -0.276554 -0.363107 0.133969 -0.163894 -0.187191 -0.309743 -0.021052
0.612223 1.000000 -0.487386 -0.159017 -0.112370 -0.169710 0.056285 -0.002617 -0.080400 -0.113898 0.056668 0.348997 0.171525 0.426802 -0.106000 0.194168 0.670355 0.560100 0.298103 0.330775 -0.214199 -0.179315 -0.338397 -0.471370 -0.375575 -0.332572 -0.246505 -0.129957 0.407712 0.529959 -0.086030 -0.009336 0.277484 0.067758 -0.292666 -0.414773 -0.029848 0.183898 -0.062735 0.206871 0.186894 0.432483 -0.265017 -0.246246 -0.208813 -0.329374 -0.192078 -0.378370 -0.456118 -0.196627 -0.487703 -0.175894 0.072689 0.045715 -0.004998 -0.024119 0.584571 0.477895 -0.110720 -0.179981 0.171349 0.198715 0.469086 0.420607 -0.145839 -0.354243 -0.355769 -0.615780 0.171939 -0.171957 -0.004400 0.190546 0.491021 0.487187 0.309638 0.444313 0.392999 0.286874 0.416607 0.494882 0.460330 0.445032 0.138290 0.197436 -0.101202 0.066011 -0.007466 0.230966 -0.109926 -0.070219 -0.442545 -0.354383 -0.393414 -0.442677 -0.094162 0.166001 -0.177999 0.125458 -0.098599 0.151502 -0.037721 -0.198341 -0.224140 -0.212128 -0.338117 -0.469719 -0.200721 -0.119025 0.036459 -0.087007 -0.427685 0.144682 0.052333 -0.053628 -0.096952 -0.181828
-0.224857 -0.487386 1.000000 0.247019 0.422602 0.344218 0.399509 0.197301 0.462846 0.195419 -0.360325 -0.428955 -0.249375 -0.494212 -0.041718 -0.337678 -0.630701 -0.550696 -0.164699 -0.084927 0.195314 0.168324 0.542188 0.557583 0.523940 0.363584 0.325422 0.212206 -0.378283 -0.513069 0.342892 0.227538 -0.344877 -0.002397 0.363447 0.364186 -0.304684 -0.337804 -0.006273 -0.144464 -0.313484 -0.361338 -0.242619 -0.208469 -0.213117 -0.016962 -0.278077 -0.124177 0.005512 -0.193929 0.305759 -0.014297 -0.236436 -0.241597 -0.175424 -0.277271 -0.369707 -0.336750 0.204204 0.098978 0.078904 -0.120744 -0.511087 -0.492040 0.401743 0.461862 0.283815 0.511095 -0.181456 0.183863 -0.148611 -0.263021 -0.499203 -0.398054 -0.255103 -0.450007 -0.364537 -0.329775 -0.407763 -0.483652 -0.497267 -0.522182 -0.144697 -0.294273 0.123204 -0.076491 0.185719 -0.143566 0.339120 0.239547 0.136700 0.361560 0.216402 0.466746 0.179866 0.016544 -0.061808 0.001295 -0.379253 -0.211997 0.138605 0.459689 0.171749 0.351345 0.223123 0.364629 0.077503 0.219140 -0.081670 0.086898 0.221327 -0.232391 0.054511 0.060907 0.071706 0.036604
-0.293473 -0.159017 0.247019 1.000000 0.194427 0.373812 0.054348 0.461793 0.315895 0.322003 -0.195762 0.132460 -0.118542 0.032998 -0.099233 0.226819 -0.344314 -0.243052 -0.272337 -0.486448 0.032185 0.213776 0.127731 0.272230 0.086848 0.150966 0.143580 0.223078 -0.288744 -0.167134 0.079413 0.125679 -0.085584 0.007630 0.119309 -0.006217 -0.294809 -0.139562 -0.107987 0.027635 -0.240900 -0.260285 0.077625 0.072222 -0.000500 -0.060951 0.167491 -0.015522 -0.075684 -0.074151 0.053460 -0.014496 -0.207059 -0.132365 0.082606 0.092024 -0.288248 -0.124982 -0.253545 0.053429 -0.116325 -0.001805 -0.204413 -0.197281 0.229469 0.410062 0.061229 0.097004 -0.180073 -0.209819 -0.124069 -0.116614 -0.287686 -0.242378 -0.245178 -0.230906 -0.163993 0.017273 -0.163535 -0.177666 -0.162680 -0.225870 -0.261974 -0.133112 0.167046 0.218010 -0.004950 -0.143646 0.147916 0.191696 0.048695 -0.241002 0.095799 -0.101303 -0.035801 0.046473 0.066537 -0.026682 -0.111907 -0.377070 -0.104909 -0.252912 -0.171836 -0.208726 0.005984 -0.123323 -0.036609 -0.142776 -0.020576 0.018459 -0.161068 0.154678 -0.023888 0.092278 0.211064 -0.013735
-0.141949 -0.112370 0.422602 0.194427 1.000000 0.722379 0.394051 0.247957 0.633408 0.593799 -0.273716 -0.155204 -0.184997 -0.192022 -0.311770 -0.390233 -0.296232 -0.245263 -0.215786 -0.103629 0.150471 0.171613 0.177159 0.180018 0.171703 0.145825 0.337320 0.518171 -0.359092 -0.260819 -0.025573 -0.019162 -0.172970 -0.163478 0.253085 0.282320 -0.150747 -0.120266 -0.223417 0.035146 -0.131242 -0.097069 -0.341239 -0.393094 -0.099389 0.172096 -0.321128 -0.216839 -0.028053 -0.049783 0.097791 0.085215 -0.226538 -0.114160 -0.134915 -0.152779 -0.166049 -0.131666 0.062787 0.200265 0.037562 0.112466 -0.270711 -0.233401 0.309436 0.216322 0.123267 0.356245 -0.239693 -0.021814 -0.218423 -0.150775 -0.327208 -0.150366 -0.087538 -0.102828 -0.161824 -0.129708 -0.239340 -0.218687 -0.219923 -0.260130 -0.166685 -0.432305 -0.010565 -0.235943 0.100023 -0.097635 0.064387 0.247686 -0.013861 0.377204 0.196152 0.401422 0.177210 0.161617 -0.094904 -0.027828 -0.319619 -0.018861 0.183920 0.243717 0.024849 0.271242 0.055085 0.213181 0.279158 -0.019808 -0.020729 -0.086803 -0.107754 -0.200687 0.109025 0.130026 0.197196 0.028100
-0.269656 -0.169710 0.344218 0.373812 0.722379 1.000000 0.229180 0.401231 0.679314 0.670025 -0.208692 -0.052271 -0.270099 -0.186258 -0.411375 -0.234666 -0.399195 -0.419581 -0.372707 -0.298465 0.267434 0.364981 0.065551 0.238165 0.235593 0.399848 0.330051 0.528861 -0.419643 -0.288410 0.031524 0.119164 -0.289117 -0.206642 0.224304 0.324201 -0.197812 -0.100734 0.018163 0.151951 -0.041922 -0.285785 -0.180431 -0.199349 -0.099412 0.134825 -0.200607 -0.155414 -0.030231 -0.110493 0.066205 0.001676 -0.203600 -0.064359 -0.003069 -0.011769 -0.238274 -0.132799 -0.141097 0.061701 -0.070744 0.104134 -0.355540 -0.398046 0.214589 0.350233 0.065346 0.367153 -0.212705 -0.124224 -0.139236 -0.029518 -0.344413 -0.157541 -0.056814 -0.104914 -0.209243 -0.032351 -0.288425 -0.319242 -0.200216 -0.249747 -0.317591 -0.384925 0.218006 0.035813 0.068906 -0.093568 0.145995 0.296920 -0.018338 0.060062 0.149728 0.194281 0.049451 0.052454 0.053739 -0.105494 -0.254675 -0.198155 0.030114 -0.007454 -0.128643 0.019807 -0.020973 0.180547 0.184541 -0.198786 -0.009699 -0.076624 -0.104766 -0.237254 0.160590 0.208255 0.238764 -0.019546
0.133290 0.056285 0.399509 0.054348 0.394051 0.229180 1.000000 0.510281 0.487300 0.366366 -0.209624 0.021607 0.185972 0.099739 0.116305 -0.160175 -0.070483 -0.158197 0.076024 0.195467 -0.084527 0.005018 0.055849 0.015838 -0.178396 -0.253893 -0.252992 -0.161281 0.147729 0.017372 0.132404 0.180017 -0.135866 0.093036 0.065859 0.097679 -0.376028 -0.390582 -0.225734 -0.200556 -0.262116 -0.218654 -0.534921 -0.591287 -0.297648 -0.104492 -0.439191 -0.414662 -0.354185 -0.305856 -0.294168 -0.372870 -0.318512 -0.283657 -0.538517 -0.520771 -0.244137 -0.274048 -0.023474 -0.034938 0.355774 0.261516 0.065389 0.003173 0.480562 0.191164 -0.043062 0.039925 -0.109546 0.129413 -0.204888 -0.206812 0.086688 0.021755 -0.026057 0.023258 -0.044148 -0.182201 0.059128 0.021759 -0.023407 -0.087231 0.074467 -0.029606 -0.097367 -0.113120 -0.161100 -0.141885 0.189385 -0.017749 0.009912 0.347352 0.145428 0.336359 -0.067954 0.250540 -0.318968 0.022124 -0.436488 -0.229335 0.227191 0.396304 0.179919 0.279206 0.091551 0.097702 0.154560 0.044623 0.069720 0.118236 -0.164882 -0.086598 0.067400 0.011660 -0.056656 -0.055477
-0.066356 -0.002617 0.197301 0.461793 0.247957 0.401231 0.510281 1.000000 0.371133 0.619647 -0.155927 0.472416 0.196360 0.424846 0.074210 0.170724 -0.359610 -0.348088 -0.342900 -0.263727 0.017467 -0.040254 -0.094325 0.069662 -0.156424 -0.081454 -0.207066 0.007572 -0.277404 -0.141910 -0.174211 -0.055915 -0.233783 -0.023379 -0.121139 0.195396 -0.517679 -0.353476 -0.145797 0.039088 -0.285095 -0.443160 -0.288834 -0.301061 -0.201318 -0.045679 -0.209220 -0.263145 -0.081858 -0.204877 -0.121450 -0.166188 -0.221102 -0.198606 -0.175901 -0.147651 -0.485140 -0.479499 -0.040637 0.183210 0.270416 0.559508 -0.182246 -0.146166 0.389808 0.630091 -0.093456 0.190232 -0.363741 -0.116290 -0.351291 -0.236433 -0.181755 -0.217788 -0.281975 -0.097302 -0.202705 -0.288438 -0.194652 -0.205203 -0.172159 -0.286579 -0.083790 -0.268152 0.140755 0.033970 -0.172274 -0.143277 0.314743 0.346805 0.098505 0.079083 0.267822 0.168632 -0.117346 0.285638 -0.215793 0.158730 -0.287806 -0.387873 0.143121 0.021988 0.050319 0.015400 -0.073756 -0.101759 0.155892 -0.123326 0.194454 0.161909 -0.223958 0.034649 0.090954 0.149918 -0.126346 -0.396173
-0.126990 -0.080400 0.462846 0.315895 0.633408 0.679314 0.487300 0.371133 1.000000 0.573385 -0.189785 -0.128681 -0.091446 -0.121077 -0.059167 -0.175337 -0.195022 -0.262276 -0.241496 -0.172151 -0.005578 0.205332 0.273830 0.247733 0.194114 0.161270 0.066629 0.121901 -0.114522 -0.187347 0.250460 0.277028 -0.198142 -0.062450 0.372808 0.149511 -0.292374 -0.245494 -0.034807 -0.138463 -0.205100 -0.213265 -0.274887 -0.340431 -0.157701 0.090996 -0.247860 -0.347418 -0.225223 -0.195082 -0.100839 -0.157001 -0.103301 -0.120097 -0.217879 -0.263479 -0.205671 -0.157162 -0.116131 -0.111155 0.096828 0.084640 -0.137487 -0.221847 0.518006 0.297399 -0.122392 0.108461 -0.174762 -0.101462 -0.187052 -0.208577 -0.160494 -0.155634 -0.036539 -0.078926 -0.132370 -0.164064 -0.167071 -0.104865 -0.066516 -0.134687 -0.211620 -0.164810 0.192336 0.008204 0.131540 -0.174765 0.176785 0.205873 -0.029012 0.118283 0.180496 0.258604 -0.015138 0.009893 -0.111840 -0.117070 -0.352093 -0.231291 -0.010273 0.204467 -0.126898 0.050709 -0.125342 0.045763 0.042878 0.081265 -0.085625 -0.029386 -0.296906 -0.203585 0.080178 0.222485 0.032829 -0.056476
-0.161997 -0.113898 0.195419 0.322003 0.593799 0.670025 0.366366 0.619647 0.573385 1.000000 -0.216779 0.303501 0.082393 0.160956 -0.177773 -0.025967 -0.349969 -0.345968 -0.529273 -0.434819 0.033781 -0.017273 -0.148832 -0.039653 -0.142478 -0.031515 -0.068857 0.169699 -0.366327 -0.196039 -0.187909 -0.073484 -0.300927 -0.197103 0.098544 0.328164 -0.277921 -0.194206 -0.157705 0.102045 -0.168242 -0.270812 -0.191893 -0.290865 0.004184 0.225538 -0.151052 -0.191818 0.082189 0.037665 0.055742 0.117213 -0.038511 -0.038963 -0.086594 -0.024655 -0.325899 -0.384380 0.093585 0.245168 0.315508 0.546063 -0.280027 -0.283498 0.431594 0.579092 -0.057353 0.192282 -0.509637 -0.301208 -0.277887 -0.117443 -0.263827 -0.243157 -0.193817 0.032061 -0.222558 -0.143583 -0.351257 -0.342857 -0.224306 -0.254322 -0.343160 -0.418436 0.026216 -0.159600 -0.086192 -0.130070 0.173598 0.416041 0.171174 0.310498 0.407708 0.335560 -0.113554 0.319750 -0.215434 -0.085085 -0.199944 -0.214670 0.236478 0.102700 -0.055695 0.015069 -0.239585 0.119384 0.255533 -0.119462 0.231472 0.039058 -0.274496 -0.069031 0.106988 0.254770 0.147772 -0.176069
0.295017 0.056668 -0.360325 -0.195762 -0.273716 -0.208692 -0.209624 -0.155927 -0.189785 -0.216779 1.000000 0.180085 0.555901 0.266723 0.287367 0.228820 0.375753 0.137815 0.344866 0.135843 -0.155522 -0.254441 0.087777 -0.101801 -0.085111 -0.173697 -0.027393 -0.070914 0.432250 0.209885 -0.055486 -0.083090 0.045996 0.121956 0.030687 -0.003887 0.184465 -0.013253 0.007559 -0.208670 0.021750 0.234325 0.056067 0.142562 0.155352 0.110088 -0.018457 0.075537 -0.048458 0.082632 -0.111169 -0.093844 0.148068 0.014313 0.274193 -0.089679 -0.030832 -0.235634 -0.148755 -0.346557 -0.053774 -0.176544 0.413592 0.174376 0.007349 -0.286413 -0.300439 -0.268685 -0.115514 -0.183508 0.084492 0.013973 0.188620 0.211436 0.097516 0.308807 0.202274 0.107292 0.195380 0.191516 0.279685 0.378163 0.367263 0.343195 0.175887 0.197563 0.294962 -0.029429 -0.008651 -0.217965 -0.214039 -0.162405 -0.270021 -0.367824 0.120294 -0.392737 -0.160193 0.075817 0.100753 0.031484 -0.346967 -0.343985 -0.309057 -0.338174 -0.314785 -0.161230 -0.051687 0.068598 -0.087718 -0.225393 -0.046710 0.265758 -0.159237 -0.112001 -0.283613 0.071403
0.261145 0.348997 -0.428955 0.132460 -0.155204 -0.052271 0.021607 0.472416 -0.128681 0.303501 0.180085 1.000000 0.427891 0.787662 0.003436 0.410813 0.183497 0.158538 -0.269920 -0.224101 -0.242109 -0.292319 -0.470932 -0.375890 -0.533501 -0.244254 -0.317524 -0.119854 0.002146 0.249750 -0.399109 -0.346129 0.020750 -0.080813 -0.402700 -0.097499 -0.173800 0.158313 -0.063723 0.165314 -0.124480 -0.177088 -0.086640 -0.141537 -0.067500 -0.157169 -0.059012 -0.166368 -0.060718 -0.013556 -0.273383 -0.018637 0.214648 0.134700 0.046317 0.205810 -0.061512 -0.206421 0.037247 0.035761 0.362319 0.591643 0.219773 0.050357 -0.108784 0.266925 -0.269209 -0.237900 -0.310266 -0.351211 -0.097563 0.098736 0.186872 0.070540 -0.043169 0.325448 0.070654 0.050036 0.068686 0.066201 0.116442 0.139669 -0.238350 -0.081224 -0.082980 0.084645 -0.243492 -0.008009 0.114319 0.276529 0.080238 -0.082895 0.104316 -0.140311 -0.205391 0.195663 -0.306579 0.101572 0.017236 -0.055224 0.194926 -0.215494 -0.185740 -0.288291 -0.264378 -0.252127 0.063794 -0.204387 0.146625 0.096380 -0.412007 0.182777 -0.123663 0.007016 -0.035238 -0.175390
0.338170 0.171525 -0.249375 -0.118542 -0.184997 -0.270099 0.185972 0.196360 -0.091446 0.082393 0.555901 0.427891 1.000000 0.534039 0.526938 0.380332 0.263212 0.117317 0.140881 0.029401 -0.285784 -0.426365 -0.061775 -0.260204 -0.335333 -0.261690 -0.283340 -0.242148 0.317873 0.209142 -0.126994 -0.191057 0.072883 0.208016 -0.010038 -0.012456 0.004414 -0.075524 -0.011618 -0.053222 0.036593 0.154115 -0.317343 -0.312930 -0.173619 -0.172285 -0.279863 -0.271225 -0.194700 -0.127799 -0.234308 -0.216128 0.057025 -0.289766 0.055843 -0.168906 -0.083339 -0.263639 0.043617 -0.170687 0.495106 0.268676 0.411855 0.228426 0.273383 0.077315 -0.330838 -0.303963 -0.303029 -0.173138 -0.045379 -0.038044 0.262513 0.183903 0.104845 0.370799 0.210450 0.022261 0.113661 0.182132 0.080071 0.207650 0.186846 0.170465 0.008181 -0.060715 0.127801 0.069012 0.280011 -0.007235 -0.115507 0.080427 0.014269 -0.073050 0.076234 -0.085297 -0.339931 0.027640 -0.204453 -0.019074 -0.065933 -0.042485 -0.204594 -0.235399 -0.342801 -0.221195 -0.081700 0.153149 -0.027941 -0.174420 -0.211336 0.089494 -0.104530 -0.149554 -0.304448 0.024932
0.275356 0.426802 -0.494212 0.032998 -0.192022 -0.186258 0.099739 0.424846 -0.121077 0.160956 0.266723 0.787662 0.534039 1.000000 0.192612 0.604246 0.349158 0.282304 -0.093163 -0.056405 -0.271662 -0.357916 -0.311855 -0.343499 -0.484673 -0.371742 -0.364208 -0.218653 0.178755 0.365683 -0.340562 -0.231713 0.095905 0.050543 -0.327943 -0.253293 -0.169085 0.059727 -0.105438 0.116392 -0.058662 -0.070619 -0.184822 -0.180424 -0.066636 -0.148045 -0.090930 -0.237290 -0.145857 -0.011374 -0.304394 -0.154236 0.217323 0.000163 0.003738 0.065364 -0.075234 -0.220089 -0.087228 -0.033186 0.253525 0.496234 0.377198 0.314311 -0.027796 0.049878 -0.370381 -0.356074 -0.206176 -0.175553 -0.119219 0.002135 0.287355 0.168520 -0.018034 0.315561 0.157374 0.001200 0.230964 0.225074 0.268047 0.292768 0.042953 0.047317 -0.162363 -0.043551 -0.206290 -0.032218 0.019973 0.102961 0.019166 -0.165612 0.031389 -0.181769 -0.104678 0.221526 -0.326305 0.203142 0.016875 -0.113346 0.048839 -0.205469 -0.100234 -0.218772 -0.294080 -0.357555 0.052474 -0.126784 0.120344 -0.066027 -0.384509 0.156156 -0.127964 0.031776 -0.181239 -0.239633
-0.009330 -0.106000 -0.041718 -0.099233 -0.311770 -0.411375 0.116305 0.074210 -0.059167 -0.177773 0.287367 0.003436 0.526938 0.192612 1.000000 0.387521 0.016127 0.009221 0.073973 -0.031051 -0.182256 -0.349339 0.295882 0.077878 -0.015069 -0.225807 -0.259822 -0.480993 0.268469 0.021229 0.038120 -0.076874 -0.022200 0.018758 -0.007390 -0.112426 -0.077763 -0.195937 0.197138 -0.269406 -0.088202 0.007402 -0.031088 -0.032738 -0.026267 -0.085761 -0.069388 -0.159761 0.015193 0.002218 -0.023428 0.029019 0.050336 -0.167516 -0.198427 -0.249753 -0.180575 -0.160698 0.055047 -0.016934 0.198191 0.033940 0.059230 0.190709 0.357171 0.034203 -0.166494 -0.144122 -0.067728 0.089515 -0.104905 -0.252410 -0.005995 -0.061304 0.028788 0.003535 -0.011905 -0.242871 0.028187 0.163277 -0.120186 0.006738 0.367346 0.374842 0.145208 -0.030101 0.085239 0.131544 0.356375 -0.038547 0.076681 0.015826 0.101419 0.063836 0.069675 0.053557 -0.151726 0.206277 -0.155877 -0.230434 -0.184585 0.054562 0.100840 0.008562 -0.056438 -0.138357 0.107243 0.112445 0.048856 0.186146 -0.080769 0.065945 -0.019495 -0.215661 -0.383113 -0.146451
-0.048102 0.194168 -0.337678 0.226819 -0.390233 -0.234666 -0.160175 0.170724 -0.175337 -0.025967 0.228820 0.410813 0.380332 0.604246 0.387521 1.000000 0.201177 0.106612 0.042145 -0.090794 -0.206147 -0.183313 -0.040919 0.009973 -0.241140 -0.211584 -0.306707 -0.265358 0.259018 0.332296 -0.001852 0.065076 0.131733 0.081638 -0.315171 -0.370132 -0.006285 0.075210 0.021467 0.074215 0.021273 0.024024 0.068598 0.098564 -0.014223 -0.239572 0.076352 -0.083119 -0.087339 0.025943 -0.265620 -0.087647 0.091019 0.023810 0.051601 0.024355 -0.095667 -0.065394 -0.380916 -0.172476 -0.021569 -0.015196 0.100077 0.175885 0.127628 0.038601 -0.426026 -0.364426 -0.111963 -0.064077 -0.070343 0.003133 0.105441 -0.000145 -0.126374 0.115652 -0.041439 -0.058931 0.132618 0.064644 0.195958 0.279897 0.163551 0.459969 0.007930 0.254729 -0.102120 0.191505 0.028181 0.124306 0.053500 -0.388529 0.028622 -0.369232 0.015811 0.032825 -0.072337 0.207479 0.030175 -0.207451 -0.234232 -0.266519 -0.183361 -0.293117 -0.212620 -0.316181 -0.024796 -0.062175 -0.005197 -0.085204 -0.272105 0.249035 -0.199004 -0.078823 0.079430 -0.062866
0.550013 0.670355 -0.630701 -0.344314 -0.296232 -0.399195 -0.070483 -0.359610 -0.195022 -0.349969 0.375753 0.183497 0.263212 0.349158 0.016127 0.201177 1.000000 0.762689 0.477269 0.467226 -0.411232 -0.229774 -0.329512 -0.558583 -0.495555 -0.471625 -0.386385 -0.367330 0.786866 0.741695 -0.012527 0.042283 0.457023 0.199751 -0.234308 -0.571566 0.285534 0.265538 -0.126610 -0.027925 0.218492 0.497513 -0.076892 -0.087464 -0.060946 -0.201073 -0.046014 -0.178695 -0.427136 -0.068769 -0.576801 -0.282195 0.128038 0.129605 -0.043982 -0.031743 0.601671 0.446235 -0.290295 -0.399368 0.025745 -0.054189 0.775906 0.612549 -0.239739 -0.645072 -0.397548 -0.750781 0.260955 -0.136152 0.197179 0.283187 0.741032 0.597079 0.409449 0.478890 0.515216 0.342145 0.640021 0.661096 0.755812 0.795714 0.249918 0.499189 -0.195344 0.090547 -0.027268 -0.010009 -0.340880 -0.469991 -0.400736 -0.381257 -0.399362 -0.510323 -0.128563 -0.075307 -0.183185 -0.017323 0.056951 0.239394 -0.179265 -0.248691 -0.261262 -0.295434 -0.321773 -0.345843 -0.211700 -0.078257 -0.105533 -0.233704 -0.350894 0.189635 -0.122881 -0.102644 -0.113141 0.050989
0.318485 0.560100 -0.550696 -0.243052 -0.245263 -0.419581 -0.158197 -0.348088 -0.262276 -0.345968 0.137815 0.158538 0.117317 0.282304 0.009221 0.106612 0.762689 1.000000 0.182480 0.184105 -0.370998 -0.223835 -0.257198 -0.521314 -0.392583 -0.403150 -0.340159 -0.353393 0.600726 0.724707 -0.071317 -0.017370 0.377597 0.224032 -0.143668 -0.605556 0.406899 0.374104 -0.028349 0.176906 0.255717 0.553991 0.003194 0.012401 0.037823 -0.144398 0.087786 -0.135060 -0.251627 0.068707 -0.401203 -0.061407 0.273731 0.152199 -0.008545 0.246137 0.481494 0.480519 -0.156628 -0.246797 0.050406 -0.010567 0.563256 0.625102 -0.388469 -0.594374 -0.285875 -0.683619 0.086729 -0.345132 0.218118 0.267247 0.665610 0.564645 0.477637 0.442720 0.545041 0.429032 0.557027 0.662667 0.477970 0.613374 0.032436 0.360161 -0.319069 -0.154081 -0.078665 0.037968 -0.355316 -0.411719 -0.291546 -0.353804 -0.319799 -0.426075 0.028824 0.134064 0.040487 0.036598 0.159782 0.150713 -0.077488 -0.291945 -0.216607 -0.398891 -0.321190 -0.335104 -0.148468 -0.098087 -0.073828 -0.118017 -0.282214 0.266000 0.024129 -0.049559 -0.053439 0.133864
0.381495 0.298103 -0.164699 -0.272337 -0.215786 -0.372707 0.076024 -0.342900 -0.241496 -0.529273 0.344866 -0.269920 0.140881 -0.093163 0.073973 0.042145 0.477269 0.182480 1.000000 0.732882 -0.110542 -0.062650 -0.021067 -0.124714 -0.103553 -0.256437 -0.163131 -0.155444 0.587515 0.264336 0.250201 0.207826 0.349152 0.284838 -0.125525 -0.160022 0.118594 -0.069809 -0.160962 -0.335025 0.187800 0.393981 -0.217458 -0.118904 -0.206634 -0.265349 -0.171443 -0.085920 -0.341988 -0.251021 -0.352628 -0.325233 -0.271133 -0.150449 0.006098 -0.345899 0.324076 0.246661 -0.235345 -0.312211 -0.100989 -0.410526 0.446232 0.358434 -0.058577 -0.509890 -0.034396 -0.263286 0.456989 0.346551 0.130844 0.091139 0.375240 0.344176 0.155627 0.079134 0.268540 0.009198 0.283337 0.441716 0.394527 0.390077 0.595645 0.461287 -0.022363 0.222343 0.130478 0.169429 -0.150671 -0.400676 -0.321123 -0.098914 -0.508057 -0.336593 0.137937 -0.339508 -0.032918 0.128207 -0.058062 0.314300 -0.201971 -0.010919 -0.077769 0.142193 0.084138 -0.183489 -0.079280 0.218278 -0.209114 -0.313550 0.135021 0.048133 -0.174173 -0.179725 -0.176572 0.112083
0.326222 0.330775 -0.084927 -0.486448 -0.103629 -0.298465 0.195467 -0.263727 -0.172151 -0.434819 0.135843 -0.224101 0.029401 -0.056405 -0.031051 -0.090794 0.467226 0.184105 0.732882 1.000000 -0.048657 -0.017392 -0.033364 -0.018775 -0.073992 -0.213739 -0.150130 -0.102676 0.423041 0.175129 0.091345 0.060692 0.238131 0.150445 -0.114657 -0.150843 -0.027913 -0.111676 -0.137155 -0.246444 0.192621 0.183372 -0.340981 -0.243673 -0.302813 -0.325723 -0.298046 -0.062226 -0.330957 -0.320042 -0.336803 -0.394965 -0.256152 -0.138144 -0.241823 -0.451197 0.275227 0.216765 -0.177433 -0.201995 -0.129548 -0.200559 0.428848 0.329036 -0.109791 -0.429394 -0.056782 -0.174040 0.522423 0.583585 -0.085154 -0.069254 0.235064 0.134131 -0.024969 -0.047331 0.013067 -0.191034 0.455304 0.265207 0.487431 0.420174 0.576546 0.317099 -0.192276 -0.024387 -0.028422 -0.018329 -0.153375 -0.378548 -0.159208 0.145129 -0.194643 0.013536 0.105059 -0.143894 -0.189804 0.162072 -0.078149 0.252763 0.076454 0.298118 0.266188 0.456979 0.331718 0.157288 0.097010 0.287164 -0.171595 -0.250904 0.268428 -0.014970 -0.077868 -0.071029 -0.080021 0.129914
-0.126641 -0.214199 0.195314 0.032185 0.150471 0.267434 -0.084527 0.017467 -0.005578 0.033781 -0.155522 -0.242109 -0.285784 -0.271662 -0.182256 -0.206147 -0.411232 -0.370998 -0.110542 -0.048657 1.000000 0.542238 0.208443 0.350756 0.499511 0.541145 0.478927 0.439790 -0.463757 -0.447209 0.159592 0.162314 -0.265995 0.018965 0.006430 0.297325 -0.026256 -0.081031 0.221363 -0.022100 0.047435 -0.090110 0.075385 0.206636 -0.051214 0.053653 0.077165 0.169928 0.037588 -0.062813 0.133283 -0.074572 -0.135557 -0.138380 0.074832 -0.001818 0.016831 0.029240 0.177966 0.037438 -0.030265 0.006850 -0.412208 -0.420260 0.046219 0.143012 0.192970 0.280521 0.077512 0.202656 0.052089 0.170082 -0.386007 -0.293206 -0.186745 -0.122849 -0.278474 -0.103219 -0.269753 -0.389820 -0.281900 -0.308417 -0.075965 -0.341211 0.069230 -0.130816 0.075075 0.017180 0.226343 0.182682 -0.104140 0.037106 -0.100684 0.218443 -0.077658 -0.056151 0.290667 0.158535 -0.052680 0.223593 -0.106048 0.037802 -0.025893 0.243904 0.267195 0.059583 0.127154 -0.112199 0.012295 0.090140 0.151221 -0.121855 0.085774 -0.031034 -0.007585 0.031642
-0.261451 -0.179315 0.168324 0.213776 0.171613 0.364981 0.005018 -0.040254 0.205332 -0.017273 -0.254441 -0.292319 -0.426365 -0.357916 -0.349339 -0.183313 -0.229774 -0.223835 -0.062650 -0.017392 0.542238 1.000000 0.089101 0.278798 0.391533 0.531556 0.330766 0.375155 -0.224210 -0.221832 0.210062 0.366762 -0.146057 0.058414 0.173093 0.082374 0.116845 0.117455 0.226296 0.029955 0.055439 -0.110267 0.032880 0.161387 -0.279963 -0.170732 0.022089 0.063157 -0.188935 -0.346042 -0.042826 -0.274737 -0.181174 -0.168926 -0.016843 0.037703 -0.033456 0.190199 -0.172940 -0.144803 -0.215921 -0.217345 -0.252450 -0.362644 -0.031587 0.099715 0.124884 0.213161 0.269787 0.250324 0.216259 0.268059 -0.205513 -0.235825 -0.153748 -0.113550 -0.133040 0.231727 0.091170 -0.145093 0.001674 -0.199505 -0.305840 -0.165804 0.200202 0.105222 -0.082985 -0.035098 0.047324 0.056601 -0.224714 -0.103955 0.005804 0.068902 -0.084384 -0.271617 0.425554 -0.107190 -0.141261 0.095089 -0.103376 -0.118129 -0.071825 -0.009273 0.332835 0.141474 -0.259376 0.111741 -0.033233 0.129415 0.228447 -0.090650 0.027208 0.150425 0.209286 0.197337
-0.306563 -0.338397 0.542188 0.127731 0.177159 0.065551 0.055849 -0.094325 0.273830 -0.148832 0.087777 -0.470932 -0.061775 -0.311855 0.295882 -0.040919 -0.329512 -0.257198 -0.021067 -0.033364 0.208443 0.089101 1.000000 0.790236 0.757374 0.423693 0.501318 0.235017 -0.125683 -0.286002 0.479369 0.361479 -0.296865 0.139975 0.509020 0.173816 -0.054734 -0.111999 0.129569 -0.091548 -0.092258 -0.048671 -0.114800 0.011682 -0.130741 0.017525 -0.169526 0.005957 -0.071213 -0.088967 0.153349 -0.127973 -0.085140 -0.210203 -0.073746 -0.345799 -0.309511 -0.131644 -0.123706 -0.315951 -0.272981 -0.446356 -0.386989 -0.340577 0.378025 -0.000183 -0.195269 0.168070 -0.143786 0.047376 0.018136 -0.170721 -0.433939 -0.196854 -0.092658 -0.198235 -0.203449 -0.169542 -0.102939 -0.262503 -0.278489 -0.189439 0.218408 0.072804 0.366429 -0.028263 0.447521 0.046996 0.283934 0.127437 0.039825 0.103533 0.025552 0.188047 0.378766 -0.048667 0.069333 0.115585 -0.068078 -0.302359 -0.219224 0.073311 0.000943 0.056884 0.123324 0.199457 -0.022860 0.311466 -0.273159 0.038889 0.223257 -0.150733 -0.055264 -0.019704 -0.019310 0.101005
-0.509820 -0.471370 0.557583 0.272230 0.180018 0.238165 0.015838 0.069662 0.247733 -0.039653 -0.101801 -0.375890 -0.260204 -0.343499 0.077878 0.009973 -0.558583 -0.521314 -0.124714 -0.018775 0.350756 0.278798 0.790236 1.000000 0.748346 0.540355 0.550377 0.396431 -0.395259 -0.482033 0.294129 0.250539 -0.325447 -0.003615 0.324360 0.331654 -0.191453 -0.158229 0.100503 -0.121576 -0.161109 -0.325041 -0.063064 0.066383 -0.101608 0.025289 -0.155276 0.106940 0.068410 -0.098395 0.286533 -0.082363 -0.190812 -0.205265 -0.157469 -0.373623 -0.480505 -0.219772 -0.187112 -0.111329 -0.417286 -0.399534 -0.516392 -0.475118 0.355944 0.262580 -0.030639 0.460567 -0.068000 0.250503 -0.150741 -0.268488 -0.656740 -0.473591 -0.364923 -0.414953 -0.522325 -0.359900 -0.218139 -0.461893 -0.309444 -0.336881 0.171907 -0.047875 0.421970 0.127427 0.231029 -0.045900 0.244516 0.263463 0.255419 0.188799 0.268326 0.338460 0.232770 -0.110306 0.031148 0.068621 -0.073115 -0.401498 -0.056962 0.178329 0.157232 0.205294 0.389410 0.357048 0.073494 0.266425 -0.262889 0.031661 0.367782 -0.105767 0.028140 0.052157 0.106896 0.153275
-0.343836 -0.375575 0.523940 0.086848 0.171703 0.235593 -0.178396 -0.156424 0.194114 -0.142478 -0.085111 -0.533501 -0.335333 -0.484673 -0.015069 -0.241140 -0.495555 -0.392583 -0.103553 -0.073992 0.499511 0.391533 0.757374 0.748346 1.000000 0.724568 0.681927 0.430572 -0.407022 -0.493956 0.444215 0.340184 -0.312522 0.073321 0.504557 0.364390 -0.004553 0.042651 0.291547 0.046697 0.003766 -0.099821 -0.059526 0.117770 -0.228178 -0.055708 -0.117819 0.034298 -0.020221 -0.213012 0.324693 -0.041148 -0.044174 -0.143182 0.098814 -0.113911 -0.218076 -0.042102 0.022750 -0.186798 -0.293595 -0.370056 -0.553049 -0.491793 0.167895 0.150381 0.088854 0.368871 0.018633 0.179905 0.121571 -0.009567 -0.526435 -0.289547 -0.137432 -0.285204 -0.242105 -0.062939 -0.256711 -0.356429 -0.403541 -0.422905 -0.007131 -0.159699 0.434660 0.017653 0.404845 0.102867 0.283843 0.256880 -0.004644 0.086317 0.020135 0.222192 0.246037 -0.173246 0.271407 -0.034746 -0.156267 -0.062698 -0.138589 0.072248 0.014374 0.102443 0.199627 0.226175 -0.103771 0.255932 -0.176664 0.011053 0.359784 -0.207694 0.064191 0.044447 0.020266 0.130106
-0.323826 -0.332572 0.363584 0.150966 0.145825 0.399848 -0.253893 -0.081454 0.161270 -0.031515 -0.173697 -0.244254 -0.261690 -0.371742 -0.225807 -0.211584 -0.471625 -0.403150 -0.256437 -0.213739 0.541145 0.531556 0.423693 0.540355 0.724568 1.000000 0.684700 0.575752 -0.542003 -0.458843 0.202679 0.130485 -0.230380 0.025110 0.309202 0.326209 0.032803 0.179254 0.458959 0.252047 0.076374 -0.182605 0.004580 0.165494 -0.274521 -0.186433 -0.056635 0.091856 0.015213 -0.233602 0.236938 -0.067626 -0.156514 -0.221033 0.221667 0.197725 -0.091145 0.024578 0.030527 -0.151495 -0.210428 -0.268667 -0.514947 -0.632595 -0.115757 0.262270 0.150425 0.401513 0.126033 0.139617 0.153624 0.129098 -0.409099 -0.219312 0.030995 -0.204136 -0.139662 0.039989 -0.300316 -0.376037 -0.378215 -0.422210 -0.347067 -0.351993 0.315669 0.072714 0.298241 0.151952 0.307993 0.332243 -0.076778 -0.052348 0.001265 0.114991 0.174444 -0.175487 0.440653 -0.046374 -0.033930 0.059291 -0.074744 -0.074058 -0.152579 -0.037611 0.198681 0.209599 -0.232085 0.130328 -0.145619 0.036405 0.292284 -0.304761 0.049303 0.102650 0.099909 0.120242
-0.135704 -0.246505 0.325422 0.143580 0.337320 0.330051 -0.252992 -0.207066 0.066629 -0.068857 -0.027393 -0.317524 -0.283340 -0.364208 -0.259822 -0.306707 -0.386385 -0.340159 -0.163131 -0.150130 0.478927 0.330766 0.501318 0.550377 0.681927 0.684700 1.000000 0.828259 -0.511890 -0.537982 -0.003819 -0.064219 -0.188535 -0.081629 0.358761 0.393757 -0.005845 0.141664 0.106556 0.116290 -0.007471 0.009291 0.000709 0.084675 -0.059717 0.051263 -0.067470 0.145263 0.137755 0.000660 0.384109 0.135226 -0.056684 -0.128987 0.217843 0.082231 0.004301 0.005168 0.139051 0.013254 -0.235775 -0.262559 -0.403304 -0.491554 -0.019769 0.144194 0.169636 0.366751 0.054075 0.121669 0.021735 -0.012796 -0.489879 -0.210548 -0.041292 -0.274947 -0.168783 0.045391 -0.318818 -0.374780 -0.299292 -0.407704 -0.126443 -0.410516 0.257902 -0.121986 0.276412 -0.071032 0.260773 0.330540 -0.039619 0.083614 -0.013115 0.181476 0.287322 -0.189454 0.194505 0.028045 -0.049318 0.064073 0.015494 -0.095073 -0.036616 0.057978 0.128625 0.151319 -0.126931 0.130205 -0.252904 -0.058347 0.228601 -0.162492 -0.057447 -0.006750 0.104066 0.183545
-0.111537 -0.129957 0.212206 0.223078 0.518171 0.528861 -0.161281 0.007572 0.121901 0.169699 -0.070914 -0.119854 -0.242148 -0.218653 -0.480993 -0.265358 -0.367330 -0.353393 -0.155444 -0.102676 0.439790 0.375155 0.235017 0.396431 0.430572 0.575752 0.828259 1.000000 -0.559223 -0.469184 -0.146694 -0.109224 -0.117339 -0.055426 0.281576 0.431878 -0.025446 0.120523 -0.050233 0.210761 0.099737 0.025095 -0.091620 -0.009889 -0.139110 0.023366 -0.144863 0.073748 0.100399 -0.090316 0.249819 0.050429 -0.141802 -0.127192 0.243446 0.078500 -0.003184 -0.022734 -0.018378 0.053566 -0.214261 -0.108588 -0.329255 -0.439021 -0.023130 0.208994 0.128217 0.394222 0.033736 0.083946 0.013902 0.065743 -0.458262 -0.184145 -0.110917 -0.177920 -0.187553 0.075944 -0.213006 -0.394034 -0.205496 -0.335535 -0.167084 -0.545747 0.194569 -0.077110 0.181196 -0.082868 0.129625 0.318427 -0.080196 0.091978 -0.033369 0.146186 0.305368 -0.133089 0.154268 0.071378 -0.059884 0.089039 0.055761 -0.118805 -0.068250 0.082449 0.148518 0.157745 -0.046660 0.104859 -0.124751 -0.166429 0.164569 -0.127665 -0.100051 0.048705 0.198178 0.197371
0.374112 0.407712 -0.378283 -0.288744 -0.359092 -0.419643 0.147729 -0.277404 -0.114522 -0.366327 0.432250 0.002146 0.317873 0.178755 0.268469 0.259018 0.786866 0.600726 0.587515 0.423041 -0.463757 -0.224210 -0.125683 -0.395259 -0.407022 -0.542003 -0.511890 -0.559223 1.000000 0.744184 0.295676 0.341172 0.405376 0.343075 -0.100372 -0.462815 0.276088 0.097179 -0.181202 -0.234434 0.195066 0.487100 -0.128364 -0.120129 -0.062190 -0.137922 -0.098063 -0.251387 -0.449358 -0.139307 -0.582899 -0.366975 0.032154 0.039759 -0.165952 -0.204019 0.315321 0.241795 -0.359167 -0.504327 0.074452 -0.214714 0.706308 0.562219 0.030127 -0.582589 -0.371091 -0.644019 0.166580 -0.108929 0.196964 0.190393 0.745197 0.529210 0.395185 0.356779 0.502590 0.291020 0.543571 0.666616 0.582086 0.700922 0.400252 0.689221 -0.072227 0.171310 0.028863 0.077627 -0.248751 -0.509704 -0.394817 -0.377162 -0.416742 -0.538096 -0.002263 -0.137345 -0.202940 0.077729 -0.117838 -0.015616 -0.365201 -0.194826 -0.312254 -0.285339 -0.303245 -0.262821 -0.056254 -0.033465 -0.207321 -0.107849 -0.294219 0.148416 -0.184765 -0.168380 -0.132200 0.066710
0.274298 0.529959 -0.513069 -0.167134 -0.260819 -0.288410 0.017372 -0.141910 -0.187347 -0.196039 0.209885 0.249750 0.209142 0.365683 0.021229 0.332296 0.741695 0.724707 0.264336 0.175129 -0.447209 -0.221832 -0.286002 -0.482033 -0.493956 -0.458843 -0.537982 -0.469184 0.744184 1.000000 0.169499 0.273654 0.349936 0.281202 -0.220612 -0.519691 0.217027 0.271040 -0.245104 0.059203 0.113481 0.387950 -0.033371 -0.031523 0.047072 -0.114740 0.039985 -0.167406 -0.320450 0.014437 -0.575098 -0.205643 0.148737 0.208568 -0.134014 0.075757 0.304462 0.281490 -0.323814 -0.385836 0.039435 -0.063958 0.539331 0.497446 -0.179936 -0.535489 -0.453722 -0.681022 0.006073 -0.337569 0.272805 0.353639 0.747330 0.656241 0.465281 0.559227 0.540185 0.413688 0.526004 0.644305 0.410914 0.610464 0.074299 0.506329 -0.224605 0.091501 -0.120241 0.146673 -0.351945 -0.385223 -0.291752 -0.476081 -0.351714 -0.581726 -0.112478 0.092002 -0.124446 0.011090 0.034230 -0.049021 -0.261268 -0.341435 -0.365291 -0.466568 -0.370045 -0.378734 -0.089214 -0.280343 -0.128268 -0.046003 -0.320712 0.256628 -0.067498 -0.072517 -0.002165 0.066644
-0.118813 -0.086030 0.342892 0.079413 -0.025573 0.031524 0.132404 -0.174211 0.250460 -0.187909 -0.055486 -0.399109 -0.126994 -0.340562 0.038120 -0.001852 -0.012527 -0.071317 0.250201 0.091345 0.159592 0.210062 0.479369 0.294129 0.444215 0.202679 -0.003819 -0.146694 0.295676 0.169499 1.000000 0.865190 0.063514 0.455173 0.369344 -0.045781 0.053351 -0.096677 -0.043665 -0.219086 0.116896 0.093731 -0.141719 -0.087288 -0.209917 -0.082565 -0.090334 -0.235276 -0.415920 -0.291786 -0.257710 -0.409342 -0.083287 0.000657 -0.075052 -0.296357 -0.021272 0.125568 -0.295219 -0.512946 -0.094809 -0.423875 -0.036594 -0.081750 0.298351 -0.219116 -0.104182 -0.119317 0.047520 -0.002000 0.305770 0.281077 0.111353 0.103996 0.083135 0.056092 0.070645 0.098369 0.101304 -0.002793 -0.042717 0.126037 0.054757 0.372678 0.234716 0.212746 0.309131 0.187341 0.000082 -0.175224 -0.272305 -0.255070 -0.292492 -0.240343 -0.003619 -0.171670 0.042261 -0.053508 -0.254862 -0.041292 -0.415139 0.015342 -0.240411 -0.105932 -0.068836 -0.070214 -0.088093 -0.011762 -0.252449 0.006059 -0.081102 -0.142325 -0.116362 -0.034109 0.130530 0.106559
-0.101201 -0.009336 0.227538 0.125679 -0.019162 0.119164 0.180017 -0.055915 0.277028 -0.073484 -0.083090 -0.346129 -0.191057 -0.231713 -0.076874 0.065076 0.042283 -0.017370 0.207826 0.060692 0.162314 0.366762 0.361479 0.250539 0.340184 0.130485 -0.064219 -0.109224 0.341172 0.273654 0.865190 1.000000 -0.025720 0.429756 0.303003 -0.078622 0.080149 -0.095153 -0.125032 -0.158837 0.053440 0.106094 -0.163500 -0.085459 -0.241501 -0.043356 -0.149198 -0.273061 -0.493282 -0.363276 -0.413433 -0.498368 -0.141313 -0.065239 -0.176803 -0.341673 -0.009866 0.181396 -0.376060 -0.518553 -0.116678 -0.358594 -0.027828 -0.056009 0.303831 -0.207576 -0.201508 -0.152784 0.031451 -0.029367 0.344630 0.360095 0.139680 0.140669 0.078515 0.117203 0.113598 0.226992 0.155672 0.064369 0.092815 0.185463 0.036733 0.286920 0.265905 0.245827 0.144300 0.129324 -0.064581 -0.203869 -0.314101 -0.319374 -0.288469 -0.297560 0.008395 -0.083043 0.042152 -0.024422 -0.280264 -0.156247 -0.404796 -0.086089 -0.288026 -0.174187 -0.063012 -0.090465 -0.145146 0.041723 -0.127912 0.022954 -0.077538 -0.017735 -0.060231 -0.018238 0.149042 0.075574
0.178734 0.277484 -0.344877 -0.085584 -0.172970 -0.289117 -0.135866 -0.233783 -0.198142 -0.300927 0.045996 0.020750 0.072883 0.095905 -0.022200 0.131733 0.457023 0.377597 0.349152 0.238131 -0.265995 -0.146057 -0.296865 -0.325447 -0.312522 -0.230380 -0.188535 -0.117339 0.405376 0.349936 0.063514 -0.025720 1.000000 0.451102 -0.137066 -0.336298 0.277226 0.116069 -0.117866 -0.111102 0.322247 0.396963 -0.093303 -0.081174 -0.042541 -0.203450 0.055715 -0.156629 -0.083636 -0.026553 -0.167008 -0.046485 -0.093950 -0.012791 0.168166 0.125135 0.357484 0.227563 -0.185392 -0.070548 -0.023892 -0.157627 0.522942 0.499952 -0.165095 -0.359865 0.130962 -0.326379 0.390127 0.085913 0.186641 0.118447 0.511129 0.298278 0.276971 0.071702 0.382910 0.148916 0.327759 0.379529 0.402675 0.383689 0.145788 0.245824 -0.221869 0.011910 0.082920 0.026341 -0.325169 -0.434730 -0.329583 -0.384444 -0.313873 -0.446340 -0.025999 -0.226628 0.093109 -0.001183 -0.131123 0.211802 -0.176243 -0.345013 -0.147032 -0.191195 -0.119652 -0.312112 -0.111088 -0.153250 -0.220549 -0.203795 -0.275998 -0.136697 -0.280778 -0.042556 -0.046530 0.090901
0.119866 0.067758 -0.002397 0.007630 -0.163478 -0.206642 0.093036 -0.023379 -0.062450 -0.197103 0.121956 -0.080813 0.208016 0.050543 0.018758 0.081638 0.199751 0.224032 0.284838 0.150445 0.018965 0.058414 0.139975 -0.003615 0.073321 0.025110 -0.081629 -0.055426 0.343075 0.281202 0.455173 0.429756 0.451102 1.000000 0.301942 0.103044 0.127802 -0.043041 -0.173678 -0.169206 0.238941 0.218173 -0.372304 -0.170472 -0.287548 -0.172904 -0.193443 -0.349949 -0.387579 -0.350234 -0.290019 -0.541915 -0.118222 -0.347219 0.148064 -0.156017 0.097497 0.089637 -0.203662 -0.432845 0.122067 -0.149044 0.292479 0.175263 0.053696 -0.136439 -0.083980 -0.199822 0.105539 -0.027574 0.313027 0.291951 0.333249 0.231255 0.154018 0.122601 0.264408 0.239297 0.304054 0.261420 0.182108 0.253784 0.031559 0.162231 0.021372 0.000963 0.158278 -0.031620 -0.102773 -0.352056 -0.424546 -0.302551 -0.288605 -0.286231 0.046644 -0.197733 0.065061 0.137609 -0.212661 0.083072 -0.398658 -0.274589 -0.294886 -0.294445 -0.192930 -0.232010 -0.251838 0.048880 -0.287831 -0.141271 -0.145358 -0.073149 -0.334909 0.103067 -0.072531 0.110275
-0.155639 -0.292666 0.363447 0.119309 0.253085 0.224304 0.065859 -0.121139 0.372808 0.098544 0.030687 -0.402700 -0.010038 -0.327943 -0.007390 -0.315171 -0.234308 -0.143668 -0.125525 -0.114657 0.006430 0.173093 0.509020 0.324360 0.504557 0.309202 0.358761 0.281576 -0.100372 -0.220612 0.369344 0.303003 -0.137066 0.301942 1.000000 0.422467 -0.075116 -0.019955 -0.036564 -0.046806 0.065691 0.051571 -0.205021 -0.128972 -0.150824 0.116637 -0.163244 -0.159057 -0.104637 -0.192522 0.185242 -0.158355 0.058253 -0.270085 0.035255 -0.138688 -0.137807 -0.102292 -0.007297 -0.226164 -0.015593 -0.213259 -0.116714 -0.193192 0.306454 0.119209 0.054021 0.174252 -0.020405 -0.013014 0.167402 0.005017 -0.206456 -0.092839 0.028786 -0.081904 -0.013165 0.135303 -0.013543 -0.074718 -0.252746 -0.223937 -0.117060 -0.137957 0.223280 -0.212158 0.310633 -0.114236 0.183002 0.038036 -0.207027 0.087221 0.023027 0.188615 0.220051 -0.092907 -0.055824 -0.059267 -0.090219 -0.139765 -0.247683 -0.003883 -0.109719 -0.075768 -0.155004 0.168031 -0.144964 0.313581 -0.224181 -0.133488 0.150051 -0.175923 -0.118385 0.132749 -0.023258 0.288874
-0.096248 -0.414773 0.364186 -0.006217 0.282320 0.324201 0.097679 0.195396 0.149511 0.328164 -0.003887 -0.097499 -0.012456 -0.253293 -0.112426 -0.370132 -0.571566 -0.605556 -0.160022 -0.150843 0.297325 0.082374 0.173816 0.331654 0.364390 0.326209 0.393757 0.431878 -0.462815 -0.519691 -0.045781 -0.078622 -0.336298 0.103044 0.422467 1.000000 -0.222808 -0.055546 -0.063317 -0.066497 -0.117604 -0.252827 -0.231462 -0.145911 -0.071526 0.289947 -0.262379 -0.006729 0.181231 -0.108765 0.319701 -0.038139 0.016681 -0.207905 0.137656 -0.157909 -0.265564 -0.386501 0.311292 0.086239 0.162886 0.077123 -0.366803 -0.528126 0.272422 0.496620 0.208082 0.620768 -0.171798 0.073642 -0.038437 -0.073905 -0.469380 -0.253089 -0.177071 -0.200636 -0.295592 -0.186562 -0.478755 -0.358627 -0.533959 -0.569731 -0.092531 -0.428479 0.232107 -0.092082 0.099970 -0.075196 0.328138 0.342749 0.096274 0.422855 0.205862 0.431726 0.098761 -0.094535 -0.143393 0.019568 -0.127220 -0.082092 0.041605 0.196963 -0.008370 0.200740 0.108454 0.275393 0.069094 0.132026 -0.040088 0.015062 0.297850 -0.198297 -0.079611 0.293414 -0.073958 0.055694
