1.000000 0.251578 0.094047 -0.123749 0.137536 0.057595 0.530285 0.160657 0.291563 0.240217 0.610689 0.417967 0.491863 0.356177 0.076255 0.100807 -0.010429 -0.015631 -0.039524 0.029813 -0.320610 -0.573135 0.037401 -0.265965 -0.417039 -0.577401 -0.321230 -0.354434 -0.180882 -0.294918 -0.312195 -0.405941 -0.109517 -0.192117 0.221180 0.184418 -0.386734 -0.155644 -0.129811 -0.255847 -0.152658 -0.203726 -0.025829 -0.006716 0.008418 -0.068844 -0.126870 -0.031666 0.389299 0.175119 0.190154 0.207263 0.496175 -0.208012 -0.056906 -0.196953 -0.225658 -0.241162 0.502475 -0.078091 0.656950 0.592994 0.113540 0.010495 0.189936 0.533550 0.104428 -0.210271 0.147935 -0.059498 -0.167519 -0.317150 -0.178240 0.056738 0.026822 0.168554 0.121549 0.162918 -0.415634 -0.346159 -0.386859 -0.324645 -0.103639 -0.268830 -0.098419 -0.401614 0.027338 -0.326465 0.216816 0.080820 0.176970 0.048549 0.012026 0.271847 -0.121833 0.161573 -0.348346 -0.347255 -0.154990 0.099800 -0.032863 0.209353 0.039325 0.190526 -0.013330 0.074129 -0.102625 -0.002199 0.064361 0.141907 -0.209916 0.044003 0.151713 0.143150 0.084013 0.048808
0.251578 1.000000 -0.092148 0.225623 -0.408835 -0.069116 0.069504 0.167685 -0.129003 0.137817 0.064017 0.409377 0.080294 0.175460 0.170120 0.392238 0.340397 0.487361 0.250245 0.101311 -0.329213 -0.376858 -0.274720 -0.187943 -0.226513 -0.470115 -0.197247 -0.246067 0.183065 0.225841 0.029954 0.042250 0.211797 0.222494 -0.199810 -0.341618 0.117329 0.308958 -0.004864 -0.108532 0.050754 -0.110708 -0.227647 -0.156486 -0.274877 -0.430507 -0.253517 -0.153306 -0.273992 -0.094693 -0.472926 -0.269533 -0.041429 -0.223548 -0.113515 -0.195670 0.297620 0.537339 0.058819 0.297364 0.470191 0.710283 0.589057 0.786484 0.049833 0.272507 -0.127905 -0.479211 0.119349 0.065388 -0.172595 -0.220868 0.291107 0.384249 0.246350 0.406392 0.443987 0.515382 0.011437 0.073484 0.165714 0.140547 0.040264 0.101544 0.016085 -0.215839 0.165934 -0.249474 -0.016372 0.266063 -0.061142 -0.419133 -0.197239 -0.300996 -0.175510 -0.042448 -0.138712 -0.441683 -0.056728 -0.196308 -0.025825 -0.128158 0.309706 -0.181944 -0.010146 -0.063574 -0.312334 -0.092284 0.205326 0.145941 -0.536393 0.271661 0.175438 -0.014521 0.134073 -0.106095
0.094047 -0.092148 1.000000 0.275520 0.130390 -0.068604 0.389837 0.375349 0.190296 0.050509 0.023151 0.175465 -0.023882 0.214280 -0.204529 -0.019092 -0.091405 -0.115998 0.195359 0.113557 -0.332364 -0.189198 0.000276 -0.099396 -0.041823 -0.255059 -0.215053 -0.167764 -0.050116 -0.154376 0.159844 0.280450 0.284942 0.203881 0.022113 -0.307925 -0.156716 -0.083119 -0.386937 -0.313084 -0.125171 -0.135666 -0.006336 -0.021937 0.057980 0.104851 -0.099333 -0.084870 -0.153400 -0.185647 0.090753 -0.126699 -0.094603 0.176855 -0.184266 -0.359329 -0.117053 -0.215657 -0.050100 -0.144967 0.127609 0.041667 0.149593 0.007922 0.506965 0.065242 0.491051 0.246077 0.038209 0.079515 -0.104268 0.006109 0.029285 0.071805 0.193163 0.120455 0.329599 0.238876 -0.193771 -0.176247 -0.181290 -0.178885 -0.191272 -0.057279 -0.222664 -0.080052 -0.015444 -0.320721 -0.214933 -0.280470 0.071568 0.103920 0.168613 0.233035 -0.130367 0.186403 0.054707 -0.198566 -0.174296 -0.156533 0.187090 0.172065 0.222575 0.186672 0.071866 0.169558 -0.130169 0.008330 0.053478 0.215205 0.089512 -0.101618 0.090290 0.249030 0.110973 0.040223
-0.123749 0.225623 0.275520 1.000000 -0.255825 -0.021958 -0.051787 0.454416 -0.197194 -0.093378 0.170796 0.363251 0.153593 0.336459 -0.195462 -0.132908 -0.007285 -0.059862 0.498757 0.540537 -0.542163 -0.311224 0.394497 0.582194 0.108390 -0.072862 0.002295 -0.049271 -0.417875 -0.299593 0.470414 0.473202 0.000323 -0.036327 -0.347175 -0.219837 -0.430670 -0.211004 -0.397835 -0.491116 -0.299717 -0.358591 0.305735 0.311501 0.106195 0.147186 0.204857 0.360077 -0.137312 0.164504 0.237567 0.052525 -0.189532 0.013774 -0.390999 -0.179562 0.052376 0.050213 -0.441416 -0.091533 -0.260148 0.116879 -0.056646 0.132024 0.093884 -0.087190 -0.164693 -0.114033 0.047456 0.260071 0.029619 0.226895 -0.303608 0.121624 0.377451 0.299657 0.228009 0.283285 -0.219065 -0.056786 -0.264994 -0.289115 0.014976 -0.372508 -0.009910 -0.265030 0.169503 -0.360104 0.183173 0.378784 0.184585 0.214008 0.312576 0.220294 -0.275065 -0.072880 0.171002 -0.468434 0.118811 -0.162971 0.056625 -0.134988 0.143988 -0.069228 -0.072546 0.157255 -0.467781 -0.004336 0.145871 0.173775 -0.258784 0.289209 0.344246 0.337631 0.393571 -0.295875
0.137536 -0.408835 0.130390 -0.255825 1.000000 0.630127 0.239738 -0.002691 0.384799 0.180464 0.278621 -0.136072 0.117795 0.073791 0.059442 -0.163604 -0.158939 -0.340749 -0.464364 -0.129632 0.117019 0.047554 0.042731 -0.166160 0.162673 0.092253 0.327794 0.359127 -0.175551 -0.331821 -0.398511 -0.404523 -0.251310 -0.282574 0.590356 0.484765 -0.231753 -0.110400 -0.133291 -0.024882 -0.081164 0.176754 -0.028687 -0.083280 0.078095 0.214050 -0.003799 -0.021372 0.257299 -0.121868 0.190476 0.129922 0.128415 -0.144794 0.028047 -0.194814 -0.412192 -0.507883 0.141588 -0.329923 -0.062958 -0.110547 -0.310265 -0.466492 -0.011946 0.133293 0.154475 0.358203 -0.223953 0.035752 0.028029 0.016929 -0.343579 -0.118670 -0.202956 -0.262843 -0.067288 -0.175593 -0.271235 -0.250351 -0.276159 -0.263587 0.003910 -0.021451 -0.013255 0.062498 -0.167038 0.134539 0.353080 -0.257306 0.070952 0.313390 0.424261 0.420577 0.112029 0.060618 -0.035665 0.298527 -0.069679 0.260660 0.209742 0.203298 0.145783 0.107795 0.289150 0.082096 0.292715 -0.112785 0.102458 0.041572 0.421264 -0.166019 -0.125992 0.220480 0.056407 0.230775
0.057595 -0.069116 -0.068604 -0.021958 0.630127 1.000000 -0.055306 0.113267 0.075857 0.228221 0.105951 -0.051888 -0.069294 0.047287 -0.094793 -0.192416 -0.154995 -0.205840 -0.232920 0.045552 0.093414 0.058237 -0.037836 0.013570 0.250148 0.212846 0.404707 0.473759 -0.278409 -0.253022 -0.273371 -0.133749 -0.215874 -0.161159 0.451450 0.462305 -0.208322 -0.073728 -0.174065 0.003963 -0.058781 0.096436 -0.082658 -0.125875 -0.056072 0.197092 -0.054291 -0.028096 0.036261 -0.061086 -0.038444 0.077347 0.097035 -0.237352 -0.036940 -0.157077 -0.295879 -0.253220 0.016123 -0.155365 0.006787 0.118186 -0.165603 -0.173181 -0.119639 0.226911 0.034983 0.353742 -0.048080 0.134977 -0.146209 -0.050932 -0.326840 -0.025215 -0.157689 -0.154277 -0.052720 -0.120960 -0.159263 -0.186123 -0.153965 -0.230808 0.041405 -0.140277 0.041267 -0.067085 -0.066294 -0.020890 0.374319 0.116999 0.115472 0.153762 0.452133 0.242173 0.113268 0.075871 0.141942 0.148074 -0.083924 0.098973 0.159410 -0.093923 0.063775 0.006157 0.252950 0.131908 0.078407 -0.144832 0.158570 0.019639 0.294584 0.055817 -0.058499 0.152226 0.154090 0.057594
0.530285 0.069504 0.389837 -0.051787 0.239738 -0.055306 1.000000 0.429492 0.637386 0.523613 0.279651 0.440315 0.352544 0.482279 0.009594 0.381819 0.050749 0.059082 -0.096779 -0.033194 -0.392889 -0.481808 -0.179103 -0.293676 -0.509086 -0.642814 -0.508503 -0.521682 0.004260 -0.078698 -0.211344 -0.153987 0.173616 0.160190 0.090038 -0.058734 -0.289480 -0.157369 -0.401112 -0.364797 -0.147648 -0.300989 -0.073908 -0.015440 0.058813 -0.112849 -0.231659 -0.028552 0.222499 -0.006457 0.114889 0.031744 0.224989 -0.048087 -0.198234 -0.423194 -0.240495 -0.310985 0.336179 -0.061843 0.518883 0.337855 0.148563 0.094778 0.663401 0.528561 0.354879 -0.079617 -0.058156 -0.083462 -0.138733 -0.162853 0.078997 0.120795 0.153394 0.117679 0.317089 0.220641 -0.273786 -0.129384 -0.311800 -0.213283 -0.201226 -0.088987 -0.269819 -0.338577 -0.160464 -0.474743 -0.103087 -0.208250 0.113228 -0.047815 -0.028147 0.187235 -0.097423 -0.034193 -0.302758 -0.399020 -0.168799 -0.159350 0.158832 0.118886 0.186514 0.168348 0.147552 0.061866 -0.194628 -0.017372 0.160655 0.227627 -0.136250 0.108040 0.226426 0.228762 -0.082155 0.121574
0.160657 0.167685 0.375349 0.454416 -0.002691 0.113267 0.429492 1.000000 0.340416 0.579459 0.101091 0.489283 0.164253 0.572263 -0.253255 0.176039 -0.257269 -0.132613 0.008818 0.082566 -0.350085 -0.342263 -0.094397 0.051862 -0.301137 -0.332438 -0.336233 -0.380412 -0.373128 -0.262892 -0.104337 0.123099 -0.050091 -0.005711 -0.117136 -0.155663 -0.451128 -0.216705 -0.555507 -0.413589 -0.324216 -0.323423 0.101418 0.130150 0.111093 0.095920 0.067415 0.180192 0.192737 0.213760 0.146384 0.235177 0.157627 -0.023875 -0.367862 -0.320645 -0.334887 -0.319797 0.070720 0.129253 0.248264 0.463960 -0.021208 0.170720 0.445239 0.656259 0.268660 0.016232 -0.095852 0.172742 -0.124031 -0.014803 -0.243765 0.101759 0.103303 0.183597 0.218175 0.251680 -0.370526 -0.209697 -0.459910 -0.472093 -0.170084 -0.285659 -0.323948 -0.382643 -0.084978 -0.453337 0.032659 -0.003278 0.303698 0.105422 0.329427 0.124264 -0.208672 -0.104499 -0.040174 -0.415891 -0.080749 -0.170198 0.236889 -0.019008 0.391200 0.052154 0.189278 0.171717 -0.302295 -0.078100 0.022544 0.067993 -0.226727 0.130018 0.100007 0.265114 0.099326 0.138332
0.291563 -0.129003 0.190296 -0.197194 0.384799 0.075857 0.637386 0.340416 1.000000 0.667598 0.156465 0.223810 0.229226 0.364548 0.213077 0.392198 -0.120251 -0.030494 -0.232830 -0.241031 -0.110449 -0.266905 -0.269576 -0.294969 -0.353021 -0.342234 -0.428512 -0.359905 0.013955 -0.098349 -0.381316 -0.262289 0.067397 0.027968 0.277063 0.229461 -0.107922 -0.168554 -0.286326 -0.196558 0.138034 -0.014425 -0.090814 -0.065098 0.054026 -0.017126 -0.081781 0.025063 0.273419 -0.022035 0.026494 0.030630 0.263551 -0.096985 -0.141183 -0.306339 -0.356107 -0.389799 0.374498 -0.001855 0.361696 0.191840 -0.054877 -0.138283 0.440113 0.462912 0.258803 -0.044519 0.013597 -0.172329 -0.051214 -0.012955 0.038143 0.025072 0.040671 -0.088211 0.166973 0.067682 -0.269699 -0.206656 -0.307195 -0.233020 -0.005092 0.082579 -0.218343 -0.121256 -0.227633 -0.084007 -0.047546 -0.342588 0.025139 -0.000290 0.016557 0.088555 -0.075149 -0.223282 -0.417319 -0.039676 -0.184133 -0.138821 0.210254 0.093264 0.091684 0.012145 0.214898 -0.155721 0.029006 -0.144425 0.063478 -0.043257 0.015555 0.035803 -0.073724 0.111944 -0.208018 0.391038
0.240217 0.137817 0.050509 -0.093378 0.180464 0.228221 0.523613 0.579459 0.667598 1.000000 -0.001438 0.230978 0.062363 0.373467 -0.062590 0.404606 0.057562 0.205351 -0.239372 -0.125792 -0.157782 -0.382462 -0.504284 -0.395278 -0.433287 -0.429103 -0.440971 -0.468079 0.031540 0.144378 -0.371124 -0.155089 0.037768 0.191259 0.169944 0.107689 0.001164 0.014331 -0.342271 -0.176762 0.055013 -0.102018 -0.266699 -0.165713 -0.078343 -0.097356 -0.236779 -0.106401 0.151701 -0.014296 -0.138368 0.029310 0.182249 -0.139759 -0.162342 -0.430345 -0.164625 -0.097658 0.262351 0.120196 0.464809 0.398943 0.120777 0.193310 0.539814 0.735221 0.155274 -0.017826 -0.033041 -0.007250 -0.226467 -0.190367 0.098382 0.136449 0.018970 0.017889 0.282810 0.143648 -0.113835 -0.095966 -0.120098 -0.052950 -0.053865 0.065176 -0.188226 -0.294195 -0.104895 -0.281866 -0.003728 -0.286826 -0.050015 -0.218755 -0.013363 -0.086763 -0.001231 -0.133172 -0.207410 -0.170271 -0.235844 -0.166898 0.222780 -0.031971 0.200270 -0.103548 0.223125 0.030609 -0.196622 -0.171404 0.067576 0.085087 -0.064567 0.197629 0.052834 0.112818 -0.109486 0.284161
0.610689 0.064017 0.023151 0.170796 0.278621 0.105951 0.279651 0.101091 0.156465 -0.001438 1.000000 0.464627 0.741053 0.487532 0.214299 -0.098898 -0.066633 -0.288189 -0.030679 0.058763 -0.328290 -0.450464 0.437531 0.083302 -0.136063 -0.393234 -0.015292 -0.117313 -0.220286 -0.494237 -0.124261 -0.372405 -0.413429 -0.539035 0.137898 0.215578 -0.543836 -0.254705 -0.209588 -0.406351 -0.351577 -0.126202 0.429307 0.432157 0.290240 0.217016 0.279359 0.440468 0.457018 0.425696 0.357582 0.332865 0.262487 -0.101006 -0.232922 -0.097302 -0.395597 -0.393706 0.055815 -0.366820 0.090782 0.241332 -0.248209 -0.337488 -0.109652 0.123782 -0.268859 -0.268817 -0.235666 -0.108157 0.050974 0.077036 -0.483062 -0.060635 0.037177 0.306264 0.084928 0.128900 -0.565615 -0.421523 -0.538448 -0.513990 0.027417 -0.324358 0.079825 -0.279127 -0.022248 -0.181155 0.392731 0.132276 0.146469 0.346525 0.307269 0.507599 -0.222678 0.097241 -0.240273 -0.234826 0.089642 0.135646 -0.116306 0.308240 -0.067290 0.081955 0.024675 0.020344 -0.226258 -0.133928 0.103795 0.198967 -0.084329 0.101953 0.316027 0.347912 0.172600 -0.091270
0.417967 0.409377 0.175465 0.363251 -0.136072 -0.051888 0.440315 0.489283 0.223810 0.230978 0.464627 1.000000 0.605564 0.816702 0.072730 0.428186 -0.002957 0.166533 0.097124 0.124892 -0.504016 -0.486602 0.063872 0.077992 -0.390180 -0.478558 -0.438245 -0.452584 -0.047956 -0.132318 -0.027770 0.062489 -0.075146 -0.048915 -0.192841 -0.223241 -0.476097 -0.208074 -0.249663 -0.392780 -0.364864 -0.391265 0.246847 0.281765 0.146578 0.064392 0.072253 0.271047 0.085586 0.190103 0.059239 0.005363 0.140914 -0.121175 -0.273678 -0.166678 -0.264812 -0.218923 -0.012093 -0.297799 0.310407 0.447529 0.140848 0.188514 0.307785 0.349280 -0.146638 -0.356908 -0.030021 0.006468 -0.046201 0.146908 -0.108197 0.134294 0.259564 0.436323 0.336510 0.362400 -0.372086 0.005717 -0.345637 -0.299083 -0.077451 -0.168244 -0.056497 -0.267268 -0.013045 -0.459467 0.009384 0.292056 -0.016445 -0.012748 0.112767 0.156800 -0.226374 0.135657 -0.256012 -0.527074 -0.135673 -0.354321 0.022062 0.093092 -0.002937 -0.098256 -0.205160 0.035195 -0.348694 0.059170 0.159721 0.202216 -0.404707 0.251926 0.298492 0.293603 0.290072 -0.212219
0.491863 0.080294 -0.023882 0.153593 0.117795 -0.069294 0.352544 0.164253 0.229226 0.062363 0.741053 0.605564 1.000000 0.585920 0.363232 0.204370 0.052548 -0.066067 -0.026099 0.128122 -0.317984 -0.354849 0.419176 0.218999 -0.176214 -0.333214 -0.194728 -0.237473 -0.017316 -0.301568 0.033601 -0.211607 -0.305223 -0.314216 -0.154398 -0.002579 -0.506235 -0.345344 -0.222344 -0.442977 -0.446393 -0.378978 0.375137 0.399283 0.162518 0.090642 0.252731 0.353902 0.273526 0.279173 0.265545 0.171747 0.161940 -0.113552 -0.276725 -0.069555 -0.242067 -0.287901 -0.063541 -0.442355 0.119638 0.206490 -0.125026 -0.161199 -0.014581 0.155229 -0.400913 -0.398470 -0.122360 -0.031561 0.097502 0.177256 -0.260504 -0.011947 0.152087 0.384212 0.078178 0.054414 -0.407891 -0.050182 -0.396296 -0.291519 -0.018726 -0.253159 0.074353 -0.198192 -0.063756 -0.302846 0.176865 0.225044 -0.082263 0.127552 0.116491 0.265847 -0.054489 0.068023 -0.108941 -0.251136 -0.063286 -0.051590 -0.117160 0.181648 -0.148976 -0.013254 -0.290341 0.025333 -0.239411 0.133315 0.102622 0.270468 -0.212382 0.104090 0.320536 0.372299 0.162091 -0.221518
0.356177 0.175460 0.214280 0.336459 0.073791 0.047287 0.482279 0.572263 0.364548 0.373467 0.487532 0.816702 0.585920 1.000000 0.092121 0.403365 -0.130365 -0.039008 0.128507 0.101037 -0.447425 -0.505346 0.012863 0.081307 -0.401863 -0.445371 -0.420809 -0.450395 -0.088281 -0.227778 -0.060228 0.011389 -0.195668 -0.136254 -0.067677 -0.051059 -0.466184 -0.303191 -0.303246 -0.452358 -0.349310 -0.399537 0.295241 0.335797 0.193179 0.082833 0.120881 0.346048 0.178440 0.191733 0.159179 0.086687 0.093757 -0.010342 -0.323038 -0.244454 -0.375907 -0.398919 -0.051566 -0.388336 0.140193 0.335987 -0.044278 0.007239 0.289105 0.394549 -0.129830 -0.311234 -0.244408 -0.047865 -0.022580 0.175747 -0.151494 0.156782 0.281417 0.443413 0.318961 0.329494 -0.414392 -0.071485 -0.432896 -0.400734 -0.002539 -0.170736 -0.041991 -0.206067 -0.016950 -0.427023 0.085404 0.171616 0.080197 0.023439 0.357480 0.266706 -0.181171 0.021163 -0.218740 -0.448196 -0.013055 -0.278267 0.072328 0.210361 0.086508 -0.137108 -0.104010 0.058741 -0.387802 0.056087 0.121204 0.189635 -0.359440 0.187411 0.233602 0.417691 0.298157 -0.181712
0.076255 0.170120 -0.204529 -0.195462 0.059442 -0.094793 0.009594 -0.253255 0.213077 -0.062590 0.214299 0.072730 0.363232 0.092121 1.000000 0.502244 -0.011612 -0.075135 -0.056389 -0.262711 0.184583 0.072140 0.088066 0.058645 -0.067080 0.039233 0.077455 0.148502 0.381365 -0.049498 -0.057626 -0.235788 -0.142290 -0.088717 -0.176730 -0.045049 0.151237 0.018780 0.282521 0.129035 0.248894 0.169456 -0.032206 -0.010768 -0.331652 -0.421652 0.074155 -0.034760 -0.125537 -0.217872 -0.140326 -0.128688 0.070827 0.079008 0.263807 0.254121 -0.076582 0.011215 0.006121 -0.088447 0.084232 0.087361 0.101642 0.078364 -0.172461 -0.109903 -0.362263 -0.410101 0.067833 -0.041278 0.004002 0.037815 0.156172 0.049773 0.046610 0.162560 -0.012251 0.016466 -0.076782 -0.013194 0.113493 0.059276 0.422818 0.293272 0.164369 0.256273 0.076970 0.345214 0.072527 0.224066 -0.248746 -0.126311 -0.020758 -0.172329 -0.052035 -0.279224 -0.068131 0.126580 0.108984 0.011695 -0.085188 0.080307 -0.120135 -0.264487 -0.001890 -0.531798 0.047561 -0.115283 -0.186577 -0.145409 -0.219594 -0.076138 -0.103768 0.043227 -0.070423 -0.060551
0.100807 0.392238 -0.019092 -0.132908 -0.163604 -0.192416 0.381819 0.176039 0.392198 0.404606 -0.098898 0.428186 0.204370 0.403365 0.502244 1.000000 0.080913 0.347857 -0.049914 -0.216301 -0.134363 -0.162288 -0.388991 -0.180519 -0.314776 -0.329427 -0.304212 -0.265594 0.411092 0.299633 -0.126073 0.023459 0.239097 0.395397 -0.162809 -0.207058 0.245953 0.079113 0.170017 0.057915 0.282043 -0.089611 -0.276574 -0.182533 -0.357305 -0.541041 -0.196479 -0.197173 -0.202373 -0.350739 -0.306686 -0.311801 -0.048245 -0.131686 0.158615 -0.032692 0.089239 0.119609 0.132508 0.050725 0.419877 0.294177 0.353235 0.470565 0.378060 0.315815 -0.087247 -0.339547 0.091883 -0.055040 -0.188020 -0.105041 0.415668 0.164351 0.140095 0.216736 0.279611 0.343094 0.106998 0.203923 0.176651 0.198484 0.139843 0.366155 -0.041517 0.080016 0.139282 -0.075311 -0.148051 0.122726 -0.350213 -0.555965 -0.251662 -0.416753 -0.139772 -0.259434 -0.172983 -0.285359 -0.155265 -0.388402 -0.050875 -0.007443 0.010196 -0.393693 -0.064171 -0.375748 -0.230307 -0.117902 -0.077485 -0.070059 -0.369660 0.073252 -0.032352 -0.019221 -0.100643 -0.081542
-0.010429 0.340397 -0.091405 -0.007285 -0.158939 -0.154995 0.050749 -0.257269 -0.120251 0.057562 -0.066633 -0.002957 0.052548 -0.130365 -0.011612 0.080913 1.000000 0.652540 0.201557 0.295007 -0.277955 -0.176869 -0.130384 -0.236966 -0.006144 -0.348626 -0.103404 -0.124537 0.454298 0.489625 0.224552 0.123301 0.242465 0.348544 -0.199913 -0.314312 0.275287 0.159589 -0.176787 -0.129329 -0.050163 -0.213389 -0.133469 -0.062320 -0.032163 -0.113903 -0.208871 -0.172398 -0.361119 -0.192793 -0.380410 -0.421972 -0.284592 -0.141277 -0.267047 -0.376762 0.705808 0.601490 -0.311525 -0.062106 0.098585 0.073114 0.538670 0.446897 0.085473 -0.140983 -0.338992 -0.349511 -0.108235 -0.146290 -0.093902 -0.074056 0.453860 0.222812 0.340221 0.283293 0.488869 0.164386 0.479091 0.471279 0.512417 0.561268 -0.074742 0.120106 0.109741 -0.169520 -0.072981 -0.322383 -0.326384 -0.213125 -0.395708 -0.379397 -0.451321 -0.200021 0.240288 0.278141 0.020904 -0.123605 -0.120881 -0.041025 0.059619 -0.042515 0.140646 -0.089014 -0.230437 0.198726 -0.015811 0.248100 0.455534 0.431378 0.020101 0.208786 0.298562 0.142405 0.217093 0.091346
-0.015631 0.487361 -0.115998 -0.059862 -0.340749 -0.205840 0.059082 -0.132613 -0.030494 0.205351 -0.288189 0.166533 -0.066067 -0.039008 -0.075135 0.347857 0.652540 1.000000 0.170767 0.145675 -0.209252 -0.167443 -0.438874 -0.276208 -0.169470 -0.319377 -0.344576 -0.283385 0.416358 0.654703 0.152130 0.144936 0.388123 0.421530 -0.182465 -0.302685 0.411581 0.391731 0.110987 0.091047 0.207557 -0.033163 -0.386394 -0.295963 -0.206028 -0.288175 -0.315986 -0.316900 -0.436865 -0.306396 -0.495891 -0.447990 -0.207752 -0.178628 -0.089706 -0.266403 0.542799 0.621148 -0.104747 0.123364 0.266481 0.162096 0.588247 0.599936 0.223074 0.034383 -0.124289 -0.325507 0.038142 -0.131569 -0.055438 -0.104126 0.599276 0.284377 0.219836 0.151842 0.374806 0.309005 0.482627 0.591331 0.510753 0.614894 0.007211 0.320056 0.100810 -0.097250 0.129754 -0.217440 -0.263802 -0.076113 -0.493797 -0.574017 -0.510904 -0.469419 0.118611 0.198369 -0.086993 -0.155242 -0.281533 -0.309155 0.058053 -0.165199 0.044456 -0.185778 -0.232470 0.062397 -0.078843 0.065697 0.195478 0.193048 -0.206469 0.119802 0.039884 -0.052351 0.188518 0.007715
-0.039524 0.250245 0.195359 0.498757 -0.464364 -0.232920 -0.096779 0.008818 -0.232830 -0.239372 -0.030679 0.097124 -0.026099 0.128507 -0.056389 -0.049914 0.201557 0.170767 1.000000 0.401838 -0.272084 -0.163997 0.111911 0.239698 -0.059554 -0.161156 -0.171892 -0.185258 0.065687 0.028676 0.477628 0.504509 0.217843 0.229156 -0.410995 -0.368828 -0.007996 -0.080995 -0.085944 -0.298936 0.040069 -0.197465 0.093272 0.125868 -0.014159 -0.072799 0.007838 0.063267 -0.377365 0.040708 -0.137724 -0.276941 -0.293990 0.109699 -0.303795 -0.212810 0.339542 0.247973 -0.350647 0.105672 -0.105753 0.150981 0.309250 0.333266 0.019531 -0.220723 -0.123579 -0.331614 0.099047 -0.176356 -0.065784 0.023236 0.189977 0.334374 0.620607 0.466011 0.384214 0.410900 0.159733 0.115823 0.135969 0.067521 0.190448 -0.092936 0.063172 -0.128461 0.279694 -0.315727 -0.049259 0.210837 -0.075390 -0.201946 -0.089358 -0.092542 -0.024961 0.044263 0.068365 -0.314196 0.119124 -0.127059 0.052464 -0.113751 0.149127 -0.067428 -0.169941 0.017729 -0.294447 0.090608 0.170737 0.154044 -0.374578 0.191887 0.184896 0.056907 0.251937 -0.121161
0.029813 0.101311 0.113557 0.540537 -0.129632 0.045552 -0.033194 0.082566 -0.241031 -0.125792 0.058763 0.124892 0.128122 0.101037 -0.262711 -0.216301 0.295007 0.145675 0.401838 1.000000 -0.419884 -0.256209 0.338009 0.474076 0.200990 -0.031677 0.026482 0.010251 -0.286922 -0.094053 0.424833 0.326211 0.171885 0.121932 -0.227893 -0.156372 -0.350144 -0.363620 -0.368314 -0.461421 -0.339296 -0.489366 -0.061617 -0.033404 -0.002831 0.082739 -0.056536 0.050463 -0.269407 0.000021 0.079970 -0.127847 -0.285416 -0.159156 -0.370718 -0.316377 0.300343 0.124190 -0.275489 -0.142892 -0.134097 0.048128 0.081775 0.137688 0.091352 -0.106873 -0.198788 -0.013105 0.302789 0.547094 0.008832 0.028322 -0.147796 0.079609 0.332475 0.080397 0.176915 -0.013893 0.098726 0.131652 0.046050 0.031032 0.050822 -0.246700 0.266235 -0.260275 0.412954 -0.474896 0.155999 0.230232 -0.008597 0.091700 -0.036866 0.039625 0.169440 0.016922 0.200379 -0.244263 -0.170050 -0.132813 -0.129374 -0.277021 -0.109043 0.232651 -0.308724 0.488181 -0.161657 0.306209 0.139149 0.226181 0.010922 0.066504 0.230576 0.198218 0.447531 -0.157536
-0.320610 -0.329213 -0.332364 -0.542163 0.117019 0.093414 -0.392889 -0.350085 -0.110449 -0.157782 -0.328290 -0.504016 -0.317984 -0.447425 0.184583 -0.134363 -0.277955 -0.209252 -0.272084 -0.419884 1.000000 0.692668 -0.188239 -0.098091 -0.013259 0.626283 0.169298 0.275742 0.311676 0.260165 -0.256243 -0.304943 -0.189805 -0.133882 0.045511 0.198291 0.426266 0.207841 0.407067 0.693178 0.378681 0.598476 -0.215994 -0.250867 -0.305211 -0.131831 -0.114177 -0.302291 -0.088611 -0.148467 -0.226956 -0.066063 0.021900 0.028344 0.376404 0.377679 -0.202315 -0.129324 0.061620 0.153385 -0.211866 -0.261624 -0.115843 -0.262390 -0.461891 -0.224288 -0.007790 0.197171 0.026315 -0.006608 -0.005646 -0.073889 0.107048 -0.027422 -0.266475 -0.343155 -0.455209 -0.476010 0.177969 0.050059 0.281379 0.201005 0.407718 0.476884 0.162349 0.487253 -0.031116 0.691686 0.022859 -0.089123 -0.112682 -0.013678 -0.019016 -0.206138 0.386655 -0.078252 -0.009235 0.764817 -0.182886 0.182325 0.072540 -0.014775 -0.088457 -0.021824 0.112166 -0.261957 0.467498 0.048142 -0.373681 -0.381294 0.198466 -0.309484 -0.520719 -0.516174 -0.304234 0.169263
-0.573135 -0.376858 -0.189198 -0.311224 0.047554 0.058237 -0.481808 -0.342263 -0.266905 -0.382462 -0.450464 -0.486602 -0.354849 -0.505346 0.072140 -0.162288 -0.176869 -0.167443 -0.163997 -0.256209 0.692668 1.000000 0.044059 0.167794 0.409824 0.724651 0.408890 0.543009 0.176127 0.181340 0.152477 0.134017 0.013832 -0.019816 -0.122251 0.004351 0.324457 0.084717 0.293693 0.474232 0.174518 0.315547 -0.022936 -0.065903 -0.099757 0.048279 0.086756 -0.150367 -0.254086 -0.123823 -0.145720 -0.096889 -0.230460 0.077615 0.233038 0.420524 0.032700 -0.033210 -0.255293 0.056818 -0.443100 -0.486855 -0.148132 -0.163830 -0.463885 -0.457104 -0.102842 0.198636 -0.079589 0.049591 0.026121 0.108796 0.122599 -0.081352 -0.157173 -0.213955 -0.362982 -0.417038 0.369523 0.278641 0.355940 0.243739 0.165358 0.278907 0.200773 0.474883 -0.121762 0.445022 -0.164699 0.022110 -0.132054 -0.025479 -0.057305 -0.234798 0.327583 -0.037435 0.372121 0.595649 -0.006950 0.121783 0.113957 -0.170405 -0.064971 -0.015057 -0.083444 -0.214831 0.383096 0.192849 -0.284142 -0.231374 0.241182 -0.318278 -0.385550 -0.304736 -0.223271 0.075197
0.037401 -0.274720 0.000276 0.394497 0.042731 -0.037836 -0.179103 -0.094397 -0.269576 -0.504284 0.437531 0.063872 0.419176 0.012863 0.088066 -0.388991 -0.130384 -0.438874 0.111911 0.338009 -0.188239 0.044059 1.000000 0.725446 0.419560 0.299806 0.387838 0.328442 -0.467122 -0.635506 0.396036 0.123906 -0.500568 -0.525430 -0.291596 0.058420 -0.591716 -0.563038 -0.191230 -0.444787 -0.431949 -0.257251 0.587862 0.519587 0.256555 0.328977 0.490279 0.480561 0.244937 0.369625 0.668419 0.364960 0.135789 0.065666 -0.106126 0.194744 -0.140885 -0.227588 -0.251242 -0.311343 -0.435848 -0.234898 -0.481330 -0.445036 -0.338801 -0.349299 -0.352164 -0.067447 0.009342 0.196647 0.292869 0.355966 -0.563632 -0.224354 -0.006843 0.058981 -0.274763 -0.205488 -0.298426 -0.197707 -0.436989 -0.429724 -0.052815 -0.553448 0.000338 -0.212051 0.022517 -0.085478 0.288605 0.363072 0.288791 0.564628 0.289726 0.443735 -0.115333 -0.042424 0.227838 -0.073930 0.304488 0.191950 -0.106141 -0.060078 -0.190565 0.190124 -0.249297 0.114511 -0.051291 0.151990 -0.054131 0.051282 0.074007 0.055700 0.347070 0.345708 0.170944 -0.195519
-0.265965 -0.187943 -0.099396 0.582194 -0.166160 0.013570 -0.293676 0.051862 -0.294969 -0.395278 0.083302 0.077992 0.218999 0.081307 0.058645 -0.180519 -0.236966 -0.276208 0.239698 0.474076 -0.098091 0.167794 0.725446 1.000000 0.385424 0.466697 0.311797 0.345234 -0.457995 -0.426202 0.463344 0.304350 -0.242581 -0.269177 -0.392002 0.059102 -0.472193 -0.482471 -0.156553 -0.311931 -0.209610 -0.256768 0.418427 0.397846 0.082579 0.208064 0.401345 0.445957 -0.013895 0.240759 0.425158 0.210047 -0.113645 0.055320 -0.115460 0.239466 -0.109119 -0.139194 -0.410115 -0.212216 -0.507474 -0.269237 -0.448777 -0.238651 -0.313405 -0.344863 -0.398068 -0.055527 0.137187 0.330083 0.247394 0.363773 -0.429304 -0.104983 0.099027 0.080390 -0.261004 -0.189370 -0.176362 0.019442 -0.287797 -0.316803 0.116839 -0.412859 0.032704 -0.109875 0.245651 -0.015972 0.210407 0.519942 0.211386 0.422056 0.339027 0.210063 -0.135267 -0.286076 0.315433 -0.094283 0.244003 -0.011912 -0.103803 -0.202093 -0.220759 0.077798 -0.221801 0.020428 -0.131317 0.095473 -0.197977 -0.113192 -0.028352 0.107866 0.186230 0.220090 0.159467 -0.340968
-0.417039 -0.226513 -0.041823 0.108390 0.162673 0.250148 -0.509086 -0.301137 -0.353021 -0.433287 -0.136063 -0.390180 -0.176214 -0.401863 -0.067080 -0.314776 -0.006144 -0.169470 -0.059554 0.200990 -0.013259 0.409824 0.419560 0.385424 1.000000 0.513517 0.737207 0.730920 -0.317655 -0.250183 0.446451 0.330702 -0.060707 -0.035133 0.084515 0.184273 -0.084823 -0.208380 0.011063 -0.116169 -0.101900 -0.089334 0.163366 0.111508 0.185464 0.361328 0.154909 0.103754 -0.130958 0.015223 0.161261 0.023134 -0.371175 -0.141385 0.020836 0.164878 0.235126 0.131620 -0.273898 -0.093894 -0.411143 -0.412764 -0.237081 -0.131766 -0.306453 -0.418363 -0.140426 0.365667 0.021002 0.246148 0.088702 0.188914 -0.249052 -0.278347 -0.161623 -0.189744 -0.225510 -0.267013 0.119085 0.022845 -0.004989 0.009181 -0.054104 -0.257001 0.123353 0.135212 0.024008 0.100643 0.146604 0.133280 -0.071861 0.087942 0.054418 -0.020192 -0.021208 -0.054075 0.443902 0.090466 0.201138 0.159646 -0.020750 -0.233515 -0.098014 0.071600 -0.121605 0.021000 0.078998 0.062180 -0.002537 -0.060012 0.357650 -0.120885 0.070321 0.053541 0.053593 -0.109582
-0.577401 -0.470115 -0.255059 -0.072862 0.092253 0.212846 -0.642814 -0.332438 -0.342234 -0.429103 -0.393234 -0.478558 -0.333214 -0.445371 0.039233 -0.329427 -0.348626 -0.319377 -0.161156 -0.031677 0.626283 0.724651 0.299806 0.466697 0.513517 1.000000 0.477180 0.604345 -0.129568 -0.075238 0.224330 0.150197 -0.236772 -0.211685 -0.098491 0.203072 0.105561 -0.070431 0.296690 0.415678 0.110498 0.291256 0.016779 -0.061072 -0.145583 0.130345 0.146079 -0.076478 -0.154546 -0.115591 0.133600 0.064695 -0.073920 0.049880 0.323518 0.482835 -0.090461 -0.095680 -0.229190 -0.035322 -0.589442 -0.521711 -0.383612 -0.351496 -0.520611 -0.464285 -0.168992 0.344459 0.110141 0.277179 0.160695 0.271075 -0.168753 -0.256659 -0.274331 -0.418505 -0.587989 -0.570101 0.157951 0.096188 0.123424 0.071341 0.273970 0.100008 0.220968 0.453231 0.029108 0.551263 0.176059 0.246642 0.006690 0.199461 0.200599 -0.034884 0.260651 -0.142539 0.285165 0.590290 0.028072 0.069057 0.058394 -0.186408 -0.225543 -0.107193 -0.111192 -0.145882 0.394759 0.148676 -0.307647 -0.444250 0.221360 -0.243906 -0.311203 -0.249005 -0.056432 -0.090429
-0.321230 -0.197247 -0.215053 0.002295 0.327794 0.404707 -0.508503 -0.336233 -0.428512 -0.440971 -0.015292 -0.438245 -0.194728 -0.420809 0.077455 -0.304212 -0.103404 -0.344576 -0.171892 0.026482 0.169298 0.408890 0.387838 0.311797 0.737207 0.477180 1.000000 0.883060 -0.275784 -0.325840 0.083647 0.023736 -0.285115 -0.219835 0.198072 0.342356 -0.073462 -0.125409 0.146056 0.050842 -0.007614 0.149771 0.127670 0.084298 -0.029956 0.180059 0.162107 0.085333 -0.045321 -0.076435 0.159076 0.077587 -0.147409 -0.125798 0.172585 0.200021 0.069558 0.018573 -0.229075 -0.125259 -0.417088 -0.313567 -0.338177 -0.249692 -0.442640 -0.337846 -0.212554 0.341543 -0.065500 0.175778 0.151846 0.046342 -0.410158 -0.221714 -0.289062 -0.185050 -0.224403 -0.154566 -0.001470 -0.159971 -0.010070 -0.114336 0.041385 -0.185341 0.099896 0.162401 0.051605 0.280003 0.338848 0.198108 0.048807 0.233169 0.320621 0.190258 -0.070210 -0.049229 0.459867 0.206478 0.247891 0.400170 -0.080674 -0.073349 0.053198 0.067182 0.154294 -0.016694 0.064290 -0.174762 -0.078490 0.012981 0.431319 -0.058734 -0.059121 0.080177 0.014022 0.014732
-0.354434 -0.246067 -0.167764 -0.049271 0.359127 0.473759 -0.521682 -0.380412 -0.359905 -0.468079 -0.117313 -0.452584 -0.237473 -0.450395 0.148502 -0.265594 -0.124537 -0.283385 -0.185258 0.010251 0.275742 0.543009 0.328442 0.345234 0.730920 0.604345 0.883060 1.000000 -0.227620 -0.286176 0.113146 0.040019 -0.150227 -0.153771 0.148541 0.314221 -0.015341 -0.097579 0.176722 0.194792 0.073501 0.209555 0.094327 0.033213 -0.063963 0.169433 0.176612 0.052255 -0.152278 -0.142389 0.062253 -0.001471 -0.195195 -0.156647 0.173878 0.277327 0.036746 0.011464 -0.262402 -0.141304 -0.431844 -0.381437 -0.275486 -0.262027 -0.471339 -0.394690 -0.168835 0.333413 -0.010958 0.214033 0.077976 0.021976 -0.303588 -0.242267 -0.307681 -0.283348 -0.316232 -0.260836 0.065653 -0.056772 0.053467 -0.085855 0.110326 -0.078153 0.112786 0.225385 0.009865 0.360978 0.224972 0.200700 0.036864 0.226737 0.303285 0.118892 0.032612 -0.046802 0.441979 0.316406 0.178355 0.301421 0.070248 -0.055340 -0.006056 0.085404 0.110397 -0.041123 0.196020 -0.114767 -0.128313 -0.100668 0.450033 -0.078840 -0.119335 0.063834 0.038427 0.042719
-0.180882 0.183065 -0.050116 -0.417875 -0.175551 -0.278409 0.004260 -0.373128 0.013955 0.031540 -0.220286 -0.047956 -0.017316 -0.088281 0.381365 0.411092 0.454298 0.416358 0.065687 -0.286922 0.311676 0.176127 -0.467122 -0.457995 -0.317655 -0.129568 -0.275784 -0.227620 1.000000 0.760119 -0.031304 -0.035598 0.272622 0.397892 -0.158846 -0.330534 0.717467 0.421165 0.281152 0.405020 0.365774 0.263426 -0.364258 -0.324145 -0.367013 -0.450450 -0.291284 -0.415555 -0.436866 -0.422321 -0.632209 -0.534996 -0.238844 0.115661 0.197627 -0.033720 0.317817 0.313510 -0.166700 -0.019909 0.107494 -0.056593 0.498063 0.325325 0.005796 -0.204337 -0.209629 -0.281291 -0.050366 -0.266765 -0.078973 -0.086555 0.717355 0.224454 0.204210 0.214017 0.257002 0.105791 0.518968 0.481946 0.715334 0.685353 0.239261 0.715087 0.209859 0.389225 0.020480 0.206644 -0.386603 -0.279710 -0.561881 -0.588559 -0.447043 -0.472287 0.275432 0.127005 -0.129092 0.280653 -0.269332 -0.260448 -0.076337 0.033791 -0.058930 -0.318995 -0.116973 -0.242111 0.110290 0.097478 0.022028 0.101909 -0.067808 -0.109780 -0.205195 -0.280650 -0.106569 -0.057150
-0.294918 0.225841 -0.154376 -0.299593 -0.331821 -0.253022 -0.078698 -0.262892 -0.098349 0.144378 -0.494237 -0.132318 -0.301568 -0.227778 -0.049498 0.299633 0.489625 0.654703 0.028676 -0.094053 0.260165 0.181340 -0.635506 -0.426202 -0.250183 -0.075238 -0.325840 -0.286176 0.760119 1.000000 0.042891 0.134638 0.456398 0.534197 -0.106031 -0.306530 0.792747 0.527934 0.286999 0.458210 0.398659 0.211920 -0.547572 -0.497689 -0.344204 -0.399652 -0.474285 -0.533957 -0.514776 -0.439752 -0.672452 -0.578071 -0.329345 -0.055215 0.149260 -0.092128 0.498686 0.514518 -0.164413 0.138469 0.083525 -0.101480 0.520835 0.462054 0.110702 -0.171489 -0.090920 -0.101358 0.049320 -0.141363 -0.035215 -0.067387 0.742194 0.356231 0.229462 0.077944 0.299149 0.097873 0.675858 0.605281 0.778959 0.826348 0.149704 0.657762 0.243994 0.324285 0.066751 0.106484 -0.367802 -0.251401 -0.552999 -0.679705 -0.559426 -0.584928 0.292893 0.158330 -0.115801 0.191028 -0.388485 -0.350823 -0.084637 -0.120441 -0.048941 -0.274963 -0.155798 -0.090944 0.104354 0.121104 0.041866 0.118459 -0.063622 -0.077552 -0.206661 -0.333448 -0.126398 -0.050962
-0.312195 0.029954 0.159844 0.470414 -0.398511 -0.273371 -0.211344 -0.104337 -0.381316 -0.371124 -0.124261 -0.027770 0.033601 -0.060228 -0.057626 -0.126073 0.224552 0.152130 0.477628 0.424833 -0.256243 0.152477 0.396036 0.463344 0.446451 0.224330 0.083647 0.113146 -0.031304 0.042891 1.000000 0.757112 0.182535 0.207560 -0.539940 -0.447315 -0.006804 -0.247927 -0.049966 -0.255780 -0.214711 -0.387382 0.186171 0.188574 0.064524 0.066904 0.120127 0.089977 -0.437595 -0.048092 0.035995 -0.221440 -0.433952 0.096347 -0.152866 0.006514 0.461827 0.278008 -0.536576 -0.080394 -0.357297 -0.233979 0.186669 0.213376 0.025756 -0.465355 -0.272849 -0.154296 0.070301 0.150288 0.078885 0.267227 0.112256 -0.011344 0.292301 0.218383 0.088236 0.046617 0.249977 0.355192 0.180197 0.211176 0.160041 -0.120443 0.302455 0.057134 0.204756 -0.197094 -0.052599 0.301137 -0.189782 -0.176669 -0.177382 -0.124978 0.033969 -0.037139 0.269238 -0.223450 0.103013 -0.249283 0.079744 -0.193933 -0.071875 -0.140339 -0.440621 0.031685 -0.189047 0.347465 -0.022041 0.105225 -0.178831 -0.090278 0.242909 0.063693 0.206751 -0.278378
-0.405941 0.042250 0.280450 0.473202 -0.404523 -0.133749 -0.153987 0.123099 -0.262289 -0.155089 -0.372405 0.062489 -0.211607 0.011389 -0.235788 0.023459 0.123301 0.144936 0.504509 0.326211 -0.304943 0.134017 0.123906 0.304350 0.330702 0.150197 0.023736 0.040019 -0.035598 0.134638 0.757112 1.000000 0.320440 0.479793 -0.366735 -0.485662 0.052256 -0.178028 -0.074666 -0.209823 -0.131983 -0.420084 0.047501 0.068311 0.099222 0.124928 0.016680 0.000697 -0.510941 -0.156604 -0.054452 -0.343985 -0.430070 0.105477 -0.111323 -0.058807 0.419668 0.225112 -0.506064 -0.021263 -0.263372 -0.170897 0.283368 0.328617 0.253466 -0.264216 -0.073532 0.053488 0.053832 0.070775 -0.100105 0.170714 0.184093 0.019947 0.330080 0.188454 0.216448 0.240129 0.292636 0.295183 0.214882 0.205981 0.026875 -0.070820 0.141402 0.040221 0.121115 -0.287200 -0.147280 0.200746 -0.182300 -0.280275 -0.146871 -0.230438 -0.018322 0.047137 0.308743 -0.335431 0.048992 -0.377190 0.076098 -0.281743 -0.017253 -0.247240 -0.358441 -0.003514 -0.279552 0.313450 -0.003959 0.159017 -0.091545 0.061644 0.277979 0.065894 0.178599 -0.205662
-0.109517 0.211797 0.284942 0.000323 -0.251310 -0.215874 0.173616 -0.050091 0.067397 0.037768 -0.413429 -0.075146 -0.305223 -0.195668 -0.142290 0.239097 0.242465 0.388123 0.217843 0.171885 -0.189805 0.013832 -0.500568 -0.242581 -0.060707 -0.236772 -0.285115 -0.150227 0.272622 0.456398 0.182535 0.320440 1.000000 0.784582 0.077402 -0.297937 0.379582 0.330755 0.051556 0.141054 0.198794 -0.098108 -0.502392 -0.445982 -0.182606 -0.269266 -0.419415 -0.397272 -0.508176 -0.416643 -0.477469 -0.474200 -0.451936 -0.078586 -0.012181 -0.153551 0.424428 0.344103 -0.039039 0.220211 0.242188 -0.044446 0.477886 0.501106 0.446005 -0.078230 0.354459 0.110507 0.301326 0.002087 -0.201548 -0.246035 0.524892 0.117205 0.235715 0.033982 0.311940 0.253112 0.339833 0.188480 0.436982 0.449550 -0.037763 0.296673 0.125879 0.214443 0.185696 -0.147441 -0.355489 -0.189535 -0.305298 -0.484160 -0.482083 -0.405314 0.065376 0.002218 -0.027002 -0.122995 -0.278924 -0.349298 0.039940 -0.103656 0.029280 -0.024442 -0.059466 0.011186 -0.077195 0.057857 0.082003 0.058506 -0.028724 -0.062814 -0.093181 -0.238227 -0.103108 0.009737
-0.192117 0.222494 0.203881 -0.036327 -0.282574 -0.161159 0.160190 -0.005711 0.027968 0.191259 -0.539035 -0.048915 -0.314216 -0.136254 -0.088717 0.395397 0.348544 0.421530 0.229156 0.121932 -0.133882 -0.019816 -0.525430 -0.269177 -0.035133 -0.211685 -0.219835 -0.153771 0.397892 0.534197 0.207560 0.479793 0.784582 1.000000 -0.049204 -0.381232 0.439199 0.167948 0.022910 0.069208 0.210774 -0.248364 -0.503619 -0.418589 -0.200435 -0.242710 -0.450053 -0.448401 -0.563347 -0.438507 -0.488695 -0.541727 -0.515085 -0.047171 0.040530 -0.217879 0.496071 0.359464 -0.100210 0.204050 0.276250 0.003301 0.609663 0.621758 0.544102 0.040147 0.196720 0.147729 0.251344 -0.005963 -0.315054 -0.359545 0.574709 0.051974 0.208272 -0.020824 0.291285 0.182905 0.453315 0.295816 0.545504 0.580373 0.012156 0.347832 0.110568 0.181760 0.145463 -0.184872 -0.348323 -0.211621 -0.488730 -0.665767 -0.537448 -0.544406 0.125129 -0.051139 0.052043 -0.198078 -0.277634 -0.388448 0.055543 -0.153518 0.104267 -0.172161 -0.133396 -0.077807 -0.193891 0.150772 0.106679 0.142217 -0.015941 0.008859 0.041572 -0.257940 -0.128626 -0.054380
0.221180 -0.199810 0.022113 -0.347175 0.590356 0.451450 0.090038 -0.117136 0.277063 0.169944 0.137898 -0.192841 -0.154398 -0.067677 -0.176730 -0.162809 -0.199913 -0.182465 -0.410995 -0.227893 0.045511 -0.122251 -0.291596 -0.392002 0.084515 -0.098491 0.198072 0.148541 -0.158846 -0.106031 -0.539940 -0.366735 0.077402 -0.049204 1.000000 0.643674 -0.040123 0.169371 0.050779 0.125776 0.054306 0.201525 -0.235068 -0.241307 0.154685 0.259023 -0.208305 -0.153734 0.290358 -0.058167 0.077737 0.109190 0.116511 -0.194450 0.210211 -0.027366 -0.325237 -0.262955 0.308349 -0.104282 0.110634 -0.080721 -0.227461 -0.296082 0.028844 0.182940 0.398907 0.558182 -0.075682 -0.105954 -0.075809 -0.186856 -0.217388 -0.132572 -0.257909 -0.258263 -0.104758 -0.040591 -0.207112 -0.352886 -0.203524 -0.136573 -0.238971 -0.064968 -0.068545 0.100682 -0.073838 0.134325 0.231168 -0.259516 0.119600 0.096123 0.172931 0.226276 -0.104415 0.122887 -0.119789 0.135110 -0.060762 0.147595 -0.131025 0.116298 -0.023845 0.084349 0.353236 -0.002021 0.056159 -0.229032 0.015053 0.039904 0.454988 -0.037638 -0.091158 0.025338 -0.107557 0.058707
0.184418 -0.341618 -0.307925 -0.219837 0.484765 0.462305 -0.058734 -0.155663 0.229461 0.107689 0.215578 -0.223241 -0.002579 -0.051059 -0.045049 -0.207058 -0.314312 -0.302685 -0.368828 -0.156372 0.198291 0.004351 0.058420 0.059102 0.184273 0.203072 0.342356 0.314221 -0.330534 -0.306530 -0.447315 -0.485662 -0.297937 -0.381232 0.643674 1.000000 -0.194467 -0.039303 0.022177 0.118817 0.142237 0.288500 -0.027120 -0.048514 0.062415 0.214558 -0.076027 0.062159 0.453646 0.136338 0.287136 0.356185 0.286067 -0.262585 0.111068 0.089618 -0.372083 -0.310175 0.286384 -0.071707 -0.076644 -0.168010 -0.538229 -0.530009 -0.293997 0.158479 0.071724 0.400668 -0.004317 -0.031574 0.133199 0.046027 -0.402554 -0.198869 -0.244662 -0.317160 -0.320360 -0.263518 -0.337535 -0.346091 -0.383345 -0.370762 -0.029700 -0.233998 -0.085678 0.032164 -0.098964 0.264250 0.437565 -0.039399 0.221043 0.288980 0.324200 0.282048 -0.141347 -0.115271 -0.134448 0.196043 0.006200 0.275806 -0.008766 -0.016888 -0.101333 0.133013 0.348870 -0.030101 0.095286 -0.336950 -0.080688 -0.216417 0.350572 0.057820 -0.162169 -0.027565 -0.099171 0.034112
