1.000000 0.303203 -0.162348 -0.355424 -0.128701 -0.074037 -0.059141 -0.326843 -0.152513 -0.279424 0.008207 -0.117673 0.124501 -0.350045 -0.138346 -0.218591 0.269827 0.407866 0.121009 0.525664 -0.010117 -0.150964 -0.150131 -0.418052 -0.147920 -0.018482 -0.093284 -0.151925 0.029829 0.193760 -0.241534 -0.264503 0.461796 0.310176 -0.154150 -0.160685 0.148406 0.155625 -0.020987 0.024060 0.127429 -0.022891 -0.110756 -0.144060 -0.012632 -0.141787 -0.050198 -0.005539 -0.283702 0.083962 -0.279909 0.029207 -0.158748 0.159850 -0.103236 -0.060976 0.521033 0.415183 0.206274 0.039583 0.114870 -0.063674 0.315144 0.162266 -0.279148 -0.309840 0.179338 -0.302211 0.279041 0.099802 -0.126643 -0.309720 0.196248 0.047316 0.033971 0.002899 0.094403 -0.051119 0.107069 0.200871 0.277625 0.261432 -0.173568 -0.022922 -0.155732 -0.320854 -0.153018 -0.215630 -0.200354 -0.067637 0.136307 0.173278 -0.144650 0.045865 -0.052491 -0.006071 -0.160315 -0.041286 0.444967 0.342390 0.165053 0.402321 0.175038 0.312124 0.027695 -0.012952 0.090432 -0.128530 0.067744 -0.083747 -0.072347 0.337135 0.228462 -0.186749 -0.274822 0.055636
0.303203 1.000000 -0.291446 -0.010371 -0.245607 -0.187563 0.035416 -0.035887 -0.000472 -0.042735 0.239398 0.610523 0.176325 0.373423 0.039769 0.285572 0.269852 0.482762 -0.108445 0.266923 -0.306239 -0.489780 -0.540171 -0.421436 -0.468349 -0.594925 -0.424534 -0.513089 0.009764 0.341060 -0.613830 -0.554226 0.224990 0.188609 -0.317275 -0.361962 0.070895 0.123959 -0.254283 -0.174254 0.018054 -0.127273 0.023495 -0.008368 0.257448 -0.079869 -0.083831 -0.287838 0.067844 0.175732 -0.119291 0.226942 -0.137232 0.009221 -0.228881 -0.085379 0.136489 0.217643 0.072022 0.475692 0.243807 0.443496 0.314132 0.548311 -0.256775 -0.116341 0.157012 -0.313017 -0.013063 -0.241796 -0.214333 -0.160154 0.205915 0.055294 0.239841 0.354795 0.265795 -0.058353 -0.080146 0.191928 0.159288 0.289103 -0.252467 -0.004207 0.021129 -0.109755 0.027964 -0.160318 -0.154222 -0.130441 0.284768 -0.026185 0.143474 -0.246840 -0.310464 0.014697 -0.254783 -0.089120 0.280783 0.149414 0.153640 0.178364 0.312703 0.012397 -0.038508 -0.203130 0.187602 0.061313 -0.049669 0.012866 -0.230978 0.207669 0.343766 -0.046283 0.071882 0.038271
-0.162348 -0.291446 1.000000 -0.124536 0.465851 0.008815 0.610903 -0.083109 0.435810 -0.143649 0.329523 -0.239506 0.329864 -0.226898 0.324652 -0.152750 -0.436770 -0.488236 0.472902 -0.085526 0.008727 0.021165 0.544944 0.378976 0.565014 0.161175 0.646679 0.441381 -0.291111 -0.502065 0.246425 -0.005836 -0.337441 -0.101980 0.151168 -0.029069 -0.292243 -0.316613 0.113341 -0.055274 -0.287653 -0.100560 -0.138725 0.099569 -0.406394 -0.397018 -0.143509 0.093268 0.231872 -0.285155 0.406015 -0.220258 0.050151 -0.284129 0.210525 -0.081640 -0.197722 0.093110 0.177297 -0.260590 0.334382 -0.178533 -0.299038 -0.361593 0.475520 0.123279 -0.047504 0.127072 0.083052 -0.038476 0.239080 0.108266 -0.309572 -0.226669 -0.198952 -0.061483 -0.062359 0.058154 -0.400237 -0.312566 -0.530503 -0.551210 0.213602 -0.368665 0.290577 -0.266357 0.195801 -0.030515 0.351270 0.019611 -0.323898 0.194948 -0.333211 0.467246 0.098829 0.100655 0.143269 0.129585 -0.101787 -0.199730 -0.295312 -0.227373 -0.316923 0.052358 0.021831 0.039433 -0.398737 0.091057 0.159846 0.076100 0.308778 -0.006720 -0.071568 0.149516 -0.051164 -0.060021
-0.355424 -0.010371 -0.124536 1.000000 -0.022175 0.390932 0.063138 0.732903 0.270410 0.646916 -0.312223 0.216216 -0.087534 0.459401 0.154543 0.176880 -0.161625 -0.257467 -0.087710 -0.155005 0.020278 0.166838 -0.067228 0.510073 -0.321952 0.022095 -0.296132 0.047860 -0.217210 -0.143032 0.056600 0.258085 -0.280724 0.130431 -0.234242 -0.036955 -0.152359 -0.242494 -0.284748 -0.135106 -0.207942 -0.230492 0.145071 -0.014914 0.027786 0.095891 0.027446 -0.049040 -0.093749 -0.012025 -0.004213 -0.038395 0.091065 -0.032581 -0.143690 -0.088353 -0.208147 -0.317225 -0.184970 -0.102639 -0.072161 0.173802 -0.033335 0.007352 0.101487 0.380808 -0.360867 0.009607 -0.355656 -0.087665 0.040012 0.072237 -0.128802 -0.080982 -0.151126 -0.216242 -0.276702 -0.156811 -0.301511 -0.132294 -0.191281 -0.282776 0.050725 0.059384 -0.030905 0.293894 0.043990 0.269687 -0.049938 0.238684 0.157624 -0.281347 0.574999 -0.110460 -0.111372 -0.057096 -0.136084 -0.190426 -0.107548 -0.174873 0.153180 -0.208092 0.024777 -0.341855 -0.045242 -0.028035 -0.056725 0.276313 -0.173969 -0.248275 -0.163867 -0.082748 0.211403 0.183849 0.238074 0.000836
-0.128701 -0.245607 0.465851 -0.022175 1.000000 0.318568 0.301048 -0.000182 0.240554 0.041823 0.002245 -0.184754 0.090442 -0.223329 0.144435 -0.316558 -0.321612 -0.342529 0.213621 -0.031809 0.152954 0.066868 0.317507 0.438353 0.434164 0.333363 0.403233 0.302129 -0.115334 -0.267542 0.336642 0.195319 -0.402040 -0.056074 0.104587 0.314676 -0.393306 -0.324396 -0.156797 -0.285450 -0.366916 -0.204520 -0.118619 0.044673 0.027228 0.164175 -0.102158 0.084077 0.173017 -0.071590 0.155353 -0.151645 0.149128 -0.049097 0.125600 -0.195820 -0.268617 -0.010579 0.302974 0.044276 0.122401 -0.083187 -0.259797 -0.266355 0.241503 0.183716 -0.033355 0.326462 -0.074141 0.004957 0.166798 0.164151 -0.171340 -0.115788 -0.074889 -0.095275 -0.083201 -0.077762 -0.260625 -0.260587 -0.491143 -0.429948 0.088169 -0.194144 0.178527 -0.125355 0.193678 -0.060031 0.162583 0.098246 -0.084929 0.099146 -0.126537 0.267961 -0.173054 0.020316 -0.149157 -0.116804 -0.158487 -0.133338 0.056090 0.024129 -0.023724 -0.002180 0.012920 -0.072073 -0.014243 -0.063800 0.011084 -0.178927 0.169739 0.094156 -0.037121 0.013602 -0.034284 -0.053983
-0.074037 -0.187563 0.008815 0.390932 0.318568 1.000000 -0.072762 0.440474 0.012351 0.512271 -0.380164 -0.067493 -0.075822 -0.033144 -0.163370 -0.141002 -0.085608 -0.119779 0.077105 -0.104938 0.263259 0.294837 -0.058972 0.257038 -0.072639 0.415798 -0.145271 0.108800 -0.238916 -0.091924 0.021530 0.345128 -0.287428 -0.057674 -0.141738 0.087605 -0.322087 -0.085345 -0.148368 -0.208026 -0.245271 -0.180939 0.008869 -0.049928 0.030404 0.249981 0.123851 0.025142 -0.071667 -0.106042 0.065907 -0.170352 0.264246 0.158369 -0.227125 -0.099607 -0.133981 -0.189185 0.055065 0.106728 -0.179779 0.060144 -0.085576 -0.003023 -0.132812 0.271354 0.167992 0.302021 -0.030291 0.066391 0.051456 0.059177 -0.112495 -0.018133 -0.100679 -0.280686 -0.390650 -0.363585 -0.027660 -0.086497 -0.178179 -0.270011 -0.109967 0.102381 -0.020336 0.132669 -0.006385 0.099665 -0.217101 0.293103 0.024315 0.069161 0.256818 -0.113749 0.037876 0.051126 -0.211590 0.064047 -0.079612 -0.181755 0.196580 0.025436 0.132740 -0.188781 -0.018616 0.077271 -0.063374 -0.020503 0.103409 -0.024247 -0.178670 -0.086304 -0.022421 -0.140877 -0.028954 0.097124
-0.059141 0.035416 0.610903 0.063138 0.301048 -0.072762 1.000000 0.074769 0.384423 -0.018919 0.343277 0.101037 0.209044 0.109336 0.287175 0.117570 -0.195229 -0.243519 0.451012 0.007968 -0.166060 -0.282590 0.175161 0.173817 0.061807 -0.245164 0.104181 -0.086057 -0.033874 -0.183444 0.057326 -0.177927 -0.138376 0.204823 0.039998 0.036210 -0.184603 -0.196809 -0.113933 -0.240731 -0.230729 -0.233643 -0.318987 -0.093754 -0.135727 -0.239034 -0.373277 -0.235771 -0.082776 -0.331460 0.149332 -0.174403 -0.181010 -0.311120 -0.010021 -0.308504 -0.360913 -0.057136 0.448640 -0.011962 0.536635 0.111246 0.154871 0.109914 0.296632 0.098120 0.123670 0.106420 0.030086 -0.110252 0.045929 -0.029056 -0.021321 -0.046883 -0.063540 0.114635 0.108159 -0.040333 -0.404973 -0.337766 -0.421691 -0.371902 0.239987 -0.173944 0.380810 -0.200341 0.213323 0.023815 0.310591 -0.102511 -0.064636 0.165236 -0.109697 0.338559 -0.288294 0.195713 -0.222332 -0.124281 -0.231558 -0.172479 -0.223044 -0.009572 -0.093679 0.067667 0.002446 -0.177646 -0.146634 0.179289 -0.007509 -0.020522 0.083301 0.144497 0.113116 0.117590 0.040322 0.017441
-0.326843 -0.035887 -0.083109 0.732903 -0.000182 0.440474 0.074769 1.000000 0.114962 0.639645 -0.251088 0.317985 -0.057995 0.559666 0.088504 0.196635 -0.188007 -0.199130 -0.075709 -0.336764 0.027151 0.050225 -0.112574 0.359017 -0.344316 0.036137 -0.364450 -0.029893 -0.179902 -0.090316 0.135159 0.297931 -0.268730 0.089589 -0.264219 0.053565 -0.069098 -0.185699 -0.217598 -0.109555 -0.119960 -0.259836 -0.028456 -0.100478 0.003616 0.166203 -0.130887 -0.264675 -0.172682 -0.091526 0.066523 -0.040809 0.155073 -0.099015 -0.186397 -0.353280 -0.218926 -0.316562 -0.051255 0.048101 -0.050855 0.438611 0.042036 0.130148 -0.020470 0.555428 -0.120109 0.178680 -0.314161 -0.180562 -0.119053 0.197481 -0.113536 -0.023696 -0.120423 -0.098748 -0.243336 -0.163007 -0.146401 -0.177739 -0.229374 -0.273153 0.004315 0.100774 -0.052215 0.301425 -0.109554 0.079302 -0.140526 0.209426 0.052259 -0.355591 0.585006 -0.247230 -0.111231 0.042859 -0.308885 -0.248090 -0.325656 -0.365611 0.158124 -0.195022 0.022091 -0.389050 -0.124597 -0.178729 -0.180219 0.174479 -0.087611 0.042120 -0.322817 -0.058078 -0.003208 0.087253 0.067747 -0.130507
-0.152513 -0.000472 0.435810 0.270410 0.240554 0.012351 0.384423 0.114962 1.000000 0.207859 0.213848 0.018614 0.468874 0.164343 0.476598 -0.011296 -0.364895 -0.488212 0.250501 -0.126889 -0.092930 -0.007961 0.169597 0.273912 0.120127 -0.025650 0.160174 0.174588 -0.302129 -0.488860 0.037161 0.031664 -0.227665 -0.142990 -0.070090 0.064548 -0.203604 -0.277570 -0.203828 -0.182288 -0.334482 -0.246088 -0.082812 0.054672 -0.168520 -0.099675 -0.241037 0.002442 0.126742 -0.132647 0.254074 -0.072394 -0.051596 -0.225413 0.118098 -0.197469 -0.134346 0.114201 0.146851 -0.024322 0.323169 0.167933 -0.301415 -0.138403 0.272393 0.257890 -0.105227 0.050062 -0.218675 -0.070051 0.266465 0.128528 -0.264201 -0.188971 -0.195351 -0.083105 -0.077757 -0.078986 -0.536515 -0.019943 -0.372527 -0.454949 -0.149920 -0.442742 -0.025793 -0.119515 0.071420 -0.293008 -0.100386 -0.095391 -0.040664 0.211344 0.191021 0.295107 -0.124485 0.096864 -0.068819 0.030488 0.012017 -0.087689 -0.187443 -0.125921 -0.127558 0.042593 0.099664 0.005058 -0.100955 0.193348 -0.094546 -0.083499 0.158065 0.111708 0.135408 0.267095 0.075988 -0.061127
-0.279424 -0.042735 -0.143649 0.646916 0.041823 0.512271 -0.018919 0.639645 0.207859 1.000000 -0.193341 0.250928 0.074448 0.371791 0.101794 0.154194 -0.143314 -0.150045 -0.162944 -0.336242 -0.213727 -0.076102 -0.159082 0.228288 -0.406759 0.065775 -0.380783 -0.103341 -0.182033 -0.015052 -0.154079 0.220053 -0.239323 0.008834 -0.199770 0.083136 -0.061349 -0.034952 -0.281255 -0.133124 -0.090208 -0.313804 0.000973 -0.109567 -0.010763 0.247063 -0.128719 -0.254192 -0.054103 -0.092927 0.245711 -0.144385 0.128059 -0.065444 -0.256114 -0.177884 -0.195674 -0.291426 0.097636 0.026482 0.153089 0.427729 0.048035 0.158490 0.063284 0.655563 -0.019329 0.239823 -0.189868 -0.130839 -0.027108 0.006133 -0.117614 -0.052597 -0.078153 -0.101446 -0.147277 -0.150571 -0.227565 -0.080038 -0.177899 -0.309502 -0.076676 -0.011270 0.045055 0.316328 0.079587 0.074387 -0.079154 0.282416 -0.056308 -0.233975 0.518059 -0.110834 -0.231896 -0.062529 -0.352925 -0.289488 -0.314967 -0.286899 0.069729 -0.166790 -0.012058 -0.380938 -0.165719 -0.146470 0.085773 0.078394 -0.236128 -0.184749 -0.361324 -0.018322 0.037848 0.029803 0.041230 -0.045682
0.008207 0.239398 0.329523 -0.312223 0.002245 -0.380164 0.343277 -0.251088 0.213848 -0.193341 1.000000 0.267563 0.677853 0.253770 0.453136 0.292293 -0.087459 0.071029 0.143818 -0.128527 -0.421113 -0.369212 -0.027385 -0.315018 0.072042 -0.431316 0.194298 -0.044857 0.002674 -0.033776 -0.247044 -0.370351 -0.023479 -0.175034 0.270669 -0.084504 0.134100 -0.018103 -0.108300 -0.007731 0.048536 0.052117 -0.085438 0.078732 -0.291893 -0.334464 -0.258054 -0.178775 -0.008268 -0.309979 0.266974 -0.136726 -0.121067 -0.187076 0.148109 -0.123361 -0.171398 0.117265 0.350768 -0.058947 0.564147 0.187414 0.126654 0.130346 0.111213 0.080696 0.049559 -0.088347 0.176170 -0.284158 0.107389 -0.033614 0.161021 0.171803 0.197078 0.397571 0.440119 0.352693 -0.388894 -0.012080 -0.190102 -0.031891 -0.005078 -0.328518 0.424980 -0.304276 0.004763 -0.246388 0.175130 -0.300865 -0.205823 0.042645 -0.025505 0.359608 -0.151044 0.022533 -0.044618 -0.024228 -0.146268 -0.237991 -0.169587 0.130528 -0.187526 -0.046112 -0.047691 -0.210652 -0.103072 -0.033012 0.106645 0.093520 0.057564 0.066934 -0.072669 0.007922 0.159394 -0.007839
-0.117673 0.610523 -0.239506 0.216216 -0.184754 -0.067493 0.101037 0.317985 0.018614 0.250928 0.267563 1.000000 0.100467 0.752346 0.118345 0.526391 0.173769 0.409026 -0.183081 -0.084518 -0.319837 -0.365157 -0.598778 -0.214303 -0.546770 -0.610456 -0.552098 -0.555045 0.067170 0.352579 -0.493278 -0.273056 0.011509 0.097405 -0.284543 -0.286064 0.228217 -0.003106 -0.218298 -0.232364 0.075061 -0.186392 0.069617 0.058424 0.225278 0.060144 -0.082212 -0.418344 -0.022427 0.006212 -0.027506 0.084523 -0.047086 -0.077640 -0.391913 -0.300790 -0.373665 -0.182199 0.120340 0.329330 0.279481 0.697816 0.443781 0.641838 -0.195076 0.269683 0.051286 -0.140938 -0.186654 -0.340593 -0.254619 0.088575 0.390955 0.209648 0.321911 0.423769 0.284536 -0.013025 -0.100140 0.232089 0.071132 0.202512 -0.158567 0.070686 0.170962 0.178138 -0.061254 -0.174369 -0.158397 -0.061972 0.178857 -0.297357 0.335832 -0.217754 -0.431858 0.176525 -0.493536 -0.249733 -0.287564 -0.200544 0.182804 -0.005449 0.134106 -0.266108 -0.154147 -0.308716 0.090245 0.056703 0.013849 0.184842 -0.330290 0.081314 0.230777 -0.157490 0.314977 0.110515
0.124501 0.176325 0.329864 -0.087534 0.090442 -0.075822 0.209044 -0.057995 0.468874 0.074448 0.677853 0.100467 1.000000 0.230894 0.618160 0.153988 -0.177889 -0.031909 0.070578 -0.128574 -0.405320 -0.226940 0.059321 -0.112457 0.085199 -0.159441 0.261926 0.193241 -0.350518 -0.312961 -0.251214 -0.231533 -0.174765 -0.210552 0.041724 0.025830 -0.013762 -0.068741 -0.173970 -0.018190 -0.153893 -0.172430 -0.068115 0.030392 -0.421047 -0.283682 -0.290066 -0.086359 -0.034373 -0.370257 0.360069 -0.156426 -0.023812 -0.138201 0.105160 -0.105016 0.112274 0.296523 0.280173 -0.085322 0.485420 0.243902 -0.097081 -0.057724 0.201628 0.314641 -0.058838 0.021631 0.112969 -0.235533 0.055225 0.018687 -0.109668 -0.011795 0.050334 0.038553 0.249491 0.125167 -0.447096 0.039721 -0.284950 -0.247052 -0.316122 -0.519569 0.155686 -0.330546 -0.113984 -0.344432 -0.047514 -0.085541 -0.104104 0.066624 0.117678 0.266486 -0.078076 -0.060059 -0.074898 -0.063060 0.079149 -0.155655 -0.030611 0.049150 -0.084728 -0.067912 0.069078 -0.165409 -0.133156 0.133663 -0.061791 -0.042921 0.091991 0.155214 -0.103623 0.016806 -0.049501 -0.163069
-0.350045 0.373423 -0.226898 0.459401 -0.223329 -0.033144 0.109336 0.559666 0.164343 0.371791 0.253770 0.752346 0.230894 1.000000 0.339635 0.658679 -0.035009 0.095142 -0.203338 -0.272954 -0.240735 -0.184827 -0.459680 -0.108665 -0.530923 -0.570705 -0.456961 -0.319986 -0.004607 0.168273 -0.348288 -0.193554 -0.153478 -0.115415 -0.128936 -0.090846 0.141843 -0.054620 -0.231988 -0.062654 0.016932 -0.105237 -0.036891 -0.101427 0.104833 0.120251 -0.196205 -0.406303 -0.074051 -0.115941 -0.046467 -0.007935 0.008135 -0.154088 -0.213109 -0.229656 -0.405058 -0.347756 0.064647 0.176508 0.212882 0.682607 0.190538 0.347447 -0.080686 0.409896 -0.100991 0.014859 -0.298768 -0.357635 -0.263702 0.155449 0.163165 0.065724 0.132121 0.138948 0.039022 -0.041483 -0.273166 0.044184 -0.024644 0.022425 -0.101712 0.078317 0.115620 0.296234 -0.158289 -0.027442 -0.058142 0.016043 0.221253 -0.295777 0.516493 -0.227034 -0.197318 0.094321 -0.246937 -0.188736 -0.327940 -0.346269 0.136190 -0.039511 0.001439 -0.362933 -0.036302 -0.222054 -0.024942 0.045957 -0.076090 0.102055 -0.237309 -0.074262 0.004829 -0.082812 0.219336 -0.086704
-0.138346 0.039769 0.324652 0.154543 0.144435 -0.163370 0.287175 0.088504 0.476598 0.101794 0.453136 0.118345 0.618160 0.339635 1.000000 0.282719 -0.109409 -0.202261 -0.048413 -0.195776 -0.309830 -0.187860 0.293859 0.205719 0.190050 -0.211973 0.285012 0.215142 -0.031226 -0.295263 -0.003209 -0.146193 -0.332427 -0.394026 0.015392 0.039989 0.146810 -0.047267 -0.044422 -0.040852 -0.087551 -0.082349 -0.103273 -0.135884 -0.511588 -0.447460 -0.275671 -0.233740 0.016921 -0.374518 0.326002 -0.118943 0.138523 -0.105592 0.343123 -0.038049 -0.054204 0.093812 0.103032 -0.352205 0.452319 0.102894 -0.211533 -0.250209 0.565260 0.267863 -0.359979 -0.205172 0.000319 -0.173910 -0.029523 -0.117207 -0.161130 -0.058691 0.048400 -0.013516 0.169929 0.078197 -0.340005 0.009208 -0.267241 -0.237801 0.124537 -0.348919 0.309713 -0.077205 0.098764 -0.117933 0.344110 0.164195 -0.038688 0.002720 0.189686 0.413577 -0.055143 0.046612 -0.068625 -0.152344 -0.039236 -0.198159 -0.097624 -0.061175 -0.211249 -0.239074 -0.104122 -0.310623 -0.219055 0.057005 -0.069646 0.008166 -0.102751 -0.025966 -0.004891 -0.004351 0.060648 -0.235671
-0.218591 0.285572 -0.152750 0.176880 -0.316558 -0.141002 0.117570 0.196635 -0.011296 0.154194 0.292293 0.526391 0.153988 0.658679 0.282719 1.000000 0.138493 0.329513 -0.051962 -0.233504 -0.159975 -0.022613 -0.454530 -0.364159 -0.379757 -0.510454 -0.361714 -0.399284 0.241624 0.469436 -0.286231 -0.191262 -0.042895 -0.224956 -0.062495 -0.206531 0.240686 0.179052 -0.071003 0.230480 0.156023 0.305849 -0.139926 -0.252966 0.070943 -0.092064 -0.111158 -0.489599 -0.034841 -0.100550 -0.020689 0.028808 -0.130155 -0.107736 0.063078 0.035298 -0.284232 -0.475671 0.039347 0.129086 0.225528 0.394414 0.259762 0.349539 -0.086435 0.043915 0.037879 -0.147719 -0.023740 -0.237252 -0.246443 -0.037302 0.250824 0.219587 0.252932 0.162524 -0.040210 -0.069260 -0.119327 0.118369 0.133610 0.249774 -0.005540 0.360243 0.107320 0.358693 -0.121396 0.094840 0.144579 0.093078 0.063289 -0.235689 0.114950 -0.249068 -0.013791 0.122988 -0.017908 0.065015 -0.267489 -0.312319 -0.008817 0.027919 -0.190369 -0.430064 -0.266940 -0.221092 -0.022710 -0.074998 -0.035895 0.193497 -0.285113 -0.263882 -0.159477 -0.234272 0.230718 0.076046
0.269827 0.269852 -0.436770 -0.161625 -0.321612 -0.085608 -0.195229 -0.188007 -0.364895 -0.143314 -0.087459 0.173769 -0.177889 -0.035009 -0.109409 0.138493 1.000000 0.618377 -0.158544 0.317088 0.068708 0.142687 -0.383694 -0.457483 -0.254949 -0.252191 -0.347997 -0.358987 0.547941 0.507203 -0.166877 -0.105761 0.192184 0.046215 -0.376982 -0.316425 0.248206 0.350761 0.140026 -0.022031 0.255090 0.133229 -0.129399 -0.169295 -0.016340 -0.195217 0.083265 -0.183736 -0.345029 -0.117329 -0.208360 0.061929 0.063447 0.257135 -0.113383 0.079818 0.186916 0.029699 -0.039400 0.118825 -0.055244 -0.107570 0.347649 0.412041 -0.411528 -0.382053 0.028905 -0.418854 0.239941 0.283240 -0.086057 -0.313272 0.430617 0.296643 0.155238 0.210204 0.150241 -0.073045 0.552500 0.423319 0.657246 0.556549 0.232544 0.404315 0.121444 0.124939 0.137257 -0.132445 -0.114082 -0.016635 0.159793 -0.020516 -0.152338 -0.151472 0.056313 0.109165 -0.052053 0.117294 0.184536 0.237661 -0.006624 0.292435 0.100731 0.003999 -0.259845 -0.058198 0.203239 0.079023 0.018183 0.054175 -0.311365 -0.051575 0.063933 -0.305886 0.233376 0.205775
0.407866 0.482762 -0.488236 -0.257467 -0.342529 -0.119779 -0.243519 -0.199130 -0.488212 -0.150045 0.071029 0.409026 -0.031909 0.095142 -0.202261 0.329513 0.618377 1.000000 -0.233550 0.128147 -0.188320 -0.189060 -0.557727 -0.601703 -0.361839 -0.347409 -0.436324 -0.531928 0.369578 0.677346 -0.366730 -0.294208 0.276190 0.053579 -0.204875 -0.206288 0.202076 0.401834 -0.030904 0.069875 0.180512 0.177923 -0.026544 -0.079613 0.259870 -0.015919 0.173607 -0.323426 -0.114205 0.113820 -0.233578 0.182580 -0.137514 0.090366 -0.095178 0.059597 0.178513 0.075476 0.017665 0.256109 0.016570 0.193463 0.487826 0.607323 -0.454884 -0.282067 0.124416 -0.384220 0.188448 -0.088015 -0.281669 -0.198831 0.525937 0.359704 0.370876 0.265485 0.249602 0.000254 0.363797 0.519876 0.452438 0.581356 -0.083460 0.342016 0.023957 0.059060 -0.119416 -0.230464 -0.118843 0.065396 0.065274 -0.205145 -0.088684 -0.355136 -0.112842 0.140386 -0.165157 0.026607 0.167457 0.198193 0.139486 0.242144 -0.013694 -0.187035 -0.308098 -0.225024 0.231829 -0.105423 0.075011 0.211584 -0.358115 0.011864 0.127784 -0.421397 -0.045862 0.092934
0.121009 -0.108445 0.472902 -0.087710 0.213621 0.077105 0.451012 -0.075709 0.250501 -0.162944 0.143818 -0.183081 0.070578 -0.203338 -0.048413 -0.051962 -0.158544 -0.233550 1.000000 0.331950 0.198493 0.183883 0.066202 -0.012093 0.121321 -0.074181 0.094677 -0.046793 0.003505 -0.179462 0.110611 -0.050547 0.129124 0.252651 -0.042483 -0.263305 -0.146089 -0.056862 0.130956 -0.012560 -0.096734 0.091895 -0.196800 0.000907 -0.099626 -0.124372 -0.081173 -0.051286 -0.106337 -0.009506 -0.148185 -0.079929 -0.314617 -0.268069 0.093677 -0.084084 -0.251862 0.009751 0.089187 -0.115702 0.072841 -0.157158 -0.127837 -0.119636 0.099448 -0.153278 0.042406 0.029524 0.058030 0.128771 0.146173 0.112309 0.124702 0.072505 0.044124 0.062492 -0.107114 -0.109711 -0.293397 -0.228365 -0.215897 -0.198547 0.141118 -0.085207 0.040253 -0.169611 0.149791 0.069369 0.098362 -0.090839 0.000970 0.322610 -0.150797 0.169282 0.059321 0.236101 0.068964 0.220387 0.148195 0.018013 -0.107521 0.173450 0.007178 0.139059 0.070564 0.002741 -0.099752 0.015414 0.237086 0.041798 0.157656 0.031367 0.056140 0.071060 -0.095142 0.137239
0.525664 0.266923 -0.085526 -0.155005 -0.031809 -0.104938 0.007968 -0.336764 -0.126889 -0.336242 -0.128527 -0.084518 -0.128574 -0.272954 -0.195776 -0.233504 0.317088 0.128147 0.331950 1.000000 0.236230 0.036919 -0.126703 -0.157424 -0.055337 -0.023036 -0.068505 -0.173204 0.096710 0.048465 -0.186326 -0.116136 0.433915 0.408600 -0.272901 -0.418141 -0.042241 -0.025649 0.240417 -0.152228 0.008100 -0.059053 -0.026561 -0.053889 -0.056111 -0.182678 0.196999 0.247642 -0.316965 0.136443 -0.550965 -0.097534 -0.299275 0.010794 -0.125851 -0.086125 0.183284 0.269781 -0.263370 -0.062148 -0.148347 -0.358068 0.171390 -0.009732 -0.118605 -0.585651 -0.006989 -0.164307 0.246031 0.534212 -0.060206 -0.258301 0.031052 -0.142439 -0.091555 -0.092101 -0.033821 -0.055864 0.234270 0.029542 0.358000 0.225629 0.031385 0.140175 -0.032687 -0.151425 0.166646 0.052105 -0.112234 -0.090692 0.441954 0.298751 -0.115073 -0.005386 0.076631 -0.145476 0.093417 0.057057 0.405730 0.262906 -0.008934 0.211174 0.414749 0.352134 0.176131 0.199885 -0.010831 0.123315 0.016906 -0.320211 0.316548 0.204879 0.268619 -0.086224 -0.093681 0.186182
-0.010117 -0.306239 0.008727 0.020278 0.152954 0.263259 -0.166060 0.027151 -0.092930 -0.213727 -0.421113 -0.319837 -0.405320 -0.240735 -0.309830 -0.159975 0.068708 -0.188320 0.198493 0.236230 1.000000 0.677611 0.055725 0.146870 0.215268 0.380139 0.168191 0.242227 0.191317 0.031393 0.376250 0.470875 -0.039280 -0.045867 0.080641 -0.113777 0.009354 -0.058245 0.247543 0.048275 0.081980 0.284503 -0.158737 -0.093222 0.026145 0.022182 0.156927 0.228559 -0.074186 0.029145 -0.358594 0.027704 0.132222 0.193854 -0.099910 0.026409 -0.071144 -0.203874 -0.187151 0.041551 -0.427316 -0.357434 -0.141675 -0.214918 -0.236020 -0.316365 0.094258 0.064911 0.015784 0.491544 0.283711 0.227939 -0.030488 0.041038 -0.086468 -0.063055 -0.382663 -0.144767 0.331457 -0.076341 0.180945 0.071773 0.141784 0.332745 -0.261623 0.136031 0.019726 0.252086 -0.201525 0.112901 -0.023416 0.077173 -0.147888 -0.058144 0.350619 0.034010 0.260855 0.263796 -0.049732 -0.040460 0.022179 0.097642 0.014791 0.058542 0.004519 0.287888 -0.206405 -0.039866 0.193378 0.029675 0.162864 -0.179272 -0.210979 -0.256196 -0.050859 0.003549
-0.150964 -0.489780 0.021165 0.166838 0.066868 0.294837 -0.282590 0.050225 -0.007961 -0.076102 -0.369212 -0.365157 -0.226940 -0.184827 -0.187860 -0.022613 0.142687 -0.189060 0.183883 0.036919 0.677611 1.000000 0.112734 0.146421 0.217071 0.366962 0.165416 0.333453 0.138439 -0.035355 0.354765 0.481923 -0.203901 -0.214372 -0.021036 -0.076977 -0.082511 0.009529 0.250807 0.096967 -0.133784 0.291414 -0.100220 -0.082993 -0.118627 0.004521 0.198133 0.219982 -0.151210 -0.061718 -0.184514 -0.068759 0.156391 0.222149 0.032782 0.154162 -0.023600 -0.275659 -0.244724 -0.131316 -0.438010 -0.388713 -0.256948 -0.298163 -0.144086 -0.165097 -0.113285 0.000598 -0.062011 0.409628 0.177490 0.125635 -0.112935 -0.015830 -0.203217 -0.241705 -0.489742 -0.179997 0.275278 -0.012598 0.232728 0.035479 0.117570 0.336566 -0.172739 0.362773 -0.078063 0.178089 -0.128146 0.159354 -0.010156 0.094135 -0.072651 -0.059542 0.482845 0.016781 0.349571 0.411113 0.045068 0.063822 -0.000812 0.022055 -0.125212 -0.112798 -0.137670 0.255581 -0.153616 -0.062385 0.203001 0.011771 0.126600 -0.298649 -0.285122 -0.145260 0.082126 0.192883
-0.150131 -0.540171 0.544944 -0.067228 0.317507 -0.058972 0.175161 -0.112574 0.169597 -0.159082 -0.027385 -0.598778 0.059321 -0.459680 0.293859 -0.454530 -0.383694 -0.557727 0.066202 -0.126703 0.055725 0.112734 1.000000 0.598335 0.744937 0.472387 0.758392 0.628392 -0.282584 -0.603884 0.517043 0.205314 -0.161454 -0.072075 0.325841 0.344581 -0.090935 -0.329425 0.186302 -0.093657 -0.192624 -0.103486 0.051187 0.130226 -0.378646 -0.259482 0.021240 0.296546 0.207783 -0.113178 0.360854 -0.004134 0.296779 0.010171 0.362064 0.157511 0.115263 0.267337 -0.120239 -0.545583 -0.112824 -0.519259 -0.494820 -0.699387 0.633949 0.080894 -0.316122 0.056458 0.106214 0.054490 0.223676 -0.077348 -0.400458 -0.159601 -0.213182 -0.325300 0.025582 0.157420 -0.051454 -0.163118 -0.358554 -0.353990 0.215084 -0.446403 0.089930 -0.272056 0.170483 0.130500 0.387491 0.081974 -0.248925 0.130106 -0.139606 0.479494 0.083305 -0.074558 0.160159 0.010407 0.065183 0.033959 -0.204645 -0.239065 -0.193886 -0.020277 0.028344 -0.015377 -0.306435 0.065966 0.020004 -0.121511 0.287866 -0.001529 -0.019397 0.285075 -0.184321 -0.203777
-0.418052 -0.421436 0.378976 0.510073 0.438353 0.257038 0.173817 0.359017 0.273912 0.228288 -0.315018 -0.214303 -0.112457 -0.108665 0.205719 -0.364159 -0.457483 -0.601703 -0.012093 -0.157424 0.146870 0.146421 0.598335 1.000000 0.376529 0.506106 0.383586 0.517523 -0.393570 -0.581376 0.467263 0.421535 -0.425002 0.031080 0.098495 0.268661 -0.178166 -0.427529 -0.026922 -0.269015 -0.304185 -0.316529 0.207556 0.263186 -0.194699 -0.016572 0.074622 0.264629 0.108326 -0.109710 0.280614 -0.108015 0.241974 -0.044038 0.022258 -0.092952 -0.228071 -0.024513 -0.155535 -0.333660 -0.063371 -0.223424 -0.345066 -0.456114 0.534853 0.341077 -0.349085 0.239858 -0.272648 0.054484 0.230256 0.206731 -0.427982 -0.212140 -0.180354 -0.198052 -0.125567 0.040701 -0.227588 -0.267235 -0.507066 -0.522558 0.084853 -0.273026 0.027895 -0.040500 0.192204 0.257601 0.135209 0.205765 -0.103941 -0.102621 0.184307 0.267317 -0.089158 -0.119905 -0.092500 -0.251211 -0.193967 -0.189572 -0.003919 -0.379354 -0.079300 -0.115091 0.073226 -0.009178 -0.293460 0.168129 -0.181548 -0.222749 0.168418 -0.106703 0.060006 0.311384 0.044598 -0.164217
-0.147920 -0.468349 0.565014 -0.321952 0.434164 -0.072639 0.061807 -0.344316 0.120127 -0.406759 0.072042 -0.546770 0.085199 -0.530923 0.190050 -0.379757 -0.254949 -0.361839 0.121321 -0.055337 0.215268 0.217071 0.744937 0.376529 1.000000 0.511459 0.860061 0.604733 -0.153366 -0.492378 0.576569 0.237130 -0.260022 -0.193675 0.278634 0.289164 -0.094270 -0.306699 0.256791 -0.042205 -0.242786 0.026841 -0.033331 0.192434 -0.273796 -0.252650 0.094086 0.355220 0.303357 -0.018853 0.326476 0.019136 0.218854 0.079847 0.441723 0.140138 0.084194 0.250409 -0.121958 -0.372292 -0.211831 -0.508139 -0.435172 -0.595917 0.431326 -0.154715 -0.283772 0.042756 0.030360 0.118925 0.431067 0.149328 -0.285453 -0.107187 -0.144659 -0.204727 -0.046513 0.110401 0.061540 -0.059714 -0.215961 -0.203096 0.126391 -0.401133 0.109360 -0.281626 0.125003 -0.050379 0.255013 -0.056703 -0.313897 0.157513 -0.367031 0.343853 0.193204 0.026758 0.281807 0.232305 0.035881 0.017708 -0.219621 -0.189315 -0.209400 0.043808 0.073797 0.126633 -0.236656 0.031618 0.173646 0.007623 0.292808 -0.055979 -0.159056 0.110484 -0.149571 -0.128223
-0.018482 -0.594925 0.161175 0.022095 0.333363 0.415798 -0.245164 0.036137 -0.025650 0.065775 -0.431316 -0.610456 -0.159441 -0.570705 -0.211973 -0.510454 -0.252191 -0.347409 -0.074181 -0.023036 0.380139 0.366962 0.472387 0.506106 0.511459 1.000000 0.411189 0.498129 -0.291210 -0.320331 0.591624 0.699120 -0.151787 -0.024053 0.151647 0.427819 -0.264469 -0.218848 0.108700 -0.075699 -0.194171 -0.113436 0.109424 0.169830 -0.070391 0.203682 0.285380 0.545397 -0.007708 -0.009751 0.108769 -0.178790 0.180220 0.126471 0.047061 -0.037571 0.241605 0.077024 -0.136860 -0.242975 -0.352154 -0.439396 -0.257459 -0.425045 0.101995 0.039288 0.041338 0.385395 0.016654 0.326085 0.265841 0.107936 -0.434888 -0.192318 -0.274903 -0.349606 -0.290568 0.023297 0.134269 -0.122793 -0.227921 -0.321441 -0.164669 -0.021863 -0.284559 -0.019425 -0.090609 0.075951 -0.229480 0.104199 -0.220546 0.011805 -0.102037 -0.013996 0.233914 -0.182995 0.124424 0.032304 -0.071207 -0.031393 -0.000293 -0.171097 -0.068080 -0.012645 0.004215 0.203742 -0.272027 0.023590 -0.098923 -0.173521 0.206925 -0.147211 -0.254022 0.059813 -0.193457 -0.124463
-0.093284 -0.424534 0.646679 -0.296132 0.403233 -0.145271 0.104181 -0.364450 0.160174 -0.380783 0.194298 -0.552098 0.261926 -0.456961 0.285012 -0.361714 -0.347997 -0.436324 0.094677 -0.068505 0.168191 0.165416 0.758392 0.383586 0.860061 0.411189 1.000000 0.768907 -0.306430 -0.532073 0.421410 0.089736 -0.270297 -0.247354 0.347825 0.226210 -0.091902 -0.285188 0.198156 0.035696 -0.232033 -0.008187 -0.016464 0.160385 -0.411925 -0.333045 -0.048980 0.350919 0.292006 -0.184871 0.392206 -0.115724 0.233988 0.018178 0.391493 0.111019 0.109349 0.261806 -0.012790 -0.388814 0.011616 -0.463573 -0.458005 -0.636026 0.490650 -0.071494 -0.277995 0.016280 0.029734 0.039017 0.349938 0.121729 -0.369334 -0.176695 -0.189768 -0.181677 -0.049765 0.169049 -0.132280 -0.099251 -0.310118 -0.290998 0.146901 -0.460336 0.148590 -0.340874 0.232347 0.037030 0.343906 -0.046249 -0.275492 0.242299 -0.304567 0.527806 0.248638 -0.032545 0.355398 0.171450 0.113471 0.082056 -0.168980 -0.072042 -0.186521 0.129929 0.157078 0.117997 -0.307461 -0.035224 0.100209 0.022657 0.438139 0.053717 -0.133631 0.181871 -0.152314 -0.195119
-0.151925 -0.513089 0.441381 0.047860 0.302129 0.108800 -0.086057 -0.029893 0.174588 -0.103341 -0.044857 -0.555045 0.193241 -0.319986 0.215142 -0.399284 -0.358987 -0.531928 -0.046793 -0.173204 0.242227 0.333453 0.628392 0.517523 0.604733 0.498129 0.768907 1.000000 -0.421138 -0.528137 0.384585 0.226236 -0.313607 -0.255132 0.274271 0.254061 -0.118622 -0.243764 0.042948 0.060855 -0.281699 0.019116 0.096556 0.132577 -0.466634 -0.213502 0.022055 0.430111 0.172523 -0.152061 0.359505 -0.099090 0.337470 0.091053 0.250990 0.106051 0.185615 0.146468 -0.087143 -0.323863 -0.060200 -0.367429 -0.524039 -0.635118 0.318958 0.114268 -0.303260 0.071000 0.025686 0.100462 0.426452 0.267018 -0.477104 -0.122518 -0.232010 -0.193477 -0.176536 0.209656 -0.173764 -0.232072 -0.375934 -0.489088 0.073742 -0.298167 -0.074136 -0.221218 0.062896 0.133623 0.117375 0.072091 -0.187596 0.110565 -0.058930 0.400152 0.370735 -0.236305 0.345262 0.147805 0.068692 0.055884 -0.014159 -0.009980 -0.152333 0.082446 0.141244 0.209343 -0.204526 0.010141 0.033338 -0.092733 0.311178 0.016196 -0.157808 0.280173 -0.112868 -0.242175
0.029829 0.009764 -0.291111 -0.217210 -0.115334 -0.238916 -0.033874 -0.179902 -0.302129 -0.182033 0.002674 0.067170 -0.350518 -0.004607 -0.031226 0.241624 0.547941 0.369578 0.003505 0.096710 0.191317 0.138439 -0.282584 -0.393570 -0.153366 -0.291210 -0.306430 -0.421138 1.000000 0.573617 0.034402 0.023981 0.038459 -0.146373 -0.171759 -0.196872 0.154525 0.448531 0.272355 0.199161 0.282198 0.415096 -0.291816 -0.331948 0.063319 -0.084544 0.003662 -0.271669 -0.223901 -0.086623 -0.320978 0.086070 0.055814 0.085395 0.158200 0.092961 -0.119934 -0.213825 0.034917 0.098670 0.014911 -0.054208 0.273526 0.237841 -0.277149 -0.329571 0.084969 -0.316380 0.103636 0.290111 -0.082966 -0.199448 0.382899 0.217908 0.185432 0.216434 0.051184 0.050558 0.467217 0.131984 0.469396 0.437744 0.422187 0.545250 0.194000 0.336932 0.094065 -0.082721 0.193231 0.069291 -0.038471 -0.107408 -0.246276 -0.089172 0.088808 0.120079 0.127869 0.111552 -0.130021 0.028687 -0.194217 0.241080 -0.195115 -0.163943 -0.464815 -0.194419 0.261745 -0.069938 0.196015 0.208477 -0.283589 -0.241209 -0.086049 -0.414545 0.086585 0.042731
0.193760 0.341060 -0.502065 -0.143032 -0.267542 -0.091924 -0.183444 -0.090316 -0.488860 -0.015052 -0.033776 0.352579 -0.312961 0.168273 -0.295263 0.469436 0.507203 0.677346 -0.179462 0.048465 0.031393 -0.035355 -0.603884 -0.581376 -0.492378 -0.320331 -0.532073 -0.528137 0.573617 1.000000 -0.284031 -0.138287 0.179619 -0.004562 -0.144567 -0.178779 0.181249 0.437490 -0.008414 0.211383 0.299922 0.366524 -0.154509 -0.205043 0.328927 0.172389 0.154747 -0.245898 -0.113012 0.179791 -0.263826 0.236090 -0.043489 0.176641 -0.136608 0.090102 0.009480 -0.294397 0.020974 0.306501 0.023192 0.154314 0.530944 0.572289 -0.525149 -0.275680 0.317722 -0.205227 0.135049 0.023465 -0.222744 -0.121159 0.460509 0.304270 0.262851 0.261745 0.077155 0.014459 0.269293 0.177350 0.418928 0.506088 0.046471 0.628584 -0.091387 0.253043 -0.058475 -0.081597 -0.126021 0.017438 0.083603 -0.195852 -0.077817 -0.382766 0.022422 0.127281 -0.008749 0.038433 -0.077500 0.066913 0.165653 0.375552 -0.030607 -0.234807 -0.438965 -0.255239 0.251506 -0.152435 0.031437 0.203258 -0.310968 -0.069084 -0.053477 -0.417283 0.142543 0.084644
-0.241534 -0.613830 0.246425 0.056600 0.336642 0.021530 0.057326 0.135159 0.037161 -0.154079 -0.247044 -0.493278 -0.251214 -0.348288 -0.003209 -0.286231 -0.166877 -0.366730 0.110611 -0.186326 0.376250 0.354765 0.517043 0.467263 0.576569 0.591624 0.421410 0.384585 0.034402 -0.284031 1.000000 0.621746 -0.166761 0.015097 0.142405 0.423849 -0.128788 -0.197680 0.014713 -0.145405 -0.156099 -0.052182 -0.115782 0.102350 -0.021662 0.086321 0.008891 0.228307 0.003370 0.051462 0.063454 0.063583 0.033069 -0.006407 0.154659 -0.171180 -0.025325 -0.055490 -0.123215 -0.248306 -0.344238 -0.393712 -0.238559 -0.360474 0.176941 -0.070747 -0.183556 0.181883 -0.115325 0.174579 0.287503 0.267802 -0.096648 0.031497 -0.221468 -0.172876 -0.132669 0.051513 0.129246 -0.143230 -0.182100 -0.124639 0.295328 -0.038488 -0.056648 -0.016641 -0.031628 0.045435 0.018530 -0.132261 -0.242069 -0.112389 -0.121936 0.101955 0.045337 0.114148 0.101917 -0.001167 -0.166168 -0.039484 0.007601 -0.176616 -0.146881 -0.000708 0.020302 0.045424 -0.147690 -0.016111 -0.013297 0.016865 0.072638 -0.080068 -0.230795 0.124314 -0.044003 -0.163794
-0.264503 -0.554226 -0.005836 0.258085 0.195319 0.345128 -0.177927 0.297931 0.031664 0.220053 -0.370351 -0.273056 -0.231533 -0.193554 -0.146193 -0.191262 -0.105761 -0.294208 -0.050547 -0.116136 0.470875 0.481923 0.205314 0.421535 0.237130 0.699120 0.089736 0.226236 0.023981 -0.138287 0.621746 1.000000 -0.201905 0.061908 0.047472 0.269394 -0.100274 -0.214296 0.119335 -0.144337 -0.152279 -0.128484 0.076015 0.196483 0.065483 0.274929 0.282911 0.328180 -0.148877 -0.044556 -0.110757 -0.207780 0.148386 0.021328 -0.099394 -0.128504 -0.109043 -0.256871 -0.147372 -0.140701 -0.397383 -0.270252 -0.133143 -0.213952 -0.014842 0.090669 -0.069078 0.282529 -0.049842 0.343081 0.191790 0.249193 -0.273116 -0.088365 -0.248162 -0.149308 -0.264122 -0.151083 0.195123 -0.040533 -0.082292 -0.190216 0.027427 0.172753 -0.116805 0.224660 -0.005946 0.108646 -0.226419 0.073201 -0.208259 -0.178951 0.049672 -0.063682 0.126594 -0.028762 0.019230 -0.011742 -0.282487 -0.178386 0.027494 -0.177139 -0.084087 -0.220551 -0.164027 0.131692 -0.237367 0.244292 -0.109120 -0.016864 0.150600 -0.105387 -0.264750 -0.080583 0.097607 0.027757
0.461796 0.224990 -0.337441 -0.280724 -0.402040 -0.287428 -0.138376 -0.268730 -0.227665 -0.239323 -0.023479 0.011509 -0.174765 -0.153478 -0.332427 -0.042895 0.192184 0.276190 0.129124 0.433915 -0.039280 -0.203901 -0.161454 -0.425002 -0.260022 -0.151787 -0.270297 -0.313607 0.038459 0.179619 -0.166761 -0.201905 1.000000 0.502548 0.013498 -0.124784 0.252597 0.114469 -0.059684 -0.055311 0.322388 0.093261 0.035617 -0.077921 0.291554 0.090247 0.085509 0.123593 -0.064695 0.415549 -0.378820 0.178421 -0.414449 0.082348 -0.164694 0.030249 0.332325 0.244129 -0.132954 0.006901 -0.224481 -0.094665 0.264457 0.218508 -0.308788 -0.360451 0.142561 -0.092992 0.204469 0.080931 -0.231885 -0.166113 0.308745 0.310095 0.192622 0.141881 0.228694 0.009991 0.203749 0.172528 0.284674 0.359273 -0.197401 0.058872 -0.306437 -0.238439 -0.217430 0.029594 -0.251783 -0.297697 0.354884 0.207622 -0.053830 -0.121198 -0.193470 -0.070296 -0.102290 -0.044863 0.260852 0.247618 0.052073 0.221912 0.330529 0.286453 0.099365 0.057522 0.179018 -0.047847 -0.076863 -0.171963 0.086237 0.308515 0.310996 0.061738 -0.154467 0.084097
0.310176 0.188609 -0.101980 0.130431 -0.056074 -0.057674 0.204823 0.089589 -0.142990 0.008834 -0.175034 0.097405 -0.210552 -0.115415 -0.394026 -0.224956 0.046215 0.053579 0.252651 0.408600 -0.045867 -0.214372 -0.072075 0.031080 -0.193675 -0.024053 -0.247354 -0.255132 -0.146373 -0.004562 0.015097 0.061908 0.502548 1.000000 -0.217903 -0.087874 0.076725 -0.151180 -0.108783 -0.290031 0.036407 -0.322083 0.032539 0.147734 0.334479 0.184794 0.004719 0.095169 -0.139688 0.311465 -0.278222 0.134627 -0.239719 -0.003810 -0.344489 -0.116880 0.110401 0.125586 0.034340 0.030944 -0.154459 -0.019346 0.324658 0.228055 -0.151432 -0.120930 -0.067727 0.040535 0.047994 0.056287 0.030219 0.068324 0.253950 0.183098 0.133590 0.119848 0.210408 -0.043495 0.030366 -0.030098 0.008976 0.096768 -0.160395 -0.146600 -0.109691 -0.231416 -0.020692 0.067703 -0.204280 -0.237628 0.258312 -0.099627 -0.027406 -0.125353 -0.496260 0.016705 -0.322073 -0.321710 0.163728 0.199467 0.133007 0.038850 0.367246 0.233412 0.099832 0.019720 0.168188 0.307128 -0.252896 -0.339029 0.076627 0.465625 0.416989 0.258230 0.075383 0.062201
-0.154150 -0.317275 0.151168 -0.234242 0.104587 -0.141738 0.039998 -0.264219 -0.070090 -0.199770 0.270669 -0.284543 0.041724 -0.128936 0.015392 -0.062495 -0.376982 -0.204875 -0.042483 -0.272901 0.080641 -0.021036 0.325841 0.098495 0.278634 0.151647 0.347825 0.274271 -0.171759 -0.144567 0.142405 0.047472 0.013498 -0.217903 1.000000 0.383499 0.164196 -0.161055 -0.110530 0.101057 0.115896 0.174203 0.177441 0.200228 0.055452 0.198746 0.041199 0.215192 0.125900 -0.095223 0.050546 -0.188447 -0.082380 0.066293 0.078244 0.079451 -0.101714 -0.115385 0.126952 -0.206020 0.019326 -0.197221 -0.180277 -0.326611 0.267408 0.087526 -0.001866 0.333224 -0.020534 -0.198906 0.112906 -0.007586 -0.041205 0.019279 0.085532 0.112292 0.097650 0.234164 -0.189661 -0.211970 -0.289474 -0.129672 -0.072387 -0.150320 0.022953 -0.191106 -0.068481 0.295506 0.220409 -0.051916 -0.318158 0.054666 -0.102272 0.308481 0.087775 0.016409 0.079840 0.053049 -0.230760 -0.187262 0.030808 0.006540 -0.231689 -0.016236 0.091354 0.063274 -0.034700 -0.138032 0.104822 0.007530 0.291094 -0.180072 -0.262027 -0.108483 -0.076708 -0.025844
-0.160685 -0.361962 -0.029069 -0.036955 0.314676 0.087605 0.036210 0.053565 0.064548 0.083136 -0.084504 -0.286064 0.025830 -0.090846 0.039989 -0.206531 -0.316425 -0.206288 -0.263305 -0.418141 -0.113777 -0.076977 0.344581 0.268661 0.289164 0.427819 0.226210 0.254061 -0.196872 -0.178779 0.423849 0.269394 -0.124784 -0.087874 0.383499 1.000000 -0.078936 -0.106527 -0.161953 -0.186437 -0.171692 -0.154898 -0.001119 0.147333 0.203131 0.484610 -0.093099 0.213940 -0.023386 -0.033973 0.196351 -0.079810 -0.009389 0.160133 0.054940 -0.180069 0.069015 0.109769 0.193475 -0.113877 -0.068915 -0.000435 -0.037133 -0.237302 0.240044 0.329987 -0.046316 0.468752 -0.168217 -0.171083 0.054195 0.006986 -0.113631 0.066063 -0.023761 -0.159205 0.082643 0.146444 -0.136766 -0.109210 -0.312952 -0.202722 -0.235863 -0.220898 -0.072368 -0.062559 -0.196639 -0.045544 -0.074103 -0.078245 -0.240326 -0.076845 0.115632 0.030910 -0.231908 0.026914 -0.246718 -0.285763 -0.298993 -0.026076 0.087550 -0.098370 -0.090632 -0.179545 0.029918 -0.175082 -0.045006 -0.136053 -0.299436 -0.109566 -0.040552 0.113450 -0.203759 0.097318 -0.291168 -0.302223
