1.000000 0.355177 0.178987 0.127009 -0.115344 -0.328669 0.283550 0.059230 -0.122623 -0.141378 0.511071 0.169612 0.369172 0.144887 0.188725 0.192816 0.399723 0.060114 0.621031 0.306902 -0.040668 -0.018880 -0.055389 -0.136638 -0.004217 -0.182198 0.152189 0.034323 0.275498 0.033435 0.091476 -0.054549 0.145270 0.080681 0.096168 -0.044667 -0.450905 -0.388803 -0.272283 -0.375671 -0.200199 -0.322744 -0.055928 0.060597 -0.028709 -0.158548 -0.035929 -0.216493 -0.211564 -0.060999 -0.273295 -0.292247 -0.004356 -0.184166 -0.024570 -0.034224 0.381299 0.093211 0.261032 -0.003433 0.376526 0.212786 0.187048 0.126225 0.069277 0.036608 0.066096 -0.403027 0.143007 0.007583 -0.022355 -0.242157 0.016119 -0.072490 -0.040095 0.081198 -0.243134 -0.427622 -0.036508 -0.259338 0.115525 -0.118045 0.220352 -0.203926 0.204603 -0.152203 0.172250 -0.218114 0.384435 0.038130 -0.315820 -0.159811 -0.156042 -0.092665 -0.158014 -0.100184 -0.140956 -0.047890 -0.203130 -0.130502 -0.350374 -0.023463 -0.292071 -0.198621 -0.260164 -0.129397 -0.023958 0.059711 -0.091488 -0.324494 -0.329207 -0.194683 0.050065 -0.030855 -0.068436 -0.235803
0.355177 1.000000 0.009264 0.128456 -0.059603 0.103486 0.089954 0.203248 -0.022941 0.038432 0.023503 0.031521 -0.094867 -0.048929 -0.255132 -0.199970 0.277182 0.445440 0.345844 0.568433 -0.124339 -0.133179 -0.284201 -0.212706 -0.284831 -0.294217 -0.321290 -0.255934 0.087544 0.283800 0.054429 -0.105588 0.445820 0.417286 -0.107927 -0.186247 -0.245350 -0.331909 -0.253919 -0.354031 -0.035688 -0.312149 0.060474 -0.130682 -0.131653 -0.175550 -0.081956 -0.239258 0.020953 -0.067791 -0.187625 -0.140580 0.066629 -0.024001 0.048601 -0.044120 0.354025 0.610701 -0.025287 0.075427 0.052687 0.140022 0.146297 0.338251 -0.108600 0.104738 0.106263 -0.171649 0.487064 0.469892 -0.231926 -0.372190 0.129734 -0.017887 -0.158853 -0.102298 -0.135085 -0.296170 -0.120640 0.088078 -0.039955 -0.025407 -0.027066 -0.193451 -0.191825 -0.348508 -0.163573 -0.358963 -0.015305 0.087867 -0.206608 -0.335917 -0.290100 -0.250519 -0.227583 -0.007980 0.170092 0.180014 -0.134290 -0.100159 -0.145052 -0.160236 -0.049018 -0.037811 -0.065275 0.020792 0.182805 0.045065 0.078407 -0.122040 -0.127988 0.132626 0.174853 0.125898 -0.057753 -0.200360
0.178987 0.009264 1.000000 0.418317 0.159581 0.138842 0.571724 0.650555 0.260498 0.272235 0.256569 0.187702 0.417522 0.371786 -0.021484 0.275569 0.060951 -0.133073 -0.047508 -0.352912 -0.046929 -0.167607 0.198890 -0.067683 -0.018449 0.009904 -0.003857 0.228481 -0.259183 -0.338181 -0.185761 -0.297779 -0.104418 -0.199206 -0.177117 0.058147 -0.466848 -0.393866 -0.347028 -0.346178 -0.362705 -0.396540 -0.081313 -0.063958 -0.215113 -0.253406 -0.254966 -0.207353 -0.360906 -0.298053 0.188507 -0.375315 -0.258116 0.011801 -0.065488 -0.333008 -0.203259 -0.249758 0.193673 -0.098575 0.662563 0.597394 -0.051038 0.239901 0.440813 0.645891 0.113232 0.143068 -0.342661 -0.218080 -0.015284 -0.078144 -0.336751 -0.280024 -0.378454 -0.047991 -0.190921 -0.273023 -0.316567 -0.382096 -0.391413 -0.320932 -0.119515 -0.380500 -0.035022 -0.045782 -0.123595 -0.186037 0.332147 0.236208 0.111128 0.119666 0.234162 0.251161 -0.059304 0.101618 -0.331636 0.038239 -0.230228 -0.129533 0.125204 -0.119923 -0.087590 -0.030849 -0.091897 0.121837 -0.004823 0.175981 -0.127209 -0.055770 -0.242140 -0.122037 0.122110 -0.181605 0.107575 -0.028872
0.127009 0.128456 0.418317 1.000000 -0.189869 0.452435 0.203237 0.588260 0.128661 0.121763 0.134967 0.321699 0.114627 0.337988 0.041926 0.333427 0.147074 -0.009395 0.184957 -0.107727 -0.003544 -0.055803 -0.015777 0.002035 0.088167 0.287381 0.000917 0.356698 0.021657 -0.120781 -0.121499 -0.047116 -0.018135 0.124718 -0.121440 0.212222 -0.212776 -0.229714 -0.403745 -0.150265 -0.087500 -0.348878 0.054873 -0.139026 -0.165222 -0.194548 0.002451 -0.214462 -0.403407 -0.291287 0.080820 -0.422998 0.047415 0.200847 -0.136170 -0.301190 -0.163465 -0.110289 -0.148972 -0.211592 0.264455 0.316923 0.105077 0.144312 0.159600 0.433106 -0.044571 -0.034555 -0.229804 -0.220568 0.048360 -0.030549 -0.164683 -0.215368 -0.269153 0.007025 -0.191837 -0.169095 -0.050207 -0.105944 -0.049283 -0.107520 0.081734 -0.224651 0.063144 0.015799 0.223514 -0.148516 0.253754 0.179401 0.163585 -0.178785 0.365310 -0.105139 -0.091161 0.134001 -0.437602 -0.118198 -0.219850 -0.167782 0.135161 -0.238630 -0.023982 -0.196437 -0.207576 -0.203756 0.050872 0.001889 -0.117365 -0.098023 -0.248196 -0.094571 0.130065 -0.175010 -0.084074 -0.157637
-0.115344 -0.059603 0.159581 -0.189869 1.000000 0.126797 0.220083 -0.006015 0.259857 0.333528 0.173699 0.141796 0.241427 0.180223 0.155473 0.218960 -0.354475 -0.347850 -0.266952 -0.144904 -0.219914 -0.026642 0.235971 0.151824 -0.048739 -0.237745 0.112048 -0.038746 -0.278150 -0.169963 -0.236904 -0.222260 -0.304833 -0.301622 0.058831 0.148031 -0.279224 -0.191559 -0.011494 -0.217447 -0.431794 -0.063509 0.226180 0.121817 0.080077 0.065648 0.145299 0.245693 0.104013 0.069273 0.265238 0.238061 0.165299 0.243980 0.041837 0.131846 -0.177288 -0.016069 0.045595 -0.005710 0.051004 0.063331 -0.389100 -0.404434 0.339794 0.126262 -0.174671 0.222480 -0.096167 0.044917 0.051878 -0.103509 -0.401824 -0.128690 -0.047118 -0.024575 -0.153352 -0.008130 -0.242391 -0.321073 -0.226722 -0.386326 -0.232373 -0.118794 -0.038069 0.064685 -0.246403 -0.115324 0.046246 0.219951 0.221779 0.212457 -0.004961 0.061241 -0.218481 0.032854 -0.008957 -0.023928 0.013209 -0.144815 -0.067439 -0.141455 -0.139589 -0.009444 -0.030858 -0.048071 -0.081327 -0.079990 -0.121531 -0.117645 0.016089 -0.027991 0.006567 -0.030703 0.082479 -0.025352
-0.328669 0.103486 0.138842 0.452435 0.126797 1.000000 0.186392 0.574127 0.121872 0.499220 -0.210174 0.160048 -0.013425 0.382214 -0.298944 0.111517 -0.170936 -0.089494 -0.314802 -0.115937 -0.264529 -0.028972 -0.296205 -0.293777 -0.293134 0.067763 -0.381720 0.080602 -0.275933 0.052969 -0.418668 -0.261795 0.005455 0.068695 -0.154312 0.151129 0.015073 -0.045380 -0.098282 0.027453 -0.109807 0.043663 0.073253 -0.245820 -0.149773 -0.113212 0.002030 -0.017250 -0.047694 -0.242453 0.100110 -0.037524 0.166555 0.232853 -0.073522 -0.220574 -0.285679 -0.009736 -0.074593 -0.025758 0.087661 0.275436 0.054842 0.087945 -0.074980 0.363699 -0.145739 0.255292 -0.212987 -0.187067 0.057915 0.032838 -0.066411 -0.081372 -0.152531 -0.130138 0.085858 0.251959 -0.101442 -0.044878 -0.184865 -0.196731 -0.224486 0.058838 -0.277145 -0.093188 -0.154317 -0.090365 -0.250460 0.224187 0.371838 0.027195 0.236585 -0.047841 -0.143981 0.053341 -0.039467 -0.149359 -0.013605 -0.013820 0.366342 0.033325 0.215723 0.075091 -0.001857 -0.061190 0.146500 -0.014371 -0.035359 0.074430 0.127669 0.119445 0.135965 -0.080692 -0.053269 0.017442
0.283550 0.089954 0.571724 0.203237 0.220083 0.186392 1.000000 0.458118 0.390197 0.518031 0.363644 0.404829 0.569946 0.372595 0.136062 0.212185 0.040445 -0.184984 0.135027 -0.088284 -0.188967 -0.409799 0.171400 -0.093042 -0.426594 -0.498803 -0.131422 -0.176417 -0.047657 0.079166 -0.225634 -0.395631 0.001973 -0.119544 -0.092930 -0.252295 -0.327825 -0.347852 -0.349189 -0.513753 -0.239292 -0.391735 -0.255784 -0.209219 -0.267795 -0.409530 -0.269453 -0.205066 -0.047101 -0.199405 0.135898 -0.043227 -0.002488 0.011791 0.075767 -0.117872 -0.084798 -0.070036 0.237384 -0.013914 0.610604 0.474840 0.076178 0.218515 0.502461 0.349552 -0.016306 -0.233940 -0.087524 -0.081220 0.104233 -0.215863 -0.091567 -0.290683 -0.313700 -0.057497 -0.197970 -0.285103 -0.262784 -0.433655 -0.500847 -0.467770 -0.208043 -0.176660 -0.042318 0.001007 -0.348280 -0.308625 0.384705 0.364154 0.199614 0.250628 0.165617 0.264514 -0.212070 -0.013632 -0.301485 0.042530 -0.015222 0.142192 0.042218 0.035167 0.071346 0.041729 -0.076448 0.108907 0.001520 0.218998 -0.263236 -0.216493 -0.282459 0.002941 0.270844 -0.140468 0.010780 -0.172967
0.059230 0.203248 0.650555 0.588260 -0.006015 0.574127 0.458118 1.000000 -0.004512 0.441969 0.169409 0.437452 0.275364 0.575703 -0.296171 0.084619 0.043261 -0.002066 -0.150230 -0.251266 -0.264661 -0.164839 -0.358304 -0.428490 -0.338174 -0.109797 -0.409354 0.036605 -0.294324 -0.088237 -0.418697 -0.420241 0.066513 0.011843 -0.294003 0.013598 -0.272057 -0.248803 -0.282420 -0.205335 -0.258468 -0.213849 -0.146653 -0.375482 -0.291216 -0.282742 -0.292477 -0.351265 -0.262895 -0.415019 0.144148 -0.299299 -0.090803 0.047499 -0.137313 -0.450568 -0.249826 -0.150328 0.171764 0.060463 0.589529 0.702063 0.142086 0.410217 0.117553 0.749242 0.212002 0.250883 -0.199106 -0.070922 -0.017938 -0.116376 -0.250882 -0.245768 -0.379188 -0.149841 -0.159630 -0.104262 -0.389674 -0.323795 -0.331374 -0.312194 -0.124981 -0.098847 -0.239422 0.079934 -0.151057 -0.131091 -0.039384 0.348153 0.195339 -0.015815 0.291065 0.041416 -0.096148 0.118211 -0.294111 -0.048110 -0.314993 -0.074250 0.308942 -0.017618 0.202751 0.053923 0.064649 0.028016 0.279221 0.037504 0.014680 -0.003765 -0.114024 -0.056402 0.190383 -0.068557 0.125672 -0.080888
-0.122623 -0.022941 0.260498 0.128661 0.259857 0.121872 0.390197 -0.004512 1.000000 0.081146 0.048145 -0.050535 0.278469 0.152544 0.265083 0.334488 0.018498 -0.030501 -0.026368 -0.193007 -0.135044 -0.397310 0.529716 0.182991 0.029828 -0.112891 0.102982 -0.091485 -0.138644 -0.095494 -0.127971 -0.268658 -0.158141 -0.175223 0.080831 0.098896 -0.250342 -0.319512 -0.251981 -0.358667 -0.124265 -0.353764 0.090014 0.125644 0.065125 -0.020386 0.133022 0.137437 0.156079 0.137396 0.352807 0.145180 0.236680 0.185011 0.281175 -0.003687 -0.090518 0.053878 -0.056642 -0.141582 0.265435 0.179609 0.001044 0.048192 0.480309 0.248960 -0.220774 -0.122537 -0.240279 -0.185666 0.177515 -0.040983 -0.108731 -0.187820 -0.081459 -0.083529 -0.171415 -0.234577 -0.136189 -0.118725 -0.389576 -0.247282 -0.327225 -0.352918 0.044326 -0.229386 -0.174140 -0.447156 0.388832 0.217695 0.276522 0.118278 0.065044 0.153666 -0.183639 0.033090 -0.120782 -0.003605 0.144064 -0.145763 -0.067729 -0.187828 -0.291260 -0.136427 -0.253726 0.145016 -0.214487 0.143888 -0.285931 -0.192133 -0.099271 0.045186 0.002797 -0.110249 -0.027869 -0.035019
-0.141378 0.038432 0.272235 0.121763 0.333528 0.499220 0.518031 0.441969 0.081146 1.000000 -0.027997 0.201702 0.195797 0.187284 -0.281133 -0.023947 -0.325061 -0.445122 -0.328699 -0.198213 -0.322896 -0.230703 -0.115848 -0.286781 -0.489451 -0.380410 -0.352672 -0.132355 -0.301457 0.104913 -0.392374 -0.461813 0.063715 -0.115273 -0.171835 -0.058335 -0.012115 0.041918 -0.042210 -0.100491 -0.090005 0.066352 -0.175317 -0.266884 -0.257959 -0.326006 -0.133573 -0.021049 0.061962 -0.278175 0.025544 0.093472 0.036865 -0.000934 -0.157303 -0.091741 -0.217820 -0.042283 0.194129 0.137296 0.280394 0.404240 -0.221370 0.117315 0.220038 0.351151 -0.129397 0.134936 -0.109462 0.035452 0.062653 -0.125227 -0.190831 -0.097111 -0.229940 0.055267 0.057611 0.172702 -0.318319 -0.344504 -0.430851 -0.484281 -0.364365 0.017278 -0.406315 -0.157457 -0.409367 -0.096360 -0.064685 0.215487 0.362069 0.392076 0.359885 0.349634 -0.156275 0.177959 -0.014688 0.120915 0.106347 0.272888 0.392715 0.209858 0.389143 0.381860 0.245810 0.221644 0.126759 0.172240 -0.000359 0.137776 0.087632 0.244337 0.403351 -0.112453 0.165462 0.181986
0.511071 0.023503 0.256569 0.134967 0.173699 -0.210174 0.363644 0.169409 0.048145 -0.027997 1.000000 0.458309 0.737572 0.382580 0.487910 0.211967 0.318256 0.029649 0.282154 0.009321 -0.060965 -0.105112 0.183567 -0.003903 -0.039278 -0.319537 0.213600 -0.025420 0.283617 -0.021555 -0.087153 -0.097685 -0.142598 -0.005281 0.088760 -0.043837 -0.312181 -0.331699 -0.132443 -0.244939 -0.148024 -0.370994 -0.095553 -0.055070 -0.021598 -0.174590 -0.091509 -0.350404 -0.185994 -0.122052 0.088621 -0.108426 0.069968 0.071687 -0.035413 -0.084152 0.018844 -0.092331 0.130813 -0.102995 0.239569 0.169324 -0.028098 -0.074262 0.253710 0.095447 -0.003388 -0.287993 -0.035523 -0.016778 -0.102707 -0.114630 -0.087753 -0.110804 0.000291 0.127278 -0.132062 -0.296891 0.065398 -0.145772 0.002968 -0.091984 0.387157 -0.123816 0.387455 0.038436 0.297436 0.016143 0.454766 0.169590 -0.044706 0.054614 -0.028315 0.064806 -0.027205 -0.055527 -0.235700 -0.242979 -0.165437 -0.075124 -0.211780 -0.094565 -0.255897 -0.339419 -0.333342 -0.369567 0.099062 -0.180838 -0.227279 -0.342438 -0.290415 -0.176558 0.059321 -0.121495 -0.123407 -0.079044
0.169612 0.031521 0.187702 0.321699 0.141796 0.160048 0.404829 0.437452 -0.050535 0.201702 0.458309 1.000000 0.361149 0.539672 0.271652 0.365730 0.001336 -0.128951 0.090878 -0.074603 0.060061 -0.062928 -0.045087 0.017301 -0.157854 -0.280086 -0.026304 -0.129938 0.184951 0.258282 -0.043587 -0.014376 -0.030226 0.086414 -0.027186 -0.020797 -0.020583 -0.118727 -0.220425 -0.316850 -0.012670 -0.372862 -0.093566 -0.198192 -0.111463 -0.145661 -0.055203 -0.215822 -0.111471 -0.193741 0.191243 -0.087820 0.171110 0.075756 0.018921 -0.124284 -0.303652 -0.356982 -0.059744 -0.234189 0.221410 0.124161 0.048895 -0.080792 0.214010 0.168298 0.054298 -0.084787 -0.096450 -0.103596 -0.029456 -0.104169 0.013671 -0.143839 -0.037119 0.010577 0.038200 -0.054191 -0.018997 -0.178166 -0.051645 -0.184428 0.129982 -0.094408 0.025648 0.437346 0.070950 0.005454 0.140773 0.250656 0.014078 -0.054970 0.092459 -0.154327 -0.193935 0.048748 -0.311098 -0.004372 -0.096100 0.073879 -0.068072 -0.234745 -0.084084 -0.198598 -0.141979 -0.180634 -0.008091 -0.104914 -0.150993 -0.124661 -0.216511 -0.066367 0.074959 0.034286 0.059066 -0.146699
0.369172 -0.094867 0.417522 0.114627 0.241427 -0.013425 0.569946 0.275364 0.278469 0.195797 0.737572 0.361149 1.000000 0.575821 0.367417 0.344179 0.256700 -0.035409 0.143373 -0.162465 -0.180042 -0.278223 0.176490 -0.271749 -0.177420 -0.304273 0.044399 -0.061890 0.073230 -0.082792 -0.276169 -0.283697 -0.011635 0.030781 0.141103 0.180229 -0.291631 -0.283963 -0.099553 -0.353578 -0.236705 -0.367393 -0.069446 -0.033787 0.048085 -0.130971 -0.163921 -0.176591 -0.175055 -0.128113 0.031157 -0.274248 -0.100187 -0.055255 0.032354 -0.273603 -0.078194 -0.137664 0.142968 -0.177678 0.583242 0.428755 -0.028331 -0.006355 0.384316 0.326901 -0.093648 -0.257383 -0.143814 -0.133811 0.059618 -0.051547 -0.072313 -0.126870 0.034810 0.097394 0.003818 -0.160197 0.073281 -0.265991 -0.130174 -0.155769 0.131050 -0.317444 0.181890 -0.088124 0.155986 -0.218003 0.390213 0.132624 -0.018589 0.036924 0.085115 0.128339 -0.075909 -0.048667 -0.243633 -0.218906 -0.189254 -0.057668 -0.128549 -0.130275 -0.175113 -0.308719 -0.348212 -0.209863 0.032171 -0.069026 -0.258099 -0.314861 -0.207545 -0.107852 0.141163 -0.058128 -0.004865 -0.047467
0.144887 -0.048929 0.371786 0.337988 0.180223 0.382214 0.372595 0.575703 0.152544 0.187284 0.382580 0.539672 0.575821 1.000000 0.074216 0.522121 0.124530 0.020621 -0.141121 -0.203236 -0.200159 -0.039313 -0.217140 -0.221910 -0.190577 -0.128952 -0.189040 0.007521 0.045881 -0.037685 -0.274143 -0.119525 -0.133364 0.014698 -0.083325 0.144563 -0.081225 -0.135573 -0.155442 -0.175475 -0.130490 -0.206499 0.032820 -0.202338 -0.128025 -0.169245 -0.076052 -0.216162 -0.291331 -0.276103 0.075324 -0.279792 0.089027 0.135057 0.087607 -0.325766 -0.275484 -0.317538 0.048845 -0.231982 0.444602 0.494527 0.076411 0.000926 0.062291 0.434819 -0.145038 0.024783 -0.383062 -0.168842 0.170704 0.132892 -0.052787 -0.145155 -0.043790 -0.144565 -0.009685 -0.015858 0.005632 -0.105212 0.048709 0.022214 0.015749 -0.144535 0.063372 0.140020 0.022977 -0.161008 -0.001104 0.373965 0.150154 -0.122402 0.191128 -0.145435 -0.087950 -0.135499 -0.332731 -0.231063 -0.297111 -0.179811 0.054560 -0.134638 -0.158974 -0.380005 -0.282637 -0.238333 0.093782 -0.072086 -0.199637 -0.307992 -0.218558 -0.245869 -0.147437 -0.134624 -0.005511 -0.101757
0.188725 -0.255132 -0.021484 0.041926 0.155473 -0.298944 0.136062 -0.296171 0.265083 -0.281133 0.487910 0.271652 0.367417 0.074216 1.000000 0.528001 0.210633 -0.033151 0.371595 0.077699 0.319537 0.083932 0.573647 0.444516 0.368505 0.080921 0.616997 0.050514 0.445222 0.024558 0.281773 0.289812 -0.176764 0.002392 0.198046 -0.006738 -0.055406 -0.279234 -0.082466 -0.203777 0.060255 -0.273391 0.034155 0.118174 0.074264 0.017670 0.090138 -0.063698 -0.173699 0.088264 0.063826 -0.069906 0.066361 0.007259 0.112702 0.157991 -0.019073 -0.116448 -0.198481 -0.289417 -0.095190 -0.308520 -0.097558 -0.371501 0.380410 -0.267863 -0.179083 -0.286076 -0.067873 -0.131861 0.132781 0.086328 0.096361 0.026248 0.248851 0.115842 -0.046283 -0.217458 0.275529 0.147206 0.132136 0.132841 0.354867 -0.083177 0.544888 0.113688 0.263582 0.010287 0.622789 0.000964 -0.111556 -0.088006 -0.147419 -0.052528 -0.068164 -0.100710 -0.251994 -0.255882 -0.078598 -0.196188 -0.381051 -0.263639 -0.385325 -0.414846 -0.307925 -0.377879 -0.120094 -0.227187 -0.390032 -0.393606 -0.298022 -0.247473 -0.210108 -0.071089 -0.155316 -0.179909
0.192816 -0.199970 0.275569 0.333427 0.218960 0.111517 0.212185 0.084619 0.334488 -0.023947 0.211967 0.365730 0.344179 0.522121 0.528001 1.000000 0.049330 -0.219336 0.042703 -0.031810 0.176243 0.169553 0.242298 0.309198 0.251816 0.230001 0.320167 0.233857 0.154617 -0.041125 0.111451 0.171595 -0.120783 0.086101 0.138523 0.309714 -0.024986 -0.079422 -0.203492 -0.219914 0.007723 -0.263086 0.166002 0.181758 0.049094 0.078819 0.164791 0.103929 -0.401422 -0.063428 -0.019980 -0.318137 0.164332 0.083426 0.114558 -0.058336 -0.303250 -0.379221 -0.317501 -0.563951 0.165448 -0.016172 -0.090421 -0.383772 0.325643 0.095794 -0.409066 -0.081070 -0.341070 -0.263952 0.293667 0.211329 -0.003794 -0.044720 0.133931 -0.015235 0.116812 -0.011874 0.129824 -0.014165 0.067966 0.023834 -0.113410 -0.364794 0.221530 0.036041 0.107548 -0.252754 0.257549 0.089385 0.035314 -0.154209 -0.002357 -0.195711 -0.165050 -0.123213 -0.283755 -0.088579 -0.112451 -0.217293 -0.286521 -0.325279 -0.505730 -0.454837 -0.367266 -0.137482 -0.262424 0.075014 -0.417684 -0.357880 -0.206947 -0.227276 -0.253835 -0.080128 -0.110541 -0.206637
0.399723 0.277182 0.060951 0.147074 -0.354475 -0.170936 0.040445 0.043261 0.018498 -0.325061 0.318256 0.001336 0.256700 0.124530 0.210633 0.049330 1.000000 0.624812 0.513877 0.242360 0.015863 -0.252100 0.029327 -0.099599 -0.007395 -0.012422 -0.038873 -0.140207 0.533974 0.167872 0.128146 0.057357 0.305102 0.313511 0.041765 -0.093486 -0.221170 -0.367601 -0.219272 -0.211776 0.027746 -0.375046 0.018296 0.003767 -0.069909 -0.160257 -0.073718 -0.397254 -0.284353 -0.031240 -0.220344 -0.310042 -0.164611 -0.056746 0.101563 -0.161898 0.411395 0.299596 0.009503 -0.134254 0.172425 0.063911 0.449218 0.398385 -0.068736 0.005936 0.129806 -0.443131 0.081911 -0.037632 0.041024 -0.099563 0.300799 -0.039058 0.021265 -0.039032 -0.194497 -0.444470 0.407235 0.404603 0.312302 0.331940 0.361919 -0.176325 0.293214 -0.198546 0.297206 -0.126715 0.297050 0.003838 -0.258856 -0.318214 -0.162434 -0.292585 -0.028565 0.070295 -0.247126 -0.279516 -0.318185 -0.226122 -0.225153 -0.191204 -0.192775 -0.307537 -0.402355 -0.195429 -0.041567 -0.043779 -0.120809 -0.386955 -0.450446 -0.261806 -0.181879 0.018549 0.003361 -0.064496
0.060114 0.445440 -0.133073 -0.009395 -0.347850 -0.089494 -0.184984 -0.002066 -0.030501 -0.445122 0.029649 -0.128951 -0.035409 0.020621 -0.033151 -0.219336 0.624812 1.000000 0.363169 0.326803 0.008224 -0.165440 -0.156181 -0.139953 0.014118 0.082618 -0.238569 -0.276511 0.410480 0.373373 0.276626 0.204550 0.431896 0.487493 0.017358 -0.147760 -0.020385 -0.255731 -0.158020 -0.207338 0.105839 -0.226117 0.115918 -0.009025 0.082418 0.044460 -0.033481 -0.240212 0.002869 0.164825 -0.147476 -0.246246 -0.152710 -0.028824 0.202169 -0.079169 0.242034 0.375807 -0.214127 -0.168380 -0.099762 -0.000781 0.371893 0.426030 -0.223136 0.059826 0.150820 -0.311792 0.269095 0.105362 -0.070257 -0.044700 0.477725 0.245080 0.209692 0.018508 -0.019157 -0.248863 0.346288 0.552158 0.304968 0.500495 0.220744 -0.098039 0.203609 -0.146140 0.064882 -0.121898 -0.124393 -0.083493 -0.388284 -0.541781 -0.398577 -0.424022 -0.113571 -0.088719 0.099062 -0.097001 -0.199088 -0.149911 -0.213106 -0.302730 -0.206866 -0.344984 -0.333388 -0.237440 0.023137 -0.216456 -0.093773 -0.154654 -0.198882 -0.021323 -0.187063 0.122619 0.038521 -0.190470
0.621031 0.345844 -0.047508 0.184957 -0.266952 -0.314802 0.135027 -0.150230 -0.026368 -0.328699 0.282154 0.090878 0.143373 -0.141121 0.371595 0.042703 0.513877 0.363169 1.000000 0.482758 0.116581 -0.124033 0.181519 0.057862 0.151891 0.013878 0.201200 -0.079483 0.473825 0.255693 0.324530 0.200129 0.334008 0.305260 0.196610 -0.040291 -0.337461 -0.379929 -0.299369 -0.393253 -0.020033 -0.451591 -0.030763 -0.012725 -0.040518 -0.143952 -0.015925 -0.251393 -0.202858 0.010928 -0.295029 -0.320349 -0.071786 -0.002289 -0.050680 -0.098983 0.448641 0.322787 -0.039784 -0.124431 0.153164 0.010960 0.367924 0.262290 0.089244 -0.116612 0.077844 -0.495614 0.300771 -0.004059 0.020585 -0.123809 0.266291 0.094791 0.156514 0.271583 -0.141706 -0.374814 0.181848 0.020934 0.048802 -0.022409 0.366674 -0.168856 0.314375 -0.227165 0.320032 -0.157857 0.470998 -0.079303 -0.301334 -0.265923 -0.194342 -0.210355 -0.291565 0.102579 -0.294027 -0.074578 -0.115698 -0.124150 -0.383171 -0.188697 -0.182728 -0.185650 -0.251583 -0.216667 -0.077892 -0.038669 -0.030438 -0.179472 -0.363299 -0.151014 0.057411 -0.036429 0.024420 -0.150396
0.306902 0.568433 -0.352912 -0.107727 -0.144904 -0.115937 -0.088284 -0.251266 -0.193007 -0.198213 0.009321 -0.074603 -0.162465 -0.203236 0.077699 -0.031810 0.242360 0.326803 0.482758 1.000000 -0.023392 0.096770 -0.212638 0.150267 -0.147776 -0.114518 -0.057724 -0.214969 0.278168 0.401971 0.174461 0.259880 0.428848 0.544654 0.006882 -0.149262 -0.011692 -0.036096 -0.085021 -0.165650 0.087059 -0.055774 -0.080190 -0.046223 -0.086345 -0.025724 -0.089434 -0.052709 -0.153718 -0.001123 -0.513606 -0.222031 0.070342 -0.122238 -0.082337 0.056094 0.376398 0.480218 -0.230664 -0.121697 -0.244502 -0.253885 0.297569 0.087799 -0.212616 -0.340849 -0.175004 -0.135528 0.553956 0.566562 -0.153195 -0.086488 0.270720 0.150319 0.126912 -0.037063 0.096500 -0.096340 0.193904 0.248308 0.181696 0.131087 0.094752 0.083279 0.013398 -0.314615 -0.007734 -0.211047 -0.031719 -0.043455 -0.180964 -0.248648 -0.486352 -0.252574 -0.114036 -0.103435 0.181804 0.145774 -0.069401 0.021987 -0.294417 0.089380 -0.055143 -0.008467 -0.131972 -0.065909 0.110179 0.068806 0.012554 -0.234061 0.015299 0.117273 -0.053511 0.084470 -0.206143 -0.201776
-0.040668 -0.124339 -0.046929 -0.003544 -0.219914 -0.264529 -0.188967 -0.264661 -0.135044 -0.322896 -0.060965 0.060061 -0.180042 -0.200159 0.319537 0.176243 0.015863 0.008224 0.116581 -0.023392 1.000000 0.223537 0.149790 0.370421 0.351567 0.275875 0.272033 0.030256 0.345349 0.135172 0.668517 0.577739 0.048983 0.166470 -0.047827 -0.119105 0.320644 0.134059 0.124514 0.068391 0.500076 -0.010184 0.006945 0.173531 0.047360 0.139192 0.014016 0.010231 -0.073154 0.156942 -0.196113 -0.035269 0.025129 -0.121628 0.034788 0.203050 -0.124290 -0.230355 -0.146445 -0.157416 -0.217587 -0.444521 -0.075823 -0.193383 -0.180910 -0.425337 -0.022397 -0.190769 0.073615 -0.084867 0.166098 0.268925 0.464541 0.277444 0.270007 0.180422 0.228651 0.120618 0.358004 0.242933 0.138474 0.356547 0.087966 0.042808 0.018488 0.046582 0.047629 0.173898 -0.000310 -0.207858 -0.365877 -0.273440 -0.176932 -0.172922 0.077063 0.036354 -0.097003 0.034946 -0.101448 0.043997 -0.160476 -0.212726 -0.278740 -0.176645 0.005759 -0.038146 -0.282707 0.070102 -0.096940 0.143699 -0.168068 -0.209608 -0.195234 0.013858 -0.049555 -0.057264
-0.018880 -0.133179 -0.167607 -0.055803 -0.026642 -0.028972 -0.409799 -0.164839 -0.397310 -0.230703 -0.105112 -0.062928 -0.278223 -0.039313 0.083932 0.169553 -0.252100 -0.165440 -0.124033 0.096770 0.223537 1.000000 -0.144282 0.231000 0.439599 0.515046 0.228680 0.319438 0.088107 -0.110789 0.210740 0.450526 -0.110006 -0.028805 -0.005072 0.115783 0.361410 0.348022 0.469851 0.526570 0.116187 0.435960 -0.015850 -0.034853 -0.070558 0.046919 -0.072127 0.011372 -0.250976 -0.253945 -0.121062 -0.189731 -0.060989 -0.172132 -0.112300 0.009673 -0.345215 -0.380285 -0.168765 -0.124690 -0.418082 -0.399462 -0.068967 -0.366306 -0.266911 -0.226622 -0.105109 0.248584 -0.124107 0.071531 0.054748 0.451379 0.115327 0.203185 0.197685 0.117870 0.316003 0.410283 0.130315 0.183305 0.358801 0.315456 0.215877 0.242355 0.066698 0.164951 0.209073 0.217689 -0.218088 -0.339184 -0.091926 0.020853 0.041183 0.074919 0.228602 -0.198911 0.294232 0.129260 -0.173684 -0.035678 0.104592 0.192141 -0.024050 0.020806 0.122331 -0.142629 0.159258 -0.294867 0.132195 0.111432 0.332367 -0.079860 -0.227681 0.253009 -0.164396 -0.002826
-0.055389 -0.284201 0.198890 -0.015777 0.235971 -0.296205 0.171400 -0.358304 0.529716 -0.115848 0.183567 -0.045087 0.176490 -0.217140 0.573647 0.242298 0.029327 -0.156181 0.181519 -0.212638 0.149790 -0.144282 1.000000 0.551819 0.483140 0.111759 0.679357 0.192574 0.059498 -0.179528 0.236306 0.069443 -0.302403 -0.256758 0.273543 0.157380 -0.232218 -0.187090 -0.141123 -0.189886 -0.119271 -0.364388 -0.038796 0.138608 -0.023522 -0.110073 0.036421 0.011261 -0.087300 0.022517 0.340141 0.068697 0.060154 0.111075 0.081411 0.031593 -0.005327 -0.078306 -0.089055 -0.167661 -0.031122 -0.168911 -0.193413 -0.215162 0.641790 -0.043661 -0.129803 -0.145069 -0.214087 -0.266747 0.005199 -0.002718 -0.144290 -0.079450 -0.003601 0.243123 -0.112344 -0.210540 0.000428 -0.069748 -0.152807 -0.130319 0.068436 -0.290792 0.343619 -0.013425 0.121381 -0.096344 0.675948 0.058026 0.122016 0.249921 0.047693 0.316449 0.003801 0.171946 -0.195890 -0.015879 0.150672 -0.064555 -0.138153 -0.180580 -0.200269 -0.083444 -0.207739 0.003533 -0.360172 0.082081 -0.200328 -0.083167 -0.128366 -0.018660 0.026327 -0.048684 0.047184 0.156698
-0.136638 -0.212706 -0.067683 0.002035 0.151824 -0.293777 -0.093042 -0.428490 0.182991 -0.286781 -0.003903 0.017301 -0.271749 -0.221910 0.444516 0.309198 -0.099599 -0.139953 0.057862 0.150267 0.370421 0.231000 0.551819 1.000000 0.445244 0.230311 0.581988 0.184409 0.246236 -0.054996 0.490244 0.532042 -0.353139 -0.108682 -0.010397 -0.022061 0.055628 0.115461 -0.077947 0.051833 0.152610 -0.110769 0.018939 0.146621 -0.094863 0.039008 0.059959 0.150176 -0.214344 0.031167 0.069493 0.066783 0.156626 0.186518 0.062813 0.222269 -0.225319 -0.271722 -0.212775 -0.266837 -0.426209 -0.523965 -0.152307 -0.468379 0.171260 -0.377843 -0.259644 0.049173 -0.193018 -0.046542 0.053640 0.239316 0.012882 0.028811 0.030882 0.100470 -0.033393 0.026367 0.128745 0.159954 0.029904 0.098187 0.115796 0.054402 0.271545 0.224977 0.052235 0.118948 0.238761 0.052452 0.176036 0.150342 -0.024986 0.006276 0.021564 -0.074395 -0.076059 0.069150 0.038808 -0.131101 -0.146073 -0.068167 -0.324239 -0.115925 -0.158371 -0.048505 -0.410525 0.029959 -0.271948 -0.134451 -0.041350 -0.143729 -0.295749 -0.034710 -0.137093 -0.013423
-0.004217 -0.284831 -0.018449 0.088167 -0.048739 -0.293134 -0.426594 -0.338174 0.029828 -0.489451 -0.039278 -0.157854 -0.177420 -0.190577 0.368505 0.251816 -0.007395 0.014118 0.151891 -0.147776 0.351567 0.439599 0.483140 0.445244 1.000000 0.752742 0.640105 0.416668 0.111801 -0.074018 0.453281 0.464048 -0.217891 0.006402 0.391387 0.428216 -0.022710 0.084505 0.145054 0.148041 0.066350 -0.079390 0.115979 0.177505 0.169530 0.196047 0.091234 0.063214 -0.311819 -0.005365 0.047877 -0.282143 -0.094011 0.049873 -0.162207 -0.016210 -0.188932 -0.319546 -0.344651 -0.299320 -0.266133 -0.328648 -0.050188 -0.303417 0.165584 -0.055774 0.025525 0.078959 -0.209253 -0.273998 0.135995 0.355398 0.105888 0.206487 0.256883 0.355572 0.109582 0.101513 0.188584 0.137808 0.275721 0.232417 0.279795 -0.159256 0.327310 0.034253 0.454433 0.033796 0.243036 -0.334843 -0.215516 -0.142821 -0.023774 0.028930 0.087417 0.135870 -0.045527 0.054674 -0.091823 -0.148528 -0.125790 -0.270468 -0.334127 -0.260828 -0.115466 -0.169866 -0.230194 -0.203253 0.080993 0.143391 0.112945 -0.024229 -0.183141 0.198717 0.150334 0.104615
-0.182198 -0.294217 0.009904 0.287381 -0.237745 0.067763 -0.498803 -0.109797 -0.112891 -0.380410 -0.319537 -0.280086 -0.304273 -0.128952 0.080921 0.230001 -0.012422 0.082618 0.013878 -0.114518 0.275875 0.515046 0.111759 0.230311 0.752742 1.000000 0.328534 0.525282 -0.023102 -0.138630 0.275653 0.430499 -0.074321 0.116760 0.136473 0.424622 0.108042 0.200180 0.195781 0.330365 0.056175 0.136532 0.201577 0.177812 0.202747 0.307674 0.110337 0.160206 -0.324177 -0.008659 -0.074803 -0.390441 -0.208899 -0.037743 -0.160724 -0.112023 -0.249647 -0.294856 -0.414511 -0.314154 -0.265907 -0.258300 0.041373 -0.184531 -0.127843 0.041086 -0.042658 0.212325 -0.293459 -0.350906 0.099112 0.460486 0.070561 0.256774 0.222206 0.165358 0.200915 0.247223 0.208680 0.214722 0.329035 0.316264 0.197740 -0.071657 0.186788 0.035571 0.423228 0.098929 -0.070736 -0.408116 -0.182393 -0.277878 0.015810 -0.116235 0.055559 0.092794 0.001683 0.005520 -0.126994 -0.214916 0.048521 -0.201707 -0.193390 -0.218070 -0.139571 -0.212087 -0.149920 -0.210430 0.024193 0.155597 0.214911 -0.020831 -0.190951 0.192233 -0.029901 0.019546
0.152189 -0.321290 -0.003857 0.000917 0.112048 -0.381720 -0.131422 -0.409354 0.102982 -0.352672 0.213600 -0.026304 0.044399 -0.189040 0.616997 0.320167 -0.038873 -0.238569 0.201200 -0.057724 0.272033 0.228680 0.679357 0.581988 0.640105 0.328534 1.000000 0.491964 0.156014 -0.242293 0.321742 0.281049 -0.378233 -0.260222 0.297093 0.135651 -0.111554 -0.003277 -0.002683 0.089557 -0.002478 -0.151302 0.026504 0.140355 -0.091848 -0.086074 0.085926 -0.004141 -0.302960 -0.104229 0.193909 -0.003553 0.037961 0.079544 -0.008790 0.121690 0.040188 -0.173094 -0.146216 -0.115995 -0.173158 -0.338215 -0.111281 -0.480369 0.328902 -0.265263 -0.056202 -0.059739 -0.177531 -0.158924 -0.068865 0.092965 -0.079708 -0.039327 0.081401 0.145954 -0.063009 -0.040172 0.009397 -0.025518 0.017815 -0.046230 0.323789 -0.126177 0.293021 0.140950 0.270922 0.137986 0.512195 -0.020854 0.043342 0.144197 0.059208 0.215078 0.198701 0.038871 -0.254135 -0.121615 -0.038564 -0.230391 -0.197614 -0.041271 -0.213699 -0.140978 -0.176101 -0.137427 -0.205445 -0.031778 -0.109200 -0.017746 -0.077021 -0.244649 -0.194756 0.000686 0.018180 0.145415
0.034323 -0.255934 0.228481 0.356698 -0.038746 0.080602 -0.176417 0.036605 -0.091485 -0.132355 -0.025420 -0.129938 -0.061890 0.007521 0.050514 0.233857 -0.140207 -0.276511 -0.079483 -0.214969 0.030256 0.319438 0.192574 0.184409 0.416668 0.525282 0.491964 1.000000 -0.200077 -0.492424 -0.071880 0.003860 -0.406509 -0.259441 0.006705 0.323165 -0.194622 0.160488 -0.002176 0.334252 -0.215846 0.103634 0.024978 0.058589 -0.056727 -0.043533 0.046597 -0.001114 -0.354931 -0.246650 0.192387 -0.184102 -0.093801 0.085076 -0.241885 -0.085242 -0.095901 -0.232777 -0.047253 -0.037826 -0.019481 -0.002628 -0.261988 -0.321459 0.103397 0.113885 -0.080769 0.219301 -0.415105 -0.279300 -0.163804 0.084283 -0.266755 -0.224460 -0.271490 0.007386 -0.189711 0.033528 -0.189389 -0.153868 0.031823 -0.128499 0.110859 -0.138094 -0.002057 0.066070 0.240770 0.101772 0.196043 -0.059115 0.212715 0.125718 0.349666 0.192949 0.228907 -0.091478 -0.199109 -0.083234 -0.005050 -0.145425 0.127264 0.122136 -0.010554 0.011244 -0.116297 -0.063629 -0.033719 0.024344 0.009766 0.130601 0.108930 -0.137737 -0.108048 -0.039532 -0.007609 0.074016
0.275498 0.087544 -0.259183 0.021657 -0.278150 -0.275933 -0.047657 -0.294324 -0.138644 -0.301457 0.283617 0.184951 0.073230 0.045881 0.445222 0.154617 0.533974 0.410480 0.473825 0.278168 0.345349 0.088107 0.059498 0.246236 0.111801 -0.023102 0.156014 -0.200077 1.000000 0.417947 0.549333 0.592102 0.080447 0.256311 -0.042751 -0.243295 0.167066 -0.133040 -0.064776 0.024552 0.395711 -0.141266 0.082720 0.047478 -0.093509 -0.118402 0.160110 -0.198809 -0.190550 0.051424 -0.334083 -0.167389 0.056928 0.068754 0.209316 0.138418 0.062542 -0.030094 -0.167736 -0.314973 -0.210095 -0.332371 0.148110 0.037097 -0.201155 -0.441944 -0.264915 -0.567047 -0.032493 -0.077189 0.103338 0.122558 0.581241 0.048456 0.136451 0.121195 0.047989 -0.077701 0.602147 0.580738 0.392431 0.525923 0.534791 0.178284 0.319155 -0.011884 0.178900 0.110755 0.116661 -0.049071 -0.199357 -0.229534 -0.187221 -0.375293 -0.038270 -0.128088 -0.096580 -0.322110 -0.041967 -0.030520 -0.359496 -0.096869 -0.221411 -0.370223 -0.253698 -0.278703 -0.198966 -0.198140 -0.126435 -0.212172 -0.440706 -0.133691 -0.203361 -0.075488 -0.039711 -0.092112
0.033435 0.283800 -0.338181 -0.120781 -0.169963 0.052969 0.079166 -0.088237 -0.095494 0.104913 -0.021555 0.258282 -0.082792 -0.037685 0.024558 -0.041125 0.167872 0.373373 0.255693 0.401971 0.135172 -0.110789 -0.179528 -0.054996 -0.074018 -0.138630 -0.242293 -0.492424 0.417947 1.000000 0.348693 0.288917 0.537916 0.590999 0.092227 -0.182633 0.290660 0.068229 -0.009385 -0.183020 0.416281 -0.085377 -0.048075 -0.078622 -0.004293 -0.029972 0.025955 -0.090317 0.034355 0.124604 -0.363580 -0.049694 0.036474 -0.004407 0.044913 0.192908 0.030322 0.129715 -0.381112 -0.282680 -0.216985 -0.228480 0.328850 0.213363 -0.112442 -0.168102 -0.074567 -0.377745 0.397705 0.147302 0.112067 -0.020965 0.693668 0.416357 0.402641 0.296096 0.398793 0.114668 0.358415 0.381991 0.088952 0.207421 0.008136 0.086188 -0.059932 -0.139604 -0.074237 -0.127669 -0.196312 -0.087877 -0.318464 -0.271426 -0.425580 -0.292565 -0.267825 0.147046 0.078632 0.175256 0.141721 0.360699 -0.212778 -0.164370 -0.036109 -0.141243 -0.110982 -0.122383 -0.120851 0.038536 -0.120002 0.103378 -0.111316 0.318068 0.060685 0.174578 0.140628 0.001579
0.091476 0.054429 -0.185761 -0.121499 -0.236904 -0.418668 -0.225634 -0.418697 -0.127971 -0.392374 -0.087153 -0.043587 -0.276169 -0.274143 0.281773 0.111451 0.128146 0.276626 0.324530 0.174461 0.668517 0.210740 0.236306 0.490244 0.453281 0.275653 0.321742 -0.071880 0.549333 0.348693 1.000000 0.776502 0.101364 0.301878 0.106455 -0.066185 0.187035 0.061245 -0.044984 -0.020927 0.455009 -0.160027 0.076157 0.172651 0.045937 0.110300 0.103835 -0.022672 -0.094474 0.200326 -0.295335 -0.110321 0.041982 0.015877 0.046403 0.200997 -0.076480 -0.121190 -0.278008 -0.366496 -0.354423 -0.513770 -0.038974 -0.181085 -0.128996 -0.402390 -0.183557 -0.385358 0.072138 -0.132329 0.151689 0.317623 0.529895 0.396513 0.304265 0.384439 0.280775 0.156738 0.363035 0.396954 0.189414 0.447383 0.158264 -0.037993 0.127246 -0.069193 -0.027524 -0.051342 -0.026083 -0.251317 -0.355115 -0.257195 -0.289194 -0.225832 -0.038562 0.097518 0.025696 0.035314 0.049331 0.026190 -0.264191 -0.215489 -0.266308 -0.249701 -0.015434 -0.012486 -0.356292 -0.001724 -0.051755 0.173004 -0.275230 -0.004773 -0.178532 0.087609 0.144053 -0.040443
-0.054549 -0.105588 -0.297779 -0.047116 -0.222260 -0.261795 -0.395631 -0.420241 -0.268658 -0.461813 -0.097685 -0.014376 -0.283697 -0.119525 0.289812 0.171595 0.057357 0.204550 0.200129 0.259880 0.577739 0.450526 0.069443 0.532042 0.464048 0.430499 0.281049 0.003860 0.592102 0.288917 0.776502 1.000000 -0.024918 0.350426 -0.054996 0.057785 0.339523 0.242869 0.150438 0.252193 0.394864 0.104512 0.110836 0.135630 0.000245 0.125591 0.202181 0.049866 -0.256638 0.090490 -0.389119 -0.224250 0.080453 0.152162 0.020079 0.166507 -0.179818 -0.260840 -0.347493 -0.398276 -0.498710 -0.558394 0.035618 -0.299087 -0.344964 -0.521878 -0.347741 -0.260884 -0.078684 -0.083281 0.192308 0.539241 0.466710 0.352695 0.336993 0.329062 0.374140 0.358095 0.603701 0.537982 0.422342 0.577889 0.405256 0.190844 0.236979 0.026378 0.226256 0.185889 -0.190986 -0.212513 -0.202732 -0.262150 -0.244619 -0.361597 -0.034384 -0.084374 0.033866 -0.118902 -0.056090 -0.075884 -0.213088 -0.143952 -0.277319 -0.346270 -0.115302 -0.295562 -0.267784 -0.214600 -0.072417 -0.004143 -0.150181 -0.098865 -0.381615 0.125696 -0.114873 0.014990
0.145270 0.445820 -0.104418 -0.018135 -0.304833 0.005455 0.001973 0.066513 -0.158141 0.063715 -0.142598 -0.030226 -0.011635 -0.133364 -0.176764 -0.120783 0.305102 0.431896 0.334008 0.428848 0.048983 -0.110006 -0.302403 -0.353139 -0.217891 -0.074321 -0.378233 -0.406509 0.080447 0.537916 0.101364 -0.024918 1.000000 0.728110 0.209630 0.026029 0.198967 0.022345 0.114455 -0.266612 0.323247 -0.047482 -0.237018 -0.247276 -0.108783 -0.134021 -0.354588 -0.271920 -0.132886 -0.089880 -0.365715 -0.294256 -0.181728 -0.361585 -0.052971 -0.167144 0.282020 0.386294 -0.195033 -0.062348 0.068947 0.062257 0.390509 0.459753 -0.090181 0.081045 0.286179 -0.166095 0.674500 0.414952 0.062276 -0.187942 0.490314 0.458236 0.429688 0.208298 0.373899 0.000984 0.212676 0.184951 0.107622 0.172614 -0.092705 -0.209122 -0.154561 -0.262564 -0.064977 -0.282744 -0.142640 -0.259692 -0.500728 -0.431238 -0.299367 -0.196490 -0.203416 0.161353 0.045474 0.292450 -0.282787 0.219401 -0.053178 -0.074164 0.048268 0.106803 -0.015855 0.106770 0.172471 0.068941 0.024092 0.039331 -0.065937 0.095937 0.131952 0.241137 0.215830 -0.094700
0.080681 0.417286 -0.199206 0.124718 -0.301622 0.068695 -0.119544 0.011843 -0.175223 -0.115273 -0.005281 0.086414 0.030781 0.014698 0.002392 0.086101 0.313511 0.487493 0.305260 0.544654 0.166470 -0.028805 -0.256758 -0.108682 0.006402 0.116760 -0.260222 -0.259441 0.256311 0.590999 0.301878 0.350426 0.728110 1.000000 0.165170 0.252466 0.177345 0.074149 0.016428 -0.204414 0.350075 -0.123557 -0.078764 -0.113817 0.021753 0.049418 -0.167915 -0.150556 -0.285939 -0.006412 -0.489880 -0.434996 -0.033783 -0.122951 -0.232285 -0.106287 0.088716 0.246143 -0.454300 -0.367917 -0.143806 -0.112630 0.253943 0.191272 -0.171801 -0.046345 -0.085465 -0.231593 0.494915 0.322426 0.142556 0.063259 0.520859 0.438557 0.371862 0.261796 0.467666 0.188413 0.480539 0.397415 0.276502 0.331529 0.082072 -0.205892 -0.005803 -0.306561 0.137388 -0.303949 -0.223731 -0.201736 -0.419460 -0.547343 -0.422977 -0.440243 -0.254570 0.113054 0.040879 0.121745 -0.250497 0.123929 -0.198931 -0.274192 -0.160298 -0.232754 -0.196105 -0.094185 0.038532 -0.087075 -0.011559 -0.051762 -0.050600 0.166454 -0.035709 0.287072 0.060348 -0.139791
0.096168 -0.107927 -0.177117 -0.121440 0.058831 -0.154312 -0.092930 -0.294003 0.080831 -0.171835 0.088760 -0.027186 0.141103 -0.083325 0.198046 0.138523 0.041765 0.017358 0.196610 0.006882 -0.047827 -0.005072 0.273543 -0.010397 0.391387 0.136473 0.297093 0.006705 -0.042751 0.092227 0.106455 -0.054996 0.209630 0.165170 1.000000 0.435312 -0.040445 -0.019069 0.029662 -0.259360 0.077207 -0.270387 0.030485 0.046528 0.270640 0.160333 -0.071713 0.041694 -0.033746 0.084718 0.048299 -0.105724 -0.067848 -0.055749 -0.165748 -0.179209 0.061723 0.027579 -0.314263 -0.300756 -0.062015 -0.175858 0.046342 -0.196880 0.295260 0.013874 0.156101 -0.069881 0.245793 -0.003662 0.097119 -0.126617 0.152119 0.231612 0.447753 0.211245 0.327370 0.055499 0.136909 -0.015896 0.107314 0.035919 0.022382 -0.356230 0.115657 -0.074761 0.198370 -0.182764 0.182650 -0.427510 -0.231838 -0.096112 -0.000458 0.171930 0.020394 0.207890 -0.007833 0.149961 -0.046722 0.227664 -0.063433 -0.075540 -0.175730 -0.020232 -0.071323 0.077316 0.059404 -0.084047 0.207058 0.207214 0.097566 0.174221 0.162632 0.168684 0.307144 0.098323
-0.044667 -0.186247 0.058147 0.212222 0.148031 0.151129 -0.252295 0.013598 0.098896 -0.058335 -0.043837 -0.020797 0.180229 0.144563 -0.006738 0.309714 -0.093486 -0.147760 -0.040291 -0.149262 -0.119105 0.115783 0.157380 -0.022061 0.428216 0.424622 0.135651 0.323165 -0.243295 -0.182633 -0.066185 0.057785 0.026029 0.252466 0.435312 1.000000 -0.173335 0.074827 0.034070 -0.073595 -0.132810 -0.128527 0.064059 0.044059 0.216284 0.249393 -0.018959 0.199501 -0.311789 -0.109916 -0.013522 -0.419469 -0.041369 0.028259 -0.289115 -0.383005 -0.268927 -0.261790 -0.292784 -0.368693 0.134098 0.091534 -0.088325 -0.195282 0.210752 0.361487 -0.161085 0.307450 -0.220430 -0.207120 0.105570 0.188498 -0.114192 0.130991 0.191977 0.369809 0.240227 0.321760 0.091506 -0.113981 0.097641 -0.082128 -0.023718 -0.405736 0.004084 -0.214913 0.343144 -0.287937 0.012902 -0.241484 0.027838 -0.061926 0.129972 -0.015156 -0.097918 0.264304 -0.023453 0.069796 -0.156972 -0.050646 -0.016346 -0.143443 -0.191103 -0.029126 -0.162816 0.031394 -0.125832 -0.136202 0.180249 0.109002 0.312786 0.151227 0.048491 0.282610 0.271090 0.120203
