1.000000 0.345672 0.089333 -0.224180 -0.343275 -0.319374 0.044921 -0.075072 -0.104181 -0.097258 0.139209 -0.243625 -0.160925 -0.214685 -0.172373 -0.434196 0.544850 0.230456 0.099843 0.156606 -0.043290 -0.039373 -0.252083 -0.276919 -0.307646 -0.340642 -0.120341 -0.207617 0.167256 -0.087150 -0.471430 -0.549578 0.003768 -0.142566 0.144388 -0.005201 -0.463606 -0.415885 -0.263441 -0.231230 -0.264705 -0.363028 0.239398 0.230888 0.436512 0.367653 0.321068 0.305985 0.190680 0.313502 0.053615 -0.060186 -0.152438 -0.345280 -0.308475 0.042421 0.671742 0.457006 -0.005495 0.189731 0.028175 0.205831 0.033192 0.231992 0.056084 -0.097922 0.121555 0.133781 -0.089137 0.226688 0.100605 -0.178926 -0.125968 -0.388381 -0.299113 -0.440270 -0.345661 -0.307178 0.046123 0.084562 0.427650 0.093117 0.057558 -0.241472 0.276143 -0.078275 0.000132 -0.061498 0.123686 -0.118057 -0.181495 -0.090152 -0.394417 -0.129600 -0.225786 -0.203539 -0.114688 -0.253512 0.226985 -0.291954 -0.079450 -0.199900 -0.204993 -0.195321 -0.116040 -0.076383 0.090559 0.111604 -0.356540 -0.196711 0.148892 0.155584 -0.116095 -0.372865 -0.208148 0.002878
0.345672 1.000000 0.155447 0.075000 -0.387526 -0.184670 -0.146570 0.074626 -0.166798 0.032147 0.050743 0.062002 0.028435 0.183834 -0.292443 -0.192677 0.412749 0.581013 0.488592 0.318367 0.047940 -0.190377 -0.098846 -0.613672 -0.416712 -0.455473 -0.026130 -0.242624 -0.361959 0.264511 -0.521630 -0.717286 0.334567 -0.316450 -0.162696 -0.085575 -0.418599 -0.315481 -0.084305 -0.275952 -0.444600 -0.515537 -0.079729 0.310622 0.438231 0.338022 0.407295 0.351479 0.085620 0.472889 -0.072032 0.396089 -0.170948 -0.175042 0.175905 0.379292 0.633579 0.887784 -0.088921 0.406708 -0.464091 0.543900 -0.263702 0.282416 -0.292125 0.122515 0.082930 -0.163454 0.523089 0.120850 -0.470463 -0.573284 -0.423254 -0.099638 -0.227502 -0.442916 -0.525529 -0.650164 -0.472693 0.288974 -0.063477 0.458245 -0.020648 -0.014520 -0.060827 0.432324 0.011845 -0.002709 -0.029513 0.391433 -0.597202 -0.545625 -0.432289 -0.279937 -0.339330 -0.569966 0.069063 -0.286693 0.412430 -0.008894 -0.226796 -0.026752 -0.305178 -0.578589 -0.402778 -0.723568 0.195938 -0.098958 -0.213756 -0.564091 -0.208685 0.182961 -0.193889 -0.263115 -0.522475 -0.368131
0.089333 0.155447 1.000000 -0.087342 0.109422 -0.094294 0.599655 0.103736 0.256747 0.144566 0.386569 0.049727 0.206706 0.039752 -0.032257 -0.201734 -0.078205 0.181115 0.276994 0.296396 0.143829 0.078726 0.202522 -0.130569 0.115221 0.156913 0.322286 0.164997 -0.289961 -0.268359 0.106795 -0.108611 0.061241 0.022043 -0.161741 0.186752 -0.207805 -0.178857 0.129449 -0.085137 -0.299385 -0.137986 0.166409 0.254928 -0.261004 -0.047733 0.084256 0.048731 -0.329684 -0.340018 -0.178570 -0.130359 -0.009291 -0.132735 0.236722 0.010259 -0.129068 0.153786 -0.049901 -0.112918 -0.194004 0.009669 -0.317197 -0.187846 -0.058647 0.276993 0.169057 0.236205 0.150518 -0.042402 -0.132766 -0.104770 -0.344868 -0.139989 -0.135444 -0.084855 -0.043354 -0.157688 -0.247856 0.178880 -0.259716 0.116951 -0.013091 -0.230357 -0.254843 0.036662 0.096692 -0.064736 0.128574 0.182012 -0.130759 0.103476 -0.224017 -0.023012 -0.042259 -0.077277 0.183243 -0.029691 -0.210166 -0.307395 -0.203504 -0.042457 -0.198332 -0.172275 -0.197650 -0.133061 0.073380 -0.073522 -0.209685 -0.187995 -0.065669 0.031987 -0.143962 -0.258569 -0.235475 -0.044954
-0.224180 0.075000 -0.087342 1.000000 -0.066906 -0.103693 0.193270 0.464354 0.058033 -0.038066 0.178677 0.450898 0.167597 0.423519 0.006260 0.349286 -0.031982 0.026462 0.350238 0.312082 0.016795 -0.246902 0.143195 0.149508 -0.149246 -0.043783 -0.202834 -0.279748 0.098366 0.285575 0.125530 0.100597 0.126605 0.034433 -0.149943 -0.249268 -0.145637 -0.008597 -0.243587 -0.155999 -0.052626 0.001154 -0.255135 -0.278669 -0.194656 -0.272550 -0.224705 -0.124161 -0.192976 -0.154911 -0.134633 -0.077014 -0.070532 0.093248 -0.067702 -0.101681 -0.249760 -0.045887 -0.282890 -0.112914 0.054852 0.273884 0.122698 0.216231 -0.007389 -0.010943 -0.283783 -0.396850 0.197785 0.050841 -0.275726 -0.222482 0.067556 -0.004748 0.054600 0.003484 -0.027775 -0.059726 -0.247044 -0.021574 -0.248573 0.096499 0.061850 0.407430 -0.138546 0.060948 -0.095326 0.163499 0.216292 0.068024 0.062531 -0.041636 0.370719 0.094512 -0.238761 -0.247686 -0.292923 -0.264512 -0.013145 0.227268 0.127542 0.131979 0.036682 -0.065053 -0.019447 -0.182093 0.267916 0.059768 -0.070520 -0.092161 -0.336874 0.118679 -0.077667 0.041346 -0.147063 0.004425
-0.343275 -0.387526 0.109422 -0.066906 1.000000 0.487273 0.131598 -0.187993 0.494288 0.198493 -0.110260 -0.192356 -0.171149 -0.205689 0.055823 -0.100528 -0.238494 -0.229159 -0.125356 -0.090004 0.186063 0.148983 0.312746 0.392399 0.459526 0.505882 0.291915 0.427774 -0.143974 -0.238209 0.582878 0.443359 -0.139017 0.081597 0.124422 0.215879 -0.041228 0.006623 0.258513 0.218361 0.025933 0.105736 -0.011872 -0.142824 -0.314692 -0.215628 -0.352116 -0.339376 -0.075052 -0.391519 -0.136981 -0.295776 0.065875 -0.053860 0.105865 -0.143846 -0.365890 -0.375298 0.050612 -0.291888 0.077828 -0.497691 -0.175077 -0.361573 0.369454 -0.034960 -0.013567 0.255122 -0.177133 -0.100015 0.199965 0.248620 -0.017848 -0.033054 0.140912 0.187051 0.205636 0.275433 0.228836 -0.055889 -0.152681 -0.169720 0.102378 -0.033046 0.081685 -0.047473 0.128084 0.100739 0.233483 -0.073384 0.070144 0.250570 0.026615 0.317781 0.434124 0.351978 0.281230 0.416080 -0.221547 0.143773 -0.178628 -0.164017 0.021909 0.230512 0.020310 0.239994 -0.014150 -0.021468 0.054555 0.271808 0.215748 -0.110420 0.224818 0.129292 0.089624 -0.023583
-0.319374 -0.184670 -0.094294 -0.103693 0.487273 1.000000 -0.073050 -0.050931 0.066478 0.368987 -0.248071 0.100590 -0.061870 0.046238 -0.001295 0.178207 -0.244738 -0.317930 -0.287434 -0.304695 0.099438 0.163140 0.142182 0.162356 0.255695 0.280357 0.404889 0.560161 -0.083359 -0.115382 0.336774 0.354358 -0.128602 -0.066568 -0.080856 -0.085068 0.001572 0.123522 0.235616 0.288719 0.083871 0.067361 -0.151891 -0.206198 -0.162883 -0.168347 -0.180041 -0.294029 0.040735 -0.110837 -0.059900 0.023458 0.165532 0.135740 0.207948 0.145563 -0.293295 -0.239481 0.045383 0.065397 0.001460 -0.249479 -0.067354 -0.276981 0.095911 -0.118107 -0.270177 0.001856 -0.169292 -0.308158 0.062668 0.214337 -0.045308 -0.085643 0.160940 0.266478 0.103260 0.217843 0.171812 -0.073274 -0.226383 -0.257255 -0.023631 0.056604 -0.055893 0.167799 0.111095 0.124271 0.192949 0.172873 0.113916 0.126213 0.076313 -0.009979 0.445562 0.207114 0.286302 0.425791 -0.132053 0.177654 -0.182012 -0.174147 -0.221034 0.197506 -0.095793 0.049396 -0.125649 0.033419 0.218530 0.220569 0.024763 -0.233500 0.021717 0.209839 0.141315 -0.145634
0.044921 -0.146570 0.599655 0.193270 0.131598 -0.073050 1.000000 0.206399 0.293038 0.038969 0.471193 0.279851 0.349565 0.135864 0.018318 0.008255 -0.067287 -0.020742 0.207597 0.336330 0.106241 -0.170593 0.192698 0.163511 -0.017098 0.104908 0.094476 0.038264 -0.005110 -0.142857 0.208913 0.102571 0.023693 0.211322 0.053322 0.132637 -0.163176 -0.069435 -0.229695 -0.241046 -0.072609 -0.047933 -0.099588 -0.080507 -0.327782 -0.164947 -0.281533 -0.167276 -0.342719 -0.460682 -0.248335 -0.315740 -0.082433 0.008385 -0.017270 -0.216971 -0.350305 -0.191198 0.063600 -0.206934 0.109160 -0.062560 -0.036502 0.017688 0.280280 0.158074 0.182572 0.202848 -0.057934 0.093797 -0.044612 -0.086103 -0.098309 -0.159795 -0.074792 -0.010697 -0.024824 0.031246 -0.162074 0.000905 -0.191288 -0.072580 0.144558 0.070498 -0.182796 -0.263922 0.107021 -0.053332 0.184727 0.024049 0.094317 0.376118 -0.000913 0.077032 -0.126226 -0.058743 -0.177055 -0.087936 -0.405838 -0.075475 -0.073208 0.006577 -0.184044 -0.004810 -0.111907 0.166420 0.085552 -0.040757 -0.195264 -0.022299 -0.181081 0.015266 0.048618 -0.052430 -0.019356 0.175615
-0.075072 0.074626 0.103736 0.464354 -0.187993 -0.050931 0.206399 1.000000 -0.172795 0.128827 0.218028 0.512970 0.321407 0.586456 -0.012243 0.461547 -0.154552 -0.136524 0.046122 -0.021820 -0.050196 -0.125105 -0.057534 -0.012449 -0.139358 -0.018032 -0.160077 -0.150024 0.114475 0.138732 -0.056553 0.079707 -0.158629 -0.154523 -0.400795 -0.257770 -0.115284 -0.014823 -0.137770 -0.179443 -0.001983 -0.138783 -0.173839 -0.192092 -0.170509 -0.269021 -0.084520 -0.047788 -0.130870 -0.124545 -0.031240 -0.056685 -0.175927 0.030719 -0.107654 -0.078952 -0.229586 -0.132334 -0.103904 0.063888 0.293102 0.475130 0.182950 0.129533 -0.153968 0.144778 -0.164770 -0.334658 -0.055120 -0.133073 -0.018528 -0.192123 0.096087 -0.141593 -0.016079 -0.047073 -0.008442 -0.045357 -0.225766 -0.246784 -0.335285 -0.191638 -0.099574 0.363214 -0.303501 -0.030072 -0.122803 0.030058 0.013744 0.113156 0.250733 0.082544 0.397392 -0.006439 -0.050176 -0.032648 -0.163845 -0.122364 0.103353 0.079950 0.253698 0.221419 0.058760 -0.067119 -0.017409 -0.057897 0.046650 0.122827 0.110718 0.011297 -0.379439 -0.043714 0.003250 -0.166468 -0.046201 0.222465
-0.104181 -0.166798 0.256747 0.058033 0.494288 0.066478 0.293038 -0.172795 1.000000 0.281017 0.257999 -0.025757 0.128737 -0.132217 0.219190 -0.130141 -0.036198 0.090508 0.049155 0.042974 -0.041851 -0.131858 0.257515 0.170636 0.074648 0.170412 0.095759 0.045976 -0.159029 -0.189647 0.146357 0.126386 -0.118879 0.072670 0.298347 0.293656 -0.016949 -0.159013 0.006957 -0.005871 0.064421 -0.006823 -0.013680 -0.020781 -0.133152 -0.085585 -0.167441 -0.101423 -0.128687 -0.277026 -0.138977 -0.168273 0.030231 -0.075353 -0.020186 -0.187599 -0.189627 -0.086684 0.063286 -0.210789 -0.012436 -0.309471 -0.264012 -0.279084 0.478116 0.099121 0.003668 0.184706 0.014231 -0.036925 -0.089465 -0.029214 -0.122875 0.006094 0.079821 0.020930 0.090188 0.075975 -0.119352 0.048774 -0.228282 -0.057132 0.290198 -0.092563 0.151239 -0.002288 -0.005918 0.078238 0.374254 -0.052552 -0.146510 0.144284 0.023450 0.264773 0.089961 -0.041301 0.093943 0.105182 -0.168405 -0.057822 -0.114174 -0.192083 -0.102403 -0.025739 -0.031736 -0.001923 0.077867 0.024135 -0.352093 -0.003433 0.048457 0.090118 0.182004 -0.155130 -0.182436 -0.321263
-0.097258 0.032147 0.144566 -0.038066 0.198493 0.368987 0.038969 0.128827 0.281017 1.000000 -0.048921 0.296719 0.163590 0.237991 -0.072934 0.109512 -0.298698 -0.158687 -0.168367 -0.183450 0.022318 0.072755 0.362690 0.143926 0.032134 0.175892 0.422091 0.358082 -0.434708 -0.209638 0.004070 0.018763 -0.050918 0.003497 0.074956 0.242223 -0.148522 -0.133190 -0.025086 -0.051283 -0.160730 -0.237250 -0.119874 0.097447 0.088608 0.133358 -0.156922 -0.131600 0.049987 0.036269 0.040668 0.230257 -0.100353 0.071923 -0.046690 -0.014016 -0.051996 0.014788 0.125075 0.215434 -0.081244 0.021931 -0.227411 -0.286477 0.095956 0.351390 0.042166 0.390849 -0.093733 -0.460145 -0.224612 -0.047724 -0.343459 -0.098217 0.148529 0.171342 0.034897 -0.041745 -0.309081 -0.379708 -0.504060 -0.398660 0.164836 -0.098052 0.005299 0.231892 -0.001733 0.273970 0.022432 0.251416 -0.106897 -0.037220 0.264724 0.148836 -0.088167 -0.087688 -0.013892 -0.163487 -0.125146 -0.030180 -0.057070 -0.051672 -0.280063 -0.002759 -0.166767 -0.129672 0.131085 0.236180 -0.186139 -0.187244 -0.190354 -0.178945 0.024841 -0.022786 0.040760 -0.298947
0.139209 0.050743 0.386569 0.178677 -0.110260 -0.248071 0.471193 0.218028 0.257999 -0.048921 1.000000 0.214883 0.452787 0.214347 0.394356 0.013146 -0.039788 0.164212 0.217391 0.236944 -0.203852 -0.267701 0.059472 0.114443 -0.281814 -0.181939 -0.229051 -0.331644 0.062249 -0.274917 -0.157166 -0.140652 -0.111621 -0.111014 -0.067714 -0.067675 -0.110365 -0.319730 -0.240813 -0.059373 -0.134215 -0.044341 0.011107 0.081744 -0.162340 -0.065972 -0.069759 0.210173 -0.241320 -0.291585 0.074670 -0.196302 -0.033664 0.130345 -0.114617 -0.119959 -0.136921 0.027501 0.136039 -0.405719 0.188129 0.006742 0.029375 -0.120852 0.281031 0.034184 -0.146151 -0.143346 0.047939 0.145124 -0.062569 -0.175642 -0.085347 -0.175576 -0.077727 -0.079831 0.023805 0.001341 -0.227587 0.120957 -0.158416 -0.020365 0.371019 -0.055015 0.021805 -0.090482 0.146618 -0.007737 0.306363 0.067645 0.108717 0.250099 0.014402 0.096542 -0.222217 -0.176449 -0.134165 -0.119237 -0.144979 0.011945 -0.161850 0.056758 -0.199586 -0.109951 -0.113959 -0.049572 -0.212024 -0.045632 -0.200871 -0.009544 0.080056 0.149081 -0.007332 -0.028826 -0.218664 0.109816
-0.243625 0.062002 0.049727 0.450898 -0.192356 0.100590 0.279851 0.512970 -0.025757 0.296719 0.214883 1.000000 0.480485 0.833625 -0.026647 0.581308 -0.211164 -0.131624 0.022266 -0.072195 0.088177 -0.276415 -0.000668 0.074081 -0.388258 -0.179113 -0.188198 -0.163765 -0.032249 0.168998 0.012689 0.190899 0.184817 0.131795 -0.254151 -0.381852 0.030527 0.216852 -0.231405 -0.203654 -0.054313 -0.109573 -0.399615 -0.356123 -0.145029 -0.346906 -0.221305 -0.228745 -0.055400 -0.108607 0.034464 0.111550 0.105344 0.145630 0.108507 -0.114591 -0.348275 -0.132339 -0.038218 0.082495 0.121532 0.400135 0.157854 0.280012 -0.163779 0.131638 -0.115521 -0.286907 0.074820 -0.233719 -0.227473 -0.144930 -0.041190 0.061372 0.322643 0.222270 0.171369 0.106957 -0.200198 -0.252277 -0.507563 -0.254472 -0.086022 0.477103 -0.329738 0.005365 -0.098218 0.135233 -0.076173 0.177687 0.125130 -0.005840 0.514641 -0.068179 -0.226644 -0.211611 -0.332218 -0.227440 -0.168576 0.156098 0.319249 0.078364 -0.102076 -0.044343 -0.152915 -0.119913 0.163984 -0.073997 0.002999 -0.118569 -0.403031 -0.152771 0.022026 0.104552 0.118017 -0.014584
-0.160925 0.028435 0.206706 0.167597 -0.171149 -0.061870 0.349565 0.321407 0.128737 0.163590 0.452787 0.480485 1.000000 0.517839 0.328766 0.405212 -0.077296 0.194343 0.163284 0.157981 -0.071959 -0.233088 0.054699 -0.004199 -0.438246 -0.283188 -0.144688 -0.181577 0.087057 0.016646 -0.176450 -0.020104 0.130790 0.055297 -0.198010 -0.342098 0.256630 0.006247 -0.214614 -0.119004 0.084635 0.000123 -0.257435 -0.084579 -0.145964 -0.252488 -0.232647 -0.051932 -0.015346 -0.140472 -0.058397 -0.060485 -0.173384 0.128358 0.048287 -0.134970 -0.248125 -0.051129 0.089368 -0.199709 0.128273 0.142544 0.103094 0.072723 0.024757 -0.037143 -0.133319 -0.250456 0.066941 -0.061358 -0.071927 -0.223311 0.162109 0.193064 0.260538 0.187126 0.257093 0.108521 -0.396797 -0.114603 -0.328005 -0.070818 0.058526 0.435212 -0.124011 -0.041220 -0.002713 -0.028528 0.008167 0.107386 0.019979 0.028925 0.276937 -0.081687 -0.093721 -0.128276 -0.184789 -0.170526 -0.098273 0.133774 0.017139 0.140482 -0.145797 -0.128111 -0.249865 -0.087800 -0.013520 -0.185021 -0.179737 -0.084869 -0.301944 -0.020311 0.033788 0.001376 -0.105013 -0.017933
-0.214685 0.183834 0.039752 0.423519 -0.205689 0.046238 0.135864 0.586456 -0.132217 0.237991 0.214347 0.833625 0.517839 1.000000 -0.060682 0.587849 -0.136525 0.006165 0.159006 -0.022289 0.012223 -0.316719 -0.153302 -0.111378 -0.372958 -0.315067 -0.249032 -0.197807 0.090577 0.249987 -0.073435 0.072077 0.152292 0.010420 -0.377688 -0.545450 0.000396 0.145519 -0.222409 -0.124848 -0.072488 -0.059338 -0.324981 -0.301942 -0.109585 -0.335205 -0.142597 -0.209635 0.078086 -0.069263 0.062248 0.112262 0.031201 -0.000807 0.110195 -0.056623 -0.267882 -0.035981 -0.039469 0.144623 0.119979 0.444121 0.199934 0.326042 -0.333800 0.077583 -0.165701 -0.375943 0.214365 -0.135126 -0.155725 -0.125575 0.093006 0.157988 0.295697 0.135114 0.195032 0.073349 -0.158766 -0.151534 -0.410414 -0.106899 -0.178920 0.602523 -0.373100 0.061581 -0.153297 0.080235 -0.111199 0.156102 0.142698 -0.180531 0.406028 -0.236528 -0.123630 -0.109963 -0.246020 -0.139530 -0.069990 0.149309 0.330453 0.039666 -0.127522 -0.132152 -0.249272 -0.195120 0.266264 -0.053169 -0.041129 -0.100444 -0.337115 -0.121196 -0.142707 0.005039 0.047335 0.057339
-0.172373 -0.292443 -0.032257 0.006260 0.055823 -0.001295 0.018318 -0.012243 0.219190 -0.072934 0.394356 -0.026647 0.328766 -0.060682 1.000000 0.351844 -0.049629 -0.113455 -0.010005 -0.129560 -0.188350 0.036255 -0.019269 0.145943 -0.034697 0.035600 -0.150224 -0.089548 0.384775 0.047429 0.018798 0.252001 -0.176167 0.075490 -0.193756 -0.144296 0.405363 0.055874 0.032459 0.110927 0.432618 0.255954 -0.168888 -0.197689 -0.393808 -0.404892 -0.323737 -0.132564 -0.065679 -0.265060 0.318775 -0.214839 0.007061 0.047323 -0.060527 -0.216128 -0.249618 -0.246006 0.190010 -0.480628 0.302440 -0.199928 0.202729 -0.210342 0.199906 -0.257998 -0.468834 -0.326219 -0.248642 -0.121265 0.135144 0.243693 0.400898 0.090518 0.215989 0.271053 0.332422 0.246845 0.056815 -0.035336 0.121611 -0.055102 0.275813 0.148770 0.157042 -0.181715 -0.100407 -0.021505 0.083846 -0.194554 0.278023 0.335279 0.301879 0.279858 0.103085 0.001428 -0.028579 0.047811 -0.226275 0.133296 -0.032433 0.179931 0.055509 0.190935 0.280959 0.174355 -0.286332 0.162097 -0.025798 0.150139 0.102341 0.186020 0.224116 0.192916 0.113317 0.154463
-0.434196 -0.192677 -0.201734 0.349286 -0.100528 0.178207 0.008255 0.461547 -0.130141 0.109512 0.013146 0.581308 0.405212 0.587849 0.351844 1.000000 -0.194226 -0.256765 -0.009508 -0.190418 -0.052515 -0.086530 -0.195519 0.024588 -0.128858 -0.109247 -0.191589 -0.107902 0.340839 0.440085 0.122760 0.358496 0.072131 0.189894 -0.358746 -0.469026 0.368783 0.333938 0.008160 0.001453 0.368281 0.233460 -0.367355 -0.449445 -0.376555 -0.551351 -0.296925 -0.298337 -0.043427 -0.147770 0.095915 -0.056704 0.122351 0.069244 0.139439 -0.095938 -0.414844 -0.316496 -0.091670 -0.082604 0.232025 0.238655 0.438664 0.233319 -0.280755 -0.253986 -0.330521 -0.475619 0.015859 -0.182118 -0.107640 0.089744 0.376931 0.214710 0.286753 0.342046 0.189292 0.237250 -0.048559 -0.158823 -0.159209 -0.102213 -0.152651 0.628160 -0.299645 -0.134327 -0.193266 0.035918 -0.244733 -0.092200 0.301062 0.031727 0.633371 -0.097712 0.095653 0.087898 -0.182036 -0.004635 -0.083515 0.219441 0.240268 0.172928 0.108824 0.170656 0.175959 0.051856 0.085933 0.090165 0.198847 0.221274 -0.328744 -0.062169 -0.013476 0.239489 0.342905 0.228133
0.544850 0.412749 -0.078205 -0.031982 -0.238494 -0.244738 -0.067287 -0.154552 -0.036198 -0.298698 -0.039788 -0.211164 -0.077296 -0.136525 -0.049629 -0.194226 1.000000 0.506797 0.360449 0.203724 0.050756 -0.137198 -0.269387 -0.492685 -0.225127 -0.348260 -0.189829 -0.227723 0.317437 0.216388 -0.286129 -0.428949 0.316157 -0.011146 -0.091560 -0.239292 -0.323446 -0.238857 -0.201540 -0.369834 -0.126262 -0.370659 0.065275 0.162271 0.348889 0.240548 0.337250 0.251649 0.048310 0.259702 0.038118 -0.017753 -0.101402 -0.313529 -0.001040 0.136287 0.562468 0.567765 -0.167765 0.160585 -0.141483 0.318035 0.137466 0.423246 -0.136271 -0.218669 -0.028175 -0.176401 0.106080 0.286116 -0.029069 -0.151091 0.001657 -0.120326 -0.210353 -0.454545 -0.290029 -0.415315 -0.010192 0.285288 0.465027 0.502878 -0.106334 0.050974 0.074493 -0.038305 -0.155882 -0.199188 -0.058885 -0.190365 -0.335114 -0.379421 -0.367154 -0.331894 -0.071096 -0.177209 -0.119481 -0.083209 0.374388 -0.030454 0.104012 -0.188287 -0.154333 -0.473997 -0.286971 -0.251084 0.174393 -0.127819 -0.402999 -0.273598 -0.003400 0.268099 -0.052191 -0.349053 -0.265286 -0.013172
0.230456 0.581013 0.181115 0.026462 -0.229159 -0.317930 -0.020742 -0.136524 0.090508 -0.158687 0.164212 -0.131624 0.194343 0.006165 -0.113455 -0.256765 0.506797 1.000000 0.434267 0.427328 -0.038859 -0.233587 -0.128751 -0.490483 -0.278246 -0.393574 -0.201839 -0.376660 -0.075450 0.279611 -0.306413 -0.562795 0.383066 -0.093451 -0.089210 -0.101606 -0.165207 -0.104018 -0.090660 -0.166329 -0.225880 -0.217254 0.173806 0.407738 0.386105 0.378657 0.409344 0.373331 0.043150 0.377660 -0.087109 0.150151 -0.135829 -0.112657 0.063830 0.251082 0.432382 0.623090 -0.299571 0.076141 -0.488082 0.085822 -0.259931 0.249355 -0.227402 -0.082007 0.023236 -0.146035 0.383518 0.212670 -0.223637 -0.224984 -0.198318 0.084221 -0.165834 -0.216797 -0.282743 -0.452412 -0.286294 0.442630 0.056629 0.624900 -0.100677 0.026287 -0.054752 0.196334 -0.085083 -0.202426 -0.086019 0.065728 -0.470887 -0.500332 -0.398814 -0.211668 -0.200798 -0.339451 -0.033888 -0.194366 0.308319 -0.185304 -0.031912 -0.083633 -0.190254 -0.489149 -0.420717 -0.384159 0.161897 -0.109915 -0.323451 -0.380574 -0.091317 0.207917 -0.111636 -0.368055 -0.542070 -0.145479
0.099843 0.488592 0.276994 0.350238 -0.125356 -0.287434 0.207597 0.046122 0.049155 -0.168367 0.217391 0.022266 0.163284 0.159006 -0.010005 -0.009508 0.360449 0.434267 1.000000 0.650318 -0.069936 -0.112440 0.059976 -0.404407 -0.154181 -0.358513 -0.076378 -0.303701 0.045725 0.448661 -0.059456 -0.324142 0.534763 0.106072 -0.058791 -0.119984 -0.250627 -0.121368 -0.199308 -0.177250 -0.240056 -0.174480 -0.287938 0.039608 -0.046406 -0.109005 0.136422 -0.031808 -0.298730 -0.117590 -0.298011 -0.149569 -0.276508 -0.206926 0.182754 0.076035 0.136794 0.498840 -0.258324 -0.038838 -0.347113 0.257998 0.069393 0.447809 -0.281352 -0.136617 0.094973 -0.186956 0.590482 0.281542 -0.460842 -0.505946 -0.014512 0.102757 -0.085051 -0.236308 -0.262585 -0.369861 -0.406708 0.531847 -0.011884 0.657785 -0.023703 0.335190 -0.178650 0.239126 -0.026820 -0.044815 0.039949 0.088136 -0.433164 -0.370815 -0.297609 -0.143806 -0.168275 -0.393074 -0.002879 -0.063389 0.124743 0.085902 -0.135167 -0.050461 -0.301575 -0.392267 -0.194636 -0.504278 0.297737 -0.032377 -0.187019 -0.276285 -0.151380 0.253702 -0.290070 -0.261707 -0.434458 -0.262159
0.156606 0.318367 0.296396 0.312082 -0.090004 -0.304695 0.336330 -0.021820 0.042974 -0.183450 0.236944 -0.072195 0.157981 -0.022289 -0.129560 -0.190418 0.203724 0.427328 0.650318 1.000000 0.064253 -0.057576 0.217209 -0.049221 -0.146136 -0.146394 0.055219 -0.128717 -0.080243 0.136876 -0.043572 -0.341661 0.209562 0.084958 0.028509 -0.135529 -0.313907 -0.135614 -0.175051 -0.006144 -0.261541 -0.161094 -0.141080 0.110811 -0.047672 0.044294 0.115810 0.137064 -0.271278 -0.091738 -0.324710 -0.133608 -0.235564 0.010985 -0.003834 0.157219 0.026398 0.348923 -0.194733 -0.053736 -0.367623 -0.068000 -0.182420 0.197442 -0.020102 -0.143279 0.037238 -0.122175 0.389943 0.407592 -0.324623 -0.367920 -0.137282 -0.046854 -0.168863 -0.202899 -0.238034 -0.262115 -0.373106 0.248513 -0.067541 0.447548 0.138972 0.153822 -0.152781 -0.007451 0.104993 0.040904 0.110747 0.133896 -0.220230 -0.106605 -0.309458 0.096060 -0.164053 -0.341325 -0.075669 -0.185671 -0.046090 -0.066602 -0.204035 0.129435 -0.196373 -0.124281 -0.112266 -0.199997 0.163050 -0.026094 -0.203138 -0.084599 -0.140850 0.081672 -0.075910 -0.279459 -0.456961 -0.101479
-0.043290 0.047940 0.143829 0.016795 0.186063 0.099438 0.106241 -0.050196 -0.041851 0.022318 -0.203852 0.088177 -0.071959 0.012223 -0.188350 -0.052515 0.050756 -0.038859 -0.069936 0.064253 1.000000 0.293389 0.151555 0.167348 0.138310 0.297791 0.302901 0.358309 -0.174333 -0.047042 0.286154 0.121136 0.216735 0.373937 -0.025562 0.014766 -0.167701 0.225169 0.041256 -0.254375 -0.235674 -0.280922 -0.228053 -0.216504 -0.147575 -0.221937 -0.275160 -0.224754 0.019717 -0.082354 -0.177761 -0.086630 0.037847 -0.298241 0.097506 -0.175046 -0.063148 0.084079 -0.176373 -0.027287 -0.049968 0.035532 0.041451 0.063545 0.020322 0.132857 0.000522 0.037479 0.028445 0.111763 0.146507 0.249242 -0.130936 0.078682 0.215322 0.232473 0.187250 -0.015392 0.068045 -0.021202 0.103820 0.065194 -0.088437 0.087409 -0.118176 -0.055296 0.256132 0.158424 -0.161679 0.080455 0.038500 -0.019608 0.003944 0.076969 -0.294411 -0.017047 -0.220758 -0.263015 -0.025607 -0.149060 -0.046422 0.160578 -0.032810 -0.120581 -0.072017 0.195187 0.226268 -0.242437 -0.351195 -0.140803 -0.277081 0.256180 0.366798 0.114782 0.218961 -0.069241
-0.039373 -0.190377 0.078726 -0.246902 0.148983 0.163140 -0.170593 -0.125105 -0.131858 0.072755 -0.267701 -0.276415 -0.233088 -0.316719 0.036255 -0.086530 -0.137198 -0.233587 -0.112440 -0.057576 0.293389 1.000000 0.135775 0.056563 0.379365 0.402325 0.428536 0.414168 -0.093039 -0.195809 0.266508 0.202116 -0.108759 0.018285 -0.074720 0.168360 0.111065 0.274199 0.228025 0.354234 0.082926 0.104057 0.003627 -0.043681 -0.234290 -0.150131 -0.077318 -0.023968 -0.150726 -0.143407 -0.039210 -0.130900 -0.142943 0.025884 0.039523 -0.001405 -0.020736 -0.083496 -0.017963 -0.068676 0.105591 -0.058004 0.044771 -0.222364 -0.110534 0.091620 -0.171074 0.068456 -0.090576 -0.116916 0.201220 0.305398 0.031388 0.008149 0.085148 0.198719 0.124873 0.142762 0.133327 -0.087457 0.100557 -0.139942 -0.097554 -0.240503 -0.046320 -0.054621 -0.082452 -0.116630 0.153551 0.069509 0.082189 0.129555 0.091350 0.117868 0.118363 0.186640 0.212585 0.044291 -0.068928 -0.030649 0.002430 0.141461 0.124359 0.156587 0.188502 0.052139 -0.031742 0.140492 0.146629 0.077146 -0.038838 0.007920 0.068424 0.243170 0.018399 -0.081780
-0.252083 -0.098846 0.202522 0.143195 0.312746 0.142182 0.192698 -0.057534 0.257515 0.362690 0.059472 -0.000668 0.054699 -0.153302 -0.019269 -0.195519 -0.269387 -0.128751 0.059976 0.217209 0.151555 0.135775 1.000000 0.500277 0.287473 0.362459 0.478761 0.282048 -0.336704 -0.248900 0.356366 0.201663 0.035211 0.124037 0.269374 0.345152 -0.128058 -0.113533 0.105917 -0.043795 -0.066154 -0.291394 -0.125973 0.058420 -0.239325 -0.038655 -0.402925 -0.162846 -0.367476 -0.356386 -0.244701 -0.070665 -0.316678 0.215853 -0.027633 -0.285887 -0.291128 -0.130543 -0.171468 -0.381342 -0.257192 -0.335918 -0.284241 -0.330027 0.270401 0.336107 0.146968 0.337259 -0.027467 -0.218180 -0.156096 -0.024210 -0.129334 0.017984 0.298014 0.179171 0.144102 0.017920 -0.167998 -0.157303 -0.275628 -0.094391 0.442566 -0.151860 0.212124 0.161346 0.286374 0.465659 0.276287 0.312416 -0.109404 0.135868 0.097180 0.523913 -0.234127 -0.238353 -0.033861 -0.237155 -0.324458 -0.035884 -0.313889 0.244957 -0.011895 0.170225 -0.049327 -0.113486 0.050504 -0.029758 -0.047869 -0.268490 -0.195581 0.098661 0.250977 0.105417 -0.035772 -0.226677
-0.276919 -0.613672 -0.130569 0.149508 0.392399 0.162356 0.163511 -0.012449 0.170636 0.143926 0.114443 0.074081 -0.004199 -0.111378 0.145943 0.024588 -0.492685 -0.490483 -0.404407 -0.049221 0.167348 0.056563 0.500277 1.000000 0.332503 0.532248 0.106862 0.227801 0.018014 -0.386091 0.504431 0.621628 -0.301267 0.282249 0.218638 0.107843 0.104963 0.120215 0.026928 0.153636 0.175844 0.157745 -0.072497 -0.300491 -0.345739 -0.202073 -0.511872 -0.296565 -0.070408 -0.401535 -0.064904 -0.302921 -0.057205 0.181350 -0.315978 -0.412618 -0.532367 -0.623191 0.004046 -0.517692 0.296207 -0.498136 -0.033843 -0.343706 0.495586 0.004744 -0.019484 0.196789 -0.449783 -0.034492 0.250742 0.384913 0.129516 -0.024153 0.298802 0.411218 0.336436 0.446633 0.303955 -0.363371 -0.091284 -0.410051 0.337019 -0.007008 0.185978 -0.304248 0.196876 0.280191 0.197557 -0.137958 0.457353 0.528837 0.381636 0.519495 -0.035475 0.123327 -0.240635 -0.107766 -0.449106 0.068380 -0.042205 0.131510 0.159046 0.434694 0.201446 0.533314 -0.128277 0.008369 0.036146 0.325274 0.106424 -0.146704 0.310696 0.326070 0.420067 0.176098
-0.307646 -0.416712 0.115221 -0.149246 0.459526 0.255695 -0.017098 -0.139358 0.074648 0.032134 -0.281814 -0.388258 -0.438246 -0.372958 -0.034697 -0.128858 -0.225127 -0.278246 -0.154181 -0.146136 0.138310 0.379365 0.287473 0.332503 1.000000 0.762394 0.498050 0.609252 -0.055607 -0.213970 0.729355 0.512373 -0.127100 0.266667 0.089837 0.415697 0.054544 0.152311 0.267802 0.162082 0.080427 0.233956 0.212793 0.069476 -0.218666 0.040309 -0.133882 -0.199144 -0.193082 -0.324392 -0.077277 -0.171902 0.049736 -0.012162 0.045160 -0.214267 -0.305408 -0.351672 -0.162521 -0.337430 0.005523 -0.377589 -0.169645 -0.343273 0.084757 0.133038 -0.028663 0.277259 -0.202024 -0.097670 0.174631 0.412971 -0.019942 -0.016374 0.036866 0.255647 0.049687 0.111781 0.428898 0.144637 0.157958 -0.002958 -0.043859 -0.295880 0.032077 -0.196379 0.133375 -0.153042 0.057317 -0.177609 0.220666 0.165873 -0.009317 0.108429 0.308160 0.314096 0.174479 0.262897 -0.161892 -0.062247 -0.071794 -0.127363 0.232829 0.205619 0.115240 0.301279 0.085638 -0.017442 0.256425 0.263637 0.289666 -0.008259 0.113492 0.087514 0.268996 0.010011
-0.340642 -0.455473 0.156913 -0.043783 0.505882 0.280357 0.104908 -0.018032 0.170412 0.175892 -0.181939 -0.179113 -0.283188 -0.315067 0.035600 -0.109247 -0.348260 -0.393574 -0.358513 -0.146394 0.297791 0.402325 0.362459 0.532248 0.762394 1.000000 0.582560 0.660327 -0.176037 -0.395814 0.679807 0.568236 -0.299638 0.187027 0.087154 0.402880 0.038203 0.146841 0.322489 0.146914 0.142713 0.160844 0.027255 -0.153050 -0.353049 -0.094525 -0.269835 -0.239434 -0.236293 -0.379782 -0.060407 -0.131428 0.112719 0.094523 0.094674 -0.148176 -0.404491 -0.436521 -0.099452 -0.336832 0.109164 -0.382747 -0.151310 -0.531190 0.278718 0.236611 -0.107761 0.252109 -0.401086 -0.265455 0.233868 0.382506 -0.168773 -0.100608 0.107017 0.232420 0.141315 0.135046 0.340304 -0.197865 -0.035505 -0.184058 0.079299 -0.292190 0.081756 -0.105433 0.097496 0.036420 0.129500 -0.044804 0.292622 0.309474 0.110594 0.216945 0.263392 0.277566 0.193333 0.189223 -0.243917 -0.047178 -0.054708 0.013405 0.184609 0.231833 0.169593 0.383482 -0.040144 -0.074485 0.118663 0.264946 0.136684 -0.099228 0.179320 0.160133 0.276509 0.000884
-0.120341 -0.026130 0.322286 -0.202834 0.291915 0.404889 0.094476 -0.160077 0.095759 0.422091 -0.229051 -0.188198 -0.144688 -0.249032 -0.150224 -0.191589 -0.189829 -0.201839 -0.076378 0.055219 0.302901 0.428536 0.478761 0.106862 0.498050 0.582560 1.000000 0.791775 -0.437427 -0.326326 0.331562 0.138503 -0.151847 0.029074 0.185839 0.432046 -0.190730 -0.090860 0.327073 0.121420 -0.152293 -0.185297 -0.045103 0.120373 -0.169767 0.076788 -0.073590 -0.073661 -0.321022 -0.207339 -0.233219 0.045548 -0.029503 0.088300 0.294218 0.099589 -0.131812 0.039225 -0.060547 0.035072 -0.213628 -0.212618 -0.246148 -0.386748 0.084282 0.234415 -0.017961 0.329319 -0.038755 -0.305846 0.033195 0.007721 -0.354467 -0.176479 -0.001853 0.092403 -0.087132 -0.119651 -0.076028 -0.087667 -0.117200 -0.025682 0.171213 -0.318593 0.132513 0.259275 0.231125 0.182645 0.154650 0.314801 -0.106443 -0.028535 -0.184447 0.002813 0.136517 0.023529 0.351253 0.066254 -0.070749 -0.128692 -0.299830 -0.003626 -0.183730 0.029309 -0.100124 -0.081477 0.069001 -0.060960 0.001605 -0.073633 -0.044760 -0.001053 0.093500 0.072665 -0.125630 -0.374069
-0.207617 -0.242624 0.164997 -0.279748 0.427774 0.560161 0.038264 -0.150024 0.045976 0.358082 -0.331644 -0.163765 -0.181577 -0.197807 -0.089548 -0.107902 -0.227723 -0.376660 -0.303701 -0.128717 0.358309 0.414168 0.282048 0.227801 0.609252 0.660327 0.791775 1.000000 -0.305852 -0.365501 0.474363 0.313474 -0.238617 0.098640 0.162178 0.337716 -0.083325 0.007883 0.344887 0.198713 -0.016081 -0.002480 -0.037876 0.004155 -0.161930 0.025542 -0.205868 -0.249613 -0.038293 -0.227499 -0.031024 -0.013669 0.092178 0.055602 0.259853 0.001751 -0.265618 -0.221782 0.153303 -0.027701 0.044432 -0.261856 -0.146473 -0.373348 0.190835 0.183718 -0.033404 0.295977 -0.212627 -0.258761 0.166928 0.272690 -0.221185 -0.199341 0.069935 0.136922 0.058740 0.063809 0.183838 -0.140645 -0.124866 -0.243088 0.039832 -0.226017 0.038248 -0.058925 0.223784 0.092468 0.156123 0.114892 0.129389 0.142796 -0.036987 0.010693 0.353440 0.277996 0.246112 0.275699 -0.184386 -0.019285 -0.196472 -0.058464 -0.091908 0.118045 -0.020947 0.179943 0.019175 -0.151219 0.036127 0.099350 0.151900 -0.106383 0.226243 0.078956 0.168910 -0.193301
0.167256 -0.361959 -0.289961 0.098366 -0.143974 -0.083359 -0.005110 0.114475 -0.159029 -0.434708 0.062249 -0.032249 0.087057 0.090577 0.384775 0.340839 0.317437 -0.075450 0.045725 -0.080243 -0.174333 -0.093039 -0.336704 0.018014 -0.055607 -0.176037 -0.437427 -0.305852 1.000000 0.343903 0.089566 0.235689 0.050765 0.165967 -0.222539 -0.513986 0.242360 0.223174 -0.186512 -0.005298 0.441001 0.264423 0.026415 -0.316652 -0.191059 -0.335458 -0.107575 -0.214201 0.040503 -0.128581 0.123385 -0.355280 0.012495 -0.209820 -0.166683 -0.221988 -0.119308 -0.309460 -0.245041 -0.240645 0.269017 -0.097176 0.610867 0.368411 -0.156035 -0.555451 -0.332538 -0.402428 -0.265124 0.116356 0.293363 0.304494 0.737953 0.108537 0.164737 0.099575 0.230753 0.257609 0.487780 0.075087 0.579558 0.119980 -0.097133 0.413390 0.039419 -0.386804 -0.142702 -0.125915 -0.058056 -0.514646 0.335611 0.080297 0.166147 -0.166561 0.178358 0.235111 -0.195056 0.129024 -0.046296 -0.051457 0.276288 -0.051605 0.083072 0.131483 0.181128 0.268380 0.024336 0.096432 0.032606 0.283448 0.017802 0.153082 -0.070125 -0.007635 0.266384 0.464137
-0.087150 0.264511 -0.268359 0.285575 -0.238209 -0.115382 -0.142857 0.138732 -0.189647 -0.209638 -0.274917 0.168998 0.016646 0.249987 0.047429 0.440085 0.216388 0.279611 0.448661 0.136876 -0.047042 -0.195809 -0.248900 -0.386091 -0.213970 -0.395814 -0.326326 -0.365501 0.343903 1.000000 -0.046745 -0.072930 0.496031 0.244004 -0.124295 -0.308100 0.121911 0.284408 -0.162253 -0.251660 0.252254 0.042424 -0.253597 -0.180013 0.058517 -0.232795 0.019005 -0.219583 0.039064 0.236769 -0.067958 0.037914 -0.043185 -0.247980 0.186412 -0.017257 0.106822 0.165832 -0.355121 0.131658 -0.233375 0.236419 0.333135 0.637375 -0.447823 -0.392082 -0.089376 -0.396775 0.276148 -0.012385 -0.267315 -0.107380 0.406393 0.345792 0.163974 0.129780 -0.095082 -0.138839 -0.025187 0.306631 0.145021 0.468313 -0.181413 0.615502 -0.109442 0.035719 -0.132062 0.009645 -0.357649 -0.177926 -0.230634 -0.440446 0.045791 -0.202280 -0.157862 -0.249075 -0.206703 -0.147559 0.146757 0.017624 0.174563 0.160687 -0.084797 -0.169914 -0.009488 -0.235166 0.313344 0.034343 0.055232 -0.195297 -0.427549 0.205712 -0.085321 -0.060270 -0.000682 0.100048
-0.471430 -0.521630 0.106795 0.125530 0.582878 0.336774 0.208913 -0.056553 0.146357 0.004070 -0.157166 0.012689 -0.176450 -0.073435 0.018798 0.122760 -0.286129 -0.306413 -0.059456 -0.043572 0.286154 0.266508 0.356366 0.504431 0.729355 0.679807 0.331562 0.474363 0.089566 -0.046745 1.000000 0.754455 0.086910 0.506092 0.093807 0.192076 0.107706 0.363778 0.202173 0.150881 0.162267 0.250927 -0.088842 -0.274958 -0.440727 -0.327107 -0.411268 -0.477761 -0.316428 -0.554123 -0.219476 -0.395820 -0.030280 -0.085544 0.134782 -0.420398 -0.553639 -0.538887 -0.241662 -0.473140 0.086823 -0.398183 0.114604 -0.115833 0.049980 -0.013108 -0.035941 0.111885 -0.246488 -0.123576 0.219716 0.444918 0.188733 0.108005 0.366058 0.431069 0.309926 0.368470 0.407188 0.095656 -0.029224 -0.017780 -0.024626 0.131572 -0.119245 -0.280011 0.129739 0.039158 0.102967 -0.189718 0.246360 0.174744 0.195466 0.166317 0.216717 0.254975 -0.050349 0.161711 -0.416485 -0.010748 0.076040 -0.073809 0.212158 0.206460 0.024992 0.329709 0.161209 -0.162675 0.169747 0.240672 -0.026600 -0.035918 0.190211 0.251610 0.304971 0.069398
-0.549578 -0.717286 -0.108611 0.100597 0.443359 0.354358 0.102571 0.079707 0.126386 0.018763 -0.140652 0.190899 -0.020104 0.072077 0.252001 0.358496 -0.428949 -0.562795 -0.324142 -0.341661 0.121136 0.202116 0.201663 0.621628 0.512373 0.568236 0.138503 0.313474 0.235689 -0.072930 0.754455 1.000000 -0.112555 0.437241 -0.010732 0.029434 0.332349 0.424002 0.170074 0.219271 0.369675 0.382926 -0.239052 -0.503894 -0.481688 -0.489123 -0.466087 -0.591849 -0.209544 -0.520323 -0.173548 -0.380298 0.045363 -0.001851 0.002575 -0.402472 -0.694292 -0.761871 -0.148842 -0.438356 0.331790 -0.334577 0.275858 -0.191706 0.144873 -0.053207 -0.163943 -0.007616 -0.367465 -0.215796 0.355635 0.574187 0.378694 0.185490 0.458429 0.605584 0.499962 0.630021 0.504358 -0.115397 -0.016472 -0.271793 0.002801 0.241502 -0.024368 -0.254583 0.020682 0.047102 0.085172 -0.272357 0.414545 0.295178 0.433586 0.229880 0.234642 0.333787 -0.054681 0.194350 -0.459626 0.107374 0.289644 -0.069906 0.221034 0.335208 0.176031 0.440739 -0.068427 -0.093542 0.291113 0.372497 -0.019607 -0.235873 0.215651 0.352216 0.493339 0.184661
0.003768 0.334567 0.061241 0.126605 -0.139017 -0.128602 0.023693 -0.158629 -0.118879 -0.050918 -0.111621 0.184817 0.130790 0.152292 -0.176167 0.072131 0.316157 0.383066 0.534763 0.209562 0.216735 -0.108759 0.035211 -0.301267 -0.127100 -0.299638 -0.151847 -0.238617 0.050765 0.496031 0.086910 -0.112555 1.000000 0.449860 -0.073360 -0.091348 -0.095323 0.174644 -0.290864 -0.346922 -0.198000 -0.132395 -0.197573 0.099723 0.266070 0.034609 0.058922 -0.116426 -0.009911 0.200160 -0.235418 0.062661 -0.192041 -0.214633 0.144405 -0.077955 0.225259 0.331274 -0.461876 0.008190 -0.460683 0.189550 0.139693 0.494633 -0.385835 -0.099360 0.185854 -0.011934 0.398681 0.063276 -0.327268 -0.164895 0.027554 0.354677 0.256338 0.131030 -0.020763 -0.213449 -0.086509 0.465174 0.093514 0.481133 -0.243090 0.264410 -0.148852 0.086204 0.142757 -0.126040 -0.225640 -0.081077 -0.497422 -0.502037 -0.165127 -0.192911 -0.387297 -0.382684 -0.289478 -0.265462 0.004645 -0.079300 0.027570 -0.103653 -0.204744 -0.460240 -0.319996 -0.348381 0.402965 -0.311365 -0.100803 -0.304623 -0.251716 0.280056 -0.088133 -0.053698 0.000517 -0.086239
-0.142566 -0.316450 0.022043 0.034433 0.081597 -0.066568 0.211322 -0.154523 0.072670 0.003497 -0.111014 0.131795 0.055297 0.010420 0.075490 0.189894 -0.011146 -0.093451 0.106072 0.084958 0.373937 0.018285 0.124037 0.282249 0.266667 0.187027 0.029074 0.098640 0.165967 0.244004 0.506092 0.437241 0.449860 1.000000 0.190551 0.077378 0.258849 0.412931 -0.264002 -0.169431 0.141898 0.182478 -0.309444 -0.297498 -0.218196 -0.306264 -0.365520 -0.467410 -0.148090 -0.342410 -0.248352 -0.340587 -0.040610 -0.300107 -0.119198 -0.558716 -0.213886 -0.241638 -0.240616 -0.324874 0.020609 -0.129842 0.190663 0.200857 -0.012620 -0.127165 0.137343 0.097254 -0.099772 0.056468 0.022601 0.369672 0.280387 0.399051 0.466624 0.530249 0.357632 0.313415 0.231020 0.205424 0.160415 0.123652 -0.095851 0.265003 -0.151149 -0.353659 0.086821 -0.064344 -0.275168 -0.357180 0.173132 -0.014606 0.197909 0.141576 -0.258547 -0.036868 -0.507641 -0.220334 -0.344957 -0.034889 0.113550 -0.003734 0.085639 0.060400 0.028666 0.398557 0.227959 -0.101103 -0.160909 0.063907 -0.191371 0.089660 0.293544 0.126485 0.445746 0.123415
0.144388 -0.162696 -0.161741 -0.149943 0.124422 -0.080856 0.053322 -0.400795 0.298347 0.074956 -0.067714 -0.254151 -0.198010 -0.377688 -0.193756 -0.358746 -0.091560 -0.089210 -0.058791 0.028509 -0.025562 -0.074720 0.269374 0.218638 0.089837 0.087154 0.185839 0.162178 -0.222539 -0.124295 0.093807 -0.010732 -0.073360 0.190551 1.000000 0.558071 0.030192 -0.016992 -0.057079 0.100932 0.057044 0.108044 -0.141304 -0.081080 0.060014 0.138094 -0.243529 -0.222416 -0.053613 -0.105926 -0.241869 -0.258706 -0.228340 -0.122159 -0.089748 -0.283843 0.046918 -0.114472 0.120099 -0.125769 -0.022587 -0.260408 0.016194 -0.008117 0.328418 0.134556 0.472885 0.456923 -0.085392 0.148728 -0.013944 -0.015227 -0.034699 0.088930 0.088905 -0.025142 -0.014128 0.107506 -0.010520 0.065543 0.028992 -0.053106 0.187902 -0.188460 0.379538 -0.018338 0.269225 0.079678 0.141635 -0.120539 -0.084919 0.029930 -0.158018 0.252154 -0.132550 0.095946 -0.141835 0.010116 -0.220987 -0.079295 -0.081876 -0.060600 -0.012458 0.180917 0.105590 0.166671 -0.130053 -0.050644 -0.138430 -0.019578 0.144665 0.116982 0.172171 -0.051116 0.026683 -0.321446
-0.005201 -0.085575 0.186752 -0.249268 0.215879 -0.085068 0.132637 -0.257770 0.293656 0.242223 -0.067675 -0.381852 -0.342098 -0.545450 -0.144296 -0.469026 -0.239292 -0.101606 -0.119984 -0.135529 0.014766 0.168360 0.345152 0.107843 0.415697 0.402880 0.432046 0.337716 -0.513986 -0.308100 0.192076 0.029434 -0.091348 0.077378 0.558071 1.000000 -0.078862 -0.113570 0.143061 -0.038004 -0.103801 -0.025884 0.134863 0.301125 0.124028 0.367709 -0.024679 -0.018177 -0.220624 -0.119886 -0.161713 -0.024119 -0.131987 -0.011680 -0.026478 -0.150070 0.070902 -0.025109 0.077403 -0.073764 -0.142775 -0.178785 -0.282881 -0.338777 0.318964 0.501501 0.418473 0.649093 -0.068084 -0.172143 -0.007686 -0.006991 -0.382016 -0.153545 -0.134948 -0.057906 -0.109280 -0.090408 -0.120087 0.081192 -0.119289 -0.087691 0.256939 -0.582511 0.247880 0.133597 0.248452 0.011098 0.196367 0.035889 -0.258866 0.041926 -0.190418 0.236532 -0.135110 0.010295 0.126635 -0.023672 -0.061111 -0.118326 -0.187737 -0.031325 0.073660 -0.019801 -0.000952 -0.022534 -0.041732 -0.028164 -0.034244 -0.175594 0.089463 0.118330 0.113993 0.045141 -0.049480 -0.334355
