1.000000 0.374420 -0.003729 -0.154172 0.112589 0.077555 0.172814 -0.028467 0.108852 0.173903 0.598786 0.257107 0.578407 0.405504 0.279315 0.237833 0.246304 0.000954 0.362355 0.323826 -0.297682 -0.364648 -0.416710 -0.532510 -0.243373 -0.329948 -0.287823 -0.288202 0.073762 0.142515 -0.342758 -0.581393 0.224819 -0.197142 -0.256539 -0.152429 0.136477 -0.149831 -0.174064 -0.090275 0.035874 -0.029255 -0.083599 -0.280594 -0.287413 -0.345430 -0.252178 -0.364188 -0.148889 -0.421576 -0.240101 -0.112813 -0.203575 -0.079088 0.025509 -0.292332 0.307903 0.121684 0.094324 -0.038014 0.604632 0.345203 0.137532 -0.049211 0.107150 0.063983 -0.107031 -0.294169 0.216187 -0.047997 -0.166986 -0.024719 0.050819 0.089290 0.089706 0.229195 0.207205 0.140161 -0.153107 -0.250824 0.131101 -0.067797 0.076603 -0.069594 0.111280 0.011840 0.008134 -0.038396 -0.128609 -0.062341 -0.033678 0.151981 0.032241 0.039816 -0.170196 -0.062512 -0.144600 0.036087 -0.104250 0.125562 -0.096302 0.100465 -0.132626 0.083977 -0.092757 -0.201770 -0.090233 0.051666 -0.134537 0.163773 -0.007740 0.065669 -0.162050 -0.128042 0.113198 -0.133454
0.374420 1.000000 -0.432885 -0.545417 -0.440239 -0.086098 -0.216512 0.069642 -0.308244 0.290838 -0.062783 0.210457 0.025387 0.450020 -0.219991 0.116788 0.660136 0.539937 -0.175844 0.585261 -0.323538 -0.005237 -0.595890 -0.668933 -0.574165 -0.539702 -0.500880 -0.489732 0.435027 0.526477 -0.419221 -0.439261 0.030077 -0.076089 -0.595816 -0.471461 0.422821 0.283068 -0.125984 0.085816 0.236655 0.384546 -0.165657 -0.447465 -0.333456 -0.453997 -0.240804 -0.223660 -0.359357 -0.295514 -0.217205 -0.239855 0.074032 -0.114862 -0.241236 -0.226062 0.391804 0.594429 -0.133129 0.340268 0.386168 0.561250 0.587989 0.592833 -0.413970 -0.292644 -0.157806 -0.540001 0.556971 0.429193 0.125521 0.169256 0.566683 0.540470 0.526844 0.548405 0.565285 0.391370 0.278708 0.238411 0.628512 0.512206 -0.222630 0.097701 -0.109495 -0.201386 0.045719 -0.135806 -0.281248 -0.066524 0.166479 -0.141884 -0.210439 -0.280193 -0.285977 -0.008279 0.076764 0.039620 0.140520 0.299921 0.093729 -0.021534 0.159696 0.102657 0.108938 -0.277875 0.083546 -0.105023 -0.118013 0.063514 -0.210319 0.141473 0.093374 -0.016103 -0.185203 0.021669
-0.003729 -0.432885 1.000000 0.467772 0.458198 0.102105 0.724798 0.385386 0.511397 0.073209 -0.067777 -0.283110 0.112752 -0.329484 0.141588 -0.175194 -0.560567 -0.533728 0.609869 -0.176472 -0.108276 -0.262183 0.400132 0.414833 0.177442 0.032219 0.075669 -0.045082 -0.358217 -0.396917 0.262592 0.056713 0.088481 0.098583 0.159087 0.196255 -0.670029 -0.597240 -0.360376 -0.498393 -0.579683 -0.508098 0.096343 0.294515 0.129575 0.334935 0.018328 -0.078742 0.039470 -0.044458 -0.103536 -0.101694 0.018086 0.050712 -0.144098 -0.274345 -0.090247 -0.190054 0.005813 -0.116725 0.152910 -0.019757 -0.199508 -0.320203 0.378445 0.114022 0.279917 0.497867 -0.153955 -0.185495 -0.130782 -0.275435 -0.483254 -0.289826 -0.300498 -0.290444 -0.264342 -0.418466 -0.465142 -0.326410 -0.533165 -0.563414 0.007785 -0.308806 -0.122487 -0.174150 -0.047409 -0.255519 0.117254 0.149761 0.037194 0.211854 0.167579 0.410569 -0.231587 -0.142731 -0.398183 -0.274915 -0.263041 -0.264082 -0.108998 0.348392 -0.075978 0.164366 0.009771 0.051779 -0.136920 0.058635 -0.196700 -0.227905 -0.158729 -0.154161 -0.084181 0.172111 0.059123 -0.014726
-0.154172 -0.545417 0.467772 1.000000 0.551476 0.263757 0.226477 0.220419 0.351229 -0.054172 0.031310 -0.005422 0.000565 -0.216835 0.207985 0.003856 -0.494053 -0.409208 0.486666 -0.400221 0.133501 0.076350 0.372174 0.562821 0.395323 0.474450 0.376178 0.397091 -0.590676 -0.508347 0.163426 0.254009 0.027754 0.003950 0.314338 0.230608 -0.452432 -0.328046 0.016942 -0.092590 -0.467734 -0.426884 -0.070530 0.177311 -0.065516 0.202850 -0.193427 -0.205489 -0.025873 -0.037538 0.138431 0.086770 -0.228743 0.035215 0.210085 -0.163465 -0.049376 -0.206605 0.068514 -0.318400 -0.147424 -0.227921 -0.575143 -0.578257 0.620348 0.529754 0.071125 0.415320 -0.175163 -0.203104 -0.202759 -0.225017 -0.543594 -0.385244 -0.330458 -0.388272 -0.340595 -0.366421 -0.370843 -0.304288 -0.541214 -0.631391 0.051631 -0.095141 0.157655 0.371640 -0.043609 0.244612 0.492771 0.253346 -0.268871 0.073695 0.188692 0.101267 0.104535 0.012859 -0.311426 -0.178805 -0.356773 -0.184164 -0.175069 0.000212 -0.191228 -0.119889 -0.280161 0.053267 -0.246851 -0.000880 -0.111546 -0.001263 -0.141104 -0.252141 -0.223158 0.020899 -0.024740 -0.083621
0.112589 -0.440239 0.458198 0.551476 1.000000 0.546549 0.225605 0.032580 0.765142 0.157415 0.266810 -0.039905 0.340500 -0.052423 0.528817 0.249305 -0.376514 -0.407226 0.414006 -0.248449 0.031936 -0.192457 0.358424 0.422781 0.478148 0.493540 0.422911 0.334193 -0.543585 -0.368801 0.141646 0.037572 0.036973 -0.055663 0.489506 0.483834 -0.474580 -0.211754 0.014945 -0.105825 -0.496338 -0.296691 -0.077302 0.068394 -0.084210 0.165850 -0.202943 -0.299943 0.004945 -0.150570 0.019663 -0.011743 -0.259220 -0.045431 0.171005 -0.177890 -0.203281 -0.278704 0.042293 -0.340449 -0.143062 -0.227652 -0.647327 -0.565238 0.512442 0.543414 -0.055301 0.202133 -0.172038 -0.180389 0.024909 -0.232340 -0.534764 -0.218079 -0.346431 -0.229786 -0.222249 -0.196412 -0.475264 -0.230397 -0.443867 -0.458291 0.239760 -0.150500 0.078059 0.059220 0.035581 0.158264 0.481437 0.053007 -0.127663 0.171906 0.283169 0.256620 -0.102787 0.148457 -0.231945 -0.086874 -0.430035 -0.417339 -0.367471 0.029639 -0.295811 -0.221868 -0.211598 0.256686 -0.343068 0.080479 -0.036549 -0.071523 -0.038612 -0.368998 -0.391673 -0.106220 0.115095 -0.178428
0.077555 -0.086098 0.102105 0.263757 0.546549 1.000000 0.091442 0.218657 0.504211 0.525022 0.153866 0.022792 0.301692 0.253321 0.324192 0.487763 -0.151890 -0.028497 0.117619 0.032425 0.047299 -0.148338 0.082656 0.271017 0.070800 0.273080 0.189953 0.132239 -0.207674 -0.117042 -0.033771 -0.105651 -0.116261 0.009237 0.344703 0.274813 -0.361122 -0.012613 0.067868 0.119046 -0.327056 -0.148799 -0.077572 -0.039282 -0.136047 0.072458 -0.108541 -0.113254 -0.030582 -0.209674 -0.068169 -0.039396 -0.111886 -0.087926 0.135995 -0.218249 -0.312049 -0.147191 -0.087672 -0.118550 -0.069194 -0.013610 -0.322961 -0.315320 0.267142 0.368835 -0.120745 0.039947 -0.052423 -0.169125 -0.195159 -0.191976 -0.274263 -0.196686 -0.235609 -0.114589 -0.189677 -0.149119 -0.308430 -0.243987 -0.249671 -0.338025 0.162232 0.090340 -0.150889 -0.179339 -0.098239 0.007981 0.271421 -0.045180 0.046190 0.084200 0.396494 0.035300 -0.116197 0.251950 -0.115491 -0.192797 -0.336749 -0.361386 -0.081762 -0.068729 -0.278911 -0.303912 -0.093447 0.115331 -0.103437 0.104865 -0.118986 -0.103708 -0.060133 -0.242071 -0.290502 -0.141120 0.198682 -0.081691
0.172814 -0.216512 0.724798 0.226477 0.225605 0.091442 1.000000 0.587697 0.437034 0.160948 0.028927 -0.134890 0.348171 -0.001121 0.024452 -0.172423 -0.250359 -0.245046 0.423241 0.184621 -0.203053 -0.296041 -0.059494 -0.037468 -0.230515 -0.327735 -0.302440 -0.287244 0.080770 -0.050198 0.068397 -0.208980 0.212229 0.257787 -0.077368 0.001403 -0.457228 -0.467176 -0.454273 -0.418048 -0.284415 -0.183951 -0.011676 0.106239 0.022896 0.188109 -0.151925 -0.179076 -0.221119 -0.322159 -0.361435 -0.379784 -0.138007 -0.204673 -0.294180 -0.489270 -0.242663 -0.239536 -0.155245 -0.036834 0.388713 0.196209 0.174171 0.017460 0.244088 -0.066901 0.219791 0.337303 -0.153402 -0.119149 -0.181525 -0.330719 -0.080375 -0.038838 -0.055310 0.040365 -0.076955 -0.120095 -0.304713 -0.127018 -0.238977 -0.300912 -0.132575 -0.143162 -0.276508 -0.242255 -0.098954 -0.501296 -0.153388 0.134589 0.136255 0.244302 0.233926 0.331951 -0.286226 -0.126663 -0.462303 -0.229546 -0.320650 -0.291781 -0.023215 0.517056 0.192286 0.265906 0.045975 -0.090230 -0.037964 0.057791 -0.103031 -0.189670 -0.317062 -0.136632 -0.009753 -0.068777 0.047031 -0.026330
-0.028467 0.069642 0.385386 0.220419 0.032580 0.218657 0.587697 1.000000 0.212894 0.276612 -0.183615 0.099739 0.282840 0.310027 -0.153163 -0.031346 -0.266575 -0.063131 0.085738 0.239948 -0.198390 0.024304 -0.271634 -0.088752 -0.413564 -0.320290 -0.508262 -0.435643 0.106906 0.112155 -0.101860 -0.185885 0.082875 0.316525 -0.106516 -0.083063 -0.301481 -0.330284 -0.397017 -0.202846 -0.285827 0.015408 -0.212953 -0.078129 -0.066016 0.175899 -0.125484 -0.184383 -0.355794 -0.352510 -0.355622 -0.456202 -0.158802 -0.355427 -0.216678 -0.462205 -0.304118 -0.177975 -0.261750 0.136617 0.321511 0.392758 0.155628 0.112329 0.227712 0.162081 0.206817 0.358879 -0.091227 0.062224 -0.331533 -0.054628 0.048255 0.081494 0.169558 0.203216 0.014876 -0.088272 -0.106506 -0.224067 -0.186428 -0.202538 -0.376387 -0.022893 -0.434072 -0.275621 -0.173676 -0.330372 0.035271 0.106733 0.158201 -0.074708 0.396361 0.014152 -0.290441 -0.089175 -0.277584 -0.328457 -0.304710 -0.267544 0.201278 0.309105 0.202373 0.110403 0.147102 -0.212479 0.142347 -0.026700 -0.147391 -0.146692 -0.457893 -0.050581 0.064415 -0.052615 -0.073436 -0.091567
0.108852 -0.308244 0.511397 0.351229 0.765142 0.504211 0.437034 0.212894 1.000000 0.376224 0.135090 0.005018 0.431696 0.101570 0.445660 0.331719 -0.305634 -0.213368 0.301481 -0.077418 -0.160169 -0.396193 0.174844 0.276078 0.280741 0.186163 0.080665 -0.073424 -0.279628 -0.169865 0.131956 -0.110800 -0.021385 0.109760 0.356330 0.515888 -0.440096 -0.145175 -0.213115 -0.184943 -0.401561 -0.104862 -0.021120 0.122521 0.027606 0.246991 -0.136533 -0.261478 -0.022651 -0.153205 -0.061294 -0.082864 -0.241292 -0.041413 -0.139646 -0.334312 -0.303521 -0.265859 -0.054338 -0.331008 -0.047207 -0.088636 -0.448459 -0.385025 0.382618 0.476113 -0.106063 0.150594 -0.318246 -0.176968 0.092532 -0.134746 -0.318173 -0.001569 -0.154138 -0.028160 -0.053545 -0.031410 -0.294229 -0.024004 -0.328401 -0.312713 0.038075 -0.189828 -0.213428 -0.218719 -0.069983 -0.249293 0.253624 -0.164339 -0.013782 0.257515 0.369260 0.220871 -0.315426 0.143674 -0.370031 -0.231167 -0.336935 -0.403508 -0.271612 0.149568 -0.208866 -0.177836 -0.200967 0.139917 -0.296676 0.159499 -0.109997 -0.071599 -0.169363 -0.297815 -0.086820 -0.005704 0.176538 -0.219128
0.173903 0.290838 0.073209 -0.054172 0.157415 0.525022 0.160948 0.276612 0.376224 1.000000 -0.028878 0.068299 0.214316 0.381189 0.152153 0.491251 0.021733 0.039724 0.045371 0.247732 -0.430035 -0.229644 -0.144826 -0.054077 -0.331842 -0.229980 -0.182996 -0.249164 -0.011991 0.030837 -0.333584 -0.381282 -0.157555 0.044366 -0.135274 0.003122 -0.185336 0.076507 -0.086477 0.060110 -0.325122 0.067347 -0.063092 -0.118287 -0.062782 0.012148 0.005078 -0.078260 0.031170 -0.105215 -0.127151 -0.114859 0.067425 -0.010551 -0.094758 -0.253761 -0.258480 -0.058373 0.073973 0.201363 0.295871 0.435551 0.130720 0.166523 0.002598 0.120833 -0.127748 -0.167467 -0.051416 -0.066536 -0.115176 -0.036670 -0.002910 0.096389 0.025872 0.186874 0.063557 -0.040272 -0.170786 -0.071798 0.042784 -0.104194 -0.146627 -0.119598 -0.355010 -0.557066 -0.042347 -0.328839 -0.003810 -0.089044 0.188645 0.130424 0.160953 0.045787 -0.404555 -0.011560 -0.189313 -0.213540 -0.089546 -0.191733 -0.040451 0.104517 -0.132242 -0.104781 -0.058073 -0.267384 -0.048984 -0.049561 -0.206263 -0.170683 -0.281981 -0.080528 0.065635 0.002632 0.069835 -0.082207
0.598786 -0.062783 -0.067777 0.031310 0.266810 0.153866 0.028927 -0.183615 0.135090 -0.028878 1.000000 0.570124 0.622753 0.426858 0.432916 0.308331 0.032519 -0.069519 0.254373 -0.031503 0.008583 -0.176226 -0.053653 -0.257993 0.083256 0.011422 -0.095468 -0.065716 0.000998 0.051328 -0.148100 -0.366501 0.207923 -0.271268 0.183055 0.050212 0.089591 -0.039097 0.014858 -0.021385 0.030961 0.024625 0.057742 -0.004373 -0.025154 -0.047235 -0.088039 -0.216413 0.087550 -0.205146 -0.039147 0.187665 -0.270983 0.039215 0.319521 0.057975 -0.065924 -0.302573 -0.034582 -0.336147 0.183777 -0.081028 -0.216861 -0.337368 0.215962 0.222774 -0.327887 -0.170186 -0.208098 -0.469909 -0.114450 -0.159503 -0.141668 -0.103025 -0.136667 0.046838 0.061888 0.070548 -0.227634 -0.123213 -0.139014 -0.203455 0.332949 0.100875 0.374393 0.355798 0.044837 0.220118 0.020762 -0.030648 -0.151534 0.204722 0.142535 0.029226 0.067525 -0.116089 -0.047718 -0.006535 -0.027911 -0.020257 -0.092335 -0.126873 -0.364756 -0.284656 -0.339651 -0.139848 -0.220018 -0.035569 -0.091183 0.110113 0.205421 0.004080 -0.227038 -0.012952 0.223781 -0.157124
0.257107 0.210457 -0.283110 -0.005422 -0.039905 0.022792 -0.134890 0.099739 0.005018 0.068299 0.570124 1.000000 0.348301 0.660630 0.030858 0.284014 0.076359 0.362646 -0.159307 0.059706 -0.145032 0.090307 -0.318051 -0.326559 -0.180931 -0.091382 -0.368531 -0.267218 0.218356 0.368673 -0.234217 -0.268772 0.177422 0.029673 0.009961 -0.036980 0.233609 0.034719 -0.162032 0.068317 0.175826 0.260390 -0.185045 -0.173466 0.059301 0.020324 -0.077822 -0.341794 -0.047192 -0.147379 0.044062 0.069279 -0.293519 -0.129340 0.146891 0.078879 -0.136940 -0.206953 -0.112479 -0.174100 0.079777 0.143874 -0.045481 -0.081663 0.037037 0.300793 -0.332277 -0.174653 -0.189759 -0.244270 -0.114075 -0.021309 0.171196 0.150729 0.203265 0.187636 0.259157 0.177652 0.021454 0.132134 0.088390 0.015989 -0.023069 0.219154 0.018996 0.347695 -0.049301 0.137444 -0.144235 -0.114778 -0.101454 -0.120695 0.169757 -0.269548 -0.208121 -0.139838 -0.010391 -0.052238 0.168605 -0.061237 0.201637 -0.208201 -0.143006 -0.329107 -0.324347 -0.341493 -0.166027 -0.213115 -0.164358 0.150335 -0.142032 -0.036288 -0.185996 -0.041909 -0.084671 -0.138799
0.578407 0.025387 0.112752 0.000565 0.340500 0.301692 0.348171 0.282840 0.431696 0.214316 0.622753 0.348301 1.000000 0.581698 0.451552 0.370756 -0.068868 -0.041151 0.276351 0.205317 -0.183138 -0.328012 -0.247098 -0.340593 -0.106904 -0.122250 -0.371358 -0.319438 0.058408 0.166912 -0.251147 -0.491237 0.229728 0.046186 0.112810 0.142613 -0.020488 -0.003649 -0.224023 -0.042422 -0.038679 0.163557 -0.121405 -0.116682 -0.130636 -0.053744 -0.163249 -0.253234 -0.255108 -0.514854 -0.262374 -0.241191 -0.373818 -0.265393 0.034764 -0.286647 -0.256651 -0.357815 -0.228072 -0.241724 0.312404 0.090690 -0.162145 -0.268472 0.301685 0.306757 -0.114576 0.019279 -0.141190 -0.226793 -0.128970 -0.004289 -0.004838 0.199365 0.103508 0.333216 0.247890 0.304916 -0.087637 -0.161554 -0.124495 -0.088349 -0.120391 -0.064342 -0.073043 -0.066941 -0.252684 -0.085989 0.090164 -0.160830 -0.052646 0.175643 0.338472 0.149952 -0.163416 0.006079 -0.129681 -0.172346 -0.267602 -0.139673 -0.129559 0.138387 -0.160151 -0.158674 -0.086499 -0.156805 -0.097667 0.061652 -0.084831 0.108647 0.010545 0.009378 -0.017111 -0.130950 0.097802 -0.269592
0.405504 0.450020 -0.329484 -0.216835 -0.052423 0.253321 -0.001121 0.310027 0.101570 0.381189 0.426858 0.660630 0.581698 1.000000 0.178973 0.589323 0.134418 0.333280 -0.185659 0.310287 -0.281916 -0.062920 -0.415601 -0.433343 -0.429799 -0.356356 -0.583623 -0.556227 0.322120 0.411773 -0.317985 -0.453349 0.059908 0.131991 -0.143766 0.019673 0.214668 0.120438 -0.225131 0.061555 0.116585 0.367537 -0.170159 -0.260195 -0.087308 0.013926 -0.150736 -0.217869 -0.249204 -0.352916 -0.179674 -0.215428 -0.311658 -0.183010 -0.017943 -0.246254 -0.237022 -0.157519 -0.264688 -0.078809 0.263018 0.352586 0.137199 0.059811 0.100119 0.173691 -0.272970 -0.244589 -0.080443 0.002111 -0.119103 0.204172 0.283734 0.287663 0.219211 0.429572 0.300036 0.284796 0.011411 -0.042647 0.135346 0.148360 -0.137624 0.279522 -0.192739 0.032850 -0.157090 -0.162490 -0.064349 -0.217354 0.121459 -0.027135 0.293981 -0.094645 -0.329034 -0.093789 -0.137083 -0.118807 -0.002811 0.004776 0.130396 -0.151423 -0.061848 -0.200171 -0.204807 -0.400539 -0.087764 -0.164743 -0.148316 0.050888 -0.161650 -0.028401 -0.002504 -0.188273 -0.010068 -0.168112
0.279315 -0.219991 0.141588 0.207985 0.528817 0.324192 0.024452 -0.153163 0.445660 0.152153 0.432916 0.030858 0.451552 0.178973 1.000000 0.580661 -0.164917 -0.184331 0.388323 -0.069578 -0.069934 -0.219315 0.313806 0.166420 0.229311 0.136855 0.167665 0.041208 -0.318223 -0.223136 -0.075404 -0.196509 0.086719 -0.151858 0.160699 0.276745 -0.085339 0.020331 0.052972 -0.016546 -0.170995 -0.067811 -0.158136 -0.085389 -0.214374 -0.120581 -0.224735 -0.175874 0.122449 -0.110291 0.180676 0.223968 0.032329 0.284651 0.226001 -0.104879 -0.168161 -0.181493 -0.093140 -0.371367 -0.084002 -0.167536 -0.431616 -0.407894 0.329916 0.241144 -0.231094 -0.130442 -0.114323 -0.112859 0.019767 -0.123488 -0.291037 -0.088002 -0.153886 0.037432 0.003741 0.042148 -0.199026 -0.186123 -0.186054 -0.143678 0.406639 0.005968 0.084450 -0.024546 0.205995 0.175999 0.335902 -0.162503 -0.075934 0.318604 0.145657 0.255671 0.008831 0.066423 -0.289708 0.053047 -0.222698 -0.085447 -0.151733 -0.169119 -0.309417 -0.223293 -0.177711 0.084788 -0.212959 0.031318 -0.011846 0.100031 0.019745 -0.248436 -0.188475 -0.046012 0.252165 -0.135733
0.237833 0.116788 -0.175194 0.003856 0.249305 0.487763 -0.172423 -0.031346 0.331719 0.491251 0.308331 0.284014 0.370756 0.589323 0.580661 1.000000 -0.059278 0.077678 -0.017476 -0.026288 -0.157586 -0.015871 0.030125 0.038271 0.020432 0.006764 -0.086704 -0.192249 -0.131255 -0.013631 -0.154966 -0.259170 -0.008541 0.032055 0.042907 0.285594 0.096208 0.154079 0.004483 0.051349 -0.157510 0.030446 -0.152099 -0.145821 -0.138800 -0.047574 -0.159498 -0.158977 0.004386 -0.220483 0.040087 0.041402 -0.128648 0.069438 0.222777 -0.178617 -0.242126 -0.075541 -0.107963 -0.109082 0.018729 0.151992 -0.173466 -0.139026 0.231653 0.310111 -0.199810 -0.136001 -0.146864 -0.086959 -0.141027 0.062155 -0.041974 -0.013469 -0.018598 0.124654 0.089670 0.060434 -0.120657 -0.087091 -0.021510 -0.051670 0.138919 0.190390 -0.055184 -0.098520 0.120931 0.049191 0.278107 -0.169867 -0.145042 0.045260 0.198120 -0.015868 -0.137598 0.001043 -0.070106 -0.061982 -0.131860 -0.116200 -0.144283 -0.275366 -0.367598 -0.189062 -0.230291 -0.106797 -0.294307 -0.036426 -0.019454 0.061314 -0.044702 -0.097016 -0.092936 0.008093 0.190845 -0.202446
0.246304 0.660136 -0.560567 -0.494053 -0.376514 -0.151890 -0.250359 -0.266575 -0.305634 0.021733 0.032519 0.076359 -0.068868 0.134418 -0.164917 -0.059278 1.000000 0.692659 -0.212639 0.550996 -0.098729 -0.016888 -0.460692 -0.550977 -0.418897 -0.375061 -0.181332 -0.189399 0.556114 0.575998 -0.286877 -0.247580 0.182616 -0.086865 -0.476343 -0.397841 0.503879 0.413454 0.021697 0.236062 0.463656 0.521946 -0.175493 -0.385407 -0.395807 -0.542482 -0.379959 -0.204993 -0.435733 -0.229216 -0.242705 -0.185445 -0.012661 -0.101263 -0.281943 -0.150550 0.323980 0.534741 -0.244110 0.155651 0.047163 0.149069 0.526943 0.582126 -0.470915 -0.406153 -0.201669 -0.597990 0.495553 0.390008 0.310293 0.068195 0.661541 0.549351 0.512175 0.487638 0.564970 0.610297 0.505891 0.584012 0.831679 0.702560 -0.009434 0.260933 0.232169 0.005940 0.190307 0.005435 -0.233001 -0.057239 0.026176 -0.146408 -0.331136 -0.339524 0.043947 0.101506 0.063400 0.084062 -0.011059 0.130904 0.045325 -0.021436 0.173003 0.104677 -0.001823 -0.021669 0.046015 0.092974 -0.058955 0.162369 -0.097370 0.133294 0.072835 -0.084588 -0.073367 0.216179
0.000954 0.539937 -0.533728 -0.409208 -0.407226 -0.028497 -0.245046 -0.063131 -0.213368 0.039724 -0.069519 0.362646 -0.041151 0.333280 -0.184331 0.077678 0.692659 1.000000 -0.380181 0.501807 -0.119544 0.092438 -0.368356 -0.426344 -0.412982 -0.321294 -0.275355 -0.274039 0.690283 0.783462 -0.060245 -0.058263 0.271004 0.301382 -0.210375 -0.218183 0.445752 0.415242 -0.133994 0.202837 0.521158 0.556084 -0.267699 -0.367530 -0.160210 -0.317214 -0.205428 -0.169889 -0.340920 -0.070418 -0.074468 -0.080490 0.010659 -0.045033 -0.369472 -0.058794 0.010537 0.305172 -0.394087 -0.052663 -0.198575 0.012655 0.390904 0.443247 -0.383291 -0.245610 -0.342379 -0.601320 0.200158 0.242017 0.160828 0.083405 0.747040 0.537694 0.539029 0.443375 0.526977 0.586938 0.525820 0.633214 0.727435 0.733819 -0.076486 0.504741 -0.091358 0.009034 0.035207 -0.081411 -0.318422 -0.329840 0.016748 -0.296186 -0.223958 -0.482623 -0.039599 0.061800 0.039546 -0.166798 0.119635 -0.004859 0.215373 -0.194618 0.165918 -0.163942 -0.156384 -0.107298 -0.007213 -0.087544 0.069639 0.048253 -0.225401 -0.019771 0.094753 -0.119120 -0.228372 0.116482
0.362355 -0.175844 0.609869 0.486666 0.414006 0.117619 0.423241 0.085738 0.301481 0.045371 0.254373 -0.159307 0.276351 -0.185659 0.388323 -0.017476 -0.212639 -0.380181 1.000000 0.059575 -0.098656 -0.368840 0.255880 0.182693 0.077246 0.006532 0.112714 0.064475 -0.297703 -0.347512 -0.007659 -0.206467 0.243064 -0.207898 0.006355 0.010594 -0.353799 -0.353892 -0.153270 -0.414691 -0.293940 -0.362230 0.011047 -0.024972 -0.313399 -0.155707 -0.303181 -0.229172 -0.113719 -0.224076 -0.068684 0.059959 -0.018295 0.142172 -0.026450 -0.328176 0.194091 0.023716 -0.062431 -0.290921 0.187368 -0.031041 -0.264013 -0.417394 0.383313 0.068129 0.098973 0.192574 0.212039 -0.061957 -0.106130 -0.178558 -0.358113 -0.082126 -0.119041 -0.123192 -0.070210 -0.161863 -0.361396 -0.315234 -0.345431 -0.467997 0.233509 -0.240269 0.220778 0.109055 0.112322 -0.001446 0.236197 0.153696 0.046397 0.335075 0.032474 0.315304 0.034258 -0.140133 -0.448217 -0.155914 -0.402144 -0.086672 -0.279737 0.267233 -0.165466 0.117296 -0.179273 0.014907 -0.186901 0.224070 -0.099389 -0.083562 -0.062293 -0.072825 -0.198810 0.107019 -0.052169 -0.034503
0.323826 0.585261 -0.176472 -0.400221 -0.248449 0.032425 0.184621 0.239948 -0.077418 0.247732 -0.031503 0.059706 0.205317 0.310287 -0.069578 -0.026288 0.550996 0.501807 0.059575 1.000000 -0.346750 -0.086695 -0.578569 -0.525094 -0.719692 -0.654897 -0.486238 -0.432579 0.680842 0.607173 -0.335125 -0.369300 0.165722 0.194998 -0.443741 -0.311494 0.194225 0.167364 -0.311196 -0.022385 0.360917 0.368709 -0.177924 -0.301156 -0.309392 -0.292696 -0.277155 -0.123205 -0.481931 -0.278825 -0.497881 -0.477627 -0.094347 -0.339316 -0.509657 -0.416901 -0.001078 0.183179 -0.353067 0.108097 0.181508 0.251232 0.499773 0.447907 -0.358405 -0.430770 -0.132709 -0.340839 0.352613 0.374260 0.125408 0.198118 0.589347 0.487068 0.412262 0.529348 0.397880 0.464884 0.305334 0.245332 0.586812 0.489130 -0.015688 0.306715 -0.263833 -0.285414 -0.122286 -0.369606 -0.332778 -0.194842 0.351123 0.004772 -0.070487 -0.103963 -0.132896 0.050193 -0.165485 -0.166504 -0.072836 -0.060347 0.089612 0.212229 0.280866 0.210272 0.197874 -0.040221 0.060108 0.145399 -0.113133 -0.066193 -0.125260 0.095965 -0.000120 -0.159578 -0.068218 0.185937
-0.297682 -0.323538 -0.108276 0.133501 0.031936 0.047299 -0.203053 -0.198390 -0.160169 -0.430035 0.008583 -0.145032 -0.183138 -0.281916 -0.069934 -0.157586 -0.098729 -0.119544 -0.098656 -0.346750 1.000000 0.344354 0.265721 0.326617 0.396128 0.503220 0.399019 0.431342 -0.166464 -0.284363 0.497826 0.501733 -0.212695 -0.075358 0.252360 0.051154 0.093436 -0.048281 0.465219 0.268396 0.186082 0.038552 0.159693 0.158579 0.029269 -0.050793 0.051783 0.171693 0.016313 0.066746 -0.017574 0.108680 -0.118816 -0.080027 0.273175 0.225939 0.004349 -0.084107 0.050882 0.071005 -0.325042 -0.433751 -0.226130 -0.231067 -0.114338 -0.091755 0.245147 0.259603 -0.037480 -0.211366 0.022109 -0.184577 -0.171633 -0.278342 -0.107421 -0.331560 -0.335577 -0.295399 0.127110 -0.015178 -0.129725 -0.130937 0.205956 0.087682 0.171760 0.308343 -0.003189 0.245537 0.139009 0.028333 -0.235576 -0.187881 -0.093463 0.011626 0.273636 0.037533 0.396456 0.128425 -0.065056 0.026211 0.018354 -0.005982 0.133984 0.014044 0.090788 0.296165 0.047263 0.139135 0.105530 0.068312 0.240938 -0.070350 -0.031801 0.084031 0.336280 0.071140
-0.364648 -0.005237 -0.262183 0.076350 -0.192457 -0.148338 -0.296041 0.024304 -0.396193 -0.229644 -0.176226 0.090307 -0.328012 -0.062920 -0.219315 -0.015871 -0.016888 0.092438 -0.368840 -0.086695 0.344354 1.000000 -0.005748 0.092388 0.097977 0.167173 0.134934 0.238234 0.042979 0.060640 0.156675 0.439208 -0.100715 0.117525 0.031423 -0.031333 0.263168 0.078333 0.249990 0.282229 0.148593 0.073134 -0.108449 0.023825 0.046143 0.027281 -0.040852 0.139155 -0.072105 0.125430 -0.045001 -0.077674 -0.173142 -0.219699 0.145236 0.172241 -0.086403 -0.101490 -0.089614 0.152323 -0.229924 -0.084855 0.068625 0.072982 -0.072605 0.008020 0.087594 0.108740 -0.096288 -0.008096 0.009298 0.216497 0.166617 -0.071160 0.109458 -0.062006 -0.051850 -0.073992 0.055461 0.009222 0.104791 0.088856 0.043713 0.325112 -0.063225 0.217292 0.008902 0.340223 0.118230 0.013403 -0.284305 -0.397493 -0.257235 -0.194230 0.245905 0.058417 0.280437 0.152214 0.095448 -0.045639 0.194338 -0.090145 0.121497 -0.035704 0.072979 -0.027182 -0.000928 -0.161249 0.157740 0.027371 0.115529 0.019229 -0.042505 -0.046940 -0.076813 0.007023
-0.416710 -0.595890 0.400132 0.372174 0.358424 0.082656 -0.059494 -0.271634 0.174844 -0.144826 -0.053653 -0.318051 -0.247098 -0.415601 0.313806 0.030125 -0.460692 -0.368356 0.255880 -0.578569 0.265721 -0.005748 1.000000 0.786654 0.553834 0.376240 0.523789 0.310213 -0.437797 -0.498347 0.526681 0.468870 0.002087 0.012014 0.491568 0.424800 -0.366753 -0.142921 0.116338 -0.173614 -0.324512 -0.333024 0.178777 0.368211 0.170026 0.292072 0.195560 0.283369 0.321473 0.313338 0.399756 0.422404 0.252088 0.525954 0.121092 0.190847 -0.210723 -0.228716 -0.086452 -0.370822 -0.406987 -0.454420 -0.425109 -0.404923 0.392189 0.085777 -0.017864 0.200895 -0.304010 -0.270773 -0.025830 -0.099773 -0.474993 -0.393496 -0.409891 -0.460284 -0.375324 -0.373866 -0.247998 -0.191412 -0.495856 -0.320339 0.412512 0.000070 0.210369 0.097055 0.165039 0.168247 0.330644 -0.032736 -0.060153 0.092512 -0.075329 0.187263 0.225255 -0.117706 -0.167396 -0.108148 -0.083088 -0.145865 -0.149773 -0.291871 -0.240617 -0.190409 -0.230933 0.205877 -0.150165 -0.038009 0.055761 -0.107218 0.180308 -0.230487 -0.111200 0.239633 0.068970 0.009680
-0.532510 -0.668933 0.414833 0.562821 0.422781 0.271017 -0.037468 -0.088752 0.276078 -0.054077 -0.257993 -0.326559 -0.340593 -0.433343 0.166420 0.038271 -0.550977 -0.426344 0.182693 -0.525094 0.326617 0.092388 0.786654 1.000000 0.525926 0.557583 0.626426 0.456013 -0.530864 -0.593367 0.491727 0.598112 -0.191003 0.077160 0.442594 0.443724 -0.461966 -0.159698 0.189964 0.031075 -0.364168 -0.383750 0.109428 0.355036 0.073254 0.322256 0.157167 0.251828 0.221092 0.261485 0.228519 0.224946 0.084802 0.272398 0.101492 0.158100 -0.194708 -0.274243 -0.034974 -0.249592 -0.495069 -0.478460 -0.476073 -0.477582 0.347989 0.178118 0.141572 0.426552 -0.269807 -0.185290 -0.022166 -0.037693 -0.571145 -0.482268 -0.463536 -0.566674 -0.533045 -0.453705 -0.226884 -0.270674 -0.505697 -0.456112 0.252531 -0.003973 0.004617 0.074255 0.029112 0.146850 0.325569 0.050693 -0.054551 0.075603 0.127643 0.164283 0.203889 -0.015854 -0.139027 -0.105107 -0.204541 -0.277431 -0.196436 -0.178451 -0.204669 -0.172179 -0.090244 0.299368 -0.189263 0.038959 -0.013435 -0.150080 0.179890 -0.221231 -0.179998 0.099575 0.115386 0.080361
-0.243373 -0.574165 0.177442 0.395323 0.478148 0.070800 -0.230515 -0.413564 0.280741 -0.331842 0.083256 -0.180931 -0.106904 -0.429799 0.229311 0.020432 -0.418897 -0.412982 0.077246 -0.719692 0.396128 0.097977 0.553834 0.525926 1.000000 0.804042 0.648009 0.564561 -0.626385 -0.505003 0.455233 0.435572 -0.131307 -0.133626 0.626588 0.430484 -0.139947 -0.051376 0.290457 0.064477 -0.172836 -0.311050 0.233745 0.352055 0.189206 0.181451 0.228565 0.124506 0.358265 0.249594 0.370950 0.424428 -0.055416 0.281889 0.371591 0.393127 0.064369 -0.150061 0.192084 -0.335408 -0.393481 -0.490118 -0.675291 -0.579254 0.317980 0.473179 -0.012243 0.200391 -0.265588 -0.363329 0.055676 -0.063144 -0.515930 -0.390128 -0.383731 -0.486554 -0.335106 -0.335574 -0.185882 -0.080984 -0.417910 -0.345570 0.180228 -0.223948 0.247565 0.266847 -0.008592 0.355975 0.407322 0.029979 -0.468058 0.018042 -0.019117 0.077397 0.322813 0.064275 0.259397 0.117574 0.020640 -0.007117 -0.259028 -0.226980 -0.336354 -0.322358 -0.196412 0.212399 -0.186322 0.003833 0.131851 0.073751 0.279126 -0.102912 -0.061699 0.221329 0.157442 -0.237860
-0.329948 -0.539702 0.032219 0.474450 0.493540 0.273080 -0.327735 -0.320290 0.186163 -0.229980 0.011422 -0.091382 -0.122250 -0.356356 0.136855 0.006764 -0.375061 -0.321294 0.006532 -0.654897 0.503220 0.167173 0.376240 0.557583 0.804042 1.000000 0.756357 0.771249 -0.648349 -0.491371 0.290757 0.479785 -0.166860 -0.125970 0.588769 0.337498 -0.181144 0.028252 0.486650 0.316303 -0.169157 -0.251354 0.082189 0.177102 0.085287 0.133933 0.081754 0.019138 0.263569 0.178646 0.303459 0.314586 -0.092454 0.056083 0.454881 0.379680 0.065391 -0.123525 0.269835 -0.174599 -0.463427 -0.535329 -0.729632 -0.626686 0.204545 0.485449 0.110650 0.276925 -0.065618 -0.212379 0.026783 -0.143347 -0.527896 -0.371301 -0.359286 -0.470061 -0.357339 -0.323920 -0.188369 -0.107712 -0.374401 -0.411028 0.101303 -0.228263 0.229732 0.316970 -0.044563 0.505349 0.423629 0.106697 -0.437435 -0.040198 0.123236 0.103082 0.250593 0.234948 0.293560 0.120881 -0.108842 -0.098523 -0.169452 -0.126441 -0.296185 -0.359777 -0.089050 0.214617 -0.165214 -0.041184 0.056395 0.043921 0.224855 -0.132589 -0.140702 -0.014784 0.077610 -0.126962
-0.287823 -0.500880 0.075669 0.376178 0.422911 0.189953 -0.302440 -0.508262 0.080665 -0.182996 -0.095468 -0.368531 -0.371358 -0.583623 0.167665 -0.086704 -0.181332 -0.275355 0.112714 -0.486238 0.399019 0.134934 0.523789 0.626426 0.648009 0.756357 1.000000 0.889406 -0.543595 -0.569328 0.300650 0.458284 -0.116162 -0.185593 0.469359 0.236650 -0.225668 0.020947 0.472514 0.255538 -0.225312 -0.361755 0.058531 0.141424 -0.056738 -0.014589 -0.004198 0.080558 0.279706 0.277625 0.222360 0.311043 0.065929 0.183715 0.318357 0.351915 0.107756 -0.045066 0.281366 -0.165303 -0.482185 -0.555918 -0.511180 -0.444597 0.100478 0.136902 0.110412 0.077652 0.014347 -0.028536 0.098314 -0.143151 -0.505252 -0.477853 -0.495250 -0.582690 -0.456962 -0.351454 -0.171969 -0.078340 -0.182634 -0.243077 0.272025 -0.130625 0.337469 0.224507 0.099874 0.471638 0.342420 0.156857 -0.306421 0.096310 -0.082382 0.153225 0.366810 0.229255 0.168352 0.189175 -0.155037 0.003534 -0.276216 -0.074599 -0.152705 -0.190567 -0.035120 0.434900 -0.096259 0.105918 0.139948 -0.003438 0.249754 -0.187566 -0.224440 0.029397 0.167928 0.141003
-0.288202 -0.489732 -0.045082 0.397091 0.334193 0.132239 -0.287244 -0.435643 -0.073424 -0.249164 -0.065716 -0.267218 -0.319438 -0.556227 0.041208 -0.192249 -0.189399 -0.274039 0.064475 -0.432579 0.431342 0.238234 0.310213 0.456013 0.564561 0.771249 0.889406 1.000000 -0.515679 -0.531499 0.110385 0.389094 -0.131863 -0.198570 0.406612 0.136153 -0.152996 0.043593 0.540352 0.353039 -0.121317 -0.289441 0.033136 0.056108 -0.023747 -0.060124 -0.004417 0.065136 0.237558 0.231875 0.168971 0.217311 -0.017382 -0.029122 0.389950 0.380170 0.093647 -0.085882 0.367833 -0.021650 -0.421051 -0.479112 -0.475551 -0.407860 0.048404 0.182111 0.138637 0.155226 0.033864 -0.054801 0.040958 -0.180863 -0.461697 -0.427904 -0.424638 -0.526012 -0.423023 -0.293634 -0.162498 -0.062254 -0.190282 -0.262108 0.163698 -0.126941 0.278762 0.285856 0.106851 0.555280 0.287204 0.260131 -0.327221 0.050930 -0.086643 0.153099 0.368840 0.267069 0.268016 0.259092 -0.120983 0.007610 -0.235632 0.015196 -0.030528 -0.118731 0.061766 0.342919 0.021841 0.048149 0.245868 -0.067822 0.250099 -0.116759 -0.245528 -0.082829 0.047822 0.139515
0.073762 0.435027 -0.358217 -0.590676 -0.543585 -0.207674 0.080770 0.106906 -0.279628 -0.011991 0.000998 0.218356 0.058408 0.322120 -0.318223 -0.131255 0.556114 0.690283 -0.297703 0.680842 -0.166464 0.042979 -0.437797 -0.530864 -0.626385 -0.648349 -0.543595 -0.515679 1.000000 0.812665 0.003156 -0.073703 0.293381 0.387410 -0.294177 -0.163736 0.349594 0.307496 -0.243927 0.007484 0.602635 0.545756 -0.025625 -0.121993 0.023835 -0.129307 -0.068282 0.084457 -0.331264 -0.080031 -0.332871 -0.286326 -0.050725 -0.158975 -0.528245 -0.113284 -0.141714 0.036848 -0.362150 -0.001899 0.004692 0.072817 0.584329 0.529290 -0.402500 -0.505573 -0.222561 -0.422952 0.072479 0.120307 0.228615 0.197762 0.830229 0.474677 0.472586 0.476953 0.385547 0.509576 0.466727 0.460671 0.620571 0.666583 -0.002495 0.490226 -0.151645 -0.059216 -0.083574 -0.418249 -0.525025 -0.369329 0.228408 -0.186131 -0.198299 -0.277075 -0.061807 -0.100130 -0.067152 -0.157801 0.092813 -0.082954 0.229813 0.073457 0.251229 -0.019597 -0.072722 -0.157972 0.036281 -0.063098 0.040516 -0.028429 -0.099878 0.046733 0.201192 -0.210199 -0.179395 0.167658
0.142515 0.526477 -0.396917 -0.508347 -0.368801 -0.117042 -0.050198 0.112155 -0.169865 0.030837 0.051328 0.368673 0.166912 0.411773 -0.223136 -0.013631 0.575998 0.783462 -0.347512 0.607173 -0.284363 0.060640 -0.498347 -0.593367 -0.505003 -0.491371 -0.569328 -0.531499 0.812665 1.000000 -0.044079 -0.078962 0.353009 0.376237 -0.212608 -0.138168 0.377090 0.331452 -0.292715 0.017122 0.518646 0.539763 -0.122049 -0.245009 -0.001332 -0.200866 -0.065768 -0.153009 -0.306136 -0.120415 -0.198649 -0.195983 -0.047847 -0.113324 -0.485028 -0.126386 -0.094903 0.112265 -0.382357 -0.095535 0.042231 0.190620 0.415960 0.491480 -0.328707 -0.193011 -0.373214 -0.557810 0.106992 0.134584 0.197582 0.251548 0.841610 0.631650 0.556615 0.635673 0.573464 0.635290 0.413783 0.495614 0.599663 0.667873 -0.063762 0.458527 -0.200087 -0.081585 -0.086319 -0.274615 -0.416790 -0.371494 0.115268 -0.260496 -0.123570 -0.339680 -0.124185 0.032242 -0.046701 -0.253861 0.100267 -0.096947 0.249328 -0.114088 0.010824 -0.181216 -0.180623 -0.181795 -0.087774 -0.172564 0.021857 0.063293 -0.206441 0.010461 0.147234 -0.231205 -0.256131 -0.046737
-0.342758 -0.419221 0.262592 0.163426 0.141646 -0.033771 0.068397 -0.101860 0.131956 -0.333584 -0.148100 -0.234217 -0.251147 -0.317985 -0.075404 -0.154966 -0.286877 -0.060245 -0.007659 -0.335125 0.497826 0.156675 0.526681 0.491727 0.455233 0.290757 0.300650 0.110385 0.003156 -0.044079 1.000000 0.742438 0.104235 0.380843 0.417360 0.315395 -0.153513 -0.067662 0.035446 -0.101013 0.088012 -0.093920 0.265193 0.373035 0.234215 0.238903 0.153585 0.220238 0.137373 0.271714 -0.012751 0.179322 -0.024051 0.254907 -0.156960 0.123042 -0.137542 -0.179065 -0.181499 -0.328616 -0.357247 -0.456605 -0.201264 -0.216301 0.085149 -0.085108 0.018230 0.105441 -0.253261 -0.306597 0.047490 -0.009988 -0.000324 -0.194076 -0.097347 -0.272961 -0.288811 -0.276175 -0.071102 0.072935 -0.193543 -0.078878 0.265663 0.246188 0.017591 0.182515 -0.083306 -0.135520 -0.057339 -0.280358 -0.186510 -0.205332 -0.184783 -0.089184 0.187195 -0.137287 -0.006751 -0.169468 -0.073625 -0.116824 -0.072439 -0.129387 -0.113247 -0.235594 -0.253520 0.218565 -0.269448 -0.089479 0.201540 -0.206730 0.035333 -0.349740 0.002793 0.117088 0.156796 -0.123830
-0.581393 -0.439261 0.056713 0.254009 0.037572 -0.105651 -0.208980 -0.185885 -0.110800 -0.381282 -0.366501 -0.268772 -0.491237 -0.453349 -0.196509 -0.259170 -0.247580 -0.058263 -0.206467 -0.369300 0.501733 0.439208 0.468870 0.598112 0.435572 0.479785 0.458284 0.389094 -0.073703 -0.078962 0.742438 1.000000 0.024259 0.411134 0.364441 0.304744 -0.119821 0.079223 0.221780 0.157242 0.092881 -0.062234 0.253446 0.369566 0.320769 0.251260 0.173095 0.320220 0.131942 0.414507 0.085967 0.120220 -0.039368 0.140533 -0.125043 0.248556 -0.068731 -0.129950 -0.025161 -0.176391 -0.551987 -0.570584 -0.224702 -0.172811 0.043676 -0.048932 0.089850 0.150026 -0.192716 -0.157545 0.172351 0.104534 0.011230 -0.261622 -0.181525 -0.345916 -0.301101 -0.220878 0.058323 0.101134 -0.114976 -0.002915 0.178256 0.272559 -0.028108 0.200185 -0.096437 0.073778 0.001768 -0.177189 -0.261781 -0.323886 -0.244455 -0.082436 0.230014 0.000541 0.078886 -0.115098 -0.031440 -0.095672 -0.021459 -0.173034 -0.085873 -0.272920 -0.095584 0.186833 -0.247655 -0.161661 0.140916 -0.118977 0.139117 -0.197045 -0.008327 -0.046293 -0.083926 0.016081
0.224819 0.030077 0.088481 0.027754 0.036973 -0.116261 0.212229 0.082875 -0.021385 -0.157555 0.207923 0.177422 0.229728 0.059908 0.086719 -0.008541 0.182616 0.271004 0.243064 0.165722 -0.212695 -0.100715 0.002087 -0.191003 -0.131307 -0.166860 -0.116162 -0.131863 0.293381 0.353009 0.104235 0.024259 1.000000 0.504655 0.044194 0.026175 -0.064512 0.035016 -0.245269 -0.278936 0.070747 0.036674 -0.218975 -0.154277 -0.098995 -0.117992 -0.364930 -0.371712 -0.310458 -0.265967 -0.170790 -0.155914 -0.075606 -0.045257 -0.213212 -0.281852 -0.083251 0.084130 -0.304722 -0.291680 0.106499 -0.009624 0.126037 0.134834 0.258255 0.005352 -0.051544 -0.163481 0.134613 0.071006 -0.161837 -0.112077 0.379636 0.199306 0.293883 0.303865 0.329944 0.303254 -0.034155 0.226099 0.197936 0.171120 0.114971 0.130597 0.286092 0.083589 0.149889 -0.048675 -0.020542 -0.027386 -0.335381 -0.235025 -0.184278 -0.264220 -0.010599 -0.217829 -0.289700 -0.344474 -0.254559 -0.118193 -0.025603 0.040405 -0.160741 -0.129704 -0.250603 -0.183671 -0.254100 -0.088357 -0.074172 -0.081884 -0.207104 -0.036009 -0.135847 -0.128133 -0.261130 0.062523
-0.197142 -0.076089 0.098583 0.003950 -0.055663 0.009237 0.257787 0.316525 0.109760 0.044366 -0.271268 0.029673 0.046186 0.131991 -0.151858 0.032055 -0.086865 0.301382 -0.207898 0.194998 -0.075358 0.117525 0.012014 0.077160 -0.133626 -0.125970 -0.185593 -0.198570 0.387410 0.376237 0.380843 0.411134 0.504655 1.000000 0.123522 0.278060 -0.156785 0.065038 -0.277129 -0.105705 0.123221 0.188396 -0.023029 0.087757 0.233264 0.234841 -0.006535 0.024488 -0.243228 -0.067522 -0.244393 -0.349300 -0.168211 -0.205282 -0.415891 -0.242203 -0.417132 -0.197987 -0.301551 -0.086898 -0.137532 -0.119559 0.167359 0.192906 0.208941 -0.003113 0.012707 0.031682 -0.213625 -0.047143 -0.152358 0.057555 0.459735 0.123387 0.217460 0.221789 0.095253 0.116061 0.096580 0.264124 0.143817 0.242671 -0.169409 0.315717 -0.363996 -0.211433 -0.243051 -0.456621 -0.156240 -0.333015 -0.187455 -0.408634 -0.164374 -0.239472 -0.141541 -0.198652 -0.205707 -0.463282 -0.117688 -0.235896 0.001416 -0.053828 0.090152 -0.180480 -0.036828 -0.139527 -0.139768 -0.205558 -0.022108 -0.244129 -0.256045 -0.199609 0.075859 -0.179409 -0.152814 -0.008427
-0.256539 -0.595816 0.159087 0.314338 0.489506 0.344703 -0.077368 -0.106516 0.356330 -0.135274 0.183055 0.009961 0.112810 -0.143766 0.160699 0.042907 -0.476343 -0.210375 0.006355 -0.443741 0.252360 0.031423 0.491568 0.442594 0.626588 0.588769 0.469359 0.406612 -0.294177 -0.212608 0.417360 0.364441 0.044194 0.123522 1.000000 0.594721 -0.360646 -0.041888 0.169136 -0.032288 -0.189736 -0.153765 0.259887 0.364816 0.240888 0.360668 0.209176 0.139915 0.261856 0.169609 0.259478 0.305039 -0.124865 0.142520 0.131370 0.253154 -0.341620 -0.481191 -0.034926 -0.520148 -0.396791 -0.444071 -0.658952 -0.554872 0.409002 0.502215 -0.118749 0.163194 -0.417907 -0.408443 -0.061608 0.021293 -0.359734 -0.341993 -0.429496 -0.365911 -0.380693 -0.223161 -0.271467 -0.089974 -0.471282 -0.296320 0.229356 0.040024 0.057708 0.138247 -0.143832 0.130676 0.286307 -0.187121 -0.205223 0.008730 0.197013 0.025321 0.225946 0.072450 0.019442 -0.204936 -0.106901 -0.206356 -0.070278 -0.214945 -0.376384 -0.512131 -0.222831 0.218418 -0.194225 -0.051313 0.124541 -0.079095 0.237650 -0.191021 -0.149907 0.050589 0.103244 -0.125879
-0.152429 -0.471461 0.196255 0.230608 0.483834 0.274813 0.001403 -0.083063 0.515888 0.003122 0.050212 -0.036980 0.142613 0.019673 0.276745 0.285594 -0.397841 -0.218183 0.010594 -0.311494 0.051154 -0.031333 0.424800 0.443724 0.430484 0.337498 0.236650 0.136153 -0.163736 -0.138168 0.315395 0.304744 0.026175 0.278060 0.594721 1.000000 -0.299107 0.022471 0.026706 -0.069475 -0.195681 -0.107124 0.146599 0.232835 0.297567 0.400624 0.044602 0.154951 0.193079 0.077237 0.200726 0.100251 -0.195533 0.114671 -0.086138 -0.003390 -0.342089 -0.385630 -0.011962 -0.455541 -0.325351 -0.331897 -0.484411 -0.414513 0.393145 0.431065 -0.241740 0.163199 -0.489588 -0.230468 0.134615 0.239703 -0.223403 -0.138831 -0.215784 -0.176249 -0.200998 -0.087293 -0.232662 -0.056823 -0.354177 -0.159476 0.155126 0.087063 -0.055077 0.020486 0.018669 -0.023433 0.247491 -0.391422 -0.115350 0.008813 0.173756 0.168065 -0.015274 0.120077 -0.186260 -0.149958 -0.240938 -0.382272 -0.178071 -0.127522 -0.331651 -0.369565 -0.237091 0.114393 -0.258530 -0.091764 0.055486 -0.021863 0.183909 -0.292361 0.005283 -0.079793 0.040373 -0.194173
