1.000000 0.475879 0.349552 0.144210 -0.034834 0.058754 0.231685 0.163961 -0.101230 -0.269009 -0.270307 -0.072639 -0.190152 -0.169220 -0.238337 -0.270984 -0.176478 -0.057837 0.484421 0.331061 -0.200993 -0.306211 0.040679 0.048191 -0.104237 -0.213002 -0.076189 0.066515 -0.267535 -0.358165 -0.213983 -0.302348 0.362843 0.233654 -0.275022 -0.168495 -0.307244 -0.435616 -0.220467 -0.086558 -0.177708 -0.088246 -0.140686 -0.244724 0.037675 0.042710 -0.183885 -0.203397 0.151404 0.032631 -0.205982 -0.120648 -0.122228 -0.284572 -0.062943 -0.206137 0.646185 0.482709 0.548141 0.190545 0.520178 0.242398 -0.043235 0.245035 -0.052136 -0.014413 0.232494 0.015690 0.078883 0.012403 -0.342351 -0.386802 -0.251790 -0.339106 -0.154993 -0.208271 -0.139818 -0.252691 -0.305949 -0.314632 -0.351116 -0.322009 -0.041759 0.032276 -0.511903 -0.294501 -0.296635 0.227474 0.027852 0.280802 0.195909 0.121651 0.163912 0.215304 0.026320 -0.442420 -0.323487 -0.343791 0.116248 -0.223755 0.128431 0.114686 0.028829 0.118728 0.014905 0.035541 0.161966 0.024969 -0.313288 -0.437143 -0.503329 -0.277481 -0.048437 -0.326946 -0.055621 -0.159235
0.475879 1.000000 0.116899 0.003492 -0.331638 -0.191625 0.081019 -0.035627 -0.303596 -0.345324 -0.161827 0.188447 -0.166840 0.023802 -0.345651 -0.232544 0.022193 0.155019 0.407019 0.489014 -0.091173 -0.070601 -0.194986 -0.146107 -0.162911 -0.176547 -0.318057 -0.134274 -0.194617 -0.068797 -0.206305 -0.274804 0.534791 0.396163 -0.188838 -0.102575 -0.136792 -0.218241 -0.339212 -0.277687 -0.005084 -0.085069 0.009676 -0.125530 0.184907 0.165745 0.050780 0.034051 0.165202 0.237072 -0.182698 0.138492 -0.169641 -0.153498 -0.283748 -0.107542 0.312013 0.542317 0.224354 0.332749 0.220205 0.314838 0.215691 0.534765 -0.426912 -0.215086 0.111970 -0.102077 0.266697 -0.016524 -0.343189 -0.354090 -0.139187 -0.052861 -0.136125 0.143926 0.026701 0.082016 -0.260325 -0.166603 -0.070937 0.033050 -0.328674 0.094896 -0.531701 -0.328360 -0.223712 0.203432 -0.279798 0.136810 0.080464 -0.065197 -0.064296 -0.020456 0.080106 -0.481940 -0.170606 -0.252790 0.251212 -0.231098 0.268577 0.134809 0.195947 0.159600 0.109415 -0.059792 0.173604 -0.166655 -0.378131 -0.242294 -0.368405 -0.249968 -0.064996 -0.203520 -0.112712 0.086099
0.349552 0.116899 1.000000 0.330565 0.052771 -0.005405 0.621841 0.209874 0.226428 -0.243241 -0.134873 -0.336806 0.003169 -0.329826 -0.113091 -0.299597 -0.322143 -0.495095 0.428788 0.082061 -0.043906 -0.101142 0.515273 0.488218 0.295786 0.330785 0.127472 0.354338 -0.240899 -0.344723 0.261481 0.078726 0.031099 0.046585 -0.022238 -0.041483 -0.395250 -0.497136 -0.072918 -0.133939 -0.204987 -0.305671 -0.116270 -0.082870 -0.148701 -0.106748 -0.241917 -0.150190 0.247233 -0.018074 -0.017013 -0.036389 -0.315349 -0.120652 -0.061677 -0.196281 0.050889 0.023535 0.222784 0.092956 0.193727 -0.098407 -0.401394 -0.314807 0.031524 -0.035628 0.070482 0.193355 -0.102933 -0.099281 -0.102719 -0.234337 -0.353667 -0.323437 -0.249904 -0.369992 -0.252788 -0.227958 -0.373075 -0.444919 -0.582750 -0.524184 0.238424 -0.134003 -0.413891 -0.377925 -0.198087 0.452243 0.135257 0.140797 0.338275 0.396905 0.451017 0.488103 -0.008595 -0.328197 -0.148965 -0.315002 -0.012915 -0.364541 0.219400 -0.047632 0.089365 0.231222 0.203541 0.291280 0.423592 0.159087 -0.365673 -0.113574 -0.322241 -0.291191 -0.117965 0.024561 -0.003762 0.127076
0.144210 0.003492 0.330565 1.000000 0.250775 0.387459 0.008244 0.486547 0.243018 -0.019288 -0.118094 -0.133473 -0.121193 -0.184208 0.206730 0.128358 -0.382540 -0.403316 0.404572 0.258229 0.058935 -0.080458 0.556746 0.592046 0.025465 0.102547 0.391848 0.369811 -0.222784 -0.349583 0.296604 0.354863 -0.129027 -0.285492 -0.167097 -0.150698 -0.213559 -0.340710 0.129110 0.148492 0.020634 -0.135037 -0.006778 -0.062069 -0.071918 -0.126547 -0.073942 -0.109861 0.070688 0.153310 -0.097676 0.039154 -0.171529 0.224988 0.105126 0.078252 0.065058 -0.216872 -0.083913 0.046011 -0.259457 -0.235207 -0.411009 -0.495759 0.239665 -0.031332 -0.190921 -0.140117 0.138193 -0.023310 0.027230 -0.130445 -0.272901 -0.074297 -0.103820 -0.148815 -0.128096 -0.266965 -0.280206 -0.255713 -0.370646 -0.508166 0.550580 0.317031 -0.000111 0.012638 0.126052 0.217202 0.348843 0.289354 0.094439 0.000290 0.109056 -0.057741 -0.157477 -0.196670 -0.333935 -0.153529 -0.168677 -0.271422 -0.069933 -0.388378 -0.118096 -0.095401 -0.044048 0.070146 0.105764 0.053011 -0.173057 -0.229179 -0.250841 -0.333334 -0.146974 -0.048055 0.167745 -0.009345
-0.034834 -0.331638 0.052771 0.250775 1.000000 0.433548 -0.159076 -0.115107 0.646614 0.410199 -0.327664 -0.179998 0.031689 -0.049737 0.573079 0.469045 -0.287119 -0.272990 0.314518 0.118922 0.224692 -0.009505 -0.002466 0.006315 0.198315 -0.070254 0.504808 0.083087 0.054077 -0.094351 0.078745 -0.119509 -0.348398 -0.476628 -0.222241 -0.290130 0.298718 0.137196 0.539879 0.546251 0.186207 0.350800 0.000849 -0.119985 -0.186968 -0.270714 0.080590 -0.093934 -0.149288 -0.105947 -0.233529 -0.266387 0.173096 0.116662 0.525586 0.205484 -0.161717 -0.271478 0.086268 -0.059974 -0.046178 -0.246340 -0.417216 -0.385313 0.062385 -0.245586 0.000012 -0.190671 0.328713 0.216409 0.042319 -0.093766 0.030869 -0.095798 0.032796 -0.046807 -0.181535 -0.360796 -0.071589 -0.064841 -0.186001 -0.238368 0.359588 0.264422 0.160343 0.256517 0.515326 -0.402970 0.392036 0.086518 -0.059476 0.291216 -0.009345 0.029563 0.099686 0.339639 0.005361 0.347715 -0.009342 0.380129 -0.272208 -0.089404 -0.141701 -0.104306 -0.332868 0.086041 -0.117560 0.344646 0.332148 0.096358 -0.021972 0.267186 0.417610 0.192598 0.351452 -0.059363
0.058754 -0.191625 -0.005405 0.387459 0.433548 1.000000 -0.156885 0.381452 0.196379 0.086041 -0.255214 -0.037507 -0.070215 -0.006819 0.239006 0.196011 -0.401567 -0.476135 0.081955 0.142484 0.388754 -0.053757 0.116768 0.392466 -0.104091 -0.248694 0.561544 0.418776 -0.259614 -0.354063 -0.003577 -0.070452 -0.365389 -0.315562 -0.117023 0.011467 -0.146029 -0.245746 0.337475 0.307413 0.219720 0.153924 -0.012952 -0.081097 -0.008822 0.037869 0.015178 -0.022550 0.005271 -0.019541 -0.128718 -0.201602 0.001388 -0.004061 0.246859 0.103658 0.023455 -0.367215 0.189985 0.016196 -0.063590 -0.133175 -0.316552 -0.389520 0.177488 0.043514 -0.082107 0.095939 0.055512 0.095292 0.012599 -0.114132 -0.265194 -0.222399 -0.137673 -0.225877 -0.286582 -0.504491 -0.326194 -0.297615 -0.204371 -0.417008 0.520153 0.409403 0.177518 0.241056 0.211883 -0.225975 0.510244 0.465856 0.258488 0.067553 0.151090 0.068834 -0.273685 -0.060639 -0.248476 -0.092112 -0.008488 -0.052136 -0.146512 -0.179136 -0.150105 -0.006045 0.069774 0.218804 0.125806 0.121824 0.107661 -0.242921 -0.184835 -0.242496 -0.131803 -0.056386 0.144639 -0.178177
0.231685 0.081019 0.621841 0.008244 -0.159076 -0.156885 1.000000 0.294929 -0.014430 -0.072646 -0.038697 0.008465 0.001674 -0.031418 -0.261560 -0.369871 -0.046745 -0.205178 0.072688 -0.015378 -0.274023 -0.084102 0.337755 0.301641 0.062542 0.175425 -0.168571 0.041537 -0.059412 -0.152379 0.154476 0.220741 0.268414 0.399508 0.006152 0.264852 -0.391419 -0.451736 -0.324590 -0.324454 -0.169233 -0.371696 -0.236063 -0.164175 0.020372 0.075113 -0.390797 -0.252522 0.056354 -0.080926 0.052070 -0.057539 -0.323878 -0.162700 -0.387786 -0.571189 -0.107752 0.050299 0.117686 -0.029872 0.377289 0.286401 -0.010062 0.101296 0.166736 0.124725 -0.045962 0.304254 -0.393355 -0.128724 -0.265213 -0.129541 -0.244827 -0.308274 -0.143304 -0.298280 -0.128224 -0.085467 -0.230393 -0.253067 -0.242747 -0.121551 0.076028 -0.136967 -0.221086 -0.257563 -0.408295 0.395573 -0.092894 -0.090405 0.299755 0.193616 0.301387 0.358968 -0.166466 -0.411705 -0.412076 -0.450418 -0.194671 -0.489038 0.172326 0.018753 0.139241 0.149949 0.258589 0.106653 0.276759 -0.121786 -0.337962 -0.323074 -0.112485 -0.256662 -0.266240 -0.061503 -0.138745 0.010342
0.163961 -0.035627 0.209874 0.486547 -0.115107 0.381452 0.294929 1.000000 0.075741 0.160000 0.130490 0.252477 0.109229 0.278902 -0.067107 -0.045900 -0.386958 -0.463712 -0.153480 -0.102427 -0.149388 -0.240062 0.346755 0.507366 -0.374803 -0.132978 -0.021266 0.266305 -0.339428 -0.426143 -0.086283 0.204689 -0.007460 0.078433 -0.197284 0.167524 -0.433880 -0.503981 -0.215348 -0.005798 -0.038793 -0.423271 -0.309404 -0.219320 -0.067215 -0.041618 -0.279022 -0.244330 0.164394 0.058245 0.142937 0.187053 -0.006323 0.141758 -0.151528 -0.081814 0.041353 -0.265060 0.028827 0.095736 0.142431 0.370645 -0.207564 -0.159492 0.408999 0.591749 -0.290702 0.110211 -0.339059 -0.172074 -0.182947 -0.187263 -0.414774 -0.292114 -0.225260 -0.219350 -0.142330 -0.283362 -0.343949 -0.390982 -0.338906 -0.444380 0.188920 -0.009397 -0.079933 -0.159173 -0.205306 0.276839 0.228518 0.436504 0.349914 -0.072695 0.434361 0.146986 -0.314801 -0.391103 -0.501182 -0.305372 -0.149081 -0.452591 0.007475 -0.211030 0.001119 -0.085516 0.339408 0.048497 0.121156 -0.205517 -0.194516 -0.401379 -0.262075 -0.575956 -0.369705 -0.087448 -0.027142 -0.012276
-0.101230 -0.303596 0.226428 0.243018 0.646614 0.196379 -0.014430 0.075741 1.000000 0.418250 0.038454 0.006633 0.480316 0.216159 0.608173 0.521799 -0.244207 -0.332935 0.145389 -0.039902 0.155713 0.014056 0.222666 0.165080 0.123260 0.048327 0.327527 0.049451 0.217443 0.042159 0.174019 0.036341 -0.348281 -0.374921 -0.356277 -0.369300 0.336247 0.101541 0.380722 0.426828 0.135003 0.136877 -0.190767 -0.205047 -0.292797 -0.487060 -0.160925 -0.227626 -0.184197 -0.159478 -0.234583 -0.238956 0.084457 0.172768 0.388941 0.108338 -0.143278 -0.285091 -0.159075 -0.244183 -0.034696 -0.196988 -0.472668 -0.356446 0.129486 -0.080200 -0.329417 -0.404646 0.153327 0.008824 0.189714 0.024676 0.175270 0.018231 0.130986 0.092399 -0.000124 -0.183846 -0.064286 -0.133767 -0.187204 -0.219227 0.378184 0.188550 0.155766 0.166933 0.254749 -0.130210 0.356397 0.067805 -0.145498 0.233920 0.150494 0.145675 0.056156 0.244706 -0.068390 0.286322 -0.163696 0.129059 -0.117812 -0.086672 -0.088991 -0.169394 -0.262344 -0.048046 -0.254653 0.189300 0.150672 0.070357 0.008858 0.172316 0.267486 0.185215 0.206317 0.075031
-0.269009 -0.345324 -0.243241 -0.019288 0.410199 0.086041 -0.072646 0.160000 0.418250 1.000000 0.096255 0.183639 0.262550 0.284653 0.570993 0.610965 -0.115988 -0.054810 -0.233845 -0.276363 0.059002 0.149937 0.060674 -0.063838 0.071931 0.146407 0.045188 -0.075331 0.285190 0.321983 0.100171 0.190852 -0.481126 -0.398945 -0.237841 -0.128609 0.506001 0.261071 0.220984 0.334210 0.220576 0.380348 -0.366241 -0.393259 -0.340972 -0.412221 -0.096763 -0.324196 -0.303543 -0.242082 -0.198519 -0.149563 0.294696 0.321745 0.397451 0.099839 -0.167238 -0.374993 -0.198409 -0.234600 -0.081338 0.131176 -0.156192 -0.117436 0.217413 0.211761 -0.432221 -0.386947 0.015702 -0.052755 0.270025 0.159539 0.264181 0.188398 0.266899 0.164170 0.048641 0.003496 0.066909 0.003369 0.087681 0.062912 0.143253 0.129878 0.299979 0.252777 0.365258 -0.226366 0.186696 0.046292 -0.200600 -0.042549 0.124606 -0.002059 0.062603 0.306090 -0.025825 0.328902 -0.061485 0.288531 -0.235575 -0.038911 -0.043499 -0.223717 -0.152988 -0.034061 -0.235485 0.046097 0.314679 0.129382 -0.068618 0.265594 0.387084 0.217211 0.335894 0.124782
-0.270307 -0.161827 -0.134873 -0.118094 -0.327664 -0.255214 -0.038697 0.130490 0.038454 0.096255 1.000000 0.374979 0.668393 0.439970 0.109495 0.021812 0.272728 0.189272 -0.343268 -0.338011 -0.141344 0.018489 0.120795 -0.025159 -0.178019 0.044477 -0.134619 -0.156204 0.247807 0.168548 0.108030 0.229035 0.003567 0.081392 0.129816 0.063148 0.081197 0.099403 -0.148129 -0.123036 -0.103577 -0.193134 -0.111762 0.103617 -0.040954 -0.172131 -0.274115 -0.109555 -0.051269 -0.087006 0.192105 0.175381 0.069125 0.095272 -0.161420 -0.134932 -0.074588 -0.190883 -0.427556 -0.159090 -0.122362 0.082503 0.326515 0.052522 0.217208 0.309432 -0.280400 -0.126114 -0.078635 -0.237048 0.219890 0.241260 0.217719 0.258220 0.140461 0.178676 0.370929 0.327841 0.311841 0.170263 0.246966 0.203901 -0.167860 -0.236250 0.186387 0.145190 -0.108749 -0.023385 -0.294411 -0.232502 -0.254592 -0.243142 -0.090387 -0.221595 -0.206209 0.075273 -0.006954 -0.073065 -0.313033 -0.173510 0.018294 -0.075429 -0.075939 -0.224117 -0.052737 -0.227118 -0.306586 -0.208440 -0.070799 0.124388 0.295501 -0.005877 -0.015415 0.026407 -0.176578 -0.115616
-0.072639 0.188447 -0.336806 -0.133473 -0.179998 -0.037507 0.008465 0.252477 0.006633 0.183639 0.374979 1.000000 0.476582 0.804236 -0.010905 0.354635 0.220418 0.236834 -0.278551 -0.209786 -0.028241 0.075628 -0.188781 -0.110849 -0.509492 -0.291170 -0.255987 -0.131731 0.328394 0.265244 -0.093906 0.127002 0.357834 0.356401 -0.030454 0.105041 0.165785 0.168468 -0.237601 -0.108350 0.076753 -0.073436 -0.274174 -0.164421 0.058131 -0.180189 -0.218374 -0.228991 -0.122765 -0.065183 0.047273 0.043096 0.168043 0.039479 -0.363561 -0.289665 -0.155797 -0.221878 -0.294589 -0.331009 0.263882 0.272209 0.419736 0.485831 0.131033 0.257919 -0.429115 -0.230169 -0.155713 -0.242095 -0.095650 0.048383 0.281687 0.188119 0.230731 0.398007 0.252078 0.177818 0.106730 0.097075 0.295021 0.343641 -0.236994 0.291236 0.253279 0.383545 -0.238432 -0.194382 -0.311673 -0.138766 -0.260786 -0.489240 -0.246572 -0.397806 -0.191304 0.043757 -0.263508 -0.072210 -0.405337 -0.339073 -0.135525 -0.249444 -0.145390 -0.456090 -0.223075 -0.561485 -0.487125 -0.352056 -0.208229 -0.117921 0.136942 -0.136728 -0.185619 -0.016174 -0.168804 -0.171492
-0.190152 -0.166840 0.003169 -0.121193 0.031689 -0.070215 0.001674 0.109229 0.480316 0.262550 0.668393 0.476582 1.000000 0.606465 0.360203 0.367353 0.179360 -0.045390 -0.199082 -0.288909 0.079362 0.129381 0.090060 -0.008217 -0.128203 0.060993 -0.056815 -0.083073 0.401741 0.233701 0.055589 0.022658 -0.133661 -0.096262 -0.148781 -0.135034 0.249309 0.250615 -0.025692 0.016900 0.039282 -0.102187 -0.241434 -0.052968 -0.258252 -0.462890 -0.310291 -0.222097 -0.165752 -0.255581 -0.008948 -0.105596 0.140267 -0.011881 -0.025427 -0.218570 -0.130626 -0.234806 -0.337107 -0.299730 0.110888 0.020569 0.091836 0.005774 -0.011793 0.136240 -0.397754 -0.294635 0.017592 -0.179101 0.209821 0.139673 0.357335 0.213013 0.227864 0.256643 0.223677 0.084137 0.258251 0.073130 0.262701 0.190200 -0.030600 -0.078831 0.257573 0.230856 0.003831 -0.173564 -0.036729 -0.171907 -0.259148 -0.113431 0.083930 0.016134 -0.148350 0.206422 -0.019632 0.109615 -0.341262 -0.134372 -0.036014 0.031539 0.024881 -0.222491 -0.182998 -0.342777 -0.435333 -0.081501 -0.021373 0.172288 0.217070 0.113043 0.096359 0.259012 -0.036564 0.038191
-0.169220 0.023802 -0.329826 -0.184208 -0.049737 -0.006819 -0.031418 0.278902 0.216159 0.284653 0.439970 0.804236 0.606465 1.000000 0.100505 0.380137 0.214014 0.167584 -0.364640 -0.359293 -0.010562 0.053102 -0.151117 -0.169886 -0.445141 -0.207445 -0.207128 -0.167308 0.324940 0.242716 -0.136848 0.071865 0.159534 0.132062 -0.117638 0.042350 0.211102 0.213081 -0.113050 0.020161 0.130856 -0.011415 -0.252978 -0.113320 -0.022592 -0.203088 -0.202865 -0.235636 -0.132895 -0.073595 0.129497 0.054690 0.326776 0.077916 -0.152391 -0.133485 -0.182104 -0.375692 -0.235130 -0.265217 0.303395 0.287640 0.317193 0.350896 0.060702 0.275083 -0.432439 -0.275818 -0.236044 -0.325764 0.023876 0.128450 0.269017 0.142072 0.161347 0.256701 0.234288 0.126998 0.128864 0.094642 0.239759 0.292508 -0.199873 0.111279 0.262475 0.354819 -0.104787 -0.247471 -0.151374 -0.043548 -0.230922 -0.364307 -0.166901 -0.276794 -0.267717 0.137248 -0.128191 0.000575 -0.281713 -0.169764 -0.072454 -0.180223 -0.122843 -0.401246 -0.241994 -0.490997 -0.517304 -0.270431 -0.062926 -0.026450 0.162064 -0.111165 0.016027 0.099860 -0.117219 -0.041634
-0.238337 -0.345651 -0.113091 0.206730 0.573079 0.239006 -0.261560 -0.067107 0.608173 0.570993 0.109495 -0.010905 0.360203 0.100505 1.000000 0.735580 -0.202694 -0.158517 0.002581 -0.048393 0.251921 0.141614 0.271274 0.104600 0.243817 0.149619 0.413880 0.000657 0.336727 0.239760 0.310031 0.151457 -0.421002 -0.400861 -0.321320 -0.302846 0.547909 0.263292 0.428354 0.371340 0.450675 0.412629 -0.136632 -0.157877 -0.255431 -0.428650 -0.002211 -0.186775 -0.270777 -0.122798 -0.225549 -0.262609 0.240064 0.322937 0.468213 0.166607 -0.170689 -0.293277 -0.341245 -0.248482 -0.266376 -0.372266 -0.293205 -0.346689 0.107188 -0.184775 -0.346911 -0.461858 0.200256 -0.000722 0.246765 0.126831 0.303617 0.161172 0.265779 0.163204 0.013076 -0.083686 0.014938 0.025554 0.054549 -0.106969 0.430751 0.320528 0.419473 0.391260 0.424363 -0.464987 0.321765 -0.153163 -0.411648 0.014282 -0.126151 -0.149547 0.098183 0.283571 0.033074 0.381791 -0.112046 0.149499 -0.301508 -0.228977 -0.131825 -0.236609 -0.341899 -0.106722 -0.250834 0.093426 0.273972 0.131504 0.016193 0.265364 0.315082 0.126282 0.464131 0.005804
-0.270984 -0.232544 -0.299597 0.128358 0.469045 0.196011 -0.369871 -0.045900 0.521799 0.610965 0.021812 0.354635 0.367353 0.380137 0.735580 1.000000 -0.175363 -0.160495 -0.024796 -0.077171 0.299722 0.319355 -0.021711 -0.001660 0.080683 0.111166 0.219441 -0.025526 0.481289 0.422551 0.186972 0.113901 -0.305930 -0.294973 -0.288760 -0.227118 0.658592 0.470051 0.403922 0.371471 0.437401 0.534287 -0.261104 -0.329288 -0.338536 -0.491429 -0.002129 -0.241840 -0.357214 -0.250674 -0.310254 -0.318113 0.330282 0.314019 0.331838 0.132250 -0.222309 -0.411444 -0.304354 -0.405773 -0.121868 -0.261981 -0.141342 -0.140327 0.009784 -0.093665 -0.430392 -0.494183 0.173285 -0.091321 0.223747 0.043869 0.423869 0.275469 0.420990 0.335204 -0.060543 -0.106904 0.016298 -0.059788 0.234531 0.037805 0.277101 0.587151 0.502416 0.503973 0.380779 -0.490002 0.208444 -0.143961 -0.438580 -0.142328 -0.103572 -0.213605 0.191462 0.436429 0.084278 0.434866 -0.272861 0.185514 -0.219031 -0.227917 -0.069902 -0.251281 -0.370363 -0.242465 -0.400400 0.099052 0.212907 0.255992 0.038322 0.250537 0.260066 0.241518 0.515858 0.123731
-0.176478 0.022193 -0.322143 -0.382540 -0.287119 -0.401567 -0.046745 -0.386958 -0.244207 -0.115988 0.272728 0.220418 0.179360 0.214014 -0.202694 -0.175363 1.000000 0.748649 -0.102418 -0.233895 -0.064192 0.194662 -0.280174 -0.480694 -0.052349 -0.049782 -0.394868 -0.419452 0.604005 0.604190 0.188801 0.199014 0.238236 0.072835 0.305793 0.015273 0.211331 0.511330 -0.125407 -0.241699 -0.126587 0.036910 0.079953 0.230388 -0.013129 -0.174364 -0.101100 -0.027603 -0.340058 -0.258823 0.029646 -0.185512 -0.231202 -0.410779 -0.252417 -0.310763 0.030818 0.110297 -0.305019 -0.198530 0.080060 0.121724 0.572843 0.364347 -0.160459 -0.297188 0.074754 -0.196135 0.028730 -0.132225 0.349143 0.494303 0.677332 0.567672 0.459741 0.352929 0.699190 0.627360 0.716659 0.805380 0.643524 0.779809 -0.422972 -0.266739 0.206973 0.188375 -0.094234 -0.180206 -0.358565 -0.400525 -0.438951 -0.463729 -0.453246 -0.355298 -0.232159 0.228226 0.154580 -0.070733 -0.180487 -0.124853 -0.026306 -0.066543 -0.108722 -0.238696 -0.266902 -0.383487 -0.305791 -0.252612 -0.116196 0.155230 0.452195 0.337944 0.011507 -0.005690 -0.346445 -0.013291
-0.057837 0.155019 -0.495095 -0.403316 -0.272990 -0.476135 -0.205178 -0.463712 -0.332935 -0.054810 0.189272 0.236834 -0.045390 0.167584 -0.158517 -0.160495 0.748649 1.000000 -0.151142 -0.149301 -0.082502 0.026460 -0.333747 -0.600744 -0.165665 -0.218105 -0.356798 -0.507164 0.420957 0.527732 0.016041 0.100065 0.316461 0.169151 0.216184 0.021460 0.252835 0.425963 -0.164732 -0.139688 -0.132437 0.139701 0.080509 0.173891 0.096932 -0.063849 -0.024091 -0.059419 -0.237741 -0.027934 0.129347 0.003095 -0.020049 -0.188988 -0.182275 -0.111513 0.029885 0.307655 -0.236162 -0.053474 0.029376 0.160957 0.600019 0.554023 -0.033872 -0.203289 0.096649 -0.254801 0.069243 -0.023942 0.169448 0.459238 0.566445 0.525421 0.397628 0.396462 0.648014 0.695378 0.626558 0.765087 0.430977 0.736291 -0.457876 -0.216677 0.062284 0.162441 -0.189837 -0.214195 -0.411337 -0.312300 -0.529185 -0.494476 -0.677215 -0.527670 -0.083778 0.207679 0.124271 0.038031 -0.080887 0.035415 -0.099227 -0.082443 -0.281922 -0.381379 -0.423797 -0.426747 -0.303312 -0.202891 0.016086 0.084850 0.288939 0.252628 0.052469 -0.290174 -0.375076 -0.187616
0.484421 0.407019 0.428788 0.404572 0.314518 0.081955 0.072688 -0.153480 0.145389 -0.233845 -0.343268 -0.278551 -0.199082 -0.364640 0.002581 -0.024796 -0.102418 -0.151142 1.000000 0.587249 0.040761 -0.059468 -0.010739 0.045908 0.234313 0.075561 0.167505 0.089057 -0.130262 -0.186257 0.123655 -0.105929 0.165761 -0.046100 -0.239300 -0.255437 -0.019950 -0.170997 0.159294 0.036227 -0.003187 0.089888 0.093730 -0.123016 -0.051771 -0.050400 0.024318 0.003398 0.064647 0.049687 -0.429631 -0.165532 -0.303220 -0.147336 0.081637 -0.034572 0.225355 0.228060 0.258876 0.240780 -0.025045 -0.128085 -0.233573 -0.127616 -0.322340 -0.468098 0.310659 -0.086941 0.569551 0.243068 -0.038640 -0.286182 -0.066020 -0.029204 0.030744 0.065627 -0.072498 -0.101048 -0.189431 -0.194963 -0.243941 -0.266973 0.119695 0.237722 -0.375941 -0.199828 0.142973 0.166843 0.045449 0.087203 0.067926 0.242048 0.045049 0.144221 0.004629 -0.200166 -0.135179 -0.125991 0.033617 -0.075086 0.320873 0.037100 0.159530 0.229419 -0.176607 0.092652 0.119125 0.137358 -0.242707 -0.174077 -0.338450 -0.058410 0.155556 -0.056176 0.004717 -0.057858
0.331061 0.489014 0.082061 0.258229 0.118922 0.142484 -0.015378 -0.102427 -0.039902 -0.276363 -0.338011 -0.209786 -0.288909 -0.359293 -0.048393 -0.077171 -0.233895 -0.149301 0.587249 1.000000 -0.036756 -0.093849 -0.146329 0.118836 0.066059 -0.096914 0.025371 -0.066412 -0.268686 -0.240404 -0.098884 -0.238179 0.269478 0.176371 -0.431737 -0.217261 -0.138519 -0.285094 -0.110520 -0.017539 0.037385 -0.060766 0.160107 -0.160569 0.114916 0.140113 0.090789 0.231644 -0.036647 0.141381 -0.476420 -0.113591 -0.325393 -0.120106 -0.150817 -0.109326 0.204052 0.508682 0.140651 0.248411 -0.181593 -0.034278 -0.187920 -0.003947 -0.367691 -0.403828 0.228881 0.009955 0.571237 0.594715 -0.195869 -0.359449 -0.234107 -0.202609 -0.195407 0.055083 -0.222988 -0.124993 -0.269004 -0.222880 -0.002253 -0.133538 0.089156 0.277086 -0.350548 -0.196334 -0.016293 0.057308 -0.084313 0.036569 0.226136 0.370279 0.042222 0.118481 0.095181 -0.221871 -0.205681 -0.045436 0.110298 0.043862 0.326382 0.178123 0.364813 0.374768 0.167030 0.267041 0.230024 -0.029480 0.005312 -0.130253 -0.113913 0.050627 0.036170 0.016749 0.090041 -0.017821
-0.200993 -0.091173 -0.043906 0.058935 0.224692 0.388754 -0.274023 -0.149388 0.155713 0.059002 -0.141344 -0.028241 0.079362 -0.010562 0.251921 0.299722 -0.064192 -0.082502 0.040761 -0.036756 1.000000 0.591027 -0.043161 0.038464 0.273059 0.181253 0.484212 0.418247 0.137590 0.177163 0.192893 -0.016974 -0.378791 -0.301240 -0.031857 -0.084819 0.248640 0.221332 0.456202 0.313315 0.198104 0.332059 -0.022330 -0.003640 -0.314156 -0.218911 0.050237 -0.017694 -0.186117 -0.239306 -0.090183 -0.287007 0.075437 -0.111174 0.154086 0.165511 -0.253978 -0.203239 0.003786 -0.086106 -0.220379 -0.230224 -0.216917 -0.198041 -0.210751 -0.178333 -0.021729 -0.080303 0.206188 0.096524 0.306433 0.297397 0.214581 0.274831 0.216969 0.217998 0.030823 -0.059393 0.040354 0.114533 0.056239 0.039857 0.235787 0.269099 0.213857 0.268743 0.081085 -0.207350 0.162604 0.107019 -0.280852 -0.033722 -0.189448 -0.068433 0.038957 0.234498 0.236269 0.319556 -0.109674 0.165361 -0.100443 -0.047864 -0.183187 -0.110149 -0.259409 -0.037935 -0.154380 0.184552 0.097540 0.275933 0.054936 0.144483 0.021663 -0.079590 -0.003178 -0.032330
-0.306211 -0.070601 -0.101142 -0.080458 -0.009505 -0.053757 -0.084102 -0.240062 0.014056 0.149937 0.018489 0.075628 0.129381 0.053102 0.141614 0.319355 0.194662 0.026460 -0.059468 -0.093849 0.591027 1.000000 -0.061573 -0.089720 0.449532 0.483036 0.085235 0.115391 0.457838 0.485097 0.361252 0.188953 -0.244088 -0.182426 0.041997 -0.111930 0.371888 0.452468 0.270193 0.179277 0.134845 0.342709 -0.010564 0.034794 -0.338034 -0.229164 0.082568 -0.009596 -0.400559 -0.363813 -0.211082 -0.295025 -0.036602 -0.045445 -0.035861 -0.074323 -0.237332 -0.177093 -0.280012 -0.261640 -0.215007 -0.152394 -0.065543 -0.126381 -0.248285 -0.238309 -0.114033 -0.137398 0.110585 -0.148563 0.450193 0.406537 0.431010 0.479517 0.431750 0.377652 0.117202 0.123846 0.238918 0.183637 0.396796 0.257884 0.034538 0.158781 0.299971 0.234559 0.082964 -0.165077 -0.160563 -0.286404 -0.347600 -0.059744 -0.182044 -0.098459 0.220333 0.410792 0.289671 0.346215 -0.301790 0.151238 -0.001048 -0.001882 0.074471 -0.030477 -0.149146 -0.125921 -0.225546 0.132676 0.158759 0.454362 0.182777 0.287068 0.196030 0.171843 0.158486 0.234653
0.040679 -0.194986 0.515273 0.556746 -0.002466 0.116768 0.337755 0.346755 0.222666 0.060674 0.120795 -0.188781 0.090060 -0.151117 0.271274 -0.021711 -0.280174 -0.333747 -0.010739 -0.146329 -0.043161 -0.061573 1.000000 0.751701 0.379910 0.478805 0.408731 0.447272 -0.074039 -0.245673 0.574609 0.549441 -0.263231 -0.240556 -0.024772 0.046699 -0.248846 -0.357008 0.042392 0.016608 -0.069313 -0.109848 -0.137722 -0.032865 -0.126526 -0.122104 -0.268679 -0.264439 0.002098 0.005309 0.174295 -0.010609 -0.198696 0.207590 0.021823 -0.166134 -0.018583 -0.262517 -0.229732 -0.301303 -0.159199 -0.390864 -0.297415 -0.494849 0.422150 0.047061 -0.381636 -0.088699 -0.368963 -0.351954 0.204834 0.200743 -0.189460 -0.056479 -0.034036 -0.272056 -0.114675 -0.146895 -0.183859 -0.224986 -0.318484 -0.383366 0.560866 0.019611 0.139814 0.005477 -0.124291 0.306254 0.267077 0.063718 0.054744 0.087570 0.200721 0.083661 -0.160793 -0.233900 -0.255675 -0.250273 -0.250804 -0.409940 -0.239128 -0.422402 -0.277288 -0.208218 0.060378 0.096003 0.230256 -0.013919 -0.111060 -0.169244 -0.121143 -0.287687 -0.248576 -0.094206 0.150434 0.017614
0.048191 -0.146107 0.488218 0.592046 0.006315 0.392466 0.301641 0.507366 0.165080 -0.063838 -0.025159 -0.110849 -0.008217 -0.169886 0.104600 -0.001660 -0.480694 -0.600744 0.045908 0.118836 0.038464 -0.089720 0.751701 1.000000 0.276538 0.385688 0.431073 0.574501 -0.279821 -0.436555 0.436035 0.448460 -0.262057 -0.143192 -0.056394 0.159629 -0.393349 -0.472452 0.000982 -0.002011 -0.051105 -0.180398 -0.088178 -0.067885 -0.040472 0.031046 -0.182586 -0.086621 0.014436 0.002477 0.031940 -0.051371 -0.245326 0.206045 -0.132831 -0.124329 -0.035728 -0.306428 -0.137311 -0.289062 -0.234421 -0.370161 -0.420663 -0.561826 0.333879 0.147803 -0.400553 0.076023 -0.243136 -0.144613 0.120100 0.010126 -0.367689 -0.155230 -0.123007 -0.238062 -0.281590 -0.265424 -0.369295 -0.447459 -0.349598 -0.519487 0.576868 0.259217 -0.031849 0.047224 -0.237816 0.386114 0.213259 0.238683 0.372401 0.231460 0.439445 0.161687 -0.131097 -0.326906 -0.371819 -0.315884 -0.260999 -0.413092 -0.092560 -0.341876 -0.195035 0.011702 0.268603 0.220167 0.346106 -0.003407 -0.155581 -0.214856 -0.229190 -0.357466 -0.404666 -0.082508 0.116941 -0.026694
-0.104237 -0.162911 0.295786 0.025465 0.198315 -0.104091 0.062542 -0.374803 0.123260 0.071931 -0.178019 -0.509492 -0.128203 -0.445141 0.243817 0.080683 -0.052349 -0.165665 0.234313 0.066059 0.273059 0.449532 0.379910 0.276538 1.000000 0.811177 0.390417 0.313940 0.103892 0.078821 0.608756 0.287670 -0.372983 -0.342257 0.028113 -0.142592 0.198091 0.135221 0.374688 0.182597 0.048128 0.367847 0.148761 0.117074 -0.223481 -0.053114 0.134973 0.064237 -0.188777 -0.152649 -0.099833 -0.215965 -0.152689 0.100624 0.109461 0.046891 -0.036256 -0.063506 -0.191071 -0.261364 -0.399661 -0.575269 -0.332910 -0.514774 -0.130836 -0.400559 0.031482 -0.091250 0.149455 -0.045923 0.491516 0.359086 0.153464 0.255640 0.213351 0.078421 -0.046381 0.032625 0.042780 -0.040854 -0.000757 -0.128608 0.225469 -0.034264 0.001865 -0.030437 0.033920 0.070911 -0.097402 -0.253550 -0.115760 0.334912 0.061019 0.126003 0.264879 0.153497 0.205724 0.195304 -0.109504 0.215490 -0.126162 -0.021388 -0.081920 0.090570 -0.070449 0.150165 0.178292 0.191832 0.200613 0.280929 0.025896 0.309123 0.207104 0.084536 0.246602 0.055670
-0.213002 -0.176547 0.330785 0.102547 -0.070254 -0.248694 0.175425 -0.132978 0.048327 0.146407 0.044477 -0.291170 0.060993 -0.207445 0.149619 0.111166 -0.049782 -0.218105 0.075561 -0.096914 0.181253 0.483036 0.478805 0.385688 0.811177 1.000000 0.226870 0.349224 0.144677 0.128144 0.614417 0.449780 -0.359403 -0.280034 -0.032664 -0.081828 0.093998 0.064505 0.182337 0.071013 -0.023626 0.194374 -0.001777 0.027260 -0.326047 -0.130748 -0.022810 -0.017698 -0.178512 -0.225028 -0.050388 -0.116229 -0.111543 0.135002 -0.008624 -0.035845 -0.174152 -0.197613 -0.300396 -0.295017 -0.387049 -0.447964 -0.252916 -0.462188 -0.139880 -0.168434 -0.182039 -0.086239 -0.061861 -0.188562 0.499330 0.372167 0.125973 0.257330 0.188445 0.049980 -0.068611 0.112478 0.021141 -0.075772 0.005618 -0.106545 0.196949 -0.061639 0.043497 -0.058806 -0.070235 0.266146 -0.113903 -0.211169 -0.036899 0.227181 0.182488 0.151138 0.208654 0.065832 0.218775 0.128830 -0.184741 0.034996 -0.010502 -0.040753 -0.040861 0.081127 0.063691 0.138213 0.153648 0.062788 0.092002 0.335182 0.017859 0.137576 0.064305 0.104046 0.150147 0.208202
-0.076189 -0.318057 0.127472 0.391848 0.504808 0.561544 -0.168571 -0.021266 0.327527 0.045188 -0.134619 -0.255987 -0.056815 -0.207128 0.413880 0.219441 -0.394868 -0.356798 0.167505 0.025371 0.484212 0.085235 0.408731 0.431073 0.390417 0.226870 1.000000 0.627058 -0.175501 -0.293101 0.330551 0.161856 -0.453911 -0.399096 -0.014945 -0.112957 0.035972 -0.043366 0.635504 0.473054 0.176398 0.285317 -0.020155 -0.035597 -0.103248 0.012615 -0.074468 -0.122030 -0.021484 -0.041206 -0.091837 -0.210285 -0.024600 0.082790 0.405694 0.271884 -0.115994 -0.389986 0.019790 -0.114215 -0.353981 -0.566879 -0.348759 -0.552940 0.166652 -0.166272 -0.053127 0.046717 0.105899 0.051460 0.199901 0.116776 -0.191004 -0.095454 -0.118822 -0.207515 -0.266020 -0.370700 -0.216335 -0.214936 -0.315391 -0.447577 0.629539 0.285297 0.210841 0.236963 0.279579 -0.051583 0.442625 0.233494 0.041166 0.256526 -0.027613 0.003856 -0.030656 0.077386 -0.000579 0.099156 -0.064301 0.148314 -0.326825 -0.204423 -0.304204 -0.096305 -0.194066 0.130679 0.096540 0.217294 0.144011 -0.075298 -0.046649 -0.087000 0.002300 -0.106363 0.128047 -0.263182
0.066515 -0.134274 0.354338 0.369811 0.083087 0.418776 0.041537 0.266305 0.049451 -0.075331 -0.156204 -0.131731 -0.083073 -0.167308 0.000657 -0.025526 -0.419452 -0.507164 0.089057 -0.066412 0.418247 0.115391 0.447272 0.574501 0.313940 0.349224 0.627058 1.000000 -0.372632 -0.429482 0.190968 0.176817 -0.311513 -0.210090 0.052509 -0.008507 -0.227093 -0.311333 0.308138 0.136539 -0.031022 -0.043234 -0.109966 -0.102369 -0.159171 0.036404 -0.083872 -0.021608 0.203298 -0.021705 -0.004111 -0.039251 -0.091319 0.013020 0.162557 0.154151 -0.072056 -0.343615 0.193993 0.012115 -0.161738 -0.357193 -0.346420 -0.409875 0.096641 0.105718 0.005872 0.236797 -0.144182 -0.074916 0.046962 0.001210 -0.357977 -0.174596 -0.236225 -0.283364 -0.347106 -0.373041 -0.357171 -0.326400 -0.445197 -0.479769 0.350532 0.126639 -0.050630 -0.057064 0.049886 0.343088 0.294081 0.366963 0.290606 0.252761 0.304576 0.238570 -0.088694 -0.176039 -0.034131 -0.123621 0.022575 -0.094479 -0.244006 -0.133741 -0.087705 0.026594 0.158510 0.208386 0.222014 0.114734 -0.114268 -0.130868 -0.259366 -0.325816 -0.132067 -0.016980 0.011147 0.006334
-0.267535 -0.194617 -0.240899 -0.222784 0.054077 -0.259614 -0.059412 -0.339428 0.217443 0.285190 0.247807 0.328394 0.401741 0.324940 0.336727 0.481289 0.604005 0.420957 -0.130262 -0.268686 0.137590 0.457838 -0.074039 -0.279821 0.103892 0.144677 -0.175501 -0.372632 1.000000 0.872187 0.463711 0.359318 -0.017588 -0.068940 0.077974 -0.080816 0.595749 0.684916 0.150832 0.089250 0.156155 0.364342 -0.237901 -0.146470 -0.345610 -0.588518 -0.280354 -0.350815 -0.651727 -0.535999 -0.240685 -0.507313 -0.132729 -0.205156 -0.023494 -0.363915 -0.136720 -0.139945 -0.465628 -0.562348 0.075627 -0.085584 0.317322 0.154364 -0.026334 -0.369818 -0.287132 -0.517153 0.020436 -0.289611 0.476299 0.494320 0.894975 0.628730 0.743577 0.532891 0.530787 0.500234 0.629484 0.514647 0.662874 0.665706 -0.055395 0.198341 0.473626 0.448407 0.042784 -0.417341 -0.122457 -0.479010 -0.635294 -0.404396 -0.328731 -0.259143 0.016588 0.507704 0.118742 0.165521 -0.467849 -0.099602 -0.171614 -0.189552 -0.145212 -0.328518 -0.425462 -0.453776 -0.467960 -0.083714 0.009879 0.355661 0.367311 0.409501 0.101583 0.139654 0.156823 0.132656
-0.358165 -0.068797 -0.344723 -0.349583 -0.094351 -0.354063 -0.152379 -0.426143 0.042159 0.321983 0.168548 0.265244 0.233701 0.242716 0.239760 0.422551 0.604190 0.527732 -0.186257 -0.240404 0.177163 0.485097 -0.245673 -0.436555 0.078821 0.128144 -0.293101 -0.429482 0.872187 1.000000 0.339079 0.250766 -0.005769 0.001972 0.048609 -0.071084 0.618717 0.706052 0.131913 -0.047135 0.218595 0.404577 -0.176436 -0.119273 -0.291724 -0.461199 -0.110052 -0.227593 -0.581419 -0.425620 -0.294748 -0.416369 -0.123689 -0.177176 0.018950 -0.133457 -0.170731 -0.036002 -0.414696 -0.371646 -0.049248 0.040927 0.324115 0.271680 -0.184484 -0.338946 -0.190721 -0.463084 0.112105 -0.152695 0.427328 0.457355 0.858398 0.666786 0.661492 0.553772 0.495657 0.559335 0.570330 0.521155 0.636681 0.712837 -0.229206 0.129388 0.334525 0.303286 0.094647 -0.335231 -0.181738 -0.416383 -0.605081 -0.396705 -0.348371 -0.233711 0.054123 0.461402 0.256702 0.197461 -0.240823 0.048333 -0.010199 -0.040910 0.009052 -0.198685 -0.290561 -0.330920 -0.324665 -0.101509 0.027082 0.358623 0.343944 0.440335 0.172949 0.116000 0.124860 0.218241
-0.213983 -0.206305 0.261481 0.296604 0.078745 -0.003577 0.154476 -0.086283 0.174019 0.100171 0.108030 -0.093906 0.055589 -0.136848 0.310031 0.186972 0.188801 0.016041 0.123655 -0.098884 0.192893 0.361252 0.574609 0.436035 0.608756 0.614417 0.330551 0.190968 0.463711 0.339079 1.000000 0.805147 -0.256204 -0.221004 0.116045 -0.023258 0.140028 0.151134 0.321801 0.080286 0.043095 0.267769 -0.125549 -0.035616 -0.274882 -0.331166 -0.244747 -0.273808 -0.446139 -0.352645 -0.122129 -0.392429 -0.399209 -0.041873 -0.049114 -0.258881 -0.131143 -0.290968 -0.456681 -0.495321 -0.332993 -0.448351 -0.091018 -0.433344 0.208822 -0.331703 -0.261715 -0.301252 -0.009429 -0.286919 0.551926 0.539923 0.435017 0.495547 0.463741 0.239669 0.293613 0.325627 0.264037 0.175113 0.141536 0.060143 0.358770 0.216751 0.234222 0.249653 -0.098546 0.075441 -0.019853 -0.262069 -0.305716 -0.108229 -0.068449 -0.131595 -0.055816 0.066511 -0.088647 -0.086778 -0.468471 -0.284715 -0.251758 -0.451489 -0.321613 -0.209797 -0.158246 -0.087974 0.052988 -0.084269 -0.114118 0.124459 0.166664 0.093023 -0.166867 -0.026907 0.089902 0.001746
-0.302348 -0.274804 0.078726 0.354863 -0.119509 -0.070452 0.220741 0.204689 0.036341 0.190852 0.229035 0.127002 0.022658 0.071865 0.151457 0.113901 0.199014 0.100065 -0.105929 -0.238179 -0.016974 0.188953 0.549441 0.448460 0.287670 0.449780 0.161856 0.176817 0.359318 0.250766 0.805147 1.000000 -0.133941 -0.077239 0.222730 0.132959 0.041638 0.055116 0.108063 -0.006811 0.015080 0.038660 -0.154852 -0.032501 -0.114740 -0.197676 -0.262781 -0.246258 -0.309772 -0.176762 0.052067 -0.126169 -0.308142 0.138594 -0.215444 -0.230743 -0.240296 -0.432136 -0.467145 -0.414190 -0.295123 -0.203134 0.106477 -0.274024 0.425646 -0.003084 -0.347834 -0.225870 -0.259909 -0.334315 0.431552 0.572586 0.311778 0.448063 0.355337 0.254257 0.353999 0.423702 0.275359 0.210847 0.116975 0.096040 0.314804 0.174009 0.278615 0.206446 -0.171349 0.208521 -0.103718 -0.227246 -0.216037 -0.282997 -0.106698 -0.303701 -0.257300 0.030045 -0.221449 -0.202727 -0.532781 -0.390935 -0.333972 -0.586880 -0.351867 -0.394624 -0.168678 -0.257097 -0.095400 -0.319710 -0.181702 -0.044427 0.204262 -0.044834 -0.282550 -0.083821 -0.102452 -0.100622
0.362843 0.534791 0.031099 -0.129027 -0.348398 -0.365389 0.268414 -0.007460 -0.348281 -0.481126 0.003567 0.357834 -0.133661 0.159534 -0.421002 -0.305930 0.238236 0.316461 0.165761 0.269478 -0.378791 -0.244088 -0.263231 -0.262057 -0.372983 -0.359403 -0.453911 -0.311513 -0.017588 -0.005769 -0.256204 -0.133941 1.000000 0.808733 -0.047875 0.068209 -0.200690 -0.173248 -0.506034 -0.375776 -0.033137 -0.320371 0.042396 0.030745 0.298689 0.141499 -0.110595 0.020525 0.195093 0.193915 0.077205 0.183134 -0.173629 -0.243392 -0.554759 -0.319941 0.069612 0.433423 0.110261 0.242672 0.398074 0.343291 0.484426 0.658036 -0.091626 -0.081935 0.317467 0.134245 -0.019118 0.113212 -0.460118 -0.273386 -0.069153 -0.159388 -0.124016 0.132410 0.147144 0.200519 -0.027846 0.067179 0.054281 0.227753 -0.448729 -0.015995 -0.289057 -0.232238 -0.342404 0.024242 -0.450889 -0.262760 -0.053741 -0.251075 -0.306542 -0.254425 -0.076680 -0.260428 -0.226410 -0.271537 -0.085772 -0.371891 0.189376 -0.034450 0.172047 -0.049142 -0.021829 -0.292050 -0.103388 -0.388019 -0.397211 -0.354605 0.127063 -0.193388 -0.226670 -0.158554 -0.248652 -0.152293
0.233654 0.396163 0.046585 -0.285492 -0.476628 -0.315562 0.399508 0.078433 -0.374921 -0.398945 0.081392 0.356401 -0.096262 0.132062 -0.400861 -0.294973 0.072835 0.169151 -0.046100 0.176371 -0.301240 -0.182426 -0.240556 -0.143192 -0.342257 -0.280034 -0.399096 -0.210090 -0.068940 0.001972 -0.221004 -0.077239 0.808733 1.000000 -0.099405 0.308165 -0.273480 -0.203809 -0.435074 -0.419696 -0.041529 -0.330672 -0.135298 -0.120773 0.178715 0.207112 -0.251213 -0.037791 0.175708 0.041915 0.054360 0.081260 -0.146808 -0.262172 -0.636840 -0.423254 -0.074723 0.348645 0.140796 0.230232 0.375713 0.408944 0.412372 0.622930 -0.020512 0.157508 0.320797 0.424530 -0.161158 0.173374 -0.500905 -0.286413 -0.158074 -0.210152 -0.169567 0.066364 -0.012259 0.162118 -0.118323 -0.087193 0.031400 0.147333 -0.391903 -0.030253 -0.244126 -0.291302 -0.397296 0.084217 -0.421958 -0.294149 0.050812 -0.058114 -0.112821 -0.030518 -0.029367 -0.266279 -0.218403 -0.257737 -0.117475 -0.333675 0.188673 0.063076 0.251209 0.108791 0.170145 -0.199042 -0.000576 -0.335638 -0.356144 -0.329988 0.155609 -0.183105 -0.278107 -0.144715 -0.263497 -0.240281
-0.275022 -0.188838 -0.022238 -0.167097 -0.222241 -0.117023 0.006152 -0.197284 -0.356277 -0.237841 0.129816 -0.030454 -0.148781 -0.117638 -0.321320 -0.288760 0.305793 0.216184 -0.239300 -0.431737 -0.031857 0.041997 -0.024772 -0.056394 0.028113 -0.032664 -0.014945 0.052509 0.077974 0.048609 0.116045 0.222730 -0.047875 -0.099405 1.000000 0.389464 0.033491 0.227554 0.017668 -0.179967 -0.047576 -0.000130 0.057626 0.267274 0.154013 0.145857 0.019101 0.000421 0.004762 0.014705 0.350448 0.125252 -0.131786 0.030296 -0.060355 0.048239 -0.009245 -0.166939 -0.068392 -0.142380 0.014422 -0.140830 0.296660 -0.062329 0.339709 0.137074 0.057985 0.208158 -0.178927 -0.338189 0.106779 0.208642 0.080157 0.166490 0.120263 -0.089258 0.271750 0.237371 0.334054 0.225614 0.041850 0.137532 -0.138684 -0.158113 0.133997 0.234975 -0.093518 0.062616 -0.143645 -0.036479 -0.088500 -0.272850 -0.148801 -0.184448 -0.025640 0.155885 0.104041 -0.156987 -0.115385 -0.061543 -0.173284 -0.130480 -0.269676 -0.155132 -0.152514 -0.178128 0.002876 0.001199 -0.198640 0.085201 0.136614 -0.119610 -0.197070 -0.026989 -0.174647 -0.112523
-0.168495 -0.102575 -0.041483 -0.150698 -0.290130 0.011467 0.264852 0.167524 -0.369300 -0.128609 0.063148 0.105041 -0.135034 0.042350 -0.302846 -0.227118 0.015273 0.021460 -0.255437 -0.217261 -0.084819 -0.111930 0.046699 0.159629 -0.142592 -0.081828 -0.112957 -0.008507 -0.080816 -0.071084 -0.023258 0.132959 0.068209 0.308165 0.389464 1.000000 -0.198410 -0.041539 -0.113633 -0.247174 0.051994 -0.115144 -0.117689 -0.014363 0.091571 0.289946 -0.184589 -0.122194 -0.093335 -0.092929 0.299786 0.006340 -0.134513 0.019367 -0.351763 -0.291880 -0.186399 -0.042199 0.018212 -0.118006 0.085746 0.186370 0.164713 0.085959 0.351925 0.339836 -0.051766 0.452116 -0.288501 -0.034627 -0.134689 -0.084296 -0.162791 -0.083379 -0.061584 -0.061759 -0.022324 0.127428 -0.012039 -0.064733 0.079318 0.102048 -0.088882 0.046476 0.083654 0.127554 -0.191864 0.120008 -0.050207 0.039152 0.150793 -0.078233 0.183978 0.064603 -0.020607 -0.101241 -0.097633 -0.149489 -0.214657 -0.209857 0.089177 0.036217 -0.040233 0.011995 0.128284 -0.088500 0.138284 0.008244 -0.164663 -0.165238 0.141513 -0.270298 -0.324616 -0.002819 -0.112084 -0.228111
