1.000000 0.080903 0.155969 -0.191974 -0.129940 -0.393944 0.225434 -0.038154 -0.078544 -0.290956 0.362253 0.113608 0.293452 0.098246 0.155568 0.000239 -0.039414 0.076664 0.470885 -0.054863 0.027267 -0.229596 0.134705 -0.245021 -0.357755 -0.434155 -0.010898 -0.179137 -0.091883 -0.034793 -0.070128 -0.387812 -0.086273 -0.396142 0.018587 0.028925 -0.153573 0.056023 -0.102732 -0.068518 -0.105060 -0.211803 -0.177655 -0.116916 -0.102566 -0.212621 -0.025441 -0.148257 0.126037 -0.107871 0.061265 0.177277 0.318099 0.034382 0.219816 0.085082 0.392118 0.185414 0.295536 0.310920 0.208548 0.176348 0.039129 0.162484 0.005582 -0.169887 0.116532 -0.333001 0.038329 -0.129068 -0.159782 -0.174468 0.087457 -0.027504 0.041115 0.185644 0.132544 0.091434 -0.181057 -0.090972 -0.094875 -0.118562 0.200578 -0.041785 0.232387 -0.065819 0.146970 0.145863 -0.011601 0.168986 -0.136214 -0.019555 -0.313531 -0.073608 -0.010788 0.135459 -0.002407 -0.007171 0.236123 0.037381 -0.272166 0.115543 -0.065503 0.133774 -0.187632 -0.068676 -0.053399 0.156573 0.219058 0.033267 -0.179848 -0.208147 -0.109117 0.066867 -0.151213 -0.314352
0.080903 1.000000 -0.042206 -0.389544 -0.002450 -0.362803 -0.204046 -0.183678 -0.315281 -0.309506 -0.069891 -0.232558 -0.172105 -0.107642 0.151731 -0.236393 0.020274 0.311266 0.091065 0.110099 0.156532 0.207843 -0.178034 -0.294233 -0.037788 -0.121317 -0.055975 -0.109627 0.007094 0.304773 -0.118069 -0.339556 0.110775 -0.202870 0.044495 -0.258401 0.267314 0.185348 0.025705 0.196812 -0.027484 0.014410 0.005295 0.024129 -0.043473 -0.014720 -0.058585 -0.007706 0.024159 0.099555 0.035895 0.346867 0.209165 0.104253 0.204374 0.109433 0.266470 0.474433 -0.168815 0.252128 -0.197353 -0.186962 -0.015862 0.112833 -0.291160 -0.272960 -0.036641 -0.095227 0.215147 0.060327 0.010911 -0.008487 0.125901 0.189011 0.067059 -0.123363 0.112421 -0.153421 0.081804 0.139734 0.061687 0.125038 0.124017 0.059166 -0.005234 0.092557 0.128133 0.060264 -0.167688 -0.104928 0.010943 -0.046999 -0.093548 0.089780 -0.231342 0.133464 -0.093147 -0.192246 0.377991 0.058132 0.132210 0.145517 0.272787 -0.105285 0.148545 -0.010900 0.060688 0.185568 0.083504 -0.046732 0.005942 0.096139 -0.217201 0.018709 0.035046 -0.105266
0.155969 -0.042206 1.000000 -0.003719 0.329703 0.140205 0.630336 0.410693 0.182651 -0.053538 -0.296537 -0.185315 0.280940 0.018041 -0.297794 -0.372498 0.059579 -0.249082 0.106332 -0.397777 0.339304 0.165951 -0.075160 -0.386638 -0.035409 0.219640 0.203038 -0.063873 -0.051756 -0.324604 -0.217415 0.039463 -0.135602 0.175061 -0.090048 -0.149113 -0.149386 -0.035953 -0.053757 0.001636 0.029988 -0.109905 -0.093122 -0.001921 -0.058646 -0.124677 -0.314157 -0.499591 0.042696 -0.379476 0.553394 -0.025758 0.195241 -0.345487 -0.106215 -0.184981 0.148207 0.012146 0.291782 -0.011361 0.525678 0.055180 0.298975 0.162904 -0.078605 0.366861 0.461971 0.364278 -0.155335 -0.198492 -0.089647 -0.106187 0.040769 -0.031432 0.008502 0.197762 0.112537 -0.166824 -0.092960 -0.018935 0.005770 -0.178294 -0.320972 -0.222848 -0.235268 -0.067778 -0.337252 -0.121190 -0.151714 -0.287180 -0.391832 -0.191974 -0.111983 -0.136328 0.058865 -0.082768 0.147703 0.240606 -0.201799 0.061321 -0.020755 0.314040 -0.015159 0.255657 -0.391859 -0.239036 -0.249787 0.182239 0.117617 0.108438 -0.025209 -0.181640 -0.205796 -0.158452 -0.447153 -0.123936
-0.191974 -0.389544 -0.003719 1.000000 0.036619 0.463725 0.045880 0.596477 0.036939 0.381240 -0.188123 0.123840 0.075733 0.243123 -0.467573 0.232790 -0.116561 -0.276904 -0.174750 -0.008377 0.089311 -0.060388 -0.072477 0.360521 -0.032526 0.280959 0.141199 0.138225 -0.148823 -0.336255 0.128077 0.466564 -0.090336 0.166406 -0.231833 -0.056683 -0.144975 0.045721 -0.266309 -0.216392 -0.023442 -0.073200 0.013824 -0.111251 -0.307785 -0.196366 0.024463 0.051760 -0.068500 -0.288584 -0.219405 -0.391062 -0.257551 -0.190485 -0.337827 0.001113 -0.071715 -0.233197 -0.038412 -0.268777 0.240228 0.406816 0.042636 0.010025 0.104883 0.507680 -0.210070 -0.038392 0.014071 0.240957 -0.070436 0.038655 -0.308955 0.075132 0.007638 0.147211 -0.125371 0.121740 -0.018094 -0.103494 -0.051403 -0.280937 -0.226098 -0.171013 -0.225226 -0.046064 -0.144317 -0.050838 0.139020 0.410067 0.210922 0.073853 0.282020 0.071003 -0.143216 -0.231535 0.055188 -0.028488 -0.346166 -0.003350 0.097591 0.129018 -0.117933 -0.112875 -0.030955 -0.226667 -0.075244 -0.162348 -0.105778 -0.043755 -0.082081 -0.263228 0.141326 -0.065516 -0.096889 0.013052
-0.129940 -0.002450 0.329703 0.036619 1.000000 0.203373 0.421534 0.174583 0.216538 0.211668 -0.545939 -0.367660 0.119325 -0.244208 -0.181452 -0.243867 -0.119657 -0.002452 -0.068490 -0.064441 0.079897 -0.045210 -0.142658 -0.145222 0.102215 0.233445 0.121464 -0.147586 -0.023142 -0.330692 -0.108809 -0.072389 -0.058106 0.133004 0.096475 -0.009317 -0.338743 -0.377490 -0.350295 0.129638 -0.019776 -0.156287 -0.084536 -0.133088 0.121052 -0.007121 -0.199364 -0.177748 0.022887 -0.066426 0.300379 0.121433 0.233823 -0.144809 -0.399708 -0.302875 0.001231 0.124194 0.037017 0.086798 0.245284 -0.096016 0.168472 0.197192 -0.121133 0.031732 0.365456 0.284600 0.111628 0.138723 0.044213 0.028531 -0.118185 -0.278376 -0.204015 -0.009974 -0.209749 -0.064871 -0.008251 -0.069878 -0.071666 -0.101152 -0.370883 -0.288206 -0.361749 -0.200056 -0.485254 -0.432451 -0.183145 -0.229534 0.074848 0.205772 0.010111 0.002585 0.259667 -0.089245 -0.047685 0.216119 -0.111588 0.246368 0.225328 0.074973 -0.083200 0.163069 -0.109134 0.041837 -0.019987 0.245396 0.150563 -0.037795 0.278449 0.049648 0.033373 0.018399 -0.051525 0.035833
-0.393944 -0.362803 0.140205 0.463725 0.203373 1.000000 0.121549 0.315502 0.197092 0.423277 -0.311722 -0.013551 -0.048331 0.015661 -0.267107 0.221592 -0.194559 -0.401575 -0.492511 -0.100071 -0.003240 0.099928 -0.078025 0.381138 0.277417 0.462517 0.380853 0.330430 -0.165431 -0.485610 0.000522 0.378754 -0.157365 0.235051 0.071682 0.051108 -0.199702 -0.008759 0.161591 -0.147688 -0.040826 -0.044411 -0.103598 -0.158789 -0.222810 -0.182379 -0.051810 -0.167313 0.148075 -0.210970 0.136694 -0.053387 0.045775 -0.085900 -0.102767 -0.238908 -0.260174 -0.277372 0.185667 -0.158957 0.269954 0.189880 0.077834 -0.136846 0.120785 0.465713 0.091362 0.247863 -0.018781 0.115956 0.184337 0.130735 -0.308782 -0.161362 -0.055426 -0.077018 -0.178840 -0.099331 -0.006630 -0.112227 -0.221521 -0.326586 -0.415287 -0.338933 -0.348013 -0.106492 -0.303942 -0.184455 0.023844 0.120251 0.021181 0.117926 0.314495 0.178033 -0.048830 -0.273742 0.036662 0.231137 -0.436800 0.128286 0.155778 0.073852 0.027647 0.196444 0.116770 0.143008 0.105960 0.089629 -0.108652 0.128528 0.033434 -0.193178 0.132560 -0.085306 0.050907 0.242105
0.225434 -0.204046 0.630336 0.045880 0.421534 0.121549 1.000000 0.524361 0.229675 0.217457 -0.221784 0.125592 0.528472 0.262775 -0.102142 -0.075355 -0.237786 -0.216465 0.068368 -0.227195 0.080290 -0.096502 0.025096 -0.277637 -0.202761 -0.025748 0.035827 -0.215642 -0.119671 -0.297351 -0.209701 -0.108145 -0.229544 -0.006368 -0.133047 0.068135 -0.298101 -0.350417 -0.257168 -0.094655 -0.057311 -0.253596 -0.174551 -0.169737 -0.058962 -0.164304 -0.286700 -0.453387 0.033397 -0.291597 0.280142 -0.026351 0.211005 -0.118159 -0.113621 -0.319760 0.042580 -0.080850 0.285574 -0.099992 0.537427 0.226189 0.427509 0.268990 -0.029331 0.271654 0.433029 0.161725 -0.074620 -0.000697 -0.182286 -0.142732 -0.058056 -0.301002 -0.137679 0.165193 -0.069050 -0.097694 -0.190687 -0.210958 -0.154895 -0.242097 -0.392253 -0.292717 -0.375290 -0.269526 -0.564201 -0.241139 -0.145611 -0.098972 -0.130250 0.080483 0.060838 0.034870 0.029759 -0.094590 -0.056066 0.167947 -0.224396 0.134703 0.033959 0.194171 0.005320 0.196868 -0.263550 -0.096585 -0.284095 0.182332 0.249197 0.008087 -0.080585 -0.221742 0.079018 0.009855 -0.253902 -0.065708
-0.038154 -0.183678 0.410693 0.596477 0.174583 0.315502 0.524361 1.000000 0.082312 0.286594 -0.204927 0.302608 0.380713 0.514923 -0.344795 0.077548 -0.065108 -0.248096 -0.058899 -0.136971 0.204484 0.084454 -0.295479 -0.105303 -0.278375 0.085839 -0.080803 -0.061497 -0.109002 -0.313892 -0.306846 0.130679 -0.170503 0.055869 -0.268536 -0.172747 -0.148536 -0.077557 -0.188768 -0.049443 -0.008448 -0.169673 0.034994 0.000692 -0.305019 -0.171882 -0.192190 -0.220584 -0.025227 -0.447369 -0.037133 -0.389468 -0.154643 -0.313163 -0.206452 -0.131649 0.072274 -0.203986 0.090855 -0.303828 0.555111 0.558009 0.342389 0.274343 -0.072815 0.638328 0.033500 0.076054 0.014103 0.133936 -0.102214 -0.155500 -0.237174 0.008766 0.051754 0.187305 -0.029820 -0.009525 -0.104847 -0.215810 -0.100418 -0.438612 -0.398019 -0.212088 -0.375943 -0.247445 -0.393604 -0.102013 -0.090731 0.119273 0.011644 -0.009308 0.226393 0.012527 -0.252135 -0.249577 -0.028258 -0.024958 -0.340689 -0.005792 0.082596 0.318698 0.033731 -0.024614 -0.067231 -0.240801 -0.100947 0.021973 -0.009533 0.019737 -0.109257 -0.319439 0.066422 -0.080447 -0.230829 -0.046288
-0.078544 -0.315281 0.182651 0.036939 0.216538 0.197092 0.229675 0.082312 1.000000 0.164496 0.117193 0.183983 0.481683 0.167433 0.255265 -0.051708 -0.075257 -0.168071 -0.303642 -0.053670 -0.191707 -0.272310 0.365319 0.220873 0.015067 -0.070305 0.162689 0.000155 -0.202761 -0.319509 -0.182578 -0.138005 -0.354930 -0.070667 0.167034 0.109332 -0.290672 -0.107059 0.055154 -0.010702 -0.438652 -0.288748 -0.043278 -0.136157 -0.004829 -0.061799 -0.161532 -0.126752 0.270437 -0.037438 0.191517 -0.058000 -0.086401 -0.090512 -0.010343 -0.205383 -0.250407 -0.229231 0.337448 0.008270 0.214371 0.097751 0.004263 -0.307176 0.237002 0.226020 0.097328 0.313916 0.030994 0.077639 -0.079032 -0.006694 -0.464584 -0.319786 -0.225762 0.081382 -0.296282 -0.038857 0.012794 -0.007406 -0.241025 -0.249376 -0.132132 -0.218658 -0.002409 -0.156175 -0.092529 -0.243827 0.080374 -0.063155 -0.003141 0.188010 0.038997 0.059176 0.176619 0.076987 -0.157073 0.246038 -0.246187 0.191304 -0.079025 -0.147952 -0.140605 0.295131 0.055170 0.205158 0.147020 0.212488 -0.011845 0.187852 0.082037 0.027839 0.006440 -0.061614 0.032274 0.006440
-0.290956 -0.309506 -0.053538 0.381240 0.211668 0.423277 0.217457 0.286594 0.164496 1.000000 -0.120468 -0.041905 0.097428 0.107326 -0.134936 0.178242 -0.004892 -0.091301 -0.344573 -0.056735 -0.144662 -0.099304 -0.074700 0.220456 0.078829 0.233497 -0.050454 -0.088439 -0.004238 -0.186596 -0.168850 0.053921 -0.119827 -0.044271 -0.117066 -0.115426 -0.112660 -0.374050 -0.260422 -0.220434 -0.095294 -0.222196 -0.018367 -0.086207 -0.135168 -0.097171 0.052051 0.037629 0.108155 -0.017548 -0.039972 -0.068981 0.013177 -0.100830 -0.293068 -0.265037 -0.143131 -0.179198 -0.011757 -0.117650 0.155181 0.383677 0.253382 0.267759 0.012072 0.198917 -0.021856 -0.100583 0.147217 0.268769 0.047748 0.072880 -0.166122 -0.065623 -0.180396 -0.062908 -0.287075 -0.124167 0.160520 0.032498 0.060087 -0.126625 -0.234218 -0.279213 -0.267855 -0.400355 -0.436693 -0.512976 -0.077682 0.175880 0.275985 0.235944 0.373380 0.076069 -0.064021 -0.130587 -0.078890 0.120556 -0.345318 0.030385 0.138315 -0.107434 -0.073343 0.054478 0.151293 0.086549 0.079505 -0.037056 0.011287 0.024610 0.092526 -0.156413 0.349829 -0.141657 0.185589 0.204257
0.362253 -0.069891 -0.296537 -0.188123 -0.545939 -0.311722 -0.221784 -0.204927 0.117193 -0.120468 1.000000 0.363192 0.206179 0.327463 0.345186 0.174540 0.275435 -0.044406 0.196555 0.202984 -0.342925 -0.238267 0.397293 0.147008 -0.133924 -0.481449 -0.260836 -0.114244 0.157324 0.244083 0.169680 -0.222574 -0.011165 -0.260570 0.031967 -0.013562 0.105884 0.012990 0.036832 -0.172811 -0.118012 0.020559 0.007270 0.055848 -0.029937 0.011097 0.123892 0.140405 0.043846 0.111378 -0.286814 -0.111108 -0.121617 0.141075 0.205132 0.109069 0.066059 -0.077334 0.028325 0.063047 -0.106837 0.124701 -0.058389 -0.121319 0.209007 -0.303611 -0.324904 -0.411053 0.010420 -0.075623 0.047652 0.137715 0.077118 0.113121 0.188565 0.274570 0.139341 0.129220 0.003539 0.012366 0.063965 0.027881 0.374585 0.090908 0.464134 -0.168383 0.474226 0.056913 0.166110 0.150827 -0.065969 -0.073682 -0.256187 -0.038926 -0.056781 0.154814 -0.181027 -0.048512 0.121216 -0.115311 -0.287183 -0.071497 0.042970 0.036209 0.086196 0.062150 0.092896 0.025733 -0.028979 0.104611 -0.129132 -0.080978 -0.014132 0.121682 0.152259 -0.099857
0.113608 -0.232558 -0.185315 0.123840 -0.367660 -0.013551 0.125592 0.302608 0.183983 -0.041905 0.363192 1.000000 0.463685 0.710135 0.066333 0.531450 -0.113866 -0.012562 -0.185775 -0.000243 -0.246926 -0.244871 0.046055 0.232628 -0.285177 -0.470647 -0.088511 0.095121 -0.260184 -0.000959 -0.245324 -0.139476 -0.291533 -0.387434 -0.143007 0.079605 -0.068960 0.095087 0.152410 -0.075665 -0.123520 -0.057068 -0.117555 -0.222518 -0.256200 -0.277959 -0.068728 -0.073200 0.200522 -0.215092 -0.069204 -0.119230 0.002921 0.057276 0.330075 0.120135 -0.083616 -0.386170 0.247601 -0.034570 0.255904 0.485096 0.179267 -0.027281 0.107829 0.216714 -0.106483 -0.123919 0.002432 0.193554 -0.015923 -0.016533 -0.260936 -0.117362 -0.158727 -0.020459 0.025668 0.205211 -0.165780 -0.394029 -0.314289 -0.343561 0.001903 0.032721 0.066901 -0.088574 0.209307 0.216479 -0.014985 0.338039 0.112233 0.027401 0.087897 0.084071 -0.149785 -0.014189 -0.089393 -0.130688 -0.008482 -0.041906 -0.258902 -0.085157 -0.013072 -0.074830 0.120922 0.075015 0.120865 0.027243 -0.172512 -0.074146 -0.190000 -0.136424 0.191296 0.124254 0.054158 -0.062428
0.293452 -0.172105 0.280940 0.075733 0.119325 -0.048331 0.528472 0.380713 0.481683 0.097428 0.206179 0.463685 1.000000 0.617516 0.054623 0.100868 -0.137602 -0.137142 -0.100920 -0.102562 -0.126916 -0.242576 0.174361 -0.077372 -0.322229 -0.514939 -0.055970 -0.199380 -0.171520 -0.241945 -0.341239 -0.285652 -0.251781 -0.201968 -0.115330 -0.069891 -0.297078 -0.083352 0.001265 -0.022530 -0.230166 -0.285656 -0.039358 -0.189428 -0.174681 -0.192332 -0.160881 -0.238006 0.286675 -0.240630 0.104002 -0.203015 0.013825 -0.161947 0.099124 -0.288072 -0.076264 -0.111968 0.400481 0.004503 0.612429 0.448185 0.394574 0.159031 0.145372 0.273297 0.093204 -0.046291 0.131501 0.199101 -0.118520 -0.093763 -0.185505 -0.196563 -0.189553 0.156338 -0.125722 0.090083 -0.153573 -0.175335 -0.248397 -0.354799 -0.159980 -0.246382 -0.159053 -0.432859 -0.089453 -0.186773 -0.100491 0.098491 -0.071174 0.049070 0.029589 0.007963 -0.067331 0.097584 -0.068156 0.073499 -0.139436 0.095049 -0.238781 -0.007942 -0.186024 0.078419 0.026490 -0.037469 -0.000349 0.174468 0.135050 0.096840 0.047371 -0.099309 0.065453 -0.005443 -0.169641 -0.192874
0.098246 -0.107642 0.018041 0.243123 -0.244208 0.015661 0.262775 0.514923 0.167433 0.107326 0.327463 0.710135 0.617516 1.000000 0.054266 0.404246 0.010781 -0.036925 -0.106131 -0.052384 -0.112706 0.037998 0.079606 0.081590 -0.308816 -0.437538 -0.228503 -0.007312 -0.181989 0.008891 -0.243846 -0.084031 -0.312949 -0.299011 -0.140262 -0.171744 -0.027661 0.003970 0.030853 -0.120287 -0.050898 -0.149494 0.134926 -0.052076 -0.308797 -0.248362 0.061075 -0.015569 0.106084 -0.341084 -0.135261 -0.337580 -0.071962 -0.016064 0.245234 0.005608 -0.000777 -0.204604 0.156733 -0.298441 0.367544 0.549982 0.237687 0.131599 0.071756 0.348131 -0.295669 -0.265373 0.107469 0.186044 -0.096165 0.043350 -0.217295 0.047488 0.043631 0.142611 -0.005720 0.145821 -0.104132 -0.252820 -0.165650 -0.381236 -0.034173 -0.149899 -0.005247 -0.297559 0.041915 -0.028444 -0.036324 0.242807 0.129976 -0.017647 0.149766 0.053288 -0.376026 -0.165951 -0.195466 -0.254681 -0.084494 0.003638 -0.334814 0.115762 -0.022069 -0.103348 0.139293 -0.094405 0.029969 0.058582 -0.104555 0.043362 -0.227151 -0.139041 0.113934 0.005981 -0.069531 -0.183809
0.155568 0.151731 -0.297794 -0.467573 -0.181452 -0.267107 -0.102142 -0.344795 0.255265 -0.134936 0.345186 0.066333 0.054623 0.054266 1.000000 0.130987 0.088948 0.246505 0.154304 0.360604 -0.158253 -0.200600 0.287275 0.059293 -0.082564 -0.302823 -0.174843 -0.232353 0.207328 0.321930 -0.007786 -0.359776 0.013317 -0.232961 0.274144 0.062352 -0.017620 -0.029854 0.194048 -0.091286 -0.196415 -0.109753 -0.039543 -0.134795 0.015397 -0.002912 -0.043508 0.043518 -0.116912 0.214697 -0.217779 0.125407 -0.041552 0.324994 0.105130 -0.212116 -0.118143 0.015083 -0.186192 0.067314 -0.384964 -0.246537 -0.150709 -0.142688 -0.019049 -0.368708 -0.258832 -0.192981 0.095762 0.055133 -0.064095 -0.068493 0.121956 -0.002960 -0.008315 -0.019631 -0.237226 -0.081010 0.221455 0.225249 0.181304 0.169323 0.481630 0.215730 0.307130 -0.044875 0.246124 -0.111874 0.029510 -0.162054 0.186475 0.290105 0.052545 0.325297 0.029754 0.182896 -0.340524 -0.002983 0.109098 0.095023 -0.029909 -0.062220 0.236227 0.207400 0.237170 0.372605 0.226974 0.129647 -0.032955 0.161656 -0.095721 0.170958 -0.087555 0.074469 0.388923 -0.020911
0.000239 -0.236393 -0.372498 0.232790 -0.243867 0.221592 -0.075355 0.077548 -0.051708 0.178242 0.174540 0.531450 0.100868 0.404246 0.130987 1.000000 0.083972 0.026632 -0.228054 0.136503 -0.098869 -0.082195 -0.096284 0.278623 0.023062 -0.173115 -0.070073 0.043766 0.163801 0.246898 0.096971 0.127170 -0.130399 -0.231559 -0.272738 -0.027536 0.165351 0.100790 0.073452 -0.155861 0.229763 0.077039 -0.349688 -0.345346 -0.347465 -0.350142 -0.035908 0.005648 -0.102703 -0.191725 -0.196841 -0.063890 0.108289 0.104174 0.048990 -0.090339 -0.015766 -0.309837 -0.095366 -0.063688 0.066547 0.268152 0.257358 0.115731 -0.065598 -0.080256 -0.137397 -0.375835 0.148271 0.267869 0.104213 0.011685 0.034185 0.014626 -0.064721 -0.060879 -0.036920 0.140580 0.070619 -0.124578 0.048076 -0.081922 0.209047 0.147498 -0.059413 -0.029369 0.048720 -0.036619 -0.192735 0.344151 0.148824 0.047001 0.239889 0.086987 0.012665 -0.066297 -0.048180 0.074819 0.055751 0.037475 -0.059096 0.018719 -0.002739 0.007304 0.173381 0.178026 0.142483 0.053562 -0.067203 0.092843 -0.070658 -0.231086 0.210896 0.031735 0.219214 0.022480
-0.039414 0.020274 0.059579 -0.116561 -0.119657 -0.194559 -0.237786 -0.065108 -0.075257 -0.004892 0.275435 -0.113866 -0.137602 0.010781 0.088948 0.083972 1.000000 0.304132 0.280432 0.099301 0.092418 0.115464 -0.076207 -0.239334 0.149865 0.111695 -0.312546 -0.194010 0.618791 0.445423 0.205450 0.057269 0.133659 0.064025 -0.073835 -0.261103 0.304095 -0.015228 -0.050008 -0.188766 0.071064 -0.006059 -0.086517 -0.001603 -0.095311 -0.077661 -0.073587 -0.226223 -0.296658 -0.188052 0.078829 -0.157284 0.043575 -0.110787 0.024771 -0.069190 0.368374 0.145612 -0.240401 -0.037487 0.077872 -0.108725 0.264860 0.402941 -0.107216 -0.232127 -0.060155 -0.286877 0.045412 -0.128868 0.171176 0.205579 0.419087 0.298234 0.218433 0.181259 0.303176 0.043068 0.332294 0.229360 0.465525 0.299168 0.122783 0.219781 0.116714 -0.051257 0.079898 -0.179097 -0.100329 -0.052605 -0.206067 -0.156730 -0.190468 -0.048785 -0.127699 0.059103 -0.228742 0.010582 -0.058976 -0.119416 -0.137605 0.045300 0.059197 -0.099514 -0.102940 -0.093883 -0.036722 -0.097442 0.026449 0.172455 -0.150134 -0.058265 -0.284495 -0.054446 -0.011888 -0.221739
0.076664 0.311266 -0.249082 -0.276904 -0.002452 -0.401575 -0.216465 -0.248096 -0.168071 -0.091301 -0.044406 -0.012562 -0.137142 -0.036925 0.246505 0.026632 0.304132 1.000000 0.253459 -0.041909 0.019321 0.130572 -0.258520 -0.358853 -0.115732 -0.120921 -0.239676 -0.268021 0.226017 0.472291 -0.068956 -0.173074 0.148843 -0.070790 -0.040944 -0.081058 0.225378 0.085284 -0.120783 0.002665 0.076234 0.003458 0.147970 0.146015 0.153382 0.029807 0.070408 0.132130 -0.190464 0.094125 0.072570 0.100122 0.055675 0.015337 0.185605 0.191659 0.098892 0.301779 -0.256141 0.013156 -0.170541 -0.201577 0.055330 0.281650 -0.215671 -0.307899 -0.162372 -0.294511 0.073298 -0.096653 0.014615 0.046484 0.237285 0.297401 0.099329 -0.095182 0.188762 0.021601 0.374804 0.218637 0.317341 0.298112 0.094027 0.126519 0.207646 0.086881 0.001914 -0.100093 -0.144684 -0.027505 -0.033403 -0.175051 -0.209562 -0.123372 -0.096254 0.054687 -0.045115 -0.253102 0.308302 0.061782 -0.080664 -0.139202 -0.048129 -0.355049 -0.020922 0.028103 0.040115 -0.045517 -0.136419 -0.125112 -0.241365 0.131651 -0.238311 -0.057488 -0.016668 -0.200887
0.470885 0.091065 0.106332 -0.174750 -0.068490 -0.492511 0.068368 -0.058899 -0.303642 -0.344573 0.196555 -0.185775 -0.100920 -0.106131 0.154304 -0.228054 0.280432 0.253459 1.000000 0.296290 0.105794 -0.198696 0.123612 -0.274345 -0.230406 -0.162377 -0.215423 -0.300451 0.337729 0.255002 0.348307 -0.051658 0.219954 0.075595 0.025075 0.251149 0.150675 -0.011835 -0.207709 -0.152870 0.038772 0.150010 -0.108324 -0.078800 0.023370 -0.015442 -0.075773 -0.142374 -0.453477 -0.121124 -0.216252 -0.107058 0.105483 0.180597 -0.059432 -0.069844 0.245324 0.188738 -0.162470 -0.140432 -0.049158 -0.114537 -0.011024 0.281681 -0.108284 -0.277784 -0.103498 -0.282856 0.079178 -0.141186 0.002033 0.152242 0.377038 0.160290 0.397546 0.260257 0.349417 0.269392 -0.130985 0.013123 0.298736 0.239766 0.304334 0.256344 0.168736 0.076640 0.101440 0.066410 0.070486 0.028921 -0.066715 -0.026644 -0.333217 -0.151875 -0.016406 0.193454 -0.229270 -0.260135 -0.020434 -0.253959 -0.129548 0.192652 -0.031113 0.011011 -0.270101 -0.200779 -0.235034 -0.120805 -0.039709 -0.275607 -0.328608 -0.012060 -0.294530 0.171689 -0.189923 -0.195335
-0.054863 0.110099 -0.397777 -0.008377 -0.064441 -0.100071 -0.227195 -0.136971 -0.053670 -0.056735 0.202984 -0.000243 -0.102562 -0.052384 0.360604 0.136503 0.099301 -0.041909 0.296290 1.000000 0.038530 -0.267250 0.130083 0.301940 -0.171225 -0.173387 -0.195653 -0.295876 0.260210 0.184251 0.139275 -0.171541 0.116724 -0.012493 -0.018579 0.076402 0.080780 -0.055250 0.008625 -0.035692 -0.129235 -0.121986 -0.112079 -0.291275 -0.118559 -0.009858 0.133707 0.170617 -0.189296 0.141732 -0.527471 -0.023515 -0.046064 0.442291 -0.289124 -0.155831 0.003274 0.050240 -0.428118 0.020522 -0.270706 -0.141769 0.028322 -0.066668 -0.202483 -0.458577 -0.342835 -0.279668 0.536971 0.591904 -0.013617 0.127539 -0.025103 -0.122717 -0.007966 -0.050870 -0.178316 0.102052 -0.083933 -0.022280 0.136358 -0.001569 0.292023 0.231960 -0.161148 -0.256435 0.293335 -0.079614 -0.108181 0.003584 0.599626 0.485993 0.139714 0.399999 0.066412 0.161183 -0.378547 -0.089815 -0.010592 0.007690 0.136238 0.194059 0.076121 0.326794 0.454944 0.327081 0.429007 0.163255 -0.173979 -0.114246 0.192508 0.118479 0.021313 0.218272 0.386651 -0.005788
0.027267 0.156532 0.339304 0.089311 0.079897 -0.003240 0.080290 0.204484 -0.191707 -0.144662 -0.342925 -0.246926 -0.126916 -0.112706 -0.158253 -0.098869 0.092418 0.019321 0.105794 0.038530 1.000000 0.451411 -0.219166 -0.296056 -0.102144 0.162283 0.068856 -0.167341 0.196350 0.103178 -0.080444 0.037699 0.009909 0.180599 -0.120720 -0.173317 0.051893 0.066537 0.122035 0.191649 0.219530 -0.246242 0.002119 0.059140 -0.102441 0.005274 -0.098822 -0.053740 -0.207654 -0.142246 -0.005526 -0.142790 -0.079109 -0.189997 -0.108241 -0.086727 0.191108 0.083369 -0.070683 0.027722 0.048063 -0.114309 0.105403 0.194288 -0.122072 0.053984 0.178705 0.027094 0.065514 0.066570 -0.278199 -0.270730 0.065536 0.034007 -0.015064 -0.051330 -0.060667 -0.331949 0.227497 0.223479 0.278101 0.061476 -0.130236 0.056527 -0.062042 0.197881 -0.032445 0.084645 -0.038735 -0.124935 -0.111759 -0.122540 0.153009 -0.038751 -0.036523 -0.233523 -0.027666 0.131229 0.072696 -0.022668 0.100713 0.323365 0.093901 0.087595 -0.165886 -0.193019 -0.073500 0.151733 0.088938 0.342253 -0.078019 -0.131397 -0.126582 -0.103796 -0.040894 -0.317121
-0.229596 0.207843 0.165951 -0.060388 -0.045210 0.099928 -0.096502 0.084454 -0.272310 -0.099304 -0.238267 -0.244871 -0.242576 0.037998 -0.200600 -0.082195 0.115464 0.130572 -0.198696 -0.267250 0.451411 1.000000 -0.285877 -0.324007 0.155897 0.122569 -0.009772 0.228067 0.128492 0.171625 -0.119154 0.133201 0.041090 0.235961 0.092254 -0.318669 0.192568 0.156117 0.205420 0.226467 0.282353 0.018614 0.194153 0.405084 -0.015510 0.109411 -0.015157 0.102848 -0.152328 -0.106249 0.037841 -0.268035 -0.245153 -0.280264 0.116598 0.026803 0.122193 0.197652 -0.070625 -0.138256 -0.089586 -0.143207 -0.083992 0.032514 -0.090433 0.153290 0.007154 0.179237 -0.056651 -0.157382 -0.135338 -0.130870 0.076759 0.216173 0.241864 -0.051531 0.070473 -0.319834 0.373121 0.353117 0.218717 0.116111 -0.149615 -0.199052 -0.008684 0.026003 -0.125112 -0.076381 -0.143424 -0.223149 -0.107451 -0.269186 0.115153 -0.171282 -0.246946 -0.269175 0.088756 -0.045808 0.245585 0.219954 0.104868 0.278933 0.069774 -0.036636 0.077821 0.014403 0.024139 0.147814 -0.033437 0.324505 0.057763 0.071379 -0.193640 -0.323703 -0.021475 -0.087923
0.134705 -0.178034 -0.075160 -0.072477 -0.142658 -0.078025 0.025096 -0.295479 0.365319 -0.074700 0.397293 0.046055 0.174361 0.079606 0.287275 -0.096284 -0.076207 -0.258520 0.123612 0.130083 -0.219166 -0.285877 1.000000 0.521174 0.191570 -0.093369 0.220369 0.146466 -0.038093 -0.185603 0.324364 0.050909 -0.290973 -0.139747 0.418140 0.195888 -0.273733 -0.235648 0.118096 -0.294756 -0.308736 -0.025168 0.029705 -0.160530 -0.049069 -0.095687 0.033237 -0.030180 -0.024725 0.042618 -0.221680 -0.111010 -0.036813 0.250140 0.019108 -0.069455 -0.173634 -0.119852 0.115605 -0.071779 -0.151020 -0.102979 -0.299655 -0.387012 0.623978 -0.087374 -0.192295 -0.000675 -0.003126 0.087919 -0.036310 0.076222 -0.168216 -0.244247 0.002127 0.085669 -0.178682 -0.079580 -0.021948 0.030470 -0.114305 0.011691 0.355941 -0.014630 0.414854 -0.012977 0.323941 0.026080 0.557631 0.214621 0.039144 0.200620 -0.175189 0.275882 0.014852 0.106487 -0.184256 -0.007718 -0.307225 -0.134318 -0.267772 -0.155525 -0.061435 0.164585 -0.015645 0.102062 -0.037201 0.066369 0.052047 -0.000145 -0.150270 -0.016358 -0.041096 -0.023340 0.240998 0.031069
-0.245021 -0.294233 -0.386638 0.360521 -0.145222 0.381138 -0.277637 -0.105303 0.220873 0.220456 0.147008 0.232628 -0.077372 0.081590 0.059293 0.278623 -0.239334 -0.358853 -0.274345 0.301940 -0.296056 -0.324007 0.521174 1.000000 0.265444 0.111049 0.318128 0.407786 -0.240976 -0.282918 0.221596 0.285602 -0.209350 -0.097313 0.191445 0.172358 -0.269490 -0.138526 0.102683 -0.160533 -0.241876 0.025279 -0.068182 -0.314095 -0.227757 -0.164738 0.124237 0.170367 0.121927 0.046179 -0.313941 0.027613 -0.060703 0.307979 -0.073992 0.017615 -0.229604 -0.369225 -0.026052 -0.073190 -0.184044 0.093408 -0.286894 -0.496712 0.344200 0.071991 -0.260623 0.012698 0.157617 0.443761 0.141867 0.247786 -0.381980 -0.052276 -0.161958 0.042965 -0.309138 0.082534 -0.158114 -0.250230 -0.272219 -0.270056 0.190396 -0.031846 0.045794 -0.060746 0.307780 0.082276 0.302202 0.428547 0.401971 0.304952 0.136411 0.332173 -0.031147 -0.058036 -0.144139 -0.140974 -0.311607 -0.088175 -0.107431 -0.231488 -0.093729 0.194776 0.300873 0.223077 0.222787 -0.053831 -0.189346 -0.209362 -0.033422 -0.075737 0.177154 0.069750 0.395928 0.198350
-0.357755 -0.037788 -0.035409 -0.032526 0.102215 0.277417 -0.202761 -0.278375 0.015067 0.078829 -0.133924 -0.285177 -0.322229 -0.308816 -0.082564 0.023062 0.149865 -0.115732 -0.230406 -0.171225 -0.102144 0.155897 0.191570 0.265444 1.000000 0.553975 0.217336 0.345104 0.126223 -0.045934 0.392066 0.496795 0.075919 0.263807 0.140067 -0.031530 0.068841 -0.076211 0.112886 -0.119840 -0.045331 0.087373 -0.038844 0.009179 0.106014 0.107242 -0.080977 -0.113423 -0.182492 0.018518 0.216940 0.043583 0.027321 -0.086036 -0.027757 -0.114437 -0.055100 -0.033919 -0.047432 -0.109848 -0.183982 -0.294495 -0.145706 -0.272241 0.167267 0.001363 0.081610 0.297975 -0.238559 -0.131980 0.167913 0.224785 0.020645 -0.010071 0.033291 0.014557 0.077283 -0.081159 0.141881 0.039608 0.039847 0.108080 -0.040661 -0.026550 -0.030589 0.138125 -0.170814 -0.195456 0.171977 0.015050 -0.067479 0.062258 -0.065711 0.078816 -0.109466 -0.105015 0.111831 -0.048713 -0.061265 -0.006591 0.036767 -0.214921 0.016780 0.021049 -0.004622 -0.016353 -0.099633 -0.085339 0.030133 -0.014532 -0.114080 0.030027 -0.019239 -0.065874 0.016064 0.190678
-0.434155 -0.121317 0.219640 0.280959 0.233445 0.462517 -0.025748 0.085839 -0.070305 0.233497 -0.481449 -0.470647 -0.514939 -0.437538 -0.302823 -0.173115 0.111695 -0.120921 -0.162377 -0.173387 0.162283 0.122569 -0.093369 0.111049 0.553975 1.000000 0.247507 0.191283 0.102392 -0.249727 0.247517 0.548433 0.105303 0.383008 -0.044256 -0.044598 0.093991 -0.171856 -0.126042 -0.114567 0.149559 -0.001917 0.043682 0.064690 0.068408 0.077852 0.003199 -0.096518 -0.267980 -0.072487 0.175477 0.020212 -0.064884 -0.117089 -0.309822 0.044289 -0.061031 -0.013554 -0.201633 -0.184162 -0.118622 -0.265542 -0.099936 -0.142302 -0.061886 0.216830 0.023907 0.331171 -0.255736 -0.162108 0.038441 0.073312 0.011502 0.006958 0.002707 -0.109138 -0.028831 -0.103639 0.094980 0.035453 0.149497 0.085744 -0.190346 -0.012012 -0.162829 0.256346 -0.381220 -0.032968 0.218586 -0.121555 -0.037398 0.006559 0.042020 0.014145 0.053802 -0.251507 0.227734 0.094245 -0.280447 -0.036074 0.255522 0.025816 0.108382 0.043140 -0.222565 -0.198855 -0.181666 -0.122194 0.023799 -0.102293 -0.027917 -0.066152 -0.030819 -0.045194 -0.092017 0.241053
-0.010898 -0.055975 0.203038 0.141199 0.121464 0.380853 0.035827 -0.080803 0.162689 -0.050454 -0.260836 -0.088511 -0.055970 -0.228503 -0.174843 -0.070073 -0.312546 -0.239676 -0.215423 -0.195653 0.068856 -0.009772 0.220369 0.318128 0.217336 0.247507 1.000000 0.558628 -0.341696 -0.405840 -0.024454 0.288225 -0.077790 0.088984 0.203485 0.069791 -0.115134 0.073658 0.140800 0.124079 -0.162910 0.059288 -0.132311 -0.168882 -0.224615 -0.216186 -0.150965 -0.157797 0.042369 -0.146422 0.158733 0.017268 -0.002523 -0.196182 0.085642 -0.019840 -0.074459 -0.023800 0.382285 0.181843 -0.006697 -0.071405 -0.281425 -0.409175 0.076863 0.215397 0.232036 0.390943 0.012809 0.050910 0.014125 -0.002324 -0.284737 -0.109887 -0.144344 -0.131067 -0.107064 -0.127904 -0.082381 -0.051480 -0.154789 -0.114992 -0.170443 -0.139259 -0.105202 0.194690 -0.068290 0.110972 0.011793 0.150302 -0.064345 -0.036261 0.040507 0.054519 0.204777 0.165089 0.212712 0.223063 -0.158987 0.029092 0.028851 -0.027076 0.011092 0.341352 -0.116676 0.061600 0.074898 0.236195 0.091393 -0.054255 0.017142 -0.034010 -0.199476 -0.110926 0.002275 0.138954
-0.179137 -0.109627 -0.063873 0.138225 -0.147586 0.330430 -0.215642 -0.061497 0.000155 -0.088439 -0.114244 0.095121 -0.199380 -0.007312 -0.232353 0.043766 -0.194010 -0.268021 -0.300451 -0.295876 -0.167341 0.228067 0.146466 0.407786 0.345104 0.191283 0.558628 1.000000 -0.364017 -0.277957 0.053359 0.388659 -0.079486 0.016789 0.306357 0.092981 -0.034036 0.153824 0.214392 0.194960 0.062632 0.266492 -0.082392 -0.081383 -0.213270 -0.214499 -0.191051 -0.073563 0.073259 -0.261365 0.139817 -0.019500 -0.032603 -0.136804 0.365190 0.127606 -0.147494 -0.069387 0.411181 -0.028332 -0.060982 -0.032875 -0.400128 -0.444342 0.180122 0.394898 0.024720 0.335351 -0.185928 -0.135856 0.124151 0.056720 -0.212921 0.064887 0.059536 0.023089 0.088121 0.084892 -0.054859 -0.127090 -0.264908 -0.091288 -0.035358 -0.199893 0.066806 0.222432 0.001143 0.297667 0.136219 0.274666 -0.108678 -0.114704 0.029336 -0.098775 -0.002038 -0.053656 0.212682 -0.046512 -0.047420 -0.057281 -0.149047 -0.148595 0.096320 0.157473 -0.018299 -0.007766 0.018500 -0.068634 -0.075205 -0.064756 -0.059287 0.003447 -0.134994 -0.171129 -0.051688 0.302543
-0.091883 0.007094 -0.051756 -0.148823 -0.023142 -0.165431 -0.119671 -0.109002 -0.202761 -0.004238 0.157324 -0.260184 -0.171520 -0.181989 0.207328 0.163801 0.618791 0.226017 0.337729 0.260210 0.196350 0.128492 -0.038093 -0.240976 0.126223 0.102392 -0.341696 -0.364017 1.000000 0.447621 0.335293 0.149060 0.140193 0.148581 -0.165636 -0.151864 0.355326 -0.143227 -0.077916 -0.233483 0.255697 0.127316 -0.228901 -0.002234 -0.077649 0.007783 -0.147945 -0.122966 -0.463478 -0.075126 -0.167389 -0.155962 0.054468 0.019809 -0.237462 -0.289022 0.176389 0.201280 -0.422987 -0.096490 -0.018124 -0.229377 0.307451 0.370341 -0.160408 -0.390657 -0.040425 -0.359602 0.033313 -0.039305 0.034094 -0.031259 0.583219 0.216934 0.308758 0.058044 0.156938 -0.073809 0.382066 0.390162 0.637390 0.485997 0.346780 0.296379 0.040674 -0.027168 0.010155 -0.338789 -0.114860 -0.102632 -0.172056 -0.071024 -0.139255 0.030076 0.075347 0.030788 -0.173910 0.151172 -0.091145 -0.033716 0.151686 0.159012 0.086201 -0.014623 -0.177299 -0.018814 -0.121026 -0.107307 0.087982 0.168012 -0.019952 -0.029884 -0.185831 0.009695 0.133475 -0.119749
-0.034793 0.304773 -0.324604 -0.336255 -0.330692 -0.485610 -0.297351 -0.313892 -0.319509 -0.186596 0.244083 -0.000959 -0.241945 0.008891 0.321930 0.246898 0.445423 0.472291 0.255002 0.184251 0.103178 0.171625 -0.185603 -0.282918 -0.045934 -0.249727 -0.405840 -0.277957 0.447621 1.000000 0.165685 -0.094708 0.344929 0.069367 -0.205714 -0.105123 0.492400 0.169538 -0.032554 0.057986 0.215144 0.186665 -0.119438 0.078741 0.042140 0.081568 -0.035854 0.030126 -0.324725 0.097043 -0.136338 0.009756 -0.073149 0.141237 0.102594 -0.028093 0.065081 0.113706 -0.405557 -0.076754 -0.318883 -0.281055 0.051955 0.205620 -0.172506 -0.496814 -0.111411 -0.384686 0.032843 -0.127189 -0.003281 -0.025695 0.460635 0.365963 0.161318 0.008533 0.202103 -0.052737 0.298835 0.321148 0.497032 0.613039 0.328264 0.548467 0.169230 0.171524 0.298906 -0.007250 -0.227597 -0.157166 -0.063518 -0.143411 -0.009900 -0.084155 -0.071457 0.133715 -0.188312 -0.089409 0.299564 -0.125046 0.052451 -0.068908 0.140266 -0.274958 -0.041359 -0.038555 0.008976 -0.025662 -0.021238 0.151486 -0.064797 0.125625 -0.041344 -0.017028 0.195679 -0.236594
-0.070128 -0.118069 -0.217415 0.128077 -0.108809 0.000522 -0.209701 -0.306846 -0.182578 -0.168850 0.169680 -0.245324 -0.341239 -0.243846 -0.007786 0.096971 0.205450 -0.068956 0.348307 0.139275 -0.080444 -0.119154 0.324364 0.221596 0.392066 0.247517 -0.024454 0.053359 0.335293 0.165685 1.000000 0.512103 0.173280 0.295452 0.028188 0.332861 0.141931 -0.099818 -0.181189 -0.243239 0.069927 0.212431 -0.248614 -0.199436 0.020753 -0.078140 -0.060740 -0.048008 -0.408098 -0.001525 -0.231056 -0.026078 0.037158 0.190196 -0.044970 -0.039770 -0.000049 -0.136127 -0.161253 -0.184369 -0.216556 -0.276684 -0.160519 -0.092308 0.169004 -0.258861 -0.094462 -0.129711 -0.176538 -0.155363 0.115995 0.447544 0.184865 0.086488 0.275933 0.310657 0.281122 0.389585 -0.167499 -0.037841 0.068390 0.253010 0.218172 0.178175 0.197274 0.307430 0.107297 0.136127 0.297261 0.107324 -0.104694 -0.074909 -0.226263 -0.110239 -0.009368 -0.116418 -0.153171 -0.078090 -0.042332 -0.166175 -0.035707 -0.073854 0.082918 -0.099963 -0.205823 -0.164390 -0.411818 -0.213396 0.025727 -0.109320 -0.228041 -0.260297 -0.161713 0.327688 -0.018648 0.015838
-0.387812 -0.339556 0.039463 0.466564 -0.072389 0.378754 -0.108145 0.130679 -0.138005 0.053921 -0.222574 -0.139476 -0.285652 -0.084031 -0.359776 0.127170 0.057269 -0.173074 -0.051658 -0.171541 0.037699 0.133201 0.050909 0.285602 0.496795 0.548433 0.288225 0.388659 0.149060 -0.094708 0.512103 1.000000 0.030647 0.398981 -0.163584 -0.014976 0.132723 -0.031662 -0.063011 -0.193669 0.245879 0.293873 0.050882 0.064692 -0.095602 -0.012913 -0.023420 -0.022503 -0.366843 -0.223870 -0.054163 -0.251909 -0.146032 -0.118125 -0.177066 -0.007123 -0.198890 -0.235523 -0.115654 -0.424189 -0.015179 -0.081488 -0.104304 -0.172206 0.048687 0.238312 -0.142249 0.097555 -0.277583 -0.171931 0.098837 0.236430 0.047776 0.131357 0.146016 0.145336 0.190582 0.136946 -0.072635 -0.023964 0.063623 0.082908 -0.002585 0.175373 -0.045913 0.334134 -0.107731 0.135783 0.149189 0.160544 -0.136630 -0.142815 -0.000625 -0.094826 -0.025256 -0.377863 0.190227 -0.097054 -0.216544 -0.155550 -0.054100 0.069557 -0.037826 -0.119659 -0.249080 -0.293843 -0.297556 -0.301774 -0.106208 -0.212725 -0.170608 -0.198466 -0.177487 -0.084343 -0.186206 0.249279
-0.086273 0.110775 -0.135602 -0.090336 -0.058106 -0.157365 -0.229544 -0.170503 -0.354930 -0.119827 -0.011165 -0.291533 -0.251781 -0.312949 0.013317 -0.130399 0.133659 0.148843 0.219954 0.116724 0.009909 0.041090 -0.290973 -0.209350 0.075919 0.105303 -0.077790 -0.079486 0.140193 0.344929 0.173280 0.030647 1.000000 0.608440 -0.112481 0.108867 0.147231 0.058293 -0.114957 0.079483 0.024189 0.095210 0.160082 0.305259 0.339342 0.378908 0.148520 0.139020 -0.150953 0.312300 -0.006345 0.072749 -0.296137 0.154302 -0.237193 -0.049584 0.003018 0.133712 -0.362399 -0.170729 -0.317707 -0.301112 -0.118776 0.020567 -0.241129 -0.201782 -0.081322 0.031673 -0.142774 -0.229510 0.048960 0.140685 0.282992 0.256309 0.098111 0.029132 0.077837 0.050408 0.031298 0.026984 0.446625 0.340256 -0.084030 0.236213 -0.107533 0.046237 0.012683 -0.022564 -0.221737 -0.437288 -0.055567 -0.124508 -0.021211 -0.217364 -0.085994 0.238524 -0.006517 -0.192220 0.126593 -0.268971 0.213282 -0.227613 0.087618 -0.132411 -0.134991 -0.206130 -0.000299 -0.055942 -0.130433 -0.099909 -0.032306 0.106396 -0.038776 0.028211 -0.199303 -0.084976
-0.396142 -0.202870 0.175061 0.166406 0.133004 0.235051 -0.006368 0.055869 -0.070667 -0.044271 -0.260570 -0.387434 -0.201968 -0.299011 -0.232961 -0.231559 0.064025 -0.070790 0.075595 -0.012493 0.180599 0.235961 -0.139747 -0.097313 0.263807 0.383008 0.088984 0.016789 0.148581 0.069367 0.295452 0.398981 0.608440 1.000000 -0.022025 0.225655 0.050160 0.080915 -0.081431 0.046161 0.070981 0.118406 0.084044 0.247389 0.237133 0.338811 -0.029078 -0.052906 -0.393545 0.049747 0.007558 -0.254729 -0.394642 -0.116842 -0.345988 -0.194928 -0.177994 -0.074900 -0.263043 -0.386318 -0.098715 -0.241346 -0.049432 -0.046231 0.013415 0.125449 0.074909 0.380772 -0.135934 -0.171103 -0.063960 0.112541 0.139971 0.047037 0.148903 0.091667 0.103410 -0.067071 -0.014349 0.030270 0.263446 0.220256 -0.353454 0.042955 -0.247652 0.134982 -0.204874 -0.066312 0.018524 -0.325401 -0.092401 -0.099229 0.085168 -0.124122 0.037914 -0.037435 0.087999 -0.074982 -0.126480 -0.060337 0.375975 -0.010271 0.012177 -0.089270 -0.228597 -0.218933 -0.197190 -0.105536 -0.296634 -0.040995 -0.038340 0.106677 -0.008255 -0.078866 -0.200817 0.027007
0.018587 0.044495 -0.090048 -0.231833 0.096475 0.071682 -0.133047 -0.268536 0.167034 -0.117066 0.031967 -0.143007 -0.115330 -0.140262 0.274144 -0.272738 -0.073835 -0.040944 0.025075 -0.018579 -0.120720 0.092254 0.418140 0.191445 0.140067 -0.044256 0.203485 0.306357 -0.165636 -0.205714 0.028188 -0.163584 -0.112481 -0.022025 1.000000 0.388856 -0.369836 -0.118186 0.148994 -0.151502 -0.341031 -0.023033 0.082316 -0.031159 0.180048 0.117414 -0.047299 -0.007944 0.002042 0.071831 -0.047159 0.034157 0.007100 0.200069 0.126649 -0.010229 -0.184537 0.000542 0.159467 -0.028383 -0.251504 -0.163331 -0.469512 -0.217177 0.407987 0.005895 -0.152044 0.286334 -0.061825 -0.096848 0.154448 0.109614 -0.095025 -0.230269 0.002290 -0.098662 -0.132001 -0.129704 0.148778 0.141772 -0.133482 0.030406 0.004861 -0.297866 0.371009 0.119244 0.189919 0.028226 0.301959 0.057524 0.028746 0.100780 -0.060846 0.154927 -0.138669 -0.072916 -0.365016 -0.158799 -0.161239 -0.017553 -0.010806 -0.090720 -0.135321 0.011045 0.117029 0.214732 0.112817 0.110491 -0.154313 -0.007520 -0.201769 0.299764 -0.250655 -0.062110 0.418432 -0.047940
0.028925 -0.258401 -0.149113 -0.056683 -0.009317 0.051108 0.068135 -0.172747 0.109332 -0.115426 -0.013562 0.079605 -0.069891 -0.171744 0.062352 -0.027536 -0.261103 -0.081058 0.251149 0.076402 -0.173317 -0.318669 0.195888 0.172358 -0.031530 -0.044598 0.069791 0.092981 -0.151864 -0.105123 0.332861 -0.014976 0.108867 0.225655 0.388856 1.000000 -0.173624 -0.079863 -0.013514 -0.129666 -0.081078 0.184795 -0.229286 -0.236266 0.302125 0.170297 -0.063962 -0.025837 -0.063238 0.209943 -0.057965 0.073187 0.116787 0.291742 0.048094 0.018338 -0.288934 -0.336489 0.133862 -0.119008 -0.052788 -0.011241 -0.160079 -0.105236 0.259251 -0.062253 0.136571 0.231065 -0.141242 -0.128955 0.241421 0.227028 0.016529 -0.222294 0.011158 0.067312 0.045595 0.276331 -0.373995 -0.241964 -0.317577 -0.037873 -0.108490 -0.001084 0.022602 0.235144 -0.022260 0.177621 0.225630 0.111881 -0.000859 0.009982 -0.099684 -0.109553 -0.003284 0.039400 -0.259154 -0.184287 -0.175385 -0.184173 0.030068 -0.263281 -0.181841 -0.057351 -0.161005 0.063406 -0.252069 -0.123929 -0.166625 -0.278858 -0.234233 0.114289 -0.032834 0.355370 0.098233 0.045193
