1.000000 0.366627 0.046135 -0.341538 0.028097 -0.172660 0.091967 0.008061 0.237127 0.109854 0.531059 0.370361 0.435425 0.504641 0.126041 0.219146 0.065927 0.120766 0.003720 -0.115088 -0.034192 -0.180122 -0.307115 -0.277093 -0.261238 -0.371987 -0.267532 -0.407070 0.263077 0.087617 -0.330421 -0.334956 -0.148022 -0.060553 -0.272754 -0.150713 -0.037016 -0.212513 -0.015099 -0.050394 -0.138705 0.057852 -0.089270 -0.246653 -0.329877 -0.394675 -0.245539 -0.266921 -0.204856 -0.293350 -0.094404 -0.164013 0.185777 -0.241650 0.074322 -0.121880 0.379652 0.095032 -0.050804 -0.023581 0.382725 0.369207 0.077756 0.501888 -0.003459 0.325528 -0.197559 -0.077497 -0.053949 -0.066290 -0.088125 -0.174210 0.262128 -0.104637 -0.021198 0.037841 0.126390 -0.091653 0.129720 0.102450 0.087144 0.135798 0.250822 -0.178211 0.215261 0.188864 0.157880 0.048854 0.182689 0.104064 -0.104524 0.028446 0.027308 0.139634 -0.046730 -0.037276 -0.042154 -0.189144 -0.134658 -0.218332 0.160985 0.266799 -0.056412 0.137555 -0.069693 0.032727 -0.039023 0.011209 -0.258274 0.028922 -0.242476 -0.160930 -0.006330 -0.164020 0.085702 0.058597
0.366627 1.000000 -0.167112 -0.214824 -0.413293 -0.416807 -0.079497 -0.234889 -0.240994 -0.234213 0.056420 0.193769 0.093187 0.164244 -0.135908 0.068284 0.437428 0.346415 0.121340 0.258343 -0.085497 -0.248275 -0.429830 -0.279425 -0.408220 -0.340935 -0.318379 -0.254642 0.091021 0.346551 -0.362173 -0.296839 0.266010 0.004329 -0.413419 -0.422674 0.151640 0.171304 0.049234 0.314689 0.223533 0.138254 -0.043793 0.033277 -0.012142 -0.306898 0.008035 0.150796 0.208020 0.123453 -0.181717 0.079248 0.120236 -0.041519 -0.011451 0.261000 0.623621 0.618132 0.021024 0.013774 -0.021902 0.079528 0.268846 0.262487 -0.443233 -0.227569 -0.205097 -0.468571 0.167336 0.303924 0.108005 -0.077893 0.261484 0.137012 0.193045 0.276436 0.095954 0.231328 0.171574 0.242368 0.338675 0.326785 0.297579 0.176956 -0.166436 -0.215163 0.187333 0.166187 -0.105522 -0.158808 0.041775 -0.306201 -0.160039 -0.157026 -0.079292 -0.014984 -0.031030 -0.146217 0.215834 0.048158 0.087452 0.327194 -0.108237 0.002833 0.216398 -0.230582 0.170992 0.178177 -0.399448 0.197228 -0.245183 0.039127 0.050236 -0.113291 -0.108172 0.060240
0.046135 -0.167112 1.000000 0.063449 0.190185 0.342889 0.544040 0.406944 0.374760 0.370016 0.034486 0.109048 0.206880 0.091448 0.059791 -0.056298 -0.256188 -0.193723 0.103823 -0.100931 0.233653 -0.001752 0.290960 0.194501 0.342877 0.160213 0.066898 0.059890 -0.384198 -0.399260 0.254227 0.143139 -0.056592 0.153211 0.040099 0.295467 -0.504338 -0.211331 -0.319914 -0.296350 -0.169151 -0.084975 -0.103990 -0.185942 -0.123530 -0.053009 -0.256855 -0.121347 -0.109237 -0.220630 0.229721 0.005137 -0.057053 -0.108348 -0.103431 -0.380760 -0.273656 -0.214195 -0.120186 -0.038841 0.350181 0.246548 -0.245337 0.037256 0.235124 0.224653 0.172320 0.396653 -0.179968 -0.194545 -0.035402 0.111156 -0.064031 0.008034 -0.046069 -0.137466 -0.060110 -0.044214 -0.290354 -0.259327 -0.506004 -0.408946 -0.148432 -0.389090 -0.225989 -0.122113 -0.259915 -0.031176 0.062507 -0.026322 0.249918 0.533334 0.198173 0.308499 -0.322952 -0.033847 -0.256813 -0.256301 -0.261099 -0.363502 0.074321 -0.164904 -0.166289 -0.247095 -0.123071 0.248720 -0.199267 -0.072327 -0.298068 0.239584 0.069894 -0.268512 -0.047801 -0.038041 0.047279 -0.077320
-0.341538 -0.214824 0.063449 1.000000 -0.092053 0.011018 0.035057 0.218533 -0.145612 -0.148584 -0.056077 -0.161665 -0.373345 -0.362905 0.243958 -0.154445 -0.128996 -0.137405 0.061424 0.110986 0.093740 0.173944 0.565105 0.579282 0.375019 0.315308 0.223698 0.159647 -0.037453 -0.172165 0.485359 0.576792 -0.183188 0.083231 0.010173 0.024275 -0.110726 0.035454 -0.201775 0.050734 0.186119 -0.069366 -0.069496 -0.108873 -0.175869 -0.048278 0.065586 -0.106651 -0.305602 -0.089976 -0.077115 -0.233806 -0.229735 0.177573 -0.122741 -0.099237 -0.212988 -0.044189 -0.396545 -0.268885 -0.171129 -0.219917 -0.012448 -0.357106 0.310899 -0.082180 -0.106178 0.030535 0.074730 -0.061959 0.024874 0.269507 -0.147399 -0.031796 0.172475 -0.069472 -0.051598 -0.022747 -0.040644 -0.160128 -0.173780 -0.180951 0.232295 0.004149 0.067747 0.005652 -0.050748 -0.048873 0.265135 -0.009340 0.215914 0.213443 0.342509 0.264557 -0.158550 -0.058076 -0.152683 -0.056366 -0.170654 -0.017784 -0.215601 -0.134898 -0.051080 -0.223955 0.071344 -0.036103 -0.013344 0.205741 0.187326 0.132034 0.078153 -0.010734 -0.019323 0.132038 -0.058913 -0.232391
0.028097 -0.413293 0.190185 -0.092053 1.000000 0.387478 0.276519 0.174326 0.462087 0.448022 0.060407 -0.058459 -0.017727 -0.004609 0.243822 -0.029071 -0.347805 -0.327730 -0.319215 -0.382914 0.294231 0.172035 0.203177 0.325576 0.277279 0.359586 0.446929 0.399666 -0.176765 -0.345769 0.033594 0.063256 -0.441095 -0.248123 0.412178 0.369298 -0.071924 -0.162289 0.015092 -0.257950 -0.180401 -0.164568 -0.319305 -0.202789 -0.145746 0.064749 -0.285403 -0.305670 -0.004047 -0.174414 0.246814 0.021406 0.042347 -0.186638 0.003130 -0.139135 -0.312286 -0.385072 0.162283 0.120067 0.095153 -0.004001 -0.433354 -0.223598 0.359513 0.237003 0.129192 0.492642 -0.325908 -0.135468 -0.023708 -0.112877 -0.316501 -0.116796 -0.107294 -0.168014 -0.157158 -0.190368 -0.194293 -0.098503 -0.180094 -0.355879 -0.077466 -0.296760 0.331800 0.304523 0.195924 0.320563 0.377254 0.184184 -0.126487 0.197408 0.110144 0.322394 -0.090947 -0.039902 -0.000598 -0.055315 -0.221493 -0.337729 -0.169823 -0.136921 0.061241 0.022805 -0.120958 0.129569 -0.132197 0.048198 -0.075816 -0.131601 0.162668 -0.036431 -0.113069 0.014212 0.024344 -0.189912
-0.172660 -0.416807 0.342889 0.011018 0.387478 1.000000 0.337884 0.493858 0.460222 0.602349 -0.120785 -0.019213 0.019369 0.082068 0.154656 0.269593 -0.422161 -0.174546 -0.376329 -0.150189 0.170043 0.125142 0.219828 0.282330 0.301258 0.430598 0.239330 0.338403 -0.413269 -0.330752 -0.063858 0.008368 -0.173588 0.013374 0.117652 0.235723 -0.417077 -0.107522 -0.055490 -0.055087 -0.258033 -0.077251 -0.354619 -0.171095 -0.116560 0.119696 -0.301624 -0.329046 -0.070800 -0.035455 0.211987 -0.048312 -0.092381 -0.081808 -0.196864 -0.133505 -0.309193 -0.299337 -0.000337 0.073923 0.159861 0.188651 -0.328022 -0.000284 0.282404 0.357684 -0.026685 0.374081 -0.217760 -0.049812 0.082452 -0.025836 -0.304460 -0.045952 -0.170080 -0.135413 -0.292065 -0.254693 -0.346993 -0.178261 -0.362193 -0.407043 -0.018693 -0.314965 -0.027266 0.085907 -0.055088 0.240721 0.179522 0.302621 0.049353 0.259207 0.308282 0.221618 -0.265679 -0.092258 -0.187434 -0.180083 -0.275245 -0.193176 0.044193 -0.171675 -0.036025 0.116638 -0.024203 0.250508 -0.156477 -0.079180 -0.071148 -0.119870 -0.083688 -0.051790 -0.205151 0.070234 0.259432 -0.166934
0.091967 -0.079497 0.544040 0.035057 0.276519 0.337884 1.000000 0.420639 0.538264 0.459158 0.064338 0.152661 0.294300 0.207141 0.213707 0.016422 -0.295684 -0.135896 0.027233 -0.024645 -0.056326 -0.314136 0.019537 0.095407 0.070488 -0.094935 -0.111422 -0.022902 -0.311176 -0.415250 -0.023529 -0.149121 -0.104280 0.015190 0.155212 0.329874 -0.424920 -0.244617 -0.233453 -0.291261 -0.246392 -0.143934 -0.065747 -0.296558 -0.129261 0.007659 -0.369655 -0.250321 -0.210466 -0.219787 0.119047 -0.073722 -0.006769 -0.060992 -0.242527 -0.376728 -0.261211 -0.347579 0.015622 0.013344 0.475007 0.330945 -0.104281 0.162725 0.317018 0.307175 0.175297 0.405413 -0.249386 -0.137313 -0.116703 0.108710 0.046109 -0.159515 -0.125741 0.112268 0.018978 -0.023702 -0.413015 -0.432452 -0.433806 -0.341593 0.030455 -0.508565 -0.213183 -0.184121 -0.016361 -0.008931 0.190157 0.077340 0.259050 0.455554 0.288362 0.354913 -0.356698 0.020803 -0.413238 -0.379509 -0.202020 -0.334481 0.118821 -0.116659 -0.245507 -0.010537 0.146735 0.227694 -0.131369 -0.105970 -0.212965 0.330389 -0.166218 -0.138379 -0.159831 0.025160 0.048458 0.065763
0.008061 -0.234889 0.406944 0.218533 0.174326 0.493858 0.420639 1.000000 0.524346 0.603494 0.084634 0.392296 -0.006060 0.286756 0.206038 0.425628 -0.531144 -0.250136 -0.307771 -0.346979 0.205301 0.137576 0.275116 0.373960 0.363173 0.323978 0.217761 0.254380 -0.249501 -0.188429 0.034253 0.271038 -0.410216 -0.110998 0.009764 0.211665 -0.366027 -0.100852 -0.200967 -0.100977 -0.070689 -0.164269 -0.412746 -0.338063 -0.427103 -0.277337 -0.431901 -0.466571 -0.198676 -0.335477 0.122241 -0.123531 0.001092 0.017576 -0.098673 -0.341977 -0.419950 -0.432089 -0.157291 0.001930 0.184791 0.354762 -0.397890 0.105961 0.495003 0.638175 -0.162488 0.231930 -0.332948 -0.337003 0.099543 0.175772 -0.119193 -0.049780 -0.068890 0.042428 -0.202482 -0.202099 -0.370044 -0.300844 -0.581637 -0.569489 0.018278 -0.375758 -0.001773 0.196550 -0.212019 0.183040 0.400100 0.585944 0.184939 0.237047 0.697303 0.352983 -0.278948 0.028727 -0.267499 -0.210756 -0.472532 -0.455784 0.309089 -0.106349 0.025652 0.024838 0.144548 0.046202 -0.071368 0.033154 -0.239081 -0.065736 -0.297205 -0.377348 -0.298298 0.293959 0.163662 -0.156812
0.237127 -0.240994 0.374760 -0.145612 0.462087 0.460222 0.538264 0.524346 1.000000 0.630113 0.169383 0.262731 0.261215 0.309868 0.444372 0.365683 -0.515450 -0.304805 -0.314361 -0.431527 0.047516 -0.128402 0.269721 0.261495 0.191828 0.204786 0.048074 0.163096 -0.222806 -0.303830 -0.081056 0.004843 -0.469398 -0.262040 0.193741 0.258455 -0.335345 -0.126022 -0.208506 -0.252148 -0.347127 -0.181307 -0.126402 -0.230980 -0.210734 -0.104444 -0.315675 -0.250375 -0.139241 -0.169513 0.234960 -0.074251 0.162651 -0.121058 -0.056508 -0.246768 -0.335470 -0.523282 0.018845 0.122496 0.433948 0.450823 -0.314607 0.217050 0.523927 0.559715 -0.144519 0.304138 -0.417819 -0.392842 -0.007796 -0.018654 -0.235447 -0.210671 -0.182377 0.017000 -0.065545 -0.073873 -0.421412 -0.290660 -0.486265 -0.482652 0.167813 -0.536428 0.048530 -0.006876 0.085419 0.317310 0.474053 0.347284 0.116108 0.310687 0.416007 0.299520 -0.275365 -0.176175 -0.225234 -0.303728 -0.292986 -0.546716 0.170916 -0.214627 -0.049567 0.069083 0.075933 0.178079 -0.268623 -0.149185 -0.267307 0.114429 -0.206347 -0.348488 -0.376757 0.245535 0.233316 0.018099
0.109854 -0.234213 0.370016 -0.148584 0.448022 0.602349 0.459158 0.603494 0.630113 1.000000 0.050713 0.282365 0.107368 0.320372 0.176901 0.475791 -0.431040 -0.332947 -0.312994 -0.323603 0.146313 0.125521 0.188822 0.286935 0.297194 0.395787 0.198844 0.280187 -0.290664 -0.296827 -0.045387 -0.015727 -0.384382 -0.123133 0.162277 0.350285 -0.299660 -0.088549 -0.122656 -0.178878 -0.259223 -0.122467 -0.390530 -0.274112 -0.224595 -0.181176 -0.315626 -0.320138 -0.021388 -0.152014 0.231398 0.057408 -0.021283 -0.051965 -0.114405 -0.063367 -0.351995 -0.453758 0.031162 -0.005013 0.152914 0.219402 -0.441868 0.001503 0.276847 0.506871 -0.132190 0.279974 -0.399683 -0.235578 0.050089 0.001414 -0.161628 -0.100828 -0.122863 -0.002284 -0.271622 -0.237485 -0.336538 -0.257235 -0.411428 -0.481550 -0.078277 -0.390599 0.009485 0.256186 0.024091 0.279724 0.252907 0.431023 0.057481 0.278420 0.398281 0.384445 -0.221550 -0.110536 -0.108390 -0.220334 -0.302858 -0.399947 0.214475 -0.097999 -0.109557 0.149330 0.219394 0.106770 -0.263152 0.024377 -0.241983 -0.050750 -0.175708 -0.240957 -0.247467 0.169939 0.107978 0.004157
0.531059 0.056420 0.034486 -0.056077 0.060407 -0.120785 0.064338 0.084634 0.169383 0.050713 1.000000 0.484494 0.360850 0.286508 0.262501 -0.027084 -0.007174 -0.054461 -0.001051 -0.322363 -0.030195 -0.064115 -0.101190 -0.046779 -0.044599 -0.229376 -0.035018 -0.202212 0.227050 -0.212539 -0.162279 -0.081866 -0.230238 0.004568 -0.131399 0.047116 -0.190205 -0.416859 -0.244264 -0.259655 -0.195798 -0.134714 0.091034 -0.157088 -0.265489 -0.208577 -0.093661 -0.185517 -0.184326 -0.369538 0.210162 -0.078230 0.198990 0.097916 -0.023808 -0.294798 0.188560 -0.137016 -0.118989 -0.022901 0.296675 0.213003 -0.011162 0.316283 0.299181 0.299886 -0.089249 0.065915 -0.159533 -0.093913 -0.232395 -0.114016 0.144789 -0.189647 -0.056928 0.080393 0.239148 -0.172297 0.112161 -0.175061 -0.015066 -0.001371 0.282469 -0.179216 0.487964 0.235524 0.004806 -0.049091 0.244203 0.029187 0.024198 0.042530 0.026007 0.124829 -0.254717 0.022782 -0.250043 -0.301695 -0.223536 -0.133311 0.105379 -0.019875 0.033170 0.096627 -0.068777 0.118759 0.050170 0.087363 0.074987 -0.012167 -0.135512 -0.156133 -0.092933 0.196782 0.117623 -0.009677
0.370361 0.193769 0.109048 -0.161665 -0.058459 -0.019213 0.152661 0.392296 0.262731 0.282365 0.484494 1.000000 0.405158 0.678169 0.256905 0.458240 -0.181899 -0.112700 -0.197594 -0.337165 0.086561 0.009711 -0.242075 -0.063012 -0.059734 -0.136928 -0.173246 -0.074095 -0.054641 -0.028635 -0.246850 -0.082040 -0.340488 -0.241849 -0.271626 -0.016710 -0.077999 -0.068191 -0.092523 -0.136054 -0.058667 -0.089943 -0.107246 -0.285879 -0.251742 -0.332275 -0.194930 -0.257579 0.002620 -0.308044 0.178325 0.111270 0.268933 0.151504 0.175915 -0.265313 -0.003534 -0.164549 -0.043912 -0.013655 0.150945 0.250225 -0.057488 0.318628 0.054645 0.361247 -0.195342 -0.066230 -0.260316 -0.132133 0.029695 -0.062061 0.050255 0.036746 -0.109909 0.174173 0.124372 -0.110855 -0.075857 -0.208103 -0.180093 -0.261741 0.060430 -0.092977 0.091307 0.215001 0.000318 0.042280 0.107181 0.175452 0.336243 0.129448 0.438526 0.243787 -0.080555 0.108401 -0.196859 -0.200763 -0.123959 -0.205259 0.283117 -0.001967 -0.007144 0.250424 0.157017 -0.147217 0.080781 0.134781 -0.217181 -0.142088 -0.334978 -0.241764 -0.137815 0.178621 -0.078165 -0.024239
0.435425 0.093187 0.206880 -0.373345 -0.017727 0.019369 0.294300 -0.006060 0.261215 0.107368 0.360850 0.405158 1.000000 0.585038 0.394080 0.250128 -0.012994 0.081017 0.249453 -0.144222 -0.169173 -0.189793 -0.376139 -0.264599 -0.156807 -0.268150 -0.328998 -0.190920 0.098840 -0.144555 -0.161891 -0.330233 0.117664 0.049159 -0.186498 0.031994 -0.270375 -0.271048 -0.074436 -0.076679 -0.413225 0.158316 0.098867 -0.263952 0.073583 -0.014694 -0.231738 -0.155269 -0.135610 -0.190667 -0.034322 -0.084034 0.089205 -0.161257 0.069639 -0.180129 0.085113 -0.143271 0.008487 0.040690 0.530103 0.319212 0.266140 0.480597 -0.012098 0.119420 0.040296 0.183657 -0.093740 -0.079884 -0.172646 0.028229 0.269195 0.046226 -0.117914 0.190185 0.183453 0.091866 -0.023854 -0.242888 0.018613 0.041435 0.330936 -0.102672 0.037423 -0.078847 0.063814 0.069226 -0.147042 -0.203821 -0.015894 0.111212 -0.075361 0.019777 -0.244556 -0.105694 -0.208228 -0.339712 -0.111483 -0.131576 0.365436 0.159417 -0.075850 0.281857 -0.068822 0.086228 0.217551 -0.227069 -0.042268 0.071974 -0.176156 -0.106494 -0.090924 -0.099798 0.156952 0.170898
0.504641 0.164244 0.091448 -0.362905 -0.004609 0.082068 0.207141 0.286756 0.309868 0.320372 0.286508 0.678169 0.585038 1.000000 0.226162 0.499705 -0.323482 -0.104253 -0.177155 -0.358895 0.005927 -0.052544 -0.365308 -0.276684 -0.050152 -0.154586 -0.217591 -0.083475 -0.128475 0.002762 -0.322954 -0.331635 -0.155844 -0.249354 -0.320145 -0.031302 -0.066753 -0.155828 0.073575 -0.109149 -0.287988 -0.037392 -0.029387 -0.232982 -0.233709 -0.269303 -0.308212 -0.223102 -0.007085 -0.226754 0.272774 0.118994 0.352237 0.066164 0.234777 -0.115886 0.031741 -0.194330 0.128545 0.065024 0.386313 0.478429 -0.050063 0.517427 -0.154676 0.366532 -0.056517 -0.015991 -0.224482 -0.184641 0.138752 -0.028574 0.173748 -0.062209 -0.103852 0.147455 0.117662 -0.060236 -0.134948 -0.268479 -0.203779 -0.239309 0.110186 -0.089037 -0.129871 0.101714 0.070353 0.004424 -0.012878 0.173060 0.124779 0.077053 0.244881 0.159771 -0.112024 -0.001309 -0.065452 -0.226526 -0.068145 -0.126196 0.291095 0.321898 0.050389 0.429508 0.144179 -0.007083 0.038663 -0.105035 -0.146092 -0.066658 -0.350912 -0.074225 -0.082848 0.080181 0.138228 0.218873
0.126041 -0.135908 0.059791 0.243958 0.243822 0.154656 0.213707 0.206038 0.444372 0.176901 0.262501 0.256905 0.394080 0.226162 1.000000 0.357627 -0.267715 -0.231029 -0.227702 -0.387534 0.018069 -0.113159 0.269992 0.358493 0.316355 0.266683 0.203827 0.166606 -0.038715 -0.259248 0.142538 0.150892 -0.446966 -0.108205 0.100342 0.126557 -0.261058 -0.232053 -0.181848 -0.013426 -0.115934 0.098648 -0.006346 -0.300057 -0.143682 -0.134390 -0.169848 -0.224047 -0.240589 -0.180263 0.098498 -0.138643 0.184737 0.083209 0.160329 -0.041232 -0.150648 -0.328561 -0.236492 -0.117713 0.201191 0.071494 -0.044131 0.056874 0.433161 0.221593 -0.327049 0.134618 -0.294056 -0.259551 -0.005573 0.097161 -0.174027 -0.135618 -0.107641 -0.025359 0.084218 0.059242 -0.228781 -0.355202 -0.233497 -0.248983 0.462429 -0.118803 0.301520 0.112122 0.076814 0.288814 0.344970 -0.030279 0.105267 0.169737 0.333658 0.308347 -0.249706 -0.267949 -0.236793 -0.402482 -0.220647 -0.224313 0.101112 -0.061566 0.072356 0.181952 0.149968 0.045110 0.052558 0.143085 0.142748 0.113636 -0.088613 -0.030618 -0.260727 0.250196 0.198117 -0.084904
0.219146 0.068284 -0.056298 -0.154445 -0.029071 0.269593 0.016422 0.425628 0.365683 0.475791 -0.027084 0.458240 0.250128 0.499705 0.357627 1.000000 -0.193672 -0.006066 -0.374351 -0.215494 0.114678 0.120818 0.004796 0.167670 0.058002 0.195744 0.036266 0.093268 -0.029080 0.192583 -0.146511 0.012472 -0.316927 -0.257406 -0.283397 -0.162953 0.107837 0.057844 0.138276 0.130509 -0.077410 0.195873 -0.359114 -0.310757 -0.275957 -0.401731 -0.185432 -0.277105 -0.171998 -0.130876 -0.014744 -0.064310 0.058632 -0.007310 0.073434 0.003093 -0.044218 -0.135357 -0.224120 -0.150558 -0.065542 0.139742 -0.002888 0.274086 0.085621 0.311064 -0.399149 -0.183457 -0.233437 -0.189491 0.316537 0.155228 -0.014022 0.120246 -0.009116 0.214597 -0.056117 0.003827 -0.118182 -0.084303 -0.127305 -0.141952 0.150235 0.183807 0.016208 0.251940 0.011957 0.328564 0.129804 0.392966 0.137070 -0.011696 0.474171 0.022617 -0.002517 -0.126355 -0.003404 -0.030523 -0.165346 -0.241521 0.282761 0.101125 0.030913 0.259840 0.201980 -0.150774 -0.157608 0.060419 -0.105796 -0.190661 -0.258883 -0.154140 -0.201421 0.040731 0.258963 0.032530
0.065927 0.437428 -0.256188 -0.128996 -0.347805 -0.422161 -0.295684 -0.531144 -0.515450 -0.431040 -0.007174 -0.181899 -0.012994 -0.323482 -0.267715 -0.193672 1.000000 0.669178 0.270813 0.571724 -0.231657 -0.132713 -0.287889 -0.294746 -0.406224 -0.450054 -0.294214 -0.376686 0.392205 0.271839 -0.114453 -0.245566 0.494107 0.292871 -0.150892 -0.386662 0.194479 0.168525 -0.095745 0.301170 0.160578 0.198554 0.017752 0.097598 0.332797 0.002949 0.162332 0.134414 0.208775 0.351876 -0.394858 -0.056268 -0.054277 -0.052244 -0.096820 0.163346 0.630958 0.679431 -0.120949 -0.089440 -0.268041 -0.327403 0.482317 0.014034 -0.349743 -0.564651 -0.063349 -0.462371 0.313196 0.354499 -0.176042 -0.206490 0.359671 0.144955 0.165731 0.098808 0.031159 0.086873 0.559788 0.563687 0.742924 0.746868 0.079194 0.353202 0.132451 -0.234442 0.221910 -0.062611 -0.262136 -0.396412 -0.186916 -0.262504 -0.462350 -0.307894 0.054602 0.170745 -0.007667 0.010599 0.261512 0.320309 0.061475 0.089508 -0.177607 -0.034968 -0.241701 0.034814 -0.019890 0.046684 0.042712 0.024796 -0.089128 0.275495 0.135601 -0.240247 -0.001839 -0.049552
0.120766 0.346415 -0.193723 -0.137405 -0.327730 -0.174546 -0.135896 -0.250136 -0.304805 -0.332947 -0.054461 -0.112700 0.081017 -0.104253 -0.231029 -0.006066 0.669178 1.000000 0.123246 0.509169 -0.259707 -0.179958 -0.315742 -0.367449 -0.464826 -0.430231 -0.360499 -0.318575 0.311603 0.444453 -0.202464 -0.188841 0.379460 0.158979 -0.367871 -0.523035 0.092711 0.193431 -0.055369 0.213500 0.147482 0.218921 0.006610 0.066703 0.224011 0.034294 0.085251 0.127039 0.134977 0.298898 -0.373213 -0.131212 -0.069414 -0.129155 -0.072241 0.083342 0.518103 0.467718 -0.061119 -0.007034 -0.138751 -0.055597 0.438122 0.251069 -0.243228 -0.376033 -0.135862 -0.428361 0.164726 0.151111 -0.002694 -0.043825 0.274012 0.106806 0.070233 0.142495 0.078746 0.073100 0.422347 0.543776 0.478128 0.682621 0.025103 0.247119 -0.036400 -0.322044 0.201757 -0.077123 -0.151708 -0.212646 -0.034003 -0.238879 -0.338332 -0.349387 0.028358 0.043140 0.068202 0.010551 0.177320 0.149220 0.054164 -0.002115 -0.148741 -0.191759 -0.246946 -0.026111 0.109008 -0.028966 0.015253 -0.111261 -0.224755 0.114991 0.043063 -0.320995 0.104644 -0.112332
0.003720 0.121340 0.103823 0.061424 -0.319215 -0.376329 0.027233 -0.307771 -0.314361 -0.312994 -0.001051 -0.197594 0.249453 -0.177155 -0.227702 -0.374351 0.270813 0.123246 1.000000 0.402298 -0.184336 -0.038321 -0.162646 -0.324635 -0.236359 -0.344866 -0.316426 -0.399176 0.233116 0.116855 0.246941 -0.178088 0.508064 0.388179 0.015270 -0.022883 0.015567 -0.067231 -0.048183 0.004230 -0.124780 0.099269 0.123911 -0.032042 0.170306 -0.015143 0.058622 0.099372 -0.171111 -0.085117 -0.329096 -0.178638 -0.178463 -0.008726 -0.141984 -0.053220 0.080332 0.105420 -0.086225 -0.097772 0.185504 -0.136341 0.261869 0.063727 -0.218022 -0.288060 0.297147 0.016648 0.422169 0.048259 -0.155424 0.096357 0.470923 0.061590 0.028478 0.132748 0.173062 0.288010 0.195678 0.035801 0.257209 0.259569 0.021669 0.053947 -0.133707 -0.317008 -0.091752 -0.295118 -0.193229 -0.358262 0.018932 0.112409 -0.373477 -0.125464 0.076874 0.112103 0.019735 0.081863 0.113265 0.101240 0.112694 -0.027184 -0.066291 -0.276907 -0.068598 -0.114540 -0.002930 -0.024070 0.133178 0.160957 0.217830 0.042027 0.082677 -0.274050 -0.227757 0.197026
-0.115088 0.258343 -0.100931 0.110986 -0.382914 -0.150189 -0.024645 -0.346979 -0.431527 -0.323603 -0.322363 -0.337165 -0.144222 -0.358895 -0.387534 -0.215494 0.571724 0.509169 0.402298 1.000000 -0.126893 -0.013478 -0.177602 -0.146701 -0.323041 -0.307618 -0.192143 -0.289068 0.239288 0.373262 0.032743 -0.095886 0.473527 0.445986 -0.198805 -0.293077 0.061574 0.147483 -0.082216 0.132800 0.080014 0.080505 -0.037916 0.070077 0.224765 0.017180 0.121499 0.205069 0.045854 0.286168 -0.399250 -0.173842 -0.252625 -0.063878 -0.334167 0.031998 0.193824 0.424259 -0.214636 -0.138717 -0.251155 -0.299123 0.452035 -0.075247 -0.475206 -0.514280 0.101674 -0.325792 0.443940 0.483429 0.034207 0.051169 0.351956 0.199127 0.246134 0.209387 0.030859 0.300501 0.262737 0.412810 0.462508 0.508735 -0.036874 0.288649 -0.278626 -0.422568 0.025321 -0.150195 -0.334267 -0.229222 0.007761 0.018853 -0.249127 -0.236482 0.112826 -0.054938 -0.000428 0.138565 0.239464 0.191741 -0.179430 0.123855 -0.159531 -0.081866 -0.120928 0.113370 -0.120126 -0.075704 -0.046152 0.156659 0.061535 0.230090 0.088904 -0.205266 -0.030902 0.000832
-0.034192 -0.085497 0.233653 0.093740 0.294231 0.170043 -0.056326 0.205301 0.047516 0.146313 -0.030195 0.086561 -0.169173 0.005927 0.018069 0.114678 -0.231657 -0.259707 -0.184336 -0.126893 1.000000 0.467996 0.289679 0.349326 0.375870 0.346081 0.489835 0.302571 -0.118362 0.014406 0.133097 0.263976 -0.224974 -0.063970 -0.121254 0.039403 0.016582 0.076665 0.057820 -0.087766 0.083298 0.010271 -0.300461 -0.233220 -0.331091 -0.261629 -0.338964 -0.233408 -0.097629 -0.293214 0.272456 -0.222019 -0.031728 0.016200 -0.012463 -0.190963 -0.205254 -0.112702 -0.152494 -0.099262 -0.177091 -0.005705 -0.267760 -0.158879 0.110334 0.108773 -0.000807 0.180885 -0.008615 0.052081 0.266457 0.093947 -0.165832 0.283379 0.119593 0.161961 -0.145652 -0.040512 -0.005218 -0.013638 -0.067274 -0.245808 -0.101139 0.156448 0.143785 0.319316 -0.039829 0.249367 0.237054 0.054331 -0.016199 0.071225 0.226957 0.056666 -0.016292 -0.200244 0.025044 0.211255 -0.309315 -0.176939 -0.221689 -0.016420 0.052158 0.120645 -0.019063 -0.054272 0.027164 0.082601 -0.146891 -0.105070 0.226301 -0.237353 -0.211812 -0.077494 0.057624 -0.249395
-0.180122 -0.248275 -0.001752 0.173944 0.172035 0.125142 -0.314136 0.137576 -0.128402 0.125521 -0.064115 0.009711 -0.189793 -0.052544 -0.113159 0.120818 -0.132713 -0.179958 -0.038321 -0.013478 0.467996 1.000000 0.346387 0.310513 0.247182 0.526943 0.514868 0.397552 0.160883 0.071389 0.198091 0.389820 -0.165728 -0.051593 -0.048944 0.066504 0.212345 0.028939 0.234444 -0.079092 0.128156 -0.012965 -0.217677 0.083684 -0.156869 -0.122865 0.127607 0.037225 -0.049340 -0.241158 0.015112 -0.191461 -0.152677 0.068116 -0.059692 -0.015248 -0.158695 -0.226622 -0.352950 -0.372783 -0.254675 -0.335720 -0.128806 -0.285420 -0.030881 -0.136984 -0.132961 -0.039185 0.085503 0.118512 0.135011 0.041465 -0.100852 0.089698 0.000387 -0.047020 -0.281604 -0.081132 0.207998 0.134637 0.084340 -0.078462 -0.104871 0.383449 0.220753 0.249314 0.020649 0.027859 -0.003919 0.122084 -0.112204 0.101447 0.151578 0.019309 0.347657 -0.048253 0.439237 0.504533 -0.134453 0.026731 -0.311973 -0.092600 -0.101019 -0.126054 -0.201737 -0.220522 -0.065315 -0.087183 0.132982 -0.247427 0.303248 -0.216907 0.000983 -0.022467 -0.046820 -0.128160
-0.307115 -0.429830 0.290960 0.565105 0.203177 0.219828 0.019537 0.275116 0.269721 0.188822 -0.101190 -0.242075 -0.376139 -0.365308 0.269992 0.004796 -0.287889 -0.315742 -0.162646 -0.177602 0.289679 0.346387 1.000000 0.754815 0.690061 0.654335 0.561865 0.492116 -0.195215 -0.340853 0.592720 0.572565 -0.391324 -0.092203 0.319713 0.291336 -0.255273 0.002797 -0.138530 -0.066349 0.025517 -0.094659 -0.033063 0.030788 -0.207283 -0.067119 0.024030 0.003224 -0.212972 -0.130944 0.191912 -0.090273 -0.206657 0.054346 -0.022566 -0.024928 -0.307854 -0.251123 -0.337689 -0.265977 -0.197410 -0.217553 -0.381294 -0.487280 0.546908 0.092778 -0.183293 0.156063 -0.228003 -0.279383 0.086253 0.100745 -0.461520 -0.131534 -0.013233 -0.240777 -0.261590 -0.071153 -0.162441 -0.117332 -0.414909 -0.431753 -0.056150 -0.159112 0.205079 0.138005 -0.085288 0.182204 0.336169 0.152833 0.055835 0.355890 0.297232 0.221554 -0.116184 -0.187676 -0.015784 -0.040429 -0.260741 -0.183782 -0.304107 -0.320447 -0.192420 -0.248128 -0.023663 0.006185 -0.135347 0.036189 0.067411 0.072820 0.281528 -0.150330 -0.042458 0.182208 -0.021084 -0.152511
-0.277093 -0.279425 0.194501 0.579282 0.325576 0.282330 0.095407 0.373960 0.261495 0.286935 -0.046779 -0.063012 -0.264599 -0.276684 0.358493 0.167670 -0.294746 -0.367449 -0.324635 -0.146701 0.349326 0.310513 0.754815 1.000000 0.617905 0.685788 0.630020 0.634494 -0.216885 -0.350516 0.495525 0.595341 -0.436364 -0.105851 0.186346 0.320841 -0.293832 -0.106056 -0.104841 0.070804 -0.017851 -0.171952 -0.268338 -0.132761 -0.305434 -0.147632 -0.098254 -0.125071 -0.226401 -0.173737 0.120608 -0.127540 -0.231878 -0.011070 -0.058853 -0.054116 -0.377067 -0.192077 -0.353125 -0.246944 -0.209603 -0.218724 -0.264779 -0.496649 0.554611 0.183049 -0.134154 0.213783 -0.228682 -0.135836 0.073667 0.199806 -0.491558 -0.041471 0.013512 -0.054890 -0.307008 -0.026914 -0.299771 -0.179891 -0.351180 -0.512280 0.196475 -0.111346 0.244280 0.336794 0.018944 0.456387 0.356395 0.314887 0.117678 0.214769 0.442298 0.240181 -0.322624 -0.229286 -0.242164 -0.206759 -0.387477 -0.290199 -0.185690 -0.215411 -0.163899 -0.072664 0.100436 0.016579 -0.019172 0.155635 -0.091565 0.090527 0.157319 -0.189074 -0.095847 0.232568 0.047332 -0.301387
-0.261238 -0.408220 0.342877 0.375019 0.277279 0.301258 0.070488 0.363173 0.191828 0.297194 -0.044599 -0.059734 -0.156807 -0.050152 0.316355 0.058002 -0.406224 -0.464826 -0.236359 -0.323041 0.375870 0.247182 0.690061 0.617905 1.000000 0.700997 0.567015 0.515598 -0.234693 -0.319264 0.515126 0.531545 -0.367421 0.100640 0.307275 0.545367 -0.355183 -0.243634 -0.131061 -0.034294 -0.113511 0.010886 -0.082142 -0.118294 -0.323125 -0.042818 -0.188592 -0.117409 -0.183335 -0.219754 0.406135 0.059533 -0.127865 0.171827 0.007750 -0.019652 -0.400504 -0.297169 -0.172938 -0.128688 -0.159077 -0.062681 -0.471698 -0.409403 0.409819 0.326082 -0.080022 0.375240 -0.306245 -0.206202 0.191101 0.118933 -0.338704 -0.045225 0.059115 -0.186342 -0.281405 -0.140482 -0.197945 -0.268695 -0.494605 -0.542061 -0.089047 -0.199914 0.113434 0.302968 -0.178891 0.178363 0.163721 0.090898 -0.033645 0.251854 0.216415 0.154656 -0.300461 -0.170363 -0.143075 -0.206798 -0.362079 -0.216732 -0.182022 -0.047015 -0.045964 0.009507 0.088853 0.142155 0.115556 0.020704 0.078678 0.056591 0.173510 -0.047280 -0.056743 0.296209 0.175656 -0.226953
-0.371987 -0.340935 0.160213 0.315308 0.359586 0.430598 -0.094935 0.323978 0.204786 0.395787 -0.229376 -0.136928 -0.268150 -0.154586 0.266683 0.195744 -0.450054 -0.430231 -0.344866 -0.307618 0.346081 0.526943 0.654335 0.685788 0.700997 1.000000 0.700789 0.724624 -0.222798 -0.217815 0.367259 0.582653 -0.383500 -0.099617 0.242632 0.393576 -0.133880 -0.125906 0.136065 0.047295 0.034633 0.041664 -0.218216 0.007287 -0.257208 -0.019146 0.033673 0.033759 -0.064753 -0.102987 0.270326 0.029298 -0.086164 0.148417 0.038188 0.215150 -0.301646 -0.242284 -0.183577 -0.213438 -0.309871 -0.227703 -0.443410 -0.519514 0.270786 0.122814 -0.267144 0.201947 -0.183041 -0.068665 0.142656 0.177187 -0.499847 0.007707 -0.122383 -0.245719 -0.435879 -0.159782 -0.164463 -0.123124 -0.368233 -0.414393 0.007016 0.053406 0.128371 0.328611 0.053310 0.336928 0.154156 0.260525 0.001531 0.062610 0.230019 0.134869 -0.016965 -0.276813 0.168486 0.057523 -0.270818 -0.252437 -0.299316 -0.173403 -0.155481 -0.121192 0.013078 -0.026950 0.013197 -0.028415 -0.033932 -0.103954 0.211592 -0.200835 -0.052087 0.168676 0.055973 -0.250912
-0.267532 -0.318379 0.066898 0.223698 0.446929 0.239330 -0.111422 0.217761 0.048074 0.198844 -0.035018 -0.173246 -0.328998 -0.217591 0.203827 0.036266 -0.294214 -0.360499 -0.316426 -0.192143 0.489835 0.514868 0.561865 0.630020 0.567015 0.700789 1.000000 0.747510 -0.088820 -0.262325 0.290636 0.396400 -0.312534 -0.078844 0.225401 0.359611 -0.162634 -0.197198 0.027622 -0.021446 0.051697 -0.213568 -0.133460 0.052768 -0.237570 -0.091827 -0.117295 -0.021566 0.009117 -0.173048 0.296456 -0.071346 -0.067997 0.127891 -0.030987 0.073434 -0.274513 -0.184459 -0.197023 -0.165179 -0.343373 -0.335829 -0.420978 -0.541388 0.293262 -0.005690 -0.005102 0.185880 -0.072896 0.000357 0.141980 0.055752 -0.445077 -0.038180 -0.074579 -0.051599 -0.219427 -0.005683 -0.180343 0.004298 -0.282256 -0.374354 -0.065443 0.122032 0.201203 0.294413 -0.074667 0.342586 0.280120 0.214566 -0.125673 0.057217 0.192349 0.125745 -0.009371 -0.306245 0.079633 0.089840 -0.273787 -0.042129 -0.391931 -0.072692 0.050279 0.077119 0.037010 -0.048550 0.069621 0.087720 0.006174 -0.036004 0.360854 -0.024053 -0.071293 0.176871 0.103865 -0.204420
-0.407070 -0.254642 0.059890 0.159647 0.399666 0.338403 -0.022902 0.254380 0.163096 0.280187 -0.202212 -0.074095 -0.190920 -0.083475 0.166606 0.093268 -0.376686 -0.318575 -0.399176 -0.289068 0.302571 0.397552 0.492116 0.634494 0.515598 0.724624 0.747510 1.000000 -0.303407 -0.320090 0.214318 0.359321 -0.263495 -0.173769 0.230272 0.400261 -0.275013 -0.065216 0.167058 0.120233 -0.022089 -0.253786 -0.106925 0.093593 -0.074604 0.109630 -0.102992 0.066322 0.129800 -0.060274 0.298268 0.073260 -0.130405 0.106701 0.007247 0.152970 -0.332162 -0.155798 -0.010597 -0.067819 -0.217709 -0.179969 -0.451752 -0.511305 0.270339 0.024347 -0.017418 0.245503 -0.162048 -0.110280 0.059628 0.098553 -0.679973 -0.109986 -0.212281 -0.061625 -0.378220 0.010071 -0.313066 -0.092580 -0.368753 -0.483335 -0.052024 -0.001273 0.081320 0.267730 0.115565 0.464405 0.179320 0.288749 -0.103132 -0.076296 0.219643 0.036446 -0.116160 -0.207417 0.069501 -0.037538 -0.236750 -0.136025 -0.332734 -0.169495 -0.080304 0.047985 0.039011 -0.064551 0.232074 0.010240 -0.049807 -0.067766 0.302657 -0.079808 -0.023803 0.153985 0.099307 -0.168283
0.263077 0.091021 -0.384198 -0.037453 -0.176765 -0.413269 -0.311176 -0.249501 -0.222806 -0.290664 0.227050 -0.054641 0.098840 -0.128475 -0.038715 -0.029080 0.392205 0.311603 0.233116 0.239288 -0.118362 0.160883 -0.195215 -0.216885 -0.234693 -0.222798 -0.088820 -0.303407 1.000000 0.464313 0.023110 0.083779 0.070078 0.293015 -0.018334 -0.124644 0.264861 -0.115254 -0.111417 0.057255 0.048729 0.138499 0.118646 0.043111 -0.135619 -0.062794 0.068914 0.079470 -0.261169 -0.206835 -0.382431 -0.375590 -0.087767 -0.050889 -0.133071 -0.109272 0.181604 0.088090 -0.362108 -0.297321 -0.136371 -0.277737 0.303978 0.052984 -0.054871 -0.145016 -0.137026 -0.166254 0.287025 0.106379 -0.196779 -0.026604 0.396772 0.025000 0.063958 0.265726 0.213645 0.159771 0.601643 0.390902 0.512098 0.563548 0.197461 0.368933 0.263153 -0.016583 0.155464 -0.182907 0.056356 -0.089581 -0.226313 -0.210966 -0.143801 -0.163907 0.261726 0.069422 0.243588 0.255475 -0.070715 0.140598 -0.068043 0.070063 0.117943 -0.003718 -0.195022 -0.016150 0.090155 -0.173200 0.158636 -0.052791 0.121338 0.061843 -0.051258 0.052497 0.228186 0.032799
0.087617 0.346551 -0.399260 -0.172165 -0.345769 -0.330752 -0.415250 -0.188429 -0.303830 -0.296827 -0.212539 -0.028635 -0.144555 0.002762 -0.259248 0.192583 0.271839 0.444453 0.116855 0.373262 0.014406 0.071389 -0.340853 -0.350516 -0.319264 -0.217815 -0.262325 -0.320090 0.464313 1.000000 -0.057335 0.007894 0.155494 0.132475 -0.275028 -0.380286 0.532656 0.216512 0.045015 0.227888 0.288872 0.378783 -0.087367 0.100820 -0.066495 -0.153391 0.125902 0.219036 -0.011273 0.059846 -0.382372 -0.127687 0.035388 0.039809 0.005648 0.108040 0.163815 0.255549 -0.079563 -0.113088 -0.280193 -0.123769 0.291461 0.199699 -0.422713 -0.142078 -0.191860 -0.443736 0.354920 0.183318 0.221048 0.002891 0.463273 0.217225 0.267514 0.188749 0.210557 0.184104 0.370274 0.365184 0.458444 0.494563 -0.028094 0.467357 -0.101366 -0.134698 -0.010152 -0.080884 -0.212151 0.039024 -0.103292 -0.379964 -0.115624 -0.357926 0.352574 0.061705 0.238909 0.335966 0.160183 -0.008799 0.027181 0.195463 0.093713 -0.107805 -0.005716 -0.203684 0.104028 0.051668 -0.063224 -0.093696 -0.042387 0.063664 0.006952 -0.024817 0.085134 0.103507
-0.330421 -0.362173 0.254227 0.485359 0.033594 -0.063858 -0.023529 0.034253 -0.081056 -0.045387 -0.162279 -0.246850 -0.161891 -0.322954 0.142538 -0.146511 -0.114453 -0.202464 0.246941 0.032743 0.133097 0.198091 0.592720 0.495525 0.515126 0.367259 0.290636 0.214318 0.023110 -0.057335 1.000000 0.639084 -0.064432 0.231330 0.215161 0.345467 -0.212208 -0.214439 -0.234900 -0.099555 -0.083392 0.062171 0.110250 0.140524 -0.151837 0.088047 0.073042 0.170460 -0.343472 -0.142723 -0.069114 -0.125620 -0.256288 -0.004670 0.104728 -0.072052 -0.414001 -0.181974 -0.328558 -0.320016 -0.073465 -0.269877 -0.054201 -0.336642 0.313304 0.015140 0.041286 0.219845 -0.075025 -0.280744 0.027611 0.265153 -0.066890 -0.162902 0.007010 -0.144133 -0.006033 0.061584 0.014750 -0.040458 -0.205809 -0.249567 -0.046213 0.060478 0.094437 0.085807 -0.204679 -0.061430 0.017077 -0.078914 0.072271 0.184111 0.006905 -0.015011 -0.173618 -0.044629 -0.083843 -0.158939 -0.174198 -0.157119 -0.258596 -0.317263 -0.181318 -0.307588 -0.012892 -0.096088 0.136965 0.133426 0.057670 0.140247 0.355272 -0.086951 0.116146 0.235163 0.039572 0.027920
-0.334956 -0.296839 0.143139 0.576792 0.063256 0.008368 -0.149121 0.271038 0.004843 -0.015727 -0.081866 -0.082040 -0.330233 -0.331635 0.150892 0.012472 -0.245566 -0.188841 -0.178088 -0.095886 0.263976 0.389820 0.572565 0.595341 0.531545 0.582653 0.396400 0.359321 0.083779 0.007894 0.639084 1.000000 -0.320756 0.155293 0.128783 0.244132 -0.049612 -0.114137 -0.128483 -0.134200 0.111107 0.047024 -0.051547 -0.010546 -0.349450 -0.030414 0.080831 0.057754 -0.353897 -0.232650 -0.000182 -0.245038 -0.184528 0.062845 -0.107790 -0.171248 -0.386824 -0.212742 -0.399433 -0.312190 -0.227449 -0.155017 -0.093615 -0.341610 0.355956 0.093764 -0.143401 0.178348 -0.077912 -0.120485 0.057275 0.288122 -0.259831 -0.005298 0.082640 -0.056574 -0.034363 -0.006062 0.098881 0.013583 -0.219827 -0.169961 0.068166 0.145681 0.199410 0.272260 -0.107643 0.052966 0.114957 0.141441 0.065513 0.087971 0.247149 0.035768 -0.042559 -0.215241 0.021078 0.065862 -0.375617 -0.305808 -0.341276 -0.280829 -0.083172 -0.371167 -0.115368 -0.093084 0.168756 -0.001819 -0.030055 -0.019152 0.285691 -0.350485 -0.054418 0.289279 0.078857 -0.260675
-0.148022 0.266010 -0.056592 -0.183188 -0.441095 -0.173588 -0.104280 -0.410216 -0.469398 -0.384382 -0.230238 -0.340488 0.117664 -0.155844 -0.446966 -0.316927 0.494107 0.379460 0.508064 0.473527 -0.224974 -0.165728 -0.391324 -0.436364 -0.367421 -0.383500 -0.312534 -0.263495 0.070078 0.155494 -0.064432 -0.320756 1.000000 0.444457 -0.117920 -0.156762 -0.053965 0.094280 -0.018375 0.249985 -0.118190 0.236431 0.158573 0.183548 0.464648 0.341346 0.076859 0.173151 0.230656 0.329702 -0.206213 0.022989 -0.093299 0.028061 -0.178296 0.089665 0.322752 0.411844 0.129730 0.116027 0.046428 -0.026211 0.446262 0.115353 -0.447725 -0.437228 0.261619 -0.143553 0.470923 0.303683 -0.064028 0.031944 0.369524 0.246587 0.116554 0.244108 0.152088 0.205241 0.193837 0.311618 0.351850 0.374951 0.012947 0.182966 -0.359900 -0.371898 0.009650 -0.122381 -0.476324 -0.443015 -0.176227 -0.315681 -0.524614 -0.398535 -0.104873 0.167808 -0.141427 -0.079674 0.196536 0.362915 0.062867 0.128653 -0.140501 0.077271 -0.090896 -0.038757 0.160251 -0.216850 0.096108 0.179127 -0.030527 0.253683 0.077364 -0.235245 -0.025562 0.105769
-0.060553 0.004329 0.153211 0.083231 -0.248123 0.013374 0.015190 -0.110998 -0.262040 -0.123133 0.004568 -0.241849 0.049159 -0.249354 -0.108205 -0.257406 0.292871 0.158979 0.388179 0.445986 -0.063970 -0.051593 -0.092203 -0.105851 0.100640 -0.099617 -0.078844 -0.173769 0.293015 0.132475 0.231330 0.155293 0.444457 1.000000 0.131123 0.192797 -0.321616 -0.114102 -0.321015 0.235505 -0.184995 0.257117 0.048655 -0.072471 -0.041279 0.098300 -0.188586 0.007881 -0.301581 -0.181576 -0.227294 -0.345175 -0.226945 -0.041917 -0.384003 -0.258245 -0.023711 0.119966 -0.253039 -0.173294 0.097047 -0.034849 0.147018 -0.002201 0.007691 -0.032220 0.108700 0.199735 0.420678 0.278690 -0.240161 -0.092278 0.275962 0.054162 0.224409 0.225557 0.234130 0.252246 0.256117 0.195370 0.215335 0.226222 0.038799 -0.043959 -0.057053 -0.162825 -0.080132 -0.096035 -0.184965 -0.223305 -0.199219 -0.082184 -0.208517 -0.100915 -0.202482 0.026303 -0.214008 -0.151136 -0.286675 0.029757 -0.001218 -0.014543 -0.060245 -0.075342 -0.044656 0.193149 0.143545 -0.049278 0.153162 0.371708 0.253823 0.164673 -0.170005 0.100153 0.253251 -0.007872
-0.272754 -0.413419 0.040099 0.010173 0.412178 0.117652 0.155212 0.009764 0.193741 0.162277 -0.131399 -0.271626 -0.186498 -0.320145 0.100342 -0.283397 -0.150892 -0.367871 0.015270 -0.198805 -0.121254 -0.048944 0.319713 0.186346 0.307275 0.242632 0.225401 0.230272 -0.018334 -0.275028 0.215161 0.128783 -0.117920 0.131123 1.000000 0.542730 -0.012615 -0.092450 -0.050316 -0.029344 -0.039312 -0.014451 -0.068519 -0.111862 -0.034110 0.114357 -0.170575 -0.148958 -0.216063 -0.194502 0.054225 -0.066660 -0.073254 -0.045353 -0.193107 -0.180226 -0.333228 -0.264661 0.031237 -0.099139 -0.033382 -0.218781 -0.280224 -0.375742 0.351221 0.069461 0.245112 0.480646 0.040665 -0.077094 -0.273121 -0.230045 -0.200599 -0.189558 -0.192992 -0.191583 -0.036497 -0.012297 -0.103854 -0.101175 -0.104230 -0.172115 -0.142014 -0.278779 0.281500 0.189086 -0.121258 0.003864 0.144620 -0.005348 -0.166906 0.170762 -0.001213 0.316207 0.019357 0.208514 -0.139765 -0.042455 -0.174893 -0.076324 -0.067020 -0.182382 -0.003063 -0.028841 -0.057153 0.201754 -0.030065 -0.115420 0.172663 0.080994 0.378454 0.182313 -0.130217 0.226909 -0.153310 0.107052
-0.150713 -0.422674 0.295467 0.024275 0.369298 0.235723 0.329874 0.211665 0.258455 0.350285 0.047116 -0.016710 0.031994 -0.031302 0.126557 -0.162953 -0.386662 -0.523035 -0.022883 -0.293077 0.039403 0.066504 0.291336 0.320841 0.545367 0.393576 0.359611 0.400261 -0.124644 -0.380286 0.345467 0.244132 -0.156762 0.192797 0.542730 1.000000 -0.341474 -0.383942 -0.110947 -0.185188 -0.347892 -0.252757 0.048329 -0.041603 -0.236661 0.223695 -0.244798 -0.152656 -0.221400 -0.338044 0.277073 0.009066 -0.079089 0.017688 -0.220711 -0.219400 -0.434037 -0.362874 -0.017468 -0.038261 0.130821 -0.024219 -0.281772 -0.367114 0.323181 0.388317 0.260143 0.630664 -0.055475 -0.173390 -0.190184 0.016524 -0.289398 -0.196552 -0.314471 -0.056138 -0.061600 -0.086812 -0.309683 -0.326872 -0.365810 -0.491673 -0.145147 -0.415101 0.113992 0.247913 -0.089481 0.053661 0.129946 0.179586 -0.131380 0.243736 0.058954 0.198448 -0.174795 0.034352 -0.281812 -0.219344 -0.480533 -0.352353 -0.073012 -0.217632 0.006375 -0.003024 0.012958 0.159101 0.054808 -0.087483 -0.057716 0.215116 0.326736 -0.059114 -0.114910 0.216862 -0.006844 -0.032286
