1.000000 0.488413 0.115348 -0.497929 -0.197636 -0.346288 0.241383 -0.459582 -0.311811 -0.427753 0.036246 -0.033010 -0.043001 -0.071803 0.060895 0.042153 0.293265 0.562672 0.315162 0.221974 -0.145523 -0.279585 -0.017288 -0.380413 -0.301834 -0.401045 -0.101466 -0.250702 0.401169 0.373568 -0.113335 -0.377278 0.005681 -0.204568 -0.557056 -0.588027 0.156491 0.034086 0.039176 -0.309358 0.181960 -0.016286 -0.009070 0.030805 0.007960 -0.119274 0.212861 0.052245 0.438337 0.094684 0.143778 0.415820 0.536064 0.410518 0.077368 0.249863 0.501897 0.274489 0.127417 -0.142886 0.081172 -0.146721 0.251835 0.279406 -0.497408 -0.561578 -0.409873 -0.618525 0.307819 -0.045097 0.019516 -0.160448 0.319405 0.264471 0.211789 0.126951 0.314804 0.110240 0.227708 0.316986 0.212490 0.318606 0.136359 0.145568 -0.215456 -0.237376 0.151326 -0.106611 -0.146508 0.179577 -0.156041 0.144872 -0.515953 -0.015652 -0.161366 0.124728 -0.096837 -0.204381 0.314200 0.237922 0.332401 0.317972 0.035323 0.133567 0.052100 -0.157536 -0.119496 -0.020017 -0.172110 -0.048959 -0.140194 0.234458 0.161828 0.187978 -0.080355 0.076356
0.488413 1.000000 -0.186126 -0.333801 -0.246907 -0.331235 -0.056730 -0.380468 -0.306749 -0.400515 0.086030 -0.172822 -0.172024 -0.227716 0.065286 -0.015809 0.233443 0.506620 0.343980 0.351033 -0.223685 -0.032556 0.031119 -0.232284 -0.353477 -0.317206 -0.022867 -0.089474 0.269260 0.278903 -0.176141 -0.272971 0.104899 -0.025723 -0.384323 -0.540549 0.139038 0.117066 0.028666 -0.056814 0.070183 0.099350 -0.006617 0.020592 0.046396 -0.054676 0.250105 0.055082 0.263377 0.178949 0.218265 0.380216 0.480383 0.482219 -0.160923 0.366573 0.514620 0.557453 -0.177531 -0.263544 -0.066064 -0.245066 0.124722 0.160196 -0.465250 -0.547206 -0.672446 -0.679024 0.429233 0.074780 -0.176867 -0.324219 0.360152 0.371028 0.261940 0.232538 0.396072 0.103839 0.282405 0.224085 0.438354 0.450142 0.236717 0.246530 -0.128758 -0.112053 0.289262 0.065965 -0.332860 -0.001006 0.039086 0.063898 -0.358916 -0.007548 -0.082060 0.278179 0.034321 -0.002966 0.428420 0.357877 0.251650 0.255063 -0.031751 -0.133278 -0.110961 -0.210787 -0.241126 -0.178601 -0.077276 0.040066 -0.046546 0.166241 0.177929 0.131669 -0.080420 0.091926
0.115348 -0.186126 1.000000 -0.304119 -0.016680 0.017760 0.617847 -0.099483 0.271056 -0.109901 0.122453 0.004914 0.244181 0.074176 0.141721 -0.183421 -0.093306 -0.005107 0.349022 0.279946 -0.309270 -0.208090 0.174839 -0.036141 0.230309 -0.002254 -0.290829 -0.263930 0.214053 0.013454 0.321135 -0.046565 0.193110 -0.069251 -0.076452 0.027938 -0.146517 -0.341017 -0.222587 -0.296403 0.037107 -0.143253 -0.210152 -0.193732 -0.226632 -0.219860 -0.247650 -0.213859 0.047531 -0.233782 -0.082189 -0.004437 0.040960 0.022962 -0.280188 -0.420251 -0.131223 -0.161483 0.458071 0.272110 0.343243 0.097697 0.111736 0.074468 0.186881 -0.037363 0.355234 -0.119345 -0.051986 -0.002815 0.176004 0.131862 0.135704 -0.040123 -0.082311 -0.087419 0.087733 0.138119 -0.257168 -0.022543 -0.366812 -0.268766 -0.013109 0.053704 -0.059534 -0.227894 -0.221339 -0.521504 0.224155 -0.211666 -0.001141 0.311403 -0.035952 0.304391 0.114661 -0.262398 -0.073367 0.053156 0.011226 -0.064128 0.120575 0.340012 0.003685 0.187938 0.127786 0.228111 -0.063788 0.224453 0.169248 -0.064483 0.138891 0.114594 0.053517 0.147021 0.142139 0.032342
-0.497929 -0.333801 -0.304119 1.000000 0.081892 0.331375 -0.326286 0.623462 0.138758 0.458620 -0.135925 0.217400 -0.027344 0.016612 -0.006671 0.302944 -0.242639 -0.500556 -0.363922 -0.125398 0.100275 0.270355 0.093423 0.601210 0.235191 0.422021 0.243294 0.288776 -0.434956 -0.289118 0.048688 0.499667 -0.332996 0.133101 0.404506 0.424533 -0.180780 0.119523 0.129677 0.208721 -0.039822 0.101071 -0.265466 -0.202112 -0.232298 -0.083154 -0.370538 -0.226272 -0.396368 -0.316898 0.017485 -0.327911 -0.283941 -0.097340 -0.057423 -0.173861 -0.259718 -0.105521 -0.282050 -0.016409 -0.196427 0.233049 -0.316710 -0.022870 0.375074 0.534591 0.173154 0.518776 -0.247757 0.151925 -0.100075 0.142149 -0.349935 -0.234246 -0.126490 0.046916 -0.221956 -0.130615 -0.265065 -0.245685 -0.224912 -0.254620 -0.051002 0.094571 0.044381 0.408268 0.029874 0.285578 0.099457 0.250759 0.187999 -0.236393 0.622398 -0.080231 0.146835 -0.106450 -0.141810 -0.195750 -0.404988 -0.293957 -0.063251 -0.255725 0.038028 -0.227716 -0.041403 -0.015682 0.014445 -0.000875 -0.324789 0.019351 -0.181826 -0.093444 -0.032542 0.008667 -0.095057 0.005312
-0.197636 -0.246907 -0.016680 0.081892 1.000000 0.477783 0.071560 0.004294 0.516757 0.186994 0.333925 -0.038851 0.121523 0.192828 0.426168 0.035792 -0.007093 -0.189298 -0.194902 -0.073729 0.377150 0.470913 0.171567 0.316854 0.139733 0.169728 0.561479 0.477423 -0.071948 -0.073087 0.128033 0.346268 0.002222 0.118043 -0.090402 0.096949 -0.066760 -0.141710 -0.041804 0.007538 -0.045548 0.168979 -0.110824 -0.104686 -0.151610 -0.024601 -0.202875 -0.150841 -0.364181 -0.154919 -0.396543 -0.294112 -0.475014 -0.265367 -0.084700 -0.150796 -0.282302 -0.099098 -0.112793 -0.064102 0.068512 0.001212 0.002298 0.002517 0.143696 0.093645 0.198227 0.153932 -0.023730 0.125334 -0.077577 -0.139674 -0.131701 -0.134429 -0.094933 0.088759 -0.183021 0.083186 -0.094701 -0.024712 -0.162889 -0.171636 0.252080 0.218347 0.064837 -0.081660 0.186852 0.071846 0.006921 -0.111722 -0.225656 -0.084407 0.071609 0.011063 0.170538 0.077999 0.126203 0.138090 -0.348427 -0.048291 -0.307118 -0.327645 -0.032074 0.001545 0.100054 0.179026 0.147851 0.071178 0.102495 0.255609 0.264794 0.036280 -0.126209 -0.006501 0.282875 -0.102811
-0.346288 -0.331235 0.017760 0.331375 0.477783 1.000000 -0.042832 0.508359 0.518061 0.558139 0.067684 0.112523 0.250582 0.221246 0.053394 0.100650 -0.350057 -0.391300 -0.355811 -0.059711 0.123958 0.377520 -0.074783 0.451990 0.233785 0.447543 0.244534 0.411548 -0.229703 -0.244251 -0.019542 0.364385 -0.055988 0.220566 0.221584 0.457861 -0.265348 -0.280070 -0.298679 -0.176400 0.006124 0.031571 -0.263767 -0.236670 -0.085743 0.021326 -0.307391 -0.168622 -0.311056 -0.106505 -0.353034 -0.374925 -0.394209 -0.284436 -0.176164 -0.295738 -0.325149 -0.266655 -0.134334 0.110320 0.095102 0.351878 0.145038 0.187976 0.213312 0.266251 0.309543 0.419716 -0.313293 0.076718 -0.239211 0.163160 -0.335501 -0.286621 -0.265986 -0.043634 -0.378372 -0.045235 -0.336507 -0.383538 -0.300450 -0.225491 -0.124034 0.188619 -0.044397 0.178536 -0.329328 0.062289 -0.037602 0.149919 0.242957 -0.206369 0.481668 -0.009975 0.047901 -0.242534 -0.321941 -0.133369 -0.354101 -0.299549 -0.204436 -0.284458 0.195350 -0.075416 0.031974 0.209795 0.044107 -0.045268 -0.132024 0.077360 0.013567 -0.050352 -0.041315 -0.105127 0.030312 0.162722
0.241383 -0.056730 0.617847 -0.326286 0.071560 -0.042832 1.000000 -0.153744 0.277043 -0.071243 0.393979 0.330049 0.422970 0.208431 0.329824 0.089244 0.073633 0.070629 0.544444 0.407942 -0.151640 -0.255152 0.135279 -0.020667 -0.207522 -0.335650 -0.284406 -0.301675 0.470560 0.124638 0.214276 -0.114333 0.107534 0.056734 -0.218221 -0.283111 -0.111668 -0.297131 -0.243007 -0.521304 0.216213 -0.166488 -0.337453 -0.371299 -0.450243 -0.471910 -0.348772 -0.395162 -0.050745 -0.317772 -0.244835 -0.154209 0.062718 0.030915 -0.343332 -0.380323 -0.255301 -0.253678 0.419557 0.201761 0.389559 0.099172 0.201804 0.248175 0.194628 -0.109291 0.067099 -0.256389 0.079281 0.120092 0.105348 0.002852 0.214980 -0.002589 0.011278 0.130269 0.226995 0.250867 -0.206951 0.108874 -0.128546 -0.043179 0.217118 0.279928 0.085213 -0.039975 -0.022745 -0.375316 0.317851 -0.074984 0.086096 0.534192 0.060116 0.668422 -0.084680 -0.120196 -0.279769 -0.147865 -0.047745 0.125908 0.252602 0.436449 0.096231 0.175573 0.041228 0.069089 -0.016481 0.243022 0.083656 -0.180457 -0.047676 0.167923 0.047180 0.128981 -0.050120 0.044710
-0.459582 -0.380468 -0.099483 0.623462 0.004294 0.508359 -0.153744 1.000000 0.137559 0.647073 -0.104201 0.285716 0.180874 0.328267 -0.196337 0.125503 -0.323445 -0.407283 -0.430606 -0.243101 -0.055811 0.124719 -0.221548 0.316849 0.092682 0.332828 0.027465 0.139236 -0.245987 -0.126814 -0.100203 0.238360 -0.098845 0.157469 0.283343 0.488324 -0.033589 0.076817 0.108663 0.044536 0.049015 -0.106330 -0.282530 -0.213519 -0.103357 -0.051645 -0.319917 -0.183340 -0.258822 -0.233901 -0.021414 -0.325766 -0.148993 -0.093632 0.084712 -0.263247 -0.257880 -0.343419 -0.141766 0.148327 0.033270 0.410612 0.024902 0.167681 0.364121 0.549672 0.353492 0.571575 -0.386607 -0.005263 -0.127296 0.222760 -0.281297 -0.272066 -0.196916 -0.111041 -0.251530 -0.032971 -0.255511 -0.421642 -0.178692 -0.077915 -0.323643 0.024244 -0.150812 0.404474 -0.301791 0.057550 -0.018391 0.139365 0.295553 -0.321041 0.546016 -0.092504 -0.121154 -0.180247 -0.348130 -0.408513 -0.357453 -0.471273 0.024439 -0.267117 0.158362 -0.104345 -0.076208 -0.058223 0.074489 -0.043424 -0.232223 -0.150681 -0.343262 -0.111844 0.005396 -0.129070 -0.197757 0.126672
-0.311811 -0.306749 0.271056 0.138758 0.516757 0.518061 0.277043 0.137559 1.000000 0.490872 0.493081 0.189311 0.349417 0.246325 0.458551 0.208401 -0.112854 -0.351664 0.047891 0.085420 -0.166401 0.250464 0.054351 0.266746 0.171018 0.067244 -0.120720 0.061183 0.030740 -0.169371 0.219926 0.317808 0.093212 0.181522 0.173561 0.184710 -0.094234 -0.326174 -0.206903 -0.174085 0.116266 -0.076580 -0.164438 -0.277343 -0.338156 -0.262041 -0.334227 -0.230058 -0.244476 -0.160914 -0.328217 -0.237741 -0.308442 -0.159909 -0.310948 -0.452635 -0.420267 -0.345683 0.147022 -0.010752 0.303396 0.246663 0.029355 -0.005962 0.408037 0.212442 0.295454 0.131641 -0.166679 0.094462 0.155159 0.000438 0.011388 -0.117016 -0.046701 0.071164 0.040776 0.177008 -0.329153 -0.191096 -0.262582 -0.376621 0.138085 0.143809 0.140070 -0.055293 -0.234784 -0.294852 0.262549 -0.065301 0.029570 0.145158 0.255121 0.259682 0.029867 -0.244475 -0.200963 -0.059815 -0.322546 -0.115741 -0.252951 -0.094444 0.046383 0.047473 -0.029840 0.071122 -0.016641 0.113499 0.081461 0.181373 0.117150 -0.016962 -0.047946 0.175581 0.120655 0.035380
-0.427753 -0.400515 -0.109901 0.458620 0.186994 0.558139 -0.071243 0.647073 0.490872 1.000000 0.218958 0.311449 0.198074 0.333105 -0.008701 0.337629 -0.408167 -0.403224 -0.386246 -0.261048 -0.104028 0.293180 -0.304028 0.167485 0.068442 0.225028 -0.064863 0.133530 -0.201102 -0.056774 -0.121569 0.242284 -0.003339 0.254735 0.269463 0.351288 -0.034856 -0.120820 -0.049506 -0.003492 0.035547 -0.174347 -0.195370 -0.126228 -0.117585 -0.011659 -0.231831 -0.089503 -0.248312 -0.081673 -0.150467 -0.219107 -0.209344 -0.124269 -0.042126 -0.267952 -0.300005 -0.337432 -0.026973 0.041511 0.138710 0.399784 0.018119 0.078793 0.381130 0.530164 0.311994 0.465656 -0.188377 -0.003307 -0.136789 0.144500 -0.184885 -0.433084 -0.302838 -0.187518 -0.240541 -0.059593 -0.319422 -0.413699 -0.234713 -0.146783 -0.276097 0.037034 0.042962 0.254986 -0.391914 -0.082317 0.064065 0.224946 0.276483 -0.247526 0.449389 -0.105264 -0.145757 -0.166236 -0.261400 -0.285602 -0.315399 -0.239329 -0.144719 -0.199061 0.105913 -0.151224 -0.126460 -0.149213 0.098321 0.086478 -0.138608 0.076310 -0.259880 -0.132696 0.005776 -0.093454 -0.021224 0.124059
0.036246 0.086030 0.122453 -0.135925 0.333925 0.067684 0.393979 -0.104201 0.493081 0.218958 1.000000 0.378573 0.482509 0.288840 0.579552 0.237713 0.128377 -0.001321 0.342309 0.212988 -0.215769 -0.058833 0.076662 0.016692 -0.243123 -0.373652 -0.053959 -0.051447 0.350403 0.056464 0.047224 -0.071853 0.115591 0.086765 -0.142847 -0.260496 0.046966 -0.112958 -0.004460 -0.138420 0.225696 0.017385 -0.295038 -0.383491 -0.542193 -0.414309 -0.358536 -0.372700 -0.122512 -0.186470 -0.403292 -0.109337 -0.103349 -0.003904 -0.330156 -0.390681 -0.218634 -0.144408 0.181130 0.014798 0.349350 0.161190 0.203785 0.200681 0.140227 0.021936 -0.035162 -0.177705 0.237132 0.103038 0.085657 -0.104690 0.241099 -0.018408 0.165980 0.115354 0.121651 0.260387 -0.242353 -0.090283 0.134093 0.079895 0.473471 0.319791 0.258960 0.126017 0.144770 -0.045523 0.230388 -0.029701 0.010565 0.260439 0.036871 0.246233 0.002499 -0.035802 -0.161100 -0.041080 -0.365466 0.037140 -0.196250 0.024754 -0.198826 -0.047463 0.036834 -0.026669 0.073362 0.166102 -0.054217 -0.056759 -0.004310 -0.124596 0.007623 0.191437 0.173851 -0.041531
-0.033010 -0.172822 0.004914 0.217400 -0.038851 0.112523 0.330049 0.285716 0.189311 0.311449 0.378573 1.000000 0.405208 0.625514 0.111072 0.404023 -0.018791 -0.047198 0.058995 0.091176 -0.115397 -0.188633 -0.245080 0.098690 -0.335853 -0.257834 -0.338380 -0.329627 0.179286 0.049010 -0.026526 0.068194 -0.030556 0.159055 -0.033697 -0.035501 -0.119035 -0.100653 0.129656 -0.083801 0.425760 -0.200669 -0.511119 -0.507365 -0.500384 -0.589232 -0.463757 -0.579428 -0.076582 -0.381315 -0.202795 -0.233058 0.076076 -0.087155 -0.013597 -0.357114 -0.195828 -0.387073 0.316053 0.478064 0.506804 0.688358 0.295814 0.568009 0.299628 0.281388 0.222172 0.209699 -0.135960 0.061049 0.041264 0.118668 0.067831 -0.180263 -0.049968 0.315778 0.034249 0.266951 -0.257083 -0.159438 -0.160424 -0.160893 0.085950 0.239748 -0.021310 0.302255 -0.021115 -0.149391 0.351040 0.434092 0.111831 0.045671 0.448705 0.253507 -0.170121 -0.156778 -0.346295 -0.466794 -0.452317 -0.367808 0.164423 0.032656 0.007943 0.095795 0.034119 -0.042964 -0.108794 0.148026 -0.174021 -0.161111 -0.345430 -0.313117 -0.005809 0.035061 -0.266871 0.186746
-0.043001 -0.172024 0.244181 -0.027344 0.121523 0.250582 0.422970 0.180874 0.349417 0.198074 0.482509 0.405208 1.000000 0.476007 0.184687 -0.008374 0.251903 -0.041474 0.042740 0.037354 -0.113449 -0.124775 -0.231951 -0.104924 -0.226756 -0.294482 -0.121148 -0.222412 0.211991 0.041014 -0.115352 -0.226938 0.104799 -0.024669 -0.234069 -0.076977 -0.136920 -0.174679 -0.041006 -0.189557 0.171633 -0.079632 -0.232616 -0.270551 -0.353168 -0.383725 -0.336415 -0.216295 0.110041 -0.092427 -0.201003 -0.202511 -0.105578 -0.219774 -0.115068 -0.477752 -0.036599 -0.171072 0.274663 0.346030 0.552090 0.362161 0.341065 0.348369 0.101624 0.126274 0.343231 0.118614 -0.131220 0.101627 -0.035132 0.048991 0.138696 -0.211082 -0.025526 0.008746 -0.063560 0.217575 -0.373580 -0.178856 -0.081711 -0.247050 0.011386 -0.031583 -0.157043 -0.077250 0.013976 -0.186970 0.142237 -0.019564 -0.118848 0.101040 0.194411 0.322145 -0.084230 -0.233158 -0.176449 -0.194468 -0.299977 -0.115204 0.090883 0.219895 0.001703 0.187606 0.114208 0.108356 0.186088 0.102894 0.027519 -0.083450 0.066938 -0.083308 0.123209 -0.019353 -0.113847 -0.013339
-0.071803 -0.227716 0.074176 0.016612 0.192828 0.221246 0.208431 0.328267 0.246325 0.333105 0.288840 0.625514 0.476007 1.000000 0.187595 0.288809 0.173765 0.078975 -0.096896 -0.016862 -0.032240 -0.056383 -0.418532 -0.170497 -0.364716 -0.276929 -0.130102 -0.373198 0.326800 0.349905 -0.187531 -0.022329 0.146963 0.089003 -0.177678 0.005831 0.043712 -0.095489 0.223723 -0.086847 0.417826 -0.201115 -0.396366 -0.427276 -0.306005 -0.387708 -0.367532 -0.460752 -0.024223 -0.326803 -0.163269 -0.259207 0.044443 -0.126598 0.113423 -0.352719 -0.057848 -0.299338 0.367193 0.374270 0.709345 0.681427 0.611919 0.653552 0.176536 0.170332 0.449959 0.157728 -0.276199 0.029116 0.058950 0.118128 0.287980 -0.211532 -0.148113 0.092505 -0.059520 0.175343 -0.096534 -0.202429 -0.101410 -0.088192 -0.035063 0.144583 -0.315515 -0.026841 -0.045918 -0.257714 0.141003 0.200791 -0.035011 -0.183416 0.213366 0.089085 -0.224934 -0.114266 -0.332924 -0.479763 -0.441196 -0.522053 0.081109 -0.022844 -0.178521 0.191720 0.063590 0.065641 0.205724 0.053466 -0.011123 -0.219147 -0.284786 -0.264501 -0.123307 -0.217303 -0.133222 0.185289
0.060895 0.065286 0.141721 -0.006671 0.426168 0.053394 0.329824 -0.196337 0.458551 -0.008701 0.579552 0.111072 0.184687 0.187595 1.000000 0.333231 0.061396 0.096262 0.501255 0.345464 -0.045920 0.012443 0.453113 0.230649 0.072841 -0.085243 0.159858 0.116864 0.450501 0.196363 0.363296 0.279451 -0.095914 0.205266 -0.055181 -0.131030 0.018482 -0.169747 -0.133599 -0.154333 0.165554 0.004066 -0.340958 -0.432893 -0.568450 -0.417380 -0.476606 -0.469991 -0.224204 -0.392479 -0.238565 -0.098960 -0.101366 0.146481 -0.318079 -0.331595 -0.230384 -0.015516 0.116657 -0.212525 0.234128 0.019586 0.083869 0.126385 0.202249 -0.039146 -0.147601 -0.293777 0.084304 0.144886 0.191029 -0.088832 0.274744 0.079537 0.066991 0.397638 0.226376 0.240487 -0.125325 0.083457 0.045764 -0.077910 0.600948 0.489113 0.289417 -0.027858 0.328573 -0.009192 0.386195 0.001161 -0.149940 0.238365 -0.077335 0.297239 0.078623 -0.130735 -0.101591 -0.122674 -0.373467 -0.011179 -0.168970 0.046727 -0.124096 -0.189735 -0.110757 -0.110980 0.140359 -0.082074 -0.008316 -0.075212 -0.072293 -0.005683 -0.104814 0.176541 0.122837 -0.063167
0.042153 -0.015809 -0.183421 0.302944 0.035792 0.100650 0.089244 0.125503 0.208401 0.337629 0.237713 0.404023 -0.008374 0.288809 0.333231 1.000000 0.011999 -0.014440 0.063075 0.147706 -0.047958 0.081797 -0.129407 0.034796 -0.157573 -0.030184 -0.013268 -0.121907 0.190319 0.317646 -0.104925 0.168867 -0.162552 0.051178 -0.119151 -0.200597 0.012027 0.023040 0.148567 -0.065208 0.381197 -0.013547 -0.291071 -0.344296 -0.352395 -0.304591 -0.225591 -0.364170 -0.040270 -0.227131 -0.024086 0.097370 0.020917 0.173794 -0.052714 -0.159204 -0.055375 -0.207909 0.179640 -0.096418 0.229866 0.332830 0.141842 0.264026 0.107917 0.066538 -0.146969 -0.125447 -0.050857 0.091996 -0.071549 0.003584 0.252826 0.119331 0.016663 0.213068 0.078571 -0.061044 -0.122953 -0.129318 -0.040326 0.062150 0.035109 0.341888 -0.053888 0.038131 -0.047639 0.031282 0.169556 0.312648 -0.001884 -0.119947 0.137986 -0.015688 -0.190632 -0.074198 -0.312441 -0.490408 -0.333238 -0.265117 0.122944 -0.018586 -0.053919 -0.198801 -0.136050 -0.122513 0.000482 0.022294 -0.279580 0.016657 -0.289442 -0.162526 -0.262248 0.065534 -0.082298 0.041960
0.293265 0.233443 -0.093306 -0.242639 -0.007093 -0.350057 0.073633 -0.323445 -0.112854 -0.408167 0.128377 -0.018791 0.251903 0.173765 0.061396 0.011999 1.000000 0.415961 0.116046 0.126317 0.101031 -0.006613 -0.165811 -0.331065 -0.424254 -0.536993 0.135719 -0.288765 0.493583 0.377725 -0.209529 -0.260932 0.079570 -0.180925 -0.428123 -0.399854 0.327882 0.281538 0.329347 0.021975 0.089015 0.187599 0.032636 -0.056992 -0.049409 -0.198063 0.038762 -0.016722 0.115268 -0.069347 -0.083592 -0.037616 0.190087 0.053934 0.103812 -0.041276 0.371860 0.148815 -0.044952 -0.031597 0.203522 -0.009754 0.377673 0.238092 -0.351480 -0.272878 -0.161687 -0.347067 0.065677 -0.019300 0.169825 0.012716 0.487317 0.198818 0.349112 0.034828 0.225927 0.109242 0.300365 0.220485 0.469484 0.248878 0.220935 -0.006507 -0.244018 -0.264139 0.443856 0.035184 -0.187171 -0.215651 -0.402025 -0.069447 -0.308855 0.016990 0.068682 0.177348 0.115724 -0.112700 0.050218 0.156229 0.078162 0.218910 -0.211624 0.183087 0.109000 0.058597 0.062144 -0.075350 0.086768 0.062773 0.135347 0.206774 -0.046103 -0.003441 -0.057032 0.039407
0.562672 0.506620 -0.005107 -0.500556 -0.189298 -0.391300 0.070629 -0.407283 -0.351664 -0.403224 -0.001321 -0.047198 -0.041474 0.078975 0.096262 -0.014440 0.415961 1.000000 0.344168 0.248015 -0.085973 -0.335297 -0.132530 -0.415868 -0.420748 -0.419913 -0.064053 -0.275514 0.570441 0.684167 -0.262702 -0.369592 0.097981 -0.083912 -0.392419 -0.557157 0.319852 0.184815 0.196880 -0.149862 0.165663 0.060537 -0.057903 -0.074646 0.017264 -0.155546 0.122872 -0.047300 0.337872 -0.031231 0.237469 0.340213 0.564434 0.458600 0.014389 0.156927 0.478564 0.242022 0.099992 -0.111257 0.136847 -0.016732 0.401613 0.396586 -0.358946 -0.532991 -0.288818 -0.560173 0.110007 -0.042361 0.107442 -0.081700 0.571952 0.202765 0.027957 0.049715 0.147027 0.021840 0.485685 0.361504 0.438580 0.530237 0.118860 0.349693 -0.309144 -0.183969 0.180672 0.028531 -0.198657 0.035473 -0.096533 0.024221 -0.413778 -0.020245 -0.091933 0.186361 -0.066218 -0.240429 0.175382 0.022274 0.303908 0.205828 -0.204768 -0.007333 -0.080625 -0.250826 -0.078926 -0.192550 0.077860 -0.068818 -0.263260 -0.017992 -0.065012 0.004111 -0.125941 0.158822
0.315162 0.343980 0.349022 -0.363922 -0.194902 -0.355811 0.544444 -0.430606 0.047891 -0.386246 0.342309 0.058995 0.042740 -0.096896 0.501255 0.063075 0.116046 0.344168 1.000000 0.693425 -0.247675 -0.298283 0.397671 -0.020515 -0.072961 -0.336677 -0.247258 -0.254276 0.545016 0.193101 0.211934 -0.113456 -0.064318 -0.053134 -0.156750 -0.364281 0.010382 -0.058236 -0.236746 -0.284555 0.189859 -0.113534 -0.312464 -0.400994 -0.541105 -0.503562 -0.293255 -0.375631 -0.047105 -0.374770 -0.116165 0.119138 0.272926 0.393322 -0.417717 -0.186774 -0.083338 0.005415 0.337287 -0.000954 0.196388 -0.071886 0.116930 0.154879 0.031490 -0.309240 -0.317338 -0.552479 0.169708 0.173014 0.112770 -0.099041 0.307698 0.284414 0.072664 0.252357 0.336375 0.071542 0.069890 0.267812 0.267649 0.218635 0.541135 0.353286 0.181692 -0.148443 0.178190 -0.077490 0.274569 -0.071204 0.082322 0.641308 -0.262054 0.533787 0.109784 0.070722 -0.120066 0.049144 -0.007630 0.196184 0.046945 0.393634 -0.024424 0.028544 -0.011122 0.010472 -0.094690 0.132871 0.038876 -0.176954 -0.022358 0.203401 -0.089144 0.298596 0.171252 0.009747
0.221974 0.351033 0.279946 -0.125398 -0.073729 -0.059711 0.407942 -0.243101 0.085420 -0.261048 0.212988 0.091176 0.037354 -0.016862 0.345464 0.147706 0.126317 0.248015 0.693425 1.000000 -0.181268 -0.117649 0.209243 0.116233 -0.176086 -0.309564 -0.091722 -0.127371 0.471013 0.155539 -0.007409 -0.112389 0.029727 -0.068949 -0.190649 -0.343346 -0.030934 -0.166979 -0.217537 -0.424738 0.159690 -0.024211 -0.452207 -0.466376 -0.560687 -0.484139 -0.323989 -0.402881 -0.119322 -0.388953 -0.202506 0.064381 0.240809 0.351584 -0.468934 -0.282400 0.028698 0.103194 0.138251 0.100765 0.218029 0.132319 0.198564 0.279187 -0.110095 -0.376637 -0.216420 -0.478243 0.211396 0.449786 -0.179672 -0.121107 0.148156 0.205648 -0.139546 0.146583 0.092446 -0.080332 0.085538 0.191316 0.283679 0.207946 0.452553 0.443946 -0.056607 -0.171021 0.091646 0.012966 0.100790 -0.061938 0.250178 0.485218 -0.031797 0.383846 0.342063 -0.083401 -0.208494 0.057623 -0.092314 0.115659 0.165916 0.332860 0.072674 0.063815 0.173983 0.224161 -0.101627 0.230225 -0.097398 -0.160026 0.026114 0.137791 0.070204 0.191045 0.131480 -0.028684
-0.145523 -0.223685 -0.309270 0.100275 0.377150 0.123958 -0.151640 -0.055811 -0.166401 -0.104028 -0.215769 -0.115397 -0.113449 -0.032240 -0.045920 -0.047958 0.101031 -0.085973 -0.247675 -0.181268 1.000000 0.379885 0.118750 0.186026 0.159979 0.222741 0.583547 0.516356 -0.211636 -0.083375 -0.033717 0.178410 -0.032879 -0.089709 -0.005212 0.137932 -0.004088 0.099695 -0.039037 0.156622 -0.143896 0.278969 0.066968 0.086743 0.151039 0.152408 -0.029354 0.050648 -0.276195 -0.056306 -0.161757 -0.319342 -0.370629 -0.395851 0.156274 0.087791 0.010626 0.022570 -0.237743 -0.001650 -0.156748 -0.023798 -0.022451 -0.107849 -0.032190 0.068995 -0.050561 0.146886 -0.131067 0.063954 -0.025366 0.161719 -0.200410 -0.068372 -0.015944 0.021426 -0.301450 -0.122661 0.072535 0.147953 -0.101467 -0.176649 0.031551 -0.049807 0.048726 -0.008113 0.312372 0.349484 0.008528 0.109977 -0.249055 -0.224599 0.010664 0.013064 0.228246 0.124151 0.160102 0.126012 -0.163473 0.073296 -0.026243 -0.070751 0.056050 0.048699 0.041487 0.103531 0.111225 -0.126400 0.122931 0.170771 0.246020 0.005742 -0.057298 -0.160683 0.119775 0.177833
-0.279585 -0.032556 -0.208090 0.270355 0.470913 0.377520 -0.255152 0.124719 0.250464 0.293180 -0.058833 -0.188633 -0.124775 -0.056383 0.012443 0.081797 -0.006613 -0.335297 -0.298283 -0.117649 0.379885 1.000000 0.140587 0.325851 0.309000 0.363579 0.391050 0.356394 -0.304083 -0.085226 0.144133 0.489761 -0.024953 0.218246 0.026229 0.293861 -0.072941 0.029253 -0.115067 0.210177 -0.034752 0.122869 0.011286 0.066525 0.138213 0.244501 0.025590 0.070408 -0.350836 0.020499 -0.288115 -0.301178 -0.312009 -0.276681 -0.009060 0.022388 -0.066603 -0.009720 -0.391432 -0.292721 -0.080152 0.034159 -0.069401 -0.069736 0.084422 0.249687 -0.059674 0.164281 -0.043497 -0.154024 -0.115506 -0.011813 -0.127522 -0.182095 -0.050128 0.063052 -0.020983 -0.038071 -0.057257 -0.064428 -0.150241 -0.072645 -0.055044 0.082033 0.006339 0.041590 0.139678 0.103316 -0.140772 -0.032108 -0.187747 -0.298633 0.133053 -0.149322 0.032194 0.273220 0.134828 0.074178 -0.114025 0.037405 -0.168577 -0.216407 0.030294 -0.275796 -0.193430 -0.056691 -0.025147 -0.007422 0.019846 0.431981 0.215044 0.205385 0.129987 -0.134458 0.187700 0.111382
-0.017288 0.031119 0.174839 0.093423 0.171567 -0.074783 0.135279 -0.221548 0.054351 -0.304028 0.076662 -0.245080 -0.231951 -0.418532 0.453113 -0.129407 -0.165811 -0.132530 0.397671 0.209243 0.118750 0.140587 1.000000 0.569376 0.473237 0.256061 0.202572 0.380574 -0.053727 -0.231161 0.699299 0.515819 -0.259947 0.176884 0.274005 0.109119 0.007264 -0.017263 -0.273914 0.004238 -0.116897 0.158190 -0.140903 -0.164818 -0.321684 -0.125649 -0.285580 -0.203500 -0.389357 -0.307196 -0.213073 -0.185556 -0.167013 0.026134 -0.268572 -0.123858 -0.282331 0.092581 -0.115895 -0.340086 -0.312837 -0.403189 -0.407885 -0.320680 0.158226 0.004427 -0.288331 -0.159715 0.038314 -0.064854 0.148385 -0.014279 -0.014382 0.113205 0.251977 0.336518 0.284058 0.122786 -0.140658 0.158945 -0.092454 -0.087636 0.402170 0.264774 0.357278 0.117147 0.393518 0.122507 0.376025 -0.103306 -0.060373 0.261792 0.001026 0.332091 0.205410 0.136223 0.111021 0.193512 -0.030049 0.283185 -0.159618 -0.001106 0.061832 -0.112568 -0.027146 -0.026201 -0.098861 -0.134842 -0.041723 0.149803 0.118857 0.246211 0.096683 0.278406 0.091703 -0.016134
-0.380413 -0.232284 -0.036141 0.601210 0.316854 0.451990 -0.020667 0.316849 0.266746 0.167485 0.016692 0.098690 -0.104924 -0.170497 0.230649 0.034796 -0.331065 -0.415868 -0.020515 0.116233 0.186026 0.325851 0.569376 1.000000 0.404801 0.523852 0.319525 0.503589 -0.237506 -0.385061 0.399738 0.743893 -0.354595 0.246333 0.493916 0.513710 -0.228556 0.025082 -0.200805 0.056242 -0.037907 0.122140 -0.366200 -0.272720 -0.310116 -0.077406 -0.423336 -0.313241 -0.583219 -0.332509 -0.352671 -0.463446 -0.318673 -0.172253 -0.251390 -0.199049 -0.549806 -0.247316 -0.324267 -0.057393 -0.299039 0.008859 -0.258837 -0.055451 0.335085 0.289067 -0.044438 0.327670 -0.221717 0.015841 0.052022 0.120430 -0.401293 -0.162786 0.032021 0.241053 -0.117419 0.033688 -0.270323 -0.187951 -0.277354 -0.262684 0.236850 0.418325 0.177844 0.366275 0.229388 0.269846 0.206111 0.098615 0.268258 0.039333 0.571524 0.223895 0.322728 0.058563 -0.098211 -0.032946 -0.276344 -0.041871 -0.071335 -0.182652 0.119745 -0.199935 0.001876 0.024961 -0.194850 -0.006612 -0.199473 0.167850 -0.037408 0.090819 0.034200 0.146404 0.014506 0.195426
-0.301834 -0.353477 0.230309 0.235191 0.139733 0.233785 -0.207522 0.092682 0.171018 0.068442 -0.243123 -0.335853 -0.226756 -0.364716 0.072841 -0.157573 -0.424254 -0.420748 -0.072961 -0.176086 0.159979 0.309000 0.473237 0.404801 1.000000 0.749885 0.127153 0.355038 -0.488599 -0.325846 0.582739 0.496655 -0.231186 0.106766 0.368888 0.579800 -0.239115 -0.222532 -0.382203 0.147548 -0.313206 -0.049149 0.147208 0.152520 0.069944 0.248855 -0.013508 0.201075 -0.257196 -0.081722 0.067030 -0.059652 -0.307239 -0.137222 -0.081739 -0.083911 -0.240278 -0.181156 -0.143283 -0.144960 -0.248924 -0.152584 -0.379766 -0.372207 0.243197 0.280490 0.146792 0.287880 -0.183721 -0.130705 0.100487 0.130364 -0.340355 -0.183142 -0.126670 -0.040010 -0.117527 -0.160093 -0.313612 -0.207889 -0.379809 -0.422419 -0.087953 -0.113867 0.137140 -0.094820 -0.137981 -0.089222 0.089099 -0.103969 -0.057053 0.003546 0.110802 -0.018646 0.180520 -0.073664 0.207393 0.253320 -0.068722 0.007807 -0.309750 -0.070870 0.100793 -0.121603 -0.132164 0.078468 0.005527 -0.061351 0.162316 0.295884 0.244964 0.062665 0.054577 0.138891 0.171918 0.007393
-0.401045 -0.317206 -0.002254 0.422021 0.169728 0.447543 -0.335650 0.332828 0.067244 0.225028 -0.373652 -0.257834 -0.294482 -0.276929 -0.085243 -0.030184 -0.536993 -0.419913 -0.336677 -0.309564 0.222741 0.363579 0.256061 0.523852 0.749885 1.000000 0.205281 0.447135 -0.521026 -0.225421 0.305074 0.539067 -0.154341 0.242791 0.382635 0.689415 -0.355925 -0.128466 -0.245735 0.210346 -0.167920 -0.031274 0.109720 0.196103 0.258196 0.410978 0.055926 0.195550 -0.268058 -0.016375 0.027344 -0.133329 -0.326046 -0.096949 -0.069616 0.015164 -0.317843 -0.190126 -0.273829 -0.110183 -0.357113 -0.062702 -0.314055 -0.234135 0.118086 0.222503 0.142920 0.456043 -0.216411 -0.197681 -0.046576 0.144365 -0.409836 -0.280287 -0.168063 -0.114774 -0.263947 -0.172437 -0.217874 -0.248104 -0.419954 -0.267144 -0.236992 0.038682 -0.001499 0.097607 -0.188859 0.199464 -0.143449 -0.019539 0.237845 -0.180233 0.281168 -0.158670 -0.008937 0.014324 0.004633 -0.026616 -0.120556 -0.150442 -0.181813 -0.215698 0.051497 -0.277608 -0.127597 0.076034 -0.055543 -0.175393 0.063070 0.124941 0.100562 0.034723 0.064077 -0.039568 0.064258 0.114049
-0.101466 -0.022867 -0.290829 0.243294 0.561479 0.244534 -0.284406 0.027465 -0.120720 -0.064863 -0.053959 -0.338380 -0.121148 -0.130102 0.159858 -0.013268 0.135719 -0.064053 -0.247258 -0.091722 0.583547 0.391050 0.202572 0.319525 0.127153 0.205281 1.000000 0.669949 -0.184836 -0.047950 -0.123091 0.221506 -0.233963 -0.081923 -0.089406 0.082541 0.024018 0.169294 0.135174 0.167064 -0.234529 0.340127 0.021163 0.077085 0.064063 0.197560 -0.036396 0.073004 -0.306676 -0.015197 -0.129173 -0.141709 -0.431910 -0.106982 0.043606 0.176075 -0.002881 0.169157 -0.349170 -0.210110 -0.359509 -0.269102 -0.114498 -0.154331 -0.091471 0.047710 -0.197984 0.057048 -0.010582 0.193325 -0.244071 -0.014744 -0.224638 0.004285 0.058332 -0.079415 -0.391083 -0.262095 0.166020 0.029072 0.121486 0.039773 0.149993 0.081302 0.025484 0.042474 0.446609 0.506992 -0.202853 -0.083583 -0.233664 -0.421449 -0.047267 -0.272953 0.448783 0.178981 0.299759 0.227926 -0.178383 0.017999 -0.209590 -0.244895 -0.055134 -0.140598 0.121156 0.182384 0.221814 -0.096917 -0.051025 0.192601 0.183216 0.093607 -0.227214 -0.132238 0.227018 -0.067821
-0.250702 -0.089474 -0.263930 0.288776 0.477423 0.411548 -0.301675 0.139236 0.061183 0.133530 -0.051447 -0.329627 -0.222412 -0.373198 0.116864 -0.121907 -0.288765 -0.275514 -0.254276 -0.127371 0.516356 0.356394 0.380574 0.503589 0.355038 0.447135 0.669949 1.000000 -0.354405 -0.358289 0.153278 0.390465 -0.042869 0.186736 0.190829 0.319479 -0.126272 0.004668 -0.273005 0.153595 -0.403975 0.329163 -0.024521 0.026439 0.054682 0.203552 -0.091993 0.058417 -0.472451 -0.005693 -0.220507 -0.257966 -0.442149 -0.183794 -0.150096 0.087463 -0.129669 0.205253 -0.410851 -0.243189 -0.463004 -0.230319 -0.417737 -0.307851 0.033703 0.184086 -0.151425 0.187254 -0.003884 0.130513 -0.257596 -0.035485 -0.394828 -0.039995 0.023097 0.063481 -0.292072 -0.082763 -0.030245 0.004408 -0.031755 -0.112257 0.205164 0.139264 0.317820 0.201356 0.201197 0.501226 -0.063568 0.052727 -0.042872 -0.309338 0.081615 -0.186865 0.320376 0.012191 0.130633 0.247302 -0.097367 0.199689 -0.327062 -0.284939 0.147457 -0.209802 0.145015 0.057914 -0.018840 -0.169646 -0.061613 0.159361 0.144151 0.032630 -0.013117 0.096977 0.221068 -0.026033
0.401169 0.269260 0.214053 -0.434956 -0.071948 -0.229703 0.470560 -0.245987 0.030740 -0.201102 0.350403 0.179286 0.211991 0.326800 0.450501 0.190319 0.493583 0.570441 0.545016 0.471013 -0.211636 -0.304083 -0.053727 -0.237506 -0.488599 -0.521026 -0.184836 -0.354405 1.000000 0.646173 -0.046009 -0.151385 0.134928 0.057088 -0.333198 -0.362806 0.321168 0.181461 0.030402 -0.277352 0.299512 0.011822 -0.377001 -0.425587 -0.392469 -0.481091 -0.262324 -0.435033 0.033089 -0.357831 -0.217215 -0.018227 0.388022 0.314022 -0.094083 -0.264974 0.023007 -0.057880 0.148071 -0.054617 0.353258 0.147012 0.536481 0.452052 -0.195452 -0.362136 -0.199201 -0.516468 0.204439 -0.042187 0.188685 -0.018027 0.639615 0.264615 0.150061 0.223627 0.382926 0.328934 0.254269 0.175005 0.444625 0.389349 0.420406 0.425894 -0.109177 -0.172395 0.258949 -0.072360 0.066975 -0.009748 -0.010934 0.248902 -0.207374 0.286001 -0.091162 0.038700 -0.157737 -0.304736 -0.048060 0.070431 0.249010 0.282079 -0.056376 0.002882 -0.000683 -0.149993 -0.015105 -0.011161 0.031724 -0.197890 -0.167841 0.164334 0.059219 0.168406 0.049446 0.116801
0.373568 0.278903 0.013454 -0.289118 -0.073087 -0.244251 0.124638 -0.126814 -0.169371 -0.056774 0.056464 0.049010 0.041014 0.349905 0.196363 0.317646 0.377725 0.684167 0.193101 0.155539 -0.083375 -0.085226 -0.231161 -0.385061 -0.325846 -0.225421 -0.047950 -0.358289 0.646173 1.000000 -0.213817 -0.129296 0.079229 0.056603 -0.446511 -0.340349 0.311813 0.253835 0.304322 -0.061483 0.301194 0.028167 -0.167667 -0.160729 -0.096042 -0.174573 0.021526 -0.144498 0.174332 -0.160383 0.112073 0.245101 0.449700 0.463148 0.124311 0.086917 0.293137 -0.005808 0.090690 -0.153952 0.277358 0.167005 0.462896 0.410790 -0.301206 -0.372706 -0.181610 -0.459990 0.030923 -0.139868 0.055935 -0.063365 0.702015 0.211509 0.019419 0.019513 0.205025 0.031393 0.334814 0.126185 0.354860 0.480043 -0.003533 0.365023 -0.467196 -0.319620 0.138808 -0.072935 -0.193026 0.010197 0.005202 -0.068883 -0.270457 0.005925 -0.274294 0.216389 -0.080088 -0.431677 0.016706 -0.072337 0.293305 0.116528 -0.224879 -0.177168 -0.138620 -0.294790 0.076065 -0.182073 0.043626 -0.066282 -0.325146 0.064903 0.013421 -0.022112 -0.093821 0.169264
-0.113335 -0.176141 0.321135 0.048688 0.128033 -0.019542 0.214276 -0.100203 0.219926 -0.121569 0.047224 -0.026526 -0.115352 -0.187531 0.363296 -0.104925 -0.209529 -0.262702 0.211934 -0.007409 -0.033717 0.144133 0.699299 0.399738 0.582739 0.305074 -0.123091 0.153278 -0.046009 -0.213817 1.000000 0.609318 -0.099492 0.394113 0.319236 0.378566 -0.171766 -0.214307 -0.406723 -0.043202 -0.122450 -0.041178 -0.092934 -0.177266 -0.233532 -0.106675 -0.254338 -0.227309 -0.363732 -0.266634 -0.254887 -0.301684 -0.164310 -0.228511 -0.215225 -0.269684 -0.314261 -0.106029 -0.077106 -0.258575 -0.110224 -0.102364 -0.376125 -0.233693 0.301263 0.298823 0.019194 0.068482 0.018231 -0.173544 0.297518 0.060366 0.006755 -0.040633 0.098956 0.403479 0.333399 0.359158 -0.259797 0.133434 -0.284600 -0.353441 0.267569 0.134315 0.398911 0.085519 0.170898 -0.248168 0.506591 -0.052961 -0.136217 0.192248 0.165864 0.270530 -0.000425 -0.067558 0.107733 0.101795 -0.000086 0.179556 -0.189411 0.116273 0.185196 -0.106563 -0.111385 -0.108724 -0.089522 -0.106754 0.117793 0.159794 0.122999 0.140584 0.220784 0.312992 -0.031832 0.054468
-0.377278 -0.272971 -0.046565 0.499667 0.346268 0.364385 -0.114333 0.238360 0.317808 0.242284 -0.071853 0.068194 -0.226938 -0.022329 0.279451 0.168867 -0.260932 -0.369592 -0.113456 -0.112389 0.178410 0.489761 0.515819 0.743893 0.496655 0.539067 0.221506 0.390465 -0.151385 -0.129296 0.609318 1.000000 -0.254827 0.477468 0.480949 0.598224 -0.164806 0.039288 -0.230598 0.187210 0.022402 0.056793 -0.312244 -0.295926 -0.175278 -0.058424 -0.387117 -0.324372 -0.613317 -0.351971 -0.299296 -0.515749 -0.349284 -0.238708 -0.130463 -0.150810 -0.446078 -0.249140 -0.304457 -0.296112 -0.219268 0.087076 -0.289906 -0.077916 0.445709 0.425427 -0.016425 0.322298 -0.257504 -0.231665 0.174470 0.109037 -0.129179 -0.085855 0.055676 0.361014 0.108682 0.206003 -0.153658 -0.126710 -0.304116 -0.246735 0.178595 0.393888 0.235409 0.280994 0.172347 0.052449 0.327769 0.138335 -0.034241 -0.139197 0.411537 0.083192 0.075250 0.096654 0.008468 -0.116345 -0.226980 -0.053606 -0.146797 -0.227097 0.048237 -0.282433 -0.174223 -0.134804 -0.201804 -0.119834 -0.165852 0.291454 -0.060131 0.068712 0.017526 0.154644 0.001288 0.293360
0.005681 0.104899 0.193110 -0.332996 0.002222 -0.055988 0.107534 -0.098845 0.093212 -0.003339 0.115591 -0.030556 0.104799 0.146963 -0.095914 -0.162552 0.079570 0.097981 -0.064318 0.029727 -0.032879 -0.024953 -0.259947 -0.354595 -0.231186 -0.154341 -0.233963 -0.042869 0.134928 0.079229 -0.099492 -0.254827 1.000000 0.278635 -0.132421 -0.077626 0.140292 -0.217369 0.031005 -0.013310 0.133932 -0.038481 -0.015436 -0.049137 0.114881 0.020336 0.004130 -0.028318 -0.035886 0.123021 -0.100851 -0.134380 0.031851 -0.147644 -0.071984 -0.100029 0.233758 0.187013 0.065826 0.076929 0.146767 0.087730 0.111008 0.055447 -0.113718 -0.133025 0.178166 -0.018458 0.267319 0.076615 -0.028143 0.013670 0.206550 0.119146 0.148891 -0.085861 0.186730 0.203733 0.119383 0.344421 0.021131 0.070661 -0.115645 -0.013051 0.041499 -0.001374 -0.282010 -0.091070 -0.118524 -0.054506 0.045335 -0.017651 -0.179952 -0.083480 -0.048481 -0.110508 -0.098959 -0.028091 0.016719 -0.029819 -0.021308 0.015770 -0.202828 0.127739 0.165711 0.010144 -0.273980 0.005403 0.024776 -0.107428 0.051537 -0.076189 0.151962 -0.211553 0.092900 0.030276
-0.204568 -0.025723 -0.069251 0.133101 0.118043 0.220566 0.056734 0.157469 0.181522 0.254735 0.086765 0.159055 -0.024669 0.089003 0.205266 0.051178 -0.180925 -0.083912 -0.053134 -0.068949 -0.089709 0.218246 0.176884 0.246333 0.106766 0.242791 -0.081923 0.186736 0.057088 0.056603 0.394113 0.477468 0.278635 1.000000 0.263393 0.345017 -0.069675 -0.219328 -0.170560 -0.011832 0.184767 -0.173416 -0.256539 -0.297556 -0.159355 -0.152881 -0.314714 -0.301600 -0.474732 -0.244576 -0.325207 -0.431198 -0.172654 -0.114087 -0.273169 -0.177864 -0.150635 -0.041929 -0.186368 -0.199648 -0.126316 0.106641 -0.271611 0.074270 0.224285 0.238093 0.006457 0.262093 0.098537 -0.005377 -0.137438 -0.166080 0.056110 -0.109459 -0.027992 0.184666 0.203818 0.217392 -0.069985 0.130877 0.023513 0.134025 0.127703 0.348838 0.389163 0.392788 -0.071027 0.111953 0.259049 0.064271 0.104811 -0.122098 0.264815 0.048662 -0.102669 0.026083 -0.202931 -0.187065 -0.220170 -0.030248 -0.199453 -0.198595 -0.081872 -0.245538 -0.050606 -0.098279 -0.414567 -0.009625 -0.007858 -0.010189 -0.180301 -0.004203 0.075716 -0.080608 -0.164615 0.054749
-0.557056 -0.384323 -0.076452 0.404506 -0.090402 0.221584 -0.218221 0.283343 0.173561 0.269463 -0.142847 -0.033697 -0.234069 -0.177678 -0.055181 -0.119151 -0.428123 -0.392419 -0.156750 -0.190649 -0.005212 0.026229 0.274005 0.493916 0.368888 0.382635 -0.089406 0.190829 -0.333198 -0.446511 0.319236 0.480949 -0.132421 0.263393 1.000000 0.638972 -0.224456 -0.090967 -0.224171 0.049275 -0.185462 -0.124219 -0.035679 -0.094767 0.056330 0.147085 -0.210349 -0.093837 -0.376848 -0.065097 -0.032379 -0.350268 -0.337781 -0.320471 -0.100199 -0.181543 -0.437348 -0.211263 -0.190710 -0.135328 -0.305191 0.016687 -0.365528 -0.263747 0.573480 0.445543 0.182368 0.510225 -0.346990 -0.163387 0.214330 0.332969 -0.383507 -0.168121 -0.129734 -0.038432 -0.135729 0.047326 -0.298622 -0.242156 -0.342389 -0.238188 -0.036150 -0.073967 0.400751 0.433439 -0.159782 0.011661 0.360030 0.037072 0.166639 0.006871 0.481308 0.125265 0.068961 -0.209823 -0.185515 0.058992 -0.131283 -0.103023 -0.142407 -0.195377 0.068754 -0.073378 -0.114073 -0.013693 -0.021491 -0.091417 -0.083710 0.039891 -0.059526 -0.068759 -0.105325 0.088857 -0.083391 0.146710
-0.588027 -0.540549 0.027938 0.424533 0.096949 0.457861 -0.283111 0.488324 0.184710 0.351288 -0.260496 -0.035501 -0.076977 0.005831 -0.131030 -0.200597 -0.399854 -0.557157 -0.364281 -0.343346 0.137932 0.293861 0.109119 0.513710 0.579800 0.689415 0.082541 0.319479 -0.362806 -0.340349 0.378566 0.598224 -0.077626 0.345017 0.638972 1.000000 -0.318140 -0.076996 -0.295984 0.176813 -0.196341 -0.163695 -0.083064 -0.065798 0.142635 0.236031 -0.216324 -0.047987 -0.502446 -0.127063 -0.208089 -0.521835 -0.444112 -0.420903 -0.035777 -0.224336 -0.422734 -0.314177 -0.271747 -0.014577 -0.190952 0.200240 -0.209573 -0.138893 0.407941 0.584587 0.383381 0.707558 -0.352884 -0.158466 0.090891 0.262212 -0.434138 -0.337256 -0.171140 -0.089140 -0.264510 0.032484 -0.220154 -0.315097 -0.368600 -0.353339 -0.149386 -0.070297 0.193930 0.281310 -0.182290 0.065424 0.138321 0.029462 0.153861 -0.229416 0.487392 -0.074754 0.109453 -0.152037 -0.038872 0.024911 -0.228352 -0.236696 -0.268468 -0.279151 0.111951 -0.125271 -0.004651 0.099968 0.027732 -0.054124 0.059012 0.055882 0.088800 -0.075146 0.062108 -0.100902 0.071628 0.187941
