1.000000 0.491572 0.041395 -0.061602 -0.113823 -0.137547 0.127381 -0.347797 -0.035939 -0.227866 0.053587 0.083441 -0.070419 -0.141428 0.046252 -0.035241 0.232166 0.201023 0.524705 0.154272 -0.116415 -0.207977 -0.052850 -0.194198 0.000233 -0.201345 0.069894 -0.044061 -0.001056 0.013550 -0.122061 -0.478733 0.253588 -0.035763 -0.156778 -0.341132 0.378215 0.237622 -0.135737 -0.198989 0.115662 0.377752 0.117891 -0.161647 -0.140192 -0.400228 -0.117213 -0.183552 0.063899 -0.166600 0.137922 0.244366 0.194860 0.289672 -0.248069 -0.270935 0.484554 0.488979 0.132036 0.007873 0.165354 0.138739 0.214518 0.241543 -0.073161 -0.127381 -0.175516 -0.410059 0.287016 -0.069153 -0.079971 -0.313821 0.071253 0.403381 0.496152 0.308840 0.465802 0.200534 0.427014 0.220718 0.331486 0.301447 -0.182555 -0.059561 0.058541 -0.134056 0.104188 -0.100174 -0.027631 -0.010737 -0.249211 -0.239600 -0.137352 -0.246961 -0.135952 -0.389601 -0.226608 0.189404 0.014567 0.339349 -0.198573 0.032455 -0.089380 -0.040685 -0.049824 -0.183064 -0.018479 -0.008603 0.083384 -0.016642 -0.331154 0.038372 -0.110805 0.156592 -0.024205 -0.062943
0.491572 1.000000 -0.082873 -0.265126 0.139536 0.194565 -0.017822 0.069129 -0.141610 0.230258 0.076964 0.413812 -0.089464 0.201194 -0.027084 0.102412 0.343093 0.525884 0.069012 0.315288 -0.097279 -0.229143 -0.383705 -0.306421 -0.290787 -0.261526 -0.290325 -0.271401 -0.086035 0.347833 -0.395971 -0.378198 0.305254 0.057740 -0.247640 -0.215757 0.351137 0.196382 -0.212119 -0.266498 -0.051003 0.232330 -0.242314 -0.297827 -0.105023 -0.297905 -0.202279 -0.382292 -0.041353 -0.020083 -0.052302 0.212205 0.180013 0.055348 -0.083514 -0.295846 0.622960 0.522190 0.100496 0.208552 0.283268 0.559091 0.295108 0.498214 -0.088598 0.133918 -0.287856 -0.464396 0.189544 0.170196 -0.127053 -0.212173 0.148167 0.363819 0.223702 0.370524 0.138537 0.150774 0.205881 0.167908 0.449667 0.389482 -0.206576 -0.127038 -0.236803 -0.331131 -0.002050 -0.316006 -0.015781 -0.070652 -0.067337 -0.257059 -0.002424 -0.172369 0.019725 -0.208674 -0.316267 0.156489 0.025139 0.120034 0.026344 -0.078901 0.095802 -0.033474 0.056620 -0.012384 0.043229 -0.069942 -0.060782 -0.051261 -0.462620 0.143636 -0.009596 -0.083889 0.011764 -0.063459
0.041395 -0.082873 1.000000 -0.021766 0.307843 -0.129357 0.616494 0.103889 0.250410 -0.109235 0.230320 -0.124884 0.232281 -0.173484 0.004905 -0.464755 0.158912 0.025210 0.045730 -0.170680 -0.102744 -0.215988 -0.018564 -0.246565 0.053334 -0.059859 0.266665 -0.022404 -0.020145 -0.072118 0.142100 -0.204245 0.101534 -0.046442 0.370654 0.057377 -0.221184 -0.061258 -0.127941 -0.095821 -0.004988 -0.080208 0.040410 -0.032850 0.041656 -0.068804 -0.173594 -0.098243 -0.049578 -0.072639 0.063481 -0.293715 -0.094018 -0.302658 -0.217490 -0.354240 -0.165033 -0.124879 0.318063 0.215524 0.402481 0.137766 0.084377 0.052030 0.231916 0.102703 0.447742 0.205849 -0.328443 -0.166140 0.107588 -0.089860 0.089562 0.082534 0.067847 0.011066 -0.104980 -0.118516 -0.208767 -0.135127 -0.005737 -0.103434 -0.334544 -0.323462 0.014042 -0.107962 -0.089057 -0.209578 0.090301 -0.002913 -0.120400 0.107794 -0.119022 0.280921 -0.057138 -0.152316 -0.258355 -0.078366 -0.150702 -0.181441 -0.132051 0.336391 -0.083589 0.117943 -0.278467 -0.065854 -0.091641 0.226437 0.125755 -0.157342 -0.117672 -0.145061 -0.063809 -0.127308 -0.073235 -0.013786
-0.061602 -0.265126 -0.021766 1.000000 0.018376 0.069334 0.181930 0.290022 -0.142855 -0.055060 -0.168231 -0.246983 -0.311205 -0.061757 -0.092619 0.076163 -0.462071 -0.570855 0.175344 -0.181709 0.172255 0.113628 0.306971 0.644587 0.223906 0.304777 0.176148 0.303117 -0.158259 -0.347761 0.273968 0.291549 0.167501 0.289380 0.246447 0.329599 -0.377068 -0.066993 -0.095333 -0.058773 -0.047866 -0.048697 0.165671 0.105870 0.117508 0.281953 -0.195489 -0.037772 0.002202 0.090501 0.351852 0.261772 -0.120176 0.233216 -0.201470 -0.018680 -0.236583 -0.179547 -0.220384 -0.298867 -0.503173 -0.287508 -0.422566 -0.340602 0.183685 0.273076 0.034306 0.353693 -0.404306 -0.432884 -0.019230 -0.133808 -0.142331 -0.093216 0.076590 -0.114348 0.039642 0.184065 -0.058052 -0.047959 -0.535546 -0.429987 0.252247 0.074785 0.183175 0.565577 -0.048993 0.314212 -0.251848 0.147792 -0.366538 -0.285718 0.174629 -0.288711 -0.393417 0.268408 -0.117403 -0.062663 -0.296454 -0.323859 -0.410190 -0.320110 -0.172468 -0.343817 -0.046911 -0.194485 0.057966 -0.217235 -0.027723 0.005649 -0.032966 -0.165559 -0.219814 0.210757 -0.051141 0.036825
-0.113823 0.139536 0.307843 0.018376 1.000000 0.351989 0.406331 0.190514 0.567897 0.310677 0.072401 0.036290 0.009276 0.184243 0.037044 -0.126502 0.009285 0.126022 -0.231142 -0.146911 0.053175 0.050999 -0.151870 -0.063920 -0.023912 -0.054923 -0.197087 -0.159788 -0.123941 0.032163 -0.015779 0.082028 0.073997 -0.030387 0.090255 0.345157 -0.078522 -0.180440 -0.027213 -0.029675 -0.254376 -0.263234 -0.208474 -0.166775 0.216412 0.074040 -0.161723 -0.256074 -0.029285 0.182341 -0.149755 -0.147600 -0.157540 -0.108861 -0.191801 -0.224911 -0.054959 -0.247745 0.041791 0.123030 0.205315 0.291193 -0.001784 0.175704 0.335582 0.187756 -0.080302 -0.110315 -0.397926 0.001756 -0.055132 0.180965 -0.063170 -0.076532 -0.146301 0.040525 -0.246182 -0.158494 -0.314961 -0.351203 -0.163397 -0.136498 -0.144854 0.141954 -0.161948 -0.107391 -0.056842 -0.087651 -0.097155 0.054141 0.083839 0.046363 0.290771 0.326955 -0.173377 -0.116857 -0.487567 -0.255047 -0.158890 -0.331451 0.023533 0.025455 -0.012898 0.120583 -0.087995 -0.052024 0.259167 0.040871 0.064391 -0.186205 -0.337370 -0.003099 -0.058020 -0.066906 0.101528 0.039116
-0.137547 0.194565 -0.129357 0.069334 0.351989 1.000000 -0.124599 0.347382 0.003006 0.365443 -0.288845 -0.023189 -0.240091 0.075640 -0.340471 -0.108506 -0.036612 0.116058 -0.123485 0.195813 -0.199241 0.236180 -0.352230 -0.047179 -0.042198 0.190857 -0.233889 0.255203 -0.345074 -0.047270 -0.276552 0.105350 0.075994 0.044662 0.111107 0.155521 0.020628 -0.048971 0.246312 0.137241 -0.228420 -0.127684 -0.313102 -0.267317 0.094850 0.193308 -0.173683 -0.167013 -0.161119 0.211376 -0.184714 -0.082683 0.101916 0.016192 -0.004767 -0.162916 0.138938 -0.032466 0.006720 0.308977 -0.051659 0.232788 0.098015 0.142464 -0.108810 0.271600 -0.071426 0.082686 0.016275 0.359260 -0.249273 0.231383 -0.184937 -0.124015 -0.370508 -0.242415 -0.166431 -0.110745 -0.209213 -0.247986 -0.053246 -0.099579 -0.173509 -0.071740 -0.366485 -0.119845 -0.156155 -0.126869 -0.307249 -0.255367 0.155383 -0.065872 0.134299 -0.069043 0.089242 -0.058324 -0.026365 -0.286705 0.002002 -0.070061 0.117297 0.094359 0.166448 0.253049 0.052226 0.050838 0.248212 -0.108526 -0.083871 -0.013814 0.082249 0.153398 -0.089337 -0.181710 0.014516 0.168818
0.127381 -0.017822 0.616494 0.181930 0.406331 -0.124599 1.000000 0.278778 0.548495 0.137719 0.503114 0.173383 0.421198 0.261606 0.353382 -0.192229 0.004023 -0.226487 -0.108918 -0.387634 0.078733 -0.200725 0.092523 -0.044537 0.057635 -0.123177 0.137398 -0.153776 -0.226896 -0.263748 -0.014790 -0.271373 0.036787 0.012904 0.077019 0.046318 -0.373129 -0.226811 -0.449909 -0.398494 -0.209438 0.035706 -0.019141 -0.030527 -0.006572 -0.092831 -0.222313 -0.200318 -0.117471 -0.175782 0.363660 0.016347 -0.176176 0.007172 -0.467099 -0.253631 -0.104554 -0.084913 0.179682 -0.052203 0.413950 0.179118 -0.214509 -0.096190 0.666860 0.419687 0.139611 0.106828 -0.459032 -0.200286 -0.037678 -0.248791 -0.085125 0.105076 0.197916 0.134526 -0.039420 -0.228948 -0.190433 -0.144510 -0.176375 -0.117686 -0.148407 -0.183137 0.353726 0.084711 0.125166 -0.046943 0.243029 0.184325 -0.196991 0.152056 0.220418 0.252143 -0.440437 -0.242355 -0.463912 -0.112071 -0.299444 -0.141836 -0.299747 0.027437 -0.205610 -0.172915 -0.269573 -0.248785 -0.246159 0.039111 0.005308 -0.431170 -0.377391 -0.182566 -0.212471 0.143119 0.102365 -0.098872
-0.347797 0.069129 0.103889 0.290022 0.190514 0.347382 0.278778 1.000000 0.030203 0.628702 -0.020946 0.335996 -0.148446 0.357235 -0.159824 0.049797 -0.036197 -0.073441 -0.469400 -0.157860 0.116825 0.130642 -0.459608 -0.129481 -0.391909 -0.075061 -0.311194 -0.204185 -0.389747 0.050819 -0.273861 0.020984 0.106671 0.333146 -0.097356 0.194197 -0.388543 -0.240927 -0.309573 -0.165936 -0.294351 -0.075774 -0.179229 -0.166903 0.141690 0.225865 -0.341301 -0.372840 -0.079481 0.212695 0.058280 0.024645 0.026772 -0.102096 -0.218521 -0.189732 -0.052550 -0.125650 0.075902 0.287666 0.105240 0.487586 -0.117068 0.072673 0.229685 0.749514 0.223073 0.274207 -0.186040 0.187299 -0.094060 -0.129364 -0.172414 0.017716 -0.275054 -0.176077 -0.448839 -0.318060 -0.411635 -0.139877 -0.106959 -0.214329 -0.118106 -0.170553 -0.135297 0.133001 -0.079511 -0.147324 -0.056233 0.032436 0.016175 -0.102954 0.370373 -0.012901 -0.238034 0.207306 -0.228284 -0.117337 -0.146749 -0.294616 0.096171 -0.050573 0.240118 -0.142166 0.051203 -0.005413 0.053004 0.043242 -0.099397 -0.337529 -0.204820 -0.109964 -0.010860 -0.044515 0.043600 -0.090436
-0.035939 -0.141610 0.250410 -0.142855 0.567897 0.003006 0.548495 0.030203 1.000000 0.186353 0.439166 0.305149 0.373137 0.322095 0.414815 -0.012540 -0.055136 -0.016121 -0.263898 -0.331953 -0.018699 0.000190 0.069631 -0.041106 -0.010582 -0.102039 -0.152011 -0.236541 0.047606 -0.068923 0.109253 0.053335 -0.082385 -0.104119 -0.250611 -0.002173 -0.150993 -0.291212 -0.255662 -0.138696 -0.107200 -0.001571 0.024811 -0.024846 0.043408 -0.140532 0.061033 -0.086167 -0.145376 -0.087791 -0.112782 -0.137641 -0.212626 0.037403 -0.374534 -0.155562 -0.200075 -0.349370 0.028609 0.027920 0.281717 0.226709 -0.017766 0.112988 0.532253 0.159848 -0.142408 -0.213911 -0.334887 -0.067237 0.087151 0.097261 -0.006288 -0.094800 -0.015293 0.067826 -0.013175 -0.340241 -0.240872 -0.204955 -0.103723 -0.033917 -0.003150 0.201344 0.316449 -0.049305 0.222491 0.110600 0.265979 0.119184 0.024201 0.276401 0.338902 0.401286 -0.280398 -0.179604 -0.282700 -0.297006 -0.117535 -0.122706 -0.040167 0.099637 -0.004788 0.069543 -0.241687 -0.192800 -0.044654 0.172705 0.081945 -0.350822 -0.347860 -0.093513 0.006639 -0.028736 0.096335 -0.183693
-0.227866 0.230258 -0.109235 -0.055060 0.310677 0.365443 0.137719 0.628702 0.186353 1.000000 0.025235 0.549896 -0.007963 0.634232 0.116416 0.422204 -0.035569 0.182111 -0.485832 0.127747 0.118950 0.029915 -0.546979 -0.189338 -0.569741 -0.310767 -0.556450 -0.456440 -0.261159 0.231977 -0.435495 -0.095138 0.123760 0.160026 -0.312717 0.054902 -0.188122 -0.179669 -0.301426 -0.250149 -0.235392 -0.113787 -0.446291 -0.432974 0.075830 0.019525 -0.344163 -0.422348 -0.079677 0.101365 -0.130159 -0.052743 -0.084183 -0.122320 -0.203300 -0.317430 0.051801 -0.075099 0.134339 0.341288 0.341917 0.648086 0.084051 0.307568 0.335815 0.564738 0.010647 -0.057841 -0.095889 0.472130 -0.331419 -0.028041 -0.176091 0.012162 -0.295740 -0.030855 -0.488907 -0.328400 -0.364771 -0.112083 0.029155 0.002440 -0.071271 0.041072 -0.250964 -0.085678 -0.159146 -0.321880 0.035096 -0.171017 0.383444 0.132422 0.453470 0.177402 -0.171384 -0.054678 -0.420880 -0.137491 -0.104039 -0.241187 0.216752 -0.051024 0.355203 -0.020118 0.209037 0.110638 0.100505 0.173359 -0.178923 -0.243871 -0.268741 0.049486 0.040043 -0.007544 0.031110 0.003311
0.053587 0.076964 0.230320 -0.168231 0.072401 -0.288845 0.503114 -0.020946 0.439166 0.025235 1.000000 0.418611 0.783399 0.469527 0.626978 0.194253 0.081349 -0.108884 -0.314280 -0.212410 -0.196840 -0.332286 0.230731 0.016630 0.040413 -0.166539 0.068672 -0.267461 0.016599 -0.296752 -0.086635 -0.285473 -0.059955 -0.108800 -0.272368 -0.179441 -0.079573 -0.262473 -0.421234 -0.393861 0.111216 -0.001653 0.127937 0.070982 -0.165792 -0.250866 0.045697 -0.005257 -0.068958 -0.381485 0.364080 0.050722 -0.203793 -0.001895 -0.219574 -0.022443 0.098822 0.009283 0.089325 -0.164607 0.435973 0.109187 -0.146782 -0.027971 0.541054 0.083946 -0.045306 -0.014867 -0.281546 -0.074721 -0.062525 -0.294580 -0.087764 -0.145867 0.096966 0.260004 -0.046431 -0.293330 0.037331 0.009657 0.106397 0.197173 0.126745 -0.177989 0.561104 0.019468 0.254809 -0.052338 0.468776 0.081976 -0.076063 0.261815 0.132078 0.260128 -0.254859 -0.141965 -0.259011 -0.067500 -0.297883 -0.147092 -0.159498 -0.109334 -0.209328 -0.287662 -0.333320 -0.184833 -0.381448 -0.013996 -0.161092 -0.321061 -0.288847 -0.086316 0.010613 -0.166037 -0.099609 -0.335082
0.083441 0.413812 -0.124884 -0.246983 0.036290 -0.023189 0.173383 0.335996 0.305149 0.549896 0.418611 1.000000 0.335856 0.755637 0.298746 0.423250 0.221569 0.296901 -0.372457 0.011858 -0.068635 -0.271620 -0.387200 -0.237227 -0.512282 -0.385081 -0.414629 -0.506266 0.073361 0.298044 -0.276353 -0.214149 0.052082 0.075674 -0.613140 -0.356653 0.082075 -0.009038 -0.466563 -0.336004 -0.064915 0.179246 -0.283878 -0.306229 -0.142744 -0.300384 -0.157020 -0.298547 -0.033621 -0.189586 -0.157249 0.117605 -0.035028 0.033148 -0.192426 -0.105139 0.200158 0.091454 0.100290 0.238567 0.436650 0.659626 0.166282 0.410279 0.272421 0.372801 -0.168526 -0.362399 0.060486 0.263955 -0.062644 -0.093722 0.125242 0.153224 0.147580 0.286139 -0.075954 -0.233086 -0.115810 0.213935 0.367911 0.264205 -0.032570 0.010068 0.100814 -0.061471 0.079836 -0.154535 0.227412 0.097813 0.034922 -0.117805 0.231364 0.018104 -0.110328 -0.038869 -0.246559 -0.062200 -0.215749 -0.049423 0.074857 -0.089007 0.144436 -0.219871 -0.063623 -0.217321 -0.062208 -0.057393 -0.087693 -0.215655 -0.553364 -0.032770 0.004870 -0.141878 -0.086589 -0.057453
-0.070419 -0.089464 0.232281 -0.311205 0.009276 -0.240091 0.421198 -0.148446 0.373137 -0.007963 0.783399 0.335856 1.000000 0.426967 0.658242 0.216589 0.173886 -0.057446 -0.255630 -0.127224 -0.181364 -0.259171 0.202896 -0.037968 0.144484 -0.014578 0.136770 -0.169306 0.189999 -0.162454 0.034776 -0.165373 -0.169428 -0.137436 -0.131771 -0.213445 -0.084444 -0.192972 -0.241171 -0.255911 0.042054 0.050387 -0.024811 -0.016421 -0.316355 -0.304725 0.025588 0.020122 -0.041036 -0.427169 0.196107 -0.035410 -0.143942 -0.079648 -0.074905 0.081727 -0.019132 -0.035397 0.079878 -0.100514 0.473632 -0.015647 -0.053891 -0.062317 0.299890 -0.075083 -0.012720 -0.028368 -0.119256 -0.024314 -0.155702 -0.061789 -0.004575 -0.072313 0.063206 0.084997 -0.023808 -0.279028 0.013523 0.013244 0.147330 0.217939 0.092497 -0.094672 0.453188 0.065640 0.168306 -0.089067 0.385717 0.164837 0.077083 0.387805 -0.024409 0.384928 -0.121865 -0.156158 -0.101306 -0.076978 -0.238981 0.091050 -0.060859 0.100109 -0.101137 -0.177543 -0.241615 -0.214889 -0.478069 -0.012880 -0.158480 -0.234712 -0.050004 -0.134708 -0.003278 -0.152170 0.000701 -0.231170
-0.141428 0.201194 -0.173484 -0.061757 0.184243 0.075640 0.261606 0.357235 0.322095 0.634232 0.469527 0.755637 0.426967 1.000000 0.430701 0.565548 -0.056737 -0.035673 -0.598821 -0.127345 -0.031047 -0.174622 -0.154856 0.048682 -0.211614 -0.113193 -0.240807 -0.291424 -0.124627 -0.037826 -0.219819 -0.101328 -0.120934 0.027660 -0.359559 -0.063658 -0.081661 -0.199051 -0.368529 -0.273367 -0.113270 0.012289 -0.322508 -0.225088 -0.092021 -0.082751 -0.200175 -0.228000 -0.127847 -0.159282 0.117320 0.155814 -0.247314 -0.001408 -0.184144 0.010466 0.042511 -0.088149 -0.015986 -0.022173 0.296410 0.452038 -0.228973 0.027551 0.472427 0.523741 -0.160619 -0.069392 -0.239359 0.153985 -0.248446 -0.072862 -0.116430 -0.025022 -0.020687 0.113983 -0.188696 -0.254463 -0.191049 0.051153 0.000202 0.119959 0.028986 0.039711 0.167824 0.155272 0.091047 -0.136117 0.220628 0.060357 0.060653 -0.006832 0.372670 0.089256 -0.235471 -0.015004 -0.279932 -0.138346 -0.369662 -0.217616 -0.069669 -0.266151 -0.008343 -0.343531 -0.027936 -0.211673 -0.112028 -0.086446 -0.208585 -0.252939 -0.389858 -0.073080 -0.061906 -0.097563 -0.081919 -0.111981
0.046252 -0.027084 0.004905 -0.092619 0.037044 -0.340471 0.353382 -0.159824 0.414815 0.116416 0.626978 0.298746 0.658242 0.430701 1.000000 0.560765 -0.052995 -0.143582 -0.189501 -0.136053 0.032351 -0.212673 0.293162 0.148321 0.056612 -0.028064 -0.053067 -0.254801 0.134523 -0.099693 -0.007229 -0.103718 -0.138354 -0.147851 -0.386834 -0.185552 -0.096559 -0.323138 -0.389688 -0.348037 0.113004 0.245465 0.045545 -0.040125 -0.217623 -0.302710 0.072510 0.023687 -0.022455 -0.319233 0.240514 0.062787 -0.242209 0.163488 -0.207354 -0.061312 -0.079859 -0.023070 0.017655 -0.255605 0.193028 0.004236 -0.184066 -0.075534 0.440796 -0.048365 -0.158772 -0.220280 -0.248731 -0.219201 -0.237783 -0.172989 -0.051238 0.064056 0.178960 0.176339 -0.051704 -0.257583 0.024741 0.062569 0.042114 0.231946 0.489904 0.341770 0.474997 0.146714 0.247785 0.136523 0.455995 0.248422 0.117458 0.417909 0.241244 0.240470 -0.262965 -0.317562 -0.306040 -0.067815 -0.119641 0.088275 -0.036720 -0.072124 0.025910 -0.267028 -0.175638 -0.195585 -0.394749 0.079324 -0.122955 -0.226015 -0.197132 -0.090431 -0.099039 0.119090 0.097719 -0.335529
-0.035241 0.102412 -0.464755 0.076163 -0.126502 -0.108506 -0.192229 0.049797 -0.012540 0.422204 0.194253 0.423250 0.216589 0.565548 0.560765 1.000000 -0.081117 -0.032945 -0.243651 0.105953 0.119833 -0.102094 0.045442 0.265596 -0.130011 0.032162 -0.207518 -0.238290 0.211728 0.143077 -0.006328 0.162694 -0.071111 0.075152 -0.523699 -0.139246 0.048829 -0.144914 -0.208128 -0.181294 0.171552 0.249043 -0.077160 -0.189974 -0.212403 -0.162126 -0.056703 -0.105830 0.118516 -0.170985 0.005411 0.275472 -0.077607 0.192821 -0.083688 0.014522 0.045927 0.002967 -0.187177 -0.193348 -0.065131 0.146636 -0.152412 -0.018094 0.078281 0.068160 -0.325178 -0.276544 0.000514 0.042075 -0.236939 -0.038254 -0.071607 0.134899 0.121774 0.103098 -0.176531 -0.103584 0.083339 0.222682 0.075366 0.248807 0.493129 0.473254 0.156391 0.253460 0.244655 0.086728 0.195986 0.190552 0.157395 0.080191 0.201987 -0.086822 -0.200510 -0.015883 -0.183103 -0.029045 -0.171292 -0.003470 0.034573 -0.321394 0.195996 -0.359213 -0.009304 -0.183828 -0.223248 -0.141951 -0.150472 -0.050444 -0.139958 0.017502 -0.000579 0.087308 -0.082638 -0.301462
0.232166 0.343093 0.158912 -0.462071 0.009285 -0.036612 0.004023 -0.036197 -0.055136 -0.035569 0.081349 0.221569 0.173886 -0.056737 -0.052995 -0.081117 1.000000 0.654001 0.077982 0.210670 -0.132741 -0.208705 -0.394275 -0.569344 -0.214816 -0.187585 -0.204193 -0.278838 0.240166 0.493890 -0.107775 -0.189528 0.175555 0.156514 -0.212729 -0.219545 0.404035 0.235434 -0.147379 -0.151877 0.001971 0.251205 -0.192288 -0.192290 -0.159655 -0.338346 -0.130253 -0.177549 0.071764 -0.168408 -0.423645 -0.083418 0.279055 -0.091498 -0.098377 -0.123356 0.462460 0.440857 0.272083 0.329651 0.473772 0.384668 0.497185 0.469668 -0.237059 -0.150940 -0.018885 -0.338195 0.380450 0.231578 -0.075842 -0.030567 0.443896 0.311001 0.271788 0.225773 0.083916 -0.004248 0.255361 0.261860 0.741369 0.489071 -0.188939 -0.138535 -0.231389 -0.409088 0.125746 -0.309018 -0.122069 0.012850 -0.042533 0.060517 -0.352741 -0.041405 0.201985 -0.237363 -0.171687 0.123822 -0.058158 0.286114 0.212383 0.272130 0.091146 0.121635 -0.108124 -0.118898 -0.031205 0.052500 -0.027149 -0.031226 -0.226509 -0.071335 0.098733 -0.169006 -0.157101 -0.006976
0.201023 0.525884 0.025210 -0.570855 0.126022 0.116058 -0.226487 -0.073441 -0.016121 0.182111 -0.108884 0.296901 -0.057446 -0.035673 -0.143582 -0.032945 0.654001 1.000000 0.104542 0.453946 -0.080975 -0.236774 -0.488584 -0.577140 -0.304783 -0.232202 -0.327415 -0.335997 0.362995 0.717630 -0.113124 -0.083174 0.166414 0.163514 -0.299809 -0.166176 0.397101 0.339588 -0.039207 -0.082592 0.003776 0.101964 -0.268043 -0.376375 -0.160609 -0.419709 -0.163809 -0.359452 -0.137357 -0.119446 -0.566876 -0.259086 0.230406 -0.098130 0.077532 -0.322630 0.341510 0.369383 0.112571 0.492586 0.422289 0.572635 0.721797 0.770203 -0.308610 -0.213794 -0.125174 -0.553925 0.475909 0.327756 -0.053016 0.073490 0.498510 0.371436 0.089862 0.301129 -0.009417 0.065242 0.049234 0.134548 0.713964 0.506133 -0.271098 -0.024875 -0.434492 -0.499927 -0.159434 -0.515775 -0.147083 -0.129425 0.261737 -0.013585 -0.236183 0.033582 0.262666 -0.159650 -0.195128 0.023531 0.215371 0.132897 0.298007 0.246922 0.316606 0.199718 -0.022627 0.043264 0.088093 0.113230 -0.010872 0.099947 -0.138450 0.128139 0.241745 -0.070519 -0.108853 0.191300
0.524705 0.069012 0.045730 0.175344 -0.231142 -0.123485 -0.108918 -0.469400 -0.263898 -0.485832 -0.314280 -0.372457 -0.255630 -0.598821 -0.189501 -0.243651 0.077982 0.104542 1.000000 0.209038 -0.034687 -0.103120 0.190659 0.072675 0.158945 0.052938 0.116234 0.180921 0.236875 0.078995 0.211031 -0.049584 0.270996 0.100605 0.215322 -0.118657 0.148932 0.270735 0.147726 -0.005433 0.084060 0.233344 0.182928 -0.043485 -0.159738 -0.297761 -0.051359 -0.007374 0.093779 -0.190579 0.054276 0.150998 0.266255 0.210633 0.195642 -0.174260 0.096480 0.155195 0.015214 -0.080159 -0.169011 -0.298704 0.250493 0.112178 -0.308676 -0.413704 -0.042699 -0.207284 0.331488 -0.247739 0.098913 0.045059 0.281112 0.231111 0.409566 0.141173 0.493564 0.502826 0.330453 0.152323 0.083492 -0.009287 0.005053 0.099110 -0.099244 -0.076742 -0.097014 0.013430 -0.266386 -0.011910 -0.161748 -0.149257 -0.300005 -0.220899 0.122589 -0.107394 0.104357 0.239744 0.212557 0.229019 -0.194028 0.041059 -0.125201 0.072714 0.040008 -0.093937 0.046442 -0.141520 0.263398 0.297370 -0.013406 -0.065079 -0.036176 0.175565 -0.017645 0.209907
0.154272 0.315288 -0.170680 -0.181709 -0.146911 0.195813 -0.387634 -0.157860 -0.331953 0.127747 -0.212410 0.011858 -0.127224 -0.127345 -0.136053 0.105953 0.210670 0.453946 0.209038 1.000000 -0.196109 -0.122792 -0.188441 -0.062262 -0.117450 -0.127234 -0.172967 -0.128446 0.073104 0.209951 -0.196478 -0.141025 0.263691 0.274324 -0.006311 -0.044924 0.223139 0.206135 0.060818 -0.264477 -0.076631 -0.155557 -0.224312 -0.337863 -0.090394 -0.221721 -0.239074 -0.274257 0.075321 -0.011890 -0.197618 -0.030419 0.135038 -0.130468 0.133510 -0.288388 0.292651 0.270111 0.037480 0.362628 0.081145 0.183583 0.599573 0.570153 -0.280160 -0.215575 0.036288 -0.129452 0.296587 0.461365 -0.273484 -0.195668 -0.005370 0.006348 -0.109654 -0.018478 -0.001208 0.079007 0.093428 0.038432 0.307828 0.249272 0.001609 -0.156507 -0.404028 -0.359238 -0.341087 -0.561428 -0.269248 -0.332871 0.370111 -0.000484 -0.201072 -0.066852 0.068622 -0.078000 -0.132607 0.166423 0.139941 0.178378 0.097762 0.138790 0.247462 0.293653 0.355392 0.327878 0.064864 0.192637 -0.310441 -0.046812 0.035181 0.003711 0.013477 -0.043202 -0.102165 0.225852
-0.116415 -0.097279 -0.102744 0.172255 0.053175 -0.199241 0.078733 0.116825 -0.018699 0.118950 -0.196840 -0.068635 -0.181364 -0.031047 0.032351 0.119833 -0.132741 -0.080975 -0.034687 -0.196109 1.000000 0.181171 0.066956 0.040480 -0.077044 0.031076 -0.104664 -0.098850 0.032843 0.190281 0.062194 0.189111 -0.041240 0.026181 -0.026633 0.242473 -0.180430 0.098586 0.018605 0.038069 0.102522 0.033580 0.039373 0.024608 -0.041355 0.009562 -0.006897 0.014511 -0.020558 0.052013 -0.010142 0.116469 -0.133299 -0.131198 -0.146463 0.128952 -0.001312 0.024161 -0.257778 -0.261864 -0.234643 -0.068296 -0.225416 -0.135514 0.153521 0.083703 -0.096602 0.054486 -0.052758 -0.125727 0.001149 0.000081 -0.009755 0.085152 0.139377 -0.121522 -0.070673 0.155911 -0.051039 -0.001335 -0.125921 -0.067067 0.249896 0.346257 0.047465 0.398015 -0.068421 0.155556 0.021607 0.247097 -0.004902 -0.109540 0.121672 -0.022111 -0.136444 0.153011 0.010564 0.143358 0.094632 -0.075873 -0.029290 -0.259866 -0.039177 -0.270054 -0.004725 0.073217 -0.057520 -0.090906 0.192096 -0.082970 0.040028 0.071136 -0.147813 0.036449 0.007390 -0.133892
-0.207977 -0.229143 -0.215988 0.113628 0.050999 0.236180 -0.200725 0.130642 0.000190 0.029915 -0.332286 -0.271620 -0.259171 -0.174622 -0.212673 -0.102094 -0.208705 -0.236774 -0.103120 -0.122792 0.181171 1.000000 0.066358 0.155532 0.106555 0.240433 -0.060372 0.327240 -0.373874 -0.139833 -0.011166 0.299834 -0.144464 -0.190408 0.159130 -0.003135 -0.139392 -0.087750 0.436446 0.431824 0.009810 -0.073388 -0.051344 0.122448 0.013395 0.210800 0.097302 0.106949 -0.044271 0.166163 -0.025589 -0.134288 -0.008712 -0.186015 0.108566 0.241700 -0.069257 -0.148827 -0.068060 -0.095329 -0.445210 -0.279804 -0.366254 -0.353914 -0.155871 0.066874 -0.091646 0.226567 -0.058485 0.075038 0.098593 0.258251 -0.399627 -0.090837 -0.302791 -0.423881 -0.007891 -0.005889 -0.041451 -0.137313 -0.297846 -0.094918 -0.116658 0.019579 -0.069131 0.350449 -0.068614 0.392509 -0.010832 0.071307 0.014479 -0.011930 0.155756 0.195528 -0.106927 0.080030 0.359849 -0.190307 0.081841 0.050743 0.104121 -0.052196 0.128651 0.162177 0.259092 0.130792 -0.097366 0.018258 -0.045369 -0.140997 0.297473 0.069556 0.114354 -0.069942 0.228004 -0.117470
-0.052850 -0.383705 -0.018564 0.306971 -0.151870 -0.352230 0.092523 -0.459608 0.069631 -0.546979 0.230731 -0.387200 0.202896 -0.154856 0.293162 0.045442 -0.394275 -0.488584 0.190659 -0.188441 0.066956 0.066358 1.000000 0.743715 0.754513 0.515228 0.615115 0.517324 0.100601 -0.455070 0.553028 0.334067 -0.257354 -0.075387 0.229659 0.161657 -0.237383 -0.030491 0.105076 -0.017742 0.244722 -0.018355 0.375970 0.446121 -0.170972 0.035777 0.203357 0.411783 -0.124024 -0.274862 0.453114 0.146016 -0.259188 0.157650 0.064965 0.353227 -0.298308 -0.179680 -0.448473 -0.695748 -0.516396 -0.690281 -0.553011 -0.577170 0.206454 -0.228424 -0.249150 0.251177 -0.368437 -0.487355 0.076715 -0.021344 -0.128600 -0.207217 0.250652 -0.053240 0.226342 0.123571 0.317159 0.087121 -0.414073 -0.087435 0.306144 0.030598 0.584641 0.425452 0.309500 0.420537 0.177436 0.207074 -0.277742 -0.003928 -0.007233 0.024459 -0.230053 0.000701 0.192902 -0.051335 -0.152843 -0.030329 -0.368668 -0.239677 -0.353098 -0.297745 -0.213711 -0.159102 -0.418833 -0.241512 -0.092148 -0.019275 0.217219 -0.187605 -0.089869 0.120325 0.099851 -0.236631
-0.194198 -0.306421 -0.246565 0.644587 -0.063920 -0.047179 -0.044537 -0.129481 -0.041106 -0.189338 0.016630 -0.237227 -0.037968 0.048682 0.148321 0.265596 -0.569344 -0.577140 0.072675 -0.062262 0.040480 0.155532 0.743715 1.000000 0.556895 0.544725 0.382643 0.494638 0.012551 -0.425419 0.475406 0.483334 -0.039958 0.156930 0.196279 0.292629 -0.289329 -0.086472 0.043906 -0.043615 0.177962 -0.108799 0.177936 0.247259 -0.023383 0.199194 0.029570 0.204602 -0.107784 -0.121436 0.424245 0.194878 -0.315358 0.174760 0.016996 0.220214 -0.360561 -0.286512 -0.480571 -0.625565 -0.664270 -0.537426 -0.558852 -0.467585 0.215891 0.038096 -0.263994 0.295049 -0.424013 -0.430332 -0.099082 -0.074094 -0.182061 -0.323359 0.074189 -0.127586 0.037373 0.117839 0.187836 0.094727 -0.501447 -0.211588 0.387102 0.104643 0.449010 0.563106 0.200326 0.416829 0.045227 0.205780 -0.277262 -0.150318 0.175056 -0.181089 -0.323020 0.191365 0.097081 -0.140294 -0.274311 -0.210264 -0.375776 -0.397400 -0.239234 -0.389471 -0.028237 -0.202318 -0.220846 -0.299212 -0.135059 0.034819 0.118335 -0.254889 -0.209754 0.169385 0.068482 -0.101012
0.000233 -0.290787 0.053334 0.223906 -0.023912 -0.042198 0.057635 -0.391909 -0.010582 -0.569741 0.040413 -0.512282 0.144484 -0.211614 0.056612 -0.130011 -0.214816 -0.304783 0.158945 -0.117450 -0.077044 0.106555 0.754513 0.556895 1.000000 0.787983 0.730566 0.699451 0.120550 -0.367159 0.579374 0.396292 -0.301660 -0.031692 0.396922 0.230006 -0.019886 0.080910 0.272390 0.127890 0.274952 0.061551 0.235715 0.358255 -0.227897 0.022577 0.093300 0.323508 -0.204515 -0.282473 0.297618 0.016334 -0.128766 0.151583 0.092662 0.306586 -0.320876 -0.144942 -0.437837 -0.522588 -0.456479 -0.582826 -0.405401 -0.490852 -0.032620 -0.206180 -0.261875 0.203898 -0.194505 -0.463639 0.056926 0.060585 0.004151 -0.104733 0.100872 -0.069909 0.186888 0.131890 0.238881 0.048426 -0.266078 0.011727 0.065793 -0.043581 0.390364 0.347663 0.297375 0.213799 -0.008245 0.124428 -0.244425 -0.001569 -0.212707 -0.065982 -0.096824 -0.038718 0.196691 -0.232918 -0.160177 0.091007 -0.427802 -0.173879 -0.379474 -0.225364 -0.261885 -0.266822 -0.381308 -0.331745 -0.120689 -0.007931 0.321648 -0.189120 -0.095098 0.035427 0.044915 -0.209472
-0.201345 -0.261526 -0.059859 0.304777 -0.054923 0.190857 -0.123177 -0.075061 -0.102039 -0.310767 -0.166539 -0.385081 -0.014578 -0.113193 -0.028064 0.032162 -0.187585 -0.232202 0.052938 -0.127234 0.031076 0.240433 0.515228 0.544725 0.787983 1.000000 0.487686 0.681744 0.106325 -0.185428 0.600603 0.600487 -0.293050 0.124243 0.320431 0.302548 -0.076598 0.107743 0.248087 0.202893 0.331020 0.096356 0.130611 0.236775 -0.204845 0.053394 0.009504 0.251433 -0.206930 -0.228494 0.150059 0.027882 -0.089967 0.152661 0.121878 0.317117 -0.341734 -0.244395 -0.446063 -0.408826 -0.544401 -0.406843 -0.368511 -0.387136 -0.131058 0.006491 -0.274418 0.170249 -0.099039 -0.377147 -0.032176 0.160428 0.030968 -0.150129 0.003855 -0.237036 0.039483 0.138462 0.162497 0.156161 -0.173238 -0.007162 0.143321 0.103375 0.210875 0.430771 0.231732 0.285246 -0.069705 0.248142 -0.191229 -0.054268 -0.106293 -0.214593 -0.049092 0.125292 0.242137 -0.260086 -0.102452 -0.048869 -0.271273 -0.156317 -0.219186 -0.308988 -0.189432 -0.325606 -0.298758 -0.414983 -0.079331 0.008526 0.331485 -0.170285 -0.092196 -0.021440 -0.069828 -0.228685
0.069894 -0.290325 0.266665 0.176148 -0.197087 -0.233889 0.137398 -0.311194 -0.152011 -0.556450 0.068672 -0.414629 0.136770 -0.240807 -0.053067 -0.207518 -0.204193 -0.327415 0.116234 -0.172967 -0.104664 -0.060372 0.615115 0.382643 0.730566 0.487686 1.000000 0.595237 0.046154 -0.374064 0.422784 0.092978 -0.327748 -0.171026 0.387062 0.060011 -0.130424 0.160993 0.085313 0.094444 0.149973 0.068508 0.233167 0.339852 -0.150839 0.046934 0.061133 0.226241 -0.080189 -0.245872 0.436744 -0.040575 -0.013525 0.085286 0.046021 0.209835 -0.260580 -0.020745 -0.249379 -0.404263 -0.281697 -0.498148 -0.389549 -0.510708 -0.040482 -0.147414 0.069632 0.289025 -0.209919 -0.430060 0.185437 -0.116487 -0.098166 0.044160 0.198997 -0.026420 0.113278 0.048399 0.219031 0.075193 -0.201815 -0.025282 -0.042286 -0.270736 0.430258 0.265251 0.280694 0.154298 0.120662 0.147278 -0.337744 -0.070454 -0.342445 -0.021355 -0.048323 -0.075311 0.227644 -0.054447 -0.208227 0.120786 -0.254854 -0.072484 -0.295126 -0.192196 -0.249888 -0.148646 -0.308705 -0.222358 -0.012958 0.111915 0.257659 -0.064341 -0.106406 0.052445 0.093747 -0.089025
-0.044061 -0.271401 -0.022404 0.303117 -0.159788 0.255203 -0.153776 -0.204185 -0.236541 -0.456440 -0.267461 -0.506266 -0.169306 -0.291424 -0.254801 -0.238290 -0.278838 -0.335997 0.180921 -0.128446 -0.098850 0.327240 0.517324 0.494638 0.699451 0.681744 0.595237 1.000000 -0.157135 -0.404259 0.310930 0.360111 -0.290715 -0.106895 0.421842 0.123204 -0.074772 0.143809 0.471539 0.450895 0.204596 0.059463 0.102515 0.297570 -0.033298 0.234057 0.166790 0.329047 -0.125775 -0.000130 0.198261 -0.007259 -0.101578 0.078261 0.233457 0.357519 -0.264155 -0.112842 -0.278677 -0.376237 -0.598671 -0.489661 -0.445429 -0.511907 -0.240497 -0.061795 -0.142214 0.259575 -0.103787 -0.311936 -0.053202 0.103834 -0.136106 -0.146591 -0.047210 -0.263683 0.232267 0.215900 0.234554 0.008494 -0.327271 -0.199668 0.031167 -0.111202 0.109654 0.290994 0.115025 0.318493 -0.089943 0.053141 -0.303982 -0.203568 -0.191299 -0.212423 0.062864 0.027604 0.434713 -0.339472 -0.012650 -0.011482 -0.291222 -0.114280 -0.255441 -0.090359 -0.143276 -0.204292 -0.075883 -0.264985 0.035002 0.208414 0.324462 -0.217938 -0.090090 0.016418 0.080740 -0.079585
-0.001056 -0.086035 -0.020145 -0.158259 -0.123941 -0.345074 -0.226896 -0.389747 0.047606 -0.261159 0.016599 0.073361 0.189999 -0.124627 0.134523 0.211728 0.240166 0.362995 0.236875 0.073104 0.032843 -0.373874 0.100601 0.012551 0.120550 0.106325 0.046154 -0.157135 1.000000 0.489485 0.594039 0.418490 0.063133 0.167751 -0.158991 -0.081120 0.361881 0.278575 0.058830 0.093214 0.315103 0.167780 0.038939 -0.131472 -0.395523 -0.524167 0.019388 0.046891 -0.029957 -0.398591 -0.390321 -0.098178 0.079605 0.076707 0.102646 -0.001734 -0.127354 0.045442 -0.188830 -0.067494 -0.005363 -0.067251 0.381153 0.281006 -0.251356 -0.524413 -0.229145 -0.417631 0.313165 -0.192773 0.204153 0.273853 0.696163 0.180230 0.333500 0.231750 0.180748 0.223459 0.179142 0.349747 0.440268 0.288908 0.261728 0.434852 0.159205 0.072275 0.184869 -0.076745 0.031276 0.232584 0.004569 0.021020 -0.370878 -0.072166 0.171278 0.147187 0.128766 -0.052971 0.015234 0.050077 -0.071020 0.004910 0.007836 -0.188496 -0.296184 -0.310691 -0.021491 -0.162029 0.096498 0.235392 0.051176 -0.136864 0.125204 -0.054875 -0.266516 0.005757
0.013550 0.347833 -0.072118 -0.347761 0.032163 -0.047270 -0.263748 0.050819 -0.068923 0.231977 -0.296752 0.298044 -0.162454 -0.037826 -0.099693 0.143077 0.493890 0.717630 0.078995 0.209951 0.190281 -0.139833 -0.455070 -0.425419 -0.367159 -0.185428 -0.374064 -0.404259 0.489485 1.000000 0.060853 0.208259 0.214020 0.279348 -0.253014 -0.047186 0.271379 0.332757 -0.080785 0.010808 0.110148 0.223976 -0.204446 -0.290964 -0.086299 -0.335393 -0.123626 -0.252710 -0.048895 -0.051611 -0.627690 -0.215713 0.139030 -0.080293 0.007364 -0.231174 0.130474 0.236846 -0.095378 0.233410 0.185022 0.423610 0.522819 0.590023 -0.299859 -0.175724 -0.196442 -0.486245 0.399524 0.129795 0.199190 0.298096 0.581695 0.400371 0.152381 0.302615 -0.013553 0.128984 -0.054585 0.233950 0.564409 0.371006 0.017404 0.320902 -0.342667 -0.261512 -0.010462 -0.225049 -0.118532 0.011099 0.145033 0.006095 -0.245860 -0.003835 0.238623 0.015109 -0.097187 -0.020787 0.125577 0.154336 0.238006 0.120352 0.290481 0.004905 -0.069508 -0.077818 0.086289 0.032767 0.167268 0.222214 -0.121678 0.059492 0.232473 0.000294 -0.112286 0.059845
-0.122061 -0.395971 0.142100 0.273968 -0.015779 -0.276552 -0.014790 -0.273861 0.109253 -0.435495 -0.086635 -0.276353 0.034776 -0.219819 -0.007229 -0.006328 -0.107775 -0.113124 0.211031 -0.196478 0.062194 -0.011166 0.553028 0.475406 0.579374 0.600603 0.422784 0.310930 0.594039 0.060853 1.000000 0.681286 -0.061116 0.209474 0.269584 0.228148 -0.035958 0.222164 0.197700 0.188098 0.319487 0.078807 0.191296 0.145981 -0.288035 -0.182167 -0.014896 0.177505 -0.190358 -0.332258 -0.093843 -0.089087 -0.160451 0.089865 0.046019 0.158300 -0.374506 -0.269242 -0.388195 -0.408204 -0.371769 -0.413924 -0.130981 -0.235346 -0.032481 -0.219927 -0.170402 0.045550 -0.053041 -0.463994 0.304044 0.321728 0.369057 -0.049243 0.256560 0.027211 0.216567 0.247783 0.194245 0.233809 -0.077868 -0.046158 0.081346 0.208516 0.309257 0.392421 0.198368 0.231802 -0.021528 0.321444 -0.338668 -0.084612 -0.235364 -0.073078 -0.072429 0.223039 0.200017 -0.132649 -0.268928 -0.140650 -0.379113 -0.170563 -0.262047 -0.322403 -0.280116 -0.351200 -0.191187 -0.209934 0.052104 0.036640 0.145951 -0.293310 -0.042937 -0.023323 -0.178992 -0.124026
-0.478733 -0.378198 -0.204245 0.291549 0.082028 0.105350 -0.271373 0.020984 0.053335 -0.095138 -0.285473 -0.214149 -0.165373 -0.101328 -0.103718 0.162694 -0.189528 -0.083174 -0.049584 -0.141025 0.189111 0.299834 0.334067 0.483334 0.396292 0.600487 0.092978 0.360111 0.418490 0.208259 0.681286 1.000000 -0.090410 0.297287 0.147071 0.382366 -0.069806 0.075902 0.315490 0.321143 0.170360 -0.045377 0.017390 0.067646 -0.102771 0.042925 0.016061 0.137186 -0.216198 -0.093594 -0.226861 -0.100319 -0.197971 0.033279 0.131495 0.259751 -0.385529 -0.315911 -0.521847 -0.372752 -0.611017 -0.329807 -0.220141 -0.213006 -0.114278 -0.010673 -0.308505 0.076989 -0.051888 -0.272443 0.182843 0.492637 0.265761 -0.179451 -0.104245 -0.123399 0.007935 0.166938 0.002025 0.071429 -0.142890 -0.055348 0.272616 0.436192 0.159955 0.433450 0.242165 0.318940 -0.071061 0.270146 -0.143611 -0.105077 0.005207 -0.119303 -0.025725 0.326561 0.255574 -0.401238 -0.123780 -0.210348 -0.133001 -0.216009 -0.011649 -0.265719 -0.202727 -0.342096 -0.087193 -0.326936 0.094948 0.102065 0.249394 -0.182456 0.039184 -0.018351 -0.012073 -0.150337
0.253588 0.305254 0.101534 0.167501 0.073997 0.075994 0.036787 0.106671 -0.082385 0.123760 -0.059955 0.052082 -0.169428 -0.120934 -0.138354 -0.071111 0.175555 0.166414 0.270996 0.263691 -0.041240 -0.144464 -0.257354 -0.039958 -0.301660 -0.293050 -0.327748 -0.290715 0.063133 0.214020 -0.061116 -0.090410 1.000000 0.537218 0.115806 0.151033 0.078787 0.189422 -0.119969 -0.317772 0.048419 -0.106714 -0.048059 -0.233839 0.160510 -0.046567 -0.188938 -0.229490 -0.146892 0.192241 -0.100756 0.039143 -0.179084 0.051994 -0.130473 -0.246473 0.173307 0.084968 0.001615 0.155893 0.086117 0.174259 0.329035 0.458078 0.122503 0.120472 0.078144 -0.037687 0.008305 -0.016039 -0.146007 -0.110759 0.234630 -0.083887 0.133448 0.115730 0.177161 0.207615 -0.028567 0.058108 0.168200 -0.089917 -0.098340 -0.157929 -0.065794 -0.084505 -0.205256 -0.311154 -0.149718 -0.368964 -0.195275 -0.267248 -0.032982 -0.271703 -0.251487 -0.026486 -0.242529 0.190037 -0.060654 -0.035315 -0.172368 -0.036860 -0.071907 -0.175689 -0.014558 -0.041754 0.110148 0.047939 -0.104719 0.009310 -0.223779 -0.091342 -0.063241 0.041631 -0.132804 0.066786
-0.035763 0.057740 -0.046442 0.289380 -0.030387 0.044662 0.012904 0.333146 -0.104119 0.160026 -0.108800 0.075674 -0.137436 0.027660 -0.147851 0.075152 0.156514 0.163514 0.100605 0.274324 0.026181 -0.190408 -0.075387 0.156930 -0.031692 0.124243 -0.171026 -0.106895 0.167751 0.279348 0.209474 0.297287 0.537218 1.000000 0.086329 0.430871 -0.082825 0.223535 -0.304958 -0.425478 -0.022916 -0.052201 0.063726 -0.078775 0.104359 -0.035802 -0.238836 -0.198977 -0.201028 0.016587 -0.050264 0.059374 -0.230261 0.111775 -0.053214 -0.088719 -0.020486 0.049149 -0.353267 -0.052043 -0.092668 0.139951 0.212600 0.389318 0.097462 0.304418 -0.099739 -0.017386 0.090915 -0.075726 -0.141115 -0.088447 0.279750 -0.090437 0.044445 0.028187 0.085322 0.132131 0.024285 0.209674 0.161756 -0.030200 0.053663 -0.090673 -0.010875 0.069128 -0.042175 -0.261122 -0.177809 -0.090398 -0.209459 -0.259547 -0.005113 -0.414667 -0.394671 0.228845 -0.215795 -0.046894 -0.005630 -0.129604 -0.206083 -0.031736 -0.002952 -0.418552 -0.064713 -0.298402 -0.055907 -0.171206 -0.187344 -0.107473 -0.161729 -0.235518 0.024205 0.225713 -0.176015 0.010408
-0.156778 -0.247640 0.370654 0.246447 0.090255 0.111107 0.077019 -0.097356 -0.250611 -0.312717 -0.272368 -0.613140 -0.131771 -0.359559 -0.386834 -0.523699 -0.212729 -0.299809 0.215322 -0.006311 -0.026633 0.159130 0.229659 0.196279 0.396922 0.320431 0.387062 0.421842 -0.158991 -0.253014 0.269584 0.147071 0.115806 0.086329 1.000000 0.517477 -0.217139 0.136437 0.318334 0.146022 -0.100463 -0.366699 -0.008203 0.079970 0.104885 0.209365 -0.127814 0.084830 -0.125269 0.090538 0.290052 -0.062792 -0.171425 -0.247837 0.254795 0.023236 -0.206900 -0.128292 -0.040729 -0.139100 -0.254902 -0.427471 -0.230281 -0.315842 -0.014916 -0.007938 0.364297 0.575339 -0.229207 -0.239042 0.011161 0.148684 -0.127750 -0.243481 -0.199864 -0.338636 0.112059 0.282462 -0.057033 -0.190059 -0.364164 -0.370624 -0.182637 -0.314044 -0.105743 0.156105 -0.208965 -0.092918 -0.197793 -0.129559 -0.178391 -0.048515 -0.209799 0.027953 0.038815 0.188984 0.174545 0.081263 -0.046275 -0.083019 -0.211715 0.042257 -0.262844 0.067486 0.139107 0.103657 0.083486 -0.004385 0.024814 0.123812 0.268170 -0.130219 0.014389 -0.004248 -0.006075 0.187336
-0.341132 -0.215757 0.057377 0.329599 0.345157 0.155521 0.046318 0.194197 -0.002173 0.054902 -0.179441 -0.356653 -0.213445 -0.063658 -0.185552 -0.139246 -0.219545 -0.166176 -0.118657 -0.044924 0.242473 -0.003135 0.161657 0.292629 0.230006 0.302548 0.060011 0.123204 -0.081120 -0.047186 0.228148 0.382366 0.151033 0.430871 0.517477 1.000000 -0.348368 0.005516 -0.064441 -0.116362 -0.206990 -0.438917 0.147716 0.132126 0.397954 0.385561 -0.067385 0.076080 -0.113667 0.326430 0.151321 -0.024396 -0.384886 -0.037573 0.002356 -0.034090 -0.244288 -0.200129 -0.387989 -0.249054 -0.345499 -0.187253 -0.270546 -0.102131 0.228373 0.250004 0.049994 0.436406 -0.397008 -0.158756 -0.118992 0.054451 -0.142441 -0.414324 -0.306104 -0.186559 -0.258273 0.090093 -0.249864 -0.265845 -0.348974 -0.348832 0.090204 0.006720 -0.021565 0.124055 -0.123925 -0.116542 -0.170137 -0.048778 0.009418 0.033551 0.238793 -0.042002 -0.180076 0.124778 -0.173401 -0.002290 -0.005353 -0.235902 0.075736 -0.091081 -0.011808 -0.138944 0.053160 -0.028835 0.061660 -0.128222 -0.007199 0.062024 0.140871 -0.132084 0.046579 0.193800 0.014684 0.101086
