1.000000 0.346470 -0.113376 -0.060345 0.003767 -0.127307 0.002963 -0.277212 0.040068 -0.326275 0.091299 -0.239472 -0.137194 -0.358664 0.106628 -0.253942 -0.104587 -0.027814 0.355497 0.273012 0.067585 -0.056704 -0.002709 -0.070671 0.084724 -0.128748 0.276325 0.171023 -0.071959 0.020399 0.048574 -0.175881 0.116606 -0.061202 -0.205180 -0.269261 0.191103 0.136304 0.246355 0.282520 0.068750 0.212865 -0.023977 0.088244 -0.065226 -0.224402 -0.036193 0.110191 -0.051242 -0.067176 0.091110 0.038142 -0.044836 0.186948 0.109974 0.113589 0.222807 0.321485 0.008245 -0.218297 0.015768 -0.466665 -0.111214 -0.402424 -0.069207 -0.371525 0.040386 -0.215149 0.260540 0.111353 -0.014662 -0.001144 0.127349 0.167766 0.187240 0.236100 0.157388 0.095557 -0.001722 0.082151 -0.109868 -0.094960 -0.090272 -0.137530 -0.116866 -0.175553 0.142818 0.081014 -0.005926 0.004389 -0.185816 0.036351 -0.151454 -0.010507 -0.044000 0.071517 0.067738 -0.018732 0.102982 0.246162 0.039087 -0.029477 0.160435 -0.007485 -0.083249 0.136014 0.068708 -0.007282 0.260056 -0.209719 0.139827 0.003077 -0.194744 -0.015390 -0.109637 0.077424
0.346470 1.000000 -0.471249 0.299485 -0.432081 -0.129913 -0.198535 -0.205989 -0.338475 -0.247792 -0.425688 -0.069722 -0.447349 -0.407700 -0.190752 0.152141 -0.103872 0.188170 0.108243 0.218216 0.096970 0.023816 -0.244897 -0.327140 0.057902 -0.011868 -0.075975 -0.004478 0.032684 0.472939 0.141473 0.050865 0.518513 0.142766 -0.144220 -0.290316 0.348177 0.489958 0.143323 0.134674 0.285158 0.271451 0.067389 0.132683 0.326732 -0.014952 0.348241 0.155546 -0.212357 0.095064 -0.066952 -0.051886 0.024328 0.231956 0.087385 0.264479 0.192759 0.531433 -0.477645 -0.082552 -0.528107 -0.119266 0.015665 0.046540 -0.298347 -0.458763 -0.108710 -0.352696 0.377954 0.216352 -0.399194 -0.148784 0.387249 0.319511 0.147744 0.169992 0.118834 0.161118 0.051734 0.050745 0.088252 0.219997 -0.037455 0.271575 0.059165 0.117164 0.046198 -0.055561 0.039403 0.022087 -0.144891 -0.257418 -0.231589 -0.310117 -0.036479 -0.297140 0.017596 -0.057533 0.435464 0.302557 -0.110471 -0.194231 0.086024 -0.241208 -0.168265 -0.135157 -0.112813 -0.249110 -0.004038 -0.028667 -0.164449 0.227677 -0.028561 0.073819 0.082779 0.197272
-0.113376 -0.471249 1.000000 -0.212277 0.589754 0.180047 0.506422 0.226144 0.334240 -0.194620 0.171762 -0.332496 0.245811 -0.072051 0.083931 -0.483609 -0.108077 -0.249950 0.171986 0.068248 -0.171130 -0.093567 0.506881 0.416574 0.254197 -0.020370 0.350033 0.228810 -0.326462 -0.432623 0.174721 -0.056244 -0.261038 -0.107425 0.202089 0.143049 -0.403804 -0.390389 -0.155682 -0.156556 -0.212584 -0.374251 -0.274479 -0.144156 -0.487496 -0.095036 -0.466237 -0.165475 0.087303 -0.174893 0.184212 0.066102 -0.063067 0.009603 0.251939 -0.262047 -0.021733 -0.252757 0.436665 -0.197597 0.408255 -0.211243 -0.339211 -0.378825 0.393865 0.170060 0.220299 0.445339 -0.124843 -0.025356 0.254950 -0.083210 -0.233173 -0.376912 -0.281656 -0.247563 -0.082233 -0.105272 -0.175957 -0.052597 -0.356253 -0.322935 -0.197328 -0.482142 -0.506171 -0.320477 0.045211 -0.049773 -0.121053 0.115862 0.194402 0.609248 0.377145 0.606063 -0.071756 0.181388 -0.034833 -0.076278 -0.388610 -0.194587 -0.009301 0.174492 -0.160478 0.347341 0.265754 0.384920 0.212709 0.282975 -0.094451 0.078635 0.280050 0.018010 0.095396 -0.204575 0.096257 -0.156448
-0.060345 0.299485 -0.212277 1.000000 -0.214302 -0.142346 -0.226966 0.112168 -0.176514 0.048814 -0.420879 0.003656 -0.368654 -0.255156 -0.187574 -0.099213 0.045036 -0.093975 0.246170 0.394217 0.005610 -0.013445 0.115086 0.190894 0.042746 0.180374 -0.092305 0.066843 0.081600 -0.028627 0.346351 0.357738 0.117086 0.057349 0.110114 0.008194 0.005851 0.167311 0.031592 -0.115549 -0.003939 -0.057634 -0.099353 -0.086967 0.149373 0.307531 -0.007242 -0.202834 -0.281798 -0.006725 -0.129634 -0.103483 -0.115757 0.015125 -0.170254 -0.246057 -0.119338 0.007231 -0.581950 -0.162579 -0.383425 0.004776 0.136343 0.142946 0.128890 -0.017841 -0.223192 0.085017 0.012126 0.149982 -0.019851 -0.135997 -0.030103 0.150885 0.138602 0.013806 0.041413 0.062501 0.100252 0.029253 0.127193 0.073969 0.125135 0.193899 0.135681 0.126989 -0.141656 -0.039319 0.156713 -0.000509 0.043755 -0.039047 -0.008733 -0.273538 -0.047822 0.081898 -0.246822 -0.136500 -0.002536 -0.113296 -0.057869 -0.253467 -0.069737 -0.126924 -0.074446 -0.104624 -0.308352 -0.164986 -0.066374 0.142524 -0.256601 0.048118 0.008838 -0.071754 0.108668 0.106468
0.003767 -0.432081 0.589754 -0.214302 1.000000 0.184475 0.449431 0.088770 0.618943 0.002623 0.077081 -0.274501 0.302545 -0.027097 0.198607 -0.367025 -0.315265 -0.273257 0.075780 0.067144 -0.154227 -0.323746 0.483821 0.490207 0.139268 -0.076929 0.338506 0.153831 -0.244225 -0.239102 -0.015202 -0.090352 -0.292187 -0.113048 0.001676 0.041783 -0.321209 -0.400878 0.022959 0.022328 -0.166450 -0.273462 -0.131968 0.090196 -0.233038 0.031660 -0.314017 -0.075462 0.077161 0.117152 0.202305 0.203091 0.086936 0.142443 0.156040 -0.125312 -0.120388 -0.368568 0.332112 -0.230992 0.305211 -0.261526 -0.330760 -0.407047 0.363848 -0.012730 0.113567 0.235994 -0.241160 -0.188592 0.252107 -0.053945 -0.298526 -0.352949 -0.296546 -0.335164 -0.237257 -0.234478 -0.076336 -0.012863 -0.264904 -0.141404 -0.187979 -0.370761 -0.454472 -0.186158 -0.168761 -0.104911 -0.190110 0.037071 0.214804 0.447550 0.225471 0.494873 -0.036641 0.106779 0.037916 0.063607 -0.309038 -0.102771 -0.161350 0.067713 -0.206622 0.245907 0.026330 0.207781 0.141940 0.179665 -0.066669 0.001418 0.201090 -0.131855 0.125934 -0.263190 -0.123148 -0.147335
-0.127307 -0.129913 0.180047 -0.142346 0.184475 1.000000 -0.117722 0.315289 0.034456 0.424892 -0.067646 0.162612 0.173473 0.386216 0.083684 0.190214 -0.252802 -0.343566 -0.178285 0.101959 0.112937 0.134320 -0.049196 0.196058 0.245019 0.210676 0.306851 0.365198 -0.253336 -0.145807 0.121814 0.064511 -0.090682 -0.168100 -0.070833 -0.044703 -0.016835 -0.174829 -0.260681 -0.117071 -0.049593 -0.178497 -0.029076 0.060023 -0.206748 -0.020707 -0.322344 -0.004905 -0.039519 -0.157348 0.042047 0.083390 0.181260 0.145610 -0.115874 -0.067794 -0.129145 -0.232303 0.039952 0.118926 0.035760 -0.051190 -0.287377 -0.101358 0.090154 0.146778 -0.024238 0.187389 -0.182619 0.003569 0.191454 0.102395 -0.127491 -0.065878 0.054436 0.121310 -0.003917 0.100615 -0.182991 -0.152988 -0.359340 -0.441968 -0.327782 -0.254271 -0.397948 -0.411046 0.035966 -0.275630 -0.346242 0.092568 0.383665 0.200896 0.414449 0.376787 -0.045510 0.132111 -0.127489 -0.037018 -0.092380 0.211433 0.234524 0.086955 0.107199 0.280191 0.446450 0.409910 0.011750 0.381091 -0.372977 0.152501 0.235274 0.013493 0.147280 0.179064 0.272890 0.102525
0.002963 -0.198535 0.506422 -0.226966 0.449431 -0.117722 1.000000 0.391416 0.265529 -0.191126 0.083334 -0.214910 0.336606 -0.130747 0.048677 -0.269273 -0.042194 0.065103 0.308209 0.235380 -0.350101 -0.257169 0.240376 -0.013715 -0.319514 -0.409798 -0.228428 -0.178118 -0.185927 -0.006049 -0.210022 -0.290179 0.043208 0.048616 -0.095771 -0.006723 -0.192252 -0.370737 -0.244761 -0.323667 0.135974 -0.225543 -0.353037 -0.198647 -0.187672 -0.276439 -0.261057 -0.024274 0.002055 -0.033842 -0.055745 -0.057558 -0.042345 -0.022159 0.030599 -0.212040 0.079441 0.031729 0.272420 -0.217182 0.406929 0.031333 -0.052045 -0.005297 -0.021478 -0.048683 0.089270 0.014771 0.028605 0.118948 0.242620 0.092517 0.248744 -0.020920 -0.036928 0.013111 0.103294 0.085558 -0.297461 -0.164387 -0.172352 -0.120079 -0.077729 -0.031144 -0.358466 -0.249992 0.041069 -0.101868 0.012423 -0.052147 0.200703 0.447306 0.202503 0.397874 -0.180648 0.180909 -0.193670 -0.051734 -0.158929 -0.145646 -0.086139 0.228739 -0.016629 0.202414 0.194103 0.103166 0.102603 0.048635 -0.175538 0.041288 -0.083015 0.105123 0.108808 -0.117247 0.091748 -0.089235
-0.277212 -0.205989 0.226144 0.112168 0.088770 0.315289 0.391416 1.000000 -0.217519 0.287739 -0.123729 0.150448 0.196965 0.260958 -0.344232 0.118515 -0.019411 -0.127428 0.118666 0.248710 -0.063416 0.016230 -0.204110 -0.103596 -0.345194 -0.078291 -0.316967 -0.116711 -0.284362 0.050109 -0.210944 -0.236785 -0.146907 -0.106203 -0.122549 0.064664 -0.106234 -0.157117 -0.398174 -0.351575 0.271434 -0.048310 -0.209625 -0.266689 -0.071252 0.010677 -0.215340 -0.037181 -0.107053 -0.040576 -0.170267 -0.107000 0.031309 -0.142321 -0.177854 -0.212805 -0.185119 -0.193262 -0.147258 0.144702 0.044526 0.352568 0.062663 0.364923 -0.147443 0.114284 -0.105160 0.189459 -0.316064 0.145654 0.335782 0.162939 0.222798 0.260652 0.246749 0.206149 0.195658 0.225899 -0.342807 -0.339065 -0.233349 -0.300050 -0.119410 0.186927 -0.272841 -0.178879 -0.109391 -0.113494 -0.111450 -0.172669 0.514060 0.280400 0.456113 0.330199 -0.308301 0.328277 -0.364265 -0.018205 -0.012641 0.048865 0.186835 0.041912 0.055717 0.253777 0.283325 0.142715 0.045796 0.139063 -0.433925 0.155615 -0.084851 0.075568 0.227395 -0.034704 0.323773 -0.058398
0.040068 -0.338475 0.334240 -0.176514 0.618943 0.034456 0.265529 -0.217519 1.000000 0.251314 0.298767 -0.185407 0.217763 0.129071 0.516646 -0.363456 -0.189618 -0.209288 0.017612 0.111102 -0.189957 -0.354481 0.369944 0.559453 -0.127031 -0.242348 0.138382 0.112385 -0.097594 -0.356263 -0.231928 -0.083163 -0.234533 -0.146763 -0.043120 -0.053379 -0.193350 -0.327507 0.118460 -0.012042 -0.335826 -0.120615 -0.273631 -0.027032 -0.371327 -0.110982 -0.339680 -0.099140 -0.105516 -0.176871 -0.119308 -0.027155 -0.071214 0.136629 0.099648 -0.124923 -0.231343 -0.334389 0.359114 -0.286489 0.557446 -0.094177 -0.123451 -0.282150 0.533093 0.201398 0.086708 0.039950 0.008865 -0.046438 0.109246 0.082219 -0.373960 -0.194805 -0.180338 -0.201473 -0.007302 -0.009840 -0.023004 -0.040428 -0.103768 -0.030547 0.081898 -0.360160 -0.124634 -0.188559 0.030596 0.047857 0.200688 0.071455 0.115600 0.392402 0.188856 0.264956 -0.055272 0.066423 -0.019771 0.091144 -0.387961 -0.187453 -0.205758 0.017132 -0.169858 -0.014054 -0.034068 0.097657 0.133252 -0.076589 0.165786 -0.173000 0.031942 -0.271967 0.031164 -0.311985 -0.110249 -0.162475
-0.326275 -0.247792 -0.194620 0.048814 0.002623 0.424892 -0.191126 0.287739 0.251314 1.000000 0.110583 0.481334 0.188265 0.691648 0.149540 0.341318 -0.001574 -0.175720 -0.355079 0.006675 -0.004316 -0.031155 -0.227594 0.234006 -0.337187 -0.045041 -0.222518 -0.062454 -0.000252 -0.139152 -0.262400 -0.011917 -0.249095 -0.112895 -0.234262 -0.006418 0.093709 -0.149035 -0.166295 -0.246602 -0.107340 -0.030535 -0.219590 -0.165921 -0.073593 0.018754 -0.261301 -0.128643 -0.079804 -0.176314 -0.237966 -0.165234 0.020606 -0.205554 -0.300349 -0.123501 -0.244717 -0.319867 0.034212 0.358797 0.238709 0.478400 0.199388 0.401247 0.205326 0.477879 -0.061599 0.017442 -0.276707 -0.142077 0.109979 0.221976 -0.301323 0.007257 0.100376 0.064811 -0.000574 0.107381 -0.143733 -0.167854 -0.032908 -0.134945 0.005041 0.060505 0.083135 -0.114222 -0.069828 -0.127417 0.076252 0.069458 0.380588 -0.028595 0.451270 0.104957 -0.244792 -0.034024 -0.263292 0.086362 -0.118254 -0.073538 0.136838 -0.095457 0.221747 0.031344 0.040773 -0.028724 -0.052150 0.061831 -0.252428 -0.021434 -0.225750 -0.193038 0.172682 0.110644 0.185370 -0.071121
0.091299 -0.425688 0.171762 -0.420879 0.077081 -0.067646 0.083334 -0.123729 0.298767 0.110583 1.000000 0.249725 0.707155 0.352269 0.715662 -0.097934 0.463517 0.158317 -0.227135 -0.220667 -0.225913 -0.217240 0.078881 0.140877 -0.074946 -0.181915 0.043298 -0.054246 0.290058 -0.414916 -0.238035 -0.201420 -0.220782 -0.017518 -0.087019 -0.136404 -0.202368 -0.264632 -0.151551 -0.115595 -0.284147 -0.147305 -0.132327 -0.003635 -0.422245 -0.262996 -0.332696 -0.081628 0.155469 -0.294840 0.004273 0.004019 -0.170011 -0.176368 -0.046103 -0.090056 -0.022813 -0.116978 0.384871 0.007519 0.552986 0.045520 0.352870 0.000641 0.285886 0.263062 0.070416 -0.139664 -0.006135 -0.174142 0.048147 -0.003880 -0.239380 -0.239561 0.066617 -0.033641 0.055940 0.032690 -0.036430 0.029649 0.116813 0.087988 0.427319 -0.087619 0.285949 -0.207242 0.288430 -0.010463 0.298471 -0.047578 -0.199274 0.097356 -0.046283 0.016517 -0.016709 0.184115 0.077881 0.080599 -0.349366 -0.365210 -0.019369 0.018312 -0.063643 -0.125811 -0.018605 -0.028373 0.105175 0.159187 0.180796 0.013444 0.020970 -0.292403 -0.166443 0.151459 -0.063594 -0.060708
-0.239472 -0.069722 -0.332496 0.003656 -0.274501 0.162612 -0.214910 0.150448 -0.185407 0.481334 0.249725 1.000000 0.216720 0.684762 0.123286 0.515920 0.070899 -0.055496 -0.268412 -0.146109 -0.174138 0.006327 -0.342472 -0.179143 -0.291315 -0.051978 -0.407492 -0.254293 0.204270 -0.020993 -0.089506 -0.022420 -0.053280 0.017754 -0.194434 -0.177623 -0.042505 -0.097332 -0.250271 -0.278979 -0.058101 -0.151035 0.108931 0.206778 0.192830 0.167759 0.062742 0.171933 0.257660 0.100859 -0.091356 0.094976 -0.049636 -0.079047 -0.114021 0.052261 -0.226500 -0.162701 -0.010258 0.384150 0.156091 0.466823 0.390147 0.412868 -0.071427 0.215783 -0.140232 -0.097432 -0.301218 -0.313469 -0.021189 0.106363 -0.058970 -0.009438 0.062636 0.082014 -0.094224 0.059869 -0.179617 -0.086957 -0.066933 -0.133459 0.040858 0.139267 0.285933 -0.035985 -0.089068 -0.220969 0.038952 0.058320 0.064312 -0.299293 0.005874 -0.276237 -0.265839 -0.034403 -0.141733 -0.068227 -0.057844 -0.219968 0.032568 -0.039069 0.043604 -0.219203 0.044383 -0.106363 -0.078837 0.056003 -0.116804 0.131600 -0.282551 0.016633 0.012729 0.280359 0.158366 0.150810
-0.137194 -0.447349 0.245811 -0.368654 0.302545 0.173473 0.336606 0.196965 0.217763 0.188265 0.707155 0.216720 1.000000 0.464258 0.555312 0.041987 0.390355 0.269945 -0.297378 -0.213477 -0.312734 -0.307852 0.050250 0.130699 -0.146988 -0.140139 -0.069702 -0.158884 0.255875 -0.221515 -0.131679 -0.036702 -0.111997 0.140624 -0.123494 -0.055555 -0.236821 -0.433507 -0.300673 -0.235289 -0.054718 -0.269455 -0.216275 -0.078538 -0.409957 -0.248548 -0.367406 -0.204923 0.020372 -0.221115 0.010566 -0.021806 -0.152680 -0.215384 -0.160341 -0.234477 0.025211 -0.194527 0.283536 -0.062771 0.426212 0.081915 0.161825 0.133272 0.187000 0.291464 -0.034606 -0.108171 -0.092843 -0.233018 0.119240 -0.127216 -0.102519 -0.209349 0.095438 -0.138161 -0.000557 -0.042767 0.004890 0.082717 0.152503 0.066948 0.216494 -0.047821 0.039611 -0.139075 0.145667 -0.132628 0.042380 -0.196711 -0.098874 0.089259 0.086923 0.139712 -0.087201 0.233254 0.011230 0.094335 -0.361968 -0.290319 0.005403 0.019354 -0.111977 -0.040605 0.033204 -0.104862 0.028034 0.237538 -0.082837 0.145781 -0.004430 -0.284962 -0.000968 0.157099 0.074673 0.050475
-0.358664 -0.407700 -0.072051 -0.255156 -0.027097 0.386216 -0.130747 0.260958 0.129071 0.691648 0.352269 0.684762 0.464258 1.000000 0.148265 0.416167 0.110753 -0.058505 -0.448988 -0.323371 -0.075868 -0.004255 -0.291758 0.048448 -0.251871 0.013606 -0.239619 -0.137459 0.098326 -0.239949 -0.192201 0.013299 -0.216058 -0.067209 -0.171911 0.055535 -0.068042 -0.347078 -0.326159 -0.238557 -0.146348 -0.173381 -0.024014 -0.012254 -0.123189 0.070494 -0.196558 -0.034073 0.161501 -0.119651 0.023122 0.047912 0.007235 -0.176978 -0.242847 -0.023572 -0.211534 -0.372350 0.224689 0.364138 0.352885 0.508986 0.165030 0.316330 0.161794 0.515084 0.030285 0.100075 -0.431645 -0.376062 0.103841 0.094471 -0.308266 -0.147945 0.028668 0.007429 -0.093390 -0.055563 -0.086752 -0.078601 -0.056122 -0.183501 -0.024347 -0.095706 0.145101 -0.085824 0.003638 -0.166517 -0.002404 -0.033954 0.112332 -0.177330 0.235760 -0.012246 -0.175287 0.076759 -0.120555 0.105508 -0.288772 -0.136526 0.181253 0.001771 0.028995 0.020737 0.099349 -0.014148 -0.036961 0.173687 -0.134269 0.046847 -0.101774 -0.221567 0.060277 0.196669 0.194511 0.033781
0.106628 -0.190752 0.083931 -0.187574 0.198607 0.083684 0.048677 -0.344232 0.516646 0.149540 0.715662 0.123286 0.555312 0.148265 1.000000 -0.067324 0.186256 0.108507 -0.137916 -0.074729 -0.144102 -0.298934 0.261472 0.348227 0.019221 -0.080462 0.150823 0.112759 0.304890 -0.263662 -0.041208 0.049888 -0.126787 -0.016150 -0.093759 -0.302517 -0.109451 -0.149914 -0.003435 -0.060693 -0.244186 -0.121386 -0.203209 0.092756 -0.372311 -0.248334 -0.279725 -0.154779 -0.034584 -0.232004 -0.069921 0.018875 -0.125471 0.010235 -0.011201 -0.189965 -0.111108 -0.072557 0.191418 -0.176648 0.486941 -0.166915 0.171395 -0.054703 0.422325 0.125403 -0.171451 -0.321113 0.082246 -0.103978 -0.144915 -0.092972 -0.287356 -0.259315 -0.021891 -0.114161 -0.048051 -0.038571 0.108231 0.158343 0.116769 0.187735 0.482972 -0.012187 0.239506 -0.154648 0.272155 0.034145 0.358398 0.063803 -0.205270 0.120941 -0.082205 -0.074962 0.048638 0.152587 0.141752 0.077934 -0.294689 -0.368344 -0.191176 -0.124261 -0.116081 -0.271418 -0.031855 -0.074367 -0.021599 0.070557 0.196866 0.038368 -0.093660 -0.320011 -0.008171 0.098900 -0.117016 0.123679
-0.253942 0.152141 -0.483609 -0.099213 -0.367025 0.190214 -0.269273 0.118515 -0.363456 0.341318 -0.097934 0.515920 0.041987 0.416167 -0.067324 1.000000 -0.069127 0.167071 -0.370258 -0.387644 0.049754 0.082325 -0.429670 -0.337785 -0.089279 0.255138 -0.334212 -0.193222 0.204860 0.506011 -0.066430 0.214539 0.060179 0.150695 -0.090590 -0.009146 0.350222 0.106750 -0.017522 0.024361 0.192159 0.159815 0.193680 0.039834 0.387838 0.063124 0.342487 0.094303 0.043715 0.195866 -0.053512 -0.045907 0.170889 -0.104871 -0.257131 0.227864 -0.074876 -0.059564 -0.139837 0.308383 -0.201030 0.362155 0.232599 0.375660 -0.388251 -0.060137 -0.213782 -0.346830 -0.275357 -0.306605 -0.194893 0.129374 0.141423 0.070235 -0.012834 0.123369 -0.135610 -0.031409 0.043303 0.030058 0.094186 0.068189 0.003946 0.463767 0.308267 0.248974 -0.138763 -0.063271 -0.133194 -0.040728 -0.029146 -0.430955 -0.103502 -0.410257 -0.021013 -0.115025 0.146149 0.048019 0.183541 0.096335 0.100237 -0.127960 0.063653 -0.271897 -0.228154 -0.193304 -0.116393 -0.133255 -0.241023 0.068029 -0.266015 -0.013295 0.057762 0.157453 -0.017474 0.111867
-0.104587 -0.103872 -0.108077 0.045036 -0.315265 -0.252802 -0.042194 -0.019411 -0.189618 -0.001574 0.463517 0.070899 0.390355 0.110753 0.186256 -0.069127 1.000000 0.567606 -0.250324 -0.220719 -0.014916 0.100492 -0.003037 0.021306 -0.112029 0.068147 -0.176356 -0.296078 0.552302 -0.087685 -0.040194 0.178687 -0.046736 0.204579 -0.087242 0.003551 -0.140883 -0.076821 -0.199720 -0.166333 -0.044852 -0.102549 -0.174270 -0.208967 -0.268687 -0.162220 -0.127240 -0.259240 -0.179271 -0.363298 -0.142805 -0.188551 -0.356695 -0.429103 -0.424412 -0.159332 0.162101 0.009121 -0.043972 -0.011923 -0.044422 0.177885 0.409656 0.316486 0.099360 0.374810 -0.166859 -0.197304 0.108566 -0.114522 -0.083858 -0.193930 0.066691 -0.086020 0.208782 -0.148985 0.078350 -0.114303 0.292692 0.083432 0.672569 0.414326 0.554491 0.221749 0.472631 0.102823 0.173931 0.145058 0.281352 -0.250349 -0.233042 -0.201348 -0.158207 -0.166103 0.079272 0.132698 0.010373 0.182168 -0.145019 -0.342601 -0.071095 -0.078779 -0.085619 -0.109707 -0.164118 -0.361658 -0.140277 0.065055 0.213516 0.032204 -0.050392 -0.302317 -0.232348 0.173219 0.063066 0.160790
-0.027814 0.188170 -0.249950 -0.093975 -0.273257 -0.343566 0.065103 -0.127428 -0.209288 -0.175720 0.158317 -0.055496 0.269945 -0.058505 0.108507 0.167071 0.567606 1.000000 -0.220332 -0.358254 0.021028 0.086519 -0.243891 -0.194761 -0.190576 0.038569 -0.341173 -0.400966 0.691031 0.450442 0.002808 0.291151 0.164798 0.456312 -0.172678 -0.096221 0.086902 0.089767 -0.162832 -0.060220 0.231790 -0.052741 0.060227 -0.031448 -0.043212 -0.256869 0.210541 -0.178427 -0.223852 -0.218693 -0.132919 -0.155555 -0.210296 -0.241137 -0.334619 -0.062509 0.286933 0.257712 -0.072298 -0.186076 -0.138385 0.023551 0.126335 0.262006 -0.197891 0.045876 -0.266123 -0.497461 0.099379 -0.213824 -0.315443 -0.125347 0.328883 0.049765 0.038599 -0.155306 -0.075774 -0.264025 0.567242 0.529339 0.726608 0.687391 0.265827 0.309031 0.342304 0.254457 0.068205 0.006705 0.015127 -0.344512 -0.461578 -0.409572 -0.334131 -0.342051 0.219907 -0.057764 0.196059 0.256792 0.009390 -0.079759 -0.150061 -0.116098 -0.092798 -0.253782 -0.398296 -0.406833 -0.133123 -0.022021 0.077360 0.062852 -0.166330 -0.104212 0.108122 0.152303 0.050527 0.181296
0.355497 0.108243 0.171986 0.246170 0.075780 -0.178285 0.308209 0.118666 0.017612 -0.355079 -0.227135 -0.268412 -0.297378 -0.448988 -0.137916 -0.370258 -0.250324 -0.220332 1.000000 0.609617 0.026415 -0.196703 0.292678 -0.088623 -0.185648 -0.234744 0.007156 0.046616 -0.262071 0.025101 0.055001 -0.281746 0.059004 -0.160157 0.009698 -0.138790 -0.126387 -0.007544 0.134848 -0.007398 -0.137184 0.123165 -0.190455 -0.153241 0.007552 -0.157254 -0.124095 0.026247 -0.211577 0.058816 -0.122135 0.078754 -0.036484 0.134577 0.165657 -0.222320 -0.236141 0.170637 -0.107213 -0.199298 0.044862 -0.162625 -0.117997 -0.241456 -0.018904 -0.249731 -0.074883 -0.033532 0.170368 0.435910 0.194651 0.109247 0.269616 0.330955 0.151205 0.271986 0.182801 0.186483 -0.142991 -0.137151 -0.231393 -0.200613 0.021820 0.043582 -0.251862 -0.204461 0.101448 0.124098 0.246160 0.103086 0.215870 0.390564 0.021509 0.135754 0.059584 0.257760 -0.111926 0.019684 0.211361 0.138745 -0.066876 0.036120 0.137322 0.177177 0.158212 0.085626 0.086168 -0.053818 0.060783 0.061237 0.008120 0.226247 -0.049202 -0.073899 -0.134501 0.017511
0.273012 0.218216 0.068248 0.394217 0.067144 0.101959 0.235380 0.248710 0.111102 0.006675 -0.220667 -0.146109 -0.213477 -0.323371 -0.074729 -0.387644 -0.220719 -0.358254 0.609617 1.000000 -0.063850 -0.200880 0.202469 0.098332 -0.174287 -0.330922 -0.063072 0.024547 -0.253825 -0.124434 -0.025691 -0.266328 0.208085 -0.080196 -0.166399 -0.191589 -0.033842 0.010492 -0.121722 -0.253565 -0.040343 -0.123660 -0.295989 -0.172930 -0.027333 -0.077037 -0.256017 -0.110863 -0.146161 -0.030259 -0.171218 -0.079265 -0.012237 0.223261 0.102865 -0.227307 -0.067126 0.100454 -0.247500 -0.163136 0.050536 -0.121314 0.008188 -0.080949 0.048463 -0.176743 -0.108986 0.074626 0.136477 0.432733 0.366281 0.288130 0.188766 0.335918 0.231134 0.286191 0.215943 0.427930 -0.373693 -0.371361 -0.320890 -0.395793 -0.067772 0.012533 -0.350475 -0.412786 0.130646 -0.153723 0.135359 0.198002 0.487722 0.489516 0.208620 0.283658 -0.165120 0.182670 -0.536265 -0.134412 0.060530 0.072729 -0.091853 -0.055034 0.161472 0.152935 0.360981 0.156988 -0.070854 0.206088 -0.173435 0.021454 -0.127899 0.074492 0.014236 -0.061328 0.238029 0.060849
0.067585 0.096970 -0.171130 0.005610 -0.154227 0.112937 -0.350101 -0.063416 -0.189957 -0.004316 -0.225913 -0.174138 -0.312734 -0.075868 -0.144102 0.049754 -0.014916 0.021028 0.026415 -0.063850 1.000000 0.546295 -0.097598 -0.000256 0.155033 0.306811 0.223126 0.113785 0.072246 0.231048 0.041858 0.178752 -0.151223 -0.064041 -0.216312 -0.068837 0.097551 0.196961 0.147037 0.321161 0.240854 0.210921 0.130514 0.044703 0.002809 -0.038494 0.096563 -0.121820 0.019150 -0.006495 0.096346 0.043926 0.221686 -0.037396 0.004911 -0.003329 -0.047616 0.054068 -0.148197 0.153747 -0.243105 -0.151771 -0.187905 0.021283 -0.015936 -0.158459 -0.194448 -0.112105 -0.141121 -0.067501 -0.034394 0.069699 0.063971 0.106000 0.125006 0.168961 -0.061390 -0.243750 0.385946 0.081659 0.181653 0.118850 0.086749 0.105504 0.105036 0.163704 0.112238 0.307421 0.028152 0.032647 0.048668 -0.235018 -0.092030 -0.119430 0.229913 -0.161764 0.247230 0.217930 0.153555 0.085192 -0.045302 -0.216820 0.112473 -0.015963 -0.109233 -0.216950 -0.008466 0.082500 0.081935 -0.167972 0.032780 -0.255215 -0.186000 0.048452 -0.030381 0.123775
-0.056704 0.023816 -0.093567 -0.013445 -0.323746 0.134320 -0.257169 0.016230 -0.354481 -0.031155 -0.217240 0.006327 -0.307852 -0.004255 -0.298934 0.082325 0.100492 0.086519 -0.196703 -0.200880 0.546295 1.000000 -0.173355 -0.002383 0.145562 0.416975 0.129332 0.137318 0.078624 0.075738 0.148752 0.249108 -0.097481 0.005736 -0.247314 -0.022413 0.114713 0.136125 -0.070270 0.089540 0.214875 0.025669 0.172161 0.108235 -0.136974 -0.046699 0.156551 0.019243 0.044082 -0.201379 0.097716 0.000744 0.038050 0.001614 -0.108363 0.153179 -0.035587 -0.067495 -0.152453 0.096467 -0.259380 -0.169927 -0.298470 0.005680 -0.078028 0.002278 -0.181328 0.008483 -0.039641 0.008293 0.063641 0.156471 0.134948 0.190432 0.277613 0.253566 0.105181 -0.124354 0.344787 0.183675 0.234256 0.031836 -0.137586 -0.178549 0.034375 -0.012551 -0.043998 0.098956 -0.216542 0.038564 -0.066362 -0.227000 -0.032933 -0.120000 0.296052 -0.227014 0.221013 0.241651 0.060612 0.048455 0.190491 0.077274 0.003253 0.039860 0.016442 -0.031479 -0.005929 0.168365 0.058202 -0.012967 0.171198 -0.026128 -0.078787 0.205516 -0.000212 0.104476
-0.002709 -0.244897 0.506881 0.115086 0.483821 -0.049196 0.240376 -0.204110 0.369944 -0.227594 0.078881 -0.342472 0.050250 -0.291758 0.261472 -0.429670 -0.003037 -0.243891 0.292678 0.202469 -0.097598 -0.173355 1.000000 0.547924 0.303136 0.097417 0.400991 0.300680 -0.153443 -0.396022 0.261932 0.175731 -0.030943 -0.024046 0.028065 0.016253 -0.273709 -0.265040 0.017939 0.002709 -0.351621 -0.284294 -0.174417 -0.043526 -0.311764 -0.122626 -0.301465 -0.176575 -0.062636 -0.125969 0.262247 0.099192 -0.077108 0.044550 0.165326 -0.202634 -0.068670 -0.255546 0.095758 -0.455155 0.149882 -0.428410 -0.242466 -0.448687 0.525571 0.126365 -0.007819 0.176477 0.058197 0.005780 0.185689 -0.100874 -0.342553 -0.394312 -0.197672 -0.206958 -0.101211 -0.102654 -0.033983 -0.034453 -0.110233 -0.120719 0.080128 -0.263808 -0.199449 -0.299013 0.086345 0.073792 0.111195 0.164405 0.072206 0.467558 0.080053 0.336051 0.161838 0.204578 0.041466 0.122040 -0.203632 -0.130309 -0.069745 0.022711 -0.056620 0.141663 0.216618 0.133201 0.024112 0.259283 0.103754 0.080705 0.263407 -0.045387 -0.021070 -0.005113 -0.113945 0.086240
-0.070671 -0.327140 0.416574 0.190894 0.490207 0.196058 -0.013715 -0.103596 0.559453 0.234006 0.140877 -0.179143 0.130699 0.048448 0.348227 -0.337785 0.021306 -0.194761 -0.088623 0.098332 -0.000256 -0.002383 0.547924 1.000000 0.282619 0.287656 0.410962 0.410219 0.043615 -0.471515 0.212635 0.378787 -0.361555 -0.079880 -0.108934 -0.098925 -0.287229 -0.278911 -0.000467 -0.028675 -0.344063 -0.380616 -0.229191 -0.065364 -0.452069 0.031347 -0.402452 -0.304801 -0.090651 -0.234136 0.187197 0.118667 0.030015 0.145958 -0.069293 -0.252104 -0.190479 -0.520067 0.093126 -0.302588 0.102808 -0.361012 -0.273463 -0.376139 0.593854 0.343087 -0.131004 0.179079 -0.113649 -0.120261 0.183892 -0.090394 -0.598557 -0.398643 -0.212186 -0.351348 -0.262942 -0.295845 0.172950 0.117345 0.083869 -0.050852 0.093752 -0.358255 -0.119563 -0.163378 -0.029533 -0.001578 0.004867 0.128154 0.196773 0.421534 0.276257 0.292037 0.088531 0.023668 -0.009572 0.178051 -0.492936 -0.276994 -0.009568 -0.068629 -0.203573 0.037268 -0.053204 0.129932 -0.046086 0.208295 0.084197 0.019501 0.099969 -0.347054 0.027090 -0.110338 -0.058220 0.040039
0.084724 0.057902 0.254197 0.042746 0.139268 0.245019 -0.319514 -0.345194 -0.127031 -0.337187 -0.074946 -0.291315 -0.146988 -0.251871 0.019221 -0.089279 -0.112029 -0.190576 -0.185648 -0.174287 0.155033 0.145562 0.303136 0.282619 1.000000 0.619321 0.684135 0.593826 -0.055025 -0.180473 0.611164 0.422768 -0.035330 -0.084676 0.293877 0.173885 -0.043196 0.041756 0.134451 0.241011 -0.160252 -0.200413 0.289083 0.242320 -0.056116 0.148247 0.002797 -0.080459 0.136049 0.033250 0.448500 0.206530 0.223169 0.267893 0.215762 0.079229 0.100462 -0.048718 0.021788 -0.174051 -0.313251 -0.453362 -0.391808 -0.548693 0.109980 -0.202415 0.102905 0.197780 0.043496 -0.028218 -0.055713 -0.249319 -0.369642 -0.462122 -0.304323 -0.232493 -0.329717 -0.290376 0.144209 0.221481 -0.119294 -0.023944 -0.152507 -0.243483 -0.162337 -0.031047 -0.077912 -0.106834 -0.256271 0.186954 -0.165194 0.066161 -0.082900 0.092216 0.141384 -0.079396 0.213895 -0.174549 -0.141597 0.089724 0.190068 0.032128 -0.158420 0.047383 0.064528 0.218328 -0.097569 0.202114 0.083166 0.144129 0.357655 0.047026 -0.101061 -0.100355 -0.088368 -0.039068
-0.128748 -0.011868 -0.020370 0.180374 -0.076929 0.210676 -0.409798 -0.078291 -0.242348 -0.045041 -0.181915 -0.051978 -0.140139 0.013606 -0.080462 0.255138 0.068147 0.038569 -0.234744 -0.330922 0.306811 0.416975 0.097417 0.287656 0.619321 1.000000 0.363199 0.398483 0.239197 0.091283 0.477261 0.641009 -0.120364 0.073289 0.094947 0.157228 0.052351 0.065681 0.082551 0.241680 0.010359 -0.059423 0.277107 0.113032 -0.115942 0.007054 0.089770 -0.142297 -0.158668 -0.160522 0.163982 0.046830 0.011808 0.090734 -0.181835 0.000919 -0.244441 -0.235154 -0.289759 -0.226248 -0.436499 -0.275212 -0.342278 -0.184182 0.009575 0.060547 -0.191265 -0.040869 -0.016063 -0.010421 -0.183988 -0.164768 -0.199357 -0.297518 -0.131854 -0.228473 -0.214947 -0.330997 0.490947 0.443996 0.282976 0.253320 0.022138 0.005245 0.108923 0.210904 -0.283148 0.078501 -0.246985 -0.095616 -0.241347 -0.133260 -0.250543 -0.203332 0.251286 -0.068303 0.382586 0.220754 -0.062362 0.066559 0.144176 -0.069870 -0.277793 -0.105987 -0.225704 -0.048414 -0.143694 0.083393 0.049923 0.147056 0.238646 -0.132734 -0.072749 0.026460 -0.102030 0.049679
0.276325 -0.075975 0.350033 -0.092305 0.338506 0.306851 -0.228428 -0.316967 0.138382 -0.222518 0.043298 -0.407492 -0.069702 -0.239619 0.150823 -0.334212 -0.176356 -0.341173 0.007156 -0.063072 0.223126 0.129332 0.400991 0.410962 0.684135 0.363199 1.000000 0.702054 -0.252147 -0.321196 0.257640 0.128218 -0.243372 -0.271860 0.005039 0.041270 -0.211537 0.073942 0.284131 0.435401 -0.341206 0.041346 0.023992 0.156045 -0.363539 -0.040174 -0.232288 0.046164 -0.069121 -0.134364 0.325344 0.136453 0.099645 0.168833 0.254222 0.116362 -0.080389 -0.123326 0.114425 -0.194529 -0.121903 -0.602768 -0.478731 -0.660354 0.276919 -0.057215 0.089322 0.193754 0.103977 0.072019 0.039083 -0.198517 -0.337880 -0.345716 -0.097119 -0.121899 -0.000516 -0.119498 0.083179 0.133598 -0.212369 -0.127991 -0.112078 -0.410369 -0.270082 -0.148469 0.160539 0.125878 -0.157431 0.136889 -0.027821 0.268971 0.099754 0.328956 0.213081 0.129896 0.355738 0.100948 0.000204 0.204615 0.113104 0.068034 -0.128042 0.227844 0.117539 0.400692 0.097273 0.168578 0.241376 -0.045168 0.601985 -0.027211 -0.210038 0.032580 -0.204266 -0.158559
0.171023 -0.004478 0.228810 0.066843 0.153831 0.365198 -0.178118 -0.116711 0.112385 -0.062454 -0.054246 -0.254293 -0.158884 -0.137459 0.112759 -0.193222 -0.296078 -0.400966 0.046616 0.024547 0.113785 0.137318 0.300680 0.410219 0.593826 0.398483 0.702054 1.000000 -0.358934 -0.352100 0.216211 0.096466 -0.269038 -0.410431 0.032749 -0.091923 -0.069719 0.028460 0.236159 0.329937 -0.275516 0.117712 0.120774 0.216830 -0.223464 0.039799 -0.187648 0.153467 -0.048228 -0.135535 0.187495 0.104268 0.261451 0.299440 0.246600 0.031216 -0.179976 -0.132466 -0.085725 -0.285574 -0.043289 -0.455422 -0.454897 -0.595532 0.201489 -0.122173 -0.030751 0.136196 0.136381 0.307030 0.072807 -0.132052 -0.392713 -0.228485 -0.029183 0.107512 0.082514 -0.003769 -0.055205 0.050445 -0.324767 -0.187254 -0.121844 -0.257283 -0.265134 -0.226176 0.067187 0.123696 -0.028954 0.098760 0.095685 0.379224 0.179507 0.291529 0.082031 0.174028 0.217134 0.028337 0.063985 0.198663 0.419428 0.096009 -0.011896 0.111228 0.243155 0.385790 0.026580 0.036896 0.140733 -0.028458 0.430321 0.047772 -0.173322 -0.134730 -0.169259 -0.159278
-0.071959 0.032684 -0.326462 0.081600 -0.244225 -0.253336 -0.185927 -0.284362 -0.097594 -0.000252 0.290058 0.204270 0.255875 0.098326 0.304890 0.204860 0.552302 0.691031 -0.262071 -0.253825 0.072246 0.078624 -0.153443 0.043615 -0.055025 0.239197 -0.252147 -0.358934 1.000000 0.317926 0.166764 0.451085 0.033667 0.421579 -0.152654 -0.213546 -0.008058 -0.106284 -0.170000 -0.121991 0.048746 -0.227169 0.087113 0.035257 -0.003749 -0.150780 0.157885 -0.355961 -0.009338 -0.083693 -0.002462 0.081805 -0.076106 -0.118094 -0.424910 -0.079527 0.039398 -0.007941 -0.112821 -0.053440 -0.095309 0.010742 0.260427 0.238827 -0.117524 0.031432 -0.412381 -0.530443 -0.082930 -0.347919 -0.216707 -0.083921 0.130731 -0.130921 -0.054338 -0.227580 -0.260144 -0.362135 0.657028 0.552893 0.759587 0.605163 0.431034 0.329579 0.532437 0.308101 -0.130042 -0.012259 0.085894 -0.074128 -0.340013 -0.326298 -0.472204 -0.467334 0.233737 -0.070898 0.116471 0.120486 -0.195203 -0.410230 -0.197857 -0.091997 -0.209035 -0.367236 -0.496745 -0.463367 -0.131224 0.035674 0.188073 0.089066 -0.423109 -0.378145 0.051673 0.159964 -0.046465 0.114612
0.020399 0.472939 -0.432623 -0.028627 -0.239102 -0.145807 -0.006049 0.050109 -0.356263 -0.139152 -0.414916 -0.020993 -0.221515 -0.239949 -0.263662 0.506011 -0.087685 0.450442 0.025101 -0.124434 0.231048 0.075738 -0.396022 -0.471515 -0.180473 0.091283 -0.321196 -0.352100 0.317926 1.000000 -0.094836 0.081866 0.164426 0.245040 -0.113922 -0.159198 0.300462 0.322799 0.096909 0.144693 0.512124 0.317621 0.143072 0.025667 0.404797 -0.096635 0.455534 0.041205 -0.154682 0.259416 -0.184011 0.001675 0.146609 0.070364 -0.179070 0.184807 0.015620 0.275798 -0.217757 0.083250 -0.399367 0.085492 0.010901 0.326674 -0.599116 -0.487508 -0.328700 -0.573094 0.028749 -0.045517 -0.316634 0.025849 0.562984 0.376872 0.067877 0.037525 -0.086324 -0.121637 0.307270 0.287426 0.318692 0.431080 0.010754 0.571038 0.164849 0.424425 -0.272892 0.174564 -0.135958 -0.014619 -0.107364 -0.374073 -0.307130 -0.321593 0.081334 -0.205298 0.212626 0.083392 0.364198 0.164849 -0.184611 -0.157016 -0.056722 -0.280459 -0.442125 -0.378971 0.124234 -0.299031 -0.061189 -0.075501 -0.325768 0.073242 0.138791 -0.030790 -0.072153 0.035349
0.048574 0.141473 0.174721 0.346351 -0.015202 0.121814 -0.210022 -0.210944 -0.231928 -0.262400 -0.238035 -0.089506 -0.131679 -0.192201 -0.041208 -0.066430 -0.040194 0.002808 0.055001 -0.025691 0.041858 0.148752 0.261932 0.212635 0.611164 0.477261 0.257640 0.216211 0.166764 -0.094836 1.000000 0.628362 0.164244 0.103947 0.292780 0.112890 0.049100 0.019246 0.019298 -0.007930 0.064185 -0.301621 0.045551 -0.001114 -0.034587 0.107448 0.044230 -0.317419 -0.052300 -0.033081 0.299561 0.165199 0.019034 0.104552 0.103170 -0.103505 0.048716 -0.082239 -0.137108 -0.155265 -0.250247 -0.290511 -0.236977 -0.271759 0.192754 -0.073471 -0.114279 0.136662 -0.076751 -0.132508 -0.081620 -0.151827 -0.077504 -0.277316 -0.230356 -0.221717 -0.334528 -0.261664 0.237494 0.299508 0.007076 -0.003391 -0.123312 -0.136895 -0.128911 -0.053985 -0.157826 -0.193860 -0.193595 0.214012 -0.212008 -0.059047 -0.082491 -0.070214 0.140794 -0.109713 0.011048 -0.217165 -0.224667 -0.100664 0.008039 0.077095 -0.149589 -0.075052 0.004101 0.000101 -0.175494 0.312619 -0.060373 0.313037 -0.002204 0.098298 0.125551 0.057717 0.054616 0.149891
-0.175881 0.050865 -0.056244 0.357738 -0.090352 0.064511 -0.290179 -0.236785 -0.083163 -0.011917 -0.201420 -0.022420 -0.036702 0.013299 0.049888 0.214539 0.178687 0.291151 -0.281746 -0.266328 0.178752 0.249108 0.175731 0.378787 0.422768 0.641009 0.128218 0.096466 0.451085 0.081866 0.628362 1.000000 0.060614 0.391593 0.075048 0.220758 0.081654 -0.000016 0.019705 0.078754 -0.000383 -0.251104 0.038343 -0.069563 -0.130307 -0.014355 0.071971 -0.381415 -0.267986 -0.185764 0.158915 -0.090265 -0.000168 -0.118109 -0.214795 -0.109085 0.082068 -0.175127 -0.172185 -0.273946 -0.276474 -0.157189 -0.223847 -0.058670 0.152426 0.158969 -0.292265 -0.143145 -0.032386 -0.314524 -0.139830 -0.079236 -0.127714 -0.261517 -0.217302 -0.286660 -0.286778 -0.314043 0.522052 0.452407 0.420354 0.280021 0.035935 -0.059753 0.140641 0.086922 -0.203312 -0.065479 -0.218115 -0.079846 -0.342001 -0.294379 -0.257114 -0.286849 0.203951 -0.072858 0.185700 0.087230 -0.286678 -0.121769 -0.070701 -0.159939 -0.288774 -0.282524 -0.278654 -0.250433 -0.299572 0.100637 -0.048203 0.202600 -0.021112 -0.193015 0.076552 0.033744 0.151202 0.310531
0.116606 0.518513 -0.261038 0.117086 -0.292187 -0.090682 0.043208 -0.146907 -0.234533 -0.249095 -0.220782 -0.053280 -0.111997 -0.216058 -0.126787 0.060179 -0.046736 0.164798 0.059004 0.208085 -0.151223 -0.097481 -0.030943 -0.361555 -0.035330 -0.120364 -0.243372 -0.269038 0.033667 0.164426 0.164244 0.060614 1.000000 0.563147 0.031103 -0.031459 0.221888 0.205432 -0.131638 -0.150225 0.278437 -0.148944 -0.046747 -0.100605 0.207423 -0.235582 0.087954 -0.065218 -0.048913 -0.068797 0.076879 -0.080709 -0.069323 -0.041909 0.088251 0.070594 0.445601 0.478831 -0.271953 -0.105301 -0.210950 -0.055934 0.199195 0.114235 -0.199994 -0.069279 0.292232 -0.046512 0.395134 0.096105 -0.249535 0.011944 0.340244 0.087127 -0.009318 0.056505 0.045424 0.255302 -0.087447 -0.011360 0.009382 0.018203 -0.258502 -0.006859 -0.088525 -0.030157 0.055975 -0.337081 -0.203170 -0.084165 -0.294461 -0.191903 -0.275545 -0.217493 0.022693 -0.218431 -0.212487 -0.155353 0.074567 0.130455 -0.170818 -0.159821 0.140806 -0.124948 0.043508 -0.088163 -0.102262 0.042258 -0.245034 0.237988 -0.150891 0.209891 0.114698 0.300584 0.285744 0.318372
-0.061202 0.142766 -0.107425 0.057349 -0.113048 -0.168100 0.048616 -0.106203 -0.146763 -0.112895 -0.017518 0.017754 0.140624 -0.067209 -0.016150 0.150695 0.204579 0.456312 -0.160157 -0.080196 -0.064041 0.005736 -0.024046 -0.079880 -0.084676 0.073289 -0.271860 -0.410431 0.421579 0.245040 0.103947 0.391593 0.563147 1.000000 -0.038370 0.112835 -0.024221 0.061640 -0.358579 -0.297071 0.132633 -0.399466 -0.013473 -0.098988 0.038764 -0.191247 -0.014225 -0.217325 -0.092153 -0.142654 0.061946 -0.238891 -0.152023 -0.356163 -0.325263 -0.108045 0.402353 0.315532 -0.075361 -0.147473 -0.077887 0.061254 0.209012 0.288890 -0.184826 0.114235 0.194402 -0.100088 0.183702 -0.194030 -0.067188 0.032826 0.295646 -0.150434 -0.203782 -0.072660 -0.143453 -0.012801 0.208657 0.253765 0.357362 0.215210 -0.221310 -0.045125 -0.111500 0.016932 -0.055961 -0.382080 -0.429965 -0.309883 -0.418920 -0.304603 -0.394779 -0.209387 -0.071430 -0.125459 -0.112795 0.108494 -0.184416 -0.009855 -0.260463 -0.206929 -0.024967 -0.078678 -0.220399 -0.129605 -0.192531 0.140498 -0.223787 0.467467 -0.089984 0.017053 0.223919 0.263614 0.448722 0.394004
-0.205180 -0.144220 0.202089 0.110114 0.001676 -0.070833 -0.095771 -0.122549 -0.043120 -0.234262 -0.087019 -0.194434 -0.123494 -0.171911 -0.093759 -0.090590 -0.087242 -0.172678 0.009698 -0.166399 -0.216312 -0.247314 0.028065 -0.108934 0.293877 0.094947 0.005039 0.032749 -0.152654 -0.113922 0.292780 0.075048 0.031103 -0.038370 1.000000 0.479215 -0.096896 0.082396 0.153969 0.002784 -0.118111 -0.039192 0.105518 -0.159375 0.104370 0.275525 0.009280 -0.093434 0.039544 0.055919 -0.035851 -0.115206 -0.159902 -0.155909 0.025332 -0.238192 0.027878 0.043889 0.113478 0.019085 0.086457 0.140659 0.113377 0.011303 0.106553 -0.016888 0.377908 0.418139 0.025281 0.003565 -0.084851 -0.072910 -0.120408 -0.163708 -0.349520 -0.190561 -0.151312 -0.004265 -0.024631 0.011137 -0.152808 0.016490 -0.123878 -0.005068 -0.030045 0.229715 -0.237121 0.073727 0.008461 0.096457 -0.241464 -0.007816 -0.031600 -0.054374 -0.033919 -0.058944 -0.114342 -0.454468 -0.127016 -0.124735 -0.152747 0.009607 -0.050941 -0.003753 -0.039688 0.036528 -0.053958 -0.156682 -0.134398 0.139901 -0.003894 0.157892 0.025195 -0.262542 -0.073768 -0.230065
-0.269261 -0.290316 0.143049 0.008194 0.041783 -0.044703 -0.006723 0.064664 -0.053379 -0.006418 -0.136404 -0.177623 -0.055555 0.055535 -0.302517 -0.009146 0.003551 -0.096221 -0.138790 -0.191589 -0.068837 -0.022413 0.016253 -0.098925 0.173885 0.157228 0.041270 -0.091923 -0.213546 -0.159198 0.112890 0.220758 -0.031459 0.112835 0.479215 1.000000 -0.037993 -0.061620 -0.034989 -0.098101 -0.164216 -0.130208 -0.032188 -0.294010 -0.029651 0.136236 -0.103181 -0.225936 -0.092096 -0.023957 0.120999 -0.174374 -0.214938 -0.338946 -0.134579 -0.151257 0.035197 -0.033203 0.230878 0.103379 0.040632 0.332163 -0.099917 0.113283 0.126300 0.273715 0.413628 0.419627 -0.021993 0.010552 0.182077 0.089526 -0.122500 -0.127552 -0.188772 -0.221144 -0.024398 0.029119 -0.043855 -0.100621 -0.066533 -0.022926 -0.221642 -0.179494 -0.141094 0.012331 -0.082833 -0.174907 -0.209577 -0.091636 -0.185501 -0.197584 0.096105 0.016787 -0.124634 0.150044 -0.121443 -0.046136 -0.141004 0.186029 -0.049519 0.093330 -0.049259 0.039794 0.032083 0.041769 -0.302467 0.037693 -0.299257 0.181248 0.239625 0.166491 0.047708 -0.110405 0.139346 -0.074693
