1.000000 0.406166 -0.051427 -0.259841 -0.262569 -0.357924 0.303498 -0.138579 -0.027554 -0.216346 0.541398 0.114520 0.368820 0.051170 0.038660 -0.018514 0.646523 0.447559 0.368594 0.312180 -0.342144 -0.378157 -0.321525 -0.428401 -0.662431 -0.717689 -0.539584 -0.521947 0.330985 0.195903 -0.551841 -0.556156 0.407628 0.123942 -0.410811 -0.230974 -0.064158 -0.415862 -0.192806 -0.318255 -0.132290 -0.097702 -0.583217 -0.596231 -0.356721 -0.656815 -0.175921 -0.370974 0.089033 0.005024 -0.046006 -0.059940 0.371477 0.113367 0.205823 0.039093 0.431631 0.437137 0.557992 0.178732 0.743243 0.142796 0.591328 0.255741 0.222059 -0.213956 0.152517 -0.504820 0.456747 0.414939 -0.243561 -0.344329 0.221393 -0.203479 -0.049284 -0.101416 -0.345555 -0.519176 0.149088 0.429488 0.453530 0.564755 0.035931 0.106508 0.286785 0.343251 -0.119029 0.443329 0.066221 0.209369 -0.395226 -0.130944 -0.402306 0.053662 -0.301682 -0.511788 -0.147712 0.022234 0.161886 -0.000152 -0.246784 0.155305 -0.119788 0.059658 -0.101605 -0.213456 0.013263 0.169593 -0.258901 -0.352060 -0.533191 -0.228869 -0.364555 -0.334997 -0.271006 -0.017068
0.406166 1.000000 -0.367186 -0.122265 -0.302111 -0.434077 -0.225878 -0.346648 -0.343803 -0.462024 -0.094363 -0.240305 -0.197354 -0.386102 -0.294676 -0.264650 0.383601 0.579146 0.089287 0.035227 -0.132481 -0.296158 -0.517401 -0.717661 -0.304643 -0.350457 -0.198984 -0.266454 0.058860 0.351427 -0.423933 -0.315541 0.476219 -0.029006 -0.300478 -0.319109 0.090485 -0.171899 0.206968 -0.169434 -0.054672 0.045539 -0.336707 -0.379361 0.145731 -0.283562 0.381900 0.031777 0.115708 0.348465 0.224370 0.266216 0.379375 0.504605 0.322412 0.372967 0.801325 0.805155 0.144685 0.171287 0.130131 -0.260245 0.266891 0.293507 -0.381345 -0.492905 0.136176 -0.448617 0.737929 0.468770 -0.220083 -0.169535 0.148712 -0.006116 0.041289 -0.177874 -0.316564 -0.430022 0.216049 0.458571 0.640653 0.663958 -0.336606 -0.000709 0.324035 0.583374 -0.094953 0.336516 -0.144479 0.285237 -0.194225 -0.515711 -0.553419 -0.500650 -0.213538 -0.149242 0.198419 0.130651 0.567615 -0.010531 -0.016456 0.072244 0.125937 -0.096860 -0.072543 -0.242470 0.013453 0.093753 -0.170372 -0.175731 -0.071474 -0.127722 0.090349 -0.224708 -0.307534 -0.159510
-0.051427 -0.367186 1.000000 0.230471 -0.254555 -0.182459 0.570066 0.026145 -0.079317 -0.260280 -0.111101 -0.182313 -0.090728 -0.370258 -0.143859 -0.409944 -0.224979 -0.512188 0.182749 0.174218 0.247627 0.204669 0.323150 0.341644 0.098304 0.148413 0.163829 0.248375 -0.076447 -0.368988 0.317366 0.357967 -0.085179 0.163191 0.325539 0.298798 0.009528 0.053830 0.118541 0.187155 0.164324 0.018057 0.105702 0.061154 -0.125044 -0.015579 -0.337404 0.017614 -0.353106 -0.441407 -0.024112 -0.327294 -0.254098 -0.029764 -0.264999 -0.315231 -0.318746 -0.405268 -0.267446 -0.495505 -0.013361 -0.124078 0.008345 -0.439552 0.316301 0.026951 -0.127008 0.258908 -0.272838 -0.213311 0.378328 0.300758 -0.029731 0.016153 0.062619 0.097903 0.236122 0.343174 -0.233045 -0.368643 -0.285239 -0.412191 0.142206 0.000346 -0.087260 -0.324002 -0.103852 -0.099651 0.102430 -0.138889 0.205509 0.708149 0.342749 0.548586 0.120469 -0.037193 -0.168093 -0.059087 -0.205688 0.406284 -0.101826 0.196297 -0.069337 0.269950 -0.052152 0.230305 -0.165101 0.113323 -0.003099 0.033296 0.117959 0.362073 0.097263 0.231630 0.146868 0.121226
-0.259841 -0.122265 0.230471 1.000000 0.087647 0.026710 -0.036587 0.285034 -0.100694 0.140823 -0.284528 0.127659 -0.340006 -0.204997 -0.266255 -0.124823 -0.143719 -0.308412 0.005044 0.050440 -0.095431 -0.105958 0.077083 0.271759 0.163590 0.285380 0.096217 0.146616 0.002034 -0.231414 0.361223 0.486984 -0.132642 0.035134 0.093864 0.066850 -0.016565 -0.007135 -0.054971 -0.029208 0.123476 0.104722 0.212216 0.301168 0.032760 0.188416 0.086453 0.211493 -0.372962 -0.161530 -0.079260 -0.090910 -0.224395 0.001879 -0.297705 -0.117943 -0.166439 -0.321876 -0.367527 -0.232435 -0.186658 0.105800 0.035907 0.102720 0.092801 -0.036602 -0.178763 0.151667 -0.311711 -0.361054 -0.006897 0.288461 0.005922 0.071176 0.071450 0.067275 -0.044842 0.187302 -0.045624 -0.389135 -0.090259 -0.297224 0.216286 0.129736 0.109506 0.099514 -0.148400 -0.175601 -0.210082 0.054809 0.065042 0.023187 0.234406 0.078864 0.079582 0.098952 -0.061077 -0.020773 -0.004764 -0.100576 0.061215 -0.082736 -0.084195 -0.161704 -0.366251 -0.087036 -0.049611 0.147124 -0.023168 -0.008088 -0.045879 0.138691 -0.040291 -0.061104 0.055194 0.142504
-0.262569 -0.302111 -0.254555 0.087647 1.000000 0.652247 -0.022345 0.399517 0.722906 0.731395 0.188756 0.333573 0.337810 0.568386 0.577423 0.646879 -0.276153 -0.213648 -0.130059 -0.085901 -0.351117 -0.151077 0.225438 0.359451 0.234317 0.131542 -0.130935 -0.134977 0.242353 -0.016819 0.209524 0.014442 -0.334331 -0.241714 -0.281746 -0.095279 -0.323126 -0.111513 -0.277898 -0.210690 0.041028 -0.222940 0.285364 0.236553 0.024196 0.245166 0.154755 0.124235 0.359156 0.168285 -0.199898 0.358197 -0.051798 -0.214228 -0.383489 0.038365 -0.437778 -0.345576 0.093916 0.349848 -0.062476 0.180678 -0.361761 0.129320 -0.087309 0.266799 -0.062091 -0.009279 -0.361503 -0.202859 0.015434 -0.108487 0.059895 -0.057531 -0.059436 0.131498 -0.107083 0.019519 -0.353794 -0.243080 -0.488606 -0.436276 0.263432 -0.067919 -0.353724 -0.326210 -0.352580 -0.442881 -0.045064 -0.328902 0.061861 -0.151718 0.056543 0.118077 -0.212872 0.048345 -0.131164 -0.302479 -0.229979 -0.362534 -0.039356 -0.306057 -0.027416 -0.128601 0.115052 0.104973 0.060973 -0.118407 -0.054792 -0.002091 -0.190853 -0.287511 -0.116517 -0.060616 0.120609 0.037701
-0.357924 -0.434077 -0.182459 0.026710 0.652247 1.000000 -0.003983 0.387387 0.459030 0.656529 0.095522 0.164644 0.169329 0.531467 0.359514 0.420026 -0.333459 -0.287667 -0.323022 -0.144774 -0.078365 0.063162 0.241335 0.466924 0.297700 0.326860 0.072989 0.210539 0.011581 -0.105652 0.234150 0.115926 -0.356869 -0.233906 -0.117190 -0.013610 -0.123885 -0.041942 -0.255884 0.002120 0.115751 -0.150825 0.294684 0.336565 0.035925 0.382483 0.014154 0.001954 0.079781 -0.012744 -0.163037 0.081189 -0.258384 -0.270747 -0.256654 -0.090233 -0.455434 -0.420333 -0.153040 0.051390 -0.243282 0.180343 -0.476799 -0.043373 0.099511 0.390455 -0.085223 0.171861 -0.360050 -0.231715 0.071723 -0.005438 -0.076233 -0.031017 -0.080631 0.002083 0.023107 0.023129 -0.254749 -0.200166 -0.435143 -0.416583 0.284405 0.033071 -0.158279 -0.190918 -0.083218 -0.337068 0.084617 -0.241621 0.070046 0.010359 0.208587 0.105655 0.121846 0.070383 0.077773 0.002279 -0.196717 -0.225474 0.032852 -0.232145 -0.104963 -0.198742 0.037336 0.009439 0.113580 -0.059347 0.003428 -0.050697 0.001386 -0.256258 0.007710 -0.063753 0.161685 0.109503
0.303498 -0.225878 0.570066 -0.036587 -0.022345 -0.003983 1.000000 0.321856 0.299034 -0.002895 0.291615 0.207364 0.421559 0.104326 0.083295 0.012261 0.093978 -0.314090 0.050640 0.206969 0.099117 0.091310 0.046333 0.129280 -0.366983 -0.280037 -0.297001 -0.263506 0.224451 -0.126534 -0.030391 0.061706 0.143805 0.385382 -0.125308 0.284264 -0.155323 -0.176048 -0.096919 -0.062653 0.206220 -0.272106 -0.251106 -0.303191 -0.434034 -0.378111 -0.508129 -0.333049 -0.105943 -0.435304 -0.193551 -0.315476 -0.231714 -0.196318 -0.300314 -0.457584 -0.229592 -0.308331 0.013144 -0.247312 0.490736 0.325676 0.084715 -0.033696 0.539594 0.163195 -0.100518 -0.149040 -0.215567 -0.141978 0.291090 0.152746 0.164252 -0.118604 -0.056026 0.149317 0.078473 0.216527 -0.295720 -0.236008 -0.290070 -0.270329 0.147317 0.078932 -0.245483 -0.415853 -0.286622 -0.095569 0.131354 -0.123172 0.011993 0.539686 0.306391 0.599935 -0.076574 -0.202419 -0.404887 -0.123963 -0.204583 0.238913 -0.117328 0.017918 -0.178574 0.123406 -0.118383 0.067099 -0.004589 0.225297 -0.128698 -0.112413 -0.289766 0.008597 -0.035241 0.005321 0.084780 -0.085210
-0.138579 -0.346648 0.026145 0.285034 0.399517 0.387387 0.321856 1.000000 0.408938 0.572018 0.002670 0.674722 0.245085 0.541019 0.057318 0.425494 -0.090505 -0.139580 -0.162082 0.215941 -0.189972 -0.125971 -0.140938 0.219677 -0.183848 -0.030102 -0.426226 -0.255878 0.343960 0.067015 0.044607 0.247375 -0.137776 0.297428 -0.234187 0.374174 -0.243730 -0.166076 -0.307270 0.055164 -0.043645 -0.198558 -0.011134 0.069024 -0.434611 -0.045656 -0.294096 -0.333736 -0.163744 -0.298277 -0.323873 -0.107334 -0.392581 -0.234924 -0.511136 -0.463429 -0.491172 -0.543805 -0.146867 0.036855 0.225522 0.718045 -0.057124 0.431129 0.257204 0.329476 -0.355044 -0.180196 -0.567150 -0.351855 0.148788 0.233620 0.219680 0.198221 0.241083 0.373311 0.150069 0.284431 -0.350532 -0.352105 -0.431012 -0.423343 0.339732 0.288995 -0.291458 -0.320163 -0.301727 -0.283856 -0.009538 -0.206350 0.072317 0.082034 0.430068 0.268164 -0.023272 0.075307 -0.496053 -0.150798 -0.391634 -0.142488 -0.049235 -0.281052 -0.205649 -0.116438 -0.094388 -0.065584 0.152851 0.064651 -0.116625 -0.115014 -0.460984 -0.120410 0.027474 -0.069791 0.145885 -0.127192
-0.027554 -0.343803 -0.079317 -0.100694 0.722906 0.459030 0.299034 0.408938 1.000000 0.648149 0.309220 0.473918 0.559680 0.610293 0.581166 0.611590 -0.067548 -0.282393 -0.115393 0.158244 -0.311043 -0.095011 0.140453 0.377143 -0.017903 -0.061333 -0.269415 -0.227579 0.338137 -0.050784 0.110951 -0.004412 -0.204917 0.076136 -0.227232 0.085067 -0.388311 -0.128175 -0.342713 -0.143009 0.057575 -0.350737 0.087343 0.038012 -0.269286 -0.038023 -0.169117 -0.136960 0.236597 -0.064587 -0.374936 0.042635 -0.145774 -0.359775 -0.427169 -0.287562 -0.357134 -0.335348 0.125532 0.159000 0.181685 0.348137 -0.114160 0.095868 0.182928 0.372343 -0.107688 -0.009516 -0.366999 -0.011615 0.037822 -0.171325 0.030148 -0.239474 -0.138432 0.058265 -0.081691 0.092476 -0.245212 -0.128873 -0.467434 -0.375672 0.260740 0.058067 -0.463002 -0.450401 -0.448053 -0.342314 -0.104969 -0.216732 0.105552 0.105363 0.243598 0.250937 -0.143128 -0.021319 -0.370800 -0.327799 -0.420552 -0.354310 0.064166 -0.297309 -0.242201 0.015724 0.177449 0.155283 0.092375 -0.154615 0.065701 -0.103747 -0.356772 -0.287242 -0.217229 0.048137 0.159088 -0.143242
-0.216346 -0.462024 -0.260280 0.140823 0.731395 0.656529 -0.002895 0.572018 0.648149 1.000000 0.194686 0.548972 0.317721 0.768279 0.421068 0.752056 -0.138044 -0.158537 -0.147952 0.044400 -0.386769 -0.197154 0.147476 0.480742 0.072347 0.074590 -0.272201 -0.185369 0.134084 -0.124130 0.181884 0.047187 -0.237219 0.015937 -0.221265 0.068547 -0.349005 -0.141657 -0.268521 -0.094606 -0.087761 -0.260935 0.068977 0.178020 -0.267338 0.120953 -0.158305 -0.153230 0.112544 -0.043149 -0.299056 0.010050 -0.204064 -0.438545 -0.363689 -0.217402 -0.446857 -0.434076 0.090352 0.271615 0.074346 0.522375 -0.313172 0.217344 0.189311 0.552510 -0.142354 0.059339 -0.452878 -0.142968 -0.093682 -0.103641 -0.071461 -0.030439 -0.000704 0.120060 -0.035227 0.060934 -0.198714 -0.096701 -0.439629 -0.357590 0.275869 0.042933 -0.218130 -0.266192 -0.156459 -0.263175 0.079450 -0.202298 -0.092687 -0.119357 0.265282 0.151366 -0.100526 0.020168 -0.243573 -0.248286 -0.430860 -0.353705 -0.144926 -0.298650 -0.236362 -0.153791 -0.047733 -0.055818 0.119475 -0.155251 0.022593 -0.137509 -0.352249 -0.326189 -0.110916 -0.124875 0.087136 -0.086419
0.541398 -0.094363 -0.111101 -0.284528 0.188756 0.095522 0.291615 0.002670 0.309220 0.194686 1.000000 0.230854 0.689556 0.437433 0.465994 0.419031 0.378507 0.029593 0.089173 -0.057227 -0.277494 -0.036847 0.062772 -0.027059 -0.324045 -0.333621 -0.308917 -0.343719 0.328118 0.114808 -0.178567 -0.386741 -0.072916 -0.078175 -0.328071 -0.192924 -0.154077 -0.269254 -0.106628 -0.307505 0.068655 -0.168265 -0.232005 -0.213310 -0.402452 -0.362403 -0.238396 -0.236572 0.268077 -0.049286 -0.140724 -0.084801 0.180911 -0.293197 0.110602 -0.014346 -0.176329 -0.000637 0.477583 0.267124 0.545253 0.158760 0.178609 0.042026 0.331796 0.067448 0.062115 -0.284300 0.019836 0.047917 -0.165444 -0.400840 0.122898 -0.199628 -0.008359 -0.045385 -0.257655 -0.374689 -0.007942 0.091739 0.080012 0.188044 0.231750 0.099564 0.137773 0.024768 0.023060 0.242125 0.231784 -0.033172 -0.393807 -0.035443 -0.264192 0.151248 -0.192266 -0.173409 -0.021244 -0.167793 -0.170899 -0.165428 -0.231427 -0.116464 -0.140656 -0.281227 -0.057470 -0.083924 0.116717 0.035498 0.069118 -0.179448 -0.368336 -0.323294 -0.231015 -0.005410 -0.112495 -0.083522
0.114520 -0.240305 -0.182313 0.127659 0.333573 0.164644 0.207364 0.674722 0.473918 0.548972 0.230854 1.000000 0.380846 0.666727 0.260737 0.647152 0.264486 0.113948 0.108003 0.212317 -0.334658 -0.210329 -0.091616 0.115754 -0.387490 -0.292763 -0.663824 -0.536448 0.514678 0.189637 -0.062584 0.035757 0.009180 0.367603 -0.356082 0.099911 -0.142073 -0.106311 -0.247723 0.035740 0.176792 -0.222255 -0.255692 -0.224457 -0.590449 -0.333442 -0.394727 -0.502254 -0.095231 -0.316362 -0.362863 -0.191062 -0.150842 -0.321677 -0.332133 -0.444794 -0.275732 -0.330548 0.057539 -0.016440 0.412436 0.684719 0.241197 0.510676 0.341860 0.253576 -0.358728 -0.349826 -0.356261 -0.134729 -0.011897 0.025613 0.280168 0.080175 0.229073 0.343083 0.140449 0.131719 -0.040752 -0.152875 -0.136849 -0.069491 0.509044 0.339268 -0.140040 -0.212525 -0.167990 -0.090024 -0.036434 -0.023732 -0.235881 -0.114420 0.269700 0.186714 -0.124780 0.010282 -0.526406 -0.176511 -0.396693 -0.349398 -0.064917 -0.247659 -0.291187 -0.192435 -0.158220 -0.203604 0.104629 -0.092458 0.021836 -0.120487 -0.623790 -0.323854 -0.216438 -0.137058 -0.045886 -0.176872
0.368820 -0.197354 -0.090728 -0.340006 0.337810 0.169329 0.421559 0.245085 0.559680 0.317721 0.689556 0.380846 1.000000 0.620242 0.568503 0.550383 0.394665 0.085337 0.010183 -0.151243 -0.392222 -0.096737 0.047358 -0.023977 -0.341709 -0.412571 -0.403416 -0.450627 0.451401 0.180575 -0.224384 -0.423685 0.017753 0.051637 -0.342462 0.020719 -0.213940 -0.222847 -0.287116 -0.260124 0.087345 -0.335661 -0.183533 -0.169406 -0.497366 -0.392416 -0.338576 -0.268021 0.373608 -0.109829 -0.156150 0.001345 0.194211 -0.302434 -0.066366 -0.123028 -0.244477 -0.075284 0.442155 0.260477 0.618449 0.329389 0.150880 0.158823 0.362824 0.293694 -0.028549 -0.315765 -0.053516 -0.143260 0.112233 -0.274414 0.289033 -0.153862 0.074575 0.144529 -0.016862 -0.083874 -0.092769 0.074142 -0.187090 0.032893 0.113645 -0.057255 -0.160621 -0.213906 -0.131278 -0.100887 0.250825 0.038583 -0.231717 0.012976 -0.057226 0.351613 -0.298473 -0.133477 -0.324151 -0.334854 -0.359019 -0.181562 -0.280468 -0.037977 -0.300893 -0.261418 -0.131946 -0.183039 -0.030720 0.093763 0.119580 -0.077404 -0.447751 -0.193185 -0.304591 -0.028880 -0.111668 -0.184346
0.051170 -0.386102 -0.370258 -0.204997 0.568386 0.531467 0.104326 0.541019 0.610293 0.768279 0.437433 0.666727 0.620242 1.000000 0.561649 0.808054 0.135752 0.088634 -0.131189 -0.016677 -0.367434 -0.149481 0.013192 0.200411 -0.156334 -0.187232 -0.436443 -0.322883 0.318630 0.086645 -0.117769 -0.244337 -0.136872 0.049296 -0.361330 -0.005348 -0.390431 -0.247374 -0.364886 -0.027531 0.021305 -0.386846 -0.067922 -0.001771 -0.404883 -0.108819 -0.257388 -0.338427 0.323624 -0.023185 -0.225825 0.042877 -0.011163 -0.468583 -0.214843 -0.155358 -0.393094 -0.298165 0.354536 0.362578 0.367265 0.586840 -0.094624 0.369209 0.225747 0.517229 -0.163246 -0.131006 -0.317047 -0.108864 -0.091825 -0.216403 0.090549 -0.140429 0.061904 0.132111 -0.058223 -0.076268 -0.089960 0.027766 -0.324865 -0.128096 0.253764 0.088003 -0.229611 -0.250617 -0.013490 -0.141483 0.144293 -0.050034 -0.277106 -0.193660 0.086036 0.110415 -0.195187 -0.041675 -0.267349 -0.246618 -0.456514 -0.365108 -0.163178 -0.318293 -0.224849 -0.274207 -0.032525 -0.203861 0.053766 -0.100454 0.031738 -0.177332 -0.463829 -0.427661 -0.189137 -0.083786 -0.076010 -0.192319
0.038660 -0.294676 -0.143859 -0.266255 0.577423 0.359514 0.083295 0.057318 0.581166 0.421068 0.465994 0.260737 0.568503 0.561649 1.000000 0.638478 0.033510 -0.079913 0.095352 -0.177227 -0.334979 -0.044370 0.202515 0.159886 0.012307 -0.078913 -0.243341 -0.225223 0.352276 0.044669 0.005182 -0.247541 -0.137964 -0.076661 -0.205084 -0.084181 -0.187735 -0.107446 -0.283474 -0.206405 0.170640 -0.233481 0.080999 -0.021499 -0.181513 -0.155177 -0.101641 -0.085018 0.399815 0.002448 -0.027206 0.113884 0.100746 -0.319877 -0.039999 0.101768 -0.325414 -0.118549 0.274997 0.202969 0.169516 0.077003 -0.172629 0.007232 0.099687 0.291040 0.028559 -0.105639 -0.158545 -0.079791 -0.009668 -0.328368 0.108500 -0.133885 0.005497 0.090189 0.071933 -0.037533 -0.068378 0.022029 -0.276148 -0.117419 0.331052 -0.021477 -0.166341 -0.203875 -0.044688 -0.125012 0.207161 -0.053382 -0.154947 -0.060900 -0.079129 0.133461 -0.164662 -0.046539 -0.207795 -0.084956 -0.367119 -0.204159 -0.114996 -0.190464 -0.085455 -0.234842 0.051684 -0.129378 0.050226 -0.171720 0.150495 -0.005397 -0.255036 -0.266257 -0.232008 0.186773 -0.077215 -0.141587
-0.018514 -0.264650 -0.409944 -0.124823 0.646879 0.420026 0.012261 0.425494 0.611590 0.752056 0.419031 0.647152 0.550383 0.808054 0.638478 1.000000 0.084238 0.025392 -0.021693 -0.122756 -0.453742 -0.148666 0.071166 0.153843 -0.142951 -0.159042 -0.437372 -0.401466 0.366002 0.154517 -0.063763 -0.210478 -0.233740 0.027250 -0.434048 -0.045841 -0.209749 -0.068711 -0.247397 -0.114110 0.074163 -0.150240 -0.067355 -0.048896 -0.394610 -0.180480 -0.112543 -0.218392 0.276357 -0.029936 -0.185421 0.090089 0.029795 -0.441461 -0.133507 -0.051219 -0.395906 -0.287372 0.268165 0.287695 0.313001 0.492623 -0.076196 0.340370 0.197052 0.360536 -0.183174 -0.273200 -0.309360 -0.171165 -0.064080 -0.265926 0.150400 0.060999 0.184362 0.221790 -0.019241 -0.055574 -0.144813 -0.054225 -0.237695 -0.110356 0.314457 0.174733 -0.128035 -0.197115 -0.044666 -0.060541 0.099984 -0.115815 -0.188728 -0.256705 0.040280 0.071563 -0.171241 0.044960 -0.266669 -0.198352 -0.348297 -0.355548 -0.195446 -0.188460 -0.202191 -0.308615 -0.002743 -0.128307 0.165243 -0.124021 0.134243 -0.084890 -0.462647 -0.378897 -0.092766 0.040055 -0.005881 -0.249276
0.646523 0.383601 -0.224979 -0.143719 -0.276153 -0.333459 0.093978 -0.090505 -0.067548 -0.138044 0.378507 0.264486 0.394665 0.135752 0.033510 0.084238 1.000000 0.667186 0.330577 0.107107 -0.443607 -0.224000 -0.432049 -0.474692 -0.568261 -0.615505 -0.519973 -0.634716 0.492669 0.343002 -0.406666 -0.491788 0.460922 0.136440 -0.435822 -0.280040 0.096983 -0.280703 -0.032994 -0.154570 0.076381 -0.159813 -0.516304 -0.503555 -0.409810 -0.618203 -0.143433 -0.390818 0.039516 -0.027815 -0.075544 -0.128693 0.413363 0.051616 0.307964 0.100172 0.442156 0.461822 0.376291 0.173379 0.639815 0.136947 0.593094 0.387948 0.127125 -0.182432 0.000172 -0.578415 0.428519 0.279740 -0.106370 -0.270037 0.394664 -0.082772 0.076335 0.031483 -0.205280 -0.304952 0.477241 0.548520 0.579772 0.677417 0.037439 0.058149 0.273693 0.326132 -0.028122 0.336012 0.127692 0.416135 -0.521438 -0.242761 -0.391090 -0.084368 -0.112791 -0.211234 -0.066794 -0.100866 0.101105 -0.157327 -0.172837 0.104549 -0.251970 -0.260259 -0.327622 -0.348532 0.118240 0.218160 -0.030696 -0.197784 -0.504078 -0.209709 -0.371657 -0.417800 -0.348143 -0.128620
0.447559 0.579146 -0.512188 -0.308412 -0.213648 -0.287667 -0.314090 -0.139580 -0.282393 -0.158537 0.029593 0.113948 0.085337 0.088634 -0.079913 0.025392 0.667186 1.000000 0.267904 0.059062 -0.391527 -0.401462 -0.489239 -0.635826 -0.424494 -0.543428 -0.444272 -0.506117 0.332012 0.489197 -0.488049 -0.519219 0.477172 0.076258 -0.394936 -0.256618 0.086811 -0.135608 0.121478 -0.062141 -0.109158 -0.009055 -0.437340 -0.437266 -0.088585 -0.360458 0.155912 -0.239238 0.137206 0.262927 0.035637 0.107789 0.443418 0.179234 0.354245 0.336855 0.617157 0.657602 0.317588 0.312617 0.342729 0.052358 0.376468 0.575447 -0.286921 -0.198379 -0.002514 -0.522005 0.547611 0.353116 -0.159520 -0.163953 0.351021 0.126377 0.193059 0.041486 -0.157028 -0.309740 0.360953 0.675734 0.590271 0.749110 -0.170661 -0.042182 0.264901 0.440730 0.043892 0.298893 0.050643 0.379678 -0.440365 -0.605537 -0.549211 -0.431293 -0.202263 -0.130299 0.058628 -0.060840 0.184452 -0.142844 -0.133255 0.039651 -0.023496 -0.196347 -0.136096 -0.415815 -0.013554 -0.004727 -0.239029 -0.202600 -0.329452 -0.211009 -0.225246 -0.420742 -0.488444 -0.214858
0.368594 0.089287 0.182749 0.005044 -0.130059 -0.323022 0.050640 -0.162082 -0.115393 -0.147952 0.089173 0.108003 0.010183 -0.131189 0.095352 -0.021693 0.330577 0.267904 1.000000 0.316428 -0.194416 -0.270697 -0.083023 -0.214481 -0.320855 -0.451561 -0.331987 -0.381073 0.338207 0.115923 -0.065966 -0.121104 0.294790 0.153438 -0.104857 -0.201211 0.191872 0.005905 0.020850 -0.071530 0.042007 0.229619 -0.245200 -0.317798 -0.191944 -0.431897 -0.051903 -0.135948 -0.174712 -0.196518 -0.059761 -0.121384 0.095762 0.012813 0.075949 -0.006328 0.142704 0.134741 0.115816 -0.072619 0.214986 -0.095335 0.313300 0.089313 0.145401 -0.247383 0.002250 -0.392780 0.170067 0.148513 0.195280 0.068163 0.330909 0.195592 0.196650 0.373850 0.127932 0.039601 -0.052439 0.146680 0.242464 0.207890 0.375109 0.156432 0.218070 0.047254 0.028402 0.325215 -0.002160 0.029278 -0.139631 0.053436 -0.194402 0.120450 -0.106494 -0.138050 -0.083139 -0.034552 0.083134 0.073657 -0.339908 0.416232 -0.135410 -0.002455 -0.130771 -0.145302 -0.066928 0.138190 -0.092173 -0.085071 -0.351207 0.037469 -0.104272 -0.044141 -0.278741 -0.041558
0.312180 0.035227 0.174218 0.050440 -0.085901 -0.144774 0.206969 0.215941 0.158244 0.044400 -0.057227 0.212317 -0.151243 -0.016677 -0.177227 -0.122756 0.107107 0.059062 0.316428 1.000000 0.007871 -0.156200 -0.268082 0.021653 -0.379882 -0.342483 -0.274547 -0.137116 0.202147 0.091789 -0.107391 0.082799 0.085154 0.374596 -0.093223 0.035259 -0.212675 -0.127917 -0.121284 0.110178 -0.065812 -0.031100 -0.210725 -0.231197 -0.336291 -0.289645 -0.234345 -0.228975 -0.424175 -0.320069 -0.341284 -0.264187 -0.257932 0.026833 -0.276836 -0.421196 0.093107 -0.096197 -0.069311 -0.070322 0.214788 0.253644 0.157978 0.163279 0.157950 -0.094409 -0.177313 -0.160797 -0.052520 0.493284 -0.066296 0.051519 0.062097 -0.117050 -0.088618 0.075547 -0.176030 0.020283 -0.138988 0.005946 0.059496 -0.022794 0.369109 0.450117 0.010553 -0.105955 -0.241743 0.350821 -0.090255 -0.144505 0.134367 0.220487 0.062548 -0.006097 -0.114402 -0.138803 -0.232033 0.028832 -0.215828 0.045254 0.073902 0.013498 -0.168719 0.333563 0.341330 0.240593 -0.059239 -0.154450 -0.262130 -0.222354 -0.287833 -0.070897 -0.139222 -0.133634 0.131469 0.227354
-0.342144 -0.132481 0.247627 -0.095431 -0.351117 -0.078365 0.099117 -0.189972 -0.311043 -0.386769 -0.277494 -0.334658 -0.392222 -0.367434 -0.334979 -0.453742 -0.443607 -0.391527 -0.194416 0.007871 1.000000 0.604949 0.149663 0.103520 0.325593 0.463697 0.503472 0.513223 -0.406252 -0.207225 0.266927 0.473721 -0.138602 0.138292 0.516985 0.304145 0.139465 0.283261 0.291925 0.279833 0.116007 0.105008 0.249652 0.200910 0.257307 0.284190 -0.082015 0.170684 -0.239613 -0.242417 0.087611 -0.215578 -0.452148 0.057118 0.024400 -0.276736 -0.090052 -0.117046 -0.485636 -0.423496 -0.411063 -0.308097 -0.294822 -0.388072 -0.088677 -0.121730 0.088463 0.382500 -0.089395 -0.092501 0.255515 0.501401 -0.217871 -0.097580 -0.165488 0.010351 0.249132 0.415256 -0.098493 -0.291438 -0.214620 -0.335734 -0.166041 0.014286 -0.203113 -0.299482 0.291333 -0.072311 -0.048260 -0.290150 0.237166 0.324221 0.190599 0.019522 0.247379 0.210479 0.147621 0.220425 0.067643 0.274567 0.229959 0.018336 0.163190 0.257623 0.375875 0.426361 0.026625 -0.040462 0.079569 0.272406 0.666753 0.181977 0.310932 0.389992 0.269088 0.199605
-0.378157 -0.296158 0.204669 -0.105958 -0.151077 0.063162 0.091310 -0.125971 -0.095011 -0.197154 -0.036847 -0.210329 -0.096737 -0.149481 -0.044370 -0.148666 -0.224000 -0.401462 -0.270697 -0.156200 0.604949 1.000000 0.081319 0.161053 0.322627 0.483788 0.455373 0.396634 -0.136974 -0.032975 0.255260 0.377674 -0.369139 -0.059550 0.303714 0.069955 0.040408 0.152898 0.148412 0.202296 0.238304 0.136284 0.337935 0.278388 0.193259 0.275702 -0.003434 0.172835 -0.025269 -0.146509 0.109719 -0.116920 -0.223268 -0.107310 0.080285 -0.162481 -0.346136 -0.260587 -0.381168 -0.315205 -0.317081 -0.249388 -0.235784 -0.315645 -0.037704 -0.066304 -0.172127 0.243158 -0.247246 -0.189617 0.196465 0.280439 -0.161118 -0.105631 -0.210121 0.010925 0.194984 0.302806 0.100397 -0.290216 -0.134998 -0.267638 -0.003137 0.138767 -0.291547 -0.299617 0.183834 -0.113473 -0.029722 -0.267645 0.223584 0.326221 0.197933 0.023446 0.355874 0.446753 0.231109 0.160821 0.064849 0.250485 0.125703 -0.042000 0.088249 -0.018118 0.277727 0.478182 0.237876 0.043027 0.348801 0.497771 0.553165 0.235171 0.283911 0.271189 0.502067 0.248408
-0.321525 -0.517401 0.323150 0.077083 0.225438 0.241335 0.046333 -0.140938 0.140453 0.147476 0.062772 -0.091616 0.047358 0.013192 0.202515 0.071166 -0.432049 -0.489239 -0.083023 -0.268082 0.149663 0.081319 1.000000 0.747625 0.591862 0.455303 0.482442 0.500613 -0.418826 -0.524549 0.563874 0.170864 -0.373299 -0.151895 0.315212 0.198431 0.043493 0.295832 0.016590 0.050557 0.109843 0.077907 0.194068 0.285469 0.033779 0.200553 -0.181078 0.192775 -0.125004 -0.222157 0.056243 -0.064081 -0.233464 -0.053282 -0.114108 -0.136246 -0.369971 -0.404550 -0.095110 -0.328571 -0.361618 -0.077361 -0.446370 -0.654395 0.265763 0.411167 0.019031 0.538571 -0.283158 -0.289460 0.184212 -0.001821 -0.289363 0.007245 0.035874 0.016621 0.253640 0.202131 -0.152649 -0.256738 -0.467350 -0.460585 0.108696 -0.420303 0.018187 -0.297307 0.139284 -0.344559 0.209023 -0.065088 0.009755 0.311670 0.186168 0.305362 0.078370 0.082159 -0.033086 -0.216274 -0.352307 -0.041953 -0.069481 -0.148611 -0.089087 -0.016297 -0.012868 0.080301 -0.221908 -0.249058 0.270452 0.089551 0.318459 0.039917 -0.034421 0.200002 0.083831 0.242282
-0.428401 -0.717661 0.341644 0.271759 0.359451 0.466924 0.129280 0.219677 0.377143 0.480742 -0.027059 0.115754 -0.023977 0.200411 0.159886 0.153843 -0.474692 -0.635826 -0.214481 0.021653 0.103520 0.161053 0.747625 1.000000 0.528571 0.515833 0.350007 0.462149 -0.364371 -0.614996 0.542529 0.364622 -0.438492 -0.050132 0.262938 0.235119 -0.143692 0.195443 -0.112004 0.103993 0.057794 -0.059724 0.254903 0.403390 -0.083055 0.297783 -0.320981 0.064978 -0.278091 -0.349600 -0.257264 -0.238990 -0.496062 -0.275009 -0.360325 -0.391454 -0.540165 -0.651174 -0.224769 -0.324028 -0.318090 0.192335 -0.489426 -0.490399 0.402416 0.546168 -0.132489 0.613027 -0.506059 -0.216861 0.140997 0.137696 -0.393095 -0.122015 -0.110017 -0.029904 0.203528 0.358999 -0.239213 -0.403790 -0.624391 -0.706154 0.256039 -0.251457 -0.144459 -0.449908 -0.102320 -0.388681 0.171954 -0.150235 0.151116 0.465435 0.500094 0.344841 0.258988 0.105534 -0.148927 -0.161241 -0.463741 -0.046378 0.076152 -0.265766 -0.261745 0.108776 0.049542 0.253284 -0.091340 -0.175560 0.214996 0.042030 0.228152 0.049015 -0.022848 0.085848 0.286291 0.336324
-0.662431 -0.304643 0.098304 0.163590 0.234317 0.297700 -0.366983 -0.183848 -0.017903 0.072347 -0.324045 -0.387490 -0.341709 -0.156334 0.012307 -0.142951 -0.568261 -0.424494 -0.320855 -0.379882 0.325593 0.322627 0.591862 0.528571 1.000000 0.882182 0.763908 0.724032 -0.416334 -0.332494 0.675444 0.470707 -0.448723 -0.334778 0.465881 0.103605 0.029349 0.222732 0.110033 0.138608 0.010749 0.117186 0.523407 0.556271 0.562537 0.681557 0.225849 0.427019 -0.039142 0.124221 0.119855 0.123266 -0.304787 -0.012542 -0.126276 0.086785 -0.276072 -0.256396 -0.351894 -0.205830 -0.735887 -0.448440 -0.548052 -0.503211 -0.334874 0.139864 -0.014459 0.628245 -0.230563 -0.314901 0.195499 0.182702 -0.248983 0.059400 -0.037551 0.005532 0.145259 0.219576 0.017669 -0.259519 -0.365466 -0.466354 -0.197344 -0.351247 -0.153687 -0.128748 0.160310 -0.439715 -0.102439 -0.210838 0.142543 0.103590 0.154389 0.000152 0.219082 0.249192 0.321911 -0.078829 -0.022360 -0.072938 0.138896 -0.172927 0.104988 0.001285 0.094071 0.207103 -0.092327 -0.188778 0.261148 0.222687 0.645306 0.187218 0.144682 0.175436 0.081813 0.249599
-0.717689 -0.350457 0.148413 0.285380 0.131542 0.326860 -0.280037 -0.030102 -0.061333 0.074590 -0.333621 -0.292763 -0.412571 -0.187232 -0.078913 -0.159042 -0.615505 -0.543428 -0.451561 -0.342483 0.463697 0.483788 0.455303 0.515833 0.882182 1.000000 0.694971 0.715266 -0.372877 -0.274863 0.701311 0.668980 -0.471752 -0.222673 0.466351 0.196396 0.088938 0.252073 0.159471 0.156606 0.059809 0.175630 0.573827 0.595304 0.494876 0.696855 0.229967 0.392811 -0.145969 0.044299 0.022783 0.009406 -0.432641 -0.048504 -0.193495 -0.039262 -0.381369 -0.352902 -0.506163 -0.355510 -0.754505 -0.374077 -0.536612 -0.443783 -0.284620 0.065713 -0.100801 0.569733 -0.349500 -0.383041 0.179877 0.294137 -0.242170 0.127496 -0.006140 0.026215 0.205203 0.293325 0.024584 -0.403933 -0.330838 -0.511721 -0.102294 -0.095277 -0.172673 -0.145316 0.150850 -0.393501 -0.160754 -0.309275 0.231801 0.140239 0.279774 -0.048208 0.299671 0.305824 0.285745 0.046811 -0.023837 -0.091366 0.213903 -0.261850 0.082233 0.022036 0.108199 0.237757 0.004754 -0.156035 0.282125 0.289289 0.643580 0.180995 0.221372 0.222114 0.196924 0.244284
-0.539584 -0.198984 0.163829 0.096217 -0.130935 0.072989 -0.297001 -0.426226 -0.269415 -0.272201 -0.308917 -0.663824 -0.403416 -0.436443 -0.243341 -0.437372 -0.519973 -0.444272 -0.331987 -0.274547 0.503472 0.455373 0.482442 0.350007 0.763908 0.694971 1.000000 0.865364 -0.635538 -0.349066 0.499262 0.379996 -0.368112 -0.269618 0.572113 0.114845 0.207818 0.321006 0.171080 0.203402 0.047743 0.239326 0.388959 0.462505 0.548053 0.569846 0.178385 0.452181 -0.152239 0.056639 0.257224 -0.007944 -0.239963 0.069343 0.078557 0.131088 -0.094381 -0.139783 -0.360936 -0.250042 -0.720639 -0.486097 -0.465374 -0.628343 -0.215422 0.033809 0.131244 0.678909 -0.061367 -0.175573 0.088107 0.126619 -0.431669 -0.044584 -0.159296 -0.222580 0.048982 0.127292 0.055984 -0.158654 -0.139364 -0.300849 -0.268794 -0.286856 0.044213 0.004164 0.308325 -0.153402 0.038856 -0.043596 0.232611 0.205560 0.048217 -0.133399 0.275730 0.275566 0.448887 0.137084 0.126782 0.125738 0.202079 0.012493 0.087579 0.086355 0.172713 0.259177 -0.142170 -0.152753 0.239929 0.189960 0.776948 0.255823 0.185201 0.247914 0.178046 0.295978
-0.521947 -0.266454 0.248375 0.146616 -0.134977 0.210539 -0.263506 -0.255878 -0.227579 -0.185369 -0.343719 -0.536448 -0.450627 -0.322883 -0.225223 -0.401466 -0.634716 -0.506117 -0.381073 -0.137116 0.513223 0.396634 0.500613 0.462149 0.724032 0.715266 0.865364 1.000000 -0.639931 -0.440174 0.438214 0.380129 -0.494216 -0.263038 0.511260 0.114862 0.101535 0.261340 0.095790 0.269440 0.078824 0.190457 0.437263 0.562505 0.396909 0.563813 0.086606 0.407140 -0.255532 -0.057699 0.183472 -0.011301 -0.346743 0.047250 0.001689 0.011834 -0.168675 -0.239743 -0.359669 -0.332437 -0.708397 -0.355768 -0.500986 -0.605502 -0.157449 0.138216 0.029631 0.699493 -0.154080 -0.148971 0.092547 0.180956 -0.460293 -0.035196 -0.051419 -0.215023 0.117093 0.139387 -0.025350 -0.261680 -0.253386 -0.391067 -0.143044 -0.172082 0.018071 0.000000 0.284165 -0.158324 0.027084 -0.083798 0.293116 0.269067 0.163470 -0.069559 0.318694 0.252523 0.373370 0.248185 -0.003095 0.147236 0.217751 -0.048448 0.079689 0.109775 0.183233 0.219894 -0.208458 -0.209961 0.239251 0.196312 0.692578 0.226314 0.249298 0.311476 0.225126 0.341785
0.330985 0.058860 -0.076447 0.002034 0.242353 0.011581 0.224451 0.343960 0.338137 0.134084 0.328118 0.514678 0.451401 0.318630 0.352276 0.366002 0.492669 0.332012 0.338207 0.202147 -0.406252 -0.136974 -0.418826 -0.364371 -0.416334 -0.372877 -0.635538 -0.639931 1.000000 0.644369 -0.082412 -0.034848 0.125286 0.189197 -0.473869 -0.175863 -0.038827 -0.202014 -0.213160 -0.096248 0.215609 0.005686 -0.176820 -0.320443 -0.380486 -0.388377 -0.018435 -0.297446 0.038109 -0.076428 -0.306469 -0.020488 0.152400 -0.165377 -0.178800 -0.066487 -0.091083 0.003159 0.050394 0.086324 0.469500 0.136757 0.448492 0.582528 -0.060128 -0.321603 -0.337239 -0.721043 -0.094532 -0.103167 0.123820 0.028750 0.813023 0.203902 0.270983 0.484892 -0.012346 0.002286 0.022827 -0.017430 0.178231 0.216816 0.461852 0.529946 -0.147101 -0.011884 -0.252311 0.112408 -0.209512 -0.122226 -0.195817 -0.159986 -0.110244 0.119807 -0.260891 -0.066042 -0.236983 -0.161127 -0.116514 -0.183810 -0.058717 0.010053 -0.128258 -0.260262 -0.124918 -0.134649 0.069929 0.105912 -0.103082 -0.034104 -0.602984 -0.119173 -0.232675 -0.144587 -0.170230 -0.123032
0.195903 0.351427 -0.368988 -0.231414 -0.016819 -0.105652 -0.126534 0.067015 -0.050784 -0.124130 0.114808 0.189637 0.180575 0.086645 0.044669 0.154517 0.343002 0.489197 0.115923 0.091789 -0.207225 -0.032975 -0.524549 -0.614996 -0.332494 -0.274863 -0.349066 -0.440174 0.644369 1.000000 -0.223116 -0.093950 0.100431 0.048483 -0.248265 -0.263762 0.132854 -0.131041 -0.056233 -0.067646 0.152089 0.249780 -0.148409 -0.275875 -0.035366 -0.148189 0.229405 -0.177938 0.094290 0.210357 -0.100893 0.169209 0.279689 0.116735 -0.096912 0.138638 0.144950 0.255599 -0.012559 0.175916 0.177709 -0.093898 0.332508 0.479061 -0.362602 -0.526415 -0.291486 -0.657279 0.160426 0.028638 -0.031784 0.003202 0.672957 0.393853 0.240661 0.352194 0.000967 -0.158061 0.095916 0.083877 0.480651 0.465934 0.088559 0.557596 0.046794 0.252820 -0.064857 0.312870 -0.245028 -0.090711 -0.071589 -0.396627 -0.215454 -0.214123 -0.344923 -0.093394 0.035162 -0.021971 0.116754 -0.198851 0.053718 0.015134 0.032414 -0.180264 0.060231 -0.114789 -0.021370 0.007966 -0.127722 0.031690 -0.296324 -0.020578 0.044340 -0.118342 -0.178476 -0.000503
-0.551841 -0.423933 0.317366 0.361223 0.209524 0.234150 -0.030391 0.044607 0.110951 0.181884 -0.178567 -0.062584 -0.224384 -0.117769 0.005182 -0.063763 -0.406666 -0.488049 -0.065966 -0.107391 0.266927 0.255260 0.563874 0.542529 0.675444 0.701311 0.499262 0.438214 -0.082412 -0.223116 1.000000 0.772362 -0.246598 0.057942 0.415322 0.210456 0.107868 0.309073 0.119803 0.196304 0.204758 0.226344 0.298289 0.300582 0.228363 0.395182 0.015020 0.215140 -0.324014 -0.176732 -0.144320 -0.230303 -0.467693 -0.147667 -0.340215 -0.170120 -0.390108 -0.442312 -0.528777 -0.441549 -0.584542 -0.256824 -0.428207 -0.389085 -0.035745 0.076355 -0.209196 0.381165 -0.485629 -0.439711 0.166316 0.243998 0.000747 0.153695 0.067303 0.233374 0.228161 0.366682 -0.013004 -0.338875 -0.337405 -0.470008 0.220930 0.002019 -0.081055 -0.213844 0.147373 -0.306082 -0.023364 -0.320676 0.008601 0.217141 0.244558 0.154503 0.091074 0.284937 0.135499 -0.173661 -0.219579 -0.051288 0.047189 -0.195730 -0.162472 -0.104591 -0.100622 0.114357 -0.163133 -0.191895 0.233177 0.167579 0.380225 0.097147 0.029618 0.159062 0.041997 0.233071
-0.556156 -0.315541 0.357967 0.486984 0.014442 0.115926 0.061706 0.247375 -0.004412 0.047187 -0.386741 0.035757 -0.423685 -0.244337 -0.247541 -0.210478 -0.491788 -0.519219 -0.121104 0.082799 0.473721 0.377674 0.170864 0.364622 0.470707 0.668980 0.379996 0.380129 -0.034848 -0.093950 0.772362 1.000000 -0.184187 0.313887 0.479862 0.373570 0.173658 0.293639 0.115567 0.238996 0.158605 0.241004 0.277394 0.268268 0.226658 0.412426 -0.030885 0.092801 -0.506760 -0.330253 -0.171611 -0.377650 -0.668902 -0.157142 -0.457260 -0.412250 -0.368705 -0.480238 -0.763447 -0.582545 -0.537112 -0.141738 -0.275831 -0.143455 -0.016392 -0.068803 -0.298075 0.310076 -0.528017 -0.414983 0.229694 0.497181 0.016553 0.207983 0.070118 0.269185 0.312089 0.515239 -0.088472 -0.498546 -0.260644 -0.517345 0.248622 0.302849 -0.151134 -0.224856 0.009157 -0.214478 -0.208087 -0.414147 0.196008 0.255611 0.441082 0.115698 0.176918 0.350810 0.000713 0.021518 -0.080304 0.060504 0.195102 -0.137873 -0.148330 0.010949 -0.003779 0.212073 -0.021584 -0.088752 0.160984 0.166984 0.356601 0.214789 0.194160 0.212531 0.152130 0.159944
0.407628 0.476219 -0.085179 -0.132642 -0.334331 -0.356869 0.143805 -0.137776 -0.204917 -0.237219 -0.072916 0.009180 0.017753 -0.136872 -0.137964 -0.233740 0.460922 0.477172 0.294790 0.085154 -0.138602 -0.369139 -0.373299 -0.438492 -0.448723 -0.471752 -0.368112 -0.494216 0.125286 0.100431 -0.246598 -0.184187 1.000000 0.369918 -0.206011 -0.053678 0.170296 -0.018197 0.089589 0.052657 -0.134136 -0.030120 -0.488009 -0.536667 -0.094145 -0.442194 -0.035356 -0.207083 -0.019336 0.079687 -0.020793 -0.115086 0.158343 0.166274 0.194772 0.132497 0.596843 0.570376 0.095056 -0.019454 0.282381 0.031999 0.261157 0.237509 0.068569 -0.131432 0.167796 -0.358169 0.500641 0.314849 -0.179632 -0.047207 0.196829 -0.075593 0.025531 -0.049590 -0.060698 -0.120585 0.220340 0.551760 0.347719 0.490393 -0.117841 -0.133018 0.180132 0.234847 0.029410 0.182619 0.053142 0.339192 -0.385582 -0.219508 -0.258354 -0.161999 -0.153048 -0.255419 -0.099383 -0.020932 0.187494 0.107152 -0.138790 0.003273 -0.146671 -0.069911 -0.330499 -0.343952 -0.025790 0.199631 -0.247869 -0.213659 -0.266094 -0.140770 -0.186246 -0.334472 -0.432501 -0.263690
0.123942 -0.029006 0.163191 0.035134 -0.241714 -0.233906 0.385382 0.297428 0.076136 0.015937 -0.078175 0.367603 0.051637 0.049296 -0.076661 0.027250 0.136440 0.076258 0.153438 0.374596 0.138292 -0.059550 -0.151895 -0.050132 -0.334778 -0.222673 -0.269618 -0.263038 0.189197 0.048483 0.057942 0.313887 0.369918 1.000000 0.073043 0.565888 0.042552 -0.016658 0.057143 0.002460 -0.001014 -0.103928 -0.467886 -0.452739 -0.405155 -0.388674 -0.502465 -0.483869 -0.465573 -0.552124 -0.163382 -0.613278 -0.468102 -0.190746 -0.298515 -0.578362 0.100012 -0.081049 -0.262171 -0.384167 0.275515 0.447207 0.093332 0.297559 0.375787 0.209646 -0.090537 -0.110939 -0.110636 0.060967 0.120624 0.207555 0.162134 0.101026 0.186387 0.228134 0.280502 0.379100 0.110476 0.135976 -0.021250 0.039894 0.158374 0.230919 -0.013599 -0.225120 -0.021080 0.139562 0.058368 -0.011743 -0.207688 0.061344 0.199829 0.057002 -0.052355 0.022422 -0.560736 -0.124516 -0.320825 0.070182 0.102015 -0.074120 -0.328051 0.030911 -0.035629 -0.074500 0.085958 -0.161780 -0.137578 -0.222814 -0.270695 -0.135923 -0.089080 0.123642 -0.156221 -0.197294
-0.410811 -0.300478 0.325539 0.093864 -0.281746 -0.117190 -0.125308 -0.234187 -0.227232 -0.221265 -0.328071 -0.356082 -0.342462 -0.361330 -0.205084 -0.434048 -0.435822 -0.394936 -0.104857 -0.093223 0.516985 0.303714 0.315212 0.262938 0.465881 0.466351 0.572113 0.511260 -0.473869 -0.248265 0.415322 0.479862 -0.206011 0.073043 1.000000 0.390497 0.138185 0.387322 0.219185 0.191028 0.029924 0.119030 0.343240 0.319283 0.431729 0.506481 -0.103961 0.199138 -0.157944 -0.143146 0.051589 -0.287687 -0.386770 -0.031244 -0.127793 -0.184356 -0.158144 -0.230017 -0.422912 -0.365144 -0.494687 -0.338211 -0.271565 -0.475118 -0.025856 0.096170 0.052334 0.612992 -0.264823 -0.228647 0.168323 0.190573 -0.314961 0.029307 -0.091888 -0.037033 0.315659 0.348732 0.079412 -0.206816 -0.171204 -0.343584 -0.207004 -0.140445 -0.035772 -0.146362 0.241499 -0.139455 -0.053642 -0.165667 0.250661 0.324916 0.261909 0.139224 0.092769 0.205616 0.131993 -0.027933 -0.041547 0.192913 0.040526 0.075158 0.053916 0.248210 0.159245 0.226562 -0.134035 -0.217499 0.216025 0.211442 0.568704 0.360693 0.146865 0.370614 0.102558 0.111032
-0.230974 -0.319109 0.298798 0.066850 -0.095279 -0.013610 0.284264 0.374174 0.085067 0.068547 -0.192924 0.099911 0.020719 -0.005348 -0.084181 -0.045841 -0.280040 -0.256618 -0.201211 0.035259 0.304145 0.069955 0.198431 0.235119 0.103605 0.196396 0.114845 0.114862 -0.175863 -0.263762 0.210456 0.373570 -0.053678 0.565888 0.390497 1.000000 -0.073162 0.115477 0.035340 0.049210 -0.216588 -0.201573 -0.101717 -0.116117 -0.089913 0.037709 -0.435709 -0.326175 -0.263056 -0.420028 -0.007323 -0.470269 -0.480127 -0.191140 -0.277985 -0.516537 -0.271879 -0.317052 -0.271229 -0.314146 0.010411 0.339223 -0.180803 -0.020457 0.300249 0.480954 0.086548 0.347126 -0.317979 -0.221178 0.330891 0.264883 -0.099917 0.040720 0.039672 0.118222 0.249118 0.416145 -0.102552 -0.137550 -0.421079 -0.376181 -0.058397 -0.100364 -0.198054 -0.344581 -0.023106 -0.237144 0.164365 -0.086089 0.085622 0.259290 0.378801 0.235799 0.087638 0.088352 -0.518446 -0.236373 -0.367651 0.029111 0.041474 -0.103277 -0.189381 0.138812 0.125979 0.105890 0.186584 -0.203118 -0.027911 -0.151561 0.049153 0.034477 0.055311 0.194571 0.037879 -0.271162
