1.000000 0.451198 0.017778 -0.523443 -0.005450 -0.130331 0.126584 -0.154321 0.176626 0.034237 0.300322 -0.055412 0.138184 -0.157220 0.211544 -0.175295 0.200913 0.133188 0.389722 0.167298 0.140771 -0.234965 -0.072631 -0.335800 -0.249253 -0.190320 0.137599 -0.008294 -0.002553 -0.303998 -0.470634 -0.614272 0.119250 -0.420118 -0.281005 -0.553767 -0.040244 -0.045843 0.216928 0.120451 -0.072328 0.289653 -0.012609 -0.089282 -0.178318 -0.280037 -0.110824 0.184871 0.251141 -0.056084 0.194898 0.357103 0.280015 0.190486 0.053384 0.237594 0.410929 0.359902 0.416178 0.019515 0.398437 0.041749 0.202288 -0.088280 -0.339303 -0.050561 0.018662 -0.415058 0.416078 0.076141 0.051105 -0.019651 -0.160643 -0.127096 -0.102090 -0.239998 -0.199545 -0.261598 -0.099492 -0.252301 0.079357 -0.078174 0.284688 -0.055009 -0.011339 0.125182 -0.073092 0.019261 -0.187927 -0.079861 -0.204617 0.100643 -0.079323 0.253689 -0.028179 -0.017943 0.167983 0.072711 0.020826 0.135021 0.024582 -0.122130 -0.127272 0.252402 0.126877 0.046890 -0.069765 0.241853 -0.050193 -0.242323 -0.220987 -0.025444 -0.184712 -0.032855 -0.052154 -0.100367
0.451198 1.000000 -0.164751 -0.387295 -0.277221 -0.330487 -0.208134 -0.343545 -0.193902 -0.407909 -0.110892 -0.090859 -0.142066 -0.136010 -0.208825 -0.202900 0.445240 0.490078 0.510381 0.151355 0.186374 -0.017130 -0.429827 -0.465808 -0.194832 -0.096688 -0.145159 -0.087126 0.214439 0.080250 -0.322781 -0.485848 0.376216 -0.108431 -0.382575 -0.450100 -0.072030 -0.087947 0.029256 -0.093569 0.007264 0.145557 0.113607 0.029056 0.108065 -0.193270 0.017924 -0.032837 0.239066 0.166347 0.010444 0.086784 0.063814 0.036516 -0.216077 -0.058006 0.519086 0.615013 -0.064121 0.251811 0.000745 -0.014923 0.405086 0.357969 -0.562784 -0.475264 0.006560 -0.376603 0.475429 0.223968 -0.102328 -0.133837 0.093515 -0.031533 -0.083320 -0.292779 -0.310422 -0.337098 0.349752 0.250587 0.581877 0.466516 0.043226 0.203619 0.009132 0.351818 -0.170413 -0.075794 -0.483178 -0.319461 -0.265364 -0.359994 -0.387137 -0.197511 0.000021 0.127581 0.026032 0.083057 -0.182357 -0.156354 0.220727 -0.101073 -0.198149 0.042254 -0.039993 -0.072637 0.048417 -0.045626 0.291069 -0.250843 -0.297575 -0.143399 -0.087626 -0.248943 -0.246155 -0.094289
0.017778 -0.164751 1.000000 0.356013 0.352582 0.044465 0.489133 -0.006907 0.059037 -0.047112 -0.237832 -0.313705 -0.035915 -0.179664 -0.108005 -0.123405 -0.276078 -0.203495 0.098083 -0.171030 0.145124 -0.166312 0.229709 0.275618 0.347758 0.229196 0.066900 0.044008 -0.318875 -0.236566 0.467709 0.261399 0.155793 -0.035333 0.058421 0.094241 -0.049132 -0.029512 0.334273 0.077778 -0.006119 0.039628 -0.126619 0.008470 0.075934 -0.008706 -0.279778 0.069182 -0.058561 0.070461 0.101451 0.104569 -0.286799 -0.225413 0.151253 -0.084222 -0.269699 -0.279843 0.220315 -0.172856 0.126795 -0.247093 -0.217562 -0.521978 0.278071 -0.117283 0.432365 0.204597 -0.165295 -0.243812 0.138753 0.349361 -0.155538 0.108938 0.029703 -0.043797 0.001453 0.021848 -0.576799 -0.558970 -0.452598 -0.574598 -0.351709 -0.319263 -0.102915 -0.113670 -0.278288 -0.288559 0.121752 0.064266 -0.132350 0.328406 0.126978 0.251394 0.133806 -0.010036 -0.111768 0.007432 -0.067582 0.042557 -0.071848 0.228567 0.135637 0.064661 0.243691 0.192394 -0.075921 0.184723 -0.030483 0.154892 0.160476 0.170841 0.138587 0.110695 0.044964 0.045511
-0.523443 -0.387295 0.356013 1.000000 0.214583 0.327242 0.173839 0.380759 -0.148299 0.160853 -0.109941 -0.008154 -0.083149 0.159511 -0.129894 0.166573 -0.489691 -0.370601 -0.135739 0.141078 -0.163537 0.002149 0.355296 0.693183 0.119868 0.172894 -0.216556 -0.035095 -0.255841 -0.106939 0.526158 0.638593 -0.158949 0.232205 0.220709 0.218345 -0.102516 -0.023989 -0.266194 -0.224469 -0.020324 -0.309817 -0.154132 -0.113373 0.132589 0.125650 -0.041659 -0.193232 -0.263233 0.032681 -0.308623 -0.288527 -0.358174 -0.362093 -0.062163 -0.229040 -0.523556 -0.540139 -0.194474 -0.072675 -0.278111 -0.180842 -0.270303 -0.269097 0.393843 0.163739 0.107879 0.327375 -0.481085 -0.203749 0.126173 0.469854 -0.042199 0.104403 0.110667 0.197626 0.114613 0.203497 -0.399370 -0.300322 -0.369041 -0.407995 -0.268358 -0.240455 0.019512 -0.033670 -0.057625 -0.063464 0.202509 0.268404 0.308349 0.361532 0.365237 0.094150 -0.030989 -0.053494 -0.351606 -0.027778 -0.085560 0.011382 -0.133848 0.359924 0.177886 -0.022866 0.223385 -0.012280 0.120985 -0.102829 -0.109931 0.142787 0.037214 0.109048 0.238191 0.147629 -0.004557 0.195503
-0.005450 -0.277221 0.352582 0.214583 1.000000 0.363165 0.458771 0.320406 0.471632 0.213970 0.136643 -0.057528 0.339415 0.172533 0.084659 0.289053 -0.284768 -0.279369 -0.098443 0.061323 -0.028058 -0.056525 0.188119 0.161082 -0.128721 -0.197280 0.081693 -0.026859 -0.183572 -0.079152 0.050905 -0.024244 -0.166303 -0.010907 0.012375 -0.015185 0.151531 0.125227 0.144013 0.135585 -0.038000 0.064365 -0.469998 -0.409308 -0.082087 -0.200172 -0.311734 -0.131139 -0.111599 -0.026751 -0.206685 -0.043427 -0.099272 -0.256011 0.259690 0.120835 -0.259170 -0.248387 0.165068 -0.089204 0.170149 0.055235 -0.218783 -0.315603 0.451583 0.086661 0.043065 -0.014917 -0.311887 -0.056984 0.013241 -0.089710 0.099795 0.246094 0.114033 0.107334 0.124970 -0.026239 -0.362749 -0.340850 -0.373715 -0.446380 0.068805 -0.058314 0.047544 -0.210683 0.050658 -0.073200 0.239350 0.155708 0.228152 0.471342 0.254979 0.451283 0.013792 -0.221566 -0.026110 -0.044798 0.003388 0.238064 0.025547 0.167348 0.263069 0.231030 0.192543 0.143264 0.061937 0.013274 -0.253123 0.048393 -0.035028 0.046457 0.030228 0.136170 -0.022718 0.227086
-0.130331 -0.330487 0.044465 0.327242 0.363165 1.000000 -0.011370 0.311345 -0.023783 0.412273 -0.114955 -0.027038 0.009756 0.085789 -0.208363 0.275901 -0.334129 -0.249865 -0.216691 -0.002511 -0.084948 0.099258 0.070461 0.282790 0.019161 0.170391 -0.098408 0.080403 -0.239792 -0.093879 0.073602 0.211026 -0.299722 0.119200 0.061879 0.277254 -0.052361 -0.013569 -0.172685 0.048488 0.033241 -0.182547 -0.210171 -0.284853 0.025966 0.038542 -0.039111 -0.131913 0.061113 -0.041426 -0.305277 0.063907 -0.027364 -0.016513 -0.086381 -0.078448 -0.135823 -0.128755 -0.030187 0.034708 0.066668 0.289759 -0.178949 -0.016355 0.118530 0.210391 0.014423 0.109905 -0.201158 0.125046 0.026515 0.177948 -0.044877 -0.023194 -0.006699 0.044223 0.049428 0.162171 -0.148134 -0.174054 -0.202108 -0.256530 -0.044493 -0.074635 -0.264233 -0.371905 -0.002312 -0.119026 0.051067 0.105791 0.296877 0.182318 0.496143 0.103916 0.031123 -0.123540 -0.139732 -0.004228 -0.015707 0.020881 0.026992 -0.020204 0.183223 0.263381 0.020526 0.003675 -0.030984 -0.108487 -0.096908 0.075295 0.034089 0.104068 0.158845 0.251106 0.174328 0.060219
0.126584 -0.208134 0.489133 0.173839 0.458771 -0.011370 1.000000 0.417336 0.567568 0.159238 0.192077 0.294209 0.537009 0.402949 0.151290 0.414175 -0.285514 -0.348531 -0.082696 0.046180 0.133950 -0.078180 0.143319 0.140227 -0.186190 -0.197422 -0.192133 -0.378629 0.068260 0.128778 0.225399 0.181334 0.012098 0.115932 -0.108614 -0.233746 0.215735 0.283080 0.102378 -0.039821 0.085422 0.177775 -0.215736 -0.261336 -0.240651 -0.443258 -0.253363 -0.081632 -0.288310 -0.391008 -0.259317 -0.280783 -0.106006 -0.339330 0.268952 0.083462 -0.513342 -0.497904 0.397633 -0.340950 0.325029 0.085579 -0.029445 -0.352626 0.428856 0.183874 -0.025014 -0.180816 -0.429105 -0.406792 0.221924 0.102035 0.181384 0.336898 0.272956 0.262062 0.185943 0.075305 -0.448783 -0.554772 -0.420332 -0.542254 -0.005723 0.063486 -0.138117 -0.191603 -0.078322 -0.317743 0.235753 0.096054 0.155909 0.646269 0.319493 0.618676 -0.022423 -0.006960 -0.135300 -0.015938 0.008248 0.236735 0.081571 0.197113 0.231797 0.108440 0.064683 0.124178 -0.079417 0.181254 -0.124573 0.057290 -0.112042 0.141298 0.149108 0.080769 0.164487 0.219225
-0.154321 -0.343545 -0.006907 0.380759 0.320406 0.311345 0.417336 1.000000 0.292806 0.394927 0.170982 0.249475 0.392551 0.368723 -0.017052 0.390609 -0.423192 -0.378108 -0.299467 0.185031 -0.174847 0.117702 0.020753 0.285379 -0.336697 -0.154758 -0.327012 -0.347131 -0.032993 0.021454 -0.077132 0.222899 -0.245828 0.095978 -0.084865 -0.186079 0.049837 0.112399 -0.212660 -0.145094 -0.055465 -0.276482 -0.094297 -0.142977 -0.243769 -0.238641 -0.022306 -0.201072 -0.279190 -0.384038 -0.369187 -0.325086 -0.192215 -0.333088 0.053121 0.096205 -0.501977 -0.466158 0.042394 -0.089746 0.015110 0.264348 -0.193435 -0.173565 0.412383 0.553966 -0.230810 -0.032938 -0.449269 -0.116106 0.228543 0.119626 -0.005000 0.160497 0.000657 0.179688 0.147272 0.209346 -0.086385 -0.135272 -0.237551 -0.236730 -0.085046 -0.038146 -0.150865 -0.295777 0.087282 -0.221376 0.173501 0.197035 0.514698 0.410478 0.489264 0.473358 0.097092 -0.101424 -0.251679 0.085751 -0.110021 -0.002266 0.051420 0.034969 0.379795 0.060277 0.168629 -0.041221 0.179282 0.012236 -0.069264 0.099287 0.005533 -0.008553 0.024565 0.121590 -0.050584 0.293524
0.176626 -0.193902 0.059037 -0.148299 0.471632 -0.023783 0.567568 0.292806 1.000000 0.336671 0.396365 0.255949 0.528111 0.243256 0.517055 0.274205 -0.088625 -0.154730 -0.185972 0.052821 -0.058593 -0.292693 0.193672 0.114072 -0.168884 -0.349843 0.088648 -0.320080 0.005531 0.002462 -0.077524 -0.179417 -0.115064 -0.114042 0.034114 -0.213035 0.008566 0.120281 0.022069 -0.098626 -0.090735 0.167387 -0.286964 -0.296910 -0.275430 -0.293176 -0.310081 -0.122340 -0.179830 -0.280553 -0.001268 -0.130622 0.022092 -0.114501 0.326194 -0.026882 -0.050998 -0.081885 0.248327 -0.339274 0.315875 0.104127 -0.143966 -0.322004 0.453109 0.330376 -0.296006 -0.174104 -0.178991 -0.052921 0.157298 -0.185956 0.088662 0.095324 0.199350 0.167617 0.056358 -0.057273 -0.169487 -0.237083 -0.332229 -0.283133 0.261800 -0.012068 0.200034 0.006446 0.056012 0.002647 0.359264 0.201389 0.235757 0.463170 0.216393 0.580368 -0.268949 -0.091146 -0.143969 -0.164055 -0.017321 0.163034 -0.067338 0.022181 0.128391 0.025042 0.256175 0.343555 0.023921 0.186854 -0.008514 -0.109011 -0.186228 0.006746 -0.098917 0.049755 0.199162 0.003313
0.034237 -0.407909 -0.047112 0.160853 0.213970 0.412273 0.159238 0.394927 0.336671 1.000000 0.487915 0.218083 0.031295 0.043467 0.521833 0.194014 -0.450676 -0.470453 -0.464722 0.175198 -0.163398 -0.331196 0.425268 0.499851 0.071452 0.043148 0.208192 0.077696 -0.437406 -0.380065 -0.156977 -0.002143 -0.477994 -0.331423 0.291384 -0.066225 -0.359423 -0.147476 -0.294715 -0.076297 -0.296735 -0.137454 -0.096812 -0.002904 -0.137360 0.115956 0.085061 0.244319 0.048967 -0.126138 0.119466 0.082896 0.019279 0.187733 0.120624 0.073346 -0.236389 -0.255806 0.117596 -0.296581 -0.017756 0.064173 -0.522545 -0.424915 0.337996 0.490383 -0.189701 0.096074 -0.154416 0.176895 0.234587 0.152868 -0.421327 -0.106777 -0.078039 0.127393 0.101517 0.121244 -0.288919 -0.212397 -0.430401 -0.420942 0.262702 -0.124303 0.171096 -0.017672 0.080303 0.088060 0.343178 0.135481 0.360179 0.455749 0.654665 0.373166 -0.204328 -0.269527 -0.070151 -0.094130 0.138821 0.022157 -0.217566 -0.037824 0.013912 0.133885 0.170357 0.246073 -0.097882 -0.047133 -0.191119 -0.154593 0.036669 -0.031917 -0.262875 0.177556 0.250893 -0.229365
0.300322 -0.110892 -0.237832 -0.109941 0.136643 -0.114955 0.192077 0.170982 0.396365 0.487915 1.000000 0.386736 0.370060 0.316785 0.754496 0.179508 -0.184496 -0.312266 -0.237613 0.355323 -0.151562 -0.311219 0.541788 0.205539 -0.210257 -0.248638 0.251527 0.051804 -0.167804 -0.329320 -0.216573 -0.223573 -0.293839 -0.341973 0.070108 -0.359756 -0.148160 -0.031627 -0.102077 -0.227510 -0.287694 0.085612 -0.029767 0.068269 -0.008140 -0.021123 0.021104 0.239234 0.038085 -0.072459 0.128126 0.118683 0.063817 0.053862 0.107077 0.216887 -0.155616 -0.264479 0.120320 -0.301238 0.045306 -0.084187 -0.186138 -0.340419 0.176604 0.398888 -0.365134 -0.202009 -0.111651 -0.054415 0.255013 -0.064007 -0.109522 -0.082137 0.039135 0.116141 0.049124 0.016919 -0.258556 -0.262223 -0.312267 -0.364526 0.475766 -0.092325 0.369498 0.216649 -0.011629 0.047115 0.171024 0.293937 0.280240 0.476783 0.235496 0.339584 -0.292496 -0.239919 0.017684 -0.163149 0.148082 0.144895 -0.102802 -0.054327 -0.200800 0.032506 0.172482 0.212303 -0.064104 0.056482 -0.161263 -0.185842 -0.046386 -0.143121 -0.164622 -0.044255 0.066811 -0.050360
-0.055412 -0.090859 -0.313705 -0.008154 -0.057528 -0.027038 0.294209 0.249475 0.255949 0.218083 0.386736 1.000000 0.410754 0.706331 0.223559 0.592712 -0.257726 -0.411349 -0.191947 0.184152 -0.148680 0.052420 -0.037176 0.097572 -0.366358 -0.366080 -0.213593 -0.302361 0.253382 0.315090 -0.086798 0.115217 -0.171831 0.128195 -0.065764 -0.231645 0.166190 0.196280 -0.297487 -0.139202 -0.090258 0.008702 0.146667 0.032884 -0.085112 -0.127199 0.095689 -0.024378 -0.165751 -0.339827 -0.305749 -0.417421 -0.120743 -0.071734 -0.041830 0.059353 -0.369000 -0.430178 0.083823 -0.214714 0.034607 0.183759 0.111572 0.042014 0.151694 0.253289 -0.422697 -0.060491 -0.454632 -0.104863 -0.013062 -0.151132 0.204391 0.122171 0.199727 0.240692 0.273575 0.240699 -0.029106 -0.090933 -0.162531 -0.088731 0.052950 0.326351 -0.100555 -0.121346 -0.190947 -0.235539 -0.047775 -0.151151 0.236089 0.335400 0.131410 0.300943 -0.081844 0.007702 -0.010827 0.015246 0.084797 0.105190 0.154301 -0.094146 -0.144709 -0.053588 -0.111216 0.052082 -0.098498 -0.171252 -0.036810 -0.028896 0.036906 -0.041748 -0.017731 0.029836 0.171331 0.012181
0.138184 -0.142066 -0.035915 -0.083149 0.339415 0.009756 0.537009 0.392551 0.528111 0.031295 0.370060 0.410754 1.000000 0.658448 0.278305 0.607198 -0.037811 -0.166080 -0.014569 0.172833 -0.076011 -0.051304 -0.009623 -0.092296 -0.543834 -0.527625 -0.130104 -0.395597 0.242266 0.183857 -0.190642 -0.162324 0.056537 0.138079 -0.230118 -0.284832 0.115568 0.238875 -0.047381 -0.111086 -0.061304 0.166972 -0.170115 -0.339029 -0.204527 -0.485928 -0.195231 -0.251062 -0.215724 -0.359734 -0.351259 -0.318926 0.048411 -0.241179 0.294813 0.091027 -0.194156 -0.182293 0.343134 0.010117 0.461530 0.379234 0.204033 -0.049511 0.275968 0.272620 -0.129382 -0.394851 -0.290374 -0.187604 0.081070 -0.205068 0.400659 0.202688 0.246986 0.153707 0.118654 -0.004818 -0.261759 -0.218206 -0.211940 -0.197160 0.162233 0.111726 -0.052690 -0.275476 0.034250 -0.280711 0.142694 0.254215 0.352632 0.374259 0.130222 0.418987 -0.193428 -0.137705 -0.235410 -0.150292 -0.095019 0.150997 -0.033752 0.046056 0.145037 0.115532 0.062216 0.025325 -0.091195 0.125962 -0.152762 0.049512 -0.285797 -0.066916 0.036747 -0.047862 0.102071 0.266458
-0.157220 -0.136010 -0.179664 0.159511 0.172533 0.085789 0.402949 0.368723 0.243256 0.043467 0.316785 0.706331 0.658448 1.000000 0.053755 0.774274 -0.128639 -0.222267 -0.111742 0.245202 -0.230352 0.064370 0.007059 0.056704 -0.531617 -0.490478 -0.409470 -0.452429 0.355663 0.439812 -0.008465 0.186820 -0.083090 0.282394 -0.214711 -0.200726 0.330771 0.282352 -0.277804 -0.146624 0.050426 -0.054737 -0.056989 -0.205704 0.018835 -0.338476 0.042195 -0.242176 -0.189879 -0.314282 -0.567079 -0.451165 -0.102655 -0.240352 0.000425 0.100892 -0.402837 -0.431504 0.090432 -0.025188 0.082529 0.256807 0.214396 0.173484 0.099153 0.073977 -0.306478 -0.326670 -0.590733 -0.367134 -0.084108 -0.213324 0.480743 0.282487 0.281635 0.297709 0.268709 0.150326 -0.066989 -0.036601 -0.078879 -0.082402 0.068232 0.354229 -0.180478 -0.203263 -0.086789 -0.196911 -0.054735 -0.024457 0.366060 0.326049 0.057500 0.231480 -0.035654 0.011807 -0.144973 -0.034102 -0.011126 0.164684 0.296151 0.073449 0.107575 0.068883 -0.082052 -0.074000 0.088459 -0.120549 0.000161 0.076704 -0.099915 0.030919 0.216849 0.026662 0.000999 0.384041
0.211544 -0.208825 -0.108005 -0.129894 0.084659 -0.208363 0.151290 -0.017052 0.517055 0.521833 0.754496 0.223559 0.278305 0.053755 1.000000 0.062101 -0.182267 -0.316394 -0.313845 0.132682 -0.160451 -0.394442 0.596506 0.255798 0.059448 -0.116568 0.485484 0.159077 -0.251454 -0.396231 -0.139492 -0.249786 -0.309746 -0.446313 0.285537 -0.210568 -0.271385 -0.042909 -0.013144 -0.179436 -0.257989 0.185302 -0.008833 0.088915 -0.151145 0.039869 0.010110 0.239026 0.019372 -0.089463 0.415941 0.101991 0.210867 0.203682 0.311451 0.073557 -0.041887 -0.111889 0.242984 -0.381728 0.075407 -0.169260 -0.361689 -0.532434 0.276831 0.355664 -0.164720 -0.018417 0.009492 -0.023760 0.146400 -0.127486 -0.197403 -0.085763 0.158641 0.214191 0.096400 0.014317 -0.315789 -0.220169 -0.458256 -0.366141 0.445242 -0.220696 0.421089 0.218447 0.100292 0.140769 0.439140 0.352084 0.140056 0.418958 0.259425 0.379576 -0.470650 -0.226855 0.052130 -0.195783 0.209031 0.208344 -0.384158 0.093604 -0.195168 -0.066146 0.204700 0.330932 -0.216104 -0.009139 -0.152092 -0.241810 -0.024762 -0.078919 -0.227510 0.023746 0.186840 -0.245027
-0.175295 -0.202900 -0.123405 0.166573 0.289053 0.275901 0.414175 0.390609 0.274205 0.194014 0.179508 0.592712 0.607198 0.774274 0.062101 1.000000 -0.121092 -0.184149 -0.112997 0.296719 -0.123464 0.033515 -0.076772 0.043666 -0.409963 -0.343912 -0.244295 -0.300764 0.276598 0.424389 -0.061004 0.135391 -0.080304 0.341729 -0.110803 -0.163410 0.332932 0.329948 -0.206316 0.004376 0.190701 0.095797 -0.211179 -0.328464 -0.157196 -0.395634 -0.094518 -0.267400 -0.184611 -0.350205 -0.591440 -0.437782 -0.079307 -0.170290 0.204223 0.027475 -0.344159 -0.316456 0.181942 -0.090360 0.191266 0.330887 0.186756 0.097731 0.233799 0.081101 -0.347536 -0.301003 -0.502201 -0.250167 -0.119333 -0.172784 0.511361 0.453182 0.404040 0.409160 0.405750 0.247626 -0.095286 -0.125255 -0.180868 -0.195441 0.113127 0.347601 -0.325592 -0.396835 0.008199 -0.195960 0.028172 -0.040673 0.416411 0.375858 0.192481 0.258829 -0.210053 -0.122445 -0.247458 -0.128349 0.063880 0.319172 0.273605 0.138284 0.212233 0.176077 -0.007912 -0.069406 -0.173187 -0.264857 -0.015193 0.137183 -0.200156 0.134588 0.136874 0.135131 0.166429 0.227794
0.200913 0.445240 -0.276078 -0.489691 -0.284768 -0.334129 -0.285514 -0.423192 -0.088625 -0.450676 -0.184496 -0.257726 -0.037811 -0.128639 -0.182267 -0.121092 1.000000 0.798964 0.449871 0.136609 -0.009389 -0.009633 -0.357554 -0.452237 -0.235979 -0.229681 -0.024483 -0.085869 0.491801 0.365390 -0.300919 -0.339216 0.525178 0.195760 -0.286766 -0.189798 0.119711 -0.025328 0.049741 -0.037923 0.188288 0.095887 -0.029355 -0.130311 -0.090451 -0.305267 -0.114005 -0.147392 0.051907 0.082605 -0.099075 0.193770 0.263674 0.254744 -0.015892 0.045864 0.617744 0.621507 -0.108123 0.162072 0.156500 0.080341 0.570048 0.509814 -0.383589 -0.413890 -0.159080 -0.518359 0.520758 0.066853 -0.206672 -0.204853 0.313245 -0.000860 -0.025071 -0.139806 -0.185435 -0.365934 0.462458 0.505212 0.612667 0.571066 0.144508 0.266915 -0.035133 0.152362 0.151756 0.213076 -0.209664 -0.116778 -0.202519 -0.474280 -0.566071 -0.387026 -0.009931 0.177947 -0.034341 -0.090539 -0.210355 0.003438 0.065773 -0.124902 -0.221048 -0.086756 -0.133678 -0.181819 0.145538 0.069156 0.230114 -0.093376 -0.336091 -0.198849 0.065220 -0.229216 -0.199043 0.036243
0.133188 0.490078 -0.203495 -0.370601 -0.279369 -0.249865 -0.348531 -0.378108 -0.154730 -0.470453 -0.312266 -0.411349 -0.166080 -0.222267 -0.316394 -0.184149 0.798964 1.000000 0.414463 0.135706 0.105115 -0.038149 -0.366532 -0.437337 -0.099830 -0.066547 -0.093843 0.015647 0.310154 0.284669 -0.173703 -0.293572 0.449415 0.217199 -0.311937 -0.105589 0.097806 -0.105898 0.048446 -0.124473 0.209040 0.020132 -0.065496 -0.093432 0.064475 -0.198532 -0.074727 -0.163015 0.025896 0.125218 -0.089778 0.114020 0.163359 0.172046 -0.011952 -0.130680 0.612882 0.687941 -0.197179 0.135407 -0.013640 -0.001427 0.500282 0.543054 -0.454463 -0.505430 -0.129576 -0.431755 0.544132 0.088668 -0.119873 -0.122088 0.214536 0.110509 -0.016962 -0.180650 -0.164430 -0.276221 0.505718 0.524823 0.682518 0.594131 -0.015600 0.166311 -0.031090 0.245433 0.075341 0.137508 -0.353287 -0.126349 -0.159573 -0.558432 -0.505174 -0.502215 0.011790 0.234101 -0.050687 -0.058385 -0.147782 -0.132502 0.111935 -0.172582 -0.143331 -0.115079 -0.035874 -0.180522 0.119966 0.061666 0.400231 0.014178 -0.305681 -0.019490 -0.091785 -0.164019 -0.135532 0.050012
0.389722 0.510381 0.098083 -0.135739 -0.098443 -0.216691 -0.082696 -0.299467 -0.185972 -0.464722 -0.237613 -0.191947 -0.014569 -0.111742 -0.313845 -0.112997 0.449871 0.414463 1.000000 0.357711 0.297283 0.102272 -0.380513 -0.382560 -0.365757 -0.238333 -0.213008 -0.181400 0.412850 0.201689 -0.163276 -0.307901 0.563233 0.183897 -0.516822 -0.346386 0.088661 -0.065388 0.203431 0.069285 0.117414 0.235862 -0.243540 -0.322011 -0.014810 -0.369622 -0.325553 -0.223694 0.095715 0.108720 -0.258320 0.073735 -0.009667 0.015457 -0.040241 0.062374 0.404418 0.410419 0.020718 0.425676 0.175878 -0.106279 0.555608 0.312077 -0.431325 -0.573077 0.164249 -0.344064 0.358483 0.131878 -0.054134 0.061220 0.288556 0.078112 0.021607 -0.181649 -0.170007 -0.283966 0.018252 -0.071307 0.361969 0.190591 0.123624 0.265999 -0.195663 0.108813 -0.064374 0.007443 -0.402474 -0.163263 -0.240478 -0.134042 -0.382374 -0.240847 0.074185 0.173708 -0.190935 0.045309 -0.304391 0.031578 0.168067 0.055287 -0.012438 0.115918 0.064720 -0.125934 0.057033 0.035426 0.065704 -0.075258 -0.321116 -0.017330 0.012686 -0.319508 -0.281216 0.058601
0.167298 0.151355 -0.171030 0.141078 0.061323 -0.002511 0.046180 0.185031 0.052821 0.175198 0.355323 0.184152 0.172833 0.245202 0.132682 0.296719 0.136609 0.135706 0.357711 1.000000 0.075427 -0.042463 0.145728 0.156167 -0.354617 -0.192921 0.044927 0.040582 0.169802 0.083848 -0.185136 -0.094932 0.112215 0.106078 -0.185549 -0.410034 -0.057702 -0.255104 -0.279273 -0.356294 -0.051770 -0.020339 -0.379917 -0.250306 -0.088102 -0.309894 -0.126908 -0.112050 -0.033820 -0.095987 -0.384710 -0.131596 -0.126020 -0.018166 -0.000540 -0.020594 -0.018216 -0.027366 -0.075732 0.123602 -0.171658 -0.141863 0.149763 0.008930 -0.182607 -0.132386 -0.331579 -0.396166 -0.027105 0.183562 0.291068 0.164062 0.118893 0.172255 0.144835 0.046353 -0.023522 -0.003475 -0.009596 -0.151601 0.102722 -0.111046 0.319833 0.157567 0.040544 0.149445 -0.066651 0.099138 -0.120807 0.099887 0.305809 0.324388 0.052545 -0.019500 -0.185474 -0.061623 -0.231811 -0.095963 -0.123967 -0.011837 -0.056018 -0.106113 -0.077569 0.119665 0.261147 0.088791 0.011677 -0.205748 0.098280 -0.025430 -0.224127 -0.112168 -0.258003 -0.143872 -0.223334 0.069372
0.140771 0.186374 0.145124 -0.163537 -0.028058 -0.084948 0.133950 -0.174847 -0.058593 -0.163398 -0.151562 -0.148680 -0.076011 -0.230352 -0.160451 -0.123464 -0.009389 0.105115 0.297283 0.075427 1.000000 0.194044 -0.202192 -0.286595 0.111832 0.275733 -0.047901 -0.054811 0.130986 0.102397 0.146675 -0.072199 0.059659 -0.040374 -0.246266 -0.026499 -0.001494 -0.048099 0.318794 0.175786 0.292613 0.330052 -0.131184 -0.069454 -0.110174 -0.109135 -0.056019 0.084548 0.011050 -0.051302 -0.019922 0.011730 0.017980 -0.047253 -0.002014 -0.000945 -0.080549 0.069940 0.099698 -0.078142 0.110845 0.030186 0.213617 0.126623 -0.261140 -0.280282 0.093159 -0.103830 0.097167 0.043412 0.233664 0.161844 -0.003003 0.129065 0.098658 -0.090025 -0.116598 -0.001936 0.006248 -0.204185 0.148864 0.001497 0.095233 0.334502 -0.205080 0.104778 -0.126568 -0.099855 -0.261909 -0.216306 -0.094469 -0.056750 0.095448 -0.139130 0.196232 0.207705 0.031437 0.104764 0.101320 -0.017965 0.130878 -0.158295 0.182017 0.248022 -0.102390 -0.027830 -0.281412 0.108428 0.198769 0.115294 -0.173026 -0.160738 -0.088125 -0.219969 -0.007303 -0.306883
-0.234965 -0.017130 -0.166312 0.002149 -0.056525 0.099258 -0.078180 0.117702 -0.292693 -0.331196 -0.311219 0.052420 -0.051304 0.064370 -0.394442 0.033515 -0.009633 -0.038149 0.102272 -0.042463 0.194044 1.000000 -0.397467 -0.283438 -0.088345 0.055443 -0.189067 -0.055435 0.268295 0.366550 0.056083 0.217125 0.096654 0.354797 -0.204206 0.190269 0.180943 0.046368 0.041517 0.206398 0.192165 -0.099695 0.043429 -0.069540 0.028585 -0.085374 0.126505 -0.248163 -0.047629 -0.043253 -0.304537 -0.120038 -0.050852 -0.113713 -0.246976 0.045334 -0.175982 -0.147900 -0.233525 0.171578 -0.107732 0.119202 0.208548 0.307625 -0.158015 -0.182370 0.003919 0.031156 -0.105230 -0.085384 -0.024777 0.154502 0.284100 0.161571 0.085118 0.086736 0.117650 0.194081 0.262606 0.141271 0.157302 0.226348 -0.039869 0.312718 -0.415740 -0.269443 0.078437 -0.192694 -0.123694 -0.208125 -0.092812 -0.191247 -0.121742 -0.105880 0.311673 0.258019 0.055410 0.190976 -0.152287 0.009403 0.107193 -0.081354 0.194994 0.081458 -0.338398 -0.206577 0.063422 -0.142697 -0.081497 0.134921 0.203388 -0.035146 0.226268 -0.060571 -0.247618 0.348440
-0.072631 -0.429827 0.229709 0.355296 0.188119 0.070461 0.143319 0.020753 0.193672 0.425268 0.541788 -0.037176 -0.009623 0.007059 0.596506 -0.076772 -0.357554 -0.366532 -0.380513 0.145728 -0.202192 -0.397467 1.000000 0.649322 0.367558 0.254555 0.474438 0.393993 -0.461833 -0.491301 0.344306 0.206557 -0.433192 -0.282927 0.340011 0.045975 -0.188588 -0.074666 -0.013498 -0.304122 -0.093284 -0.044067 -0.208627 0.079920 -0.000019 0.216980 -0.084526 0.214512 -0.116064 0.018904 0.203811 0.124522 0.064798 -0.099791 0.222574 -0.055804 -0.292701 -0.365921 0.051584 -0.311764 -0.099180 -0.332672 -0.485204 -0.584862 0.274708 0.318943 -0.033651 0.187679 -0.224419 -0.082244 0.291803 0.204644 -0.358893 -0.143646 0.003097 0.147599 0.001346 0.083808 -0.441711 -0.319080 -0.480395 -0.532358 0.214633 -0.377663 0.410485 0.270789 0.123054 0.279470 0.509994 0.512076 0.141820 0.491470 0.302669 0.251369 -0.176992 -0.238891 0.127991 -0.149524 0.110665 -0.025293 -0.408400 0.111256 -0.148864 -0.078366 0.258099 0.230985 -0.075860 -0.025014 -0.190434 -0.091622 0.181834 -0.110236 -0.173271 0.115289 0.059927 -0.039020
-0.335800 -0.465808 0.275618 0.693183 0.161082 0.282790 0.140227 0.285379 0.114072 0.499851 0.205539 0.097572 -0.092296 0.056704 0.255798 0.043666 -0.452237 -0.437337 -0.382560 0.156167 -0.286595 -0.283438 0.649322 1.000000 0.234732 0.178078 0.137067 0.151752 -0.426850 -0.318116 0.324635 0.493021 -0.319001 -0.094575 0.453044 0.158193 -0.377627 -0.257761 -0.321598 -0.287907 -0.209360 -0.339493 -0.221638 -0.071745 0.093970 0.298544 -0.047819 -0.025035 -0.090210 0.118493 -0.018966 -0.013139 -0.272467 -0.100451 0.077086 -0.174535 -0.425227 -0.484057 -0.161193 -0.236511 -0.267178 -0.168941 -0.553128 -0.533292 0.438546 0.373419 0.017011 0.371869 -0.322553 0.069268 0.143760 0.386702 -0.404643 -0.212794 -0.127210 -0.020807 -0.102244 0.019959 -0.342635 -0.297777 -0.436975 -0.443706 -0.100765 -0.321712 0.370307 0.171197 -0.076150 0.129502 0.391062 0.401656 0.277653 0.485521 0.467867 0.245646 -0.074029 -0.224060 -0.229492 -0.130943 -0.052127 -0.168821 -0.344096 0.174331 -0.036352 -0.104279 0.273328 0.188232 0.072127 -0.144613 -0.116886 -0.120289 0.129379 -0.153060 -0.099013 0.137943 0.083473 -0.068070
-0.249253 -0.194832 0.347758 0.119868 -0.128721 0.019161 -0.186190 -0.336697 -0.168884 0.071452 -0.210257 -0.366358 -0.543834 -0.531617 0.059448 -0.409963 -0.235979 -0.099830 -0.365757 -0.354617 0.111832 -0.088345 0.367558 0.234732 1.000000 0.806190 0.521449 0.534957 -0.492008 -0.335531 0.483561 0.265669 -0.234001 -0.186634 0.445072 0.424369 -0.083749 -0.036043 0.246555 0.110415 0.156093 -0.066341 0.140140 0.448450 0.127278 0.457239 0.112222 0.493340 0.036052 0.217925 0.452967 0.173443 0.017456 0.081133 0.063489 -0.154625 -0.084895 -0.033962 -0.152190 -0.282928 -0.256512 -0.352244 -0.466669 -0.372291 0.080258 -0.030635 0.166326 0.447093 0.062541 0.009646 0.151831 0.275951 -0.426594 -0.121540 -0.092031 0.027971 -0.004435 0.169432 -0.103598 -0.033461 -0.251000 -0.196441 -0.267806 -0.424146 0.153476 0.113408 0.026537 0.073091 0.219557 -0.019480 -0.293881 -0.120045 -0.009481 -0.149601 0.047161 -0.097814 0.299606 0.009479 0.172339 -0.155602 -0.326657 -0.014898 -0.112661 -0.151489 -0.003031 0.081946 -0.185899 -0.049424 0.001774 0.122782 0.494286 0.082879 -0.078926 0.146780 0.136927 -0.244328
-0.190320 -0.096688 0.229196 0.172894 -0.197280 0.170391 -0.197422 -0.154758 -0.349843 0.043148 -0.248638 -0.366080 -0.527625 -0.490478 -0.116568 -0.343912 -0.229681 -0.066547 -0.238333 -0.192921 0.275733 0.055443 0.254555 0.178078 0.806190 1.000000 0.341097 0.528727 -0.327689 -0.234926 0.408324 0.243386 -0.233720 -0.124647 0.218304 0.327442 -0.017418 -0.010174 0.196292 0.144678 0.294648 -0.069296 0.168255 0.405378 0.006072 0.297330 0.164225 0.434128 0.013023 0.084430 0.270823 0.141266 -0.025823 -0.029694 -0.073658 -0.003762 -0.202874 -0.071624 -0.208179 -0.172228 -0.323799 -0.247727 -0.411440 -0.284231 -0.144062 -0.004482 0.137294 0.264476 0.123520 0.025441 0.248328 0.411478 -0.359812 -0.011776 -0.023417 0.054456 0.010138 0.242208 0.041529 -0.065282 -0.013751 -0.102915 -0.252017 -0.276317 -0.068824 -0.013778 -0.003894 0.064168 0.012251 -0.093818 -0.257579 -0.168950 0.134075 -0.251105 0.240473 0.049191 0.274121 0.220182 0.162130 -0.216076 -0.218557 -0.123200 -0.052805 -0.059361 0.034307 -0.058520 -0.145339 -0.095991 0.009562 0.136528 0.415472 -0.022143 -0.041908 0.166202 0.070017 -0.141155
0.137599 -0.145159 0.066900 -0.216556 0.081693 -0.098408 -0.192133 -0.327012 0.088648 0.208192 0.251527 -0.213593 -0.130104 -0.409470 0.485484 -0.244295 -0.024483 -0.093843 -0.213008 0.044927 -0.047901 -0.189067 0.474438 0.137067 0.521449 0.341097 1.000000 0.726317 -0.459768 -0.413033 -0.121643 -0.287064 -0.301483 -0.415857 0.422051 0.097386 -0.144259 -0.036532 0.207921 0.121284 -0.199785 0.211217 -0.081764 0.224769 -0.172513 0.177567 -0.012760 0.425231 0.077210 0.106216 0.525469 0.248653 0.307813 0.300792 0.351109 0.122244 0.153927 0.096557 0.157648 -0.183586 0.011188 -0.221748 -0.361166 -0.455159 0.022542 0.071822 -0.024393 0.102816 0.205798 0.253256 0.229559 0.036152 -0.384683 -0.059388 -0.014025 0.031219 -0.020473 0.080362 -0.205023 -0.091647 -0.325943 -0.268676 0.153495 -0.391938 0.287804 0.086778 0.238328 0.297811 0.398703 0.142041 -0.121403 0.099776 -0.098185 0.046895 -0.181457 -0.304320 0.389625 -0.147708 0.244019 0.010071 -0.431745 -0.090811 -0.203440 -0.019411 0.229878 0.176251 -0.095286 -0.008459 -0.206503 -0.115404 0.396367 -0.000337 -0.286574 0.050513 -0.006475 -0.154209
-0.008294 -0.087126 0.044008 -0.035095 -0.026859 0.080403 -0.378629 -0.347131 -0.320080 0.077696 0.051804 -0.302361 -0.395597 -0.452429 0.159077 -0.300764 -0.085869 0.015647 -0.181400 0.040582 -0.054811 -0.055435 0.393993 0.151752 0.534957 0.528727 0.726317 1.000000 -0.379124 -0.341003 0.035797 -0.110783 -0.372564 -0.356360 0.325055 0.139418 -0.024861 -0.082196 0.097482 0.078221 -0.095610 0.056271 -0.002445 0.287114 0.011686 0.287747 0.170204 0.358844 0.134790 0.179020 0.403803 0.295078 0.201462 0.237520 0.107962 0.118375 0.038520 0.035307 -0.129831 -0.110844 -0.266106 -0.316718 -0.300070 -0.318725 -0.123929 -0.095149 0.079860 0.214761 0.208943 0.148650 0.228979 0.209909 -0.313616 0.010552 0.065647 0.047995 0.059081 0.168843 -0.080934 -0.061710 -0.157719 -0.189277 -0.000053 -0.390679 0.183043 0.079232 0.172091 0.237055 0.137519 0.137049 -0.131110 -0.052783 -0.037967 -0.163302 0.006826 -0.239306 0.490754 0.140768 0.316611 0.028605 -0.378205 -0.104068 -0.212063 -0.087600 0.067191 -0.003085 -0.012223 -0.220590 -0.085383 0.008856 0.404350 0.013310 -0.260544 0.205248 -0.036930 0.029915
-0.002553 0.214439 -0.318875 -0.255841 -0.183572 -0.239792 0.068260 -0.032993 0.005531 -0.437406 -0.167804 0.253382 0.242266 0.355663 -0.251454 0.276598 0.491801 0.310154 0.412850 0.169802 0.130986 0.268295 -0.461833 -0.426850 -0.492008 -0.327689 -0.459768 -0.379124 1.000000 0.783364 -0.027142 0.058143 0.414907 0.381628 -0.473061 -0.286350 0.452791 0.232991 0.053046 -0.001216 0.388810 0.093561 -0.005542 -0.186738 -0.296553 -0.525499 -0.019686 -0.361474 -0.221563 -0.321470 -0.463615 -0.281784 0.032626 -0.089307 -0.119910 0.196460 0.075040 0.117930 -0.156177 0.139139 -0.011541 0.048762 0.565500 0.468728 -0.338537 -0.379390 -0.290512 -0.495552 -0.036965 -0.308008 -0.088456 -0.200253 0.710271 0.267946 0.356204 0.217574 0.182390 0.007515 0.453104 0.316253 0.503105 0.507388 0.099042 0.562092 -0.296247 -0.145052 -0.039052 0.048506 -0.351585 -0.303636 -0.155974 -0.208155 -0.317713 -0.182963 0.198909 0.340174 0.089993 0.284461 -0.154485 0.202612 0.281981 0.058922 0.038877 -0.151740 -0.296763 -0.402583 0.099638 -0.053832 0.297713 0.202775 -0.247882 -0.073087 0.253885 -0.107492 -0.003937 0.204507
-0.303998 0.080250 -0.236566 -0.106939 -0.079152 -0.093879 0.128778 0.021454 0.002462 -0.380065 -0.329320 0.315090 0.183857 0.439812 -0.396231 0.424389 0.365390 0.284669 0.201689 0.083848 0.102397 0.366550 -0.491301 -0.318116 -0.335531 -0.234926 -0.413033 -0.341003 0.783364 1.000000 0.043511 0.203088 0.342304 0.584162 -0.315010 -0.015412 0.507243 0.327958 -0.073060 0.114042 0.358418 0.031293 -0.118231 -0.260557 -0.128264 -0.428380 -0.109158 -0.354078 -0.274965 -0.224959 -0.535552 -0.368910 -0.184450 -0.122580 -0.120205 0.132278 -0.034705 0.026820 -0.331432 0.027590 -0.155172 0.069892 0.438604 0.474655 -0.221414 -0.425470 -0.303061 -0.374473 -0.190461 -0.320157 -0.182578 -0.222698 0.705506 0.401492 0.340486 0.235104 0.238643 0.116462 0.471735 0.369574 0.442040 0.485854 -0.040037 0.664276 -0.404795 -0.230275 0.021516 -0.029162 -0.300504 -0.428883 -0.072273 -0.183456 -0.234153 -0.163628 0.313160 0.366956 0.057564 0.251283 -0.143476 0.122153 0.385883 -0.003925 0.114424 -0.166699 -0.263826 -0.368516 0.180692 -0.096297 0.235518 0.269941 -0.069714 0.117271 0.279131 -0.110618 -0.039268 0.339816
-0.470634 -0.322781 0.467709 0.526158 0.050905 0.073602 0.225399 -0.077132 -0.077524 -0.156977 -0.216573 -0.086798 -0.190642 -0.008465 -0.139492 -0.061004 -0.300919 -0.173703 -0.163276 -0.185136 0.146675 0.056083 0.344306 0.324635 0.483561 0.408324 -0.121643 0.035797 -0.027142 0.043511 1.000000 0.791721 -0.032166 0.339419 0.079779 0.288413 0.142721 0.103516 0.157790 -0.143051 0.384193 -0.085832 -0.039714 0.119589 0.072999 0.116501 -0.104598 -0.082959 -0.339078 -0.102469 -0.109225 -0.288046 -0.253327 -0.408440 0.087398 -0.298634 -0.431451 -0.372042 -0.162199 -0.284810 -0.241421 -0.406463 -0.191700 -0.223590 0.182785 -0.096175 0.066789 0.301155 -0.368707 -0.374993 0.139091 0.313783 0.105908 0.112878 0.261716 0.315317 0.177681 0.326216 -0.241047 -0.182523 -0.275341 -0.259401 -0.336772 -0.158588 -0.060636 -0.001987 -0.264751 -0.094370 0.102950 0.062820 -0.129252 0.162473 0.074811 -0.069789 0.037048 0.191456 -0.011590 0.044870 -0.020742 0.018514 -0.062833 0.158433 0.073097 -0.220975 -0.021751 0.023101 -0.198080 -0.041432 0.142363 0.401221 0.157110 0.157105 0.326265 0.057304 0.201409 0.040641
-0.614272 -0.485848 0.261399 0.638593 -0.024244 0.211026 0.181334 0.222899 -0.179417 -0.002143 -0.223573 0.115217 -0.162324 0.186820 -0.249786 0.135391 -0.339216 -0.293572 -0.307901 -0.094932 -0.072199 0.217125 0.206557 0.493021 0.265669 0.243386 -0.287064 -0.110783 0.058143 0.203088 0.791721 1.000000 -0.095331 0.485500 0.247268 0.385443 0.131496 0.035467 -0.127222 -0.165827 0.294491 -0.371751 0.014307 0.073617 0.072641 0.176863 -0.001207 -0.226398 -0.360890 -0.143400 -0.325042 -0.371413 -0.390250 -0.319206 -0.077397 -0.274060 -0.554893 -0.557188 -0.285520 -0.252930 -0.352026 -0.228587 -0.213536 -0.115341 0.255593 0.089364 -0.087480 0.348144 -0.547662 -0.365146 0.067615 0.363894 0.102347 0.056051 0.132172 0.310231 0.244426 0.420655 -0.081204 -0.064181 -0.246735 -0.154665 -0.397190 -0.078910 -0.138642 -0.160170 -0.182938 -0.103911 0.121260 0.027789 0.062776 0.200637 0.214839 -0.033441 0.116905 0.155340 -0.143351 0.044946 -0.081418 -0.013329 0.006449 0.158329 0.142136 -0.192566 -0.118930 -0.100085 -0.125614 -0.138950 0.081105 0.421694 0.210126 0.132825 0.373909 0.079254 0.187564 0.093891
0.119250 0.376216 0.155793 -0.158949 -0.166303 -0.299722 0.012098 -0.245828 -0.115064 -0.477994 -0.293839 -0.171831 0.056537 -0.083090 -0.309746 -0.080304 0.525178 0.449415 0.563233 0.112215 0.059659 0.096654 -0.433192 -0.319001 -0.234001 -0.233720 -0.301483 -0.372564 0.414907 0.342304 -0.032166 -0.095331 1.000000 0.444842 -0.359154 -0.078242 -0.077239 -0.040041 0.032839 -0.048842 0.086349 0.054336 0.064028 -0.084051 0.120900 -0.291756 -0.188985 -0.218722 0.048488 0.139952 -0.154583 0.132123 -0.293470 -0.031515 -0.222846 -0.113204 0.381724 0.356818 -0.084887 0.328586 0.033765 -0.118327 0.392169 0.239587 -0.225582 -0.420845 0.110327 -0.328054 0.349321 -0.092857 -0.137828 0.026460 0.406093 0.122872 0.021391 -0.182390 -0.055294 -0.240973 0.165836 0.131467 0.395710 0.339573 -0.154815 0.184741 -0.202236 -0.105001 -0.218889 -0.262266 -0.432991 -0.240991 -0.326850 -0.250369 -0.303579 -0.235862 0.057187 0.299677 -0.278655 -0.086053 -0.360548 -0.046524 0.132057 0.152191 -0.130628 -0.065947 -0.018402 -0.076009 0.011632 0.162188 0.115257 0.014422 -0.255526 0.067681 0.131176 -0.118541 -0.098685 0.012570
-0.420118 -0.108431 -0.035333 0.232205 -0.010907 0.119200 0.115932 0.095978 -0.114042 -0.331423 -0.341973 0.128195 0.138079 0.282394 -0.446313 0.341729 0.195760 0.217199 0.183897 0.106078 -0.040374 0.354797 -0.282927 -0.094575 -0.186634 -0.124647 -0.415857 -0.356360 0.381628 0.584162 0.339419 0.485500 0.444842 1.000000 -0.188692 0.296502 0.288694 0.278154 -0.078289 -0.117368 0.399680 -0.128635 -0.172245 -0.310451 0.001211 -0.271272 -0.347404 -0.482775 -0.436173 -0.203378 -0.616717 -0.477643 -0.339064 -0.325255 -0.092851 -0.300603 -0.043140 -0.032990 -0.288342 0.043326 -0.060813 -0.001592 0.314722 0.362661 0.086955 -0.151426 -0.176733 -0.083080 -0.180780 -0.139668 -0.125153 0.019536 0.534869 0.212129 0.205352 0.220142 0.290727 0.266171 0.172323 0.203638 0.199705 0.235484 -0.303971 0.217200 -0.344560 -0.379727 0.014528 -0.202945 -0.077934 -0.052717 0.017495 -0.067079 -0.042447 -0.161784 0.020186 0.301006 -0.339482 -0.088555 -0.316842 -0.084994 0.269138 0.025391 0.097935 -0.073203 -0.109387 -0.116706 -0.136398 -0.129626 0.126635 0.414693 -0.074499 0.228442 0.388226 -0.067122 0.071845 0.249950
-0.281005 -0.382575 0.058421 0.220709 0.012375 0.061879 -0.108614 -0.084865 0.034114 0.291384 0.070108 -0.065764 -0.230118 -0.214711 0.285537 -0.110803 -0.286766 -0.311937 -0.516822 -0.185549 -0.246266 -0.204206 0.340011 0.453044 0.445072 0.218304 0.422051 0.325055 -0.473061 -0.315010 0.079779 0.247268 -0.359154 -0.188692 1.000000 0.489052 -0.242517 -0.131673 -0.276615 -0.050178 -0.256263 -0.179473 0.114509 0.192910 0.124898 0.593279 0.171280 0.227605 0.042549 0.143185 0.362676 0.068692 -0.059246 0.209521 -0.019820 -0.148925 -0.143051 -0.237484 -0.018053 -0.227505 -0.174032 -0.137403 -0.527270 -0.370799 0.309998 0.280885 0.155814 0.560898 -0.219873 0.008906 0.037269 0.166990 -0.351846 -0.232875 -0.095890 0.082013 0.109242 0.187436 -0.157735 -0.106567 -0.447636 -0.278307 -0.137902 -0.486795 0.241674 -0.001177 0.136667 0.058776 0.347653 0.148205 0.032883 0.152898 0.204413 0.081397 -0.258389 -0.340332 0.046539 -0.245654 0.283820 0.064197 -0.325469 0.162618 -0.065368 -0.045637 0.063260 0.156448 -0.045263 -0.096781 -0.223055 -0.071465 0.295919 0.019975 -0.099196 0.139169 0.185944 -0.234591
-0.553767 -0.450100 0.094241 0.218345 -0.015185 0.277254 -0.233746 -0.186079 -0.213035 -0.066225 -0.359756 -0.231645 -0.284832 -0.200726 -0.210568 -0.163410 -0.189798 -0.105589 -0.346386 -0.410034 -0.026499 0.190269 0.045975 0.158193 0.424369 0.327442 0.097386 0.139418 -0.286350 -0.015412 0.288413 0.385443 -0.078242 0.296502 0.489052 1.000000 -0.057832 -0.031078 -0.036332 0.205570 0.026040 -0.132470 0.025941 0.017053 0.274072 0.470424 0.044918 -0.049908 -0.010906 0.250501 0.119188 0.017690 -0.233179 0.040844 -0.232838 -0.304521 -0.101930 -0.155038 -0.223673 -0.006173 -0.209245 0.004560 -0.313006 0.026847 0.205447 0.071420 0.233943 0.570800 -0.135269 0.009225 -0.086533 0.051932 -0.114743 -0.142076 -0.083365 -0.008029 0.104218 0.228463 -0.034563 0.028597 -0.171800 -0.001848 -0.233840 -0.205052 0.031962 -0.211424 0.050918 0.000650 0.167576 0.144566 -0.022699 -0.182661 0.100744 -0.258953 0.014227 0.024033 -0.132130 -0.183879 0.122480 -0.227863 -0.075873 0.028672 0.106400 0.071691 -0.074123 0.175331 -0.078859 -0.033567 -0.081259 0.202637 0.273294 0.134467 0.160681 0.210820 0.176101 -0.158863
