1.000000 0.281621 0.306744 -0.130958 0.192919 0.344668 0.237971 -0.217409 0.278935 0.082388 0.315652 0.166512 0.402992 0.002662 0.369485 -0.080042 0.157201 -0.062268 0.263676 0.241098 -0.147806 -0.254323 0.175000 0.074882 -0.280440 -0.446561 0.065735 0.103897 0.025457 -0.271253 -0.302387 -0.480314 0.054676 -0.253056 -0.147116 -0.394150 -0.124386 -0.106310 0.075927 -0.200486 -0.278399 -0.157003 -0.281115 -0.387417 -0.361917 -0.462698 -0.297968 -0.216988 0.133495 -0.238793 0.230816 -0.205104 -0.181472 -0.235063 -0.093834 -0.120185 0.181758 0.124338 0.391838 0.095611 0.355097 0.015227 0.310091 -0.000667 0.288073 -0.235083 0.291969 -0.194806 0.443950 0.418203 -0.074732 -0.236384 -0.241590 -0.155875 0.052856 -0.108365 0.015669 -0.314363 -0.348257 -0.037569 -0.181353 -0.198518 0.018485 -0.061838 -0.008033 0.080615 -0.135968 -0.246272 0.064339 0.007669 -0.014012 0.128490 -0.112158 0.281347 0.125988 -0.316412 0.024917 0.047369 -0.333375 -0.070688 -0.121058 0.095213 0.220916 0.437095 0.104680 -0.074226 -0.000264 -0.024883 -0.159309 0.043604 0.138776 -0.143605 -0.132640 -0.200565 -0.216578 -0.053573
0.281621 1.000000 -0.221437 0.013041 -0.155392 0.064409 -0.338636 -0.359361 -0.045836 0.037429 -0.211067 -0.393681 -0.203086 -0.249846 -0.053894 -0.256608 0.099076 0.056812 0.206900 0.238025 -0.132156 0.245418 -0.019493 -0.221945 -0.192982 -0.120113 0.093191 0.161476 -0.358540 -0.255028 -0.542275 -0.502737 0.185159 -0.262299 -0.034030 -0.204091 -0.078643 0.146649 0.119848 0.030794 -0.144102 0.042194 -0.010676 -0.269641 -0.251683 -0.254346 -0.161093 -0.316824 0.180311 -0.051312 0.179401 0.148154 0.048804 -0.204891 0.150227 0.010736 0.478193 0.758129 0.426198 0.393485 0.092945 0.117320 -0.116838 -0.022851 -0.061637 -0.137126 0.258843 -0.190604 0.594247 0.477315 -0.398969 -0.330370 -0.100815 0.052730 0.227806 -0.039479 0.069130 -0.006901 -0.187556 0.043916 -0.116032 -0.150101 -0.218251 -0.256049 -0.063331 0.146397 0.146548 0.108135 0.116071 0.082409 0.054523 -0.080295 -0.163495 0.042003 -0.002911 -0.034924 -0.011447 0.012864 -0.024898 0.276347 -0.026449 0.010720 0.235178 0.338576 0.232241 -0.061684 -0.202756 0.041196 0.031845 0.008081 -0.181432 -0.076659 0.069793 -0.090533 -0.081481 0.198242
0.306744 -0.221437 1.000000 0.506567 0.575011 0.263862 0.433270 0.288820 0.700514 0.422199 0.409028 0.243416 0.224063 0.161396 0.638146 0.035768 -0.343722 -0.353343 -0.003386 -0.212236 0.167153 -0.162836 0.542308 0.286442 0.281309 0.042191 0.510541 0.351869 -0.271250 -0.549934 0.207080 0.054468 -0.224273 0.124676 0.182748 0.050239 -0.554109 -0.420504 -0.265403 -0.306616 -0.254554 -0.393304 -0.435171 -0.397613 -0.268926 -0.292601 -0.403046 -0.165770 -0.308105 -0.460908 -0.102669 -0.350653 -0.140653 0.098519 -0.445830 -0.391965 -0.303857 -0.230694 0.119890 -0.200758 0.405384 0.083963 -0.425028 -0.335924 0.555992 0.380187 0.080197 0.138707 -0.069766 0.016400 0.153467 0.141329 -0.566209 -0.413027 -0.372391 -0.131139 -0.140077 -0.227349 -0.401860 -0.103237 -0.522979 -0.394570 -0.012730 -0.368478 0.189719 0.087539 0.057642 -0.103033 0.384088 0.274112 -0.021813 0.250829 0.256701 0.344905 0.149782 -0.309457 0.092927 0.079160 -0.499475 -0.129887 0.134003 -0.016324 0.194009 0.192124 0.072219 -0.147369 0.132240 0.034590 -0.380654 0.036979 0.134997 -0.229266 -0.087843 0.089439 -0.112125 -0.188437
-0.130958 0.013041 0.506567 1.000000 0.241483 0.180384 -0.050624 0.356311 0.362924 0.424124 0.230699 0.050075 -0.163759 0.212322 0.279051 0.074928 -0.509303 -0.381085 -0.239325 -0.405770 0.160077 0.045909 0.270080 0.139793 0.262468 0.303485 0.391434 0.431923 -0.492070 -0.468800 -0.059175 0.044945 -0.065172 0.120841 0.287868 0.253964 -0.416904 -0.202787 -0.027158 -0.108761 -0.185208 -0.333814 -0.274818 -0.222191 -0.170296 -0.065058 -0.318737 -0.172419 -0.323067 -0.378456 -0.177608 -0.262962 -0.059452 0.083204 -0.270427 -0.214177 0.063154 -0.010516 0.142036 -0.061178 0.174031 0.030252 -0.542790 -0.414427 0.398337 0.600693 0.142363 0.348618 0.002684 -0.082383 -0.105438 0.108545 -0.488099 -0.307824 -0.196609 -0.048260 -0.250266 -0.136036 -0.268293 -0.023844 -0.452105 -0.355109 -0.239510 -0.459872 0.228394 0.333830 0.165972 0.123356 0.433787 0.324574 -0.054691 0.146980 0.370142 0.142826 0.179649 -0.290225 0.225517 0.067851 -0.420010 -0.102341 0.280599 -0.261308 0.206938 -0.035972 0.003495 -0.158112 0.123897 0.097218 -0.154058 -0.011942 0.051354 -0.272697 -0.009457 0.174088 -0.257735 -0.128602
0.192919 -0.155392 0.575011 0.241483 1.000000 0.208076 0.548633 0.361768 0.670051 0.591895 0.185251 0.252783 0.112516 -0.061805 0.380683 -0.135535 -0.239134 -0.303912 0.202230 0.012772 0.088541 -0.367206 0.504742 0.413363 0.268090 -0.095544 0.215244 0.061696 -0.203843 -0.303144 0.347201 0.165568 -0.319577 -0.075613 0.213465 -0.140132 -0.477213 -0.409616 -0.326559 -0.451160 -0.259709 -0.351506 -0.337640 -0.450768 -0.404688 -0.255478 -0.277205 -0.249274 -0.390729 -0.277845 -0.057021 -0.264749 -0.124127 0.215206 -0.469470 -0.524806 -0.336448 -0.190087 -0.073820 -0.166726 0.234710 0.046748 -0.235055 -0.025540 0.566131 0.179778 0.101592 0.097429 -0.004937 0.160190 0.014890 -0.081451 -0.443765 -0.445920 -0.421192 -0.295340 -0.273147 -0.228544 -0.295039 -0.140309 -0.498241 -0.317494 0.306455 -0.085966 0.348167 0.225442 0.025775 -0.026501 0.383732 0.253328 0.087320 0.276312 0.259824 0.250211 0.158669 -0.140023 0.031107 0.079712 -0.405881 -0.200325 -0.055560 0.091492 0.194248 0.114355 -0.164878 -0.054464 0.078735 -0.173825 -0.337585 0.101030 0.135685 -0.111992 -0.155908 -0.018349 -0.010295 -0.421096
0.344668 0.064409 0.263862 0.180384 0.208076 1.000000 0.084767 0.138189 0.341061 0.386369 0.152149 0.195619 -0.016941 -0.058635 0.227299 0.010371 -0.065558 -0.331331 -0.145485 0.033219 -0.374360 -0.079214 0.314730 0.538770 0.145495 -0.003740 0.259406 0.297104 -0.281076 -0.302082 -0.195763 -0.086791 -0.187701 -0.143369 0.081862 -0.097446 -0.164059 -0.216890 0.037875 -0.160844 -0.223395 -0.160162 -0.238353 -0.356505 -0.232870 -0.143900 -0.285830 -0.315813 -0.057492 -0.204020 0.173734 -0.143137 -0.106803 -0.129462 -0.053457 -0.127867 0.084887 -0.126810 0.046290 -0.172558 0.000699 -0.176909 0.003489 -0.179132 0.388673 -0.000462 0.370239 0.318160 0.133122 0.279020 -0.205640 -0.048205 -0.552003 -0.355041 -0.210757 -0.165831 -0.213884 -0.101627 -0.333473 -0.203532 -0.432614 -0.265415 0.123395 -0.095475 0.298035 0.231209 0.201454 -0.151547 0.342513 0.052378 -0.176032 0.166712 -0.014357 0.218525 0.179689 -0.175221 0.016796 0.104467 -0.299426 -0.241690 -0.040339 -0.084802 0.027361 0.302177 0.144015 0.071951 0.044659 0.056529 -0.038614 -0.175425 -0.016236 -0.221801 -0.142650 -0.087644 -0.027646 0.032780
0.237971 -0.338636 0.433270 -0.050624 0.548633 0.084767 1.000000 0.595830 0.526694 0.403772 0.033142 0.590838 0.483680 0.070061 0.198932 -0.001337 -0.103588 -0.384857 0.203711 -0.058340 -0.000603 -0.293285 0.045035 0.064070 0.085932 -0.240627 -0.091350 -0.232264 0.093402 -0.013886 0.401540 0.238313 -0.108811 0.089683 0.115353 -0.112531 -0.363144 -0.296064 -0.303674 -0.393203 -0.087985 -0.146766 -0.278587 -0.290746 -0.092669 -0.154477 -0.250564 -0.248020 -0.313881 -0.117852 -0.008207 -0.362482 -0.337038 0.057153 -0.397913 -0.373395 -0.503384 -0.510534 -0.093838 -0.160227 0.127342 0.106526 0.153149 0.149353 0.466650 0.010357 0.140391 0.031338 -0.285921 -0.199041 0.282974 -0.044706 -0.028477 -0.149500 -0.142915 0.046540 0.050818 0.063717 -0.259461 -0.035903 -0.353528 -0.289977 0.164786 0.017752 0.148143 0.143300 -0.336301 -0.449192 -0.002014 -0.082931 -0.076636 0.154918 0.126091 0.159171 -0.028885 0.024167 -0.097365 -0.021440 -0.170492 -0.136540 -0.012931 0.180771 0.189104 0.198425 0.068274 -0.030793 0.233687 0.082548 -0.130576 0.095154 -0.023572 -0.113662 -0.074129 -0.012497 -0.108394 -0.215072
-0.217409 -0.359361 0.288820 0.356311 0.361768 0.138189 0.595830 1.000000 0.286690 0.413913 -0.044984 0.458498 0.106629 0.222501 0.036341 0.151431 -0.330314 -0.406566 -0.121326 -0.226842 0.130070 -0.111308 -0.006541 0.239322 0.377803 0.247707 0.044406 0.050244 -0.048703 -0.015829 0.443367 0.484332 -0.200141 0.304252 0.198813 0.135650 -0.268093 -0.261872 -0.291868 -0.209684 -0.023372 -0.062676 -0.258623 -0.135428 0.047838 0.087857 -0.153884 -0.263395 -0.432618 -0.116147 -0.291374 -0.264163 -0.273539 0.098664 -0.263231 -0.302338 -0.375145 -0.511461 -0.331015 -0.339263 -0.152961 0.092471 -0.125022 -0.047755 0.340498 0.372447 -0.011699 0.234687 -0.500189 -0.420134 0.235784 0.136758 -0.018444 -0.179371 -0.241237 -0.020230 -0.102387 0.130084 -0.234395 -0.145403 -0.375288 -0.365333 0.098616 -0.088054 0.119293 0.128685 -0.139333 -0.368230 0.186824 -0.066496 -0.024798 0.172620 0.352267 0.212634 0.117801 0.169745 -0.083971 -0.048472 -0.145993 -0.049855 0.164516 0.140862 0.072317 -0.127318 0.076545 -0.034952 0.113444 0.102546 -0.010996 0.203035 -0.233913 -0.202372 -0.129242 0.282644 0.029567 -0.149786
0.278935 -0.045836 0.700514 0.362924 0.670051 0.341061 0.526694 0.286690 1.000000 0.600903 0.286698 0.392282 0.325033 0.063581 0.634638 0.044298 -0.249446 -0.431033 0.148912 -0.091315 -0.124599 -0.286116 0.349555 0.227427 0.240151 -0.100130 0.127520 -0.000350 -0.276024 -0.475296 0.162034 -0.020884 -0.242873 -0.108868 0.198717 -0.137945 -0.419964 -0.526964 -0.175207 -0.485424 -0.230651 -0.429437 -0.584355 -0.637950 -0.514050 -0.518796 -0.511291 -0.247685 -0.393453 -0.437900 -0.077649 -0.387578 -0.093614 0.162933 -0.516218 -0.445901 -0.257009 -0.121759 0.208968 0.053105 0.394919 0.134262 -0.198883 0.005087 0.565688 0.210112 0.187119 0.063836 0.128229 0.186817 -0.007637 0.014259 -0.519110 -0.480107 -0.287527 -0.177934 -0.203575 -0.152775 -0.369273 -0.164576 -0.530343 -0.419754 0.281012 -0.104125 0.248212 0.239200 -0.040993 -0.110920 0.300844 0.323257 -0.025608 0.352083 0.316162 0.287490 0.212955 -0.420169 0.134393 0.217147 -0.540535 -0.192677 0.153630 0.102319 0.292041 0.283443 -0.063736 -0.138707 0.186715 -0.022025 -0.273591 -0.128167 0.165715 -0.280400 -0.147567 0.048359 -0.087645 -0.243970
0.082388 0.037429 0.422199 0.424124 0.591895 0.386369 0.403772 0.413913 0.600903 1.000000 0.114967 0.296807 -0.054110 -0.068202 0.235335 -0.151658 -0.324203 -0.434243 0.041841 -0.261632 -0.237482 -0.176389 0.351133 0.347913 0.354854 0.061470 0.165233 0.133163 -0.526540 -0.381146 0.030414 0.057353 -0.384389 -0.171135 0.345943 -0.034207 -0.455323 -0.375510 -0.144648 -0.393047 -0.329229 -0.402067 -0.384348 -0.552387 -0.384885 -0.259836 -0.307223 -0.359620 -0.437724 -0.374254 0.140174 -0.241411 0.046835 0.251625 -0.207054 -0.410597 -0.028758 -0.081238 -0.017712 -0.159242 0.109744 -0.026874 -0.297095 -0.220453 0.636507 0.283119 0.293383 0.221651 -0.001521 0.018297 -0.154322 -0.213806 -0.565132 -0.448828 -0.197475 -0.279842 -0.195422 -0.128716 -0.259654 -0.019852 -0.544934 -0.252173 0.092876 -0.186474 0.616428 0.529562 0.220208 0.133863 0.490046 0.421322 -0.063731 0.158080 0.167535 0.101062 0.214537 -0.284482 0.182700 0.221051 -0.421197 -0.217689 0.029063 -0.056857 0.205381 0.133278 -0.164734 -0.148489 0.131964 -0.068343 -0.183801 -0.034339 0.101619 -0.410417 -0.157393 -0.041262 -0.227409 -0.245830
0.315652 -0.211067 0.409028 0.230699 0.185251 0.152149 0.033142 -0.044984 0.286698 0.114967 1.000000 0.348851 0.362339 0.433621 0.689386 0.279873 -0.089969 -0.203792 -0.057261 -0.200445 -0.233189 -0.338106 0.419417 0.195677 -0.119173 -0.264723 -0.064816 0.028843 0.203479 -0.222986 0.027568 -0.210716 -0.241156 0.010076 0.179235 0.003170 -0.090331 -0.097335 -0.141162 -0.184160 -0.283892 -0.186465 -0.282745 -0.112014 -0.128983 -0.285563 -0.115185 -0.038381 -0.027874 -0.285383 0.021666 -0.060878 -0.032088 0.182717 -0.093822 -0.201077 -0.166453 -0.196543 0.058097 -0.108141 0.389231 0.023859 -0.054778 -0.192293 0.474075 0.288465 -0.123208 -0.143566 0.019511 -0.058696 0.095510 0.044145 -0.309704 -0.300400 -0.039420 -0.065531 0.105987 -0.276708 -0.001812 0.019617 -0.230712 -0.112623 0.107293 -0.107402 0.291383 0.007001 -0.000686 0.006760 0.267169 0.174570 -0.078318 0.125727 0.204225 0.223777 -0.082686 -0.299657 -0.052579 -0.127035 -0.218599 -0.202828 0.166734 0.154604 0.117740 0.003990 -0.082099 0.028018 0.147860 -0.207616 -0.334877 -0.233554 0.099404 -0.196962 0.027432 0.171729 -0.042752 -0.184723
0.166512 -0.393681 0.243416 0.050075 0.252783 0.195619 0.590838 0.458498 0.392282 0.296807 0.348851 1.000000 0.499664 0.426484 0.373952 0.367573 -0.092221 -0.154321 -0.085031 -0.287160 -0.217161 -0.387527 -0.000300 0.137965 -0.002626 -0.279030 -0.381484 -0.429232 0.228604 0.099988 0.243112 0.126400 -0.274725 -0.051993 -0.030536 -0.217451 0.049513 -0.109248 -0.165297 -0.206341 0.010682 -0.041077 -0.416320 -0.217558 -0.184213 -0.287077 -0.171684 -0.164467 -0.162512 -0.142606 0.062697 -0.192558 -0.229311 0.183010 -0.195506 -0.161123 -0.373928 -0.523932 -0.161716 -0.159100 0.242449 0.123435 0.203439 0.279206 0.406240 0.088316 -0.111188 -0.086098 -0.401496 -0.357980 0.113476 0.094728 0.039584 -0.035074 -0.000062 0.012671 -0.021451 -0.030833 -0.026912 -0.000178 -0.235233 -0.200383 0.311407 0.226544 0.099708 0.182498 -0.166482 -0.357510 0.117139 -0.028606 -0.043865 0.231093 0.285884 0.067481 0.091097 -0.067765 0.068817 0.062435 -0.136225 -0.270557 0.080881 0.169344 0.115499 -0.015524 -0.198891 0.027467 0.227590 -0.041739 -0.096140 0.029859 -0.052120 -0.203587 -0.103092 0.132500 -0.118120 -0.289249
0.402992 -0.203086 0.224063 -0.163759 0.112516 -0.016941 0.483680 0.106629 0.325033 -0.054110 0.362339 0.499664 1.000000 0.466299 0.548660 0.364752 0.150228 -0.046779 0.047611 -0.041166 -0.209849 -0.311202 -0.104773 -0.186338 -0.249179 -0.456041 -0.326918 -0.260124 0.413188 -0.094502 0.051207 -0.204726 0.057616 -0.009754 -0.239653 -0.254805 -0.009122 -0.079535 -0.055348 -0.274271 -0.123618 -0.071649 -0.342831 -0.171523 -0.202715 -0.370210 -0.032486 0.058458 0.114263 -0.029752 0.038306 -0.113774 -0.135870 0.002536 -0.272669 -0.031774 -0.336459 -0.284083 0.156061 0.038005 0.452262 0.281590 0.390605 0.273753 0.200788 -0.001077 -0.090874 -0.297693 -0.019384 -0.054805 0.158372 0.074117 0.152411 -0.098267 0.198016 0.087197 0.132270 -0.165691 -0.081840 0.071753 0.086049 -0.079056 0.089114 0.057916 -0.207308 -0.092907 -0.321922 -0.443292 -0.261712 -0.126565 -0.012729 0.219400 0.020312 0.114669 -0.213459 -0.179103 0.091391 -0.026804 -0.093763 -0.073849 0.098848 0.207466 0.054539 0.140455 0.002756 -0.024789 0.313300 -0.090617 -0.056556 -0.097575 0.122232 -0.066382 -0.075980 0.065402 -0.007636 -0.085192
0.002662 -0.249846 0.161396 0.212322 -0.061805 -0.058635 0.070061 0.222501 0.063581 -0.068202 0.433621 0.426484 0.466299 1.000000 0.509814 0.661753 0.017828 0.024965 -0.262975 -0.318703 -0.188243 -0.132558 -0.137687 -0.158658 -0.147187 -0.177202 -0.293092 -0.116332 0.237235 -0.057047 -0.005102 -0.117254 -0.009494 0.144918 -0.088540 -0.005707 0.009431 0.101045 -0.120033 0.005589 -0.136025 0.021314 -0.257111 0.126713 0.088636 -0.065403 0.087197 0.100432 0.105304 0.041577 -0.058824 0.092158 0.096250 0.229954 -0.160477 0.098695 -0.150776 -0.281403 -0.058395 -0.031765 0.436325 0.412465 -0.062476 -0.035965 0.092205 0.499982 -0.422169 -0.296575 -0.328022 -0.443723 0.009537 0.040728 0.057260 -0.038975 0.191402 0.164476 0.057347 -0.053726 0.117343 0.103685 -0.008611 -0.197004 -0.028958 -0.113166 -0.186721 -0.242258 -0.057592 -0.168535 0.049568 0.012312 -0.032657 0.068249 0.272062 -0.011990 -0.285066 -0.076965 0.011674 -0.075510 0.023229 0.043714 0.151483 0.067020 -0.049365 -0.181411 -0.122719 0.002861 0.269611 -0.058733 -0.005287 -0.111236 0.143981 0.052117 -0.037443 0.199215 -0.102093 -0.008197
0.369485 -0.053894 0.638146 0.279051 0.380683 0.227299 0.198932 0.036341 0.634638 0.235335 0.689386 0.373952 0.548660 0.509814 1.000000 0.401254 -0.174268 -0.219354 0.030755 -0.164569 -0.201424 -0.278151 0.464312 0.208885 -0.040451 -0.298463 0.063257 0.068147 0.000170 -0.504026 0.013946 -0.279184 -0.259031 -0.142434 -0.061802 -0.226123 -0.292789 -0.290269 -0.227997 -0.393502 -0.429943 -0.347985 -0.461700 -0.317411 -0.304831 -0.430304 -0.176146 -0.036907 -0.003108 -0.249985 0.059036 -0.019632 0.004322 0.206913 -0.309238 -0.131141 -0.272452 -0.148241 0.130424 -0.060273 0.557039 0.221143 -0.232727 -0.159685 0.420138 0.294713 -0.142834 -0.237487 0.038874 0.020645 0.050966 0.060443 -0.394843 -0.427691 -0.149071 -0.253206 -0.088796 -0.373945 -0.263330 -0.115032 -0.359367 -0.348456 0.151058 -0.263134 0.073508 0.011838 -0.007114 -0.112375 0.291968 0.241598 0.112267 0.357797 0.313502 0.284854 -0.059755 -0.328764 0.127062 0.031872 -0.279943 0.002297 0.206573 0.101710 0.149712 0.260341 -0.012183 0.054993 0.134203 -0.217758 -0.312950 -0.179753 0.142738 -0.103904 0.013299 0.235708 0.099521 -0.174582
-0.080042 -0.256608 0.035768 0.074928 -0.135535 0.010371 -0.001337 0.151431 0.044298 -0.151658 0.279873 0.367573 0.364752 0.661753 0.401254 1.000000 -0.055689 -0.040906 -0.340153 -0.151562 -0.206441 -0.031950 -0.068002 0.000639 -0.000011 -0.091169 -0.305271 -0.225566 0.214421 -0.030803 0.039457 -0.093897 -0.139507 -0.052751 -0.223718 -0.061146 0.170203 0.093877 -0.087340 0.034197 -0.139994 0.205392 -0.226037 0.030417 0.192758 0.072340 0.108186 0.157086 0.172789 0.237961 0.038833 0.250313 0.190437 0.275794 -0.029396 0.129745 -0.177158 -0.343359 -0.230899 0.009731 0.158658 0.385871 0.072452 0.116453 -0.066649 0.113754 -0.387329 -0.233588 -0.338647 -0.261565 0.012538 0.105472 0.107874 -0.052174 -0.072306 -0.103219 -0.139488 -0.149097 0.079908 -0.239052 0.009257 -0.167077 0.206780 0.062109 -0.235713 -0.350584 -0.124140 -0.156253 -0.055740 -0.117112 0.167980 0.296197 0.395655 0.096139 -0.212433 0.077115 -0.117402 -0.220524 0.215269 0.163856 0.304813 -0.000046 -0.058593 -0.036460 0.004627 0.174761 -0.061023 -0.092152 0.027581 -0.251938 -0.041115 0.025823 0.148697 0.310777 0.066485 0.209601
0.157201 0.099076 -0.343722 -0.509303 -0.239134 -0.065558 -0.103588 -0.330314 -0.249446 -0.324203 -0.089969 -0.092221 0.150228 0.017828 -0.174268 -0.055689 1.000000 0.556137 -0.043962 0.257862 -0.106747 -0.179893 -0.354461 -0.205708 -0.285101 -0.192247 -0.263581 -0.114908 0.442076 0.250923 -0.200520 -0.191005 0.289919 0.066693 -0.171351 -0.252703 0.378186 0.293990 0.121262 0.250725 0.253130 0.213493 0.131709 0.195496 0.024144 -0.099118 0.150477 0.200511 0.171241 0.057178 0.001467 0.045017 0.126138 0.012052 0.291718 0.261634 0.338384 0.259375 -0.051659 0.018213 0.152013 0.061560 0.511261 0.323108 -0.175359 -0.168306 -0.235989 -0.262635 0.138963 0.125488 -0.093155 -0.035941 0.319932 0.045876 0.343678 0.121646 0.097041 0.085862 0.401594 0.246090 0.429164 0.362505 -0.000028 0.158832 -0.229980 -0.340795 -0.082991 -0.081498 -0.440684 -0.143222 -0.110219 -0.247211 -0.457410 -0.287511 -0.286496 -0.021760 -0.076256 -0.130923 0.133382 0.074138 -0.190075 0.055990 -0.220240 -0.108725 0.013779 -0.193288 0.127790 0.121381 0.081768 -0.122976 0.039587 0.289591 -0.118651 -0.163064 -0.067231 0.323753
-0.062268 0.056812 -0.353343 -0.381085 -0.303912 -0.331331 -0.384857 -0.406566 -0.431033 -0.434243 -0.203792 -0.154321 -0.046779 0.024965 -0.219354 -0.040906 0.556137 1.000000 -0.036365 0.024073 0.108158 -0.072693 -0.260145 -0.282124 -0.241867 -0.041424 -0.216508 -0.149389 0.362886 0.384702 -0.180582 -0.130344 0.174448 -0.118827 -0.259832 -0.214603 0.431445 0.283740 0.103851 0.296070 0.265050 0.185516 0.285083 0.427736 0.075285 0.054853 0.471761 0.328853 0.307850 0.200413 0.138925 0.344769 0.287746 0.099949 0.382350 0.421322 0.221419 0.302963 -0.119553 0.012126 0.002938 0.054293 0.181457 0.277222 -0.464345 -0.181339 -0.422229 -0.378957 -0.043461 -0.106876 -0.192251 0.048218 0.456599 0.368901 0.199171 0.079801 -0.116559 -0.141899 0.523435 0.357677 0.676991 0.548134 -0.108519 0.269268 -0.292557 -0.266615 -0.020493 0.165758 -0.266248 -0.084905 0.164299 -0.288064 -0.363638 -0.429981 -0.118036 0.086975 0.115105 -0.082746 0.280118 0.085508 -0.261383 0.014809 -0.356422 -0.347913 -0.287833 0.010686 -0.201084 -0.188752 0.112124 0.187504 0.010286 0.334572 -0.065435 -0.046537 0.019841 0.029594
0.263676 0.206900 -0.003386 -0.239325 0.202230 -0.145485 0.203711 -0.121326 0.148912 0.041841 -0.057261 -0.085031 0.047611 -0.262975 0.030755 -0.340153 -0.043962 -0.036365 1.000000 0.243489 0.135949 -0.101498 0.227012 0.010856 -0.056675 -0.164374 -0.111808 -0.265554 0.141693 0.156718 0.250596 0.045611 0.064018 -0.071276 -0.002948 -0.110272 -0.142548 -0.056342 -0.063055 -0.282055 -0.075025 -0.057189 0.060066 -0.092504 -0.055404 -0.084035 -0.019629 -0.135932 0.179107 0.152731 0.062621 0.011381 -0.005567 -0.027348 0.021319 0.020686 -0.112804 0.089674 0.054631 0.014417 -0.099409 -0.095262 0.028371 -0.143271 -0.094434 -0.339037 0.038083 -0.278258 0.170049 0.057503 0.027945 -0.272657 0.084705 0.019188 -0.028125 -0.005727 0.173142 0.079404 -0.219882 -0.005953 -0.052054 -0.010139 0.297813 0.210327 0.006391 -0.008021 -0.055705 0.085382 0.002708 0.076804 0.111911 0.007400 -0.128628 -0.028348 -0.104501 -0.005782 -0.166924 -0.046155 0.122006 0.036246 -0.083968 0.021693 0.046601 0.102824 -0.131971 0.046924 0.001081 -0.013336 -0.032538 -0.026860 -0.175495 -0.039265 0.121100 -0.049068 -0.000179 -0.130861
0.241098 0.238025 -0.212236 -0.405770 0.012772 0.033219 -0.058340 -0.226842 -0.091315 -0.261632 -0.200445 -0.287160 -0.041166 -0.318703 -0.164569 -0.151562 0.257862 0.024073 0.243489 1.000000 0.012617 -0.066049 0.020516 0.267733 -0.179953 -0.023586 -0.024308 -0.017201 0.081507 0.117356 -0.058487 -0.032096 0.002021 0.123663 -0.116015 -0.132118 0.240558 -0.033174 -0.033457 0.020016 -0.121089 0.246322 0.221182 -0.059527 -0.112724 -0.073832 -0.212441 0.031218 0.151254 0.120181 -0.234995 -0.063349 -0.097141 -0.163764 0.001442 -0.146954 0.112683 0.255209 -0.055621 -0.041613 -0.100280 0.035284 0.338633 0.018435 -0.097983 -0.386771 -0.130879 -0.154438 0.277244 0.553024 0.146318 -0.075653 0.096155 0.014927 -0.076667 -0.171807 0.041528 0.024826 -0.098993 -0.199291 -0.006844 -0.032761 0.371289 0.302650 -0.236545 -0.356743 0.002029 -0.005228 -0.155257 -0.244376 0.276823 0.195667 -0.034990 0.233770 -0.080485 0.176920 -0.437748 -0.098910 0.037313 0.114312 -0.095478 0.087916 0.092727 0.312983 0.175110 0.079423 -0.306931 -0.212169 0.200199 -0.194505 -0.022378 0.206198 -0.147096 -0.107891 0.107332 0.333393
-0.147806 -0.132156 0.167153 0.160077 0.088541 -0.374360 -0.000603 0.130070 -0.124599 -0.237482 -0.233189 -0.217161 -0.209849 -0.188243 -0.201424 -0.206441 -0.106747 0.108158 0.135949 0.012617 1.000000 0.098190 0.012155 -0.070586 0.275928 0.290084 0.358660 0.167412 0.032506 0.146907 0.313940 0.302623 0.066774 0.203347 -0.111921 0.121489 -0.102529 0.093735 -0.065624 0.247930 0.283007 0.021042 0.220549 0.165943 0.157607 0.216242 0.017859 0.128577 -0.082182 0.024378 -0.354606 -0.124574 -0.205255 -0.167454 -0.038618 0.018844 -0.083189 -0.042592 0.002641 -0.058366 -0.130381 -0.050428 -0.179529 -0.110660 -0.198491 0.026746 -0.105310 0.126133 -0.147722 -0.094471 0.411380 0.247048 0.156081 0.144324 -0.123053 0.119067 0.098834 0.190654 -0.164859 -0.101568 -0.019004 -0.048440 -0.136825 -0.076155 -0.316859 -0.137180 -0.086897 0.038404 -0.099149 -0.078457 0.114618 0.003975 0.057367 0.013621 0.195247 0.253354 0.083259 -0.120355 -0.057722 0.070909 0.113460 -0.168391 -0.046923 -0.303268 -0.037059 -0.260342 -0.101838 0.272286 -0.094908 0.366913 -0.169059 0.097197 0.050548 0.106570 0.028954 -0.079766
-0.254323 0.245418 -0.162836 0.045909 -0.367206 -0.079214 -0.293285 -0.111308 -0.286116 -0.176389 -0.338106 -0.387527 -0.311202 -0.132558 -0.278151 -0.031950 -0.179893 -0.072693 -0.101498 -0.066049 0.098190 1.000000 -0.155836 -0.239617 0.246853 0.450773 0.346473 0.316077 -0.277274 -0.145927 -0.010995 0.150814 0.042636 0.086944 -0.041122 0.157564 -0.257891 0.024810 0.200726 0.356097 0.083319 -0.056161 0.086009 -0.005420 0.160153 0.290266 -0.080273 -0.078610 0.139899 0.162278 -0.007947 0.154674 0.037273 -0.222701 0.094687 0.186925 -0.036620 0.164000 0.083825 0.295935 -0.255900 -0.012995 -0.323649 -0.245150 -0.347424 0.066055 0.158519 0.269362 0.018891 0.043373 0.026783 0.082280 -0.057607 0.101875 -0.047219 0.138200 0.197590 0.348989 -0.255598 -0.105148 -0.086712 -0.119684 -0.213810 -0.262223 -0.200857 -0.002735 0.079276 0.266138 -0.062862 -0.071700 -0.111390 -0.177369 0.004883 0.009183 -0.029751 0.106953 -0.072713 -0.017306 0.195501 0.057654 -0.122967 -0.069189 -0.030920 0.050441 0.147523 -0.043497 -0.254250 0.083832 -0.064475 0.067574 -0.156138 -0.107203 0.160543 0.062416 -0.002518 0.279992
0.175000 -0.019493 0.542308 0.270080 0.504742 0.314730 0.045035 -0.006541 0.349555 0.351133 0.419417 -0.000300 -0.104773 -0.137687 0.464312 -0.068002 -0.354461 -0.260145 0.227012 0.020516 0.012155 -0.155836 1.000000 0.699467 0.216362 -0.002767 0.410602 0.317423 -0.212160 -0.384353 0.209505 0.070341 -0.436853 -0.153215 0.102624 -0.135277 -0.362970 -0.222915 -0.316188 -0.283305 -0.362338 -0.166829 -0.200980 -0.251083 -0.183465 -0.123730 -0.061114 -0.041992 -0.066813 -0.241524 0.203970 0.105965 0.108740 0.211428 -0.094137 -0.209754 -0.260766 -0.109705 -0.268540 -0.424535 0.003487 -0.258721 -0.415754 -0.402595 0.389022 0.018738 0.014601 0.086518 0.075393 0.235078 -0.069996 0.011993 -0.625965 -0.386803 -0.511844 -0.434455 -0.200961 -0.343726 -0.271623 -0.245054 -0.417720 -0.139481 0.268156 -0.187601 0.479879 0.130903 0.243328 0.124064 0.507282 0.205724 0.248916 0.352728 0.179184 0.417996 0.042937 -0.149168 -0.050917 -0.188993 -0.162875 -0.005813 0.067418 0.105986 0.049026 0.229043 0.011433 0.108166 -0.178544 -0.193737 -0.423742 -0.159207 -0.014153 -0.104189 0.069318 0.031710 0.172623 -0.271899
0.074882 -0.221945 0.286442 0.139793 0.413363 0.538770 0.064070 0.239322 0.227427 0.347913 0.195677 0.137965 -0.186338 -0.158658 0.208885 0.000639 -0.205708 -0.282124 0.010856 0.267733 -0.070586 -0.239617 0.699467 1.000000 0.296690 0.133008 0.282044 0.271337 -0.111285 -0.145249 0.256184 0.302636 -0.470955 -0.014670 0.004136 -0.085318 -0.060494 -0.240348 -0.302246 -0.139671 -0.205553 0.029381 -0.070282 -0.180612 -0.065999 0.041377 -0.071833 -0.033060 -0.122968 -0.109533 0.033776 0.013549 0.011446 0.157413 0.002776 -0.192298 -0.183983 -0.316495 -0.474356 -0.589250 -0.251219 -0.333882 -0.123013 -0.309747 0.305866 -0.054437 -0.013442 0.245796 -0.155882 0.223686 0.009085 0.051170 -0.433627 -0.358479 -0.479241 -0.522720 -0.245954 -0.266453 -0.198268 -0.395270 -0.353737 -0.165995 0.479754 0.095954 0.358931 -0.006933 0.243065 0.015760 0.386373 -0.050166 0.272235 0.383525 0.182699 0.385345 0.182730 0.060875 -0.075210 -0.129889 -0.101980 -0.125841 -0.003545 0.077766 -0.064900 0.174540 0.025020 0.113642 -0.225886 -0.196099 -0.162704 -0.147475 -0.043366 -0.067094 -0.036444 0.021588 0.239115 -0.098611
-0.280440 -0.192982 0.281309 0.262468 0.268090 0.145495 0.085932 0.377803 0.240151 0.354854 -0.119173 -0.002626 -0.249179 -0.147187 -0.040451 -0.000011 -0.285101 -0.241867 -0.056675 -0.179953 0.275928 0.246853 0.216362 0.296690 1.000000 0.632192 0.436117 0.284343 -0.218621 -0.050652 0.489336 0.575406 -0.101595 0.191138 0.165235 0.284962 -0.244305 -0.118811 -0.091960 0.139918 0.132228 -0.087701 -0.090087 -0.180410 -0.062910 0.140807 -0.068378 -0.114833 -0.333267 -0.114070 -0.186152 -0.121361 0.157219 -0.045871 -0.097893 -0.177479 -0.143602 -0.194483 -0.116196 -0.192730 -0.259398 -0.124953 -0.464162 -0.165383 0.078122 0.231627 0.099642 0.321193 -0.216525 -0.101068 0.167092 0.135415 -0.217595 -0.182672 -0.336009 -0.147892 -0.022597 0.237604 -0.234644 -0.233723 -0.305421 -0.217413 0.128744 -0.044570 0.007087 -0.020658 0.151033 0.108574 0.142438 0.113601 -0.152737 -0.005402 0.076081 -0.021294 0.171214 0.033827 0.091047 -0.111426 -0.164326 -0.241090 0.031999 -0.102620 -0.194045 -0.204745 -0.105462 -0.288707 -0.150099 0.145373 -0.085108 -0.060776 -0.119483 -0.186204 -0.112208 -0.034150 -0.052190 0.067031
-0.446561 -0.120113 0.042191 0.303485 -0.095544 -0.003740 -0.240627 0.247707 -0.100130 0.061470 -0.264723 -0.279030 -0.456041 -0.177202 -0.298463 -0.091169 -0.192247 -0.041424 -0.164374 -0.023586 0.290084 0.450773 -0.002767 0.133008 0.632192 1.000000 0.426843 0.374708 -0.182123 0.010193 0.323483 0.610688 0.010683 0.425681 0.251815 0.494390 -0.077609 -0.173331 -0.005984 0.262396 0.125533 0.018684 0.048596 0.056126 0.052674 0.350749 -0.040465 0.004320 -0.189274 -0.027189 -0.312049 0.001140 0.088368 -0.051088 0.057817 -0.010428 -0.057178 -0.097332 -0.230611 -0.149449 -0.433344 -0.129133 -0.337613 -0.332461 -0.137065 0.276198 -0.039050 0.437437 -0.256138 -0.112879 0.157714 0.242332 -0.069912 -0.012961 -0.231665 -0.018285 -0.050547 0.296446 -0.121237 -0.183159 -0.090237 -0.009460 0.044870 -0.057548 -0.169168 -0.098838 0.206019 0.248426 -0.064849 0.050905 -0.123257 -0.173513 0.029204 -0.106847 0.112003 0.147452 -0.059821 -0.046478 -0.038456 -0.188966 -0.068115 -0.150441 -0.202664 -0.356998 -0.089115 -0.092327 -0.170771 0.040147 0.060782 0.006411 -0.037657 -0.060819 -0.163145 0.114964 0.075618 0.201758
0.065735 0.093191 0.510541 0.391434 0.215244 0.259406 -0.091350 0.044406 0.127520 0.165233 -0.064816 -0.381484 -0.326918 -0.293092 0.063257 -0.305271 -0.263581 -0.216508 -0.111808 -0.024308 0.358660 0.346473 0.410602 0.282044 0.436117 0.426843 1.000000 0.779647 -0.452025 -0.529625 0.040752 0.187342 -0.029515 0.231528 0.164796 0.215733 -0.562707 -0.262588 -0.145903 0.123359 -0.107749 -0.160203 -0.065864 -0.140056 -0.086879 0.082095 -0.285414 -0.152606 -0.149875 -0.252134 -0.072686 -0.110973 -0.057944 -0.208116 -0.129362 -0.220161 -0.000882 0.133249 0.117410 -0.100077 -0.044254 -0.097788 -0.507292 -0.374201 0.205497 0.222448 0.284566 0.401840 0.140847 0.249237 0.099148 0.152649 -0.493425 -0.325115 -0.369459 -0.184876 -0.141113 0.002314 -0.441411 -0.192763 -0.420206 -0.330929 -0.272577 -0.506155 0.084598 0.107825 0.315462 0.113045 0.282833 0.231380 -0.085776 -0.032204 0.016685 0.122848 0.085009 -0.034202 -0.023593 -0.047019 -0.335447 -0.075808 0.048608 -0.139080 -0.000480 0.184707 0.228924 -0.238367 -0.182401 0.181438 -0.307604 0.181939 -0.055515 -0.086943 -0.098921 -0.026717 -0.029422 0.180807
0.103897 0.161476 0.351869 0.431923 0.061696 0.297104 -0.232264 0.050244 -0.000350 0.133163 0.028843 -0.429232 -0.260124 -0.116332 0.068147 -0.225566 -0.114908 -0.149389 -0.265554 -0.017201 0.167412 0.316077 0.317423 0.271337 0.284343 0.374708 0.779647 1.000000 -0.422353 -0.567204 -0.167631 -0.018334 0.032091 0.131381 0.167313 0.134508 -0.398140 -0.164836 -0.149861 0.127364 -0.138861 -0.243705 -0.038723 -0.079253 -0.089198 0.103259 -0.179609 -0.096502 -0.029786 -0.287858 0.027562 -0.064956 0.072236 -0.270375 -0.061358 -0.098166 0.170647 0.172400 0.131539 -0.113138 -0.012152 -0.103452 -0.422989 -0.457488 0.140499 0.376973 0.339288 0.499229 0.234182 0.260887 -0.059766 0.011645 -0.463915 -0.363883 -0.276045 -0.142495 -0.104521 -0.157492 -0.367328 -0.116324 -0.278281 -0.236735 -0.386713 -0.604871 0.098374 0.070714 0.250285 0.122856 0.192201 0.173199 -0.109253 -0.129059 -0.111771 0.155057 0.083131 -0.109605 0.081913 -0.072647 -0.294814 -0.065934 0.070233 -0.132619 -0.121284 0.153839 0.281273 -0.298160 -0.086898 0.151207 -0.225274 0.025021 -0.018024 -0.190675 -0.198620 -0.138168 -0.071224 0.192296
0.025457 -0.358540 -0.271250 -0.492070 -0.203843 -0.281076 0.093402 -0.048703 -0.276024 -0.526540 0.203479 0.228604 0.413188 0.237235 0.000170 0.214421 0.442076 0.362886 0.141693 0.081507 0.032506 -0.277274 -0.212160 -0.111285 -0.218621 -0.182123 -0.452025 -0.422353 1.000000 0.661622 0.320054 0.217338 0.117968 0.214365 -0.297563 -0.023463 0.448295 0.279407 -0.070180 0.102485 0.307691 0.346844 0.191588 0.499601 0.335641 0.142606 0.461695 0.342381 0.254926 0.287820 -0.109366 0.164227 -0.001254 0.082144 0.210684 0.247524 -0.243208 -0.333540 -0.277537 -0.159034 -0.131301 -0.055036 0.452415 0.235445 -0.252137 -0.287320 -0.494487 -0.427486 -0.349250 -0.332127 0.255626 0.224726 0.580002 0.373794 0.275699 0.182724 0.251223 0.063801 0.385717 0.123445 0.483035 0.396497 0.131943 0.437139 -0.327011 -0.448001 -0.300519 -0.272314 -0.446915 -0.280030 -0.083014 -0.141777 -0.191410 -0.157671 -0.284644 0.250101 -0.121233 -0.409561 0.325411 -0.082086 -0.123805 0.204288 -0.185642 -0.353898 -0.098490 0.105278 -0.024586 -0.068913 0.047289 0.073059 -0.108651 0.257654 -0.001686 0.057882 0.263840 -0.020138
-0.271253 -0.255028 -0.549934 -0.468800 -0.303144 -0.302082 -0.013886 -0.015829 -0.475296 -0.381146 -0.222986 0.099988 -0.094502 -0.057047 -0.504026 -0.030803 0.250923 0.384702 0.156718 0.117356 0.146907 -0.145927 -0.384353 -0.145249 -0.050652 0.010193 -0.529625 -0.567204 0.661622 1.000000 0.273239 0.342602 0.097205 0.099295 -0.182491 0.109543 0.593748 0.428046 0.112867 0.243675 0.416630 0.442609 0.546326 0.582402 0.445507 0.336638 0.534422 0.282788 0.172720 0.439645 -0.081613 0.155245 -0.011652 0.043455 0.334278 0.292001 -0.111231 -0.263729 -0.308973 -0.165784 -0.481355 -0.260313 0.352220 0.172216 -0.388306 -0.429333 -0.326549 -0.301153 -0.428267 -0.412812 0.216536 0.076574 0.705332 0.659686 0.282815 0.245670 0.282137 0.257494 0.489054 0.251495 0.505938 0.495189 0.097124 0.645979 -0.241101 -0.279373 -0.221766 -0.058887 -0.309785 -0.370379 -0.086081 -0.304870 -0.246739 -0.344817 -0.060725 0.407055 -0.091556 -0.237345 0.438951 -0.079403 -0.289164 0.007519 -0.156349 -0.461632 -0.243124 0.182030 -0.198399 -0.039474 0.318918 0.126124 -0.161561 0.301375 0.027577 -0.084080 0.100268 -0.065637
-0.302387 -0.542275 0.207080 -0.059175 0.347201 -0.195763 0.401540 0.443367 0.162034 0.030414 0.027568 0.243112 0.051207 -0.005102 0.013946 0.039457 -0.200520 -0.180582 0.250596 -0.058487 0.313940 -0.010995 0.209505 0.256184 0.489336 0.323483 0.040752 -0.167631 0.320054 0.273239 1.000000 0.808505 -0.157127 0.432116 0.105217 0.245137 -0.090801 -0.194721 -0.257376 -0.127056 0.222113 0.093924 0.034772 0.110713 0.139971 0.203717 0.052351 0.130659 -0.221458 0.100379 -0.312530 -0.089246 -0.151104 0.135677 -0.256978 -0.239412 -0.575237 -0.555003 -0.407334 -0.289397 -0.280331 -0.105376 -0.155151 0.013158 0.029045 0.075092 -0.211612 0.064940 -0.533426 -0.335378 0.377005 0.233058 0.094631 -0.025364 -0.349179 -0.003956 0.145969 0.300937 -0.085391 -0.242003 -0.081752 -0.028346 0.429583 0.188301 -0.096549 -0.290792 -0.162733 -0.138668 -0.164931 -0.145222 -0.071626 0.090134 0.179140 0.107430 -0.128600 0.189282 -0.179420 -0.277871 0.054880 -0.087798 -0.047403 0.155512 -0.151444 -0.262089 -0.121312 -0.016177 -0.085502 0.081706 -0.198234 0.026965 -0.245100 0.008247 -0.028293 0.181170 0.272314 -0.135862
-0.480314 -0.502737 0.054468 0.044945 0.165568 -0.086791 0.238313 0.484332 -0.020884 0.057353 -0.210716 0.126400 -0.204726 -0.117254 -0.279184 -0.093897 -0.191005 -0.130344 0.045611 -0.032096 0.302623 0.150814 0.070341 0.302636 0.575406 0.610688 0.187342 -0.018334 0.217338 0.342602 0.808505 1.000000 -0.144917 0.554813 0.150113 0.430431 -0.066869 -0.176905 -0.211778 0.065304 0.251746 0.215752 0.181492 0.206593 0.201206 0.386254 0.058915 0.123637 -0.271553 0.121719 -0.384815 -0.113774 -0.135400 0.002891 -0.159239 -0.165463 -0.425030 -0.496502 -0.460080 -0.337831 -0.470177 -0.190339 -0.160002 -0.082744 -0.000628 0.076770 -0.168413 0.266233 -0.602413 -0.345526 0.292751 0.333370 0.125885 0.068312 -0.302264 0.080070 0.078554 0.407240 -0.032060 -0.227707 -0.066908 0.029153 0.317023 0.281090 -0.114689 -0.204712 -0.045791 -0.024995 -0.141645 -0.193678 -0.105680 0.005353 0.111825 -0.045087 -0.050718 0.307277 -0.171920 -0.204856 0.029272 -0.216361 -0.131320 0.051725 -0.220767 -0.332122 -0.118425 -0.016618 -0.094737 0.076348 -0.031990 0.043798 -0.144194 0.027628 -0.148827 0.076967 0.206917 -0.016314
0.054676 0.185159 -0.224273 -0.065172 -0.319577 -0.187701 -0.108811 -0.200141 -0.242873 -0.384389 -0.241156 -0.274725 0.057616 -0.009494 -0.259031 -0.139507 0.289919 0.174448 0.064018 0.002021 0.066774 0.042636 -0.436853 -0.470955 -0.101595 0.010683 -0.029515 0.032091 0.117968 0.097205 -0.157127 -0.144917 1.000000 0.319119 0.137849 0.174779 0.180963 0.174052 0.256122 0.256114 0.327077 0.124590 0.095940 0.152473 0.054925 0.052752 0.055071 -0.086695 0.104569 0.064900 0.042690 -0.092213 -0.070631 -0.270115 0.045908 0.103833 0.377948 0.179394 0.395547 0.235593 0.086718 0.120200 0.166897 0.153429 -0.245995 0.107246 0.208938 0.069879 0.290114 -0.025691 -0.127188 -0.267076 0.323840 0.277774 0.378086 0.321042 0.153102 0.166306 0.121712 0.136461 0.268280 0.008679 -0.363363 -0.160006 -0.334547 -0.127967 -0.144961 -0.209810 -0.356938 -0.166377 -0.449394 -0.462315 -0.404573 -0.322317 -0.244568 -0.031255 -0.015480 -0.104274 0.031907 -0.052383 -0.085835 -0.228667 -0.196714 -0.092887 0.202267 -0.211898 0.191054 0.285689 0.119549 -0.110203 -0.035187 0.223888 -0.012068 -0.074092 -0.306616 0.221623
-0.253056 -0.262299 0.124676 0.120841 -0.075613 -0.143369 0.089683 0.304252 -0.108868 -0.171135 0.010076 -0.051993 -0.009754 0.144918 -0.142434 -0.052751 0.066693 -0.118827 -0.071276 0.123663 0.203347 0.086944 -0.153215 -0.014670 0.191138 0.425681 0.231528 0.131381 0.214365 0.099295 0.432116 0.554813 0.319119 1.000000 0.415944 0.639615 -0.074168 -0.194519 -0.193237 0.122940 0.148820 0.247234 0.085637 0.189737 0.213360 0.235331 -0.165040 -0.019351 -0.138650 0.040093 -0.512298 -0.293872 -0.323382 -0.170646 -0.222833 -0.325293 -0.099139 -0.175206 -0.062875 -0.134286 0.010512 0.161506 -0.006907 -0.159299 0.120215 0.386288 -0.186682 0.146822 -0.276576 -0.216121 0.230155 0.093379 0.139796 -0.005631 0.063993 0.275710 0.153386 0.369604 -0.012496 -0.027313 -0.084022 -0.126208 -0.016381 -0.070601 -0.270214 -0.385880 0.058887 -0.175205 -0.174406 -0.113717 -0.229811 -0.179720 0.095433 -0.055545 -0.308866 0.164929 -0.394827 -0.224668 -0.089490 -0.065836 -0.051610 -0.075646 -0.172776 -0.183076 0.128488 -0.142898 0.080280 0.132077 -0.015742 -0.039809 -0.160476 0.079796 -0.171720 0.200778 -0.025298 0.242974
-0.147116 -0.034030 0.182748 0.287868 0.213465 0.081862 0.115353 0.198813 0.198717 0.345943 0.179235 -0.030536 -0.239653 -0.088540 -0.061802 -0.223718 -0.171351 -0.259832 -0.002948 -0.116015 -0.111921 -0.041122 0.102624 0.004136 0.165235 0.251815 0.164796 0.167313 -0.297563 -0.182491 0.105217 0.150113 0.137849 0.415944 1.000000 0.505801 -0.279368 -0.370316 -0.114827 -0.105711 -0.208154 -0.170068 -0.045177 -0.195489 -0.097919 0.013238 -0.270259 -0.356206 -0.418562 -0.259126 -0.122170 -0.367852 -0.206240 -0.126687 -0.265337 -0.474250 0.049544 0.023977 0.102957 0.048225 0.067190 0.063857 -0.172183 -0.180237 0.455063 0.457275 0.315802 0.357485 0.107527 -0.005184 -0.151312 -0.262372 -0.253162 -0.162557 -0.147229 0.114450 -0.077411 0.161392 -0.055216 0.062995 -0.339104 -0.177871 -0.020219 -0.245199 0.336475 0.170719 0.199396 0.069496 0.253424 0.283016 -0.209608 -0.266038 0.029713 -0.133025 -0.061284 -0.153274 -0.211900 0.101999 -0.259074 -0.223864 -0.053283 -0.212801 -0.022175 -0.036991 -0.011599 -0.080184 0.219923 -0.014072 -0.138362 -0.103461 -0.071677 -0.203761 -0.165557 -0.001190 -0.314010 -0.028239
-0.394150 -0.204091 0.050239 0.253964 -0.140132 -0.097446 -0.112531 0.135650 -0.137945 -0.034207 0.003170 -0.217451 -0.254805 -0.005707 -0.226123 -0.061146 -0.252703 -0.214603 -0.110272 -0.132118 0.121489 0.157564 -0.135277 -0.085318 0.284962 0.494390 0.215733 0.134508 -0.023463 0.109543 0.245137 0.430431 0.174779 0.639615 0.505801 1.000000 -0.141430 -0.199451 -0.086125 0.174501 0.036819 0.063074 0.274900 0.163638 0.404745 0.513252 0.036228 0.037145 -0.105937 0.150716 -0.241417 -0.223891 -0.067428 -0.186015 -0.111944 -0.179864 -0.021005 -0.161127 0.065100 0.065403 -0.224880 -0.061822 -0.212212 -0.315137 0.015043 0.273402 0.086401 0.391147 -0.243627 -0.232101 0.147344 0.012159 0.069488 0.055255 0.063639 0.203077 0.036517 0.212102 0.059387 0.098492 -0.001294 0.026496 -0.142036 -0.064541 -0.031691 -0.136851 0.079762 0.101919 -0.095366 0.031897 -0.178977 -0.286229 -0.026043 -0.288038 -0.102924 0.121339 -0.236293 -0.096272 -0.068129 -0.266637 -0.010558 -0.339807 -0.226008 -0.328383 -0.036411 -0.056596 0.038909 0.146675 0.015902 -0.068023 -0.061859 -0.155829 -0.065332 -0.114070 -0.047408 0.170344
