1.000000 0.478243 -0.328306 -0.244924 -0.182596 -0.186214 -0.003280 -0.132683 -0.054360 -0.389888 0.334533 0.209207 0.531740 0.130597 0.084277 0.056728 0.375974 0.309351 0.257911 0.322030 -0.213258 -0.313620 -0.397381 -0.398476 -0.569018 -0.640984 -0.357654 -0.540592 0.223816 0.023171 -0.309680 -0.291277 0.374246 0.262205 -0.345670 -0.459794 0.004110 -0.067522 -0.057259 -0.169259 -0.273530 -0.336155 -0.131888 -0.221215 0.087931 -0.367481 -0.021291 0.010204 -0.154609 0.072337 -0.218740 -0.156537 0.299728 -0.041484 0.020207 -0.077610 0.397973 0.417748 0.373318 0.017701 0.660518 0.261547 0.460604 0.361977 -0.081860 -0.311515 -0.240026 -0.334253 0.420241 0.190777 -0.002712 -0.130255 0.190074 -0.051541 -0.088504 0.086688 -0.039517 -0.060498 0.002549 -0.112355 0.276099 0.075280 0.017873 0.001185 0.040566 -0.086299 0.015787 -0.416178 -0.031175 0.012554 0.046411 -0.062473 -0.218449 -0.168739 -0.316499 -0.256066 -0.239507 0.043910 0.196134 -0.016381 0.076369 0.173372 -0.134170 0.028336 0.099767 -0.099270 0.041958 0.023625 -0.062830 -0.123993 -0.256595 0.004618 -0.051191 -0.309696 -0.121497 0.042622
0.478243 1.000000 -0.589171 0.080759 -0.478662 -0.249604 -0.378460 -0.224768 -0.203136 -0.284359 0.151051 0.244347 0.210936 0.175282 -0.081512 0.182886 0.467981 0.425466 0.177299 0.516792 -0.292210 -0.257066 -0.523637 -0.323648 -0.552802 -0.540587 -0.290706 -0.443544 0.406598 0.413168 -0.290875 -0.005217 0.510771 0.381242 -0.434533 -0.420082 0.149154 0.001513 0.017822 0.238148 -0.002905 -0.097220 -0.160286 -0.259474 0.322844 -0.129711 -0.003718 0.043415 -0.298293 0.157431 -0.571071 -0.284259 0.218167 0.074103 -0.021364 0.042909 0.590646 0.612789 0.122950 0.092346 0.321368 0.356465 0.332347 0.416275 -0.357179 -0.452313 -0.305701 -0.361372 0.501093 0.388785 -0.037173 -0.132463 0.336181 -0.043776 -0.087700 -0.038443 -0.042153 -0.031044 0.328030 0.109426 0.577754 0.422900 0.267847 0.350124 0.018825 -0.091690 0.059295 -0.230986 -0.398567 -0.063686 -0.177265 -0.378113 -0.381168 -0.393543 -0.288736 -0.163108 -0.095965 -0.183609 0.269611 0.007599 -0.020092 0.023226 -0.257704 -0.345928 -0.084240 -0.316542 0.003594 -0.148814 -0.097089 -0.178375 -0.330687 0.085335 0.111686 -0.107673 -0.331613 0.048089
-0.328306 -0.589171 1.000000 -0.029319 0.719934 0.443760 0.442202 0.036365 0.464432 0.252370 0.027725 -0.392403 -0.014304 -0.276025 0.144975 -0.268671 -0.430958 -0.535824 -0.142166 -0.449096 0.206153 0.162075 0.731246 0.417948 0.603519 0.580342 0.442134 0.396253 -0.551795 -0.620331 0.307722 -0.194268 -0.291383 -0.302598 0.350654 0.401095 -0.139746 -0.110447 -0.105714 -0.253479 0.039262 0.157443 0.116100 0.233966 -0.411167 -0.008202 0.048810 -0.064643 0.176277 0.064443 0.550377 0.179402 -0.086384 -0.022001 0.012943 -0.080867 -0.322676 -0.239911 0.014679 -0.106309 -0.380416 -0.402806 -0.604392 -0.607838 0.303742 0.314950 0.402956 0.169753 -0.199611 -0.136040 0.122137 0.158377 -0.282052 0.050334 0.098418 -0.029206 0.114078 0.114161 -0.389548 0.029861 -0.602351 -0.611043 -0.312264 -0.630513 -0.153894 -0.181473 -0.113941 0.162912 0.526942 0.114414 0.035007 0.373359 0.121861 0.415474 0.153063 -0.090306 0.155025 0.125322 -0.177231 0.002384 -0.093812 -0.096171 0.039635 0.256871 -0.039250 0.226988 -0.036367 0.139151 0.002591 0.141281 0.283084 0.199799 -0.085832 0.044865 0.169272 0.168775
-0.244924 0.080759 -0.029319 1.000000 -0.098929 0.145568 -0.014947 0.340302 0.020882 0.372953 -0.146874 0.298322 -0.235217 0.200151 0.211968 0.246050 -0.030856 -0.126828 -0.015370 0.106834 -0.053935 0.079013 0.333323 0.582853 0.217031 0.241327 0.016252 0.308882 0.051274 0.003573 0.094329 0.429013 -0.309567 0.118636 0.061871 0.108935 -0.129163 0.097486 -0.086002 0.207743 -0.096107 0.097991 -0.303826 -0.233368 -0.329816 -0.214141 -0.167184 -0.130388 -0.380180 -0.191409 -0.268473 -0.191207 -0.312789 -0.080324 -0.298304 -0.360485 -0.170812 -0.220568 -0.498693 0.090125 -0.057072 0.246163 -0.051897 -0.060840 0.257460 0.318593 -0.317062 0.023191 -0.307589 -0.160676 -0.127833 0.110408 -0.139835 -0.028064 0.009152 -0.062118 -0.006614 0.133886 -0.066753 0.095903 -0.001171 -0.115690 0.483175 0.407258 -0.016681 0.040329 0.153487 0.332650 0.112513 0.157966 -0.097907 0.028928 0.251803 -0.014866 0.051568 0.201277 -0.055980 -0.128354 0.027472 -0.138559 0.134305 -0.171692 0.108830 -0.163875 -0.397807 -0.040971 -0.021612 0.095469 -0.292058 -0.075818 -0.160739 0.076918 0.079175 0.315111 0.167806 -0.195094
-0.182596 -0.478662 0.719934 -0.098929 1.000000 0.462465 0.392067 0.172836 0.526297 0.282443 0.093860 -0.290689 0.127348 -0.199856 0.207983 -0.108154 -0.318002 -0.461012 -0.274075 -0.144644 0.311428 0.041502 0.563548 0.408385 0.473501 0.309868 0.439511 0.328588 -0.547819 -0.501168 0.218477 -0.239453 -0.361788 -0.342459 0.384782 0.190202 -0.279919 -0.368307 -0.047091 -0.416060 0.069796 -0.143709 -0.028640 0.093932 -0.404151 -0.094931 -0.122849 -0.151320 0.287858 0.124807 0.458451 0.277397 -0.016323 -0.086855 0.104212 -0.106652 -0.243343 -0.271273 0.112359 -0.012749 -0.286321 -0.323955 -0.486976 -0.485725 0.190213 0.097764 0.384296 0.284966 -0.130402 0.088286 0.037726 0.134705 -0.263669 -0.073021 0.022464 -0.061992 -0.060275 0.039668 -0.431336 -0.100484 -0.608661 -0.564342 -0.065250 -0.511149 -0.148222 -0.211595 -0.148487 0.130377 0.451198 0.054338 0.319618 0.412573 0.166136 0.438277 0.223611 -0.177065 -0.006867 0.180139 -0.270782 -0.129044 -0.040461 -0.187592 -0.113718 0.117725 0.137414 0.527391 0.242307 0.289270 0.007942 0.055427 0.075023 0.021625 -0.245147 -0.050481 0.233325 0.226450
-0.186214 -0.249604 0.443760 0.145568 0.462465 1.000000 0.248867 0.423476 0.230418 0.544446 -0.018682 0.013774 -0.039079 0.272784 0.023252 0.203498 -0.323188 -0.502141 -0.189808 -0.224281 0.210481 0.097488 0.240124 0.392589 0.281325 0.491553 0.203132 0.508972 -0.474071 -0.308029 -0.002443 -0.076440 -0.263217 -0.201840 0.242282 0.383004 -0.129664 -0.193947 -0.063989 -0.002891 -0.087566 0.058482 -0.157040 -0.093239 -0.368014 -0.156786 -0.179013 -0.110993 0.046047 0.030041 0.261405 0.126685 -0.060125 -0.104488 -0.051807 -0.174451 -0.197718 -0.276787 -0.190375 -0.100066 -0.204243 -0.145714 -0.398477 -0.363579 0.091551 0.335075 -0.043451 0.127124 -0.174880 -0.004367 0.167530 0.240465 -0.247409 0.050609 0.038934 0.039957 0.036623 0.236152 -0.353205 -0.138237 -0.450725 -0.511268 -0.119581 -0.416933 -0.272479 -0.349398 -0.167809 0.068996 0.307323 0.115838 0.115448 0.367860 0.282278 0.343484 0.098205 -0.017590 0.149759 0.062116 -0.135787 -0.095297 0.031185 -0.043488 0.100539 0.135494 -0.098194 0.182700 0.127875 -0.065878 0.096291 0.126088 0.043911 0.052652 -0.117139 0.223476 0.126021 0.121421
-0.003280 -0.378460 0.442202 -0.014947 0.392067 0.248867 1.000000 0.414241 0.593895 0.428014 0.241311 0.162023 0.450750 0.316307 0.323857 0.161054 -0.298665 -0.407972 0.075759 -0.177568 0.054044 -0.036632 0.283546 0.146595 0.112818 0.009266 -0.247055 -0.125430 -0.104465 -0.311332 0.246996 -0.018892 -0.138181 0.165392 0.104423 0.295028 0.015679 -0.167352 -0.210553 -0.252245 -0.181144 0.005203 -0.335634 -0.265101 -0.392519 -0.267159 -0.451606 -0.470833 0.005922 -0.221808 0.140146 -0.117349 0.071602 -0.238211 -0.277280 -0.458013 -0.427575 -0.447611 0.190021 -0.032356 0.278073 0.048093 -0.079273 -0.136862 0.402011 0.313914 -0.108229 -0.059963 -0.263451 -0.421290 0.303328 0.241963 0.045929 0.183005 0.202914 0.247764 0.291501 0.248565 -0.326562 -0.308576 -0.323596 -0.432296 -0.131379 -0.224092 -0.121009 -0.214455 -0.250711 -0.164338 0.452292 0.136513 0.059335 0.311903 0.447566 0.430236 -0.016953 0.021617 -0.381332 0.008698 -0.197622 -0.286421 0.138278 0.233622 0.280316 0.302529 0.054113 -0.003182 -0.233792 0.148163 -0.266123 -0.039419 -0.291419 -0.168184 -0.131679 0.171109 0.040608 0.153702
-0.132683 -0.224768 0.036365 0.340302 0.172836 0.423476 0.414241 1.000000 0.035367 0.528543 0.049698 0.363190 -0.012316 0.577007 -0.022125 0.197451 -0.105846 -0.385041 0.051487 -0.116664 0.220839 0.002622 -0.075544 0.226307 -0.055655 0.061455 -0.083392 0.274738 -0.100111 -0.110429 0.082284 0.186073 -0.263497 -0.064133 0.203789 0.149483 -0.133865 -0.118409 -0.275325 -0.168919 -0.208962 -0.082118 -0.308683 -0.216110 -0.412518 -0.216766 -0.396054 -0.273593 -0.024207 -0.213942 -0.009291 0.157936 0.014260 -0.309364 -0.193052 -0.351089 -0.502270 -0.584804 -0.219770 0.150224 0.199295 0.270950 0.106428 0.160557 0.082315 0.370860 -0.195026 0.293275 -0.480126 -0.307920 0.114118 0.291693 -0.123380 0.129454 0.164963 0.134164 0.091584 0.150347 -0.323509 -0.343528 -0.283558 -0.439845 0.131818 0.068250 -0.185727 -0.072460 -0.141368 0.131734 0.020753 0.173291 0.273041 0.203428 0.562428 0.209935 -0.013441 0.210711 -0.177484 -0.183554 -0.125657 -0.232345 0.272224 0.182087 0.336714 0.154345 -0.096070 0.076525 0.126597 0.230493 -0.077542 -0.044181 -0.380824 -0.122198 -0.019677 0.203080 0.199322 -0.173228
-0.054360 -0.203136 0.464432 0.020882 0.526297 0.230418 0.593895 0.035367 1.000000 0.452523 0.328523 -0.079414 0.450783 0.097460 0.433916 0.170488 -0.124050 -0.262449 -0.252590 -0.091800 -0.039328 0.107190 0.421906 0.317100 0.307553 0.086451 -0.082878 -0.089960 -0.103058 -0.260833 0.224053 -0.034411 -0.190858 0.113314 0.233519 0.221354 -0.094791 -0.250886 -0.078919 -0.073917 -0.063590 -0.020517 -0.341870 -0.331178 -0.249421 -0.259249 -0.309891 -0.427945 -0.120875 -0.074289 0.097239 -0.109667 -0.087356 -0.077350 -0.130719 -0.182648 -0.103977 -0.137192 0.096704 -0.182741 0.059805 0.004907 -0.223058 -0.293885 0.338681 0.177469 -0.133948 -0.173981 -0.031519 -0.089117 0.184017 0.176477 0.055236 0.020036 0.039062 0.088102 0.204674 0.189835 -0.150893 -0.106564 -0.319913 -0.266101 0.021066 -0.203496 -0.167863 -0.219616 -0.096719 -0.058108 0.479826 0.031480 0.077624 0.265367 0.244955 0.411231 0.088384 -0.028969 -0.203879 0.028505 -0.195724 -0.213207 0.005267 0.007058 0.022854 0.118195 -0.052461 0.057677 -0.347218 0.090434 -0.245326 -0.036902 -0.321255 -0.187239 -0.176554 0.021973 -0.029856 0.271477
-0.389888 -0.284359 0.252370 0.372953 0.282443 0.544446 0.428014 0.528543 0.452523 1.000000 0.029636 0.121950 -0.024186 0.392067 0.167240 0.359001 -0.243337 -0.452269 -0.156905 -0.136227 0.233925 0.216248 0.288127 0.512458 0.373265 0.419485 -0.013907 0.352367 -0.143364 -0.111813 0.215684 0.243394 -0.417029 -0.049636 0.346602 0.469833 -0.014987 -0.233121 -0.222661 0.123295 -0.043728 0.172568 -0.352285 -0.306840 -0.321035 -0.123128 -0.346920 -0.349488 -0.099085 -0.216211 0.054004 -0.071635 -0.101217 -0.161614 -0.324285 -0.220968 -0.310377 -0.404391 -0.266148 -0.150779 -0.081603 0.063055 -0.190461 -0.180344 0.232782 0.369849 -0.227556 0.115379 -0.311276 -0.239817 0.098684 0.273852 -0.109342 -0.002892 -0.052887 0.033970 0.119183 0.286620 -0.203944 -0.215442 -0.325176 -0.341695 0.139695 -0.005826 -0.160904 -0.245733 -0.074116 0.205357 0.333821 -0.025501 0.010830 0.275374 0.463299 0.390004 0.124560 0.205210 -0.098727 -0.051739 -0.324552 -0.279773 0.175414 0.042209 0.156883 0.124978 -0.189635 0.054584 -0.094940 0.146512 -0.018933 0.018092 -0.253207 -0.154966 -0.059724 0.241174 0.046724 0.090958
0.334533 0.151051 0.027725 -0.146874 0.093860 -0.018682 0.241311 0.049698 0.328523 0.029636 1.000000 0.316867 0.674267 0.270201 0.295918 0.162912 0.258462 0.214190 -0.099347 -0.121783 -0.112376 0.136472 0.019725 -0.073827 -0.011800 -0.176081 -0.143781 -0.280243 0.334265 0.093744 0.168699 -0.002586 0.089450 0.270181 0.058669 0.074582 -0.007742 0.066289 -0.176256 -0.036063 -0.202889 0.034607 -0.321849 -0.316467 -0.219578 -0.399189 -0.260242 -0.338842 -0.244810 -0.204507 -0.028365 -0.215097 0.087271 -0.156484 -0.062087 -0.151703 0.020354 0.049930 0.094759 -0.400644 0.512930 0.171549 0.082025 0.252704 -0.005960 -0.181841 -0.190097 -0.292423 -0.167956 -0.178844 0.301955 0.147660 0.297217 0.185259 0.105357 0.285453 0.247284 0.093456 -0.026254 -0.166120 -0.057437 -0.108167 0.186177 -0.004800 -0.085874 -0.036594 -0.053883 -0.158505 0.108922 -0.099406 -0.039656 0.029185 0.153359 0.211229 -0.314202 0.035012 -0.105878 -0.262853 -0.179229 -0.190718 0.083675 0.102345 0.078361 0.129499 -0.038450 -0.207161 -0.282115 -0.096527 -0.153685 0.001266 -0.295679 0.030825 -0.204183 -0.141946 -0.240154 0.109759
0.209207 0.244347 -0.392403 0.298322 -0.290689 0.013774 0.162023 0.363190 -0.079414 0.121950 0.316867 1.000000 0.354410 0.740079 0.262350 0.665338 0.095834 0.096522 -0.062162 -0.072814 -0.112881 -0.079813 -0.270896 -0.047995 -0.337634 -0.325374 -0.371776 -0.142018 0.347963 0.279999 -0.167157 0.181724 0.083840 0.262035 -0.116608 0.070903 -0.046107 0.109653 -0.254211 0.032145 -0.316786 -0.066175 -0.342960 -0.336928 0.011367 -0.206371 -0.305142 -0.300431 -0.297648 -0.162079 -0.284943 -0.256913 0.025549 -0.256758 -0.241607 -0.348123 -0.167296 -0.154737 -0.051800 0.000930 0.591640 0.647786 0.273480 0.312875 0.127803 0.111171 -0.463843 -0.173328 -0.223426 -0.245987 0.046567 0.139490 0.128084 0.086315 -0.096438 0.118508 0.013184 0.118374 -0.071663 -0.310064 0.026719 -0.079391 0.217764 0.406219 0.045256 0.117944 -0.029269 0.022088 -0.122532 0.207037 -0.079814 -0.076057 0.341877 -0.050238 -0.344505 0.052155 -0.364776 -0.276966 -0.175894 -0.238044 0.167236 0.059051 0.159699 -0.051172 -0.042173 -0.288680 -0.207104 -0.048495 -0.274921 -0.196916 -0.495375 -0.216460 0.054196 0.070930 -0.062870 -0.087410
0.531740 0.210936 -0.014304 -0.235217 0.127348 -0.039079 0.450750 -0.012316 0.450783 -0.024186 0.674267 0.354410 1.000000 0.331689 0.453658 0.247599 0.157232 0.147971 -0.040955 0.128071 -0.193179 -0.087203 -0.071939 -0.122517 -0.265223 -0.475744 -0.419908 -0.475156 0.144872 -0.087774 -0.078837 -0.199945 0.074226 0.249731 -0.168820 -0.093449 -0.003390 -0.106572 -0.183087 -0.151867 -0.187520 -0.222080 -0.368736 -0.374556 -0.168102 -0.423632 -0.327731 -0.353666 -0.189057 -0.104285 -0.050382 -0.259386 0.264958 -0.211328 -0.076221 -0.249857 0.094777 0.098684 0.466032 -0.139311 0.677025 0.343264 0.178210 0.157858 0.153650 -0.102772 -0.193619 -0.270082 0.193313 0.115656 0.237423 0.056062 0.185322 0.066517 0.040284 0.123442 0.106653 -0.002374 -0.030755 -0.127391 -0.041495 -0.079478 0.099548 -0.128361 -0.010541 -0.068588 -0.009634 -0.249570 0.335516 0.082380 0.161350 -0.018973 0.060555 0.043540 -0.326771 -0.102035 -0.346217 -0.125844 -0.227399 -0.313671 -0.104770 0.076042 -0.026308 -0.005333 -0.022869 -0.075955 -0.232709 0.012888 -0.234810 -0.116984 -0.426650 -0.285289 -0.280919 -0.240930 -0.243398 0.173353
0.130597 0.175282 -0.276025 0.200151 -0.199856 0.272784 0.316307 0.577007 0.097460 0.392067 0.270201 0.740079 0.331689 1.000000 0.230620 0.702917 0.098709 -0.069553 -0.239676 -0.128567 -0.093217 0.040121 -0.355575 -0.029436 -0.309291 -0.195534 -0.425316 -0.066091 0.270545 0.256731 -0.123212 0.198292 -0.008531 0.195291 -0.020985 0.111986 0.081014 0.080653 -0.222644 0.189458 -0.270922 0.010461 -0.509743 -0.471237 -0.192182 -0.341553 -0.408468 -0.394243 -0.262916 -0.235925 -0.308980 -0.230301 0.007347 -0.243062 -0.184316 -0.267847 -0.158918 -0.217856 -0.077266 -0.068268 0.472928 0.651622 0.196892 0.149353 0.060273 0.259481 -0.569306 -0.209127 -0.218303 -0.217052 0.186640 0.197560 0.129193 0.150455 -0.050803 0.180289 0.192053 0.253929 -0.035248 -0.346629 -0.014447 -0.115932 0.153789 0.304074 -0.121798 -0.099915 -0.275133 -0.040339 -0.047188 0.052705 0.004287 0.088194 0.441494 0.117991 -0.183870 0.208086 -0.208229 -0.292639 -0.089455 -0.107335 0.240396 0.189990 0.224203 0.092055 -0.007417 -0.259015 -0.140897 -0.080124 -0.068580 -0.062633 -0.562612 -0.217599 0.149105 0.187718 -0.071336 -0.028275
0.084277 -0.081512 0.144975 0.211968 0.207983 0.023252 0.323857 -0.022125 0.433916 0.167240 0.295918 0.262350 0.453658 0.230620 1.000000 0.354979 -0.117970 -0.119747 -0.277010 0.021927 -0.067800 0.074103 0.305778 0.359559 0.188869 -0.031307 -0.199153 0.003272 0.153480 -0.212162 0.108493 0.052162 -0.386573 0.079748 0.085979 0.089647 -0.058615 -0.165595 0.005802 -0.069587 -0.001848 -0.157499 -0.366046 -0.288510 -0.348299 -0.326750 -0.288795 -0.356199 -0.191238 -0.167344 -0.058448 -0.159609 -0.222062 -0.189190 -0.211842 -0.250770 -0.045112 -0.139947 0.084069 -0.044989 0.274914 0.192825 -0.102151 -0.258556 0.496177 0.191438 -0.153267 -0.120824 -0.052126 -0.077996 -0.012707 -0.005744 -0.061828 -0.093406 -0.179314 -0.050889 0.019740 0.081836 -0.116508 -0.002044 -0.186197 -0.143921 0.479350 0.128452 0.174900 0.002945 0.080777 0.083407 0.479919 0.077998 0.127988 0.126813 0.166246 0.233554 0.020666 -0.047569 -0.251797 0.157406 -0.292066 -0.148504 -0.160993 -0.241142 -0.093902 -0.126720 -0.215844 0.009008 -0.093787 0.153474 -0.152129 -0.035589 -0.228386 -0.207451 -0.166903 -0.161401 0.145322 0.187332
0.056728 0.182886 -0.268671 0.246050 -0.108154 0.203498 0.161054 0.197451 0.170488 0.359001 0.162912 0.665338 0.247599 0.702917 0.354979 1.000000 0.190703 0.023799 -0.382850 -0.042590 0.002744 0.120247 -0.125702 0.161362 -0.035916 -0.068522 -0.287685 0.014726 0.328119 0.337278 0.023279 0.300788 -0.116162 0.222783 -0.033454 0.153786 0.141119 0.133720 -0.134485 0.278826 -0.054877 0.047749 -0.445984 -0.512001 -0.109664 -0.389133 -0.337644 -0.374959 -0.353156 -0.288546 -0.378729 -0.340704 -0.157945 -0.196755 -0.141155 -0.170819 -0.084446 -0.102368 -0.212229 -0.217540 0.252347 0.448709 0.207026 -0.086968 0.043506 0.130682 -0.563279 -0.296539 -0.119798 -0.104128 0.135380 0.114532 0.238631 0.056663 -0.092340 0.103023 0.087402 0.321982 0.166499 -0.286771 0.000803 0.054224 0.227935 0.377439 -0.170069 -0.145418 -0.300122 -0.075571 -0.117762 -0.046070 -0.065044 0.195846 0.412166 0.170634 0.005012 0.032453 -0.199701 0.013586 -0.146006 -0.128497 0.275353 0.013639 0.096257 -0.002227 0.108102 -0.191309 -0.069662 -0.098591 -0.050375 0.055935 -0.371315 -0.079571 0.101812 0.158480 0.069600 0.040584
0.375974 0.467981 -0.430958 -0.030856 -0.318002 -0.323188 -0.298665 -0.105846 -0.124050 -0.243337 0.258462 0.095834 0.157232 0.098709 -0.117970 0.190703 1.000000 0.622546 -0.054723 0.045128 -0.204270 -0.040901 -0.327942 -0.315422 -0.230096 -0.265668 -0.153133 -0.368527 0.477617 0.437815 -0.001740 0.127049 0.391210 0.376305 -0.196933 -0.284130 0.315693 0.281468 0.139287 0.303436 0.073140 0.140540 -0.177278 -0.347757 0.150329 -0.314643 0.008403 -0.031208 -0.314432 -0.167767 -0.526357 -0.301831 0.048701 -0.018794 0.185544 0.223715 0.371096 0.384687 -0.183802 -0.299498 0.227217 0.186907 0.493967 0.391369 -0.384710 -0.350167 -0.300729 -0.353240 0.067032 0.057223 0.126458 0.122058 0.326086 0.170125 0.228571 0.242664 0.184600 0.161674 0.461906 0.280589 0.519468 0.441092 0.096748 0.188174 -0.181606 -0.120659 -0.056016 -0.312010 -0.495918 -0.252515 -0.276773 -0.270859 -0.116456 -0.249516 -0.101707 0.138160 0.084235 -0.031868 0.105034 0.123056 0.120744 0.169061 0.040432 -0.036419 0.109953 -0.296902 -0.096651 -0.127224 0.127262 0.267878 -0.216810 0.252951 0.092211 -0.147694 -0.325133 -0.251141
0.309351 0.425466 -0.535824 -0.126828 -0.461012 -0.502141 -0.407972 -0.385041 -0.262449 -0.452269 0.214190 0.096522 0.147971 -0.069553 -0.119747 0.023799 0.622546 1.000000 -0.044445 0.168956 -0.144271 0.078434 -0.349523 -0.401019 -0.232838 -0.292310 -0.154651 -0.428357 0.532757 0.572535 -0.067314 0.087260 0.295485 0.353772 -0.305074 -0.288145 0.343496 0.356372 0.326847 0.243110 0.135506 0.119429 -0.139489 -0.193747 0.203326 -0.105997 0.058967 0.048554 -0.258688 -0.112086 -0.429528 -0.273407 0.004401 0.030987 0.188295 0.191151 0.371010 0.385507 0.027814 -0.129369 0.234186 0.111221 0.462145 0.516390 -0.329799 -0.404281 -0.228137 -0.360978 0.146850 0.066422 0.086647 0.004686 0.404922 0.160272 0.160957 0.244279 0.153459 -0.004728 0.454500 0.307934 0.489063 0.591033 0.086107 0.298767 -0.070164 -0.032516 -0.055377 -0.218489 -0.367367 -0.354097 -0.240018 -0.427065 -0.193406 -0.264709 -0.094934 0.099112 0.079908 -0.045642 -0.001875 0.068641 0.025304 0.060281 -0.080366 -0.155096 0.146407 -0.232697 -0.226145 -0.311782 0.094853 0.143283 -0.070464 0.134995 0.031742 -0.242291 -0.346464 -0.026023
0.257911 0.177299 -0.142166 -0.015370 -0.274075 -0.189808 0.075759 0.051487 -0.252590 -0.156905 -0.099347 -0.062162 -0.040955 -0.239676 -0.277010 -0.382850 -0.054723 -0.044445 1.000000 0.222026 -0.056725 -0.399694 -0.189586 -0.274210 -0.356255 -0.280947 -0.208596 -0.188426 0.016885 -0.180664 -0.126064 -0.166948 0.249706 0.137772 -0.252380 -0.207714 -0.178526 -0.165922 -0.074815 -0.250740 -0.167638 -0.241398 0.252369 0.210018 0.179599 0.222377 0.148791 0.290502 -0.021663 -0.001736 -0.000819 -0.078916 0.174329 -0.022652 -0.132130 -0.145053 0.131377 0.117557 0.117118 0.198942 0.187854 -0.151660 0.272756 0.309797 0.035669 -0.047364 0.101303 0.011860 0.136287 -0.105185 -0.042402 -0.109995 0.065252 0.012955 0.048416 -0.088196 -0.162173 -0.166473 0.037417 0.011214 0.325616 0.125076 0.054688 -0.016825 0.198338 0.172778 0.189264 -0.117691 -0.009574 0.148229 -0.032582 -0.207823 -0.275407 -0.226479 -0.332174 -0.199177 -0.209938 -0.104992 0.254962 -0.112220 -0.042670 0.283697 0.027772 0.009378 -0.197948 -0.201927 0.098357 0.060741 -0.087144 -0.277182 0.032498 0.060677 -0.054164 -0.089663 -0.125725 -0.231213
0.322030 0.516792 -0.449096 0.106834 -0.144644 -0.224281 -0.177568 -0.116664 -0.091800 -0.136227 -0.121783 -0.072814 0.128071 -0.128567 0.021927 -0.042590 0.045128 0.168956 0.222026 1.000000 -0.125916 -0.136546 -0.224463 0.048243 -0.301799 -0.437586 -0.280492 -0.332704 0.094999 0.191698 -0.121176 0.108845 0.061362 0.270560 -0.264867 -0.400729 -0.115028 -0.295668 0.013707 -0.096896 0.081641 -0.368137 -0.148667 -0.166628 0.054158 -0.060803 -0.148334 0.007447 -0.001284 0.083454 -0.321405 -0.137644 0.163987 -0.039834 -0.171345 -0.220759 0.287218 0.175498 0.214649 0.287289 0.256799 0.085480 0.338359 0.304668 -0.058727 -0.413071 -0.057014 0.075419 0.423271 0.385166 -0.187806 -0.165095 0.130572 -0.241648 -0.170834 -0.149442 -0.287605 -0.207727 0.147664 -0.072922 0.296786 0.278722 0.334970 0.368000 0.029167 -0.055134 0.099920 -0.170592 -0.087473 -0.119165 0.366444 0.004407 -0.221684 -0.182600 0.009170 -0.264870 -0.381905 0.074799 0.070941 -0.145655 -0.091876 -0.080620 -0.262647 -0.359949 -0.050552 0.248007 0.368511 0.179950 -0.133806 -0.277426 -0.137285 -0.232084 -0.184365 -0.124885 0.061126 0.259175
-0.213258 -0.292210 0.206153 -0.053935 0.311428 0.210481 0.054044 0.220839 -0.039328 0.233925 -0.112376 -0.112881 -0.193179 -0.093217 -0.067800 0.002744 -0.204270 -0.144271 -0.056725 -0.125916 1.000000 0.268388 0.184973 0.182303 0.392896 0.374816 0.399729 0.378904 -0.103526 -0.015077 0.388186 0.238947 -0.385141 -0.247126 0.292436 0.259831 0.045058 -0.045556 0.201616 -0.043283 0.419686 0.128146 -0.146687 -0.036011 -0.167142 0.018689 -0.214186 -0.199116 0.185841 -0.257109 0.216974 0.165265 -0.061104 -0.319980 0.099656 0.000149 -0.468693 -0.443297 -0.003715 -0.025987 -0.220869 -0.287761 -0.053820 -0.105215 0.006063 -0.019785 0.095829 0.368055 -0.228567 -0.070156 0.048532 0.146522 0.064615 0.119586 0.157722 0.106236 -0.020639 0.075369 -0.160532 -0.084808 -0.327423 -0.142415 -0.038716 0.044466 -0.125026 -0.115549 -0.107049 0.215115 -0.002497 -0.314795 0.090172 0.119622 0.341501 0.275759 0.342650 0.129802 0.077846 0.223478 -0.369238 -0.242072 0.203391 -0.017426 0.215073 0.185014 0.116268 0.307677 0.217896 0.129030 0.193791 0.179283 0.159553 -0.019125 0.042932 -0.015736 0.275279 0.140828
-0.313620 -0.257066 0.162075 0.079013 0.041502 0.097488 -0.036632 0.002622 0.107190 0.216248 0.136472 -0.079813 -0.087203 0.040121 0.074103 0.120247 -0.040901 0.078434 -0.399694 -0.136546 0.268388 1.000000 0.243034 0.224573 0.516178 0.491865 0.067183 0.144197 0.212844 0.281982 0.438387 0.366651 -0.238485 0.087492 0.237311 0.381799 0.389686 0.412339 0.213071 0.435073 0.506798 0.469776 -0.304498 -0.314168 -0.373898 -0.255283 -0.272206 -0.387904 -0.260693 -0.469431 -0.070846 -0.183311 -0.075504 -0.230394 0.033467 -0.051867 -0.311779 -0.228498 -0.243695 -0.302614 -0.111464 -0.151586 -0.060074 -0.034727 -0.125009 -0.054584 -0.194465 -0.110498 -0.332669 -0.143774 0.359859 0.334586 0.240391 0.301986 0.285206 0.348464 0.329691 0.262856 0.207885 0.057119 -0.097048 0.122903 0.008132 0.144260 -0.381822 -0.210208 -0.269001 0.110778 -0.096037 -0.433778 -0.157218 0.237274 0.378873 0.406295 0.405374 0.408483 0.210501 -0.060909 -0.225757 -0.045261 0.347128 -0.118504 0.359594 0.310763 0.069055 0.080727 -0.004719 -0.129640 0.151762 0.457584 0.192685 0.003271 0.143615 0.266314 0.202661 0.076662
-0.397381 -0.523637 0.731246 0.333323 0.563548 0.240124 0.283546 -0.075544 0.421906 0.288127 0.019725 -0.270896 -0.071939 -0.355575 0.305778 -0.125702 -0.327942 -0.349523 -0.189586 -0.224463 0.184973 0.243034 1.000000 0.686097 0.804879 0.607524 0.316415 0.364208 -0.340187 -0.444963 0.497847 0.184790 -0.466334 -0.124662 0.411515 0.404546 -0.118710 -0.037248 -0.052498 -0.104775 0.123355 0.135587 -0.035027 0.080661 -0.493131 -0.124192 -0.079376 -0.114987 -0.080215 -0.192264 0.327548 -0.070642 -0.385947 -0.092522 -0.121944 -0.172109 -0.348895 -0.319303 -0.272647 -0.197821 -0.376434 -0.320071 -0.469351 -0.501216 0.487815 0.291166 0.225852 0.146246 -0.358443 -0.204565 -0.023028 0.179274 -0.277913 -0.077850 0.000011 -0.052411 0.004606 0.086280 -0.175452 0.113246 -0.425412 -0.381605 0.046476 -0.232143 -0.022795 -0.030260 0.026659 0.170180 0.535979 0.020527 -0.041032 0.333456 0.160114 0.396020 0.215701 0.040080 0.029319 0.175192 -0.251334 -0.113969 -0.053889 -0.198195 0.033468 0.075881 -0.072308 0.254462 -0.063356 0.080861 -0.092804 0.193968 0.288433 0.189249 -0.098922 0.122231 0.265124 0.062413
-0.398476 -0.323648 0.417948 0.582853 0.408385 0.392589 0.146595 0.226307 0.317100 0.512458 -0.073827 -0.047995 -0.122517 -0.029436 0.359559 0.161362 -0.315422 -0.401019 -0.274210 0.048243 0.182303 0.224573 0.686097 1.000000 0.617122 0.487143 0.225449 0.485519 -0.341415 -0.292117 0.311062 0.304435 -0.597286 -0.180997 0.280117 0.277916 -0.253932 -0.088439 -0.101469 -0.051305 0.050128 0.073808 -0.217356 -0.117076 -0.530043 -0.178846 -0.196958 -0.171846 -0.067626 -0.110140 0.100234 0.040013 -0.286924 -0.075662 -0.269166 -0.332304 -0.361420 -0.431305 -0.274346 -0.001677 -0.264687 0.007738 -0.357704 -0.363258 0.451646 0.306702 0.039799 0.310098 -0.297333 -0.042027 -0.070246 0.131551 -0.275293 -0.142328 -0.061102 -0.203507 -0.107122 -0.054190 -0.220191 0.004538 -0.359539 -0.353800 0.322544 0.042870 -0.086557 0.027578 0.048183 0.282992 0.395070 0.002108 0.253303 0.332757 0.345623 0.273013 0.160559 -0.082814 -0.117120 0.109962 -0.259652 -0.241940 0.021243 -0.361946 -0.036459 -0.171607 -0.163704 0.331227 0.096664 0.127710 -0.241017 -0.055531 0.041884 -0.058883 -0.067028 0.140998 0.375120 0.061750
-0.569018 -0.552802 0.603519 0.217031 0.473501 0.281325 0.112818 -0.055655 0.307553 0.373265 -0.011800 -0.337634 -0.265223 -0.309291 0.188869 -0.035916 -0.230096 -0.232838 -0.356255 -0.301799 0.392896 0.516178 0.804879 0.617122 1.000000 0.836517 0.453412 0.484807 -0.195939 -0.202423 0.695169 0.390596 -0.498426 -0.066659 0.465806 0.579944 0.121252 0.147686 0.204617 0.189515 0.333579 0.365364 -0.091432 -0.033009 -0.447906 -0.090278 -0.128724 -0.150127 -0.122677 -0.361174 0.218823 -0.069969 -0.414596 -0.123634 -0.025444 -0.022527 -0.395910 -0.331371 -0.415334 -0.379507 -0.500191 -0.445575 -0.431595 -0.428086 0.240579 0.214114 0.060472 0.108785 -0.470008 -0.280007 0.093793 0.261189 -0.100797 0.041886 0.116728 0.130276 0.169025 0.247203 -0.019398 0.070733 -0.352186 -0.162565 -0.010864 -0.128254 -0.242012 -0.186983 -0.152921 0.200799 0.304600 -0.281708 -0.172188 0.266404 0.292371 0.464549 0.465781 0.177200 0.229872 0.244952 -0.366363 -0.122775 0.053613 -0.196174 0.206444 0.144910 0.037792 0.198868 -0.033239 -0.017105 0.069865 0.403786 0.435815 0.219564 0.010805 0.225477 0.258427 0.170124
-0.640984 -0.540587 0.580342 0.241327 0.309868 0.491553 0.009266 0.061455 0.086451 0.419485 -0.176081 -0.325374 -0.475744 -0.195534 -0.031307 -0.068522 -0.265668 -0.292310 -0.280947 -0.437586 0.374816 0.491865 0.607524 0.487143 0.836517 1.000000 0.529269 0.700715 -0.277019 -0.154666 0.452552 0.264156 -0.398306 -0.197218 0.439331 0.619315 0.123352 0.178185 0.236556 0.265449 0.277271 0.450642 0.023075 0.092919 -0.369253 0.025765 0.043626 -0.007012 -0.063536 -0.285258 0.269063 0.023598 -0.362117 -0.052058 0.071944 0.088716 -0.337680 -0.296753 -0.501842 -0.330648 -0.622649 -0.507385 -0.470021 -0.447829 0.049473 0.353794 0.067845 0.097110 -0.423862 -0.221500 0.067745 0.214938 -0.167287 0.085342 0.103151 0.058335 0.136080 0.238984 -0.049302 0.151649 -0.344422 -0.201091 -0.201832 -0.230591 -0.220305 -0.165124 -0.171573 0.304476 0.197886 -0.153528 -0.241529 0.219064 0.242919 0.408283 0.432947 0.247679 0.484748 0.159961 -0.225134 -0.005854 0.020174 -0.186191 0.255079 0.215127 -0.046378 0.079562 0.000560 -0.125686 0.188992 0.400502 0.505971 0.247493 0.145598 0.327696 0.129802 0.021772
-0.357654 -0.290706 0.442134 0.016252 0.439511 0.203132 -0.247055 -0.083392 -0.082878 -0.013907 -0.143781 -0.371776 -0.419908 -0.425316 -0.199153 -0.287685 -0.153133 -0.154651 -0.208596 -0.280492 0.399729 0.067183 0.316415 0.225449 0.453412 0.529269 1.000000 0.600461 -0.389651 -0.144702 0.104927 -0.112442 -0.256985 -0.494630 0.279787 0.054507 -0.159386 -0.012660 0.125386 -0.114939 0.171668 0.102510 0.252646 0.385801 0.000766 0.204003 0.295669 0.185822 0.321097 0.257554 0.275679 0.389277 -0.092211 0.116674 0.253229 0.248131 -0.115533 -0.029799 -0.085816 0.029421 -0.589623 -0.409536 -0.372426 -0.334848 -0.204426 -0.054302 0.480541 0.340416 -0.073522 0.150564 -0.130477 0.058580 -0.174027 -0.090588 -0.011394 -0.209261 -0.144931 -0.121650 -0.121764 0.213613 -0.319236 -0.220423 -0.230424 -0.337077 -0.108231 0.044030 -0.018011 0.435501 -0.064931 -0.033687 0.016010 0.112836 -0.058637 0.130254 0.254242 -0.052565 0.437759 0.223994 -0.112759 0.043208 -0.114799 -0.287437 -0.188933 -0.061838 -0.028370 0.333262 0.095168 0.008948 0.030306 0.107945 0.348417 0.224137 0.104028 -0.155050 0.075103 0.020279
-0.540592 -0.443544 0.396253 0.308882 0.328588 0.508972 -0.125430 0.274738 -0.089960 0.352367 -0.280243 -0.142018 -0.475156 -0.066091 0.003272 0.014726 -0.368527 -0.428357 -0.188426 -0.332704 0.378904 0.144197 0.364208 0.485519 0.484807 0.700715 0.600461 1.000000 -0.386627 -0.237555 0.080901 0.043188 -0.428682 -0.496755 0.433479 0.263870 -0.202183 -0.054193 -0.025204 -0.073068 0.058430 0.070469 0.126591 0.247685 -0.267488 0.083177 0.113863 0.107631 0.135422 0.001133 0.307863 0.334832 -0.352075 0.000463 0.035869 0.165684 -0.341141 -0.368453 -0.449473 -0.033874 -0.595778 -0.288335 -0.481003 -0.505659 0.003253 0.366719 0.209897 0.384484 -0.304254 0.003922 -0.068621 0.115386 -0.296062 -0.051107 -0.077879 -0.187585 -0.081730 0.079401 -0.194085 0.058558 -0.490002 -0.349755 0.016535 -0.191674 -0.104275 0.028532 0.000141 0.487034 0.130392 0.119942 0.124525 0.221083 0.245444 0.292290 0.298692 0.113441 0.378930 0.091931 -0.112508 -0.064716 0.014496 -0.197625 0.082304 0.039702 -0.108523 0.225639 0.264743 0.063252 0.090087 0.180134 0.294973 0.150596 0.080998 0.141125 0.287045 -0.092325
0.223816 0.406598 -0.551795 0.051274 -0.547819 -0.474071 -0.104465 -0.100111 -0.103058 -0.143364 0.334265 0.347963 0.144872 0.270545 0.153480 0.328119 0.477617 0.532757 0.016885 0.094999 -0.103526 0.212844 -0.340187 -0.341415 -0.195939 -0.277019 -0.389651 -0.386627 1.000000 0.688287 0.218124 0.447859 0.249771 0.553480 -0.160006 -0.115101 0.426621 0.209153 0.152107 0.324220 0.178631 0.231795 -0.349761 -0.450709 0.129624 -0.268671 -0.277890 -0.319150 -0.411646 -0.475120 -0.633327 -0.446277 -0.115992 -0.258507 -0.133162 0.060390 0.097096 0.137805 -0.223453 -0.334087 0.432881 0.175034 0.480328 0.437881 -0.284958 -0.379455 -0.481395 -0.424104 -0.083937 -0.255616 0.319270 0.245730 0.695470 0.359115 0.179963 0.473162 0.363500 0.348214 0.395651 -0.137595 0.495683 0.550363 0.333438 0.639369 -0.067171 -0.090510 -0.073130 -0.262962 -0.449305 -0.315628 -0.344536 -0.164618 0.142166 0.046187 -0.017984 0.178330 -0.133854 -0.138419 -0.042050 0.011819 0.356707 0.254130 0.300150 0.098402 0.024390 -0.436684 -0.293220 -0.239909 0.036999 0.106235 -0.248046 0.047563 0.199601 -0.010121 -0.184852 -0.102522
0.023171 0.413168 -0.620331 0.003573 -0.501168 -0.308029 -0.311332 -0.110429 -0.260833 -0.111813 0.093744 0.279999 -0.087774 0.256731 -0.212162 0.337278 0.437815 0.572535 -0.180664 0.191698 -0.015077 0.281982 -0.444963 -0.292117 -0.202423 -0.154666 -0.144702 -0.237555 0.688287 1.000000 0.098959 0.376681 0.368230 0.420969 -0.200153 -0.064350 0.430533 0.300600 0.138871 0.432523 0.300696 0.329526 -0.331570 -0.377818 0.174320 -0.086742 -0.224554 -0.241013 -0.209489 -0.257342 -0.589491 -0.299070 -0.071213 -0.181840 -0.032402 0.042788 0.103498 0.107391 -0.198312 -0.271836 0.128603 0.162698 0.394673 0.408067 -0.414629 -0.417329 -0.396583 -0.275601 -0.063528 -0.084273 0.235210 0.241140 0.617211 0.365673 0.182597 0.369723 0.262810 0.249080 0.387283 0.013268 0.461026 0.621744 0.123682 0.592462 -0.100135 -0.124329 -0.152830 -0.218415 -0.619962 -0.417086 -0.306475 -0.091156 0.097057 -0.003270 0.089353 0.204820 -0.001693 -0.161427 -0.059965 0.075179 0.414964 0.200539 0.112375 -0.048792 0.176860 -0.220048 -0.154307 -0.329325 0.059702 0.095386 -0.210184 0.017921 0.224357 0.062407 -0.212336 -0.016046
-0.309680 -0.290875 0.307722 0.094329 0.218477 -0.002443 0.246996 0.082284 0.224053 0.215684 0.168699 -0.167157 -0.078837 -0.123212 0.108493 0.023279 -0.001740 -0.067314 -0.126064 -0.121176 0.388186 0.438387 0.497847 0.311062 0.695169 0.452552 0.104927 0.080901 0.218124 0.098959 1.000000 0.684430 -0.214577 0.392886 0.313562 0.418297 0.276764 0.260107 0.106438 0.187906 0.365088 0.372083 -0.313642 -0.296657 -0.445823 -0.226969 -0.405955 -0.392153 -0.152133 -0.562296 0.007880 -0.137831 -0.341410 -0.323073 -0.086168 -0.161098 -0.473731 -0.392502 -0.290157 -0.435818 -0.102147 -0.227273 -0.002399 -0.040098 0.133711 0.019097 -0.123744 0.068947 -0.539044 -0.437175 0.205884 0.338848 0.269924 0.207556 0.296124 0.429032 0.375907 0.386981 0.041877 -0.192980 -0.198872 -0.045738 0.044666 0.189986 -0.399199 -0.366450 -0.304065 -0.229269 0.018586 -0.469044 -0.142306 0.276139 0.395890 0.450434 0.331387 0.154561 -0.008660 0.118002 -0.392982 -0.126733 0.320534 0.259998 0.440801 0.232258 0.177850 0.092290 -0.029734 -0.066254 0.046759 0.291231 0.157583 0.206311 0.075955 0.216778 0.212026 0.114073
-0.291277 -0.005217 -0.194268 0.429013 -0.239453 -0.076440 -0.018892 0.186073 -0.034411 0.243394 -0.002586 0.181724 -0.199945 0.198292 0.052162 0.300788 0.127049 0.087260 -0.166948 0.108845 0.238947 0.366651 0.184790 0.304435 0.390596 0.264156 -0.112442 0.043188 0.447859 0.376681 0.684430 1.000000 -0.215498 0.431560 0.209983 0.249032 0.293745 0.319324 0.104607 0.430391 0.208865 0.328986 -0.431202 -0.452789 -0.230263 -0.216962 -0.445363 -0.409717 -0.219779 -0.555925 -0.353439 -0.259841 -0.377746 -0.314912 -0.218923 -0.169184 -0.413992 -0.397966 -0.420920 -0.283401 0.063182 0.143603 0.203161 0.144369 0.056010 -0.043408 -0.376138 0.027263 -0.496193 -0.394607 0.092939 0.330895 0.265547 0.141435 0.174663 0.389723 0.303184 0.381710 0.221886 -0.288500 0.025884 0.159757 0.247350 0.650638 -0.375075 -0.224678 -0.149145 -0.116387 -0.239034 -0.415494 -0.065667 0.178043 0.472001 0.184657 0.325465 0.265430 -0.101293 0.063239 -0.264048 -0.051469 0.258435 0.213894 0.476456 0.093252 0.024428 0.012648 -0.049872 -0.156391 0.038588 0.165200 -0.041079 0.086793 0.190980 0.374261 0.197073 0.004481
0.374246 0.510771 -0.291383 -0.309567 -0.361788 -0.263217 -0.138181 -0.263497 -0.190858 -0.417029 0.089450 0.083840 0.074226 -0.008531 -0.386573 -0.116162 0.391210 0.295485 0.249706 0.061362 -0.385141 -0.238485 -0.466334 -0.597286 -0.498426 -0.398306 -0.256985 -0.428682 0.249771 0.368230 -0.214577 -0.215498 1.000000 0.432953 -0.315657 -0.307623 0.296306 0.166392 0.024369 0.089016 -0.075503 0.154762 0.108115 -0.081928 0.452712 0.015221 0.165544 0.031218 -0.014846 0.244617 -0.203515 -0.112245 0.337328 0.151279 0.046861 0.115522 0.449519 0.499111 0.152457 -0.086336 0.211310 0.077615 0.204177 0.293552 -0.339149 -0.378654 -0.076334 -0.380383 0.314250 0.102824 0.150895 0.044295 0.337021 0.237609 0.189498 0.226825 0.231575 0.113357 0.157340 0.115036 0.408515 0.288139 -0.287208 -0.055029 -0.057775 -0.177441 0.029998 -0.430203 -0.443182 0.025331 -0.385239 -0.329534 -0.325465 -0.236177 -0.304803 -0.221261 -0.074782 -0.286982 0.326555 0.112818 0.158511 0.392327 0.007159 0.053991 0.199852 -0.389016 -0.115299 -0.179745 -0.100633 -0.122939 -0.211215 0.100428 0.118296 0.076934 -0.407109 -0.078303
0.262205 0.381242 -0.302598 0.118636 -0.342459 -0.201840 0.165392 -0.064133 0.113314 -0.049636 0.270181 0.262035 0.249731 0.195291 0.079748 0.222783 0.376305 0.353772 0.137772 0.270560 -0.247126 0.087492 -0.124662 -0.180997 -0.066659 -0.197218 -0.494630 -0.496755 0.553480 0.420969 0.392886 0.431560 0.432953 1.000000 -0.149178 0.030234 0.408315 0.271128 0.160527 0.288316 0.083601 0.254731 -0.415336 -0.564911 -0.082214 -0.379127 -0.380313 -0.374861 -0.434938 -0.391641 -0.491250 -0.528956 -0.084609 -0.252196 -0.287787 -0.290137 0.084829 0.130877 -0.140056 -0.252992 0.494947 0.213300 0.386604 0.423635 -0.038265 -0.226701 -0.511672 -0.450834 -0.063091 -0.284480 0.302939 0.318317 0.606277 0.339516 0.340976 0.572536 0.491175 0.468012 0.187684 -0.135798 0.333336 0.291826 0.071688 0.327365 -0.333459 -0.429428 -0.215545 -0.553212 -0.213043 -0.305063 -0.353737 -0.081923 0.105580 0.006487 -0.025676 -0.024801 -0.359333 -0.053197 -0.034229 -0.214544 0.261255 0.375126 0.351675 0.066648 0.134463 -0.389467 -0.145542 -0.035247 -0.108017 0.077197 -0.242757 -0.025670 0.029053 0.189087 -0.128914 0.130392
-0.345670 -0.434533 0.350654 0.061871 0.384782 0.242282 0.104423 0.203789 0.233519 0.346602 0.058669 -0.116608 -0.168820 -0.020985 0.085979 -0.033454 -0.196933 -0.305074 -0.252380 -0.264867 0.292436 0.237311 0.411515 0.280117 0.465806 0.439331 0.279787 0.433479 -0.160006 -0.200153 0.313562 0.209983 -0.315657 -0.149178 1.000000 0.390865 0.001997 -0.058342 0.140467 -0.182746 0.050692 0.033804 -0.213437 -0.099771 -0.251455 0.043702 -0.269003 -0.288545 0.129867 -0.204844 0.296458 0.158516 -0.452826 -0.382006 -0.012654 -0.072757 -0.386943 -0.425566 -0.295504 -0.099652 -0.264290 -0.173438 -0.381535 -0.179342 0.210984 0.268014 0.312011 0.430818 -0.458177 -0.226759 0.059995 0.318790 -0.164241 -0.027899 -0.029291 0.135361 0.093282 0.235975 -0.186089 -0.139900 -0.571318 -0.373056 -0.009808 -0.046972 -0.048811 -0.017400 0.013236 0.266523 0.173409 0.013093 0.032323 0.346410 0.406688 0.428371 0.245211 0.179251 -0.029019 0.056008 -0.439965 -0.186124 0.007526 -0.094238 0.232911 0.232316 0.040550 0.298651 0.081604 0.140500 0.083060 0.252589 -0.011452 -0.008445 -0.056026 0.127008 0.240096 0.098778
-0.459794 -0.420082 0.401095 0.108935 0.190202 0.383004 0.295028 0.149483 0.221354 0.469833 0.074582 0.070903 -0.093449 0.111986 0.089647 0.153786 -0.284130 -0.288145 -0.207714 -0.400729 0.259831 0.381799 0.404546 0.277916 0.579944 0.619315 0.054507 0.263870 -0.115101 -0.064350 0.418297 0.249032 -0.307623 0.030234 0.390865 1.000000 0.076276 0.108792 0.024282 0.175774 0.016442 0.405875 -0.123248 -0.069403 -0.305170 0.148740 -0.254224 -0.154692 -0.221622 -0.375858 0.225806 -0.231850 -0.264124 -0.273529 -0.108474 -0.192186 -0.461566 -0.385934 -0.313231 -0.343986 -0.174305 -0.282904 -0.399481 -0.175677 0.289008 0.410123 -0.157869 0.041174 -0.485030 -0.473827 0.235497 0.163415 -0.045013 0.149521 0.140282 0.261247 0.243204 0.362713 -0.270909 -0.137433 -0.328976 -0.240707 -0.085509 -0.080713 -0.011252 -0.132575 -0.114896 0.165463 0.306966 -0.063085 -0.335409 0.103241 0.326410 0.354541 0.230581 0.379733 0.162178 0.056589 -0.449706 -0.171510 0.013532 -0.048814 0.308446 0.220717 -0.041782 -0.110587 -0.218908 -0.029372 0.094453 0.308461 0.307783 0.073184 -0.095990 0.322617 -0.010854 0.198445
