1.000000 0.659339 0.060274 -0.226722 -0.145250 -0.383948 0.191471 -0.132264 0.169108 -0.195806 0.247743 0.020500 0.365189 0.136103 0.084014 -0.156139 0.033662 0.225782 0.509552 0.518843 -0.047291 -0.386874 -0.108550 -0.294654 -0.484088 -0.559733 -0.547443 -0.675195 0.384305 0.152184 -0.301068 -0.343536 0.209691 0.272440 -0.197336 -0.366706 -0.130492 -0.247941 -0.234635 -0.246805 0.009828 0.217180 -0.352124 -0.413760 0.005512 -0.323707 -0.280461 -0.345683 -0.215172 0.042122 -0.306280 -0.328580 0.198747 -0.071093 -0.151661 -0.329224 0.398038 0.191602 0.489438 0.237896 0.625693 0.191877 0.478135 0.559340 0.065606 -0.386507 -0.046372 -0.301333 0.248228 0.257701 -0.002088 -0.157156 0.298000 0.240881 0.282567 0.369343 0.157449 0.043698 -0.044790 -0.134516 0.204203 0.184225 0.107956 0.213502 0.107617 0.064713 0.153035 0.291039 -0.251016 -0.262676 -0.356379 0.035739 -0.288341 -0.119058 -0.117288 -0.084851 -0.336223 -0.336164 -0.197259 -0.349504 -0.189977 0.192802 0.000428 0.301341 -0.183410 0.020335 0.069809 0.282400 0.074528 -0.121739 -0.048812 0.022328 0.084107 0.135957 -0.143447 -0.148535
0.659339 1.000000 -0.251535 -0.084952 -0.232465 -0.337766 -0.146227 -0.145664 0.182675 -0.160037 0.331494 0.049145 0.315045 0.292605 0.150312 0.025071 0.128834 0.201150 0.349054 0.594429 0.033895 -0.360800 -0.109438 -0.185859 -0.427078 -0.374444 -0.310261 -0.466585 0.178245 0.199324 -0.266004 -0.225331 0.184709 0.182836 -0.389388 -0.403709 -0.143271 -0.076486 -0.125459 -0.075922 0.001592 0.202533 -0.382125 -0.393992 -0.181205 -0.480564 -0.105875 -0.303869 -0.080512 -0.009351 -0.373208 -0.144751 0.346393 0.196656 -0.013014 -0.114892 0.339873 0.315893 0.379461 0.409064 0.432824 0.519996 0.300714 0.698321 -0.170517 -0.217922 -0.070156 -0.415747 0.555004 0.358913 -0.070939 -0.080947 0.219598 0.316336 0.270995 0.254172 0.111982 -0.036482 0.025421 0.038510 0.128001 0.153515 0.068324 0.047654 0.124612 -0.006796 0.015225 0.105094 -0.110812 -0.109880 -0.344016 -0.185882 -0.352030 -0.212454 -0.068798 -0.201692 -0.146492 -0.169930 -0.134175 -0.241593 -0.306996 -0.086321 -0.039379 0.085161 -0.112126 -0.078949 0.025895 0.258054 -0.063724 0.018495 -0.079140 -0.148250 -0.080669 0.146233 0.048062 -0.089994
0.060274 -0.251535 1.000000 0.047454 0.568275 -0.044932 0.737546 0.320440 0.414996 0.207862 0.025399 -0.045660 0.288369 -0.012094 0.111538 -0.046240 -0.397297 -0.317704 0.228417 -0.002610 -0.079287 -0.138862 0.432960 0.157373 0.164462 -0.064638 -0.174234 -0.137445 0.041451 -0.178041 0.152786 -0.068704 -0.023415 0.075966 0.030585 0.224277 -0.304515 -0.435934 -0.270483 -0.396672 -0.167535 -0.198946 -0.080835 -0.092207 0.072415 0.040378 -0.257330 -0.103503 0.134365 0.100260 0.221779 0.020107 -0.071496 -0.243768 -0.313063 -0.224285 -0.492601 -0.489052 0.312086 0.134929 0.226625 -0.138106 -0.072463 -0.370672 0.283544 0.011167 0.193557 0.339308 -0.264858 0.258536 0.149320 -0.098213 -0.192536 -0.231928 -0.223138 -0.152646 -0.256293 -0.180745 -0.245046 -0.453151 -0.265209 -0.239627 0.139138 0.052903 -0.138319 -0.191562 0.046357 -0.094895 -0.251921 -0.231714 0.213020 0.481818 0.206806 0.496322 0.173942 -0.192445 -0.207807 -0.057584 -0.225026 -0.323517 -0.002244 0.389081 0.239768 0.074692 0.029564 -0.223363 -0.161751 -0.172730 0.137131 -0.031781 0.060300 -0.028077 -0.223565 -0.293139 -0.186953 -0.021331
-0.226722 -0.084952 0.047454 1.000000 -0.007749 0.211689 -0.124347 0.314086 -0.056395 0.083123 -0.178972 0.062927 -0.138147 -0.111126 -0.121449 0.047677 -0.142366 -0.426166 0.004556 0.157110 0.212241 0.083993 0.445660 0.627960 0.171649 0.469333 0.338602 0.440187 -0.515073 -0.409950 0.311043 0.146990 -0.300170 -0.367532 0.146032 0.260243 -0.150374 0.010638 -0.094152 0.064943 -0.247266 -0.130039 -0.320034 -0.315509 -0.413548 -0.076919 -0.441218 -0.392686 -0.130008 -0.368769 0.044866 -0.069554 -0.042568 -0.037328 -0.204963 -0.314550 -0.124400 -0.179363 0.053342 -0.020154 -0.165474 0.115995 -0.350425 -0.305876 0.264061 0.563222 0.011951 0.406429 0.004772 0.224258 0.447837 0.262300 -0.438265 -0.219601 -0.283448 0.022198 -0.040511 0.067892 -0.222996 -0.207728 -0.337505 -0.401543 -0.314929 -0.275727 0.191702 0.351350 0.029932 0.034866 0.299856 0.482689 0.222869 0.071194 0.446273 0.229645 0.050327 0.020829 -0.222741 -0.080248 -0.474104 -0.102910 0.012387 0.138628 0.164449 0.118547 0.272235 -0.048181 0.083632 0.138592 0.101268 -0.227383 -0.084540 -0.021189 -0.130468 -0.190491 0.076568 -0.075742
-0.145250 -0.232465 0.568275 -0.007749 1.000000 0.377314 0.404215 0.544668 0.603710 0.534793 0.204568 0.273955 0.308550 0.388717 0.227638 0.342760 -0.315297 -0.253745 -0.013241 -0.020719 -0.208489 -0.029429 0.267712 0.143026 -0.093692 -0.233165 0.087081 0.032288 0.165879 -0.062618 -0.051073 -0.077180 -0.097736 -0.147284 -0.249904 0.067493 -0.359774 -0.425958 -0.392400 -0.268563 -0.160934 -0.201787 0.088127 0.065147 0.107207 0.057080 0.001030 0.041483 0.195528 0.166394 0.150769 0.138740 0.084140 -0.028115 -0.514825 -0.212516 -0.597000 -0.539578 0.009721 0.016971 0.042131 0.118695 -0.182425 -0.338209 0.235653 0.205321 -0.204272 -0.039772 -0.180866 0.088764 -0.163133 -0.246318 -0.237589 -0.311770 -0.248992 -0.216397 -0.465929 -0.324896 -0.153277 -0.262015 -0.218013 -0.207808 0.126253 0.339539 0.040279 -0.003011 0.018778 -0.178559 -0.216604 -0.177429 0.320204 0.406772 0.384063 0.475179 0.024299 -0.323292 -0.227610 -0.005691 -0.124818 -0.170675 0.236297 0.263288 -0.036992 -0.007300 -0.150587 -0.291138 -0.333529 -0.281686 0.183622 -0.053628 -0.075070 0.052613 -0.292034 -0.165016 -0.253278 -0.257416
-0.383948 -0.337766 -0.044932 0.211689 0.377314 1.000000 -0.115782 0.261491 0.134167 0.582819 -0.056633 0.118593 -0.231124 0.086368 -0.036948 0.259763 -0.221267 -0.305934 -0.463709 -0.217300 0.006664 0.261022 0.006718 0.108879 0.266171 0.396790 0.333453 0.517166 -0.284687 -0.170469 -0.093109 -0.043084 -0.448091 -0.455444 0.046899 0.179851 -0.185404 -0.051081 -0.136024 -0.008630 -0.176746 -0.104069 0.118842 0.238300 0.199761 0.451618 0.149764 0.120966 0.184644 0.063451 0.349079 0.393341 0.114774 0.261312 -0.322143 -0.095906 -0.290793 -0.228812 -0.218893 0.033823 -0.422539 0.089811 -0.416798 -0.351579 -0.053228 0.506503 -0.141311 0.152505 -0.035396 0.041201 0.009406 -0.090233 -0.443485 -0.310678 -0.415451 -0.195432 -0.340189 -0.096196 -0.160808 -0.044887 -0.132204 -0.217349 -0.192585 -0.008179 0.088396 0.082312 -0.018911 -0.129110 -0.022097 0.058190 0.432341 0.154796 0.543540 0.252543 -0.035485 -0.010765 -0.038816 0.169427 0.108946 0.215040 0.176562 0.105992 -0.136078 -0.019285 0.023350 -0.080221 -0.143229 -0.072878 0.102110 -0.185384 -0.025231 0.004980 -0.147938 -0.036656 -0.144269 -0.100772
0.191471 -0.146227 0.737546 -0.124347 0.404215 -0.115782 1.000000 0.364018 0.470548 0.179979 0.119444 0.028469 0.431576 0.179794 0.350755 0.197708 -0.152864 0.026936 0.094703 0.012124 0.030312 -0.185971 0.122843 -0.105441 -0.061140 -0.267892 -0.366454 -0.410669 0.402669 0.129055 -0.049174 -0.229668 0.115863 0.215625 -0.153081 -0.000189 -0.163524 -0.403461 -0.313582 -0.451496 -0.101345 -0.109056 -0.098528 -0.092182 0.094359 0.008720 -0.255051 -0.089264 0.116492 0.163311 0.083909 -0.043348 -0.105377 -0.261918 -0.377670 -0.245785 -0.251130 -0.414141 0.336802 0.019778 0.454739 -0.108152 0.250754 -0.137779 0.229355 -0.120792 0.046539 0.047118 -0.369964 0.237444 0.034229 -0.309043 0.115315 -0.228721 -0.121281 -0.202724 -0.286276 -0.259701 -0.156813 -0.344768 0.107426 0.058230 0.387904 0.333196 -0.073956 -0.164592 -0.054878 -0.165173 -0.287112 -0.298553 0.113170 0.403190 0.062084 0.295278 0.124864 -0.291046 -0.284340 -0.133082 -0.272007 -0.395519 0.002871 0.429532 0.234951 0.236457 -0.112954 -0.250543 -0.220583 -0.171019 -0.109077 -0.028599 -0.080072 0.115502 -0.250409 -0.073460 -0.252370 -0.156447
-0.132264 -0.145664 0.320440 0.314086 0.544668 0.261491 0.364018 1.000000 0.507477 0.679683 0.271987 0.446873 0.380601 0.475110 0.264453 0.411506 -0.050754 -0.284554 -0.338868 -0.137743 0.068066 -0.115340 0.025463 0.011446 -0.195858 -0.118951 0.074089 -0.013151 0.000215 -0.093002 -0.089405 -0.090773 -0.135773 -0.118497 -0.208509 -0.042718 -0.301019 -0.333020 -0.510907 -0.207464 -0.271249 -0.203592 -0.039153 -0.066978 0.004952 0.056832 -0.185807 -0.102932 0.258045 0.155065 0.040737 0.317673 0.109310 -0.044665 -0.570137 -0.316923 -0.391342 -0.427353 0.072771 0.115651 0.092462 0.455602 -0.226532 -0.194124 0.173040 0.527592 -0.163342 0.012190 -0.245174 0.085348 -0.143483 -0.134703 -0.354006 -0.318362 -0.368626 -0.127010 -0.414962 -0.198117 -0.047763 -0.285564 -0.183667 -0.320342 -0.010218 0.291859 0.080995 0.052646 -0.283109 -0.254327 -0.155581 0.102334 0.189674 0.052840 0.441951 0.239313 -0.074774 -0.248501 -0.265721 -0.083573 -0.243846 -0.213923 0.166214 0.142104 0.149558 0.063083 0.015309 -0.213398 -0.216839 0.005528 -0.086088 0.014716 -0.181688 0.127334 -0.320053 -0.101539 -0.085609 -0.140135
0.169108 0.182675 0.414996 -0.056395 0.603710 0.134167 0.470548 0.507477 1.000000 0.495886 0.438577 0.217447 0.658566 0.512354 0.565364 0.397664 -0.145051 -0.106811 -0.074727 0.102231 -0.114996 -0.287377 0.116720 -0.009738 -0.305112 -0.327291 -0.272626 -0.329472 0.314657 0.060711 -0.335207 -0.348870 0.012285 0.090061 -0.451722 -0.138942 -0.396565 -0.529931 -0.435730 -0.307111 -0.231477 -0.248366 -0.111904 -0.157702 0.041778 -0.140846 -0.100840 -0.110789 0.361399 0.247702 -0.003279 0.201238 0.189102 -0.052755 -0.439689 -0.270870 -0.381019 -0.468458 0.383427 0.249585 0.466428 0.375629 0.160867 0.127134 0.093573 0.003784 -0.129811 -0.258544 -0.086133 0.190153 -0.132662 -0.367268 0.017222 -0.236414 -0.243124 -0.202846 -0.474493 -0.411046 -0.236325 -0.299964 -0.065034 -0.007981 0.273172 0.303856 0.056871 -0.192358 -0.134105 -0.274765 -0.309816 -0.288533 0.101241 0.304628 0.192494 0.452017 0.080524 -0.512246 -0.312145 0.003850 -0.136138 -0.282455 0.035203 0.360977 0.163068 0.189640 -0.051993 -0.189904 -0.157545 -0.020175 -0.010769 0.052462 -0.162236 0.158366 -0.420243 -0.041913 -0.108429 -0.260912
-0.195806 -0.160037 0.207862 0.083123 0.534793 0.582819 0.179979 0.679683 0.495886 1.000000 0.179571 0.295799 0.193069 0.332761 0.287990 0.443375 -0.234386 -0.270728 -0.459987 -0.189048 0.000747 0.029238 -0.002113 -0.081658 0.015665 0.047810 0.043606 0.100587 -0.126204 -0.137739 -0.238346 -0.155515 -0.216279 -0.207369 -0.156747 0.113052 -0.257195 -0.277113 -0.445893 -0.214991 -0.212765 -0.224130 0.058573 0.034993 0.252484 0.272064 -0.019983 0.068061 0.269448 0.285822 0.153898 0.438690 0.176726 0.134878 -0.531959 -0.186750 -0.423929 -0.446580 -0.026808 0.233300 -0.183776 0.347703 -0.332110 -0.230765 0.024014 0.408442 -0.045797 0.056183 -0.073410 0.110947 -0.063914 -0.058403 -0.376751 -0.281088 -0.404249 -0.177014 -0.380869 -0.167975 -0.088921 -0.164451 -0.194547 -0.237758 0.078243 0.232541 0.022424 0.040547 -0.375172 -0.408358 -0.309810 -0.000283 0.276041 0.079078 0.495575 0.199946 0.041982 -0.244990 -0.196635 0.125631 -0.006330 -0.030338 0.061386 0.076481 0.026599 -0.020499 -0.026109 -0.188659 -0.119048 -0.069030 -0.111480 0.124389 -0.118697 -0.049539 -0.370734 -0.282183 0.035878 -0.056086
0.247743 0.331494 0.025399 -0.178972 0.204568 -0.056633 0.119444 0.271987 0.438577 0.179571 1.000000 0.489805 0.732336 0.626148 0.568816 0.313729 0.209882 -0.018993 0.015424 0.298696 0.014409 -0.368101 0.141221 0.016074 -0.445611 -0.355965 -0.209576 -0.323918 0.273480 0.219151 -0.273755 -0.194919 -0.100172 -0.038486 -0.259103 -0.192945 -0.191535 -0.377991 -0.135740 -0.252554 0.004546 0.011544 -0.097726 -0.226432 -0.207385 -0.409432 0.031883 -0.051322 0.063164 -0.089552 -0.090888 0.150258 0.307904 0.270798 -0.216552 -0.274042 -0.228340 -0.234777 0.005463 0.035536 0.168167 0.286261 0.089597 0.200461 0.132196 -0.151591 -0.406921 -0.391028 0.037094 0.020117 -0.101865 -0.203211 0.017586 0.110734 0.112875 0.123216 -0.301897 -0.227738 0.151839 -0.028547 0.079791 -0.002067 0.347317 0.180385 0.345511 0.137539 -0.046878 -0.049997 0.001573 -0.280793 0.124154 0.170720 0.001215 0.107581 -0.364931 -0.239121 -0.343442 -0.291882 -0.089717 -0.326724 0.191931 0.017946 -0.085995 -0.145610 -0.186805 -0.260444 -0.066116 0.243278 0.094798 -0.116833 -0.066810 -0.003018 -0.189249 0.218305 0.076970 -0.138069
0.020500 0.049145 -0.045660 0.062927 0.273955 0.118593 0.028469 0.446873 0.217447 0.295799 0.489805 1.000000 0.377071 0.704668 0.325295 0.318624 0.086757 -0.049267 -0.101115 0.138740 0.113835 -0.203074 0.014626 0.072548 -0.455490 -0.334830 -0.081785 -0.175632 0.174875 0.098186 -0.166845 -0.109021 -0.074369 -0.149898 -0.233495 -0.229929 -0.202539 -0.264040 -0.341807 -0.250186 -0.138006 0.052418 0.040692 -0.058462 0.059766 -0.178516 0.001716 0.010365 0.006688 0.085562 -0.037050 0.164923 0.177469 0.212742 -0.338539 -0.124346 -0.201975 -0.233521 -0.194616 -0.005634 -0.042811 0.162742 -0.103726 -0.051213 0.336275 0.204069 -0.308549 -0.319980 -0.204827 -0.135663 -0.216886 -0.221748 -0.220087 -0.042515 -0.106220 -0.035723 -0.290880 -0.246712 -0.005249 -0.180782 -0.033727 -0.133830 0.101958 0.313616 0.465209 0.552708 -0.025091 0.077403 -0.023665 0.038467 0.053617 -0.121296 0.049226 -0.121613 -0.337400 -0.166704 -0.239841 -0.230307 -0.012437 -0.263401 -0.051855 -0.228358 -0.298906 -0.207082 -0.208010 -0.234835 -0.181824 0.135136 -0.068375 0.000873 -0.383850 -0.019194 -0.247993 0.016937 0.037205 -0.086266
0.365189 0.315045 0.288369 -0.138147 0.308550 -0.231124 0.431576 0.380601 0.658566 0.193069 0.732336 0.377071 1.000000 0.600620 0.716968 0.310556 0.105811 -0.051863 0.102283 0.322246 0.041132 -0.519106 0.229756 0.044239 -0.440530 -0.492457 -0.253742 -0.544748 0.323384 0.153606 -0.292355 -0.343842 0.063446 0.165432 -0.347920 -0.214316 -0.426533 -0.550472 -0.382062 -0.444759 -0.281874 -0.229109 -0.189156 -0.300762 -0.063796 -0.344442 -0.153074 -0.168024 0.207101 0.190172 -0.040377 0.112239 0.329096 0.108786 -0.377127 -0.377381 -0.237277 -0.322418 0.338571 0.271298 0.513282 0.303363 0.229206 0.245535 0.274598 -0.245117 -0.243686 -0.295833 -0.104213 0.217164 -0.138013 -0.320086 0.077744 -0.135683 -0.127798 -0.124849 -0.443726 -0.456590 -0.164704 -0.312027 -0.014886 -0.043084 0.422513 0.196109 0.252763 0.005329 -0.140010 -0.241137 -0.097420 -0.272300 0.117728 0.318677 0.074685 0.295016 -0.237917 -0.417129 -0.458113 -0.349284 -0.196999 -0.391069 0.119779 0.208231 0.196106 0.167374 -0.091534 -0.217385 -0.126419 0.226997 -0.091499 -0.101524 -0.202151 0.038285 -0.335874 0.064248 0.006276 -0.137157
0.136103 0.292605 -0.012094 -0.111126 0.388717 0.086368 0.179794 0.475110 0.512354 0.332761 0.626148 0.704668 0.600620 1.000000 0.483862 0.602041 0.106799 -0.058909 -0.184779 0.074632 -0.041362 -0.363982 -0.071745 -0.026998 -0.465963 -0.473132 -0.118243 -0.262118 0.268171 0.218842 -0.394080 -0.276668 -0.090746 -0.073678 -0.538137 -0.279806 -0.244495 -0.362399 -0.373858 -0.224508 -0.165958 0.018712 -0.014094 -0.032284 0.021982 -0.223963 0.141289 0.034310 0.297192 0.178224 -0.009033 0.279060 0.423511 0.305763 -0.344656 -0.101724 -0.197782 -0.253639 0.078984 0.173648 0.213642 0.514630 0.010030 0.131965 0.022831 0.127390 -0.436289 -0.448972 -0.053749 -0.033549 -0.307477 -0.408620 -0.094833 -0.125067 -0.114160 -0.163400 -0.421364 -0.392336 0.070760 -0.190794 0.054391 -0.080204 0.153878 0.284402 0.280395 0.260432 -0.084390 -0.157245 -0.081351 -0.054716 0.095241 -0.031488 -0.014010 -0.003803 -0.212431 -0.300410 -0.240121 -0.141540 0.046189 -0.235035 0.083093 -0.111499 -0.114655 -0.036624 -0.274432 -0.308714 -0.318179 0.058026 -0.235373 0.088599 -0.154886 -0.030375 -0.334943 0.146911 -0.061392 -0.172517
0.084014 0.150312 0.111538 -0.121449 0.227638 -0.036948 0.350755 0.264453 0.565364 0.287990 0.568816 0.325295 0.716968 0.483862 1.000000 0.480886 0.185880 0.158477 -0.030500 0.145891 0.115004 -0.255853 0.224603 0.085014 -0.270510 -0.259043 -0.156988 -0.352002 0.278077 0.154574 -0.211198 -0.225612 -0.083549 0.083285 -0.282390 -0.006172 -0.352749 -0.430729 -0.408321 -0.404074 -0.234077 -0.228986 -0.039518 -0.229800 0.028704 -0.183019 -0.077612 -0.114617 0.179796 0.124290 -0.010087 0.170362 0.227852 0.178301 -0.422369 -0.351113 -0.195283 -0.277463 0.154122 0.115099 0.252968 0.200819 0.135193 0.150803 0.292226 -0.104804 -0.128473 -0.235555 -0.114448 0.120369 -0.099311 -0.312499 0.047684 -0.211198 -0.152714 -0.285924 -0.419047 -0.444684 -0.101347 -0.171914 0.123950 0.120074 0.706245 0.307310 0.230031 -0.000695 -0.223283 -0.404749 -0.072137 -0.294855 0.194290 0.210747 0.172789 0.169195 -0.212604 -0.421439 -0.415460 -0.245824 -0.212703 -0.366232 0.157451 0.140692 0.190592 0.127562 -0.004951 -0.203776 -0.049818 0.149595 -0.223556 -0.049022 -0.207475 0.045685 -0.221539 0.075522 0.093324 -0.230435
-0.156139 0.025071 -0.046240 0.047677 0.342760 0.259763 0.197708 0.411506 0.397664 0.443375 0.313729 0.318624 0.310556 0.602041 0.480886 1.000000 0.056508 0.015809 -0.266468 -0.068760 0.014827 -0.146885 -0.024588 0.032310 -0.230475 -0.202449 0.159381 0.027728 0.154536 0.125703 -0.127800 -0.053904 -0.024502 -0.054774 -0.387453 -0.091938 -0.176348 -0.194243 -0.280769 0.030299 -0.153953 -0.162309 0.076972 0.057827 -0.074668 -0.072385 0.120121 0.085867 0.256115 0.092483 -0.058031 0.185390 0.196469 0.160523 -0.318197 -0.022996 -0.229094 -0.279581 -0.101950 -0.074340 0.013552 0.306296 -0.072295 -0.144688 -0.007299 0.126538 -0.361255 -0.298021 -0.045389 -0.006324 -0.105128 -0.179519 -0.161034 -0.330492 -0.242168 -0.225556 -0.364136 -0.319893 0.088369 -0.012713 -0.006074 -0.069142 0.254614 0.346796 0.121338 0.121724 -0.011486 -0.159009 0.069332 0.050501 0.170106 -0.004310 0.199299 0.022401 -0.072648 -0.216019 -0.142092 -0.036193 -0.058512 -0.001159 0.081263 0.079400 -0.020415 -0.020629 -0.129530 -0.212852 -0.319991 -0.127222 -0.259009 -0.007256 -0.115875 0.156249 -0.311085 0.052120 0.038036 -0.188976
0.033662 0.128834 -0.397297 -0.142366 -0.315297 -0.221267 -0.152864 -0.050754 -0.145051 -0.234386 0.209882 0.086757 0.105811 0.106799 0.185880 0.056508 1.000000 0.615909 -0.011055 0.098041 -0.023687 -0.074358 -0.348953 -0.280947 -0.260599 -0.157203 -0.155841 -0.212561 0.370418 0.548228 -0.008024 0.112705 0.337657 0.296988 0.007927 -0.197753 0.248185 0.400409 0.044997 0.047416 0.140814 0.361496 -0.025577 -0.087293 -0.135353 -0.255020 -0.001360 -0.155537 -0.093129 -0.181153 -0.325161 -0.165003 -0.055499 0.045991 0.074918 -0.089132 0.510786 0.476197 -0.101692 -0.162939 0.137014 0.139563 0.330753 0.457921 -0.067741 -0.222820 -0.182974 -0.330756 0.085634 -0.191372 -0.147304 0.216506 0.314917 0.328579 0.165716 0.166847 0.190928 0.320445 0.383535 0.415601 0.502680 0.374667 0.283512 0.089888 -0.111825 -0.118294 -0.211399 -0.155941 0.077770 -0.178162 -0.294016 -0.344245 -0.361428 -0.398606 -0.102268 0.094771 -0.005554 -0.173215 -0.153119 0.041550 -0.023057 -0.031642 0.007619 0.108389 0.048802 0.069009 0.071046 0.058653 -0.142905 -0.084064 -0.100390 0.158898 0.288250 0.045477 0.068826 -0.062415
0.225782 0.201150 -0.317704 -0.426166 -0.253745 -0.305934 0.026936 -0.284554 -0.106811 -0.270728 -0.018993 -0.049267 -0.051863 -0.058909 0.158477 0.015809 0.615909 1.000000 0.149836 0.137115 -0.016065 0.053940 -0.441681 -0.490680 -0.340529 -0.357000 -0.360987 -0.413043 0.606196 0.619731 -0.011968 0.162008 0.496934 0.480433 -0.155158 -0.271782 0.312089 0.299675 0.013023 0.084196 0.315786 0.381097 0.018943 -0.061238 0.025066 -0.201549 0.005127 -0.088037 -0.294753 -0.108682 -0.360871 -0.392649 -0.251364 -0.171640 0.027139 -0.022076 0.515888 0.400100 -0.108918 -0.251811 0.236531 -0.089381 0.561274 0.490559 -0.082341 -0.473810 -0.027992 -0.413252 0.195182 -0.161520 -0.141856 0.203747 0.649696 0.407276 0.434589 0.187245 0.262459 0.245597 0.354416 0.537309 0.627573 0.706356 0.407438 0.385445 -0.167476 -0.146157 -0.147448 -0.027255 -0.215789 -0.345290 -0.500994 -0.294061 -0.504343 -0.457325 -0.008705 -0.033969 0.033096 -0.142296 -0.119082 0.007495 -0.112346 -0.064366 -0.094662 0.133492 -0.107431 0.151757 0.021649 -0.067182 -0.033135 -0.013676 -0.166067 0.010953 0.137379 0.092996 -0.037534 -0.194959
0.509552 0.349054 0.228417 0.004556 -0.013241 -0.463709 0.094703 -0.338868 -0.074727 -0.459987 0.015424 -0.101115 0.102283 -0.184779 -0.030500 -0.266468 -0.011055 0.149836 1.000000 0.593270 -0.135208 -0.101968 0.290310 0.103709 -0.220909 -0.271626 -0.252153 -0.307525 0.220076 0.093654 0.226991 0.102883 0.230519 0.235040 0.073009 -0.131552 -0.128001 -0.063547 -0.046230 -0.129339 0.108091 0.159059 -0.355176 -0.420828 -0.244296 -0.458976 -0.327655 -0.413592 -0.447688 -0.292467 -0.376925 -0.562815 -0.113653 -0.190413 0.006017 -0.221680 0.097856 0.172698 0.232184 -0.043220 0.299246 -0.176645 0.337175 0.265915 0.233044 -0.401405 0.106783 -0.008744 0.205458 0.151198 0.130380 0.046334 0.227049 0.185711 0.280579 0.278986 0.328937 0.106155 -0.016111 0.023128 -0.007328 0.093117 0.191621 0.164488 0.068473 0.083948 0.409336 0.372021 0.017288 -0.186271 -0.182771 0.156935 -0.186277 0.070222 0.030806 0.002968 -0.211897 -0.277841 -0.337243 -0.338717 -0.045895 0.156247 0.059821 0.141063 0.052842 0.004650 0.035821 -0.042286 0.278737 -0.101695 0.092238 0.053278 0.380989 0.031526 -0.052014 -0.104783
0.518843 0.594429 -0.002610 0.157110 -0.020719 -0.217300 0.012124 -0.137743 0.102231 -0.189048 0.298696 0.138740 0.322246 0.074632 0.145891 -0.068760 0.098041 0.137115 0.593270 1.000000 0.012560 -0.338533 0.287055 0.127859 -0.360949 -0.326687 -0.276491 -0.427708 0.196082 0.233280 -0.001977 -0.105381 0.099787 0.119045 -0.193737 -0.254130 -0.276477 -0.257612 -0.280168 -0.236899 -0.097234 0.119918 -0.388688 -0.494934 -0.195709 -0.456575 -0.358657 -0.389840 -0.425011 -0.126239 -0.282124 -0.375319 0.121596 0.116273 -0.249843 -0.436023 0.167643 0.040437 0.162395 0.091869 0.265755 0.055065 0.380052 0.411349 0.227596 -0.348113 -0.144678 -0.258829 0.446895 0.544044 0.086680 -0.003519 0.117338 0.243283 0.122919 0.138222 -0.015639 -0.125200 0.023776 0.031431 0.097902 0.143932 0.231475 0.179065 0.296399 0.235056 0.125213 0.164746 -0.098890 -0.234306 -0.026043 0.299499 0.018754 0.135712 -0.165151 -0.254633 -0.496361 -0.455216 -0.383345 -0.331383 -0.104665 0.175526 -0.036898 0.190138 -0.168744 -0.187996 -0.072324 0.152551 0.126840 -0.315337 -0.232675 0.105411 0.028106 -0.024997 -0.041614 -0.252989
-0.047291 0.033895 -0.079287 0.212241 -0.208489 0.006664 0.030312 0.068066 -0.114996 0.000747 0.014409 0.113835 0.041132 -0.041362 0.115004 0.014827 -0.023687 -0.016065 -0.135208 0.012560 1.000000 0.195022 0.054544 0.093189 0.138116 0.219455 0.126451 -0.029390 -0.056556 0.044769 0.097412 0.193203 -0.126056 0.038764 -0.015296 0.072163 0.155463 0.163111 0.033512 -0.107070 0.101881 0.243750 -0.109684 -0.141056 -0.264194 -0.146946 -0.197570 -0.028025 -0.202630 -0.220775 -0.086200 -0.140961 -0.016885 0.124543 -0.228154 -0.135896 0.067424 0.037766 -0.147053 -0.161922 -0.014556 0.009191 -0.005450 0.055918 0.231799 0.191423 -0.269022 -0.075868 -0.164439 0.104315 0.265457 0.310639 -0.101119 0.155340 0.031005 0.103899 -0.009514 0.051088 -0.027086 0.058634 0.061596 0.111201 -0.042729 -0.014343 0.043377 0.124578 -0.083493 0.057781 -0.099982 0.223098 0.045192 0.018228 -0.056488 -0.125086 -0.246969 0.061534 -0.119585 -0.233976 -0.255773 -0.089937 -0.273619 -0.185529 -0.021045 -0.011666 0.012785 -0.123801 -0.092803 0.253648 -0.267037 -0.011535 0.084324 -0.209411 -0.106455 0.207078 0.219263 0.040478
-0.386874 -0.360800 -0.138862 0.083993 -0.029429 0.261022 -0.185971 -0.115340 -0.287377 0.029238 -0.368101 -0.203074 -0.519106 -0.363982 -0.255853 -0.146885 -0.074358 0.053940 -0.101968 -0.338533 0.195022 1.000000 -0.126406 0.018673 0.386100 0.507317 0.314705 0.521055 -0.196942 -0.150993 0.223222 0.400739 -0.028817 -0.065172 0.292099 0.260893 0.228767 0.386277 0.251819 0.420242 0.248932 0.144299 0.171407 0.190776 -0.078601 0.293644 0.152824 0.168865 -0.132424 -0.215656 0.015061 -0.014237 -0.210916 -0.023811 0.102267 0.178773 -0.034099 0.111503 -0.290508 -0.293845 -0.364952 -0.207674 -0.194751 -0.208107 -0.171237 0.252205 0.116271 0.276712 -0.051039 -0.226459 0.229187 0.309209 -0.036187 0.029411 0.059274 0.025216 0.226806 0.305701 -0.030900 0.230171 -0.084312 -0.054305 -0.153037 -0.085787 -0.385904 -0.016068 -0.085835 -0.019984 -0.120571 0.108522 -0.077338 -0.100213 -0.038172 -0.201706 0.030216 0.334997 0.310739 0.220512 -0.019522 0.272492 -0.057517 -0.159915 -0.160077 -0.119586 0.054609 0.081853 0.080430 -0.169031 0.191648 -0.138323 0.352780 -0.089890 0.095942 -0.019822 -0.189926 -0.208552
-0.108550 -0.109438 0.432960 0.445660 0.267712 0.006718 0.122843 0.025463 0.116720 -0.002113 0.141221 0.014626 0.229756 -0.071745 0.224603 -0.024588 -0.348953 -0.441681 0.290310 0.287055 0.054544 -0.126406 1.000000 0.809567 0.243682 0.229240 0.246111 0.175427 -0.359836 -0.398692 0.361757 0.168826 -0.388638 -0.278497 0.110945 0.383795 -0.346719 -0.269451 -0.166597 -0.304570 -0.194959 -0.317818 -0.244647 -0.326590 -0.317748 -0.238554 -0.368876 -0.266889 -0.072278 -0.262666 0.339133 0.025777 0.230712 0.204076 -0.196642 -0.387489 -0.416218 -0.374130 0.042607 0.095493 -0.121267 -0.145924 -0.330788 -0.386986 0.537738 0.077924 -0.127628 0.288089 0.011705 0.335828 0.302854 0.061436 -0.329753 -0.216814 -0.197546 -0.128798 -0.241020 -0.275384 -0.305661 -0.313256 -0.421006 -0.324562 0.174089 -0.173114 0.334104 0.178664 0.344617 0.074968 0.312225 0.154399 0.526802 0.536020 0.404708 0.522163 -0.072291 -0.337047 -0.469391 -0.265623 -0.355941 -0.313577 0.133481 0.267006 0.073370 -0.074172 -0.008213 -0.300237 -0.001850 0.013274 0.104161 -0.285999 0.042910 -0.083047 -0.124864 -0.170434 0.091221 -0.040900
-0.294654 -0.185859 0.157373 0.627960 0.143026 0.108879 -0.105441 0.011446 -0.009738 -0.081658 0.016074 0.072548 0.044239 -0.026998 0.085014 0.032310 -0.280947 -0.490680 0.103709 0.127859 0.093189 0.018673 0.809567 1.000000 0.324589 0.473727 0.500098 0.456043 -0.487895 -0.422870 0.382044 0.228125 -0.433076 -0.451688 0.098568 0.359122 -0.236633 -0.143063 -0.006940 -0.089007 -0.291861 -0.345646 -0.172360 -0.186331 -0.340177 -0.143914 -0.196756 -0.191714 -0.016393 -0.263697 0.395321 0.075686 0.198976 0.247822 -0.058903 -0.202176 -0.380588 -0.329714 -0.062639 0.006136 -0.281495 -0.112401 -0.439692 -0.439033 0.355510 0.251189 -0.192136 0.282300 -0.161720 0.158136 0.250485 0.042322 -0.401762 -0.299624 -0.198031 -0.183276 -0.262463 -0.253834 -0.291503 -0.282920 -0.440551 -0.426302 -0.082356 -0.297658 0.315965 0.283228 0.376810 0.103146 0.499905 0.359744 0.530834 0.369746 0.352937 0.413102 0.006721 -0.211413 -0.241489 -0.105746 -0.230929 -0.131676 0.103773 0.121095 -0.020559 -0.135053 -0.074837 -0.210304 -0.040471 -0.009268 0.048124 -0.243628 0.027118 -0.026139 -0.131157 -0.119131 0.186417 -0.002569
-0.484088 -0.427078 0.164462 0.171649 -0.093692 0.266171 -0.061140 -0.195858 -0.305112 0.015665 -0.445611 -0.455490 -0.440530 -0.465963 -0.270510 -0.230475 -0.260599 -0.340529 -0.220909 -0.360949 0.138116 0.386100 0.243682 0.324589 1.000000 0.773738 0.501374 0.518046 -0.408313 -0.259213 0.363681 0.300201 -0.357116 -0.220399 0.352377 0.549817 0.132242 0.173640 0.246871 0.055853 -0.035705 -0.169852 0.015584 0.268489 0.145445 0.430142 0.004480 0.151903 0.122601 -0.012039 0.390810 0.146475 -0.051131 0.080037 0.091835 0.098068 -0.204149 -0.081350 -0.118996 -0.021816 -0.446659 -0.305814 -0.315086 -0.392136 -0.043161 0.242806 0.183455 0.500232 -0.193490 0.075500 0.241347 0.184917 -0.174912 -0.256029 -0.200588 -0.208599 -0.060652 0.080730 -0.227457 -0.083736 -0.131488 -0.090097 -0.078869 -0.300876 -0.172326 -0.159463 0.132191 -0.185071 0.141576 0.078379 0.280246 0.091125 0.147370 0.097044 0.286810 0.005663 0.162643 0.209193 0.060924 0.142362 -0.037688 -0.051078 0.113164 -0.095523 0.000440 -0.042425 -0.017522 -0.159862 -0.144015 0.092352 0.384304 -0.187858 0.052796 -0.230135 -0.000907 0.272759
-0.559733 -0.374444 -0.064638 0.469333 -0.233165 0.396790 -0.267892 -0.118951 -0.327291 0.047810 -0.355965 -0.334830 -0.492457 -0.473132 -0.259043 -0.202449 -0.157203 -0.357000 -0.271626 -0.326687 0.219455 0.507317 0.229240 0.473727 0.773738 1.000000 0.551482 0.731348 -0.604853 -0.325940 0.356288 0.340484 -0.382059 -0.387470 0.442526 0.515637 0.110557 0.314271 0.303552 0.213746 -0.072643 -0.105566 -0.032205 0.123829 -0.078630 0.324812 0.028443 0.049214 -0.014120 -0.238896 0.322528 0.188918 -0.062444 0.158686 0.157975 0.121085 -0.158426 -0.011107 -0.189816 -0.018689 -0.586236 -0.167174 -0.505528 -0.351028 -0.156297 0.410015 0.154086 0.505741 -0.135788 -0.010500 0.320727 0.271957 -0.333814 -0.190578 -0.169557 -0.121229 0.003783 0.135191 -0.182405 0.017328 -0.204221 -0.237734 -0.227809 -0.452317 -0.106438 -0.041745 0.066684 -0.095356 0.290089 0.250303 0.311344 -0.008507 0.241064 0.072534 0.202913 0.179294 0.188157 0.279571 0.004716 0.265822 -0.020697 -0.074190 -0.009413 -0.169301 0.169493 0.052682 0.155172 -0.007642 0.048541 -0.095471 0.278127 -0.137754 0.099666 -0.108872 0.159319 0.155493
-0.547443 -0.310261 -0.174234 0.338602 0.087081 0.333453 -0.366454 0.074089 -0.272626 0.043606 -0.209576 -0.081785 -0.253742 -0.118243 -0.156988 0.159381 -0.155841 -0.360987 -0.252153 -0.276491 0.126451 0.314705 0.246111 0.500098 0.501374 0.551482 1.000000 0.722679 -0.461342 -0.351714 0.344613 0.357814 -0.335686 -0.338009 0.123163 0.288279 -0.163231 0.170312 0.065884 0.219265 -0.291166 -0.301083 0.134011 0.233989 -0.147908 0.183761 0.188168 0.149066 0.109555 -0.145226 0.332720 0.251510 0.117528 0.268983 -0.006576 0.132538 -0.230219 -0.079864 -0.411158 -0.124459 -0.461347 -0.056360 -0.478478 -0.407478 0.048891 0.423668 -0.160671 0.224790 -0.104222 -0.058797 0.083420 0.099079 -0.386827 -0.380917 -0.256248 -0.214909 -0.220164 -0.113073 -0.153340 -0.035130 -0.288816 -0.303205 -0.232183 -0.189001 0.116624 0.128035 0.213423 0.032786 0.397294 0.360244 0.297675 -0.034318 0.252135 0.036420 -0.012694 0.013313 0.119219 0.145028 0.046252 0.203303 0.124608 -0.163247 -0.087558 -0.188713 -0.048377 0.033774 -0.170203 -0.095659 -0.083593 -0.117861 0.182498 -0.052235 -0.059349 -0.095834 -0.014887 0.024123
-0.675195 -0.466585 -0.137445 0.440187 0.032288 0.517166 -0.410669 -0.013151 -0.329472 0.100587 -0.323918 -0.175632 -0.544748 -0.262118 -0.352002 0.027728 -0.212561 -0.413043 -0.307525 -0.427708 -0.029390 0.521055 0.175427 0.456043 0.518046 0.731348 0.722679 1.000000 -0.659314 -0.442628 0.303714 0.292137 -0.386862 -0.445481 0.352067 0.418774 0.002594 0.323461 0.282964 0.385637 -0.130644 -0.201294 0.203478 0.335695 -0.153226 0.341835 0.242940 0.207926 0.059719 -0.263925 0.368168 0.255967 -0.070295 0.162605 0.218669 0.270290 -0.261993 -0.035357 -0.390603 -0.145791 -0.664225 -0.129551 -0.658490 -0.598585 -0.121312 0.552553 0.021229 0.447765 -0.058480 -0.209253 0.188564 0.190089 -0.507601 -0.234876 -0.224562 -0.120139 0.004041 0.090066 -0.055953 0.120211 -0.413081 -0.443589 -0.443822 -0.454544 -0.133263 0.111127 0.119110 0.023451 0.400537 0.382917 0.275430 -0.027567 0.290945 0.121677 0.095731 0.314367 0.390223 0.396459 0.121182 0.378760 0.119782 -0.115296 -0.127845 -0.323432 0.177806 0.073590 0.070156 -0.136434 0.215546 -0.157245 0.271813 -0.062625 -0.002560 -0.107691 -0.029766 0.052296
0.384305 0.178245 0.041451 -0.515073 0.165879 -0.284687 0.402669 0.000215 0.314657 -0.126204 0.273480 0.174875 0.323384 0.268171 0.278077 0.154536 0.370418 0.606196 0.220076 0.196082 -0.056556 -0.196942 -0.359836 -0.487895 -0.408313 -0.604853 -0.461342 -0.659314 1.000000 0.723200 -0.109391 -0.029360 0.399830 0.370627 -0.446695 -0.461226 0.225989 -0.049282 -0.106495 -0.206448 0.294843 0.321276 -0.023880 -0.056815 0.041567 -0.334938 -0.060685 -0.020095 -0.183761 0.046132 -0.419605 -0.409732 -0.160521 -0.276609 -0.246627 -0.159230 0.139206 -0.002876 0.033729 -0.286599 0.472417 -0.080444 0.739470 0.443662 0.095844 -0.441550 -0.278239 -0.639691 -0.131932 -0.167920 -0.263725 -0.205444 0.680063 0.290702 0.390722 0.202306 0.025159 0.059262 0.254080 0.204267 0.654234 0.679536 0.507297 0.738753 0.080176 -0.057606 0.086880 0.034819 -0.365571 -0.541797 -0.368388 -0.001720 -0.375455 -0.197807 0.010602 -0.225842 -0.170647 -0.178907 -0.132585 -0.269291 -0.009728 0.139653 -0.036948 0.173644 -0.296189 -0.046246 -0.201263 -0.153973 -0.078804 0.151739 -0.122548 0.259991 0.077776 0.224536 -0.202251 -0.218188
0.152184 0.199324 -0.178041 -0.409950 -0.062618 -0.170469 0.129055 -0.093002 0.060711 -0.137739 0.219151 0.098186 0.153606 0.218842 0.154574 0.125703 0.548228 0.619731 0.093654 0.233280 0.044769 -0.150993 -0.398692 -0.422870 -0.259213 -0.325940 -0.351714 -0.442628 0.723200 1.000000 0.019541 0.206580 0.306343 0.379165 -0.282854 -0.330179 0.305185 0.237062 0.016799 -0.051194 0.266602 0.500499 -0.081119 -0.070391 0.020357 -0.321727 -0.046098 -0.050028 -0.235320 -0.082729 -0.375056 -0.366405 -0.107069 -0.000037 -0.159921 -0.162287 0.209629 0.208607 -0.082187 -0.188954 0.166053 0.015620 0.621485 0.504807 -0.178311 -0.438452 -0.240325 -0.540925 0.078781 -0.102895 -0.191803 0.079960 0.527625 0.524827 0.388745 0.177993 0.131426 0.189887 0.425988 0.445716 0.651551 0.692215 0.380820 0.468580 -0.051969 -0.123040 -0.066399 -0.123062 -0.331226 -0.473187 -0.295108 -0.059056 -0.349638 -0.178140 -0.002829 -0.086271 -0.098828 -0.146752 -0.120371 -0.077716 -0.099176 0.066430 -0.021263 0.127811 -0.215386 0.061966 -0.239060 0.024222 -0.135788 0.076595 -0.104759 0.204607 0.117488 0.290326 0.029985 -0.141133
-0.301068 -0.266004 0.152786 0.311043 -0.051073 -0.093109 -0.049174 -0.089405 -0.335207 -0.238346 -0.273755 -0.166845 -0.292355 -0.394080 -0.211198 -0.127800 -0.008024 -0.011968 0.226991 -0.001977 0.097412 0.223222 0.361757 0.382044 0.363681 0.356288 0.344613 0.303714 -0.109391 0.019541 1.000000 0.777453 -0.004807 0.096737 0.186286 0.178336 0.063364 0.315952 0.142489 0.156861 0.113144 0.063049 -0.075363 -0.079478 -0.237106 -0.206097 -0.202318 -0.149653 -0.205847 -0.326602 0.008591 -0.187765 -0.146771 0.023851 0.066029 -0.021705 -0.230533 -0.047661 -0.336916 -0.225638 -0.365220 -0.361844 -0.165721 -0.307130 0.232023 -0.007714 0.044455 0.164674 -0.020714 -0.096833 0.211872 0.455458 0.002548 0.034170 0.110361 0.132185 0.137943 0.233780 0.102831 0.136276 -0.089513 0.005338 0.016241 0.032052 -0.075487 -0.057808 0.283717 0.083786 0.166355 0.181684 -0.081176 -0.051395 -0.021504 0.019351 0.078627 0.114664 0.052196 -0.070414 -0.276663 0.054549 -0.129763 -0.049049 -0.017692 -0.267242 0.002782 0.041514 -0.173524 -0.208555 0.038043 -0.044420 0.034420 -0.052525 0.125037 -0.200089 0.026345 0.122614
-0.343536 -0.225331 -0.068704 0.146990 -0.077180 -0.043084 -0.229668 -0.090773 -0.348870 -0.155515 -0.194919 -0.109021 -0.343842 -0.276668 -0.225612 -0.053904 0.112705 0.162008 0.102883 -0.105381 0.193203 0.400739 0.168826 0.228125 0.300201 0.340484 0.357814 0.292137 -0.029360 0.206580 0.777453 1.000000 0.045444 0.183304 0.054528 0.172938 0.214672 0.425316 0.189627 0.269204 0.292443 0.247334 0.054431 0.045070 -0.187234 -0.213556 0.018197 0.003563 -0.248142 -0.322714 -0.084522 -0.179366 -0.120422 0.144589 0.009263 0.022761 -0.132981 0.062785 -0.486384 -0.354067 -0.404068 -0.223648 -0.106876 -0.177367 0.044068 -0.008019 -0.164578 -0.065021 -0.004312 -0.282415 0.157429 0.501243 0.123681 0.245401 0.298397 0.179823 0.167292 0.310692 0.323498 0.312779 0.096984 0.158507 -0.027062 0.084723 -0.157467 -0.067177 0.149531 0.043440 0.061329 0.096545 -0.086448 -0.178457 -0.175368 -0.135781 -0.050510 0.096041 0.107080 -0.050086 -0.123618 0.162255 -0.056451 -0.185982 -0.144881 -0.317688 -0.106904 0.064876 -0.174384 -0.185697 -0.035514 -0.088105 0.171071 -0.140327 0.109967 0.057250 0.143682 0.027174
0.209691 0.184709 -0.023415 -0.300170 -0.097736 -0.448091 0.115863 -0.135773 0.012285 -0.216279 -0.100172 -0.074369 0.063446 -0.090746 -0.083549 -0.024502 0.337657 0.496934 0.230519 0.099787 -0.126056 -0.028817 -0.388638 -0.433076 -0.357116 -0.382059 -0.335686 -0.386862 0.399830 0.306343 -0.004807 0.045444 1.000000 0.658150 -0.061606 -0.395398 0.210310 0.153441 0.134391 0.123725 0.219790 0.194018 0.118068 0.018406 -0.033000 -0.215875 0.067985 0.021494 -0.035873 0.129054 -0.503457 -0.283642 -0.274167 -0.367363 0.250398 0.245857 0.185885 0.164380 0.031339 -0.091118 0.377460 -0.063507 0.432006 0.320200 -0.081295 -0.400671 0.136984 -0.268864 0.026769 -0.218646 -0.206401 0.113179 0.576993 0.346137 0.306502 0.192472 0.370023 0.193930 0.151028 0.214678 0.126033 0.223679 0.015790 0.111203 -0.330538 -0.280359 -0.171702 -0.024686 -0.113599 -0.141623 -0.556973 -0.314232 -0.501555 -0.385200 0.068751 0.162796 0.284229 -0.027354 0.066507 0.078424 -0.249391 -0.087744 -0.070018 -0.020030 0.128406 0.183155 0.095050 -0.147064 -0.051004 0.036652 -0.157166 0.041899 0.124704 -0.064992 0.016623 0.035562
0.272440 0.182836 0.075966 -0.367532 -0.147284 -0.455444 0.215625 -0.118497 0.090061 -0.207369 -0.038486 -0.149898 0.165432 -0.073678 0.083285 -0.054774 0.296988 0.480433 0.235040 0.119045 0.038764 -0.065172 -0.278497 -0.451688 -0.220399 -0.387470 -0.338009 -0.445481 0.370627 0.379165 0.096737 0.183304 0.658150 1.000000 0.015188 -0.077216 0.019637 0.115468 -0.076484 -0.020684 0.111126 0.221853 0.078045 0.010111 0.138139 -0.123351 0.031832 0.022373 -0.063691 0.118708 -0.407395 -0.257228 -0.196786 -0.209899 0.056045 -0.015616 0.240787 0.240117 0.018166 -0.163092 0.379106 -0.091159 0.534661 0.351014 -0.069347 -0.479020 0.110267 -0.231248 0.106455 -0.000541 -0.047413 0.150029 0.478245 0.287389 0.219439 0.146955 0.203698 0.136338 0.151256 0.256026 0.226271 0.375075 0.195979 0.091348 -0.398494 -0.399253 -0.230781 -0.230175 -0.346987 -0.365653 -0.514793 -0.233937 -0.487224 -0.251637 -0.036295 0.030640 0.117863 -0.061919 -0.015455 -0.009294 -0.258447 0.027885 0.061334 0.076385 0.005005 0.274285 -0.150131 -0.002082 -0.150162 -0.023778 -0.090220 -0.046839 0.033495 -0.017270 -0.091482 -0.081241
-0.197336 -0.389388 0.030585 0.146032 -0.249904 0.046899 -0.153081 -0.208509 -0.451722 -0.156747 -0.259103 -0.233495 -0.347920 -0.538137 -0.282390 -0.387453 0.007927 -0.155158 0.073009 -0.193737 -0.015296 0.292099 0.110945 0.098568 0.352377 0.442526 0.123163 0.352067 -0.446695 -0.282854 0.186286 0.054528 -0.061606 0.015188 1.000000 0.596026 0.079673 0.272553 0.292568 0.080589 -0.012016 -0.038015 -0.060056 0.022387 0.117542 0.354027 -0.146980 -0.128750 -0.098714 -0.243468 0.019052 -0.059641 -0.253969 -0.171551 0.336762 -0.036976 0.097435 0.261744 -0.027539 -0.135162 -0.300904 -0.318061 -0.280196 -0.270370 0.101195 0.064476 0.388485 0.624076 -0.143118 -0.015956 0.191224 0.269138 -0.283870 -0.103870 -0.160312 0.001782 0.236387 0.240995 -0.144308 0.098444 -0.237496 -0.226068 -0.128557 -0.464886 -0.094505 -0.002076 0.048455 -0.009262 0.316271 0.081237 0.084855 -0.065501 0.110279 0.003643 0.094766 0.322237 0.104001 0.116757 -0.061382 0.033938 0.045362 0.105440 0.047731 0.018483 0.248514 0.325574 0.297681 0.138879 0.298674 -0.185528 0.173009 0.012406 0.350626 -0.226328 0.066958 0.134768
-0.366706 -0.403709 0.224277 0.260243 0.067493 0.179851 -0.000189 -0.042718 -0.138942 0.113052 -0.192945 -0.229929 -0.214316 -0.279806 -0.006172 -0.091938 -0.197753 -0.271782 -0.131552 -0.254130 0.072163 0.260893 0.383795 0.359122 0.549817 0.515637 0.288279 0.418774 -0.461226 -0.330179 0.178336 0.172938 -0.395398 -0.077216 0.596026 1.000000 -0.004791 0.129482 0.100585 -0.028566 -0.077681 -0.175535 -0.124873 -0.001689 0.178467 0.388607 -0.143965 -0.080321 0.054658 -0.177514 0.206641 0.008976 -0.019437 -0.029188 0.043826 -0.148536 -0.132357 0.018594 -0.051625 -0.088142 -0.361567 -0.132232 -0.408511 -0.398060 0.120132 0.217438 0.120760 0.527244 -0.125107 0.150506 0.358700 0.192313 -0.395155 -0.293052 -0.274213 -0.280295 -0.164372 -0.004971 -0.245630 -0.094477 -0.219533 -0.181488 0.079223 -0.368920 -0.119299 -0.046564 -0.061053 -0.274012 0.152846 0.044954 0.356757 0.149053 0.234794 0.214105 0.213574 -0.029194 -0.050370 0.241497 -0.128902 -0.001215 0.128985 0.136125 0.092835 -0.007868 0.021808 0.097268 0.012162 0.004135 0.085978 -0.096341 0.245036 -0.287478 0.015496 -0.316463 0.036043 -0.016517
