1.000000 0.747857 -0.307876 0.030361 -0.012332 -0.069370 -0.324823 -0.344941 -0.296979 -0.287330 0.050221 -0.155078 -0.064214 -0.310058 -0.350030 -0.235357 0.311219 0.283360 0.176680 0.424369 0.010325 0.075155 -0.133235 -0.097237 -0.154679 -0.037139 0.104140 0.064200 -0.412262 -0.188003 -0.228918 -0.341061 0.039035 -0.120806 -0.010579 -0.535450 -0.415072 -0.025222 -0.232938 -0.033983 -0.304849 -0.265045 -0.281881 -0.250933 0.018462 -0.076278 0.214574 -0.010227 0.299552 0.345499 0.149036 0.237590 0.229094 0.180669 -0.130527 0.072234 0.830862 0.768807 0.272768 -0.243779 0.100429 0.131875 -0.094669 0.150522 -0.142421 -0.198023 -0.258329 -0.408466 0.565334 0.291653 -0.222954 -0.225633 -0.397455 -0.138031 -0.083137 -0.038636 -0.295810 -0.163250 0.089950 0.059917 -0.070016 -0.225336 -0.223248 -0.253396 -0.184477 -0.279325 0.033148 -0.028133 -0.160531 -0.280792 -0.080624 -0.100505 -0.018912 -0.272783 -0.094481 -0.166448 0.038393 -0.155290 0.175466 0.299196 -0.003721 -0.085489 0.089636 -0.005956 0.114899 0.236709 0.076456 -0.221386 -0.203733 -0.456184 -0.192212 0.234234 0.033976 0.125848 0.249411 0.132144
0.747857 1.000000 -0.438165 0.176808 0.127145 0.062667 -0.517944 -0.442606 -0.443636 -0.316503 -0.180312 -0.292586 -0.309596 -0.465550 -0.387706 -0.241093 0.437848 0.432057 0.213142 0.614601 0.082432 0.054048 -0.340988 -0.221205 -0.242083 -0.169693 0.056684 0.098669 -0.387721 -0.043797 -0.220300 -0.286014 0.130486 -0.136792 -0.277143 -0.616385 -0.458793 -0.044538 -0.168852 -0.094828 -0.413948 -0.427704 -0.420176 -0.323581 0.045602 -0.072331 0.078399 -0.088440 0.021067 0.244878 -0.036997 0.135480 0.226224 0.137148 -0.190295 0.034135 0.801309 0.874966 0.132841 -0.041617 0.101398 0.261932 0.070259 0.372777 -0.231307 -0.304295 -0.064972 -0.390821 0.554393 0.339190 -0.131318 0.007229 -0.303930 -0.231921 -0.165265 0.020656 -0.334164 -0.235908 0.319450 0.174430 0.101400 -0.074961 -0.215249 -0.178351 -0.174525 -0.441029 0.118812 0.008962 0.078654 0.085058 -0.116053 -0.061387 -0.178074 -0.258724 0.007012 -0.097028 -0.014029 -0.125295 0.180221 0.285333 0.106232 -0.015168 0.254523 0.195263 0.213475 0.300624 0.144046 -0.139204 -0.138199 -0.431400 -0.280448 0.261892 0.063412 0.088762 0.169164 0.209419
-0.307876 -0.438165 1.000000 -0.056245 0.194083 -0.045044 0.672549 0.326471 0.514937 0.241025 0.178159 0.130194 0.210775 0.255205 0.272555 0.245198 -0.387871 -0.261629 -0.002472 -0.115160 0.024420 -0.024317 0.357570 0.225393 -0.031520 -0.128190 -0.097190 -0.195229 0.149353 -0.071219 0.349920 0.019459 -0.159848 0.069155 0.218320 0.183796 0.122033 -0.111918 -0.057454 0.083222 0.103496 0.390996 -0.005676 -0.220889 -0.203503 -0.229364 -0.426934 -0.198238 -0.059443 -0.340175 0.077822 -0.231246 -0.097361 -0.088627 -0.005944 -0.254348 -0.548351 -0.393796 0.018669 0.023830 0.138086 -0.172786 -0.198620 -0.263392 0.160417 0.129526 0.118263 0.152466 -0.340437 -0.205900 0.015556 -0.194045 0.167478 0.034227 -0.022887 0.016173 0.136426 0.126554 -0.340716 -0.185332 -0.324472 -0.169285 0.217900 0.128916 -0.138821 0.079866 -0.292923 -0.005364 0.074824 -0.124536 0.332125 0.456775 0.287664 0.510543 0.086726 0.263183 -0.071908 0.068500 -0.159786 -0.154518 0.123447 0.214708 -0.029703 0.047167 0.093209 0.014123 0.004675 -0.142592 0.274566 0.189050 0.099104 -0.059180 0.134128 -0.044921 -0.125697 -0.148162
0.030361 0.176808 -0.056245 1.000000 0.078792 0.169284 -0.101398 0.175729 -0.069604 -0.054698 -0.231790 0.010051 -0.269087 0.034832 0.049422 0.111149 0.019616 0.059386 0.013138 0.197763 0.179235 0.141207 0.017304 0.066409 -0.078298 0.100788 0.179921 0.172669 -0.048582 -0.221967 -0.008720 0.214692 0.046450 0.189258 -0.334513 -0.122615 -0.054883 0.001078 -0.164502 -0.131243 0.079335 -0.158222 -0.321423 -0.151000 -0.070791 0.001198 -0.191058 -0.138931 -0.230293 -0.108262 -0.209406 -0.046695 0.086493 0.059238 -0.238409 -0.043229 0.002199 0.111073 -0.115679 0.121859 0.031362 -0.000194 -0.066655 0.085165 0.082195 0.010671 -0.128122 -0.052420 0.091998 0.156965 -0.189387 0.057743 -0.267225 -0.223335 -0.290669 -0.167393 -0.193194 -0.111086 0.268501 -0.059902 0.239503 0.242859 0.201953 0.253564 -0.110975 0.164021 0.107803 0.119087 0.101920 0.191807 0.177823 0.005579 0.181728 0.057032 -0.024469 0.078495 -0.289656 0.170573 0.184018 0.112818 0.079099 -0.158493 0.178119 0.050693 0.110077 -0.124847 0.059477 -0.102463 0.031092 -0.077405 -0.214041 0.042277 -0.064905 -0.187091 -0.171395 -0.163110
-0.012332 0.127145 0.194083 0.078792 1.000000 0.312206 0.198638 -0.054202 0.313676 0.287866 -0.224227 -0.085309 0.035339 -0.054403 0.335671 0.206394 -0.344669 -0.201692 0.030300 0.134530 0.162720 0.164662 -0.023260 -0.122817 -0.110406 -0.188598 0.127543 0.169037 -0.131621 -0.142567 0.074556 -0.089803 -0.059884 -0.114400 -0.292070 -0.071994 -0.036811 -0.360708 0.038216 -0.014244 -0.127624 -0.104090 -0.304384 -0.248374 0.117055 0.036515 -0.192286 -0.090203 -0.126340 0.031732 -0.177430 -0.051685 -0.008143 0.017624 -0.162166 0.005287 0.000983 0.081399 0.128775 0.223060 0.115534 0.054532 -0.207395 -0.042498 -0.143962 -0.312521 0.233052 0.072449 -0.023887 0.283928 0.114062 0.011364 -0.278287 -0.235045 -0.348274 -0.229037 -0.285235 -0.142940 -0.171214 -0.212566 -0.110533 -0.192880 0.254936 0.100118 -0.027605 -0.039368 -0.151547 0.061415 0.240774 0.201611 -0.131317 0.150503 -0.077562 0.133219 0.150401 0.142505 -0.081955 0.139019 -0.253660 -0.035249 0.018712 -0.005288 0.158251 0.145457 0.236213 0.264637 0.078039 -0.225617 0.152600 -0.084742 -0.017175 -0.084739 -0.007194 0.093639 0.174828 -0.052450
-0.069370 0.062667 -0.045044 0.169284 0.312206 1.000000 0.032833 0.058965 -0.092829 0.484308 -0.032276 0.051422 0.070123 0.080801 -0.013306 0.246878 -0.020798 -0.010335 0.175666 0.181771 0.137503 0.188342 -0.123106 -0.188573 -0.247162 -0.014354 -0.068269 0.009129 0.091676 -0.089670 -0.118504 0.033504 0.154698 0.057773 -0.048402 0.001564 -0.001543 -0.134378 -0.099446 -0.033359 -0.124563 -0.048996 -0.142914 -0.118116 0.091071 -0.130027 -0.083621 -0.148103 -0.006309 -0.049890 -0.056205 -0.140009 0.021004 0.011644 -0.125133 -0.116155 -0.091121 -0.056589 0.224453 -0.020086 0.204261 -0.077370 0.045818 -0.123806 -0.021970 -0.313176 0.084811 -0.135422 -0.018720 -0.030809 0.268202 0.242733 0.168621 0.110526 0.063768 0.080518 0.144895 0.079623 0.066497 -0.266764 0.034867 -0.094679 0.066017 0.244740 -0.072836 -0.016629 -0.300859 -0.199167 0.135021 0.068748 -0.066962 0.004313 0.015574 0.074306 0.176015 -0.055787 -0.033695 0.060253 -0.038728 0.152627 0.150172 0.010107 0.034407 -0.031854 -0.014955 0.070433 0.151227 0.005580 0.010884 -0.156104 -0.049153 0.131025 0.002073 0.176028 0.035250 -0.103880
-0.324823 -0.517944 0.672549 -0.101398 0.198638 0.032833 1.000000 0.300204 0.607630 0.458551 0.290402 0.211126 0.469123 0.311711 0.563331 0.422455 -0.484502 -0.396507 -0.318852 -0.233578 0.007820 0.045505 0.469779 0.282710 0.125958 0.111135 0.030201 -0.245032 0.150084 -0.103688 0.419897 0.144208 -0.070198 0.269068 0.131357 0.277624 0.258233 0.005720 -0.097865 -0.025162 0.170924 0.260362 0.130660 -0.070739 0.007590 -0.162088 -0.224132 -0.223464 0.056667 -0.217177 0.176923 -0.167730 -0.062089 -0.015496 0.068963 -0.248079 -0.545887 -0.461033 0.012083 -0.157661 0.160975 -0.226749 -0.202516 -0.229415 0.422923 0.117481 -0.073905 0.090687 -0.461630 -0.280648 0.015872 -0.189103 0.134463 0.187168 0.090500 0.180243 0.271297 0.142988 -0.307471 -0.263628 -0.369630 -0.225078 0.153206 0.151769 -0.095923 0.135444 -0.308945 -0.243413 -0.060397 -0.047831 0.033978 0.049312 0.109054 0.246715 0.259353 0.119211 -0.104659 -0.129231 -0.211529 -0.190763 -0.019112 0.003924 -0.173412 -0.249791 -0.105586 0.034050 0.028742 -0.041130 -0.066521 0.057385 -0.095412 0.018424 0.146530 -0.111441 0.049776 -0.074392
-0.344941 -0.442606 0.326471 0.175729 -0.054202 0.058965 0.300204 1.000000 0.238408 0.398481 0.271988 0.575691 0.321244 0.654931 0.139190 0.374604 -0.228303 -0.255789 -0.392720 -0.364586 0.170587 0.148776 -0.011362 -0.002583 -0.148161 0.149263 -0.269400 -0.026605 0.256425 -0.035733 0.068877 0.151092 -0.026276 0.335347 -0.080009 0.319605 0.391203 0.321870 -0.118543 -0.005108 0.221352 0.171989 0.000795 -0.117497 -0.101146 -0.195262 -0.323976 -0.300429 -0.077944 -0.311871 0.056495 -0.119390 0.102799 0.100880 -0.036984 -0.412165 -0.441965 -0.483002 -0.078458 0.103373 0.296293 0.217779 0.105819 0.045780 0.027505 0.480535 0.041935 0.117048 -0.528896 -0.435028 0.104636 0.142694 0.270645 0.196406 0.098573 0.212896 0.311103 0.291898 -0.336787 -0.346431 -0.214668 -0.138345 0.147132 0.153524 -0.300259 0.082775 -0.149983 -0.149000 -0.277767 0.059411 0.254572 -0.062189 0.484735 0.092961 -0.032901 0.121888 -0.188830 -0.137305 -0.096194 -0.309676 0.146575 -0.005252 0.073415 -0.012083 0.171684 -0.184543 0.018341 0.411953 -0.079092 0.081191 -0.125618 0.058007 -0.101504 -0.225664 -0.177584 -0.067458
-0.296979 -0.443636 0.514937 -0.069604 0.313676 -0.092829 0.607630 0.238408 1.000000 0.126365 0.057513 0.157649 0.238949 0.275090 0.629575 0.177703 -0.400107 -0.478547 -0.206547 -0.181948 -0.014567 0.043419 0.505287 0.287553 0.147838 0.014420 0.063932 0.053522 0.101081 -0.136324 0.156725 -0.054579 -0.186891 0.201062 0.319725 0.413818 0.239976 -0.120044 0.185611 0.098452 0.158529 0.367706 0.194501 0.080860 -0.115957 0.098582 -0.226832 0.165531 -0.233123 -0.256242 -0.090939 -0.370151 -0.254592 -0.180362 -0.194360 -0.147847 -0.446996 -0.456737 -0.037207 -0.220582 -0.021890 -0.251956 -0.406435 -0.393160 0.400822 0.190655 -0.157751 0.270821 -0.245069 -0.110912 0.081539 -0.172145 -0.111232 -0.047711 -0.075548 -0.146547 0.099539 0.233079 -0.119400 0.010227 -0.175081 -0.016483 0.308538 0.276248 -0.026479 0.231847 -0.195909 0.019533 -0.105433 -0.197760 0.146686 0.164706 0.157282 0.280334 0.119301 0.251792 0.032952 0.122205 -0.309078 -0.201252 -0.170692 0.021271 -0.256624 -0.148660 -0.159549 -0.042329 0.013130 -0.142720 0.184298 0.253592 0.329561 -0.195027 -0.080845 -0.213449 -0.071869 -0.104272
-0.287330 -0.316503 0.241025 -0.054698 0.287866 0.484308 0.458551 0.398481 0.126365 1.000000 0.214558 0.300556 0.475690 0.393045 0.304708 0.650173 -0.143851 -0.215704 -0.228637 -0.166995 0.128280 0.180048 0.036759 -0.118849 0.033148 0.247243 -0.110088 -0.158765 0.373242 0.087994 0.170173 0.194177 0.053675 0.291197 -0.044137 0.156927 0.257601 0.233632 -0.176755 -0.070253 0.251743 0.033171 -0.041875 -0.160844 0.037543 -0.301658 -0.235537 -0.361234 0.111577 -0.144142 0.069268 -0.051759 0.070708 0.211821 0.112403 -0.295158 -0.319786 -0.322437 0.072019 -0.047189 0.269843 -0.145291 0.246882 -0.066427 0.063473 -0.149151 0.052779 -0.159944 -0.443943 -0.343770 0.164121 0.171981 0.336737 0.303247 0.118244 0.270872 0.178405 0.124237 -0.238633 -0.459502 -0.064905 -0.189374 0.019734 0.251048 -0.103522 0.098500 -0.398828 -0.431542 -0.301943 0.011706 -0.003117 -0.034429 0.280797 0.013781 0.387167 0.003670 -0.138924 -0.089269 -0.143766 0.034842 0.231498 0.119316 -0.017520 -0.200103 0.016594 0.054088 0.108112 0.271417 -0.051998 -0.069333 -0.260759 0.054581 0.103713 -0.006248 0.168056 0.000183
0.050221 -0.180312 0.178159 -0.231790 -0.224227 -0.032276 0.290402 0.271988 0.057513 0.214558 1.000000 0.573546 0.677920 0.441061 0.004493 0.054274 0.091015 0.083282 -0.223735 -0.085500 -0.016591 -0.138910 0.040676 -0.068788 -0.185028 -0.093973 -0.187945 -0.437570 0.265582 -0.053178 -0.196460 -0.259548 -0.075586 0.199470 0.106550 -0.010207 0.192939 0.245273 -0.416696 -0.067940 0.142653 0.078019 0.166589 -0.032245 -0.053806 -0.279429 -0.009480 -0.341079 0.280633 -0.049058 0.268854 0.039806 0.097068 0.100212 0.134348 -0.255367 -0.138238 -0.216873 0.323611 -0.149761 0.533190 0.251720 0.318033 0.216962 0.180125 0.292156 0.029055 -0.230764 -0.211147 -0.300166 0.059248 -0.152350 0.434701 0.317715 0.464322 0.198167 0.356511 0.259180 -0.087379 -0.134073 -0.122837 -0.166500 -0.205142 -0.282880 -0.200613 -0.108798 -0.156640 -0.386562 -0.221416 -0.132184 -0.133658 -0.211340 0.069770 -0.079409 -0.079066 -0.087823 0.099843 -0.298382 -0.123188 -0.012082 0.040625 0.212505 -0.280390 -0.323452 -0.170533 -0.106813 0.044784 0.353117 -0.425317 -0.133911 -0.172616 0.136145 0.178901 -0.007579 0.024775 0.203727
-0.155078 -0.292586 0.130194 0.010051 -0.085309 0.051422 0.211126 0.575691 0.157649 0.300556 0.573546 1.000000 0.506115 0.817483 0.040006 0.358149 -0.068835 -0.248579 -0.405938 -0.414511 -0.024812 0.098075 -0.098493 -0.250717 -0.234003 -0.036126 -0.306951 -0.088479 0.278331 -0.091697 -0.191347 -0.152383 -0.138377 0.197589 -0.048512 0.259772 0.362595 0.431984 -0.183310 0.009859 0.281418 0.179547 0.016924 -0.054370 0.009434 -0.198683 -0.253669 -0.390871 0.082393 -0.122843 0.014966 0.047825 0.086339 0.028355 0.175472 -0.327956 -0.259155 -0.328164 0.398088 0.044946 0.677902 0.344874 0.318623 0.269228 0.005711 0.280455 0.154351 -0.092476 -0.559348 -0.308961 0.208784 0.030423 0.311213 0.404461 0.383269 0.222441 0.393889 0.338297 -0.243019 -0.310721 -0.206983 -0.179058 0.034105 0.046409 -0.249223 0.070963 -0.266571 -0.321129 -0.329951 0.080368 -0.041345 -0.225925 0.282902 -0.015304 -0.151883 0.004646 -0.145985 -0.274872 -0.170134 -0.335909 0.103160 0.020250 -0.057443 -0.160944 0.013135 -0.209451 -0.021204 0.232450 -0.253784 -0.082654 -0.225778 0.058252 0.035649 -0.097544 -0.005749 -0.065874
-0.064214 -0.309596 0.210775 -0.269087 0.035339 0.070123 0.469123 0.321244 0.238949 0.475690 0.677920 0.506115 1.000000 0.501730 0.352870 0.451231 -0.259980 -0.105699 -0.262742 -0.312288 0.033319 0.181912 0.145313 -0.070485 0.072392 0.175850 -0.055776 -0.157388 0.359058 0.067707 0.002745 -0.092124 -0.156378 0.232250 0.093974 0.160522 0.336335 0.268550 -0.119219 0.102723 0.270338 0.218786 0.009721 -0.194031 -0.147623 -0.424735 -0.110286 -0.272410 0.165638 -0.176287 0.198099 -0.066350 0.020278 0.152737 0.196922 -0.262628 -0.209512 -0.318249 0.222201 -0.166009 0.536408 0.078899 0.137254 0.086754 0.120891 0.121136 -0.094847 -0.309522 -0.313174 -0.307608 0.158013 -0.008661 0.384936 0.309443 0.389182 0.164349 0.297949 0.243878 -0.277309 -0.247554 -0.234130 -0.142717 -0.030983 -0.082507 -0.131421 0.115913 -0.318033 -0.428375 -0.261041 -0.047049 -0.151733 -0.165021 0.207178 0.061497 0.010607 0.063179 0.044178 -0.203263 -0.142594 -0.088266 0.046928 0.112412 -0.281559 -0.324205 -0.248021 -0.067856 -0.021814 0.208812 -0.182827 0.079946 -0.111568 0.024540 0.140516 -0.063020 0.086182 0.183465
-0.310058 -0.465550 0.255205 0.034832 -0.054403 0.080801 0.311711 0.654931 0.275090 0.393045 0.441061 0.817483 0.501730 1.000000 0.192479 0.506653 -0.137923 -0.211422 -0.436225 -0.490342 -0.060989 0.108769 -0.026425 -0.231878 -0.183905 0.015023 -0.322588 -0.117799 0.352182 -0.037498 -0.119687 -0.093911 -0.134093 0.176263 0.031554 0.409483 0.416830 0.371137 -0.070069 0.154704 0.411880 0.377711 0.124088 -0.034460 -0.100314 -0.242594 -0.296737 -0.303230 -0.017252 -0.223845 -0.030085 -0.114397 -0.005948 0.004372 0.028116 -0.305224 -0.426558 -0.503369 0.134818 -0.000560 0.515793 0.219860 0.177588 0.101862 -0.053058 0.294047 0.078710 0.013317 -0.551432 -0.279917 0.180461 0.070965 0.330387 0.466549 0.330351 0.193009 0.452563 0.422980 -0.270784 -0.284905 -0.149051 -0.133043 0.236559 0.211024 -0.190575 0.248104 -0.290787 -0.245743 -0.363740 -0.056386 0.117889 -0.129830 0.345462 0.065986 -0.073294 0.123957 -0.180450 -0.130247 -0.216091 -0.278485 0.090565 0.018634 -0.056085 -0.252697 -0.017601 -0.200326 -0.052110 0.218147 -0.098991 0.143955 -0.120820 -0.104890 -0.038293 -0.186167 -0.085025 0.001766
-0.350030 -0.387706 0.272555 0.049422 0.335671 -0.013306 0.563331 0.139190 0.629575 0.304708 0.004493 0.040006 0.352870 0.192479 1.000000 0.487558 -0.410505 -0.371845 -0.262855 -0.116167 0.125171 0.233592 0.386278 0.261761 0.341310 0.266249 0.235399 0.202306 0.209756 -0.003307 0.232893 0.247219 -0.155157 0.191589 0.107726 0.168147 0.311814 -0.081610 0.249264 0.102827 0.169908 0.200565 -0.041448 -0.173727 -0.172790 -0.109750 -0.214799 -0.031949 -0.247301 -0.283896 -0.097891 -0.320543 -0.117310 -0.081752 -0.044318 0.030036 -0.377364 -0.340727 -0.191432 -0.141237 -0.001391 -0.244573 -0.310360 -0.185630 0.291949 -0.028581 -0.285185 0.060657 -0.257656 -0.074535 0.011059 0.024355 -0.002331 -0.013804 -0.207872 -0.038052 -0.059971 0.014722 -0.074834 -0.221511 -0.053765 0.034166 0.270094 0.282995 0.133992 0.329605 -0.278009 0.036230 0.025363 0.066063 -0.009969 0.027404 0.084529 0.298681 0.280108 0.278778 -0.031915 0.200213 -0.187560 -0.146520 -0.065412 -0.101531 -0.125715 -0.127377 -0.128046 0.023147 0.075529 0.041649 0.112627 0.224053 0.021099 -0.114070 -0.062786 -0.222889 0.081742 0.088068
-0.235357 -0.241093 0.245198 0.111149 0.206394 0.246878 0.422455 0.374604 0.177703 0.650173 0.054274 0.358149 0.451231 0.506653 0.487558 1.000000 -0.282822 -0.282958 -0.310509 -0.204041 0.187712 0.345911 0.020863 -0.064976 0.121350 0.290686 0.000108 0.103942 0.224735 0.091097 0.250206 0.178322 -0.069961 0.173599 -0.136208 0.056322 0.269721 0.286428 0.081139 0.241334 0.246545 0.264678 -0.208261 -0.303347 -0.108270 -0.417944 -0.340840 -0.276912 -0.008511 -0.149132 -0.136764 -0.198857 -0.031665 0.038934 -0.003575 -0.140126 -0.263508 -0.284975 -0.042460 -0.091225 0.341712 -0.159053 0.098382 0.036388 -0.174660 -0.241831 -0.103524 -0.258550 -0.473443 -0.237261 0.154519 0.209857 0.147765 0.279466 0.035532 0.261723 0.101366 0.162029 -0.286005 -0.424460 -0.142397 -0.095286 0.267370 0.438932 -0.140821 0.243961 -0.307308 -0.255546 -0.241515 0.076248 0.046046 -0.016064 0.308756 0.160260 0.316079 0.276516 -0.118172 0.091874 -0.076482 -0.126637 0.322251 0.025662 0.123086 -0.072816 0.096212 0.094222 0.001644 -0.044826 0.040071 0.150475 -0.311891 -0.027580 -0.014080 -0.056989 0.080427 0.012275
0.311219 0.437848 -0.387871 0.019616 -0.344669 -0.020798 -0.484502 -0.228303 -0.400107 -0.143851 0.091015 -0.068835 -0.259980 -0.137923 -0.410505 -0.282822 1.000000 0.585116 0.107077 0.371980 -0.184361 -0.257904 -0.266630 -0.109026 -0.138789 -0.085721 -0.106506 -0.238339 0.008325 0.086415 -0.214260 -0.118319 0.194044 -0.024068 0.040505 -0.273570 -0.271999 0.004731 -0.211578 -0.171720 -0.035313 -0.236715 0.034223 0.112383 -0.042351 -0.016403 0.152869 -0.031828 0.072423 0.118336 0.064480 0.142775 0.110749 0.081190 -0.057452 0.027906 0.438579 0.422248 -0.015294 -0.139755 -0.005373 0.117352 0.403498 0.124430 -0.011054 -0.028634 -0.102247 -0.169194 0.257621 0.099284 -0.089625 0.022497 0.124458 0.153757 0.157413 0.062413 0.078839 0.075600 0.505653 0.289121 0.326782 0.118340 -0.244110 -0.111983 -0.067071 -0.215691 0.219583 -0.031488 -0.146683 -0.118943 0.007397 -0.097617 -0.053979 -0.314236 -0.052209 -0.116488 -0.060332 -0.188688 0.047513 0.374126 -0.112363 0.102050 -0.218398 -0.226721 -0.032642 -0.169747 0.152126 0.107780 -0.232835 -0.243221 -0.149007 0.182422 0.074981 -0.070340 -0.184468 0.052219
0.283360 0.432057 -0.261629 0.059386 -0.201692 -0.010335 -0.396507 -0.255789 -0.478547 -0.215704 0.083282 -0.248579 -0.105699 -0.211422 -0.371845 -0.282958 0.585116 1.000000 0.289525 0.388533 -0.100248 -0.206208 -0.249820 -0.195081 -0.161640 -0.132896 -0.096652 -0.239240 0.149339 0.305844 -0.082080 -0.000350 0.179990 -0.102114 -0.096469 -0.255381 -0.273277 -0.126827 -0.079168 -0.043184 -0.021307 -0.133242 -0.035965 -0.000847 -0.046775 -0.136875 0.245451 -0.068387 -0.045158 0.002054 0.057603 0.027872 0.163522 0.146820 -0.031594 0.040469 0.305111 0.346367 -0.172354 -0.088476 -0.045177 -0.010066 0.179034 0.152478 -0.162388 -0.103016 -0.073303 -0.232852 0.350660 0.059061 0.118539 0.091035 0.203082 0.012109 0.152164 -0.019006 0.018826 -0.001029 0.492105 0.358087 0.316111 0.235707 -0.139022 -0.115632 -0.031584 -0.097497 0.265254 0.153759 0.169173 -0.051532 -0.030575 -0.022676 -0.164156 -0.123158 -0.306323 0.010449 0.041742 -0.145171 0.181680 0.496772 -0.133042 -0.060658 -0.097325 -0.171876 -0.191391 -0.247710 0.010731 0.055773 -0.075948 -0.002104 0.035661 0.055027 -0.051333 -0.006758 -0.234193 0.026624
0.176680 0.213142 -0.002472 0.013138 0.030300 0.175666 -0.318852 -0.392720 -0.206547 -0.228637 -0.223735 -0.405938 -0.262742 -0.436225 -0.262855 -0.310509 0.107077 0.289525 1.000000 0.358145 0.049265 0.016634 -0.217128 -0.188037 -0.067887 -0.191208 -0.107761 0.041570 0.083155 0.115973 -0.100058 -0.083054 0.122948 -0.293727 -0.008787 -0.192790 -0.086336 -0.288530 0.194249 0.278819 -0.103492 0.085312 -0.163449 0.011274 -0.203482 -0.011646 0.077004 0.332367 -0.147483 -0.031738 -0.329920 -0.198734 -0.270246 -0.341470 -0.175763 0.354024 0.124322 0.100648 -0.031150 0.149056 -0.317545 -0.227677 0.083858 -0.099991 -0.228397 -0.385121 0.196524 -0.053500 0.506804 0.305871 -0.082811 -0.132999 -0.147532 -0.279786 -0.118572 -0.295329 -0.146468 -0.069067 0.202188 0.211780 0.413644 0.270580 0.156292 0.044804 0.226342 0.050408 0.140374 0.307276 0.437703 -0.178992 0.054370 0.335733 -0.124877 0.214745 -0.083486 0.220365 0.457003 0.375407 0.247579 0.341538 0.139146 0.204332 0.037964 0.188665 0.005725 0.014887 0.102603 -0.266530 0.418456 0.229885 0.377781 0.049295 0.089653 0.367964 -0.115220 -0.163019
0.424369 0.614601 -0.115160 0.197763 0.134530 0.181771 -0.233578 -0.364586 -0.181948 -0.166995 -0.085500 -0.414511 -0.312288 -0.490342 -0.116167 -0.204041 0.371980 0.388533 0.358145 1.000000 -0.129479 -0.142223 -0.184295 0.009587 -0.237973 -0.183108 -0.036776 -0.204998 -0.068182 0.097788 -0.106124 -0.160784 0.257505 0.024761 -0.055002 -0.497144 -0.288312 -0.227071 -0.225108 -0.229778 -0.258505 -0.381454 -0.264422 -0.198630 -0.096768 -0.118437 -0.101709 -0.064073 -0.103885 0.004770 -0.167971 -0.283532 -0.018045 -0.134960 -0.362231 -0.174690 0.428293 0.476310 -0.063949 -0.135151 0.013630 -0.053978 -0.025073 0.147832 0.015791 -0.250621 -0.120481 -0.102132 0.499000 0.285060 -0.280841 -0.108852 -0.212720 -0.331832 -0.296659 -0.030699 -0.181291 -0.154246 0.483570 0.165640 0.201987 0.104812 -0.115997 -0.042908 -0.128381 -0.327617 -0.031622 0.015750 0.140743 -0.192325 0.097080 0.204158 0.012322 0.096104 0.303897 0.007959 0.037772 0.128413 -0.071882 0.424108 0.114205 0.176323 0.034745 0.196223 0.230042 0.369413 0.256144 -0.174242 -0.070301 -0.288121 -0.067576 0.412768 0.130377 0.082758 -0.001604 0.069913
0.010325 0.082432 0.024420 0.179235 0.162720 0.137503 0.007820 0.170587 -0.014567 0.128280 -0.016591 -0.024812 0.033319 -0.060989 0.125171 0.187712 -0.184361 -0.100248 0.049265 -0.129479 1.000000 0.470663 -0.005575 -0.047809 0.155836 0.145055 0.311547 0.441953 -0.015506 -0.224512 0.061726 0.185803 -0.081553 0.042310 -0.307953 -0.298241 0.078318 0.042242 0.242232 0.350333 -0.142007 0.053534 -0.247009 -0.259455 -0.114041 -0.090574 0.075864 0.031115 -0.071211 -0.161350 -0.058589 0.041618 0.073783 0.087966 0.204210 0.268336 -0.088030 -0.001742 -0.000389 0.083884 -0.093144 0.036974 -0.035530 0.137488 -0.187220 -0.246592 -0.093155 -0.336136 -0.092895 -0.109463 0.052166 0.077340 -0.069549 -0.231937 -0.165891 -0.144667 -0.448142 -0.308646 -0.218939 -0.215444 0.003481 0.010649 0.144150 0.069687 0.102709 0.068393 0.141394 0.304160 0.171893 0.289893 -0.073086 0.047100 0.063167 0.128531 -0.072429 0.217231 0.355281 0.162331 0.357287 0.034976 0.441073 0.085309 0.465036 0.288375 0.199879 0.037968 -0.057044 0.117660 0.180298 0.135767 -0.018553 -0.064050 -0.093339 0.091902 0.208265 -0.020269
0.075155 0.054048 -0.024317 0.141207 0.164662 0.188342 0.045505 0.148776 0.043419 0.180048 -0.138910 0.098075 0.181912 0.108769 0.233592 0.345911 -0.257904 -0.206208 0.016634 -0.142223 0.470663 1.000000 0.087642 -0.076885 0.266422 0.296326 0.146272 0.420533 0.095473 -0.090357 0.095992 0.170707 -0.125880 0.013744 -0.183437 0.030027 0.049624 0.106034 0.280166 0.280413 -0.148632 0.112247 -0.360814 -0.450729 -0.353921 -0.392625 -0.213530 -0.043302 -0.213453 -0.263044 -0.135884 -0.090987 0.091162 0.162201 0.012939 0.046126 -0.082534 0.068904 0.048785 0.023438 0.013931 -0.009225 -0.022940 0.063598 -0.096140 -0.290611 -0.152246 -0.273462 -0.082919 -0.013015 0.177985 0.355183 -0.033842 -0.045336 -0.069912 -0.001420 -0.187008 -0.074349 -0.281517 -0.125868 0.000429 0.163468 0.134415 0.173107 0.130215 0.122410 -0.155915 0.094365 0.056485 0.098033 -0.037736 -0.043240 0.139353 0.070143 0.029678 0.089947 0.061792 0.085298 0.161146 -0.066662 0.470106 -0.159253 0.234175 0.206443 0.138505 0.056445 0.008827 -0.222043 0.108339 0.237653 -0.083673 0.037838 -0.113389 0.128246 0.159989 -0.040590
-0.133235 -0.340988 0.357570 0.017304 -0.023260 -0.123106 0.469779 -0.011362 0.505287 0.036759 0.040676 -0.098493 0.145313 -0.026425 0.386278 0.020863 -0.266630 -0.249820 -0.217128 -0.184295 -0.005575 0.087642 1.000000 0.698624 0.466281 0.316991 0.516345 0.136772 -0.050271 -0.207017 0.449401 0.294750 -0.098057 0.360542 0.495310 0.275852 0.099874 -0.010810 0.032731 -0.043562 0.082703 0.229702 0.152178 -0.001583 -0.267713 -0.163589 -0.047477 -0.027839 -0.079073 -0.270814 0.283494 -0.015375 0.026835 0.119648 0.148674 -0.146612 -0.317811 -0.161355 -0.063047 -0.372476 -0.118607 -0.355860 -0.379356 -0.439155 0.646086 0.224428 -0.431638 -0.025625 -0.054276 -0.243404 0.003349 -0.069987 0.081198 0.056762 -0.021864 -0.023599 0.053855 0.088147 -0.041207 0.054069 -0.268117 0.041954 -0.085622 0.012277 -0.006264 0.093838 -0.054968 -0.070407 0.055238 -0.173260 -0.028768 0.002831 0.085083 0.064104 -0.084380 -0.077737 -0.232580 -0.150235 -0.214543 -0.131381 -0.194475 -0.110077 -0.298192 -0.240700 -0.241069 -0.131103 0.055753 -0.094420 -0.127782 0.080793 0.185197 -0.056156 0.015528 -0.096626 0.084134 -0.132814
-0.097237 -0.221205 0.225393 0.066409 -0.122817 -0.188573 0.282710 -0.002583 0.287553 -0.118849 -0.068788 -0.250717 -0.070485 -0.231878 0.261761 -0.064976 -0.109026 -0.195081 -0.188037 0.009587 -0.047809 -0.076885 0.698624 1.000000 0.539827 0.480078 0.509500 0.157446 -0.166323 -0.216539 0.567518 0.500031 0.008251 0.268590 0.418064 0.127299 0.034809 0.009386 0.003936 -0.323034 0.028262 0.072492 0.230592 0.129834 -0.140751 0.043594 -0.012182 0.005646 -0.081477 -0.194871 0.347592 -0.004671 0.111333 0.132364 0.048284 -0.216305 -0.149680 -0.042317 -0.250169 -0.380759 -0.331341 -0.314258 -0.480573 -0.472968 0.502459 0.213706 -0.486013 0.075022 0.059023 -0.255001 -0.105318 0.084454 -0.005050 0.075568 -0.035999 0.057461 -0.001633 -0.005649 0.095425 0.120728 -0.269987 -0.006064 -0.208867 -0.141620 -0.023621 0.029114 0.080566 -0.068508 -0.016958 -0.034039 0.110875 -0.088197 0.086435 0.024889 0.070254 -0.153785 -0.279819 -0.254622 -0.191364 -0.129298 -0.270220 -0.085191 -0.350299 -0.136766 -0.215877 -0.083876 -0.133757 -0.078572 -0.266218 -0.075884 0.125928 0.082030 -0.012657 -0.065222 -0.003554 -0.074235
-0.154679 -0.242083 -0.031520 -0.078298 -0.110406 -0.247162 0.125958 -0.148161 0.147838 0.033148 -0.185028 -0.234003 0.072392 -0.183905 0.341310 0.121350 -0.138789 -0.161640 -0.067887 -0.237973 0.155836 0.266422 0.466281 0.539827 1.000000 0.714705 0.403685 0.305734 0.148117 0.016436 0.563290 0.581854 -0.141051 0.102491 0.318331 0.139592 0.289660 0.064604 0.271001 -0.021535 0.234049 0.287728 0.273861 0.154397 -0.292583 -0.166534 0.152904 0.243624 -0.127345 -0.296810 0.235510 -0.034270 0.137759 0.149350 0.204172 0.099786 -0.109488 -0.082372 -0.311343 -0.348258 -0.466569 -0.429718 -0.192550 -0.355704 0.264291 -0.144978 -0.436015 -0.167907 0.011417 -0.269559 0.025042 0.311863 0.040643 0.129610 0.068001 0.064364 -0.064533 0.058280 0.001254 0.183293 -0.014930 0.208504 -0.000197 0.099644 0.244189 0.264711 0.133178 0.004868 -0.060367 -0.048806 -0.075299 -0.233765 -0.165591 -0.108830 0.048249 0.022763 -0.002197 -0.027861 -0.066103 -0.050849 -0.103732 -0.188141 -0.360493 -0.315379 -0.414477 -0.204258 -0.125877 -0.158774 -0.093778 0.214921 0.228005 -0.079538 -0.082712 -0.043234 0.073299 -0.016316
-0.037139 -0.169693 -0.128190 0.100788 -0.188598 -0.014354 0.111135 0.149263 0.014420 0.247243 -0.093973 -0.036126 0.175850 0.015023 0.266249 0.290686 -0.085721 -0.132896 -0.191208 -0.183108 0.145055 0.296326 0.316991 0.480078 0.714705 1.000000 0.455021 0.389048 0.134255 0.025377 0.505049 0.590698 0.184783 0.420360 0.245896 0.186344 0.339918 0.261985 0.093219 -0.132823 0.330670 0.181888 0.102847 0.024273 -0.229993 -0.209885 -0.066974 -0.049897 -0.152020 -0.386001 0.217681 -0.105099 0.149172 0.118283 0.118259 -0.131956 -0.077729 -0.046780 -0.212431 -0.350203 -0.257770 -0.386342 -0.171865 -0.383191 0.219077 0.053991 -0.401349 -0.108935 0.016724 -0.261563 -0.017847 0.313167 0.112355 0.286691 0.131557 0.210897 0.026097 0.067127 0.046814 0.044055 -0.073665 0.129487 -0.108067 0.074143 0.100689 0.264989 0.122295 -0.161215 -0.315798 -0.046974 -0.006245 -0.333965 0.198997 -0.173779 0.158253 -0.148407 -0.137929 -0.173021 -0.116028 -0.101372 -0.101938 -0.324810 -0.285902 -0.213713 -0.264874 -0.147086 -0.083234 0.076871 -0.234688 -0.029334 0.027720 -0.026459 -0.138010 -0.148145 0.171273 -0.045266
0.104140 0.056684 -0.097190 0.179921 0.127543 -0.068269 0.030201 -0.269400 0.063932 -0.110088 -0.187945 -0.306951 -0.055776 -0.322588 0.235399 0.000108 -0.106506 -0.096652 -0.107761 -0.036776 0.311547 0.146272 0.516345 0.509500 0.403685 0.455021 1.000000 0.601494 -0.358019 -0.277798 0.314547 0.253596 0.063671 0.091062 0.031770 -0.163921 -0.186001 -0.070273 0.157060 -0.065694 -0.081004 -0.028257 -0.149013 -0.110423 -0.040910 0.047169 0.116419 -0.047965 0.034176 -0.023499 0.234377 0.251321 0.042980 0.122918 0.285069 0.241550 0.100193 0.263299 0.054075 -0.148442 -0.226699 -0.257834 -0.353707 -0.324584 0.116886 -0.085225 -0.292627 -0.103756 0.177661 0.176847 -0.149198 -0.048528 -0.179598 -0.080862 -0.166811 -0.247752 -0.428366 -0.368835 0.076270 0.081921 -0.216802 -0.067213 -0.174343 -0.192224 0.056558 0.077985 0.272319 0.117324 0.157678 0.159281 -0.104178 0.016341 0.022181 0.073490 -0.135907 -0.215659 -0.101854 -0.031802 0.054543 0.033662 -0.173832 -0.097921 -0.025846 0.096638 -0.014795 0.007533 -0.176883 -0.078996 -0.160582 -0.164775 -0.054895 -0.280572 -0.024077 -0.045654 0.254339 -0.045909
0.064200 0.098669 -0.195229 0.172669 0.169037 0.009129 -0.245032 -0.026605 0.053522 -0.158765 -0.437570 -0.088479 -0.157388 -0.117799 0.202306 0.103942 -0.238339 -0.239240 0.041570 -0.204998 0.441953 0.420533 0.136772 0.157446 0.305734 0.389048 0.601494 1.000000 -0.244877 -0.174501 0.101266 0.161629 -0.123894 -0.079401 -0.060916 -0.052936 -0.059169 -0.019415 0.513481 0.234883 -0.067223 0.147268 -0.284349 -0.188484 -0.172898 -0.000524 0.012342 0.146597 -0.191235 -0.155511 -0.042427 0.069262 0.041239 0.014391 0.149418 0.291281 0.150593 0.171555 0.061474 0.051624 -0.223455 -0.112409 -0.299861 -0.193801 -0.227931 -0.198538 -0.112615 -0.088550 0.126778 0.225809 0.082063 0.126654 -0.251030 -0.146299 -0.261398 -0.276611 -0.411748 -0.197549 -0.028264 -0.057942 -0.139504 -0.068211 0.146954 0.113711 0.134545 0.113133 0.207069 0.314852 0.120679 0.125817 0.013700 0.077182 0.116885 0.114944 -0.235511 0.056513 0.078256 0.184793 0.187432 -0.191880 0.043362 -0.154004 0.247190 0.355032 0.096430 0.008289 -0.183764 -0.117016 0.203439 0.059495 0.135061 -0.288767 -0.274808 0.065358 0.177224 -0.091621
-0.412262 -0.387721 0.149353 -0.048582 -0.131621 0.091676 0.150084 0.256425 0.101081 0.373242 0.265582 0.278331 0.359058 0.352182 0.209756 0.224735 0.008325 0.149339 0.083155 -0.068182 -0.015506 0.095473 -0.050271 -0.166323 0.148117 0.134255 -0.358019 -0.244877 1.000000 0.340529 0.102802 0.294837 0.103763 0.172394 0.005307 0.266566 0.537987 0.056768 0.091619 0.163702 0.391480 0.116497 0.120674 0.042973 -0.353117 -0.330351 -0.113813 0.020557 -0.347907 -0.507977 -0.220183 -0.410245 -0.067728 0.003667 0.096730 -0.150922 -0.455400 -0.501805 -0.204920 -0.091980 0.123249 -0.212671 0.248812 0.053377 0.218467 -0.071169 -0.076594 -0.089876 -0.276142 -0.234984 0.119175 0.209559 0.571913 -0.032031 0.065042 0.013478 0.256680 0.228798 0.207989 0.081590 0.393150 0.422708 0.300673 0.421579 0.204457 0.398362 -0.174287 0.052115 -0.048618 -0.128000 0.026168 0.002125 0.096234 0.160863 0.119773 0.197281 0.190590 0.086957 -0.064934 -0.011018 0.029325 0.136932 -0.256761 -0.191539 -0.314765 -0.388352 0.032678 0.189625 0.203695 0.422574 0.222086 0.007674 -0.223597 -0.084095 -0.279422 -0.122348
-0.188003 -0.043797 -0.071219 -0.221967 -0.142567 -0.089670 -0.103688 -0.035733 -0.136324 0.087994 -0.053178 -0.091697 0.067707 -0.037498 -0.003307 0.091097 0.086415 0.305844 0.115973 0.097788 -0.224512 -0.090357 -0.207017 -0.216539 0.016436 0.025377 -0.277798 -0.174501 0.340529 1.000000 0.074311 0.044880 0.081716 0.033082 -0.105088 0.074874 0.211059 0.161032 0.249653 0.173483 0.098100 0.090923 0.103738 0.073193 -0.175857 -0.253022 -0.026205 -0.006752 -0.228409 -0.242685 -0.205940 -0.369548 -0.177254 -0.086882 -0.012668 -0.127331 -0.078888 -0.145927 -0.268754 0.001018 -0.095849 -0.108684 0.175377 0.045709 -0.154665 -0.054612 0.026833 -0.012904 0.003554 -0.157615 0.288197 0.315620 0.244189 0.112719 0.160636 0.172250 0.213614 0.251911 0.184737 0.120597 0.288467 0.360066 -0.034334 0.116955 0.074785 0.002937 -0.090027 -0.150837 -0.047524 -0.030960 -0.071705 -0.023666 0.059605 0.034260 0.044465 0.121066 0.101151 0.098515 -0.099553 0.020871 0.000356 0.196510 -0.074661 0.080346 -0.089232 0.026134 0.019614 0.104273 0.082151 0.297128 0.140302 -0.009956 0.021954 0.016764 -0.120348 0.249562
-0.228918 -0.220300 0.349920 -0.008720 0.074556 -0.118504 0.419897 0.068877 0.156725 0.170173 -0.196460 -0.191347 0.002745 -0.119687 0.232893 0.250206 -0.214260 -0.082080 -0.100058 -0.106124 0.061726 0.095992 0.449401 0.567518 0.563290 0.505049 0.314547 0.101266 0.102802 0.074311 1.000000 0.711177 -0.003715 0.146781 0.113987 0.074320 0.219694 0.014163 0.022494 -0.172340 0.124055 0.195664 0.213085 0.070253 -0.208187 -0.246837 -0.042264 -0.069629 -0.209663 -0.375935 0.184515 -0.104370 0.067763 0.098507 0.147160 -0.198474 -0.287303 -0.076660 -0.405299 -0.257804 -0.268069 -0.433312 -0.180232 -0.333973 0.262110 -0.108245 -0.251717 -0.080793 -0.113411 -0.272466 0.153037 0.354901 0.132807 0.205129 0.059630 0.280077 0.151278 0.082670 -0.055742 0.054005 -0.230343 0.041027 0.096254 0.168649 0.002434 0.122836 0.017998 -0.008420 0.038442 0.039565 -0.061056 -0.118939 -0.049647 0.023305 0.097894 -0.045606 -0.143952 -0.251483 -0.226070 -0.305090 -0.170486 -0.101030 -0.245175 -0.134653 -0.143918 -0.121761 -0.187445 -0.150124 -0.110770 0.128168 0.026857 -0.019564 -0.007734 -0.050506 0.000114 -0.195169
-0.341061 -0.286014 0.019459 0.214692 -0.089803 0.033504 0.144208 0.151092 -0.054579 0.194177 -0.259548 -0.152383 -0.092124 -0.093911 0.247219 0.178322 -0.118319 -0.000350 -0.083054 -0.160784 0.185803 0.170707 0.294750 0.500031 0.581854 0.590698 0.253596 0.161629 0.294837 0.044880 0.711177 1.000000 0.090364 0.188959 -0.032888 0.092111 0.249360 0.010222 0.077390 -0.259182 0.209764 -0.027967 0.190701 0.153601 -0.122411 -0.063933 0.097288 -0.020475 -0.210184 -0.347525 0.166140 -0.028374 0.227727 0.162844 0.243923 -0.078150 -0.336262 -0.175997 -0.510549 -0.228892 -0.380200 -0.457310 -0.122725 -0.270226 0.276158 -0.108885 -0.368467 -0.060927 -0.165018 -0.330989 0.090192 0.450479 0.219516 0.070913 -0.042817 0.142538 -0.009234 -0.096982 0.126858 0.018455 0.118311 0.275365 0.068150 0.259973 0.221298 0.408307 0.005620 0.108347 -0.024605 0.239295 -0.039527 -0.234596 -0.101847 -0.038079 0.071461 -0.108943 -0.183747 -0.179060 -0.001297 -0.144119 -0.121152 -0.175495 -0.227707 -0.173377 -0.248275 -0.330635 -0.240798 0.142639 -0.120357 0.149306 0.029851 -0.005283 -0.161855 -0.059005 -0.132198 -0.230516
0.039035 0.130486 -0.159848 0.046450 -0.059884 0.154698 -0.070198 -0.026276 -0.186891 0.053675 -0.075586 -0.138377 -0.156378 -0.134093 -0.155157 -0.069961 0.194044 0.179990 0.122948 0.257505 -0.081553 -0.125880 -0.098057 0.008251 -0.141051 0.184783 0.063671 -0.123894 0.103763 0.081716 -0.003715 0.090364 1.000000 0.440849 -0.008796 0.082581 0.120688 0.030573 -0.097495 -0.177551 0.143003 -0.360017 -0.059721 0.071323 0.127633 0.108238 -0.169775 -0.078405 -0.092230 -0.053890 -0.066207 -0.104165 -0.032800 -0.051330 -0.066306 -0.114519 -0.015026 0.110601 -0.037376 -0.063000 -0.073036 -0.058498 -0.020667 -0.122335 0.135027 0.001101 0.003285 0.116873 0.091601 0.034733 -0.286033 -0.140523 0.153143 -0.141252 -0.124677 0.186444 -0.029553 -0.115681 0.246744 0.170645 0.134659 0.195776 -0.193683 -0.049645 0.058564 -0.002758 0.164947 -0.018509 -0.025605 0.015204 -0.050495 -0.133648 0.042431 -0.115280 0.211010 -0.046643 -0.007718 -0.095639 -0.117267 0.073622 -0.221016 -0.144881 -0.085073 0.010723 0.142883 0.001160 0.140472 0.224343 -0.178897 -0.270816 -0.017516 0.105329 -0.026639 -0.022977 0.021862 -0.120344
-0.120806 -0.136792 0.069155 0.189258 -0.114400 0.057773 0.269068 0.335347 0.201062 0.291197 0.199470 0.197589 0.232250 0.176263 0.191589 0.173599 -0.024068 -0.102114 -0.293727 0.024761 0.042310 0.013744 0.360542 0.268590 0.102491 0.420360 0.091062 -0.079401 0.172394 0.033082 0.146781 0.188959 0.440849 1.000000 0.310838 0.365359 0.335405 0.348629 -0.255674 -0.231103 0.162734 -0.115424 0.100366 0.026885 -0.081919 -0.129021 -0.236979 -0.190285 -0.229305 -0.295676 0.017138 -0.284560 -0.082934 -0.049046 -0.096646 -0.552122 -0.200329 -0.110599 -0.090521 -0.270957 0.153181 -0.007858 -0.060422 -0.053053 0.464285 0.419435 -0.180739 0.074535 -0.085037 -0.356644 -0.050172 -0.109010 0.186528 0.093127 0.086850 0.433737 0.278497 0.253174 0.117964 0.007871 -0.133272 0.102300 -0.214720 -0.009442 -0.149393 -0.109215 -0.040909 -0.305060 -0.401961 -0.055712 -0.161652 -0.388062 0.274962 -0.260064 0.207739 -0.029089 -0.217055 -0.340527 -0.399560 -0.147786 0.007830 -0.231977 -0.219076 -0.216369 0.049709 0.014219 0.220025 0.279100 -0.326604 -0.204582 -0.021521 0.376806 0.083471 -0.114247 0.140663 -0.001428
-0.010579 -0.277143 0.218320 -0.334513 -0.292070 -0.048402 0.131357 -0.080009 0.319725 -0.044137 0.106550 -0.048512 0.093974 0.031554 0.107726 -0.136208 0.040505 -0.096469 -0.008787 -0.055002 -0.307953 -0.183437 0.495310 0.418064 0.318331 0.245896 0.031770 -0.060916 0.005307 -0.105088 0.113987 -0.032888 -0.008796 0.310838 1.000000 0.349862 0.100975 0.053858 -0.046111 -0.064786 0.118503 0.385885 0.467681 0.275737 -0.120197 -0.026073 0.030157 0.207274 0.024137 -0.125179 0.223299 -0.159072 -0.147349 -0.140761 -0.139306 -0.217931 -0.075319 -0.129817 0.026569 -0.412186 -0.122717 -0.275106 -0.305718 -0.519191 0.381937 0.275969 -0.228246 0.106569 0.156964 -0.254262 0.093573 -0.129068 0.109959 0.322809 0.207498 0.217784 0.319958 0.397960 -0.011178 0.119312 -0.268586 -0.138023 -0.128510 -0.027331 -0.101269 -0.064188 -0.109338 -0.136678 -0.215510 -0.538653 0.027906 -0.067460 0.092901 -0.054991 -0.035151 -0.019599 -0.039662 -0.134500 -0.373920 -0.021629 -0.262304 -0.205079 -0.486631 -0.376702 -0.313123 -0.102716 0.136400 -0.076141 -0.019385 0.001810 0.432561 0.076472 0.021394 -0.074320 -0.003915 -0.094046
-0.535450 -0.616385 0.183796 -0.122615 -0.071994 0.001564 0.277624 0.319605 0.413818 0.156927 -0.010207 0.259772 0.160522 0.409483 0.168147 0.056322 -0.273570 -0.255381 -0.192790 -0.497144 -0.298241 0.030027 0.275852 0.127299 0.139592 0.186344 -0.163921 -0.052936 0.266566 0.074874 0.074320 0.092111 0.082581 0.365359 0.349862 1.000000 0.399338 0.025205 0.140283 0.039339 0.342915 0.291974 0.268525 0.257174 -0.059753 0.156012 -0.246857 0.109936 -0.384961 -0.219703 -0.208971 -0.327837 -0.350655 -0.244807 -0.074468 -0.234303 -0.502568 -0.565504 -0.027028 0.097849 -0.065053 -0.061984 -0.061035 -0.295114 0.205618 0.432898 0.241879 0.584610 -0.304778 -0.140450 0.207450 0.006457 0.192467 0.204775 0.181457 0.140264 0.464252 0.426645 -0.068589 0.032699 0.013839 0.197738 0.231526 0.151114 0.168230 0.206370 -0.046961 -0.038914 -0.119373 -0.138090 0.016279 -0.212342 0.136947 0.000459 -0.070135 0.115597 -0.103112 -0.075886 -0.391095 -0.307025 -0.154042 -0.280028 -0.317861 -0.215892 -0.279021 -0.278846 0.117606 -0.019147 0.013680 0.268894 0.399649 -0.037660 -0.033492 0.005876 -0.153228 -0.126242
