1.000000 0.366062 -0.039639 -0.371403 -0.007845 -0.007048 -0.137574 -0.271657 0.146814 0.077285 0.346860 -0.088349 0.137082 0.154342 0.198608 0.160127 0.144255 0.051147 0.221596 0.239879 -0.185652 -0.019555 -0.122601 -0.312739 -0.165713 -0.166362 -0.154251 -0.044091 -0.101236 -0.224054 -0.269130 -0.337955 0.046948 -0.142831 -0.042852 0.033623 -0.093336 -0.012813 -0.015143 -0.046105 -0.166726 -0.040681 -0.170522 -0.242440 -0.133943 -0.278695 -0.162266 -0.188128 0.189513 -0.067895 0.098583 0.038399 0.279679 0.011148 0.120020 -0.234532 0.340437 0.288146 0.476650 0.195152 0.438502 0.383401 0.100759 -0.010982 -0.043193 0.233578 0.057547 -0.235852 0.161358 0.107429 -0.159917 -0.246417 0.020333 -0.196635 -0.123850 -0.157130 -0.103269 -0.119967 -0.115982 0.037691 -0.033400 -0.045614 0.236450 -0.213747 -0.011641 -0.226821 0.115575 -0.117359 0.055105 0.102250 0.050532 -0.005034 0.046294 0.002482 -0.189240 -0.092794 -0.178849 0.025738 0.164221 0.253131 -0.132542 0.334779 -0.032339 0.128504 0.038260 -0.158926 0.266020 -0.053189 -0.003445 -0.023417 -0.076230 0.241139 0.053729 0.350633 0.240221 -0.090510
0.366062 1.000000 -0.472200 -0.493194 -0.413201 -0.321302 -0.472398 -0.308670 -0.454585 -0.384137 -0.326435 -0.216567 -0.110311 -0.028254 -0.224539 -0.358133 0.428437 0.447886 0.189212 0.253974 -0.192047 -0.024405 -0.592138 -0.611710 -0.168634 -0.389221 -0.271273 -0.250956 0.123716 0.162017 -0.348233 -0.521563 0.351590 -0.002685 -0.436060 -0.305361 0.073471 0.016520 0.134731 0.047974 -0.155571 0.061080 -0.007883 0.000773 0.014366 0.058449 0.233921 0.056792 0.216531 0.267097 -0.105337 0.340368 0.266817 0.152655 0.435887 0.222057 0.732340 0.665272 0.128351 0.415776 0.104779 0.312984 0.428946 0.485339 -0.350135 -0.057203 0.072966 -0.305733 0.418609 0.508060 -0.218761 -0.220107 0.221964 -0.115897 -0.225024 -0.289014 -0.263996 -0.296265 0.054347 0.317286 0.292504 0.298608 -0.083245 -0.164062 -0.280559 -0.106506 0.191411 0.181876 -0.445173 0.129980 -0.103643 -0.479488 -0.329985 -0.390056 -0.005853 -0.119601 -0.135831 0.166633 0.307188 0.043648 -0.138788 0.067920 0.024316 -0.105657 -0.028743 0.003348 0.361423 0.129449 -0.234788 -0.207434 -0.161430 0.193308 0.091883 -0.024540 -0.060983 0.044700
-0.039639 -0.472200 1.000000 0.227293 0.444172 0.316890 0.457314 0.220950 0.390195 0.200545 0.263928 -0.015514 -0.051471 -0.039566 0.188209 0.045574 -0.213087 -0.513157 0.069754 -0.125234 0.095246 0.287488 0.494249 0.277191 0.535598 0.613258 0.214666 0.480728 -0.356203 -0.420427 0.540629 0.365451 -0.244267 0.017748 0.357463 0.242263 -0.190048 -0.031528 0.042008 -0.029314 0.080111 0.058997 -0.046202 -0.009788 -0.103215 -0.167223 -0.250321 -0.067127 -0.171158 -0.374010 0.217465 -0.314897 -0.124106 -0.027413 -0.354455 -0.152886 -0.315598 -0.242200 0.142339 -0.290090 0.258115 -0.099378 -0.311092 -0.433538 0.330412 0.105558 0.161569 0.211489 -0.111511 -0.155499 0.162472 -0.035479 -0.361872 -0.091909 0.099460 0.151215 0.094738 0.190315 -0.332827 -0.363397 -0.442487 -0.492807 0.009467 -0.107481 0.107012 -0.097093 -0.334074 -0.239653 0.444686 0.000058 -0.080335 0.402762 0.201796 0.376964 0.007794 -0.083572 -0.043039 -0.233362 -0.283408 -0.134623 0.086715 0.072863 0.029507 -0.106815 -0.103909 -0.293336 0.069505 -0.218787 0.276508 0.172995 0.037647 -0.174536 -0.136766 -0.023074 -0.074357 -0.278972
-0.371403 -0.493194 0.227293 1.000000 0.056456 0.285022 0.457487 0.617149 0.256715 0.282300 0.274341 0.451113 0.063741 0.008913 0.219244 0.415858 -0.163494 -0.280078 -0.298955 -0.016267 0.127115 -0.122511 0.570482 0.599548 0.227421 0.407499 0.255458 0.315500 0.094512 0.076532 0.427514 0.643181 -0.232334 0.173465 0.228756 0.226156 -0.114583 -0.192826 -0.104347 -0.182085 0.121030 -0.160877 -0.142497 -0.070262 -0.078374 -0.092694 -0.222250 -0.126489 -0.572335 -0.221415 -0.110078 -0.357371 -0.524274 0.002049 -0.352817 -0.118270 -0.536247 -0.502227 -0.507279 -0.528744 -0.229489 -0.275211 -0.295150 -0.280107 0.481532 0.054663 -0.499102 -0.087141 -0.587637 -0.531851 0.005409 0.256876 -0.173406 -0.049629 -0.150936 -0.040430 -0.206508 -0.156380 0.054782 -0.306435 -0.068090 -0.185868 0.314161 0.554679 0.397682 0.515773 -0.142226 0.339912 0.367713 0.274194 -0.038270 0.139997 0.277279 0.038231 0.000034 -0.034371 -0.181472 -0.133953 -0.228322 -0.339370 -0.040679 -0.321283 -0.230952 -0.193171 -0.227216 -0.105262 -0.222882 -0.063894 -0.008497 -0.033045 -0.095486 -0.359486 -0.313568 -0.203014 -0.088514 -0.140473
-0.007845 -0.413201 0.444172 0.056456 1.000000 0.545955 0.071013 0.003151 0.316872 0.170157 0.041084 -0.004984 -0.186877 0.054512 0.092150 0.196492 -0.267433 -0.361256 0.061399 -0.049544 0.236730 0.310424 0.208178 0.040714 0.498081 0.493410 0.496559 0.546966 -0.036691 -0.155497 0.426527 0.404905 -0.131911 0.269129 0.389239 0.477120 0.037558 0.086926 0.287237 0.245115 0.309537 0.069850 -0.065843 -0.208105 0.070380 -0.213814 -0.354766 -0.246131 -0.173372 -0.502302 -0.066121 -0.519268 -0.305734 -0.374300 -0.291520 -0.346581 -0.247896 -0.207894 0.095760 -0.189040 0.052335 -0.065364 -0.432143 -0.471176 -0.012768 0.241705 0.178616 0.236833 -0.021199 -0.243657 0.066150 -0.044790 -0.126573 0.068467 0.097995 0.194850 0.320743 0.276429 -0.163429 -0.131311 -0.278047 -0.294245 0.155561 -0.076316 -0.024484 -0.166336 -0.152794 -0.278588 0.195271 -0.338720 -0.201266 0.269377 0.166712 0.378526 0.118464 0.284524 0.343404 0.098326 -0.217133 0.189600 0.033294 0.224533 0.202967 0.018164 0.080140 -0.135130 0.080465 -0.213260 0.296148 0.321577 0.128055 -0.036988 -0.171018 0.242996 0.326513 -0.048254
-0.007048 -0.321302 0.316890 0.285022 0.545955 1.000000 -0.031807 0.175181 0.429903 0.448094 0.085530 0.247447 -0.211366 0.006979 0.039151 0.423388 -0.429113 -0.497247 -0.301435 -0.105563 0.269456 0.293401 0.245808 0.384693 0.531370 0.577642 0.407472 0.662692 -0.190085 -0.250397 0.307901 0.373773 -0.214881 0.073650 0.364373 0.367421 -0.262709 0.059989 0.160831 0.223085 0.086163 -0.199010 0.070864 0.027101 0.121417 -0.032343 -0.214349 -0.051975 -0.249106 -0.398158 0.009765 -0.361862 -0.384064 -0.251476 -0.308016 -0.212615 -0.294955 -0.302798 -0.114463 -0.284623 -0.030359 -0.059236 -0.607625 -0.570416 0.019866 0.344018 -0.083856 0.222793 -0.027857 -0.194960 0.014385 -0.010498 -0.235037 -0.117078 -0.173896 -0.027813 0.008934 0.006309 -0.198510 -0.207110 -0.473087 -0.472759 0.044073 -0.056602 0.071130 0.169329 -0.088199 -0.129664 0.187623 -0.049172 0.011132 0.176208 0.386044 0.182959 0.014837 0.196919 0.293681 0.015842 -0.164668 0.123358 0.037001 -0.152413 0.214619 0.072529 0.152823 0.075614 -0.038241 -0.249668 0.223620 0.127602 0.171018 -0.103706 -0.074943 0.275809 0.260251 -0.088941
-0.137574 -0.472398 0.457314 0.457487 0.071013 -0.031807 1.000000 0.507652 0.452935 0.346712 0.462288 0.285061 0.213198 0.154362 0.138981 0.172005 -0.105114 -0.318013 0.162220 0.057447 -0.192214 -0.245802 0.455462 0.422025 -0.085533 0.049959 -0.079769 -0.156810 -0.065038 -0.201970 0.259194 0.324681 -0.267551 0.032348 0.090447 -0.053322 -0.206351 -0.321829 -0.350897 -0.423045 0.025649 -0.217694 0.009596 0.039170 -0.100438 -0.019830 -0.135649 0.004909 -0.175378 -0.017059 0.054029 -0.084660 -0.123149 0.115757 -0.329612 0.005455 -0.505440 -0.485491 -0.158670 -0.431566 0.001885 -0.135904 -0.041986 -0.222359 0.641086 0.087524 -0.269308 -0.068293 -0.428148 -0.419558 0.012862 0.029490 -0.228088 -0.049222 0.012606 0.111691 -0.076775 -0.104462 -0.223732 -0.465752 -0.198843 -0.262110 0.147221 0.211183 0.286628 0.108466 -0.175517 -0.147423 0.407824 0.150080 0.163316 0.406221 0.207832 0.203031 0.009597 -0.223148 -0.198367 -0.141540 -0.127397 -0.226064 0.024812 -0.047198 -0.233640 -0.081692 -0.196583 -0.163843 -0.213590 -0.010653 0.006003 -0.106199 -0.061567 -0.180951 -0.088910 -0.070344 -0.092093 -0.005819
-0.271657 -0.308670 0.220950 0.617149 0.003151 0.175181 0.507652 1.000000 0.260762 0.336588 0.115553 0.237935 0.154139 0.434639 0.027312 0.338347 -0.311716 -0.295128 -0.148981 -0.224958 -0.152095 -0.013664 0.041013 0.250454 0.011822 0.081078 -0.208864 0.007147 -0.195296 -0.111029 0.251438 0.376585 -0.153889 0.258693 0.180773 0.338089 -0.228062 -0.173875 -0.234331 -0.200966 0.065041 -0.081303 0.247564 0.192749 0.208528 0.204078 -0.019005 0.110358 -0.101789 0.070917 0.085225 -0.015570 -0.240247 -0.042318 -0.281865 0.009678 -0.514539 -0.458484 -0.213924 -0.106953 0.031220 0.131426 -0.143407 -0.011784 0.260120 0.323222 -0.126016 0.121630 -0.515668 -0.372535 -0.042642 0.118550 -0.213933 0.006751 -0.019279 0.008392 -0.144114 -0.088025 -0.322813 -0.419130 -0.320915 -0.312181 -0.082860 0.103764 -0.098662 0.080571 -0.303898 -0.111753 -0.000651 0.159067 -0.037129 -0.088548 0.217330 -0.165832 -0.036283 -0.058983 -0.166847 -0.134201 -0.311115 -0.376444 -0.035456 -0.282983 0.040025 -0.297208 -0.262161 -0.247288 -0.039838 -0.142718 0.049862 -0.126019 -0.022138 -0.356968 -0.213685 -0.113294 -0.063368 -0.139258
0.146814 -0.454585 0.390195 0.256715 0.316872 0.429903 0.452935 0.260762 1.000000 0.823508 0.510456 0.358434 0.111941 0.225809 0.294859 0.581821 -0.188938 -0.545391 -0.151555 -0.046597 -0.277208 -0.025762 0.278423 0.477561 -0.028526 0.147273 -0.131431 0.066693 -0.352780 -0.437664 0.041414 0.090973 -0.347697 -0.260055 0.245793 0.127983 -0.363854 -0.250348 -0.197617 -0.176599 -0.044647 -0.316465 -0.028462 -0.212337 -0.322043 -0.400949 -0.305160 -0.254554 -0.100905 -0.409451 -0.046803 -0.223314 -0.077013 -0.069541 -0.427293 -0.341623 -0.315922 -0.294433 0.244681 -0.170088 0.341239 0.281693 -0.371077 -0.355736 0.361059 0.493717 -0.029144 0.114696 -0.114720 -0.171269 -0.083142 -0.129862 -0.375669 -0.242661 -0.113237 0.085612 0.010869 -0.052464 -0.370613 -0.414155 -0.406763 -0.545556 0.101336 -0.006767 0.165753 0.128297 -0.298822 -0.244355 0.364377 0.170497 0.162849 0.476184 0.583629 0.346045 -0.090024 0.034681 -0.077460 -0.166654 -0.187836 0.170722 0.179788 0.114724 0.003559 0.351477 0.186213 -0.068529 -0.102976 -0.232111 0.169713 0.040476 -0.169052 -0.010059 0.134564 0.260823 0.189601 -0.046803
0.077285 -0.384137 0.200545 0.282300 0.170157 0.448094 0.346712 0.336588 0.823508 1.000000 0.373357 0.416446 -0.053181 0.145837 0.144022 0.588713 -0.262164 -0.578387 -0.220043 -0.197591 -0.314050 -0.008761 0.226777 0.488358 -0.082422 0.124263 -0.151909 0.068656 -0.436571 -0.501311 0.025841 0.049839 -0.463657 -0.365369 0.146084 0.093462 -0.412647 -0.211796 -0.250433 -0.140903 -0.219227 -0.377551 0.026421 -0.176494 -0.205692 -0.291953 -0.210210 -0.201755 -0.115470 -0.277852 0.091716 -0.075812 -0.072647 0.093441 -0.334417 -0.193015 -0.246813 -0.258656 0.140669 -0.177873 0.163664 0.213598 -0.472403 -0.422263 0.404823 0.537649 -0.111291 0.111654 -0.080187 -0.155049 -0.171871 -0.177836 -0.506274 -0.329904 -0.289673 -0.072557 -0.148622 -0.196562 -0.363983 -0.485384 -0.453548 -0.571950 -0.052927 -0.069699 0.263358 0.287429 -0.277255 -0.168817 0.345868 0.239209 0.255906 0.417286 0.678804 0.346506 -0.023320 0.020748 -0.057760 -0.103166 -0.073822 0.136220 0.148778 0.014407 0.074563 0.366098 0.196850 0.032240 -0.090876 -0.171960 0.180192 0.020655 -0.131458 0.072876 0.131863 0.204686 0.184475 0.030836
0.346860 -0.326435 0.263928 0.274341 0.041084 0.085530 0.462288 0.115553 0.510456 0.373357 1.000000 0.536827 0.589939 0.382410 0.640318 0.526245 0.104073 -0.282494 -0.007408 0.213320 -0.156809 -0.314102 0.382944 0.361192 -0.166454 -0.076270 -0.110366 -0.115461 0.132946 -0.143714 0.031782 0.146596 -0.110289 -0.108376 0.061385 -0.079769 -0.100371 -0.085248 -0.223024 -0.236042 -0.087388 -0.126904 -0.207783 -0.182480 -0.393541 -0.419202 -0.369106 -0.304109 -0.269563 -0.341792 -0.041098 -0.291594 -0.141924 -0.065378 -0.329546 -0.341936 -0.376455 -0.388784 0.041433 -0.367332 0.300023 0.100043 -0.025663 -0.162179 0.470322 0.206905 -0.324973 -0.217064 -0.425718 -0.343399 -0.093848 0.018584 -0.032661 -0.138969 -0.017979 0.158940 0.011226 0.038305 -0.039385 -0.296405 -0.118154 -0.171502 0.497803 0.328872 0.260964 0.120507 -0.096971 -0.152226 0.306287 0.094463 0.119543 0.427048 0.375241 0.278884 -0.106209 -0.097992 -0.128972 -0.247416 -0.223107 0.020263 0.021874 0.243949 -0.175157 0.120480 -0.006667 -0.106564 -0.085132 -0.040043 0.028657 -0.045394 -0.058329 -0.075815 0.062825 0.155457 0.204506 0.102141
-0.088349 -0.216567 -0.015514 0.451113 -0.004984 0.247447 0.285061 0.237935 0.358434 0.416446 0.536827 1.000000 0.368093 0.320457 0.400743 0.550481 -0.100452 -0.360503 -0.228363 0.056671 -0.026970 -0.350552 0.242927 0.372707 -0.148067 0.005771 0.035559 -0.049771 0.267574 0.071072 0.055289 0.261078 -0.239019 -0.181080 0.046500 -0.008321 0.105784 0.007480 -0.153062 -0.152856 -0.134927 -0.059499 -0.227651 -0.262496 -0.270879 -0.265792 -0.402563 -0.303753 -0.316078 -0.315517 -0.104323 -0.300026 -0.339217 -0.065979 -0.255891 -0.285515 -0.530726 -0.621969 -0.316002 -0.481162 -0.036165 0.031214 -0.112784 -0.156081 0.477561 0.323794 -0.462848 -0.039633 -0.545875 -0.529723 -0.019239 0.095927 0.021029 -0.016742 -0.089937 0.182771 0.021436 0.122287 -0.114683 -0.405827 -0.136227 -0.235552 0.295322 0.492352 0.176398 0.570570 -0.068372 0.116195 0.056541 0.134192 0.104458 0.310587 0.480229 0.251080 -0.138617 0.101095 -0.047601 -0.249814 -0.189480 0.044304 0.157180 0.053799 -0.030431 0.178691 0.239704 0.081955 -0.192435 -0.026618 -0.031204 -0.054527 0.071096 0.055016 0.123200 0.135023 0.307166 0.289027
0.137082 -0.110311 -0.051471 0.063741 -0.186877 -0.211366 0.213198 0.154139 0.111941 -0.053181 0.589939 0.368093 1.000000 0.653997 0.579933 0.326513 0.155286 0.113264 0.029673 0.153280 0.018083 -0.229910 -0.094600 0.020219 -0.414638 -0.418781 -0.316658 -0.398676 0.285560 0.239181 -0.229450 -0.044777 0.028302 -0.005374 -0.197721 -0.223755 0.246580 0.090138 -0.093711 -0.104684 0.113861 0.306679 0.021160 0.058478 -0.317296 -0.189742 -0.023328 -0.065004 0.127208 0.055280 -0.177014 0.022349 0.200223 0.006404 0.034833 -0.041170 -0.354031 -0.388781 0.043898 -0.001470 0.307116 0.196453 0.487973 0.461940 -0.039703 -0.116363 -0.271817 -0.371149 -0.574901 -0.291093 0.053571 0.086845 0.338308 0.203056 0.218971 0.290115 0.127807 0.189191 0.091649 -0.034267 0.117995 0.198929 0.292874 0.392218 -0.295101 -0.224903 -0.124170 -0.283018 -0.320771 0.010310 0.180883 0.119386 0.015240 -0.079024 -0.175553 0.042273 -0.150021 -0.131461 -0.016494 -0.022198 0.026572 0.207716 -0.080325 -0.042027 0.021325 -0.085762 -0.052973 0.103266 -0.020818 -0.003737 -0.056185 -0.214717 0.132745 0.093545 0.117768 0.053835
0.154342 -0.028254 -0.039566 0.008913 0.054512 0.006979 0.154362 0.434639 0.225809 0.145837 0.382410 0.320457 0.653997 1.000000 0.284581 0.406218 -0.045739 -0.084648 -0.083981 0.029415 -0.180247 -0.138804 -0.393801 -0.196664 -0.351826 -0.429457 -0.432549 -0.320639 0.047892 0.001020 -0.187676 -0.110094 -0.003953 0.043838 -0.113373 0.173666 0.019807 -0.000536 -0.188158 -0.023797 0.027272 0.139849 0.137191 0.011417 0.004821 -0.028963 -0.096095 -0.059033 0.251694 0.085531 -0.051084 0.055686 0.135305 -0.127242 -0.132416 -0.161283 -0.362933 -0.357573 0.157583 0.178246 0.439574 0.538812 0.205400 0.286233 -0.177213 0.407126 -0.115302 -0.138105 -0.446298 -0.231519 0.018044 -0.000138 0.148537 0.192751 0.223306 0.229993 0.099965 0.165589 -0.185775 -0.246873 -0.194808 -0.150370 -0.066740 -0.028829 -0.505687 -0.371413 -0.327811 -0.496931 -0.433707 0.002900 0.195476 0.096867 0.248065 -0.106771 -0.052155 0.113982 -0.081801 -0.049525 -0.156946 0.078538 0.103060 0.187490 0.076902 0.090748 0.172477 0.001289 0.078195 0.128273 0.077095 0.026957 0.046025 -0.088580 0.202339 0.280567 0.226238 0.104886
0.198608 -0.224539 0.188209 0.219244 0.092150 0.039151 0.138981 0.027312 0.294859 0.144022 0.640318 0.400743 0.579933 0.284581 1.000000 0.611361 -0.057077 -0.263646 -0.156619 -0.100319 -0.037061 -0.035885 0.294297 0.121310 0.020164 0.022800 0.157583 0.044040 0.057629 -0.006313 -0.050492 0.038191 0.048877 -0.116111 0.040130 -0.051647 0.291121 0.202901 0.177194 0.143579 -0.012424 0.259499 -0.299730 -0.322035 -0.561785 -0.526896 -0.381671 -0.438137 -0.259846 -0.424619 -0.094847 -0.322440 -0.000536 -0.081555 0.097927 -0.267812 -0.278122 -0.258387 0.098196 -0.182457 0.399042 0.112975 0.117449 0.076381 0.247150 0.046374 -0.182927 -0.290602 -0.391912 -0.288925 -0.208575 -0.077939 0.040295 -0.069600 0.014802 0.192978 0.052273 0.151708 -0.143606 -0.241371 -0.145170 -0.084526 0.533442 0.441914 -0.113828 0.043250 -0.078212 -0.024367 0.068500 0.164781 0.064131 0.291457 0.293565 0.323483 -0.069182 0.154996 0.012786 -0.129458 -0.120787 0.091343 0.139511 0.293274 -0.026186 0.073122 0.088803 -0.107614 0.011184 0.021481 0.159880 0.253939 -0.151326 -0.031481 0.085278 0.233580 0.306548 0.277638
0.160127 -0.358133 0.045574 0.415858 0.196492 0.423388 0.172005 0.338347 0.581821 0.588713 0.526245 0.550481 0.326513 0.406218 0.611361 1.000000 -0.225357 -0.428667 -0.348460 -0.128310 -0.072581 -0.009870 0.267683 0.358297 -0.031208 0.087724 0.091260 0.164638 -0.045468 -0.120131 -0.000123 0.230215 -0.216935 -0.060117 0.174689 0.249610 0.005408 0.061777 -0.027529 0.120609 0.020193 -0.049625 -0.173884 -0.278926 -0.291497 -0.399600 -0.350386 -0.432697 -0.279862 -0.399847 -0.093056 -0.302293 -0.202585 -0.147314 -0.184490 -0.376297 -0.460769 -0.449460 -0.052076 -0.260454 0.192322 0.183302 -0.331232 -0.239820 0.240228 0.427119 -0.325764 -0.082942 -0.465314 -0.487176 -0.208305 -0.040949 -0.092281 -0.096500 -0.099630 0.021593 0.001817 -0.029749 -0.168524 -0.347286 -0.281547 -0.317230 0.357712 0.308388 0.052681 0.261866 -0.204339 -0.146565 0.128393 0.207035 0.148145 0.311239 0.586343 0.214860 -0.023247 0.227686 0.069572 -0.070347 -0.241180 0.201338 0.084337 0.050021 -0.042604 0.152438 0.108454 -0.025805 -0.134899 -0.147571 0.193606 0.250605 -0.176264 -0.112836 0.081778 0.337017 0.463680 0.192565
0.144255 0.428437 -0.213087 -0.163494 -0.267433 -0.429113 -0.105114 -0.311716 -0.188938 -0.262164 0.104073 -0.100452 0.155286 -0.045739 -0.057077 -0.225357 1.000000 0.587435 0.141474 0.447212 0.016465 -0.275128 -0.157683 -0.191507 -0.208810 -0.377914 -0.177352 -0.275270 0.378443 0.262803 -0.242886 -0.307148 0.171491 0.013592 -0.423700 -0.454524 0.175621 -0.098024 -0.020893 -0.176486 -0.012916 0.040564 -0.253782 -0.122296 -0.284773 -0.287477 0.030759 -0.153054 -0.131665 -0.055778 -0.243688 -0.041637 -0.073776 0.002896 -0.090362 -0.050276 0.420837 0.413632 -0.070101 0.028347 -0.022929 -0.070224 0.317722 0.315114 -0.097154 -0.328646 -0.097177 -0.290655 0.209658 0.334856 -0.010507 -0.078273 0.379451 -0.030546 0.014623 -0.173220 -0.084477 -0.213703 0.478242 0.478815 0.767104 0.577215 0.270599 0.218820 0.205234 0.106606 0.203219 0.292420 -0.059885 0.051718 -0.248499 -0.152606 -0.330074 -0.095832 -0.081010 -0.160486 -0.160209 0.050036 0.055193 -0.015956 -0.144594 0.095512 -0.336834 -0.045739 -0.138634 0.031635 0.070599 0.029286 -0.387068 -0.173890 -0.217992 -0.032738 -0.136475 -0.249929 -0.068093 -0.034499
0.051147 0.447886 -0.513157 -0.280078 -0.361256 -0.497247 -0.318013 -0.295128 -0.545391 -0.578387 -0.282494 -0.360503 0.113264 -0.084648 -0.263646 -0.428667 0.587435 1.000000 0.242518 0.355112 0.151551 0.008927 -0.349249 -0.350376 -0.266892 -0.453553 -0.125620 -0.351170 0.510609 0.643197 -0.392119 -0.284010 0.380351 0.202374 -0.386581 -0.343020 0.327194 0.137992 0.154560 0.078924 0.266624 0.260739 -0.009770 0.087913 0.071729 0.081658 0.357643 0.127305 0.057547 0.285531 -0.281210 0.144015 0.085553 0.018696 0.302022 0.244312 0.402958 0.401012 -0.210556 0.187419 -0.247466 -0.112646 0.545039 0.526504 -0.372994 -0.527580 -0.124179 -0.308293 0.186604 0.284259 0.018197 -0.026881 0.594864 0.252245 0.199085 -0.137571 -0.009493 -0.065356 0.532901 0.774719 0.731712 0.823089 0.187143 0.178139 -0.142565 -0.172219 0.386130 0.215827 -0.412629 -0.019307 -0.213629 -0.511311 -0.612655 -0.432878 0.020798 -0.031810 -0.064184 0.294647 0.205003 -0.130036 -0.070762 -0.023552 -0.206501 -0.320391 -0.240715 -0.080722 0.110681 0.039960 -0.251103 -0.147773 -0.104578 -0.204426 -0.190225 -0.276877 -0.229531 -0.203757
0.221596 0.189212 0.069754 -0.298955 0.061399 -0.301435 0.162220 -0.148981 -0.151555 -0.220043 -0.007408 -0.228363 0.029673 -0.083981 -0.156619 -0.348460 0.141474 0.242518 1.000000 0.245717 -0.031886 0.044867 -0.049622 -0.282811 -0.052097 -0.031677 -0.108185 -0.228449 0.250583 0.103365 0.163136 0.024919 0.127329 0.124804 -0.144549 -0.275801 0.008486 -0.037534 0.047144 0.056808 0.010379 0.063212 0.087472 0.056099 -0.035911 -0.015794 0.165963 0.074503 0.145683 0.124029 -0.161713 0.056581 0.194502 0.166459 0.269994 0.240284 0.094195 0.134013 0.043400 -0.008955 -0.067833 -0.070088 0.187504 0.104074 0.065353 -0.269429 0.104918 -0.197280 0.015675 -0.016090 0.026128 -0.081077 0.227859 0.113574 0.092693 -0.037420 0.087364 0.069539 0.030119 0.144035 0.043041 0.126730 0.072139 -0.104154 0.007767 -0.284124 0.017095 -0.190384 -0.082451 -0.174139 -0.093985 -0.006715 -0.292350 -0.112570 0.050331 0.071597 0.001577 0.121681 0.122282 0.093490 -0.058377 0.206834 0.038110 -0.242291 -0.218924 -0.211975 0.197251 -0.077707 0.034161 0.024244 -0.145318 -0.013624 0.019173 -0.047625 0.029885 -0.165748
0.239879 0.253974 -0.125234 -0.016267 -0.049544 -0.105563 0.057447 -0.224958 -0.046597 -0.197591 0.213320 0.056671 0.153280 0.029415 -0.100319 -0.128310 0.447212 0.355112 0.245717 1.000000 0.154236 -0.262475 0.070487 0.056014 -0.108321 -0.169579 0.037193 -0.105194 0.578850 0.409591 -0.075023 0.044780 0.204208 0.282130 -0.176551 -0.149588 0.002745 -0.277790 -0.194335 -0.236079 0.054212 -0.038296 -0.135211 -0.046532 -0.010460 -0.073099 0.041137 -0.013537 -0.217895 -0.009590 -0.298687 -0.216379 -0.092294 0.057028 -0.128072 -0.040597 0.139520 0.057564 -0.211865 -0.312693 -0.146608 -0.146146 0.240831 0.062765 -0.134371 -0.317342 -0.424249 -0.438850 -0.024252 -0.007259 0.067899 0.028198 0.387881 0.129524 0.117540 0.033707 -0.088017 -0.113702 0.314430 0.267722 0.445248 0.304726 0.381840 0.281914 0.183845 -0.086116 0.163791 0.093960 -0.057126 -0.117590 0.062870 0.125658 -0.247806 -0.148371 -0.079410 -0.257594 -0.294268 -0.022205 0.135354 0.089511 -0.237421 0.015824 -0.465921 0.014750 -0.000377 0.057569 -0.117253 0.004931 -0.303261 -0.260118 0.085891 -0.013826 -0.117898 -0.103932 -0.023767 -0.152904
-0.185652 -0.192047 0.095246 0.127115 0.236730 0.269456 -0.192214 -0.152095 -0.277208 -0.314050 -0.156809 -0.026970 0.018083 -0.180247 -0.037061 -0.072581 0.016465 0.151551 -0.031886 0.154236 1.000000 0.176795 0.114487 0.020598 0.367152 0.300193 0.480729 0.458337 0.399573 0.403603 0.296391 0.391286 -0.019348 0.304193 0.105762 0.055132 0.328873 0.336947 0.225008 0.267238 0.142226 0.326672 -0.313304 -0.100572 0.012976 -0.038235 -0.159429 -0.090400 -0.291232 -0.274701 -0.152678 -0.371894 -0.296241 -0.291765 -0.096167 -0.130127 -0.184828 -0.235114 -0.335947 -0.267989 -0.220417 -0.429596 -0.045412 -0.131267 -0.195065 -0.312865 -0.180887 0.020323 -0.139920 -0.248530 0.326209 0.392795 0.399195 0.396884 0.321765 0.311465 0.273989 0.387488 0.464459 0.292805 0.248507 0.315432 0.133736 0.211365 0.054638 0.079938 0.269254 0.189786 -0.026848 -0.187259 -0.154249 -0.009136 -0.233105 -0.034560 0.024157 0.330657 0.231095 -0.041322 -0.088266 0.057859 -0.083036 -0.121259 -0.035817 -0.102110 0.110713 0.265456 -0.367325 0.039003 0.014875 0.306029 0.166189 -0.175593 -0.245702 -0.025512 0.159369 -0.027830
-0.019555 -0.024405 0.287488 -0.122511 0.310424 0.293401 -0.245802 -0.013664 -0.025762 -0.008761 -0.314102 -0.350552 -0.229910 -0.138804 -0.035885 -0.009870 -0.275128 0.008927 0.044867 -0.262475 0.176795 1.000000 0.029831 0.005799 0.448547 0.370241 0.242148 0.398145 -0.224277 -0.046945 0.114211 0.050892 -0.081310 0.020947 0.101116 0.131085 0.040114 0.275028 0.550257 0.542338 0.279222 0.274845 0.021149 -0.019792 -0.026084 -0.131806 0.149417 -0.135972 -0.099930 -0.183984 -0.100953 -0.073002 0.116110 0.039070 0.156699 0.128838 0.074548 0.146265 0.065177 0.128497 0.035602 0.003677 -0.232907 -0.202718 -0.209321 -0.001838 0.176476 0.008403 0.223366 0.202409 -0.043583 -0.152944 -0.238037 -0.074663 -0.057877 -0.104291 -0.064941 0.065368 -0.076493 0.208280 -0.232191 -0.031033 0.001655 -0.118378 -0.272311 -0.164399 -0.157166 -0.179484 -0.069753 0.098211 -0.076540 -0.112683 0.063645 0.042655 0.522048 0.173682 0.184722 0.487388 0.002582 -0.068006 -0.033204 -0.079161 0.266323 -0.160368 -0.077641 -0.141832 0.356477 -0.099127 0.620446 0.480959 -0.260255 -0.350347 -0.116318 0.088956 0.110024 -0.352381
-0.122601 -0.592138 0.494249 0.570482 0.208178 0.245808 0.455462 0.041013 0.278423 0.226777 0.382944 0.242927 -0.094600 -0.393801 0.294297 0.267683 -0.157683 -0.349249 -0.049622 0.070487 0.114487 0.029831 1.000000 0.648503 0.423493 0.570114 0.567903 0.414129 0.044721 -0.138578 0.469449 0.542284 -0.269544 0.002816 0.368719 0.107550 -0.117480 -0.144175 0.075880 -0.129225 0.075456 -0.153307 -0.310432 -0.158853 -0.110294 -0.153972 -0.324564 -0.274324 -0.500019 -0.272262 0.059321 -0.366241 -0.323514 0.056459 -0.252103 -0.078451 -0.406360 -0.357395 -0.302587 -0.616080 -0.257933 -0.519518 -0.402545 -0.555190 0.600644 -0.155417 -0.302170 -0.032126 -0.305095 -0.418498 0.051544 0.057396 -0.293482 -0.184127 -0.133552 -0.082297 -0.136405 -0.090879 0.061914 -0.214162 -0.151573 -0.210409 0.451729 0.413391 0.610772 0.392866 -0.032156 0.213960 0.689455 0.213688 -0.024557 0.393583 0.167146 0.282456 0.095983 -0.195852 -0.135868 -0.108346 -0.176430 -0.198158 -0.101509 -0.209967 -0.307634 -0.075666 -0.178641 -0.118684 -0.183397 -0.115955 0.156668 0.088714 -0.081829 -0.256137 -0.246697 -0.180905 -0.088321 -0.182383
-0.312739 -0.611710 0.277191 0.599548 0.040714 0.384693 0.422025 0.250454 0.477561 0.488358 0.361192 0.372707 0.020219 -0.196664 0.121310 0.358297 -0.191507 -0.350376 -0.282811 0.056014 0.020598 0.005799 0.648503 1.000000 0.165181 0.404319 0.137356 0.257437 -0.054961 -0.132790 0.229324 0.444163 -0.384955 -0.153273 0.144478 -0.055179 -0.287281 -0.197552 -0.240594 -0.220918 0.088642 -0.345684 0.024086 0.123148 -0.192621 -0.128085 0.003468 -0.038034 -0.376860 -0.250078 -0.031837 -0.207520 -0.274229 0.080327 -0.383717 -0.062960 -0.482049 -0.490791 -0.381895 -0.550075 -0.304011 -0.379539 -0.370208 -0.460855 0.352952 -0.056182 -0.396587 0.092744 -0.244919 -0.298647 0.072180 0.162542 -0.317993 -0.187801 -0.156143 -0.000861 -0.114779 -0.118723 0.071460 -0.198634 -0.117700 -0.250936 0.231112 0.352065 0.520155 0.484625 -0.244785 0.014878 0.453941 0.068345 0.200327 0.397577 0.419723 0.222015 0.118237 -0.202995 -0.036424 -0.056073 -0.119208 -0.144860 0.018808 -0.265714 -0.184834 0.073930 -0.062592 0.030133 -0.201691 -0.064483 0.103333 -0.035940 -0.048400 -0.261950 -0.194341 -0.041975 -0.011296 -0.135235
-0.165713 -0.168634 0.535598 0.227421 0.498081 0.531370 -0.085533 0.011822 -0.028526 -0.082422 -0.166454 -0.148067 -0.414638 -0.351826 0.020164 -0.031208 -0.208810 -0.266892 -0.052097 -0.108321 0.367152 0.448547 0.423493 0.165181 1.000000 0.833484 0.674055 0.830044 -0.111177 -0.128561 0.642307 0.517582 -0.058631 0.246049 0.381243 0.326651 -0.123402 0.131168 0.430798 0.359364 0.187824 -0.012168 -0.193613 -0.080375 0.083143 -0.078026 -0.226154 -0.171845 -0.396252 -0.418436 -0.014314 -0.463661 -0.368753 -0.211180 -0.085888 -0.083383 -0.055815 0.037039 -0.149148 -0.247997 -0.035350 -0.247350 -0.435519 -0.439323 0.038887 -0.016824 0.072307 0.165424 0.082418 -0.069501 -0.059321 0.050199 -0.260265 -0.116233 -0.094171 -0.080232 -0.060266 0.035823 0.023144 -0.006275 -0.272790 -0.205133 0.089189 0.020481 0.127003 0.127650 -0.116744 0.100819 0.276832 -0.033986 -0.304850 -0.004314 -0.024445 0.097488 0.258664 0.126673 0.146042 0.047745 -0.351023 -0.062390 0.029564 -0.198899 -0.030345 -0.255482 -0.157108 -0.071506 0.049596 -0.168228 0.270493 0.276682 -0.012228 -0.278579 -0.252358 -0.108525 0.020733 -0.237214
-0.166362 -0.389221 0.613258 0.407499 0.493410 0.577642 0.049959 0.081078 0.147273 0.124263 -0.076270 0.005771 -0.418781 -0.429457 0.022800 0.087724 -0.377914 -0.453553 -0.031677 -0.169579 0.300193 0.370241 0.570114 0.404319 0.833484 1.000000 0.561371 0.852012 -0.201921 -0.214259 0.682528 0.654832 -0.179488 0.148302 0.458758 0.350926 -0.188652 0.048451 0.258679 0.222823 0.211567 -0.086094 -0.112328 -0.077843 0.007750 -0.127211 -0.230783 -0.138450 -0.385023 -0.467721 0.048017 -0.471855 -0.369998 -0.072246 -0.188330 -0.164575 -0.199422 -0.157658 -0.148398 -0.366933 -0.118873 -0.292994 -0.542240 -0.570643 0.209669 0.032532 0.030878 0.250282 -0.033770 -0.230001 0.079134 0.084976 -0.357762 -0.128445 -0.067196 -0.053635 0.040971 0.086784 -0.074308 -0.185684 -0.379209 -0.414306 0.069526 0.021766 0.279821 0.254397 -0.281298 0.074679 0.373847 -0.071763 -0.176183 0.205330 0.191043 0.229951 0.109956 0.096548 0.098817 -0.116899 -0.230223 -0.022033 0.069052 -0.118966 0.023529 -0.174148 -0.152925 -0.176719 0.021706 -0.278763 0.249373 0.210444 0.005998 -0.168609 -0.214071 -0.009337 0.056198 -0.300565
-0.154251 -0.271273 0.214666 0.255458 0.496559 0.407472 -0.079769 -0.208864 -0.131431 -0.151909 -0.110366 0.035559 -0.316658 -0.432549 0.157583 0.091260 -0.177352 -0.125620 -0.108185 0.037193 0.480729 0.242148 0.567903 0.137356 0.674055 0.561371 1.000000 0.646373 0.185316 0.116889 0.335812 0.400820 -0.058439 0.205922 0.368018 0.275221 0.180367 0.192561 0.499713 0.362122 0.191676 0.065930 -0.401126 -0.283854 0.085351 -0.080552 -0.329719 -0.277109 -0.486563 -0.319503 -0.075684 -0.478014 -0.406636 -0.213104 0.022999 -0.033878 -0.179710 -0.135649 -0.234292 -0.400377 -0.275456 -0.466995 -0.357607 -0.485256 0.150904 -0.152583 -0.108065 -0.006698 -0.046772 -0.250114 -0.106859 -0.026727 -0.039599 -0.043256 -0.134335 -0.049129 -0.045654 0.024732 0.144965 0.032149 -0.028877 0.005986 0.366086 0.305091 0.280857 0.243102 0.292935 0.375546 0.348522 0.060584 -0.216741 0.037485 -0.112157 0.146774 0.226339 0.195817 0.227841 0.201943 -0.103306 -0.030315 -0.086469 -0.191885 -0.114561 -0.071461 0.001260 0.101739 -0.102814 -0.056851 0.234414 0.316010 0.136652 -0.089789 -0.305033 -0.180072 0.115940 -0.007077
-0.044091 -0.250956 0.480728 0.315500 0.546966 0.662692 -0.156810 0.007147 0.066693 0.068656 -0.115461 -0.049771 -0.398676 -0.320639 0.044040 0.164638 -0.275270 -0.351170 -0.228449 -0.105194 0.458337 0.398145 0.414129 0.257437 0.830044 0.852012 0.646373 1.000000 -0.156405 -0.167718 0.592709 0.542903 -0.142539 0.206352 0.435355 0.465099 -0.091022 0.202211 0.349691 0.346611 0.239101 0.012302 -0.212485 -0.129062 0.080031 -0.139307 -0.261192 -0.202326 -0.378174 -0.490408 0.069754 -0.474469 -0.376400 -0.212241 -0.165748 -0.205034 -0.098988 -0.079120 -0.119239 -0.299580 -0.057719 -0.250078 -0.558658 -0.555657 -0.015330 0.092273 0.005059 0.205025 0.058319 -0.153517 0.028249 0.051180 -0.257563 -0.128066 -0.080089 -0.065476 0.050230 0.093653 0.000694 -0.071052 -0.278130 -0.316446 0.115771 -0.016220 0.185715 0.173367 -0.136092 0.076926 0.327287 -0.037483 -0.174796 0.107079 0.165391 0.143089 0.146819 0.115397 0.217747 0.017693 -0.162780 0.012544 -0.024748 -0.137856 0.031325 -0.150536 -0.052214 -0.060191 -0.002868 -0.173300 0.225975 0.297325 0.096793 -0.145080 -0.329962 0.034790 0.085460 -0.205251
-0.101236 0.123716 -0.356203 0.094512 -0.036691 -0.190085 -0.065038 -0.195296 -0.352780 -0.436571 0.132946 0.267574 0.285560 0.047892 0.057629 -0.045468 0.378443 0.510609 0.250583 0.578850 0.399573 -0.224277 0.044721 -0.054961 -0.111177 -0.201921 0.185316 -0.156405 1.000000 0.810501 0.050409 0.255728 0.300822 0.375580 -0.161263 -0.234098 0.456972 0.150321 0.116963 0.049525 0.232047 0.254197 -0.209929 -0.119044 -0.038581 -0.060306 -0.094150 -0.191595 -0.322085 -0.099721 -0.435214 -0.278967 -0.258221 -0.121262 0.062947 -0.072357 -0.107755 -0.181043 -0.508862 -0.342152 -0.357838 -0.334078 0.264815 0.194420 -0.061762 -0.400182 -0.476121 -0.388403 -0.294169 -0.311186 0.092476 0.217500 0.733813 0.368779 0.267284 0.164434 0.192462 0.196887 0.494189 0.414440 0.576776 0.580414 0.521227 0.562749 0.108790 0.157611 0.327698 0.218468 -0.206962 -0.179664 -0.228182 -0.147391 -0.398362 -0.218588 0.027888 0.094293 -0.027195 0.032227 -0.064198 -0.036111 -0.143198 0.023908 -0.199929 -0.231967 -0.148972 0.036092 -0.191598 -0.037600 -0.242311 -0.044602 0.006017 -0.200258 -0.182479 -0.138638 0.137929 0.056037
-0.224054 0.162017 -0.420427 0.076532 -0.155497 -0.250397 -0.201970 -0.111029 -0.437664 -0.501311 -0.143714 0.071072 0.239181 0.001020 -0.006313 -0.120131 0.262803 0.643197 0.103365 0.409591 0.403603 -0.046945 -0.138578 -0.132790 -0.128561 -0.214259 0.116889 -0.167718 0.810501 1.000000 -0.040051 0.175377 0.329997 0.374118 -0.237738 -0.172812 0.594688 0.313866 0.224075 0.119718 0.357467 0.432174 -0.138667 -0.094663 -0.069590 -0.059958 0.070140 -0.105052 -0.244833 -0.014991 -0.431714 -0.148661 -0.112589 -0.027452 0.183052 0.051231 -0.003383 -0.056530 -0.477141 -0.131559 -0.401797 -0.279625 0.351139 0.403296 -0.231376 -0.496711 -0.379743 -0.344857 -0.216291 -0.163269 0.124929 0.266578 0.740821 0.468747 0.355122 0.262776 0.276293 0.213847 0.465716 0.538145 0.617439 0.699433 0.389894 0.503821 -0.105185 0.038373 0.306289 0.259587 -0.377962 -0.106307 -0.187467 -0.297303 -0.450525 -0.310784 0.026642 0.113719 -0.097423 0.123803 0.074578 -0.158210 -0.002046 -0.027164 -0.136715 -0.279488 -0.116183 -0.008892 -0.167540 -0.038534 -0.185233 0.006360 -0.113098 -0.237025 -0.276069 -0.243631 0.033611 -0.010409
-0.269130 -0.348233 0.540629 0.427514 0.426527 0.307901 0.259194 0.251438 0.041414 0.025841 0.031782 0.055289 -0.229450 -0.187676 -0.050492 -0.000123 -0.242886 -0.392119 0.163136 -0.075023 0.296391 0.114211 0.469449 0.229324 0.642307 0.682528 0.335812 0.592709 0.050409 -0.040051 1.000000 0.813130 -0.126969 0.336859 0.329431 0.345830 -0.150183 -0.007593 0.080334 0.031428 0.124053 -0.072682 -0.040842 0.023560 0.099214 -0.047891 -0.219183 -0.110358 -0.336244 -0.332545 0.097153 -0.369280 -0.388724 -0.041749 -0.275920 -0.123362 -0.294053 -0.245620 -0.349462 -0.430776 -0.206812 -0.313017 -0.492369 -0.401129 0.251611 0.013686 -0.078605 0.159949 -0.230249 -0.391807 0.215113 0.361881 -0.170293 0.021009 0.075663 0.065295 0.129526 0.143813 0.045244 -0.192631 -0.267267 -0.251698 0.068159 0.062144 0.293908 0.147861 -0.279688 -0.061942 0.338565 -0.183020 -0.188446 0.168336 0.082262 0.047557 0.119119 -0.009750 0.038715 -0.189907 -0.360868 -0.183885 0.017494 -0.155241 -0.018919 -0.321810 -0.245928 -0.123978 -0.156952 -0.112414 0.087129 0.152150 -0.053179 -0.333178 -0.263492 -0.126806 0.009306 -0.176265
-0.337955 -0.521563 0.365451 0.643181 0.404905 0.373773 0.324681 0.376585 0.090973 0.049839 0.146596 0.261078 -0.044777 -0.110094 0.038191 0.230215 -0.307148 -0.284010 0.024919 0.044780 0.391286 0.050892 0.542284 0.444163 0.517582 0.654832 0.400820 0.542903 0.255728 0.175377 0.813130 1.000000 -0.119194 0.520085 0.414335 0.387850 -0.029717 0.014330 0.007927 -0.008124 0.330073 -0.043281 -0.044503 0.040863 0.129137 -0.007164 -0.215449 -0.121594 -0.513297 -0.370226 -0.130522 -0.557517 -0.592702 -0.184903 -0.326564 -0.231073 -0.513250 -0.489660 -0.561454 -0.613543 -0.339336 -0.377440 -0.422530 -0.369387 0.298442 -0.012190 -0.330886 0.114818 -0.504174 -0.627524 0.181748 0.421018 -0.034707 0.152011 0.127813 0.159967 0.191536 0.211412 0.196345 -0.112976 -0.169812 -0.124442 0.270166 0.362494 0.296700 0.275525 -0.217058 -0.001129 0.234599 -0.232402 -0.172072 0.164411 0.124638 0.002896 0.046842 0.119219 0.064128 -0.180298 -0.432556 -0.205110 0.049690 -0.226066 -0.121644 -0.366571 -0.292757 -0.177612 -0.225829 -0.191963 0.053451 0.149968 0.026129 -0.465457 -0.240929 -0.096948 0.125868 -0.179424
0.046948 0.351590 -0.244267 -0.232334 -0.131911 -0.214881 -0.267551 -0.153889 -0.347697 -0.463657 -0.110289 -0.239019 0.028302 -0.003953 0.048877 -0.216935 0.171491 0.380351 0.127329 0.204208 -0.019348 -0.081310 -0.269544 -0.384955 -0.058631 -0.179488 -0.058439 -0.142539 0.300822 0.329997 -0.126969 -0.119194 1.000000 0.491270 -0.084597 -0.044682 0.193319 0.059247 -0.002933 0.034517 0.118619 0.173348 0.148589 0.115040 0.124640 0.104929 0.025358 0.139004 -0.021251 0.043517 -0.065404 -0.062654 -0.112126 -0.194753 0.131536 -0.054392 0.320824 0.377808 0.002328 0.221150 0.102415 0.072279 0.439386 0.441797 -0.190871 -0.159913 0.163935 -0.025846 0.222786 0.237621 -0.165991 -0.085815 0.361877 0.076106 0.205765 0.008711 0.104808 0.050537 -0.018155 0.278381 0.194521 0.248469 0.069360 0.010844 -0.292837 -0.171821 0.150060 0.059343 -0.385033 -0.236111 -0.438894 -0.447454 -0.453322 -0.287422 -0.236996 0.028016 0.094593 -0.215771 -0.110324 0.059741 -0.006486 0.103140 0.101917 -0.295746 -0.227432 -0.196816 0.118005 -0.203427 -0.380099 -0.329301 0.132613 0.015496 -0.060869 0.017826 0.037417 0.126099
-0.142831 -0.002685 0.017748 0.173465 0.269129 0.073650 0.032348 0.258693 -0.260055 -0.365369 -0.108376 -0.181080 -0.005374 0.043838 -0.116111 -0.060117 0.013592 0.202374 0.124804 0.282130 0.304193 0.020947 0.002816 -0.153273 0.246049 0.148302 0.205922 0.206352 0.375580 0.374118 0.336859 0.520085 0.491270 1.000000 0.260018 0.381987 0.087628 -0.002515 0.015482 -0.008512 0.381397 0.156416 0.149440 0.203850 0.407179 0.283864 -0.025204 0.135537 -0.298385 -0.078761 -0.196572 -0.436619 -0.489304 -0.393166 -0.187802 -0.141951 -0.029070 0.021038 -0.341699 -0.150601 -0.136354 -0.137523 0.078029 0.119674 -0.092841 -0.097813 -0.048462 0.083875 -0.165143 -0.159990 0.103057 0.237529 0.282662 0.271858 0.165370 0.124786 0.220258 0.209468 0.177208 0.250642 0.088700 0.192114 0.207605 0.138964 -0.196861 -0.185851 0.084961 -0.056286 -0.214970 -0.339637 -0.458639 -0.321659 -0.369417 -0.338225 -0.116044 0.029368 0.049227 -0.139039 -0.379561 -0.241453 -0.113635 -0.131729 -0.081382 -0.527211 -0.393169 -0.311362 0.004156 -0.292453 -0.270452 -0.161280 0.192055 -0.421706 -0.283835 -0.186628 0.012797 -0.127185
-0.042852 -0.436060 0.357463 0.228756 0.389239 0.364373 0.090447 0.180773 0.245793 0.146084 0.061385 0.046500 -0.197721 -0.113373 0.040130 0.174689 -0.423700 -0.386581 -0.144549 -0.176551 0.105762 0.101116 0.368719 0.144478 0.381243 0.458758 0.368018 0.435355 -0.161263 -0.237738 0.329431 0.414335 -0.084597 0.260018 1.000000 0.703809 -0.174403 0.054827 0.097506 0.040775 0.075067 -0.066386 -0.186218 -0.213263 0.365795 0.108521 -0.494948 -0.225540 -0.083162 -0.290956 0.159660 -0.358897 -0.328536 -0.493556 -0.222030 -0.388028 -0.389310 -0.316266 0.111680 -0.143683 0.161208 0.078083 -0.378087 -0.357758 0.215999 0.392837 0.332692 0.489822 -0.211781 -0.313111 0.205617 0.199117 -0.207558 -0.044039 0.103102 0.085822 0.258755 0.372392 -0.274400 -0.236857 -0.414626 -0.428093 -0.049386 -0.158469 0.036226 0.063237 -0.029343 0.054167 0.278638 -0.024834 -0.243380 0.124545 0.104452 0.140762 -0.154961 0.170258 -0.031335 -0.304203 -0.387219 0.109127 -0.089891 -0.101437 0.037894 -0.022537 -0.004623 -0.188062 -0.055756 -0.288007 0.155670 0.015712 0.194348 -0.105406 -0.167545 -0.043547 -0.058806 -0.271306
0.033623 -0.305361 0.242263 0.226156 0.477120 0.367421 -0.053322 0.338089 0.127983 0.093462 -0.079769 -0.008321 -0.223755 0.173666 -0.051647 0.249610 -0.454524 -0.343020 -0.275801 -0.149588 0.055132 0.131085 0.107550 -0.055179 0.326651 0.350926 0.275221 0.465099 -0.234098 -0.172812 0.345830 0.387850 -0.044682 0.381987 0.703809 1.000000 -0.150495 0.023300 0.059791 0.093253 0.131041 -0.030325 -0.046016 -0.158679 0.481802 0.117787 -0.332055 -0.108455 -0.003479 -0.203958 0.202295 -0.321784 -0.271613 -0.446428 -0.310197 -0.394947 -0.308287 -0.238002 0.092947 -0.002518 0.146556 0.196532 -0.430377 -0.305548 -0.024708 0.503687 0.277350 0.485845 -0.163007 -0.259604 0.114390 0.185012 -0.223814 0.022714 0.085444 0.064279 0.178210 0.274702 -0.310006 -0.245139 -0.401141 -0.402660 -0.105569 -0.231643 -0.190949 -0.120879 -0.123629 -0.075800 0.085027 -0.107326 -0.134170 0.007176 0.152510 0.045264 -0.097539 0.110503 0.030565 -0.165811 -0.295430 0.067898 -0.064663 -0.001221 0.054689 -0.054393 0.050780 -0.165235 -0.033100 -0.192890 0.142360 0.058866 0.325212 -0.052161 -0.137935 0.058059 0.080961 -0.214307
