1.000000 0.104281 0.214081 0.044093 0.107829 -0.133274 0.368546 0.108463 0.527011 0.254438 0.681923 0.388975 0.436162 0.203081 0.516494 0.007653 0.395732 0.325745 0.146790 -0.090408 -0.383607 -0.376174 0.082353 -0.268101 -0.346208 -0.473884 -0.226718 -0.355505 0.357404 -0.113425 -0.368627 -0.596516 -0.027092 -0.375815 0.083693 0.124600 -0.056156 -0.026594 -0.207122 -0.395783 -0.338515 -0.145815 -0.178434 -0.348163 -0.228113 -0.349029 -0.163899 -0.471338 0.286021 -0.196044 0.071489 -0.003067 0.295569 0.221801 0.066293 -0.337124 0.577531 0.419944 0.464978 -0.088007 0.651289 0.349541 0.221140 0.279798 0.399505 0.423025 -0.146768 -0.310800 -0.161712 -0.191523 -0.073595 -0.318269 -0.098523 -0.168836 0.176401 0.068510 0.016860 -0.262631 0.041559 0.082187 -0.045542 -0.036477 0.206375 -0.193543 0.227347 -0.005623 0.062312 -0.142851 0.447893 0.346264 -0.127000 0.055821 0.126392 0.180123 -0.264332 -0.298469 -0.304753 -0.267201 -0.126965 -0.135456 -0.016742 0.021530 -0.272595 -0.210268 -0.263643 -0.298820 0.131782 -0.132093 0.214107 -0.098844 -0.267141 -0.077582 -0.008248 -0.261265 -0.136227 -0.146767
0.104281 1.000000 -0.350269 0.042326 -0.374932 -0.393746 -0.189610 -0.081226 0.009515 -0.198555 -0.017855 -0.029080 -0.002286 0.293098 0.050978 0.494853 0.194915 0.242006 0.135554 0.356244 -0.298759 -0.255565 -0.129116 -0.174296 -0.305372 -0.279231 -0.390330 -0.270786 0.240944 0.298362 -0.196717 -0.212918 0.293410 0.047057 -0.164773 -0.362900 -0.140052 0.097148 -0.504531 -0.160840 -0.104944 0.068960 -0.287508 -0.325108 -0.225334 -0.210628 -0.042253 -0.302148 -0.227352 0.122552 -0.033362 0.132494 0.282167 0.422859 -0.118637 -0.068470 0.357010 0.326909 -0.012605 0.317882 0.051407 0.201479 0.162506 0.358300 -0.084340 -0.327819 -0.249240 -0.457160 0.022671 0.107521 -0.212118 -0.145607 0.199618 0.312370 0.215051 0.166240 -0.003562 -0.143983 0.056767 0.416836 0.242360 0.305370 0.293812 0.435881 0.197177 0.131046 0.148187 -0.088776 -0.063741 0.158361 0.261401 0.043171 -0.141113 -0.390104 -0.148952 -0.038745 -0.469256 -0.052417 0.080914 0.333337 0.271422 -0.273617 0.273247 -0.016750 0.048729 0.032564 -0.048484 -0.019259 -0.019324 -0.058536 -0.311922 0.098038 0.043026 -0.033916 -0.002937 -0.278545
0.214081 -0.350269 1.000000 0.126836 0.178066 0.037810 0.304736 -0.039925 0.359848 -0.013573 0.260472 0.195744 -0.000890 -0.308772 0.345587 -0.217605 -0.097574 -0.198210 0.270506 -0.397110 0.057956 -0.035093 0.475695 -0.006920 0.279202 0.062698 0.464263 0.168393 -0.180200 -0.429196 -0.018014 -0.352465 -0.110715 -0.382895 0.422764 0.038303 0.094160 0.080416 0.204554 0.041329 -0.193640 -0.231644 -0.000159 0.061598 -0.414153 -0.409040 -0.152755 -0.050973 0.244766 -0.343165 0.468374 0.107477 0.018546 -0.038338 0.350260 0.085725 -0.085430 0.101748 0.119823 -0.153076 0.115436 -0.103003 -0.182685 -0.240330 0.376684 0.256972 0.174675 0.215229 0.080812 -0.232387 -0.033557 -0.171845 -0.181618 -0.177476 -0.036037 -0.032528 -0.216326 -0.219122 -0.165599 -0.269708 -0.312238 -0.302365 -0.161640 -0.248319 -0.133293 0.148912 -0.066373 0.091468 0.333783 0.248924 -0.336661 -0.089369 -0.110028 0.138049 -0.005984 -0.169464 0.362904 -0.019511 -0.223524 -0.214565 -0.316596 -0.168020 -0.312739 -0.097300 -0.154888 -0.013301 0.266570 0.063441 0.065582 0.145830 0.191156 -0.227001 -0.119072 -0.246513 -0.006336 0.061266
0.044093 0.042326 0.126836 1.000000 -0.137268 0.325711 0.069645 0.633287 0.120205 0.374785 0.163727 0.516445 -0.086953 -0.073703 0.055228 0.100368 -0.069616 -0.091357 -0.013367 -0.289916 -0.050660 0.055317 -0.003860 0.358963 -0.258528 0.122523 -0.196680 0.107717 -0.267880 -0.277197 -0.370794 -0.175022 -0.227399 -0.276823 0.085462 0.246713 -0.295371 -0.224752 -0.436373 -0.041610 -0.326416 -0.011392 -0.417415 -0.276616 -0.347899 -0.137352 -0.316918 -0.278203 0.077852 -0.285579 -0.015440 0.196778 0.090166 -0.007781 -0.180898 -0.196605 -0.117331 -0.068174 0.050201 -0.105046 0.184577 0.310968 -0.126748 0.082099 0.436209 0.499149 -0.152328 0.219911 0.049649 -0.243632 -0.039512 0.147848 -0.154264 -0.053225 -0.081781 0.001333 -0.158950 -0.205038 -0.112205 -0.336701 -0.238350 -0.242872 -0.241848 0.159029 0.045233 0.400276 -0.288323 0.347788 0.202076 0.385182 0.113832 -0.019540 0.395123 -0.220575 -0.057369 -0.254281 0.014992 -0.131035 -0.215103 -0.225869 -0.109802 -0.312036 -0.178857 -0.048501 0.151310 -0.026585 0.142085 -0.023138 -0.157500 -0.091123 -0.215281 -0.288352 -0.086881 -0.232124 0.071193 0.216606
0.107829 -0.374932 0.178066 -0.137268 1.000000 0.375036 0.245240 -0.070698 0.387190 0.357508 0.062110 -0.125867 -0.001176 -0.170212 0.211686 -0.196760 -0.151464 -0.229310 0.029214 0.074381 0.200724 0.086673 0.158263 0.236140 0.243036 0.067866 0.241865 0.068032 -0.030091 -0.158270 0.233403 0.157772 -0.186725 -0.008325 -0.005309 0.123492 0.001282 -0.155005 0.115265 -0.198508 0.180849 -0.137238 -0.008418 -0.005004 0.055574 0.055220 -0.022906 -0.047669 0.061614 -0.195558 -0.031005 -0.163565 0.112442 0.060821 0.229614 -0.127798 0.012871 0.134574 0.093425 -0.035554 0.001105 -0.068393 -0.212692 -0.211906 0.218490 0.174191 -0.124162 0.148949 0.149053 0.292245 0.288617 0.136082 -0.337611 -0.078116 -0.185194 -0.192742 0.070630 -0.083817 -0.128658 -0.228680 -0.193635 -0.237649 0.072841 -0.174839 -0.059936 -0.166287 -0.043478 -0.115391 0.044757 -0.120638 -0.087454 0.376194 -0.042200 0.395119 -0.022704 -0.142236 0.039272 -0.088995 -0.143080 -0.036850 -0.298667 0.078008 -0.303640 -0.193459 -0.148761 0.010919 -0.230354 -0.332067 -0.079522 -0.186260 0.048147 -0.018921 -0.048977 -0.190189 -0.211892 -0.088017
-0.133274 -0.393746 0.037810 0.325711 0.375036 1.000000 -0.121172 0.270252 -0.049854 0.314302 -0.198331 -0.098664 -0.304163 -0.401944 -0.225233 -0.370392 -0.400840 -0.327881 -0.210353 -0.258595 0.349165 0.306735 0.028520 0.477586 0.208688 0.425108 0.298990 0.485092 -0.467726 -0.415791 0.076381 0.318840 -0.257260 0.025070 0.291568 0.494649 -0.171223 -0.245173 0.143097 0.260984 0.096175 -0.116037 -0.165716 0.011393 -0.059258 0.073193 -0.325514 0.118835 -0.152275 -0.432546 -0.176904 -0.083448 0.199027 -0.042612 0.069736 -0.189751 -0.242082 0.004394 0.233853 0.093379 -0.112266 0.002215 -0.249061 -0.148907 0.134668 0.395717 0.191607 0.490102 0.226860 0.070484 0.246631 0.412432 -0.415315 -0.051906 -0.214107 -0.297426 -0.078609 0.025532 -0.344181 -0.428814 -0.438183 -0.453372 -0.339107 -0.262464 -0.115031 0.049775 -0.445956 0.264144 -0.024951 0.125842 0.205589 0.226535 0.066369 0.080001 0.075715 -0.265946 0.292041 0.001843 -0.311680 -0.252385 -0.181871 -0.148569 -0.050111 -0.017317 0.214305 0.150405 0.035714 -0.180595 -0.108157 -0.233346 0.132050 -0.209388 -0.183880 -0.034917 -0.105672 0.266792
0.368546 -0.189610 0.304736 0.069645 0.245240 -0.121172 1.000000 0.401144 0.393327 0.343676 0.318985 0.299966 0.514686 0.315398 0.410390 0.173743 0.152436 -0.082493 0.270377 0.095451 -0.249399 -0.280086 -0.092457 -0.182064 -0.159390 -0.333943 -0.141682 -0.302945 0.272566 0.129566 -0.039862 -0.117576 0.073735 0.142782 -0.225385 -0.028097 0.200167 0.119389 -0.184491 -0.398318 -0.074520 0.153142 -0.155281 -0.262375 -0.187151 -0.141716 -0.073793 -0.330756 -0.003240 -0.059452 -0.022873 -0.091804 -0.065035 0.028126 -0.175842 -0.216343 0.086177 -0.019789 -0.078864 -0.258946 0.292498 0.115120 0.158554 -0.020714 0.343367 0.001587 -0.173737 -0.191233 -0.064649 -0.225058 0.046459 -0.219384 0.125215 -0.077293 0.139227 -0.006790 0.042860 -0.105116 0.015892 0.038973 0.049870 0.019482 0.085896 0.227749 -0.084529 0.163250 -0.194714 -0.204739 -0.066593 -0.037751 -0.259304 -0.043158 0.276034 0.158162 -0.225697 -0.187681 -0.302281 -0.347554 0.013863 -0.054165 -0.190817 0.188838 -0.194954 -0.180897 -0.229431 -0.227665 -0.033276 -0.364744 0.068609 -0.110550 -0.303653 -0.193681 -0.121225 -0.180347 -0.048739 -0.012143
0.108463 -0.081226 -0.039925 0.633287 -0.070698 0.270252 0.401144 1.000000 0.168270 0.607364 0.279541 0.483636 0.404964 0.393382 0.145375 0.176017 0.093572 -0.054746 -0.171292 -0.168333 -0.127217 -0.065111 -0.473692 -0.041057 -0.411957 -0.213477 -0.417852 -0.204060 0.100332 0.131149 -0.307974 -0.025393 -0.059227 0.116850 -0.167360 0.314026 -0.045760 0.005494 -0.352800 -0.185821 -0.056155 0.145275 -0.317488 -0.328846 -0.146738 0.016379 -0.296689 -0.222489 -0.029265 -0.136714 -0.321275 -0.086581 -0.094429 -0.185335 -0.469153 -0.355166 -0.084417 -0.209759 0.048971 -0.187904 0.372441 0.421265 0.190653 0.309011 0.406655 0.390125 -0.173850 0.059220 -0.024578 -0.257985 0.008851 0.172733 0.115594 -0.054382 0.016440 -0.059920 -0.103060 -0.033937 -0.100196 -0.234753 -0.051438 -0.106565 -0.256321 0.176028 -0.132267 0.219584 -0.356433 0.060145 -0.048756 0.085671 -0.028518 -0.124299 0.486676 -0.181289 -0.107195 -0.189814 -0.215235 -0.130286 -0.197152 -0.175710 0.013499 0.088505 0.072451 -0.074013 -0.024428 -0.203932 0.003063 -0.153644 -0.117797 -0.375200 -0.188221 -0.174641 -0.092196 -0.066311 0.033302 0.205616
0.527011 0.009515 0.359848 0.120205 0.387190 -0.049854 0.393327 0.168270 1.000000 0.404605 0.482092 0.396312 0.272229 0.092557 0.633878 0.060940 0.038665 -0.020728 0.160305 -0.186036 -0.263549 -0.345823 0.249264 -0.089444 -0.203226 -0.381634 -0.056860 -0.221068 0.133348 -0.081391 -0.261989 -0.372817 -0.159765 -0.325175 0.005853 0.001081 -0.037563 -0.011338 -0.196710 -0.326973 -0.324037 -0.227998 -0.165039 -0.200532 -0.279323 -0.330415 -0.048160 -0.279843 0.405472 -0.191103 0.337213 0.162142 0.277697 0.289013 0.192899 -0.091886 0.298309 0.319013 0.294105 -0.094134 0.398417 0.221461 -0.052420 0.029292 0.548879 0.414330 -0.236301 -0.320768 0.146874 -0.181666 0.111373 -0.274322 -0.263829 -0.164984 0.121979 0.015208 0.001262 -0.287775 -0.118285 -0.109318 -0.240060 -0.190112 0.220354 -0.098468 0.006578 -0.133878 -0.056928 -0.110566 0.398066 0.232104 -0.152802 0.196107 0.149271 0.230817 -0.276813 -0.291418 -0.173202 -0.163902 -0.007382 0.121530 -0.278020 -0.046167 -0.329649 -0.187146 -0.165380 -0.274669 0.018925 -0.195142 -0.055555 -0.124633 -0.129707 -0.065731 -0.042525 -0.269233 -0.195371 0.050474
0.254438 -0.198555 -0.013573 0.374785 0.357508 0.314302 0.343676 0.607364 0.404605 1.000000 0.356875 0.397896 0.373706 0.271699 0.393683 0.093287 0.061929 -0.042163 -0.049890 0.001760 0.070835 0.047337 -0.255724 0.033619 -0.276661 -0.212993 -0.296677 -0.211261 0.133794 0.073369 -0.229064 -0.087857 0.024332 0.002790 -0.141250 0.222730 -0.032031 -0.185136 -0.261949 -0.364481 -0.113094 -0.018947 -0.199127 -0.273075 -0.055939 -0.122848 -0.085346 -0.198881 0.213142 -0.171934 -0.060640 -0.031459 0.015048 -0.024725 -0.233323 -0.226004 0.006968 -0.004865 0.064315 -0.207151 0.265030 0.261531 -0.070974 0.094404 0.381323 0.478021 -0.276091 -0.133773 0.119548 0.012698 0.137518 0.104428 -0.070435 -0.040689 0.100962 -0.094260 0.111171 -0.206359 0.005520 -0.166455 -0.053398 -0.122338 -0.190089 -0.122810 -0.036940 -0.104334 -0.237388 -0.166663 0.049265 -0.103986 -0.014225 0.146364 0.415403 0.196554 -0.119108 -0.326961 -0.147130 -0.151976 -0.019928 -0.018521 -0.147165 0.099025 -0.161143 -0.097615 -0.027648 -0.198685 -0.047107 -0.301167 -0.210533 -0.379798 -0.077269 -0.178176 -0.094301 -0.013175 -0.175274 0.121325
0.681923 -0.017855 0.260472 0.163727 0.062110 -0.198331 0.318985 0.279541 0.482092 0.356875 1.000000 0.600800 0.599191 0.359338 0.567696 -0.037636 0.361594 0.301231 -0.093430 -0.208190 -0.172876 -0.256083 -0.112662 -0.410292 -0.538248 -0.554459 -0.311359 -0.406830 0.401076 0.031713 -0.547152 -0.632320 -0.065860 -0.353081 0.072142 0.249924 0.047384 -0.060683 -0.188844 -0.431820 -0.217493 -0.141275 -0.162807 -0.325467 -0.180767 -0.341639 -0.239695 -0.415414 0.516479 -0.215522 0.209667 -0.051979 -0.009670 -0.016899 -0.114023 -0.432042 0.185198 0.029355 0.398205 -0.144208 0.726664 0.497202 0.286979 0.357353 0.518744 0.473781 -0.028672 -0.088708 0.097440 -0.054161 -0.267975 -0.313294 -0.079281 -0.283448 0.044510 -0.067703 -0.020837 -0.203371 0.163486 -0.063289 0.036724 0.072513 0.161478 -0.212301 0.200534 0.088136 0.031180 -0.233934 0.500604 0.327324 -0.476623 -0.263158 0.241186 0.139867 -0.309489 -0.227281 -0.261395 -0.338179 -0.339683 -0.413669 -0.113236 0.154965 -0.265135 -0.190248 -0.260583 -0.291283 0.152797 0.010080 0.030112 -0.021516 -0.124353 -0.160763 -0.031031 -0.130602 -0.091452 -0.163857
0.388975 -0.029080 0.195744 0.516445 -0.125867 -0.098664 0.299966 0.483636 0.396312 0.397896 0.600800 1.000000 0.435097 0.349978 0.490900 0.199294 0.160441 0.118783 -0.051501 -0.356802 -0.391774 -0.240640 -0.057848 -0.161157 -0.370430 -0.316798 -0.343844 -0.342943 0.145815 0.010612 -0.489296 -0.470185 -0.097200 -0.347892 -0.042959 0.164922 -0.037921 -0.123487 -0.335300 -0.343815 -0.324083 0.040438 -0.193831 -0.252793 -0.256902 -0.290911 -0.151782 -0.418632 0.392056 -0.093159 0.191113 0.272025 0.077865 0.050974 -0.183185 -0.275876 -0.037351 -0.052891 0.196384 -0.131819 0.535351 0.489626 0.208895 0.271371 0.412842 0.526315 -0.141160 -0.161409 -0.073596 -0.424899 -0.154994 -0.140059 -0.024695 -0.167878 0.006560 0.124265 0.004296 -0.214228 0.089263 -0.189257 -0.095779 -0.096258 -0.094949 -0.047833 0.005296 0.162518 -0.265528 -0.172939 0.252251 0.346904 -0.096415 -0.074744 0.518107 0.019088 -0.286872 -0.279043 -0.059652 -0.239295 -0.123804 -0.290068 -0.111199 0.095628 -0.114874 -0.125433 -0.059146 -0.186479 0.060981 -0.006104 -0.042744 -0.047093 -0.215740 -0.259762 0.007634 -0.128579 -0.001658 -0.050081
0.436162 -0.002286 -0.000890 -0.086953 -0.001176 -0.304163 0.514686 0.404964 0.272229 0.373706 0.599191 0.435097 1.000000 0.781143 0.555783 0.370498 0.610068 0.297395 -0.121653 0.099959 -0.283794 -0.221926 -0.505479 -0.599128 -0.403236 -0.632823 -0.464298 -0.605729 0.600166 0.457460 -0.271695 -0.347338 0.359033 0.138957 -0.291704 -0.069218 0.363647 0.168045 -0.181541 -0.423295 -0.014760 0.147322 -0.089112 -0.383202 -0.073688 -0.272886 -0.116389 -0.307974 0.081626 -0.002246 -0.134784 -0.302496 -0.190766 -0.186608 -0.316625 -0.313945 0.069566 -0.069508 0.172804 -0.095291 0.597190 0.312900 0.588905 0.406528 0.099465 0.046626 -0.137316 -0.387034 -0.109395 -0.055836 -0.233822 -0.132511 0.342349 -0.123102 0.125837 0.165474 0.097661 -0.018063 0.149082 0.140780 0.364974 0.289535 -0.098938 -0.002834 -0.152562 -0.141061 -0.141363 -0.521413 -0.046371 -0.105342 -0.283467 -0.138377 0.308897 -0.014617 -0.247561 -0.095582 -0.366256 -0.211457 -0.000624 -0.197618 0.183776 0.358313 0.057580 0.059444 -0.135476 -0.132243 -0.017707 -0.142381 0.017789 -0.190496 -0.071373 -0.123321 -0.018219 0.034174 0.045895 -0.108264
0.203081 0.293098 -0.308772 -0.073703 -0.170212 -0.401944 0.315398 0.393382 0.092557 0.271699 0.359338 0.349978 0.781143 1.000000 0.420189 0.602634 0.592241 0.368756 -0.134339 0.338300 -0.357739 -0.218771 -0.559049 -0.607502 -0.477116 -0.660207 -0.654549 -0.718797 0.620212 0.720504 -0.217786 -0.163420 0.373640 0.335659 -0.402430 -0.240850 0.244024 0.149775 -0.363838 -0.356927 0.045523 0.317221 -0.009232 -0.326044 0.054887 -0.094321 0.078716 -0.197994 -0.045963 0.245711 -0.309335 -0.240682 -0.173225 -0.122221 -0.432084 -0.178141 0.054304 -0.165067 0.004378 0.043197 0.418184 0.432704 0.620403 0.576190 -0.072238 -0.141695 -0.336883 -0.565250 -0.109429 0.027160 -0.197273 -0.099740 0.525666 0.058869 0.156012 0.215684 0.123546 -0.022408 0.114828 0.219340 0.466289 0.403949 -0.033555 0.225513 -0.182852 -0.216542 -0.040675 -0.630828 -0.209635 -0.243594 -0.109275 -0.139482 0.287724 -0.136324 -0.257614 -0.037731 -0.381060 -0.142962 0.231485 -0.009753 0.361282 0.336007 0.331141 -0.102476 -0.150850 -0.155172 -0.035866 -0.148132 -0.070081 -0.239383 -0.093919 0.079455 0.043155 0.154539 0.142527 -0.097138
0.516494 0.050978 0.345587 0.055228 0.211686 -0.225233 0.410390 0.145375 0.633878 0.393683 0.567696 0.490900 0.555783 0.420189 1.000000 0.350554 0.418984 0.169202 0.071611 -0.015471 -0.172836 -0.313655 0.025849 -0.390425 -0.258291 -0.562637 -0.320616 -0.524048 0.336497 0.169348 -0.330994 -0.601687 0.017991 -0.280131 -0.060708 -0.181274 0.237890 0.026917 -0.221105 -0.447088 -0.189947 -0.044068 -0.076092 -0.341691 -0.274080 -0.522638 -0.082892 -0.344806 0.407580 -0.019736 0.263978 0.012161 0.113166 0.090484 0.069032 -0.121648 0.164084 0.149865 0.189050 0.005673 0.548149 0.289829 0.262225 0.222868 0.345418 0.254531 -0.248447 -0.489249 0.023285 0.002031 -0.122326 -0.241291 0.074570 -0.161554 0.003755 0.040133 0.079437 -0.403552 -0.000900 0.102947 0.062837 0.105888 0.014904 -0.108166 -0.097877 -0.158436 0.067238 -0.454624 0.270700 0.083882 -0.236551 0.139725 0.069929 0.280824 -0.204887 -0.280777 -0.221894 -0.210429 0.048460 0.033063 -0.118812 -0.005284 -0.250915 -0.104578 -0.106992 -0.080988 0.003115 -0.188525 -0.048382 -0.140404 -0.056281 -0.152493 -0.068071 -0.151086 -0.068840 -0.009293
0.007653 0.494853 -0.217605 0.100368 -0.196760 -0.370392 0.173743 0.176017 0.060940 0.093287 -0.037636 0.199294 0.370498 0.602634 0.350554 1.000000 0.440528 0.079322 0.239963 0.383720 -0.288944 -0.209690 -0.151229 -0.174210 -0.173205 -0.395393 -0.467801 -0.609061 0.494227 0.595193 0.090423 -0.004159 0.430887 0.267000 -0.467513 -0.486292 0.013949 0.132455 -0.535960 -0.429672 -0.123566 0.218292 -0.209073 -0.400834 -0.077013 -0.118982 0.160408 -0.235948 -0.175227 0.401447 -0.267286 -0.066503 -0.014250 0.147483 -0.169417 -0.001721 0.048267 -0.106418 -0.231369 0.107134 0.145247 0.182645 0.362306 0.297147 -0.050729 -0.317546 -0.462167 -0.647172 -0.230043 -0.053996 -0.196121 -0.083077 0.546956 0.180814 0.135413 0.216889 0.006668 -0.164707 0.020613 0.360672 0.340249 0.298352 0.132804 0.638305 0.048976 -0.011930 -0.060893 -0.227217 -0.199884 -0.047065 0.112228 0.131799 0.128034 -0.168518 -0.317613 -0.182855 -0.485330 -0.268491 0.377149 0.281223 0.145981 -0.003743 0.177612 -0.062428 -0.059954 -0.102671 -0.189047 -0.253369 -0.084989 -0.171371 -0.273382 -0.045195 -0.043882 -0.005184 -0.002780 -0.237209
0.395732 0.194915 -0.097574 -0.069616 -0.151464 -0.400840 0.152436 0.093572 0.038665 0.061929 0.361594 0.160441 0.610068 0.592241 0.418984 0.440528 1.000000 0.501187 -0.048889 0.328287 -0.256280 -0.307750 -0.388007 -0.396772 -0.331223 -0.536007 -0.534694 -0.657024 0.596222 0.424844 -0.219717 -0.373653 0.299732 -0.010193 -0.314753 -0.289318 0.288305 0.222092 -0.242977 -0.366919 0.030125 0.297679 -0.121445 -0.374652 -0.226912 -0.303229 -0.033298 -0.254561 0.028370 0.074230 -0.184194 -0.246102 -0.021673 -0.150266 -0.263258 -0.214572 0.326101 0.113763 0.218289 -0.012372 0.572362 0.169174 0.645400 0.444571 -0.085347 -0.008677 -0.304904 -0.464261 -0.228655 0.136840 -0.203261 -0.159528 0.576288 -0.079007 0.224050 0.281512 0.108422 -0.181086 0.163821 0.315750 0.543214 0.422034 -0.044429 0.066667 -0.114932 -0.211530 0.256622 -0.382816 -0.039897 -0.026933 -0.149651 -0.065737 0.036582 -0.130670 -0.331288 -0.119883 -0.344522 -0.197481 0.077589 -0.035436 0.450720 0.239460 0.038470 0.132415 -0.052736 0.056132 0.043063 -0.082532 -0.034578 -0.084145 0.035471 -0.012463 -0.021323 0.070998 0.292089 -0.091261
0.325745 0.242006 -0.198210 -0.091357 -0.229310 -0.327881 -0.082493 -0.054746 -0.020728 -0.042163 0.301231 0.118783 0.297395 0.368756 0.169202 0.079322 0.501187 1.000000 -0.143229 0.131285 -0.254721 -0.141806 -0.249472 -0.244086 -0.309555 -0.355210 -0.403948 -0.384192 0.364568 0.305389 -0.359965 -0.301773 0.014276 -0.110054 -0.188048 -0.255055 0.153857 0.082956 0.017939 0.064224 0.020064 0.151452 0.041155 -0.127975 -0.168562 -0.279693 0.043379 -0.101146 0.100088 0.010881 -0.177988 -0.105016 0.088125 -0.066347 -0.194542 -0.078210 0.248431 0.004313 0.269650 0.130051 0.330474 0.262400 0.436594 0.589490 -0.290522 0.039704 -0.268262 -0.400059 -0.192789 0.016888 -0.088221 0.063294 0.340742 0.112802 0.006359 0.224641 -0.009858 0.056276 0.105269 0.296074 0.419654 0.408887 -0.077083 -0.063285 -0.084196 -0.281626 0.144097 -0.260324 -0.080974 0.064722 0.118655 0.004850 0.049004 0.025277 -0.121081 -0.081262 -0.072481 -0.060622 -0.021224 -0.144987 0.481224 0.152419 0.050581 0.035892 -0.077046 0.124678 0.129861 0.123483 0.121275 0.163980 0.060627 0.053741 0.132204 0.281785 0.166899 -0.015961
0.146790 0.135554 0.270506 -0.013367 0.029214 -0.210353 0.270377 -0.171292 0.160305 -0.049890 -0.093430 -0.051501 -0.121653 -0.134339 0.071611 0.239963 -0.048889 -0.143229 1.000000 0.225391 -0.128116 -0.151264 0.376945 0.033639 0.133453 -0.094012 0.100576 -0.089538 0.164533 0.060490 0.373187 0.041377 0.113743 0.021927 -0.179154 -0.263413 -0.148862 0.048992 -0.210092 -0.240117 -0.194537 -0.063452 -0.094965 -0.067672 -0.103907 -0.093882 0.154105 -0.102105 -0.031383 0.138134 0.049634 0.072269 0.033286 0.235260 0.031790 0.056724 0.022935 0.050620 -0.151441 -0.061970 -0.117842 -0.141600 -0.167023 -0.170491 0.109966 -0.164135 -0.098206 -0.213403 -0.159745 -0.174552 -0.010976 -0.292387 0.107596 0.115936 0.208503 0.217009 -0.025131 -0.149958 0.000409 0.207675 0.044497 -0.035727 0.288660 0.221417 0.178792 0.093778 0.065723 0.027186 0.123959 -0.074184 0.036514 0.128097 0.001730 0.297443 -0.033268 -0.117099 -0.143703 -0.173012 0.235441 0.175883 -0.074973 -0.017915 -0.207740 -0.247878 -0.343322 -0.242371 -0.112483 -0.205746 0.120703 0.052403 -0.224594 0.080285 -0.065764 0.000751 -0.191093 -0.085544
-0.090408 0.356244 -0.397110 -0.289916 0.074381 -0.258595 0.095451 -0.168333 -0.186036 0.001760 -0.208190 -0.356802 0.099959 0.338300 -0.015471 0.383720 0.328287 0.131285 0.225391 1.000000 -0.095266 -0.153955 -0.271427 -0.156113 -0.125804 -0.285306 -0.245518 -0.355895 0.308894 0.438860 0.152961 0.150312 0.431376 0.502789 -0.245598 -0.352866 0.156338 0.139393 -0.267182 -0.260588 0.057805 0.182402 -0.023475 -0.190391 0.079183 0.129995 0.246260 0.043576 -0.423393 0.124358 -0.269327 -0.323595 0.009970 0.200987 -0.273814 -0.097548 0.176825 0.065868 -0.349362 -0.089841 -0.152241 -0.199350 0.120528 0.070464 -0.248230 -0.510494 -0.468802 -0.429876 0.132755 0.489722 0.070732 -0.093453 0.363930 0.185287 0.374217 0.158999 0.356396 -0.029804 0.276162 0.423711 0.546978 0.425708 0.205841 0.320187 0.036612 -0.182149 0.206116 -0.374721 -0.365588 -0.401272 0.270040 0.297209 -0.106977 -0.080528 -0.150557 0.027571 -0.376369 -0.161942 0.294954 0.293070 0.305209 0.052779 0.098210 0.044218 -0.006368 0.143167 -0.196490 -0.341407 -0.235914 -0.314640 0.117682 0.221266 0.034222 0.116242 0.128430 -0.095703
-0.383607 -0.298759 0.057956 -0.050660 0.200724 0.349165 -0.249399 -0.127217 -0.263549 0.070835 -0.172876 -0.391774 -0.283794 -0.357739 -0.172836 -0.288944 -0.256280 -0.254721 -0.128116 -0.095266 1.000000 0.519200 -0.049519 0.152440 0.116647 0.254792 0.285970 0.312859 -0.234578 -0.112916 0.175797 0.172839 -0.108664 -0.014955 0.158258 0.027988 -0.108500 -0.172820 0.220525 0.326160 0.062897 -0.182276 0.229510 0.259695 0.122453 0.054775 0.074711 0.314712 0.032800 -0.081183 0.106927 -0.158382 -0.186422 -0.325706 0.092130 0.171693 -0.312522 -0.268665 -0.045875 0.064721 -0.329342 -0.188825 -0.308126 -0.268546 -0.097100 0.014661 0.286989 0.401307 0.188926 0.331368 0.063321 0.184343 -0.146587 -0.098480 -0.229183 -0.294641 -0.069726 -0.143589 0.048430 -0.180102 -0.019204 -0.081497 -0.173926 -0.159672 0.033434 0.034153 -0.007401 0.242219 -0.097559 -0.150267 -0.173095 -0.032227 -0.040767 0.126068 0.139018 0.228025 0.270565 0.219796 -0.077627 -0.117523 -0.198393 -0.028453 -0.101519 0.142250 0.077508 0.092742 0.050467 -0.018098 -0.263120 0.117291 0.358889 -0.039090 -0.008815 0.156199 -0.159837 0.235529
-0.376174 -0.255565 -0.035093 0.055317 0.086673 0.306735 -0.280086 -0.065111 -0.345823 0.047337 -0.256083 -0.240640 -0.221926 -0.218771 -0.313655 -0.209690 -0.307750 -0.141806 -0.151264 -0.153955 0.519200 1.000000 -0.031140 0.327010 0.353264 0.484731 0.419013 0.444568 -0.214821 -0.113734 0.329494 0.378467 -0.036188 0.138598 0.134915 0.086975 -0.100502 -0.111339 0.211189 0.489524 0.028139 -0.072969 0.107037 0.168980 0.117015 0.012678 0.001541 0.230116 -0.083682 -0.050705 -0.117457 -0.148616 -0.202566 -0.361734 0.055409 0.089654 -0.442238 -0.300627 0.019640 0.203461 -0.347060 -0.045199 -0.189196 -0.086086 -0.225240 -0.028443 0.154027 0.319225 0.097931 0.095226 0.193469 0.420162 -0.148949 0.194174 -0.101969 0.055201 0.001526 0.167727 -0.110325 -0.367448 -0.100033 -0.181691 -0.356199 -0.129891 -0.070381 -0.117496 -0.273228 0.147731 -0.158641 -0.137639 -0.009210 -0.069896 0.046105 -0.054367 0.265610 0.332478 0.335188 0.242925 -0.051351 -0.159674 -0.020674 -0.031066 0.014038 0.002778 0.115668 0.104447 -0.024070 0.157223 -0.010880 0.134809 0.128629 0.005441 -0.116861 0.045316 0.029771 0.196409
0.082353 -0.129116 0.475695 -0.003860 0.158263 0.028520 -0.092457 -0.473692 0.249264 -0.255724 -0.112662 -0.057848 -0.505479 -0.559049 0.025849 -0.151229 -0.388007 -0.249472 0.376945 -0.271427 -0.049519 -0.031140 1.000000 0.415638 0.508243 0.368034 0.571997 0.329837 -0.357610 -0.459842 0.315214 -0.003885 -0.272495 -0.329438 0.365736 0.036270 -0.177829 -0.026125 0.174979 0.057237 -0.227990 -0.231831 -0.039472 0.135062 -0.150678 -0.126489 0.079046 -0.008029 0.180472 -0.106876 0.355460 0.339052 0.215454 0.327446 0.563887 0.204163 0.078900 0.267440 0.014399 -0.004651 -0.219457 -0.152382 -0.489052 -0.401225 0.187489 0.080077 0.115633 0.096433 0.120535 -0.125953 0.018063 -0.220900 -0.415501 -0.028575 -0.054639 -0.127973 -0.089182 -0.111864 -0.113790 -0.142272 -0.486433 -0.316305 0.210347 -0.172861 0.212386 0.013931 0.068347 0.270028 0.473953 0.229990 0.059130 0.158903 -0.212239 0.233656 0.075004 -0.190236 0.268658 -0.004180 -0.016380 0.111800 -0.324006 -0.295696 -0.376523 -0.233052 -0.078866 -0.091007 -0.012072 -0.004522 0.043972 0.183465 -0.000505 0.018159 0.065892 -0.267696 -0.154888 -0.107288
-0.268101 -0.174296 -0.006920 0.358963 0.236140 0.477586 -0.182064 -0.041057 -0.089444 0.033619 -0.410292 -0.161157 -0.599128 -0.607502 -0.390425 -0.174210 -0.396772 -0.244086 0.033639 -0.156113 0.152440 0.327010 0.415638 1.000000 0.456770 0.728192 0.392551 0.508075 -0.434821 -0.467332 0.325909 0.500069 -0.310816 -0.048958 0.069604 0.131077 -0.287627 -0.230121 0.129400 0.242095 -0.046240 -0.043768 -0.317308 -0.030702 -0.188382 0.077966 -0.108926 -0.010765 -0.078921 -0.202381 -0.056626 0.232841 0.302666 0.261464 0.263673 0.006543 -0.082169 0.052151 0.011826 -0.017924 -0.298057 -0.147668 -0.456168 -0.285220 0.075530 0.098452 -0.127694 0.327413 0.015553 -0.069990 0.232327 0.370029 -0.352202 0.046099 -0.139821 -0.169904 -0.122068 0.031109 -0.254585 -0.226982 -0.477038 -0.422404 -0.072203 0.109472 0.024064 0.077967 -0.127151 0.614280 -0.015666 0.262793 0.291976 0.379093 -0.124364 -0.044926 0.102002 -0.186524 0.162770 -0.014412 -0.243079 0.054051 -0.202389 -0.295890 -0.322961 -0.010934 0.249535 0.217233 -0.142876 -0.081406 -0.129067 0.022314 -0.091659 -0.146523 -0.020718 -0.161000 0.044111 0.032822
-0.346208 -0.305372 0.279202 -0.258528 0.243036 0.208688 -0.159390 -0.411957 -0.203226 -0.276661 -0.538248 -0.370430 -0.403236 -0.477116 -0.258291 -0.173205 -0.331223 -0.309555 0.133453 -0.125804 0.116647 0.353264 0.508243 0.456770 1.000000 0.684726 0.685213 0.456712 -0.289967 -0.253076 0.683122 0.439888 -0.033912 0.141504 0.188549 -0.023259 0.188194 0.098954 0.482432 0.307414 0.159511 -0.007691 0.072925 0.233866 -0.025028 0.067046 0.062446 0.327436 -0.326993 -0.051139 -0.057333 -0.027689 -0.033318 0.044595 0.366009 0.233121 -0.180156 0.111615 -0.204153 -0.016539 -0.495396 -0.465949 -0.322957 -0.426361 -0.293899 -0.202044 0.093251 0.219649 -0.007950 -0.022071 0.216931 0.297950 -0.129292 0.161408 -0.186490 0.015477 -0.020978 0.221311 -0.122430 -0.130251 -0.260247 -0.220191 -0.195715 -0.179295 -0.200079 -0.139480 0.038342 0.201500 -0.148791 -0.191932 0.222341 0.143958 -0.308518 0.092006 0.333832 -0.022281 0.448885 0.220319 -0.027656 0.121734 -0.135036 -0.109730 -0.100683 -0.081958 0.033241 0.251286 -0.109917 -0.025673 0.141885 0.180158 0.255238 0.032541 -0.098038 0.010896 0.007129 -0.014365
-0.473884 -0.279231 0.062698 0.122523 0.067866 0.425108 -0.333943 -0.213477 -0.381634 -0.212993 -0.554459 -0.316798 -0.632823 -0.660207 -0.562637 -0.395393 -0.536007 -0.355210 -0.094012 -0.285306 0.254792 0.484731 0.368034 0.728192 0.684726 1.000000 0.628100 0.755973 -0.528689 -0.507771 0.442012 0.505800 -0.212863 0.028468 0.267355 0.189260 -0.149407 -0.216430 0.351709 0.428096 0.053787 -0.056499 -0.093700 0.250593 -0.033889 0.193529 -0.116197 0.149498 -0.227457 -0.209285 0.007814 0.171695 0.040633 -0.041037 0.264304 0.212888 -0.269404 -0.021260 -0.114892 0.032699 -0.496389 -0.313271 -0.418226 -0.415064 -0.127494 -0.019232 0.268382 0.562522 0.036139 -0.054761 0.182105 0.365055 -0.359968 0.052606 -0.251835 -0.199826 -0.040683 0.210576 -0.275530 -0.356379 -0.455533 -0.479892 -0.198492 -0.058967 -0.060912 0.142113 -0.007936 0.509222 -0.061333 0.101204 0.197237 0.075402 -0.254219 -0.190153 0.389280 0.090991 0.497979 0.228445 -0.166090 -0.031172 -0.170329 -0.252533 -0.035441 0.059013 0.296218 0.284755 -0.146779 0.060414 0.004180 0.181825 0.082561 -0.174844 0.030909 -0.126253 0.033949 0.025314
-0.226718 -0.390330 0.464263 -0.196680 0.241865 0.298990 -0.141682 -0.417852 -0.056860 -0.296677 -0.311359 -0.343844 -0.464298 -0.654549 -0.320616 -0.467801 -0.534694 -0.403948 0.100576 -0.245518 0.285970 0.419013 0.571997 0.392551 0.685213 0.628100 1.000000 0.648410 -0.477053 -0.491628 0.475319 0.257877 -0.096343 -0.028422 0.519541 0.208387 -0.085004 0.060710 0.511577 0.390275 -0.105820 -0.253733 0.102376 0.281282 -0.140730 -0.010687 -0.046069 0.239205 -0.134321 -0.303445 0.298046 0.053087 0.089921 0.012659 0.529164 0.108907 -0.195267 0.086174 0.032707 -0.011929 -0.377013 -0.337617 -0.438106 -0.461439 0.007508 -0.031640 0.330459 0.468643 0.248112 0.019676 0.245320 0.157063 -0.438193 0.070762 -0.028266 -0.123379 0.019562 0.144684 -0.120655 -0.284399 -0.471205 -0.469978 -0.113193 -0.284282 -0.104639 -0.056355 -0.134091 0.281495 0.109445 0.102269 -0.023758 0.092560 -0.300044 0.001618 0.213912 0.065752 0.515783 0.234998 -0.232203 -0.070303 -0.302331 -0.217786 -0.167116 -0.057027 0.053302 0.145593 -0.015543 0.092084 0.005233 0.179900 0.322157 -0.010257 0.012343 -0.227278 -0.070650 0.096727
-0.355505 -0.270786 0.168393 0.107717 0.068032 0.485092 -0.302945 -0.204060 -0.221068 -0.211261 -0.406830 -0.342943 -0.605729 -0.718797 -0.524048 -0.609061 -0.657024 -0.384192 -0.089538 -0.355895 0.312859 0.444568 0.329837 0.508075 0.456712 0.755973 0.648410 1.000000 -0.680824 -0.653912 0.193987 0.265985 -0.319878 -0.111285 0.452278 0.256284 -0.222799 -0.212317 0.375792 0.489349 0.112172 -0.331709 0.012980 0.313139 0.002318 0.106260 -0.156613 0.291713 -0.090397 -0.270425 0.216386 0.146389 0.022157 -0.070457 0.286009 0.209992 -0.233326 0.039615 -0.056110 0.041179 -0.505592 -0.307337 -0.486437 -0.438257 -0.080072 0.007879 0.479862 0.655835 0.199555 -0.035936 0.166903 0.197007 -0.554683 -0.007320 -0.123961 -0.173633 -0.106699 0.212557 -0.162448 -0.396023 -0.529866 -0.485322 -0.239385 -0.297095 -0.058125 0.122544 -0.119992 0.552352 -0.008607 0.102388 0.013928 0.002995 -0.230010 -0.124189 0.457113 0.196178 0.501657 0.308404 -0.167301 -0.024251 -0.154534 -0.275077 -0.065375 0.243115 0.346514 0.209614 0.040563 0.267032 0.074495 0.207859 0.166134 -0.090050 0.094433 -0.017887 -0.009280 0.112553
0.357404 0.240944 -0.180200 -0.267880 -0.030091 -0.467726 0.272566 0.100332 0.133348 0.133794 0.401076 0.145815 0.600166 0.620212 0.336497 0.494227 0.596222 0.364568 0.164533 0.308894 -0.234578 -0.214821 -0.357610 -0.434821 -0.289967 -0.528689 -0.477053 -0.680824 1.000000 0.665548 0.100210 -0.059713 0.394584 0.219698 -0.459080 -0.259803 0.241822 0.120783 -0.392574 -0.552747 -0.056275 0.208418 -0.120317 -0.311427 0.051821 -0.096076 0.058048 -0.276745 0.031985 0.259891 -0.277947 -0.274276 -0.137019 0.004954 -0.368447 -0.194481 0.170343 -0.125554 0.090647 -0.033316 0.425025 0.195779 0.540652 0.393015 0.008316 -0.223808 -0.265371 -0.497475 -0.319371 -0.053350 -0.274439 -0.225948 0.568923 -0.033005 0.181467 0.162298 0.060925 -0.058061 0.161359 0.419077 0.548560 0.444052 0.330861 0.352880 0.098251 -0.040666 0.214764 -0.361450 -0.056606 -0.079272 -0.247531 -0.094867 0.057890 0.035248 -0.344518 -0.008798 -0.511755 -0.299522 0.138259 0.037514 0.180814 0.343348 0.139567 -0.240907 -0.465062 -0.343765 -0.188773 -0.189275 0.048771 -0.155549 -0.247861 -0.068436 -0.121657 0.087740 0.002326 -0.293827
-0.113425 0.298362 -0.429196 -0.277197 -0.158270 -0.415791 0.129566 0.131149 -0.081391 0.073369 0.031713 0.010612 0.457460 0.720504 0.169348 0.595193 0.424844 0.305389 0.060490 0.438860 -0.112916 -0.113734 -0.459842 -0.467332 -0.253076 -0.507771 -0.491628 -0.653912 0.665548 1.000000 0.133500 0.149088 0.470139 0.553650 -0.465232 -0.307483 0.328157 0.343667 -0.230251 -0.256912 0.197823 0.488099 0.024560 -0.169016 0.196927 0.062193 0.195058 0.005253 -0.191963 0.424262 -0.333561 -0.268019 -0.265355 -0.099965 -0.399922 -0.044676 -0.092061 -0.351908 -0.182261 0.027081 0.105888 0.036841 0.496091 0.363465 -0.270225 -0.430861 -0.322406 -0.546178 -0.177661 0.118198 -0.204858 -0.033344 0.765722 0.240353 0.129801 0.130101 0.016529 0.095489 0.258405 0.506270 0.709324 0.649033 0.138773 0.404213 -0.039780 -0.128537 0.098476 -0.511939 -0.349879 -0.386324 -0.020208 -0.091597 0.116917 -0.040521 -0.239348 0.034474 -0.386825 -0.139019 0.259755 0.121209 0.258143 0.447560 0.432055 -0.212244 -0.427975 -0.273637 -0.205894 -0.189140 -0.099742 -0.184456 -0.021983 0.119583 -0.038760 0.284759 -0.033674 -0.134210
-0.368627 -0.196717 -0.018014 -0.370794 0.233403 0.076381 -0.039862 -0.307974 -0.261989 -0.229064 -0.547152 -0.489296 -0.271695 -0.217786 -0.330994 0.090423 -0.219717 -0.359965 0.373187 0.152961 0.175797 0.329494 0.315214 0.325909 0.683122 0.442012 0.475319 0.193987 0.100210 0.133500 1.000000 0.731925 0.169923 0.445131 -0.149738 -0.163584 0.016306 0.103728 0.182596 0.076850 0.081742 0.132667 0.018408 0.117508 0.175920 0.190852 0.150470 0.206105 -0.403096 0.174242 -0.303847 -0.157962 -0.079121 -0.055021 0.129344 0.102019 -0.255300 -0.165316 -0.143768 0.148215 -0.395039 -0.335015 -0.138566 -0.217289 -0.246742 -0.435796 0.105387 0.074230 -0.161290 0.029187 0.063350 0.152377 0.118124 0.156427 0.018850 0.059193 0.132504 0.273003 -0.132563 0.028667 -0.041541 -0.089129 0.120786 0.174129 -0.043631 -0.172666 -0.006212 0.109913 -0.218968 -0.293237 0.099642 0.126469 -0.174996 0.088120 0.117816 0.145512 0.094205 -0.015468 0.110070 0.181078 -0.072880 0.137952 0.073179 -0.252071 -0.250430 -0.088679 -0.348060 -0.149296 0.016884 0.025244 -0.002774 0.126863 -0.148078 -0.012394 -0.049873 -0.118440
-0.596516 -0.212918 -0.352465 -0.175022 0.157772 0.318840 -0.117576 -0.025393 -0.372817 -0.087857 -0.632320 -0.470185 -0.347338 -0.163420 -0.601687 -0.004159 -0.373653 -0.301773 0.041377 0.150312 0.172839 0.378467 -0.003885 0.500069 0.439888 0.505800 0.257877 0.265985 -0.059713 0.149088 0.731925 1.000000 0.030809 0.644995 -0.252598 0.025366 -0.029093 0.011942 0.168128 0.223941 0.226233 0.243708 -0.011318 0.168597 0.356187 0.481055 0.151006 0.293452 -0.378539 0.202957 -0.430288 -0.115089 -0.071186 -0.042826 -0.051448 0.084373 -0.406736 -0.355399 -0.180382 0.071783 -0.463683 -0.214962 -0.165375 -0.145182 -0.270207 -0.353037 0.016511 0.188343 -0.102496 -0.001020 0.113434 0.321836 0.051027 0.113026 -0.077964 -0.050927 0.045595 0.402077 -0.220352 -0.069153 -0.064608 -0.113971 0.041355 0.308413 -0.079059 -0.134399 -0.130118 0.194290 -0.419020 -0.318634 0.227782 0.131851 -0.105729 -0.057891 0.101182 0.150120 0.062503 0.000234 0.090152 0.150407 -0.054186 0.136655 0.148208 -0.168311 -0.053946 -0.015047 -0.290203 -0.120614 -0.040930 -0.057353 -0.043600 0.080136 -0.122958 0.114039 0.008995 -0.036448
-0.027092 0.293410 -0.110715 -0.227399 -0.186725 -0.257260 0.073735 -0.059227 -0.159765 0.024332 -0.065860 -0.097200 0.359033 0.373640 0.017991 0.430887 0.299732 0.014276 0.113743 0.431376 -0.108664 -0.036188 -0.272495 -0.310816 -0.033912 -0.212863 -0.096343 -0.319878 0.394584 0.470139 0.169923 0.030809 1.000000 0.485341 -0.144037 -0.228889 0.289299 0.308546 -0.280541 -0.232677 -0.156799 0.228047 -0.088042 -0.208996 0.008789 -0.087914 -0.059560 -0.070842 -0.395820 -0.026826 -0.128380 -0.334082 -0.203144 -0.038940 -0.193259 -0.172412 -0.005394 0.041451 -0.098617 0.019672 0.029301 -0.268304 0.361621 0.068976 -0.168842 -0.422952 -0.003002 -0.288901 -0.037833 0.181538 -0.197961 -0.114064 0.535389 0.217827 0.360822 0.134163 0.055651 -0.110988 0.327376 0.422461 0.561499 0.463105 -0.052215 0.224006 0.095720 0.000526 0.040992 -0.275773 -0.157084 -0.184017 0.029281 -0.094159 0.010172 -0.215410 -0.212262 0.034570 -0.314156 -0.100793 0.048443 -0.022049 0.098032 0.249132 0.267831 0.061687 -0.198431 -0.014887 -0.085671 -0.183973 -0.127866 -0.133186 0.005041 -0.038167 -0.047457 0.055439 0.109923 -0.080390
-0.375815 0.047057 -0.382895 -0.276823 -0.008325 0.025070 0.142782 0.116850 -0.325175 0.002790 -0.353081 -0.347892 0.138957 0.335659 -0.280131 0.267000 -0.010193 -0.110054 0.021927 0.502789 -0.014955 0.138598 -0.329438 -0.048958 0.141504 0.028468 -0.028422 -0.111285 0.219698 0.553650 0.445131 0.644995 0.485341 1.000000 -0.184997 0.064830 0.285352 0.311674 -0.031174 -0.022708 0.236497 0.390204 -0.018887 -0.018448 0.351059 0.410733 0.061103 0.186748 -0.539747 0.183345 -0.482433 -0.477200 -0.354889 -0.140217 -0.366126 -0.178524 -0.355662 -0.332061 -0.355191 -0.137055 -0.291392 -0.228505 0.111087 -0.003981 -0.251835 -0.482282 -0.081547 -0.066591 0.041041 0.111556 -0.053177 0.136649 0.417718 0.246869 0.134278 -0.058058 0.133548 0.263984 0.094386 0.254658 0.410563 0.350198 -0.024227 0.321217 -0.032184 -0.074048 -0.032610 -0.244419 -0.493588 -0.545633 0.145740 -0.085415 0.017462 -0.193448 -0.001504 0.153367 -0.204103 -0.090063 0.102366 0.063344 0.155534 0.324481 0.371772 -0.134139 -0.186055 -0.017084 -0.282200 -0.243894 -0.116073 -0.267492 0.052067 0.147260 -0.048435 0.136889 0.143944 -0.063205
0.083693 -0.164773 0.422764 0.085462 -0.005309 0.291568 -0.225385 -0.167360 0.005853 -0.141250 0.072142 -0.042959 -0.291704 -0.402430 -0.060708 -0.467513 -0.314753 -0.188048 -0.179154 -0.245598 0.158258 0.134915 0.365736 0.069604 0.188549 0.267355 0.519541 0.452278 -0.459080 -0.465232 -0.149738 -0.252598 -0.144037 -0.184997 1.000000 0.461517 -0.152699 -0.043680 0.298993 0.263972 -0.139249 -0.245348 0.043561 0.171712 -0.167578 -0.036879 -0.244297 0.186490 0.036008 -0.459302 0.347833 -0.036667 0.107445 0.003501 0.249432 -0.072515 0.075962 0.243057 0.103770 -0.191933 -0.120341 -0.197410 -0.317719 -0.305955 0.225506 0.221366 0.256981 0.449464 0.408663 0.092296 0.052051 0.001405 -0.407947 -0.090110 0.041537 -0.244192 0.023873 -0.044870 -0.038727 -0.230479 -0.363610 -0.220291 -0.156529 -0.410821 0.014638 0.129890 -0.002115 0.115901 0.290650 0.175701 -0.017787 0.027824 -0.194836 -0.066384 0.066355 -0.104725 0.418022 0.095182 -0.363267 -0.210045 -0.179674 -0.250794 -0.081364 -0.050386 0.105560 0.056565 0.107752 0.102667 -0.106000 -0.042639 0.441349 -0.062447 0.024574 -0.229429 -0.094724 0.047770
0.124600 -0.362900 0.038303 0.246713 0.123492 0.494649 -0.028097 0.314026 0.001081 0.222730 0.249924 0.164922 -0.069218 -0.240850 -0.181274 -0.486292 -0.289318 -0.255055 -0.263413 -0.352866 0.027988 0.086975 0.036270 0.131077 -0.023259 0.189260 0.208387 0.256284 -0.259803 -0.307483 -0.163584 0.025366 -0.228889 0.064830 0.461517 1.000000 -0.040744 -0.034320 0.096720 -0.010728 0.004625 -0.105653 -0.210242 -0.019290 0.152735 0.280025 -0.455691 -0.066354 0.080354 -0.375484 -0.075163 -0.162490 -0.183990 -0.130234 -0.111592 -0.450763 -0.089640 0.064244 0.124398 -0.292172 0.135880 0.107984 -0.256991 -0.213454 0.475844 0.536406 0.297901 0.604880 0.291755 -0.059360 0.048653 0.087292 -0.414298 -0.092748 -0.203511 -0.435434 -0.077395 0.041779 0.036239 -0.267219 -0.286387 -0.197056 -0.064427 -0.373645 0.277671 0.288509 -0.135347 0.162882 0.391407 0.105567 -0.120529 -0.190720 0.155182 0.053252 0.082764 -0.071349 0.045596 -0.042300 -0.534910 -0.406504 -0.213826 -0.003147 -0.049385 -0.170912 -0.057681 -0.119025 0.028550 0.081132 -0.052987 -0.308973 0.048579 -0.104213 -0.061247 -0.217441 -0.150982 0.082670
