1.000000 0.369449 -0.307766 -0.372941 0.122657 0.207203 -0.195456 -0.423276 0.092397 0.094152 0.448949 0.300830 0.383765 0.186314 0.115287 0.339512 0.303966 0.062382 0.290077 0.280383 -0.052865 -0.151155 -0.156106 -0.069608 -0.263623 -0.172924 0.159760 0.193799 0.393529 0.173422 -0.216793 -0.259870 0.061106 -0.049259 -0.200522 -0.132411 -0.122540 -0.110880 -0.122450 -0.047549 0.158332 0.043405 0.021960 -0.057128 0.177527 -0.009606 0.261662 -0.084652 0.126078 0.278806 0.044194 0.252176 0.157769 0.219369 0.154213 0.097619 0.571283 0.284496 0.138428 -0.107226 0.041933 0.105956 0.026797 -0.051041 -0.149889 -0.141218 -0.277642 -0.502908 0.010148 0.268221 0.042408 0.146312 0.098915 0.045212 0.187880 0.168488 -0.061456 0.030050 0.138766 0.020973 0.298331 -0.007994 0.191354 0.167271 -0.142610 -0.253408 0.223839 0.401389 -0.096344 -0.093162 -0.216325 0.086989 -0.229109 -0.103876 -0.013619 -0.125295 -0.187823 -0.098171 -0.065952 0.044095 -0.226409 -0.206761 -0.322548 -0.142910 -0.322948 -0.136425 0.306354 0.125003 0.072478 -0.047176 -0.084372 -0.192493 -0.092577 -0.278505 -0.140651 -0.107657
0.369449 1.000000 -0.497585 -0.113128 0.123562 0.284130 -0.343044 -0.033090 -0.036508 0.277526 0.273623 0.480440 0.290277 0.519798 0.099883 0.300082 0.324210 0.325001 -0.212070 -0.060557 -0.153008 -0.088220 -0.288400 -0.208260 -0.228660 -0.041202 -0.025052 0.153373 -0.033954 0.175598 -0.303373 -0.335750 -0.005308 -0.139854 -0.199292 -0.082883 -0.221903 0.015596 0.055730 0.171443 -0.029632 0.141378 -0.121404 -0.328355 -0.065700 -0.399059 -0.013147 -0.221050 0.144387 0.118167 0.179326 0.329740 0.271197 0.337999 0.183285 0.203423 0.371619 0.472095 0.024479 0.113865 0.103042 0.395254 0.058879 0.161393 -0.046551 0.235595 -0.346599 -0.496998 0.189749 0.142579 -0.152643 0.109866 -0.065208 0.132711 0.038020 0.179359 -0.053711 0.253986 0.068174 0.109905 0.088394 0.002759 -0.072697 -0.113402 -0.303067 -0.337136 0.167665 0.426985 0.134320 0.260646 -0.258384 -0.042124 -0.000453 -0.148541 0.038166 0.007127 -0.088497 0.137673 -0.094898 -0.220030 -0.093359 -0.197734 -0.374316 -0.410100 -0.234829 -0.068513 0.336738 0.269073 -0.040928 -0.175228 -0.328470 -0.174466 -0.060332 -0.145877 -0.191862 -0.272890
-0.307766 -0.497585 1.000000 0.299390 0.245236 -0.093194 0.532780 0.208185 0.224953 -0.193712 -0.201995 -0.310286 -0.294001 -0.481027 -0.070001 -0.311644 -0.304825 -0.513874 0.058555 0.096878 0.236495 0.264615 0.461956 0.413995 0.362511 0.224527 0.230564 0.049519 -0.384319 -0.437436 0.381333 0.376028 -0.251933 0.056053 0.207367 0.280586 -0.070128 -0.365819 -0.147690 -0.276232 -0.147144 -0.211853 0.266034 0.309950 -0.071901 0.156887 -0.115670 0.283715 -0.110849 -0.269729 -0.347307 -0.237362 -0.290233 -0.198410 -0.464916 -0.364072 -0.405703 -0.380173 0.019004 -0.233208 -0.206695 -0.432512 -0.280652 -0.349352 0.107232 0.057191 0.302739 0.509755 -0.282245 -0.165621 0.229514 0.051597 -0.184055 -0.136411 -0.201987 -0.143446 -0.061844 -0.047093 -0.147858 -0.122280 -0.194719 -0.187372 0.048070 -0.063556 0.131520 0.369633 -0.245752 -0.526119 -0.007367 -0.152576 0.196958 0.183448 0.100397 0.218963 -0.030346 0.010719 0.095396 -0.058809 -0.157544 -0.019757 0.100257 0.098271 0.332795 0.213301 0.244745 0.114554 -0.278591 -0.235533 0.258311 0.075850 0.224714 0.017119 -0.106825 0.063550 0.060433 0.146085
-0.372941 -0.113128 0.299390 1.000000 0.278589 -0.135338 0.295412 0.462799 0.160709 0.180645 -0.261767 0.000052 -0.316525 0.001085 0.033232 0.156230 -0.420392 -0.470699 -0.054811 -0.268084 0.059633 0.103267 0.355744 0.563301 0.302809 0.535849 0.237448 0.098641 -0.345255 -0.139108 0.540443 0.585995 0.044242 0.061534 0.005195 0.053858 0.183152 -0.014041 -0.026371 0.068458 -0.145422 0.007309 0.041814 0.206092 -0.097530 -0.133372 0.097231 0.079537 0.078252 -0.093390 0.131264 -0.065355 -0.077318 0.036916 -0.179399 -0.007428 -0.237246 -0.332198 -0.332594 -0.344965 -0.204153 -0.227916 -0.372908 -0.273247 0.107026 0.239518 -0.103615 0.095076 -0.111804 -0.496362 -0.207548 -0.260252 -0.231749 -0.074531 -0.147838 0.014546 -0.226800 -0.254054 -0.254148 -0.088225 -0.289365 -0.179824 -0.019865 0.242759 0.102503 0.494088 -0.227345 -0.241823 -0.076562 0.094838 0.063076 -0.112889 0.149767 -0.029963 -0.274788 -0.262422 -0.124754 -0.112079 -0.205858 -0.170490 0.115041 0.280714 0.123407 0.078630 0.147510 -0.206342 -0.543872 -0.308734 -0.089026 0.252677 -0.274284 -0.168179 0.117719 0.059263 0.083282 0.025747
0.122657 0.123562 0.245236 0.278589 1.000000 0.377562 -0.001309 -0.097976 0.251505 0.122523 0.046488 -0.106695 -0.083661 -0.150385 0.186522 0.077871 0.007884 -0.167227 0.139861 -0.035131 0.101634 0.207442 0.355243 0.317731 0.341238 0.441544 0.489010 0.550952 -0.143547 -0.052074 0.478811 0.244066 -0.178484 -0.090694 0.128209 0.151443 -0.245624 -0.152633 -0.152627 -0.126940 -0.036168 -0.026238 0.115493 -0.015914 -0.114188 -0.208328 0.071546 -0.062302 0.056139 -0.112463 -0.040954 0.029682 0.049761 0.147927 0.005126 -0.129815 0.029175 0.070733 -0.068624 -0.191497 -0.067504 -0.143764 -0.245834 -0.205931 0.163643 0.087005 -0.178847 -0.080728 -0.104539 -0.193851 0.060800 0.149499 -0.108886 0.051623 -0.024684 0.262550 -0.159770 0.073679 -0.028538 -0.091680 -0.005405 -0.213342 0.005592 0.060430 0.112154 0.204854 0.022287 0.104978 0.255991 0.287349 -0.189486 -0.073332 -0.211299 -0.103588 -0.038098 -0.053406 -0.138833 -0.126992 -0.386723 -0.224781 -0.103611 -0.110746 -0.068776 -0.086829 -0.178380 -0.303308 -0.085190 0.054511 0.279691 0.028342 -0.331761 -0.351817 -0.075637 -0.156191 -0.215483 0.073096
0.207203 0.284130 -0.093194 -0.135338 0.377562 1.000000 -0.096330 -0.103146 0.050716 0.252579 0.115548 0.102837 0.088804 0.113003 -0.196349 -0.009436 0.160179 0.157007 0.063475 0.127688 0.027437 -0.039438 -0.166914 -0.019475 -0.157136 0.038722 0.024942 0.213085 -0.145589 0.133006 -0.131408 -0.041418 -0.067864 0.062888 0.030985 -0.035879 -0.160521 -0.087790 0.174581 0.035232 0.058115 0.226303 0.003212 -0.234405 0.086786 -0.118508 -0.062876 -0.132644 0.070832 0.055594 0.081721 0.117009 0.229083 0.134814 0.173224 -0.004485 0.239874 0.157952 0.042678 0.181496 0.149910 0.298522 0.219735 0.292500 -0.102411 -0.006595 -0.180979 -0.300968 0.017689 0.096275 0.162943 0.224522 0.010410 -0.055165 -0.020149 0.005335 -0.148194 0.073665 -0.062295 -0.127959 -0.119689 -0.235688 0.125587 0.277873 -0.165963 -0.474304 0.142801 0.222821 0.038318 0.212285 0.060618 0.012306 0.006691 -0.142912 0.236595 -0.033367 -0.030362 -0.015693 -0.112382 0.010361 0.012033 -0.193631 -0.225967 -0.256913 -0.361246 -0.044474 0.175637 0.153075 0.064684 -0.283945 -0.128356 0.000319 0.023894 -0.182302 -0.160340 -0.042692
-0.195456 -0.343044 0.532780 0.295412 -0.001309 -0.096330 1.000000 0.219727 0.294858 0.040399 -0.089861 -0.094735 -0.016703 -0.044031 -0.135873 -0.021420 -0.448150 -0.570893 -0.099489 0.106709 0.162847 0.151078 0.249674 0.283193 0.045801 0.024822 0.283501 -0.028336 -0.265018 -0.245455 0.051977 0.098541 -0.125908 0.052629 0.018712 0.141033 0.057759 -0.425503 -0.211028 -0.213016 -0.122576 -0.109115 0.121686 0.261173 0.006273 0.143357 -0.006182 -0.032114 0.072104 0.052339 -0.085782 -0.020234 0.053050 -0.076334 -0.189373 -0.345684 -0.235866 -0.512224 0.179356 -0.284847 0.012994 -0.196799 -0.315027 -0.336129 -0.049920 0.094566 0.026087 0.264458 -0.268254 -0.154050 -0.161635 -0.401850 -0.347297 -0.332042 -0.421661 -0.349080 -0.268912 -0.354413 -0.335495 -0.221917 -0.317909 -0.263892 -0.109244 0.185214 0.006329 0.253781 -0.170304 -0.383954 -0.149440 -0.198788 0.445162 0.339722 0.468613 0.417878 -0.194328 -0.247834 -0.200843 -0.143980 -0.045313 0.176892 0.058853 0.352712 0.351245 0.198334 0.334848 0.037145 -0.339892 -0.224063 0.102686 0.158486 0.056616 0.184686 0.133951 0.275768 0.158707 0.253303
-0.423276 -0.033090 0.208185 0.462799 -0.097976 -0.103146 0.219727 1.000000 0.093835 0.235136 -0.272715 0.217545 -0.274456 0.189762 -0.357526 -0.015271 -0.267598 -0.275252 -0.453195 -0.342622 -0.125097 0.086574 -0.122282 0.122497 0.028289 0.278299 -0.268138 -0.345979 -0.574795 -0.038234 0.053998 0.208675 -0.193093 -0.060404 -0.112634 -0.084586 -0.091153 -0.008550 0.021072 -0.061646 -0.077051 0.094038 -0.107443 0.021027 -0.110399 -0.138186 -0.044964 -0.093570 0.115769 -0.017326 0.314697 0.112113 0.278983 -0.046371 0.114313 0.140974 -0.378487 -0.472894 0.009465 0.107710 0.165058 0.281243 -0.030461 0.149003 0.008925 0.346318 0.131033 0.185804 -0.083554 -0.315362 -0.266015 -0.239952 -0.239126 -0.003634 0.004029 -0.090229 -0.053040 0.049895 -0.139401 0.063051 -0.382661 -0.258104 -0.169221 -0.130306 0.110642 0.168550 -0.262466 -0.143942 0.100784 0.278962 -0.057860 -0.139816 0.241019 -0.088789 0.031605 -0.061639 0.042315 0.246424 0.008022 -0.214451 0.176273 0.167292 0.181512 -0.066157 -0.019352 0.123286 -0.101637 0.102442 -0.131232 0.067122 -0.180267 -0.048681 0.101246 0.276596 0.062108 -0.209393
0.092397 -0.036508 0.224953 0.160709 0.251505 0.050716 0.294858 0.093835 1.000000 0.354923 0.251513 0.108343 0.293668 0.226009 0.349070 -0.082100 -0.143785 -0.252574 0.073370 0.194078 -0.042038 0.001489 0.312503 0.401290 0.144531 0.233505 0.210131 0.064990 -0.128500 -0.284858 0.124032 -0.124140 -0.295918 -0.226743 0.182435 0.211626 -0.186590 -0.165215 -0.240498 -0.257626 -0.020795 -0.103474 -0.085121 -0.161487 -0.259088 -0.327631 -0.280923 -0.216521 0.014144 -0.117135 -0.094151 0.015741 0.083553 0.100142 0.004720 -0.321167 -0.300180 -0.253334 0.190028 -0.271678 0.134903 -0.024528 -0.179788 -0.389741 0.271455 0.281016 -0.117178 0.038299 -0.286128 -0.166460 0.125432 0.044450 -0.254231 -0.143448 -0.054446 -0.019095 -0.095216 -0.074345 -0.141862 -0.337302 -0.027952 -0.344965 0.053581 -0.102832 0.123217 0.025608 -0.169504 -0.307925 0.145980 0.204608 0.133613 0.443422 0.199352 0.409945 -0.070894 -0.183687 -0.183817 -0.186120 -0.311819 -0.157372 -0.130374 0.067622 -0.017712 0.060299 -0.047940 -0.073218 -0.072013 0.041064 -0.106534 -0.041819 -0.064495 -0.182589 -0.046640 -0.020521 -0.052232 -0.011604
0.094152 0.277526 -0.193712 0.180645 0.122523 0.252579 0.040399 0.235136 0.354923 1.000000 0.100531 0.387180 0.268905 0.522942 0.044624 0.382933 -0.085266 -0.083480 -0.049287 0.021378 -0.138057 -0.202793 -0.267320 0.089755 -0.317871 0.136441 -0.060478 -0.143556 -0.006654 0.123091 -0.003959 0.035542 0.089979 0.086933 0.047179 0.119055 -0.044190 -0.182854 -0.052532 -0.163183 -0.056813 0.199229 -0.247033 -0.365739 -0.005350 -0.284650 -0.228435 -0.491061 0.059619 0.094888 0.149499 0.107887 0.207775 0.065794 0.078819 -0.260675 0.115105 -0.066375 0.238189 0.093449 0.320511 0.402128 0.033807 0.181361 0.124653 0.395914 0.073372 -0.142887 0.024995 -0.120965 -0.144070 -0.098394 -0.067272 -0.206890 -0.007746 -0.026854 -0.251077 -0.138533 -0.229964 -0.258528 -0.166414 -0.342339 -0.028104 0.289954 0.000075 -0.007344 -0.154129 0.036588 0.015868 0.134261 0.052873 -0.059398 0.272784 -0.040696 -0.127514 -0.370413 -0.520909 -0.323147 -0.452032 -0.317900 -0.223621 0.112594 -0.328999 -0.312046 -0.235859 -0.371069 -0.088535 0.090031 -0.418932 -0.112421 -0.641776 -0.124115 0.042660 -0.269503 -0.211750 -0.042940
0.448949 0.273623 -0.201995 -0.261767 0.046488 0.115548 -0.089861 -0.272715 0.251513 0.100531 1.000000 0.386250 0.680907 0.382420 0.456097 0.151523 0.030686 0.111561 -0.009513 0.004945 -0.208669 -0.293961 0.155937 -0.039806 -0.296620 -0.188702 0.289263 0.023546 0.063828 -0.237900 -0.098636 -0.196927 -0.063969 -0.093207 0.192755 0.179643 -0.137212 -0.024104 0.076165 -0.042892 0.311761 0.168194 -0.211905 -0.419552 -0.245234 -0.406564 -0.082696 -0.211598 -0.125599 -0.139083 -0.190237 0.150065 0.074450 0.137897 0.311249 0.173600 0.128054 -0.017845 0.322560 -0.191436 0.474709 0.150601 -0.107480 -0.160832 0.293090 0.405831 -0.272319 -0.148479 -0.130849 0.048327 0.087320 0.134003 -0.308803 -0.079044 0.025790 0.068923 0.056256 0.254600 -0.148956 -0.186963 -0.084959 -0.319309 0.316103 -0.092811 -0.007276 -0.090343 0.138801 0.210191 0.242753 0.317745 -0.213886 0.136180 -0.066704 0.205905 0.145676 0.094961 0.033821 0.147498 -0.130955 -0.092502 -0.355490 -0.239327 -0.263497 -0.068457 -0.291796 -0.045228 0.192440 0.115927 -0.056279 -0.100391 -0.075615 -0.287833 -0.177716 -0.115727 -0.125774 -0.171620
0.300830 0.480440 -0.310286 0.000052 -0.106695 0.102837 -0.094735 0.217545 0.108343 0.387180 0.386250 1.000000 0.284127 0.608925 0.033119 0.483926 -0.081324 -0.026250 -0.318492 0.021850 -0.246149 -0.144721 -0.251851 0.226881 -0.315911 0.052913 -0.054302 -0.132342 -0.113651 -0.010388 -0.329232 -0.121274 -0.129609 -0.150356 -0.228264 -0.158041 -0.001674 -0.140483 0.042931 0.014182 -0.053774 0.055955 -0.134242 -0.181005 -0.038539 -0.298732 0.040706 -0.076834 0.154516 0.036762 0.173683 0.214784 0.285475 0.250288 0.195434 0.192028 0.261560 -0.209335 -0.000256 -0.214161 0.212632 0.379181 -0.014967 0.024711 -0.099420 0.442587 -0.323717 -0.300925 0.012395 -0.026048 -0.293136 -0.104152 -0.242441 -0.186010 0.002524 0.089330 -0.172962 -0.078021 -0.165836 -0.138738 -0.137307 -0.259843 0.029085 0.152187 -0.129528 0.045937 -0.044873 0.148844 -0.102376 0.182687 0.014868 -0.075498 0.327977 -0.042288 0.060301 -0.106189 -0.098175 0.121626 -0.071302 -0.043548 -0.146632 -0.055410 -0.182477 -0.251651 -0.136611 -0.019440 0.103600 0.101172 -0.122463 0.004327 -0.226043 -0.142670 0.049558 0.000966 0.019242 -0.202579
0.383765 0.290277 -0.294001 -0.316525 -0.083661 0.088804 -0.016703 -0.274456 0.293668 0.268905 0.680907 0.284127 1.000000 0.515803 0.308248 0.094917 0.159197 0.158993 -0.036056 0.336259 -0.332798 -0.379453 -0.060613 -0.184913 -0.346285 -0.259820 0.167505 -0.031604 0.115986 -0.255207 -0.256791 -0.385390 -0.007002 -0.047450 0.134892 0.181246 -0.221243 -0.084390 -0.100122 -0.102713 0.224237 0.238116 -0.230012 -0.402902 -0.142952 -0.332862 -0.213947 -0.371498 -0.144163 -0.016643 -0.178801 0.020027 0.142734 0.093475 0.346157 0.096359 0.209567 0.096118 0.485139 0.014458 0.478664 0.279184 0.065094 -0.106484 0.205722 0.264881 -0.022099 -0.093172 0.076024 0.281531 0.067666 0.184643 -0.200364 -0.121233 -0.087834 -0.045464 -0.028370 0.200330 -0.052296 -0.241437 -0.058646 -0.290572 0.113559 -0.121418 -0.114743 -0.282774 -0.107146 0.197753 0.181208 0.264294 0.017484 0.407647 0.108022 0.353038 0.026789 -0.052741 -0.045258 -0.068056 -0.126931 -0.009492 -0.310525 -0.192606 -0.359299 -0.235578 -0.387004 -0.105579 0.321559 0.348920 -0.037129 -0.112924 -0.126053 -0.012872 -0.132417 -0.177343 -0.025781 -0.071456
0.186314 0.519798 -0.481027 0.001085 -0.150385 0.113003 -0.044031 0.189762 0.226009 0.522942 0.382420 0.608925 0.515803 1.000000 0.016577 0.386780 -0.036478 0.027749 -0.361434 -0.119540 -0.230533 -0.310126 -0.385745 -0.141870 -0.402437 -0.127810 -0.117603 -0.263508 -0.043589 0.133454 -0.270261 -0.262507 0.157505 0.049334 -0.159684 -0.102209 0.024058 0.022659 0.131091 0.172853 0.109200 0.313037 -0.373278 -0.400474 -0.269278 -0.500696 -0.152317 -0.439993 0.117712 0.034803 0.295951 0.300763 0.395124 0.146802 0.389696 0.224463 0.050544 -0.129076 0.321685 0.165698 0.454707 0.683029 -0.026017 0.167591 -0.081777 0.410096 -0.195961 -0.280976 0.033024 -0.101628 -0.246325 -0.154147 -0.144085 -0.081120 0.081092 0.015923 -0.083424 -0.004392 -0.232114 -0.240043 -0.147995 -0.268668 -0.024275 0.031592 -0.120729 -0.217567 -0.056205 0.201778 -0.096471 0.233453 -0.017486 0.013928 0.279876 0.120363 -0.091791 -0.240002 -0.213030 0.042147 -0.119886 -0.194982 -0.208057 -0.020453 -0.287581 -0.203657 -0.198058 -0.155130 0.094968 0.180783 -0.296454 0.009224 -0.426984 -0.105903 0.067821 0.070761 -0.051439 -0.074415
0.115287 0.099883 -0.070001 0.033232 0.186522 -0.196349 -0.135873 -0.357526 0.349070 0.044624 0.456097 0.033119 0.308248 0.016577 1.000000 0.135621 -0.132160 -0.032216 0.288931 -0.050321 -0.036988 -0.054609 0.586391 0.314435 0.248498 0.079727 0.445710 0.310063 0.175433 -0.336386 0.312305 0.029072 -0.217573 -0.403685 0.209784 0.179091 -0.116015 0.018580 0.001158 -0.136527 -0.010222 -0.105513 -0.020809 -0.118220 -0.248877 -0.308417 -0.057325 -0.015107 -0.022124 -0.053913 -0.180111 0.122302 -0.007689 0.294898 0.048052 -0.077340 0.010718 0.055948 -0.122499 -0.529385 -0.091960 -0.355072 -0.388837 -0.578436 0.435996 0.283132 -0.402172 -0.077549 -0.345619 -0.111960 0.112074 0.085854 -0.217139 -0.111537 0.043985 0.071352 -0.032536 -0.087304 -0.068233 -0.294880 0.118243 -0.140509 0.353754 -0.150861 0.276511 0.260430 0.178379 -0.037659 0.301723 0.128921 -0.160274 0.191618 -0.074865 0.309536 -0.058937 0.041596 0.000189 -0.135252 -0.351373 -0.093411 -0.236887 0.016909 -0.256311 -0.000982 0.075198 -0.099169 -0.119322 -0.136423 -0.145137 -0.083266 -0.146510 -0.296041 -0.138310 -0.048610 -0.137329 -0.154809
0.339512 0.300082 -0.311644 0.156230 0.077871 -0.009436 -0.021420 -0.015271 -0.082100 0.382933 0.151523 0.483926 0.094917 0.386780 0.135621 1.000000 -0.157716 -0.172445 -0.055900 -0.223905 0.019379 -0.111184 -0.200519 0.153928 -0.282825 0.004078 0.063924 -0.022932 0.192478 0.237335 0.043902 0.150638 0.235008 0.016330 -0.253481 -0.219949 0.158046 -0.067877 0.066300 -0.012737 0.030636 0.155412 -0.164721 -0.047535 0.020608 -0.201682 0.226773 -0.168119 0.094419 0.101085 0.280775 0.169239 0.156547 0.128011 0.150188 0.154920 0.456524 -0.097577 -0.061893 -0.215381 0.118171 0.208226 -0.120563 0.022730 -0.152826 0.206164 -0.241059 -0.333949 -0.014422 -0.282182 -0.377844 -0.274465 -0.072798 -0.165415 0.028050 0.035622 -0.342287 -0.288583 -0.211692 -0.146769 -0.001003 -0.029515 0.032394 0.391595 0.108085 0.349247 0.056780 0.173204 -0.040388 0.059133 -0.119934 -0.273664 0.113593 -0.185550 -0.139016 -0.162962 -0.352481 -0.020373 -0.212185 -0.083915 -0.132904 0.145916 -0.295143 -0.178424 -0.015406 -0.431489 -0.166252 -0.212850 -0.297768 0.124899 -0.497917 -0.168434 -0.081544 0.006282 -0.185313 -0.078480
0.303966 0.324210 -0.304825 -0.420392 0.007884 0.160179 -0.448150 -0.267598 -0.143785 -0.085266 0.030686 -0.081324 0.159197 -0.036478 -0.132160 -0.157716 1.000000 0.627677 0.115576 0.349736 -0.047160 -0.019216 -0.401073 -0.390835 -0.182417 -0.108082 -0.135428 0.173083 0.252727 0.217482 -0.302563 -0.458308 0.192083 0.138787 -0.049233 -0.062030 -0.166259 0.163059 -0.057926 0.136486 0.069273 -0.010440 0.055949 -0.233863 0.035512 -0.002657 -0.072642 -0.010919 -0.240114 -0.029158 -0.328390 -0.212076 -0.089030 -0.142026 -0.018674 -0.020679 0.377894 0.630609 0.083764 0.305918 0.043500 0.224523 0.465473 0.333468 -0.145841 -0.321379 0.117703 -0.193626 0.540219 0.377909 0.288651 0.378338 0.399639 0.275217 0.121331 0.338997 0.416978 0.484457 0.561018 0.388963 0.553392 0.356455 -0.168263 -0.235004 -0.394544 -0.559893 0.123865 0.420011 0.084284 0.059000 -0.211158 -0.050478 -0.221721 -0.178419 0.023285 0.022830 0.084298 0.104788 0.176847 -0.035562 -0.015720 -0.370475 -0.215567 -0.187247 -0.231401 0.044036 0.455295 0.356294 0.118077 -0.080711 0.197533 0.053976 0.008301 -0.320835 -0.154325 0.042809
0.062382 0.325001 -0.513874 -0.470699 -0.167227 0.157007 -0.570893 -0.275252 -0.252574 -0.083480 0.111561 -0.026250 0.158993 0.027749 -0.032216 -0.172445 0.627677 1.000000 -0.083639 0.102647 -0.161313 -0.283960 -0.358631 -0.523225 -0.217122 -0.186203 -0.265349 -0.011406 0.228536 0.313827 -0.307744 -0.392564 0.174695 0.075597 0.109003 0.050567 -0.153268 0.240336 0.022725 0.225322 0.045329 0.118543 -0.185862 -0.362953 -0.030549 -0.063452 -0.249503 -0.141754 -0.189924 -0.046384 -0.060836 -0.053615 -0.155962 0.011799 0.045214 0.121094 0.203933 0.563791 -0.050935 0.350400 0.096623 0.335048 0.449898 0.465636 0.022265 -0.077653 0.034438 -0.150610 0.368111 0.325308 0.174233 0.376999 0.221763 0.203360 0.068387 0.118537 0.245306 0.503063 0.380607 0.336650 0.330085 0.407014 -0.232461 -0.270482 -0.285599 -0.496600 0.092199 0.272281 0.153607 0.221830 -0.226458 -0.181410 -0.171554 -0.245832 0.228260 0.249471 0.222649 0.157254 0.181886 -0.008659 -0.101433 -0.389872 -0.301442 -0.295077 -0.250470 0.165493 0.437151 0.362539 -0.015208 -0.187633 0.076907 0.024154 -0.055634 -0.238275 -0.017315 0.007830
0.290077 -0.212070 0.058555 -0.054811 0.139861 0.063475 -0.099489 -0.453195 0.073370 -0.049287 -0.009513 -0.318492 -0.036056 -0.361434 0.288931 -0.055900 0.115576 -0.083639 1.000000 0.358538 0.269415 0.054330 0.285376 0.196178 0.149491 0.023183 0.150845 0.127446 0.356960 0.012335 0.264849 0.240034 -0.063063 -0.044411 0.101089 -0.166792 0.085483 -0.174609 -0.055826 -0.100706 0.096009 -0.041754 0.109564 0.104583 0.137620 0.256597 0.101005 0.106495 0.038956 0.273027 -0.202906 -0.006143 -0.122555 0.050454 -0.100169 -0.202531 0.268779 0.275437 -0.234109 -0.141103 -0.331411 -0.391461 0.130615 -0.141419 0.010174 -0.318588 -0.111275 -0.233583 -0.055013 0.073120 0.323855 0.075023 0.320375 0.063212 0.236092 0.064093 0.182646 -0.161014 -0.009447 -0.229390 0.180122 -0.123701 0.471141 0.289853 -0.059929 -0.098114 0.228781 0.066987 -0.126114 -0.279743 0.002832 0.050231 -0.305339 -0.065688 -0.079774 -0.209413 -0.215631 -0.231628 -0.021270 0.225448 -0.039755 -0.004676 -0.145914 -0.047772 -0.036341 -0.222853 -0.007732 -0.090049 -0.059353 -0.226328 -0.038352 -0.108021 -0.109127 -0.344377 -0.267188 0.066870
0.280383 -0.060557 0.096878 -0.268084 -0.035131 0.127688 0.106709 -0.342622 0.194078 0.021378 0.004945 0.021850 0.336259 -0.119540 -0.050321 -0.223905 0.349736 0.102647 0.358538 1.000000 -0.005784 0.085064 -0.005548 0.172720 -0.111462 0.031000 0.045452 0.156891 0.169290 -0.118294 -0.221786 -0.211377 -0.166624 0.001284 -0.092267 0.034098 -0.084571 -0.343468 -0.318005 -0.160636 0.016729 -0.027726 0.146983 -0.014669 0.134838 0.219634 -0.081329 0.100325 -0.089841 0.103113 -0.439022 -0.238046 -0.067899 -0.135617 -0.103996 -0.328720 0.228490 0.200907 0.055456 -0.058781 -0.140526 -0.133532 0.283720 -0.132815 -0.142292 -0.287381 0.043987 -0.085877 0.223274 0.583575 0.346399 0.361447 0.073459 -0.237891 -0.197021 -0.031845 -0.071339 0.085048 0.149495 -0.159413 0.140944 -0.105720 0.000813 0.186553 -0.394848 -0.396144 -0.208239 -0.017408 -0.099408 -0.139793 0.425616 0.466623 0.232573 0.306238 -0.011416 -0.191478 -0.064387 -0.188284 0.056249 0.339362 -0.063917 -0.174816 -0.072557 -0.194079 -0.120096 0.140319 0.306592 0.338225 0.229395 -0.002546 0.296241 0.142744 0.089762 -0.353984 0.089814 0.169978
-0.052865 -0.153008 0.236495 0.059633 0.101634 0.027437 0.162847 -0.125097 -0.042038 -0.138057 -0.208669 -0.246149 -0.332798 -0.230533 -0.036988 0.019379 -0.047160 -0.161313 0.269415 -0.005784 1.000000 0.383420 0.155444 0.227369 0.367463 0.094050 0.174574 0.237976 0.175641 0.156106 0.260161 0.306426 0.089489 0.241760 0.040422 -0.052819 0.334767 -0.199261 0.159008 0.121374 -0.076438 -0.034145 0.038878 0.144175 -0.098889 -0.005793 -0.161239 0.121218 -0.165257 -0.188961 -0.218898 -0.072060 -0.273316 -0.074013 -0.443723 -0.380284 0.034972 0.057596 -0.202473 -0.079901 -0.256169 -0.099071 -0.084938 -0.066101 -0.291124 -0.239827 -0.130326 -0.014613 -0.160145 -0.039727 0.196613 -0.204768 0.208430 0.156283 0.037007 0.035153 0.076174 -0.021268 0.173039 0.111512 0.314844 0.215760 0.049357 0.232109 0.026394 0.069814 0.263821 -0.127395 -0.299967 -0.295840 0.146647 -0.218293 -0.100252 -0.158923 -0.074668 -0.118743 -0.307410 -0.187849 -0.075793 -0.131235 0.158148 -0.025316 0.115920 0.251939 0.337661 -0.158315 -0.359182 -0.318781 0.038575 0.253425 0.006148 -0.055752 0.052425 0.039993 -0.070433 0.159201
-0.151155 -0.088220 0.264615 0.103267 0.207442 -0.039438 0.151078 0.086574 0.001489 -0.202793 -0.293961 -0.144721 -0.379453 -0.310126 -0.054609 -0.111184 -0.019216 -0.283960 0.054330 0.085064 0.383420 1.000000 0.148235 0.274482 0.537599 0.399397 0.192099 0.330031 -0.178122 -0.136818 0.202370 0.155579 -0.307040 -0.108603 -0.263156 -0.128340 -0.047857 -0.314724 -0.024712 -0.084461 -0.139598 -0.145366 0.242389 0.241936 0.037379 0.176625 0.176131 0.366292 -0.034927 -0.021650 -0.205714 0.028448 0.077349 -0.027850 -0.162584 -0.294742 -0.045321 0.002364 -0.237051 -0.202473 -0.329420 -0.258889 -0.109507 -0.221007 -0.159762 -0.246817 -0.182650 -0.041329 -0.045236 -0.040876 0.117950 0.013123 -0.039411 0.177483 -0.107396 0.197665 0.094336 0.002527 0.143462 -0.039057 0.220025 -0.075033 -0.090096 0.007310 -0.045869 0.183198 0.014811 0.003191 -0.023144 -0.128274 0.142476 0.145089 0.048739 0.060213 -0.154433 -0.118456 0.039442 -0.054186 0.143004 0.109528 0.252829 0.077087 0.367533 0.164898 0.245648 -0.096227 -0.056237 -0.060037 0.244313 0.096081 0.187669 -0.066314 -0.035426 0.052367 -0.159801 -0.100186
-0.156106 -0.288400 0.461956 0.355744 0.355243 -0.166914 0.249674 -0.122282 0.312503 -0.267320 0.155937 -0.251851 -0.060613 -0.385745 0.586391 -0.200519 -0.401073 -0.358631 0.285376 -0.005548 0.155444 0.148235 1.000000 0.614817 0.616835 0.380814 0.634709 0.406793 -0.268027 -0.463718 0.604748 0.416838 -0.392464 -0.281303 0.335208 0.348200 -0.072868 -0.142958 -0.116687 -0.104589 0.000691 -0.163796 0.100510 0.124089 -0.253246 -0.121993 -0.013666 0.118811 -0.084476 -0.175420 -0.225982 0.003167 -0.165431 0.185866 -0.195779 -0.135620 -0.266543 -0.158935 -0.216824 -0.593210 -0.282344 -0.649853 -0.445872 -0.659176 0.506399 0.237930 -0.268226 0.225222 -0.453110 -0.095637 0.153121 0.038376 -0.396810 -0.102806 -0.161321 -0.087629 -0.119555 -0.079482 -0.131021 -0.257569 -0.160722 -0.237626 0.272126 -0.051309 0.265551 0.358855 0.007966 -0.229312 0.310400 0.088573 -0.056683 0.215544 -0.160924 0.269400 -0.022553 0.129418 -0.021491 -0.164994 -0.335979 -0.073099 -0.103124 0.079756 0.076303 0.208117 0.114301 0.085269 -0.214590 -0.168856 0.198093 -0.007467 -0.011535 -0.313602 -0.149748 -0.086052 0.001688 -0.043647
-0.069608 -0.208260 0.413995 0.563301 0.317731 -0.019475 0.283193 0.122497 0.401290 0.089755 -0.039806 0.226881 -0.184913 -0.141870 0.314435 0.153928 -0.390835 -0.523225 0.196178 0.172720 0.227369 0.274482 0.614817 1.000000 0.473862 0.622935 0.405726 0.357716 -0.296209 -0.320011 0.494926 0.507175 -0.343556 -0.279484 0.004076 0.090662 0.056990 -0.279376 -0.096165 -0.160455 -0.073892 -0.152587 0.081037 0.112155 -0.182131 -0.184081 -0.035930 0.229947 0.021692 -0.137894 -0.126186 -0.016351 -0.056133 0.157527 -0.212095 -0.153724 -0.044166 -0.313304 -0.389694 -0.644177 -0.352260 -0.449059 -0.341140 -0.518113 0.155678 0.232999 -0.385339 0.002183 -0.306478 -0.187890 -0.006686 -0.027432 -0.401365 -0.259666 -0.228570 -0.005727 -0.347560 -0.302240 -0.282143 -0.315760 -0.165374 -0.301845 0.200014 0.330677 0.152274 0.416841 -0.106675 -0.300742 0.029677 0.107256 0.160804 0.124052 0.214388 0.210329 -0.000972 -0.069274 -0.121701 -0.173110 -0.258227 -0.041790 0.015721 0.160723 0.138372 0.087315 0.138083 0.006515 -0.272543 -0.179870 0.146981 0.075209 -0.123393 -0.301435 0.061899 -0.057629 0.055623 -0.054047
-0.263623 -0.228660 0.362511 0.302809 0.341238 -0.157136 0.045801 0.028289 0.144531 -0.317871 -0.296620 -0.315911 -0.346285 -0.402437 0.248498 -0.282825 -0.182417 -0.217122 0.149491 -0.111462 0.367463 0.537599 0.616835 0.473862 1.000000 0.555472 0.371994 0.452638 -0.217573 -0.250039 0.558999 0.380960 -0.280763 -0.199845 0.194181 0.173264 -0.045554 -0.108485 0.027358 0.021412 -0.140181 -0.235929 0.034170 0.147928 -0.245420 -0.087228 -0.130125 0.241334 -0.190204 -0.212552 -0.125702 -0.007248 -0.097673 0.186368 -0.299988 -0.138737 -0.278470 -0.010805 -0.320774 -0.378813 -0.438799 -0.437743 -0.323511 -0.466728 0.248226 0.063840 -0.225589 0.138553 -0.235180 -0.142066 0.084920 0.051103 -0.162759 0.164871 -0.096996 0.241056 0.013516 -0.017134 0.127338 -0.001937 0.187233 0.025096 -0.025656 -0.275250 0.257088 0.319082 0.043445 -0.179465 0.128487 0.043146 -0.190823 0.074072 -0.233051 0.033953 -0.057587 0.141778 0.091889 -0.134730 -0.217827 -0.167615 0.125494 0.017572 0.201103 0.208428 0.216842 -0.010536 -0.169822 -0.115467 0.244668 0.090143 0.026126 -0.255251 -0.057807 0.086472 -0.000269 -0.040728
-0.172924 -0.041202 0.224527 0.535849 0.441544 0.038722 0.024822 0.278299 0.233505 0.136441 -0.188702 0.052913 -0.259820 -0.127810 0.079727 0.004078 -0.108082 -0.186203 0.023183 0.031000 0.094050 0.399397 0.380814 0.622935 0.555472 1.000000 0.304701 0.437418 -0.326662 0.020663 0.553986 0.522458 -0.211065 0.023450 0.129769 0.193805 -0.167427 -0.112311 -0.307972 -0.186057 0.087963 -0.018568 -0.084742 -0.089059 -0.169709 -0.169905 -0.068819 -0.049875 -0.176419 -0.218734 -0.032753 -0.164086 -0.045489 -0.079434 -0.235759 -0.192469 -0.116329 -0.031145 -0.332070 -0.400615 -0.224150 -0.190906 -0.205256 -0.150723 0.362574 0.230698 -0.135388 0.098953 -0.098394 -0.142449 0.010564 0.089670 -0.366116 -0.030470 -0.178224 0.199370 -0.089725 0.039555 0.121034 0.025526 0.037749 -0.069142 -0.093982 0.041506 0.228302 0.320119 -0.194400 -0.035010 0.257365 0.299672 -0.102850 -0.165252 -0.049088 -0.084725 -0.127576 -0.036781 -0.158757 -0.182156 -0.233348 -0.256524 -0.014967 -0.107632 0.034285 -0.053882 -0.276391 -0.111245 -0.104158 0.113198 0.168514 0.062681 -0.282271 -0.377044 0.042762 -0.098259 -0.040517 -0.153038
0.159760 -0.025052 0.230564 0.237448 0.489010 0.024942 0.283501 -0.268138 0.210131 -0.060478 0.289263 -0.054302 0.167505 -0.117603 0.445710 0.063924 -0.135428 -0.265349 0.150845 0.045452 0.174574 0.192099 0.634709 0.405726 0.371994 0.304701 1.000000 0.599118 -0.152312 -0.263837 0.327326 0.153367 -0.111843 0.009889 0.146349 0.292860 0.000094 -0.133278 -0.144329 0.064057 -0.038098 0.154477 0.074015 0.161446 -0.060566 -0.102094 0.049567 0.008667 -0.038112 0.007365 -0.174238 0.086077 -0.053847 0.040712 -0.105023 -0.236693 0.155340 -0.048267 -0.079122 -0.474110 -0.125368 -0.281480 -0.473687 -0.534345 0.207762 0.190827 -0.301480 0.035493 -0.226880 0.048622 0.107886 -0.223370 -0.257825 0.002964 -0.066691 0.108673 -0.167531 -0.122393 -0.031915 -0.157249 0.084661 -0.143601 0.018232 0.058952 0.135189 0.289996 0.053179 0.175763 0.171531 0.005474 -0.069001 0.109013 -0.151539 0.132322 -0.353458 -0.269363 -0.152745 -0.342866 -0.361100 -0.144758 -0.276589 -0.060860 -0.094558 0.042724 -0.012344 -0.209057 -0.277682 -0.235160 0.188460 0.147254 -0.127212 -0.284957 -0.088871 -0.111703 -0.138888 -0.102034
0.193799 0.153373 0.049519 0.098641 0.550952 0.213085 -0.028336 -0.345979 0.064990 -0.143556 0.023546 -0.132342 -0.031604 -0.263508 0.310063 -0.022932 0.173083 -0.011406 0.127446 0.156891 0.237976 0.330031 0.406793 0.357716 0.452638 0.437418 0.599118 1.000000 0.027958 -0.147782 0.214592 0.036891 -0.090663 -0.129517 0.004488 0.248265 -0.154968 0.116489 -0.201426 -0.066081 -0.017014 -0.103822 0.135855 0.049303 -0.023525 -0.148493 -0.008576 0.165258 -0.097155 -0.085730 -0.227099 -0.003313 -0.088519 0.075903 -0.230341 -0.191127 0.250138 0.281471 -0.290694 -0.382081 -0.384509 -0.339462 -0.364410 -0.332585 0.118584 -0.043230 -0.382816 -0.127852 -0.062955 0.144711 0.112050 0.137426 -0.105054 0.087502 -0.141851 0.221987 -0.137427 0.057745 0.216219 0.124319 0.353615 0.158754 -0.054280 -0.041444 0.113753 0.084708 0.239258 0.255265 0.198643 0.076451 -0.126084 0.122036 -0.193858 0.063920 -0.040671 0.137956 -0.036465 -0.281305 -0.275988 -0.170686 -0.018985 -0.242143 0.034863 0.024158 -0.043223 -0.106540 -0.060609 -0.024152 0.458888 0.096717 -0.047350 -0.316348 0.187303 -0.063104 0.041557 0.055024
0.393529 -0.033954 -0.384319 -0.345255 -0.143547 -0.145589 -0.265018 -0.574795 -0.128500 -0.006654 0.063828 -0.113651 0.115986 -0.043589 0.175433 0.192478 0.252727 0.228536 0.356960 0.169290 0.175641 -0.178122 -0.268027 -0.296209 -0.217573 -0.326662 -0.152312 0.027958 1.000000 0.370613 -0.101778 -0.191834 0.309872 0.148275 -0.020183 -0.162430 0.302211 0.165426 -0.024201 -0.030007 0.032252 -0.183144 0.035386 0.013800 0.196113 0.160239 0.063072 -0.075878 -0.066971 0.077835 -0.121917 -0.158014 -0.104911 -0.129795 -0.115551 -0.170847 0.188734 0.275932 0.046175 0.001505 -0.010330 -0.022416 0.084828 0.071033 -0.230858 -0.408630 0.059729 -0.185608 0.152405 0.049714 0.093610 -0.011090 0.545720 0.070483 0.160193 0.260546 0.141981 -0.146592 0.324872 0.147210 0.569959 0.455654 0.068625 0.135082 0.045167 -0.061972 0.256256 0.064331 -0.334666 -0.397559 0.071356 -0.115448 -0.099403 -0.061019 -0.211450 -0.104090 -0.217691 -0.271888 -0.035007 0.039249 -0.105030 0.011166 -0.111052 0.157286 0.090478 -0.302602 -0.138399 -0.227400 -0.140748 0.220978 0.081674 0.074970 0.089282 -0.073469 -0.010650 0.183477
0.173422 0.175598 -0.437436 -0.139108 -0.052074 0.133006 -0.245455 -0.038234 -0.284858 0.123091 -0.237900 -0.010388 -0.255207 0.133454 -0.336386 0.237335 0.217482 0.313827 0.012335 -0.118294 0.156106 -0.136818 -0.463718 -0.320011 -0.250039 0.020663 -0.263837 -0.147782 0.370613 1.000000 -0.095239 0.009160 0.345586 0.364288 -0.132322 -0.321923 0.222793 0.170108 -0.079196 0.067585 0.123938 0.133833 -0.260698 -0.188331 0.025268 0.004253 0.026590 -0.321304 -0.010249 0.081367 0.333273 -0.014516 0.063634 -0.270296 0.015488 -0.020075 0.203815 0.245880 -0.059717 0.391264 0.098503 0.447645 0.289445 0.557297 -0.304540 -0.245284 0.019551 -0.278825 0.241856 0.051667 -0.076815 -0.094788 0.435915 0.148189 0.260572 0.185222 0.142348 0.061903 0.194623 0.322802 0.250185 0.462287 -0.239311 0.303229 0.015651 -0.185518 0.122438 0.289119 -0.161739 -0.077880 -0.103658 -0.483384 -0.159072 -0.439675 -0.088319 -0.170532 -0.255714 -0.054573 0.045136 -0.137721 -0.042376 -0.162046 -0.276705 -0.099707 -0.184250 -0.108505 -0.042289 -0.023730 -0.120746 0.140370 -0.229153 0.009089 0.056835 -0.068123 -0.116242 -0.072114
-0.216793 -0.303373 0.381333 0.540443 0.478811 -0.131408 0.051977 0.053998 0.124032 -0.003959 -0.098636 -0.329232 -0.256791 -0.270261 0.312305 0.043902 -0.302563 -0.307744 0.264849 -0.221786 0.260161 0.202370 0.604748 0.494926 0.558999 0.553986 0.327326 0.214592 -0.101778 -0.095239 1.000000 0.756367 -0.098734 -0.000503 0.260162 0.181967 0.066103 -0.129035 -0.073323 -0.194424 0.199382 -0.043189 -0.022501 -0.040544 -0.257902 -0.166196 -0.048537 -0.079786 -0.152567 -0.281559 -0.083448 -0.099020 -0.244466 0.119436 -0.212286 -0.127849 -0.268683 -0.086748 -0.265215 -0.351910 -0.185052 -0.427487 -0.220478 -0.243878 0.403057 0.072540 -0.046923 0.170974 -0.297594 -0.403879 -0.008203 0.038297 -0.093058 -0.042191 -0.109166 0.019824 -0.032334 -0.036221 -0.066833 -0.153831 -0.067557 -0.133969 0.232001 0.180747 0.299402 0.453275 -0.030635 -0.175932 0.188713 0.128801 -0.117108 -0.186170 -0.160252 -0.023097 -0.071845 0.033365 -0.225198 -0.100753 -0.343919 -0.136794 -0.037979 0.066483 0.016290 0.176093 -0.059725 -0.189435 -0.266206 -0.114222 0.103907 0.064133 -0.317043 -0.300817 -0.180697 -0.124413 -0.134000 0.116371
-0.259870 -0.335750 0.376028 0.585995 0.244066 -0.041418 0.098541 0.208675 -0.124140 0.035542 -0.196927 -0.121274 -0.385390 -0.262507 0.029072 0.150638 -0.458308 -0.392564 0.240034 -0.211377 0.306426 0.155579 0.416838 0.507175 0.380960 0.522458 0.153367 0.036891 -0.191834 0.009160 0.756367 1.000000 -0.029488 0.229985 0.267175 0.112292 0.216627 -0.151041 0.065236 -0.072521 0.116778 0.004347 -0.110929 0.067840 -0.090196 0.026027 0.051078 0.081643 -0.193454 -0.235644 -0.046314 -0.200885 -0.251612 -0.027626 -0.250053 0.002247 -0.151131 -0.224557 -0.325942 -0.346564 -0.173800 -0.323118 -0.240449 -0.070716 0.258105 0.173360 -0.006119 0.160716 -0.262519 -0.317134 -0.061492 -0.058108 -0.109637 -0.178178 -0.083110 -0.117742 -0.075395 -0.142927 -0.139570 -0.096222 -0.264492 -0.137194 0.330828 0.397635 0.287082 0.456629 -0.044595 -0.149492 0.084139 0.053814 -0.073133 -0.381525 -0.112255 -0.212623 0.052560 -0.012009 -0.211221 -0.041181 -0.258545 -0.015961 0.038232 0.051483 0.006128 0.059158 -0.099096 -0.219264 -0.378540 -0.239514 -0.043741 0.094216 -0.285444 -0.174070 0.020983 -0.087932 -0.038161 0.081651
0.061106 -0.005308 -0.251933 0.044242 -0.178484 -0.067864 -0.125908 -0.193093 -0.295918 0.089979 -0.063969 -0.129609 -0.007002 0.157505 -0.217573 0.235008 0.192083 0.174695 -0.063063 -0.166624 0.089489 -0.307040 -0.392464 -0.343556 -0.280763 -0.211065 -0.111843 -0.090663 0.309872 0.345586 -0.098734 -0.029488 1.000000 0.614166 0.002965 0.005762 0.322035 0.324079 0.026110 0.172065 0.106911 0.158281 0.002731 0.048718 0.282133 0.157599 0.137730 -0.071241 -0.077900 0.030767 0.033248 -0.174094 -0.340360 -0.228440 -0.194212 -0.017454 0.191605 0.182677 -0.024314 0.244068 0.049802 0.221415 0.068295 0.216639 -0.218706 -0.170110 0.255393 0.024336 0.337812 0.010548 -0.079402 -0.156864 0.331581 0.006327 0.111214 -0.076573 0.071887 0.004770 0.057819 0.189432 0.204612 0.445677 -0.305299 0.123619 -0.063183 0.017965 -0.013389 0.064981 -0.337183 -0.257159 -0.140738 -0.391171 -0.215806 -0.370890 -0.252651 -0.175673 -0.145415 -0.072834 0.002546 -0.191383 -0.068161 -0.035758 -0.267294 0.008025 -0.039412 -0.295066 -0.304973 -0.223009 -0.307608 0.298708 -0.043552 0.172953 0.067887 -0.076888 0.091967 0.275194
-0.049259 -0.139854 0.056053 0.061534 -0.090694 0.062888 0.052629 -0.060404 -0.226743 0.086933 -0.093207 -0.150356 -0.047450 0.049334 -0.403685 0.016330 0.138787 0.075597 -0.044411 0.001284 0.241760 -0.108603 -0.281303 -0.279484 -0.199845 0.023450 0.009889 -0.129517 0.148275 0.364288 -0.000503 0.229985 0.614166 1.000000 0.229979 0.193005 0.306984 0.020034 -0.121908 0.125241 0.173109 0.212540 -0.113407 0.030116 0.136275 0.207212 -0.122901 -0.152308 -0.367063 -0.297427 -0.223506 -0.468548 -0.370817 -0.524037 -0.390500 -0.271730 -0.022609 -0.003604 0.155393 0.170238 0.229670 0.268137 0.124464 0.308160 -0.026571 -0.076112 0.496263 0.303186 0.251352 0.087893 0.039301 -0.140251 0.243524 -0.048544 0.024363 -0.059819 0.150758 0.067266 0.237670 0.196365 0.164103 0.340865 -0.227235 0.197429 -0.009859 0.031896 -0.156623 0.047108 -0.287067 -0.250869 0.058051 -0.422242 -0.161967 -0.373405 -0.335703 -0.245232 -0.244923 -0.169915 -0.078905 -0.091334 -0.032117 -0.109484 -0.155440 0.085408 -0.139450 -0.323635 -0.304938 -0.213851 -0.093760 0.363562 -0.014527 0.202995 0.124993 -0.174418 0.088886 0.188703
-0.200522 -0.199292 0.207367 0.005195 0.128209 0.030985 0.018712 -0.112634 0.182435 0.047179 0.192755 -0.228264 0.134892 -0.159684 0.209784 -0.253481 -0.049233 0.109003 0.101089 -0.092267 0.040422 -0.263156 0.335208 0.004076 0.194181 0.129769 0.146349 0.004488 -0.020183 -0.132322 0.260162 0.267175 0.002965 0.229979 1.000000 0.632324 -0.152460 -0.036321 0.018527 -0.113686 0.014238 -0.138760 -0.148300 -0.170017 -0.166213 -0.119318 -0.351987 -0.215015 -0.404079 -0.358382 -0.258373 -0.293756 -0.321078 -0.141150 -0.201112 -0.155745 -0.359057 0.008416 0.176943 -0.140992 0.209361 -0.173912 -0.194453 -0.061410 0.576693 0.317577 0.301500 0.443643 -0.034490 0.020941 0.089510 0.125636 -0.108965 -0.219516 -0.108423 -0.067173 0.234271 0.133207 -0.000921 -0.002416 -0.154662 -0.035291 0.112218 -0.192637 0.184740 0.024428 -0.002649 -0.159316 0.293430 0.112855 -0.100851 -0.175801 -0.227668 -0.049559 0.133754 0.213135 0.020456 -0.199322 -0.290088 -0.170933 -0.071668 -0.106306 -0.106909 0.127299 -0.103574 -0.021844 -0.128847 0.002241 -0.149575 -0.023589 -0.032383 -0.010476 0.028905 -0.007025 -0.019145 0.100888
-0.132411 -0.082883 0.280586 0.053858 0.151443 -0.035879 0.141033 -0.084586 0.211626 0.119055 0.179643 -0.158041 0.181246 -0.102209 0.179091 -0.219949 -0.062030 0.050567 -0.166792 0.034098 -0.052819 -0.128340 0.348200 0.090662 0.173264 0.193805 0.292860 0.248265 -0.162430 -0.321923 0.181967 0.112292 0.005762 0.193005 0.632324 1.000000 -0.312078 -0.197151 -0.311204 -0.178459 -0.027911 0.020715 -0.104112 -0.162107 -0.054962 -0.086416 -0.408073 -0.234466 -0.328637 -0.325291 -0.297356 -0.182738 -0.330383 -0.109833 -0.348451 -0.283717 -0.319389 -0.016387 0.189450 -0.170904 0.144310 -0.203744 -0.306263 -0.181920 0.634014 0.376454 0.334583 0.637547 -0.136371 0.242451 0.100018 0.150188 -0.372784 -0.168796 -0.315891 -0.251514 -0.130848 0.123286 0.047749 0.030811 -0.112277 -0.022313 -0.104503 -0.248323 0.178158 0.121991 -0.287857 -0.239195 0.388647 0.149892 -0.071467 0.125945 -0.026329 0.132535 -0.074572 0.077239 -0.056096 -0.345522 -0.301410 -0.192914 -0.292510 -0.128935 -0.037302 0.115565 -0.136457 0.094180 -0.031513 0.104296 0.042664 -0.007500 -0.109218 -0.222536 0.107638 -0.151025 0.200118 0.083594
