1.000000 0.414232 -0.038962 0.118406 -0.245560 -0.181727 -0.093460 -0.113774 -0.115615 -0.071068 0.534988 0.115223 0.041295 0.061923 0.037213 -0.097763 0.076377 -0.158324 0.246847 0.171252 0.054827 0.055312 -0.168039 -0.089156 -0.134601 0.034430 0.016238 0.024239 0.081103 0.139304 -0.161496 -0.048013 0.075967 0.010361 -0.147526 -0.458225 0.052459 -0.197805 -0.071324 -0.087963 0.021331 0.112374 0.196172 0.218831 -0.336073 -0.373013 0.363019 0.323614 -0.011469 -0.090285 -0.251698 -0.029026 -0.218957 0.161081 0.105512 0.246960 0.387365 0.095846 0.148670 0.277545 0.460743 0.127428 0.145736 0.093901 -0.029707 -0.080931 -0.241719 -0.467908 0.233685 0.254444 -0.205760 -0.325292 0.113259 0.088488 0.253411 -0.008510 0.006451 -0.205459 0.059096 0.057403 0.119760 0.109182 -0.052948 0.120982 -0.049545 -0.221256 -0.111806 -0.003986 -0.148565 0.044793 -0.196751 0.047585 -0.310812 -0.148778 -0.310271 -0.006512 0.091866 -0.182222 0.215740 0.443682 -0.188894 0.048562 -0.158516 0.103698 0.044660 -0.120649 0.027204 -0.052353 -0.033903 -0.073821 -0.131249 -0.116925 -0.112691 -0.076086 -0.323839 0.066328
0.414232 1.000000 -0.432619 0.067691 -0.120260 -0.010830 -0.288771 -0.102713 -0.087280 0.014178 0.344110 0.300045 -0.000306 0.300055 -0.088965 0.078983 -0.106975 0.174712 -0.040291 0.281175 -0.055797 0.097703 -0.178575 0.001282 -0.067247 -0.039868 -0.024306 0.006119 0.190152 0.302652 -0.156558 -0.219156 -0.173173 -0.335049 -0.299615 -0.298000 -0.008115 0.103768 -0.064088 0.098101 0.263332 0.311327 0.027205 0.159196 -0.183405 -0.136364 0.066750 0.131169 -0.047981 -0.151438 -0.380834 0.422498 -0.031422 0.540141 -0.189254 -0.065552 0.353946 0.191197 0.009296 0.385005 0.029746 0.361250 -0.164950 0.285752 -0.203116 0.008209 -0.288761 -0.502966 0.037912 0.018186 -0.055078 -0.054026 0.041545 0.311569 0.061212 0.136850 -0.083156 -0.016734 0.005916 -0.003689 0.051894 0.156077 0.110369 0.295886 -0.046935 -0.173236 0.043569 0.175344 -0.290465 0.090029 0.090066 -0.157132 -0.199377 -0.339352 -0.250711 -0.082993 -0.268553 -0.258021 0.153724 0.067810 0.219816 -0.136880 -0.175780 -0.243866 -0.129411 -0.147609 0.175303 -0.240001 -0.032007 -0.226196 -0.083105 0.095316 0.159955 0.014604 -0.247587 0.018691
-0.038962 -0.432619 1.000000 0.049048 0.379271 -0.197562 0.551955 -0.033682 0.511977 -0.136214 -0.046342 -0.379998 0.380023 -0.316153 0.417480 -0.207229 -0.180226 -0.483707 0.226678 -0.390101 0.212182 -0.251692 0.365115 0.039564 0.194258 0.034859 0.179021 0.172592 -0.208545 -0.444089 0.005007 -0.140475 0.013624 -0.094307 0.083509 0.082887 -0.107462 -0.581161 -0.137960 -0.351814 -0.329241 -0.526250 -0.208576 -0.359913 0.079449 -0.017339 -0.095046 -0.240460 0.386291 -0.097356 0.542099 -0.045884 0.377047 -0.224529 0.140210 -0.033724 -0.493717 -0.422246 0.397753 -0.041269 0.390400 -0.254139 0.022348 -0.179620 0.189681 -0.050392 0.347648 0.491889 0.005203 0.232389 -0.105384 -0.358977 -0.048045 -0.482094 -0.214246 -0.302603 -0.275749 -0.421728 -0.195039 -0.234973 -0.323827 -0.371079 0.102130 -0.270247 0.026069 -0.026803 -0.005641 -0.156811 0.480192 0.104842 -0.107492 0.328418 0.085083 0.418026 0.094863 -0.246256 0.030476 0.041922 -0.176769 0.008804 -0.174217 0.171746 0.009560 0.294942 0.290045 0.237246 -0.231852 0.301471 -0.172424 -0.042399 0.039908 -0.062949 -0.012035 -0.008167 -0.070046 0.080457
0.118406 0.067691 0.049048 1.000000 0.098485 0.065505 -0.250768 0.127078 0.080496 -0.159532 0.049440 -0.001761 -0.200061 -0.060987 0.125552 -0.206458 -0.265684 -0.426213 -0.019841 -0.128833 0.390476 0.209927 0.096826 0.532724 0.206445 0.586362 0.533271 0.531798 -0.294537 -0.365667 -0.087078 0.059403 -0.353063 -0.318786 0.044441 -0.219275 -0.189603 -0.279938 -0.335054 -0.235611 -0.290876 -0.191846 -0.110855 -0.031683 -0.345351 -0.288559 -0.267220 -0.026184 0.213008 -0.264148 0.121231 0.246195 0.160740 -0.014503 0.196437 0.041529 -0.166156 -0.053951 -0.027960 0.293757 0.013494 -0.017685 -0.212975 -0.115931 0.244757 0.227909 -0.090421 0.043957 -0.051843 0.025340 -0.032221 0.023358 -0.375177 -0.228290 -0.032025 -0.017083 -0.097882 -0.129951 -0.241456 -0.358952 -0.371698 -0.340202 0.121664 0.107531 0.174007 -0.083480 0.223692 0.142030 0.207569 0.403442 0.108765 -0.060231 0.072111 0.222181 0.108465 -0.275640 0.104713 -0.212886 -0.021755 0.087285 -0.081903 0.048937 0.084067 0.133553 0.072439 0.115816 0.120189 -0.062783 -0.148872 -0.065030 0.198134 -0.086257 -0.165761 0.023820 0.145146 -0.080339
-0.245560 -0.120260 0.379271 0.098485 1.000000 -0.125967 0.196289 -0.236196 0.366124 -0.264166 -0.104027 -0.338230 -0.058135 -0.442957 -0.013111 -0.279495 -0.289266 -0.171696 0.057524 -0.381244 0.081630 -0.289687 0.438342 0.163913 0.492474 0.130447 0.303569 0.149231 -0.054906 -0.202243 0.321733 0.045280 -0.152747 -0.191910 0.125800 0.243245 0.023064 -0.273558 -0.233684 -0.323898 -0.336234 -0.308061 -0.183137 -0.320187 0.315886 0.288555 -0.064208 -0.235181 0.110218 0.094032 0.317233 0.183773 0.362252 0.132347 0.004465 -0.255421 -0.368204 -0.100709 0.159318 0.145318 -0.120501 -0.216991 -0.132128 0.149768 0.260023 -0.198596 0.282807 0.375670 -0.114536 -0.077803 0.060466 -0.153505 -0.219519 -0.400911 -0.383892 -0.205842 -0.060416 -0.099009 -0.199603 -0.120670 -0.439987 -0.341899 0.276876 -0.085399 0.230405 0.134536 0.194241 0.101125 0.236422 0.194027 0.164518 0.030628 -0.015798 0.263255 -0.012471 -0.285132 -0.214575 -0.027390 0.114145 -0.335693 0.093130 0.100305 0.145193 0.203236 -0.019543 0.130052 -0.083605 0.126542 -0.158234 -0.073618 -0.061336 -0.094935 -0.110089 0.003004 0.114741 -0.101796
-0.181727 -0.010830 -0.197562 0.065505 -0.125967 1.000000 0.179637 0.649667 0.322565 0.737725 -0.060254 0.399189 -0.095460 0.501223 -0.090172 0.463802 -0.203428 -0.126853 -0.180039 0.290824 -0.251708 0.141718 -0.511805 -0.228494 -0.418409 -0.094154 -0.309053 -0.052736 -0.073742 0.145970 -0.328089 -0.063383 -0.246704 0.068239 -0.315510 0.018275 -0.432650 0.100678 -0.282780 0.103660 0.028811 0.093279 -0.044479 -0.071803 -0.089090 0.060238 0.076167 -0.070278 0.015194 0.180972 -0.259347 0.258503 -0.156455 0.094756 -0.392809 0.028697 0.082044 -0.118456 0.057536 -0.058477 -0.013514 0.600325 -0.218546 -0.184687 0.069290 0.553068 -0.292379 -0.157459 -0.073497 -0.146498 -0.054768 0.255287 -0.090962 0.056660 -0.150987 0.078530 -0.040769 0.171404 -0.046918 -0.235355 -0.024020 -0.209019 -0.347832 -0.148900 -0.378813 -0.420572 -0.283144 -0.271685 0.018605 0.047620 0.394883 0.092515 0.225702 -0.109609 0.030852 0.032311 -0.124326 0.013478 0.061123 -0.194518 0.139365 -0.040907 0.026139 0.014598 0.044665 -0.034264 -0.071328 -0.139670 -0.048367 0.089665 -0.218407 0.090756 0.084332 0.058406 0.210011 -0.064728
-0.093460 -0.288771 0.551955 -0.250768 0.196289 0.179637 1.000000 0.415302 0.590011 0.373500 0.170606 0.221084 0.365991 0.162055 0.305148 0.282821 -0.063443 -0.288273 0.338520 0.088954 -0.134226 -0.482695 -0.172302 -0.349290 -0.361431 -0.567331 -0.467571 -0.329346 0.301758 0.054445 0.082332 -0.037006 0.236054 0.290692 -0.061619 0.119742 -0.443784 -0.295471 -0.289986 -0.293967 -0.147152 -0.198791 -0.188074 -0.386106 0.130623 0.044544 0.116737 -0.131321 0.066457 0.261121 0.053764 -0.104726 -0.042819 -0.227781 -0.213397 -0.036303 -0.276441 -0.452363 0.207634 -0.325323 0.224797 0.102604 -0.101061 -0.282232 0.240691 0.190411 0.055189 0.157838 -0.221068 -0.092390 0.047457 -0.063164 0.260785 0.015614 -0.077360 0.104759 -0.069362 0.061640 0.106454 -0.218110 -0.161898 -0.295476 -0.123910 -0.229802 -0.228467 -0.115727 -0.368719 -0.494917 0.173870 -0.217663 0.210564 0.412177 0.191547 0.163691 -0.192285 -0.144404 -0.251944 -0.051500 -0.116291 -0.069299 -0.040012 0.037109 -0.069755 0.006952 0.141323 0.031097 -0.155370 0.155309 -0.250357 -0.175301 -0.359374 0.231552 0.069314 -0.266811 0.063889 -0.043450
-0.113774 -0.102713 -0.033682 0.127078 -0.236196 0.649667 0.415302 1.000000 0.439107 0.803223 0.108009 0.607391 -0.044418 0.560777 0.086666 0.539780 -0.003484 -0.074234 -0.112919 0.429067 -0.345362 -0.124927 -0.640297 -0.368829 -0.694988 -0.386868 -0.524900 -0.298222 0.095753 0.202355 -0.288689 -0.028230 -0.002429 0.292935 -0.101971 -0.052776 -0.517650 0.052954 -0.480593 0.091103 -0.158569 0.060104 -0.156289 -0.219598 -0.180223 -0.175845 0.012435 -0.180909 -0.143903 0.093886 -0.217541 -0.046214 -0.358685 -0.268676 -0.334087 0.044752 0.095349 -0.211911 -0.057712 -0.294257 0.110572 0.592258 -0.209688 -0.224571 0.276331 0.725029 -0.301124 -0.215506 -0.135201 -0.226160 -0.095668 0.295092 0.129101 0.209312 0.026304 0.215925 0.107869 0.282970 0.119504 -0.351196 0.080990 -0.156996 -0.504881 -0.287452 -0.381734 -0.342459 -0.552240 -0.434838 0.082401 -0.105702 0.319421 0.164970 0.273564 -0.076804 -0.027216 -0.001319 -0.063412 0.014978 0.012516 -0.065421 -0.049720 -0.119428 -0.023090 -0.113842 -0.058374 -0.006296 0.192099 -0.055079 -0.175094 -0.118940 -0.401710 0.127310 0.058022 -0.070437 0.376983 0.060449
-0.115615 -0.087280 0.511977 0.080496 0.366124 0.322565 0.590011 0.439107 1.000000 0.401347 -0.124260 0.067562 0.116150 0.127757 0.149364 0.239841 -0.300619 -0.340229 0.058180 -0.004985 -0.096446 -0.359490 -0.143915 -0.275456 -0.101400 -0.254250 -0.232194 -0.127733 -0.108231 -0.092157 -0.084094 -0.132374 -0.099284 0.035979 -0.183522 0.095779 -0.491475 -0.350188 -0.465660 -0.316324 -0.246121 -0.245642 -0.084349 -0.287545 0.054717 0.056437 0.010702 -0.181343 0.226305 0.104007 0.146281 0.244069 0.120384 -0.081450 -0.319016 -0.106464 -0.161761 -0.340673 0.417111 0.062018 0.297012 0.298424 -0.148862 -0.007222 0.251736 0.299978 0.107264 0.204687 -0.125783 0.001234 -0.090564 -0.039478 -0.039059 -0.178265 -0.289300 -0.134828 -0.253187 -0.143196 -0.179424 -0.470986 -0.311287 -0.447490 -0.225648 -0.359630 -0.328111 -0.358578 -0.348831 -0.411055 0.224952 0.011920 0.276038 0.239729 0.141370 0.142887 -0.089791 -0.182646 -0.317388 -0.018574 0.171208 -0.084448 0.159993 0.185224 0.168804 0.172900 0.185829 0.082294 -0.033218 0.119065 -0.175989 -0.207099 -0.368860 0.151063 0.125552 -0.062127 0.003353 0.031113
-0.071068 0.014178 -0.136214 -0.159532 -0.264166 0.737725 0.373500 0.803223 0.401347 1.000000 0.111841 0.564007 0.040241 0.663229 0.054701 0.673870 -0.017017 -0.029403 -0.164852 0.468916 -0.313993 -0.051892 -0.694385 -0.503637 -0.700290 -0.471241 -0.575233 -0.370660 0.067382 0.309872 -0.411346 -0.155925 -0.047836 0.200342 -0.295424 -0.064712 -0.375634 0.197104 -0.323082 0.210905 0.077695 0.228650 0.064298 -0.075791 -0.065751 -0.023147 0.259664 -0.007658 -0.071617 0.274249 -0.315694 0.096004 -0.306068 -0.082428 -0.445829 0.053200 0.256656 -0.134072 0.051831 -0.180162 0.063683 0.614950 -0.196376 -0.239542 0.080278 0.555276 -0.281326 -0.261238 -0.034093 -0.123787 -0.086708 0.238024 0.195531 0.297928 0.016816 0.192415 -0.024768 0.175689 0.078015 -0.263254 0.156993 -0.060290 -0.555420 -0.208159 -0.477288 -0.397214 -0.554576 -0.450419 -0.023231 -0.139715 0.284746 0.099711 0.150109 -0.207273 -0.124375 0.086329 -0.081363 0.039258 0.086514 -0.131598 -0.004139 -0.131500 0.014447 -0.097442 -0.018006 -0.129286 0.032050 -0.109906 -0.111969 -0.110134 -0.346348 0.153661 0.142567 -0.022569 0.178704 0.008265
0.534988 0.344110 -0.046342 0.049440 -0.104027 -0.060254 0.170606 0.108009 -0.124260 0.111841 1.000000 0.371443 0.153723 0.267913 0.067202 0.019670 0.082086 -0.043895 0.195109 0.364289 -0.103038 0.011507 -0.234373 -0.022062 -0.378272 -0.235156 -0.130211 -0.081417 0.405095 0.218716 -0.120599 -0.119444 0.006263 -0.072874 -0.148442 -0.318142 -0.166519 -0.102459 -0.169719 -0.003384 -0.068356 0.106818 -0.019734 0.032949 -0.200043 -0.263490 0.313706 0.043255 0.043093 -0.100604 -0.220013 -0.025605 -0.306090 0.061755 -0.023277 0.127696 0.144982 -0.161140 0.060393 -0.043344 0.107478 0.107499 -0.250139 -0.223657 0.310947 0.202774 -0.361034 -0.479295 -0.163533 -0.041846 -0.132435 -0.156581 0.081863 0.183868 0.172306 0.141125 0.080884 -0.062387 0.244187 0.004679 0.171156 0.144077 -0.014038 0.212336 0.214828 0.078952 -0.204692 -0.104920 -0.020692 -0.010000 -0.048647 0.105617 -0.197074 -0.252126 -0.256764 0.012185 -0.020775 -0.261740 -0.225089 0.115454 -0.325379 -0.346441 -0.432231 -0.243397 -0.202336 -0.142007 -0.061164 -0.125976 -0.249022 -0.108982 -0.153990 -0.001639 -0.138125 -0.031011 -0.071682 0.034740
0.115223 0.300045 -0.379998 -0.001761 -0.338230 0.399189 0.221084 0.607391 0.067562 0.564007 0.371443 1.000000 0.095325 0.756952 0.086000 0.559471 0.158557 0.178694 -0.103223 0.539576 -0.239892 -0.075363 -0.540948 -0.258778 -0.681246 -0.491806 -0.540061 -0.462197 0.520339 0.526359 -0.210686 0.011602 0.055320 0.238595 -0.129510 -0.051238 -0.238817 0.361126 -0.389532 0.072794 0.319548 0.383730 0.110252 0.105633 -0.053105 -0.000681 0.096687 0.008206 -0.315145 0.136661 -0.458993 -0.114543 -0.399195 -0.086988 -0.422325 -0.061867 0.267796 -0.162400 -0.231907 -0.354966 0.037055 0.527603 -0.151237 -0.061053 0.238467 0.580366 -0.536189 -0.533276 -0.297065 -0.395547 -0.092971 0.364270 0.295614 0.520698 0.132307 0.383981 0.278694 0.394396 0.292821 -0.087163 0.242893 0.088260 -0.326864 0.158302 -0.208323 -0.137864 -0.399664 -0.369803 -0.156692 -0.174443 0.145427 -0.182908 0.073251 -0.389052 -0.221807 -0.078069 -0.355997 -0.348041 -0.105928 -0.066391 -0.176722 -0.402400 -0.307856 -0.451519 -0.350678 -0.255286 0.196975 -0.277942 -0.166608 -0.404858 -0.339765 0.183681 0.123058 -0.154051 0.102484 -0.084232
0.041295 -0.000306 0.380023 -0.200061 -0.058135 -0.095460 0.365991 -0.044418 0.116150 0.040241 0.153723 0.095325 1.000000 0.285353 0.577229 0.215805 0.339834 -0.020899 0.017695 -0.120127 0.146768 -0.068417 0.036389 -0.233482 -0.146805 -0.205449 -0.114735 -0.151127 0.188154 -0.050455 -0.236921 -0.322925 0.122718 -0.019136 -0.182999 -0.004559 0.021195 -0.012118 -0.037424 0.091883 0.149460 -0.073167 0.006403 0.029120 0.040333 -0.006354 0.007606 0.015082 0.313240 0.065537 0.102257 -0.181996 0.308498 -0.198941 -0.004419 -0.132016 -0.174775 -0.313062 0.309361 -0.132570 0.509889 0.015888 0.320543 0.053519 -0.244997 -0.057230 0.152005 0.109884 -0.027742 0.166467 0.011564 -0.208750 0.305181 0.002792 -0.052648 -0.097092 -0.184910 -0.254645 0.160582 0.088710 0.206419 0.148192 -0.035955 -0.117395 -0.261220 -0.147275 -0.114425 -0.391093 0.242677 -0.123415 -0.238419 -0.083125 -0.105737 0.009965 0.053700 -0.219409 0.058126 0.002690 -0.130987 -0.021897 -0.191481 -0.102742 -0.100881 -0.123113 -0.119058 -0.239949 -0.291126 0.077594 -0.196610 -0.333836 0.094534 0.214925 0.208428 0.009266 -0.102786 -0.038595
0.061923 0.300055 -0.316153 -0.060987 -0.442957 0.501223 0.162055 0.560777 0.127757 0.663229 0.267913 0.756952 0.285353 1.000000 0.230117 0.667348 0.061192 0.101985 -0.267380 0.417791 -0.197012 0.088380 -0.495423 -0.333105 -0.631310 -0.373862 -0.393677 -0.239124 0.215405 0.402218 -0.490904 -0.228000 -0.068915 0.075310 -0.234955 -0.001118 -0.233291 0.358687 -0.313459 0.218780 0.323293 0.303305 0.201008 0.196262 -0.091268 0.030662 0.092453 0.097312 -0.026557 0.127221 -0.340036 0.106871 -0.272599 0.093090 -0.367917 0.037093 0.249890 -0.194935 0.051543 -0.206824 0.132164 0.608698 -0.140304 -0.100103 -0.069535 0.534601 -0.417220 -0.409951 -0.174058 -0.148728 -0.140635 0.214751 0.207064 0.403190 0.041476 0.230419 0.032227 0.145210 0.219094 -0.149892 0.259474 0.116475 -0.376720 -0.045941 -0.374883 -0.265892 -0.346541 -0.328631 -0.071524 -0.053293 0.067865 -0.165895 0.038996 -0.445414 -0.170140 -0.027278 -0.274029 -0.158618 -0.107399 -0.105849 -0.163393 -0.453547 -0.267824 -0.327582 -0.299826 -0.343129 -0.014412 -0.250592 -0.197904 -0.295158 -0.249799 0.296679 0.212316 -0.043717 0.069391 -0.023287
0.037213 -0.088965 0.417480 0.125552 -0.013111 -0.090172 0.305148 0.086666 0.149364 0.054701 0.067202 0.086000 0.577229 0.230117 1.000000 0.232288 0.044509 -0.252770 -0.133225 -0.231085 0.252811 0.035161 0.183867 0.010135 -0.063700 0.012500 0.078584 0.038544 0.065342 -0.116163 -0.339210 -0.327044 -0.177203 -0.211935 -0.152918 -0.039801 0.016106 -0.218340 -0.130708 -0.074469 0.089545 -0.131579 -0.004632 -0.114388 -0.074169 -0.062403 -0.140227 -0.042151 0.297077 0.178257 0.293271 -0.013683 0.336871 -0.102052 0.170494 -0.078556 -0.319728 -0.386863 0.285706 -0.042961 0.352107 -0.016865 0.049367 -0.015861 -0.032892 0.015324 0.070700 0.182540 -0.073069 0.161668 0.010752 -0.145830 0.130157 -0.067380 -0.015745 -0.043845 -0.270713 -0.332273 -0.034794 -0.162614 -0.140648 -0.233703 0.215425 -0.076264 -0.084791 -0.021665 0.039146 -0.229269 0.406876 0.077270 -0.114022 -0.075114 0.025667 0.176643 0.046358 -0.251491 0.021260 -0.024765 -0.248710 -0.070275 -0.202646 -0.141885 -0.037548 0.050058 -0.114210 -0.226603 -0.136576 0.267178 -0.202678 -0.400619 0.194443 0.022395 0.060582 0.084477 -0.167657 -0.002986
-0.097763 0.078983 -0.207229 -0.206458 -0.279495 0.463802 0.282821 0.539780 0.239841 0.673870 0.019670 0.559471 0.215805 0.667348 0.232288 1.000000 0.284565 0.264883 -0.222843 0.300677 -0.238060 -0.204002 -0.502530 -0.498714 -0.652238 -0.526868 -0.587223 -0.468862 0.281361 0.442855 -0.243970 -0.115089 0.151032 0.293271 -0.301901 0.071093 -0.153073 0.326436 -0.337766 0.212364 0.294294 0.361070 0.312247 0.123286 0.016137 0.094531 0.249945 0.213730 -0.199049 0.333178 -0.312618 -0.107032 -0.256723 -0.117158 -0.369205 0.022173 0.299564 -0.146700 -0.015483 -0.359078 0.201755 0.515153 0.204493 0.076942 -0.136174 0.291922 -0.356903 -0.379401 -0.109004 -0.242132 0.100515 0.271361 0.366978 0.363001 0.125784 0.328324 0.076298 0.165613 0.224475 -0.042824 0.297492 0.119191 -0.421807 -0.156130 -0.525069 -0.361912 -0.472942 -0.488526 -0.167903 -0.311946 0.163524 -0.093909 0.051163 -0.172568 -0.124166 -0.119777 -0.175089 -0.099537 0.132321 -0.024656 0.076231 -0.124489 -0.021946 -0.197782 -0.181037 -0.295197 -0.056756 -0.104479 -0.200335 -0.311107 -0.276955 0.336052 0.065133 0.024574 0.019413 0.024097
0.076377 -0.106975 -0.180226 -0.265684 -0.289266 -0.203428 -0.063443 -0.003484 -0.300619 -0.017017 0.082086 0.158557 0.339834 0.061192 0.044509 0.284565 1.000000 0.589093 -0.040142 0.173171 -0.142664 -0.046951 -0.277202 -0.377894 -0.351319 -0.291615 -0.373167 -0.434634 0.315565 0.239932 -0.013033 0.064982 0.515536 0.371477 -0.006680 -0.149218 0.227286 0.280594 0.212142 0.356319 0.236851 0.258668 0.237005 0.273204 -0.110325 -0.202097 0.213082 0.278622 -0.304324 0.127654 -0.285791 -0.560021 -0.160538 -0.362083 -0.043526 0.051785 0.400896 0.234259 -0.358435 -0.385061 0.163130 -0.089631 0.620107 0.282175 -0.264559 -0.207448 -0.167257 -0.316380 0.126206 0.020842 0.257849 0.228794 0.451783 0.330932 0.374874 0.212497 0.243335 0.142479 0.595443 0.504320 0.804381 0.707242 -0.224728 0.021544 -0.292128 -0.122959 -0.338097 -0.388533 -0.333722 -0.481013 -0.353681 -0.199800 -0.181428 -0.148794 0.057327 0.099033 0.292783 0.099930 0.142353 0.251806 -0.042444 -0.033253 -0.154496 -0.218028 -0.059564 -0.070439 -0.042077 0.051634 -0.025787 -0.094926 -0.121996 0.081775 -0.116872 0.008454 0.012854 -0.033549
-0.158324 0.174712 -0.483707 -0.426213 -0.171696 -0.126853 -0.288273 -0.074234 -0.340229 -0.029403 -0.043895 0.178694 -0.020899 0.101985 -0.252770 0.264883 0.589093 1.000000 -0.268569 0.218680 -0.374449 -0.081941 -0.166873 -0.279637 -0.187946 -0.313011 -0.368268 -0.451562 0.402555 0.448112 0.117018 0.090197 0.334433 0.255469 0.010432 0.101764 0.356857 0.551510 0.213363 0.346056 0.316243 0.426448 0.250129 0.336990 0.163555 0.174334 0.108413 0.168476 -0.435161 0.116652 -0.359284 -0.327086 -0.289844 0.043846 -0.142311 0.026686 0.459905 0.459075 -0.438585 -0.363008 -0.179085 -0.027802 0.357634 0.428424 -0.258439 -0.250170 -0.208380 -0.384882 -0.124674 -0.349416 0.289540 0.269515 0.409266 0.453149 0.303724 0.238539 0.417856 0.353532 0.552362 0.579842 0.676154 0.712088 -0.198011 0.124462 -0.096586 0.054875 -0.194804 -0.091956 -0.373774 -0.394781 -0.233662 -0.364633 -0.134628 -0.333204 0.008177 0.067699 -0.033974 0.036767 0.123911 -0.059489 0.194745 -0.184743 -0.201153 -0.438961 -0.362449 -0.274362 0.095997 -0.096930 -0.018117 -0.007275 -0.173304 0.183910 0.177151 0.114759 0.046778 -0.031711
0.246847 -0.040291 0.226678 -0.019841 0.057524 -0.180039 0.338520 -0.112919 0.058180 -0.164852 0.195109 -0.103223 0.017695 -0.267380 -0.133225 -0.222843 -0.040142 -0.268569 1.000000 0.184099 0.089696 -0.146875 -0.192516 -0.039827 -0.062486 -0.168443 -0.144898 -0.102667 0.153038 0.071664 0.363191 0.220019 0.382357 0.290201 -0.192634 -0.196553 -0.185212 -0.170625 0.060740 -0.227623 -0.089629 -0.130652 -0.087874 -0.098609 -0.104295 -0.257467 0.006840 0.263204 -0.128464 -0.156042 -0.293044 -0.205220 -0.189076 -0.129931 -0.126019 -0.169756 -0.153485 -0.165781 -0.158197 -0.023630 0.051059 -0.097742 0.020506 -0.223322 0.049261 -0.197831 0.021072 0.009030 0.286715 0.103218 0.161135 -0.042898 0.184767 0.073000 0.079811 0.027301 0.201684 0.115247 -0.056978 0.113901 -0.121711 -0.094072 0.169291 0.169743 0.012555 -0.006586 -0.032785 -0.056985 -0.142309 -0.183713 0.050776 0.390306 -0.034946 0.181170 -0.121334 0.048526 0.018304 -0.007416 0.082150 0.139959 -0.053466 0.336756 0.040496 0.130158 0.358200 0.146258 0.020385 0.001276 0.090353 -0.070847 -0.073861 0.036184 -0.156151 -0.227833 0.078642 -0.196621
0.171252 0.281175 -0.390101 -0.128833 -0.381244 0.290824 0.088954 0.429067 -0.004985 0.468916 0.364289 0.539576 -0.120127 0.417791 -0.231085 0.300677 0.173171 0.218680 0.184099 1.000000 -0.280147 0.011406 -0.743657 -0.175794 -0.578792 -0.359851 -0.529558 -0.398937 0.217773 0.267142 -0.205871 0.022844 0.189779 0.344682 -0.346128 -0.363472 -0.234185 0.234446 -0.220049 0.100556 0.045608 0.306512 0.000301 0.142723 -0.278733 -0.261174 0.202617 0.128012 -0.313154 0.006866 -0.636943 -0.215381 -0.489565 -0.082773 -0.451369 0.050785 0.360621 -0.039436 -0.310131 -0.115871 -0.037850 0.391576 -0.067010 -0.060560 0.024705 0.214548 -0.364516 -0.441907 -0.053855 0.087720 0.008744 0.228595 0.201204 0.419674 0.251554 0.265852 0.114975 0.198156 0.411772 -0.006422 0.238410 0.169425 -0.353003 0.171475 -0.403240 -0.113310 -0.408257 -0.249352 -0.380036 -0.304691 0.313949 0.137962 0.156399 -0.186634 -0.213504 0.318917 -0.112146 -0.180702 0.114562 0.020554 -0.005066 -0.021450 -0.089820 -0.024089 0.136665 0.159913 0.380446 -0.047288 0.031905 -0.106012 -0.301123 0.013561 -0.055610 -0.069608 0.143974 0.058589
0.054827 -0.055797 0.212182 0.390476 0.081630 -0.251708 -0.134226 -0.345362 -0.096446 -0.313993 -0.103038 -0.239892 0.146768 -0.197012 0.252811 -0.238060 -0.142664 -0.374449 0.089696 -0.280147 1.000000 0.372616 0.241537 0.392450 0.438921 0.481061 0.584820 0.446173 -0.317818 -0.362821 -0.052692 -0.054810 -0.252412 -0.346513 0.001931 -0.132850 0.102246 -0.178105 0.096377 -0.173364 0.082345 -0.201486 0.019681 0.079702 -0.102957 -0.049722 -0.183984 0.097879 0.385026 -0.008027 0.287160 0.206228 0.384936 0.105018 0.245374 0.138065 -0.238619 -0.136114 0.200147 0.261144 -0.025348 -0.322769 -0.063451 -0.041063 -0.144124 -0.178971 0.238775 0.179586 0.200416 0.255637 -0.129053 -0.201934 -0.270135 -0.255469 -0.145349 -0.210047 -0.422394 -0.439072 -0.261578 -0.130673 -0.248973 -0.163014 0.132983 0.171435 0.030373 0.079105 0.253226 0.235540 0.090008 0.312015 -0.048957 -0.087272 0.055293 0.148190 0.037256 -0.012264 0.233836 0.025104 0.025332 0.236349 -0.156775 0.057523 0.131694 0.227848 0.225454 0.147315 -0.085724 0.066227 0.232338 0.040179 0.446251 -0.012443 0.013828 0.021875 -0.001246 0.042444
0.055312 0.097703 -0.251692 0.209927 -0.289687 0.141718 -0.482695 -0.124927 -0.359490 -0.051892 0.011507 -0.075363 -0.068417 0.088380 0.035161 -0.204002 -0.046951 -0.081941 -0.146875 0.011406 0.372616 1.000000 -0.023498 0.317289 0.173529 0.504261 0.360691 0.404314 -0.260594 -0.072423 -0.243714 0.025139 -0.380320 -0.347417 -0.216448 -0.207160 0.137194 0.122163 0.349559 0.253448 0.148691 0.158811 0.043584 0.212619 -0.316569 -0.178643 -0.095523 0.017940 0.190789 -0.123125 -0.081204 0.163195 0.167297 0.193463 0.159760 0.086105 -0.059005 0.110515 -0.025945 0.186094 -0.187688 0.026291 -0.169477 -0.094417 -0.096648 0.027000 -0.124281 -0.086116 0.304742 0.172439 -0.210346 -0.042299 -0.248453 0.033421 0.008480 -0.107914 -0.279343 -0.289049 -0.025444 0.072224 0.057604 0.077425 0.104518 0.144643 0.164336 0.022196 0.204020 0.269043 0.082423 0.261222 -0.005221 -0.240169 -0.000758 -0.166366 0.046235 0.231890 0.276693 0.166707 -0.150531 0.099218 -0.073803 -0.057562 0.069339 0.072694 0.056509 -0.018455 -0.026734 -0.009495 0.246250 0.109518 0.294867 -0.090596 -0.112691 0.286841 0.094929 -0.054515
-0.168039 -0.178575 0.365115 0.096826 0.438342 -0.511805 -0.172302 -0.640297 -0.143915 -0.694385 -0.234373 -0.540948 0.036389 -0.495423 0.183867 -0.502530 -0.277202 -0.166873 -0.192516 -0.743657 0.241537 -0.023498 1.000000 0.524008 0.732392 0.450992 0.588310 0.449936 -0.117828 -0.384077 0.333429 0.091013 -0.177990 -0.310033 0.375424 0.343474 0.293697 -0.201574 0.210009 -0.301852 -0.088524 -0.283337 -0.029678 -0.064685 0.319202 0.377151 -0.223001 -0.190397 0.225324 -0.125637 0.608298 0.129003 0.440520 0.170155 0.482505 -0.089648 -0.413687 -0.017804 0.167357 0.102140 -0.111782 -0.563958 -0.020009 0.063430 0.068035 -0.370790 0.339704 0.484359 -0.136215 0.013526 -0.079335 -0.324016 -0.233444 -0.417847 -0.120790 -0.195334 -0.096648 -0.258708 -0.241556 -0.008591 -0.371588 -0.191563 0.606339 -0.063805 0.540982 0.343683 0.564294 0.324373 0.316222 0.234486 -0.263817 -0.197463 -0.053576 0.211813 0.120799 -0.318966 -0.039269 -0.084565 -0.278429 -0.134109 -0.037416 -0.049919 -0.069082 0.079232 -0.152545 -0.078071 -0.171225 0.091666 -0.172840 0.011392 0.388420 -0.138477 0.000479 0.171356 -0.216955 0.032018
-0.089156 0.001282 0.039564 0.532724 0.163913 -0.228494 -0.349290 -0.368829 -0.275456 -0.503637 -0.022062 -0.258778 -0.233482 -0.333105 0.010135 -0.498714 -0.377894 -0.279637 -0.039827 -0.175794 0.392450 0.317289 0.524008 1.000000 0.565210 0.702400 0.649992 0.679502 -0.221682 -0.499132 0.211881 0.178279 -0.311621 -0.416632 0.061346 -0.179394 0.046150 -0.152051 0.004243 -0.341759 -0.271355 -0.089547 -0.087503 0.095469 -0.151023 0.016683 -0.187189 -0.074728 0.064653 -0.256485 0.279488 0.203996 0.153528 0.174229 0.316935 0.025254 -0.280164 0.052008 -0.152024 0.209578 -0.314860 -0.419622 -0.263579 -0.230986 0.262704 -0.150753 -0.037646 0.192156 -0.118523 0.073142 -0.114073 -0.100694 -0.449538 -0.294070 -0.084880 -0.125031 -0.165347 -0.249202 -0.069444 -0.074652 -0.428671 -0.223561 0.543993 0.292891 0.515954 0.491215 0.586787 0.497646 0.115225 0.469875 0.028905 -0.099858 0.164417 0.303528 0.080354 -0.215021 0.013816 -0.189273 -0.333409 -0.102854 -0.215949 -0.082546 -0.101160 0.104886 0.041894 0.202083 0.088466 0.050935 -0.127565 -0.001848 0.350635 -0.118293 -0.153463 0.205444 0.095123 -0.090476
-0.134601 -0.067247 0.194258 0.206445 0.492474 -0.418409 -0.361431 -0.694988 -0.101400 -0.700290 -0.378272 -0.681246 -0.146805 -0.631310 -0.063700 -0.652238 -0.351319 -0.187946 -0.062486 -0.578792 0.438921 0.173529 0.732392 0.565210 1.000000 0.689444 0.731329 0.571824 -0.383313 -0.488269 0.335738 0.135115 -0.267194 -0.413973 0.179726 0.077629 0.226233 -0.268913 0.294570 -0.248293 -0.188689 -0.342072 -0.107034 0.004311 0.098225 0.202264 -0.232715 -0.123881 0.211342 -0.183617 0.434319 0.316554 0.537145 0.312800 0.352450 -0.064307 -0.336285 0.144184 0.188617 0.431156 -0.209657 -0.531608 -0.075276 0.130554 -0.057537 -0.487352 0.446300 0.465606 0.104267 0.217319 -0.090542 -0.339159 -0.418846 -0.513684 -0.331305 -0.425181 -0.306342 -0.353917 -0.296298 0.034250 -0.419324 -0.169320 0.492806 0.026436 0.380353 0.347997 0.509963 0.478186 0.118014 0.306535 -0.105284 -0.139017 -0.032399 0.219357 0.161317 -0.111645 0.044288 0.158581 -0.001651 -0.054004 0.134846 0.197541 0.168494 0.267908 0.077800 0.159957 0.005971 0.109323 0.187465 0.226390 0.403896 -0.132931 -0.022920 0.176542 -0.150989 0.024434
0.034430 -0.039868 0.034859 0.586362 0.130447 -0.094154 -0.567331 -0.386868 -0.254250 -0.471241 -0.235156 -0.491806 -0.205449 -0.373862 0.012500 -0.526868 -0.291615 -0.313011 -0.168443 -0.359851 0.481061 0.504261 0.450992 0.702400 0.689444 1.000000 0.810213 0.771546 -0.540089 -0.552355 -0.015027 0.062883 -0.330838 -0.437037 0.002969 -0.185378 0.171521 -0.228178 0.195314 -0.041133 -0.250181 -0.220555 -0.128979 0.074718 -0.303964 -0.108124 -0.223886 -0.062894 0.227096 -0.301995 0.255943 0.339181 0.340542 0.240504 0.450886 0.147014 -0.229593 0.126655 0.053821 0.478538 -0.090527 -0.282320 -0.086213 0.018438 -0.040252 -0.163194 0.106008 0.233426 0.144589 0.281484 -0.132008 -0.286444 -0.488011 -0.456264 -0.141211 -0.295416 -0.277802 -0.390371 -0.256600 -0.067636 -0.339903 -0.173959 0.332163 0.116472 0.265274 0.148705 0.459250 0.493298 0.136453 0.500421 -0.058853 -0.165018 -0.007687 0.172969 0.272993 -0.069106 0.275089 0.108544 -0.018118 0.004171 -0.022876 0.126834 0.081726 0.290146 0.185488 0.182976 0.019673 0.072830 0.125948 0.225194 0.385138 -0.254777 -0.154484 0.265365 0.070040 -0.027226
0.016238 -0.024306 0.179021 0.533271 0.303569 -0.309053 -0.467571 -0.524900 -0.232194 -0.575233 -0.130211 -0.540061 -0.114735 -0.393677 0.078584 -0.587223 -0.373167 -0.368268 -0.144898 -0.529558 0.584820 0.360691 0.588310 0.649992 0.731329 0.810213 1.000000 0.800006 -0.527309 -0.557873 -0.078617 -0.177113 -0.446461 -0.652132 0.165714 -0.087805 0.231023 -0.263524 0.124503 -0.126655 -0.200844 -0.321971 -0.123377 -0.028217 -0.110559 -0.031199 -0.243279 -0.052525 0.422184 -0.244134 0.483473 0.316963 0.454881 0.203698 0.516632 0.062863 -0.273886 0.080248 0.168761 0.470234 -0.107836 -0.454828 -0.177612 -0.077780 0.055191 -0.220966 0.276951 0.324125 0.145869 0.265973 -0.166719 -0.305502 -0.535218 -0.500452 -0.221294 -0.362114 -0.269589 -0.408973 -0.344135 -0.096138 -0.415962 -0.225721 0.330979 0.089777 0.475217 0.304000 0.592640 0.646680 0.343809 0.634075 -0.118508 -0.087987 -0.035071 0.239603 0.176344 -0.113891 0.216699 0.084867 -0.055901 -0.030979 -0.079154 0.002936 0.084073 0.263462 0.076953 0.186834 -0.119339 -0.042687 0.066383 0.178497 0.469829 -0.227237 -0.119343 0.181255 -0.008619 -0.105370
0.024239 0.006119 0.172592 0.531798 0.149231 -0.052736 -0.329346 -0.298222 -0.127733 -0.370660 -0.081417 -0.462197 -0.151127 -0.239124 0.038544 -0.468862 -0.434634 -0.451562 -0.102667 -0.398937 0.446173 0.404314 0.449936 0.679502 0.571824 0.771546 0.800006 1.000000 -0.518588 -0.577400 -0.071566 -0.116163 -0.407203 -0.568097 0.082462 -0.183786 0.003428 -0.334336 0.018919 -0.213833 -0.347543 -0.326983 -0.132748 0.055643 -0.246928 -0.121895 -0.104792 0.003343 0.356264 -0.253402 0.420108 0.459883 0.329692 0.336020 0.417157 0.179819 -0.215072 0.099745 0.157715 0.437979 -0.100203 -0.271703 -0.212057 -0.158920 0.050384 -0.071932 0.144422 0.225785 0.180913 0.290293 -0.178024 -0.370745 -0.554546 -0.506551 -0.186061 -0.333970 -0.336327 -0.368173 -0.226537 -0.155639 -0.363914 -0.261460 0.357185 -0.002962 0.299492 0.209175 0.476905 0.546940 0.278148 0.597398 -0.098063 0.002268 -0.014311 0.163878 0.118917 -0.156820 0.197755 0.104646 -0.187247 0.009814 -0.134290 -0.050118 -0.000336 0.244200 0.145035 0.168132 -0.224368 0.047432 -0.152534 0.246197 0.330743 -0.074027 -0.053849 0.133896 0.064286 -0.142741
0.081103 0.190152 -0.208545 -0.294537 -0.054906 -0.073742 0.301758 0.095753 -0.108231 0.067382 0.405095 0.520339 0.188154 0.215405 0.065342 0.281361 0.315565 0.402555 0.153038 0.217773 -0.317818 -0.260594 -0.117828 -0.221682 -0.383313 -0.540089 -0.527309 -0.518588 1.000000 0.680947 0.373238 0.301223 0.371543 0.352649 -0.119162 0.028695 0.118003 0.257767 0.013917 0.018268 0.313697 0.443044 0.149899 0.132985 0.259773 0.119157 0.264312 0.169313 -0.271284 0.249908 -0.392187 -0.296540 -0.294103 -0.061772 -0.251116 -0.097271 0.125621 -0.093465 -0.303390 -0.434321 -0.065619 -0.006029 0.075698 0.016127 0.092479 -0.043397 -0.375374 -0.473392 -0.330705 -0.602169 0.191623 0.178301 0.578287 0.460029 0.277111 0.437933 0.442150 0.360726 0.414018 0.343355 0.351186 0.314591 0.125003 0.345842 -0.010249 0.097554 -0.255456 -0.346542 -0.265984 -0.492009 -0.151685 -0.282501 -0.275218 -0.307601 -0.129515 -0.178931 -0.233025 -0.209774 -0.190402 -0.209010 -0.032109 -0.227643 -0.390386 -0.639210 -0.430356 -0.471570 0.102527 -0.142714 -0.196565 -0.309314 -0.195970 0.236657 0.101012 -0.163749 0.038116 -0.223124
0.139304 0.302652 -0.444089 -0.365667 -0.202243 0.145970 0.054445 0.202355 -0.092157 0.309872 0.218716 0.526359 -0.050455 0.402218 -0.116163 0.442855 0.239932 0.448112 0.071664 0.267142 -0.362821 -0.072423 -0.384077 -0.499132 -0.488269 -0.552355 -0.557873 -0.577400 0.680947 1.000000 0.184265 0.246171 0.237598 0.350918 -0.268056 0.081737 0.151377 0.435004 0.051168 0.190215 0.502959 0.473939 0.175384 0.129687 0.181180 0.060450 0.178537 0.156414 -0.299108 0.262514 -0.582708 -0.114003 -0.408574 0.039411 -0.390100 -0.112834 0.305692 0.085451 -0.243824 -0.240281 -0.150923 0.364935 -0.009319 0.127762 -0.106264 0.063578 -0.388354 -0.555603 -0.048220 -0.499096 0.159550 0.307506 0.568898 0.597320 0.257228 0.431859 0.514884 0.433834 0.261544 0.367833 0.402918 0.360918 -0.157078 0.221758 -0.152561 -0.171965 -0.308757 -0.254914 -0.370455 -0.389979 -0.096052 -0.234654 -0.265251 -0.486296 -0.259758 0.098204 -0.243536 -0.107448 -0.001377 -0.118867 0.075990 -0.124739 -0.170890 -0.528598 -0.398921 -0.492165 0.040560 -0.268851 -0.001494 -0.292471 -0.358639 0.281825 0.124985 -0.218738 0.042342 -0.194134
-0.161496 -0.156558 0.005007 -0.087078 0.321733 -0.328089 0.082332 -0.288689 -0.084094 -0.411346 -0.120599 -0.210686 -0.236921 -0.490904 -0.339210 -0.243970 -0.013033 0.117018 0.363191 -0.205871 -0.052692 -0.243714 0.333429 0.211881 0.335738 -0.015027 -0.078617 -0.071566 0.373238 0.184265 1.000000 0.733498 0.283316 0.369856 0.091827 0.185439 0.139931 0.042029 0.212918 -0.290307 -0.080915 0.027092 0.006037 0.040716 0.270599 0.214564 0.020687 0.086616 -0.330335 -0.032461 -0.119404 -0.146565 -0.099100 -0.044970 0.031367 -0.117042 -0.094868 0.134660 -0.311660 -0.226668 -0.365863 -0.374922 -0.000304 -0.032146 0.109497 -0.362000 -0.039653 0.039118 -0.106966 -0.376864 0.309861 0.029498 0.193286 0.062649 0.093951 0.142412 0.355118 0.283649 0.063236 0.279685 -0.098161 0.018048 0.375334 0.135515 0.249219 0.244343 0.036766 0.007403 -0.243790 -0.294171 -0.040360 -0.108611 -0.118269 0.025454 -0.039472 -0.154381 -0.148287 -0.045397 -0.093047 -0.014420 0.102580 0.166974 -0.076639 -0.196868 -0.093374 -0.024780 0.092819 -0.082832 -0.066996 0.012269 -0.016776 0.241514 -0.050151 -0.121490 0.137873 -0.084318
-0.048013 -0.219156 -0.140475 0.059403 0.045280 -0.063383 -0.037006 -0.028230 -0.132374 -0.155925 -0.119444 0.011602 -0.322925 -0.228000 -0.327044 -0.115089 0.064982 0.090197 0.220019 0.022844 -0.054810 0.025139 0.091013 0.178279 0.135115 0.062883 -0.177113 -0.116163 0.301223 0.246171 0.733498 1.000000 0.215601 0.514907 0.026780 0.094646 0.122418 0.117004 0.209290 -0.128423 -0.072589 0.174944 0.072398 0.122299 0.122243 0.063220 0.101193 0.101557 -0.371340 -0.037303 -0.237289 -0.167745 -0.232762 -0.145439 -0.007583 0.136884 0.007384 0.094339 -0.425914 -0.343296 -0.360812 -0.230632 -0.112881 -0.210482 0.141619 -0.153171 -0.251112 -0.148671 -0.064417 -0.421405 0.123370 0.104164 0.261859 0.168885 0.264813 0.197589 0.315384 0.287920 0.176963 0.169705 0.002120 0.009878 0.139044 0.267522 0.106337 0.140424 -0.119640 -0.144668 -0.304375 -0.360039 -0.013342 -0.172347 -0.040007 -0.118526 -0.016516 -0.052055 0.007454 -0.008421 -0.022274 -0.005176 -0.088771 0.104860 -0.132422 -0.197685 -0.104812 -0.047900 0.209049 -0.117764 -0.006875 0.095949 0.008873 0.159281 -0.027466 -0.118691 0.280332 -0.063713
0.075967 -0.173173 0.013624 -0.353063 -0.152747 -0.246704 0.236054 -0.002429 -0.099284 -0.047836 0.006263 0.055320 0.122718 -0.068915 -0.177203 0.151032 0.515536 0.334433 0.382357 0.189779 -0.252412 -0.380320 -0.177990 -0.311621 -0.267194 -0.330838 -0.446461 -0.407203 0.371543 0.237598 0.283316 0.215601 1.000000 0.630575 0.113556 0.040874 0.012355 0.190791 0.139950 0.061474 -0.023311 0.118743 0.086701 0.092302 0.026312 -0.022698 0.159597 0.209553 -0.469341 0.085327 -0.358700 -0.453358 -0.336220 -0.276531 -0.067107 0.056991 0.174899 0.038757 -0.353499 -0.360982 0.162114 -0.098595 0.437672 0.142254 -0.146825 -0.125545 -0.114805 -0.117918 -0.032160 -0.153293 0.108775 -0.012854 0.419792 0.264701 0.261976 0.325015 0.341449 0.270046 0.323586 0.368966 0.403133 0.406023 -0.159063 0.044015 -0.308880 -0.027873 -0.319555 -0.244331 -0.361702 -0.448627 -0.272328 0.008549 -0.180045 -0.155877 -0.012306 0.074080 0.044672 0.010974 0.174875 0.014712 0.021025 0.173216 -0.232964 -0.267322 0.102054 -0.161328 0.025362 0.053444 -0.026501 -0.051938 -0.339118 0.097719 -0.054341 -0.184459 0.090031 -0.118242
0.010361 -0.335049 -0.094307 -0.318786 -0.191910 0.068239 0.290692 0.292935 0.035979 0.200342 -0.072874 0.238595 -0.019136 0.075310 -0.211935 0.293271 0.371477 0.255469 0.290201 0.344682 -0.346513 -0.347417 -0.310033 -0.416632 -0.413973 -0.437037 -0.652132 -0.568097 0.352649 0.350918 0.369856 0.514907 0.630575 1.000000 0.069142 0.193475 -0.064708 0.202206 0.053681 -0.055742 0.029226 0.112862 0.189572 0.151256 0.212976 0.129695 0.203821 0.244498 -0.457010 0.228383 -0.369255 -0.547345 -0.522608 -0.405526 -0.188633 0.075747 0.180780 -0.076690 -0.346060 -0.539436 0.058862 0.126851 0.329835 0.073672 -0.000192 0.053058 -0.186592 -0.119133 -0.041883 -0.245109 0.176603 0.099855 0.432770 0.300002 0.328493 0.335999 0.423848 0.394686 0.290359 0.196210 0.266750 0.135369 -0.277375 -0.076855 -0.410865 -0.224626 -0.516617 -0.516945 -0.295758 -0.691168 -0.027185 -0.002841 -0.004499 -0.151404 -0.179611 0.047610 -0.046960 -0.142450 0.214985 0.098655 0.020589 0.155127 -0.024373 -0.094438 0.014730 -0.121079 0.054858 -0.058378 -0.109219 -0.095636 -0.317898 0.132001 0.008544 -0.187780 0.214985 0.028329
-0.147526 -0.299615 0.083509 0.044441 0.125800 -0.315510 -0.061619 -0.101971 -0.183522 -0.295424 -0.148442 -0.129510 -0.182999 -0.234955 -0.152918 -0.301901 -0.006680 0.010432 -0.192634 -0.346128 0.001931 -0.216448 0.375424 0.061346 0.179726 0.002969 0.165714 0.082462 -0.119162 -0.268056 0.091827 0.026780 0.113556 0.069142 1.000000 0.414784 0.068555 -0.051752 0.046745 -0.102129 -0.136037 -0.319065 -0.009862 -0.089925 0.358294 0.305156 -0.136062 -0.265839 -0.105444 0.016583 0.434115 -0.179198 0.038021 -0.178449 0.365448 0.056766 -0.093777 0.173749 0.006568 -0.142571 -0.059140 -0.268980 0.064820 0.086514 0.142935 0.060935 0.327916 0.352286 -0.147220 -0.084532 -0.221224 -0.095903 -0.336963 -0.261751 -0.113064 -0.049841 0.009599 0.075472 -0.192144 -0.083459 -0.078574 -0.005930 0.086143 -0.217226 0.322320 0.264006 0.238789 0.215074 0.191673 0.076691 -0.264187 -0.113177 0.076943 0.008085 -0.093962 0.007675 0.026977 -0.141614 -0.024024 0.044523 -0.147152 -0.165630 0.016233 0.038690 -0.092628 0.059320 -0.146885 -0.075046 0.026492 0.263450 0.036341 -0.183135 0.016777 -0.115565 -0.101036 0.208889
-0.458225 -0.298000 0.082887 -0.219275 0.243245 0.018275 0.119742 -0.052776 0.095779 -0.064712 -0.318142 -0.051238 -0.004559 -0.001118 -0.039801 0.071093 -0.149218 0.101764 -0.196553 -0.363472 -0.132850 -0.207160 0.343474 -0.179394 0.077629 -0.185378 -0.087805 -0.183786 0.028695 0.081737 0.185439 0.094646 0.040874 0.193475 0.414784 1.000000 0.039130 0.186438 -0.030106 -0.038981 0.210838 -0.096435 -0.074640 -0.203205 0.685544 0.642620 -0.373311 -0.339260 0.053151 0.144198 0.247961 -0.065790 0.078730 -0.125022 -0.034196 -0.150187 -0.360371 -0.256889 0.107476 -0.337449 -0.161298 0.042443 -0.056195 0.081202 0.070355 0.173942 0.220896 0.463975 -0.325417 -0.426864 -0.033177 0.097759 -0.049252 -0.091936 -0.263302 0.126728 0.115853 0.225270 -0.297212 -0.128285 -0.173076 -0.158840 0.058865 -0.175039 0.144955 -0.085934 0.202248 -0.056117 0.199657 -0.115228 0.060279 -0.103529 0.132724 -0.054096 0.055801 -0.112170 -0.353331 -0.076944 -0.126149 -0.212461 0.153757 -0.147370 -0.006791 -0.124343 -0.312941 -0.287969 -0.175755 -0.060892 -0.043085 -0.105847 0.105941 -0.045297 0.206116 -0.177169 -0.049677 0.228310
