1.000000 0.157480 0.350217 -0.378500 0.338543 -0.152045 0.331961 -0.174152 0.189343 0.077322 0.621731 0.142497 0.342193 0.109660 0.291273 -0.121235 0.237579 0.082212 0.564977 0.520220 -0.105385 -0.354437 0.042284 -0.201568 -0.518972 -0.624034 0.033107 -0.271249 0.076923 -0.239853 -0.351580 -0.499749 -0.063762 -0.092144 0.118841 -0.280762 -0.293321 -0.373152 -0.168055 -0.072498 -0.235596 -0.183674 -0.177245 -0.181234 -0.137568 -0.317555 -0.190593 -0.193786 0.008963 -0.032270 -0.030830 -0.151086 0.099339 -0.058930 -0.116651 -0.201559 0.348647 0.171533 0.223224 -0.009978 0.316303 -0.044066 0.008699 -0.040502 0.269901 -0.277641 -0.103008 -0.328038 0.309646 0.388589 0.263958 0.333807 -0.074332 -0.023456 0.026446 0.232256 0.093239 -0.077770 -0.097477 -0.144490 -0.356377 -0.207733 0.410212 -0.070409 0.106521 -0.162560 0.141286 -0.022855 0.231303 0.035816 -0.075660 0.446309 -0.216107 0.292331 -0.213429 -0.219266 -0.199391 -0.025999 -0.263476 -0.015012 -0.022583 0.242132 0.007451 0.164969 -0.023035 -0.002643 -0.072178 0.217894 0.121013 -0.053469 -0.195031 -0.125875 0.060512 -0.203636 -0.157984 -0.009415
0.157480 1.000000 -0.161881 0.170534 0.201151 -0.223508 -0.247011 -0.114861 -0.394265 -0.226868 -0.095808 0.134323 -0.466948 -0.157507 -0.352040 0.048365 0.084993 0.014283 0.284850 0.240782 0.133408 -0.280257 0.108959 0.131653 -0.173225 -0.091267 -0.202616 -0.098160 -0.204987 -0.319446 0.094112 -0.040408 -0.008174 0.026040 -0.046435 -0.097330 -0.030461 -0.128939 0.001918 -0.249117 0.061030 0.220868 -0.220629 -0.281153 -0.198849 -0.085210 -0.189101 -0.068814 -0.189807 0.022951 -0.140148 0.158979 -0.107441 -0.009941 0.059716 -0.111063 0.301295 0.400034 0.026867 0.062085 -0.154276 -0.056378 0.209666 0.206764 -0.155375 0.054283 0.255512 -0.052764 0.237533 0.074335 -0.142116 -0.109685 -0.030025 -0.156058 0.133592 0.108243 0.172316 0.101054 -0.160871 -0.255835 -0.148615 -0.246860 0.078927 0.142737 0.040620 0.050437 -0.098549 -0.003763 -0.202300 0.172677 0.165407 0.021568 0.140666 0.036425 -0.193556 0.194115 -0.062077 -0.284263 0.242840 0.163775 0.201524 0.117121 0.070134 0.161516 0.014640 -0.174609 -0.240811 -0.067820 0.026922 0.190581 0.041804 0.142688 0.135769 0.295227 -0.107350 -0.041652
0.350217 -0.161881 1.000000 -0.222247 0.071633 -0.315912 0.577695 0.108393 0.212805 0.046440 0.290647 -0.091511 0.413065 -0.037179 0.238501 -0.257783 -0.012165 -0.179463 0.371151 -0.045226 -0.047392 -0.182924 0.142420 -0.161005 -0.135835 -0.239036 0.071696 -0.184504 -0.123840 -0.243880 -0.246419 -0.422715 -0.137103 -0.235011 -0.052387 -0.233685 -0.198882 -0.295198 -0.114704 -0.110071 -0.024444 -0.171292 -0.169691 -0.025411 -0.200689 -0.256089 -0.211359 -0.085691 0.154670 -0.174622 0.219308 -0.053600 -0.009157 -0.170656 -0.039924 -0.211459 -0.104429 -0.218734 0.116407 0.078963 0.392520 0.008654 0.025114 0.039665 0.275431 -0.172304 0.136037 0.142702 0.024807 0.317401 0.111411 0.342067 -0.002000 0.057841 0.049549 0.112481 -0.037525 -0.018259 -0.354493 -0.244637 -0.265951 -0.221645 0.265260 -0.299455 -0.015155 -0.164011 0.251788 0.029647 0.341224 0.109735 -0.047294 0.282244 -0.068691 0.333123 -0.088740 -0.205998 -0.036200 -0.189586 -0.228388 -0.143127 0.041347 0.125956 0.285877 0.299481 0.018715 0.020472 -0.041382 0.224916 0.072293 -0.048936 -0.158062 -0.031880 -0.090555 -0.166494 -0.068663 0.045033
-0.378500 0.170534 -0.222247 1.000000 0.103695 0.256850 -0.547797 0.361407 -0.311557 0.152729 -0.261472 0.440152 -0.497965 0.029748 -0.225475 0.334271 -0.204402 -0.411855 -0.186349 -0.104030 0.022911 -0.074374 0.562652 0.583736 0.180275 0.288438 0.192607 0.424874 -0.436615 -0.311180 0.072683 0.292536 -0.403517 0.041056 0.172496 0.631901 -0.212562 0.254592 0.001190 -0.139425 0.159456 0.269197 0.040258 0.014962 -0.197318 0.221091 -0.137244 0.015472 -0.344358 -0.175058 0.276102 0.030149 -0.209818 0.232793 -0.058215 -0.005948 -0.250614 -0.228225 -0.504171 -0.324214 -0.500726 -0.071097 -0.299890 -0.277591 -0.020386 0.668068 -0.158761 0.292159 -0.250992 -0.164115 -0.299002 -0.153574 -0.427572 0.075735 0.165669 0.008376 0.075501 0.057864 -0.052671 -0.248555 -0.163605 -0.373372 -0.176257 0.040451 0.153985 0.255428 -0.024150 0.003671 0.305875 0.338110 0.214112 -0.127370 0.519018 -0.123896 -0.119558 0.147212 -0.010103 -0.135372 -0.037153 0.142290 -0.024366 -0.249029 -0.217128 -0.226248 -0.010038 -0.004479 -0.150987 -0.221266 -0.187478 -0.024079 0.340505 0.109584 -0.105773 0.429278 0.136246 0.148211
0.338543 0.201151 0.071633 0.103695 1.000000 0.100194 0.054248 0.068657 -0.025522 -0.018331 0.196839 0.248060 -0.105241 -0.051039 -0.041537 0.031499 0.030801 -0.169209 0.380065 0.415044 0.212237 -0.131649 0.569440 0.391610 -0.174510 -0.261221 0.090164 0.046482 -0.197703 -0.340565 -0.025548 0.089709 -0.292422 -0.001228 0.270991 0.162971 -0.245823 -0.208779 -0.099608 -0.201279 -0.071041 0.175888 -0.415959 -0.394834 -0.400769 -0.174432 -0.554001 -0.393546 -0.364096 -0.335258 0.146639 -0.202075 -0.202914 0.207414 -0.196574 -0.453226 -0.058881 0.016747 -0.390395 -0.371012 -0.192111 -0.229354 -0.173916 -0.210026 0.325976 0.177629 -0.107721 0.051042 -0.048547 0.181083 0.132446 0.244670 -0.350534 0.222991 0.211964 0.273261 0.020944 -0.013328 -0.274353 -0.344521 -0.470667 -0.292129 0.135079 0.214847 0.202793 0.314195 -0.116302 -0.026508 0.255587 0.292120 0.322130 0.205287 0.327980 0.205648 -0.215498 -0.060053 -0.465434 -0.204220 -0.252608 -0.224069 0.182645 0.105697 0.019974 0.064642 0.018829 0.126312 -0.059676 -0.140426 -0.181040 -0.005215 0.080753 -0.181075 0.005835 0.130758 -0.009319 0.183676
-0.152045 -0.223508 -0.315912 0.256850 0.100194 1.000000 -0.310797 -0.030927 -0.090569 0.406510 -0.064135 0.267380 -0.033927 0.307982 0.156034 0.348269 -0.061971 -0.101307 -0.368585 -0.029051 0.081615 0.134182 -0.046653 0.132047 0.223071 0.228412 0.336142 0.483280 -0.107946 0.245974 0.070947 0.108180 -0.022096 0.137647 -0.032923 0.364024 0.267538 0.227155 0.214594 0.033243 0.081639 0.193120 0.131584 0.249151 0.133363 0.070725 -0.065063 0.061800 -0.047240 -0.065380 -0.084119 -0.152008 -0.052324 0.191581 0.027449 0.079720 0.046841 0.007061 -0.156533 -0.241947 -0.156026 0.080611 -0.137881 -0.123004 -0.148967 0.366345 -0.206742 0.020022 -0.180367 -0.188279 -0.110238 0.075950 0.065451 0.125380 0.144137 0.191327 0.010189 0.088555 0.117066 0.167468 0.069366 0.000743 -0.269914 -0.010074 -0.260226 -0.073958 -0.245912 -0.164817 -0.103975 -0.097342 -0.020811 -0.315095 0.099418 -0.303227 0.108293 0.058102 0.041994 0.154420 -0.192740 0.017650 -0.264392 -0.335699 -0.280386 -0.417287 0.175312 0.033984 -0.013523 -0.127531 -0.055202 0.011802 0.146198 0.116995 0.012540 0.035130 0.138689 0.012939
0.331961 -0.247011 0.577695 -0.547797 0.054248 -0.310797 1.000000 0.252198 0.393257 0.042050 0.216758 -0.425252 0.459141 -0.110317 0.196520 -0.345346 -0.050821 0.020406 0.418417 0.225903 -0.186232 -0.060964 -0.138319 -0.234140 -0.294516 -0.338031 -0.157322 -0.355269 0.092634 -0.144056 -0.190167 -0.226200 0.073259 -0.117706 -0.129968 -0.574105 -0.123294 -0.474136 -0.301458 -0.146763 -0.098659 -0.143200 -0.229295 -0.159496 -0.051413 -0.185986 -0.095600 -0.163096 0.135413 0.023018 0.050549 -0.078636 -0.031820 -0.204076 -0.234452 -0.375560 -0.043564 -0.214035 0.064260 0.114995 0.413826 0.000788 0.199606 0.128394 0.408471 -0.434726 0.063280 0.003328 0.099457 0.418704 0.206014 0.211813 0.094316 0.066122 0.057410 0.059213 -0.193709 -0.130109 -0.255036 -0.171139 -0.184344 -0.024059 0.378636 0.049835 0.030321 0.052147 0.092107 0.142974 0.099541 -0.182297 0.036766 0.360986 -0.108493 0.389557 -0.149614 -0.124760 -0.325829 -0.131746 -0.107165 -0.308791 0.223456 0.457906 0.413244 0.404405 -0.104031 -0.027821 0.004389 0.277723 0.108631 -0.120270 -0.404721 -0.140589 0.144856 -0.324078 -0.185255 -0.056313
-0.174152 -0.114861 0.108393 0.361407 0.068657 -0.030927 0.252198 1.000000 0.175488 0.295794 -0.230651 0.001537 -0.144791 -0.033761 0.016635 0.085951 -0.436428 -0.382965 0.057334 -0.067298 -0.185476 -0.171662 0.255485 0.327199 -0.050634 0.022929 -0.066975 -0.037957 -0.400136 -0.433451 0.014122 0.129962 -0.327210 -0.160644 0.134726 0.045419 -0.389641 -0.075437 -0.242762 -0.268741 0.008282 0.137070 -0.264160 -0.298441 -0.271589 0.025361 -0.331657 -0.199066 -0.173361 -0.111315 0.241396 0.172151 -0.026162 0.108724 -0.270012 -0.523249 -0.359216 -0.301731 -0.219489 0.123458 -0.017640 0.272409 -0.058115 0.071790 0.439789 0.308837 -0.065894 0.217923 -0.172886 0.120707 0.017455 -0.124819 -0.366413 -0.003504 -0.041838 -0.162427 -0.144993 -0.167586 -0.343326 -0.440827 -0.242882 -0.440096 0.134656 0.053327 0.205891 0.286076 0.072445 0.231506 0.389043 0.092003 0.218704 0.170244 0.347403 0.155056 -0.170649 -0.057228 -0.338910 -0.249473 -0.033631 -0.098110 0.172536 0.150167 0.182818 0.227406 -0.038956 -0.020781 0.017153 0.130377 -0.148989 -0.268181 -0.099228 -0.081874 0.049611 0.026519 -0.013262 0.071011
0.189343 -0.394265 0.212805 -0.311557 -0.025522 -0.090569 0.393257 0.175488 1.000000 0.317613 0.230016 0.149836 0.569787 0.436358 0.630713 0.298411 0.104033 0.233426 0.056566 -0.059232 -0.461532 -0.270344 -0.284935 -0.430985 -0.400543 -0.456366 -0.135295 -0.451694 0.284629 0.243169 -0.212740 -0.290877 0.087702 -0.005343 -0.091854 -0.162570 0.023002 -0.074251 0.086695 0.116034 0.086090 -0.068215 -0.300955 -0.345898 -0.222618 -0.456772 -0.130902 -0.275962 0.073066 -0.225188 -0.096732 -0.228601 0.338262 -0.155549 -0.065856 -0.166575 -0.135240 -0.090902 0.296134 0.102598 0.471030 0.388083 0.224890 0.212257 0.382102 -0.024666 -0.185898 -0.338830 0.188272 0.067993 0.230147 -0.103787 0.316116 0.159672 0.027356 0.184326 0.161533 0.160579 -0.027195 -0.005853 0.095209 0.052441 0.270071 -0.046090 -0.022526 -0.226271 0.042511 0.025710 0.240031 -0.197914 -0.287030 0.136360 -0.267128 0.105752 -0.155591 -0.064990 -0.165878 0.104215 -0.319804 -0.126419 -0.118044 0.050984 -0.111101 -0.044928 -0.161337 -0.080513 0.090902 -0.105348 -0.008984 0.044350 -0.254682 -0.251351 -0.045611 -0.149490 -0.161837 -0.205162
0.077322 -0.226868 0.046440 0.152729 -0.018331 0.406510 0.042050 0.295794 0.317613 1.000000 0.176510 0.306636 0.252532 0.270654 0.395450 0.166894 -0.254273 -0.120126 -0.265582 0.082952 -0.086930 -0.050716 -0.137462 0.126484 0.075062 -0.047316 0.120862 -0.010562 -0.089101 0.025612 -0.076975 -0.126039 -0.408786 -0.024445 -0.060941 0.207380 0.060976 0.071268 0.042516 -0.069273 -0.149654 0.018114 -0.150294 -0.054340 0.010910 0.083885 -0.156282 -0.110646 -0.037960 -0.059845 0.117117 0.082412 0.029612 0.134257 -0.156173 -0.207010 -0.196350 -0.316962 -0.063450 -0.217595 -0.094253 0.053332 -0.208064 -0.211092 0.220697 0.176595 -0.304112 0.045497 -0.108082 0.062531 0.056022 -0.034810 0.014104 -0.063718 -0.007263 0.237064 0.111417 0.093003 -0.031213 -0.008824 0.074786 -0.008645 0.104089 -0.035368 0.068004 0.038676 0.075436 0.000134 0.230236 -0.101397 0.045834 0.225440 0.193860 0.170473 -0.156560 -0.058478 -0.063118 0.025917 -0.244154 -0.107803 -0.037233 -0.179714 -0.228312 -0.063102 0.184149 0.033386 -0.035912 0.012454 0.001508 -0.136277 0.097751 -0.112746 0.084942 0.005007 -0.050783 -0.105116
0.621731 -0.095808 0.290647 -0.261472 0.196839 -0.064135 0.216758 -0.230651 0.230016 0.176510 1.000000 0.391017 0.517536 0.195880 0.386110 0.065246 0.318426 0.222639 0.348846 0.324907 -0.142045 -0.204810 0.151421 -0.099221 -0.324756 -0.542203 -0.068990 -0.292680 0.416064 0.128646 -0.173672 -0.213081 0.065278 0.181175 0.090793 -0.061915 -0.095643 -0.079992 -0.214193 0.039261 -0.134867 -0.323994 -0.147159 -0.187168 -0.229411 -0.339581 -0.155817 -0.293322 -0.157770 -0.161283 -0.092014 -0.219778 -0.009950 -0.033604 -0.199624 -0.077732 0.057969 -0.186050 0.080920 -0.206343 0.138488 -0.074503 -0.002385 -0.227933 0.325396 -0.133783 -0.231370 -0.246083 0.045054 0.213602 0.073371 0.262640 0.185890 -0.042991 -0.040146 0.130720 -0.007743 -0.055717 0.062233 0.126017 -0.099777 0.055723 0.517518 0.207060 0.250469 0.038913 0.348425 -0.029397 0.199390 0.021544 -0.252403 0.180572 -0.207102 0.015592 -0.012999 -0.158745 -0.188447 0.009987 -0.377696 -0.272156 -0.136160 0.000786 -0.180512 -0.112783 -0.126204 -0.076575 0.022933 0.033074 0.018616 -0.047592 -0.091253 -0.150330 -0.140529 -0.069064 -0.082874 0.024031
0.142497 0.134323 -0.091511 0.440152 0.248060 0.267380 -0.425252 0.001537 0.149836 0.306636 0.391017 1.000000 0.060005 0.504666 0.280484 0.567342 0.190463 0.102591 -0.094509 0.003722 -0.187359 -0.363075 0.277961 0.155087 -0.179669 -0.281334 0.005566 -0.046532 0.021896 0.077641 -0.161651 -0.066239 -0.237932 0.253603 0.158749 0.438115 -0.028119 0.171846 -0.071976 -0.078780 0.134181 0.104455 -0.200602 -0.249005 -0.377605 -0.223217 -0.224607 -0.254917 -0.333479 -0.373205 -0.053727 -0.174276 0.041453 0.224311 -0.042265 -0.065752 -0.103637 0.011715 -0.132693 -0.259931 -0.129333 0.177020 -0.011024 -0.118822 0.165658 0.596831 -0.267905 -0.130253 -0.029427 -0.094237 -0.054280 -0.053944 0.030121 0.060846 0.109143 0.151368 0.384241 0.158596 0.121532 0.026287 -0.035338 -0.174868 0.082462 0.063813 0.120622 -0.040982 0.085298 -0.190921 0.224168 0.176728 -0.071885 -0.137262 0.083726 -0.326956 -0.170334 0.039934 -0.060128 -0.019509 -0.320905 0.027841 -0.328968 -0.312587 -0.403224 -0.387792 -0.014330 -0.076377 0.009508 -0.258974 -0.148031 0.118595 0.155356 0.031052 -0.108762 0.315323 0.117467 -0.010256
0.342193 -0.466948 0.413065 -0.497965 -0.105241 -0.033927 0.459141 -0.144791 0.569787 0.252532 0.517536 0.060005 1.000000 0.479492 0.695127 0.104244 0.240895 0.339310 -0.042916 -0.034949 -0.325822 -0.116674 -0.304959 -0.525196 -0.264133 -0.387154 -0.121548 -0.380404 0.252506 0.402065 -0.345284 -0.378156 0.178968 0.024235 -0.282465 -0.289312 0.062067 -0.006985 -0.036366 0.027563 -0.019851 -0.117649 -0.076414 -0.075826 -0.151273 -0.510453 -0.011686 -0.205434 0.261358 -0.172127 -0.067492 -0.236464 0.319176 -0.333840 0.000202 -0.064068 0.104676 -0.093951 0.359404 0.111651 0.633485 0.329802 0.268923 0.191572 0.191496 -0.164154 -0.190224 -0.278964 0.095396 0.181509 0.202585 0.242918 0.448882 0.113808 -0.119058 0.142016 0.071272 0.065753 0.087126 0.289915 0.143125 0.230533 0.220064 -0.220376 -0.147074 -0.340885 0.168734 -0.205970 0.042406 -0.216001 -0.346531 0.027963 -0.359431 0.054432 -0.089140 -0.192662 -0.120008 0.071528 -0.341823 -0.209971 -0.057784 0.067530 0.048732 0.058413 -0.000606 -0.017870 0.093652 0.040783 -0.039523 0.021117 -0.264598 -0.207935 -0.106006 -0.262493 -0.160667 -0.031978
0.109660 -0.157507 -0.037179 0.029748 -0.051039 0.307982 -0.110317 -0.033761 0.436358 0.270654 0.195880 0.504666 0.479492 1.000000 0.592203 0.709185 0.390732 0.328002 -0.233095 -0.087694 -0.509228 -0.402994 -0.197335 -0.406267 -0.334375 -0.358420 -0.122458 -0.169955 -0.052020 0.308879 -0.305207 -0.287612 0.073582 0.303664 -0.113731 0.101517 -0.030728 0.099452 0.097293 -0.124266 0.080463 0.173326 -0.043022 -0.130749 -0.251211 -0.487388 -0.029477 -0.152545 -0.047474 -0.328429 -0.234265 -0.303773 0.311032 -0.178234 0.080691 -0.028375 0.134330 0.109991 0.123422 0.083950 0.468138 0.629282 0.380651 0.369491 0.069035 0.370272 -0.383032 -0.474841 0.203980 -0.025780 0.155277 0.137954 0.375486 0.067303 0.012321 0.194761 0.397389 0.291517 0.185653 0.219106 0.145967 0.036840 -0.058849 -0.354327 -0.146365 -0.504696 -0.183773 -0.375397 0.117851 -0.120732 -0.223643 -0.242696 -0.156315 -0.230345 -0.113956 0.064448 -0.123081 0.071283 -0.302381 0.200857 -0.296089 -0.141821 -0.165275 -0.293259 0.208087 0.055410 0.210133 -0.056714 -0.325346 0.236027 0.006670 -0.064384 0.070816 -0.019934 -0.000959 -0.016309
0.291273 -0.352040 0.238501 -0.225475 -0.041537 0.156034 0.196520 0.016635 0.630713 0.395450 0.386110 0.280484 0.695127 0.592203 1.000000 0.516895 0.186039 0.102597 -0.032424 -0.082839 -0.434132 -0.192690 -0.268627 -0.491849 -0.363044 -0.313100 0.081478 -0.227994 0.245377 0.255366 -0.351079 -0.431442 -0.005535 -0.022129 -0.314129 -0.170107 0.159871 0.084174 0.233856 0.194228 -0.002033 -0.211324 -0.064199 -0.173322 -0.268554 -0.606378 -0.102039 -0.206146 0.190798 -0.216157 -0.085549 -0.217874 0.430754 -0.215466 0.253432 0.063856 0.056494 -0.003630 0.325521 0.075015 0.560175 0.534874 0.242817 0.117306 0.230160 0.171389 -0.473885 -0.481023 0.039905 0.139341 -0.017020 -0.114587 0.356127 -0.006669 -0.156446 0.035731 0.066672 -0.079443 0.057292 0.155159 0.180546 0.089538 0.294703 -0.107758 -0.084535 -0.363312 0.130991 -0.094084 0.368167 0.006560 -0.283879 0.060849 -0.301555 -0.045665 0.043456 -0.214097 0.017834 0.313345 -0.327497 0.000873 -0.200870 -0.061633 -0.137527 -0.210547 -0.074812 -0.031979 0.186379 0.096056 0.016173 -0.055837 -0.255572 -0.175188 -0.030630 -0.176263 -0.030568 0.005227
-0.121235 0.048365 -0.257783 0.334271 0.031499 0.348269 -0.345346 0.085951 0.298411 0.166894 0.065246 0.567342 0.104244 0.709185 0.516895 1.000000 0.221636 0.119261 -0.241713 -0.150949 -0.433788 -0.254171 0.034405 -0.167840 -0.310175 -0.190590 -0.135082 -0.081667 -0.032565 0.225982 -0.169572 -0.091441 0.019835 0.313507 -0.039827 0.256543 0.187132 0.243154 0.181910 0.011572 0.234077 0.154275 -0.157266 -0.323330 -0.350043 -0.407091 -0.166825 -0.276285 -0.177206 -0.309360 -0.184830 -0.195409 0.236885 -0.055698 0.197581 0.083122 -0.017233 0.101210 -0.051087 0.029857 0.189551 0.598840 0.362719 0.284313 0.149319 0.612389 -0.387200 -0.404462 -0.089492 -0.089702 -0.228709 -0.241690 0.281768 -0.033353 -0.027568 0.023387 0.225787 0.090497 0.106147 0.070991 0.156778 -0.074858 0.098033 0.048732 -0.043653 -0.168340 -0.075340 -0.129553 0.159484 0.193822 -0.109371 -0.357770 0.011785 -0.408875 -0.069200 0.047838 -0.122085 0.128055 -0.274050 0.188700 -0.236250 -0.253855 -0.279471 -0.441501 -0.103102 -0.151571 0.173475 -0.271046 -0.100480 0.115075 -0.070995 -0.005891 -0.030680 0.161238 -0.018517 0.092428
0.237579 0.084993 -0.012165 -0.204402 0.030801 -0.061971 -0.050821 -0.436428 0.104033 -0.254273 0.318426 0.190463 0.240895 0.390732 0.186039 0.221636 1.000000 0.488623 0.236864 0.075104 -0.114667 -0.265098 -0.129010 -0.510834 -0.319169 -0.438765 -0.207760 -0.221609 0.292917 0.280808 -0.189491 -0.265583 0.411721 0.456021 -0.054057 -0.142608 0.120269 -0.000403 0.045124 -0.125411 0.103293 0.073430 0.109572 0.048620 -0.041857 -0.311774 0.119480 0.124956 -0.062427 0.031276 -0.195926 -0.263694 0.017186 -0.246042 0.001797 0.189685 0.517613 0.427449 0.212583 0.007058 0.339797 0.120703 0.453630 0.156004 -0.021087 0.046912 -0.041823 -0.466730 0.182661 0.035728 0.003649 0.051271 0.341748 -0.021074 0.111505 0.057938 0.183917 0.136966 0.332829 0.347991 0.301056 0.275593 -0.123575 -0.117671 0.034385 -0.431552 -0.219982 -0.519516 -0.156301 -0.213425 -0.520616 -0.322564 -0.543833 -0.309937 0.184704 0.339461 -0.139335 0.160288 -0.250963 0.052602 -0.502665 0.023869 -0.089564 -0.242571 0.056541 0.108615 0.150207 -0.063804 -0.199066 0.424421 -0.218624 0.006189 0.015014 -0.173885 0.025651 -0.121636
0.082212 0.014283 -0.179463 -0.411855 -0.169209 -0.101307 0.020406 -0.382965 0.233426 -0.120126 0.222639 0.102591 0.339310 0.328002 0.102597 0.119261 0.488623 1.000000 -0.052253 0.001561 -0.242252 -0.194218 -0.364751 -0.427303 -0.173310 -0.355289 -0.470065 -0.471689 0.366034 0.587803 -0.008639 -0.030588 0.399338 0.454674 -0.053287 -0.240383 0.215342 0.140560 -0.127205 -0.048070 -0.007214 0.023525 0.075740 -0.008204 0.065741 -0.183018 0.296186 -0.052465 -0.095858 0.004802 -0.363863 -0.082684 0.105454 -0.081328 -0.096473 0.126704 0.348407 0.212920 0.242676 0.066818 0.301071 0.170164 0.409940 0.338347 0.004360 -0.069145 -0.079496 -0.419736 0.046312 -0.150961 0.074012 -0.136709 0.491142 -0.023083 -0.057076 0.013212 0.077898 0.164054 0.425631 0.566025 0.427752 0.538172 -0.039680 0.025893 0.071429 -0.180984 -0.033365 -0.416414 -0.315745 -0.318879 -0.358647 -0.255311 -0.517188 -0.301482 -0.049217 0.290793 -0.099983 0.116279 -0.023497 -0.088440 -0.227055 -0.012606 -0.152975 -0.106131 0.007918 0.106424 0.232416 -0.122236 -0.248705 0.288586 -0.244550 -0.182998 0.030512 -0.077714 0.205813 -0.081244
0.564977 0.284850 0.371151 -0.186349 0.380065 -0.368585 0.418417 0.057334 0.056566 -0.265582 0.348846 -0.094509 -0.042916 -0.233095 -0.032424 -0.241713 0.236864 -0.052253 1.000000 0.424067 -0.003468 -0.300164 0.309124 -0.030374 -0.405142 -0.475881 -0.046238 -0.243198 0.144428 -0.361841 -0.154588 -0.238886 0.063409 -0.072128 0.096223 -0.315104 -0.165734 -0.303851 -0.137064 -0.141976 0.064351 -0.014418 -0.217755 -0.246354 -0.251531 -0.301259 -0.299089 -0.133812 -0.215474 -0.108176 -0.016223 -0.263041 -0.160747 -0.038781 -0.094257 -0.146893 0.201608 0.104384 -0.020718 -0.149245 0.150743 -0.202038 0.001488 -0.094493 0.257778 -0.222244 0.004154 -0.215411 0.198268 0.362423 -0.001726 0.117084 -0.083845 0.179303 0.354285 0.173688 0.021242 -0.068623 -0.253144 -0.420571 -0.408340 -0.275078 0.484649 0.184421 0.224061 0.001748 0.043704 0.167733 0.251284 0.059769 -0.056457 0.288346 -0.101764 0.268614 0.029431 -0.055032 -0.209435 -0.161181 -0.089563 -0.111859 0.038924 0.333650 0.027927 0.109777 -0.224355 -0.068942 -0.165345 0.062848 0.057684 0.055733 -0.157391 0.000799 0.065952 -0.072534 -0.164533 0.091746
0.520220 0.240782 -0.045226 -0.104030 0.415044 -0.029051 0.225903 -0.067298 -0.059232 0.082952 0.324907 0.003722 -0.034949 -0.087694 -0.082839 -0.150949 0.075104 0.001561 0.424067 1.000000 0.091107 -0.062287 0.159839 0.322343 -0.241198 -0.271758 -0.017947 -0.099100 0.047288 -0.240129 -0.011897 0.083101 -0.237325 0.070537 0.079087 -0.172974 -0.332439 -0.366296 -0.275662 -0.131982 -0.335675 -0.062095 -0.208267 -0.256665 -0.197568 -0.091754 -0.115656 -0.197942 -0.275626 -0.105966 -0.113472 -0.161802 -0.149951 0.136829 -0.381256 -0.327148 0.153858 0.009809 -0.237757 -0.207502 -0.216782 -0.324616 -0.162641 -0.312579 0.058382 -0.259730 -0.181812 -0.185923 0.299351 0.530622 0.233857 0.254137 -0.134460 0.034023 0.058070 0.261188 -0.158727 -0.099117 0.017338 -0.097567 -0.251268 -0.082948 0.322627 0.197069 0.217350 0.154212 -0.067715 0.004951 -0.001532 -0.055758 0.345856 0.519255 0.205243 0.369092 -0.169843 -0.022014 -0.307347 -0.145815 -0.188716 -0.280023 0.260471 0.270103 0.112797 0.239027 0.024977 0.070787 -0.053871 0.134570 0.099923 -0.102383 -0.060255 -0.096808 0.306400 0.083474 -0.143187 0.110583
-0.105385 0.133408 -0.047392 0.022911 0.212237 0.081615 -0.186232 -0.185476 -0.461532 -0.086930 -0.142045 -0.187359 -0.325822 -0.509228 -0.434132 -0.433788 -0.114667 -0.242252 -0.003468 0.091107 1.000000 0.470808 0.210480 0.299990 0.409598 0.486012 0.351496 0.396456 0.010512 -0.049395 0.391730 0.294972 -0.077250 -0.071802 0.159508 0.219377 0.240898 -0.046655 0.099852 0.171542 -0.031229 -0.058075 0.056787 0.151264 0.260660 0.369441 -0.124024 0.171235 -0.082622 0.121401 0.045647 0.016622 -0.410757 0.188622 -0.005648 0.044779 -0.026265 -0.001580 -0.211606 -0.206394 -0.454632 -0.428952 -0.347403 -0.365287 -0.232078 -0.220782 0.248235 0.377230 -0.064750 -0.090232 0.009534 0.225235 -0.237947 0.015210 0.027273 0.084956 -0.051485 -0.144150 0.042525 0.027336 0.030752 0.047890 -0.113239 0.168714 -0.100016 0.207694 0.087830 0.117825 -0.180263 -0.083362 0.182691 -0.033629 0.105427 0.079289 0.200481 0.017632 0.092763 0.075450 0.075636 -0.132343 0.042118 -0.070804 -0.097037 -0.003620 -0.107182 0.041885 -0.174258 -0.049276 0.128870 -0.139825 0.206246 0.116467 -0.122489 0.044980 0.017464 -0.024672
-0.354437 -0.280257 -0.182924 -0.074374 -0.131649 0.134182 -0.060964 -0.171662 -0.270344 -0.050716 -0.204810 -0.363075 -0.116674 -0.402994 -0.192690 -0.254171 -0.265098 -0.194218 -0.300164 -0.062287 0.470808 1.000000 -0.036584 0.172018 0.492197 0.625984 0.229306 0.369155 0.220014 0.226525 0.312780 0.421333 -0.102874 -0.062317 -0.012895 0.113611 0.286255 0.184517 0.001061 0.366641 -0.104764 -0.114760 0.251725 0.277704 0.344579 0.384615 0.180812 0.176046 0.050914 0.106704 0.012898 -0.006279 -0.051807 0.131672 0.007966 0.233564 -0.208099 -0.273504 -0.120091 -0.108683 -0.364015 -0.261870 -0.275025 -0.352337 -0.215738 -0.183731 0.010380 0.300269 -0.245425 -0.297396 -0.164432 0.069783 -0.096422 0.010256 -0.243135 -0.173632 -0.329362 -0.236157 0.138026 0.226649 0.259529 0.372772 -0.142545 0.307904 -0.080501 0.268079 0.102804 0.145338 -0.232635 -0.128915 0.243825 -0.014527 0.166150 -0.059295 0.320292 -0.140780 0.221804 0.342637 0.157265 -0.186754 0.049989 0.011190 0.061250 -0.096959 -0.135010 -0.020227 0.052933 0.075087 0.211479 -0.232088 0.166909 0.038746 -0.017691 -0.099302 0.135248 -0.001258
0.042284 0.108959 0.142420 0.562652 0.569440 -0.046653 -0.138319 0.255485 -0.284935 -0.137462 0.151421 0.277961 -0.304959 -0.197335 -0.268627 0.034405 -0.129010 -0.364751 0.309124 0.159839 0.210480 -0.036584 1.000000 0.643851 0.044675 -0.010650 0.060917 0.161295 -0.200019 -0.397246 0.160336 0.349545 -0.379226 0.073191 0.459571 0.476220 -0.325614 -0.062212 -0.238760 -0.109763 -0.024227 -0.008429 -0.204334 -0.230304 -0.414956 0.035015 -0.354586 -0.237402 -0.496665 -0.324706 0.356332 -0.203053 -0.312655 0.267551 -0.238863 -0.231740 -0.292735 -0.312359 -0.641814 -0.445615 -0.440664 -0.296477 -0.362132 -0.385670 0.322959 0.345751 -0.140423 0.234290 -0.258631 0.018279 -0.177982 0.143184 -0.530182 0.136313 0.134725 -0.045709 -0.132614 -0.137302 -0.066482 -0.286567 -0.383255 -0.296996 0.134390 0.233561 0.420840 0.462899 0.146851 0.109224 0.415342 0.414742 0.226990 0.037443 0.426903 0.030602 -0.114405 -0.080329 -0.283211 -0.219364 -0.200215 -0.172077 0.076684 0.012805 -0.132888 -0.105567 -0.187495 0.020140 -0.115363 -0.211536 -0.259332 -0.149790 0.198423 -0.014815 -0.127420 0.245420 0.075167 0.164585
-0.201568 0.131653 -0.161005 0.583736 0.391610 0.132047 -0.234140 0.327199 -0.430985 0.126484 -0.099221 0.155087 -0.525196 -0.406267 -0.491849 -0.167840 -0.510834 -0.427303 -0.030374 0.322343 0.299990 0.172018 0.643851 1.000000 0.304613 0.314693 0.091078 0.285788 -0.303291 -0.378709 0.315566 0.548177 -0.536357 -0.056565 0.293807 0.447560 -0.317985 0.031438 -0.307417 -0.180273 -0.227296 0.115569 -0.102312 -0.071071 -0.150331 0.404719 -0.141810 -0.103423 -0.439170 -0.148182 0.357785 0.135787 -0.356650 0.463415 -0.318974 -0.333550 -0.439606 -0.416590 -0.667492 -0.450266 -0.764091 -0.515433 -0.534407 -0.518835 0.121568 0.240962 -0.093050 0.467347 -0.254554 0.045296 -0.029675 0.096156 -0.596232 0.068072 0.135769 0.009381 -0.222490 -0.131302 -0.070936 -0.219287 -0.321179 -0.245802 -0.036307 0.287662 0.415461 0.669947 0.053055 0.127133 0.160148 0.260126 0.502468 0.208531 0.668337 0.127829 -0.168053 -0.023801 -0.189870 -0.349905 0.050852 -0.228664 0.309207 -0.075053 -0.072555 0.011520 -0.042626 0.007867 -0.193160 -0.125743 -0.099510 -0.180671 0.343370 0.066974 0.030598 0.402218 0.106419 0.115037
-0.518972 -0.173225 -0.135835 0.180275 -0.174510 0.223071 -0.294516 -0.050634 -0.400543 0.075062 -0.324756 -0.179669 -0.264133 -0.334375 -0.363044 -0.310175 -0.319169 -0.173310 -0.405142 -0.241198 0.409598 0.492197 0.044675 0.304613 1.000000 0.700609 0.295251 0.398517 -0.069604 0.109914 0.465525 0.412881 -0.198714 -0.081496 0.144379 0.352897 0.139359 0.279617 0.241220 0.282622 -0.022988 -0.117641 0.315027 0.399990 0.329950 0.486835 0.169913 0.338405 0.032796 0.172373 0.089706 0.113071 -0.178076 0.095686 0.086866 0.242935 -0.167867 -0.148002 -0.171402 -0.141248 -0.500486 -0.317545 -0.486066 -0.370315 -0.389555 -0.046477 0.046485 0.495647 -0.347391 -0.494661 -0.194816 0.087441 -0.192373 -0.130339 -0.157464 -0.174074 -0.279594 0.062492 0.028414 0.146970 0.119906 0.276941 -0.408611 -0.010066 -0.196767 0.152663 0.035054 0.084362 -0.228209 -0.074839 0.197568 -0.115945 0.215222 0.050526 0.276719 -0.041140 0.394278 0.152661 0.194618 -0.097315 -0.001700 -0.356286 -0.074924 -0.021039 0.040869 0.033473 -0.047204 -0.079158 -0.006912 -0.212768 0.360236 0.124740 -0.057066 0.122794 0.107106 -0.061792
-0.624034 -0.091267 -0.239036 0.288438 -0.261221 0.228412 -0.338031 0.022929 -0.456366 -0.047316 -0.542203 -0.281334 -0.387154 -0.358420 -0.313100 -0.190590 -0.438765 -0.355289 -0.475881 -0.271758 0.486012 0.625984 -0.010650 0.314693 0.700609 1.000000 0.463267 0.602429 -0.145635 0.096854 0.402353 0.426550 -0.157094 -0.142352 -0.057629 0.304124 0.254240 0.277564 0.265989 0.301445 0.021354 -0.046617 0.255189 0.345173 0.273483 0.461647 0.178304 0.330696 0.122452 0.119168 0.052641 0.137909 -0.136090 0.103018 0.135982 0.212754 -0.231970 -0.107217 -0.169348 -0.054827 -0.458360 -0.161592 -0.337628 -0.280469 -0.477923 0.021897 0.138861 0.491092 -0.214472 -0.350029 -0.245420 -0.058811 -0.194759 -0.133531 -0.146637 -0.179754 -0.200462 -0.070689 0.020479 0.057020 0.203833 0.148521 -0.358832 0.007523 -0.296873 0.148997 0.029956 0.193543 -0.251979 -0.082412 0.291532 -0.141062 0.313418 -0.059957 0.279552 0.017126 0.455490 0.168736 0.296870 0.060177 0.067990 -0.148256 0.014132 -0.070538 -0.096518 -0.075874 -0.138575 -0.029561 0.117950 -0.171750 0.417101 0.092527 -0.057347 0.229071 0.158218 -0.024678
0.033107 -0.202616 0.071696 0.192607 0.090164 0.336142 -0.157322 -0.066975 -0.135295 0.120862 -0.068990 0.005566 -0.121548 -0.122458 0.081478 -0.135082 -0.207760 -0.470065 -0.046238 -0.017947 0.351496 0.229306 0.060917 0.091078 0.295251 0.463267 1.000000 0.720392 -0.160113 -0.202200 0.028753 -0.126481 -0.160883 -0.313746 0.086017 0.300559 -0.030335 -0.002569 0.326471 0.321147 0.014381 -0.180728 0.190050 0.213607 0.218213 0.191479 -0.061384 0.130695 0.217194 -0.014887 0.117764 -0.108601 -0.172957 0.089549 0.080182 0.119564 -0.019588 -0.039507 -0.072855 -0.159304 -0.193656 -0.202646 -0.424586 -0.389325 -0.225084 -0.057671 0.081777 0.392733 0.056916 -0.000787 -0.032950 0.135630 -0.293653 0.036680 -0.010247 0.078033 0.071759 -0.034139 -0.158567 -0.255894 -0.134399 -0.257255 -0.130361 -0.110421 -0.332216 -0.090172 -0.078669 0.296056 0.123955 -0.068888 0.121146 0.141104 0.075451 0.131818 0.150845 -0.005059 0.327943 0.254945 -0.080925 0.032672 -0.045680 -0.137700 -0.110370 -0.012828 -0.010912 0.102125 -0.158702 0.148178 0.236623 -0.193245 0.411588 -0.001581 -0.182405 0.074374 -0.042411 0.073858
-0.271249 -0.098160 -0.184504 0.424874 0.046482 0.483280 -0.355269 -0.037957 -0.451694 -0.010562 -0.292680 -0.046532 -0.380404 -0.169955 -0.227994 -0.081667 -0.221609 -0.471689 -0.243198 -0.099100 0.396456 0.369155 0.161295 0.285788 0.398517 0.602429 0.720392 1.000000 -0.342180 -0.209503 0.123935 0.219512 -0.123858 -0.121984 0.034165 0.391948 0.002957 0.142754 0.273914 0.119376 0.061395 0.110632 0.411972 0.423393 0.261463 0.342217 0.065277 0.277295 0.101625 0.066989 0.148098 -0.067211 -0.294978 0.120789 0.020373 0.153315 0.004652 0.013072 -0.197052 -0.189042 -0.390389 -0.288492 -0.465151 -0.362552 -0.306212 0.123557 0.115795 0.389788 -0.028985 -0.238428 -0.226122 0.093279 -0.359881 0.124962 0.109070 0.091003 0.044816 -0.052992 -0.043351 -0.067434 -0.122877 -0.233372 -0.391393 -0.177782 -0.276598 -0.013542 -0.201424 0.075105 -0.051333 -0.042692 0.145333 -0.104012 0.239159 -0.083986 0.191001 0.227131 0.263526 0.134775 0.057442 0.223389 -0.082149 -0.223932 -0.115710 -0.132936 0.183135 0.285778 -0.070957 0.031304 0.051238 -0.011213 0.433869 0.186647 -0.009594 0.190361 0.269194 0.098943
0.076923 -0.204987 -0.123840 -0.436615 -0.197703 -0.107946 0.092634 -0.400136 0.284629 -0.089101 0.416064 0.021896 0.252506 -0.052020 0.245377 -0.032565 0.292917 0.366034 0.144428 0.047288 0.010512 0.220014 -0.200019 -0.303291 -0.069604 -0.145635 -0.160113 -0.342180 1.000000 0.594186 0.211163 0.163653 0.272365 0.233119 -0.052154 -0.144083 0.423556 0.091592 0.066029 0.545966 0.016371 -0.423984 -0.023902 -0.102963 0.034316 -0.176327 0.170332 -0.092229 -0.114354 -0.065216 -0.364278 -0.347360 0.146806 -0.085761 0.124667 0.356954 -0.020396 -0.066222 0.210255 -0.143316 0.026097 -0.114856 0.039340 -0.248686 -0.040882 -0.276994 -0.194686 -0.372607 0.035651 -0.112195 -0.069380 -0.196544 0.477335 -0.006277 -0.069414 -0.135047 -0.232432 -0.207401 0.449166 0.390084 0.476433 0.581872 0.305179 0.495561 0.157086 0.035749 0.229020 0.143746 -0.135048 -0.175317 -0.346293 -0.070558 -0.454714 -0.159699 0.403668 -0.144640 0.239522 0.454150 -0.064073 -0.223268 -0.210030 0.082742 -0.321517 -0.371940 -0.445902 -0.260647 0.055222 -0.075165 0.187237 -0.141083 -0.227095 -0.117512 -0.102833 -0.171588 -0.006592 -0.199067
-0.239853 -0.319446 -0.243880 -0.311180 -0.340565 0.245974 -0.144056 -0.433451 0.243169 0.025612 0.128646 0.077641 0.402065 0.308879 0.255366 0.225982 0.280808 0.587803 -0.361841 -0.240129 -0.049395 0.226525 -0.397246 -0.378709 0.109914 0.096854 -0.202200 -0.209503 0.594186 1.000000 0.230073 0.213928 0.376620 0.415272 -0.123117 0.061302 0.563487 0.358461 0.148045 0.357613 0.192538 -0.007175 0.113958 0.131868 0.130170 -0.112635 0.289662 0.032871 -0.031317 -0.075385 -0.414078 -0.260403 0.168954 -0.022703 0.175418 0.373742 -0.014830 0.006834 0.180609 -0.119514 0.107187 0.142326 0.173086 0.008078 -0.220682 -0.011561 -0.146746 -0.331480 -0.033964 -0.318956 0.003183 -0.070384 0.650719 0.131095 0.000183 0.044570 0.020236 0.153584 0.531911 0.638404 0.540734 0.662002 -0.107541 0.091484 -0.224674 -0.237405 0.036346 -0.187181 -0.417030 -0.331980 -0.362853 -0.476796 -0.353877 -0.400515 0.262236 0.036503 0.280337 0.317277 -0.046600 -0.148362 -0.336476 -0.148110 -0.346361 -0.467588 -0.211388 -0.204550 0.127311 -0.312097 -0.028793 0.140951 -0.010742 -0.114971 -0.175831 -0.112138 0.096149 -0.192460
-0.351580 0.094112 -0.246419 0.072683 -0.025548 0.070947 -0.190167 0.014122 -0.212740 -0.076975 -0.173672 -0.161651 -0.345284 -0.305207 -0.351079 -0.169572 -0.189491 -0.008639 -0.154588 -0.011897 0.391730 0.312780 0.160336 0.315566 0.465525 0.402353 0.028753 0.123935 0.211163 0.230073 1.000000 0.672014 -0.018247 0.138520 0.262497 0.264417 0.160100 0.040987 -0.010791 0.286830 -0.032890 -0.168433 0.027312 0.017828 0.043276 0.236803 0.023760 0.042771 -0.415868 -0.141240 -0.092838 -0.118170 -0.358592 0.264349 -0.068971 -0.012495 -0.218164 -0.267164 -0.336983 -0.241395 -0.515036 -0.275769 -0.223721 -0.248751 -0.156965 -0.147751 0.035943 0.147786 -0.192969 -0.287499 0.087862 0.057655 -0.062123 -0.008936 -0.062043 -0.035414 -0.223275 0.058337 0.285105 0.155309 0.261431 0.264486 -0.062624 0.307297 0.051957 0.244502 0.065222 0.210060 -0.269398 -0.276853 0.182348 -0.123573 0.190867 -0.025001 0.068291 0.141671 0.143147 0.036464 0.071877 -0.223413 0.043648 0.035087 -0.169194 -0.048100 -0.202175 -0.120917 -0.103150 -0.172743 -0.011428 -0.170117 0.321425 0.187962 -0.154864 0.151723 0.062687 -0.250651
-0.499749 -0.040408 -0.422715 0.292536 0.089709 0.108180 -0.226200 0.129962 -0.290877 -0.126039 -0.213081 -0.066239 -0.378156 -0.287612 -0.431442 -0.091441 -0.265583 -0.030588 -0.238886 0.083101 0.294972 0.421333 0.349545 0.548177 0.412881 0.426550 -0.126481 0.219512 0.163653 0.213928 0.672014 1.000000 -0.186001 0.293603 0.218931 0.332133 0.008942 0.104655 -0.194146 0.156916 -0.118481 0.029315 0.034902 0.013790 -0.028949 0.309571 0.068599 -0.084754 -0.486988 -0.169399 -0.064840 -0.103835 -0.228439 0.360066 -0.189434 -0.093183 -0.439856 -0.351298 -0.532265 -0.312497 -0.659681 -0.377263 -0.332962 -0.369768 -0.068280 0.078495 -0.145661 0.133031 -0.316794 -0.376097 0.022294 0.022156 -0.216222 0.195386 0.034709 -0.045710 -0.271539 -0.016395 0.309242 0.217945 0.145918 0.284852 -0.156404 0.357356 0.250221 0.500733 0.071940 0.126832 -0.218835 -0.074181 0.318879 -0.150485 0.358841 -0.092443 0.082068 0.109110 -0.020765 0.002505 0.065419 -0.197998 0.140131 -0.041198 -0.198151 -0.226318 -0.153070 0.002308 0.040527 -0.222360 -0.141388 -0.215647 0.160998 -0.006582 -0.044751 0.162540 0.230574 -0.028979
-0.063762 -0.008174 -0.137103 -0.403517 -0.292422 -0.022096 0.073259 -0.327210 0.087702 -0.408786 0.065278 -0.237932 0.178968 0.073582 -0.005535 0.019835 0.411721 0.399338 0.063409 -0.237325 -0.077250 -0.102874 -0.379226 -0.536357 -0.198714 -0.157094 -0.160883 -0.123858 0.272365 0.376620 -0.018247 -0.186001 1.000000 0.335883 -0.034705 -0.255210 0.363922 0.063387 0.124749 -0.076941 0.308597 0.099284 0.152419 0.140129 0.215770 -0.120258 0.202547 0.147408 0.222854 0.262312 -0.268991 -0.146918 -0.082556 -0.334677 -0.016378 0.260167 0.437834 0.314580 0.332641 0.190763 0.391076 0.171311 0.524559 0.397998 -0.077505 -0.274265 0.288821 -0.183188 0.218588 -0.041749 -0.041556 -0.088346 0.594863 0.178789 0.154931 0.032155 0.110099 0.142193 0.176964 0.290183 0.234635 0.123552 -0.077401 -0.014670 -0.270761 -0.366399 -0.218707 -0.247750 -0.386910 -0.335336 -0.564627 -0.480642 -0.530622 -0.372872 0.196843 0.342466 -0.068595 0.033829 -0.056722 0.079821 -0.269814 -0.011220 -0.076862 -0.108727 -0.098028 -0.010329 0.079259 -0.014464 -0.080364 0.416738 -0.187890 0.148555 -0.067017 -0.140905 -0.015321 -0.056119
-0.092144 0.026040 -0.235011 0.041056 -0.001228 0.137647 -0.117706 -0.160644 -0.005343 -0.024445 0.181175 0.253603 0.024235 0.303664 -0.022129 0.313507 0.456021 0.454674 -0.072128 0.070537 -0.071802 -0.062317 0.073191 -0.056565 -0.081496 -0.142352 -0.313746 -0.121984 0.233119 0.415272 0.138520 0.293603 0.335883 1.000000 0.345051 0.269969 0.178794 0.076675 -0.184532 -0.217061 0.001137 0.222404 0.008188 -0.041124 -0.038259 0.084504 0.084877 -0.071699 -0.519151 -0.015597 -0.222127 -0.339716 -0.295056 -0.078373 -0.290490 -0.023998 0.017390 -0.017176 -0.273057 -0.265894 -0.034203 0.009972 0.327903 0.017518 0.220865 0.271821 -0.196417 -0.165550 -0.078318 -0.196121 -0.098162 -0.037198 0.311538 0.157036 0.238078 0.180255 0.110696 0.256179 0.361737 0.380116 0.225831 0.276550 -0.117901 0.191943 0.156504 -0.002897 -0.254952 -0.463209 -0.225751 -0.264345 -0.285384 -0.507519 -0.199394 -0.534994 0.134744 0.493963 -0.317165 0.061073 -0.297787 -0.171826 -0.452004 -0.135003 -0.410934 -0.444101 -0.048401 0.190068 0.358943 -0.154939 -0.364254 0.335585 0.007989 0.096158 -0.035870 0.019510 0.352659 -0.120942
0.118841 -0.046435 -0.052387 0.172496 0.270991 -0.032923 -0.129968 0.134726 -0.091854 -0.060941 0.090793 0.158749 -0.282465 -0.113731 -0.314129 -0.039827 -0.054057 -0.053287 0.096223 0.079087 0.159508 -0.012895 0.459571 0.293807 0.144379 -0.057629 0.086017 0.034165 -0.052154 -0.123117 0.262497 0.218931 -0.034705 0.345051 1.000000 0.537061 -0.239558 -0.171642 -0.289164 -0.080176 0.087869 0.022001 -0.135041 -0.101849 0.076224 0.396267 -0.086990 -0.104055 -0.393028 -0.016556 0.053763 -0.142306 -0.396469 0.292233 -0.347527 -0.193708 -0.224503 -0.180709 -0.428766 -0.233798 -0.342547 -0.186371 -0.243384 -0.226647 0.302162 0.070266 -0.008670 0.280376 -0.081429 -0.059949 0.145993 0.112777 -0.298893 0.170990 0.051484 0.097364 -0.026382 0.025069 0.035135 -0.096409 -0.217384 -0.200844 0.000747 0.134251 0.190268 0.201130 0.089472 0.084136 0.075999 0.022865 0.131469 -0.062812 0.106649 -0.116421 -0.142796 0.167519 -0.301625 -0.113933 -0.292360 -0.106870 -0.039941 -0.099926 -0.192177 -0.069910 -0.226801 0.099766 -0.029259 -0.044678 -0.132043 -0.082361 0.275537 0.061947 -0.207063 0.118996 0.070576 -0.011956
-0.280762 -0.097330 -0.233685 0.631901 0.162971 0.364024 -0.574105 0.045419 -0.162570 0.207380 -0.061915 0.438115 -0.289312 0.101517 -0.170107 0.256543 -0.142608 -0.240383 -0.315104 -0.172974 0.219377 0.113611 0.476220 0.447560 0.352897 0.304124 0.300559 0.391948 -0.144083 0.061302 0.264417 0.332133 -0.255210 0.269969 0.537061 1.000000 0.006280 0.290618 0.081248 0.051336 0.205183 0.195501 0.005080 0.025178 -0.015395 0.334496 -0.188937 -0.098753 -0.360579 -0.206587 0.180535 -0.153136 -0.240124 0.246672 0.031080 0.022359 -0.426364 -0.288094 -0.450102 -0.455385 -0.482503 -0.160791 -0.403803 -0.419290 0.066368 0.488159 -0.151189 0.363325 -0.252870 -0.335096 -0.151862 -0.014688 -0.221412 0.150439 0.152188 0.142338 0.119803 0.140604 0.135718 -0.055726 -0.132090 -0.173764 -0.324557 0.008977 0.020959 0.152074 -0.093832 -0.026985 0.143984 0.162661 0.072066 -0.261289 0.307445 -0.171521 -0.011663 0.076910 -0.005205 -0.088513 -0.171486 0.008990 -0.199058 -0.368187 -0.471615 -0.432954 -0.045157 0.015379 -0.167854 -0.340905 -0.185802 -0.029230 0.565478 0.110356 -0.359368 0.389847 0.088800 0.092035
