1.000000 0.296527 0.225955 -0.005974 -0.154883 -0.272660 0.277931 0.083799 0.113731 0.032335 0.276195 0.038331 0.279444 0.103915 0.245864 0.228638 0.106034 -0.242823 0.280111 -0.120685 -0.278764 -0.058600 0.067839 -0.154495 -0.357645 -0.277078 -0.226996 -0.440433 -0.103962 -0.207757 -0.352414 -0.299334 0.033995 -0.076336 -0.189804 -0.148291 0.040100 -0.034749 -0.377873 -0.102056 -0.030564 -0.046339 -0.386841 -0.440765 -0.327235 -0.363527 -0.395284 -0.305767 0.006641 -0.297827 -0.005546 -0.123484 0.247088 -0.125617 0.009788 -0.394828 0.334902 0.127139 0.506330 0.037762 0.534903 0.341633 0.032903 0.021345 0.184379 0.135197 0.044269 -0.158777 0.326331 0.101550 0.022597 -0.172412 -0.113095 -0.137663 0.031022 0.108812 0.134437 0.155660 -0.198221 -0.052078 -0.047237 -0.037144 0.116483 -0.048133 0.166393 -0.117040 0.046989 -0.357615 0.109049 0.090459 -0.031997 0.181188 0.089148 0.051039 -0.021286 0.091326 -0.156254 0.075581 -0.216519 0.149727 -0.116741 -0.122562 -0.170816 0.025226 -0.043314 0.065944 -0.008364 0.351993 -0.046870 -0.119168 -0.133366 0.101167 0.047986 0.164266 0.097889 0.207585
0.296527 1.000000 -0.390556 -0.225710 -0.256537 -0.246206 0.008233 -0.048938 -0.163194 -0.009918 0.314241 0.261498 -0.004627 0.158546 -0.192443 0.080055 0.375072 0.248934 0.140762 0.252983 0.053520 0.190247 -0.379390 -0.526494 -0.348455 -0.318739 -0.112157 -0.160175 0.336944 0.340128 -0.074191 -0.171727 -0.271866 -0.082244 -0.130947 -0.207884 0.183122 0.276893 -0.027581 0.123584 0.231000 0.157762 -0.019864 -0.130746 0.059539 0.014298 -0.172654 -0.227929 -0.248361 0.093106 -0.149248 0.011446 -0.125251 -0.059612 0.064955 0.029544 0.149249 0.288972 0.058034 0.217887 0.036053 0.317154 0.226230 0.405316 -0.187164 0.046530 -0.124344 -0.437995 0.085600 -0.371681 0.174196 -0.085986 0.405018 0.367524 0.445928 0.346070 0.433070 0.228912 0.053631 0.129365 0.407839 0.308512 0.048663 0.255316 0.091351 0.108159 -0.122574 -0.177104 -0.193779 -0.078691 -0.005899 -0.092490 -0.091163 -0.389996 -0.105465 0.266198 0.159382 -0.184723 0.216938 0.349724 0.232134 -0.029497 0.179382 -0.405666 -0.284521 -0.388228 0.107904 -0.283336 0.068333 0.036905 -0.048012 0.131045 -0.061005 0.115215 0.011369 0.040868
0.225955 -0.390556 1.000000 0.478313 0.222161 0.033680 0.321786 0.233471 0.448421 0.015203 -0.033163 -0.040526 0.226679 -0.053267 0.549448 0.136373 -0.434810 -0.360070 -0.089793 -0.360146 -0.028020 -0.291852 0.615073 0.420610 0.125926 0.068314 -0.008051 -0.032402 -0.574275 -0.397874 -0.209652 -0.057365 0.159595 0.094445 0.148706 0.209267 0.041436 -0.286523 -0.156129 -0.016708 -0.391574 -0.002222 -0.199458 -0.048954 -0.176144 -0.157032 -0.121228 -0.289017 0.290293 -0.132720 0.229882 -0.002303 0.138371 0.007444 -0.128648 -0.226504 -0.025862 -0.257893 0.267800 -0.256265 0.115632 -0.076602 -0.419996 -0.419715 0.393667 0.143610 0.242540 0.359081 0.330133 0.204494 -0.328974 -0.205819 -0.421660 -0.234621 -0.220441 -0.122255 -0.298306 -0.337175 -0.176195 -0.020194 -0.503637 -0.250247 0.136322 -0.495099 0.344448 -0.066261 0.317333 -0.116169 0.624885 0.350272 -0.275796 0.044036 0.150690 0.327374 0.285070 -0.053466 -0.142107 0.407415 -0.334564 -0.493251 -0.272198 -0.247254 -0.335051 0.045247 0.166632 0.303291 0.082987 0.420714 -0.163350 -0.130183 -0.079371 -0.274192 0.063135 -0.270948 -0.045254 -0.078518
-0.005974 -0.225710 0.478313 1.000000 0.135271 0.273502 0.083918 0.445461 0.174987 0.191636 -0.107123 0.128364 -0.100064 -0.235577 0.251736 0.069443 -0.593343 -0.487911 0.090690 -0.101450 0.227962 0.244568 0.398319 0.560193 0.361737 0.503716 0.053600 0.331142 -0.553471 -0.337615 0.178649 0.466909 0.116619 0.216917 0.003825 0.257168 -0.030776 -0.313885 -0.272681 -0.134420 -0.460514 -0.059444 0.136937 0.210296 -0.059754 0.116894 -0.049758 -0.080146 0.089198 -0.023425 0.243029 0.111059 -0.321301 -0.103855 -0.426152 -0.238156 -0.095100 -0.352043 -0.066383 -0.270392 -0.263163 -0.138843 -0.481653 -0.498523 0.265027 0.190099 0.055413 0.377240 0.184134 0.112715 -0.176223 -0.111025 -0.414995 -0.212404 -0.042909 0.088853 -0.036300 -0.048534 -0.051614 -0.289388 -0.520935 -0.500775 0.057420 -0.292359 0.096874 0.109079 0.394607 0.394877 0.306754 0.279109 -0.315228 -0.350487 0.244839 -0.055407 -0.027857 -0.151892 0.022836 0.171213 -0.370010 -0.332747 -0.216942 -0.336860 -0.446307 -0.152082 -0.031925 0.080410 -0.032022 0.151119 -0.213329 -0.108617 0.113760 0.112153 0.288232 -0.019591 0.172204 -0.022978
-0.154883 -0.256537 0.222161 0.135271 1.000000 0.425433 0.369415 0.467826 0.679213 0.622247 -0.094824 0.153942 0.142936 0.180203 0.304695 0.392682 -0.007360 0.160222 -0.258244 -0.163883 0.038012 -0.524675 0.069260 0.499513 0.267591 0.209281 -0.167967 -0.007584 0.118351 0.270836 -0.177184 0.179033 -0.186528 0.260742 -0.313203 -0.219319 0.258421 -0.060215 0.127294 0.021201 -0.256641 0.201959 -0.282292 -0.188315 -0.206019 -0.115473 -0.035740 -0.353172 -0.184236 -0.187102 -0.220211 0.089880 0.103633 0.148986 -0.397060 -0.230991 -0.169807 -0.187912 -0.115887 -0.235665 -0.026474 0.100199 -0.130095 -0.182935 0.301452 0.430482 -0.270111 -0.024208 -0.188878 0.286457 -0.047469 0.124095 -0.040248 -0.098436 -0.032344 -0.301694 -0.424122 -0.641885 0.390954 0.174146 0.087159 0.016336 0.231837 -0.196498 0.148087 0.057588 -0.232217 -0.111127 0.335236 0.306042 0.021795 0.135055 0.252650 0.268028 0.246309 -0.173515 -0.630733 0.326275 -0.190177 -0.466116 -0.388662 0.024928 -0.385500 -0.051815 0.079342 0.170309 0.051048 0.016273 -0.401897 -0.418544 -0.603587 -0.374874 -0.046163 -0.555287 -0.357509 -0.468291
-0.272660 -0.246206 0.033680 0.273502 0.425433 1.000000 0.091591 0.385209 0.248042 0.557920 -0.019533 0.320551 0.052074 0.214103 -0.026218 0.348632 -0.214887 -0.013288 -0.360930 0.123548 0.262860 -0.102790 0.005463 0.462073 0.501315 0.538861 -0.121967 0.331792 -0.120560 0.173189 0.219542 0.427971 -0.068459 0.180138 0.052839 0.230401 0.043017 -0.251855 -0.184501 -0.240462 -0.280721 0.077404 -0.142949 -0.009404 0.136483 0.168367 -0.039348 -0.210952 -0.180912 0.116760 -0.209186 0.102276 -0.030404 0.008478 -0.255130 -0.170101 -0.276236 -0.289218 -0.358525 -0.332153 -0.234907 -0.140588 -0.196706 -0.291728 0.063736 0.351320 -0.298532 0.018709 -0.257547 0.118277 0.076703 0.324059 -0.052449 -0.154678 -0.032218 -0.121505 -0.168353 -0.207727 0.154402 -0.065485 -0.104026 -0.192300 0.098018 -0.010076 -0.062126 0.080452 -0.130588 0.275266 0.080068 0.097613 -0.019808 -0.046353 0.300940 0.004207 -0.151296 -0.038603 -0.401577 0.183288 -0.154060 -0.324660 -0.171580 0.132059 -0.335610 0.082689 0.157521 0.231598 -0.041506 0.011537 -0.277504 -0.223839 -0.213440 0.067739 0.115334 -0.292347 -0.045631 -0.342292
0.277931 0.008233 0.321786 0.083918 0.369415 0.091591 1.000000 0.650853 0.707955 0.563153 0.117137 0.284227 0.234200 0.124697 0.300765 0.274017 0.098868 -0.084288 0.000083 -0.332378 -0.058102 -0.323108 -0.138637 0.050116 -0.337038 -0.165403 -0.642843 -0.582135 -0.039729 0.068710 -0.261948 -0.023690 0.220894 0.002807 -0.375247 -0.234315 0.187406 -0.259832 -0.358359 -0.318468 -0.471223 0.168293 -0.198495 -0.297987 -0.153912 -0.152778 -0.148467 -0.614223 -0.076813 -0.260184 -0.056780 -0.204814 -0.024253 -0.277620 -0.241046 -0.577382 -0.024408 -0.182588 0.215161 -0.092200 0.540729 0.323394 0.184567 0.108241 0.735916 0.506654 -0.031760 -0.051862 -0.100970 -0.054121 -0.078807 -0.287299 0.078080 -0.080625 0.111353 -0.140232 0.016101 -0.275004 -0.014992 0.067393 -0.170971 -0.079664 -0.030994 -0.175706 0.127240 -0.033912 -0.337004 -0.234638 0.173640 0.030345 -0.068242 0.085333 0.415720 0.292303 0.003202 -0.137756 -0.488707 0.101661 -0.207609 -0.324183 -0.061656 0.216208 -0.126594 -0.035742 0.126351 0.130992 0.277859 0.269182 -0.206530 -0.243627 -0.457475 -0.026399 0.132896 -0.242671 0.014213 -0.196073
0.083799 -0.048938 0.233471 0.445461 0.467826 0.385209 0.650853 1.000000 0.608087 0.730473 0.026931 0.354384 0.074569 0.040382 0.169409 0.353944 -0.178954 -0.176977 -0.092351 -0.266007 -0.049496 -0.115602 -0.079819 0.316699 -0.047743 0.234642 -0.577697 -0.276137 -0.251613 0.053163 -0.080328 0.275419 0.187558 0.273007 -0.252452 -0.150328 0.111034 -0.265052 -0.373598 -0.224031 -0.561665 0.145196 -0.174630 -0.225002 -0.276999 -0.140465 -0.244420 -0.529716 -0.190352 -0.327567 -0.150955 -0.176586 -0.219802 -0.334014 -0.600436 -0.599751 -0.254428 -0.290541 0.046495 -0.086563 0.249231 0.316896 -0.135907 -0.085932 0.580883 0.734201 -0.018910 0.181543 -0.130708 0.097960 -0.090140 -0.009905 -0.085992 -0.100318 0.126292 -0.031075 -0.029286 -0.314638 0.065610 -0.083292 -0.245336 -0.293648 0.044455 -0.378413 0.074428 0.043406 -0.179187 0.075110 0.224364 0.119165 -0.282145 -0.049118 0.518132 0.129449 -0.017808 -0.093480 -0.526463 0.249965 -0.433989 -0.510456 -0.228595 0.032304 -0.325463 0.003298 0.242845 0.246704 0.236744 0.107109 -0.311160 -0.295086 -0.380763 0.023444 0.223919 -0.223287 -0.010498 -0.207347
0.113731 -0.163194 0.448421 0.174987 0.679213 0.248042 0.707955 0.608087 1.000000 0.660206 0.075606 0.108572 0.238713 0.121238 0.492230 0.507322 -0.082351 -0.022001 -0.179494 -0.306963 -0.116679 -0.513602 0.155989 0.368177 -0.093597 0.052478 -0.429373 -0.321163 -0.041858 0.231297 -0.313535 0.068545 0.052559 0.184769 -0.364716 -0.255103 0.340042 -0.205438 -0.104831 -0.050562 -0.377533 0.321428 -0.181371 -0.165543 -0.219641 -0.162836 0.029006 -0.467622 -0.061709 -0.247230 -0.139704 -0.089889 0.163279 -0.007770 -0.370178 -0.412300 -0.127746 -0.165724 0.010517 -0.379642 0.268014 0.192742 -0.123917 -0.138106 0.597933 0.505200 -0.186527 -0.082647 0.044457 0.124849 -0.089127 -0.064401 -0.076263 -0.129908 0.080618 -0.195474 -0.233696 -0.585308 0.184479 0.239022 -0.080908 0.025192 0.119207 -0.372126 0.255513 -0.087682 -0.220273 -0.294846 0.534621 0.289500 -0.077350 0.105378 0.353835 0.286781 0.266222 -0.115510 -0.604026 0.331856 -0.295125 -0.492907 -0.278077 -0.023295 -0.407730 -0.022841 0.074698 0.252739 0.097963 0.113454 -0.244123 -0.439622 -0.574440 -0.309630 -0.035402 -0.440711 -0.196365 -0.421177
0.032335 -0.009918 0.015203 0.191636 0.622247 0.557920 0.563153 0.730473 0.660206 1.000000 0.051136 0.276193 0.060798 0.047628 0.218450 0.565420 -0.061965 0.061018 -0.202930 -0.018741 0.042258 -0.311091 -0.102328 0.351763 0.093982 0.313229 -0.472840 -0.218707 0.087877 0.345351 -0.081396 0.338044 -0.002174 0.358777 -0.328020 -0.208065 0.170627 -0.158551 -0.100368 -0.076472 -0.317731 0.224553 -0.248270 -0.233504 -0.135391 -0.120532 -0.101235 -0.426541 -0.256738 -0.162760 -0.339772 -0.034376 -0.010236 -0.021145 -0.473647 -0.368654 -0.242024 -0.198462 -0.103464 -0.320809 0.091905 0.172054 -0.137909 -0.118306 0.419824 0.615873 -0.337133 -0.186444 -0.122884 0.100987 0.066030 0.186556 0.124940 -0.070574 0.103793 -0.157292 -0.156746 -0.387293 0.238533 0.148936 -0.011437 -0.051389 0.119078 -0.053322 -0.027556 -0.085696 -0.321349 -0.030398 0.214126 0.242050 -0.005327 0.083003 0.401097 0.156466 0.008787 -0.190970 -0.560641 0.171479 -0.249837 -0.285614 -0.249842 0.088771 -0.376670 -0.007151 0.096062 0.143468 -0.051346 -0.038285 -0.352341 -0.415555 -0.482958 -0.053580 0.139820 -0.323396 -0.129923 -0.313845
0.276195 0.314241 -0.033163 -0.107123 -0.094824 -0.019533 0.117137 0.026931 0.075606 0.051136 1.000000 0.358240 0.489754 0.440263 0.163715 0.458641 0.061086 -0.081841 -0.082515 0.209049 0.010239 -0.041757 0.021317 -0.027238 -0.432166 -0.373890 0.031695 -0.203529 0.110546 -0.059237 -0.188970 -0.188070 -0.179701 -0.201687 -0.224918 -0.157743 0.028967 -0.083725 -0.197965 0.075241 -0.002806 -0.112721 -0.210710 -0.132820 -0.156722 -0.101331 -0.303027 -0.223592 -0.096282 -0.013333 -0.402458 -0.159897 0.119524 -0.009538 -0.023743 -0.242697 0.031884 0.132787 0.003809 -0.159166 0.120548 0.032019 -0.155330 -0.162908 0.011861 0.198669 -0.101590 -0.159562 0.270710 0.215963 0.173926 -0.101222 -0.152921 -0.067593 -0.038725 -0.092006 -0.000395 -0.006588 0.106551 0.039374 0.165499 0.221158 0.121567 0.049212 0.423418 0.262681 -0.006913 -0.060697 0.169624 0.189076 0.023436 0.141983 -0.030698 -0.068756 -0.133053 0.154515 -0.275657 0.004616 -0.309367 0.051439 -0.003786 -0.171179 -0.047367 -0.065589 0.029299 0.029295 0.072081 -0.062076 0.022902 0.084426 -0.014489 -0.093932 -0.030536 -0.041978 -0.121106 0.022849
0.038331 0.261498 -0.040526 0.128364 0.153942 0.320551 0.284227 0.354384 0.108572 0.276193 0.358240 1.000000 0.282567 0.441558 0.043383 0.395021 0.081136 -0.101338 -0.097139 0.079852 0.353923 0.028870 -0.163857 0.116632 0.063306 0.113275 -0.212014 -0.050268 0.207842 0.098248 0.257033 0.269627 -0.049710 0.017952 -0.336286 -0.103232 0.176324 0.106256 -0.274683 -0.194364 -0.239884 0.061678 -0.138223 0.009196 0.062265 0.122882 -0.177070 -0.416807 -0.140518 0.009736 0.014163 -0.133767 -0.041557 -0.222238 -0.241891 -0.125984 -0.045890 -0.298813 -0.150615 -0.227329 -0.011928 -0.032042 0.010449 -0.151920 0.217651 0.399628 -0.222606 -0.159933 -0.165781 -0.086831 0.051025 -0.142320 0.080815 0.046672 0.147629 0.086786 0.165556 -0.016885 0.167771 -0.034603 0.087563 -0.042856 0.235421 0.159305 0.347877 0.508953 -0.065633 0.242127 -0.186411 -0.066029 -0.248008 -0.153888 0.067948 -0.264278 0.018796 -0.000585 -0.214410 -0.056379 -0.287601 -0.076128 -0.095153 -0.089977 -0.249412 -0.325929 -0.159411 -0.176006 0.154518 -0.048250 -0.277641 -0.113508 -0.159488 0.060407 0.072526 -0.157917 -0.082135 -0.222435
0.279444 -0.004627 0.226679 -0.100064 0.142936 0.052074 0.234200 0.074569 0.238713 0.060798 0.489754 0.282567 1.000000 0.652770 0.506624 0.555989 0.094513 0.000555 -0.334375 -0.255142 -0.027454 -0.322014 0.208433 0.036648 -0.107785 -0.240303 -0.027838 -0.183225 0.098007 0.008383 -0.175366 -0.156588 -0.166253 0.032529 -0.126377 -0.046644 0.297407 -0.021707 -0.100895 -0.104867 -0.058442 0.142939 -0.288817 -0.230896 -0.163374 -0.136077 -0.118774 -0.304502 -0.212048 -0.169005 -0.130021 -0.215356 0.440119 -0.119132 0.168075 -0.268981 -0.108297 -0.104540 0.107459 -0.196217 0.311755 0.153110 0.016673 -0.065058 0.287923 0.308274 -0.147874 -0.129155 0.040055 0.017699 0.038857 -0.041427 -0.157492 -0.065832 -0.149100 -0.180412 -0.088348 -0.234416 0.279023 0.215970 0.215752 0.358408 0.251152 -0.093322 0.455949 0.179730 -0.023375 -0.225408 0.259661 0.141754 -0.156493 0.003240 -0.129322 -0.088216 0.123523 -0.102205 -0.393217 0.085577 -0.315615 -0.244738 -0.380829 -0.199370 -0.314928 -0.157698 -0.160207 0.001717 0.027400 0.078743 -0.063603 -0.313864 -0.344875 -0.205072 -0.015347 -0.168388 -0.245957 -0.289072
0.103915 0.158546 -0.053267 -0.235577 0.180203 0.214103 0.124697 0.040382 0.121238 0.047628 0.440263 0.441558 0.652770 1.000000 0.204229 0.531628 0.307509 0.193948 -0.344631 -0.175696 0.138709 -0.305302 -0.002686 0.073925 0.053469 -0.216954 0.011422 0.032399 0.238512 0.126347 -0.085646 -0.264380 -0.267520 -0.183643 -0.141525 -0.107731 0.316873 0.059583 -0.117384 -0.029328 -0.017925 0.166152 -0.270249 -0.097800 0.012257 0.058058 -0.031197 -0.251756 -0.162131 -0.087400 -0.069517 -0.021126 0.347856 -0.059057 0.130151 -0.079183 -0.159601 -0.155113 -0.066218 -0.072844 0.256444 0.218182 0.213961 0.044450 0.069776 0.360110 -0.225604 -0.201223 -0.238232 -0.049422 0.047159 0.009914 -0.040108 -0.087622 -0.091092 -0.162357 -0.158049 -0.249792 0.247020 0.146052 0.289556 0.222227 0.280139 0.167606 0.363530 0.465845 -0.162080 -0.106441 0.036299 0.053530 -0.045489 -0.118959 -0.117279 -0.175913 0.201984 0.037052 -0.323879 0.079427 -0.020626 -0.075917 -0.221582 -0.131455 -0.201573 -0.257407 -0.062061 -0.095407 0.115462 -0.034876 -0.006534 -0.179588 -0.455811 -0.245131 -0.096016 -0.199005 -0.282988 -0.420936
0.245864 -0.192443 0.549448 0.251736 0.304695 -0.026218 0.300765 0.169409 0.492230 0.218450 0.163715 0.043383 0.506624 0.204229 1.000000 0.477633 -0.323410 -0.195489 -0.062136 -0.271007 -0.022480 -0.432583 0.668231 0.421756 0.153445 0.037295 -0.106492 -0.195687 -0.267013 -0.176837 -0.071079 -0.007716 -0.045483 0.129158 -0.046948 -0.001263 0.292820 -0.143278 -0.101382 0.044598 -0.289112 0.098584 -0.217148 -0.144207 -0.214690 -0.274390 -0.085790 -0.285243 -0.017202 -0.258819 0.020957 -0.006104 0.264804 0.110120 -0.063695 -0.190151 0.041424 -0.165650 0.122612 -0.249804 0.135533 0.066878 -0.349422 -0.340661 0.461074 0.156527 0.042133 0.082783 0.395232 0.254953 -0.175868 -0.200080 -0.351654 -0.219874 -0.098645 -0.137200 -0.231930 -0.377261 -0.072236 0.171925 -0.204600 0.049866 0.343663 -0.234588 0.464017 0.087919 0.367741 -0.109955 0.607222 0.484692 -0.104385 -0.033408 -0.061366 0.182615 0.304790 -0.120443 -0.230445 0.266075 -0.254506 -0.276283 -0.420340 -0.319810 -0.482736 -0.163350 -0.095895 -0.033148 -0.263450 0.178196 -0.159591 -0.363027 -0.257291 -0.365344 -0.133346 -0.163904 -0.085576 -0.148337
0.228638 0.080055 0.136373 0.069443 0.392682 0.348632 0.274017 0.353944 0.507322 0.565420 0.458641 0.395021 0.555989 0.531628 0.477633 1.000000 -0.038993 0.033867 -0.351786 -0.045330 0.050822 -0.379587 0.200812 0.349900 0.047203 0.071908 -0.104924 -0.090421 0.134722 0.149215 -0.173435 0.015522 -0.283085 0.074442 -0.239167 -0.170982 0.364623 -0.105387 -0.092089 0.054215 -0.197646 0.293784 -0.370611 -0.224248 -0.177667 -0.129534 -0.130973 -0.408540 -0.072341 -0.143872 -0.203524 0.001083 0.325814 0.090008 -0.296453 -0.239960 -0.196073 -0.169782 -0.103429 -0.405995 0.117054 0.142672 -0.227119 -0.293706 0.271217 0.568186 -0.328002 -0.276798 0.105523 0.137055 0.091123 0.077252 -0.160948 -0.107827 -0.015209 -0.208084 -0.159280 -0.427830 0.295647 0.233077 0.163850 0.214561 0.433223 -0.000363 0.475617 0.249544 -0.108305 -0.173783 0.376357 0.313912 -0.120477 0.027313 0.042305 -0.030396 0.272473 -0.202360 -0.490746 0.198001 -0.333944 -0.218633 -0.336297 -0.264218 -0.564797 -0.164327 -0.020113 0.109934 -0.147502 0.003290 -0.258497 -0.441081 -0.491057 -0.260555 -0.033832 -0.277135 -0.316220 -0.412374
0.106034 0.375072 -0.434810 -0.593343 -0.007360 -0.214887 0.098868 -0.178954 -0.082351 -0.061965 0.061086 0.081136 0.094513 0.307509 -0.323410 -0.038993 1.000000 0.615252 0.118856 0.088061 0.010423 -0.221476 -0.593829 -0.510679 -0.351591 -0.378234 -0.232446 -0.261930 0.624049 0.491816 -0.229824 -0.270064 -0.065957 -0.155341 -0.339950 -0.556047 0.331663 0.270901 0.213998 -0.018685 0.315247 0.344761 0.106285 -0.045667 -0.004815 -0.102374 0.180685 -0.094367 -0.253563 -0.070308 -0.059984 -0.196955 0.081459 -0.058072 0.342178 0.177688 0.097225 0.291964 -0.135086 0.266020 0.221931 0.344360 0.765294 0.681841 -0.178042 -0.176727 -0.384378 -0.577477 -0.395402 -0.362513 0.368582 0.104490 0.614071 0.350833 0.415913 0.147428 0.121216 0.028250 0.308308 0.269525 0.563189 0.402096 -0.058878 0.322958 -0.143595 0.047246 -0.447626 -0.349904 -0.383023 -0.262557 0.192323 0.088407 -0.122782 -0.185136 0.064256 0.045519 -0.046833 -0.131714 0.459620 0.252674 0.230792 0.251426 0.326693 -0.190136 -0.205256 -0.197854 0.280602 -0.091594 -0.053609 -0.055569 -0.326626 0.042684 0.109804 -0.140875 -0.299910 -0.259204
-0.242823 0.248934 -0.360070 -0.487911 0.160222 -0.013288 -0.084288 -0.176977 -0.022001 0.061018 -0.081841 -0.101338 0.000555 0.193948 -0.195489 0.033867 0.615252 1.000000 -0.264665 0.106016 0.003332 -0.282910 -0.294602 -0.250163 -0.094286 -0.214010 -0.124435 0.028958 0.513439 0.652771 -0.159174 -0.195776 -0.175913 0.041386 -0.114783 -0.352712 0.306736 0.460208 0.374217 -0.001807 0.310222 0.464116 0.076079 0.065766 0.150000 0.032222 0.319386 0.012940 -0.255028 0.027165 -0.144345 0.026138 0.042632 0.138995 0.147801 0.265333 -0.123887 0.280796 -0.350786 0.155243 -0.114882 0.191404 0.414121 0.527743 -0.279602 -0.145711 -0.412200 -0.478310 -0.358350 -0.259546 0.083311 0.160864 0.592523 0.353765 0.271284 0.065204 -0.104215 -0.257907 0.460947 0.406857 0.498298 0.426723 0.012400 0.227755 -0.177082 -0.056349 -0.345660 -0.241527 -0.112636 -0.067490 0.186828 0.070597 -0.138101 -0.113171 0.054244 -0.111035 -0.095195 0.039389 0.547617 0.172813 0.105710 0.078882 0.254871 -0.077620 -0.013100 -0.045275 0.156095 -0.151988 -0.149540 -0.163210 -0.328185 -0.138257 0.179838 -0.146618 -0.256532 -0.290592
0.280111 0.140762 -0.089793 0.090690 -0.258244 -0.360930 0.000083 -0.092351 -0.179494 -0.202930 -0.082515 -0.097139 -0.334375 -0.344631 -0.062136 -0.351786 0.118856 -0.264665 1.000000 0.250016 0.006159 0.227219 -0.133509 -0.273726 -0.211211 -0.096781 -0.074709 -0.267423 0.101501 -0.154509 0.016459 0.061109 0.178306 -0.092551 -0.230185 -0.241766 -0.171502 -0.051526 -0.131867 0.045032 0.016207 -0.108664 0.177390 -0.087443 -0.253842 -0.310784 -0.089092 0.033997 -0.066421 -0.243746 0.027192 -0.106830 -0.195915 0.092272 0.133582 0.015673 0.497297 0.390237 0.153915 0.254581 -0.012262 0.031823 0.065395 0.024081 -0.076252 -0.290934 0.228069 -0.135658 0.269387 -0.130651 0.145225 0.048723 0.123166 0.158606 0.265836 0.360505 0.290813 0.414894 -0.188895 -0.074526 -0.097082 -0.190170 -0.186986 -0.026333 -0.256685 -0.134999 0.240630 0.034314 -0.189137 -0.142800 0.185128 0.115169 0.035455 0.006209 -0.078109 0.024598 0.234060 -0.205615 0.051264 0.200768 0.242181 0.232474 0.233856 -0.081788 -0.153668 -0.200581 0.050717 0.017804 0.077999 0.175501 0.173174 0.209905 0.014390 0.070508 0.212479 0.339843
-0.120685 0.252983 -0.360146 -0.101450 -0.163883 0.123548 -0.332378 -0.266007 -0.306963 -0.018741 0.209049 0.079852 -0.255142 -0.175696 -0.271007 -0.045330 0.088061 0.106016 0.250016 1.000000 0.198923 0.206227 -0.238299 -0.125845 -0.086403 0.018880 0.130224 0.028032 0.264907 0.174632 0.137691 0.113474 -0.146653 0.149152 -0.050225 0.049008 -0.065283 0.150898 0.162491 0.116432 0.324823 0.141560 0.027733 -0.026943 0.044759 0.080362 -0.153034 0.100771 -0.161808 0.152878 -0.315782 -0.008150 -0.335125 0.060924 0.035012 0.225951 0.076905 0.183124 -0.283279 -0.056736 -0.387506 -0.206184 -0.088669 -0.057255 -0.405050 -0.246357 -0.204591 -0.286264 0.068296 -0.095269 0.361965 0.312581 0.265063 0.342631 0.244790 0.446206 0.307376 0.439914 0.100293 0.032421 0.166834 0.075396 0.150088 0.281398 -0.285013 -0.109192 0.057706 0.193987 -0.197600 -0.044434 0.263143 0.122354 -0.123890 -0.164313 -0.184123 0.012909 0.217658 -0.202551 0.194372 0.353372 0.279448 0.114633 0.181122 0.064384 0.026403 0.001576 -0.127054 -0.175350 0.013940 0.145509 0.298266 0.188740 -0.104631 -0.045813 -0.068064 0.142540
-0.278764 0.053520 -0.028020 0.227962 0.038012 0.262860 -0.058102 -0.049496 -0.116679 0.042258 0.010239 0.353923 -0.027454 0.138709 -0.022480 0.050822 0.010423 0.003332 0.006159 0.198923 1.000000 0.175287 0.047104 0.109254 0.325719 0.297197 0.205137 0.345608 0.102811 0.047340 0.331399 0.314917 -0.172583 -0.031808 -0.150461 -0.009149 0.016089 -0.019979 -0.051054 0.063026 0.005991 0.044592 0.196556 0.345212 0.120681 0.144689 0.172690 0.082458 -0.176737 0.129087 0.083368 0.006062 -0.198804 0.033043 0.038173 0.220572 -0.018637 -0.105388 -0.323633 -0.226447 -0.417428 -0.183181 -0.061456 -0.130686 -0.064726 -0.043687 -0.250524 -0.226810 -0.078756 -0.175071 0.146398 -0.019092 0.176754 0.027500 -0.069238 0.164025 0.032513 0.079351 0.158555 -0.036480 0.056972 -0.081861 0.062550 0.196995 0.081784 0.185567 0.079533 0.351959 -0.141381 -0.089316 0.056359 -0.236647 -0.077203 -0.164499 0.068734 -0.054150 0.156198 -0.077219 0.197841 -0.001610 0.012239 0.086138 -0.101087 -0.274816 -0.042020 -0.119251 0.013413 -0.055238 -0.237799 0.301009 0.061721 0.150702 0.167364 0.080472 0.142912 0.055337
-0.058600 0.190247 -0.291852 0.244568 -0.524675 -0.102790 -0.323108 -0.115602 -0.513602 -0.311091 -0.041757 0.028870 -0.322014 -0.305302 -0.432583 -0.379587 -0.221476 -0.282910 0.227219 0.206227 0.175287 1.000000 -0.118433 -0.251594 0.028135 0.221832 0.170928 0.252159 -0.074152 -0.166930 0.463675 0.318878 0.161031 -0.019011 0.200539 0.385260 -0.409910 0.064995 -0.259179 -0.194226 0.148739 -0.297522 0.289734 0.248246 0.309818 0.375919 -0.111962 0.305412 -0.036316 0.271206 0.180737 0.055849 -0.393409 -0.130693 -0.058055 0.057122 0.038265 -0.053418 -0.031806 0.113695 -0.152510 -0.073003 -0.050738 0.019324 -0.144213 -0.081443 0.159225 0.117894 0.146401 -0.124784 0.088069 -0.039112 0.054152 -0.023794 -0.054698 0.348669 0.551067 0.668736 -0.253994 -0.241334 -0.190228 -0.342784 -0.333933 0.186348 -0.201281 -0.069052 0.099064 0.333111 -0.489744 -0.303911 -0.241099 -0.362793 -0.171829 -0.299806 -0.599285 -0.059169 0.444208 -0.523742 -0.079722 0.256329 0.303385 0.024875 0.146637 -0.140210 -0.133182 -0.224423 -0.120692 -0.115552 0.117778 0.366653 0.656207 0.560042 0.115403 0.566611 0.495510 0.424296
0.067839 -0.379390 0.615073 0.398319 0.069260 0.005463 -0.138637 -0.079819 0.155989 -0.102328 0.021317 -0.163857 0.208433 -0.002686 0.668231 0.200812 -0.593829 -0.294602 -0.133509 -0.238299 0.047104 -0.118433 1.000000 0.606266 0.405440 0.229920 0.309073 0.236449 -0.506119 -0.389304 0.166501 0.103058 -0.018232 0.071768 0.329470 0.286649 0.067382 -0.190146 -0.048118 0.117978 -0.193516 -0.114012 -0.125660 0.031225 -0.134788 -0.091421 -0.027833 0.037860 0.085292 -0.093528 0.220115 0.067494 0.219200 0.203450 -0.086669 -0.013188 -0.102142 -0.205181 0.026150 -0.254859 -0.121533 -0.120212 -0.530921 -0.499489 0.205552 -0.013395 0.164592 0.283517 0.458766 0.338208 -0.283524 -0.090079 -0.499119 -0.335929 -0.312634 -0.140214 -0.288909 -0.246233 -0.145191 0.092931 -0.379545 -0.153820 0.226503 -0.207088 0.392612 -0.018413 0.553650 0.079269 0.633061 0.523958 -0.187300 -0.137348 -0.184392 0.130332 0.209883 0.030255 0.013540 0.335189 -0.261316 -0.206749 -0.374123 -0.376386 -0.426689 -0.030457 0.047034 0.115116 -0.341716 0.130852 -0.119053 -0.091336 0.083900 -0.316794 -0.014304 0.059012 0.036676 -0.007367
-0.154495 -0.526494 0.420610 0.560193 0.499513 0.462073 0.050116 0.316699 0.368177 0.351763 -0.027238 0.116632 0.036648 0.073925 0.421756 0.349900 -0.510679 -0.250163 -0.273726 -0.125845 0.109254 -0.251594 0.606266 1.000000 0.530302 0.504602 0.079800 0.303036 -0.391407 -0.176027 0.194365 0.363559 0.030436 0.168738 0.010710 0.091023 0.121144 -0.263725 -0.080699 -0.026932 -0.389773 0.028243 -0.198567 0.013998 -0.228961 -0.070241 0.028118 -0.080068 -0.003790 -0.167628 0.027857 0.006967 0.032697 0.039386 -0.473070 -0.221683 -0.242808 -0.419854 -0.166209 -0.376466 -0.224274 -0.143203 -0.469219 -0.576156 0.213620 0.234414 -0.039684 0.346889 0.027106 0.483553 -0.182588 0.089522 -0.444075 -0.300575 -0.236474 -0.237499 -0.454989 -0.485088 0.079874 -0.019589 -0.369305 -0.368798 0.303020 -0.109115 0.146110 0.173107 0.294785 0.318792 0.509289 0.453014 -0.193471 -0.143158 0.194652 0.131089 0.190006 -0.035497 -0.337600 0.468772 -0.360834 -0.500759 -0.466507 -0.340050 -0.571884 0.149048 0.219501 0.372827 -0.183432 0.138616 -0.317058 -0.293121 -0.211390 -0.367952 0.057465 -0.254254 -0.074920 -0.331134
-0.357645 -0.348455 0.125926 0.361737 0.267591 0.501315 -0.337038 -0.047743 -0.093597 0.093982 -0.432166 0.063306 -0.107785 0.053469 0.153445 0.047203 -0.351591 -0.094286 -0.211211 -0.086403 0.325719 0.028135 0.405440 0.530302 1.000000 0.695273 0.319214 0.617365 -0.189880 -0.053904 0.483583 0.447505 -0.034328 0.221901 0.290772 0.301557 -0.059505 -0.069612 0.097013 0.035423 -0.038420 -0.106327 0.060805 0.254963 0.229728 0.212416 0.215910 0.166852 0.024116 0.169774 0.259275 0.329445 0.071677 0.227640 -0.074790 0.313218 -0.282422 -0.381952 -0.234813 -0.159805 -0.407496 -0.216490 -0.260879 -0.348156 -0.059970 -0.002466 -0.112340 0.195427 -0.134357 0.089870 -0.113715 0.150994 -0.143891 -0.303571 -0.265466 -0.168775 -0.295853 -0.144629 -0.064957 -0.063831 -0.227730 -0.256559 0.190511 0.164351 -0.017474 0.086739 0.344678 0.329732 0.063388 0.203251 -0.075350 -0.335563 -0.182481 -0.107101 0.139237 0.008654 0.136324 0.074148 0.029886 -0.186657 -0.304514 -0.209230 -0.341135 -0.090483 -0.148845 -0.122946 -0.360058 -0.113039 -0.132780 -0.060737 0.038066 -0.053890 -0.040368 -0.028798 -0.036069 -0.215854
-0.277078 -0.318739 0.068314 0.503716 0.209281 0.538861 -0.165403 0.234642 0.052478 0.313229 -0.373890 0.113275 -0.240303 -0.216954 0.037295 0.071908 -0.378234 -0.214010 -0.096781 0.018880 0.297197 0.221832 0.229920 0.504602 0.695273 1.000000 -0.014352 0.439600 -0.180659 0.065318 0.614193 0.777641 0.195700 0.415219 0.121260 0.244530 -0.073972 -0.163135 -0.025352 -0.077848 -0.112982 0.018590 0.211542 0.366485 0.215399 0.294574 0.184166 0.161932 -0.023919 0.224080 0.085269 0.140808 -0.180031 0.048503 -0.313013 0.071411 -0.223129 -0.380461 -0.327498 -0.320962 -0.420314 -0.198530 -0.253421 -0.354305 -0.029406 0.089897 -0.218845 0.139287 -0.097094 0.102807 -0.003182 0.245096 -0.018252 -0.117393 -0.044756 0.076928 -0.046380 -0.026477 -0.009031 -0.078326 -0.248745 -0.385261 0.098850 -0.011638 -0.174619 -0.112650 0.218429 0.366334 0.001327 0.150229 -0.219831 -0.389533 0.026134 -0.213874 -0.084682 -0.095763 0.024212 -0.008882 -0.143467 -0.257318 -0.270909 -0.160298 -0.470676 -0.123475 -0.077453 0.051625 -0.248487 0.087670 -0.351627 -0.153024 0.073100 0.133160 0.206062 -0.014031 0.161336 -0.113425
-0.226996 -0.112157 -0.008051 0.053600 -0.167967 -0.121967 -0.642843 -0.577697 -0.429373 -0.472840 0.031695 -0.212014 -0.027838 0.011422 -0.106492 -0.104924 -0.232446 -0.124435 -0.074709 0.130224 0.205137 0.170928 0.309073 0.079800 0.319214 -0.014352 1.000000 0.657980 -0.029569 -0.374441 0.043999 -0.188267 -0.413730 -0.198754 0.268366 0.297096 -0.281730 0.020208 0.314304 0.498696 0.396437 -0.346362 -0.006278 0.198640 -0.001541 0.101481 -0.018208 0.438817 0.171911 0.208935 0.013236 0.309214 0.154075 0.278443 0.216621 0.498880 -0.050224 0.019934 -0.114079 -0.125513 -0.420559 -0.416720 -0.354755 -0.346638 -0.455646 -0.280774 0.046128 0.111907 0.182327 0.046179 0.057934 0.159494 -0.347573 -0.163064 -0.447548 -0.228331 -0.154612 0.130542 -0.007371 -0.069176 0.049627 0.094549 0.088760 0.106935 0.092527 0.167265 0.385998 0.094737 0.081987 0.149870 0.149955 0.011649 -0.272486 -0.022514 0.224685 0.086557 0.386316 -0.081121 -0.035519 0.226795 0.041024 -0.121921 0.068645 0.008108 -0.139747 -0.096057 -0.231259 -0.268839 0.354363 0.322195 0.360039 -0.184848 -0.331404 0.090423 -0.190728 0.149699
-0.440433 -0.160175 -0.032402 0.331142 -0.007584 0.331792 -0.582135 -0.276137 -0.321163 -0.218707 -0.203529 -0.050268 -0.183225 0.032399 -0.195687 -0.090421 -0.261930 0.028958 -0.267423 0.028032 0.345608 0.252159 0.236449 0.303036 0.617365 0.439600 0.657980 1.000000 -0.165318 -0.110297 0.332653 0.201626 -0.295740 -0.048958 0.348986 0.395361 -0.175282 0.003386 0.217142 0.249039 0.117710 -0.145662 0.230952 0.475548 0.235124 0.366595 0.187696 0.404342 0.082159 0.299965 0.065099 0.296550 -0.093540 0.263818 0.016670 0.400940 -0.167619 -0.089918 -0.438696 -0.323766 -0.641505 -0.489551 -0.355471 -0.366687 -0.464073 -0.213141 -0.198509 0.138401 -0.018658 0.047254 -0.001413 0.150028 -0.200743 -0.211472 -0.278582 -0.130540 -0.164224 -0.016257 0.222872 -0.119107 0.034686 -0.060009 -0.069862 0.040121 -0.037545 0.233788 0.267503 0.430508 0.032272 0.098719 -0.061060 -0.294790 -0.136612 -0.167816 0.053055 0.072433 0.299514 -0.014707 0.085970 -0.004867 -0.013423 -0.165554 -0.115997 -0.126888 -0.049869 -0.026876 -0.117719 -0.143040 0.102000 0.183829 0.262242 -0.004976 0.012027 0.055439 -0.017386 -0.073201
-0.103962 0.336944 -0.574275 -0.553471 0.118351 -0.120560 -0.039729 -0.251613 -0.041858 0.087877 0.110546 0.207842 0.098007 0.238512 -0.267013 0.134722 0.624049 0.513439 0.101501 0.264907 0.102811 -0.074152 -0.506119 -0.391407 -0.189880 -0.180659 -0.029569 -0.165318 1.000000 0.645225 0.068727 0.062974 -0.142879 0.033271 -0.351373 -0.403543 0.217378 0.402299 0.300849 0.061086 0.438523 0.249099 0.033993 -0.008110 0.078004 0.046492 0.233097 0.012845 -0.311069 0.066610 -0.234678 -0.117922 0.147232 0.154370 0.165033 0.285528 0.100428 0.274327 -0.243472 0.007681 -0.024846 0.108053 0.434692 0.395715 -0.194310 -0.070131 -0.406177 -0.714503 -0.227259 -0.335769 0.403270 0.215751 0.623641 0.392740 0.312331 0.156320 0.262590 0.113002 0.376770 0.320221 0.611658 0.449536 0.135657 0.480649 -0.140222 0.011446 -0.343303 -0.266879 -0.393615 -0.173836 0.263296 0.087829 -0.285569 -0.271193 0.008857 -0.171653 -0.102322 -0.410756 0.303746 0.328662 0.188964 0.138631 0.204948 -0.281580 -0.360738 -0.373320 0.038034 -0.338425 -0.060952 -0.111935 -0.255060 -0.134842 -0.107677 -0.170155 -0.187573 -0.184709
-0.207757 0.340128 -0.397874 -0.337615 0.270836 0.173189 0.068710 0.053163 0.231297 0.345351 -0.059237 0.098248 0.008383 0.126347 -0.176837 0.149215 0.491816 0.652771 -0.154509 0.174632 0.047340 -0.166930 -0.389304 -0.176027 -0.053904 0.065318 -0.374441 -0.110297 0.645225 1.000000 0.144475 0.278703 0.003858 0.279853 -0.279775 -0.407505 0.441390 0.369591 0.262157 -0.161309 0.254572 0.555816 0.168599 0.095992 0.200413 0.181122 0.413614 -0.121888 -0.361091 0.123689 -0.168901 -0.131613 -0.019468 0.069051 0.028887 0.091920 -0.106759 0.131436 -0.380133 -0.062660 -0.105782 0.266325 0.395254 0.500127 -0.120401 0.036548 -0.571315 -0.638030 -0.299457 -0.356010 0.145568 0.235749 0.715340 0.524421 0.525673 0.296914 0.185036 -0.164570 0.460487 0.483745 0.528404 0.455955 0.078072 0.307169 -0.151717 -0.189872 -0.385051 -0.096883 -0.125120 -0.074016 0.049504 -0.133806 -0.145962 -0.368561 -0.100915 -0.090871 -0.192929 -0.149774 0.386015 0.000118 0.019125 -0.012456 -0.045053 -0.289473 -0.248802 -0.194205 0.095103 -0.307139 -0.294701 -0.295794 -0.406588 -0.041269 0.159431 -0.231690 -0.176840 -0.442998
-0.352414 -0.074191 -0.209652 0.178649 -0.177184 0.219542 -0.261948 -0.080328 -0.313535 -0.081396 -0.188970 0.257033 -0.175366 -0.085646 -0.071079 -0.173435 -0.229824 -0.159174 0.016459 0.137691 0.331399 0.463675 0.166501 0.194365 0.483583 0.614193 0.043999 0.332653 0.068727 0.144475 1.000000 0.741176 0.230178 0.249113 0.226216 0.312104 -0.093024 0.085456 -0.086943 -0.199629 0.061586 -0.037652 0.266444 0.346836 0.357231 0.470768 0.189451 0.166268 -0.146070 0.295249 0.165095 -0.101616 -0.252066 -0.069936 -0.039919 0.168682 -0.147785 -0.290841 -0.408995 -0.172399 -0.349027 -0.173710 -0.000806 -0.048327 -0.017499 -0.119616 -0.174050 -0.029995 -0.029578 -0.096624 0.021763 0.110145 0.180971 0.092551 0.070614 0.345755 0.322043 0.351894 -0.158925 -0.024887 -0.100222 -0.127880 0.075699 0.345812 -0.088206 0.027663 0.238008 0.484966 -0.274469 -0.041448 -0.209219 -0.494546 -0.326833 -0.396823 -0.284401 0.083737 0.276907 -0.330941 0.090738 0.047647 0.052574 -0.092696 -0.136665 -0.284571 -0.250476 -0.321558 -0.281061 -0.157525 -0.151736 0.076301 0.301088 0.187538 0.147161 0.279349 0.307030 0.045045
-0.299334 -0.171727 -0.057365 0.466909 0.179033 0.427971 -0.023690 0.275419 0.068545 0.338044 -0.188070 0.269627 -0.156588 -0.264380 -0.007716 0.015522 -0.270064 -0.195776 0.061109 0.113474 0.314917 0.318878 0.103058 0.363559 0.447505 0.777641 -0.188267 0.201626 0.062974 0.278703 0.741176 1.000000 0.301130 0.509267 -0.018028 0.143924 0.019175 -0.056949 -0.143331 -0.270609 -0.148173 0.083754 0.273456 0.273309 0.187610 0.290743 0.190942 0.024291 -0.250966 0.161315 0.074561 -0.113394 -0.279143 -0.013894 -0.366492 -0.090895 -0.202597 -0.277431 -0.435980 -0.300063 -0.406621 -0.127919 -0.097488 -0.191239 0.162289 0.094828 -0.256795 -0.055254 -0.020129 0.008406 0.052231 0.220756 0.171427 0.084620 0.149438 0.274922 0.221929 0.129044 0.069035 0.046010 -0.100223 -0.215224 0.060947 0.170279 -0.086984 -0.133578 0.096865 0.389971 -0.133762 0.003512 -0.225921 -0.392289 -0.038989 -0.311371 -0.270291 -0.117396 -0.054941 -0.177123 -0.149026 -0.179725 -0.126661 -0.116114 -0.333002 -0.258252 -0.234605 -0.145587 -0.242504 -0.136626 -0.366846 -0.151660 0.083710 0.210166 0.355808 0.011616 0.236312 -0.140943
0.033995 -0.271866 0.159595 0.116619 -0.186528 -0.068459 0.220894 0.187558 0.052559 -0.002174 -0.179701 -0.049710 -0.166253 -0.267520 -0.045483 -0.283085 -0.065957 -0.175913 0.178306 -0.146653 -0.172583 0.161031 -0.018232 0.030436 -0.034328 0.195700 -0.413730 -0.295740 -0.142879 0.003858 0.230178 0.301130 1.000000 0.277589 -0.022961 -0.045979 -0.186505 -0.147620 -0.222173 -0.403045 -0.211751 0.004324 0.212723 0.104993 0.141307 -0.009450 0.169787 -0.003204 0.210066 -0.083011 0.320069 -0.057872 -0.049346 -0.097654 -0.056931 -0.190172 0.014861 -0.139701 0.125321 0.165067 0.276307 0.202696 0.207808 0.122890 0.297252 -0.009491 0.255601 0.187255 -0.005175 -0.009493 -0.240637 -0.211375 0.057016 -0.044592 0.105615 0.164003 0.058814 0.114865 -0.299596 -0.046121 -0.467852 -0.360330 -0.070957 0.008437 -0.135885 -0.233864 0.093653 0.063659 -0.104226 -0.007221 -0.244849 -0.258432 -0.025727 -0.132319 -0.255112 -0.066958 0.057680 -0.079110 -0.036644 -0.103994 -0.152182 -0.151872 -0.066628 0.084575 0.077585 0.107209 0.109203 0.279224 -0.087813 0.026085 0.167264 0.198727 0.226666 0.007554 0.230341 0.008623
-0.076336 -0.082244 0.094445 0.216917 0.260742 0.180138 0.002807 0.273007 0.184769 0.358777 -0.201687 0.017952 0.032529 -0.183643 0.129158 0.074442 -0.155341 0.041386 -0.092551 0.149152 -0.031808 -0.019011 0.071768 0.168738 0.221901 0.415219 -0.198754 -0.048958 0.033271 0.279853 0.249113 0.509267 0.277589 1.000000 0.032033 0.164554 0.053889 0.100707 0.105216 0.001789 0.069590 0.358862 -0.069923 -0.084572 -0.018141 0.067780 -0.134743 -0.151683 -0.179358 -0.074681 -0.027087 -0.070932 -0.041324 -0.067753 -0.305703 -0.089693 -0.229066 -0.206864 -0.130145 -0.158114 -0.116946 0.101080 -0.062785 -0.037553 0.206093 0.273549 -0.068805 0.041429 -0.029005 0.025064 -0.200807 0.199513 0.115853 0.120840 0.115156 0.232795 0.002617 0.004438 0.155397 0.165673 -0.013953 0.003910 0.250588 -0.047998 -0.070448 -0.343985 0.113314 0.045945 0.135888 0.238276 -0.302650 -0.310541 -0.156294 -0.217548 0.072751 -0.123682 -0.158046 0.145000 -0.085333 -0.125549 -0.406269 -0.218475 -0.335214 -0.056003 -0.100588 0.067927 -0.074166 0.026798 -0.208828 -0.340984 -0.084263 0.025173 0.101191 -0.215330 -0.039298 -0.182732
-0.189804 -0.130947 0.148706 0.003825 -0.313203 0.052839 -0.375247 -0.252452 -0.364716 -0.328020 -0.224918 -0.336286 -0.126377 -0.141525 -0.046948 -0.239167 -0.339950 -0.114783 -0.230185 -0.050225 -0.150461 0.200539 0.329470 0.010710 0.290772 0.121260 0.268366 0.348986 -0.351373 -0.279775 0.226216 -0.018028 -0.022961 0.032033 1.000000 0.661249 -0.194637 -0.073246 0.020140 0.073436 0.139517 -0.310179 0.084502 0.039181 0.168927 0.195783 -0.097978 0.293620 0.072217 0.171095 0.176719 0.092550 0.006860 0.204143 0.090475 0.186599 -0.069570 0.057884 -0.032520 0.037847 -0.214480 -0.156369 -0.206521 -0.106630 -0.128240 -0.146361 0.342170 0.316530 0.166858 0.066016 -0.049194 0.030473 -0.120260 -0.233630 -0.217187 -0.060027 0.070672 0.219863 -0.344448 -0.027409 -0.142186 -0.094705 -0.068487 0.035382 -0.058256 -0.201081 0.282701 0.127991 0.067544 0.027027 -0.042807 -0.142484 -0.286906 0.004958 -0.154920 0.187341 0.343994 -0.041317 0.173659 0.113121 0.149545 -0.058514 0.139506 0.124791 0.144593 -0.041896 -0.241188 -0.066574 0.201003 0.221987 0.412644 -0.004971 -0.203483 0.226741 0.123555 0.138317
-0.148291 -0.207884 0.209267 0.257168 -0.219319 0.230401 -0.234315 -0.150328 -0.255103 -0.208065 -0.157743 -0.103232 -0.046644 -0.107731 -0.001263 -0.170982 -0.556047 -0.352712 -0.241766 0.049008 -0.009149 0.385260 0.286649 0.091023 0.301557 0.244530 0.297096 0.395361 -0.403543 -0.407505 0.312104 0.143924 -0.045979 0.164554 0.661249 1.000000 -0.269596 -0.126956 -0.168526 -0.090488 -0.055800 -0.301159 -0.021356 0.045986 0.387581 0.440681 -0.282946 0.222590 0.141791 0.349945 0.127167 0.241162 -0.106909 0.089630 -0.011709 0.036410 -0.154715 -0.273836 -0.075217 -0.215597 -0.157973 -0.381963 -0.319957 -0.323761 0.037864 0.037957 0.223177 0.376675 0.177760 0.129434 -0.079582 -0.036947 -0.319325 -0.299872 -0.309577 -0.069668 0.190023 0.387482 -0.328308 -0.209470 -0.289798 -0.212100 -0.051644 -0.022900 -0.027733 -0.091648 0.167413 0.145220 -0.012262 -0.050062 -0.208082 -0.199663 -0.086195 0.048578 -0.245380 0.014363 0.269971 -0.076456 -0.067188 0.138259 0.104521 -0.056146 -0.052145 0.071074 0.100020 0.003874 -0.252468 0.071866 0.291741 0.115658 0.468524 0.209329 -0.078991 0.227169 0.280246 0.194725
