1.000000 0.453490 -0.296536 -0.302783 -0.007091 0.048013 -0.264042 -0.118320 -0.087612 -0.188288 0.010197 0.128069 -0.032183 0.027254 0.138074 0.076792 0.192837 0.191669 0.275354 0.352406 0.012022 -0.161444 -0.139164 -0.350872 -0.293147 -0.180943 -0.110824 -0.052710 0.215544 0.097824 -0.258884 -0.313063 0.248602 -0.055228 -0.052006 0.000333 0.053957 0.051036 -0.029065 -0.091587 -0.219354 -0.149327 0.075061 0.043279 -0.167613 -0.146384 -0.002342 0.020857 -0.287844 -0.157723 -0.275694 -0.245133 -0.230548 0.004961 0.008721 0.069038 0.610356 0.107459 -0.133215 -0.000244 0.278352 0.142960 0.515217 0.365171 -0.166166 -0.133799 -0.175816 -0.098180 0.220858 0.097449 -0.091528 -0.212344 0.205147 0.075187 0.227191 0.227748 0.422717 0.129054 -0.120949 0.224639 0.301611 0.309007 -0.043877 -0.043519 -0.058794 -0.068990 0.011797 -0.036711 -0.058122 0.026594 -0.466895 -0.175254 -0.290791 -0.295777 0.025949 -0.108025 -0.146465 -0.096788 -0.025824 0.382465 -0.212761 -0.009466 0.013703 0.132625 -0.137250 -0.166517 0.001576 -0.057126 0.048847 -0.009311 -0.144700 -0.137807 -0.097886 0.045583 0.078113 -0.090740
0.453490 1.000000 -0.181411 0.021847 -0.109005 0.008752 -0.210485 -0.122718 -0.113668 -0.352612 -0.159455 -0.049862 -0.237369 -0.068754 0.054843 0.142764 0.254918 0.277941 0.102335 0.505550 -0.058929 -0.135211 -0.194002 -0.235533 -0.349468 -0.045717 0.097484 0.207159 -0.044000 -0.045394 -0.243406 -0.277540 0.423241 0.013101 -0.120988 -0.111289 0.031344 -0.059893 0.031619 -0.077945 -0.165904 -0.200933 -0.020322 0.009424 -0.070028 -0.243013 0.052825 0.043801 -0.282280 0.061627 -0.182209 -0.131976 -0.025707 0.038973 -0.003633 -0.039503 0.297192 0.520300 -0.251409 0.178691 -0.112282 -0.120671 0.379163 0.316048 -0.346536 -0.377586 0.032290 -0.138203 0.458607 0.147411 -0.134108 -0.272437 -0.039978 0.111955 0.006113 0.110230 0.021550 -0.035256 0.117896 0.234550 0.284732 0.260548 -0.271361 0.009421 -0.295035 -0.019781 -0.262161 -0.094949 -0.286105 -0.105086 -0.008240 -0.174723 -0.136454 -0.287742 -0.086294 -0.061648 0.034859 0.078249 0.023802 0.118483 0.065529 -0.050392 0.130166 0.262560 0.218337 0.078071 0.150824 0.033772 -0.139267 0.022125 -0.021578 0.165266 -0.005786 0.194755 0.095443 -0.017170
-0.296536 -0.181411 1.000000 0.202511 0.419957 -0.061851 0.716314 0.246026 0.507318 0.117729 0.221529 0.061254 0.423798 0.031396 0.069998 -0.354391 -0.432239 -0.423905 0.306591 0.078839 0.225528 -0.095130 0.516395 0.390063 0.385516 -0.102476 0.151204 0.040362 -0.414750 -0.409083 -0.053660 -0.114599 -0.037771 -0.051326 -0.035897 -0.003710 -0.550051 -0.419150 -0.095326 -0.359708 -0.309990 -0.249630 -0.417816 -0.422219 -0.301755 -0.086018 -0.548815 -0.519336 0.154296 -0.095182 0.347001 0.264260 -0.157111 -0.325357 -0.085590 -0.360976 -0.323874 -0.165389 0.539072 0.498754 0.199842 0.250989 -0.384915 -0.045245 0.326339 0.362687 0.622084 0.637131 0.053748 0.166552 0.020182 0.008704 -0.423170 -0.356988 -0.368533 -0.196401 -0.299141 -0.105976 -0.200588 -0.453000 -0.533049 -0.608738 -0.118688 -0.488150 -0.159062 -0.109845 -0.071584 -0.343491 0.267801 0.224590 0.102889 0.431644 0.126481 0.447257 0.086434 0.093704 -0.310626 -0.071157 -0.483917 -0.268072 0.108929 0.179759 -0.026022 0.378024 0.061858 -0.028882 -0.057761 -0.003690 -0.093250 -0.022743 -0.108930 -0.260192 -0.133005 0.028729 -0.007386 0.023007
-0.302783 0.021847 0.202511 1.000000 -0.072341 0.078183 -0.044171 0.438168 -0.073683 -0.218094 -0.288692 -0.224327 -0.170363 -0.112958 -0.268060 -0.340240 -0.203058 -0.255750 0.157294 -0.112627 0.229484 0.111546 0.420619 0.537363 0.329936 0.526859 0.380253 0.430845 -0.560134 -0.394544 0.202025 0.404570 0.018709 0.217331 0.128942 0.062954 -0.210621 -0.037529 -0.215377 0.103360 0.092016 -0.007561 -0.362308 -0.139881 -0.205314 -0.273189 -0.101906 -0.104274 -0.300905 -0.121583 0.276440 0.135648 0.246328 0.178295 0.034397 -0.051398 -0.153448 -0.080081 -0.086360 0.014665 -0.113993 -0.171870 -0.333511 -0.129621 0.027874 0.159094 0.158348 0.219279 0.083524 0.161425 -0.075022 0.176114 -0.353077 -0.002015 -0.200840 -0.275301 -0.334897 -0.184259 0.174352 -0.074836 -0.404572 -0.417854 0.029961 -0.183480 -0.062653 0.391745 0.046474 0.181923 0.222541 0.371648 0.427767 -0.055174 0.040650 -0.061132 0.213110 -0.169229 0.125802 0.276829 -0.097116 -0.116531 0.217491 -0.093812 -0.004184 0.030430 -0.148926 -0.101024 -0.230706 -0.015964 -0.112769 -0.136357 0.151964 0.112916 -0.167711 -0.092429 -0.108114 0.085174
-0.007091 -0.109005 0.419957 -0.072341 1.000000 0.271079 0.378677 0.127199 0.322373 0.272670 0.245266 0.131939 0.401754 0.307309 0.278919 -0.077077 -0.273112 -0.389112 0.083142 0.222817 -0.011587 -0.357064 0.321353 0.156909 0.137685 -0.211690 0.064896 -0.014658 -0.026433 -0.171823 -0.084784 -0.311924 -0.312695 -0.073348 0.054523 0.028008 -0.299644 -0.326115 -0.160949 -0.324861 -0.289000 -0.344564 -0.304633 -0.441699 -0.198964 -0.038694 -0.326953 -0.328172 0.283810 -0.230377 0.149834 0.083034 0.196680 -0.004328 -0.124587 -0.340498 -0.114483 -0.158549 0.456536 0.074501 0.197546 0.051437 -0.374246 -0.231206 0.267386 0.330033 0.226334 0.201662 0.134388 0.188997 0.130422 0.046858 -0.202448 -0.234457 -0.107054 -0.092563 -0.053774 0.108750 -0.243652 -0.110658 -0.281258 -0.271338 0.168058 -0.297335 0.019561 -0.348831 0.078911 -0.359160 0.312172 -0.020339 -0.016607 0.461723 0.027608 0.488787 0.040623 0.040974 -0.379595 -0.144058 -0.196034 -0.023752 -0.026300 0.356951 0.043607 0.188324 0.184486 -0.005309 -0.025739 -0.164295 0.142249 -0.268379 -0.039097 -0.206371 0.087535 0.226768 0.273113 0.063192
0.048013 0.008752 -0.061851 0.078183 0.271079 1.000000 -0.107890 0.180965 -0.197991 0.408883 0.020601 0.156101 0.136556 0.261302 -0.027666 0.209759 -0.087041 -0.381631 -0.003380 0.220409 0.144943 0.021018 -0.150904 0.032178 0.010918 0.209108 0.007489 0.176698 -0.006690 0.014596 -0.194997 -0.083200 -0.194873 -0.012510 -0.040325 0.014273 0.128262 0.153141 -0.009565 -0.059528 0.155035 0.099583 -0.056335 -0.193738 -0.270849 -0.228752 -0.052667 0.014019 0.048482 -0.108948 -0.028135 -0.010620 0.179979 -0.028450 -0.043139 -0.111169 0.080382 0.057489 -0.006940 -0.134186 0.073605 -0.160206 -0.174347 -0.247109 0.003577 0.197799 -0.262060 -0.128209 0.163881 0.326932 0.009038 0.069806 0.032993 0.159295 0.249326 0.238893 0.226739 0.192760 -0.127883 0.029426 0.042141 -0.013092 0.034549 -0.058741 0.046294 -0.026680 0.109476 -0.023831 0.136142 0.037748 -0.024771 -0.007185 0.039717 0.078541 -0.025721 0.078953 -0.014608 0.013078 -0.147840 -0.079339 -0.153295 0.050420 -0.275118 -0.261306 -0.136136 -0.157599 -0.098397 0.047985 -0.054210 0.218564 0.049453 -0.048038 -0.145524 -0.062726 -0.059725 -0.034642
-0.264042 -0.210485 0.716314 -0.044171 0.378677 -0.107890 1.000000 0.357472 0.579898 0.365295 0.506093 0.260481 0.624443 0.183383 0.259088 0.034736 -0.116111 -0.171150 0.157563 0.179720 0.087573 -0.147022 0.174219 0.097665 0.123965 -0.408384 -0.185486 -0.319536 0.024840 -0.024600 -0.130600 -0.272094 -0.127926 -0.142360 -0.181096 -0.177006 -0.361994 -0.409152 -0.152782 -0.448872 -0.181751 -0.251964 -0.311699 -0.406478 -0.158006 -0.000828 -0.439150 -0.389831 0.271231 -0.121659 0.007084 -0.029852 -0.168669 -0.240246 -0.184649 -0.379891 -0.309231 -0.263158 0.395389 0.275655 0.300855 0.427337 -0.214899 -0.029527 0.360921 0.415795 0.317383 0.312176 -0.095936 0.078222 -0.015050 0.070757 -0.059090 -0.203531 -0.185457 0.030687 -0.146291 0.113681 -0.420820 -0.511508 -0.260429 -0.330243 0.005492 -0.150821 -0.090747 -0.251359 -0.270899 -0.487613 0.200620 -0.178276 0.038142 0.432578 0.151439 0.463447 0.053614 0.049524 -0.357503 -0.172222 -0.357862 -0.225875 0.159905 0.113777 0.014950 0.181049 -0.039211 -0.070915 -0.068401 0.025915 -0.048719 -0.123891 -0.290113 -0.209072 -0.097317 0.008266 -0.066997 0.146894
-0.118320 -0.122718 0.246026 0.438168 0.127199 0.180965 0.357472 1.000000 0.137907 0.296423 0.100314 0.185936 0.195886 0.298149 -0.137211 0.059111 0.017034 -0.085352 0.144678 0.028285 0.118219 -0.011079 -0.096944 -0.040511 -0.036638 0.146816 -0.203168 -0.188211 -0.015520 0.076211 0.018229 0.070269 -0.297218 0.256107 -0.034899 0.043413 -0.231634 -0.247874 -0.273475 -0.035207 0.064036 -0.015817 -0.319370 -0.274787 -0.296773 -0.111665 -0.284737 -0.214843 -0.173858 -0.373558 -0.173645 -0.320678 -0.056259 -0.066256 -0.327956 -0.261047 -0.012932 -0.301757 -0.001493 -0.184222 0.340763 0.363204 -0.093353 0.049511 0.190327 0.498180 -0.119300 0.010739 -0.035120 0.152037 -0.137532 0.237407 0.087420 0.079220 -0.038143 0.101636 -0.010212 0.161793 -0.290614 -0.348847 -0.164288 -0.253003 -0.181074 0.010353 0.018404 0.022037 -0.253762 -0.122661 0.304491 0.019269 0.232229 0.136730 0.098088 0.115623 0.173486 0.044366 -0.108177 0.050826 -0.235416 0.020744 0.223922 0.001631 0.023701 -0.058925 -0.253078 -0.109376 -0.004709 0.102353 -0.101418 -0.062817 -0.029259 0.078057 -0.173470 -0.181180 -0.230314 0.218413
-0.087612 -0.113668 0.507318 -0.073683 0.322373 -0.197991 0.579898 0.137907 1.000000 0.137215 0.347232 -0.049826 0.306920 -0.213033 0.414320 -0.202296 -0.078224 -0.104776 -0.020827 0.036063 0.263595 -0.005520 0.218674 0.142963 0.328874 -0.128359 0.213949 0.003419 -0.219246 -0.152550 0.056821 -0.105963 -0.096850 0.010785 -0.095645 0.081237 -0.397759 -0.252464 -0.162049 -0.308845 -0.343051 -0.110900 -0.093850 -0.204381 -0.055098 0.070269 -0.271919 -0.125036 0.205496 0.165693 0.018571 0.300725 -0.110334 0.007020 -0.105023 -0.190537 -0.067262 -0.082572 0.145405 0.186879 0.057273 0.251584 -0.176505 0.005310 0.160361 0.291863 0.093905 0.171732 0.031838 0.078666 0.232118 0.278382 -0.058024 -0.189683 -0.049686 0.030030 -0.085253 0.070142 -0.393165 -0.146830 -0.285315 -0.284778 -0.260314 -0.254186 -0.198665 -0.223507 -0.278002 -0.493589 -0.077255 -0.159713 -0.020900 0.161604 -0.096789 0.207744 -0.071821 -0.110355 -0.281491 -0.211866 -0.218344 -0.015676 0.015682 -0.074666 -0.123208 0.066858 -0.079384 -0.145523 -0.081794 0.122321 -0.025793 -0.119080 -0.229705 -0.227028 -0.051234 -0.186415 -0.187789 0.001174
-0.188288 -0.352612 0.117729 -0.218094 0.272670 0.408883 0.365295 0.296423 0.137215 1.000000 0.576379 0.452231 0.400289 0.448967 0.178319 0.331397 -0.018724 -0.231964 -0.239188 0.003675 0.027491 -0.082419 -0.239498 -0.059553 -0.012981 -0.174491 -0.329068 -0.363575 0.246866 0.205325 -0.237481 -0.183923 -0.486393 -0.165596 -0.103319 -0.213131 -0.074426 -0.200051 -0.152726 -0.228536 -0.135535 -0.128960 0.058941 -0.110243 0.003376 0.100307 -0.003879 -0.055290 0.457550 0.052480 0.035157 0.025505 0.103873 0.018536 -0.059812 -0.077189 -0.305711 -0.270628 0.268189 -0.199032 0.107062 0.217604 -0.245222 -0.393116 0.320567 0.582411 -0.264986 -0.203183 -0.202181 -0.087795 -0.089355 0.109465 0.141562 -0.046939 0.096687 0.126363 0.108570 0.233037 -0.356332 -0.296006 -0.034402 -0.192053 0.044921 0.000547 0.050741 -0.169473 -0.064633 -0.138288 0.270367 -0.118548 -0.014533 0.166960 0.343964 0.274933 -0.056102 0.127290 0.018127 -0.089697 -0.004191 -0.157912 0.057855 -0.049654 -0.100788 -0.280549 -0.037161 -0.088268 -0.026413 -0.098884 0.154443 0.015678 -0.093113 -0.087848 -0.018428 -0.067378 -0.007874 -0.000664
0.010197 -0.159455 0.221529 -0.288692 0.245266 0.020601 0.506093 0.100314 0.347232 0.576379 1.000000 0.553711 0.668823 0.407572 0.478543 0.313825 0.165418 0.039989 -0.076266 0.111503 -0.138133 -0.165632 -0.085609 -0.104871 -0.086699 -0.494135 -0.309691 -0.510250 0.386201 0.233610 -0.271687 -0.312975 -0.326660 -0.327984 -0.137707 -0.246468 -0.089541 -0.232150 -0.240356 -0.499162 -0.188387 -0.208050 -0.027959 -0.250869 0.108823 0.055164 -0.208856 -0.285002 0.436093 0.070202 -0.024056 0.029124 0.026728 0.035455 -0.021430 -0.227747 -0.269124 -0.196552 0.236519 -0.003263 0.045436 0.301498 -0.102927 -0.162669 0.362686 0.375170 -0.026341 -0.046403 -0.192325 -0.289662 -0.015083 0.066098 0.178406 -0.076030 -0.038764 0.101671 0.118934 0.306821 -0.390196 -0.279085 0.055873 -0.038451 0.165681 0.071082 0.028788 -0.225419 -0.120163 -0.524832 0.164060 -0.181436 -0.151691 0.174704 0.233424 0.259847 -0.044553 -0.010390 -0.321960 -0.282648 -0.091265 -0.148552 0.198473 -0.074026 0.053465 -0.109662 -0.064120 -0.030617 -0.153882 -0.065733 0.074483 -0.086312 -0.311324 -0.179451 0.093897 -0.067791 0.051594 0.034697
0.128069 -0.049862 0.061254 -0.224327 0.131939 0.156101 0.260481 0.185936 -0.049826 0.452231 0.553711 1.000000 0.473583 0.730866 0.300101 0.580971 0.010824 0.048796 -0.028122 0.102804 -0.307868 -0.170328 -0.209540 -0.153144 -0.260278 -0.461175 -0.494000 -0.402892 0.423603 0.271431 -0.492876 -0.428146 -0.314942 -0.308711 -0.250014 -0.309203 -0.012242 -0.209452 -0.302551 -0.311334 0.002186 -0.013713 -0.081066 -0.117850 0.042013 0.086691 -0.254414 -0.088370 0.236741 -0.041379 0.016670 -0.050715 0.009381 -0.160877 0.132769 -0.119492 -0.171138 -0.267536 0.285048 0.060462 0.193160 0.360538 0.082684 0.006512 0.247644 0.300352 -0.143721 -0.022039 -0.395905 -0.121140 -0.231570 -0.207080 0.152880 0.073031 0.179028 0.181621 0.087408 0.157873 -0.284487 -0.367915 -0.017107 -0.043850 0.132391 0.151437 -0.014115 -0.143064 -0.109016 -0.312893 0.277563 0.025328 -0.004962 0.086335 0.095627 0.057041 -0.008168 -0.066022 -0.015287 -0.214188 -0.160253 -0.202672 -0.075310 -0.311951 -0.162656 -0.126826 -0.118216 -0.217987 -0.023515 0.012249 -0.095138 0.032820 -0.225522 -0.224157 -0.011623 -0.134108 -0.027897 0.048744
-0.032183 -0.237369 0.423798 -0.170363 0.401754 0.136556 0.624443 0.195886 0.306920 0.400289 0.668823 0.473583 1.000000 0.454564 0.538925 0.293843 -0.075486 -0.155741 0.150206 0.248755 0.002627 -0.207255 0.121541 -0.046488 -0.106356 -0.543946 -0.234091 -0.357434 0.214003 0.026042 -0.235895 -0.421352 -0.326698 -0.423166 -0.167463 -0.268027 -0.067831 -0.140682 -0.163788 -0.400613 -0.136037 -0.212294 -0.210970 -0.317788 -0.123826 -0.081820 -0.406470 -0.386486 0.282967 -0.194075 -0.020470 -0.134198 -0.081474 -0.208496 -0.128231 -0.371290 -0.328680 -0.185547 0.311348 0.119291 0.278605 0.308940 -0.140693 -0.159829 0.406147 0.273059 0.164338 0.140817 -0.056947 0.020158 0.115306 0.086277 0.045537 -0.082720 -0.050429 0.277984 0.183405 0.349547 -0.489368 -0.418040 -0.101805 -0.092105 0.196340 -0.026244 0.145848 -0.138048 -0.043585 -0.496848 0.370288 -0.057184 -0.053469 0.328125 0.033012 0.443284 0.057028 0.061898 -0.436140 -0.272332 -0.391782 -0.234620 0.043533 0.057428 -0.033795 -0.015836 -0.169378 -0.107695 -0.319194 -0.043396 -0.010357 -0.094901 -0.332458 -0.234852 0.008178 -0.051080 -0.027140 0.235223
0.027254 -0.068754 0.031396 -0.112958 0.307309 0.261302 0.183383 0.298149 -0.213033 0.448967 0.407572 0.730866 0.454564 1.000000 0.293202 0.606754 -0.081750 -0.159097 -0.008294 0.133466 -0.340902 -0.272091 -0.148739 -0.143439 -0.224600 -0.379670 -0.319165 -0.267494 0.321138 0.045098 -0.379334 -0.398652 -0.499866 -0.216838 -0.102196 -0.275394 -0.025959 -0.225341 -0.277000 -0.100576 -0.000629 -0.156862 -0.170477 -0.240450 -0.084479 -0.022497 -0.192284 -0.189993 0.248843 -0.285353 0.004876 -0.149210 0.072764 -0.139152 0.138913 -0.115298 -0.245333 -0.253716 0.295392 -0.094395 0.155859 0.201751 -0.080629 -0.184504 0.241891 0.355161 -0.086293 -0.112380 -0.163673 0.028144 -0.117910 -0.032525 -0.005520 0.031644 0.119372 0.136126 0.044128 0.188340 -0.176807 -0.269631 -0.083125 -0.050440 0.216985 0.109323 0.080861 -0.078990 -0.041662 -0.123171 0.390635 0.143905 0.042027 0.126124 0.133294 0.126597 0.069058 0.008033 0.056416 -0.067835 -0.103247 -0.278068 0.043825 -0.112952 -0.116950 -0.249265 0.036242 -0.023763 -0.149296 -0.169433 0.090771 -0.200817 0.007304 -0.034545 0.012236 0.008028 0.091097 0.218577
0.138074 0.054843 0.069998 -0.268060 0.278919 -0.027666 0.259088 -0.137211 0.414320 0.178319 0.478543 0.300101 0.538925 0.293202 1.000000 0.390224 0.001971 -0.080426 -0.163174 0.019173 -0.005257 -0.224394 0.151606 -0.061355 -0.116333 -0.441880 0.044746 -0.098345 0.141842 -0.066432 -0.233021 -0.411436 -0.213877 -0.377832 -0.026285 -0.316904 -0.070589 -0.090588 -0.127918 -0.250782 -0.230871 -0.215529 0.129903 0.070080 0.169777 0.057007 0.006473 0.124384 0.232986 0.216374 0.123714 0.260496 0.064422 0.242352 0.240478 0.088975 -0.274259 -0.043472 -0.041236 0.001399 -0.110957 0.102032 -0.103406 -0.196498 0.303588 0.119717 -0.121974 -0.142942 0.044202 -0.049930 0.107623 0.034128 -0.025200 -0.189366 -0.067355 0.111032 0.086423 0.215872 -0.336770 -0.162745 -0.091281 0.017352 0.264632 0.038927 0.123885 0.033443 -0.032710 -0.187335 0.138780 0.052265 -0.173372 -0.076007 -0.218910 -0.006718 -0.278503 -0.094915 -0.126095 -0.241377 0.020197 -0.123505 -0.089615 -0.223829 -0.076697 -0.305965 -0.029235 -0.165932 -0.322154 -0.180786 0.148925 -0.102060 -0.283208 -0.357620 0.136348 -0.028641 -0.044987 0.018527
0.076792 0.142764 -0.354391 -0.340240 -0.077077 0.209759 0.034736 0.059111 -0.202296 0.331397 0.313825 0.580971 0.293843 0.606754 0.390224 1.000000 0.092291 0.060099 -0.140074 0.184202 -0.324789 -0.006378 -0.483418 -0.375788 -0.502768 -0.407934 -0.395233 -0.214992 0.562766 0.447178 -0.358107 -0.322028 -0.183230 -0.217453 -0.231617 -0.344460 0.392931 0.023341 -0.016366 -0.101447 0.168937 0.076358 0.185247 0.046454 0.082174 -0.024162 0.088489 0.197192 0.132122 0.020915 -0.231360 -0.166566 -0.011380 0.007315 0.120794 0.073728 -0.127278 0.033111 -0.153101 -0.240918 -0.074565 -0.015456 0.210042 -0.100424 -0.085480 -0.075145 -0.431529 -0.494904 -0.189310 -0.034793 -0.047487 -0.002539 0.335098 0.296531 0.261646 0.401804 0.165582 0.293440 -0.248359 -0.114069 0.280176 0.285893 0.104332 0.586723 0.006810 0.017115 -0.148622 -0.044918 0.020113 -0.211452 0.027030 -0.114402 0.000330 -0.119188 -0.037722 0.010259 0.108484 -0.088519 0.095829 -0.138618 -0.136850 -0.308289 -0.216982 -0.385679 -0.116776 -0.113414 0.047213 0.088304 -0.075870 0.151776 -0.171340 0.022247 0.114310 -0.085788 -0.146765 0.182160
0.192837 0.254918 -0.432239 -0.203058 -0.273112 -0.087041 -0.116111 0.017034 -0.078224 -0.018724 0.165418 0.010824 -0.075486 -0.081750 0.001971 0.092291 1.000000 0.754146 -0.149517 -0.002823 -0.168834 -0.080150 -0.464910 -0.466305 -0.258759 -0.119541 -0.145224 -0.356598 0.447655 0.466516 0.109212 -0.017966 0.219552 0.076530 -0.149025 0.037500 0.278804 0.089764 0.052479 -0.025517 0.155655 0.067164 0.061486 -0.014576 0.097543 -0.112918 0.154262 0.020426 -0.050985 -0.023125 -0.386134 -0.332236 0.079089 0.158447 -0.178232 -0.076160 0.275629 0.161162 -0.436800 -0.173660 0.030239 0.188952 0.553201 0.415068 -0.162267 -0.225332 -0.317989 -0.373645 0.013502 -0.330204 -0.102973 -0.114587 0.550441 0.194301 0.178218 0.182305 0.227293 0.178025 0.105995 0.239469 0.701849 0.605237 -0.061609 0.223738 -0.069316 -0.312135 -0.260510 -0.197800 -0.322722 -0.449973 -0.280029 -0.319771 -0.133891 -0.274595 -0.016280 0.197102 -0.049396 -0.019158 0.102763 0.136451 0.223059 -0.000818 0.230837 -0.096590 0.054622 0.299011 0.070688 0.040366 0.050328 0.028655 -0.297603 0.066235 -0.022294 0.044173 0.042431 -0.093814
0.191669 0.277941 -0.423905 -0.255750 -0.389112 -0.381631 -0.171150 -0.085352 -0.104776 -0.231964 0.039989 0.048796 -0.155741 -0.159097 -0.080426 0.060099 0.754146 1.000000 -0.064348 0.009570 -0.287462 -0.006418 -0.382021 -0.463893 -0.378921 -0.245871 -0.288519 -0.390039 0.407592 0.509852 0.016458 -0.025398 0.263526 0.025100 -0.274320 -0.027311 0.314249 0.009081 0.027501 -0.012857 0.170453 0.097025 0.144688 0.140229 0.216907 0.057056 0.184582 0.137681 -0.086349 -0.005503 -0.418269 -0.365550 -0.038203 0.064408 -0.240785 -0.057459 0.339331 0.258326 -0.356036 -0.111334 0.053651 0.243971 0.607167 0.496048 -0.160368 -0.327225 -0.205171 -0.284857 -0.163455 -0.348624 -0.197892 -0.197575 0.436548 0.170849 0.130307 0.182542 0.172236 0.041140 0.155553 0.291090 0.668714 0.654300 -0.152791 0.323156 -0.003797 -0.187701 -0.201369 -0.178332 -0.349355 -0.359604 -0.250653 -0.320358 -0.135900 -0.331751 -0.140293 0.081331 -0.082022 -0.175229 0.167521 0.269785 0.088468 -0.050977 0.203571 0.078823 0.052414 0.240538 0.139943 0.146217 -0.045834 -0.009449 -0.283501 0.144077 0.143043 0.030286 0.016770 -0.189767
0.275354 0.102335 0.306591 0.157294 0.083142 -0.003380 0.157563 0.144678 -0.020827 -0.239188 -0.076266 -0.028122 0.150206 -0.008294 -0.163174 -0.140074 -0.149517 -0.064348 1.000000 0.321587 0.010317 -0.095708 0.285221 0.065110 -0.009368 -0.163885 0.061212 0.144174 -0.085621 0.013747 -0.140241 -0.121821 0.312041 0.115550 -0.208107 0.076282 0.016136 -0.096290 0.161114 -0.314647 -0.039492 0.012533 -0.147582 -0.167462 -0.162128 -0.120973 -0.322479 -0.229847 -0.171152 -0.243911 -0.048603 -0.142637 -0.249530 -0.177197 -0.253504 -0.235003 0.089338 -0.054150 0.168455 0.249988 0.320322 0.091785 0.252623 0.312930 0.052775 -0.047682 0.276777 0.282174 -0.033236 0.270440 -0.215908 -0.206905 0.078623 0.230308 0.198674 0.194356 0.156405 -0.019560 -0.088643 -0.121965 -0.026549 -0.108042 0.045360 -0.101944 0.038293 -0.017081 0.071905 -0.069646 0.184087 0.170416 -0.228404 0.022015 -0.219418 -0.062418 0.155718 -0.220539 -0.308988 -0.047062 -0.343442 -0.100389 0.032402 0.021625 -0.165223 0.249306 -0.365232 -0.165527 -0.132863 0.118722 -0.293152 0.116603 -0.212371 -0.306623 -0.411450 -0.269627 -0.040266 -0.102181
0.352406 0.505550 0.078839 -0.112627 0.222817 0.220409 0.179720 0.028285 0.036063 0.003675 0.111503 0.102804 0.248755 0.133466 0.019173 0.184202 -0.002823 0.009570 0.321587 1.000000 0.028330 -0.153461 -0.165844 -0.122147 -0.289656 -0.294440 -0.015836 0.075595 0.022405 0.018579 -0.402324 -0.449807 0.173026 -0.150003 -0.420466 -0.163207 0.049055 -0.148897 0.100009 -0.348812 -0.207603 -0.298380 -0.193149 -0.278918 -0.235362 -0.253097 -0.260427 -0.206878 -0.187355 -0.210093 -0.422813 -0.308146 -0.209496 -0.260116 -0.341540 -0.381303 0.236023 0.373532 0.012938 0.115338 0.098445 -0.071991 0.139841 0.044281 -0.174128 -0.109941 0.022730 -0.032647 0.413318 0.449845 0.017687 -0.058752 -0.048142 0.213804 0.080885 0.358473 0.211932 0.260504 -0.248132 0.037185 0.136980 0.114830 -0.227701 0.001556 -0.137723 -0.297071 -0.254577 -0.354394 -0.058915 -0.262213 0.023554 0.342990 0.037887 0.211819 0.182787 -0.070195 -0.301247 0.044037 -0.300680 0.103856 0.171902 0.168658 0.012807 0.375721 0.024698 0.061309 0.083867 0.151861 -0.282411 -0.057967 0.030962 0.248088 -0.090986 0.151528 0.051380 0.184238
0.012022 -0.058929 0.225528 0.229484 -0.011587 0.144943 0.087573 0.118219 0.263595 0.027491 -0.138133 -0.307868 0.002627 -0.340902 -0.005257 -0.324789 -0.168834 -0.287462 0.010317 0.028330 1.000000 0.386650 0.196846 0.198247 0.334034 0.324721 0.341927 0.354598 -0.448657 -0.218133 0.185529 0.254061 0.058426 0.187374 0.258184 0.193502 -0.087456 0.024931 0.159423 -0.089880 -0.101845 -0.005893 -0.178215 -0.066969 -0.255102 -0.110915 -0.190974 -0.164033 -0.294224 -0.123333 -0.048164 -0.059575 -0.127242 -0.181376 -0.240810 -0.092999 -0.047097 -0.115887 -0.023632 0.119228 0.132578 0.058846 -0.152220 -0.006729 0.157894 0.255157 0.040657 0.166664 0.256701 0.303778 0.312561 0.384910 -0.146801 0.054252 0.095802 0.116620 0.132453 0.184207 -0.058614 0.005125 -0.146457 -0.184795 -0.277043 -0.336520 0.111461 0.187464 0.044253 0.148040 0.128386 0.134861 -0.036934 0.003009 0.081538 0.240997 -0.048109 0.190676 -0.167044 -0.161395 -0.321432 -0.081849 -0.050065 0.117910 -0.015852 -0.010972 -0.333447 -0.355850 -0.208619 -0.146913 -0.013999 0.065872 0.158963 -0.047225 -0.148635 -0.095542 -0.254535 -0.117202
-0.161444 -0.135211 -0.095130 0.111546 -0.357064 0.021018 -0.147022 -0.011079 -0.005520 -0.082419 -0.165632 -0.170328 -0.207255 -0.272091 -0.224394 -0.006378 -0.080150 -0.006418 -0.095708 -0.153461 0.386650 1.000000 -0.060126 0.004001 0.163257 0.295971 0.022174 0.152911 -0.120073 0.081320 0.133627 0.375548 -0.010128 -0.020821 -0.003458 -0.000988 0.217670 0.130173 0.291132 0.160936 0.478948 0.518277 0.021220 -0.020637 -0.196068 -0.197924 0.051223 0.112222 -0.101618 -0.084182 -0.077196 -0.028749 0.050719 -0.154830 -0.048896 0.058151 -0.029790 -0.025420 -0.064822 -0.037850 -0.007616 -0.034650 0.005369 -0.001186 -0.123461 -0.050052 -0.128035 -0.105998 -0.008137 0.146722 0.143396 0.243858 0.164948 0.196886 0.156782 -0.016862 0.083209 -0.086301 0.236973 0.095660 0.112563 0.021801 -0.311935 0.192329 0.027424 0.181374 0.083451 0.161739 -0.008457 0.071024 0.146879 0.010648 0.024538 0.040094 0.143450 0.131516 0.046034 0.085885 -0.163361 -0.061269 -0.118244 -0.096773 -0.290608 -0.113699 -0.338289 -0.142305 0.008002 0.214323 -0.304999 0.324647 -0.070698 0.138300 -0.058924 -0.216476 -0.511784 -0.008673
-0.139164 -0.194002 0.516395 0.420619 0.321353 -0.150904 0.174219 -0.096944 0.218674 -0.239498 -0.085609 -0.209540 0.121541 -0.148739 0.151606 -0.483418 -0.464910 -0.382021 0.285221 -0.165844 0.196846 -0.060126 1.000000 0.672934 0.592831 0.168498 0.555622 0.374692 -0.595404 -0.588243 0.220826 0.147471 0.073069 -0.042371 0.152177 0.032666 -0.300100 -0.170644 -0.035422 -0.123973 -0.153413 -0.201415 -0.234185 -0.065993 -0.171346 -0.221436 -0.093048 -0.162780 0.035504 -0.031678 0.589307 0.450177 0.268049 0.198427 0.174368 0.030065 -0.181221 -0.205351 0.200133 0.131400 -0.141245 -0.176966 -0.510019 -0.293315 0.372800 0.095635 0.444924 0.451510 0.131343 0.152347 0.053028 0.070108 -0.567101 -0.413276 -0.349548 -0.443561 -0.273720 -0.273063 0.198485 -0.001871 -0.529873 -0.444114 0.383323 -0.420870 0.233858 0.252088 0.446329 0.121065 0.384666 0.536511 -0.027393 0.023581 -0.139824 0.083164 -0.015695 -0.242888 -0.115045 0.008707 -0.183196 -0.149565 -0.101810 0.030727 -0.115562 0.115002 -0.107451 -0.143141 -0.325033 -0.147033 0.017579 -0.108247 0.008889 -0.348586 -0.166104 0.082260 0.051014 -0.182861
-0.350872 -0.235533 0.390063 0.537363 0.156909 0.032178 0.097665 -0.040511 0.142963 -0.059553 -0.104871 -0.153144 -0.046488 -0.143439 -0.061355 -0.375788 -0.466305 -0.463893 0.065110 -0.122147 0.198247 0.004001 0.672934 1.000000 0.661982 0.345417 0.520952 0.459526 -0.491241 -0.427986 0.258839 0.407157 -0.018167 0.120268 0.092725 -0.025368 -0.323680 -0.107429 -0.203614 -0.064350 -0.028691 -0.065301 -0.355609 -0.138880 -0.110184 -0.186926 -0.154452 -0.172749 -0.048896 0.072220 0.475231 0.456836 0.251473 0.146642 0.119670 0.004864 -0.182050 -0.195614 0.201613 0.130064 -0.184988 -0.275506 -0.576296 -0.364398 0.246919 0.143478 0.241474 0.382489 -0.050265 0.207541 -0.017076 0.128065 -0.559565 -0.305572 -0.256613 -0.386847 -0.352719 -0.233041 0.233153 -0.106711 -0.535418 -0.496894 0.239013 -0.216062 0.001995 0.274716 0.180236 0.045794 0.229610 0.476074 0.261246 0.093622 0.028717 0.058868 -0.041465 -0.318571 0.012158 0.127909 -0.105566 -0.142918 -0.049730 -0.118267 -0.174972 -0.010648 -0.106291 -0.204210 -0.273625 -0.034198 -0.025740 0.026589 0.138087 -0.166593 -0.062550 -0.151176 -0.010158 -0.136454
-0.293147 -0.349468 0.385516 0.329936 0.137685 0.010918 0.123965 -0.036638 0.328874 -0.012981 -0.086699 -0.260278 -0.106356 -0.224600 -0.116333 -0.502768 -0.258759 -0.378921 -0.009368 -0.289656 0.334034 0.163257 0.592831 0.661982 1.000000 0.494848 0.596902 0.451085 -0.497121 -0.484344 0.503326 0.439704 0.039759 0.341758 0.386254 0.348788 -0.310686 -0.080804 -0.062888 0.014173 -0.007893 0.083756 -0.279396 -0.185433 -0.240669 -0.127655 -0.093774 -0.192415 0.039177 -0.038261 0.396023 0.427400 0.143487 0.021001 0.014440 -0.005614 -0.088313 -0.292027 0.176176 0.033067 -0.127131 -0.093735 -0.439190 -0.219895 0.188269 0.275841 0.181979 0.396852 0.052549 0.185181 0.098838 0.210077 -0.398200 -0.288789 -0.062453 -0.374077 -0.276334 -0.176334 0.248076 0.061606 -0.427759 -0.418016 0.054703 -0.396006 0.040721 0.056970 0.279416 0.025553 0.110293 0.384073 -0.068144 -0.033858 0.003133 0.036327 0.035082 -0.176194 -0.030475 -0.004930 -0.258231 -0.203561 -0.050859 -0.054191 -0.229509 -0.104931 -0.189714 -0.189296 -0.237100 0.163188 -0.025815 -0.063212 0.155959 -0.235061 -0.165058 -0.101769 -0.237490 -0.161373
-0.180943 -0.045717 -0.102476 0.526859 -0.211690 0.209108 -0.408384 0.146816 -0.128359 -0.174491 -0.494135 -0.461175 -0.543946 -0.379670 -0.441880 -0.407934 -0.119541 -0.245871 -0.163885 -0.294440 0.324721 0.295971 0.168498 0.345417 0.494848 1.000000 0.478113 0.523030 -0.484250 -0.299021 0.531944 0.682597 0.055510 0.547273 0.410291 0.474725 -0.118459 0.121353 0.107517 0.463687 0.158595 0.246923 -0.118031 0.088075 -0.270038 -0.135007 0.172589 0.121317 -0.369891 -0.137133 0.076840 0.136413 0.206870 0.148825 0.021325 0.137320 0.139688 -0.076352 -0.247419 -0.264025 -0.200301 -0.311436 -0.287043 -0.168286 -0.169567 0.032874 -0.179834 0.108172 0.281583 0.121768 0.050704 0.229480 -0.252670 -0.059393 -0.072644 -0.381308 -0.186639 -0.223210 0.350921 0.242376 -0.232776 -0.258995 -0.255893 -0.230205 -0.055072 0.195345 0.152654 0.390084 0.004480 0.241488 0.122684 -0.185859 0.104455 -0.215503 0.114964 0.035291 0.317509 0.305154 0.033928 0.090183 0.018906 -0.152813 -0.068143 -0.154048 -0.134858 -0.035954 -0.106014 0.075940 -0.046838 0.069423 0.459595 0.210718 0.012371 -0.036890 -0.137226 -0.085219
-0.110824 0.097484 0.151204 0.380253 0.064896 0.007489 -0.185486 -0.203168 0.213949 -0.329068 -0.309691 -0.494000 -0.234091 -0.319165 0.044746 -0.395233 -0.145224 -0.288519 0.061212 -0.015836 0.341927 0.022174 0.555622 0.520952 0.596902 0.478113 1.000000 0.806672 -0.626804 -0.553917 0.327699 0.253235 0.116707 0.226591 0.205272 0.338585 -0.130028 0.024990 0.163239 0.091098 -0.173751 -0.054173 -0.189005 -0.071191 -0.259639 -0.268032 -0.006649 -0.092090 -0.226129 0.047401 0.226968 0.420278 0.239634 0.226355 0.032266 0.047131 0.044722 0.188355 -0.171364 -0.004846 -0.356788 -0.435521 -0.323909 -0.259522 -0.017091 -0.061217 0.075780 0.203813 0.424772 0.338894 0.181097 0.171448 -0.457706 -0.226271 -0.133075 -0.226465 -0.225047 -0.109041 0.283743 0.358445 -0.228267 -0.219116 0.065801 -0.355070 0.100976 0.198892 0.135371 0.273418 0.018059 0.261607 -0.016829 -0.188558 -0.209437 -0.097797 -0.066338 -0.169990 0.018228 0.154293 -0.113629 -0.039088 -0.083448 -0.016827 -0.176392 -0.057396 -0.037737 -0.046958 -0.267964 0.004328 0.048312 -0.047619 0.166912 -0.135924 -0.112627 0.051607 0.058344 -0.129994
-0.052710 0.207159 0.040362 0.430845 -0.014658 0.176698 -0.319536 -0.188211 0.003419 -0.363575 -0.510250 -0.402892 -0.357434 -0.267494 -0.098345 -0.214992 -0.356598 -0.390039 0.144174 0.075595 0.354598 0.152911 0.374692 0.459526 0.451085 0.523030 0.806672 1.000000 -0.624081 -0.479403 0.176502 0.264337 0.197973 0.285933 0.160771 0.266284 -0.106532 0.086375 0.147998 0.075836 -0.086726 0.036749 -0.106169 0.021721 -0.247977 -0.180456 -0.027549 0.065891 -0.354653 0.032159 0.178888 0.312396 0.091179 0.070402 0.060514 0.072038 0.037349 0.247517 -0.124559 0.095169 -0.270076 -0.374058 -0.196143 -0.181305 -0.157104 -0.061615 0.026631 0.189939 0.265845 0.441182 0.090213 0.096500 -0.415253 -0.042900 0.035077 -0.092952 -0.240410 -0.128036 0.182730 0.288594 -0.260809 -0.229387 -0.083440 -0.299100 0.007917 0.324916 0.076163 0.343111 0.009752 0.382243 0.101436 -0.163133 -0.164567 -0.149803 -0.060639 -0.160485 0.072814 0.136229 -0.116746 -0.120474 -0.135639 -0.114664 -0.261466 -0.069242 -0.134455 -0.240936 -0.195852 0.092743 -0.147650 0.035799 0.238180 -0.091830 -0.113127 -0.082895 -0.017271 -0.042001
0.215544 -0.044000 -0.414750 -0.560134 -0.026433 -0.006690 0.024840 -0.015520 -0.219246 0.246866 0.386201 0.423603 0.214003 0.321138 0.141842 0.562766 0.447655 0.407592 -0.085621 0.022405 -0.448657 -0.120073 -0.595404 -0.491241 -0.497121 -0.484250 -0.626804 -0.624081 1.000000 0.751353 -0.103686 -0.151480 -0.077547 -0.078049 -0.126315 -0.121316 0.397267 0.019191 -0.052929 -0.062554 0.239592 0.093312 0.142205 -0.035292 0.220316 0.185353 0.058822 0.001408 0.212154 -0.060025 -0.403921 -0.423751 -0.142186 -0.074786 -0.054749 -0.012752 0.132538 -0.047532 -0.032172 -0.237490 0.162722 0.201631 0.472328 0.206686 -0.077107 -0.130416 -0.344959 -0.384928 -0.373861 -0.304486 -0.254471 -0.209040 0.684800 0.220346 0.259942 0.328362 0.310128 0.265745 -0.112802 0.005669 0.552238 0.508088 0.147804 0.585960 -0.009492 -0.354955 -0.172683 -0.229297 -0.163557 -0.399923 -0.295094 -0.074240 -0.127431 -0.136413 0.059260 0.105440 -0.070647 -0.132693 0.152868 0.135400 -0.164887 -0.130878 -0.017601 -0.271565 -0.035788 0.004699 0.145523 0.084316 0.071484 0.054649 -0.301734 -0.023239 0.265230 -0.024499 0.002726 0.085896
0.097824 -0.045394 -0.409083 -0.394544 -0.171823 0.014596 -0.024600 0.076211 -0.152550 0.205325 0.233610 0.271431 0.026042 0.045098 -0.066432 0.447178 0.466516 0.509852 0.013747 0.018579 -0.218133 0.081320 -0.588243 -0.427986 -0.484344 -0.299021 -0.553917 -0.479403 0.751353 1.000000 -0.057779 0.029634 0.076922 0.031236 -0.340303 -0.151988 0.500876 0.195619 0.042195 -0.168961 0.370651 0.376927 0.224741 0.062699 0.247846 0.136703 0.114714 0.151465 0.108071 0.077236 -0.396903 -0.339949 -0.050018 0.072654 -0.166967 -0.000759 0.114102 -0.008837 -0.251333 -0.250952 0.075425 0.138127 0.456621 0.297179 -0.153083 -0.187046 -0.457427 -0.414834 -0.470087 -0.370756 -0.151020 -0.023224 0.808493 0.450165 0.424796 0.408646 0.324863 0.281890 -0.058145 0.064025 0.595819 0.513563 -0.066595 0.635687 -0.011738 -0.282052 -0.161828 -0.230194 -0.236554 -0.485277 -0.236983 -0.206731 -0.065392 -0.172295 -0.044265 0.117032 -0.090021 -0.193083 0.181300 0.129994 -0.119114 -0.099672 -0.009837 -0.252826 -0.233697 -0.141779 0.235056 0.137709 -0.107839 0.283184 -0.350376 -0.048160 0.211358 -0.166085 -0.056308 -0.191273
-0.258884 -0.243406 -0.053660 0.202025 -0.084784 -0.194997 -0.130600 0.018229 0.056821 -0.237481 -0.271687 -0.492876 -0.235895 -0.379334 -0.233021 -0.358107 0.109212 0.016458 -0.140241 -0.402324 0.185529 0.133627 0.220826 0.258839 0.503326 0.531944 0.327699 0.176502 -0.103686 -0.057779 1.000000 0.770171 0.106685 0.493157 0.392209 0.492341 -0.030579 0.062194 0.092408 0.306270 0.126675 0.092894 -0.238740 -0.066601 -0.087050 -0.125702 0.105927 -0.115079 -0.141149 -0.175316 0.000134 -0.049856 0.121995 0.040072 -0.003096 0.094427 0.051231 -0.198007 -0.157135 -0.257266 -0.172696 -0.111954 -0.132400 -0.020514 -0.159664 -0.168192 -0.020256 0.007642 0.044262 -0.066683 0.279181 0.416744 0.008378 -0.083883 -0.081995 -0.254347 -0.082579 -0.012271 0.294686 0.216045 -0.077927 -0.029381 -0.041752 -0.071769 -0.110689 -0.051073 0.097227 0.047628 -0.210508 0.001219 -0.095144 -0.167635 0.042822 -0.071351 0.191035 0.084162 0.066817 0.151715 0.000226 0.063839 -0.021264 0.028200 0.035411 -0.105835 -0.021692 0.093016 -0.125870 0.093265 0.011373 -0.087017 0.208434 0.073569 0.113651 0.010952 -0.091454 0.099235
-0.313063 -0.277540 -0.114599 0.404570 -0.311924 -0.083200 -0.272094 0.070269 -0.105963 -0.183923 -0.312975 -0.428146 -0.421352 -0.398652 -0.411436 -0.322028 -0.017966 -0.025398 -0.121821 -0.449807 0.254061 0.375548 0.147471 0.407157 0.439704 0.682597 0.253235 0.264337 -0.151480 0.029634 0.770171 1.000000 0.093752 0.578880 0.273998 0.335563 0.011509 0.073344 0.105742 0.328169 0.177652 0.193577 -0.112043 0.071265 -0.068185 -0.105233 0.171197 0.044740 -0.253117 -0.105598 0.041826 0.015990 0.134160 0.085065 0.061724 0.139376 0.051330 -0.205083 -0.180929 -0.278891 -0.168468 -0.205288 -0.168269 -0.078553 -0.150481 -0.097258 -0.147588 0.001902 -0.107750 -0.070630 0.042913 0.336572 -0.027524 -0.047943 -0.073096 -0.285353 -0.190809 -0.178692 0.363246 0.164334 -0.098963 -0.135730 -0.111082 0.028865 -0.105471 0.196817 0.172801 0.266951 -0.096798 0.155669 0.053088 -0.233957 0.082754 -0.218714 0.221434 0.017215 0.183291 0.258182 0.072106 0.082586 -0.045151 -0.199463 -0.082390 -0.201673 -0.165097 -0.058624 -0.164008 0.018152 -0.104025 0.073425 0.243047 0.173247 0.105801 -0.177043 -0.089841 -0.076457
0.248602 0.423241 -0.037771 0.018709 -0.312695 -0.194873 -0.127926 -0.297218 -0.096850 -0.486393 -0.326660 -0.314942 -0.326698 -0.499866 -0.213877 -0.183230 0.219552 0.263526 0.312041 0.173026 0.058426 -0.010128 0.073069 -0.018167 0.039759 0.055510 0.116707 0.197973 -0.077547 0.076922 0.106685 0.093752 1.000000 0.243220 -0.181581 -0.016841 0.055603 -0.004800 0.191320 -0.091805 0.018622 0.014379 0.185572 0.208288 0.035735 -0.134805 0.201419 0.150166 -0.181798 0.172744 0.056781 0.066745 -0.252505 -0.019209 0.021578 0.130947 0.248065 0.204057 -0.301948 0.205901 -0.092741 -0.126051 0.421295 0.455340 -0.342803 -0.513068 0.217827 0.120588 0.151750 -0.053076 -0.203412 -0.301651 0.102354 0.023957 0.037446 -0.027791 -0.080739 -0.251220 0.189032 0.277103 0.225670 0.157419 -0.083431 0.037727 -0.270898 -0.072359 0.086178 0.009441 -0.321732 -0.020160 -0.306402 -0.363500 -0.318692 -0.422682 0.046698 -0.030477 0.047305 0.058258 0.015151 0.029102 -0.049662 -0.129544 0.012755 0.195451 -0.020580 -0.012888 0.145708 0.132788 -0.284079 0.108619 -0.089441 -0.122359 -0.165609 -0.058659 -0.132556 -0.235613
-0.055228 0.013101 -0.051326 0.217331 -0.073348 -0.012510 -0.142360 0.256107 0.010785 -0.165596 -0.327984 -0.308711 -0.423166 -0.216838 -0.377832 -0.217453 0.076530 0.025100 0.115550 -0.150003 0.187374 -0.020821 -0.042371 0.120268 0.341758 0.547273 0.226591 0.285933 -0.078049 0.031236 0.493157 0.578880 0.243220 1.000000 0.314550 0.612996 -0.196417 -0.180732 0.000825 0.088680 -0.102047 0.013699 -0.120879 -0.031314 -0.090833 0.203870 -0.022954 -0.025493 -0.398530 -0.223752 -0.198309 -0.183911 -0.205068 -0.062896 -0.207515 -0.123024 0.263698 -0.200880 -0.139221 -0.213521 0.132420 0.053298 0.073376 0.216382 -0.040079 0.077889 -0.139907 0.183658 -0.018848 0.110020 -0.152495 0.061012 -0.031187 -0.047589 0.078304 -0.127133 -0.242762 -0.146631 0.129751 0.069057 -0.020669 -0.094044 -0.294749 -0.106426 -0.094678 -0.053486 0.024849 0.166353 -0.052456 0.022326 -0.095713 -0.238893 -0.109372 -0.351439 0.154703 -0.094365 0.008534 0.036760 -0.114796 0.047436 -0.103076 -0.217428 -0.018740 -0.036788 -0.097651 -0.019896 -0.028528 0.110416 -0.100621 0.013567 0.287824 0.039161 -0.121357 -0.240838 -0.059741 -0.147131
-0.052006 -0.120988 -0.035897 0.128942 0.054523 -0.040325 -0.181096 -0.034899 -0.095645 -0.103319 -0.137707 -0.250014 -0.167463 -0.102196 -0.026285 -0.231617 -0.149025 -0.274320 -0.208107 -0.420466 0.258184 -0.003458 0.152177 0.092725 0.386254 0.410291 0.205272 0.160771 -0.126315 -0.340303 0.392209 0.273998 -0.181581 0.314550 1.000000 0.481326 -0.069679 0.136081 0.051108 0.366494 -0.064559 -0.006081 -0.161962 -0.024719 -0.060422 0.191423 -0.028873 -0.153677 -0.174695 -0.179875 0.097405 0.020036 -0.026835 0.029463 0.027147 0.003087 -0.107248 -0.217773 0.065272 -0.113947 -0.079990 -0.085245 -0.217598 -0.170982 0.099953 0.185655 0.118314 0.221453 0.175043 -0.091355 0.209612 0.152817 -0.270570 -0.092922 -0.108441 -0.184517 -0.018013 0.135441 0.177239 -0.014763 -0.177282 -0.119730 0.086080 -0.236838 0.170809 0.233805 0.187016 0.318971 -0.011180 0.216012 -0.024870 -0.005340 0.186307 0.090030 -0.058440 0.089022 -0.058539 -0.188969 -0.032009 -0.051295 -0.044134 0.028685 0.209318 -0.070461 0.052712 -0.061339 -0.057799 -0.017461 0.365305 -0.034054 0.324267 0.004683 0.195570 0.107726 -0.074354 -0.036316
0.000333 -0.111289 -0.003710 0.062954 0.028008 0.014273 -0.177006 0.043413 0.081237 -0.213131 -0.246468 -0.309203 -0.268027 -0.275394 -0.316904 -0.344460 0.037500 -0.027311 0.076282 -0.163207 0.193502 -0.000988 0.032666 -0.025368 0.348788 0.474725 0.338585 0.266284 -0.121316 -0.151988 0.492341 0.335563 -0.016841 0.612996 0.481326 1.000000 -0.155539 -0.075935 0.091481 0.161044 -0.058952 0.039280 -0.249690 -0.183917 -0.141045 0.227647 -0.194832 -0.163161 -0.237272 -0.210678 -0.220942 -0.143768 -0.190923 -0.160543 -0.287296 -0.189887 0.261254 -0.076608 0.063252 -0.066756 0.056652 0.011905 -0.031525 0.074239 -0.128528 0.076670 -0.024160 0.290958 0.103975 0.113518 0.121548 0.112928 -0.116077 -0.062327 0.010833 -0.169308 -0.107048 -0.014181 0.041719 0.107656 -0.030479 -0.088234 -0.193760 -0.273523 0.000574 -0.118148 -0.027258 0.088985 -0.200067 -0.098846 -0.094631 -0.012435 0.080579 0.015592 0.131323 0.004556 -0.068034 -0.087318 -0.206760 0.110069 -0.057693 0.062971 0.077329 0.165381 0.025562 0.185157 -0.011919 0.214478 0.129365 -0.033861 0.291522 0.118201 0.022302 -0.050301 -0.023259 -0.004253
