1.000000 0.052841 0.238783 0.238527 0.069428 -0.024326 0.507016 0.295691 0.436868 0.203369 0.078093 0.204589 0.342620 0.232824 0.154443 0.132734 -0.184434 -0.377871 0.125215 0.118934 -0.245299 0.035285 0.193639 0.058549 -0.116835 -0.093366 -0.010436 -0.063315 -0.014023 -0.190890 -0.220398 -0.085909 -0.052417 0.136947 0.236073 0.216442 -0.151694 -0.078692 -0.110660 -0.285330 -0.092820 -0.038369 0.001400 -0.035577 -0.066542 0.069859 -0.122278 0.022373 0.038871 0.015894 0.049762 -0.004840 0.046744 0.072408 -0.312384 -0.243041 0.018998 -0.318325 0.103515 -0.238784 0.346374 0.021216 -0.242699 -0.221882 0.204470 0.180844 -0.060185 0.118720 0.080103 -0.016785 0.065928 -0.036801 -0.060674 -0.033681 -0.022872 0.204352 0.199387 0.225131 -0.526416 -0.400952 -0.370469 -0.517718 0.199550 0.140085 -0.257377 -0.045778 0.059016 0.115145 0.068714 0.049680 -0.040724 0.117033 0.105858 0.316686 -0.209654 0.064822 -0.189085 -0.329878 -0.292570 -0.159378 -0.089641 0.067786 -0.067352 -0.089453 -0.223480 -0.196791 0.126622 -0.181140 -0.163437 -0.083675 -0.131644 -0.132063 -0.042982 -0.190618 0.048225 0.038564
0.052841 1.000000 -0.635522 -0.536195 0.118272 -0.396131 -0.273783 -0.127978 0.053168 -0.022121 -0.326707 0.069856 0.097271 0.209835 -0.304028 -0.133286 0.321531 0.431936 0.006316 0.472040 0.134138 -0.106540 -0.785609 -0.649489 -0.583564 -0.644379 -0.170863 -0.475584 0.194629 0.199063 -0.477236 -0.582404 0.375253 0.162623 -0.132393 -0.192876 0.207521 0.081109 0.220656 0.252430 0.053129 -0.010261 -0.041295 -0.147483 0.025736 -0.065960 0.058641 -0.125639 -0.056477 -0.006682 -0.206563 -0.059911 0.280885 -0.039806 0.238809 -0.029537 0.365722 0.470849 0.162135 0.213905 0.248866 0.536528 0.471098 0.664683 -0.347892 -0.131338 0.076993 -0.162023 0.322012 0.109426 -0.072685 -0.234384 0.051168 0.016292 -0.109457 0.006728 -0.029769 -0.005081 0.209212 0.304781 0.459162 0.398553 -0.326676 0.090127 -0.239791 -0.137588 -0.169561 -0.386216 -0.316464 -0.044371 0.177287 -0.220382 -0.086452 -0.033567 0.098506 0.030503 0.006803 0.215364 0.244444 0.194341 0.477837 0.314510 0.542687 0.329259 0.139559 0.063884 0.297967 -0.045394 -0.078968 -0.210269 -0.184531 0.239797 0.178353 -0.082449 0.250327 0.260569
0.238783 -0.635522 1.000000 0.568205 0.217516 0.298094 0.637615 0.383163 0.272278 0.204770 0.252358 -0.136236 0.017879 -0.238989 0.254844 -0.137647 -0.522995 -0.584403 0.034389 -0.331604 -0.136925 -0.001887 0.739235 0.549235 0.439083 0.423771 -0.002839 0.177633 -0.326516 -0.440820 0.288515 0.411203 -0.328342 -0.029764 0.363166 0.278421 -0.451777 -0.393487 -0.232990 -0.411791 -0.286892 -0.209776 -0.118479 -0.099188 -0.115868 0.043605 -0.240080 -0.139288 -0.062038 -0.093124 0.226079 0.014955 -0.154263 0.016712 -0.406114 -0.261731 -0.288703 -0.374392 0.083430 -0.143289 0.026558 -0.353662 -0.507310 -0.589790 0.577489 0.277374 0.176228 0.378335 -0.215737 0.079791 0.141170 0.117889 -0.230647 -0.189013 -0.002529 -0.050873 -0.042054 -0.045812 -0.365631 -0.369360 -0.561894 -0.574842 0.381051 -0.076519 0.161546 0.134807 0.223689 0.247611 0.375517 0.034486 -0.053671 0.168418 0.231688 0.271240 -0.095546 -0.011400 -0.220379 -0.319663 -0.378948 -0.290689 -0.228039 -0.337602 -0.411785 -0.163916 -0.135465 -0.108449 -0.166806 0.009057 -0.018739 0.127148 0.097040 -0.239834 -0.174628 0.030743 -0.344755 -0.205730
0.238527 -0.536195 0.568205 1.000000 0.336059 0.277018 0.606205 0.537439 0.163032 0.204269 0.226277 0.287983 0.118122 -0.015266 0.350505 0.212262 -0.257054 -0.334298 0.259770 -0.146771 -0.045774 0.063680 0.662045 0.473939 0.241470 0.135470 -0.025246 0.072397 0.010436 -0.116985 0.311082 0.475334 -0.353580 -0.138781 0.064214 0.017587 -0.363329 -0.139720 -0.365551 -0.387656 -0.298395 0.046812 -0.082874 0.043856 -0.157914 -0.021977 -0.153778 -0.131322 -0.160393 0.021889 -0.084191 -0.032093 -0.429934 -0.087742 -0.504348 -0.022566 -0.543865 -0.616190 -0.143504 -0.144985 -0.150453 -0.277232 -0.394753 -0.420588 0.495501 0.154288 -0.181332 0.119480 -0.221357 -0.138485 0.127113 0.114505 -0.014379 0.039729 0.068649 0.155573 0.025600 -0.071088 -0.365520 -0.285864 -0.503049 -0.491338 0.615634 0.217253 0.128755 0.205814 0.129569 0.190395 0.357904 0.208293 -0.072587 -0.008769 0.297880 0.203711 -0.191584 0.023276 -0.190122 -0.291847 -0.388231 -0.474089 -0.187663 -0.167524 -0.370743 -0.282991 -0.203812 -0.154551 -0.123496 0.060936 -0.253105 0.175798 -0.169489 -0.436603 -0.328296 -0.227831 -0.109877 -0.053497
0.069428 0.118272 0.217516 0.336059 1.000000 0.233877 0.411309 0.400129 0.433270 0.193449 -0.306784 -0.056607 0.092205 -0.065283 0.035138 -0.143913 -0.164377 -0.011843 -0.011391 0.217378 0.159293 0.173605 0.049303 -0.015426 -0.200700 -0.385246 0.129513 -0.193449 0.023543 -0.072257 -0.198189 -0.094378 -0.281946 -0.158475 -0.049207 -0.048284 -0.273018 -0.317124 -0.027458 -0.216146 -0.140552 -0.162728 -0.072200 -0.036998 0.114341 0.076668 -0.016812 -0.039247 -0.138419 0.076887 -0.243036 0.038596 -0.134167 0.087656 -0.238021 -0.072677 -0.187840 -0.100841 0.218944 0.256903 -0.036656 0.079289 -0.029688 0.047149 0.106717 -0.031897 0.032922 0.151465 0.132223 0.092811 0.252665 -0.049166 -0.135301 -0.063629 -0.077477 0.013250 -0.220551 -0.317822 -0.096805 0.008430 -0.033614 -0.132931 0.257283 0.197215 0.062192 -0.061284 0.176727 -0.137013 0.173833 0.012815 0.193126 -0.007145 0.175178 0.317661 -0.126889 -0.013969 -0.298750 -0.163795 -0.187767 -0.231537 0.211175 -0.002678 0.143428 0.032982 -0.061549 -0.006108 0.014899 0.023561 -0.083398 -0.312935 -0.311339 -0.038108 0.031253 -0.270035 -0.115695 0.038640
-0.024326 -0.396131 0.298094 0.277018 0.233877 1.000000 0.281351 0.478826 0.421485 0.520241 0.083377 -0.104425 0.081900 0.121975 0.120003 0.044517 -0.524466 -0.252490 -0.405300 -0.219077 -0.079606 0.001578 0.223092 0.389958 0.242541 0.192942 0.347510 0.460861 -0.331170 -0.168694 -0.050904 0.044408 -0.379793 -0.429496 0.111555 0.202317 -0.383639 -0.225799 -0.104800 -0.242890 -0.130184 -0.243720 -0.305358 -0.276372 0.027723 0.141973 -0.236571 -0.259352 0.170664 0.069170 0.084653 0.118341 -0.048820 0.023972 -0.091476 -0.020293 -0.421183 -0.353573 0.348953 0.315530 -0.183854 -0.056186 -0.444607 -0.389645 0.122657 0.194361 0.257096 0.374176 0.068774 0.162308 0.198477 0.249422 -0.237930 -0.137323 -0.084915 -0.198680 -0.380933 -0.398051 -0.118087 -0.249944 -0.331981 -0.343719 0.038920 -0.317259 -0.195465 -0.155840 0.043936 0.104193 0.236552 0.331390 0.102609 0.080815 0.278780 0.070960 0.162376 0.213348 -0.220491 0.154528 -0.276492 -0.251458 -0.120521 -0.251953 -0.068221 -0.134472 0.270481 0.332143 -0.075532 0.396349 0.095257 0.074631 -0.237938 -0.334233 -0.033562 0.053913 0.193354 -0.106535
0.507016 -0.273783 0.637615 0.606205 0.411309 0.281351 1.000000 0.595059 0.462311 0.360093 0.192219 0.260715 0.382633 0.190908 0.352015 0.195361 -0.330616 -0.361962 0.215259 -0.168056 -0.109323 -0.196443 0.494261 0.251755 0.000357 -0.139673 -0.072834 -0.162683 0.022845 -0.179609 0.143499 0.254428 -0.271613 -0.015619 0.136828 0.091200 -0.450818 -0.184483 -0.434312 -0.636029 -0.253783 -0.093886 -0.114679 -0.112252 -0.002884 0.035585 -0.238362 -0.159093 0.003800 0.092053 0.117288 0.157250 -0.101596 0.159805 -0.470630 -0.246923 -0.316406 -0.524166 0.120300 -0.091651 0.262708 -0.069535 -0.316464 -0.226362 0.464195 0.098327 -0.224469 0.090130 -0.247510 -0.117696 0.138963 0.028765 0.061527 0.034857 0.144801 0.074563 0.085598 -0.015575 -0.431225 -0.389289 -0.517049 -0.595990 0.489931 0.278448 -0.008999 0.020198 -0.015814 0.028374 0.202129 0.180794 -0.042069 0.133889 0.234201 0.341663 -0.348512 0.015550 -0.346560 -0.274422 -0.341892 -0.452728 -0.049177 -0.128559 -0.338470 -0.291578 -0.295941 -0.238601 -0.084072 -0.009021 -0.257175 -0.055786 -0.280412 -0.274881 -0.212968 -0.247100 -0.194966 -0.184752
0.295691 -0.127978 0.383163 0.537439 0.400129 0.478826 0.595059 1.000000 0.512603 0.761872 0.085859 0.266052 0.238075 0.348928 0.004493 -0.008383 -0.465349 -0.310917 -0.215755 -0.195507 -0.294987 -0.191488 0.210639 0.284039 -0.060782 -0.110479 -0.160024 -0.141028 -0.248813 -0.257419 -0.138727 0.044001 -0.428982 -0.226124 0.196583 0.183622 -0.594074 -0.305304 -0.424665 -0.338629 -0.483574 -0.301425 -0.106475 -0.138768 -0.018242 0.165388 -0.163306 -0.239676 -0.001591 0.061804 0.030787 0.016110 -0.199403 -0.061921 -0.410796 -0.167491 -0.327895 -0.406239 0.169424 0.170872 0.061561 0.172695 -0.327473 -0.331776 0.447717 0.432083 0.008356 0.337755 -0.221003 0.040939 -0.041405 -0.098716 -0.226233 -0.103646 -0.050819 -0.076592 -0.195328 -0.337748 -0.215993 -0.229473 -0.444794 -0.515316 0.230669 -0.089495 -0.052298 0.029947 -0.020458 -0.047383 0.266103 0.324132 0.129295 -0.035905 0.475437 0.275153 -0.170697 0.108435 -0.350323 -0.152933 -0.354052 -0.526785 -0.086013 -0.166693 -0.057764 -0.145380 -0.001436 -0.006277 -0.037310 0.101844 -0.281333 -0.069581 -0.414672 -0.355912 -0.233804 -0.189987 0.008095 -0.136004
0.436868 0.053168 0.272278 0.163032 0.433270 0.421485 0.462311 0.512603 1.000000 0.603086 0.071092 0.194947 0.472674 0.342412 0.166521 0.063244 -0.239809 -0.198486 -0.326366 0.016003 -0.313619 -0.104819 0.058529 0.175836 -0.093761 -0.186275 -0.027914 -0.075946 -0.194729 -0.244438 -0.391378 -0.349658 -0.344128 -0.285998 0.080302 0.155842 -0.285519 -0.176085 -0.086356 -0.236579 -0.215357 -0.235413 -0.237828 -0.257827 -0.065144 0.044494 -0.179816 -0.169235 0.115799 -0.056709 0.064929 -0.000564 0.095407 0.087781 -0.130063 -0.199823 -0.232358 -0.308881 0.371265 0.130367 0.172804 0.106355 -0.185534 -0.147598 0.161872 0.207946 0.100324 0.242162 0.106551 0.190997 0.077289 -0.135491 -0.171136 -0.100907 -0.093033 -0.021690 -0.231615 -0.361229 -0.136990 -0.199439 -0.155834 -0.299973 0.018613 -0.093408 -0.172139 -0.213099 -0.058649 -0.122074 0.246165 0.039481 0.212221 0.181503 0.392390 0.433360 -0.124420 0.173552 -0.353503 -0.121921 -0.239596 -0.222430 0.172941 -0.117843 0.029852 0.105467 0.176148 0.161275 0.090031 0.072257 -0.149749 -0.315326 -0.284946 -0.106156 -0.050984 -0.132094 0.117169 -0.058588
0.203369 -0.022121 0.204770 0.204269 0.193449 0.520241 0.360093 0.761872 0.603086 1.000000 0.001303 0.228398 0.272426 0.369988 -0.063028 0.035539 -0.401897 -0.226424 -0.374332 -0.209937 -0.362925 -0.295950 0.016464 0.217228 -0.076917 -0.060787 -0.216044 -0.128632 -0.326970 -0.226421 -0.279072 -0.225364 -0.363123 -0.413263 0.097162 0.152673 -0.422339 -0.119642 -0.265758 -0.179109 -0.331411 -0.353967 -0.103891 -0.199153 0.009033 0.105863 -0.049402 -0.180323 0.204258 0.106953 0.234069 0.089846 0.018445 0.040528 -0.212672 -0.016307 -0.160988 -0.189999 0.285298 0.307276 0.136985 0.326033 -0.257490 -0.207470 0.323135 0.364495 0.076819 0.206683 -0.108281 0.166797 -0.020060 -0.142590 -0.229646 -0.072296 -0.096440 -0.043462 -0.212565 -0.374546 -0.068990 -0.143234 -0.280083 -0.380858 -0.092361 -0.318439 -0.190180 -0.290649 -0.031041 -0.269646 0.253091 0.297399 0.191954 0.029777 0.397981 0.208414 -0.076620 0.177184 -0.303901 -0.113507 -0.185558 -0.313566 -0.006991 -0.220298 0.018787 -0.040257 0.142945 0.120330 -0.007861 0.085514 -0.179730 -0.184785 -0.396741 -0.245328 -0.101185 -0.070216 0.053386 -0.195111
0.078093 -0.326707 0.252358 0.226277 -0.306784 0.083377 0.192219 0.085859 0.071092 0.001303 1.000000 0.344022 0.349832 0.271932 0.487548 0.298053 0.025645 -0.155572 -0.107335 -0.327386 -0.150426 -0.169468 0.433203 0.346941 0.243795 0.138708 -0.097750 0.129469 -0.002585 -0.151214 0.235882 0.272356 -0.298177 -0.157842 0.063658 -0.005020 -0.166196 -0.063070 -0.189714 -0.132253 -0.247863 -0.013727 -0.095139 -0.098063 -0.192422 -0.145632 -0.263448 -0.194877 0.067949 -0.231685 0.218117 -0.150143 0.034404 -0.274520 0.179197 -0.104299 -0.455863 -0.334572 -0.060719 -0.167678 0.126018 -0.204899 -0.185208 -0.228694 0.334851 0.178650 -0.021662 0.057220 -0.339325 -0.064020 -0.361272 0.056358 0.029918 -0.087514 0.052141 -0.108144 -0.088548 -0.060067 0.003184 -0.257952 -0.291709 -0.180576 0.157117 -0.052587 0.217766 0.287653 -0.189932 0.153236 0.329334 0.195124 -0.149518 -0.026241 0.110399 0.198462 -0.032343 0.115594 0.130845 0.206890 -0.129889 -0.350720 -0.353919 -0.095568 -0.377884 -0.101801 -0.172959 -0.093360 -0.093822 0.095362 -0.148241 0.238736 0.034007 -0.174198 -0.239730 -0.005479 0.055273 -0.174064
0.204589 0.069856 -0.136236 0.287983 -0.056607 -0.104425 0.260715 0.266052 0.194947 0.228398 0.344022 1.000000 0.455112 0.677661 0.351332 0.693655 0.245283 0.251605 0.047223 -0.116104 -0.166503 -0.278923 0.072513 0.114372 -0.072945 -0.102861 -0.311817 -0.257244 0.258072 0.296636 0.044076 0.072111 0.013668 -0.029280 -0.153717 -0.147197 0.091824 0.383978 -0.383886 -0.172095 -0.202416 0.230836 -0.034745 0.043121 -0.257021 -0.121033 -0.094263 -0.138389 -0.080362 -0.087221 -0.116662 -0.165019 -0.043640 -0.086533 -0.171981 0.069244 -0.354105 -0.378408 -0.226329 -0.147639 0.215928 0.234092 0.186507 0.247229 0.087168 0.094574 -0.403710 -0.300972 -0.230216 -0.264492 -0.065505 -0.077798 0.300961 0.365165 0.225094 0.306387 0.221840 0.049104 0.176304 0.190666 -0.024850 0.021250 0.121544 0.287487 -0.164432 -0.049407 -0.254798 -0.156504 0.001901 0.146060 -0.243802 -0.302811 0.045271 -0.068297 -0.395164 0.088590 -0.074289 -0.015673 -0.216226 -0.369039 -0.128949 -0.113302 -0.316573 -0.172454 -0.192761 -0.198655 -0.247437 -0.096387 -0.442685 0.015563 -0.270442 -0.162968 -0.356665 -0.120336 0.165209 -0.079532
0.342620 0.097271 0.017879 0.118122 0.092205 0.081900 0.382633 0.238075 0.472674 0.272426 0.349832 0.455112 1.000000 0.562781 0.479996 0.483882 0.276399 0.129433 -0.014306 0.045437 -0.304515 -0.299990 0.069945 -0.111267 -0.225575 -0.311036 -0.280538 -0.332512 0.262114 0.177533 -0.141562 -0.221293 -0.077045 -0.093573 -0.222353 -0.283329 0.040845 0.253024 -0.316066 -0.225124 -0.158020 0.163677 -0.060898 -0.080293 -0.144049 -0.321068 -0.076939 -0.093507 0.099986 0.033292 -0.072767 0.032239 0.237984 0.067555 0.115633 0.153909 -0.243344 -0.293870 -0.014966 -0.051306 0.281390 0.119867 0.018935 0.199522 -0.095536 -0.172656 -0.285978 -0.306092 -0.157375 -0.114907 -0.087878 -0.023362 0.333339 0.282168 0.179043 0.301461 -0.034223 -0.171481 0.093378 -0.094264 -0.003666 -0.060768 0.005187 0.205290 -0.156999 -0.325221 -0.458888 -0.467914 0.063084 0.134789 -0.032463 -0.070118 0.004488 0.250806 -0.224391 0.174394 -0.005630 0.151677 0.059528 -0.154271 0.111386 0.072368 -0.118520 -0.003769 -0.078612 -0.026650 -0.031054 0.039829 -0.275074 -0.138819 -0.315659 0.127787 0.044067 -0.118922 0.280244 -0.112970
0.232824 0.209835 -0.238989 -0.015266 -0.065283 0.121975 0.190908 0.348928 0.342412 0.369988 0.271932 0.677661 0.562781 1.000000 0.123918 0.551838 0.093714 0.290828 -0.142996 -0.182053 -0.329159 -0.338627 -0.220202 -0.191130 -0.187034 -0.268218 -0.278913 -0.225606 0.139762 0.326189 -0.087536 -0.142189 -0.014517 -0.023634 -0.040202 0.040878 -0.017141 0.256771 -0.403434 -0.162165 -0.223239 -0.000243 -0.053426 -0.079067 -0.004246 0.056960 -0.025695 -0.128316 0.084636 -0.039252 -0.090736 -0.094140 0.177262 0.037296 0.023445 0.108931 -0.221677 -0.332073 0.034365 -0.018948 0.309378 0.456268 0.083782 0.251386 -0.023112 0.121751 -0.290822 -0.246178 -0.198715 -0.289803 -0.038390 -0.069202 0.274412 0.269901 0.087591 0.143460 0.084604 -0.005825 0.202913 0.212855 0.013436 0.040020 -0.160698 0.125424 -0.244855 -0.185623 -0.432067 -0.207668 -0.092109 0.209626 -0.240941 -0.320881 -0.055612 -0.163216 -0.444084 0.220176 -0.064159 0.030884 -0.109101 -0.150743 0.015408 -0.000927 -0.116040 -0.095223 -0.028591 -0.084194 -0.072085 -0.042373 -0.316819 -0.014751 -0.307459 -0.007814 -0.196076 -0.089123 0.272621 -0.179819
0.154443 -0.304028 0.254844 0.350505 0.035138 0.120003 0.352015 0.004493 0.166521 -0.063028 0.487548 0.351332 0.479996 0.123918 1.000000 0.590494 0.206462 0.032050 0.000995 -0.058244 0.067171 0.152385 0.526418 0.311477 0.175330 0.115451 0.136574 0.169942 0.269854 0.165842 0.173391 0.149286 -0.193221 -0.320337 -0.282712 -0.274656 0.083574 0.181699 -0.027130 -0.238896 0.107056 0.312634 -0.078033 -0.011879 -0.193046 -0.447829 -0.161281 -0.021589 0.211851 0.072379 0.017408 0.102199 0.029247 -0.118921 -0.014379 0.108795 -0.419156 -0.390366 -0.081661 -0.151679 0.048618 -0.331281 -0.172995 -0.036605 -0.078356 -0.297336 -0.199435 -0.265061 -0.219126 0.053350 0.050323 0.099458 0.260077 0.136936 0.170365 0.127037 -0.123741 -0.124905 -0.114936 -0.192618 -0.111691 -0.066990 0.299368 0.302444 -0.105407 -0.107857 -0.099998 -0.035337 0.129215 0.100539 -0.118743 0.029617 -0.124219 0.287842 -0.129113 -0.079839 0.138062 0.053183 -0.058012 -0.217208 -0.195932 -0.039005 -0.340990 -0.115730 -0.121471 -0.082267 -0.167445 0.137926 -0.164220 0.071668 -0.009511 -0.010144 0.062038 0.038128 0.113934 -0.140539
0.132734 -0.133286 -0.137647 0.212262 -0.143913 0.044517 0.195361 -0.008383 0.063244 0.035539 0.298053 0.693655 0.483882 0.551838 0.590494 1.000000 0.352962 0.333632 0.171226 -0.170159 -0.061196 -0.076815 0.151446 -0.004046 0.001896 -0.017416 -0.104610 -0.080905 0.459445 0.587768 0.329928 0.226256 0.101582 -0.081600 -0.334863 -0.276334 0.274448 0.489048 -0.222633 -0.169907 0.119703 0.361993 -0.029856 0.024218 -0.216717 -0.320328 -0.015159 -0.077751 0.059415 -0.062806 -0.191396 -0.077959 -0.024973 -0.062849 -0.053737 0.266987 -0.421391 -0.467493 -0.205679 -0.188007 0.190607 0.115674 0.060208 0.283049 -0.165227 -0.263734 -0.425394 -0.521585 -0.186532 -0.328923 0.147825 0.225779 0.552256 0.488269 0.272638 0.450550 0.194878 0.140376 0.084890 0.176752 -0.013630 0.076993 0.163188 0.440608 -0.303900 -0.231347 -0.284948 -0.162855 -0.162746 0.055876 -0.340966 -0.230430 -0.207721 -0.066564 -0.342988 0.187153 0.104470 -0.018632 -0.138875 -0.165919 -0.056754 -0.073223 -0.414237 -0.180341 -0.176279 -0.122305 -0.163046 -0.013541 -0.181366 0.060811 -0.200119 0.035624 0.008427 -0.009185 0.290351 -0.139947
-0.184434 0.321531 -0.522995 -0.257054 -0.164377 -0.524466 -0.330616 -0.465349 -0.239809 -0.401897 0.025645 0.245283 0.276399 0.093714 0.206462 0.352962 1.000000 0.566528 0.379327 0.074937 0.061205 0.078808 -0.355349 -0.470530 -0.344852 -0.326974 -0.228006 -0.362956 0.675153 0.598208 0.095510 -0.060385 0.323593 0.061253 -0.560157 -0.577963 0.637920 0.592376 0.144732 0.290098 0.415442 0.502397 0.165386 0.170345 -0.057300 -0.343558 0.241811 0.104561 0.000320 0.040913 -0.188359 0.080212 0.296460 0.104662 0.437997 0.432497 0.128988 0.156475 -0.260002 -0.094578 0.077302 0.091836 0.512515 0.672328 -0.515202 -0.546284 -0.343792 -0.623335 -0.128688 -0.313344 0.050265 -0.063277 0.629836 0.487993 0.380785 0.413651 0.240602 0.109895 0.319786 0.386556 0.465117 0.523867 -0.033636 0.408633 -0.031400 -0.081216 -0.312817 -0.278748 -0.363712 -0.189507 -0.275888 -0.232617 -0.505953 -0.198237 -0.193599 -0.067591 0.316087 -0.023554 0.369674 0.165502 0.090438 0.332361 0.038678 0.041491 -0.219160 -0.229564 -0.065316 -0.271327 -0.073912 -0.146313 -0.108186 0.331874 0.069530 0.048584 0.097865 -0.080944
-0.377871 0.431936 -0.584403 -0.334298 -0.011843 -0.252490 -0.361962 -0.310917 -0.198486 -0.226424 -0.155572 0.251605 0.129433 0.290828 0.032050 0.333632 0.566528 1.000000 0.065285 0.158673 0.059867 -0.013904 -0.474246 -0.408392 -0.405326 -0.408890 -0.039471 -0.245489 0.374405 0.631299 -0.064259 -0.213778 0.293512 -0.076910 -0.505512 -0.401090 0.503004 0.510332 0.158971 0.302128 0.259244 0.332167 -0.032904 0.015122 -0.122609 -0.332697 0.040851 -0.119931 0.009312 -0.027997 -0.328762 -0.068800 0.232238 0.073517 0.394276 0.295951 0.117154 0.358391 -0.220956 -0.006116 -0.091776 0.177520 0.528273 0.661518 -0.556099 -0.402997 -0.178657 -0.485212 0.018959 -0.215448 0.013145 -0.054613 0.462636 0.344964 0.068866 0.016953 -0.014046 -0.115050 0.509557 0.699695 0.564869 0.732613 -0.335433 0.200365 -0.183023 -0.174808 -0.296951 -0.377636 -0.275463 -0.012372 -0.121356 -0.300525 -0.381616 -0.308470 -0.101335 0.090789 0.047226 0.188914 0.314663 0.265234 0.277948 0.187277 0.136142 0.170683 0.074083 0.109727 0.033026 -0.055278 -0.149144 0.012168 -0.193499 0.358913 0.173131 -0.032572 0.155162 0.113605
0.125215 0.006316 0.034389 0.259770 -0.011391 -0.405300 0.215259 -0.215755 -0.326366 -0.374332 -0.107335 0.047223 -0.014306 -0.142996 0.000995 0.171226 0.379327 0.065285 1.000000 0.077673 0.171441 -0.030887 -0.012356 -0.332244 -0.160622 -0.187641 -0.348341 -0.457008 0.615145 0.396572 0.501378 0.390370 0.368762 0.380666 -0.155118 -0.317976 0.199965 0.207220 -0.157089 -0.167042 0.163111 0.167425 0.207619 0.186501 0.101411 -0.091817 0.215570 0.092930 -0.219285 0.084354 -0.236237 0.097299 -0.067649 0.233524 -0.224127 0.190775 -0.019989 -0.231069 -0.275635 -0.272815 0.074655 -0.037015 0.088938 0.258940 -0.041108 -0.399966 -0.358000 -0.439107 -0.110664 -0.450355 0.276768 0.137695 0.554553 0.390390 0.394993 0.402310 0.412780 0.431765 -0.267057 0.064557 -0.072328 -0.041616 0.469024 0.578354 0.070750 0.067072 -0.117895 -0.031093 -0.354954 -0.226794 -0.286711 -0.104036 -0.298647 -0.223632 -0.262213 0.043573 0.120600 -0.338730 0.076855 0.063784 0.130796 0.199523 -0.108924 -0.104296 -0.332806 -0.297334 0.007895 -0.276767 -0.133462 0.100555 -0.082672 0.098616 0.021957 -0.061509 -0.110638 0.038966
0.118934 0.472040 -0.331604 -0.146771 0.217378 -0.219077 -0.168056 -0.195507 0.016003 -0.209937 -0.327386 -0.116104 0.045437 -0.182053 -0.058244 -0.170159 0.074937 0.158673 0.077673 1.000000 0.120970 0.133069 -0.192865 -0.077298 -0.290061 -0.312434 0.092894 -0.130345 0.170567 -0.035161 -0.421832 -0.400855 0.292976 0.226216 0.009750 -0.095985 0.108059 -0.058343 0.345531 0.155475 0.003746 0.009741 -0.194941 -0.179391 -0.209865 -0.298117 -0.137088 -0.115710 -0.372353 -0.224148 -0.497446 -0.377085 -0.159395 -0.260856 -0.086058 -0.283831 0.200779 0.276875 -0.097376 -0.154599 -0.160035 -0.066206 0.186394 0.126296 -0.266223 -0.195834 0.096777 0.072778 0.624548 0.493041 -0.077800 -0.062814 -0.113900 -0.243413 -0.327147 -0.020566 -0.184446 -0.044455 0.046938 0.037667 0.472631 0.339358 -0.027290 0.184958 -0.124254 -0.126081 -0.005221 -0.279273 -0.007580 -0.185740 0.384950 0.063451 0.090054 0.237079 0.339475 -0.114548 -0.190011 0.297517 0.016678 0.234438 0.306954 0.291074 0.392052 0.390584 0.369230 0.390718 0.271385 0.358217 -0.021754 0.086779 0.294841 0.186579 0.160947 -0.026823 0.221595 0.576455
-0.245299 0.134138 -0.136925 -0.045774 0.159293 -0.079606 -0.109323 -0.294987 -0.313619 -0.362925 -0.150426 -0.166503 -0.304515 -0.329159 0.067171 -0.061196 0.061205 0.059867 0.171441 0.120970 1.000000 0.192852 -0.066899 -0.168459 0.071710 -0.068898 0.252050 0.084470 0.111006 0.097137 0.085669 0.037041 0.215437 0.032782 -0.070805 -0.103204 -0.003393 -0.261019 0.202327 -0.002300 0.072328 -0.049552 0.162977 0.169738 0.223874 0.109202 0.081320 0.187390 -0.044570 0.139705 -0.142208 0.035249 -0.248991 -0.218292 -0.040450 0.065309 -0.028382 0.260053 -0.103345 0.101647 -0.067744 -0.069550 0.123334 0.132010 -0.029157 -0.111323 0.015016 -0.062483 0.083607 -0.012399 0.060485 0.047627 0.061529 -0.077014 0.007557 -0.072402 -0.038050 0.071336 -0.129947 0.003140 -0.045551 0.071112 -0.015223 0.011158 -0.016795 -0.035769 0.200997 0.077218 -0.190099 -0.024711 0.036972 0.010175 0.011876 -0.094582 0.130569 -0.117724 0.208163 0.113993 0.099999 0.167317 0.075436 0.169281 0.211176 0.073893 0.082046 -0.034034 0.082438 0.163339 0.036039 -0.032001 0.145912 0.146426 0.239747 0.118211 0.056131 0.109299
0.035285 -0.106540 -0.001887 0.063680 0.173605 0.001578 -0.196443 -0.191488 -0.104819 -0.295950 -0.169468 -0.278923 -0.299990 -0.338627 0.152385 -0.076815 0.078808 -0.013904 -0.030887 0.133069 0.192852 1.000000 0.070283 0.099155 0.145925 0.224272 0.379066 0.392965 0.095649 0.053567 -0.129954 -0.050200 -0.115722 -0.244840 -0.093912 0.020585 0.258859 -0.075842 0.450146 0.246235 0.403124 0.251000 -0.059436 0.021760 -0.021093 -0.004008 -0.000600 0.102044 0.001513 -0.058862 -0.125328 -0.082165 -0.051441 -0.093936 -0.011287 0.027310 -0.026202 0.010979 0.000924 -0.065380 -0.279676 -0.308966 -0.146664 -0.142085 -0.252890 -0.173029 0.127104 0.169670 0.210465 0.174646 0.249719 0.087361 -0.057685 -0.060605 -0.046330 -0.100208 -0.262882 -0.191745 -0.144999 -0.162923 0.171721 0.131699 0.195793 0.160475 -0.006051 0.315323 0.326410 0.270080 0.037906 -0.099797 0.028795 0.055385 -0.124162 0.091628 0.271813 -0.084568 -0.192928 -0.169758 -0.118888 0.026599 -0.121032 0.146552 0.156248 0.015623 -0.032435 0.048613 0.178697 -0.116507 0.520736 0.104921 0.192798 -0.112718 -0.001501 -0.141084 -0.079509 -0.059025
0.193639 -0.785609 0.739235 0.662045 0.049303 0.223092 0.494261 0.210639 0.058529 0.016464 0.433203 0.072513 0.069945 -0.220202 0.526418 0.151446 -0.355349 -0.474246 -0.012356 -0.192865 -0.066899 0.070283 1.000000 0.749369 0.463443 0.483268 0.172295 0.401967 -0.251446 -0.404685 0.327105 0.524931 -0.417733 -0.128152 0.222588 0.150090 -0.344823 -0.213638 -0.230443 -0.360185 -0.240952 -0.048342 -0.090339 0.022009 -0.268198 -0.168832 -0.281386 -0.016292 -0.112314 -0.149176 0.214153 -0.062063 -0.317509 -0.115596 -0.355951 -0.181938 -0.407847 -0.416307 -0.224445 -0.326324 -0.111530 -0.565517 -0.489716 -0.645873 0.546431 0.193792 -0.041358 0.238949 -0.211411 0.157174 -0.064085 0.178289 -0.203388 -0.179495 -0.078220 -0.013613 0.008237 -0.022819 -0.312322 -0.374353 -0.464311 -0.446977 0.412451 -0.004784 0.275582 0.244786 0.236842 0.316266 0.542972 0.172601 -0.080853 0.190017 0.172847 0.257859 -0.042286 -0.190994 -0.096749 -0.144060 -0.363421 -0.327818 -0.445616 -0.307954 -0.537193 -0.237862 -0.166078 -0.099954 -0.270719 0.147648 -0.116572 0.232657 0.232670 -0.211049 -0.176344 -0.007835 -0.227549 -0.075693
0.058549 -0.649489 0.549235 0.473939 -0.015426 0.389958 0.251755 0.284039 0.175836 0.217228 0.346941 0.114372 -0.111267 -0.191130 0.311477 -0.004046 -0.470530 -0.408392 -0.332244 -0.077298 -0.168459 0.099155 0.749369 1.000000 0.500022 0.593366 0.325403 0.584583 -0.436071 -0.516434 0.022345 0.302652 -0.472367 -0.333513 0.179115 0.164431 -0.367861 -0.240225 -0.085244 -0.145794 -0.244226 -0.054391 -0.180330 -0.048544 -0.388565 -0.158719 -0.308873 -0.099572 -0.082469 -0.191624 0.190458 -0.166319 -0.327948 -0.211385 -0.360916 -0.308781 -0.313519 -0.250335 -0.149213 -0.230401 -0.317477 -0.564364 -0.428207 -0.699219 0.385181 0.316080 0.086170 0.398989 -0.018124 0.422366 -0.012619 0.164597 -0.409850 -0.276925 -0.128170 -0.165331 -0.220653 -0.265025 -0.109108 -0.325721 -0.268937 -0.264655 0.186441 -0.214811 0.177385 0.182382 0.290421 0.318069 0.567862 0.198518 0.149557 0.284742 0.384711 0.246325 0.220933 -0.144806 -0.251624 0.088550 -0.416842 -0.313351 -0.475199 -0.333962 -0.417176 -0.156064 0.139574 0.225467 -0.288209 0.347957 -0.020512 0.264511 0.244539 -0.294625 -0.281801 0.011800 -0.172890 -0.030243
-0.116835 -0.583564 0.439083 0.241470 -0.200700 0.242541 0.000357 -0.060782 -0.093761 -0.076917 0.243795 -0.072945 -0.225575 -0.187034 0.175330 0.001896 -0.344852 -0.405326 -0.160622 -0.290061 0.071710 0.145925 0.463443 0.500022 1.000000 0.767471 0.200163 0.595651 -0.248064 -0.162806 0.322285 0.332837 -0.052961 -0.030834 0.272848 0.195654 -0.131457 -0.159219 -0.116410 -0.175011 -0.029381 -0.032279 -0.020196 0.066562 0.028475 0.143026 0.058796 0.031096 0.129823 -0.053882 0.230759 -0.014350 -0.135977 -0.027845 -0.123250 0.047432 -0.313764 -0.322868 -0.028959 -0.084090 -0.295295 -0.343556 -0.491094 -0.550328 0.225440 0.244375 0.192795 0.203614 0.071618 0.037237 0.070197 0.115130 -0.144008 -0.198900 -0.010154 0.026825 -0.182592 -0.104914 -0.108952 -0.204320 -0.290652 -0.177723 0.018153 -0.186882 0.174755 0.144205 0.240378 0.333821 0.186969 0.058248 -0.171641 -0.031130 0.059398 -0.098503 0.126891 -0.052147 0.187398 0.071431 -0.167186 -0.057926 -0.383729 -0.365852 -0.308111 -0.205333 -0.055525 -0.041050 -0.341083 0.135346 0.166278 0.211020 0.233515 -0.240272 -0.129125 0.237925 -0.247933 -0.140022
-0.093366 -0.644379 0.423771 0.135470 -0.385246 0.192942 -0.139673 -0.110479 -0.186275 -0.060787 0.138708 -0.102861 -0.311036 -0.268218 0.115451 -0.017416 -0.326974 -0.408890 -0.187641 -0.312434 -0.068898 0.224272 0.483268 0.593366 0.767471 1.000000 0.205505 0.628683 -0.304053 -0.182420 0.281691 0.386392 -0.070919 -0.018383 0.267569 0.256327 -0.011881 -0.112511 -0.082127 -0.046633 0.035191 -0.000147 0.068329 0.162027 -0.078364 0.119951 0.029598 0.137354 0.069448 -0.089594 0.222567 -0.060925 -0.121595 -0.008857 -0.224541 -0.007082 -0.069678 -0.168504 -0.169664 -0.260023 -0.298723 -0.457283 -0.429320 -0.602754 0.134683 0.218259 0.126025 0.228611 -0.012490 0.123587 0.078769 0.194924 -0.191413 -0.070300 0.049427 0.015500 -0.066391 0.001095 -0.021810 -0.167454 -0.183426 -0.133906 -0.028196 -0.236180 0.095241 0.097924 0.306136 0.332665 0.120486 -0.039085 -0.144368 0.051240 0.047130 -0.184594 0.171133 -0.101302 0.134387 -0.013708 -0.164373 0.060984 -0.387431 -0.332760 -0.349125 -0.135948 -0.007178 -0.012057 -0.439599 0.086031 0.241328 0.239098 0.401618 -0.103394 -0.088256 0.371057 -0.197729 -0.201991
-0.010436 -0.170863 -0.002839 -0.025246 0.129513 0.347510 -0.072834 -0.160024 -0.027914 -0.216044 -0.097750 -0.311817 -0.280538 -0.278913 0.136574 -0.104610 -0.228006 -0.039471 -0.348341 0.092894 0.252050 0.379066 0.172295 0.325403 0.200163 0.205505 1.000000 0.719843 -0.298926 -0.181591 -0.251524 -0.053874 -0.154746 -0.220435 -0.021764 0.065987 -0.024967 -0.118784 0.384748 0.119338 0.247881 0.144759 -0.081911 0.020978 0.026718 0.080374 -0.057223 0.100241 0.133550 0.120890 0.053607 0.117101 -0.110359 0.029747 0.071715 -0.026001 0.029428 0.108987 0.128108 0.057037 -0.348935 -0.415281 -0.254510 -0.282425 -0.168200 0.010814 0.049549 0.183251 0.205958 0.252591 0.125165 0.189219 -0.340965 -0.175432 -0.134237 -0.233157 -0.125746 -0.080355 -0.180575 -0.187522 -0.093461 -0.032114 -0.117194 -0.173211 -0.127554 0.007936 0.443019 0.337467 0.155422 0.139043 0.179575 0.246647 -0.001778 0.116687 0.242421 -0.183361 0.007890 0.226713 -0.020182 0.043070 -0.218634 -0.023027 0.073260 -0.165121 0.119765 0.176234 -0.020035 0.216040 0.279285 -0.009544 0.155656 -0.105438 0.152794 -0.003039 -0.031861 0.085339
-0.063315 -0.475584 0.177633 0.072397 -0.193449 0.460861 -0.162683 -0.141028 -0.075946 -0.128632 0.129469 -0.257244 -0.332512 -0.225606 0.169942 -0.080905 -0.362956 -0.245489 -0.457008 -0.130345 0.084470 0.392965 0.401967 0.584583 0.595651 0.628683 0.719843 1.000000 -0.447230 -0.290562 -0.018680 0.145328 -0.230276 -0.243035 0.119190 0.246522 -0.090295 -0.139639 0.201045 0.057752 0.154775 0.026822 -0.194977 -0.074224 -0.119588 0.036873 -0.172397 0.016185 0.124238 -0.074484 0.252898 0.000895 -0.076982 -0.074676 0.009927 -0.049827 -0.135529 -0.047680 0.026370 -0.078253 -0.370046 -0.480836 -0.484281 -0.541186 0.039763 0.191575 0.222607 0.358841 0.211529 0.308604 0.039234 0.221723 -0.346039 -0.240265 -0.158406 -0.245643 -0.229489 -0.161203 -0.052216 -0.206049 -0.123117 -0.031769 -0.145045 -0.359432 0.063807 0.238491 0.326881 0.523225 0.289885 0.281320 -0.044252 0.144039 0.003832 -0.069360 0.323012 -0.102554 0.026633 0.182852 -0.201559 0.038283 -0.413051 -0.175039 -0.117133 -0.151530 0.170850 0.197952 -0.220746 0.280026 0.350569 0.302574 0.289957 -0.177840 -0.036822 0.137228 -0.015380 0.001824
-0.014023 0.194629 -0.326516 0.010436 0.023543 -0.331170 0.022845 -0.248813 -0.194729 -0.326970 -0.002585 0.258072 0.262114 0.139762 0.269854 0.459445 0.675153 0.374405 0.615145 0.170567 0.111006 0.095649 -0.251446 -0.436071 -0.248064 -0.304053 -0.298926 -0.447230 1.000000 0.771404 0.389218 0.209633 0.384841 0.188759 -0.392255 -0.427378 0.463735 0.406238 -0.100689 -0.081569 0.390846 0.393592 0.216812 0.211466 0.131011 -0.179003 0.259972 0.113859 -0.126581 0.078261 -0.464979 0.008401 0.104008 0.103816 0.001251 0.312739 -0.098866 -0.236667 -0.255822 -0.186810 0.090225 0.006077 0.307636 0.546876 -0.433847 -0.647068 -0.368825 -0.568452 -0.058868 -0.396306 0.222669 0.049222 0.780193 0.429451 0.384071 0.458167 0.191522 0.187350 0.166115 0.231580 0.356217 0.311235 0.394377 0.789346 -0.078753 -0.142141 -0.353132 -0.257048 -0.485097 -0.346396 -0.255022 -0.258164 -0.398025 -0.136804 -0.184896 0.152860 0.224348 -0.032936 0.226372 0.027155 0.206714 0.246154 -0.035371 -0.152470 -0.367426 -0.305688 -0.078062 -0.170419 0.058430 0.011519 -0.144810 0.128819 0.026877 -0.023157 0.105592 -0.179259
-0.190890 0.199063 -0.440820 -0.116985 -0.072257 -0.168694 -0.179609 -0.257419 -0.244438 -0.226421 -0.151214 0.296636 0.177533 0.326189 0.165842 0.587768 0.598208 0.631299 0.396572 -0.035161 0.097137 0.053567 -0.404685 -0.516434 -0.162806 -0.182420 -0.181591 -0.290562 0.771404 1.000000 0.364632 0.112493 0.464635 0.061879 -0.429888 -0.409738 0.554723 0.568282 -0.096194 0.039588 0.459599 0.467575 0.185302 0.198205 0.150433 -0.127260 0.320443 0.092254 0.092326 0.169090 -0.433754 0.084753 0.140940 0.193540 0.115028 0.515795 -0.051685 -0.149214 -0.235845 -0.076420 -0.027022 0.207071 0.293700 0.610032 -0.580298 -0.557215 -0.389903 -0.697720 -0.109517 -0.521024 0.372344 0.185144 0.817793 0.618541 0.411915 0.482277 0.220382 0.181287 0.259303 0.494269 0.344087 0.407231 0.003363 0.554836 -0.300042 -0.314210 -0.340454 -0.279102 -0.622503 -0.220423 -0.359582 -0.415379 -0.513585 -0.413411 -0.286405 0.295006 0.270624 -0.053074 0.262103 0.138141 0.238178 0.146496 -0.014874 -0.126719 -0.216096 -0.179491 -0.170236 -0.168802 0.061859 0.001933 -0.251110 0.173583 0.132332 0.088099 0.215160 -0.162700
-0.220398 -0.477236 0.288515 0.311082 -0.198189 -0.050904 0.143499 -0.138727 -0.391378 -0.279072 0.235882 0.044076 -0.141562 -0.087536 0.173391 0.329928 0.095510 -0.064259 0.501378 -0.421832 0.085669 -0.129954 0.327105 0.022345 0.322285 0.281691 -0.251524 -0.018680 0.389218 0.364632 1.000000 0.853687 0.149842 0.225040 -0.017029 -0.098441 0.056669 0.061714 -0.372451 -0.314763 0.114165 0.073003 0.170550 0.178743 0.032134 -0.024454 0.126473 0.054660 -0.160508 -0.083560 -0.082547 0.006309 -0.144152 0.095195 -0.200880 0.198171 -0.352046 -0.399444 -0.253240 -0.286693 -0.076967 -0.212456 -0.141157 -0.020454 0.157507 -0.232441 -0.158323 -0.262934 -0.297609 -0.440826 0.209562 0.345232 0.460100 0.261666 0.316803 0.290862 0.327309 0.395973 -0.018854 0.140408 -0.180158 -0.047771 0.442787 0.370838 0.264924 0.189799 -0.209550 0.162192 -0.192079 -0.150447 -0.492007 -0.217106 -0.285726 -0.317690 -0.247807 0.126861 0.268761 -0.188911 -0.076286 -0.092187 -0.108587 -0.228635 -0.495881 -0.311201 -0.342910 -0.300922 -0.374083 -0.076719 0.066293 0.255371 0.038494 0.016754 -0.014884 0.223122 -0.099422 -0.203646
-0.085909 -0.582404 0.411203 0.475334 -0.094378 0.044408 0.254428 0.044001 -0.349658 -0.225364 0.272356 0.072111 -0.221293 -0.142189 0.149286 0.226256 -0.060385 -0.213778 0.390370 -0.400855 0.037041 -0.050200 0.524931 0.302652 0.332837 0.386392 -0.053874 0.145328 0.209633 0.112493 0.853687 1.000000 -0.115065 0.249382 0.141974 0.016471 -0.083571 -0.090441 -0.397369 -0.320732 -0.026968 -0.000913 0.090704 0.156967 -0.087308 0.032037 -0.024144 0.027827 -0.278594 -0.143579 -0.008954 -0.029537 -0.193209 0.086698 -0.301329 -0.033599 -0.327751 -0.404069 -0.293162 -0.363013 -0.164241 -0.355238 -0.225326 -0.252503 0.296374 -0.086946 -0.157509 -0.029163 -0.277189 -0.311624 0.160923 0.373749 0.220019 0.110952 0.181416 0.250145 0.326315 0.366338 -0.070477 -0.004037 -0.297559 -0.187996 0.516564 0.350281 0.355747 0.342141 -0.002486 0.287685 -0.002285 -0.091383 -0.440689 -0.129500 -0.127092 -0.226175 -0.169475 0.019254 0.080250 -0.204694 -0.269545 -0.234032 -0.244372 -0.294668 -0.588962 -0.419982 -0.409889 -0.328911 -0.470888 -0.051462 0.029959 0.256642 0.100385 -0.089463 -0.191736 0.153765 -0.203219 -0.192696
-0.052417 0.375253 -0.328342 -0.353580 -0.281946 -0.379793 -0.271613 -0.428982 -0.344128 -0.363123 -0.298177 0.013668 -0.077045 -0.014517 -0.193221 0.101582 0.323593 0.293512 0.368762 0.292976 0.215437 -0.115722 -0.417733 -0.472367 -0.052961 -0.070919 -0.154746 -0.230276 0.384841 0.464635 0.149842 -0.115065 1.000000 0.490199 -0.072586 -0.169814 0.451287 0.339352 0.190339 0.122513 0.345626 0.257979 0.105566 0.021451 0.096379 -0.052679 0.204346 -0.064299 -0.109929 -0.067110 -0.320330 -0.171312 0.040119 -0.045867 0.040293 0.182156 0.199801 0.213618 -0.214801 -0.181495 -0.005655 0.126419 0.263877 0.441287 -0.377860 -0.252965 -0.027226 -0.324565 0.242473 -0.182759 0.135006 -0.059908 0.448462 0.281417 0.307483 0.251827 0.306670 0.320426 0.087041 0.406368 0.291147 0.329706 -0.199968 0.183519 -0.377528 -0.201971 -0.173010 -0.025206 -0.589383 -0.280120 -0.150157 -0.295483 -0.335249 -0.320641 -0.066423 0.094386 0.322110 0.120786 0.161437 0.335251 0.303389 0.183008 0.241162 0.180666 0.011000 -0.065792 0.031155 -0.050717 0.083849 0.117665 0.131961 0.235288 0.156618 0.311251 0.138486 0.254136
0.136947 0.162623 -0.029764 -0.138781 -0.158475 -0.429496 -0.015619 -0.226124 -0.285998 -0.413263 -0.157842 -0.029280 -0.093573 -0.023634 -0.320337 -0.081600 0.061253 -0.076910 0.380666 0.226216 0.032782 -0.244840 -0.128152 -0.333513 -0.030834 -0.018383 -0.220435 -0.243035 0.188759 0.061879 0.225040 0.249382 0.490199 1.000000 0.389813 0.288617 0.167003 -0.007063 -0.152036 -0.109896 -0.090006 -0.111790 -0.029087 -0.062356 -0.005234 0.167774 -0.096189 -0.061720 -0.469291 -0.321374 -0.177090 -0.310110 0.007090 -0.034320 -0.133822 -0.339431 0.283987 0.114484 -0.156194 -0.367414 0.216216 0.081836 0.233756 0.127129 0.057086 0.034556 -0.005746 0.073589 0.190221 -0.212909 -0.151810 -0.035046 0.164724 -0.032481 -0.052198 0.226371 0.427176 0.600176 0.115176 0.118718 0.111995 0.094587 0.007464 0.244728 0.112653 0.158778 -0.133738 0.001373 -0.324813 -0.359686 -0.277374 -0.176879 -0.126842 -0.096627 -0.178168 -0.024238 0.083440 -0.107351 -0.092934 0.252485 0.199591 0.057102 0.001139 0.064255 -0.184827 -0.218261 -0.070140 -0.171995 -0.010211 0.084263 0.348007 0.206136 -0.026508 0.218057 -0.111003 0.282977
0.236073 -0.132393 0.363166 0.064214 -0.049207 0.111555 0.136828 0.196583 0.080302 0.097162 0.063658 -0.153717 -0.222353 -0.040202 -0.282712 -0.334863 -0.560157 -0.505512 -0.155118 0.009750 -0.070805 -0.093912 0.222588 0.179115 0.272848 0.267569 -0.021764 0.119190 -0.392255 -0.429888 -0.017029 0.141974 -0.072586 0.389813 1.000000 0.763090 -0.354942 -0.529811 -0.186480 -0.259792 -0.365462 -0.334823 -0.198831 -0.230788 0.058781 0.431308 -0.330370 -0.180716 -0.217212 -0.224319 0.150021 -0.212580 -0.093833 -0.079201 -0.280030 -0.514320 0.108261 -0.042198 0.149121 -0.170554 0.139649 0.028534 -0.200852 -0.467619 0.488661 0.521334 0.434858 0.643634 0.107359 0.224492 -0.076949 0.034520 -0.426064 -0.498096 -0.410310 -0.127793 -0.010213 0.202999 -0.241068 -0.354856 -0.292992 -0.414088 -0.009270 -0.194785 0.195193 0.219135 0.253384 0.212545 0.203900 -0.091803 -0.060700 -0.106407 0.305832 0.085622 0.023292 0.005731 -0.240009 -0.195783 -0.420920 -0.099407 -0.152446 -0.187961 -0.086846 0.022020 -0.017377 -0.048049 -0.025960 0.090961 0.059737 0.171456 0.294652 -0.282133 -0.187724 0.076273 -0.163464 0.044166
0.216442 -0.192876 0.278421 0.017587 -0.048284 0.202317 0.091200 0.183622 0.155842 0.152673 -0.005020 -0.147197 -0.283329 0.040878 -0.274656 -0.276334 -0.577963 -0.401090 -0.317976 -0.095985 -0.103204 0.020585 0.150090 0.164431 0.195654 0.256327 0.065987 0.246522 -0.427378 -0.409738 -0.098441 0.016471 -0.169814 0.288617 0.763090 1.000000 -0.299750 -0.451152 -0.104052 -0.142154 -0.256717 -0.343924 -0.233455 -0.190861 0.148670 0.564778 -0.327803 -0.132197 -0.106465 -0.138910 0.183632 -0.178445 -0.083171 -0.117650 -0.180785 -0.495919 0.108896 -0.039297 0.295703 -0.034913 0.218285 0.062040 -0.169763 -0.427859 0.435187 0.554046 0.418520 0.695618 0.038124 0.109147 -0.211195 -0.210914 -0.430829 -0.507355 -0.439891 -0.330741 -0.113282 0.107819 -0.027515 -0.241715 -0.191845 -0.310309 -0.049887 -0.318952 0.117466 0.174141 0.271675 0.321353 0.252627 -0.068019 -0.072713 -0.040266 0.228571 0.058831 -0.066430 -0.019554 -0.239991 -0.308850 -0.365880 0.018060 -0.164390 -0.105733 -0.086435 -0.053323 -0.025175 -0.069229 0.056249 -0.012519 0.050784 0.156706 0.341008 -0.277748 -0.231077 0.019281 -0.134288 -0.105439
