1.000000 0.445700 0.160948 -0.039752 0.086542 -0.013635 0.238800 -0.016480 -0.150772 -0.174081 0.116377 -0.029055 0.278073 0.165323 -0.279153 0.010618 -0.100421 -0.052984 0.051770 0.267586 -0.109566 0.116941 -0.120794 -0.057773 -0.100095 -0.342597 -0.077010 -0.015972 -0.152119 0.077149 -0.175944 -0.125531 0.175389 0.060958 -0.141438 -0.175559 -0.104746 0.039572 -0.048521 0.133706 0.092047 0.046471 -0.532992 -0.550716 -0.362418 -0.553892 -0.454767 -0.325033 -0.210089 -0.343471 -0.240591 -0.212686 0.067677 -0.081488 0.138916 -0.063683 0.688927 0.318602 0.216092 0.183684 0.562707 0.014243 0.006628 0.259909 -0.261732 -0.082017 0.026755 -0.063502 0.076897 -0.195271 0.004203 0.096897 0.032364 0.235061 0.078889 -0.095137 -0.029591 0.010904 -0.139509 -0.032672 -0.023426 -0.174436 -0.114092 0.036620 -0.506363 -0.324239 -0.172541 -0.205557 0.019956 0.312991 0.020345 0.160720 0.192210 0.189560 -0.009292 0.072779 0.324440 0.472598 0.123310 0.359290 0.155674 0.242471 0.235674 0.295941 0.311566 0.085627 0.152019 0.145144 -0.057771 0.401226 0.277483 -0.002653 0.370643 0.135127 -0.148326 0.087052
0.445700 1.000000 -0.548749 0.056357 -0.459017 -0.466199 -0.086907 0.118882 -0.314448 -0.181730 0.215767 0.533441 0.403692 0.747880 0.121659 0.529849 0.045295 0.421040 0.297378 0.144446 -0.088373 -0.037193 -0.233735 -0.512375 -0.678619 -0.250537 -0.598761 -0.303073 0.339479 0.641583 0.351591 0.349269 0.542726 0.585733 -0.420501 -0.380418 0.032663 0.237147 -0.511951 -0.364010 0.289007 0.194308 -0.468022 -0.376253 -0.377824 -0.511210 -0.418366 -0.420620 -0.288195 -0.372266 -0.362272 0.029349 0.006442 0.221310 -0.141085 -0.083796 0.570679 0.653566 -0.106710 0.059601 0.482954 0.659530 0.260032 0.723818 -0.195067 0.385472 -0.531969 -0.410931 0.581204 0.096478 -0.286519 0.258549 0.507278 0.422250 0.496192 0.261614 0.333262 -0.206637 -0.096993 0.280682 0.084947 0.210735 0.281544 0.631265 -0.039750 0.227098 -0.154392 0.121158 -0.008483 0.134514 -0.312845 -0.432591 -0.388483 -0.280721 -0.370828 -0.060303 -0.067428 -0.046808 0.156449 0.309991 -0.138524 -0.026806 0.019848 -0.106500 -0.128678 -0.542874 0.282201 -0.005489 0.025929 0.105653 -0.266151 -0.049186 0.300265 -0.100252 -0.408221 0.160826
0.160948 -0.548749 1.000000 -0.035002 0.564729 0.323052 0.429247 -0.202771 0.262982 -0.135785 -0.285682 -0.744599 -0.301644 -0.707743 -0.206922 -0.642979 -0.138052 -0.371372 0.128570 0.274568 0.207245 0.218558 0.506129 0.539875 0.724954 -0.014207 0.639051 0.577593 -0.433383 -0.586726 -0.337990 -0.394250 -0.317282 -0.349015 0.345141 0.063117 -0.264064 -0.283880 0.509190 0.421755 -0.414838 -0.201203 -0.210307 -0.235695 -0.256487 -0.096337 -0.191701 -0.110593 -0.105410 -0.228366 0.250525 -0.201983 0.107287 -0.582180 0.061053 -0.223540 -0.127446 -0.282743 0.394194 0.319027 -0.192011 -0.642030 -0.451587 -0.539157 0.117688 -0.489207 0.755966 0.571280 -0.055412 0.097007 0.366865 -0.166604 -0.456135 -0.306503 -0.442955 -0.324621 -0.433868 0.149307 0.024447 -0.208550 -0.304893 -0.344601 -0.142600 -0.579811 -0.288804 -0.480417 0.225041 0.023748 0.304070 0.124412 0.391229 0.508817 0.300456 0.221812 0.332939 -0.033278 0.330994 0.130696 -0.391797 -0.264788 -0.030256 -0.026518 -0.210605 0.148469 0.222942 0.483100 0.031556 0.051913 -0.526895 -0.020906 0.514893 -0.226971 -0.255574 0.094360 0.077010 -0.370591
-0.039752 0.056357 -0.035002 1.000000 0.201814 0.319121 0.603937 0.805534 0.548045 0.600764 -0.323054 0.066918 0.044993 0.067685 0.082721 0.440119 0.024796 -0.153922 0.202334 -0.122441 -0.229010 -0.198058 0.178593 0.480038 -0.043284 0.433457 -0.025304 -0.171483 -0.064734 0.092322 0.111973 0.279584 -0.098671 0.052849 0.066441 0.122513 -0.133149 0.058533 -0.141542 -0.056642 -0.140950 0.025061 -0.143079 -0.060464 -0.222095 -0.141837 -0.100614 -0.265120 -0.352687 -0.150619 -0.393494 0.034002 -0.014045 0.073329 -0.145253 -0.096709 0.111204 -0.339106 -0.090798 -0.241596 0.009406 0.391301 -0.247393 0.017597 0.192981 0.459805 -0.334698 -0.213823 0.072054 0.000515 -0.044542 -0.166238 -0.062663 -0.094983 0.037082 0.376662 -0.062111 -0.205681 -0.138925 -0.241755 -0.189744 -0.188426 -0.013669 0.173177 0.022991 0.171975 -0.296347 0.074353 0.224942 0.180614 0.201455 0.163633 0.340727 0.153879 -0.179220 -0.036090 -0.364993 -0.105180 -0.128929 0.207675 0.154314 -0.211403 -0.018346 -0.234673 -0.273523 -0.138108 -0.107637 -0.436728 -0.110034 -0.038168 -0.299644 0.020952 0.179310 0.026090 -0.191147 -0.007323
0.086542 -0.459017 0.564729 0.201814 1.000000 0.741225 0.563879 0.024004 0.580070 0.464324 -0.243617 -0.611473 -0.091872 -0.550348 -0.198516 -0.134731 0.107448 -0.382249 -0.131240 0.208582 -0.144480 0.157992 0.195069 0.593132 0.533672 0.427009 0.744867 0.385745 -0.386343 -0.449259 -0.453591 -0.401512 -0.495131 -0.352639 0.409814 0.354312 -0.116537 -0.248496 0.460087 0.410497 -0.115166 -0.054438 -0.172074 -0.298051 -0.179103 -0.162992 -0.120712 -0.199719 -0.168461 -0.128493 -0.038524 -0.307461 0.467829 -0.226401 0.107825 -0.249262 0.073311 -0.170878 0.212645 0.037690 -0.000555 -0.294711 -0.102582 -0.376910 0.071836 -0.439214 0.280964 0.362859 -0.062033 0.072058 0.506999 -0.116426 -0.360858 -0.064819 -0.206332 0.032735 -0.049138 0.338349 -0.060061 -0.342614 0.147557 -0.108418 -0.302801 -0.429287 -0.194353 -0.301024 0.305370 0.153420 0.116359 0.011511 0.537411 0.484063 0.454583 0.499061 0.257180 -0.339117 -0.173564 -0.115419 -0.419585 -0.201180 -0.017338 0.145953 -0.289292 0.065009 0.084080 0.307677 -0.095576 0.130810 -0.456521 -0.233194 0.080656 -0.351395 -0.120544 -0.096309 0.108122 -0.160088
-0.013635 -0.466199 0.323052 0.319121 0.741225 1.000000 0.530500 0.268447 0.623927 0.646844 -0.416227 -0.552689 -0.213172 -0.561542 -0.281483 -0.125566 0.286220 -0.302586 -0.192975 -0.020605 -0.140207 0.117621 0.021989 0.552805 0.386475 0.532039 0.757517 0.211354 -0.348252 -0.359309 -0.449995 -0.238034 -0.394122 -0.415535 0.357358 0.172386 -0.052426 0.025736 0.576594 0.499665 -0.167169 0.125245 0.075496 -0.019764 -0.049599 -0.068385 0.139476 0.021534 -0.189411 -0.018356 -0.012323 -0.231794 0.411218 -0.097489 0.239344 0.105585 0.099103 -0.247289 -0.020920 -0.110250 -0.124739 -0.140046 0.057042 -0.271356 0.063600 -0.338572 0.178081 -0.008559 -0.283219 -0.108176 0.302710 -0.289777 -0.320702 -0.120337 -0.245130 -0.029956 -0.073936 0.229065 0.185820 -0.190722 0.307139 0.060859 -0.506720 -0.398480 -0.221651 -0.107078 0.126776 -0.037907 -0.062186 0.147154 0.482611 0.345762 0.521133 0.305520 0.314929 0.114386 -0.130958 0.048172 -0.294452 0.082061 0.002733 0.067737 -0.186189 -0.142533 0.118293 0.326634 -0.494874 0.010325 -0.089415 -0.101805 -0.050082 0.081231 -0.009291 -0.013944 0.392986 0.210597
0.238800 -0.086907 0.429247 0.603937 0.563879 0.530500 1.000000 0.405039 0.701825 0.446627 -0.401823 -0.408354 0.060424 -0.203736 -0.007405 0.140612 0.053312 -0.197015 0.233933 0.042640 -0.091751 0.020447 0.378728 0.614689 0.150541 0.305458 0.400881 0.175951 -0.190390 -0.106435 -0.093349 0.004314 -0.132226 -0.016264 0.021823 0.013080 -0.157820 0.113455 0.322777 0.261040 -0.225502 0.096585 -0.352519 -0.316889 -0.600012 -0.523495 -0.266090 -0.352820 -0.436640 -0.499386 -0.192327 -0.265252 0.304085 -0.093104 0.067177 -0.161439 0.258978 -0.171081 0.141999 -0.137550 0.067984 0.065059 -0.216675 -0.035725 0.173389 -0.064559 0.059877 -0.049014 0.165801 0.031118 0.331454 -0.192427 -0.110082 -0.004193 -0.021066 0.155068 -0.169839 -0.134674 -0.010566 -0.170126 -0.101851 -0.148165 -0.093265 -0.037246 -0.191407 -0.121859 -0.010070 0.260514 0.254693 0.254817 0.341943 0.338137 0.397147 0.308867 0.008010 -0.024974 -0.019116 -0.055787 -0.303216 0.138778 -0.061862 -0.081796 -0.084677 -0.142149 -0.046296 0.028878 -0.208427 -0.246570 -0.330053 -0.041060 -0.148264 -0.013183 0.062386 0.122920 -0.046448 -0.093898
-0.016480 0.118882 -0.202771 0.805534 0.024004 0.268447 0.405039 1.000000 0.266586 0.585597 -0.144399 0.229815 0.100196 0.206954 -0.159812 0.333083 0.223797 -0.021959 0.154494 -0.054021 -0.419021 -0.447972 -0.243375 0.095798 -0.272234 0.216050 -0.210584 -0.474153 -0.097571 0.172998 -0.086652 0.141324 -0.119680 -0.062680 -0.035568 0.123789 -0.011575 0.296677 -0.117401 -0.103465 -0.081118 0.132440 0.028089 0.096632 0.023772 0.003595 0.102779 0.092937 -0.022518 0.115643 -0.366533 0.212518 0.024508 0.072070 -0.069774 0.085461 0.287283 -0.290630 -0.138870 -0.119560 0.012656 0.550598 -0.030484 0.204383 -0.154544 0.556355 -0.390969 -0.243433 -0.197424 -0.070562 -0.321556 -0.204003 -0.008187 -0.061992 -0.002306 0.310087 -0.145122 -0.104701 -0.051678 -0.260769 0.017891 -0.067155 -0.296788 0.167453 -0.238445 0.077184 -0.495342 -0.170148 -0.088638 0.185262 0.122983 0.114462 0.290535 -0.086372 -0.060918 0.217432 -0.220222 0.010942 0.142522 0.407460 0.142502 -0.316292 -0.019778 -0.363054 -0.299245 -0.135632 -0.261974 -0.253372 0.128502 -0.028539 -0.240870 0.362929 0.349422 -0.028251 -0.100867 0.299027
-0.150772 -0.314448 0.262982 0.548045 0.580070 0.623927 0.701825 0.266586 1.000000 0.506784 -0.233159 -0.284542 0.123935 -0.205605 0.275143 0.150514 0.234247 -0.023613 0.119850 -0.338838 -0.120250 0.043272 0.493007 0.628386 0.326526 0.509741 0.476140 0.295431 0.179565 0.021422 0.214003 0.240440 0.037296 0.120566 0.255897 0.041990 -0.024638 -0.016584 0.213078 0.111271 0.029164 0.181543 0.012531 0.034328 -0.374120 -0.238908 0.055701 -0.300781 -0.515318 -0.326179 0.053583 -0.150173 0.280563 0.113997 0.049274 -0.034839 0.013654 -0.263876 -0.234652 -0.458547 -0.330991 -0.108113 -0.116508 -0.161164 0.347134 -0.219584 -0.021749 -0.230795 0.010552 -0.163401 0.451155 -0.191194 0.049429 0.011973 0.148512 0.253412 0.120098 -0.168220 0.086985 0.075008 0.137002 0.168627 0.058739 -0.016299 0.216734 0.241815 0.255628 0.295781 0.074441 0.091197 0.153669 -0.014057 0.143508 0.150602 -0.076899 -0.072820 -0.197446 -0.165197 -0.514744 -0.100230 -0.313541 -0.243987 -0.324393 -0.376844 -0.239316 -0.126827 -0.342425 -0.555117 -0.060109 -0.195532 -0.279303 -0.135728 -0.131786 0.152491 0.180582 -0.059108
-0.174081 -0.181730 -0.135785 0.600764 0.464324 0.646844 0.446627 0.585597 0.506784 1.000000 -0.461272 -0.226464 -0.217418 -0.176983 -0.213082 0.422454 0.029127 -0.373407 -0.000097 -0.026361 -0.179828 0.016800 -0.211262 0.403484 -0.100016 0.630709 0.249135 -0.257174 -0.315506 -0.107603 -0.307040 0.040672 -0.270887 -0.140787 0.074628 0.494127 0.062721 0.148895 0.300658 0.373538 0.044517 0.105309 0.182042 0.120514 0.092030 0.067043 0.283938 0.137837 -0.120668 0.140681 -0.251157 -0.104331 0.154885 0.220885 0.262094 0.164332 0.027645 -0.434602 -0.107647 -0.236652 -0.068569 0.333410 -0.107550 -0.171737 0.023842 0.248741 -0.288778 -0.162966 -0.087132 0.042044 0.152251 -0.148982 -0.213449 -0.106518 -0.082887 0.276410 -0.020337 0.165447 -0.030121 -0.398912 0.009614 -0.161864 -0.377985 -0.133788 -0.082528 0.022806 -0.213302 -0.015782 -0.013135 0.041429 0.220543 0.261698 0.470935 0.248161 0.169310 0.128336 -0.388749 -0.080424 0.073085 0.266084 0.045506 -0.041932 -0.073157 -0.198445 -0.168446 0.093370 -0.320118 0.014610 0.094559 -0.101859 -0.211891 0.165437 0.345528 -0.157326 0.083280 0.317662
0.116377 0.215767 -0.285682 -0.323054 -0.243617 -0.416227 -0.401823 -0.144399 -0.233159 -0.461272 1.000000 0.510601 0.779971 0.595056 0.292505 -0.062024 0.335603 0.609339 -0.398176 -0.226679 -0.458541 -0.367444 -0.001641 -0.507560 -0.087510 -0.485704 -0.327712 -0.052150 0.556725 0.443751 0.222673 -0.167389 0.177395 0.094711 -0.138233 -0.253217 0.192353 0.099919 -0.421121 -0.454357 0.530496 0.167399 0.135990 0.160299 0.069617 -0.016286 0.116220 -0.024679 0.308099 0.164188 0.209942 0.388523 0.186330 0.255772 0.064129 0.196084 0.117171 0.267140 -0.170994 -0.035701 0.042399 -0.027266 0.398790 0.383635 -0.418827 -0.211385 -0.291790 -0.270015 -0.148673 -0.468896 -0.083447 0.105156 0.500476 0.569373 0.452803 0.229616 0.462514 -0.058248 -0.034393 0.337825 0.209099 0.345193 0.247550 0.163324 0.078575 -0.022211 0.036573 -0.273004 -0.456109 0.074152 -0.308419 -0.453736 -0.473673 -0.073488 -0.407365 -0.234849 0.060779 -0.092776 0.288602 -0.086565 -0.183375 -0.047587 0.104206 -0.016929 -0.036545 -0.280736 0.216922 -0.167016 0.213076 -0.197749 -0.216052 -0.073913 -0.008610 -0.022911 0.033679 0.016715
-0.029055 0.533441 -0.744599 0.066918 -0.611473 -0.552689 -0.408354 0.229815 -0.284542 -0.226464 0.510601 1.000000 0.499741 0.800728 0.233096 0.554986 0.162596 0.487452 0.081398 -0.310018 -0.233745 -0.320518 -0.363999 -0.567138 -0.553679 -0.198512 -0.784881 -0.533739 0.578341 0.677906 0.543581 0.454848 0.390600 0.428130 -0.256952 -0.208253 0.314443 0.266584 -0.725708 -0.658680 0.352088 0.269239 0.062606 0.151419 0.194610 0.074822 0.056412 0.023390 0.150275 0.179087 -0.151934 0.225747 -0.220000 0.355426 -0.280057 0.107867 0.134246 0.235663 -0.458960 -0.399611 0.094055 0.434546 0.377939 0.565724 -0.199974 0.442510 -0.691841 -0.433321 0.007392 -0.108177 -0.301970 0.292115 0.561145 0.418805 0.584097 0.430219 0.446937 -0.199807 0.043578 0.303171 0.276304 0.358755 0.245825 0.737433 0.267918 0.527692 -0.272565 0.040498 -0.344004 -0.206152 -0.512034 -0.555242 -0.496006 -0.368553 -0.476837 -0.068415 -0.133792 -0.059793 0.242223 0.083209 0.006777 -0.137304 0.058691 -0.238381 -0.345732 -0.616867 0.082803 -0.201048 0.451567 0.020503 -0.367097 0.062598 0.192312 -0.030723 -0.272515 0.192826
0.278073 0.403692 -0.301644 0.044993 -0.091872 -0.213172 0.060424 0.100196 0.123935 -0.217418 0.779971 0.499741 1.000000 0.726148 0.238428 0.227486 0.502197 0.715620 -0.147485 -0.252777 -0.445276 -0.397940 0.046498 -0.378221 -0.257238 -0.367908 -0.340299 -0.150356 0.662309 0.681056 0.385699 0.072719 0.328116 0.301935 -0.293141 -0.298500 0.288587 0.291710 -0.495717 -0.506482 0.549083 0.403955 -0.044343 0.017764 -0.282407 -0.383223 -0.001114 -0.189905 0.013647 -0.144147 -0.008240 0.309226 0.342204 0.397674 0.050716 0.175278 0.407496 0.299231 -0.226299 -0.242608 0.074783 0.170862 0.408680 0.521498 -0.467825 -0.159332 -0.489273 -0.529801 0.068874 -0.477699 0.080757 0.150271 0.697684 0.742338 0.660387 0.452118 0.545082 -0.207576 0.091148 0.434280 0.304353 0.475831 0.268913 0.389201 -0.047349 0.060453 -0.079785 -0.135923 -0.461457 0.127514 -0.306361 -0.401574 -0.397759 -0.026242 -0.440869 -0.160727 0.129775 -0.020695 0.195943 0.084315 -0.243533 -0.113183 0.072051 -0.204748 -0.210077 -0.479113 -0.003553 -0.362684 0.256944 -0.050815 -0.311368 -0.027798 0.110163 0.081434 -0.127812 0.133259
0.165323 0.747880 -0.707743 0.067685 -0.550348 -0.561542 -0.203736 0.206954 -0.205605 -0.176983 0.595056 0.800728 0.726148 1.000000 0.293227 0.563024 0.233911 0.633822 0.045098 -0.157281 -0.282255 -0.266175 -0.230555 -0.563639 -0.658666 -0.266541 -0.770422 -0.439657 0.634943 0.821997 0.548561 0.424843 0.501900 0.537003 -0.520463 -0.326075 0.238700 0.360934 -0.652687 -0.616330 0.507337 0.355769 -0.099115 0.011246 -0.206618 -0.274592 -0.081235 -0.129062 -0.046606 -0.118461 -0.246814 0.260579 -0.061044 0.478715 -0.092245 0.138287 0.315721 0.361527 -0.328899 -0.254561 0.216773 0.585010 0.345399 0.701427 -0.372277 0.331168 -0.752370 -0.579007 0.253513 -0.200994 -0.187871 0.355719 0.735179 0.645432 0.738831 0.512179 0.523365 -0.191293 0.009945 0.354014 0.129744 0.368978 0.312974 0.673481 0.092329 0.333135 -0.258203 -0.031885 -0.346312 -0.032722 -0.470786 -0.606934 -0.519139 -0.295780 -0.614701 -0.068752 -0.035415 -0.140889 0.297862 0.174697 -0.176697 -0.101745 0.089201 -0.185672 -0.271535 -0.625640 0.186251 -0.209522 0.326928 0.042873 -0.429953 0.025348 0.294913 -0.033543 -0.263673 0.291778
-0.279153 0.121659 -0.206922 0.082721 -0.198516 -0.281483 -0.007405 -0.159812 0.275143 -0.213082 0.292505 0.233096 0.238428 0.293227 1.000000 0.244689 -0.155886 0.239671 -0.124557 -0.442626 0.128203 0.106642 0.629114 0.175637 0.127632 0.083212 -0.039766 0.374894 0.458724 0.208937 0.603530 0.394985 0.231053 0.276725 -0.035617 -0.371210 -0.285187 -0.337920 -0.295398 -0.434269 -0.002272 -0.203078 -0.072257 0.027836 -0.288045 -0.052202 -0.207532 -0.436842 -0.340320 -0.220220 -0.025818 0.091682 -0.120520 0.157824 -0.296605 -0.243864 -0.257107 0.066004 -0.249696 -0.177829 -0.068682 0.181254 -0.154626 0.071458 0.479876 0.031901 -0.274265 -0.268418 0.185346 0.027618 0.099228 0.129257 0.192452 0.135342 0.275713 0.138453 0.264115 -0.361019 -0.339218 0.261961 -0.147254 0.063532 0.710774 0.296929 0.720841 0.349758 0.514594 0.349250 0.311245 -0.064510 0.027536 -0.365037 -0.218906 0.066751 -0.539713 -0.493995 -0.294309 -0.534737 -0.251873 -0.284841 -0.155762 -0.129014 -0.091015 -0.118160 -0.163159 -0.357845 0.263034 -0.515621 -0.154295 -0.127549 -0.450293 -0.295943 -0.293576 0.053933 -0.015492 -0.358887
0.010618 0.529849 -0.642979 0.440119 -0.134731 -0.125566 0.140612 0.333083 0.150514 0.422454 -0.062024 0.554986 0.227486 0.563024 0.244689 1.000000 -0.090283 0.086606 0.162682 -0.243243 0.026147 0.056678 -0.188039 -0.016746 -0.527755 0.350735 -0.419635 -0.370788 0.250345 0.503366 0.396236 0.562483 0.222553 0.433662 -0.395537 -0.008050 0.225339 0.253030 -0.433423 -0.328215 0.256987 0.213718 -0.159355 -0.113603 -0.159301 -0.217131 -0.110646 -0.242187 -0.265429 -0.151069 -0.451022 -0.183012 -0.078861 0.383799 -0.118648 -0.074433 0.137615 0.075679 -0.365273 -0.466682 0.291497 0.678089 0.152901 0.402149 0.014407 0.515342 -0.808356 -0.490029 0.344070 0.104030 0.077089 0.391765 0.345373 0.365614 0.514310 0.658166 0.426257 -0.084650 -0.068470 0.022215 0.063781 0.093927 0.237962 0.687260 0.292775 0.499050 -0.220819 0.315866 0.058575 -0.157676 -0.242743 -0.264773 -0.094524 0.033564 -0.319015 -0.162037 -0.348949 -0.254781 0.134604 0.214740 0.026343 0.023850 0.019280 -0.205014 -0.339797 -0.527456 0.032133 -0.099894 0.193558 0.043541 -0.509036 -0.049957 0.402954 -0.109619 -0.398382 0.148317
-0.100421 0.045295 -0.138052 0.024796 0.107448 0.286220 0.053312 0.223797 0.234247 0.029127 0.335603 0.162596 0.502197 0.233911 -0.155886 -0.090283 1.000000 0.742323 -0.059790 -0.238567 -0.426957 -0.369030 -0.112636 -0.289966 -0.098479 -0.043603 0.020307 -0.139284 0.552164 0.520051 0.112068 -0.014269 0.194063 0.163052 0.040206 -0.272923 0.448355 0.522842 -0.060639 -0.159289 0.444136 0.652333 0.235981 0.242501 -0.040902 -0.177399 0.318947 0.062462 0.049325 -0.026595 0.246666 0.206850 0.543689 0.251859 0.198707 0.348939 0.369540 0.257120 -0.400764 -0.267122 -0.304314 -0.020166 0.639158 0.399250 -0.450788 -0.350786 -0.203211 -0.427601 -0.115194 -0.469130 -0.051801 -0.132646 0.604075 0.507158 0.450333 0.373741 0.408399 -0.003600 0.608119 0.547782 0.675706 0.797539 -0.226501 0.122961 -0.195259 0.197789 -0.070720 -0.209811 -0.656093 0.164131 -0.251458 -0.391764 -0.404323 -0.325539 -0.062905 0.211653 -0.006772 -0.054048 -0.062442 0.126486 -0.526232 -0.348577 -0.297669 -0.536259 -0.234053 -0.332596 -0.317249 -0.303651 0.166067 -0.313366 -0.342352 0.223287 -0.034760 -0.209859 0.073024 0.169868
-0.052984 0.421040 -0.371372 -0.153922 -0.382249 -0.302586 -0.197015 -0.021959 -0.023613 -0.373407 0.609339 0.487452 0.715620 0.633822 0.239671 0.086606 0.742323 1.000000 0.039819 -0.362353 -0.232895 -0.302824 0.066390 -0.538286 -0.332787 -0.314127 -0.385750 -0.112613 0.879929 0.829417 0.554970 0.273073 0.553337 0.523141 -0.261492 -0.555261 0.452700 0.510048 -0.378800 -0.464372 0.592646 0.623360 0.087360 0.177555 -0.205751 -0.311016 0.150499 -0.132327 -0.031419 -0.207584 0.231690 0.251484 0.301830 0.332642 0.112267 0.319024 0.275041 0.459589 -0.486393 -0.286401 -0.180890 0.114768 0.591340 0.646151 -0.365433 -0.201446 -0.389571 -0.624386 0.176554 -0.444040 -0.148539 0.079853 0.895654 0.674272 0.705339 0.434033 0.578742 -0.238794 0.471613 0.787697 0.456171 0.804902 0.279547 0.464065 0.114326 0.362817 -0.021748 -0.051477 -0.517225 0.136134 -0.555965 -0.719893 -0.764292 -0.488575 -0.382309 0.099219 0.090419 -0.140812 0.091895 0.037581 -0.622919 -0.381028 -0.174336 -0.472806 -0.265394 -0.583916 -0.044323 -0.427235 0.252600 -0.217882 -0.392626 0.117553 -0.085301 -0.118697 -0.098796 0.065381
0.051770 0.297378 0.128570 0.202334 -0.131240 -0.192975 0.233933 0.154494 0.119850 -0.000097 -0.398176 0.081398 -0.147485 0.045098 -0.124557 0.162682 -0.059790 0.039819 1.000000 0.156321 0.229920 0.041281 -0.000451 -0.137132 -0.255771 -0.086426 -0.274216 -0.246971 0.102831 0.274906 0.337647 0.465261 0.501584 0.592156 0.107435 0.112606 0.139929 0.163921 -0.035438 0.083460 -0.053389 0.257695 -0.216832 -0.114868 -0.169842 -0.163729 -0.067913 -0.057086 -0.257361 -0.245941 0.023485 -0.078724 -0.182596 -0.087959 -0.103913 -0.013721 0.235531 -0.022917 -0.151008 -0.123102 -0.332456 0.053790 -0.312007 0.033152 0.095763 0.239594 0.034742 0.055844 0.406022 0.471549 -0.028287 0.007804 0.164028 -0.112505 0.154555 0.022817 -0.131954 -0.220700 0.120963 0.126698 -0.078007 0.011284 0.138559 0.386171 -0.061956 0.180871 -0.062956 0.376181 0.108083 -0.056108 -0.311334 -0.122051 -0.303760 -0.579796 0.027856 0.260153 0.185209 0.215294 -0.232499 0.021785 -0.369442 -0.569288 -0.469753 -0.478314 -0.482986 -0.395190 -0.047309 -0.231020 -0.024262 0.089575 0.305150 -0.030250 0.063761 -0.047664 -0.394969 -0.040544
0.267586 0.144446 0.274568 -0.122441 0.208582 -0.020605 0.042640 -0.054021 -0.338838 -0.026361 -0.226679 -0.310018 -0.252777 -0.157281 -0.442626 -0.243243 -0.238567 -0.362353 0.156321 1.000000 -0.182694 -0.039337 -0.319078 -0.080464 -0.196823 -0.193919 -0.035084 -0.137580 -0.526091 -0.292733 -0.464832 -0.387276 -0.356331 -0.198094 -0.050203 0.312189 -0.286721 -0.272115 0.258034 0.268237 -0.198846 -0.195054 -0.433670 -0.503542 -0.100253 -0.126322 -0.332386 0.002794 0.089187 0.002105 -0.312421 -0.042675 0.116362 -0.145927 -0.038855 -0.192911 0.158837 0.196305 0.680761 0.622323 0.296280 0.074898 -0.232852 -0.122489 -0.180969 -0.067544 0.368833 0.599064 0.203462 0.466224 -0.135640 -0.039160 -0.334946 -0.269605 -0.304405 -0.370992 -0.332659 0.315381 -0.209416 -0.432087 -0.157025 -0.361496 -0.188138 -0.191934 -0.550907 -0.516271 -0.111107 -0.032266 0.137998 0.043988 0.456610 0.417634 0.260524 0.077061 0.029701 -0.097144 0.036865 0.097622 -0.044944 -0.153224 0.161431 0.280491 -0.081547 0.359096 0.100059 0.241815 0.438280 0.632022 -0.437280 0.205384 0.376345 -0.233195 -0.142149 -0.360128 -0.279024 -0.002088
-0.109566 -0.088373 0.207245 -0.229010 -0.144480 -0.140207 -0.091751 -0.419021 -0.120250 -0.179828 -0.458541 -0.233745 -0.445276 -0.282255 0.128203 0.026147 -0.426957 -0.232895 0.229920 -0.182694 1.000000 0.657396 0.266139 0.200140 0.306247 0.159264 0.186546 0.395263 -0.182527 -0.237426 0.178592 0.322270 0.153723 0.043611 -0.119853 -0.169503 -0.031732 -0.150161 0.055621 0.021561 -0.396775 -0.198453 -0.056902 -0.033925 -0.108957 0.092787 -0.177755 0.020636 -0.216718 -0.204638 -0.009382 -0.290411 -0.446019 -0.359176 -0.161395 -0.247860 -0.338766 -0.136395 -0.087751 0.008852 -0.097140 -0.133205 -0.359828 -0.371838 0.196059 0.036601 0.095330 0.087955 0.268031 0.329793 0.383045 0.493818 -0.187869 -0.100313 -0.140927 -0.073948 -0.067134 0.104844 0.081986 0.055440 -0.334427 -0.199197 0.203952 -0.056542 0.258708 0.085026 0.301649 0.270096 0.413308 -0.360664 -0.031273 0.162225 0.003060 0.028758 0.281477 0.033604 0.329956 0.001431 -0.112759 -0.056489 0.094273 0.079029 -0.087683 0.059744 0.107294 0.139688 -0.073704 0.073728 -0.104118 0.268884 0.339789 -0.068720 0.049543 0.222349 -0.044256 -0.103432
0.116941 -0.037193 0.218558 -0.198058 0.157992 0.117621 0.020447 -0.447972 0.043272 0.016800 -0.367444 -0.320518 -0.397940 -0.266175 0.106642 0.056678 -0.369030 -0.302824 0.041281 -0.039337 0.657396 1.000000 0.241714 0.383212 0.346208 0.451424 0.332673 0.555865 -0.206176 -0.214715 0.014670 0.220439 0.084488 0.107710 -0.000880 -0.121417 -0.034978 -0.127164 0.287438 0.337538 -0.080528 -0.025620 -0.223290 -0.268020 -0.266672 -0.126879 -0.279091 -0.252020 -0.525906 -0.394785 -0.094339 -0.652414 -0.337414 -0.357438 0.068053 -0.182218 -0.202795 -0.003667 -0.232217 -0.128713 0.057781 -0.201806 -0.201517 -0.285167 0.231578 -0.241260 0.028144 0.040732 0.341727 0.138855 0.513549 0.450965 -0.100578 0.100621 0.070182 0.069249 0.188148 0.319765 0.153814 0.083592 -0.180525 -0.136477 0.060157 -0.205316 0.296067 0.124191 0.421217 0.337876 0.393462 -0.266488 0.009681 0.045897 0.026628 0.205159 0.018748 -0.130377 0.082820 -0.164051 -0.253536 -0.128264 -0.059194 0.360998 -0.166314 0.222950 0.356972 0.201626 0.185363 0.210618 -0.228649 0.164459 0.112669 -0.280067 0.060872 0.073727 0.114895 0.059278
-0.120794 -0.233735 0.506129 0.178593 0.195069 0.021989 0.378728 -0.243375 0.493007 -0.211262 -0.001641 -0.363999 0.046498 -0.230555 0.629114 -0.188039 -0.112636 0.066390 -0.000451 -0.319078 0.266139 0.241714 1.000000 0.566589 0.588555 0.120599 0.424901 0.736459 0.197277 -0.122296 0.335894 0.089896 0.078084 0.099821 0.168795 -0.321724 -0.270087 -0.284186 0.090921 -0.010623 -0.149267 -0.169695 -0.167532 -0.080649 -0.504616 -0.237341 -0.242015 -0.546289 -0.446173 -0.476461 0.241611 -0.081118 0.059408 -0.204550 -0.039479 -0.232260 -0.282755 -0.115632 0.004523 -0.042123 -0.206257 -0.341948 -0.346609 -0.240399 0.482802 -0.312619 0.244698 -0.023407 0.276070 -0.084917 0.368881 -0.086266 -0.019304 -0.014196 -0.002920 0.045068 0.018084 -0.296414 -0.104983 0.209915 -0.389122 -0.103245 0.531159 -0.146270 0.430203 0.031490 0.479365 0.276215 0.466244 0.201888 0.122912 -0.040534 -0.066468 0.218075 -0.187360 -0.320342 -0.035903 -0.319083 -0.411579 -0.302641 -0.244596 -0.166203 -0.129639 -0.035353 0.028301 -0.002539 0.171748 -0.536990 -0.463579 -0.212911 -0.126463 -0.333605 -0.356186 0.161582 0.022475 -0.607338
-0.057773 -0.512375 0.539875 0.480038 0.593132 0.552805 0.614689 0.095798 0.628386 0.403484 -0.507560 -0.567138 -0.378221 -0.563639 0.175637 -0.016746 -0.289966 -0.538286 -0.137132 -0.080464 0.200140 0.383212 0.566589 1.000000 0.596674 0.624162 0.624090 0.542544 -0.367085 -0.517825 -0.119996 0.010652 -0.393881 -0.301275 0.216303 0.051743 -0.337842 -0.311470 0.442252 0.340185 -0.375105 -0.235210 -0.239949 -0.265215 -0.360797 -0.148116 -0.268621 -0.355418 -0.462332 -0.335377 -0.118582 -0.425499 -0.019995 -0.274993 -0.003374 -0.303952 -0.366971 -0.416109 0.129689 -0.127998 0.023969 -0.222539 -0.446829 -0.438557 0.521528 -0.126790 0.249680 0.203837 -0.055448 0.007346 0.449522 -0.049965 -0.454110 -0.287681 -0.257219 0.022386 -0.200762 0.120120 -0.102910 -0.342454 -0.300716 -0.370777 -0.050178 -0.338424 0.189608 0.011565 0.217729 0.259845 0.512645 0.071851 0.503665 0.426255 0.559047 0.511964 0.036536 -0.207100 -0.214812 -0.189298 -0.462144 -0.172255 0.155668 0.192233 -0.047608 0.201267 0.234242 0.392656 -0.010621 -0.143986 -0.450285 -0.064069 -0.075118 -0.276652 -0.133122 0.127023 0.216961 -0.267533
-0.100095 -0.678619 0.724954 -0.043284 0.533672 0.386475 0.150541 -0.272234 0.326526 -0.100016 -0.087510 -0.553679 -0.257238 -0.658666 0.127632 -0.527755 -0.098479 -0.332787 -0.255771 -0.196823 0.306247 0.346208 0.588555 0.596674 1.000000 0.257616 0.773551 0.749814 -0.283347 -0.617351 -0.195505 -0.293210 -0.311431 -0.435567 0.544153 -0.024164 -0.317231 -0.455435 0.281778 0.212613 -0.417797 -0.339278 0.070743 0.037449 -0.022132 0.201193 -0.094651 -0.109061 -0.105305 -0.037345 0.285087 -0.108320 -0.036846 -0.527057 -0.110763 -0.268627 -0.340168 -0.359632 0.075058 0.097734 -0.254572 -0.629745 -0.318836 -0.615988 0.277933 -0.434001 0.490391 0.399528 -0.217323 -0.033548 0.451442 -0.042321 -0.466671 -0.199872 -0.369011 -0.195886 -0.161779 0.170947 -0.072167 -0.136243 -0.203845 -0.213544 -0.087244 -0.624417 0.125079 -0.223671 0.481701 -0.000103 0.262056 -0.097528 0.384454 0.337661 0.268063 0.369092 0.254307 -0.311327 0.055890 -0.099321 -0.463537 -0.345305 0.102746 0.040679 -0.183400 0.145289 0.281372 0.476882 -0.066518 -0.132997 -0.426745 -0.215381 0.277167 -0.352686 -0.256623 0.199800 0.346752 -0.354449
-0.342597 -0.250537 -0.014207 0.433457 0.427009 0.532039 0.305458 0.216050 0.509741 0.630709 -0.485704 -0.198512 -0.367908 -0.266541 0.083212 0.350735 -0.043603 -0.314127 -0.086426 -0.193919 0.159264 0.451424 0.120599 0.624162 0.257616 1.000000 0.376218 0.258029 -0.138038 -0.166140 0.063649 0.320061 -0.185283 0.014345 0.129424 0.073915 -0.013248 0.013181 0.257082 0.184983 -0.111817 0.098096 -0.018807 -0.056427 -0.134361 -0.014045 -0.077165 -0.205336 -0.516244 -0.245959 -0.279206 -0.519958 -0.078498 -0.144812 -0.053438 -0.157860 -0.299918 -0.225084 -0.350008 -0.463121 -0.018958 0.099619 0.031401 -0.171612 0.394662 0.053396 -0.242517 -0.098956 0.128618 0.032171 0.314946 0.145430 -0.124632 -0.051968 0.074010 0.389905 0.231232 0.297828 0.180043 -0.137411 0.072956 0.082515 -0.133790 -0.051163 0.381979 0.453327 0.146109 0.414706 0.277082 -0.210733 0.200094 0.004839 0.189599 0.219880 -0.076231 -0.235303 -0.459947 -0.427933 -0.426760 -0.207321 -0.041659 0.145248 -0.318265 -0.071280 0.040458 0.086682 -0.084392 -0.008493 -0.187954 -0.289224 -0.327510 -0.272271 -0.052271 -0.060480 0.233137 0.112498
-0.077010 -0.598761 0.639051 -0.025304 0.744867 0.757517 0.400881 -0.210584 0.476140 0.249135 -0.327712 -0.784881 -0.340299 -0.770422 -0.039766 -0.419635 0.020307 -0.385750 -0.274216 -0.035084 0.186546 0.332673 0.424901 0.624090 0.773551 0.376218 1.000000 0.666435 -0.425468 -0.644344 -0.460602 -0.446440 -0.412577 -0.498998 0.468018 0.042306 -0.303603 -0.300959 0.584527 0.492529 -0.378739 -0.237068 0.025732 -0.058419 -0.124061 -0.002705 -0.037803 -0.122629 -0.140272 -0.101871 0.245980 -0.203284 0.329366 -0.361196 0.108306 -0.153149 -0.161394 -0.197893 0.206563 0.170870 -0.131685 -0.427053 -0.150504 -0.490878 0.258851 -0.506922 0.508570 0.294317 -0.110036 0.051208 0.468842 -0.245766 -0.508711 -0.218778 -0.437174 -0.259153 -0.184112 0.192479 -0.013165 -0.188059 -0.006124 -0.136663 -0.286249 -0.655493 -0.038508 -0.298368 0.475243 0.051443 0.197759 0.063558 0.542526 0.417850 0.432112 0.451280 0.417783 -0.172490 -0.068867 -0.128631 -0.424536 -0.158300 0.002889 0.130696 -0.160653 0.075150 0.317975 0.501638 -0.274848 0.058671 -0.426098 -0.266070 0.094232 -0.196284 -0.215982 0.057350 0.417110 -0.190466
-0.015972 -0.303073 0.577593 -0.171483 0.385745 0.211354 0.175951 -0.474153 0.295431 -0.257174 -0.052150 -0.533739 -0.150356 -0.439657 0.374894 -0.370788 -0.139284 -0.112613 -0.246971 -0.137580 0.395263 0.555865 0.736459 0.542544 0.749814 0.258029 0.666435 1.000000 -0.092147 -0.421761 0.004470 -0.132887 -0.164502 -0.195032 0.195209 -0.359187 -0.302639 -0.391937 0.291177 0.067468 -0.222255 -0.293949 -0.307142 -0.320149 -0.443652 -0.197808 -0.431236 -0.522132 -0.443813 -0.478743 0.123295 -0.380665 0.068105 -0.555572 -0.103098 -0.468519 -0.295100 0.135741 0.077483 0.157221 0.051942 -0.415197 -0.164264 -0.279920 0.381541 -0.480384 0.380275 0.210896 0.200400 -0.067984 0.509565 0.151145 -0.213219 -0.049715 -0.175225 -0.091656 0.073167 0.178565 -0.029883 0.074487 -0.140194 -0.042280 0.237632 -0.384151 0.341924 -0.034582 0.716581 0.313021 0.489906 0.012167 0.324807 0.104406 0.038846 0.350511 0.046935 -0.390804 0.033768 -0.350884 -0.530337 -0.371406 -0.096582 0.258846 -0.182884 0.239774 0.410831 0.293379 0.160123 -0.045697 -0.539418 -0.182788 -0.013059 -0.421774 -0.385745 0.254011 0.299153 -0.374774
-0.152119 0.339479 -0.433383 -0.064734 -0.386343 -0.348252 -0.190390 -0.097571 0.179565 -0.315506 0.556725 0.578341 0.662309 0.634943 0.458724 0.250345 0.552164 0.879929 0.102831 -0.526091 -0.182527 -0.206176 0.197277 -0.367085 -0.283347 -0.138038 -0.425468 -0.092147 1.000000 0.839034 0.800140 0.511393 0.681204 0.703100 -0.173370 -0.448928 0.453471 0.375459 -0.438228 -0.477114 0.634181 0.582682 0.143371 0.238107 -0.193412 -0.258223 0.179997 -0.221201 -0.203169 -0.242222 0.277953 0.169258 0.153855 0.473755 0.066134 0.302919 0.106485 0.336410 -0.613563 -0.570108 -0.281144 0.028330 0.478546 0.532904 -0.060340 -0.148693 -0.438873 -0.664931 0.197028 -0.434448 -0.032111 0.098424 0.888443 0.587302 0.797496 0.466785 0.632269 -0.373737 0.394737 0.805890 0.403939 0.763524 0.480825 0.580270 0.428225 0.614622 0.072055 0.155172 -0.394350 0.056712 -0.663963 -0.835676 -0.796844 -0.480083 -0.510900 0.006044 -0.028779 -0.145018 -0.048532 -0.081235 -0.636079 -0.395884 -0.216868 -0.489821 -0.394765 -0.702236 -0.012778 -0.619209 0.338589 -0.224282 -0.447694 -0.026078 -0.125789 -0.028771 -0.077657 -0.022354
0.077149 0.641583 -0.586726 0.092322 -0.449259 -0.359309 -0.106435 0.172998 0.021422 -0.107603 0.443751 0.677906 0.681056 0.821997 0.208937 0.503366 0.520051 0.829417 0.274906 -0.292733 -0.237426 -0.214715 -0.122296 -0.517825 -0.617351 -0.166140 -0.644344 -0.421761 0.839034 1.000000 0.675571 0.572058 0.685818 0.756898 -0.407373 -0.375837 0.493272 0.579455 -0.502449 -0.429962 0.663604 0.708883 0.019010 0.125195 -0.211415 -0.348868 0.139357 -0.130029 -0.181571 -0.215020 -0.039325 0.130772 0.084984 0.515760 0.100457 0.378876 0.383707 0.326609 -0.592494 -0.487180 -0.101461 0.367012 0.462331 0.678232 -0.350621 0.062303 -0.669425 -0.752340 0.289689 -0.314676 -0.171468 0.198587 0.938378 0.704495 0.863525 0.608969 0.624265 -0.271750 0.386966 0.681304 0.344840 0.654443 0.316504 0.714316 0.105447 0.478658 -0.266352 0.025372 -0.461328 0.048874 -0.663788 -0.744569 -0.698324 -0.506144 -0.527760 0.143125 0.014429 -0.064461 0.180356 0.141979 -0.553464 -0.382974 -0.163066 -0.509612 -0.426267 -0.740119 0.035489 -0.413741 0.406322 -0.003046 -0.393669 0.106039 0.157285 -0.198944 -0.322258 0.225068
-0.175944 0.351591 -0.337990 0.111973 -0.453591 -0.449995 -0.093349 -0.086652 0.214003 -0.307040 0.222673 0.543581 0.385699 0.548561 0.603530 0.396236 0.112068 0.554970 0.337647 -0.464832 0.178592 0.014670 0.335894 -0.119996 -0.195505 0.063649 -0.460602 0.004470 0.800140 0.675571 1.000000 0.839126 0.692273 0.751571 -0.217852 -0.456119 0.194221 0.142730 -0.487479 -0.555231 0.258118 0.358472 -0.078712 0.073810 -0.316039 -0.218272 -0.116138 -0.315319 -0.437597 -0.381717 -0.016133 -0.010188 -0.246460 0.248156 -0.250972 0.009912 -0.084124 0.161128 -0.547903 -0.575207 -0.219411 0.119317 0.089426 0.333484 0.235946 0.097657 -0.435101 -0.511987 0.326049 -0.113344 0.038288 0.309759 0.654674 0.353213 0.668717 0.408931 0.483953 -0.353835 0.192009 0.595602 0.084411 0.476993 0.652686 0.701337 0.558740 0.702654 0.105069 0.406312 0.000430 -0.141959 -0.501680 -0.698529 -0.650212 -0.439503 -0.584830 -0.118627 0.001066 -0.179685 -0.270775 -0.266633 -0.417664 -0.369167 -0.287723 -0.379695 -0.397775 -0.647720 0.091867 -0.609081 0.199250 -0.020245 -0.262031 -0.236822 -0.189952 0.100405 -0.159990 -0.102330
-0.125531 0.349269 -0.394250 0.279584 -0.401512 -0.238034 0.004314 0.141324 0.240440 0.040672 -0.167389 0.454848 0.072719 0.424843 0.394985 0.562483 -0.014269 0.273073 0.465261 -0.387276 0.322270 0.220439 0.089896 0.010652 -0.293210 0.320061 -0.446440 -0.132887 0.511393 0.572058 0.839126 1.000000 0.615940 0.685187 -0.256450 -0.313100 0.186697 0.214074 -0.332217 -0.374746 0.126272 0.375323 -0.105186 0.024362 -0.232978 -0.133640 -0.109324 -0.171998 -0.543128 -0.333807 -0.294963 -0.243141 -0.443498 0.151813 -0.244272 -0.004941 -0.016726 0.000306 -0.629044 -0.619522 -0.166921 0.298021 -0.034844 0.231277 0.236474 0.293610 -0.531181 -0.512008 0.248179 0.012232 0.020187 0.411862 0.474520 0.207013 0.541497 0.431315 0.374309 -0.158668 0.213587 0.385691 0.067827 0.329301 0.403919 0.690172 0.425436 0.725030 -0.032593 0.394008 0.080073 -0.241921 -0.400638 -0.522296 -0.399332 -0.427811 -0.440136 0.091903 -0.009504 -0.090914 -0.256833 -0.099064 -0.280584 -0.312813 -0.323451 -0.381180 -0.345306 -0.521589 -0.015532 -0.438250 0.278485 0.219157 -0.175076 -0.064085 0.013658 0.077945 -0.154572 0.137544
0.175389 0.542726 -0.317282 -0.098671 -0.495131 -0.394122 -0.132226 -0.119680 0.037296 -0.270887 0.177395 0.390600 0.328116 0.501900 0.231053 0.222553 0.194063 0.553337 0.501584 -0.356331 0.153723 0.084488 0.078084 -0.393881 -0.311431 -0.185283 -0.412577 -0.164502 0.681204 0.685818 0.692273 0.615940 1.000000 0.861936 -0.110267 -0.369448 0.269213 0.345725 -0.353789 -0.162045 0.363950 0.442860 0.037743 0.158592 -0.243872 -0.318163 0.043786 -0.173576 -0.382076 -0.363056 0.264240 0.105750 -0.123998 0.297863 0.070810 0.295183 0.335937 0.279981 -0.511495 -0.402025 -0.239113 0.081100 0.161236 0.403535 0.027896 0.096184 -0.286823 -0.565472 0.392548 -0.152055 -0.074093 0.084715 0.639430 0.365483 0.603469 0.157527 0.315188 -0.479260 0.256179 0.697160 0.135962 0.457846 0.353852 0.473387 0.232088 0.482212 -0.011885 0.155851 -0.183407 0.107580 -0.742547 -0.709749 -0.668983 -0.610604 -0.212780 0.252857 0.206442 0.222035 -0.036399 0.209415 -0.542705 -0.502816 -0.247739 -0.489472 -0.335244 -0.604981 -0.105139 -0.537268 0.333862 -0.016608 -0.017203 0.039694 0.204570 0.121477 -0.082251 0.120653
0.060958 0.585733 -0.349015 0.052849 -0.352639 -0.415535 -0.016264 -0.062680 0.120566 -0.140787 0.094711 0.428130 0.301935 0.537003 0.276725 0.433662 0.163052 0.523141 0.592156 -0.198094 0.043611 0.107710 0.099821 -0.301275 -0.435567 0.014345 -0.498998 -0.195032 0.703100 0.756898 0.751571 0.685187 0.861936 1.000000 -0.152697 -0.218708 0.356736 0.354772 -0.329630 -0.158083 0.478058 0.525644 -0.122742 -0.021896 -0.329715 -0.422902 -0.046893 -0.346337 -0.491475 -0.475473 0.088587 -0.104311 -0.045740 0.316129 0.057057 0.184934 0.292075 0.330933 -0.520127 -0.503577 -0.165118 0.159327 0.200426 0.449514 0.128461 0.103680 -0.378821 -0.496347 0.601221 -0.016704 -0.065877 0.110643 0.710232 0.369832 0.706864 0.376854 0.410801 -0.418100 0.264429 0.645428 0.160031 0.469762 0.494045 0.636911 0.354630 0.591282 -0.007447 0.434266 -0.037115 0.059498 -0.700125 -0.724963 -0.709515 -0.570548 -0.392535 0.037713 -0.018338 -0.014598 -0.127035 0.022329 -0.627446 -0.456760 -0.378419 -0.490419 -0.485930 -0.747719 0.120432 -0.473080 0.154815 -0.101555 -0.178914 -0.137014 0.052816 -0.091122 -0.337428 -0.032512
-0.141438 -0.420501 0.345141 0.066441 0.409814 0.357358 0.021823 -0.035568 0.255897 0.074628 -0.138233 -0.256952 -0.293141 -0.520463 -0.035617 -0.395537 0.040206 -0.261492 0.107435 -0.050203 -0.119853 -0.000880 0.168795 0.216303 0.544153 0.129424 0.468018 0.195209 -0.173370 -0.407373 -0.217852 -0.256450 -0.110267 -0.152697 1.000000 0.350653 -0.233131 -0.429530 0.230036 0.373799 -0.213595 -0.185208 0.144845 0.102102 0.330333 0.303189 0.118046 -0.020511 0.064957 0.232282 0.348158 0.088569 0.056071 -0.199853 -0.052113 -0.031516 -0.038223 -0.217325 -0.024682 0.007814 -0.362031 -0.473541 -0.207339 -0.372117 0.415993 -0.128902 0.404365 0.418556 -0.222135 0.262576 0.000495 -0.470781 -0.391727 -0.388192 -0.333720 -0.371335 -0.217142 -0.058077 -0.232765 -0.197122 0.072907 -0.101288 -0.232419 -0.360128 0.093833 -0.073094 0.397880 0.053945 -0.006738 -0.024283 0.221327 0.139009 0.135204 -0.044417 0.183282 -0.202626 -0.318981 0.090024 -0.441377 -0.264616 -0.033032 -0.278428 -0.275412 -0.075534 -0.018699 0.227469 -0.150312 -0.213415 -0.262467 -0.381016 0.227762 -0.292520 -0.260590 -0.013074 0.279312 -0.262794
-0.175559 -0.380418 0.063117 0.122513 0.354312 0.172386 0.013080 0.123789 0.041990 0.494127 -0.253217 -0.208253 -0.298500 -0.326075 -0.371210 -0.008050 -0.272923 -0.555261 0.112606 0.312189 -0.169503 -0.121417 -0.321724 0.051743 -0.024164 0.073915 0.042306 -0.359187 -0.448928 -0.375837 -0.456119 -0.313100 -0.369448 -0.218708 0.350653 1.000000 0.141063 -0.206930 0.245759 0.440152 0.034048 -0.180231 0.317787 0.192132 0.534285 0.442310 0.409511 0.423845 0.364604 0.533265 0.032020 0.107207 0.033939 0.156200 0.247713 0.139912 -0.103159 -0.466117 0.247619 0.045061 -0.237783 -0.176558 -0.323896 -0.557857 -0.002366 0.117505 0.138977 0.416406 -0.169789 0.298687 0.089870 -0.219492 -0.453775 -0.399168 -0.370373 -0.179222 -0.291494 0.132662 -0.265074 -0.540682 -0.147057 -0.453485 -0.186793 -0.292005 -0.130014 -0.333457 -0.083364 -0.054147 0.020822 -0.071706 0.132607 0.456664 0.374001 0.196673 0.326466 0.031491 -0.118881 0.274733 0.243483 0.023766 0.248126 0.006996 0.010753 0.082241 -0.283040 0.156071 -0.047006 0.213733 0.080527 0.049333 0.354881 0.062467 0.144714 -0.112756 -0.130141 -0.004656
