1.000000 0.510104 0.498089 0.541765 0.209396 0.178180 0.233140 0.104836 0.200785 -0.076204 0.308012 0.193233 -0.001755 0.002397 0.274546 0.204755 -0.147023 -0.509970 0.483717 -0.046257 0.080150 0.202442 0.423855 0.351278 0.133511 0.187629 0.145474 0.320630 -0.142316 -0.476105 0.014292 0.186746 0.072173 -0.047359 -0.086483 -0.364699 -0.108265 -0.001352 0.083621 -0.366926 0.038701 -0.061221 0.492203 0.274867 0.085485 0.079940 0.289140 0.314657 -0.244934 -0.307334 0.105450 -0.136299 -0.063401 0.001781 0.154140 0.378395 -0.117133 -0.233425 -0.325080 -0.452909 -0.000185 -0.195594 -0.162114 -0.364029 0.434981 -0.188251 -0.481250 -0.436989 0.281886 -0.424063 -0.249139 -0.186603 -0.331854 -0.565936 -0.026029 -0.105245 -0.004928 -0.150649 -0.042092 -0.074586 -0.364088 -0.259719 0.316714 0.252619 0.225193 0.016833 0.283384 0.208235 0.534878 0.291884 -0.090331 0.242008 0.072739 0.021648 -0.335456 -0.109009 0.300468 0.003620 0.029139 0.009306 -0.107772 -0.134881 -0.429143 -0.236960 0.033296 -0.354948 -0.053828 -0.127885 -0.003890 -0.116259 0.019642 0.096782 -0.134497 -0.099358 -0.409020 0.141386
0.510104 1.000000 0.179622 0.661209 -0.114235 -0.026710 0.012513 0.105989 -0.178463 -0.197966 0.350186 0.431590 0.093688 0.117916 0.296188 0.157633 0.012620 -0.135118 0.571158 0.342337 0.023157 0.257515 0.258344 0.270860 -0.104551 0.048699 0.068308 0.094844 0.037305 -0.287227 -0.075898 -0.040982 -0.097720 0.000583 -0.463010 -0.511906 -0.138314 0.037145 -0.191729 -0.350345 -0.149856 -0.253678 0.099917 -0.109592 -0.374562 -0.159344 0.211478 -0.149282 -0.121100 -0.185688 0.035809 -0.007692 0.327392 0.134142 0.331413 0.027774 -0.147425 0.342145 -0.344590 -0.214556 -0.008250 0.087042 -0.186675 0.104065 0.151164 -0.052724 -0.505888 -0.376742 0.170128 -0.009272 -0.491244 -0.441421 -0.305996 -0.566202 -0.209410 -0.131471 -0.241641 -0.334012 -0.000543 0.121880 -0.218973 -0.060047 0.331211 0.328509 0.274869 0.155525 0.304084 -0.099679 0.723102 0.324477 0.231578 0.169628 0.258521 -0.217437 -0.476162 -0.313985 -0.108734 -0.185389 0.113747 -0.322442 -0.097927 0.051836 -0.177065 -0.115084 0.122346 -0.262319 -0.131212 -0.192689 -0.152154 -0.279362 -0.402772 -0.182743 -0.199436 -0.257581 -0.469917 0.117250
0.498089 0.179622 1.000000 0.426423 0.247405 0.172307 0.642071 0.195930 0.428843 0.002842 0.225779 0.061583 0.160108 0.058900 0.014077 -0.016100 -0.042200 -0.273619 0.482126 -0.185595 -0.031501 -0.031885 0.560450 0.330352 0.127656 -0.018985 0.088352 0.240108 -0.066004 -0.390334 -0.084276 -0.232584 -0.063986 -0.171162 -0.020850 -0.174244 -0.287260 -0.240128 -0.076801 -0.443483 -0.050983 -0.268713 0.370746 0.187929 0.255292 0.078181 0.069865 0.349887 0.074993 -0.108909 0.169899 -0.280847 0.135982 -0.258007 0.017430 -0.155925 -0.276173 -0.373422 -0.142909 -0.401261 -0.105331 -0.323706 -0.134749 -0.324631 0.410481 -0.231447 -0.287170 -0.302650 -0.035091 -0.530263 0.106540 -0.072314 -0.116766 -0.377089 0.099015 0.025399 0.149280 0.092470 -0.203914 -0.177168 -0.346645 -0.306289 -0.189799 -0.135089 -0.115903 -0.169931 0.152599 0.240336 0.421459 -0.049884 0.202027 0.528505 0.190776 0.201091 -0.491204 -0.254049 -0.158853 0.015472 0.021391 -0.277326 -0.033495 0.161497 0.050625 -0.032644 -0.104005 -0.107982 0.125363 -0.149137 -0.148618 0.209809 0.351190 0.044689 0.021398 -0.258840 -0.274863 -0.191633
0.541765 0.661209 0.426423 1.000000 0.031321 0.153451 0.242441 0.357888 -0.093696 0.030217 0.216535 0.408892 0.097279 0.160282 0.091051 -0.004028 -0.037116 -0.244860 0.744524 0.231669 0.025395 0.147387 0.315992 0.249892 0.054759 0.273627 -0.001153 0.147490 -0.086358 -0.373716 -0.133041 -0.054427 -0.175444 0.023159 -0.495841 -0.535888 -0.189088 -0.066344 -0.092838 -0.338555 0.010663 -0.194335 0.189347 -0.088140 -0.264671 -0.101522 0.066431 -0.079497 -0.220368 -0.444213 -0.131318 -0.248008 0.034527 0.002044 0.090076 0.008669 -0.302459 -0.150063 -0.384861 -0.450761 -0.124524 0.114153 -0.205017 0.021486 0.412780 0.157429 -0.446020 -0.303059 -0.175654 -0.258626 -0.524385 -0.555772 -0.244967 -0.539786 0.040899 -0.178333 -0.330876 -0.551224 -0.051097 -0.008701 -0.192388 -0.034534 0.149136 0.209986 0.285743 0.112077 0.085919 -0.055101 0.603733 0.269072 0.196922 0.355597 0.449153 -0.108168 -0.558445 -0.080348 -0.125934 0.082139 0.064929 -0.143809 0.055154 0.099262 -0.020630 -0.249273 0.140539 -0.265509 0.029226 -0.043901 -0.016025 -0.222660 -0.137743 -0.257345 -0.064501 0.006132 -0.380941 0.299926
0.209396 -0.114235 0.247405 0.031321 1.000000 0.254566 0.577081 0.196756 0.860245 0.437221 0.173426 -0.529365 0.343563 0.323440 0.249092 0.265321 0.198086 0.102315 -0.111494 -0.337203 0.095110 0.106139 0.309057 -0.182783 0.190311 -0.136420 0.193107 0.119372 -0.128291 -0.005762 -0.017476 -0.125757 -0.020378 0.036075 0.089874 0.175874 -0.345961 -0.254364 -0.194848 -0.143029 -0.128120 -0.044629 0.032054 -0.052316 0.243942 -0.042252 -0.125531 0.098149 0.276861 -0.019715 0.174089 -0.154540 0.112880 0.154783 -0.263978 -0.156882 0.152072 -0.189091 -0.053622 -0.330565 0.142552 0.041650 -0.085766 -0.001915 0.256750 -0.061917 -0.195284 -0.257559 0.303913 -0.373765 0.238302 0.097399 0.129388 -0.028172 -0.084182 0.170576 0.381746 0.196166 -0.388021 -0.085809 -0.234780 -0.270395 -0.229170 -0.157154 -0.345922 -0.508428 -0.131964 -0.018002 0.118808 -0.298086 0.003367 0.317637 0.041370 0.222558 -0.093371 -0.064720 -0.117495 -0.072097 -0.056204 0.203095 -0.087389 0.007606 -0.061032 -0.086815 -0.156227 0.072353 0.143405 -0.068216 -0.152548 0.282609 0.051819 0.064160 0.098580 -0.050537 0.105219 -0.162111
0.178180 -0.026710 0.172307 0.153451 0.254566 1.000000 0.024241 -0.028718 0.142254 0.286527 -0.668347 -0.071974 -0.276941 -0.078524 -0.541870 0.099196 -0.482691 -0.227729 -0.118258 -0.028901 0.126986 0.274686 0.255138 0.238567 0.358795 0.488075 0.323941 0.609393 -0.738692 -0.426145 -0.594539 -0.162356 -0.452641 -0.347075 0.334388 0.099367 -0.412479 0.201468 0.442211 0.223462 -0.023727 0.462671 0.481969 0.584363 0.276867 0.538249 0.211916 0.669195 0.182143 0.018412 0.384501 -0.097953 0.209046 0.105506 -0.126006 -0.053877 0.198246 -0.102098 -0.123134 0.035053 -0.203659 0.184019 -0.630466 -0.205677 -0.051002 -0.212557 -0.249798 0.057501 -0.023604 0.029557 -0.114170 -0.119841 -0.508409 -0.273256 -0.098441 0.230773 -0.171122 0.033425 -0.063496 -0.338838 -0.504995 -0.549686 -0.577986 -0.181165 -0.277848 -0.260622 -0.348126 -0.275669 0.018278 0.392483 0.423112 0.341068 0.491123 0.301639 -0.330161 0.291729 0.054219 0.213726 0.249362 0.420102 0.507014 0.366977 0.116059 -0.096003 0.302753 -0.385004 -0.166356 0.131651 0.194006 0.026991 0.541898 -0.079010 0.087578 0.214097 -0.379167 0.331360
0.233140 0.012513 0.642071 0.242441 0.577081 0.024241 1.000000 0.601526 0.677710 0.419529 0.298975 0.010772 0.465772 0.440715 0.196806 0.125103 0.157973 -0.067282 0.098154 -0.316532 -0.056509 -0.147164 0.244196 -0.045847 -0.072470 -0.182943 -0.106522 -0.067505 -0.095727 -0.124793 0.097355 -0.192148 0.042078 -0.015832 -0.143821 -0.016172 -0.385757 -0.530746 -0.235067 -0.265138 -0.241579 -0.425341 -0.012349 -0.188683 0.234944 -0.122598 -0.386555 -0.029144 0.047251 -0.142931 -0.183317 -0.438339 -0.079368 -0.290811 -0.361113 -0.238038 -0.115062 -0.256284 -0.049611 -0.417429 0.119648 -0.180551 -0.043961 -0.150173 0.548393 0.019882 -0.006995 -0.078768 -0.018175 -0.429495 0.110122 -0.102257 0.085796 -0.247131 -0.055467 -0.023490 0.160340 0.079981 -0.355616 0.022001 -0.118045 -0.097371 -0.135766 -0.140227 -0.342770 -0.236573 -0.070787 0.204436 0.200184 -0.307469 -0.148584 0.379612 0.035619 0.284192 -0.197772 -0.159434 -0.359338 0.005861 -0.324251 -0.159572 -0.108171 0.126612 0.079436 -0.055452 -0.255147 0.166110 0.260902 -0.051571 -0.093734 0.191397 0.139547 0.137052 -0.045250 -0.111876 0.163932 -0.254918
0.104836 0.105989 0.195930 0.357888 0.196756 -0.028718 0.601526 1.000000 0.128408 0.649680 0.144688 0.391985 0.153760 0.526780 0.201847 0.131465 -0.118243 -0.261163 0.106736 -0.001469 -0.332051 -0.314394 -0.316491 -0.226710 -0.472969 -0.140468 -0.381920 -0.323202 -0.284669 -0.168182 -0.036688 -0.167104 -0.017513 0.039304 -0.362803 -0.035552 -0.440607 -0.478543 -0.448802 -0.253243 -0.386386 -0.328156 -0.203370 -0.310363 0.021287 0.061728 -0.485696 -0.289658 -0.236316 -0.266887 -0.563636 -0.346529 -0.401368 -0.220016 -0.597004 -0.163963 -0.495165 -0.448413 0.001797 -0.262714 0.107702 -0.040905 -0.172710 -0.274961 0.469620 0.481093 0.241849 0.365934 -0.076449 -0.009869 -0.257099 -0.281292 -0.116561 -0.261588 -0.263116 -0.428515 -0.369498 -0.408664 -0.145338 -0.124491 -0.029820 -0.069186 0.091841 0.033210 -0.205815 -0.120659 -0.182286 -0.042684 0.056838 -0.249123 -0.146733 0.329294 0.324285 0.381806 -0.044027 0.103208 -0.467761 0.328336 -0.332881 0.056239 0.178984 0.175344 0.284439 0.048878 -0.041820 0.208114 0.345451 0.206030 0.100453 -0.242662 -0.048818 0.318597 0.109776 0.189311 0.116263 0.075662
0.200785 -0.178463 0.428843 -0.093696 0.860245 0.142254 0.677710 0.128408 1.000000 0.267386 0.175679 -0.531503 0.357039 0.245330 0.189726 0.162424 0.206288 0.144851 -0.159133 -0.542540 -0.006963 -0.024533 0.446840 -0.029823 0.207408 -0.289667 0.224119 0.176124 -0.082473 -0.105727 0.056420 -0.169026 -0.041954 -0.086029 0.241982 0.188415 -0.333078 -0.284646 -0.200616 -0.188618 -0.180548 -0.179322 0.006964 -0.023926 0.192879 -0.183490 -0.051035 0.180518 0.376558 -0.065166 0.317643 -0.038284 0.170272 0.094088 -0.181831 -0.039529 0.082542 -0.144244 0.085849 -0.219844 0.290729 -0.096060 -0.153983 -0.122032 0.208880 -0.077127 -0.172205 -0.306642 0.401272 -0.489416 0.342335 0.159072 0.112501 -0.078661 -0.168044 0.166610 0.493553 0.337397 -0.389383 -0.031205 -0.322612 -0.318439 -0.198828 -0.338968 -0.431176 -0.576831 0.032266 0.189552 0.190104 -0.351590 -0.050517 0.379228 -0.108773 0.226665 -0.065853 -0.338251 -0.123093 -0.132148 -0.000339 0.000658 -0.209195 -0.003360 -0.101800 0.024780 -0.151238 0.217050 0.251321 0.037573 -0.383108 0.212447 0.120275 0.208294 0.053782 -0.183911 0.117433 -0.358873
-0.076204 -0.197966 0.002842 0.030217 0.437221 0.286527 0.419529 0.649680 0.267386 1.000000 -0.102643 0.175307 0.340907 0.704607 -0.011489 0.279265 -0.101581 -0.064320 -0.166503 -0.085917 -0.216701 -0.102000 -0.433959 -0.576995 -0.461591 -0.125253 -0.414199 -0.301131 -0.326909 0.015277 -0.255002 -0.266418 0.004918 0.085773 -0.128922 0.010009 -0.430309 -0.261002 -0.209815 -0.050126 -0.119412 0.099205 -0.054920 -0.100879 0.273723 0.364720 -0.259928 -0.047416 0.080803 0.037171 -0.260550 -0.330788 -0.160668 -0.166420 -0.554205 -0.290638 -0.343949 -0.405978 -0.053662 -0.187221 0.080738 0.184169 -0.122059 -0.111750 0.224508 0.281841 0.149194 0.288848 -0.019649 0.097185 0.012620 -0.062692 -0.102630 0.024040 0.002161 -0.109520 -0.149105 -0.057822 0.070957 -0.197618 -0.098518 -0.217179 -0.293046 -0.150919 -0.311946 -0.242985 -0.633913 -0.478019 -0.253865 -0.221433 0.159191 0.270482 0.327199 0.335783 -0.024372 0.367866 -0.401487 0.415744 -0.067776 0.412322 0.355561 0.193596 0.211378 0.009438 -0.092037 0.028554 0.323978 0.310792 0.285587 -0.048202 -0.002318 0.151675 0.097601 0.181357 0.005769 0.189256
0.308012 0.350186 0.225779 0.216535 0.173426 -0.668347 0.298975 0.144688 0.175679 -0.102643 1.000000 0.048408 0.545929 0.288352 0.756115 0.010148 0.488648 0.082449 0.261765 -0.092269 -0.087869 -0.123792 0.065003 -0.206231 -0.200750 -0.413635 -0.185810 -0.370947 0.622829 0.120145 0.359584 -0.004133 0.318610 0.293017 -0.294534 -0.164839 0.081338 -0.309979 -0.484777 -0.498238 0.039813 -0.479615 -0.237337 -0.504653 -0.005783 -0.316562 -0.013050 -0.441163 -0.106750 -0.021905 -0.163222 -0.060797 -0.119901 -0.095035 0.212904 0.121022 -0.194367 -0.096395 -0.136840 -0.337203 0.296011 -0.261272 0.486716 0.110018 0.315544 0.037222 -0.113443 -0.259997 0.044571 -0.324768 0.013172 -0.060954 0.295043 0.005879 0.058455 -0.427582 0.269827 -0.087187 -0.042791 0.088438 0.139065 0.217838 0.527618 0.161025 0.189330 0.108780 0.403169 0.153654 0.354741 -0.300568 -0.242734 -0.017153 -0.314719 -0.159287 -0.067827 -0.421194 -0.065569 -0.223422 -0.240422 -0.394394 -0.484079 -0.408029 -0.316190 -0.072648 -0.384358 0.130721 0.182368 -0.289874 -0.289766 0.118969 -0.382267 -0.000439 -0.129293 -0.384634 0.068781 -0.378529
0.193233 0.431590 0.061583 0.408892 -0.529365 -0.071974 0.010772 0.391985 -0.531503 0.175307 0.048408 1.000000 0.088357 0.339759 0.011209 0.109022 -0.240572 -0.333695 0.310709 0.377334 -0.216031 -0.087953 -0.378142 -0.022595 -0.479064 0.133004 -0.442058 -0.172542 -0.084532 -0.148092 -0.152409 -0.144386 0.188945 0.140370 -0.309389 -0.403328 0.059711 0.110975 0.037521 -0.047811 0.127663 -0.012202 0.111583 -0.034809 -0.045377 0.214129 -0.054086 -0.143569 -0.376060 -0.043671 -0.339258 -0.341946 -0.313531 -0.350971 -0.039631 0.025848 -0.432839 -0.148330 -0.316446 -0.198981 0.074023 0.075311 0.036927 -0.024456 0.295775 0.206878 0.048146 0.204476 -0.319075 0.223955 -0.579442 -0.488512 -0.274785 -0.465049 0.023440 -0.318185 -0.664965 -0.423375 0.366217 0.054888 0.163443 0.195351 0.107044 0.338066 0.323085 0.614607 -0.133301 -0.139814 0.088550 0.318529 -0.078905 -0.146735 0.277079 -0.102147 -0.139391 0.251736 -0.138369 0.349043 -0.189384 -0.045743 0.279732 -0.010370 -0.053045 -0.226543 0.022162 -0.349575 -0.108892 -0.007249 0.359116 -0.199745 -0.103240 -0.132950 -0.102395 0.121514 -0.246475 0.430735
-0.001755 0.093688 0.160108 0.097279 0.343563 -0.276941 0.465772 0.153760 0.357039 0.340907 0.545929 0.088357 1.000000 0.702183 0.336442 0.295332 0.520487 0.181363 0.010566 -0.234101 -0.266099 -0.242518 -0.030241 -0.476747 -0.265765 -0.433979 -0.424327 -0.466311 0.461942 0.187848 -0.097350 -0.381388 0.248360 0.300572 -0.111730 -0.090029 0.130324 -0.093535 -0.266750 -0.152570 0.203743 -0.234121 -0.209014 -0.397299 0.141267 -0.175053 -0.070281 -0.295338 0.192740 0.160247 -0.050637 -0.205611 0.024676 -0.310631 0.244341 -0.127637 -0.169036 -0.023226 -0.171836 -0.288973 0.268108 0.014448 0.288749 0.227997 0.210345 0.019477 -0.082856 -0.224880 -0.033380 -0.218973 0.111062 -0.082547 0.318959 0.045018 0.262891 -0.118428 0.345191 0.139101 0.189503 0.192483 0.149869 0.263773 -0.083622 -0.132385 -0.112748 0.026519 -0.142466 -0.108660 0.019073 -0.433080 0.103458 0.056594 -0.110033 -0.132921 -0.213577 -0.201804 -0.291862 0.016547 -0.057327 -0.122775 -0.208701 -0.089598 -0.174013 0.025679 -0.316069 0.000036 0.219265 -0.099689 -0.228289 0.272311 -0.295388 -0.072152 -0.104349 -0.384762 -0.049157 -0.312875
0.002397 0.117916 0.058900 0.160282 0.323440 -0.078524 0.440715 0.526780 0.245330 0.704607 0.288352 0.339759 0.702183 1.000000 0.267732 0.452536 0.201672 0.042022 0.089526 -0.070386 -0.461543 -0.122025 -0.337648 -0.677999 -0.611333 -0.387245 -0.621984 -0.481013 0.057877 0.223080 -0.228913 -0.419912 0.206869 0.383661 -0.252690 -0.105199 -0.266244 -0.021279 -0.379530 -0.161389 0.025873 -0.090147 -0.130930 -0.319224 0.223897 0.184470 -0.149734 -0.188033 0.156656 0.088317 -0.189588 -0.418047 -0.035317 -0.177693 -0.227327 -0.181678 -0.415230 -0.241771 -0.234860 -0.366567 0.216849 0.099466 0.089772 0.100229 0.199121 0.139082 -0.061599 0.007793 0.125095 -0.070668 -0.090063 -0.127509 0.085638 -0.082636 -0.061199 -0.122173 -0.016889 -0.009609 0.061893 0.111080 0.033880 0.086562 -0.167694 -0.001015 -0.136712 -0.123433 -0.489384 -0.335457 0.005920 -0.209194 0.165741 0.240244 0.142499 0.099054 -0.242568 0.132443 -0.466291 0.325079 -0.128334 0.106753 0.179341 -0.028506 -0.035959 -0.065308 -0.155365 -0.071661 0.367191 0.141134 0.081779 -0.000234 -0.271369 0.108271 -0.053166 0.016776 -0.210968 0.087762
0.274546 0.296188 0.014077 0.091051 0.249092 -0.541870 0.196806 0.201847 0.189726 -0.011489 0.756115 0.011209 0.336442 0.267732 1.000000 0.303244 0.203096 -0.101566 0.075794 0.182367 -0.198244 -0.137483 -0.113377 -0.051922 -0.290382 -0.369977 -0.157307 -0.291771 0.397612 0.097091 0.204320 0.049495 0.428490 0.308299 -0.307165 -0.095132 0.095353 -0.170303 -0.385370 -0.323810 0.035080 -0.146057 -0.136492 -0.323781 0.010329 -0.322432 -0.016728 -0.410987 -0.185932 0.065675 -0.189837 -0.004431 -0.174766 0.153575 0.062226 0.166171 -0.199110 -0.113179 -0.347814 -0.396451 0.397676 -0.177935 0.375282 0.006336 0.429993 0.010782 -0.081481 -0.108609 0.144263 -0.036666 -0.051196 -0.168665 0.206999 -0.002819 -0.110277 -0.277735 0.073714 -0.179491 -0.250260 -0.041516 0.080238 0.162498 0.570787 0.305212 0.181642 0.113080 0.346875 0.215826 0.279665 -0.085212 -0.302921 -0.190868 -0.143619 0.019611 0.222560 -0.151180 0.104566 -0.113043 -0.215494 -0.073631 -0.202548 -0.264577 -0.175342 -0.210029 -0.343652 0.056729 0.050291 -0.343720 -0.033731 0.045216 -0.501085 0.077144 -0.044388 -0.018856 0.235273 -0.044986
0.204755 0.157633 -0.016100 -0.004028 0.265321 0.099196 0.125103 0.131465 0.162424 0.279265 0.010148 0.109022 0.295332 0.452536 0.303244 1.000000 0.025701 -0.286121 0.087990 0.211746 -0.198899 0.033524 -0.117325 -0.205830 -0.277302 -0.210561 -0.167437 -0.102571 0.014621 0.189285 -0.296867 -0.211716 0.474148 0.358525 -0.136350 -0.031850 0.140789 0.212965 -0.089444 -0.168310 0.145736 0.241452 0.339453 0.244098 0.224430 0.050675 0.031852 0.064796 0.039433 0.118945 0.038904 -0.259162 -0.062665 -0.010550 -0.057303 -0.203227 -0.199754 -0.014779 -0.299851 -0.324964 0.197253 0.333383 0.166610 0.122978 0.214237 -0.177287 -0.175410 -0.193502 0.226791 -0.027413 -0.248944 -0.256702 0.156736 -0.303631 -0.072151 0.267428 -0.173965 -0.154784 0.016964 0.130311 0.161024 0.139672 -0.146076 0.526174 0.150042 0.057818 -0.251826 0.161145 -0.032194 -0.006133 0.032619 -0.119521 0.243978 -0.039603 -0.211417 0.213253 -0.050394 0.232813 -0.160485 0.172913 0.164046 0.144775 -0.138260 -0.161860 -0.145571 -0.476912 -0.178515 -0.261251 0.105392 0.206480 -0.130712 0.181136 0.028266 -0.015529 -0.251289 0.204476
-0.147023 0.012620 -0.042200 -0.037116 0.198086 -0.482691 0.157973 -0.118243 0.206288 -0.101581 0.488648 -0.240572 0.520487 0.201672 0.203096 0.025701 1.000000 0.699601 0.147847 -0.315211 0.173853 -0.169304 0.150397 -0.407273 0.036362 -0.436611 0.017597 -0.360330 0.772926 0.508527 0.406300 0.065451 0.387513 0.594674 -0.150757 0.039030 0.406799 0.044942 -0.187230 -0.095119 0.292591 -0.257392 -0.278045 -0.337313 -0.108674 -0.438203 0.061541 -0.221091 -0.087916 -0.312441 -0.192909 -0.284908 0.082250 -0.266009 0.350710 0.041112 0.184008 0.261088 0.087048 -0.206947 0.142067 0.045414 0.542756 0.508936 0.057900 -0.070524 -0.046210 -0.435204 -0.131783 -0.425249 0.001622 -0.031054 0.788024 0.085219 0.331894 0.053847 0.506939 0.094743 0.271159 0.659223 0.540492 0.493840 0.197220 0.035977 0.169502 -0.043863 -0.071063 0.090779 -0.095457 -0.601872 -0.224072 -0.224841 -0.620947 -0.647770 -0.189340 -0.377269 0.047892 -0.170516 0.007033 -0.142937 -0.734197 -0.274433 -0.325066 0.155529 -0.358984 0.222605 0.049712 0.150015 -0.387674 0.064659 -0.236531 0.213915 0.136961 -0.584145 0.052783 -0.410883
-0.509970 -0.135118 -0.273619 -0.244860 0.102315 -0.227729 -0.067282 -0.261163 0.144851 -0.064320 0.082449 -0.333695 0.181363 0.042022 -0.101566 -0.286121 0.699601 1.000000 -0.162596 -0.281162 0.237981 0.055449 0.038153 -0.352230 0.045689 -0.356509 0.158031 -0.124928 0.454897 0.468813 0.285240 0.040055 -0.030753 0.304765 0.053726 0.108995 0.067832 0.059452 -0.115616 0.109976 0.077700 -0.102180 -0.440136 -0.323763 -0.304033 -0.368242 0.079687 -0.134773 0.275965 -0.273489 0.082603 0.011407 0.397507 0.119612 0.094020 -0.025834 0.318047 0.435917 0.325838 0.228579 0.208242 0.269338 0.206557 0.578134 -0.359099 0.095148 0.026536 -0.192109 -0.101096 -0.163945 0.040550 -0.003314 0.486558 0.217935 0.006977 0.109287 0.386908 0.160046 0.114301 0.437511 0.237595 0.125224 -0.013909 -0.226288 -0.033341 -0.260918 -0.209235 -0.224418 -0.116136 -0.374665 -0.019242 -0.131767 -0.498607 -0.497714 -0.056073 -0.344429 -0.049406 -0.258653 0.244163 -0.069529 -0.477772 -0.210557 -0.099870 0.116713 -0.188021 0.349923 0.078056 0.383166 -0.391034 -0.144968 -0.132858 0.023108 0.261652 -0.332153 0.092238 -0.266003
0.483717 0.571158 0.482126 0.744524 -0.111494 -0.118258 0.098154 0.106736 -0.159133 -0.166503 0.261765 0.310709 0.010566 0.089526 0.075794 0.087990 0.147847 -0.162596 1.000000 0.277149 0.086904 0.246449 0.345501 0.149140 -0.065197 0.115506 -0.038262 -0.029977 0.242582 0.001048 0.167797 0.119616 0.157430 0.263234 -0.500955 -0.575206 0.063656 0.046619 -0.154022 -0.470851 0.116813 -0.180368 0.239653 -0.028308 -0.192559 -0.066030 0.084920 -0.028545 -0.277613 -0.327150 -0.213496 -0.315032 0.138569 -0.089999 0.175942 -0.101746 -0.315303 -0.095233 -0.365598 -0.516795 -0.358922 -0.101850 0.145354 0.002933 0.264746 -0.176138 -0.463510 -0.509376 0.010850 -0.309226 -0.273198 -0.175106 0.095831 -0.382814 0.254059 0.135624 -0.099598 -0.228754 0.082990 0.219805 0.075147 0.185204 0.173215 0.380695 0.423833 0.123685 0.058719 0.051009 0.436411 0.123650 0.215279 0.271814 0.183922 -0.270225 -0.582980 -0.058951 -0.135064 -0.041454 0.079932 -0.248864 -0.122718 0.015555 -0.121008 -0.114030 0.126872 -0.192403 -0.030066 -0.098659 0.020259 -0.163892 -0.236158 -0.097898 -0.076517 -0.114712 -0.421566 0.208676
-0.046257 0.342337 -0.185595 0.231669 -0.337203 -0.028901 -0.316532 -0.001469 -0.542540 -0.085917 -0.092269 0.377334 -0.234101 -0.070386 0.182367 0.211746 -0.315211 -0.281162 0.277149 1.000000 -0.058850 0.202371 -0.362871 0.208228 -0.319717 0.153631 -0.295032 -0.212693 0.015625 0.140658 -0.221989 -0.053674 0.164815 0.075696 -0.323511 -0.062405 0.117794 0.002230 -0.108183 -0.133162 -0.036635 0.063540 -0.064669 -0.174804 -0.255821 0.040872 -0.222504 -0.328506 -0.128779 0.284535 -0.249230 -0.011043 0.004790 0.118814 -0.033791 -0.411083 -0.061523 0.237943 -0.239722 0.034661 -0.363656 0.054488 0.093344 0.035531 -0.095639 -0.087127 0.073204 0.275367 -0.167653 0.677863 -0.301799 -0.226699 -0.067484 -0.161021 -0.033683 0.076933 -0.449711 -0.229344 -0.150033 -0.277881 0.168635 0.194018 0.079302 0.592238 0.085534 0.404637 0.137870 0.021611 -0.086656 0.337722 0.154781 -0.314419 0.496767 0.115470 0.055637 0.367693 -0.201591 -0.022264 -0.264731 -0.051431 0.363587 0.168893 0.251883 -0.207168 0.251585 -0.204885 -0.384645 -0.389182 0.407621 0.000076 -0.242756 -0.347745 0.046842 0.372507 0.029050 0.461276
0.080150 0.023157 -0.031501 0.025395 0.095110 0.126986 -0.056509 -0.332051 -0.006963 -0.216701 -0.087869 -0.216031 -0.266099 -0.461543 -0.198244 -0.198899 0.173853 0.237981 0.086904 -0.058850 1.000000 0.630463 0.385767 0.226224 0.608203 0.569616 0.608861 0.395639 0.090479 0.178085 0.537909 0.651267 0.063909 0.150314 -0.112410 -0.313543 0.127827 -0.032202 0.468917 0.025976 0.345550 0.151925 0.319182 0.294070 -0.027395 -0.129599 0.191313 0.233730 -0.237124 -0.244967 0.028479 -0.159746 0.076729 0.086239 -0.018576 -0.022370 0.488257 0.264021 -0.057980 -0.134146 -0.160328 0.171616 0.159140 0.248793 0.089046 -0.228348 -0.218860 -0.376610 -0.241389 -0.278872 0.000183 0.057168 0.175358 0.053784 0.237019 0.412958 0.102218 0.103648 0.020515 0.250093 0.218272 0.119393 0.043827 0.265851 0.274975 0.158389 -0.105560 0.050439 0.060625 0.233968 -0.250260 -0.235030 -0.228507 -0.364870 -0.082035 0.121880 0.358764 -0.347422 -0.026245 0.074927 -0.300694 -0.213209 -0.284745 -0.414965 -0.165679 -0.257567 -0.450598 -0.177670 0.195689 0.128865 0.105303 -0.286871 -0.184229 -0.039842 0.178965 0.207073
0.202442 0.257515 -0.031885 0.147387 0.106139 0.274686 -0.147164 -0.314394 -0.024533 -0.102000 -0.123792 -0.087953 -0.242518 -0.122025 -0.137483 0.033524 -0.169304 0.055449 0.246449 0.202371 0.630463 1.000000 0.266403 0.071865 0.242959 0.468419 0.285721 0.360663 -0.093168 0.208520 0.209065 0.477926 -0.087397 0.084970 -0.057315 -0.432988 -0.220997 0.045272 0.194226 -0.252329 0.164258 0.195798 0.294526 0.191310 -0.009436 0.174854 0.252911 0.270393 0.183261 0.019742 0.310920 0.033725 0.380140 0.450334 -0.127011 -0.110889 0.258283 0.248663 -0.125772 -0.031017 -0.240150 0.245426 -0.067426 0.124633 -0.183710 -0.261648 -0.390654 -0.293168 0.175656 -0.085365 -0.081368 0.114207 -0.149594 -0.093023 -0.161419 0.383973 -0.003506 0.143588 -0.174648 -0.001372 -0.170103 -0.098106 -0.086245 0.364866 0.154959 -0.016629 -0.190713 -0.181951 0.279842 0.498187 0.178400 0.027324 0.074313 -0.079942 -0.350731 0.172984 0.045215 -0.419081 0.036041 -0.039648 0.057695 -0.337358 -0.374239 -0.618636 0.123472 -0.433882 -0.397089 -0.278069 0.207939 -0.081301 -0.094557 -0.474827 -0.302964 0.219508 -0.266597 0.398529
0.423855 0.258344 0.560450 0.315992 0.309057 0.255138 0.244196 -0.316491 0.446840 -0.433959 0.065003 -0.378142 -0.030241 -0.337648 -0.113377 -0.117325 0.150397 0.038153 0.345501 -0.362871 0.385767 0.266403 1.000000 0.538283 0.730164 0.227178 0.707692 0.668133 -0.017243 -0.237320 0.145090 0.166117 -0.238183 -0.121031 0.116339 -0.233741 -0.049927 0.069793 0.201182 -0.173871 0.077065 -0.093359 0.350172 0.319521 -0.030741 -0.243692 0.325491 0.427564 0.106128 -0.244628 0.453161 0.043219 0.338806 0.226521 0.343201 0.174762 0.255423 0.098713 -0.184472 -0.267671 -0.028499 -0.122809 -0.182873 0.001375 0.133451 -0.406640 -0.657566 -0.673441 0.093132 -0.652342 0.052394 0.001001 0.003342 -0.235291 0.104720 0.320861 0.366337 0.189362 -0.182789 0.152635 -0.312040 -0.137748 -0.104263 -0.189450 0.080575 -0.285976 0.248925 0.256213 0.567075 0.105934 0.158791 0.373121 -0.056495 -0.138985 -0.481617 -0.444272 0.216422 -0.349061 0.309037 -0.106323 -0.216228 0.014910 -0.154767 -0.112262 0.032537 -0.179078 -0.164843 -0.195047 -0.373921 0.086437 0.184365 -0.101668 -0.110486 -0.271894 -0.216893 -0.163696
0.351278 0.270860 0.330352 0.249892 -0.182783 0.238567 -0.045847 -0.226710 -0.029823 -0.576995 -0.206231 -0.022595 -0.476747 -0.677999 -0.051922 -0.205830 -0.407273 -0.352230 0.149140 0.208228 0.226224 0.071865 0.538283 1.000000 0.503559 0.388787 0.527472 0.595818 -0.284238 -0.550900 -0.034107 0.139710 -0.281477 -0.443446 0.092195 -0.069844 0.006073 0.003413 0.307383 0.013491 -0.102240 -0.028669 0.279418 0.313029 -0.242158 -0.216168 0.081522 0.235791 -0.144636 -0.128002 0.210817 0.206864 0.091869 0.161936 0.188043 0.110393 0.179248 0.150633 -0.115545 0.043000 -0.091492 -0.216826 -0.387172 -0.293493 0.094839 -0.195823 -0.198968 -0.100809 -0.011333 0.005246 -0.062877 -0.155902 -0.366194 -0.328246 -0.123708 0.120222 -0.139204 -0.057968 -0.310993 -0.259386 -0.310783 -0.226224 0.140804 0.053417 -0.010149 0.103833 0.593507 0.471533 0.362860 0.419158 -0.030918 0.070870 0.252664 0.172243 0.030034 -0.188489 0.262980 -0.224201 0.080389 -0.121413 0.063682 0.201567 0.147419 -0.090325 0.201538 -0.098724 -0.312600 -0.272015 -0.054406 -0.010086 0.215616 -0.137693 0.051940 0.084291 0.085153 0.113074
0.133511 -0.104551 0.127656 0.054759 0.190311 0.358795 -0.072470 -0.472969 0.207408 -0.461591 -0.200750 -0.479064 -0.265765 -0.611333 -0.290382 -0.277302 0.036362 0.045689 -0.065197 -0.319717 0.608203 0.242959 0.730164 0.503559 1.000000 0.596597 0.772558 0.689375 -0.103468 -0.168616 0.162522 0.339635 -0.216453 -0.117769 0.225012 0.043482 0.130792 0.120742 0.530289 0.204242 0.263892 0.151026 0.403872 0.466066 0.114964 -0.127063 0.351434 0.471417 -0.081587 -0.130441 0.373813 0.077253 0.028213 0.173589 0.304325 0.257620 0.528691 0.102347 -0.078261 -0.100280 -0.065523 -0.015267 -0.147559 0.048201 0.068228 -0.279024 -0.336166 -0.383366 -0.184816 -0.404838 0.093772 0.065597 0.042259 0.029016 0.197741 0.287941 0.245301 0.132500 -0.131765 0.068355 -0.074564 -0.027235 -0.128413 -0.155335 0.079035 -0.056783 0.185883 0.273170 0.165958 0.234537 -0.100091 -0.011331 -0.097977 -0.171043 -0.102919 -0.130499 0.484780 -0.303346 0.154716 0.145518 -0.159886 -0.014551 -0.137039 -0.156646 0.016178 -0.205701 -0.312216 -0.210971 -0.135923 0.210318 0.349837 -0.173381 -0.164323 -0.057352 0.121732 -0.046791
0.187629 0.048699 -0.018985 0.273627 -0.136420 0.488075 -0.182943 -0.140468 -0.289667 -0.125253 -0.413635 0.133004 -0.433979 -0.387245 -0.369977 -0.210561 -0.436611 -0.356509 0.115506 0.153631 0.569616 0.468419 0.227178 0.388787 0.596597 1.000000 0.349838 0.480410 -0.389477 -0.180240 0.077855 0.468485 -0.116333 -0.061598 -0.110910 -0.260813 -0.005888 0.094354 0.650798 0.252285 0.274577 0.326959 0.561099 0.515754 0.232917 0.321726 0.208849 0.401573 -0.409264 -0.003329 -0.032302 -0.180238 -0.177832 0.042387 -0.010248 0.106150 0.323171 -0.074171 -0.355082 -0.246536 -0.347425 -0.002067 -0.236334 -0.172135 0.205488 -0.176626 -0.194600 -0.042907 -0.311862 0.037039 -0.110082 -0.001428 -0.283206 -0.056680 0.209749 0.229465 -0.290058 -0.075748 -0.024853 -0.078123 -0.014295 0.019291 -0.105785 0.163397 0.176071 0.323554 -0.126017 -0.058475 0.037158 0.649371 -0.035220 -0.063656 0.262261 0.019365 -0.051362 0.484964 0.339478 -0.090686 0.002617 0.318557 0.303008 0.065545 -0.035667 -0.398685 0.139104 -0.424282 -0.384946 -0.234114 0.507455 0.011046 0.193014 -0.338439 -0.352640 0.402467 0.058164 0.521611
0.145474 0.068308 0.088352 -0.001153 0.193107 0.323941 -0.106522 -0.381920 0.224119 -0.414199 -0.185810 -0.442058 -0.424327 -0.621984 -0.157307 -0.167437 0.017597 0.158031 -0.038262 -0.295032 0.608861 0.285721 0.707692 0.527472 0.772558 0.349838 1.000000 0.814071 -0.186435 -0.221398 0.234183 0.354899 -0.202121 -0.163402 0.223548 -0.100146 0.026852 0.156397 0.409827 0.143780 0.067430 0.260593 0.307174 0.478625 -0.099745 -0.208132 0.304302 0.372496 -0.079289 -0.281981 0.379402 0.137183 0.171129 0.338163 0.125731 0.252318 0.456808 0.173168 -0.116395 -0.046696 0.171379 0.122023 -0.136064 0.148920 0.065753 -0.280273 -0.412021 -0.401787 -0.035099 -0.356779 -0.058932 -0.071609 -0.049495 -0.079629 0.011825 0.293068 0.048527 -0.019171 -0.060242 0.149241 -0.156629 -0.165011 0.008586 -0.080538 0.226671 -0.132629 0.160338 0.126631 0.338004 0.218868 -0.091485 0.026871 -0.144011 -0.229263 -0.057565 -0.207343 0.479340 -0.187900 0.313143 0.115399 -0.147762 0.013136 -0.110330 -0.165876 -0.074980 -0.168981 -0.383475 -0.086915 -0.152260 0.074006 0.256381 -0.075180 0.033756 -0.130396 0.019895 0.029958
0.320630 0.094844 0.240108 0.147490 0.119372 0.609393 -0.067505 -0.323202 0.176124 -0.301131 -0.370947 -0.172542 -0.466311 -0.481013 -0.291771 -0.102571 -0.360330 -0.124928 -0.029977 -0.212693 0.395639 0.360663 0.668133 0.595818 0.689375 0.480410 0.814071 1.000000 -0.525557 -0.430223 -0.118125 0.158363 -0.372043 -0.335770 0.325489 -0.162779 -0.188150 0.275959 0.535493 0.169889 0.078868 0.376152 0.524580 0.641176 0.056057 0.076694 0.385199 0.601098 0.083900 -0.186174 0.594560 0.110239 0.170214 0.395503 0.035345 0.307355 0.308905 -0.003934 -0.214610 -0.038841 0.175245 0.189392 -0.370815 0.026468 0.077368 -0.251551 -0.496771 -0.275862 -0.042212 -0.332550 -0.220327 -0.230758 -0.416801 -0.289542 -0.125080 0.236506 -0.168809 -0.084486 -0.144599 -0.078564 -0.450258 -0.381312 -0.220546 -0.123275 0.197036 -0.092509 0.048714 0.046912 0.441263 0.548517 0.048989 0.163649 0.127508 -0.012940 -0.201804 -0.055918 0.453793 -0.025666 0.307635 0.189980 0.228648 0.028887 -0.094771 -0.371642 0.068635 -0.451548 -0.332205 -0.103443 0.000293 0.032062 0.452480 -0.226782 -0.025150 0.115295 -0.230080 0.266792
-0.142316 0.037305 -0.066004 -0.086358 -0.128291 -0.738692 -0.095727 -0.284669 -0.082473 -0.326909 0.622829 -0.084532 0.461942 0.057877 0.397612 0.014621 0.772926 0.454897 0.242582 0.015625 0.090479 -0.093168 -0.017243 -0.284238 -0.103468 -0.389477 -0.186435 -0.525557 1.000000 0.576051 0.451230 0.172334 0.556896 0.606806 -0.151790 -0.069228 0.627094 0.006116 -0.271495 -0.303473 0.412593 -0.239812 -0.281573 -0.391805 -0.117169 -0.420376 0.100584 -0.352192 -0.120534 -0.023593 -0.208018 -0.033363 -0.029706 -0.193937 0.464292 0.023904 -0.025087 0.174366 0.034760 -0.138526 0.071514 -0.109527 0.709517 0.313395 -0.016316 -0.076731 0.055131 -0.313036 -0.154014 -0.183975 0.081281 0.089366 0.776646 0.193721 0.379238 -0.061699 0.432728 0.102570 0.305100 0.397385 0.604674 0.610506 0.363956 0.254569 0.282674 0.240445 0.175726 0.233786 -0.147449 -0.477062 -0.192283 -0.406985 -0.524238 -0.549750 -0.060967 -0.304091 0.044932 -0.332755 -0.062037 -0.283426 -0.648799 -0.417669 -0.355364 0.035597 -0.318676 0.144545 -0.110387 -0.180577 -0.302079 0.091836 -0.410131 0.027874 0.045746 -0.447563 0.116263 -0.342862
-0.476105 -0.287227 -0.390334 -0.373716 -0.005762 -0.426145 -0.124793 -0.168182 -0.105727 0.015277 0.120145 -0.148092 0.187848 0.223080 0.097091 0.189285 0.508527 0.468813 0.001048 0.140658 0.178085 0.208520 -0.237320 -0.550900 -0.168616 -0.180240 -0.221398 -0.430223 0.576051 1.000000 0.408496 0.272645 0.516935 0.703492 -0.118247 0.045533 0.367956 0.098423 -0.149671 -0.030703 0.316822 0.030796 -0.268098 -0.278392 0.068304 -0.119441 -0.170956 -0.242280 0.015110 0.181551 -0.274598 -0.202621 -0.054612 0.091244 -0.084529 -0.200844 0.203518 0.196077 0.002649 -0.087683 -0.112727 0.058791 0.668401 0.417244 -0.225680 -0.207551 0.062925 -0.074868 -0.137305 0.012422 0.074638 0.264365 0.780070 0.400755 0.226282 0.334135 0.276748 0.280930 0.068678 0.412035 0.663596 0.636944 -0.090500 0.317047 0.142621 0.050743 -0.391941 -0.013857 -0.449834 -0.286377 -0.162062 -0.396458 -0.376497 -0.286728 0.012269 0.229093 -0.124531 -0.226089 -0.253117 0.111488 -0.128460 -0.306882 -0.108276 -0.150964 -0.118696 0.032758 -0.170175 -0.131908 0.113597 0.093525 -0.275031 -0.024874 -0.028851 0.156110 0.250519 0.067890
0.014292 -0.075898 -0.084276 -0.133041 -0.017476 -0.594539 0.097355 -0.036688 0.056420 -0.255002 0.359584 -0.152409 -0.097350 -0.228913 0.204320 -0.296867 0.406300 0.285240 0.167797 -0.221989 0.537909 0.209065 0.145090 -0.034107 0.162522 0.077855 0.234183 -0.118125 0.451230 0.408496 1.000000 0.748382 0.392189 0.365466 -0.263148 -0.255423 0.258368 -0.317737 -0.028301 -0.151157 0.071460 -0.289479 -0.141197 -0.185688 -0.114194 -0.387959 -0.132837 -0.229659 -0.418192 -0.284959 -0.398632 -0.114434 -0.212509 -0.018059 -0.102932 0.167105 0.219194 0.094128 0.050302 -0.230882 0.042479 -0.198352 0.494222 0.084248 0.208813 -0.019430 0.059306 -0.258313 -0.006702 -0.299532 0.171704 0.292738 0.481708 0.205289 0.203275 0.097113 0.229290 0.123802 0.017038 0.481262 0.460384 0.445150 0.541965 0.194280 0.296637 0.143197 0.132113 0.252657 -0.008107 -0.172816 -0.581798 -0.267800 -0.625524 -0.348022 0.255987 -0.120706 0.210122 -0.430288 -0.172219 -0.131962 -0.572687 -0.436344 -0.295701 -0.146953 -0.325665 0.299984 -0.099589 -0.074510 0.022181 -0.143797 -0.336301 0.081428 -0.217411 -0.084656 0.474748 -0.129559
0.186746 -0.040982 -0.232584 -0.054427 -0.125757 -0.162356 -0.192148 -0.167104 -0.169026 -0.266418 -0.004133 -0.144386 -0.381388 -0.419912 0.049495 -0.211716 0.065451 0.040055 0.119616 -0.053674 0.651267 0.477926 0.166117 0.139710 0.339635 0.468485 0.354899 0.158363 0.172334 0.272645 0.748382 1.000000 0.262587 0.309178 -0.129899 -0.346931 0.271922 -0.074096 0.312691 -0.035425 0.230663 0.124150 0.159684 0.197402 -0.034638 -0.129470 0.157441 0.123332 -0.482170 -0.294317 -0.267731 0.017043 -0.193852 0.221669 -0.024625 0.394053 0.314740 0.075626 -0.098638 -0.177293 -0.140719 -0.092639 0.217452 -0.114174 0.150678 -0.142470 -0.102544 -0.201892 -0.057784 -0.158793 0.005679 0.236377 0.219981 0.141929 0.181387 0.175705 0.114970 0.057185 0.080084 0.306091 0.244726 0.302840 0.483376 0.278643 0.363723 0.145700 -0.025554 0.143020 -0.030560 0.202191 -0.403304 -0.316947 -0.445006 -0.261872 0.150432 0.166123 0.512211 -0.395851 0.048987 0.222849 -0.290991 -0.393681 -0.373224 -0.352304 -0.113003 -0.044677 -0.378367 -0.081483 0.254541 -0.334433 -0.245705 0.023574 -0.268021 0.201495 0.240492 0.235430
0.072173 -0.097720 -0.063986 -0.175444 -0.020378 -0.452641 0.042078 -0.017513 -0.041954 0.004918 0.318610 0.188945 0.248360 0.206869 0.428490 0.474148 0.387513 -0.030753 0.157430 0.164815 0.063909 -0.087397 -0.238183 -0.281477 -0.216453 -0.116333 -0.202121 -0.372043 0.556896 0.516935 0.392189 0.262587 1.000000 0.749985 -0.205465 -0.059178 0.614010 0.079896 0.027922 -0.101322 0.448526 0.121757 0.179171 0.076517 0.308262 -0.062137 0.010559 -0.107513 -0.479840 0.087654 -0.402833 -0.471357 -0.425089 -0.350073 0.097126 0.029369 -0.009458 -0.105322 -0.357017 -0.527285 0.156288 -0.067041 0.743275 0.120288 0.427731 -0.259461 0.110653 -0.154372 -0.173708 -0.044438 -0.076432 -0.013205 0.640630 -0.039439 0.405945 0.149511 -0.013844 -0.012726 0.272391 0.434631 0.710755 0.640898 0.296202 0.565304 0.397634 0.483119 -0.132451 0.294265 -0.353152 -0.168456 -0.467807 -0.610759 -0.376176 -0.399518 0.188983 0.288044 0.272903 0.092220 -0.290347 0.119631 -0.237759 -0.247208 -0.346606 -0.221829 -0.481967 -0.190048 -0.349106 -0.275926 0.314221 0.204224 -0.284562 0.191407 -0.063792 -0.073220 0.182084 0.123214
-0.047359 0.000583 -0.171162 0.023159 0.036075 -0.347075 -0.015832 0.039304 -0.086029 0.085773 0.293017 0.140370 0.300572 0.383661 0.308299 0.358525 0.594674 0.304765 0.263234 0.075696 0.150314 0.084970 -0.121031 -0.443446 -0.117769 -0.061598 -0.163402 -0.335770 0.606806 0.703492 0.365466 0.309178 0.749985 1.000000 -0.282351 -0.108220 0.436688 0.204072 -0.065921 -0.168844 0.558652 0.107018 0.068341 -0.042738 0.199524 -0.052528 0.137218 -0.019982 -0.362091 -0.157191 -0.375259 -0.536995 -0.281591 -0.128443 0.083269 0.070694 -0.031184 -0.081757 -0.319421 -0.545000 0.140847 0.077340 0.602461 0.281864 0.247109 -0.130919 -0.081438 -0.239769 -0.264360 -0.225530 -0.240533 -0.092112 0.737934 -0.025496 0.300245 0.098978 0.090718 -0.053679 0.277949 0.516391 0.684496 0.661899 0.201410 0.484724 0.369780 0.228197 -0.377268 0.092758 -0.253911 -0.197686 -0.273057 -0.402984 -0.321579 -0.483995 -0.167637 0.216774 0.152280 0.007676 -0.118951 0.297822 -0.238908 -0.395023 -0.346482 -0.318842 -0.405395 -0.249776 -0.292048 -0.106376 0.173610 -0.036865 -0.317121 0.191312 0.071375 -0.021326 0.007687 0.238398
-0.086483 -0.463010 -0.020850 -0.495841 0.089874 0.334388 -0.143821 -0.362803 0.241982 -0.128922 -0.294534 -0.309389 -0.111730 -0.252690 -0.307165 -0.136350 -0.150757 0.053726 -0.500955 -0.323511 -0.112410 -0.057315 0.116339 0.092195 0.225012 -0.110910 0.223548 0.325489 -0.151790 -0.118247 -0.263148 -0.129899 -0.205465 -0.282351 1.000000 0.507846 0.085056 0.236476 0.194149 0.179783 0.087624 0.347192 -0.092343 0.187365 0.196029 0.263379 0.075422 0.397665 0.337357 0.203886 0.465185 0.337210 -0.063928 0.042288 0.043316 0.280673 0.225592 -0.146948 0.335973 0.445764 0.132488 -0.172322 -0.176243 -0.268003 -0.371912 -0.148406 0.196420 0.241462 0.123112 0.012730 0.169069 0.278607 -0.074996 0.039749 -0.129097 -0.084338 0.247477 0.374757 0.174159 -0.291526 -0.213177 -0.235124 -0.352720 -0.316739 -0.344059 -0.173010 0.079818 0.130798 -0.305675 -0.153181 -0.020470 -0.054844 -0.193760 0.228207 0.105293 -0.079880 0.146468 0.049477 0.066430 0.140828 0.050879 -0.243535 -0.250623 0.043863 0.232345 0.007625 -0.200510 0.090712 -0.229841 0.198022 0.569257 0.108570 0.314655 0.008172 -0.093143 -0.196133
-0.364699 -0.511906 -0.174244 -0.535888 0.175874 0.099367 -0.016172 -0.035552 0.188415 0.010009 -0.164839 -0.403328 -0.090029 -0.105199 -0.095132 -0.031850 0.039030 0.108995 -0.575206 -0.062405 -0.313543 -0.432988 -0.233741 -0.069844 0.043482 -0.260813 -0.100146 -0.162779 -0.069228 0.045533 -0.255423 -0.346931 -0.059178 -0.108220 0.507846 1.000000 -0.047081 -0.144143 -0.156864 0.175070 -0.256680 -0.092295 -0.285612 -0.115358 0.246523 0.168537 -0.280980 0.072603 0.189376 0.246390 0.023418 0.048880 -0.192375 -0.182911 -0.117793 -0.146393 0.263335 -0.017728 0.500084 0.383725 -0.005896 -0.230187 -0.102331 -0.198337 -0.307795 0.032968 0.595358 0.532010 0.054336 0.271304 0.286426 0.267867 0.180428 0.135029 -0.227324 -0.180156 0.213260 0.242707 -0.210850 -0.292946 0.087109 -0.097954 -0.177641 -0.171952 -0.630452 -0.236596 0.204958 0.304753 -0.557308 -0.408977 -0.154181 -0.125290 -0.059754 0.355478 0.336273 -0.053026 -0.118311 0.034225 -0.303923 0.087319 -0.043274 0.068967 0.203689 0.403183 0.021764 0.371813 0.057627 0.035917 -0.181787 0.260614 0.431799 0.403780 0.427617 -0.044000 0.302254 -0.433360
