1.000000 0.235625 0.431163 0.085163 0.510237 0.474794 0.440619 0.644875 0.570386 0.540528 0.409361 0.153754 0.498116 0.564068 -0.371435 -0.088372 0.225038 -0.158958 0.444348 0.163965 -0.370409 -0.298260 -0.662650 -0.636387 -0.401941 -0.565596 -0.194538 -0.529143 0.340264 -0.068115 -0.321777 -0.387515 -0.237847 -0.395006 -0.555448 -0.475408 -0.090901 -0.040015 -0.114505 -0.084512 -0.058563 -0.008714 0.290893 0.081787 -0.385330 -0.454413 -0.012341 -0.122604 -0.009769 -0.327130 -0.347771 0.109968 0.067569 -0.293147 -0.049293 -0.142487 -0.265473 -0.495687 0.716033 0.661446 0.436947 0.661591 -0.042379 0.373252 -0.579183 0.152551 0.738918 -0.150672 -0.072990 -0.548528 -0.036110 0.258164 0.092620 0.426462 0.329924 0.381408 0.509561 0.258691 -0.239633 -0.285468 -0.142957 -0.226937 -0.540111 -0.179582 -0.730528 -0.410059 -0.599268 -0.603521 -0.473234 0.128780 0.372767 -0.317880 0.187505 0.066629 -0.540973 0.019665 -0.500160 -0.232801 -0.109851 -0.012334 0.506511 0.653427 0.399542 0.171969 0.282348 -0.125040 0.520283 -0.513224 -0.240886 0.126376 -0.222983 -0.078466 0.140756 -0.105232 -0.182804 0.020224
0.235625 1.000000 0.060988 -0.133021 0.160638 0.009667 -0.233854 0.025047 0.239084 -0.102859 0.189910 0.189217 0.263822 0.184864 0.328517 -0.018956 0.156128 0.146242 0.407929 0.511296 -0.486707 0.022325 -0.185640 -0.274515 -0.503987 -0.376794 0.266264 -0.134169 0.131960 -0.081848 -0.525542 -0.517207 0.206615 -0.381508 -0.500260 -0.384430 -0.290525 -0.161608 -0.064579 0.008337 -0.080350 -0.180383 -0.291473 -0.398761 -0.390937 -0.493443 -0.157701 -0.326423 -0.246214 -0.318774 -0.314157 -0.157183 -0.166314 -0.173077 -0.100037 -0.161911 0.240930 0.496854 0.411115 0.515457 0.177349 0.328508 -0.066400 0.384288 -0.275518 0.007643 0.267293 -0.499696 0.667381 0.028396 -0.024354 -0.187412 0.127731 0.146161 0.314879 0.159402 0.033481 0.054097 0.162025 0.269290 0.256971 0.185461 -0.101411 -0.309085 -0.229476 -0.185711 0.144600 -0.181977 -0.089868 0.116035 0.091632 0.123252 0.192211 0.123650 0.016103 0.231022 -0.208389 0.340470 -0.169468 0.155017 -0.226835 0.272961 0.427030 0.325892 0.138423 -0.089977 0.324302 -0.279514 0.102770 0.286511 -0.087941 0.176839 -0.061799 0.051397 -0.125282 0.028386
0.431163 0.060988 1.000000 0.566632 0.692761 0.567972 0.628056 0.644496 0.751344 0.442716 0.223330 0.050288 0.626221 0.296505 0.133616 0.253153 -0.119742 -0.309789 0.104235 0.051384 -0.336766 -0.242526 0.042470 -0.071922 -0.033420 -0.130694 -0.011446 -0.242747 0.047721 -0.519166 -0.116960 -0.307649 -0.197337 -0.413994 -0.258504 -0.171544 -0.468769 -0.296618 0.077007 -0.010035 -0.304478 -0.306692 -0.023969 -0.057160 -0.539782 -0.435642 -0.344117 -0.078202 0.216041 -0.261283 0.132818 0.175843 -0.123490 -0.227546 -0.178714 -0.218255 -0.169986 -0.241747 0.397552 0.333198 0.117049 0.249533 -0.239781 -0.258039 0.098554 0.309019 0.315887 0.040913 0.118490 -0.027333 -0.512762 -0.068269 -0.375128 -0.331468 -0.136613 0.160326 -0.097946 -0.283475 -0.063146 -0.366287 -0.252550 -0.486042 -0.474554 -0.224748 -0.549501 -0.571087 -0.080479 -0.388633 -0.043336 0.181253 0.597441 -0.325700 0.610698 0.536571 -0.182839 0.011670 -0.262827 -0.006515 -0.255661 -0.025619 0.401880 0.395025 0.215835 0.113283 0.026576 -0.206218 0.194317 -0.484993 -0.194409 0.171156 0.028419 -0.027672 0.473510 0.061703 -0.204007 -0.185494
0.085163 -0.133021 0.566632 1.000000 0.268816 0.362528 0.128277 0.377477 0.299006 0.087985 -0.169903 0.133271 0.154621 0.122789 0.025681 0.643280 -0.191911 -0.118449 -0.482097 -0.356485 0.146249 0.012415 0.285294 0.055620 0.059689 0.332917 0.033850 0.292124 -0.329948 -0.437087 -0.036634 0.003047 -0.046361 -0.204749 0.165577 0.313841 -0.065205 0.145962 0.250574 0.282133 -0.056165 0.219708 -0.058706 0.242550 -0.289490 -0.141828 -0.284874 0.224548 0.225409 -0.104850 0.172966 0.122340 -0.048785 -0.028100 -0.048725 0.200383 0.147086 -0.113820 -0.090841 -0.111440 -0.231381 0.015869 -0.171751 -0.348045 0.098050 0.349316 -0.117578 0.210735 0.020625 0.173563 -0.479751 0.136091 -0.354059 -0.206466 -0.119247 0.100648 -0.261389 -0.141300 -0.271209 -0.354097 -0.040699 -0.236751 -0.321137 -0.427344 -0.230531 -0.134933 -0.135585 -0.200815 0.282544 0.365944 0.192887 -0.389836 0.295698 0.017939 -0.078010 -0.050510 0.014597 0.199819 -0.122186 0.273659 -0.003377 -0.304837 -0.218739 -0.395660 -0.173228 -0.322872 -0.092934 -0.374097 -0.274550 0.021462 0.188255 -0.024192 0.467907 -0.060584 -0.095700 -0.023466
0.510237 0.160638 0.692761 0.268816 1.000000 0.593975 0.709458 0.679932 0.685663 0.417140 0.270306 0.206296 0.559868 0.349439 -0.074458 0.338700 0.088730 -0.284399 0.189526 0.144123 -0.246344 -0.218800 -0.391787 -0.395903 -0.266579 -0.510366 0.067011 -0.653231 0.341385 -0.223142 -0.105483 -0.405004 -0.377237 -0.449858 -0.481558 -0.199096 -0.661690 -0.299351 -0.036060 -0.164069 -0.403514 -0.349454 0.108220 -0.064825 -0.304191 -0.223330 -0.112399 -0.102863 -0.006753 -0.096395 -0.224678 -0.010424 -0.375480 -0.274123 -0.442639 -0.223528 -0.066228 -0.136103 0.482345 0.475379 0.395090 0.557872 -0.126725 -0.034601 -0.113924 0.261580 0.376670 -0.036526 0.046959 -0.204082 -0.360355 -0.079163 -0.229999 -0.073161 -0.057998 0.318543 0.174414 -0.170861 -0.160981 -0.301727 -0.259815 -0.542740 -0.640471 0.059964 -0.728902 -0.535142 -0.184577 -0.523406 -0.481105 0.038277 0.644794 -0.345877 0.682785 0.436596 -0.316324 0.115284 -0.452508 -0.022079 -0.302780 -0.000305 0.472317 0.540598 0.498369 0.324330 0.211482 -0.195369 0.416418 -0.467732 -0.100093 0.100799 -0.163607 0.076490 0.456723 -0.059915 -0.346800 0.180341
0.474794 0.009667 0.567972 0.362528 0.593975 1.000000 0.511844 0.761515 0.607906 0.760962 0.382386 0.233422 0.492657 0.574914 0.035128 0.378390 -0.099380 -0.394930 0.209406 0.235403 -0.353080 -0.390356 -0.307300 -0.119776 -0.407409 -0.178597 -0.435179 -0.357840 -0.001820 -0.452520 -0.334998 -0.493681 -0.330015 -0.426434 -0.255462 -0.139657 -0.179640 -0.099536 -0.117806 0.405661 -0.396188 -0.159627 -0.238482 -0.233896 -0.452911 -0.306364 -0.352332 -0.326797 0.254018 -0.044024 -0.265427 0.260923 -0.187256 -0.300915 -0.425509 -0.261560 -0.175954 -0.366139 0.461150 0.463994 0.272462 0.653316 -0.432654 -0.284078 -0.070872 0.443580 0.151576 0.017404 -0.033474 -0.111797 -0.433698 -0.082827 -0.396960 -0.030749 -0.008827 0.044433 -0.034164 -0.143876 -0.082711 -0.507805 -0.189979 -0.559902 -0.417011 0.054150 -0.593584 -0.605710 -0.459650 -0.500834 -0.368117 0.347178 0.668747 -0.008508 0.613165 0.515981 -0.188371 0.089231 -0.506366 0.085524 -0.480729 -0.161665 0.484565 0.235769 0.105766 0.025900 0.055476 0.064552 -0.084801 -0.125163 0.054373 -0.125511 -0.232519 -0.417781 0.268795 0.150462 -0.132395 0.196979
0.440619 -0.233854 0.628056 0.128277 0.709458 0.511844 1.000000 0.753393 0.551169 0.520045 0.276889 0.248656 0.554560 0.331310 -0.273939 0.082676 0.164126 -0.248712 0.063451 -0.015170 -0.097372 -0.403617 -0.206076 -0.192111 0.032425 -0.320385 -0.075635 -0.527382 0.259674 -0.121909 0.060063 -0.297394 -0.280089 -0.288739 -0.161933 0.026672 -0.331370 -0.464450 -0.248205 -0.274092 -0.503509 -0.489039 0.169024 0.063104 -0.040239 0.048940 -0.209301 -0.002845 -0.011043 -0.015240 0.067203 0.073141 -0.300901 -0.253186 -0.410860 -0.148885 -0.212967 -0.405870 0.285945 0.158919 0.351002 0.239267 -0.029916 -0.077602 0.141249 0.252811 0.173919 0.274609 -0.119617 -0.230788 -0.414219 -0.099458 -0.342652 -0.106264 -0.265229 0.004849 0.126068 -0.316480 -0.107619 -0.196017 -0.353406 -0.511006 -0.554615 0.171843 -0.490515 -0.363267 -0.173878 -0.310103 -0.334829 -0.206235 0.624402 -0.442285 0.455820 0.358065 -0.462795 0.094682 -0.469971 -0.200186 -0.063669 -0.005073 0.387543 0.427756 0.218797 0.107645 -0.061706 -0.168161 0.152144 -0.444705 -0.157606 -0.019547 -0.074660 -0.106950 0.325686 -0.136451 -0.277439 0.043940
0.644875 0.025047 0.644496 0.377477 0.679932 0.761515 0.753393 1.000000 0.645294 0.668751 0.354792 0.480723 0.695199 0.692040 -0.190053 0.288897 0.118078 -0.414884 0.123935 0.096690 -0.196260 -0.415324 -0.344846 -0.266784 -0.342682 -0.348898 -0.206420 -0.497468 0.119060 -0.357612 -0.208422 -0.404181 -0.238057 -0.418497 -0.287522 -0.040684 -0.189476 -0.278016 -0.233587 0.018705 -0.417221 -0.227548 -0.090876 -0.077997 -0.366835 -0.237532 -0.448527 -0.157182 0.101076 -0.157363 -0.159347 0.135245 -0.284118 -0.395609 -0.453417 -0.250921 -0.197384 -0.469125 0.483824 0.372970 0.357812 0.524308 -0.277854 -0.162923 -0.110640 0.470390 0.269413 0.203868 0.047449 -0.259997 -0.426534 0.050631 -0.371847 0.047862 -0.075260 0.202936 0.195123 -0.148354 -0.198831 -0.367338 -0.270388 -0.547973 -0.625306 -0.053776 -0.640832 -0.449995 -0.405510 -0.510726 -0.341535 0.122331 0.689942 -0.359464 0.591618 0.362371 -0.452290 0.104566 -0.624920 -0.011304 -0.298268 -0.072763 0.353037 0.334730 0.066075 0.018246 0.072638 -0.233344 0.227107 -0.533951 -0.218327 0.014539 -0.241365 -0.254152 0.266139 -0.070960 -0.275969 0.229817
0.570386 0.239084 0.751344 0.299006 0.685663 0.607906 0.551169 0.645294 1.000000 0.608240 0.256479 0.106978 0.699991 0.562351 0.113956 0.380091 0.246086 0.000299 0.158388 0.121044 -0.477053 -0.363731 -0.341891 -0.344322 -0.519256 -0.516091 -0.205062 -0.465347 0.279814 -0.216588 -0.499703 -0.678493 -0.333033 -0.653335 -0.435740 -0.455559 -0.439461 -0.233733 -0.191454 -0.000265 -0.271068 -0.293308 0.066525 -0.179792 -0.473563 -0.416366 -0.264336 -0.268716 0.244029 -0.133438 0.109073 0.238592 -0.168586 -0.331794 -0.337572 -0.347224 -0.178627 -0.162338 0.657022 0.552613 0.522217 0.472535 -0.166735 -0.014850 -0.017220 0.346159 0.327379 -0.182576 0.028137 -0.260454 -0.318113 -0.192679 -0.138344 -0.091250 -0.066110 0.173790 0.106892 -0.061991 0.082730 -0.153786 0.008102 -0.254321 -0.666928 -0.084956 -0.683143 -0.700846 -0.342289 -0.664167 -0.284725 0.105907 0.622380 -0.286688 0.622009 0.333906 -0.275936 0.329421 -0.460228 -0.001308 -0.257149 0.025200 0.375552 0.466679 0.285575 0.360349 0.036360 -0.024497 0.275324 -0.357275 0.132950 0.269773 -0.335405 -0.092144 0.481035 -0.167037 -0.190225 0.065476
0.540528 -0.102859 0.442716 0.087985 0.417140 0.760962 0.520045 0.668751 0.608240 1.000000 0.415980 0.092761 0.471449 0.516404 -0.026488 0.079255 0.062782 -0.309439 0.368030 0.153767 -0.428261 -0.389500 -0.410525 -0.153674 -0.457978 -0.456640 -0.464031 -0.410532 0.083321 -0.283565 -0.285548 -0.378438 -0.272305 -0.451204 -0.378172 -0.405711 -0.153139 0.001438 -0.094796 0.224318 -0.214611 -0.175453 -0.003446 -0.271529 -0.310749 -0.178292 -0.319870 -0.496781 0.120060 -0.132173 -0.159328 0.155368 -0.175298 -0.380125 -0.358771 -0.483327 -0.311153 -0.436496 0.529914 0.483633 0.559476 0.585071 -0.286028 -0.060529 0.052196 0.421907 0.241019 -0.068928 -0.261538 -0.437931 -0.236437 -0.020730 -0.272729 0.082526 -0.072696 -0.020394 0.199702 0.093919 0.021224 -0.405619 -0.085101 -0.279599 -0.279862 0.174388 -0.350455 -0.405492 -0.474653 -0.501044 -0.354219 0.267976 0.380673 -0.176082 0.389983 0.299950 -0.403980 0.039661 -0.634359 -0.330745 -0.572168 -0.416362 0.526797 0.417170 0.064831 0.210542 0.120409 0.208693 -0.002321 -0.075176 -0.024788 -0.130136 -0.357942 -0.463686 0.034484 0.089347 -0.068877 0.056141
0.409361 0.189910 0.223330 -0.169903 0.270306 0.382386 0.276889 0.354792 0.256479 0.415980 1.000000 0.306270 0.602366 0.394454 0.131046 -0.398229 -0.134776 -0.242135 0.469178 0.205629 -0.335359 -0.566263 -0.390186 -0.245018 -0.375260 -0.407231 -0.275725 -0.358018 0.066516 -0.319995 -0.357435 -0.400754 -0.163133 -0.198752 -0.128758 -0.254185 0.005945 -0.157011 -0.030153 -0.162796 -0.134986 -0.191178 -0.085890 -0.193962 -0.350885 -0.192919 -0.205520 -0.367836 0.197408 -0.214271 -0.110225 0.114281 -0.001943 -0.400364 0.032684 -0.449710 -0.296271 -0.201101 0.497445 0.333992 0.389209 0.419143 -0.276651 -0.049574 -0.098501 0.220706 0.354227 0.162638 -0.108910 -0.259351 0.103492 -0.066368 -0.164942 0.032260 0.053621 0.236931 0.286961 -0.075011 -0.135092 -0.094804 -0.348343 -0.305022 -0.196183 0.072349 -0.264818 -0.264929 -0.261695 -0.171508 -0.095133 0.173701 0.372441 -0.012544 0.269935 0.367369 -0.241079 -0.003061 -0.200087 -0.273253 -0.285927 -0.430474 0.293334 0.375115 0.088416 0.183103 0.107209 0.036520 0.283399 -0.259647 -0.223667 0.129045 -0.066692 -0.197788 -0.233921 0.286404 -0.212408 -0.067074
0.153754 0.189217 0.050288 0.133271 0.206296 0.233422 0.248656 0.480723 0.106978 0.092761 0.306270 1.000000 0.389335 0.470269 0.059172 0.255583 -0.167597 -0.296307 -0.181209 0.174089 -0.144793 -0.341212 -0.111833 -0.251183 -0.249145 -0.186599 0.150858 -0.089246 -0.274858 -0.411286 -0.296834 -0.409488 -0.083630 -0.317973 -0.008545 0.182427 -0.052052 -0.177630 -0.133026 -0.033029 -0.073928 0.009432 -0.191120 0.084484 -0.066712 0.138079 -0.227395 0.011851 0.343751 0.259383 0.124131 0.243106 -0.300418 -0.158277 -0.364725 0.122190 -0.023493 -0.082490 0.297109 -0.052403 0.192505 0.205650 -0.463188 -0.307566 0.031463 0.310642 0.046124 0.357586 0.210318 -0.056434 -0.206941 -0.141336 -0.493003 0.159442 -0.051869 0.171150 0.034122 -0.293494 -0.378481 -0.214201 -0.353386 -0.452272 -0.332658 -0.253706 -0.273657 0.061446 -0.067745 -0.078129 -0.092932 -0.110551 0.342388 -0.334028 0.247861 0.105909 -0.171630 0.228003 -0.040581 0.175585 0.029826 -0.068058 -0.087793 -0.111026 -0.286593 -0.200907 0.063966 -0.157543 0.306456 -0.368892 -0.124898 -0.086444 0.109467 -0.351848 0.184555 -0.027525 -0.251925 0.454833
0.498116 0.263822 0.626221 0.154621 0.559868 0.492657 0.554560 0.695199 0.699991 0.471449 0.602366 0.389335 1.000000 0.720335 0.129487 0.023709 0.144834 -0.143073 0.248494 0.141500 -0.345156 -0.459603 -0.384362 -0.336202 -0.512477 -0.483769 -0.260519 -0.519212 0.249538 -0.319537 -0.543935 -0.628911 -0.259197 -0.521410 -0.246830 -0.270095 -0.205722 -0.247546 -0.105279 -0.168174 -0.239113 -0.238211 -0.009043 -0.117320 -0.424265 -0.270167 -0.329767 -0.193038 0.254001 -0.163053 0.007295 0.192589 -0.234442 -0.486578 -0.121609 -0.401505 -0.412737 -0.282924 0.653030 0.448729 0.497844 0.477872 -0.216676 -0.112364 -0.035585 0.490197 0.319431 0.174008 0.021234 -0.275044 -0.283164 -0.150598 -0.135579 -0.178820 -0.079904 0.266065 0.244565 -0.061991 -0.009934 -0.124335 -0.250950 -0.393605 -0.591440 -0.147368 -0.609700 -0.620819 -0.279951 -0.504342 -0.217935 0.108375 0.636953 -0.281846 0.640441 0.375989 -0.192532 0.299881 -0.371894 -0.105329 -0.223071 -0.142811 0.237900 0.395469 0.166133 0.243184 0.095413 -0.250208 0.470124 -0.566885 -0.056049 0.457482 -0.161411 -0.072046 0.282453 -0.005477 -0.440024 -0.008114
0.564068 0.184864 0.296505 0.122789 0.349439 0.574914 0.331310 0.692040 0.562351 0.516404 0.394454 0.470269 0.720335 1.000000 -0.094016 0.210050 0.297019 -0.034215 0.158304 0.217069 -0.229503 -0.479421 -0.584208 -0.439714 -0.617148 -0.431701 -0.365566 -0.401105 0.181414 -0.136753 -0.568415 -0.622833 -0.430248 -0.430690 -0.150683 -0.187541 0.140251 0.140523 -0.114256 0.156985 -0.197370 0.073317 -0.129679 -0.241577 -0.368139 -0.337645 -0.322427 -0.360650 0.282088 -0.184267 -0.220872 0.132114 -0.180172 -0.580550 -0.182788 -0.358868 -0.299826 -0.344035 0.708984 0.503451 0.543422 0.620340 -0.181577 -0.118660 -0.212349 0.483857 0.366652 0.161801 -0.048981 -0.407661 -0.336693 -0.023720 -0.027875 0.062375 -0.038771 0.317363 0.245784 0.275968 -0.012602 -0.271865 -0.011206 -0.230623 -0.533733 -0.154794 -0.598133 -0.587090 -0.563503 -0.547247 -0.321337 0.270276 0.417257 -0.132340 0.403854 0.155692 -0.224621 0.351461 -0.476573 -0.003249 -0.260117 -0.164348 0.328186 0.157558 0.077244 0.104291 0.250947 -0.004534 0.325159 -0.277170 0.048554 0.205896 -0.232309 -0.259871 0.259268 -0.198713 -0.170537 0.191748
-0.371435 0.328517 0.133616 0.025681 -0.074458 0.035128 -0.273939 -0.190053 0.113956 -0.026488 0.131046 0.059172 0.129487 -0.094016 1.000000 0.136206 -0.280041 -0.057100 0.118790 0.280419 -0.324297 -0.037011 0.426266 0.524278 -0.147714 0.056697 0.068993 0.222375 -0.414314 -0.431631 -0.295582 -0.197737 -0.001487 -0.185833 -0.009872 -0.216086 -0.154269 0.023952 0.159896 0.239503 0.092782 0.107795 -0.590608 -0.522751 -0.491347 -0.349585 -0.409093 -0.462133 0.313554 -0.023084 0.190252 0.216648 -0.006298 -0.071667 -0.087822 -0.324473 0.020781 0.375537 0.124923 0.071510 -0.079781 -0.112865 -0.397008 -0.318327 0.339811 0.094806 -0.095231 -0.252952 0.378087 0.360316 0.032391 -0.411077 -0.368521 -0.440882 -0.160672 -0.111842 -0.487039 -0.229469 0.104450 -0.016223 -0.159455 -0.151538 0.430127 -0.003953 0.252268 -0.049023 0.486173 0.260110 0.372337 0.255865 0.100562 0.295983 0.262768 0.405415 0.510785 0.018986 0.201694 0.357415 -0.321994 -0.282280 -0.127064 0.000139 -0.071989 0.306764 0.130071 0.186072 -0.148391 0.269780 0.325225 0.034141 -0.060626 -0.120048 -0.070924 0.384851 0.206937 0.083677
-0.088372 -0.018956 0.253153 0.643280 0.338700 0.378390 0.082676 0.288897 0.380091 0.079255 -0.398229 0.255583 0.023709 0.210050 0.136206 1.000000 0.040744 0.024584 -0.518041 -0.185705 0.115579 0.058972 0.116855 -0.033501 -0.236067 0.107716 -0.002923 0.065473 -0.172335 -0.154750 -0.161765 -0.244879 -0.243449 -0.360241 0.004107 0.186553 -0.185730 0.101859 -0.040439 0.348204 -0.114764 0.151568 -0.147669 0.044723 -0.126354 -0.030741 -0.153154 0.085238 0.232494 0.250066 0.108326 0.179322 -0.199886 0.070737 -0.510297 0.186916 0.282027 0.093565 -0.008379 -0.039589 -0.027722 0.116534 -0.207033 -0.303856 0.118409 0.250112 -0.276377 -0.110589 0.108106 0.178146 -0.366757 -0.089868 -0.281706 -0.034899 -0.128556 0.070789 -0.260752 -0.099408 -0.157317 -0.197097 0.137869 -0.164718 -0.363127 -0.124941 -0.280369 -0.213100 -0.149177 -0.272791 -0.042994 0.130442 0.282677 -0.197018 0.437083 -0.011447 0.105805 0.257410 -0.084021 0.442293 -0.119660 0.349095 -0.067667 -0.313438 -0.126068 -0.115645 -0.051168 -0.062017 -0.117884 0.015621 0.248843 -0.038235 -0.087988 -0.067892 0.609664 -0.203159 -0.014716 0.428831
0.225038 0.156128 -0.119742 -0.191911 0.088730 -0.099380 0.164126 0.118078 0.246086 0.062782 -0.134776 -0.167597 0.144834 0.297019 -0.280041 0.040744 1.000000 0.640578 -0.012805 -0.188695 0.105243 -0.010895 -0.317734 -0.239091 -0.239362 -0.314950 0.038944 -0.139215 0.461749 0.659973 -0.111527 -0.251648 -0.019553 -0.149851 0.053273 -0.010835 0.139989 0.047466 -0.188326 -0.072751 -0.270496 -0.176194 0.071932 -0.188467 0.117575 -0.043982 -0.194376 -0.219498 -0.503636 -0.311592 -0.171510 -0.449386 -0.287162 -0.442478 -0.051762 -0.244467 0.326352 0.242156 0.091098 0.150873 0.423444 0.156525 0.561723 0.474198 0.018923 0.207176 -0.044674 -0.262603 -0.041536 -0.249785 -0.101254 -0.218552 0.425811 -0.032293 -0.199772 -0.169211 0.155167 0.296371 0.354478 0.564686 0.531246 0.514521 -0.269093 -0.010359 -0.015279 -0.096615 -0.115877 -0.181517 -0.153494 -0.080178 -0.145032 -0.238171 -0.091221 -0.309456 -0.286760 0.376059 -0.469609 0.055510 -0.059178 0.387372 -0.126774 0.074141 0.255029 0.317889 -0.032755 0.012740 0.010283 -0.159755 0.146030 0.290544 -0.285376 0.287347 -0.009922 -0.607889 0.137126 0.046175
-0.158958 0.146242 -0.309789 -0.118449 -0.284399 -0.394930 -0.248712 -0.414884 0.000299 -0.309439 -0.242135 -0.296307 -0.143073 -0.034215 -0.057100 0.024584 0.640578 1.000000 -0.242908 -0.195605 0.167841 0.163238 -0.007306 -0.074675 -0.037622 0.007127 0.096287 0.249511 0.217925 0.663677 -0.250469 -0.203584 0.018783 0.029450 0.296385 0.086636 0.256903 0.297976 0.037629 0.033521 -0.090844 0.022102 0.168965 -0.060022 0.272351 0.063194 -0.000249 -0.032849 -0.274184 -0.149777 0.061552 -0.331496 -0.072105 -0.213074 0.204335 -0.001761 0.317545 0.481031 -0.176991 -0.085078 0.091090 -0.257462 0.631918 0.375472 0.101498 -0.171916 -0.237788 -0.199445 -0.000342 0.044000 0.001789 -0.087361 0.378927 -0.120944 -0.261364 -0.259554 -0.072629 0.360146 0.407636 0.599616 0.557161 0.715540 -0.048175 -0.038274 0.189567 -0.008902 0.008190 -0.053440 0.246148 -0.148460 -0.377939 -0.060418 -0.365324 -0.409028 0.003652 0.350062 0.045629 0.125103 0.164380 0.450696 -0.300914 -0.236508 0.181384 0.217499 -0.286429 0.117316 -0.200108 0.013354 0.190527 0.373543 0.109089 0.427740 0.079275 -0.517712 0.140101 -0.075977
0.444348 0.407929 0.104235 -0.482097 0.189526 0.209406 0.063451 0.123935 0.158388 0.368030 0.469178 -0.181209 0.248494 0.158304 0.118790 -0.518041 -0.012805 -0.242908 1.000000 0.652211 -0.487746 -0.077244 -0.428741 -0.109116 -0.278130 -0.482485 -0.084581 -0.492602 0.375094 0.007588 -0.154331 -0.186414 -0.053051 0.037802 -0.558003 -0.541364 -0.148684 -0.173007 -0.148430 -0.115137 -0.151691 -0.254423 -0.106435 -0.441275 -0.392469 -0.480426 -0.032782 -0.475793 -0.270238 -0.395706 -0.537502 -0.142294 0.010537 -0.212810 -0.117320 -0.483764 -0.175713 -0.112308 0.496389 0.596378 0.289972 0.419361 -0.010873 0.363336 -0.373120 -0.187417 0.532145 -0.408230 0.271321 -0.184015 0.212932 0.107148 0.203381 0.273407 0.329074 0.224064 0.384409 0.165311 0.246439 -0.041491 0.004569 -0.030261 0.161022 0.303434 -0.197679 -0.273698 -0.040962 -0.086840 -0.284202 -0.006157 0.189579 0.336457 0.072422 0.328769 -0.050986 -0.179204 -0.471451 -0.166476 -0.385110 -0.440746 0.331329 0.666332 0.454639 0.504571 0.224670 0.004042 0.220861 0.026475 -0.098018 -0.016238 -0.335504 -0.026913 -0.310566 0.187353 -0.202107 -0.159892
0.163965 0.511296 0.051384 -0.356485 0.144123 0.235403 -0.015170 0.096690 0.121044 0.153767 0.205629 0.174089 0.141500 0.217069 0.280419 -0.185705 -0.188695 -0.195605 0.652211 1.000000 -0.410512 -0.134366 -0.186842 -0.007935 -0.246536 -0.297313 0.099655 -0.262374 0.079020 -0.226245 -0.304387 -0.407223 -0.064459 -0.038026 -0.386104 -0.304123 -0.197054 -0.180429 -0.109529 0.178381 -0.270105 -0.278195 -0.374204 -0.531752 -0.291583 -0.395215 -0.138351 -0.428873 -0.023886 -0.123978 -0.443367 -0.031436 -0.201292 -0.204189 -0.324300 -0.210565 -0.051924 0.133792 0.455968 0.434966 0.142890 0.251086 -0.252250 -0.014783 -0.223780 -0.133665 0.305898 -0.216075 0.548002 0.121435 -0.100215 -0.087054 -0.176696 0.125963 0.102641 0.094054 -0.040738 0.046530 0.243439 -0.145281 -0.046989 -0.151221 0.125222 0.116755 -0.216674 -0.299849 0.072431 -0.094733 -0.245879 -0.049894 0.220848 0.427966 0.097480 0.442742 0.183977 0.097479 -0.233626 0.240193 -0.271641 -0.268210 0.179120 0.320461 0.324386 0.268047 0.071793 0.182758 0.023213 0.153006 0.148731 -0.046150 -0.030821 -0.187545 -0.081426 0.285200 -0.033184 0.185109
-0.370409 -0.486707 -0.336766 0.146249 -0.246344 -0.353080 -0.097372 -0.196260 -0.477053 -0.428261 -0.335359 -0.144793 -0.345156 -0.229503 -0.324297 0.115579 0.105243 0.167841 -0.487746 -0.410512 1.000000 0.164817 0.224067 0.123216 0.301412 0.347507 0.012807 0.184325 0.008633 0.328763 0.438510 0.507552 0.178814 0.470257 0.550588 0.580120 0.488232 0.122111 0.026577 -0.090622 0.051867 0.280124 0.140572 0.312180 0.485901 0.431495 0.089083 0.424243 -0.208088 0.030768 -0.090311 -0.322210 -0.029504 0.023507 0.042612 0.215513 0.187738 -0.016995 -0.554097 -0.573958 -0.342749 -0.480568 0.339633 -0.102577 0.078059 -0.069260 -0.432417 0.299446 -0.178719 0.222687 0.085968 0.282880 0.152101 0.056268 -0.079740 0.122988 -0.010600 0.181440 -0.056754 0.214570 0.034346 0.217474 0.155938 0.161872 0.326248 0.366282 0.022507 0.239882 0.175737 -0.053325 -0.315085 -0.085789 -0.292970 -0.487195 0.143844 0.008303 0.169485 0.097583 0.214061 0.269860 -0.378646 -0.548006 -0.300258 -0.420123 -0.294201 -0.132414 -0.276360 0.218341 0.035783 0.068475 0.160497 0.164287 -0.043914 -0.092591 0.104974 0.096058
-0.298260 0.022325 -0.242526 0.012415 -0.218800 -0.390356 -0.403617 -0.415324 -0.363731 -0.389500 -0.566263 -0.341212 -0.459603 -0.479421 -0.037011 0.058972 -0.010895 0.163238 -0.077244 -0.134366 0.164817 1.000000 0.143918 0.223010 0.190929 0.196515 0.233264 0.136788 0.147784 0.346354 0.208684 0.377646 0.186554 0.381068 -0.054662 0.212610 -0.014398 0.155599 0.017346 -0.054333 0.032376 0.184275 0.027223 0.089444 0.253864 0.125734 0.256603 0.268979 -0.384475 0.143900 -0.136398 -0.202479 -0.008020 0.368178 0.028242 0.376048 0.157675 0.176220 -0.452659 -0.074953 -0.461012 -0.343078 0.424681 0.194318 -0.244079 -0.455415 -0.191762 -0.177714 0.193370 0.221916 0.036183 0.392975 0.297548 0.083047 0.068954 -0.222120 0.051130 0.111173 0.286343 0.126962 0.370777 0.384008 0.222598 0.137058 0.260379 0.199685 0.270588 0.082805 0.144088 -0.228236 -0.354800 0.208520 -0.341139 -0.235828 0.282831 -0.227585 0.102931 0.272436 0.145519 0.328471 -0.326532 -0.134216 0.133890 0.068746 -0.125219 -0.224884 -0.166031 0.069239 -0.044153 -0.024161 -0.043701 0.493243 0.047582 -0.215328 -0.009111 -0.035964
-0.662650 -0.185640 0.042470 0.285294 -0.391787 -0.307300 -0.206076 -0.344846 -0.341891 -0.410525 -0.390186 -0.111833 -0.384362 -0.584208 0.426266 0.116855 -0.317734 -0.007306 -0.428741 -0.186842 0.224067 0.143918 1.000000 0.753098 0.638258 0.760103 0.346991 0.728296 -0.623911 -0.279262 0.410376 0.439261 0.400564 0.230114 0.460036 0.396443 0.063925 -0.128341 0.224012 0.229335 0.058632 -0.043409 -0.350726 -0.001466 -0.012408 0.074265 -0.313303 0.185923 0.064265 0.019863 0.436019 0.014405 0.117538 0.265532 0.101451 0.156686 0.342147 0.352246 -0.644406 -0.641890 -0.634139 -0.691341 -0.166877 -0.367637 0.598267 -0.099065 -0.550587 0.025726 0.293150 0.665702 -0.036721 -0.223506 -0.418916 -0.466527 -0.266231 -0.366929 -0.668307 -0.416572 -0.050075 0.147860 -0.137733 -0.011311 0.515583 -0.162792 0.594588 0.429118 0.652695 0.644599 0.674456 -0.014052 -0.152978 0.067281 -0.087766 0.123144 0.363602 -0.202222 0.472395 0.288330 0.123310 0.084671 -0.383000 -0.452707 -0.409378 -0.267647 -0.278048 0.008729 -0.513626 0.206066 -0.025815 -0.096766 0.446175 -0.011414 -0.109562 0.251750 0.315880 -0.142786
-0.636387 -0.274515 -0.071922 0.055620 -0.395903 -0.119776 -0.192111 -0.266784 -0.344322 -0.153674 -0.245018 -0.251183 -0.336202 -0.439714 0.524278 -0.033501 -0.239091 -0.074675 -0.109116 -0.007935 0.123216 0.223010 0.753098 1.000000 0.466476 0.600020 0.074244 0.469119 -0.456520 -0.127728 0.350364 0.434857 0.186136 0.440680 0.388763 0.348188 0.140848 -0.023828 0.038431 0.251665 -0.148833 -0.017936 -0.582840 -0.361072 -0.107778 -0.021659 -0.454407 -0.165151 -0.021724 -0.016658 0.224921 0.011806 0.111904 0.122400 0.013376 -0.124186 0.131869 0.187844 -0.562056 -0.403021 -0.481018 -0.568065 -0.039086 -0.327361 0.459245 -0.172336 -0.495305 0.081978 0.222130 0.588007 0.015220 -0.125806 -0.342351 -0.520810 -0.399532 -0.479600 -0.555269 -0.318285 0.165301 0.069962 -0.092218 -0.026399 0.645656 0.290773 0.641391 0.275202 0.588849 0.611464 0.609253 0.044638 -0.058821 0.446212 -0.107605 0.297098 0.395722 -0.363373 0.164853 0.243843 -0.096262 -0.176338 -0.213397 -0.300744 -0.281353 -0.001138 -0.223248 0.027711 -0.676561 0.377054 -0.024453 -0.264933 0.027702 -0.008724 -0.330103 0.224401 0.324902 -0.076234
-0.401941 -0.503987 -0.033420 0.059689 -0.266579 -0.407409 0.032425 -0.342682 -0.519256 -0.457978 -0.375260 -0.249145 -0.512477 -0.617148 -0.147714 -0.236067 -0.239362 -0.037622 -0.278130 -0.246536 0.301412 0.190929 0.638258 0.466476 1.000000 0.654864 0.424740 0.479855 -0.260666 0.041206 0.778202 0.672054 0.176050 0.578876 0.493334 0.501556 0.061556 -0.072159 0.220007 -0.103365 -0.028087 -0.077436 0.087511 0.291573 0.290930 0.234658 0.069441 0.384524 -0.097140 0.010306 0.288998 -0.151395 0.128427 0.302421 0.257906 0.309457 0.204093 0.043679 -0.650275 -0.636635 -0.591735 -0.635625 0.172211 -0.214070 0.326195 -0.349857 -0.206835 0.247855 -0.002178 0.394703 -0.021519 0.063000 -0.181962 -0.311000 -0.266566 -0.269023 -0.367384 -0.321701 -0.085900 -0.001390 -0.204216 -0.062839 0.386833 -0.006767 0.436030 0.443067 0.471269 0.608278 0.381746 -0.305023 -0.266159 -0.055111 -0.392081 0.049399 0.114952 -0.375387 0.444480 -0.024250 0.295954 0.060067 -0.024317 -0.219828 -0.200574 -0.272150 -0.125128 -0.029112 -0.312475 0.070051 -0.319426 -0.278848 0.516417 0.145680 -0.076583 -0.016874 0.195658 -0.233125
-0.565596 -0.376794 -0.130694 0.332917 -0.510366 -0.178597 -0.320385 -0.348898 -0.516091 -0.456640 -0.407231 -0.186599 -0.483769 -0.431701 0.056697 0.107716 -0.314950 0.007127 -0.482485 -0.297313 0.347507 0.196515 0.760103 0.600020 0.654864 1.000000 0.081192 0.757077 -0.592193 -0.159379 0.389691 0.504623 0.241233 0.411976 0.614518 0.577884 0.379576 0.106070 0.282488 0.421336 0.119650 0.167920 -0.278074 0.176667 0.053445 0.103191 -0.102282 0.362642 0.103820 0.094131 0.223583 0.061648 0.328039 0.330273 0.314758 0.361660 0.274438 0.107907 -0.697282 -0.635547 -0.725798 -0.526472 -0.091049 -0.386049 0.297149 -0.121661 -0.540584 0.181543 0.079032 0.622871 -0.078455 -0.011492 -0.222884 -0.335909 -0.160217 -0.355635 -0.503693 -0.271514 -0.090852 0.018662 -0.069669 -0.009860 0.409680 -0.183669 0.453294 0.299988 0.287737 0.563214 0.580239 0.036743 -0.186674 0.243263 -0.172793 0.046206 0.428796 -0.285949 0.541671 0.280019 0.297532 0.191272 -0.238549 -0.610370 -0.423555 -0.498500 -0.264414 -0.019164 -0.548870 0.238037 -0.071903 -0.111917 0.492246 0.048682 -0.068930 0.158204 0.260950 -0.174438
-0.194538 0.266264 -0.011446 0.033850 0.067011 -0.435179 -0.075635 -0.206420 -0.205062 -0.464031 -0.275725 0.150858 -0.260519 -0.365566 0.068993 -0.002923 0.038944 0.096287 -0.084581 0.099655 0.012807 0.233264 0.346991 0.074244 0.424740 0.081192 1.000000 0.327722 -0.112967 -0.013050 0.374286 0.156626 0.378010 0.230478 0.099377 0.335108 -0.350183 -0.221696 0.207235 -0.187878 -0.070276 -0.186484 -0.110102 -0.024925 0.054734 0.055496 -0.161934 0.015902 -0.400158 -0.250369 0.044647 -0.539971 -0.396313 -0.130340 -0.034042 0.089587 0.610279 0.583514 -0.212204 -0.350882 -0.048347 -0.309986 0.143146 0.084290 0.273583 -0.129983 -0.082498 -0.076015 0.523324 0.415419 -0.088942 -0.202716 -0.151092 -0.053276 -0.082700 0.013144 -0.214846 -0.279759 -0.033648 0.278595 0.041724 0.089538 0.174537 -0.212571 0.273769 0.520443 0.668615 0.462252 0.293152 -0.264165 -0.241543 -0.324041 -0.260349 -0.101725 0.043379 -0.078242 0.094326 0.307426 0.009810 0.134232 -0.325903 -0.136050 0.044064 -0.073103 -0.045147 -0.120186 0.126456 -0.255966 -0.301545 -0.017857 0.368226 0.144189 -0.072527 -0.256115 0.045627 0.032092
-0.529143 -0.134169 -0.242747 0.292124 -0.653231 -0.357840 -0.527382 -0.497468 -0.465347 -0.410532 -0.358018 -0.089246 -0.519212 -0.401105 0.222375 0.065473 -0.139215 0.249511 -0.492602 -0.262374 0.184325 0.136788 0.728296 0.469119 0.479855 0.757077 0.327722 1.000000 -0.706287 -0.175503 0.201638 0.311606 0.376126 0.221418 0.634351 0.435847 0.374273 0.294348 0.444742 0.476786 0.259003 0.252224 -0.301859 0.043035 0.061392 0.107644 -0.208345 0.061080 0.056742 -0.051307 0.320009 -0.102370 0.133548 0.091857 0.389463 0.272087 0.470733 0.401967 -0.528492 -0.614778 -0.448916 -0.493016 -0.081727 -0.260071 0.465746 0.081674 -0.486324 0.041736 0.097386 0.490032 -0.095252 -0.244208 -0.224706 -0.293778 -0.197905 -0.434813 -0.622339 -0.129897 -0.028225 0.138130 0.159088 0.296805 0.511998 -0.465339 0.661331 0.537800 0.375683 0.585504 0.668866 0.191003 -0.549098 -0.007495 -0.442898 -0.215770 0.326913 -0.123110 0.526168 0.280180 0.109283 0.163493 -0.381332 -0.686675 -0.511120 -0.505222 -0.206778 0.224803 -0.501476 0.235704 -0.025900 -0.121318 0.542953 -0.138320 -0.212521 0.059962 0.503789 -0.174091
0.340264 0.131960 0.047721 -0.329948 0.341385 -0.001820 0.259674 0.119060 0.279814 0.083321 0.066516 -0.274858 0.249538 0.181414 -0.414314 -0.172335 0.461749 0.217925 0.375094 0.079020 0.008633 0.147784 -0.623911 -0.456520 -0.260666 -0.592193 -0.112967 -0.706287 1.000000 0.622812 -0.019987 -0.175382 -0.052554 0.104844 -0.285447 -0.183323 -0.203679 -0.269990 -0.532656 -0.583509 -0.337931 -0.318385 0.453691 0.091317 0.229960 0.038779 0.322293 0.079037 -0.388657 -0.117862 -0.243366 -0.286800 -0.255662 -0.114398 -0.160701 -0.149085 -0.147970 -0.107834 0.213933 0.363556 0.320534 0.185235 0.578357 0.481288 -0.374792 -0.210261 0.257088 -0.131793 -0.073717 -0.333427 0.079186 0.226430 0.668343 0.270669 0.226180 0.294729 0.545992 0.217469 0.404084 0.300864 0.363304 0.255567 -0.409428 0.385308 -0.374990 -0.367031 -0.205884 -0.426797 -0.496577 -0.317725 0.152843 -0.043563 -0.023632 -0.184095 -0.313654 0.250756 -0.494840 -0.173935 -0.034077 0.174481 0.008034 0.371104 0.431164 0.378773 -0.125644 -0.266152 0.275439 -0.179843 0.010725 0.222504 -0.485993 0.313138 0.197912 -0.474710 -0.426273 -0.065139
-0.068115 -0.081848 -0.519166 -0.437087 -0.223142 -0.452520 -0.121909 -0.357612 -0.216588 -0.283565 -0.319995 -0.411286 -0.319537 -0.136753 -0.431631 -0.154750 0.659973 0.663677 0.007588 -0.226245 0.328763 0.346354 -0.279262 -0.127728 0.041206 -0.159379 -0.013050 -0.175503 0.622812 1.000000 0.173071 0.162585 -0.006475 0.367592 0.096449 0.090645 0.243760 0.116883 -0.348502 -0.348615 -0.162004 -0.035509 0.354939 0.085994 0.514517 0.240508 0.324371 0.134743 -0.533988 -0.041540 -0.145760 -0.392836 0.010294 0.051866 0.044485 0.039767 0.171967 0.134588 -0.278066 -0.047298 0.066204 -0.213003 0.849750 0.619635 -0.203293 -0.449043 -0.105842 -0.184732 -0.144061 -0.153257 0.264361 0.205415 0.713833 0.222784 -0.003098 -0.063594 0.321469 0.373106 0.353331 0.550106 0.532059 0.657796 0.009316 0.411330 0.170705 0.103984 -0.034719 0.016965 -0.091083 -0.366659 -0.321722 0.092768 -0.466844 -0.524689 -0.194419 0.062817 -0.219596 -0.115953 0.251367 0.321839 -0.220818 -0.024254 0.258689 0.284216 -0.179336 -0.115050 -0.102454 0.139883 0.051963 0.036078 -0.294432 0.472538 -0.075750 -0.631025 -0.046021 -0.078151
-0.321777 -0.525542 -0.116960 -0.036634 -0.105483 -0.334998 0.060063 -0.208422 -0.499703 -0.285548 -0.357435 -0.296834 -0.543935 -0.568415 -0.295582 -0.161765 -0.111527 -0.250469 -0.154331 -0.304387 0.438510 0.208684 0.410376 0.350364 0.778202 0.389691 0.374286 0.201638 -0.019987 0.173071 1.000000 0.828625 0.253882 0.625106 0.316164 0.431747 -0.055188 -0.128539 0.061579 -0.217703 -0.081691 -0.143321 0.116591 0.227101 0.367169 0.324408 0.084090 0.278063 -0.321633 -0.052118 0.058113 -0.355661 -0.005364 0.250874 0.049754 0.092394 0.266671 -0.011348 -0.629421 -0.565173 -0.387670 -0.457519 0.238981 -0.086406 0.259316 -0.272352 -0.204724 0.106491 -0.106281 0.258266 0.130773 0.125584 -0.011893 -0.107610 -0.130798 -0.044502 -0.158482 -0.217277 -0.167657 0.010046 -0.115772 -0.023241 0.369278 0.204999 0.444564 0.532305 0.388870 0.523734 0.110533 -0.199638 -0.253354 -0.061604 -0.314912 -0.060376 -0.060059 -0.459961 0.112882 -0.153052 0.029587 -0.086074 -0.018643 -0.147383 -0.207532 -0.214112 0.011737 -0.036743 -0.235837 0.182483 -0.351833 -0.395389 0.168779 0.069866 -0.258592 -0.053004 0.176715 -0.128705
-0.387515 -0.517207 -0.307649 0.003047 -0.405004 -0.493681 -0.297394 -0.404181 -0.678493 -0.378438 -0.400754 -0.409488 -0.628911 -0.622833 -0.197737 -0.244879 -0.251648 -0.203584 -0.186414 -0.407223 0.507552 0.377646 0.439261 0.434857 0.672054 0.504623 0.156626 0.311606 -0.175382 0.162585 0.828625 1.000000 0.267364 0.647994 0.266027 0.298663 0.197866 0.178366 0.222380 -0.122414 0.281184 0.256165 0.143261 0.275898 0.286037 0.242321 0.173747 0.358912 -0.210887 -0.054561 0.027904 -0.208988 0.328485 0.380132 0.334800 0.129406 0.069255 -0.094492 -0.679101 -0.502052 -0.548972 -0.509354 0.214379 -0.021174 0.063603 -0.368781 -0.170850 0.107561 -0.194295 0.179638 0.359292 0.393702 0.129350 -0.048752 0.015821 0.025184 -0.019620 0.061388 -0.209136 -0.033960 -0.132163 0.099511 0.546167 0.180006 0.550210 0.585649 0.303891 0.516256 0.311231 -0.014605 -0.445032 0.109025 -0.394058 -0.218986 0.058145 -0.596583 0.312962 -0.252783 0.142619 -0.165957 -0.087199 -0.209275 -0.253308 -0.212070 0.071029 -0.116262 -0.196335 0.239485 -0.362269 -0.284869 0.146947 0.198581 -0.372604 0.118742 0.183597 -0.219783
-0.237847 0.206615 -0.197337 -0.046361 -0.377237 -0.330015 -0.280089 -0.238057 -0.333033 -0.272305 -0.163133 -0.083630 -0.259197 -0.430248 -0.001487 -0.243449 -0.019553 0.018783 -0.053051 -0.064459 0.178814 0.186554 0.400564 0.186136 0.176050 0.241233 0.378010 0.376126 -0.052554 -0.006475 0.253882 0.267364 1.000000 0.241586 0.183018 0.241301 0.036981 -0.429185 -0.155047 -0.091426 0.113408 -0.161338 -0.064858 0.140887 0.181967 0.239090 -0.156477 0.171883 -0.430767 -0.206762 0.030128 -0.402781 -0.211364 0.012172 0.131906 0.046016 0.410349 0.394900 -0.406379 -0.425131 -0.196672 -0.382358 0.099218 0.204103 0.257971 0.013567 -0.441234 -0.142986 0.351526 0.406712 0.173305 -0.136985 0.107286 0.142171 0.328641 -0.119158 -0.103465 -0.294716 0.140751 0.533377 0.171817 0.302883 0.341253 -0.172172 0.471967 0.589554 0.483507 0.381666 0.277442 -0.076063 -0.280580 -0.132624 -0.350251 -0.343514 -0.001042 0.037721 0.017563 0.182318 -0.001804 0.171960 -0.722412 -0.342430 -0.351459 -0.356786 -0.477248 -0.152818 -0.215783 -0.044445 -0.070414 0.117247 0.046823 -0.124042 -0.383875 -0.001270 -0.021205 -0.176260
-0.395006 -0.381508 -0.413994 -0.204749 -0.449858 -0.426434 -0.288739 -0.418497 -0.653335 -0.451204 -0.198752 -0.317973 -0.521410 -0.430690 -0.185833 -0.360241 -0.149851 0.029450 0.037802 -0.038026 0.470257 0.381068 0.230114 0.440680 0.578876 0.411976 0.230478 0.221418 0.104844 0.367592 0.625106 0.647994 0.241586 1.000000 0.501413 0.572061 0.344170 0.013033 -0.122531 -0.209294 -0.153506 0.055010 -0.052504 0.068373 0.360465 0.251109 0.072527 0.184791 -0.313002 -0.076399 -0.080878 -0.372128 0.085223 0.131568 0.177020 0.101173 0.147080 -0.002979 -0.600880 -0.517028 -0.442171 -0.611503 0.460076 -0.028929 -0.039217 -0.548201 -0.256892 0.250042 0.085677 0.466890 0.247099 0.369541 0.201766 0.025675 -0.082455 -0.044134 -0.028944 -0.046840 0.153950 0.169151 0.071846 0.229638 0.486515 0.433619 0.507399 0.431363 0.313652 0.533525 0.341216 -0.301769 -0.298097 0.362258 -0.615447 -0.158129 0.218325 -0.462540 0.124765 0.091120 0.132398 -0.073966 -0.244966 -0.339216 -0.229795 -0.221581 -0.290295 -0.120104 -0.384848 0.266400 -0.323058 -0.264680 0.054661 0.175258 -0.397364 -0.183379 0.057702 -0.097874
-0.555448 -0.500260 -0.258504 0.165577 -0.481558 -0.255462 -0.161933 -0.287522 -0.435740 -0.378172 -0.128758 -0.008545 -0.246830 -0.150683 -0.009872 0.004107 0.053273 0.296385 -0.558003 -0.386104 0.550588 -0.054662 0.460036 0.388763 0.493334 0.614518 0.099377 0.634351 -0.285447 0.096449 0.316164 0.266027 0.183018 0.501413 1.000000 0.766787 0.532707 0.141787 0.115759 0.134511 -0.100789 0.116757 -0.158986 0.156235 0.367250 0.426804 -0.199958 0.160277 0.089468 0.072510 0.334369 -0.194630 -0.118491 -0.127295 0.247823 0.156457 0.279273 0.157829 -0.570801 -0.776758 -0.319816 -0.564046 0.172982 -0.458090 0.504633 0.147425 -0.599003 0.467129 -0.163328 0.453955 -0.161009 -0.195586 -0.120559 -0.402734 -0.440744 -0.334545 -0.476987 -0.205525 0.109851 0.222869 0.081527 0.179817 0.262065 -0.087181 0.545944 0.356547 0.214296 0.479473 0.479775 -0.048038 -0.328119 -0.058098 -0.408250 -0.204681 0.266218 0.055065 0.363995 0.235119 0.104800 0.160198 -0.367492 -0.768998 -0.629485 -0.518038 -0.398060 0.130030 -0.544587 0.211433 -0.002020 -0.059930 0.357290 -0.117584 -0.107479 -0.196898 0.289416 -0.017726
-0.475408 -0.384430 -0.171544 0.313841 -0.199096 -0.139657 0.026672 -0.040684 -0.455559 -0.405711 -0.254185 0.182427 -0.270095 -0.187541 -0.216086 0.186553 -0.010835 0.086636 -0.541364 -0.304123 0.580120 0.212610 0.396443 0.348188 0.501556 0.577884 0.335108 0.435847 -0.183323 0.090645 0.431747 0.298663 0.241301 0.572061 0.766787 1.000000 0.286179 -0.082601 -0.038979 0.013424 -0.353675 -0.034519 -0.232346 0.186264 0.391305 0.470658 -0.220366 0.295556 -0.211570 0.090970 0.122058 -0.334799 -0.311874 -0.037781 -0.057454 0.334191 0.410137 0.146202 -0.663383 -0.722030 -0.378962 -0.507133 0.246738 -0.348540 0.315068 0.022153 -0.630404 0.545499 0.109843 0.544131 -0.330628 0.020652 -0.204453 -0.200697 -0.363801 -0.274980 -0.321185 -0.357688 0.028210 0.171374 0.076432 0.036839 0.067566 0.028145 0.377540 0.391135 0.281874 0.427008 0.391483 -0.208370 -0.121143 -0.099175 -0.282515 -0.156105 0.133002 -0.077436 0.109370 0.388042 0.140153 0.324309 -0.462387 -0.722039 -0.440727 -0.572337 -0.496610 -0.217974 -0.468521 -0.073856 -0.261075 -0.159657 0.307439 0.044362 -0.005038 -0.315937 0.008532 0.104217
