1.000000 0.706570 -0.192160 -0.440743 -0.097177 -0.759821 0.023933 -0.153340 0.227074 -0.320081 0.350284 0.012981 0.308997 0.323610 -0.198647 -0.106955 0.589580 0.660564 0.209310 0.230535 -0.294941 -0.350692 -0.447562 -0.547396 -0.394084 -0.645754 -0.497770 -0.495844 0.536321 0.573305 -0.332610 -0.286533 0.703299 0.550220 0.144801 -0.174594 0.254659 0.248907 -0.276279 -0.240895 0.120455 0.471802 0.371191 0.343504 -0.075797 -0.204805 0.288113 0.021410 -0.170966 -0.195462 -0.045673 -0.120253 0.360408 0.056297 -0.056117 0.114499 0.326258 0.158294 0.103472 0.033051 0.477606 0.348207 0.474312 0.651128 -0.146348 -0.343532 -0.075894 -0.536153 -0.245960 -0.269434 -0.106870 -0.194876 0.717114 0.461875 0.436348 0.294596 0.662281 0.306347 0.246821 0.234452 0.251562 0.371297 -0.070419 -0.024466 -0.180467 -0.029720 -0.428386 -0.380907 -0.310911 -0.169106 -0.164035 -0.425581 -0.569582 -0.396324 -0.180853 0.262824 0.089910 -0.361968 0.466188 -0.068346 -0.253843 -0.008009 0.036283 -0.024426 -0.051806 0.161874 0.192979 -0.112270 0.263843 -0.154055 -0.284435 -0.006183 0.358955 0.361534 0.250831 0.075943
0.706570 1.000000 -0.013991 -0.327124 -0.256136 -0.587139 -0.300209 -0.229539 -0.052610 -0.408257 0.295273 0.019893 0.228687 0.264997 -0.193551 -0.255993 0.304821 0.381553 0.210495 0.225658 -0.234094 -0.188784 -0.207334 -0.402123 -0.207085 -0.489511 -0.383344 -0.226781 0.225663 0.256658 -0.317786 -0.268662 0.613581 0.384724 0.262128 0.092766 0.132282 0.103661 -0.243007 -0.113492 0.073583 0.229819 0.196459 0.209165 -0.153596 -0.264989 0.156313 0.064594 0.061323 -0.142494 0.121942 0.019080 0.470251 0.127334 0.045859 0.240738 0.227335 0.378017 0.279753 0.263041 0.148144 0.407710 0.186474 0.494202 -0.252805 -0.332016 0.200646 -0.352306 0.053773 -0.219541 -0.273851 -0.360142 0.366425 0.172235 0.191146 0.069235 0.358815 -0.054363 0.252656 0.301605 0.167039 0.151211 -0.178184 -0.277254 -0.246588 -0.019584 -0.453621 -0.272150 -0.257167 -0.151995 -0.167556 -0.183993 -0.334296 0.000899 0.084991 0.086808 -0.056001 -0.195637 0.233140 -0.057268 -0.104798 0.179590 -0.056789 -0.010802 -0.045124 -0.024133 0.092944 0.099055 0.353410 0.044583 -0.068318 0.009873 0.138491 0.152522 0.146340 -0.173491
-0.192160 -0.013991 1.000000 0.159726 0.204124 0.094212 0.244723 0.081407 0.226419 -0.115348 0.245012 -0.133965 0.213947 -0.132823 -0.062909 -0.436184 0.047748 -0.001266 -0.231445 -0.523432 0.322389 0.114351 0.551238 0.137253 0.331395 0.252750 0.048921 0.352455 -0.238422 -0.185044 0.208498 0.269010 -0.121856 0.089565 0.410870 0.320839 0.141572 0.042545 -0.156137 -0.064949 0.169102 -0.023162 -0.383380 -0.323485 -0.126692 -0.168434 -0.430579 -0.268298 0.150269 -0.215225 0.087938 0.043399 0.309372 -0.044957 -0.198101 -0.375006 -0.053192 0.123093 0.258956 0.238811 0.040055 0.237336 -0.189922 0.021770 0.235889 0.264096 0.323811 0.120279 0.023391 -0.352474 -0.003553 -0.158023 -0.134782 0.169527 0.341109 0.128624 0.070915 0.129655 0.215401 0.337461 -0.050484 -0.122355 0.077407 -0.091846 0.062861 -0.115360 -0.256294 -0.550179 0.214450 0.007038 -0.047365 -0.004040 0.008687 0.201869 -0.159505 -0.322190 -0.395782 0.008679 -0.540272 -0.198237 0.086196 0.337897 0.149565 -0.290283 -0.335727 -0.463916 0.058644 0.048730 -0.453275 0.213489 0.263514 -0.339721 -0.133256 -0.508397 -0.442220 -0.573199
-0.440743 -0.327124 0.159726 1.000000 -0.103789 0.457746 -0.087610 0.459693 -0.210872 0.336493 -0.137924 0.274784 -0.241066 -0.068664 -0.197507 0.125206 -0.320801 -0.301576 -0.546516 -0.555353 0.190577 0.307159 0.518707 0.606935 0.262359 0.617846 0.227677 0.646465 -0.537888 -0.470664 0.647525 0.471918 -0.509090 -0.089333 0.131134 0.551116 -0.278917 -0.242652 -0.043512 0.083788 -0.281273 -0.222659 -0.075557 -0.007230 -0.066699 0.190902 -0.136415 0.023557 0.261232 0.068297 0.300980 0.201558 -0.042262 0.251649 -0.073087 -0.106800 -0.394384 -0.414060 0.070268 0.067972 -0.345060 -0.112241 -0.294455 -0.402629 0.262290 0.693935 -0.058638 0.165013 -0.417449 -0.347517 -0.121855 0.167814 -0.558362 -0.141056 0.018911 0.088611 -0.397515 -0.230727 -0.082117 -0.197060 -0.475710 -0.565919 -0.221201 -0.265321 0.177100 0.114094 0.149455 -0.012277 0.471976 0.212512 -0.377760 -0.010745 0.499606 0.199637 0.018427 -0.425185 -0.169284 -0.214708 -0.569618 -0.465513 -0.075323 -0.129204 -0.278393 -0.433478 -0.398917 -0.290690 -0.090421 0.058286 -0.247845 -0.226640 -0.086981 -0.343810 -0.135372 -0.232964 -0.342686 -0.248457
-0.097177 -0.256136 0.204124 -0.103789 1.000000 0.497091 0.216735 -0.183725 0.505089 -0.262869 0.194047 -0.158422 0.156872 -0.055430 0.153440 -0.150383 -0.335057 -0.322497 0.205847 0.024022 -0.027054 -0.023805 0.261335 0.029065 0.449608 0.139756 0.533477 0.019972 -0.090664 -0.203525 -0.105241 -0.183946 -0.094629 -0.172066 -0.085173 -0.153593 0.017769 -0.009619 0.267760 0.206640 -0.023308 -0.257293 -0.247162 -0.322550 -0.114938 -0.055287 -0.368837 -0.290337 0.063208 -0.166315 -0.228475 -0.026545 0.172778 -0.283874 0.209129 -0.213789 -0.317355 -0.015233 0.136888 0.268733 0.222907 -0.026837 -0.289374 -0.332940 0.174830 0.037559 0.236186 0.414705 0.111117 0.285805 0.010489 -0.071768 -0.188584 -0.120823 -0.010706 -0.191230 -0.001701 0.163319 -0.351776 -0.279199 -0.139578 -0.276569 0.120556 0.014483 0.161591 -0.218692 0.383081 0.082314 0.184309 0.286037 0.241322 0.201162 0.072356 0.017813 -0.226864 0.243553 -0.085600 0.179899 -0.257157 0.101413 0.179038 0.191252 0.226057 -0.040357 0.197382 0.062652 -0.013393 -0.204026 -0.370285 0.323999 0.193658 -0.271087 -0.192315 -0.333830 -0.020465 0.092133
-0.759821 -0.587139 0.094212 0.457746 0.497091 1.000000 -0.075667 0.214058 -0.136180 0.248548 -0.174118 0.086570 -0.167367 -0.107195 0.110754 0.131079 -0.629071 -0.615196 -0.279214 -0.289055 0.150795 0.331486 0.469094 0.527828 0.520700 0.726551 0.714537 0.556737 -0.519054 -0.594473 0.210883 0.163966 -0.638882 -0.566579 -0.099659 0.204002 -0.341135 -0.254581 0.397171 0.514174 -0.161488 -0.547626 -0.426992 -0.467636 -0.137768 0.089948 -0.429277 -0.221189 0.175711 0.016941 -0.055440 0.051823 -0.205972 -0.126976 0.243574 -0.137628 -0.449609 -0.180535 0.009730 0.199720 -0.258457 -0.181054 -0.486639 -0.692147 0.227770 0.449449 0.135550 0.579491 0.232678 0.340118 -0.076065 0.071411 -0.725039 -0.501017 -0.413029 -0.407489 -0.682254 -0.374454 -0.417729 -0.318254 -0.398870 -0.548205 -0.001105 -0.090818 0.324220 0.037333 0.560644 0.524571 0.473652 0.421497 0.062254 0.298564 0.520255 0.330840 -0.053637 -0.168807 -0.190266 0.410239 -0.543131 -0.075221 0.184533 0.007152 -0.060776 -0.047355 0.114283 0.010634 -0.241076 -0.048794 -0.345051 0.072224 0.225798 -0.286115 -0.339101 -0.386925 -0.173848 0.065959
0.023933 -0.300209 0.244723 -0.087610 0.216735 -0.075667 1.000000 0.490176 0.629657 0.326799 0.057202 0.027123 0.271889 -0.103168 0.117126 -0.027651 0.074157 -0.071003 -0.088730 -0.129331 0.209973 0.034795 -0.048721 -0.273861 -0.287625 -0.035745 -0.282579 -0.303529 0.247515 0.348027 0.083456 0.137469 0.035489 0.357304 -0.304912 -0.526883 0.270540 -0.080663 -0.192455 -0.323752 -0.164403 0.254213 -0.085718 -0.120947 0.130166 0.013197 -0.062998 -0.131105 -0.432885 -0.056620 -0.270599 -0.207268 -0.383327 -0.035558 -0.385722 -0.291281 -0.204991 -0.162772 -0.247878 -0.314752 0.291389 0.038427 0.068422 0.057992 0.411483 0.192932 -0.297500 0.011928 -0.133722 -0.045047 0.424484 0.368924 0.319337 0.460907 0.213306 0.183132 0.285382 0.316802 0.208628 -0.053648 0.379801 0.250109 0.281602 0.593022 0.177335 0.077293 -0.247644 -0.386697 -0.077609 -0.318055 0.127444 -0.090055 -0.216049 -0.288964 -0.440322 0.067993 -0.292062 -0.317970 -0.087902 -0.135888 -0.223989 -0.141210 0.261287 -0.234385 -0.465252 -0.325245 -0.068986 -0.040082 -0.185243 -0.050108 -0.209065 -0.075941 0.134582 -0.229289 -0.279728 -0.084947
-0.153340 -0.229539 0.081407 0.459693 -0.183725 0.214058 0.490176 1.000000 -0.047558 0.686218 -0.191814 0.176385 -0.115805 -0.129944 -0.278572 0.052773 -0.031420 0.056314 -0.685432 -0.451943 0.038992 0.110920 0.047115 -0.084338 -0.294672 0.505347 -0.197224 0.061136 -0.043193 0.152951 0.296679 0.412352 -0.292513 0.221853 -0.232267 -0.098067 -0.188543 -0.216450 -0.238887 -0.084810 -0.229399 -0.004471 0.052433 0.016193 0.208876 0.289669 0.024234 -0.015795 -0.036570 0.223580 0.185815 0.082931 -0.380415 0.371641 -0.376703 -0.189839 -0.472890 -0.478378 -0.349486 -0.044887 -0.020326 0.325577 0.066815 0.004305 0.328675 0.630835 -0.460214 0.091418 -0.324311 -0.219224 -0.031522 0.379454 -0.013899 0.127840 -0.134879 -0.092054 -0.251148 -0.240713 0.302309 0.014513 0.128005 -0.040407 0.110811 0.357330 0.157776 0.108918 -0.181023 -0.171733 0.067916 -0.120023 -0.276013 -0.351537 -0.082315 -0.274101 -0.420586 -0.412097 -0.314858 -0.303429 -0.181342 -0.455651 -0.266758 -0.322388 0.029882 -0.392916 -0.532036 -0.329259 -0.157860 0.137549 -0.271234 -0.600350 -0.451552 -0.156800 0.339175 -0.198325 -0.422734 -0.114545
0.227074 -0.052610 0.226419 -0.210872 0.505089 -0.136180 0.629657 -0.047558 1.000000 -0.093743 0.071214 -0.213094 0.175602 -0.134055 0.133049 -0.218557 -0.011943 -0.049407 0.134653 0.176187 0.120009 0.049080 0.039994 -0.214905 0.141082 -0.172114 -0.279233 -0.336292 0.184299 0.247681 -0.040704 -0.011907 0.129873 0.344774 -0.011614 -0.178399 0.264898 -0.117540 -0.241891 -0.397545 -0.180017 0.241849 0.006689 -0.087205 -0.045543 -0.047196 -0.172476 -0.112398 -0.275873 -0.262841 -0.302523 -0.195144 0.058563 -0.253155 -0.377392 -0.369600 -0.033074 0.050601 0.084220 -0.131999 0.298880 -0.094952 -0.154694 0.033887 0.122908 -0.099990 0.025609 0.137130 -0.087477 -0.031403 0.384710 0.092114 0.200556 0.276255 0.270457 0.094492 0.437774 0.551726 -0.141228 -0.164091 0.160135 0.062557 0.126490 0.284910 -0.075163 -0.207079 -0.220542 -0.454454 -0.115002 -0.283996 0.372667 0.256088 -0.011624 0.017788 -0.084250 0.257634 -0.188647 -0.259514 -0.047095 0.102060 0.096603 0.226788 0.277658 -0.115065 -0.124070 -0.234722 0.249357 -0.320128 -0.010800 0.259602 0.059357 0.081535 -0.103313 -0.121120 0.004860 -0.042110
-0.320081 -0.408257 -0.115348 0.336493 -0.262869 0.248548 0.326799 0.686218 -0.093743 1.000000 -0.361153 0.274127 -0.270070 -0.107870 0.016479 0.482563 0.055178 0.054509 -0.536747 -0.280770 0.266676 0.326803 -0.101338 0.119619 -0.349662 0.436802 -0.249944 0.030189 -0.017582 0.118701 0.322486 0.441107 -0.267065 -0.027765 -0.169506 -0.120083 -0.269413 -0.051090 -0.199623 0.010003 -0.368436 0.175576 0.013102 0.068857 0.183064 0.275008 0.147963 0.178369 -0.152342 0.267206 -0.012159 -0.065299 -0.663139 0.317055 -0.314922 0.007067 -0.305166 -0.390725 -0.513046 -0.235772 -0.217748 0.000370 0.036371 -0.090847 0.218213 0.397818 -0.432316 -0.032958 -0.111635 -0.107835 0.031121 0.314857 -0.082911 0.013459 -0.197741 0.042065 -0.453098 -0.256665 -0.119236 -0.127449 -0.062272 -0.155277 0.028468 0.311173 0.121263 0.298349 0.096642 0.158917 0.029024 -0.278386 -0.086391 -0.129657 0.128008 -0.105679 -0.081895 -0.162632 -0.131729 0.005323 -0.023176 -0.155054 -0.196495 -0.267386 0.005847 0.023284 -0.123896 -0.046338 -0.012188 0.059948 0.044221 -0.437663 -0.178739 0.081073 0.297140 0.042221 -0.069800 0.051937
0.350284 0.295273 0.245012 -0.137924 0.194047 -0.174118 0.057202 -0.191814 0.071214 -0.361153 1.000000 0.418911 0.884406 0.738862 0.512322 0.169221 0.317605 0.085287 0.293087 -0.092328 -0.106108 -0.268951 0.378576 0.047949 -0.046724 -0.334425 0.100939 0.137787 0.204711 -0.175488 0.039820 -0.130969 0.178948 0.068702 0.000064 -0.022855 0.264130 -0.068027 0.261764 0.158519 0.469073 -0.241083 -0.558496 -0.454555 -0.697512 -0.743453 -0.436827 -0.597016 -0.480135 -0.730197 -0.501295 -0.589413 0.435740 -0.559680 0.365766 -0.174317 0.198720 0.335442 0.631920 0.059821 0.353974 0.199679 -0.020943 -0.026243 0.512110 0.065984 0.047566 -0.375050 0.178730 -0.027401 -0.393480 -0.315504 0.068779 0.003521 0.298578 -0.013556 0.140788 -0.079982 0.287347 0.414529 0.189918 0.377702 0.216227 -0.039657 0.582916 0.270190 -0.124488 -0.127423 0.529353 0.265004 -0.092927 -0.155546 -0.346306 -0.057296 -0.105998 0.201356 -0.007691 0.228571 -0.355605 -0.162709 -0.202655 0.345102 0.039993 0.075024 -0.115341 -0.022422 -0.090930 0.120436 -0.149865 0.130137 0.143275 -0.478988 -0.296556 -0.081806 -0.079840 0.048966
0.012981 0.019893 -0.133965 0.274784 -0.158422 0.086570 0.027123 0.176385 -0.213094 0.274127 0.418911 1.000000 0.334021 0.736882 0.277897 0.666122 0.026057 0.060587 -0.185135 -0.318365 0.170160 0.270889 0.217422 0.309777 -0.230344 0.085656 -0.005851 0.365834 -0.040637 -0.098549 0.329994 0.290726 -0.203578 -0.290859 -0.035113 -0.012963 -0.017115 0.022701 0.010621 0.262589 0.110478 0.015997 -0.371610 -0.237151 -0.471464 -0.397200 -0.243717 -0.278869 -0.355255 -0.435474 -0.289316 -0.536837 -0.193129 -0.170977 0.102748 -0.065952 -0.066491 -0.123808 0.128082 -0.186408 -0.062335 0.110210 -0.032093 -0.098900 0.485782 0.402485 -0.361554 -0.516498 -0.001330 -0.148153 -0.106152 0.239839 -0.165288 -0.117519 -0.037233 0.105471 -0.218402 -0.151446 0.068517 0.063063 -0.129222 0.016027 0.029108 0.026979 0.556880 0.744856 0.134168 0.252628 0.491876 0.160305 -0.337779 -0.150356 0.046221 0.033831 0.236576 0.229011 -0.031775 0.269711 -0.325450 -0.383002 -0.333271 -0.120243 -0.340536 0.084674 -0.168115 0.254723 -0.023896 0.379640 0.247505 0.148813 0.094016 -0.307563 -0.077980 0.122137 0.298408 0.173121
0.308997 0.228687 0.213947 -0.241066 0.156872 -0.167367 0.271889 -0.115805 0.175602 -0.270070 0.884406 0.334021 1.000000 0.662451 0.586825 0.128290 0.301936 -0.018146 0.331914 -0.120109 -0.009032 -0.255127 0.293462 -0.055097 -0.188956 -0.458975 0.041365 -0.002554 0.199704 -0.102415 -0.130410 -0.303591 0.221681 0.026433 -0.004364 -0.123207 0.417475 -0.110748 0.283701 0.042048 0.365802 -0.155336 -0.658429 -0.604722 -0.704401 -0.821742 -0.518296 -0.698798 -0.642689 -0.756606 -0.626318 -0.639113 0.341679 -0.582952 0.394947 -0.206772 0.264782 0.479102 0.654935 0.053672 0.463122 0.195255 0.057373 -0.006972 0.567473 0.038183 0.170417 -0.369415 0.278466 0.037741 -0.113545 -0.273556 0.141970 0.158797 0.353362 0.031022 0.251355 -0.066540 0.331681 0.384230 0.312162 0.445886 0.103272 0.003636 0.614316 0.318325 -0.160071 -0.088476 0.494188 0.333179 0.039927 -0.011051 -0.230766 0.093565 -0.209409 0.241878 -0.253411 0.152467 -0.349946 -0.053065 -0.191291 0.429557 0.076388 0.170641 -0.175296 -0.134208 -0.169263 0.044800 -0.093457 0.074733 0.086026 -0.424162 -0.311995 -0.147216 -0.205291 -0.036465
0.323610 0.264997 -0.132823 -0.068664 -0.055430 -0.107195 -0.103168 -0.129944 -0.134055 -0.107870 0.738862 0.736882 0.662451 1.000000 0.441238 0.606106 0.185038 0.109828 0.105124 -0.033039 0.002046 0.010327 0.208072 0.241172 -0.127115 -0.265600 0.058292 0.201097 0.100051 -0.110799 0.078881 -0.006222 0.068366 -0.173761 0.061027 0.018649 0.026448 -0.098932 0.087723 0.259059 0.239028 0.005863 -0.480785 -0.335458 -0.746804 -0.721535 -0.302272 -0.455378 -0.528783 -0.728798 -0.557315 -0.714041 0.118010 -0.507155 0.293515 -0.061811 0.312168 0.188019 0.418098 -0.089371 0.213258 0.157099 -0.065449 -0.114295 0.368724 0.074050 -0.170598 -0.561028 0.253601 0.107386 -0.310267 -0.151552 -0.024720 -0.051799 0.167304 0.053538 0.017439 -0.140759 -0.014063 0.179645 -0.091532 0.218456 0.069277 -0.121281 0.524127 0.502880 -0.028170 0.197838 0.490003 0.260932 -0.088159 -0.088546 -0.162531 0.041246 0.192860 0.403680 0.126849 0.390105 -0.146552 -0.120713 -0.115246 0.183594 -0.032690 0.336593 0.096155 0.379740 0.109654 0.273452 0.281505 0.169865 0.268797 -0.285455 -0.174548 0.325446 0.348501 0.394065
-0.198647 -0.193551 -0.062909 -0.197507 0.153440 0.110754 0.117126 -0.278572 0.133049 0.016479 0.512322 0.277897 0.586825 0.441238 1.000000 0.518385 0.031558 -0.331499 0.449701 0.172486 0.079851 -0.066525 0.242932 0.192948 -0.014153 -0.208757 0.093681 0.013212 0.134985 -0.242695 -0.008576 -0.135186 -0.109984 -0.288628 -0.369739 -0.201190 0.154255 -0.305424 0.298607 0.115283 0.224716 -0.372307 -0.592777 -0.478351 -0.478544 -0.553956 -0.327866 -0.306572 -0.496410 -0.478051 -0.743523 -0.622415 0.018861 -0.588619 0.327134 0.001333 0.107043 0.285182 0.360379 -0.123594 0.037870 -0.219758 -0.277083 -0.397768 0.341200 -0.154376 0.045659 -0.122930 0.389752 0.320287 -0.137950 -0.226494 -0.176700 -0.345034 -0.151303 -0.224834 -0.227636 -0.288176 -0.010605 0.142358 0.237117 0.332055 0.275688 0.193120 0.485090 0.197973 0.255733 0.275424 0.358773 0.118673 0.502264 0.422039 0.056717 0.261015 0.244952 0.294804 0.124649 0.463888 -0.171154 0.329644 0.125454 0.518097 0.230092 0.504284 0.225156 -0.057517 0.022980 0.054445 -0.056015 0.198812 0.372824 -0.029087 -0.464926 -0.062924 0.020447 0.223614
-0.106955 -0.255993 -0.436184 0.125206 -0.150383 0.131079 -0.027651 0.052773 -0.218557 0.482563 0.169221 0.666122 0.128290 0.606106 0.518385 1.000000 0.048007 -0.052017 0.003775 0.059917 0.189715 0.228428 -0.048314 0.397308 -0.245872 0.063987 0.009579 0.158862 0.090867 -0.024310 0.286062 0.251463 -0.153202 -0.278975 -0.239623 -0.169362 -0.263794 -0.119465 0.059960 0.307721 -0.078236 0.058375 -0.243844 -0.060588 -0.328281 -0.252388 0.016923 -0.000811 -0.402817 -0.239822 -0.443270 -0.512779 -0.423102 -0.211921 0.148501 0.153686 0.041797 -0.163212 -0.169294 -0.289938 -0.106639 -0.166188 -0.086590 -0.290580 0.189245 0.092558 -0.397954 -0.394330 0.132868 0.193952 -0.185333 0.145740 -0.104014 -0.186152 -0.188704 0.024137 -0.376425 -0.289474 -0.292864 -0.161027 -0.237965 0.002335 0.100634 0.127566 0.353720 0.452133 0.353037 0.477168 0.269467 0.001151 0.038048 0.001423 0.071757 -0.052632 0.323348 0.376095 0.326492 0.433551 0.066873 0.044324 -0.067247 -0.047438 0.049512 0.428425 0.277138 0.478865 0.109634 0.269840 0.315320 -0.014819 0.197860 0.002567 -0.030629 0.476464 0.415889 0.539020
0.589580 0.304821 0.047748 -0.320801 -0.335057 -0.629071 0.074157 -0.031420 -0.011943 0.055178 0.317605 0.026057 0.301936 0.185038 0.031558 0.048007 1.000000 0.779155 0.037229 -0.061695 -0.191286 -0.349857 -0.390959 -0.423905 -0.486073 -0.473439 -0.531934 -0.343199 0.508686 0.465339 -0.275209 -0.182059 0.612345 0.419825 -0.022446 -0.240403 0.307409 0.190471 -0.152529 -0.163660 0.202422 0.310616 0.141253 0.209133 -0.073019 -0.268814 0.247983 0.069804 -0.249404 -0.089338 -0.050205 -0.098833 0.222003 0.048438 -0.049584 0.213728 0.419234 0.288839 -0.037462 -0.059512 0.279056 0.267664 0.547031 0.646783 -0.071371 -0.268892 -0.002030 -0.445690 -0.152330 -0.363998 -0.128701 -0.132989 0.672044 0.425931 0.457280 0.221479 0.352664 0.115674 0.412980 0.463389 0.458094 0.567750 -0.114022 0.054162 -0.066426 0.113614 -0.399673 -0.320054 -0.234524 -0.199005 -0.174318 -0.408044 -0.487735 -0.352018 -0.259703 0.017574 -0.045914 -0.245309 0.278634 -0.005839 -0.405410 0.093243 -0.063136 -0.013885 -0.234528 -0.013570 0.037573 -0.195531 0.051018 -0.344962 -0.320841 -0.080437 0.279188 0.159476 0.056888 -0.033728
0.660564 0.381553 -0.001266 -0.301576 -0.322497 -0.615196 -0.071003 0.056314 -0.049407 0.054509 0.085287 0.060587 -0.018146 0.109828 -0.331499 -0.052017 0.779155 1.000000 -0.184802 -0.094381 -0.151394 -0.187753 -0.411940 -0.458473 -0.431779 -0.250041 -0.591856 -0.312167 0.465516 0.646951 -0.200714 0.058618 0.388832 0.381255 0.185401 -0.086076 0.233263 0.434330 -0.365060 -0.156302 0.269206 0.455573 0.367247 0.374167 0.085288 0.004326 0.316246 0.124999 -0.024625 0.015872 0.119238 -0.040056 0.208838 0.244289 -0.292647 0.044853 0.261158 -0.034566 -0.183015 -0.052440 0.214957 0.418746 0.550031 0.777834 -0.120807 -0.113833 -0.248944 -0.530045 -0.339105 -0.445185 -0.157941 -0.038280 0.634316 0.332707 0.283718 0.241238 0.322141 0.250147 0.361273 0.475917 0.260812 0.400226 -0.079480 0.100612 -0.173645 0.130639 -0.404593 -0.371894 -0.325758 -0.258330 -0.273260 -0.571255 -0.570058 -0.446883 -0.165485 -0.027268 0.097186 -0.217004 0.434423 -0.045437 -0.324321 -0.058972 -0.098708 -0.007932 -0.045383 0.196320 0.194265 -0.082435 0.113822 -0.346595 -0.329075 0.118645 0.553114 0.286856 0.274502 0.011428
0.209310 0.210495 -0.231445 -0.546516 0.205847 -0.279214 -0.088730 -0.685432 0.134653 -0.536747 0.293087 -0.185135 0.331914 0.105124 0.449701 0.003775 0.037229 -0.184802 1.000000 0.568613 -0.178454 -0.344836 -0.248186 -0.214941 -0.142094 -0.580790 0.015049 -0.407122 0.368367 0.079366 -0.351948 -0.443867 0.374317 -0.005489 -0.183467 -0.265912 0.119009 0.018681 0.243604 -0.032359 0.213351 -0.138576 -0.045628 -0.044958 -0.084137 -0.269209 0.063816 0.033528 -0.116218 -0.116389 -0.329546 -0.124369 0.196382 -0.278934 0.367491 0.212189 0.135902 0.285142 0.212316 0.072779 0.189767 -0.212756 0.049957 0.021251 -0.184108 -0.560973 0.268285 -0.042951 0.235936 0.253098 0.052889 -0.221948 0.271630 -0.090339 -0.042436 -0.025654 0.305603 0.122615 -0.097037 -0.061748 0.182520 0.204848 0.181326 0.017498 -0.105667 -0.213103 0.197406 0.112798 -0.193604 0.024729 0.442362 0.277548 -0.102470 0.027427 0.129566 0.405351 0.199921 0.162273 0.248805 0.366369 0.173677 0.269755 0.175676 0.350459 0.409784 0.067162 -0.047419 -0.012021 0.165697 0.400006 0.247738 0.183430 -0.231625 0.145392 0.126703 0.090391
0.230535 0.225658 -0.523432 -0.555353 0.024022 -0.289055 -0.129331 -0.451943 0.176187 -0.280770 -0.092328 -0.318365 -0.120109 -0.033039 0.172486 0.059917 -0.061695 -0.094381 0.568613 1.000000 -0.152662 -0.027659 -0.376820 -0.199889 0.006671 -0.401838 -0.137054 -0.515373 0.323471 0.227792 -0.269010 -0.285642 0.339236 0.267186 -0.241898 -0.272140 -0.036280 -0.002519 0.094300 -0.083873 -0.048230 0.130940 0.281484 0.234042 0.070402 0.080620 0.340951 0.284764 -0.189466 0.060899 -0.248427 -0.102355 -0.165691 -0.247176 0.052123 0.220494 0.287237 0.148214 -0.106537 -0.351055 -0.092320 -0.464700 -0.152156 -0.060737 -0.394446 -0.618595 -0.114643 0.131688 0.337150 0.568182 0.090715 0.000012 0.258143 -0.025913 -0.180820 -0.065147 0.212582 0.172576 -0.327050 -0.299321 0.109866 0.207178 0.206988 0.160366 -0.308321 -0.311317 -0.038710 0.259492 -0.408566 -0.401966 0.492836 0.233283 -0.144541 -0.069428 0.155082 0.453015 0.480184 0.033946 0.584305 0.434703 0.192242 -0.046832 0.331462 0.289860 0.453033 0.286220 0.031031 -0.166852 0.397930 0.220065 0.117427 0.479419 -0.100404 0.366960 0.378316 0.468133
-0.294941 -0.234094 0.322389 0.190577 -0.027054 0.150795 0.209973 0.038992 0.120009 0.266676 -0.106108 0.170160 -0.009032 0.002046 0.079851 0.189715 -0.191286 -0.151394 -0.178454 -0.152662 1.000000 0.676016 0.335970 0.410057 0.196637 0.236506 0.015134 0.425319 -0.231106 -0.018413 0.553704 0.470826 -0.217634 -0.002152 0.429518 0.222993 0.005234 0.322724 -0.078385 0.148425 -0.126734 0.333461 -0.346729 -0.236489 -0.204302 -0.052769 -0.351379 -0.159035 -0.237132 -0.210975 -0.228242 -0.305781 -0.372590 -0.162515 -0.188827 -0.417042 0.251078 0.056076 0.046543 -0.319856 -0.098506 -0.309629 -0.229281 -0.163711 0.336226 0.384440 -0.065104 -0.229096 0.100142 -0.061948 0.360130 0.217826 -0.125267 0.286684 0.153258 0.456360 -0.093244 0.118396 -0.151954 -0.081627 -0.348809 -0.284279 0.048923 0.014902 0.247634 0.245348 -0.049508 0.017920 0.241326 -0.191692 0.011512 -0.020178 0.175591 0.271148 -0.017897 0.129165 -0.132007 0.143030 -0.282824 -0.038425 -0.101157 0.022392 0.304410 0.187460 0.009624 -0.016736 0.095457 0.038789 -0.073425 0.098631 0.369679 -0.117337 -0.193234 -0.056822 -0.035272 -0.077239
-0.350692 -0.188784 0.114351 0.307159 -0.023805 0.331486 0.034795 0.110920 0.049080 0.326803 -0.268951 0.270889 -0.255127 0.010327 -0.066525 0.228428 -0.349857 -0.187753 -0.344836 -0.027659 0.676016 1.000000 0.260873 0.434947 0.409490 0.474591 0.053301 0.469974 -0.299173 -0.095087 0.507870 0.525096 -0.369383 -0.114443 0.265080 0.291017 -0.211450 0.122002 -0.161095 0.245238 -0.344797 0.223968 -0.106401 -0.014730 -0.152340 0.152299 -0.117556 0.092085 -0.117221 -0.068421 -0.089799 -0.227393 -0.511983 -0.107739 -0.302205 -0.225462 -0.019547 -0.184958 -0.140803 -0.385532 -0.400309 -0.414530 -0.411534 -0.296587 0.126794 0.311368 -0.161229 0.025512 0.081359 0.057202 0.248328 0.379998 -0.346798 -0.055305 -0.121860 0.181833 -0.314400 0.011645 -0.338056 -0.371356 -0.377279 -0.341518 -0.023657 -0.066281 0.060545 0.357285 0.001997 0.260581 0.141619 -0.287617 -0.043458 0.099516 0.341671 0.285312 0.200799 0.096338 -0.037849 0.086322 -0.231270 -0.183542 -0.015506 -0.199841 -0.044365 0.026989 0.028951 0.111178 0.038870 -0.025243 0.240629 0.179469 0.193674 0.006090 -0.154278 0.017987 0.265395 0.116426
-0.447562 -0.207334 0.551238 0.518707 0.261335 0.469094 -0.048721 0.047115 0.039994 -0.101338 0.378576 0.217422 0.293462 0.208072 0.242932 -0.048314 -0.390959 -0.411940 -0.248186 -0.376820 0.335970 0.260873 1.000000 0.647018 0.551429 0.363332 0.426123 0.660413 -0.609894 -0.692195 0.507840 0.247473 -0.545690 -0.253228 0.346124 0.561915 0.048021 -0.158364 0.146133 0.092469 0.143184 -0.339711 -0.638430 -0.566047 -0.535925 -0.288162 -0.663798 -0.521170 -0.070221 -0.490414 -0.224212 -0.276513 0.241406 -0.358969 0.066940 -0.456156 -0.062518 0.045262 0.640081 0.016196 -0.251426 -0.141434 -0.650842 -0.610394 0.605450 0.600306 0.101705 0.104201 0.139701 0.028370 -0.125065 -0.158686 -0.714693 -0.201018 0.099372 -0.020812 -0.283432 -0.145612 -0.070403 0.052177 -0.339183 -0.320743 0.004442 -0.274595 0.536317 0.128842 0.015043 -0.045753 0.787870 0.362311 0.022479 0.287628 0.367468 0.536884 0.073335 -0.163788 -0.178276 0.238135 -0.749569 -0.097359 0.158200 0.400600 0.064498 -0.033987 -0.136925 -0.243785 0.041956 0.140783 -0.385114 0.211944 0.417146 -0.320043 -0.424406 -0.448288 -0.308682 -0.199098
-0.547396 -0.402123 0.137253 0.606935 0.029065 0.527828 -0.273861 -0.084338 -0.214905 0.119619 0.047949 0.309777 -0.055097 0.241172 0.192948 0.397308 -0.423905 -0.458473 -0.214941 -0.199889 0.410057 0.434947 0.647018 1.000000 0.459004 0.442936 0.408271 0.751231 -0.666186 -0.691525 0.563074 0.406337 -0.523648 -0.322818 0.284150 0.560568 -0.259276 -0.206416 0.208993 0.368111 -0.049086 -0.134934 -0.402468 -0.283344 -0.399144 -0.100810 -0.295356 -0.126872 -0.034519 -0.302512 -0.177101 -0.195466 -0.114367 -0.198813 0.136757 -0.080874 0.042081 -0.101402 0.234191 -0.134343 -0.470847 -0.427885 -0.626706 -0.715434 0.223075 0.409336 0.041991 0.067947 0.250310 0.224207 -0.034446 -0.115389 -0.719850 -0.254672 0.005462 0.073154 -0.459558 -0.235184 -0.495376 -0.175600 -0.733310 -0.546550 -0.106380 -0.346970 0.355502 0.105324 0.356447 0.274521 0.635654 0.237334 -0.053007 0.295488 0.528019 0.428251 0.246509 -0.154472 0.151042 0.357465 -0.492139 -0.007081 0.247343 0.030577 -0.105898 -0.003451 0.104594 0.178040 0.008912 0.194663 -0.071899 0.219031 0.539792 -0.168994 -0.378414 0.050484 -0.005860 0.035899
-0.394084 -0.207085 0.331395 0.262359 0.449608 0.520700 -0.287625 -0.294672 0.141082 -0.349662 -0.046724 -0.230344 -0.188956 -0.127115 -0.014153 -0.245872 -0.486073 -0.431779 -0.142094 0.006671 0.196637 0.409490 0.551429 0.459004 1.000000 0.429666 0.566651 0.568336 -0.426174 -0.516996 0.282610 0.162452 -0.370655 -0.243859 0.239912 0.469641 -0.224283 -0.167392 0.108016 0.267895 -0.108857 -0.327300 -0.176017 -0.180786 -0.199733 0.034361 -0.325546 -0.078171 0.277046 -0.150397 0.024619 0.063783 0.165118 -0.350845 -0.010584 -0.267143 0.034698 0.056644 0.286039 0.048683 -0.185931 -0.361146 -0.590102 -0.511852 -0.063879 0.063186 0.283840 0.488869 0.123642 0.208851 -0.089887 -0.129326 -0.588064 -0.351562 -0.076543 -0.189238 -0.259456 0.029594 -0.366438 -0.266755 -0.347325 -0.367731 0.057342 -0.283312 -0.016907 -0.221718 0.095925 0.114683 0.272524 0.134819 0.160338 0.322421 0.344923 0.397521 0.184569 -0.063340 0.057669 0.219636 -0.375122 -0.022606 0.311991 0.172293 0.086756 -0.072633 0.146637 -0.038372 0.152672 -0.259966 -0.258884 0.344386 0.389156 -0.206330 -0.514778 -0.269276 0.035924 0.069003
-0.645754 -0.489511 0.252750 0.617846 0.139756 0.726551 -0.035745 0.505347 -0.172114 0.436802 -0.334425 0.085656 -0.458975 -0.265600 -0.208757 0.063987 -0.473439 -0.250041 -0.580790 -0.401838 0.236506 0.474591 0.363332 0.442936 0.429666 1.000000 0.277412 0.602808 -0.325649 -0.246588 0.506513 0.691721 -0.720428 -0.207189 -0.007896 0.352691 -0.480882 -0.167187 0.018089 0.404874 -0.072444 -0.359854 -0.097803 -0.112691 0.110819 0.393627 -0.180542 0.044763 0.332166 0.193830 0.226135 0.134934 -0.290187 0.148629 -0.239081 -0.255538 -0.558206 -0.538047 -0.277315 0.067750 -0.341003 -0.044168 -0.357881 -0.377239 0.127662 0.597507 -0.201441 0.426421 -0.148122 -0.081131 -0.209388 0.222322 -0.522871 -0.459478 -0.468415 -0.309730 -0.707864 -0.287687 -0.155476 -0.116601 -0.356521 -0.473326 0.229035 0.161715 0.115714 -0.017122 0.292821 0.144757 0.266197 -0.012259 -0.153802 -0.085307 0.257603 0.029982 -0.012917 -0.443094 -0.055625 0.223074 -0.408017 -0.346287 0.064257 -0.205035 -0.055660 -0.300092 -0.051824 -0.102429 -0.137926 0.071812 -0.372215 -0.157233 0.047038 -0.168811 -0.061128 -0.244915 -0.194661 -0.082187
-0.497770 -0.383344 0.048921 0.227677 0.533477 0.714537 -0.282579 -0.197224 -0.279233 -0.249944 0.100939 -0.005851 0.041365 0.058292 0.093681 0.009579 -0.531934 -0.591856 0.015049 -0.137054 0.015134 0.053301 0.426123 0.408271 0.566651 0.277412 1.000000 0.496429 -0.424975 -0.641286 0.103925 -0.199495 -0.332373 -0.588628 0.015060 0.117124 -0.179373 -0.043198 0.569946 0.452781 -0.032036 -0.507322 -0.416257 -0.420741 -0.213492 -0.127948 -0.437824 -0.363616 0.167145 -0.079136 0.023374 0.106730 0.077585 -0.303021 0.591649 -0.110117 -0.123698 0.111662 0.241490 0.259275 0.030096 -0.168028 -0.232826 -0.555008 0.148580 0.152383 0.314970 0.398796 0.257237 0.410934 -0.147974 -0.031655 -0.560800 -0.297678 -0.142977 -0.230029 -0.330000 -0.195657 -0.310432 -0.305938 -0.378356 -0.351193 -0.068894 -0.329139 0.285215 0.026183 0.478066 0.517821 0.460923 0.656011 -0.067501 0.159429 0.334440 0.217150 -0.048198 0.071463 -0.034921 0.386265 -0.445893 -0.063752 0.174359 0.006614 -0.011763 0.058989 0.205731 0.199465 -0.241594 -0.042709 -0.299922 0.214315 0.173487 -0.447891 -0.442378 -0.257717 -0.115677 0.181147
-0.495844 -0.226781 0.352455 0.646465 0.019972 0.556737 -0.303529 0.061136 -0.336292 0.030189 0.137787 0.365834 -0.002554 0.201097 0.013212 0.158862 -0.343199 -0.312167 -0.407122 -0.515373 0.425319 0.469974 0.660413 0.751231 0.568336 0.602808 0.496429 1.000000 -0.513008 -0.574670 0.639600 0.509606 -0.516433 -0.327105 0.300250 0.542534 -0.281612 -0.131518 0.164158 0.523652 0.014363 -0.325536 -0.425172 -0.330784 -0.404005 -0.156510 -0.460703 -0.248379 0.108140 -0.279856 0.070865 -0.095188 0.041495 -0.166435 0.094823 -0.269083 -0.064028 -0.003565 0.287766 0.075349 -0.212799 -0.106130 -0.361901 -0.414099 0.296028 0.551655 0.096576 0.012299 0.042990 -0.069602 -0.238687 -0.036496 -0.634322 -0.304246 -0.099163 -0.097538 -0.562320 -0.347033 -0.074086 0.039715 -0.495931 -0.397095 -0.025742 -0.286470 0.400550 0.271492 0.143491 0.141743 0.635805 0.304970 -0.378015 -0.062359 0.303933 0.298322 0.106616 -0.327924 -0.114821 0.337692 -0.697389 -0.403290 -0.019206 -0.012091 -0.211926 -0.168842 -0.131574 0.018269 -0.090595 0.153443 -0.272577 0.064486 0.265199 -0.524734 -0.451450 -0.163871 -0.142931 -0.099908
0.536321 0.225663 -0.238422 -0.537888 -0.090664 -0.519054 0.247515 -0.043193 0.184299 -0.017582 0.204711 -0.040637 0.199704 0.100051 0.134985 0.090867 0.508686 0.465516 0.368367 0.323471 -0.231106 -0.299173 -0.609894 -0.666186 -0.426174 -0.325649 -0.424975 -0.513008 1.000000 0.781040 -0.213412 -0.014446 0.415120 0.405184 -0.309115 -0.479322 0.111650 0.189191 -0.096419 -0.081826 0.211150 0.095822 0.230792 0.178596 0.063266 -0.147812 0.263377 0.052464 -0.283898 -0.032960 -0.203503 -0.245599 -0.039146 -0.129290 -0.104959 -0.050657 0.055886 -0.025435 -0.222810 -0.182651 0.606068 0.124946 0.615204 0.622131 -0.054419 -0.398775 -0.300099 -0.311356 -0.274530 -0.196007 -0.210921 0.074349 0.798987 0.112647 -0.045037 0.026350 0.291807 0.271910 0.333822 0.251462 0.561698 0.631353 0.483585 0.629810 -0.096748 0.077388 -0.268079 -0.167229 -0.373526 -0.395873 0.096434 -0.484372 -0.670719 -0.590616 -0.181268 0.271152 0.142576 -0.048485 0.464181 -0.147609 -0.358904 -0.084187 0.179995 0.121818 0.099858 0.054013 -0.078959 -0.276716 0.115989 -0.191102 -0.382900 0.014452 0.103299 0.255758 0.138774 0.217437
0.573305 0.256658 -0.185044 -0.470664 -0.203525 -0.594473 0.348027 0.152951 0.247681 0.118701 -0.175488 -0.098549 -0.102415 -0.110799 -0.242695 -0.024310 0.465339 0.646951 0.079366 0.227792 -0.018413 -0.095087 -0.692195 -0.691525 -0.516996 -0.246588 -0.641286 -0.574670 0.781040 1.000000 -0.211191 0.094362 0.428522 0.525948 -0.098095 -0.437277 0.163967 0.317519 -0.429549 -0.296336 0.026459 0.520717 0.460669 0.387157 0.303067 0.110430 0.382824 0.234777 -0.116140 0.146985 0.005323 -0.046497 -0.138593 0.213926 -0.409279 -0.060327 0.041806 -0.145283 -0.458179 -0.186102 0.436550 0.260697 0.601887 0.762071 -0.193798 -0.277442 -0.358831 -0.372903 -0.386146 -0.289436 0.113083 0.256934 0.875571 0.412609 0.057640 0.222964 0.440473 0.409560 0.317357 0.167501 0.413094 0.443124 0.225226 0.564266 -0.334380 0.012217 -0.389598 -0.337245 -0.614777 -0.510237 0.049521 -0.491447 -0.580381 -0.548412 -0.222627 0.178082 0.023098 -0.312132 0.599610 -0.069752 -0.263849 -0.167989 0.228217 0.026814 -0.020249 0.092883 0.091898 -0.132647 0.193153 -0.257567 -0.433213 0.218541 0.455665 0.317677 0.188048 0.084390
-0.332610 -0.317786 0.208498 0.647525 -0.105241 0.210883 0.083456 0.296679 -0.040704 0.322486 0.039820 0.329994 -0.130410 0.078881 -0.008576 0.286062 -0.275209 -0.200714 -0.351948 -0.269010 0.553704 0.507870 0.507840 0.563074 0.282610 0.506513 0.103925 0.639600 -0.213412 -0.211191 1.000000 0.784208 -0.475770 0.061470 0.189571 0.326415 -0.381096 -0.054356 -0.216392 0.053064 -0.198625 0.007452 -0.096286 0.032539 -0.132667 0.141816 -0.168625 -0.008532 -0.054200 -0.099409 0.043447 -0.152440 -0.314896 -0.036804 -0.360299 -0.456357 -0.177558 -0.379738 0.009337 -0.319359 -0.182631 -0.253784 -0.292142 -0.325581 0.410317 0.642388 -0.441046 -0.165243 -0.319285 -0.194670 -0.120201 0.284097 -0.369820 -0.055960 -0.082140 0.151507 -0.363072 -0.073183 -0.091495 -0.203217 -0.400594 -0.294500 0.249773 0.072623 0.243899 0.204872 -0.094091 -0.133310 0.394939 -0.164159 -0.232554 -0.217294 0.101478 -0.028209 0.076768 -0.204514 0.062716 0.027050 -0.430681 -0.460537 -0.062239 -0.201665 0.141083 -0.107040 -0.151869 -0.052510 0.179335 0.227091 -0.178372 -0.120672 0.085540 -0.226740 -0.166227 0.075590 -0.112971 0.071830
-0.286533 -0.268662 0.269010 0.471918 -0.183946 0.163966 0.137469 0.412352 -0.011907 0.441107 -0.130969 0.290726 -0.303591 -0.006222 -0.135186 0.251463 -0.182059 0.058618 -0.443867 -0.285642 0.470826 0.525096 0.247473 0.406337 0.162452 0.691721 -0.199495 0.509606 -0.014446 0.094362 0.784208 1.000000 -0.508710 0.144923 0.113411 0.276085 -0.420384 -0.044398 -0.371575 0.153990 -0.021408 0.068964 0.042003 0.124381 0.045394 0.275533 0.001469 0.150254 0.035881 -0.002611 0.050438 -0.172613 -0.378460 0.103340 -0.598317 -0.398204 -0.283886 -0.570940 -0.291568 -0.268670 -0.195922 -0.041871 -0.227275 -0.104529 0.209715 0.531002 -0.530042 -0.124678 -0.293339 -0.278900 -0.166582 0.235303 -0.184322 -0.185053 -0.240993 0.036677 -0.432576 -0.048810 -0.027909 0.043443 -0.282160 -0.207445 0.457899 0.363774 0.094682 0.119975 -0.077984 -0.240463 0.148322 -0.424603 -0.172421 -0.329618 -0.103261 -0.205385 0.084223 -0.333743 0.138764 0.129359 -0.216402 -0.427332 -0.027158 -0.280242 0.091793 -0.180632 -0.079941 -0.015025 0.159837 0.266968 -0.153931 -0.117689 0.119104 -0.044604 0.046398 0.142287 -0.002427 -0.007417
0.703299 0.613581 -0.121856 -0.509090 -0.094629 -0.638882 0.035489 -0.292513 0.129873 -0.267065 0.178948 -0.203578 0.221681 0.068366 -0.109984 -0.153202 0.612345 0.388832 0.374317 0.339236 -0.217634 -0.369383 -0.545690 -0.523648 -0.370655 -0.720428 -0.332373 -0.516433 0.415120 0.428522 -0.475770 -0.508710 1.000000 0.524041 0.003864 -0.358007 0.264143 0.134286 -0.087400 -0.237056 -0.091985 0.468723 0.280737 0.282240 0.043196 -0.261642 0.320570 0.178654 -0.080162 -0.005130 0.017818 0.131086 0.238240 0.096276 0.164468 0.382890 0.393702 0.523394 -0.035280 0.125568 0.328517 0.202694 0.422015 0.525016 -0.375376 -0.623872 0.315039 -0.210763 0.078013 -0.077222 0.059089 -0.239661 0.717619 0.576385 0.529111 0.286961 0.603588 0.217839 0.141589 0.123843 0.319693 0.292584 -0.194122 -0.098915 -0.333646 -0.142963 -0.290423 -0.221453 -0.471199 -0.197892 -0.036416 -0.188044 -0.363825 -0.237739 -0.253926 0.242397 -0.084122 -0.375893 0.381529 0.091432 -0.221545 0.021591 0.078095 -0.072440 -0.169764 -0.011984 0.003192 -0.197008 0.238185 -0.025719 -0.202751 -0.100870 0.181042 0.130484 0.042108 -0.109929
0.550220 0.384724 0.089565 -0.089333 -0.172066 -0.566579 0.357304 0.221853 0.344774 -0.027765 0.068702 -0.290859 0.026433 -0.173761 -0.288628 -0.278975 0.419825 0.381255 -0.005489 0.267186 -0.002152 -0.114443 -0.253228 -0.322818 -0.243859 -0.207189 -0.588628 -0.327105 0.405184 0.525948 0.061470 0.144923 0.524041 1.000000 -0.030914 -0.126761 0.192414 0.034740 -0.287148 -0.297238 -0.070876 0.415419 0.413314 0.381909 0.151838 0.117941 0.379232 0.248583 -0.141807 0.051181 0.052854 0.069976 0.042253 0.212628 -0.377017 0.032975 0.094958 -0.022756 -0.160933 -0.246399 0.163426 0.020894 0.161681 0.412289 -0.080907 -0.109079 -0.194395 -0.102445 -0.284559 -0.209372 -0.005732 -0.040076 0.619115 0.553669 0.393889 0.316110 0.435510 0.269627 0.266724 0.195485 0.256770 0.224128 0.139785 0.297211 -0.225520 -0.288803 -0.571466 -0.607288 -0.349122 -0.626274 -0.104892 -0.429648 -0.511465 -0.467701 -0.488276 -0.179165 0.056012 -0.633462 0.265555 -0.152897 -0.312509 -0.195549 0.217389 -0.473232 -0.411592 -0.286131 -0.091942 -0.211818 -0.084785 -0.337641 -0.351034 -0.015834 0.228093 0.055162 -0.251031 -0.191507
0.144801 0.262128 0.410870 0.131134 -0.085173 -0.099659 -0.304912 -0.232267 -0.011614 -0.169506 0.000064 -0.035113 -0.004364 0.061027 -0.369739 -0.239623 -0.022446 0.185401 -0.183467 -0.241898 0.429518 0.265080 0.346124 0.284150 0.239912 -0.007896 0.015060 0.300250 -0.309115 -0.098095 0.189571 0.113411 0.003864 -0.030914 1.000000 0.707509 0.050334 0.420403 -0.152785 -0.074977 0.040563 0.410746 -0.154241 -0.145273 -0.301066 -0.154532 -0.323434 -0.270547 0.094019 -0.307967 0.123034 -0.031613 0.280224 -0.026726 -0.037660 -0.349759 0.363555 0.194707 0.403031 0.120523 0.038005 0.027526 -0.013958 0.137805 0.068091 0.205617 0.287213 -0.284997 0.004019 -0.332172 0.115827 -0.199314 -0.100033 0.300288 0.432489 0.477179 0.257765 0.306502 -0.217575 0.052108 -0.555135 -0.412813 -0.339825 -0.525274 -0.050857 0.069434 -0.210230 -0.188654 0.257007 0.175211 -0.189632 -0.031157 0.245325 0.424121 0.130659 0.026314 -0.250921 0.043073 -0.209243 -0.081165 0.105099 0.225729 -0.015934 0.100041 0.135006 0.112476 0.219935 -0.020833 0.163837 0.164755 0.288468 -0.071997 0.001931 0.082539 0.035007 -0.317072
-0.174594 0.092766 0.320839 0.551116 -0.153593 0.204002 -0.526883 -0.098067 -0.178399 -0.120083 -0.022855 -0.012963 -0.123207 0.018649 -0.201190 -0.169362 -0.240403 -0.086076 -0.265912 -0.272140 0.222993 0.291017 0.561915 0.560568 0.469641 0.352691 0.117124 0.542534 -0.479322 -0.437277 0.326415 0.276085 -0.358007 -0.126761 0.707509 1.000000 -0.153472 -0.006416 -0.021223 0.064517 0.078740 -0.109081 -0.191292 -0.178720 -0.333557 -0.059719 -0.310532 -0.172172 0.274134 -0.258264 0.131451 0.014837 0.358264 -0.045212 0.027043 -0.255310 0.093563 -0.039058 0.493842 0.198165 -0.264002 -0.124547 -0.337285 -0.226750 0.039581 0.334111 0.292843 0.053968 -0.083575 -0.318299 -0.151423 -0.288590 -0.487438 -0.209694 0.146670 0.159302 -0.139351 -0.028029 -0.210010 0.076601 -0.581063 -0.511133 -0.232964 -0.532462 0.018701 -0.065098 0.012730 -0.035878 0.450567 0.247702 -0.091959 0.178823 0.487987 0.559826 0.264544 -0.288745 -0.113895 0.058459 -0.406253 -0.160850 0.230567 0.287063 -0.165645 -0.076515 0.064447 -0.172366 0.092399 -0.090613 -0.038861 0.036620 0.314324 -0.111029 -0.259860 -0.102123 -0.163029 -0.355837
