1.000000 0.674189 -0.668091 -0.370613 -0.227444 -0.316295 -0.472081 -0.572612 -0.458868 -0.234811 -0.244497 -0.548261 0.387417 -0.014505 0.076277 0.061749 0.797599 0.590544 -0.012780 0.430548 -0.377305 -0.318598 -0.322579 -0.528263 -0.483378 -0.628506 -0.161639 -0.263364 0.493974 0.499824 -0.624828 -0.516633 0.750622 0.372945 0.098672 0.288503 0.420133 0.246088 0.187674 0.385546 0.187175 0.193181 -0.337965 -0.339296 -0.248664 -0.283118 -0.093556 -0.214649 0.168813 -0.157400 0.068515 0.128483 0.572085 0.252979 0.210867 -0.040524 0.789325 0.682212 0.452469 0.400246 0.008959 0.018537 0.435309 0.625187 -0.636183 -0.721220 0.348677 -0.440863 0.715498 0.758907 -0.331845 -0.455164 0.393892 -0.100437 -0.250286 -0.416225 -0.421792 -0.627900 0.654215 0.654970 0.737709 0.695330 0.005282 -0.153962 0.496457 0.149542 -0.125643 0.114586 0.013107 0.107138 -0.400007 -0.374099 -0.559111 -0.516878 -0.417080 -0.220826 -0.112562 -0.168567 0.014911 0.076962 -0.484637 -0.046074 -0.342880 -0.359262 -0.446855 -0.556740 -0.290406 -0.233066 0.103900 -0.500267 -0.094181 0.225589 -0.079698 -0.086413 -0.189809 -0.431614
0.674189 1.000000 -0.816167 -0.633266 -0.399580 -0.687908 -0.698512 -0.730250 -0.543569 -0.584323 -0.273742 -0.775664 0.074966 -0.551368 0.138608 -0.308078 0.790684 0.837946 0.034475 0.686839 -0.503055 -0.439374 -0.432688 -0.662065 -0.649187 -0.727162 -0.143677 -0.313192 0.392943 0.455465 -0.722844 -0.748415 0.623674 0.351117 -0.131747 -0.040190 0.210351 0.050677 0.184650 0.273756 0.167329 0.046405 -0.127059 -0.096875 -0.060193 -0.200222 0.222804 -0.038572 0.523456 0.206754 0.264959 0.290615 0.560343 0.295946 0.154793 0.221928 0.884088 0.921162 0.402303 0.699318 -0.063870 -0.238390 0.559948 0.814583 -0.669003 -0.831072 0.501450 -0.362959 0.864025 0.821247 -0.351437 -0.700032 0.366318 -0.205794 -0.475903 -0.550367 -0.599166 -0.618942 0.763150 0.808110 0.810631 0.800584 0.062660 -0.419364 0.600287 0.047692 -0.014203 0.001708 -0.275423 -0.127293 -0.421274 -0.555533 -0.696089 -0.734189 -0.350385 -0.438314 0.180677 -0.085467 0.179408 0.196454 -0.378097 -0.199874 -0.206740 0.074229 -0.375365 -0.437955 -0.331738 -0.024779 -0.011022 -0.548657 -0.052057 0.330689 0.247870 0.160590 -0.284162 -0.360945
-0.668091 -0.816167 1.000000 0.735845 0.539344 0.781060 0.734648 0.795284 0.610922 0.651264 0.232931 0.639783 0.008465 0.519889 0.014422 0.351640 -0.794933 -0.815993 0.308526 -0.664429 0.406544 0.393812 0.594839 0.672419 0.714847 0.751769 0.470283 0.436228 -0.557065 -0.658662 0.706537 0.690288 -0.725969 -0.592138 -0.137770 -0.250915 -0.304787 -0.165700 0.013070 -0.175661 -0.149586 -0.058552 0.059043 0.034633 -0.240193 -0.175820 -0.194028 -0.025584 -0.479292 -0.335100 0.037184 -0.122587 -0.373860 -0.011163 -0.148472 -0.250930 -0.829549 -0.809758 -0.481327 -0.758999 -0.012242 0.153407 -0.653326 -0.862398 0.681010 0.720121 -0.620494 0.113638 -0.700830 -0.793384 0.331253 0.541502 -0.462410 0.219097 0.507500 0.600456 0.460855 0.523226 -0.766153 -0.845988 -0.761867 -0.800396 -0.065852 0.266230 -0.374507 -0.115353 0.207455 0.049355 0.447110 0.314120 0.331191 0.605876 0.732666 0.768981 0.166435 0.124610 -0.291698 -0.132312 -0.223843 -0.169274 0.516356 0.326626 0.198304 0.025792 0.381020 0.388779 0.209179 0.100518 -0.333538 0.287975 -0.146357 -0.368457 -0.162804 0.086553 0.314945 0.248017
-0.370613 -0.633266 0.735845 1.000000 0.467372 0.813780 0.603776 0.631852 0.335531 0.770821 0.094366 0.615070 -0.115170 0.445312 -0.001444 0.563437 -0.577438 -0.653671 0.100763 -0.477369 0.605028 0.287702 0.615384 0.846522 0.582562 0.641025 0.613336 0.445656 -0.709206 -0.717554 0.588196 0.656808 -0.401394 -0.421019 0.078696 -0.151774 -0.122529 0.107785 0.160301 -0.143534 -0.174930 -0.189123 -0.131681 -0.045006 -0.296953 -0.146907 -0.342878 -0.084341 -0.605035 -0.275798 -0.143183 -0.302524 -0.449257 -0.190945 -0.272784 -0.302437 -0.587690 -0.617495 -0.418389 -0.613135 -0.221867 0.152801 -0.445676 -0.731642 0.690772 0.702547 -0.529979 0.107221 -0.462155 -0.494185 0.334568 0.484413 -0.683287 -0.097499 0.085969 0.331820 0.198282 0.416328 -0.636407 -0.644649 -0.610338 -0.730659 -0.027549 0.286509 -0.352073 -0.070850 0.300993 0.087174 0.614156 0.493722 0.393804 0.472939 0.761406 0.562802 0.166608 0.281439 -0.147729 -0.009529 -0.234405 -0.163739 0.361341 0.044288 0.090275 -0.113829 0.246359 0.126286 0.266663 -0.014783 -0.368884 0.477600 -0.024880 -0.352313 -0.378556 -0.192167 0.058854 0.149344
-0.227444 -0.399580 0.539344 0.467372 1.000000 0.567651 0.748826 0.590028 0.326430 0.783088 -0.044769 0.419412 -0.107145 0.453330 -0.363268 0.208284 -0.400703 -0.480332 0.201900 -0.365029 -0.097534 -0.271837 -0.002379 0.202192 0.151788 0.120531 0.479232 -0.273046 -0.342499 -0.263100 0.245199 0.162429 -0.208210 -0.288994 -0.156779 -0.374927 -0.286327 -0.203714 -0.144194 -0.314587 -0.009586 -0.150208 0.085369 -0.028084 0.018822 -0.008114 0.036076 -0.144213 -0.150081 0.048264 -0.261856 0.321591 -0.020889 0.149221 -0.228777 -0.287969 -0.386318 -0.404779 -0.245922 -0.336030 0.156128 0.608440 -0.542476 -0.500351 0.410895 0.449141 -0.449791 -0.180968 -0.354285 -0.238041 0.093528 0.024082 -0.283005 0.138299 0.277334 0.051529 0.173299 -0.021116 -0.474173 -0.472389 -0.520138 -0.482414 -0.161837 0.130313 -0.267919 -0.368602 -0.276065 -0.282076 0.351767 0.270311 0.342730 0.415221 0.479636 0.410785 -0.276090 -0.037494 -0.454347 -0.306590 0.095100 0.086908 0.399929 0.411918 0.414270 -0.055073 0.255257 0.107260 0.028709 0.015319 -0.153042 -0.079096 -0.429274 -0.014849 0.222405 0.244313 0.301647 0.232652
-0.316295 -0.687908 0.781060 0.813780 0.567651 1.000000 0.556919 0.616100 0.476356 0.850849 0.114340 0.660039 0.030906 0.627106 -0.007511 0.608688 -0.552280 -0.669353 0.177308 -0.678987 0.488026 0.365486 0.522905 0.713426 0.735348 0.702115 0.602499 0.469585 -0.508646 -0.634533 0.622014 0.685787 -0.463836 -0.506238 0.118956 -0.132046 -0.131422 0.058967 0.092832 0.061242 -0.125446 0.041681 -0.280633 -0.291420 -0.476482 -0.334672 -0.408482 -0.326030 -0.554271 -0.523333 -0.029951 -0.179979 -0.181438 0.072612 -0.173908 -0.461710 -0.598071 -0.630346 -0.323639 -0.589818 -0.079108 0.368093 -0.637352 -0.733702 0.653407 0.702396 -0.610671 -0.015595 -0.520683 -0.534772 0.208298 0.498696 -0.539105 0.130883 0.398827 0.490310 0.355370 0.355562 -0.517258 -0.677130 -0.531353 -0.622379 0.005056 0.316797 -0.345166 -0.154684 0.239030 0.181905 0.626478 0.554041 0.216904 0.498358 0.733832 0.637533 0.009647 0.207126 -0.400954 -0.173326 -0.223198 -0.244674 0.304984 0.109678 0.018525 -0.219929 0.267685 0.203820 0.302044 -0.001052 -0.235572 0.239731 -0.289669 -0.270114 -0.304548 -0.067543 0.268768 0.131648
-0.472081 -0.698512 0.734648 0.603776 0.748826 0.556919 1.000000 0.803475 0.384140 0.700663 0.200916 0.649780 -0.009686 0.581321 -0.345355 0.177796 -0.582344 -0.644391 0.000886 -0.522153 0.080159 -0.017224 0.201276 0.389668 0.234385 0.299546 0.191533 -0.128564 -0.415375 -0.319698 0.333980 0.366189 -0.378216 -0.310081 -0.180807 -0.209717 -0.365800 -0.198086 -0.245526 -0.448673 -0.117236 -0.232704 0.278306 0.134870 0.144442 0.169955 -0.027145 -0.042540 -0.341193 0.022815 -0.195633 0.068246 -0.343237 -0.120775 -0.214242 -0.272321 -0.752289 -0.698660 -0.349313 -0.629633 0.182056 0.444731 -0.486124 -0.702053 0.512112 0.668545 -0.465134 0.022540 -0.692243 -0.523781 0.295621 0.252371 -0.277187 0.158684 0.319623 0.285279 0.389169 0.366052 -0.786673 -0.650479 -0.777272 -0.739991 -0.276457 0.209620 -0.357804 -0.189599 -0.272825 -0.288914 0.320096 0.038077 0.466820 0.468367 0.589758 0.584435 -0.017154 0.183924 -0.416340 -0.150385 -0.043278 -0.146846 0.439515 0.391919 0.376733 -0.126772 0.268956 0.230552 0.195664 -0.010196 -0.159373 0.188367 -0.196028 -0.176041 0.052243 0.048776 0.363954 0.316924
-0.572612 -0.730250 0.795284 0.631852 0.590028 0.616100 0.803475 1.000000 0.428443 0.665157 0.146444 0.668013 -0.072884 0.550598 -0.268896 0.174148 -0.633535 -0.682421 0.034092 -0.415058 0.257510 0.265336 0.252228 0.530085 0.312854 0.495103 0.262008 0.061427 -0.508993 -0.350759 0.472167 0.523344 -0.583825 -0.371409 -0.262738 -0.213779 -0.379995 -0.108985 -0.200860 -0.464200 -0.222694 -0.242491 0.224194 0.140800 -0.020890 0.049820 -0.095077 -0.014499 -0.342546 -0.143943 0.017231 -0.059377 -0.418818 -0.180696 -0.258322 -0.305837 -0.759604 -0.831994 -0.505045 -0.772367 0.084886 0.230869 -0.504034 -0.754198 0.475348 0.669748 -0.594320 0.205082 -0.705868 -0.611380 0.214845 0.419222 -0.342157 0.151600 0.267171 0.533730 0.335200 0.407829 -0.734600 -0.645550 -0.749285 -0.811646 -0.362230 0.232655 -0.414965 -0.171772 -0.125543 -0.270665 0.248192 0.055023 0.597738 0.590165 0.695307 0.684828 0.153439 0.238229 -0.249574 -0.059263 -0.125850 -0.088501 0.702413 0.494184 0.246737 0.158480 0.436620 0.451924 0.117033 0.076830 -0.288049 0.283813 -0.151555 -0.467329 0.023243 0.210219 0.330651 0.308047
-0.458868 -0.543569 0.610922 0.335531 0.326430 0.476356 0.384140 0.428443 1.000000 0.333715 0.371237 0.556686 -0.014383 0.302428 0.335082 0.282826 -0.669551 -0.578671 0.300666 -0.308070 0.118675 0.192864 0.489347 0.376531 0.504792 0.393625 0.078342 0.193968 -0.395866 -0.415774 0.509949 0.412266 -0.699758 -0.719646 -0.167224 -0.346566 -0.043852 -0.267271 -0.161717 -0.094298 -0.533455 -0.128577 0.068279 0.184267 -0.286051 -0.133415 0.188088 0.291283 0.070510 -0.012045 -0.077468 0.200836 -0.132398 0.027452 -0.117464 0.087088 -0.624430 -0.551637 -0.082637 -0.293234 -0.005945 0.303730 -0.755185 -0.526628 0.572292 0.516292 -0.438784 -0.055381 -0.581289 -0.481106 -0.308049 0.109680 -0.447900 -0.052358 0.278075 0.444850 0.546132 0.243840 -0.498426 -0.602045 -0.646585 -0.604742 0.250670 0.490989 -0.325336 0.025205 0.254375 0.144069 0.103481 0.444182 0.419583 0.633074 0.560296 0.576333 0.196221 -0.199237 -0.188899 -0.303777 0.023858 0.069750 0.506700 0.173984 0.112262 0.021331 0.147405 0.098523 0.198997 -0.090299 -0.178614 0.053714 -0.178625 -0.241304 -0.086667 -0.093644 0.136231 -0.065667
-0.234811 -0.584323 0.651264 0.770821 0.783088 0.850849 0.700663 0.665157 0.333715 1.000000 -0.082021 0.521410 -0.195895 0.551252 -0.313443 0.485180 -0.487660 -0.534341 -0.069974 -0.546435 0.332939 0.071453 0.218333 0.494041 0.482046 0.458334 0.592527 0.135454 -0.531517 -0.465814 0.377560 0.418743 -0.280379 -0.393299 0.090098 -0.154729 -0.097690 0.168472 0.099570 -0.094429 -0.084486 -0.036746 -0.051998 -0.101142 -0.197187 -0.046396 -0.202819 -0.223831 -0.479264 -0.221064 -0.191707 -0.053170 -0.216691 -0.050003 -0.183234 -0.373967 -0.503246 -0.541500 -0.296774 -0.525886 -0.081615 0.458487 -0.591183 -0.658601 0.531076 0.623225 -0.564153 -0.064631 -0.426243 -0.353945 0.190743 0.313450 -0.544895 0.104165 0.248591 0.309469 0.279473 0.242918 -0.509702 -0.596707 -0.539363 -0.587679 -0.139978 0.175099 -0.322877 -0.256432 0.002527 -0.053171 0.552515 0.381778 0.370425 0.454997 0.696598 0.529648 -0.099513 0.177322 -0.376435 -0.182428 -0.026276 -0.057019 0.409997 0.116370 0.221593 -0.239718 0.235716 0.108241 0.308083 -0.130509 -0.172691 0.176291 -0.262224 -0.203585 -0.058815 -0.125582 0.196184 0.167688
-0.244497 -0.273742 0.232931 0.094366 -0.044769 0.114340 0.200916 0.146444 0.371237 -0.082021 1.000000 0.539518 0.401832 0.322611 0.581248 -0.029456 -0.231918 -0.228999 0.291486 -0.089908 -0.270837 -0.108606 0.368285 0.227675 0.137278 0.039520 -0.088860 -0.007805 0.027332 -0.102462 0.171894 0.087482 -0.402233 -0.274515 -0.100067 -0.162066 -0.301567 -0.292485 -0.318950 -0.282104 -0.199442 -0.230773 -0.082480 -0.063188 -0.172145 -0.176709 -0.075926 0.047991 0.075100 -0.081384 -0.087355 -0.139934 -0.118753 -0.055630 -0.471469 -0.059530 -0.385723 -0.306773 0.283118 -0.034396 0.371590 0.218542 -0.288779 -0.180249 0.418421 0.335739 -0.054546 0.047669 -0.388773 -0.248087 -0.076716 -0.015634 0.005633 0.030871 0.129876 0.124580 0.306993 0.171093 -0.402135 -0.115677 -0.386098 -0.273953 0.241440 0.305497 -0.131913 0.009825 0.053299 -0.071294 0.194688 0.075168 -0.049203 0.157682 0.083181 0.383933 0.093714 0.067529 -0.251181 -0.176505 -0.485713 -0.440142 -0.068499 0.230578 -0.152475 0.255702 0.098941 0.237744 0.009216 0.223819 -0.233646 0.048749 -0.284798 -0.010477 -0.320028 -0.020123 0.154069 0.178982
-0.548261 -0.775664 0.639783 0.615070 0.419412 0.660039 0.649780 0.668013 0.556686 0.521410 0.539518 1.000000 0.016613 0.597606 0.012313 0.252126 -0.650848 -0.705826 0.106594 -0.500175 0.345503 0.234540 0.402052 0.675487 0.451629 0.474914 0.091198 0.108411 -0.404978 -0.348319 0.640570 0.662964 -0.526925 -0.350448 0.127227 -0.149192 -0.218536 -0.130411 -0.367114 -0.416831 -0.315352 -0.312152 -0.095009 -0.087093 -0.041163 0.003026 -0.268019 -0.135030 -0.214529 -0.175951 -0.237764 -0.123483 -0.390283 -0.214499 -0.397511 -0.336792 -0.789324 -0.807423 -0.178920 -0.468623 0.224479 0.477238 -0.544387 -0.641833 0.735430 0.857538 -0.353722 0.291604 -0.830101 -0.619363 0.139441 0.465440 -0.361291 -0.068316 0.208570 0.378596 0.503443 0.424644 -0.688011 -0.543996 -0.812912 -0.787937 -0.014885 0.502886 -0.623976 -0.067503 -0.042305 -0.087146 0.226387 0.266508 0.384598 0.462785 0.617721 0.617133 0.269927 0.348374 -0.203602 -0.095208 -0.228829 -0.331387 0.304048 0.271775 0.125067 0.054554 0.338977 0.320169 0.245860 0.087169 -0.224385 0.442277 -0.195402 -0.332558 -0.332535 -0.047897 0.312722 0.289038
0.387417 0.074966 0.008465 -0.115170 -0.107145 0.030906 -0.009686 -0.072884 -0.014383 -0.195895 0.401832 0.016613 1.000000 0.556401 0.409836 0.188087 0.296845 -0.046340 0.382702 0.095640 -0.346349 -0.004517 0.193876 -0.106828 -0.140168 -0.218970 -0.143737 -0.030958 0.414791 0.179604 -0.129641 -0.038749 0.025748 -0.023151 -0.312691 0.069681 -0.206085 -0.218013 -0.111334 0.182997 0.108570 0.125413 -0.168293 -0.237719 -0.368900 -0.446280 -0.156427 -0.136455 -0.141163 -0.423559 0.194928 0.022325 0.280380 0.294580 0.061275 -0.267454 0.050630 0.017340 0.046904 -0.121121 0.164746 -0.029972 0.091839 -0.006004 -0.240347 -0.274326 -0.119689 -0.267970 0.060792 0.094869 0.018582 -0.151924 0.411153 0.157636 0.168433 0.038791 0.004962 -0.085854 0.033020 0.051665 0.189413 0.161645 -0.029514 0.177132 0.310770 0.004545 -0.149462 0.040077 0.177282 0.022158 -0.249315 0.020212 -0.211947 0.109533 -0.213054 0.076723 -0.396119 -0.088471 -0.334199 -0.145698 -0.306292 0.433258 -0.243534 -0.174011 0.027473 0.009194 -0.291058 0.198732 0.102724 -0.315546 -0.159129 0.129583 -0.139531 0.309501 0.317741 0.069042
-0.014505 -0.551368 0.519889 0.445312 0.453330 0.627106 0.581321 0.550598 0.302428 0.551252 0.322611 0.597606 0.556401 1.000000 -0.029259 0.384163 -0.296508 -0.557182 0.104111 -0.404328 0.075550 0.139258 0.268976 0.291626 0.238106 0.158478 0.111045 -0.019702 -0.147698 -0.080802 0.280618 0.354264 -0.272609 -0.256326 -0.026042 0.135320 -0.075400 0.054070 -0.135914 -0.118920 -0.096569 -0.046080 -0.064704 -0.155766 -0.203510 -0.185931 -0.251125 -0.202455 -0.405099 -0.462652 -0.020014 0.009156 -0.063663 0.068109 -0.045192 -0.467499 -0.521989 -0.598987 -0.220701 -0.582756 0.120417 0.359936 -0.465209 -0.574354 0.251505 0.386915 -0.492383 -0.019248 -0.496623 -0.366223 0.262909 0.273976 -0.069883 0.266199 0.354321 0.426590 0.453572 0.343358 -0.514686 -0.463129 -0.458244 -0.506067 -0.359493 0.212971 -0.363052 -0.257540 -0.322258 -0.187168 0.374153 0.198930 0.251820 0.525275 0.408108 0.635824 -0.062172 0.366846 -0.435306 -0.205636 -0.194558 -0.103166 0.116856 0.524879 0.141000 -0.200516 0.427518 0.251520 0.000133 0.087672 -0.073553 0.071276 -0.153608 -0.201014 -0.088607 0.153341 0.477734 0.310343
0.076277 0.138608 0.014422 -0.001444 -0.363268 -0.007511 -0.345355 -0.268896 0.335082 -0.313443 0.581248 0.012313 0.409836 -0.029259 1.000000 0.286445 0.000169 -0.065547 0.439631 0.110167 -0.117795 0.072583 0.648884 0.193828 0.138271 0.075099 0.105023 0.343402 0.022447 -0.220484 0.134429 0.030270 -0.249272 -0.259509 -0.071236 -0.087453 -0.050658 -0.239753 0.031574 0.220076 -0.136785 0.087414 -0.278949 -0.090085 -0.556782 -0.430993 -0.066528 0.198111 0.064550 -0.201594 0.117178 -0.108366 0.041664 0.128128 -0.295378 -0.047201 0.071095 0.150569 0.207527 0.224024 -0.194227 -0.140248 -0.182268 0.011590 0.195516 -0.119862 -0.012892 -0.173864 0.146204 0.033833 -0.258152 -0.131545 -0.104875 0.031140 0.056561 0.157165 -0.011723 -0.046587 0.030480 0.013764 0.084603 0.092383 0.552214 0.343042 0.232027 0.109613 0.562386 0.303903 0.288252 0.345314 -0.225110 0.105318 0.004592 0.144818 -0.139511 -0.295156 -0.141690 -0.275127 -0.487932 -0.258520 -0.051966 -0.135627 -0.463253 0.167342 -0.178479 -0.139625 -0.210230 0.189791 -0.292770 -0.122249 -0.128961 0.047918 -0.316563 -0.036254 -0.257018 -0.280289
0.061749 -0.308078 0.351640 0.563437 0.208284 0.608688 0.177796 0.174148 0.282826 0.485180 -0.029456 0.252126 0.188087 0.384163 0.286445 1.000000 -0.131984 -0.465177 0.093547 -0.368500 0.452495 0.264713 0.490786 0.442009 0.421287 0.440154 0.444809 0.518301 -0.170946 -0.404320 0.353971 0.386352 -0.124278 -0.258455 0.023254 -0.040623 0.021649 0.004841 0.256732 0.463753 -0.007950 0.391232 -0.189367 -0.140065 -0.370016 -0.218919 -0.209396 -0.056325 -0.455561 -0.321956 -0.148763 -0.190003 -0.194331 -0.028630 -0.045051 -0.389704 -0.202267 -0.223015 -0.260166 -0.195204 -0.508912 -0.013984 -0.315706 -0.517113 0.232695 0.158210 -0.314328 -0.234930 -0.037153 -0.019094 0.081509 0.210735 -0.320569 0.102841 0.143934 0.257497 0.060349 0.093577 -0.098183 -0.434088 -0.069598 -0.203162 0.307505 0.537498 -0.007883 -0.090288 0.401447 0.432255 0.512261 0.455661 0.158101 0.232846 0.424841 0.237731 -0.229131 0.009202 -0.240201 -0.110926 -0.151072 -0.137985 0.037940 -0.184359 -0.186697 -0.374135 -0.043402 -0.188000 0.197092 -0.123952 -0.079382 0.094156 0.074467 0.099718 -0.188834 -0.242182 -0.178713 -0.137234
0.797599 0.790684 -0.794933 -0.577438 -0.400703 -0.552280 -0.582344 -0.633535 -0.669551 -0.487660 -0.231918 -0.650848 0.296845 -0.296508 0.000169 -0.131984 1.000000 0.801560 -0.110878 0.475227 -0.443425 -0.362972 -0.535000 -0.612012 -0.574166 -0.635845 -0.254570 -0.271654 0.717397 0.598711 -0.672266 -0.589907 0.821246 0.621634 -0.011998 0.259486 0.175188 0.053207 0.034033 0.303123 0.211876 0.204151 -0.219285 -0.303861 0.003108 -0.155335 -0.033441 -0.254990 0.282325 0.013669 0.130319 0.085261 0.509406 0.219628 0.114780 0.033113 0.810221 0.794442 0.464140 0.511489 0.094195 -0.190724 0.764078 0.781709 -0.771133 -0.794564 0.590388 -0.366128 0.753847 0.794128 -0.236677 -0.507428 0.652906 -0.121658 -0.290401 -0.505488 -0.635922 -0.667727 0.832381 0.832239 0.883688 0.833686 0.032178 -0.280946 0.545857 0.112077 -0.139272 0.119538 -0.281467 -0.244089 -0.513566 -0.654051 -0.731245 -0.741957 -0.435609 -0.231318 -0.041141 -0.089604 0.034308 -0.068516 -0.622800 -0.201754 -0.418236 -0.263702 -0.482857 -0.461292 -0.296488 -0.278834 0.183341 -0.574843 -0.064105 0.385199 0.068848 0.014308 -0.229485 -0.391773
0.590544 0.837946 -0.815993 -0.653671 -0.480332 -0.669353 -0.644391 -0.682421 -0.578671 -0.534341 -0.228999 -0.705826 -0.046340 -0.557182 -0.065547 -0.465177 0.801560 1.000000 -0.237655 0.540909 -0.458258 -0.402968 -0.610514 -0.670294 -0.531338 -0.657415 -0.281459 -0.319863 0.492659 0.545761 -0.749622 -0.706453 0.631865 0.389088 -0.019779 0.063662 0.248660 0.259970 0.147493 0.226714 0.076325 -0.044443 -0.046131 -0.086917 0.066266 -0.067538 0.203652 -0.107437 0.489981 0.232166 0.218065 0.156693 0.494324 0.165979 0.248738 0.416415 0.750877 0.807333 0.496186 0.565104 0.111420 -0.240933 0.661043 0.883320 -0.644793 -0.681025 0.540088 -0.268964 0.660352 0.668543 -0.314112 -0.585917 0.422703 -0.258582 -0.475379 -0.555621 -0.451155 -0.499869 0.747842 0.868866 0.763583 0.788584 -0.036210 -0.515388 0.508185 0.167244 -0.131340 -0.020341 -0.419203 -0.286699 -0.438324 -0.639691 -0.696768 -0.722196 -0.187852 -0.281928 0.187213 -0.024717 0.270530 0.106286 -0.473650 -0.316540 -0.186945 -0.073995 -0.379630 -0.286206 -0.103040 -0.234277 0.098953 -0.493958 -0.098003 0.246120 0.171217 -0.021783 -0.123326 -0.284981
-0.012780 0.034475 0.308526 0.100763 0.201900 0.177308 0.000886 0.034092 0.300666 -0.069974 0.291486 0.106594 0.382702 0.104111 0.439631 0.093547 -0.110878 -0.237655 1.000000 0.036021 -0.154303 -0.044676 0.346939 0.114471 0.206543 0.107079 0.361974 0.135313 -0.001408 -0.264591 0.354341 0.156946 -0.233739 -0.307227 -0.252546 -0.431114 -0.144702 -0.473330 -0.022143 -0.037732 0.037241 -0.046338 -0.346725 -0.290162 -0.458550 -0.600655 -0.127299 -0.103065 0.110383 -0.316351 0.120486 0.121727 0.250200 0.382113 -0.190829 -0.093325 0.053903 0.011465 0.019829 0.034749 0.196237 0.141023 -0.229463 -0.086757 0.204568 -0.004150 -0.076135 -0.160995 0.095458 -0.094089 -0.154323 -0.039276 0.020084 -0.068088 0.218737 -0.065830 -0.077659 -0.231397 -0.061064 -0.060548 -0.061733 -0.069816 0.305714 0.215004 0.062478 -0.113886 0.267625 0.151132 0.234725 0.432991 -0.241147 0.098733 -0.004979 0.124850 -0.117316 -0.321041 -0.111157 -0.283919 -0.322661 -0.122973 0.048662 0.468605 -0.026550 0.278920 0.055888 -0.084028 -0.354711 0.250969 -0.366398 -0.245635 -0.340508 -0.041099 -0.224802 0.344507 0.038698 -0.094166
0.430548 0.686839 -0.664429 -0.477369 -0.365029 -0.678987 -0.522153 -0.415058 -0.308070 -0.546435 -0.089908 -0.500175 0.095640 -0.404328 0.110167 -0.368500 0.475227 0.540909 0.036021 1.000000 -0.388206 -0.400878 -0.391747 -0.473214 -0.670390 -0.696321 -0.223282 -0.460413 0.186392 0.413280 -0.510233 -0.597964 0.303558 0.197440 -0.335741 -0.150235 0.084062 0.047554 -0.013277 -0.079035 -0.034409 -0.308716 0.204642 0.356088 0.090958 0.140074 0.414207 0.382098 0.437045 0.419289 -0.003183 0.118622 0.119168 -0.189781 0.036095 0.345566 0.627515 0.512002 0.119323 0.524602 -0.076769 -0.292927 0.377770 0.527555 -0.503444 -0.570784 0.281744 0.103334 0.583414 0.667189 -0.298582 -0.608384 0.159746 -0.460889 -0.688819 -0.566749 -0.385043 -0.390960 0.392258 0.557076 0.421654 0.407873 -0.121987 -0.228979 0.337679 -0.084941 -0.244631 -0.352765 -0.305614 -0.230978 0.043632 -0.323634 -0.488444 -0.481285 0.009034 -0.017489 0.473554 0.268938 0.146374 0.464084 -0.106683 0.157920 0.077318 0.360805 0.021171 -0.155270 -0.366358 0.126861 0.128906 -0.117727 0.284779 0.019335 0.283296 0.202083 -0.166578 0.039628
-0.377305 -0.503055 0.406544 0.605028 -0.097534 0.488026 0.080159 0.257510 0.118675 0.332939 -0.270837 0.345503 -0.346349 0.075550 -0.117795 0.452495 -0.443425 -0.458258 -0.154303 -0.388206 1.000000 0.701577 0.412684 0.682171 0.645070 0.738004 0.291769 0.695738 -0.454591 -0.490284 0.656833 0.751633 -0.247988 -0.116214 0.428409 0.188384 0.206906 0.334659 0.278676 0.154987 -0.030643 0.081820 -0.155038 -0.005119 -0.037220 0.089276 -0.390779 -0.066708 -0.460177 -0.292214 -0.033152 -0.441625 -0.502889 -0.393942 0.107344 -0.169460 -0.364130 -0.458771 -0.436292 -0.377497 -0.429206 -0.281141 -0.124914 -0.482573 0.365469 0.447447 -0.132886 0.477956 -0.298515 -0.437006 0.437151 0.737730 -0.472767 -0.169575 0.003888 0.360890 0.162062 0.469334 -0.223866 -0.468353 -0.294316 -0.444333 0.024938 0.217328 -0.415169 0.087531 0.385980 0.326606 0.158881 0.267982 0.165429 0.113701 0.428157 0.178206 0.388685 0.405996 0.384003 0.290593 -0.054157 -0.058039 0.109480 -0.292594 -0.021100 -0.121009 0.180705 0.089652 0.264447 -0.093873 -0.083751 0.674783 0.476851 -0.391922 -0.354292 -0.316106 -0.141261 0.082015
-0.318598 -0.439374 0.393812 0.287702 -0.271837 0.365486 -0.017224 0.265336 0.192864 0.071453 -0.108606 0.234540 -0.004517 0.139258 0.072583 0.264713 -0.362972 -0.402968 -0.044676 -0.400878 0.701577 1.000000 0.443571 0.517790 0.516497 0.708826 0.066611 0.737526 -0.210533 -0.404243 0.504579 0.707098 -0.461793 -0.201971 0.218110 0.250204 -0.013101 0.186128 0.251469 0.236220 0.127054 0.321659 -0.260220 -0.218312 -0.308870 -0.210720 -0.462681 -0.234900 -0.278384 -0.569078 0.488933 -0.309281 -0.119413 -0.068881 0.252914 -0.243019 -0.369523 -0.443266 -0.378229 -0.431596 -0.249106 -0.372314 -0.097762 -0.403195 0.096616 0.232075 -0.191309 0.375267 -0.287838 -0.451070 0.317246 0.726368 -0.168134 0.180719 0.241439 0.612097 0.230516 0.463957 -0.207385 -0.471790 -0.149195 -0.304023 0.048734 0.250692 -0.185952 0.219342 0.435591 0.447846 0.118835 0.246146 -0.039044 0.087043 0.187084 0.159814 0.340641 0.291738 0.170732 0.205126 -0.182610 -0.177646 0.169484 -0.134621 -0.267586 -0.017155 0.059253 0.233351 0.033782 0.146807 -0.011240 0.399648 0.275905 -0.319704 -0.338982 -0.024818 -0.005450 0.046230
-0.322579 -0.432688 0.594839 0.615384 -0.002379 0.522905 0.201276 0.252228 0.489347 0.218333 0.368285 0.402052 0.193876 0.268976 0.648884 0.490786 -0.535000 -0.610514 0.346939 -0.391747 0.412684 0.443571 1.000000 0.753196 0.530516 0.613823 0.338558 0.595590 -0.491040 -0.651374 0.584813 0.609697 -0.519894 -0.415580 0.097297 -0.014075 -0.154097 -0.169001 0.038033 0.025614 -0.194401 -0.014159 -0.272175 -0.090280 -0.539284 -0.330453 -0.343862 0.073341 -0.447712 -0.385433 0.070295 -0.276030 -0.305052 0.016459 -0.304789 -0.305932 -0.440899 -0.368973 -0.257232 -0.357959 -0.298639 0.001522 -0.449942 -0.524213 0.650682 0.440826 -0.415450 0.036248 -0.335344 -0.529642 0.170614 0.437503 -0.503283 0.129132 0.291177 0.508303 0.221683 0.419841 -0.488133 -0.550918 -0.412213 -0.472504 0.306024 0.423553 -0.123558 0.131663 0.588240 0.268081 0.564237 0.498978 0.097006 0.459621 0.560601 0.559202 0.082457 0.011346 -0.222499 -0.153404 -0.513856 -0.308475 0.292553 -0.090285 -0.257623 -0.027591 0.022237 0.044792 -0.021130 0.244785 -0.344948 0.330124 -0.038687 -0.276267 -0.457395 -0.090679 -0.083804 -0.088789
-0.528263 -0.662065 0.672419 0.846522 0.202192 0.713426 0.389668 0.530085 0.376531 0.494041 0.227675 0.675487 -0.106828 0.291626 0.193828 0.442009 -0.612012 -0.670294 0.114471 -0.473214 0.682171 0.517790 0.753196 1.000000 0.631204 0.781286 0.441465 0.565096 -0.605169 -0.707640 0.763343 0.861293 -0.523925 -0.309339 0.193080 -0.051676 -0.290250 -0.050142 -0.067789 -0.209181 -0.203424 -0.213727 -0.291376 -0.137591 -0.317991 -0.149220 -0.502602 -0.129407 -0.498442 -0.306918 -0.060910 -0.341027 -0.466116 -0.183712 -0.395578 -0.377689 -0.616941 -0.634546 -0.394682 -0.498796 -0.186715 0.075001 -0.344636 -0.645217 0.756148 0.738898 -0.395776 0.342827 -0.563843 -0.624416 0.356235 0.669156 -0.601435 -0.111688 0.112262 0.395767 0.152072 0.448368 -0.591817 -0.614561 -0.579857 -0.696124 0.129474 0.415892 -0.410545 0.069832 0.405835 0.157892 0.444356 0.460179 0.269559 0.370709 0.669927 0.497714 0.262689 0.343879 -0.104380 0.093434 -0.394113 -0.309611 0.308959 -0.070774 -0.134684 -0.019149 0.175221 0.230744 0.135837 0.161130 -0.288472 0.615782 -0.002108 -0.407700 -0.515917 -0.116438 0.008506 0.147375
-0.483378 -0.649187 0.714847 0.582562 0.151788 0.735348 0.234385 0.312854 0.504792 0.482046 0.137278 0.451629 -0.140168 0.238106 0.138271 0.421287 -0.574166 -0.531338 0.206543 -0.670390 0.645070 0.516497 0.530516 0.631204 1.000000 0.849297 0.467395 0.767656 -0.362732 -0.654589 0.739802 0.711117 -0.509448 -0.488209 0.279165 -0.037429 0.048805 0.066538 0.222078 0.211725 -0.104780 0.156715 -0.259171 -0.175922 -0.333712 -0.249948 -0.348520 -0.129665 -0.411908 -0.441196 -0.001683 -0.274263 -0.238242 0.001860 0.004369 -0.093322 -0.552957 -0.528747 -0.150839 -0.425028 -0.112189 -0.006957 -0.461891 -0.584749 0.591384 0.573611 -0.280115 0.155260 -0.452877 -0.615029 0.232629 0.600767 -0.450282 0.009519 0.415083 0.452473 0.340990 0.373373 -0.342475 -0.607171 -0.417033 -0.471517 0.272080 0.204211 -0.332458 0.038104 0.506404 0.469803 0.321843 0.449981 -0.063740 0.284500 0.479208 0.443060 0.237542 0.079349 -0.075644 -0.065611 -0.184806 -0.232050 0.061446 -0.147460 -0.073176 -0.170368 0.142822 0.151196 0.386781 -0.174744 -0.206976 0.283984 -0.010733 -0.216298 -0.437240 -0.327253 0.039279 0.001509
-0.628506 -0.727162 0.751769 0.641025 0.120531 0.702115 0.299546 0.495103 0.393625 0.458334 0.039520 0.474914 -0.218970 0.158478 0.075099 0.440154 -0.635845 -0.657415 0.107079 -0.696321 0.738004 0.708826 0.613823 0.781286 0.849297 1.000000 0.417550 0.786841 -0.396209 -0.668215 0.796247 0.852752 -0.583328 -0.342307 0.219250 -0.002306 -0.194426 -0.020995 0.125920 0.086962 -0.001284 0.237869 -0.218687 -0.179629 -0.284002 -0.143556 -0.465841 -0.169116 -0.552279 -0.458530 0.053397 -0.435152 -0.412576 -0.101599 -0.135105 -0.300101 -0.611019 -0.617935 -0.402704 -0.534216 -0.198331 -0.063112 -0.363850 -0.656708 0.594983 0.630910 -0.374498 0.282446 -0.514939 -0.706093 0.323206 0.799266 -0.415673 0.191239 0.457898 0.594337 0.272648 0.485529 -0.417454 -0.681190 -0.439818 -0.523772 0.257383 0.382917 -0.299668 0.106843 0.563476 0.429823 0.353702 0.294799 0.075428 0.279753 0.596972 0.461422 0.268595 0.190913 -0.096403 0.099592 -0.323129 -0.356727 0.320784 -0.171758 -0.147576 -0.064021 0.102525 0.267688 0.312812 0.050722 -0.129410 0.458284 0.023413 -0.292661 -0.406709 -0.200351 -0.019274 0.051292
-0.161639 -0.143677 0.470283 0.613336 0.479232 0.602499 0.191533 0.262008 0.078342 0.592527 -0.088860 0.091198 -0.143737 0.111045 0.105023 0.444809 -0.254570 -0.281459 0.361974 -0.223282 0.291769 0.066611 0.338558 0.441465 0.467395 0.417550 1.000000 0.409004 -0.488631 -0.681988 0.370765 0.244457 -0.260807 -0.368488 -0.044406 -0.335063 -0.178278 0.055057 0.423756 0.132289 0.189532 0.039693 -0.210819 -0.166153 -0.435189 -0.359753 -0.215731 -0.211666 -0.318091 -0.279446 0.078954 -0.123132 -0.076912 0.070563 -0.215133 -0.265421 -0.079401 -0.121593 -0.296588 -0.155831 -0.272386 -0.004332 -0.394485 -0.444824 0.372870 0.245362 -0.333262 -0.035862 0.113644 -0.100161 0.288411 0.137677 -0.533408 0.029141 0.094119 0.069304 -0.115670 0.058504 -0.242415 -0.397031 -0.159051 -0.279657 0.086254 -0.068578 -0.057074 -0.434750 0.363738 0.078524 0.690595 0.528339 -0.016382 0.139839 0.373198 0.240209 -0.240578 0.014334 -0.084050 -0.130408 -0.225770 -0.050515 0.167995 0.019613 0.075824 0.167810 0.246672 0.085136 -0.042733 0.146273 -0.408983 0.097011 -0.162661 -0.089885 -0.052991 0.122344 -0.064463 0.167183
-0.263364 -0.313192 0.436228 0.445656 -0.273046 0.469585 -0.128564 0.061427 0.193968 0.135454 -0.007805 0.108411 -0.030958 -0.019702 0.343402 0.518301 -0.271654 -0.319863 0.135313 -0.460413 0.695738 0.737526 0.595590 0.565096 0.767656 0.786841 0.409004 1.000000 -0.252285 -0.640917 0.494773 0.583180 -0.375637 -0.343482 0.170134 0.047653 0.049987 0.128917 0.501201 0.514955 0.113432 0.418979 -0.327578 -0.229829 -0.468805 -0.405291 -0.405899 -0.138068 -0.393383 -0.532548 0.321312 -0.396385 -0.139776 0.041001 0.161554 -0.102213 -0.258059 -0.245122 -0.205424 -0.293574 -0.384383 -0.459677 -0.111773 -0.399905 0.236280 0.178850 -0.156567 0.063134 -0.080055 -0.325993 0.228289 0.525475 -0.322419 0.073822 0.218404 0.450128 0.048618 0.298184 -0.070390 -0.418023 -0.014047 -0.166140 0.367790 0.191693 0.035211 0.221690 0.779746 0.714772 0.331903 0.412528 -0.210556 0.051314 0.233315 0.144978 0.213711 0.004397 0.081892 0.112035 -0.242493 -0.251821 -0.051710 -0.361067 -0.365494 -0.099575 -0.062865 0.053040 0.279615 -0.048529 -0.217907 0.247308 0.188105 -0.085524 -0.468742 -0.278406 -0.203436 -0.157746
0.493974 0.392943 -0.557065 -0.709206 -0.342499 -0.508646 -0.415375 -0.508993 -0.395866 -0.531517 0.027332 -0.404978 0.414791 -0.147698 0.022447 -0.170946 0.717397 0.492659 -0.001408 0.186392 -0.454591 -0.210533 -0.491040 -0.605169 -0.362732 -0.396209 -0.488631 -0.252285 1.000000 0.716596 -0.377606 -0.344203 0.549128 0.579539 0.057500 0.288829 0.028582 -0.123383 -0.189872 0.258506 0.324983 0.425817 -0.155309 -0.319392 0.160180 -0.022595 -0.100612 -0.240905 0.224665 -0.084536 -0.054153 -0.004469 0.374436 0.158506 0.105724 -0.029786 0.494245 0.458884 0.434912 0.386449 0.326085 -0.064875 0.613195 0.608395 -0.632527 -0.609865 0.566854 -0.192608 0.377695 0.432817 -0.174547 -0.201753 0.905803 0.154991 0.147678 -0.306963 -0.254906 -0.505468 0.674424 0.586244 0.652533 0.742338 0.238926 0.084029 0.403817 0.205770 -0.195291 0.202914 -0.398467 -0.413319 -0.595153 -0.617756 -0.705457 -0.547509 -0.321773 -0.134085 -0.182007 -0.057552 -0.111019 -0.245387 -0.589472 -0.044590 -0.372284 -0.282867 -0.449654 -0.242927 -0.227381 -0.174840 0.446544 -0.503179 -0.113943 0.394002 0.017272 0.024669 -0.036739 -0.229523
0.499824 0.455465 -0.658662 -0.717554 -0.263100 -0.634533 -0.319698 -0.350759 -0.415774 -0.465814 -0.102462 -0.348319 0.179604 -0.080802 -0.220484 -0.404320 0.598711 0.545761 -0.264591 0.413280 -0.490284 -0.404243 -0.651374 -0.707640 -0.654589 -0.668215 -0.681988 -0.640917 0.716596 1.000000 -0.518116 -0.526917 0.587095 0.609286 0.052628 0.323927 0.262281 0.174405 -0.285832 -0.038714 0.112995 0.042070 0.130178 0.012135 0.386649 0.262815 0.145452 0.009943 0.316407 0.164757 -0.140215 0.169966 0.227927 0.011103 0.154695 0.076427 0.457122 0.389403 0.265747 0.326060 0.189993 0.043390 0.518273 0.630209 -0.625876 -0.541250 0.437496 -0.022841 0.280954 0.442910 -0.199233 -0.302461 0.745378 0.083509 -0.128832 -0.312662 -0.073335 -0.349083 0.534255 0.700263 0.480799 0.594115 -0.221559 -0.128439 0.176697 0.091592 -0.577369 -0.299824 -0.582741 -0.603324 -0.192710 -0.377314 -0.556402 -0.416569 -0.233429 -0.056304 -0.009338 -0.095474 0.179286 0.066725 -0.282510 0.104678 0.012731 -0.114034 -0.149997 -0.127151 -0.210522 -0.106919 0.282493 -0.379308 -0.013623 0.131448 0.327881 0.135724 0.106039 -0.121794
-0.624828 -0.722844 0.706537 0.588196 0.245199 0.622014 0.333980 0.472167 0.509949 0.377560 0.171894 0.640570 -0.129641 0.280618 0.134429 0.353971 -0.672266 -0.749622 0.354341 -0.510233 0.656833 0.504579 0.584813 0.763343 0.739802 0.796247 0.370765 0.494773 -0.377606 -0.518116 1.000000 0.870668 -0.543193 -0.235529 0.279288 -0.003279 -0.131625 -0.160494 -0.164553 -0.210657 -0.090475 -0.046706 -0.231821 -0.116813 -0.145606 -0.032565 -0.424905 -0.065849 -0.357025 -0.333718 -0.163682 -0.233628 -0.445630 -0.159954 -0.302560 -0.350240 -0.600653 -0.643716 -0.405088 -0.357576 -0.152654 0.134130 -0.441335 -0.648958 0.665367 0.674352 -0.222627 0.508067 -0.552144 -0.677641 0.350243 0.740582 -0.374702 0.004729 0.377360 0.394776 0.324397 0.411495 -0.497140 -0.620073 -0.586846 -0.640623 0.214190 0.454248 -0.617549 -0.171428 0.306973 0.152123 0.214826 0.321343 0.131914 0.324044 0.542413 0.459886 0.169208 0.255892 -0.004073 -0.061986 -0.334261 -0.283222 0.275676 0.065083 0.060640 0.093081 0.293947 0.195201 0.016885 0.122268 -0.217438 0.502228 0.072901 -0.356348 -0.336656 -0.064258 -0.009428 0.146808
-0.516633 -0.748415 0.690288 0.656808 0.162429 0.685787 0.366189 0.523344 0.412266 0.418743 0.087482 0.662964 -0.038749 0.354264 0.030270 0.386352 -0.589907 -0.706453 0.156946 -0.597964 0.751633 0.707098 0.609697 0.861293 0.711117 0.852752 0.244457 0.583180 -0.344203 -0.526917 0.870668 1.000000 -0.476726 -0.199510 0.308761 0.095716 -0.189782 -0.073439 -0.142738 -0.122970 -0.124869 -0.017570 -0.350259 -0.263174 -0.231314 -0.135539 -0.596907 -0.269481 -0.446773 -0.465994 -0.011026 -0.310882 -0.373432 -0.151942 -0.208914 -0.436628 -0.620062 -0.690815 -0.377073 -0.546533 -0.056264 0.090234 -0.286739 -0.597707 0.598828 0.667587 -0.266912 0.410691 -0.630836 -0.717874 0.356072 0.848316 -0.338242 -0.031966 0.340844 0.496713 0.250635 0.407457 -0.457534 -0.622278 -0.526501 -0.622378 0.133174 0.502409 -0.468212 0.155973 0.327156 0.287085 0.224810 0.364676 0.126071 0.273694 0.539540 0.419538 0.290312 0.357348 -0.090433 0.081461 -0.354913 -0.340971 0.250286 0.011950 -0.174643 -0.144276 0.113420 0.202451 0.085201 0.058769 -0.105002 0.550532 0.031612 -0.461892 -0.526858 -0.094138 0.084012 0.091262
0.750622 0.623674 -0.725969 -0.401394 -0.208210 -0.463836 -0.378216 -0.583825 -0.699758 -0.280379 -0.402233 -0.526925 0.025748 -0.272609 -0.249272 -0.124278 0.821246 0.631865 -0.233739 0.303558 -0.247988 -0.461793 -0.519894 -0.523925 -0.509448 -0.583328 -0.260807 -0.375637 0.549128 0.587095 -0.543193 -0.476726 1.000000 0.774478 0.323921 0.412046 0.380734 0.132511 -0.056241 0.153055 0.174131 0.102264 -0.182995 -0.240868 0.255376 0.134026 -0.084151 -0.214462 0.114178 0.131800 -0.231915 0.010338 0.271240 0.021097 0.044088 -0.026481 0.754771 0.717567 0.443186 0.454661 0.087621 0.053861 0.671354 0.711413 -0.545817 -0.579820 0.623202 -0.270083 0.623403 0.648449 -0.129988 -0.328810 0.491078 -0.163694 -0.220222 -0.545263 -0.552818 -0.609378 0.721076 0.749432 0.682228 0.692127 -0.033354 -0.270274 0.313248 0.148944 -0.249846 0.013343 -0.234706 -0.250268 -0.406730 -0.566569 -0.548586 -0.652379 -0.394748 -0.146353 -0.001762 -0.105948 0.080378 -0.067583 -0.576128 -0.276704 -0.268981 -0.409446 -0.504962 -0.585343 -0.195400 -0.405961 0.188272 -0.337585 0.020737 0.271751 -0.006133 -0.199309 -0.293459 -0.419137
0.372945 0.351117 -0.592138 -0.421019 -0.288994 -0.506238 -0.310081 -0.371409 -0.719646 -0.393299 -0.274515 -0.350448 -0.023151 -0.256326 -0.259509 -0.258455 0.621634 0.389088 -0.307227 0.197440 -0.116214 -0.201971 -0.415580 -0.309339 -0.488209 -0.342307 -0.368488 -0.343482 0.579539 0.609286 -0.235529 -0.199510 0.774478 1.000000 0.422519 0.630888 0.075355 -0.019529 -0.360546 -0.156576 0.249670 0.092093 -0.120209 -0.200513 0.466002 0.384924 -0.252154 -0.201034 0.004040 0.107612 -0.240902 -0.160745 -0.019077 -0.157444 -0.189645 -0.239397 0.507803 0.451424 0.199585 0.343438 0.085475 -0.028400 0.704557 0.543197 -0.442420 -0.395450 0.632982 0.174582 0.365377 0.342907 0.180322 0.056612 0.599812 0.073398 -0.036834 -0.336836 -0.466499 -0.338389 0.510010 0.576522 0.501415 0.508631 -0.086991 -0.153500 0.023441 0.046310 -0.321053 -0.146386 -0.347354 -0.525084 -0.333202 -0.546223 -0.485317 -0.522114 -0.308395 0.147124 0.027883 0.012897 -0.153983 -0.260891 -0.442763 -0.246021 -0.291404 -0.175643 -0.338770 -0.266395 -0.378912 -0.126802 0.283046 -0.040610 0.159854 0.166504 0.026559 -0.035896 -0.302877 -0.172411
0.098672 -0.131747 -0.137770 0.078696 -0.156779 0.118956 -0.180807 -0.262738 -0.167224 0.090098 -0.100067 0.127227 -0.312691 -0.026042 -0.071236 0.023254 -0.011998 -0.019779 -0.252546 -0.335741 0.428409 0.218110 0.097297 0.193080 0.279165 0.219250 -0.044406 0.170134 0.057500 0.052628 0.279288 0.308761 0.323921 0.422519 1.000000 0.680191 0.471662 0.342197 -0.038425 -0.008668 0.092260 0.148176 -0.503673 -0.417414 0.090548 0.171667 -0.546773 -0.344743 -0.166827 -0.263893 -0.239792 -0.309766 -0.074140 -0.174262 -0.164961 -0.267842 0.101927 0.069518 0.305931 0.149105 0.030737 0.237679 0.065276 0.157776 0.189838 0.174073 0.388797 0.308947 -0.004142 -0.123193 0.217687 0.513623 -0.013367 0.047939 0.216797 0.100215 0.063856 0.081165 0.148653 0.093618 0.025106 0.057320 0.196077 0.032824 -0.416925 0.110932 0.154500 0.228383 0.047486 0.155948 -0.351290 -0.190706 -0.041139 -0.106529 0.006789 0.225055 0.093559 -0.163994 -0.248737 -0.369219 -0.309970 -0.491640 -0.278194 -0.301997 -0.262698 -0.286736 -0.046408 -0.221979 0.091281 0.289629 0.112591 -0.091550 -0.437275 -0.491963 -0.324856 -0.217613
0.288503 -0.040190 -0.250915 -0.151774 -0.374927 -0.132046 -0.209717 -0.213779 -0.346566 -0.154729 -0.162066 -0.149192 0.069681 0.135320 -0.087453 -0.040623 0.259486 0.063662 -0.431114 -0.150235 0.188384 0.250204 -0.014075 -0.051676 -0.037429 -0.002306 -0.335063 0.047653 0.288829 0.323927 -0.003279 0.095716 0.412046 0.630888 0.680191 1.000000 0.385753 0.290585 -0.108912 -0.008271 0.112229 0.260933 -0.243427 -0.243849 0.153522 0.257434 -0.428959 -0.173873 -0.273156 -0.288955 -0.019239 -0.267295 -0.028476 -0.113226 0.004195 -0.278785 0.147368 0.117130 0.172369 -0.009087 -0.044667 -0.054464 0.314164 0.185594 -0.262577 -0.165299 0.350315 0.268252 0.113278 0.009144 0.319853 0.390424 0.327572 0.313915 0.277300 0.228594 -0.021670 0.134459 0.177958 0.151449 0.232354 0.174376 -0.147866 -0.164039 -0.268669 0.050316 -0.094745 0.070125 -0.091013 -0.197418 -0.247821 -0.116279 -0.214088 -0.100474 -0.082699 0.316159 -0.017205 -0.087139 -0.245192 -0.252808 -0.337560 -0.310483 -0.337111 -0.368748 -0.196244 -0.206621 -0.250434 -0.208661 0.259513 0.133642 0.345128 -0.023203 -0.197567 -0.328445 -0.271110 -0.194795
