1.000000 0.456006 -0.045244 -0.590492 -0.239525 -0.552789 0.030957 -0.383220 -0.222747 -0.199459 0.719572 0.045496 0.670425 0.427338 0.110972 0.045721 -0.008901 0.098285 0.431756 0.086293 -0.232398 -0.258438 -0.447988 -0.626236 -0.541706 -0.527703 -0.436681 -0.498075 0.058691 0.327335 -0.504619 -0.639305 0.154910 -0.172278 0.256364 -0.069100 0.044227 0.338734 -0.075205 -0.236335 -0.218750 0.266861 0.250516 0.309043 0.040474 -0.285985 0.414821 0.465338 0.296318 -0.095037 0.116733 0.313981 0.371550 0.337968 0.097741 -0.102358 0.197330 0.147528 0.644230 0.251074 0.738471 0.574209 -0.087090 0.437170 -0.212602 0.105624 0.373533 -0.052777 -0.243968 -0.312765 -0.515072 -0.349020 0.210706 -0.096562 0.195656 0.186619 0.464159 0.240188 -0.338170 0.145079 -0.550563 -0.349478 -0.070253 -0.028130 -0.158483 -0.527757 -0.162319 -0.361041 0.076927 -0.052461 0.256740 0.000338 -0.560183 -0.165708 0.310792 -0.130805 0.126403 -0.290783 0.285517 -0.082489 -0.249709 -0.174260 -0.259000 -0.370973 -0.118718 -0.391301 0.133256 0.249205 0.475625 -0.167001 0.273507 -0.197814 0.334636 0.196323 -0.093361 0.108671
0.456006 1.000000 -0.204587 -0.400517 0.157544 -0.313508 -0.137877 -0.061279 0.234287 0.259608 0.361910 0.259762 0.526703 0.640448 0.564383 0.562808 0.101186 0.277251 0.398896 0.387754 -0.595199 -0.204395 -0.436248 -0.318181 -0.530153 -0.510239 -0.258610 -0.458722 0.308058 0.245908 -0.238953 -0.181348 -0.045311 -0.056684 -0.384796 -0.483263 -0.235002 -0.131179 -0.167599 -0.338918 -0.174212 0.129472 -0.122537 -0.137732 -0.125459 -0.410680 -0.087744 0.081295 0.297378 -0.010785 0.019977 0.238709 0.436664 0.273726 -0.247060 -0.568439 -0.081887 0.131562 0.256545 0.385623 0.331767 0.640491 -0.131342 0.433534 -0.191518 0.414944 -0.228743 -0.405156 0.208525 -0.147643 -0.204177 -0.192386 0.219870 0.132535 0.249874 0.390427 0.400110 0.564661 -0.171120 0.005843 -0.130517 -0.162538 0.139456 0.219358 -0.031551 -0.462609 -0.528292 -0.511541 -0.211277 0.230922 0.310909 -0.150427 -0.273281 -0.176694 0.121005 0.208802 -0.239715 0.119236 0.350870 -0.030159 -0.084657 -0.057551 0.099784 -0.325441 -0.017491 -0.225963 0.460379 0.176430 0.221677 -0.353137 -0.037687 0.204326 0.389289 0.202085 0.110143 0.194093
-0.045244 -0.204587 1.000000 0.090355 0.205175 0.071242 0.796221 0.262522 0.379208 -0.004454 0.077816 -0.387505 0.026840 -0.432034 0.224309 -0.316962 -0.463631 -0.481011 0.144971 -0.305374 -0.048349 -0.436996 0.719832 0.247496 0.626707 0.205351 0.246635 0.092383 -0.308553 -0.416723 0.254843 -0.050444 -0.233526 0.082485 0.011757 0.515819 -0.081588 -0.350605 -0.109592 -0.041376 -0.071027 -0.129450 -0.108335 -0.062561 -0.078690 0.270582 -0.082613 0.021919 -0.358513 -0.157915 -0.034628 -0.095031 -0.473821 -0.133986 -0.125834 0.233256 -0.471298 -0.096888 -0.154202 -0.239169 -0.214034 -0.384924 -0.413202 -0.492476 0.773245 0.281675 0.024376 0.104554 -0.047245 -0.068929 0.085455 0.120537 -0.317721 -0.297677 -0.075385 -0.262465 -0.330620 -0.530337 0.034623 -0.337086 -0.151909 0.164945 0.320120 -0.321306 0.270385 0.174408 0.371844 0.283055 0.438503 -0.217699 -0.333072 0.095161 0.010009 0.338142 -0.026101 -0.010199 0.233410 0.178998 -0.535222 0.142541 -0.518564 -0.318913 -0.627973 0.223561 -0.427436 -0.096448 0.003127 -0.354944 -0.073184 0.381789 0.226955 -0.079535 -0.465369 -0.461250 -0.222415 -0.018213
-0.590492 -0.400517 0.090355 1.000000 0.339019 0.682332 0.019820 0.732848 0.056782 0.487930 -0.589892 0.008063 -0.629897 -0.497569 -0.136826 0.011856 0.065506 -0.026632 -0.010352 -0.158019 0.340402 0.316992 0.552587 0.620453 0.276337 0.402563 0.408476 0.570123 -0.230897 -0.111277 0.606551 0.646108 -0.146905 0.347327 -0.191965 0.073131 -0.220758 0.025814 -0.044021 0.124849 0.120752 -0.451130 -0.440630 -0.391121 -0.113135 -0.052942 -0.443187 -0.502791 -0.415200 -0.260841 -0.357621 -0.471158 -0.412425 -0.481892 -0.231264 0.082744 0.129306 -0.261307 -0.379269 -0.242324 -0.312823 -0.509140 0.287805 -0.251098 0.109941 -0.194901 -0.138793 0.135732 -0.172510 0.039688 0.122848 0.172272 -0.142471 -0.180187 -0.284711 -0.313397 -0.429662 -0.469488 -0.042370 -0.056373 0.118785 0.074182 -0.167821 0.166136 -0.000279 0.548021 0.153858 0.502646 0.148918 0.301084 -0.061491 0.230734 0.789404 0.293697 -0.479274 0.248984 -0.141550 0.140108 -0.176736 0.220752 0.462004 0.292041 0.372146 0.316098 -0.058683 -0.015782 -0.314511 -0.381709 -0.268553 0.161920 -0.336395 0.022312 -0.336401 -0.183761 -0.080899 -0.178967
-0.239525 0.157544 0.205175 0.339019 1.000000 0.619664 0.427283 0.526064 0.284190 0.659344 -0.549795 -0.012376 -0.347810 -0.232468 0.049677 0.233040 -0.109368 0.044625 0.205516 0.046953 -0.349720 -0.196900 0.126048 0.319099 0.070022 -0.089452 0.341110 0.199714 -0.269726 -0.333330 0.281981 0.457460 -0.145283 0.222026 -0.527302 -0.370141 -0.519793 -0.165238 -0.207269 -0.027773 0.106840 -0.322558 -0.441334 -0.530290 -0.039969 -0.142515 -0.487270 -0.143259 -0.255804 -0.172542 -0.421304 -0.299473 0.013493 -0.306090 -0.428326 -0.266450 -0.046925 0.254271 0.056445 0.335818 0.027466 -0.073751 0.197827 0.071529 0.158305 0.257151 0.090081 0.024339 0.170524 0.035366 0.056186 -0.048653 -0.324412 -0.224559 -0.331940 -0.326142 -0.488085 -0.136095 -0.088318 -0.249300 0.161747 0.058356 -0.009684 0.389139 -0.220277 0.321797 -0.214671 0.177672 -0.337759 0.187180 -0.314427 -0.069156 0.170022 -0.156150 -0.357370 0.280741 -0.245552 0.249766 -0.071814 0.184012 -0.004951 0.025754 0.131289 0.270371 -0.136035 -0.138266 0.219820 -0.289441 -0.350449 -0.263887 -0.218928 0.361224 -0.216130 -0.310152 0.129739 0.059028
-0.552789 -0.313508 0.071242 0.682332 0.619664 1.000000 0.136178 0.533147 0.110084 0.537287 -0.649500 -0.084496 -0.625481 -0.380326 -0.224427 0.151158 -0.134482 -0.068123 -0.227925 -0.109910 0.267910 0.363502 0.430644 0.534138 0.446132 0.503684 0.757464 0.783510 -0.458322 -0.528896 0.422191 0.571226 -0.165483 0.232249 -0.231706 -0.006717 -0.427582 0.106712 0.081190 0.282112 0.139039 -0.365600 -0.325085 -0.449104 -0.162519 -0.065613 -0.420015 -0.348159 -0.413389 -0.278247 -0.335336 -0.360776 -0.289089 -0.275993 -0.174641 0.001055 0.195538 -0.042084 -0.290674 -0.052789 -0.284771 -0.507045 0.052040 -0.369576 0.195989 -0.013431 -0.055785 0.155973 -0.088812 0.156025 0.151797 0.221011 -0.448106 -0.214830 -0.373978 -0.485202 -0.597648 -0.306585 -0.009828 -0.232237 0.336214 0.213390 -0.228764 0.211361 -0.168192 0.430668 0.055470 0.514434 -0.069754 0.235257 -0.318820 0.024953 0.446915 -0.114604 -0.457670 0.256583 -0.077716 0.170960 -0.314474 0.006869 0.274831 0.100211 0.183473 0.377843 0.133340 0.148616 -0.109243 -0.342785 -0.318457 0.018383 -0.299931 0.242585 -0.395294 -0.182542 0.092815 0.151571
0.030957 -0.137877 0.796221 0.019820 0.427283 0.136178 1.000000 0.413338 0.439271 0.175323 -0.087339 -0.204553 0.003015 -0.380825 0.148915 -0.221129 -0.268088 -0.162304 0.172700 -0.222549 -0.157800 -0.473964 0.443561 0.133282 0.477918 0.035752 0.072062 -0.000122 -0.234436 -0.294918 0.215550 0.114022 0.053639 0.276865 0.002561 0.282441 -0.091758 -0.295641 -0.026300 -0.044945 -0.057509 0.004888 -0.067121 -0.113115 -0.081220 0.247574 -0.140500 0.002222 -0.461326 -0.162939 -0.356120 -0.266855 -0.389286 -0.171672 -0.290868 0.010087 -0.368518 -0.017955 -0.105013 -0.113928 -0.009610 -0.178537 -0.106912 -0.164361 0.608407 0.409166 0.182838 0.141333 0.013976 -0.169905 0.145005 0.011611 -0.203908 -0.048398 0.034723 -0.204706 -0.221491 -0.302017 -0.084853 -0.324253 -0.097052 0.121573 0.224953 -0.015758 -0.034794 0.148469 0.206030 0.205727 0.170723 -0.109185 -0.356609 -0.039948 -0.043462 0.193428 0.037205 0.186427 0.054941 0.126404 -0.280523 0.220486 -0.423899 -0.381427 -0.408076 0.195249 -0.486593 -0.270878 0.091190 -0.291048 -0.011975 0.065232 0.117913 -0.042056 -0.320428 -0.528493 -0.245549 -0.033758
-0.383220 -0.061279 0.262522 0.732848 0.526064 0.533147 0.413338 1.000000 0.455258 0.629191 -0.557823 0.042339 -0.306256 -0.311310 0.073931 0.097404 -0.136236 -0.008276 0.136603 -0.170836 -0.057250 0.032113 0.411233 0.392876 0.238076 0.192066 0.204636 0.309163 -0.223045 -0.094264 0.536929 0.579590 -0.046972 0.459546 -0.324873 -0.037621 -0.442648 -0.299861 -0.139143 -0.126954 -0.143777 -0.371685 -0.373017 -0.349583 -0.144790 -0.042891 -0.403647 -0.464019 -0.384296 -0.190380 -0.391564 -0.284322 -0.293211 -0.288308 -0.371919 -0.167301 -0.057553 -0.209709 -0.276357 -0.074445 -0.102514 -0.119053 0.096441 -0.086422 0.368830 0.357275 -0.162754 0.033362 -0.301956 -0.139671 0.038616 0.008995 -0.182661 -0.087622 -0.116027 -0.171063 -0.270211 -0.205886 -0.213263 -0.150604 -0.073114 -0.066937 -0.142069 0.137561 -0.168295 0.393132 -0.083209 0.231865 0.071704 0.361617 -0.033038 -0.045801 0.611634 0.158375 -0.277590 0.448176 -0.233906 0.301710 -0.087608 0.144758 0.350720 0.049166 0.275083 0.225342 -0.235357 -0.201792 -0.133728 -0.410438 -0.183172 0.037872 -0.280000 0.031869 -0.115769 -0.263279 -0.108312 -0.049218
-0.222747 0.234287 0.379208 0.056782 0.284190 0.110084 0.439271 0.455258 1.000000 0.146794 -0.233598 0.180302 0.187211 0.017908 0.446700 0.085561 -0.360693 -0.048783 0.019901 -0.203605 -0.261122 -0.307682 0.343333 0.194176 0.337841 0.001214 0.164793 0.090567 0.029885 -0.138238 0.345550 0.227987 -0.093403 0.311081 -0.190055 0.055452 -0.205430 -0.521969 -0.087615 -0.302468 0.068400 -0.155901 -0.038762 -0.066803 0.003130 0.087687 -0.126291 -0.338589 -0.059025 0.201559 0.009199 0.019756 -0.269396 -0.007695 -0.237361 -0.286001 -0.536359 -0.373614 -0.274161 -0.137019 -0.227773 -0.044816 -0.302383 -0.199799 0.457040 0.491162 -0.343977 -0.148281 -0.046385 -0.174563 0.176594 0.136730 -0.115025 0.121196 0.288823 0.129297 0.059192 0.105158 0.015768 -0.391239 0.069586 0.213232 0.119938 -0.127693 -0.285724 -0.027973 -0.288107 -0.049991 -0.230275 -0.007173 0.062095 -0.239673 0.216650 0.104325 -0.036903 0.278115 -0.129209 0.488846 -0.098705 0.079854 -0.068874 -0.183310 -0.050364 0.198931 -0.195473 -0.176674 0.350747 -0.354070 -0.244390 0.247151 -0.228853 0.229223 -0.000936 -0.146410 -0.158367 0.225783
-0.199459 0.259608 -0.004454 0.487930 0.659344 0.537287 0.175323 0.629191 0.146794 1.000000 -0.354014 0.119751 -0.254114 -0.028331 0.166884 0.599732 0.221341 0.202061 0.423483 0.142437 -0.293131 0.167021 0.143684 0.450854 0.029665 0.111358 0.150957 0.045282 -0.086105 -0.060640 0.323669 0.527445 -0.102012 0.242903 -0.532113 -0.394099 -0.562796 -0.046819 -0.225432 0.015642 -0.050128 -0.151766 -0.405189 -0.483455 -0.173627 -0.198745 -0.435747 -0.271847 -0.292278 -0.302823 -0.447970 -0.250215 0.041108 -0.213632 -0.522246 -0.305747 0.125408 0.124562 -0.208525 0.031991 -0.027529 -0.008327 0.182735 0.060603 0.140950 0.431772 -0.255556 -0.344259 0.088446 -0.236058 0.096702 -0.020288 -0.101821 -0.078760 -0.147763 -0.106450 -0.319867 0.059253 0.008205 0.147944 0.213320 0.001360 0.072161 0.526874 0.010889 0.286208 -0.147264 0.220203 -0.075939 0.434759 -0.092465 0.055157 0.314787 -0.217452 -0.378601 0.530559 -0.328308 0.159839 0.085538 0.302883 0.192823 0.006206 0.210881 -0.045307 -0.236926 -0.190111 -0.021862 -0.177147 -0.063697 -0.248583 -0.266205 0.301523 -0.009135 0.017121 0.226820 -0.144233
0.719572 0.361910 0.077816 -0.589892 -0.549795 -0.649500 -0.087339 -0.557823 -0.233598 -0.354014 1.000000 0.013254 0.770212 0.548671 0.265000 0.126602 0.068767 0.008060 0.324372 0.128196 -0.101866 -0.061703 -0.218138 -0.455380 -0.284973 -0.242392 -0.370572 -0.459149 0.272041 0.319163 -0.489272 -0.636913 0.078018 -0.316248 0.424701 0.253861 0.360499 0.217983 0.084312 -0.202654 -0.132031 0.442365 0.280783 0.334224 -0.046796 -0.102389 0.379265 0.427492 0.312874 -0.052657 0.221895 0.326669 0.170599 0.314810 0.289359 0.037316 -0.147007 -0.069679 0.298615 -0.067963 0.442312 0.352382 -0.178782 0.131305 -0.136503 0.003646 0.060864 -0.111045 -0.011326 -0.276179 -0.173603 -0.201273 0.408909 0.085681 0.394720 0.256316 0.491330 0.193717 -0.273972 0.084974 -0.389652 -0.335733 0.218249 -0.160710 0.185360 -0.584984 -0.003721 -0.353925 0.266039 -0.268500 0.181416 0.171099 -0.488426 0.038848 0.468882 -0.111662 0.039584 -0.415722 0.165986 -0.076509 -0.339396 -0.270689 -0.453980 -0.421866 -0.033661 -0.285427 -0.000466 0.297847 0.592985 -0.043760 0.330203 -0.352135 0.170756 0.263409 -0.134095 -0.106906
0.045496 0.259762 -0.387505 0.008063 -0.012376 -0.084496 -0.204553 0.042339 0.180302 0.119751 0.013254 1.000000 0.045357 0.376108 0.266495 0.239803 0.353559 0.528135 -0.001659 0.145905 -0.227111 -0.139473 -0.292672 0.022217 -0.369066 -0.347565 -0.247697 -0.089835 0.379994 0.244910 -0.040968 0.168960 -0.208273 -0.130876 -0.216920 -0.411229 0.037285 0.125328 -0.118081 -0.188365 0.106756 0.049061 -0.004961 -0.134759 -0.204463 -0.273195 -0.173631 -0.155203 -0.093649 -0.011791 -0.232885 -0.048595 0.260600 0.228346 -0.253469 -0.533125 -0.045547 -0.317402 -0.103126 -0.039626 0.115739 0.220853 0.364366 0.361023 -0.295870 0.081079 -0.173957 -0.104157 0.109166 -0.074119 0.181670 0.025120 0.237615 0.432803 0.367390 0.174204 0.232676 0.317145 -0.053969 -0.059534 0.277551 0.264208 0.175517 0.451369 -0.118963 0.258091 -0.220606 0.152291 -0.279775 0.362815 0.452061 0.114205 0.262599 -0.112390 -0.343910 0.237699 -0.465681 -0.171295 0.215278 -0.110740 0.131559 -0.121980 0.276983 -0.087100 -0.104962 -0.350416 0.332215 0.076251 0.066818 -0.108539 -0.411453 -0.142001 0.117207 0.128116 -0.144971 0.112840
0.670425 0.526703 0.026840 -0.629897 -0.347810 -0.625481 0.003015 -0.306256 0.187211 -0.254114 0.770212 0.045357 1.000000 0.645448 0.279054 0.119119 -0.157919 0.011772 0.343298 0.061063 -0.301186 -0.176324 -0.335486 -0.474198 -0.335104 -0.355441 -0.413844 -0.522028 0.314619 0.373123 -0.315495 -0.532325 0.050395 -0.131151 0.266522 0.119973 0.119673 -0.015783 -0.105851 -0.520068 -0.057823 0.288511 0.295596 0.383741 0.021429 -0.146135 0.379769 0.220274 0.497844 0.188723 0.288859 0.547525 0.301495 0.413858 0.245066 -0.171490 -0.345314 -0.201215 0.463484 0.141132 0.570286 0.619463 -0.225238 0.253180 -0.064595 0.282298 0.060072 -0.257815 -0.215235 -0.490410 -0.180215 -0.132935 0.412680 0.172986 0.526698 0.486940 0.654088 0.459224 -0.351154 0.056866 -0.488508 -0.396864 0.040228 -0.252573 -0.204667 -0.631134 -0.318454 -0.553987 -0.043565 -0.168209 0.252317 -0.096508 -0.441680 -0.136403 0.461011 -0.106393 -0.074842 -0.269778 0.218403 -0.188830 -0.119595 -0.186121 -0.224375 -0.227624 -0.007838 -0.422853 0.143792 0.056371 0.279456 -0.112074 0.107591 -0.246897 0.410668 0.346378 -0.229369 -0.024288
0.427338 0.640448 -0.432034 -0.497569 -0.232468 -0.380326 -0.380825 -0.311310 0.017908 -0.028331 0.548671 0.376108 0.645448 1.000000 0.352860 0.568196 0.199567 0.396499 0.175158 0.439495 -0.238609 0.094414 -0.513082 -0.322690 -0.434373 -0.276862 -0.237741 -0.396833 0.416321 0.435431 -0.398755 -0.169398 -0.135007 -0.350817 0.012764 -0.220579 0.172806 0.208024 0.153861 -0.128508 -0.115362 0.458223 0.013627 -0.047462 -0.266997 -0.492793 0.065887 0.017260 0.359477 -0.049252 0.001248 0.432436 0.592361 0.642402 0.230064 -0.496283 0.027759 -0.013169 0.203099 0.228752 0.436624 0.679904 -0.125206 0.406306 -0.371997 0.296252 -0.290473 -0.402860 -0.020430 -0.209460 0.078814 -0.031756 0.372766 0.418160 0.536214 0.600444 0.560503 0.724638 -0.183701 0.065682 -0.099116 -0.339817 0.160154 0.205193 -0.154267 -0.565395 -0.353441 -0.439409 -0.146764 0.165718 0.516585 -0.007521 -0.258957 -0.183164 0.304633 0.120444 -0.302383 -0.173199 0.352482 -0.372740 0.049679 -0.057414 0.094539 -0.470026 0.145063 -0.312818 0.272424 0.180982 0.367902 -0.169237 -0.112623 -0.109063 0.376879 0.321696 0.008054 0.029085
0.110972 0.564383 0.224309 -0.136826 0.049677 -0.224427 0.148915 0.073931 0.446700 0.166884 0.265000 0.266495 0.279054 0.352860 1.000000 0.551638 0.206428 0.235095 0.435805 0.160598 -0.369398 -0.154126 0.240162 0.191728 0.031716 -0.119967 -0.071756 -0.231178 0.553697 0.202795 0.198615 0.184125 -0.089457 0.088482 -0.293050 -0.102778 0.015524 -0.384761 -0.002802 -0.320247 -0.183357 0.135566 -0.352674 -0.362150 -0.388586 -0.320154 -0.356163 -0.291108 -0.234148 -0.249934 -0.204483 -0.113410 -0.056696 0.064843 -0.309647 -0.537151 -0.299267 -0.209421 -0.314830 -0.188263 -0.038281 0.172710 -0.182857 0.215378 0.279909 0.514098 -0.567546 -0.546761 0.301349 -0.202091 0.188952 -0.019392 0.266365 0.224127 0.516463 0.321224 0.230382 0.313587 0.086261 -0.077628 0.316838 0.211809 0.613856 0.122038 0.283528 -0.256850 -0.304150 -0.285495 0.173733 0.188121 0.258643 0.146915 0.118699 0.297787 0.108748 0.301381 -0.423284 0.254319 0.095855 0.134890 -0.167724 -0.186617 -0.157194 -0.219236 -0.192479 -0.193776 0.448551 0.094486 0.304528 0.035976 -0.279140 0.206948 0.096805 0.107628 -0.004481 0.219519
0.045721 0.562808 -0.316962 0.011856 0.233040 0.151158 -0.221129 0.097404 0.085561 0.599732 0.126602 0.239803 0.119119 0.568196 0.551638 1.000000 0.423562 0.379964 0.462732 0.362090 -0.312110 0.342001 -0.126657 0.210585 -0.152896 0.031921 0.041867 -0.142921 0.331281 0.198406 -0.039395 0.310003 0.026684 -0.060491 -0.313697 -0.438679 -0.225763 0.011635 0.030546 -0.062643 -0.123807 0.186241 -0.239427 -0.355986 -0.225230 -0.374758 -0.236263 -0.158190 0.033857 -0.230705 -0.220267 0.011597 0.259793 0.104883 -0.219475 -0.486068 0.193779 0.113712 -0.201665 -0.012822 0.105530 0.256067 0.011939 0.224311 -0.091554 0.408613 -0.539580 -0.592881 0.233723 -0.227045 0.149121 -0.167115 0.194083 0.185137 0.271465 0.209218 0.081422 0.495971 -0.034441 0.139708 0.353051 -0.102411 0.249226 0.428746 0.054738 -0.250952 -0.406317 -0.234125 -0.129563 0.194007 0.190795 0.079265 0.045761 -0.148060 0.060458 0.456054 -0.494534 0.043700 0.353090 0.097136 0.124873 -0.085636 0.076484 -0.392575 0.061819 -0.166357 0.215693 0.144517 0.287702 -0.285520 -0.327225 0.336735 0.241741 0.332315 0.325818 -0.021014
-0.008901 0.101186 -0.463631 0.065506 -0.109368 -0.134482 -0.268088 -0.136236 -0.360693 0.221341 0.068767 0.353559 -0.157919 0.199567 0.206428 0.423562 1.000000 0.730748 0.315093 0.528861 0.077118 0.378815 -0.249306 0.098713 -0.289243 -0.127522 -0.338786 -0.271428 0.620737 0.503820 0.091772 0.348251 0.276150 0.051671 -0.050323 -0.318803 0.313573 0.206301 0.078830 -0.011548 0.072396 0.201313 -0.149315 -0.235921 -0.096398 -0.148767 -0.278049 -0.293171 -0.209084 -0.158504 -0.471026 -0.403056 -0.001612 -0.201791 -0.324962 -0.404374 0.359342 0.005475 -0.250238 -0.152875 0.020695 0.041676 0.654666 0.501824 -0.426978 -0.144436 -0.197758 -0.353505 0.369784 -0.111554 0.273052 -0.061203 0.584094 0.484246 0.335537 0.311838 0.325532 0.321864 0.134455 0.477120 0.386454 0.127347 0.197826 0.406321 0.209688 0.019099 -0.044283 -0.136204 -0.015942 0.225617 0.133667 0.251968 0.160888 0.169877 0.029716 0.194755 -0.444566 -0.215180 0.368557 0.306926 0.314185 0.216367 0.391297 -0.324302 0.053225 -0.124001 0.037721 0.312752 0.370170 -0.266429 -0.346768 0.059763 0.223426 0.277528 0.052496 -0.346076
0.098285 0.277251 -0.481011 -0.026632 0.044625 -0.068123 -0.162304 -0.008276 -0.048783 0.202061 0.008060 0.528135 0.011772 0.396499 0.235095 0.379964 0.730748 1.000000 0.148818 0.614127 -0.057863 0.240535 -0.350926 -0.097602 -0.418174 -0.369018 -0.272945 -0.137240 0.458115 0.497893 -0.059065 0.242712 0.097730 -0.041910 -0.057479 -0.438322 0.262495 0.239642 0.092153 -0.043308 -0.043627 0.307763 -0.161208 -0.267003 -0.126972 -0.322829 -0.283123 -0.259244 -0.159421 -0.077882 -0.511409 -0.378667 0.104938 -0.054980 -0.319342 -0.593494 0.362876 0.068664 -0.223808 -0.093651 0.111297 0.206239 0.556782 0.641552 -0.449823 0.002289 -0.257086 -0.171547 0.245843 0.106875 0.109543 -0.017998 0.417892 0.594589 0.416023 0.364807 0.450960 0.423659 0.038708 0.171515 0.175745 0.177329 -0.071589 0.455432 -0.254601 -0.172074 -0.349005 -0.240464 -0.177910 0.380835 0.356488 0.051910 0.224482 0.098820 -0.020719 0.369024 -0.380798 0.106281 0.476436 0.269864 0.339011 0.066368 0.475621 -0.242197 0.067821 -0.432482 0.286965 0.129844 0.378427 -0.065934 -0.239995 0.246092 0.272512 0.154706 -0.237288 -0.186101
0.431756 0.398896 0.144971 -0.010352 0.205516 -0.227925 0.172700 0.136603 0.019901 0.423483 0.324372 -0.001659 0.343298 0.175158 0.435805 0.462732 0.315093 0.148818 1.000000 0.141354 -0.489606 -0.046361 0.032286 0.110700 -0.249282 -0.331341 -0.380744 -0.564275 0.304148 0.357441 0.047998 -0.003481 0.100019 0.057245 -0.252751 -0.285981 -0.279956 -0.173122 -0.474920 -0.495045 -0.188458 -0.124781 -0.139170 -0.028591 0.106579 -0.164070 0.012092 0.030165 0.080942 -0.030040 -0.119641 0.105642 0.111009 -0.138932 -0.353084 -0.246038 0.010844 0.102984 0.188826 0.021578 0.388355 0.296370 0.195019 0.338010 0.123284 0.309648 -0.092624 -0.535995 0.025530 -0.532956 -0.184501 -0.354041 0.232359 -0.259014 0.106004 0.150436 0.076067 0.068551 -0.036690 0.395315 -0.141630 -0.268718 0.259571 0.045073 0.098628 -0.121062 -0.263023 -0.307338 0.046824 -0.045639 0.160684 0.343925 -0.007510 0.151068 0.223064 0.103431 -0.408434 -0.087492 0.277112 0.293920 -0.023228 -0.093938 -0.187132 -0.316635 -0.389831 -0.490445 -0.016934 -0.098621 0.213434 -0.178379 -0.221674 0.095916 0.243567 0.205038 -0.022399 -0.313939
0.086293 0.387754 -0.305374 -0.158019 0.046953 -0.109910 -0.222549 -0.170836 -0.203605 0.142437 0.128196 0.145905 0.061063 0.439495 0.160598 0.362090 0.528861 0.614127 0.141354 1.000000 -0.041297 0.242882 -0.346981 -0.144628 -0.330851 -0.314992 -0.138565 -0.281076 0.266715 0.207861 -0.207042 0.066087 -0.072960 -0.179312 -0.266791 -0.450014 0.096250 0.110511 -0.038306 0.065521 -0.204473 0.204588 -0.205411 -0.283751 -0.195244 -0.252212 -0.253778 -0.076193 -0.039830 -0.072655 -0.300843 -0.067560 0.219580 0.191377 -0.346751 -0.511452 0.328805 0.278403 -0.068593 0.180538 0.006147 0.274932 0.227316 0.386629 -0.280905 0.061927 -0.273935 -0.298618 0.268831 0.302609 0.200562 0.080640 0.182412 0.383634 0.088098 0.422335 0.212382 0.272418 0.135461 0.259290 0.039314 0.012684 0.064308 0.223684 0.087658 -0.179384 -0.125037 -0.236999 -0.081585 0.213027 0.327617 0.235254 0.010904 0.244442 0.068428 0.034366 -0.199434 0.058934 0.220091 -0.035419 0.228248 0.178044 0.311236 -0.388170 0.027561 -0.232825 0.378872 0.109274 0.184677 -0.028833 -0.053511 0.048702 0.118034 0.028385 -0.072851 -0.237492
-0.232398 -0.595199 -0.048349 0.340402 -0.349720 0.267910 -0.157800 -0.057250 -0.261122 -0.293131 -0.101866 -0.227111 -0.301186 -0.238609 -0.369398 -0.312110 0.077118 -0.057863 -0.489606 -0.041297 1.000000 0.461169 0.306315 0.135356 0.378686 0.625739 0.465139 0.537786 -0.135932 0.004200 0.316488 0.228345 0.052509 0.256443 0.494039 0.559089 0.459206 0.504501 0.542421 0.469932 0.262021 0.115928 -0.082771 -0.082987 -0.241097 -0.069909 -0.069661 -0.339654 -0.303701 -0.338573 -0.172478 -0.283911 -0.369255 -0.058928 0.306760 0.266242 0.239504 -0.338441 -0.175948 -0.299606 -0.227134 -0.441508 0.027747 -0.264888 -0.135060 -0.433581 0.097075 0.254534 -0.281227 0.082751 0.217225 0.469158 0.122352 0.186185 -0.032298 0.048587 0.068292 -0.185972 -0.003543 -0.026557 -0.009438 0.008660 -0.172706 -0.030561 0.020460 0.026755 0.488340 0.344475 0.283711 0.022225 -0.184081 0.132457 0.238408 0.250481 -0.138580 -0.208037 0.268406 -0.206439 -0.324987 -0.148278 0.249512 0.491096 0.283112 0.171454 0.206354 0.228781 -0.286960 0.009363 0.011142 0.224081 0.000810 -0.336220 -0.345838 -0.126680 -0.084329 -0.036600
-0.258438 -0.204395 -0.436996 0.316992 -0.196900 0.363502 -0.473964 0.032113 -0.307682 0.167021 -0.061703 -0.139473 -0.176324 0.094414 -0.154126 0.342001 0.378815 0.240535 -0.046361 0.242882 0.461169 1.000000 0.054276 0.125585 0.094758 0.488092 0.262188 0.360456 0.112619 0.135989 0.157842 0.246170 0.274436 0.135823 0.180332 0.027523 0.015247 0.185743 0.224300 0.073727 -0.182913 0.000450 -0.101178 -0.114829 -0.067241 -0.103273 -0.106335 -0.309506 -0.063202 -0.137185 -0.061641 -0.113495 -0.166766 -0.167101 0.118096 -0.019096 0.424280 -0.091554 -0.304123 -0.246592 -0.123185 -0.162066 0.171903 -0.009017 -0.164223 -0.138501 -0.283037 -0.130280 -0.159834 0.019870 0.052519 0.015417 0.159157 0.028542 -0.058293 -0.051094 0.044121 0.130538 0.016442 0.347549 0.206783 -0.159004 -0.268486 -0.063013 0.054169 -0.106035 -0.103453 -0.152662 0.118993 0.075375 -0.012647 0.191176 0.278446 -0.006698 0.153181 0.091219 -0.250611 -0.043656 0.099124 -0.031917 0.634419 0.357736 0.282889 -0.145393 0.465534 0.195525 -0.359506 0.169663 0.255968 0.001096 -0.194423 0.010635 0.071725 0.455554 0.156680 -0.118205
-0.447988 -0.436248 0.719832 0.552587 0.126048 0.430644 0.443561 0.411233 0.343333 0.143684 -0.218138 -0.292672 -0.335486 -0.513082 0.240162 -0.126657 -0.249306 -0.350926 0.032286 -0.346981 0.306315 0.054276 1.000000 0.635441 0.809825 0.591998 0.547759 0.474323 -0.183008 -0.326456 0.572091 0.349722 -0.232981 0.268555 -0.033873 0.534103 -0.026124 -0.240989 0.069928 0.134621 -0.002110 -0.233942 -0.317445 -0.256493 -0.215880 0.130990 -0.263980 -0.383021 -0.558255 -0.262960 -0.159165 -0.323416 -0.652925 -0.301866 -0.102030 0.243939 -0.301346 -0.321013 -0.554064 -0.551419 -0.512557 -0.680970 -0.280641 -0.587914 0.681226 0.104334 -0.313043 -0.042384 -0.060596 -0.045954 0.239558 0.311947 -0.260312 -0.280895 -0.087822 -0.262213 -0.449400 -0.568511 0.245293 -0.162454 0.203149 0.291517 0.317338 -0.192500 0.309410 0.288002 0.371350 0.465683 0.491787 -0.050325 -0.249030 0.282872 0.480358 0.476138 -0.161140 0.090750 0.063872 0.281012 -0.505797 0.193025 -0.137171 -0.076036 -0.313352 0.247213 -0.302449 0.087854 -0.230990 -0.388918 -0.134320 0.488604 -0.096760 0.051365 -0.493460 -0.294270 -0.130836 0.000874
-0.626236 -0.318181 0.247496 0.620453 0.319099 0.534138 0.133282 0.392876 0.194176 0.450854 -0.455380 0.022217 -0.474198 -0.322690 0.191728 0.210585 0.098713 -0.097602 0.110700 -0.144628 0.135356 0.125585 0.635441 1.000000 0.522510 0.506730 0.334539 0.287334 0.044920 -0.335708 0.690299 0.748562 -0.392363 0.141522 -0.343224 0.083996 -0.200895 -0.186863 -0.157087 0.072241 0.365613 -0.172251 -0.350668 -0.367703 -0.298908 0.023515 -0.475003 -0.446937 -0.490565 -0.205053 -0.362171 -0.280489 -0.368250 -0.251077 -0.366730 -0.054079 -0.154825 -0.291817 -0.531740 -0.378515 -0.481119 -0.546487 0.090434 -0.364051 0.373102 0.051285 -0.382780 -0.378426 0.181480 -0.069845 0.557484 0.553718 -0.164489 0.002471 -0.065734 -0.002260 -0.497390 -0.235678 0.362620 -0.049260 0.545728 0.328639 0.385399 0.161911 0.161958 0.489078 0.180464 0.478675 0.037094 0.190678 -0.109788 0.448926 0.681945 0.288373 -0.393138 0.024566 -0.233704 0.077955 -0.404484 0.142184 0.046660 0.110563 0.029161 0.348295 -0.307489 -0.043226 0.003741 -0.567029 -0.429559 0.121932 -0.462008 0.189334 -0.469628 -0.254344 -0.127441 -0.081313
-0.541706 -0.530153 0.626707 0.276337 0.070022 0.446132 0.477918 0.238076 0.337841 0.029665 -0.284973 -0.369066 -0.335104 -0.434373 0.031716 -0.152896 -0.289243 -0.418174 -0.249282 -0.330851 0.378686 0.094758 0.809825 0.522510 1.000000 0.775784 0.601566 0.471451 -0.265520 -0.506895 0.429501 0.310621 -0.155199 0.152926 0.062666 0.575378 -0.000914 -0.226927 0.220906 0.289870 0.031771 -0.089722 -0.066892 -0.133889 -0.170678 0.319386 -0.118960 -0.317579 -0.475666 -0.140234 -0.064144 -0.123723 -0.536275 -0.058567 0.051238 0.277416 -0.285543 -0.207500 -0.554645 -0.478049 -0.592423 -0.640309 -0.438457 -0.713417 0.719079 0.232097 -0.277981 -0.039681 -0.044032 -0.012917 0.440415 0.399579 -0.360584 -0.097301 -0.064593 -0.217337 -0.420006 -0.331996 0.319493 -0.187708 0.345684 0.322420 0.294918 -0.241501 0.299358 0.288594 0.513331 0.471525 0.382296 -0.176611 -0.416675 0.037962 0.199335 0.197115 -0.078991 -0.001471 0.161880 0.175227 -0.582778 -0.048100 -0.235671 -0.113701 -0.372841 0.230339 -0.161466 0.287709 -0.215574 -0.303984 -0.216819 0.380885 -0.043335 0.022943 -0.485596 -0.319539 -0.000098 0.013781
-0.527703 -0.510239 0.205351 0.402563 -0.089452 0.503684 0.035752 0.192066 0.001214 0.111358 -0.242392 -0.347565 -0.355441 -0.276862 -0.119967 0.031921 -0.127522 -0.369018 -0.331341 -0.314992 0.625739 0.488092 0.591998 0.506730 0.775784 1.000000 0.628052 0.572253 -0.187611 -0.325243 0.464672 0.405451 -0.087027 0.195926 0.176299 0.518079 0.037314 0.082897 0.346756 0.342292 0.070852 0.037716 -0.161941 -0.199000 -0.326278 0.065526 -0.180067 -0.359860 -0.393610 -0.355438 -0.061391 -0.090673 -0.346744 -0.042890 0.205804 0.263045 -0.055026 -0.253594 -0.448892 -0.432396 -0.452939 -0.518922 -0.306533 -0.550111 0.381042 0.086388 -0.253157 -0.069968 -0.141994 -0.070610 0.403084 0.432677 -0.150321 -0.005416 -0.125280 -0.147035 -0.265440 -0.096321 0.125321 -0.054582 0.347390 0.051732 0.132176 -0.064288 0.313825 0.219132 0.457596 0.406679 0.364034 -0.033282 -0.398646 0.093977 0.270624 -0.000849 -0.153146 -0.070154 0.045960 -0.081681 -0.492842 -0.180930 0.061668 0.253277 -0.073495 0.218456 0.137744 0.374585 -0.355133 -0.121210 -0.141187 0.104482 -0.077885 -0.114093 -0.418203 -0.065755 0.130121 0.016771
-0.436681 -0.258610 0.246635 0.408476 0.341110 0.757464 0.072062 0.204636 0.164793 0.150957 -0.370572 -0.247697 -0.413844 -0.237741 -0.071756 0.041867 -0.338786 -0.272945 -0.380744 -0.138565 0.465139 0.262188 0.547759 0.334539 0.601566 0.628052 1.000000 0.809967 -0.418371 -0.436942 0.334523 0.318008 -0.318365 0.138967 -0.081363 0.250308 -0.150797 0.195614 0.271593 0.403645 0.135775 -0.245099 -0.387151 -0.458326 -0.278853 -0.214715 -0.325808 -0.354692 -0.296407 -0.362308 -0.044579 -0.169010 -0.194829 -0.012159 0.161425 0.076437 0.021419 -0.071543 -0.197690 -0.043529 -0.343085 -0.485958 -0.351250 -0.499392 0.234411 -0.016752 -0.104533 0.162783 -0.080119 0.172390 0.113949 0.315765 -0.387993 -0.209267 -0.265019 -0.334655 -0.395176 -0.247388 0.070585 -0.361313 0.258891 0.246600 -0.091355 0.045781 0.008791 0.186906 0.195988 0.448868 0.122851 0.069970 -0.341728 -0.071602 0.162129 -0.064638 -0.398131 0.061169 0.104497 0.179958 -0.517694 -0.209952 0.027468 0.155167 0.027332 0.377749 0.270297 0.338753 -0.012576 -0.182567 -0.283216 0.211974 -0.159770 0.133363 -0.454820 -0.160905 0.158924 0.268919
-0.498075 -0.458722 0.092383 0.570123 0.199714 0.783510 -0.000122 0.309163 0.090567 0.045282 -0.459149 -0.089835 -0.522028 -0.396833 -0.231178 -0.142921 -0.271428 -0.137240 -0.564275 -0.281076 0.537786 0.360456 0.474323 0.287334 0.471451 0.572253 0.809967 1.000000 -0.392031 -0.436216 0.334246 0.324852 -0.132656 0.158994 0.108830 0.297441 -0.066124 0.231182 0.331136 0.285583 0.124467 -0.230267 -0.213199 -0.267130 -0.193043 -0.065454 -0.274003 -0.321554 -0.360929 -0.273779 -0.099655 -0.371190 -0.413769 -0.224494 0.116460 0.161439 0.130738 -0.249351 -0.306042 -0.234004 -0.312855 -0.602033 -0.085409 -0.428691 0.138636 -0.253591 -0.017563 0.420783 -0.212516 0.306166 0.021818 0.227319 -0.300182 -0.101254 -0.193931 -0.501300 -0.322814 -0.333103 -0.147638 -0.378516 0.222132 0.300184 -0.353195 -0.020544 -0.142016 0.278687 0.108184 0.448468 0.146306 0.132662 -0.292005 -0.135611 0.393712 -0.044735 -0.399469 0.086262 0.132908 0.141126 -0.367131 -0.086180 0.259630 0.090350 0.131536 0.495000 0.416016 0.291758 -0.143057 -0.166966 -0.207411 0.226269 -0.120971 0.095701 -0.372914 -0.084829 -0.033283 0.320414
0.058691 0.308058 -0.308553 -0.230897 -0.269726 -0.458322 -0.234436 -0.223045 0.029885 -0.086105 0.272041 0.379994 0.314619 0.416321 0.553697 0.331281 0.620737 0.458115 0.304148 0.266715 -0.135932 0.112619 -0.183008 0.044920 -0.265520 -0.187611 -0.418371 -0.392031 1.000000 0.622134 0.207549 0.239903 0.197830 0.171930 -0.121463 -0.166082 0.406112 -0.112894 0.051064 -0.433106 0.095828 0.316009 -0.175136 -0.110856 -0.303899 -0.285488 -0.240436 -0.345850 -0.083182 -0.041423 -0.213106 -0.106512 0.064970 0.011177 -0.182212 -0.516744 -0.247903 -0.395637 -0.108513 -0.102541 0.191759 0.332085 0.414818 0.579206 -0.241079 0.067677 -0.268677 -0.559508 0.297945 -0.358734 0.285122 0.026724 0.818879 0.543294 0.663030 0.599551 0.570854 0.550077 0.013491 0.387979 0.341844 0.054240 0.448773 0.185561 0.159713 -0.221171 -0.356422 -0.471186 -0.051077 0.151611 0.189763 0.197218 0.119811 0.199729 0.284701 -0.056383 -0.609652 -0.228449 0.267736 0.041297 0.248142 0.111079 0.279896 -0.127524 0.053204 -0.129469 0.171456 0.258472 0.197156 -0.318239 -0.443128 -0.100410 0.416282 0.424710 -0.044839 0.007916
0.327335 0.245908 -0.416723 -0.111277 -0.333330 -0.528896 -0.294918 -0.094264 -0.138238 -0.060640 0.319163 0.244910 0.373123 0.435431 0.202795 0.198406 0.503820 0.497893 0.357441 0.207861 0.004200 0.135989 -0.326456 -0.335708 -0.506895 -0.325243 -0.436942 -0.436216 0.622134 1.000000 -0.058254 -0.020056 0.271012 0.165125 0.142277 -0.152165 0.456484 0.226489 0.125987 -0.175531 -0.070380 0.250253 -0.195975 -0.055460 -0.042973 -0.412607 0.013633 -0.243544 0.195206 -0.063249 -0.109483 -0.038018 0.325511 0.045523 0.182098 -0.257045 0.052301 -0.104906 0.180205 0.062689 0.424604 0.515544 0.394035 0.679491 -0.538801 -0.041720 -0.028293 -0.209720 -0.022165 -0.414565 -0.127786 -0.257564 0.756260 0.328747 0.474154 0.516388 0.681439 0.426490 -0.108454 0.392078 -0.200226 -0.317625 0.013771 0.263643 -0.103096 -0.378673 -0.263617 -0.444785 0.019101 0.162580 0.366977 0.006003 -0.047902 0.100660 0.252402 0.163291 -0.347964 -0.154674 0.542457 0.133055 0.345540 0.229168 0.447825 -0.304697 0.072818 -0.254057 -0.116818 0.366659 0.378326 -0.160242 -0.185901 -0.177414 0.511933 0.410368 0.013175 -0.305994
-0.504619 -0.238953 0.254843 0.606551 0.281981 0.422191 0.215550 0.536929 0.345550 0.323669 -0.489272 -0.040968 -0.315495 -0.398755 0.198615 -0.039395 0.091772 -0.059065 0.047998 -0.207042 0.316488 0.157842 0.572091 0.690299 0.429501 0.464672 0.334523 0.334246 0.207549 -0.058254 1.000000 0.775411 -0.121126 0.639400 -0.243897 0.211569 -0.129503 -0.195268 -0.061798 -0.180113 0.345783 -0.260376 -0.516757 -0.462148 -0.376667 -0.167088 -0.637778 -0.759304 -0.548346 -0.338857 -0.397698 -0.391073 -0.470983 -0.360478 -0.356192 -0.261762 -0.246925 -0.585181 -0.289934 -0.148698 -0.248017 -0.333419 0.178574 -0.082585 0.294092 0.105675 -0.101358 -0.239910 -0.058709 -0.290839 0.361971 0.514248 0.139931 0.096590 0.058805 0.122235 -0.093576 -0.050102 0.100353 -0.045612 0.329249 0.252236 0.168046 0.062676 0.027524 0.391713 0.027430 0.205608 0.049679 0.384523 -0.208452 0.223133 0.643045 0.265396 -0.358034 0.001862 -0.323266 0.115569 -0.494022 0.072058 0.362225 0.465052 0.363366 0.545878 -0.102649 0.012994 0.031665 -0.417117 -0.352405 0.040877 -0.560539 -0.033077 -0.294991 -0.119862 -0.165817 0.132863
-0.639305 -0.181348 -0.050444 0.646108 0.457460 0.571226 0.114022 0.579590 0.227987 0.527445 -0.636913 0.168960 -0.532325 -0.169398 0.184125 0.310003 0.348251 0.242712 -0.003481 0.066087 0.228345 0.246170 0.349722 0.748562 0.310621 0.405451 0.318008 0.324852 0.239903 -0.020056 0.775411 1.000000 -0.101784 0.455453 -0.365584 -0.096096 -0.073911 -0.077343 0.113678 0.091935 0.311485 -0.063897 -0.575947 -0.644478 -0.453321 -0.246540 -0.740073 -0.719059 -0.586230 -0.388557 -0.656497 -0.502810 -0.261310 -0.266728 -0.402873 -0.411756 -0.006499 -0.325956 -0.449347 -0.099807 -0.261442 -0.255047 0.365476 0.058641 0.066925 0.114511 -0.271190 -0.272250 0.146071 -0.099456 0.565763 0.428816 0.123714 0.323292 0.086622 0.147819 -0.205903 0.091195 0.106457 -0.066976 0.541116 0.195539 0.218998 0.449050 -0.053378 0.402460 -0.037323 0.259356 -0.129956 0.448082 -0.092142 0.229721 0.688700 0.232032 -0.343701 0.234683 -0.483205 0.104337 -0.219351 0.067887 0.394328 0.350124 0.512142 0.331666 -0.079745 -0.033996 0.105497 -0.333274 -0.286434 -0.135809 -0.630629 0.091957 -0.267995 -0.220362 -0.021251 0.015187
0.154910 -0.045311 -0.233526 -0.146905 -0.145283 -0.165483 0.053639 -0.046972 -0.093403 -0.102012 0.078018 -0.208273 0.050395 -0.135007 -0.089457 0.026684 0.276150 0.097730 0.100019 -0.072960 0.052509 0.274436 -0.232981 -0.392363 -0.155199 -0.087027 -0.318365 -0.132656 0.197830 0.271012 -0.121126 -0.101784 1.000000 0.512304 0.409649 0.046217 0.204144 -0.101426 0.323281 -0.092454 -0.138927 0.129980 0.289088 0.284666 0.358893 0.314279 0.243253 0.154084 0.098827 0.161362 -0.023881 -0.283379 -0.295285 -0.466711 0.039482 0.160903 0.114204 0.018713 0.015962 -0.046292 0.188956 0.088476 0.315714 0.240572 -0.201946 -0.143875 0.244156 0.187799 0.048709 -0.159000 -0.206620 -0.552664 0.361222 0.024236 0.077548 -0.140025 0.202323 0.062569 -0.274110 0.249497 -0.060848 -0.296136 -0.187723 -0.046610 -0.117867 -0.356427 -0.228526 -0.440517 -0.167496 -0.343193 -0.255115 -0.194826 -0.250241 0.000841 0.600385 0.185217 -0.078030 -0.018360 0.479751 0.365367 0.188428 -0.034430 0.061860 -0.282748 0.165040 0.180392 -0.270750 0.509136 0.429872 -0.320195 0.159386 0.000641 0.398069 0.251324 0.265621 -0.017320
-0.172278 -0.056684 0.082485 0.347327 0.222026 0.232249 0.276865 0.459546 0.311081 0.242903 -0.316248 -0.130876 -0.131151 -0.350817 0.088482 -0.060491 0.051671 -0.041910 0.057245 -0.179312 0.256443 0.135823 0.268555 0.141522 0.152926 0.195926 0.138967 0.158994 0.171930 0.165125 0.639400 0.455453 0.512304 1.000000 -0.031918 0.124094 -0.027949 -0.141611 0.188794 -0.088466 0.136272 -0.090909 -0.311199 -0.254732 -0.164625 -0.088458 -0.348175 -0.427711 -0.364339 -0.237720 -0.337184 -0.466884 -0.431844 -0.477741 -0.265661 -0.137804 -0.215348 -0.433384 -0.069859 0.034676 0.022409 -0.032096 0.254969 0.137865 0.049387 0.069662 0.178066 0.024171 -0.043418 -0.346931 0.030474 0.060139 0.285679 0.025272 -0.004779 0.041561 0.026925 -0.033213 -0.144483 0.038869 0.051510 -0.059118 0.001262 0.194908 -0.155264 0.006341 -0.169316 -0.065206 -0.145531 0.160367 -0.290941 0.018615 0.262575 0.177655 0.043315 0.199284 -0.246738 0.138804 -0.087407 0.228582 0.345995 0.316129 0.407842 0.221208 -0.139526 0.068462 -0.085381 0.018847 -0.031405 -0.211935 -0.239658 -0.121320 0.022038 -0.055164 0.085342 0.218552
0.256364 -0.384796 0.011757 -0.191965 -0.527302 -0.231706 0.002561 -0.324873 -0.190055 -0.532113 0.424701 -0.216920 0.266522 0.012764 -0.293050 -0.313697 -0.050323 -0.057479 -0.252751 -0.266791 0.494039 0.180332 -0.033873 -0.343224 0.062666 0.176299 -0.081363 0.108830 -0.121463 0.142277 -0.243897 -0.365584 0.409649 -0.031918 1.000000 0.679904 0.608177 0.311453 0.516912 0.156430 0.160455 0.286738 0.430702 0.420981 0.250638 0.299139 0.430562 0.204509 0.187463 0.054540 0.098613 -0.076200 -0.274286 -0.106583 0.621923 0.494705 0.025360 -0.135361 0.057975 -0.329815 0.114528 -0.199942 -0.031698 -0.155889 -0.215632 -0.383286 0.284151 0.446525 -0.211207 -0.069209 -0.019120 -0.112078 0.245440 0.165976 0.264287 -0.065572 0.347202 -0.099317 -0.313281 -0.130107 -0.334209 -0.317539 -0.229441 -0.281764 -0.180078 -0.441487 0.280493 -0.044589 0.124211 -0.450266 -0.122375 -0.124132 -0.281956 0.035367 0.380182 -0.036094 0.355948 -0.256291 0.172905 0.123520 -0.118866 0.001177 -0.211213 -0.135542 0.280694 0.016696 -0.291883 0.265317 0.430206 0.151091 0.396102 -0.241372 -0.025049 0.091871 -0.170122 -0.213839
-0.069100 -0.483263 0.515819 0.073131 -0.370141 -0.006717 0.282441 -0.037621 0.055452 -0.394099 0.253861 -0.411229 0.119973 -0.220579 -0.102778 -0.438679 -0.318803 -0.438322 -0.285981 -0.450014 0.559089 0.027523 0.534103 0.083996 0.575378 0.518079 0.250308 0.297441 -0.166082 -0.152165 0.211569 -0.096096 0.046217 0.124094 0.679904 1.000000 0.471211 0.063500 0.505449 0.196017 0.200212 0.128619 0.113614 0.158418 -0.091384 0.266173 0.124085 -0.119783 -0.187541 -0.165158 -0.007841 -0.118960 -0.534820 -0.073290 0.500284 0.518861 -0.337554 -0.409591 -0.167075 -0.415270 -0.158501 -0.441926 -0.324128 -0.527273 0.282517 -0.160802 0.099406 0.271272 -0.265949 -0.156269 0.205757 0.277937 0.082823 0.007606 0.215425 -0.060847 0.049727 -0.321321 -0.142686 -0.210064 -0.218511 -0.132831 0.123759 -0.386847 0.145166 -0.170403 0.548789 0.236183 0.492213 -0.245034 -0.299970 -0.005804 -0.019010 0.243940 0.199934 -0.101530 0.407237 -0.131882 -0.336534 -0.008063 -0.238358 0.006089 -0.335589 0.105962 0.019569 0.182705 -0.399166 -0.052570 0.158750 0.329773 0.275979 -0.334115 -0.329775 -0.172201 -0.182643 -0.072709
