1.000000 0.591854 -0.035743 -0.158142 -0.313989 -0.333774 -0.097929 -0.254065 -0.450103 -0.395525 0.578476 0.225228 0.505248 0.166587 0.182473 0.204002 0.482233 0.062067 0.517746 0.270561 -0.300569 -0.364807 -0.356495 -0.315431 -0.407142 -0.443615 -0.060452 -0.327189 0.307118 -0.057384 -0.267751 -0.282105 0.124076 0.063206 -0.530788 -0.240627 -0.135793 -0.074735 -0.322676 0.277016 -0.297713 -0.304874 -0.088102 -0.267106 -0.064296 -0.356890 0.043151 -0.139953 -0.108959 -0.093732 -0.021205 -0.014263 0.075118 0.022294 -0.013971 -0.075771 0.479139 0.370646 0.097322 -0.176412 0.436261 -0.199794 0.458203 0.236221 -0.160668 -0.419775 -0.205626 -0.510500 0.597338 0.251599 -0.301484 -0.420263 -0.080037 -0.224797 -0.232920 -0.282093 -0.185604 -0.084643 -0.023711 -0.018868 0.373693 0.209420 -0.127351 -0.176658 -0.017454 0.128198 -0.217181 -0.169555 -0.221608 -0.302709 -0.084195 -0.008426 -0.192640 -0.086864 0.157854 0.156153 0.044957 0.230595 0.092018 0.071898 -0.020315 0.174224 0.057767 0.007415 0.070588 0.072580 -0.042653 0.357162 0.126575 0.124840 0.017998 0.157118 0.117144 0.406198 0.188196 0.053212
0.591854 1.000000 -0.363034 -0.502133 -0.367845 -0.637862 -0.562757 -0.419960 -0.165580 -0.418363 0.314518 0.024629 0.170478 0.153632 0.044538 -0.141073 0.586711 0.416745 0.148484 0.418398 -0.563244 -0.560598 -0.504169 -0.506030 -0.536463 -0.598536 -0.389765 -0.560799 0.127570 0.047378 -0.496948 -0.517128 0.160436 0.027040 -0.473655 -0.453089 -0.217469 -0.090195 -0.438165 0.157757 -0.233030 -0.414529 0.221328 0.010263 0.460562 0.112832 0.409983 0.206773 0.146697 0.433926 0.213956 0.078672 0.185712 0.061297 -0.122393 0.197520 0.587379 0.671058 0.185858 0.345289 0.368755 0.054353 0.358353 0.747537 -0.473590 -0.599177 -0.178971 -0.437305 0.765398 0.477461 -0.662390 -0.714831 -0.024593 -0.401717 -0.523909 -0.519530 -0.541878 -0.372312 0.277993 0.310053 0.601026 0.514497 -0.176612 -0.009176 -0.183306 -0.158435 -0.410857 -0.128885 -0.340668 -0.287144 -0.168278 -0.241176 -0.316117 -0.249854 -0.185781 -0.300037 0.216853 0.099817 0.421791 -0.135256 0.057308 -0.050915 0.254173 0.013149 -0.096978 -0.090483 0.149247 0.209482 0.146066 -0.056728 -0.080001 0.079364 -0.326629 0.138964 0.141129 0.034460
-0.035743 -0.363034 1.000000 0.516610 0.628660 0.689626 0.868908 0.795023 0.055628 0.603508 -0.194668 -0.177042 0.036855 -0.019880 0.049793 0.320425 -0.450649 -0.487857 0.399038 -0.301955 0.151342 0.327115 0.655324 0.389075 0.350911 0.524268 0.517161 0.446682 -0.483755 -0.368079 0.214050 0.325466 -0.167752 0.063667 0.493089 0.793170 -0.348357 -0.272462 -0.048923 0.056061 -0.011182 0.276816 -0.282398 -0.123012 -0.146840 -0.006337 -0.560250 -0.149695 -0.385587 -0.613577 -0.312408 -0.335710 -0.296503 -0.408045 -0.395132 -0.676944 -0.465736 -0.286583 0.143930 -0.208003 -0.119269 0.196072 -0.317011 -0.565557 0.485352 0.546876 0.438251 0.426084 -0.422198 -0.088659 0.139932 0.010225 -0.330797 -0.375847 -0.297927 -0.004159 -0.189180 0.351242 -0.153325 -0.438375 -0.474396 -0.441441 0.030215 -0.081682 0.209726 -0.256654 0.203081 -0.112424 0.422436 0.120313 -0.047724 0.263795 0.168288 0.176147 0.234369 0.218893 -0.483096 0.128816 -0.606906 -0.324628 -0.032262 0.256463 -0.182258 -0.114637 -0.314471 -0.140218 0.081567 0.063500 0.266485 0.116047 0.316267 -0.018046 0.032195 -0.011766 0.245825 0.081018
-0.158142 -0.502133 0.516610 1.000000 0.130432 0.566976 0.619601 0.617100 0.169753 0.410766 0.023936 0.392545 0.000539 0.246995 -0.016394 0.451074 -0.341315 -0.386857 0.040394 0.089639 0.465057 0.397129 0.631004 0.657235 0.281330 0.582302 0.074223 0.299126 -0.148767 -0.039167 0.292420 0.427399 -0.255704 0.139291 0.594832 0.460192 0.051721 0.206955 0.431842 0.103066 0.010644 0.462231 -0.496028 -0.160662 -0.710001 -0.355748 -0.462310 -0.160258 -0.354642 -0.730234 0.025064 -0.367467 -0.136825 -0.303064 -0.056758 -0.324073 -0.721601 -0.659396 -0.274625 -0.455990 0.079878 0.315540 -0.095924 -0.529483 0.615887 0.746995 0.143262 0.458359 -0.547572 -0.048898 0.257019 0.337229 -0.051961 0.079222 0.178726 0.401873 0.267473 0.441738 -0.194620 -0.234399 -0.608206 -0.600302 -0.204717 -0.013635 0.046899 0.188225 0.169018 0.092438 0.208336 0.352496 -0.080843 0.056868 0.296664 -0.101347 0.185701 0.314735 -0.119008 0.137836 -0.712921 -0.376888 -0.021237 -0.012095 -0.408054 -0.336923 -0.270510 -0.061056 -0.048862 -0.088102 0.269763 0.197124 0.294734 -0.245487 0.079017 -0.013290 0.302042 0.021443
-0.313989 -0.367845 0.628660 0.130432 1.000000 0.627776 0.447548 0.571979 0.386657 0.726610 -0.520093 -0.605582 -0.269800 -0.153336 0.272896 0.194488 -0.589070 -0.498196 0.280623 -0.367421 -0.024101 0.164397 0.513130 0.293570 0.244557 0.385198 0.650485 0.517552 -0.616493 -0.496189 0.013005 0.033104 -0.431574 -0.375026 0.398331 0.690013 -0.423801 -0.377574 0.141123 -0.153476 0.013195 0.160738 -0.241454 -0.153556 0.070221 0.044573 -0.493353 -0.087387 -0.001020 -0.261648 -0.228916 -0.054406 -0.157083 -0.246738 -0.144723 -0.465671 -0.264396 -0.151555 0.276568 0.099265 -0.396025 0.054945 -0.355548 -0.407353 0.082246 0.419243 0.526856 0.467555 -0.321201 -0.019352 0.084597 -0.011250 -0.533747 -0.381956 -0.339211 -0.159625 -0.322772 -0.013812 -0.255704 -0.515011 -0.395895 -0.333047 0.251308 -0.082660 0.218660 -0.176190 0.057417 0.086074 0.548929 0.303715 0.284921 0.483774 0.343034 0.414496 0.207987 0.133900 -0.554679 0.103407 -0.265223 -0.014911 0.036200 0.342980 0.126150 0.144478 -0.039628 -0.046836 0.126856 0.113190 0.160736 0.237137 0.032254 0.082679 0.045946 -0.207043 -0.090284 0.170554
-0.333774 -0.637862 0.689626 0.566976 0.627776 1.000000 0.585972 0.588035 0.131450 0.718118 -0.305788 -0.233345 -0.126418 -0.074965 0.143156 0.234296 -0.526541 -0.365011 0.087703 -0.335017 0.381221 0.475731 0.709622 0.527580 0.627988 0.752668 0.700186 0.723148 -0.373238 -0.269243 0.374672 0.418990 -0.139321 -0.017997 0.572688 0.702170 -0.176151 -0.171745 0.188017 -0.095379 0.004449 0.330700 -0.493515 -0.304887 -0.383852 -0.234499 -0.702548 -0.479150 -0.363634 -0.721045 -0.259881 -0.354325 -0.435450 -0.467898 -0.226981 -0.666723 -0.397277 -0.323513 -0.055379 -0.224600 -0.332148 0.037474 -0.259819 -0.461297 0.519168 0.679715 0.435641 0.565908 -0.520746 -0.168337 0.321236 0.331365 -0.273103 -0.130677 -0.038174 0.129301 0.016370 0.158700 -0.249942 -0.339303 -0.408074 -0.316030 -0.034395 0.018170 0.359604 0.150915 0.024490 -0.082250 0.575022 0.376090 -0.043441 0.214879 0.339843 0.259566 0.252688 0.298252 -0.482239 0.065719 -0.682478 -0.316622 -0.080411 0.141012 -0.198612 -0.007069 -0.091546 0.030859 -0.061237 -0.146058 0.000950 0.150448 0.134843 -0.142582 0.106023 -0.101416 0.111580 -0.059051
-0.097929 -0.562757 0.868908 0.619601 0.447548 0.585972 1.000000 0.740295 -0.034077 0.446569 -0.144401 0.071601 0.083434 -0.054305 -0.090881 0.280705 -0.460381 -0.533454 0.257524 -0.287992 0.299809 0.404400 0.532683 0.405181 0.311070 0.439082 0.395454 0.344500 -0.339582 -0.198936 0.326689 0.441716 -0.158347 0.121493 0.502858 0.657036 -0.091739 -0.026808 0.113793 0.081769 0.051151 0.391748 -0.198541 -0.020627 -0.238436 0.017084 -0.422263 -0.082317 -0.410190 -0.581763 -0.350907 -0.350497 -0.195225 -0.317556 -0.298219 -0.456837 -0.617906 -0.547839 0.020759 -0.431130 0.032354 0.213758 -0.282004 -0.704769 0.574501 0.547553 0.213078 0.311341 -0.589336 -0.293920 0.383869 0.216667 -0.120394 -0.010319 0.064106 0.322772 0.179878 0.605935 -0.195822 -0.451951 -0.571045 -0.523064 -0.093826 -0.147439 0.062383 -0.167178 0.324934 -0.075355 0.253484 0.033700 -0.017652 0.232110 0.149311 0.194436 0.232362 0.259144 -0.276636 0.158483 -0.480397 -0.097191 0.066759 0.290586 -0.211917 -0.127449 -0.266737 -0.151006 -0.018689 0.061613 0.241598 0.137989 0.428121 0.147646 0.314778 0.062340 0.188229 0.200377
-0.254065 -0.419960 0.795023 0.617100 0.571979 0.588035 0.740295 1.000000 0.310208 0.720740 -0.165604 0.011637 0.085584 0.227839 0.103693 0.450301 -0.497128 -0.451053 0.165144 -0.239507 0.159872 0.195906 0.673828 0.547666 0.295204 0.515036 0.431095 0.349818 -0.553200 -0.361679 0.108987 0.305444 -0.485975 -0.069363 0.570781 0.770872 -0.371605 -0.221360 0.112164 -0.039215 -0.123440 0.212820 -0.378296 -0.114710 -0.290554 -0.057036 -0.579194 -0.026757 -0.274153 -0.534947 -0.166389 -0.228942 -0.078050 -0.295966 -0.145456 -0.606850 -0.719196 -0.485552 0.040375 -0.113396 -0.017739 0.473200 -0.288425 -0.520285 0.407277 0.619715 0.301386 0.497774 -0.656328 -0.136578 0.157539 0.166694 -0.367310 -0.309390 -0.276073 -0.009916 -0.103616 0.414794 -0.298653 -0.502741 -0.652000 -0.654687 0.065399 -0.185040 0.100586 -0.279282 0.224596 -0.092126 0.331825 0.350372 0.151854 0.317723 0.362000 0.150266 0.172875 0.237074 -0.482569 0.153220 -0.560799 -0.289146 0.113977 0.151854 -0.135944 -0.206651 -0.351035 -0.095997 0.386159 -0.001096 0.303461 0.208145 0.336760 -0.111410 -0.081916 -0.143730 0.399134 0.115992
-0.450103 -0.165580 0.055628 0.169753 0.386657 0.131450 -0.034077 0.310208 1.000000 0.492016 -0.319362 -0.240809 -0.343445 0.090396 0.488060 0.374770 -0.595311 -0.397110 0.165681 0.134567 -0.239698 -0.178598 0.341047 0.297217 -0.075039 0.019148 0.042106 0.063461 -0.453984 -0.329954 -0.332400 -0.266996 -0.529534 -0.449822 0.344314 0.324394 -0.030262 0.013569 0.325179 -0.337879 0.119069 0.139033 -0.302929 -0.254983 -0.165637 -0.248524 -0.287917 0.057780 0.359451 0.064175 0.190252 0.170954 0.131509 -0.212512 0.037419 -0.157210 -0.414431 -0.297562 0.301680 0.314450 -0.356244 0.209071 -0.313199 -0.172370 -0.104161 0.456636 0.459307 0.384818 -0.202132 0.175317 -0.048139 -0.120132 -0.342363 -0.298033 -0.216761 -0.130000 -0.149811 0.020421 -0.367829 -0.366150 -0.274576 -0.315109 0.333918 0.018390 0.105476 0.068287 -0.077843 -0.108470 0.458284 0.406994 0.499962 0.420442 0.463032 0.316837 -0.129514 -0.129725 -0.340060 0.093519 0.057623 0.121391 0.127456 0.299363 0.301436 0.251487 -0.232910 -0.217151 0.224035 0.000018 0.233596 0.189378 0.059526 0.159521 -0.059259 -0.111434 -0.043864 -0.063225
-0.395525 -0.418363 0.603508 0.410766 0.726610 0.718118 0.446569 0.720740 0.492016 1.000000 -0.307469 -0.335468 -0.070100 -0.036328 0.385156 0.352139 -0.630420 -0.477669 0.250564 -0.153604 -0.053421 -0.011343 0.657610 0.392308 0.358813 0.457084 0.607533 0.543611 -0.614878 -0.532782 -0.102412 -0.009120 -0.477651 -0.350100 0.527111 0.716427 -0.416124 -0.320925 0.064293 -0.225489 -0.174563 0.055350 -0.478857 -0.340155 -0.242163 -0.222025 -0.658591 -0.256840 -0.000818 -0.442310 -0.138978 -0.093608 -0.089862 -0.409023 -0.043304 -0.615095 -0.458999 -0.280773 0.354582 0.189829 -0.319970 0.244449 -0.303934 -0.380089 0.261895 0.681627 0.623987 0.635062 -0.383173 0.095277 0.048687 -0.030515 -0.508909 -0.407566 -0.267155 -0.136571 -0.272907 0.050613 -0.331385 -0.491680 -0.414221 -0.402684 0.082340 -0.263860 0.397031 0.013501 0.061168 -0.142341 0.700232 0.629401 0.279136 0.424294 0.427402 0.353030 0.005167 0.052535 -0.584620 0.028996 -0.381003 -0.279619 0.063790 0.133607 0.108666 0.058504 -0.238159 -0.089994 0.243771 -0.053537 0.085067 0.133756 0.102968 -0.037255 -0.084413 -0.138704 0.032959 0.035778
0.578476 0.314518 -0.194668 0.023936 -0.520093 -0.305788 -0.144401 -0.165604 -0.319362 -0.307469 1.000000 0.589957 0.842402 0.370669 0.179518 0.077324 0.512145 0.192896 0.164915 0.469754 -0.124918 -0.293173 -0.175145 -0.182475 -0.266893 -0.335081 -0.186533 -0.320158 0.548692 0.182176 -0.175733 -0.082487 0.151881 0.253189 -0.272597 -0.279005 -0.061272 0.058197 -0.150434 -0.038729 -0.339548 -0.148759 -0.203580 -0.336391 -0.221441 -0.425887 0.018552 -0.322396 0.004842 -0.153712 0.163022 0.083947 0.374013 0.125742 0.342380 0.153952 0.228220 0.215054 0.011225 -0.177251 0.626088 -0.022013 0.292916 0.173445 0.070514 -0.171662 -0.367005 -0.441672 0.318686 0.085885 -0.255926 -0.129123 0.112699 0.053691 0.089329 -0.016852 0.052986 0.028145 -0.063777 0.192962 0.251267 0.171058 -0.169089 -0.134775 0.051322 0.375640 -0.075542 -0.261650 -0.281232 -0.004265 -0.183360 -0.237324 -0.245855 -0.323817 -0.074339 -0.039405 0.271183 0.012019 0.066732 -0.145839 -0.252521 -0.184011 -0.399513 -0.457513 -0.345124 -0.116685 0.101218 -0.139855 -0.108969 0.030723 -0.090539 -0.132134 -0.010229 0.229494 0.253917 -0.271461
0.225228 0.024629 -0.177042 0.392545 -0.605582 -0.233345 0.071601 0.011637 -0.240809 -0.335468 0.589957 1.000000 0.497703 0.459408 -0.270409 0.192361 0.348471 0.162920 -0.201853 0.409603 0.247325 -0.035154 -0.072471 0.064464 -0.232083 -0.107022 -0.459693 -0.327279 0.424052 0.344443 0.050849 0.186774 0.106482 0.361911 0.053971 -0.233849 0.274005 0.395749 0.195134 0.198114 -0.099508 0.102224 0.013192 0.111817 -0.358271 -0.145025 0.154435 0.076453 -0.206700 -0.142276 0.087502 -0.183813 0.167110 0.075961 0.149278 0.308448 -0.269846 -0.330311 -0.383780 -0.339804 0.657345 0.397318 0.260214 0.026155 0.315037 0.109861 -0.455303 -0.104805 -0.203956 -0.097606 -0.040049 0.126297 0.317871 0.353108 0.382500 0.363803 0.368067 0.348029 0.093057 0.191177 -0.046242 -0.109398 -0.336820 -0.108398 -0.141535 0.232302 0.029261 0.026577 -0.517336 -0.009133 -0.177648 -0.337535 -0.090590 -0.438887 -0.044773 -0.065264 0.345191 0.054764 -0.121617 -0.145058 0.089149 -0.199553 -0.393051 -0.457613 -0.224644 -0.239284 -0.159003 -0.215189 0.113437 0.016266 0.200181 -0.157679 0.136002 0.139415 0.302530 -0.102505
0.505248 0.170478 0.036855 0.000539 -0.269800 -0.126418 0.083434 0.085584 -0.343445 -0.070100 0.842402 0.497703 1.000000 0.300107 0.185527 0.146035 0.317588 0.006359 0.241975 0.279194 -0.133400 -0.320441 -0.166798 -0.250156 -0.286719 -0.342222 0.068331 -0.141523 0.362527 -0.008754 -0.184972 -0.070536 0.023808 0.139203 -0.248831 -0.109446 -0.127411 -0.044690 -0.272458 -0.088244 -0.373535 -0.263296 -0.122495 -0.291862 -0.140265 -0.347546 -0.113167 -0.267617 -0.028998 -0.255577 -0.006653 0.070437 0.205948 0.039141 0.226990 -0.013201 0.073576 0.085280 0.138746 -0.138037 0.593069 0.069692 0.281411 0.016881 0.239499 -0.012480 -0.197479 -0.247247 0.166188 0.074020 -0.136184 -0.123637 0.005015 -0.059670 -0.006119 -0.072186 0.015089 0.079230 -0.166077 -0.047557 0.116104 0.007643 -0.080093 -0.255602 0.137475 0.278364 0.011968 -0.335195 -0.178638 0.071434 -0.030113 -0.103703 -0.156670 -0.153524 -0.011649 0.039784 0.067187 0.053643 0.000554 -0.045289 -0.104596 0.010678 -0.238533 -0.276980 -0.263367 -0.158062 0.193246 -0.099004 -0.143766 0.119834 0.017750 -0.029088 0.132457 0.144135 0.218397 -0.226735
0.166587 0.153632 -0.019880 0.246995 -0.153336 -0.074965 -0.054305 0.227839 0.090396 -0.036328 0.370669 0.459408 0.300107 1.000000 0.080837 0.528943 0.241185 0.076969 0.139929 0.519054 0.215757 -0.122819 0.189031 0.248647 -0.000926 0.097807 -0.164199 -0.141012 0.239291 0.171341 0.091948 0.112646 -0.265354 0.175358 0.269270 0.233886 -0.026681 0.183996 0.181283 0.048259 -0.022067 0.133676 -0.362721 -0.147754 -0.419963 -0.265141 -0.316323 -0.066829 -0.223217 -0.288393 -0.168687 -0.396597 0.016676 -0.252396 0.108506 -0.109176 -0.326265 -0.309343 -0.185728 -0.008287 0.301486 0.328182 0.455589 0.239141 -0.166440 0.006707 -0.141870 0.030127 -0.189959 0.137222 -0.166407 0.052536 -0.004494 -0.024204 -0.055858 -0.047565 -0.078459 0.134248 -0.159494 -0.092821 0.045112 -0.148267 0.248589 0.221027 0.016788 0.154404 -0.045859 0.226512 -0.270638 0.073161 0.044114 -0.085771 0.024736 -0.265918 -0.321731 -0.121819 -0.063447 -0.033408 -0.260414 -0.278716 -0.031878 0.083115 -0.193522 -0.170792 -0.392075 0.016988 -0.010584 -0.246273 0.143415 -0.126438 0.124536 -0.308526 -0.273363 -0.209982 0.503779 -0.355307
0.182473 0.044538 0.049793 -0.016394 0.272896 0.143156 -0.090881 0.103693 0.488060 0.385156 0.179518 -0.270409 0.185527 0.080837 1.000000 0.581550 -0.256141 -0.383571 0.563537 0.153495 -0.488838 -0.479115 0.203552 0.154094 -0.211599 -0.235690 0.470229 0.253604 -0.186037 -0.578157 -0.585668 -0.543294 -0.432275 -0.524672 -0.180362 0.274387 -0.362537 -0.256010 0.007569 -0.246803 -0.353989 -0.266393 -0.593276 -0.792416 -0.264037 -0.675876 -0.495894 -0.449783 0.555124 -0.096286 0.181382 0.408662 0.325269 -0.035286 0.297807 -0.306232 0.072556 0.125029 0.604003 0.259709 -0.301098 -0.216872 -0.222895 -0.145786 -0.282201 0.189624 0.355736 -0.009925 0.254984 0.220689 -0.133598 -0.292748 -0.614689 -0.470092 -0.384644 -0.412648 -0.379991 -0.169382 -0.450109 -0.489779 0.145309 -0.058904 0.207826 -0.282233 0.337869 0.307731 -0.317720 -0.490725 0.526160 0.465583 0.587666 0.621721 0.413688 0.484427 0.092994 -0.032090 -0.533529 0.063745 0.097743 0.184600 -0.004409 0.313594 0.312627 0.233786 -0.195282 -0.083764 0.297988 0.151822 -0.010250 0.219408 -0.133794 0.202708 0.053400 0.076955 0.022040 -0.051290
0.204002 -0.141073 0.320425 0.451074 0.194488 0.234296 0.280705 0.450301 0.374770 0.352139 0.077324 0.192361 0.146035 0.528943 0.581550 1.000000 -0.249136 -0.485073 0.573309 0.165611 -0.026093 -0.171842 0.422861 0.485182 -0.170990 0.103703 0.248821 0.247451 -0.178429 -0.434186 -0.208434 -0.136510 -0.587733 -0.345836 0.142567 0.562476 -0.141713 0.005812 0.220446 0.097578 -0.096018 0.003818 -0.648287 -0.517179 -0.625354 -0.581949 -0.632242 -0.210009 0.063160 -0.446834 -0.154324 -0.102772 -0.021671 -0.262712 0.041094 -0.455370 -0.432263 -0.434724 0.216591 -0.017827 -0.096733 0.161637 0.038650 -0.313387 -0.009626 0.430856 0.325708 0.266990 -0.201784 0.128970 0.023920 -0.074962 -0.479816 -0.354424 -0.260024 -0.156005 -0.187956 0.217217 -0.361338 -0.563264 -0.139483 -0.445694 0.240452 -0.194815 0.309190 0.210941 -0.057209 -0.098544 0.252745 0.366574 0.459276 0.518198 0.472947 0.264121 0.122424 0.046152 -0.555777 0.052591 -0.389728 -0.033711 0.207244 0.355461 0.161306 0.173876 -0.155989 0.020794 0.066730 0.199897 0.368114 0.079414 0.152178 -0.074151 0.033641 0.055313 0.319990 0.010446
0.482233 0.586711 -0.450649 -0.341315 -0.589070 -0.526541 -0.460381 -0.497128 -0.595311 -0.630420 0.512145 0.348471 0.317588 0.241185 -0.256141 -0.249136 1.000000 0.833564 -0.158185 0.335543 -0.010569 -0.133735 -0.567452 -0.464136 -0.226293 -0.381365 -0.333616 -0.483605 0.712563 0.545258 0.059124 -0.053158 0.404297 0.375745 -0.562399 -0.582875 0.059485 0.059510 -0.230813 0.233828 -0.150295 -0.401245 0.240740 0.224090 0.272182 0.166700 0.558627 0.056960 -0.020981 0.272375 0.161762 -0.014922 0.083232 0.318548 0.058734 0.481637 0.597517 0.534162 -0.318420 -0.068105 0.565099 -0.028274 0.413863 0.657582 -0.285226 -0.635822 -0.571388 -0.659218 0.500083 -0.020115 -0.232491 -0.162003 0.353288 0.190485 0.012453 -0.185711 -0.054348 -0.230974 0.529194 0.653500 0.685505 0.680342 -0.291979 0.106559 -0.433002 -0.023413 -0.264496 -0.057526 -0.784109 -0.519560 -0.541298 -0.653920 -0.668628 -0.628856 0.006005 -0.132283 0.495831 -0.201244 0.187247 -0.264685 -0.401404 -0.516941 -0.348249 -0.342554 0.028601 0.131467 -0.045208 0.114063 -0.231127 -0.308783 -0.241881 -0.203095 -0.262549 -0.116410 0.027371 0.043378
0.062067 0.416745 -0.487857 -0.386857 -0.498196 -0.365011 -0.533454 -0.451053 -0.397110 -0.477669 0.192896 0.162920 0.006359 0.076969 -0.383571 -0.485073 0.833564 1.000000 -0.456101 0.131162 0.056716 0.018716 -0.506950 -0.454006 0.061116 -0.199927 -0.289874 -0.424886 0.565867 0.644570 0.196251 0.074219 0.462621 0.401260 -0.397133 -0.571495 0.124665 0.026157 -0.211446 0.042952 -0.038504 -0.376651 0.362289 0.396918 0.412920 0.363608 0.599435 0.103900 -0.043190 0.397407 0.190317 -0.015426 -0.067453 0.275350 -0.035312 0.457416 0.530846 0.539854 -0.440984 0.061679 0.341863 0.068424 0.236241 0.727392 -0.241508 -0.572553 -0.496492 -0.523514 0.297331 -0.197637 -0.146510 0.007061 0.454998 0.259929 0.064381 -0.158418 0.040145 -0.266689 0.562868 0.752255 0.620331 0.751437 -0.239099 0.256574 -0.488367 -0.127386 -0.282901 -0.079647 -0.675937 -0.527230 -0.600467 -0.745987 -0.649171 -0.615393 -0.062217 -0.115269 0.453657 -0.274537 0.184280 -0.317166 -0.450574 -0.633901 -0.319493 -0.283154 0.086350 0.156820 -0.024154 -0.033961 -0.394602 -0.365490 -0.322659 -0.231231 -0.381252 -0.235647 -0.096611 0.009159
0.517746 0.148484 0.399038 0.040394 0.280623 0.087703 0.257524 0.165144 0.165681 0.250564 0.164915 -0.201853 0.241975 0.139929 0.563537 0.573309 -0.158185 -0.456101 1.000000 0.248091 -0.272031 -0.330943 0.121517 -0.015440 -0.235155 -0.206664 0.347248 0.166273 -0.082574 -0.464296 -0.284377 -0.322023 -0.275316 -0.274271 -0.132300 0.362624 -0.229551 -0.182375 -0.240268 -0.165726 -0.123811 -0.141996 -0.292529 -0.420341 -0.190649 -0.498038 -0.416836 -0.141430 0.068474 -0.296084 -0.343498 -0.047543 -0.118729 -0.332367 -0.104449 -0.458597 0.053992 -0.009955 0.425210 0.023328 -0.164478 -0.298173 0.124820 -0.243516 -0.158008 0.051377 0.468105 0.023047 0.306691 0.372302 -0.011166 -0.334733 -0.390749 -0.419118 -0.315451 -0.164292 -0.282278 0.122903 -0.308388 -0.530162 0.089099 -0.115852 0.325073 -0.198161 0.249665 0.095191 0.082305 -0.155984 0.295916 -0.015649 0.361659 0.478972 0.132244 0.346067 0.042412 -0.050106 -0.508693 -0.053768 -0.133216 0.075089 0.012115 0.483008 0.268804 0.315249 -0.126243 -0.108341 0.007752 0.395698 0.160316 -0.057438 0.106555 0.206382 0.113158 0.146240 -0.059022 -0.155051
0.270561 0.418398 -0.301955 0.089639 -0.367421 -0.335017 -0.287992 -0.239507 0.134567 -0.153604 0.469754 0.409603 0.279194 0.519054 0.153495 0.165611 0.335543 0.131162 0.248091 1.000000 -0.050718 -0.444851 -0.114459 -0.156609 -0.264220 -0.316393 -0.401551 -0.245855 0.392766 0.185087 -0.247776 -0.315998 0.034153 0.175373 0.004018 -0.283489 0.097220 0.304086 0.067826 -0.102406 -0.116243 0.012655 -0.031531 -0.063773 -0.210444 -0.343108 0.122768 0.096770 0.160379 0.007227 0.111259 -0.183906 0.203395 -0.238333 0.149128 0.263192 0.023753 -0.060747 0.050666 0.116176 0.322769 -0.001669 0.386777 0.352150 -0.251276 -0.070661 -0.067828 -0.083599 0.371681 0.585954 -0.203294 -0.298298 0.151509 0.074132 0.132468 0.096510 -0.036014 -0.025402 -0.016366 0.179403 0.305371 0.206353 -0.072578 0.042821 -0.202884 0.206265 -0.050055 0.057494 -0.274883 0.010631 -0.007454 -0.256726 -0.189419 -0.294785 -0.475992 -0.407848 0.224745 -0.180611 0.139595 -0.179923 -0.085443 0.019390 -0.061363 -0.107529 -0.410849 -0.336304 -0.087457 -0.150464 -0.047961 -0.198824 0.139611 0.081672 -0.054784 -0.119939 0.024587 -0.415885
-0.300569 -0.563244 0.151342 0.465057 -0.024101 0.381221 0.299809 0.159872 -0.239698 -0.053421 -0.124918 0.247325 -0.133400 0.215757 -0.488838 -0.026093 -0.010569 0.056716 -0.272031 -0.050718 1.000000 0.731357 0.340000 0.415651 0.566581 0.646044 0.010066 0.410030 0.282528 0.470575 0.856441 0.779229 0.153812 0.469288 0.411414 0.117278 0.460349 0.459149 0.519262 0.194711 0.440885 0.592839 -0.056706 0.299158 -0.441863 0.035051 -0.126232 -0.099276 -0.533880 -0.522137 -0.373370 -0.547170 -0.498646 -0.161247 -0.100941 -0.055691 -0.374715 -0.547437 -0.710510 -0.583318 -0.074928 -0.066292 0.078983 -0.306827 0.346881 0.181404 -0.250908 0.185495 -0.529895 -0.292863 0.709100 0.803226 0.473184 0.670014 0.582919 0.706850 0.623576 0.441769 0.070334 0.107667 -0.380283 -0.248324 0.073374 0.358830 -0.164042 0.020491 0.283619 0.442674 -0.251984 -0.070783 -0.338392 -0.327014 -0.031061 -0.224071 0.047563 0.187576 0.228860 -0.202486 -0.618113 -0.246463 -0.092026 -0.128109 -0.440121 -0.180092 0.036150 0.156260 -0.346836 -0.089860 -0.055447 -0.376241 0.229909 -0.435730 0.009735 -0.250804 -0.008548 -0.203443
-0.364807 -0.560598 0.327115 0.397129 0.164397 0.475731 0.404400 0.195906 -0.178598 -0.011343 -0.293173 -0.035154 -0.320441 -0.122819 -0.479115 -0.171842 -0.133735 0.018716 -0.330943 -0.444851 0.731357 1.000000 0.364341 0.352613 0.534242 0.672666 0.040582 0.253400 0.115397 0.458294 0.878424 0.878841 0.292201 0.432307 0.419666 0.258133 0.452097 0.341832 0.396828 0.225794 0.641864 0.611890 -0.077320 0.208568 -0.150374 0.263493 -0.072275 -0.149672 -0.600619 -0.462049 -0.240575 -0.465644 -0.544592 -0.087025 -0.443761 -0.138759 -0.270710 -0.323234 -0.559158 -0.625782 -0.141802 0.016543 -0.155229 -0.328651 0.550921 0.290634 -0.152075 0.125246 -0.532021 -0.527750 0.516077 0.641128 0.432388 0.419877 0.315821 0.494090 0.425554 0.377086 0.318239 0.246472 -0.326771 -0.102394 -0.005186 0.451209 -0.030968 0.022484 0.057190 0.171052 -0.085071 -0.187778 -0.543019 -0.344252 -0.176665 -0.242559 0.190436 0.215613 0.258786 0.029648 -0.536925 -0.238995 -0.227072 -0.136061 -0.455807 -0.131533 0.067294 0.129743 -0.320994 -0.045152 0.150607 -0.149335 0.134065 -0.338606 -0.021144 0.029180 -0.050306 0.109915
-0.356495 -0.504169 0.655324 0.631004 0.513130 0.709622 0.532683 0.673828 0.341047 0.657610 -0.175145 -0.072471 -0.166798 0.189031 0.203552 0.422861 -0.567452 -0.506950 0.121517 -0.114459 0.340000 0.364341 1.000000 0.810637 0.506177 0.796303 0.360011 0.664105 -0.494051 -0.362657 0.214251 0.348564 -0.234523 0.025148 0.737155 0.791073 -0.260989 -0.088305 0.341657 0.093109 0.046281 0.535368 -0.577254 -0.309010 -0.492912 -0.196920 -0.731446 -0.344247 -0.219835 -0.604788 -0.209968 -0.320098 -0.087266 -0.386777 -0.076030 -0.604692 -0.590641 -0.427397 0.036846 -0.083466 -0.369070 0.172341 -0.428559 -0.530951 0.313335 0.669784 0.363307 0.640944 -0.564670 0.006321 0.141834 0.219673 -0.354542 -0.214889 -0.111691 0.131772 -0.142416 0.282646 -0.217900 -0.355921 -0.522317 -0.528961 0.085869 -0.070507 0.461619 -0.045980 0.116717 0.067232 0.563086 0.589996 0.065089 0.325387 0.485154 0.211962 -0.012228 -0.045689 -0.447490 -0.015055 -0.672286 -0.456040 0.119423 0.081770 -0.217377 -0.222242 -0.441773 -0.163851 0.028212 -0.255009 0.262021 -0.053282 0.277048 -0.324653 -0.206361 -0.056114 0.329837 -0.140301
-0.315431 -0.506030 0.389075 0.657235 0.293570 0.527580 0.405181 0.547666 0.297217 0.392308 -0.182475 0.064464 -0.250156 0.248647 0.154094 0.485182 -0.464136 -0.454006 -0.015440 -0.156609 0.415651 0.352613 0.810637 1.000000 0.304334 0.708178 0.284825 0.572119 -0.442560 -0.361639 0.202902 0.309660 -0.429458 -0.170309 0.536094 0.616600 -0.158445 -0.055106 0.419893 0.116355 -0.057531 0.464942 -0.629588 -0.324194 -0.607943 -0.271349 -0.627839 -0.292076 -0.157868 -0.501355 -0.076509 -0.204457 0.014400 -0.239477 0.110449 -0.438660 -0.592115 -0.498740 -0.174251 -0.160243 -0.305503 0.084813 -0.288212 -0.535148 0.148690 0.539393 0.191441 0.545241 -0.567532 -0.011063 0.260087 0.374680 -0.404702 -0.075310 -0.055281 0.183337 -0.009085 0.276545 -0.300576 -0.404874 -0.524691 -0.631273 -0.051691 -0.198616 0.332682 0.056177 0.162752 0.196858 0.376200 0.516400 0.183387 0.440369 0.681856 0.338311 0.249319 0.068292 -0.391289 -0.015755 -0.607922 -0.253344 0.282222 0.099997 -0.158890 -0.154980 -0.177062 0.091668 0.156549 -0.091754 0.289076 0.025698 0.242576 -0.316896 -0.067205 -0.163871 0.480393 -0.049437
-0.407142 -0.536463 0.350911 0.281330 0.244557 0.627988 0.311070 0.295204 -0.075039 0.358813 -0.266893 -0.232083 -0.286719 -0.000926 -0.211599 -0.170990 -0.226293 0.061116 -0.235155 -0.264220 0.566581 0.534242 0.506177 0.304334 1.000000 0.770147 0.337133 0.450194 -0.058599 0.216178 0.654739 0.600038 0.223910 0.414019 0.557956 0.381184 0.028014 0.031121 0.195522 -0.003928 0.183791 0.398014 -0.186042 0.096826 -0.273627 0.070142 -0.380814 -0.306627 -0.475377 -0.416353 -0.346834 -0.437428 -0.334779 -0.273465 -0.086333 -0.413403 -0.246587 -0.241873 -0.303920 -0.210161 -0.324014 -0.041518 -0.128302 -0.151486 0.216347 0.156797 0.013960 0.211227 -0.510482 -0.375868 0.422896 0.561668 0.228280 0.304947 0.313020 0.259860 0.313236 0.214231 -0.100703 0.032068 -0.285291 -0.084256 0.139353 0.317650 0.056869 -0.135391 0.166502 0.099174 0.255464 0.075239 -0.282268 -0.160583 -0.038954 -0.038032 -0.189789 0.245051 -0.099720 -0.068056 -0.451514 -0.317799 -0.254500 -0.160363 -0.288315 -0.141960 -0.113495 0.210474 -0.144288 -0.328636 -0.256618 -0.230633 0.115745 -0.221314 -0.178732 -0.102750 0.058798 -0.152580
-0.443615 -0.598536 0.524268 0.582302 0.385198 0.752668 0.439082 0.515036 0.019148 0.457084 -0.335081 -0.107022 -0.342222 0.097807 -0.235690 0.103703 -0.381365 -0.199927 -0.206664 -0.316393 0.646044 0.672666 0.796303 0.708178 0.770147 1.000000 0.290926 0.627935 -0.298965 -0.036594 0.613639 0.645346 -0.029239 0.209377 0.694267 0.608557 -0.069329 -0.032492 0.316435 0.121996 0.196749 0.544060 -0.366282 0.010899 -0.451755 0.012722 -0.549944 -0.250857 -0.514446 -0.610938 -0.270729 -0.480979 -0.376830 -0.347555 -0.149849 -0.523401 -0.481703 -0.407976 -0.347442 -0.213466 -0.348050 0.076937 -0.199215 -0.385019 0.384875 0.501234 0.208465 0.589032 -0.642021 -0.171638 0.322125 0.530835 -0.043936 0.069498 0.117249 0.266554 0.120022 0.203072 -0.056979 -0.061697 -0.515420 -0.411131 0.030820 0.149397 0.272202 -0.089471 0.257674 0.312382 0.342077 0.311883 -0.235842 0.016659 0.279475 0.014616 0.062276 0.198908 -0.247971 -0.096713 -0.769814 -0.470622 -0.012765 -0.117958 -0.354266 -0.206910 -0.065473 0.187428 -0.088637 -0.293683 0.099237 -0.112528 0.142165 -0.456207 -0.200541 -0.145515 0.249262 -0.124970
-0.060452 -0.389765 0.517161 0.074223 0.650485 0.700186 0.395454 0.431095 0.042106 0.607533 -0.186533 -0.459693 0.068331 -0.164199 0.470229 0.248821 -0.333616 -0.289874 0.347248 -0.401551 0.010066 0.040582 0.360011 0.284825 0.337133 0.290926 1.000000 0.649271 -0.359340 -0.525524 0.002557 0.022869 -0.292723 -0.325933 0.039243 0.580356 -0.482042 -0.539218 -0.146003 -0.251338 -0.347671 -0.149408 -0.429075 -0.475046 -0.086677 -0.276914 -0.580864 -0.484519 0.019391 -0.389621 -0.242772 0.077381 -0.122862 -0.145600 0.047482 -0.577772 0.016647 0.059699 0.217723 -0.037767 -0.356514 -0.210832 -0.300360 -0.384744 0.045151 0.238708 0.333415 0.190513 -0.182394 -0.154441 0.287433 0.158560 -0.571765 -0.269171 -0.272175 -0.187887 -0.195673 0.002201 -0.366207 -0.567530 -0.110955 -0.136933 0.069080 -0.288932 0.286682 0.058550 -0.044487 -0.300535 0.497229 0.266928 0.302778 0.512734 0.355390 0.544044 0.402740 0.220811 -0.651353 -0.013291 -0.268272 0.005194 -0.082340 0.230083 0.049918 0.141679 0.010833 0.090514 0.205309 0.138580 -0.218204 0.117647 0.016595 0.064305 0.142242 -0.211705 0.045842 -0.010602
-0.327189 -0.560799 0.446682 0.299126 0.517552 0.723148 0.344500 0.349818 0.063461 0.543611 -0.320158 -0.327279 -0.141523 -0.141012 0.253604 0.247451 -0.483605 -0.424886 0.166273 -0.245855 0.410030 0.253400 0.664105 0.572119 0.450194 0.627935 0.649271 1.000000 -0.352944 -0.471508 0.195655 0.141360 -0.186673 -0.195150 0.291583 0.498247 -0.225818 -0.189121 0.204911 -0.047620 -0.077139 0.231821 -0.329338 -0.232028 -0.369840 -0.262174 -0.622594 -0.383962 0.034599 -0.475070 -0.271651 -0.078198 -0.278771 -0.291854 0.085148 -0.499487 -0.257941 -0.256868 0.074615 0.037557 -0.625299 -0.360565 -0.366152 -0.556565 0.124722 0.447913 0.460419 0.594052 -0.289734 0.107542 0.464682 0.350333 -0.363025 -0.060238 0.030322 0.182125 -0.032383 0.033599 -0.278876 -0.389829 -0.339137 -0.363528 0.092373 -0.205194 0.387649 -0.034916 0.239181 0.106030 0.544627 0.497615 0.227897 0.422305 0.527639 0.489018 0.226022 0.080337 -0.550209 -0.329921 -0.585986 -0.148532 0.181721 0.138634 0.022194 0.117182 0.054965 0.071174 0.020902 -0.050944 -0.136520 -0.174037 0.030885 -0.198529 0.087761 -0.285955 -0.060629 -0.206660
0.307118 0.127570 -0.483755 -0.148767 -0.616493 -0.373238 -0.339582 -0.553200 -0.453984 -0.614878 0.548692 0.424052 0.362527 0.239291 -0.186037 -0.178429 0.712563 0.565867 -0.082574 0.392766 0.282528 0.115397 -0.494051 -0.442560 -0.058599 -0.298965 -0.359340 -0.352944 1.000000 0.739676 0.327542 0.167328 0.509021 0.477701 -0.401542 -0.577511 0.521340 0.442268 0.091461 0.079782 0.222441 -0.083810 0.186824 0.160926 -0.078081 -0.114400 0.431936 -0.070548 -0.057910 0.046718 0.051982 -0.056910 -0.077974 0.251109 0.116836 0.513272 0.372552 0.116465 -0.367488 -0.349518 0.351213 -0.286451 0.434742 0.321321 -0.049586 -0.387385 -0.505672 -0.576126 0.293620 -0.169116 0.154389 0.216903 0.666485 0.597943 0.533680 0.274406 0.420970 -0.023827 0.381406 0.595263 0.488416 0.525227 -0.015956 0.350576 -0.341758 0.327613 -0.100003 -0.029967 -0.669250 -0.460773 -0.420265 -0.642344 -0.685078 -0.610147 -0.124232 -0.025613 0.605213 -0.232857 0.111911 0.026020 -0.539756 -0.373638 -0.430628 -0.179679 0.065059 0.055686 -0.345750 -0.057928 -0.311284 -0.280219 -0.203485 -0.118173 0.059632 -0.016622 -0.285602 -0.185704
-0.057384 0.047378 -0.368079 -0.039167 -0.496189 -0.269243 -0.198936 -0.361679 -0.329954 -0.532782 0.182176 0.344443 -0.008754 0.171341 -0.578157 -0.434186 0.545258 0.644570 -0.464296 0.185087 0.470575 0.458294 -0.362657 -0.361639 0.216178 -0.036594 -0.525524 -0.471508 0.739676 1.000000 0.624910 0.528562 0.550094 0.695226 0.010858 -0.476641 0.672901 0.639109 0.260652 0.185630 0.551073 0.268417 0.306153 0.450447 0.105976 0.307944 0.538074 0.097089 -0.385653 0.046493 -0.034604 -0.366925 -0.264778 0.125590 -0.237334 0.465812 0.123144 -0.027529 -0.594108 -0.461669 0.390142 0.113754 0.307268 0.397934 0.156275 -0.318697 -0.630235 -0.505098 -0.038492 -0.423667 0.212828 0.351821 0.900293 0.702529 0.530908 0.430408 0.544528 0.215952 0.495099 0.700268 0.224766 0.459907 -0.051938 0.652812 -0.519069 0.077421 -0.157662 0.103676 -0.694599 -0.564178 -0.681278 -0.864798 -0.738543 -0.729200 -0.246654 0.008195 0.800322 -0.010187 0.067830 -0.142507 -0.442979 -0.388775 -0.424457 -0.229711 -0.050358 0.051159 -0.393983 -0.091566 -0.099718 -0.311379 -0.010494 -0.176244 -0.121163 0.040016 -0.200874 0.010255
-0.267751 -0.496948 0.214050 0.292420 0.013005 0.374672 0.326689 0.108987 -0.332400 -0.102412 -0.175733 0.050849 -0.184972 0.091948 -0.585668 -0.208434 0.059124 0.196251 -0.284377 -0.247776 0.856441 0.878424 0.214251 0.202902 0.654739 0.613639 0.002557 0.195655 0.327542 0.624910 1.000000 0.902993 0.343999 0.584226 0.391398 0.144639 0.526941 0.420195 0.310263 0.177724 0.597513 0.539982 0.012519 0.346152 -0.199265 0.249467 -0.056306 -0.120174 -0.721586 -0.465172 -0.469952 -0.647904 -0.633592 -0.198637 -0.369015 -0.122208 -0.233829 -0.369463 -0.684247 -0.609134 -0.025912 -0.032164 0.156228 -0.135871 0.405981 0.058343 -0.257850 0.015399 -0.499280 -0.490761 0.606406 0.714974 0.609750 0.592875 0.477047 0.547894 0.570929 0.422238 0.229932 0.275037 -0.205581 -0.006493 0.116369 0.531994 -0.138197 -0.012188 0.192369 0.293757 -0.262685 -0.350626 -0.587313 -0.485238 -0.320835 -0.317500 -0.019457 0.226042 0.295982 -0.088083 -0.515900 -0.258377 -0.267838 -0.145832 -0.445037 -0.104360 0.079207 0.250994 -0.359258 -0.083999 -0.055052 -0.347062 0.163397 -0.336030 -0.053104 -0.069373 -0.030584 -0.050742
-0.282105 -0.517128 0.325466 0.427399 0.033104 0.418990 0.441716 0.305444 -0.266996 -0.009120 -0.082487 0.186774 -0.070536 0.112646 -0.543294 -0.136510 -0.053158 0.074219 -0.322023 -0.315998 0.779229 0.878841 0.348564 0.309660 0.600038 0.645346 0.022869 0.141360 0.167328 0.528562 0.902993 1.000000 0.300365 0.643778 0.514948 0.294169 0.401541 0.347260 0.247604 0.152668 0.526672 0.596420 -0.071094 0.233799 -0.212229 0.263769 -0.114014 -0.087745 -0.780333 -0.548723 -0.434933 -0.611513 -0.483075 -0.082951 -0.386826 -0.214718 -0.346470 -0.392318 -0.687763 -0.720689 0.071321 0.229086 -0.020909 -0.246683 0.602309 0.195392 -0.363555 0.059392 -0.661064 -0.580713 0.507480 0.728365 0.507073 0.485936 0.354011 0.546649 0.532757 0.595411 0.193243 0.157466 -0.377682 -0.172162 0.103791 0.474733 -0.044864 -0.024359 0.147404 0.163041 -0.210650 -0.192357 -0.522954 -0.414023 -0.220686 -0.351775 -0.001898 0.183960 0.255941 0.119120 -0.533193 -0.335603 -0.210606 -0.173058 -0.528999 -0.303350 -0.130012 0.042552 -0.273266 -0.169007 0.083569 -0.193051 0.345709 -0.441212 -0.165236 0.077189 0.174045 -0.059266
0.124076 0.160436 -0.167752 -0.255704 -0.431574 -0.139321 -0.158347 -0.485975 -0.529534 -0.477651 0.151881 0.106482 0.023808 -0.265354 -0.432275 -0.587733 0.404297 0.462621 -0.275316 0.034153 0.153812 0.292201 -0.234523 -0.429458 0.223910 -0.029239 -0.292723 -0.186673 0.509021 0.550094 0.343999 0.300365 1.000000 0.756768 -0.142238 -0.416455 0.356278 0.237836 -0.218728 0.287435 0.290522 0.112565 0.460740 0.335581 0.320487 0.367221 0.485687 0.056181 -0.269238 0.156396 -0.053551 -0.166218 -0.182298 0.188967 -0.332331 0.262591 0.460345 0.358764 -0.277102 -0.280018 0.051510 -0.209882 0.013478 0.285668 0.150022 -0.343754 -0.409342 -0.311216 0.211291 -0.155352 -0.011500 0.028387 0.639999 0.371500 0.308097 0.194852 0.166559 -0.018746 0.621830 0.659910 0.411168 0.586345 -0.175964 0.369352 -0.121209 -0.098237 -0.186494 -0.191033 -0.360285 -0.428738 -0.607413 -0.658730 -0.686602 -0.531479 -0.216047 -0.221807 0.537553 0.025029 0.140712 -0.131323 -0.345873 -0.417388 -0.345615 -0.217956 -0.090850 -0.318212 -0.447943 -0.312457 -0.197565 -0.211950 0.176633 -0.007882 -0.100873 0.198956 -0.193579 -0.142218
0.063206 0.027040 0.063667 0.139291 -0.375026 -0.017997 0.121493 -0.069363 -0.449822 -0.350100 0.253189 0.361911 0.139203 0.175358 -0.524672 -0.345836 0.375745 0.401260 -0.274271 0.175373 0.469288 0.432307 0.025148 -0.170309 0.414019 0.209377 -0.325933 -0.195150 0.477701 0.695226 0.584226 0.643778 0.756768 1.000000 0.245313 -0.149471 0.342477 0.403749 -0.011003 0.278921 0.332855 0.384102 0.271198 0.391626 0.037307 0.331367 0.270002 0.112664 -0.570481 -0.190519 -0.244283 -0.508203 -0.220436 0.058820 -0.335823 0.094621 0.018045 -0.019112 -0.556756 -0.534987 0.289312 0.175683 0.084098 0.189022 0.337140 -0.201196 -0.587179 -0.263425 -0.179918 -0.296792 0.142189 0.299386 0.712482 0.465707 0.339653 0.381369 0.365780 0.409644 0.407369 0.482309 0.057697 0.250389 -0.008681 0.556551 -0.293651 -0.217808 -0.031080 -0.029180 -0.486049 -0.391256 -0.650047 -0.729503 -0.631258 -0.698818 -0.325311 -0.071187 0.509237 0.132995 -0.179724 -0.390241 -0.364088 -0.382079 -0.564585 -0.503327 -0.407566 -0.298713 -0.347204 -0.332070 -0.080256 -0.256833 0.417373 -0.259209 -0.297393 0.122365 0.149108 -0.206274
-0.530788 -0.473655 0.493089 0.594832 0.398331 0.572688 0.502858 0.570781 0.344314 0.527111 -0.272597 0.053971 -0.248831 0.269270 -0.180362 0.142567 -0.562399 -0.397133 -0.132300 0.004018 0.411414 0.419666 0.737155 0.536094 0.557956 0.694267 0.039243 0.291583 -0.401542 0.010858 0.391398 0.514948 -0.142238 0.245313 1.000000 0.639034 0.047070 0.238597 0.391253 -0.009205 0.298484 0.724869 -0.293694 0.023855 -0.333716 0.093439 -0.501466 -0.071017 -0.488722 -0.495737 -0.354476 -0.611146 -0.202738 -0.514000 -0.235065 -0.407213 -0.743392 -0.625275 -0.139537 -0.164644 -0.102986 0.454916 -0.129412 -0.274514 0.434228 0.580545 0.204483 0.587605 -0.721515 -0.115327 0.116114 0.275204 0.040186 0.040864 0.114702 0.355090 0.121513 0.445811 -0.214666 -0.229809 -0.585816 -0.470324 0.114663 0.263570 0.257826 -0.026762 0.180248 0.272528 0.351404 0.371443 -0.072558 0.031442 0.253452 0.012454 -0.347182 -0.050274 -0.131938 0.203364 -0.461152 -0.380691 0.150414 0.153555 -0.163686 -0.184922 -0.465032 -0.180159 -0.136952 -0.394941 0.298176 0.013303 0.401395 -0.199191 -0.132026 0.017650 0.318312 -0.123465
-0.240627 -0.453089 0.793170 0.460192 0.690013 0.702170 0.657036 0.770872 0.324394 0.716427 -0.279005 -0.233849 -0.109446 0.233886 0.274387 0.562476 -0.582875 -0.571495 0.362624 -0.283489 0.117278 0.258133 0.791073 0.616600 0.381184 0.608557 0.580356 0.498247 -0.577511 -0.476641 0.144639 0.294169 -0.416455 -0.149471 0.639034 1.000000 -0.376693 -0.289654 0.054749 -0.074800 0.028297 0.306370 -0.561133 -0.368077 -0.300834 -0.110424 -0.779846 -0.249843 -0.290765 -0.580152 -0.411508 -0.327333 -0.171142 -0.401229 -0.225658 -0.742733 -0.547229 -0.388670 0.196402 -0.055313 -0.308112 0.274964 -0.293424 -0.490051 0.262092 0.580597 0.462717 0.540581 -0.584377 -0.123377 0.080797 0.107040 -0.512118 -0.416594 -0.343971 -0.089000 -0.273253 0.318299 -0.299291 -0.598046 -0.426619 -0.503933 0.265566 -0.060812 0.485244 -0.046604 0.121234 -0.022757 0.551557 0.389826 0.233219 0.493024 0.418122 0.340383 0.039284 0.003252 -0.653663 0.110056 -0.526101 -0.277163 0.083822 0.316518 -0.035649 0.014490 -0.345631 -0.064594 0.071818 -0.091313 0.302066 0.061970 0.282433 -0.165865 -0.132074 -0.032826 0.373734 -0.039950
