1.000000 0.408810 -0.053682 -0.278867 0.155522 -0.258312 0.001859 -0.171209 0.110812 -0.465272 0.462646 0.383532 0.556528 0.337028 0.610855 0.317349 -0.172296 -0.212920 0.172322 0.201220 -0.152180 0.109998 -0.084050 -0.345247 -0.407794 -0.571197 -0.048903 -0.172292 0.296018 0.117754 -0.023080 -0.210115 0.137308 -0.137317 -0.304413 -0.210180 0.031984 -0.206118 -0.309711 -0.209767 0.097298 -0.171398 -0.264873 -0.147881 -0.181200 -0.408869 0.112770 0.245129 0.115056 -0.219361 -0.313126 0.119349 0.322386 0.387135 0.221249 0.036400 0.397421 0.203053 0.566456 0.104310 0.668626 0.190230 0.019418 0.438680 -0.201378 -0.149437 0.070618 -0.492677 0.221334 0.047319 -0.010482 0.019092 -0.101457 0.026855 -0.004748 0.302998 0.059856 -0.026716 -0.063468 -0.291836 -0.083371 -0.160154 0.392504 0.171135 -0.211052 -0.217085 -0.064997 -0.034226 -0.073510 0.124904 -0.084325 0.157819 -0.400335 -0.275119 -0.155909 -0.097730 0.374030 0.032770 0.224330 -0.086978 -0.492101 -0.175223 -0.206097 -0.058146 -0.177794 -0.156581 -0.149194 -0.034565 0.202372 0.258621 0.175236 0.057625 0.072383 -0.052668 0.029860 0.040014
0.408810 1.000000 -0.143822 -0.187691 -0.365441 -0.584230 -0.014712 -0.425764 -0.429245 -0.624173 0.335056 -0.146947 0.005461 -0.228224 0.273837 -0.131252 0.476762 0.122295 0.532308 0.282485 -0.475647 -0.024475 0.283679 -0.125368 -0.332657 -0.161000 -0.383627 -0.280555 0.555605 0.433156 0.375174 0.214178 0.560335 0.329565 0.077010 -0.028187 0.516727 0.326514 -0.046516 -0.232627 0.462764 0.271459 -0.287665 -0.351446 -0.189930 -0.296145 0.040531 0.025693 -0.450785 -0.521273 -0.410389 -0.372225 -0.266190 0.211052 0.216169 0.207415 0.596157 0.822478 -0.352760 -0.399046 0.011170 -0.420865 0.355388 0.447960 -0.047470 -0.559522 -0.392599 -0.349008 0.403633 0.145309 -0.307008 -0.059339 0.303372 0.150649 0.360752 0.421005 0.331104 0.329876 0.552540 0.355455 0.535054 0.550815 0.556833 0.532074 0.320228 0.343350 0.127808 0.034033 -0.145308 -0.184468 -0.080644 0.111632 -0.237665 -0.018744 -0.283881 0.282245 0.217395 0.277307 0.146918 0.335755 -0.330562 0.082812 0.111647 -0.052092 -0.075426 0.009861 -0.056747 -0.227171 0.221688 0.216430 0.187525 0.141027 0.042039 0.107411 -0.026610 0.157883
-0.053682 -0.143822 1.000000 0.592964 0.407614 0.372488 0.688214 0.464476 0.586813 0.516557 -0.226216 -0.034802 0.056955 -0.074520 -0.010329 0.063942 -0.325337 -0.322867 0.190086 -0.324056 -0.013033 -0.252459 0.225805 0.050176 -0.043894 0.145266 0.034341 -0.087361 -0.445214 -0.524822 -0.159224 -0.159135 -0.209433 -0.042541 0.104973 -0.072526 -0.222944 -0.253076 -0.169365 -0.281228 -0.356339 -0.290384 0.190204 0.244493 0.082727 -0.019052 0.056089 -0.074875 0.253071 0.213760 0.491711 0.065813 -0.108005 -0.377210 -0.162344 -0.077259 -0.276519 -0.258307 0.080530 0.016872 0.025581 0.071911 -0.298502 -0.351674 0.453928 0.572484 0.278813 0.220262 -0.140193 -0.095190 -0.039185 -0.209413 -0.421485 -0.123657 -0.131150 0.026583 -0.081974 -0.356677 -0.364903 -0.115723 -0.302778 -0.299593 -0.244129 -0.225811 0.074603 -0.210818 -0.340720 -0.312193 0.420976 -0.190511 -0.006212 -0.308530 0.178435 0.002878 -0.444922 -0.240331 -0.159472 -0.442898 -0.251524 -0.169798 -0.202165 -0.238359 -0.130191 -0.183370 -0.234849 -0.197695 -0.248370 -0.060022 -0.276206 -0.369985 -0.321567 -0.052615 0.125051 -0.260001 -0.420974 -0.253589
-0.278867 -0.187691 0.592964 1.000000 0.275386 0.517123 0.301694 0.710153 0.173565 0.551960 -0.083779 0.219449 -0.157329 0.117355 -0.161793 0.142856 -0.228310 -0.399916 -0.245649 -0.386953 0.294814 0.346521 0.621091 0.631644 0.413343 0.675606 0.397074 0.418815 -0.658224 -0.638061 -0.068582 0.215861 -0.234212 -0.005048 0.449877 0.369747 -0.315684 -0.311609 -0.192136 -0.123290 -0.348429 -0.378457 0.221466 0.124094 0.290857 0.322971 -0.018485 -0.100198 0.138794 0.349406 0.457050 0.050834 -0.147206 -0.117082 -0.211400 0.105576 -0.308232 -0.387240 -0.260288 -0.187971 -0.446821 0.127613 -0.442196 -0.700202 0.543872 0.518315 -0.214682 0.137204 -0.325545 -0.248795 -0.173576 -0.137550 -0.647546 -0.449081 -0.334223 -0.290254 -0.388906 -0.327376 -0.223698 -0.016436 -0.247613 -0.296207 -0.279328 -0.209249 0.359663 0.288475 -0.270168 0.056732 0.435549 0.050837 -0.303264 -0.526411 0.137956 -0.266989 -0.233867 -0.424532 -0.179700 -0.292770 -0.309781 -0.336960 -0.174326 -0.456980 -0.376368 -0.394246 -0.239349 -0.258067 -0.463169 -0.312074 -0.371817 -0.478214 -0.168969 -0.417954 -0.270321 -0.180648 -0.423605 -0.278559
0.155522 -0.365441 0.407614 0.275386 1.000000 0.735262 0.169189 0.523160 0.693822 0.531348 0.320508 0.490187 0.391745 0.333353 0.204243 0.325979 -0.307381 -0.192218 -0.179133 -0.216745 0.260667 0.084208 -0.111788 0.029382 0.105699 -0.234861 0.407971 0.193328 -0.246534 -0.597222 -0.706753 -0.647281 -0.631970 -0.715474 -0.509040 -0.472938 -0.491650 -0.126128 -0.017732 0.141384 -0.400257 -0.320698 0.013493 0.186746 -0.243863 -0.350696 0.084460 0.078317 0.556750 0.144624 0.373625 0.371666 0.569121 0.128532 0.070299 -0.199455 -0.460019 -0.413712 0.406015 0.342469 0.248002 0.604192 -0.436072 -0.212472 0.093518 0.573757 0.126969 -0.239592 -0.201401 -0.143834 0.223289 -0.253200 -0.462224 0.031506 -0.265470 0.010954 -0.169666 -0.475267 -0.497661 -0.279251 -0.473159 -0.478303 -0.306220 -0.461745 -0.289543 -0.568467 -0.390529 -0.246663 0.151115 0.283642 0.307272 0.084645 0.301377 0.023710 0.112077 -0.384192 -0.058815 -0.414080 0.186475 -0.207592 -0.075596 -0.187260 -0.316313 -0.194608 -0.128592 -0.076600 -0.334719 0.066652 -0.150191 -0.153018 -0.395423 0.088573 0.215901 -0.225302 -0.122135 -0.292007
-0.258312 -0.584230 0.372488 0.517123 0.735262 1.000000 0.020017 0.642324 0.443595 0.822572 -0.027527 0.275989 0.004799 0.109474 -0.265611 0.148644 -0.283629 -0.319133 -0.447244 -0.190283 0.418211 0.188800 -0.042561 0.378272 0.438254 0.185006 0.627334 0.405871 -0.627742 -0.823075 -0.650597 -0.409103 -0.702161 -0.736146 -0.212952 -0.238937 -0.662607 -0.285586 -0.000596 0.289689 -0.683342 -0.512762 0.126079 0.149262 0.064649 0.045954 -0.013789 -0.144160 0.528454 0.482852 0.508050 0.475153 0.467719 0.051535 -0.151495 -0.215444 -0.445973 -0.544499 0.218909 0.483911 -0.230652 0.526882 -0.591996 -0.577642 0.112461 0.693351 0.209007 0.137432 -0.303886 -0.151436 0.180567 -0.148711 -0.713080 -0.235385 -0.520436 -0.450915 -0.491920 -0.639564 -0.484037 -0.307092 -0.450376 -0.596052 -0.542583 -0.555087 -0.286169 -0.333575 -0.438278 0.002578 0.049381 0.346288 0.176824 -0.126768 0.394717 0.006199 0.118129 -0.423670 -0.296434 -0.467850 -0.143049 -0.349425 0.165453 -0.123505 -0.304724 -0.105511 0.069643 0.143843 -0.177813 0.139612 -0.316965 -0.304985 -0.455907 -0.172347 -0.033544 -0.290847 -0.162376 -0.206320
0.001859 -0.014712 0.688214 0.301694 0.169189 0.020017 1.000000 0.407189 0.413437 0.363491 -0.050973 -0.139396 0.219641 -0.129237 0.025792 0.093047 -0.072795 -0.213681 0.315524 0.053978 -0.058394 -0.243216 0.027228 0.111737 -0.441121 0.008978 -0.388013 -0.419351 -0.048400 -0.150655 0.002206 -0.081733 -0.205504 0.136703 -0.011486 0.101269 -0.141945 -0.273770 -0.368345 -0.592366 -0.198733 -0.129834 -0.121084 0.018982 0.067018 0.157331 -0.285816 -0.084046 0.059746 0.103136 0.127559 -0.089154 -0.252933 -0.285812 -0.328092 -0.308456 -0.203371 -0.115766 -0.059157 -0.135294 0.153915 0.005734 0.109451 -0.084808 0.200121 0.220015 0.219724 0.413800 0.038034 0.252535 0.079829 -0.249858 -0.055424 0.004611 -0.006653 0.209194 -0.025525 -0.290077 -0.336196 -0.219526 -0.020563 -0.022814 -0.025454 0.080817 0.188658 -0.167255 -0.283850 -0.126038 0.192691 -0.225032 0.144461 -0.113333 -0.004595 0.142042 -0.519063 -0.113350 -0.469392 -0.353689 -0.181853 -0.280835 -0.179354 -0.005351 0.275725 0.117311 -0.057548 -0.050787 -0.026738 0.095510 -0.088868 -0.287512 -0.330778 -0.117787 -0.060812 -0.325046 -0.335933 -0.334845
-0.171209 -0.425764 0.464476 0.710153 0.523160 0.642324 0.407189 1.000000 0.513374 0.656257 0.172245 0.496298 0.216855 0.490359 0.016110 0.367066 -0.231933 -0.228086 -0.324686 -0.163981 0.378827 0.316640 0.134854 0.512058 0.226204 0.277523 0.285253 0.323565 -0.494420 -0.571107 -0.364965 -0.133756 -0.667557 -0.318431 -0.072580 0.165613 -0.569605 -0.427933 -0.431063 -0.172572 -0.383766 -0.439780 -0.099379 -0.054396 -0.012551 0.191704 -0.295612 -0.159361 0.210206 0.284871 0.191481 0.130606 0.094989 -0.148658 -0.497739 -0.311500 -0.443126 -0.515740 0.007233 0.148465 -0.198352 0.561027 -0.465852 -0.558964 0.195457 0.605385 -0.074816 0.176053 -0.184176 -0.050681 0.241850 -0.082671 -0.500771 -0.132743 -0.335882 -0.142001 -0.317170 -0.367890 -0.538045 -0.362166 -0.296117 -0.404354 -0.267349 -0.269779 -0.054210 -0.155234 -0.506077 0.140612 0.215786 0.293288 0.148841 -0.083317 0.382306 -0.026455 -0.140295 -0.617438 -0.493562 -0.584094 -0.119489 -0.444064 0.146518 -0.187039 -0.122577 -0.170227 -0.084368 -0.127790 -0.377175 0.014256 -0.371925 -0.553573 -0.435442 -0.385133 -0.227118 -0.363443 -0.319264 -0.444893
0.110812 -0.429245 0.586813 0.173565 0.693822 0.443595 0.413437 0.513374 1.000000 0.413090 0.186336 0.306065 0.503199 0.439456 0.323164 0.201011 -0.352133 -0.224595 0.005151 -0.381734 0.040626 -0.274102 -0.194724 -0.262005 0.023402 -0.202322 0.110634 -0.007400 -0.205439 -0.509710 -0.468360 -0.567258 -0.540030 -0.357087 -0.359298 -0.285456 -0.405242 -0.372082 -0.163452 -0.066948 -0.266322 -0.390494 -0.011117 0.219606 -0.222516 -0.201339 -0.028366 0.003700 0.435173 0.110255 0.385814 0.205950 0.369959 -0.297555 -0.015507 -0.275115 -0.507140 -0.396409 0.513063 0.260329 0.476458 0.445305 -0.465666 -0.268600 0.139190 0.643432 0.349916 -0.022873 -0.057535 -0.127098 0.119586 -0.254381 -0.264164 -0.004532 -0.137340 0.104491 0.010207 -0.334681 -0.602273 -0.368488 -0.462342 -0.471365 -0.276712 -0.409411 -0.374326 -0.605043 -0.280315 -0.219149 0.342394 0.230150 0.303818 0.183436 0.274407 0.107456 -0.250530 -0.498127 -0.160305 -0.620754 0.065935 -0.180540 0.144640 -0.051451 -0.091621 -0.133849 -0.203632 -0.188925 -0.361704 0.017489 -0.308784 -0.379438 -0.410419 0.065579 0.275085 -0.339646 -0.254349 -0.373043
-0.465272 -0.624173 0.516557 0.551960 0.531348 0.822572 0.363491 0.656257 0.413090 1.000000 -0.305358 -0.003161 -0.202296 -0.126574 -0.437819 0.060704 -0.188922 -0.185453 -0.231083 -0.131255 0.411378 0.013625 -0.014612 0.370363 0.185141 0.325228 0.343282 0.155760 -0.573781 -0.625797 -0.333300 -0.096090 -0.695290 -0.412019 -0.085891 -0.007473 -0.570124 -0.248405 -0.084300 -0.009591 -0.637257 -0.298452 0.153773 0.178551 0.166412 0.253482 -0.175603 -0.130863 0.329409 0.515273 0.456309 0.258730 0.089463 -0.221117 -0.458005 -0.349731 -0.466126 -0.502121 0.004900 0.315065 -0.359671 0.319342 -0.387561 -0.584566 0.247723 0.631906 0.298670 0.484998 -0.215380 0.006418 0.183025 -0.212634 -0.478361 -0.138563 -0.312823 -0.375748 -0.374808 -0.547480 -0.486391 -0.183600 -0.293214 -0.369515 -0.524515 -0.298784 -0.068640 -0.186424 -0.415427 0.058552 0.035178 0.032148 0.121608 -0.285522 0.316306 0.046900 0.005132 -0.240606 -0.568814 -0.458687 -0.356179 -0.399706 0.125938 -0.080958 -0.056747 -0.009959 0.065706 0.128135 -0.141584 0.240307 -0.223827 -0.296650 -0.465737 -0.210402 -0.053736 -0.290313 -0.169234 -0.272608
0.462646 0.335056 -0.226216 -0.083779 0.320508 -0.027527 -0.050973 0.172245 0.186336 -0.305358 1.000000 0.531545 0.659382 0.488585 0.648512 0.317996 0.228775 -0.103240 0.008104 0.118755 -0.029811 0.199395 0.164521 0.115502 -0.017169 -0.258069 0.097779 0.172952 0.403057 -0.019836 -0.190815 -0.322603 -0.101254 -0.296731 -0.321184 -0.126001 0.019733 -0.010339 -0.082611 -0.054013 0.208315 -0.007384 -0.543285 -0.386295 -0.411454 -0.434730 -0.275898 -0.122443 0.134524 -0.400569 -0.191680 0.086557 0.460084 0.464611 0.247495 -0.157349 -0.022073 0.215828 0.134021 -0.025090 0.327806 0.281064 -0.206995 0.141165 -0.192295 -0.119360 -0.394865 -0.513621 0.248065 0.001688 0.082456 0.010215 -0.056989 0.206047 -0.006926 0.351709 0.136044 -0.009760 -0.097196 -0.162284 -0.004448 -0.116291 0.400212 0.163286 -0.089835 -0.227859 -0.041709 0.168951 -0.060023 0.427033 0.271924 0.547701 0.124253 0.193133 -0.215539 -0.237129 -0.083233 -0.160583 0.301578 -0.115185 -0.006266 0.010990 -0.006956 -0.079388 -0.019440 -0.094852 -0.219317 -0.313429 0.007384 -0.127660 -0.070675 -0.174097 -0.204233 -0.248150 -0.188650 -0.139610
0.383532 -0.146947 -0.034802 0.219449 0.490187 0.275989 -0.139396 0.496298 0.306065 -0.003161 0.531545 1.000000 0.485479 0.832613 0.538732 0.725439 -0.339007 -0.116728 -0.389134 -0.086317 0.277682 0.361133 0.096152 0.097569 0.072713 -0.222451 0.271495 0.321620 -0.041458 -0.138993 -0.343298 -0.225283 -0.335732 -0.353721 -0.238595 -0.058072 -0.390100 -0.246867 -0.368687 -0.042671 -0.136948 -0.315513 -0.059423 0.014385 -0.012967 -0.220917 0.156331 -0.017267 0.450707 0.170567 -0.031816 0.400874 0.471342 0.441905 -0.055111 0.109627 -0.256028 -0.430636 0.371706 0.114207 0.240454 0.686585 -0.406083 -0.090858 0.035869 0.296371 -0.352208 -0.564077 -0.275485 -0.378964 0.170132 0.164792 -0.283185 0.041991 -0.188740 0.156295 -0.021745 -0.072511 -0.266116 -0.291426 -0.524838 -0.477764 0.035004 -0.076876 -0.233084 -0.299670 -0.237010 0.091834 0.052776 0.512798 0.063812 0.190318 0.177760 -0.242579 0.052123 -0.494840 0.109447 -0.360733 0.357068 -0.037217 -0.106213 -0.389389 -0.294763 -0.387701 -0.205518 -0.423162 -0.423606 -0.162766 -0.107755 -0.364778 -0.347847 -0.254951 0.003026 0.063513 -0.079993 -0.167305
0.556528 0.005461 0.056955 -0.157329 0.391745 0.004799 0.219641 0.216855 0.503199 -0.202296 0.659382 0.485479 1.000000 0.627725 0.805761 0.546672 -0.263494 -0.345711 -0.017315 0.003348 0.255143 0.217082 -0.147272 -0.172746 -0.085017 -0.357543 0.181775 0.124916 0.225759 -0.105745 -0.364468 -0.576978 -0.170126 -0.309265 -0.450022 -0.236831 -0.391982 -0.429245 -0.273084 -0.083194 -0.149816 -0.311739 -0.469078 -0.208515 -0.331155 -0.381657 -0.274478 -0.119498 0.328340 -0.221683 -0.115276 0.225390 0.572802 0.226858 0.312475 -0.277459 -0.212986 -0.073657 0.607119 0.297563 0.700327 0.376522 -0.249575 0.245265 -0.442310 0.009024 0.069610 -0.330248 0.194567 0.053709 0.280744 0.187796 -0.171699 0.101431 -0.304309 0.135773 -0.186569 -0.354722 -0.430591 -0.677729 -0.264107 -0.489821 0.329897 -0.045521 -0.384501 -0.508844 -0.070190 -0.024927 0.009819 0.460493 0.409657 0.540068 -0.025043 0.167532 -0.239106 -0.423319 0.068394 -0.267025 0.459499 -0.207054 0.076991 0.161374 0.069231 0.191178 0.090373 -0.034215 -0.022307 0.115427 -0.108571 -0.218461 -0.048730 -0.090476 -0.020823 -0.272452 -0.125487 -0.093463
0.337028 -0.228224 -0.074520 0.117355 0.333353 0.109474 -0.129237 0.490359 0.439456 -0.126574 0.488585 0.832613 0.627725 1.000000 0.648478 0.636665 -0.363331 -0.077281 -0.299037 -0.173715 0.310757 0.351987 -0.022579 -0.011651 0.121473 -0.180508 0.260010 0.363229 -0.032089 -0.095678 -0.284298 -0.251339 -0.263198 -0.191572 -0.213563 0.039980 -0.356962 -0.378139 -0.447754 -0.026404 -0.018251 -0.356715 -0.172446 -0.084726 -0.162025 -0.132764 -0.048841 -0.018368 0.198540 -0.031091 -0.148623 0.117513 0.358236 0.135906 0.002197 -0.047603 -0.244329 -0.354165 0.396976 0.100898 0.382345 0.644346 -0.414522 -0.062956 -0.094459 0.266210 -0.256770 -0.476867 -0.074001 -0.210060 0.228682 0.210318 -0.177085 -0.008972 -0.166838 0.083383 -0.071320 -0.007236 -0.343089 -0.420506 -0.386191 -0.434121 0.105138 -0.150863 -0.274548 -0.269335 -0.197425 0.023564 0.217919 0.492833 0.108859 0.277298 0.152802 -0.133150 0.022543 -0.583308 0.140501 -0.288962 0.347900 -0.089403 0.139345 -0.177509 -0.228519 -0.197609 -0.177515 -0.295927 -0.395787 -0.051626 -0.223820 -0.312604 -0.094498 -0.153169 -0.019121 0.020232 0.006734 -0.156720
0.610855 0.273837 -0.010329 -0.161793 0.204243 -0.265611 0.025792 0.016110 0.323164 -0.437819 0.648512 0.538732 0.805761 0.648478 1.000000 0.629182 -0.185537 -0.101149 0.243711 -0.015156 0.156150 0.191422 0.112113 -0.231192 -0.181201 -0.339179 0.105479 0.205708 0.406102 0.177553 -0.029310 -0.235438 0.056479 -0.067142 -0.267084 -0.114638 -0.130737 -0.199340 -0.268803 -0.224598 0.145909 -0.114703 -0.469536 -0.294359 -0.384476 -0.523149 -0.147368 -0.174661 0.088301 -0.432710 -0.272823 -0.003103 0.319565 0.194457 0.327586 -0.134794 0.061051 0.204698 0.442309 0.029155 0.599076 0.169661 -0.264326 0.288832 -0.229019 -0.155080 -0.175552 -0.547945 0.355041 -0.009438 0.158869 0.203865 0.043765 0.266145 0.075118 0.405938 0.095351 -0.008219 -0.128495 -0.324712 -0.158586 -0.265108 0.594921 0.249231 -0.185499 -0.281861 0.133981 -0.011531 0.103860 0.271574 0.165717 0.417686 -0.011393 0.096819 -0.178606 -0.202936 0.290577 -0.027717 0.447753 0.079615 -0.056565 0.053839 0.015457 0.021782 -0.087920 -0.186453 -0.204425 -0.006594 0.090246 -0.063202 0.093207 -0.016825 0.099638 0.087727 -0.014320 0.059174
0.317349 -0.131252 0.063942 0.142856 0.325979 0.148644 0.093047 0.367066 0.201011 0.060704 0.317996 0.725439 0.546672 0.636665 0.629182 1.000000 -0.522052 -0.162791 -0.018351 0.194262 0.600949 0.411015 0.019478 0.186617 -0.106847 -0.186548 0.324874 0.338318 0.001674 0.044533 -0.108846 -0.095815 -0.326210 -0.291138 -0.273585 -0.102190 -0.489028 -0.377706 -0.441973 -0.255156 -0.313471 -0.351095 -0.179158 -0.072983 0.047295 -0.217721 -0.068135 -0.220275 0.332372 0.126351 -0.176325 0.322443 0.389172 0.338219 -0.045877 -0.086898 -0.226503 -0.268104 0.366478 0.178639 0.308268 0.487785 -0.412912 0.048057 -0.160065 0.057619 -0.188348 -0.300190 -0.041290 -0.128891 0.460769 0.437542 -0.218799 0.207386 -0.254905 0.071033 -0.259209 -0.219068 -0.294037 -0.431454 -0.508617 -0.479814 0.282902 0.214754 -0.238222 -0.306119 -0.027593 0.163180 -0.018484 0.349566 0.149208 0.157388 0.062458 -0.126834 -0.073269 -0.443204 0.042568 -0.304758 0.337759 -0.192902 -0.089470 -0.210087 -0.117011 -0.006337 -0.119644 -0.143996 -0.173781 0.184677 -0.075744 -0.296134 -0.304119 -0.317853 -0.110300 0.142833 0.019137 -0.031632
-0.172296 0.476762 -0.325337 -0.228310 -0.307381 -0.283629 -0.072795 -0.231933 -0.352133 -0.188922 0.228775 -0.339007 -0.263494 -0.363331 -0.185537 -0.522052 1.000000 0.433508 0.259782 0.282477 -0.480386 -0.275909 0.138185 0.021295 -0.212137 -0.001094 -0.446842 -0.344144 0.562534 0.314091 0.102561 0.215011 0.342326 0.268979 0.144291 0.241097 0.469177 0.506792 0.166705 0.087122 0.442192 0.539803 -0.437409 -0.504374 -0.333755 -0.072152 -0.305835 -0.156532 -0.498599 -0.479567 -0.225067 -0.443072 -0.365222 0.024774 -0.148752 -0.222283 0.394385 0.623009 -0.587769 -0.313985 -0.443469 -0.322044 0.294415 -0.012558 -0.050827 -0.331131 -0.237595 0.026656 0.450069 0.419036 -0.346026 -0.339022 0.456589 0.115278 0.577988 0.221288 0.359211 0.313295 0.596281 0.567856 0.783958 0.629088 0.260861 0.367671 0.422379 0.251151 -0.046310 0.213070 -0.349804 -0.360915 0.069121 0.186130 0.181458 0.374159 0.125221 0.498602 -0.349451 0.297873 -0.334953 0.331633 0.193526 0.372168 0.240235 0.142447 0.303616 0.364340 0.121382 -0.057116 0.209438 0.272871 0.090014 0.275833 0.130865 0.101226 0.049997 0.201255
-0.212920 0.122295 -0.322867 -0.399916 -0.192218 -0.319133 -0.213681 -0.228086 -0.224595 -0.185453 -0.103240 -0.116728 -0.345711 -0.077281 -0.101149 -0.162791 0.433508 1.000000 0.309919 0.217851 -0.217820 -0.168008 -0.348521 -0.227024 -0.315859 -0.198827 -0.451328 -0.176891 0.419289 0.612236 0.158088 0.220223 0.097097 0.179820 -0.221379 -0.084274 0.360996 0.696799 0.091721 0.056000 0.550036 0.610770 -0.225598 -0.286179 -0.458171 -0.257073 -0.163224 0.021236 -0.481979 -0.404596 -0.491585 -0.313222 -0.437552 -0.218316 -0.395117 -0.200588 0.272294 0.326796 -0.355749 -0.007660 -0.284343 -0.111451 0.412713 0.254818 -0.066783 -0.280245 -0.042812 0.059423 0.292199 0.262002 0.153184 -0.049206 0.677408 0.584044 0.727642 0.450208 0.526374 0.603663 0.348347 0.513616 0.382189 0.636295 0.152142 0.273665 0.051963 0.074706 0.151172 -0.016321 -0.290759 -0.328033 0.114541 0.103804 0.256455 0.192872 0.495125 0.480270 -0.082340 0.296107 0.023562 0.431595 0.189712 0.234215 0.292283 0.101601 0.059492 0.141716 0.156708 0.237787 0.471043 0.450684 0.114380 0.423635 0.337506 0.371208 0.530138 0.322619
0.172322 0.532308 0.190086 -0.245649 -0.179133 -0.447244 0.315524 -0.324686 0.005151 -0.231083 0.008104 -0.389134 -0.017315 -0.299037 0.243711 -0.018351 0.259782 0.309919 1.000000 0.346837 -0.330493 -0.364999 -0.075735 -0.211799 -0.595129 -0.288360 -0.406588 -0.360663 0.467582 0.398424 0.351213 0.152189 0.197048 0.202600 -0.156591 -0.209748 0.415315 0.313922 0.021072 -0.305458 0.310509 0.259990 -0.329941 -0.286617 -0.376453 -0.400873 -0.186461 -0.090437 -0.454026 -0.553541 -0.284644 -0.430605 -0.358205 -0.246444 0.015756 -0.195380 0.369123 0.685818 -0.240392 -0.229798 0.124607 -0.420279 0.159669 0.276529 -0.022119 -0.354708 0.093654 0.057143 0.635000 0.434066 0.046689 -0.094764 0.445762 0.416540 0.558498 0.508485 0.328487 0.305150 0.334403 0.332974 0.361846 0.470728 0.449000 0.509856 0.108226 -0.058499 0.191418 -0.049775 -0.055501 -0.534749 0.121543 0.105085 -0.006479 0.290141 -0.219710 0.351260 0.008742 0.162109 -0.135638 0.216354 -0.081849 0.268735 0.260792 0.285976 -0.076253 0.253742 0.072133 0.151957 0.253991 0.339589 0.070857 0.359460 0.212742 0.163266 0.093647 0.134765
0.201220 0.282485 -0.324056 -0.386953 -0.216745 -0.190283 0.053978 -0.163981 -0.381734 -0.131255 0.118755 -0.086317 0.003348 -0.173715 -0.015156 0.194262 0.282477 0.217851 0.346837 1.000000 -0.044684 -0.004381 -0.253051 0.148232 -0.458126 -0.397482 -0.232851 -0.279697 0.480859 0.472979 0.159237 0.152487 -0.061220 -0.063642 -0.268555 -0.065841 0.066664 0.032880 -0.158553 -0.142120 0.041173 0.186887 -0.473602 -0.472518 -0.152751 -0.060443 -0.314470 -0.155339 -0.347397 -0.235680 -0.631181 -0.163604 -0.044340 0.275875 -0.305799 -0.315859 0.413783 0.389553 -0.109757 0.114473 -0.084750 -0.059529 0.188772 0.275047 -0.440404 -0.472052 -0.003344 0.136537 0.501485 0.671841 0.341822 0.185581 0.301741 0.273275 0.222897 0.062065 0.048050 0.146787 0.286332 0.023175 0.381148 0.323403 0.443586 0.518827 -0.093826 -0.167074 -0.028342 0.399174 -0.501061 -0.147480 0.195417 0.170876 -0.135499 0.098856 0.035126 0.180698 -0.270608 0.055009 -0.094564 -0.219207 -0.094655 0.255945 0.208962 0.497844 0.371043 0.559262 0.440583 0.430799 0.093712 0.246914 -0.057018 -0.093347 -0.253808 0.024376 0.158833 0.201938
-0.152180 -0.475647 -0.013033 0.294814 0.260667 0.418211 -0.058394 0.378827 0.040626 0.411378 -0.029811 0.277682 0.255143 0.310757 0.156150 0.600949 -0.480386 -0.217820 -0.330493 -0.044684 1.000000 0.643384 0.029598 0.403667 0.356618 0.332960 0.673338 0.625678 -0.426933 -0.228639 -0.159299 -0.034853 -0.351223 -0.317707 -0.129133 0.048019 -0.683911 -0.437154 -0.158933 0.014909 -0.580030 -0.334260 -0.085143 -0.079052 0.116508 0.083088 -0.338361 -0.305328 0.278390 0.253528 0.060617 0.322826 0.328445 0.092633 -0.090396 -0.288845 -0.323361 -0.392359 0.237582 0.393665 -0.070151 0.273591 -0.333441 -0.128971 -0.294332 0.063503 0.093860 0.141245 -0.078983 -0.032726 0.541478 0.492842 -0.416765 0.009630 -0.561016 -0.438704 -0.648749 -0.456323 -0.421171 -0.510089 -0.342189 -0.519544 -0.072081 -0.101440 -0.208035 -0.065699 0.011662 0.144282 -0.125496 0.327663 0.115881 -0.017129 0.061924 -0.021124 0.158644 -0.310551 -0.073480 -0.069212 0.170119 -0.399857 0.166221 0.054005 -0.028931 0.259872 0.203862 0.124344 0.069207 0.331514 -0.088647 -0.145498 0.011762 -0.411942 -0.269199 -0.037662 0.103331 0.090123
0.109998 -0.024475 -0.252459 0.346521 0.084208 0.188800 -0.243216 0.316640 -0.274102 0.013625 0.199395 0.361133 0.217082 0.351987 0.191422 0.411015 -0.275909 -0.168008 -0.364999 -0.004381 0.643384 1.000000 0.171624 0.453589 0.380943 0.386213 0.598340 0.686923 -0.249919 -0.119375 -0.006323 0.142095 -0.179006 -0.204704 -0.070244 0.101024 -0.447571 -0.247457 -0.152207 0.069606 -0.166666 -0.226606 -0.191515 -0.240960 -0.067598 0.040518 -0.239246 0.019949 -0.072117 -0.018375 -0.263288 0.088696 0.154558 0.241873 0.009302 -0.003785 -0.001493 -0.109655 0.066331 0.234762 -0.182500 0.115836 -0.129685 0.005108 -0.276005 -0.190927 -0.236391 -0.088420 -0.006595 -0.035658 0.258280 0.355912 -0.372228 -0.112180 -0.454898 -0.297338 -0.563556 -0.235394 -0.198067 -0.405749 -0.066113 -0.226598 0.192120 -0.023734 -0.062910 0.289932 0.075079 0.268729 -0.075910 0.399299 -0.065894 -0.098715 -0.197029 -0.292148 0.223835 -0.320346 0.180862 0.152138 0.334052 -0.345609 -0.073788 -0.055304 -0.139008 0.054187 0.126003 -0.012550 -0.014596 0.108406 0.004480 -0.020343 0.332567 -0.376164 -0.419064 -0.131650 0.073048 0.002750
-0.084050 0.283679 0.225805 0.621091 -0.111788 -0.042561 0.027228 0.134854 -0.194724 -0.014612 0.164521 0.096152 -0.147272 -0.022579 0.112113 0.019478 0.138185 -0.348521 -0.075735 -0.253051 0.029598 0.171624 1.000000 0.413962 0.305007 0.536530 0.211591 0.269640 -0.110862 -0.153328 0.335527 0.461456 0.317520 0.390479 0.680333 0.538935 0.164907 -0.070444 0.030712 -0.176326 0.062333 0.079250 0.124248 0.006563 0.278925 0.200183 0.104327 -0.117739 -0.078929 -0.027994 0.263383 -0.250790 -0.215887 0.106630 0.150148 0.314803 0.005193 0.091921 -0.378479 -0.581808 -0.355081 -0.265968 -0.270168 -0.374204 0.506422 0.016425 -0.571122 -0.246606 -0.079860 -0.224191 -0.422515 -0.045183 -0.251512 -0.321433 0.005100 -0.103069 -0.006791 0.032008 0.245487 0.321914 0.094855 0.005244 0.180723 0.204118 0.640095 0.474795 0.037330 0.097894 0.374470 -0.092434 -0.420173 -0.339510 -0.085970 -0.188876 -0.288050 -0.054399 0.079696 0.077387 -0.226525 -0.061098 -0.324954 -0.399628 -0.343284 -0.405284 -0.158953 -0.301733 -0.390961 -0.547665 -0.260624 -0.304424 0.140189 -0.405590 -0.264551 0.069511 -0.398803 -0.050451
-0.345247 -0.125368 0.050176 0.631644 0.029382 0.378272 0.111737 0.512058 -0.262005 0.370363 0.115502 0.097569 -0.172746 -0.011651 -0.231192 0.186617 0.021295 -0.227024 -0.211799 0.148232 0.403667 0.453589 0.413962 1.000000 0.347804 0.527924 0.328319 0.485160 -0.426969 -0.332257 -0.026917 0.230050 -0.240394 -0.164231 0.324040 0.391342 -0.197874 -0.173560 -0.129283 -0.101459 -0.238930 -0.265040 -0.144141 -0.299673 0.212841 0.335809 -0.369743 -0.417772 -0.042694 0.169837 0.085658 0.022679 -0.086327 0.148160 -0.246517 -0.173006 -0.050481 -0.161422 -0.449931 -0.147950 -0.537504 0.078480 -0.253366 -0.501098 0.111376 0.085616 -0.325653 0.245921 -0.100432 0.129812 0.193636 0.075767 -0.419488 -0.171308 -0.287375 -0.252885 -0.446736 -0.193852 -0.018187 -0.007803 0.009772 -0.109747 -0.082876 -0.048043 0.284547 0.261140 -0.090130 0.286999 0.094505 0.107135 -0.132983 -0.249661 0.259085 0.080118 -0.019440 -0.174837 -0.387536 0.004357 -0.320948 -0.427435 0.070499 -0.096026 -0.118477 0.055735 0.075668 0.207919 -0.011227 -0.086034 -0.145526 -0.183365 -0.105447 -0.533061 -0.602200 -0.065823 -0.167777 -0.096029
-0.407794 -0.332657 -0.043894 0.413343 0.105699 0.438254 -0.441121 0.226204 0.023402 0.185141 -0.017169 0.072713 -0.085017 0.121473 -0.181201 -0.106847 -0.212137 -0.315859 -0.595129 -0.458126 0.356618 0.380943 0.305007 0.347804 1.000000 0.623617 0.633459 0.708800 -0.566491 -0.487651 -0.179016 -0.049327 -0.125989 -0.146176 0.281744 0.137489 -0.277838 -0.246952 0.354223 0.461128 -0.187579 -0.246604 0.239689 0.158967 0.117544 0.196390 0.057125 -0.159937 0.188694 0.200468 0.398669 0.207598 0.275211 -0.084227 0.236718 0.165578 -0.339391 -0.312855 0.014964 0.146952 -0.296367 -0.051428 -0.388148 -0.470593 -0.014899 0.190498 -0.078901 0.051865 -0.314299 -0.364015 -0.052877 0.181018 -0.442593 -0.329956 -0.498802 -0.535090 -0.367533 -0.171586 -0.106429 -0.071980 -0.197219 -0.291422 -0.329161 -0.465914 -0.110308 0.183796 0.239972 0.163204 0.196676 0.428763 -0.096514 -0.107254 0.140400 -0.143436 0.120958 -0.413988 0.131332 -0.120538 0.086229 -0.233898 0.265486 -0.089185 -0.301950 -0.191195 0.015127 -0.093201 -0.105645 -0.288311 -0.398509 -0.356093 0.098808 -0.370827 -0.239891 -0.199777 -0.234757 -0.045872
-0.571197 -0.161000 0.145266 0.675606 -0.234861 0.185006 0.008978 0.277523 -0.202322 0.325228 -0.258069 -0.222451 -0.357543 -0.180508 -0.339179 -0.186548 -0.001094 -0.198827 -0.288360 -0.397482 0.332960 0.386213 0.536530 0.527924 0.623617 1.000000 0.347515 0.524096 -0.485041 -0.324142 0.286825 0.506667 0.036667 0.315360 0.631746 0.581317 -0.162011 -0.162921 0.103631 0.068580 -0.094498 -0.084381 0.147852 0.019213 0.286496 0.476786 -0.227927 -0.140973 -0.141129 0.228464 0.270856 -0.044377 -0.315107 -0.212755 -0.118346 0.095874 -0.199606 -0.152125 -0.379728 -0.142259 -0.601365 -0.327673 -0.160063 -0.579696 0.317049 0.114095 -0.125641 0.403785 -0.179512 -0.176045 -0.288772 -0.014940 -0.346153 -0.410964 -0.247557 -0.434567 -0.381354 -0.165629 -0.038253 0.102464 0.033917 -0.020381 -0.127648 -0.028298 0.406436 0.637049 0.262712 0.310176 0.251818 0.069722 -0.429423 -0.510115 -0.084491 -0.225165 -0.117407 -0.152411 -0.192951 0.023658 -0.294470 -0.293416 0.028050 -0.169745 -0.076186 -0.201958 -0.062326 -0.129122 -0.155404 -0.269943 -0.181804 -0.292111 0.211142 -0.467746 -0.400028 -0.159709 -0.246842 -0.022723
-0.048903 -0.383627 0.034341 0.397074 0.407971 0.627334 -0.388013 0.285253 0.110634 0.343282 0.097779 0.271495 0.181775 0.260010 0.105479 0.324874 -0.446842 -0.451328 -0.406588 -0.232851 0.673338 0.598340 0.211591 0.328319 0.633459 0.347515 1.000000 0.802794 -0.502413 -0.572529 -0.248140 -0.135103 -0.312593 -0.500717 -0.054645 -0.151251 -0.524694 -0.334564 0.180304 0.414977 -0.481568 -0.399929 0.072783 0.071324 0.015434 -0.087972 -0.016347 -0.054546 0.329834 0.170370 0.305665 0.335727 0.553984 0.229019 0.289680 0.027230 -0.312637 -0.314553 0.335159 0.411977 -0.086874 0.246514 -0.672244 -0.320312 -0.070948 0.244604 0.007031 -0.149278 -0.122997 -0.254632 0.178010 0.303045 -0.690835 -0.261837 -0.619069 -0.563890 -0.615970 -0.490233 -0.371418 -0.387159 -0.422866 -0.642365 -0.079913 -0.308617 -0.254802 -0.074251 -0.011034 0.132990 0.118014 0.407914 -0.037413 -0.077724 0.017649 -0.149062 0.114509 -0.416881 0.184372 -0.105195 0.066406 -0.397628 0.064967 -0.151112 -0.429549 -0.040669 0.061591 0.059905 -0.116432 0.005551 -0.330397 -0.173642 0.143627 -0.310262 -0.316053 -0.217244 -0.111306 -0.021766
-0.172292 -0.280555 -0.087361 0.418815 0.193328 0.405871 -0.419351 0.323565 -0.007400 0.155760 0.172952 0.321620 0.124916 0.363229 0.205708 0.338318 -0.344144 -0.176891 -0.360663 -0.279697 0.625678 0.686923 0.269640 0.485160 0.708800 0.524096 0.802794 1.000000 -0.442283 -0.370643 -0.091548 0.044416 -0.255020 -0.304355 0.078357 0.101721 -0.428433 -0.193549 0.136080 0.332824 -0.155977 -0.291263 -0.118303 -0.160210 -0.113958 -0.054354 -0.211088 -0.269230 0.079430 -0.004330 0.061980 0.206068 0.262066 0.082084 0.129711 -0.033342 -0.145467 -0.190170 0.129283 0.288709 -0.223119 0.111631 -0.495718 -0.357708 -0.051689 0.125326 -0.172696 -0.092687 -0.039248 -0.197106 0.197674 0.281504 -0.499855 -0.047371 -0.394402 -0.312776 -0.472546 -0.226959 -0.206745 -0.236171 -0.270139 -0.403973 0.083407 -0.233304 -0.156533 0.124211 0.278615 0.218807 0.210091 0.473282 -0.158228 -0.116324 0.151558 -0.070298 0.213025 -0.322342 0.163091 0.066482 0.130418 -0.291996 0.153374 -0.062954 -0.223579 -0.099550 -0.030510 -0.042990 -0.092358 -0.050727 -0.089594 -0.144712 0.242345 -0.422643 -0.391175 -0.053210 0.014044 0.092607
0.296018 0.555605 -0.445214 -0.658224 -0.246534 -0.627742 -0.048400 -0.494420 -0.205439 -0.573781 0.403057 -0.041458 0.225759 -0.032089 0.406102 0.001674 0.562534 0.419289 0.467582 0.480859 -0.426933 -0.249919 -0.110862 -0.426969 -0.566491 -0.485041 -0.502413 -0.442283 1.000000 0.719647 0.250493 0.083057 0.311018 0.267406 -0.211199 -0.065837 0.413245 0.416996 0.006475 -0.105261 0.572398 0.546647 -0.466060 -0.353497 -0.406003 -0.368459 -0.107375 0.086326 -0.383405 -0.588483 -0.580352 -0.365551 -0.098211 0.242954 0.147609 -0.083929 0.309958 0.627751 -0.090342 -0.209912 0.214027 -0.207488 0.313081 0.500880 -0.245956 -0.569191 -0.247837 -0.312383 0.517744 0.343838 -0.138484 -0.102066 0.710041 0.365586 0.639788 0.506035 0.543731 0.393809 0.405767 0.264395 0.452650 0.499820 0.686217 0.641950 0.131730 -0.040961 0.200919 0.176022 -0.292070 -0.172874 0.182641 0.412539 -0.162609 0.192021 0.018837 0.387329 -0.009115 0.237742 0.208141 0.356028 -0.049186 0.272703 0.305215 0.166277 0.152043 0.149025 0.117568 0.111620 0.293098 0.289080 0.124708 0.339884 0.205811 0.212983 0.162970 0.156913
0.117754 0.433156 -0.524822 -0.638061 -0.597222 -0.823075 -0.150655 -0.571107 -0.509710 -0.625797 -0.019836 -0.138993 -0.105745 -0.095678 0.177553 0.044533 0.314091 0.612236 0.398424 0.472979 -0.228639 -0.119375 -0.153328 -0.332257 -0.487651 -0.324142 -0.572529 -0.370643 0.719647 1.000000 0.577807 0.427682 0.440235 0.530286 -0.064048 0.066195 0.507181 0.428077 0.025998 -0.230236 0.604658 0.653579 -0.197717 -0.235543 -0.168300 -0.165827 -0.032916 0.068434 -0.512680 -0.453662 -0.676517 -0.388287 -0.374434 0.043506 -0.108680 0.058936 0.382338 0.481831 -0.230044 -0.266227 0.043456 -0.389412 0.565720 0.641806 -0.286712 -0.772818 -0.207233 -0.092912 0.347579 0.247844 0.134393 0.313800 0.867696 0.523094 0.617992 0.466907 0.559801 0.711848 0.483412 0.348420 0.423977 0.636888 0.527621 0.658281 0.096784 0.152569 0.383470 0.151530 -0.362400 -0.330973 0.049014 0.246639 -0.217499 0.056220 0.162740 0.485938 0.143734 0.392357 0.235182 0.369974 -0.051179 0.218012 0.393549 0.240833 0.130231 0.016263 0.309632 0.145112 0.372029 0.339983 0.254786 0.159520 0.083320 0.370477 0.331457 0.257035
-0.023080 0.375174 -0.159224 -0.068582 -0.706753 -0.650597 0.002206 -0.364965 -0.468360 -0.333300 -0.190815 -0.343298 -0.364468 -0.284298 -0.029310 -0.108846 0.102561 0.158088 0.351213 0.159237 -0.159299 -0.006323 0.335527 -0.026917 -0.179016 0.286825 -0.248140 -0.091548 0.250493 0.577807 1.000000 0.846013 0.376461 0.704821 0.398267 0.374740 0.511311 0.131048 0.048076 -0.418914 0.495834 0.430799 0.071328 -0.019165 0.163051 0.165885 -0.028940 0.170264 -0.528182 -0.204217 -0.348913 -0.422643 -0.519312 -0.119665 -0.131697 0.248381 0.282758 0.390330 -0.309842 -0.425693 -0.146551 -0.624418 0.236608 0.211357 0.221588 -0.533378 -0.207874 0.158368 0.227482 -0.009528 -0.147723 0.242482 0.420349 0.135929 0.370179 0.210379 0.353539 0.538924 0.234282 0.344394 0.264759 0.475318 0.453521 0.678818 0.333576 0.560441 0.470248 0.350615 0.055409 -0.325297 -0.422505 -0.224400 -0.462325 -0.260422 -0.323710 0.249561 0.028428 0.210541 -0.147988 -0.061265 -0.302579 -0.167405 0.171747 -0.070461 -0.191679 -0.261347 -0.016874 -0.265508 0.097751 0.066765 0.372969 -0.283367 -0.378966 -0.002118 -0.107345 -0.050655
-0.210115 0.214178 -0.159135 0.215861 -0.647281 -0.409103 -0.081733 -0.133756 -0.567258 -0.096090 -0.322603 -0.225283 -0.576978 -0.251339 -0.235438 -0.095815 0.215011 0.220223 0.152189 0.152487 -0.034853 0.142095 0.461456 0.230050 -0.049327 0.506667 -0.135103 0.044416 0.083057 0.427682 0.846013 1.000000 0.311339 0.683935 0.602764 0.622512 0.353800 0.135345 -0.020594 -0.255766 0.373727 0.367153 0.085879 -0.095265 0.241210 0.322113 -0.050243 0.089250 -0.550154 -0.055327 -0.266932 -0.398712 -0.628845 -0.075913 -0.359680 0.218336 0.280295 0.226217 -0.474456 -0.444888 -0.523482 -0.500919 0.109108 -0.160727 0.340668 -0.349355 -0.279483 0.218392 0.123018 0.030727 -0.271631 0.114333 0.264030 -0.077190 0.378109 0.016773 0.170986 0.466312 0.366684 0.482432 0.308027 0.449181 0.321919 0.616699 0.514011 0.694766 0.335570 0.499140 0.006726 -0.396219 -0.592374 -0.470656 -0.332114 -0.366447 -0.062123 0.224114 -0.088611 0.249208 -0.411464 -0.058604 -0.265515 -0.264537 -0.020322 -0.160638 -0.130394 -0.163983 -0.105370 -0.200367 0.060459 0.053610 0.314401 -0.297049 -0.330134 0.176897 -0.065211 0.040816
0.137308 0.560335 -0.209433 -0.234212 -0.631970 -0.702161 -0.205504 -0.667557 -0.540030 -0.695290 -0.101254 -0.335732 -0.170126 -0.263198 0.056479 -0.326210 0.342326 0.097097 0.197048 -0.061220 -0.351223 -0.179006 0.317520 -0.240394 -0.125989 0.036667 -0.312593 -0.255020 0.311018 0.440235 0.376461 0.311339 1.000000 0.676153 0.532208 0.265851 0.610645 0.265952 0.178284 0.081886 0.421112 0.342787 0.078181 -0.079775 0.122869 -0.036341 0.221181 0.048366 -0.320963 -0.328444 -0.050325 -0.297564 -0.329312 0.148617 0.363441 0.414536 0.424264 0.434700 -0.282576 -0.502003 -0.008502 -0.496781 0.381345 0.306100 0.050796 -0.478590 -0.214424 -0.284567 0.056091 -0.034213 -0.472060 0.102775 0.299206 -0.172982 0.303734 0.094887 0.227601 0.392877 0.643722 0.440050 0.399683 0.385629 0.288005 0.252557 0.479300 0.398668 0.249601 -0.179163 0.021404 -0.416932 -0.380342 -0.087776 -0.305596 -0.055273 -0.047912 0.443383 0.448596 0.561941 -0.107404 0.462348 -0.212481 0.000856 -0.084743 -0.030995 -0.010577 -0.035746 0.146632 -0.305703 0.103019 0.268138 0.482989 0.230047 0.111330 0.371153 0.092604 0.428700
-0.137317 0.329565 -0.042541 -0.005048 -0.715474 -0.736146 0.136703 -0.318431 -0.357087 -0.412019 -0.296731 -0.353721 -0.309265 -0.191572 -0.067142 -0.291138 0.268979 0.179820 0.202600 -0.063642 -0.317707 -0.204704 0.390479 -0.164231 -0.146176 0.315360 -0.500717 -0.304355 0.267406 0.530286 0.704821 0.683935 0.676153 1.000000 0.669200 0.632930 0.535669 0.107589 -0.013964 -0.252785 0.538287 0.448114 0.150412 0.052314 0.206897 0.339582 0.067030 0.156071 -0.542441 -0.203776 -0.171878 -0.559072 -0.694829 -0.257034 -0.088035 0.306146 0.205385 0.255842 -0.417061 -0.655104 -0.153995 -0.562481 0.402797 0.062034 0.294003 -0.357381 -0.238443 0.093863 0.055489 0.037771 -0.451112 -0.007820 0.478795 -0.157004 0.449357 0.133152 0.361712 0.524499 0.441679 0.460817 0.425019 0.557867 0.295550 0.435802 0.611653 0.569070 0.317031 0.090854 0.222850 -0.465402 -0.484274 -0.318451 -0.399104 -0.237811 -0.192890 0.253667 0.102496 0.290694 -0.211683 0.173776 -0.240240 -0.144045 0.075410 -0.158101 -0.163750 -0.269242 -0.054205 -0.287671 -0.038045 -0.016258 0.382686 -0.038969 -0.060000 0.207952 -0.095604 0.076082
-0.304413 0.077010 0.104973 0.449877 -0.509040 -0.212952 -0.011486 -0.072580 -0.359298 -0.085891 -0.321184 -0.238595 -0.450022 -0.213563 -0.267084 -0.273585 0.144291 -0.221379 -0.156591 -0.268555 -0.129133 -0.070244 0.680333 0.324040 0.281744 0.631746 -0.054645 0.078357 -0.211199 -0.064048 0.398267 0.602764 0.532208 0.669200 1.000000 0.786970 0.298729 -0.087042 -0.016278 -0.056627 0.167147 0.005408 0.312153 0.112058 0.515032 0.536434 0.165187 -0.081458 -0.218604 0.178310 0.263785 -0.268308 -0.487326 -0.075271 0.037881 0.358183 0.115530 -0.032816 -0.428223 -0.614890 -0.402064 -0.353262 -0.065172 -0.502013 0.544166 0.068402 -0.291980 0.095693 -0.250732 -0.169065 -0.621196 -0.158736 -0.120190 -0.585294 0.086792 -0.243842 -0.059910 0.124852 0.369972 0.418113 0.156459 0.137595 0.009563 0.103396 0.721533 0.670312 0.184238 0.130803 0.422754 -0.281971 -0.729587 -0.600218 -0.167819 -0.287598 -0.158757 0.070474 0.025524 0.236354 -0.529828 0.031600 -0.180611 -0.366979 -0.316164 -0.352226 -0.234861 -0.186063 -0.232781 -0.430627 -0.205630 -0.145735 0.233260 -0.204150 -0.187051 0.272864 -0.254874 0.066490
-0.210180 -0.028187 -0.072526 0.369747 -0.472938 -0.238937 0.101269 0.165613 -0.285456 -0.007473 -0.126001 -0.058072 -0.236831 0.039980 -0.114638 -0.102190 0.241097 -0.084274 -0.209748 -0.065841 0.048019 0.101024 0.538935 0.391342 0.137489 0.581317 -0.151251 0.101721 -0.065837 0.066195 0.374740 0.622512 0.265851 0.632930 0.786970 1.000000 0.075640 -0.225940 -0.300313 -0.232853 0.172515 0.054377 -0.064117 -0.184704 0.335901 0.636300 -0.254996 -0.171631 -0.343082 0.106437 -0.090225 -0.340067 -0.548566 -0.143593 -0.299508 -0.038871 0.191069 -0.037704 -0.355805 -0.465159 -0.379061 -0.190778 0.051784 -0.473591 0.308004 0.030441 -0.272203 0.227964 -0.000511 0.149913 -0.398354 -0.188855 -0.014561 -0.411280 0.155162 -0.186375 -0.098250 0.098895 0.236767 0.201389 0.308053 0.169782 0.151986 0.232572 0.638283 0.610845 0.116224 0.325272 0.255911 -0.132233 -0.594906 -0.490650 -0.175853 -0.212118 -0.034197 0.057364 -0.244114 0.228805 -0.475767 -0.188498 -0.098899 -0.185349 -0.067151 -0.166735 -0.072577 -0.099202 -0.179388 -0.166318 0.003118 -0.074187 0.265678 -0.363262 -0.282640 0.209482 -0.091867 0.094477
