1.000000 0.406035 0.167691 -0.002294 0.019550 -0.307676 0.196627 0.157370 -0.161565 -0.562597 0.023415 0.125930 0.249564 0.204080 -0.239235 -0.063081 0.070593 -0.101215 -0.086367 -0.069290 -0.588006 -0.242841 -0.326624 -0.083361 -0.402554 -0.432040 -0.365228 -0.162981 -0.447588 -0.484747 -0.534725 -0.412392 0.265845 0.321646 -0.136771 -0.201497 -0.245625 -0.383613 -0.347439 -0.451891 -0.356453 -0.228018 -0.138071 -0.037401 0.003153 -0.098940 -0.337399 -0.034238 0.062105 -0.132155 0.160723 -0.248711 -0.428414 -0.338820 -0.099981 -0.387507 0.281575 0.139609 0.406819 0.284762 0.722803 0.295579 0.389061 0.136285 0.200975 0.031636 0.376233 0.278278 0.330973 -0.181458 -0.274871 -0.377836 -0.235374 -0.259076 -0.184847 -0.384517 -0.064166 0.075182 0.044046 -0.023352 0.098753 0.011629 -0.402457 -0.335710 -0.397693 -0.254131 -0.316831 -0.339261 -0.252641 0.241437 0.062383 0.141059 -0.153284 -0.028994 -0.171838 -0.180078 0.153277 -0.161378 0.086626 0.142960 0.427277 0.476410 0.167938 0.415755 0.231975 0.018225 0.149488 0.166398 0.013483 -0.109676 -0.082840 0.027992 0.269977 0.091266 -0.303999 -0.115824
0.406035 1.000000 -0.068762 -0.211033 -0.192785 -0.358025 0.013723 -0.115628 -0.297794 -0.201926 0.108334 -0.078845 -0.076159 -0.061490 -0.292988 -0.167818 -0.007621 -0.046830 0.119185 0.307359 -0.262097 -0.333002 -0.272509 0.230074 -0.117680 -0.241220 -0.413794 -0.382870 -0.370238 -0.182561 -0.343904 -0.191683 -0.061666 0.012836 0.014157 0.006161 -0.220067 -0.217427 -0.179020 -0.070851 -0.419594 -0.134488 0.019886 0.015895 -0.021546 -0.032428 -0.129859 0.063175 0.288002 -0.111132 0.243827 0.149586 0.152250 0.012722 -0.363456 -0.374133 0.022790 0.360277 0.143733 0.507390 0.091100 0.200227 -0.044575 0.295818 -0.080095 -0.257441 0.548216 0.462945 0.380392 0.191793 0.095674 -0.268532 -0.216108 -0.023249 0.019337 -0.109133 0.093095 -0.026362 -0.358003 -0.149940 -0.169415 -0.331011 -0.053950 0.041202 -0.147592 -0.370890 0.004662 -0.071831 -0.204295 -0.226476 0.156996 0.086302 -0.098653 0.091246 -0.050860 -0.206091 -0.032303 -0.189567 0.363365 0.159209 0.323349 0.131159 0.520158 0.181414 0.257048 -0.011887 -0.077040 -0.190529 -0.194458 -0.267977 0.000671 0.291501 0.354207 0.296088 0.081547 0.186095
0.167691 -0.068762 1.000000 0.796746 -0.048031 -0.374362 0.849799 0.776808 0.263406 -0.232439 0.295546 0.150324 0.469632 0.148351 0.051172 -0.216019 0.208524 0.258018 0.521292 -0.103416 -0.113426 -0.070128 0.589452 0.294416 -0.124563 -0.184410 -0.202162 -0.093634 0.298022 0.263173 0.371674 0.404060 0.336810 0.181920 -0.381077 -0.414792 -0.276289 0.049498 0.103529 0.077321 0.243753 0.198686 -0.399737 -0.457986 -0.356100 -0.548731 -0.318747 -0.415935 -0.350962 -0.405880 -0.065062 -0.111868 -0.275942 -0.560832 -0.163244 -0.278993 -0.362608 -0.247801 -0.582038 -0.092510 -0.005425 -0.356793 0.432096 -0.035888 0.219320 -0.334908 -0.083961 -0.326030 0.229528 -0.293668 0.548435 0.552085 0.565150 0.431138 0.413394 0.373328 0.295471 0.286558 0.127154 0.103192 -0.051213 0.219039 0.051632 0.031485 0.043351 -0.005984 0.078943 -0.077107 0.171838 0.169170 -0.495309 -0.494078 -0.305934 -0.239184 0.296232 0.082725 0.085202 0.097334 -0.117653 -0.095272 0.300415 0.434191 0.557941 0.486716 -0.021979 -0.113715 0.123589 0.174783 0.121034 0.201066 -0.051079 -0.144461 0.192161 0.253524 0.342605 0.165473
-0.002294 -0.211033 0.796746 1.000000 0.118211 -0.156492 0.762637 0.900858 0.252314 -0.202350 0.373024 0.359906 0.491192 0.431275 0.138246 -0.033817 0.002268 0.212671 0.310975 -0.348132 -0.033616 -0.079366 0.561560 0.290012 -0.075609 -0.010849 0.062760 0.128276 0.239592 0.282559 0.434113 0.390737 0.225631 0.121206 -0.272640 -0.258566 -0.395706 0.126199 0.071504 0.033586 0.127557 0.199421 -0.163858 -0.190434 -0.180700 -0.267257 -0.146310 -0.170481 -0.210545 -0.136766 -0.296145 -0.009585 -0.393402 -0.373881 -0.245895 -0.141661 -0.487686 -0.600323 -0.549436 -0.346461 -0.267167 -0.434282 0.141669 -0.424738 0.156382 -0.132236 -0.298799 -0.205314 0.012741 -0.323691 0.525947 0.602446 0.366440 0.389804 0.233887 0.430058 0.265211 0.275873 0.155991 0.069107 -0.057808 -0.014529 -0.144872 -0.016532 -0.034505 0.233408 0.152802 0.051316 0.177607 0.201132 -0.489585 -0.300091 -0.054800 -0.113090 0.295882 0.120911 0.037300 0.170672 -0.170404 -0.205405 0.154216 0.063649 0.409157 0.263681 -0.056990 -0.105806 -0.164227 0.014952 -0.069195 0.129184 0.123657 -0.377340 0.133202 -0.001659 0.124217 0.034807
0.019550 -0.192785 -0.048031 0.118211 1.000000 0.309731 -0.024332 0.039892 0.411489 -0.129335 -0.072936 0.099941 -0.130299 0.271477 0.369180 0.516891 -0.142656 -0.068686 -0.163412 -0.001769 0.229349 0.168974 -0.112709 0.036683 0.178850 0.252502 0.521169 0.284416 0.071302 0.120351 0.203581 -0.012323 -0.045718 -0.084487 -0.120783 -0.149928 -0.179292 -0.153544 -0.059430 -0.326736 -0.195766 -0.041792 -0.026125 -0.063017 0.067764 -0.029801 -0.129942 -0.084891 0.209175 0.025985 0.257141 0.139265 -0.204472 0.245403 0.048333 0.054523 -0.241686 -0.190196 0.143027 0.049806 0.033367 0.195948 -0.270216 -0.362099 0.262772 0.294649 -0.045089 0.144805 -0.121450 0.022400 0.069008 0.022898 0.070898 0.106354 0.027901 0.021264 -0.228183 0.296754 -0.048939 -0.019516 -0.028498 -0.137651 -0.185778 0.175930 -0.285396 0.096646 0.145116 0.246453 -0.057721 0.300537 -0.333166 0.245277 0.133299 -0.113339 0.159037 -0.348321 -0.321096 -0.222771 -0.404135 -0.297649 -0.102760 -0.329109 -0.247423 -0.194962 -0.220440 -0.050099 -0.132965 -0.220075 -0.270611 0.012925 -0.014964 -0.430448 -0.132296 -0.526310 -0.174038 -0.409917
-0.307676 -0.358025 -0.374362 -0.156492 0.309731 1.000000 -0.542902 -0.189433 0.372857 0.585229 -0.462791 0.397668 -0.310985 0.226956 0.644880 0.370054 -0.274865 -0.006940 -0.430422 -0.447253 0.563405 0.507057 0.169201 0.129258 0.598454 0.653952 0.884266 0.692267 0.142921 0.064761 0.200516 -0.053351 -0.403998 -0.570966 0.302431 0.199440 0.286846 0.462494 0.454151 0.392126 0.027355 0.063253 -0.036734 0.041884 -0.092363 0.338970 -0.100839 -0.114028 -0.128780 0.018494 0.016264 -0.324153 0.204927 0.023507 -0.142027 0.067149 0.048202 -0.184235 0.227693 -0.082908 -0.275558 0.311795 -0.632085 -0.207596 0.158964 0.757389 -0.321098 0.145347 -0.466355 -0.108692 -0.311601 -0.074298 -0.282379 -0.201773 -0.067314 -0.036805 -0.083749 -0.147944 0.063540 0.300818 0.181543 0.020741 0.131094 0.190987 0.341328 0.408427 0.350001 0.486231 0.411159 0.385285 -0.219978 -0.184271 0.612759 0.065052 -0.105718 -0.081127 -0.059829 -0.332914 -0.208391 -0.260540 -0.029374 -0.490960 -0.592324 -0.546942 -0.389526 -0.309706 0.123622 0.116493 -0.142739 -0.212120 -0.028120 -0.281269 -0.187163 -0.040002 -0.205270 -0.154746
0.196627 0.013723 0.849799 0.762637 -0.024332 -0.542902 1.000000 0.744732 0.167022 -0.370511 0.506089 0.167461 0.621287 0.272913 -0.041499 -0.012657 0.288342 0.293257 0.413846 0.057882 -0.160894 -0.124752 0.399377 0.297745 -0.163325 -0.298123 -0.356387 -0.288733 0.226644 0.354541 0.321107 0.458324 0.484428 0.322260 -0.520083 -0.523118 -0.310747 -0.099922 -0.138695 -0.068224 0.262221 0.206421 -0.306278 -0.351701 -0.244394 -0.586960 -0.241046 -0.241052 -0.103527 -0.256803 -0.127382 0.107850 -0.334697 -0.428379 -0.033771 -0.295858 -0.365534 -0.225563 -0.552014 -0.263324 0.052944 -0.346365 0.493362 -0.089630 0.102741 -0.506269 -0.142216 -0.413667 0.119648 -0.217103 0.603101 0.582535 0.558326 0.535933 0.381441 0.462535 0.325101 0.250873 0.008838 -0.149824 -0.083904 0.072167 -0.087836 0.093731 -0.235346 0.001203 -0.127530 -0.171971 -0.124857 -0.006382 -0.427043 -0.331988 -0.431618 -0.390512 0.197037 0.004192 0.027334 0.034092 -0.017051 -0.120427 0.084290 0.369903 0.576919 0.459550 0.122078 0.003420 -0.047304 0.122916 0.105351 0.129229 -0.053826 -0.193019 0.103006 0.012116 0.283276 0.126050
0.157370 -0.115628 0.776808 0.900858 0.039892 -0.189433 0.744732 1.000000 0.224477 -0.266344 0.312954 0.419669 0.545318 0.504229 0.112669 -0.097496 -0.080232 0.189718 0.144377 -0.332543 0.035360 -0.012323 0.507798 0.342681 -0.006176 -0.000049 0.043416 0.219997 0.163719 0.187295 0.350854 0.280474 0.132893 0.006379 -0.271019 -0.296021 -0.337342 0.200764 0.185711 0.096597 0.020626 0.370635 -0.182172 -0.161946 -0.344950 -0.282767 -0.241263 -0.155423 -0.307944 -0.279279 -0.313033 -0.088576 -0.379452 -0.342494 -0.247587 -0.222729 -0.400924 -0.570682 -0.404592 -0.241239 -0.155434 -0.304788 0.108289 -0.280359 0.056947 -0.039890 -0.318649 -0.217292 0.059595 -0.292120 0.439436 0.549363 0.288198 0.398609 0.204733 0.313897 0.132452 0.303521 0.214908 0.012513 0.017147 0.012827 -0.145825 -0.108990 0.072233 0.128737 0.231051 0.148689 0.305872 0.292195 -0.495706 -0.345489 -0.005702 -0.114814 0.351267 0.046056 0.092038 0.084810 -0.323112 -0.183799 0.261800 0.026736 0.359398 0.234200 -0.168412 -0.229716 -0.048535 0.026813 -0.107099 0.123117 0.212453 -0.362685 0.205876 0.115058 0.134346 -0.046658
-0.161565 -0.297794 0.263406 0.252314 0.411489 0.372857 0.167022 0.224477 1.000000 0.364659 0.120771 0.222615 0.215506 0.151110 0.634222 0.441373 0.086549 0.148058 -0.076805 -0.176557 0.534629 0.350972 0.128650 0.049056 0.324004 0.044566 0.435978 0.297249 0.488943 0.507987 0.458632 0.444607 0.125741 0.017413 -0.287054 -0.377571 0.105951 0.412255 0.299620 0.092246 0.286558 0.409215 -0.140417 -0.215192 -0.066427 -0.166541 -0.142375 -0.217886 -0.246229 -0.152447 -0.069678 -0.291215 -0.060791 -0.285365 0.148204 -0.050718 -0.126241 -0.098129 -0.243010 -0.299726 -0.065549 -0.058626 0.051710 -0.179746 0.195115 0.055622 -0.259536 -0.247888 -0.161197 -0.080979 0.310749 0.327640 0.377932 0.290049 0.363068 0.295321 -0.007207 0.034176 -0.050535 -0.059916 0.273553 0.229368 0.076915 0.199402 0.064285 0.210946 0.057326 0.009156 0.288568 0.168974 -0.488785 -0.346530 -0.070960 -0.302178 0.166083 -0.198710 -0.005584 -0.463624 -0.368088 -0.707397 0.073785 -0.088177 -0.298687 -0.153272 -0.322924 -0.231208 0.018166 0.039698 -0.178724 -0.156104 0.039893 -0.619767 -0.373102 -0.242220 -0.098166 -0.428811
-0.562597 -0.201926 -0.232439 -0.202350 -0.129335 0.585229 -0.370511 -0.266344 0.364659 1.000000 -0.105883 0.065956 -0.198059 -0.164218 0.435543 0.130579 0.013192 0.074291 -0.205107 -0.152604 0.597450 0.521051 0.099269 0.062188 0.465756 0.358989 0.433059 0.394093 0.283776 0.279434 0.151732 0.184183 -0.403859 -0.396454 0.264671 0.204378 0.433965 0.497530 0.455159 0.476535 0.123047 0.180113 0.120593 0.083506 0.030710 0.316865 0.171973 0.032368 -0.229530 0.012355 -0.208006 -0.144745 0.502204 0.005572 -0.032429 0.063745 0.165691 0.015558 -0.084295 -0.167017 -0.495896 0.019155 -0.395718 0.046646 -0.250247 0.179156 -0.237510 -0.050836 -0.186736 0.189111 0.004470 0.058139 -0.039136 -0.054254 0.062004 0.130523 0.233902 -0.095267 -0.059535 0.034740 0.334476 0.178295 0.355112 0.109432 0.538457 0.205368 0.370387 0.314965 0.271057 -0.094209 -0.163543 -0.364024 0.284222 -0.028725 0.119899 0.070797 0.058477 -0.214159 -0.162012 -0.439905 0.001582 -0.390700 -0.305624 -0.428291 -0.330416 -0.320871 0.108778 -0.097402 0.089813 -0.038296 0.198362 -0.181335 -0.258646 -0.030238 0.038852 -0.178711
0.023415 0.108334 0.295546 0.373024 -0.072936 -0.462791 0.506089 0.312954 0.120771 -0.105883 1.000000 0.232880 0.783678 0.357476 0.057787 0.165981 0.057039 0.067182 0.365822 0.279892 -0.117357 -0.188984 0.025474 0.092509 -0.146653 -0.407936 -0.430299 -0.396186 0.162895 0.304572 0.224233 0.327395 0.090191 0.272910 -0.536591 -0.297380 -0.314382 -0.022562 -0.120420 -0.044325 0.094378 0.249411 0.148675 0.089457 0.201380 -0.172429 0.157287 0.245802 0.201066 0.309329 -0.307136 0.451380 -0.146642 -0.034557 0.142143 -0.082023 -0.237173 -0.294430 -0.432707 -0.563765 -0.199741 -0.627438 0.244612 -0.423271 -0.350142 -0.584963 -0.275943 -0.235619 0.047586 0.155134 0.502882 0.323072 0.360394 0.349834 0.229328 0.402927 0.098442 -0.167002 -0.164448 -0.455773 -0.006466 -0.191653 -0.011107 -0.102220 -0.305687 -0.092346 -0.217757 -0.400910 -0.302597 -0.429706 -0.067682 -0.030306 -0.188378 0.011006 0.269416 0.247666 0.296955 0.097475 0.137795 -0.231250 -0.114053 0.208509 0.268267 0.227112 0.032310 0.075567 -0.466617 -0.212693 0.250353 0.115035 0.349870 -0.095696 -0.085241 0.001288 0.019553 -0.111936
0.125930 -0.078845 0.150324 0.359906 0.099941 0.397668 0.167461 0.419669 0.222615 0.065956 0.232880 1.000000 0.445001 0.792647 0.401797 0.390508 -0.314734 0.173664 -0.266609 -0.290350 0.222798 0.189420 0.195694 0.381310 0.174196 0.142611 0.367201 0.387086 0.036087 0.191670 0.153824 0.041269 0.002213 -0.226303 -0.167302 -0.164720 -0.100836 0.382102 0.400358 0.291245 0.077180 0.305870 -0.127979 0.036074 -0.179104 0.056538 -0.277643 -0.018465 0.078050 0.145969 -0.449933 -0.127754 -0.217592 -0.232886 -0.209443 0.014040 -0.293672 -0.524051 -0.132397 -0.435334 -0.161498 0.014079 -0.319310 -0.378835 -0.080802 0.310743 -0.473427 0.023920 -0.468849 -0.230489 0.108012 0.300008 -0.036043 0.185867 0.071360 0.203600 -0.009783 -0.227100 0.100455 0.117254 -0.014834 -0.166842 -0.231621 0.173342 -0.085448 0.284449 -0.043946 0.233229 0.123079 0.235987 -0.215261 -0.234469 0.316991 -0.194353 0.063811 -0.137438 0.130433 -0.359965 -0.002374 -0.199351 0.296050 -0.183483 -0.083155 -0.112475 -0.250046 -0.247809 -0.069319 0.268003 -0.015886 -0.248909 0.106467 -0.345780 0.043100 0.117341 -0.024732 0.023277
0.249564 -0.076159 0.469632 0.491192 -0.130299 -0.310985 0.621287 0.545318 0.215506 -0.198059 0.783678 0.445001 1.000000 0.603593 0.222050 0.249539 0.144454 0.192157 0.154943 -0.019167 -0.093445 -0.033381 0.175550 0.136130 -0.049488 -0.413882 -0.279760 -0.158150 0.267573 0.274143 0.208487 0.252990 0.191535 0.175657 -0.549319 -0.477530 -0.141656 0.163472 -0.034891 0.015036 0.192284 0.389013 -0.135405 -0.096232 -0.082892 -0.327382 -0.145847 -0.003052 -0.036975 0.092247 -0.253042 0.176924 -0.227183 -0.229865 0.200196 -0.225580 -0.159900 -0.361502 -0.265933 -0.526397 0.088967 -0.426922 0.370996 -0.259277 -0.258231 -0.337392 -0.340805 -0.369484 -0.087239 -0.167314 0.340050 0.298911 0.429717 0.369163 0.323625 0.310214 0.073429 -0.170926 0.091154 -0.287845 0.129153 0.064522 -0.056490 -0.188973 -0.272224 -0.060955 -0.227527 -0.353272 -0.152695 -0.092688 -0.291281 -0.276400 -0.113060 -0.106770 0.145677 0.101657 0.346557 -0.072364 -0.032824 -0.167382 0.022254 0.347559 0.157143 0.237310 -0.006570 -0.056784 -0.211045 0.128578 0.186515 -0.003028 0.147190 -0.168445 0.003902 0.133612 -0.084613 -0.126281
0.204080 -0.061490 0.148351 0.431275 0.271477 0.226956 0.272913 0.504229 0.151110 -0.164218 0.357476 0.792647 0.603593 1.000000 0.395525 0.502750 -0.058520 0.276938 -0.201411 -0.242753 0.171780 0.167101 0.181121 0.410702 0.255821 0.100929 0.275243 0.252931 0.172925 0.167104 0.217804 0.006608 -0.109967 -0.284953 -0.332546 -0.356169 -0.144211 0.209824 0.078668 0.077570 -0.133493 0.319209 -0.157564 0.004657 -0.180604 -0.092847 -0.285743 -0.040304 0.138492 0.118261 -0.223284 0.196684 -0.223661 0.044760 -0.169641 -0.194287 -0.222355 -0.582933 -0.017458 -0.378821 -0.093055 -0.030327 -0.212444 -0.372650 -0.212671 0.264817 -0.485907 -0.116976 -0.374970 -0.198301 0.058917 0.138356 0.050131 0.259960 0.170212 0.172119 -0.101181 -0.135382 0.295255 0.012657 0.141957 -0.133074 -0.187144 -0.001977 -0.212528 0.189848 0.079139 0.206002 -0.104518 0.219155 -0.375851 -0.134396 0.386942 -0.063138 0.164139 -0.103524 0.070064 -0.216593 -0.181803 -0.211091 0.148623 -0.142623 -0.118004 -0.081516 -0.141609 -0.143459 -0.240923 0.146862 -0.050951 -0.155287 0.121878 -0.333724 0.083659 0.018536 -0.235979 -0.203270
-0.239235 -0.292988 0.051172 0.138246 0.369180 0.644880 -0.041499 0.112669 0.634222 0.435543 0.057787 0.401797 0.222050 0.395525 1.000000 0.617106 0.073135 0.300687 -0.101209 -0.120592 0.690965 0.495109 0.426225 0.385406 0.603484 0.329663 0.721215 0.364735 0.566417 0.473471 0.579109 0.403671 -0.200339 -0.405706 -0.346843 -0.372964 0.233858 0.421895 0.391352 0.344345 0.200077 0.312742 -0.224340 -0.253809 -0.203378 -0.147807 -0.196417 -0.297479 -0.312278 -0.127219 -0.012691 -0.224867 0.208515 -0.219794 0.040196 -0.239653 -0.087247 -0.232040 -0.209364 -0.326673 -0.302213 -0.138427 -0.274183 -0.245138 0.124218 0.321280 -0.491334 -0.314068 -0.310597 -0.080899 0.211857 0.255850 0.298449 0.288528 0.475349 0.480597 0.077756 -0.124854 0.016704 0.194187 0.284029 0.188743 0.319388 0.252282 0.273888 0.322396 0.346039 0.216043 0.356024 0.144141 -0.695898 -0.575646 0.408725 -0.039742 -0.009575 0.065123 -0.051574 -0.377218 -0.296282 -0.566622 -0.263595 -0.332083 -0.417026 -0.342825 -0.303706 -0.218343 -0.150057 0.130298 -0.056552 -0.149008 -0.105213 -0.237387 -0.230399 0.012714 -0.218717 -0.339972
-0.063081 -0.167818 -0.216019 -0.033817 0.516891 0.370054 -0.012657 -0.097496 0.441373 0.130579 0.165981 0.390508 0.249539 0.502750 0.617106 1.000000 0.190635 0.392733 -0.323455 0.121422 0.444634 0.409423 -0.125170 0.166236 0.274446 -0.058368 0.436689 0.080204 0.306146 0.570199 0.188166 0.123711 0.216532 -0.105775 -0.476660 -0.563989 0.224420 0.173169 -0.006030 -0.096951 0.072735 0.262596 -0.175552 -0.157329 0.032778 -0.215042 -0.234552 -0.082961 0.270084 0.229809 -0.074059 0.175581 0.012124 0.102722 0.198309 -0.090006 -0.035451 -0.087444 -0.001730 -0.309498 0.050993 0.102367 -0.101102 -0.135452 -0.077425 0.072959 -0.274898 -0.201320 -0.448985 -0.018458 0.123371 0.076762 0.267853 0.393998 0.346149 0.426664 -0.051929 -0.078785 -0.061872 -0.058620 0.154363 0.048578 -0.125674 0.419086 -0.401616 0.320021 -0.183992 0.076518 -0.315391 -0.005124 -0.386329 -0.053366 0.103954 -0.343848 -0.090487 -0.248414 -0.296104 -0.517576 -0.144558 -0.543885 -0.269148 -0.338530 -0.451351 -0.388154 -0.019914 0.076537 -0.295731 0.113212 -0.213152 -0.264618 -0.197068 -0.423771 -0.383726 -0.463286 -0.401558 -0.453103
0.070593 -0.007621 0.208524 0.002268 -0.142656 -0.274865 0.288342 -0.080232 0.086549 0.013192 0.057039 -0.314734 0.144454 -0.058520 0.073135 0.190635 1.000000 0.658255 0.179392 0.215511 -0.056224 0.149274 0.122467 0.118661 -0.115715 -0.290896 -0.265392 -0.496526 0.361741 0.250247 0.033221 0.183468 0.300624 0.179070 -0.418832 -0.602882 0.382944 -0.318487 -0.465492 -0.172368 0.053022 -0.137294 -0.467714 -0.504970 -0.171912 -0.563951 -0.259395 -0.443655 -0.296208 -0.340733 0.093104 -0.012045 0.131632 -0.259163 0.151687 -0.505875 0.469011 0.442630 -0.191679 -0.035546 0.248964 -0.009121 0.603739 0.461542 0.010960 -0.280355 -0.032975 -0.498722 0.293556 0.107760 0.048402 -0.146441 0.311907 0.177807 0.311497 0.240910 0.410930 0.170522 0.414851 0.316272 0.576860 0.627248 0.181642 0.096824 -0.055614 0.136933 -0.169504 -0.246907 -0.461804 -0.068151 -0.336010 -0.285444 -0.305928 -0.334477 -0.163918 0.154424 -0.219556 0.098291 -0.028420 -0.323705 -0.149446 0.332145 0.041069 0.227117 0.557924 0.416355 -0.173201 0.346606 0.119394 0.022023 -0.489250 -0.002170 -0.252044 -0.157325 -0.233046 -0.239405
-0.101215 -0.046830 0.258018 0.212671 -0.068686 -0.006940 0.293257 0.189718 0.148058 0.074291 0.067182 0.173664 0.192157 0.276938 0.300687 0.392733 0.658255 1.000000 -0.022368 0.059550 0.300999 0.441177 0.334996 0.332663 0.034641 -0.072292 0.082101 -0.222286 0.312200 0.541666 0.145807 0.140937 0.231158 -0.136355 -0.454201 -0.593429 0.234657 0.066616 0.064562 0.211686 0.018249 0.287138 -0.570833 -0.564255 -0.324018 -0.532838 -0.423941 -0.517549 -0.284920 -0.231925 -0.236975 -0.011982 0.165046 -0.300622 -0.073794 -0.356076 0.041943 0.083436 -0.324429 -0.099793 -0.111049 0.054232 0.164625 0.393114 0.009200 -0.035888 -0.249115 -0.442772 -0.078581 0.016337 0.209689 0.171173 0.323017 0.568211 0.439068 0.520981 0.176424 0.220449 0.394877 0.478739 0.339296 0.403329 0.030256 0.291685 0.057561 0.326389 0.049581 0.207869 -0.195357 0.093883 -0.513507 -0.444038 -0.073827 -0.485213 0.041801 0.062981 -0.227929 -0.017463 -0.082985 -0.463491 -0.032435 -0.113359 -0.009693 -0.088710 0.359968 0.368487 -0.238920 0.401859 -0.104588 0.009395 -0.285956 -0.295278 -0.432642 -0.151967 -0.106535 -0.193028
-0.086367 0.119185 0.521292 0.310975 -0.163412 -0.430422 0.413846 0.144377 -0.076805 -0.205107 0.365822 -0.266609 0.154943 -0.201411 -0.101209 -0.323455 0.179392 -0.022368 1.000000 0.268253 -0.250510 -0.278301 0.468108 0.087665 -0.083907 -0.158064 -0.422213 -0.518608 0.214576 0.091697 0.411668 0.375118 0.112138 0.127383 -0.315321 -0.172732 -0.294970 -0.217931 -0.191174 0.042260 0.128271 -0.197534 -0.116431 -0.262509 0.054135 -0.360108 0.067416 -0.187863 0.035992 -0.067119 0.255392 0.272843 -0.121631 -0.242179 -0.051730 -0.161600 -0.223001 0.008601 -0.562904 -0.038557 -0.121209 -0.583866 0.373520 -0.180252 0.210164 -0.576416 0.122349 -0.204659 0.305758 -0.009355 0.395071 0.260037 0.461674 0.077326 0.276439 0.376831 0.235001 -0.005884 -0.213477 -0.105836 -0.270029 -0.097040 0.223058 0.017556 -0.045039 -0.021879 -0.042464 -0.374626 -0.077885 -0.217346 -0.126002 -0.174393 -0.238102 0.166813 0.134892 0.476255 0.221349 0.394609 0.315165 0.191093 -0.014178 0.568256 0.463512 0.455724 0.031448 0.083726 -0.216190 -0.197618 0.356722 0.387155 0.010053 0.363425 0.272550 0.360478 0.339790 0.356125
-0.069290 0.307359 -0.103416 -0.348132 -0.001769 -0.447253 0.057882 -0.332543 -0.176557 -0.152604 0.279892 -0.290350 -0.019167 -0.242753 -0.120592 0.121422 0.215511 0.059550 0.268253 1.000000 0.030522 -0.102801 -0.169229 0.177436 -0.078073 -0.203760 -0.360845 -0.619577 0.037243 0.084648 0.007252 -0.005462 0.070553 0.006361 -0.379777 -0.250783 0.075856 -0.361161 -0.108446 0.021483 0.100756 0.012542 -0.184539 -0.280918 -0.155672 -0.446949 -0.143227 -0.133327 0.169396 -0.092436 0.140701 0.453562 0.344532 0.250435 0.200981 -0.141055 0.082877 0.501596 -0.131975 0.160714 0.061597 -0.075162 0.106837 0.235243 -0.359681 -0.441518 0.065986 -0.130001 0.291858 0.636487 0.137917 -0.097901 0.219986 0.201053 0.221175 0.197578 -0.157566 0.069708 -0.279466 -0.204836 -0.047321 0.040252 0.326361 0.307389 -0.224646 -0.301693 -0.223250 -0.070027 -0.398130 -0.420319 0.080060 0.100721 -0.228639 -0.031037 0.124745 0.006783 -0.408589 0.100541 -0.003819 0.008255 -0.310762 0.058286 0.107806 0.090240 0.249046 0.427881 -0.091510 -0.120146 0.106264 0.122976 -0.240189 0.308905 -0.075532 0.042875 0.262326 0.021761
-0.588006 -0.262097 -0.113426 -0.033616 0.229349 0.563405 -0.160894 0.035360 0.534629 0.597450 -0.117357 0.222798 -0.093445 0.171780 0.690965 0.444634 -0.056224 0.300999 -0.250510 0.030522 1.000000 0.691656 0.319027 0.340959 0.698510 0.512283 0.664194 0.405232 0.530576 0.562789 0.559439 0.355964 -0.323126 -0.582793 -0.117974 -0.185183 0.293515 0.575113 0.622168 0.572184 0.247847 0.592152 -0.040702 -0.092787 -0.244729 -0.019678 -0.018770 -0.133069 -0.265452 -0.162845 -0.136103 -0.077121 0.413246 0.131781 -0.049842 0.026467 -0.146447 -0.181948 -0.250614 -0.197834 -0.518685 -0.017341 -0.507295 0.025981 -0.177352 0.273887 -0.507985 -0.377102 -0.406348 0.184430 0.220757 0.340412 0.276763 0.444671 0.469869 0.431226 -0.166082 -0.018978 0.018247 0.037071 0.169574 0.087654 0.382557 0.286764 0.474111 0.232463 0.511765 0.537178 0.400065 -0.035426 -0.506447 -0.493450 0.339879 -0.168173 0.280386 -0.011815 -0.210761 -0.288413 -0.437204 -0.561277 -0.201435 -0.660520 -0.448945 -0.590744 -0.453162 -0.217309 0.034601 -0.077410 -0.069982 0.042277 0.127330 -0.281970 -0.332316 -0.083239 0.153957 -0.286809
-0.242841 -0.333002 -0.070128 -0.079366 0.168974 0.507057 -0.124752 -0.012323 0.350972 0.521051 -0.188984 0.189420 -0.033381 0.167101 0.495109 0.409423 0.149274 0.441177 -0.278301 -0.102801 0.691656 1.000000 0.264754 0.097565 0.537062 0.469601 0.455775 0.319551 0.236237 0.344099 0.209496 -0.033602 -0.226427 -0.537897 0.010697 -0.231854 0.403193 0.420277 0.465113 0.485255 -0.001297 0.464625 -0.248205 -0.247525 -0.275842 -0.110749 -0.268652 -0.262068 -0.366274 -0.279365 -0.013479 -0.159345 0.228432 -0.083983 -0.082679 -0.186773 0.216178 0.002561 -0.003885 -0.068827 -0.115369 0.236853 -0.262810 0.250851 -0.090657 0.356338 -0.364499 -0.298315 -0.250144 0.209436 -0.125736 0.040133 0.170522 0.248129 0.267583 0.264207 -0.140566 0.262749 0.211681 0.125231 0.390119 0.322169 0.164751 -0.018849 0.343286 0.265377 0.351908 0.440219 0.119867 0.208143 -0.505302 -0.423457 0.201292 -0.391130 0.334368 0.103841 -0.059208 -0.081576 -0.467438 -0.548338 0.054061 -0.389513 -0.486987 -0.583521 -0.322450 -0.130912 0.190248 -0.002221 0.178932 0.379789 0.158120 -0.434091 -0.539161 -0.272204 0.040350 -0.405203
-0.326624 -0.272509 0.589452 0.561560 -0.112709 0.169201 0.399377 0.507798 0.128650 0.099269 0.025474 0.195694 0.175550 0.181121 0.426225 -0.125170 0.122467 0.334996 0.468108 -0.169229 0.319027 0.264754 1.000000 0.505216 0.405975 0.446193 0.257735 0.084569 0.489551 0.322147 0.738853 0.486792 -0.131556 -0.383256 -0.220493 -0.249071 0.042704 0.305834 0.355577 0.579830 0.314725 0.224393 -0.383571 -0.434791 -0.534118 -0.432604 -0.230469 -0.456982 -0.544405 -0.469278 0.062004 -0.165703 0.067557 -0.375306 -0.248015 -0.312582 -0.238822 -0.266002 -0.608087 -0.214738 -0.407145 -0.408532 -0.039824 -0.115695 0.253469 0.086059 -0.485996 -0.477928 -0.046962 -0.172999 0.348628 0.492944 0.426108 0.351807 0.480289 0.573165 0.312700 0.110454 0.239584 0.374929 0.020815 0.226281 0.446368 0.157590 0.500739 0.341819 0.440902 0.221265 0.467060 0.193572 -0.578012 -0.683747 0.166040 -0.044222 0.174421 0.481410 0.036062 0.282283 -0.092693 -0.075481 -0.117225 0.030529 0.185205 -0.008042 -0.173244 -0.153530 -0.031679 0.134513 0.236620 0.290731 -0.132140 0.086739 0.050744 0.421016 0.366412 0.261273
-0.083361 0.230074 0.294416 0.290012 0.036683 0.129258 0.297745 0.342681 0.049056 0.062188 0.092509 0.381310 0.136130 0.410702 0.385406 0.166236 0.118661 0.332663 0.087665 0.177436 0.340959 0.097565 0.505216 1.000000 0.503101 0.397331 0.267391 -0.002421 0.284338 0.306869 0.433567 0.297919 -0.182474 -0.394218 -0.306169 -0.382787 0.076266 0.120886 0.158997 0.391249 0.057127 0.180204 -0.339527 -0.292363 -0.574206 -0.385646 -0.362113 -0.279135 -0.162425 -0.356619 0.023351 0.108096 0.171636 -0.076643 -0.496538 -0.504098 -0.198986 -0.120922 -0.362971 -0.015237 -0.398667 -0.105292 -0.251782 -0.002305 -0.188405 0.080445 -0.395094 -0.174313 0.012860 0.030881 0.439460 0.292436 0.043645 0.458532 0.324970 0.374947 0.221721 0.035397 0.148183 0.252904 0.103619 0.061173 0.488306 0.525445 0.207036 -0.002228 0.418758 0.480369 0.103443 -0.093410 -0.454057 -0.415620 0.267612 -0.005267 0.174765 0.030034 -0.435617 -0.106881 -0.113514 -0.174853 -0.004344 -0.150894 0.351609 -0.000426 0.136473 -0.073628 -0.026213 0.153366 -0.024655 -0.319028 -0.304878 0.115864 0.170622 0.377646 0.057930 0.042727
-0.402554 -0.117680 -0.124563 -0.075609 0.178850 0.598454 -0.163325 -0.006176 0.324004 0.465756 -0.146653 0.174196 -0.049488 0.255821 0.603484 0.274446 -0.115715 0.034641 -0.083907 -0.078073 0.698510 0.537062 0.405975 0.503101 1.000000 0.712337 0.544601 0.365318 0.428679 0.290751 0.561850 0.279098 -0.550343 -0.713814 0.012312 -0.084627 0.316612 0.523861 0.400845 0.528944 0.081089 0.429080 -0.060770 -0.039191 -0.349886 -0.035992 -0.077881 -0.097081 -0.115318 -0.202850 0.321539 0.106992 0.331081 0.210435 -0.182592 -0.198059 -0.127246 -0.148969 -0.001884 -0.021272 -0.415482 0.077529 -0.511630 -0.020339 -0.135490 0.333976 -0.400973 -0.222505 -0.377136 -0.030541 0.045347 0.113302 0.074740 0.233943 0.337895 0.217172 -0.098607 -0.121680 -0.065034 -0.118849 0.084169 -0.023992 0.566668 0.252868 0.456672 0.039685 0.589204 0.518215 0.398942 0.014734 -0.406910 -0.383295 0.461853 0.061569 0.195054 0.021716 -0.048684 -0.265641 -0.264815 -0.200306 -0.095270 -0.327638 -0.277965 -0.536270 -0.471463 -0.485033 0.197170 -0.149864 0.073774 -0.074588 0.078475 -0.010234 -0.060855 0.209670 0.069469 -0.093058
-0.432040 -0.241220 -0.184410 -0.010849 0.252502 0.653952 -0.298123 -0.000049 0.044566 0.358989 -0.407936 0.142611 -0.413882 0.100929 0.329663 -0.058368 -0.290896 -0.072292 -0.158064 -0.203760 0.512283 0.469601 0.446193 0.397331 0.712337 1.000000 0.644372 0.451321 0.043044 -0.078769 0.376701 -0.018108 -0.644048 -0.713901 0.390992 0.316397 0.103367 0.232859 0.401279 0.567383 -0.035994 0.064899 -0.037909 -0.003957 -0.374847 0.161235 -0.074323 -0.126849 -0.277295 -0.315812 0.208761 -0.086753 0.235354 0.180859 -0.401940 -0.083570 -0.053461 -0.164714 0.056196 0.066204 -0.485472 0.176719 -0.702872 -0.145011 0.053361 0.660579 -0.415280 0.049650 -0.188624 0.163023 -0.149911 0.040542 -0.306614 -0.064174 -0.094352 -0.013427 -0.125483 0.173071 0.141254 0.238437 0.075778 -0.072578 0.388952 0.103552 0.532544 0.189393 0.676275 0.712104 0.447999 0.276297 -0.216133 -0.134272 0.546508 0.152354 0.224619 0.152430 -0.194570 0.171915 -0.310902 -0.047956 -0.104615 -0.485469 -0.225474 -0.444818 -0.315759 -0.220707 0.197906 -0.123281 0.076897 0.162092 0.073038 -0.073859 -0.095401 0.087621 0.199192 0.018403
-0.365228 -0.413794 -0.202162 0.062760 0.521169 0.884266 -0.356387 0.043416 0.435978 0.433059 -0.430299 0.367201 -0.279760 0.275243 0.721215 0.436689 -0.265392 0.082101 -0.422213 -0.360845 0.664194 0.455775 0.257735 0.267391 0.544601 0.644372 1.000000 0.708101 0.225509 0.200407 0.342187 0.055871 -0.334658 -0.541205 0.148177 0.060743 0.168506 0.370420 0.437537 0.298932 0.020561 0.112728 -0.077952 -0.046703 -0.180160 0.200536 -0.133110 -0.176915 -0.204946 -0.070886 -0.056991 -0.277068 0.145937 0.067499 -0.141318 0.058257 -0.136632 -0.308985 0.079258 -0.074481 -0.369578 0.202343 -0.642640 -0.284450 0.185735 0.717252 -0.377879 0.066399 -0.389438 -0.095603 -0.061057 0.124863 -0.141837 0.032066 0.026106 0.123811 -0.103818 0.069725 0.101970 0.352053 0.141758 0.018158 0.108437 0.282936 0.309811 0.412547 0.473414 0.604262 0.473772 0.421767 -0.423650 -0.194978 0.588746 0.060850 -0.014021 -0.141802 -0.281573 -0.282351 -0.414339 -0.348612 -0.161813 -0.650777 -0.499318 -0.497984 -0.354496 -0.222609 0.001023 0.068655 -0.325391 -0.193972 -0.083056 -0.356514 -0.137687 -0.149145 -0.190900 -0.266012
-0.162981 -0.382870 -0.093634 0.128276 0.284416 0.692267 -0.288733 0.219997 0.297249 0.394093 -0.396186 0.387086 -0.158150 0.252931 0.364735 0.080204 -0.496526 -0.222286 -0.518608 -0.619577 0.405232 0.319551 0.084569 -0.002421 0.365318 0.451321 0.708101 1.000000 0.140327 -0.008802 0.121689 -0.015045 -0.293382 -0.319760 0.431261 0.302822 0.151333 0.572074 0.526865 0.175174 -0.083507 0.230524 0.186630 0.283358 -0.052150 0.467781 0.069046 0.094491 -0.182162 0.016866 -0.172027 -0.329682 -0.013215 0.085056 -0.174381 0.287431 -0.130138 -0.464247 0.188127 -0.058884 -0.202850 0.201018 -0.497473 -0.234218 -0.001329 0.591256 -0.232524 0.152447 -0.329587 -0.257992 -0.197223 0.151972 -0.172360 -0.154701 -0.151826 -0.244051 -0.077498 -0.048692 0.200824 0.160216 0.094327 0.054841 -0.056663 -0.073055 0.400033 0.165525 0.443566 0.469347 0.531021 0.357583 -0.215819 -0.181133 0.411028 0.019050 0.206309 -0.244436 0.072211 -0.284374 -0.479462 -0.165139 0.230129 -0.502347 -0.360352 -0.355965 -0.617888 -0.605905 0.328047 0.037814 -0.150998 -0.100497 0.288635 -0.329418 0.072252 -0.083373 -0.077130 -0.119196
-0.447588 -0.370238 0.298022 0.239592 0.071302 0.142921 0.226644 0.163719 0.488943 0.283776 0.162895 0.036087 0.267573 0.172925 0.566417 0.306146 0.361741 0.312200 0.214576 0.037243 0.530576 0.236237 0.489551 0.284338 0.428679 0.043044 0.225509 0.140327 1.000000 0.630120 0.766862 0.733965 0.043787 -0.099884 -0.435243 -0.496871 0.386590 0.421613 0.205104 0.183685 0.510048 0.442997 -0.136928 -0.198495 -0.133379 -0.311954 0.077362 -0.222077 -0.256222 -0.080150 -0.015551 0.029718 0.225936 -0.019917 0.191969 0.013562 -0.169980 -0.192994 -0.556711 -0.403803 -0.294667 -0.397739 0.162197 -0.004712 -0.110777 -0.187935 -0.502644 -0.737065 -0.289144 -0.158075 0.338385 0.383295 0.729912 0.453328 0.752712 0.470117 0.175799 -0.337868 0.264290 0.084466 0.217475 0.440264 0.575743 0.278853 0.354655 0.099248 0.166766 -0.048999 0.170813 -0.275263 -0.495591 -0.643271 0.043208 -0.162736 0.133918 0.134586 -0.056888 -0.184582 -0.222943 -0.345790 -0.231428 -0.028415 -0.151135 -0.185320 -0.254698 -0.210424 -0.014293 0.172001 0.195869 -0.018888 -0.163708 0.057895 -0.147250 0.097278 0.075273 -0.060235
-0.484747 -0.182561 0.263173 0.282559 0.120351 0.064761 0.354541 0.187295 0.507987 0.279434 0.304572 0.191670 0.274143 0.167104 0.473471 0.570199 0.250247 0.541666 0.091697 0.084648 0.562789 0.344099 0.322147 0.306869 0.290751 -0.078769 0.200407 -0.008802 0.630120 1.000000 0.594207 0.674554 0.339061 0.038563 -0.535150 -0.603251 0.199590 0.447892 0.211636 0.181646 0.384148 0.516000 -0.102735 -0.199578 -0.065331 -0.371361 0.020627 -0.074503 0.020581 0.081178 -0.229311 0.143246 0.051704 -0.085929 0.052726 0.038303 -0.362605 -0.168828 -0.660425 -0.435319 -0.344282 -0.352627 0.096359 -0.013211 -0.041510 -0.395508 -0.351512 -0.556001 -0.377437 -0.151508 0.690012 0.663447 0.684744 0.822659 0.653066 0.789198 0.259866 -0.084941 -0.050789 -0.032024 -0.051843 0.139875 0.157189 0.589662 -0.006403 0.311358 0.018916 0.048021 -0.019543 -0.303416 -0.439388 -0.421243 -0.262809 -0.508660 0.153222 0.000543 -0.147657 -0.331212 -0.002496 -0.542671 -0.230788 -0.229464 0.011975 -0.251351 -0.111528 -0.091317 -0.241144 0.102826 -0.026458 -0.112899 -0.066146 -0.284847 -0.377651 -0.223143 0.091787 -0.078974
-0.534725 -0.343904 0.371674 0.434113 0.203581 0.200516 0.321107 0.350854 0.458632 0.151732 0.224233 0.153824 0.208487 0.217804 0.579109 0.188166 0.033221 0.145807 0.411668 0.007252 0.559439 0.209496 0.738853 0.433567 0.561850 0.376701 0.342187 0.121689 0.766862 0.594207 1.000000 0.800431 -0.099577 -0.235579 -0.429983 -0.376441 0.056112 0.358417 0.263747 0.352680 0.429659 0.370240 -0.031687 -0.132887 -0.216313 -0.297331 0.114604 -0.126306 -0.232891 -0.156992 0.032975 0.037706 -0.019551 -0.059690 -0.027872 -0.033196 -0.391872 -0.362705 -0.700862 -0.478217 -0.500283 -0.563356 -0.075807 -0.369804 0.139294 -0.109722 -0.621490 -0.628101 -0.277401 -0.127796 0.522259 0.619631 0.601058 0.490269 0.607364 0.658866 0.150597 -0.158753 0.050830 0.014446 -0.044354 0.063303 0.491642 0.332835 0.344650 0.301130 0.319510 0.068421 0.378836 -0.131822 -0.505449 -0.516522 0.084563 -0.075977 0.204822 0.358922 0.001943 0.015635 -0.138225 -0.283705 -0.319994 -0.120954 -0.039563 -0.174109 -0.389065 -0.266962 -0.198108 -0.080908 0.225969 0.152893 0.001029 0.013385 -0.053658 0.152859 0.284677 0.087175
-0.412392 -0.191683 0.404060 0.390737 -0.012323 -0.053351 0.458324 0.280474 0.444607 0.184183 0.327395 0.041269 0.252990 0.006608 0.403671 0.123711 0.183468 0.140937 0.375118 -0.005462 0.355964 -0.033602 0.486792 0.297919 0.279098 -0.018108 0.055871 -0.015045 0.733965 0.674554 0.800431 1.000000 0.230471 0.218821 -0.489895 -0.394619 0.078458 0.269244 0.072599 0.072946 0.518018 0.265777 0.150923 0.028207 0.063547 -0.198132 0.345102 0.072348 -0.121443 0.004447 -0.152656 -0.073687 -0.097934 -0.257552 0.112679 0.067049 -0.372912 -0.265384 -0.778972 -0.575444 -0.399121 -0.620157 0.221644 -0.259580 0.179719 -0.456103 -0.422314 -0.671616 -0.244057 -0.296803 0.684724 0.723503 0.640110 0.503207 0.578808 0.657450 0.454551 -0.304671 -0.105684 -0.107045 -0.090274 0.069060 0.334580 0.372143 0.254460 0.223492 0.062763 -0.239763 0.250275 -0.402270 -0.356912 -0.533332 -0.254189 -0.257166 -0.037807 0.248045 0.118491 -0.190089 0.133695 -0.306601 -0.292157 0.012512 0.157746 0.031666 -0.230737 -0.308653 -0.199730 -0.001490 0.232337 -0.070535 -0.018838 0.087322 -0.015778 0.044951 0.208776 0.154811
0.265845 -0.061666 0.336810 0.225631 -0.045718 -0.403998 0.484428 0.132893 0.125741 -0.403859 0.090191 0.002213 0.191535 -0.109967 -0.200339 0.216532 0.300624 0.231158 0.112138 0.070553 -0.323126 -0.226427 -0.131556 -0.182474 -0.550343 -0.644048 -0.334658 -0.293382 0.043787 0.339061 -0.099577 0.230471 1.000000 0.756928 -0.350089 -0.458964 0.002386 -0.131596 -0.280743 -0.417035 0.348144 -0.059521 -0.232494 -0.262143 0.118315 -0.398437 -0.157414 -0.145514 0.137919 0.076795 -0.161443 -0.156883 -0.394533 -0.451453 0.234016 0.072633 -0.063352 0.175089 -0.301637 -0.172599 0.502723 -0.081711 0.711385 0.132594 0.290849 -0.502183 0.220183 -0.212232 0.009274 -0.289947 0.292143 0.315846 0.403540 0.253505 0.141116 0.245214 0.271168 0.022209 -0.055814 0.038782 -0.165979 0.227249 -0.409393 0.292666 -0.556503 0.124975 -0.696144 -0.476675 -0.378513 -0.114875 -0.009970 -0.003512 -0.691495 -0.549640 -0.236411 -0.194593 -0.159628 -0.182501 0.236025 -0.089141 0.008453 0.352595 0.230927 0.363991 0.375015 0.281453 -0.011115 0.384437 -0.102219 -0.170367 -0.384850 -0.167240 -0.157703 -0.328258 -0.088235 0.090053
0.321646 0.012836 0.181920 0.121206 -0.084487 -0.570966 0.322260 0.006379 0.017413 -0.396454 0.272910 -0.226303 0.175657 -0.284953 -0.405706 -0.105775 0.179070 -0.136355 0.127383 0.006361 -0.582793 -0.537897 -0.383256 -0.394218 -0.713814 -0.713901 -0.541205 -0.319760 -0.099884 0.038563 -0.235579 0.218821 0.756928 1.000000 -0.172551 -0.123332 -0.155892 -0.313884 -0.488130 -0.662539 0.161562 -0.268184 0.230317 0.172361 0.469355 -0.009216 0.294842 0.267255 0.164466 0.271103 -0.181586 -0.139283 -0.496898 -0.303639 0.268925 0.225434 0.025937 0.109488 -0.190991 -0.243717 0.425269 -0.279081 0.732961 -0.075321 0.208569 -0.584314 0.292391 -0.059905 0.220110 -0.220103 0.253268 0.168640 0.151590 -0.026719 -0.156128 -0.066752 0.270255 -0.100461 -0.055016 -0.124054 -0.115530 0.094170 -0.398394 -0.060959 -0.477356 -0.119296 -0.635049 -0.724882 -0.366362 -0.343306 0.292704 0.253389 -0.727872 -0.246314 -0.212146 -0.046648 0.095789 0.022332 0.307238 0.005246 -0.017829 0.425929 0.296154 0.505078 0.382859 0.221220 -0.111763 0.128570 0.056271 -0.153282 -0.094822 0.001564 -0.070191 -0.342284 -0.209366 0.029038
-0.136771 0.014157 -0.381077 -0.272640 -0.120783 0.302431 -0.520083 -0.271019 -0.287054 0.264671 -0.536591 -0.167302 -0.549319 -0.332546 -0.346843 -0.476660 -0.418832 -0.454201 -0.315321 -0.379777 -0.117974 0.010697 -0.220493 -0.306169 0.012312 0.390992 0.148177 0.431261 -0.435243 -0.535150 -0.429983 -0.489895 -0.350089 -0.172551 1.000000 0.838064 0.079778 0.149287 0.193254 0.146270 -0.210364 -0.234732 0.181299 0.244971 0.068698 0.575785 0.121418 0.095069 -0.053409 -0.020401 0.168704 -0.144368 0.249891 0.196675 -0.180405 0.292524 0.127970 0.100283 0.496001 0.417864 -0.043298 0.429077 -0.389099 0.143259 -0.062949 0.437892 0.362425 0.615145 0.089392 0.104678 -0.456873 -0.348021 -0.565062 -0.598786 -0.584999 -0.660168 -0.102171 0.121505 0.019073 0.080021 -0.070598 -0.073435 -0.083901 -0.350259 0.271770 -0.243885 0.275550 0.336843 0.219947 0.181999 0.339028 0.259712 0.234137 0.257578 0.093968 -0.231533 0.036354 0.197147 -0.094937 0.348063 0.276664 -0.200143 0.001348 -0.174671 -0.090245 -0.148839 0.432619 -0.132286 -0.160414 0.013683 0.190755 0.014561 0.060810 -0.028296 0.067570 0.133140
-0.201497 0.006161 -0.414792 -0.258566 -0.149928 0.199440 -0.523118 -0.296021 -0.377571 0.204378 -0.297380 -0.164720 -0.477530 -0.356169 -0.372964 -0.563989 -0.602882 -0.593429 -0.172732 -0.250783 -0.185183 -0.231854 -0.249071 -0.382787 -0.084627 0.316397 0.060743 0.302822 -0.496871 -0.603251 -0.376441 -0.394619 -0.458964 -0.123332 0.838064 1.000000 -0.222789 0.027151 0.214139 0.138243 -0.142320 -0.279544 0.419956 0.444062 0.273288 0.714893 0.382478 0.307211 0.103199 0.230920 0.014660 -0.022247 0.212519 0.270461 -0.081684 0.479258 -0.083057 -0.087962 0.415884 0.247797 -0.248164 0.180005 -0.501963 -0.136375 -0.053920 0.331279 0.279701 0.589862 -0.006973 0.098926 -0.378330 -0.230287 -0.587416 -0.590853 -0.599310 -0.583294 -0.208976 -0.050444 -0.214739 -0.080897 -0.308664 -0.395825 -0.104002 -0.385532 0.242985 -0.236329 0.238168 0.217398 0.289261 0.051077 0.514882 0.366623 0.280261 0.457121 0.013145 -0.077914 0.219166 0.261587 0.109330 0.472949 0.072191 -0.223069 -0.013291 -0.061205 -0.170980 -0.102863 0.259052 -0.256990 -0.060165 0.066845 0.364152 0.163537 0.170879 0.089863 0.186336 0.298080
