1.000000 0.232474 0.421969 0.328112 0.524949 0.407171 0.348744 0.322109 0.144019 0.015611 0.281744 0.008997 0.362924 0.206024 0.378074 0.181175 0.164577 -0.059770 0.049110 0.169697 0.033916 -0.123116 0.398680 -0.043663 0.279950 0.275802 0.339896 0.372835 -0.082209 -0.212143 0.073777 0.113633 0.092496 0.354907 -0.048708 0.040155 0.254000 -0.496403 0.007412 -0.120133 0.018390 -0.042983 -0.603055 -0.441320 -0.443127 -0.219375 -0.634159 -0.453462 -0.030109 -0.505764 -0.254651 -0.580798 -0.492138 -0.488735 -0.295484 -0.606976 0.401791 0.290068 0.410126 -0.206868 0.173863 -0.037308 -0.015354 -0.312776 -0.090707 -0.291943 -0.020400 0.372360 0.013109 0.127927 0.438153 0.204936 0.222387 0.083956 0.209875 0.467013 0.329470 0.319418 0.271387 0.151499 0.115540 -0.326898 0.238472 0.030307 0.063987 -0.491045 0.219155 0.183692 0.322738 -0.588252 -0.198677 -0.028171 0.127461 0.033732 -0.487693 -0.474005 -0.324850 -0.520870 -0.275688 -0.517953 -0.029247 0.179197 -0.036960 0.088135 -0.094541 -0.213565 0.051010 -0.241527 -0.304425 -0.261904 0.218435 -0.508998 -0.527470 -0.328237 -0.346045 -0.450433
0.232474 1.000000 -0.331256 0.125495 0.091947 -0.008728 -0.530036 0.002697 -0.499587 -0.481493 -0.384538 0.353662 -0.183015 0.145321 -0.442904 -0.175583 -0.287587 -0.119278 -0.333100 0.494030 0.003574 0.201376 -0.004662 0.083257 -0.128479 -0.005388 0.167563 0.055071 -0.462161 -0.118849 -0.480646 -0.411208 0.341934 0.560740 0.131612 0.166996 0.202247 -0.031296 0.474862 0.508232 0.470238 0.332632 -0.192915 -0.151426 -0.452790 -0.329729 -0.069931 -0.032330 0.012846 -0.290485 -0.055282 -0.074912 0.280875 -0.140964 0.142319 0.078147 0.756506 0.773053 0.090867 0.345149 0.078901 0.479107 -0.442271 0.248275 -0.253831 0.136667 0.171565 0.211616 0.671167 0.696376 -0.285688 -0.124798 -0.342270 -0.039236 -0.078586 0.178548 0.242658 0.495383 -0.250342 0.172589 -0.169587 -0.061481 -0.078319 -0.211097 -0.079729 -0.107122 -0.110772 0.121648 0.134449 0.076121 -0.400000 -0.512029 0.089790 -0.277279 0.047527 -0.185906 0.087704 -0.095649 0.186335 -0.086253 0.224999 -0.014726 0.213227 -0.390316 -0.093397 -0.147041 -0.294958 -0.246359 -0.297772 -0.220852 0.016087 -0.035546 0.246465 0.065985 0.196403 0.213691
0.421969 -0.331256 1.000000 0.530392 0.684876 0.484424 0.855413 0.606970 0.671229 0.570200 0.525321 -0.056703 0.520202 0.407675 0.672335 0.595523 0.200309 0.062033 0.255312 -0.412058 0.148149 -0.057804 0.618235 -0.205164 0.391311 0.377067 0.260659 0.308751 0.260402 -0.079476 0.608973 0.630621 -0.359131 -0.140810 -0.126820 -0.149203 -0.132636 -0.367217 -0.495668 -0.455274 -0.240170 -0.275090 -0.482527 -0.467392 -0.218680 -0.185965 -0.565067 -0.491955 0.020347 -0.185681 -0.218855 -0.328260 -0.429272 -0.326359 -0.512712 -0.625557 -0.284271 -0.270733 0.240860 -0.264376 0.336965 0.157300 0.052189 -0.529389 0.370380 -0.132767 -0.325578 -0.080871 -0.548365 -0.403798 0.472075 0.416316 0.287281 0.034169 0.108902 0.290752 0.027362 -0.149522 0.288678 -0.154388 -0.186432 -0.312478 0.326496 0.423710 -0.063159 -0.645459 -0.058369 -0.142948 0.270792 -0.587433 0.014690 0.249648 0.295161 0.176161 -0.341512 -0.500703 -0.368262 -0.660500 -0.564659 -0.464220 -0.018559 0.278340 0.076179 0.310484 -0.287356 -0.166942 0.169817 0.001688 -0.153996 -0.343874 -0.154882 -0.396502 -0.486675 -0.326640 -0.394114 -0.413958
0.328112 0.125495 0.530392 1.000000 0.460720 0.497821 0.436926 0.777992 0.140096 0.307449 0.237641 0.209455 0.299711 0.313273 0.440373 0.396427 0.059783 -0.129615 0.349684 0.235897 0.217990 0.177021 0.477051 0.265862 0.204043 0.239725 0.377848 0.399689 0.139159 -0.300188 0.363271 0.443577 -0.079362 0.044747 -0.353594 -0.257632 -0.048284 -0.354720 -0.145617 -0.204055 0.094132 -0.140519 -0.603776 -0.592552 -0.459442 -0.401061 -0.645509 -0.632001 -0.212215 -0.408202 -0.292424 -0.377486 -0.267918 -0.472586 -0.296319 -0.562126 0.018146 0.214784 0.078242 0.006927 0.140901 -0.014631 -0.144243 -0.401079 -0.064637 -0.312481 -0.150456 0.037788 0.059413 0.103480 0.570353 0.560570 0.140398 0.168927 0.083634 0.232717 0.052779 0.154698 0.027449 -0.369647 -0.136956 -0.639207 0.300583 0.369911 0.021655 -0.502317 -0.084806 -0.398892 0.405103 -0.407985 -0.026488 -0.137120 0.482621 -0.248077 -0.176364 -0.697837 -0.451552 -0.644353 -0.470127 -0.496343 0.193422 0.427700 0.371997 0.306021 0.115864 -0.360534 0.400612 -0.161492 -0.263507 -0.429918 -0.470728 -0.361085 -0.428023 -0.355794 -0.215270 -0.268545
0.524949 0.091947 0.684876 0.460720 1.000000 0.520036 0.586223 0.590620 0.526054 0.412705 0.472095 0.009884 0.621996 0.579069 0.610873 0.639059 0.262432 0.061732 -0.170510 -0.240945 0.191843 -0.029865 0.679229 0.095119 0.589017 0.515002 0.513269 0.431835 0.166291 0.073096 0.468301 0.538741 -0.390009 0.042264 -0.161276 0.022817 -0.029496 -0.438458 -0.316234 -0.400261 -0.008857 0.104636 -0.750533 -0.710017 -0.473743 -0.135578 -0.754978 -0.676809 0.424015 -0.120948 -0.195463 -0.197015 -0.353444 -0.403605 -0.573470 -0.666528 0.001887 -0.058798 0.098600 -0.129954 0.129210 0.355117 -0.224543 -0.469064 -0.058972 -0.066216 -0.360750 0.008028 -0.284445 -0.251080 0.404439 0.535860 0.268553 0.237760 0.250965 0.615188 0.210661 0.211704 0.170950 0.046277 -0.154775 -0.220310 0.213951 0.159705 -0.414931 -0.690903 0.122948 0.111876 0.217525 -0.563872 -0.194923 -0.029632 0.116446 0.178345 -0.371092 -0.515778 -0.526201 -0.698421 -0.678026 -0.679913 0.026923 0.469012 0.144528 0.200392 -0.152403 -0.091443 0.126822 -0.085324 -0.300054 -0.451712 -0.161871 -0.510062 -0.423495 -0.331033 -0.351750 -0.447807
0.407171 -0.008728 0.484424 0.497821 0.520036 1.000000 0.442774 0.555585 0.463157 0.577192 0.034893 -0.225742 0.120277 0.180544 0.510367 0.446398 0.191319 -0.237174 0.102587 -0.022843 0.395432 0.286377 0.376255 0.335327 0.319787 0.677183 0.825238 0.813335 -0.026133 -0.322176 0.525187 0.455711 -0.119835 0.024026 0.036485 0.120196 0.224609 -0.252288 0.210833 -0.122322 0.098306 -0.136666 -0.594378 -0.584640 -0.584738 -0.308349 -0.633282 -0.496133 -0.172242 -0.487409 -0.421391 -0.507949 -0.605579 -0.749048 -0.251413 -0.473328 -0.023202 -0.145464 0.407135 0.039004 0.123076 0.056715 -0.005803 -0.224453 0.141230 -0.148225 -0.110781 0.251653 -0.146822 -0.285867 0.514012 0.425963 0.274893 0.190269 0.336191 0.435579 0.353010 0.232366 0.303167 -0.315045 -0.046965 -0.619875 0.338936 -0.110909 -0.139126 -0.695879 0.396727 0.092515 0.716342 -0.306535 -0.093206 -0.043575 0.184326 0.204801 -0.422135 -0.420424 -0.254301 -0.535129 -0.570242 -0.508091 -0.041277 0.244094 -0.060771 0.183134 -0.191342 -0.276972 0.209479 -0.092023 -0.222093 -0.407365 -0.179898 -0.674678 -0.631349 -0.695943 -0.408640 -0.562215
0.348744 -0.530036 0.855413 0.436926 0.586223 0.442774 1.000000 0.683422 0.745202 0.727233 0.669035 -0.006355 0.611491 0.457272 0.773230 0.613308 0.436912 0.135967 0.187003 -0.545708 0.194405 -0.200893 0.589330 -0.006068 0.474393 0.257385 0.134662 0.172900 0.396214 0.156843 0.745538 0.727813 -0.317256 -0.226244 -0.384518 -0.298298 -0.130221 -0.431797 -0.579132 -0.670752 -0.157484 -0.347251 -0.473624 -0.447617 -0.064010 -0.049642 -0.568023 -0.477689 0.070147 -0.000386 -0.315043 -0.275135 -0.572998 -0.306831 -0.592840 -0.670960 -0.408457 -0.504512 0.073696 -0.390396 0.160754 -0.011937 0.162432 -0.425842 0.304422 -0.132765 -0.476354 -0.177920 -0.670851 -0.625260 0.614331 0.521391 0.522552 0.390039 0.408165 0.424270 0.190490 -0.272081 0.378585 -0.090488 -0.084673 -0.215653 0.261098 0.391375 -0.142163 -0.511080 -0.097422 -0.112598 0.163329 -0.588050 0.014220 0.186774 0.211187 0.154331 -0.450785 -0.344175 -0.424985 -0.625198 -0.584870 -0.531044 -0.190923 0.265198 -0.096213 0.351899 -0.112431 0.025408 0.334835 0.082732 -0.030243 -0.338870 -0.323895 -0.455425 -0.635069 -0.256959 -0.303194 -0.396505
0.322109 0.002697 0.606970 0.777992 0.590620 0.555585 0.683422 1.000000 0.289068 0.596861 0.380122 0.296631 0.527075 0.574275 0.479840 0.538203 0.187006 -0.214190 0.159802 -0.141907 0.147907 -0.068655 0.490713 0.250986 0.316432 0.206958 0.276108 0.229486 0.158707 -0.095411 0.516035 0.584457 -0.193516 -0.052584 -0.434053 -0.172733 -0.019084 -0.444262 -0.276487 -0.358005 0.225484 -0.277628 -0.612078 -0.574671 -0.364996 -0.316611 -0.632300 -0.546103 -0.029159 -0.298396 -0.423682 -0.356693 -0.370746 -0.481392 -0.375539 -0.594165 -0.149719 -0.164995 0.022090 -0.145390 0.274279 0.240226 -0.034633 -0.261610 0.109083 -0.023093 -0.389382 0.052669 -0.255289 -0.221140 0.537088 0.519715 0.277800 0.371551 0.303022 0.483512 0.294670 -0.000915 0.119660 -0.349277 -0.289615 -0.552133 0.165283 0.315417 -0.256465 -0.582851 -0.232034 -0.344973 0.340990 -0.435830 -0.041871 -0.105099 0.557280 -0.110300 -0.459599 -0.560061 -0.454834 -0.721893 -0.495116 -0.678749 0.152570 0.411618 0.278377 0.237039 0.023374 -0.322919 0.409687 -0.116472 -0.197445 -0.489645 -0.517278 -0.411751 -0.553935 -0.345027 -0.253694 -0.352988
0.144019 -0.499587 0.671229 0.140096 0.526054 0.463157 0.745202 0.289068 1.000000 0.761319 0.467604 -0.165715 0.380405 0.387897 0.749021 0.739409 0.389928 0.282308 -0.109229 -0.521150 0.434161 0.116015 0.586613 0.056529 0.518188 0.521736 0.306299 0.359066 0.328175 0.235710 0.742439 0.655669 -0.447269 -0.212532 -0.091139 -0.133395 0.000021 -0.148273 -0.379227 -0.511810 -0.164453 0.010403 -0.440619 -0.532810 -0.039813 0.091369 -0.445357 -0.539520 0.057116 0.165918 -0.168731 -0.119929 -0.526861 -0.218385 -0.450900 -0.447253 -0.330864 -0.551438 0.007721 -0.421683 -0.141941 -0.055151 -0.081649 -0.474600 0.391215 0.057744 -0.589101 -0.242992 -0.521001 -0.617984 0.465291 0.448968 0.384026 0.281559 0.369240 0.365336 0.125545 -0.254955 0.405463 0.043309 0.034942 0.001293 0.285499 0.286661 -0.039879 -0.375978 0.119869 0.209480 0.281554 -0.270060 -0.134714 0.096227 -0.089980 0.315389 -0.396392 -0.106636 -0.239623 -0.401258 -0.644965 -0.317301 -0.294805 0.075173 -0.193971 0.149942 -0.267854 0.209328 0.167720 0.272590 0.099415 -0.380983 -0.213568 -0.548996 -0.419142 -0.187149 -0.096078 -0.215938
0.015611 -0.481493 0.570200 0.307449 0.412705 0.577192 0.727233 0.596861 0.761319 1.000000 0.427276 0.036991 0.379172 0.500084 0.689537 0.769164 0.368565 0.029002 -0.106687 -0.467435 0.286521 0.047367 0.465706 0.195580 0.457504 0.504903 0.293420 0.370502 0.309488 0.164975 0.731883 0.669663 -0.534769 -0.404958 -0.237375 -0.073341 0.120020 -0.055061 -0.297616 -0.539241 -0.020470 -0.063869 -0.454282 -0.488397 -0.121479 -0.040171 -0.461285 -0.427128 -0.063496 0.058810 -0.262237 -0.145591 -0.461904 -0.307424 -0.348007 -0.339861 -0.455406 -0.633223 -0.121853 -0.416932 -0.048765 0.030856 -0.046671 -0.324028 0.372300 0.148609 -0.696441 -0.106695 -0.583523 -0.669298 0.530446 0.442925 0.368880 0.363128 0.381934 0.480671 0.297888 -0.242218 0.180737 -0.216062 -0.077849 -0.187195 0.199976 0.362258 -0.129261 -0.364062 0.043004 0.021084 0.416726 -0.039914 -0.035313 0.019811 0.252530 0.267728 -0.469579 -0.083744 -0.238155 -0.397089 -0.536841 -0.363746 -0.002773 0.243763 0.020461 0.138634 -0.187133 -0.072466 0.254807 0.123128 0.041512 -0.414320 -0.448051 -0.424603 -0.451409 -0.339903 -0.132677 -0.241645
0.281744 -0.384538 0.525321 0.237641 0.472095 0.034893 0.669035 0.380122 0.467604 0.427276 1.000000 0.284499 0.886963 0.600772 0.752337 0.588155 0.626941 0.390162 -0.087839 -0.513475 0.067528 -0.203337 0.692434 -0.007917 0.542619 0.236473 -0.096557 -0.013788 0.777298 0.485576 0.613437 0.709532 -0.248213 -0.052711 -0.488065 -0.481574 -0.238393 -0.435060 -0.498819 -0.776189 -0.057339 0.049619 -0.344466 -0.231715 0.015303 0.123121 -0.518707 -0.359281 0.216324 0.189396 -0.150755 -0.136249 -0.479386 -0.027623 -0.638193 -0.644136 -0.251634 -0.353051 -0.294737 -0.557358 -0.010648 -0.117102 0.200605 -0.414928 0.040771 -0.211923 -0.532556 -0.419941 -0.517442 -0.413296 0.549204 0.591355 0.724076 0.458718 0.394643 0.531052 0.102863 -0.236006 0.194283 0.111756 0.235465 0.000179 0.240727 0.383458 0.037645 -0.216954 -0.119504 0.045468 -0.176634 -0.560306 -0.256523 0.051053 0.020815 -0.048654 -0.382744 -0.096493 -0.524498 -0.460291 -0.523612 -0.417223 -0.234512 0.313528 -0.185846 0.301798 -0.047296 0.134848 0.128712 -0.152321 -0.269489 -0.382811 -0.335731 -0.232091 -0.340799 -0.094357 -0.123634 -0.146859
0.008997 0.353662 -0.056703 0.209455 0.009884 -0.225742 -0.006355 0.296631 -0.165715 0.036991 0.284499 1.000000 0.307639 0.610645 -0.027776 0.230570 0.072905 0.160086 -0.281506 0.015160 -0.071293 -0.252960 0.264075 0.126490 -0.108107 -0.107998 -0.328545 -0.266085 0.125994 0.403985 -0.044224 0.094268 0.289101 0.367828 -0.351422 -0.318239 0.005902 -0.038225 -0.029027 -0.060402 0.408888 0.045166 -0.058918 0.039675 -0.121397 -0.058597 -0.025914 0.004681 -0.069506 -0.088061 -0.381144 -0.078686 -0.111933 0.050254 -0.123080 -0.100346 0.224170 0.116709 -0.533378 -0.337119 0.024573 0.294961 -0.258823 0.042754 0.077433 0.384700 -0.401399 -0.221057 0.238093 0.094339 0.045888 -0.126822 0.123706 0.391487 0.204600 0.362699 0.179527 -0.119850 -0.085305 0.069243 -0.201738 -0.047402 -0.271035 0.283267 0.021934 0.229619 -0.488307 -0.015993 -0.163099 0.032492 -0.488359 -0.357263 0.316414 -0.463757 -0.195026 -0.007505 -0.052557 -0.228736 0.035959 -0.124855 0.074028 0.148776 0.094395 -0.032545 0.053092 -0.047380 -0.075809 -0.342559 -0.188284 -0.308813 -0.441555 0.179418 0.078521 0.155147 0.415653 0.310487
0.362924 -0.183015 0.520202 0.299711 0.621996 0.120277 0.611491 0.527075 0.380405 0.379172 0.886963 0.307639 1.000000 0.693711 0.680622 0.636019 0.502226 0.138531 -0.114500 -0.463643 0.101148 -0.161096 0.704971 -0.040936 0.580880 0.274671 -0.057490 0.015787 0.673084 0.351538 0.556579 0.678324 -0.264247 0.090507 -0.388878 -0.293705 -0.262961 -0.528673 -0.450255 -0.685443 0.145342 0.097763 -0.436669 -0.315665 -0.108112 0.090035 -0.596232 -0.467512 0.271278 0.049858 -0.161284 -0.178150 -0.444349 -0.066299 -0.610125 -0.718517 -0.227921 -0.324979 -0.203178 -0.471800 0.034946 0.035826 0.103252 -0.499487 -0.004793 -0.081535 -0.492111 -0.224619 -0.427351 -0.297556 0.490055 0.602532 0.617526 0.429742 0.339386 0.611609 0.175182 -0.043549 0.095828 0.057075 0.124975 -0.078251 0.274655 0.307737 -0.094602 -0.322718 -0.175521 0.022870 -0.109743 -0.589554 -0.274982 0.022689 0.181385 -0.057279 -0.506792 -0.240668 -0.625046 -0.544408 -0.558557 -0.545424 -0.189729 0.376535 -0.105638 0.256400 -0.100145 -0.001357 0.086397 -0.253401 -0.396315 -0.492989 -0.240051 -0.265443 -0.319751 -0.149591 -0.195594 -0.289428
0.206024 0.145321 0.407675 0.313273 0.579069 0.180544 0.457272 0.574275 0.387897 0.500084 0.600772 0.610645 0.693711 1.000000 0.466228 0.751356 0.344248 0.229616 -0.491582 -0.411754 0.011256 -0.196336 0.670617 0.019540 0.466610 0.350611 0.085275 0.088251 0.360725 0.408844 0.384014 0.460483 -0.267931 0.054711 -0.279835 -0.149442 0.192131 -0.136256 -0.129417 -0.418135 0.406952 0.197697 -0.494199 -0.420268 -0.354612 -0.157076 -0.492512 -0.402952 0.106531 -0.022555 -0.194844 -0.183597 -0.327248 -0.178197 -0.370254 -0.423029 0.048401 -0.209703 -0.378354 -0.490632 0.045592 0.433034 -0.361831 -0.304383 0.265001 0.400945 -0.685912 -0.187020 -0.157673 -0.218290 0.220377 0.346683 0.357669 0.437570 0.408755 0.736446 0.352193 -0.105566 0.105775 0.151660 -0.104043 -0.076893 -0.056326 0.310305 -0.097904 -0.297908 -0.267925 0.218510 0.105899 -0.204085 -0.532491 -0.397356 0.260220 -0.133985 -0.521590 -0.201620 -0.256414 -0.551271 -0.411327 -0.508860 0.046384 0.218101 0.057760 -0.149619 -0.238033 0.064713 -0.125994 -0.222127 -0.251490 -0.554588 -0.421162 -0.212246 -0.210844 -0.039845 0.084796 0.083316
0.378074 -0.442904 0.672335 0.440373 0.610873 0.510367 0.773230 0.479840 0.749021 0.689537 0.752337 -0.027776 0.680622 0.466228 1.000000 0.796840 0.495498 0.181356 0.025274 -0.339752 0.376653 0.092922 0.737556 0.121936 0.669740 0.629225 0.373979 0.529187 0.588946 0.234183 0.832319 0.809832 -0.394729 -0.135955 -0.330549 -0.302747 -0.075527 -0.343172 -0.404507 -0.722788 -0.130702 0.083574 -0.616240 -0.534764 -0.219918 0.071671 -0.773601 -0.628969 0.021996 -0.024245 -0.327486 -0.334133 -0.708690 -0.369867 -0.663030 -0.749155 -0.282778 -0.372740 -0.018205 -0.449601 -0.172031 -0.231682 0.005104 -0.631585 0.108974 -0.277076 -0.540755 -0.192195 -0.478561 -0.465236 0.763204 0.699029 0.667021 0.453414 0.503307 0.580500 0.259414 -0.007563 0.257119 -0.054786 0.200912 -0.249155 0.492336 0.435919 0.056483 -0.418545 0.283506 0.175965 0.304930 -0.503763 -0.189885 0.076288 0.074922 0.209866 -0.462426 -0.270152 -0.534012 -0.553522 -0.736634 -0.495522 -0.162094 0.433040 -0.075755 0.410197 -0.122956 -0.077852 0.293775 -0.039258 -0.283782 -0.437885 -0.342241 -0.570734 -0.557005 -0.346741 -0.235296 -0.405736
0.181175 -0.175583 0.595523 0.396427 0.639059 0.446398 0.613308 0.538203 0.739409 0.769164 0.588155 0.230570 0.636019 0.751356 0.796840 1.000000 0.376692 0.150955 -0.283382 -0.341965 0.288819 0.120573 0.750534 0.043843 0.615912 0.651322 0.306338 0.440171 0.485844 0.281586 0.711780 0.703114 -0.483137 -0.077380 -0.173776 -0.130361 0.075518 -0.190998 -0.252060 -0.518778 0.129713 0.254339 -0.631255 -0.623313 -0.386967 -0.126223 -0.647592 -0.608028 0.033848 -0.054568 -0.259917 -0.270144 -0.505414 -0.345406 -0.470270 -0.561744 -0.216994 -0.373335 -0.198909 -0.441868 -0.061537 0.115234 -0.233932 -0.539074 0.288003 0.134714 -0.704635 -0.235785 -0.313273 -0.353459 0.493020 0.556955 0.455734 0.367199 0.424804 0.639426 0.281149 -0.041553 0.201589 0.009006 0.070118 -0.184365 0.329800 0.458848 0.027171 -0.387481 0.055563 0.201426 0.354074 -0.203824 -0.349120 -0.154120 0.188596 0.103464 -0.526129 -0.250931 -0.390422 -0.526387 -0.696255 -0.508320 0.080852 0.390206 0.098183 0.151864 -0.238253 -0.066281 0.110743 -0.065609 -0.258895 -0.632106 -0.406687 -0.488898 -0.376713 -0.291143 -0.030698 -0.124319
0.164577 -0.287587 0.200309 0.059783 0.262432 0.191319 0.436912 0.187006 0.389928 0.368565 0.626941 0.072905 0.502226 0.344248 0.495498 0.376692 1.000000 0.602251 -0.356191 -0.416145 0.181164 -0.090083 0.548512 0.301369 0.597425 0.327150 0.068685 0.095459 0.666341 0.480610 0.494988 0.485435 -0.034638 0.057745 -0.285486 -0.466471 0.021361 -0.459911 -0.051690 -0.541940 0.154997 0.076193 -0.276723 -0.272284 -0.106676 0.028207 -0.343877 -0.281662 0.415042 0.275527 0.045851 -0.040197 -0.441356 -0.197936 -0.472189 -0.505079 -0.089292 -0.310668 -0.243854 -0.285981 -0.078215 -0.146405 0.302009 -0.055195 -0.088502 -0.202875 -0.301241 -0.547460 -0.342093 -0.536766 0.404674 0.509277 0.796892 0.573930 0.591141 0.432353 0.128263 -0.201087 0.400380 0.382049 0.622780 0.132125 0.098825 -0.192235 0.007289 -0.182808 -0.045530 0.043798 -0.094756 -0.386163 -0.365470 -0.264178 -0.323427 -0.185981 -0.255611 0.098089 -0.487492 -0.205213 -0.602117 -0.500702 -0.284667 0.139459 -0.431761 0.342990 0.119577 0.497596 0.023878 -0.193496 -0.104984 -0.530057 -0.383836 -0.359907 -0.489754 -0.359261 -0.026186 -0.191926
-0.059770 -0.119278 0.062033 -0.129615 0.061732 -0.237174 0.135967 -0.214190 0.282308 0.029002 0.390162 0.160086 0.138531 0.229616 0.181356 0.150955 0.602251 1.000000 -0.420694 -0.212407 0.013990 -0.156777 0.387238 0.056317 0.291378 0.106568 -0.094983 -0.099034 0.316988 0.526308 0.099052 0.114376 -0.064303 0.077897 -0.054365 -0.432054 0.067364 0.055909 0.013586 -0.214150 -0.061099 0.115108 -0.046703 -0.070196 0.014344 0.160395 -0.017498 -0.028146 0.359777 0.463108 0.203967 0.161514 -0.110213 0.025658 -0.307645 -0.072306 0.193255 0.041431 -0.294133 -0.302853 -0.163799 0.025189 -0.022439 0.044166 0.016227 -0.002327 -0.256056 -0.556248 -0.144522 -0.231643 0.113568 0.178183 0.354111 0.246386 0.302991 0.119476 -0.062689 -0.210875 0.191497 0.684164 0.374272 0.428568 -0.104657 -0.053897 0.087415 0.053354 -0.202211 0.313099 -0.260000 -0.119821 -0.402142 -0.348101 -0.282314 -0.163165 0.241654 0.142960 0.038013 0.001066 -0.194067 -0.043951 -0.161305 -0.055167 -0.201744 0.012574 0.010419 0.550807 -0.260965 -0.014815 0.085604 -0.169224 -0.269486 -0.131679 0.035318 0.138996 0.274778 0.269312
0.049110 -0.333100 0.255312 0.349684 -0.170510 0.102587 0.187003 0.159802 -0.109229 -0.106687 -0.087839 -0.281506 -0.114500 -0.491582 0.025274 -0.283382 -0.356191 -0.420694 1.000000 0.223738 0.021962 0.019822 -0.271345 -0.159503 -0.415333 -0.329661 -0.087183 -0.052191 -0.028215 -0.426487 0.076428 0.105311 0.224528 -0.036972 -0.161251 -0.140440 -0.458438 -0.203580 -0.264340 -0.028264 -0.418941 -0.598174 0.179747 0.167226 0.135843 -0.189164 0.022123 0.082258 -0.424749 -0.345679 -0.217352 -0.180420 -0.090156 -0.047064 -0.058880 -0.154413 -0.377639 -0.038289 0.348253 0.297938 0.230686 -0.341070 0.482983 -0.018682 -0.069866 -0.526624 0.484343 0.124656 -0.058628 0.112780 0.226065 0.019983 -0.072078 -0.241616 -0.398149 -0.504044 -0.390245 -0.080769 0.046967 -0.516737 -0.163350 -0.413840 0.316235 0.242764 0.053207 -0.049068 -0.011229 -0.503977 -0.039046 -0.238956 0.588356 0.644889 0.232943 0.012521 0.131991 -0.243765 0.011325 -0.027363 0.161813 0.198581 -0.120657 0.041212 0.008405 0.315992 0.078516 -0.445063 0.384772 0.000795 0.085248 0.327337 0.171432 0.126304 -0.130534 -0.159309 -0.446974 -0.283296
0.169697 0.494030 -0.412058 0.235897 -0.240945 -0.022843 -0.545708 -0.141907 -0.521150 -0.467435 -0.513475 0.015160 -0.463643 -0.411754 -0.339752 -0.341965 -0.416145 -0.212407 0.223738 1.000000 -0.043875 0.147882 -0.308544 0.257373 -0.366615 -0.124497 0.143393 0.178306 -0.437819 -0.446232 -0.424265 -0.394875 0.343487 0.385303 0.105077 0.092459 0.103141 0.034656 0.413969 0.593313 0.058927 0.082971 -0.099288 -0.080425 -0.317411 -0.229212 -0.062668 -0.044326 -0.213291 -0.408206 -0.083860 -0.203131 0.127980 -0.229652 0.256118 0.091869 0.479742 0.683518 0.157582 0.332480 -0.017414 -0.209325 -0.113088 0.117441 -0.418336 -0.295050 0.422950 0.387867 0.713390 0.682667 0.077925 -0.167876 -0.395943 -0.241446 -0.274246 -0.221202 -0.070110 0.502079 -0.227121 0.004203 0.076294 -0.325100 0.193713 0.015663 0.070762 0.103292 0.179387 -0.100526 0.123624 0.133583 0.236982 -0.057886 0.169052 -0.303922 0.279099 -0.290005 0.064471 0.130799 0.266351 0.112104 0.417281 0.226469 0.395719 0.012960 0.329648 -0.423058 0.257874 -0.076119 -0.127577 0.109512 0.155026 -0.024719 0.108674 -0.111218 -0.044927 -0.003868
0.033916 0.003574 0.148149 0.217990 0.191843 0.395432 0.194405 0.147907 0.434161 0.286521 0.067528 -0.071293 0.101148 0.011256 0.376653 0.288819 0.181164 0.013990 0.021962 -0.043875 1.000000 0.688252 0.354750 0.431769 0.446704 0.512637 0.282246 0.337268 0.132138 0.253323 0.552986 0.492783 0.011540 0.279876 -0.141196 -0.207078 -0.270877 -0.217977 -0.143185 -0.171768 0.187453 0.304144 -0.253026 -0.356232 0.101990 0.195167 -0.316786 -0.407115 -0.068201 0.123649 -0.216597 0.098756 -0.237234 -0.003224 -0.448888 -0.346449 -0.102336 -0.135014 0.107160 0.100790 -0.452418 -0.182072 -0.162393 -0.311550 -0.102840 -0.278240 -0.271857 -0.160477 -0.090992 -0.110776 0.436040 0.447735 0.298950 0.488783 0.250653 0.174953 0.193611 0.171669 -0.002782 -0.184211 -0.015885 -0.012512 0.522408 0.131391 0.008194 -0.183311 0.161869 -0.015165 0.228325 -0.190984 -0.184552 -0.066062 -0.163686 0.061858 -0.252691 0.068211 -0.258319 -0.268617 -0.419133 -0.086128 -0.484715 -0.047256 -0.256687 0.107401 -0.299715 -0.089662 0.202973 -0.085270 -0.150626 -0.474576 -0.236771 -0.469905 -0.070042 -0.251751 0.060037 -0.326855
-0.123116 0.201376 -0.057804 0.177021 -0.029865 0.286377 -0.200893 -0.068655 0.116015 0.047367 -0.203337 -0.252960 -0.161096 -0.196336 0.092922 0.120573 -0.090083 -0.156777 0.019822 0.147882 0.688252 1.000000 0.049112 0.241841 0.164468 0.407684 0.385069 0.426171 0.074431 -0.075073 0.249330 0.209245 -0.170164 0.100086 0.047568 -0.062589 -0.137057 -0.004689 0.117815 0.038331 0.057899 0.452107 -0.078989 -0.189767 0.002661 0.026873 -0.095296 -0.258639 -0.226244 0.049059 0.158519 0.164968 0.132313 -0.001475 -0.049414 -0.000137 0.065912 0.136469 0.099978 0.280988 -0.377182 -0.175273 -0.168504 -0.110300 -0.160115 -0.243791 -0.067340 -0.082759 0.117916 0.258624 0.148665 0.363097 0.015596 0.010202 -0.042192 -0.082453 -0.003986 0.153035 -0.234232 -0.395659 0.130047 -0.097427 0.489950 0.027822 0.258187 -0.072225 0.306568 -0.075784 0.369651 0.088791 -0.149843 -0.116206 -0.152182 0.070049 0.056258 0.126530 -0.067724 0.034972 -0.179357 0.151866 -0.167200 -0.159898 -0.009270 -0.102139 -0.328732 -0.231207 -0.059389 -0.021673 -0.009862 -0.370915 -0.152501 -0.352269 0.213923 -0.206831 0.059753 -0.119064
0.398680 -0.004662 0.618235 0.477051 0.679229 0.376255 0.589330 0.490713 0.586613 0.465706 0.692434 0.264075 0.704971 0.670617 0.737556 0.750534 0.548512 0.387238 -0.271345 -0.308544 0.354750 0.049112 1.000000 0.099323 0.735541 0.607046 0.265604 0.317952 0.451495 0.239767 0.592327 0.639013 -0.195215 0.177890 -0.087316 -0.262292 0.030774 -0.364561 -0.205198 -0.437472 0.253543 0.264689 -0.693180 -0.661716 -0.328773 -0.035640 -0.714374 -0.663205 0.147759 -0.061286 -0.312120 -0.386784 -0.520292 -0.345881 -0.523609 -0.697402 0.065193 -0.060079 0.046062 -0.442724 0.028688 0.117050 -0.176820 -0.606378 0.245644 -0.076050 -0.543517 -0.258454 -0.257079 -0.237365 0.517715 0.657915 0.515314 0.372176 0.458232 0.620569 0.353301 0.180398 0.289950 0.239226 0.082089 -0.115444 0.264683 0.230599 0.103075 -0.591867 -0.148917 0.154429 0.318677 -0.523591 -0.530795 -0.356645 0.145462 -0.051441 -0.468233 -0.400253 -0.529332 -0.720091 -0.809383 -0.682028 -0.074688 0.329481 0.045000 0.240310 -0.076310 0.157400 0.072131 -0.084773 -0.526158 -0.666663 -0.402548 -0.548533 -0.469618 -0.198868 0.072824 -0.127585
-0.043663 0.083257 -0.205164 0.265862 0.095119 0.335327 -0.006068 0.250986 0.056529 0.195580 -0.007917 0.126490 -0.040936 0.019540 0.121936 0.043843 0.301369 0.056317 -0.159503 0.257373 0.431769 0.241841 0.099323 1.000000 0.193908 0.191751 0.371730 0.264576 0.086587 0.090131 0.311721 0.308576 0.136474 0.146308 -0.320172 -0.229179 0.038757 -0.197119 0.172172 0.048214 0.346912 0.114343 -0.213137 -0.292772 -0.046008 0.185967 -0.277212 -0.375700 0.209808 0.079012 -0.200580 0.032365 -0.236559 -0.227584 -0.131611 -0.213487 0.128661 -0.027552 -0.287404 -0.038222 -0.273897 -0.214773 -0.014971 0.036751 -0.362571 -0.100031 -0.197932 -0.041710 0.195913 -0.234228 0.409657 0.301742 0.247575 0.473790 0.411478 0.260882 0.174664 0.124799 0.075953 -0.162347 0.136560 -0.327127 0.093127 -0.186934 -0.289910 -0.103609 0.158679 -0.195351 0.078853 -0.147350 -0.022809 -0.236839 -0.106476 -0.355041 -0.055123 -0.032374 -0.367029 -0.175477 -0.391053 -0.351176 -0.050411 0.228430 0.033324 0.243470 0.401503 0.002689 0.515722 0.088762 0.030737 -0.285018 -0.460260 -0.373717 -0.306312 -0.264221 -0.032865 -0.296326
0.279950 -0.128479 0.391311 0.204043 0.589017 0.319787 0.474393 0.316432 0.518188 0.457504 0.542619 -0.108107 0.580880 0.466610 0.669740 0.615912 0.597425 0.291378 -0.415333 -0.366615 0.446704 0.164468 0.735541 0.193908 1.000000 0.680952 0.284894 0.346809 0.425177 0.318724 0.582966 0.524635 -0.392063 -0.045541 -0.012940 -0.026013 0.067620 -0.319648 -0.195024 -0.429472 0.243867 0.431663 -0.540243 -0.531371 -0.132584 0.135470 -0.604739 -0.515597 0.362113 0.195952 0.039156 -0.098350 -0.296614 -0.173840 -0.504219 -0.544785 -0.102799 -0.207108 0.066778 -0.250944 -0.156017 -0.041189 -0.132069 -0.550085 0.012531 -0.166884 -0.465815 -0.170586 -0.424641 -0.338807 0.422521 0.658729 0.546338 0.437620 0.510993 0.548637 0.403613 0.249833 0.152857 0.259231 0.214691 0.075036 0.329009 0.079627 -0.001040 -0.478122 0.167411 0.204636 0.187405 -0.392594 -0.309498 -0.285908 -0.091260 0.130205 -0.460875 -0.159805 -0.523426 -0.464948 -0.717828 -0.587876 -0.048919 0.221458 -0.040781 0.165906 -0.194910 0.140375 0.084003 -0.119403 -0.438326 -0.538519 -0.196776 -0.509756 -0.364947 -0.211920 -0.056058 -0.277787
0.275802 -0.005388 0.377067 0.239725 0.515002 0.677183 0.257385 0.206958 0.521736 0.504903 0.236473 -0.107998 0.274671 0.350611 0.629225 0.651322 0.327150 0.106568 -0.329661 -0.124497 0.512637 0.407684 0.607046 0.191751 0.680952 1.000000 0.687641 0.813546 0.218325 0.062364 0.555172 0.489884 -0.329729 0.053558 0.216977 0.103114 0.225650 -0.058969 0.153849 -0.189241 0.128763 0.402158 -0.559396 -0.512283 -0.463183 -0.015630 -0.591742 -0.451582 0.016253 -0.178944 -0.189192 -0.302676 -0.479086 -0.454405 -0.348250 -0.395467 0.017835 -0.133919 0.198651 -0.141591 -0.143965 0.038886 -0.269433 -0.497607 0.173421 -0.069367 -0.347151 0.028086 -0.196300 -0.222645 0.420075 0.422876 0.382045 0.223775 0.372377 0.516003 0.364470 0.314297 0.116838 -0.011303 0.132062 -0.228191 0.379924 0.048671 0.104531 -0.473618 0.499222 0.407109 0.564976 -0.168536 -0.364511 -0.209582 0.002200 0.269221 -0.384567 -0.178485 -0.276723 -0.410167 -0.632764 -0.382600 0.028734 0.266403 -0.024180 0.151819 -0.376363 -0.171949 -0.042704 -0.253557 -0.464649 -0.521877 -0.146039 -0.563948 -0.298135 -0.538733 -0.102535 -0.377257
0.339896 0.167563 0.260659 0.377848 0.513269 0.825238 0.134662 0.276108 0.306299 0.293420 -0.096557 -0.328545 -0.057490 0.085275 0.373979 0.306338 0.068685 -0.094983 -0.087183 0.143393 0.282246 0.385069 0.265604 0.371730 0.284894 0.687641 1.000000 0.898966 -0.105810 -0.303280 0.322046 0.267052 -0.227433 -0.051294 0.102190 0.171043 0.375630 -0.046264 0.341247 0.024219 0.000441 0.120131 -0.562019 -0.547369 -0.587059 -0.174172 -0.554217 -0.470254 -0.011036 -0.344710 -0.202395 -0.356687 -0.388082 -0.692126 -0.109645 -0.271408 0.252979 0.122148 0.297205 0.112152 -0.031139 0.111371 -0.232225 -0.148915 -0.037500 -0.135874 -0.036360 0.240580 0.079053 -0.062434 0.302192 0.337099 0.119143 0.033803 0.286906 0.355472 0.247311 0.288940 0.211384 -0.226299 0.043211 -0.528991 0.207593 -0.207557 -0.093111 -0.572690 0.630955 0.251416 0.672340 -0.200073 -0.183667 -0.197302 -0.051109 0.238881 -0.159545 -0.337196 -0.130570 -0.370383 -0.467207 -0.407212 0.119209 0.218639 0.129896 0.084767 -0.105566 -0.229568 0.113490 0.014750 -0.129186 -0.235200 -0.155279 -0.628912 -0.413108 -0.502388 -0.284278 -0.412709
0.372835 0.055071 0.308751 0.399689 0.431835 0.813335 0.172900 0.229486 0.359066 0.370502 -0.013788 -0.266085 0.015787 0.088251 0.529187 0.440171 0.095459 -0.099034 -0.052191 0.178306 0.337268 0.426171 0.317952 0.264576 0.346809 0.813546 0.898966 1.000000 0.014467 -0.281885 0.392925 0.307049 -0.246697 0.002624 0.147360 0.162918 0.326979 -0.021307 0.306252 -0.060072 -0.034943 0.172739 -0.532944 -0.468002 -0.612767 -0.131978 -0.591175 -0.458718 -0.150396 -0.414243 -0.229241 -0.437189 -0.511637 -0.681484 -0.190007 -0.340927 0.134048 0.070880 0.282281 0.000474 -0.124462 -0.098070 -0.219906 -0.343524 -0.005376 -0.176041 -0.090084 0.253960 0.024103 -0.082465 0.448119 0.342341 0.221275 0.074448 0.321179 0.393149 0.280716 0.341889 0.138879 -0.201211 0.151329 -0.539470 0.381946 -0.039145 0.091550 -0.455997 0.718648 0.343455 0.704214 -0.166111 -0.202278 -0.119118 0.044278 0.244784 -0.220128 -0.335595 -0.176884 -0.333932 -0.482135 -0.313029 0.126754 0.298970 0.068109 0.189179 -0.205009 -0.332590 0.062644 -0.154488 -0.257409 -0.298327 -0.098705 -0.619609 -0.396581 -0.582263 -0.262027 -0.459378
-0.082209 -0.462161 0.260402 0.139159 0.166291 -0.026133 0.396214 0.158707 0.328175 0.309488 0.777298 0.125994 0.673084 0.360725 0.588946 0.485844 0.666341 0.316988 -0.028215 -0.437819 0.132138 0.074431 0.451495 0.086587 0.425177 0.218325 -0.105810 0.014467 1.000000 0.491153 0.640502 0.681336 -0.142754 -0.030813 -0.415333 -0.533450 -0.294214 -0.377877 -0.285868 -0.663875 0.055160 0.172384 -0.027543 -0.002581 0.070187 0.101754 -0.279462 -0.194348 0.184655 0.213886 0.072888 -0.003587 -0.363370 0.065691 -0.463385 -0.503294 -0.420568 -0.477745 -0.454627 -0.340275 -0.080498 -0.318107 0.387139 -0.257727 -0.059753 -0.281958 -0.309384 -0.600661 -0.352335 -0.403323 0.384312 0.543913 0.802185 0.417390 0.369781 0.293687 -0.104883 -0.327469 0.244803 -0.023504 0.564832 -0.036409 0.345322 0.216942 0.213534 -0.010059 0.006803 -0.113244 -0.246103 -0.392085 -0.186655 0.039911 -0.247825 -0.284899 -0.233394 0.120771 -0.496109 -0.179130 -0.486106 -0.262727 -0.220758 0.236460 -0.292106 0.365900 0.052471 0.197044 0.102771 -0.200494 -0.158628 -0.420186 -0.357388 -0.126865 -0.260470 -0.257461 -0.118625 -0.139673
-0.212143 -0.118849 -0.079476 -0.300188 0.073096 -0.322176 0.156843 -0.095411 0.235710 0.164975 0.485576 0.403985 0.351538 0.408844 0.234183 0.281586 0.480610 0.526308 -0.426487 -0.446232 0.253323 -0.075073 0.239767 0.090131 0.318724 0.062364 -0.303280 -0.281885 0.491153 1.000000 0.321169 0.331318 0.004245 0.119376 -0.455194 -0.463531 -0.217662 -0.058515 -0.314361 -0.492719 0.096122 0.297120 0.098574 0.123755 0.247463 0.271720 0.021295 0.129794 0.382465 0.555850 -0.041047 0.414031 -0.082647 0.342395 -0.543603 -0.142307 -0.144252 -0.318539 -0.604801 -0.187142 -0.360195 0.134661 -0.039958 0.139696 -0.154763 0.062286 -0.444090 -0.662293 -0.223654 -0.337119 0.038587 0.105000 0.539928 0.690576 0.422402 0.352837 0.116397 -0.289571 0.039667 0.358987 0.188631 0.528406 -0.001918 0.206690 -0.141817 0.311622 -0.129717 0.218197 -0.491060 -0.023465 -0.395030 -0.149676 -0.424352 -0.093568 -0.089953 0.549458 -0.050946 0.049422 -0.072487 0.037065 -0.344570 0.006284 -0.368934 -0.006164 -0.153333 0.317814 -0.156405 -0.200609 0.052426 -0.218166 -0.346590 0.082253 0.143878 0.137783 0.270107 0.159362
0.073777 -0.480646 0.608973 0.363271 0.468301 0.525187 0.745538 0.516035 0.742439 0.731883 0.613437 -0.044224 0.556579 0.384014 0.832319 0.711780 0.494988 0.099052 0.076428 -0.424265 0.552986 0.249330 0.592327 0.311721 0.582966 0.555172 0.322046 0.392925 0.640502 0.321169 1.000000 0.954408 -0.267116 -0.090514 -0.388311 -0.429711 -0.255646 -0.423611 -0.403364 -0.605485 0.030346 0.003218 -0.403640 -0.408670 -0.053347 0.077544 -0.603930 -0.487422 0.090242 0.088901 -0.338037 -0.177425 -0.617857 -0.271161 -0.646496 -0.687923 -0.418165 -0.568832 -0.088253 -0.270559 -0.052326 -0.133348 0.171183 -0.412887 0.185687 -0.241191 -0.510189 -0.352446 -0.517194 -0.585985 0.680551 0.658437 0.702946 0.532879 0.521399 0.454477 0.204198 -0.175726 0.294948 -0.250588 0.143087 -0.277921 0.564135 0.380215 -0.067777 -0.415451 0.150229 -0.085413 0.194899 -0.512818 -0.052380 0.123289 -0.011689 0.021144 -0.413288 -0.138701 -0.541445 -0.524786 -0.724069 -0.475561 -0.204845 0.376233 -0.134230 0.424592 -0.124358 -0.070975 0.439170 0.050300 -0.188993 -0.546266 -0.499190 -0.554554 -0.531036 -0.448664 -0.262128 -0.469738
0.113633 -0.411208 0.630621 0.443577 0.538741 0.455711 0.727813 0.584457 0.655669 0.669663 0.709532 0.094268 0.678324 0.460483 0.809832 0.703114 0.485435 0.114376 0.105311 -0.394875 0.492783 0.209245 0.639013 0.308576 0.524635 0.489884 0.267052 0.307049 0.681336 0.331318 0.954408 1.000000 -0.276335 -0.046602 -0.482785 -0.530669 -0.355316 -0.490947 -0.480686 -0.654922 -0.003011 -0.018762 -0.455907 -0.434134 -0.066492 0.060390 -0.639731 -0.535285 0.142253 0.093227 -0.341040 -0.134241 -0.572699 -0.225217 -0.690229 -0.731069 -0.370781 -0.503867 -0.165802 -0.295533 -0.015687 -0.051156 0.165394 -0.422372 0.116608 -0.249189 -0.533840 -0.381034 -0.497333 -0.507342 0.709968 0.690559 0.677288 0.499602 0.404191 0.458709 0.111069 -0.196431 0.189373 -0.295904 0.095119 -0.279808 0.518217 0.440349 -0.132797 -0.408382 0.021383 -0.170562 0.113898 -0.564423 -0.059502 0.153064 0.092016 -0.033028 -0.358209 -0.191602 -0.622753 -0.573722 -0.717361 -0.500177 -0.201436 0.463449 -0.055820 0.450854 -0.073840 -0.127931 0.434932 -0.014481 -0.220230 -0.580347 -0.556269 -0.482770 -0.462034 -0.445444 -0.287839 -0.479790
0.092496 0.341934 -0.359131 -0.079362 -0.390009 -0.119835 -0.317256 -0.193516 -0.447269 -0.534769 -0.248213 0.289101 -0.264247 -0.267931 -0.394729 -0.483137 -0.034638 -0.064303 0.224528 0.343487 0.011540 -0.170164 -0.195215 0.136474 -0.392063 -0.329729 -0.227433 -0.246697 -0.142754 0.004245 -0.267116 -0.276335 1.000000 0.677614 0.025340 -0.182660 -0.116837 -0.261461 0.370230 0.412182 0.350632 -0.256178 0.304510 0.339437 -0.083179 -0.231921 0.227487 0.371872 -0.190080 -0.386521 -0.405502 -0.286788 -0.162148 -0.080173 0.099392 -0.045583 0.301701 0.310962 0.147358 0.285307 0.264075 -0.083581 0.321454 0.389540 -0.083239 -0.186069 0.539495 -0.042212 0.488635 0.272902 -0.138644 -0.322370 0.093357 0.156186 0.089742 -0.156643 0.053488 0.160534 0.301944 0.127447 0.048270 -0.147512 -0.066681 -0.321200 0.104373 0.146872 -0.184759 -0.077579 -0.223553 -0.179952 -0.103429 -0.083699 -0.156225 -0.538225 -0.005108 -0.017510 0.080679 0.011243 0.220631 0.026329 -0.206765 -0.119135 -0.350531 0.071435 0.225941 0.110651 0.047524 -0.235764 -0.227033 0.044168 0.116407 0.149476 -0.146758 -0.066341 0.093486 0.099227
0.354907 0.560740 -0.140810 0.044747 0.042264 0.024026 -0.226244 -0.052584 -0.212532 -0.404958 -0.052711 0.367828 0.090507 0.054711 -0.135955 -0.077380 0.057745 0.077897 -0.036972 0.385303 0.279876 0.100086 0.177890 0.146308 -0.045541 0.053558 -0.051294 0.002624 -0.030813 0.119376 -0.090514 -0.046602 0.677614 1.000000 0.099586 -0.104346 -0.145635 -0.370020 0.344872 0.300066 0.479085 0.148015 -0.033261 0.019033 -0.332548 -0.125205 -0.129326 -0.007565 -0.009854 -0.412040 -0.316458 -0.315741 -0.278133 -0.196537 -0.221591 -0.324387 0.388629 0.356898 0.136525 0.141213 0.086643 0.002433 0.100643 0.065479 -0.223898 -0.150468 0.250836 0.031270 0.460303 0.346533 0.123293 -0.025874 0.202746 0.268886 0.186960 0.226471 0.226719 0.451955 0.171026 0.317901 0.119489 -0.146579 0.283078 -0.199601 0.045802 -0.109553 -0.121186 0.142285 -0.102719 -0.359245 -0.351990 -0.211474 -0.058254 -0.530781 -0.168999 -0.153654 -0.082833 -0.235071 -0.027176 -0.147204 -0.180366 0.018010 -0.266431 -0.018989 -0.056208 -0.065910 -0.147232 -0.457718 -0.426367 -0.360485 0.152304 -0.249079 -0.057957 -0.229926 0.039046 -0.123186
-0.048708 0.131612 -0.126820 -0.353594 -0.161276 0.036485 -0.384518 -0.434053 -0.091139 -0.237375 -0.488065 -0.351422 -0.388878 -0.279835 -0.330549 -0.173776 -0.285486 -0.054365 -0.161251 0.105077 -0.141196 0.047568 -0.087316 -0.320172 -0.012940 0.216977 0.102190 0.147360 -0.415333 -0.455194 -0.388311 -0.482785 0.025340 0.099586 1.000000 0.669385 0.335814 0.397768 0.515167 0.614262 0.116110 0.138328 0.175335 0.122932 -0.149075 -0.006037 0.304608 0.253419 -0.140489 -0.299731 0.155335 -0.259242 0.138045 -0.119167 0.540753 0.412743 0.124010 0.122224 0.567625 0.079775 0.244444 0.032452 -0.042145 -0.113578 0.410962 0.265031 0.345497 0.412536 0.096473 0.166658 -0.405390 -0.343337 -0.390785 -0.617698 -0.217154 -0.270048 0.108092 0.430660 0.091707 0.250280 -0.103009 0.061460 -0.166553 -0.456774 0.270795 -0.175248 0.103095 0.377195 0.310915 0.267131 -0.025826 -0.121013 0.069325 0.190309 0.075216 -0.098911 0.388670 0.141008 0.086154 0.123321 0.231925 -0.279165 0.089691 -0.248548 -0.156322 0.078128 -0.415778 0.055854 -0.234390 0.190547 0.576677 -0.004356 0.136152 0.023778 0.116899 0.147265
0.040155 0.166996 -0.149203 -0.257632 0.022817 0.120196 -0.298298 -0.172733 -0.133395 -0.073341 -0.481574 -0.318239 -0.293705 -0.149442 -0.302747 -0.130361 -0.466471 -0.432054 -0.140440 0.092459 -0.207078 -0.062589 -0.262292 -0.229179 -0.026013 0.103114 0.171043 0.162918 -0.533450 -0.463531 -0.429711 -0.530669 -0.182660 -0.104346 0.669385 1.000000 0.431215 0.403931 0.366776 0.476869 0.118819 0.193052 0.113319 0.066559 -0.107999 0.024826 0.215708 0.182188 -0.108681 -0.331118 0.153008 -0.154926 0.240934 -0.053472 0.528216 0.445849 -0.070041 0.022092 0.397395 0.088340 0.133844 0.047669 -0.180953 -0.091269 0.121844 0.289153 0.202380 0.683922 0.060557 0.113900 -0.407296 -0.346957 -0.497968 -0.437707 -0.199362 -0.038372 0.208871 0.405662 0.011337 0.008849 -0.326229 -0.083980 -0.224527 -0.358413 0.021372 -0.158441 0.304168 0.307813 0.288726 0.357596 0.107251 -0.038087 0.059330 0.327671 -0.225041 -0.086710 0.410389 0.081946 0.227189 0.125479 0.289438 -0.266997 0.140368 -0.390961 -0.202245 -0.138817 -0.245544 0.020926 -0.080895 0.335435 0.645133 0.037207 0.129830 0.112136 0.016060 0.076439
