1.000000 0.548809 -0.205309 -0.156337 0.063645 0.024404 -0.261730 0.024648 -0.023162 0.102818 0.433903 0.152275 -0.106523 0.074893 -0.113770 -0.002225 0.327585 -0.038980 0.690360 0.361815 -0.134831 -0.057358 -0.737204 -0.262837 -0.537197 -0.509795 0.139797 -0.145467 0.279155 0.175390 -0.504203 -0.443046 0.390219 0.264465 -0.474935 -0.336647 0.052001 -0.449085 -0.038496 -0.438189 0.308333 0.078900 -0.218202 -0.246588 -0.063646 0.025352 -0.075833 -0.510826 0.155056 0.122103 0.071522 -0.271781 -0.053811 -0.498326 0.023850 -0.097595 0.188906 0.511721 0.058369 0.365366 0.200854 -0.078621 0.260565 0.116014 -0.419767 -0.107503 -0.062427 0.017008 0.239712 0.397599 -0.164480 -0.422172 0.278454 0.000915 -0.148751 -0.254409 -0.077708 -0.293919 0.225837 0.001119 0.395297 0.375714 0.183758 0.305207 -0.343882 -0.080422 0.018474 0.233787 -0.253790 0.046579 0.177698 -0.372271 -0.402025 -0.176256 0.143951 -0.287031 -0.006866 -0.308858 0.390032 -0.018974 0.098538 0.361031 0.191354 0.357760 0.123546 -0.129510 0.176012 0.263882 -0.061973 -0.121848 -0.375802 -0.169730 -0.274017 -0.253951 -0.171285 0.002192
0.548809 1.000000 -0.431118 0.351617 0.267578 0.292600 -0.141101 0.157008 0.191793 0.411544 0.527693 0.564449 0.122662 0.313966 0.026267 0.412142 0.164084 0.068491 0.340502 0.346100 -0.368029 -0.236786 -0.634175 -0.259534 -0.543025 -0.439613 0.390934 0.058829 0.186245 0.263709 -0.444652 -0.357001 0.016752 0.107160 -0.595552 -0.407796 -0.408956 -0.657450 -0.258836 -0.523194 0.104869 -0.066216 -0.087939 -0.255983 0.018161 0.059788 0.167725 -0.240460 0.474296 0.357408 -0.174244 0.119106 -0.145866 -0.319906 -0.275411 -0.308254 -0.093940 0.592686 0.138947 0.499153 0.224748 0.310533 0.135420 0.160082 -0.400944 0.109909 -0.299039 -0.289170 0.224417 0.274987 -0.461627 -0.388698 0.090982 -0.056977 -0.312256 -0.323412 -0.463490 -0.431006 -0.039676 0.049375 0.255411 0.146943 0.145169 0.507140 -0.563986 -0.121452 -0.009987 0.205881 -0.626399 -0.418179 0.306940 -0.209223 -0.058397 -0.070868 -0.131858 -0.446392 -0.473480 -0.333216 0.327297 0.154533 0.128607 0.300363 0.323401 0.557121 0.418104 -0.158115 -0.012697 -0.100768 -0.129732 -0.329266 -0.641224 0.072321 0.050681 -0.218437 -0.473701 0.427695
-0.205309 -0.431118 1.000000 -0.366955 -0.278111 -0.415608 0.579058 0.414364 -0.163816 -0.068667 -0.093389 -0.053663 -0.005497 -0.075579 -0.213390 -0.434777 0.048774 0.300373 0.022138 -0.269175 0.146288 0.038898 0.397663 -0.222094 0.223320 0.338089 -0.433620 -0.304357 -0.055175 0.173157 0.510641 0.274174 -0.382027 -0.061058 0.092257 0.209809 0.218969 0.398830 -0.094718 0.018344 -0.195813 0.274756 -0.193910 -0.224239 -0.165428 -0.185737 -0.224588 -0.084792 -0.285324 -0.381779 0.554183 -0.180178 -0.025166 0.055547 -0.083888 0.290648 0.066731 -0.196851 -0.423124 -0.452390 -0.259292 -0.207696 -0.362092 0.120201 0.492653 0.502541 0.202324 0.198894 -0.284632 -0.335281 0.312661 0.491082 -0.036160 0.370705 0.382370 0.367400 0.234870 0.298956 0.442233 0.375081 0.260655 0.376447 -0.285916 -0.260735 0.389625 0.312951 -0.231741 -0.169701 0.497756 0.298383 -0.211760 0.042672 0.135458 0.079282 0.141779 0.281153 0.013377 -0.088896 -0.183787 -0.005348 -0.326504 -0.381960 -0.305850 -0.448538 -0.288837 -0.086912 -0.064001 -0.061605 -0.008881 -0.047460 0.077694 0.025848 -0.046650 -0.095036 0.046968 -0.278696
-0.156337 0.351617 -0.366955 1.000000 0.662532 0.742753 0.208387 0.025919 0.567920 0.629709 0.081260 0.067980 0.410275 0.111742 0.487239 0.698710 -0.254295 -0.023957 0.193618 0.462994 -0.307634 -0.491340 0.217633 0.498416 -0.197262 -0.165665 0.774286 0.575095 0.218108 -0.042949 -0.263811 -0.057568 -0.356932 -0.025034 0.048518 -0.100532 -0.260941 -0.135223 0.035547 0.004753 0.480987 0.120449 -0.415504 -0.424788 -0.407948 -0.453005 0.081952 -0.096274 0.173168 -0.114501 -0.498134 0.294032 0.170035 0.250497 -0.051787 -0.147193 -0.146628 0.066386 0.345987 0.332757 0.212838 0.530951 -0.073812 0.180721 -0.200017 -0.132410 -0.514719 -0.521375 0.046905 0.284535 -0.260521 -0.290550 0.078393 -0.383237 0.273182 -0.399285 -0.100432 -0.057738 -0.491671 -0.226458 -0.253189 -0.256360 0.560985 0.508502 -0.310245 -0.318104 0.188306 0.289967 -0.335204 -0.339565 0.475554 0.177673 0.387647 0.229524 -0.083140 -0.136688 -0.342777 -0.189300 0.039479 0.171561 0.393995 0.225019 0.305650 0.105316 -0.033178 -0.382244 -0.262390 -0.496014 0.100841 -0.142037 -0.429540 0.025549 -0.070242 0.065342 -0.126808 0.243253
0.063645 0.267578 -0.278111 0.662532 1.000000 0.901326 0.106681 0.081318 0.775970 0.762694 0.034961 0.078455 0.397963 0.197679 0.399187 0.778011 -0.151646 0.002443 0.341190 0.451660 -0.546972 -0.332050 0.096024 0.509457 -0.053573 -0.213326 0.947903 0.697245 0.110902 -0.192621 -0.555358 -0.354360 -0.298870 -0.179912 -0.022527 -0.269651 -0.223618 -0.188403 -0.080924 0.163046 0.134800 0.113088 -0.378805 -0.492361 -0.471633 -0.476943 -0.034148 -0.453925 0.165739 -0.202926 -0.191109 0.227358 0.156505 -0.018545 -0.136536 -0.053958 -0.196793 -0.060234 0.397419 0.474615 0.189420 0.348325 0.125022 0.150131 -0.309328 -0.192990 -0.221891 -0.322951 0.153660 0.361727 -0.352139 -0.654979 -0.120216 -0.486558 0.156368 -0.493402 -0.137184 -0.182434 -0.447153 -0.368873 -0.127454 -0.128900 0.258667 0.414745 -0.117594 -0.281151 0.234262 0.414278 -0.453603 -0.391154 0.520754 -0.145726 0.243240 0.123250 0.330490 -0.076175 -0.042138 -0.117771 0.107725 0.136094 0.402546 -0.057191 0.392073 -0.116194 0.042230 -0.363954 -0.425463 -0.440204 0.326231 -0.338480 -0.414209 0.165320 -0.058134 0.068301 -0.041370 0.073547
0.024404 0.292600 -0.415608 0.742753 0.901326 1.000000 0.049612 0.079070 0.652614 0.782375 -0.047736 0.082541 0.185021 0.038144 0.426619 0.746490 -0.301901 -0.123574 0.380126 0.561301 -0.454494 -0.238083 0.114037 0.521569 -0.026167 0.005404 0.938305 0.837762 0.091002 -0.346425 -0.524559 -0.228157 -0.350366 -0.093151 0.157029 0.021323 -0.341001 -0.275538 0.057521 0.113501 0.310317 0.069102 -0.333750 -0.395456 -0.346219 -0.325360 -0.123024 -0.407711 0.009348 -0.115958 -0.304517 0.119697 -0.014880 -0.050015 -0.196018 -0.195167 -0.208273 -0.057119 0.274674 0.328880 -0.032248 0.269340 0.001104 0.041665 -0.280340 -0.163387 -0.348897 -0.233291 0.076759 0.416380 -0.408621 -0.611306 -0.117847 -0.537475 0.042176 -0.515835 -0.259444 -0.170368 -0.525660 -0.365553 -0.220324 -0.197576 0.442217 0.492321 -0.066541 -0.197423 0.346123 0.543525 -0.401980 -0.385665 0.418707 0.023879 0.375639 0.271103 0.158529 -0.277445 -0.142856 -0.215024 0.016641 0.028689 0.567903 0.152548 0.489676 0.050888 0.104220 -0.278833 -0.331518 -0.453350 0.255162 -0.381759 -0.297764 -0.036172 -0.205230 0.053765 -0.124251 0.130440
-0.261730 -0.141101 0.579058 0.208387 0.106681 0.049612 1.000000 0.662549 0.198858 0.212611 -0.096828 0.002918 0.089233 0.187316 -0.050383 -0.026933 -0.276692 0.270962 0.195283 0.181919 0.052423 -0.260799 0.327237 0.027932 -0.195782 0.110285 0.040955 -0.167084 0.035334 0.242686 0.431063 0.401321 -0.426000 0.243278 0.103590 0.134145 -0.202934 0.177040 -0.176251 -0.055564 0.163945 0.472598 -0.488092 -0.554078 -0.368051 -0.404309 -0.174629 -0.158996 -0.200849 -0.428092 -0.094722 -0.054621 0.057139 0.246282 -0.263536 -0.063011 -0.191659 -0.047345 -0.176229 -0.108010 -0.003157 0.255764 -0.349557 0.380310 0.464967 0.442032 -0.233462 -0.116213 -0.476207 -0.145391 0.114223 0.144636 -0.027400 0.049654 0.484236 0.045374 0.065125 0.152757 -0.031071 0.165542 0.131438 0.229301 0.086370 0.206382 0.104665 0.045772 -0.101026 0.201928 0.112653 -0.240082 0.039962 0.112898 0.361537 0.293038 0.249498 0.377365 -0.311745 -0.296344 -0.221074 0.135648 -0.104791 -0.192749 -0.079154 -0.277262 -0.130958 -0.257556 -0.120475 -0.449987 0.443683 -0.209424 -0.353796 0.171999 -0.052562 -0.094806 0.024341 0.258987
0.024648 0.157008 0.414364 0.025919 0.081318 0.079070 0.662549 1.000000 0.015543 0.389039 0.070033 0.544336 -0.167051 0.315821 -0.242103 0.021726 -0.352468 0.038202 0.194690 0.320893 -0.113149 -0.158934 -0.148094 -0.134732 -0.353045 0.035956 0.007611 -0.195808 -0.129824 0.102771 0.158779 0.132817 -0.360950 0.102359 -0.088418 0.156472 -0.419170 -0.242999 -0.172937 -0.290645 0.053939 0.299923 -0.255344 -0.392619 -0.095806 0.020087 -0.141105 -0.295497 -0.061175 -0.028029 0.073305 -0.114791 -0.225629 -0.073223 -0.557477 -0.153897 -0.400461 -0.198202 -0.284419 -0.032929 -0.249249 0.049874 -0.327183 0.062107 0.177720 0.710295 0.035504 0.189607 -0.513590 -0.005307 -0.022919 0.149720 -0.220367 0.002201 -0.005071 0.117511 -0.199483 -0.010433 0.096063 0.107340 0.185132 0.251533 -0.153960 0.419421 -0.002144 0.299531 -0.194389 0.350936 -0.255466 -0.298962 0.020383 -0.060316 0.488668 0.075345 0.099620 -0.126432 -0.503632 -0.446734 -0.068814 -0.015216 0.092466 -0.008575 0.105961 -0.009278 0.235591 -0.099212 -0.044948 -0.351138 0.206919 -0.412356 -0.491446 0.131055 -0.085947 -0.180107 -0.297903 0.247369
-0.023162 0.191793 -0.163816 0.567920 0.775970 0.652614 0.198858 0.015543 1.000000 0.686386 -0.044510 0.085196 0.550592 0.152960 0.376311 0.719892 -0.035481 0.150564 0.182557 0.219993 -0.495122 -0.240558 0.242256 0.543803 0.086439 -0.216049 0.750742 0.508512 0.235414 -0.051698 -0.384475 -0.211575 -0.217046 -0.009981 0.082229 -0.303014 -0.131195 -0.061390 -0.293921 0.130968 0.055617 0.150113 -0.400367 -0.576282 -0.592943 -0.589611 0.132329 -0.323768 0.084295 -0.461654 -0.213942 0.087288 0.219015 0.060236 -0.254403 -0.047080 -0.024468 0.011043 0.332005 0.272637 0.187684 0.253500 0.151730 0.245936 -0.198687 -0.188901 -0.362586 -0.422440 0.312708 0.141052 -0.442671 -0.435964 0.028028 -0.454906 0.208377 -0.434726 -0.030942 -0.244739 -0.385263 -0.048670 0.082599 0.030866 0.251027 0.410871 -0.055458 -0.074645 0.219438 0.257930 -0.365716 -0.377768 0.496861 -0.141837 0.327087 0.188462 0.345669 0.111081 -0.048101 0.193400 -0.046411 0.276014 0.108011 -0.204022 0.203260 -0.243640 0.057868 -0.334019 -0.494656 -0.608949 0.217282 -0.032206 -0.336808 0.344878 -0.095625 0.025303 -0.000944 0.128392
0.102818 0.411544 -0.068667 0.629709 0.762694 0.782375 0.212611 0.389039 0.686386 1.000000 0.121336 0.479729 0.286033 0.229052 0.354192 0.753344 -0.191203 0.065852 0.391315 0.508209 -0.632981 -0.402350 0.119331 0.396883 -0.143591 -0.089368 0.776583 0.578904 0.103391 -0.203365 -0.498136 -0.291926 -0.495298 -0.202419 -0.059369 -0.107051 -0.370833 -0.292969 -0.151627 -0.120771 0.205472 0.088361 -0.429206 -0.605567 -0.489414 -0.398058 0.018656 -0.450854 0.107484 -0.219836 -0.040448 0.082390 0.025558 -0.049867 -0.363363 -0.077668 -0.268339 -0.082629 0.145373 0.279769 -0.086141 0.201338 -0.054914 0.116591 -0.266615 0.190066 -0.248173 -0.237023 0.111011 0.324238 -0.558260 -0.393464 -0.091619 -0.385855 0.090573 -0.470369 -0.325714 -0.248257 -0.313845 -0.123096 0.020699 0.061515 0.246743 0.578725 -0.102418 0.023048 0.212994 0.555587 -0.408433 -0.347246 0.564889 0.048788 0.543729 0.257483 0.164271 -0.323802 -0.310308 -0.252215 0.113056 0.247442 0.321218 0.045534 0.421146 -0.069008 0.208863 -0.364956 -0.394819 -0.578184 0.033070 -0.383025 -0.478387 0.102440 -0.113473 0.013908 -0.228891 0.165852
0.433903 0.527693 -0.093389 0.081260 0.034961 -0.047736 -0.096828 0.070033 -0.044510 0.121336 1.000000 0.441342 0.441615 0.624166 0.158339 0.223951 0.447608 0.333158 0.004358 0.041952 -0.469014 -0.512053 -0.401855 -0.381612 -0.447954 -0.482124 0.102739 -0.204982 0.278696 0.325513 -0.323870 -0.379794 0.030783 -0.238503 -0.738267 -0.488662 -0.006481 -0.199328 -0.328731 -0.429994 0.074781 -0.011890 -0.013689 -0.089994 0.157441 0.124397 0.297026 0.015995 0.500730 0.392646 0.365864 0.133908 0.030748 -0.173844 0.053790 0.116051 0.094869 0.440694 -0.067562 0.274382 0.289122 0.071186 0.222475 0.082887 -0.198636 -0.015921 -0.063348 -0.196940 0.077919 0.001626 -0.247159 -0.343753 0.091991 0.032124 -0.185345 -0.303291 -0.294421 -0.385256 0.294631 0.244041 0.405624 0.526018 -0.168309 0.076354 -0.291072 0.118239 -0.433576 0.008702 -0.414956 -0.120971 0.138638 -0.039400 -0.401621 -0.363246 0.219341 -0.105934 -0.201533 -0.244567 0.563425 0.360491 -0.385766 -0.134767 -0.063741 0.141241 0.079965 -0.239139 -0.143880 -0.020007 0.073322 -0.161064 -0.445840 0.238458 0.315892 -0.194210 -0.491554 0.126121
0.152275 0.564449 -0.053663 0.067980 0.078455 0.082541 0.002918 0.544336 0.085196 0.479729 0.441342 1.000000 0.036436 0.427084 -0.150570 0.276055 0.066682 0.064652 -0.078246 0.165261 -0.489099 -0.261712 -0.297419 -0.226005 -0.283111 -0.272176 0.119129 -0.115779 -0.050407 0.077079 -0.303503 -0.364687 -0.174752 -0.212114 -0.445684 -0.264721 -0.276312 -0.434110 -0.171395 -0.345438 -0.139958 -0.089699 0.062985 -0.132992 0.110271 0.247598 0.338906 -0.037892 0.293118 0.285671 0.189835 0.103319 -0.214115 -0.178755 -0.421500 -0.174508 -0.323576 0.035549 -0.096187 0.169982 -0.129816 -0.009925 0.047650 -0.072162 -0.171994 0.494664 0.058478 0.040555 -0.046146 0.052392 -0.442212 -0.048535 -0.127544 0.054437 -0.275217 -0.018595 -0.500958 -0.331514 0.091575 0.095264 0.298621 0.174923 -0.281290 0.391963 -0.182450 0.337602 -0.201037 0.261876 -0.442199 -0.258974 0.208474 0.034454 0.200822 -0.216255 0.022477 -0.518175 -0.428697 -0.264784 0.202702 0.110747 -0.162857 -0.061545 0.166435 0.210985 0.497843 -0.089254 -0.168170 -0.332529 -0.144978 -0.309271 -0.479644 0.235648 0.235007 -0.147858 -0.407501 0.393977
-0.106523 0.122662 -0.005497 0.410275 0.397963 0.185021 0.089233 -0.167051 0.550592 0.286033 0.441615 0.036436 1.000000 0.442688 0.470926 0.527891 0.356456 0.432841 -0.215387 -0.181758 -0.398911 -0.428572 0.225792 0.170432 0.020026 -0.343479 0.357731 0.147234 0.364847 0.285601 -0.186421 -0.212654 -0.099252 -0.297776 -0.245403 -0.541618 0.163692 0.298469 -0.313946 0.100252 -0.052122 0.050317 -0.115924 -0.195016 -0.399666 -0.492461 0.479490 0.223720 0.459186 -0.196469 0.137145 0.477153 0.509887 0.381750 0.241641 0.467126 0.147207 0.115061 0.266866 0.196177 0.453825 0.366131 0.140051 0.262310 -0.162468 -0.212077 -0.222946 -0.614515 0.361142 -0.198614 -0.127205 -0.177624 0.193629 -0.053421 0.282714 -0.153311 0.276528 0.064084 0.040622 0.108210 0.013500 0.123040 -0.057129 0.041900 -0.220563 -0.147507 -0.213144 -0.195479 -0.369864 -0.096934 0.365687 -0.070295 -0.136920 -0.277070 0.388786 0.424399 0.067245 0.339084 0.423268 0.489561 -0.412637 -0.491621 -0.151215 -0.425866 -0.367775 -0.491901 -0.561469 -0.411101 0.184412 0.248407 -0.253142 0.415219 0.408235 0.081838 0.042793 0.047550
0.074893 0.313966 -0.075579 0.111742 0.197679 0.038144 0.187316 0.315821 0.152960 0.229052 0.624166 0.427084 0.442688 1.000000 0.260916 0.452915 0.096309 0.282843 -0.151415 0.050345 -0.480462 -0.427359 -0.216712 -0.051850 -0.372611 -0.408710 0.177812 -0.184899 0.038608 0.204605 -0.254840 -0.246784 -0.081869 -0.283368 -0.617631 -0.525512 -0.219140 -0.106308 -0.437063 -0.199722 -0.041182 0.059660 0.020430 -0.209128 -0.076098 -0.076124 0.510274 0.095897 0.619991 0.196075 0.159312 0.378685 0.368054 0.200283 -0.091165 0.132919 -0.289247 0.001725 0.215862 0.430061 0.363867 0.250363 0.334084 0.131864 -0.255956 0.000336 0.116815 -0.273583 -0.014386 -0.085535 -0.310833 -0.364635 -0.136263 -0.183092 -0.153721 -0.359854 -0.322998 -0.447107 -0.033591 -0.010636 0.242245 0.420458 -0.370352 0.173846 -0.314736 -0.035149 -0.341890 -0.000026 -0.594810 -0.458339 0.260107 -0.009296 -0.112398 -0.266431 0.415037 0.195408 -0.234044 -0.076064 0.487622 0.559516 -0.256295 -0.272406 0.000750 -0.102337 0.245258 -0.207567 -0.338283 -0.313837 0.298460 -0.077508 -0.518515 0.594721 0.574687 0.065773 -0.205801 0.254943
-0.113770 0.026267 -0.213390 0.487239 0.399187 0.426619 -0.050383 -0.242103 0.376311 0.354192 0.158339 -0.150570 0.470926 0.260916 1.000000 0.544279 0.104343 0.217959 0.026620 -0.010855 -0.293032 -0.201862 0.287065 0.308698 0.177412 0.118247 0.420487 0.395512 0.533786 -0.076442 -0.158988 0.254297 -0.088337 0.003652 0.095868 -0.029310 -0.079587 -0.116166 -0.277417 -0.228554 0.320445 0.217399 0.063551 -0.077843 -0.103897 -0.189044 0.114808 0.163572 0.078605 -0.001634 -0.149201 0.047261 0.152269 0.269542 -0.019109 -0.135432 0.030517 -0.012303 -0.025863 -0.080104 0.023464 -0.088199 0.198071 -0.143130 0.106530 -0.394017 -0.431475 -0.434841 0.220679 -0.222104 -0.040993 -0.312681 0.286258 -0.197167 0.201500 -0.458948 0.020900 -0.269398 -0.349893 -0.126525 0.053107 0.149811 0.182008 0.240284 0.152112 -0.116346 -0.180224 -0.196618 -0.136689 -0.328242 0.165832 0.260666 0.021239 0.159772 0.088601 0.053710 -0.291971 -0.061860 0.120481 0.264917 0.021338 -0.053215 0.021318 -0.225647 -0.098247 -0.086287 -0.489143 -0.283836 -0.063821 -0.043376 -0.093031 0.338974 0.165816 -0.148562 -0.050116 0.079434
-0.002225 0.412142 -0.434777 0.698710 0.778011 0.746490 -0.026933 0.021726 0.719892 0.753344 0.223951 0.276055 0.527891 0.452915 0.544279 1.000000 -0.032602 0.131361 0.088459 0.336020 -0.640406 -0.420880 0.090667 0.469133 -0.075661 -0.225307 0.814567 0.597910 0.171342 -0.099074 -0.555756 -0.339287 -0.312003 -0.259139 -0.127432 -0.339479 -0.372521 -0.240991 -0.222804 -0.005116 0.149151 -0.059843 -0.224736 -0.402950 -0.468989 -0.403325 0.272220 -0.180087 0.335199 -0.150888 -0.243056 0.320881 0.298509 0.202674 -0.225962 -0.065370 -0.167998 -0.016353 0.397521 0.419487 0.249799 0.408945 0.200866 0.093132 -0.345497 -0.158003 -0.325547 -0.513829 0.347922 0.226412 -0.534848 -0.522220 -0.065046 -0.425796 -0.040394 -0.608860 -0.284474 -0.285772 -0.397686 -0.236368 -0.108440 -0.044114 0.204226 0.392656 -0.305108 -0.198471 0.163993 0.292118 -0.595339 -0.498088 0.671678 0.045336 0.308981 0.012242 0.184487 -0.080423 -0.245578 0.033908 0.155809 0.412882 0.237490 -0.136017 0.196992 -0.043817 0.131972 -0.175685 -0.405788 -0.448634 0.138807 -0.246879 -0.410081 0.249936 0.180154 0.191368 -0.149944 0.273323
0.327585 0.164084 0.048774 -0.254295 -0.151646 -0.301901 -0.276692 -0.352468 -0.035481 -0.191203 0.447608 0.066682 0.356456 0.096309 0.104343 -0.032602 1.000000 0.635422 -0.092529 -0.417742 -0.092927 -0.080403 -0.130535 -0.429465 0.079121 -0.281658 -0.146799 -0.225621 0.557623 0.459049 -0.185366 -0.287815 0.324162 0.043372 -0.394974 -0.455884 0.492236 0.153337 -0.079540 -0.119047 -0.218709 0.132876 -0.023345 -0.028788 -0.082520 -0.132330 0.134421 -0.035595 0.117059 -0.076282 0.358805 0.016560 0.152916 0.032860 0.281908 0.027882 0.674642 0.547362 -0.099221 -0.021705 0.374171 -0.102941 0.500783 0.341280 0.049411 -0.310465 -0.148285 -0.357029 0.377328 -0.374057 0.139488 -0.103452 0.563313 0.598532 0.187741 0.055162 0.159549 -0.050918 0.520369 0.399463 0.446677 0.334636 -0.280278 -0.208456 -0.039563 -0.008148 -0.303569 -0.239760 0.100121 0.344423 0.097721 -0.052647 -0.571513 -0.311489 0.172944 0.016985 0.106458 -0.027792 0.203855 0.255410 -0.498679 -0.263626 -0.200573 0.080654 -0.101945 -0.023461 -0.265629 0.200397 -0.140602 0.090795 -0.118655 0.118317 0.371830 0.082099 0.166528 -0.072657
-0.038980 0.068491 0.300373 -0.023957 0.002443 -0.123574 0.270962 0.038202 0.150564 0.065852 0.333158 0.064652 0.432841 0.282843 0.217959 0.131361 0.635422 1.000000 -0.165145 -0.405749 -0.029075 -0.227017 0.104857 -0.403402 0.039076 -0.021192 -0.053177 -0.166109 0.534421 0.584986 0.212483 0.106822 -0.132022 0.139032 -0.371650 -0.265129 0.028012 0.326325 -0.406022 -0.153669 -0.333754 0.437716 -0.266619 -0.363145 -0.271128 -0.365279 -0.101259 -0.078496 0.107557 -0.290416 0.237508 0.066085 0.046698 0.200934 0.058820 -0.039063 0.571472 0.397598 -0.175955 -0.047385 0.358084 0.125110 0.304427 0.660957 0.246328 -0.122043 -0.233392 -0.510078 0.059078 -0.639364 0.191687 0.055743 0.475293 0.523149 0.301031 0.030563 0.081444 -0.049259 0.404046 0.693257 0.383591 0.445799 -0.344923 0.028266 -0.042321 -0.077920 -0.375119 -0.021759 0.000867 0.127857 0.176826 -0.031015 -0.132561 0.041334 0.236977 0.284700 -0.191269 -0.214708 0.022737 0.483104 -0.452445 -0.311755 0.003916 -0.061042 -0.025450 -0.152329 -0.289310 -0.068533 0.119287 -0.115029 -0.291425 0.344039 0.348819 0.129643 0.096111 0.005092
0.690360 0.340502 0.022138 0.193618 0.341190 0.380126 0.195283 0.194690 0.182557 0.391315 0.004358 -0.078246 -0.215387 -0.151415 0.026620 0.088459 -0.092529 -0.165145 1.000000 0.650877 -0.092279 -0.078913 -0.283440 0.130120 -0.405294 -0.162100 0.398491 0.180998 0.167579 -0.088798 -0.395302 -0.179901 -0.029548 0.318909 -0.068090 -0.009752 -0.066670 -0.364086 0.141741 -0.262994 0.562521 0.239147 -0.499954 -0.524214 -0.351884 -0.302150 -0.337864 -0.630528 -0.160203 -0.220973 -0.111898 -0.335105 -0.031336 -0.342471 -0.089475 -0.153230 0.001208 0.320522 0.039159 0.223239 -0.011585 0.014621 -0.019801 0.165139 -0.208808 0.002041 -0.301647 -0.014912 0.093632 0.570357 -0.138282 -0.390910 0.184079 -0.136619 0.252164 -0.322371 -0.045209 -0.085255 -0.131615 -0.168896 0.211921 0.253550 0.526541 0.452586 -0.159489 -0.193299 0.264813 0.424204 -0.036567 -0.077763 0.261257 -0.172083 0.013234 0.227993 0.164775 -0.240056 -0.071045 -0.456678 0.134531 -0.071359 0.439029 0.423900 0.313847 0.182906 -0.008231 -0.296953 0.080742 -0.058369 0.084783 -0.298816 -0.356832 -0.275190 -0.494553 -0.229481 -0.062265 -0.005639
0.361815 0.346100 -0.269175 0.462994 0.451660 0.561301 0.181919 0.320893 0.219993 0.508209 0.041952 0.165261 -0.181758 0.050345 -0.010855 0.336020 -0.417742 -0.405749 0.650877 1.000000 -0.324837 -0.218725 -0.256108 0.261958 -0.483067 -0.224068 0.564360 0.306397 -0.072000 -0.182803 -0.489027 -0.237798 -0.217721 0.130454 -0.045167 -0.049199 -0.355932 -0.411670 0.270923 -0.034195 0.572040 0.029786 -0.398169 -0.379945 -0.268117 -0.176811 -0.095970 -0.444667 -0.079368 -0.090325 -0.343401 -0.052501 0.036541 -0.125352 -0.232797 -0.174681 -0.319556 0.104126 0.160711 0.266921 -0.035769 0.242257 -0.124009 0.028701 -0.353148 0.088794 -0.335506 0.005235 0.055442 0.799795 -0.288162 -0.373878 -0.140805 -0.398745 0.029871 -0.399372 -0.217173 -0.125963 -0.227607 -0.398635 -0.073398 -0.017684 0.559645 0.496921 -0.288382 -0.171257 0.462611 0.569084 -0.305053 -0.222057 0.364963 -0.078424 0.283079 0.021732 -0.052508 -0.347232 -0.193475 -0.298047 0.033145 -0.184124 0.552602 0.360703 0.377273 0.311535 0.210233 -0.295978 0.149810 -0.290802 0.283313 -0.296807 -0.320592 -0.370484 -0.412617 -0.035067 -0.281503 0.143189
-0.134831 -0.368029 0.146288 -0.307634 -0.546972 -0.454494 0.052423 -0.113149 -0.495122 -0.632981 -0.469014 -0.489099 -0.398911 -0.480462 -0.293032 -0.640406 -0.092927 -0.029075 -0.092279 -0.324837 1.000000 0.358513 -0.035983 -0.196515 0.164902 0.217744 -0.517162 -0.306114 0.087639 0.330480 0.652791 0.428399 0.401934 0.529616 0.245596 0.356910 0.177094 0.394543 0.184145 0.124867 0.037614 0.375296 -0.050684 0.160565 0.126664 0.046661 -0.307761 0.178797 -0.232571 -0.108648 -0.267843 -0.077035 -0.113840 0.097133 0.215876 -0.056900 0.188829 -0.121744 -0.010668 -0.263325 0.027296 0.016910 -0.123914 0.124798 0.244558 0.023049 0.143226 0.064501 -0.277716 -0.375271 0.624524 0.529709 0.384932 0.375121 0.137773 0.582697 0.467957 0.408330 0.157694 0.110420 -0.110048 -0.216442 0.078362 -0.061184 -0.036083 -0.194299 -0.119276 -0.222789 0.374074 0.337613 -0.454645 -0.215636 -0.120538 0.087926 -0.173367 0.289990 0.117050 -0.040331 -0.291140 -0.295736 0.094052 0.245536 -0.039981 0.221836 -0.240008 0.234797 0.339569 0.336332 -0.101949 0.342600 0.229223 -0.188143 -0.158011 -0.028043 0.408806 -0.093632
-0.057358 -0.236786 0.038898 -0.491340 -0.332050 -0.238083 -0.260799 -0.158934 -0.240558 -0.402350 -0.512053 -0.261712 -0.428572 -0.427359 -0.201862 -0.420880 -0.080403 -0.227017 -0.078913 -0.218725 0.358513 1.000000 -0.067843 -0.227811 0.534950 0.531587 -0.385863 -0.009461 -0.131486 -0.169504 0.229492 0.298666 0.147616 0.298413 0.358933 0.318623 0.100185 -0.104024 0.118627 0.126215 -0.267103 -0.113343 0.489362 0.434318 0.333880 0.344038 -0.087208 0.149567 -0.322820 0.040380 0.082368 -0.251749 -0.293216 -0.172209 -0.160395 -0.132636 0.129323 -0.020122 -0.278346 -0.453412 -0.425273 -0.471711 0.014859 -0.314335 0.130876 -0.077303 0.038467 0.300213 0.162607 -0.153526 0.269741 0.257140 -0.031844 0.150866 -0.247831 0.336799 0.144063 0.057529 0.205435 0.066172 0.099016 0.024619 -0.229194 -0.189144 0.299188 0.163912 0.108263 -0.365848 0.222749 0.118606 -0.497017 -0.251592 -0.145320 -0.086055 -0.220153 -0.099334 0.123883 0.280092 -0.323048 -0.499714 0.059880 0.007283 -0.028804 0.091970 0.152766 0.340892 0.110826 0.136244 -0.205546 0.147669 0.537748 -0.127273 -0.209226 -0.132512 0.029926 -0.166164
-0.737204 -0.634175 0.397663 0.217633 0.096024 0.114037 0.327237 -0.148094 0.242256 0.119331 -0.401855 -0.297419 0.225792 -0.216712 0.287065 0.090667 -0.130535 0.104857 -0.283440 -0.256108 -0.035983 -0.067843 1.000000 0.436472 0.587197 0.497276 0.045458 0.322426 -0.042159 -0.289237 0.296657 0.299060 -0.471157 -0.288520 0.579437 0.286854 0.254176 0.531681 0.175621 0.432499 -0.011808 -0.044532 -0.100162 -0.067786 -0.297084 -0.354693 0.049991 0.242607 -0.318591 -0.475772 0.089885 0.118684 0.245745 0.479406 0.137299 0.212296 -0.017937 -0.428929 -0.044423 -0.389878 -0.215111 -0.016864 -0.218655 -0.034540 0.432048 -0.006802 -0.076817 -0.120776 -0.102824 -0.219026 0.006150 0.237244 -0.055901 -0.015190 0.498436 0.069841 0.159899 0.306391 -0.225253 -0.047533 -0.241681 -0.192035 0.105861 -0.324293 0.481523 0.069580 0.168928 -0.144392 0.540342 0.144240 0.020586 0.508938 0.316579 0.302624 0.073365 0.295195 0.185077 0.274913 -0.342355 0.096766 -0.162804 -0.372213 -0.210460 -0.571794 -0.357335 0.000019 -0.287881 -0.302405 0.000739 0.128507 0.375677 0.046488 0.106162 0.290816 0.349634 -0.086423
-0.262837 -0.259534 -0.222094 0.498416 0.509457 0.521569 0.027932 -0.134732 0.543803 0.396883 -0.381612 -0.226005 0.170432 -0.051850 0.308698 0.469133 -0.429465 -0.403402 0.130120 0.261958 -0.196515 -0.227811 0.436472 1.000000 0.130594 -0.020415 0.512202 0.549748 -0.182954 -0.573456 -0.339672 -0.150069 -0.099998 -0.223195 0.489932 0.150806 0.010217 0.127424 0.172192 0.420988 0.327046 -0.107603 -0.225435 -0.187625 -0.405344 -0.368587 0.036401 -0.067405 -0.145669 -0.315836 -0.326287 -0.000664 0.316820 0.128059 -0.006434 0.167764 -0.239660 -0.498150 0.384053 0.145916 -0.063413 0.127693 -0.045297 -0.146454 -0.238867 -0.226764 -0.070032 -0.006770 0.081106 0.374888 -0.298412 -0.247975 -0.215693 -0.626390 0.191524 -0.314938 0.048185 0.081826 -0.721739 -0.467222 -0.409932 -0.368891 0.449364 0.134985 0.090759 -0.062549 0.399413 0.250463 -0.076675 -0.200180 0.324354 0.188339 0.494746 0.313457 0.200888 0.146277 0.263122 0.303244 -0.085842 0.122676 0.451972 0.039791 0.038683 -0.347240 -0.209888 -0.178250 -0.240771 -0.331552 0.159433 0.190614 0.058161 0.019642 -0.208339 0.206619 0.252900 -0.149835
-0.537197 -0.543025 0.223320 -0.197262 -0.053573 -0.026167 -0.195782 -0.353045 0.086439 -0.143591 -0.447954 -0.283111 0.020026 -0.372611 0.177412 -0.075661 0.079121 0.039076 -0.405294 -0.483067 0.164902 0.534950 0.587197 0.130594 1.000000 0.648400 -0.129922 0.350591 0.031406 -0.198007 0.218402 0.191974 -0.090242 -0.110762 0.514714 0.302245 0.326979 0.338903 0.061493 0.407284 -0.336537 -0.019714 0.296189 0.271706 0.089768 0.022785 -0.013049 0.242509 -0.348370 -0.239569 0.261293 -0.034069 -0.074686 0.118798 -0.056454 0.069125 0.137300 -0.352003 -0.178012 -0.577453 -0.393926 -0.415262 0.038656 -0.299916 0.329724 -0.124232 0.062129 0.071799 0.171966 -0.404550 0.159843 0.225094 0.021106 0.127503 0.022298 0.203785 0.142953 0.130641 0.060290 0.046225 0.048343 -0.050923 -0.233634 -0.364913 0.572740 0.259032 -0.006210 -0.383336 0.410789 0.187400 -0.351130 0.032664 0.029129 0.009384 -0.005897 0.054477 0.261961 0.373556 -0.397442 -0.231756 -0.085488 -0.451980 -0.172816 -0.250696 -0.118458 0.287536 -0.344525 -0.134240 -0.231970 0.188966 0.595553 0.053828 0.077566 0.058565 0.149511 -0.262101
-0.509795 -0.439613 0.338089 -0.165665 -0.213326 0.005404 0.110285 0.035956 -0.216049 -0.089368 -0.482124 -0.272176 -0.343479 -0.408710 0.118247 -0.225307 -0.281658 -0.021192 -0.162100 -0.224068 0.217744 0.531587 0.497276 -0.020415 0.648400 1.000000 -0.279997 0.287654 -0.110516 -0.370043 0.445674 0.605654 -0.394178 0.035475 0.643624 0.760349 -0.113418 0.098317 0.125069 0.124364 -0.147890 -0.079988 0.311787 0.282763 0.282633 0.259527 -0.385637 0.143790 -0.527767 -0.011424 0.164184 -0.277307 -0.394834 -0.019416 -0.251115 -0.101559 -0.014640 -0.272901 -0.582068 -0.726551 -0.727013 -0.445702 -0.340893 -0.341041 0.517751 0.146765 -0.092947 0.294760 -0.244895 -0.288635 0.167352 0.345023 -0.160348 0.122291 -0.111840 0.223409 -0.124623 0.191766 -0.027920 0.163873 -0.073415 0.000891 -0.040570 -0.256536 0.643751 0.354573 0.138371 -0.186448 0.437761 0.055553 -0.519752 0.244187 0.347100 0.398676 -0.292622 -0.085021 -0.054268 0.053487 -0.493370 -0.293929 0.143599 -0.079681 -0.027158 -0.121280 -0.038144 0.346703 -0.011167 0.015425 -0.173492 -0.168371 0.550213 -0.187870 -0.157492 0.019570 -0.113898 -0.200490
0.139797 0.390934 -0.433620 0.774286 0.947903 0.938305 0.040955 0.007611 0.750742 0.776583 0.102739 0.119129 0.357731 0.177812 0.420487 0.814567 -0.146799 -0.053177 0.398491 0.564360 -0.517162 -0.385863 0.045458 0.512202 -0.129922 -0.279997 1.000000 0.736693 0.182855 -0.159311 -0.624965 -0.405598 -0.247019 -0.106958 -0.057596 -0.276976 -0.228444 -0.238086 -0.012158 0.109351 0.323597 0.111226 -0.448473 -0.523511 -0.479445 -0.477171 0.046161 -0.429317 0.187254 -0.187286 -0.307925 0.245176 0.180348 0.003799 -0.111903 -0.131487 -0.175553 0.040894 0.467271 0.511345 0.221360 0.411916 0.144889 0.173819 -0.398067 -0.231621 -0.336009 -0.397338 0.205205 0.449451 -0.456284 -0.692748 -0.015011 -0.526716 0.135422 -0.574448 -0.201186 -0.251100 -0.474377 -0.390383 -0.116151 -0.135366 0.431280 0.507352 -0.245334 -0.314051 0.300587 0.481888 -0.474392 -0.386632 0.563421 -0.066004 0.222280 0.122495 0.256821 -0.181226 -0.106149 -0.167899 0.127921 0.140069 0.448390 0.083680 0.442014 0.061591 0.097370 -0.363734 -0.381976 -0.481993 0.271999 -0.274479 -0.453002 0.070689 -0.100615 0.070083 -0.067947 0.185159
-0.145467 0.058829 -0.304357 0.575095 0.697245 0.837762 -0.167084 -0.195808 0.508512 0.578904 -0.204982 -0.115779 0.147234 -0.184899 0.395512 0.597910 -0.225621 -0.166109 0.180998 0.306397 -0.306114 -0.009461 0.322426 0.549748 0.350591 0.287654 0.736693 1.000000 0.031956 -0.420770 -0.405026 -0.209025 -0.345238 -0.176888 0.400277 0.237545 -0.141062 -0.036886 0.181632 0.352661 0.193690 -0.060075 -0.172078 -0.161623 -0.271703 -0.247575 -0.135973 -0.290314 -0.173297 -0.181786 -0.152734 0.090869 0.008129 -0.057397 -0.082755 -0.008874 -0.045798 -0.169150 0.189676 0.073683 -0.237247 0.150623 -0.121289 -0.065318 -0.256115 -0.196700 -0.245461 -0.074348 0.141850 0.294133 -0.366629 -0.427931 -0.150500 -0.460040 -0.048284 -0.351678 -0.190032 -0.012597 -0.382098 -0.347280 -0.329918 -0.309110 0.414049 0.150433 0.145065 -0.043173 0.496051 0.334648 -0.127442 -0.089070 0.199902 0.125130 0.358726 0.233874 0.028045 -0.221385 0.075477 0.045658 -0.138497 -0.147954 0.548480 0.020733 0.340095 -0.015611 -0.094950 -0.152969 -0.348749 -0.310284 0.115064 -0.130038 0.085014 -0.260025 -0.252275 0.157562 -0.027878 -0.122905
0.279155 0.186245 -0.055175 0.218108 0.110902 0.091002 0.035334 -0.129824 0.235414 0.103391 0.278696 -0.050407 0.364847 0.038608 0.533786 0.171342 0.557623 0.534421 0.167579 -0.072000 0.087639 -0.131486 -0.042159 -0.182954 0.031406 -0.110516 0.182855 0.031956 1.000000 0.510788 -0.029697 0.138605 0.261074 0.517955 -0.135970 -0.218639 0.213597 0.000616 -0.132523 -0.257033 0.323508 0.555659 -0.277697 -0.333227 -0.161223 -0.247601 -0.034918 -0.112933 -0.017005 -0.139918 -0.154547 -0.079815 -0.017249 0.061944 -0.008697 -0.305063 0.409305 0.376107 -0.147663 -0.141003 0.175725 -0.050543 0.340157 0.261029 0.176114 -0.307374 -0.559933 -0.560376 0.107685 -0.391650 0.182356 -0.168867 0.854944 0.316721 0.312575 -0.016234 0.159080 -0.192042 0.126076 0.249438 0.523006 0.343071 0.235823 0.393720 -0.006240 -0.057915 -0.223980 -0.162482 -0.039436 -0.012740 -0.010443 -0.113651 -0.241408 0.023426 0.098180 0.016164 -0.275290 -0.230663 -0.058883 0.051806 -0.174865 0.040928 0.084819 0.198987 -0.062844 -0.067660 -0.315944 -0.109905 -0.085055 0.032393 -0.388948 0.188060 0.020689 -0.176796 0.055784 0.183650
0.175390 0.263709 0.173157 -0.042949 -0.192621 -0.346425 0.242686 0.102771 -0.051698 -0.203365 0.325513 0.077079 0.285601 0.204605 -0.076442 -0.099074 0.459049 0.584986 -0.088798 -0.182803 0.330480 -0.169504 -0.289237 -0.573456 -0.198007 -0.370043 -0.159311 -0.420770 0.510788 1.000000 0.355474 0.080027 0.226446 0.466661 -0.502421 -0.435809 0.003382 0.177935 -0.353671 -0.250617 -0.098707 0.564985 -0.302929 -0.313429 -0.188157 -0.266593 0.067948 -0.026413 0.243910 -0.201554 -0.104598 0.215331 0.122788 0.186890 0.029555 -0.098354 0.309023 0.427967 0.069382 0.095607 0.532124 0.397716 0.120428 0.571091 0.112833 0.123278 -0.159710 -0.468770 0.035652 -0.450845 0.333121 0.219305 0.544055 0.526812 0.217872 0.232431 0.285871 0.006532 0.554458 0.358723 0.355426 0.244156 -0.148588 0.156694 -0.408572 -0.256906 -0.378327 -0.218245 -0.092667 0.120130 0.043489 -0.366443 -0.323526 -0.347411 0.024745 0.307771 -0.315831 -0.204363 0.004013 0.077770 -0.366314 -0.173078 -0.056554 0.285964 -0.044550 -0.085983 -0.005753 0.013503 0.072942 0.117721 -0.413582 0.169687 0.221389 -0.129335 0.037405 0.245315
-0.504203 -0.444652 0.510641 -0.263811 -0.555358 -0.524559 0.431063 0.158779 -0.384475 -0.498136 -0.323870 -0.303503 -0.186421 -0.254840 -0.158988 -0.555756 -0.185366 0.212483 -0.395302 -0.489027 0.652791 0.229492 0.296657 -0.339672 0.218402 0.445674 -0.624965 -0.405026 -0.029697 0.355474 1.000000 0.781628 -0.098723 0.340506 0.276197 0.436554 -0.105281 0.344163 -0.182554 -0.071205 -0.220036 0.284348 0.112983 0.167459 0.205122 0.135745 -0.262697 0.344027 -0.278189 -0.107341 -0.097047 -0.120415 -0.248881 0.203569 -0.043578 -0.085545 0.056365 -0.160550 -0.358987 -0.476208 -0.151888 -0.020835 -0.441357 0.054436 0.671978 0.353026 0.083685 0.122374 -0.466370 -0.629913 0.561830 0.721566 0.049093 0.376548 0.145821 0.519541 0.303899 0.335920 0.235527 0.344617 -0.073683 -0.067234 -0.161649 -0.240795 0.255843 0.071279 -0.282733 -0.372175 0.481069 0.147238 -0.461702 0.071416 0.095254 0.162008 -0.250814 0.423799 -0.202896 -0.016344 -0.453062 -0.208724 -0.293059 -0.131527 -0.297974 -0.159640 -0.238842 0.266270 0.308794 0.197118 -0.022990 0.085144 0.272812 0.019381 -0.052523 -0.175211 0.105679 0.031771
-0.443046 -0.357001 0.274174 -0.057568 -0.354360 -0.228157 0.401321 0.132817 -0.211575 -0.291926 -0.379794 -0.364687 -0.212654 -0.246784 0.254297 -0.339287 -0.287815 0.106822 -0.179901 -0.237798 0.428399 0.298666 0.299060 -0.150069 0.191974 0.605654 -0.405598 -0.209025 0.138605 0.080027 0.781628 1.000000 -0.107988 0.467421 0.469925 0.566087 -0.269911 0.006177 -0.211683 -0.267716 0.024508 0.245458 0.214461 0.186244 0.279731 0.196124 -0.362128 0.302686 -0.405718 0.006845 -0.271707 -0.316986 -0.343781 0.162895 -0.239997 -0.337306 0.000443 -0.069993 -0.540554 -0.596508 -0.339150 -0.239489 -0.343760 -0.143221 0.723182 0.120388 -0.292454 0.067774 -0.376652 -0.494343 0.457869 0.478887 0.092243 0.171631 0.133317 0.225015 0.176719 0.127348 -0.071650 0.227580 -0.036637 0.014422 0.036279 -0.044496 0.409991 0.098519 -0.163998 -0.362757 0.363259 -0.143859 -0.458260 0.202048 0.229216 0.386801 -0.364204 0.245136 -0.403723 -0.071126 -0.483689 -0.199177 -0.087676 0.071253 -0.178766 -0.126036 -0.069699 0.321959 0.160850 0.070103 -0.057651 -0.056336 0.269324 0.077193 -0.150504 -0.260754 -0.045247 0.111158
0.390219 0.016752 -0.382027 -0.356932 -0.298870 -0.350366 -0.426000 -0.360950 -0.217046 -0.495298 0.030783 -0.174752 -0.099252 -0.081869 -0.088337 -0.312003 0.324162 -0.132022 -0.029548 -0.217721 0.401934 0.147616 -0.471157 -0.099998 -0.090242 -0.394178 -0.247019 -0.345238 0.261074 0.226446 -0.098723 -0.107988 1.000000 0.380412 -0.103280 -0.174571 0.357900 -0.019115 -0.042191 -0.099350 0.043502 0.078988 0.136829 0.267963 0.282151 0.230244 0.053092 0.090046 0.052794 0.236509 -0.202594 -0.132984 0.024381 -0.222571 0.247777 -0.069239 0.140335 0.144804 0.136923 0.118976 0.243064 -0.205988 0.413452 -0.041043 -0.138764 -0.363796 0.147861 0.085893 0.052365 -0.109516 0.156031 -0.147516 0.419774 0.087931 -0.158994 0.086604 0.241949 -0.112180 0.031269 -0.159194 0.149562 -0.080433 -0.076956 -0.066822 -0.083813 -0.054859 -0.137366 -0.183351 -0.024847 0.101959 -0.302626 -0.313887 -0.520981 -0.175413 0.044563 0.133469 0.290193 0.127274 0.171109 -0.134024 -0.139099 0.191483 -0.077776 0.255072 -0.000171 0.212697 0.021598 0.347058 -0.127217 0.497186 0.067966 0.042623 0.068977 -0.125533 0.292977 0.079255
0.264465 0.107160 -0.061058 -0.025034 -0.179912 -0.093151 0.243278 0.102359 -0.009981 -0.202419 -0.238503 -0.212114 -0.297776 -0.283368 0.003652 -0.259139 0.043372 0.139032 0.318909 0.130454 0.529616 0.298413 -0.288520 -0.223195 -0.110762 0.035475 -0.106958 -0.176888 0.517955 0.466661 0.340506 0.467421 0.380412 1.000000 0.134956 0.185049 -0.140722 -0.181155 -0.105165 -0.274954 0.270321 0.604207 -0.218829 -0.219400 0.011008 -0.012775 -0.381951 -0.198245 -0.406959 -0.193338 -0.549070 -0.452775 -0.328345 -0.190062 -0.267798 -0.588626 0.260818 0.374472 -0.237686 -0.208438 -0.018264 -0.054825 0.026094 0.268562 0.282785 -0.043982 -0.493941 -0.077181 -0.147123 -0.210337 0.356102 0.101170 0.550240 0.247570 0.145963 0.158286 0.177878 -0.073794 0.065108 0.175346 0.337237 0.122695 0.311831 0.403009 0.007637 -0.069471 0.008918 -0.007644 0.119174 -0.054744 -0.255014 -0.277565 -0.044472 0.164515 -0.135088 0.071850 -0.337195 -0.289783 -0.440138 -0.391053 0.105094 0.297827 0.117487 0.410247 0.082150 0.108294 0.187551 0.044236 0.110053 0.035372 -0.170691 -0.095665 -0.419875 -0.383089 0.055785 0.232913
-0.474935 -0.595552 0.092257 0.048518 -0.022527 0.157029 0.103590 -0.088418 0.082229 -0.059369 -0.738267 -0.445684 -0.245403 -0.617631 0.095868 -0.127432 -0.394974 -0.371650 -0.068090 -0.045167 0.245596 0.358933 0.579437 0.489932 0.514714 0.643624 -0.057596 0.400277 -0.135970 -0.502421 0.276197 0.469925 -0.103280 0.134956 1.000000 0.751247 0.065741 0.168735 0.326470 0.358021 0.167620 -0.074083 0.105983 0.235745 -0.002828 0.047331 -0.315533 0.075645 -0.722596 -0.275567 -0.238589 -0.338661 -0.143693 0.098055 -0.123968 -0.047411 -0.030822 -0.430974 -0.279813 -0.576229 -0.580664 -0.266903 -0.459223 -0.347605 0.409346 0.048526 -0.179720 0.332837 -0.195358 -0.024578 0.128669 0.242533 -0.158132 -0.179468 0.110636 0.174504 0.220676 0.412250 -0.302672 -0.233873 -0.418527 -0.436511 0.344629 -0.213731 0.611922 0.286776 0.387683 -0.018729 0.464981 0.094155 -0.299480 0.339713 0.455402 0.370307 -0.190036 0.083426 0.161531 0.307235 -0.567344 -0.413526 0.273397 -0.027753 -0.210562 -0.328680 -0.354276 0.250231 -0.023483 -0.049911 0.013625 0.146223 0.578939 -0.349138 -0.409606 0.036228 0.248215 -0.126874
-0.336647 -0.407796 0.209809 -0.100532 -0.269651 0.021323 0.134145 0.156472 -0.303014 -0.107051 -0.488662 -0.264721 -0.541618 -0.525512 -0.029310 -0.339479 -0.455884 -0.265129 -0.009752 -0.049199 0.356910 0.318623 0.286854 0.150806 0.302245 0.760349 -0.276976 0.237545 -0.218639 -0.435809 0.436554 0.566087 -0.174571 0.185049 0.751247 1.000000 -0.200032 0.014139 0.152445 0.020584 0.127472 0.027392 0.138735 0.270341 0.317020 0.367233 -0.592434 -0.000652 -0.722895 0.039117 -0.075812 -0.556698 -0.536152 -0.212013 -0.274230 -0.182777 -0.026870 -0.327856 -0.572446 -0.617422 -0.758711 -0.406322 -0.592306 -0.346049 0.464515 0.290131 -0.044257 0.590166 -0.471323 -0.130743 0.174222 0.326215 -0.240556 -0.100800 -0.172224 0.149351 -0.059407 0.255996 -0.136380 0.053179 -0.280403 -0.193630 0.198087 -0.150910 0.599806 0.471120 0.150694 0.152061 0.433648 0.080418 -0.490184 0.356040 0.496710 0.509302 -0.331082 -0.111555 -0.083724 -0.107667 -0.508045 -0.407162 0.332044 0.187889 -0.120621 -0.082075 -0.175266 0.314124 0.195799 0.142587 -0.056338 -0.101214 0.483997 -0.441155 -0.507651 -0.170725 -0.084931 -0.189180
