1.000000 0.402359 -0.443472 -0.288624 -0.387877 -0.403116 -0.407057 -0.401387 -0.170704 -0.311276 -0.056635 -0.103922 -0.369595 -0.108123 -0.646942 -0.377495 0.496775 0.179188 0.163357 0.095890 -0.022027 -0.080491 -0.384771 -0.089646 -0.257538 0.084905 -0.381849 -0.129218 0.104694 0.318309 0.118605 0.201369 0.133323 0.310154 0.095893 -0.131426 0.167054 -0.093722 -0.050446 0.169615 0.270975 0.192002 -0.189361 -0.314617 -0.215092 -0.180170 -0.445969 -0.309151 -0.225273 -0.174078 -0.289909 -0.239083 -0.287560 -0.118591 -0.314019 -0.425682 0.680886 0.364012 -0.016453 0.063073 -0.321776 -0.281753 0.203273 0.160465 -0.343647 -0.417810 0.295290 0.182407 0.414401 -0.176592 0.074953 0.240959 0.364937 0.170486 0.036025 0.319640 0.267728 0.490058 0.450632 0.335000 0.560773 0.550898 0.009169 0.291778 0.309967 0.374564 0.136244 0.185667 -0.151813 -0.298078 0.010983 -0.108331 -0.424414 -0.029685 0.277309 -0.473396 -0.298647 -0.442491 -0.215965 0.078074 0.022081 0.031445 0.034858 -0.048027 0.004105 -0.000513 -0.011966 0.143645 -0.034631 -0.312724 -0.174159 -0.275872 0.122242 -0.121072 0.028629 -0.143876
0.402359 1.000000 -0.070483 -0.009967 -0.217482 -0.448256 -0.321895 -0.331383 0.073627 -0.270040 0.179430 0.307958 0.156991 0.399362 -0.152436 0.098959 0.001612 0.209199 0.309401 0.159076 0.198659 0.158928 -0.411089 -0.576791 -0.319966 -0.307461 -0.199830 -0.188254 0.093195 0.168990 0.138042 -0.013581 0.465244 0.225961 -0.476307 -0.004448 0.082338 -0.013496 -0.393804 -0.415748 0.163964 0.010020 -0.580979 -0.458396 -0.437492 -0.547422 -0.355579 -0.207811 -0.174255 -0.281184 -0.118522 -0.114949 0.038382 0.014533 0.063419 -0.193770 0.398924 0.550634 0.281847 0.297081 0.201840 0.248788 0.169435 0.270906 -0.246656 -0.191637 0.330728 -0.084122 0.639099 0.385810 0.148865 -0.035342 0.289243 0.222755 0.246744 0.209565 0.334537 0.216475 0.175925 0.359809 0.194048 0.228277 -0.217202 0.207881 0.262153 0.168927 0.078271 0.112781 0.224491 0.120828 0.083132 0.003408 -0.177872 0.046829 0.126592 -0.352513 -0.122403 -0.300021 0.004541 0.066511 0.089131 0.028317 0.065594 0.044014 -0.343227 -0.350317 0.218365 -0.050079 -0.154248 -0.259927 -0.059468 -0.221041 0.040796 -0.065666 -0.062812 -0.195530
-0.443472 -0.070483 1.000000 0.732056 0.503579 0.543730 0.744807 0.712019 0.302315 0.704105 -0.178132 0.257829 0.060024 -0.058695 0.024564 0.091192 -0.527970 -0.293262 0.189414 0.182317 -0.005936 -0.016883 0.600906 0.272076 0.389077 0.117423 0.445766 0.152579 -0.564964 -0.701522 -0.309299 -0.431354 0.005102 -0.187758 -0.051844 0.486536 -0.622145 -0.495923 -0.390617 -0.383372 -0.792960 -0.545090 0.057022 0.118756 -0.000063 0.130999 0.157952 0.396466 0.289468 -0.116037 0.102779 0.104664 0.233710 0.125340 -0.198598 0.059176 -0.577570 -0.230511 0.181157 0.004031 0.346005 0.261719 -0.446116 -0.406092 0.530413 0.626007 0.168609 0.192139 -0.098795 0.565093 -0.067217 -0.301472 -0.588987 -0.398699 -0.310306 -0.448867 -0.406429 -0.458347 -0.515147 -0.578498 -0.599709 -0.654904 -0.412627 -0.588748 -0.278804 -0.656742 -0.278785 -0.019217 0.518022 0.169338 0.465886 0.447644 0.564271 0.565105 -0.253337 -0.160449 -0.019623 0.017156 0.090080 -0.309742 -0.086294 0.183121 -0.112310 -0.045425 -0.229292 -0.326800 -0.071798 -0.330145 -0.116904 0.177980 0.287979 -0.364445 -0.401507 -0.403403 -0.063869 -0.256624
-0.288624 -0.009967 0.732056 1.000000 0.238341 0.478424 0.548240 0.619020 0.261245 0.514746 -0.302817 0.131753 -0.243379 -0.211378 0.105712 0.207701 -0.468037 -0.352846 0.172545 0.373111 0.084942 0.188388 0.655022 0.538498 0.495792 0.525987 0.382819 0.458872 -0.421280 -0.545290 -0.109688 0.018699 -0.012304 0.060973 -0.030889 0.240360 -0.445978 -0.353280 -0.302297 -0.361279 -0.554571 -0.390812 0.006819 0.141223 -0.137709 0.004437 -0.024913 -0.068923 0.088352 -0.225484 -0.041067 -0.037599 0.193778 -0.013251 -0.088709 -0.064425 -0.608250 -0.193901 0.130507 -0.005428 0.170620 0.038103 -0.488433 -0.477507 0.525340 0.531676 -0.060808 -0.022576 0.123330 0.490365 0.003068 0.039503 -0.486932 -0.229434 -0.240418 -0.387412 -0.368586 -0.375159 -0.215726 -0.318372 -0.458363 -0.511347 -0.129413 -0.363688 -0.104222 -0.512485 -0.064867 0.186555 0.507395 0.282641 0.237741 0.223971 0.359686 0.262884 -0.214751 -0.178654 -0.131196 0.026477 -0.260313 -0.540232 -0.051778 0.241661 -0.113418 0.075327 -0.089681 -0.124258 0.057280 -0.371732 -0.270381 -0.203902 -0.039594 -0.291637 -0.136777 -0.217132 0.146297 -0.122081
-0.387877 -0.217482 0.503579 0.238341 1.000000 0.849750 0.389679 0.267426 0.389588 0.584886 -0.406289 -0.235629 -0.026895 -0.036421 0.156293 0.156309 -0.396927 -0.289495 -0.308844 -0.083486 0.219269 0.174452 0.305519 0.112033 0.146629 0.028539 0.665171 0.203324 -0.518771 -0.470855 -0.630735 -0.596264 -0.264393 -0.542799 -0.125940 0.204261 -0.319134 -0.169000 -0.179252 -0.176702 -0.421003 -0.338651 -0.091857 -0.138466 -0.010006 -0.001964 0.184177 0.300321 0.404841 -0.075632 0.309500 0.218946 0.366036 0.083637 0.038689 0.077072 -0.326559 -0.264610 0.520403 0.413973 0.471186 0.356384 0.092649 -0.054049 0.159598 0.212958 0.373735 0.311564 -0.455633 0.228550 0.283476 -0.360378 -0.481339 -0.249645 -0.333976 -0.307478 -0.174153 -0.218903 -0.489004 -0.471927 -0.474919 -0.494789 -0.356412 -0.369696 -0.334503 -0.533967 -0.371702 -0.261706 0.357143 0.305727 0.501040 0.581901 0.585354 0.534766 0.015572 -0.148763 -0.197838 -0.129457 0.186948 -0.112508 0.112031 0.310565 0.360749 0.245621 0.001462 -0.461174 0.056471 -0.136360 0.062248 -0.047430 -0.103502 -0.337231 -0.559639 -0.331095 -0.327324 -0.545474
-0.403116 -0.448256 0.543730 0.478424 0.849750 1.000000 0.472751 0.443280 0.300366 0.640847 -0.488054 -0.340750 -0.265556 -0.330398 0.166737 0.105894 -0.356184 -0.507454 -0.323887 0.160190 0.225296 0.201086 0.448024 0.490738 0.241675 0.327743 0.697835 0.449857 -0.565321 -0.595568 -0.640565 -0.457549 -0.336197 -0.457103 0.053660 0.182092 -0.456153 -0.337182 -0.195030 -0.098859 -0.550899 -0.360516 0.193885 0.151612 0.135409 0.201033 0.255416 0.267515 0.500906 0.040278 0.351177 0.286775 0.339857 0.099321 0.022518 0.059484 -0.432034 -0.334240 0.454324 0.329296 0.243782 0.149075 -0.162402 -0.325861 0.217496 0.314248 0.226155 0.253477 -0.497342 0.165658 0.200874 -0.257836 -0.636207 -0.358899 -0.488831 -0.481272 -0.378732 -0.314737 -0.458104 -0.614479 -0.549856 -0.593916 -0.274989 -0.507805 -0.456775 -0.675724 -0.334659 -0.211040 0.270772 0.201265 0.521472 0.551369 0.544981 0.424551 -0.018974 -0.067577 -0.167662 -0.029734 0.125748 -0.090983 0.063802 0.317327 0.252140 0.245391 0.044910 -0.283662 0.081755 -0.175181 -0.021407 -0.043286 -0.134842 -0.195063 -0.394235 -0.250612 -0.162839 -0.385191
-0.407057 -0.321895 0.744807 0.548240 0.389679 0.472751 1.000000 0.857797 0.210275 0.768274 -0.122612 0.253836 -0.047448 -0.283056 0.020099 -0.221460 -0.471236 -0.330572 0.070777 -0.087224 -0.211483 0.183826 0.712276 0.387560 0.495811 0.101904 0.437863 0.254581 -0.459694 -0.644263 -0.223802 -0.311444 -0.298589 -0.280128 0.197782 0.309214 -0.594664 -0.460218 -0.231301 -0.207152 -0.612784 -0.481281 0.354944 0.331183 0.290713 0.397595 0.268323 0.377568 0.197172 0.135083 0.041888 0.183399 0.061167 0.232239 -0.408917 0.194365 -0.572502 -0.481607 -0.254156 -0.283711 0.100845 0.068946 -0.450434 -0.426251 0.688717 0.681258 -0.177811 0.062600 -0.260681 0.144822 -0.362214 -0.293485 -0.622648 -0.560812 -0.432006 -0.575127 -0.570537 -0.607535 -0.538138 -0.636426 -0.597756 -0.693872 -0.129826 -0.458505 -0.274497 -0.440676 -0.110501 0.096547 0.437858 0.003868 0.261208 0.284473 0.625181 0.537695 -0.248011 -0.070289 0.009864 0.224772 0.120317 -0.203344 -0.042932 0.107036 -0.070551 0.060575 0.120987 -0.081492 -0.277847 -0.292062 -0.078516 0.063857 0.217058 -0.070268 -0.149362 -0.206627 -0.071444 -0.075823
-0.401387 -0.331383 0.712019 0.619020 0.267426 0.443280 0.857797 1.000000 0.392073 0.817341 -0.214070 0.299756 -0.138067 -0.164001 0.060435 0.031871 -0.456073 -0.338791 -0.052108 -0.112555 -0.366721 0.025795 0.514896 0.460374 0.282979 0.227357 0.159723 0.045825 -0.428635 -0.542126 -0.211162 -0.189994 -0.320398 -0.157488 0.052404 0.315948 -0.599574 -0.432430 -0.306838 -0.155638 -0.621589 -0.335116 0.305695 0.293703 0.151769 0.300874 0.169560 0.343113 0.243208 0.069756 0.010499 0.197486 0.190309 0.237205 -0.327668 0.122907 -0.488023 -0.372158 -0.093432 -0.142415 0.137533 0.196512 -0.495103 -0.415210 0.475010 0.746918 -0.239119 0.079254 -0.244865 0.167032 -0.211749 -0.174745 -0.550132 -0.420594 -0.391054 -0.426065 -0.622256 -0.618909 -0.424832 -0.577258 -0.516227 -0.641068 -0.198527 -0.401295 -0.394630 -0.562283 -0.202171 0.041453 0.401734 0.194235 0.310820 0.291156 0.547179 0.399395 -0.122233 -0.002821 -0.080301 0.114850 0.061886 -0.202570 0.099187 0.150641 -0.092123 -0.003799 0.046104 -0.098504 -0.269300 -0.411097 0.029955 0.061807 0.156974 -0.154715 -0.088945 -0.178639 0.071940 -0.099899
-0.170704 0.073627 0.302315 0.261245 0.389588 0.300366 0.210275 0.392073 1.000000 0.360809 -0.540468 -0.056310 -0.033790 0.093436 0.371451 0.240919 -0.572712 -0.195281 -0.574688 -0.452406 -0.110982 -0.166588 0.008333 -0.019019 0.002916 0.183998 -0.106156 -0.297480 -0.436284 -0.215653 -0.430804 -0.288185 -0.129961 0.059552 -0.146120 0.455754 -0.432976 -0.192424 -0.507028 -0.398535 -0.309453 -0.317546 -0.414543 -0.427048 0.033970 -0.083635 -0.351308 0.188312 0.381370 -0.000759 0.257315 0.195954 0.212340 -0.055203 -0.027951 -0.168928 -0.104017 0.014000 0.487297 0.584961 0.703862 0.714969 0.215537 0.266206 0.065282 0.279452 0.143987 0.202612 -0.304232 0.176887 0.121775 0.012732 -0.334439 -0.243303 -0.363015 -0.274140 -0.399003 -0.328721 -0.458846 -0.254375 -0.450025 -0.410078 -0.321400 -0.060889 -0.485301 -0.343906 -0.484189 -0.354879 0.344202 0.573732 0.266247 0.485922 0.388034 0.516193 0.199069 -0.130811 -0.386845 -0.184500 0.032934 -0.012966 0.484015 0.580934 0.428310 0.406888 -0.051792 -0.435225 -0.153002 -0.289005 0.149208 -0.108830 -0.036407 -0.339598 -0.343625 -0.235962 -0.323977 -0.433907
-0.311276 -0.270040 0.704105 0.514746 0.584886 0.640847 0.768274 0.817341 0.360809 1.000000 -0.273771 0.163116 -0.156721 -0.250371 -0.068748 -0.031319 -0.421019 -0.367615 -0.157267 -0.140683 -0.333037 0.065226 0.468373 0.470862 0.194845 0.063191 0.371934 0.092822 -0.624685 -0.639225 -0.496949 -0.483396 -0.481119 -0.417198 -0.010800 0.397564 -0.618192 -0.359527 -0.221273 0.003507 -0.735854 -0.300503 0.168064 0.097830 0.023848 0.180766 0.082507 0.328493 0.359975 -0.049539 0.061054 0.287103 0.290531 0.325302 -0.363214 0.068427 -0.412186 -0.314874 0.125605 0.085460 0.155543 0.125494 -0.444168 -0.491136 0.351860 0.676570 0.068144 0.342140 -0.285478 0.248980 -0.081328 -0.403729 -0.659113 -0.487441 -0.522825 -0.437136 -0.498030 -0.512004 -0.400837 -0.661278 -0.459873 -0.604018 -0.203000 -0.356641 -0.450224 -0.524502 -0.150997 0.080546 0.453929 0.192893 0.542390 0.540830 0.730900 0.539353 0.016569 -0.256989 -0.289765 -0.079337 0.084605 -0.226889 0.098374 0.117374 0.035157 -0.046867 0.044718 -0.171693 -0.118286 -0.171769 -0.025569 -0.046997 0.003284 -0.380062 -0.295413 -0.424125 -0.084077 -0.235034
-0.056635 0.179430 -0.178132 -0.302817 -0.406289 -0.488054 -0.122612 -0.214070 -0.540468 -0.273771 1.000000 0.460196 0.553108 0.393033 0.033431 -0.023163 0.385313 0.426761 0.459103 -0.038371 0.052396 0.183738 -0.179619 -0.377473 -0.124869 -0.332013 -0.032946 -0.022486 0.618609 0.352806 0.474353 0.290944 0.083195 0.167757 -0.197007 -0.290158 0.336186 0.041158 0.200585 0.030900 0.219787 0.020000 0.185801 0.188463 -0.159134 -0.146711 0.155323 -0.065259 -0.405485 -0.201923 -0.213742 -0.226653 -0.055812 -0.117345 0.062196 -0.119839 0.036303 0.147700 -0.344115 -0.412873 -0.213509 -0.163693 -0.087647 0.066742 0.009440 -0.137577 -0.234441 -0.412054 0.253620 -0.115639 -0.130914 0.092201 0.435884 0.152316 0.335041 0.281233 0.332485 0.138156 0.315791 0.342363 0.409845 0.340184 0.323635 0.264235 0.503241 0.277182 0.392374 0.236569 -0.126237 -0.295257 -0.252397 -0.490814 -0.155187 -0.246114 -0.209652 0.212855 0.358491 0.262282 0.046434 0.001325 -0.055000 -0.272342 -0.145312 -0.158318 0.144398 0.179286 -0.105905 0.015202 -0.182470 0.245063 0.114128 0.480827 0.406891 0.396742 0.118129 0.340000
-0.103922 0.307958 0.257829 0.131753 -0.235629 -0.340750 0.253836 0.299756 -0.056310 0.163116 0.460196 1.000000 0.272702 0.505086 -0.142682 0.149429 -0.126170 0.290681 0.369246 -0.166168 -0.307252 0.054802 0.072189 -0.220263 0.054413 -0.173794 -0.200996 -0.201129 0.203400 0.120486 0.351723 0.211817 0.202556 0.268937 -0.290654 -0.049683 -0.046957 -0.020421 -0.170656 -0.219955 -0.061816 -0.060630 0.057208 0.131318 -0.190125 -0.059109 0.110660 -0.107377 -0.284075 -0.141113 -0.311199 -0.200850 0.059844 0.096932 -0.156851 0.056420 -0.203574 -0.013686 -0.322434 -0.444107 0.053787 0.101622 -0.283532 -0.089250 0.268603 0.434104 -0.282119 -0.260601 0.181645 0.074582 -0.184059 0.101673 0.147495 0.073968 0.295840 0.170447 0.043812 -0.085851 0.092473 0.158140 0.025443 -0.042982 -0.160205 0.059290 0.251638 0.044774 -0.071528 0.232878 0.276153 -0.040356 -0.079107 -0.389514 0.074184 -0.089249 -0.360892 0.084021 0.036980 -0.022407 -0.050319 -0.239391 -0.072556 -0.385088 -0.396694 -0.315045 -0.155768 0.056366 -0.323372 -0.266449 0.031076 0.116318 0.149592 0.032657 0.127043 0.155420 0.167448 0.075181
-0.369595 0.156991 0.060024 -0.243379 -0.026895 -0.265556 -0.047448 -0.138067 -0.033790 -0.156721 0.553108 0.272702 1.000000 0.618711 0.493971 0.382326 0.124334 0.473667 0.024436 -0.230753 0.026483 -0.030044 -0.223981 -0.536143 -0.060706 -0.503599 -0.064663 -0.370767 0.318523 0.254515 0.138683 -0.143008 0.067260 0.015749 -0.196995 0.064032 0.255210 0.208201 0.149163 -0.155125 0.056864 -0.043962 -0.187137 -0.185728 -0.154382 -0.301038 -0.012039 0.029654 -0.269888 -0.213444 -0.010331 -0.079621 0.046975 -0.349304 0.219247 -0.025051 0.061849 0.150092 0.040304 0.053978 0.375996 0.351771 0.352561 0.424426 -0.074290 -0.075891 -0.065436 -0.258452 -0.104601 0.016580 0.189597 -0.104174 0.258436 0.087596 0.175715 0.090039 0.142880 0.022628 -0.046806 0.092824 0.098850 0.116736 0.160488 0.305381 0.086580 0.170246 0.129677 -0.072413 -0.121285 0.181007 -0.238307 -0.130001 0.135748 0.073434 -0.244660 0.084449 0.167947 0.065172 0.032647 0.020115 0.214678 0.106282 0.167486 0.223665 -0.040355 -0.050721 0.019833 -0.159315 -0.345707 0.148084 0.105575 0.262455 -0.105056 0.237930 -0.084764 0.147595
-0.108123 0.399362 -0.058695 -0.211378 -0.036421 -0.330398 -0.283056 -0.164001 0.093436 -0.250371 0.393033 0.505086 0.618711 1.000000 0.246126 0.622783 0.162922 0.654796 0.088000 -0.209411 0.013408 -0.079467 -0.402434 -0.672851 -0.208167 -0.237511 -0.270873 -0.480046 0.517835 0.568995 0.312493 0.203075 0.216035 0.258027 -0.459187 -0.183644 0.433489 0.234358 -0.019432 -0.250220 0.345719 0.020437 -0.427752 -0.353891 -0.538102 -0.572391 -0.129294 -0.222295 -0.424328 -0.445132 -0.169168 -0.292512 0.252728 -0.334654 0.327885 -0.100065 0.154410 0.237699 0.207728 0.058645 0.413150 0.465429 0.428955 0.557789 -0.258394 -0.160205 -0.006159 -0.337726 0.146857 0.070871 0.395811 0.145335 0.583280 0.471094 0.529312 0.580894 0.400134 0.253948 0.267272 0.464991 0.312765 0.329364 -0.189002 0.266122 0.347525 0.062749 -0.083688 0.023434 -0.000199 0.248434 -0.214029 -0.342510 -0.121676 -0.153644 -0.134697 0.190458 0.090836 -0.081282 -0.163046 -0.134804 0.243500 0.066410 0.061669 0.136401 -0.043693 -0.179286 -0.070927 -0.332742 -0.004051 0.068624 0.099227 0.048403 -0.020509 0.358857 0.096744 -0.140016
-0.646942 -0.152436 0.024564 0.105712 0.156293 0.166737 0.020099 0.060435 0.371451 -0.068748 0.033431 -0.142682 0.493971 0.246126 1.000000 0.435466 -0.320444 0.085083 -0.450567 -0.273579 0.074303 0.081365 0.116271 -0.113835 0.142817 0.035971 0.157558 0.022639 0.156860 0.092822 -0.025727 0.040247 -0.167928 0.028817 -0.169572 -0.063427 0.097589 0.161838 0.060921 -0.293075 0.050865 -0.124795 -0.202410 -0.077456 0.009867 -0.217213 -0.045035 -0.096175 0.022641 -0.039999 0.298072 0.138806 0.301576 -0.228097 0.547860 0.106843 -0.284465 -0.111205 0.237946 0.245469 0.531249 0.468484 0.315779 0.330755 0.108957 0.076453 -0.310802 -0.411437 -0.277093 -0.048219 0.212919 0.095299 -0.049685 0.046181 0.057146 -0.172489 -0.060928 -0.248429 -0.271781 0.003165 -0.344662 -0.255089 0.225476 0.102303 -0.202856 -0.068996 0.042850 -0.184919 0.110150 0.470503 -0.335215 -0.013551 0.280992 -0.010401 -0.247355 0.335536 0.107936 0.338285 -0.064930 0.030620 0.362014 0.403647 0.356429 0.595774 0.168510 -0.088341 -0.031561 -0.333918 -0.282196 0.038371 -0.129073 0.374937 0.010333 0.440269 -0.187970 -0.010340
-0.377495 0.098959 0.091192 0.207701 0.156309 0.105894 -0.221460 0.031871 0.240919 -0.031319 -0.023163 0.149429 0.382326 0.622783 0.435466 1.000000 -0.008642 0.176198 -0.121276 0.066224 0.085694 0.084285 -0.224061 -0.124567 -0.214957 0.014051 -0.068242 -0.153560 0.196097 0.255605 0.028008 0.124647 0.047674 0.107581 -0.376094 -0.103998 0.265617 0.284742 -0.034867 -0.121217 0.087467 0.135844 -0.252834 -0.135142 -0.464076 -0.410875 -0.083206 -0.254262 -0.215401 -0.398439 -0.169645 -0.209965 0.209952 -0.382666 0.312011 -0.110505 -0.069685 0.219944 0.474278 0.330150 0.369720 0.353499 0.170359 0.160965 -0.305194 -0.014061 0.041428 -0.157435 -0.004477 0.225334 0.601977 0.178542 0.196118 0.471516 0.293241 0.305951 0.196783 0.129022 0.213662 0.183931 0.139951 0.096992 -0.022388 0.271004 -0.013599 -0.206521 -0.156476 -0.084639 -0.053394 0.479691 0.004666 -0.087296 -0.029687 -0.208182 0.045036 0.066649 0.002339 -0.164591 -0.276470 -0.338355 0.347239 0.184940 0.224468 0.208531 0.005690 -0.017221 0.342604 -0.248903 -0.093577 -0.202433 -0.118758 -0.043911 -0.221558 0.153722 0.175604 0.014997
0.496775 0.001612 -0.527970 -0.468037 -0.396927 -0.356184 -0.471236 -0.456073 -0.572712 -0.421019 0.385313 -0.126170 0.124334 0.162922 -0.320444 -0.008642 1.000000 0.529958 0.158449 0.215049 0.099543 -0.036154 -0.470229 -0.110416 -0.273618 -0.099207 -0.283583 -0.063077 0.566046 0.650402 0.274916 0.265317 0.102135 0.181878 0.170960 -0.321312 0.618744 0.195867 0.483936 0.489686 0.495899 0.317140 0.005424 -0.123670 -0.319708 -0.329296 -0.144365 -0.331952 -0.456983 -0.342789 -0.323917 -0.336711 -0.157090 -0.321955 -0.005768 -0.220175 0.648080 0.321777 -0.123758 -0.128841 -0.481860 -0.484503 0.291714 0.222005 -0.555063 -0.718240 -0.012697 -0.170107 0.212268 -0.374493 0.140263 0.076040 0.648307 0.333588 0.241449 0.570136 0.519588 0.672992 0.761226 0.388261 0.844370 0.821082 0.194293 0.395381 0.390994 0.429156 0.362501 0.371886 -0.615838 -0.480679 -0.271578 -0.421004 -0.573928 -0.477708 0.192625 -0.013730 0.045891 -0.155854 -0.212291 0.061882 -0.118628 -0.054197 -0.059012 0.006859 0.270699 0.391274 0.049832 0.167829 -0.090409 -0.071014 -0.057981 0.210377 0.181077 0.214449 0.349569 0.240827
0.179188 0.209199 -0.293262 -0.352846 -0.289495 -0.507454 -0.330572 -0.338791 -0.195281 -0.367615 0.426761 0.290681 0.473667 0.654796 0.085083 0.176198 0.529958 1.000000 0.178023 -0.214014 -0.055083 -0.245302 -0.234002 -0.475345 0.079658 -0.105954 -0.318085 -0.321770 0.695415 0.765855 0.392972 0.345822 0.098960 0.352456 -0.246851 -0.314174 0.570474 0.230551 0.352101 0.092929 0.464077 0.129410 -0.403008 -0.381498 -0.534924 -0.592811 -0.243257 -0.422437 -0.668272 -0.547486 -0.312008 -0.498656 0.088401 -0.453111 0.215840 -0.202484 0.324249 0.193525 -0.175081 -0.239930 0.135322 0.054012 0.451243 0.558006 -0.144427 -0.405678 -0.226772 -0.392979 0.288454 -0.219671 0.224696 0.189846 0.779056 0.488488 0.577912 0.668014 0.607054 0.506899 0.531088 0.668867 0.586986 0.643823 0.099296 0.393739 0.607539 0.486852 0.318349 0.380901 -0.080882 -0.112815 -0.596403 -0.580670 -0.282351 -0.337520 -0.174144 0.058978 0.114944 -0.115565 -0.345265 -0.198047 0.098625 0.136472 0.034171 0.193137 0.326817 0.147921 -0.272358 -0.259750 -0.055180 -0.055389 0.076112 0.129350 0.065031 0.439270 0.107180 -0.008244
0.163357 0.309401 0.189414 0.172545 -0.308844 -0.323887 0.070777 -0.052108 -0.574688 -0.157267 0.459103 0.369246 0.024436 0.088000 -0.450567 -0.121276 0.158449 0.178023 1.000000 0.410512 0.208278 0.157237 0.122468 -0.183019 0.127741 -0.127868 0.096485 0.153093 0.275436 -0.052340 0.412907 0.250684 0.350282 0.128882 -0.186292 -0.277402 0.068778 -0.192792 0.014090 -0.012732 0.006093 0.033634 0.181650 0.286681 -0.203425 0.008668 0.197667 -0.059583 -0.475891 -0.184756 -0.399206 -0.403742 -0.212987 -0.052266 -0.192938 -0.095619 -0.123657 0.027259 -0.359251 -0.546113 -0.286619 -0.269585 -0.405416 -0.275236 0.275152 0.098267 0.020819 -0.170138 0.667967 0.274851 -0.034529 0.105844 0.209986 0.291425 0.394289 0.206309 0.301646 0.116442 0.241312 0.240362 0.260282 0.156853 0.080508 -0.045370 0.633997 0.111716 0.285287 0.241641 0.137337 -0.277199 -0.114631 -0.391553 -0.202442 -0.082308 -0.244242 -0.214394 0.464416 0.059104 -0.176305 -0.310920 -0.213330 -0.290777 -0.297686 -0.300441 -0.052050 0.078169 0.104525 -0.093071 -0.174487 0.034194 0.230820 -0.009231 0.174625 0.058243 0.189834 0.241469
0.095890 0.159076 0.182317 0.373111 -0.083486 0.160190 -0.087224 -0.112555 -0.452406 -0.140683 -0.038371 -0.166168 -0.230753 -0.209411 -0.273579 0.066224 0.215049 -0.214014 0.410512 1.000000 0.374933 0.061033 0.078616 0.254318 0.047316 0.167542 0.253535 0.432783 -0.126490 -0.247824 -0.082596 -0.074309 0.253849 -0.096599 0.128177 -0.105591 -0.027746 -0.168736 -0.043016 0.039591 -0.143844 -0.013034 0.220157 0.337732 -0.179809 -0.020001 0.302971 -0.026817 0.026387 -0.075665 0.026695 -0.004099 -0.029735 0.058555 0.115621 0.135916 -0.029867 0.208354 0.070286 -0.062414 -0.439564 -0.448238 -0.360830 -0.438622 -0.132104 -0.161753 0.207786 0.012787 0.382575 0.395824 0.099458 -0.026180 -0.061866 0.061451 0.048498 -0.047952 0.122755 0.255370 0.142959 -0.066216 0.010973 -0.007098 -0.096493 -0.386314 0.048694 -0.276002 0.221112 0.131687 -0.179378 -0.248532 0.258789 0.076330 -0.273045 -0.204544 0.063263 0.006716 0.312854 0.045231 0.071799 0.033442 -0.352230 -0.101716 -0.265337 -0.190707 -0.206259 0.067374 0.451885 0.125728 -0.125883 -0.022109 0.211429 0.006724 0.076638 -0.152785 0.439232 0.111348
-0.022027 0.198659 -0.005936 0.084942 0.219269 0.225296 -0.211483 -0.366721 -0.110982 -0.333037 0.052396 -0.307252 0.026483 0.013408 0.074303 0.085694 0.099543 -0.055083 0.208278 0.374933 1.000000 0.407895 -0.022173 -0.168461 0.073038 0.149925 0.490794 0.503929 0.148931 -0.007707 -0.008254 0.080974 0.477380 0.201588 -0.183612 -0.180825 0.056009 -0.318488 -0.215754 -0.405943 0.122399 -0.294995 -0.057356 -0.010867 0.029907 -0.087453 0.130184 -0.000287 0.008638 -0.063142 0.074369 -0.224527 -0.150313 -0.296578 0.138876 -0.242971 -0.020854 0.333589 0.321348 0.220062 0.163748 0.080243 0.108916 0.101945 0.028920 -0.355528 0.240242 -0.206870 0.081186 0.187719 0.208770 0.142136 0.052709 0.168408 0.082055 -0.044306 0.179559 0.099661 0.016044 0.251664 0.040441 0.082302 -0.194622 -0.099578 0.282841 -0.187651 -0.162087 -0.088460 0.046518 -0.145927 0.027159 -0.056419 -0.214170 0.016394 0.057955 0.005275 0.196318 -0.116977 0.112949 0.013326 -0.091755 0.311096 0.239231 0.328154 -0.091975 -0.330178 0.167064 -0.011414 -0.120540 -0.227976 -0.132576 0.102080 -0.133605 0.139265 -0.184555 -0.165475
-0.080491 0.158928 -0.016883 0.188388 0.174452 0.201086 0.183826 0.025795 -0.166588 0.065226 0.183738 0.054802 -0.030044 -0.079467 0.081365 0.084285 -0.036154 -0.245302 0.157237 0.061033 0.407895 1.000000 0.187854 0.068179 0.016159 0.052653 0.567124 0.636876 0.079992 -0.087036 0.190536 0.184826 0.104283 0.032312 -0.188429 -0.279345 0.089006 -0.056473 -0.185150 -0.271729 0.122590 -0.010221 0.083224 0.077980 -0.037035 -0.080859 0.014732 -0.121771 -0.125342 -0.121471 -0.258238 -0.164453 -0.158197 -0.040460 -0.192893 -0.184096 -0.079805 0.125343 0.071597 0.065390 -0.025971 -0.071566 -0.070470 -0.135897 0.174319 -0.000255 -0.018283 -0.198872 0.045075 0.007766 0.118016 0.093826 -0.135069 0.048000 -0.064556 -0.159584 0.045376 -0.049419 0.001881 0.027305 0.037646 -0.043531 0.167012 0.272173 0.242790 -0.027073 -0.013936 0.250325 0.299475 -0.000326 0.086682 -0.072870 -0.049331 -0.003843 -0.071397 -0.250333 -0.115267 -0.059460 -0.029653 -0.218296 -0.054838 -0.018865 0.183990 0.256448 0.107713 -0.148204 0.239970 -0.104592 -0.329454 -0.443161 -0.443554 0.036287 -0.062729 0.140124 -0.301022 -0.016474
-0.384771 -0.411089 0.600906 0.655022 0.305519 0.448024 0.712276 0.514896 0.008333 0.468373 -0.179619 0.072189 -0.223981 -0.402434 0.116271 -0.224061 -0.470229 -0.234002 0.122468 0.078616 -0.022173 0.187854 1.000000 0.594570 0.792768 0.472918 0.612772 0.610401 -0.335586 -0.517290 0.021799 0.050984 -0.183904 -0.025400 0.257400 0.121672 -0.344798 -0.298000 0.002581 -0.200696 -0.453986 -0.447854 0.246678 0.314410 0.157982 0.288787 0.182518 0.063402 0.037628 -0.049818 -0.063515 -0.089086 -0.019244 0.065761 -0.212292 0.129672 -0.777764 -0.466724 -0.315337 -0.425615 0.010884 -0.207040 -0.450795 -0.492004 0.857753 0.502063 -0.247129 -0.016020 -0.130763 0.195926 -0.285001 0.058679 -0.522005 -0.327208 -0.178659 -0.426313 -0.276061 -0.369248 -0.351054 -0.278701 -0.500967 -0.506483 0.070075 -0.410543 0.052745 -0.263884 0.043761 0.281946 0.525907 -0.075341 -0.018357 0.070511 0.379957 0.234532 -0.437850 0.019124 0.055020 0.282116 -0.136038 -0.498661 -0.316859 0.062737 -0.215652 0.020004 0.181465 0.013091 -0.284850 -0.186352 -0.179626 0.015105 0.099837 -0.133462 -0.180145 -0.119255 -0.117366 -0.098081
-0.089646 -0.576791 0.272076 0.538498 0.112033 0.490738 0.387560 0.460374 -0.019019 0.470862 -0.377473 -0.220263 -0.536143 -0.672851 -0.113835 -0.124567 -0.110416 -0.475345 -0.183019 0.254318 -0.168461 0.068179 0.594570 1.000000 0.295838 0.620774 0.278027 0.530300 -0.421155 -0.425930 -0.169979 0.061603 -0.332648 -0.018318 0.399010 0.189608 -0.349678 -0.231999 0.037517 0.200862 -0.475393 -0.142724 0.455888 0.403089 0.196801 0.387020 0.094686 0.073846 0.241169 0.012773 -0.148918 -0.007294 -0.160519 0.065662 -0.355179 -0.045753 -0.384010 -0.198483 -0.114090 -0.122614 -0.363107 -0.497569 -0.521921 -0.664283 0.311354 0.272049 -0.092100 0.321276 -0.252012 0.076883 -0.161501 0.081380 -0.544094 -0.321842 -0.409492 -0.402723 -0.339269 -0.156364 -0.043976 -0.347099 -0.189447 -0.266947 0.165455 -0.222129 -0.272852 -0.317682 0.003689 0.194453 0.115285 -0.186203 0.246959 0.238736 0.154783 0.015395 0.054158 -0.031296 -0.203215 0.012720 -0.079783 -0.319247 -0.210515 0.022273 -0.136972 -0.167676 0.198983 0.235405 -0.074441 0.117967 -0.021799 -0.095384 -0.110749 -0.159133 -0.149656 -0.330906 0.095773 0.018505
-0.257538 -0.319966 0.389077 0.495792 0.146629 0.241675 0.495811 0.282979 0.002916 0.194845 -0.124869 0.054413 -0.060706 -0.208167 0.142817 -0.214957 -0.273618 0.079658 0.127741 0.047316 0.073038 0.016159 0.792768 0.295838 1.000000 0.467771 0.387256 0.427182 -0.167706 -0.278271 0.077810 0.125563 -0.174038 0.054011 0.364607 0.087149 -0.151532 -0.135830 0.126552 -0.114159 -0.211546 -0.428151 0.038995 0.071174 0.099219 0.168763 0.031388 -0.173578 -0.202065 -0.076884 0.024206 -0.173808 -0.021003 -0.196904 -0.061820 0.071935 -0.612718 -0.514952 -0.434007 -0.436747 0.101547 -0.096000 -0.140920 -0.130318 0.790382 0.330960 -0.353320 -0.175278 -0.126009 -0.029855 -0.311767 0.154610 -0.261216 -0.321857 -0.187536 -0.273653 -0.300377 -0.271264 -0.222083 -0.109231 -0.332767 -0.271932 0.164997 -0.254986 0.244829 0.060401 0.194351 0.258507 0.271004 0.040103 -0.299177 -0.118259 0.233042 0.153058 -0.546892 0.022779 0.041245 0.219065 -0.332502 -0.468387 -0.300898 0.178830 -0.269951 0.197793 0.190859 0.142456 -0.319722 -0.265830 -0.237414 -0.058919 0.102797 -0.051047 -0.074150 0.051601 0.033447 0.029685
0.084905 -0.307461 0.117423 0.525987 0.028539 0.327743 0.101904 0.227357 0.183998 0.063191 -0.332013 -0.173794 -0.503599 -0.237511 0.035971 0.014051 -0.099207 -0.105954 -0.127868 0.167542 0.149925 0.052653 0.472918 0.620774 0.467771 1.000000 0.162869 0.483267 -0.075385 -0.055392 0.109434 0.456234 -0.108912 0.410439 0.190147 0.024461 -0.134710 -0.324961 -0.206714 -0.212023 -0.157971 -0.361908 0.085862 0.064848 -0.012039 0.089707 -0.140699 -0.152574 0.016420 -0.211957 -0.104575 -0.305517 -0.069578 -0.332371 -0.098779 -0.393049 -0.314331 -0.094761 0.026242 -0.041758 -0.014213 -0.126467 -0.130656 -0.124947 0.352360 0.029373 -0.111981 0.054703 -0.136318 0.019875 0.033400 0.495579 -0.143051 -0.091211 -0.174816 -0.114116 -0.201322 -0.013814 0.053777 0.116946 -0.061184 -0.030577 0.011972 -0.164469 0.171637 -0.265026 -0.147431 0.124158 0.244670 -0.011148 0.005961 -0.024266 -0.107600 -0.010312 -0.125551 0.048286 -0.197628 -0.062057 -0.271606 -0.421087 -0.083282 0.362263 -0.009471 0.143862 0.219375 -0.076066 -0.261811 -0.265247 0.002201 -0.151294 -0.135358 -0.167449 -0.078837 0.003818 -0.022094 -0.294338
-0.381849 -0.199830 0.445766 0.382819 0.665171 0.697835 0.437863 0.159723 -0.106156 0.371934 -0.032946 -0.200996 -0.064663 -0.270873 0.157558 -0.068242 -0.283583 -0.318085 0.096485 0.253535 0.490794 0.567124 0.612772 0.278027 0.387256 0.162869 1.000000 0.748832 -0.279517 -0.510918 -0.269003 -0.238649 -0.132665 -0.289416 -0.028312 -0.089463 -0.233079 -0.338877 -0.093516 -0.213259 -0.340754 -0.357169 0.198163 0.228932 0.007544 0.075185 0.312933 0.178490 0.177820 -0.103871 0.103474 0.042601 0.090160 0.077667 -0.031967 0.046506 -0.522207 -0.128568 0.163279 0.011463 0.085948 -0.079559 -0.257294 -0.395691 0.447796 0.190584 0.153768 -0.002049 -0.132244 0.284425 0.137690 -0.094872 -0.467670 -0.173046 -0.184317 -0.362889 -0.039255 -0.160808 -0.374674 -0.278227 -0.386793 -0.440211 -0.027075 -0.354478 0.035764 -0.431228 -0.005363 0.129348 0.447173 -0.047945 0.304399 0.270628 0.350565 0.308459 -0.141019 -0.087768 0.142898 0.158822 0.129183 -0.203267 -0.147097 0.159773 0.176023 0.227193 0.144389 -0.297550 0.155172 -0.049557 -0.255764 -0.122293 -0.053236 -0.077673 -0.271035 -0.064749 -0.315457 -0.234403
-0.129218 -0.188254 0.152579 0.458872 0.203324 0.449857 0.254581 0.045825 -0.297480 0.092822 -0.022486 -0.201129 -0.370767 -0.480046 0.022639 -0.153560 -0.063077 -0.321770 0.153093 0.432783 0.503929 0.636876 0.610401 0.530300 0.427182 0.483267 0.748832 1.000000 -0.053703 -0.267807 0.054761 0.209842 0.022465 0.032833 0.108479 -0.224139 -0.058844 -0.280050 -0.052774 -0.181393 -0.101781 -0.253586 0.301882 0.358099 0.106662 0.149757 0.217781 -0.140344 0.067738 -0.035230 -0.021768 -0.101803 -0.082711 0.012159 -0.062702 -0.084053 -0.404764 -0.055997 -0.054548 -0.167216 -0.254823 -0.429536 -0.383012 -0.478201 0.406226 -0.004683 -0.111800 -0.174509 0.011691 0.050676 -0.093881 0.120875 -0.273459 -0.093570 -0.107305 -0.281424 0.002892 -0.069229 0.010580 -0.029762 -0.151259 -0.156076 0.113846 -0.220993 0.210716 -0.195688 0.089442 0.351610 0.254207 -0.294063 0.064227 -0.069739 -0.037265 -0.111946 -0.184726 -0.035273 0.077211 0.111533 -0.032775 -0.267988 -0.334151 0.032238 -0.024474 0.139302 0.205960 0.018878 0.109416 -0.003984 -0.239829 -0.295645 -0.219669 0.100577 0.014655 0.084460 -0.125748 -0.018808
0.104694 0.093195 -0.564964 -0.421280 -0.518771 -0.565321 -0.459694 -0.428635 -0.436284 -0.624685 0.618609 0.203400 0.318523 0.517835 0.156860 0.196097 0.566046 0.695415 0.275436 -0.126490 0.148931 0.079992 -0.335586 -0.421155 -0.167706 -0.075385 -0.279517 -0.053703 1.000000 0.858347 0.673398 0.702343 0.232909 0.453810 -0.273976 -0.626987 0.721618 0.237133 0.367835 0.046216 0.742033 0.290000 -0.033602 0.031001 -0.251156 -0.336172 -0.023205 -0.456536 -0.591964 -0.217962 -0.254037 -0.381124 0.009148 -0.325916 0.331991 -0.170054 0.252137 0.188897 -0.234738 -0.365449 -0.147604 -0.117419 0.254397 0.384486 -0.236645 -0.467770 -0.419301 -0.681771 0.317292 -0.404733 0.155840 0.338407 0.855673 0.654789 0.730167 0.671977 0.600388 0.367457 0.651735 0.743867 0.623397 0.649691 0.216043 0.411232 0.650257 0.417436 0.240885 0.309931 -0.263293 -0.266856 -0.677562 -0.858254 -0.499786 -0.625171 -0.149789 0.325184 0.366902 0.166521 -0.279463 -0.044314 0.112290 -0.109131 0.029143 0.129127 0.342064 0.274664 -0.100853 -0.157042 -0.045578 -0.030667 -0.055144 0.548950 0.487333 0.787355 0.142083 0.291317
0.318309 0.168990 -0.701522 -0.545290 -0.470855 -0.595568 -0.644263 -0.542126 -0.215653 -0.639225 0.352806 0.120486 0.254515 0.568995 0.092822 0.255605 0.650402 0.765855 -0.052340 -0.247824 -0.007707 -0.087036 -0.517290 -0.425930 -0.278271 -0.055392 -0.510918 -0.267807 0.858347 1.000000 0.551160 0.597901 0.222979 0.469426 -0.191807 -0.473809 0.808442 0.436116 0.387381 0.128039 0.818432 0.382916 -0.321913 -0.322600 -0.368812 -0.515345 -0.287784 -0.566180 -0.529295 -0.311415 -0.250243 -0.368186 0.037020 -0.360838 0.323081 -0.206157 0.526100 0.298326 -0.064485 -0.101037 -0.061999 -0.062274 0.537995 0.596749 -0.487158 -0.644983 -0.290877 -0.482988 0.199236 -0.481595 0.233435 0.325229 0.914707 0.637209 0.634396 0.781049 0.636997 0.562406 0.732270 0.769660 0.727694 0.813185 0.114044 0.561519 0.506352 0.545986 0.139709 0.288846 -0.369058 -0.159317 -0.627153 -0.710417 -0.587056 -0.639024 -0.003053 0.211988 0.019578 -0.103190 -0.323367 -0.010718 0.108111 -0.036639 0.053408 0.149642 0.256597 0.244895 -0.133820 -0.081655 0.045581 -0.127021 -0.176211 0.298825 0.290192 0.589132 0.137099 0.106091
0.118605 0.138042 -0.309299 -0.109688 -0.630735 -0.640565 -0.223802 -0.211162 -0.430804 -0.496949 0.474353 0.351723 0.138683 0.312493 -0.025727 0.028008 0.274916 0.392972 0.412907 -0.082596 -0.008254 0.190536 0.021799 -0.169979 0.077810 0.109434 -0.269003 0.054761 0.673398 0.551160 1.000000 0.805350 0.417183 0.587136 0.002548 -0.287044 0.609973 0.235073 0.231140 -0.134065 0.555325 0.139058 -0.059246 -0.007460 -0.114211 -0.165473 -0.179363 -0.349599 -0.499450 -0.147716 -0.396468 -0.398104 -0.226331 -0.144323 0.020534 -0.116497 0.012886 0.114697 -0.430209 -0.518764 -0.280509 -0.270357 0.005909 0.138841 0.097564 -0.226807 -0.408984 -0.440250 0.318868 -0.180329 -0.158825 0.375816 0.532464 0.392475 0.522994 0.494530 0.336623 0.126503 0.507973 0.599115 0.468637 0.537050 0.188723 0.324099 0.688659 0.434945 0.145706 0.462377 -0.089210 -0.276574 -0.572106 -0.716287 -0.588304 -0.538609 -0.387054 0.196444 0.201288 0.178677 -0.306465 -0.289965 -0.365510 -0.372373 -0.450000 -0.188182 -0.034532 0.157276 -0.184733 -0.066244 -0.222557 0.071837 -0.007607 0.139923 0.317588 0.433022 0.041459 0.262747
0.201369 -0.013581 -0.431354 0.018699 -0.596264 -0.457549 -0.311444 -0.189994 -0.288185 -0.483396 0.290944 0.211817 -0.143008 0.203075 0.040247 0.124647 0.265317 0.345822 0.250684 -0.074309 0.080974 0.184826 0.050984 0.061603 0.125563 0.456234 -0.238649 0.209842 0.702343 0.597901 0.805350 1.000000 0.207160 0.719740 -0.063527 -0.496846 0.499993 0.128607 0.203404 -0.050797 0.558801 0.153955 0.025874 0.103701 -0.164899 -0.125204 -0.196593 -0.564597 -0.559348 -0.212286 -0.456049 -0.527240 -0.213249 -0.331407 0.062187 -0.280262 -0.051325 0.076619 -0.341715 -0.443288 -0.230065 -0.256348 -0.011875 0.092028 0.119476 -0.179845 -0.472416 -0.507806 0.300576 -0.281092 0.005248 0.672982 0.520519 0.508355 0.517983 0.482422 0.307768 0.186359 0.590620 0.714685 0.480102 0.492907 0.306589 0.384813 0.663727 0.337034 0.155224 0.394841 -0.016467 -0.173938 -0.615853 -0.790134 -0.520078 -0.585082 -0.216641 0.232144 0.108126 0.106285 -0.501999 -0.391537 -0.076260 -0.120853 -0.207240 0.006657 0.248546 0.279640 -0.221672 -0.156231 -0.097861 -0.183834 -0.216434 0.236836 0.414431 0.581785 0.153583 0.226259
0.133323 0.465244 0.005102 -0.012304 -0.264393 -0.336197 -0.298589 -0.320398 -0.129961 -0.481119 0.083195 0.202556 0.067260 0.216035 -0.167928 0.047674 0.102135 0.098960 0.350282 0.253849 0.477380 0.104283 -0.183904 -0.332648 -0.174038 -0.108912 -0.132665 0.022465 0.232909 0.222979 0.417183 0.207160 1.000000 0.473997 -0.231684 0.000030 0.193874 -0.014676 -0.193543 -0.462949 0.280211 0.035165 -0.245486 -0.142262 -0.010748 -0.187011 -0.023194 -0.012327 -0.023366 0.012574 -0.100687 -0.221033 -0.153374 -0.008603 0.091036 -0.020088 0.209700 0.425667 0.113965 0.000030 0.068833 0.043846 0.080616 0.173942 -0.118608 -0.303419 0.082915 -0.225438 0.297953 0.219780 -0.005562 0.085673 0.300795 0.308494 0.413546 0.201368 0.304792 0.234207 0.142044 0.339171 0.111934 0.234630 -0.495722 -0.026971 0.223915 0.024032 -0.380920 0.035065 0.010106 -0.233470 -0.141782 -0.266947 -0.535292 -0.257798 -0.100525 0.072813 0.074659 -0.171557 0.119785 0.065686 -0.387030 -0.193279 -0.274798 -0.172906 -0.553775 -0.228163 0.018610 -0.017332 0.067344 0.083550 0.033731 -0.061178 -0.093944 0.040602 -0.056329 -0.063956
0.310154 0.225961 -0.187758 0.060973 -0.542799 -0.457103 -0.280128 -0.157488 0.059552 -0.417198 0.167757 0.268937 0.015749 0.258027 0.028817 0.107581 0.181878 0.352456 0.128882 -0.096599 0.201588 0.032312 -0.025400 -0.018318 0.054011 0.410439 -0.289416 0.032833 0.453810 0.469426 0.587136 0.719740 0.473997 1.000000 -0.059780 -0.056608 0.171119 -0.215240 -0.184573 -0.347714 0.252178 -0.141852 -0.190488 -0.157063 -0.156992 -0.194142 -0.459157 -0.299376 -0.371228 -0.309106 -0.480159 -0.575722 -0.396885 -0.474286 -0.183778 -0.526878 0.100864 0.476186 -0.071324 -0.128735 0.054460 -0.013642 0.071991 0.179861 0.096630 -0.190058 -0.111213 -0.272818 0.277943 0.046343 0.040359 0.659663 0.348445 0.327597 0.321613 0.280465 0.222548 0.254249 0.383274 0.608256 0.379294 0.414195 -0.006202 0.330824 0.439849 0.161749 -0.140653 0.297526 0.116994 -0.252000 -0.368562 -0.483210 -0.475976 -0.222400 -0.029747 0.055267 -0.065717 -0.120237 -0.368459 -0.293059 0.026840 0.176929 -0.058085 0.136093 0.067341 0.020200 -0.291684 -0.107163 -0.107289 -0.120380 -0.017268 -0.001582 0.043697 0.291409 -0.109734 0.036616
0.095893 -0.476307 -0.051844 -0.030889 -0.125940 0.053660 0.197782 0.052404 -0.146120 -0.010800 -0.197007 -0.290654 -0.196995 -0.459187 -0.169572 -0.376094 0.170960 -0.246851 -0.186292 0.128177 -0.183612 -0.188429 0.257400 0.399010 0.364607 0.190147 -0.028312 0.108479 -0.273976 -0.191807 0.002548 -0.063527 -0.231684 -0.059780 1.000000 0.331114 -0.004957 0.040659 0.312180 0.387518 -0.047488 -0.213186 0.283947 0.131116 0.377367 0.427449 -0.059373 0.090084 0.072672 0.250952 0.056829 0.135577 -0.368122 0.002878 -0.298826 0.210449 -0.114578 -0.283730 -0.420977 -0.265548 -0.496087 -0.528114 -0.044754 -0.219169 0.126741 -0.112859 -0.018489 0.225609 -0.293594 -0.192136 -0.498932 -0.014158 -0.308600 -0.521033 -0.488937 -0.227229 -0.324536 -0.004441 -0.020135 -0.380276 -0.024169 0.013474 0.238239 -0.146755 -0.168866 0.166171 0.160319 0.098804 -0.528098 -0.361837 0.001870 0.123748 -0.115954 0.067897 0.032966 0.148597 0.038513 0.374486 -0.086781 0.047979 -0.376822 -0.106373 -0.366566 -0.069867 0.137711 0.434320 -0.093454 0.458538 -0.115291 0.291717 0.352438 0.046695 0.013196 -0.258209 0.232643 0.345730
-0.131426 -0.004448 0.486536 0.240360 0.204261 0.182092 0.309214 0.315948 0.455754 0.397564 -0.290158 -0.049683 0.064032 -0.183644 -0.063427 -0.103998 -0.321312 -0.314174 -0.277402 -0.105591 -0.180825 -0.279345 0.121672 0.189608 0.087149 0.024461 -0.089463 -0.224139 -0.626987 -0.473809 -0.287044 -0.496846 0.000030 -0.056608 0.331114 1.000000 -0.524396 -0.222844 -0.380171 -0.224106 -0.600760 -0.507622 -0.191614 -0.304542 0.297025 0.209232 -0.328236 0.530595 0.488693 0.090709 0.170995 0.218141 -0.118668 0.027028 -0.387566 -0.137032 -0.100177 0.017928 0.214858 0.369405 0.236461 0.192809 -0.063165 -0.075349 0.121857 0.167647 0.443393 0.619795 -0.333938 0.423872 -0.374415 -0.458222 -0.554140 -0.723102 -0.673151 -0.508585 -0.543917 -0.350954 -0.369982 -0.564307 -0.330087 -0.277808 -0.295052 -0.247945 -0.499381 -0.268013 -0.374059 -0.171435 0.034895 0.024572 0.494374 0.674780 0.298843 0.566681 0.159115 -0.163942 -0.405652 -0.074994 0.190437 -0.021899 -0.126171 0.135337 -0.080974 -0.156575 -0.301659 -0.147177 -0.029777 0.277452 0.066486 0.320745 0.293999 -0.393962 -0.478530 -0.713765 -0.228342 -0.065219
