1.000000 0.354735 0.090387 -0.301029 -0.045084 -0.175218 -0.105606 -0.204760 -0.068807 -0.080903 0.442371 0.182814 0.424454 0.117669 0.246388 0.208280 0.127586 0.082597 0.039473 0.041611 -0.071853 -0.252761 -0.044033 -0.186843 -0.284113 -0.372630 0.038785 -0.073119 0.116167 0.003740 -0.175236 -0.403387 0.173060 -0.090415 -0.136807 -0.464761 0.102078 -0.090803 -0.149251 0.045449 -0.083218 0.096637 0.128256 -0.009602 -0.037211 -0.219271 0.036881 0.022950 0.371855 -0.049315 0.129837 0.126805 0.340570 0.115343 0.445671 0.048579 0.334400 0.106478 0.487995 0.052823 0.231949 0.150345 0.074582 0.001803 -0.314514 -0.264881 -0.028057 -0.331433 0.202657 0.246231 0.043904 -0.410233 0.024520 -0.008020 -0.059582 -0.024875 -0.042527 -0.264445 -0.108706 0.055398 -0.157050 -0.189879 0.047306 -0.007371 -0.170061 -0.217497 0.102543 0.086897 -0.209976 -0.110429 0.216344 0.162429 -0.061742 0.115490 0.007706 0.072736 0.200952 -0.004997 0.363695 0.405618 0.102879 0.113515 -0.004688 0.022262 -0.128564 -0.197477 0.115358 -0.023135 0.029121 -0.011083 0.012247 0.011301 0.304702 0.053652 -0.079708 -0.144160
0.354735 1.000000 -0.494550 -0.006296 -0.110323 -0.196230 -0.384006 0.097904 -0.199349 -0.279243 0.049403 0.477594 -0.095670 0.244864 0.112012 0.252577 0.262356 0.265526 0.090640 0.312982 0.113537 -0.269094 -0.459717 -0.006486 -0.453358 -0.345112 -0.064235 -0.221925 0.145148 0.098094 -0.233508 -0.406917 -0.094898 -0.171511 -0.338962 -0.573796 0.081042 -0.165980 -0.343609 -0.123885 -0.078133 0.287191 -0.013683 0.031098 -0.255150 -0.226250 0.131489 -0.192222 0.246552 0.116086 0.249698 0.447978 0.440021 0.487340 0.157047 0.107352 0.122079 0.223128 0.119265 0.480192 -0.109775 0.287059 0.182134 0.340384 -0.477551 -0.231570 -0.230384 -0.352831 0.254397 0.166950 -0.138261 -0.528579 0.155088 0.284109 0.126843 0.280342 0.246642 0.030780 -0.002484 -0.020102 0.049052 -0.054954 0.213564 0.285862 -0.095734 0.010243 0.056452 0.358634 -0.284301 -0.127282 0.215849 -0.122995 -0.133337 -0.353744 -0.151783 0.128719 -0.075650 0.018740 0.532998 0.233327 0.303459 0.021936 0.292481 -0.202407 0.231968 -0.271984 0.183226 -0.094192 0.050600 -0.043700 -0.342570 0.249373 0.385558 -0.331549 -0.151607 0.122211
0.090387 -0.494550 1.000000 0.088484 0.357288 0.180732 0.726357 0.108639 0.249420 0.127836 0.210820 -0.296710 0.429147 -0.073015 0.034115 -0.341410 -0.367115 -0.435769 0.087960 -0.293679 0.114229 0.069085 0.561606 -0.090244 0.314498 0.298653 0.361867 0.348433 -0.256968 -0.312232 0.358435 0.227423 0.166976 0.159473 0.364730 0.408557 -0.129902 -0.193906 0.204789 -0.009519 0.055076 -0.089781 -0.102795 -0.127097 -0.087198 -0.073127 -0.140126 0.023514 -0.131337 -0.353664 -0.144520 -0.443439 -0.298902 -0.292343 0.117990 -0.123668 -0.295175 -0.374272 0.193265 -0.570825 0.085351 -0.101625 -0.303612 -0.557700 0.377600 0.297268 0.289564 0.245820 -0.164051 -0.011009 0.160309 0.151778 -0.026643 -0.089844 -0.040411 -0.071785 -0.185308 -0.134656 -0.262869 -0.145042 -0.383062 -0.159434 -0.176508 -0.434906 0.016324 -0.133308 -0.047520 -0.188488 0.310208 -0.051377 -0.144167 0.239819 0.001897 0.379081 0.075460 -0.232660 0.237531 -0.129043 -0.343183 0.037254 -0.448257 -0.044166 -0.300073 -0.009863 -0.200300 0.159506 -0.099147 0.104413 0.148819 -0.011556 0.301860 -0.242793 -0.170781 0.328425 0.105733 -0.079565
-0.301029 -0.006296 0.088484 1.000000 -0.018630 0.141518 0.070282 0.581448 -0.031815 0.026269 -0.099821 0.051741 -0.186971 -0.109227 0.026416 -0.076913 -0.069193 0.012629 0.306183 0.013201 0.095099 0.170907 0.102163 0.208377 -0.084560 0.200054 0.034062 0.271732 -0.496452 -0.214404 -0.160636 0.074864 -0.086796 -0.083952 0.062996 -0.005245 -0.270247 -0.283125 0.002414 -0.279862 -0.156992 -0.203980 -0.333146 -0.105017 -0.410630 -0.265746 0.034243 -0.240710 -0.199636 -0.262956 0.073912 0.036514 -0.115034 -0.076843 -0.223016 -0.224114 -0.158882 -0.201462 -0.169418 -0.081072 -0.147511 -0.092372 -0.039283 -0.094834 0.207653 0.615692 -0.098659 0.179863 -0.124152 -0.381182 -0.143674 0.031327 -0.111012 -0.123155 -0.161094 -0.174114 -0.124149 -0.124185 -0.267155 -0.201048 -0.137978 -0.199602 -0.050089 -0.065608 0.182362 0.285347 -0.163337 0.102157 0.342394 0.147670 0.239310 0.144225 0.479061 0.082022 -0.251037 -0.017051 -0.241156 -0.137275 -0.108845 0.072891 -0.171895 -0.044342 0.028738 0.023316 0.196292 0.043553 -0.076845 0.105602 -0.012687 -0.163759 -0.193090 -0.006259 0.022895 0.148849 -0.020967 -0.022953
-0.045084 -0.110323 0.357288 -0.018630 1.000000 0.248342 0.121995 0.198375 0.456046 0.311475 0.076464 0.045554 0.273339 0.199335 0.010132 -0.232239 -0.125264 -0.014971 -0.045521 -0.048533 -0.122139 -0.113368 0.057281 -0.292939 -0.090717 -0.113404 0.130519 -0.122160 -0.004807 0.026748 -0.011794 0.047693 -0.181027 -0.088725 0.000306 0.053157 -0.002985 -0.023507 -0.108663 -0.011629 0.050098 -0.183919 -0.088903 -0.103921 -0.038184 0.086256 0.162950 0.027128 -0.055600 -0.083758 -0.107628 -0.024268 0.120775 0.028042 -0.225528 -0.027614 -0.073597 -0.055512 0.107824 -0.108565 0.093489 0.308743 -0.245881 -0.253690 0.052635 0.308844 0.138814 -0.122639 -0.003541 0.096434 0.035557 0.060438 0.015982 -0.244330 -0.009388 -0.098504 -0.034176 -0.053863 0.073384 -0.013160 -0.105105 0.028255 -0.127771 -0.007850 -0.128575 -0.060308 -0.230110 -0.370571 0.180315 0.202788 -0.001763 0.049145 -0.171672 -0.169284 -0.053191 -0.121283 0.061904 -0.002672 -0.123625 0.072448 -0.112901 -0.131898 -0.422670 -0.094261 0.045247 0.206920 -0.000422 -0.180046 -0.104288 -0.067166 -0.057424 -0.025460 0.197479 -0.022772 0.087236 -0.051886
-0.175218 -0.196230 0.180732 0.141518 0.248342 1.000000 0.039043 -0.049318 -0.057048 0.142575 -0.180688 -0.361048 -0.095975 -0.231870 0.058800 -0.121925 -0.062045 -0.191502 0.010073 -0.098239 0.338884 0.476210 0.159975 0.016487 0.177671 0.374060 0.331840 0.438724 -0.135422 -0.269206 -0.106881 0.064084 -0.278773 -0.274254 0.300411 0.194011 0.203022 0.166729 0.506477 0.360403 0.374774 0.042235 -0.343792 -0.339220 -0.332505 -0.302604 -0.128082 0.058400 -0.164061 -0.343498 0.060961 0.061842 0.052288 0.050746 0.125020 0.200747 -0.030257 0.141594 0.017842 -0.046512 -0.056563 -0.149218 -0.213948 -0.286321 0.166345 0.126349 0.145191 0.070935 0.089753 0.026905 0.084604 0.045110 -0.196996 -0.279228 -0.179267 -0.368511 -0.193768 0.016424 0.076736 0.026526 -0.128536 -0.091482 0.083972 -0.078168 0.015700 0.016059 -0.067906 0.032956 0.077009 0.380612 0.017165 0.163965 -0.000031 0.057914 -0.101425 -0.339356 0.089395 0.083869 -0.084352 -0.078508 -0.349423 0.145860 -0.105389 0.259004 0.173000 0.257206 0.201027 0.144912 -0.088100 -0.060300 0.061502 -0.120331 0.000296 0.291249 0.218668 0.237740
-0.105606 -0.384006 0.726357 0.070282 0.121995 0.039043 1.000000 0.175733 0.156243 -0.062466 0.096404 -0.166204 0.265905 -0.024243 0.177294 -0.205297 -0.394781 -0.382752 0.140642 -0.233107 0.283744 0.052445 0.515748 0.132833 0.446358 0.322341 0.353343 0.284045 -0.176347 -0.236545 0.440720 0.313952 0.042459 0.163175 0.384962 0.368832 -0.167258 -0.284258 0.193823 0.005458 -0.083108 0.072740 -0.077373 -0.118085 -0.072456 -0.035979 -0.256105 -0.106899 -0.222519 -0.229147 -0.194188 -0.481477 -0.399354 -0.409613 0.014904 -0.190531 -0.446770 -0.526149 0.077389 -0.425503 0.021507 -0.132498 -0.141706 -0.325947 0.421385 0.160201 0.257269 0.313635 -0.404684 -0.151716 0.126508 0.198202 0.079675 0.142222 0.006649 0.012253 -0.110596 -0.055937 -0.328386 -0.422863 -0.341404 -0.205095 0.021158 -0.198938 0.257551 0.001821 -0.026004 -0.120116 0.286580 -0.071277 -0.221714 0.219747 -0.006050 0.416891 0.144147 -0.118031 0.055776 -0.126784 -0.357276 -0.085583 -0.287439 0.041692 -0.147808 -0.134435 -0.276367 0.109003 -0.020562 0.031363 0.285176 0.151956 0.203001 -0.208394 -0.285468 0.148831 0.063181 -0.012034
-0.204760 0.097904 0.108639 0.581448 0.198375 -0.049318 0.175733 1.000000 0.081467 0.354981 0.047883 0.348420 0.125971 0.292102 0.106964 0.228559 0.013737 0.095078 0.078943 -0.078464 0.033022 -0.189019 -0.119437 0.053229 -0.301182 -0.029100 -0.117373 -0.176576 -0.206524 -0.005358 -0.198418 -0.085217 -0.241906 -0.194173 -0.291829 -0.212020 -0.309585 -0.396287 -0.146811 -0.379257 -0.277256 -0.085875 -0.268221 -0.083449 -0.305551 -0.143303 0.012463 -0.410530 -0.110953 -0.123716 0.113932 0.123681 0.141844 0.005557 -0.383395 -0.157566 -0.282274 -0.351990 0.086135 0.235447 0.062907 0.384812 0.061220 0.087718 0.084255 0.602407 -0.139619 -0.056606 -0.436438 -0.437741 -0.147329 -0.104432 0.046329 0.100379 -0.030586 -0.003978 -0.144297 -0.286918 -0.242446 -0.339931 -0.081987 -0.098104 0.000370 0.154306 0.095849 0.122614 -0.272947 0.113526 0.283709 0.269898 0.195916 0.032757 0.444276 -0.015533 -0.167778 -0.026460 -0.317966 -0.221043 -0.015214 -0.106256 0.118937 -0.114110 0.056992 -0.246096 -0.035647 -0.043158 0.015831 -0.202938 0.126274 -0.236997 -0.495641 -0.147922 0.094258 -0.072075 -0.073978 -0.067275
-0.068807 -0.199349 0.249420 -0.031815 0.456046 -0.057048 0.156243 0.081467 1.000000 0.456847 0.093202 0.115800 0.318757 0.174503 0.071239 0.039222 -0.016314 0.138205 -0.052461 -0.153089 -0.217396 -0.024689 0.011712 -0.257744 0.094288 -0.119152 -0.053340 -0.041504 0.103180 0.243194 -0.097520 -0.059568 -0.070725 -0.014268 -0.051833 0.117021 -0.085733 0.070937 0.013693 0.044265 -0.174343 -0.028125 0.114007 0.052181 0.042478 0.086977 0.065397 -0.038156 -0.115511 -0.112933 -0.199672 -0.117384 0.091822 -0.048479 -0.145781 -0.093538 -0.183677 -0.289201 0.019918 -0.107325 0.135084 0.264749 -0.200269 -0.136943 0.028445 0.283136 -0.136842 -0.273338 -0.187444 0.022337 0.103458 0.132696 0.021554 0.113449 0.075222 0.038176 -0.092889 -0.003278 0.132928 0.067168 0.025695 0.168653 -0.191583 0.041392 -0.093183 -0.112233 0.051651 -0.293412 0.243695 0.147548 0.080269 0.066541 0.055914 0.117055 0.150154 -0.137640 -0.027605 -0.079303 -0.252067 0.122485 -0.109724 -0.131846 -0.287592 -0.126610 -0.264806 0.155729 0.061670 -0.179767 -0.115530 -0.119877 -0.071939 -0.010534 0.210507 -0.177130 0.057004 0.063026
-0.080903 -0.279243 0.127836 0.026269 0.311475 0.142575 -0.062466 0.354981 0.456847 1.000000 0.097692 0.215117 0.075708 0.280574 -0.099672 0.362805 0.053972 0.121424 -0.201512 -0.104252 -0.265940 -0.080956 -0.146094 -0.336305 -0.143230 -0.192561 -0.290415 -0.211183 0.058433 0.139317 -0.283359 -0.086154 -0.269124 -0.140322 -0.241468 0.037487 -0.055221 0.143415 -0.058790 -0.023880 -0.105760 -0.319977 -0.077372 -0.039986 0.002628 0.049708 -0.023816 0.012547 -0.051505 0.001986 0.041626 0.121541 0.261275 0.116459 -0.307999 -0.041223 0.033070 -0.093989 0.163248 0.090509 0.213332 0.407234 -0.213417 0.037554 -0.018100 0.420879 -0.068839 -0.208333 -0.224996 -0.142848 0.077758 0.062991 -0.048841 -0.144502 -0.149454 -0.248014 -0.431308 -0.283115 0.220822 -0.006494 0.068650 0.018319 -0.139416 0.190047 -0.151117 -0.096007 -0.114579 -0.228584 0.277124 0.364717 0.191307 0.078982 0.299769 0.063759 0.150856 -0.175308 -0.255530 0.111523 -0.199756 -0.011821 0.064864 -0.160996 -0.263787 0.006864 -0.350406 0.011737 -0.078002 -0.270195 -0.035991 -0.189816 -0.280190 -0.217230 0.213348 -0.067938 0.011117 -0.067016
0.442371 0.049403 0.210820 -0.099821 0.076464 -0.180688 0.096404 0.047883 0.093202 0.097692 1.000000 0.234127 0.589510 0.180031 0.553840 0.323920 0.210932 -0.005915 0.351206 0.240782 -0.050666 -0.037668 0.202563 0.030750 -0.165537 -0.310477 -0.107035 -0.116465 0.262425 -0.038172 -0.080602 -0.176381 0.056668 -0.140253 -0.093784 -0.145351 -0.154559 -0.240628 -0.146969 -0.216609 -0.227414 -0.078998 0.071747 0.004833 -0.078311 -0.242003 0.045359 -0.104444 0.066781 -0.171144 -0.028407 -0.039951 0.177568 0.064471 0.116753 -0.253207 -0.029703 -0.223446 0.202916 -0.124214 0.136791 0.062230 0.053587 -0.140278 0.107986 -0.071677 -0.189976 -0.405146 -0.048389 -0.059990 0.169229 -0.073295 0.040788 0.058770 0.133609 0.001992 0.114170 -0.254814 -0.191837 -0.190336 -0.211450 -0.096972 0.221633 0.123818 0.211176 0.098664 0.119185 0.089038 0.037558 -0.020553 0.199725 0.175589 0.058209 0.246144 0.075181 -0.024449 -0.163982 -0.102064 0.117141 0.308728 0.038934 -0.001829 -0.180669 -0.306887 -0.314627 -0.123632 -0.123805 -0.232543 0.058340 0.054926 -0.017498 0.052238 0.184251 0.055516 -0.183133 -0.062932
0.182814 0.477594 -0.296710 0.051741 0.045554 -0.361048 -0.166204 0.348420 0.115800 0.215117 0.234127 1.000000 0.044846 0.741019 0.252743 0.639068 0.160811 0.364385 0.121297 0.179956 -0.084035 -0.393604 -0.221679 0.159071 -0.277245 -0.239363 -0.302104 -0.382416 0.248190 0.358650 -0.100507 -0.007408 0.065765 0.029698 -0.388280 -0.477981 -0.193404 -0.242293 -0.536028 -0.343403 -0.376422 -0.058520 -0.029101 0.085537 -0.141137 -0.107176 0.017538 -0.460112 0.111218 0.019539 0.120741 0.359574 0.344291 0.285352 -0.151294 -0.158594 -0.015265 -0.204638 0.043907 0.150058 0.217009 0.569470 0.145574 0.420742 -0.088840 0.119529 -0.305378 -0.499681 -0.283500 -0.232899 -0.154143 -0.231813 0.348407 0.199583 0.161806 0.200339 0.101257 -0.146885 -0.108226 -0.222430 -0.138923 -0.202264 0.212887 0.565397 0.105312 0.228899 0.026966 0.371904 0.008798 0.064664 0.334219 -0.125923 0.192649 -0.187629 -0.127271 0.348380 -0.351804 -0.030037 0.165399 0.233321 0.318924 -0.336159 -0.169568 -0.489825 -0.070007 -0.216062 0.018152 -0.387337 0.029863 -0.125419 -0.539148 -0.061677 0.448571 -0.382802 -0.179092 0.065241
0.424454 -0.095670 0.429147 -0.186971 0.273339 -0.095975 0.265905 0.125971 0.318757 0.075708 0.589510 0.044846 1.000000 0.257397 0.283900 0.109380 0.177815 0.083724 0.011141 -0.303223 0.073613 -0.127032 0.127141 -0.218593 -0.115289 -0.245143 0.035816 -0.090182 0.231775 0.154108 0.034780 -0.090683 0.101314 0.082323 -0.028703 -0.032544 0.041704 -0.122278 -0.021017 -0.113257 -0.271719 0.182651 0.071515 -0.070514 -0.032115 -0.154450 -0.110840 -0.094996 0.060830 -0.258332 -0.117311 -0.227575 0.144022 -0.174753 0.184380 -0.079437 -0.245823 -0.270809 0.265568 -0.137802 0.532416 0.244917 0.202228 -0.151820 0.007302 0.070316 -0.089600 -0.156587 -0.188916 -0.126380 0.119091 0.012119 0.146822 0.188179 0.227868 0.182175 0.166424 -0.110237 0.017986 0.072193 0.033518 0.209227 0.020264 -0.039866 -0.117377 -0.285048 -0.067838 -0.124588 -0.065274 -0.006762 -0.025767 -0.035290 -0.119719 0.043859 0.150519 -0.048960 0.198788 -0.182533 -0.113756 0.058220 0.018527 -0.075160 -0.187051 -0.319267 -0.343136 0.013790 -0.088690 -0.164737 0.108364 0.078467 0.076563 -0.035425 0.121608 0.010303 -0.020077 -0.239244
0.117669 0.244864 -0.073015 -0.109227 0.199335 -0.231870 -0.024243 0.292102 0.174503 0.280574 0.180031 0.741019 0.257397 1.000000 0.074992 0.476577 0.179799 0.399660 -0.143254 -0.204494 0.000611 -0.430770 -0.310071 -0.031880 -0.174835 -0.218444 -0.290681 -0.403562 0.215873 0.521434 -0.044214 0.104930 0.133046 0.120090 -0.344581 -0.300464 -0.198253 -0.103069 -0.455977 -0.361605 -0.483110 0.017131 0.043116 0.105754 0.063767 0.001815 0.061002 -0.333446 0.202127 0.108562 0.193925 0.277896 0.262009 0.228919 -0.164228 0.022839 -0.143343 -0.354598 0.085280 0.108284 0.432806 0.568024 0.317126 0.458637 -0.104626 0.049631 0.016141 -0.262836 -0.420818 -0.292571 -0.103993 0.057934 0.332981 0.157162 0.127253 0.203465 -0.004681 -0.134856 0.123884 -0.054345 0.057645 0.005007 -0.099324 0.435229 -0.146473 0.016943 -0.104608 0.070792 -0.251799 0.019350 0.052871 -0.251388 -0.010019 -0.297189 -0.135535 0.216744 -0.182162 -0.108747 -0.074297 -0.085002 0.244383 -0.458529 -0.237112 -0.506890 -0.076058 -0.075874 -0.004242 -0.428658 -0.110526 -0.202375 -0.393732 -0.193340 0.300467 -0.411570 -0.092263 -0.013028
0.246388 0.112012 0.034115 0.026416 0.010132 0.058800 0.177294 0.106964 0.071239 -0.099672 0.553840 0.252743 0.283900 0.074992 1.000000 0.393137 0.062617 -0.151683 0.458172 0.319188 0.105357 -0.027026 0.369066 0.421891 -0.061332 -0.002263 0.119842 0.060896 0.281740 -0.222022 -0.014498 0.032950 -0.077712 -0.319777 0.078030 -0.259396 -0.315786 -0.361772 0.020881 -0.037969 -0.152822 -0.115633 -0.258059 -0.394329 -0.403132 -0.533322 -0.173177 -0.206903 -0.083558 -0.483672 -0.080055 0.046280 0.046247 0.041002 -0.066006 -0.357356 -0.160509 -0.187584 0.156418 -0.066635 0.070440 0.124003 -0.105451 -0.125213 0.451053 0.068009 -0.275549 -0.384069 -0.101481 0.037721 0.173769 -0.084769 -0.123297 -0.047563 -0.143958 -0.133617 0.020561 -0.005111 -0.401104 -0.467580 -0.425178 -0.396402 0.591862 0.411556 0.407504 0.292387 0.101507 0.278627 0.182122 0.165032 0.391319 0.371808 0.285775 0.311276 -0.075571 0.019160 -0.386926 -0.156146 0.016571 0.172665 0.001057 0.218975 -0.100534 -0.174739 -0.021892 -0.015484 0.197112 0.093356 -0.109294 -0.081839 -0.095968 -0.078495 0.159519 -0.066341 -0.090007 0.067847
0.208280 0.252577 -0.341410 -0.076913 -0.232239 -0.121925 -0.205297 0.228559 0.039222 0.362805 0.323920 0.639068 0.109380 0.476577 0.393137 1.000000 0.257002 0.262308 0.247608 0.340227 -0.085057 -0.250510 -0.243645 0.202904 -0.288185 -0.227633 -0.423451 -0.372301 0.409206 0.230460 -0.260653 -0.127644 -0.089768 -0.137374 -0.440579 -0.447286 -0.177787 -0.150963 -0.313080 -0.206640 -0.240041 -0.102905 -0.137229 -0.224910 -0.175868 -0.265367 -0.181123 -0.425365 0.101004 0.003596 0.194368 0.379961 0.455772 0.291852 -0.193841 -0.195239 -0.060054 -0.151935 0.250622 0.366458 0.400495 0.504258 0.171544 0.462273 0.012506 -0.067728 -0.210350 -0.472804 -0.236227 -0.172935 -0.100225 -0.245208 0.098990 0.134571 0.019650 -0.001404 -0.140073 -0.282461 -0.072285 -0.266086 -0.052925 -0.204968 0.412310 0.698704 0.047022 0.003777 0.052731 0.393782 -0.001556 0.311891 0.405483 0.047839 0.321041 0.000905 -0.118065 0.086114 -0.497401 -0.015288 0.109788 0.100943 0.189115 -0.132595 -0.158536 -0.205760 -0.266253 -0.255694 0.041365 -0.153279 -0.114524 -0.256526 -0.587417 -0.190196 0.230169 -0.305783 -0.059428 0.123025
0.127586 0.262356 -0.367115 -0.069193 -0.125264 -0.062045 -0.394781 0.013737 -0.016314 0.053972 0.210932 0.160811 0.177815 0.179799 0.062617 0.257002 1.000000 0.513357 0.020840 0.142638 0.005288 -0.044845 -0.238241 0.110003 -0.302320 -0.167965 -0.356402 -0.206888 0.490451 0.383138 -0.090958 -0.164234 0.140682 0.123819 -0.146471 -0.288594 0.119064 -0.003467 -0.155949 -0.196213 -0.146480 0.231040 -0.033886 -0.039525 0.038318 -0.198172 -0.141056 -0.243184 -0.086193 0.079372 -0.141660 0.038730 0.046925 0.045908 0.075236 0.046411 0.050701 0.055801 -0.202152 0.299520 0.225527 0.184396 0.468036 0.368058 -0.235127 -0.163595 -0.291928 -0.324763 -0.070643 -0.100622 -0.102179 -0.158058 0.441354 0.321794 0.335820 0.152107 0.261110 0.053792 0.509412 0.380021 0.493286 0.475520 0.124124 0.171361 0.050465 0.055199 -0.125839 0.094283 -0.149675 -0.005087 -0.139176 -0.412010 -0.151285 -0.360882 0.106708 0.148787 -0.137045 0.050634 0.081749 -0.082647 0.275553 0.004167 -0.027690 -0.194951 -0.021796 -0.044687 -0.033463 -0.356119 0.012747 0.151812 -0.293310 -0.002988 -0.002694 -0.109796 0.167334 0.008078
0.082597 0.265526 -0.435769 0.012629 -0.014971 -0.191502 -0.382752 0.095078 0.138205 0.121424 -0.005915 0.364385 0.083724 0.399660 -0.151683 0.262308 0.513357 1.000000 -0.156566 -0.069545 -0.268419 -0.138405 -0.391457 -0.184386 -0.223720 -0.255836 -0.392297 -0.314367 0.261856 0.596160 -0.314850 -0.252774 0.046342 0.123952 -0.241913 -0.331999 -0.001444 0.108113 -0.281264 -0.217378 -0.307466 0.061018 0.202558 0.168399 0.197714 -0.000494 0.015096 -0.215305 0.215182 0.237751 0.095407 0.258779 0.209648 0.091471 0.002255 0.083571 0.036580 0.073328 -0.182969 0.261148 0.211856 0.212392 0.430047 0.605771 -0.427960 -0.228398 -0.230941 -0.235104 -0.125249 -0.178164 -0.106971 -0.036490 0.296945 0.137649 0.182150 0.152143 0.035509 -0.032123 0.482161 0.384931 0.542852 0.500610 -0.160888 0.187139 -0.205272 -0.074761 -0.305352 -0.055322 -0.249466 -0.002673 0.007895 -0.360650 -0.081115 -0.457695 -0.036500 0.173668 -0.072230 -0.025095 0.084801 -0.096774 0.198711 -0.144275 -0.037053 -0.213582 0.037947 -0.063395 0.104789 -0.333497 -0.135192 -0.053699 -0.308287 0.029482 0.172287 -0.360275 0.107106 -0.142128
0.039473 0.090640 0.087960 0.306183 -0.045521 0.010073 0.140642 0.078943 -0.052461 -0.201512 0.351206 0.121297 0.011141 -0.143254 0.458172 0.247608 0.020840 -0.156566 1.000000 0.497490 0.005157 0.051511 0.429688 0.546022 -0.053512 0.115980 -0.102917 0.033000 0.019108 -0.289953 0.070341 0.074946 0.018330 -0.061358 0.153325 -0.154030 -0.110491 -0.350570 -0.025543 -0.071726 -0.065973 -0.105284 -0.241561 -0.348099 -0.447123 -0.471908 -0.155462 -0.298117 -0.426968 -0.413722 -0.332674 -0.240359 -0.027408 -0.164420 -0.124802 -0.513880 -0.304784 -0.129465 -0.066832 -0.176130 -0.096748 -0.019248 -0.176822 -0.245244 0.412685 0.033109 -0.283756 -0.288728 0.055325 -0.114637 0.015382 -0.194093 -0.016134 0.083788 0.104685 -0.031366 0.246642 -0.005119 -0.294077 -0.257369 -0.379497 -0.362843 0.472024 0.228762 0.453348 0.273477 0.321151 0.311528 0.517246 0.257974 0.183888 0.251663 0.280567 0.243610 -0.098273 0.148173 -0.279601 0.040570 0.121653 0.352013 -0.018658 0.213319 0.023846 0.031534 0.102316 -0.035892 -0.020891 0.152616 0.062231 0.018693 -0.077758 0.115279 0.101346 0.256887 0.102964 0.202561
0.041611 0.312982 -0.293679 0.013201 -0.048533 -0.098239 -0.233107 -0.078464 -0.153089 -0.104252 0.240782 0.179956 -0.303223 -0.204494 0.319188 0.340227 0.142638 -0.069545 0.497490 1.000000 -0.116345 -0.000585 -0.029328 0.344086 -0.200442 -0.051195 -0.158735 -0.156860 0.297784 -0.053828 0.016027 -0.038624 -0.063785 -0.113121 -0.191016 -0.260622 -0.170281 -0.254920 -0.305410 -0.186163 0.206060 -0.161490 -0.155750 -0.148951 -0.101503 -0.104948 -0.028480 -0.156901 -0.040268 0.056893 -0.075225 0.219981 0.092790 0.286571 -0.228516 -0.417674 0.086368 0.185871 0.027080 0.200519 -0.295854 0.000372 -0.291126 0.033404 0.021821 -0.274173 -0.128925 -0.317347 0.236711 0.322021 -0.042893 -0.259998 -0.022758 0.084881 0.046219 0.120773 0.126585 0.006897 -0.225095 -0.291839 -0.318797 -0.296397 0.440047 0.413750 0.142697 0.134318 0.167630 0.288300 0.175622 -0.044056 0.360295 0.183330 0.117307 0.029643 -0.158749 0.080826 -0.456311 -0.101678 0.368038 0.260516 0.060415 0.105503 0.018840 0.034528 0.160029 -0.193440 -0.002855 0.034815 -0.074614 -0.064227 -0.305727 0.145421 0.158510 0.025942 0.104167 0.268694
-0.071853 0.113537 0.114229 0.095099 -0.122139 0.338884 0.283744 0.033022 -0.217396 -0.265940 -0.050666 -0.084035 0.073613 0.000611 0.105357 -0.085057 0.005288 -0.268419 0.005157 -0.116345 1.000000 0.418869 0.227000 0.211177 0.282219 0.267249 0.557549 0.433250 -0.084415 -0.152244 0.181550 0.121662 0.098691 0.011496 0.085884 0.089289 0.162576 0.046771 0.137435 -0.004557 -0.055613 0.470041 -0.123090 -0.172745 -0.299369 -0.325356 -0.136640 -0.198824 -0.008728 -0.227718 0.027503 -0.121614 -0.147017 -0.068473 0.223204 0.188442 -0.053492 -0.221610 -0.057076 -0.036552 -0.077612 -0.311722 0.149661 -0.077490 0.053642 0.032912 0.025063 0.032108 -0.268017 -0.218131 0.087402 -0.031887 0.170926 0.245295 0.157181 0.235449 0.221095 0.176576 0.021408 -0.138425 -0.075567 -0.050438 0.023496 -0.129044 0.139865 0.178388 -0.052610 0.274706 -0.097431 -0.032771 -0.224958 -0.052998 -0.157611 -0.050924 0.097446 -0.104686 0.147292 -0.121936 -0.093257 -0.028804 -0.011571 -0.111407 0.162754 -0.264510 0.012783 0.060390 0.134228 -0.129172 0.310436 0.170547 0.069006 0.071145 -0.072311 0.141618 0.184216 0.167608
-0.252761 -0.269094 0.069085 0.170907 -0.113368 0.476210 0.052445 -0.189019 -0.024689 -0.080956 -0.037668 -0.393604 -0.127032 -0.430770 -0.027026 -0.250510 -0.044845 -0.138405 0.051511 -0.000585 0.418869 1.000000 0.273685 0.146732 0.427881 0.472093 0.479440 0.547016 -0.197488 -0.231713 0.029229 0.155425 -0.056484 -0.108571 0.277463 0.267417 0.124829 0.235944 0.364853 0.127470 0.274919 0.255167 0.031004 0.057987 -0.167301 -0.108713 -0.001220 0.165284 -0.253742 -0.178116 -0.144178 -0.135146 -0.170990 -0.081869 0.123148 0.039888 -0.024529 0.011112 -0.415636 -0.182004 -0.266085 -0.481027 -0.061406 -0.243371 0.108308 -0.051244 -0.124018 0.046340 -0.067479 -0.080888 0.204523 0.287537 -0.119839 0.119422 0.103850 0.001564 -0.030679 0.147045 0.031641 -0.004183 -0.090073 0.037744 0.011821 -0.222670 0.138217 0.212462 0.150079 0.109137 0.028600 0.096242 -0.088950 0.152356 0.007935 0.084259 0.094812 -0.120699 -0.040510 -0.002965 -0.074547 -0.029381 -0.176529 -0.032035 0.050461 0.012488 -0.023860 0.083809 0.077361 -0.012889 0.138312 0.175993 0.250323 0.172206 -0.046675 0.326787 0.291167 0.107179
-0.044033 -0.459717 0.561606 0.102163 0.057281 0.159975 0.515748 -0.119437 0.011712 -0.146094 0.202563 -0.221679 0.127141 -0.310071 0.369066 -0.243645 -0.238241 -0.391457 0.429688 -0.029328 0.227000 0.273685 1.000000 0.447580 0.411237 0.451455 0.372903 0.535806 -0.098315 -0.384547 0.460085 0.418160 0.260543 0.207765 0.603978 0.318439 -0.129726 -0.184219 0.241553 0.084926 0.056202 -0.179728 -0.217358 -0.313387 -0.310043 -0.346135 -0.320972 -0.128563 -0.405495 -0.586389 -0.377119 -0.492263 -0.487537 -0.372731 0.097944 -0.218391 -0.151290 -0.212734 -0.140036 -0.728232 -0.090194 -0.345407 -0.293950 -0.473815 0.734534 0.234029 -0.141183 0.005267 -0.117545 -0.146391 0.106555 0.167366 -0.029420 -0.131774 0.015481 -0.155562 0.115144 0.060766 -0.259178 -0.132384 -0.406207 -0.216371 0.153621 -0.251521 0.544244 0.387444 0.033455 0.098568 0.471686 -0.065205 -0.095972 0.163878 0.102095 0.334254 0.156485 0.111036 0.055649 -0.009360 -0.305407 0.128035 -0.343632 0.183808 -0.226959 -0.061622 0.014112 0.298045 0.071488 0.098744 0.024627 0.178995 0.329283 -0.038543 -0.162130 0.452569 0.183022 -0.014309
-0.186843 -0.006486 -0.090244 0.208377 -0.292939 0.016487 0.132833 0.053229 -0.257744 -0.336305 0.030750 0.159071 -0.218593 -0.031880 0.421891 0.202904 0.110003 -0.184386 0.546022 0.344086 0.211177 0.146732 0.447580 1.000000 0.275289 0.551777 0.047477 0.216190 0.025787 -0.166828 0.271899 0.327971 0.127510 0.112578 0.247937 -0.142446 -0.213108 -0.357539 0.065468 -0.145450 -0.045084 0.002330 -0.243693 -0.210862 -0.288400 -0.287084 -0.269656 -0.370895 -0.246755 -0.256153 -0.192475 -0.086223 -0.256183 -0.077198 -0.073102 -0.216203 -0.237251 -0.274952 -0.290825 -0.177321 -0.106472 -0.173126 0.024827 -0.030243 0.505231 -0.000152 -0.250486 -0.130621 -0.261041 -0.147235 -0.154087 -0.096663 0.101635 0.171866 0.202624 0.127187 0.318266 0.120272 -0.358584 -0.358956 -0.360475 -0.309667 0.488518 0.249038 0.459330 0.379482 0.176145 0.469617 0.246502 0.036700 0.042549 -0.008925 0.252429 0.147978 -0.059140 0.247144 -0.283050 -0.107541 0.074666 -0.080767 0.078942 0.060579 -0.021928 -0.234390 0.097148 -0.054064 0.049501 0.021493 -0.077965 0.030744 -0.123195 -0.157842 -0.049049 0.217087 0.163492 0.394765
-0.284113 -0.453358 0.314498 -0.084560 -0.090717 0.177671 0.446358 -0.301182 0.094288 -0.143230 -0.165537 -0.277245 -0.115289 -0.174835 -0.061332 -0.288185 -0.302320 -0.223720 -0.053512 -0.200442 0.282219 0.427881 0.411237 0.275289 1.000000 0.654542 0.456155 0.431985 -0.170693 -0.209050 0.333342 0.333250 0.078468 0.185430 0.310593 0.446417 0.040731 0.051378 0.331201 0.179791 0.179692 0.122241 0.197691 0.089903 0.104775 0.053735 -0.129861 0.095753 -0.117074 -0.087491 -0.138410 -0.359853 -0.456664 -0.270392 0.150578 0.110734 -0.093758 -0.172888 -0.320175 -0.428982 -0.172305 -0.511893 -0.022907 -0.211412 0.283905 -0.104767 0.120160 0.260659 -0.324094 -0.097610 0.196672 0.323235 -0.023797 0.098461 0.160667 0.130835 0.071067 0.273612 -0.154473 -0.103300 -0.117608 -0.022341 0.025207 -0.278355 0.134464 0.046130 0.110918 -0.005789 0.013198 -0.100444 -0.345261 -0.041277 -0.153959 0.189276 0.272177 -0.091804 0.192607 -0.017652 -0.232824 -0.195250 -0.248377 -0.015457 -0.185512 -0.115045 -0.238150 0.012720 -0.089744 0.123863 0.183559 0.172768 0.414209 -0.174491 -0.340573 0.020639 0.151007 0.310757
-0.372630 -0.345112 0.298653 0.200054 -0.113404 0.374060 0.322341 -0.029100 -0.119152 -0.192561 -0.310477 -0.239363 -0.245143 -0.218444 -0.002263 -0.227633 -0.167965 -0.255836 0.115980 -0.051195 0.267249 0.472093 0.451455 0.551777 0.654542 1.000000 0.413894 0.565414 -0.211323 -0.270983 0.426804 0.477924 0.146613 0.180578 0.417067 0.276415 -0.037359 -0.080199 0.385639 0.135055 0.347920 0.061255 -0.160818 -0.063999 -0.189489 -0.157421 -0.234068 -0.138988 -0.222534 -0.323059 -0.069579 -0.272367 -0.412909 -0.251260 0.094346 0.079533 -0.207783 -0.089660 -0.303955 -0.313731 -0.192133 -0.356644 -0.029535 -0.225469 0.381759 0.036302 0.048953 0.207920 -0.257164 -0.125002 -0.133214 0.160241 0.027247 0.111472 0.171690 0.045657 0.029022 0.124793 -0.261729 -0.154057 -0.246454 -0.105069 0.175993 -0.225925 0.134871 0.137064 0.066461 0.250283 0.122074 0.083895 -0.217808 -0.092617 0.010207 0.093324 -0.005745 0.092651 0.095508 -0.012819 -0.144984 -0.228265 -0.261812 -0.045894 -0.122056 0.001405 0.049182 0.128554 0.033695 0.138730 0.061262 -0.004450 0.149700 -0.240576 -0.285384 0.222938 0.301784 0.312270
0.038785 -0.064235 0.361867 0.034062 0.130519 0.331840 0.353343 -0.117373 -0.053340 -0.290415 -0.107035 -0.302104 0.035816 -0.290681 0.119842 -0.423451 -0.356402 -0.392297 -0.102917 -0.158735 0.557549 0.479440 0.372903 0.047477 0.456155 0.413894 1.000000 0.724186 -0.311188 -0.372164 0.210703 0.131188 0.041770 -0.096356 0.231189 0.113888 0.207882 0.177651 0.416919 0.320340 0.287438 0.211262 -0.091370 -0.111185 -0.276409 -0.220869 -0.085969 0.027959 0.032972 -0.342421 0.053571 -0.105420 -0.232679 -0.084861 0.385384 0.278031 0.131927 -0.045464 -0.127102 -0.289701 -0.364860 -0.428616 -0.175387 -0.400599 0.159266 0.028472 -0.050103 0.024017 -0.103663 0.040291 0.114223 0.025804 -0.106408 0.029631 0.037971 0.037557 0.084146 0.151328 -0.275822 -0.166031 -0.324403 -0.108472 -0.027469 -0.378364 0.079393 0.251393 -0.002534 0.145422 -0.054367 -0.009527 -0.162373 0.145438 -0.134907 0.051828 0.186112 -0.121062 0.284266 -0.023254 -0.060849 0.004250 -0.122184 0.011633 -0.017206 -0.083514 -0.095084 0.160147 0.119099 0.040278 0.172154 0.125435 0.306317 -0.044740 -0.153943 0.162708 0.185517 -0.053365
-0.073119 -0.221925 0.348433 0.271732 -0.122160 0.438724 0.284045 -0.176576 -0.041504 -0.211183 -0.116465 -0.382416 -0.090182 -0.403562 0.060896 -0.372301 -0.206888 -0.314367 0.033000 -0.156860 0.433250 0.547016 0.535806 0.216190 0.431985 0.565414 0.724186 1.000000 -0.313863 -0.338045 0.261421 0.238406 0.200099 0.114849 0.512111 0.272944 0.054323 0.149655 0.531716 0.327939 0.162567 0.052068 -0.229590 -0.152098 -0.341205 -0.289285 -0.242534 -0.097367 -0.156815 -0.494950 -0.023583 -0.215633 -0.362305 -0.180309 0.405425 0.196816 0.173137 -0.021423 -0.207468 -0.480821 -0.372412 -0.527285 -0.216154 -0.414894 0.368919 0.163993 -0.108376 0.082427 -0.052097 -0.097462 -0.121684 0.085864 -0.110407 -0.058857 0.042061 -0.157975 0.033193 0.058935 -0.129697 0.033176 -0.209413 -0.000034 -0.121194 -0.460162 0.276554 0.387945 -0.008796 0.204932 0.101554 -0.103936 -0.182165 0.042347 -0.017150 0.082557 0.187160 -0.007765 0.239988 0.065078 -0.161333 0.007416 -0.316718 -0.057912 -0.091693 -0.020371 -0.005785 0.332174 0.117879 0.062361 0.015867 0.159438 0.283022 -0.103592 -0.160267 0.391818 0.312437 -0.067831
0.116167 0.145148 -0.256968 -0.496452 -0.004807 -0.135422 -0.176347 -0.206524 0.103180 0.058433 0.262425 0.248190 0.231775 0.215873 0.281740 0.409206 0.490451 0.261856 0.019108 0.297784 -0.084415 -0.197488 -0.098315 0.025787 -0.170693 -0.211323 -0.311188 -0.313863 1.000000 0.507117 0.180604 0.031438 0.106161 0.124133 -0.132657 -0.095052 0.120773 0.173635 -0.147235 0.044575 0.047447 0.222569 -0.062696 -0.224536 0.057203 -0.139263 -0.318190 -0.255763 -0.053364 0.033139 -0.166525 0.015732 0.126291 0.114378 -0.016449 -0.107633 -0.085055 -0.019921 0.038211 0.074976 0.245174 0.238558 0.158694 0.237950 -0.028353 -0.336956 -0.164529 -0.322115 -0.094529 0.072148 0.053224 -0.080791 0.385495 0.302049 0.271766 0.261837 0.186207 0.172007 0.338145 0.108739 0.279551 0.309222 0.323827 0.446718 0.060644 0.023726 0.082199 0.204904 -0.036513 -0.053045 -0.090740 -0.280589 -0.250454 -0.206263 0.181338 0.201461 -0.266429 0.033951 -0.045812 -0.077653 0.122363 -0.074471 -0.149860 -0.316733 -0.099246 -0.052943 -0.104369 -0.184781 0.011680 0.087915 -0.197954 -0.112755 0.025964 -0.280797 0.172414 0.080472
0.003740 0.098094 -0.312232 -0.214404 0.026748 -0.269206 -0.236545 -0.005358 0.243194 0.139317 -0.038172 0.358650 0.154108 0.521434 -0.222022 0.230460 0.383138 0.596160 -0.289953 -0.053828 -0.152244 -0.231713 -0.384547 -0.166828 -0.209050 -0.270983 -0.372164 -0.338045 0.507117 1.000000 0.117415 0.160900 0.220577 0.375492 -0.182000 -0.055000 -0.025535 0.188817 -0.331487 -0.290656 -0.282358 0.155798 0.155509 0.212395 0.393759 0.302610 -0.006863 -0.282605 0.125701 0.393219 -0.132062 0.139924 0.026778 0.013747 -0.075246 0.041583 -0.003049 -0.169041 -0.095627 0.139638 0.252413 0.217187 0.278031 0.470264 -0.334667 -0.194500 -0.010979 -0.124202 -0.285902 -0.211161 -0.079912 0.212803 0.475264 0.343561 0.276557 0.372230 0.112217 0.011367 0.352930 0.264184 0.332720 0.485440 -0.314500 0.354838 -0.258752 -0.057949 -0.187974 -0.093221 -0.280942 -0.258222 -0.165686 -0.456227 -0.140317 -0.343046 -0.049834 0.321695 -0.080842 -0.141472 -0.146810 -0.247208 0.290431 -0.361702 -0.009246 -0.308942 0.036069 0.021624 -0.014684 -0.441786 -0.198465 -0.069203 -0.323894 0.087946 0.174149 -0.185337 0.132722 -0.141326
-0.175236 -0.233508 0.358435 -0.160636 -0.011794 -0.106881 0.440720 -0.198418 -0.097520 -0.283359 -0.080602 -0.100507 0.034780 -0.044214 -0.014498 -0.260653 -0.090958 -0.314850 0.070341 0.016027 0.181550 0.029229 0.460085 0.271899 0.333342 0.426804 0.210703 0.261421 0.180604 0.117415 1.000000 0.692786 0.296978 0.513293 0.502391 0.487452 -0.090058 -0.149528 -0.030135 -0.137195 0.044151 0.164070 0.012740 -0.020780 0.142531 0.120315 -0.220032 -0.209829 -0.264734 -0.064673 -0.465738 -0.511154 -0.672771 -0.437270 0.051568 -0.186032 -0.259299 -0.186811 -0.170547 -0.379105 -0.079541 -0.151871 -0.048806 -0.184021 0.375057 -0.055624 0.175646 0.227693 -0.284106 -0.177790 0.071263 0.359586 0.445911 0.326345 0.440072 0.365046 0.229072 0.240008 -0.143401 -0.094680 -0.224678 0.082391 0.106257 -0.057413 0.295099 0.191061 -0.019868 -0.047407 0.059169 -0.377348 -0.532763 -0.334191 -0.337179 -0.063265 0.115097 0.367734 0.075576 0.024636 -0.417029 -0.182431 -0.049171 -0.121547 -0.135681 -0.149795 0.077706 0.262859 -0.106881 -0.103771 0.181067 0.258365 0.126955 0.101497 -0.227299 0.186735 0.319328 -0.081106
-0.403387 -0.406917 0.227423 0.074864 0.047693 0.064084 0.313952 -0.085217 -0.059568 -0.086154 -0.176381 -0.007408 -0.090683 0.104930 0.032950 -0.127644 -0.164234 -0.252774 0.074946 -0.038624 0.121662 0.155425 0.418160 0.327971 0.333250 0.477924 0.131188 0.238406 0.031438 0.160900 0.692786 1.000000 0.331195 0.532981 0.462571 0.546062 -0.228937 -0.112062 -0.099456 -0.210403 0.034537 -0.167845 -0.210567 -0.108784 0.036183 0.121268 -0.241690 -0.192822 -0.451203 -0.146077 -0.322082 -0.369701 -0.569328 -0.372301 -0.325681 -0.366833 -0.212616 -0.149568 -0.247793 -0.455907 0.160036 0.007518 -0.051688 -0.124930 0.564134 0.184401 0.204215 0.281476 -0.245993 -0.280003 -0.003341 0.541013 0.260706 0.052633 0.106536 0.083245 0.067135 0.141612 -0.131757 -0.140800 -0.255513 -0.062549 0.037974 0.113452 0.225626 0.275226 -0.093462 -0.076565 0.099314 -0.222091 -0.222948 -0.136600 0.064283 0.019286 -0.124934 0.407905 -0.238163 -0.116849 -0.578672 -0.218280 -0.070900 -0.137298 -0.213796 -0.123152 0.183068 0.181365 -0.141658 -0.053804 -0.051838 0.014868 0.036161 0.012387 -0.096988 0.127871 0.074647 -0.125170
0.173060 -0.094898 0.166976 -0.086796 -0.181027 -0.278773 0.042459 -0.241906 -0.070725 -0.269124 0.056668 0.065765 0.101314 0.133046 -0.077712 -0.089768 0.140682 0.046342 0.018330 -0.063785 0.098691 -0.056484 0.260543 0.127510 0.078468 0.146613 0.041770 0.200099 0.106161 0.220577 0.296978 0.331195 1.000000 0.658070 0.191006 0.108006 -0.040048 -0.005878 -0.148991 -0.093526 -0.009767 -0.092557 -0.034480 0.065215 0.117190 -0.005711 -0.081707 -0.193263 -0.014024 -0.019550 -0.086169 -0.127853 -0.268843 -0.129041 0.145881 -0.041389 0.054117 -0.159120 -0.057024 -0.317874 0.166419 -0.053502 0.246020 0.162855 0.119622 -0.005084 0.048267 -0.028943 -0.044768 -0.130751 -0.256722 0.001134 0.348661 0.064402 0.110363 0.139044 0.191744 -0.024907 0.067856 0.243149 0.044241 0.108040 -0.384515 -0.188981 -0.062192 0.105604 0.027048 0.111137 -0.091332 -0.381100 -0.203440 -0.176313 -0.158754 -0.128360 -0.156316 0.263012 0.105212 -0.371457 -0.284111 0.016388 -0.036115 -0.169526 -0.188409 -0.186371 0.171435 -0.006528 -0.071898 -0.090001 -0.177655 -0.133914 0.017572 -0.140994 -0.144044 0.055312 0.080772 -0.147970
-0.090415 -0.171511 0.159473 -0.083952 -0.088725 -0.274254 0.163175 -0.194173 -0.014268 -0.140322 -0.140253 0.029698 0.082323 0.120090 -0.319777 -0.137374 0.123819 0.123952 -0.061358 -0.113121 0.011496 -0.108571 0.207765 0.112578 0.185430 0.180578 -0.096356 0.114849 0.124133 0.375492 0.513293 0.532981 0.658070 1.000000 0.341703 0.432780 0.012696 0.013889 -0.174043 -0.165374 -0.107760 0.006674 0.105989 0.181877 0.332841 0.312237 -0.127322 -0.164069 -0.170968 0.207526 -0.370602 -0.386385 -0.525486 -0.336801 -0.062544 -0.115782 -0.088386 -0.084188 -0.138872 -0.309789 0.221316 -0.046945 0.170078 0.119938 0.125528 0.032349 0.130498 0.232128 -0.185194 -0.233192 -0.283095 0.147029 0.516333 0.215154 0.337789 0.357189 0.289768 0.094896 0.197388 0.242281 0.171288 0.286373 -0.271014 -0.170927 -0.024634 -0.039758 -0.104122 -0.087407 0.030528 -0.532800 -0.477126 -0.489310 -0.256461 -0.246184 0.049460 0.340577 0.186032 -0.135673 -0.309956 -0.258762 -0.008345 -0.253174 -0.132565 -0.268167 0.015750 -0.103717 -0.248168 -0.107392 -0.037388 0.049466 0.041436 -0.018754 -0.163150 0.095467 0.119711 -0.170491
-0.136807 -0.338962 0.364730 0.062996 0.000306 0.300411 0.384962 -0.291829 -0.051833 -0.241468 -0.093784 -0.388280 -0.028703 -0.344581 0.078030 -0.440579 -0.146471 -0.241913 0.153325 -0.191016 0.085884 0.277463 0.603978 0.247937 0.310593 0.417067 0.231189 0.512111 -0.132657 -0.182000 0.502391 0.462571 0.191006 0.341703 1.000000 0.520071 -0.037508 -0.035942 0.300168 0.149915 0.099199 -0.037547 -0.099193 -0.113119 -0.106119 -0.058267 -0.131021 0.067960 -0.355119 -0.305787 -0.443529 -0.499986 -0.546673 -0.462773 0.191485 -0.114539 -0.069129 0.064397 -0.160169 -0.574526 -0.120099 -0.286653 -0.248998 -0.385466 0.413395 0.155989 0.115657 0.308429 0.137428 0.006067 0.050805 0.201672 0.082032 -0.064653 0.044649 -0.009090 0.174378 0.237244 -0.087413 0.116897 -0.205740 0.008993 -0.017140 -0.196342 0.328341 0.144329 -0.069529 -0.221555 0.164284 -0.142833 -0.334798 -0.012611 -0.214889 0.154890 -0.053878 0.035891 0.245412 0.052292 -0.405164 -0.216190 -0.331336 0.061771 -0.192539 0.079149 0.216020 0.243853 0.144973 0.076470 -0.131097 0.142594 0.412666 0.193279 -0.214581 0.388061 0.232236 -0.030752
-0.464761 -0.573796 0.408557 -0.005245 0.053157 0.194011 0.368832 -0.212020 0.117021 0.037487 -0.145351 -0.477981 -0.032544 -0.300464 -0.259396 -0.447286 -0.288594 -0.331999 -0.154030 -0.260622 0.089289 0.267417 0.318439 -0.142446 0.446417 0.276415 0.113888 0.272944 -0.095052 -0.055000 0.487452 0.546062 0.108006 0.432780 0.520071 1.000000 -0.032101 0.080019 0.225821 0.017650 0.098647 -0.051999 0.164783 0.128911 0.298259 0.393630 0.012984 0.246782 -0.300035 0.079065 -0.306483 -0.549535 -0.614232 -0.437561 -0.180462 -0.165966 -0.181170 -0.022875 -0.197054 -0.357123 -0.052654 -0.296405 -0.163685 -0.362259 0.329464 0.175598 0.348634 0.556499 -0.037279 -0.099595 0.158358 0.464994 0.073050 -0.077444 0.072253 0.007849 -0.060559 0.135809 0.077734 0.074537 0.094219 0.212627 -0.256280 -0.356072 0.113928 -0.073196 -0.140108 -0.380729 0.128747 -0.263232 -0.476754 -0.098517 -0.184218 0.136834 0.072814 -0.202918 0.160068 -0.024627 -0.605595 -0.365981 -0.343263 -0.070508 -0.122241 0.087021 -0.009280 0.144208 -0.178145 0.155140 0.086102 0.072935 0.404500 0.017716 -0.293847 0.201434 0.002411 -0.022213
