1.000000 0.608502 0.145803 0.262944 -0.399356 -0.019683 0.385335 0.367018 -0.396428 -0.112468 0.107861 0.000837 0.041814 0.092935 -0.257969 -0.274414 -0.047781 0.072796 0.545390 0.467428 0.025725 0.054157 -0.079326 -0.069572 -0.489391 -0.457390 -0.238443 -0.310333 -0.165018 -0.036541 -0.269588 -0.318605 0.151749 -0.183599 -0.420267 -0.359207 -0.304373 -0.282726 -0.227142 0.051870 -0.318726 -0.267892 -0.377091 -0.474927 -0.359418 -0.479852 -0.283256 -0.241939 -0.072907 -0.148762 -0.275068 -0.151251 0.040180 -0.139187 -0.221145 0.036151 0.420186 0.493417 0.328425 0.359582 0.394465 0.188460 -0.154616 -0.117472 -0.047310 0.036131 -0.081480 -0.259391 0.424959 0.351878 0.112604 0.256918 -0.214644 -0.116024 0.060521 -0.172955 0.007539 0.013890 0.207353 0.071890 -0.201259 -0.088419 -0.338285 -0.508954 -0.046489 -0.359692 -0.318345 -0.198266 0.420411 0.308732 0.003118 -0.111679 0.106081 0.331226 -0.371979 -0.079985 -0.052770 0.233390 -0.214499 0.456178 0.158008 0.160855 -0.260682 0.203384 -0.006629 0.045581 -0.208276 -0.034143 0.099701 -0.127765 -0.260823 -0.048641 0.321953 0.174261 0.098448 0.082868
0.608502 1.000000 -0.156224 0.175315 -0.683953 -0.467755 0.138711 0.408377 -0.484346 -0.385284 -0.271271 0.378965 -0.337112 0.322519 -0.435739 -0.170667 -0.246083 0.347479 0.300429 0.415085 -0.152906 -0.130131 -0.350391 -0.368351 -0.530479 -0.566521 -0.512522 -0.573674 -0.175736 0.319313 -0.155690 -0.236276 0.221108 -0.000257 -0.286401 -0.225682 0.090632 0.134841 0.294542 0.523703 0.018964 0.072084 -0.354084 -0.513238 -0.370093 -0.371150 -0.236384 -0.314893 -0.361368 -0.300130 -0.294745 -0.252565 -0.140224 -0.223237 0.198068 0.555197 0.477995 0.693785 -0.058535 0.266636 0.165572 0.229238 -0.078673 0.113354 -0.149732 -0.031839 -0.211918 -0.345777 0.485011 0.256869 -0.063690 0.114624 0.008175 0.128338 0.149290 -0.041296 0.273378 0.365916 0.163386 0.378331 -0.081211 0.173410 -0.302289 -0.342820 -0.071245 0.070557 -0.127054 0.078299 0.585703 0.586148 -0.373743 -0.395144 -0.123340 -0.101368 -0.067542 0.442379 0.394799 0.442527 -0.068043 0.334109 0.171744 -0.218612 -0.394273 -0.045036 -0.054949 0.094708 -0.201829 0.232882 0.300658 -0.005123 -0.401975 -0.192271 0.340824 0.151938 -0.240364 0.040740
0.145803 -0.156224 1.000000 0.607484 -0.078412 -0.005901 0.600617 0.353718 -0.112861 -0.110951 -0.176059 -0.128368 0.175383 0.118949 0.049460 -0.190510 -0.195716 -0.326738 0.350775 -0.096831 -0.149671 -0.084516 0.802423 0.715874 0.039497 0.172120 0.098684 0.157169 -0.242199 -0.279680 -0.043835 0.125002 -0.085111 -0.329386 0.236320 -0.032332 -0.229660 -0.231490 -0.321179 -0.389976 -0.059720 -0.177409 -0.324346 -0.248266 -0.190027 -0.361763 -0.017469 -0.341701 -0.212521 -0.194223 0.035460 -0.158312 0.037450 0.128541 -0.087134 -0.093715 -0.138712 -0.252217 0.275790 -0.020653 0.026820 -0.252007 -0.003433 -0.207772 0.226915 -0.085388 0.402095 -0.068629 -0.024222 -0.129241 -0.110192 0.151044 -0.117064 -0.116157 -0.013649 -0.018971 0.061448 -0.141527 -0.052145 -0.503723 -0.441591 -0.507407 0.181670 -0.138184 0.109107 -0.079522 0.041910 -0.167462 0.274865 0.064357 0.145725 -0.162172 0.249365 0.371083 -0.243776 -0.094768 -0.171158 0.036611 -0.166286 0.051650 -0.119298 0.088346 -0.320211 0.087712 -0.160075 0.012866 -0.183580 -0.176081 -0.048728 -0.362290 -0.035505 -0.015939 0.008736 0.008123 0.311776 -0.176378
0.262944 0.175315 0.607484 1.000000 -0.124328 0.108610 0.385760 0.563482 -0.321601 -0.033089 -0.371814 -0.049010 -0.166838 -0.083275 -0.109376 -0.311139 -0.394926 -0.332313 0.643686 0.368236 0.109597 0.234898 0.546843 0.616364 -0.136623 -0.073802 0.128282 0.058151 -0.516719 -0.321211 -0.234996 -0.088565 -0.335967 -0.471294 0.102760 -0.019789 -0.268798 -0.370739 -0.277625 -0.168846 -0.046095 -0.376268 -0.361799 -0.292459 -0.135354 -0.283775 0.072349 -0.260646 -0.356543 -0.124623 0.204690 -0.119516 -0.087435 0.140938 -0.165270 0.102841 0.130670 0.139308 -0.023667 -0.063046 -0.320637 -0.461271 0.085468 -0.225157 0.104938 -0.173733 0.186640 -0.085479 0.332668 0.067393 -0.231294 0.300633 -0.394889 -0.232720 -0.260584 -0.252107 -0.055464 -0.115382 -0.032653 -0.343290 -0.280073 -0.313468 0.110727 -0.148373 -0.100676 -0.100356 -0.049542 -0.173634 0.315508 0.066136 0.132568 -0.181849 0.216704 0.296652 -0.284043 0.010599 -0.053618 0.130852 -0.138110 0.220783 -0.125499 0.158916 -0.173313 0.231748 0.029375 0.146336 -0.314298 0.012419 0.024068 -0.259355 -0.147159 0.089432 0.282329 0.152311 0.355517 0.033510
-0.399356 -0.683953 -0.078412 -0.124328 1.000000 0.667011 -0.408594 -0.464651 0.654712 0.640715 0.365260 -0.316436 0.416317 -0.345342 0.429834 0.262780 0.188934 -0.179996 -0.347790 -0.265756 0.312283 0.267954 0.210427 0.313938 0.611482 0.476242 0.751016 0.577101 0.041044 -0.442640 -0.177721 -0.131050 -0.235940 -0.186123 -0.028422 0.029337 -0.260053 -0.436078 -0.456108 -0.499716 -0.256146 -0.293675 0.210524 0.295202 0.224370 0.293332 0.054913 0.389711 0.436190 0.462723 0.166855 0.336260 0.375295 0.217444 -0.395892 -0.649521 -0.237817 -0.318035 0.175308 0.075294 -0.058277 0.072591 0.176157 0.087917 -0.052353 0.090868 0.226260 0.254458 -0.303152 0.028569 -0.093220 -0.215800 -0.274735 -0.365233 -0.323308 -0.314488 -0.472257 -0.540536 -0.255337 -0.236127 0.175498 -0.151958 0.123701 0.293700 -0.062470 -0.359869 -0.059319 -0.157431 -0.641325 -0.599976 0.499877 0.638065 0.328356 0.283028 -0.072500 -0.503337 -0.520073 -0.544552 0.185352 -0.136199 -0.207549 0.348876 0.432847 0.282950 0.250407 -0.030892 0.217849 -0.241047 -0.449437 0.017046 0.330837 0.344690 -0.272128 -0.048218 0.214706 0.049813
-0.019683 -0.467755 -0.005901 0.108610 0.667011 1.000000 -0.085565 -0.109485 0.220419 0.685507 0.319216 -0.279224 0.236245 -0.369271 0.246897 0.181921 0.198111 -0.218153 -0.050689 -0.112219 0.647951 0.719345 0.144812 0.249147 0.372070 0.467502 0.821720 0.683160 -0.182591 -0.545830 -0.016551 -0.010801 -0.274915 -0.142520 -0.028079 -0.019700 -0.430724 -0.582894 -0.531294 -0.443145 -0.283575 -0.491391 0.128518 0.348722 0.148858 0.156966 0.036739 0.195783 0.376419 0.334994 0.338208 0.459279 0.071792 0.168647 -0.543976 -0.641549 0.126646 -0.177274 0.177895 -0.032325 -0.045480 -0.105311 0.135315 -0.160869 0.197977 0.183539 0.233691 0.306525 -0.104686 0.090826 0.148314 0.233318 -0.455762 -0.376596 -0.267935 -0.239704 -0.419287 -0.487992 -0.220993 -0.293345 0.064374 -0.298170 -0.046291 -0.022514 -0.141737 -0.401867 0.023635 -0.211401 -0.524867 -0.598445 0.406171 0.317860 0.298192 0.299412 -0.329254 -0.620924 -0.508820 -0.369025 -0.254467 -0.192149 -0.099854 0.352236 0.384676 0.327865 0.145983 0.004707 0.121081 -0.095945 -0.460934 -0.216888 0.306682 0.228301 -0.268172 0.057019 0.319316 -0.039243
0.385335 0.138711 0.600617 0.385760 -0.408594 -0.085565 1.000000 0.622650 -0.551012 -0.143464 -0.174335 0.074043 -0.041319 0.264391 -0.404843 -0.040049 -0.231626 -0.084263 0.472969 0.263307 0.112478 0.132726 0.197630 0.176528 -0.521463 -0.330599 -0.200502 -0.230226 -0.132802 -0.078402 0.262676 0.261369 0.019126 -0.022122 -0.113488 -0.096690 -0.245699 -0.123095 -0.196596 -0.031735 -0.137503 -0.068429 -0.314425 -0.260764 -0.259824 -0.340951 -0.187387 -0.366105 -0.177030 -0.324327 -0.215022 -0.218531 -0.164062 -0.089135 -0.114879 -0.055844 -0.130159 -0.163443 0.172554 -0.008820 0.154434 -0.061888 -0.151213 -0.248462 0.314010 0.002923 0.047768 -0.049289 -0.011379 -0.101312 0.116105 0.324029 -0.147725 -0.218905 -0.077900 -0.129362 0.065699 -0.030768 -0.052325 -0.216077 -0.380481 -0.331783 -0.124166 -0.257606 0.038697 -0.095329 -0.108366 -0.052002 0.337920 0.240552 0.056869 -0.197501 0.207840 0.223368 -0.201171 0.067072 -0.069589 0.191813 -0.427118 -0.028815 0.196172 0.000224 -0.387789 -0.100297 -0.136703 -0.006246 -0.277447 -0.063155 0.058334 -0.214154 -0.162446 -0.090531 0.087994 0.156043 0.157585 -0.019073
0.367018 0.408377 0.353718 0.563482 -0.464651 -0.109485 0.622650 1.000000 -0.461525 -0.145747 -0.216803 0.210440 -0.140024 0.447247 -0.417286 -0.123898 -0.311375 0.052564 0.491299 0.243279 0.105632 0.239212 0.053957 0.020565 -0.513714 -0.431010 -0.123160 -0.308009 -0.297502 0.036373 -0.123067 -0.092395 -0.141451 -0.234944 0.035988 0.031952 -0.183230 -0.057418 -0.168175 0.141232 -0.059607 -0.212306 -0.151341 -0.155250 -0.226706 -0.213146 -0.017161 -0.207735 -0.273464 -0.262766 0.021142 0.000655 -0.295269 -0.147046 -0.042426 0.331611 -0.017471 0.023728 -0.074089 -0.084059 0.047751 -0.014735 -0.056932 -0.278328 0.145960 0.249876 -0.114070 -0.079444 0.039027 -0.179050 -0.053210 0.407351 -0.245366 -0.093277 -0.017527 -0.060887 0.252188 0.183666 -0.029974 -0.145966 -0.363246 -0.212839 -0.293247 -0.394915 -0.161377 -0.031323 -0.203563 -0.085737 0.376718 0.410474 -0.205321 -0.394329 0.173378 0.078302 -0.255876 0.329507 0.061327 0.412069 -0.358443 0.226464 0.229612 -0.120890 -0.415291 -0.136550 -0.250970 -0.007905 -0.233573 -0.010228 0.243216 -0.154040 -0.228029 -0.164726 0.302047 0.186573 0.031483 0.027707
-0.396428 -0.484346 -0.112861 -0.321601 0.654712 0.220419 -0.551012 -0.461525 1.000000 0.364862 0.433778 -0.126047 0.621165 0.048357 0.712539 0.387774 0.333693 0.082906 -0.419897 -0.490187 -0.087933 -0.099787 0.157767 0.093251 0.642780 0.470352 0.466873 0.366566 0.344461 0.010287 -0.401949 -0.217744 -0.002309 -0.089840 0.075698 0.127667 0.029622 -0.045238 -0.105794 -0.309607 -0.010267 -0.004878 0.182655 0.189552 0.114275 0.125543 0.175687 0.291286 0.282011 0.304639 0.139081 0.223257 0.409990 0.119366 0.032572 -0.202458 -0.204881 -0.237627 0.161504 0.057546 0.147233 0.195788 0.197069 0.215668 -0.160360 0.124848 0.056782 -0.012490 -0.384143 -0.058949 -0.188834 -0.321085 0.177960 0.001174 0.064786 0.065714 -0.158122 -0.222252 -0.044668 -0.112742 0.189598 -0.023618 0.190200 0.326430 -0.022383 -0.252950 0.001915 -0.133305 -0.472986 -0.258099 0.211216 0.350750 0.014287 -0.019413 0.058921 -0.186116 -0.259156 -0.323652 0.340406 -0.068466 -0.264596 0.100165 0.227981 0.024003 -0.038845 -0.205273 0.225695 -0.275095 -0.166903 0.030059 0.147338 0.041664 -0.327828 -0.175010 -0.037699 0.030677
-0.112468 -0.385284 -0.110951 -0.033089 0.640715 0.685507 -0.143464 -0.145747 0.364862 1.000000 0.473492 -0.055162 0.394502 -0.153874 0.240352 0.251504 0.278386 0.121071 -0.210325 -0.218542 0.453852 0.459003 0.026025 0.108207 0.298273 0.279343 0.615744 0.440577 0.000629 -0.290077 -0.115343 -0.081933 -0.261702 -0.125651 -0.001983 0.040910 -0.406737 -0.494814 -0.449045 -0.365578 -0.326022 -0.386053 0.078047 0.230916 0.154214 0.162706 -0.010762 0.171103 0.429508 0.449898 0.239199 0.444269 0.216732 0.105815 -0.429331 -0.562188 0.031555 -0.138007 0.296399 0.170677 0.108731 0.176235 0.354584 0.074363 0.179841 0.290658 0.134923 0.151632 -0.200600 -0.119087 -0.138300 -0.001603 -0.250434 -0.429076 -0.319503 -0.253997 -0.396708 -0.587987 -0.086190 -0.213015 0.066804 -0.154637 -0.211512 0.019344 -0.126450 -0.418123 -0.111090 -0.169759 -0.592857 -0.580319 0.341018 0.373736 0.303397 0.206702 -0.373673 -0.446717 -0.536565 -0.354621 -0.058749 -0.108566 0.018194 0.249275 0.284457 0.329473 0.179263 -0.018422 0.180107 -0.065218 -0.312875 -0.106063 0.167875 0.367309 -0.111301 0.132205 0.249514 -0.035285
0.107861 -0.271271 -0.176059 -0.371814 0.365260 0.319216 -0.174335 -0.216803 0.433778 0.473492 1.000000 0.067689 0.696507 0.015504 0.475135 0.120111 0.625718 0.179070 -0.189198 -0.158489 0.129614 0.063264 -0.069563 -0.160936 0.183533 0.043964 0.305494 0.227504 0.391685 -0.022527 -0.189840 -0.250655 0.001850 0.048703 0.054699 0.057116 -0.262089 -0.285620 -0.365834 -0.363845 -0.376094 -0.334599 0.038768 0.186122 0.107493 0.101438 0.017549 0.260064 0.457729 0.376957 0.024458 0.397806 0.310602 0.142640 -0.156948 -0.331117 -0.145116 -0.141803 0.183072 0.000253 0.322953 0.192356 0.115053 0.089864 0.108718 0.189882 -0.229067 -0.027551 -0.378383 -0.037182 0.154802 -0.033854 0.037564 -0.071155 0.005038 0.009895 -0.116907 -0.236262 0.214271 -0.071196 0.108541 0.020231 -0.080235 -0.082874 -0.003548 -0.437967 -0.234066 -0.209208 -0.419558 -0.309219 0.252571 0.395056 0.045987 0.237640 -0.305948 -0.317831 -0.388018 -0.247452 0.086054 0.058302 -0.064394 0.004246 0.077653 -0.038284 -0.149518 -0.258632 0.164420 -0.378650 -0.286878 -0.074624 0.150126 0.117736 -0.181587 -0.169152 0.161221 -0.044800
0.000837 0.378965 -0.128368 -0.049010 -0.316436 -0.279224 0.074043 0.210440 -0.126047 -0.055162 0.067689 1.000000 0.046901 0.430649 -0.009137 0.252186 -0.040564 0.470580 -0.126958 0.124548 -0.079163 -0.074738 -0.167407 -0.186101 -0.037585 -0.106749 -0.159152 -0.211013 0.301686 0.436538 0.272198 0.317502 0.152260 0.462716 0.143515 0.071876 0.091879 0.077742 0.186911 0.148613 0.099086 -0.002082 -0.146611 -0.091038 -0.216554 0.004672 -0.144199 -0.119467 -0.330497 -0.167621 -0.132993 -0.133458 -0.092885 -0.011140 0.212589 0.198742 -0.099123 0.032424 -0.404490 -0.172396 -0.058927 0.050193 0.208771 0.188348 0.100544 0.164036 -0.098247 -0.026897 -0.215869 -0.099315 -0.103945 0.041331 0.244697 0.083812 0.033030 0.113535 0.297754 0.275602 0.070852 0.090361 -0.085868 0.118011 -0.071534 0.047442 0.151007 0.261212 -0.231786 -0.055631 0.149699 0.045304 -0.223592 -0.247586 -0.141619 -0.358365 0.117826 0.274713 0.356874 0.209977 -0.001963 -0.008495 -0.044930 -0.582444 -0.463151 -0.393050 -0.303391 -0.411266 -0.218535 -0.206640 0.015211 0.130480 0.135147 -0.203660 -0.240660 -0.082423 -0.211182 -0.160732
0.041814 -0.337112 0.175383 -0.166838 0.416317 0.236245 -0.041319 -0.140024 0.621165 0.394502 0.696507 0.046901 1.000000 0.201056 0.551409 0.324523 0.562913 0.232183 -0.166522 -0.293616 -0.068191 -0.141585 0.227792 0.117468 0.357150 0.209464 0.350499 0.147296 0.491491 -0.014028 -0.368574 -0.206730 0.048247 -0.020044 -0.056248 -0.188896 -0.351890 -0.449052 -0.518463 -0.593741 -0.250080 -0.344793 0.035488 0.087661 0.043587 -0.041167 0.062214 0.243342 0.442025 0.437333 -0.009691 0.258483 0.553390 0.321127 -0.187857 -0.453640 -0.182252 -0.228079 0.361529 0.144608 0.501359 0.313568 0.313797 0.304978 0.025400 0.091187 0.092264 -0.147865 -0.422213 -0.123002 -0.041486 -0.248008 0.124352 -0.160494 -0.105892 -0.169951 -0.226396 -0.383284 -0.020403 -0.243478 0.097799 -0.145285 0.022234 0.058447 -0.086477 -0.493140 -0.333907 -0.303742 -0.473659 -0.378405 0.464267 0.368399 0.046469 0.191416 -0.322935 -0.426705 -0.499738 -0.466891 0.231232 0.088114 -0.158315 0.109774 0.038460 0.059355 -0.150148 -0.228494 0.149019 -0.523219 -0.385156 -0.182812 0.072354 0.091329 -0.274532 -0.252290 0.173195 -0.213238
0.092935 0.322519 0.118949 -0.083275 -0.345342 -0.369271 0.264391 0.447247 0.048357 -0.153874 0.015504 0.430649 0.201056 1.000000 0.007311 0.485780 0.077868 0.506997 -0.117908 -0.213510 -0.173194 -0.184486 -0.048467 -0.241788 -0.069331 -0.119552 -0.198524 -0.260381 0.320724 0.543995 -0.074606 0.040567 0.306545 0.183458 0.124755 -0.022617 0.231104 0.198814 0.076653 0.123367 0.159498 0.188630 -0.022266 -0.190664 -0.285738 -0.159612 -0.045030 -0.205961 -0.211383 -0.204721 -0.089513 -0.117188 -0.047099 -0.028772 0.279757 0.344738 -0.074865 -0.054128 -0.110827 -0.050272 0.440042 0.402656 0.227037 0.164926 0.102870 0.332304 -0.168251 -0.329027 -0.200354 -0.220986 0.004693 -0.070797 0.339712 0.151972 0.261855 0.221579 0.481422 0.254384 0.050998 0.088513 -0.046242 0.006220 -0.031832 0.001348 0.103673 0.085496 -0.015551 0.137489 0.234883 0.386255 -0.390943 -0.399363 -0.170819 -0.332438 -0.013085 0.341108 0.155376 0.323496 -0.167316 0.009950 0.087854 -0.379693 -0.489468 -0.427324 -0.486562 -0.234432 0.014560 -0.055836 0.233367 -0.176992 -0.207491 -0.272499 -0.170087 -0.057086 -0.303617 -0.146558
-0.257969 -0.435739 0.049460 -0.109376 0.429834 0.246897 -0.404843 -0.417286 0.712539 0.240352 0.475135 -0.009137 0.551409 0.007311 1.000000 0.331226 0.418708 0.044677 -0.177904 -0.294764 -0.056556 -0.017006 0.379820 0.278978 0.642958 0.530104 0.421760 0.546679 0.319638 0.088351 -0.200758 0.008556 0.042811 0.070140 0.250378 0.210406 0.090812 -0.062905 -0.044114 -0.337086 0.146194 -0.008501 0.010435 0.093767 -0.014276 -0.049673 0.203296 0.086097 0.009488 0.143091 0.224465 0.131807 0.277767 0.317293 0.004964 -0.153927 -0.076559 -0.187302 0.019326 -0.256252 0.005281 -0.154644 0.280669 0.139919 0.131838 -0.092477 -0.031360 -0.170094 -0.194614 -0.034206 -0.040028 -0.124213 0.231070 0.223352 0.137699 0.192599 -0.037383 -0.178203 0.144569 -0.156562 0.216405 -0.010751 0.556364 0.408597 0.106709 -0.181031 0.142756 -0.179928 -0.253551 -0.281843 0.193239 0.124959 -0.215185 -0.075991 0.064991 -0.263150 -0.124759 -0.206786 0.204919 -0.220177 -0.501879 -0.048859 0.093851 -0.061685 -0.223957 -0.275262 -0.007695 -0.302645 -0.198048 -0.115659 0.234209 -0.044185 -0.413596 -0.305017 0.099515 -0.050788
-0.274414 -0.170667 -0.190510 -0.311139 0.262780 0.181921 -0.040049 -0.123898 0.387774 0.251504 0.120111 0.252186 0.324523 0.485780 0.331226 1.000000 0.257576 0.478918 -0.335294 -0.308779 0.291740 0.190914 -0.155988 -0.229137 0.251038 0.250567 0.360484 0.188951 0.525297 0.360048 0.224356 0.323047 0.164963 0.361120 0.027846 -0.001347 0.158990 0.040570 0.038749 -0.057932 0.217598 0.197734 0.226544 0.071001 -0.092317 0.057988 0.022423 0.035698 0.042184 -0.031767 -0.031030 -0.047460 0.040694 0.063276 0.010553 -0.188563 -0.154183 -0.264372 -0.125377 -0.144699 0.299601 0.289567 0.399762 0.255415 0.221323 0.213972 -0.106375 -0.137008 -0.387137 -0.237619 0.039715 -0.140738 0.280992 -0.031155 -0.002203 0.083524 0.088674 -0.040509 -0.149043 0.113658 0.306380 0.121574 0.278641 0.564472 0.075705 0.031410 0.040950 0.137062 -0.243911 -0.045891 -0.054766 0.007296 -0.252248 -0.494017 -0.011786 -0.042454 -0.087530 -0.151515 -0.155191 -0.502993 -0.194514 -0.285803 -0.098159 -0.363093 -0.294097 -0.348530 0.041288 -0.055460 -0.036018 -0.110485 -0.005745 -0.131523 -0.586148 -0.112761 -0.285361 -0.086166
-0.047781 -0.246083 -0.195716 -0.394926 0.188934 0.198111 -0.231626 -0.311375 0.333693 0.278386 0.625718 -0.040564 0.562913 0.077868 0.418708 0.257576 1.000000 0.304859 -0.337084 -0.322449 0.130782 -0.002404 -0.136608 -0.226411 0.184893 0.153626 0.172448 0.242214 0.542633 0.160542 -0.098604 -0.177591 0.090809 0.084778 0.126377 -0.152758 0.063777 -0.157011 -0.218198 -0.372204 -0.062153 -0.173227 0.227408 0.260888 0.268595 0.173075 0.126754 0.185137 0.365665 0.391391 0.203766 0.271887 0.154542 0.170257 -0.050921 -0.230368 0.121286 -0.121687 0.139073 -0.085873 0.359833 0.153783 0.437863 0.460984 0.067763 -0.010878 -0.090220 -0.096239 -0.302447 -0.103649 0.286886 -0.239123 0.291365 0.118976 0.085488 0.040368 -0.105082 -0.139481 0.191903 0.120355 0.512211 0.271981 0.082983 -0.077984 0.061850 -0.123157 0.056347 0.108655 -0.447883 -0.279559 0.071790 0.164657 -0.233572 -0.174542 -0.166700 -0.319189 -0.351851 -0.261394 0.114631 -0.139258 -0.054760 0.023978 0.284764 -0.108273 -0.267450 -0.216753 0.277159 -0.144332 -0.262942 -0.202962 0.044513 0.070365 -0.166020 -0.140842 -0.068235 -0.297940
0.072796 0.347479 -0.326738 -0.332313 -0.179996 -0.218153 -0.084263 0.052564 0.082906 0.121071 0.179070 0.470580 0.232183 0.506997 0.044677 0.478918 0.304859 1.000000 -0.243776 -0.135963 -0.077511 -0.115022 -0.337231 -0.457945 -0.132744 -0.239016 -0.228151 -0.336705 0.538649 0.651091 0.061712 -0.002820 0.322005 0.261224 -0.126751 -0.192961 0.247607 0.139925 0.203588 0.111977 0.290730 0.208412 0.036429 -0.166079 -0.127286 -0.181967 -0.089239 -0.118071 -0.069638 0.033675 -0.173728 -0.069652 0.039544 -0.022702 0.168291 0.122972 0.184148 0.209658 -0.006610 0.135302 0.420026 0.554029 0.467949 0.614311 0.044771 0.207729 -0.093950 -0.491949 -0.087614 -0.249235 0.009170 -0.110630 0.476398 0.293004 0.263524 0.098526 0.280255 0.078310 0.121689 0.538910 0.311119 0.440030 -0.092737 0.036837 0.156071 0.113972 -0.039468 0.184923 -0.126813 0.066196 -0.296243 -0.266923 -0.300912 -0.442344 -0.228782 0.127966 -0.029216 0.029273 0.143849 -0.046703 0.121765 -0.246994 -0.185049 -0.194682 -0.314133 -0.120205 0.114277 0.019103 -0.052414 -0.175694 -0.257310 0.108289 0.019501 -0.021326 -0.288867 -0.288653
0.545390 0.300429 0.350775 0.643686 -0.347790 -0.050689 0.472969 0.491299 -0.419897 -0.210325 -0.189198 -0.126958 -0.166522 -0.117908 -0.177904 -0.335294 -0.337084 -0.243776 1.000000 0.699317 0.057802 0.147427 0.096115 0.128666 -0.397720 -0.365485 -0.152844 -0.254450 -0.327204 -0.103111 -0.108775 -0.072915 -0.110388 -0.198071 -0.093695 0.032907 -0.260572 -0.077382 -0.096826 0.148410 -0.098174 -0.123055 -0.304011 -0.298502 -0.251471 -0.374123 0.058838 -0.192036 -0.223613 -0.271266 -0.087610 -0.148263 -0.043337 -0.038510 -0.068120 0.207847 0.064386 0.221865 0.012250 -0.061633 -0.107119 -0.373326 -0.205090 -0.355066 0.007555 -0.328200 -0.156654 -0.181094 0.350322 0.122852 0.032496 0.475904 -0.213858 0.047704 -0.005407 -0.061590 0.008162 0.106441 0.189103 -0.186159 -0.334690 -0.182482 -0.123059 -0.207563 -0.269702 -0.238913 -0.250981 -0.257448 0.390957 0.219371 0.043913 -0.157459 0.021543 0.224659 -0.275460 0.098783 0.049704 0.200707 -0.236779 0.279636 -0.037512 0.125707 -0.217320 0.127624 -0.030883 0.123780 -0.438136 -0.063419 0.352759 -0.109478 -0.264569 -0.113654 0.381714 0.184695 0.229865 0.209886
0.467428 0.415085 -0.096831 0.368236 -0.265756 -0.112219 0.263307 0.243279 -0.490187 -0.218542 -0.158489 0.124548 -0.293616 -0.213510 -0.294764 -0.308779 -0.322449 -0.135963 0.699317 1.000000 0.120780 0.136620 -0.264137 -0.107638 -0.434284 -0.487107 -0.259565 -0.326393 -0.244174 -0.063742 0.004522 -0.046676 -0.010668 0.099447 -0.311285 0.016833 -0.207571 -0.089981 0.012571 0.263569 -0.156158 -0.045324 -0.370089 -0.302148 -0.286960 -0.218196 -0.196783 -0.052557 -0.258003 -0.216054 -0.290963 -0.225810 0.006232 -0.055750 -0.144091 0.081073 0.061934 0.411828 -0.223589 -0.047873 -0.213218 -0.262334 -0.281027 -0.180799 -0.098957 -0.340518 -0.235978 0.010053 0.430814 0.443443 0.180111 0.229410 -0.258582 -0.020032 -0.181164 -0.257983 -0.101801 0.109212 0.139865 0.126206 -0.160406 0.061791 -0.170707 -0.155883 -0.196156 -0.142182 -0.372423 -0.182585 0.274139 0.106504 0.119491 0.107028 0.024790 0.132587 0.042773 0.110015 0.165218 0.220490 -0.148114 0.239373 0.005796 0.040833 -0.089792 0.089838 0.216593 0.093877 -0.304105 -0.094919 0.173560 0.232116 -0.038832 0.043768 0.361507 0.162014 0.198600 0.272096
0.025725 -0.152906 -0.149671 0.109597 0.312283 0.647951 0.112478 0.105632 -0.087933 0.453852 0.129614 -0.079163 -0.068191 -0.173194 -0.056556 0.291740 0.130782 -0.077511 0.057802 0.120780 1.000000 0.805336 -0.152908 -0.044189 -0.021636 0.114400 0.493015 0.418799 -0.151969 -0.296394 0.257812 0.207759 -0.224669 0.051719 0.084776 0.083725 -0.163961 -0.218807 -0.316307 -0.096542 -0.123956 -0.235547 0.123402 0.273724 0.041198 0.192720 -0.038408 0.176343 0.096103 0.090232 0.259315 0.272345 -0.212624 -0.016022 -0.459494 -0.368367 -0.009453 -0.163252 -0.098509 -0.195321 -0.138632 -0.134704 0.041596 -0.126202 0.301309 0.159801 -0.064534 0.297187 -0.147476 -0.034440 0.391489 0.267927 -0.405130 -0.255699 -0.189434 -0.125602 -0.134461 -0.073157 -0.228177 -0.123255 0.163681 -0.121933 -0.027152 -0.047332 0.060537 -0.157513 0.043118 0.030514 -0.258429 -0.232426 0.084180 0.150032 0.129458 -0.041030 -0.104773 -0.209207 -0.301946 0.007068 -0.436569 -0.333064 -0.120779 -0.042422 0.016250 -0.154651 -0.095951 -0.211140 -0.120995 0.111091 -0.185056 -0.216298 0.156745 0.044533 -0.231550 0.151591 0.026417 0.038477
0.054157 -0.130131 -0.084516 0.234898 0.267954 0.719345 0.132726 0.239212 -0.099787 0.459003 0.063264 -0.074738 -0.141585 -0.184486 -0.017006 0.190914 -0.002404 -0.115022 0.147427 0.136620 0.805336 1.000000 -0.089223 0.067732 -0.026972 0.161894 0.544564 0.498420 -0.276816 -0.373693 0.109164 0.147166 -0.366291 -0.020534 0.020258 0.186256 -0.273014 -0.256736 -0.224300 0.017792 -0.185875 -0.287831 0.108522 0.327320 -0.000626 0.130267 -0.010765 0.141000 0.010564 -0.045555 0.214002 0.281981 -0.330607 -0.141487 -0.463262 -0.298515 0.077764 -0.146442 -0.095190 -0.202897 -0.211552 -0.184068 -0.066592 -0.319799 0.195560 0.207485 -0.087432 0.333055 -0.029763 0.075612 0.188684 0.441581 -0.499826 -0.280827 -0.152102 -0.143838 -0.221264 -0.147199 -0.095606 -0.147007 -0.005899 -0.191621 -0.081691 -0.072057 -0.112630 -0.250108 0.070193 -0.041919 -0.223050 -0.199322 0.058327 0.046146 0.220697 0.016252 -0.128223 -0.141622 -0.157523 0.051006 -0.480952 -0.241566 -0.075072 -0.013472 0.095341 0.036063 0.047009 -0.018478 -0.074050 0.032503 -0.170577 -0.147250 0.269766 0.100916 -0.138616 0.186772 0.126940 0.136872
-0.079326 -0.350391 0.802423 0.546843 0.210427 0.144812 0.197630 0.053957 0.157767 0.026025 -0.069563 -0.167407 0.227792 -0.048467 0.379820 -0.155988 -0.136608 -0.337231 0.096115 -0.264137 -0.152908 -0.089223 1.000000 0.878359 0.395865 0.454182 0.295117 0.436237 -0.202318 -0.274784 -0.124634 0.127153 -0.140348 -0.332646 0.360181 -0.006246 -0.084463 -0.278549 -0.288667 -0.509334 0.049904 -0.210302 -0.288898 -0.202992 -0.113155 -0.305258 0.015706 -0.278657 -0.183734 -0.055571 0.253993 -0.100305 0.110776 0.221586 -0.127087 -0.198937 -0.095474 -0.244506 0.208048 -0.103280 -0.123539 -0.311556 0.138799 -0.109213 0.299014 -0.064123 0.405689 -0.140103 0.005506 -0.155055 -0.189505 0.038949 -0.052683 -0.058237 0.026457 0.020998 0.038239 -0.236232 -0.110560 -0.508566 -0.255073 -0.434056 0.478377 0.093908 0.267129 -0.063782 0.259555 -0.115316 0.108752 -0.167977 0.221596 -0.090678 0.215244 0.392634 -0.120347 -0.259126 -0.219114 -0.135881 0.079130 0.014529 -0.262594 0.182142 -0.107896 0.150604 -0.144146 -0.032632 -0.045158 -0.195067 -0.236968 -0.361773 0.086251 0.121556 -0.133286 -0.186012 0.356512 -0.188125
-0.069572 -0.368351 0.715874 0.616364 0.313938 0.249147 0.176528 0.020565 0.093251 0.108207 -0.160936 -0.186101 0.117468 -0.241788 0.278978 -0.229137 -0.226411 -0.457945 0.128666 -0.107638 -0.044189 0.067732 0.878359 1.000000 0.356432 0.375430 0.320649 0.432658 -0.280126 -0.438857 -0.121277 0.090364 -0.271789 -0.419193 0.154895 -0.095192 -0.201653 -0.400166 -0.330997 -0.494591 0.023967 -0.268516 -0.287700 -0.144292 -0.064817 -0.192387 -0.002372 -0.186186 -0.184654 -0.020162 0.201617 -0.110481 0.092139 0.225976 -0.209984 -0.309817 -0.083752 -0.236090 0.169699 -0.024598 -0.305869 -0.378587 0.075861 -0.187661 0.132590 -0.147651 0.466121 0.048456 0.048546 0.005065 -0.217748 0.051119 -0.270791 -0.224976 -0.135969 -0.168477 -0.195401 -0.374411 -0.110342 -0.492666 -0.246800 -0.409749 0.421343 0.088763 0.110381 -0.075531 0.164451 -0.170948 0.040245 -0.249664 0.322495 0.051729 0.289620 0.441914 -0.060504 -0.302987 -0.233200 -0.166092 0.083175 0.060063 -0.273845 0.269722 -0.015531 0.290302 0.101527 0.041443 -0.117544 -0.129546 -0.295726 -0.246258 0.184089 0.225884 -0.033869 -0.012239 0.474923 -0.053328
-0.489391 -0.530479 0.039497 -0.136623 0.611482 0.372070 -0.521463 -0.513714 0.642780 0.298273 0.183533 -0.037585 0.357150 -0.069331 0.642958 0.251038 0.184893 -0.132744 -0.397720 -0.434284 -0.021636 -0.026972 0.395865 0.356432 1.000000 0.821040 0.546679 0.627063 0.091291 -0.153626 -0.135016 0.083277 0.069619 0.140565 0.392477 0.119141 0.009785 -0.125062 -0.172246 -0.367287 0.085234 -0.033312 0.111724 0.233837 0.072882 0.163215 0.223847 0.142210 0.075794 0.244492 0.386633 0.167697 0.293776 0.334637 -0.035507 -0.314353 -0.094758 -0.209709 -0.105464 -0.197830 -0.158074 -0.083867 0.254850 0.170568 0.078332 0.057020 0.279536 0.123910 -0.223661 0.000948 -0.139656 -0.233165 0.088276 0.097387 0.032303 0.146392 -0.045064 -0.174425 -0.094518 -0.288242 0.156399 -0.141957 0.349583 0.358289 0.019907 -0.030478 0.153615 -0.151633 -0.404057 -0.545640 0.186227 0.162814 0.044581 0.009885 0.133744 -0.378204 -0.129614 -0.386514 0.162640 -0.122452 -0.371196 0.052936 0.203050 0.053882 -0.061463 -0.147250 0.140864 -0.301470 -0.251889 -0.034863 0.394122 0.064918 -0.438853 -0.230645 0.101860 -0.081347
-0.457390 -0.566521 0.172120 -0.073802 0.476242 0.467502 -0.330599 -0.431010 0.470352 0.279343 0.043964 -0.106749 0.209464 -0.119552 0.530104 0.250567 0.153626 -0.239016 -0.365485 -0.487107 0.114400 0.161894 0.454182 0.375430 0.821040 1.000000 0.587284 0.782470 0.017683 -0.224299 0.071121 0.341402 0.034638 0.222351 0.459781 0.202601 0.050117 -0.114803 -0.049110 -0.329705 0.121658 0.005277 0.091802 0.279364 -0.002337 0.099771 0.081111 -0.024901 -0.031885 0.015209 0.366573 0.051637 0.005880 0.149217 -0.091127 -0.352508 0.015929 -0.266324 -0.087120 -0.293628 -0.160755 -0.235760 0.196391 -0.031511 0.188522 0.094135 0.309028 0.236470 -0.188213 -0.060177 0.030033 -0.086971 0.113383 0.037709 0.029842 0.240067 -0.046198 -0.128886 -0.160626 -0.340916 0.048500 -0.275396 0.387174 0.320614 0.105453 0.098437 0.333715 -0.068197 -0.283298 -0.457170 0.087721 0.016999 0.032910 -0.056819 0.134180 -0.332802 -0.057163 -0.302357 -0.097687 -0.378292 -0.387691 0.019396 0.221810 0.040616 -0.044203 -0.109848 0.164598 -0.154821 -0.260712 -0.101864 0.469332 -0.068319 -0.560921 -0.186358 0.101124 -0.156184
-0.238443 -0.512522 0.098684 0.128282 0.751016 0.821720 -0.200502 -0.123160 0.466873 0.615744 0.305494 -0.159152 0.350499 -0.198524 0.421760 0.360484 0.172448 -0.228151 -0.152844 -0.259565 0.493015 0.544564 0.295117 0.320649 0.546679 0.587284 1.000000 0.773220 -0.126680 -0.461742 -0.122270 -0.028931 -0.243056 -0.163033 0.177949 0.136283 -0.330600 -0.481354 -0.471717 -0.471886 -0.189593 -0.353400 0.122464 0.262270 0.068566 0.122548 0.100977 0.157957 0.244147 0.215839 0.355176 0.368154 0.133784 0.182248 -0.389199 -0.514754 -0.078958 -0.257243 0.092993 -0.165517 -0.044938 -0.111557 0.259559 -0.103319 0.242091 0.220345 0.167008 0.217807 -0.259821 -0.011368 -0.052959 -0.016802 -0.360332 -0.327837 -0.215229 -0.142860 -0.287259 -0.403414 -0.222368 -0.352228 0.088057 -0.241246 0.129478 0.253132 -0.138443 -0.282341 0.006518 -0.129865 -0.446423 -0.421132 0.331575 0.347673 0.250772 0.185570 -0.236143 -0.392058 -0.432095 -0.366256 -0.214482 -0.263916 -0.267404 0.184892 0.267504 0.152667 0.024703 -0.151155 0.043037 -0.142488 -0.310677 -0.175939 0.245019 0.103228 -0.424111 0.038598 0.221546 -0.010275
-0.310333 -0.573674 0.157169 0.058151 0.577101 0.683160 -0.230226 -0.308009 0.366566 0.440577 0.227504 -0.211013 0.147296 -0.260381 0.546679 0.188951 0.242214 -0.336705 -0.254450 -0.326393 0.418799 0.498420 0.436237 0.432658 0.627063 0.782470 0.773220 1.000000 -0.150263 -0.444564 0.028585 0.146972 -0.217752 -0.034290 0.429320 0.297278 -0.055652 -0.207010 -0.233032 -0.358337 -0.028975 -0.183605 -0.014945 0.248079 -0.025897 0.095719 -0.033491 0.007545 0.005317 0.019636 0.410495 0.192703 -0.094907 0.099538 -0.335993 -0.455061 -0.013934 -0.268240 -0.013005 -0.319869 -0.219901 -0.316256 0.133736 -0.137113 0.323048 0.124629 0.142904 0.315561 -0.136279 0.068818 0.100338 0.009029 -0.226108 -0.087871 -0.038111 0.105059 -0.160688 -0.255746 -0.117245 -0.363758 0.129222 -0.213940 0.397073 0.203256 0.153771 -0.071043 0.331163 -0.049654 -0.291467 -0.395157 0.149461 0.196764 0.196351 0.117461 0.049098 -0.388958 -0.269619 -0.184852 -0.294285 -0.407680 -0.340470 0.096374 0.286728 0.064878 -0.013414 -0.082594 0.065206 -0.093278 -0.293843 -0.160694 0.428962 0.021298 -0.470672 -0.092848 0.229846 -0.050056
-0.165018 -0.175736 -0.242199 -0.516719 0.041044 -0.182591 -0.132802 -0.297502 0.344461 0.000629 0.391685 0.301686 0.491491 0.320724 0.319638 0.525297 0.542633 0.538649 -0.327204 -0.244174 -0.151969 -0.276816 -0.202318 -0.280126 0.091291 0.017683 -0.126680 -0.150263 1.000000 0.596003 0.241677 0.229752 0.308045 0.383385 -0.030763 -0.247160 0.288067 0.077507 0.135806 -0.172495 0.199557 0.250804 0.219507 0.094940 0.037655 0.032561 0.008382 0.101525 0.153393 0.094737 -0.148351 -0.159413 0.114791 0.045990 0.293572 -0.124514 -0.184204 -0.293030 -0.082292 -0.025977 0.321832 0.227933 0.379940 0.436012 -0.039557 -0.050290 -0.090642 -0.259050 -0.495510 -0.239216 0.189103 -0.210445 0.631320 0.280693 0.197435 0.177535 0.146061 0.001754 0.222189 0.266329 0.387665 0.371126 0.234153 0.386751 0.256058 0.157410 0.036399 0.196291 -0.257199 -0.087742 -0.112525 0.025225 -0.507264 -0.463303 0.001360 -0.100590 -0.101926 -0.250137 0.218563 -0.207155 -0.156202 -0.242734 0.007612 -0.353980 -0.408793 -0.414413 0.224792 -0.175179 -0.076250 -0.087737 -0.085480 -0.032597 -0.336442 -0.262738 -0.230546 -0.294914
-0.036541 0.319313 -0.279680 -0.321211 -0.442640 -0.545830 -0.078402 0.036373 0.010287 -0.290077 -0.022527 0.436538 -0.014028 0.543995 0.088351 0.360048 0.160542 0.651091 -0.103111 -0.063742 -0.296394 -0.373693 -0.274784 -0.438857 -0.153626 -0.224299 -0.461742 -0.444564 0.596003 1.000000 0.283346 0.259933 0.568119 0.410735 0.071302 -0.098656 0.552904 0.452890 0.510046 0.304706 0.446365 0.502506 0.136408 -0.180302 -0.038263 -0.118108 0.103081 -0.245169 -0.230157 -0.179470 -0.041946 -0.249689 -0.190684 -0.175283 0.486710 0.520979 0.065813 0.115870 -0.234673 -0.089396 0.166721 0.188481 0.309046 0.353557 0.001383 0.004993 -0.240306 -0.531197 -0.108932 -0.311341 0.068379 -0.051833 0.801593 0.599897 0.490427 0.442575 0.561417 0.368032 0.285297 0.526785 0.196217 0.485469 0.127489 0.267117 0.217207 0.433495 0.167157 0.337632 0.167832 0.348099 -0.607614 -0.555053 -0.683064 -0.649601 0.098405 0.369772 0.354759 0.231588 0.178464 -0.069649 0.072951 -0.410788 -0.279847 -0.464500 -0.536502 -0.397062 0.048149 0.063301 0.332472 -0.027520 -0.344851 -0.121806 0.006624 -0.082497 -0.412150 -0.199347
-0.269588 -0.155690 -0.043835 -0.234996 -0.177721 -0.016551 0.262676 -0.123067 -0.401949 -0.115343 -0.189840 0.272198 -0.368574 -0.074606 -0.200758 0.224356 -0.098604 0.061712 -0.108775 0.004522 0.257812 0.109164 -0.124634 -0.121277 -0.135016 0.071121 -0.122270 0.028585 0.241677 0.283346 1.000000 0.820313 0.218759 0.540385 0.183662 0.072615 0.332752 0.287658 0.323878 0.123585 0.270972 0.352812 0.147962 0.168366 0.064185 0.114588 -0.050489 -0.203124 -0.136636 -0.243947 0.007296 -0.141419 -0.387210 -0.108569 0.138624 -0.050223 -0.196460 -0.313535 -0.306691 -0.318548 -0.260241 -0.263920 -0.021006 -0.065867 0.296834 -0.096719 0.035158 0.097079 -0.260213 -0.317657 0.357962 0.215624 0.309537 0.240301 0.134365 0.330941 0.280621 0.196753 -0.038853 0.119377 0.029319 0.113297 0.151270 0.297130 0.347981 0.549807 0.283727 0.283353 0.044756 -0.053804 -0.268994 -0.290549 -0.323671 -0.391165 0.189553 -0.004230 0.204102 0.083635 -0.223941 -0.508131 -0.006226 -0.358523 -0.157973 -0.420461 -0.281816 -0.313563 -0.123297 0.166315 0.050971 -0.064800 0.068819 -0.131956 -0.305222 0.021402 -0.192362 -0.229229
-0.318605 -0.236276 0.125002 -0.088565 -0.131050 -0.010801 0.261369 -0.092395 -0.217744 -0.081933 -0.250655 0.317502 -0.206730 0.040567 0.008556 0.323047 -0.177591 -0.002820 -0.072915 -0.046676 0.207759 0.147166 0.127153 0.090364 0.083277 0.341402 -0.028931 0.146972 0.229752 0.259933 0.820313 1.000000 0.184133 0.670168 0.306988 0.159604 0.194063 0.233210 0.259378 0.087616 0.268380 0.325648 0.106050 0.146025 -0.099416 0.023764 -0.034136 -0.166206 -0.237312 -0.338250 0.014363 -0.209977 -0.324211 -0.102059 0.071476 -0.111751 -0.294045 -0.413184 -0.327564 -0.397381 -0.220079 -0.284558 -0.005218 -0.207270 0.414953 -0.001095 0.096155 0.133111 -0.280378 -0.359520 0.262944 0.282357 0.328664 0.176371 0.114697 0.362944 0.246406 0.217750 -0.149538 -0.122737 -0.144866 -0.160219 0.321527 0.408391 0.327597 0.427567 0.280137 0.173604 0.055463 -0.119322 -0.168540 -0.312278 -0.269073 -0.426650 0.248539 0.040162 0.251537 0.009977 -0.250095 -0.510835 -0.220002 -0.440122 -0.285883 -0.440574 -0.278067 -0.354150 -0.089786 -0.037045 0.057818 -0.066866 0.247804 -0.194255 -0.506441 -0.102941 -0.113393 -0.178163
0.151749 0.221108 -0.085111 -0.335967 -0.235940 -0.274915 0.019126 -0.141451 -0.002309 -0.261702 0.001850 0.152260 0.048247 0.306545 0.042811 0.164963 0.090809 0.322005 -0.110388 -0.010668 -0.224669 -0.366291 -0.140348 -0.271789 0.069619 0.034638 -0.243056 -0.217752 0.308045 0.568119 0.218759 0.184133 1.000000 0.471283 -0.053091 -0.253335 0.280356 0.192368 0.211584 0.022906 0.269986 0.442371 0.022511 -0.239610 -0.068309 -0.284766 0.110397 -0.364701 -0.194502 -0.064703 -0.001278 -0.194430 0.023262 0.075290 0.269009 0.218262 0.213875 0.311455 -0.009583 0.047864 0.213603 0.220737 0.183368 0.347295 0.077646 0.058456 0.054666 -0.456783 0.056509 0.061232 0.269136 -0.135033 0.575458 0.498080 0.408231 0.304659 0.463004 0.231317 0.175763 0.521892 0.141900 0.300506 0.033515 0.098327 0.116330 0.294667 0.095436 0.109542 0.105736 0.197352 -0.405022 -0.404429 -0.517618 -0.347626 0.001406 0.065595 0.180656 0.032638 0.012905 -0.097780 -0.007322 -0.137580 -0.229946 -0.245610 -0.325838 -0.323068 -0.018351 -0.108828 0.102909 -0.111573 -0.277571 -0.033318 -0.084069 -0.004106 -0.257226 -0.251167
-0.183599 -0.000257 -0.329386 -0.471294 -0.186123 -0.142520 -0.022122 -0.234944 -0.089840 -0.125651 0.048703 0.462716 -0.020044 0.183458 0.070140 0.361120 0.084778 0.261224 -0.198071 0.099447 0.051719 -0.020534 -0.332646 -0.419193 0.140565 0.222351 -0.163033 -0.034290 0.383385 0.410735 0.540385 0.670168 0.471283 1.000000 0.205983 0.223542 0.175365 0.289146 0.288236 0.205749 0.161060 0.358217 0.138634 0.164752 -0.118944 0.057369 -0.028719 0.007537 -0.162029 -0.214932 -0.167499 -0.114791 -0.113045 -0.027434 0.131924 -0.033974 -0.170871 -0.118895 -0.406493 -0.349044 0.030688 0.063260 -0.019401 0.043999 0.276525 0.155972 -0.126184 0.077945 -0.203792 -0.047751 0.312798 0.086500 0.440846 0.343030 0.192901 0.389810 0.341881 0.421826 -0.014998 0.161777 0.022328 0.068641 0.094310 0.318255 0.103188 0.301952 -0.019840 0.066053 -0.073577 -0.104006 -0.173170 -0.157406 -0.319245 -0.561330 0.302702 0.125264 0.319987 -0.003345 -0.183857 -0.376237 -0.155914 -0.530998 -0.215930 -0.480315 -0.240197 -0.352006 -0.038926 -0.257500 0.076430 0.148403 0.301292 -0.198758 -0.457353 -0.189247 -0.245546 -0.062990
-0.420267 -0.286401 0.236320 0.102760 -0.028422 -0.028079 -0.113488 0.035988 0.075698 -0.001983 0.054699 0.143515 -0.056248 0.124755 0.250378 0.027846 0.126377 -0.126751 -0.093695 -0.311285 0.084776 0.020258 0.360181 0.154895 0.392477 0.459781 0.177949 0.429320 -0.030763 0.071302 0.183662 0.306988 -0.053091 0.205983 1.000000 0.528672 0.231405 0.316589 0.036077 -0.096785 0.254665 0.033773 0.081480 0.203740 0.028222 0.129961 0.177834 -0.096129 -0.227959 -0.174454 0.398535 0.115705 -0.329414 0.003760 0.107354 0.162418 -0.249339 -0.342030 -0.371935 -0.554907 -0.254892 -0.300192 0.123529 -0.122704 0.429304 0.257360 0.011355 0.155893 -0.252114 -0.334780 0.065418 0.174137 0.199004 0.333429 0.235666 0.547141 0.496751 0.399024 0.028561 -0.310716 -0.104265 -0.103789 0.321929 0.082278 0.210141 0.381973 0.299295 0.094632 -0.023537 -0.059202 -0.362862 -0.293194 -0.046812 -0.259849 0.063405 0.138591 0.095343 0.130850 -0.228343 -0.272017 -0.186132 -0.401250 -0.195388 -0.386478 -0.437800 -0.229300 -0.015520 -0.134535 0.183757 -0.176334 0.228354 -0.144111 -0.245164 -0.236586 -0.013090 -0.126146
-0.359207 -0.225682 -0.032332 -0.019789 0.029337 -0.019700 -0.096690 0.031952 0.127667 0.040910 0.057116 0.071876 -0.188896 -0.022617 0.210406 -0.001347 -0.152758 -0.192961 0.032907 0.016833 0.083725 0.186256 -0.006246 -0.095192 0.119141 0.202601 0.136283 0.297278 -0.247160 -0.098656 0.072615 0.159604 -0.253335 0.223542 0.528672 1.000000 0.113614 0.445855 0.210608 0.245863 0.033168 0.104985 0.025489 0.283342 -0.106075 0.171340 0.139315 0.120767 -0.248129 -0.297873 0.018101 0.214333 -0.198906 -0.012539 0.032171 0.223144 -0.346005 -0.220282 -0.405821 -0.580220 -0.338337 -0.273459 -0.320025 -0.380894 0.182453 0.196201 -0.335558 0.318732 -0.183801 -0.128365 -0.100657 0.210469 -0.068189 0.142286 0.054032 0.424564 0.212284 0.314553 0.080724 -0.191441 -0.207775 -0.111497 0.025620 0.102313 -0.081838 0.121838 -0.065602 -0.127551 -0.037897 0.086036 -0.069387 0.018918 0.212822 -0.200163 0.215884 0.384839 0.263707 0.275856 -0.255775 -0.161319 -0.109417 -0.419482 -0.124563 -0.289326 -0.028895 0.021020 -0.210975 -0.046636 0.248058 0.127193 0.373599 -0.199819 -0.098911 0.010433 -0.009405 0.272296
