1.000000 0.556494 -0.055912 -0.073114 0.111112 -0.030569 0.061628 0.153656 0.160019 0.218557 0.370761 0.162038 0.005966 0.200523 0.220872 0.271188 0.373410 0.218141 0.369434 0.369902 -0.005132 -0.084442 -0.229443 -0.250896 -0.005472 -0.085708 0.120074 -0.087368 0.017606 0.069921 0.108988 0.006839 -0.057158 0.038801 -0.436870 -0.233306 -0.084712 -0.392000 -0.029592 -0.205821 0.041308 -0.003764 -0.075684 -0.127778 0.047366 -0.270373 0.154295 0.122827 -0.031958 0.104685 -0.215722 -0.045644 -0.128727 0.023447 -0.089000 -0.090867 0.709588 0.398273 0.219658 -0.253978 0.444106 0.322632 0.487664 0.400197 -0.187136 -0.430880 -0.364159 -0.459391 -0.029741 -0.068261 -0.011364 -0.214919 0.112676 0.046628 0.135607 -0.000519 0.079879 -0.010121 -0.274097 -0.232255 0.072956 -0.048335 0.184611 0.266258 0.315958 -0.049662 -0.020271 -0.113849 -0.089311 -0.001961 -0.151014 -0.165120 -0.158333 -0.074964 -0.188354 -0.117163 -0.276550 -0.179914 -0.146682 0.111210 -0.011748 -0.180899 -0.073330 -0.024125 -0.197148 -0.208435 -0.253879 -0.003893 -0.011464 -0.183907 -0.319100 -0.089624 -0.054386 -0.069261 -0.223911 -0.325202
0.556494 1.000000 0.028354 0.112816 -0.141417 -0.201072 0.101451 0.113093 -0.147878 0.003065 0.038579 0.329384 0.064010 0.262242 0.036357 0.225334 0.224519 0.271260 0.329868 0.327847 -0.113643 -0.134222 0.085886 -0.001819 0.017466 -0.145239 -0.016700 -0.140506 0.097734 0.322787 0.190913 0.086828 0.129658 0.086389 -0.384057 0.103013 0.173388 -0.031785 0.058971 -0.080149 0.183101 -0.060720 -0.048578 -0.041582 0.011509 -0.200086 0.255333 0.037088 -0.037343 -0.034741 -0.126204 -0.058526 -0.076939 0.133559 -0.039744 0.065937 0.398452 0.554970 -0.151682 -0.215305 0.008172 0.054651 0.054518 0.273972 -0.236486 -0.318340 -0.424710 -0.350022 0.146738 0.012632 -0.215350 -0.136277 0.272327 0.057156 0.122417 0.097615 0.021701 -0.035622 0.110859 0.008079 0.104250 0.122297 0.126144 0.090168 0.015189 -0.068951 -0.209157 -0.072542 -0.188360 -0.106658 -0.388990 -0.342689 -0.142989 -0.094529 -0.149287 0.012449 -0.191830 -0.113657 -0.150499 -0.137337 -0.084113 -0.316701 -0.188646 -0.148410 -0.203755 -0.178787 -0.163685 -0.059530 0.031853 -0.153832 -0.243172 -0.104083 -0.112983 -0.022990 -0.128944 -0.168027
-0.055912 0.028354 1.000000 0.496660 -0.229642 0.018655 0.609534 0.093397 -0.329143 -0.033942 -0.300906 -0.117450 0.277706 -0.315861 0.222921 -0.124036 -0.437223 -0.325246 -0.168944 -0.136620 -0.135387 -0.150123 0.495512 0.225565 -0.012895 -0.062052 -0.077488 0.049167 -0.264722 -0.265570 -0.130632 -0.163059 -0.161269 -0.280633 0.083352 0.006344 -0.194053 -0.009968 0.212186 0.136687 -0.104571 -0.237301 0.164042 0.086528 -0.091742 -0.025268 0.028106 0.004654 0.168874 0.090898 0.186616 0.164254 0.248594 0.282477 0.282565 0.325617 -0.437984 -0.497913 -0.265496 0.020182 -0.477276 -0.470061 -0.494566 -0.511793 -0.177860 0.195562 -0.053134 0.027953 -0.166523 -0.022869 -0.095217 -0.093131 -0.247627 -0.180446 -0.249008 -0.150448 -0.275390 -0.340446 -0.262893 -0.250090 -0.514961 -0.347127 -0.102416 -0.617161 -0.358266 -0.215826 0.055086 0.090367 0.140874 0.115692 -0.077647 0.178779 0.327082 0.331645 -0.065815 0.135241 -0.054065 0.007658 0.034857 -0.012923 0.165497 0.051391 0.169294 0.172138 0.019571 0.022487 -0.312204 -0.051641 0.127758 -0.074194 0.011440 -0.098894 0.187337 0.175479 0.023299 -0.063826
-0.073114 0.112816 0.496660 1.000000 -0.402765 -0.438304 0.644869 0.169093 -0.486346 -0.249128 -0.084873 0.146485 0.588676 -0.106751 0.299210 0.324951 -0.329855 -0.253324 -0.492428 -0.607811 -0.343824 -0.418778 0.693091 0.449133 -0.335139 -0.449002 -0.456584 -0.378150 0.068000 0.015859 -0.221769 -0.261025 -0.146902 -0.372835 -0.150751 -0.094354 0.318088 -0.123127 0.245799 0.071477 0.431432 0.114177 0.138334 0.157985 -0.180075 -0.205462 0.013755 -0.034077 0.161408 -0.036571 0.547304 0.205199 0.404221 0.520583 0.391684 0.548256 -0.303788 -0.493361 -0.393848 -0.097845 -0.330283 -0.187667 -0.285428 -0.232961 0.077493 0.262122 -0.311834 -0.255940 -0.352751 -0.324291 -0.041570 -0.418489 0.074294 0.043377 0.065901 -0.033466 0.034056 -0.221717 -0.350594 -0.134329 -0.564050 -0.469908 0.142993 -0.178053 0.074523 -0.075292 -0.020439 0.126858 0.272647 0.309267 -0.150108 0.110116 0.291445 0.038873 -0.357662 0.106369 -0.230964 -0.020574 0.265581 0.130788 0.051367 -0.089084 0.083261 0.067502 -0.008841 -0.079337 -0.133361 -0.252580 0.233428 -0.411491 -0.285306 -0.001879 0.148559 0.115496 0.021533 -0.044923
0.111112 -0.141417 -0.229642 -0.402765 1.000000 0.672611 -0.156505 0.457731 0.481009 0.441784 0.155998 -0.153675 -0.542765 0.236290 -0.248508 0.151216 0.189453 -0.023495 0.285278 0.315641 0.779751 0.730801 -0.510317 -0.351988 0.595636 0.677854 0.714022 0.532537 0.111156 0.030664 0.420374 0.513198 -0.003301 0.303898 -0.065466 -0.192151 -0.317184 -0.222218 -0.307949 -0.107208 -0.001342 -0.129513 -0.273537 -0.263296 0.168059 0.104131 -0.333707 -0.363194 -0.129836 -0.058123 -0.296933 -0.277991 -0.395982 -0.606196 -0.394809 -0.655741 0.172061 0.006497 0.419949 0.066816 0.362554 0.179550 0.355980 0.002647 -0.022489 -0.151115 0.179542 0.062419 0.381950 0.363553 0.341899 0.661494 0.003330 0.274273 0.113556 0.217417 -0.008125 0.121965 -0.026321 0.041066 0.250944 0.038847 -0.071878 0.207088 0.088099 0.068970 -0.067454 -0.326129 0.089128 -0.096436 0.044078 -0.081161 -0.190509 -0.198352 -0.255110 -0.396261 -0.058517 -0.372535 -0.428227 -0.272625 -0.092007 0.210537 -0.194649 -0.192087 -0.231801 -0.248000 0.220531 -0.011628 -0.455765 0.010603 -0.080171 -0.212854 -0.267748 -0.398352 -0.363618 -0.292340
-0.030569 -0.201072 0.018655 -0.438304 0.672611 1.000000 -0.281206 0.446559 0.315951 0.601219 -0.208094 -0.101381 -0.794786 0.193139 -0.404317 -0.013711 -0.032072 -0.039543 0.260936 0.175672 0.707460 0.784352 -0.460535 -0.463954 0.802247 0.847412 0.909062 0.872720 -0.289385 0.108372 0.560486 0.521828 0.170181 0.358247 -0.078026 -0.270182 -0.380623 -0.111067 -0.200958 0.061809 -0.259169 -0.212505 -0.164196 -0.255510 0.158541 0.167763 -0.144075 -0.436328 -0.079234 0.004192 -0.348545 -0.024689 -0.414867 -0.470717 -0.286942 -0.572122 0.098384 -0.109163 0.193249 -0.055562 0.180529 0.130326 0.120373 -0.044109 0.128436 0.177633 0.164477 0.064356 0.317705 0.107410 0.176902 0.701502 0.067437 0.188067 0.076464 0.240836 -0.030951 -0.051224 0.016990 0.161541 0.156017 0.015290 -0.443530 -0.156789 -0.094409 0.332971 0.339092 0.171401 -0.226103 -0.283982 -0.133296 -0.161721 -0.170233 -0.128479 -0.050171 -0.078649 -0.047313 -0.058041 -0.445006 -0.226087 -0.053305 0.081247 -0.197601 -0.141146 -0.228142 -0.038215 -0.013989 0.014991 -0.160666 -0.000413 0.117791 -0.112158 -0.207882 -0.094377 -0.047690 -0.104914
0.061628 0.101451 0.609534 0.644869 -0.156505 -0.281206 1.000000 0.133685 -0.117239 0.051889 0.115854 0.143827 0.581302 -0.077488 0.379501 0.264457 -0.156481 -0.052761 -0.208122 -0.196641 -0.256382 -0.355048 0.523396 0.300231 -0.288184 -0.401192 -0.302140 -0.346793 0.134930 -0.129918 -0.249168 -0.320783 -0.383353 -0.427947 -0.183376 -0.157839 -0.023617 -0.275114 0.080949 -0.066860 0.152508 -0.231385 0.036707 -0.050027 -0.214211 -0.362122 -0.123890 -0.178244 0.077496 -0.063293 0.317675 -0.034698 0.369203 0.393453 0.235133 0.356591 -0.368118 -0.359778 -0.217553 -0.072997 -0.170847 0.002802 -0.304902 -0.263605 0.038732 -0.001213 -0.362129 -0.415723 -0.312553 -0.178832 -0.025252 -0.417084 -0.186666 -0.099749 -0.133646 -0.178725 -0.178766 -0.331364 -0.429815 -0.269576 -0.487814 -0.475831 0.166569 -0.086578 0.005400 -0.274132 -0.177302 -0.165240 0.405596 0.252642 -0.033800 0.204625 0.457256 0.345416 -0.305125 0.046254 -0.386316 -0.080161 0.133081 0.078229 0.360166 0.172083 0.260155 0.185820 0.091352 0.053131 -0.220856 -0.046455 0.066319 -0.238302 -0.299092 0.062643 0.268718 0.182256 0.068044 0.001574
0.153656 0.113093 0.093397 0.169093 0.457731 0.446559 0.133685 1.000000 0.138999 0.279714 0.016823 0.337665 -0.412490 0.556642 -0.325044 0.282938 0.137815 0.056901 0.131886 -0.120753 0.566903 0.490372 -0.116584 -0.132109 0.502356 0.470240 0.528841 0.441042 -0.010024 0.399965 0.576538 0.564066 0.081688 0.344672 -0.342879 -0.324965 -0.148694 -0.378061 -0.233601 -0.141426 0.142326 -0.121964 -0.231328 -0.193146 0.117782 0.022291 -0.204175 -0.503084 -0.089227 0.027998 -0.132969 0.112272 -0.320343 -0.347344 -0.215948 -0.431080 0.114995 -0.068169 0.020692 -0.045999 0.188441 0.188271 0.158692 0.132370 0.213029 0.257846 -0.099350 -0.210642 0.088236 -0.095217 0.183729 0.443839 0.317934 0.466357 0.327823 0.358320 0.213673 0.011958 -0.119761 0.183683 -0.014310 -0.135062 -0.003865 0.078087 0.096664 0.336180 0.113379 -0.078952 -0.005472 -0.130659 -0.316928 -0.255149 -0.168774 -0.331052 -0.495093 -0.182149 -0.344692 -0.233062 -0.492399 -0.276217 -0.138015 -0.113011 -0.348531 -0.293409 -0.338234 -0.301207 0.098769 -0.270000 -0.116807 -0.394824 -0.308067 -0.243676 -0.296495 -0.264022 -0.228058 -0.278589
0.160019 -0.147878 -0.329143 -0.486346 0.481009 0.315951 -0.117239 0.138999 1.000000 0.414202 0.309356 -0.007027 -0.332833 0.143499 0.069255 0.138990 0.341374 0.295854 0.360660 0.321318 0.339896 0.178996 -0.373046 -0.300995 0.184875 0.166193 0.294135 0.152164 0.200748 -0.013017 0.157504 0.161719 0.069736 0.284053 -0.017626 -0.300989 -0.360228 -0.243813 -0.436107 -0.294209 -0.319862 -0.289879 -0.100363 -0.175038 0.252606 -0.100216 -0.103178 -0.015017 0.069653 0.147861 -0.142490 -0.002475 -0.230237 -0.286818 -0.443933 -0.473886 0.247538 0.310339 0.440310 0.033694 0.547805 0.436845 0.356261 0.339298 0.280182 -0.162679 0.130169 -0.151638 0.078586 0.151985 0.144174 0.206139 -0.111429 0.049106 0.023002 0.131185 0.094877 0.158948 -0.138887 -0.028335 0.281003 0.113556 0.130322 0.265583 0.160763 -0.012484 -0.041788 -0.331033 -0.131360 -0.298121 0.131356 -0.001956 -0.130416 0.026757 -0.108998 -0.329086 -0.245051 -0.209517 -0.204120 -0.044161 0.150842 0.232192 -0.122592 -0.110304 -0.141208 -0.102675 0.126224 0.107707 -0.358573 0.092798 -0.043591 -0.045371 -0.083123 -0.201982 -0.130311 -0.119364
0.218557 0.003065 -0.033942 -0.249128 0.441784 0.601219 0.051889 0.279714 0.414202 1.000000 0.003350 0.033555 -0.336189 0.270772 0.026129 0.389409 0.084245 0.140513 0.238428 0.127364 0.397434 0.367713 -0.311779 -0.490947 0.374283 0.402130 0.517280 0.381874 -0.032417 0.041988 0.300542 0.204380 -0.033284 0.104493 -0.335036 -0.337155 -0.174248 -0.330913 -0.200174 -0.165376 -0.181394 -0.317250 -0.004349 -0.195335 0.088397 -0.276663 0.022927 -0.266729 0.042457 -0.037975 -0.212745 -0.127231 -0.083801 -0.169571 -0.290665 -0.349599 0.216214 0.012021 0.193532 -0.238033 0.402156 0.593839 0.145245 0.076795 0.115215 -0.086149 -0.225688 -0.432852 0.256045 -0.032596 0.310128 0.283306 0.013333 0.152944 0.118687 0.176521 0.077469 -0.036364 -0.303383 -0.068633 0.081489 -0.196732 -0.402616 0.177841 -0.052352 -0.000929 0.093342 -0.052826 -0.182782 -0.227363 -0.050771 -0.010000 0.074628 0.094268 -0.179761 -0.091704 -0.348016 -0.061144 -0.079350 0.099380 0.139395 0.212715 0.021326 -0.062995 -0.125125 -0.088650 -0.136562 -0.050668 -0.165070 -0.179207 -0.174937 0.124909 0.003681 0.042747 0.008487 -0.065479
0.370761 0.038579 -0.300906 -0.084873 0.155998 -0.208094 0.115854 0.016823 0.309356 0.003350 1.000000 0.349282 0.279615 0.206604 0.390858 0.154391 0.545841 0.361027 0.184979 0.222716 -0.042597 -0.114054 -0.056401 0.191880 -0.178191 -0.170205 -0.083981 -0.198917 0.513230 0.091442 0.010533 0.063056 -0.174992 0.049468 -0.067650 0.009616 0.061974 -0.349259 -0.008454 -0.238490 0.117510 0.066657 -0.337940 -0.194606 -0.115212 -0.351652 -0.482446 -0.159674 -0.268148 -0.199704 -0.058965 -0.361581 -0.255394 -0.241313 -0.168272 -0.210348 0.291819 0.271536 0.068170 -0.253210 0.465859 0.251526 0.547001 0.300986 0.179545 -0.367551 -0.204797 -0.287274 -0.203342 -0.027138 0.066365 -0.143502 0.116394 0.072497 0.180750 0.048500 0.129213 0.093742 -0.072914 -0.084442 0.090056 -0.099663 0.566774 0.439092 0.494936 -0.017975 -0.122979 -0.268073 0.217212 0.034682 0.024523 0.011182 -0.132951 -0.119382 0.014977 -0.027517 -0.267494 -0.135347 -0.233732 0.001589 -0.064231 0.031091 -0.164071 -0.119494 -0.025585 -0.067113 -0.055805 0.038888 0.002370 -0.048506 -0.217980 0.056516 -0.074370 -0.118654 0.022037 0.044687
0.162038 0.329384 -0.117450 0.146485 -0.153675 -0.101381 0.143827 0.337665 -0.007027 0.033555 0.349282 1.000000 0.072585 0.611093 0.146868 0.294741 0.434361 0.542951 -0.043300 -0.226608 -0.002422 -0.155072 0.131191 -0.013007 0.019437 -0.080481 0.032988 0.050661 0.254551 0.680140 0.374833 0.246719 0.230790 0.258295 -0.401185 -0.235787 0.246060 -0.227037 -0.090369 -0.230521 0.159731 0.161092 -0.033179 -0.063815 0.152087 -0.145058 -0.056440 -0.334460 0.160888 0.095826 0.227138 0.213514 -0.130180 0.038805 -0.173109 -0.137978 0.194661 0.182907 -0.106954 -0.122316 0.287712 0.391110 0.257074 0.459051 0.374904 0.134543 -0.294607 -0.353668 -0.186179 -0.465644 0.030870 -0.161896 0.406757 0.460244 0.416767 0.401234 0.380067 0.144090 0.019874 0.221619 0.105839 0.072855 0.112251 0.269402 0.335590 0.404624 0.020482 0.049221 -0.189877 -0.252563 -0.528786 -0.402136 -0.287283 -0.308294 -0.283244 -0.080112 -0.462023 -0.166647 -0.262251 -0.286802 -0.180059 -0.210020 -0.358833 -0.368611 -0.335870 -0.295545 -0.259580 -0.342122 -0.036432 -0.418869 -0.437888 -0.222676 -0.266246 -0.144724 -0.014605 -0.160946
0.005966 0.064010 0.277706 0.588676 -0.542765 -0.794786 0.581302 -0.412490 -0.332833 -0.336189 0.279615 0.072585 1.000000 -0.370148 0.556190 0.033849 -0.107768 -0.073697 -0.432438 -0.261288 -0.668988 -0.718848 0.582932 0.503598 -0.720812 -0.735368 -0.776279 -0.724211 0.243898 -0.316526 -0.598679 -0.570846 -0.333393 -0.540484 0.073888 0.179595 0.238427 -0.048761 0.290604 0.018607 0.251810 0.095642 0.095226 0.135185 -0.228384 -0.286337 -0.063460 0.243723 0.149510 -0.061336 0.478375 -0.055505 0.533117 0.503788 0.374286 0.615425 -0.289466 -0.244784 -0.333853 -0.072725 -0.282637 -0.152762 -0.227220 -0.245630 -0.162293 -0.249345 -0.216188 -0.129193 -0.350118 -0.096391 -0.102008 -0.721630 -0.230622 -0.264649 -0.186027 -0.331926 -0.168789 -0.172483 -0.220762 -0.348739 -0.456121 -0.371723 0.310980 -0.024702 0.037376 -0.494463 -0.253420 -0.169008 0.324880 0.353772 0.206288 0.400630 0.389316 0.362511 0.003760 0.155730 -0.059639 0.044508 0.521986 0.317812 0.237870 0.175430 0.380370 0.305984 0.311589 0.105715 -0.115222 -0.005841 0.227287 -0.032311 -0.184698 0.181650 0.347870 0.156443 0.134058 0.085370
0.200523 0.262242 -0.315861 -0.106751 0.236290 0.193139 -0.077488 0.556642 0.143499 0.270772 0.206604 0.611093 -0.370148 1.000000 -0.088467 0.528148 0.582051 0.559983 0.225689 -0.156970 0.353959 0.249160 -0.227730 -0.364506 0.307373 0.219272 0.304467 0.222416 0.295862 0.782194 0.586228 0.448286 0.340168 0.454609 -0.572354 -0.244665 0.287603 -0.230799 -0.201443 -0.350990 0.184404 0.008485 0.115740 0.084991 0.152899 -0.096014 0.022131 -0.363017 -0.052359 0.024409 -0.137056 0.121223 -0.353680 -0.212143 -0.330765 -0.435004 0.427569 0.367219 0.149531 -0.123819 0.530933 0.486559 0.454929 0.580793 0.342322 0.216842 -0.263922 -0.404277 0.161173 -0.343905 0.097887 0.210257 0.630568 0.646381 0.615238 0.612880 0.503366 0.168281 0.048827 0.447287 0.414948 0.239887 -0.101006 0.463957 0.300317 0.471925 -0.096819 0.014666 -0.208333 -0.321613 -0.574577 -0.641880 -0.414973 -0.576598 -0.356889 -0.163904 -0.457862 -0.162299 -0.526783 -0.335147 -0.403455 -0.361909 -0.590548 -0.574947 -0.481644 -0.365739 -0.085981 -0.318892 -0.166581 -0.481065 -0.440951 -0.176477 -0.458672 -0.182274 -0.147142 -0.076912
0.220872 0.036357 0.222921 0.299210 -0.248508 -0.404317 0.379501 -0.325044 0.069255 0.026129 0.390858 0.146868 0.556190 -0.088467 1.000000 0.340733 0.067051 0.213365 -0.169725 -0.159373 -0.338641 -0.431091 0.345095 0.189553 -0.435763 -0.496428 -0.458109 -0.361823 0.347974 -0.033402 -0.334902 -0.370808 -0.086486 -0.281761 -0.010050 0.025673 0.166686 -0.089932 0.199983 0.000606 0.134489 0.081239 0.288498 0.254203 -0.086244 -0.395008 0.062387 0.267033 0.150296 0.086896 0.238451 0.034940 0.216904 0.306390 0.129074 0.286197 -0.035757 -0.124646 -0.002686 -0.143535 0.121388 0.101217 0.098308 0.058916 0.019619 -0.162555 -0.248960 -0.326255 -0.218521 -0.110038 -0.030966 -0.435343 0.005389 -0.012294 0.069908 -0.014716 0.039339 0.044098 -0.273418 -0.183823 -0.238764 -0.148895 0.365196 0.160728 0.226996 -0.188231 -0.178223 -0.019195 0.159882 0.097761 0.022772 0.074346 0.078483 0.131812 -0.030602 -0.045074 -0.210931 -0.103851 0.165692 0.181497 -0.070689 -0.066522 0.004723 -0.055853 -0.110865 -0.125677 -0.362571 -0.194175 -0.042262 -0.124959 -0.210921 -0.048803 0.083794 -0.008513 -0.036698 -0.068096
0.271188 0.225334 -0.124036 0.324951 0.151216 -0.013711 0.264457 0.282938 0.138990 0.389409 0.154391 0.294741 0.033849 0.528148 0.340733 1.000000 0.182971 0.291575 -0.055022 -0.368273 0.007770 -0.076171 0.037833 -0.267250 -0.034947 -0.183547 -0.005974 -0.178566 0.292497 0.423326 0.032231 -0.111292 -0.042546 -0.161146 -0.618717 -0.334899 0.378129 -0.120972 0.143469 -0.000693 0.535954 0.005559 0.112549 0.046408 -0.158948 -0.524614 0.121461 -0.136138 0.016252 -0.112338 0.021600 0.034588 -0.065597 0.217895 0.130456 0.132403 0.271670 0.021539 0.071829 -0.318349 0.421374 0.486202 0.231591 0.270020 0.205133 -0.034632 -0.545536 -0.697987 0.003539 -0.168934 -0.010681 -0.167979 0.360683 0.350398 0.379438 0.288602 0.198002 -0.030347 -0.407928 0.065677 -0.148674 -0.279072 0.030816 0.384956 0.240668 0.070799 -0.053976 0.062716 0.193306 0.154762 -0.239543 -0.219337 0.075540 -0.142635 -0.389476 0.003708 -0.363588 -0.075020 -0.027665 0.152656 -0.117667 -0.223589 -0.159177 -0.140219 -0.210188 -0.194635 -0.105392 -0.119906 0.024213 -0.427274 -0.415887 0.056035 -0.050605 0.056924 -0.065479 -0.059893
0.373410 0.224519 -0.437223 -0.329855 0.189453 -0.032072 -0.156481 0.137815 0.341374 0.084245 0.545841 0.434361 -0.107768 0.582051 0.067051 0.182971 1.000000 0.740814 0.455580 0.237843 0.244385 0.069164 -0.245791 -0.263118 0.154182 0.083926 0.119285 0.029787 0.559131 0.548798 0.462804 0.412335 0.403195 0.506287 -0.280495 -0.135008 0.212564 -0.344781 -0.293629 -0.486123 -0.008446 0.130885 0.113533 0.135397 0.197125 -0.106930 -0.097377 -0.101199 -0.090898 0.005708 -0.101458 -0.039712 -0.369701 -0.299967 -0.496633 -0.517897 0.621096 0.580867 0.229775 -0.211285 0.628125 0.437758 0.700935 0.718042 0.274942 -0.065331 -0.177085 -0.268122 0.108305 -0.252113 0.200483 0.062555 0.513376 0.444083 0.520975 0.432707 0.508982 0.351759 0.200420 0.431554 0.626514 0.439044 0.191819 0.512283 0.424652 0.220040 -0.130146 -0.140327 -0.273879 -0.409680 -0.447842 -0.546129 -0.587503 -0.548266 -0.165012 -0.271567 -0.366504 -0.167039 -0.437328 -0.278628 -0.317313 -0.167128 -0.533990 -0.489832 -0.421622 -0.399098 -0.149789 -0.215290 -0.126977 -0.367595 -0.347542 -0.142493 -0.412504 -0.247339 -0.153360 -0.132438
0.218141 0.271260 -0.325246 -0.253324 -0.023495 -0.039543 -0.052761 0.056901 0.295854 0.140513 0.361027 0.542951 -0.073697 0.559983 0.213365 0.291575 0.740814 1.000000 0.290888 0.080404 0.015677 -0.096866 -0.058252 -0.186598 0.124156 -0.030139 0.072690 0.018067 0.479689 0.623932 0.344549 0.224660 0.361311 0.326096 -0.342754 -0.058831 0.191797 -0.214548 -0.062284 -0.166408 0.068365 0.029990 0.167303 0.059513 0.135578 -0.273936 0.113507 -0.157706 -0.056985 0.021731 -0.155222 0.131811 -0.365164 -0.066517 -0.214211 -0.238029 0.431678 0.476989 -0.042462 -0.382550 0.461721 0.406658 0.401800 0.620958 0.437171 0.002757 -0.358483 -0.409471 0.076972 -0.286863 -0.169442 -0.093785 0.450800 0.288979 0.364212 0.277321 0.324938 0.120267 0.340238 0.490831 0.422016 0.377486 0.178830 0.452166 0.315875 0.237066 -0.048393 0.083340 -0.179364 -0.312954 -0.456477 -0.497883 -0.373525 -0.343269 -0.048535 -0.021856 -0.340382 -0.010218 -0.272322 -0.228643 -0.204493 -0.266598 -0.413087 -0.387532 -0.307394 -0.183132 -0.250907 -0.191621 -0.004697 -0.242440 -0.273503 -0.177841 -0.207513 -0.000908 0.078477 0.002587
0.369434 0.329868 -0.168944 -0.492428 0.285278 0.260936 -0.208122 0.131886 0.360660 0.238428 0.184979 -0.043300 -0.432438 0.225689 -0.169725 -0.055022 0.455580 0.290888 1.000000 0.700891 0.368964 0.314527 -0.355907 -0.307812 0.400966 0.380975 0.294963 0.208361 0.290392 0.253682 0.473079 0.482839 0.307251 0.534620 -0.127514 0.168063 -0.119374 -0.075957 -0.261703 -0.179270 -0.193695 -0.022685 -0.087665 -0.033448 0.118916 -0.037765 -0.067729 -0.099691 -0.449510 -0.171122 -0.488257 -0.347090 -0.466539 -0.430886 -0.474448 -0.565733 0.391795 0.539144 0.231700 -0.249752 0.435843 0.225913 0.380595 0.457897 0.093100 -0.067100 -0.103873 -0.118594 0.370041 0.116501 0.118863 0.352487 0.295285 0.193609 0.281627 0.300125 0.232882 0.350052 0.266758 0.211853 0.546747 0.475085 0.108677 0.230394 0.081461 0.141046 -0.039414 -0.068741 -0.254769 -0.347262 -0.305691 -0.400140 -0.403970 -0.309186 0.009914 -0.253785 -0.185458 -0.151015 -0.598839 -0.346271 -0.239183 -0.328461 -0.379785 -0.349490 -0.395178 -0.285034 -0.110232 -0.023728 -0.197966 -0.060852 0.016092 -0.121440 -0.308391 -0.047356 -0.157978 -0.116975
0.369902 0.327847 -0.136620 -0.607811 0.315641 0.175672 -0.196641 -0.120753 0.321318 0.127364 0.222716 -0.226608 -0.261288 -0.156970 -0.159373 -0.368273 0.237843 0.080404 0.700891 1.000000 0.190037 0.266218 -0.360163 -0.085314 0.189684 0.255287 0.256323 0.130155 0.064637 -0.163610 0.163100 0.232494 -0.018821 0.272088 0.146616 0.225924 -0.362832 -0.052839 -0.212350 -0.079256 -0.337714 -0.146131 -0.314233 -0.281400 0.024674 0.039540 -0.103236 0.067389 -0.314301 -0.094811 -0.513357 -0.455757 -0.279459 -0.390698 -0.369971 -0.421782 0.269042 0.537507 0.267320 -0.010720 0.147943 -0.011204 0.150060 0.116757 -0.336603 -0.507426 0.102388 0.113444 0.319078 0.430320 0.052124 0.294450 -0.124879 -0.232459 -0.203299 -0.156277 -0.156056 0.147486 0.270192 -0.124617 0.395932 0.340030 0.178272 0.113508 -0.197940 -0.244487 -0.148106 -0.319918 -0.117348 -0.226050 0.129527 -0.000485 -0.113731 0.107623 0.194093 -0.155311 0.110303 -0.138692 -0.282570 -0.140771 0.051848 0.053925 -0.010496 0.004606 -0.036060 -0.021661 -0.023024 0.212440 -0.245071 0.378161 0.205177 -0.036196 -0.101831 -0.075716 -0.172235 -0.142594
-0.005132 -0.113643 -0.135387 -0.343824 0.779751 0.707460 -0.256382 0.566903 0.339896 0.397434 -0.042597 -0.002422 -0.668988 0.353959 -0.338641 0.007770 0.244385 0.015677 0.368964 0.190037 1.000000 0.839314 -0.448333 -0.318563 0.760905 0.826210 0.729923 0.698806 0.083914 0.254458 0.710898 0.795008 0.317987 0.644374 -0.047055 -0.117051 -0.217690 -0.250850 -0.485006 -0.277996 -0.135900 -0.027691 -0.028080 0.011238 0.304191 0.335613 -0.206975 -0.380204 -0.060781 -0.009195 -0.208677 -0.081822 -0.350310 -0.597716 -0.576056 -0.783262 0.166621 -0.006165 0.387204 0.169545 0.340080 0.202491 0.380283 0.161349 0.158012 0.281199 0.272904 0.174241 0.424545 0.120098 0.522222 0.793871 0.235306 0.513080 0.357871 0.556551 0.331413 0.291693 0.093262 0.233673 0.425814 0.257716 -0.228914 0.140749 0.079679 0.344941 -0.021960 -0.195224 -0.280545 -0.334589 -0.245907 -0.372902 -0.510563 -0.466272 -0.348080 -0.471283 -0.206699 -0.365144 -0.561874 -0.469074 -0.311041 -0.014820 -0.487077 -0.492149 -0.526967 -0.490727 0.046808 -0.363664 -0.416562 -0.217128 -0.139872 -0.340418 -0.496637 -0.499356 -0.377707 -0.344168
-0.084442 -0.134222 -0.150123 -0.418778 0.730801 0.784352 -0.355048 0.490372 0.178996 0.367713 -0.114054 -0.155072 -0.718848 0.249160 -0.431091 -0.076171 0.069164 -0.096866 0.314527 0.266218 0.839314 1.000000 -0.510094 -0.287556 0.766812 0.838839 0.790465 0.789603 -0.001211 0.188866 0.609468 0.656681 0.220537 0.474018 -0.032273 -0.015438 -0.244831 -0.046971 -0.242192 0.073193 -0.055210 0.065750 -0.209672 -0.183765 0.070267 0.235438 -0.239351 -0.429216 -0.257019 -0.174825 -0.416891 -0.225576 -0.440473 -0.586048 -0.324765 -0.629558 0.082297 0.000033 0.218670 0.095165 0.146610 0.012276 0.215621 -0.009053 0.006835 0.127840 0.245510 0.193812 0.446626 0.226037 0.355598 0.824488 0.253806 0.338753 0.189478 0.304307 0.034983 0.149669 0.204434 0.152079 0.287581 0.151252 -0.260585 0.020337 -0.107246 0.329475 0.123436 -0.019445 -0.162750 -0.176934 -0.155069 -0.264295 -0.334936 -0.318573 -0.102154 -0.213782 0.014746 -0.171637 -0.555194 -0.396340 -0.274250 0.002449 -0.338467 -0.282437 -0.317622 -0.171297 0.160726 -0.122624 -0.252722 0.017898 0.073983 -0.208393 -0.444671 -0.315102 -0.228348 -0.157536
-0.229443 0.085886 0.495512 0.693091 -0.510317 -0.460535 0.523396 -0.116584 -0.373046 -0.311779 -0.056401 0.131191 0.582932 -0.227730 0.345095 0.037833 -0.245791 -0.058252 -0.355907 -0.360163 -0.448333 -0.510094 1.000000 0.630704 -0.304295 -0.431655 -0.481208 -0.361787 0.048912 -0.009984 -0.229951 -0.241404 0.067010 -0.224146 0.157651 0.071423 0.215020 -0.084827 0.183773 0.043123 0.189433 0.004005 0.219177 0.175221 -0.017101 -0.183368 0.026540 0.042814 0.181063 0.066225 0.576163 0.260187 0.366139 0.539986 0.219908 0.458013 -0.391211 -0.365987 -0.517815 -0.188421 -0.376863 -0.305107 -0.302855 -0.112482 0.158314 0.240468 -0.260697 -0.126727 -0.300678 -0.258400 -0.109708 -0.377868 0.017431 -0.029312 0.041215 0.060947 0.111679 -0.125622 -0.134337 -0.098540 -0.434951 -0.216703 0.119735 -0.354067 -0.025646 -0.134431 0.102067 0.203891 0.143921 0.013073 -0.192777 0.033460 0.170499 0.115427 -0.204312 0.150410 -0.259414 0.097024 0.223162 0.080252 0.069254 -0.087020 0.082495 0.021341 -0.035212 -0.097798 -0.290106 -0.260168 0.184156 -0.264511 -0.133769 -0.045443 0.243444 0.198685 0.145629 0.038007
-0.250896 -0.001819 0.225565 0.449133 -0.351988 -0.463954 0.300231 -0.132109 -0.300995 -0.490947 0.191880 -0.013007 0.503598 -0.364506 0.189553 -0.267250 -0.263118 -0.186598 -0.307812 -0.085314 -0.318563 -0.287556 0.630704 1.000000 -0.309897 -0.369229 -0.460121 -0.353481 0.063923 -0.184915 -0.298337 -0.136148 -0.222471 -0.219391 0.396919 0.410945 0.064439 0.006518 0.185525 0.155908 0.192336 0.106919 -0.247587 -0.173490 -0.271390 -0.117149 -0.273554 -0.042142 -0.153943 -0.266965 0.182051 -0.137602 0.248139 0.238995 0.269436 0.344530 -0.471083 -0.264990 -0.430886 0.045601 -0.444111 -0.412933 -0.286791 -0.235924 -0.010272 0.026018 -0.024450 0.139850 -0.406758 -0.054645 -0.162095 -0.201906 -0.079700 -0.246156 -0.143548 -0.212595 -0.160286 -0.132450 0.151477 -0.216540 -0.307283 -0.163286 0.443685 -0.055454 -0.024177 -0.225517 -0.083438 -0.042157 0.250101 0.197359 0.219846 0.263199 0.176777 0.183261 0.053873 0.197721 0.052935 0.049332 0.198867 0.052802 0.120152 0.028620 0.194261 0.186850 0.230572 0.157941 0.103755 -0.071987 0.215528 0.164454 0.094121 -0.023153 0.116606 0.081772 0.203734 0.203830
-0.005472 0.017466 -0.012895 -0.335139 0.595636 0.802247 -0.288184 0.502356 0.184875 0.374283 -0.178191 0.019437 -0.720812 0.307373 -0.435763 -0.034947 0.154182 0.124156 0.400966 0.189684 0.760905 0.766812 -0.304295 -0.309897 1.000000 0.892804 0.818528 0.785372 -0.011943 0.353768 0.774747 0.776055 0.369139 0.577625 -0.057681 -0.043731 -0.158516 -0.129135 -0.245661 -0.055743 -0.065829 0.001670 -0.084308 -0.172187 0.286083 0.289864 -0.109398 -0.546672 -0.156045 -0.078053 -0.303248 -0.031483 -0.426952 -0.476630 -0.351082 -0.616948 0.168325 0.009503 0.104623 -0.071890 0.112434 -0.016315 0.221625 0.109576 0.151118 0.237359 0.127171 0.107383 0.429483 0.045067 0.284813 0.706876 0.344335 0.420982 0.333585 0.452230 0.187566 0.104126 0.251733 0.311791 0.293437 0.187302 -0.397320 -0.131492 -0.085510 0.324125 0.214953 0.130774 -0.336944 -0.387457 -0.394533 -0.408446 -0.460106 -0.425005 -0.173861 -0.179941 -0.183223 -0.149990 -0.576012 -0.460725 -0.256934 -0.162652 -0.459274 -0.418919 -0.462319 -0.313199 -0.101407 -0.191786 -0.179224 -0.186568 -0.056537 -0.302329 -0.375281 -0.209087 -0.168221 -0.223542
-0.085708 -0.145239 -0.062052 -0.449002 0.677854 0.847412 -0.401192 0.470240 0.166193 0.402130 -0.170205 -0.080481 -0.735368 0.219272 -0.496428 -0.183547 0.083926 -0.030139 0.380975 0.255287 0.826210 0.838839 -0.431655 -0.369229 0.892804 1.000000 0.840305 0.861058 -0.092958 0.194484 0.736658 0.790409 0.320691 0.602502 -0.003031 -0.070635 -0.246025 -0.080338 -0.278853 -0.062774 -0.188924 -0.031361 -0.166173 -0.145538 0.272829 0.362351 -0.203613 -0.469301 -0.170597 -0.033345 -0.295520 -0.106243 -0.416409 -0.612038 -0.449585 -0.723936 0.097153 -0.049199 0.190593 0.006801 0.126348 0.005457 0.191904 0.011013 0.069802 0.189443 0.279808 0.254873 0.507274 0.160922 0.344292 0.812113 0.211258 0.356250 0.255248 0.405906 0.149535 0.133333 0.263116 0.262828 0.363724 0.235702 -0.438742 -0.116155 -0.118076 0.304208 0.180694 0.028178 -0.324733 -0.352363 -0.250196 -0.286685 -0.420474 -0.375338 -0.077524 -0.196818 -0.040708 -0.147460 -0.559821 -0.461347 -0.274038 -0.045253 -0.399571 -0.368027 -0.382984 -0.275808 0.017426 -0.163471 -0.256227 -0.057108 0.039653 -0.242296 -0.393089 -0.284043 -0.179205 -0.187880
0.120074 -0.016700 -0.077488 -0.456584 0.714022 0.909062 -0.302140 0.528841 0.294135 0.517280 -0.083981 0.032988 -0.776279 0.304467 -0.458109 -0.005974 0.119285 0.072690 0.294963 0.256323 0.729923 0.790465 -0.481208 -0.460121 0.818528 0.840305 1.000000 0.860615 -0.225797 0.211230 0.649714 0.631177 0.169174 0.406287 -0.186622 -0.299678 -0.330529 -0.179361 -0.215568 -0.024012 -0.162128 -0.110836 -0.208082 -0.296560 0.252725 0.178555 -0.137080 -0.503774 -0.042771 0.025909 -0.344314 -0.021474 -0.473442 -0.491895 -0.349681 -0.644649 0.242599 0.050317 0.145564 -0.066986 0.196595 0.082792 0.214226 0.031747 0.103173 0.042250 0.089888 0.030876 0.324887 0.101137 0.212721 0.710335 0.120844 0.314105 0.162393 0.290200 0.029405 0.036620 0.046169 0.168664 0.204843 0.065052 -0.328136 -0.040712 0.014620 0.374920 0.308070 0.063462 -0.216062 -0.315550 -0.246881 -0.251982 -0.276523 -0.212681 -0.138810 -0.130340 -0.138549 -0.179744 -0.535008 -0.316416 -0.089523 0.031649 -0.265396 -0.218542 -0.248372 -0.123317 -0.006495 -0.010028 -0.205557 -0.076499 -0.005564 -0.206050 -0.266102 -0.169465 -0.116818 -0.202605
-0.087368 -0.140506 0.049167 -0.378150 0.532537 0.872720 -0.346793 0.441042 0.152164 0.381874 -0.198917 0.050661 -0.724211 0.222416 -0.361823 -0.178566 0.029787 0.018067 0.208361 0.130155 0.698806 0.789603 -0.361787 -0.353481 0.785372 0.861058 0.860615 1.000000 -0.218542 0.236127 0.675556 0.648036 0.352906 0.508119 -0.054749 -0.190602 -0.328384 -0.075583 -0.197520 0.043034 -0.320852 -0.043385 -0.099891 -0.146514 0.296581 0.318955 -0.150086 -0.418955 0.024449 0.120683 -0.167353 0.111765 -0.428409 -0.462572 -0.341260 -0.608680 0.086571 -0.096282 0.120352 0.015775 0.091307 -0.011698 0.139332 -0.014972 0.152772 0.263304 0.242789 0.211329 0.322261 0.004566 0.202027 0.710231 0.195208 0.296825 0.161385 0.316625 0.067253 0.073847 0.191142 0.205535 0.214470 0.134967 -0.390132 -0.180830 -0.057619 0.443445 0.328896 0.196053 -0.339437 -0.350949 -0.336027 -0.326668 -0.384507 -0.320595 -0.028918 -0.128050 -0.055528 -0.121322 -0.571716 -0.483674 -0.274732 -0.031329 -0.388738 -0.310508 -0.348381 -0.129111 -0.067706 -0.160181 -0.200719 -0.057819 0.082836 -0.319135 -0.442332 -0.252940 -0.083732 -0.104464
0.017606 0.097734 -0.264722 0.068000 0.111156 -0.289385 0.134930 -0.010024 0.200748 -0.032417 0.513230 0.254551 0.243898 0.295862 0.347974 0.292497 0.559131 0.479689 0.290392 0.064637 0.083914 -0.001211 0.048912 0.063923 -0.011943 -0.092958 -0.225797 -0.218542 1.000000 0.423679 0.232085 0.223753 0.255203 0.245909 -0.151678 0.188857 0.345204 -0.126609 -0.079232 -0.199972 0.293887 0.317521 0.091799 0.111274 -0.019145 -0.276346 -0.146324 -0.147170 -0.227360 -0.262176 0.055226 -0.219681 -0.184367 -0.059159 -0.224257 -0.167049 0.138988 0.260429 -0.000436 -0.201798 0.345251 0.226650 0.429206 0.376339 0.228743 -0.100063 -0.272601 -0.306798 0.057801 -0.137604 0.244658 0.010850 0.517163 0.392267 0.446088 0.315803 0.347923 0.335946 0.186824 0.284183 0.309042 0.233616 0.376318 0.475307 0.289032 0.021110 -0.235662 -0.145275 0.054163 -0.081437 -0.306893 -0.310207 -0.281051 -0.390225 -0.111738 -0.283630 -0.276349 -0.185413 -0.258797 -0.318960 -0.215469 -0.075868 -0.381145 -0.427248 -0.331423 -0.342417 0.056029 -0.258340 -0.195068 -0.237388 -0.307332 -0.136731 -0.327867 -0.170592 -0.096235 -0.057889
0.069921 0.322787 -0.265570 0.015859 0.030664 0.108372 -0.129918 0.399965 -0.013017 0.041988 0.091442 0.680140 -0.316526 0.782194 -0.033402 0.423326 0.548798 0.623932 0.253682 -0.163610 0.254458 0.188866 -0.009984 -0.184915 0.353768 0.194484 0.211230 0.236127 0.423679 1.000000 0.662423 0.506160 0.541532 0.500392 -0.489902 -0.150722 0.422124 -0.078735 -0.087441 -0.147883 0.293110 0.313529 0.151009 0.090277 0.159973 -0.103945 0.137472 -0.338330 -0.057954 -0.041122 -0.046104 0.204124 -0.368121 -0.071010 -0.230093 -0.289512 0.312595 0.294309 -0.097514 -0.270250 0.326647 0.306538 0.373552 0.621321 0.430204 0.324933 -0.352460 -0.383485 0.070152 -0.483062 0.062536 0.171532 0.832815 0.686876 0.691629 0.661806 0.551534 0.313867 0.277493 0.587127 0.385602 0.401474 -0.000217 0.355055 0.315064 0.580972 0.053014 0.242587 -0.294908 -0.354482 -0.722296 -0.745643 -0.530977 -0.663697 -0.284783 -0.134952 -0.386645 -0.104405 -0.504282 -0.472457 -0.498560 -0.554656 -0.678439 -0.612993 -0.588646 -0.406811 -0.180796 -0.424709 -0.055571 -0.511101 -0.351410 -0.271049 -0.544575 -0.142717 -0.070669 -0.127220
0.108988 0.190913 -0.130632 -0.221769 0.420374 0.560486 -0.249168 0.576538 0.157504 0.300542 0.010533 0.374833 -0.598679 0.586228 -0.334902 0.032231 0.462804 0.344549 0.473079 0.163100 0.710898 0.609468 -0.229951 -0.298337 0.774747 0.736658 0.649714 0.675556 0.232085 0.662423 1.000000 0.905768 0.625440 0.818319 -0.272371 -0.190223 0.017905 -0.309460 -0.386097 -0.359943 -0.062330 0.121201 0.014504 -0.027348 0.425221 0.235165 -0.040975 -0.499986 -0.060306 0.054111 -0.105641 0.081761 -0.452555 -0.426866 -0.574933 -0.731792 0.331043 0.235858 0.072294 -0.146801 0.313796 0.213620 0.416263 0.472142 0.323060 0.306030 -0.041155 -0.093148 0.336169 -0.301027 0.391656 0.610392 0.621351 0.669887 0.618675 0.700395 0.567503 0.323310 0.249678 0.456836 0.516628 0.414054 -0.268884 0.123148 0.168792 0.521409 0.176727 0.101830 -0.485371 -0.561423 -0.679376 -0.675512 -0.673489 -0.672668 -0.341041 -0.308023 -0.440410 -0.247478 -0.696719 -0.649415 -0.411881 -0.264490 -0.687424 -0.682580 -0.728931 -0.551948 -0.159393 -0.452947 -0.327621 -0.446812 -0.307467 -0.384690 -0.611357 -0.356706 -0.238508 -0.292896
0.006839 0.086828 -0.163059 -0.261025 0.513198 0.521828 -0.320783 0.564066 0.161719 0.204380 0.063056 0.246719 -0.570846 0.448286 -0.370808 -0.111292 0.412335 0.224660 0.482839 0.232494 0.795008 0.656681 -0.241404 -0.136148 0.776055 0.790409 0.631177 0.648036 0.223753 0.506160 0.905768 1.000000 0.502053 0.811740 -0.038923 0.014228 0.012709 -0.210265 -0.355980 -0.313453 -0.063045 0.169197 -0.053233 -0.015939 0.415819 0.341275 -0.187033 -0.507986 -0.161539 -0.034525 -0.143910 -0.063047 -0.441868 -0.574890 -0.605100 -0.795433 0.211172 0.146556 0.106867 -0.043382 0.248589 0.079765 0.394866 0.355700 0.278443 0.291711 0.122423 0.139453 0.343551 -0.115186 0.432504 0.740193 0.480897 0.630230 0.560471 0.651907 0.512640 0.440394 0.351678 0.419108 0.527622 0.440686 -0.142729 0.161745 0.123850 0.449118 0.055309 -0.045142 -0.400619 -0.498351 -0.522531 -0.569770 -0.693315 -0.686400 -0.286479 -0.374569 -0.301838 -0.353838 -0.702904 -0.654171 -0.495295 -0.273185 -0.690308 -0.702082 -0.642210 -0.592992 -0.081500 -0.460952 -0.342297 -0.341189 -0.204724 -0.419200 -0.627844 -0.456212 -0.338212 -0.310394
-0.057158 0.129658 -0.161269 -0.146902 -0.003301 0.170181 -0.383353 0.081688 0.069736 -0.033284 -0.174992 0.230790 -0.333393 0.340168 -0.086486 -0.042546 0.403195 0.361311 0.307251 -0.018821 0.317987 0.220537 0.067010 -0.222471 0.369139 0.320691 0.169174 0.352906 0.255203 0.541532 0.625440 0.502053 1.000000 0.740893 -0.096004 -0.105819 0.099132 -0.117272 -0.339784 -0.239962 -0.068271 0.234218 0.431418 0.433082 0.471288 0.307107 0.221865 -0.011715 0.172837 0.285309 0.183435 0.391149 -0.197714 -0.089308 -0.498623 -0.419893 0.329501 0.251523 0.091923 -0.036635 0.292760 0.136561 0.405318 0.606787 0.329463 0.466574 0.125124 0.098555 0.380885 -0.277730 0.224108 0.251951 0.577103 0.498574 0.560216 0.625566 0.607299 0.374352 0.298011 0.459922 0.577928 0.640391 -0.216734 -0.019759 0.179719 0.515166 0.191378 0.290293 -0.614911 -0.589396 -0.694330 -0.739410 -0.727792 -0.656201 -0.260848 -0.374036 -0.320591 -0.173241 -0.404397 -0.520923 -0.510642 -0.319538 -0.673934 -0.649682 -0.764072 -0.580168 -0.250625 -0.558364 -0.367386 -0.447225 -0.257521 -0.481969 -0.533234 -0.326126 -0.261105 -0.327149
0.038801 0.086389 -0.280633 -0.372835 0.303898 0.358247 -0.427947 0.344672 0.284053 0.104493 0.049468 0.258295 -0.540484 0.454609 -0.281761 -0.161146 0.506287 0.326096 0.534620 0.272088 0.644374 0.474018 -0.224146 -0.219391 0.577625 0.602502 0.406287 0.508119 0.245909 0.500392 0.818319 0.811740 0.740893 1.000000 -0.031396 -0.015785 -0.063415 -0.233588 -0.550467 -0.418198 -0.213666 0.153542 0.112602 0.206121 0.468537 0.387892 -0.073871 -0.183091 -0.045665 0.174729 -0.060131 0.132680 -0.394272 -0.440898 -0.746890 -0.772925 0.317306 0.301517 0.322401 0.065042 0.456424 0.246151 0.506480 0.587964 0.350687 0.379608 0.281177 0.177548 0.425161 -0.109116 0.348190 0.534663 0.504985 0.509354 0.549623 0.668896 0.618577 0.431195 0.390696 0.433418 0.692969 0.623135 -0.167783 0.148430 0.120385 0.450892 -0.013292 -0.066368 -0.619780 -0.666423 -0.570127 -0.665740 -0.805497 -0.711492 -0.287952 -0.445898 -0.328688 -0.273598 -0.632179 -0.615487 -0.489574 -0.281548 -0.759091 -0.701889 -0.744113 -0.606204 -0.185074 -0.529556 -0.388523 -0.284112 -0.165671 -0.426823 -0.619173 -0.440751 -0.335768 -0.308849
-0.436870 -0.384057 0.083352 -0.150751 -0.065466 -0.078026 -0.183376 -0.342879 -0.017626 -0.335036 -0.067650 -0.401185 0.073888 -0.572354 -0.010050 -0.618717 -0.280495 -0.342754 -0.127514 0.146616 -0.047055 -0.032273 0.157651 0.396919 -0.057681 -0.003031 -0.186622 -0.054749 -0.151678 -0.489902 -0.272371 -0.038923 -0.096004 -0.031396 1.000000 0.506773 -0.229053 0.191515 -0.007419 0.104111 -0.313399 -0.116164 -0.066456 -0.013601 0.029241 0.357669 -0.230809 0.129465 -0.070873 -0.050671 0.049724 -0.142277 0.086807 -0.170964 -0.046628 0.000947 -0.421850 -0.204769 -0.019267 0.267818 -0.377962 -0.413788 -0.197802 -0.308835 -0.108397 0.041434 0.524383 0.667953 -0.093278 0.330722 0.049165 0.205909 -0.407998 -0.304736 -0.358627 -0.247768 -0.142174 0.156693 0.134221 -0.116638 -0.074343 0.020884 0.155469 -0.333279 -0.216980 -0.225927 0.065073 -0.013366 0.017802 -0.059695 0.414544 0.317732 0.056025 0.204535 0.315943 -0.021857 0.410214 0.117588 0.146704 0.088629 0.112640 0.273418 0.204712 0.153697 0.228097 0.139598 0.144547 0.111538 -0.033883 0.458698 0.494584 0.058752 0.163457 -0.054059 0.034241 0.137238
-0.233306 0.103013 0.006344 -0.094354 -0.192151 -0.270182 -0.157839 -0.324965 -0.300989 -0.337155 0.009616 -0.235787 0.179595 -0.244665 0.025673 -0.334899 -0.135008 -0.058831 0.168063 0.225924 -0.117051 -0.015438 0.071423 0.410945 -0.043731 -0.070635 -0.299678 -0.190602 0.188857 -0.150722 -0.190223 0.014228 -0.105819 -0.015785 0.506773 1.000000 0.052605 0.388835 0.277158 0.322894 0.002799 0.035167 -0.050965 0.074995 -0.209560 0.115424 -0.148987 0.099263 -0.439853 -0.416068 -0.300685 -0.394421 -0.165527 -0.107932 0.182050 0.155606 -0.249412 -0.005599 -0.270244 -0.055955 -0.322699 -0.372842 -0.129270 -0.219346 -0.187265 -0.057141 0.088351 0.397211 0.061241 0.330842 -0.243193 0.155712 -0.036747 -0.200809 -0.189931 -0.159573 -0.194114 0.133920 0.474938 0.040955 -0.012822 0.117913 0.268239 -0.009885 -0.255080 -0.259337 -0.175378 0.034624 0.066390 0.109511 0.160049 0.052528 0.029802 0.009480 0.421360 0.207377 0.442150 0.201300 0.026568 0.005380 -0.131754 -0.194544 0.044300 0.035334 0.195179 0.148394 0.088759 0.056070 0.235448 0.476526 0.444813 0.101445 0.032221 0.167225 0.126381 0.317126
