1.000000 0.582812 0.255159 0.050633 0.296336 -0.156287 0.181108 -0.094640 0.141754 -0.103283 0.570986 0.062693 0.420686 -0.009188 0.190462 0.130491 0.522733 0.305906 0.574185 0.604355 -0.384483 -0.350223 0.036540 -0.207198 -0.254935 -0.377859 -0.030808 -0.243368 0.563925 -0.012001 -0.197185 -0.113028 0.186960 0.078712 -0.412125 -0.459629 0.000429 -0.395360 -0.132214 -0.312001 -0.049315 -0.278486 -0.512019 -0.511320 -0.492750 -0.483983 -0.184209 -0.451493 -0.315484 -0.557132 -0.371235 -0.332383 -0.329802 -0.164032 -0.189530 -0.116025 0.409828 0.235383 0.318829 -0.368986 0.436079 0.130410 0.432061 0.508992 0.202184 -0.259555 -0.426304 -0.703542 0.092743 -0.038790 -0.007838 -0.527991 0.198029 -0.194235 0.091074 0.027173 -0.103421 -0.349690 0.135279 -0.116555 0.278241 0.239214 0.697637 0.415943 0.365682 0.280207 -0.192569 -0.105085 0.477216 0.178540 -0.077403 0.098165 0.092172 0.281346 -0.164975 -0.160218 -0.360687 -0.274855 0.095552 0.356508 -0.023384 0.277640 -0.235711 -0.171322 -0.193169 -0.141916 0.195207 0.099587 -0.042089 0.087359 -0.551656 0.393244 0.197890 -0.071745 0.167396 0.033440
0.582812 1.000000 -0.146918 -0.076113 -0.240169 -0.292250 -0.198088 -0.204946 -0.277260 -0.469088 0.145245 0.049195 0.040512 -0.210613 -0.319695 -0.221453 0.587250 0.576669 0.308225 0.634820 -0.504080 -0.421305 -0.310869 -0.207533 -0.614178 -0.569446 -0.177625 -0.211349 0.205052 -0.096522 -0.602269 -0.397201 0.186190 0.010953 -0.583546 -0.595142 -0.028524 -0.389207 -0.203218 -0.222603 -0.219914 -0.481296 -0.319013 -0.310343 -0.275164 -0.139936 0.274365 0.018110 -0.260616 -0.268361 -0.226514 -0.204522 -0.189570 0.253114 0.015884 0.351999 0.551027 0.552725 0.318708 0.070276 0.000087 0.077650 0.452030 0.559389 -0.037905 -0.196399 -0.522496 -0.594005 0.294114 0.177854 -0.234866 -0.563381 -0.113465 -0.414694 -0.180835 -0.308238 -0.521677 -0.634668 0.420686 0.214494 0.485988 0.496203 0.208143 0.046921 0.459631 0.560836 0.107975 0.208639 0.004459 0.147226 -0.011461 -0.100057 -0.220827 -0.127561 0.033715 -0.127429 0.057211 -0.099434 0.479485 0.240372 -0.335810 -0.057713 -0.338665 -0.114314 0.046604 -0.081326 0.038405 0.101786 -0.135923 0.093046 -0.307020 0.201117 -0.019084 -0.255803 0.092212 -0.068233
0.255159 -0.146918 1.000000 0.504750 0.787649 0.245716 0.886829 0.702743 0.764897 0.664809 0.588147 0.569209 0.708923 0.576873 0.725261 0.546098 -0.240386 -0.228222 0.122872 -0.086220 -0.107843 -0.060268 0.614726 0.144355 0.341556 0.214190 0.091521 -0.034197 0.190970 -0.082933 0.410214 0.356689 -0.440210 0.046402 0.416709 0.327664 -0.296279 -0.008988 -0.340081 -0.028489 -0.084417 0.194713 -0.456638 -0.487107 -0.401231 -0.661075 -0.680053 -0.704133 -0.205585 -0.601593 -0.262240 -0.366182 -0.290295 -0.615054 -0.512609 -0.747503 -0.539005 -0.703334 0.267528 -0.294267 0.759051 0.470136 -0.233008 -0.022810 0.526912 0.327350 0.034338 -0.076894 -0.629874 -0.392555 0.284178 0.143171 0.003835 0.263437 0.189771 0.138078 0.372586 0.453258 -0.432946 -0.634254 -0.587520 -0.558869 0.182329 0.450363 -0.523494 -0.592358 -0.515784 -0.410254 0.352338 -0.301071 0.375462 0.538225 0.725334 0.702810 0.172127 0.083940 -0.683285 -0.428289 -0.608087 -0.145587 0.328008 0.276451 0.312575 0.363673 0.014506 0.290055 0.140462 -0.085498 0.290890 -0.158831 -0.152742 0.098244 0.176658 -0.011688 0.222615 -0.093580
0.050633 -0.076113 0.504750 1.000000 0.347059 0.384209 0.354150 0.729087 0.321045 0.492934 0.202549 0.604460 0.148574 0.278206 0.164238 0.394450 -0.096288 -0.178869 0.150948 -0.023565 0.162108 0.245931 0.641134 0.439934 0.319913 0.567588 0.158682 0.294671 -0.044598 -0.078630 0.455271 0.636803 -0.224785 0.291342 0.435413 0.438233 -0.198345 -0.015821 0.018814 0.105935 0.220010 0.224184 -0.261790 -0.253818 -0.244083 -0.296128 -0.415349 -0.404409 -0.515693 -0.394732 -0.430377 -0.504289 -0.372256 -0.455160 -0.145390 -0.402205 -0.219045 -0.326642 -0.120165 -0.336945 0.231054 0.355434 -0.291290 -0.233897 0.650105 0.486274 -0.103238 0.139358 -0.467848 -0.315387 0.073267 0.166044 -0.256543 0.025344 -0.202367 0.117310 0.042988 0.232180 -0.039284 -0.215092 -0.328437 -0.285981 0.034392 0.306545 -0.275515 -0.382844 -0.194862 -0.086394 0.339390 -0.062889 -0.056469 -0.060952 0.372485 0.172817 0.227809 0.134520 -0.212282 -0.160168 -0.520754 -0.312486 0.029389 -0.273311 0.032800 -0.051632 -0.084503 -0.012570 -0.078220 -0.216707 0.245721 0.120491 0.047530 -0.113826 -0.131756 -0.134855 0.074221 0.093287
0.296336 -0.240169 0.787649 0.347059 1.000000 0.425154 0.748356 0.475002 0.849472 0.704217 0.507912 0.337050 0.574273 0.343205 0.671803 0.509127 -0.178198 -0.292685 0.137110 -0.021433 -0.076449 0.039722 0.558738 0.158629 0.485970 0.283678 0.350904 0.119013 0.214483 -0.025038 0.410895 0.302960 -0.271349 0.006818 0.363879 0.294566 -0.279301 -0.030163 -0.297749 0.021186 -0.054684 0.098912 -0.484439 -0.520226 -0.271378 -0.576730 -0.720107 -0.709066 -0.065726 -0.494400 -0.211848 -0.233314 -0.187673 -0.535855 -0.422775 -0.720396 -0.405652 -0.572571 0.201390 -0.448746 0.689235 0.305590 -0.303272 -0.122621 0.509186 0.104128 0.060922 -0.107093 -0.419823 -0.226558 0.303003 0.062434 0.057958 0.243120 0.145368 0.215355 0.364040 0.368218 -0.352663 -0.570698 -0.427987 -0.461517 0.169652 0.311814 -0.414889 -0.481572 -0.668079 -0.523195 0.473471 -0.104822 0.335067 0.567135 0.709688 0.743357 -0.017431 -0.007911 -0.749798 -0.438492 -0.601737 -0.025808 0.340424 0.318606 0.189392 0.277866 -0.026020 0.197222 0.133836 -0.129123 0.176147 -0.315679 -0.280756 0.119600 0.298090 0.024463 0.179970 -0.178207
-0.156287 -0.292250 0.245716 0.384209 0.425154 1.000000 0.157699 0.389415 0.336797 0.539118 -0.023380 0.255801 -0.020688 -0.028072 0.145785 0.259899 -0.188075 -0.238610 -0.135114 -0.235458 0.428538 0.562620 0.460223 0.376650 0.534732 0.729999 0.737380 0.660878 -0.110977 -0.166312 0.387670 0.405616 -0.107269 0.174819 0.563822 0.505429 -0.105393 0.176273 0.006157 0.267203 0.114293 0.116954 -0.069496 -0.147259 0.088041 -0.022032 -0.308098 -0.182913 -0.101394 -0.077087 -0.119183 -0.156384 -0.189938 -0.330920 -0.018241 -0.363563 -0.255953 -0.308266 -0.202564 -0.246601 0.047700 0.173049 -0.496908 -0.378629 0.369769 0.306305 0.241345 0.380343 -0.248993 -0.175522 0.295106 0.224038 -0.102140 0.047221 -0.167232 0.056814 0.164356 0.239191 -0.054507 -0.173560 -0.190915 -0.261761 -0.104046 -0.149811 -0.257534 -0.243500 -0.208462 -0.203248 0.201493 -0.023012 0.000464 -0.052288 0.382113 0.159703 -0.049015 0.013259 -0.254162 -0.306047 -0.473448 -0.441629 0.029142 -0.145778 -0.042607 -0.053303 -0.200320 -0.181895 -0.240556 -0.322348 -0.201501 -0.212011 0.014379 -0.332548 -0.169217 -0.084274 -0.230820 -0.043841
0.181108 -0.198088 0.886829 0.354150 0.748356 0.157699 1.000000 0.636430 0.675838 0.611315 0.566890 0.454437 0.727098 0.601931 0.721933 0.490022 -0.285339 -0.239835 0.162596 -0.022566 -0.078606 -0.093636 0.526459 0.133269 0.290394 0.102884 -0.042141 -0.173146 0.112804 -0.106257 0.459096 0.346693 -0.429588 0.058391 0.420296 0.323031 -0.277785 0.070112 -0.321922 0.135517 -0.176852 0.184012 -0.447877 -0.477333 -0.329193 -0.587960 -0.699229 -0.665596 -0.122657 -0.606473 -0.250171 -0.327654 -0.244413 -0.597509 -0.503349 -0.710653 -0.592610 -0.677296 0.129571 -0.386508 0.677598 0.286818 -0.280289 -0.087980 0.475100 0.174044 -0.005034 -0.043785 -0.553895 -0.265891 0.313616 0.148901 0.033030 0.320283 0.189320 0.217362 0.420446 0.549450 -0.543304 -0.628220 -0.619124 -0.576611 0.161963 0.415906 -0.523961 -0.553144 -0.510982 -0.353758 0.293315 -0.237126 0.365459 0.550919 0.674388 0.668289 0.230156 0.129305 -0.632547 -0.286185 -0.576953 -0.111777 0.298381 0.344193 0.335068 0.416416 0.073421 0.442210 0.132259 -0.087077 0.386808 -0.162901 -0.017608 0.099256 0.242111 -0.103180 0.291558 -0.019738
-0.094640 -0.204946 0.702743 0.729087 0.475002 0.389415 0.636430 1.000000 0.442950 0.759718 0.375519 0.703591 0.435380 0.708468 0.470476 0.615648 -0.338917 -0.245176 -0.059879 -0.331856 0.237703 0.336490 0.561645 0.243588 0.391048 0.525998 0.070758 0.205388 0.023739 -0.001045 0.575655 0.669967 -0.536361 0.230734 0.617697 0.599553 -0.187303 0.134113 -0.100218 0.204475 0.170474 0.450751 -0.316939 -0.348538 -0.291362 -0.401844 -0.623968 -0.509885 -0.374533 -0.452894 -0.334473 -0.480016 -0.394153 -0.630018 -0.373937 -0.587871 -0.617261 -0.681538 -0.046505 -0.189583 0.425535 0.583682 -0.350520 -0.187992 0.596015 0.584903 -0.036406 0.218517 -0.784995 -0.572174 0.245827 0.378528 -0.099621 0.308693 -0.022077 0.166514 0.239344 0.524138 -0.288104 -0.475026 -0.563224 -0.529168 -0.042842 0.462040 -0.542349 -0.589579 -0.355921 -0.190096 0.202024 -0.404940 0.208693 0.209880 0.662653 0.378764 0.359946 0.211000 -0.395691 -0.349737 -0.631969 -0.379966 0.208772 -0.079623 0.289480 0.204517 -0.026350 0.187509 -0.116464 -0.259642 0.328458 -0.084625 0.064825 -0.123501 -0.033990 -0.194261 0.105070 -0.035642
0.141754 -0.277260 0.764897 0.321045 0.849472 0.336797 0.675838 0.442950 1.000000 0.683450 0.500962 0.428591 0.597171 0.315018 0.686855 0.439092 -0.320154 -0.338388 0.077634 -0.138921 -0.112581 -0.050076 0.470777 0.019061 0.406731 0.261025 0.213310 0.101182 0.138784 -0.030119 0.361104 0.304051 -0.355379 -0.016423 0.315118 0.260647 -0.405453 -0.040955 -0.344021 -0.025964 -0.236609 0.033325 -0.316973 -0.328599 -0.159182 -0.486244 -0.590657 -0.555424 0.051299 -0.394546 -0.033908 -0.119732 -0.088955 -0.393584 -0.372251 -0.683371 -0.467848 -0.561439 0.399899 -0.237798 0.745096 0.355132 -0.285191 -0.106629 0.530398 0.238279 0.202519 -0.007475 -0.397138 -0.251920 0.251433 0.086498 -0.020087 0.202186 0.102390 0.198615 0.404991 0.415586 -0.462019 -0.580911 -0.539116 -0.568991 0.004804 0.292231 -0.527691 -0.551982 -0.546605 -0.390346 0.367407 -0.153065 0.375540 0.536816 0.638483 0.672907 -0.077525 0.054098 -0.644831 -0.441481 -0.530698 -0.150668 0.349217 0.246116 0.180094 0.232701 -0.001151 0.216302 0.065888 -0.122785 0.267429 -0.268787 -0.177670 -0.021397 0.150091 0.111933 0.188938 -0.162000
-0.103283 -0.469088 0.664809 0.492934 0.704217 0.539118 0.611315 0.759718 0.683450 1.000000 0.339540 0.501900 0.408784 0.576373 0.657827 0.689070 -0.421127 -0.451292 -0.122947 -0.395529 0.365277 0.431897 0.556167 0.233271 0.630413 0.676336 0.313988 0.302340 0.066501 0.042417 0.700600 0.687572 -0.410285 0.257955 0.673321 0.698891 -0.251738 0.213422 -0.049333 0.222410 0.079530 0.459438 -0.298212 -0.316031 -0.222214 -0.443008 -0.738684 -0.573362 -0.176080 -0.393689 -0.139946 -0.283684 -0.190767 -0.575472 -0.280845 -0.720333 -0.575310 -0.674526 0.028663 -0.290043 0.515504 0.478600 -0.410415 -0.260256 0.590751 0.444114 0.176173 0.225522 -0.631256 -0.464335 0.352610 0.438621 0.054311 0.471909 0.161174 0.382774 0.500621 0.632027 -0.420461 -0.590046 -0.591080 -0.655224 -0.060228 0.400837 -0.587189 -0.641735 -0.493588 -0.351856 0.267966 -0.268180 0.219695 0.272948 0.709574 0.501219 0.094069 0.132972 -0.540726 -0.420877 -0.682576 -0.318603 0.331936 0.015560 0.282854 0.128359 -0.139169 0.060088 -0.178079 -0.344671 0.301767 -0.169166 0.014371 -0.080547 0.096927 -0.044813 0.051091 -0.163507
0.570986 0.145245 0.588147 0.202549 0.507912 -0.023380 0.566890 0.375519 0.500962 0.339540 1.000000 0.508189 0.814255 0.507852 0.619084 0.554607 0.104367 0.058679 0.182038 0.078648 -0.177190 -0.157680 0.321492 -0.272797 0.013841 -0.139921 -0.061721 -0.101032 0.395768 -0.056509 0.189210 0.270167 -0.262117 0.136322 0.074098 -0.043246 -0.114857 -0.213143 -0.316258 -0.040890 -0.171149 0.008044 -0.476743 -0.544210 -0.483815 -0.583946 -0.577303 -0.608221 -0.275485 -0.616693 -0.276970 -0.432517 -0.493105 -0.549762 -0.476049 -0.440039 -0.226803 -0.329311 0.287784 -0.338492 0.683011 0.336943 0.130257 0.200284 0.471413 0.159343 -0.181194 -0.246756 -0.397163 -0.309006 0.078799 -0.140876 -0.001169 0.055616 0.151551 0.122709 0.255490 0.191162 -0.287930 -0.457538 -0.321345 -0.303925 0.369715 0.520646 -0.105896 -0.173010 -0.186636 -0.161745 0.483111 -0.236132 0.281682 0.348386 0.464704 0.552501 0.127920 0.074418 -0.473071 -0.263757 -0.271986 0.025668 -0.023784 0.299355 0.039770 0.011437 -0.064061 0.183857 0.056175 -0.214302 0.198866 -0.146074 -0.245742 0.145095 0.137208 -0.162954 0.283340 0.043980
0.062693 0.049195 0.569209 0.604460 0.337050 0.255801 0.454437 0.703591 0.428591 0.501900 0.508189 1.000000 0.446515 0.580258 0.342359 0.496274 -0.078264 -0.085577 -0.194741 -0.193586 0.001785 0.226653 0.364235 0.013735 0.139188 0.296005 0.142646 0.225467 0.079735 -0.053004 0.293276 0.514084 -0.457501 0.266955 0.413441 0.365035 -0.242624 0.016952 -0.148612 0.070323 -0.024865 0.245839 -0.216851 -0.282175 -0.321311 -0.338606 -0.428453 -0.405532 -0.474417 -0.467756 -0.333865 -0.590251 -0.537116 -0.543222 -0.352068 -0.485497 -0.400645 -0.448719 0.260581 -0.108876 0.512027 0.723158 -0.123837 -0.048935 0.570528 0.705614 -0.044204 0.146634 -0.591425 -0.421866 -0.079928 0.080020 -0.291848 0.013382 -0.151443 -0.015433 0.108042 0.312057 -0.119028 -0.299180 -0.397056 -0.361852 -0.100000 0.431141 -0.370043 -0.398144 -0.194183 -0.224917 0.157762 -0.421698 0.183561 0.049559 0.520862 0.272115 0.303006 0.282219 -0.355459 -0.259170 -0.469223 -0.312135 0.036358 -0.155935 0.014223 0.007591 -0.015152 0.085600 -0.085023 -0.092032 0.173314 -0.225482 0.008369 -0.128835 -0.074440 -0.164687 0.136328 -0.021535
0.420686 0.040512 0.708923 0.148574 0.574273 -0.020688 0.727098 0.435380 0.597171 0.408784 0.814255 0.446515 1.000000 0.674465 0.781544 0.586857 -0.036154 0.014884 0.186541 0.042050 -0.225320 -0.188167 0.288561 -0.157920 0.073550 -0.123935 -0.158332 -0.255302 0.423359 0.059572 0.201610 0.200747 -0.365742 -0.001796 0.105343 0.006688 -0.063772 -0.095564 -0.451880 -0.042220 -0.219416 0.020408 -0.437952 -0.495364 -0.479040 -0.664054 -0.658181 -0.590267 -0.211266 -0.604933 -0.279425 -0.395936 -0.363615 -0.554777 -0.548976 -0.599361 -0.428825 -0.511723 0.324503 -0.298792 0.778320 0.374178 0.101743 0.262773 0.351451 0.105341 -0.241694 -0.274296 -0.480587 -0.298495 0.263576 -0.000323 0.159910 0.250155 0.306442 0.184280 0.351807 0.376455 -0.413798 -0.629801 -0.414544 -0.395046 0.326721 0.547429 -0.360276 -0.404479 -0.354546 -0.233480 0.349077 -0.338181 0.376791 0.537035 0.532959 0.612707 0.095195 0.099193 -0.528337 -0.266299 -0.329865 0.075860 0.214535 0.453949 0.272216 0.293467 0.058573 0.370534 0.264128 -0.117063 0.317883 -0.185347 -0.055135 0.186981 0.269720 -0.031354 0.372472 0.071082
-0.009188 -0.210613 0.576873 0.278206 0.343205 -0.028072 0.601931 0.708468 0.315018 0.576373 0.507852 0.580258 0.674465 1.000000 0.650190 0.709156 -0.214652 -0.103120 -0.125943 -0.350509 0.129643 0.217761 0.222310 -0.059369 0.189712 0.163909 -0.141118 -0.063962 0.328997 0.239012 0.436778 0.471037 -0.448306 0.179505 0.397913 0.340442 0.102132 0.134148 -0.034629 0.148037 0.079915 0.514880 -0.244476 -0.336565 -0.439600 -0.496333 -0.561229 -0.462700 -0.300858 -0.447320 -0.269489 -0.421003 -0.335059 -0.586505 -0.417417 -0.483653 -0.603598 -0.673353 0.090707 -0.106156 0.534102 0.599901 0.003843 0.127933 0.233162 0.402408 -0.114507 -0.025652 -0.741091 -0.603286 0.165325 0.351952 0.220154 0.439483 0.250218 0.287303 0.342617 0.595963 -0.349127 -0.475503 -0.493673 -0.458072 0.084486 0.604050 -0.476213 -0.549909 -0.297064 -0.177057 0.103544 -0.545883 0.247714 0.294449 0.516568 0.355930 0.279869 0.337123 -0.347775 -0.222990 -0.444946 -0.113526 0.271432 0.141800 0.322000 0.228171 -0.016001 0.234703 0.042821 -0.144382 0.407492 -0.113087 0.059462 0.075230 0.128384 -0.081670 0.152096 0.018070
0.190462 -0.319695 0.725261 0.164238 0.671803 0.145785 0.721933 0.470476 0.686855 0.657827 0.619084 0.342359 0.781544 0.650190 1.000000 0.728053 -0.288736 -0.245348 0.084033 -0.243035 0.039969 0.006960 0.473625 -0.043962 0.428499 0.201684 0.006766 -0.047143 0.357456 0.150462 0.406892 0.344179 -0.279272 -0.004012 0.327803 0.277025 -0.085499 0.088739 -0.157062 -0.029022 -0.059606 0.312084 -0.306529 -0.301851 -0.371442 -0.596843 -0.686387 -0.634418 -0.028562 -0.446296 -0.021884 -0.179319 -0.153012 -0.600836 -0.340669 -0.656219 -0.573614 -0.652852 0.200040 -0.265552 0.654018 0.302735 -0.163380 -0.026601 0.368943 0.211757 0.085132 -0.055543 -0.511540 -0.427962 0.359855 0.234051 0.272105 0.454212 0.370887 0.325240 0.503516 0.565603 -0.507424 -0.666761 -0.595296 -0.616307 0.247700 0.565315 -0.465538 -0.596652 -0.443331 -0.346083 0.379591 -0.228153 0.245669 0.477138 0.528581 0.579613 0.010301 0.016566 -0.466342 -0.358579 -0.522508 -0.049105 0.270966 0.341641 0.367918 0.272699 -0.011180 0.278333 0.197676 -0.218176 0.400700 -0.207007 -0.008355 0.091210 0.200527 0.019004 0.241516 -0.105087
0.130491 -0.221453 0.546098 0.394450 0.509127 0.259899 0.490022 0.615648 0.439092 0.689070 0.554607 0.496274 0.586857 0.709156 0.728053 1.000000 -0.160124 -0.115982 -0.091076 -0.260948 0.256383 0.298566 0.454389 0.088494 0.387634 0.376711 0.143463 0.166968 0.383289 0.319490 0.478412 0.589666 -0.235468 0.169797 0.392606 0.418020 0.102079 0.125166 0.041283 0.123598 0.154539 0.438500 -0.323956 -0.363629 -0.425797 -0.570770 -0.666948 -0.571493 -0.239438 -0.399802 -0.219888 -0.343109 -0.313366 -0.607917 -0.211232 -0.512177 -0.474236 -0.602498 0.078921 -0.244346 0.443711 0.431837 -0.154745 -0.080084 0.340605 0.365810 -0.092269 -0.050120 -0.656737 -0.542850 0.259005 0.409141 0.114226 0.464620 0.305040 0.414598 0.437887 0.520591 -0.312921 -0.551312 -0.465302 -0.536858 0.160166 0.615554 -0.415462 -0.523426 -0.311856 -0.250245 0.336332 -0.251848 0.180473 0.202370 0.525951 0.408106 0.119419 0.163753 -0.372570 -0.298588 -0.449668 -0.093081 0.291670 0.157751 0.268684 0.092090 -0.100287 0.064715 0.013962 -0.329748 0.326866 -0.079681 -0.026233 0.070988 0.201231 -0.023803 0.095472 -0.127896
0.522733 0.587250 -0.240386 -0.096288 -0.178198 -0.188075 -0.285339 -0.338917 -0.320154 -0.421127 0.104367 -0.078264 -0.036154 -0.214652 -0.288736 -0.160124 1.000000 0.681427 0.137906 0.451511 -0.146667 -0.171390 -0.164927 -0.206690 -0.338132 -0.388438 0.111911 -0.026846 0.418396 0.157786 -0.311049 -0.256667 0.366972 0.196872 -0.426388 -0.517124 0.258389 -0.290336 0.023592 -0.180596 0.007474 -0.314695 -0.334033 -0.407278 -0.345846 -0.127037 0.179681 -0.041368 -0.410640 -0.305587 -0.407672 -0.359210 -0.294236 0.114292 -0.025552 0.322747 0.686780 0.627822 0.033853 -0.222124 -0.082060 -0.106946 0.528290 0.554193 -0.050790 -0.290995 -0.509154 -0.563428 0.247299 0.087043 -0.230105 -0.464668 0.081317 -0.335858 -0.108659 -0.077784 -0.407526 -0.528458 0.631970 0.467670 0.713771 0.731168 0.374671 -0.034511 0.663785 0.671574 0.217827 0.124313 0.138122 0.164343 -0.283028 -0.245477 -0.281079 -0.126630 -0.109435 -0.069259 0.063875 0.014124 0.360944 0.276458 -0.261278 0.031829 -0.290693 -0.412731 -0.307888 -0.296055 -0.108529 0.026363 -0.253511 0.139260 -0.326683 0.243838 -0.019811 -0.102188 0.122459 0.249680
0.305906 0.576669 -0.228222 -0.178869 -0.292685 -0.238610 -0.239835 -0.245176 -0.338388 -0.451292 0.058679 -0.085577 0.014884 -0.103120 -0.245348 -0.115982 0.681427 1.000000 0.081221 0.237346 -0.151948 -0.211127 -0.241147 -0.227725 -0.508123 -0.488395 -0.036484 -0.106568 0.402030 0.356215 -0.420572 -0.373811 0.212410 0.023094 -0.471140 -0.553450 0.352233 -0.248673 0.023667 -0.167890 0.076440 -0.270552 -0.274982 -0.310061 -0.299448 -0.147071 0.273671 -0.049783 -0.198392 -0.179894 -0.164065 -0.098269 -0.107678 0.231755 0.088787 0.404973 0.408239 0.394139 0.148440 0.018899 -0.151231 -0.057109 0.477156 0.526248 -0.177172 -0.179937 -0.450537 -0.569459 0.064369 -0.005015 -0.063039 -0.315707 0.284201 -0.174305 0.089833 -0.109706 -0.338405 -0.466801 0.539569 0.491924 0.639810 0.615470 0.246885 -0.047928 0.573242 0.542811 0.247376 0.183140 0.074641 0.062084 -0.194824 -0.271581 -0.312290 -0.233921 -0.190416 -0.006256 0.157070 0.032877 0.393317 0.062844 -0.252196 0.086783 -0.176873 -0.221677 -0.204033 -0.121228 -0.013639 -0.027400 -0.155164 0.056604 -0.292949 0.110653 -0.012826 0.006034 0.055820 0.187308
0.574185 0.308225 0.122872 0.150948 0.137110 -0.135114 0.162596 -0.059879 0.077634 -0.122947 0.182038 -0.194741 0.186541 -0.125943 0.084033 -0.091076 0.137906 0.081221 1.000000 0.619090 -0.216056 -0.341614 0.128516 -0.020575 -0.185531 -0.154784 -0.197371 -0.264326 0.292379 -0.000391 0.093139 0.029296 0.267615 0.039544 -0.269803 -0.344097 -0.023893 -0.263369 -0.017896 -0.042301 0.001756 -0.147987 -0.370382 -0.238398 -0.260016 -0.280997 -0.141425 -0.272941 -0.114338 -0.342604 -0.154482 -0.103619 -0.038766 0.017540 -0.040925 -0.024198 0.192725 0.157741 0.013760 -0.346431 0.231183 -0.206763 0.246082 0.252556 0.228298 -0.380693 -0.202919 -0.410328 0.182049 0.055189 0.022051 -0.362042 0.297976 -0.014191 0.165648 -0.012421 -0.097134 -0.228630 -0.094493 -0.010970 0.084127 0.139059 0.558552 0.269637 0.246573 0.148585 -0.178613 0.079721 0.377826 0.350949 -0.278946 -0.038556 -0.202919 -0.092650 -0.168977 -0.132230 -0.198460 -0.132161 0.048078 0.086593 -0.141446 -0.055101 -0.316194 -0.146912 -0.054824 0.039386 0.211380 0.035896 0.065605 0.168102 -0.182432 0.120702 -0.132691 -0.066862 0.052213 0.161906
0.604355 0.634820 -0.086220 -0.023565 -0.021433 -0.235458 -0.022566 -0.331856 -0.138921 -0.395529 0.078648 -0.193586 0.042050 -0.350509 -0.243035 -0.260948 0.451511 0.237346 0.619090 1.000000 -0.469993 -0.386499 -0.154779 0.057224 -0.427268 -0.407817 -0.203737 -0.302372 0.216741 -0.085347 -0.282135 -0.221837 0.373240 0.060322 -0.404929 -0.442021 -0.024846 -0.255779 -0.223446 -0.095992 -0.180744 -0.425209 -0.364750 -0.301031 -0.195567 -0.216413 0.089742 -0.056981 -0.158271 -0.321245 -0.278444 -0.172520 -0.057860 0.195677 -0.030609 0.089037 0.482432 0.500459 0.107921 -0.342342 0.061820 -0.261881 0.284442 0.328893 -0.015643 -0.570466 -0.480000 -0.509106 0.436081 0.508863 -0.176644 -0.535267 -0.037123 -0.221545 -0.003817 -0.129787 -0.221958 -0.412220 0.188587 0.069152 0.381255 0.394340 0.435481 0.065670 0.385115 0.415630 -0.076509 0.114101 0.057910 0.343793 -0.077300 -0.035642 -0.209180 -0.084950 -0.104752 -0.173923 -0.168124 0.049714 0.298481 0.375213 -0.284468 0.008055 -0.282432 -0.095957 -0.045353 -0.041930 0.081432 0.223715 -0.179169 0.224311 -0.142323 0.287271 0.146392 -0.084071 0.114668 0.142336
-0.384483 -0.504080 -0.107843 0.162108 -0.076449 0.428538 -0.078606 0.237703 -0.112581 0.365277 -0.177190 0.001785 -0.225320 0.129643 0.039969 0.256383 -0.146667 -0.151948 -0.216056 -0.469993 1.000000 0.624951 0.275637 0.239514 0.387237 0.578221 0.387610 0.499926 0.053218 0.233028 0.545875 0.459543 0.073234 0.357625 0.534858 0.511233 0.258640 0.372179 0.508467 0.375646 0.248101 0.526480 0.216472 0.172040 0.106693 0.196829 -0.090772 0.039797 -0.182504 0.132023 -0.073729 -0.113622 -0.172799 -0.223476 0.193601 -0.071443 -0.164536 -0.173428 -0.496011 -0.118852 -0.236771 -0.040222 -0.215237 -0.319597 0.131599 0.306422 0.290288 0.441286 -0.291420 -0.351481 0.288757 0.613993 0.265961 0.334318 0.024099 0.325486 0.297694 0.373932 -0.083714 0.132891 -0.134696 -0.142235 -0.128685 -0.041472 -0.141397 -0.175906 0.174208 0.012167 -0.049485 -0.076170 -0.376049 -0.425976 0.046549 -0.202733 0.084771 0.084279 0.090769 -0.010171 -0.288898 -0.483249 -0.042718 -0.291809 0.047604 -0.341536 -0.348373 -0.323779 -0.314455 -0.403621 0.039543 0.110072 0.200698 -0.274026 -0.185651 -0.017844 -0.218841 0.154490
-0.350223 -0.421305 -0.060268 0.245931 0.039722 0.562620 -0.093636 0.336490 -0.050076 0.431897 -0.157680 0.226653 -0.188167 0.217761 0.006960 0.298566 -0.171390 -0.211127 -0.341614 -0.386499 0.624951 1.000000 0.158135 0.300665 0.532489 0.681058 0.459251 0.556487 0.060645 0.148793 0.482282 0.565458 -0.082709 0.262479 0.568073 0.616605 0.243764 0.252842 0.316435 0.238588 0.370785 0.493730 0.132009 0.090081 0.179632 0.177996 -0.103742 0.073446 -0.235736 0.084448 -0.204047 -0.210162 -0.202431 -0.267751 0.070088 -0.184213 -0.229739 -0.288142 -0.373692 -0.172660 -0.118832 0.264802 -0.222660 -0.317596 0.105955 0.336333 0.057564 0.388616 -0.339363 -0.319536 0.145900 0.441615 0.049497 0.162465 -0.083162 0.201248 0.203760 0.375204 0.019945 -0.006728 -0.061591 -0.125210 -0.150713 0.049389 -0.262692 -0.297649 -0.114478 -0.048841 -0.127095 -0.290372 -0.184633 -0.254239 0.155027 -0.199849 -0.028771 0.099490 0.000179 -0.096288 -0.388750 -0.288830 0.040583 -0.354914 0.091044 -0.160642 -0.157142 -0.196188 -0.248492 -0.173881 -0.072086 -0.093015 0.105091 -0.134532 -0.117250 -0.026781 -0.306233 -0.053480
0.036540 -0.310869 0.614726 0.641134 0.558738 0.460223 0.526459 0.561645 0.470777 0.556167 0.321492 0.364235 0.288561 0.222310 0.473625 0.454389 -0.164927 -0.241147 0.128516 -0.154779 0.275637 0.158135 1.000000 0.477440 0.612688 0.568749 0.298764 0.357412 0.007066 -0.078895 0.555806 0.526326 -0.177376 0.055545 0.604481 0.446043 -0.239301 -0.016604 -0.107195 0.013730 0.072206 0.298508 -0.222386 -0.260887 -0.256798 -0.333717 -0.592489 -0.565410 -0.179780 -0.333728 -0.195749 -0.273071 -0.319603 -0.517798 -0.284494 -0.590142 -0.305488 -0.444913 -0.218360 -0.396616 0.295485 0.131814 -0.443008 -0.416396 0.614891 0.376486 0.195974 0.231389 -0.470746 -0.286896 0.339746 0.303626 -0.126220 0.255193 0.053763 0.094075 0.203196 0.321711 -0.213870 -0.378258 -0.529405 -0.464648 0.051426 0.162133 -0.263849 -0.436608 -0.234014 -0.372581 0.448302 -0.054786 0.043655 0.151985 0.444379 0.353176 0.162766 -0.107880 -0.438818 -0.345957 -0.670494 -0.385164 0.075204 -0.116299 0.081262 0.192473 0.006114 0.190310 0.079236 -0.280027 0.181250 -0.261705 -0.020144 -0.165289 -0.087680 -0.026805 0.131785 0.017983
-0.207198 -0.207533 0.144355 0.439934 0.158629 0.376650 0.133269 0.243588 0.019061 0.233271 -0.272797 0.013735 -0.157920 -0.059369 -0.043962 0.088494 -0.206690 -0.227725 -0.020575 0.057224 0.239514 0.300665 0.477440 1.000000 0.387069 0.479175 0.281668 0.315897 -0.222230 -0.096522 0.229470 0.297024 -0.172296 -0.143711 0.396899 0.395048 -0.135187 0.038526 0.002648 0.308139 0.121438 0.105565 -0.037015 0.023456 0.020961 -0.075799 -0.169355 -0.034717 -0.010926 -0.036675 -0.095902 0.017517 0.145775 0.055252 0.128248 -0.197613 -0.096435 -0.195767 -0.470777 -0.331602 -0.198902 -0.131191 -0.440233 -0.490501 0.070696 0.111579 -0.012514 0.217174 -0.064007 0.159234 0.312410 0.359813 -0.198005 0.111606 -0.116340 -0.037452 -0.015218 0.207476 -0.122348 -0.098863 -0.206832 -0.244183 -0.076927 -0.209533 -0.290975 -0.289635 -0.079391 -0.035479 0.104287 0.247756 0.148778 0.075700 0.162060 0.021630 0.299371 -0.206423 -0.114451 -0.066473 -0.348663 -0.158806 0.053753 -0.258041 0.066432 0.239307 0.101420 -0.010761 -0.100102 -0.252248 0.056666 -0.008482 0.280765 -0.077721 0.027341 0.028168 -0.244795 -0.117140
-0.254935 -0.614178 0.341556 0.319913 0.485970 0.534732 0.290394 0.391048 0.406731 0.630413 0.013841 0.139188 0.073550 0.189712 0.428499 0.387634 -0.338132 -0.508123 -0.185531 -0.427268 0.387237 0.532489 0.612688 0.387069 1.000000 0.748439 0.372323 0.390458 -0.022727 0.046714 0.634719 0.508426 -0.101271 0.056335 0.674922 0.670029 -0.127381 0.198423 0.069854 0.043949 0.222121 0.482369 0.070548 0.034659 0.058972 -0.062027 -0.394228 -0.249632 0.038237 -0.001163 -0.012164 -0.085255 -0.044022 -0.453052 -0.047225 -0.435664 -0.396124 -0.468545 -0.149766 -0.210516 0.149920 0.152361 -0.468705 -0.521982 0.283749 0.324617 0.325341 0.365528 -0.414313 -0.347681 0.306630 0.479780 0.040644 0.303968 0.093502 0.190490 0.327928 0.502266 -0.203947 -0.315929 -0.452794 -0.444433 -0.173460 0.066872 -0.406223 -0.529572 -0.423898 -0.482646 0.119988 -0.214038 -0.070255 0.103317 0.320694 0.202584 0.008444 -0.167456 -0.206204 -0.293048 -0.633798 -0.230511 0.279861 -0.135555 0.195517 0.198291 0.051984 0.095126 0.044134 -0.182684 0.012230 -0.318784 0.032244 -0.110290 -0.034366 0.080141 -0.105734 -0.216574
-0.377859 -0.569446 0.214190 0.567588 0.283678 0.729999 0.102884 0.525998 0.261025 0.676336 -0.139921 0.296005 -0.123935 0.163909 0.201684 0.376711 -0.388438 -0.488395 -0.154784 -0.407817 0.578221 0.681058 0.568749 0.479175 0.748439 1.000000 0.467043 0.622536 -0.168708 0.045514 0.675018 0.697407 -0.156131 0.241231 0.752419 0.758330 -0.078935 0.297550 0.180044 0.240101 0.290766 0.472178 0.093365 0.102855 0.099310 0.044906 -0.344523 -0.164135 -0.124372 0.024289 -0.080073 -0.155813 -0.104142 -0.361812 0.000327 -0.426328 -0.345844 -0.416351 -0.317421 -0.206821 0.018726 0.242496 -0.512151 -0.537823 0.415503 0.451955 0.324547 0.543244 -0.394276 -0.312915 0.206290 0.480382 -0.042792 0.267038 -0.049464 0.213251 0.272827 0.445607 -0.171746 -0.219217 -0.393107 -0.424696 -0.229785 0.030897 -0.423889 -0.488244 -0.246434 -0.236117 0.088057 -0.124083 -0.140262 -0.187643 0.303638 0.004596 0.041853 0.085056 -0.162963 -0.252039 -0.611440 -0.469443 0.121094 -0.380906 0.063264 -0.037573 -0.111320 -0.151507 -0.198688 -0.314878 -0.007870 -0.140510 0.170112 -0.298270 -0.211828 0.045346 -0.212718 -0.080183
-0.030808 -0.177625 0.091521 0.158682 0.350904 0.737380 -0.042141 0.070758 0.213310 0.313988 -0.061721 0.142646 -0.158332 -0.141118 0.006766 0.143463 0.111911 -0.036484 -0.197371 -0.203737 0.387610 0.459251 0.298764 0.281668 0.372323 0.467043 1.000000 0.744460 0.049574 -0.091866 0.182006 0.186789 -0.017140 0.134051 0.291902 0.256110 -0.070981 -0.018934 0.135459 0.205412 0.184463 0.014411 -0.097860 -0.165715 0.031084 0.014034 -0.091752 -0.080459 -0.094469 0.010115 -0.082598 -0.083619 -0.092395 -0.124411 0.049676 -0.140149 0.002853 -0.123213 -0.037162 -0.114390 0.018183 0.136995 -0.188764 -0.171705 0.210815 0.166340 0.274067 0.140209 -0.066073 -0.099691 0.099005 0.091934 0.017185 -0.155839 -0.228984 -0.096900 -0.075028 -0.014711 0.135954 0.127648 0.039956 -0.019518 -0.003126 -0.217347 -0.048596 -0.045132 -0.066892 -0.186154 0.263073 0.028065 -0.025136 -0.103534 0.171229 0.110654 -0.111670 -0.012706 -0.201900 -0.181947 -0.285171 -0.300241 -0.111448 -0.162810 -0.196657 -0.176250 -0.195479 -0.325327 -0.216192 -0.299332 -0.231140 -0.243791 -0.221310 -0.188119 -0.160073 -0.098889 -0.387171 -0.080900
-0.243368 -0.211349 -0.034197 0.294671 0.119013 0.660878 -0.173146 0.205388 0.101182 0.302340 -0.101032 0.225467 -0.255302 -0.063962 -0.047143 0.166968 -0.026846 -0.106568 -0.264326 -0.302372 0.499926 0.556487 0.357412 0.315897 0.390458 0.622536 0.744460 1.000000 -0.096401 -0.001750 0.241702 0.341568 -0.037826 0.195790 0.451062 0.354174 -0.029365 0.061404 0.138068 0.278416 0.110367 0.160279 0.042151 0.012643 0.095203 0.192720 -0.068730 -0.000370 -0.111746 0.110500 -0.007975 -0.129313 -0.145236 -0.148062 -0.065712 -0.142457 -0.028656 -0.058516 -0.212185 0.020119 -0.120817 0.199539 -0.315534 -0.332591 0.229735 0.342223 0.339151 0.381250 -0.110877 -0.175046 0.042104 0.230920 -0.046021 -0.042380 -0.288110 -0.070261 -0.105776 0.046475 0.105497 0.171144 -0.058233 -0.075257 -0.240426 -0.243685 -0.090737 -0.162625 0.116427 -0.017896 0.042717 -0.108774 -0.029692 -0.239830 0.070441 -0.047649 0.008188 0.099559 -0.052757 -0.182690 -0.333062 -0.471991 -0.238099 -0.403926 -0.119144 -0.135428 -0.118595 -0.271133 -0.360233 -0.386610 -0.105448 -0.186222 -0.019852 -0.280707 -0.275468 -0.048097 -0.336510 -0.028022
0.563925 0.205052 0.190970 -0.044598 0.214483 -0.110977 0.112804 0.023739 0.138784 0.066501 0.395768 0.079735 0.423359 0.328997 0.357456 0.383289 0.418396 0.402030 0.292379 0.216741 0.053218 0.060645 0.007066 -0.222230 -0.022727 -0.168708 0.049574 -0.096401 1.000000 0.589995 0.088416 0.099466 0.214555 0.160365 -0.196785 -0.257150 0.364733 -0.204271 0.120795 -0.245993 0.245218 0.184166 -0.327551 -0.399330 -0.452725 -0.486339 -0.159881 -0.388562 -0.250873 -0.414314 -0.282785 -0.294687 -0.290585 -0.253838 -0.045538 -0.112260 0.030003 -0.057581 0.254673 -0.240678 0.383293 0.210322 0.498860 0.505548 -0.039030 -0.131838 -0.329180 -0.574896 -0.285726 -0.331489 0.042261 -0.122416 0.597946 0.121764 0.291428 0.117372 0.067881 -0.036695 0.167423 -0.039946 0.238599 0.202695 0.603431 0.559411 0.222829 0.041114 -0.248888 -0.128551 0.238706 -0.157531 -0.228236 -0.021304 0.031251 0.069008 -0.283384 -0.169386 -0.303478 -0.303399 -0.034296 0.174879 0.074707 0.171073 -0.087805 -0.181255 -0.267191 -0.169513 0.176402 0.026970 -0.026570 -0.000497 -0.452463 0.230259 0.153326 0.116091 0.078835 0.153843
-0.012001 -0.096522 -0.082933 -0.078630 -0.025038 -0.166312 -0.106257 -0.001045 -0.030119 0.042417 -0.056509 -0.053004 0.059572 0.239012 0.150462 0.319490 0.157786 0.356215 -0.000391 -0.085347 0.233028 0.148793 -0.078895 -0.096522 0.046714 0.045514 -0.091866 -0.001750 0.589995 1.000000 0.134204 0.084895 0.199932 0.067135 -0.004153 -0.047265 0.519454 0.196661 0.306770 -0.062379 0.367936 0.397366 -0.028078 -0.026985 -0.148333 -0.157509 -0.007652 -0.132867 -0.007636 -0.026688 -0.107089 -0.079297 -0.028102 -0.105780 0.062398 0.008979 -0.088030 -0.086245 0.046018 -0.069771 0.011692 0.082020 0.177558 0.108149 -0.220142 -0.061997 -0.191294 -0.243936 -0.294597 -0.288064 0.099763 0.248256 0.593558 0.393354 0.391467 0.267206 0.159559 0.146739 0.147940 0.194045 0.196951 0.156286 0.144979 0.328851 0.094716 -0.072991 -0.163017 -0.102004 -0.072330 -0.184734 -0.325056 -0.226780 -0.133075 -0.187062 -0.179151 -0.054992 -0.005897 -0.085171 -0.064034 0.010394 0.133462 0.009419 0.056421 -0.067010 -0.157229 -0.113393 0.128231 0.027433 -0.030078 0.046524 -0.096314 0.140902 0.137201 0.411238 -0.014925 0.141025
-0.197185 -0.602269 0.410214 0.455271 0.410895 0.387670 0.459096 0.575655 0.361104 0.700600 0.189210 0.293276 0.201610 0.436778 0.406892 0.478412 -0.311049 -0.420572 0.093139 -0.282135 0.545875 0.482282 0.555806 0.229470 0.634719 0.675018 0.182006 0.241702 0.088416 0.134204 1.000000 0.852159 -0.075926 0.458597 0.746317 0.703437 -0.118002 0.217912 0.148038 0.303315 0.263676 0.622713 -0.165279 -0.195233 -0.127516 -0.221094 -0.568365 -0.421706 -0.218017 -0.270540 -0.224775 -0.324809 -0.298662 -0.540575 -0.209487 -0.510396 -0.509889 -0.549002 -0.246118 -0.354231 0.331438 0.177691 -0.230480 -0.332274 0.520034 0.335312 0.234314 0.332165 -0.595066 -0.490595 0.164544 0.462517 0.144276 0.398814 0.171766 0.290493 0.433257 0.611788 -0.330433 -0.295122 -0.509507 -0.458758 0.074730 0.380328 -0.364416 -0.506240 -0.240236 -0.210312 0.171379 -0.209492 -0.173158 -0.093325 0.318322 0.096576 0.128300 0.208474 -0.340860 -0.172914 -0.633604 -0.407621 0.184374 -0.204783 0.056408 -0.029089 -0.146224 0.095090 -0.071799 -0.162738 0.190978 -0.048531 0.082843 -0.130824 -0.131656 -0.000587 -0.083634 0.099978
-0.113028 -0.397201 0.356689 0.636803 0.302960 0.405616 0.346693 0.669967 0.304051 0.687572 0.270167 0.514084 0.200747 0.471037 0.344179 0.589666 -0.256667 -0.373811 0.029296 -0.221837 0.459543 0.565458 0.526326 0.297024 0.508426 0.697407 0.186789 0.341568 0.099466 0.084895 0.852159 1.000000 -0.189803 0.510896 0.658446 0.692735 -0.149649 0.066178 0.123048 0.284329 0.302322 0.536062 -0.188030 -0.224284 -0.157853 -0.239843 -0.565444 -0.379378 -0.364967 -0.345591 -0.317793 -0.441865 -0.410299 -0.506742 -0.154361 -0.502452 -0.424807 -0.498466 -0.228291 -0.364117 0.317439 0.360585 -0.190051 -0.329099 0.567778 0.471377 0.052340 0.306490 -0.557739 -0.453019 0.066031 0.382384 -0.088721 0.225103 -0.013041 0.227677 0.278037 0.530399 -0.252651 -0.347647 -0.473798 -0.484038 0.117939 0.505875 -0.379921 -0.499693 -0.124051 0.016197 0.236488 -0.171298 -0.078613 -0.120089 0.325863 0.060381 0.167976 0.239520 -0.276628 -0.176258 -0.591851 -0.342965 0.099870 -0.301945 -0.020228 -0.092640 -0.097083 0.025098 -0.161549 -0.263600 0.293596 -0.025982 0.134342 -0.147512 -0.123391 -0.123374 -0.082981 0.009022
0.186960 0.186190 -0.440210 -0.224785 -0.271349 -0.107269 -0.429588 -0.536361 -0.355379 -0.410285 -0.262117 -0.457501 -0.365742 -0.448306 -0.279272 -0.235468 0.366972 0.212410 0.267615 0.373240 0.073234 -0.082709 -0.177376 -0.172296 -0.101271 -0.156131 -0.017140 -0.037826 0.214555 0.199932 -0.075926 -0.189803 1.000000 0.397210 -0.166459 -0.174968 0.251846 0.129123 0.261600 -0.183361 0.122209 0.017746 0.164574 0.109485 0.038657 0.160851 0.328359 0.167376 0.030913 0.159946 0.020657 0.094312 -0.000658 0.141878 0.385878 0.335740 0.466852 0.530717 -0.057346 -0.052419 -0.281805 -0.313397 0.198617 0.111142 -0.246277 -0.362493 0.039319 -0.183819 0.393143 0.124129 -0.035946 -0.100236 0.262452 0.013351 0.229176 0.098830 0.026732 -0.220806 0.417663 0.383592 0.418241 0.426207 0.186188 -0.069901 0.508387 0.375046 0.120812 -0.033306 -0.197367 0.187717 -0.629384 -0.512230 -0.552491 -0.425551 -0.389448 -0.226945 0.198467 0.052414 0.192251 0.006741 -0.177814 -0.156211 -0.329325 -0.347716 -0.271413 -0.323117 0.124686 0.208842 -0.311734 0.211109 -0.170027 0.033773 -0.074778 0.101695 -0.267388 0.083678
0.078712 0.010953 0.046402 0.291342 0.006818 0.174819 0.058391 0.230734 -0.016423 0.257955 0.136322 0.266955 -0.001796 0.179505 -0.004012 0.169797 0.196872 0.023094 0.039544 0.060322 0.357625 0.262479 0.055545 -0.143711 0.056335 0.241231 0.134051 0.195790 0.160365 0.067135 0.458597 0.510896 0.397210 1.000000 0.380764 0.413952 0.051714 0.280511 0.197258 0.228314 0.212979 0.361996 -0.107767 -0.245963 -0.174602 -0.111465 -0.204686 -0.176038 -0.525790 -0.348973 -0.426307 -0.523881 -0.486933 -0.378687 -0.013690 -0.163165 0.016112 0.035596 -0.021391 -0.231339 0.205420 0.316343 0.121833 0.044225 0.325074 0.163373 0.039634 0.087011 -0.193240 -0.251374 -0.036275 0.147517 0.119320 0.169650 0.131037 0.295775 0.258423 0.292020 0.148804 0.077736 0.012042 0.002725 0.174568 0.314492 0.049205 -0.030828 0.078646 0.040434 -0.083548 -0.200310 -0.430860 -0.452128 -0.007648 -0.141113 -0.070847 0.276282 -0.095343 0.001772 -0.279409 -0.320534 -0.167840 -0.208195 -0.189780 -0.434166 -0.412851 -0.290516 -0.197279 -0.106371 0.049329 0.223019 0.016644 -0.111067 -0.166429 -0.256246 -0.176349 0.074081
-0.412125 -0.583546 0.416709 0.435413 0.363879 0.563822 0.420296 0.617697 0.315118 0.673321 0.074098 0.413441 0.105343 0.397913 0.327803 0.392606 -0.426388 -0.471140 -0.269803 -0.404929 0.534858 0.568073 0.604481 0.396899 0.674922 0.752419 0.291902 0.451062 -0.196785 -0.004153 0.746317 0.658446 -0.166459 0.380764 1.000000 0.871582 -0.126395 0.428283 0.040462 0.329029 0.143489 0.589509 0.052994 -0.049884 0.020711 -0.055132 -0.488048 -0.271585 -0.132154 -0.139528 -0.159468 -0.318103 -0.311023 -0.587900 -0.200897 -0.576055 -0.554070 -0.571922 -0.310171 -0.264535 0.204582 0.322838 -0.539852 -0.567781 0.403387 0.510079 0.383986 0.618859 -0.538626 -0.354958 0.328220 0.614791 -0.074416 0.455042 0.129061 0.210761 0.448489 0.710162 -0.298759 -0.306414 -0.588965 -0.555308 -0.275273 0.084433 -0.516072 -0.580783 -0.251248 -0.347723 -0.019902 -0.368544 -0.022072 -0.050249 0.416523 0.140102 0.225360 0.143388 -0.334236 -0.214330 -0.797183 -0.550340 0.074128 -0.270179 0.105429 0.123858 -0.047560 0.097452 -0.130405 -0.198583 0.030762 -0.256551 0.261357 -0.292800 -0.134705 -0.038947 -0.204895 -0.081341
-0.459629 -0.595142 0.327664 0.438233 0.294566 0.505429 0.323031 0.599553 0.260647 0.698891 -0.043246 0.365035 0.006688 0.340442 0.277025 0.418020 -0.517124 -0.553450 -0.344097 -0.442021 0.511233 0.616605 0.446043 0.395048 0.670029 0.758330 0.256110 0.354174 -0.257150 -0.047265 0.703437 0.692735 -0.174968 0.413952 0.871582 1.000000 -0.194817 0.477236 0.100450 0.281645 0.303702 0.590196 0.110543 0.085897 0.159715 -0.016133 -0.428891 -0.158710 -0.121887 0.000018 -0.099668 -0.194668 -0.176850 -0.484853 -0.030409 -0.502998 -0.545856 -0.559184 -0.227820 -0.122394 0.155411 0.337970 -0.501712 -0.596492 0.378789 0.521937 0.361931 0.649482 -0.464065 -0.286835 0.201660 0.616803 -0.125207 0.419720 0.106336 0.243508 0.447824 0.698810 -0.306834 -0.364625 -0.562761 -0.607133 -0.275445 0.177834 -0.614219 -0.648966 -0.246580 -0.282559 -0.102648 -0.290377 -0.025263 -0.090544 0.376572 0.080189 0.203117 0.176971 -0.189134 -0.115980 -0.705128 -0.445676 0.163562 -0.271862 0.229281 0.096152 -0.019221 0.043138 -0.089251 -0.123888 0.117791 -0.116917 0.297531 -0.273138 -0.121781 -0.145130 -0.232510 -0.202637
