1.000000 0.308980 0.322695 0.182664 -0.302129 -0.037292 0.339233 0.066842 -0.344184 -0.372325 0.182977 0.159235 0.144260 -0.150217 -0.072623 -0.143082 -0.053911 -0.033031 0.522705 0.261572 -0.150169 -0.140083 0.220849 -0.007183 -0.208673 -0.328149 0.016706 -0.001980 -0.070273 0.045275 -0.037732 -0.157253 0.064172 0.007831 0.103559 -0.126719 0.245363 -0.157147 0.082971 -0.055319 -0.103018 0.002578 -0.193858 -0.218190 -0.237261 -0.309815 -0.101800 -0.181645 -0.150108 -0.199262 -0.023272 -0.228791 0.067544 -0.146724 0.080570 -0.032405 0.323103 0.105845 0.026945 -0.059187 0.272423 0.189704 0.148523 0.272212 0.096237 -0.010154 -0.300668 -0.325102 0.109921 -0.022688 0.107569 0.121933 0.059285 -0.092921 -0.109178 0.074602 0.092056 -0.171593 0.027680 -0.122275 -0.017812 0.005665 0.053115 -0.114722 -0.150763 -0.059438 0.051977 -0.227696 0.077869 0.167950 -0.166202 -0.320106 -0.274551 -0.032679 0.054631 0.099606 0.019723 -0.094896 0.058986 0.024899 -0.114730 0.253407 -0.011594 0.221922 0.098607 -0.144123 0.022697 -0.166700 0.064736 0.058900 -0.318894 -0.129537 -0.081096 -0.039594 -0.008125 0.151636
0.308980 1.000000 0.128837 0.320752 0.336517 0.112998 0.161163 0.105979 0.188408 0.146377 -0.352034 0.168998 -0.001549 0.217374 0.117770 0.375115 -0.284575 -0.178029 0.372908 0.433918 -0.307167 -0.281350 -0.097190 -0.005489 -0.309086 -0.180967 0.156798 -0.097241 -0.330941 -0.169821 -0.331478 -0.408110 -0.044536 0.100218 -0.193226 0.114579 0.086448 -0.136240 0.086290 0.398675 -0.157896 -0.091536 -0.296536 -0.534886 -0.063968 0.019153 -0.376025 -0.251729 0.079023 0.112447 -0.405831 -0.084411 -0.130308 -0.400826 -0.015921 -0.060825 0.299923 0.272104 0.364236 0.463022 0.347346 0.556496 0.059709 0.221438 -0.031680 0.574909 0.089342 0.064451 0.532191 0.497199 -0.259367 -0.495912 -0.339192 -0.348252 -0.342183 -0.301440 -0.163627 -0.258589 -0.385636 -0.413889 -0.097883 -0.103597 0.070504 0.252579 -0.335555 -0.143015 -0.179337 -0.128941 0.050810 0.139057 0.199347 0.087992 0.075277 -0.090132 0.016161 0.075982 -0.124238 -0.486627 0.011286 -0.051854 -0.124114 0.188788 0.084350 0.082910 -0.077813 -0.512419 0.087714 -0.221501 0.139685 -0.193075 -0.042058 -0.295211 -0.172991 -0.585724 -0.434141 -0.115350
0.322695 0.128837 1.000000 0.213508 0.134477 0.123280 0.476617 0.552141 0.186225 -0.138259 -0.135609 0.181521 0.085799 -0.138485 0.136976 0.162467 -0.282807 -0.265830 0.111543 -0.001788 -0.070521 -0.051844 0.503259 0.515932 0.072233 0.262226 0.119463 0.409063 -0.473902 -0.485739 -0.056030 -0.027935 -0.116651 -0.138070 0.088467 0.215999 -0.132054 -0.206751 -0.029508 -0.176972 -0.120293 -0.146407 -0.416793 -0.068209 0.032537 0.080570 -0.529360 -0.270002 -0.020788 -0.271721 0.160105 -0.142046 -0.328712 -0.326594 -0.190925 -0.249840 -0.197662 -0.066748 -0.017330 0.127789 0.013374 0.242602 -0.003536 0.018772 -0.010224 0.084255 0.111643 0.219007 -0.012536 0.107864 -0.080416 -0.038144 -0.413431 -0.214644 -0.292960 -0.332733 -0.422628 -0.178198 -0.165362 -0.278191 -0.385125 -0.359065 -0.112933 -0.329533 -0.276938 -0.203291 -0.040708 -0.037712 0.152199 0.176242 0.022807 -0.062023 0.401537 0.313781 0.092293 -0.034034 0.060131 0.199403 -0.471548 -0.520333 0.044811 0.144416 -0.185256 0.292869 0.118554 0.085770 0.143253 0.158142 -0.041501 -0.096154 0.137801 -0.187309 -0.176332 -0.129236 -0.078162 0.011157
0.182664 0.320752 0.213508 1.000000 0.250743 0.062892 0.231403 0.571452 0.060603 0.125762 -0.191448 -0.070475 -0.011328 0.035996 -0.013952 0.196117 -0.013542 -0.228629 0.381188 0.228160 -0.117905 -0.045891 -0.115116 0.135019 -0.316018 0.030606 0.154143 -0.097580 -0.129386 -0.161652 -0.036895 -0.026697 -0.045913 0.179927 0.008540 -0.065365 -0.028526 -0.005514 -0.009700 0.165435 0.037049 -0.024046 -0.058702 -0.381846 -0.102795 0.006742 -0.048648 -0.015027 -0.042278 -0.113528 -0.158865 -0.340638 -0.400491 -0.317782 -0.053739 -0.028263 0.048904 -0.267794 0.089604 0.249583 0.155440 0.040384 0.172985 0.010077 0.026127 0.275961 0.039304 0.040157 0.215198 0.136732 -0.268964 -0.061110 -0.075260 -0.091416 0.023377 -0.147086 -0.201991 -0.287495 -0.157036 -0.314498 -0.150479 -0.161634 -0.018852 0.207028 -0.261151 -0.174849 -0.164224 -0.177406 -0.009856 -0.037102 0.078645 0.083221 0.159781 -0.060377 -0.085774 0.131104 0.002557 -0.258934 0.058761 -0.075680 0.053924 0.228038 0.093064 0.091408 -0.113939 -0.362771 -0.090660 -0.222839 0.169641 0.033603 -0.039827 -0.301329 -0.248133 -0.140979 -0.218036 -0.128739
-0.302129 0.336517 0.134477 0.250743 1.000000 0.580368 -0.023852 0.188230 0.651024 0.629936 -0.268367 0.000789 -0.246846 0.184898 0.359428 0.596894 -0.262759 -0.203948 0.021604 0.246688 -0.155731 -0.081590 -0.153804 0.194077 -0.053582 0.100254 0.372045 0.107269 -0.279137 -0.283738 -0.213732 -0.231113 -0.182142 -0.053712 -0.077666 0.252828 -0.105004 -0.080437 0.154391 0.274277 0.009546 -0.040441 -0.220883 -0.302934 -0.013973 0.174352 -0.271112 -0.157894 0.056464 -0.022307 -0.336892 -0.075611 -0.185704 -0.231502 -0.088664 -0.051459 0.020507 -0.113435 0.304937 0.262630 -0.050795 0.170911 -0.148198 -0.299516 -0.070359 0.300970 0.070230 0.313455 0.273738 0.300328 -0.283766 -0.462563 -0.318947 -0.282983 -0.230450 -0.280890 -0.277227 -0.238740 -0.251664 -0.256721 -0.167643 -0.120834 0.009810 0.253637 -0.123150 -0.248447 -0.188224 -0.216244 0.188049 -0.024902 0.223957 0.351331 0.466580 0.316155 0.066950 -0.190803 0.017899 -0.334055 -0.064136 -0.171328 0.090542 0.095197 0.033570 -0.121395 -0.198293 -0.286065 -0.140985 -0.042911 0.179335 -0.269085 0.197791 -0.107140 -0.100147 -0.185391 -0.302459 -0.057157
-0.037292 0.112998 0.123280 0.062892 0.580368 1.000000 -0.105825 -0.047700 0.425930 0.503637 -0.097642 -0.057545 -0.250632 -0.237336 0.419527 0.432079 -0.398811 -0.170109 0.161243 0.279348 0.087371 0.231966 -0.107567 -0.084173 -0.018483 0.034706 0.522241 0.399693 -0.148639 0.061826 -0.196516 -0.307822 -0.220023 -0.289104 0.106611 -0.028768 0.153212 0.151433 0.438355 0.356784 0.316758 0.194396 -0.194297 -0.187702 -0.101820 -0.010167 -0.052699 0.026825 -0.094503 -0.087736 -0.248923 -0.086107 -0.097733 -0.050888 0.158720 0.290011 -0.060366 -0.270235 0.214423 0.094950 -0.130537 -0.138945 -0.372780 -0.480038 -0.237235 -0.051071 0.092525 0.171670 0.201830 0.213327 0.031995 -0.103744 0.020780 0.007292 -0.104550 0.103475 -0.049293 -0.002800 -0.023534 -0.132435 -0.144609 -0.090014 0.212915 0.277155 0.076116 -0.167963 -0.024402 -0.422015 0.221303 0.124005 -0.032792 0.161764 0.101031 0.205630 0.005329 -0.133497 0.070409 -0.101266 0.136797 -0.142643 -0.103352 0.248095 0.047846 -0.058051 -0.236138 -0.111772 -0.099337 -0.144076 0.210523 -0.185300 -0.060729 -0.261353 -0.107596 -0.151660 -0.133775 -0.143433
0.339233 0.161163 0.476617 0.231403 -0.023852 -0.105825 1.000000 0.355928 -0.134100 -0.315038 0.114192 0.171863 0.465215 0.028309 -0.245166 -0.134167 -0.251377 -0.053420 0.174846 0.083578 -0.114755 -0.161512 0.461687 0.426914 -0.033463 0.028368 0.000009 -0.039821 -0.105921 -0.100558 0.035723 0.071453 -0.064735 0.012398 -0.051794 0.023672 -0.033567 -0.163032 0.033922 -0.102575 -0.193421 -0.117910 -0.243600 -0.116671 -0.102532 -0.048700 -0.374563 -0.335694 -0.206943 -0.088227 -0.026335 -0.221905 -0.218394 -0.310401 -0.050172 -0.220480 -0.077495 0.062466 -0.237392 -0.016759 -0.207723 0.194613 -0.155417 0.045946 0.167591 0.085230 -0.157728 0.039534 0.006815 0.049606 -0.045959 0.059441 -0.133823 -0.111331 -0.116053 -0.216651 -0.246099 -0.134736 -0.107584 -0.084671 -0.222485 -0.219177 -0.007635 -0.132260 -0.069249 0.079491 0.078004 0.084510 0.062000 0.284187 -0.034254 -0.312757 -0.025237 0.067574 -0.051974 0.087649 -0.262587 -0.045224 -0.385319 -0.412590 -0.080820 0.196922 0.000674 0.245895 0.065680 -0.041134 0.135184 0.025444 0.069293 -0.019381 -0.114752 -0.146648 -0.173465 -0.015398 0.118183 0.072786
0.066842 0.105979 0.552141 0.571452 0.188230 -0.047700 0.355928 1.000000 0.170580 0.053487 -0.179153 0.229672 0.033598 0.086488 -0.142585 0.128902 0.018474 -0.246710 -0.075511 -0.189748 -0.223584 -0.039445 0.094578 0.333847 0.039139 0.131696 0.057303 0.125204 -0.417842 -0.513527 -0.153982 -0.079966 -0.267058 -0.052132 0.273683 0.177085 -0.350623 -0.276526 -0.227547 -0.267831 -0.116954 -0.246642 -0.190154 -0.023304 0.164775 0.330990 -0.297170 -0.244618 0.148675 0.065245 0.251154 0.056148 -0.299306 -0.206263 -0.242367 -0.321373 -0.249745 -0.274421 -0.027259 0.164713 -0.009105 0.046369 0.081363 0.003023 0.126401 0.286621 0.229118 0.305141 -0.199195 -0.143378 -0.224757 -0.124331 -0.340446 -0.002208 -0.189887 -0.397758 -0.357575 -0.246877 -0.131309 -0.291217 -0.267870 -0.405417 -0.282045 -0.352403 -0.220398 -0.226637 -0.075448 -0.091349 0.056392 -0.148089 -0.095068 -0.093175 0.420619 0.163296 0.028601 -0.042072 0.003178 0.132377 -0.323677 -0.380303 0.383603 0.053294 0.024904 0.299583 0.257072 0.096223 0.200002 0.111106 0.127854 -0.022049 -0.023909 -0.219237 -0.235096 0.154260 0.162065 0.162882
-0.344184 0.188408 0.186225 0.060603 0.651024 0.425930 -0.134100 0.170580 1.000000 0.691653 -0.107272 0.275627 -0.053883 0.244630 0.372496 0.502422 0.015946 -0.107230 -0.109531 -0.069818 -0.403541 -0.278565 -0.218307 0.086993 0.165879 0.007371 -0.036303 0.024063 -0.218724 -0.346777 -0.241644 -0.287186 -0.044374 0.099339 -0.158205 0.209352 -0.123235 -0.139218 -0.046770 0.047012 -0.068951 -0.122262 -0.034554 -0.076068 0.144503 0.197699 -0.089963 0.092580 0.089518 -0.138719 -0.120162 0.046266 -0.160655 -0.080475 -0.138467 -0.031609 -0.151879 -0.209975 0.150659 -0.038261 -0.049307 0.070989 -0.035127 -0.247106 -0.002277 0.385239 0.208405 0.353589 0.008904 0.188451 -0.275832 -0.483430 -0.236375 -0.236182 -0.174754 -0.194422 -0.076069 -0.127736 -0.173291 -0.085839 -0.088117 -0.104755 -0.086295 0.045875 -0.071109 -0.150871 -0.147987 -0.027129 -0.038260 -0.121454 0.241455 0.416413 0.423450 0.354405 0.071425 -0.001657 0.015058 -0.076230 -0.110826 -0.125903 0.066285 0.042048 -0.085380 -0.109303 -0.145570 -0.167752 -0.153066 0.030264 0.140691 -0.225465 0.200233 -0.069130 -0.051906 -0.040313 -0.183869 -0.037076
-0.372325 0.146377 -0.138259 0.125762 0.629936 0.503637 -0.315038 0.053487 0.691653 1.000000 -0.185136 0.132035 -0.252074 0.199279 0.169827 0.398935 0.056936 0.042598 -0.111618 0.029150 -0.262158 -0.132573 -0.528058 -0.194660 -0.036296 -0.214095 -0.033699 -0.199550 -0.148660 -0.191214 -0.363858 -0.403238 -0.163988 -0.017000 0.050446 0.063606 -0.165894 -0.132145 -0.025526 0.172850 0.041254 -0.054161 0.137868 -0.152417 0.111703 0.183220 0.080281 0.107275 0.132987 0.003515 -0.168487 0.167336 -0.065587 0.026419 -0.078770 0.008471 -0.087984 -0.372089 0.308448 0.140294 0.010359 0.040056 -0.093209 -0.322806 -0.066203 0.399329 0.296728 0.344711 0.076329 0.091938 -0.131203 -0.377300 -0.112357 -0.162681 -0.090080 -0.167993 -0.019190 -0.099992 -0.123134 -0.085331 -0.175174 -0.156640 -0.118305 0.212345 -0.032691 -0.216183 -0.197086 -0.248093 -0.202202 -0.274956 0.340148 0.557316 0.417715 0.263702 0.029934 -0.081522 0.031564 -0.137445 0.105034 0.041742 0.209603 0.022889 0.011501 -0.150265 -0.096752 -0.151826 -0.027992 -0.011927 0.147254 -0.189817 0.079102 -0.024124 0.200807 0.028705 -0.127936 -0.153975
0.182977 -0.352034 -0.135609 -0.191448 -0.268367 -0.097642 0.114192 -0.179153 -0.107272 -0.185136 1.000000 0.356132 0.557643 0.122442 0.282433 0.071678 0.299390 0.245147 -0.236921 -0.412161 -0.082153 0.068723 0.267590 0.183823 0.192694 -0.025816 -0.025398 -0.120496 0.356413 0.224542 0.258259 0.244431 -0.117577 -0.003612 0.067633 0.030219 -0.012491 -0.017772 -0.133497 -0.344087 0.178489 0.265508 0.159672 0.258783 -0.219637 -0.207037 0.242942 0.131888 -0.200917 -0.340555 0.385606 0.032270 0.252774 0.442249 0.123550 -0.003462 -0.332665 -0.134547 -0.532079 -0.565204 -0.383860 -0.460142 -0.288393 -0.242167 0.439296 -0.149664 -0.446977 -0.338474 -0.537273 -0.321708 0.065554 0.205495 0.257503 0.095870 0.196369 0.286567 0.210153 0.050838 0.207795 0.325236 0.205254 0.058134 0.305904 -0.031994 0.496900 0.372930 0.179721 0.123349 0.171264 0.221897 -0.285125 -0.266303 -0.168391 0.069925 -0.223400 -0.122700 -0.210464 0.162300 -0.141003 -0.088677 0.114967 0.052692 -0.221366 -0.068891 -0.040885 0.270260 -0.178237 0.084198 -0.137396 0.010987 -0.150532 0.177713 0.124252 0.378757 0.314443 0.053238
0.159235 0.168998 0.181521 -0.070475 0.000789 -0.057545 0.171863 0.229672 0.275627 0.132035 0.356132 1.000000 0.527852 0.433725 0.050728 0.169328 0.274515 0.327854 -0.401421 -0.484222 -0.572286 -0.301441 0.034675 0.111283 -0.130817 -0.254679 -0.224148 -0.271058 -0.089358 -0.152200 -0.320085 -0.249959 -0.431191 -0.141520 0.095741 0.306320 -0.234539 -0.332889 -0.341725 -0.336100 -0.056101 -0.062502 0.154317 0.181601 0.265841 0.292875 -0.115283 -0.003627 0.251749 -0.040001 0.299393 0.328306 0.003749 0.009638 -0.100411 -0.295465 -0.335033 -0.365090 -0.200844 -0.340798 0.001688 -0.050804 -0.071691 -0.098072 0.289701 0.436288 -0.107559 0.157376 -0.495359 -0.376003 -0.108876 -0.110321 -0.106621 -0.038140 0.009748 -0.061844 -0.076285 -0.054565 -0.251773 -0.007026 -0.028053 -0.170779 -0.239506 -0.382845 0.125667 0.226747 -0.138554 0.088850 -0.228959 -0.088218 -0.133822 -0.037569 0.151015 0.189462 -0.074239 0.030564 -0.116016 0.221417 -0.191679 -0.090524 0.259637 0.088624 0.020132 0.090775 0.159506 0.166754 0.124138 0.239351 0.127746 0.093699 -0.106732 -0.009758 0.230282 0.213814 0.249710 0.248490
0.144260 -0.001549 0.085799 -0.011328 -0.246846 -0.250632 0.465215 0.033598 -0.053883 -0.252074 0.557643 0.527852 1.000000 0.377877 0.091505 0.053487 0.184555 0.241128 -0.279561 -0.417262 -0.209576 -0.154741 0.350445 0.296196 0.080936 0.020130 -0.048105 -0.190469 0.267619 0.191456 0.063138 0.076559 -0.161102 -0.056358 -0.246624 0.043700 -0.024785 -0.017188 -0.086278 -0.125467 0.177069 0.202659 0.016459 0.081381 -0.131918 -0.140678 0.069323 0.102984 -0.015400 -0.087074 0.189581 0.007561 0.075714 0.082685 0.142459 -0.056715 -0.254289 0.011104 -0.482445 -0.452064 -0.173223 -0.106308 -0.194591 -0.020204 0.432502 0.135578 -0.396864 -0.282415 -0.386078 -0.301727 -0.156989 0.089398 0.211102 0.135956 0.216614 0.108652 -0.011098 0.033300 -0.042401 0.176403 0.174141 0.000766 0.130856 -0.169082 0.236895 0.204429 0.024709 0.299337 0.065189 0.252308 -0.223377 -0.383724 -0.131814 0.105112 -0.302502 0.062246 -0.146506 0.133788 -0.181573 -0.077652 0.189011 0.276090 0.045227 0.191279 -0.047108 0.098602 -0.213028 0.033509 0.078787 0.044446 -0.179120 -0.071793 0.053954 0.151013 0.273898 0.094664
-0.150217 0.217374 -0.138485 0.035996 0.184898 -0.237336 0.028309 0.086488 0.244630 0.199279 0.122442 0.433725 0.377877 1.000000 0.136623 0.326272 0.332056 0.308406 -0.350717 -0.311814 -0.161783 -0.140381 -0.015769 0.106248 0.112121 0.010062 -0.142868 -0.334381 0.125310 0.021547 0.099386 0.046135 -0.075727 0.150549 -0.207765 0.205880 -0.236789 -0.268313 -0.349648 -0.235631 0.112275 -0.137066 0.022861 -0.030051 -0.091135 -0.052398 0.027275 0.015420 0.045776 -0.080182 -0.134907 -0.080856 0.091273 0.118014 -0.155738 -0.282966 0.028995 0.057448 -0.087149 -0.119249 0.114240 0.200532 0.169359 0.133159 0.336903 0.291159 -0.138086 -0.180950 -0.233290 -0.259525 -0.110634 -0.052153 0.006000 -0.203721 -0.108429 -0.115060 -0.041216 0.000339 -0.360107 -0.060330 0.135329 -0.102796 -0.034132 0.100675 0.026140 -0.112133 -0.174496 0.108306 -0.032712 -0.226781 0.018471 0.072060 -0.009649 0.167517 -0.302749 -0.148168 -0.273298 -0.117595 -0.087514 -0.039176 0.243299 0.235976 0.179416 0.113592 0.057054 -0.054388 -0.069864 0.113702 0.004294 -0.237698 -0.003096 0.066208 -0.081612 0.053502 0.098973 0.056916
-0.072623 0.117770 0.136976 -0.013952 0.359428 0.419527 -0.245166 -0.142585 0.372496 0.169827 0.282433 0.050728 0.091505 0.136623 1.000000 0.773710 -0.123870 -0.267886 -0.063053 0.010326 0.155424 0.315603 0.187330 0.148368 0.142631 0.313973 0.492321 0.358994 -0.011028 -0.009870 0.119641 -0.050984 -0.183265 -0.165810 -0.143647 0.060129 0.060847 0.192845 0.286305 0.178547 0.442937 0.328136 -0.316997 -0.254088 -0.408249 -0.273306 -0.044363 0.004317 -0.204187 -0.315661 -0.010656 -0.148297 0.124570 0.194524 0.228492 0.191291 -0.061581 -0.057239 0.050271 0.038234 -0.060813 -0.085186 -0.189705 -0.355799 0.177960 -0.061121 -0.190367 -0.235852 0.018833 0.216770 0.080905 -0.076895 -0.037830 -0.125405 -0.047614 0.067507 -0.057581 -0.034611 -0.149651 -0.204717 0.040051 -0.124813 0.459396 0.291983 0.149962 -0.056149 -0.040116 -0.178686 0.564925 0.346197 -0.014643 0.129948 0.161015 0.280939 -0.272911 -0.332167 0.004465 0.003537 0.030948 -0.123123 0.021790 0.254307 -0.061633 0.003715 -0.338027 -0.202113 -0.364169 -0.034074 -0.112345 -0.362286 0.096957 -0.273803 -0.234963 -0.266657 -0.253093 -0.307033
-0.143082 0.375115 0.162467 0.196117 0.596894 0.432079 -0.134167 0.128902 0.502422 0.398935 0.071678 0.169328 0.053487 0.326272 0.773710 1.000000 -0.120668 -0.274663 -0.118390 0.008915 -0.004093 0.304450 0.063485 0.264658 -0.033189 0.238583 0.448084 0.157613 -0.238745 -0.159970 -0.046354 -0.165166 -0.356582 -0.246238 -0.128370 0.258568 -0.151319 -0.001139 0.121286 0.080354 0.381963 0.030057 -0.334719 -0.271360 -0.241569 -0.020361 -0.198112 -0.043859 -0.008620 -0.180905 -0.029091 -0.007145 0.051525 0.113950 0.105269 0.039573 -0.118626 -0.115674 0.209795 0.208157 -0.068712 0.001298 -0.131683 -0.406878 0.262538 0.278956 -0.000237 0.020079 0.088657 0.395597 -0.096163 -0.214473 -0.316767 -0.333837 -0.336820 -0.278884 -0.400528 -0.231758 -0.425415 -0.382229 -0.108052 -0.335386 0.324033 0.307115 -0.029973 -0.172456 -0.229191 -0.286551 0.470611 0.289185 0.141440 0.195216 0.388901 0.246864 -0.388436 -0.458133 -0.255088 -0.057298 -0.094642 -0.298391 0.170239 0.201765 -0.049117 0.043468 -0.312240 -0.257445 -0.162529 0.006676 -0.102243 -0.491588 0.095993 -0.295593 -0.280635 -0.300766 -0.251424 -0.308715
-0.053911 -0.284575 -0.282807 -0.013542 -0.262759 -0.398811 -0.251377 0.018474 0.015946 0.056936 0.299390 0.274515 0.184555 0.332056 -0.123870 -0.120668 1.000000 0.351613 -0.277485 -0.533598 -0.156274 -0.127457 -0.265610 -0.243354 0.097006 -0.262296 -0.415101 -0.376277 0.475235 0.209557 0.113877 0.070954 0.074009 0.031122 0.023318 -0.228478 0.041024 0.053426 -0.283040 -0.297721 0.122310 0.097417 0.312988 0.159950 -0.014981 -0.085359 0.448053 0.256963 0.086286 -0.168125 0.322597 0.145516 0.118768 0.295826 -0.033035 0.053841 -0.051947 -0.180035 -0.174989 -0.268663 0.274075 -0.208637 0.387766 0.177450 0.211510 0.023407 0.060219 -0.112184 -0.446451 -0.421383 -0.030697 0.088587 0.370268 0.245392 0.286836 0.033262 0.130931 -0.092832 0.316970 0.369277 0.455765 0.357645 -0.320291 -0.136365 0.218119 0.227112 -0.294486 -0.137854 -0.287466 -0.325648 -0.192789 -0.146996 -0.188092 -0.191742 -0.245148 -0.066575 0.046401 0.034926 0.104841 0.219756 0.259974 -0.019060 0.032232 -0.038088 0.039126 0.090450 -0.265444 -0.082699 -0.050309 0.033023 -0.190320 0.153721 0.128102 0.256241 0.054457 -0.057016
-0.033031 -0.178029 -0.265830 -0.228629 -0.203948 -0.170109 -0.053420 -0.246710 -0.107230 0.042598 0.245147 0.327854 0.241128 0.308406 -0.267886 -0.274663 0.351613 1.000000 -0.150408 -0.241942 -0.198017 -0.232728 -0.043742 -0.095009 -0.117848 -0.408972 -0.336976 -0.324156 0.287357 0.364435 -0.127363 -0.035395 -0.069224 -0.008321 -0.062638 -0.092269 -0.051197 -0.043551 -0.345598 -0.195585 -0.028395 0.131363 0.147415 0.148948 0.026248 -0.041153 0.104941 -0.096425 0.220959 0.152859 -0.027618 0.150583 0.108492 0.108137 -0.029733 -0.110970 -0.153035 -0.036311 -0.267715 -0.362130 0.008441 -0.047910 -0.033902 0.132046 0.059800 -0.053964 -0.084483 -0.112268 -0.287220 -0.431895 -0.131302 0.145301 0.379327 0.270935 0.363818 0.206248 0.180080 0.094600 0.205476 0.342868 0.177696 0.274638 -0.253975 -0.068676 0.174808 0.150365 0.021652 0.058819 -0.391193 -0.204525 -0.148879 -0.151909 -0.096233 -0.042478 -0.029469 0.196445 -0.082788 0.003356 0.035728 0.131785 -0.005515 0.041281 0.108139 -0.006459 0.167576 0.314359 0.000143 0.119667 0.116932 0.295909 -0.278661 0.248215 0.431649 0.370512 0.295292 0.151059
0.522705 0.372908 0.111543 0.381188 0.021604 0.161243 0.174846 -0.075511 -0.109531 -0.111618 -0.236921 -0.401421 -0.279561 -0.350717 -0.063053 -0.118390 -0.277485 -0.150408 1.000000 0.731092 -0.005012 -0.126259 -0.053496 -0.180191 -0.291889 -0.267965 0.061086 0.012575 0.015019 0.151330 -0.083008 -0.206035 0.292851 0.151132 -0.158919 -0.377714 0.314921 0.087497 0.275133 0.416697 -0.189114 -0.009793 -0.201875 -0.469236 -0.341005 -0.412111 0.015323 -0.128365 -0.277722 -0.133901 -0.476767 -0.479529 -0.080172 -0.236308 0.036371 0.246549 0.441333 0.266240 0.245161 0.237387 0.221287 0.230573 0.068900 0.253512 -0.219584 -0.087733 -0.107691 -0.249227 0.601397 0.383437 -0.054978 -0.056298 0.088294 -0.078855 -0.109929 0.121867 0.167745 -0.183662 0.023387 -0.072583 -0.049092 0.176072 0.224463 0.391011 -0.240365 -0.053271 0.103759 -0.287634 0.035688 0.224583 0.129732 -0.009938 -0.178537 -0.101942 0.248563 0.194724 0.106131 -0.453416 0.208378 0.153590 -0.364164 0.133995 0.008117 -0.080803 -0.162967 -0.449233 -0.105056 -0.403617 -0.054448 -0.076169 -0.203201 -0.226840 -0.176676 -0.370548 -0.330313 -0.194476
0.261572 0.433918 -0.001788 0.228160 0.246688 0.279348 0.083578 -0.189748 -0.069818 0.029150 -0.412161 -0.484222 -0.417262 -0.311814 0.010326 0.008915 -0.533598 -0.241942 0.731092 1.000000 0.096741 -0.120376 -0.093109 -0.067653 -0.307223 -0.143045 0.194175 0.006098 -0.216352 -0.040023 -0.195117 -0.209385 0.187282 0.217829 -0.208148 -0.174890 0.153951 0.003223 0.230291 0.527188 -0.265220 -0.124622 -0.184323 -0.450642 -0.152634 -0.165065 -0.234861 -0.280806 -0.117610 0.078200 -0.569384 -0.316532 -0.118081 -0.238967 -0.130829 0.069963 0.524018 0.344440 0.431878 0.434155 0.135128 0.415280 -0.096067 0.066321 -0.204386 0.041658 -0.063820 -0.051870 0.789703 0.555525 -0.016304 -0.250226 -0.154400 -0.180646 -0.286417 -0.024520 0.109410 -0.087853 -0.132826 -0.250349 -0.213501 0.029037 0.169747 0.413770 -0.336124 -0.249537 0.127699 -0.239142 0.059483 0.160064 0.269158 0.215891 -0.065090 -0.187644 0.357433 0.140946 -0.107471 -0.442939 0.056522 0.058092 -0.384417 0.015846 -0.007442 -0.005382 -0.053003 -0.388761 0.041954 -0.177754 -0.026164 -0.121755 0.096922 -0.140753 -0.135622 -0.361964 -0.378484 -0.055563
-0.150169 -0.307167 -0.070521 -0.117905 -0.155731 0.087371 -0.114755 -0.223584 -0.403541 -0.262158 -0.082153 -0.572286 -0.209576 -0.161783 0.155424 -0.004093 -0.156274 -0.198017 -0.005012 0.096741 1.000000 0.728584 0.148914 -0.043832 0.286085 0.499420 0.446869 0.467066 0.181556 0.267373 0.521157 0.421101 0.000419 -0.153862 -0.051414 -0.226095 0.109152 0.253356 0.290942 0.114939 0.363297 0.201602 -0.147122 0.059923 -0.356584 -0.355726 0.098119 0.066194 -0.236209 -0.133632 -0.038253 -0.245823 0.108946 0.243989 0.107283 0.203598 0.210106 0.191051 0.100833 0.152703 0.050397 -0.152074 0.021257 0.056919 -0.145256 -0.536488 -0.049972 -0.359523 0.101092 0.120045 0.553312 0.590698 0.158959 0.210359 -0.012744 0.254942 -0.034299 0.372281 0.024109 -0.050793 -0.008071 -0.076759 0.420801 0.258446 0.085049 -0.100262 0.113605 -0.143883 0.380823 0.222961 -0.083863 -0.075689 -0.251251 -0.169455 -0.236127 -0.343254 0.006219 0.117660 0.083619 -0.096970 -0.166838 0.017962 -0.046689 -0.062359 -0.220736 -0.045922 -0.093424 -0.102084 -0.231522 -0.027383 0.201343 -0.068646 -0.321468 -0.132367 -0.083866 -0.274323
-0.140083 -0.281350 -0.051844 -0.045891 -0.081590 0.231966 -0.161512 -0.039445 -0.278565 -0.132573 0.068723 -0.301441 -0.154741 -0.140381 0.315603 0.304450 -0.127457 -0.232728 -0.126259 -0.120376 0.728584 1.000000 0.173321 0.039311 0.167362 0.434646 0.503087 0.460855 0.021163 0.169769 0.377560 0.262578 -0.358116 -0.451880 0.102035 -0.063413 -0.029881 0.189216 0.197977 -0.122914 0.541129 0.147977 -0.132968 0.210137 -0.262740 -0.108836 0.073584 0.130828 -0.232771 -0.096386 0.162553 -0.023648 0.156175 0.335407 0.169776 0.166368 -0.041096 -0.132488 0.030651 0.078036 -0.125174 -0.455477 -0.086607 -0.304094 0.000490 -0.473698 -0.027367 -0.218607 -0.159048 0.126366 0.436747 0.563540 -0.001323 0.067232 -0.151052 0.067020 -0.278025 0.075332 -0.137995 -0.223791 -0.052227 -0.297256 0.369927 0.189129 0.128352 -0.023244 -0.047584 -0.344984 0.453813 0.252386 -0.121159 -0.049216 -0.072864 -0.083233 -0.381470 -0.579250 -0.071324 0.385059 0.076564 -0.238780 -0.008005 -0.008621 0.013821 0.084405 -0.200185 0.094910 -0.017326 0.082041 -0.316655 -0.171129 0.032038 -0.228982 -0.368911 -0.061426 0.104716 -0.250529
0.220849 -0.097190 0.503259 -0.115116 -0.153804 -0.107567 0.461687 0.094578 -0.218307 -0.528058 0.267590 0.034675 0.350445 -0.015769 0.187330 0.063485 -0.265610 -0.043742 -0.053496 -0.093109 0.148914 0.173321 1.000000 0.747178 0.116811 0.454903 0.200022 0.431349 -0.233165 -0.003954 0.387222 0.472518 -0.102318 -0.028687 -0.188535 0.352732 -0.115031 -0.100718 -0.036539 -0.275101 -0.004158 0.007289 -0.427130 0.145651 -0.307598 -0.171413 -0.341447 -0.277605 -0.367377 -0.323564 0.053724 -0.248539 -0.119524 -0.110227 -0.028869 -0.277020 -0.185015 0.306185 -0.345715 -0.202397 -0.273789 0.092335 -0.112211 0.082923 0.146198 -0.310658 -0.406950 -0.166089 -0.185646 0.012147 0.030375 0.208084 -0.255981 -0.061898 -0.163613 -0.002792 -0.201538 -0.012486 -0.098972 -0.046510 -0.051450 -0.190415 0.198986 -0.152588 0.120968 0.099912 0.295908 0.290501 0.434268 0.441251 -0.244608 -0.422450 0.039485 0.240642 -0.057794 -0.032813 -0.301510 0.160888 -0.414599 -0.480373 -0.119258 0.040900 -0.150211 0.221771 0.033791 0.297054 0.057344 0.246818 -0.059211 0.023299 0.038241 0.065646 -0.117445 0.063762 0.260797 0.167692
-0.007183 -0.005489 0.515932 0.135019 0.194077 -0.084173 0.426914 0.333847 0.086993 -0.194660 0.183823 0.111283 0.296196 0.106248 0.148368 0.264658 -0.243354 -0.095009 -0.180191 -0.067653 -0.043832 0.039311 0.747178 1.000000 0.125498 0.525520 0.116255 0.276287 -0.418207 -0.344301 0.257869 0.452939 -0.121564 0.090984 -0.198964 0.493906 -0.373358 -0.295433 -0.299806 -0.287068 -0.188843 -0.202782 -0.199238 0.236307 -0.104324 0.115359 -0.502234 -0.276718 -0.159351 -0.284318 0.085344 -0.105487 -0.364169 -0.202698 -0.329015 -0.498347 -0.303465 0.103868 -0.298752 -0.100754 -0.364375 0.112242 -0.144162 -0.039010 0.263416 0.022852 -0.294848 0.100833 -0.118475 0.129143 -0.249051 -0.044704 -0.519275 -0.235888 -0.281138 -0.285351 -0.373807 -0.167614 -0.234709 -0.104555 -0.254454 -0.378718 0.091559 -0.202403 -0.084265 -0.052745 0.201427 0.289147 0.315330 0.252261 -0.013534 -0.124439 0.418558 0.269241 0.035994 -0.005848 -0.373982 0.115211 -0.622008 -0.572034 0.036607 -0.174902 -0.301875 0.129715 0.068369 0.270656 0.178348 0.425481 -0.013870 0.008943 0.314184 0.220354 -0.030726 0.147636 0.167225 0.267893
-0.208673 -0.309086 0.072233 -0.316018 -0.053582 -0.018483 -0.033463 0.039139 0.165879 -0.036296 0.192694 -0.130817 0.080936 0.112121 0.142631 -0.033189 0.097006 -0.117848 -0.291889 -0.307223 0.286085 0.167362 0.116811 0.125498 1.000000 0.346114 -0.007516 0.268124 0.167109 -0.044405 0.476118 0.346953 0.178702 0.057858 -0.117702 -0.042541 0.141522 0.037023 0.024197 -0.103391 0.062031 0.042436 0.016552 0.264808 -0.128811 -0.189450 0.061617 0.175021 -0.262530 -0.194018 0.031256 -0.050444 0.005383 0.161826 -0.014974 0.010542 -0.045934 0.192881 -0.159982 -0.117025 -0.295959 -0.038670 -0.155938 0.021510 -0.049167 -0.334845 0.039551 -0.088799 -0.214838 -0.118923 0.108110 0.068901 0.075705 0.088532 -0.044519 0.069340 0.156696 0.271704 0.169397 0.121488 0.137484 0.013145 0.151667 -0.105102 0.294570 -0.038411 0.055894 0.097084 0.206250 -0.102779 -0.160730 -0.162403 -0.141311 0.091707 -0.150514 -0.114486 0.058381 0.201652 -0.203308 -0.240298 -0.014557 -0.001393 -0.100414 0.056420 -0.045340 0.179407 -0.054976 0.114979 0.072142 -0.062763 0.154316 0.054021 -0.386794 0.038390 0.079969 0.039580
-0.328149 -0.180967 0.262226 0.030606 0.100254 0.034706 0.028368 0.131696 0.007371 -0.214095 -0.025816 -0.254679 0.020130 0.010062 0.313973 0.238583 -0.262296 -0.408972 -0.267965 -0.143045 0.499420 0.434646 0.454903 0.525520 0.346114 1.000000 0.330243 0.524865 -0.158263 -0.143247 0.519700 0.632752 -0.022513 0.114903 -0.110442 0.267391 -0.062457 0.181064 0.069736 -0.043923 0.157987 0.061713 -0.135011 0.229658 -0.178726 -0.006426 -0.185212 0.117314 -0.273938 -0.349199 0.017827 -0.233288 -0.306801 -0.100791 -0.117451 -0.078739 -0.204232 0.147657 -0.177144 0.009734 -0.219952 -0.058249 -0.040926 0.042310 -0.025676 -0.239987 -0.143583 -0.033847 -0.080820 0.153905 0.173806 0.202542 -0.255385 0.037187 -0.059907 0.069124 -0.154299 0.278219 -0.182614 -0.152929 -0.004107 -0.204380 0.283247 0.055096 0.018526 -0.052936 0.024690 0.276536 0.378138 0.198702 -0.045017 -0.048119 0.070378 0.054559 -0.181906 -0.223398 -0.081727 0.180504 -0.309848 -0.418333 -0.151291 -0.161949 -0.342522 -0.100997 -0.151669 0.027250 -0.095746 0.176314 -0.148843 -0.011288 0.591159 0.037435 -0.285840 -0.159331 -0.098769 -0.106921
0.016706 0.156798 0.119463 0.154143 0.372045 0.522241 0.000009 0.057303 -0.036303 -0.033699 -0.025398 -0.224148 -0.048105 -0.142868 0.492321 0.448084 -0.415101 -0.336976 0.061086 0.194175 0.446869 0.503087 0.200022 0.116255 -0.007516 0.330243 1.000000 0.591245 -0.116713 0.122788 0.056020 -0.031615 -0.314229 -0.349254 0.053707 0.038066 0.072537 0.208589 0.524239 0.321560 0.455371 0.342975 -0.456334 -0.214785 -0.312372 -0.143688 -0.104331 -0.096210 -0.146068 -0.036566 -0.104319 -0.176820 0.060425 0.021839 0.339225 0.320050 0.139589 0.044852 0.051114 0.092666 -0.014314 -0.170699 -0.168574 -0.244398 -0.067985 -0.183265 -0.158689 -0.201010 0.220377 0.286694 0.155528 0.141558 -0.025645 0.037289 -0.063278 0.058038 -0.193445 0.051931 -0.074888 -0.327858 -0.100267 -0.190879 0.409260 0.255566 -0.002879 -0.236430 0.100876 -0.240802 0.650084 0.434842 -0.219492 -0.160012 0.076803 0.097132 -0.204959 -0.342771 0.139531 -0.103873 0.094661 -0.163089 0.023097 0.265922 0.121044 0.047983 -0.189659 -0.173873 -0.241167 -0.196204 -0.032351 -0.075534 -0.002946 -0.373449 -0.381817 -0.271873 -0.136851 -0.179109
-0.001980 -0.097241 0.409063 -0.097580 0.107269 0.399693 -0.039821 0.125204 0.024063 -0.199550 -0.120496 -0.271058 -0.190469 -0.334381 0.358994 0.157613 -0.376277 -0.324156 0.012575 0.006098 0.467066 0.460855 0.431349 0.276287 0.268124 0.524865 0.591245 1.000000 -0.215202 -0.078734 0.251977 0.209218 -0.066908 -0.239844 0.044268 0.089576 0.073621 0.075989 0.304635 0.072659 0.267999 0.169797 -0.456483 0.103608 -0.290027 -0.117270 -0.282215 -0.161367 -0.215318 -0.211601 0.089678 -0.234743 -0.107722 -0.112574 0.032077 0.064008 -0.020322 0.046292 -0.003646 0.079764 0.000825 -0.049630 -0.095998 -0.018094 -0.292545 -0.434586 -0.004483 -0.064147 0.070291 0.108995 0.212658 0.220858 -0.161082 0.076421 -0.140407 0.098515 -0.120551 0.124128 0.091229 -0.182435 -0.053760 -0.130329 0.240699 -0.101317 -0.008365 -0.144161 0.212560 -0.058938 0.489065 0.254744 -0.184895 -0.145898 0.096575 0.202541 0.081561 -0.113737 0.209210 0.173943 -0.104531 -0.274938 -0.104533 0.073896 -0.095279 0.023095 -0.092859 0.116872 -0.148080 -0.011065 0.033583 0.100987 0.168362 -0.040365 -0.218961 -0.062440 -0.002946 0.048061
-0.070273 -0.330941 -0.473902 -0.129386 -0.279137 -0.148639 -0.105921 -0.417842 -0.218724 -0.148660 0.356413 -0.089358 0.267619 0.125310 -0.011028 -0.238745 0.475235 0.287357 0.015019 -0.216352 0.181556 0.021163 -0.233165 -0.418207 0.167109 -0.158263 -0.116713 -0.215202 1.000000 0.678066 0.361543 0.253281 0.241093 0.007517 -0.170036 -0.550017 0.439389 0.489211 0.249954 0.151920 0.419342 0.389017 0.283903 0.071863 -0.289640 -0.478401 0.604071 0.453890 -0.226666 -0.155470 -0.093997 -0.299205 0.213243 0.263916 0.331512 0.507251 0.027716 -0.050658 -0.305130 -0.297366 0.052561 -0.277955 0.100445 0.064080 -0.042067 -0.380106 -0.127241 -0.406106 -0.059432 -0.322607 0.058295 0.250089 0.737919 0.298654 0.518537 0.461384 0.372728 0.191686 0.446137 0.419619 0.546301 0.541514 0.220566 0.316578 0.414398 0.266190 -0.210084 -0.046197 -0.095943 -0.021130 -0.161319 -0.166786 -0.560603 -0.277511 -0.370228 0.022959 0.135170 -0.139175 0.372335 0.351159 -0.125916 0.143811 0.112873 -0.206025 -0.347182 -0.062873 -0.432292 -0.405041 -0.133103 0.035050 -0.291582 0.061789 0.069953 -0.034693 -0.174705 -0.293060
0.045275 -0.169821 -0.485739 -0.161652 -0.283738 0.061826 -0.100558 -0.513527 -0.346777 -0.191214 0.224542 -0.152200 0.191456 0.021547 -0.009870 -0.159970 0.209557 0.364435 0.151330 -0.040023 0.267373 0.169769 -0.003954 -0.344301 -0.044405 -0.143247 0.122788 -0.078734 0.678066 1.000000 0.213054 0.115589 0.101134 -0.194259 -0.160563 -0.487411 0.506864 0.588190 0.359531 0.286866 0.539675 0.522551 0.057763 -0.030355 -0.414197 -0.566094 0.600723 0.349832 -0.304845 -0.029073 -0.309512 -0.223960 0.390144 0.307600 0.515724 0.595738 0.138701 0.159819 -0.237978 -0.333076 -0.044628 -0.291716 -0.099300 -0.006061 -0.198418 -0.534524 -0.251825 -0.514639 0.048779 -0.144980 0.112646 0.364412 0.731033 0.476938 0.476912 0.541345 0.379980 0.336299 0.295519 0.331643 0.554157 0.508890 0.335134 0.465270 0.443745 0.279167 -0.039685 -0.069325 0.075270 0.168748 -0.317516 -0.402530 -0.580580 -0.171379 -0.434639 0.054627 0.001205 -0.219636 0.543983 0.382077 -0.123979 0.266656 0.278497 -0.160822 -0.405969 -0.147279 -0.351348 -0.504544 0.010372 0.162976 -0.421914 -0.074906 0.053165 -0.149259 -0.027414 -0.329458
-0.037732 -0.331478 -0.056030 -0.036895 -0.213732 -0.196516 0.035723 -0.153982 -0.241644 -0.363858 0.258259 -0.320085 0.063138 0.099386 0.119641 -0.046354 0.113877 -0.127363 -0.083008 -0.195117 0.521157 0.377560 0.387222 0.257869 0.476118 0.519700 0.056020 0.251977 0.361543 0.213054 1.000000 0.856507 0.269207 0.202211 -0.190921 -0.029406 0.209000 0.147695 0.110550 -0.177316 0.199671 0.011233 -0.002271 0.209360 -0.433137 -0.414284 0.091133 0.146354 -0.540858 -0.544683 -0.111571 -0.553459 -0.179533 0.024198 0.043119 0.002446 0.056290 0.219901 -0.283608 -0.121416 -0.050127 -0.151518 0.121848 0.269747 0.062076 -0.524431 -0.160990 -0.309504 -0.083815 -0.083971 0.251983 0.437529 0.107195 -0.082751 0.014502 0.169043 0.036948 0.134653 0.102598 0.186088 0.273877 0.116397 0.380949 0.207879 0.377660 0.193000 0.004087 0.187339 0.356760 0.129866 -0.151180 -0.187482 -0.369134 -0.072670 -0.375036 -0.075448 -0.204908 -0.065430 -0.070019 -0.246550 -0.303995 -0.037665 -0.176657 -0.070731 -0.238999 -0.009393 -0.114470 0.003587 -0.083207 -0.035336 0.084382 0.169055 -0.330296 -0.029026 -0.043229 -0.126683
-0.157253 -0.408110 -0.027935 -0.026697 -0.231113 -0.307822 0.071453 -0.079966 -0.287186 -0.403238 0.244431 -0.249959 0.076559 0.046135 -0.050984 -0.165166 0.070954 -0.035395 -0.206035 -0.209385 0.421101 0.262578 0.472518 0.452939 0.346953 0.632752 -0.031615 0.209218 0.253281 0.115589 0.856507 1.000000 0.216462 0.341478 -0.178502 0.150909 0.047711 0.089939 -0.077297 -0.228567 0.004131 -0.071376 0.095124 0.385307 -0.244666 -0.192076 0.008803 0.145665 -0.404092 -0.476716 0.006473 -0.422640 -0.285218 -0.076923 -0.117961 -0.124385 -0.115717 0.190308 -0.409323 -0.220494 -0.204982 -0.143191 0.134283 0.258602 0.036565 -0.451213 -0.209086 -0.172019 -0.131890 -0.097635 0.147970 0.392693 -0.050799 -0.021511 0.066185 0.204816 0.011883 0.175719 0.124450 0.187639 0.221030 0.086128 0.244116 0.064071 0.329430 0.228774 0.116150 0.376647 0.177148 0.093192 -0.166928 -0.173642 -0.226956 -0.124489 -0.191059 0.013802 -0.263192 0.029625 -0.263807 -0.282854 -0.284429 -0.292872 -0.336459 -0.189906 -0.097731 0.168569 -0.027864 0.168302 -0.135674 0.125913 0.309383 0.384604 -0.120137 0.132760 0.015349 0.027727
0.064172 -0.044536 -0.116651 -0.045913 -0.182142 -0.220023 -0.064735 -0.267058 -0.044374 -0.163988 -0.117577 -0.431191 -0.161102 -0.075727 -0.183265 -0.356582 0.074009 -0.069224 0.292851 0.187282 0.000419 -0.358116 -0.102318 -0.121564 0.178702 -0.022513 -0.314229 -0.066908 0.241093 0.101134 0.269207 0.216462 1.000000 0.555710 -0.137777 -0.217720 0.331258 0.122772 0.041070 0.128254 -0.248625 -0.078541 0.129405 -0.069529 -0.012893 -0.171130 0.160620 0.140394 -0.150583 -0.087708 -0.181607 -0.290609 -0.171102 -0.173272 -0.099301 0.074340 0.300820 0.326414 -0.132851 0.055384 0.090735 0.208056 0.272512 0.377657 -0.192269 -0.104444 0.062537 -0.158229 0.330515 0.063516 -0.192063 -0.090237 0.192369 -0.068796 0.167131 0.046363 0.276550 -0.013527 0.421415 0.365063 0.326957 0.466991 -0.038390 0.066826 -0.007560 0.020049 0.137766 0.222351 -0.157805 -0.310047 0.030186 -0.032505 -0.366263 -0.138956 0.130433 0.296603 0.125777 -0.363293 0.132858 0.222731 -0.305960 -0.078363 -0.089852 -0.118888 -0.018036 -0.162375 -0.074404 -0.179800 0.096074 -0.033660 -0.021359 0.310563 -0.105026 -0.033004 -0.286196 -0.030380
0.007831 0.100218 -0.138070 0.179927 -0.053712 -0.289104 0.012398 -0.052132 0.099339 -0.017000 -0.003612 -0.141520 -0.056358 0.150549 -0.165810 -0.246238 0.031122 -0.008321 0.151132 0.217829 -0.153862 -0.451880 -0.028687 0.090984 0.057858 0.114903 -0.349254 -0.239844 0.007517 -0.194259 0.202211 0.341478 0.555710 1.000000 -0.245388 0.177070 0.095837 -0.101311 -0.191654 -0.015972 -0.534524 -0.137080 0.177768 -0.058503 0.075471 0.066009 -0.013487 0.024951 -0.159798 -0.164368 -0.212901 -0.362007 -0.424463 -0.322745 -0.323350 -0.253526 0.226957 0.253323 -0.249643 -0.104971 0.066149 0.272062 0.224381 0.403303 0.107302 0.233633 -0.188833 -0.084365 0.184741 0.028206 -0.188471 -0.218498 -0.045895 -0.140101 0.036300 0.143086 0.391911 0.058282 0.145102 0.154657 0.155641 0.145363 -0.096800 0.102376 -0.096829 -0.027505 0.219533 0.474483 -0.205865 -0.300395 -0.048047 0.109338 -0.257100 -0.185453 0.333018 0.451005 -0.079789 -0.244490 -0.189441 0.008065 -0.328332 -0.210575 -0.198462 -0.127880 0.272027 -0.123598 0.054546 0.089413 0.066799 0.034077 0.356550 0.373255 -0.081816 0.154661 -0.090437 0.279250
0.103559 -0.193226 0.088467 0.008540 -0.077666 0.106611 -0.051794 0.273683 -0.158205 0.050446 0.067633 0.095741 -0.246624 -0.207765 -0.143647 -0.128370 0.023318 -0.062638 -0.158919 -0.208148 -0.051414 0.102035 -0.188535 -0.198964 -0.117702 -0.110442 0.053707 0.044268 -0.170036 -0.160563 -0.190921 -0.178502 -0.137777 -0.245388 1.000000 -0.018468 -0.016369 -0.067060 0.052939 -0.284957 0.034009 -0.046329 -0.061895 0.046463 0.184822 0.219884 -0.017211 -0.261388 0.211219 0.118266 0.465657 0.278437 0.119631 0.057393 0.188375 0.092677 -0.214474 -0.434398 -0.059098 -0.028818 0.072728 -0.396280 -0.030814 -0.293501 0.073774 -0.069204 0.205765 0.206830 -0.293749 -0.174702 0.145982 0.137469 0.045722 0.057640 0.072269 -0.136356 0.019327 0.064637 0.188739 0.061462 -0.222912 -0.139917 -0.287020 -0.186625 0.034093 -0.097789 0.045255 -0.122980 -0.025137 -0.182007 -0.290537 -0.074910 0.148482 -0.094656 0.041319 -0.153115 0.165196 0.140079 0.036095 -0.064324 0.281526 -0.056934 -0.073852 0.017183 0.347303 0.284735 0.250579 0.185245 -0.105598 0.077029 -0.164623 -0.174267 0.077064 0.247026 0.216131 0.067250
-0.126719 0.114579 0.215999 -0.065365 0.252828 -0.028768 0.023672 0.177085 0.209352 0.063606 0.030219 0.306320 0.043700 0.205880 0.060129 0.258568 -0.228478 -0.092269 -0.377714 -0.174890 -0.226095 -0.063413 0.352732 0.493906 -0.042541 0.267391 0.038066 0.089576 -0.550017 -0.487411 -0.029406 0.150909 -0.217720 0.177070 -0.018468 1.000000 -0.417887 -0.521714 -0.353987 -0.429521 -0.289398 -0.380518 -0.067431 0.278185 0.347038 0.547103 -0.441990 -0.144690 0.208739 -0.013735 0.165438 0.178021 -0.204321 -0.242095 -0.369408 -0.637893 -0.263915 0.019555 -0.061305 -0.049061 -0.298447 0.124070 -0.104009 -0.058904 0.169319 0.287875 -0.107314 0.433988 -0.191114 0.086297 -0.138502 -0.187344 -0.642583 -0.459391 -0.473078 -0.274902 -0.362406 -0.164750 -0.379970 -0.202198 -0.219971 -0.323509 -0.166093 -0.323153 -0.153970 -0.051141 0.139715 0.412254 0.023567 -0.078619 0.054998 0.103909 0.382350 0.247810 0.226836 -0.085801 -0.251542 0.273767 -0.492699 -0.385739 0.022121 -0.219906 -0.239929 -0.109456 0.251630 0.229740 0.352744 0.492761 0.045285 -0.028392 0.381687 0.263703 0.047241 0.237947 0.238668 0.412409
