1.000000 0.600466 0.289632 0.276312 -0.210889 -0.186307 0.492573 0.176384 -0.133386 -0.199569 0.177460 0.297881 0.161630 0.346573 -0.128399 0.345876 0.253838 0.440233 0.420184 0.278366 0.067510 -0.033458 0.241179 -0.135407 -0.212494 -0.069680 -0.079530 -0.004832 0.336457 0.428507 0.273941 0.201165 0.349834 0.322128 -0.282698 -0.505530 0.069559 -0.184244 -0.288255 -0.001478 0.161836 0.273297 -0.259600 -0.329665 -0.182871 -0.500801 -0.101111 -0.491804 -0.293013 -0.252508 0.124806 -0.127943 0.061896 0.053869 0.059098 -0.222120 0.621386 0.414370 -0.336145 -0.451620 0.098430 -0.017301 0.432887 0.337738 0.169920 -0.107129 -0.418671 -0.553345 0.018303 -0.290209 0.067849 0.053728 0.321198 0.368833 0.321984 0.213980 0.301597 -0.126266 0.025000 0.287618 0.144362 0.287407 -0.184361 0.270271 0.178841 0.227608 0.073940 0.016533 0.164367 0.242982 -0.446866 -0.490355 -0.297049 -0.302806 -0.282403 -0.141648 -0.182977 -0.127307 -0.348564 -0.199626 -0.168992 0.049855 -0.180709 -0.384537 -0.447919 -0.349905 -0.018268 0.253515 -0.134162 0.018521 -0.443683 0.043065 0.120876 0.119430 -0.162840 0.014284
0.600466 1.000000 0.078235 0.175093 -0.303291 -0.206895 0.193493 0.077095 -0.151273 -0.162393 -0.054183 0.206903 0.075170 0.160109 0.059455 0.195739 0.438829 0.501803 0.328591 0.233710 0.061007 -0.033427 -0.022806 -0.291556 -0.225851 -0.123334 -0.095386 -0.070531 0.435822 0.444604 0.115642 -0.004674 0.370112 0.291631 -0.228815 -0.497154 0.269998 0.084657 -0.069682 -0.041224 0.211559 0.457408 -0.248020 -0.309658 -0.270300 -0.538950 -0.112624 -0.364344 -0.349876 -0.351316 -0.108214 -0.172103 0.144802 0.084059 0.107435 -0.088901 0.484834 0.715933 -0.354282 -0.346011 -0.060767 0.127038 0.274359 0.413910 -0.097895 -0.209272 -0.434490 -0.583594 0.241289 -0.331102 0.067601 0.011855 0.486504 0.340555 0.437996 0.169788 0.395823 -0.001929 0.172839 0.484357 0.260704 0.265662 -0.183235 -0.070908 0.173534 0.141315 0.115533 -0.079252 0.193600 0.149036 -0.267158 -0.359377 -0.156983 -0.241055 -0.269809 -0.088784 -0.053898 -0.027562 -0.115414 0.080657 0.037419 -0.005872 0.009344 -0.290589 -0.192813 -0.181007 -0.020916 0.205643 -0.049209 0.037743 -0.288514 0.134858 0.151528 0.314869 -0.095172 0.048541
0.289632 0.078235 1.000000 0.791558 0.111044 0.131218 0.811272 0.472457 0.284087 0.285165 0.262159 0.321398 0.441148 0.582232 0.128565 0.327053 -0.154689 0.053761 0.456513 0.278560 0.242114 0.096431 0.853724 0.622185 0.067070 0.342762 0.382185 0.313826 -0.159844 -0.087394 0.296413 0.394597 -0.373050 -0.188644 -0.298450 -0.331668 -0.396829 -0.484732 -0.199741 -0.190268 -0.074201 0.130389 -0.413809 -0.400162 -0.537759 -0.310992 -0.196205 -0.201269 -0.058156 -0.205726 -0.241192 -0.104700 0.224469 -0.160138 -0.015281 -0.292456 -0.255244 -0.313829 0.114630 0.020366 -0.165689 -0.242051 -0.352280 -0.324229 -0.021321 -0.244633 -0.258806 -0.267900 0.027217 0.271332 0.208833 0.333990 -0.133943 0.143195 0.011680 -0.106392 -0.294005 -0.380057 -0.487779 -0.381665 -0.529745 -0.439586 0.056920 0.147915 -0.372031 -0.399048 0.039797 0.382228 0.520729 0.340359 -0.026801 0.118951 0.121044 0.107323 0.028251 -0.455029 -0.217486 -0.186482 -0.234335 -0.193256 -0.318613 -0.082699 -0.224732 -0.037897 -0.258148 -0.096929 -0.200485 -0.009281 -0.161413 -0.434817 -0.431604 -0.281489 0.043715 -0.191628 -0.129813 -0.361188
0.276312 0.175093 0.791558 1.000000 0.001375 0.104082 0.745855 0.683280 0.161004 0.141381 0.328807 0.245561 0.369043 0.391905 0.240426 0.194549 0.003091 0.040180 0.584315 0.341878 0.296135 0.144806 0.698277 0.564301 0.073751 0.227684 0.287596 0.290921 -0.097342 -0.028944 0.334623 0.392837 -0.434349 -0.187943 -0.285100 -0.452090 -0.203500 -0.458014 -0.059632 -0.243850 -0.002990 0.045616 -0.297873 -0.338077 -0.350384 -0.354988 -0.048840 -0.250390 -0.043410 -0.067901 -0.091622 -0.070060 0.300425 0.028055 0.177944 -0.186782 -0.216664 -0.176639 -0.087246 -0.162881 -0.374534 -0.386144 -0.213134 -0.229809 -0.126795 -0.238739 -0.340915 -0.371223 -0.256974 0.026628 0.108491 0.328299 -0.038919 0.091669 0.038299 -0.161256 -0.190535 -0.386772 -0.315990 -0.320949 -0.316454 -0.375644 0.074536 0.076512 -0.087747 -0.280432 0.248099 0.217212 0.554692 0.286641 -0.060708 -0.026632 0.139344 0.010369 -0.049063 -0.420568 -0.139549 -0.102719 -0.276024 -0.237228 -0.221610 -0.079781 -0.201474 -0.227352 -0.359925 -0.142096 -0.049274 0.058643 -0.095025 -0.255978 -0.372114 -0.193408 0.061637 -0.089896 -0.196038 -0.246099
-0.210889 -0.303291 0.111044 0.001375 1.000000 0.807810 -0.086067 -0.009067 0.629790 0.696703 0.044801 -0.261937 0.130142 -0.015066 0.403164 0.296605 -0.383998 -0.427241 -0.212255 -0.195805 0.406036 0.518970 0.292305 0.185501 0.733567 0.546292 0.592805 0.681091 -0.259183 -0.346244 0.226913 0.317234 -0.292481 -0.295007 0.103835 0.054784 -0.422123 -0.293064 0.163804 -0.003750 -0.427468 -0.031265 -0.065663 -0.179962 -0.150181 -0.084599 -0.336171 -0.098720 0.108422 0.047497 -0.096349 -0.149630 -0.074614 0.080828 -0.218326 -0.317554 -0.218926 -0.299168 0.456729 0.387936 0.263419 0.057061 -0.149870 -0.391464 0.376972 0.152792 0.263720 0.130790 0.244492 0.287033 0.266866 0.350468 -0.405395 -0.106233 -0.343210 -0.201986 -0.376660 -0.121960 -0.370922 -0.346126 -0.460655 -0.504667 0.194428 0.333425 -0.261825 -0.359309 0.179558 0.406284 0.095837 -0.218725 0.188300 0.166023 0.551548 0.356551 -0.160073 -0.412306 -0.314944 -0.487944 -0.128543 -0.175327 -0.106575 -0.093052 -0.089123 0.081079 0.024168 -0.082405 -0.370281 -0.228617 -0.396491 -0.459855 -0.004089 -0.052492 0.065985 -0.040567 -0.088209 -0.409636
-0.186307 -0.206895 0.131218 0.104082 0.807810 1.000000 -0.004979 0.095433 0.615189 0.744999 0.115622 -0.112359 0.204618 0.002761 0.531762 0.343067 -0.246164 -0.417394 -0.080797 -0.287245 0.571862 0.692566 0.233727 0.174387 0.817464 0.680962 0.654095 0.803815 -0.122047 -0.255610 0.444385 0.448386 -0.318509 -0.224281 0.063247 -0.062389 -0.392254 -0.289374 0.109469 0.023645 -0.328171 0.107075 0.070061 -0.119217 -0.055439 -0.119363 -0.364569 -0.199280 0.140726 0.078615 0.003409 -0.073637 0.078239 0.236625 -0.167832 -0.327641 -0.228064 -0.272872 0.322522 0.411130 0.089271 -0.062630 -0.188587 -0.429000 0.330113 0.246964 0.237860 -0.021466 0.124602 0.027207 0.381183 0.528263 -0.260589 0.012019 -0.192730 -0.194408 -0.331012 -0.152316 -0.239612 -0.282381 -0.457616 -0.567205 0.185942 0.232127 -0.214219 -0.338182 0.342711 0.407892 0.020665 -0.193202 0.088710 0.032788 0.510727 0.190870 -0.297047 -0.414883 -0.393974 -0.530231 -0.226688 -0.255200 -0.233905 -0.295094 -0.271662 -0.192724 -0.208367 -0.213793 -0.592173 -0.341124 -0.485428 -0.446677 -0.155559 -0.006367 0.036880 0.108241 -0.181181 -0.541533
0.492573 0.193493 0.811272 0.745855 -0.086067 -0.004979 1.000000 0.580230 0.150820 0.045701 0.194291 0.383839 0.397869 0.534680 0.029948 0.392727 -0.024545 0.198585 0.542788 0.346656 0.184704 0.007494 0.716156 0.464124 -0.115190 0.150994 0.262643 0.095018 0.009666 0.172538 0.272999 0.343598 -0.263009 -0.120477 -0.340223 -0.498258 -0.219114 -0.461930 -0.246436 -0.201647 0.119533 0.138427 -0.358358 -0.415826 -0.262619 -0.360796 -0.021911 -0.374305 -0.024715 -0.054486 -0.060024 0.023828 0.352765 -0.077463 0.114690 -0.192655 -0.044834 -0.142274 -0.050486 -0.169097 -0.182425 -0.320417 -0.086605 -0.097245 -0.042271 -0.284946 -0.291204 -0.477566 -0.171337 0.020617 0.172549 0.273279 0.127493 0.192215 0.136222 -0.023217 -0.132872 -0.381366 -0.341231 -0.235116 -0.329942 -0.232346 0.073264 0.261329 -0.173179 -0.261765 -0.042368 0.160941 0.491917 0.374728 -0.192042 -0.154336 -0.046647 -0.121471 -0.096811 -0.285545 -0.122080 -0.095831 -0.239524 -0.129476 -0.321479 -0.087524 -0.225902 -0.146023 -0.359182 -0.146099 -0.149955 0.123968 -0.135757 -0.180758 -0.553285 -0.154979 -0.067484 -0.100943 -0.186302 -0.260396
0.176384 0.077095 0.472457 0.683280 -0.009067 0.095433 0.580230 1.000000 0.323019 0.100206 0.139069 0.231770 0.257869 0.389820 0.372821 0.135403 -0.086663 -0.160768 0.369439 0.211338 0.227503 0.085248 0.403049 0.457390 0.073512 0.065082 0.190696 0.184197 -0.075324 -0.033218 0.280014 0.390228 -0.390055 -0.162759 -0.205052 -0.355649 -0.108601 -0.337375 -0.102199 -0.124627 0.051701 -0.054987 -0.058998 -0.149451 -0.097329 -0.240951 0.072110 -0.219900 0.136134 0.213088 0.106939 0.188384 0.314565 0.283503 0.084368 -0.077712 -0.234837 -0.175152 -0.081624 -0.118742 -0.350439 -0.307166 -0.212756 -0.225799 -0.017856 0.034393 -0.296385 -0.310307 -0.344927 -0.075981 0.232583 0.246475 -0.060602 0.092637 0.131455 0.037819 -0.208992 -0.149291 -0.231508 -0.307481 -0.177316 -0.297091 0.157036 0.034914 0.087532 -0.149771 0.189732 -0.005333 0.387210 -0.010219 0.038207 -0.184735 0.042601 -0.222519 -0.032406 -0.277288 -0.005877 0.030866 -0.295582 -0.293162 -0.317209 -0.254433 -0.273127 -0.369208 -0.470527 -0.284252 -0.142553 -0.121644 -0.020788 0.004119 -0.349848 -0.178293 -0.201234 0.009061 -0.142986 -0.109387
-0.133386 -0.151273 0.284087 0.161004 0.629790 0.615189 0.150820 0.323019 1.000000 0.729204 0.040955 0.029534 0.191835 0.218920 0.592489 0.445678 -0.178258 -0.249016 0.067756 -0.177260 0.559351 0.500987 0.444457 0.406588 0.661382 0.560744 0.592869 0.680098 0.010611 0.029330 0.471491 0.579991 -0.256627 -0.184578 -0.156824 -0.237013 -0.201123 -0.222844 0.031432 -0.060347 -0.113228 0.114634 -0.076955 -0.291200 -0.243692 -0.337042 -0.446151 -0.358844 0.084265 -0.023687 -0.093736 -0.065018 0.060673 0.250439 -0.212609 -0.412724 -0.234823 -0.279845 0.255785 0.219883 0.025125 -0.105702 -0.225649 -0.385057 0.346008 0.270492 0.005634 -0.172408 0.114825 0.129576 0.483701 0.483503 -0.122514 0.290394 0.012990 0.146145 -0.157191 -0.093373 -0.274294 -0.215151 -0.395996 -0.390357 0.389847 0.330616 -0.249980 -0.273848 0.097295 0.464030 0.155393 -0.143318 -0.017731 0.006026 0.323946 0.027072 -0.203266 -0.362304 -0.537007 -0.465293 -0.389457 -0.318125 -0.118338 -0.286176 -0.496637 -0.228744 -0.285126 -0.169682 -0.558187 -0.259196 -0.256459 -0.382468 -0.333319 -0.125390 -0.164545 0.084905 -0.184173 -0.272493
-0.199569 -0.162393 0.285165 0.141381 0.696703 0.744999 0.045701 0.100206 0.729204 1.000000 0.217189 0.001865 0.295480 0.205835 0.557338 0.434544 -0.261472 -0.340706 -0.038372 -0.325512 0.637906 0.556095 0.391879 0.298582 0.762061 0.776564 0.682361 0.787750 -0.090069 -0.152101 0.452869 0.465717 -0.327079 -0.172377 -0.032405 0.012483 -0.408304 -0.377390 -0.077195 -0.223205 -0.250697 0.169279 0.027844 -0.121967 -0.118374 -0.110181 -0.449665 -0.200770 0.074211 -0.038056 -0.039893 -0.164853 0.066437 0.239977 -0.253942 -0.465872 -0.224957 -0.277709 0.367373 0.410084 0.080436 0.013531 -0.318204 -0.418999 0.320474 0.305427 0.153697 0.049039 0.165240 0.018718 0.391459 0.516742 -0.287811 0.206806 -0.190912 -0.021807 -0.264833 -0.158655 -0.314569 -0.309798 -0.419947 -0.492135 0.169655 0.143431 -0.207919 -0.334313 0.228729 0.557670 -0.011734 -0.208045 0.054088 0.019050 0.461502 0.116530 -0.255066 -0.439102 -0.492236 -0.581871 -0.302747 -0.321141 -0.150656 -0.356865 -0.294422 -0.209410 -0.228174 -0.314594 -0.566778 -0.373984 -0.457145 -0.481396 -0.216867 -0.266537 -0.035064 0.016780 -0.141618 -0.488837
0.177460 -0.054183 0.262159 0.328807 0.044801 0.115622 0.194291 0.139069 0.040955 0.217189 1.000000 0.521116 0.502333 0.278586 0.332143 -0.015948 0.304782 0.038728 0.365780 -0.001677 0.365036 0.360825 0.350125 0.354686 0.220224 0.299795 0.125326 0.368874 0.132050 -0.087776 0.363373 0.471863 -0.331484 -0.065948 -0.100612 -0.078848 -0.171540 -0.442635 -0.326128 -0.334598 0.030291 -0.009559 0.063480 0.033089 0.075969 0.076139 -0.211734 -0.086711 0.150453 0.066916 0.355238 -0.070113 0.050891 0.056610 -0.232965 -0.468924 0.010960 -0.118725 -0.061260 -0.220704 -0.263031 -0.461087 -0.268949 -0.439027 0.157013 0.026302 -0.146237 0.010991 -0.117589 -0.133118 0.169737 0.391683 -0.107719 0.082065 0.050017 0.095497 0.010678 -0.055164 0.009213 -0.311104 0.001293 -0.241863 0.323801 0.135334 0.263781 -0.029046 0.393638 0.231386 0.005669 -0.132298 -0.208982 -0.167723 -0.046811 -0.059107 -0.099783 -0.223796 -0.417075 -0.280756 -0.312920 -0.460298 -0.178209 -0.244749 -0.358922 -0.268277 -0.382089 -0.160585 -0.145843 -0.248163 -0.258640 -0.089867 -0.020992 -0.185529 -0.059936 -0.143055 0.136521 -0.195605
0.297881 0.206903 0.321398 0.245561 -0.261937 -0.112359 0.383839 0.231770 0.029534 0.001865 0.521116 1.000000 0.367447 0.711761 0.195432 0.272617 0.364557 0.524021 0.517621 -0.022776 0.272365 0.210080 0.310753 0.227652 -0.022243 0.149253 0.024583 0.133513 0.417461 0.391188 0.296115 0.407758 -0.071448 0.041073 -0.443499 -0.376088 0.009739 -0.235587 -0.342096 -0.146483 0.375066 0.281794 -0.153699 -0.170693 -0.055422 -0.130912 -0.121926 -0.206237 0.048218 -0.108957 0.213655 0.100380 0.190055 0.032142 -0.070697 -0.145624 -0.053055 -0.056394 -0.290555 -0.320271 -0.375616 -0.289166 -0.278970 -0.145226 -0.094904 -0.048992 -0.442899 -0.299939 -0.233614 -0.261341 0.172511 0.370403 0.316405 0.436198 0.389548 0.294353 0.175521 0.048051 0.133945 0.026766 0.027728 0.053926 0.174229 0.179309 0.042324 0.054245 0.104030 0.100085 0.053210 0.104552 -0.348756 -0.252604 -0.234130 -0.286256 -0.167041 -0.114421 -0.384871 -0.344657 -0.396802 -0.423720 -0.330701 -0.375511 -0.518395 -0.370097 -0.454259 -0.202155 -0.203490 -0.132778 -0.107688 -0.063950 -0.394624 -0.272364 -0.341773 0.032023 0.054962 -0.161735
0.161630 0.075170 0.441148 0.369043 0.130142 0.204618 0.397869 0.257869 0.191835 0.295480 0.502333 0.367447 1.000000 0.393103 0.391807 0.218014 0.128626 -0.066216 0.276522 0.075374 0.390876 0.421172 0.364177 0.276311 0.262341 0.391550 0.281828 0.329501 0.085016 -0.110695 0.280828 0.353346 -0.383270 -0.221043 -0.396438 -0.207940 -0.387497 -0.658177 -0.287957 -0.464313 -0.002662 0.102628 0.080471 0.012323 0.027909 0.059316 0.019858 -0.020540 0.301045 0.148619 0.031540 0.083641 0.434642 0.137415 -0.127604 -0.374306 -0.129369 -0.158663 0.198757 0.110984 -0.052812 -0.243696 -0.211693 -0.277957 -0.004276 -0.090204 -0.013418 -0.125143 -0.057740 -0.037238 0.238485 0.289395 0.081563 0.004480 0.088826 -0.139234 -0.278610 -0.452697 -0.279952 -0.452435 -0.164800 -0.426220 0.135966 0.086397 0.063469 -0.322422 0.418696 0.283102 0.029452 -0.107775 0.049313 -0.082545 0.033194 -0.075389 -0.038086 -0.436407 -0.194173 -0.368693 -0.223617 -0.363535 -0.240685 -0.239077 -0.180835 -0.237947 -0.424863 -0.378251 -0.290002 -0.298448 -0.282097 -0.373463 -0.286882 -0.217093 -0.206493 0.049923 -0.180692 -0.593604
0.346573 0.160109 0.582232 0.391905 -0.015066 0.002761 0.534680 0.389820 0.218920 0.205835 0.278586 0.711761 0.393103 1.000000 0.171916 0.546228 -0.006842 0.309124 0.281990 0.036637 0.238349 0.149534 0.552753 0.290476 0.028784 0.262677 0.197126 0.229954 0.137501 0.218428 0.295703 0.490371 -0.170796 -0.088109 -0.423333 -0.373392 -0.239661 -0.412087 -0.367576 -0.104647 0.080564 0.247148 -0.295913 -0.354675 -0.347370 -0.234902 -0.176853 -0.219309 -0.023809 -0.174295 0.030942 0.009640 0.172357 -0.023770 -0.146527 -0.253934 -0.116443 -0.192643 -0.047417 -0.159174 -0.186100 -0.072575 -0.296009 -0.185864 -0.044584 -0.069269 -0.458686 -0.276600 -0.075708 -0.021090 0.288452 0.365762 0.027014 0.388424 0.194120 0.193525 -0.080916 -0.136487 -0.162477 -0.154602 -0.199711 -0.071519 0.016810 0.272886 -0.126417 -0.157142 -0.035823 0.221271 0.275221 0.049808 -0.171137 -0.134590 -0.079439 -0.173828 -0.045460 -0.288301 -0.302423 -0.382867 -0.360290 -0.396413 -0.463681 -0.289790 -0.398392 -0.232949 -0.370289 -0.279915 -0.252367 -0.021371 -0.167832 -0.344474 -0.505927 -0.448979 -0.334411 -0.134714 -0.102854 -0.294008
-0.128399 0.059455 0.128565 0.240426 0.403164 0.531762 0.029948 0.372821 0.592489 0.557338 0.332143 0.195432 0.391807 0.171916 1.000000 0.200729 0.092691 -0.217692 0.033547 -0.290641 0.509249 0.554923 0.261297 0.293346 0.571371 0.399229 0.380065 0.633668 0.231714 -0.052640 0.626659 0.586195 -0.327291 -0.072105 -0.040500 -0.182584 0.012908 -0.080506 0.197657 -0.069639 0.095903 0.284096 0.055338 -0.159081 -0.085220 -0.278901 -0.366276 -0.233607 0.048805 -0.054653 0.143720 -0.171192 0.140414 0.374504 -0.218144 -0.396941 -0.211885 -0.002873 -0.081357 -0.074958 -0.270359 -0.243894 -0.299340 -0.380023 0.330806 0.122826 -0.181412 -0.172986 -0.101257 -0.135725 0.399763 0.418512 0.026707 0.237774 0.282429 0.105079 -0.026948 0.050819 -0.063356 -0.093469 -0.082030 -0.362790 0.538188 0.151111 0.266233 -0.112215 0.527352 0.189218 0.173642 -0.199214 0.021858 -0.057462 0.207182 -0.147776 -0.292224 -0.402114 -0.454484 -0.425446 -0.409710 -0.479030 -0.127817 -0.327348 -0.493079 -0.420996 -0.380284 -0.136579 -0.503308 -0.363766 -0.310476 -0.284904 -0.171906 -0.090409 -0.176524 0.212040 -0.144386 -0.256048
0.345876 0.195739 0.327053 0.194549 0.296605 0.343067 0.392727 0.135403 0.445678 0.434544 -0.015948 0.272617 0.218014 0.546228 0.200729 1.000000 -0.116312 0.186726 0.116332 -0.096239 0.493033 0.327451 0.399720 0.022290 0.375254 0.510198 0.525435 0.419469 0.310420 0.484317 0.524642 0.528285 -0.029293 -0.105374 -0.264479 -0.412394 -0.183322 -0.285171 -0.146235 -0.008045 -0.029577 0.470480 -0.233987 -0.484109 -0.306655 -0.460056 -0.386952 -0.555389 -0.173876 -0.242726 -0.017559 -0.111682 0.199753 0.121100 -0.121378 -0.393033 0.080361 -0.134546 0.085467 0.103315 0.125752 0.156477 0.177048 0.081147 0.102781 0.025127 -0.206407 -0.406994 -0.040587 -0.119242 0.374170 0.423174 0.202466 0.597047 0.115169 0.200829 0.073834 -0.153122 -0.090078 0.080571 -0.137241 0.038433 -0.020552 0.581084 -0.154685 -0.097031 -0.075990 0.373075 0.088558 -0.032720 -0.347514 -0.463636 -0.086961 -0.399892 -0.383086 -0.361055 -0.401393 -0.667721 -0.443178 -0.416045 -0.324738 -0.365812 -0.357149 -0.333925 -0.229700 -0.287019 -0.399927 0.069101 -0.314082 -0.386667 -0.636774 -0.426223 -0.186245 -0.087238 -0.347720 -0.289803
0.253838 0.438829 -0.154689 0.003091 -0.383998 -0.246164 -0.024545 -0.086663 -0.178258 -0.261472 0.304782 0.364557 0.128626 -0.006842 0.092691 -0.116312 1.000000 0.663228 0.447066 0.043721 0.209661 0.227961 -0.100499 -0.024404 -0.149345 -0.068769 -0.090657 -0.011346 0.644732 0.498895 0.014344 0.023782 0.103418 0.007935 -0.329009 -0.504263 0.539390 0.102628 -0.081047 -0.230783 0.549302 0.258407 0.004861 -0.051766 0.122878 -0.225974 0.063752 -0.306891 -0.098238 -0.057933 0.180629 -0.011026 0.176448 -0.021670 0.159801 -0.105873 0.470821 0.509474 -0.417082 -0.505678 -0.287205 -0.428002 0.231056 0.179167 -0.257866 -0.227176 -0.290856 -0.538542 -0.121828 -0.504714 0.138934 0.172610 0.649232 0.369156 0.569688 0.296282 0.541816 0.082356 0.584106 0.373172 0.627916 0.368699 0.272113 -0.026792 0.313693 0.162186 0.170017 -0.036419 0.031936 0.019747 -0.506308 -0.389215 -0.315027 -0.194283 -0.314769 0.099884 -0.285522 0.006580 -0.126896 0.047979 0.241985 0.042310 -0.292965 -0.251429 -0.243308 -0.047520 0.096666 -0.072491 -0.060612 0.245083 -0.291407 0.228594 0.141577 0.373051 0.227177 0.097686
0.440233 0.501803 0.053761 0.040180 -0.427241 -0.417394 0.198585 -0.160768 -0.249016 -0.340706 0.038728 0.524021 -0.066216 0.309124 -0.217692 0.186726 0.663228 1.000000 0.455899 0.130570 0.042374 -0.054233 0.050240 -0.113020 -0.330658 -0.130269 -0.087270 -0.183990 0.591736 0.700962 -0.054239 -0.052574 0.255263 0.076263 -0.424705 -0.495737 0.437960 0.086538 -0.098723 -0.102930 0.510398 0.345110 -0.369535 -0.363218 -0.147926 -0.345855 -0.029866 -0.388412 -0.261349 -0.281671 -0.032195 -0.040452 0.110938 -0.247608 0.220229 0.007184 0.362431 0.404352 -0.380264 -0.422199 -0.168106 -0.084843 0.309420 0.451010 -0.314724 -0.301600 -0.413990 -0.542722 -0.125646 -0.365957 -0.010818 0.050731 0.624657 0.520651 0.480504 0.318494 0.563266 0.085722 0.466749 0.540783 0.420103 0.565228 -0.029105 0.104989 0.052510 0.166101 -0.180822 -0.043526 0.159746 0.263029 -0.535114 -0.351076 -0.380797 -0.165859 -0.174791 0.183525 -0.207528 -0.090362 -0.140906 0.013004 0.067450 0.018371 -0.205172 -0.136829 -0.091486 0.000591 0.115874 0.251259 0.063319 0.084271 -0.425784 -0.058674 0.012389 0.164485 0.075532 0.133212
0.420184 0.328591 0.456513 0.584315 -0.212255 -0.080797 0.542788 0.369439 0.067756 -0.038372 0.365780 0.517621 0.276522 0.281990 0.033547 0.116332 0.447066 0.455899 1.000000 0.465878 0.371124 0.253074 0.386254 0.395978 0.043208 0.152383 0.127770 0.142989 0.359851 0.415533 0.235843 0.318874 -0.052277 0.049843 -0.449597 -0.539778 0.079572 -0.265637 -0.190946 -0.309263 0.408814 0.187336 -0.245215 -0.234525 -0.065088 -0.346934 -0.010850 -0.401158 -0.072731 -0.070514 -0.070853 -0.057008 0.211693 -0.051875 0.153169 -0.120801 0.109371 0.111818 -0.195745 -0.323630 -0.312998 -0.510245 -0.015855 -0.006480 -0.293501 -0.293997 -0.231500 -0.520693 -0.184490 -0.276673 0.085380 0.421174 0.427836 0.331182 0.355874 0.147499 0.195828 -0.166465 0.045124 -0.005677 -0.014934 -0.032198 0.053842 -0.011659 -0.129508 -0.176617 0.015029 0.155463 0.161624 0.184192 -0.509820 -0.329988 -0.146663 -0.092597 -0.229095 -0.099869 -0.291986 -0.026878 -0.385627 -0.152014 -0.121821 -0.074463 -0.395086 -0.256327 -0.383932 -0.092424 0.018542 0.045725 -0.081773 0.108843 -0.439752 -0.093494 0.054310 0.054594 -0.041418 -0.092611
0.278366 0.233710 0.278560 0.341878 -0.195805 -0.287245 0.346656 0.211338 -0.177260 -0.325512 -0.001677 -0.022776 0.075374 0.036637 -0.290641 -0.096239 0.043721 0.130570 0.465878 1.000000 -0.198259 -0.113883 0.119050 0.242919 -0.317327 -0.369912 -0.287610 -0.304049 -0.026226 0.061965 -0.239052 -0.080613 -0.120732 -0.115620 -0.245763 -0.124726 -0.127474 -0.150295 -0.097216 -0.164158 0.008903 -0.110540 -0.175747 -0.120156 -0.101787 -0.050891 0.076587 0.016476 0.050819 0.118109 -0.278873 0.097537 0.202781 -0.128475 0.036886 -0.027235 -0.033681 -0.035559 0.110399 -0.072730 -0.141880 -0.292517 -0.141101 -0.061456 -0.401229 -0.530807 0.038596 -0.150583 0.104393 0.252639 0.154805 0.125045 0.106964 -0.096216 -0.118030 -0.063614 -0.104183 -0.090910 -0.348435 -0.207510 -0.158801 -0.155776 0.025850 0.012632 -0.375292 -0.437110 -0.177958 -0.180943 0.249358 0.012309 0.020777 0.084215 -0.089154 0.191019 0.331515 0.055180 0.071567 0.231754 0.159936 0.263648 0.085280 0.396446 0.171167 0.307286 0.101004 0.221844 0.399240 0.415159 0.203228 0.013148 -0.052303 0.040481 0.087396 -0.106497 0.104095 0.086802
0.067510 0.061007 0.242114 0.296135 0.406036 0.571862 0.184704 0.227503 0.559351 0.637906 0.365036 0.272365 0.390876 0.238349 0.509249 0.493033 0.209661 0.042374 0.371124 -0.198259 1.000000 0.831774 0.352683 0.415400 0.704009 0.790436 0.763847 0.813396 0.264619 0.228776 0.577463 0.607785 -0.349006 -0.161916 -0.266773 -0.348968 -0.110439 -0.400574 -0.078447 -0.230105 0.101384 0.432486 0.074546 -0.122499 -0.033336 -0.240952 -0.285412 -0.435438 -0.027854 0.059672 0.066669 -0.155886 0.143710 0.138293 -0.067940 -0.450445 0.051158 -0.083604 -0.011627 0.050032 -0.222402 -0.372798 -0.106171 -0.336327 0.006121 0.060301 -0.120333 -0.316775 -0.105564 -0.240870 0.466736 0.747232 0.117740 0.441765 0.141173 0.186313 0.025181 -0.114447 -0.040381 -0.154669 -0.080840 -0.235915 0.269326 0.336586 -0.050879 -0.250993 0.368748 0.650335 0.032999 -0.198105 -0.365686 -0.378716 0.139174 -0.193782 -0.394966 -0.339492 -0.525954 -0.533262 -0.564124 -0.533708 -0.074955 -0.490742 -0.492179 -0.512789 -0.393530 -0.350113 -0.549599 -0.468349 -0.460544 -0.285660 -0.350055 -0.242404 -0.080536 0.064767 -0.084003 -0.450290
-0.033458 -0.033427 0.096431 0.144806 0.518970 0.692566 0.007494 0.085248 0.500987 0.556095 0.360825 0.210080 0.421172 0.149534 0.554923 0.327451 0.227961 -0.054233 0.253074 -0.113883 0.831774 1.000000 0.205453 0.333886 0.751889 0.698393 0.600398 0.777890 0.285647 0.098467 0.470865 0.574515 -0.419009 -0.252877 -0.225407 -0.290541 -0.183197 -0.309574 0.061212 -0.108803 0.079765 0.314630 0.199948 0.002221 0.037073 -0.106789 -0.209243 -0.275070 0.041030 0.125111 0.100994 -0.101226 0.155539 0.102161 -0.084902 -0.389094 -0.047330 -0.134003 0.031814 0.048077 -0.234142 -0.432846 -0.215408 -0.495715 0.005162 -0.028702 -0.053943 -0.267726 -0.069344 -0.223867 0.535465 0.789725 0.118751 0.306463 0.134406 0.143729 -0.054328 -0.030111 -0.013856 -0.244683 -0.079814 -0.323614 0.375154 0.326065 -0.074950 -0.345805 0.483716 0.508663 0.107832 -0.215248 -0.308213 -0.243605 0.163553 -0.080601 -0.351877 -0.333178 -0.540906 -0.517860 -0.420852 -0.402643 -0.055213 -0.392128 -0.477306 -0.353374 -0.387887 -0.283836 -0.516706 -0.381636 -0.393938 -0.322768 -0.251892 -0.089705 0.004284 0.069726 -0.058346 -0.471359
0.241179 -0.022806 0.853724 0.698277 0.292305 0.233727 0.716156 0.403049 0.444457 0.391879 0.350125 0.310753 0.364177 0.552753 0.261297 0.399720 -0.100499 0.050240 0.386254 0.119050 0.352683 0.205453 1.000000 0.706113 0.243441 0.484574 0.526154 0.487780 -0.154861 -0.084579 0.430381 0.565539 -0.382087 -0.195958 -0.135251 -0.331924 -0.335121 -0.459862 -0.160357 -0.221511 -0.082185 0.082226 -0.481004 -0.519761 -0.515722 -0.386095 -0.353707 -0.372564 -0.186353 -0.273206 -0.111005 -0.257048 0.004599 -0.199818 -0.161385 -0.474883 -0.170706 -0.257917 0.037117 -0.112267 -0.170926 -0.314122 -0.268568 -0.390947 0.168424 -0.138500 -0.253168 -0.213308 0.078511 0.282206 0.239292 0.396191 -0.208761 0.171435 -0.013672 -0.048715 -0.270726 -0.295326 -0.388149 -0.343060 -0.438873 -0.376003 0.273748 0.326853 -0.215042 -0.283115 0.093998 0.453359 0.495789 0.202446 -0.128687 0.062585 0.192883 0.092800 -0.103752 -0.377283 -0.439678 -0.258837 -0.400700 -0.347989 -0.284317 -0.052256 -0.347823 -0.056397 -0.246264 0.003771 -0.277033 0.014502 -0.285224 -0.352917 -0.372559 -0.222552 -0.010938 -0.139915 -0.077851 -0.274033
-0.135407 -0.291556 0.622185 0.564301 0.185501 0.174387 0.464124 0.457390 0.406588 0.298582 0.354686 0.227652 0.276311 0.290476 0.293346 0.022290 -0.024404 -0.113020 0.395978 0.242919 0.415400 0.333886 0.706113 1.000000 0.253957 0.365245 0.455939 0.428947 -0.188909 -0.189983 0.240058 0.445034 -0.613172 -0.332375 -0.133199 -0.144290 -0.218559 -0.360213 -0.034029 -0.225519 0.017758 0.020672 -0.217200 -0.184120 -0.244333 -0.100624 -0.147268 -0.149178 0.038795 0.077439 -0.079944 -0.029072 0.055478 -0.179940 -0.061534 -0.312395 -0.373530 -0.450865 0.064736 -0.043769 -0.399040 -0.584999 -0.524441 -0.624561 -0.115380 -0.201211 -0.124607 -0.054255 -0.093786 0.328233 0.345709 0.488314 -0.249634 0.050319 -0.033950 0.022199 -0.270306 -0.065642 -0.392951 -0.518585 -0.358613 -0.457288 0.489064 0.216159 -0.262368 -0.418464 0.179628 0.404973 0.407647 0.044954 -0.043877 0.154228 0.096588 0.099683 0.077643 -0.087696 -0.351039 0.046411 -0.258593 -0.232621 -0.096965 -0.086751 -0.379501 0.003422 -0.156996 0.120221 -0.105846 -0.143233 -0.070536 -0.120123 -0.138161 -0.192150 0.038577 -0.168477 0.149810 -0.165572
-0.212494 -0.225851 0.067070 0.073751 0.733567 0.817464 -0.115190 0.073512 0.661382 0.762061 0.220224 -0.022243 0.262341 0.028784 0.571371 0.375254 -0.149345 -0.330658 0.043208 -0.317327 0.704009 0.751889 0.243441 0.253957 1.000000 0.821279 0.727745 0.850270 0.022000 -0.080342 0.559144 0.571455 -0.270674 -0.125810 0.065335 -0.053822 -0.215177 -0.262486 0.120897 -0.126964 -0.164489 0.179486 0.096028 -0.068524 -0.054576 -0.130015 -0.389059 -0.258633 -0.019604 0.030493 -0.007963 -0.179170 -0.065493 0.198737 -0.271040 -0.412397 -0.146627 -0.226418 0.159234 0.269671 -0.024440 -0.137844 -0.147078 -0.375252 0.255080 0.235787 0.152085 -0.028993 0.056501 -0.012592 0.424535 0.598889 -0.131197 0.249432 -0.005874 0.064484 -0.085328 0.052048 -0.117969 -0.208898 -0.228073 -0.374652 0.214037 0.275444 -0.112171 -0.218771 0.428653 0.498740 -0.094594 -0.377742 -0.082182 -0.123968 0.364570 0.025818 -0.387317 -0.349355 -0.504717 -0.522008 -0.449922 -0.462075 -0.113794 -0.342015 -0.405635 -0.290340 -0.252373 -0.265288 -0.441122 -0.354771 -0.430676 -0.372695 -0.156775 -0.208940 -0.048140 0.092949 -0.089359 -0.476342
-0.069680 -0.123334 0.342762 0.227684 0.546292 0.680962 0.150994 0.065082 0.560744 0.776564 0.299795 0.149253 0.391550 0.262677 0.399229 0.510198 -0.068769 -0.130269 0.152383 -0.369912 0.790436 0.698393 0.484574 0.365245 0.821279 1.000000 0.883333 0.848155 0.019889 -0.015107 0.538008 0.561092 -0.331868 -0.171724 -0.066098 -0.137091 -0.331428 -0.454931 -0.118462 -0.294780 -0.130872 0.256962 -0.035989 -0.133157 -0.153085 -0.116884 -0.317244 -0.340636 -0.121359 -0.068572 0.019324 -0.217496 -0.024781 -0.038271 -0.233609 -0.483373 -0.086678 -0.211485 0.119861 0.248657 -0.071487 -0.145301 -0.108181 -0.335926 0.140676 0.200565 0.012675 -0.092602 0.071147 -0.064855 0.347985 0.591368 -0.107324 0.337653 0.018090 0.059028 -0.127690 -0.187918 -0.091652 -0.266682 -0.216177 -0.309267 0.078488 0.255374 -0.098064 -0.221812 0.343411 0.687050 0.003218 -0.187508 -0.209668 -0.210578 0.267912 -0.042919 -0.437483 -0.333106 -0.490558 -0.514846 -0.472831 -0.472600 -0.199586 -0.452713 -0.372821 -0.307229 -0.298791 -0.359473 -0.539362 -0.391860 -0.511507 -0.399537 -0.316057 -0.294783 -0.017754 -0.019877 -0.114091 -0.573386
-0.079530 -0.095386 0.382185 0.287596 0.592805 0.654095 0.262643 0.190696 0.592869 0.682361 0.125326 0.024583 0.281828 0.197126 0.380065 0.525435 -0.090657 -0.087270 0.127770 -0.287610 0.763847 0.600398 0.526154 0.455939 0.727745 0.883333 1.000000 0.778333 -0.060607 -0.017594 0.424043 0.451503 -0.389545 -0.296522 -0.059935 -0.212616 -0.243226 -0.433922 0.005002 -0.254279 -0.125124 0.276667 -0.200868 -0.312589 -0.229854 -0.242499 -0.298122 -0.445456 -0.088419 -0.037094 -0.079633 -0.156296 0.059330 -0.086304 -0.075074 -0.457137 -0.106918 -0.178994 0.171842 0.271822 -0.045744 -0.144183 -0.029026 -0.252763 0.065548 0.100496 0.010164 -0.194715 0.042043 0.065884 0.359758 0.515503 -0.097330 0.292723 0.002668 -0.021496 -0.150743 -0.217905 -0.159253 -0.241156 -0.232311 -0.320021 0.135488 0.350478 -0.151792 -0.290293 0.241045 0.643080 0.175994 -0.116943 -0.127645 -0.190276 0.303321 0.021114 -0.372340 -0.281498 -0.389894 -0.405497 -0.402140 -0.372807 -0.148848 -0.379555 -0.277947 -0.205734 -0.150418 -0.222243 -0.477173 -0.327398 -0.474711 -0.370943 -0.375884 -0.270105 -0.012506 0.011228 -0.103160 -0.519058
-0.004832 -0.070531 0.313826 0.290921 0.681091 0.803815 0.095018 0.184197 0.680098 0.787750 0.368874 0.133513 0.329501 0.229954 0.633668 0.419469 -0.011346 -0.183990 0.142989 -0.304049 0.813396 0.777890 0.487780 0.428947 0.850270 0.848155 0.778333 1.000000 0.054181 -0.093386 0.625801 0.666688 -0.342348 -0.148234 -0.069363 -0.222016 -0.281363 -0.398743 -0.015836 -0.126683 -0.181436 0.263206 -0.036097 -0.221859 -0.218271 -0.290378 -0.462244 -0.366800 -0.038450 -0.063118 0.069855 -0.230962 0.004914 0.183241 -0.211901 -0.529892 -0.062712 -0.166854 0.097214 0.132698 -0.090011 -0.231188 -0.207533 -0.476757 0.293148 0.215334 -0.032648 -0.150227 0.090163 -0.022293 0.460340 0.663638 -0.183467 0.285449 0.010730 0.014997 -0.156523 -0.122605 -0.165171 -0.230875 -0.307914 -0.451670 0.270795 0.316698 -0.085461 -0.252611 0.483540 0.644157 0.121808 -0.222258 -0.138134 -0.112495 0.361121 0.041263 -0.359770 -0.456931 -0.615260 -0.575481 -0.513070 -0.537225 -0.251825 -0.403195 -0.516221 -0.404352 -0.375612 -0.297459 -0.600795 -0.453449 -0.536539 -0.450850 -0.244397 -0.173836 0.018110 0.076808 -0.110345 -0.541039
0.336457 0.435822 -0.159844 -0.097342 -0.259183 -0.122047 0.009666 -0.075324 0.010611 -0.090069 0.132050 0.417461 0.085016 0.137501 0.231714 0.310420 0.644732 0.591736 0.359851 -0.026226 0.264619 0.285647 -0.154861 -0.188909 0.022000 0.019889 -0.060607 0.054181 1.000000 0.806597 0.361442 0.264789 0.211656 0.105313 -0.425893 -0.477185 0.483330 0.206082 -0.016064 -0.005379 0.636364 0.523973 0.045000 -0.130273 0.103616 -0.351303 -0.130105 -0.418098 -0.160909 -0.185058 0.120866 -0.084953 0.189076 0.200106 -0.036765 -0.160362 0.318986 0.377737 -0.414178 -0.427856 -0.203531 -0.211786 0.300186 0.253457 -0.144563 -0.253384 -0.378602 -0.581096 -0.257724 -0.557267 0.255114 0.311325 0.828607 0.711475 0.734643 0.581436 0.691707 0.232688 0.560225 0.516787 0.505415 0.441950 0.242259 0.143374 0.241046 0.086670 0.109075 -0.075682 -0.055420 -0.038843 -0.602072 -0.528254 -0.466049 -0.538690 -0.432252 0.048794 -0.433458 -0.361333 -0.286157 -0.189161 0.029345 -0.186045 -0.441759 -0.383073 -0.282406 -0.130068 -0.088741 0.004218 0.116810 0.088629 -0.443754 0.007085 -0.077838 0.223598 -0.068350 0.126178
0.428507 0.444604 -0.087394 -0.028944 -0.346244 -0.255610 0.172538 -0.033218 0.029330 -0.152101 -0.087776 0.391188 -0.110695 0.218428 -0.052640 0.484317 0.498895 0.700962 0.415533 0.061965 0.228776 0.098467 -0.084579 -0.189983 -0.080342 -0.015107 -0.017594 -0.093386 0.806597 1.000000 0.226720 0.145112 0.319106 0.129357 -0.435309 -0.541493 0.499840 0.195894 -0.069801 0.001383 0.611503 0.490792 -0.098700 -0.243534 0.027372 -0.428320 -0.051506 -0.478459 -0.271419 -0.215791 0.061772 0.016256 0.191672 0.115814 0.125105 0.005664 0.353115 0.297536 -0.433675 -0.392829 -0.202341 -0.092675 0.408013 0.445018 -0.248517 -0.217548 -0.447414 -0.670808 -0.286844 -0.529773 0.157918 0.220450 0.816775 0.809441 0.593295 0.539657 0.728452 0.175713 0.466821 0.576704 0.476054 0.622209 0.014635 0.246572 0.101371 0.181799 -0.143618 -0.043069 -0.046484 0.116294 -0.663511 -0.600072 -0.517481 -0.556935 -0.408521 0.109231 -0.293042 -0.243742 -0.269138 -0.065879 0.076301 -0.161654 -0.385428 -0.379327 -0.237560 -0.124452 0.019951 0.219173 0.139971 0.140252 -0.530096 -0.056664 -0.074299 0.228088 -0.092995 0.228780
0.273941 0.115642 0.296413 0.334623 0.226913 0.444385 0.272999 0.280014 0.471491 0.452869 0.363373 0.296115 0.280828 0.295703 0.626659 0.524642 0.014344 -0.054239 0.235843 -0.239052 0.577463 0.470865 0.430381 0.240058 0.559144 0.538008 0.424043 0.625801 0.361442 0.226720 1.000000 0.848781 -0.081857 0.177089 -0.063224 -0.288069 -0.017667 -0.164191 0.002592 0.024730 0.108628 0.420145 0.019548 -0.216508 -0.136167 -0.406172 -0.491765 -0.510920 -0.174876 -0.183910 0.184592 -0.294364 -0.025731 0.313953 -0.329749 -0.492402 0.045363 -0.010628 -0.267029 -0.197356 -0.154109 -0.196330 0.018151 -0.168293 0.447855 0.173799 -0.259205 -0.289066 -0.208555 -0.219069 0.340162 0.525322 0.111713 0.485913 0.381452 0.345081 0.188304 0.026358 -0.074773 0.060711 -0.161778 -0.187097 0.327811 0.386013 0.130196 0.072002 0.395636 0.309457 0.039246 -0.113442 -0.321641 -0.358541 -0.034627 -0.443371 -0.466502 -0.344335 -0.577078 -0.530587 -0.658538 -0.690025 -0.309805 -0.340627 -0.617416 -0.609387 -0.517807 -0.292522 -0.468304 -0.210889 -0.264115 -0.208357 -0.364642 -0.181890 -0.184352 0.078796 -0.297259 -0.172849
0.201165 -0.004674 0.394597 0.392837 0.317234 0.448386 0.343598 0.390228 0.579991 0.465717 0.471863 0.407758 0.353346 0.490371 0.586195 0.528285 0.023782 -0.052574 0.318874 -0.080613 0.607785 0.574515 0.565539 0.445034 0.571455 0.561092 0.451503 0.666688 0.264789 0.145112 0.848781 1.000000 -0.282966 0.069378 -0.145767 -0.289925 -0.185874 -0.296598 -0.077914 0.038848 0.014412 0.317876 -0.031585 -0.287072 -0.205435 -0.341606 -0.518966 -0.509374 -0.085236 -0.104895 0.166227 -0.255768 -0.049840 0.135533 -0.399603 -0.592435 -0.071455 -0.207733 -0.096592 -0.171282 -0.181293 -0.342513 -0.185454 -0.417898 0.373121 0.137361 -0.246885 -0.209770 -0.116101 -0.094088 0.499997 0.697542 -0.023388 0.419447 0.240272 0.343409 0.011818 0.043646 -0.092600 -0.107470 -0.265457 -0.256452 0.424803 0.485958 -0.008655 -0.082197 0.311790 0.425790 0.185771 -0.161795 -0.393675 -0.313590 -0.038870 -0.350926 -0.284770 -0.339606 -0.656002 -0.510113 -0.691536 -0.735765 -0.387753 -0.426928 -0.746697 -0.517476 -0.541139 -0.294718 -0.483229 -0.214072 -0.251469 -0.239778 -0.372067 -0.346461 -0.288911 -0.119006 -0.253088 -0.216028
0.349834 0.370112 -0.373050 -0.434349 -0.292481 -0.318509 -0.263009 -0.390055 -0.256627 -0.327079 -0.331484 -0.071448 -0.383270 -0.170796 -0.327291 -0.029293 0.103418 0.255263 -0.052277 -0.120732 -0.349006 -0.419009 -0.382087 -0.613172 -0.270674 -0.331868 -0.389545 -0.342348 0.211656 0.319106 -0.081857 -0.282966 1.000000 0.764337 0.181016 -0.012982 0.416195 0.489326 0.075540 0.295216 0.228531 0.150308 -0.164143 -0.089570 -0.014873 -0.290380 -0.124197 -0.173826 -0.367342 -0.378454 -0.073830 -0.258681 -0.314073 0.060730 0.002095 0.151722 0.610304 0.579461 -0.317754 -0.296556 0.451703 0.498426 0.525392 0.679325 0.249580 0.129774 -0.032424 -0.053750 0.299578 -0.179741 -0.326389 -0.446556 0.304646 0.082216 0.275813 0.127837 0.430295 0.171708 0.321989 0.668341 0.308488 0.542760 -0.414730 -0.114130 0.163937 0.541713 -0.227548 -0.239924 -0.415652 0.049170 -0.198039 -0.192381 -0.193828 -0.114214 -0.132984 0.143020 0.132618 0.162559 -0.080748 0.169031 0.042550 0.232828 0.093228 -0.077461 0.064076 0.035223 0.157238 0.300109 0.036749 0.230722 0.081421 0.188033 0.053414 0.271640 0.045323 0.324975
0.322128 0.291631 -0.188644 -0.187943 -0.295007 -0.224281 -0.120477 -0.162759 -0.184578 -0.172377 -0.065948 0.041073 -0.221043 -0.088109 -0.072105 -0.105374 0.007935 0.076263 0.049843 -0.115620 -0.161916 -0.252877 -0.195958 -0.332375 -0.125810 -0.171724 -0.296522 -0.148234 0.105313 0.129357 0.177089 0.069378 0.764337 1.000000 0.249111 0.121668 0.294357 0.415377 0.155881 0.362781 0.196717 0.230673 -0.051261 -0.026184 -0.014260 -0.225819 -0.269623 -0.201798 -0.421963 -0.369200 -0.058051 -0.461309 -0.440383 0.013187 -0.142573 -0.026517 0.497153 0.459551 -0.435271 -0.390255 0.248351 0.248031 0.242150 0.361951 0.402459 0.193861 -0.102627 0.104866 0.273974 -0.167759 -0.172284 -0.230024 0.110623 0.056072 0.251033 0.171961 0.319475 0.267222 0.229832 0.566308 0.164143 0.350121 -0.251131 -0.059080 0.252737 0.506392 -0.001357 -0.100434 -0.286966 0.033700 -0.237975 -0.194393 -0.146475 -0.183866 -0.015042 0.044649 0.046199 0.170527 -0.322589 -0.157236 -0.026150 0.027858 -0.126701 -0.311323 -0.166960 -0.113825 0.027055 0.116549 -0.059350 0.168928 0.189737 0.004097 -0.085339 0.106523 -0.010482 0.241709
-0.282698 -0.228815 -0.298450 -0.285100 0.103835 0.063247 -0.340223 -0.205052 -0.156824 -0.032405 -0.100612 -0.443499 -0.396438 -0.423333 -0.040500 -0.264479 -0.329009 -0.424705 -0.449597 -0.245763 -0.266773 -0.225407 -0.135251 -0.133199 0.065335 -0.066098 -0.059935 -0.069363 -0.425893 -0.435309 -0.063224 -0.145767 0.181016 0.249111 1.000000 0.480780 0.029073 0.410008 0.307981 0.308813 -0.243249 -0.107908 0.035018 0.119177 -0.082533 0.117828 -0.141354 0.138505 -0.340525 -0.152671 0.010283 -0.346292 -0.546030 -0.153923 -0.181246 0.045740 0.075354 0.044911 -0.060218 0.045095 0.169519 0.232005 -0.000824 -0.032054 0.352295 0.231396 0.249327 0.472180 0.265823 0.176742 -0.192871 -0.293188 -0.490485 -0.334073 -0.241973 -0.139102 -0.088073 0.358483 0.045745 0.083970 0.010049 0.023131 -0.012352 -0.092258 0.164698 0.336165 -0.017693 -0.109856 -0.111559 -0.057618 0.161406 0.179089 0.155252 0.106615 0.057058 0.142141 0.232462 0.373152 0.027385 0.104199 -0.022086 0.139313 0.251944 0.232171 0.329585 0.362009 0.020436 0.141309 -0.109284 0.261828 0.508768 0.076224 0.140879 -0.137361 0.157033 0.204318
-0.505530 -0.497154 -0.331668 -0.452090 0.054784 -0.062389 -0.498258 -0.355649 -0.237013 0.012483 -0.078848 -0.376088 -0.207940 -0.373392 -0.182584 -0.412394 -0.504263 -0.495737 -0.539778 -0.124726 -0.348968 -0.290541 -0.331924 -0.144290 -0.053822 -0.137091 -0.212616 -0.222016 -0.477185 -0.541493 -0.288069 -0.289925 -0.012982 0.121668 0.480780 1.000000 -0.191883 0.219911 0.045697 0.192934 -0.320717 -0.223428 0.243181 0.392961 0.222972 0.635922 -0.008632 0.561487 0.156250 0.098294 -0.002588 -0.021242 -0.398116 -0.199964 -0.317370 0.115430 -0.263238 -0.296557 0.321833 0.424065 0.212205 0.314148 -0.246482 -0.175368 0.147156 0.234842 0.455027 0.893688 0.222532 0.381486 -0.167937 -0.302300 -0.533935 -0.498502 -0.471694 -0.157213 -0.287689 0.216199 -0.150657 -0.192849 -0.166678 -0.129243 -0.090486 -0.215237 -0.060678 0.022321 -0.129037 -0.125991 -0.388560 -0.216122 0.408198 0.407084 0.057304 0.226866 0.529355 0.177381 0.326822 0.239614 0.259315 0.003889 0.089170 0.052386 0.353186 0.329331 0.355800 0.184686 0.067397 -0.186862 0.123288 -0.006538 0.656354 -0.183718 -0.224735 -0.352445 0.031422 0.058004
