1.000000 0.520107 -0.336446 -0.093202 -0.277082 -0.195762 -0.265780 -0.364037 -0.078082 -0.192394 0.226462 0.168096 -0.146015 -0.043470 -0.292513 -0.181587 0.221827 0.133263 0.231366 0.057823 -0.191731 -0.380384 -0.148455 -0.315204 -0.437569 -0.327045 -0.195444 -0.238209 -0.073151 -0.126788 -0.268620 -0.359734 0.019623 -0.125127 -0.108320 -0.017350 0.101838 -0.091875 -0.245312 -0.085848 -0.039054 -0.013858 -0.059961 -0.060571 -0.193191 -0.204919 -0.112580 -0.118434 -0.179094 -0.186086 -0.130271 -0.148485 -0.344900 -0.284154 0.058142 -0.071216 0.750391 0.494937 0.258009 0.135736 0.279305 0.016737 0.358510 0.196262 -0.135584 -0.049692 -0.183919 -0.309655 0.137795 -0.372187 0.154077 -0.223405 0.190351 0.313379 0.374992 0.150017 0.262587 -0.036262 0.152565 0.346615 0.205132 0.218151 -0.209728 -0.233144 0.200552 0.055062 -0.081200 -0.096869 0.082099 0.116618 -0.108686 -0.050382 0.003428 -0.017588 -0.374541 -0.134631 -0.325780 -0.077159 0.205770 0.503465 0.011638 0.076452 -0.008836 0.160571 -0.025979 -0.200624 -0.161212 -0.242993 -0.166570 0.096591 -0.270624 0.234941 0.424434 0.067190 -0.184248 -0.091233
0.520107 1.000000 -0.074335 -0.460281 -0.111758 -0.337291 -0.124949 -0.493256 0.094053 -0.071235 0.346496 0.401921 0.273160 0.252908 -0.003163 -0.070231 0.445385 0.507044 0.239729 0.117175 -0.105275 -0.390000 -0.353823 -0.687497 -0.499440 -0.500608 -0.288054 -0.382049 0.142725 0.032198 -0.501614 -0.656773 0.272615 0.018116 -0.362859 -0.388984 0.282284 -0.024600 -0.254228 -0.028844 0.000083 0.093065 -0.378910 -0.421806 -0.075929 -0.416764 -0.327491 -0.405648 0.053396 -0.010534 0.182126 0.012003 0.069939 0.018807 0.164039 0.041420 0.462813 0.772661 0.219640 0.324635 0.391522 0.299606 0.538333 0.530671 -0.334192 -0.311644 0.035396 -0.459711 0.262265 0.080545 -0.071100 -0.219737 0.292638 0.228395 0.405696 -0.047734 0.153022 -0.294683 0.188399 0.493882 0.319550 0.414930 -0.317705 -0.414473 0.221568 -0.114787 0.045242 -0.125350 -0.296461 -0.154564 0.066240 -0.016771 -0.262284 -0.038731 -0.154619 -0.029864 -0.309308 0.018740 0.167371 0.094065 -0.230734 0.012814 0.091423 -0.016552 -0.009124 -0.338533 0.125351 -0.071313 -0.340756 0.027193 -0.318281 0.117676 0.048259 -0.023853 -0.072393 0.000458
-0.336446 -0.074335 1.000000 0.193365 0.309929 -0.113863 0.630974 0.513141 0.264179 0.348722 0.086711 0.051891 0.510498 0.230433 0.308767 0.198778 -0.036477 -0.006736 0.102541 -0.009778 0.135737 -0.084821 0.076569 0.077501 0.073102 -0.192256 -0.178452 -0.202007 -0.106553 -0.025857 0.055094 -0.018582 -0.076717 0.006651 0.054189 -0.084488 -0.385270 -0.190184 -0.200297 -0.295443 -0.245841 -0.102960 -0.183598 -0.266624 -0.196459 -0.213233 -0.272317 -0.157092 0.005983 -0.144591 0.153982 0.109309 0.100735 0.023591 -0.171597 -0.305907 -0.541030 -0.282175 0.325782 0.075502 0.247094 0.335287 -0.062183 0.080043 0.115751 0.173085 0.438702 0.159858 -0.131471 0.096535 -0.275331 -0.120842 -0.156150 -0.138558 -0.078501 0.058354 -0.086926 0.035862 -0.527818 -0.413391 -0.366190 -0.303123 0.172080 0.248448 -0.015845 -0.162474 0.034559 0.304120 0.011947 -0.139143 0.043355 0.231381 0.297149 0.360092 -0.102145 0.146398 -0.087692 -0.155554 -0.218851 -0.371579 0.074626 0.163548 0.045940 -0.066152 0.185723 0.193384 0.008323 0.314037 -0.146853 -0.167834 -0.007838 -0.058274 -0.056558 0.158595 0.136225 0.115744
-0.093202 -0.460281 0.193365 1.000000 0.071654 0.553417 0.296326 0.518647 -0.082960 0.187647 -0.425385 -0.496187 -0.448760 -0.256829 -0.175944 0.143403 -0.683094 -0.609674 0.089359 -0.119844 -0.007345 0.164796 0.540879 0.673935 0.203543 0.478420 0.303978 0.552367 -0.431305 -0.311513 0.500896 0.612437 -0.357414 -0.000808 0.564715 0.386851 -0.489399 -0.122534 0.002131 -0.042127 -0.185348 -0.215806 0.206489 0.265993 -0.098324 0.334507 -0.027017 0.055808 -0.267966 -0.323498 -0.241798 -0.131610 -0.434694 -0.088967 -0.353621 -0.222504 -0.307042 -0.456691 -0.079400 -0.220850 -0.234948 -0.041103 -0.683441 -0.416689 0.521031 0.603881 -0.043949 0.547322 -0.095997 -0.267588 -0.155006 -0.078630 -0.495061 -0.215862 -0.213424 -0.040545 -0.006516 0.142770 -0.256729 -0.289781 -0.589976 -0.511052 0.027267 0.381755 -0.200144 0.092443 -0.203144 -0.073366 0.503408 0.305484 -0.231291 -0.306240 0.324645 -0.124008 -0.189729 0.135338 -0.033533 -0.122144 -0.155102 -0.107811 0.234370 -0.309650 -0.108793 -0.151754 0.076460 0.290553 -0.152649 0.009056 0.150639 0.041160 0.160238 -0.136472 -0.029054 0.071951 -0.038103 0.032957
-0.277082 -0.111758 0.309929 0.071654 1.000000 0.214166 0.279025 0.349403 0.431970 0.303929 0.031898 -0.012235 0.056517 -0.026057 0.334153 0.118297 -0.276410 -0.193743 -0.242998 0.102010 0.393529 0.290739 -0.014220 0.188491 0.418011 -0.103734 0.321335 -0.000391 -0.182234 -0.090475 -0.021116 -0.023396 -0.485240 -0.291954 -0.034839 0.055508 -0.116528 0.151826 0.106083 0.022314 -0.109047 0.106667 0.059225 -0.116917 -0.031760 0.108458 -0.093872 0.191640 -0.156187 -0.002151 -0.231125 -0.204233 -0.108158 -0.211495 -0.226612 -0.260063 -0.364380 -0.209724 -0.001749 0.217345 -0.168912 -0.013143 -0.198050 -0.124434 -0.017434 0.089440 0.146863 0.264719 -0.133280 0.163352 0.100325 -0.001800 -0.164604 -0.101062 -0.069866 0.232375 -0.113546 0.218028 -0.291634 -0.396896 -0.217659 -0.262559 0.301798 0.350835 -0.085305 -0.399114 0.017232 0.083614 0.047714 -0.019837 0.261494 0.270410 0.473582 0.349165 0.224411 0.050086 -0.041866 -0.263092 -0.191468 -0.192004 0.189806 0.188497 0.125036 0.143780 0.202213 0.045515 0.294935 0.502276 0.193452 -0.030851 0.228508 0.051670 0.044250 0.266821 0.356078 -0.107272
-0.195762 -0.337291 -0.113863 0.553417 0.214166 1.000000 0.150340 0.263716 -0.019169 0.198767 -0.544615 -0.444037 -0.496992 -0.400964 -0.231713 0.035271 -0.705216 -0.555508 -0.183955 -0.002408 0.141605 0.267884 0.272224 0.501929 0.415489 0.612790 0.494113 0.765708 -0.438679 -0.248855 0.326823 0.451871 -0.427631 -0.139941 0.401552 0.295707 -0.225909 0.102456 0.240467 0.307020 -0.040327 0.125664 0.226188 0.283573 -0.033098 0.351934 0.046791 0.210470 -0.215706 -0.187551 -0.410694 -0.262848 -0.418292 -0.140337 -0.265148 0.008157 -0.146897 -0.209620 -0.322781 -0.176157 -0.290806 -0.137546 -0.541355 -0.353326 0.263060 0.346974 -0.152188 0.489103 -0.023166 0.023702 0.051935 -0.114153 -0.260496 -0.284553 -0.195624 0.086652 -0.281531 0.116811 -0.135810 -0.052454 -0.418114 -0.301014 -0.167639 0.270801 -0.522982 -0.004362 -0.365749 -0.235050 0.157828 0.358842 -0.066396 -0.302029 0.186760 -0.262538 0.113188 -0.028229 -0.002049 -0.111920 -0.150960 -0.190293 0.175370 -0.361286 -0.078674 -0.126449 0.174685 0.127580 0.017054 -0.042776 0.322516 0.160981 0.234194 -0.200599 -0.212404 -0.002761 0.138884 -0.096517
-0.265780 -0.124949 0.630974 0.296326 0.279025 0.150340 1.000000 0.577401 0.515139 0.626493 0.028749 -0.186597 0.413870 0.075096 0.356150 0.499201 -0.263779 -0.250413 0.081706 -0.097843 0.090297 -0.291289 0.257375 0.215226 0.137238 0.060542 0.096911 0.090748 -0.272998 -0.272286 0.229136 0.015323 -0.299861 0.090641 0.062379 0.081179 -0.565698 -0.451061 -0.259560 -0.320644 -0.261482 -0.098413 -0.188143 -0.243422 -0.276840 -0.119649 -0.311559 -0.191322 -0.119028 -0.302445 0.225470 -0.081571 -0.142333 -0.031080 -0.276945 -0.531647 -0.424099 -0.235815 0.378683 0.125420 0.398545 0.353040 -0.187009 -0.101692 0.475594 0.458727 0.444785 0.333908 0.117710 0.152802 -0.278810 -0.246241 -0.332187 -0.141882 -0.000510 0.053926 -0.019991 0.004422 -0.480809 -0.298660 -0.437834 -0.441091 0.168110 0.212910 -0.035888 -0.135260 0.136444 0.150762 0.253845 -0.022217 -0.119804 0.077880 0.322886 0.247895 -0.228953 -0.082364 -0.248593 -0.197285 -0.440585 -0.495927 -0.095652 0.061928 -0.183002 -0.285938 0.078554 0.150244 -0.066613 0.132206 -0.036423 -0.180246 -0.055955 -0.274631 -0.292870 -0.000034 -0.017650 -0.065670
-0.364037 -0.493256 0.513141 0.518647 0.349403 0.263716 0.577401 1.000000 0.319069 0.606550 -0.110343 -0.078405 0.134902 0.247711 0.189635 0.514321 -0.499890 -0.376238 -0.155925 -0.333084 -0.060023 0.012339 0.114058 0.436591 0.322068 0.132865 -0.004711 0.040370 -0.410083 -0.214026 0.396299 0.316091 -0.333372 0.103863 0.333575 0.406451 -0.540737 -0.286064 -0.183409 -0.277786 -0.365556 -0.100519 0.058878 -0.062773 -0.079680 0.200863 -0.152494 -0.058552 -0.035467 -0.150102 0.176709 0.047210 -0.156734 -0.188728 -0.303895 -0.406257 -0.513611 -0.612762 0.241268 0.147470 0.063981 0.399233 -0.480309 -0.237352 0.358567 0.664291 0.375145 0.560433 -0.058964 -0.003291 -0.105176 -0.175813 -0.483815 -0.036007 -0.149629 0.121124 -0.050345 0.086379 -0.479078 -0.552764 -0.463386 -0.646240 0.151110 0.375973 -0.021603 -0.154982 -0.039147 0.164163 0.284433 0.097215 -0.178516 -0.123303 0.406744 0.150466 -0.225411 0.041522 0.010237 -0.306460 -0.299849 -0.330971 0.388716 -0.064747 -0.008880 -0.166286 -0.030914 0.271612 -0.028188 0.183347 0.054431 -0.126431 0.140215 -0.207176 -0.133745 0.108835 -0.057917 -0.083693
-0.078082 0.094053 0.264179 -0.082960 0.431970 -0.019169 0.515139 0.319069 1.000000 0.680636 0.305684 0.018224 0.361513 0.124629 0.491361 0.488204 -0.017189 -0.091062 0.073048 0.001579 -0.061545 -0.273198 0.095645 0.098000 0.158178 -0.239469 0.104916 -0.138792 -0.323593 -0.334053 -0.199640 -0.300185 -0.365892 -0.124992 -0.094165 0.079106 -0.304711 -0.275295 -0.295532 -0.267119 -0.304114 0.004568 -0.206237 -0.359750 -0.219131 -0.140230 -0.325601 -0.157483 -0.211771 -0.223820 0.198853 -0.267346 -0.213341 -0.219705 -0.302071 -0.503444 -0.155970 0.036146 0.332569 0.058773 0.431184 0.316447 -0.013123 -0.178225 0.394928 0.406777 0.121780 0.055023 0.373560 0.320738 -0.054652 -0.101219 -0.363126 -0.038294 0.059471 0.175190 0.078256 0.073902 -0.358708 -0.325998 -0.089776 -0.226619 0.261851 0.132324 0.320174 -0.198448 0.215851 0.035921 0.374153 -0.119144 0.065307 0.119126 0.394950 0.480922 -0.179492 -0.235342 -0.436667 -0.334963 -0.522541 -0.319690 0.072429 0.263178 -0.138710 -0.076546 -0.003938 0.122216 0.245465 0.142959 0.078658 -0.070799 -0.218712 -0.217168 -0.093080 0.123151 0.156479 -0.152318
-0.192394 -0.071235 0.348722 0.187647 0.303929 0.198767 0.626493 0.606550 0.680636 1.000000 0.168004 -0.070760 0.337677 0.232398 0.302783 0.630859 -0.294757 -0.263428 -0.012049 -0.239198 -0.165480 -0.361079 0.155709 0.268698 0.375896 0.045543 0.161388 0.019891 -0.461703 -0.413428 0.180988 -0.035925 -0.271974 0.082539 0.122778 0.312093 -0.537637 -0.460197 -0.356654 -0.317817 -0.389620 0.043726 -0.156720 -0.168474 -0.174989 0.063465 -0.265067 -0.139102 -0.105054 -0.183164 0.271650 -0.159370 -0.292744 -0.185292 -0.388199 -0.507701 -0.356327 -0.204514 0.359709 0.035292 0.331161 0.401823 -0.275753 -0.343814 0.524841 0.626479 0.275876 0.331825 0.315834 0.212807 -0.093381 -0.304766 -0.506282 -0.043364 0.049677 0.140771 0.047335 0.036165 -0.414715 -0.368757 -0.399897 -0.550036 0.065731 0.085383 0.139536 -0.225411 0.223791 0.048234 0.450663 -0.143932 -0.086749 -0.146504 0.213356 0.239455 -0.181592 -0.209236 -0.275982 -0.194117 -0.385894 -0.374093 0.085253 -0.064185 -0.190851 -0.222943 -0.022307 0.266924 0.151807 0.124459 -0.069675 -0.020158 0.066981 -0.204906 -0.258444 0.063427 0.129683 -0.045343
0.226462 0.346496 0.086711 -0.425385 0.031898 -0.544615 0.028749 -0.110343 0.305684 0.168004 1.000000 0.599383 0.604207 0.518545 0.302120 0.282130 0.522214 0.527199 0.121488 -0.028881 -0.056028 -0.328432 -0.238802 -0.469029 -0.251387 -0.457984 -0.230267 -0.494820 0.323545 0.200364 -0.084474 -0.366591 0.280244 0.343798 -0.098931 -0.078154 0.068298 -0.262976 -0.484511 -0.518217 0.060167 0.026527 -0.195021 -0.154543 -0.042748 -0.203239 -0.041998 -0.245533 0.272016 0.088807 0.361375 0.161173 0.045809 0.019999 -0.089879 -0.271754 -0.031332 0.089878 0.214382 0.027902 0.322505 0.275301 0.365563 0.227070 -0.018539 -0.041519 0.095364 -0.307476 0.085719 -0.026369 -0.178024 -0.251785 0.178905 0.252911 0.416633 0.245279 0.520004 0.026339 -0.041892 0.047697 0.350025 0.188689 0.296594 -0.004747 0.767685 -0.058611 0.544820 0.276833 0.018251 -0.507252 -0.208426 0.008461 -0.149579 0.292783 -0.322072 -0.224915 -0.168486 -0.021912 -0.021720 -0.093904 -0.048791 0.294296 -0.207600 -0.243799 -0.054567 -0.169493 -0.171496 -0.236130 -0.271476 -0.146086 -0.320328 -0.092293 0.027708 0.102242 -0.179008 -0.077472
0.168096 0.401921 0.051891 -0.496187 -0.012235 -0.444037 -0.186597 -0.078405 0.018224 -0.070760 0.599383 1.000000 0.429640 0.796911 0.079314 0.291975 0.369264 0.667739 -0.034105 -0.222284 -0.195456 -0.223450 -0.523458 -0.617205 -0.356004 -0.513599 -0.419245 -0.462491 0.381952 0.317646 -0.232125 -0.443356 0.274328 0.140170 -0.081621 -0.153298 0.316074 0.095809 -0.231833 -0.177382 0.164402 0.118771 -0.240703 -0.242024 -0.039709 -0.292573 -0.104629 -0.412714 0.416904 0.219778 0.365600 0.461779 0.281766 -0.025646 0.380448 0.216037 0.071342 0.038290 0.091277 0.406913 0.207369 0.543341 0.297117 0.555431 -0.340102 -0.108415 0.093507 -0.406260 -0.079006 -0.161652 -0.220196 -0.259970 0.437977 0.204905 0.377572 0.107455 0.263369 -0.248094 0.084881 0.179738 0.402487 0.284800 -0.002229 -0.063277 0.440532 0.169016 0.175135 0.267530 -0.380389 -0.158921 -0.194420 -0.073458 -0.186675 -0.023667 -0.139616 -0.105491 0.023819 0.122195 0.165217 -0.075516 -0.011189 0.124613 -0.062162 -0.257277 -0.127279 -0.207169 -0.056194 -0.123726 -0.200349 -0.032884 -0.342263 -0.261087 -0.110943 0.012848 -0.081216 -0.003955
-0.146015 0.273160 0.510498 -0.448760 0.056517 -0.496992 0.413870 0.134902 0.361513 0.337677 0.604207 0.429640 1.000000 0.541792 0.505263 0.420866 0.505857 0.408925 0.108352 -0.121524 0.032909 -0.387028 -0.183380 -0.423499 -0.204329 -0.447587 -0.402253 -0.539011 0.210225 0.103750 -0.145290 -0.453844 0.267092 0.311693 -0.189739 -0.152365 -0.112236 -0.416725 -0.422014 -0.424645 -0.167048 -0.077616 -0.351932 -0.284756 -0.224511 -0.368180 -0.303437 -0.284538 0.104433 -0.031555 0.556274 0.140333 0.263081 0.073098 0.031404 -0.285025 -0.294774 0.017701 0.472047 0.144254 0.590541 0.397544 0.387337 0.254607 -0.022599 -0.059758 0.504972 -0.120327 0.085763 0.177601 -0.304030 -0.267076 0.118112 0.075436 0.199016 0.045297 0.147449 -0.168433 -0.194819 -0.042445 0.122555 0.062148 0.197200 -0.104396 0.419805 -0.145597 0.388129 0.290357 -0.121590 -0.418323 -0.056928 0.189305 -0.115490 0.339087 -0.238449 -0.202849 -0.135179 -0.061023 -0.225876 -0.342321 -0.188632 0.377339 -0.063720 -0.115561 0.011366 -0.042218 -0.036516 -0.080605 -0.350343 -0.359726 -0.169603 -0.143442 -0.195733 -0.040056 -0.039518 -0.052064
-0.043470 0.252908 0.230433 -0.256829 -0.026057 -0.400964 0.075096 0.247711 0.124629 0.232398 0.518545 0.796911 0.541792 1.000000 0.147909 0.577922 0.143135 0.425806 -0.039409 -0.495835 -0.289138 -0.354674 -0.294033 -0.456013 -0.174102 -0.312341 -0.385376 -0.383546 0.226087 0.124663 -0.018340 -0.297864 0.251670 0.320649 0.140816 0.124701 0.013082 -0.194770 -0.301066 -0.266407 0.074560 -0.022631 -0.235578 -0.196039 -0.061931 -0.134689 -0.192214 -0.436174 0.358420 0.184716 0.544429 0.497958 0.223543 -0.063977 0.313266 0.030253 -0.238118 -0.133596 0.255138 0.402174 0.302693 0.780958 0.013470 0.436077 -0.052677 0.232948 0.308788 -0.075906 0.022614 -0.097870 -0.349255 -0.409265 0.121910 0.158065 0.228023 0.005582 0.263845 -0.251848 -0.080134 -0.007271 0.115576 -0.092455 0.004640 -0.076603 0.390030 0.005028 0.197413 0.130661 -0.197639 -0.234228 -0.295672 -0.225204 -0.233012 -0.104658 -0.207183 -0.099797 0.123894 0.003202 -0.000411 -0.286727 0.029073 -0.018711 -0.088847 -0.374787 -0.176687 -0.031689 -0.034760 -0.154047 -0.278948 -0.181252 -0.179888 -0.337066 -0.229651 -0.076848 -0.179260 -0.097244
-0.292513 -0.003163 0.308767 -0.175944 0.334153 -0.231713 0.356150 0.189635 0.491361 0.302783 0.302120 0.079314 0.505263 0.147909 1.000000 0.404072 0.127472 0.185648 -0.127512 0.082998 0.317385 0.082944 0.205669 0.043577 0.155777 -0.162643 0.116736 -0.132607 0.211514 0.160627 0.085661 -0.009012 -0.020097 0.158390 -0.173151 0.052949 -0.072026 -0.117264 -0.319683 -0.283496 -0.175463 0.055321 -0.294546 -0.403825 -0.293661 -0.324787 -0.370368 -0.204407 -0.184449 -0.045147 0.218440 -0.128884 0.064075 0.099950 -0.191703 -0.461316 -0.351005 -0.138822 0.220397 0.037244 0.241910 0.056095 0.068825 0.048959 0.202191 -0.019129 0.100875 -0.173381 -0.046622 0.095471 -0.164774 0.087752 -0.216343 0.054438 0.124149 0.144098 0.018231 -0.002834 -0.209538 -0.079254 -0.051558 -0.038768 0.597959 0.297100 0.391717 -0.144995 0.379288 0.177912 0.228189 -0.290377 0.091823 0.253625 0.241302 0.400969 -0.138032 -0.065121 -0.330986 -0.499291 -0.320756 -0.219649 -0.029858 0.292782 0.134729 -0.014546 0.018141 -0.050829 0.168661 0.096493 -0.071016 -0.421170 -0.179408 -0.195098 -0.089273 0.182598 -0.006080 -0.151886
-0.181587 -0.070231 0.198778 0.143403 0.118297 0.035271 0.499201 0.514321 0.488204 0.630859 0.282130 0.291975 0.420866 0.577922 0.404072 1.000000 -0.215434 -0.054611 -0.004756 -0.530773 -0.216414 -0.351504 0.199196 0.079860 0.062816 0.058042 -0.024245 0.032561 -0.028434 -0.169925 0.307218 0.004700 -0.019821 0.366260 0.339799 0.358978 -0.244599 -0.415698 -0.277516 -0.261144 -0.024401 -0.023752 -0.331526 -0.229915 -0.341842 -0.115745 -0.317959 -0.424271 -0.021682 -0.237220 0.451943 0.054652 -0.082703 -0.215178 0.071390 -0.327484 -0.398036 -0.257842 0.262401 0.162515 0.370900 0.545914 -0.278518 0.013631 0.534357 0.616043 0.301177 0.210149 0.232090 0.013873 -0.338577 -0.379163 -0.198501 -0.013921 0.165877 0.078520 0.211723 -0.232837 -0.198504 -0.145739 -0.184950 -0.354277 0.227668 0.231013 0.344749 0.101600 0.254068 0.084587 0.437395 0.022820 -0.487470 -0.400735 0.009219 0.014591 -0.337390 -0.265727 -0.118918 -0.164162 -0.434832 -0.537912 0.032243 -0.034876 -0.396634 -0.496203 -0.247154 0.003900 -0.123773 -0.277370 -0.129182 -0.170767 -0.159093 -0.617527 -0.388849 -0.112132 -0.200944 -0.189376
0.221827 0.445385 -0.036477 -0.683094 -0.276410 -0.705216 -0.263779 -0.499890 -0.017189 -0.294757 0.522214 0.369264 0.505857 0.143135 0.127472 -0.215434 1.000000 0.685030 0.176859 0.266733 -0.063798 -0.266366 -0.347298 -0.571005 -0.518474 -0.591329 -0.486947 -0.612650 0.461125 0.360140 -0.475227 -0.554733 0.496173 0.121204 -0.462063 -0.542189 0.346065 -0.086230 -0.188676 -0.136695 0.149518 -0.015471 -0.289755 -0.233593 0.006685 -0.398284 -0.078029 -0.132002 0.136953 0.138034 0.256401 0.058607 0.284068 0.158814 0.092558 0.045761 0.327935 0.439314 0.170642 -0.011976 0.343853 -0.061206 0.792622 0.367407 -0.427779 -0.575911 0.022570 -0.583367 0.047236 0.130736 -0.044124 0.106200 0.528076 0.202617 0.267675 -0.054779 0.209939 -0.119050 0.305171 0.254924 0.688366 0.662784 0.098841 -0.318209 0.479799 0.039673 0.296459 0.238284 -0.311500 -0.309263 0.030188 0.287835 -0.258187 0.261195 -0.161875 -0.075324 -0.087755 0.272283 0.069557 0.126929 -0.225583 0.431030 0.019003 0.137727 -0.019474 -0.260909 -0.103473 -0.146178 -0.269467 -0.008467 -0.315324 0.149377 0.194607 -0.113973 -0.073065 0.044611
0.133263 0.507044 -0.006736 -0.609674 -0.193743 -0.555508 -0.250413 -0.376238 -0.091062 -0.263428 0.527199 0.667739 0.408925 0.425806 0.185648 -0.054611 0.685030 1.000000 0.031001 0.143715 -0.062318 -0.168814 -0.464627 -0.612043 -0.462419 -0.473823 -0.357033 -0.447125 0.530818 0.641036 -0.330009 -0.418550 0.515980 0.221755 -0.377663 -0.441340 0.410671 0.067985 -0.228191 -0.193181 0.194288 0.130478 -0.319718 -0.358195 0.061233 -0.347696 -0.141966 -0.425265 0.396369 0.358831 0.288325 0.384288 0.291730 0.241981 0.165231 0.139387 0.202178 0.323103 -0.027039 0.189831 0.150754 0.200911 0.548351 0.594519 -0.378037 -0.474635 -0.007834 -0.622870 -0.063007 -0.034371 -0.240443 -0.001372 0.611267 0.229603 0.356491 0.014082 0.177862 -0.282533 0.279135 0.449844 0.563852 0.642982 0.069649 -0.162508 0.429972 0.125970 0.266933 0.263923 -0.458809 -0.274332 -0.115889 0.014435 -0.360061 -0.034678 -0.138571 0.021300 -0.048756 0.202345 0.202956 -0.018346 -0.150417 0.117566 0.078146 -0.129255 -0.036746 -0.267153 -0.078191 -0.166913 -0.372725 -0.128531 -0.446278 -0.082545 -0.095215 -0.123009 -0.114868 0.063126
0.231366 0.239729 0.102541 0.089359 -0.242998 -0.183955 0.081706 -0.155925 0.073048 -0.012049 0.121488 -0.034105 0.108352 -0.039409 -0.127512 -0.004756 0.176859 0.031001 1.000000 0.270346 -0.040736 -0.142704 0.260103 -0.076658 -0.358661 -0.160747 -0.130041 -0.121673 0.006619 -0.156244 -0.033916 -0.172147 0.223885 0.155030 0.089193 -0.203255 -0.042804 -0.291855 -0.109146 -0.222999 0.022241 -0.090522 -0.360569 -0.239705 -0.160904 -0.319205 -0.328577 -0.438333 -0.163462 -0.350176 0.017621 -0.121595 -0.028573 -0.055236 -0.138719 -0.205657 0.137036 0.279382 0.134377 0.072596 0.338486 0.084418 0.203213 0.161452 0.245701 0.078716 0.025507 -0.172973 0.311997 0.175624 0.049428 0.008727 -0.042695 0.127790 0.195989 0.055022 0.316165 0.000739 0.081956 0.079795 -0.061135 0.050177 -0.052017 -0.022112 0.119991 -0.069258 0.083720 0.038712 0.196182 -0.125251 -0.065473 -0.104965 -0.211554 0.125515 -0.245905 -0.160297 -0.461950 0.204863 -0.439235 -0.094850 -0.134495 0.043418 -0.353279 -0.016143 -0.034201 0.067702 -0.025163 -0.212781 -0.258375 -0.010708 -0.277083 -0.054769 -0.189705 0.023984 0.110619 -0.007731
0.057823 0.117175 -0.009778 -0.119844 0.102010 -0.002408 -0.097843 -0.333084 0.001579 -0.239198 -0.028881 -0.222284 -0.121524 -0.495835 0.082998 -0.530773 0.266733 0.143715 0.270346 1.000000 0.309804 0.289055 0.044017 0.087073 -0.198848 -0.195367 0.074729 -0.013645 0.185570 0.256077 -0.253933 -0.044896 -0.125010 -0.282823 -0.340851 -0.484889 0.123178 0.185664 0.057309 0.064984 0.028463 -0.056683 0.091202 -0.115950 0.052877 -0.167828 -0.079199 0.147257 -0.085291 -0.065649 -0.363935 -0.200673 -0.014673 0.100245 -0.311803 -0.033535 0.154016 0.137367 -0.290919 -0.148774 -0.193970 -0.508272 0.276033 -0.023721 -0.268424 -0.547746 -0.301202 -0.280055 -0.325317 0.295301 0.290692 0.434470 0.094297 0.026977 -0.058821 -0.078856 -0.169356 0.340240 0.146644 0.137915 0.170462 0.312173 0.134233 0.075546 -0.032871 -0.298531 0.092790 -0.029207 -0.108613 -0.255860 0.514037 0.488901 0.112480 0.307020 0.151018 0.135096 -0.247989 0.068965 -0.138691 0.149834 -0.130638 0.297739 0.174082 0.386742 0.357151 -0.015686 0.156290 0.296987 0.049539 0.147459 -0.014476 0.292981 0.123368 0.080313 0.229568 -0.013141
-0.191731 -0.105275 0.135737 -0.007345 0.393529 0.141605 0.090297 -0.060023 -0.061545 -0.165480 -0.056028 -0.195456 0.032909 -0.289138 0.317385 -0.216414 -0.063798 -0.062318 -0.040736 0.309804 1.000000 0.551273 0.161482 0.103826 0.185287 -0.058890 0.270590 0.184307 0.031054 0.081129 0.039645 0.106996 -0.206123 -0.198243 -0.152478 -0.054119 -0.018976 0.068501 0.021854 0.025853 -0.129544 -0.000214 0.163590 0.060217 -0.063167 -0.111078 0.016539 0.151080 -0.191062 0.009786 -0.324956 -0.137292 -0.012484 -0.036206 -0.272430 -0.186331 -0.156824 -0.078137 -0.115110 0.015966 -0.140901 -0.328357 -0.098014 -0.031965 -0.043135 -0.230827 0.013252 0.097839 -0.274414 0.138211 0.157110 0.206828 -0.092487 -0.190262 -0.164456 0.032381 -0.278782 0.108499 -0.069730 -0.113620 -0.169381 0.030034 0.322612 0.173429 -0.201544 -0.283059 0.031111 0.036642 -0.106579 -0.104303 0.291699 0.302756 0.201730 0.114777 0.241188 0.339641 -0.017947 -0.279515 -0.190381 -0.071613 -0.022142 0.163833 0.196167 0.300339 0.385675 0.103231 0.154456 0.278687 0.124177 0.028965 0.197686 0.022295 0.028070 0.405876 0.339606 -0.009234
-0.380384 -0.390000 -0.084821 0.164796 0.290739 0.267884 -0.291289 0.012339 -0.273198 -0.361079 -0.328432 -0.223450 -0.387028 -0.354674 0.082944 -0.351504 -0.266366 -0.168814 -0.142704 0.289055 0.551273 1.000000 0.125556 0.290581 0.250417 0.253815 0.302655 0.352832 0.107953 0.193016 0.202182 0.478882 -0.139077 -0.186239 -0.010989 -0.058022 0.147689 0.403778 0.259304 0.224796 0.105015 0.152365 0.213956 0.117429 0.127763 0.069863 0.097430 0.195944 -0.049672 0.157588 -0.499939 -0.007288 0.128663 0.038791 -0.165100 0.152407 -0.164113 -0.267908 -0.539143 -0.014048 -0.627624 -0.434189 -0.311624 -0.057346 -0.202370 -0.282615 -0.156769 0.111826 -0.412961 0.106607 0.153977 0.513236 -0.123585 -0.119621 -0.299346 -0.065129 -0.256408 0.206649 -0.090354 -0.152314 -0.072991 0.052239 0.295208 0.388743 -0.260585 -0.109238 -0.034083 0.096797 -0.121774 0.100813 0.313503 0.207053 0.148147 -0.118493 0.329756 0.353529 0.127888 -0.158078 0.081715 0.101209 0.283286 -0.113152 0.284540 0.310379 0.192167 0.147939 0.274683 0.302761 0.154411 -0.000678 0.199511 0.095116 0.023912 0.282252 0.280746 -0.111738
-0.148455 -0.353823 0.076569 0.540879 -0.014220 0.272224 0.257375 0.114058 0.095645 0.155709 -0.238802 -0.523458 -0.183380 -0.294033 0.205669 0.199196 -0.347298 -0.464627 0.260103 0.044017 0.161482 0.125556 1.000000 0.663237 0.299005 0.503192 0.356925 0.502844 -0.069553 -0.251799 0.543091 0.517254 -0.077402 0.170898 0.330428 0.245959 -0.221661 -0.102598 0.110379 0.046848 0.101181 0.053951 -0.142444 -0.010839 -0.334802 -0.011896 -0.167301 -0.070389 -0.480720 -0.338539 -0.249131 -0.303887 -0.424974 -0.072986 -0.224271 -0.247520 -0.280430 -0.180821 -0.185302 -0.385651 -0.139265 -0.233290 -0.521672 -0.410822 0.702908 0.325824 -0.263332 0.175994 -0.025593 -0.016305 -0.028831 0.064679 -0.428370 -0.114855 0.039440 0.058118 0.190399 0.197240 -0.070196 -0.042928 -0.544581 -0.341015 0.336471 0.415764 -0.071159 0.041059 0.161437 0.056551 0.691148 0.166031 -0.178157 -0.211203 0.197588 0.002780 -0.133202 -0.100186 -0.217033 -0.177364 -0.415605 -0.237467 0.032024 -0.129858 -0.332896 -0.154092 -0.035291 0.197033 -0.036165 -0.143525 0.110104 0.043356 0.012136 -0.220788 -0.189069 0.076198 -0.002652 -0.214503
-0.315204 -0.687497 0.077501 0.673935 0.188491 0.501929 0.215226 0.436591 0.098000 0.268698 -0.469029 -0.617205 -0.423499 -0.456013 0.043577 0.079860 -0.571005 -0.612043 -0.076658 0.087073 0.103826 0.290581 0.663237 1.000000 0.464422 0.512643 0.408257 0.543036 -0.373848 -0.236529 0.480739 0.662127 -0.415777 -0.138668 0.310145 0.376962 -0.381893 0.081625 0.211028 0.091974 -0.138791 -0.006959 0.261841 0.212693 -0.110639 0.303205 0.082786 0.295503 -0.350809 -0.252449 -0.367053 -0.263501 -0.374371 -0.170993 -0.312589 -0.203085 -0.373635 -0.551793 -0.260186 -0.427906 -0.425227 -0.368546 -0.716113 -0.751283 0.519511 0.389596 -0.177551 0.482178 -0.097603 0.000225 0.197849 0.270611 -0.524743 -0.182497 -0.215065 0.110645 -0.119916 0.398097 -0.245266 -0.343305 -0.582628 -0.569572 0.311864 0.517341 -0.242200 0.010067 0.010248 0.111946 0.594811 0.235326 0.008805 -0.110432 0.474954 0.111482 0.026651 -0.032288 0.091413 -0.069297 -0.281389 -0.101672 0.274764 -0.124716 -0.069471 -0.009641 0.122064 0.386497 0.067711 0.169079 0.197536 0.140966 0.308060 -0.070704 -0.129443 0.022351 0.129317 -0.065913
-0.437569 -0.499440 0.073102 0.203543 0.418011 0.415489 0.137238 0.322068 0.158178 0.375896 -0.251387 -0.356004 -0.204329 -0.174102 0.155777 0.062816 -0.518474 -0.462419 -0.358661 -0.198848 0.185287 0.250417 0.299005 0.464422 1.000000 0.592260 0.507272 0.380596 -0.291192 -0.178599 0.456850 0.463545 -0.238428 0.033663 0.095848 0.513623 -0.288512 0.138388 0.149264 0.127246 -0.095124 0.267276 0.212520 0.235310 0.182276 0.430942 0.309903 0.353756 -0.085614 0.209854 -0.170167 -0.032772 -0.171686 0.024869 -0.245918 -0.121574 -0.447076 -0.323203 -0.093783 -0.245443 -0.319249 -0.120730 -0.496652 -0.502160 0.330308 0.306563 0.024838 0.394495 0.006690 0.108502 0.077775 0.065895 -0.425742 -0.164912 -0.193237 0.229463 -0.131099 0.170143 -0.249899 -0.375569 -0.501216 -0.477681 0.110310 0.167767 -0.337100 -0.182276 -0.072471 -0.083204 0.228508 -0.041293 0.086298 -0.119949 0.190225 -0.116884 0.297019 0.114395 0.125040 -0.303961 -0.076154 -0.253051 0.286461 -0.265014 -0.076478 -0.061812 -0.056251 0.190486 0.182833 0.261958 0.374692 0.032190 0.399502 0.001821 -0.029832 0.234839 0.115215 -0.024596
-0.327045 -0.500608 -0.192256 0.478420 -0.103734 0.612790 0.060542 0.132865 -0.239469 0.045543 -0.457984 -0.513599 -0.447587 -0.312341 -0.162643 0.058042 -0.591329 -0.473823 -0.160747 -0.195367 -0.058890 0.253815 0.503192 0.512643 0.592260 1.000000 0.454342 0.728417 -0.055757 -0.052321 0.719669 0.771788 0.037497 0.317979 0.409149 0.423302 -0.126845 0.069399 0.269783 0.236259 0.247832 0.284970 0.146241 0.337475 0.090921 0.375424 0.265564 0.173640 -0.101428 0.020831 -0.258713 -0.000720 -0.210253 0.130428 -0.062869 0.069740 -0.304340 -0.231403 -0.466674 -0.409481 -0.464055 -0.236338 -0.600860 -0.364363 0.436393 0.259960 -0.180207 0.359199 -0.068698 -0.056797 -0.085053 0.095845 -0.216865 -0.133708 -0.173122 0.058191 0.001055 0.124112 -0.072310 0.051007 -0.481605 -0.333104 -0.075199 0.247258 -0.372862 0.130304 -0.073595 -0.172655 0.275496 0.200993 -0.220115 -0.431640 -0.135341 -0.503377 0.152235 0.061966 0.183972 -0.057508 -0.013538 -0.274672 0.101185 -0.539552 -0.242655 -0.368119 -0.186745 0.046124 -0.183447 -0.221501 0.219406 -0.018853 0.261112 -0.187577 -0.262896 -0.109997 -0.192969 -0.181054
-0.195444 -0.288054 -0.178452 0.303978 0.321335 0.494113 0.096911 -0.004711 0.104916 0.161388 -0.230267 -0.419245 -0.402253 -0.385376 0.116736 -0.024245 -0.486947 -0.357033 -0.130041 0.074729 0.270590 0.302655 0.356925 0.408257 0.507272 0.454342 1.000000 0.629143 -0.154309 -0.162125 0.246892 0.345698 -0.307035 -0.121876 0.218533 0.219930 -0.096227 0.034096 0.132165 0.134206 -0.057667 0.052398 0.158154 0.160452 -0.092881 0.190065 0.007974 0.155309 -0.187524 -0.086026 -0.307935 -0.286471 -0.288115 -0.011747 -0.232510 -0.152243 -0.209628 -0.213787 -0.206086 -0.254342 -0.262112 -0.298187 -0.385807 -0.399688 0.362314 0.188300 -0.258869 0.170631 0.111980 0.034262 0.089640 0.006627 -0.334787 -0.134010 -0.123529 0.089046 -0.038830 0.283929 -0.152754 -0.115687 -0.282718 -0.251569 0.213917 0.224953 -0.237455 -0.114739 -0.025802 -0.238409 0.285051 0.054187 0.126605 0.014595 0.108282 -0.010514 0.256302 0.026921 -0.143622 -0.097658 -0.136835 0.010346 -0.010730 -0.106819 -0.023965 0.057433 0.125925 0.183492 0.255565 0.034016 0.277048 0.108567 0.245332 -0.105273 -0.130611 0.129424 0.254189 -0.041317
-0.238209 -0.382049 -0.202007 0.552367 -0.000391 0.765708 0.090748 0.040370 -0.138792 0.019891 -0.494820 -0.462491 -0.539011 -0.383546 -0.132607 0.032561 -0.612650 -0.447125 -0.121673 -0.013645 0.184307 0.352832 0.502844 0.543036 0.380596 0.728417 0.629143 1.000000 -0.173940 -0.183844 0.442587 0.598417 -0.314305 -0.077694 0.406461 0.299802 -0.128801 0.093902 0.301796 0.331453 0.181422 0.131005 0.143018 0.244880 -0.112095 0.216114 0.041837 0.101325 -0.219764 -0.163494 -0.393656 -0.167870 -0.375060 0.016174 -0.125740 0.046644 -0.159138 -0.242937 -0.473537 -0.328882 -0.362816 -0.230803 -0.624720 -0.327646 0.396944 0.269662 -0.314481 0.283245 -0.046103 -0.051074 -0.085164 0.039556 -0.242990 -0.278495 -0.167769 -0.085415 -0.164990 0.155075 -0.082052 0.029593 -0.358746 -0.204161 0.088724 0.304486 -0.392364 0.201343 -0.117342 -0.112602 0.281713 0.317788 -0.138846 -0.289946 0.039903 -0.420755 0.211400 0.010778 0.031654 -0.012857 -0.157791 -0.219877 0.020230 -0.424607 -0.193917 -0.260992 0.095911 0.183805 -0.001628 -0.085022 0.245361 0.115522 0.208095 -0.354659 -0.248680 -0.044631 0.147140 -0.147885
-0.073151 0.142725 -0.106553 -0.431305 -0.182234 -0.438679 -0.272998 -0.410083 -0.323593 -0.461703 0.323545 0.381952 0.210225 0.226087 0.211514 -0.028434 0.461125 0.530818 0.006619 0.185570 0.031054 0.107953 -0.069553 -0.373848 -0.291192 -0.055757 -0.154309 -0.173940 1.000000 0.541347 0.063580 -0.000404 0.533948 0.367704 -0.080387 -0.313849 0.613752 0.202679 0.056103 0.074871 0.597751 0.124516 -0.185561 -0.102136 -0.185110 -0.366084 0.050705 -0.186044 0.100114 0.082867 0.006073 0.155657 0.364381 0.097945 0.416264 0.207056 -0.041730 0.114026 -0.305446 0.063773 -0.144234 -0.136565 0.325871 0.489691 -0.248609 -0.510179 -0.163770 -0.418413 -0.318143 0.002053 -0.254132 0.117002 0.593001 0.016559 0.131783 -0.156038 0.177431 -0.094248 0.389989 0.518592 0.407477 0.498814 0.157536 0.061618 0.273098 0.109283 0.339517 0.139668 -0.227462 -0.172800 -0.124163 0.079440 -0.434193 -0.111836 0.096922 0.050307 0.164437 0.162896 0.139269 -0.077275 -0.206197 0.088457 -0.011961 -0.148365 -0.119484 -0.383109 -0.187111 -0.196893 -0.113502 -0.124765 -0.158967 -0.206858 -0.119794 -0.039295 -0.138428 -0.037720
-0.126788 0.032198 -0.025857 -0.311513 -0.090475 -0.248855 -0.272286 -0.214026 -0.334053 -0.413428 0.200364 0.317646 0.103750 0.124663 0.160627 -0.169925 0.360140 0.641036 -0.156244 0.256077 0.081129 0.193016 -0.251799 -0.236529 -0.178599 -0.052321 -0.162125 -0.183844 0.541347 1.000000 0.104068 0.113751 0.489796 0.352266 -0.170027 -0.260951 0.392219 0.264536 -0.036508 -0.166510 0.293820 0.214624 -0.066688 -0.086368 0.205564 -0.050883 0.059724 -0.113141 0.367512 0.348738 -0.086458 0.284191 0.161073 0.205438 0.042477 0.113878 -0.085334 0.039005 -0.294554 0.053328 -0.326336 -0.175956 0.202678 0.372973 -0.341777 -0.570170 -0.007990 -0.276332 -0.381131 -0.035651 -0.113257 0.241135 0.552739 0.261958 0.058868 0.138415 0.061341 -0.075979 0.276756 0.356893 0.399354 0.504538 0.242807 0.161620 0.211447 0.104107 0.101357 0.178338 -0.395447 -0.335749 -0.115258 -0.004355 -0.237160 -0.088730 -0.034047 0.156425 0.140295 0.106244 0.260657 -0.101170 -0.074472 0.098928 0.175790 -0.036898 0.146708 -0.127803 -0.292125 -0.156653 -0.293487 -0.230741 -0.188028 -0.001711 -0.078237 -0.137861 -0.273994 -0.035827
-0.268620 -0.501614 0.055094 0.500896 -0.021116 0.326823 0.229136 0.396299 -0.199640 0.180988 -0.084474 -0.232125 -0.145290 -0.018340 0.085661 0.307218 -0.475227 -0.330009 -0.033916 -0.253933 0.039645 0.202182 0.543091 0.480739 0.456850 0.719669 0.246892 0.442587 0.063580 0.104068 1.000000 0.824926 0.133871 0.536895 0.426431 0.446058 -0.185546 -0.038275 -0.028236 -0.153037 0.202137 0.279799 0.000116 0.188789 -0.057862 0.184915 0.101234 -0.024663 -0.067595 -0.108473 -0.164284 0.024864 -0.346532 0.005432 -0.188024 -0.234133 -0.427924 -0.376608 -0.279378 -0.272184 -0.356431 -0.109414 -0.577605 -0.302467 0.484521 0.336353 -0.031328 0.318207 -0.173006 -0.169503 -0.073888 -0.017022 -0.202657 0.067749 0.081965 0.308679 0.289841 0.108722 -0.087523 -0.034125 -0.476358 -0.396151 0.255875 0.542003 0.030830 0.145038 0.213894 0.204878 0.409584 0.053197 -0.407703 -0.452308 0.029105 -0.250674 -0.187883 0.001893 0.105523 -0.168997 -0.076703 -0.333142 0.217229 -0.350960 -0.269855 -0.433843 -0.151885 0.110539 -0.289297 -0.223942 -0.023746 -0.120935 0.126497 -0.160290 -0.289527 0.033417 -0.310862 -0.226875
-0.359734 -0.656773 -0.018582 0.612437 -0.023396 0.451871 0.015323 0.316091 -0.300185 -0.035925 -0.366591 -0.443356 -0.453844 -0.297864 -0.009012 0.004700 -0.554733 -0.418550 -0.172147 -0.044896 0.106996 0.478882 0.517254 0.662127 0.463545 0.771788 0.345698 0.598417 -0.000404 0.113751 0.824926 1.000000 -0.023385 0.275865 0.415914 0.369138 -0.127845 0.158985 0.111424 -0.022666 0.164391 0.165442 0.203509 0.306637 0.067542 0.317717 0.214835 0.194022 -0.110003 -0.001869 -0.356024 -0.048449 -0.300466 0.071589 -0.221964 -0.056861 -0.349845 -0.465419 -0.489875 -0.454926 -0.582820 -0.357857 -0.654596 -0.413486 0.372229 0.211460 -0.252372 0.307753 -0.292968 -0.189176 0.015570 0.233814 -0.227497 -0.079326 -0.201810 0.135931 0.068386 0.232083 -0.097897 -0.105367 -0.417676 -0.320790 0.263456 0.576134 -0.133480 0.187513 0.085328 0.123201 0.326808 0.139892 -0.218055 -0.308602 0.115029 -0.251675 -0.000146 0.161708 0.198242 -0.159829 0.037020 -0.121096 0.312843 -0.365402 -0.117630 -0.259504 -0.115194 0.171331 -0.177297 -0.035842 0.160765 -0.022431 0.207584 -0.050794 -0.159722 0.081392 -0.154223 -0.153368
0.019623 0.272615 -0.076717 -0.357414 -0.485240 -0.427631 -0.299861 -0.333372 -0.365892 -0.271974 0.280244 0.274328 0.267092 0.251670 -0.020097 -0.019821 0.496173 0.515980 0.223885 -0.125010 -0.206123 -0.139077 -0.077402 -0.415777 -0.238428 0.037497 -0.307035 -0.314305 0.533948 0.489796 0.133871 -0.023385 1.000000 0.698602 0.015550 -0.230940 0.397296 -0.093861 -0.088414 -0.162343 0.282096 0.182456 -0.373185 -0.100354 0.106660 -0.205669 0.055781 -0.333637 0.255427 0.257347 0.252811 0.257548 0.318330 0.299089 0.224021 0.206072 0.055140 0.327572 -0.089265 -0.094209 0.070723 0.035740 0.353192 0.382286 -0.138699 -0.331164 0.055550 -0.377212 0.084899 -0.070299 -0.167875 -0.013200 0.435553 0.300308 0.296304 0.041934 0.326629 -0.368607 0.331711 0.497455 0.297852 0.445394 -0.139243 -0.170386 0.241667 0.228938 0.203047 0.108986 -0.217557 -0.254998 -0.409832 -0.310497 -0.679028 -0.211556 -0.198651 -0.017104 0.054142 0.216129 0.226218 -0.115895 -0.257056 -0.123196 -0.227547 -0.281535 -0.299796 -0.278196 -0.333263 -0.512495 -0.427966 -0.206995 -0.287323 -0.046579 -0.183969 -0.279130 -0.439743 -0.023373
-0.125127 0.018116 0.006651 -0.000808 -0.291954 -0.139941 0.090641 0.103863 -0.124992 0.082539 0.343798 0.140170 0.311693 0.320649 0.158390 0.366260 0.121204 0.221755 0.155030 -0.282823 -0.198243 -0.186239 0.170898 -0.138668 0.033663 0.317979 -0.121876 -0.077694 0.367704 0.352266 0.536895 0.275865 0.698602 1.000000 0.278298 0.191440 0.082401 -0.247421 -0.279169 -0.377021 0.233527 0.137134 -0.337405 -0.053093 0.049617 0.023877 0.015431 -0.355319 0.132852 0.088607 0.284893 0.139844 0.038507 0.171693 -0.045602 -0.170331 -0.232055 0.063625 -0.035319 -0.092649 0.082956 0.202434 -0.013034 0.187931 0.306919 0.114930 0.126439 0.033123 0.085331 -0.087854 -0.360536 -0.173446 0.080849 0.184251 0.224041 0.154281 0.440795 -0.211117 0.109489 0.323748 0.047593 0.072606 0.094173 0.160770 0.344039 0.119292 0.352216 0.129248 0.080141 -0.333702 -0.621072 -0.564452 -0.501917 -0.281026 -0.374553 -0.165369 -0.048480 -0.096709 -0.019112 -0.387347 -0.051525 -0.263458 -0.355949 -0.524421 -0.353267 -0.165143 -0.401728 -0.585491 -0.313278 -0.361522 -0.227514 -0.308784 -0.291862 -0.176015 -0.556551 -0.175695
-0.108320 -0.362859 0.054189 0.564715 -0.034839 0.401552 0.062379 0.333575 -0.094165 0.122778 -0.098931 -0.081621 -0.189739 0.140816 -0.173151 0.339799 -0.462063 -0.377663 0.089193 -0.340851 -0.152478 -0.010989 0.330428 0.310145 0.095848 0.409149 0.218533 0.406461 -0.080387 -0.170027 0.426431 0.415914 0.015550 0.278298 1.000000 0.478957 -0.274151 -0.254791 -0.031920 -0.043248 -0.031489 -0.277566 0.172469 0.317307 -0.082361 0.317112 0.113427 -0.019435 -0.171696 -0.275743 -0.018643 -0.078646 -0.237957 -0.193664 -0.088497 -0.087512 -0.358493 -0.397284 -0.170457 -0.217746 -0.080577 0.127997 -0.530593 -0.211146 0.438740 0.561771 -0.138039 0.425529 0.009495 -0.277816 -0.156955 -0.178095 -0.234035 -0.301834 -0.278818 -0.066723 0.098483 0.139093 -0.111317 -0.105039 -0.357837 -0.357633 -0.038632 0.340452 -0.041514 0.142631 -0.101480 -0.172293 0.334843 0.101820 -0.384919 -0.436882 -0.165003 -0.249608 -0.074823 -0.089141 0.130178 -0.054668 -0.192230 -0.269858 -0.023488 -0.312845 -0.357051 -0.357627 -0.147686 0.147238 -0.164395 -0.331549 0.117755 -0.067763 0.239535 -0.335938 -0.208674 0.016449 -0.021407 0.016228
-0.017350 -0.388984 -0.084488 0.386851 0.055508 0.295707 0.081179 0.406451 0.079106 0.312093 -0.078154 -0.153298 -0.152365 0.124701 0.052949 0.358978 -0.542189 -0.441340 -0.203255 -0.484889 -0.054119 -0.058022 0.245959 0.376962 0.513623 0.423302 0.219930 0.299802 -0.313849 -0.260951 0.446058 0.369138 -0.230940 0.191440 0.478957 1.000000 -0.404302 -0.207648 -0.140836 -0.117901 -0.172276 -0.109457 0.311771 0.329870 0.022567 0.468150 0.200220 0.192069 -0.238298 -0.110403 0.095136 -0.063907 -0.288280 -0.314133 -0.094962 -0.349684 -0.250412 -0.372352 0.208636 -0.147399 -0.013229 0.121510 -0.551564 -0.431502 0.482118 0.623290 0.036095 0.510430 0.128498 -0.192523 -0.026859 -0.105212 -0.486427 -0.132579 -0.164766 0.058134 -0.003803 0.090107 -0.229055 -0.212246 -0.451131 -0.578250 0.078309 0.185395 0.008047 -0.008576 -0.025362 -0.169939 0.428934 -0.020501 -0.227029 -0.463456 0.024928 -0.270896 -0.052508 -0.066705 0.132917 -0.373857 -0.119420 -0.136638 0.207341 -0.354369 -0.139742 -0.172954 -0.101262 0.256479 -0.117003 -0.084874 0.128222 -0.201006 0.321986 -0.207769 0.120463 0.080314 -0.106996 -0.093292
