1.000000 0.489800 0.005884 -0.140882 -0.143129 -0.096920 -0.286241 -0.278059 -0.097362 -0.218205 0.184822 0.150822 0.012857 -0.045506 0.179133 0.036559 0.124656 0.509130 0.124903 -0.031870 -0.344425 -0.259279 -0.102957 -0.383565 -0.173260 -0.583428 0.089819 -0.169790 0.120233 -0.031087 -0.487385 -0.610486 0.085382 -0.060378 -0.460837 -0.500187 0.064202 -0.147106 -0.069266 -0.114578 0.065923 -0.107522 -0.127879 -0.079659 -0.306953 -0.345004 0.001376 -0.144489 0.042670 -0.019632 0.102193 0.247572 0.373579 0.227698 0.424126 0.304618 0.511540 0.332164 0.267398 0.295887 0.216039 0.080876 0.193420 0.287067 -0.381084 -0.318064 -0.005487 -0.436096 0.340504 0.016884 -0.378651 -0.282215 0.306750 0.021358 0.046326 -0.243851 0.203120 0.136883 0.236421 0.334507 0.381194 0.513652 -0.076543 -0.153486 -0.136087 -0.081221 -0.111330 -0.284730 -0.210671 0.073844 0.131557 0.159312 -0.135508 0.248307 0.129753 0.207474 0.034796 0.086340 0.261889 0.387616 -0.140404 -0.045120 -0.104372 0.161852 0.127515 0.121099 0.039944 0.023727 -0.147203 0.103261 -0.198233 0.181795 0.127559 0.183001 0.058122 0.059900
0.489800 1.000000 -0.147682 0.040877 -0.135309 0.080985 -0.186082 -0.326995 -0.081108 -0.181747 0.282241 0.298934 0.007171 -0.034421 0.316706 0.115741 0.123847 0.309788 0.164145 0.015894 -0.146380 -0.073879 -0.020027 -0.052720 -0.180757 -0.247619 0.182578 0.105411 -0.018866 0.086966 -0.225987 -0.332594 -0.057003 -0.101684 -0.512930 -0.573990 0.176850 -0.074878 -0.147847 -0.210522 -0.045905 -0.026096 -0.146304 0.045024 -0.103027 -0.194322 0.251785 -0.163711 0.418564 0.243682 0.218231 0.503333 0.434602 0.496825 0.311100 0.293872 0.260105 0.384011 0.181635 0.265165 0.013195 0.002332 0.014876 0.086238 -0.180036 -0.072633 -0.459255 -0.694628 0.299808 0.111178 -0.109224 -0.276264 0.178908 0.136587 -0.007771 -0.149236 0.175641 -0.175658 0.134169 0.215380 0.176920 0.354286 0.029290 0.073649 -0.045578 -0.016007 0.033705 -0.182462 -0.147501 0.219108 0.190372 -0.159411 -0.111789 -0.155790 -0.073325 -0.073529 -0.211410 -0.289029 0.227897 0.086810 -0.059439 -0.103330 -0.251719 -0.099085 -0.061954 0.342072 0.035961 -0.043256 -0.304060 0.009964 -0.470737 -0.002323 -0.023954 0.013134 0.204328 -0.085421
0.005884 -0.147682 1.000000 0.042296 0.642815 0.307024 0.292980 0.072921 0.587602 0.382731 0.038608 -0.094716 -0.012906 0.017122 0.364320 0.265846 -0.308234 -0.344676 0.083681 -0.109264 0.221408 0.232758 0.485444 0.189683 0.304120 0.305669 0.244531 0.243119 -0.374010 -0.440330 0.215985 0.218003 -0.340272 0.234621 0.235378 0.183195 -0.316707 -0.236355 0.129853 0.080015 -0.209809 -0.263564 -0.251946 -0.248109 -0.376465 -0.280084 -0.298140 -0.247879 -0.552222 -0.495729 -0.209189 -0.368333 -0.004276 -0.133737 -0.130151 -0.263473 -0.099628 -0.051396 0.386280 -0.396037 0.184061 0.112542 -0.512058 -0.529554 0.504618 0.281186 0.182780 0.170778 -0.085610 0.254530 -0.107452 -0.054656 -0.309003 -0.382720 -0.228846 -0.105281 -0.269679 -0.016316 -0.416175 -0.164105 -0.072230 -0.215418 0.186567 -0.160767 0.148368 -0.055094 0.286668 0.256843 0.499645 0.122718 -0.101414 0.279573 0.045997 0.280150 0.065975 -0.077863 0.095694 0.016927 -0.347184 -0.150093 -0.089460 -0.207175 0.102066 0.020655 -0.034510 -0.117016 0.020916 -0.098773 -0.128608 -0.279848 0.092259 -0.180273 0.044626 0.202722 -0.044555 -0.159418
-0.140882 0.040877 0.042296 1.000000 -0.012517 0.356677 0.211231 0.162567 0.089329 0.151848 0.005558 0.178400 0.018215 0.160375 0.226934 0.318020 -0.217094 -0.241087 -0.244462 -0.188582 -0.117693 0.374803 0.283265 0.447964 0.049544 0.319185 0.155753 0.300492 -0.162401 -0.203844 0.099464 0.235746 -0.198615 0.020025 -0.015228 0.131725 -0.236971 -0.374624 -0.336200 -0.214184 -0.203997 -0.242886 -0.048659 0.019740 0.091851 0.160531 -0.038093 -0.091567 0.199232 0.090181 -0.173049 0.050890 0.026143 0.123587 -0.243773 -0.234221 -0.051685 -0.423718 0.072647 -0.170879 -0.007911 0.115969 -0.150327 -0.267126 0.493637 0.466417 -0.214738 0.028926 -0.312272 0.086185 -0.267278 -0.270522 -0.384560 -0.095897 0.003783 -0.111769 -0.305218 -0.335535 -0.197757 -0.180600 -0.422122 -0.449008 0.147694 0.275198 0.216328 0.352122 0.253842 0.114737 0.137407 0.059162 0.009759 -0.276558 0.290616 0.015545 -0.011350 -0.180788 -0.388638 -0.226092 -0.189752 -0.188474 0.072009 -0.015599 -0.033442 -0.107442 0.098039 0.375933 0.237274 -0.020134 -0.301894 0.044147 -0.261118 -0.184403 -0.338288 0.064217 0.432135 -0.107597
-0.143129 -0.135309 0.642815 -0.012517 1.000000 0.351185 0.377388 0.337234 0.572197 0.549618 -0.106140 0.009665 0.037603 0.141882 0.262036 0.434262 -0.184332 -0.359024 0.001677 -0.076063 0.254530 0.070498 0.099257 0.070872 0.071475 0.232805 0.239149 0.060851 -0.239737 -0.203263 0.215919 0.293201 -0.258945 0.311178 0.234412 0.286484 -0.290718 -0.306102 0.042642 -0.134024 -0.067874 -0.215025 -0.172374 -0.275341 -0.220395 -0.158897 -0.203138 -0.212222 -0.338834 -0.371887 -0.284035 -0.372548 -0.033799 -0.172776 -0.211414 -0.467785 -0.227289 -0.242444 0.308440 -0.456438 0.150803 0.305290 -0.304670 -0.436011 0.344730 0.351102 0.081385 0.204072 -0.299591 0.259484 -0.063746 0.091558 -0.309204 -0.185244 -0.087192 0.055658 -0.068096 0.031303 -0.420781 -0.018743 -0.137794 -0.269701 0.109257 0.102363 -0.179677 -0.195148 0.046221 -0.057446 0.216129 -0.011927 -0.028988 0.220388 0.281398 0.212831 -0.111628 -0.089162 -0.050775 -0.041326 -0.318130 -0.352297 0.063434 -0.107488 0.231320 0.149363 0.066449 -0.097270 0.381147 0.205181 -0.180872 -0.222296 0.065470 -0.200817 -0.039695 0.231612 -0.244284 -0.331969
-0.096920 0.080985 0.307024 0.356677 0.351185 1.000000 -0.001420 0.020608 0.143724 0.181419 0.235769 0.092685 -0.063931 0.111086 0.319762 0.427136 -0.381648 -0.252410 -0.072571 -0.180102 0.334324 0.231188 0.317391 0.373578 0.210254 0.434086 0.479678 0.560718 -0.153683 -0.244509 -0.012518 0.106171 -0.212857 0.019280 -0.008634 0.051765 0.007820 -0.126458 0.130030 -0.102925 0.032191 -0.008351 -0.255611 -0.165209 -0.214878 -0.218589 -0.300084 -0.302325 -0.196920 -0.295525 -0.367368 -0.305457 0.040559 -0.068768 -0.009955 -0.074791 -0.132559 -0.155923 0.124853 -0.277840 0.002439 -0.032995 -0.338010 -0.410797 0.226030 0.256508 0.067865 0.022329 -0.163557 0.171796 0.032081 0.030019 -0.255833 -0.037141 0.024088 0.256283 0.034546 0.056935 -0.148398 0.028108 -0.038845 -0.162522 0.226450 0.237928 0.152804 0.106660 0.243756 0.139224 0.348149 0.115879 -0.201308 -0.085701 0.154463 -0.018085 0.049429 -0.074439 -0.127947 -0.076663 -0.304333 -0.139780 -0.114051 -0.117997 0.010003 0.118342 0.189290 0.299036 0.280754 0.121110 -0.258332 0.025546 -0.090409 -0.300561 -0.358640 0.173513 0.136023 -0.097033
-0.286241 -0.186082 0.292980 0.211231 0.377388 -0.001420 1.000000 0.502843 0.365759 0.284476 0.106827 0.249314 0.467053 0.331955 0.125929 0.215672 0.065312 -0.338189 0.171609 -0.163988 -0.199160 0.040162 -0.006859 -0.104732 -0.332577 -0.040851 -0.076255 -0.217107 0.008382 -0.095346 0.383481 0.288336 -0.059196 0.118023 0.122675 0.063554 -0.266590 -0.507913 -0.408921 -0.382866 0.070136 -0.268209 0.042523 0.106852 0.250334 0.255093 -0.015612 -0.091259 0.061460 0.206644 -0.028214 -0.009979 -0.260230 -0.015316 -0.454177 -0.436650 -0.453562 -0.449652 0.101525 -0.229640 0.182906 0.318285 -0.063342 -0.284337 0.413149 0.335982 -0.200251 0.103881 -0.411470 -0.156582 -0.046799 -0.175589 -0.376845 -0.030433 0.015799 0.061273 -0.133515 -0.259316 -0.235665 -0.208385 -0.455062 -0.407641 0.173280 0.282393 0.141143 0.190601 -0.111342 -0.193355 0.094621 -0.044283 0.106334 0.093233 0.222415 -0.215740 -0.418683 -0.267014 -0.484050 -0.391742 -0.257744 -0.434353 0.175303 -0.112975 0.109367 -0.253946 0.040182 -0.051632 0.007570 0.016337 -0.325360 -0.295836 -0.301036 -0.096623 -0.006734 -0.107793 -0.155501 -0.403338
-0.278059 -0.326995 0.072921 0.162567 0.337234 0.020608 0.502843 1.000000 0.378002 0.603734 -0.247049 0.241049 0.333059 0.609496 0.026735 0.487996 0.092416 -0.285330 -0.274310 -0.147095 -0.117496 -0.074011 -0.412518 -0.214982 -0.348876 -0.109023 -0.248112 -0.358363 0.176543 0.256237 0.022241 0.187154 0.047457 0.239853 0.147371 0.274320 -0.247446 -0.430410 -0.326820 -0.249604 0.190678 -0.088065 -0.145032 -0.136788 0.180674 0.151230 -0.308661 -0.118421 -0.055544 -0.084960 -0.175718 -0.257171 -0.277369 -0.360789 -0.359059 -0.574577 -0.439577 -0.584491 0.096355 -0.153770 0.328183 0.687847 0.210983 -0.174595 0.142038 0.391156 0.060956 0.291429 -0.475184 -0.104380 -0.256956 -0.159212 -0.151456 -0.009293 0.087663 0.263781 -0.197016 -0.143846 -0.066584 -0.125390 -0.171098 -0.356020 -0.073580 0.412923 -0.222959 -0.123225 -0.317232 -0.318708 0.072218 -0.186134 -0.026380 0.162993 0.555976 -0.183037 -0.268980 -0.017036 -0.289168 -0.093447 -0.045571 -0.338819 0.278145 -0.016531 0.389708 0.077119 0.172949 -0.014628 0.285556 0.215860 -0.070759 0.017090 -0.101827 0.038916 0.019862 0.130231 -0.026767 -0.241649
-0.097362 -0.081108 0.587602 0.089329 0.572197 0.143724 0.365759 0.378002 1.000000 0.635680 0.023773 0.186845 0.382787 0.369435 0.491113 0.458423 -0.067506 -0.295851 -0.072637 -0.258358 0.072050 0.050551 0.188932 0.062338 -0.009191 0.109360 -0.062200 -0.065963 -0.240132 -0.316462 0.174788 0.240231 -0.295760 0.365145 0.192243 0.282120 -0.297135 -0.316660 -0.135669 -0.200941 0.063001 -0.073258 -0.310585 -0.337946 -0.275199 -0.132765 -0.256956 -0.220790 -0.369587 -0.281832 -0.300559 -0.449413 -0.110772 -0.210955 -0.307488 -0.498512 -0.251684 -0.310474 0.520019 -0.406367 0.444647 0.523113 -0.238870 -0.414119 0.539931 0.449854 -0.087033 0.114451 -0.390348 0.008804 -0.065527 -0.035878 -0.239790 -0.104743 0.094439 0.144410 -0.127912 -0.021381 -0.255774 -0.089964 -0.145262 -0.252159 0.152416 0.016073 0.007834 -0.237681 0.178457 -0.015850 0.464282 0.043997 -0.045712 0.307104 0.253958 0.194722 -0.185641 -0.184025 -0.327191 -0.089019 -0.303835 -0.283612 0.080578 -0.163814 0.024811 0.003781 -0.010626 -0.024243 0.187643 0.028765 -0.125426 -0.288004 -0.209711 -0.042707 0.157927 0.210450 0.018394 -0.177709
-0.218205 -0.181747 0.382731 0.151848 0.549618 0.181419 0.284476 0.603734 0.635680 1.000000 -0.218139 0.214500 0.198877 0.562837 0.170836 0.536920 -0.046454 -0.380753 -0.245602 -0.130633 0.006895 -0.025707 -0.199268 -0.041139 -0.156971 0.039200 -0.199850 -0.226346 -0.161896 -0.027243 0.152394 0.251983 -0.040627 0.393019 0.102249 0.253408 -0.387817 -0.323778 -0.141883 -0.114836 -0.053425 -0.206619 -0.246369 -0.308646 -0.132816 -0.042651 -0.309090 -0.173696 -0.316750 -0.342438 -0.375321 -0.465365 -0.312350 -0.430667 -0.261736 -0.589446 -0.326148 -0.404968 0.285545 -0.295554 0.364782 0.657571 -0.027755 -0.206781 0.317614 0.506137 0.079677 0.285538 -0.417776 0.006951 -0.200852 -0.014246 -0.243927 -0.184354 -0.017344 0.163985 -0.282833 -0.013174 -0.247555 -0.105119 -0.054188 -0.241755 -0.122491 0.189200 -0.179948 -0.149487 -0.064018 -0.072053 0.380441 -0.061943 -0.162121 0.290701 0.471007 -0.021928 -0.137067 -0.109234 -0.101094 -0.014637 -0.124421 -0.196750 0.004975 -0.133115 0.224115 0.047772 0.053876 -0.013763 0.209451 0.075804 -0.156881 -0.216971 -0.067711 0.130814 0.184317 0.231592 0.025739 -0.225036
0.184822 0.282241 0.038608 0.005558 -0.106140 0.235769 0.106827 -0.247049 0.023773 -0.218139 1.000000 0.444433 0.408612 0.169831 0.634503 0.305752 0.287419 0.025322 0.499207 0.080611 -0.032072 0.150968 0.329448 0.172005 -0.235812 -0.145431 0.361484 0.257680 0.207096 -0.094003 0.068400 0.077971 -0.256792 -0.026300 -0.201520 -0.227751 0.139951 0.014611 -0.061400 -0.194995 0.052127 -0.129338 -0.266054 -0.193076 -0.243268 -0.345181 0.070601 -0.443031 0.140084 0.014161 -0.153730 0.091293 0.215477 0.181640 0.029079 0.098744 -0.185997 -0.079673 0.210724 -0.196435 0.328289 -0.130672 -0.130705 -0.281948 0.061552 0.050925 -0.339805 -0.422822 0.032954 -0.014907 0.106231 -0.108140 -0.095084 -0.055446 -0.025625 -0.094684 0.067920 -0.065383 0.043479 -0.190031 -0.136467 -0.016978 0.511518 0.270062 0.471949 0.325248 0.273437 0.078614 0.268000 0.354554 0.085644 0.025434 -0.085779 0.033179 -0.100007 -0.312654 -0.323711 -0.268859 -0.234620 -0.073269 -0.276519 -0.206835 -0.316760 -0.198963 -0.051683 0.109690 -0.054641 -0.070015 -0.229030 -0.175701 -0.495661 -0.084853 -0.086296 0.016985 0.070423 -0.094097
0.150822 0.298934 -0.094716 0.178400 0.009665 0.092685 0.249314 0.241049 0.186845 0.214500 0.444433 1.000000 0.433748 0.676931 0.286941 0.521306 0.146082 0.016265 -0.015014 -0.179096 -0.253579 -0.009399 -0.216315 -0.079927 -0.596732 -0.358828 -0.045244 -0.229445 0.102433 0.064929 -0.059928 0.021724 -0.120774 0.053699 -0.233674 -0.283357 -0.054660 -0.272608 -0.472588 -0.502198 -0.000886 -0.279283 -0.226989 -0.130844 0.025765 -0.080049 0.104587 -0.246921 0.344519 0.192549 -0.189776 0.112912 0.016858 0.063673 -0.011582 -0.033170 -0.070725 -0.345533 0.301957 -0.109091 0.406137 0.501073 0.026614 -0.236466 0.007353 0.469904 -0.355817 -0.266091 -0.257458 -0.125525 -0.115978 -0.250406 -0.140890 -0.059791 0.039253 -0.129710 0.088805 -0.215398 0.051751 0.083629 -0.148194 -0.181035 0.033518 0.405801 -0.079351 0.250773 -0.120496 -0.221385 -0.012027 0.244671 0.156735 -0.097244 0.353020 -0.162724 -0.325003 -0.336076 -0.427398 -0.207644 0.009404 -0.137605 -0.059935 -0.186918 -0.061007 -0.178329 0.027552 0.145997 0.167640 0.028824 -0.267995 0.067573 -0.618731 0.057754 0.181188 0.262395 0.230087 -0.176257
0.012857 0.007171 -0.012906 0.018215 0.037603 -0.063931 0.467053 0.333059 0.382787 0.198877 0.408612 0.433748 1.000000 0.604131 0.412199 0.334985 0.315757 -0.058428 0.350934 -0.077903 -0.374006 -0.201437 -0.068908 -0.231470 -0.494980 -0.397021 -0.154343 -0.337245 0.330930 0.089168 -0.086054 -0.048933 -0.053253 0.158204 -0.134920 -0.082601 0.106897 -0.317769 -0.230544 -0.309587 0.356268 0.003669 -0.271713 -0.211207 -0.055836 -0.145965 -0.071409 -0.297383 0.085033 0.074055 -0.110983 -0.026720 0.024136 -0.136121 -0.067107 -0.196353 -0.401232 -0.360667 0.217802 -0.097807 0.564111 0.390725 0.153247 0.007686 -0.046155 0.055994 -0.265406 -0.217935 -0.380395 -0.265138 -0.085758 -0.236892 0.029207 0.107994 0.227625 0.076137 0.067608 -0.073259 -0.040205 -0.086591 -0.156843 -0.025147 0.202750 0.398638 0.016709 0.048248 -0.125616 -0.289952 0.191367 0.129881 0.211850 0.181206 0.197791 -0.132098 -0.108568 -0.049487 -0.481603 -0.120950 -0.011687 -0.158073 -0.056363 -0.116368 -0.063982 -0.122136 0.104125 0.110100 0.077626 0.025209 -0.065723 -0.092694 -0.421499 0.275372 0.087317 -0.182379 0.092754 0.065830
-0.045506 -0.034421 0.017122 0.160375 0.141882 0.111086 0.331955 0.609496 0.369435 0.562837 0.169831 0.676931 0.604131 1.000000 0.228822 0.626355 0.101223 -0.056808 -0.154139 -0.312960 -0.297984 -0.091948 -0.401065 -0.297076 -0.494724 -0.326050 -0.159362 -0.329304 0.223672 0.241763 -0.160614 0.020429 0.036771 0.278024 -0.111890 0.061727 -0.093412 -0.385684 -0.394338 -0.369642 0.113614 -0.221343 -0.447473 -0.375612 -0.067501 -0.140040 -0.310075 -0.421537 0.065903 -0.107915 -0.240558 -0.188672 -0.134296 -0.380260 -0.061156 -0.303616 -0.392791 -0.540144 0.321903 -0.095532 0.679247 0.740966 0.272276 -0.054973 0.001437 0.434295 -0.032066 0.060030 -0.484981 -0.163860 -0.269651 -0.292674 -0.105297 -0.012658 0.072922 0.041680 0.045630 -0.138590 0.085689 0.038133 0.004650 -0.130672 -0.139941 0.421461 -0.266296 0.075189 -0.296940 -0.277806 0.148800 0.080072 -0.042280 0.094913 0.499914 -0.216542 -0.254069 -0.147194 -0.305557 -0.008949 0.098121 -0.181265 0.100410 -0.146419 0.166663 -0.067366 0.099785 0.121442 0.255648 0.145198 -0.265665 0.024932 -0.398470 0.304524 0.043691 0.173882 0.250197 -0.125790
0.179133 0.316706 0.364320 0.226934 0.262036 0.319762 0.125929 0.026735 0.491113 0.170836 0.634503 0.286941 0.412199 0.228822 1.000000 0.583347 0.157890 -0.171043 0.293519 -0.144194 -0.031904 0.277334 0.457219 0.285716 -0.057033 0.008815 0.365104 0.306620 0.061986 -0.223600 0.069536 0.172104 -0.505620 0.133867 -0.217112 -0.127175 -0.050121 -0.242589 -0.083291 -0.261545 -0.006930 -0.130282 -0.431561 -0.381829 -0.484288 -0.449132 -0.108659 -0.497162 -0.076876 -0.193299 -0.188152 -0.075516 0.277565 0.102110 -0.011810 -0.164050 -0.270888 -0.156142 0.404580 -0.327262 0.422571 0.134058 -0.259014 -0.511510 0.344171 0.153300 -0.429440 -0.422513 -0.135077 0.100499 -0.114602 -0.206659 -0.231972 -0.091849 -0.039318 -0.025935 -0.114308 -0.087204 -0.160834 -0.157171 -0.124075 -0.090042 0.512861 0.239041 0.370816 0.019040 0.381355 -0.044351 0.471828 0.355356 0.071397 0.204745 0.123193 0.224397 -0.014215 -0.166244 -0.360572 -0.161471 -0.266756 -0.083448 -0.063546 -0.099661 -0.205040 0.059251 0.086520 0.218208 0.262296 0.137300 -0.290402 -0.082411 -0.451223 -0.085218 -0.117407 0.182324 0.108484 -0.141766
0.036559 0.115741 0.265846 0.318020 0.434262 0.427136 0.215672 0.487996 0.458423 0.536920 0.305752 0.521306 0.334985 0.626355 0.583347 1.000000 0.004858 -0.200250 -0.090954 -0.124673 -0.122616 0.061271 -0.054039 0.089250 -0.341873 -0.029048 0.148796 0.047363 0.116181 0.006857 -0.098252 0.179093 -0.275327 0.277726 -0.131266 0.096804 -0.186792 -0.406058 -0.220901 -0.272487 0.063857 -0.331449 -0.527363 -0.507982 -0.333892 -0.356163 -0.274423 -0.497472 -0.044470 -0.275234 -0.368162 -0.284507 0.099282 -0.190404 -0.148236 -0.338954 -0.435272 -0.477707 0.432695 -0.329360 0.528083 0.560066 -0.064512 -0.418519 0.197594 0.479817 -0.205684 -0.029377 -0.437996 0.250344 -0.330036 -0.243837 -0.335436 -0.143837 -0.022035 0.089244 -0.191707 -0.088142 -0.139307 -0.122286 -0.098144 -0.212740 0.290086 0.575852 -0.085778 0.113683 0.186374 -0.104451 0.348485 0.242238 0.097112 0.203751 0.582031 0.043474 -0.135877 -0.108137 -0.341854 -0.079978 -0.171698 -0.266960 0.067832 -0.056347 0.099323 0.108883 0.179883 0.240672 0.472099 0.253713 -0.422217 -0.076355 -0.438215 -0.006807 -0.183178 0.321870 0.169982 -0.322705
0.124656 0.123847 -0.308234 -0.217094 -0.184332 -0.381648 0.065312 0.092416 -0.067506 -0.046454 0.287419 0.146082 0.315757 0.101223 0.157890 0.004858 1.000000 0.221845 0.324890 0.150435 -0.194365 -0.149453 -0.249496 -0.269511 -0.326772 -0.354347 -0.267255 -0.320241 0.507781 0.416435 0.138508 0.180811 0.170826 0.228506 -0.251622 -0.175773 0.039181 0.034324 -0.271687 -0.252324 0.299498 0.115438 0.075187 0.092200 0.112227 0.051388 0.042420 -0.044350 0.053828 0.202310 -0.116092 0.011385 -0.161602 -0.114447 -0.108056 -0.125263 0.026494 -0.064037 -0.257492 -0.165457 0.137183 0.012089 0.486662 0.234671 -0.188637 -0.235359 -0.382138 -0.373615 0.288387 -0.325771 -0.183222 0.080372 0.306770 0.197828 0.164948 0.257972 0.222375 0.183737 0.337486 0.011902 0.156397 0.244845 0.212563 0.229272 0.238404 0.158226 -0.022076 -0.274826 -0.128118 -0.098620 0.011457 -0.001975 0.043523 -0.104162 -0.152927 -0.214823 -0.248079 -0.129947 0.047350 0.134805 -0.102480 0.053244 -0.097590 -0.182788 -0.047848 0.063791 -0.020087 0.000661 0.003604 -0.095219 -0.150415 0.219762 0.289014 -0.097616 0.043351 -0.003814
0.509130 0.309788 -0.344676 -0.241087 -0.359024 -0.252410 -0.338189 -0.285330 -0.295851 -0.380753 0.025322 0.016265 -0.058428 -0.056808 -0.171043 -0.200250 0.221845 1.000000 0.082521 0.115310 -0.294226 -0.346631 -0.346139 -0.354995 -0.202822 -0.478556 -0.048880 -0.225806 0.266955 0.369259 -0.431602 -0.505700 0.263523 -0.261566 -0.487186 -0.435971 0.304517 0.242704 -0.012479 -0.054629 0.081706 0.233826 0.134636 0.072848 -0.106176 -0.165242 0.175273 0.025437 0.209848 0.161336 0.287936 0.329080 0.343006 0.222525 0.487901 0.530972 0.232388 0.362219 -0.030977 0.314725 -0.031739 -0.173550 0.335138 0.540058 -0.556919 -0.481938 -0.051712 -0.428167 0.286138 -0.097623 -0.131572 -0.270025 0.433165 0.320906 0.193075 -0.067331 0.455825 0.005804 0.496767 0.479718 0.440618 0.662558 -0.198781 -0.123660 -0.230369 0.014857 -0.134137 -0.209001 -0.390777 0.092960 0.148582 -0.125645 -0.170131 0.004003 0.015273 0.145504 0.170169 0.093845 0.509237 0.356161 -0.054352 0.233519 -0.224697 -0.070622 -0.049475 -0.016059 -0.086644 -0.031483 0.099954 0.187100 -0.019247 0.249951 0.140694 -0.030776 -0.047956 0.222081
0.124903 0.164145 0.083681 -0.244462 0.001677 -0.072571 0.171609 -0.274310 -0.072637 -0.245602 0.499207 -0.015014 0.350934 -0.154139 0.293519 -0.090954 0.324890 0.082521 1.000000 0.465614 0.019091 -0.005040 0.202248 -0.080944 -0.193421 -0.230463 0.280439 0.059688 0.295281 0.024238 0.102618 -0.070210 -0.077945 -0.010348 -0.183450 -0.287057 0.011484 0.051228 0.058295 -0.114319 0.043360 0.072034 0.021718 0.121792 -0.005882 -0.068286 0.210895 -0.104107 0.042063 0.136164 0.059045 0.155806 0.078190 0.131157 -0.029138 0.093219 -0.118566 0.097941 -0.118335 0.091170 0.057193 -0.258924 0.051076 0.001217 -0.086307 -0.409846 -0.212709 -0.399497 0.082749 -0.187841 0.013837 -0.018559 0.127034 -0.020623 -0.080224 -0.017042 0.085649 0.100108 -0.000085 -0.260003 -0.051329 0.149480 0.435549 0.111816 0.334162 0.000309 0.246221 0.046207 0.011445 0.076190 0.183644 0.079410 -0.334348 -0.200092 0.014079 -0.097036 -0.117951 -0.275812 -0.160206 -0.015433 -0.133121 -0.093710 -0.225113 -0.073627 -0.005117 -0.049460 -0.124030 -0.046368 0.003641 -0.043560 -0.174331 0.101000 0.044804 -0.130278 -0.254800 0.019897
-0.031870 0.015894 -0.109264 -0.188582 -0.076063 -0.180102 -0.163988 -0.147095 -0.258358 -0.130633 0.080611 -0.179096 -0.077903 -0.312960 -0.144194 -0.124673 0.150435 0.115310 0.465614 1.000000 0.137242 -0.168850 0.031514 0.089393 -0.027185 -0.075539 -0.013063 0.012951 0.182954 0.261069 0.100661 0.020315 0.019736 -0.082131 0.111254 -0.007351 0.006217 0.276322 0.280789 0.291905 -0.061345 0.065764 0.009032 -0.076582 0.056385 -0.093531 0.169281 0.077669 -0.026491 -0.070409 -0.016403 0.054177 0.117229 0.202115 0.092151 0.054178 0.073149 0.177499 -0.267825 0.067471 -0.189494 -0.235604 -0.035682 0.139780 -0.200152 -0.345576 -0.114429 -0.158225 0.112852 0.153171 0.089001 0.171756 0.200702 0.041184 -0.033697 0.092701 -0.057127 0.186253 -0.069064 -0.272667 -0.035302 0.057178 0.300136 0.238655 0.171215 -0.061954 0.282971 0.342388 -0.055854 0.038783 0.356523 0.089469 -0.128819 -0.113050 0.286198 0.304903 0.142569 -0.062267 -0.022662 0.068495 -0.128538 -0.080498 -0.022126 -0.027833 -0.129744 -0.364258 -0.191033 -0.298873 0.305729 0.030421 0.087241 -0.000607 -0.019273 -0.107157 -0.305265 -0.118160
-0.344425 -0.146380 0.221408 -0.117693 0.254530 0.334324 -0.199160 -0.117496 0.072050 0.006895 -0.032072 -0.253579 -0.374006 -0.297984 -0.031904 -0.122616 -0.194365 -0.294226 0.019091 0.137242 1.000000 0.346439 0.325679 0.514411 0.546518 0.573264 0.301082 0.546522 -0.368396 -0.201377 0.286190 0.351814 -0.192392 0.087186 0.470131 0.193571 -0.001672 0.324874 0.400087 0.308246 0.007937 0.349478 -0.127443 -0.145966 -0.207139 -0.147831 -0.288510 -0.058340 -0.374472 -0.379600 -0.186839 -0.300328 -0.048997 -0.084409 -0.086131 -0.066813 0.216332 0.211404 -0.205074 -0.163703 -0.258939 -0.211738 -0.305212 -0.312610 0.211155 -0.022815 0.146407 0.094878 0.088498 -0.024023 0.398856 0.457598 -0.124578 -0.019006 -0.062048 0.269620 0.064784 0.288697 -0.324774 -0.068116 -0.043558 -0.292960 0.214940 -0.002419 0.124914 0.013547 0.346666 0.495951 0.178879 -0.002972 -0.056189 0.033734 -0.129050 0.034435 0.148335 0.001052 0.252941 0.054577 -0.257675 0.030441 0.014261 -0.186110 -0.178464 0.069404 -0.218516 -0.182616 -0.035761 -0.091489 0.162708 -0.097145 0.243842 -0.441299 -0.193111 0.013542 -0.176729 -0.224178
-0.259279 -0.073879 0.232758 0.374803 0.070498 0.231188 0.040162 -0.074011 0.050551 -0.025707 0.150968 -0.009399 -0.201437 -0.091948 0.277334 0.061271 -0.149453 -0.346631 -0.005040 -0.168850 0.346439 1.000000 0.465949 0.405366 0.428940 0.543400 0.523047 0.557328 -0.143449 -0.354167 0.320219 0.465965 -0.335350 0.053013 0.187344 0.055066 -0.261894 -0.099677 -0.033350 0.047769 -0.157965 -0.118011 0.019590 0.026486 -0.106324 -0.015389 -0.110160 -0.117228 -0.092003 -0.156128 -0.118079 -0.080558 0.010077 0.008898 -0.151323 -0.096921 -0.002560 -0.076547 0.048716 -0.162697 -0.128234 -0.129833 -0.289992 -0.521632 0.428881 0.186312 -0.047199 0.041393 -0.138664 0.074014 -0.051110 0.065556 -0.352810 -0.309835 -0.292016 -0.112508 -0.329068 -0.161393 -0.122746 -0.274356 -0.119889 -0.333905 0.399057 0.049964 0.401721 0.312317 0.332823 0.138515 0.214289 0.069780 -0.313620 -0.198674 -0.128495 0.001126 0.140163 -0.292994 -0.136516 -0.153420 -0.491105 -0.209014 0.125604 0.114062 -0.120673 0.080188 0.047348 0.139791 0.021914 0.049180 -0.145874 0.145550 0.029233 -0.444781 -0.209136 0.262512 0.142544 -0.183963
-0.102957 -0.020027 0.485444 0.283265 0.099257 0.317391 -0.006859 -0.412518 0.188932 -0.199268 0.329448 -0.216315 -0.068908 -0.401065 0.457219 -0.054039 -0.249496 -0.346139 0.202248 0.031514 0.325679 0.465949 1.000000 0.652126 0.553867 0.545716 0.436724 0.670007 -0.362521 -0.592642 0.335366 0.326952 -0.474897 -0.009896 0.220208 0.077809 -0.075378 -0.007055 0.204108 0.128447 -0.179128 -0.028239 -0.086922 -0.037585 -0.239294 -0.174541 0.012010 -0.086146 -0.219089 -0.236229 -0.120709 -0.106903 0.109753 0.250601 -0.144129 -0.022552 0.083737 0.077213 0.055616 -0.338691 -0.215708 -0.473200 -0.645503 -0.548779 0.575612 0.084465 -0.203470 -0.116159 0.115074 0.092912 0.145511 0.051135 -0.282139 -0.149188 -0.096938 -0.102349 -0.187729 0.000176 -0.456564 -0.306037 -0.308828 -0.258939 0.476698 -0.112850 0.586190 0.247314 0.625181 0.436297 0.482823 0.248630 0.036728 -0.102897 -0.309934 0.310667 0.180125 -0.107233 -0.109478 -0.066172 -0.458768 -0.008045 -0.196792 -0.126964 -0.172998 -0.032166 -0.003935 0.065314 -0.053378 -0.161116 -0.046877 -0.185262 0.019818 -0.366052 -0.219635 0.041446 0.075973 0.062264
-0.383565 -0.052720 0.189683 0.447964 0.070872 0.373578 -0.104732 -0.214982 0.062338 -0.041139 0.172005 -0.079927 -0.231470 -0.297076 0.285716 0.089250 -0.269511 -0.354995 -0.080944 0.089393 0.514411 0.405366 0.652126 1.000000 0.392075 0.667153 0.258679 0.678921 -0.497212 -0.365117 0.397235 0.495450 -0.472451 -0.201413 0.282757 0.132560 0.027670 0.280125 0.322774 0.269702 -0.140741 0.205047 -0.009935 -0.065043 -0.197785 -0.107675 -0.004011 -0.021449 -0.090103 -0.217486 -0.216233 -0.111864 0.106764 0.221755 -0.135795 0.000440 0.014530 -0.039641 -0.170342 -0.411963 -0.357879 -0.401451 -0.665762 -0.583254 0.510649 0.262757 -0.315913 -0.043899 -0.019287 0.107160 0.283800 0.227762 -0.500947 0.014088 0.033460 0.092226 -0.203237 -0.095728 -0.460633 -0.277473 -0.473141 -0.519707 0.352282 0.161868 0.423722 0.266878 0.612875 0.582018 0.372442 0.322851 0.240853 -0.033168 -0.003224 0.184237 0.169292 -0.108062 0.070323 -0.027659 -0.279852 0.016723 -0.206898 -0.181173 -0.243790 -0.124153 -0.072152 -0.001003 0.002987 -0.242568 0.119939 -0.141085 0.044323 -0.476519 -0.261768 0.038225 0.157076 -0.048178
-0.173260 -0.180757 0.304120 0.049544 0.071475 0.210254 -0.332577 -0.348876 -0.009191 -0.156971 -0.235812 -0.596732 -0.494980 -0.494724 -0.057033 -0.341873 -0.326772 -0.202822 -0.193421 -0.027185 0.546518 0.428940 0.553867 0.392075 1.000000 0.691456 0.370961 0.597088 -0.353842 -0.348400 0.159550 0.233461 -0.217305 0.095384 0.362422 0.257712 -0.042506 0.216406 0.445626 0.449694 -0.062779 0.115389 -0.047718 -0.107032 -0.260792 -0.151419 -0.278503 -0.006425 -0.461298 -0.484229 -0.031987 -0.294516 0.067333 -0.078640 0.137181 0.095976 0.257735 0.286278 -0.091737 -0.141643 -0.381922 -0.421420 -0.340924 -0.204666 0.260110 -0.069032 0.263537 0.213384 0.242147 0.197195 0.154039 0.266574 -0.023451 -0.115875 -0.175673 0.060545 -0.095993 0.205639 -0.183762 0.061417 0.121217 -0.068443 0.116633 -0.396516 0.243249 -0.027011 0.390727 0.410424 0.227491 0.012926 -0.355260 -0.106728 -0.318915 0.275716 0.384583 0.212853 0.317277 0.295874 -0.213948 0.141984 0.006375 -0.049352 -0.022181 0.270159 0.015061 -0.064177 -0.084507 -0.100998 0.078648 0.042891 0.497602 -0.394725 -0.241255 0.025531 -0.043582 0.062837
-0.583428 -0.247619 0.305669 0.319185 0.232805 0.434086 -0.040851 -0.109023 0.109360 0.039200 -0.145431 -0.358828 -0.397021 -0.326050 0.008815 -0.029048 -0.354347 -0.478556 -0.230463 -0.075539 0.573264 0.543400 0.545716 0.667153 0.691456 1.000000 0.298673 0.681787 -0.407404 -0.338910 0.384976 0.587104 -0.245043 0.114550 0.490551 0.453312 -0.131397 0.139645 0.298622 0.287309 -0.144596 0.025242 0.081504 0.038923 -0.011105 0.129090 -0.142991 0.070026 -0.322754 -0.273530 -0.287276 -0.404501 -0.153983 -0.128598 -0.271465 -0.165779 -0.075238 -0.043628 -0.171014 -0.458189 -0.356048 -0.341934 -0.497159 -0.521197 0.568819 0.323753 0.086215 0.337584 -0.061616 0.197081 0.260728 0.263708 -0.431730 -0.166414 -0.122793 0.182539 -0.247230 -0.056391 -0.340035 -0.194519 -0.277887 -0.436299 0.286664 -0.049649 0.345538 0.204799 0.475701 0.506408 0.387590 0.012449 -0.313418 -0.280518 -0.100013 -0.017303 0.118493 -0.140594 0.072056 -0.022595 -0.431427 -0.236760 -0.007020 -0.051741 -0.088096 -0.087643 -0.060281 0.046859 -0.055197 -0.148538 0.016933 -0.137417 0.343786 -0.539905 -0.355359 0.068604 0.060289 -0.108007
0.089819 0.182578 0.244531 0.155753 0.239149 0.479678 -0.076255 -0.248112 -0.062200 -0.199850 0.361484 -0.045244 -0.154343 -0.159362 0.365104 0.148796 -0.267255 -0.048880 0.280439 -0.013063 0.301082 0.523047 0.436724 0.258679 0.370961 0.298673 1.000000 0.600283 -0.035919 -0.283225 -0.054786 0.042111 -0.285982 -0.048173 -0.015573 -0.140961 0.002001 -0.014269 0.171326 0.066413 -0.023034 -0.107884 -0.072766 -0.069119 -0.319273 -0.257866 -0.000109 -0.295930 -0.045727 -0.268392 -0.094310 0.002352 0.272423 0.132664 0.111376 0.181520 0.036260 -0.021958 0.076163 -0.102154 -0.067662 -0.276277 -0.273699 -0.364162 0.109327 -0.045094 -0.045832 -0.262525 0.006494 0.208145 0.036648 -0.091567 -0.086304 -0.231598 -0.310400 -0.257151 0.008924 -0.054442 -0.111539 -0.010990 -0.048978 -0.060752 0.391420 0.112285 0.253716 0.146952 0.322538 0.054539 0.098836 0.212864 -0.132324 -0.191307 -0.246540 0.166409 0.162475 -0.092596 -0.023573 0.019324 -0.230632 -0.068095 0.066252 0.046849 -0.084770 0.265097 0.075148 0.084520 0.129007 0.150252 -0.179456 0.138130 0.025251 -0.369666 -0.333388 0.217099 -0.088857 -0.089404
-0.169790 0.105411 0.243119 0.300492 0.060851 0.560718 -0.217107 -0.358363 -0.065963 -0.226346 0.257680 -0.229445 -0.337245 -0.329304 0.306620 0.047363 -0.320241 -0.225806 0.059688 0.012951 0.546522 0.557328 0.670007 0.678921 0.597088 0.681787 0.600283 1.000000 -0.366673 -0.386236 0.170155 0.253172 -0.474380 -0.161121 0.145482 0.046791 0.135208 0.174362 0.342222 0.220767 -0.150253 0.025719 -0.123849 -0.034086 -0.248850 -0.187910 -0.083965 -0.146027 -0.111137 -0.293547 -0.089502 -0.092784 0.189875 0.169262 0.037888 0.151408 0.041109 0.156572 -0.040163 -0.203531 -0.243341 -0.454221 -0.523743 -0.478166 0.385414 0.035893 -0.087383 -0.062507 0.053008 0.217033 0.140686 0.043296 -0.380988 -0.162181 -0.228045 -0.021978 -0.143995 -0.123411 -0.256771 -0.179848 -0.166389 -0.201406 0.420479 0.077118 0.378967 0.199958 0.617095 0.504472 0.267853 0.253474 -0.056744 -0.209705 -0.252572 -0.014328 0.250691 -0.125290 0.059683 -0.056758 -0.309673 0.009127 -0.146181 -0.146243 -0.213529 0.080954 0.002072 0.156465 0.067620 -0.113892 -0.127444 -0.106629 0.086600 -0.551959 -0.406873 0.081400 0.123880 -0.059711
0.120233 -0.018866 -0.374010 -0.162401 -0.239737 -0.153683 0.008382 0.176543 -0.240132 -0.161896 0.207096 0.102433 0.330930 0.223672 0.061986 0.116181 0.507781 0.266955 0.295281 0.182954 -0.368396 -0.143449 -0.362521 -0.497212 -0.353842 -0.407404 -0.035919 -0.366673 1.000000 0.490363 -0.275501 -0.157934 0.311294 0.159902 -0.330836 -0.113363 0.147643 -0.117266 -0.125513 -0.188311 0.306485 -0.005236 0.027641 0.015987 0.158680 -0.016412 0.013297 -0.069842 0.119198 0.206308 -0.090052 -0.011468 -0.035200 -0.213173 0.077356 0.005908 -0.169045 -0.104744 -0.166176 0.121121 0.266167 0.078396 0.618463 0.328308 -0.438605 -0.351558 -0.116656 -0.225324 -0.028437 -0.176009 -0.194927 -0.096573 0.453591 0.089016 0.175509 0.121450 0.194903 0.178008 0.421809 0.020622 0.229946 0.311480 0.227600 0.319455 0.067695 -0.021261 -0.238699 -0.431171 -0.148546 -0.163161 -0.124527 -0.142162 0.020554 -0.238329 0.037646 0.077929 -0.216319 -0.157709 0.074141 -0.090335 0.052358 0.240618 -0.032375 0.000417 0.171482 -0.025697 -0.016500 0.225269 0.045674 0.253390 -0.081169 0.309688 -0.112768 -0.144120 -0.116959 0.022192
-0.031087 0.086966 -0.440330 -0.203844 -0.203263 -0.244509 -0.095346 0.256237 -0.316462 -0.027243 -0.094003 0.064929 0.089168 0.241763 -0.223600 0.006857 0.416435 0.369259 0.024238 0.261069 -0.201377 -0.354167 -0.592642 -0.365117 -0.348400 -0.338910 -0.283225 -0.386236 0.490363 1.000000 -0.120234 -0.072815 0.472051 0.076894 -0.232090 -0.094774 0.290762 0.109854 -0.061836 -0.086358 0.166893 0.190823 -0.046230 -0.072068 0.142724 -0.037536 -0.098227 -0.167951 0.221660 0.094946 0.157121 0.112046 -0.000228 -0.127306 0.102586 -0.000255 -0.088940 0.021390 -0.246058 0.130570 0.090895 0.075867 0.606091 0.433703 -0.485305 -0.258588 0.012837 -0.171241 0.193829 -0.182257 0.001791 -0.027475 0.477988 0.424988 0.304475 0.237270 0.332409 -0.037881 0.431886 0.210336 0.276431 0.325679 -0.272981 0.216341 -0.296987 -0.036897 -0.373557 -0.160184 -0.308590 -0.076896 0.036399 0.002988 0.198089 -0.175149 -0.197480 -0.009807 0.004795 -0.092854 0.339137 0.004978 0.151056 0.197819 0.139054 -0.182096 -0.180826 -0.172528 -0.113645 -0.059210 0.065357 0.090854 -0.045091 0.290177 0.071446 -0.098572 0.013548 0.019505
-0.487385 -0.225987 0.215985 0.099464 0.215919 -0.012518 0.383481 0.022241 0.174788 0.152394 0.068400 -0.059928 -0.086054 -0.160614 0.069536 -0.098252 0.138508 -0.431602 0.102618 0.100661 0.286190 0.320219 0.335366 0.397235 0.159550 0.384976 -0.054786 0.170155 -0.275501 -0.120234 1.000000 0.772956 -0.020598 0.235369 0.208252 0.141737 -0.110763 0.091409 -0.043137 -0.086306 0.031385 -0.011907 0.077370 0.064342 0.038906 0.110669 -0.028787 -0.033247 -0.189509 -0.080280 -0.169136 -0.167499 -0.369513 0.034139 -0.452279 -0.358904 -0.078611 -0.062978 -0.131184 -0.439826 -0.253879 -0.218768 -0.350271 -0.401956 0.528478 0.201385 -0.194934 0.154498 0.013031 -0.051156 0.188588 0.331970 -0.334998 0.077400 0.025994 0.292595 -0.164610 -0.071658 -0.227255 -0.286291 -0.323111 -0.374500 0.270726 0.035170 0.341416 0.245016 0.353133 0.369390 0.296430 -0.005492 0.027384 0.062685 0.027505 -0.075980 -0.259547 -0.415478 -0.190188 -0.252653 -0.444109 -0.038926 -0.053491 -0.075130 -0.010178 -0.204313 -0.172385 -0.136950 -0.153682 -0.232939 -0.146219 -0.348280 -0.066510 -0.410029 0.045013 -0.013592 -0.048329 -0.249971
-0.610486 -0.332594 0.218003 0.235746 0.293201 0.106171 0.288336 0.187154 0.240231 0.251983 0.077971 0.021724 -0.048933 0.020429 0.172104 0.179093 0.180811 -0.505700 -0.070210 0.020315 0.351814 0.465965 0.326952 0.495450 0.233461 0.587104 0.042111 0.253172 -0.157934 -0.072815 0.772956 1.000000 -0.138740 0.416260 0.358045 0.336710 -0.165282 0.048940 -0.063564 -0.065072 0.124003 -0.037783 -0.009091 -0.066696 -0.008419 0.096000 -0.163629 -0.066387 -0.315197 -0.196033 -0.458223 -0.413538 -0.335555 -0.202763 -0.545515 -0.446382 -0.236095 -0.259659 -0.187795 -0.620716 -0.116698 -0.084236 -0.338882 -0.542190 0.574450 0.417321 -0.231555 0.248017 -0.162198 0.042481 0.090564 0.395733 -0.394058 -0.030307 -0.044270 0.305366 -0.191370 0.019295 -0.189568 -0.243152 -0.326326 -0.515565 0.424480 0.222053 0.365048 0.357028 0.386062 0.331477 0.357486 0.032437 -0.168587 -0.063945 0.195883 -0.035762 -0.150001 -0.355061 -0.259488 -0.122661 -0.557114 -0.286919 0.013765 -0.081063 0.074464 -0.198311 -0.106965 -0.075866 0.069463 -0.061361 -0.106300 -0.306153 0.017053 -0.449215 -0.117765 0.134583 0.045337 -0.283115
0.085382 -0.057003 -0.340272 -0.198615 -0.258945 -0.212857 -0.059196 0.047457 -0.295760 -0.040627 -0.256792 -0.120774 -0.053253 0.036771 -0.505620 -0.275327 0.170826 0.263523 -0.077945 0.019736 -0.192392 -0.335350 -0.474897 -0.472451 -0.217305 -0.245043 -0.285982 -0.474380 0.311294 0.472051 -0.020598 -0.138740 1.000000 0.326890 -0.044990 -0.004586 0.142796 0.058566 -0.035322 0.014647 0.270719 0.159762 0.204732 0.167938 0.246519 0.234489 -0.064052 0.142511 0.041503 0.167752 -0.037239 0.026929 -0.283852 -0.208794 -0.081497 -0.001045 0.175958 0.036312 -0.285677 0.137805 -0.050830 0.007189 0.464105 0.508291 -0.367357 -0.222026 0.206851 0.084114 0.232816 -0.214097 0.046679 0.087978 0.464447 0.342364 0.302260 0.200540 0.181370 0.136053 0.336244 0.277913 0.196182 0.309825 -0.324776 -0.073397 -0.225690 0.136074 -0.393553 -0.072938 -0.111865 -0.328284 -0.211419 -0.081330 -0.062751 -0.209080 -0.266760 -0.068621 0.055772 0.058305 0.168032 0.096131 0.105111 0.188516 -0.003714 -0.290061 -0.292607 -0.174309 -0.411062 -0.187679 -0.055325 -0.030685 0.141497 0.262519 0.082977 -0.229303 -0.105823 0.059192
-0.060378 -0.101684 0.234621 0.020025 0.311178 0.019280 0.118023 0.239853 0.365145 0.393019 -0.026300 0.053699 0.158204 0.278024 0.133867 0.277726 0.228506 -0.261566 -0.010348 -0.082131 0.087186 0.053013 -0.009896 -0.201413 0.095384 0.114550 -0.048173 -0.161121 0.159902 0.076894 0.235369 0.416260 0.326890 1.000000 0.204410 0.408376 -0.198463 -0.323664 -0.163763 -0.213926 0.214271 -0.187952 -0.276652 -0.278105 -0.023114 -0.013004 -0.426932 -0.204396 -0.447982 -0.288452 -0.566837 -0.537055 -0.369177 -0.519087 -0.450927 -0.593502 -0.034689 -0.139647 0.122503 -0.396349 0.281340 0.321505 0.176283 -0.080955 0.264581 0.258363 0.119550 0.243300 -0.005083 0.024315 -0.250490 0.137337 0.210041 -0.062727 0.103758 0.273034 0.003398 0.281963 0.018222 0.128758 0.135824 -0.006189 0.177068 0.064946 -0.001931 0.080296 0.014151 0.041487 0.288839 -0.315927 -0.434696 -0.056389 0.200202 -0.010322 -0.212210 -0.124742 -0.293461 -0.016600 -0.324631 -0.234335 0.120614 -0.096881 0.061158 -0.045554 -0.145602 0.035668 0.104841 0.090307 -0.320304 -0.218505 0.020530 0.047986 -0.093108 -0.062113 -0.036905 -0.191025
-0.460837 -0.512930 0.235378 -0.015228 0.234412 -0.008634 0.122675 0.147371 0.192243 0.102249 -0.201520 -0.233674 -0.134920 -0.111890 -0.217112 -0.131266 -0.251622 -0.487186 -0.183450 0.111254 0.470131 0.187344 0.220208 0.282757 0.362422 0.490551 -0.015573 0.145482 -0.330836 -0.232090 0.208252 0.358045 -0.044990 0.204410 1.000000 0.658648 -0.270734 0.086549 0.218394 0.405186 -0.114048 -0.046639 -0.008560 -0.135748 0.173457 0.207926 -0.217763 0.135279 -0.342236 -0.244143 -0.261818 -0.460080 -0.315395 -0.335149 -0.380638 -0.331895 -0.016373 -0.254787 -0.148832 -0.344605 -0.103439 0.072825 -0.218541 -0.292224 0.410863 0.279448 0.220990 0.491866 -0.152828 0.074790 0.404322 0.378157 -0.219138 -0.224835 -0.103395 0.104114 -0.152244 0.210550 -0.414423 -0.229395 -0.325620 -0.515408 0.081207 -0.022070 0.192248 0.106617 0.140569 0.448662 0.181869 -0.157274 -0.139039 0.041981 0.088076 0.175098 0.139190 0.116813 0.197513 0.230422 -0.346848 -0.307966 0.232407 -0.056141 0.154145 -0.028887 -0.259184 -0.417059 -0.128452 -0.311033 0.351367 -0.183493 0.426971 -0.196872 -0.145790 -0.036815 -0.202467 -0.266527
-0.500187 -0.573990 0.183195 0.131725 0.286484 0.051765 0.063554 0.274320 0.282120 0.253408 -0.227751 -0.283357 -0.082601 0.061727 -0.127175 0.096804 -0.175773 -0.435971 -0.287057 -0.007351 0.193571 0.055066 0.077809 0.132560 0.257712 0.453312 -0.140961 0.046791 -0.113363 -0.094774 0.141737 0.336710 -0.004586 0.408376 0.658648 1.000000 -0.332863 -0.149907 0.008328 0.084419 -0.180181 -0.156890 -0.087142 -0.217968 0.229701 0.293429 -0.295836 0.049523 -0.310612 -0.236193 -0.367984 -0.574665 -0.321801 -0.443548 -0.445696 -0.595291 -0.236777 -0.398627 0.113536 -0.413434 0.120434 0.143171 -0.013363 -0.164231 0.454590 0.372682 0.415980 0.738457 -0.244252 0.144297 0.028515 0.164949 -0.165764 -0.254396 -0.067925 0.106940 -0.249034 0.019144 -0.152549 -0.273211 -0.218585 -0.382655 0.036833 -0.042415 0.048183 -0.144567 0.046286 0.283768 0.235488 -0.439692 -0.285558 0.034509 0.240663 0.181068 -0.064943 0.011783 0.060276 0.075316 -0.270093 -0.360041 0.237373 -0.039958 0.251815 0.036790 -0.075478 -0.079700 0.159567 0.085253 0.105376 -0.077636 0.367233 0.032200 -0.206640 -0.054298 -0.057333 -0.067122
