1.000000 0.442262 -0.089670 -0.511740 -0.173697 -0.451313 0.176404 -0.292382 0.177716 -0.159237 0.154284 0.226730 0.540019 0.310932 0.374584 0.150628 0.271048 0.443596 0.499039 0.307024 -0.000587 -0.141983 -0.286156 -0.525823 -0.500639 -0.617043 -0.146092 -0.518630 0.355698 0.018858 -0.423425 -0.528117 0.031882 -0.219105 -0.366063 -0.345016 0.169069 0.156913 0.115890 0.016493 -0.227082 -0.011966 -0.334804 -0.225774 -0.360832 -0.477223 -0.192543 -0.095351 0.130828 0.086149 0.103105 0.273188 0.458575 0.273148 0.362996 0.084306 0.100475 0.158563 0.575165 0.433150 0.341884 0.413749 0.092853 0.277205 -0.140048 -0.322202 -0.076622 -0.609235 -0.002518 0.220839 0.100401 -0.197309 0.499618 0.203799 -0.018502 -0.117522 0.112430 -0.071460 -0.146739 -0.017009 0.242850 0.199398 0.235239 0.074366 -0.277727 0.028923 -0.162562 -0.234323 -0.250259 0.127485 0.207315 0.296235 -0.126220 -0.202709 0.047236 -0.259782 -0.122921 0.020136 0.299418 0.107926 0.046514 0.202247 0.325636 0.013138 -0.013550 -0.180369 0.156803 -0.108148 -0.122205 -0.366074 0.017589 -0.039294 0.065826 0.090921 -0.003722 -0.236495
0.442262 1.000000 -0.458957 -0.015949 -0.198289 -0.109550 0.074238 0.263505 0.010431 0.283214 -0.201371 0.496714 -0.100466 0.469082 -0.029531 0.201335 0.148249 0.450839 0.415709 0.605099 -0.047992 -0.028662 -0.478896 -0.192510 -0.445473 -0.480198 -0.446121 -0.557658 0.312611 0.448711 -0.407851 -0.297824 -0.016254 0.039923 -0.521903 -0.612914 -0.110987 0.237569 -0.262142 0.177205 -0.145629 0.182006 -0.285579 -0.220644 -0.423773 -0.487452 -0.261216 -0.221425 -0.236254 0.283706 -0.022043 0.495520 0.131082 0.331486 0.015503 -0.070729 -0.228213 0.109541 0.263090 0.614476 0.214705 0.691068 -0.050170 0.566760 -0.388749 0.054854 -0.279790 -0.686475 -0.000546 0.183633 0.054942 -0.123266 0.291610 0.247779 -0.066061 -0.052986 0.051039 -0.012896 -0.196477 0.131854 0.113679 0.087540 0.256579 0.392522 -0.436441 -0.043801 -0.382931 -0.004568 -0.370201 0.341271 0.536170 0.122657 0.314175 -0.175388 0.127488 -0.217457 -0.278760 0.002560 0.430340 0.139647 0.245385 0.139248 0.309827 0.153465 0.041894 -0.382166 0.156014 -0.138573 -0.055848 -0.163197 0.142534 -0.041546 0.109771 -0.063773 -0.065756 -0.179270
-0.089670 -0.458957 1.000000 -0.000786 0.582766 -0.045839 0.346990 -0.191660 0.581013 -0.540765 0.456658 -0.429674 0.395164 -0.522706 0.450841 -0.108929 -0.366868 -0.463919 -0.099384 -0.487922 0.170401 0.237716 0.683013 0.072646 0.558868 0.420236 0.350021 0.505554 -0.323575 -0.673544 0.304133 -0.045629 -0.040637 -0.210834 0.478963 0.572645 0.133155 0.050784 0.251046 -0.106200 0.059600 -0.143457 -0.066246 -0.082240 -0.057421 -0.036869 -0.125501 -0.023827 0.313157 -0.503619 0.321477 -0.467945 0.394245 -0.425444 0.012325 -0.272002 -0.372018 -0.193664 0.088604 -0.425806 0.011346 -0.526326 -0.136266 -0.338266 0.470656 -0.169399 0.360518 0.415542 -0.074708 -0.095767 0.031608 -0.129201 -0.335966 -0.191052 0.029563 -0.098662 0.006505 0.020355 -0.014069 -0.198742 -0.371174 -0.300662 0.041211 -0.465465 0.563812 -0.031555 0.522252 -0.064215 0.679777 -0.205315 -0.410279 0.028000 -0.361615 0.327269 -0.125693 -0.061640 0.251399 -0.005776 -0.432336 -0.244908 -0.284683 0.086109 -0.378581 -0.022619 -0.115253 0.290826 -0.042153 0.093707 -0.107058 0.015608 0.096693 -0.057277 -0.173590 0.036594 0.039777 0.005898
-0.511740 -0.015949 -0.000786 1.000000 -0.020281 0.647561 0.001033 0.462663 -0.054499 0.167595 -0.081517 0.139511 -0.540071 -0.070997 -0.204407 0.174840 -0.489880 -0.513652 -0.157329 -0.179192 0.002565 0.043800 0.224228 0.501060 0.459531 0.506741 -0.101843 0.547042 -0.419158 -0.068031 0.364074 0.463862 -0.051734 0.136424 0.201993 0.279707 -0.401532 -0.178930 -0.144590 0.116646 0.096472 0.014960 -0.031418 -0.145696 -0.092790 0.017696 -0.278685 -0.127143 -0.356931 -0.252155 -0.266560 -0.128335 -0.381535 -0.279275 -0.391433 -0.217798 -0.232415 -0.339127 -0.240675 -0.094875 -0.250691 0.002390 -0.385502 -0.216932 0.245915 0.691671 -0.078343 0.380735 0.187582 -0.078698 -0.262372 -0.011324 -0.465408 -0.268332 -0.198349 0.047439 -0.194629 0.153432 -0.149170 -0.037596 -0.520017 -0.442379 0.101815 0.024682 0.197183 0.147259 0.064912 0.334534 0.315788 0.372665 -0.002791 -0.383160 0.343578 0.192783 0.182969 -0.046453 -0.128154 -0.023586 -0.258329 -0.202694 0.036829 -0.116930 -0.245569 -0.045727 0.094051 -0.020514 -0.075928 -0.033119 -0.215049 0.189553 0.178380 -0.173416 0.055792 -0.049067 -0.023960 0.007813
-0.173697 -0.198289 0.582766 -0.020281 1.000000 -0.004245 0.434314 0.015675 0.726199 -0.180990 0.264781 -0.216853 0.309879 -0.273122 0.495192 0.132915 -0.267773 -0.269179 -0.046794 -0.345777 0.235452 0.083299 0.424255 0.027818 0.359246 0.313006 0.419862 0.234141 -0.118884 -0.323880 0.110178 -0.113131 -0.252027 -0.171192 0.384628 0.332631 0.175599 0.142566 0.212982 -0.101179 0.212361 0.114071 -0.067756 -0.032104 -0.118977 -0.136349 -0.168774 -0.102323 0.183520 -0.284203 -0.056607 -0.358584 0.470492 -0.244922 0.061115 -0.074912 -0.208831 -0.146984 0.172955 -0.419901 -0.015080 -0.317271 -0.209571 -0.289480 0.228529 -0.107636 0.125320 0.161888 0.100438 0.125579 0.359735 -0.048795 -0.147749 -0.101572 0.222040 -0.041514 -0.183131 -0.086652 -0.056522 -0.114469 -0.193681 -0.362421 0.169112 -0.253977 0.303067 -0.187372 0.445691 -0.087873 0.489175 -0.094544 -0.279247 0.067949 -0.267292 0.417821 -0.135891 -0.080672 -0.045831 0.036696 -0.502667 -0.085982 -0.177747 0.010555 -0.250664 -0.129182 -0.188001 0.219093 -0.081041 0.187013 -0.004891 -0.079700 -0.000494 -0.132346 -0.373764 -0.065759 -0.010451 0.004533
-0.451313 -0.109550 -0.045839 0.647561 -0.004245 1.000000 -0.019149 0.495997 -0.147450 0.433683 -0.191891 0.220892 -0.458605 0.043363 -0.249182 0.357863 -0.377316 -0.461320 -0.345243 -0.376155 0.146073 0.351096 0.026511 0.318072 0.348227 0.543371 -0.050233 0.454016 -0.120543 0.140494 0.415616 0.556935 -0.299120 0.047560 0.074243 0.188865 -0.319026 -0.150427 -0.224953 0.104415 0.170459 0.204601 -0.048469 0.032900 -0.043937 0.156510 -0.169448 -0.061680 -0.256428 -0.057876 -0.256223 -0.027279 -0.341554 -0.047921 -0.382801 -0.244480 -0.092272 -0.432525 -0.343393 -0.144011 -0.446900 -0.037268 -0.410119 -0.325792 0.248485 0.586117 -0.289519 0.268059 0.092222 -0.310560 -0.376740 0.023726 -0.326452 -0.285128 -0.158725 0.085110 -0.229492 0.073794 0.078220 -0.244386 -0.136012 -0.420412 0.069478 0.410260 0.076117 0.189336 -0.057913 0.415950 0.091481 0.295352 0.064746 -0.236144 0.433313 0.247347 0.209091 0.188669 -0.122695 0.014359 -0.138535 -0.109053 0.064082 0.054354 -0.238825 0.160170 0.325766 0.240487 0.088600 -0.058188 -0.187815 0.192568 0.160342 0.029702 0.302710 0.229067 0.086985 0.059409
0.176404 0.074238 0.346990 0.001033 0.434314 -0.019149 1.000000 0.336072 0.458858 0.071842 0.197650 0.205027 0.325534 0.026362 0.298095 0.171899 -0.283839 -0.051054 0.064822 -0.144735 0.005030 -0.130480 0.113616 -0.138181 -0.037621 -0.061006 0.064011 -0.108814 -0.059741 -0.150751 -0.069745 -0.235604 -0.110909 -0.188320 0.066963 -0.109684 -0.039770 0.080792 -0.176630 -0.202919 -0.172564 -0.130678 -0.338120 -0.109234 -0.278673 -0.282108 -0.309137 0.003691 0.109784 -0.038177 0.141103 0.046833 0.382828 -0.050116 -0.036456 -0.235165 -0.390282 -0.260112 0.154689 0.100861 0.204702 0.192411 -0.205023 -0.031118 0.254217 0.097294 0.099709 -0.121404 -0.188129 0.103676 0.055085 -0.428213 0.055310 -0.179214 -0.050964 -0.129187 -0.188778 -0.014582 -0.065454 -0.293544 -0.287200 -0.281823 0.166184 -0.057899 0.056611 0.131533 0.045931 -0.085335 0.181726 0.219862 0.243222 0.286983 0.189250 0.343765 -0.178345 -0.265387 -0.305174 -0.145487 -0.290885 -0.240822 0.072181 0.133047 0.001837 0.071307 -0.035054 -0.018626 0.139956 -0.128674 -0.308131 -0.225125 0.178102 -0.277973 -0.069843 0.168554 0.066455 0.071402
-0.292382 0.263505 -0.191660 0.462663 0.015675 0.495997 0.336072 1.000000 -0.022676 0.686932 -0.348934 0.523186 -0.354560 0.392600 -0.402562 0.226657 -0.358654 -0.015835 -0.336059 -0.125598 0.084485 -0.021016 -0.353680 0.158907 -0.039209 0.053987 -0.050734 -0.091250 -0.087339 0.353375 -0.028646 0.151031 -0.258866 0.082600 -0.025726 -0.212151 -0.489760 -0.130289 -0.518783 0.124540 -0.061147 0.185316 -0.179839 0.040600 -0.103494 -0.013541 -0.309741 0.000702 -0.123184 0.260616 -0.159125 0.354259 -0.249546 -0.078216 -0.311010 -0.323338 -0.413934 -0.434729 -0.228825 0.243591 -0.059714 0.467601 -0.381674 -0.019862 0.019207 0.728401 -0.146217 -0.019690 -0.200317 -0.127126 -0.147367 -0.097562 -0.146826 -0.146021 -0.233306 0.064253 -0.303220 0.074511 -0.194980 -0.278932 -0.287052 -0.444453 0.003012 0.415877 -0.337453 0.043007 -0.368614 0.296914 -0.264189 0.355483 0.502784 0.047684 0.592510 0.136070 0.004169 0.065023 -0.275974 -0.082385 -0.043816 0.085911 0.311826 -0.114520 -0.078135 0.205879 0.186310 -0.070866 0.278019 -0.074894 -0.162543 0.239408 0.119046 -0.119837 0.262898 0.101916 0.077834 0.158830
0.177716 0.010431 0.581013 -0.054499 0.726199 -0.147450 0.458858 -0.022676 1.000000 -0.314219 0.418453 -0.182268 0.479106 -0.232490 0.720116 0.253283 -0.221727 -0.139177 0.238975 -0.264689 0.037602 -0.040323 0.429942 -0.163477 0.219028 0.138453 0.236316 0.136464 -0.126086 -0.397576 0.046556 -0.262373 -0.195919 -0.250881 0.245608 0.195014 0.067116 0.121581 0.214634 -0.006119 -0.004380 -0.007682 -0.228144 -0.098581 -0.193128 -0.290382 -0.196141 -0.021789 0.247966 -0.225652 0.037668 -0.192515 0.598882 -0.131252 0.148886 -0.013749 -0.317315 -0.118135 0.407010 -0.275668 0.055133 -0.073174 -0.332470 -0.243296 0.265020 -0.084722 0.004490 -0.083240 0.011031 0.097933 0.250318 -0.240049 -0.085703 -0.095515 0.117954 -0.105072 -0.107859 -0.209497 -0.236026 -0.188753 -0.221498 -0.390740 0.388443 -0.258746 0.292090 -0.344522 0.415947 -0.125331 0.513380 0.032084 -0.137789 0.255990 -0.267754 0.291470 -0.118369 -0.131400 0.077143 0.208210 -0.334024 0.019874 -0.204804 0.140877 -0.268776 -0.169823 -0.188956 0.083335 -0.101787 0.089425 -0.053647 -0.149868 0.145342 -0.053961 -0.252487 -0.022101 -0.053131 -0.140008
-0.159237 0.283214 -0.540765 0.167595 -0.180990 0.433683 0.071842 0.686932 -0.314219 1.000000 -0.433314 0.561682 -0.377686 0.546088 -0.472340 0.329648 0.013549 0.263851 -0.270142 0.098378 0.030933 0.040506 -0.620573 0.012571 -0.333075 -0.105685 -0.268988 -0.301330 0.261956 0.651842 -0.093432 0.224623 -0.132954 0.324509 -0.229096 -0.336466 -0.210195 0.028997 -0.354676 0.151896 0.086059 0.366188 -0.146794 0.158910 0.002713 0.067829 -0.106939 -0.023569 -0.215895 0.355248 -0.346553 0.316477 -0.295240 0.116326 -0.194781 -0.008339 0.002149 -0.265152 -0.408887 0.277096 -0.055477 0.493221 -0.066587 0.150650 -0.182124 0.497053 -0.314219 -0.167664 -0.255280 -0.183820 -0.244474 -0.140654 0.245786 -0.051589 -0.170609 0.080226 -0.149937 0.040253 -0.030756 -0.060922 0.153981 -0.059748 -0.105686 0.599489 -0.521335 0.082575 -0.393131 0.334784 -0.567479 0.326384 0.424865 -0.033775 0.534518 -0.061504 0.175659 0.198345 -0.300667 -0.034508 0.156641 0.169020 0.371975 -0.099717 0.118647 0.158272 0.227675 -0.147194 0.134408 -0.183147 -0.050636 0.040425 -0.149372 -0.079004 0.242562 0.064864 0.025533 0.028891
0.154284 -0.201371 0.456658 -0.081517 0.264781 -0.191891 0.197650 -0.348934 0.418453 -0.433314 1.000000 -0.156238 0.271455 -0.364421 0.583444 0.039929 -0.040152 -0.272316 0.389026 -0.174508 -0.166527 0.140198 0.592749 0.167437 0.264274 0.173040 0.242313 0.319377 -0.273640 -0.407058 0.254597 0.001248 -0.007157 -0.323978 0.108621 0.301735 0.046687 -0.024522 0.264958 -0.252468 -0.062566 -0.263887 -0.096041 -0.091690 0.047376 -0.011129 0.018138 -0.040205 0.123784 -0.318986 -0.104499 -0.338139 0.242377 -0.051764 -0.107113 -0.118152 0.049879 -0.204431 0.103180 -0.400481 -0.309156 -0.434009 -0.178680 -0.437011 0.416297 -0.255330 -0.036820 0.116452 0.021148 -0.009042 0.156351 -0.101430 -0.301054 0.058076 0.060557 -0.097322 0.117471 0.066293 -0.115257 -0.357945 -0.148448 -0.132422 0.448002 -0.284943 0.541137 -0.025112 0.436272 -0.040400 0.532024 -0.154899 -0.226374 0.211174 -0.246033 0.219186 -0.041784 -0.053098 0.115615 0.123774 -0.217208 0.003444 -0.120997 0.074867 -0.155479 0.044455 -0.001822 0.252200 -0.118423 0.134409 -0.022783 0.028067 -0.091480 0.100705 -0.152357 0.253738 0.046668 0.006596
0.226730 0.496714 -0.429674 0.139511 -0.216853 0.220892 0.205027 0.523186 -0.182268 0.561682 -0.156238 1.000000 -0.111577 0.759073 -0.093989 0.500490 -0.018963 0.177466 -0.004552 0.050893 -0.162223 0.048989 -0.500122 0.080212 -0.358916 -0.255885 -0.162777 -0.254789 0.286316 0.529846 -0.104567 0.010718 -0.128544 0.095258 -0.367351 -0.331001 -0.263576 0.037887 -0.388218 -0.010961 -0.009159 0.129972 -0.496748 -0.174212 -0.331102 -0.215779 -0.353089 -0.272111 -0.182233 0.263883 -0.243895 0.354129 -0.113285 0.094555 -0.079135 -0.209976 -0.141005 -0.281225 -0.067538 0.306060 -0.001600 0.445714 -0.109251 0.085115 -0.012789 0.360729 -0.347046 -0.324395 -0.001893 0.032405 -0.126007 -0.173687 0.285950 0.006324 -0.051525 0.002554 -0.083721 0.022672 -0.008394 -0.117769 0.118972 -0.142587 0.302798 0.633046 -0.342115 0.378111 -0.347963 0.297825 -0.444302 0.389989 0.427512 0.103504 0.578142 -0.030229 0.071364 0.009357 -0.409930 -0.047352 -0.024889 0.054910 0.165362 -0.143886 0.142144 0.057131 0.082081 -0.283467 0.238690 -0.211272 -0.096284 -0.005351 -0.092058 -0.254634 0.196333 0.259260 -0.002089 -0.075072
0.540019 -0.100466 0.395164 -0.540071 0.309879 -0.458605 0.325534 -0.354560 0.479106 -0.377686 0.271455 -0.111577 1.000000 0.028133 0.567633 0.071103 0.181110 0.222899 0.200968 -0.154368 0.021944 -0.005008 0.070847 -0.478750 -0.283735 -0.367344 0.202115 -0.279146 0.266575 -0.210682 -0.240765 -0.474655 0.114174 -0.013785 0.121713 0.057979 0.261184 0.188679 0.207942 0.000386 -0.104400 0.001424 -0.420677 -0.260529 -0.119902 -0.271114 -0.078912 -0.054022 0.369853 -0.211857 0.308985 -0.232998 0.573397 -0.174338 0.642455 0.124542 -0.123348 0.049118 0.533455 -0.082859 0.534625 -0.018969 0.295471 0.102816 0.220708 -0.432390 0.251279 -0.148820 -0.185379 0.019851 0.109240 -0.191368 0.306440 -0.013377 0.006627 -0.169460 0.035745 -0.193758 0.084109 -0.057324 0.129572 0.021796 0.088299 -0.168833 -0.012041 -0.079511 0.196877 -0.254733 0.028987 -0.015429 -0.327408 0.180857 -0.485811 -0.119533 -0.068834 -0.078901 0.071568 0.103318 -0.194945 -0.112478 -0.216247 0.100798 -0.016040 -0.209468 -0.278664 -0.015152 0.014815 0.050505 0.096240 -0.202515 -0.014899 -0.237395 -0.325614 -0.113796 -0.156399 -0.122902
0.310932 0.469082 -0.522706 -0.070997 -0.273122 0.043363 0.026362 0.392600 -0.232490 0.546088 -0.364421 0.759073 0.028133 1.000000 -0.174269 0.463733 0.246339 0.444466 -0.034483 0.223997 -0.103910 -0.048194 -0.742939 -0.177486 -0.609081 -0.557903 -0.145330 -0.535592 0.453813 0.641315 -0.435763 -0.244473 -0.075103 0.166296 -0.362085 -0.445059 -0.177801 0.211435 -0.301465 0.208206 -0.031850 0.300999 -0.365221 -0.132453 -0.303945 -0.210538 -0.273668 -0.177704 -0.090011 0.328047 -0.224568 0.416242 -0.100593 0.161617 0.153458 0.049559 -0.098822 -0.111237 -0.031314 0.430128 0.142598 0.554448 0.203470 0.291563 -0.320420 0.174785 -0.218643 -0.394245 -0.048907 0.016934 0.022368 -0.006980 0.461016 0.159891 -0.005456 0.013908 -0.062174 -0.102864 0.067093 0.046582 0.385239 0.176123 0.015404 0.534093 -0.545555 0.170080 -0.535768 0.078938 -0.682999 0.321175 0.306625 0.029757 0.361982 -0.265524 0.169176 0.146506 -0.329734 0.125152 0.070161 0.177754 0.163117 -0.130732 0.262893 0.016946 0.114965 -0.271360 0.263416 -0.084822 0.066899 0.116736 -0.104019 -0.139511 0.189327 -0.044532 -0.042509 -0.091452
0.374584 -0.029531 0.450841 -0.204407 0.495192 -0.249182 0.298095 -0.402562 0.720116 -0.472340 0.583444 -0.093989 0.567633 -0.174269 1.000000 0.376155 0.073469 -0.047299 0.459903 -0.201202 -0.060919 0.087663 0.534194 -0.074159 0.175054 0.082325 0.252576 0.158645 0.095680 -0.323965 0.167603 -0.200532 -0.049497 -0.300257 0.010840 0.160015 0.284320 0.162641 0.445777 -0.102795 0.116054 0.021954 -0.388820 -0.334103 -0.349475 -0.514832 -0.239377 -0.217730 -0.024132 -0.445585 -0.040821 -0.383980 0.494556 -0.089510 0.234852 -0.117274 -0.010395 0.024435 0.379777 -0.277426 0.027789 -0.238388 -0.020149 -0.174171 0.272056 -0.361769 -0.112173 -0.216682 0.112610 0.102288 0.297302 -0.095106 0.106110 0.091562 0.356881 -0.085216 0.120567 -0.092574 -0.009584 -0.166731 0.102469 -0.077307 0.637912 -0.106394 0.501976 -0.067595 0.475005 -0.075506 0.547743 -0.005369 -0.292600 0.171386 -0.256352 0.210780 -0.038110 -0.317781 -0.068130 0.087456 -0.306354 -0.096785 -0.154903 0.160326 -0.078042 -0.130111 -0.092337 0.123903 -0.189924 -0.062599 -0.123124 -0.336372 0.000705 -0.110732 -0.331241 0.115614 -0.004457 -0.279440
0.150628 0.201335 -0.108929 0.174840 0.132915 0.357863 0.171899 0.226657 0.253283 0.329648 0.039929 0.500490 0.071103 0.463733 0.376155 1.000000 -0.001049 -0.017191 0.068887 -0.211956 -0.046320 0.189760 -0.093346 0.068075 -0.152434 0.029262 -0.021827 0.023522 0.330480 0.230969 0.157200 0.051986 -0.284942 -0.024212 -0.199233 -0.088216 -0.016850 0.108647 0.026748 0.085053 0.210285 0.391559 -0.446341 -0.187909 -0.392708 -0.364658 -0.270225 -0.130660 -0.196946 -0.106522 -0.351088 0.019800 0.021854 0.029265 0.059305 -0.000255 -0.038143 -0.272281 -0.090983 -0.093407 -0.126126 0.143851 -0.144483 -0.175836 0.122562 0.218365 -0.507436 -0.310440 0.058571 -0.024795 -0.035430 -0.062163 0.222192 0.000758 0.101745 0.161561 -0.048887 -0.111070 0.024185 -0.192674 0.326593 -0.189892 0.477437 0.475800 0.076884 0.219389 0.108069 0.350331 0.018551 0.471342 0.003518 0.055701 0.304072 0.120988 0.331179 -0.057883 -0.189893 0.119248 -0.217509 -0.096980 0.097963 0.127081 -0.016918 0.033894 0.222425 0.047027 -0.095949 -0.216900 -0.165053 -0.160957 0.019471 -0.103750 0.102454 0.296592 0.033816 -0.283379
0.271048 0.148249 -0.366868 -0.489880 -0.267773 -0.377316 -0.283839 -0.358654 -0.221727 0.013549 -0.040152 -0.018963 0.181110 0.246339 0.073469 -0.001049 1.000000 0.578980 0.324164 0.417276 -0.136655 -0.044466 -0.284836 -0.267873 -0.447748 -0.453422 -0.141060 -0.459566 0.510657 0.354080 -0.232320 -0.189332 0.351470 0.215471 -0.317903 -0.382008 0.220872 0.098244 0.051336 0.051294 -0.047860 0.109086 -0.035787 -0.083961 0.039015 -0.166510 0.225709 -0.114922 -0.171741 0.053617 -0.037564 -0.084711 -0.056940 0.204494 0.213384 0.270189 0.360980 0.330427 -0.027236 0.108912 0.165365 0.100495 0.610278 0.338408 -0.298876 -0.440866 -0.131691 -0.388768 -0.174064 -0.144639 0.142773 0.304787 0.457390 0.279023 0.171864 0.009803 0.194264 -0.185537 0.210874 0.355582 0.717596 0.743029 0.033448 0.150417 -0.151575 -0.060852 -0.128821 -0.223464 -0.311209 -0.073096 -0.078439 0.057400 -0.223594 -0.448344 -0.075503 0.159066 -0.081428 0.005472 0.309515 0.191574 -0.061732 -0.118260 0.259729 -0.079152 -0.143291 -0.176172 -0.073947 -0.066972 0.288681 -0.098220 -0.293136 -0.046627 -0.115522 -0.099973 -0.210067 -0.081047
0.443596 0.450839 -0.463919 -0.513652 -0.269179 -0.461320 -0.051054 -0.015835 -0.139177 0.263851 -0.272316 0.177466 0.222899 0.444466 -0.047299 -0.017191 0.578980 1.000000 0.191335 0.521933 0.003122 -0.206077 -0.616299 -0.403069 -0.635015 -0.656283 -0.180479 -0.738125 0.491723 0.566213 -0.435972 -0.336610 0.192285 0.162004 -0.373008 -0.588287 0.175919 0.146770 -0.215870 0.053302 -0.111324 0.316301 -0.182712 -0.090831 -0.013670 -0.230891 0.064586 -0.056928 -0.055083 0.247320 0.050459 0.286868 0.136533 0.252448 0.260781 0.142678 0.150562 0.314605 0.231821 0.470636 0.430620 0.543316 0.405830 0.580008 -0.430573 -0.318754 -0.007542 -0.579692 -0.282267 -0.057921 0.150091 -0.033033 0.529569 0.298136 0.109053 -0.022650 0.118204 -0.212914 -0.039484 0.217886 0.472533 0.520161 -0.079713 0.320432 -0.585217 -0.191369 -0.421939 -0.140324 -0.605160 -0.027245 0.312916 0.106130 0.025357 -0.454977 -0.009341 -0.038174 -0.205172 -0.005126 0.512709 0.138239 0.268445 0.008465 0.453124 0.037017 0.001021 -0.232410 -0.043344 -0.103906 0.124450 -0.258890 -0.025089 -0.064868 -0.026302 -0.148600 -0.096545 -0.089644
0.499039 0.415709 -0.099384 -0.157329 -0.046794 -0.345243 0.064822 -0.336059 0.238975 -0.270142 0.389026 -0.004552 0.200968 -0.034483 0.459903 0.068887 0.324164 0.191335 1.000000 0.491581 -0.253650 -0.097147 0.128656 -0.100437 -0.179446 -0.256525 -0.063584 -0.179071 0.044852 -0.025877 -0.115195 -0.160901 0.339149 -0.000072 -0.272346 -0.219824 -0.068332 0.023071 0.224049 -0.049262 -0.024937 -0.053113 -0.171105 -0.217104 -0.175857 -0.466152 -0.097431 -0.138723 -0.287398 -0.213303 -0.069151 -0.029724 0.190432 0.288377 0.119699 0.113763 0.100669 0.116405 0.371652 0.227296 0.143679 0.252604 0.128856 0.310342 -0.026854 -0.252314 -0.149530 -0.440491 0.132123 0.101225 0.084400 -0.219990 0.093151 0.221180 0.120678 -0.139802 0.177465 -0.089496 -0.238604 0.042322 0.115157 0.178046 0.576364 -0.006354 0.150460 -0.016349 0.129305 -0.033302 0.181294 0.118686 0.104298 0.117472 -0.190968 -0.220346 0.011791 -0.309778 -0.076289 -0.060906 0.260105 0.000689 0.018379 0.138459 0.141141 -0.199805 -0.125537 -0.352014 -0.158243 -0.145102 -0.049239 -0.282477 0.075493 -0.044784 -0.255318 -0.090611 -0.039354 -0.260728
0.307024 0.605099 -0.487922 -0.179192 -0.345777 -0.376155 -0.144735 -0.125598 -0.264689 0.098378 -0.174508 0.050893 -0.154368 0.223997 -0.201202 -0.211956 0.417276 0.521933 0.491581 1.000000 -0.136389 -0.266886 -0.446040 -0.163978 -0.443847 -0.554751 -0.331768 -0.569536 0.227554 0.315974 -0.458781 -0.292597 0.314413 0.226253 -0.279026 -0.410033 -0.039069 0.210561 -0.073590 0.054754 -0.218827 -0.085970 0.063243 -0.073404 -0.057070 -0.203061 0.027150 0.033103 -0.234067 0.145712 -0.067949 0.214302 -0.027669 0.263515 0.113938 0.264792 0.085513 0.379326 0.198958 0.520358 0.270006 0.472917 0.267157 0.637802 -0.482400 -0.234115 0.038374 -0.386578 0.026336 0.205162 0.037636 0.044755 0.343764 0.279315 -0.099004 -0.134148 0.122701 -0.026971 0.012482 0.411002 0.209363 0.496037 -0.067282 0.048676 -0.479803 -0.204819 -0.203467 -0.154041 -0.407935 -0.002469 0.363691 0.005205 -0.019736 -0.319922 0.062984 -0.200240 -0.195745 -0.120589 0.438879 0.084870 0.137986 -0.018726 0.360177 0.029083 -0.102950 -0.438462 -0.000379 0.025029 0.120531 -0.179957 0.016285 -0.097609 -0.123210 -0.362311 -0.153071 -0.122738
-0.000587 -0.047992 0.170401 0.002565 0.235452 0.146073 0.005030 0.084485 0.037602 0.030933 -0.166527 -0.162223 0.021944 -0.103910 -0.060919 -0.046320 -0.136655 0.003122 -0.253650 -0.136389 1.000000 0.409440 0.034537 0.014738 0.157946 0.202312 0.186996 0.074731 -0.093173 -0.019665 0.069924 0.063597 -0.272294 -0.275320 0.067360 0.020930 0.299412 -0.047737 0.032246 -0.127539 0.134292 0.288961 -0.058240 -0.018438 -0.165996 -0.089255 -0.177199 -0.120992 0.053459 -0.096078 0.165516 0.058021 0.155110 -0.100597 -0.005610 -0.212434 -0.021508 0.005414 0.193594 0.021417 -0.006099 0.030953 -0.277279 -0.125457 0.134720 0.059295 -0.081853 0.015197 -0.135466 -0.127058 0.151716 0.179299 -0.000020 0.172577 0.086952 0.067980 0.011739 0.224265 -0.120761 -0.148979 -0.133704 -0.210757 -0.142059 0.015021 -0.108355 -0.048614 -0.122729 0.039724 0.088710 0.006756 0.066700 -0.187780 -0.032847 0.062146 0.006381 0.084588 -0.202338 -0.144074 0.029063 -0.047147 0.086992 0.116745 -0.059231 0.128005 0.127049 0.193259 0.017367 0.263149 -0.066268 -0.046644 0.023399 0.204876 0.127456 -0.016644 -0.070132 -0.066256
-0.141983 -0.028662 0.237716 0.043800 0.083299 0.351096 -0.130480 -0.021016 -0.040323 0.040506 0.140198 0.048989 -0.005008 -0.048194 0.087663 0.189760 -0.044466 -0.206077 -0.097147 -0.266886 0.409440 1.000000 0.168726 0.339071 0.216279 0.372315 0.007694 0.391760 0.060063 0.084336 0.360990 0.360804 -0.274706 -0.027562 -0.019895 0.234271 0.185565 0.219268 -0.011538 -0.045361 0.244260 0.305033 -0.227728 -0.194382 -0.121066 -0.035082 -0.137455 -0.275187 -0.034087 -0.299851 0.097811 -0.223194 0.011639 -0.248530 -0.033223 -0.284104 -0.160350 -0.235046 -0.206746 -0.285825 -0.212786 -0.249884 -0.006063 -0.155633 0.256260 -0.111590 -0.293300 0.076810 -0.147903 -0.448176 -0.091033 0.182292 -0.184518 0.204920 0.155858 0.250832 0.323121 0.281042 -0.070263 -0.175435 0.105483 -0.170115 0.131015 0.255590 0.199102 0.112118 -0.020400 0.236938 0.149630 0.052244 -0.191796 -0.269811 0.073616 0.075994 0.181190 0.223568 -0.130371 -0.088996 -0.093810 -0.127390 -0.057363 0.150949 -0.196799 0.162866 0.224283 0.333201 0.083243 0.033637 0.121775 0.116507 -0.190513 0.292578 0.106013 0.210120 0.092065 0.045690
-0.286156 -0.478896 0.683013 0.224228 0.424255 0.026511 0.113616 -0.353680 0.429942 -0.620573 0.592749 -0.500122 0.070847 -0.742939 0.534194 -0.093346 -0.284836 -0.616299 0.128656 -0.446040 0.034537 0.168726 1.000000 0.386485 0.759241 0.671352 0.341251 0.716439 -0.407319 -0.655459 0.596300 0.303800 -0.043505 -0.267348 0.376759 0.559660 0.128771 -0.142236 0.422378 -0.184956 0.146895 -0.239752 0.067313 -0.075642 -0.010611 -0.048355 -0.032379 -0.091756 -0.055048 -0.569828 0.100241 -0.511779 0.065534 -0.255991 -0.231630 -0.295889 -0.038841 -0.161821 -0.046398 -0.563680 -0.320790 -0.659652 -0.199305 -0.454426 0.461740 -0.109815 0.059558 0.409977 0.107265 -0.060759 0.127593 0.042937 -0.477079 -0.119158 0.202941 -0.031826 0.097164 0.149296 0.022569 -0.182729 -0.347027 -0.266444 0.361880 -0.417578 0.843742 0.024255 0.628532 0.072884 0.873895 -0.270181 -0.437356 -0.110830 -0.275489 0.321367 -0.079722 -0.136249 0.181807 0.002929 -0.385050 -0.220089 -0.255039 0.081680 -0.401883 -0.102951 -0.067752 0.312755 -0.248737 0.033322 -0.100831 -0.008337 -0.000606 0.018269 -0.241502 0.144365 0.134792 0.019713
-0.525823 -0.192510 0.072646 0.501060 0.027818 0.318072 -0.138181 0.158907 -0.163477 0.012571 0.167437 0.080212 -0.478750 -0.177486 -0.074159 0.068075 -0.267873 -0.403069 -0.100437 -0.163978 0.014738 0.339071 0.386485 1.000000 0.526874 0.626737 0.285048 0.616502 -0.432329 -0.142032 0.560494 0.540743 -0.118092 0.020463 0.318765 0.478910 -0.152420 -0.205959 -0.100518 -0.322350 0.162302 -0.174387 0.067485 -0.116698 0.036053 0.100646 -0.227921 -0.101741 -0.276360 -0.304890 -0.253729 -0.279690 -0.385049 -0.234310 -0.536040 -0.397946 0.025659 -0.185601 -0.325747 -0.318722 -0.467189 -0.389278 -0.202607 -0.400089 0.286523 0.226255 -0.141271 0.394795 0.167581 -0.154918 0.059598 0.296793 -0.542338 -0.055276 0.112075 0.197119 0.068961 0.302229 -0.021908 -0.162939 -0.273917 -0.280351 0.214584 0.044288 0.370176 0.134339 0.165272 0.409638 0.332815 -0.079861 -0.047409 -0.216080 0.273994 0.182120 0.007253 0.045734 -0.213178 -0.065415 -0.334913 -0.114375 -0.140358 -0.282513 -0.338550 -0.040028 0.045769 0.227460 -0.049225 0.031100 0.172801 0.320232 -0.069762 0.057508 -0.155423 0.179814 0.198447 0.265882
-0.500639 -0.445473 0.558868 0.459531 0.359246 0.348227 -0.037621 -0.039209 0.219028 -0.333075 0.264274 -0.358916 -0.283735 -0.609081 0.175054 -0.152434 -0.447748 -0.635015 -0.179446 -0.443847 0.157946 0.216279 0.759241 0.526874 1.000000 0.856455 0.266476 0.815176 -0.455589 -0.439165 0.624016 0.493866 -0.166674 -0.252797 0.452442 0.569164 -0.052247 -0.219655 0.149390 -0.216792 0.172272 -0.153312 0.199882 0.025429 0.101779 0.150525 -0.166203 -0.088277 -0.164125 -0.411845 -0.049788 -0.399579 -0.139093 -0.348264 -0.461864 -0.395256 -0.088478 -0.267259 -0.221382 -0.487190 -0.450710 -0.566643 -0.398092 -0.491317 0.427543 0.155437 0.025470 0.565043 0.159533 -0.120958 0.058925 0.161533 -0.554952 -0.146690 0.102179 0.128685 -0.045886 0.300478 -0.079988 -0.138386 -0.409760 -0.357898 0.200739 -0.190801 0.612138 -0.052941 0.407879 0.264372 0.663384 -0.330172 -0.251587 -0.216521 -0.052162 0.358911 -0.061236 0.000733 0.103655 -0.078627 -0.289227 -0.202861 -0.184743 -0.105303 -0.454235 -0.028561 -0.010715 0.315369 -0.186964 0.083584 -0.056256 0.095413 0.138692 0.058493 -0.071296 0.074690 0.075183 0.099611
-0.617043 -0.480198 0.420236 0.506741 0.313006 0.543371 -0.061006 0.053987 0.138453 -0.105685 0.173040 -0.255885 -0.367344 -0.557903 0.082325 0.029262 -0.453422 -0.656283 -0.256525 -0.554751 0.202312 0.372315 0.671352 0.626737 0.856455 1.000000 0.232951 0.877505 -0.417286 -0.313946 0.762038 0.668797 -0.207034 -0.111515 0.387709 0.577291 -0.043404 -0.252642 0.072542 -0.214526 0.313200 -0.032085 0.139474 0.058334 0.070892 0.159103 -0.032435 -0.096022 -0.234612 -0.408276 -0.075868 -0.365835 -0.166381 -0.263252 -0.469106 -0.324312 0.027131 -0.247787 -0.341939 -0.530587 -0.504988 -0.554934 -0.428933 -0.557697 0.475863 0.254668 -0.176233 0.507415 0.118984 -0.231676 -0.083220 0.077135 -0.552370 -0.205696 0.134305 0.215429 -0.011344 0.237831 -0.059293 -0.093329 -0.345795 -0.454059 0.203810 -0.041398 0.596819 0.050734 0.379181 0.421854 0.648051 -0.155434 -0.223942 -0.270534 0.125899 0.379521 0.003922 0.105320 0.040711 -0.079715 -0.294581 -0.169675 -0.158818 -0.133383 -0.477347 -0.069613 0.060544 0.349345 -0.225573 -0.078912 -0.101505 0.111959 0.113579 0.167951 0.038852 0.260437 0.189432 0.132586
-0.146092 -0.446121 0.350021 -0.101843 0.419862 -0.050233 0.064011 -0.050734 0.236316 -0.268988 0.242313 -0.162777 0.202115 -0.145330 0.252576 -0.021827 -0.141060 -0.180479 -0.063584 -0.331768 0.186996 0.007694 0.341251 0.285048 0.266476 0.232951 1.000000 0.260404 -0.284122 -0.266150 0.188735 0.063733 -0.191701 -0.209556 0.410988 0.439786 0.093207 -0.185501 0.182710 -0.203622 0.193863 0.001505 -0.041000 -0.062727 0.067180 0.058168 -0.178716 -0.122875 0.213937 -0.235605 -0.052489 -0.181570 0.033204 -0.220430 -0.094402 -0.316612 0.035110 -0.136153 0.152043 -0.283981 -0.249015 -0.407448 -0.145004 -0.395881 0.224176 -0.019122 0.160561 0.384053 0.060255 -0.125197 0.272121 0.202937 -0.309915 0.007648 0.424236 -0.009180 -0.023487 0.103484 0.069947 -0.196842 -0.111880 -0.249879 0.134937 -0.205890 0.327090 -0.105146 0.224058 0.022833 0.265113 -0.327693 -0.184627 -0.052137 -0.232965 0.149779 -0.173765 -0.070160 -0.092731 -0.066316 -0.425582 -0.166073 -0.078617 -0.073625 -0.123058 -0.056638 0.097152 0.415377 0.017464 0.186861 0.057808 0.140851 -0.219736 -0.103022 -0.245892 0.017572 0.275518 0.184840
-0.518630 -0.557658 0.505554 0.547042 0.234141 0.454016 -0.108814 -0.091250 0.136464 -0.301330 0.319377 -0.254789 -0.279146 -0.535592 0.158645 0.023522 -0.459566 -0.738125 -0.179071 -0.569536 0.074731 0.391760 0.716439 0.616502 0.815176 0.877505 0.260404 1.000000 -0.480789 -0.439541 0.720411 0.590149 -0.118697 -0.111573 0.455591 0.722936 -0.012891 -0.203435 0.210812 -0.150646 0.341531 -0.096539 0.100986 -0.000817 0.101919 0.207797 -0.072139 -0.107150 -0.115335 -0.513481 -0.103675 -0.481815 -0.190756 -0.374942 -0.352424 -0.244104 0.004814 -0.278349 -0.281013 -0.623000 -0.471998 -0.654305 -0.310045 -0.617616 0.517159 0.219724 -0.058110 0.634639 0.182113 -0.221135 -0.151460 0.029038 -0.563480 -0.235809 0.145762 0.167417 0.070706 0.199176 -0.095845 -0.119059 -0.374697 -0.451246 0.169147 -0.185380 0.688465 0.141987 0.448098 0.321474 0.710444 -0.102554 -0.429346 -0.358380 -0.027514 0.325951 0.040105 0.069161 0.131800 -0.058413 -0.432529 -0.236025 -0.231966 -0.095460 -0.449278 -0.121706 0.039750 0.360367 -0.227144 -0.003212 -0.099556 0.140435 0.025202 0.125946 -0.008498 0.205241 0.168455 0.070597
0.355698 0.312611 -0.323575 -0.419158 -0.118884 -0.120543 -0.059741 -0.087339 -0.126086 0.261956 -0.273640 0.286316 0.266575 0.453813 0.095680 0.330480 0.510657 0.491723 0.044852 0.227554 -0.093173 0.060063 -0.407319 -0.432329 -0.455589 -0.417286 -0.284122 -0.480789 1.000000 0.500590 -0.203139 -0.126592 -0.053067 0.158760 -0.421986 -0.448252 0.319109 0.432997 0.189762 0.385516 0.128873 0.362884 -0.283632 -0.177844 -0.287852 -0.331162 0.088631 -0.197566 -0.198273 0.016877 -0.185560 0.023887 -0.001151 0.150737 0.346616 0.236779 0.128711 -0.001134 -0.065733 0.064725 0.218135 0.214744 0.463247 0.409861 -0.379179 -0.283148 -0.341920 -0.530436 -0.199416 -0.075133 0.130755 0.170109 0.758934 0.227017 0.131484 0.143768 0.219298 -0.068711 0.330800 0.269936 0.735637 0.438530 0.098918 0.545575 -0.323548 0.044446 -0.111854 0.099512 -0.473516 0.019003 -0.048201 -0.073041 0.062560 -0.228534 0.334429 0.039014 -0.079994 0.018655 0.269816 0.145556 0.175827 0.172555 0.258212 0.195393 0.098515 -0.048007 0.009719 -0.193471 0.061796 -0.313583 -0.241006 -0.003621 0.155746 0.074458 0.050525 -0.139961
0.018858 0.448711 -0.673544 -0.068031 -0.323880 0.140494 -0.150751 0.353375 -0.397576 0.651842 -0.407058 0.529846 -0.210682 0.641315 -0.323965 0.230969 0.354080 0.566213 -0.025877 0.315974 -0.019665 0.084336 -0.655459 -0.142032 -0.439165 -0.313946 -0.266150 -0.439541 0.500590 1.000000 -0.110775 0.172901 0.030896 0.307629 -0.387258 -0.519985 -0.149630 0.103688 -0.384970 0.129563 0.122563 0.447309 -0.240837 -0.019585 -0.002086 -0.089503 0.029275 -0.246866 -0.342886 0.249882 -0.267486 0.312606 -0.271129 0.140357 0.010974 0.120140 0.092127 -0.062086 -0.225506 0.309506 -0.016977 0.468392 0.214802 0.401664 -0.339626 0.097212 -0.348753 -0.380571 -0.200872 -0.275199 -0.030431 -0.024086 0.424552 0.276611 0.126280 0.209810 0.152161 0.030534 0.069686 0.182415 0.482004 0.292868 0.020355 0.718213 -0.511059 0.025454 -0.477513 0.280840 -0.640475 0.136324 0.352220 -0.126805 0.349177 -0.340801 0.250005 0.249336 -0.272676 -0.058601 0.340500 0.112467 0.375954 -0.124276 0.338357 0.110343 0.208839 -0.175599 -0.050027 -0.194375 0.175091 0.038312 -0.121216 0.003401 0.168526 0.018737 0.050930 0.011556
-0.423425 -0.407851 0.304133 0.364074 0.110178 0.415616 -0.069745 -0.028646 0.046556 -0.093432 0.254597 -0.104567 -0.240765 -0.435763 0.167603 0.157200 -0.232320 -0.435972 -0.115195 -0.458781 0.069924 0.360990 0.596300 0.560494 0.624016 0.762038 0.188735 0.720411 -0.203139 -0.110775 1.000000 0.828503 -0.104682 0.030977 0.257334 0.430110 -0.033450 -0.219318 0.116306 -0.125552 0.248315 -0.031552 -0.089454 -0.070062 0.069514 -0.002888 -0.033039 -0.288159 -0.335657 -0.519786 -0.120668 -0.394651 -0.234448 -0.210434 -0.368167 -0.256423 0.083935 -0.383467 -0.310473 -0.487231 -0.497019 -0.472073 -0.202022 -0.404480 0.405727 0.106938 -0.196913 0.301202 0.123720 -0.304466 -0.154351 0.050566 -0.285684 -0.078561 0.157470 0.257821 0.213042 0.213042 0.090598 -0.141590 -0.128694 -0.283340 0.357788 0.198344 0.524870 0.101191 0.376554 0.481800 0.544930 -0.120853 -0.248146 -0.276701 0.128630 0.156713 0.145194 0.050821 0.041414 -0.010793 -0.273232 -0.282183 -0.028425 -0.042771 -0.302654 -0.004501 0.177199 0.359550 -0.324772 -0.202079 -0.077993 0.087540 -0.064155 0.031141 0.029639 0.334237 0.306589 0.171247
-0.528117 -0.297824 -0.045629 0.463862 -0.113131 0.556935 -0.235604 0.151031 -0.262373 0.224623 0.001248 0.010718 -0.474655 -0.244473 -0.200532 0.051986 -0.189332 -0.336610 -0.160901 -0.292597 0.063597 0.360804 0.303800 0.540743 0.493866 0.668797 0.063733 0.590149 -0.126592 0.172901 0.828503 1.000000 -0.067232 0.251882 0.146144 0.310129 -0.172527 -0.302636 0.041566 0.014119 0.349366 0.155752 0.019341 -0.013244 0.222193 0.174179 0.011102 -0.327631 -0.383529 -0.307587 -0.256673 -0.214650 -0.499481 -0.159896 -0.399627 -0.143512 0.063835 -0.498695 -0.476943 -0.361135 -0.509383 -0.291856 -0.136433 -0.220932 0.231284 0.294262 -0.261681 0.333481 0.033637 -0.422494 -0.234193 0.099154 -0.250193 -0.035129 0.112036 0.280450 0.270960 0.314340 -0.007033 -0.068639 -0.063493 -0.216677 0.198583 0.376688 0.256714 0.074654 0.128025 0.537071 0.227489 -0.071895 -0.148912 -0.453089 0.180482 0.003600 0.292419 0.214760 0.042877 -0.005682 -0.054945 -0.225778 0.119451 -0.058239 -0.214639 0.015826 0.297734 0.214414 -0.271769 -0.268586 0.004067 0.158318 -0.172620 0.044305 0.157160 0.264427 0.284375 0.147597
0.031882 -0.016254 -0.040637 -0.051734 -0.252027 -0.299120 -0.110909 -0.258866 -0.195919 -0.132954 -0.007157 -0.128544 0.114174 -0.075103 -0.049497 -0.284942 0.351470 0.192285 0.339149 0.314413 -0.272294 -0.274706 -0.043505 -0.118092 -0.166674 -0.207034 -0.191701 -0.118697 -0.053067 0.030896 -0.104682 -0.067232 1.000000 0.532251 0.047889 -0.045618 -0.074211 -0.066491 0.052675 0.018261 -0.030479 -0.126051 -0.089371 -0.183973 0.059382 -0.082837 0.135387 -0.060192 -0.169929 -0.240563 0.014481 -0.295544 -0.124950 -0.049158 0.155251 0.241398 0.123133 0.327879 -0.044800 0.129738 0.373628 -0.003828 0.508046 0.422371 0.021126 -0.098481 0.312748 0.085631 -0.053008 -0.024738 -0.158205 -0.269705 0.151445 0.027385 -0.021200 -0.183825 0.127589 -0.162940 0.198849 0.306921 0.076055 0.442391 -0.121019 -0.183706 0.080979 0.181994 0.156891 -0.020325 0.056600 0.086539 -0.173982 -0.059748 -0.268729 -0.451565 -0.004735 -0.053503 0.245899 -0.116969 0.130473 -0.170952 -0.054479 -0.218613 0.082484 -0.241898 -0.319801 -0.493748 -0.138452 -0.262584 0.046869 -0.215040 0.040146 -0.307526 -0.375522 -0.241698 -0.251835 -0.165382
-0.219105 0.039923 -0.210834 0.136424 -0.171192 0.047560 -0.188320 0.082600 -0.250881 0.324509 -0.323978 0.095258 -0.013785 0.166296 -0.300257 -0.024212 0.215471 0.162004 -0.000072 0.226253 -0.275320 -0.027562 -0.267348 0.020463 -0.252797 -0.111515 -0.209556 -0.111573 0.158760 0.307629 0.030977 0.251882 0.532251 1.000000 0.202074 0.150456 -0.196016 -0.043457 -0.095012 0.221017 0.047705 0.077094 -0.174253 -0.166687 0.134637 -0.017526 0.098564 -0.171614 -0.202909 -0.178057 -0.085136 -0.240564 -0.233296 -0.244072 0.154117 0.315064 -0.059327 -0.043336 -0.301873 -0.003702 0.306523 0.118305 0.501909 0.450168 -0.101975 0.162170 0.089499 0.145293 -0.057728 -0.239807 -0.322250 -0.133660 0.157387 -0.118527 -0.092742 0.011553 0.288493 0.018448 0.193111 0.496986 0.092316 0.229342 -0.253253 0.088245 -0.234653 -0.029532 0.060160 0.205343 -0.224004 0.171339 -0.241831 -0.376041 -0.124493 -0.411346 0.185754 0.205471 0.168161 0.010027 -0.115081 -0.169402 -0.108668 -0.267683 -0.080721 -0.307519 -0.302299 -0.408737 0.058726 -0.273060 0.236989 -0.024198 -0.164637 -0.412808 -0.232949 -0.271354 -0.195862 -0.024359
-0.366063 -0.521903 0.478963 0.201993 0.384628 0.074243 0.066963 -0.025726 0.245608 -0.229096 0.108621 -0.367351 0.121713 -0.362085 0.010840 -0.199233 -0.317903 -0.373008 -0.272346 -0.279026 0.067360 -0.019895 0.376759 0.318765 0.452442 0.387709 0.410988 0.455591 -0.421986 -0.387258 0.257334 0.146144 0.047889 0.202074 1.000000 0.784346 -0.057868 -0.141005 0.018014 -0.165849 0.005264 -0.267394 0.146393 0.075237 0.346760 0.281991 -0.053480 0.163668 0.223841 -0.350794 -0.019226 -0.447821 0.029701 -0.515656 -0.130268 -0.023145 -0.044658 -0.049762 -0.044489 -0.392041 -0.116582 -0.388106 -0.064241 -0.359610 0.417998 0.192054 0.368915 0.715352 0.191392 -0.008936 -0.099782 0.013284 -0.358630 -0.407028 -0.080810 -0.114330 -0.138599 0.029451 0.052097 0.054120 -0.390762 -0.350242 -0.278093 -0.438961 0.243816 -0.158936 0.399604 0.005908 0.359526 -0.237582 -0.431908 -0.240829 -0.418003 0.015813 -0.107934 0.119240 0.131201 0.021844 -0.603085 -0.322592 -0.404051 -0.260655 -0.488297 -0.361374 -0.322082 0.157113 -0.029430 0.144110 0.261604 0.182187 -0.022924 -0.155237 -0.366618 -0.190371 -0.093770 0.188364
-0.345016 -0.612914 0.572645 0.279707 0.332631 0.188865 -0.109684 -0.212151 0.195014 -0.336466 0.301735 -0.331001 0.057979 -0.445059 0.160015 -0.088216 -0.382008 -0.588287 -0.219824 -0.410033 0.020930 0.234271 0.559660 0.478910 0.569164 0.577291 0.439786 0.722936 -0.448252 -0.519985 0.430110 0.310129 -0.045618 0.150456 0.784346 1.000000 0.006995 -0.148484 0.241618 -0.135185 0.179406 -0.215089 0.081026 -0.066470 0.241396 0.243738 -0.093893 -0.027902 0.221208 -0.503457 -0.030153 -0.547008 -0.011585 -0.509210 -0.128429 -0.104257 0.023641 -0.143995 -0.096737 -0.593924 -0.248350 -0.654018 -0.111824 -0.493372 0.462880 0.070803 0.252677 0.755563 0.201814 -0.113225 -0.106087 0.088906 -0.460051 -0.305993 0.037975 -0.030917 0.064428 0.161986 0.043878 0.059232 -0.366463 -0.367998 -0.104446 -0.431961 0.468124 -0.015528 0.541564 0.114004 0.505370 -0.278726 -0.584401 -0.377239 -0.395364 0.179470 0.050314 0.075283 0.179561 0.020698 -0.624165 -0.282883 -0.427082 -0.187492 -0.496672 -0.311366 -0.193861 0.238835 -0.052965 0.135009 0.141983 0.142640 -0.148090 -0.123741 -0.279149 -0.021293 0.012823 0.053714
