1.000000 0.349746 -0.014360 -0.400679 -0.041841 -0.509157 0.135150 -0.312823 -0.358877 -0.400174 0.182397 -0.288352 0.080380 -0.224795 -0.261727 -0.211593 0.169897 0.253745 0.504411 0.482153 -0.057387 0.068778 -0.410905 -0.172341 -0.361350 -0.603928 -0.366958 -0.359077 0.392837 0.106486 -0.154361 -0.434255 0.221903 0.018976 -0.272628 -0.238009 -0.014160 -0.144971 0.024156 -0.235561 -0.257967 -0.167310 0.037974 0.102301 0.204905 -0.194457 -0.014177 -0.221889 0.240564 0.287916 -0.307836 -0.004727 0.084972 -0.062766 -0.053899 -0.102361 0.612482 0.448223 0.324152 0.130367 0.340341 0.089973 0.348902 0.305710 -0.262049 -0.421327 0.071974 -0.419506 0.316961 0.119900 0.059155 -0.312271 0.235563 0.039636 0.128846 0.059289 0.089493 -0.267580 0.165067 0.278781 0.250383 0.231534 0.259309 -0.189958 0.017814 -0.282870 -0.085904 -0.272946 -0.222197 -0.398997 0.056121 0.050060 -0.376985 -0.282188 0.000410 0.156551 -0.029866 0.117609 0.147106 0.146334 0.175153 0.063247 0.115292 0.221015 0.129692 -0.074351 0.231987 0.340406 -0.069111 -0.189989 -0.476388 -0.130394 0.057695 -0.323637 0.208172 0.339281
0.349746 1.000000 -0.253049 0.035151 0.097537 -0.227776 0.073458 0.288210 -0.168564 -0.062311 0.003206 0.340101 0.087445 0.262953 -0.408327 0.095915 0.072788 0.141911 -0.061908 0.284147 -0.121220 -0.076891 -0.347627 -0.165353 -0.191236 -0.340529 -0.292345 -0.416942 0.100476 0.227012 -0.187919 -0.248807 0.176311 0.032399 -0.422838 -0.159036 0.129956 -0.138915 0.015294 0.046375 -0.282629 -0.059774 -0.225930 -0.186477 -0.019851 -0.099267 -0.120784 -0.348922 0.184294 0.226104 -0.215694 0.226093 -0.034529 -0.064826 0.230062 0.096815 0.344324 0.449382 0.209818 0.425008 0.265290 0.460367 0.209991 0.425315 -0.343019 0.130130 -0.014177 -0.259875 0.025273 0.048246 -0.112457 -0.501588 0.191879 -0.030211 -0.111867 -0.232744 0.009976 -0.314880 -0.014810 0.051689 0.084841 0.121786 -0.021372 -0.011925 -0.065106 0.006787 -0.080980 0.170550 -0.030736 -0.103037 -0.097505 -0.288724 0.029185 -0.065259 -0.142461 0.009670 -0.118087 -0.044604 0.283240 0.125226 -0.047413 0.029776 0.021371 -0.101620 -0.028251 -0.012054 -0.287521 -0.037140 -0.091276 -0.252087 -0.583465 -0.061603 0.126603 -0.194715 -0.102579 -0.174860
-0.014360 -0.253049 1.000000 0.199891 0.064249 0.330814 -0.009601 -0.119863 0.213190 -0.058577 0.112833 -0.162661 -0.039362 -0.204559 0.261459 -0.119656 -0.229614 -0.267639 0.234442 0.060891 0.192575 0.283874 0.421921 0.354682 0.274142 0.404208 0.374124 0.472111 -0.324818 -0.437335 0.298233 0.325729 -0.051597 0.106471 0.348696 0.237137 -0.395916 -0.060084 0.042263 -0.130606 0.129806 -0.040716 -0.185594 -0.282546 -0.060294 0.040394 -0.257667 -0.200371 -0.070723 -0.284147 0.260286 -0.205106 -0.072877 -0.140675 -0.136242 -0.308556 -0.083149 -0.016942 0.034615 -0.138910 0.079724 -0.286435 -0.311392 -0.232517 0.420519 0.012018 0.210694 0.364272 0.244115 0.148581 0.061884 0.312982 -0.354848 -0.231386 -0.154613 -0.104069 -0.300884 0.017342 -0.181093 -0.195158 -0.280780 -0.306613 0.128740 -0.146518 -0.113285 -0.000165 0.119250 -0.120861 0.300506 0.067253 0.036188 0.057442 0.150601 0.068920 0.230017 -0.218258 0.143957 -0.031818 -0.504453 -0.304347 0.040620 -0.215381 -0.195070 -0.062131 -0.179657 -0.044941 0.139780 0.078216 0.024295 -0.106613 0.181939 -0.252773 -0.169750 0.170677 0.071053 -0.000498
-0.400679 0.035151 0.199891 1.000000 0.003690 0.495654 -0.154184 0.541832 0.306382 0.193096 -0.434029 0.407773 -0.422015 0.025270 0.048110 0.113553 -0.484527 -0.335796 -0.160511 0.048065 0.077261 0.149271 0.595901 0.504186 0.319309 0.566793 0.392011 0.442715 -0.506711 -0.228781 0.257589 0.548049 -0.124977 -0.040955 0.135881 0.175222 -0.076729 0.010627 0.075550 0.089440 0.161931 0.122053 -0.243630 -0.198070 -0.127977 0.112212 -0.181976 -0.162742 -0.418027 -0.183862 0.229275 0.035903 -0.250876 0.021244 0.151290 0.028378 -0.487208 -0.222674 -0.303029 -0.072476 -0.413834 -0.066948 -0.488032 -0.359563 0.480142 0.510476 -0.249260 0.388069 -0.079200 -0.139176 -0.061603 0.119793 -0.366700 -0.199666 -0.297646 -0.326611 -0.370658 0.045268 -0.242041 -0.409273 -0.485031 -0.404244 -0.025584 0.371188 0.175630 0.369960 0.178808 0.312689 0.569177 0.571265 -0.161330 -0.380103 0.450680 0.065981 -0.156213 -0.125378 -0.058293 -0.106672 -0.197434 -0.204216 0.018303 -0.220709 -0.104875 -0.304602 -0.161108 -0.137849 -0.163083 -0.055559 -0.135650 -0.078565 0.090200 -0.006660 0.031818 0.135138 -0.043166 -0.171225
-0.041841 0.097537 0.064249 0.003690 1.000000 -0.043194 0.307709 0.107824 0.066679 0.152122 -0.168671 -0.215928 -0.170039 -0.123934 -0.316890 -0.293926 0.015467 0.067897 0.104119 0.111352 0.296289 0.147224 -0.078764 -0.157986 0.282485 0.140485 0.011583 -0.192502 0.006924 0.039211 0.424434 0.238834 -0.207933 -0.134559 -0.034934 -0.083427 -0.076312 -0.102988 0.053130 -0.017260 -0.107394 0.004314 -0.237877 -0.300932 -0.062981 0.078807 0.025929 -0.280854 -0.023139 0.098643 -0.058405 0.193949 -0.257422 0.005238 -0.147508 0.116606 0.045710 0.040207 0.039738 0.311301 0.052868 0.204964 0.006210 0.156780 -0.016382 -0.008981 0.229129 0.022229 0.008767 0.035241 -0.011299 -0.102457 0.026798 0.153880 -0.029971 0.163081 0.058570 -0.048546 -0.126328 0.242558 0.020897 0.074388 0.169848 0.050768 0.028064 -0.019422 0.006690 0.021743 -0.151627 -0.040277 -0.138008 -0.073995 0.047491 -0.041865 -0.301296 -0.150207 -0.160923 -0.012974 0.053323 -0.040434 0.051914 -0.149588 -0.086237 -0.049605 -0.081270 -0.122129 -0.085070 -0.036633 -0.019774 -0.039847 -0.194460 -0.263091 0.004305 -0.059104 0.024367 -0.034649
-0.509157 -0.227776 0.330814 0.495654 -0.043194 1.000000 -0.522839 0.099334 0.089789 0.116305 -0.098109 -0.040338 -0.225717 -0.123260 0.270449 -0.060993 -0.498620 -0.450218 -0.362991 -0.226818 0.159231 0.302645 0.647302 0.523126 0.539199 0.577831 0.666204 0.730132 -0.632172 -0.387122 0.146182 0.355122 -0.113763 -0.019699 0.372045 0.385564 -0.150834 0.247878 0.203898 0.471676 0.418358 0.155779 -0.236918 -0.085037 -0.078676 0.403741 -0.286162 -0.007106 -0.077527 -0.181511 0.620387 0.061565 -0.205746 0.139673 0.268927 0.035220 -0.555646 -0.123082 -0.223396 -0.215025 -0.451450 -0.367492 -0.565220 -0.392731 0.451598 0.396118 0.016285 0.668930 -0.012673 -0.085232 -0.135287 0.245463 -0.444502 -0.366331 -0.334930 -0.303071 -0.336300 0.060623 -0.140915 -0.363172 -0.500839 -0.452203 -0.233662 -0.143393 -0.049978 0.247324 0.120741 0.105263 0.559162 0.473921 -0.289332 -0.315375 0.266158 0.117272 0.141479 -0.170729 0.404318 -0.043668 -0.432875 -0.396077 -0.087631 -0.315824 -0.219702 -0.162040 -0.001249 0.142190 0.090380 -0.018162 0.009742 -0.104826 0.371600 0.036961 -0.103723 0.473253 0.012119 -0.139518
0.135150 0.073458 -0.009601 -0.154184 0.307709 -0.522839 1.000000 0.366921 0.005378 0.214374 0.051933 0.052790 0.263660 0.251441 -0.367020 0.106805 0.404697 0.442194 0.089575 0.014884 0.138468 -0.216086 -0.440727 -0.291817 -0.129935 -0.378189 -0.631226 -0.654287 0.428071 0.453505 0.069917 0.000732 0.071539 0.002869 -0.216871 -0.362625 -0.145588 -0.212311 -0.325714 -0.685116 -0.342272 -0.277555 -0.028742 -0.239007 0.068534 -0.246204 0.176173 -0.173354 -0.062700 -0.052772 -0.520374 -0.153012 -0.040449 -0.131886 -0.388606 -0.277485 0.182051 -0.038899 0.153985 0.272028 0.374865 0.425744 0.480943 0.314640 -0.225472 -0.045518 0.164109 -0.313700 -0.290361 0.054179 0.331235 0.170807 0.483552 0.450858 0.227987 0.407615 0.297707 0.085934 0.077375 0.207603 0.185294 0.319699 0.006342 0.022557 -0.162151 -0.210454 -0.304127 -0.242351 -0.394423 -0.354003 0.012347 0.146342 0.100856 0.058093 -0.214230 0.151595 -0.451388 -0.042349 0.204901 0.177673 0.391558 0.295071 0.248956 0.142056 -0.081806 -0.213124 -0.136205 0.081893 -0.172481 -0.088801 -0.445889 -0.164479 0.067095 -0.389589 -0.177583 -0.209524
-0.312823 0.288210 -0.119863 0.541832 0.107824 0.099334 0.366921 1.000000 0.207036 0.542180 -0.284277 0.440169 0.101694 0.555280 -0.252813 0.327490 -0.006707 0.000986 -0.459208 -0.215942 0.040257 -0.184620 -0.033228 0.104981 0.196590 0.102999 -0.246888 -0.252555 -0.152135 0.229926 0.035550 0.242459 -0.108043 -0.028032 -0.158447 -0.022050 -0.052150 -0.082164 -0.301696 -0.225828 -0.101345 -0.031974 -0.219619 -0.287859 -0.124956 0.019710 -0.013880 -0.248972 -0.193945 -0.033298 -0.230107 0.059429 -0.056339 -0.033273 0.035629 -0.165863 -0.244123 -0.227812 -0.035932 0.383549 0.047787 0.451423 0.084547 0.087302 -0.016806 0.570606 -0.060367 0.111281 -0.486643 -0.112231 0.154635 0.046352 0.075378 0.215858 -0.163530 -0.126293 -0.155867 0.163449 -0.162198 -0.178796 -0.215058 -0.064386 -0.291489 0.091568 -0.136522 0.075535 -0.292678 0.200530 0.096061 0.231157 -0.066479 -0.301258 0.512905 0.147734 -0.418368 -0.155346 -0.320626 -0.333570 0.081550 0.015391 0.215188 0.068551 0.268713 -0.113784 -0.177401 -0.117851 -0.314666 -0.190059 -0.310381 -0.142240 -0.182198 -0.118704 0.228842 -0.212811 -0.371669 -0.551191
-0.358877 -0.168564 0.213190 0.306382 0.066679 0.089789 0.005378 0.207036 1.000000 0.426527 -0.230288 0.328926 0.077936 0.171536 0.417370 0.309567 -0.138593 -0.414632 -0.103334 -0.079024 -0.015240 -0.131870 0.285319 0.054966 0.244311 0.450385 0.078904 0.192932 -0.334051 -0.293240 0.254702 0.352614 -0.179591 0.104692 0.037208 0.161652 0.002464 -0.195278 -0.027836 -0.123224 -0.007840 0.112799 -0.001087 -0.128820 -0.232426 -0.011972 -0.126709 0.100058 -0.271559 -0.126396 -0.014207 -0.039156 0.029935 -0.071326 -0.080908 0.095712 -0.242752 -0.279129 0.035275 0.115259 0.148191 0.132964 -0.150756 -0.204396 0.233476 0.290112 0.006512 0.225301 -0.016120 0.132481 -0.238863 0.179291 -0.428777 -0.162538 -0.001593 -0.065678 -0.349674 -0.192561 -0.358596 -0.374147 -0.243508 -0.286412 -0.063045 0.122938 0.062014 0.090452 0.157602 0.246260 0.130636 0.312032 0.191379 0.303338 0.358420 0.350885 -0.087772 -0.336419 -0.030240 -0.120752 -0.207015 -0.031919 -0.053223 0.109062 -0.055093 -0.176336 -0.340826 -0.279118 -0.276742 -0.234914 0.042138 -0.056231 0.170069 -0.010075 0.112939 0.133766 -0.255590 -0.063070
-0.400174 -0.062311 -0.058577 0.193096 0.152122 0.116305 0.214374 0.542180 0.426527 1.000000 -0.309655 0.249248 0.066593 0.448587 0.014299 0.362132 -0.017217 -0.281511 -0.470629 -0.134946 -0.020465 -0.320988 -0.157069 -0.166352 0.240154 0.222349 -0.285035 -0.204997 -0.256016 -0.043682 0.184845 0.201735 -0.153087 0.241813 0.240117 0.445659 -0.062872 -0.042447 -0.277885 -0.097954 -0.014482 -0.011054 0.055178 -0.027484 -0.027389 0.226571 -0.012592 0.045925 -0.126971 0.049597 -0.196795 0.065178 -0.055921 0.145295 -0.151553 -0.094772 -0.314695 -0.343723 0.097389 0.367743 0.163113 0.407545 -0.107792 -0.040972 0.151698 0.576364 0.057258 0.205922 -0.410312 0.015565 -0.127208 0.042705 -0.161543 0.110483 -0.080903 0.102468 -0.161919 0.140945 -0.273017 -0.144157 -0.161364 -0.073084 -0.290973 -0.035985 -0.103988 -0.103521 -0.212800 0.215994 0.082373 0.261615 0.011534 0.069160 0.435839 0.067441 -0.395796 -0.227771 -0.114651 -0.306436 0.062922 -0.015780 0.163929 0.042005 0.003184 -0.180200 -0.265162 -0.241304 -0.346434 -0.303362 0.094309 -0.166387 0.157493 -0.074493 0.276252 -0.067460 -0.417187 -0.430439
0.182397 0.003206 0.112833 -0.434029 -0.168671 -0.098109 0.051933 -0.284277 -0.230288 -0.309655 1.000000 0.014172 0.457447 0.085370 0.179401 -0.054213 -0.093817 -0.075628 0.172654 -0.264969 0.062409 -0.059199 -0.137844 -0.108301 -0.194865 -0.358991 -0.167298 -0.115402 0.076634 -0.168492 -0.155449 -0.360394 0.034904 -0.109786 -0.037666 -0.137361 -0.218486 -0.152024 -0.049234 -0.153744 -0.160173 -0.241211 0.131477 0.162950 0.124664 0.071873 0.106045 0.149524 0.455909 -0.018130 0.233943 0.064654 0.298141 -0.135283 -0.052929 -0.106442 -0.024215 -0.065696 0.296356 -0.021094 0.256308 -0.222306 0.053582 -0.071080 -0.077187 -0.300806 0.324358 -0.024756 0.202720 0.096246 0.056442 -0.004173 -0.020512 -0.050663 0.040194 0.184736 0.091205 -0.114888 -0.129767 -0.115918 -0.132120 -0.162623 0.153032 -0.145925 0.042806 -0.172754 0.156717 -0.281222 -0.095648 -0.333309 0.139254 0.176587 -0.346425 -0.001471 0.110122 0.132619 0.332976 -0.035950 -0.172010 -0.178032 0.020966 -0.040783 -0.046037 0.221618 0.264587 0.313519 0.275431 0.111222 -0.120388 -0.053757 -0.069078 -0.012473 -0.171735 0.058251 0.061169 0.170790
-0.288352 0.340101 -0.162661 0.407773 -0.215928 -0.040338 0.052790 0.440169 0.328926 0.249248 0.014172 1.000000 0.167231 0.597967 0.110289 0.582575 -0.219457 -0.129173 -0.143151 -0.024602 -0.145061 -0.241588 -0.006676 -0.130843 -0.034126 0.134468 -0.143794 -0.115398 -0.197000 0.000390 0.028089 0.188027 0.145097 0.169772 -0.168275 -0.079506 -0.040806 -0.277207 -0.132799 -0.179169 -0.270283 -0.125207 0.097760 0.062732 0.039956 0.084788 0.070184 0.187629 -0.150646 0.074458 -0.018843 0.159284 0.075603 0.081206 0.057835 0.146610 -0.281237 -0.348067 -0.059621 0.178406 0.141473 0.373964 -0.053446 -0.075177 0.092988 0.505758 -0.212901 -0.079305 -0.058233 -0.107159 -0.161656 -0.098788 -0.109885 -0.094584 -0.079626 -0.235467 -0.207755 -0.211955 -0.376637 -0.447108 -0.344511 -0.345084 -0.097401 0.404538 0.041265 0.244058 0.156418 0.376984 0.072175 0.159863 0.027017 -0.023071 0.317854 0.098431 -0.116360 -0.151089 -0.151968 -0.067317 0.073856 -0.091379 0.004760 0.158957 -0.074297 -0.394055 -0.175448 -0.170729 -0.396009 -0.235757 0.009912 -0.077902 -0.147232 0.075364 0.095020 -0.065036 -0.288692 -0.234929
0.080380 0.087445 -0.039362 -0.422015 -0.170039 -0.225717 0.263660 0.101694 0.077936 0.066593 0.457447 0.167231 1.000000 0.541978 0.268320 0.497898 0.276343 0.102281 -0.137073 -0.199864 -0.242786 -0.230770 -0.337200 -0.375650 -0.130858 -0.298782 -0.371194 -0.341846 0.366474 0.172940 -0.326600 -0.345797 -0.015771 0.014734 -0.313398 -0.272239 0.141656 0.004383 -0.127794 -0.151410 -0.141123 -0.194045 0.189085 -0.050261 -0.205570 -0.355442 0.079074 0.176439 0.299167 -0.089015 -0.251118 -0.093672 0.496820 -0.222614 0.061995 -0.135512 0.201966 -0.078412 0.359268 0.279917 0.498778 0.217101 0.382625 0.148000 -0.461424 -0.143194 0.255488 -0.321524 0.011384 0.168233 0.184481 0.110071 0.262052 0.108859 0.045135 0.033912 0.045654 0.037373 0.012151 0.009382 0.130329 0.086161 -0.065949 -0.217676 -0.293234 -0.319152 -0.262883 -0.157231 -0.333123 -0.349451 0.205547 0.137975 -0.081194 0.117138 -0.061737 -0.065582 0.039760 -0.274701 -0.004882 -0.005775 -0.041587 0.261116 0.211272 0.285635 -0.113242 0.200864 -0.180886 -0.083908 -0.054864 0.050416 -0.142300 -0.089770 -0.000565 -0.309747 -0.400555 -0.173299
-0.224795 0.262953 -0.204559 0.025270 -0.123934 -0.123260 0.251441 0.555280 0.171536 0.448587 0.085370 0.597967 0.541978 1.000000 0.051791 0.620219 0.105652 -0.010207 -0.427813 -0.174904 -0.149131 -0.367555 -0.293218 -0.282837 0.121327 -0.124085 -0.382114 -0.425908 0.029336 0.235077 -0.163298 -0.133816 -0.049420 0.076762 -0.297682 -0.046028 -0.048349 -0.238432 -0.399082 -0.237868 -0.363618 -0.275134 0.150206 0.094799 0.047764 0.073798 0.173729 0.168682 0.237564 0.212609 -0.186300 0.215251 0.293696 0.168669 0.053917 0.046061 -0.106185 -0.313757 0.250991 0.497820 0.371942 0.619105 0.211439 0.172640 -0.257373 0.392297 0.027792 -0.183486 -0.286043 -0.014113 0.015706 -0.003218 0.167467 0.096837 -0.048385 -0.049860 -0.144354 -0.028499 -0.141571 -0.180168 -0.124858 -0.096690 -0.291023 -0.065244 -0.273436 -0.168890 -0.288466 0.219415 -0.212392 0.005513 0.118459 -0.061303 0.186899 0.064990 -0.252922 -0.194595 -0.233972 -0.281703 0.129674 0.004685 0.198351 0.361538 0.130553 -0.235954 -0.283262 -0.148526 -0.368844 -0.252889 -0.246241 -0.219972 -0.163184 -0.027709 0.026090 -0.197832 -0.340866 -0.445368
-0.261727 -0.408327 0.261459 0.048110 -0.316890 0.270449 -0.367020 -0.252813 0.417370 0.014299 0.179401 0.110289 0.268320 0.051791 1.000000 0.405318 -0.156838 -0.321241 0.027498 -0.120685 -0.135823 -0.082880 0.459597 0.101829 0.122521 0.311881 0.394208 0.512758 -0.121375 -0.228183 0.078906 0.107498 -0.066953 -0.001043 0.129526 0.104593 0.155514 0.153544 0.162840 0.184307 0.295122 0.096566 0.122587 0.135292 -0.288523 -0.107728 -0.036677 0.385247 -0.168043 -0.238816 0.227787 -0.136353 0.160960 -0.074591 -0.023493 0.067389 -0.367334 -0.180867 -0.098304 -0.325686 -0.093757 -0.331258 -0.366791 -0.403580 0.137721 -0.057667 -0.129820 0.066740 0.217357 -0.091408 -0.149912 0.222169 -0.264416 -0.118268 0.158014 -0.040626 -0.076478 -0.071441 -0.126474 -0.277471 -0.168695 -0.341482 0.165246 -0.012295 0.090960 -0.167827 0.199897 0.100532 0.286951 0.193228 0.142226 0.341014 0.160084 0.384245 0.062883 -0.122243 0.188037 -0.173196 -0.300499 -0.168280 -0.254488 0.044167 -0.164201 -0.023961 -0.092499 0.154673 -0.082935 -0.225369 0.132263 0.090536 0.316202 -0.034617 -0.013884 0.121756 -0.169234 0.167792
-0.211593 0.095915 -0.119656 0.113553 -0.293926 -0.060993 0.106805 0.327490 0.309567 0.362132 -0.054213 0.582575 0.497898 0.620219 0.405318 1.000000 0.055109 -0.007756 -0.280568 -0.014852 -0.086009 -0.308437 -0.063345 -0.223650 -0.012243 0.069657 -0.197769 -0.141659 0.137883 0.243987 -0.078947 0.025821 -0.030064 0.083601 -0.122669 -0.134454 0.173320 0.042971 -0.163343 -0.128168 -0.013596 0.028834 0.220938 -0.012745 -0.143676 -0.164621 0.169397 0.281830 -0.198301 -0.146538 -0.195635 -0.123918 0.307336 0.089611 -0.003973 0.030541 -0.231994 -0.296377 0.043228 0.133049 0.214551 0.362122 0.017233 -0.091455 -0.101258 0.290196 -0.282142 -0.241971 -0.079611 -0.077650 0.061412 0.031791 0.098891 0.092578 0.151196 -0.122749 -0.048218 0.052115 -0.151089 -0.210613 -0.111592 -0.105968 -0.001892 0.184732 -0.027639 -0.110094 -0.088654 0.168220 0.055204 0.061488 0.074802 0.152240 0.326870 0.277457 -0.246776 -0.272860 -0.102287 -0.401630 0.138540 0.070830 0.045360 0.305754 -0.062434 -0.054626 -0.430604 0.007220 -0.411678 -0.267250 -0.034126 0.013106 -0.044565 0.026101 0.186991 -0.269032 -0.579616 -0.368951
0.169897 0.072788 -0.229614 -0.484527 0.015467 -0.498620 0.404697 -0.006707 -0.138593 -0.017217 -0.093817 -0.219457 0.276343 0.105652 -0.156838 0.055109 1.000000 0.614010 0.079465 0.064043 -0.142556 -0.181329 -0.485968 -0.231629 -0.267271 -0.369850 -0.361714 -0.508168 0.736758 0.596037 -0.063427 -0.144142 0.105645 0.104576 -0.311349 -0.401619 0.178817 0.176628 -0.361642 -0.152594 -0.106272 0.077478 0.025729 -0.066392 -0.063254 -0.454207 0.093103 -0.046575 -0.141237 -0.187425 -0.595241 -0.447642 -0.054178 -0.181625 -0.274640 -0.169262 0.479693 0.371274 -0.177676 -0.028139 0.105134 0.123299 0.552812 0.452230 -0.502188 -0.480898 -0.132488 -0.440198 -0.261639 -0.066867 0.166675 0.095179 0.736349 0.481218 0.370866 0.197608 0.563207 0.203202 0.426986 0.605352 0.795487 0.768812 0.033614 -0.152563 -0.188231 -0.215158 -0.420651 -0.337306 -0.593566 -0.480604 0.024025 0.108068 -0.135105 0.012738 -0.010953 -0.011516 -0.387644 -0.020320 0.331016 0.574218 0.088034 0.116850 0.300423 0.083742 -0.075935 -0.053971 0.011907 -0.094316 -0.011965 0.103814 -0.214631 -0.044532 0.004786 -0.171284 -0.053187 -0.075964
0.253745 0.141911 -0.267639 -0.335796 0.067897 -0.450218 0.442194 0.000986 -0.414632 -0.281511 -0.075628 -0.129173 0.102281 -0.010207 -0.321241 -0.007756 0.614010 1.000000 0.159782 0.181588 0.131749 -0.040630 -0.410859 -0.235496 -0.260522 -0.459873 -0.323536 -0.419340 0.642224 0.693794 -0.102630 -0.137787 0.192992 0.059186 -0.446299 -0.438338 0.111509 0.039640 -0.326287 -0.272174 -0.147396 -0.111966 -0.140635 -0.124025 0.001078 -0.328024 0.075446 -0.152297 -0.085214 0.065392 -0.336202 -0.108903 -0.061269 0.110793 -0.224738 -0.165996 0.422289 0.335316 -0.158445 -0.055063 -0.039815 0.208637 0.496039 0.567717 -0.404579 -0.315978 -0.090520 -0.445145 -0.226900 -0.200245 0.275129 -0.030580 0.733945 0.538148 0.398020 0.188883 0.473156 0.060894 0.383318 0.389609 0.575445 0.586191 -0.063119 -0.058092 -0.134426 -0.155965 -0.357524 -0.296895 -0.555066 -0.466348 -0.181860 0.058362 -0.054691 0.021420 -0.057993 0.294503 -0.505909 0.196534 0.356029 0.298254 0.110743 0.309725 0.380696 0.045632 0.121402 -0.085640 -0.083243 0.128882 -0.062384 0.057368 -0.434360 0.027898 -0.005440 -0.211043 0.047172 -0.041865
0.504411 -0.061908 0.234442 -0.160511 0.104119 -0.362991 0.089575 -0.459208 -0.103334 -0.470629 0.172654 -0.143151 -0.137073 -0.427813 0.027498 -0.280568 0.079465 0.159782 1.000000 0.562216 -0.046559 0.030220 -0.037752 -0.079434 -0.325664 -0.075509 0.022014 0.018842 0.316111 -0.038058 0.276033 0.066005 0.234385 0.204165 -0.059693 -0.245678 -0.119158 -0.235080 -0.016292 -0.251590 -0.113652 -0.063751 0.106075 0.069224 0.154033 -0.171146 -0.068753 -0.031711 -0.108632 0.082073 -0.104822 -0.258372 -0.288084 -0.293519 -0.414182 -0.144617 0.337039 0.253956 -0.125753 -0.257872 0.068098 -0.230171 0.005954 -0.009490 0.155574 -0.530503 -0.093674 -0.212743 0.494297 0.110402 0.040083 0.042280 0.055699 0.010690 0.114780 0.113161 0.188480 -0.119738 0.026117 0.156647 0.199670 0.057008 0.552611 0.249165 0.124403 -0.110899 0.277404 -0.127423 -0.159173 -0.487700 0.005913 0.130055 -0.235055 -0.274438 0.218405 0.135383 -0.100715 0.376513 -0.172942 -0.001104 -0.008099 -0.161606 -0.017579 0.069906 0.094185 -0.237634 0.131856 0.240218 0.207273 0.239772 -0.096481 -0.109080 -0.096008 -0.135745 0.309604 0.518210
0.482153 0.284147 0.060891 0.048065 0.111352 -0.226818 0.014884 -0.215942 -0.079024 -0.134946 -0.264969 -0.024602 -0.199864 -0.174904 -0.120685 -0.014852 0.064043 0.181588 0.562216 1.000000 -0.042855 -0.014233 -0.117776 -0.031539 -0.148343 -0.092689 -0.102791 -0.120267 0.268612 0.033806 0.121552 -0.063881 0.166502 0.295089 -0.243107 -0.028563 0.011098 -0.143329 -0.092295 -0.085706 -0.113494 0.018107 0.026632 -0.044736 0.059613 -0.189588 -0.151217 -0.225362 -0.055787 0.234580 -0.241347 -0.080294 -0.264348 0.025028 -0.161397 -0.023941 0.364329 0.396831 0.010928 0.090252 0.100424 0.126021 -0.135618 0.037595 0.014629 -0.241778 -0.192709 -0.210116 0.538778 0.264119 -0.077646 -0.174665 0.031860 -0.087648 -0.064839 -0.117768 -0.029756 -0.202196 0.167562 0.148882 0.195644 0.137253 0.388609 0.160469 0.025638 -0.161318 -0.007944 -0.052792 -0.075015 -0.270982 -0.063974 -0.090651 -0.078555 -0.282794 0.030671 0.007366 -0.192657 0.250554 -0.060307 0.048458 0.117766 -0.014547 0.026004 -0.055700 -0.123980 -0.397956 -0.141608 0.251695 0.098881 -0.021190 -0.218754 -0.074406 -0.085017 -0.253398 0.064579 0.255953
-0.057387 -0.121220 0.192575 0.077261 0.296289 0.159231 0.138468 0.040257 -0.015240 -0.020465 0.062409 -0.145061 -0.242786 -0.149131 -0.135823 -0.086009 -0.142556 0.131749 -0.046559 -0.042855 1.000000 0.414067 0.185169 0.165392 0.330883 0.165877 0.116823 0.063985 -0.062303 0.000939 0.291987 0.190783 -0.022239 -0.001727 0.015157 -0.049903 -0.280186 -0.110574 -0.075898 -0.213279 0.022084 0.198030 -0.164566 -0.042398 0.175807 0.234019 0.142152 -0.075727 -0.053777 -0.115713 0.206983 0.052962 0.046568 0.235421 -0.003481 0.078573 -0.221173 -0.134329 -0.004769 -0.074010 -0.046781 -0.075473 -0.075326 -0.043223 0.177119 0.067629 0.066574 0.114105 -0.082001 -0.172074 0.014667 0.100215 0.014848 -0.028394 0.091190 0.065505 -0.056672 -0.130016 -0.053554 -0.121989 -0.171262 -0.098459 0.038789 -0.017788 0.233961 0.113028 0.002678 -0.164180 0.166141 0.159753 -0.201904 0.020942 -0.068003 0.082492 -0.172924 -0.165836 0.071426 -0.096333 0.176628 0.008083 0.120813 0.124538 -0.203827 -0.132913 -0.109410 -0.061466 0.030477 0.044871 -0.217871 -0.148629 -0.199755 0.014968 0.103986 0.159705 -0.072007 -0.170657
0.068778 -0.076891 0.283874 0.149271 0.147224 0.302645 -0.216086 -0.184620 -0.131870 -0.320988 -0.059199 -0.241588 -0.230770 -0.367555 -0.082880 -0.308437 -0.181329 -0.040630 0.030220 -0.014233 0.414067 1.000000 0.390570 0.277468 0.295383 0.224045 0.393326 0.359409 -0.110964 -0.206608 0.139648 0.236929 0.192054 -0.091816 0.030482 -0.016434 -0.130803 0.066624 0.235633 0.169639 0.351154 0.164622 -0.151636 -0.054584 0.041172 -0.032813 0.012889 -0.057842 -0.066755 -0.094860 0.129305 0.125375 0.076531 0.117344 0.250243 0.273494 0.050243 0.086014 -0.063594 -0.086994 -0.270674 -0.280300 -0.118168 -0.088711 0.013105 -0.117427 0.067425 0.111982 0.171299 -0.046006 -0.152376 0.181505 -0.106315 -0.401623 -0.281836 -0.414561 -0.171747 0.036265 0.189645 0.008810 -0.081007 -0.097270 0.125894 0.008119 0.001367 0.206617 -0.140138 -0.342778 0.155542 0.277646 -0.316316 -0.157330 -0.203911 -0.155886 -0.057465 -0.213554 0.224424 -0.113280 -0.048699 0.069627 -0.067497 -0.209333 -0.258245 -0.050509 0.033292 0.261787 0.242859 0.091915 -0.024828 -0.020599 -0.006387 -0.001624 -0.031652 0.162212 0.111993 0.023053
-0.410905 -0.347627 0.421921 0.595901 -0.078764 0.647302 -0.440727 -0.033228 0.285319 -0.157069 -0.137844 -0.006676 -0.337200 -0.293218 0.459597 -0.063345 -0.485968 -0.410859 -0.037752 -0.117776 0.185169 0.390570 1.000000 0.666479 0.445570 0.688246 0.771261 0.810646 -0.481625 -0.431213 0.253621 0.486335 -0.155333 -0.083618 0.319327 0.189868 -0.084147 0.088713 0.310737 0.268179 0.416822 0.149333 -0.221835 -0.145561 -0.196669 0.110792 -0.191278 -0.018581 -0.332279 -0.286020 0.512587 0.040444 -0.170124 0.013023 0.188309 0.125350 -0.495966 -0.231590 -0.338662 -0.420676 -0.545230 -0.546563 -0.577500 -0.570178 0.534128 0.131642 -0.192918 0.486841 0.209805 -0.087989 -0.057218 0.336631 -0.480483 -0.336985 -0.246471 -0.362413 -0.374131 -0.012117 -0.013580 -0.335045 -0.446002 -0.474026 0.062560 0.148852 0.191108 0.315542 0.289347 0.088410 0.623105 0.538352 -0.065902 -0.203531 0.141310 0.135766 0.038596 -0.168040 0.272528 -0.065116 -0.449296 -0.262643 -0.139340 -0.220257 -0.323305 -0.144288 -0.034379 0.115015 0.107348 -0.050901 -0.120113 -0.015971 0.342598 -0.041251 -0.154370 0.360006 0.099021 0.010373
-0.172341 -0.165353 0.354682 0.504186 -0.157986 0.523126 -0.291817 0.104981 0.054966 -0.166352 -0.108301 -0.130843 -0.375650 -0.282837 0.101829 -0.223650 -0.231629 -0.235496 -0.079434 -0.031539 0.165392 0.277468 0.666479 1.000000 0.259034 0.344139 0.562769 0.488034 -0.361962 -0.355726 -0.027298 0.191784 -0.305147 -0.154132 0.223808 0.113560 -0.315717 0.052624 -0.037038 0.087930 0.172827 -0.018544 -0.189803 -0.121135 0.056229 0.164468 -0.183099 -0.289247 -0.138057 -0.178962 0.413464 -0.120814 -0.193001 -0.085558 0.215409 -0.162190 -0.229315 -0.026869 -0.113795 -0.227096 -0.388472 -0.492267 -0.391046 -0.427576 0.375952 0.053099 -0.054453 0.546258 0.098909 0.131802 0.080816 0.295359 -0.341617 -0.135591 -0.329030 -0.321624 -0.369122 -0.001919 -0.066364 -0.175053 -0.292942 -0.255678 -0.004779 -0.095285 -0.019838 0.082282 0.083877 -0.143718 0.425495 0.263289 0.113014 -0.409270 0.125614 0.018333 0.085959 -0.135626 0.266998 0.045118 -0.481355 -0.241999 0.160644 -0.377311 -0.106347 -0.006466 0.235826 0.118258 0.426175 0.323212 -0.441282 -0.114930 0.235142 -0.032734 -0.178917 0.261709 0.164876 -0.006043
-0.361350 -0.191236 0.274142 0.319309 0.282485 0.539199 -0.129935 0.196590 0.244311 0.240154 -0.194865 -0.034126 -0.130858 0.121327 0.122521 -0.012243 -0.267271 -0.260522 -0.325664 -0.148343 0.330883 0.295383 0.445570 0.259034 1.000000 0.439569 0.407955 0.310597 -0.411040 -0.209512 0.251944 0.314931 -0.138764 -0.043750 0.073540 0.273180 -0.206015 0.005385 -0.017375 0.097570 0.008739 0.073777 -0.264656 -0.186588 -0.074044 0.338602 -0.099976 0.022501 -0.060330 -0.054985 0.362292 0.181136 -0.160604 0.177065 0.052862 0.137400 -0.248030 -0.183382 -0.072445 0.084331 -0.169390 -0.029448 -0.331874 -0.133125 0.270785 0.313081 0.150613 0.457432 -0.067623 -0.046801 -0.063564 0.135991 -0.205709 -0.106842 -0.058204 -0.174158 -0.290778 0.012395 -0.050762 -0.111754 -0.320367 -0.360601 -0.281916 -0.273433 -0.048054 0.193600 -0.047441 0.057279 0.204370 0.407892 -0.276069 -0.107982 0.092726 0.146834 -0.143577 -0.299161 0.119458 -0.228124 -0.264046 -0.172644 0.068339 0.100355 -0.175188 -0.157055 -0.243312 -0.106470 -0.084981 -0.103532 -0.273373 -0.206189 0.193859 -0.114859 -0.140066 0.327848 -0.145542 -0.228647
-0.603928 -0.340529 0.404208 0.566793 0.140485 0.577831 -0.378189 0.102999 0.450385 0.222349 -0.358991 0.134468 -0.298782 -0.124085 0.311881 0.069657 -0.369850 -0.459873 -0.075509 -0.092689 0.165877 0.224045 0.688246 0.344139 0.439569 1.000000 0.640418 0.691060 -0.453469 -0.307409 0.539820 0.739212 -0.110141 0.148845 0.367184 0.279441 0.021686 0.205000 0.244392 0.312580 0.400043 0.318605 -0.188806 -0.212205 -0.269139 0.130998 -0.191329 0.047970 -0.466098 -0.364250 0.368264 -0.076189 -0.236408 -0.040568 0.032402 0.147873 -0.507994 -0.346095 -0.430735 -0.380243 -0.408218 -0.360517 -0.503932 -0.456229 0.585978 0.260530 -0.295555 0.425233 0.112352 -0.173065 -0.106746 0.325163 -0.420881 -0.305666 -0.162700 -0.197510 -0.269635 0.136565 -0.184498 -0.213863 -0.324258 -0.319725 0.036170 0.314382 0.211240 0.470320 0.359531 0.359989 0.479698 0.463527 -0.183579 -0.172107 0.297736 0.082450 0.063456 -0.344244 0.220620 -0.116495 -0.323671 -0.179221 -0.346026 -0.326347 -0.349776 -0.340532 -0.405001 -0.098421 -0.207694 -0.322792 0.149416 0.187847 0.443012 -0.037148 0.047991 0.286553 -0.195145 -0.168298
-0.366958 -0.292345 0.374124 0.392011 0.011583 0.666204 -0.631226 -0.246888 0.078904 -0.285035 -0.167298 -0.143794 -0.371194 -0.382114 0.394208 -0.197769 -0.361714 -0.323536 0.022014 -0.102791 0.116823 0.393326 0.771261 0.562769 0.407955 0.640418 1.000000 0.824088 -0.404525 -0.410259 0.168736 0.376507 -0.112241 -0.136285 0.262334 0.142806 0.012223 0.160826 0.348400 0.541560 0.456113 0.126482 -0.242455 -0.092651 -0.166375 0.135399 -0.247256 0.010916 -0.216386 -0.267171 0.598697 0.002283 -0.151489 -0.084993 0.200527 0.096047 -0.258438 0.035873 -0.330353 -0.417339 -0.523826 -0.536277 -0.417192 -0.328894 0.394832 0.027151 -0.098051 0.476336 0.247802 -0.080626 -0.148135 0.119852 -0.380933 -0.354056 -0.253119 -0.380367 -0.258196 -0.040839 -0.036472 -0.089799 -0.214578 -0.354454 0.070498 0.006324 0.015422 0.240062 0.322073 0.173363 0.454638 0.396125 -0.114089 -0.219794 0.086534 0.090605 0.236877 -0.175334 0.308649 0.065925 -0.381752 -0.296670 -0.362318 -0.351336 -0.317630 -0.163562 0.067892 0.225762 0.129685 -0.004859 0.022715 0.036119 0.385042 -0.050092 -0.161823 0.409048 0.154512 0.172582
-0.359077 -0.416942 0.472111 0.442715 -0.192502 0.730132 -0.654287 -0.252555 0.192932 -0.204997 -0.115402 -0.115398 -0.341846 -0.425908 0.512758 -0.141659 -0.508168 -0.419340 0.018842 -0.120267 0.063985 0.359409 0.810646 0.488034 0.310597 0.691060 0.824088 1.000000 -0.552546 -0.478916 0.264810 0.473573 0.052813 -0.000911 0.393361 0.336470 0.004798 0.257052 0.445912 0.463331 0.520280 0.246175 -0.219362 -0.078328 -0.213995 0.155601 -0.307344 0.084649 -0.312993 -0.293176 0.613983 -0.047941 -0.145677 -0.017135 0.202637 0.096304 -0.420509 -0.103881 -0.372242 -0.545120 -0.528216 -0.601794 -0.579578 -0.482703 0.545204 0.128690 -0.142685 0.533748 0.225071 -0.190253 -0.156048 0.212876 -0.510280 -0.442433 -0.169775 -0.273989 -0.270394 -0.017320 -0.105982 -0.305859 -0.393959 -0.449946 -0.011161 0.048432 0.132649 0.331412 0.358096 0.137103 0.616389 0.496663 -0.172835 -0.078555 0.190711 0.156011 0.341480 -0.066313 0.420657 0.078675 -0.445348 -0.297917 -0.319657 -0.264006 -0.290447 -0.171984 -0.036457 0.141397 0.080223 -0.110212 0.207835 0.084517 0.473736 0.044759 -0.085659 0.466311 0.127431 0.175657
0.392837 0.100476 -0.324818 -0.506711 0.006924 -0.632172 0.428071 -0.152135 -0.334051 -0.256016 0.076634 -0.197000 0.366474 0.029336 -0.121375 0.137883 0.736758 0.642224 0.316111 0.268612 -0.062303 -0.110964 -0.481625 -0.361962 -0.411040 -0.453469 -0.404525 -0.552546 1.000000 0.693281 -0.084974 -0.251236 0.182696 0.014215 -0.448604 -0.629306 0.336828 0.110868 -0.180710 -0.219212 -0.060142 0.048988 0.156187 0.023552 -0.076494 -0.632775 0.240117 0.009001 -0.011535 -0.124167 -0.595941 -0.355101 0.091121 -0.195135 -0.179179 -0.035322 0.458798 0.341078 -0.074193 -0.081048 0.106747 0.071000 0.546794 0.370249 -0.574457 -0.667622 -0.267848 -0.737956 -0.009628 -0.087411 0.272213 0.009863 0.792574 0.410181 0.364698 0.290269 0.585579 0.103193 0.451348 0.553532 0.740113 0.689960 0.385743 0.159008 -0.002497 -0.230817 -0.263450 -0.263274 -0.514740 -0.545798 0.013694 0.088537 -0.329175 -0.099013 -0.105384 0.107733 -0.388528 -0.027864 0.429151 0.466075 -0.052737 0.073049 0.232290 0.225165 -0.028164 0.053877 -0.089788 0.035115 -0.041807 0.192306 -0.400888 -0.015386 0.047353 -0.382177 -0.107319 0.111274
0.106486 0.227012 -0.437335 -0.228781 0.039211 -0.387122 0.453505 0.229926 -0.293240 -0.043682 -0.168492 0.000390 0.172940 0.235077 -0.228183 0.243987 0.596037 0.693794 -0.038058 0.033806 0.000939 -0.206608 -0.431213 -0.355726 -0.209512 -0.307409 -0.410259 -0.478916 0.693281 1.000000 -0.009884 -0.017422 0.223288 0.034545 -0.423199 -0.533273 0.410242 0.260355 -0.149773 -0.161084 -0.065366 0.060753 -0.140162 -0.145420 -0.072027 -0.385692 0.144195 -0.093594 -0.160295 -0.045334 -0.459167 -0.235643 -0.121524 0.054931 -0.115786 0.050166 0.216391 0.228920 -0.218250 -0.123160 -0.041372 0.285012 0.488263 0.528545 -0.454859 -0.202609 -0.424791 -0.617693 -0.445852 -0.480734 0.245783 -0.031477 0.844933 0.476315 0.505759 0.360074 0.615591 0.119514 0.384099 0.379191 0.532754 0.624074 0.010997 0.106310 -0.044933 -0.087231 -0.219793 0.015884 -0.365829 -0.313015 -0.248247 0.037867 0.083205 0.118178 -0.090317 0.224307 -0.521037 -0.033137 0.533152 0.467814 0.018845 0.270375 0.271332 -0.039304 -0.117497 -0.016269 -0.287889 -0.127706 -0.120685 0.018755 -0.504577 0.035681 0.233273 -0.238382 -0.125054 -0.150370
-0.154361 -0.187919 0.298233 0.257589 0.424434 0.146182 0.069917 0.035550 0.254702 0.184845 -0.155449 0.028089 -0.326600 -0.163298 0.078906 -0.078947 -0.063427 -0.102630 0.276033 0.121552 0.291987 0.139648 0.253621 -0.027298 0.251944 0.539820 0.168736 0.264810 -0.084974 -0.009884 1.000000 0.802045 0.223452 0.260790 0.160072 0.095599 -0.137902 0.000348 0.059730 -0.097346 0.045904 0.249223 -0.307381 -0.136317 -0.092108 0.079759 -0.105728 -0.072825 -0.483478 -0.264856 0.033554 -0.085182 -0.429096 0.025194 -0.424037 0.108909 -0.291401 -0.056314 -0.434140 -0.245183 -0.286128 -0.174106 -0.282224 -0.095364 0.490912 0.033983 -0.273648 0.093641 0.059597 -0.337988 -0.126939 0.196353 0.018419 0.002736 0.145791 0.250081 0.166619 -0.044730 -0.126828 0.062978 -0.039625 0.012805 0.286795 0.399030 0.299786 0.330068 0.166727 0.207917 0.186423 0.156950 -0.451966 -0.061922 0.077466 -0.053526 -0.026152 -0.114246 -0.098805 0.057709 -0.070319 0.034802 -0.117752 -0.287412 -0.334578 -0.381655 -0.372441 -0.322337 -0.221363 -0.228577 0.206178 0.052222 -0.078387 -0.405672 0.006742 0.031706 -0.019726 0.098636
-0.434255 -0.248807 0.325729 0.548049 0.238834 0.355122 0.000732 0.242459 0.352614 0.201735 -0.360394 0.188027 -0.345797 -0.133816 0.107498 0.025821 -0.144142 -0.137787 0.066005 -0.063881 0.190783 0.236929 0.486335 0.191784 0.314931 0.739212 0.376507 0.473573 -0.251236 -0.017422 0.802045 1.000000 0.198496 0.282738 0.258233 0.114291 -0.023095 0.104115 0.137497 0.061398 0.260427 0.191962 -0.309755 -0.219316 -0.080777 0.049502 -0.105459 -0.005226 -0.630455 -0.402216 0.070691 -0.175863 -0.396268 -0.005881 -0.244298 0.046841 -0.388311 -0.206257 -0.580762 -0.364137 -0.441931 -0.237043 -0.281129 -0.168294 0.495474 0.210537 -0.385575 0.227441 -0.103072 -0.431360 -0.156489 0.311899 -0.036772 -0.115475 -0.012842 -0.030653 0.042463 0.085731 -0.062517 -0.059397 -0.141733 -0.028368 0.082040 0.420643 0.168834 0.441425 0.149959 0.255112 0.315506 0.331835 -0.437297 -0.183425 0.254319 0.026692 0.048897 -0.135625 -0.099583 0.043593 -0.108696 0.019281 -0.112643 -0.266114 -0.315496 -0.442610 -0.365375 -0.206730 -0.217170 -0.267455 0.179459 0.070776 0.070356 -0.253314 0.090036 0.097130 -0.111344 -0.046258
0.221903 0.176311 -0.051597 -0.124977 -0.207933 -0.113763 0.071539 -0.108043 -0.179591 -0.153087 0.034904 0.145097 -0.015771 -0.049420 -0.066953 -0.030064 0.105645 0.192992 0.234385 0.166502 -0.022239 0.192054 -0.155333 -0.305147 -0.138764 -0.110141 -0.112241 0.052813 0.182696 0.223288 0.223452 0.198496 1.000000 0.384224 -0.117186 -0.122999 0.189510 -0.030536 0.204366 -0.047091 0.060694 0.193275 -0.173851 -0.011479 -0.014122 -0.189949 -0.138933 0.036621 -0.229023 -0.068713 -0.211908 -0.125873 -0.160495 -0.141802 -0.002734 0.118990 0.144775 0.269236 -0.252483 -0.224660 -0.073395 0.037886 0.253686 0.228583 -0.059255 -0.021348 -0.175752 -0.208901 0.008316 -0.318218 -0.152382 -0.139653 0.303939 -0.168842 0.122979 -0.057047 0.249894 -0.155037 0.203203 0.234200 0.135822 0.148781 -0.006757 0.125559 -0.119595 0.138745 -0.087419 -0.097082 -0.073893 -0.003962 -0.435992 -0.032487 -0.076425 -0.120843 0.338054 0.138526 -0.002481 0.228670 0.170555 0.169074 -0.149462 0.111276 -0.047500 -0.141262 -0.021586 0.009107 -0.189743 -0.207243 0.369180 -0.011652 -0.293017 -0.129703 0.003742 -0.057207 0.065556 0.194048
0.018976 0.032399 0.106471 -0.040955 -0.134559 -0.019699 0.002869 -0.028032 0.104692 0.241813 -0.109786 0.169772 0.014734 0.076762 -0.001043 0.083601 0.104576 0.059186 0.204165 0.295089 -0.001727 -0.091816 -0.083618 -0.154132 -0.043750 0.148845 -0.136285 -0.000911 0.014215 0.034545 0.260790 0.282738 0.384224 1.000000 0.196124 0.330660 -0.184155 -0.291677 -0.197117 -0.139484 -0.201380 -0.106683 0.060607 0.033863 0.229486 0.125176 -0.271230 0.012820 -0.035682 0.028458 -0.190500 -0.209520 -0.233989 -0.056235 -0.210290 -0.231759 0.072016 0.016603 -0.173372 -0.074539 0.118884 0.036049 0.032244 0.020383 0.173818 0.095918 -0.160371 0.042138 -0.001945 -0.086594 -0.261232 0.112974 0.097263 -0.109984 -0.057659 -0.154577 -0.048452 -0.110730 0.204962 0.075307 0.224494 0.222126 -0.053753 -0.051999 -0.185201 -0.075861 -0.036701 0.107932 -0.136498 -0.300612 -0.042630 -0.111364 0.088892 -0.226811 0.251858 0.160428 -0.162264 0.435614 -0.060913 0.068331 0.095558 0.071634 -0.030020 -0.305608 -0.094253 -0.463926 -0.179226 -0.002191 0.259263 -0.048945 -0.037983 -0.143400 0.068854 -0.023393 0.088166 0.179254
-0.272628 -0.422838 0.348696 0.135881 -0.034934 0.372045 -0.216871 -0.158447 0.037208 0.240117 -0.037666 -0.168275 -0.313398 -0.297682 0.129526 -0.122669 -0.311349 -0.446299 -0.059693 -0.243107 0.015157 0.030482 0.319327 0.223808 0.073540 0.367184 0.262334 0.393361 -0.448604 -0.423199 0.160072 0.258233 -0.117186 0.196124 1.000000 0.554905 -0.294691 0.065285 0.141522 0.157109 0.230989 0.116315 0.186442 0.075827 0.164612 0.414120 -0.115446 0.055879 -0.142293 -0.237275 0.206583 -0.229573 -0.259869 -0.120365 -0.047773 -0.223911 -0.349958 -0.326474 -0.163276 -0.296080 -0.193095 -0.411383 -0.425131 -0.505730 0.505503 0.206299 0.096593 0.483738 -0.052283 -0.000201 -0.028356 0.260480 -0.418979 -0.063363 -0.176165 0.029850 -0.165177 0.247195 -0.124279 -0.150553 -0.289910 -0.215918 -0.078790 -0.070566 0.043019 0.077911 0.213342 0.037500 0.404952 0.191851 0.017329 -0.131132 0.109574 -0.012223 0.181881 0.005173 0.206874 0.139633 -0.297741 -0.175796 0.065717 -0.314220 -0.266590 0.025893 0.183973 0.087464 0.274289 0.071394 0.368116 0.096653 0.516721 0.125870 0.124547 0.132530 0.175796 0.099831
-0.238009 -0.159036 0.237137 0.175222 -0.083427 0.385564 -0.362625 -0.022050 0.161652 0.445659 -0.137361 -0.079506 -0.272239 -0.046028 0.104593 -0.134454 -0.401619 -0.438338 -0.245678 -0.028563 -0.049903 -0.016434 0.189868 0.113560 0.273180 0.279441 0.142806 0.336470 -0.629306 -0.533273 0.095599 0.114291 -0.122999 0.330660 0.554905 1.000000 -0.275227 -0.127965 -0.000004 0.198825 0.015894 -0.037902 0.053185 0.151931 0.118014 0.549725 -0.171425 0.104390 0.104052 0.151771 0.239433 0.199209 -0.149969 0.137460 -0.035297 -0.058413 -0.258683 -0.169904 0.119204 0.086861 -0.062420 -0.108876 -0.529115 -0.368884 0.389665 0.401197 0.263546 0.563861 -0.017767 0.147213 -0.255428 0.027258 -0.509022 -0.180955 -0.302737 -0.189262 -0.369454 0.047437 -0.083697 -0.273456 -0.328976 -0.311556 -0.365508 -0.298030 -0.129457 -0.004115 -0.087072 0.208397 0.311250 0.285041 -0.073916 -0.068830 0.169102 0.037703 0.065441 -0.033939 0.234556 0.106837 -0.249976 -0.144972 -0.000473 -0.074149 -0.070758 -0.082286 0.047446 -0.130158 -0.002271 -0.033077 0.291961 -0.125140 0.443129 0.070241 0.152150 0.192419 0.028622 -0.060612
