1.000000 0.503146 -0.085384 -0.056536 -0.239527 -0.213241 -0.057557 0.082142 -0.541557 -0.202635 0.039884 0.071931 0.008768 0.039619 -0.644518 -0.284809 0.371831 0.340725 0.290394 0.452382 -0.201560 -0.228744 -0.516295 -0.099065 -0.528550 -0.217542 -0.173310 -0.225193 0.257266 0.327347 -0.358634 -0.424311 0.288907 0.227978 0.018328 0.004761 0.101907 -0.005114 -0.331042 -0.220587 0.121242 -0.055011 -0.352145 -0.230998 -0.264042 -0.222576 -0.301727 -0.132625 -0.134921 -0.167946 -0.346616 -0.152660 0.022138 -0.202111 -0.089513 -0.165372 0.781447 0.313568 0.226927 0.116626 0.136403 0.084997 0.317732 0.493562 -0.510914 -0.232809 -0.150354 -0.249064 0.285928 0.023246 -0.164975 -0.449436 0.239048 0.026724 0.154382 0.204670 0.441093 0.184985 0.287049 0.172861 0.373216 0.308148 -0.101508 0.202898 -0.293416 0.091726 -0.364411 -0.267548 0.006231 0.175640 0.074230 -0.392579 0.099831 -0.092307 -0.204212 -0.137950 0.058574 0.081097 0.171391 0.230968 0.219227 0.401212 0.234896 0.429030 0.171262 -0.259145 0.095554 0.281784 -0.038550 0.021238 -0.215891 -0.128113 -0.173868 -0.049311 -0.112832 -0.036250
0.503146 1.000000 -0.268549 -0.038198 -0.349299 -0.326983 -0.290235 -0.009106 -0.406017 -0.387690 -0.150470 0.181455 -0.124391 0.143474 -0.368347 -0.270258 -0.026322 0.254986 0.468705 0.433194 -0.281576 -0.296177 -0.575364 -0.369432 -0.593739 -0.018080 -0.295074 -0.110232 0.148199 0.194882 -0.313098 -0.323161 0.324544 0.304162 -0.000890 0.036789 0.129345 0.199911 -0.113933 -0.033574 0.139257 0.096338 -0.230489 -0.217381 -0.339187 -0.333572 -0.107460 -0.141015 -0.205626 -0.296469 -0.200928 -0.042450 0.083324 -0.045916 0.099200 -0.228622 0.487345 0.735740 0.033064 -0.004819 -0.172685 0.189818 0.076500 0.439529 -0.376002 0.051157 -0.177278 -0.285130 0.549382 0.256884 -0.175619 -0.459215 0.167652 -0.147767 0.207076 0.101974 0.288541 0.159049 0.062494 0.171104 0.190657 0.258525 0.081389 0.270168 0.007365 0.249928 -0.324401 -0.085706 0.234675 0.357761 0.034984 -0.249658 0.075426 -0.091606 0.021331 -0.076111 0.106487 0.014996 0.148666 0.032349 0.134278 0.082562 0.149903 0.124765 0.132190 -0.170781 0.064763 0.188839 -0.104343 -0.021590 -0.038876 0.061262 0.002495 -0.036516 -0.236994 -0.039572
-0.085384 -0.268549 1.000000 0.452170 0.385676 0.126726 0.801938 0.607303 0.055793 0.067949 0.372501 0.188795 0.372248 0.287647 0.155179 0.212456 -0.200420 -0.136913 0.087638 -0.056182 0.160973 -0.013702 0.550726 0.302917 -0.068631 -0.081106 0.276325 0.224580 -0.331652 -0.300675 0.027611 0.024734 -0.478610 -0.198926 -0.081500 0.110912 0.257935 -0.127227 0.143056 0.283983 -0.155991 -0.022547 -0.299621 -0.165834 -0.344610 -0.252653 -0.257118 -0.410012 -0.300299 -0.181104 -0.303868 -0.147873 0.229559 -0.160482 0.296249 -0.062539 -0.213509 -0.294190 -0.037188 -0.009270 0.039014 0.084899 -0.488436 -0.392538 0.095456 0.156912 -0.204509 0.017824 -0.269092 -0.301306 0.243047 0.212666 -0.191293 0.062855 -0.118647 0.176768 -0.064481 0.053903 -0.345585 -0.147960 -0.337010 -0.024866 0.089175 -0.331756 -0.076475 -0.022836 0.012535 0.063285 0.327962 0.180642 -0.176924 -0.003460 -0.010465 0.040001 -0.073571 0.223656 0.076920 -0.283970 -0.248332 -0.011556 -0.058870 -0.031407 -0.127332 -0.135779 -0.098455 -0.208075 -0.089877 -0.095451 0.071705 -0.263448 -0.408153 -0.173783 -0.119056 -0.170711 -0.100349 -0.174847
-0.056536 -0.038198 0.452170 1.000000 0.170803 0.380136 0.294579 0.594492 0.321694 0.283391 -0.133170 -0.246833 -0.117286 -0.056025 0.216934 0.373585 -0.314747 -0.199246 0.332261 0.192091 0.504798 0.202662 0.524846 0.543681 0.168998 -0.422248 0.559448 -0.072229 -0.330829 -0.012125 0.427795 0.348773 -0.277478 -0.183139 -0.074079 0.000307 0.037146 -0.240867 0.010491 0.232206 -0.323712 -0.062031 -0.111187 -0.157299 -0.218065 -0.040131 -0.089450 -0.366750 -0.313492 0.071129 -0.230051 -0.256226 0.276489 0.153017 0.149406 -0.005970 -0.146162 -0.115786 -0.073986 0.152251 0.032304 0.166632 -0.156130 -0.352830 -0.013937 -0.121851 0.059042 0.100393 0.026949 -0.146730 -0.263002 0.194075 -0.365684 0.219012 -0.299090 -0.166468 -0.077718 -0.244667 -0.264812 -0.309137 -0.224851 -0.321027 0.093691 -0.161315 -0.097525 -0.261872 -0.096858 0.297498 0.107379 -0.005578 -0.099766 -0.055412 -0.064699 -0.138312 0.020735 0.357550 0.047658 -0.145951 0.052120 0.218749 -0.256281 -0.063843 -0.176199 -0.200862 -0.086168 0.155948 -0.317513 -0.295233 0.294410 -0.218712 -0.425777 0.040070 0.109941 0.208274 0.229692 -0.027155
-0.239527 -0.349299 0.385676 0.170803 1.000000 0.336867 0.289616 0.318601 0.158624 0.218412 0.104689 0.021384 0.349891 0.134925 0.246670 0.295048 -0.326505 -0.327891 -0.144941 -0.092211 0.404196 0.176728 0.437664 0.343679 0.378741 0.069145 0.536468 0.409118 -0.328953 -0.194263 0.230879 0.242522 -0.467512 -0.229109 -0.257771 -0.332462 -0.024243 -0.368024 -0.107247 -0.063766 -0.181175 -0.111695 -0.063201 -0.097750 -0.062371 -0.048919 0.039235 -0.158810 0.012905 0.127978 -0.023019 -0.125638 0.301980 0.081810 0.108157 -0.067750 -0.088171 -0.197773 0.297781 0.187727 0.144200 -0.002234 -0.225326 -0.319229 0.101487 0.057573 0.058283 0.105021 -0.301868 -0.269562 0.232249 0.149900 -0.247615 -0.149730 -0.337378 0.053821 -0.284018 -0.311830 -0.314336 -0.377743 -0.303483 -0.278042 -0.045820 -0.215639 -0.126202 -0.271874 0.175342 -0.042921 0.010710 -0.106981 0.004953 -0.005897 0.044810 0.063730 0.067212 -0.105617 0.046473 -0.248683 0.046059 0.020670 -0.058004 -0.083428 -0.029298 -0.086630 0.117212 -0.113281 -0.021693 -0.000149 -0.050531 -0.089637 -0.258347 0.004972 0.083152 -0.153202 0.001832 -0.155708
-0.213241 -0.326983 0.126726 0.380136 0.336867 1.000000 0.141666 0.376424 0.437893 0.782765 -0.151075 -0.428050 -0.015126 -0.191943 0.246250 0.467479 -0.238791 -0.415664 -0.388820 -0.072952 0.802294 0.537716 0.479272 0.523143 0.550829 -0.383474 0.686722 0.506262 -0.478345 -0.183451 0.624799 0.572745 -0.193056 -0.127969 -0.354773 -0.089222 -0.522514 -0.603939 -0.184759 -0.141281 -0.528217 -0.122092 0.044193 0.034460 0.303411 0.358895 0.025112 -0.094579 0.195236 0.545893 0.205563 -0.219247 0.387211 0.440465 -0.161094 -0.104995 -0.186265 -0.128709 0.421912 0.526829 0.303464 0.299884 0.058666 -0.149533 0.070678 0.110154 0.552510 0.522947 -0.326250 0.105812 -0.182082 0.493279 -0.616318 0.272415 -0.505719 -0.358366 -0.460498 -0.542458 -0.258473 -0.553706 -0.302525 -0.544220 -0.270903 -0.439709 -0.304329 -0.585545 -0.013844 0.251341 -0.322516 -0.640079 -0.129456 -0.074402 -0.144229 -0.107814 -0.240262 -0.171985 -0.269394 -0.304363 0.049547 -0.012241 -0.143660 0.060409 0.045336 -0.082797 0.035606 -0.070116 -0.273111 -0.477160 -0.162230 -0.365240 -0.249583 -0.135980 -0.046918 -0.030598 -0.019568 -0.200528
-0.057557 -0.290235 0.801938 0.294579 0.289616 0.141666 1.000000 0.579622 0.124457 0.109138 0.442321 0.312351 0.518681 0.307536 0.180425 0.173375 -0.071329 -0.088079 -0.178680 -0.135443 0.108683 -0.081233 0.473313 0.320146 -0.151889 -0.113171 0.160050 0.183841 -0.249523 -0.159302 -0.073235 -0.021476 -0.354418 -0.105901 -0.061167 0.037107 0.104594 -0.275592 0.180353 0.004647 -0.155359 -0.158336 -0.366849 -0.246242 -0.263724 -0.238713 -0.215913 -0.472892 -0.159402 -0.143187 -0.267381 -0.163206 0.274613 -0.145058 0.310603 -0.211470 -0.101990 -0.276516 0.053922 0.005584 0.195204 0.044160 -0.366746 -0.373157 0.103795 0.068425 -0.198028 0.039677 -0.347755 -0.245298 0.191121 0.152961 -0.104491 0.093943 -0.085577 0.074572 -0.087387 0.016092 -0.361452 -0.188153 -0.364147 -0.139674 0.019065 -0.261268 -0.050257 -0.075824 -0.148619 -0.150512 0.268841 0.093369 -0.038068 -0.058773 0.120852 0.111509 -0.199528 0.039528 -0.009064 -0.375507 -0.135629 -0.116353 0.226889 0.137227 0.209952 0.045040 0.035935 -0.273615 -0.170793 -0.180089 0.038297 -0.269876 -0.391594 -0.148483 -0.114348 -0.033954 -0.155745 -0.162905
0.082142 -0.009106 0.607303 0.594492 0.318601 0.376424 0.579622 1.000000 0.090376 0.288920 0.214571 0.201134 0.402618 0.535223 0.069592 0.455871 -0.277176 -0.161879 -0.063623 -0.005205 0.452849 0.150238 0.404706 0.505812 -0.150191 -0.440037 0.385617 0.227072 -0.495921 -0.025195 0.162782 0.189118 -0.387730 -0.025571 -0.219808 0.049581 0.004385 -0.362297 -0.212604 0.086129 -0.363697 -0.030227 -0.479783 -0.328851 -0.307850 -0.212933 -0.304972 -0.504828 -0.262149 -0.095851 -0.198151 -0.309897 0.374248 -0.051232 0.103111 -0.174057 0.035274 -0.085642 0.280131 0.330670 0.330825 0.442657 -0.212615 -0.299830 -0.060499 0.211924 -0.037714 0.163804 -0.228261 -0.201430 -0.138740 0.126098 -0.426227 0.191490 -0.379562 -0.086255 -0.143884 -0.172500 -0.329946 -0.380672 -0.381277 -0.345897 -0.146762 -0.317198 -0.238005 -0.303568 -0.407926 0.080279 0.099148 -0.056413 0.007967 -0.184821 0.166497 -0.027285 -0.260990 0.096299 -0.041778 -0.225767 -0.066201 0.096604 0.134438 0.152631 0.168027 0.055113 0.120384 -0.290992 -0.184351 -0.227392 -0.020282 -0.232128 -0.426458 -0.138184 -0.058820 0.008198 -0.111811 -0.336855
-0.541557 -0.406017 0.055793 0.321694 0.158624 0.437893 0.124457 0.090376 1.000000 0.512833 0.000390 -0.348831 -0.033768 -0.156776 0.648176 0.316548 -0.258593 -0.425597 -0.174021 -0.126870 0.422462 0.167778 0.547345 0.317524 0.574246 -0.005756 0.431204 0.132526 -0.160085 -0.253943 0.569888 0.612947 -0.098745 -0.071621 -0.013887 0.043414 -0.170558 -0.175180 0.221237 0.144569 -0.130120 0.021208 0.077034 0.075974 0.101646 0.152934 0.122372 0.073283 -0.069249 0.168883 0.099209 -0.034880 0.079679 0.298996 -0.071018 0.041610 -0.540367 -0.328059 -0.140910 0.081738 0.092129 0.175160 -0.045194 -0.334160 0.373351 0.125496 0.195546 0.332924 -0.317519 0.064485 -0.083202 0.376210 -0.223872 0.122072 -0.110805 -0.241664 -0.345442 -0.306003 -0.307989 -0.562259 -0.273167 -0.540418 0.041479 -0.166181 0.025384 -0.234826 0.305119 0.233506 -0.249583 -0.307666 0.047471 -0.000817 0.046681 -0.058659 0.023142 0.056147 -0.117138 -0.181551 0.004209 -0.255068 -0.016547 -0.050704 -0.017558 -0.279277 -0.212887 0.252654 -0.505193 -0.609673 -0.068246 -0.132450 0.056124 -0.053602 0.108798 0.197349 0.094377 0.120786
-0.202635 -0.387690 0.067949 0.283391 0.218412 0.782765 0.109138 0.288920 0.512833 1.000000 -0.130745 -0.481398 -0.018741 -0.137539 0.265159 0.451997 -0.105133 -0.375042 -0.439793 -0.059364 0.624410 0.346864 0.478827 0.471312 0.664146 -0.321606 0.601553 0.335424 -0.312773 -0.092391 0.677536 0.628356 -0.107645 -0.045443 -0.306543 -0.069540 -0.550655 -0.560394 -0.209172 -0.139002 -0.495839 -0.164496 -0.068506 -0.028249 0.214801 0.325925 -0.143429 -0.035057 0.143830 0.475554 0.051903 -0.212217 0.246962 0.457828 -0.314577 -0.157756 -0.313281 -0.226625 0.280472 0.494585 0.257199 0.303887 0.083170 -0.067756 0.108820 0.084178 0.508474 0.582345 -0.435588 0.145369 -0.225452 0.453270 -0.472764 0.343894 -0.359344 -0.279116 -0.427449 -0.437778 -0.245668 -0.516545 -0.185875 -0.447813 -0.319699 -0.216421 -0.388823 -0.491504 0.056762 0.292794 -0.483270 -0.532779 -0.033036 -0.130642 -0.137467 -0.079837 -0.322127 -0.239125 -0.381757 -0.366962 0.006247 -0.092907 0.018310 0.182174 0.249707 0.056356 0.128758 0.019670 -0.275278 -0.470311 -0.146594 -0.410188 -0.125258 -0.229982 -0.142493 0.100559 -0.069098 -0.101923
0.039884 -0.150470 0.372501 -0.133170 0.104689 -0.151075 0.442321 0.214571 0.000390 -0.130745 1.000000 0.553212 0.674425 0.618194 0.240559 -0.000322 0.237062 0.152529 -0.009908 -0.255716 -0.274597 -0.175662 0.068802 -0.178527 -0.247891 0.128551 -0.201105 0.131324 0.287609 -0.001154 -0.269410 -0.189924 -0.010038 0.112059 0.020535 0.124340 0.229317 0.015366 0.058171 0.124061 0.186459 0.199120 -0.306200 -0.239996 -0.207411 -0.373519 -0.137848 -0.166808 -0.155876 -0.322906 -0.090672 -0.109991 -0.098832 -0.417554 0.150259 0.046600 -0.082691 -0.303822 -0.028107 -0.269317 0.349954 0.079349 -0.050767 -0.263094 0.197788 0.165686 -0.424834 -0.217132 -0.171988 -0.226601 0.320303 -0.082862 0.290212 0.007385 0.286476 0.122390 0.104449 0.250341 -0.129107 0.040974 -0.126704 0.022412 0.183780 0.000626 0.187185 0.166903 -0.020144 -0.212850 0.192060 0.189596 -0.042353 -0.073245 0.240856 0.247631 -0.153012 0.042909 0.081507 -0.010459 -0.232962 -0.261850 0.163408 0.017067 0.003898 -0.075966 -0.269116 -0.376588 -0.090444 -0.025631 -0.097008 0.018463 -0.019555 -0.204228 0.056306 -0.367791 -0.257718 -0.192217
0.071931 0.181455 0.188795 -0.246833 0.021384 -0.428050 0.312351 0.201134 -0.348831 -0.481398 0.553212 1.000000 0.488360 0.728537 -0.024599 -0.063988 -0.013988 0.379687 0.070070 -0.191218 -0.409101 -0.287042 -0.147670 -0.287877 -0.554911 0.210946 -0.359966 0.031729 0.162940 0.151833 -0.458524 -0.346736 -0.077528 0.139216 -0.027609 0.124218 0.446966 0.220473 0.155350 0.157477 0.249385 0.231962 -0.330935 -0.272897 -0.245448 -0.340866 -0.079575 -0.240773 -0.177524 -0.469967 -0.146288 -0.083167 0.025055 -0.413820 0.395857 0.038526 0.124923 -0.051536 -0.117269 -0.380560 0.026273 -0.122128 -0.344555 -0.183984 0.030044 0.013819 -0.627270 -0.398895 -0.114672 -0.303992 0.185755 -0.256940 0.292156 -0.076522 0.297554 0.278066 0.186696 0.365034 -0.124456 0.283745 -0.144717 0.207558 0.222499 0.208264 0.282665 0.363451 -0.126638 -0.147727 0.435099 0.412705 0.104389 -0.039064 0.366094 0.202823 0.018867 0.091159 0.223610 0.080991 -0.035490 -0.204530 0.371635 -0.016573 0.160168 -0.059466 -0.144009 -0.467812 0.172164 0.212205 0.055390 0.136576 -0.055755 0.008113 0.036021 -0.163436 -0.202300 -0.232152
0.008768 -0.124391 0.372248 -0.117286 0.349891 -0.015126 0.518681 0.402618 -0.033768 -0.018741 0.674425 0.488360 1.000000 0.640561 0.126110 0.255723 0.055347 -0.007124 -0.172253 -0.089680 -0.053335 -0.124098 0.005560 0.020912 -0.183690 0.149913 -0.061104 0.147986 -0.070375 0.019094 -0.204712 -0.047894 -0.162148 0.193371 -0.226223 -0.034919 0.015085 -0.311880 -0.059811 -0.134961 -0.066826 -0.060395 -0.312145 -0.113494 -0.122882 -0.211978 -0.090154 -0.209096 0.031716 -0.152019 0.019657 0.104220 0.185869 -0.139424 0.154444 -0.052788 -0.068270 -0.206418 0.245230 0.102798 0.354410 0.125903 -0.117252 -0.139805 -0.089953 0.183054 -0.177683 -0.079146 -0.229226 -0.044930 0.202685 -0.119394 0.092040 -0.045581 0.008926 0.018354 -0.112126 -0.010314 -0.293587 -0.146115 -0.315230 -0.095400 -0.137607 -0.104182 -0.119374 -0.021635 -0.156644 -0.347949 0.045157 0.129425 0.029598 -0.276250 0.178927 -0.069491 -0.315302 -0.075120 0.027346 -0.232378 -0.183989 -0.293104 0.259090 0.103027 0.186022 0.087244 0.092145 -0.379644 -0.000282 0.050098 -0.106930 -0.114773 -0.204087 -0.193207 0.005625 -0.266923 -0.382429 -0.254796
0.039619 0.143474 0.287647 -0.056025 0.134925 -0.191943 0.307536 0.535223 -0.156776 -0.137539 0.618194 0.728537 0.640561 1.000000 0.067491 0.212997 -0.079002 0.192541 0.037701 -0.162714 -0.151394 -0.118160 -0.026225 -0.055384 -0.454256 0.030266 -0.135436 0.106512 0.011154 0.051074 -0.230141 -0.133115 -0.204107 0.112523 -0.148971 0.025258 0.267590 0.037867 -0.009245 0.231667 0.029629 0.190689 -0.443224 -0.350884 -0.328841 -0.417112 -0.199422 -0.340600 -0.159154 -0.383236 -0.072056 -0.082059 0.183613 -0.356092 0.271544 -0.022584 0.040942 -0.087881 0.122357 -0.096996 0.215366 0.273042 -0.283391 -0.224882 -0.028670 0.204642 -0.431753 -0.268585 -0.190338 -0.193736 0.090063 -0.157453 0.071012 0.021929 0.055973 0.133534 -0.001585 0.182481 -0.179846 0.046824 -0.213284 0.018967 0.067479 -0.043662 0.103386 0.028656 -0.160249 -0.108231 0.304757 0.224270 0.097073 -0.134008 0.387898 0.074073 -0.168012 -0.003546 0.177526 -0.069328 -0.075695 -0.202831 0.349521 -0.010431 0.180058 -0.037400 -0.023961 -0.404010 0.036826 0.064491 -0.107189 -0.071466 -0.154578 -0.102253 0.075725 -0.198512 -0.235311 -0.337988
-0.644518 -0.368347 0.155179 0.216934 0.246670 0.246250 0.180425 0.069592 0.648176 0.265159 0.240559 -0.024599 0.126110 0.067491 1.000000 0.294824 -0.155144 -0.293076 -0.107663 -0.245162 0.186874 0.111161 0.513580 0.135413 0.338553 0.107119 0.282729 0.344639 0.049403 -0.329413 0.351320 0.416291 -0.198768 -0.067940 0.010408 0.008085 0.084561 -0.063256 0.422606 0.326430 0.013568 0.178190 0.126547 -0.023740 -0.019233 -0.058285 0.160488 -0.163172 -0.166108 -0.018307 0.073063 -0.225860 0.035999 -0.039595 0.253066 0.015707 -0.488834 -0.274250 -0.284603 -0.244485 0.054265 0.044518 -0.272310 -0.533478 0.555992 0.165790 -0.142240 0.101710 -0.239113 -0.094238 0.163404 0.407269 -0.006198 -0.026019 0.001837 -0.069604 -0.308222 -0.170773 -0.222577 -0.356551 -0.229595 -0.385649 0.468536 -0.110713 0.467217 -0.165623 0.400413 0.212968 0.213644 -0.083741 -0.218965 0.071817 0.019102 0.141892 0.248134 0.126607 0.079395 -0.068173 -0.052895 -0.277449 -0.084142 -0.254039 -0.207432 -0.377316 -0.317419 0.166318 -0.394439 -0.427368 -0.084895 -0.130156 0.095191 0.050277 0.206357 0.016852 0.101827 -0.037981
-0.284809 -0.270258 0.212456 0.373585 0.295048 0.467479 0.173375 0.455871 0.316548 0.451997 -0.000322 -0.063988 0.255723 0.212997 0.294824 1.000000 -0.239508 -0.184419 -0.161504 -0.133691 0.614602 0.487232 0.359140 0.373700 0.327290 -0.040277 0.627942 0.301609 -0.280846 0.055079 0.500266 0.506521 -0.114786 0.050135 -0.212362 -0.046073 -0.205290 -0.365556 -0.206657 0.003431 -0.408011 -0.058455 -0.138685 -0.154538 0.024047 0.153985 -0.184855 -0.401021 -0.013342 0.158802 0.137416 -0.082418 0.101433 0.072266 -0.195558 -0.272639 -0.291074 -0.198473 0.140874 0.261972 0.277466 0.160486 -0.102743 -0.282909 0.144188 0.076723 0.254896 0.338640 -0.186128 -0.028631 -0.173438 0.424259 -0.342484 0.399510 -0.246174 -0.026429 -0.310046 -0.311472 -0.429539 -0.269297 -0.325744 -0.230350 -0.220370 -0.135868 -0.166047 -0.221970 -0.061155 0.253936 -0.245190 -0.340310 0.002902 -0.253405 -0.098435 -0.254760 -0.303181 -0.081683 -0.214812 -0.395403 -0.124799 -0.239109 -0.108575 0.017264 0.100607 0.003854 0.155833 -0.079262 -0.215945 -0.300721 0.040620 -0.225412 -0.284145 -0.128097 -0.177871 0.155142 -0.099599 -0.187127
0.371831 -0.026322 -0.200420 -0.314747 -0.326505 -0.238791 -0.071329 -0.277176 -0.258593 -0.105133 0.237062 -0.013988 0.055347 -0.079002 -0.155144 -0.239508 1.000000 0.512807 -0.069849 -0.059904 -0.382886 -0.118998 -0.340402 -0.304217 -0.173662 0.192393 -0.384243 -0.118825 0.663999 0.459927 -0.306779 -0.261903 0.400807 0.224538 0.199607 0.080993 0.083056 0.242632 -0.089761 -0.199116 0.314057 0.079752 -0.198155 -0.212845 0.030842 -0.121138 -0.283912 0.079843 -0.089201 -0.182939 -0.189031 -0.198608 -0.453559 -0.347184 -0.265522 -0.094128 0.386728 -0.005154 -0.222472 -0.277817 0.179156 -0.306812 0.575819 0.352365 0.012995 -0.232566 -0.229081 -0.193107 0.049055 0.018843 0.119878 -0.306729 0.578790 0.270729 0.480646 0.153422 0.322932 0.285757 0.600770 0.484888 0.666540 0.504495 -0.012462 0.256639 0.017377 0.207643 -0.066054 -0.183861 -0.066152 0.007225 -0.058402 -0.160688 -0.153935 0.043880 -0.255184 -0.171209 -0.070618 0.079179 -0.065283 0.030036 -0.009905 0.306648 -0.038776 0.482470 0.058667 0.040405 0.049686 0.195070 -0.026925 0.113491 0.113253 -0.252875 -0.171570 -0.069517 -0.223090 0.030104
0.340725 0.254986 -0.136913 -0.199246 -0.327891 -0.415664 -0.088079 -0.161879 -0.425597 -0.375042 0.152529 0.379687 -0.007124 0.192541 -0.293076 -0.184419 0.512807 1.000000 0.191961 -0.056314 -0.437297 -0.118935 -0.348676 -0.440441 -0.355726 0.191632 -0.348950 -0.182287 0.586583 0.669136 -0.339294 -0.299120 0.300336 0.174003 -0.000785 -0.000476 0.264935 0.395886 -0.028599 0.124429 0.280487 0.242753 -0.380500 -0.372778 -0.164390 -0.212362 -0.387727 -0.190286 -0.245691 -0.262085 -0.416893 -0.208245 -0.416354 -0.445381 0.029688 -0.045627 0.359159 0.140341 -0.299813 -0.356763 -0.106747 -0.381786 0.073608 0.363473 -0.127321 -0.241013 -0.463705 -0.417884 0.074215 -0.231060 0.056781 -0.176231 0.541068 0.366996 0.473058 0.302583 0.396516 0.512537 0.432627 0.721272 0.469666 0.707352 0.168071 0.370489 0.030348 0.446968 -0.078891 -0.081043 0.151117 0.296452 -0.114366 -0.236130 0.037671 0.024362 -0.055766 0.043467 0.044813 0.034347 -0.069262 0.000540 0.126341 0.053741 0.033694 0.219919 -0.004363 -0.082024 0.204441 0.298260 0.129076 0.160727 -0.082040 -0.143298 -0.209465 -0.049550 -0.252085 0.046883
0.290394 0.468705 0.087638 0.332261 -0.144941 -0.388820 -0.178680 -0.063623 -0.174021 -0.439793 -0.009908 0.070070 -0.172253 0.037701 -0.107663 -0.161504 -0.069849 0.191961 1.000000 0.449933 -0.232969 -0.234879 -0.211005 -0.272645 -0.311370 0.093099 -0.088100 -0.209745 0.238188 0.120877 -0.171533 -0.233034 0.125737 0.112502 0.121015 0.146552 0.406263 0.357886 0.064278 0.267206 0.208903 0.250051 -0.005408 -0.033422 -0.301288 -0.237607 0.033925 -0.066634 -0.337673 -0.280500 -0.219716 0.022854 0.007555 -0.115319 0.288451 0.091101 0.113379 0.094046 -0.353217 -0.301259 -0.296912 -0.097671 -0.109045 0.026533 -0.202088 -0.203074 -0.403249 -0.485919 0.452517 -0.034455 -0.016349 -0.341733 0.278169 -0.023912 0.293617 0.294889 0.378547 0.271791 0.119139 0.188790 0.147183 0.271120 0.379442 0.283494 0.169075 0.304103 0.048981 -0.066409 0.355925 0.492411 -0.085757 -0.178208 0.025033 -0.212703 0.255669 0.328413 0.268223 0.152466 0.004217 -0.019289 -0.106910 -0.181843 -0.313313 -0.206582 -0.242759 0.081076 -0.048133 0.274470 0.092608 0.003456 -0.060999 -0.008482 -0.004430 -0.150421 -0.022801 0.181745
0.452382 0.433194 -0.056182 0.192091 -0.092211 -0.072952 -0.135443 -0.005205 -0.126870 -0.059364 -0.255716 -0.191218 -0.089680 -0.162714 -0.245162 -0.133691 -0.059904 -0.056314 0.449933 1.000000 -0.052139 -0.262309 -0.226568 0.236740 -0.151511 -0.047429 0.052039 -0.260329 0.022701 -0.017591 -0.049787 -0.033658 0.066589 0.290323 -0.314485 0.029574 0.047003 0.059264 -0.057576 0.048108 -0.094871 -0.103840 -0.064902 0.056520 -0.292292 -0.043198 -0.046249 0.052717 -0.175430 -0.024184 -0.395711 0.063376 0.289773 0.324476 0.091604 -0.198515 0.191962 0.176353 0.144064 0.290431 -0.216935 0.133376 0.004783 0.335237 -0.567648 -0.142513 0.007399 -0.001938 0.342248 0.533021 -0.264282 -0.307216 -0.011286 -0.254616 -0.194439 -0.036807 -0.028639 -0.122756 -0.044985 -0.182651 0.106661 0.023273 0.062936 0.145302 -0.291258 -0.171734 -0.301310 -0.122646 0.091914 0.145612 -0.012483 -0.283577 -0.055113 -0.302798 0.168937 -0.076058 0.139691 0.053314 0.094231 0.040656 0.003071 0.065043 0.044064 0.054918 0.064646 0.042381 0.030164 0.153601 -0.213177 -0.200352 -0.066449 -0.097326 -0.048415 -0.015196 -0.093391 0.123549
-0.201560 -0.281576 0.160973 0.504798 0.404196 0.802294 0.108683 0.452849 0.422462 0.624410 -0.274597 -0.409101 -0.053335 -0.151394 0.186874 0.614602 -0.382886 -0.437297 -0.232969 -0.052139 1.000000 0.696648 0.527683 0.577263 0.538148 -0.399204 0.772176 0.346384 -0.563224 -0.187599 0.714492 0.639528 -0.177679 -0.072610 -0.299641 -0.063067 -0.459759 -0.604241 -0.259633 -0.130801 -0.588476 -0.202857 -0.016220 -0.016295 0.213404 0.354076 -0.087568 -0.267349 0.097063 0.460126 0.217297 -0.199045 0.274524 0.362366 -0.254002 -0.223675 -0.179514 -0.139787 0.385653 0.561699 0.299665 0.333005 0.002914 -0.181074 0.109645 0.123409 0.599201 0.577582 -0.256650 -0.028544 -0.318058 0.557074 -0.719987 0.296091 -0.596241 -0.301268 -0.421241 -0.588851 -0.327012 -0.585921 -0.362943 -0.553147 -0.344437 -0.415113 -0.239859 -0.476897 0.062416 0.289266 -0.358353 -0.597586 -0.100742 -0.123886 -0.248559 -0.186724 -0.181089 -0.108745 -0.258871 -0.302278 -0.001203 0.049639 -0.241800 0.106550 0.040973 0.016669 0.172921 0.034510 -0.298488 -0.488213 0.044801 -0.263421 -0.315491 -0.085249 -0.126500 0.188691 0.094797 -0.079312
-0.228744 -0.296177 -0.013702 0.202662 0.176728 0.537716 -0.081233 0.150238 0.167778 0.346864 -0.175662 -0.287042 -0.124098 -0.118160 0.111161 0.487232 -0.118998 -0.118935 -0.234879 -0.262309 0.696648 1.000000 0.275093 0.303239 0.384107 -0.203824 0.421214 0.303081 -0.256164 -0.028099 0.384868 0.369824 -0.133386 -0.216213 -0.225790 -0.112128 -0.364771 -0.436985 -0.289614 -0.192475 -0.393368 -0.082155 0.174433 0.045043 0.363934 0.385535 -0.008166 -0.154901 0.250928 0.433624 0.322528 -0.096206 0.063837 0.149028 -0.273452 -0.111910 -0.118053 -0.122519 0.223498 0.264682 0.171032 0.033585 0.083398 -0.141470 0.114504 -0.057703 0.412132 0.270793 -0.098634 -0.038686 -0.131677 0.484993 -0.494727 0.321133 -0.408840 -0.212193 -0.326604 -0.372473 -0.009855 -0.148968 -0.096568 -0.205481 -0.199369 -0.288666 -0.040559 -0.313574 0.085923 0.250378 -0.248180 -0.584294 -0.198371 0.121621 -0.357898 -0.011908 -0.052811 0.019603 -0.084189 -0.057937 -0.003910 0.159313 -0.399420 0.022063 -0.058816 0.120228 0.265811 0.162169 -0.000355 -0.171224 0.122799 0.097932 -0.039729 0.125879 -0.082292 0.118964 0.121836 0.107280
-0.516295 -0.575364 0.550726 0.524846 0.437664 0.479272 0.473313 0.404706 0.547345 0.478827 0.068802 -0.147670 0.005560 -0.026225 0.513580 0.359140 -0.340402 -0.348676 -0.211005 -0.226568 0.527683 0.275093 1.000000 0.595684 0.518435 -0.129140 0.521247 0.264926 -0.343521 -0.347941 0.652900 0.638414 -0.440888 -0.225113 -0.157822 0.024954 -0.143633 -0.190614 0.119507 0.257342 -0.371600 -0.168100 -0.063776 -0.089155 -0.031168 0.144317 -0.184595 -0.191767 -0.264685 0.108959 -0.132549 -0.352791 0.125759 0.150698 0.024461 -0.106503 -0.529324 -0.401066 -0.161547 0.030833 0.043604 0.090265 -0.281205 -0.510435 0.554338 0.072992 0.113498 0.387704 -0.347573 -0.183686 -0.118463 0.495088 -0.462199 0.149743 -0.400076 -0.190866 -0.424826 -0.385541 -0.366886 -0.367171 -0.304433 -0.420693 0.060435 -0.419188 0.058819 -0.364998 0.300495 0.351121 0.017254 -0.354253 -0.173966 0.191130 -0.118012 0.123749 0.085829 0.178712 -0.093350 -0.216232 -0.124978 -0.006179 -0.144153 -0.065301 -0.104799 -0.236669 -0.093634 0.191743 -0.292809 -0.472593 0.106973 -0.210812 -0.166102 -0.076071 -0.010105 0.189769 0.213963 -0.022462
-0.099065 -0.369432 0.302917 0.543681 0.343679 0.523143 0.320146 0.505812 0.317524 0.471312 -0.178527 -0.287877 0.020912 -0.055384 0.135413 0.373700 -0.304217 -0.440441 -0.272645 0.236740 0.577263 0.303239 0.595684 1.000000 0.306966 -0.351920 0.526454 -0.050103 -0.436406 -0.262640 0.480734 0.491129 -0.512007 -0.289210 -0.343873 -0.254390 -0.225028 -0.396617 -0.045548 0.036857 -0.468311 -0.384413 0.060090 0.044926 -0.000449 0.212207 0.005127 -0.151271 0.047031 0.273268 -0.030324 -0.122536 0.472785 0.279562 0.053528 -0.068782 -0.146240 -0.274293 0.288665 0.416711 0.037410 0.203053 -0.110980 -0.330815 -0.059342 -0.146589 0.307279 0.354157 -0.203830 0.107953 -0.326298 0.294774 -0.590588 -0.034331 -0.706449 -0.438361 -0.470362 -0.601795 -0.354205 -0.537713 -0.286967 -0.593558 -0.168882 -0.389645 -0.245950 -0.718410 -0.110583 0.197603 -0.037195 -0.393249 0.102421 0.030981 0.009636 -0.075711 -0.059979 0.017792 0.076898 -0.084618 0.189728 0.272581 -0.084167 -0.004521 0.029742 -0.041625 0.104397 0.132886 -0.188070 -0.315044 -0.017012 -0.223573 -0.295132 0.107969 0.131680 0.292711 0.305743 -0.064726
-0.528550 -0.593739 -0.068631 0.168998 0.378741 0.550829 -0.151889 -0.150191 0.574246 0.664146 -0.247891 -0.554911 -0.183690 -0.454256 0.338553 0.327290 -0.173662 -0.355726 -0.311370 -0.151511 0.538148 0.384107 0.518435 0.306966 1.000000 0.063978 0.548230 0.177807 -0.220372 -0.103029 0.683537 0.653580 -0.060546 -0.123807 -0.202972 -0.059237 -0.489759 -0.313814 -0.170307 -0.110891 -0.380282 -0.160031 0.276732 0.235456 0.396758 0.492217 0.096688 0.269752 0.176229 0.504251 0.156516 0.009842 -0.101038 0.460066 -0.406907 0.055167 -0.551446 -0.364494 0.000101 0.245666 0.069115 -0.108970 0.096555 -0.158362 0.292672 0.020803 0.523354 0.510251 -0.258795 0.098725 -0.074878 0.501564 -0.347985 0.189418 -0.279475 -0.198547 -0.399487 -0.403987 -0.184202 -0.358462 -0.141385 -0.322751 -0.239716 -0.119946 -0.252436 -0.254284 0.346928 0.270749 -0.540851 -0.464519 -0.055196 0.152070 -0.295722 -0.060345 -0.032571 -0.080766 -0.305155 -0.139978 -0.092179 -0.060974 -0.316920 -0.094553 -0.129086 -0.129877 -0.018810 0.290457 -0.173103 -0.307366 0.048745 -0.092082 0.089148 -0.075038 -0.070640 0.068490 0.106522 0.132192
-0.217542 -0.018080 -0.081106 -0.422248 0.069145 -0.383474 -0.113171 -0.440037 -0.005756 -0.321606 0.128551 0.210946 0.149913 0.030266 0.107119 -0.040277 0.192393 0.191632 0.093099 -0.047429 -0.399204 -0.203824 -0.129140 -0.351920 0.063978 1.000000 -0.261839 0.135782 0.431617 0.003538 -0.192236 0.009945 0.121725 0.143124 0.020595 -0.036260 0.208354 0.439899 0.154906 -0.072491 0.395021 0.049894 0.016753 -0.088674 -0.113528 -0.161601 -0.072744 0.153438 -0.126273 -0.369437 -0.119946 0.087330 -0.268753 -0.248999 -0.020718 -0.180428 -0.118296 -0.012505 -0.435779 -0.475124 -0.170667 -0.502778 -0.026589 -0.019011 0.179391 -0.123020 -0.286937 -0.179481 0.245168 0.227380 0.313870 -0.190119 0.504969 -0.204790 0.419756 0.326874 0.003393 0.140549 0.051986 0.308568 0.285344 0.401219 0.159987 0.277984 0.201542 0.280636 0.321832 -0.174301 0.136666 0.041571 0.225329 0.048384 0.078904 0.018964 -0.070567 -0.287212 -0.002152 -0.019747 -0.037506 -0.322365 0.123539 -0.034591 -0.030976 0.140865 0.037911 0.053533 0.079354 0.337468 -0.205223 0.101490 0.216047 -0.063488 -0.153327 -0.085701 -0.221991 0.281429
-0.173310 -0.295074 0.276325 0.559448 0.536468 0.686722 0.160050 0.385617 0.431204 0.601553 -0.201105 -0.359966 -0.061104 -0.135436 0.282729 0.627942 -0.384243 -0.348950 -0.088100 0.052039 0.772176 0.421214 0.521247 0.526454 0.548230 -0.261839 1.000000 0.361401 -0.360871 -0.156780 0.611985 0.511079 -0.224868 -0.171870 -0.206775 -0.119087 -0.242253 -0.517642 -0.186070 0.019861 -0.460876 -0.174467 -0.034672 -0.097282 0.010612 0.160424 -0.057201 -0.329107 -0.010515 0.338957 0.028381 -0.170603 0.321887 0.290892 -0.105734 -0.193532 -0.159219 -0.145109 0.259803 0.420339 0.117302 0.207462 -0.190048 -0.242262 0.059455 0.039454 0.388504 0.426693 -0.210544 -0.066671 -0.091263 0.522497 -0.464417 0.160641 -0.403030 -0.104235 -0.306875 -0.384923 -0.429285 -0.463165 -0.348338 -0.416245 -0.078788 -0.263375 -0.301654 -0.355846 0.119921 0.228558 -0.244081 -0.371069 -0.048284 -0.213217 -0.097142 -0.212121 -0.051759 -0.122495 -0.178789 -0.400109 -0.017356 -0.039557 -0.196713 -0.002691 -0.012211 -0.119655 0.022559 -0.030032 -0.302204 -0.379092 0.036124 -0.297788 -0.369107 -0.128720 -0.079836 0.103042 0.104148 -0.161153
-0.225193 -0.110232 0.224580 -0.072229 0.409118 0.506262 0.183841 0.227072 0.132526 0.335424 0.131324 0.031729 0.147986 0.106512 0.344639 0.301609 -0.118825 -0.182287 -0.209745 -0.260329 0.346384 0.303081 0.264926 -0.050103 0.177807 0.135782 0.361401 1.000000 -0.144276 -0.238036 0.146646 0.163762 -0.178254 -0.010026 -0.109296 0.065381 -0.106196 -0.253329 -0.109528 -0.132750 -0.063818 0.093579 -0.086479 -0.123792 0.041938 -0.017617 -0.152369 -0.214383 -0.080625 0.053717 0.071889 -0.376222 0.168067 -0.065878 -0.043869 -0.358281 -0.081313 -0.014274 0.081092 0.075668 0.149176 0.168346 -0.127768 -0.158256 0.325888 0.262550 0.038594 0.244328 -0.197687 0.014949 0.332440 0.314297 -0.178054 0.076119 -0.087379 0.141186 -0.192037 -0.066174 -0.078312 -0.206929 -0.049070 -0.126699 0.091736 -0.224435 0.099320 -0.096391 0.152382 0.122108 0.056642 -0.383403 -0.164499 -0.095780 -0.038802 0.123775 -0.092587 -0.390362 -0.231066 -0.284727 -0.096526 -0.264374 0.032270 0.030591 0.026198 -0.017997 0.067516 -0.292785 -0.112809 -0.188273 -0.407266 -0.249268 0.037474 -0.134678 -0.282797 -0.266297 -0.292855 -0.159627
0.257266 0.148199 -0.331652 -0.330829 -0.328953 -0.478345 -0.249523 -0.495921 -0.160085 -0.312773 0.287609 0.162940 -0.070375 0.011154 0.049403 -0.280846 0.663999 0.586583 0.238188 0.022701 -0.563224 -0.256164 -0.343521 -0.436406 -0.220372 0.431617 -0.360871 -0.144276 1.000000 0.417778 -0.266780 -0.204339 0.454294 0.213261 0.309294 -0.023340 0.281169 0.407270 0.113845 0.049198 0.496679 0.092767 -0.063380 -0.278109 -0.174557 -0.289439 -0.177536 0.019935 -0.250981 -0.368203 -0.308937 -0.182644 -0.424119 -0.461048 -0.006537 -0.044093 0.287783 0.052863 -0.493295 -0.577352 -0.130493 -0.370035 0.259758 0.204467 0.100079 -0.382114 -0.490484 -0.454381 0.261294 -0.029558 0.166090 -0.327786 0.818176 0.009266 0.637623 0.251631 0.359740 0.344933 0.472787 0.569006 0.648993 0.514475 0.347121 0.443407 0.283453 0.280616 0.172235 -0.231845 0.149373 0.224457 0.062854 -0.247646 0.114504 0.024754 0.105134 -0.030559 0.160467 0.187160 0.084669 -0.093386 0.082598 -0.018592 -0.080526 0.160452 -0.159365 0.116947 -0.032910 0.232443 0.035280 0.290574 0.211920 0.028333 -0.017720 -0.020702 -0.066847 0.255024
0.327347 0.194882 -0.300675 -0.012125 -0.194263 -0.183451 -0.159302 -0.025195 -0.253943 -0.092391 -0.001154 0.151833 0.019094 0.051074 -0.329413 0.055079 0.459927 0.669136 0.120877 -0.017591 -0.187599 -0.028099 -0.347941 -0.262640 -0.103029 0.003538 -0.156780 -0.238036 0.417778 1.000000 -0.179358 -0.118257 0.340392 0.350520 0.067142 0.076206 0.054582 0.082978 -0.335914 -0.215187 0.054230 0.102520 -0.357405 -0.336878 -0.063500 -0.076270 -0.281136 -0.032043 -0.110796 -0.110881 -0.289185 -0.162903 -0.313566 -0.218941 -0.156240 0.015588 0.316936 0.092087 -0.148789 -0.074819 0.057426 -0.264475 0.356060 0.438204 -0.198435 -0.349213 -0.228964 -0.235415 0.073866 -0.160585 -0.106119 -0.330499 0.420554 0.541348 0.392607 0.237314 0.464782 0.339115 0.342866 0.501115 0.392772 0.482444 -0.143877 0.466988 -0.233901 0.302196 -0.320732 -0.056409 -0.181327 0.153521 0.127649 -0.381665 0.067765 -0.171352 -0.225567 0.048497 -0.045122 0.064624 0.052913 0.003558 0.137808 0.130324 0.152198 0.275078 0.081348 -0.128775 0.083045 0.233654 0.193654 0.251760 -0.095097 -0.139159 -0.223960 0.053508 -0.235144 -0.007005
-0.358634 -0.313098 0.027611 0.427795 0.230879 0.624799 -0.073235 0.162782 0.569888 0.677536 -0.269410 -0.458524 -0.204712 -0.230141 0.351320 0.500266 -0.306779 -0.339294 -0.171533 -0.049787 0.714492 0.384868 0.652900 0.480734 0.683537 -0.192236 0.611985 0.146646 -0.266780 -0.179358 1.000000 0.904033 0.009294 -0.025376 -0.201251 -0.072470 -0.453033 -0.279623 -0.027228 0.144783 -0.411085 -0.198612 0.053198 0.025691 0.167330 0.388941 -0.104026 -0.020085 -0.090808 0.343793 0.081038 -0.217820 0.025728 0.415901 -0.285279 -0.082792 -0.414163 -0.175272 -0.004664 0.250858 0.097271 0.209467 0.007200 -0.173335 0.320957 0.051846 0.468542 0.501193 -0.267876 -0.017394 -0.477694 0.488837 -0.510853 0.264718 -0.391767 -0.336501 -0.445319 -0.579198 -0.279014 -0.443220 -0.208793 -0.418663 -0.274202 -0.216404 -0.142437 -0.400011 0.312139 0.372690 -0.443104 -0.428781 -0.107329 -0.108916 -0.210745 -0.233512 -0.081130 -0.000694 -0.237273 -0.247289 0.032717 -0.050878 -0.168990 -0.055374 -0.033749 -0.163421 -0.023810 0.293355 -0.423344 -0.604933 0.016278 -0.286960 -0.117852 -0.084430 -0.044626 0.314766 0.195903 0.036684
-0.424311 -0.323161 0.024734 0.348773 0.242522 0.572745 -0.021476 0.189118 0.612947 0.628356 -0.189924 -0.346736 -0.047894 -0.133115 0.416291 0.506521 -0.261903 -0.299120 -0.233034 -0.033658 0.639528 0.369824 0.638414 0.491129 0.653580 0.009945 0.511079 0.163762 -0.204339 -0.118257 0.904033 1.000000 -0.022239 0.115571 -0.292937 -0.086972 -0.396165 -0.218893 0.028964 0.112871 -0.311728 -0.157714 -0.062451 -0.083424 0.084550 0.279784 -0.173960 0.017793 -0.141462 0.207666 -0.011255 -0.264660 0.072267 0.326984 -0.231857 -0.173960 -0.423065 -0.183482 -0.064442 0.174586 0.064294 0.157753 -0.016297 -0.153420 0.286419 0.025655 0.329306 0.495556 -0.214988 0.062474 -0.448335 0.433249 -0.394428 0.208266 -0.343553 -0.331502 -0.535593 -0.636274 -0.304680 -0.433448 -0.188921 -0.411092 -0.255673 -0.180173 -0.145188 -0.478740 0.267727 0.281519 -0.369075 -0.467553 0.021866 -0.144351 -0.077020 -0.191257 -0.121355 -0.032609 -0.144114 -0.204328 0.097180 -0.110613 -0.004820 0.046967 0.097769 -0.049167 0.060278 0.272719 -0.376865 -0.500512 -0.053765 -0.230428 -0.102925 -0.082257 -0.000611 0.349980 0.095029 0.142202
0.288907 0.324544 -0.478610 -0.277478 -0.467512 -0.193056 -0.354418 -0.387730 -0.098745 -0.107645 -0.010038 -0.077528 -0.162148 -0.204107 -0.198768 -0.114786 0.400807 0.300336 0.125737 0.066589 -0.177679 -0.133386 -0.440888 -0.512007 -0.060546 0.121725 -0.224868 -0.178254 0.454294 0.340392 0.009294 -0.022239 1.000000 0.538370 0.260271 0.203855 -0.251887 0.115166 -0.276849 -0.321294 0.124827 -0.050514 -0.054127 -0.051696 0.133292 0.080937 -0.123182 0.132201 -0.100111 -0.050153 -0.008195 0.048796 -0.543904 0.023929 -0.507231 -0.216293 0.263495 0.314694 -0.168042 -0.139911 0.213223 -0.099378 0.525649 0.409634 0.008007 0.042131 0.088161 0.023835 0.319951 0.113324 -0.240100 -0.136419 0.369395 0.112858 0.412873 -0.024544 0.219863 0.086074 0.228203 0.239341 0.300827 0.327022 -0.297056 0.355229 -0.096518 0.339646 -0.151751 -0.283847 -0.449499 0.042514 -0.027502 -0.337042 -0.158544 -0.185597 -0.258908 -0.113354 -0.253689 -0.025622 -0.133113 -0.174367 0.009831 0.164477 0.135836 0.355434 0.097861 0.059328 -0.186208 -0.028819 0.051569 0.157101 0.274565 -0.215416 -0.222623 0.097935 -0.242755 0.171906
0.227978 0.304162 -0.198926 -0.183139 -0.229109 -0.127969 -0.105901 -0.025571 -0.071621 -0.045443 0.112059 0.139216 0.193371 0.112523 -0.067940 0.050135 0.224538 0.174003 0.112502 0.290323 -0.072610 -0.216213 -0.225113 -0.289210 -0.123807 0.143124 -0.171870 -0.010026 0.213261 0.350520 -0.025376 0.115571 0.538370 1.000000 -0.007307 0.493686 -0.043829 0.084083 -0.175482 -0.166958 -0.006482 0.111125 -0.433638 -0.212315 -0.181504 -0.085490 -0.426161 0.042044 -0.332416 -0.274955 -0.206548 -0.160308 -0.240350 -0.060995 -0.236549 -0.394088 0.117886 0.149634 -0.024486 0.072953 0.302565 0.192565 0.317531 0.489940 0.033020 0.170721 -0.011881 0.253021 0.157183 0.275416 -0.211475 -0.275368 0.217496 0.097088 0.213096 0.074168 0.141774 0.074628 0.086482 0.095355 0.148932 0.240875 -0.157903 0.285021 -0.098324 0.186233 -0.298892 -0.132310 -0.155241 -0.070368 0.018444 -0.525507 0.019272 -0.290580 -0.211693 -0.167066 -0.198080 -0.063457 -0.196234 -0.449564 0.245109 0.208385 0.213664 0.217094 0.017114 -0.261429 -0.142611 -0.000668 -0.104935 -0.015771 0.064662 -0.437251 -0.340943 -0.013601 -0.432513 -0.047564
0.018328 -0.000890 -0.081500 -0.074079 -0.257771 -0.354773 -0.061167 -0.219808 -0.013887 -0.306543 0.020535 -0.027609 -0.226223 -0.148971 0.010408 -0.212362 0.199607 -0.000785 0.121015 -0.314485 -0.299641 -0.225790 -0.157822 -0.343873 -0.202972 0.020595 -0.206775 -0.109296 0.309294 0.067142 -0.201251 -0.292937 0.260271 -0.007307 1.000000 0.211813 0.263588 0.234187 0.096035 0.005072 0.384454 0.043706 0.208558 0.078166 -0.081733 -0.227261 0.126426 0.070267 -0.189956 -0.387624 0.145027 -0.002527 -0.403560 -0.450844 -0.102214 0.155006 0.175625 -0.016376 -0.361334 -0.373134 0.025540 -0.072143 0.230744 -0.042644 0.285406 -0.050520 -0.125240 -0.232007 0.167573 -0.309929 0.301847 -0.182649 0.396030 -0.038716 0.439350 0.269635 0.640293 0.435472 0.354703 0.380591 0.276196 0.243932 0.107411 0.203569 0.351230 0.417888 0.107746 -0.138001 -0.023735 0.206247 0.092726 -0.024104 0.040130 -0.076141 0.126910 0.216713 0.099153 0.272262 0.054552 0.123266 -0.081359 -0.209436 -0.257878 -0.152676 -0.323165 -0.010588 -0.272997 -0.139447 0.204386 0.475678 0.330792 0.313753 0.142086 0.083472 0.259475 -0.080872
0.004761 0.036789 0.110912 0.000307 -0.332462 -0.089222 0.037107 0.049581 0.043414 -0.069540 0.124340 0.124218 -0.034919 0.025258 0.008085 -0.046073 0.080993 -0.000476 0.146552 0.029574 -0.063067 -0.112128 0.024954 -0.254390 -0.059237 -0.036260 -0.119087 0.065381 -0.023340 0.076206 -0.072470 -0.086972 0.203855 0.493686 0.211813 1.000000 0.170902 0.190085 -0.155857 -0.025236 0.018060 0.256418 -0.192769 0.085954 0.005710 0.083223 -0.291284 0.234981 -0.275097 -0.187636 -0.106331 -0.025837 -0.325112 -0.085506 -0.164313 -0.048787 -0.201005 -0.113288 -0.286393 0.002932 0.093899 0.197010 0.097932 0.116207 0.220688 0.325603 -0.064198 0.337818 0.044355 0.097424 0.050867 -0.138392 -0.035341 0.111696 0.190711 0.166422 0.191118 0.312990 0.057924 0.061199 0.076869 0.150040 0.102790 0.014340 -0.020556 0.363918 -0.158246 0.001591 -0.089068 -0.030526 -0.072398 -0.111409 -0.115381 -0.236423 0.024812 0.163968 -0.288097 0.065664 -0.530720 -0.390804 -0.023153 0.033699 -0.104996 -0.050790 -0.237481 -0.290156 0.047804 -0.027127 0.101815 0.071109 0.256070 -0.404667 -0.453094 -0.110560 -0.261948 -0.094862
