1.000000 0.200142 0.018679 -0.389215 -0.158133 -0.279226 0.344607 -0.448630 -0.098234 -0.444592 0.382478 -0.155830 0.375618 0.056505 0.377846 -0.299301 0.078035 -0.357664 0.649857 0.152282 -0.234429 -0.495457 0.160200 0.038263 -0.371563 -0.449831 -0.055717 -0.199470 -0.047325 -0.324845 -0.232792 -0.447768 0.145052 -0.067274 0.002313 -0.077647 -0.164249 0.128342 -0.133339 -0.153812 -0.331599 -0.100453 -0.038405 -0.191314 0.238970 -0.022874 -0.081571 0.052725 0.176068 0.121166 0.124130 -0.138449 0.064594 0.094444 0.093741 0.015316 0.417178 0.296995 0.373792 -0.058689 0.316543 -0.128111 0.035757 0.051663 0.388100 -0.139627 0.184390 -0.135357 0.112015 0.160289 -0.005770 -0.385083 -0.112684 -0.433673 -0.050869 -0.116825 -0.279046 -0.423761 -0.228167 -0.095279 -0.195779 -0.088159 0.218342 -0.148973 0.304227 0.368858 0.386381 0.306048 0.380610 0.356972 -0.034264 -0.056838 -0.354308 -0.231589 0.195641 -0.222243 0.006029 0.074318 -0.158038 0.089107 0.038688 -0.054714 -0.237759 0.216963 -0.166623 -0.300894 -0.164969 0.021463 -0.035022 -0.041890 -0.385713 -0.209383 -0.017748 0.081122 -0.172333 -0.116070
0.200142 1.000000 0.176706 0.031846 0.113064 0.002662 -0.019805 0.142238 0.070089 0.094893 0.318493 0.363285 0.415959 0.213119 -0.067164 -0.120276 -0.062625 -0.113754 -0.080823 -0.262625 -0.186432 -0.140710 -0.414411 -0.396174 -0.082351 0.051633 0.161939 -0.172014 -0.247338 -0.313234 -0.350799 -0.380264 -0.048957 -0.168687 -0.104817 -0.047242 -0.224258 0.017949 -0.258506 0.002384 -0.258938 -0.175476 -0.084986 0.000647 -0.125570 -0.015691 0.118346 0.289618 0.232133 -0.059403 0.074922 0.166249 -0.010441 -0.081613 0.025632 -0.049932 0.216754 0.341398 0.073421 0.328078 0.316385 0.483611 -0.019540 0.252879 -0.032481 0.201893 0.075913 0.037955 0.136003 0.162536 -0.180007 -0.311941 -0.309904 -0.377156 -0.374040 -0.276558 -0.483062 -0.165437 -0.244338 -0.171708 -0.083151 -0.164806 -0.390866 -0.241247 -0.371461 0.055152 -0.074793 0.045639 -0.005354 0.342538 -0.010137 -0.177455 0.021304 0.109637 0.144893 0.097220 0.273856 0.135484 -0.123399 -0.110703 0.007909 0.333156 0.218930 0.028195 -0.181270 -0.133829 -0.036461 -0.002269 -0.109747 0.004151 -0.056758 -0.004227 -0.127334 -0.290077 -0.196753 0.009246
0.018679 0.176706 1.000000 -0.087175 0.520513 0.113829 0.456937 -0.047977 0.508426 -0.177898 0.352104 -0.074981 0.430017 -0.120412 -0.093354 -0.120383 0.015958 -0.140926 0.168409 -0.428240 0.177287 0.046209 0.050447 -0.404645 0.407755 0.210622 0.403005 0.290881 -0.153231 -0.351036 0.193443 -0.237670 -0.019160 0.006593 -0.065543 -0.086939 -0.171744 0.019224 0.077576 0.105761 -0.337449 -0.246999 0.218071 0.288479 -0.327407 -0.236353 -0.101166 0.072785 0.476180 -0.607499 0.647577 0.169001 0.172192 -0.351921 0.362565 -0.076735 -0.287839 -0.250084 -0.057691 0.117685 0.228481 0.113090 0.013612 -0.006585 0.110525 0.050493 0.544312 0.236793 -0.192122 -0.004977 -0.091335 -0.151079 -0.268970 -0.364274 -0.191849 -0.153199 0.016157 -0.149758 -0.308297 -0.205051 -0.359576 -0.378718 -0.325857 -0.448585 -0.321236 -0.225707 0.139800 -0.066440 0.092379 0.065758 -0.135345 -0.014668 -0.085202 0.260239 -0.020590 0.062952 0.255372 -0.038257 -0.254182 -0.146137 0.174860 0.318607 0.095760 0.008627 0.020042 0.020719 -0.114512 -0.206588 0.062429 -0.017104 0.281301 0.243209 -0.124171 -0.171865 0.075600 -0.200662
-0.389215 0.031846 -0.087175 1.000000 -0.158516 0.538456 -0.237565 0.697921 -0.141200 0.628963 -0.477920 0.258237 -0.401337 0.320048 -0.497136 0.343369 -0.111828 -0.212366 -0.224638 -0.229644 0.396448 0.564775 -0.144025 0.180130 0.179215 0.480545 -0.120481 0.354125 -0.190275 0.171157 0.292919 0.640916 -0.172705 0.104830 0.199158 0.256288 -0.120420 0.012953 -0.060262 0.312700 0.211974 -0.095964 0.018820 0.388002 -0.194309 0.159089 0.016177 0.076787 -0.394838 -0.158230 -0.141004 -0.012366 -0.369714 -0.239315 -0.414016 0.122288 -0.236929 -0.348270 -0.331808 0.066199 -0.358706 -0.011397 -0.099013 -0.254697 -0.199953 0.462201 -0.170598 0.131383 -0.084388 -0.347518 -0.449444 0.093647 -0.091877 0.105360 -0.188504 0.221007 0.062935 0.357970 0.070683 -0.146402 0.061698 -0.212616 -0.192396 0.044501 -0.290149 -0.135992 -0.322320 0.010043 -0.128146 0.013444 -0.114934 -0.248583 0.384211 -0.024174 0.193592 0.488749 0.150882 0.213392 -0.086045 0.041347 -0.400658 -0.097450 0.323346 -0.082315 0.088568 -0.085250 -0.199088 -0.272990 0.061074 0.181159 0.250236 0.236567 -0.015592 0.026214 -0.037619 0.105457
-0.158133 0.113064 0.520513 -0.158516 1.000000 0.293889 0.433938 -0.091636 0.625132 -0.193771 0.458871 -0.059139 0.446758 -0.164868 0.227508 0.121040 -0.003245 -0.152901 -0.063135 -0.298159 0.137958 -0.054824 0.221907 -0.124353 0.558711 0.209930 0.655317 0.235647 -0.128821 -0.312102 -0.048791 -0.215597 -0.108326 -0.025819 0.118628 0.164572 -0.169420 -0.229677 0.151660 -0.035409 -0.227614 -0.120109 -0.086473 -0.146214 -0.111420 -0.109039 -0.084734 0.070402 0.493708 -0.146768 0.354503 0.045665 0.286078 -0.124154 0.372584 -0.198515 -0.308939 -0.209925 0.154973 0.176547 0.433471 0.129637 0.191977 0.141450 0.105058 -0.093852 0.395159 0.185513 -0.050901 0.300268 -0.254090 -0.269636 -0.291622 -0.359447 -0.206652 -0.269763 -0.075386 -0.212465 -0.271401 -0.134086 -0.303325 -0.359275 -0.274022 -0.254162 -0.376871 -0.387512 0.262240 0.009871 0.173840 0.075260 -0.015389 -0.043250 -0.275941 0.090303 -0.162711 -0.049573 0.125145 -0.178181 -0.141911 -0.375925 0.213904 0.118251 -0.017290 -0.195616 -0.040038 0.033023 -0.016751 0.073781 0.130200 0.177301 0.159869 -0.029074 -0.091993 -0.337744 0.007557 -0.101139
-0.279226 0.002662 0.113829 0.538456 0.293889 1.000000 -0.101396 0.373712 0.123622 0.385941 -0.111166 0.278900 -0.147875 0.348615 -0.200294 0.363859 -0.178649 -0.235054 -0.152910 -0.246607 0.524683 0.624269 0.100601 0.187177 0.513494 0.544764 0.446396 0.507804 -0.201691 -0.065978 0.141183 0.426979 -0.086240 0.159694 0.155143 0.191572 -0.093271 -0.241169 -0.110900 0.084622 0.037826 -0.232759 0.166301 0.168525 -0.174342 0.074460 -0.162581 -0.074152 -0.043969 -0.110727 -0.016130 0.158010 -0.135729 -0.167993 -0.278293 -0.149250 -0.258941 -0.315749 -0.151502 0.185618 -0.116921 0.061591 0.082342 -0.118431 -0.087617 0.254144 0.091364 0.125705 0.032483 -0.036058 -0.582891 -0.023881 -0.237657 -0.012709 -0.020738 0.132781 0.080663 0.216253 0.117339 -0.107141 -0.046563 -0.277841 -0.214427 -0.194557 -0.367150 -0.292634 -0.073963 0.210937 -0.093595 0.080988 -0.277664 -0.257967 0.190973 0.015380 -0.091927 0.150203 -0.069493 -0.155820 -0.393264 -0.322321 -0.368506 -0.118707 0.106226 -0.051690 0.143496 0.106015 0.018446 0.034785 0.226759 0.216554 0.206821 -0.077918 -0.118965 -0.018139 0.226899 0.193811
0.344607 -0.019805 0.456937 -0.237565 0.433938 -0.101396 1.000000 -0.063226 0.608529 -0.269518 0.572171 -0.003990 0.677756 0.006714 0.445031 0.046860 0.229264 -0.247469 0.319367 0.006604 -0.120056 -0.305459 0.145627 -0.331588 -0.054757 -0.393790 0.334109 -0.138506 0.249106 -0.094071 -0.234249 -0.430493 0.096956 -0.047796 -0.102543 -0.147279 -0.077999 -0.153773 -0.163590 -0.159909 -0.103138 -0.054606 -0.134348 -0.219968 -0.155908 -0.285009 -0.295927 -0.218020 0.398652 -0.174525 0.300458 -0.106722 0.171615 -0.162406 0.286648 -0.081700 -0.236631 -0.245324 0.259604 -0.138303 0.408828 -0.197309 0.124544 -0.068745 0.507158 -0.036095 0.296419 -0.064860 -0.135575 0.076302 -0.222719 -0.425673 -0.016122 -0.366835 -0.136826 -0.124948 0.044930 -0.294497 -0.108850 0.058093 -0.078170 -0.041200 0.170961 0.023386 -0.087494 -0.176749 0.287564 -0.040260 0.362881 0.088194 0.071543 0.180280 -0.236324 0.068912 -0.045848 -0.144178 -0.122070 -0.007708 -0.201861 0.013277 0.191010 -0.047796 0.100011 -0.012335 0.081026 -0.167271 -0.126002 0.005303 -0.146767 -0.146304 -0.313967 -0.025471 0.118088 -0.014802 -0.054735 -0.301125
-0.448630 0.142238 -0.047977 0.697921 -0.091636 0.373712 -0.063226 1.000000 0.083532 0.769422 -0.188754 0.565669 -0.047710 0.516254 -0.471051 0.268250 0.010371 -0.026237 -0.425472 -0.212183 0.081794 0.431705 -0.486214 -0.242522 -0.128203 0.103832 -0.166178 -0.115334 -0.039365 0.310717 0.058177 0.398500 -0.002463 0.178713 -0.034175 0.261079 -0.116056 -0.123454 -0.353880 0.135289 0.197202 -0.165113 -0.045189 0.197649 -0.365752 -0.091712 -0.198252 -0.114117 -0.230758 -0.061019 -0.312469 0.197918 -0.161738 -0.335183 -0.364535 -0.054591 -0.372928 -0.477260 -0.104393 0.252094 -0.060840 0.349805 0.110214 -0.078321 -0.156124 0.564605 -0.141228 0.121980 -0.207456 -0.363785 -0.393876 0.050695 0.078250 0.186154 -0.148176 0.197842 0.126416 0.313140 0.057523 -0.108649 0.278652 -0.080642 -0.362392 0.159447 -0.510770 -0.481564 -0.576146 -0.372377 -0.339264 -0.233373 0.097628 -0.080584 0.635841 0.207734 0.048343 0.460224 -0.141218 0.189416 -0.035279 0.215978 -0.226281 -0.000295 0.706553 -0.016277 0.392639 0.011763 -0.003319 -0.105338 -0.020702 -0.008753 0.055378 0.290641 0.139334 0.101367 0.016594 0.098149
-0.098234 0.070089 0.508426 -0.141200 0.625132 0.123622 0.608529 0.083532 1.000000 0.094686 0.343889 0.207582 0.533750 0.081997 0.253903 0.015196 -0.074339 -0.055354 -0.098052 -0.249974 -0.120156 -0.074191 0.071580 -0.374923 0.293703 -0.022999 0.416715 -0.013196 0.048136 -0.108382 -0.157347 -0.326076 -0.107350 -0.070291 -0.020738 -0.104341 -0.117599 -0.295381 -0.140860 -0.222800 -0.122358 -0.139495 -0.040123 -0.095209 -0.076318 -0.119806 -0.227610 -0.054650 0.493885 -0.240997 0.444508 0.052796 0.040698 -0.304499 0.159212 -0.272608 -0.381875 -0.301684 0.174725 -0.117656 0.281645 0.136143 -0.042683 -0.135084 0.289100 0.230162 0.200985 0.204541 -0.277747 0.157116 -0.123076 -0.219771 -0.051730 -0.264922 -0.002684 -0.039144 0.101803 -0.183188 -0.078292 -0.064531 -0.184720 -0.192446 -0.127273 -0.230299 -0.228366 -0.245951 0.195567 -0.216155 0.231640 -0.048024 -0.000216 0.163270 -0.015205 0.242827 -0.307835 -0.059341 -0.115790 -0.232963 -0.209675 -0.285903 0.369075 -0.012246 0.195580 -0.096468 0.157044 0.176605 0.018281 0.067472 -0.099224 -0.144012 -0.064028 -0.048772 0.144674 -0.146268 0.114285 -0.146351
-0.444592 0.094893 -0.177898 0.628963 -0.193771 0.385941 -0.269518 0.769422 0.094686 1.000000 -0.403012 0.611293 -0.188012 0.591051 -0.389170 0.259614 -0.219503 -0.064650 -0.538948 -0.303818 0.142695 0.429566 -0.422871 -0.052847 -0.047642 0.277016 -0.122059 -0.040319 -0.242174 0.178133 -0.005042 0.389833 -0.130266 0.012168 0.129206 0.244059 -0.171700 -0.107239 -0.408844 0.096375 0.078657 -0.159044 -0.043043 0.197940 -0.170584 0.217650 -0.109454 0.042109 -0.140348 0.049684 -0.129598 0.284754 -0.382762 -0.266639 -0.526846 -0.138408 -0.335628 -0.338211 -0.153765 -0.003347 -0.288312 0.369520 -0.199499 -0.316681 -0.119359 0.763458 -0.321861 0.261915 -0.211751 -0.221539 -0.131185 0.290103 -0.018819 0.201528 -0.026710 0.249501 0.125674 0.356868 0.169729 -0.132859 0.116073 -0.155729 -0.363499 0.027347 -0.336040 -0.217106 -0.526978 -0.339858 -0.212713 -0.219569 0.127978 -0.052342 0.738721 0.233905 -0.005093 0.325608 -0.120267 0.099810 -0.088511 -0.087098 -0.170084 -0.147005 0.549606 0.008074 0.297293 0.109607 0.122211 0.024635 0.037251 -0.091570 0.162484 0.076356 0.046088 0.159029 0.161715 0.147183
0.382478 0.318493 0.352104 -0.477920 0.458871 -0.111166 0.572171 -0.188754 0.343889 -0.403012 1.000000 0.129630 0.851152 0.044322 0.463487 -0.019489 0.386651 0.002487 0.196185 -0.110276 -0.277031 -0.410930 -0.082381 -0.394250 -0.107842 -0.355800 0.350100 -0.195548 0.294139 -0.190325 -0.319885 -0.482696 0.160809 0.138265 -0.376828 -0.250514 0.151534 -0.258706 -0.082586 -0.390015 -0.175544 0.019581 -0.024179 -0.277948 -0.194869 -0.419498 -0.243901 -0.240053 0.581764 -0.064533 0.154211 0.083435 0.418026 -0.033518 0.417686 -0.301749 -0.053128 0.022517 0.304495 0.138333 0.725468 0.084768 0.395928 0.291027 0.258659 -0.239490 0.314182 -0.162313 -0.170186 0.077752 -0.202277 -0.445755 -0.076206 -0.253185 -0.007010 -0.183781 -0.083656 -0.290909 -0.163045 0.196595 0.045812 0.138316 -0.039537 -0.074681 -0.222162 -0.147044 0.133371 -0.121457 0.064902 0.066087 0.184549 -0.000070 -0.319063 -0.012462 -0.167005 -0.271856 -0.223136 -0.189321 -0.107631 -0.109993 0.134911 0.169009 0.125629 -0.118822 0.074562 -0.215761 0.067954 0.128620 0.076098 -0.038227 -0.371785 -0.050718 0.089119 -0.221055 -0.179237 -0.112283
-0.155830 0.363285 -0.074981 0.258237 -0.059139 0.278900 -0.003990 0.565669 0.207582 0.611293 0.129630 1.000000 0.262866 0.800562 -0.113073 0.300828 -0.027856 0.016714 -0.399114 -0.124454 -0.358081 0.146331 -0.491784 -0.180432 -0.191303 0.029317 0.027930 -0.333629 0.014051 0.064348 -0.195475 -0.014154 0.076068 0.130351 -0.084877 0.038250 -0.073458 -0.270445 -0.632318 -0.320972 -0.052135 -0.154208 -0.098840 0.007373 -0.256765 -0.006094 -0.311849 -0.130320 0.064481 -0.107504 -0.038891 0.185459 -0.219231 -0.370517 -0.386595 -0.360604 -0.335727 -0.185689 -0.175659 -0.048725 0.048547 0.395779 0.027658 -0.182650 0.172401 0.538752 -0.132973 0.173221 -0.273429 -0.095450 -0.185935 -0.038508 -0.079700 0.017346 -0.020877 0.105219 0.031212 0.210689 0.033695 0.011839 0.093955 0.008251 -0.291803 0.097385 -0.299221 -0.078406 -0.475294 -0.416688 -0.165117 -0.108805 0.180644 -0.023847 0.583101 0.276809 -0.088313 0.223960 -0.324716 -0.168866 -0.320463 -0.134342 -0.186202 0.089289 0.464661 -0.059879 0.420791 0.097044 0.239128 0.292736 0.070222 0.004688 -0.129826 0.044461 0.118008 0.002270 0.171969 0.177552
0.375618 0.415959 0.430017 -0.401337 0.446758 -0.147875 0.677756 -0.047710 0.533750 -0.188012 0.851152 0.262866 1.000000 0.174049 0.386920 -0.100944 0.222065 -0.101662 0.055988 -0.246949 -0.321109 -0.457175 -0.174447 -0.496103 -0.135328 -0.384461 0.357343 -0.249479 0.178095 -0.265816 -0.328047 -0.566714 0.060199 -0.009445 -0.198362 -0.222011 -0.032048 -0.282731 -0.278093 -0.365781 -0.221694 -0.113849 -0.059373 -0.202386 -0.214393 -0.314994 -0.312977 -0.236983 0.661124 -0.119974 0.308360 0.223682 0.280707 -0.149819 0.359007 -0.318594 -0.184884 -0.093618 0.355949 0.049769 0.697148 0.175289 0.243414 0.144719 0.360401 0.059378 0.282176 0.001345 -0.237513 0.123517 -0.154471 -0.394752 -0.133490 -0.365591 -0.153429 -0.175940 -0.094506 -0.306108 -0.265348 0.065524 -0.080809 -0.013738 -0.159470 -0.167084 -0.285428 -0.166710 0.107204 -0.208412 0.156060 0.083036 0.195628 0.097799 -0.134883 0.145334 -0.168281 -0.234251 -0.200555 -0.142657 -0.140650 -0.136542 0.266254 0.173818 0.249483 -0.069366 0.139704 -0.153386 0.095056 0.089403 -0.009527 -0.144290 -0.349905 0.082919 0.193878 -0.219758 -0.133306 -0.106073
0.056505 0.213119 -0.120412 0.320048 -0.164868 0.348615 0.006714 0.516254 0.081997 0.591051 0.044322 0.800562 0.174049 1.000000 -0.094758 0.232063 -0.041287 -0.205230 -0.113116 -0.092705 -0.183854 0.053770 -0.335599 0.014573 -0.240974 -0.012928 -0.043153 -0.261708 -0.135717 -0.119062 -0.057966 0.073906 0.105976 0.185531 0.093998 0.240868 -0.194640 -0.271173 -0.620975 -0.233641 -0.155726 -0.309263 -0.153544 0.027497 -0.099333 0.109422 -0.483867 -0.181027 -0.021367 -0.024496 -0.022889 0.189258 -0.282881 -0.387347 -0.431404 -0.416603 -0.271724 -0.289508 -0.041884 -0.067012 0.044402 0.286043 0.042299 -0.332113 0.306231 0.634463 -0.031479 0.289716 -0.285624 -0.117539 -0.260770 -0.082061 -0.191231 -0.082006 -0.046652 0.140926 0.024409 0.144941 -0.032281 -0.085830 -0.028904 -0.169017 -0.208550 0.043703 -0.198079 -0.002646 -0.377132 -0.342717 -0.014001 -0.091047 0.124554 -0.089800 0.544840 0.228561 0.031062 0.219217 -0.348347 -0.163108 -0.387387 -0.108640 -0.150677 0.096511 0.410261 0.068775 0.403017 -0.034342 0.164544 0.272762 0.065193 -0.088936 -0.105255 -0.072064 0.046607 0.129029 0.139332 0.225723
0.377846 -0.067164 -0.093354 -0.497136 0.227508 -0.200294 0.445031 -0.471051 0.253903 -0.389170 0.463487 -0.113073 0.386920 -0.094758 1.000000 -0.057390 0.208086 0.005617 0.305597 0.239558 -0.231916 -0.409181 0.415086 0.053800 -0.128368 -0.348468 0.201457 -0.111490 0.343991 0.037591 -0.309542 -0.296138 0.248705 -0.015924 0.004445 -0.160839 0.037287 -0.245240 -0.024904 -0.445555 -0.172167 0.209777 -0.314811 -0.459007 0.234756 -0.076797 -0.083822 -0.129547 0.183791 0.094452 0.181908 -0.283375 -0.099584 0.176374 0.217669 -0.073393 0.228246 0.314635 0.125758 -0.375288 0.192234 -0.298386 -0.193447 -0.106537 0.417325 -0.241876 -0.176282 -0.243263 0.036991 0.166657 0.105928 -0.208556 0.086451 -0.041691 0.189501 0.017579 -0.075189 -0.329070 0.163552 0.255305 0.002006 0.197086 0.517560 0.143918 0.459716 0.242490 0.509327 0.210571 0.558123 0.099706 -0.076764 -0.038930 -0.443096 -0.089193 -0.033463 -0.309317 -0.207011 -0.039054 -0.024204 -0.222268 0.013675 -0.250686 -0.243102 -0.325523 -0.215523 -0.302816 -0.173154 0.112484 -0.090408 -0.143738 -0.391331 -0.280372 0.224594 -0.180018 -0.178103 -0.102400
-0.299301 -0.120276 -0.120383 0.343369 0.121040 0.363859 0.046860 0.268250 0.015196 0.259614 -0.019489 0.300828 -0.100944 0.232063 -0.057390 1.000000 0.001565 0.111400 -0.235531 0.114304 0.170229 0.402258 0.017081 0.188617 0.181612 0.170807 0.113760 0.093672 0.194607 0.288946 0.034130 0.310239 -0.218732 -0.040879 -0.214346 -0.033873 0.187400 -0.025288 0.093718 0.131104 0.375774 0.179665 -0.180944 -0.279817 -0.355382 -0.161360 -0.021957 -0.185533 -0.191681 -0.190856 -0.298663 -0.188605 0.031296 -0.133438 -0.105865 -0.078942 -0.187766 -0.144815 -0.311609 -0.235014 -0.046291 -0.060865 0.092595 -0.015222 -0.085601 -0.079369 -0.280029 -0.341235 0.110384 -0.064709 -0.228805 0.087476 0.018105 0.201708 -0.026620 0.260719 0.211323 0.364435 0.068646 0.166970 0.123667 0.147377 0.063328 0.454180 -0.220345 -0.232269 -0.245480 -0.040672 -0.211429 -0.036266 0.343665 0.116265 0.267859 0.057194 -0.021882 0.235328 -0.144144 -0.052783 0.108697 0.067883 -0.124082 -0.021097 0.165773 -0.111809 0.178848 0.022032 0.074889 0.137938 -0.058694 0.044256 -0.069364 -0.079474 0.093006 0.237475 0.099611 -0.044549
0.078035 -0.062625 0.015958 -0.111828 -0.003245 -0.178649 0.229264 0.010371 -0.074339 -0.219503 0.386651 -0.027856 0.222065 -0.041287 0.208086 0.001565 1.000000 0.159471 0.154796 0.237517 -0.239773 -0.186961 -0.156171 -0.230186 -0.325672 -0.398980 -0.295184 -0.256761 0.552144 0.403925 0.031445 0.046082 0.287110 0.294746 -0.339095 -0.209700 0.273733 -0.090967 0.085626 0.000631 0.179339 0.197207 -0.210382 -0.358027 -0.036528 -0.330720 0.068881 -0.355335 0.004247 -0.052598 -0.124833 -0.265913 0.175353 0.126586 0.184988 0.102664 0.218849 0.068252 0.092185 0.046434 0.206869 -0.273557 0.231366 0.277840 0.010789 -0.326618 -0.087102 -0.444445 0.116579 -0.297076 0.004345 -0.152229 0.362701 0.103177 0.230685 0.052146 0.151542 -0.112578 0.170198 0.496931 0.499148 0.455629 0.366614 0.413729 -0.020803 0.036682 0.038697 -0.117694 -0.063369 -0.196628 -0.001177 -0.203243 -0.188300 -0.226439 0.016821 -0.066736 -0.172625 0.138188 0.157988 0.261834 -0.090051 0.061249 0.114006 -0.265154 -0.253776 -0.377738 -0.304944 -0.269661 -0.157954 -0.076261 -0.434172 0.039356 -0.094140 -0.321226 -0.237652 -0.259392
-0.357664 -0.113754 -0.140926 -0.212366 -0.152901 -0.235054 -0.247469 -0.026237 -0.055354 -0.064650 0.002487 0.016714 -0.101662 -0.205230 0.005617 0.111400 0.159471 1.000000 -0.337024 0.035681 -0.154798 -0.039875 -0.098738 -0.239436 -0.010869 -0.106307 -0.108122 -0.158611 0.515982 0.460889 -0.011740 0.005848 -0.099716 -0.136202 -0.384669 -0.378503 0.301762 -0.195072 0.191390 -0.207525 0.314066 0.329433 0.178986 -0.129518 -0.058494 -0.228606 0.207214 -0.289435 0.017097 0.018636 -0.232340 0.155509 0.217176 0.071026 0.255329 0.217031 -0.018583 0.178372 -0.140025 -0.006089 -0.039802 0.008612 0.045721 0.299291 -0.153641 -0.239777 -0.294737 -0.460689 0.007527 -0.357937 0.248499 0.371528 0.365102 0.421836 0.149655 0.241324 0.295177 0.224765 0.401469 0.560184 0.396987 0.558283 0.148500 0.232599 0.015926 -0.155367 -0.191778 -0.324512 -0.330294 -0.189099 0.240854 0.020565 0.009523 -0.025953 -0.349136 -0.080207 -0.218075 -0.005858 0.254099 0.141004 0.133913 -0.057872 0.040566 -0.310387 -0.038116 0.045975 0.099184 -0.039386 -0.062709 -0.122213 -0.164505 0.070176 0.187756 -0.026635 -0.163966 -0.091080
0.649857 -0.080823 0.168409 -0.224638 -0.063135 -0.152910 0.319367 -0.425472 -0.098052 -0.538948 0.196185 -0.399114 0.055988 -0.113116 0.305597 -0.235531 0.154796 -0.337024 1.000000 0.270799 0.065944 -0.314787 0.511245 0.232327 -0.021579 -0.265126 -0.052751 0.018214 0.025889 -0.259809 0.152656 -0.134039 0.211476 0.090202 -0.054152 -0.047142 -0.102478 0.252682 0.118870 -0.047741 -0.263119 -0.205073 -0.191973 -0.121887 0.058668 -0.231727 -0.172829 -0.142897 -0.068586 -0.140259 0.184187 -0.376435 0.015982 0.084790 0.202063 0.069534 0.259536 0.124936 0.188712 0.030387 0.186066 -0.266787 0.082906 0.023248 0.430318 -0.288050 0.384981 -0.036307 0.067645 0.131227 -0.190802 -0.445726 -0.050286 -0.341899 -0.101889 -0.192158 -0.278020 -0.533189 -0.262995 -0.142705 -0.294146 -0.163356 0.364279 -0.124782 0.392570 0.286086 0.445398 0.295719 0.474741 0.393189 -0.280670 -0.014085 -0.399659 -0.248507 0.109654 -0.115516 0.142341 0.036946 -0.138528 0.263474 0.014262 0.006107 -0.222890 0.204161 -0.206609 -0.188038 -0.249944 -0.082297 0.039896 0.005662 -0.240866 -0.173527 -0.267421 0.049129 -0.049213 -0.098242
0.152282 -0.262625 -0.428240 -0.229644 -0.298159 -0.246607 0.006604 -0.212183 -0.249974 -0.303818 -0.110276 -0.124454 -0.246949 -0.092705 0.239558 0.114304 0.237517 0.035681 0.270799 1.000000 -0.250586 -0.140587 0.125606 0.297634 -0.347159 -0.423333 -0.225045 -0.391244 0.374790 0.356971 -0.004193 0.005355 0.412022 0.298823 -0.134401 -0.048896 0.354159 0.044190 -0.005978 -0.078882 0.269314 0.003795 -0.527701 -0.545021 0.123151 -0.266534 -0.169063 -0.140044 -0.467789 0.100365 -0.456867 -0.621751 -0.118279 0.108314 -0.151314 -0.073277 0.325015 0.324119 0.028333 -0.225914 -0.129757 -0.331754 0.044569 0.023953 0.054404 -0.451708 -0.229227 -0.359632 0.390666 0.137591 0.120069 -0.171954 0.381592 0.185826 0.236002 0.118722 -0.013760 -0.128281 0.099412 0.078189 0.311943 0.394461 0.574871 0.597663 0.388180 0.250990 0.096656 0.124197 0.063011 -0.123192 0.007176 0.188028 -0.146166 -0.154623 0.076814 -0.182596 -0.294718 -0.039811 0.040923 0.326128 -0.040063 -0.062867 -0.224415 0.057875 -0.260551 0.137470 -0.052170 0.243530 -0.201436 -0.122809 -0.220156 -0.188843 0.066454 0.218695 0.144817 0.092383
-0.234429 -0.186432 0.177287 0.396448 0.137958 0.524683 -0.120056 0.081794 -0.120156 0.142695 -0.277031 -0.358081 -0.321109 -0.183854 -0.231916 0.170229 -0.239773 -0.154798 0.065944 -0.250586 1.000000 0.486760 0.289921 0.208065 0.542510 0.487925 0.295410 0.549796 -0.179492 -0.057885 0.331654 0.431584 -0.192029 -0.060282 0.153983 0.130418 -0.071138 0.044319 0.283819 0.302107 0.055082 -0.158225 0.162268 0.222479 -0.087429 0.093952 0.074257 -0.034404 -0.098017 0.049331 0.005226 0.191135 -0.079360 0.132921 -0.021911 0.095351 -0.174922 -0.190548 -0.119853 0.218470 -0.228079 -0.085640 -0.104159 -0.056041 -0.135027 0.034497 0.134496 0.054521 0.085438 -0.064133 -0.257645 0.227094 -0.042379 0.036366 -0.064143 0.105118 0.059317 0.153174 0.022037 -0.199794 -0.185986 -0.314052 -0.043057 -0.230186 -0.152236 -0.252925 0.065382 0.232649 -0.009498 0.093566 -0.140727 -0.193274 0.022352 -0.093113 0.033383 0.011835 0.191291 0.022651 -0.067354 -0.099675 -0.198565 -0.172282 0.065197 0.060612 -0.074367 -0.067517 -0.063987 -0.198691 0.309678 0.055275 0.315538 -0.052767 -0.177038 0.055885 0.046325 -0.083700
-0.495457 -0.140710 0.046209 0.564775 -0.054824 0.624269 -0.305459 0.431705 -0.074191 0.429566 -0.410930 0.146331 -0.457175 0.053770 -0.409181 0.402258 -0.186961 -0.039875 -0.314787 -0.140587 0.486760 1.000000 -0.023330 0.094547 0.378886 0.568233 0.079659 0.410802 -0.052663 0.253156 0.242722 0.574263 -0.126838 0.079414 -0.099237 0.113826 -0.023268 -0.124511 0.080249 0.280713 0.162980 -0.110508 0.190644 0.261577 -0.191583 0.084827 0.124232 0.041377 -0.338738 -0.143801 -0.146185 0.034619 -0.259400 -0.148494 -0.449206 0.145333 -0.117235 -0.261832 -0.294822 0.119828 -0.433174 -0.022925 -0.121963 -0.217309 -0.325847 0.120948 -0.052999 -0.019734 0.066893 -0.220066 -0.236851 0.294731 0.008900 0.285763 0.131834 0.235503 0.169707 0.436419 0.190690 -0.160311 0.138442 -0.033603 -0.072727 0.004268 -0.216331 -0.258491 -0.222343 0.153155 -0.260699 -0.169699 -0.261690 -0.191283 0.226218 0.107586 0.098300 0.237415 0.104918 0.010460 -0.207154 -0.108185 -0.390545 -0.095271 0.139412 0.004611 0.063393 0.195074 0.048134 -0.081894 0.019838 0.125537 0.318427 0.008123 -0.054562 0.032498 0.219632 0.168201
0.160200 -0.414411 0.050447 -0.144025 0.221907 0.100601 0.145627 -0.486214 0.071580 -0.422871 -0.082381 -0.491784 -0.174447 -0.335599 0.415086 0.017081 -0.156171 -0.098738 0.511245 0.125606 0.289921 -0.023330 1.000000 0.543869 0.447766 0.135548 0.241156 0.416321 -0.068792 -0.173950 0.327695 0.135263 -0.046714 -0.129552 0.212268 0.003289 -0.154547 -0.001408 0.357475 -0.011155 -0.166325 -0.017500 -0.104606 -0.039913 0.203938 0.073882 0.028932 -0.059887 -0.100006 -0.081884 0.280512 -0.326512 -0.044631 0.152747 0.236754 0.184153 0.056594 0.009338 -0.121137 -0.249176 -0.100259 -0.350345 -0.143253 -0.089418 0.314070 -0.313390 0.092538 -0.036584 0.002586 0.102643 -0.150999 -0.112514 -0.113379 -0.189907 -0.062622 -0.076348 -0.031192 -0.219713 -0.057732 -0.071589 -0.434692 -0.239947 0.422216 -0.179438 0.530156 0.145668 0.638759 0.427836 0.565858 0.359418 -0.286034 -0.065655 -0.410049 -0.197064 -0.053352 -0.079062 0.133716 -0.031337 0.015565 -0.051377 -0.098455 -0.447949 -0.506864 -0.057402 -0.202660 -0.077856 -0.244351 -0.053829 0.131037 0.152456 0.024664 -0.139550 0.062157 0.005502 0.063224 -0.069290
0.038263 -0.396174 -0.404645 0.180130 -0.124353 0.187177 -0.331588 -0.242522 -0.374923 -0.052847 -0.394250 -0.180432 -0.496103 0.014573 0.053800 0.188617 -0.230186 -0.239436 0.232327 0.297634 0.208065 0.094547 0.543869 1.000000 0.224785 0.277401 -0.011009 0.239842 -0.259439 -0.179939 0.290912 0.399220 0.044541 0.092087 0.316692 0.260692 -0.146945 0.080842 0.089736 0.081622 -0.112403 -0.090805 -0.219926 -0.067864 0.228933 0.299329 -0.098705 0.122602 -0.410681 0.144340 -0.081214 -0.342486 -0.340142 0.119991 -0.205265 -0.050812 0.039906 0.103450 -0.283702 -0.281031 -0.318401 -0.289350 -0.187281 -0.304025 0.065893 -0.086629 -0.146855 0.149559 0.080147 0.239065 -0.092139 0.050844 -0.234826 0.012570 -0.034266 0.026678 -0.138968 -0.005945 -0.029195 -0.142974 -0.370488 -0.253173 0.164800 -0.035205 0.370266 0.335535 0.148011 0.365289 0.278522 0.200777 -0.118337 0.026056 -0.018557 -0.138166 0.031460 0.126472 -0.045922 -0.136142 -0.012427 -0.091455 -0.219899 -0.214147 -0.399140 0.093923 -0.015997 0.124679 0.088689 0.234311 0.222579 0.197390 0.151076 -0.093283 -0.034233 0.185756 0.191686 0.264755
-0.371563 -0.082351 0.407755 0.179215 0.558711 0.513494 -0.054757 -0.128203 0.293703 -0.047642 -0.107842 -0.191303 -0.135328 -0.240974 -0.128368 0.181612 -0.325672 -0.010869 -0.021579 -0.347159 0.542510 0.378886 0.447766 0.224785 1.000000 0.703432 0.521705 0.655453 -0.218888 -0.296584 0.334523 0.250164 -0.169796 -0.022202 0.145520 0.067639 -0.125946 -0.153710 0.310721 0.017211 -0.212406 -0.247070 0.197709 0.260792 -0.091807 0.085648 -0.040477 0.099584 0.133624 -0.279290 0.351363 0.081382 -0.097069 -0.080221 0.104857 -0.139468 -0.349937 -0.190592 -0.244646 0.070585 -0.139697 -0.007227 -0.133364 -0.070472 -0.070276 -0.011062 0.244589 0.268129 -0.080104 0.140417 -0.255820 0.085606 -0.238775 -0.080863 -0.117802 0.012542 0.072940 0.031519 -0.011234 -0.100642 -0.429979 -0.396713 -0.181958 -0.478126 -0.176971 -0.187995 0.267474 0.157684 0.064974 0.129323 -0.277882 0.000618 -0.145767 0.169032 -0.292662 0.134973 0.167341 -0.356145 -0.258514 -0.339966 -0.031733 -0.067439 -0.169751 -0.038809 0.021940 0.284308 0.102285 0.061595 0.295083 0.290885 0.482037 -0.031023 -0.182768 -0.171015 0.293202 0.154926
-0.449831 0.051633 0.210622 0.480545 0.209930 0.544764 -0.393790 0.103832 -0.022999 0.277016 -0.355800 0.029317 -0.384461 -0.012928 -0.348468 0.170807 -0.398980 -0.106307 -0.265126 -0.423333 0.487925 0.568233 0.135548 0.277401 0.703432 1.000000 0.285810 0.683132 -0.419792 -0.296063 0.317009 0.398385 -0.155959 0.097731 0.298363 0.205491 -0.124443 -0.038800 0.157939 0.179073 -0.166603 -0.152875 0.281054 0.491863 -0.121267 0.295203 0.127121 0.328782 -0.071777 -0.273519 0.278308 0.150973 -0.313654 -0.205815 -0.302754 -0.011544 -0.219737 -0.044944 -0.491526 -0.002909 -0.385288 0.133988 -0.302593 -0.238190 -0.294037 0.262555 0.074365 0.335600 -0.152732 0.017191 -0.171623 0.198928 -0.331744 -0.003253 -0.070973 0.033826 -0.050925 0.267922 0.078366 -0.183100 -0.289028 -0.352992 -0.346019 -0.451343 -0.185666 0.016693 -0.077452 0.158854 -0.079018 0.123837 -0.280918 -0.247063 0.083218 0.205273 0.050926 0.370364 0.341750 -0.224686 -0.286391 -0.392693 -0.273836 -0.014082 -0.137481 -0.105516 0.030528 0.184500 0.082514 -0.006302 0.357687 0.326138 0.655754 0.059319 -0.183467 -0.199146 0.195950 0.221967
-0.055717 0.161939 0.403005 -0.120481 0.655317 0.446396 0.334109 -0.166178 0.416715 -0.122059 0.350100 0.027930 0.357343 -0.043153 0.201457 0.113760 -0.295184 -0.108122 -0.052751 -0.225045 0.295410 0.079659 0.241156 -0.011009 0.521705 0.285810 1.000000 0.364817 -0.182937 -0.397476 -0.239631 -0.249006 -0.170788 -0.097370 -0.000812 -0.094954 -0.090900 -0.248882 -0.066605 -0.129183 -0.247157 -0.199181 0.025061 -0.042374 -0.274821 -0.103468 -0.155474 0.018040 0.445390 -0.125680 0.350711 0.174812 0.134042 -0.167919 0.227052 -0.189730 -0.254657 0.006659 0.063476 0.085997 0.260105 0.117168 0.080762 0.009246 0.210528 -0.016952 0.349389 0.119566 0.018328 0.316198 -0.380057 -0.228321 -0.459338 -0.399000 -0.264239 -0.289776 -0.203192 -0.121601 -0.076421 -0.146312 -0.284726 -0.223596 -0.264571 -0.336844 -0.313319 -0.204083 0.194262 0.176454 0.247143 0.217776 -0.000542 -0.013010 -0.199918 0.128844 -0.236996 -0.255606 0.046519 -0.264647 -0.313737 -0.477056 0.098820 0.019493 -0.108069 -0.157064 -0.028041 0.180930 0.212670 0.217932 0.159991 0.066238 0.185379 -0.134516 -0.022408 -0.129816 0.095213 0.067806
-0.199470 -0.172014 0.290881 0.354125 0.235647 0.507804 -0.138506 -0.115334 -0.013196 -0.040319 -0.195548 -0.333629 -0.249479 -0.261708 -0.111490 0.093672 -0.256761 -0.158611 0.018214 -0.391244 0.549796 0.410802 0.416321 0.239842 0.655453 0.683132 0.364817 1.000000 -0.273747 -0.229056 0.295198 0.327253 -0.204331 -0.050149 0.171126 -0.080787 0.110111 0.019434 0.493965 0.262457 -0.042501 0.027652 0.365964 0.485188 -0.116092 0.107635 0.226443 0.213824 -0.028258 -0.356842 0.309249 0.039010 -0.093768 0.052048 0.057760 0.146228 -0.063892 -0.081060 -0.331204 -0.029022 -0.239251 -0.126452 -0.134316 -0.074031 -0.228911 -0.069988 0.087373 0.071578 -0.077003 -0.117973 -0.259120 0.007148 -0.301626 -0.045885 -0.019382 -0.011906 0.017294 0.048952 0.015770 -0.107745 -0.272780 -0.230635 -0.093200 -0.374335 -0.032712 0.039183 0.266389 0.424931 0.062274 0.181046 -0.291053 -0.183167 -0.201644 -0.115743 0.069583 0.196167 0.332772 -0.062153 -0.042164 -0.293142 -0.257018 -0.116437 -0.309520 -0.329484 -0.054334 0.003255 -0.161660 -0.227014 0.285157 0.400396 0.479024 0.165040 -0.083086 -0.197482 0.105229 0.195779
-0.047325 -0.247338 -0.153231 -0.190275 -0.128821 -0.201691 0.249106 -0.039365 0.048136 -0.242174 0.294139 0.014051 0.178095 -0.135717 0.343991 0.194607 0.552144 0.515982 0.025889 0.374790 -0.179492 -0.052663 -0.068792 -0.259439 -0.218888 -0.419792 -0.182937 -0.273747 1.000000 0.666165 -0.000568 0.035942 0.147316 0.184922 -0.459530 -0.452297 0.553862 -0.313095 0.074024 -0.333254 0.501509 0.340287 -0.065768 -0.362771 -0.085359 -0.505823 -0.100846 -0.581017 -0.008206 -0.037570 -0.304026 -0.129881 0.148371 0.142114 0.150555 0.056521 0.029520 0.014921 0.093403 -0.149320 0.168616 -0.369586 0.224072 0.156645 0.053900 -0.392688 -0.242449 -0.600288 0.087010 -0.305994 0.123771 0.030259 0.713473 0.410370 0.453596 0.313723 0.378434 0.052488 0.380808 0.574116 0.515576 0.676177 0.594643 0.539175 0.107858 -0.069982 -0.016279 -0.194984 -0.160617 -0.235986 0.081260 0.058301 -0.197729 -0.177254 -0.338033 -0.272408 -0.462665 -0.146876 0.091323 0.250447 0.000606 -0.066485 0.078430 -0.313518 -0.128392 -0.111523 -0.039240 -0.104106 -0.136323 -0.232612 -0.521726 -0.089732 0.129662 -0.141823 -0.216302 -0.158823
-0.324845 -0.313234 -0.351036 0.171157 -0.312102 -0.065978 -0.094071 0.310717 -0.108382 0.178133 -0.190325 0.064348 -0.265816 -0.119062 0.037591 0.288946 0.403925 0.460889 -0.259809 0.356971 -0.057885 0.253156 -0.173950 -0.179939 -0.296584 -0.296063 -0.397476 -0.229056 0.666165 1.000000 0.050618 0.386226 0.119444 0.175840 -0.294263 -0.201256 0.464138 -0.012470 0.151832 0.042212 0.603378 0.444974 -0.145882 -0.232626 -0.020178 -0.242121 0.183830 -0.326272 -0.392909 0.110904 -0.535816 -0.252594 -0.023493 0.188397 -0.098501 0.266824 0.150599 0.004426 -0.078253 -0.152834 -0.272328 -0.318061 -0.001033 0.039463 -0.228055 -0.240392 -0.560847 -0.580947 0.202462 -0.456116 0.178341 0.298119 0.754273 0.665593 0.488706 0.539112 0.483816 0.368122 0.432598 0.426826 0.653978 0.586891 0.481560 0.681018 0.083555 -0.128842 -0.145211 -0.130957 -0.329223 -0.371414 0.070765 -0.040701 0.133585 -0.205829 -0.077053 0.004181 -0.342660 0.295055 0.321343 0.431409 -0.207205 -0.219558 0.215761 -0.210330 -0.077386 -0.148471 -0.276032 -0.349883 -0.237473 -0.177983 -0.300273 0.047082 0.238114 0.071230 -0.215115 -0.195711
-0.232792 -0.350799 0.193443 0.292919 -0.048791 0.141183 -0.234249 0.058177 -0.157347 -0.005042 -0.319885 -0.195475 -0.328047 -0.057966 -0.309542 0.034130 0.031445 -0.011740 0.152656 -0.004193 0.331654 0.242722 0.327695 0.290912 0.334523 0.317009 -0.239631 0.295198 -0.000568 0.050618 1.000000 0.647895 0.158924 0.358820 0.312915 0.301509 -0.005340 0.124284 0.292000 0.164659 0.016019 -0.134729 0.010705 0.329950 -0.020457 -0.064937 -0.120778 -0.135628 -0.276094 -0.331311 0.170642 -0.074926 -0.049100 -0.146817 0.010791 0.032365 -0.308718 -0.370242 -0.281040 -0.025664 -0.273906 -0.239568 0.015842 -0.090933 0.028486 0.009550 0.072605 0.214666 -0.247198 -0.353129 0.051131 0.165061 0.090172 0.115270 0.070515 0.274294 0.414558 0.256039 -0.183848 -0.254534 -0.262334 -0.253484 0.154697 -0.091421 0.091014 -0.100251 0.033337 -0.048412 -0.038208 -0.204412 -0.352451 -0.172842 -0.036796 0.035666 0.052473 0.334108 0.141138 -0.012752 -0.088035 0.198584 -0.208068 -0.104768 -0.014318 0.029821 -0.051476 -0.014307 -0.214230 -0.361638 0.272537 0.176755 0.386411 0.361819 0.118206 -0.067735 0.106630 -0.019488
-0.447768 -0.380264 -0.237670 0.640916 -0.215597 0.426979 -0.430493 0.398500 -0.326076 0.389833 -0.482696 -0.014154 -0.566714 0.073906 -0.296138 0.310239 0.046082 0.005848 -0.134039 0.005355 0.431584 0.574263 0.135263 0.399220 0.250164 0.398385 -0.249006 0.327253 0.035942 0.386226 0.647895 1.000000 0.131835 0.401655 0.225527 0.349149 0.086737 0.106149 0.182289 0.186759 0.258058 0.081612 -0.034872 0.202513 -0.087115 0.044923 -0.018887 -0.124807 -0.577592 -0.110616 -0.247209 -0.169268 -0.325771 -0.118567 -0.329197 0.041779 -0.217381 -0.302800 -0.364006 -0.034043 -0.510201 -0.237355 -0.105725 -0.174351 -0.212935 0.141584 -0.332532 0.046130 -0.072820 -0.384343 -0.153162 0.343684 0.150286 0.459010 0.157419 0.482704 0.402697 0.499190 0.179524 0.028753 0.115228 -0.020426 0.148632 0.184883 -0.011642 -0.162344 -0.164870 0.075105 -0.195925 -0.293231 -0.331556 -0.251813 0.162553 0.000621 0.005071 0.371519 -0.032837 0.133721 -0.012746 0.148915 -0.407762 -0.247270 0.153204 -0.062080 0.076606 -0.015118 -0.124330 -0.329959 0.139644 0.219793 0.321030 0.225132 0.162740 0.051142 0.048540 0.132046
0.145052 -0.048957 -0.019160 -0.172705 -0.108326 -0.086240 0.096956 -0.002463 -0.107350 -0.130266 0.160809 0.076068 0.060199 0.105976 0.248705 -0.218732 0.287110 -0.099716 0.211476 0.412022 -0.192029 -0.126838 -0.046714 0.044541 -0.169796 -0.155959 -0.170788 -0.204331 0.147316 0.119444 0.158924 0.131835 1.000000 0.703163 0.093096 0.239864 0.081857 -0.121637 -0.167448 -0.242014 -0.275803 -0.260077 -0.310944 -0.117832 0.176415 -0.130422 -0.326931 -0.023648 -0.272892 -0.002603 -0.079218 -0.301326 -0.274215 -0.013329 -0.210142 -0.333210 0.097309 0.205154 -0.120682 -0.100196 -0.119503 -0.117796 -0.137219 -0.091150 0.199952 -0.059210 -0.117669 0.074470 -0.111012 -0.085394 0.041628 -0.232958 0.192805 0.157951 0.229270 0.215032 0.156342 -0.053340 0.103694 -0.001495 0.096890 0.100068 0.218337 0.076634 0.173542 0.155239 0.086316 -0.057905 0.064666 -0.293041 -0.341283 -0.126321 -0.125975 0.022737 0.072095 0.244403 -0.281333 -0.099105 -0.296007 0.166791 -0.265302 0.029447 -0.020636 -0.013975 0.092751 -0.025994 -0.115380 0.071578 0.203696 0.007787 0.058635 0.097853 0.244845 -0.048816 0.174949 0.226590
-0.067274 -0.168687 0.006593 0.104830 -0.025819 0.159694 -0.047796 0.178713 -0.070291 0.012168 0.138265 0.130351 -0.009445 0.185531 -0.015924 -0.040879 0.294746 -0.136202 0.090202 0.298823 -0.060282 0.079414 -0.129552 0.092087 -0.022202 0.097731 -0.097370 -0.050149 0.184922 0.175840 0.358820 0.401655 0.703163 1.000000 0.038932 0.274008 0.250869 -0.062330 -0.132612 -0.208005 -0.038007 -0.207948 -0.223085 0.020687 -0.061756 -0.272704 -0.433864 -0.152618 -0.243272 -0.116168 -0.088691 -0.281403 -0.202815 -0.210686 -0.332562 -0.438288 -0.110621 -0.021444 -0.092981 0.020088 -0.117874 -0.126488 0.077209 -0.085479 -0.002213 0.003389 -0.017692 0.116050 -0.250493 -0.150886 -0.139375 -0.135337 0.192368 0.199695 0.276704 0.331085 0.211163 0.059191 0.134326 0.033518 0.212470 0.116723 0.077095 0.094189 -0.057841 -0.033655 -0.107847 -0.109685 -0.150105 -0.346980 -0.279478 -0.119269 -0.016229 0.098977 -0.057359 0.178513 -0.289521 -0.284673 -0.299635 0.178628 -0.207628 0.053356 0.133748 0.003599 0.189432 0.083880 -0.029189 -0.028079 0.253352 0.040128 0.167766 0.216826 0.173784 -0.022648 0.097451 0.272547
0.002313 -0.104817 -0.065543 0.199158 0.118628 0.155143 -0.102543 -0.034175 -0.020738 0.129206 -0.376828 -0.084877 -0.198362 0.093998 0.004445 -0.214346 -0.339095 -0.384669 -0.054152 -0.134401 0.153983 -0.099237 0.212268 0.316692 0.145520 0.298363 -0.000812 0.171126 -0.459530 -0.294263 0.312915 0.225527 0.093096 0.038932 1.000000 0.630568 -0.388031 0.068548 -0.133999 0.099887 -0.268737 -0.131715 -0.052016 0.255744 0.345827 0.563106 -0.104529 0.242162 -0.087971 0.051945 0.287903 0.009715 -0.307273 -0.155742 -0.135267 -0.067921 -0.189919 -0.168238 -0.141834 -0.248297 -0.237081 -0.030680 -0.320002 -0.308422 0.175641 0.430495 -0.044891 0.552234 -0.089180 0.149612 0.105704 0.039208 -0.272977 -0.126100 -0.123845 0.053575 0.093562 0.193786 -0.171935 -0.335099 -0.443773 -0.556349 -0.126511 -0.235205 0.148229 0.122711 0.161382 0.121964 0.325156 0.107768 -0.347144 -0.260471 -0.038027 0.064655 0.197672 0.166204 0.188883 0.125059 -0.229866 -0.261823 -0.162971 -0.227242 -0.190128 0.064480 -0.070711 -0.025655 -0.137462 -0.072197 0.222442 0.149254 0.393720 0.055873 0.142029 -0.016226 0.075571 0.006329
-0.077647 -0.047242 -0.086939 0.256288 0.164572 0.191572 -0.147279 0.261079 -0.104341 0.244059 -0.250514 0.038250 -0.222011 0.240868 -0.160839 -0.033873 -0.209700 -0.378503 -0.047142 -0.048896 0.130418 0.113826 0.003289 0.260692 0.067639 0.205491 -0.094954 -0.080787 -0.452297 -0.201256 0.301509 0.349149 0.239864 0.274008 0.630568 1.000000 -0.521469 0.043843 -0.196726 0.056202 -0.309448 -0.280100 -0.316432 0.042638 0.307494 0.405141 -0.256192 0.211169 -0.278283 0.180976 0.016308 -0.099237 -0.255416 -0.269909 -0.372664 -0.224496 -0.140161 -0.241178 0.034473 0.138067 -0.107716 0.087583 -0.040883 -0.165774 0.178154 0.381977 0.105666 0.581989 0.013565 0.097653 -0.159656 -0.009590 -0.299741 -0.109042 -0.275259 0.074950 -0.027835 0.113243 -0.191731 -0.430558 -0.217793 -0.438152 -0.204392 -0.041006 -0.077474 -0.169896 -0.121595 -0.005166 0.165583 -0.193845 -0.313403 -0.304835 0.065985 0.064231 0.207207 0.194102 0.092407 0.105734 -0.322549 -0.164685 -0.091896 -0.073937 0.056824 0.227756 0.022264 -0.033145 -0.050520 0.069656 0.193392 0.016540 0.367891 -0.013064 0.019816 0.086814 -0.025523 0.078942
