1.000000 0.609270 0.341767 0.484781 -0.098923 0.305372 0.179192 0.162641 -0.235857 -0.041212 0.423562 0.499410 0.441155 0.336442 0.096857 0.077867 0.428874 0.242473 0.459521 -0.129908 0.054061 0.048686 0.545352 0.047169 0.247124 0.156680 0.060865 0.246324 0.301010 0.123045 0.438238 0.237402 0.484365 0.453970 -0.114497 -0.111288 -0.029300 -0.042956 -0.030675 0.243611 -0.085941 0.084445 0.073854 -0.169926 -0.050172 -0.227628 0.057359 0.033548 -0.095074 -0.236773 -0.198845 -0.202987 -0.137947 -0.192494 -0.087117 -0.010079 0.226408 0.084600 0.113839 -0.163509 0.278862 0.005860 0.163920 0.369946 0.355465 0.102283 -0.130649 -0.388065 0.398331 -0.320085 -0.151460 0.134874 0.135945 0.011655 0.243747 0.136466 0.053466 -0.443975 0.134671 0.078332 0.001495 0.133347 -0.105679 -0.011072 0.098054 -0.124329 0.009618 0.018956 0.102821 -0.007441 -0.386533 -0.396130 -0.345321 -0.398737 -0.402958 -0.452324 -0.195027 -0.541285 -0.285573 -0.421938 -0.215631 -0.125911 -0.161563 -0.228645 -0.274658 -0.300354 -0.381166 -0.320148 -0.296966 -0.424831 -0.399289 -0.379309 -0.449066 -0.315895 -0.176318 -0.303957
0.609270 1.000000 0.281072 0.351192 -0.431164 -0.215181 0.343600 0.292570 -0.229566 -0.299808 0.311242 0.385395 0.246195 0.245912 -0.215458 -0.122564 0.234371 0.124985 0.250595 -0.009104 -0.197462 -0.227760 0.312573 -0.099179 -0.256149 -0.147124 -0.293788 0.075524 0.110477 -0.113415 0.178035 0.097301 0.463666 0.410997 -0.299718 -0.141743 -0.275855 -0.109637 -0.125451 0.170587 -0.178853 0.123194 0.042897 -0.062478 0.113575 -0.021889 0.003261 -0.049951 0.136387 0.086144 -0.075461 -0.066121 -0.108052 -0.086434 -0.322509 -0.229156 0.346851 0.431240 0.273061 0.160792 0.287306 0.313390 0.202289 0.435458 0.144029 0.210194 0.038983 -0.143918 0.390175 -0.072567 -0.242837 -0.045635 0.002355 -0.064272 0.015468 -0.051257 -0.225371 -0.345067 0.097151 0.077593 0.146121 0.109397 -0.214801 -0.167463 -0.040939 -0.189530 0.011718 -0.027269 -0.337792 -0.217035 -0.291748 -0.246238 -0.183937 -0.283418 -0.447664 -0.226258 -0.291522 -0.476316 -0.075022 -0.395938 0.154053 0.028109 0.105851 -0.123713 -0.150999 -0.201752 -0.206824 -0.202045 -0.232786 -0.236031 -0.508972 -0.454592 -0.511333 -0.254690 -0.027455 -0.399075
0.341767 0.281072 1.000000 0.539443 -0.175200 0.153475 0.668321 0.449531 -0.218240 -0.128238 0.270442 0.096669 0.345498 0.124257 0.195821 0.236362 -0.016053 0.231996 0.562297 -0.271610 0.302752 0.104288 0.367746 -0.185950 -0.185875 0.183886 0.222721 0.384143 0.167366 0.273252 0.166796 0.105019 0.074296 -0.062074 0.127136 0.022153 0.093120 0.225145 0.101535 -0.035914 0.305190 0.203443 0.112560 -0.016250 -0.231516 -0.313800 0.185653 -0.088839 -0.186057 -0.219556 -0.135488 -0.124182 -0.144958 -0.159069 0.108963 0.251232 0.056000 -0.037416 -0.064238 -0.129981 -0.067483 -0.210620 0.173943 0.053052 -0.029612 -0.211169 -0.339107 -0.293002 -0.208031 -0.229219 0.253328 0.210356 0.234345 0.331931 0.355846 0.361839 0.215556 0.138905 -0.019230 0.147032 -0.087879 -0.052933 0.080701 -0.010758 0.085899 0.026074 0.111655 0.064298 0.159074 0.228185 -0.366018 -0.356568 -0.360376 -0.402986 -0.260401 -0.098229 0.114242 -0.218637 -0.271498 -0.278549 -0.158235 -0.049205 -0.375693 -0.260881 -0.096769 -0.371445 -0.347016 -0.341863 -0.159781 -0.246921 -0.440120 -0.188896 -0.251813 -0.144803 0.081190 -0.116642
0.484781 0.351192 0.539443 1.000000 0.072384 0.247936 0.210055 0.448117 -0.330912 -0.204902 0.063736 0.351377 0.341052 0.228909 0.040558 0.209645 0.096433 -0.005757 0.655812 -0.064379 -0.067585 -0.160794 0.543921 0.131078 0.133364 0.154606 0.071308 0.153510 0.219327 0.231710 0.523938 0.245825 0.251337 0.143314 -0.042398 -0.226741 0.126690 0.356267 -0.049523 0.263230 0.083624 0.318806 0.019676 -0.035086 -0.363665 -0.266370 0.142799 0.089651 -0.268427 -0.260081 -0.178962 -0.198664 -0.034429 0.199041 0.200063 0.227446 -0.130157 -0.142672 -0.192642 -0.211167 -0.185094 -0.276941 0.016762 -0.042578 0.173165 -0.171441 -0.428426 -0.372969 0.125024 -0.277723 -0.126047 0.209657 0.181518 0.184625 0.238758 0.186730 -0.024159 -0.444232 -0.052938 -0.013454 -0.327419 -0.055267 -0.148896 0.114652 -0.041684 0.254473 0.029493 0.030712 0.163178 0.263727 -0.252242 -0.276322 -0.192769 -0.340465 -0.220862 -0.216087 -0.134513 -0.337564 -0.147621 -0.330288 -0.213635 -0.103941 -0.161498 -0.063281 0.079330 -0.059085 -0.391851 -0.233556 -0.001796 -0.381464 -0.435459 -0.174548 -0.095112 -0.043310 0.122614 -0.069024
-0.098923 -0.431164 -0.175200 0.072384 1.000000 0.524287 -0.395943 0.054327 0.473320 0.380305 -0.242182 -0.026406 0.060861 0.095938 0.443802 0.363489 -0.034784 -0.283308 0.025146 -0.069023 0.105179 0.210870 -0.167566 0.059501 0.502645 -0.033615 0.464667 -0.270391 0.013751 -0.054250 0.121636 -0.102657 -0.326981 -0.334831 -0.191854 -0.134667 0.143818 0.060266 -0.184499 -0.148265 -0.179092 -0.108407 -0.041438 -0.053422 -0.198607 0.035150 0.055850 0.142213 0.049967 -0.079049 0.365117 0.328965 0.410415 0.413499 0.393516 0.156160 -0.437805 -0.392865 0.007182 -0.008383 -0.090555 -0.160134 -0.263704 -0.365892 0.056572 0.181205 -0.083254 -0.006762 -0.219623 0.007671 0.038339 0.105865 -0.060115 -0.118456 -0.065921 -0.024518 -0.008502 -0.285837 -0.219282 -0.469739 -0.502223 -0.342580 -0.003260 -0.044042 -0.117510 0.114679 -0.305074 -0.430478 0.374903 0.183103 0.207635 0.183899 0.119169 0.163757 0.314231 -0.017677 -0.086097 0.046145 0.025718 0.192349 -0.145332 0.059814 -0.099557 0.163809 0.218126 0.334356 0.053809 0.226954 0.459661 -0.022418 0.184859 0.282658 0.335794 0.325493 0.074040 0.264334
0.305372 -0.215181 0.153475 0.247936 0.524287 1.000000 -0.109414 0.008907 0.098157 0.423235 0.020430 0.112638 0.033386 0.061098 0.547648 0.385619 0.052046 0.233140 0.409403 -0.248203 0.458967 0.571778 0.278186 0.026657 0.584699 0.313606 0.808478 0.407293 0.263566 0.404558 0.212161 0.186810 -0.153975 -0.186687 0.104828 -0.145426 0.588266 0.119278 0.227900 0.090491 0.136039 0.076682 -0.058766 -0.309143 -0.396323 -0.417051 0.198044 0.078282 -0.396327 -0.450962 -0.217984 -0.137062 -0.019626 0.020291 0.587955 0.456938 -0.388567 -0.475382 -0.312744 -0.359546 -0.234823 -0.456746 -0.184476 -0.230196 0.170351 -0.109658 -0.393894 -0.465141 -0.215526 -0.370105 0.109663 0.398998 0.223187 0.254894 0.214237 0.163795 0.304415 -0.083340 0.051553 0.013242 -0.407794 -0.009926 0.238860 0.388261 0.138907 0.212275 0.082765 0.063565 0.680282 0.525989 -0.252368 -0.317500 -0.366008 -0.202360 0.079970 -0.094855 0.293633 -0.000208 -0.475993 0.084278 -0.230323 0.073409 -0.227116 0.174665 0.234821 0.173403 -0.320873 -0.041637 0.354316 -0.078664 0.010348 0.263254 0.098272 0.265367 0.061803 0.096241
0.179192 0.343600 0.668321 0.210055 -0.395943 -0.109414 1.000000 0.501983 -0.216594 -0.164192 0.315266 0.092081 0.153463 0.090592 0.205898 -0.077207 -0.011184 0.157699 0.183699 -0.122047 0.043687 -0.095934 0.497742 -0.011121 -0.232353 0.100374 0.012172 0.324846 0.040299 0.004667 0.107704 0.206897 0.096399 0.076294 0.008337 0.152878 -0.157891 -0.101179 -0.185290 -0.197933 0.006950 0.010549 0.125926 -0.013730 0.047298 -0.082883 0.114651 -0.169827 -0.048561 0.001286 -0.084620 -0.189852 -0.207351 -0.264328 -0.191747 -0.187636 0.299625 0.213568 0.029070 -0.037906 0.129522 0.114647 0.188668 0.186747 0.096591 -0.103913 -0.185061 -0.087417 -0.192542 -0.043406 0.167839 0.038783 0.031449 0.199723 0.210744 0.220889 0.099512 0.148330 0.115540 0.164489 0.122429 -0.060644 0.148422 -0.142009 0.180762 -0.243567 0.157076 -0.021652 -0.046112 -0.137975 -0.300431 -0.210533 -0.180201 -0.183081 -0.443721 -0.209069 -0.129623 -0.355521 -0.385245 -0.285875 -0.062608 0.008163 -0.005780 0.053641 0.084740 -0.308666 -0.200520 -0.228977 -0.165945 -0.274751 -0.323103 -0.379338 -0.423552 -0.124685 0.129915 -0.431522
0.162641 0.292570 0.449531 0.448117 0.054327 0.008907 0.501983 1.000000 0.074869 0.190256 0.134128 0.382355 0.076618 0.361037 0.082282 0.054792 -0.175052 -0.108539 -0.005857 -0.121147 -0.277097 -0.300735 0.320666 0.142359 -0.030136 -0.025024 0.012401 0.011030 -0.194032 -0.254319 0.125421 0.081543 -0.097783 -0.102312 -0.232013 0.284375 -0.326156 -0.178999 -0.496205 -0.216420 -0.418851 -0.127829 0.138814 0.177563 0.176360 0.294569 0.023409 0.109590 0.265704 0.250775 0.118279 0.164496 0.112372 0.061736 -0.124560 -0.243877 -0.006762 -0.087539 0.241234 0.118470 0.188915 0.308543 -0.165191 0.008490 0.215183 0.410660 -0.151208 0.106084 -0.307881 0.085008 0.017715 -0.124863 -0.219013 -0.042833 -0.064179 -0.015531 -0.084740 -0.176834 -0.214928 -0.263970 -0.388575 -0.434212 -0.368571 -0.355739 -0.129025 -0.113914 -0.175629 -0.407828 -0.029379 -0.200665 -0.033635 -0.024060 0.074481 0.023309 -0.266763 -0.223153 -0.474738 -0.420503 -0.246036 -0.182650 0.128075 0.271681 0.095744 0.257094 0.267857 0.058828 -0.134377 0.057936 0.146884 -0.285304 -0.156860 -0.303090 -0.177852 0.238239 0.071925 -0.352413
-0.235857 -0.229566 -0.218240 -0.330912 0.473320 0.098157 -0.216594 0.074869 1.000000 0.648537 -0.294921 -0.145560 -0.151564 0.047375 0.145057 0.268354 -0.282410 -0.363604 -0.371228 0.000004 0.167320 0.107269 -0.451234 -0.128055 -0.006248 -0.388596 0.079921 -0.313687 -0.243642 -0.232735 -0.358885 -0.515386 -0.442422 -0.470300 -0.233354 -0.063343 -0.069881 -0.191350 -0.119757 -0.355565 -0.212826 -0.213734 -0.032012 -0.068067 0.169104 0.296968 -0.093676 0.000225 0.306701 0.120224 0.257863 0.374398 0.422622 0.132194 0.124540 -0.130586 -0.217319 -0.161328 0.204784 0.266344 -0.083386 0.164507 -0.401033 -0.416123 -0.340681 0.291288 0.277166 0.317345 -0.115500 0.364850 0.188302 -0.113283 -0.160803 -0.167265 -0.157156 -0.095490 -0.146650 0.005455 -0.373225 -0.509781 -0.302390 -0.410410 -0.265424 -0.274420 -0.335044 -0.272830 -0.324847 -0.417671 0.131531 -0.084990 0.382693 0.371603 0.349918 0.392991 0.232071 0.335976 -0.096754 0.246249 0.159262 0.404464 0.223912 0.354537 0.104414 0.169367 0.126911 0.443034 0.411208 0.527901 0.307357 0.347645 0.249531 0.474821 0.360924 0.342255 0.120843 0.403601
-0.041212 -0.299808 -0.128238 -0.204902 0.380305 0.423235 -0.164192 0.190256 0.648537 1.000000 -0.354867 -0.041110 -0.298182 -0.002625 0.082702 0.122807 -0.360212 -0.193242 -0.210169 0.066869 0.083062 0.247832 -0.209354 0.105382 0.377177 -0.318926 0.239053 -0.146599 -0.238096 -0.126885 -0.311542 -0.347212 -0.411246 -0.375722 -0.233427 -0.021460 0.120111 -0.333653 -0.136395 -0.432677 -0.250728 -0.373309 -0.232737 -0.244157 0.113693 0.190750 -0.251435 0.039051 0.161790 -0.005614 0.051733 0.241424 0.307480 0.015006 0.256191 -0.014676 -0.273672 -0.347929 0.193119 0.195908 -0.121923 0.099971 -0.584531 -0.453783 -0.076330 0.337079 0.212780 0.247125 -0.323202 0.292621 -0.051759 -0.139154 -0.245327 -0.201901 -0.225419 -0.241908 -0.057994 -0.017208 -0.323533 -0.425789 -0.484129 -0.289612 -0.236741 -0.028854 -0.283519 -0.063471 -0.301754 -0.247908 0.279717 0.164576 0.352609 0.237597 0.236436 0.396701 0.347182 0.113750 -0.071678 0.161593 -0.242015 0.426919 0.099574 0.454457 0.004384 0.352022 0.315836 0.473751 0.254858 0.512031 0.465102 0.192372 0.391109 0.396727 0.341696 0.511248 -0.158245 0.343663
0.423562 0.311242 0.270442 0.063736 -0.242182 0.020430 0.315266 0.134128 -0.294921 -0.354867 1.000000 0.553864 0.590992 0.599502 0.374153 0.221621 0.634608 0.534334 0.117309 -0.466448 0.151255 0.129875 0.383201 -0.291074 0.007869 0.382335 0.167259 0.494031 0.521497 0.272306 0.525716 0.474078 0.435276 0.423635 0.418795 0.327104 -0.028457 0.045987 0.031071 0.165852 0.125442 0.224543 0.318740 0.112139 -0.057865 -0.214796 0.330814 0.043863 -0.070288 -0.128398 -0.094087 -0.108665 -0.192371 -0.122885 -0.067392 0.066301 0.039403 0.029515 0.009603 -0.429262 0.329334 -0.110654 0.525004 0.579904 0.462409 0.075723 -0.377461 -0.444748 -0.013601 -0.572156 0.229119 0.380663 0.439999 0.230304 0.417764 0.326402 0.300124 -0.162267 0.446683 0.399740 0.308014 0.227281 0.075740 -0.192212 0.607008 -0.031108 0.191859 0.084139 0.116031 -0.232370 -0.609317 -0.607067 -0.620558 -0.669975 -0.539794 -0.428222 -0.014812 -0.527295 -0.323032 -0.511148 -0.262157 -0.448925 -0.372350 -0.304112 -0.347998 -0.599782 -0.590718 -0.663167 -0.369815 -0.406400 -0.503140 -0.426476 -0.547626 -0.322052 -0.055303 -0.564912
0.499410 0.385395 0.096669 0.351377 -0.026406 0.112638 0.092081 0.382355 -0.145560 -0.041110 0.553864 1.000000 0.519684 0.850280 0.136776 0.332421 0.510465 0.256423 0.007067 -0.499892 -0.219998 -0.173169 0.368715 -0.193180 0.241342 0.149251 0.073167 0.240039 0.405077 0.174244 0.622555 0.381847 0.376869 0.344974 0.032587 0.134789 -0.075067 0.082099 -0.310474 0.208327 -0.269704 0.217663 0.386274 0.247144 0.088520 0.058781 0.272641 0.383870 0.094347 0.030222 0.098261 0.196565 0.017008 0.305144 0.044903 0.049409 -0.211433 -0.288088 -0.010424 -0.440316 0.314859 -0.011679 0.340686 0.406025 0.599306 0.350514 -0.438314 -0.356299 -0.006502 -0.540145 0.054441 0.246465 0.268962 0.143088 0.270104 0.185934 0.146591 -0.567640 0.149468 0.044261 -0.016805 0.127639 -0.554573 -0.232839 0.317189 0.264266 -0.194373 -0.213970 -0.048810 -0.240674 -0.445425 -0.475996 -0.337509 -0.503846 -0.529712 -0.621540 -0.375505 -0.756219 -0.252867 -0.527585 -0.031981 -0.245307 -0.095327 0.000010 -0.062203 -0.215020 -0.665488 -0.409335 -0.139972 -0.662003 -0.463679 -0.396061 -0.432495 -0.054953 -0.051203 -0.592406
0.441155 0.246195 0.345498 0.341052 0.060861 0.033386 0.153463 0.076618 -0.151564 -0.298182 0.590992 0.519684 1.000000 0.656292 0.355332 0.371169 0.689296 0.322423 0.245261 -0.573953 0.036985 -0.043821 0.328347 -0.401350 0.256127 0.377788 0.080358 0.217662 0.643151 0.403631 0.701938 0.396426 0.549719 0.448248 0.251586 -0.010513 0.072167 0.271064 -0.024187 0.112264 0.210132 0.289594 0.452285 0.288629 -0.055668 -0.176978 0.441870 0.345277 -0.106480 -0.050319 0.001217 -0.015059 -0.115846 0.060779 0.006641 0.276548 0.009352 -0.018555 -0.130786 -0.440606 0.187802 -0.258969 0.516205 0.410581 0.325295 -0.164455 -0.449444 -0.546110 0.154980 -0.598132 0.152589 0.445350 0.559931 0.218899 0.530146 0.357627 0.146367 -0.445849 0.402496 0.340199 0.232734 0.328278 -0.130902 -0.245075 0.418768 0.062968 0.074757 0.073750 0.033468 -0.177726 -0.542029 -0.551936 -0.515575 -0.702207 -0.505483 -0.452934 -0.086176 -0.579114 -0.015311 -0.624075 -0.515041 -0.673333 -0.532579 -0.438872 -0.482984 -0.667492 -0.679781 -0.766895 -0.395692 -0.624790 -0.497666 -0.221763 -0.446148 -0.462137 -0.043076 -0.329481
0.336442 0.245912 0.124257 0.228909 0.095938 0.061098 0.090592 0.361037 0.047375 -0.002625 0.599502 0.850280 0.656292 1.000000 0.316632 0.543381 0.529837 0.363585 -0.063181 -0.736885 -0.078889 -0.144211 0.269842 -0.484359 0.187880 0.166938 0.125079 0.216595 0.504265 0.326703 0.611260 0.253132 0.230370 0.183867 0.197626 0.164063 -0.000652 0.247074 -0.262810 0.048829 -0.050716 0.335986 0.477848 0.355147 0.018968 0.067491 0.404864 0.381719 0.127664 0.070938 0.115588 0.278862 0.072908 0.344336 0.096844 0.108965 -0.305282 -0.362060 0.043688 -0.415727 0.260284 -0.041726 0.316563 0.386097 0.514005 0.331523 -0.468650 -0.390501 -0.045153 -0.572935 0.280017 0.396104 0.461379 0.279313 0.426004 0.392310 0.249138 -0.481002 0.194751 0.116995 -0.017159 0.122917 -0.450331 -0.386224 0.392613 0.238022 -0.146320 -0.180697 0.059834 -0.225564 -0.475757 -0.520646 -0.396693 -0.590478 -0.578889 -0.364580 -0.306286 -0.688290 -0.126120 -0.513749 -0.163947 -0.399894 -0.233122 -0.136215 -0.154412 -0.302773 -0.636215 -0.483712 -0.145499 -0.583640 -0.552880 -0.281233 -0.388255 -0.160978 0.122837 -0.470577
0.096857 -0.215458 0.195821 0.040558 0.443802 0.547648 0.205898 0.082282 0.145057 0.082702 0.374153 0.136776 0.355332 0.316632 1.000000 0.573793 0.383771 0.254647 0.207761 -0.489588 0.340809 0.278555 0.373505 -0.238176 0.383408 0.428306 0.728473 0.519414 0.449553 0.367523 0.341451 0.207586 -0.164726 -0.214068 0.148450 0.044589 0.413152 0.225957 0.038920 0.075948 0.166326 0.253720 0.157014 -0.161001 -0.377784 -0.440188 0.469451 0.036763 -0.387624 -0.432599 -0.115412 -0.209055 -0.073569 0.081846 0.464455 0.296814 -0.115850 -0.246927 -0.262425 -0.513276 0.069765 -0.344717 0.238871 0.076514 0.304159 -0.221582 -0.565144 -0.595277 -0.318490 -0.495291 0.412037 0.442328 0.421960 0.376194 0.417928 0.414186 0.373957 -0.060170 0.270356 0.160874 -0.033151 0.077730 0.339517 0.100118 0.639130 0.044719 0.284338 0.058685 0.714415 0.204231 -0.411423 -0.397033 -0.406648 -0.334317 -0.262881 -0.115135 0.217242 -0.205823 -0.313577 -0.116779 -0.221273 -0.130492 -0.210764 0.228919 0.244498 -0.031364 -0.445959 -0.268510 0.214874 -0.240444 -0.231530 0.193484 -0.017993 0.181689 0.409678 -0.198352
0.077867 -0.122564 0.236362 0.209645 0.363489 0.385619 -0.077207 0.054792 0.268354 0.122807 0.221621 0.332421 0.371169 0.543381 0.573793 1.000000 0.286438 0.247535 0.255650 -0.651257 0.463385 0.249981 0.013861 -0.572316 0.074675 0.150226 0.569015 0.461350 0.483681 0.547710 0.273046 -0.065256 -0.145958 -0.332917 0.119203 -0.226199 0.467514 0.592355 0.262138 0.231938 0.363107 0.595385 0.183626 -0.017942 -0.455453 -0.442969 0.494656 0.170642 -0.288400 -0.426430 -0.090899 0.086070 0.091249 0.431760 0.621302 0.541919 -0.472969 -0.580092 -0.209529 -0.521083 -0.024727 -0.455834 0.282330 -0.041979 0.075428 -0.110696 -0.580444 -0.616324 -0.156900 -0.580161 0.512313 0.467800 0.566303 0.496694 0.447531 0.523454 0.346237 -0.110081 0.002142 0.064366 -0.104035 0.110406 -0.087972 0.166194 0.407685 0.438439 0.041673 -0.003551 0.572042 0.371132 -0.427620 -0.461899 -0.420946 -0.491490 -0.185015 0.128439 0.272519 -0.094693 -0.012525 -0.097190 -0.024543 -0.184086 -0.263731 -0.040159 0.107671 0.026833 -0.453688 -0.179344 0.129636 -0.095570 -0.483462 0.272900 0.018038 0.121131 0.313590 0.042137
0.428874 0.234371 -0.016053 0.096433 -0.034784 0.052046 -0.011184 -0.175052 -0.282410 -0.360212 0.634608 0.510465 0.689296 0.529837 0.383771 0.286438 1.000000 0.499508 0.211461 -0.436915 0.065840 0.052110 0.325813 -0.351420 0.294274 0.441211 0.145086 0.303254 0.818516 0.424230 0.695585 0.572936 0.651259 0.600676 0.310868 0.194779 0.200238 0.270933 0.084469 0.386071 0.189175 0.483326 0.273774 0.021179 -0.095150 -0.281927 0.349574 0.141047 -0.313772 -0.248829 -0.137944 -0.265861 -0.295320 -0.011277 -0.029734 0.146116 0.163182 0.036515 -0.253618 -0.620005 0.278873 -0.272041 0.714478 0.576738 0.531107 -0.159297 -0.467281 -0.634447 0.230513 -0.708007 0.125494 0.445375 0.662129 0.307517 0.519661 0.357949 0.274992 -0.384664 0.721361 0.541655 0.538265 0.574125 0.057265 0.040958 0.641110 0.062479 0.190613 0.152186 0.108067 -0.263306 -0.695946 -0.691401 -0.619363 -0.711552 -0.505353 -0.414472 -0.025617 -0.544752 -0.150069 -0.644419 -0.405607 -0.571880 -0.311161 -0.136588 -0.259665 -0.474265 -0.705212 -0.674663 -0.287927 -0.504526 -0.528530 -0.263139 -0.507923 -0.330307 -0.052333 -0.440592
0.242473 0.124985 0.231996 -0.005757 -0.283308 0.233140 0.157699 -0.108539 -0.363604 -0.193242 0.534334 0.256423 0.322423 0.363585 0.254647 0.247535 0.499508 1.000000 0.257818 -0.513042 0.444627 0.463871 0.343359 -0.369379 0.151077 0.553355 0.402578 0.581173 0.651686 0.732418 0.445068 0.546886 0.304909 0.311408 0.571965 0.155199 0.425074 0.319363 0.382307 0.182091 0.526636 0.437630 0.169220 0.011254 -0.238824 -0.418482 0.288042 -0.067120 -0.431584 -0.291390 -0.410536 -0.325164 -0.488771 -0.319450 0.009060 0.291437 -0.024674 -0.114835 -0.305401 -0.515911 0.015683 -0.280423 0.403713 0.528116 0.272526 -0.219321 -0.454240 -0.570697 -0.055892 -0.674468 0.375417 0.694216 0.679386 0.551504 0.458888 0.514327 0.448081 0.140906 0.640523 0.788690 0.360399 0.588222 0.350170 0.229685 0.488136 0.197802 0.239001 0.344938 0.237756 0.104111 -0.740095 -0.786066 -0.770887 -0.729911 -0.440554 -0.071230 0.263441 -0.251281 -0.382219 -0.512009 -0.334950 -0.425803 -0.460408 -0.305676 -0.297171 -0.468624 -0.593389 -0.601070 -0.272367 -0.228914 -0.504819 -0.222487 -0.536266 -0.420533 -0.010631 -0.254577
0.459521 0.250595 0.562297 0.655812 0.025146 0.409403 0.183699 -0.005857 -0.371228 -0.210169 0.117309 0.007067 0.245261 -0.063181 0.207761 0.255650 0.211461 0.257818 1.000000 0.025030 0.419593 0.301113 0.349420 0.007713 0.121162 0.269251 0.344388 0.401710 0.436275 0.456899 0.361900 0.259756 0.282441 0.150406 0.167066 -0.331927 0.369471 0.372060 0.279143 0.223797 0.445376 0.404889 -0.275134 -0.442141 -0.541017 -0.638490 0.119021 -0.233572 -0.605201 -0.603428 -0.355008 -0.419993 -0.227293 -0.053232 0.241079 0.352939 -0.024679 -0.094122 -0.321243 -0.314491 -0.263914 -0.475500 0.235766 0.042459 0.087493 -0.385254 -0.361680 -0.533086 0.060717 -0.367640 -0.029453 0.380005 0.381910 0.322057 0.333421 0.301226 0.093658 -0.125009 0.120926 0.255717 -0.067842 0.178804 0.326396 0.474288 0.149751 0.217563 0.207798 0.264121 0.312309 0.458009 -0.387160 -0.408254 -0.408902 -0.408590 -0.084731 -0.012249 0.237132 -0.069665 -0.289736 -0.200224 -0.269820 -0.119740 -0.384743 -0.188522 0.028118 -0.115031 -0.375722 -0.282075 0.046827 -0.096083 -0.463897 -0.033671 -0.103500 -0.128161 0.114131 0.137992
-0.129908 -0.009104 -0.271610 -0.064379 -0.069023 -0.248203 -0.122047 -0.121147 0.000004 0.066869 -0.466448 -0.499892 -0.573953 -0.736885 -0.489588 -0.651257 -0.436915 -0.513042 0.025030 1.000000 -0.232136 -0.091910 -0.208858 0.745621 -0.098944 -0.339952 -0.406089 -0.484418 -0.559454 -0.597838 -0.409391 -0.169599 -0.021070 0.079764 -0.383646 -0.127557 -0.383026 -0.478335 -0.088982 -0.102286 -0.278373 -0.480580 -0.636538 -0.424859 0.117307 0.144273 -0.679893 -0.458653 0.113453 0.026584 0.063311 -0.129479 0.116675 -0.268678 -0.330010 -0.417227 0.309756 0.416783 0.189459 0.518195 -0.129390 0.243881 -0.341007 -0.294978 -0.284249 0.024901 0.643623 0.587785 0.164461 0.721384 -0.549190 -0.545021 -0.650895 -0.576383 -0.601898 -0.572733 -0.515791 0.063324 -0.306714 -0.347591 -0.092717 -0.318234 0.147172 0.146642 -0.547834 -0.367700 -0.105402 -0.106454 -0.255917 -0.013963 0.645793 0.661412 0.608488 0.704616 0.486861 0.116900 -0.126501 0.388859 0.091062 0.395009 0.214887 0.421152 0.250726 0.142562 0.097258 0.356468 0.679962 0.568511 0.107646 0.395105 0.468664 -0.024701 0.299259 0.118492 -0.247689 0.348998
0.054061 -0.197462 0.302752 -0.067585 0.105179 0.458967 0.043687 -0.277097 0.167320 0.083062 0.151255 -0.219998 0.036985 -0.078889 0.340809 0.463385 0.065840 0.444627 0.419593 -0.232136 1.000000 0.786519 -0.091409 -0.275182 -0.020245 0.262074 0.585469 0.484141 0.336763 0.499742 -0.018394 0.042756 -0.090790 -0.176502 0.315377 -0.136513 0.484488 0.260900 0.577035 0.014932 0.578263 0.371990 -0.134100 -0.330611 -0.436845 -0.561106 0.157164 -0.328351 -0.378920 -0.512826 -0.156472 -0.115899 -0.048680 -0.187664 0.328231 0.342882 -0.182312 -0.298334 -0.216354 -0.330331 -0.201574 -0.441554 0.171921 -0.102871 -0.163149 -0.237834 -0.200320 -0.398098 -0.080285 -0.366956 0.490770 0.492114 0.438925 0.431754 0.302908 0.439109 0.362434 0.317858 0.122479 0.248840 0.085334 0.100968 0.484278 0.403707 0.222281 0.115912 0.140615 0.167256 0.511291 0.416658 -0.367733 -0.394241 -0.524283 -0.373528 0.068369 0.359007 0.546912 0.317782 -0.227036 0.065798 -0.063984 -0.101054 -0.401290 -0.297004 -0.171673 -0.087443 -0.079801 -0.062539 0.019538 0.342425 -0.277657 0.240527 -0.069007 -0.125688 0.137985 0.355600
0.048686 -0.227760 0.104288 -0.160794 0.210870 0.571778 -0.095934 -0.300735 0.107269 0.247832 0.129875 -0.173169 -0.043821 -0.144211 0.278555 0.249981 0.052110 0.463871 0.301113 -0.091910 0.786519 1.000000 -0.057250 -0.022468 0.309906 0.261716 0.628203 0.386288 0.328587 0.420184 0.052644 0.223306 -0.039330 -0.050720 0.265047 -0.153348 0.500952 -0.000924 0.465623 -0.074994 0.362354 0.073964 -0.219505 -0.383936 -0.391289 -0.503040 0.022302 -0.279474 -0.327846 -0.446965 -0.106323 -0.087063 0.033453 -0.152377 0.314790 0.320663 -0.277758 -0.254886 -0.206166 -0.255613 -0.235870 -0.388814 -0.046584 -0.108162 -0.136465 -0.195333 -0.124865 -0.305700 -0.194915 -0.316445 0.251265 0.539030 0.306821 0.175574 0.028872 0.170615 0.212260 0.224962 0.207600 0.217915 -0.024068 0.162754 0.501679 0.401131 0.166085 0.174531 -0.012529 0.101549 0.451822 0.397146 -0.272602 -0.332552 -0.521170 -0.272663 0.217568 0.130763 0.456657 0.281936 -0.380231 0.098144 -0.130358 -0.057073 -0.416030 -0.162010 -0.079437 -0.021285 -0.069665 -0.015602 0.170097 0.274674 -0.063317 0.243736 -0.073774 0.004670 -0.158681 0.294269
0.545352 0.312573 0.367746 0.543921 -0.167566 0.278186 0.497742 0.320666 -0.451234 -0.209354 0.383201 0.368715 0.328347 0.269842 0.373505 0.013861 0.325813 0.343359 0.349420 -0.208858 -0.091409 -0.057250 1.000000 0.185351 0.331074 0.451289 0.192972 0.472308 0.321245 0.271730 0.594772 0.527901 0.319450 0.352521 0.162573 0.081767 0.155035 0.040164 -0.038496 0.185859 0.018387 0.203384 0.167595 -0.027936 -0.195925 -0.261048 0.240796 0.047906 -0.334079 -0.282096 -0.339701 -0.520041 -0.443891 -0.246323 -0.026985 0.000599 0.195439 0.110312 -0.198438 -0.375427 0.109216 -0.124195 0.133444 0.290942 0.470887 -0.256590 -0.413593 -0.472939 0.176050 -0.430749 -0.002122 0.332227 0.236598 0.247504 0.343366 0.267948 0.170743 -0.262294 0.362966 0.353464 0.003587 0.184362 0.169443 0.056146 0.379599 -0.072980 0.348785 0.205334 0.309643 0.004653 -0.524914 -0.489600 -0.375875 -0.420098 -0.533205 -0.405941 -0.147263 -0.539042 -0.440368 -0.537439 -0.281670 -0.178481 -0.016130 0.115166 0.086613 -0.271746 -0.488169 -0.402907 -0.134194 -0.535422 -0.322324 -0.362364 -0.418336 -0.201474 0.162501 -0.524456
0.047169 -0.099179 -0.185950 0.131078 0.059501 0.026657 -0.011121 0.142359 -0.128055 0.105382 -0.291074 -0.193180 -0.401350 -0.484359 -0.238176 -0.572316 -0.351420 -0.369379 0.007713 0.745621 -0.275182 -0.022468 0.185351 1.000000 0.271848 0.003421 -0.183741 -0.309679 -0.479220 -0.502739 -0.077571 0.164575 -0.059491 0.113682 -0.291196 -0.008501 -0.353568 -0.537659 -0.221964 -0.125289 -0.441067 -0.551771 -0.380892 -0.269926 0.106649 0.138706 -0.512826 -0.276250 0.083446 0.044291 0.107434 -0.122748 0.094148 -0.235437 -0.257639 -0.373148 0.159652 0.214094 0.068550 0.270618 -0.067828 0.211334 -0.368440 -0.236332 -0.004498 0.037990 0.348011 0.398425 0.038279 0.454562 -0.473896 -0.304194 -0.639608 -0.533934 -0.566789 -0.493199 -0.432223 -0.080717 -0.251526 -0.328760 -0.302191 -0.405067 0.147262 0.118733 -0.400091 -0.248605 -0.152968 -0.160834 -0.065804 -0.013544 0.474746 0.492590 0.484530 0.567004 0.292705 -0.178914 -0.241645 0.124341 -0.110223 0.218822 0.092522 0.343055 0.267034 0.245333 0.189887 0.282747 0.430191 0.438576 0.111686 0.089584 0.446186 -0.109795 0.178632 0.127797 -0.177140 0.101387
0.247124 -0.256149 -0.185875 0.133364 0.502645 0.584699 -0.232353 -0.030136 -0.006248 0.377177 0.007869 0.241342 0.256127 0.187880 0.383408 0.074675 0.294274 0.151077 0.121162 -0.098944 -0.020245 0.309906 0.331074 0.271848 1.000000 0.429297 0.384051 0.048880 0.362984 0.240086 0.516093 0.464964 0.172159 0.247787 0.077377 0.030153 0.341255 -0.113951 -0.116457 -0.072365 -0.105916 -0.115798 -0.098603 -0.209286 -0.207106 -0.168943 -0.020655 0.109699 -0.254277 -0.275811 0.012078 -0.119899 0.041717 0.050424 0.216777 0.143236 -0.202731 -0.290513 -0.239130 -0.357400 -0.132193 -0.309805 -0.176297 -0.148565 0.372774 -0.073106 -0.210473 -0.271314 -0.063086 -0.281163 -0.123730 0.399090 0.178183 -0.043750 0.078839 0.015158 0.096934 -0.393250 0.266089 0.052140 -0.221413 0.142268 0.076591 0.175800 0.191675 0.185405 -0.076041 -0.016627 0.346486 0.118661 -0.124035 -0.200040 -0.179288 -0.103986 -0.002008 -0.424693 -0.121876 -0.255355 -0.400691 -0.135361 -0.409337 -0.145039 -0.240782 0.202195 0.114684 0.021825 -0.287285 -0.160971 0.245823 -0.348975 0.112762 0.075703 0.003985 0.110821 -0.116598 -0.057597
0.156680 -0.147124 0.183886 0.154606 -0.033615 0.313606 0.100374 -0.025024 -0.388596 -0.318926 0.382335 0.149251 0.377788 0.166938 0.428306 0.150226 0.441211 0.553355 0.269251 -0.339952 0.262074 0.261716 0.451289 0.003421 0.429297 1.000000 0.401252 0.510816 0.515377 0.572471 0.534925 0.696755 0.344004 0.329293 0.501549 0.234742 0.403692 0.230203 0.272325 0.243416 0.369841 0.318227 0.087238 -0.024321 -0.369380 -0.439289 0.199680 -0.083729 -0.566673 -0.421934 -0.374854 -0.506853 -0.492288 -0.303519 0.001929 0.258321 0.077689 -0.128610 -0.580126 -0.650526 -0.121067 -0.511804 0.307868 0.150451 0.256643 -0.486578 -0.474560 -0.512621 0.028835 -0.541407 0.311110 0.612680 0.538953 0.473522 0.457623 0.503304 0.450102 0.160399 0.544599 0.636792 0.286353 0.370554 0.373762 0.323188 0.466374 0.163529 0.369967 0.303172 0.283122 0.057964 -0.564756 -0.533796 -0.485316 -0.481496 -0.411991 -0.193765 0.217358 -0.147934 -0.336395 -0.387752 -0.387132 -0.394475 -0.319083 -0.109156 -0.173019 -0.388136 -0.497638 -0.608422 -0.220004 -0.284092 -0.223899 -0.126909 -0.266582 -0.286396 0.240903 -0.293306
0.060865 -0.293788 0.222721 0.071308 0.464667 0.808478 0.012172 0.012401 0.079921 0.239053 0.167259 0.073167 0.080358 0.125079 0.728473 0.569015 0.145086 0.402578 0.344388 -0.406089 0.585469 0.628203 0.192972 -0.183741 0.384051 0.401252 1.000000 0.629729 0.382067 0.510804 0.201440 0.235591 -0.227141 -0.295836 0.188374 -0.087370 0.631412 0.268553 0.300341 0.142047 0.253630 0.240906 0.033906 -0.212982 -0.459088 -0.523466 0.360704 0.046005 -0.490698 -0.497316 -0.234858 -0.184566 -0.125640 0.028910 0.591511 0.513320 -0.354865 -0.437899 -0.394843 -0.510252 -0.139767 -0.489573 0.073211 -0.075341 0.172420 -0.185970 -0.554444 -0.580474 -0.431475 -0.513920 0.391788 0.508012 0.378207 0.468053 0.339693 0.360996 0.462653 0.129356 0.200093 0.187571 -0.187511 0.110245 0.373982 0.379896 0.405451 0.298137 0.220215 0.126731 0.756613 0.484225 -0.447441 -0.476139 -0.545804 -0.359306 0.042390 -0.019483 0.419546 0.023085 -0.465452 -0.005972 -0.115147 -0.043532 -0.293099 0.193077 0.279966 0.119992 -0.426192 -0.120401 0.352487 -0.083581 -0.130041 0.259863 -0.012600 0.287128 0.168078 0.030933
0.246324 0.075524 0.384143 0.153510 -0.270391 0.407293 0.324846 0.011030 -0.313687 -0.146599 0.494031 0.240039 0.217662 0.216595 0.519414 0.461350 0.303254 0.581173 0.401710 -0.484418 0.484141 0.386288 0.472308 -0.309679 0.048880 0.510816 0.629729 1.000000 0.474629 0.598108 0.266882 0.338377 0.113557 0.015515 0.369372 0.000661 0.509265 0.285171 0.406392 0.305647 0.392624 0.448431 0.177480 -0.095874 -0.364823 -0.597759 0.483718 0.051118 -0.579592 -0.512046 -0.529835 -0.483162 -0.455243 -0.210616 0.314940 0.425941 0.006370 -0.138777 -0.393791 -0.630266 -0.004098 -0.441594 0.351502 0.240357 0.218071 -0.359551 -0.573484 -0.705862 -0.128422 -0.648823 0.369408 0.475560 0.514463 0.576905 0.473377 0.460138 0.441100 0.166668 0.371430 0.547501 0.208848 0.401664 0.300821 0.403735 0.681635 0.246799 0.575263 0.505748 0.553922 0.313545 -0.714286 -0.712262 -0.709766 -0.621171 -0.378011 -0.095137 0.421741 -0.139237 -0.443886 -0.260423 -0.063448 -0.198346 -0.240681 0.006270 0.084445 -0.234314 -0.571040 -0.410538 -0.070716 -0.164342 -0.386519 0.044456 -0.288968 -0.006998 0.206269 -0.266947
0.301010 0.110477 0.167366 0.219327 0.013751 0.263566 0.040299 -0.194032 -0.243642 -0.238096 0.521497 0.405077 0.643151 0.504265 0.449553 0.483681 0.818516 0.651686 0.436275 -0.559454 0.336763 0.328587 0.321245 -0.479220 0.362984 0.515377 0.382067 0.474629 1.000000 0.784189 0.762052 0.604118 0.549753 0.435331 0.484951 -0.006436 0.554103 0.512683 0.226452 0.261206 0.475137 0.644834 0.164124 -0.100744 -0.399034 -0.526490 0.414006 0.042631 -0.562905 -0.495606 -0.298013 -0.339740 -0.292793 0.084619 0.233183 0.375127 -0.121634 -0.237161 -0.463810 -0.743471 -0.080646 -0.559765 0.543008 0.331712 0.347543 -0.377801 -0.640182 -0.772563 0.046554 -0.817450 0.331247 0.781114 0.911063 0.583089 0.666787 0.581114 0.419827 -0.258209 0.719667 0.653337 0.402226 0.664888 0.177467 0.235309 0.637151 0.356621 0.160506 0.242207 0.253651 0.015410 -0.786842 -0.821500 -0.775807 -0.817476 -0.424915 -0.224085 0.172308 -0.408022 -0.310493 -0.552554 -0.468579 -0.559433 -0.495028 -0.135726 -0.126041 -0.373642 -0.779664 -0.682089 -0.079530 -0.407887 -0.642538 -0.025515 -0.386536 -0.224934 0.075025 -0.225268
0.123045 -0.113415 0.273252 0.231710 -0.054250 0.404558 0.004667 -0.254319 -0.232735 -0.126885 0.272306 0.174244 0.403631 0.326703 0.367523 0.547710 0.424230 0.732418 0.456899 -0.597838 0.499742 0.420184 0.271730 -0.502739 0.240086 0.572471 0.510804 0.598108 0.784189 1.000000 0.514092 0.413635 0.245926 0.117253 0.602210 -0.183819 0.783667 0.685385 0.501943 0.243672 0.748431 0.671949 0.130517 -0.039577 -0.570106 -0.627548 0.408171 0.054002 -0.689516 -0.562622 -0.536001 -0.396149 -0.410076 -0.015323 0.396908 0.611678 -0.315180 -0.419103 -0.627516 -0.714114 -0.360520 -0.695009 0.295267 0.101518 0.084553 -0.562274 -0.648166 -0.739886 -0.041233 -0.746402 0.483443 0.828707 0.890496 0.789675 0.711253 0.688037 0.579277 0.123070 0.534114 0.712179 0.214528 0.627954 0.263774 0.419541 0.458902 0.493384 0.262655 0.455145 0.407453 0.376081 -0.692678 -0.746170 -0.709402 -0.724565 -0.298243 0.081185 0.441169 -0.075612 -0.287031 -0.330500 -0.442040 -0.495216 -0.486536 -0.206942 -0.113973 -0.289801 -0.662147 -0.580987 -0.086374 -0.208716 -0.493664 0.173296 -0.175072 -0.222561 0.204631 0.020331
0.438238 0.178035 0.166796 0.523938 0.121636 0.212161 0.107704 0.125421 -0.358885 -0.311542 0.525716 0.622555 0.701938 0.611260 0.341451 0.273046 0.695585 0.445068 0.361900 -0.409391 -0.018394 0.052644 0.594772 -0.077571 0.516093 0.534925 0.201440 0.266882 0.762052 0.514092 1.000000 0.749828 0.588789 0.553454 0.344296 0.025856 0.217101 0.320325 -0.134470 0.178346 0.105253 0.405013 0.249848 0.068663 -0.264437 -0.283587 0.285191 0.144169 -0.355399 -0.288891 -0.108917 -0.229370 -0.195404 0.148214 0.042878 0.172188 -0.153921 -0.203750 -0.357792 -0.634064 -0.005624 -0.396230 0.358189 0.319612 0.515527 -0.208154 -0.603141 -0.593170 0.075781 -0.688200 0.144623 0.666316 0.604861 0.353378 0.514725 0.432186 0.255355 -0.531345 0.519188 0.398035 0.115274 0.368715 -0.029436 -0.002780 0.451893 0.320669 -0.007388 0.032350 0.134412 -0.108774 -0.608406 -0.620683 -0.531799 -0.664301 -0.487103 -0.546743 -0.201418 -0.645642 -0.293488 -0.643471 -0.500415 -0.521774 -0.379412 -0.119104 -0.145380 -0.380201 -0.721003 -0.653857 -0.142024 -0.686604 -0.546046 -0.319752 -0.424550 -0.256013 0.040226 -0.401301
0.237402 0.097301 0.105019 0.245825 -0.102657 0.186810 0.206897 0.081543 -0.515386 -0.347212 0.474078 0.381847 0.396426 0.253132 0.207586 -0.065256 0.572936 0.546886 0.259756 -0.169599 0.042756 0.223306 0.527901 0.164575 0.464964 0.696755 0.235591 0.338377 0.604118 0.413635 0.749828 1.000000 0.637734 0.697519 0.417239 0.291130 0.174951 -0.002882 -0.034867 0.116018 0.072586 0.238237 0.091956 0.023051 -0.117413 -0.245875 0.101205 -0.002506 -0.400805 -0.206189 -0.188763 -0.394169 -0.429779 -0.228338 -0.206062 0.009904 0.050401 0.037211 -0.454848 -0.581315 0.000324 -0.309948 0.405078 0.336786 0.513660 -0.264625 -0.395054 -0.433256 0.033329 -0.541314 0.037146 0.576177 0.431043 0.269549 0.305174 0.240804 0.235665 -0.173054 0.695118 0.595898 0.280516 0.404735 0.228271 0.210397 0.390676 0.127719 0.117495 0.126177 0.024054 -0.205472 -0.625714 -0.591531 -0.531302 -0.533219 -0.413227 -0.503028 -0.124297 -0.483049 -0.506312 -0.617571 -0.405736 -0.398706 -0.265451 -0.014105 -0.122073 -0.435674 -0.596011 -0.589663 -0.129447 -0.496577 -0.303507 -0.384899 -0.503899 -0.254775 -0.111676 -0.485079
0.484365 0.463666 0.074296 0.251337 -0.326981 -0.153975 0.096399 -0.097783 -0.442422 -0.411246 0.435276 0.376869 0.549719 0.230370 -0.164726 -0.145958 0.651259 0.304909 0.282441 -0.021070 -0.090790 -0.039330 0.319450 -0.059491 0.172159 0.344004 -0.227141 0.113557 0.549753 0.245926 0.588789 0.637734 1.000000 0.940031 0.203207 0.060425 0.007348 -0.018470 0.048529 0.231025 0.091300 0.261442 0.022123 -0.010300 0.035015 -0.153509 0.012734 0.010054 -0.250832 -0.168946 -0.224650 -0.361494 -0.425245 -0.245133 -0.409730 -0.064214 0.299086 0.314913 -0.192493 -0.337501 0.188518 -0.146101 0.497969 0.407956 0.372210 -0.199704 -0.073932 -0.317719 0.460124 -0.381702 -0.185548 0.257947 0.392979 0.097332 0.331070 0.104969 0.030597 -0.340329 0.616459 0.517114 0.557815 0.553923 -0.046374 0.100992 0.215930 -0.066340 0.079634 0.127803 -0.336360 -0.394385 -0.519931 -0.494650 -0.435079 -0.519260 -0.429804 -0.495011 -0.181197 -0.493815 -0.223886 -0.640285 -0.384315 -0.474123 -0.268583 -0.300934 -0.439018 -0.578386 -0.470598 -0.623125 -0.444124 -0.447098 -0.364751 -0.447922 -0.598397 -0.472186 -0.340301 -0.397243
0.453970 0.410997 -0.062074 0.143314 -0.334831 -0.186687 0.076294 -0.102312 -0.470300 -0.375722 0.423635 0.344974 0.448248 0.183867 -0.214068 -0.332917 0.600676 0.311408 0.150406 0.079764 -0.176502 -0.050720 0.352521 0.113682 0.247787 0.329293 -0.295836 0.015515 0.435331 0.117253 0.553454 0.697519 0.940031 1.000000 0.210423 0.183182 -0.117933 -0.203259 -0.057596 0.136865 -0.023260 0.096894 -0.004134 0.023819 0.153257 -0.023786 -0.112097 -0.012778 -0.136022 -0.034484 -0.142367 -0.319041 -0.411317 -0.335259 -0.552099 -0.245767 0.363738 0.412265 -0.098222 -0.233842 0.241902 0.002497 0.420791 0.465151 0.460377 -0.076899 0.067501 -0.171537 0.460081 -0.276820 -0.278333 0.190718 0.241015 -0.040005 0.197786 -0.000627 -0.036042 -0.353365 0.629891 0.482411 0.512249 0.486144 0.008217 0.029252 0.160702 -0.178368 0.043833 0.108102 -0.385429 -0.489486 -0.424078 -0.396695 -0.341783 -0.405750 -0.409025 -0.530551 -0.294745 -0.518393 -0.260556 -0.631231 -0.368912 -0.435000 -0.193672 -0.284406 -0.463271 -0.576303 -0.356127 -0.544883 -0.433506 -0.450826 -0.247771 -0.540379 -0.596800 -0.524418 -0.383498 -0.440599
-0.114497 -0.299718 0.127136 -0.042398 -0.191854 0.104828 0.008337 -0.232013 -0.233354 -0.233427 0.418795 0.032587 0.251586 0.197626 0.148450 0.119203 0.310868 0.571965 0.167066 -0.383646 0.315377 0.265047 0.162573 -0.291196 0.077377 0.501549 0.188374 0.369372 0.484951 0.602210 0.344296 0.417239 0.203207 0.210423 1.000000 0.354084 0.391218 0.293052 0.335433 0.025031 0.552086 0.330365 0.200100 0.102245 -0.193285 -0.224798 0.258738 0.019393 -0.385085 -0.212731 -0.275050 -0.224932 -0.370380 -0.165073 0.029268 0.319285 -0.215237 -0.188198 -0.469684 -0.459320 -0.309468 -0.459467 0.250562 0.184359 0.112002 -0.328599 -0.329686 -0.316269 -0.083148 -0.485381 0.334782 0.572187 0.613162 0.498077 0.531810 0.434648 0.441431 0.271005 0.496117 0.633817 0.271481 0.377463 0.283418 0.143542 0.360623 0.171877 0.302529 0.389067 0.153616 0.015628 -0.434491 -0.494346 -0.477905 -0.498493 -0.209536 0.070775 0.289841 0.003241 -0.174314 -0.238848 -0.369021 -0.465531 -0.392995 -0.277533 -0.241249 -0.432609 -0.361964 -0.504937 -0.199177 -0.073904 -0.211015 0.021322 -0.179308 -0.300892 0.071398 -0.068047
-0.111288 -0.141743 0.022153 -0.226741 -0.134667 -0.145426 0.152878 0.284375 -0.063343 -0.021460 0.327104 0.134789 -0.010513 0.164063 0.044589 -0.226199 0.194779 0.155199 -0.331927 -0.127557 -0.136513 -0.153348 0.081767 -0.008501 0.030153 0.234742 -0.087370 0.000661 -0.006436 -0.183819 0.025856 0.291130 0.060425 0.183182 0.354084 1.000000 -0.222447 -0.274705 -0.208392 -0.036599 -0.210864 -0.057320 0.173430 0.223376 0.380222 0.416694 -0.016466 -0.001467 0.246415 0.271678 0.196972 0.036028 -0.129184 -0.257019 -0.316979 -0.318634 0.193871 0.101578 0.083934 -0.056263 0.216529 0.192605 0.133095 0.169341 0.393972 0.286813 0.047329 0.200302 -0.115232 0.001992 0.091577 -0.087440 0.002239 -0.020356 0.022292 -0.010740 0.154471 0.097541 0.251557 0.158913 0.158860 -0.086377 -0.096014 -0.307277 0.184031 -0.293439 0.127959 -0.058218 -0.122378 -0.479980 -0.134730 -0.123349 -0.065779 -0.055711 -0.208911 -0.199909 -0.251313 -0.231144 -0.226715 -0.282216 -0.003491 0.080812 0.087296 0.129851 -0.036840 -0.217643 -0.064570 -0.158721 -0.093173 -0.120877 0.112200 -0.354134 -0.228996 0.004720 -0.085531 -0.402932
