1.000000 0.652320 -0.281115 -0.089000 -0.253517 -0.283365 -0.309175 -0.235097 -0.337071 -0.241728 0.007556 0.254851 -0.205805 -0.077244 -0.135541 -0.053526 -0.022158 -0.010446 0.317067 0.393724 -0.231533 -0.222597 -0.209179 -0.192805 -0.285958 -0.180484 -0.289170 -0.191312 0.018734 -0.046065 -0.061966 0.043933 0.221487 0.160714 -0.381140 -0.091957 0.008382 -0.225238 -0.077553 -0.288304 -0.152799 -0.061245 -0.148101 0.051468 0.025146 -0.278600 -0.240119 0.112543 0.077826 -0.168638 -0.134655 -0.119122 -0.145479 -0.283563 -0.095103 -0.119647 0.253423 0.099208 0.053151 -0.037223 0.268925 0.184712 0.411802 0.263019 -0.052083 0.059860 -0.212716 -0.246732 0.033448 -0.006221 -0.010142 -0.083225 0.096436 -0.027558 0.016592 0.302502 0.267451 0.167555 0.203026 -0.235252 0.033279 -0.061746 0.239119 0.110887 -0.034830 -0.060363 0.011477 -0.038616 -0.264229 -0.162709 -0.023583 0.007162 -0.015970 0.005903 -0.071021 0.133257 -0.109740 0.061992 0.023418 0.278776 0.134228 0.019904 0.102248 0.097848 0.201738 0.142963 0.138601 0.226715 0.244459 0.114819 0.133591 0.154442 0.139857 0.195345 0.163309 0.050796
0.652320 1.000000 -0.237440 0.047484 -0.233208 -0.351451 -0.281821 -0.138744 -0.328582 -0.148185 -0.138380 0.313340 -0.251531 -0.032268 -0.098935 0.011239 -0.050541 0.011374 0.191656 0.272936 -0.258544 -0.297716 -0.350651 -0.313201 -0.298629 -0.280607 -0.159612 -0.118124 0.073982 0.051465 -0.103089 -0.060453 0.327824 0.059386 -0.465302 -0.214448 0.076656 -0.295688 -0.065250 -0.192574 0.030801 -0.089588 -0.110223 -0.057194 0.158231 -0.129799 -0.122872 -0.051385 0.256166 0.118001 -0.103972 0.025672 -0.064894 -0.216246 -0.133917 -0.131507 0.103991 0.171874 0.136791 0.141065 0.187277 0.290608 0.300784 0.306544 -0.262659 0.038207 -0.196128 -0.291430 0.085171 -0.135617 -0.151618 -0.090744 0.123313 -0.080204 0.043895 0.274700 0.132340 0.119431 0.033590 -0.248158 0.118363 -0.035095 0.320650 0.114987 -0.084690 -0.061220 0.100593 0.003867 -0.230372 -0.123175 0.006153 -0.111237 -0.212163 -0.044498 -0.213008 0.109554 -0.039389 0.054689 0.013789 0.171873 0.060407 -0.012250 -0.090747 0.082139 0.005734 0.014589 0.032872 0.065926 0.137662 -0.026472 0.089391 0.177201 0.035496 -0.061143 0.009567 -0.017168
-0.281115 -0.237440 1.000000 0.470646 0.160405 0.443097 0.584926 0.351866 0.284641 0.307177 -0.039080 -0.043963 0.070833 -0.148385 0.118921 0.080383 -0.481638 -0.592436 0.038655 -0.534232 0.263529 0.393893 0.538136 0.263855 0.388717 0.392332 0.459860 0.431446 -0.477034 -0.555371 0.215223 0.024097 -0.512765 -0.309145 0.285029 0.264801 -0.343968 -0.243948 0.229724 0.256254 -0.348567 -0.294086 -0.181969 0.094179 -0.023071 0.099461 -0.108520 -0.016843 0.307853 0.195123 0.541415 0.340409 0.244986 0.138114 0.233247 0.184051 -0.703468 -0.380512 0.383244 0.171947 -0.097737 -0.129347 -0.491163 -0.725262 0.351584 0.425251 0.473056 0.352829 0.155141 0.264439 -0.018247 0.179008 -0.596928 -0.487012 -0.408049 -0.475699 -0.440069 -0.219784 -0.508123 -0.261792 -0.499367 -0.541308 0.152258 -0.242437 0.061733 0.260352 0.353000 0.334808 0.370650 0.378106 0.244122 0.226039 0.230903 0.036221 0.011793 -0.362706 0.112162 -0.077512 -0.199824 -0.515853 -0.132389 -0.048080 -0.160165 -0.161525 -0.289966 -0.190983 -0.336135 -0.257983 -0.377567 -0.203304 -0.042910 -0.374066 -0.402462 -0.308402 0.062852 -0.373875
-0.089000 0.047484 0.470646 1.000000 -0.055701 0.339954 0.371478 0.519445 0.266355 0.464465 0.046269 0.015433 -0.085249 -0.253606 0.274771 0.157666 -0.380173 -0.464252 -0.117521 -0.400061 -0.186354 0.182942 0.480134 0.544949 0.064070 0.238975 0.212243 0.289225 -0.490048 -0.515391 -0.177855 -0.090412 -0.510282 -0.303567 0.058898 0.132518 -0.306529 -0.070086 0.215039 0.499810 -0.234313 -0.262961 -0.348785 -0.344405 -0.137453 0.113874 -0.279449 -0.316620 0.124985 0.264223 0.178395 0.063083 0.179683 -0.106036 0.080316 0.005889 -0.509331 -0.308728 0.481795 0.410994 -0.032564 0.021327 -0.439880 -0.528247 0.215482 0.375032 0.267431 0.357133 0.194626 0.184172 -0.255943 -0.089490 -0.577360 -0.524312 -0.479611 -0.489403 -0.502960 -0.182147 -0.513736 -0.109188 -0.436814 -0.466706 0.449497 -0.000303 0.178377 0.254409 0.367311 0.565844 0.687192 0.714561 0.498661 0.227185 0.465022 0.060165 -0.062390 -0.505287 -0.067322 -0.400649 -0.116848 -0.522837 -0.153917 -0.188756 -0.151584 0.104279 -0.249054 -0.159347 -0.105659 0.039609 -0.271469 -0.280876 -0.342729 -0.332754 -0.191103 -0.294844 -0.220711 -0.128063
-0.253517 -0.233208 0.160405 -0.055701 1.000000 0.537508 0.363858 0.221430 0.565403 0.478869 -0.165020 -0.129095 -0.008062 0.034524 -0.188069 -0.070541 -0.119931 -0.224373 -0.112294 0.167892 0.457307 0.237478 -0.103101 0.038341 0.482372 0.161778 0.400935 -0.059509 -0.086728 -0.007393 0.092587 0.136412 -0.040327 0.269267 0.309964 0.338017 -0.254811 -0.034546 -0.111269 -0.054275 -0.071998 0.173582 -0.164432 -0.172242 0.227273 0.380378 -0.196138 -0.232647 -0.213775 0.103417 -0.196532 -0.180456 -0.203113 -0.047268 -0.241409 -0.150674 -0.123384 -0.081684 -0.142474 0.029073 0.078303 0.113910 -0.084645 0.004885 0.004595 -0.128585 0.242380 0.401837 -0.062917 0.029298 0.258894 0.287472 -0.097387 0.104828 0.004136 0.032412 -0.069614 -0.129695 -0.109534 -0.329895 -0.134934 -0.220157 -0.250743 -0.011971 -0.183724 -0.220207 -0.240924 -0.086321 -0.103050 -0.175180 -0.039526 0.100777 0.090520 -0.048857 -0.056368 -0.010838 -0.244771 0.005694 -0.223475 -0.203482 0.164599 -0.116802 0.066242 0.004703 0.011641 0.025704 -0.053729 -0.022723 0.075685 -0.283173 -0.141918 -0.102686 -0.061821 0.026938 -0.012600 -0.002939
-0.283365 -0.351451 0.443097 0.339954 0.537508 1.000000 0.316434 0.106161 0.620473 0.368607 0.126696 -0.269319 -0.037029 -0.336749 0.208020 0.051878 -0.396515 -0.563022 -0.183861 -0.144539 0.335650 0.380528 0.451849 0.499821 0.546554 0.353172 0.675530 0.445142 -0.532059 -0.538462 -0.028262 -0.111660 -0.484571 -0.181222 0.452723 0.490291 -0.407669 -0.107405 0.151946 0.159499 -0.447643 -0.233606 -0.279812 -0.018769 -0.028895 0.201022 -0.137511 -0.115943 0.055014 0.209155 0.111297 0.133251 0.287245 0.058629 0.085028 0.052499 -0.368169 -0.116043 0.271474 0.301011 -0.014017 0.023785 -0.481345 -0.469493 0.445126 0.243284 0.310807 0.496826 0.186603 0.327525 0.042886 0.098112 -0.595105 -0.368052 -0.425987 -0.404552 -0.393969 -0.170832 -0.421771 -0.365386 -0.547292 -0.504761 -0.058623 -0.259044 -0.015080 0.086864 0.254642 0.341225 0.404162 0.463607 0.200879 0.380550 0.209689 0.061151 0.058551 -0.205695 0.006476 -0.117977 -0.095318 -0.330008 0.001795 -0.055964 0.161117 0.057411 0.082288 0.095922 0.099428 0.045871 -0.014033 -0.246027 -0.191218 -0.237706 -0.209484 -0.013006 0.026643 -0.117521
-0.309175 -0.281821 0.584926 0.371478 0.363858 0.316434 1.000000 0.609854 0.260977 0.624124 -0.127642 0.009418 0.297584 0.282708 0.076544 0.108653 -0.192657 -0.240721 0.003743 -0.321893 0.081267 0.123757 0.192771 0.059387 0.046547 0.031651 0.100391 -0.057739 -0.094303 -0.165507 0.024264 0.122034 -0.273600 0.044231 0.082758 0.061175 -0.408851 -0.158558 -0.204709 0.295362 -0.055963 0.052594 -0.225678 -0.341754 0.081389 0.380297 -0.098392 -0.274010 0.114722 0.289135 0.269948 0.263611 0.105859 0.214832 -0.091507 -0.012799 -0.517565 -0.399906 0.332036 0.217797 0.004683 -0.080372 -0.189115 -0.372109 -0.022163 0.126882 0.380898 0.301503 -0.054072 0.011976 0.017669 0.218108 -0.259974 -0.283880 -0.254134 -0.366453 -0.433931 -0.216375 -0.372265 -0.071450 -0.270936 -0.305398 0.084254 0.222523 -0.087646 -0.028633 -0.138958 0.194286 0.356369 0.178169 0.308394 0.178052 0.295874 -0.028972 0.053354 -0.416705 -0.255787 -0.330377 0.021659 -0.338873 -0.020993 -0.051563 -0.175309 -0.206834 -0.393942 -0.298354 -0.165874 -0.218583 -0.263445 -0.434680 -0.477224 -0.306807 -0.208104 -0.361571 -0.246080 -0.167297
-0.235097 -0.138744 0.351866 0.519445 0.221430 0.106161 0.609854 1.000000 0.287266 0.671726 -0.268482 0.096874 0.221997 0.383918 -0.039956 0.077247 -0.212477 -0.213238 -0.228572 -0.351310 -0.091027 0.033135 0.006300 0.103556 -0.021151 0.220828 -0.100183 -0.207433 -0.155724 -0.108956 -0.082414 0.379074 -0.260830 0.215371 -0.006535 -0.113229 -0.309500 -0.186227 -0.129536 0.350601 0.078427 -0.006902 -0.346392 -0.454601 0.049427 0.305835 -0.228864 -0.447532 -0.018042 0.229684 -0.015671 0.080137 0.027949 0.251433 -0.097510 -0.015435 -0.359266 -0.441912 0.143951 0.095550 0.148113 0.252092 -0.267680 -0.226221 -0.072315 0.312596 0.198083 0.201009 -0.096141 -0.180674 -0.198239 0.265294 -0.172245 -0.236889 -0.220042 -0.264564 -0.368617 -0.093299 -0.277065 -0.087358 -0.186889 -0.280998 0.179333 0.139279 0.022877 -0.087043 -0.106943 0.094317 0.395206 0.274617 0.513959 0.087746 0.404261 0.045330 -0.178229 -0.473394 -0.188944 -0.224329 0.079076 -0.252944 0.005244 -0.252111 -0.121850 -0.145306 -0.451551 -0.413169 -0.401231 -0.260937 -0.360930 -0.433539 -0.301461 -0.299827 -0.174891 -0.340317 -0.309626 -0.158541
-0.337071 -0.328582 0.284641 0.266355 0.565403 0.620473 0.260977 0.287266 1.000000 0.463706 0.063413 -0.178656 0.004099 -0.223293 0.050410 0.059905 -0.271774 -0.379036 -0.240541 -0.206265 0.111665 0.164135 0.360462 0.367845 0.539974 0.250903 0.388653 0.024017 -0.431824 -0.306449 -0.039606 0.076593 -0.351123 -0.049404 0.394271 0.285632 -0.201306 0.006219 0.102406 0.184865 -0.251269 -0.199279 -0.156460 -0.137421 -0.035186 0.203776 -0.109976 -0.194701 -0.044290 0.150538 -0.028618 -0.011730 0.037677 0.190949 -0.035271 0.075212 -0.271893 -0.097751 -0.074570 0.164152 -0.100881 -0.000362 -0.388018 -0.273012 0.469911 0.147305 0.186460 0.353439 0.015713 0.229667 -0.075609 0.025011 -0.407126 -0.209368 -0.228903 -0.286357 -0.246723 -0.194926 -0.195339 -0.149880 -0.330178 -0.332091 -0.094820 -0.274007 -0.013245 -0.072524 0.258257 0.204822 0.358941 0.294389 0.200562 0.308852 0.314639 0.116267 -0.049858 -0.154608 -0.133855 -0.028517 -0.247849 -0.371653 0.100523 -0.029604 0.155659 0.167160 0.111572 0.134163 -0.168878 0.025013 -0.125732 -0.219943 -0.138250 -0.173902 -0.132091 -0.006835 0.125355 -0.050532
-0.241728 -0.148185 0.307177 0.464465 0.478869 0.368607 0.624124 0.671726 0.463706 1.000000 -0.296961 0.067054 -0.035287 0.112441 -0.037508 -0.002543 -0.399287 -0.355565 -0.295665 -0.222609 0.095312 0.135678 0.151030 0.200473 0.272559 0.320593 0.096556 -0.119897 -0.181539 -0.143304 0.134652 0.359787 -0.291227 0.087673 0.167772 0.095433 -0.252612 -0.102664 -0.151976 0.252496 -0.024694 -0.028082 -0.279898 -0.314109 0.071368 0.428461 -0.215991 -0.272044 -0.065794 0.230363 -0.027648 0.036773 0.072360 0.128295 -0.275218 -0.108787 -0.425206 -0.303751 0.125318 0.173341 0.129108 0.261010 -0.280556 -0.195561 0.143316 0.238942 0.190730 0.382187 -0.038158 0.010192 -0.079065 0.295358 -0.233619 -0.288634 -0.271673 -0.250008 -0.401828 -0.195776 -0.194074 -0.185051 -0.277741 -0.420579 0.146927 0.093230 -0.169966 -0.130273 0.002891 0.210034 0.346515 0.227411 0.341162 0.149653 0.301846 -0.004080 -0.073384 -0.289598 -0.228606 -0.139981 -0.044176 -0.250355 0.014612 -0.231453 -0.094960 -0.154722 -0.377433 -0.275196 -0.262664 -0.192173 -0.153217 -0.344389 -0.358627 -0.345188 -0.305150 -0.239962 -0.180901 -0.124991
0.007556 -0.138380 -0.039080 0.046269 -0.165020 0.126696 -0.127642 -0.268482 0.063413 -0.296961 1.000000 0.298901 0.521489 0.055770 0.619009 0.533535 0.396947 0.085485 0.230066 -0.139757 -0.215257 -0.075095 0.412827 0.318317 -0.151013 -0.123468 0.084623 0.205964 -0.065304 -0.234272 -0.220948 -0.390717 -0.191906 -0.340434 0.179821 0.272046 -0.056695 0.225307 -0.013012 -0.112588 -0.256229 -0.078047 0.197493 0.158457 -0.256798 -0.246486 0.136242 0.155083 -0.004272 -0.202426 0.224549 0.063534 0.028769 -0.076082 0.193109 0.082306 -0.023211 -0.132951 -0.125768 -0.146450 -0.255831 -0.201144 0.111503 -0.125186 0.438371 0.238980 -0.146905 0.053265 -0.201986 0.027606 -0.270890 -0.460283 -0.258106 -0.113625 -0.030867 -0.112745 -0.110680 -0.300406 -0.088123 0.058688 -0.044538 0.062851 -0.091218 -0.125018 0.555197 0.402888 -0.068220 -0.097296 0.215984 0.170037 -0.257602 -0.066584 -0.029416 0.013924 0.183361 0.077770 0.124641 0.016702 -0.168467 -0.157898 -0.065045 0.022974 0.103023 0.051627 0.252411 0.154081 0.197959 0.129093 0.068407 0.245113 0.146190 0.038136 -0.056201 0.391942 0.056938 0.141722
0.254851 0.313340 -0.043963 0.015433 -0.129095 -0.269319 0.009418 0.096874 -0.178656 0.067054 0.298901 1.000000 0.413600 0.535108 0.115419 0.456652 0.107197 0.045407 0.086358 -0.059690 -0.212856 -0.140265 -0.078521 -0.038908 -0.225720 -0.133568 -0.193808 -0.028642 0.162812 0.143461 0.125166 -0.051281 0.069286 -0.049516 -0.064862 0.130612 0.045746 0.047841 -0.067904 -0.172144 -0.014059 -0.062732 0.049416 0.118475 -0.141162 -0.227698 0.061867 0.044702 -0.047489 -0.232986 0.094227 0.001395 -0.230427 -0.262319 0.287498 0.162993 -0.176937 -0.278926 -0.008759 -0.253833 0.118581 0.340083 0.173821 0.035701 0.070215 0.551400 -0.151638 -0.169328 -0.166885 -0.180567 -0.307751 -0.034229 0.021245 -0.070512 0.104814 0.212905 -0.036196 -0.141710 0.086899 -0.105332 -0.102231 -0.090462 -0.188350 0.040503 0.072941 0.335914 -0.102323 -0.157102 -0.110852 -0.014670 -0.282397 -0.571694 -0.301384 -0.352842 -0.126880 0.125869 0.217024 0.331283 -0.210863 -0.207740 -0.067750 -0.378236 -0.079647 -0.216154 -0.172932 -0.209956 -0.292503 -0.258216 0.041406 0.076505 0.270367 -0.040978 -0.336142 0.122361 0.124966 0.045871
-0.205805 -0.251531 0.070833 -0.085249 -0.008062 -0.037029 0.297584 0.221997 0.004099 -0.035287 0.521489 0.413600 1.000000 0.678556 0.458757 0.579444 0.518444 0.245744 -0.054490 -0.245312 -0.164721 -0.066911 0.152213 0.014315 -0.223584 -0.147298 -0.099758 -0.007864 0.240355 0.086422 -0.204176 -0.141211 -0.067189 0.106765 0.075464 0.129107 -0.079495 0.236094 -0.188856 -0.013139 0.066837 0.159310 -0.012783 -0.195165 -0.312911 -0.123748 0.143987 -0.114621 -0.225554 -0.267187 0.204385 0.030287 0.001056 0.104040 0.074749 -0.000827 0.008262 -0.193011 0.020697 -0.159342 0.139997 0.084967 0.247144 0.044364 0.074326 0.248528 -0.067665 -0.111246 -0.422934 -0.342415 -0.309612 -0.241613 -0.019546 -0.037288 0.040707 -0.080816 -0.212251 -0.362500 -0.039860 0.203984 0.169999 0.216774 -0.186143 0.144777 0.321329 0.170902 -0.482607 -0.316158 0.148770 -0.003311 -0.195630 -0.257854 -0.116696 -0.194860 0.047956 -0.148315 -0.003928 -0.130738 -0.087555 -0.160427 -0.001242 -0.130462 -0.078231 -0.309006 -0.162115 -0.212533 -0.089126 -0.251043 -0.223013 -0.217976 -0.075693 -0.081872 -0.229322 0.101636 -0.128868 0.041610
-0.077244 -0.032268 -0.148385 -0.253606 0.034524 -0.336749 0.282708 0.383918 -0.223293 0.112441 0.055770 0.535108 0.678556 1.000000 0.028148 0.440440 0.447838 0.370458 -0.040085 -0.033263 -0.158573 -0.191866 -0.295208 -0.276971 -0.357207 -0.227243 -0.408044 -0.379141 0.524923 0.474898 0.008153 0.204204 0.195616 0.412053 -0.073290 -0.143944 -0.055704 0.102752 -0.381833 -0.141046 0.294683 0.298195 0.018812 -0.253695 -0.080753 -0.063580 0.147760 -0.209315 -0.302764 -0.267228 -0.132664 -0.057442 -0.234609 0.083271 0.013647 -0.064491 0.062604 -0.256908 -0.173780 -0.297894 0.212337 0.246027 0.328757 0.268549 -0.256120 0.086723 -0.134538 -0.305254 -0.428876 -0.538490 -0.128149 0.097275 0.378114 0.196332 0.205353 0.232828 -0.028195 -0.001489 0.186949 0.279426 0.284915 0.340259 -0.199491 0.422724 0.034890 0.046770 -0.545047 -0.305188 -0.143031 -0.244024 -0.193531 -0.476372 -0.175915 -0.284517 -0.048306 -0.056712 -0.048546 -0.000031 0.074854 0.034890 -0.047739 -0.270755 -0.134763 -0.367694 -0.332572 -0.437813 -0.247166 -0.378350 -0.152311 -0.137423 0.003728 -0.037183 -0.104460 0.027027 -0.194175 -0.007119
-0.135541 -0.098935 0.118921 0.274771 -0.188069 0.208020 0.076544 -0.039956 0.050410 -0.037508 0.619009 0.115419 0.458757 0.028148 1.000000 0.612058 0.307357 0.078344 -0.009055 -0.343018 -0.302931 -0.024153 0.492943 0.297762 -0.007739 0.074964 0.149707 0.293612 0.026437 -0.134784 -0.234883 -0.347407 -0.221524 -0.286328 0.034796 0.073050 0.102592 0.418917 0.199288 0.137801 0.077202 0.224900 0.180624 0.020412 -0.421502 -0.266761 0.271788 0.216458 -0.072199 -0.245035 0.206058 0.004225 0.116620 0.037796 0.205950 0.077298 -0.129674 0.004526 0.056336 -0.080876 -0.182316 -0.083483 -0.041971 -0.220091 0.325256 0.215289 -0.119684 -0.085168 -0.042162 -0.018589 -0.409106 -0.458673 -0.140617 -0.125831 0.043691 -0.184865 -0.195159 -0.286106 -0.090894 0.207741 0.016419 0.086514 0.274930 0.062693 0.496753 0.366208 0.044034 0.011449 0.347691 0.243609 -0.168383 -0.089603 -0.072029 -0.096340 0.237571 -0.148794 0.169076 -0.105326 -0.043337 -0.133712 -0.232434 0.023100 -0.154271 -0.154145 -0.065961 -0.114782 0.239445 -0.101308 -0.103688 0.041773 -0.020480 0.001653 -0.131363 0.268405 -0.234547 -0.068009
-0.053526 0.011239 0.080383 0.157666 -0.070541 0.051878 0.108653 0.077247 0.059905 -0.002543 0.533535 0.456652 0.579444 0.440440 0.612058 1.000000 0.469248 0.200895 0.140387 -0.261233 -0.243649 -0.021342 0.296989 0.209091 -0.084221 -0.057976 0.051553 0.046357 0.256249 0.169168 -0.041542 -0.062485 -0.083261 -0.062362 -0.011249 -0.038008 0.051664 0.358920 -0.013093 -0.007946 0.098497 0.211906 0.134098 -0.145729 -0.387829 -0.444194 0.307169 -0.097115 -0.318105 -0.405454 -0.036325 -0.088093 0.027049 0.042403 0.294714 0.120283 -0.106122 -0.187924 -0.046806 -0.179413 0.034019 0.082392 0.048042 -0.097208 0.334432 0.300838 -0.189543 -0.353381 -0.281576 -0.298173 -0.511015 -0.395065 0.022893 -0.081948 0.128970 -0.133410 -0.219794 -0.371452 0.105178 0.365658 0.088070 0.267632 -0.005176 0.292528 0.443128 0.472106 -0.214519 -0.093187 0.272701 0.213599 -0.312304 -0.325864 -0.172282 -0.341431 0.173970 -0.089006 0.110263 -0.049446 -0.171982 -0.206475 -0.218646 -0.223980 -0.146218 -0.302239 -0.141688 -0.278624 0.059705 -0.200089 -0.062629 -0.069720 -0.046916 0.023437 -0.189191 0.287823 -0.148616 0.024007
-0.022158 -0.050541 -0.481638 -0.380173 -0.119931 -0.396515 -0.192657 -0.212477 -0.271774 -0.399287 0.396947 0.107197 0.518444 0.447838 0.307357 0.469248 1.000000 0.821610 0.156285 0.147523 -0.158553 -0.194913 -0.146691 -0.100943 -0.349188 -0.356224 -0.313675 -0.302887 0.733465 0.582550 -0.172070 -0.035772 0.253587 0.174604 -0.179593 -0.285741 0.301328 0.449247 -0.319090 -0.164380 0.390423 0.555534 0.268870 -0.272750 -0.137192 -0.327558 0.264732 -0.183676 -0.362917 -0.418598 -0.196673 -0.283014 -0.116154 0.024501 -0.041804 -0.122070 0.585265 0.124478 -0.306232 -0.422749 -0.012220 -0.040439 0.600610 0.574125 -0.203225 -0.372829 -0.489178 -0.520947 -0.442593 -0.574742 -0.065979 -0.358086 0.558095 0.549403 0.491095 0.258757 0.307043 -0.076521 0.452196 0.612450 0.679251 0.807434 -0.136741 0.419648 0.308909 0.009325 -0.625683 -0.402223 -0.101835 -0.290087 -0.367392 -0.316891 -0.213491 -0.197119 0.219472 -0.005668 -0.095826 -0.190059 0.060251 0.220243 -0.036626 0.025023 -0.060653 -0.192515 0.017736 -0.105920 0.232338 0.039594 0.023713 -0.092299 -0.170574 0.125665 0.278425 0.329946 -0.244700 0.268280
-0.010446 0.011374 -0.592436 -0.464252 -0.224373 -0.563022 -0.240721 -0.213238 -0.379036 -0.355565 0.085485 0.045407 0.245744 0.370458 0.078344 0.200895 0.821610 1.000000 0.011454 0.257230 -0.133769 -0.266300 -0.345344 -0.238052 -0.408370 -0.417856 -0.381104 -0.358419 0.706666 0.709134 -0.176177 -0.042838 0.344867 0.137416 -0.294846 -0.465736 0.429052 0.423411 -0.341997 -0.166329 0.558680 0.552121 0.246012 -0.254122 -0.138636 -0.340354 0.202911 -0.126421 -0.348895 -0.374033 -0.262827 -0.257693 -0.028463 0.010560 -0.064377 -0.086449 0.672040 0.274443 -0.293081 -0.376299 0.108321 0.055887 0.685126 0.722895 -0.320560 -0.454040 -0.540298 -0.589089 -0.439021 -0.553311 0.009925 -0.313715 0.705638 0.636367 0.571516 0.289688 0.419967 0.042067 0.613853 0.599325 0.724442 0.845957 -0.079139 0.451740 0.123991 -0.126518 -0.530507 -0.436564 -0.225011 -0.352369 -0.322441 -0.296036 -0.334030 -0.182600 0.144490 0.200960 -0.097761 -0.026778 0.203461 0.410365 -0.068817 -0.015440 -0.136293 -0.173073 -0.021174 -0.101609 0.259031 0.051836 0.170399 -0.011304 -0.148585 0.232814 0.380922 0.240027 -0.164251 0.366064
0.317067 0.191656 0.038655 -0.117521 -0.112294 -0.183861 0.003743 -0.228572 -0.240541 -0.295665 0.230066 0.086358 -0.054490 -0.040085 -0.009055 0.140387 0.156285 0.011454 1.000000 0.139747 -0.131305 -0.187514 -0.036298 -0.220955 -0.216756 -0.283234 -0.126587 -0.209784 0.180971 0.031471 0.002364 0.026741 0.288917 0.044719 -0.165827 -0.159351 -0.043076 -0.211206 -0.144661 -0.207478 -0.051263 -0.007061 0.162011 0.145462 0.285748 -0.065080 0.103023 0.078895 0.252954 0.091885 0.098041 0.205155 -0.067903 0.050301 -0.002914 0.008945 -0.117718 -0.035108 -0.200588 -0.065273 -0.281693 -0.435882 0.180370 -0.034228 -0.024775 -0.179525 -0.037114 -0.207993 0.084374 0.002114 0.190787 0.059013 0.137544 0.072712 0.086814 0.164619 0.218751 0.100628 -0.026337 0.098210 0.095155 0.116478 0.152193 0.234637 0.178443 0.122182 -0.072085 -0.059200 -0.124573 -0.194203 0.032792 0.120720 0.065929 0.122684 0.083751 0.044543 -0.153110 -0.073027 0.059453 -0.020841 0.202193 0.232816 0.100269 -0.032815 0.024838 -0.064943 0.045874 0.024473 -0.027161 0.004618 -0.084022 0.207280 0.320525 0.016891 -0.086203 -0.224350
0.393724 0.272936 -0.534232 -0.400061 0.167892 -0.144539 -0.321893 -0.351310 -0.206265 -0.222609 -0.139757 -0.059690 -0.245312 -0.033263 -0.343018 -0.261233 0.147523 0.257230 0.139747 1.000000 0.049580 -0.240851 -0.550330 -0.121099 -0.290808 -0.520961 -0.110912 -0.300882 0.235819 0.321849 -0.086252 -0.086333 0.575147 0.423885 -0.300306 -0.193104 -0.025113 -0.063163 -0.177402 -0.306228 0.171854 0.349489 -0.253179 -0.164999 0.154394 -0.091238 -0.405732 -0.176933 -0.166904 -0.164719 -0.422701 -0.218564 -0.378336 -0.372645 -0.291151 -0.122587 0.402249 0.244366 -0.287306 -0.106670 0.197052 0.047320 0.516934 0.422542 -0.364852 -0.355417 -0.119985 0.028826 -0.088823 0.103308 0.225404 -0.031523 0.382264 0.386589 0.308509 0.453791 0.440699 0.167375 0.228844 -0.162477 0.172999 0.145559 -0.064335 0.267475 -0.171381 -0.285346 -0.292544 -0.090226 -0.455882 -0.336096 -0.303433 -0.092927 -0.334803 -0.067076 0.118016 0.517307 -0.220928 0.194073 -0.129107 0.362673 0.107178 -0.241816 0.289493 0.125007 0.324803 0.351697 0.378980 0.408094 0.539587 0.106883 -0.028483 0.161510 0.351669 0.205695 0.116508 0.386408
-0.231533 -0.258544 0.263529 -0.186354 0.457307 0.335650 0.081267 -0.091027 0.111665 0.095312 -0.215257 -0.212856 -0.164721 -0.158573 -0.302931 -0.243649 -0.158553 -0.133769 -0.131305 0.049580 1.000000 0.660958 -0.008684 -0.037886 0.520370 0.406637 0.622584 0.431501 -0.129213 -0.089551 0.349449 0.175694 -0.151821 0.077094 0.266830 0.285451 -0.176633 -0.093347 0.034558 -0.028441 -0.249868 -0.045726 0.044955 0.228793 0.097589 0.128916 -0.106963 0.016185 -0.032376 0.125539 0.002263 -0.081952 0.098592 -0.079644 -0.140867 -0.090738 -0.044422 -0.060712 0.037883 0.016351 0.062683 0.081145 -0.244372 -0.107744 -0.021845 -0.044765 0.163296 0.173499 -0.012809 0.020856 0.470243 0.529791 -0.178886 0.093490 -0.189415 0.154778 0.029578 0.106058 -0.149558 -0.336369 -0.148619 -0.212254 -0.368398 -0.163968 -0.152527 -0.268991 -0.164361 -0.055764 -0.161929 -0.188003 -0.040699 0.054867 -0.059445 0.106795 -0.047239 0.050497 0.182724 0.106475 -0.069227 -0.059907 0.062816 0.065650 0.102427 0.067491 0.070339 0.040756 -0.046908 -0.010251 0.038149 -0.083179 0.166986 -0.128618 0.055222 0.133696 0.325823 -0.041472
-0.222597 -0.297716 0.393893 0.182942 0.237478 0.380528 0.123757 0.033135 0.164135 0.135678 -0.075095 -0.140265 -0.066911 -0.191866 -0.024153 -0.021342 -0.194913 -0.266300 -0.187514 -0.240851 0.660958 1.000000 0.443741 0.351029 0.564005 0.706937 0.545296 0.603337 -0.174529 -0.207802 0.441526 0.304778 -0.453175 -0.020957 0.332826 0.304225 -0.151677 0.165109 0.449707 0.356708 -0.308975 0.030432 0.034351 0.256898 -0.125126 -0.109898 -0.062029 0.000765 0.000633 0.003892 0.095431 -0.071148 0.228399 0.006685 0.024808 0.114879 -0.091025 -0.148810 0.195555 -0.002848 -0.011918 -0.021822 -0.452301 -0.384487 0.178297 0.158659 0.052197 0.040079 0.053242 -0.074490 0.289169 0.492174 -0.283705 -0.059322 -0.170746 -0.036414 -0.111039 0.077375 -0.235018 -0.185375 -0.322479 -0.310161 -0.120653 -0.137936 -0.010869 0.047636 0.126104 0.173092 0.272816 0.191202 0.041486 0.005945 0.080152 -0.107774 0.124447 -0.344125 0.266274 0.018391 -0.135694 -0.184586 -0.154910 -0.053913 -0.098122 -0.110752 -0.228886 -0.236914 -0.268400 -0.229739 -0.277087 -0.238655 0.018585 -0.380400 -0.131551 0.072514 0.068886 -0.108268
-0.209179 -0.350651 0.538136 0.480134 -0.103101 0.451849 0.192771 0.006300 0.360462 0.151030 0.412827 -0.078521 0.152213 -0.295208 0.492943 0.296989 -0.146691 -0.345344 -0.036298 -0.550330 -0.008684 0.443741 1.000000 0.700845 0.326274 0.462094 0.303910 0.453019 -0.392740 -0.541536 0.092855 -0.029447 -0.700635 -0.466953 0.392196 0.333601 -0.262333 0.176786 0.282719 0.269837 -0.461600 -0.260206 0.029917 0.138193 -0.254872 -0.094079 0.069778 0.132697 0.169573 -0.005339 0.410255 0.161387 0.429623 0.128758 0.222722 0.207404 -0.363172 -0.226968 0.249742 0.022865 -0.224093 -0.200970 -0.434713 -0.577941 0.686679 0.379103 0.026935 0.208458 -0.006514 0.158863 -0.159327 -0.152312 -0.600547 -0.448160 -0.367962 -0.480260 -0.416986 -0.250698 -0.318138 0.059893 -0.475612 -0.345729 0.198506 -0.287140 0.309255 0.387373 0.458645 0.371415 0.726331 0.614313 0.198114 0.278077 0.330280 0.017608 0.357668 -0.372306 0.128900 -0.170435 -0.070883 -0.288863 -0.230870 0.038905 -0.096415 -0.073015 -0.107706 -0.105845 -0.077766 -0.019640 -0.287981 -0.061926 -0.146973 -0.334643 -0.323416 0.100025 0.014142 -0.068465
-0.192805 -0.313201 0.263855 0.544949 0.038341 0.499821 0.059387 0.103556 0.367845 0.200473 0.318317 -0.038908 0.014315 -0.276971 0.297762 0.209091 -0.100943 -0.238052 -0.220955 -0.121099 -0.037886 0.351029 0.700845 1.000000 0.151532 0.268732 0.248226 0.294016 -0.329498 -0.338377 0.028604 -0.015528 -0.607728 -0.411006 0.288428 0.217273 -0.306717 0.292268 0.218243 0.319588 -0.293339 -0.065559 -0.173386 -0.111575 -0.184510 -0.105939 -0.139189 -0.176698 -0.060483 -0.067434 0.041493 -0.024995 0.184388 -0.026861 0.238821 0.291109 -0.189875 -0.229074 0.070817 -0.083658 -0.171198 -0.091356 -0.337033 -0.451518 0.475367 0.276369 -0.125219 0.328918 -0.054294 0.150929 -0.243216 -0.232032 -0.446719 -0.245785 -0.230683 -0.438675 -0.329216 -0.230067 -0.229671 0.005420 -0.509234 -0.288774 0.095643 -0.181778 0.248276 0.339614 0.327125 0.411387 0.671749 0.706231 0.150256 0.195954 0.270392 -0.028525 0.368491 -0.205773 0.114975 -0.057399 -0.103390 -0.177487 -0.335588 -0.363869 -0.003271 0.047908 0.051130 0.086333 0.023523 0.210759 -0.008351 -0.034534 -0.218446 -0.335902 -0.173289 0.163854 0.021944 0.367426
-0.285958 -0.298629 0.388717 0.064070 0.482372 0.546554 0.046547 -0.021151 0.539974 0.272559 -0.151013 -0.225720 -0.223584 -0.357207 -0.007739 -0.084221 -0.349188 -0.408370 -0.216756 -0.290808 0.520370 0.564005 0.326274 0.151532 1.000000 0.700099 0.595460 0.392019 -0.289173 -0.256723 0.480828 0.234120 -0.313730 -0.079507 0.514583 0.406171 0.044864 0.046929 0.289658 -0.000037 -0.287677 -0.168030 0.141038 0.343789 0.002350 0.074754 0.061782 0.127826 0.043807 0.069260 0.232545 0.086619 0.138716 0.137074 0.106981 -0.006237 -0.218969 -0.071862 -0.012365 -0.002953 -0.171722 -0.043308 -0.472248 -0.284231 0.400413 0.184635 0.141029 0.217962 0.155780 0.126082 0.281290 0.383864 -0.267912 -0.075203 -0.097076 -0.095326 -0.071154 -0.049718 -0.097187 -0.241230 -0.249758 -0.318826 -0.218823 -0.379241 -0.191718 -0.014408 0.272296 0.026451 0.020426 -0.053928 -0.073561 0.085072 0.017841 -0.116080 -0.117148 -0.135643 0.112832 0.070118 -0.346890 -0.366694 -0.171678 -0.012385 -0.090973 -0.029922 -0.066742 -0.018426 -0.225743 -0.217196 -0.162524 -0.104928 0.102383 -0.222757 -0.276961 0.077003 0.283588 -0.254935
-0.180484 -0.280607 0.392332 0.238975 0.161778 0.353172 0.031651 0.220828 0.250903 0.320593 -0.123468 -0.133568 -0.147298 -0.227243 0.074964 -0.057976 -0.356224 -0.417856 -0.283234 -0.520961 0.406637 0.706937 0.462094 0.268732 0.700099 1.000000 0.309435 0.451376 -0.295499 -0.350933 0.439264 0.478908 -0.539390 -0.072754 0.444397 0.324587 0.028470 0.088292 0.373585 0.257431 -0.292853 -0.145477 0.168412 0.390997 -0.085905 0.044076 0.116554 0.235172 0.046620 0.049225 0.185953 0.025271 0.278020 0.243853 0.063724 0.029252 -0.203112 -0.107985 0.070174 -0.027140 -0.131273 0.036937 -0.572304 -0.405986 0.365869 0.357661 0.046518 0.122350 0.162826 -0.020818 0.124167 0.437944 -0.336031 -0.249205 -0.256558 -0.167275 -0.208956 0.085847 -0.215660 -0.245053 -0.279863 -0.368682 -0.002332 -0.355428 -0.012673 0.009530 0.287023 0.039372 0.235705 0.123892 0.144350 0.062893 0.214226 -0.044554 -0.116082 -0.406272 0.263605 0.009006 -0.085917 -0.228023 -0.236503 0.074986 -0.231290 -0.130523 -0.289537 -0.287626 -0.398823 -0.312915 -0.339307 -0.073013 0.190627 -0.267588 -0.275164 0.024135 0.018421 -0.308903
-0.289170 -0.159612 0.459860 0.212243 0.400935 0.675530 0.100391 -0.100183 0.388653 0.096556 0.084623 -0.193808 -0.099758 -0.408044 0.149707 0.051553 -0.313675 -0.381104 -0.126587 -0.110912 0.622584 0.545296 0.303910 0.248226 0.595460 0.309435 1.000000 0.737161 -0.496509 -0.382965 0.112006 -0.276689 -0.302235 -0.276443 0.327177 0.396948 -0.232475 -0.065558 0.295770 0.105687 -0.335352 -0.213001 -0.142637 0.150749 -0.167592 -0.033427 -0.123234 -0.032048 0.055076 0.108583 0.149597 0.014210 0.257908 -0.074741 0.135334 0.104092 -0.267488 -0.026858 0.250983 0.201446 0.031038 0.076396 -0.437289 -0.365390 0.314222 0.161771 0.306526 0.321533 0.053946 0.213524 0.072045 0.138249 -0.492171 -0.243675 -0.282841 -0.199115 -0.244464 -0.236759 -0.332630 -0.390140 -0.406013 -0.393915 -0.122965 -0.223968 0.015866 0.099848 0.186766 0.229894 0.139925 0.234863 -0.039246 0.173287 -0.081761 0.059573 0.004566 0.049538 0.218255 0.101218 -0.193424 -0.282275 0.070522 0.035402 0.150605 0.123736 0.122141 0.137698 0.140056 0.010258 0.105829 -0.092563 0.080430 -0.078705 -0.165399 0.094800 0.267529 -0.070836
-0.191312 -0.118124 0.431446 0.289225 -0.059509 0.445142 -0.057739 -0.207433 0.024017 -0.119897 0.205964 -0.028642 -0.007864 -0.379141 0.293612 0.046357 -0.302887 -0.358419 -0.209784 -0.300882 0.431501 0.603337 0.453019 0.294016 0.392019 0.451376 0.737161 1.000000 -0.480869 -0.471159 0.160869 -0.393355 -0.387579 -0.454578 0.257307 0.430094 -0.150887 -0.014233 0.468573 0.275320 -0.388504 -0.301772 -0.072108 0.350145 -0.326906 -0.211469 -0.030292 0.161909 0.140273 0.038288 0.380551 0.068904 0.415550 -0.165502 0.280369 0.159450 -0.217195 0.052965 0.459428 0.232428 0.007612 0.047689 -0.460585 -0.468104 0.278505 0.365080 0.276375 0.194290 0.211083 0.245816 -0.012749 0.054275 -0.535540 -0.333013 -0.319859 -0.197912 -0.291692 -0.155971 -0.456549 -0.342881 -0.414343 -0.402754 -0.067364 -0.340878 0.094845 0.217967 0.342442 0.291548 0.209429 0.356248 -0.039597 0.073494 -0.079909 0.005055 -0.083500 -0.095788 0.455192 0.119812 -0.096698 -0.258245 -0.115315 0.122480 -0.053415 0.084694 -0.027301 -0.008267 -0.003098 -0.091131 -0.081433 0.062209 0.279463 -0.047029 -0.209842 0.026747 0.158707 -0.148830
0.018734 0.073982 -0.477034 -0.490048 -0.086728 -0.532059 -0.094303 -0.155724 -0.431824 -0.181539 -0.065304 0.162812 0.240355 0.524923 0.026437 0.256249 0.733465 0.706666 0.180971 0.235819 -0.129213 -0.174529 -0.392740 -0.329498 -0.289173 -0.295499 -0.496509 -0.480869 1.000000 0.817905 0.160557 0.293328 0.511272 0.368996 -0.382509 -0.481083 0.394614 0.351371 -0.248380 -0.103895 0.616762 0.647434 0.397188 -0.120797 0.114989 -0.193712 0.349896 -0.081112 -0.318276 -0.316694 -0.266805 -0.186553 -0.247460 0.062705 -0.052255 -0.012517 0.440203 0.072715 -0.407777 -0.447341 -0.004553 -0.039528 0.537712 0.555916 -0.487375 -0.437135 -0.479886 -0.644873 -0.240289 -0.551034 0.015185 -0.016751 0.845947 0.616146 0.618758 0.418558 0.355479 0.094486 0.604841 0.605366 0.716877 0.763107 -0.089879 0.543767 -0.044533 -0.075156 -0.538190 -0.345647 -0.340448 -0.473499 -0.353461 -0.494118 -0.407093 -0.380073 0.223953 0.002394 0.018433 0.023688 0.107811 0.331156 -0.116315 -0.101761 -0.260714 -0.391653 -0.232781 -0.309862 -0.018217 -0.266754 -0.081402 -0.113692 -0.124224 0.005575 0.231591 0.140005 -0.332285 0.092967
-0.046065 0.051465 -0.555371 -0.515391 -0.007393 -0.538462 -0.165507 -0.108956 -0.306449 -0.143304 -0.234272 0.143461 0.086422 0.474898 -0.134784 0.169168 0.582550 0.709134 0.031471 0.321849 -0.089551 -0.207802 -0.541536 -0.338377 -0.256723 -0.350933 -0.382965 -0.471159 0.817905 1.000000 0.174438 0.228642 0.508621 0.320446 -0.338510 -0.415594 0.420401 0.395357 -0.195210 -0.182372 0.653245 0.625892 0.312717 -0.132224 0.033286 -0.264664 0.303295 -0.130735 -0.396740 -0.401852 -0.450102 -0.247780 -0.346288 0.094331 0.024891 0.087211 0.473520 0.139654 -0.461094 -0.458752 0.009702 -0.024321 0.416863 0.550793 -0.460731 -0.480513 -0.520627 -0.596381 -0.302647 -0.496126 0.024260 -0.023252 0.904436 0.725907 0.749039 0.520295 0.492002 0.090864 0.626650 0.540337 0.556087 0.719062 -0.268697 0.436827 -0.102524 -0.044874 -0.480308 -0.366941 -0.388164 -0.458471 -0.409371 -0.455218 -0.364730 -0.237933 0.165620 0.279340 -0.031479 0.187380 0.151383 0.412462 -0.024423 -0.180492 -0.093852 -0.277182 -0.106100 -0.227636 0.040858 -0.170555 0.162310 0.091464 -0.042269 0.184940 0.245780 0.235604 -0.145597 0.289548
-0.061966 -0.103089 0.215223 -0.177855 0.092587 -0.028262 0.024264 -0.082414 -0.039606 0.134652 -0.220948 0.125166 -0.204176 0.008153 -0.234883 -0.041542 -0.172070 -0.176177 0.002364 -0.086252 0.349449 0.441526 0.092855 0.028604 0.480828 0.439264 0.112006 0.160869 0.160557 0.174438 1.000000 0.434441 -0.008745 -0.100650 0.127003 -0.034997 0.131497 0.007002 0.194025 -0.111137 -0.039361 -0.007915 0.266922 0.436954 0.123565 -0.213291 0.187812 0.133360 0.131424 -0.119614 0.216148 0.237904 0.077960 0.143827 0.215876 0.169803 -0.093474 -0.149929 -0.119497 -0.371561 -0.226688 -0.048628 -0.261442 -0.192562 0.088425 0.133165 -0.158104 -0.174936 0.074673 -0.134394 0.238367 0.507695 0.166391 0.225934 0.290849 0.224817 0.174490 0.039445 0.092163 -0.103626 -0.185343 -0.167880 -0.363180 -0.170304 -0.202374 0.127080 0.159997 -0.035108 -0.209106 -0.227394 -0.212254 -0.171613 -0.128406 -0.243139 0.049821 0.015526 0.318240 0.372508 -0.111562 0.026189 -0.279662 -0.126314 -0.213158 -0.225378 -0.225848 -0.200267 -0.437165 -0.410273 -0.103746 0.176787 0.230851 -0.167690 -0.258477 0.140739 0.235373 -0.070190
0.043933 -0.060453 0.024097 -0.090412 0.136412 -0.111660 0.122034 0.379074 0.076593 0.359787 -0.390717 -0.051281 -0.141211 0.204204 -0.347407 -0.062485 -0.035772 -0.042838 0.026741 -0.086333 0.175694 0.304778 -0.029447 -0.015528 0.234120 0.478908 -0.276689 -0.393355 0.293328 0.228642 0.434441 1.000000 -0.080921 0.463004 0.077827 -0.175767 0.046558 -0.030978 -0.095066 0.052681 0.061682 0.157480 0.189565 0.063142 0.319917 0.156502 0.084411 -0.082600 0.025922 0.074022 -0.198475 0.070545 -0.015215 0.435210 -0.164759 0.031149 -0.005678 -0.290542 -0.327372 -0.296811 -0.094520 -0.032770 -0.136629 0.000643 -0.054051 0.005470 -0.262084 -0.201103 -0.096339 -0.355737 0.188055 0.552572 0.260540 0.076768 0.042966 0.135171 0.100465 0.296879 0.193151 0.056183 0.062173 0.006740 -0.006771 0.110150 -0.204453 -0.225494 -0.108642 -0.144672 0.035477 -0.167373 0.204612 -0.071779 0.149075 -0.085954 0.070908 -0.332090 -0.062547 -0.008864 0.092535 0.127853 -0.128832 -0.107962 -0.118468 -0.305756 -0.353338 -0.417864 -0.462533 -0.275417 -0.252213 -0.231644 -0.121515 -0.285315 -0.017839 -0.036399 -0.090371 -0.105665
0.221487 0.327824 -0.512765 -0.510282 -0.040327 -0.484571 -0.273600 -0.260830 -0.351123 -0.291227 -0.191906 0.069286 -0.067189 0.195616 -0.221524 -0.083261 0.253587 0.344867 0.288917 0.575147 -0.151821 -0.453175 -0.700635 -0.607728 -0.313730 -0.539390 -0.302235 -0.387579 0.511272 0.508621 -0.008745 -0.080921 1.000000 0.485619 -0.527258 -0.394245 0.254730 -0.125401 -0.165900 -0.294115 0.569799 0.361067 0.025054 -0.075023 0.156229 -0.128304 0.037836 -0.081177 -0.196805 -0.194174 -0.209271 -0.168268 -0.392162 -0.176291 -0.261634 -0.134555 0.337836 0.324537 -0.339564 -0.073328 0.104518 -0.012152 0.455876 0.462674 -0.475896 -0.350089 -0.024793 -0.315220 0.155082 0.001579 -0.002716 0.011253 0.630395 0.425451 0.525480 0.509155 0.373242 -0.002333 0.290772 0.143445 0.521303 0.390824 -0.050850 0.360112 -0.097544 -0.173816 -0.310352 -0.283477 -0.672542 -0.576363 -0.290432 -0.309182 -0.431231 -0.185361 -0.110242 0.405529 -0.097314 0.218038 -0.084422 0.284080 0.126206 0.028903 0.010026 -0.001028 0.057680 0.054459 0.095486 -0.065986 0.186826 0.089750 0.121977 0.298542 0.322082 0.072645 -0.052508 -0.052120
0.160714 0.059386 -0.309145 -0.303567 0.269267 -0.181222 0.044231 0.215371 -0.049404 0.087673 -0.340434 -0.049516 0.106765 0.412053 -0.286328 -0.062362 0.174604 0.137416 0.044719 0.423885 0.077094 -0.020957 -0.466953 -0.411006 -0.079507 -0.072754 -0.276443 -0.454578 0.368996 0.320446 -0.100650 0.463004 0.485619 1.000000 -0.119718 -0.145088 -0.048771 -0.101749 -0.172588 -0.087839 0.227421 0.404850 -0.116401 -0.270055 0.188751 0.179317 -0.132963 -0.244675 -0.261899 -0.082519 -0.419851 -0.261424 -0.366869 0.001259 -0.425031 -0.259251 0.195706 -0.003753 -0.250444 -0.023923 0.238112 0.057387 0.244847 0.283172 -0.410830 -0.201595 0.106878 -0.109464 -0.045957 -0.183127 0.245022 0.347404 0.371944 0.210154 0.120649 0.420564 0.208047 0.309484 0.151285 0.054478 0.351174 0.184233 -0.020921 0.418677 -0.212795 -0.417594 -0.481773 -0.220530 -0.319849 -0.433443 -0.023723 -0.257343 -0.115234 -0.187752 -0.024806 -0.103620 -0.338782 -0.160637 -0.082223 0.078419 0.085564 -0.079084 0.079267 -0.155637 -0.171746 -0.214633 -0.102408 -0.073702 -0.081239 -0.338232 -0.136366 -0.069109 0.185658 -0.027539 -0.184344 -0.150359
-0.381140 -0.465302 0.285029 0.058898 0.309964 0.452723 0.082758 -0.006535 0.394271 0.167772 0.179821 -0.064862 0.075464 -0.073290 0.034796 -0.011249 -0.179593 -0.294846 -0.165827 -0.300306 0.266830 0.332826 0.392196 0.288428 0.514583 0.444397 0.327177 0.257307 -0.382509 -0.338510 0.127003 0.077827 -0.527258 -0.119718 1.000000 0.695246 -0.018478 0.137295 0.090921 -0.086473 -0.414746 -0.255306 0.094162 0.259097 0.010429 0.253363 0.106859 0.156845 0.102199 0.133327 0.122071 0.125772 0.120131 0.164328 0.174337 -0.052957 -0.179244 -0.053002 -0.013655 -0.114245 -0.274346 -0.233060 -0.363975 -0.326214 0.405637 0.139050 0.203507 0.413104 0.024870 0.112435 0.379642 0.197305 -0.354101 -0.149492 -0.239352 -0.139062 -0.093838 0.118840 -0.175509 -0.100818 -0.258015 -0.233690 -0.199977 -0.307665 -0.112067 0.074980 0.190846 0.057740 0.142357 0.070026 -0.123178 0.029157 0.109515 -0.000644 -0.131929 -0.118847 -0.007879 -0.054684 -0.213311 -0.398485 -0.190450 0.061309 0.008679 -0.093183 -0.093851 -0.067765 -0.165451 -0.069494 -0.065240 0.018487 -0.027784 -0.043541 -0.320201 -0.007254 0.214596 -0.091505
-0.091957 -0.214448 0.264801 0.132518 0.338017 0.490291 0.061175 -0.113229 0.285632 0.095433 0.272046 0.130612 0.129107 -0.143944 0.073050 -0.038008 -0.285741 -0.465736 -0.159351 -0.193104 0.285451 0.304225 0.333601 0.217273 0.406171 0.324587 0.396948 0.430094 -0.481083 -0.415594 -0.034997 -0.175767 -0.394245 -0.145088 0.695246 1.000000 -0.182094 -0.010960 0.120649 -0.148972 -0.557006 -0.333708 -0.089814 0.261191 -0.091282 0.213400 -0.134690 0.146391 0.059133 0.045354 0.202093 0.001540 -0.070007 -0.146065 0.126662 -0.075057 -0.241640 -0.100592 0.215976 0.130089 -0.082897 -0.113765 -0.292811 -0.347950 0.364993 0.299055 0.247176 0.536033 0.117253 0.304634 0.251899 0.127171 -0.490517 -0.298038 -0.301556 -0.020936 -0.164125 -0.059197 -0.387793 -0.379370 -0.441041 -0.457858 -0.219112 -0.461338 -0.046573 0.183669 0.203403 0.115564 0.127111 0.160775 -0.110933 0.002430 0.100454 0.030622 -0.185094 -0.024393 -0.032563 -0.052762 -0.324961 -0.413099 -0.000640 0.028389 0.110589 0.041584 0.066184 0.026561 -0.032234 0.045431 0.060288 0.092023 0.087627 -0.137444 -0.393609 0.118219 0.291177 -0.100531
