1.000000 0.346360 0.167064 -0.101789 -0.077693 -0.438368 0.384067 -0.037211 0.204539 -0.257369 0.626670 0.306377 0.701860 0.310529 0.455083 -0.178023 0.091580 -0.298258 0.215070 0.207464 -0.084573 -0.232784 -0.075247 -0.166964 -0.087278 -0.149846 0.161092 0.000790 -0.061118 -0.182109 0.089404 -0.186848 0.314447 0.003042 -0.317855 -0.210421 0.150871 -0.294035 -0.481180 -0.268005 -0.316446 -0.271474 -0.118614 -0.193371 -0.216243 -0.336881 -0.180560 -0.194940 0.146290 -0.351594 0.130814 -0.014365 0.188538 -0.127799 -0.038754 -0.231842 -0.124528 -0.114942 0.527008 0.123091 0.448332 0.138357 0.077495 -0.229975 0.311808 0.019515 0.210242 0.028794 0.123422 0.046577 0.217838 0.219844 -0.147594 0.163294 0.292194 0.146844 0.360538 0.104042 -0.400283 -0.362590 -0.428567 -0.368156 -0.280199 -0.324885 -0.070936 -0.225028 0.108492 -0.252848 0.149228 0.027513 0.075319 0.407287 0.125178 0.483550 -0.260927 -0.153661 -0.003792 -0.040548 -0.141403 0.307938 0.244221 0.405386 -0.064259 0.367860 -0.018980 -0.024791 0.035403 -0.052420 -0.009269 -0.023914 0.085357 0.235688 0.204082 0.271450 0.037891 0.105280
0.346360 1.000000 -0.383454 0.135562 0.128512 0.073922 -0.224520 0.155037 -0.030442 0.149463 0.247081 0.645665 0.422179 0.600354 0.069718 0.241971 0.167807 0.219044 0.033908 0.163011 -0.004426 0.063341 -0.428551 -0.413910 -0.267614 -0.229347 -0.176242 -0.141602 0.101867 0.231163 -0.350471 -0.262929 0.395561 0.204928 -0.191317 -0.093721 0.309474 0.265671 -0.143970 0.007827 0.269781 0.182850 -0.364442 -0.486403 -0.443408 -0.454593 -0.355225 -0.403657 -0.176896 -0.275590 -0.205923 -0.121853 0.274822 -0.026533 0.053986 -0.310551 -0.100843 -0.147010 0.033102 -0.062007 0.379328 0.601443 0.267250 0.161133 0.054067 0.243814 -0.198672 -0.239221 -0.039582 -0.202737 0.115505 0.183489 0.152730 0.194619 0.311091 0.332683 0.362294 0.267964 -0.093160 -0.135989 -0.120582 -0.059085 -0.073357 0.012992 -0.414413 -0.020995 -0.245098 0.057989 -0.096323 0.267575 0.221717 0.091790 0.111181 -0.042344 -0.286298 -0.117214 -0.230542 -0.135825 0.098442 0.017081 -0.019488 0.085944 0.075176 0.139328 0.120464 -0.092177 0.116649 0.001214 -0.116919 0.048756 -0.119649 0.006797 0.240296 0.133878 0.166653 0.041117
0.167064 -0.383454 1.000000 0.082262 0.045066 -0.177238 0.657406 0.065128 0.274478 -0.120282 0.085442 -0.247438 -0.065670 -0.269607 0.183913 -0.121719 -0.216915 -0.122311 0.124199 -0.142027 0.001612 0.129306 0.551171 0.326797 0.270764 0.247403 0.313453 0.381914 0.003342 -0.105757 0.624130 0.389621 -0.060741 0.092720 -0.013026 0.022603 -0.452471 -0.531059 -0.490978 -0.140126 -0.469750 -0.432591 0.249342 0.275772 0.210234 0.168697 0.077241 0.197443 0.053723 -0.197405 0.233067 -0.178026 -0.110560 -0.018209 -0.435724 -0.151391 -0.305931 -0.161074 0.103157 -0.171286 -0.086263 -0.234951 -0.227608 -0.224306 0.312116 -0.091665 -0.002501 0.000624 -0.059964 -0.062398 0.081270 0.129111 -0.117912 0.086437 -0.010563 -0.113895 0.066904 0.044079 0.015586 0.084118 -0.186742 -0.176424 -0.271204 -0.350561 0.079284 -0.319820 0.070066 -0.351455 0.299646 -0.117434 0.000973 0.151355 -0.021959 0.298346 -0.238718 -0.106013 -0.160556 -0.084320 -0.148507 0.105608 -0.027902 0.306969 -0.100684 0.230512 0.005574 0.172591 -0.093569 -0.119303 0.074580 0.064679 0.075501 0.272910 0.116486 0.159420 0.022195 0.263891
-0.101789 0.135562 0.082262 1.000000 0.149607 0.353646 0.064251 0.608212 -0.096086 0.301659 0.003258 0.314018 -0.051100 0.321347 -0.312604 0.301014 -0.237150 0.033337 -0.062375 -0.070775 -0.028797 0.061802 -0.131727 0.289717 -0.053486 0.343426 -0.276735 0.138780 0.040887 0.110495 0.073661 0.416548 -0.072713 0.337014 0.342494 0.321642 -0.209595 -0.081918 -0.149969 0.123515 0.079758 -0.091130 -0.248869 -0.442590 -0.043713 -0.051445 -0.492833 -0.439653 -0.117144 -0.025550 -0.183917 -0.289294 -0.005859 -0.217649 -0.109932 -0.226334 -0.584629 -0.567977 -0.375867 -0.472667 -0.053612 0.055275 -0.218685 -0.357192 0.246982 0.572966 -0.567797 0.074814 -0.621964 -0.682747 -0.063405 0.067499 0.018458 0.017516 -0.084685 0.059933 0.168178 0.488252 0.112809 -0.039421 -0.357735 -0.282897 -0.098174 -0.141832 -0.378291 0.040939 -0.131374 0.025601 0.158687 0.464939 0.487171 0.347578 0.604248 0.053352 -0.178155 -0.009444 -0.485136 -0.443990 -0.018594 -0.152004 0.190357 -0.073854 0.260062 -0.060170 0.303779 0.236917 0.166618 -0.026993 0.082058 -0.056033 -0.041732 0.217766 0.307678 -0.043834 0.149468 0.269195
-0.077693 0.128512 0.045066 0.149607 1.000000 0.434200 0.239384 0.398446 0.601439 0.717236 -0.078852 0.241184 0.138178 0.154295 0.080091 0.113911 -0.071166 0.195486 -0.324634 -0.264179 0.070225 -0.156432 -0.104322 -0.203151 0.111120 -0.001966 0.286006 0.195343 -0.097367 0.076076 -0.083234 -0.111249 -0.164030 0.015291 -0.007361 0.075434 -0.076077 -0.092966 -0.043556 0.009023 0.255128 -0.047393 -0.108042 -0.034566 0.234196 0.182593 -0.163064 0.057453 -0.243412 0.117997 -0.420537 -0.212026 -0.196842 -0.099936 -0.268365 -0.193558 -0.198989 -0.176580 -0.236948 -0.528992 0.070361 0.202454 0.069085 0.037862 0.329526 0.323265 -0.411218 -0.259404 -0.238605 -0.370317 0.082864 -0.024129 0.017113 0.101228 0.043180 0.100761 0.016853 0.009804 0.143596 -0.005307 -0.037965 0.139358 0.076603 0.133598 -0.319220 -0.169495 -0.489536 -0.181407 0.307521 -0.021359 0.261374 0.155968 0.324776 0.152660 -0.003232 0.066798 -0.250586 -0.202981 0.089187 -0.072914 0.043345 -0.214427 -0.026103 -0.139669 0.011072 0.012253 -0.043229 -0.215774 -0.075928 0.076769 -0.218252 0.382780 0.269304 -0.090176 -0.168707 -0.021152
-0.438368 0.073922 -0.177238 0.353646 0.434200 1.000000 -0.185038 0.196170 0.023898 0.628129 -0.446175 0.019547 -0.264943 0.010184 -0.198708 0.357035 0.125982 0.313287 -0.189865 0.050771 0.480781 0.402629 -0.049213 -0.008652 0.084584 -0.017742 -0.115713 0.191024 0.085510 0.223580 -0.147816 0.211572 0.040650 0.271909 0.189358 0.136514 0.026757 0.224434 0.252548 0.330661 0.522650 0.223988 -0.151277 -0.197769 -0.076691 -0.067160 -0.097291 -0.207736 -0.400403 0.057871 -0.374941 -0.156116 -0.045028 0.161395 0.009798 -0.017578 -0.053592 -0.085974 -0.432173 -0.357829 -0.064988 0.092874 0.190477 0.170801 -0.060544 0.128299 -0.363284 -0.243312 -0.260525 -0.262534 -0.005297 -0.137586 0.302557 0.018267 -0.121792 0.088468 -0.009002 0.105638 0.326156 0.157643 0.206789 0.302147 0.251552 0.395592 -0.282611 0.173730 -0.249287 0.261048 -0.093231 0.129311 0.106100 -0.293717 0.002133 -0.457083 -0.012745 0.085644 -0.350827 -0.200033 0.099652 -0.395274 -0.284461 -0.507840 -0.151268 -0.466798 -0.218869 -0.290221 -0.169740 -0.344778 -0.236294 -0.047398 -0.357918 -0.006024 -0.047459 -0.242657 -0.164374 0.068143
0.384067 -0.224520 0.657406 0.064251 0.239384 -0.185038 1.000000 0.289935 0.407037 -0.019425 0.193346 -0.011313 0.322134 0.037845 0.238189 -0.074010 -0.258379 -0.152986 -0.082793 -0.082413 0.050341 -0.068521 0.102869 0.087990 0.066061 0.146882 0.189460 0.136250 -0.010521 0.038127 0.395653 0.231526 -0.038139 0.128938 -0.255299 0.022016 -0.166440 -0.400374 -0.493696 -0.241095 -0.385660 -0.223221 0.001141 0.048662 0.197363 0.042180 -0.087436 0.033893 0.040812 -0.066342 0.085596 -0.137681 -0.030909 -0.075174 -0.373082 -0.279140 -0.515089 -0.441627 0.058025 -0.233669 -0.023197 -0.164319 -0.110992 -0.361366 0.566174 0.134706 -0.130562 -0.022272 -0.194774 -0.268298 0.169767 0.352876 0.003352 0.285957 0.214665 0.171549 0.235375 0.147882 -0.214724 -0.239978 -0.373513 -0.320242 -0.246182 -0.206357 -0.182386 -0.326381 -0.041749 -0.499387 0.310750 -0.068832 0.213908 0.432898 0.210005 0.440483 -0.211326 0.107570 -0.179715 -0.073295 0.025895 0.246383 0.164258 0.293478 -0.000269 0.250923 0.063174 0.260103 -0.069150 -0.066544 0.238950 0.096001 0.105750 0.411006 0.385849 -0.014468 0.019896 0.050942
-0.037211 0.155037 0.065128 0.608212 0.398446 0.196170 0.289935 1.000000 0.337023 0.592430 -0.021993 0.538922 0.193466 0.489886 -0.155946 0.152109 -0.443303 -0.139785 -0.207774 -0.192797 0.007674 -0.232642 -0.367808 0.093579 -0.245056 0.292846 -0.096005 0.029617 -0.301058 0.051763 -0.073234 0.102853 -0.207768 0.170179 0.196050 0.295059 -0.159834 -0.151326 -0.258945 -0.131450 -0.104628 -0.137079 -0.204989 -0.359609 0.087540 0.014937 -0.446243 -0.188179 -0.150646 0.072393 -0.218017 -0.159596 -0.075098 -0.255963 -0.223195 -0.341764 -0.621058 -0.611393 -0.280831 -0.438822 -0.079973 0.308605 -0.294894 -0.522384 0.374430 0.818258 -0.515937 0.005945 -0.380268 -0.606895 0.050811 0.075453 -0.162573 0.128967 0.093000 0.227705 0.213624 0.385285 -0.234191 -0.401011 -0.487331 -0.415950 -0.322193 -0.205294 -0.423819 -0.206282 -0.375531 -0.231034 0.354873 0.485379 0.539007 0.514178 0.756983 0.381698 -0.163208 0.096391 -0.374843 -0.258428 -0.016618 0.025115 0.420013 0.141227 0.269702 0.107870 0.437419 0.336994 0.182286 -0.005788 0.156012 0.025294 0.109686 0.276748 0.429887 -0.099449 0.254686 -0.105821
0.204539 -0.030442 0.274478 -0.096086 0.601439 0.023898 0.407037 0.337023 1.000000 0.437791 0.096541 0.084088 0.468048 0.115174 0.531548 0.047952 -0.133640 -0.001200 -0.471973 -0.331162 -0.098653 -0.291699 0.053420 -0.037522 0.055396 0.021035 0.490405 0.191676 -0.185360 -0.071755 -0.005321 -0.164301 -0.200398 -0.090983 -0.274393 -0.027623 -0.137494 -0.247541 -0.397369 -0.396817 -0.185674 -0.118987 -0.052271 0.034130 0.236441 0.005713 -0.215784 0.130762 -0.096861 0.004725 -0.084468 -0.070829 0.000950 -0.097534 -0.359441 -0.306962 -0.292724 -0.175087 0.196484 -0.340564 0.295082 0.126605 -0.107706 -0.103594 0.593580 0.226467 -0.226563 -0.093493 -0.150746 -0.173094 -0.077341 -0.000958 -0.157932 0.128255 0.094502 0.029456 -0.021957 -0.151912 -0.080746 -0.035022 -0.212424 -0.070888 -0.045593 -0.032012 -0.057840 -0.330691 -0.256598 -0.475644 0.494904 -0.042693 0.340229 0.382232 0.373876 0.579212 -0.166945 0.076386 -0.168790 -0.131873 -0.124825 0.210586 0.143814 0.187025 -0.136536 0.182311 0.022958 -0.007655 -0.009951 -0.175863 -0.082468 0.138103 -0.090548 0.428200 0.252038 0.039643 0.072164 0.002469
-0.257369 0.149463 -0.120282 0.301659 0.717236 0.628129 -0.019425 0.592430 0.437791 1.000000 -0.170802 0.403751 -0.004258 0.288520 -0.057108 0.287695 -0.131156 0.197656 -0.347296 -0.124242 0.180705 -0.009846 -0.172594 -0.136560 -0.022964 0.109274 0.015544 0.206052 -0.099809 0.096718 -0.210956 -0.014581 -0.137900 0.105116 0.229124 0.107137 -0.043694 0.027031 0.001924 0.094985 0.275032 0.041809 -0.229402 -0.281247 0.021994 0.008014 -0.267236 -0.120333 -0.455539 0.043716 -0.475578 -0.204988 -0.292066 -0.065926 -0.257192 -0.169748 -0.212195 -0.187641 -0.394592 -0.522574 -0.094725 0.335641 -0.028140 -0.061943 0.215309 0.492131 -0.441611 -0.192268 -0.222004 -0.355339 -0.003338 -0.153190 0.021285 0.041871 0.011781 0.121414 0.031837 0.080465 0.157529 -0.013931 0.037484 0.172549 0.097385 0.224072 -0.214966 -0.067232 -0.487290 -0.051310 0.335512 0.207618 0.324917 0.100960 0.419661 0.043917 -0.075478 0.015265 -0.294825 -0.180720 -0.102688 -0.211522 -0.043215 -0.329425 -0.086035 -0.338840 -0.027363 -0.068035 0.048881 -0.238298 -0.183932 0.052453 -0.216639 0.138919 0.223423 -0.209153 -0.088991 -0.107255
0.626670 0.247081 0.085442 0.003258 -0.078852 -0.446175 0.193346 -0.021993 0.096541 -0.170802 1.000000 0.343314 0.584486 0.358719 0.477548 -0.055797 -0.197108 -0.260383 0.215200 0.104419 -0.229960 -0.353951 0.098799 0.160305 -0.013379 0.044082 0.126021 0.113958 0.092749 -0.213438 0.082305 -0.224860 -0.081140 -0.365776 -0.049311 -0.090617 -0.070110 -0.216384 -0.362235 -0.340239 -0.275792 -0.263852 -0.108138 -0.115806 -0.110332 -0.121094 -0.201397 -0.257942 0.189800 -0.161100 0.235715 0.133785 0.175641 -0.084081 -0.019994 -0.108964 -0.165933 -0.094309 0.291359 -0.028391 0.007675 -0.010391 -0.374686 -0.460250 0.239131 0.017657 0.088616 0.040526 -0.002929 0.017273 -0.001103 -0.003043 -0.220027 -0.016991 0.148234 -0.056535 0.083975 -0.023385 -0.183811 -0.195517 -0.347202 -0.342630 -0.118588 -0.321920 0.192625 0.007243 0.354653 0.084907 0.357787 0.169920 0.048595 0.462583 0.257555 0.582768 -0.199800 -0.289013 -0.048230 -0.134409 -0.313233 0.057914 0.282109 0.288233 -0.038017 0.232458 0.053902 0.133026 -0.042248 -0.120542 0.080604 -0.005605 0.053921 0.140555 0.184868 0.300508 0.146516 0.011783
0.306377 0.645665 -0.247438 0.314018 0.241184 0.019547 -0.011313 0.538922 0.084088 0.403751 0.343314 1.000000 0.452158 0.861694 0.048810 0.403429 -0.215118 0.036987 0.088258 0.095949 -0.091823 -0.216909 -0.458952 -0.095005 -0.320021 0.042059 -0.144986 -0.115876 -0.054191 0.200938 -0.370015 -0.184059 0.084312 0.083540 -0.059843 -0.032532 0.298135 0.146082 -0.187971 -0.084836 0.132174 -0.010353 -0.317155 -0.501525 -0.386693 -0.342516 -0.471226 -0.335733 -0.209856 -0.237520 -0.259681 -0.181705 0.027674 -0.154168 -0.095993 -0.304802 -0.318436 -0.345686 -0.080521 -0.316378 0.098065 0.495417 -0.150761 -0.310631 0.209317 0.541238 -0.370976 -0.249711 -0.181710 -0.387102 0.141937 0.171199 -0.095056 0.118536 0.177118 0.409292 0.378002 0.424906 -0.193880 -0.336237 -0.367500 -0.198868 -0.224304 -0.071820 -0.330118 -0.018933 -0.245889 0.042084 0.227870 0.496249 0.344342 0.411591 0.484863 0.254134 -0.263989 -0.165519 -0.214857 -0.233571 -0.152937 -0.052431 0.119785 0.046433 -0.055937 0.120705 0.226375 0.122020 0.101272 -0.153807 -0.092601 0.158272 0.069386 0.115963 0.374607 0.121165 0.247911 -0.156080
0.701860 0.422179 -0.065670 -0.051100 0.138178 -0.264943 0.322134 0.193466 0.468048 -0.004258 0.584486 0.452158 1.000000 0.594002 0.636256 0.108193 -0.036197 -0.159317 -0.014591 0.010072 -0.069342 -0.323932 -0.240564 -0.137276 -0.103916 -0.138190 0.125708 -0.069049 -0.068407 -0.038697 -0.089383 -0.299295 0.093580 -0.121528 -0.374442 -0.077143 0.212623 -0.028873 -0.419350 -0.323338 -0.157348 -0.072019 -0.298114 -0.321344 -0.192425 -0.397779 -0.384899 -0.262926 0.109443 -0.202664 0.020941 0.008841 0.211196 -0.350251 -0.008113 -0.355456 -0.349531 -0.350174 0.339796 -0.098756 0.444322 0.223361 -0.025961 -0.310931 0.454848 0.202648 -0.040749 -0.006364 -0.130140 -0.216155 0.085320 0.218760 -0.057380 0.167147 0.299334 0.247162 0.354784 0.139795 -0.375357 -0.363752 -0.514149 -0.385840 -0.209992 -0.159006 -0.253706 -0.117939 -0.053483 -0.180255 0.262898 0.169835 0.240971 0.514388 0.377698 0.567176 -0.211691 -0.018781 -0.035100 -0.103764 -0.184896 0.240821 0.335950 0.436505 -0.017051 0.385290 0.112804 0.034909 0.011087 -0.080889 0.050641 0.103481 0.138281 0.277859 0.324510 0.242101 0.234260 0.007047
0.310529 0.600354 -0.269607 0.321347 0.154295 0.010184 0.037845 0.489886 0.115174 0.288520 0.358719 0.861694 0.594002 1.000000 0.132553 0.489935 -0.167736 0.101515 0.092921 0.110708 -0.044765 -0.166154 -0.488903 -0.036659 -0.281402 -0.058905 -0.211735 -0.262250 -0.056800 0.204034 -0.372051 -0.235558 0.045170 0.010413 -0.173434 -0.029085 0.357393 0.241855 -0.151737 -0.115157 0.103354 0.088089 -0.314935 -0.475682 -0.356726 -0.416923 -0.471592 -0.380345 -0.144661 -0.242766 -0.164867 -0.087114 0.134822 -0.265394 0.072868 -0.351483 -0.468864 -0.507873 -0.101540 -0.289258 0.198804 0.491126 -0.054950 -0.284237 0.311136 0.486282 -0.386165 -0.217832 -0.291545 -0.486054 0.175675 0.245208 0.017702 0.155380 0.189832 0.337663 0.413278 0.408957 -0.333469 -0.365280 -0.468509 -0.318752 -0.168994 -0.044548 -0.393112 0.065676 -0.189053 0.091373 0.179281 0.557543 0.396267 0.445770 0.467073 0.285476 -0.269667 -0.022933 -0.176795 -0.315581 -0.145750 -0.006276 0.190175 0.164697 0.062012 0.156486 0.200138 0.063710 0.091376 -0.123704 -0.084256 -0.069083 0.102491 0.132409 0.429884 0.175076 0.265762 -0.159183
0.455083 0.069718 0.183913 -0.312604 0.080091 -0.198708 0.238189 -0.155946 0.531548 -0.057108 0.477548 0.048810 0.636256 0.132553 1.000000 0.110378 0.086243 -0.041557 -0.065911 0.116940 -0.018478 -0.134245 0.263403 0.131440 0.191887 -0.034314 0.404072 0.282201 0.168004 0.040368 0.280132 -0.057035 0.034223 -0.134703 -0.425542 -0.316969 0.054192 -0.150731 -0.406541 -0.285302 -0.066654 -0.058516 -0.180153 -0.038637 -0.215849 -0.340626 -0.204042 -0.056473 -0.152056 -0.284881 0.024173 0.007714 0.130528 -0.051158 -0.282110 -0.263947 -0.068626 0.047450 0.298276 -0.008592 0.183631 -0.005250 -0.058999 -0.054345 0.357826 -0.228520 0.102461 -0.107830 0.080403 0.179645 -0.004365 0.031145 0.008527 0.113118 0.246172 0.014483 0.011867 -0.192680 -0.078892 0.028571 -0.112734 0.016020 0.151568 0.061639 0.247588 -0.014571 0.241374 -0.092986 0.337678 -0.180916 -0.097691 0.152251 0.002565 0.439017 -0.178627 -0.351406 -0.136986 -0.062333 -0.381159 0.088669 0.170752 0.269914 -0.301547 0.177344 -0.325720 -0.248423 -0.189817 -0.324766 -0.126156 0.146569 -0.183699 0.206504 0.067051 0.361376 -0.024586 0.034885
-0.178023 0.241971 -0.121719 0.301014 0.113911 0.357035 -0.074010 0.152109 0.047952 0.287695 -0.055797 0.403429 0.108193 0.489935 0.110378 1.000000 0.104560 0.387614 0.077973 0.085463 0.157364 0.306589 -0.103754 0.248625 0.022369 0.111030 -0.290652 -0.135529 0.349541 0.536158 -0.163575 0.245034 0.015569 0.226170 -0.208945 -0.158317 0.317952 0.347209 -0.034945 0.145109 0.454110 0.264693 -0.379358 -0.434215 -0.401529 -0.427193 -0.412704 -0.500467 -0.359305 -0.316120 -0.243671 -0.323107 0.068268 -0.060328 -0.084012 -0.250472 -0.355151 -0.352802 -0.227669 -0.204929 0.033384 0.241675 0.023053 0.108354 0.197071 0.074676 -0.400274 -0.320614 -0.383886 -0.342415 0.045294 0.156907 0.377193 0.154877 0.062716 0.228701 0.169362 0.394902 0.117435 0.184183 -0.051943 0.145985 0.245652 0.306578 -0.190507 0.209161 0.069602 0.197987 0.061427 0.343179 0.284216 0.057983 0.167997 -0.169440 -0.305545 0.025876 -0.366371 -0.506195 -0.267355 -0.398414 -0.257126 -0.143975 -0.164925 -0.033453 -0.171948 -0.145746 -0.181601 -0.291064 -0.263939 -0.056882 -0.265049 -0.004339 0.150411 0.199268 0.082101 0.119178
0.091580 0.167807 -0.216915 -0.237150 -0.071166 0.125982 -0.258379 -0.443303 -0.133640 -0.131156 -0.197108 -0.215118 -0.036197 -0.167736 0.086243 0.104560 1.000000 0.482439 0.080418 0.257066 0.144150 0.281633 -0.056852 -0.336854 -0.001126 -0.328144 -0.351279 -0.207191 0.353104 0.194954 0.067650 0.060486 0.347471 0.218415 -0.217537 -0.273394 0.285355 0.076221 0.102710 0.108705 0.271175 0.136234 -0.194192 -0.029675 -0.279250 -0.241401 0.043401 -0.021635 -0.151240 -0.164613 -0.270365 -0.249538 0.085226 -0.012038 -0.050556 -0.084078 0.413809 0.316061 0.158915 0.251729 0.365381 0.060419 0.660602 0.670726 -0.182688 -0.382818 0.308490 -0.085354 0.319759 0.351897 0.166586 0.006146 0.415667 0.090282 0.272634 0.079285 0.113497 -0.110019 0.249522 0.399778 0.486719 0.488257 0.328051 0.160736 -0.110563 -0.045475 0.031837 -0.044270 -0.495014 -0.463476 -0.204640 -0.397186 -0.503030 -0.417362 -0.019691 -0.043243 0.015301 0.090479 0.106458 0.020470 -0.333945 -0.127338 -0.150954 -0.154565 -0.482249 -0.462675 -0.143802 -0.119741 -0.280239 -0.121164 -0.201926 -0.059214 -0.246683 0.165876 -0.299752 -0.097771
-0.298258 0.219044 -0.122311 0.033337 0.195486 0.313287 -0.152986 -0.139785 -0.001200 0.197656 -0.260383 0.036987 -0.159317 0.101515 -0.041557 0.387614 0.482439 1.000000 -0.064187 0.223558 0.177879 0.283002 -0.003880 -0.181111 -0.061047 -0.208440 -0.381785 -0.231783 0.439299 0.567661 0.070135 0.210103 0.101476 0.417294 -0.000807 0.066224 0.186805 0.306995 0.135822 0.024020 0.449019 0.381271 -0.303265 -0.219558 -0.242205 -0.278096 -0.235356 -0.049031 -0.418405 0.018688 -0.563879 -0.458689 -0.048911 -0.012144 -0.327649 -0.371997 -0.073954 -0.083256 -0.419480 -0.221591 -0.026080 0.111317 0.341263 0.558733 -0.031036 -0.096256 -0.391688 -0.440324 -0.141041 -0.188517 0.339615 0.312046 0.618736 0.450968 0.354474 0.347346 0.314680 0.245302 0.562818 0.516384 0.461224 0.574869 0.356603 0.240137 -0.199459 -0.186653 -0.271978 0.018217 -0.364773 -0.340124 0.175043 -0.098190 -0.201544 -0.276625 -0.196195 0.085503 -0.317754 -0.041811 0.230168 0.064933 -0.350519 -0.240800 -0.003794 -0.082182 -0.117675 -0.037420 0.096380 0.028687 -0.154135 -0.053318 -0.015933 0.301755 0.263921 -0.002336 -0.037538 -0.075108
0.215070 0.033908 0.124199 -0.062375 -0.324634 -0.189865 -0.082793 -0.207774 -0.471973 -0.347296 0.215200 0.088258 -0.014591 0.092921 -0.065911 0.077973 0.080418 -0.064187 1.000000 0.422127 0.171487 0.126817 0.071623 0.158835 -0.108289 -0.192967 -0.260130 -0.144538 -0.047922 -0.036910 0.178368 -0.017149 0.130714 -0.020408 0.055520 -0.146330 0.028692 -0.132524 0.023458 0.254387 -0.000386 -0.243353 0.059143 0.014341 -0.168259 -0.105301 0.095325 -0.084090 0.136333 -0.211029 0.144088 0.149673 0.045704 -0.033576 0.259360 0.175769 0.075843 0.027599 0.080579 0.421577 -0.039059 0.099103 0.024217 -0.042312 -0.332703 -0.216650 0.263342 -0.103881 0.305729 0.209947 0.362330 0.126105 0.052426 -0.045039 0.005775 0.001029 0.225730 0.143228 -0.223004 -0.096914 -0.146415 -0.225893 -0.294080 -0.302870 0.032394 0.018245 0.345771 0.430236 -0.166360 0.120523 -0.348456 -0.119937 -0.257830 -0.180068 -0.121630 -0.199565 0.091254 -0.077619 -0.075060 -0.064613 -0.027795 0.135776 0.092782 0.065190 -0.036279 -0.096940 -0.043068 0.106852 -0.018752 -0.308717 0.038472 -0.126796 -0.183700 0.275115 -0.005596 -0.057200
0.207464 0.163011 -0.142027 -0.070775 -0.264179 0.050771 -0.082413 -0.192797 -0.331162 -0.124242 0.104419 0.095949 0.010072 0.110708 0.116940 0.085463 0.257066 0.223558 0.422127 1.000000 0.182200 0.044054 -0.065215 0.045897 -0.192028 -0.292091 -0.393771 -0.193437 0.275015 0.205190 0.176689 0.108222 0.312260 0.183396 -0.016298 -0.383502 0.171414 -0.108716 -0.075472 0.011347 0.137795 0.039281 -0.066070 -0.080855 -0.379298 -0.371153 -0.025538 0.005407 -0.130687 -0.220606 -0.242263 0.070034 0.101407 0.126050 -0.072432 -0.020267 0.085138 0.017116 -0.111234 0.278777 -0.105283 0.029126 0.224045 0.127388 -0.253827 -0.312549 0.119656 -0.254507 0.245002 0.241290 0.364650 -0.006197 0.352042 0.216978 0.287867 0.184372 0.348127 0.085083 -0.059897 -0.075304 -0.025482 0.000195 -0.022162 -0.024874 -0.081218 -0.087131 0.172717 0.252366 -0.286833 -0.222948 -0.128576 -0.085347 -0.329600 -0.260240 -0.146122 -0.158353 -0.086231 -0.040320 0.180127 0.254829 -0.122459 -0.071494 -0.075327 0.059212 -0.179924 -0.189710 -0.043393 0.028556 -0.089620 -0.279882 -0.012067 0.044352 -0.034813 0.308407 0.095538 0.108073
-0.084573 -0.004426 0.001612 -0.028797 0.070225 0.480781 0.050341 0.007674 -0.098653 0.180705 -0.229960 -0.091823 -0.069342 -0.044765 -0.018478 0.157364 0.144150 0.177879 0.171487 0.182200 1.000000 0.536584 0.000062 -0.082938 -0.079370 -0.203497 -0.117036 0.024147 0.083361 0.221780 0.180451 0.236392 0.098842 0.236027 -0.151728 0.017451 0.138438 0.193569 0.124091 0.174864 0.216552 0.246544 -0.053880 -0.183626 -0.176192 -0.252419 -0.030943 -0.163943 -0.305545 -0.071741 -0.239866 -0.209265 -0.029143 0.009170 0.015059 -0.159603 -0.069813 -0.158519 -0.181947 -0.031297 -0.018758 0.115843 0.239238 0.069876 -0.045166 -0.030512 -0.116821 -0.286921 -0.086326 -0.149996 0.428579 0.266529 0.331701 0.147777 0.190577 0.195660 0.260569 0.172404 0.060318 -0.077082 0.152449 0.093301 0.168553 0.285826 -0.141520 -0.093396 0.017060 0.149641 -0.295473 -0.030612 -0.117747 -0.170288 -0.191808 -0.301307 0.076017 0.154265 -0.204558 0.009668 0.111538 -0.072349 -0.123742 -0.098282 -0.206980 -0.042216 -0.203836 -0.121027 -0.183886 -0.127269 -0.128698 -0.035448 -0.121512 0.155027 0.042173 -0.282633 -0.057389 -0.231175
-0.232784 0.063341 0.129306 0.061802 -0.156432 0.402629 -0.068521 -0.232642 -0.291699 -0.009846 -0.353951 -0.216909 -0.323932 -0.166154 -0.134245 0.306589 0.281633 0.283002 0.126817 0.044054 0.536584 1.000000 0.284708 0.024029 0.202037 0.112637 -0.165658 0.169141 0.324113 0.324766 0.207250 0.433796 0.318430 0.441716 -0.071986 -0.093815 0.031762 0.113246 0.043232 0.526358 0.277729 0.082021 -0.004897 -0.089629 -0.281557 -0.304657 -0.023094 -0.244141 -0.178360 -0.223706 0.088150 -0.155537 0.024192 0.113883 0.008173 -0.072330 -0.041138 -0.022527 -0.155537 0.042410 0.110736 0.074239 0.377245 0.383241 -0.118257 -0.245800 -0.017317 -0.217121 0.020997 -0.018293 0.071323 0.110187 0.448681 0.069413 0.098144 0.112457 0.181418 0.186893 0.222088 0.369062 0.323938 0.298197 0.151113 0.189308 -0.023382 0.070557 0.028755 0.044680 -0.351831 -0.050151 -0.282048 -0.458050 -0.407506 -0.508327 -0.178407 0.047928 -0.222202 -0.061982 -0.036739 -0.250075 -0.379258 -0.068550 -0.217565 -0.228396 -0.331598 -0.247184 -0.175102 -0.180053 -0.098463 0.124171 -0.286717 -0.127479 -0.104062 -0.039762 -0.179963 0.011941
-0.075247 -0.428551 0.551171 -0.131727 -0.104322 -0.049213 0.102869 -0.367808 0.053420 -0.172594 0.098799 -0.458952 -0.240564 -0.488903 0.263403 -0.103754 -0.056852 -0.003880 0.071623 -0.065215 0.000062 0.284708 1.000000 0.540057 0.431806 0.404251 0.454716 0.534177 0.126890 -0.223409 0.579614 0.306991 -0.155334 -0.042176 0.166675 0.024138 -0.462077 -0.389023 -0.207372 0.057553 -0.148154 -0.403098 0.241823 0.358428 0.128638 0.230701 0.176408 0.227752 0.128789 0.034500 0.313393 0.002328 -0.094725 0.027564 -0.198697 0.070026 0.013304 0.137755 0.025032 -0.025361 -0.250211 -0.434285 -0.229299 -0.012657 -0.121800 -0.448573 0.110866 -0.061956 0.118377 0.185799 -0.083101 -0.128317 -0.041247 0.020973 0.013732 -0.186447 -0.130898 -0.096009 0.241388 0.391854 0.095074 0.087165 -0.011623 -0.234363 0.460660 -0.065949 0.314394 0.047525 0.092813 -0.312721 -0.232012 -0.054130 -0.180897 0.125350 -0.109844 -0.116692 0.013376 0.048561 -0.143211 -0.014714 -0.186694 0.073054 -0.213892 0.062477 -0.223813 0.068071 -0.232887 -0.279629 -0.032268 0.077719 0.008118 0.157650 -0.247561 0.279209 -0.065400 0.222138
-0.166964 -0.413910 0.326797 0.289717 -0.203151 -0.008652 0.087990 0.093579 -0.037522 -0.136560 0.160305 -0.095005 -0.137276 -0.036659 0.131440 0.248625 -0.336854 -0.181111 0.158835 0.045897 -0.082938 0.024029 0.540057 1.000000 0.235362 0.591832 0.129553 0.325559 0.079750 -0.061785 0.393771 0.390375 -0.439642 -0.184148 0.142083 -0.017998 -0.308890 -0.289920 -0.097992 -0.084403 -0.110254 -0.273853 0.135765 0.152689 0.050266 0.185845 -0.133051 -0.007286 0.058714 -0.087960 0.303235 0.067516 -0.000846 0.012012 -0.059512 -0.025753 -0.304218 -0.223291 -0.168451 -0.080122 -0.443827 -0.420546 -0.521386 -0.393647 0.022635 -0.117634 -0.093044 0.058726 -0.165389 -0.090372 -0.126551 -0.166723 -0.108195 -0.055423 -0.161064 -0.126812 -0.098348 0.101078 0.033408 0.088217 -0.337939 -0.300650 -0.073610 -0.172637 0.279551 0.216254 0.498463 0.251636 0.217313 0.157247 0.038110 0.253754 0.180570 0.222322 -0.165981 -0.083879 -0.150215 -0.371857 -0.233112 -0.185362 0.128001 0.133687 -0.067211 0.129126 0.015517 0.158634 -0.203371 -0.291562 -0.024791 -0.099303 -0.006326 0.146219 -0.149198 0.334763 0.232576 0.114904
-0.087278 -0.267614 0.270764 -0.053486 0.111120 0.084584 0.066061 -0.245056 0.055396 -0.022964 -0.013379 -0.320021 -0.103916 -0.281402 0.191887 0.022369 -0.001126 -0.061047 -0.108289 -0.192028 -0.079370 0.202037 0.431806 0.235362 1.000000 0.503122 0.314070 0.506297 0.186617 -0.081226 0.291929 0.202949 0.021588 -0.029937 0.187195 -0.045387 0.080483 -0.098067 0.112706 0.136742 -0.035641 -0.051903 0.042366 0.116291 0.010150 0.127295 -0.078192 -0.064306 -0.115000 -0.248070 0.197561 -0.075943 -0.265126 -0.133462 -0.023035 0.072052 -0.021487 0.021512 -0.147391 -0.210579 -0.136467 -0.445193 -0.023767 -0.039801 0.183307 -0.254503 0.183594 0.316700 0.025661 -0.016470 -0.173339 -0.057526 0.068124 0.060286 -0.019900 -0.081104 -0.071766 -0.012063 0.206280 0.134682 -0.043795 0.144195 0.091526 0.135452 0.271312 0.355377 -0.079225 -0.052083 0.294523 -0.191735 -0.311392 -0.176839 -0.049760 0.043786 0.048275 -0.000369 -0.021481 -0.031295 -0.400754 -0.365703 0.094484 0.159303 0.027520 -0.038403 -0.189365 -0.045062 0.025318 -0.184712 -0.184838 0.218896 -0.123443 -0.069877 -0.120340 0.160095 -0.267445 0.284545
-0.149846 -0.229347 0.247403 0.343426 -0.001966 -0.017742 0.146882 0.292846 0.021035 0.109274 0.044082 0.042059 -0.138190 -0.058905 -0.034314 0.111030 -0.328144 -0.208440 -0.192967 -0.292091 -0.203497 0.112637 0.404251 0.591832 0.503122 1.000000 0.152547 0.459756 0.181466 0.033038 0.342487 0.477162 -0.111160 0.134997 0.366834 0.129625 -0.104822 -0.175610 -0.067367 0.067802 -0.023824 -0.176445 -0.194327 -0.168995 -0.063488 0.072074 -0.402970 -0.272063 -0.085286 -0.189331 0.239330 -0.138555 -0.310962 -0.218644 -0.178609 -0.142754 -0.343150 -0.293292 -0.270509 -0.355489 -0.339949 -0.326043 -0.364557 -0.432614 0.215732 0.222121 -0.074232 0.284575 -0.144637 -0.265059 -0.244695 -0.010668 -0.060718 0.174353 0.084601 0.131006 0.045362 0.318393 0.120710 -0.019313 -0.253659 -0.127319 -0.116412 -0.115684 0.237660 0.265121 0.004868 -0.044227 0.349937 0.113750 -0.064430 0.179700 0.401114 0.295945 -0.069992 0.016930 -0.189673 -0.095522 -0.418444 -0.314120 0.218716 0.162795 0.043843 0.054900 0.089935 0.313982 0.074459 -0.264911 0.052679 0.314508 0.045633 0.073105 0.012048 0.187012 0.056041 0.141648
0.161092 -0.176242 0.313453 -0.276735 0.286006 -0.115713 0.189460 -0.096005 0.490405 0.015544 0.126021 -0.144986 0.125708 -0.211735 0.404072 -0.290652 -0.351279 -0.381785 -0.260130 -0.393771 -0.117036 -0.165658 0.454716 0.129553 0.314070 0.152547 1.000000 0.490503 -0.326660 -0.434970 0.084207 -0.243260 -0.182203 -0.304438 -0.086771 -0.034677 -0.174611 -0.263171 -0.153531 -0.159995 -0.221276 -0.237927 0.255580 0.312761 0.302468 0.287604 0.199802 0.268459 0.069493 0.034701 0.331802 0.165735 0.014643 0.085527 0.015150 0.148641 0.031855 0.202754 0.240061 -0.184619 0.044534 -0.150918 -0.258991 -0.166937 0.271502 -0.056938 0.049307 0.031265 0.054761 0.084617 -0.227610 -0.143867 -0.457633 -0.198205 -0.164852 -0.260157 -0.341814 -0.337213 -0.166350 -0.098808 -0.147541 -0.110657 -0.064836 0.010303 0.376406 0.017180 0.016664 -0.101815 0.477237 -0.010930 -0.107545 0.047694 0.092536 0.385349 0.171959 -0.066456 0.153840 0.154323 -0.134998 0.030855 0.068677 0.067167 -0.260640 0.081415 -0.028275 -0.000892 -0.105340 -0.191197 -0.096329 0.163435 -0.043288 0.116030 -0.054768 0.008771 -0.125840 0.105375
0.000790 -0.141602 0.381914 0.138780 0.195343 0.191024 0.136250 0.029617 0.191676 0.206052 0.113958 -0.115876 -0.069049 -0.262250 0.282201 -0.135529 -0.207191 -0.231783 -0.144538 -0.193437 0.024147 0.169141 0.534177 0.325559 0.506297 0.459756 0.490503 1.000000 -0.033111 -0.292966 0.383158 0.224434 0.018378 0.028830 0.245613 0.052617 -0.292250 -0.263079 -0.059257 0.163220 -0.056435 -0.251830 0.054571 0.105263 0.055987 0.172871 -0.055010 0.028727 -0.196175 -0.174054 0.121535 -0.089362 -0.146523 0.074865 -0.156607 0.108794 -0.084866 0.026429 -0.156230 -0.317138 -0.142894 -0.173235 -0.220971 -0.209187 0.246650 -0.011934 -0.041210 0.103951 0.000915 -0.024966 -0.178446 -0.197334 -0.249618 -0.243023 -0.193438 -0.264824 -0.213885 -0.173167 0.042942 0.045689 -0.126529 -0.082272 0.075904 0.084553 0.278849 0.109416 0.040931 0.035763 0.376924 -0.039939 -0.226914 -0.033055 0.108174 0.192442 0.068764 -0.210570 -0.216254 0.026518 -0.263091 -0.187271 0.078799 0.096451 -0.225207 -0.080663 -0.083683 0.005530 -0.033052 -0.241297 -0.039388 0.311110 -0.265612 -0.005210 -0.096300 0.061933 -0.178550 0.112150
-0.061118 0.101867 0.003342 0.040887 -0.097367 0.085510 -0.010521 -0.301058 -0.185360 -0.099809 0.092749 -0.054191 -0.068407 -0.056800 0.168004 0.349541 0.353104 0.439299 -0.047922 0.275015 0.083361 0.324113 0.126890 0.079750 0.186617 0.181466 -0.326660 -0.033111 1.000000 0.627716 0.318009 0.491786 0.181205 0.237568 -0.096023 -0.340663 0.287158 0.253374 0.039160 0.038814 0.368090 0.348485 -0.303175 -0.217406 -0.579978 -0.493776 -0.315890 -0.397581 -0.264443 -0.358801 -0.205108 -0.294170 0.068263 0.151104 -0.356080 -0.309025 -0.063422 -0.079029 -0.282601 -0.217151 -0.103782 -0.195068 0.218956 0.312270 -0.016675 -0.302223 -0.140056 -0.270472 -0.217789 -0.051475 0.228833 0.149441 0.716042 0.335181 0.303588 0.280005 0.242410 0.228363 0.534334 0.454313 0.385930 0.497206 0.506007 0.331877 0.050182 0.218963 0.041453 0.012835 -0.215086 -0.299817 -0.132714 -0.159887 -0.207298 -0.201558 -0.164409 -0.060140 -0.330893 -0.128666 -0.056839 -0.215407 -0.180552 -0.219637 -0.132951 -0.010281 -0.336604 -0.055283 -0.040323 -0.140972 -0.027656 0.152733 -0.226697 0.179138 0.127326 0.110109 -0.047934 0.137316
-0.182109 0.231163 -0.105757 0.110495 0.076076 0.223580 0.038127 0.051763 -0.071755 0.096718 -0.213438 0.200938 -0.038697 0.204034 0.040368 0.536158 0.194954 0.567661 -0.036910 0.205190 0.221780 0.324766 -0.223409 -0.061785 -0.081226 0.033038 -0.434970 -0.292966 0.627716 1.000000 0.116161 0.470005 0.222529 0.537373 -0.187955 -0.142111 0.411244 0.491391 0.062232 0.044433 0.584917 0.577889 -0.419356 -0.426120 -0.523610 -0.584177 -0.388398 -0.326691 -0.497170 -0.245320 -0.527165 -0.456631 0.029655 0.126909 -0.402210 -0.469981 -0.220991 -0.232895 -0.373290 -0.183202 -0.037715 0.159092 0.215495 0.351219 0.055963 -0.047370 -0.409476 -0.485134 -0.357811 -0.267557 0.343577 0.408757 0.770669 0.587158 0.392206 0.549271 0.344134 0.478069 0.396976 0.227323 0.266733 0.427681 0.346703 0.409698 -0.288944 0.024852 -0.094188 -0.030003 -0.288430 -0.159962 0.094953 -0.085818 -0.089709 -0.254371 -0.291194 -0.012633 -0.527326 -0.205283 0.024392 -0.117931 -0.079554 -0.189677 0.003188 0.042659 -0.088317 0.052167 -0.063088 -0.016546 -0.054203 0.143619 -0.178011 0.224108 0.358603 -0.032022 0.150534 0.018049
0.089404 -0.350471 0.624130 0.073661 -0.083234 -0.147816 0.395653 -0.073234 -0.005321 -0.210956 0.082305 -0.370015 -0.089383 -0.372051 0.280132 -0.163575 0.067650 0.070135 0.178368 0.176689 0.180451 0.207250 0.579614 0.393771 0.291929 0.342487 0.084207 0.383158 0.318009 0.116161 1.000000 0.672890 0.084979 0.285155 0.128858 -0.122960 -0.278403 -0.399029 -0.241936 -0.032115 -0.140151 -0.217406 -0.012143 0.085503 -0.046286 -0.040479 -0.096845 0.057888 -0.051239 -0.199400 -0.040567 -0.282632 -0.164984 -0.130994 -0.489609 -0.286041 -0.240188 -0.172055 -0.203189 -0.069898 -0.254384 -0.324951 -0.066391 -0.057346 0.080086 -0.254457 0.027829 -0.020668 -0.050152 -0.047760 0.275849 0.126936 0.245268 0.280243 0.310141 0.056808 0.209687 0.143568 0.142504 0.116196 -0.030634 -0.022388 0.034171 -0.159364 0.147485 -0.157819 0.170126 -0.096342 -0.061967 -0.470067 -0.204596 0.038591 -0.104542 0.115585 -0.080210 -0.100835 -0.274779 -0.021959 -0.091376 0.114576 0.177083 0.201225 0.052056 0.197215 -0.092681 0.228746 -0.011750 0.020708 0.159026 -0.019390 0.008573 0.376645 0.088824 0.173388 -0.040438 0.154775
-0.186848 -0.262929 0.389621 0.416548 -0.111249 0.211572 0.231526 0.102853 -0.164301 -0.014581 -0.224860 -0.184059 -0.299295 -0.235558 -0.057035 0.245034 0.060486 0.210103 -0.017149 0.108222 0.236392 0.433796 0.306991 0.390375 0.202949 0.477162 -0.243260 0.224434 0.491786 0.470005 0.672890 1.000000 0.176250 0.583935 0.128089 -0.053602 -0.037309 -0.035810 -0.082936 0.178349 0.176780 0.076216 -0.234891 -0.261024 -0.278593 -0.279282 -0.258140 -0.258958 -0.254844 -0.268750 -0.221482 -0.423066 -0.088641 -0.005180 -0.409248 -0.302158 -0.366429 -0.350493 -0.363063 -0.242275 -0.198032 -0.240287 0.046494 0.004038 0.080145 -0.062062 -0.283688 -0.129850 -0.362794 -0.324270 0.183435 0.170311 0.446822 0.330244 0.190875 0.283212 0.255843 0.431698 0.305896 0.134610 0.016735 0.093929 0.135789 0.147742 -0.090057 -0.025001 0.012883 -0.069964 -0.226638 -0.212252 0.039676 -0.013667 0.018543 -0.143614 -0.047198 0.072560 -0.445224 -0.123396 -0.056563 -0.088901 -0.035627 -0.043917 -0.000667 0.032751 -0.085039 0.235303 -0.014135 -0.065367 0.091573 0.149118 -0.062241 0.273577 0.192316 -0.037492 -0.024555 0.229365
0.314447 0.395561 -0.060741 -0.072713 -0.164030 0.040650 -0.038139 -0.207768 -0.200398 -0.137900 -0.081140 0.084312 0.093580 0.045170 0.034223 0.015569 0.347471 0.101476 0.130714 0.312260 0.098842 0.318430 -0.155334 -0.439642 0.021588 -0.111160 -0.182203 0.018378 0.181205 0.222529 0.084979 0.176250 1.000000 0.636836 -0.060503 -0.273220 0.410471 0.204117 0.016371 0.235551 0.235228 0.228534 -0.296808 -0.307229 -0.413865 -0.567218 -0.091092 -0.299887 -0.108295 -0.498896 -0.097755 -0.200122 0.014417 -0.064694 0.026345 -0.064195 0.139228 0.048894 0.112468 0.062423 0.461866 0.340422 0.514685 0.258730 -0.000279 -0.114386 0.194060 -0.048205 0.213669 0.087772 0.102181 0.202870 0.277556 0.291691 0.333928 0.244914 0.332958 0.121576 -0.172061 -0.197667 0.054842 0.086454 0.016552 0.133640 -0.205492 -0.091234 -0.160020 -0.022199 -0.314607 -0.201464 -0.295251 -0.358660 -0.300214 -0.308667 0.002056 -0.095542 -0.045545 0.206609 0.026980 0.085196 -0.232455 -0.028447 -0.088270 0.016675 -0.125372 -0.190543 0.169046 0.046060 -0.045845 0.033283 -0.149705 -0.153214 0.028568 0.124843 -0.075711 0.138539
0.003042 0.204928 0.092720 0.337014 0.015291 0.271909 0.128938 0.170179 -0.090983 0.105116 -0.365776 0.083540 -0.121528 0.010413 -0.134703 0.226170 0.218415 0.417294 -0.020408 0.183396 0.236027 0.441716 -0.042176 -0.184148 -0.029937 0.134997 -0.304438 0.028830 0.237568 0.537373 0.285155 0.583935 0.636836 1.000000 0.073560 0.139421 0.196317 0.134119 -0.104712 0.250198 0.362703 0.227670 -0.436638 -0.511714 -0.314312 -0.473790 -0.388002 -0.321532 -0.304420 -0.212225 -0.399645 -0.506770 -0.041025 -0.105691 -0.336532 -0.338211 -0.269877 -0.315535 -0.246374 -0.171829 0.199571 0.234983 0.331638 0.240700 0.100420 0.152998 -0.348755 -0.213622 -0.199628 -0.338659 0.227125 0.401844 0.504826 0.523762 0.458087 0.497669 0.485356 0.504278 0.161431 0.053045 0.045785 0.147837 -0.001110 0.095351 -0.372634 -0.336703 -0.306282 -0.194380 -0.315952 -0.189866 0.078325 -0.074534 0.028951 -0.263753 -0.203418 -0.000312 -0.486675 -0.022466 0.113735 0.105281 -0.110711 -0.060241 0.145184 0.060909 0.078237 0.164498 0.202360 0.064253 0.069047 0.125870 -0.058693 0.190175 0.285853 -0.083397 0.016033 0.135841
-0.317855 -0.191317 -0.013026 0.342494 -0.007361 0.189358 -0.255299 0.196050 -0.274393 0.229124 -0.049311 -0.059843 -0.374442 -0.173434 -0.425542 -0.208945 -0.217537 -0.000807 0.055520 -0.016298 -0.151728 -0.071986 0.166675 0.142083 0.187195 0.366834 -0.086771 0.245613 -0.096023 -0.187955 0.128858 0.128089 -0.060503 0.073560 1.000000 0.486874 -0.227500 -0.036630 0.237183 0.141500 0.019170 -0.114563 -0.058736 -0.104044 0.176172 0.237058 -0.068074 -0.056791 -0.052116 0.122172 -0.073224 -0.151121 -0.447175 -0.210802 -0.016493 0.139416 -0.029357 -0.034559 -0.463864 -0.239577 -0.466974 -0.261693 -0.301970 -0.295849 -0.159957 0.244538 -0.037587 0.285629 -0.011144 -0.124899 -0.163430 -0.199207 -0.101660 -0.026327 -0.145295 -0.167574 -0.016813 0.167107 0.218613 0.011353 0.050047 0.022698 -0.078270 -0.160265 0.163787 0.106069 -0.139515 0.294491 0.106571 0.040090 -0.067222 -0.061225 0.189694 -0.029443 0.156797 0.042211 0.021534 0.154726 -0.103605 -0.192353 0.077516 -0.166686 0.200897 -0.117706 0.303603 0.346741 0.354880 0.229165 0.077185 -0.029842 0.354260 -0.070769 0.025465 0.007047 0.099327 0.182282
-0.210421 -0.093721 0.022603 0.321642 0.075434 0.136514 0.022016 0.295059 -0.027623 0.107137 -0.090617 -0.032532 -0.077143 -0.029085 -0.316969 -0.158317 -0.273394 0.066224 -0.146330 -0.383502 0.017451 -0.093815 0.024138 -0.017998 -0.045387 0.129625 -0.034677 0.052617 -0.340663 -0.142111 -0.122960 -0.053602 -0.273220 0.139421 0.486874 1.000000 -0.296368 0.100926 -0.005096 0.005740 -0.051593 -0.054380 -0.166149 -0.204871 0.388975 0.330223 -0.177212 -0.018590 0.044367 0.485146 -0.062902 -0.210351 -0.190077 -0.356723 -0.007807 -0.093019 -0.204030 -0.221234 -0.189549 -0.231514 -0.216407 -0.093695 -0.307046 -0.300865 0.062907 0.471584 -0.267939 0.250859 -0.253230 -0.321059 -0.117262 0.198367 -0.180905 0.044199 -0.085917 0.044748 0.048564 0.294125 0.184627 0.002035 -0.059059 -0.106360 -0.214058 -0.256419 -0.134704 -0.209513 -0.160705 -0.022516 0.070383 0.169480 0.268404 0.242232 0.335872 0.138454 0.024263 0.091528 -0.120650 0.132213 0.017461 -0.009116 0.167576 0.078988 0.317224 0.128726 0.486255 0.494045 0.196610 0.165127 0.288160 0.147605 0.515756 0.023169 0.175915 -0.208297 0.239749 0.011899
