1.000000 0.629272 0.071422 -0.177220 -0.156489 -0.309798 0.236471 -0.082399 -0.011521 -0.121474 0.266168 0.279769 0.407853 0.299532 -0.017847 0.171547 -0.049202 0.056064 0.358316 0.232304 -0.252284 -0.089857 -0.227956 -0.287741 -0.416027 -0.550318 -0.159723 -0.241056 0.229440 0.097023 -0.016693 -0.168209 0.326406 0.252121 -0.272215 -0.458087 0.151721 -0.166318 0.035018 -0.228353 -0.069473 -0.034596 -0.028185 -0.037709 -0.440105 -0.449549 -0.180283 -0.309171 -0.212066 -0.273674 -0.212324 -0.188453 0.366967 0.128584 0.145671 -0.076727 0.230822 0.006571 0.740914 0.162633 0.790889 0.537867 0.175516 0.408698 0.079647 0.017887 0.052228 -0.356582 0.306143 0.074877 -0.137745 -0.291791 0.224648 0.097549 0.296131 0.230415 0.313467 -0.045121 -0.018076 -0.140227 -0.238951 -0.318873 0.057403 0.091460 0.048779 -0.019257 -0.070099 0.179898 0.188487 0.347025 -0.293390 -0.274441 -0.371858 -0.338328 -0.295630 -0.163734 -0.204140 -0.169929 -0.444067 0.026985 0.038010 -0.195567 -0.103274 0.109366 -0.218138 -0.429343 0.118394 -0.140345 -0.198000 -0.189373 -0.517405 -0.471821 -0.097380 0.058934 0.188312 -0.591021
0.629272 1.000000 -0.359781 -0.267729 -0.023425 -0.377347 -0.019639 0.085295 0.161117 0.160625 0.134640 0.390462 0.332030 0.369747 -0.230411 0.230972 0.046107 0.448706 0.282660 0.528110 -0.472433 -0.241873 -0.596541 -0.389602 -0.697837 -0.711988 -0.452617 -0.609308 0.427998 0.421521 -0.141586 -0.176451 0.302971 0.382962 -0.384944 -0.525376 0.048255 -0.195990 -0.284507 -0.271058 -0.111934 -0.021801 -0.284394 -0.317059 -0.294029 -0.519782 0.007496 -0.351379 -0.092376 0.034310 -0.401654 0.070281 0.192142 0.337353 -0.136135 -0.149628 0.182967 0.262634 0.507727 0.354215 0.617682 0.748534 0.346185 0.579856 0.077845 0.057279 0.184158 -0.348521 0.529921 0.002336 -0.245272 -0.197056 0.449323 0.247829 0.128239 0.263717 0.339259 0.078011 0.345983 0.036590 -0.007122 0.143731 -0.092937 0.346296 -0.179849 -0.098715 -0.313392 -0.114109 -0.260438 0.054288 -0.134259 -0.186525 -0.276061 -0.312278 -0.230038 0.016647 -0.311268 -0.204726 -0.133707 0.205997 -0.189450 0.026577 0.023509 -0.060863 -0.292396 -0.300691 0.161676 -0.217096 -0.158139 0.056544 -0.477800 -0.061482 0.284498 0.187826 -0.111204 -0.345819
0.071422 -0.359781 1.000000 0.391136 0.331367 0.203912 0.626565 0.248138 0.093683 -0.129314 -0.165159 -0.315549 0.127447 -0.107628 0.214101 -0.120347 -0.102152 -0.355698 0.236446 -0.144715 0.403639 0.179408 0.506563 0.018443 0.255194 0.424728 0.379260 0.316790 -0.157882 -0.352520 0.028686 -0.054825 -0.010649 0.019946 0.054805 0.165707 -0.204354 -0.161270 0.232539 0.236391 -0.169304 0.045443 0.174540 0.170623 -0.092026 0.050811 -0.221500 0.095113 0.100886 -0.198171 0.200956 -0.214762 0.165464 -0.360690 0.113453 -0.033970 -0.084768 -0.198792 -0.007171 -0.245982 0.032174 -0.209669 -0.136752 -0.354377 -0.044271 -0.137792 -0.190124 0.054768 -0.321317 0.174741 0.209673 -0.279303 -0.095742 -0.129334 0.147756 -0.167718 -0.202535 -0.278487 -0.541615 -0.130973 -0.241074 -0.336553 0.090851 -0.371442 0.008730 -0.285894 0.205385 -0.176122 0.259546 0.064591 0.099562 0.209710 0.092503 0.266780 0.003959 -0.114408 0.111647 -0.075935 -0.086658 -0.130117 0.188989 0.108577 0.127480 0.334629 0.093629 -0.037126 0.092156 0.179965 0.086981 -0.046397 0.169262 -0.275784 -0.337665 -0.354032 0.112402 -0.060457
-0.177220 -0.267729 0.391136 1.000000 0.042309 0.558134 -0.016262 0.406072 -0.268848 -0.108108 -0.032889 -0.239539 -0.103070 -0.089499 0.147055 -0.059367 -0.106916 -0.324296 0.024113 -0.148982 0.322356 0.279218 0.467484 0.543542 0.372975 0.459243 0.556189 0.322880 -0.410639 -0.423082 -0.254958 0.058500 -0.344572 -0.149839 0.367940 0.284044 -0.370417 -0.232149 0.143117 0.256003 -0.053273 -0.406502 0.121129 0.216629 0.168306 0.389459 0.003394 0.074258 0.135598 0.128634 0.498626 0.141857 -0.057563 -0.203621 0.139218 -0.007164 -0.360787 -0.460995 -0.165976 0.108002 -0.334596 -0.182540 -0.119789 -0.260833 0.040818 0.246154 0.070991 0.442326 -0.017236 0.010409 -0.285410 -0.086345 -0.334956 -0.373994 -0.173311 -0.412353 -0.387316 -0.528130 -0.378993 -0.261908 -0.485543 -0.393856 0.167070 -0.397352 0.201076 0.052644 0.402200 -0.003134 0.081734 0.044798 -0.120076 -0.129548 0.175606 0.190920 -0.196782 -0.202535 -0.018865 -0.230781 -0.222389 -0.433105 -0.206086 -0.044593 0.023780 0.045624 0.317144 -0.000810 0.075325 0.087927 -0.112382 -0.183938 0.206205 -0.151784 -0.082265 -0.258976 0.050066 -0.025352
-0.156489 -0.023425 0.331367 0.042309 1.000000 0.194451 0.419206 0.372838 0.665074 0.541492 -0.270800 -0.208330 0.345373 -0.019077 0.028582 0.205917 0.098299 0.155888 -0.122297 0.074537 0.058595 -0.013958 -0.163626 -0.221610 -0.147139 0.046153 -0.061982 -0.290096 0.271154 0.183888 -0.294353 -0.298289 -0.130157 0.041115 -0.319894 0.230775 -0.108981 -0.241329 -0.159483 0.099421 -0.245206 0.111381 -0.146781 -0.178656 0.221740 -0.014588 -0.054689 0.161703 0.316445 0.270717 -0.103694 0.095638 0.198131 0.034149 -0.346221 -0.114953 -0.181067 -0.109993 0.015548 0.147753 -0.002769 0.125352 0.126950 -0.046440 -0.214229 -0.272433 0.007083 -0.060831 -0.197768 0.063983 0.164692 -0.219968 0.295169 0.217736 -0.067114 0.022122 -0.119561 -0.189415 -0.021941 0.049126 0.215686 0.337197 0.030279 0.263614 -0.426443 -0.448046 -0.161756 -0.510329 -0.252223 -0.426573 0.407082 0.365406 0.101844 0.319105 0.111960 0.124782 -0.239376 -0.063411 0.321257 0.192692 -0.236749 0.201908 0.431125 0.174865 -0.250033 0.134996 0.220125 0.187065 0.146493 0.127936 0.105083 0.038724 0.162795 -0.102568 -0.253385 0.299937
-0.309798 -0.377347 0.203912 0.558134 0.194451 1.000000 -0.170843 0.243725 -0.305078 0.012015 0.006533 -0.381377 -0.141387 -0.250541 0.250354 -0.069109 0.294433 -0.107622 -0.277901 -0.230157 0.533807 0.457758 0.389079 0.564542 0.540944 0.546553 0.640278 0.480877 -0.310563 -0.375333 -0.443667 -0.099354 -0.314300 -0.198160 0.128839 0.440217 -0.477711 -0.296094 0.117383 0.145754 -0.303244 -0.380008 0.070832 0.063889 0.166502 0.429236 -0.015800 0.109129 0.056886 0.186029 0.432025 0.032717 0.074684 -0.260619 -0.028370 -0.180707 -0.137922 -0.341049 -0.226490 0.270604 -0.454421 -0.461080 0.006075 -0.200912 -0.282939 -0.151516 0.192872 0.514348 -0.145800 0.191794 -0.225391 -0.292515 -0.254621 -0.356699 -0.194874 -0.457047 -0.426130 -0.377065 -0.109267 -0.240191 0.010306 -0.068748 0.099878 -0.176225 0.018351 -0.079773 0.325850 0.018743 -0.109792 -0.307450 0.102853 0.017089 0.268531 0.125724 -0.057717 -0.169002 -0.264569 0.030810 -0.087838 -0.308466 -0.042593 -0.081051 0.146126 -0.104841 0.299729 0.541011 0.261565 0.141335 -0.028690 -0.200663 0.228047 0.020024 -0.128751 -0.095735 0.042252 0.487475
0.236471 -0.019639 0.626565 -0.016262 0.419206 -0.170843 1.000000 0.244044 0.421273 0.175423 -0.075660 0.093501 0.260559 0.123871 0.140929 0.175985 -0.300722 -0.268212 0.459230 0.121239 0.037101 -0.094592 0.172911 -0.283218 -0.136154 0.110407 -0.054537 -0.133466 0.205295 0.058896 0.244546 0.149156 0.179834 0.201524 -0.197941 -0.044549 0.011980 -0.131666 -0.030451 0.015101 -0.061922 0.317248 -0.095459 -0.115440 -0.208447 -0.328696 -0.199938 -0.038157 -0.104424 -0.226952 -0.163783 -0.298042 0.075479 -0.070769 -0.228004 -0.034311 -0.084758 -0.092022 0.181451 -0.281473 0.296676 0.084652 -0.178648 -0.249713 0.316406 -0.025294 -0.294560 -0.363111 -0.264398 0.070284 0.243809 -0.258795 0.195137 0.121983 0.168678 0.079016 0.014982 -0.097878 -0.433394 -0.095122 -0.083214 -0.143327 0.171628 0.220678 -0.132722 -0.339295 0.015670 -0.062223 0.214655 0.095818 0.135901 0.308252 -0.036560 0.190037 0.179958 -0.052646 -0.046272 -0.165176 -0.015119 0.017064 0.217680 0.183539 0.110840 0.287953 -0.331631 -0.167032 0.088801 0.030972 0.051231 -0.100996 -0.039262 -0.335851 -0.109783 -0.259287 -0.056463 -0.110449
-0.082399 0.085295 0.248138 0.406072 0.372838 0.243725 0.244044 1.000000 0.245039 0.610736 -0.380455 0.024625 0.165069 0.369278 -0.210973 0.287575 -0.347992 -0.095689 -0.175698 -0.095752 0.069808 0.067549 -0.185273 -0.025810 -0.258698 0.085192 -0.088873 -0.308951 -0.134094 0.112434 -0.271388 -0.045221 -0.321873 0.203064 -0.264332 0.133426 -0.481032 -0.374777 -0.274257 0.097122 -0.141901 -0.168969 0.057262 0.028898 0.225922 0.192531 0.157802 0.139748 0.450560 0.474555 -0.111934 0.324312 0.096251 -0.057076 -0.384406 -0.157018 -0.342460 -0.329026 0.012854 0.303117 -0.058101 0.322731 -0.257188 -0.296739 -0.079609 0.373703 0.045435 0.246507 -0.111379 0.173936 -0.060532 -0.134587 -0.070433 -0.218648 -0.326443 -0.214768 -0.377696 -0.123255 -0.215707 -0.297501 -0.318765 -0.171731 -0.315530 0.009140 -0.562554 -0.512588 -0.274943 -0.458161 -0.178114 -0.123103 0.388315 0.215117 0.221830 0.256801 0.070974 -0.024994 -0.154544 0.007193 0.109850 -0.106333 -0.051650 0.374527 0.453098 0.201366 0.097515 0.073647 0.476595 0.191361 -0.013834 0.047880 -0.007466 -0.009077 0.154616 -0.046067 -0.171408 0.055637
-0.011521 0.161117 0.093683 -0.268848 0.665074 -0.305078 0.421273 0.245039 1.000000 0.658413 -0.178872 0.129165 0.411689 0.253997 0.085967 0.347380 -0.095587 0.146251 0.017509 0.045825 -0.208722 -0.075143 -0.267471 -0.409502 -0.376804 -0.112352 -0.357558 -0.427799 0.490158 0.396110 0.065691 0.020864 0.015268 0.155430 -0.290205 -0.015694 0.084852 -0.114628 -0.263957 -0.139562 -0.019071 0.331919 -0.311749 -0.365538 -0.030113 -0.317076 -0.224328 -0.107398 0.090967 -0.008466 -0.380952 -0.094322 0.173446 0.113479 -0.426400 -0.222733 -0.058184 0.162456 0.187145 -0.060198 0.235243 0.372882 -0.044650 -0.001178 0.089411 -0.113095 -0.163200 -0.338376 -0.144814 -0.102999 0.193090 0.046989 0.365654 0.292840 0.014725 0.317764 0.061314 0.067327 0.127292 0.179425 0.129413 0.325284 0.087876 0.380011 -0.451793 -0.444945 -0.285441 -0.400971 -0.253464 -0.186578 0.307661 0.333724 -0.023683 0.190572 0.235341 0.211284 -0.222931 0.019960 0.164349 0.222292 -0.190329 0.226965 0.191562 0.177595 -0.435980 -0.056318 0.078361 0.144919 0.201813 0.126772 -0.023074 0.055319 0.115387 -0.038131 -0.257773 0.115751
-0.121474 0.160625 -0.129314 -0.108108 0.541492 0.012015 0.175423 0.610736 0.658413 1.000000 -0.323506 0.036982 0.212222 0.254822 -0.095653 0.397567 -0.104386 0.191316 -0.154464 -0.037652 -0.137610 0.015497 -0.391599 -0.304699 -0.395415 -0.071423 -0.446434 -0.522607 0.380978 0.522739 -0.071579 0.071304 -0.150007 0.243445 -0.394368 0.128135 -0.087492 -0.185807 -0.302685 -0.104174 -0.011620 0.239465 -0.154138 -0.283992 0.201133 -0.068094 0.194968 0.061715 0.251668 0.402026 -0.442497 0.158062 0.108543 0.141330 -0.505959 -0.093313 -0.055479 -0.069465 0.065537 0.205824 0.003377 0.394047 -0.140880 -0.011073 -0.152211 0.081362 -0.068900 -0.206306 -0.115068 -0.122119 0.107254 -0.000894 0.301445 0.144213 -0.166858 0.138838 -0.056664 0.163698 0.231990 -0.020294 0.182634 0.300392 -0.158113 0.530792 -0.709245 -0.629824 -0.499575 -0.450616 -0.256595 -0.254683 0.402791 0.168423 0.017814 0.103577 0.208408 0.082873 -0.213479 0.130761 0.300693 0.237988 -0.141173 0.183157 0.384005 0.080277 -0.236027 0.067921 0.251641 0.187233 0.023213 0.077935 -0.193796 0.187788 0.265751 0.094284 -0.273984 0.215457
0.266168 0.134640 -0.165159 -0.032889 -0.270800 0.006533 -0.075660 -0.380455 -0.178872 -0.323506 1.000000 0.313889 0.190671 0.080000 0.598478 0.083133 0.301632 -0.148369 0.280993 0.099814 -0.134687 -0.083448 0.144698 0.224740 0.036189 -0.130417 0.209516 0.246196 0.109637 -0.226720 0.018641 0.098968 0.087521 -0.158091 0.088629 -0.277485 0.033944 0.135401 0.182831 -0.061715 0.080760 -0.179800 -0.007107 -0.008019 -0.367653 -0.171840 -0.150269 -0.263245 -0.421653 -0.388282 0.201331 -0.225775 0.000683 -0.059489 0.238935 -0.092459 0.163725 -0.044765 0.075453 -0.160995 -0.013183 -0.080135 0.027483 0.017711 0.437832 0.131775 -0.224819 -0.212715 -0.051932 -0.208531 -0.253883 -0.103161 -0.222403 -0.204389 0.136743 0.051985 0.106354 -0.067164 0.121715 0.040944 0.040525 -0.132370 0.605200 0.056606 0.594393 0.393944 0.511577 0.402253 0.126025 0.424278 -0.302507 -0.261516 -0.152438 -0.326522 -0.066990 -0.111967 -0.094775 -0.135440 -0.272045 -0.282010 0.036331 -0.201122 -0.335488 -0.312023 -0.007781 -0.009839 -0.385186 -0.196247 -0.271354 -0.274360 -0.056227 -0.116666 0.126686 0.080410 0.176293 -0.229315
0.279769 0.390462 -0.315549 -0.239539 -0.208330 -0.381377 0.093501 0.024625 0.129165 0.036982 0.313889 1.000000 0.219913 0.683791 0.059903 0.616378 -0.360167 0.012144 0.122790 0.108995 -0.262513 -0.166140 -0.204617 -0.116508 -0.273243 -0.211526 -0.169360 -0.120232 0.298384 0.363233 0.308932 0.391391 0.109655 0.227181 -0.119699 -0.433895 0.083855 -0.037023 -0.151279 -0.275782 0.123601 0.072194 -0.026163 -0.039816 -0.154846 -0.300300 -0.018321 -0.399699 -0.241758 -0.233332 -0.152419 -0.074418 0.067007 0.132825 -0.187668 -0.160528 -0.090012 -0.041222 0.187416 -0.285001 0.271904 0.301723 -0.178009 -0.085409 0.559232 0.513661 -0.377462 -0.403730 -0.056341 -0.192837 -0.000250 0.280148 0.090914 0.185105 0.088508 0.408151 0.172919 0.264557 0.054281 0.002594 -0.324722 -0.197234 0.029199 0.399927 0.071389 0.283010 -0.120819 0.251725 0.059063 0.310029 -0.233245 -0.198685 -0.212477 -0.298392 -0.017707 -0.116087 -0.057697 -0.196736 -0.254682 -0.257215 -0.110213 -0.075536 -0.366792 -0.352219 -0.314212 -0.330430 -0.265441 -0.374519 -0.113548 -0.144749 -0.198024 -0.155090 0.114874 -0.074605 -0.192907 -0.462008
0.407853 0.332030 0.127447 -0.103070 0.345373 -0.141387 0.260559 0.165069 0.411689 0.212222 0.190671 0.219913 1.000000 0.462818 0.196034 0.373767 0.133736 0.129692 -0.016602 -0.015234 0.001376 0.074360 -0.259077 -0.219118 -0.325478 -0.362238 -0.078923 -0.275524 0.347020 0.148622 -0.118764 -0.267583 0.246373 0.238734 -0.286111 -0.068222 -0.090707 -0.412044 -0.080898 -0.110396 0.042922 -0.090431 -0.159095 -0.216380 -0.085148 -0.281234 -0.119387 -0.234086 0.145313 -0.112950 -0.086070 -0.025439 0.475020 -0.050731 -0.044984 -0.213320 -0.145212 -0.265404 0.479769 0.170085 0.545445 0.417777 0.352554 0.161130 0.006203 -0.003098 -0.043607 -0.132069 0.051425 0.051885 -0.083652 -0.175025 0.221816 -0.073877 0.008198 -0.049402 -0.142457 -0.273843 0.136460 -0.201475 -0.070110 -0.000694 0.082170 0.084314 -0.212740 -0.138438 -0.101135 -0.259985 -0.253935 0.065070 0.009065 -0.064932 -0.171031 -0.089592 -0.057240 0.024344 -0.214778 -0.072112 -0.099768 -0.035374 -0.156606 0.144802 0.087190 0.010371 -0.143986 -0.112213 0.068206 -0.032230 -0.110509 -0.089650 -0.096957 -0.241696 -0.102604 -0.074558 -0.148700 -0.189915
0.299532 0.369747 -0.107628 -0.089499 -0.019077 -0.250541 0.123871 0.369278 0.253997 0.254822 0.080000 0.683791 0.462818 1.000000 -0.037437 0.662253 -0.335107 0.052178 -0.192914 -0.129182 -0.107439 0.094935 -0.242010 -0.169809 -0.398414 -0.304976 -0.123147 -0.148749 0.110209 0.282898 0.091608 0.118567 0.059873 0.399586 -0.153587 -0.173577 -0.150364 -0.332115 -0.159674 -0.135387 0.011800 -0.151356 0.035568 0.014683 0.100236 -0.103061 0.103683 -0.330280 0.174246 0.055421 -0.129947 0.154103 0.272970 0.107989 -0.077852 -0.124193 -0.277380 -0.340167 0.315632 -0.003113 0.341654 0.499342 -0.145578 -0.136188 0.219864 0.495901 -0.178745 -0.136732 0.008758 -0.109522 -0.138174 0.119714 0.063269 -0.033527 -0.039873 0.067487 -0.096502 0.004677 0.085162 -0.005417 -0.467038 -0.183719 -0.232131 0.081831 -0.136946 0.061076 -0.263780 -0.108991 -0.109891 0.275691 -0.196918 -0.232522 -0.243407 -0.239610 -0.229102 -0.131324 -0.059796 -0.091662 -0.305724 -0.319532 -0.222034 0.029093 -0.110018 -0.214165 -0.185751 -0.305926 0.013425 -0.211113 -0.090992 -0.199679 -0.281622 -0.276921 -0.073706 0.016021 -0.201594 -0.414695
-0.017847 -0.230411 0.214101 0.147055 0.028582 0.250354 0.140929 -0.210973 0.085967 -0.095653 0.598478 0.059903 0.196034 -0.037437 1.000000 0.282310 0.219912 -0.328999 0.114371 -0.159718 0.220973 0.293741 0.534169 0.344442 0.395587 0.363261 0.406636 0.506466 0.159163 -0.275261 0.059320 0.214435 -0.048936 -0.181458 0.331279 0.080580 -0.129243 -0.132633 0.028489 -0.155670 0.076162 -0.009829 0.035049 -0.065446 -0.294449 -0.122673 -0.372802 -0.207542 -0.376274 -0.507728 0.397076 -0.336687 0.124809 -0.239568 0.014012 -0.294294 0.059687 -0.052096 -0.078451 -0.252925 -0.217855 -0.390330 -0.057661 -0.112197 0.334399 -0.089379 -0.296258 -0.207623 -0.217525 -0.093490 0.066304 -0.113850 -0.173057 -0.191084 0.294535 -0.071937 -0.079513 -0.216112 -0.042613 0.076073 0.137153 -0.055235 0.742034 0.026198 0.476320 0.111806 0.569543 0.307933 0.203163 0.190105 -0.128956 -0.117136 0.015500 -0.135243 0.029759 -0.197966 -0.131686 -0.066653 -0.208993 -0.348275 0.140066 -0.144134 -0.172348 -0.105539 -0.038025 0.017830 -0.388349 -0.190682 -0.241753 -0.383168 0.089724 -0.126250 -0.116896 -0.031778 0.042280 -0.003678
0.171547 0.230972 -0.120347 -0.059367 0.205917 -0.069109 0.175985 0.287575 0.347380 0.397567 0.083133 0.616378 0.373767 0.662253 0.282310 1.000000 -0.191017 0.006490 -0.163296 -0.226706 -0.004514 0.218727 -0.122082 -0.126143 -0.150401 -0.065700 -0.094246 -0.062893 0.348854 0.470270 0.122127 0.241997 -0.098125 0.285505 -0.078430 -0.011695 -0.002212 -0.226891 -0.165561 -0.186032 0.158517 0.192005 0.118655 0.027340 0.073594 -0.145850 0.024108 -0.189185 -0.057708 -0.076633 -0.105302 -0.056906 0.189472 -0.072537 -0.274574 -0.177028 -0.150636 -0.268275 0.171723 -0.082481 0.137081 0.275908 -0.202103 -0.091176 0.207109 0.362475 -0.334525 -0.350919 -0.067986 -0.305506 0.110874 0.180407 0.209755 0.136171 0.170769 0.231602 0.044859 0.102483 0.129309 0.008313 -0.157747 -0.046027 0.159833 0.455372 -0.131004 -0.105417 -0.102086 -0.074196 -0.012351 0.175515 -0.165771 -0.255482 -0.300906 -0.349205 -0.090540 -0.124953 -0.043799 0.067303 -0.222876 -0.229641 -0.183195 -0.153619 -0.175598 -0.268663 -0.316104 -0.260770 -0.117892 -0.321573 -0.172201 -0.302096 -0.137419 -0.162767 -0.069383 -0.068931 -0.270074 -0.264212
-0.049202 0.046107 -0.102152 -0.106916 0.098299 0.294433 -0.300722 -0.347992 -0.095587 -0.104386 0.301632 -0.360167 0.133736 -0.335107 0.219912 -0.191017 1.000000 0.461785 -0.065772 -0.010666 0.098756 0.158773 -0.085138 -0.025477 0.115400 -0.123582 0.105685 0.030557 0.198301 0.051959 -0.203291 -0.273717 0.201945 0.008561 -0.055906 0.075718 0.134168 0.025876 0.241408 0.079417 -0.036096 -0.024633 -0.156928 -0.163262 -0.117088 -0.114681 0.017953 0.017020 -0.095297 -0.062305 -0.080163 -0.030905 0.076086 -0.130033 0.334861 0.142108 0.448070 0.164283 -0.137746 0.137460 -0.041859 -0.090343 0.543507 0.442329 -0.389638 -0.446868 0.076649 0.004353 0.123967 -0.148189 -0.199500 -0.203888 0.177723 0.076534 0.105325 -0.078268 0.121347 -0.046807 0.510164 0.257042 0.579259 0.479281 0.178260 -0.035739 0.031289 -0.031943 0.169789 -0.199319 -0.334140 -0.084662 -0.139179 -0.241275 -0.217587 -0.310083 -0.039932 0.175791 -0.040975 0.275301 0.123791 0.309254 -0.279155 -0.204367 0.055465 -0.137927 0.151082 0.216369 -0.099795 -0.171750 0.005967 -0.004994 0.002398 0.292642 0.023976 -0.013422 0.094390 0.240902
0.056064 0.448706 -0.355698 -0.324296 0.155888 -0.107622 -0.268212 -0.095689 0.146251 0.191316 -0.148369 0.012144 0.129692 0.052178 -0.328999 0.006490 0.461785 1.000000 -0.160075 0.270255 -0.051237 0.160044 -0.466895 -0.381624 -0.277003 -0.459928 -0.204525 -0.352123 0.404585 0.518068 -0.103013 -0.255741 0.255378 0.263941 -0.152937 -0.102898 0.198678 -0.087736 -0.060872 -0.141663 -0.146272 0.097448 -0.445898 -0.427409 0.035169 -0.257342 0.163918 -0.186622 0.070448 0.154888 -0.338924 0.081603 0.141524 0.122588 0.061236 0.144101 0.284078 0.306523 0.062183 0.186840 0.224988 0.385337 0.491096 0.655123 -0.404119 -0.285309 0.147645 -0.154528 0.381625 -0.199741 -0.175901 0.035938 0.556887 0.365428 0.019912 0.113151 0.257306 0.116257 0.626765 0.403718 0.388911 0.592715 -0.320156 0.197407 -0.364928 -0.133424 -0.445778 -0.274223 -0.486288 -0.349763 -0.129725 -0.219247 -0.326530 -0.272339 -0.121371 0.185606 -0.202727 0.145372 0.199986 0.439832 -0.543882 -0.120221 0.019003 -0.298637 -0.092608 0.068586 -0.019085 -0.130550 0.122366 0.307789 -0.302640 0.181948 0.162299 0.004583 -0.198887 0.145582
0.358316 0.282660 0.236446 0.024113 -0.122297 -0.277901 0.459230 -0.175698 0.017509 -0.154464 0.280993 0.122790 -0.016602 -0.192914 0.114371 -0.163296 -0.065772 -0.160075 1.000000 0.465156 -0.189058 -0.290606 0.166445 -0.238460 -0.116925 -0.004778 -0.034349 -0.124220 0.416105 0.128998 0.435177 0.383683 0.394568 0.104578 -0.130553 -0.518927 0.255347 0.196655 0.247695 0.005580 0.048260 0.302866 -0.207313 -0.215799 -0.622506 -0.577765 -0.070532 -0.279429 -0.544469 -0.407632 -0.220101 -0.438231 -0.257932 0.101285 0.085872 0.096297 0.247996 0.227925 0.076410 -0.357479 0.288051 0.121793 -0.071966 0.037803 0.536317 -0.078281 -0.250380 -0.531024 0.034691 -0.167028 -0.005067 -0.112584 0.315704 0.263046 0.338655 0.291528 0.420083 0.099217 -0.160885 -0.019701 -0.098548 -0.150307 0.367561 0.263272 0.231532 -0.028281 0.069300 0.177094 0.230498 0.252974 -0.205031 -0.049657 -0.232969 -0.164103 0.086834 0.050989 -0.073568 -0.267092 -0.207628 0.132582 0.177416 -0.023664 -0.204967 0.176514 -0.218715 -0.318841 -0.183013 -0.157216 -0.057976 0.123621 -0.196597 -0.084989 0.087844 -0.047496 0.181112 -0.316164
0.232304 0.528110 -0.144715 -0.148982 0.074537 -0.230157 0.121239 -0.095752 0.045825 -0.037652 0.099814 0.108995 -0.015234 -0.129182 -0.159718 -0.226706 -0.010666 0.270255 0.465156 1.000000 -0.308416 -0.250339 -0.295921 -0.093757 -0.347875 -0.359603 -0.183346 -0.385671 0.310421 0.151259 -0.012047 -0.077883 0.402553 0.136378 -0.234944 -0.468879 0.039757 0.000877 -0.139218 -0.163601 -0.348793 -0.029711 -0.349360 -0.320838 -0.312783 -0.407749 -0.167521 -0.265642 -0.189975 0.022530 -0.257435 -0.050913 -0.122659 0.281612 -0.072413 -0.029287 0.190165 0.434924 0.082781 0.127465 0.215835 0.253342 0.169233 0.356960 0.113652 -0.243862 0.025067 -0.255702 0.180658 0.165874 -0.137571 -0.223638 0.302234 0.190695 -0.050096 0.043168 0.183524 0.013437 -0.012353 0.019234 0.121743 0.125591 0.074949 0.264657 -0.069069 -0.004517 -0.132495 0.038451 -0.146173 -0.179702 0.036928 0.066698 -0.015494 0.008468 -0.022921 -0.009749 -0.397784 -0.331194 0.121019 0.231650 -0.066900 0.079309 0.017589 -0.013585 -0.163428 0.040854 0.084156 -0.144479 -0.114897 0.153113 -0.335024 0.093130 0.383080 0.140927 0.070562 0.032336
-0.252284 -0.472433 0.403639 0.322356 0.058595 0.533807 0.037101 0.069808 -0.208722 -0.137610 -0.134687 -0.262513 0.001376 -0.107439 0.220973 -0.004514 0.098756 -0.051237 -0.189058 -0.308416 1.000000 0.571673 0.532300 0.308864 0.680372 0.566800 0.588918 0.578207 -0.072412 -0.112425 0.109378 0.191687 0.078036 0.070158 0.141013 0.265915 -0.271545 -0.294570 0.159643 0.002909 -0.061558 -0.123558 -0.014003 -0.053182 0.082896 0.238997 0.044494 -0.071395 -0.065677 -0.113494 0.302763 -0.234102 0.082883 -0.299232 0.034873 -0.069139 -0.195646 -0.339880 -0.191466 -0.198462 -0.299754 -0.454991 0.001905 -0.272752 -0.173756 -0.145568 0.005829 0.251830 -0.050789 -0.064707 0.147778 0.031261 0.064237 -0.078221 0.150188 -0.217502 -0.284266 -0.243458 -0.023365 0.099278 -0.055350 -0.062392 -0.008391 -0.290508 -0.022544 -0.028096 0.212045 -0.076024 -0.210298 -0.271422 -0.144024 -0.070791 0.090990 0.076245 -0.069130 -0.283830 -0.085391 0.026353 -0.185028 -0.133846 0.058494 -0.100385 -0.138834 -0.259947 0.248939 0.381450 -0.081327 0.056367 -0.020344 -0.169858 0.069948 -0.029521 -0.237028 -0.085563 -0.021854 0.318082
-0.089857 -0.241873 0.179408 0.279218 -0.013958 0.457758 -0.094592 0.067549 -0.075143 0.015497 -0.083448 -0.166140 0.074360 0.094935 0.293741 0.218727 0.158773 0.160044 -0.290606 -0.250339 0.571673 1.000000 0.342159 0.188839 0.372988 0.253619 0.525276 0.443813 0.023924 -0.043371 -0.050189 0.034863 0.095797 0.138230 0.373228 0.382614 -0.108586 -0.266960 0.253953 0.130325 0.017206 -0.048507 0.037947 -0.054749 0.032540 0.122643 -0.044354 -0.158704 -0.087651 -0.190018 0.128865 -0.260319 0.081674 -0.370017 0.205884 -0.036568 0.119646 -0.110702 -0.116904 -0.099634 -0.140450 -0.253615 -0.088944 0.025594 -0.235080 -0.127095 -0.070944 0.097757 0.033431 -0.177426 -0.196386 -0.065371 0.033456 -0.188629 0.124325 -0.377913 -0.191946 -0.199076 0.207324 0.157407 -0.024638 0.060222 0.098164 -0.091962 -0.024387 -0.021094 0.094369 0.112125 -0.108808 -0.151196 -0.341187 -0.329510 -0.215006 -0.260497 -0.164627 -0.109653 -0.182237 0.206190 -0.399617 -0.233803 -0.269660 -0.310799 -0.251283 -0.219614 0.210023 0.202159 -0.043460 -0.141674 -0.054530 -0.107761 -0.019667 -0.104094 -0.387171 -0.063198 0.216507 0.229433
-0.227956 -0.596541 0.506563 0.467484 -0.163626 0.389079 0.172911 -0.185273 -0.267471 -0.391599 0.144698 -0.204617 -0.259077 -0.242010 0.534169 -0.122082 -0.085138 -0.466895 0.166445 -0.295921 0.532300 0.342159 1.000000 0.526553 0.796980 0.767803 0.733199 0.838012 -0.254689 -0.468948 0.261514 0.386720 -0.109224 -0.213466 0.581474 0.198927 -0.194257 -0.118685 0.238160 0.001976 0.007077 -0.119155 0.127474 0.187821 -0.101642 0.183752 -0.184789 -0.027675 -0.287246 -0.386768 0.655677 -0.315883 -0.048592 -0.278373 0.165047 -0.037515 -0.260789 -0.276069 -0.241588 -0.431096 -0.374885 -0.666137 -0.168860 -0.411949 0.282653 -0.108664 -0.180034 0.121422 -0.285815 0.008233 0.147631 0.057726 -0.288065 -0.190372 0.208528 -0.232735 -0.231625 -0.363849 -0.394282 -0.012302 -0.258111 -0.358484 0.431775 -0.347755 0.556842 0.230814 0.549048 0.345285 0.358474 0.125589 -0.242605 -0.016854 0.082057 0.069791 -0.108672 -0.340054 0.099220 -0.211053 -0.324565 -0.492898 0.181628 -0.113453 -0.375162 -0.115265 -0.012045 0.059312 -0.295045 -0.099465 -0.164954 -0.331375 0.274145 -0.207560 -0.394589 -0.267882 0.078995 0.042175
-0.287741 -0.389602 0.018443 0.543542 -0.221610 0.564542 -0.283218 -0.025810 -0.409502 -0.304699 0.224740 -0.116508 -0.219118 -0.169809 0.344442 -0.126143 -0.025477 -0.381624 -0.238460 -0.093757 0.308864 0.188839 0.526553 1.000000 0.550440 0.483055 0.498855 0.570382 -0.456968 -0.642559 -0.286843 0.049569 -0.344286 -0.338601 0.414707 0.272695 -0.563494 -0.247382 -0.185180 -0.139758 -0.193349 -0.531817 0.093835 0.120834 0.156226 0.483195 -0.197825 -0.013936 -0.042547 0.013175 0.692686 -0.012269 -0.067906 -0.188162 -0.065161 -0.362958 -0.385135 -0.297143 -0.141485 0.173153 -0.445114 -0.484800 0.034259 -0.183238 0.102434 0.125425 0.136697 0.584584 -0.138462 0.263239 -0.096445 -0.049692 -0.557719 -0.560071 -0.331409 -0.506665 -0.654295 -0.503164 -0.343662 -0.333160 -0.179339 -0.362266 0.240943 -0.378592 0.366758 0.330708 0.523898 0.345875 0.063788 -0.076597 0.049435 0.104353 0.538717 0.342232 -0.104083 -0.546322 -0.214749 -0.329689 -0.186048 -0.645818 0.141470 0.043132 -0.156945 -0.195805 0.194364 0.424037 0.042048 0.125393 -0.323805 -0.486142 0.270363 -0.071066 -0.115577 -0.078431 -0.100894 0.303620
-0.416027 -0.697837 0.255194 0.372975 -0.147139 0.540944 -0.136154 -0.258698 -0.376804 -0.395415 0.036189 -0.273243 -0.325478 -0.398414 0.395587 -0.150401 0.115400 -0.277003 -0.116925 -0.347875 0.680372 0.372988 0.796980 0.550440 1.000000 0.789222 0.713136 0.808504 -0.296373 -0.375240 0.197625 0.297178 -0.076879 -0.249587 0.518158 0.294256 -0.153440 -0.052796 0.239803 -0.016889 0.017568 -0.104302 0.118375 0.198068 0.022874 0.328849 -0.123313 0.075487 -0.251117 -0.238351 0.598084 -0.236488 -0.128051 -0.250308 0.150699 -0.051312 -0.209643 -0.259833 -0.383774 -0.294752 -0.512666 -0.776578 -0.045625 -0.313524 0.043622 -0.194271 -0.007054 0.313038 -0.203760 0.001803 0.189218 0.240001 -0.235930 -0.100455 0.117788 -0.177611 -0.215710 -0.231635 -0.236669 0.027555 -0.089843 -0.209763 0.268720 -0.360527 0.405326 0.284979 0.463601 0.231905 0.106101 -0.111147 -0.219168 -0.067605 0.107315 0.064926 -0.057482 -0.206973 0.127781 0.017897 -0.190566 -0.327900 0.111238 -0.168447 -0.294170 -0.239997 0.153557 0.287438 -0.243212 -0.079969 -0.048237 -0.193405 0.353527 -0.081190 -0.308846 -0.157145 0.075644 0.256589
-0.550318 -0.711988 0.424728 0.459243 0.046153 0.546553 0.110407 0.085192 -0.112352 -0.071423 -0.130417 -0.211526 -0.362238 -0.304976 0.363261 -0.065700 -0.123582 -0.459928 -0.004778 -0.359603 0.566800 0.253619 0.767803 0.483055 0.789222 1.000000 0.566471 0.696371 -0.222857 -0.297955 0.213982 0.487789 -0.243713 -0.130986 0.339732 0.341894 -0.290691 -0.041163 0.102678 0.065940 -0.000854 0.021057 0.185822 0.179069 0.133787 0.383940 -0.044914 0.162861 -0.115210 -0.086769 0.461584 -0.142059 -0.233231 -0.223575 -0.131107 -0.115398 -0.304290 -0.268288 -0.457906 -0.386293 -0.603207 -0.719606 -0.318833 -0.622516 0.179243 -0.024404 -0.160181 0.262771 -0.438508 0.007019 0.230091 0.155456 -0.218766 -0.148885 0.063157 -0.123979 -0.294757 -0.145862 -0.391980 -0.102695 -0.153609 -0.252421 0.215456 -0.190489 0.207413 0.049669 0.353864 0.125521 0.120689 -0.087114 0.015674 0.125717 0.262484 0.190548 0.129765 -0.236970 0.107895 -0.075794 -0.088636 -0.383162 0.255488 -0.006346 -0.159403 -0.090566 0.097565 0.256486 -0.151516 0.048111 0.020775 -0.167394 0.405693 0.015953 -0.284038 -0.243301 -0.119173 0.269571
-0.159723 -0.452617 0.379260 0.556189 -0.061982 0.640278 -0.054537 -0.088873 -0.357558 -0.446434 0.209516 -0.169360 -0.078923 -0.123147 0.406636 -0.094246 0.105685 -0.204525 -0.034349 -0.183346 0.588918 0.525276 0.733199 0.498855 0.713136 0.566471 1.000000 0.805038 -0.285357 -0.456167 -0.060669 0.094471 -0.103471 -0.217359 0.440717 0.214704 -0.233483 -0.221151 0.385589 0.135272 -0.133494 -0.348169 0.098725 0.199403 -0.088090 0.224256 -0.169186 -0.084119 -0.170620 -0.238405 0.614399 -0.143786 0.047639 -0.258450 0.346029 0.020370 -0.240318 -0.310116 -0.194382 -0.176973 -0.303155 -0.535947 -0.039868 -0.295761 0.039219 -0.128442 -0.075821 0.284835 -0.237948 0.019472 -0.188186 -0.027626 -0.266323 -0.237322 0.060061 -0.339544 -0.304994 -0.480644 -0.269146 0.004033 -0.346881 -0.313140 0.324373 -0.440659 0.455903 0.263218 0.568927 0.290107 0.093744 0.011570 -0.294501 -0.127559 -0.018188 -0.050040 -0.118670 -0.188148 -0.084856 -0.102216 -0.377523 -0.417903 -0.109507 -0.159596 -0.285572 -0.176721 0.136286 0.190548 -0.148877 -0.125206 -0.080315 -0.191817 0.235361 -0.225084 -0.348331 -0.203270 0.233295 0.081119
-0.241056 -0.609308 0.316790 0.322880 -0.290096 0.480877 -0.133466 -0.308951 -0.427799 -0.522607 0.246196 -0.120232 -0.275524 -0.148749 0.506466 -0.062893 0.030557 -0.352123 -0.124220 -0.385671 0.578207 0.443813 0.838012 0.570382 0.808504 0.696371 0.805038 1.000000 -0.347291 -0.515867 0.126725 0.270749 -0.139046 -0.198844 0.512897 0.253668 -0.232275 -0.042319 0.287103 0.029288 -0.030814 -0.206618 0.259857 0.287156 0.012825 0.358790 -0.150456 -0.037931 -0.232834 -0.335757 0.655963 -0.231067 -0.045403 -0.342268 0.273635 -0.064779 -0.192014 -0.247072 -0.247059 -0.355412 -0.429914 -0.728218 -0.171347 -0.382569 0.100812 -0.068994 -0.120535 0.270401 -0.287360 -0.011249 0.054998 0.099123 -0.370082 -0.294782 0.160737 -0.227758 -0.270090 -0.269323 -0.266481 0.045348 -0.216210 -0.339870 0.312159 -0.439481 0.573563 0.355853 0.574871 0.405616 0.260468 0.119699 -0.297655 -0.130234 0.062322 -0.071161 -0.101367 -0.355318 0.119458 -0.043121 -0.345174 -0.516580 0.184810 -0.242693 -0.413800 -0.259505 0.141044 0.198506 -0.312847 -0.102153 -0.141969 -0.324799 0.274580 -0.186224 -0.467608 -0.176007 0.095555 0.070292
0.229440 0.427998 -0.157882 -0.410639 0.271154 -0.310563 0.205295 -0.134094 0.490158 0.380978 0.109637 0.298384 0.347020 0.110209 0.159163 0.348854 0.198301 0.404585 0.416105 0.310421 -0.072412 0.023924 -0.254689 -0.456968 -0.296373 -0.222857 -0.285357 -0.347291 1.000000 0.699407 0.335153 0.265652 0.457817 0.338514 -0.300912 -0.385301 0.322729 -0.054297 -0.063260 -0.251053 0.138596 0.497415 -0.376225 -0.517483 -0.390978 -0.670023 0.046180 -0.407480 -0.398557 -0.267204 -0.520628 -0.363370 -0.001983 0.185386 -0.180369 -0.059710 0.331911 0.239631 0.162304 -0.225152 0.354170 0.371335 0.224157 0.335530 0.170702 -0.207855 -0.254834 -0.740735 0.102894 -0.418976 0.104347 0.018492 0.797301 0.558230 0.419565 0.486584 0.442021 0.280282 0.458010 0.237819 0.318016 0.366255 0.231303 0.641686 -0.242051 -0.247220 -0.297024 -0.115473 -0.258164 -0.108971 -0.128322 -0.121555 -0.344376 -0.325966 0.124168 0.093589 -0.274554 -0.093628 -0.038323 0.371849 -0.121648 -0.078461 -0.128684 -0.097379 -0.350367 -0.171406 -0.245675 -0.206990 -0.030205 0.089014 -0.361337 0.179040 0.200660 0.103765 -0.215696 -0.077844
0.097023 0.421521 -0.352520 -0.423082 0.183888 -0.375333 0.058896 0.112434 0.396110 0.522739 -0.226720 0.363233 0.148622 0.282898 -0.275261 0.470270 0.051959 0.518068 0.128998 0.151259 -0.112425 -0.043371 -0.468948 -0.642559 -0.375240 -0.297955 -0.456167 -0.515867 0.699407 1.000000 0.416251 0.338624 0.346623 0.486373 -0.371733 -0.266667 0.457705 0.045278 -0.021926 -0.131164 0.223008 0.441968 -0.255095 -0.293838 0.002521 -0.426071 0.376141 -0.168615 -0.112816 0.117158 -0.667983 -0.023406 -0.062194 0.268082 -0.153527 0.280793 0.192305 0.109258 0.032731 -0.171350 0.242781 0.471130 0.034102 0.202203 -0.013011 -0.001647 -0.269862 -0.586021 0.121092 -0.502355 0.089932 0.321806 0.749277 0.655502 0.255235 0.517303 0.536068 0.480830 0.550037 0.318575 0.183150 0.412034 -0.186210 0.654025 -0.483101 -0.268845 -0.576866 -0.348511 -0.334077 -0.086390 -0.173546 -0.292802 -0.506459 -0.463482 0.062313 0.230296 -0.011207 0.139624 0.101115 0.464991 -0.322163 -0.137286 -0.121790 -0.237838 -0.333231 -0.236380 -0.198758 -0.369229 0.039602 0.265665 -0.410041 0.259603 0.251610 0.079949 -0.230871 -0.136173
-0.016693 -0.141586 0.028686 -0.254958 -0.294353 -0.443667 0.244546 -0.271388 0.065691 -0.071579 0.018641 0.308932 -0.118764 0.091608 0.059320 0.122127 -0.203291 -0.103013 0.435177 -0.012047 0.109378 -0.050189 0.261514 -0.286843 0.197625 0.213982 -0.060669 0.126725 0.335153 0.416251 1.000000 0.788568 0.445706 0.216592 0.054041 -0.331980 0.519334 0.274405 0.272425 -0.130275 0.405858 0.445501 -0.059846 -0.037403 -0.270235 -0.373582 0.100299 -0.277959 -0.449500 -0.446432 -0.260871 -0.416706 -0.219184 0.065257 0.153572 0.282316 0.018070 -0.014231 -0.123166 -0.690464 0.074341 -0.132247 -0.277707 -0.274557 0.382146 -0.064065 -0.437150 -0.508328 -0.184222 -0.437145 0.373832 0.526280 0.301595 0.429306 0.417373 0.454429 0.415704 0.352491 -0.000524 0.240633 -0.118452 -0.094852 0.097369 0.226791 0.158569 0.126252 -0.122059 0.166961 0.227532 0.305220 -0.354222 -0.231128 -0.379553 -0.349532 0.083219 0.107498 0.279923 0.037406 -0.162399 0.094475 0.123368 -0.159118 -0.468732 -0.193373 -0.157340 -0.336142 -0.561400 -0.343176 0.023235 0.116931 -0.220918 0.037842 -0.069503 -0.123511 0.036160 -0.247260
-0.168209 -0.176451 -0.054825 0.058500 -0.298289 -0.099354 0.149156 -0.045221 0.020864 0.071304 0.098968 0.391391 -0.267583 0.118567 0.214435 0.241997 -0.273717 -0.255741 0.383683 -0.077883 0.191687 0.034863 0.386720 0.049569 0.297178 0.487789 0.094471 0.270749 0.265652 0.338624 0.788568 1.000000 0.225443 0.277504 0.088660 -0.228810 0.171662 0.085448 0.072007 -0.194148 0.302064 0.214279 -0.079013 -0.078017 -0.175424 -0.181216 0.131399 -0.314654 -0.484413 -0.310126 -0.110686 -0.311261 -0.372058 0.041238 -0.096483 0.084607 -0.127975 -0.121216 -0.175108 -0.569880 -0.206978 -0.209089 -0.400877 -0.397928 0.541568 0.190554 -0.368808 -0.316086 -0.206135 -0.431249 0.160200 0.464920 0.171677 0.229227 0.285591 0.352212 0.211445 0.245594 -0.030496 0.129353 -0.233810 -0.167399 0.211891 0.304612 0.142561 0.110915 0.049235 0.202746 0.098351 0.222903 -0.316673 -0.237581 -0.177618 -0.277685 0.130813 -0.119218 0.071301 -0.118494 -0.277582 -0.168286 0.131526 -0.154013 -0.468086 -0.264653 -0.148583 -0.166271 -0.471641 -0.332966 -0.113337 -0.084894 -0.170468 0.051628 -0.051914 -0.108774 -0.109801 -0.151108
0.326406 0.302971 -0.010649 -0.344572 -0.130157 -0.314300 0.179834 -0.321873 0.015268 -0.150007 0.087521 0.109655 0.246373 0.059873 -0.048936 -0.098125 0.201945 0.255378 0.394568 0.402553 0.078036 0.095797 -0.109224 -0.344286 -0.076879 -0.243713 -0.103471 -0.139046 0.457817 0.346623 0.445706 0.225443 1.000000 0.629851 -0.182234 -0.289833 0.271172 -0.100710 0.183570 -0.110443 0.053847 0.080589 -0.315241 -0.282951 -0.368251 -0.483164 -0.051124 -0.388644 -0.403780 -0.328176 -0.474322 -0.377947 -0.150137 0.031860 0.242697 0.097876 0.310181 0.152422 0.192011 -0.214437 0.432968 0.152802 0.317195 0.304819 0.039782 -0.289685 -0.068456 -0.335913 0.232883 -0.180571 -0.120627 0.031666 0.495336 0.285353 0.241607 0.110103 0.339810 0.131438 0.222675 0.144854 0.068533 0.135899 0.042201 0.140297 -0.074883 0.031894 -0.183857 -0.095472 -0.255989 0.045933 -0.385730 -0.343038 -0.443595 -0.382403 -0.129137 0.097580 -0.042677 -0.014164 -0.254107 0.222073 -0.046025 -0.155546 -0.310464 -0.127901 -0.124091 -0.032156 -0.175807 -0.292178 -0.038590 0.165720 -0.365900 -0.035589 -0.146153 0.099987 0.207817 -0.126395
0.252121 0.382962 0.019946 -0.149839 0.041115 -0.198160 0.201524 0.203064 0.155430 0.243445 -0.158091 0.227181 0.238734 0.399586 -0.181458 0.285505 0.008561 0.263941 0.104578 0.136378 0.070158 0.138230 -0.213466 -0.338601 -0.249587 -0.130986 -0.217359 -0.198844 0.338514 0.486373 0.216592 0.277504 0.629851 1.000000 -0.303911 -0.045094 -0.074584 -0.350433 -0.116542 -0.217711 -0.076515 -0.010944 -0.093013 -0.115101 0.055333 -0.133931 0.147462 -0.207646 -0.000908 0.093667 -0.464825 0.010946 -0.156469 -0.068723 -0.067022 0.012574 -0.000634 -0.089810 0.255076 -0.033200 0.313927 0.353500 0.159508 0.169667 0.008908 0.141484 -0.003289 -0.149094 0.223681 -0.177526 -0.140047 0.014819 0.487023 0.125304 0.136199 0.053726 0.124226 0.100409 0.183255 0.031589 -0.144224 0.049940 -0.237767 0.167288 -0.374982 -0.203889 -0.376440 -0.368997 -0.402846 0.049724 -0.326080 -0.385674 -0.429143 -0.365153 -0.234814 -0.151249 -0.056252 -0.044339 -0.263116 0.074724 -0.132099 -0.048608 -0.179666 -0.143777 -0.199247 -0.122555 0.012727 -0.256189 -0.105015 -0.047357 -0.407541 -0.017079 -0.251239 -0.031071 -0.182022 -0.234473
-0.272215 -0.384944 0.054805 0.367940 -0.319894 0.128839 -0.197941 -0.264332 -0.290205 -0.394368 0.088629 -0.119699 -0.286111 -0.153587 0.331279 -0.078430 -0.055906 -0.152937 -0.130553 -0.234944 0.141013 0.373228 0.581474 0.414707 0.518158 0.339732 0.440717 0.512897 -0.300912 -0.371733 0.054041 0.088660 -0.182234 -0.303911 1.000000 0.398492 0.027515 0.073915 0.210765 0.142158 0.209486 -0.089417 0.065176 0.198175 0.137571 0.312624 -0.093721 0.039978 -0.155178 -0.214947 0.564064 -0.124920 -0.097127 -0.145483 0.323210 0.053416 -0.120867 -0.127047 -0.282617 -0.239652 -0.309016 -0.390514 -0.018961 -0.015657 0.182267 0.089706 -0.043459 0.191518 0.046087 -0.082483 -0.086235 0.095062 -0.288802 -0.230244 0.035965 -0.329393 -0.147838 -0.267217 -0.095189 0.119358 -0.182925 -0.090181 0.264076 -0.356516 0.543846 0.419873 0.328339 0.340627 0.250514 0.119413 -0.384514 -0.226435 -0.068309 -0.034251 -0.151075 -0.080288 0.254377 -0.021969 -0.244904 -0.425516 -0.184946 -0.239693 -0.351118 -0.167042 0.130929 -0.121923 -0.325918 -0.176914 -0.121777 -0.120612 0.375728 -0.171779 -0.295101 -0.243848 0.065148 -0.089296
-0.458087 -0.525376 0.165707 0.284044 0.230775 0.440217 -0.044549 0.133426 -0.015694 0.128135 -0.277485 -0.433895 -0.068222 -0.173577 0.080580 -0.011695 0.075718 -0.102898 -0.518927 -0.468879 0.265915 0.382614 0.198927 0.272695 0.294256 0.341894 0.214704 0.253668 -0.385301 -0.266667 -0.331980 -0.228810 -0.289833 -0.045094 0.398492 1.000000 -0.186093 -0.058024 0.130491 0.279374 -0.032202 -0.117966 0.155645 0.166136 0.660607 0.699040 0.046878 0.376630 0.349329 0.312266 0.264432 0.102388 -0.070526 -0.402790 0.035029 0.032939 -0.245447 -0.298232 -0.240115 0.086741 -0.331384 -0.377500 -0.002174 -0.145535 -0.278876 0.052121 0.054481 0.486566 -0.179828 0.046191 0.015375 -0.046577 -0.271902 -0.423762 -0.345063 -0.551243 -0.429410 -0.271279 -0.086594 -0.098451 0.063417 0.118295 -0.131896 -0.257762 -0.095942 -0.111957 0.039988 -0.107980 -0.038018 -0.224205 0.082926 -0.015433 0.128791 0.231325 0.054946 -0.066651 0.191310 0.235206 0.132396 -0.196627 -0.154661 -0.014575 0.097121 0.028494 0.180721 0.299006 0.058719 0.251645 0.110254 -0.015602 0.391608 0.074938 -0.294595 -0.258612 -0.090758 0.356993
