1.000000 0.536155 -0.098626 -0.261330 -0.100688 0.127920 -0.106485 -0.219270 0.114450 -0.001296 0.446831 0.095831 0.217229 0.055104 0.041550 0.028315 0.347300 -0.164036 0.046888 -0.258197 0.173737 -0.032159 -0.173378 -0.316976 0.085219 -0.346816 -0.079287 -0.033079 -0.019061 -0.194707 -0.340185 -0.380164 0.249989 0.074212 0.007943 -0.161323 -0.135284 -0.088487 0.315913 -0.080972 -0.272882 -0.226754 0.391524 0.358237 -0.058328 -0.127918 0.221895 0.189104 0.013349 -0.115888 0.188515 -0.037634 0.244862 0.123942 0.381866 0.251949 0.559579 0.374623 0.370703 0.121462 0.431367 0.308915 0.274556 0.140394 0.067868 0.158296 0.085925 -0.136195 0.515322 0.166012 0.208160 -0.094568 -0.220290 -0.255816 -0.232790 -0.263625 -0.121923 -0.259893 0.074006 0.096257 0.091594 -0.143005 -0.191644 -0.196118 0.180712 0.046713 -0.039221 -0.048467 -0.063706 0.252335 -0.487313 -0.284407 -0.381882 -0.297056 -0.161489 -0.017134 0.275734 -0.058076 0.068310 -0.053675 -0.067123 -0.002037 -0.221503 -0.317134 -0.299497 -0.393959 -0.072676 0.264420 -0.011120 -0.027546 -0.120154 -0.192182 -0.230169 -0.251850 -0.075904 -0.151496
0.536155 1.000000 -0.425315 -0.108827 -0.133237 -0.173028 -0.285864 -0.222078 -0.236564 -0.141281 0.031850 0.161229 -0.002105 0.187368 -0.208812 0.124577 0.516365 0.175294 0.024860 0.189341 0.063607 0.018631 -0.356344 -0.555654 -0.095503 -0.351145 -0.159465 -0.186257 0.213317 0.195672 -0.233893 -0.423931 0.477530 0.380603 -0.289533 -0.308277 -0.144488 -0.067447 -0.094103 -0.215342 -0.325299 0.002909 0.157649 0.066208 0.017462 -0.224604 0.145177 -0.039431 -0.146929 0.032792 0.205580 0.054622 0.262818 0.222573 0.260003 0.064894 0.381682 0.425580 0.054293 0.310795 0.109092 0.344682 0.449704 0.473198 -0.187801 -0.065879 0.005220 -0.425267 0.381989 -0.119241 0.056257 -0.004660 0.210978 0.073044 0.062592 -0.065574 0.020992 -0.278575 0.258236 0.040639 0.323890 0.259873 -0.341265 -0.064936 0.098700 0.147649 -0.283491 -0.170679 -0.333785 -0.000440 -0.428044 -0.381642 -0.327322 -0.357844 -0.281628 -0.067754 -0.017302 -0.161599 0.149822 -0.150677 0.051241 -0.105122 -0.033957 -0.332932 0.010546 -0.441029 -0.120046 0.046246 0.040182 -0.020202 -0.311027 -0.292090 -0.151022 -0.051381 0.080004 -0.106623
-0.098626 -0.425315 1.000000 0.280713 0.140819 0.263743 0.432861 0.053956 0.214991 -0.032939 0.299228 -0.150714 0.247358 -0.170194 0.105723 -0.184307 -0.286094 -0.256424 0.576273 -0.174281 0.107182 0.008106 0.559674 0.428557 0.199705 0.290618 0.367862 0.178832 -0.350369 -0.468076 0.241120 0.238605 -0.434421 -0.414371 0.346834 -0.020141 -0.340873 -0.135026 -0.056579 -0.114949 -0.293354 -0.460797 0.135655 0.190476 -0.188836 -0.043852 -0.045429 0.081128 0.307429 -0.349265 0.057523 0.179271 0.110050 -0.220932 -0.148989 -0.012035 -0.181640 -0.341600 0.170326 -0.181797 0.216259 -0.258174 -0.355003 -0.314410 0.614783 0.309282 0.070480 0.549875 -0.079858 0.156488 0.278908 0.053454 -0.450890 -0.214898 -0.204487 -0.111797 -0.103722 0.031304 -0.461003 -0.135540 -0.469520 -0.520553 0.234752 -0.217331 0.225362 0.022475 0.346719 0.012650 0.440073 0.234585 0.227545 0.211254 0.254545 0.297836 0.068687 -0.039108 0.365367 -0.038252 -0.283640 -0.073981 0.009974 0.127149 -0.064185 -0.064236 -0.110744 0.070043 -0.045128 -0.082866 -0.046738 -0.008480 0.256007 -0.223600 0.044204 -0.058417 0.081501 -0.088028
-0.261330 -0.108827 0.280713 1.000000 -0.218769 0.042415 0.085912 0.095908 -0.268985 -0.242566 -0.021522 0.312979 -0.017167 0.110499 -0.171622 -0.195620 -0.075708 -0.193203 0.302669 0.067010 -0.106279 -0.033003 0.490620 0.477767 0.175724 0.422033 0.103600 0.245315 -0.107488 -0.076211 0.268582 0.287807 0.020024 -0.002197 0.138365 0.027416 0.233830 0.280396 -0.128857 0.092326 0.098136 0.262490 -0.238609 -0.181666 -0.238631 -0.213091 -0.248473 -0.158416 0.008995 -0.187171 0.008970 0.034258 -0.114902 -0.085120 -0.052749 -0.025785 -0.425329 -0.479846 -0.207087 -0.110674 -0.438646 -0.460403 -0.009894 -0.170552 0.181150 0.144360 -0.316855 0.185691 -0.318601 -0.436217 0.152221 -0.059508 0.134442 0.403211 0.487289 0.199322 0.396793 0.375189 -0.364126 -0.258370 -0.341608 -0.175929 0.060836 0.043597 0.000285 0.345388 0.165474 0.391705 0.165320 0.138250 0.010364 0.117276 0.397638 0.397184 0.110871 0.166549 -0.011671 0.134815 -0.154288 -0.063830 0.174850 0.221268 0.191103 -0.099395 -0.058602 -0.026132 -0.234097 -0.300939 0.231978 0.099394 0.098801 -0.025018 0.218120 -0.066371 0.036305 0.150311
-0.100688 -0.133237 0.140819 -0.218769 1.000000 0.293148 0.343907 0.132322 0.546329 0.190746 -0.075646 -0.299875 0.130391 -0.105013 0.184680 -0.013734 -0.016656 0.001924 0.032555 0.124375 0.441124 0.264678 -0.105728 -0.183941 -0.122559 -0.120074 0.202150 0.136938 -0.074000 0.047523 0.219266 0.074489 -0.202686 -0.130716 0.087440 0.030194 -0.125150 -0.181570 0.010858 -0.160463 -0.099074 0.009341 -0.282382 -0.297016 -0.008610 0.019207 -0.160118 -0.251257 0.133093 0.055481 0.147347 -0.002205 0.320840 0.148989 -0.060937 -0.375312 -0.190940 -0.089801 0.124957 -0.047150 0.203507 -0.223441 -0.016553 -0.061911 0.028310 -0.153564 0.038448 0.087907 -0.131816 0.050499 0.096242 0.087340 0.037869 -0.100505 -0.180035 0.099409 -0.030225 0.069558 -0.057196 -0.060399 -0.137101 0.047894 0.009879 -0.066160 -0.130280 -0.275743 0.059893 -0.233628 -0.111468 -0.244400 0.364370 0.391262 0.034873 0.103692 -0.085651 -0.019406 -0.251442 -0.014417 0.036194 0.240412 0.093077 -0.109950 0.149854 0.265073 0.183891 0.143291 0.157062 0.264128 -0.198834 0.109095 0.075887 0.241922 0.444543 0.249710 0.081583 0.158540
0.127920 -0.173028 0.263743 0.042415 0.293148 1.000000 0.168844 0.037266 0.357465 0.101520 0.104573 -0.048029 0.074908 0.025561 0.244363 -0.002223 -0.061163 0.035942 -0.045618 -0.266552 0.490160 0.234612 0.098444 0.322236 0.327882 0.226336 0.552197 0.395560 -0.189026 -0.184648 0.229904 0.167061 -0.293473 -0.188469 0.335185 0.286177 -0.070524 -0.098727 0.322929 0.064372 0.029521 -0.094535 -0.070265 -0.078237 -0.186283 -0.100458 -0.177237 -0.117474 0.029263 -0.270222 0.007721 -0.102775 0.112908 -0.123356 0.097986 -0.108552 -0.056205 -0.189571 0.229832 -0.101889 0.138886 -0.103310 -0.078104 -0.218177 0.280789 0.265707 0.090483 0.357497 -0.022529 -0.012854 0.312912 0.056525 -0.142237 -0.232486 -0.161468 0.009914 -0.013376 0.104910 -0.074547 -0.086705 -0.257014 -0.207227 0.005979 -0.140479 0.009184 -0.185902 0.217144 -0.168647 0.148353 -0.054474 0.052509 0.124520 0.139216 0.289617 0.087715 0.134274 0.184843 0.065529 -0.247494 -0.023936 -0.062502 -0.046621 0.124181 -0.136842 -0.068190 0.105775 -0.011360 -0.075672 0.083007 0.178125 0.224804 0.044522 0.192872 0.222305 0.156236 0.051041
-0.106485 -0.285864 0.432861 0.085912 0.343907 0.168844 1.000000 0.399599 0.469731 0.403106 0.172830 0.119787 0.495444 0.201522 0.419691 0.177627 -0.141022 -0.078811 0.438881 0.169472 0.082447 -0.126755 0.289812 0.244390 -0.099481 0.097076 -0.027553 -0.019071 0.112799 0.035792 0.573506 0.441111 -0.147389 0.105287 0.197152 0.231705 0.035667 -0.077734 0.097075 -0.062737 0.074277 0.137781 -0.327774 -0.376433 -0.297680 -0.198120 -0.429160 -0.518560 -0.249404 -0.368660 -0.107010 -0.191081 0.068748 -0.166123 -0.167801 -0.345584 -0.591077 -0.566635 -0.011196 -0.411121 0.293709 -0.094720 -0.074282 -0.060042 0.632741 0.234189 -0.224880 0.144412 -0.407522 -0.207565 0.205103 0.085262 0.157300 0.165172 0.172130 0.162570 0.133648 0.157699 -0.481848 -0.143441 -0.463720 -0.198228 0.145296 0.106340 -0.046376 0.046773 0.036908 -0.161497 0.204750 0.200938 0.205016 0.268387 0.371803 0.340218 -0.125493 -0.000681 -0.089118 -0.136998 -0.293026 0.162096 0.169304 0.174103 -0.202408 0.178703 0.009018 0.146789 -0.064708 -0.016113 -0.121133 -0.156307 0.175219 0.190077 0.354993 0.229354 0.253701 0.002802
-0.219270 -0.222078 0.053956 0.095908 0.132322 0.037266 0.399599 1.000000 0.197401 0.659416 -0.144436 0.170020 0.041040 0.436811 0.154022 0.476501 -0.090470 0.195757 0.044410 0.226177 -0.291542 -0.106901 -0.150753 0.052821 -0.221183 0.165614 -0.245688 -0.267735 0.195372 0.397152 0.298601 0.322657 -0.060644 0.173684 -0.049548 0.075093 0.128552 0.024428 -0.002507 -0.014718 0.125616 0.242991 -0.456845 -0.434440 -0.309576 -0.242685 -0.396051 -0.366789 -0.429417 -0.207392 -0.257565 -0.087547 -0.036508 -0.157749 -0.085701 -0.104525 -0.464700 -0.459602 -0.328177 -0.145692 -0.036678 0.259787 -0.030015 0.089530 0.195567 0.469509 -0.565447 -0.128714 -0.403499 -0.326568 -0.112725 0.130256 0.353227 0.246494 0.033512 0.122315 -0.081527 0.091797 -0.035461 0.062116 -0.103287 0.101321 -0.047316 0.172891 -0.063944 0.039467 -0.059390 -0.184198 0.237629 0.153944 0.090180 0.154042 0.363459 0.075634 -0.100037 0.082827 -0.276913 0.080041 -0.064104 0.136747 0.210728 -0.099908 0.214207 0.095559 0.068818 0.279983 -0.024561 0.033407 -0.005564 -0.013310 0.072549 0.226691 0.236809 0.346498 0.128559 0.189218
0.114450 -0.236564 0.214991 -0.268985 0.546329 0.357465 0.469731 0.197401 1.000000 0.244401 0.178871 -0.091993 0.382752 0.192451 0.466618 0.004658 -0.104261 0.033169 0.007841 -0.038564 0.181892 0.058629 0.066045 0.076977 -0.093180 -0.095549 0.151217 0.120735 -0.124679 -0.136259 0.183793 0.132016 -0.289472 -0.237410 0.244844 0.285000 -0.102942 -0.009272 0.124676 -0.192875 0.041737 0.040253 -0.092127 -0.090079 -0.225043 0.040450 -0.233572 -0.146527 0.043795 -0.116899 -0.054175 -0.009640 0.266492 -0.091702 -0.105606 -0.210065 -0.242024 -0.210248 0.267813 -0.099310 0.432629 -0.122062 -0.143474 -0.093241 0.201487 0.276910 -0.133135 0.135490 -0.180825 0.068912 0.346725 0.175658 -0.182149 -0.170365 -0.079285 0.177023 0.080826 0.153296 -0.120963 -0.100103 -0.359202 -0.289842 -0.003999 -0.104087 -0.197341 -0.328452 0.146147 -0.255689 0.092015 -0.060285 0.314790 0.347711 0.210600 0.356718 -0.082031 -0.001417 0.036795 0.030647 -0.100839 0.309752 0.029049 0.152533 0.048751 0.092356 -0.049457 0.075083 0.125775 0.224800 -0.332383 0.110621 0.338428 0.307836 0.309620 0.224994 0.093827 -0.063363
-0.001296 -0.141281 -0.032939 -0.242566 0.190746 0.101520 0.403106 0.659416 0.244401 1.000000 0.037502 0.166104 0.249670 0.295391 0.301682 0.705424 -0.074953 0.091971 0.078339 0.158008 -0.103071 -0.098772 -0.290045 -0.085031 -0.249784 0.026417 -0.190030 -0.338031 0.300522 0.401259 0.258535 0.222377 0.055061 0.280955 -0.288694 -0.092021 0.058163 -0.190681 0.009328 -0.150682 0.042940 0.061279 -0.157017 -0.214799 -0.185832 -0.274528 -0.090077 -0.266396 -0.267520 -0.111506 -0.032734 0.037613 0.028202 0.103008 -0.154435 -0.051841 -0.209203 -0.163312 -0.180438 -0.250025 0.164555 0.499993 0.033694 0.186430 0.123183 0.221656 -0.268529 -0.303869 -0.143399 -0.004495 0.050418 0.018823 0.352735 0.222054 -0.074063 0.172834 -0.068534 -0.017024 -0.074795 0.131871 -0.075234 -0.005039 0.025355 0.271268 -0.036664 -0.088857 -0.261583 -0.285991 0.062223 0.179709 -0.013746 -0.043120 0.089668 -0.093259 -0.173746 -0.027266 -0.251632 -0.134678 -0.035782 0.055526 0.095301 -0.100229 -0.068334 0.065398 0.035728 0.122113 -0.059367 0.150724 -0.014077 -0.131372 -0.217374 0.065287 -0.013050 0.282916 0.124869 0.092736
0.446831 0.031850 0.299228 -0.021522 -0.075646 0.104573 0.172830 -0.144436 0.178871 0.037502 1.000000 0.330932 0.396319 -0.012580 0.273102 0.009739 -0.124787 -0.216107 0.273896 -0.064426 0.038326 -0.224968 0.415782 0.163546 0.226668 0.062326 -0.028599 0.178572 0.044704 -0.199745 0.063589 0.002754 -0.062979 -0.153300 0.335243 0.114661 -0.308408 -0.194080 0.103944 -0.210475 -0.214109 -0.354102 0.183771 0.229356 -0.012371 0.006504 0.019944 0.001311 0.230782 -0.000190 0.222599 0.148086 -0.112394 -0.262979 -0.013338 -0.197895 0.169830 0.025011 0.035725 -0.225040 0.133091 0.039749 -0.279322 -0.190473 0.435693 0.412736 -0.154650 0.146519 0.003121 -0.035519 0.259739 -0.237033 -0.384905 -0.111487 -0.156535 -0.133123 -0.002927 -0.063632 -0.145766 0.225502 -0.238656 -0.263699 0.177055 -0.032788 0.506509 0.332473 0.211495 0.184092 0.335682 0.334179 -0.218069 -0.155869 -0.029700 0.106218 -0.177474 -0.282265 0.107096 -0.183732 -0.182311 -0.258985 -0.210709 0.201313 -0.435446 -0.290647 -0.216806 -0.142046 -0.068589 0.016220 -0.067222 -0.285801 -0.006250 -0.062999 -0.135693 -0.120265 0.154870 -0.185577
0.095831 0.161229 -0.150714 0.312979 -0.299875 -0.048029 0.119787 0.170020 -0.091993 0.166104 0.330932 1.000000 0.218389 0.612850 0.437497 0.428831 0.103005 0.067026 0.273735 0.416306 -0.354061 -0.178723 0.064494 0.251409 -0.143811 0.174264 -0.113635 -0.073584 0.535884 0.303184 0.152518 0.212843 0.105910 0.152950 -0.058400 0.035504 0.146048 -0.044476 0.044768 -0.128609 0.146402 0.212108 -0.293398 -0.259353 -0.309839 -0.420642 -0.343304 -0.397468 -0.400096 -0.157084 -0.294482 -0.199382 -0.226055 -0.235601 0.048301 -0.282743 -0.225694 -0.306981 -0.262026 -0.338184 -0.192163 0.132980 -0.046948 -0.052831 0.306192 0.355075 -0.602362 -0.390732 -0.232691 -0.315162 -0.010167 -0.207099 0.218948 0.231577 0.192239 0.133879 0.278828 0.175868 -0.132116 0.130788 -0.036340 0.033106 0.345438 0.552492 0.284597 0.544431 0.009439 0.205672 0.417897 0.285000 -0.192708 -0.166465 0.361917 0.181064 -0.053935 -0.075560 -0.314862 0.068514 -0.267817 -0.250110 0.098995 0.185708 -0.295013 -0.161474 -0.134387 0.034441 -0.132493 -0.110080 0.087740 -0.184596 -0.185854 0.085123 0.015464 0.126848 0.075527 -0.013597
0.217229 -0.002105 0.247358 -0.017167 0.130391 0.074908 0.495444 0.041040 0.382752 0.249670 0.396319 0.218389 1.000000 0.414388 0.642554 0.309306 0.228471 0.156765 0.369951 0.135978 0.167540 -0.098870 0.207383 0.117510 -0.113149 -0.020623 0.002980 -0.049759 0.312988 0.192063 0.353930 0.268788 -0.029837 0.049827 0.008716 0.103585 0.074442 0.096700 0.135032 -0.071381 0.062895 -0.062080 -0.150003 -0.212330 -0.520305 -0.430024 -0.282768 -0.457752 -0.231665 -0.453107 -0.074592 -0.239257 0.206383 -0.000847 0.027860 -0.272691 -0.228029 -0.313107 0.265049 -0.163167 0.545208 0.109035 0.287129 0.319858 0.360277 0.239630 -0.069343 -0.168962 -0.181914 0.019814 0.240793 0.142923 0.237282 0.044179 0.097430 0.279214 0.305437 0.211858 -0.231093 0.017402 -0.194072 -0.186620 0.193440 0.141535 -0.052569 -0.183744 0.092263 -0.210660 0.068389 0.155783 -0.072377 -0.094586 0.067982 0.070969 -0.137806 -0.021710 -0.067187 -0.285457 -0.219617 -0.018913 0.101457 -0.110988 -0.258822 -0.061551 -0.159296 -0.100918 -0.045859 -0.043107 -0.136056 -0.202081 -0.126806 -0.069611 -0.072199 0.032602 0.186472 -0.056586
0.055104 0.187368 -0.170194 0.110499 -0.105013 0.025561 0.201522 0.436811 0.192451 0.295391 -0.012580 0.612850 0.414388 1.000000 0.510673 0.581035 0.230102 0.416869 0.131845 0.307585 -0.306516 0.004366 -0.056675 0.121600 -0.252935 0.051502 -0.033361 -0.153015 0.429020 0.357608 0.067672 0.159336 0.030503 0.134168 -0.117302 0.066339 0.305107 0.239110 0.055596 -0.120527 0.233126 0.274486 -0.428961 -0.450465 -0.578498 -0.527367 -0.436959 -0.521482 -0.481383 -0.428098 -0.405911 -0.310691 0.090344 -0.105563 0.131656 -0.188851 -0.390458 -0.443136 0.033572 0.027200 0.213349 0.251952 0.203306 0.318639 0.133607 0.478184 -0.462818 -0.402229 -0.218317 -0.238194 -0.120099 0.054125 0.381599 0.163704 0.185721 0.254635 0.263574 0.172954 -0.076902 0.036164 -0.038714 0.019577 0.207428 0.369211 -0.050083 0.080153 0.028292 -0.127939 0.195810 0.161723 -0.061475 -0.050720 0.395899 0.153996 -0.054273 0.044108 -0.202203 0.003422 -0.238816 -0.041084 0.277017 -0.069475 -0.022290 -0.099638 -0.117589 0.115142 0.031966 -0.064150 -0.011176 -0.079209 -0.095456 0.020357 -0.087905 0.220882 0.212985 0.163273
0.041550 -0.208812 0.105723 -0.171622 0.184680 0.244363 0.419691 0.154022 0.466618 0.301682 0.273102 0.437497 0.642554 0.510673 1.000000 0.433214 -0.019812 0.171092 0.155294 0.205252 0.031395 0.081506 0.070400 0.303732 -0.101010 0.081016 0.067772 0.060168 0.422614 0.199011 0.287322 0.309106 -0.266989 -0.078002 0.117388 0.372899 0.122768 -0.004557 0.296937 -0.078314 0.199532 -0.037857 -0.346064 -0.333014 -0.432708 -0.287873 -0.416219 -0.426574 -0.318623 -0.299720 -0.415065 -0.461218 -0.056514 -0.340949 -0.058944 -0.327869 -0.383064 -0.459306 0.152534 -0.276420 0.322130 0.118734 -0.035765 -0.011973 0.448970 0.316505 -0.238087 -0.145767 -0.398266 0.049679 0.019774 0.078801 0.068948 -0.206404 -0.182132 0.134881 0.105095 0.246346 -0.168963 0.073389 -0.176571 -0.131774 0.419474 0.321517 0.001399 -0.132750 0.144160 -0.178942 0.364632 0.119505 0.202496 0.093420 0.401955 0.233915 -0.029365 -0.061566 -0.271660 -0.018847 -0.293355 0.014043 0.042656 -0.043934 -0.287842 0.081119 -0.002008 0.288483 -0.017892 -0.038752 -0.086820 -0.223345 0.029702 0.176596 0.045864 0.330096 0.145667 0.049392
0.028315 0.124577 -0.184307 -0.195620 -0.013734 -0.002223 0.177627 0.476501 0.004658 0.705424 0.009739 0.428831 0.309306 0.581035 0.433214 1.000000 0.031279 0.200907 0.157397 0.331323 -0.107010 0.172667 -0.290901 -0.036860 -0.359702 -0.004342 -0.074073 -0.253881 0.582545 0.497853 0.100119 0.145119 0.077118 0.208581 -0.330031 -0.059971 0.040214 -0.072511 -0.061850 -0.163326 -0.033914 0.057489 -0.213382 -0.302342 -0.328583 -0.476135 -0.185276 -0.415409 -0.432080 -0.203389 -0.236697 -0.050699 -0.068076 0.042055 -0.145060 -0.131092 -0.167413 -0.190319 -0.138789 -0.142220 0.169021 0.554270 0.029063 0.290021 0.117849 0.251347 -0.239329 -0.516729 -0.090017 -0.027205 -0.029304 0.050640 0.416737 0.216003 -0.045008 0.147505 -0.047201 -0.062097 -0.069110 0.240033 0.076582 0.109886 0.112132 0.373767 0.029377 0.079104 -0.186801 -0.303136 0.113667 0.173198 -0.079153 -0.158100 0.234389 -0.059707 -0.237860 -0.124158 -0.353334 -0.159486 -0.142211 -0.112867 0.128657 -0.219233 -0.095523 -0.100882 0.052147 0.177661 -0.020194 0.032075 0.027156 -0.209089 -0.306223 -0.089195 -0.140256 0.312874 0.227098 0.237414
0.347300 0.516365 -0.286094 -0.075708 -0.016656 -0.061163 -0.141022 -0.090470 -0.104261 -0.074953 -0.124787 0.103005 0.228471 0.230102 -0.019812 0.031279 1.000000 0.558304 -0.053352 0.226391 0.193755 -0.032615 -0.413452 -0.406884 -0.341472 -0.393358 -0.087367 -0.304942 0.252011 0.386098 -0.168957 -0.214659 0.427775 0.397587 -0.493038 -0.414820 0.121592 -0.077890 0.141636 -0.022027 -0.020550 0.042893 -0.237269 -0.222826 -0.179922 -0.351319 -0.129650 -0.157764 -0.456411 -0.151860 -0.134915 -0.378490 0.347937 0.164415 0.356881 -0.030687 0.214913 0.180238 0.124765 0.191082 0.288885 0.279576 0.773355 0.631377 -0.119842 -0.059431 -0.109124 -0.478101 0.220332 -0.178475 -0.077209 0.061255 0.431908 -0.110727 -0.027543 -0.090820 -0.006892 -0.191802 0.548076 0.094413 0.626659 0.532140 -0.094625 0.116827 0.158575 0.088995 -0.074657 -0.112030 -0.143183 0.073470 -0.377376 -0.381251 -0.366979 -0.484672 -0.084742 0.126336 -0.139645 -0.113610 0.127575 -0.024766 -0.098888 -0.465140 -0.030237 -0.235100 -0.274725 -0.324396 -0.233662 0.003110 -0.064641 -0.006931 -0.376298 -0.105369 -0.015528 -0.236595 -0.073133 -0.129399
-0.164036 0.175294 -0.256424 -0.193203 0.001924 0.035942 -0.078811 0.195757 0.033169 0.091971 -0.216107 0.067026 0.156765 0.416869 0.171092 0.200907 0.558304 1.000000 -0.301436 0.265907 0.021595 -0.047476 -0.202886 -0.157183 -0.234317 -0.174389 -0.037962 -0.327375 0.247959 0.533997 -0.016406 0.059412 0.140605 0.321566 -0.264349 -0.040884 0.120585 -0.093954 0.072084 -0.111266 0.240208 0.073061 -0.404731 -0.313522 -0.093375 -0.139290 -0.137774 -0.242964 -0.424538 -0.052552 -0.147003 -0.259656 0.205095 -0.104454 0.140324 -0.144178 -0.103750 0.009722 -0.077299 0.145210 0.095899 0.265161 0.435686 0.557069 -0.116204 0.134901 -0.123188 -0.338603 -0.114692 -0.235217 -0.229603 0.059241 0.375629 -0.077124 -0.126831 0.129302 -0.143540 -0.184696 0.580672 0.196602 0.507654 0.558231 0.090942 0.181809 0.171953 -0.032081 -0.063715 -0.251408 0.021115 -0.074821 -0.166999 -0.307165 -0.095415 -0.245323 -0.098518 -0.002165 -0.174220 -0.256406 0.099745 0.015450 -0.144471 -0.499297 0.119017 -0.206123 -0.183233 -0.135367 -0.212474 -0.186581 -0.067531 -0.247610 -0.318884 0.057979 -0.072695 0.080262 0.105029 -0.143809
0.046888 0.024860 0.576273 0.302669 0.032555 -0.045618 0.438881 0.044410 0.007841 0.078339 0.273896 0.273735 0.369951 0.131845 0.155294 0.157397 -0.053352 -0.301436 1.000000 0.274833 -0.054250 -0.078987 0.333372 0.263725 -0.140339 0.264037 0.075352 -0.059236 0.175232 -0.241323 0.235896 0.088613 -0.120457 -0.113997 0.078914 -0.257166 -0.174180 -0.143510 -0.190418 -0.299451 -0.335982 -0.241137 -0.001879 -0.011864 -0.259467 -0.315944 -0.183272 -0.262251 0.010347 -0.220916 0.028516 0.179009 0.039696 -0.014155 -0.175148 -0.091560 -0.312945 -0.361325 0.075017 -0.239036 0.239445 -0.077199 -0.161517 -0.074929 0.621445 0.254514 -0.058838 0.000669 -0.005354 -0.075984 0.288655 0.138037 -0.034277 0.177471 0.085990 -0.056556 0.038453 0.014713 -0.520388 -0.083516 -0.335330 -0.338847 0.194642 0.057813 0.217260 0.342759 0.017954 -0.050106 0.349725 0.314477 0.027521 0.068155 0.192838 0.167418 -0.091329 -0.236742 0.022939 -0.153339 -0.388242 -0.252689 0.016793 0.094537 -0.335020 -0.123683 -0.206069 -0.069742 -0.104801 0.010908 -0.133145 -0.115890 -0.109200 -0.350240 0.001650 -0.012902 0.041431 -0.091310
-0.258197 0.189341 -0.174281 0.067010 0.124375 -0.266552 0.169472 0.226177 -0.038564 0.158008 -0.064426 0.416306 0.135978 0.307585 0.205252 0.331323 0.226391 0.265907 0.274833 1.000000 -0.178632 -0.060958 -0.237983 -0.040861 -0.536163 -0.074648 -0.359995 -0.401079 0.622436 0.503838 0.118029 0.110895 0.044583 0.402319 -0.311793 -0.113648 0.011914 -0.259231 -0.256700 -0.377167 -0.022478 0.085711 -0.454171 -0.451254 -0.067219 -0.160423 -0.434979 -0.511010 -0.408962 0.110922 -0.300097 -0.102265 -0.133811 -0.152566 -0.310665 -0.425271 -0.324694 -0.166910 -0.406999 -0.183841 -0.112159 0.169825 0.045914 0.136911 0.132019 0.020285 -0.479124 -0.444794 -0.345877 -0.206890 -0.075428 0.159014 0.463964 0.269468 0.125907 0.269537 0.039395 -0.004559 0.135854 -0.011659 0.204361 0.391674 0.156186 0.435203 0.000902 0.225554 -0.140559 -0.061341 0.142461 0.168760 0.273593 0.153130 0.279115 0.023255 -0.319470 -0.378235 -0.652260 -0.174998 -0.128580 -0.139103 0.118428 -0.145909 -0.075225 -0.033687 0.005238 0.041392 -0.145207 -0.029162 -0.252615 -0.175588 -0.234613 0.059114 0.215792 0.141283 -0.094809 -0.138502
0.173737 0.063607 0.107182 -0.106279 0.441124 0.490160 0.082447 -0.291542 0.181892 -0.103071 0.038326 -0.354061 0.167540 -0.306516 0.031395 -0.107010 0.193755 0.021595 -0.054250 -0.178632 1.000000 0.489135 0.013423 -0.017445 0.225923 -0.081136 0.467052 0.470664 -0.224464 -0.070906 0.175634 0.131908 0.084484 0.029735 0.141259 0.014592 -0.024240 0.015852 0.284074 0.133636 -0.113322 -0.047071 -0.040260 -0.071146 0.016477 -0.049068 -0.045590 -0.056119 0.009527 -0.059445 0.156130 -0.098631 0.094390 0.171685 -0.049060 -0.129804 0.182158 0.108896 0.125577 -0.035621 0.146627 -0.125500 0.220524 0.085024 -0.036925 -0.178262 0.294092 0.166992 0.108821 0.054557 0.359828 0.129060 -0.070057 -0.130483 -0.154142 0.047330 0.045886 0.074207 0.037694 0.006074 0.051096 0.077247 -0.117593 -0.351878 -0.007605 -0.235168 0.251713 -0.121341 -0.186009 -0.242774 -0.009670 0.029859 -0.225378 -0.020678 -0.017649 0.058961 0.123565 -0.228014 -0.008839 0.037133 -0.201526 -0.205812 0.132195 -0.073351 0.051428 -0.027820 -0.086390 -0.078607 0.044256 0.039245 0.037187 -0.092119 0.041854 0.086408 0.279072 0.172902
-0.032159 0.018631 0.008106 -0.033003 0.264678 0.234612 -0.126755 -0.106901 0.058629 -0.098772 -0.224968 -0.178723 -0.098870 0.004366 0.081506 0.172667 -0.032615 -0.047476 -0.078987 -0.060958 0.489135 1.000000 0.004145 0.137048 0.178288 0.120211 0.516936 0.459034 -0.090532 -0.128350 -0.053240 0.122925 -0.136630 -0.175043 -0.017974 0.019128 -0.028947 0.035321 0.116407 0.031103 -0.095859 -0.072431 -0.059568 -0.084789 -0.091414 -0.000106 -0.097385 -0.096609 -0.038076 -0.115615 -0.173773 0.018012 0.138239 0.070643 -0.140842 -0.057478 0.035590 -0.073722 0.065528 0.094665 0.083533 0.003225 0.029123 0.014789 -0.074061 -0.037856 0.160248 0.082603 0.161079 0.115360 0.250522 0.359637 -0.121782 -0.241609 -0.202326 0.000898 -0.170630 0.006541 -0.066715 -0.068040 -0.024566 -0.038814 0.003328 -0.079270 -0.092070 -0.141698 0.226378 -0.133830 -0.020169 -0.150484 0.121995 0.091479 0.095170 0.054979 -0.063279 -0.112649 -0.154680 0.001930 -0.239138 -0.113062 -0.008813 -0.275789 0.019977 -0.132071 0.179897 0.211158 0.130866 0.019785 0.017545 0.111780 0.126908 -0.178007 -0.123113 0.028705 0.121086 0.257544
-0.173378 -0.356344 0.559674 0.490620 -0.105728 0.098444 0.289812 -0.150753 0.066045 -0.290045 0.415782 0.064494 0.207383 -0.056675 0.070400 -0.290901 -0.413452 -0.202886 0.333372 -0.237983 0.013423 0.004145 1.000000 0.661278 0.448606 0.417776 0.265828 0.521824 -0.315085 -0.472815 0.333478 0.334780 -0.316126 -0.380351 0.562698 0.194082 -0.083425 0.064245 0.058219 0.018328 0.017200 -0.087467 0.033583 0.098006 -0.104048 0.118595 -0.064914 -0.059542 0.313045 -0.149943 0.160891 0.091916 -0.073831 -0.350969 -0.094457 -0.079487 -0.286686 -0.378737 -0.028002 -0.275240 -0.088177 -0.522852 -0.366864 -0.350151 0.397516 0.272455 0.017634 0.481996 -0.197296 -0.173749 0.272852 0.048681 -0.443756 0.018740 0.134914 0.016520 0.123328 0.209332 -0.514762 -0.176915 -0.556313 -0.510720 0.307036 -0.089661 0.282441 0.256306 0.451322 0.435469 0.428150 0.182224 0.085572 0.140793 0.263379 0.489675 0.105534 -0.067861 0.285147 -0.045915 -0.271052 -0.119732 -0.051945 0.246158 -0.191658 -0.083708 -0.161261 0.047117 0.027389 -0.143551 0.089377 -0.197829 0.265273 -0.094129 -0.015528 -0.026976 0.074839 -0.033824
-0.316976 -0.555654 0.428557 0.477767 -0.183941 0.322236 0.244390 0.052821 0.076977 -0.085031 0.163546 0.251409 0.117510 0.121600 0.303732 -0.036860 -0.406884 -0.157183 0.263725 -0.040861 -0.017445 0.137048 0.661278 1.000000 0.276410 0.537980 0.230454 0.462223 -0.150789 -0.325873 0.228702 0.429064 -0.437491 -0.347625 0.423538 0.379065 0.035174 0.036804 0.229321 0.011745 0.165193 -0.021287 -0.139249 -0.075978 -0.217350 0.060630 -0.337124 -0.142918 0.023412 -0.224407 -0.323478 -0.104374 -0.300494 -0.447200 -0.197852 -0.146919 -0.432092 -0.596763 -0.094445 -0.352763 -0.170635 -0.368858 -0.386074 -0.477976 0.371514 0.325762 -0.142840 0.383134 -0.349904 0.019106 0.261140 0.145794 -0.251169 0.020426 0.120833 0.052641 0.134711 0.383688 -0.464978 -0.275895 -0.463145 -0.457838 0.317809 0.030399 0.039524 0.053383 0.391814 0.254398 0.536307 0.210869 0.375604 0.363360 0.553833 0.563817 0.138635 -0.108422 -0.004427 0.116643 -0.456719 -0.093600 -0.066125 0.238622 -0.116239 0.028620 -0.065999 0.321725 0.014011 -0.092661 -0.056212 -0.014719 0.440470 0.038828 0.094129 0.236598 0.042057 0.022776
0.085219 -0.095503 0.199705 0.175724 -0.122559 0.327882 -0.099481 -0.221183 -0.093180 -0.249784 0.226668 -0.143811 -0.113149 -0.252935 -0.101010 -0.359702 -0.341472 -0.234317 -0.140339 -0.536163 0.225923 0.178288 0.448606 0.276410 1.000000 0.499101 0.258343 0.581540 -0.342147 -0.325615 0.238145 0.346312 -0.111841 -0.245439 0.537212 0.366836 -0.005400 0.115295 0.166446 0.330224 0.112687 0.016080 0.235034 0.272324 0.088242 0.256205 0.097200 0.172379 0.249521 -0.017283 0.197659 0.008606 -0.118061 -0.190411 0.114798 0.106375 0.205317 -0.035910 0.004596 -0.027620 -0.230052 -0.292074 -0.156572 -0.294784 0.049733 0.099055 0.181789 0.463808 0.197132 0.007343 0.288071 -0.051192 -0.357311 -0.087057 0.058177 0.060809 0.132747 0.228264 -0.135701 -0.040507 -0.397979 -0.398680 -0.081912 -0.274750 0.035070 -0.090994 0.276268 0.118646 -0.014450 -0.174902 -0.246741 -0.059565 -0.021414 0.207771 0.297683 0.186631 0.442966 0.202295 -0.149489 -0.083621 -0.044617 0.082167 -0.123562 -0.080318 0.054230 0.007993 0.095407 -0.155422 0.357966 0.075150 0.300681 -0.095998 -0.192385 0.074416 0.294329 0.045756
-0.346816 -0.351145 0.290618 0.422033 -0.120074 0.226336 0.097076 0.165614 -0.095549 0.026417 0.062326 0.174264 -0.020623 0.051502 0.081016 -0.004342 -0.393358 -0.174389 0.264037 -0.074648 -0.081136 0.120211 0.417776 0.537980 0.499101 1.000000 0.187006 0.388931 0.055008 -0.167381 0.369269 0.555333 -0.261866 -0.233856 0.364970 0.228152 0.008182 -0.078902 -0.121649 -0.027637 0.191586 0.119935 -0.008019 0.042941 -0.193626 0.021382 -0.148875 -0.110637 -0.003868 -0.123924 -0.114226 0.066604 -0.123705 -0.288145 -0.263108 -0.136202 -0.329474 -0.468168 -0.106339 -0.121091 -0.268253 -0.285644 -0.326490 -0.326411 0.282907 0.235975 -0.098172 0.187813 -0.101465 -0.087585 0.311330 0.068387 0.011524 0.305740 0.268862 0.187447 0.198030 0.359225 -0.323744 -0.098441 -0.501202 -0.416758 0.083015 -0.041433 0.033570 0.132053 0.168780 0.041559 0.281941 0.170207 -0.016242 0.062980 0.364259 0.341082 0.203785 0.059461 0.104407 0.153929 -0.434862 -0.185633 0.074241 0.061907 -0.189090 -0.062998 -0.062025 0.194724 -0.030893 -0.191390 0.235719 -0.096812 0.148102 -0.207130 0.020478 0.242998 0.070320 0.101640
-0.079287 -0.159465 0.367862 0.103600 0.202150 0.552197 -0.027553 -0.245688 0.151217 -0.190030 -0.028599 -0.113635 0.002980 -0.033361 0.067772 -0.074073 -0.087367 -0.037962 0.075352 -0.359995 0.467052 0.516936 0.265828 0.230454 0.258343 0.187006 1.000000 0.493006 -0.360264 -0.343621 0.051669 0.108395 -0.175588 -0.294627 0.212315 -0.027301 -0.079502 0.094328 0.160532 0.139189 0.017939 -0.151938 0.031596 -0.018546 -0.176013 -0.144495 0.057190 0.032248 0.226919 -0.325834 0.002240 0.029885 0.297734 0.093606 0.036012 -0.007980 0.022269 -0.034614 0.274030 -0.011601 0.213240 -0.208835 -0.051926 -0.075688 0.130808 0.047401 0.301960 0.357310 0.130476 0.063183 0.176337 0.004268 -0.275215 -0.325890 -0.215964 -0.131937 -0.008641 0.007724 -0.151728 -0.081446 -0.183054 -0.178872 0.163255 -0.104213 0.031464 -0.075485 0.298605 0.036126 0.149690 -0.175478 0.034376 -0.074239 -0.027933 0.206341 0.209359 0.181809 0.248978 -0.064760 -0.221012 -0.226704 -0.042624 0.005820 0.085110 -0.147972 -0.009872 0.115677 0.012438 -0.275073 0.235159 0.148544 0.073257 -0.224955 -0.076644 0.016707 0.142647 0.155895
-0.033079 -0.186257 0.178832 0.245315 0.136938 0.395560 -0.019071 -0.267735 0.120735 -0.338031 0.178572 -0.073584 -0.049759 -0.153015 0.060168 -0.253881 -0.304942 -0.327375 -0.059236 -0.401079 0.470664 0.459034 0.521824 0.462223 0.581540 0.388931 0.493006 1.000000 -0.379753 -0.363075 0.238733 0.271261 -0.178936 -0.442140 0.572577 0.368069 -0.073751 0.112439 0.271506 0.234932 0.079430 0.127513 0.006497 0.024751 -0.006452 0.176804 -0.103362 0.028545 0.250524 -0.058514 0.045570 -0.050760 -0.150738 -0.209224 -0.135252 -0.135259 -0.041959 -0.254851 -0.000104 -0.156710 -0.175051 -0.479688 -0.271376 -0.451219 0.040634 0.035811 0.040726 0.449885 -0.015770 0.009193 0.374871 0.131403 -0.359165 -0.031264 0.120527 0.095135 0.274113 0.445077 -0.339321 -0.203819 -0.427359 -0.407576 0.070777 -0.257147 0.055863 -0.080037 0.570978 0.260180 0.152433 -0.206508 0.124197 0.223181 0.195685 0.462148 0.247826 0.131169 0.256202 0.260846 -0.221144 0.004765 -0.084424 0.234917 -0.034867 0.000868 0.182891 0.262595 0.260440 0.018874 0.185747 0.086900 0.454046 -0.013458 0.020121 0.184763 0.201172 0.293071
-0.019061 0.213317 -0.350369 -0.107488 -0.074000 -0.189026 0.112799 0.195372 -0.124679 0.300522 0.044704 0.535884 0.312988 0.429020 0.422614 0.582545 0.252011 0.247959 0.175232 0.622436 -0.224464 -0.090532 -0.315085 -0.150789 -0.342147 0.055008 -0.360264 -0.379753 1.000000 0.612721 0.174676 0.148452 0.167509 0.370676 -0.359179 -0.017062 0.239659 -0.126285 -0.061501 -0.058206 0.226529 0.182870 -0.371434 -0.381744 -0.268516 -0.410553 -0.367244 -0.556626 -0.602368 -0.020024 -0.283637 -0.269987 -0.124810 -0.093623 -0.022475 -0.247772 -0.186329 -0.163547 -0.249858 -0.102061 -0.042031 0.344612 0.145219 0.259097 0.163132 0.088701 -0.328467 -0.652198 -0.203745 -0.254997 -0.218542 -0.070254 0.581879 0.186061 0.083924 0.102479 0.003143 -0.043652 0.181995 0.389932 0.272100 0.325108 0.267259 0.626281 0.128379 0.289670 -0.205764 -0.100760 0.095289 0.253950 -0.190126 -0.211377 0.131151 -0.173979 -0.059117 -0.106801 -0.557915 -0.026402 -0.233610 -0.244769 0.048331 -0.251914 -0.379707 -0.117433 -0.110202 0.092756 -0.030078 -0.037735 -0.009707 -0.246745 -0.428029 -0.005646 -0.044623 0.119401 0.059919 0.140007
-0.194707 0.195672 -0.468076 -0.076211 0.047523 -0.184648 0.035792 0.397152 -0.136259 0.401259 -0.199745 0.303184 0.192063 0.357608 0.199011 0.497853 0.386098 0.533997 -0.241323 0.503838 -0.070906 -0.128350 -0.472815 -0.325873 -0.325615 -0.167381 -0.343621 -0.363075 0.612721 1.000000 0.317793 0.281024 0.418722 0.591137 -0.412614 0.087204 0.280963 0.048613 -0.049437 0.210640 0.353734 0.384311 -0.548546 -0.507750 -0.014735 -0.235270 -0.232904 -0.412644 -0.585422 0.071653 -0.139001 -0.319974 -0.072568 0.023765 -0.077187 -0.287785 -0.142483 -0.037989 -0.468425 -0.191005 -0.226313 0.367884 0.415823 0.420287 -0.155288 -0.075944 -0.456213 -0.612268 -0.370952 -0.363256 -0.306902 -0.126967 0.783770 0.298828 0.155195 0.366664 0.135639 0.063947 0.477469 0.212080 0.471021 0.662416 -0.005369 0.504716 0.000567 0.016364 -0.256240 -0.189674 -0.188776 -0.087555 -0.150116 -0.272547 -0.002824 -0.259818 -0.210743 0.026577 -0.519343 -0.127229 0.224699 -0.025707 0.098487 -0.363505 0.060509 -0.064980 0.118945 -0.062921 -0.202527 -0.105581 -0.056208 -0.185361 -0.399689 0.220056 0.039439 0.148410 0.143431 0.076889
-0.340185 -0.233893 0.241120 0.268582 0.219266 0.229904 0.573506 0.298601 0.183793 0.258535 0.063589 0.152518 0.353930 0.067672 0.287322 0.100119 -0.168957 -0.016406 0.235896 0.118029 0.175634 -0.053240 0.333478 0.228702 0.238145 0.369269 0.051669 0.238733 0.174676 0.317793 1.000000 0.729982 0.015797 0.155760 0.232552 0.244384 0.194409 0.064901 0.052499 0.326734 0.231458 0.317800 -0.364941 -0.384152 -0.093011 -0.118860 -0.311911 -0.469825 -0.212981 -0.106945 0.034721 -0.203523 -0.079352 -0.181184 -0.252568 -0.279628 -0.415945 -0.424359 -0.364578 -0.523838 -0.183871 -0.209717 -0.073668 -0.089323 0.425146 0.095983 -0.282492 -0.004506 -0.465096 -0.391200 0.268650 0.067833 0.248174 0.285842 0.233807 0.349016 0.320678 0.388564 -0.233389 -0.083834 -0.318669 -0.081713 0.196003 0.303225 0.033144 0.020890 0.122743 0.008224 0.155685 -0.074451 0.011852 0.026748 0.208135 0.244491 -0.003025 0.085425 -0.067179 -0.026261 -0.103520 -0.040483 0.001475 -0.057865 -0.144990 -0.004732 0.048713 0.023202 -0.008963 -0.139551 0.022900 -0.158538 0.027120 0.172649 0.173277 0.244713 0.206733 0.056594
-0.380164 -0.423931 0.238605 0.287807 0.074489 0.167061 0.441111 0.322657 0.132016 0.222377 0.002754 0.212843 0.268788 0.159336 0.309106 0.145119 -0.214659 0.059412 0.088613 0.110895 0.131908 0.122925 0.334780 0.429064 0.346312 0.555333 0.108395 0.271261 0.148452 0.281024 0.729982 1.000000 -0.014601 0.164107 0.196285 0.369573 0.269892 0.097805 0.142059 0.360491 0.453590 0.389697 -0.412550 -0.362200 -0.219411 -0.082009 -0.405616 -0.420937 -0.329630 -0.209085 -0.318510 -0.312915 -0.218790 -0.359001 -0.366722 -0.345008 -0.355890 -0.496147 -0.349984 -0.442541 -0.195930 -0.162962 -0.137963 -0.119169 0.355702 0.137223 -0.321584 0.002047 -0.394751 -0.210080 0.261717 0.057861 0.226974 0.261401 0.208080 0.426638 0.285064 0.483636 -0.162356 -0.194747 -0.317925 -0.126925 0.245117 0.265863 -0.034623 -0.039582 0.225231 0.089001 0.286474 0.035484 0.039329 0.032125 0.332366 0.255320 0.191861 0.182432 -0.072300 0.063142 -0.321338 -0.075672 0.126483 -0.114411 -0.101305 0.079395 0.000391 0.225551 -0.028927 -0.283626 0.131922 -0.095700 0.148650 0.139510 0.140508 0.240164 0.214249 0.067497
0.249989 0.477530 -0.434421 0.020024 -0.202686 -0.293473 -0.147389 -0.060644 -0.289472 0.055061 -0.062979 0.105910 -0.029837 0.030503 -0.266989 0.077118 0.427775 0.140605 -0.120457 0.044583 0.084484 -0.136630 -0.316126 -0.437491 -0.111841 -0.261866 -0.175588 -0.178936 0.167509 0.418722 0.015797 -0.014601 1.000000 0.647801 -0.311333 -0.192111 0.307314 0.151387 0.012017 0.222312 0.203521 0.334470 -0.051448 -0.050188 0.160012 -0.117677 0.185820 0.075661 -0.241264 0.126951 0.070312 -0.034464 0.000996 0.232912 -0.037158 0.105309 0.224180 0.294687 -0.128968 0.116492 -0.098380 0.196806 0.470864 0.387615 -0.298161 -0.230033 -0.043672 -0.402120 0.148847 -0.266139 -0.049009 -0.271017 0.424614 0.340505 0.257384 0.095437 0.190522 -0.084093 0.315679 0.061826 0.416227 0.417672 -0.173040 0.039159 0.065740 0.123549 -0.381632 -0.025833 -0.367596 -0.127135 -0.463877 -0.430175 -0.403545 -0.461691 -0.195391 0.053697 -0.044826 -0.216804 0.260004 -0.074031 -0.112769 -0.202509 0.003962 -0.259140 -0.121893 -0.406688 -0.286500 -0.050274 0.044895 -0.251295 -0.404996 -0.036679 -0.258426 -0.164872 0.119083 0.037358
0.074212 0.380603 -0.414371 -0.002197 -0.130716 -0.188469 0.105287 0.173684 -0.237410 0.280955 -0.153300 0.152950 0.049827 0.134168 -0.078002 0.208581 0.397587 0.321566 -0.113997 0.402319 0.029735 -0.175043 -0.380351 -0.347625 -0.245439 -0.233856 -0.294627 -0.442140 0.370676 0.591137 0.155760 0.164107 0.647801 1.000000 -0.390074 -0.117599 0.376879 0.024314 0.108316 0.170765 0.241699 0.323518 -0.288257 -0.304978 0.138142 -0.104905 -0.085982 -0.213065 -0.464530 0.122355 -0.062771 -0.243431 0.003467 0.082359 -0.093300 -0.051946 -0.020448 0.156438 -0.347398 -0.068562 -0.063673 0.426580 0.483400 0.535388 -0.060033 -0.087324 -0.252832 -0.425907 -0.180757 -0.373792 -0.205775 -0.212999 0.620921 0.222866 0.110899 0.154792 0.017088 -0.119715 0.324592 -0.043006 0.361434 0.537754 -0.079872 0.313268 -0.053530 0.107516 -0.425114 0.009013 -0.193390 0.160087 -0.290051 -0.354370 -0.275480 -0.392237 -0.208588 -0.055195 -0.228247 -0.324397 0.137762 -0.208313 -0.051587 -0.284676 -0.081718 -0.249959 -0.152402 -0.307002 -0.409479 -0.160495 -0.011980 -0.219465 -0.392571 -0.027736 -0.094649 -0.058147 -0.066927 -0.048172
0.007943 -0.289533 0.346834 0.138365 0.087440 0.335185 0.197152 -0.049548 0.244844 -0.288694 0.335243 -0.058400 0.008716 -0.117302 0.117388 -0.330031 -0.493038 -0.264349 0.078914 -0.311793 0.141259 -0.017974 0.562698 0.423538 0.537212 0.364970 0.212315 0.572577 -0.359179 -0.412614 0.232552 0.196285 -0.311333 -0.390074 1.000000 0.539606 -0.172374 0.063448 0.150940 0.103494 0.028940 -0.036171 0.115822 0.140233 0.091497 0.299357 -0.051627 0.071582 0.287547 -0.042504 0.158992 0.081498 -0.169756 -0.391168 -0.054764 -0.031048 -0.088574 -0.213786 0.010901 -0.273413 -0.105222 -0.527046 -0.486532 -0.594788 0.252943 0.265966 0.027898 0.607308 -0.071270 -0.001191 0.195468 -0.022018 -0.474730 -0.012123 0.064017 0.040512 0.209268 0.322059 -0.377262 0.037986 -0.570101 -0.442048 -0.044075 -0.406094 -0.035977 -0.095433 0.341464 0.083560 0.214802 -0.190419 0.084177 0.343110 0.284988 0.596968 0.078876 -0.026716 0.428322 0.106307 -0.121827 0.129248 -0.180951 0.355533 -0.058170 0.024878 0.119001 0.155831 0.043357 -0.032132 0.052937 -0.034748 0.516498 0.085915 0.135981 0.270215 0.217561 0.117191
-0.161323 -0.308277 -0.020141 0.027416 0.030194 0.286177 0.231705 0.075093 0.285000 -0.092021 0.114661 0.035504 0.103585 0.066339 0.372899 -0.059971 -0.414820 -0.040884 -0.257166 -0.113648 0.014592 0.019128 0.194082 0.379065 0.366836 0.228152 -0.027301 0.368069 -0.017062 0.087204 0.244384 0.369573 -0.192111 -0.117599 0.539606 1.000000 0.090817 0.202236 0.164818 0.272255 0.369979 0.260648 -0.210795 -0.133332 0.055476 0.349778 -0.309799 -0.118649 -0.065057 0.015171 -0.173557 -0.200617 -0.351744 -0.468960 -0.181050 -0.280967 -0.330737 -0.395600 -0.058448 -0.186387 -0.152401 -0.276020 -0.279592 -0.346773 0.161063 0.147262 -0.115917 0.374226 -0.386423 -0.070250 0.064418 0.017039 0.021701 0.023841 0.248308 0.310991 0.237367 0.405330 -0.086283 -0.072085 -0.370544 -0.128187 -0.116941 -0.077263 -0.264622 -0.261945 0.099664 -0.123932 0.001448 -0.199061 0.227335 0.269929 0.463422 0.513030 -0.017945 -0.032360 -0.004331 0.137486 -0.139097 0.190616 0.028340 0.204114 -0.014808 0.127763 0.268351 0.240308 0.017090 -0.144580 -0.107041 -0.029590 0.510434 0.398634 0.233813 0.259169 0.319701 0.007581
