1.000000 0.556231 0.209055 -0.335196 0.256475 -0.277337 0.266126 -0.031109 0.291644 0.035931 0.487429 0.246636 0.580018 0.405720 0.121511 -0.367462 0.284728 0.197873 0.520957 -0.177348 -0.266484 -0.410592 -0.211377 -0.454278 -0.553263 -0.600680 -0.194112 -0.411431 0.177785 -0.154407 -0.365232 -0.549628 0.066427 -0.129358 -0.090122 -0.172144 -0.167740 -0.312884 -0.095064 -0.121538 -0.178666 -0.133885 -0.243765 -0.211084 -0.316312 -0.477661 -0.271904 -0.234574 0.179127 -0.200396 0.087819 -0.031400 0.486260 -0.080008 0.005264 -0.136162 0.249897 -0.017934 0.597632 -0.081888 0.594204 0.429314 0.299950 0.219717 0.091508 0.303030 -0.147485 -0.443653 0.241405 0.000911 -0.156533 0.065645 -0.007008 -0.098132 0.155600 0.074855 0.081796 -0.058206 0.028335 0.067881 -0.060679 -0.113907 -0.173505 -0.165094 -0.086482 -0.173639 -0.165147 -0.151544 0.059512 -0.015827 0.011529 0.358684 0.170568 0.130842 0.011304 -0.069292 -0.105179 -0.171665 -0.066324 -0.062491 0.004221 0.133869 -0.090109 0.101465 0.020464 0.006865 0.053375 0.008003 -0.062275 -0.204739 -0.136618 -0.142909 -0.051605 0.021810 -0.070244 -0.104916
0.556231 1.000000 -0.181362 -0.420799 0.077493 -0.236816 0.064497 -0.099606 -0.000982 -0.045898 0.338026 0.150579 0.293822 0.099613 -0.094259 -0.278768 0.309761 0.287888 0.214349 0.157314 -0.308163 -0.349700 -0.370794 -0.438589 -0.368551 -0.456129 -0.204113 -0.286449 0.112657 0.169767 -0.333190 -0.430249 0.168379 0.169026 -0.071222 -0.119597 -0.109475 -0.249072 -0.107891 -0.046523 -0.047888 0.063008 -0.310429 -0.391779 -0.190006 -0.333064 -0.322608 -0.307357 -0.083229 -0.163224 -0.203723 -0.052101 0.505957 -0.113000 0.115585 -0.160003 0.332497 0.478421 0.393703 0.196000 0.321933 0.407985 0.490520 0.467411 -0.224823 0.100670 -0.045747 -0.327206 0.350864 0.234784 -0.264758 -0.313457 0.149593 -0.027610 0.095385 0.017537 -0.221114 -0.122906 0.037060 0.041210 0.225810 0.182624 -0.223835 -0.089248 -0.029964 -0.115984 -0.189988 -0.235704 -0.128186 -0.122615 0.064294 0.131197 0.023724 -0.069705 -0.049858 0.055042 -0.178290 -0.110121 0.239216 0.068588 -0.118816 0.077802 0.071787 -0.003584 0.082321 0.079601 0.166608 0.120486 -0.018887 0.057517 -0.238539 0.127978 0.042935 -0.109498 0.018313 -0.108809
0.209055 -0.181362 1.000000 0.387658 0.323412 0.079053 0.766643 0.528558 0.319892 -0.020779 -0.079861 -0.044012 0.113840 0.291818 0.250833 -0.005532 -0.244975 -0.173106 0.460510 -0.342200 0.190847 -0.113646 0.486291 0.273604 -0.161963 0.035396 0.246746 0.083812 -0.066471 -0.206737 -0.028285 -0.045990 -0.072767 -0.172225 0.088192 -0.033587 -0.304147 -0.301148 -0.158693 -0.198071 -0.131381 -0.253792 -0.173495 -0.078040 -0.229602 -0.195308 -0.131534 -0.231172 0.215752 -0.054799 0.163697 -0.120819 -0.042050 -0.117190 0.007009 -0.166083 -0.520806 -0.599700 0.091184 -0.299287 0.303233 0.011986 -0.246086 -0.277289 0.543036 0.217890 -0.110451 -0.093104 -0.298536 -0.391961 0.024625 0.211617 -0.209791 -0.171533 -0.145740 0.021405 -0.069594 -0.213187 -0.248401 -0.000832 -0.519153 -0.413802 0.239202 0.016492 -0.196227 0.053001 0.023824 0.093666 0.177780 0.313849 0.004261 0.135210 0.156415 0.154777 0.001094 -0.234819 -0.035467 -0.159577 -0.386892 -0.349979 -0.144145 0.167867 0.050539 -0.147935 -0.075270 -0.261663 -0.301985 -0.271752 -0.224056 -0.123885 -0.170032 -0.124924 -0.082982 -0.057873 -0.298638 -0.158222
-0.335196 -0.420799 0.387658 1.000000 0.147160 0.381569 0.140701 0.221125 -0.160207 -0.247934 -0.525280 -0.158769 -0.363011 -0.081532 0.082015 0.015507 -0.437163 -0.358643 0.023143 -0.143451 0.256105 0.252176 0.712281 0.701866 0.156321 0.454081 0.428458 0.512475 -0.380868 -0.278819 0.204169 0.425309 -0.099880 -0.217917 0.049953 -0.114442 -0.064796 0.027872 0.061045 0.093870 -0.018235 -0.087185 0.120307 0.161756 -0.153133 0.091990 0.202951 0.117623 0.022918 -0.141920 0.174084 0.071885 -0.396284 -0.077136 -0.050190 0.256593 -0.269356 -0.381182 -0.367289 -0.197441 -0.216915 -0.363870 -0.522837 -0.558241 0.410037 0.032573 0.029235 0.256248 -0.309870 -0.248473 0.179337 0.384283 -0.418488 -0.144386 -0.210988 -0.219689 -0.165581 -0.021283 -0.204338 -0.200961 -0.529421 -0.438712 0.287888 0.147389 -0.337548 0.183843 0.056983 0.211975 0.037712 0.603624 -0.122860 -0.157115 -0.048657 -0.039723 -0.033294 -0.077478 0.242217 -0.036708 -0.257202 -0.281248 -0.056811 -0.007088 0.040502 -0.157178 -0.141000 -0.358780 -0.350942 -0.209034 -0.217387 0.088209 -0.038436 -0.134771 -0.219569 -0.009852 -0.327305 -0.095277
0.256475 0.077493 0.323412 0.147160 1.000000 0.561777 0.192346 0.129556 0.371630 0.282874 -0.145931 -0.141128 0.072929 0.274745 0.353950 -0.015601 -0.125534 -0.154170 0.331209 -0.206396 0.046431 0.051522 0.211498 -0.004043 -0.021938 -0.023895 0.532221 0.251507 -0.174380 -0.119240 -0.176712 -0.175433 -0.100781 -0.206616 -0.090711 -0.046372 -0.147411 -0.261124 -0.226349 -0.169481 -0.145731 -0.165858 -0.015488 0.038576 -0.125792 -0.096225 -0.006158 -0.170099 0.176868 0.028644 0.118996 0.100978 0.191587 0.033671 0.120575 -0.201232 -0.055767 -0.293225 0.300175 -0.118648 0.379733 0.193379 -0.337125 -0.286500 0.229006 0.218323 -0.203702 -0.256133 -0.034343 -0.199121 -0.031773 0.181126 -0.269653 -0.114016 -0.045419 0.184366 0.130185 -0.197509 -0.196478 -0.063125 -0.353940 -0.268692 0.214692 0.158175 -0.118228 0.266952 0.172225 -0.077591 0.328896 0.420615 0.133871 0.313406 0.288401 0.214797 -0.308713 -0.274487 -0.178399 -0.288604 -0.084169 -0.164306 0.081844 0.111610 0.016342 -0.248076 -0.253361 -0.294148 -0.205831 -0.254154 -0.356085 -0.059833 -0.117163 -0.108884 0.087931 -0.014611 -0.142241 -0.154447
-0.277337 -0.236816 0.079053 0.381569 0.561777 1.000000 -0.013594 0.201051 -0.017871 0.193671 -0.471305 -0.378212 -0.438949 -0.145396 0.055074 0.141828 -0.297209 -0.270970 -0.092843 0.019169 0.216905 0.313799 0.293511 0.329019 0.354045 0.430880 0.804294 0.650545 -0.347338 -0.102505 0.097583 0.267066 -0.017146 -0.081240 -0.128752 -0.087142 -0.055935 0.034199 -0.280954 -0.108642 -0.055802 -0.047399 0.187047 0.228683 0.058321 0.185345 0.181185 0.072177 0.069964 0.169211 0.000523 0.115977 -0.251927 0.091296 0.177637 -0.055186 0.059578 -0.097668 -0.134898 0.012924 -0.157371 -0.113433 -0.528267 -0.407028 0.031523 -0.018229 -0.052592 0.120695 -0.031110 -0.091526 0.025524 0.231946 -0.334197 -0.133924 -0.214056 0.035037 -0.007511 -0.061070 -0.157904 -0.202878 -0.325768 -0.227920 0.275127 0.133734 -0.030941 0.291671 0.308922 0.039892 0.264897 0.370464 -0.024382 -0.090956 0.011420 -0.057760 -0.370867 -0.211613 -0.080928 -0.260777 -0.082507 -0.089165 0.075100 0.120870 0.156940 -0.304812 -0.227426 -0.307292 -0.057185 -0.134688 -0.224657 0.006323 0.037159 -0.120890 -0.003574 -0.015751 -0.189827 -0.088307
0.266126 0.064497 0.766643 0.140701 0.192346 -0.013594 1.000000 0.637924 0.165837 -0.066959 0.010170 -0.005164 0.176975 0.116767 0.146118 0.116888 -0.267714 -0.109603 0.182873 -0.033491 0.064763 -0.209300 0.312502 0.267161 -0.311016 -0.166656 0.123544 -0.134974 -0.063787 -0.152756 -0.068336 -0.020916 -0.034965 0.102283 0.093412 -0.071104 -0.335502 -0.426976 -0.388929 -0.163372 -0.150691 -0.159507 -0.254232 -0.243959 -0.155860 -0.206954 -0.306348 -0.211702 0.087404 -0.001279 -0.009680 -0.290432 0.049356 -0.037663 0.091300 -0.270136 -0.464290 -0.335997 -0.111264 -0.281320 0.107568 -0.026954 0.045374 0.011672 0.352306 -0.067338 -0.207402 -0.046290 -0.133235 -0.221177 -0.167550 0.032498 -0.144184 -0.082059 -0.145878 -0.010919 -0.190981 -0.242556 -0.268432 0.042884 -0.313330 -0.222823 0.302770 0.074270 0.038520 0.018895 0.083942 0.201576 0.176719 0.177995 0.148159 0.159941 0.112409 0.259837 -0.043933 -0.136469 -0.162574 -0.000303 -0.166307 -0.078456 -0.238781 0.127258 0.162550 -0.222752 0.022701 -0.158443 -0.163482 -0.249208 -0.153117 -0.136332 -0.116601 0.150019 0.052017 -0.086121 -0.240539 -0.080148
-0.031109 -0.099606 0.528558 0.221125 0.129556 0.201051 0.637924 1.000000 0.206240 0.364009 -0.215501 -0.072142 0.053864 0.308257 -0.128764 0.042272 -0.422596 -0.176630 -0.092202 -0.201590 0.074439 -0.163486 0.035126 0.077756 -0.127492 -0.092836 0.116351 -0.142540 -0.406750 -0.248242 -0.195459 -0.109528 -0.046414 0.058795 0.058152 0.141381 -0.212080 -0.190125 -0.549656 -0.216006 -0.211766 -0.140723 -0.167443 -0.139021 -0.100666 0.074108 -0.142613 -0.039729 0.025462 0.092659 -0.060220 -0.120609 -0.008631 -0.037987 0.162203 -0.332812 -0.246387 -0.323482 0.000843 0.006787 0.121878 0.313984 -0.156359 0.125946 0.221774 0.336605 -0.143772 0.127369 -0.167601 -0.266677 -0.168185 -0.033057 -0.259793 -0.119875 -0.211823 0.009421 -0.213977 -0.126123 -0.363939 -0.225124 -0.318258 -0.363753 0.031841 -0.019559 0.032092 0.005500 0.098415 0.257347 0.212848 0.047828 0.396466 0.136711 0.383341 0.143161 -0.283268 -0.124794 -0.219361 -0.076462 -0.193929 -0.041547 -0.189683 0.082990 0.360559 -0.199338 -0.049461 -0.185994 0.067333 -0.047926 -0.114463 -0.081769 -0.038876 -0.093440 0.034566 -0.020639 -0.181282 -0.086891
0.291644 -0.000982 0.319892 -0.160207 0.371630 -0.017871 0.165837 0.206240 1.000000 0.669007 0.038552 -0.022418 0.380541 0.570049 0.439995 0.021074 -0.075259 0.041251 0.505349 -0.201712 0.062725 -0.205617 -0.186290 -0.381959 -0.128373 -0.246689 -0.168549 -0.275491 0.000847 -0.125010 -0.121996 -0.401118 -0.156739 -0.193431 0.009558 0.172248 -0.061621 -0.088138 -0.028266 -0.157263 -0.156262 -0.192821 -0.126037 -0.044341 -0.159990 -0.146627 -0.129886 -0.021468 0.131772 -0.070782 0.198649 0.121350 0.238126 0.065778 -0.172122 -0.326710 -0.165549 -0.269373 0.448277 -0.033219 0.578789 0.427404 -0.100497 -0.053282 0.368778 0.396222 -0.198530 -0.251842 -0.012838 -0.128376 -0.082908 -0.015979 -0.086162 -0.000592 -0.018142 0.481301 0.330036 -0.102381 -0.153892 -0.109182 -0.173846 -0.248396 -0.047321 0.018585 0.115510 -0.022447 0.153228 -0.166047 0.390159 -0.118563 0.214254 0.480892 0.406818 0.285815 -0.080765 -0.181467 -0.407900 -0.169835 -0.206975 -0.221969 0.221514 -0.158853 -0.149710 0.022204 -0.047737 -0.159162 -0.096061 -0.096276 -0.010628 -0.287162 -0.186198 -0.110289 -0.063216 0.151102 -0.118934 -0.039054
0.035931 -0.045898 -0.020779 -0.247934 0.282874 0.193671 -0.066959 0.364009 0.669007 1.000000 -0.017648 -0.100425 0.262552 0.564711 0.217666 0.037978 -0.077925 0.145788 0.149474 -0.151716 0.082228 -0.152384 -0.305775 -0.403678 0.047386 -0.118553 -0.040319 -0.141952 -0.234314 -0.169705 -0.259034 -0.352595 -0.190877 -0.027916 -0.067584 0.413868 -0.039823 0.006143 -0.172954 -0.133571 -0.128187 -0.103625 -0.115693 -0.029361 -0.030533 0.082210 -0.053452 0.107943 -0.018575 0.085898 -0.059874 0.090115 0.210382 0.103101 -0.011529 -0.417646 0.037177 -0.082710 0.377806 0.084775 0.443536 0.573794 -0.156953 0.142792 0.133369 0.473786 -0.241072 -0.145434 0.094116 -0.021361 -0.182550 -0.115929 -0.178889 -0.105109 -0.150611 0.292181 0.203157 -0.000766 -0.157273 -0.220513 0.072853 -0.062942 -0.151411 0.065917 0.207965 -0.104700 0.153369 0.000087 0.369888 -0.300681 0.282802 0.247115 0.319167 0.075697 -0.295416 -0.130070 -0.365409 -0.153551 -0.195440 -0.118757 0.165816 -0.192484 -0.068482 -0.078721 -0.093290 -0.076965 0.041003 0.118229 0.031233 -0.218874 -0.028572 -0.254388 -0.072661 0.133832 0.072456 0.046837
0.487429 0.338026 -0.079861 -0.525280 -0.145931 -0.471305 0.010170 -0.215501 0.038552 -0.017648 1.000000 0.392604 0.732886 0.194757 -0.125272 -0.119449 0.534760 0.306527 0.153969 -0.077020 -0.109075 -0.103969 -0.421728 -0.525614 -0.189866 -0.290874 -0.462871 -0.376463 0.490039 0.274622 -0.144452 -0.284453 0.277345 0.116975 -0.040051 -0.013911 0.161995 0.052717 0.127051 0.092277 0.142242 0.199210 -0.144396 -0.186360 -0.009787 -0.296559 -0.183225 -0.374341 0.013351 -0.140476 -0.048476 -0.108733 0.421291 0.032069 0.119155 -0.082837 0.161213 0.091517 0.306650 -0.116904 0.218178 0.199888 0.589278 0.477660 -0.272180 -0.040522 -0.053420 -0.408149 0.042393 0.126024 0.017544 -0.093571 0.480527 0.327147 0.402051 0.227223 0.324263 0.117392 0.274116 0.475141 0.384806 0.293841 -0.404924 -0.193453 0.069903 0.002363 -0.258104 -0.028671 -0.362777 -0.384955 -0.266202 0.013960 0.004627 -0.035561 0.197319 0.113603 -0.016588 0.050398 -0.137262 -0.045299 0.098080 0.130857 -0.090897 0.207364 0.003406 0.256034 0.003362 0.015568 0.223409 -0.000491 -0.125963 -0.092560 -0.036145 0.133368 0.228297 0.009189
0.246636 0.150579 -0.044012 -0.158769 -0.141128 -0.378212 -0.005164 -0.072142 -0.022418 -0.100425 0.392604 1.000000 0.359749 0.288266 0.020440 0.132144 0.255953 0.270335 0.060963 0.028566 -0.163403 0.012695 -0.170190 -0.174535 -0.108350 -0.118462 -0.339622 -0.269670 0.433404 0.236137 0.170824 0.078863 0.236284 0.153595 -0.224873 -0.215877 0.174751 0.121719 0.091732 -0.071077 0.179086 0.061729 -0.053367 -0.066076 -0.055898 -0.232441 -0.111863 -0.295036 -0.087801 -0.200922 -0.199750 -0.159340 0.109003 -0.085814 0.045465 0.120608 -0.020603 -0.196594 0.018236 -0.242877 0.174506 0.058942 0.239683 0.164077 -0.057081 0.063712 -0.241796 -0.307368 -0.123809 -0.110896 0.320347 0.132501 0.351965 0.203075 0.363647 0.104121 0.242381 0.255263 0.266848 0.335543 0.087589 0.090844 -0.150377 0.178322 -0.235833 -0.016172 -0.232498 -0.051968 -0.348187 -0.120910 -0.208141 -0.136040 0.116590 -0.136465 0.123469 -0.052141 0.056650 -0.078096 -0.162822 -0.058466 0.223788 0.034501 -0.059202 0.075381 -0.012242 0.057844 0.007686 -0.000952 0.085889 -0.052502 -0.186688 -0.123302 -0.008569 -0.090787 0.233933 0.027432
0.580018 0.293822 0.113840 -0.363011 0.072929 -0.438949 0.176975 0.053864 0.380541 0.262552 0.732886 0.359749 1.000000 0.552159 0.117383 -0.173305 0.398517 0.329317 0.288716 -0.262109 -0.140544 -0.279603 -0.326860 -0.550609 -0.319530 -0.422699 -0.425432 -0.509592 0.191519 -0.004703 -0.208236 -0.436986 0.161014 0.119578 -0.002075 0.065544 0.012386 -0.137356 0.092109 0.106596 0.004487 0.124679 -0.361760 -0.335969 -0.292600 -0.355737 -0.314100 -0.323385 -0.042389 -0.333431 -0.004303 -0.165133 0.392481 -0.072066 -0.034605 -0.204138 0.170285 -0.001521 0.486442 -0.077168 0.566171 0.483464 0.471238 0.445988 0.054077 0.323794 -0.179502 -0.435392 0.120474 0.085244 -0.056728 -0.053990 0.198086 0.152578 0.270524 0.247824 0.341929 0.133395 0.161212 0.245478 0.183456 0.078374 -0.395306 -0.220921 0.027871 -0.212256 -0.139979 0.000287 -0.070334 -0.208376 -0.044862 0.251426 0.182203 0.099031 0.187349 0.024370 -0.070678 0.025161 -0.226174 -0.110216 0.188571 -0.012562 -0.076152 0.117767 -0.021254 0.110018 -0.076870 -0.016969 0.163509 -0.192428 -0.144632 -0.173095 -0.113632 0.139528 0.038896 0.074762
0.405720 0.099613 0.291818 -0.081532 0.274745 -0.145396 0.116767 0.308257 0.570049 0.564711 0.194757 0.288266 0.552159 1.000000 0.290872 -0.162857 -0.011360 0.131764 0.368525 -0.509372 -0.043354 -0.263017 -0.218318 -0.429633 -0.365208 -0.365562 -0.207081 -0.293216 -0.168436 -0.211869 -0.406322 -0.520180 -0.121854 -0.153272 -0.121384 0.212825 -0.196485 -0.226853 -0.087784 -0.167059 -0.212204 -0.288896 -0.177089 -0.052523 -0.229307 -0.148468 -0.158986 -0.100519 0.285235 -0.101437 0.177407 0.110348 0.375545 -0.103280 -0.072311 -0.280266 -0.060076 -0.366762 0.584738 -0.055137 0.704833 0.647177 -0.033323 0.091235 0.253649 0.729470 -0.242763 -0.265270 -0.072930 -0.279945 -0.095172 0.051028 -0.197211 -0.291832 -0.102061 0.243114 0.145851 -0.054921 -0.214676 -0.162919 -0.200527 -0.250898 -0.188510 -0.016637 -0.071058 -0.099600 0.034470 0.059828 0.251094 0.016043 0.226290 0.350983 0.508165 0.081734 -0.074470 -0.177548 -0.093674 -0.191390 -0.262521 -0.163909 0.225591 -0.173325 0.019919 -0.053590 -0.051043 -0.153292 -0.126937 0.013912 0.007796 -0.252777 -0.122855 -0.262924 0.002848 0.178002 0.017219 0.082157
0.121511 -0.094259 0.250833 0.082015 0.353950 0.055074 0.146118 -0.128764 0.439995 0.217666 -0.125272 0.020440 0.117383 0.290872 1.000000 0.387867 -0.007015 0.099010 0.499851 0.058550 0.062072 -0.151638 0.296643 0.124007 -0.212936 -0.101948 0.155746 0.080916 0.112792 -0.078164 0.041962 -0.066044 -0.202407 -0.134863 -0.303899 -0.124345 -0.185170 -0.129020 0.053872 -0.061791 -0.048425 -0.286439 -0.122361 -0.018259 -0.292208 -0.440609 -0.169782 -0.015130 0.080352 -0.136455 0.156091 0.044269 0.093635 0.097293 -0.139761 -0.172594 -0.174621 -0.132881 0.099886 -0.176690 0.388396 0.048548 -0.129132 -0.272909 0.341430 -0.001660 -0.418254 -0.380217 0.067506 -0.059112 0.022402 0.202681 -0.183956 -0.100911 -0.076760 0.235592 0.204796 -0.039384 -0.055848 0.033172 -0.098563 -0.060391 0.607138 0.341289 0.170781 -0.100930 0.464083 0.088075 0.487673 0.163579 0.065790 0.207918 0.136491 0.156025 -0.107636 -0.269596 -0.217498 -0.228903 -0.135503 -0.212080 0.276168 -0.204843 -0.310221 -0.074369 0.117224 -0.176214 -0.244156 -0.012950 -0.204979 -0.332785 -0.184922 -0.083036 -0.076686 0.093601 -0.024139 -0.074590
-0.367462 -0.278768 -0.005532 0.015507 -0.015601 0.141828 0.116888 0.042272 0.021074 0.037978 -0.119449 0.132144 -0.173305 -0.162857 0.387867 1.000000 -0.007580 0.057075 -0.050672 0.422004 0.073561 0.101779 0.106093 0.281358 0.251845 0.264719 0.116664 0.103611 0.269328 0.380789 0.487495 0.421507 -0.062091 0.183654 -0.312528 -0.139011 0.015600 0.111364 -0.183795 -0.061014 0.173972 -0.011560 -0.027244 0.025556 0.116441 -0.056916 -0.157831 -0.072632 -0.039538 0.096139 -0.019515 -0.119149 -0.227204 0.077840 0.051934 -0.110854 -0.265896 -0.002039 -0.396674 -0.051780 -0.273932 -0.283982 -0.020990 -0.060791 -0.023493 -0.487525 -0.223293 -0.009641 -0.055944 0.065939 0.213519 0.031460 0.191495 0.085826 -0.103560 0.011225 0.036567 0.111667 -0.042902 0.221327 0.088798 0.136516 0.547543 0.532382 0.192135 0.023994 0.476446 0.347881 0.123958 -0.056698 -0.024606 -0.202074 -0.067960 -0.022671 -0.273378 -0.241752 -0.284553 -0.174996 -0.121521 -0.191960 0.105501 -0.137224 0.030174 0.038853 0.220789 0.081769 0.140520 0.131670 -0.053644 -0.235287 -0.035694 -0.029786 0.125286 -0.083285 0.225553 -0.135858
0.284728 0.309761 -0.244975 -0.437163 -0.125534 -0.297209 -0.267714 -0.422596 -0.075259 -0.077925 0.534760 0.255953 0.398517 -0.011360 -0.007015 -0.007580 1.000000 0.586614 0.157703 0.064104 -0.211737 -0.131310 -0.375034 -0.503095 -0.025055 -0.177067 -0.287041 -0.237752 0.515142 0.364163 0.018109 -0.207634 0.367642 0.316278 -0.279888 -0.153813 0.224011 0.175919 0.154210 0.055199 0.194611 0.218523 -0.298902 -0.231596 -0.081702 -0.275273 -0.152838 -0.298300 -0.243921 -0.200849 -0.279429 -0.124959 0.187436 -0.097752 0.116340 -0.016880 0.494985 0.376364 0.288052 0.045132 0.252664 0.226718 0.437800 0.420016 -0.340169 -0.032539 0.012688 -0.409304 0.285626 0.313623 -0.070152 -0.114650 0.536272 0.183070 0.231953 -0.018956 0.284596 0.242244 0.533915 0.469707 0.563487 0.549480 -0.226618 -0.118824 -0.100718 -0.141163 -0.032169 -0.148778 -0.202576 -0.339495 -0.273455 -0.191805 -0.244165 -0.358150 0.196560 0.037001 0.055082 -0.059787 0.057020 0.124525 0.214828 0.034454 -0.038347 0.081251 0.038125 0.178364 0.011237 0.027431 0.180197 0.049444 -0.098584 -0.031237 -0.025934 -0.161679 0.057169 -0.021197
0.197873 0.287888 -0.173106 -0.358643 -0.154170 -0.270970 -0.109603 -0.176630 0.041251 0.145788 0.306527 0.270335 0.329317 0.131764 0.099010 0.057075 0.586614 1.000000 0.199092 0.161276 -0.149745 -0.257849 -0.235378 -0.358876 0.010859 -0.100870 -0.257187 -0.222190 0.366045 0.368158 0.076524 -0.090889 0.245440 0.324856 -0.191559 -0.079307 0.049830 -0.015715 0.013774 -0.054202 0.150181 0.055788 -0.391329 -0.252297 -0.073607 -0.234473 -0.247530 -0.278675 -0.266396 -0.189393 -0.420352 -0.272399 -0.008221 -0.114220 -0.053830 -0.198244 0.173564 0.381767 0.150287 -0.143629 0.256732 0.238704 0.341884 0.444567 0.083730 0.110012 -0.241943 -0.370762 0.214730 0.190010 0.019093 -0.052071 0.431496 0.139906 0.183327 0.041172 0.204505 0.288954 0.450641 0.324601 0.508050 0.537146 -0.141751 0.106264 0.053105 -0.185475 -0.023872 -0.177996 -0.099491 -0.405489 -0.304165 -0.302518 -0.288645 -0.401438 0.076085 -0.105490 -0.071681 -0.148124 -0.122181 -0.122993 0.092814 -0.080314 -0.182101 0.030111 -0.037272 0.079548 0.054511 0.148976 0.092309 -0.257476 -0.131218 -0.183063 -0.255701 -0.175726 0.056187 -0.097091
0.520957 0.214349 0.460510 0.023143 0.331209 -0.092843 0.182873 -0.092202 0.505349 0.149474 0.153969 0.060963 0.288716 0.368525 0.499851 -0.050672 0.157703 0.199092 1.000000 -0.032606 -0.018042 -0.286540 0.166892 -0.192745 -0.222250 -0.200288 -0.008157 -0.034135 0.251748 0.031334 0.012667 -0.280630 -0.068566 -0.157638 -0.066197 0.024671 -0.068403 -0.137317 0.133292 -0.177466 0.004460 -0.149899 -0.230362 -0.137983 -0.373458 -0.473033 -0.188077 -0.200586 -0.000639 -0.268017 0.037749 -0.037130 0.218061 -0.103107 -0.126516 -0.161820 -0.157522 -0.220283 0.397568 -0.262716 0.574764 0.226672 0.004973 -0.056736 0.470412 0.196135 -0.250525 -0.452130 0.084313 -0.038646 -0.009926 0.114474 0.005843 -0.036359 0.070519 0.112411 0.131638 -0.060650 -0.031592 0.063819 -0.150376 -0.122524 0.168106 0.199554 -0.129035 -0.125205 0.053558 -0.231473 0.218780 0.044343 -0.104314 0.258562 0.056772 -0.000273 -0.097502 -0.190279 -0.225113 -0.331164 -0.353113 -0.500422 0.129432 -0.022232 -0.243091 0.048325 0.006795 -0.140032 -0.154877 0.014289 -0.190637 -0.129706 -0.201117 -0.347048 -0.251128 0.074556 -0.113509 -0.207389
-0.177348 0.157314 -0.342200 -0.143451 -0.206396 0.019169 -0.033491 -0.201590 -0.201712 -0.151716 -0.077020 0.028566 -0.262109 -0.509372 0.058550 0.422004 0.064104 0.161276 -0.032606 1.000000 -0.237109 0.008520 0.029513 0.223502 0.125539 0.062923 0.019146 0.084967 0.338325 0.419374 0.525248 0.497132 0.077255 0.487972 -0.083195 -0.113411 0.089965 0.150167 -0.009102 0.086191 0.380476 0.241108 -0.119284 -0.175904 -0.004898 -0.122442 -0.353924 0.108594 -0.468530 -0.204048 -0.396664 -0.396955 -0.270917 -0.130722 -0.129384 -0.108213 -0.062583 0.401387 -0.555857 -0.106689 -0.532734 -0.430746 0.255348 0.202278 -0.180075 -0.652303 -0.197112 0.080892 0.285156 0.424887 -0.029268 -0.142292 0.289818 0.209500 0.086813 -0.040967 -0.047178 0.211583 0.085570 0.103909 0.416796 0.400032 0.370942 0.549581 0.247797 -0.137686 0.048457 -0.054131 0.023398 -0.261472 -0.065748 -0.225807 -0.380931 -0.149126 -0.207615 0.092369 -0.188947 0.137337 0.070944 -0.029325 0.023086 -0.157325 -0.047741 0.089911 0.231401 0.275215 0.171049 0.271639 0.042232 0.128253 0.160165 0.105415 0.036803 0.001307 0.208258 -0.112150
-0.266484 -0.308163 0.190847 0.256105 0.046431 0.216905 0.064763 0.074439 0.062725 0.082228 -0.109075 -0.163403 -0.140544 -0.043354 0.062072 0.073561 -0.211737 -0.149745 -0.018042 -0.237109 1.000000 0.393986 0.269116 0.267270 0.299332 0.449867 0.202145 0.339896 -0.055232 -0.154569 0.076436 0.147168 -0.008800 -0.217686 0.099662 0.046769 0.074889 0.160093 -0.108895 -0.040730 -0.114601 0.000677 0.293790 0.348608 0.354739 0.297269 0.343732 -0.026636 0.264517 0.329636 0.162898 0.241408 -0.159289 0.238789 0.131437 0.000184 -0.203595 -0.279230 -0.142059 -0.118655 -0.097314 -0.215307 -0.391796 -0.401439 0.113874 -0.063847 0.087969 0.118172 -0.257139 -0.264704 0.262869 0.204079 -0.032699 0.230621 0.046998 0.093913 0.033546 0.133835 0.061118 0.032158 -0.232191 -0.161520 0.068700 -0.135280 -0.035772 0.340872 0.083345 0.056046 -0.098705 0.074614 -0.223690 -0.269082 -0.079387 -0.060466 -0.054940 -0.189580 -0.074544 -0.164016 -0.179347 -0.204573 0.038187 0.183140 0.135587 -0.122688 -0.292784 -0.244426 -0.217491 -0.300774 -0.037502 -0.131879 -0.160645 -0.068048 -0.094413 -0.157108 -0.316247 -0.075567
-0.410592 -0.349700 -0.113646 0.252176 0.051522 0.313799 -0.209300 -0.163486 -0.205617 -0.152384 -0.103969 0.012695 -0.279603 -0.263017 -0.151638 0.101779 -0.131310 -0.257849 -0.286540 0.008520 0.393986 1.000000 0.236279 0.364737 0.482326 0.556510 0.295572 0.539068 -0.007024 0.083161 0.231773 0.452269 0.017105 0.012617 -0.032191 -0.042978 0.291612 0.292766 0.115097 0.068193 0.190460 0.175954 0.388663 0.325871 0.270867 0.335869 0.301533 0.040721 0.004737 0.136463 0.027938 0.006937 -0.360917 0.032619 -0.052761 0.129841 -0.134468 -0.230461 -0.398128 -0.178962 -0.395210 -0.393054 -0.351550 -0.331214 -0.054445 -0.180956 0.062892 0.208176 -0.303270 -0.107249 0.225875 0.137771 0.096165 0.276882 0.117879 0.055706 0.092461 0.073598 0.149606 0.185866 -0.055354 0.054172 0.059535 0.116278 0.074754 0.504477 -0.012453 -0.025942 -0.093048 0.134542 -0.240284 -0.310075 -0.173230 -0.155817 -0.044661 -0.032635 0.181742 -0.005584 -0.072759 -0.042555 0.001505 0.007447 -0.089165 -0.161546 -0.253486 -0.171814 -0.243890 -0.281744 0.073794 0.169286 0.091105 -0.054123 0.042866 -0.070668 -0.186239 -0.046362
-0.211377 -0.370794 0.486291 0.712281 0.211498 0.293511 0.312502 0.035126 -0.186290 -0.305775 -0.421728 -0.170190 -0.326860 -0.218318 0.296643 0.106093 -0.375034 -0.235378 0.166892 0.029513 0.269116 0.236279 1.000000 0.831387 0.164930 0.484167 0.513365 0.609828 -0.130453 -0.263348 0.276778 0.471660 -0.236182 -0.142189 0.079925 -0.103786 -0.139236 -0.091219 0.156516 0.155779 0.148195 -0.016102 0.052912 0.101356 -0.190011 -0.065464 0.073843 0.077793 -0.104818 -0.100062 0.004438 -0.164221 -0.417342 0.027967 0.019891 0.165014 -0.421232 -0.291800 -0.437324 -0.394177 -0.192547 -0.530725 -0.513228 -0.585480 0.556147 -0.202572 -0.188301 0.055556 -0.234367 -0.092404 0.182023 0.276402 -0.349467 -0.160463 -0.151467 -0.310889 -0.218015 -0.110330 -0.032775 -0.011682 -0.359738 -0.159324 0.433030 0.253798 -0.258643 0.042974 -0.039082 0.170271 0.058722 0.516604 -0.246188 -0.169342 -0.264064 0.047815 0.053399 -0.078769 0.224118 0.014476 -0.213765 -0.323495 -0.135233 0.043098 -0.186933 -0.172758 -0.162861 -0.308472 -0.373011 -0.269783 -0.237870 -0.006196 -0.009936 -0.091119 -0.171883 -0.115981 -0.314578 -0.132058
-0.454278 -0.438589 0.273604 0.701866 -0.004043 0.329019 0.267161 0.077756 -0.381959 -0.403678 -0.525614 -0.174535 -0.550609 -0.429633 0.124007 0.281358 -0.503095 -0.358876 -0.192745 0.223502 0.267270 0.364737 0.831387 1.000000 0.221744 0.582913 0.470429 0.591367 -0.197218 -0.163039 0.331288 0.703858 -0.174368 -0.044450 0.109149 -0.100217 -0.128477 -0.011444 0.051905 0.145232 0.129731 -0.053737 0.183704 0.161040 -0.008562 0.122908 0.121625 0.221883 -0.073043 -0.039864 0.001841 -0.186747 -0.580829 -0.021859 -0.018255 0.195618 -0.467379 -0.274488 -0.703916 -0.291902 -0.546154 -0.706690 -0.464539 -0.545423 0.339304 -0.398082 -0.030994 0.366428 -0.269637 -0.114877 0.256252 0.251947 -0.341853 -0.139890 -0.257725 -0.319708 -0.289030 -0.066179 -0.136607 -0.085382 -0.346495 -0.191896 0.544883 0.343479 -0.052440 0.188362 0.103340 0.335860 0.063774 0.507996 -0.201516 -0.343460 -0.333071 -0.020035 -0.028220 -0.018707 0.263942 0.104110 -0.162473 -0.142940 -0.172605 0.022544 -0.058509 -0.172884 -0.063411 -0.204915 -0.260322 -0.178023 -0.169654 0.052405 0.143009 0.058754 -0.056810 -0.103572 -0.215683 -0.092872
-0.553263 -0.368551 -0.161963 0.156321 -0.021938 0.354045 -0.311016 -0.127492 -0.128373 0.047386 -0.189866 -0.108350 -0.319530 -0.365208 -0.212936 0.251845 -0.025055 0.010859 -0.222250 0.125539 0.299332 0.482326 0.164930 0.221744 1.000000 0.801519 0.228833 0.472407 0.088211 0.264506 0.529891 0.544936 0.138745 0.049578 0.096358 0.033743 0.379893 0.311704 0.136874 -0.023109 0.341322 0.214874 0.259586 0.279267 0.430603 0.481080 0.306862 -0.064892 -0.195217 0.173122 -0.086888 0.033860 -0.540735 0.090541 -0.008429 0.036713 -0.067996 -0.004395 -0.337279 -0.121588 -0.367715 -0.319265 -0.353953 -0.218651 0.049056 -0.185162 0.157936 0.163895 -0.231553 -0.055360 0.331234 -0.008785 0.268303 0.320808 0.148482 0.097141 0.187356 0.142289 0.285002 0.166672 0.066511 0.105035 -0.032186 0.084716 0.066965 0.260425 0.036588 -0.104200 -0.229623 -0.118956 -0.442466 -0.466947 -0.299267 -0.159507 -0.112797 -0.240600 -0.013308 -0.165450 -0.174593 -0.183379 0.101539 0.144543 -0.104266 -0.048758 -0.269001 -0.100053 -0.091019 -0.164749 0.080856 0.044098 -0.113091 -0.123667 -0.135708 0.008845 -0.078195 -0.174528
-0.600680 -0.456129 0.035396 0.454081 -0.023895 0.430880 -0.166656 -0.092836 -0.246689 -0.118553 -0.290874 -0.118462 -0.422699 -0.365562 -0.101948 0.264719 -0.177067 -0.100870 -0.200288 0.062923 0.449867 0.556510 0.484167 0.582913 0.801519 1.000000 0.391531 0.716232 0.052221 0.157414 0.491293 0.713880 0.120522 0.014457 0.098824 0.048780 0.246616 0.241514 0.219345 0.083491 0.271466 0.148473 0.344498 0.366601 0.291320 0.411526 0.337224 0.035039 -0.138990 0.033260 -0.050236 -0.057460 -0.646629 -0.012132 -0.014678 0.117513 -0.261075 -0.189095 -0.503456 -0.281868 -0.460997 -0.536172 -0.500648 -0.472365 0.173791 -0.239604 0.110126 0.245217 -0.360268 -0.204039 0.443330 0.162787 0.081524 0.163298 0.035787 -0.019536 0.051698 0.159385 0.215639 0.030823 -0.099854 -0.001258 0.164135 0.167560 -0.022852 0.351984 0.090515 0.111542 -0.204933 0.122859 -0.548312 -0.587087 -0.397973 -0.239402 -0.037601 -0.158868 0.220269 -0.084394 -0.288849 -0.251702 0.029320 0.204674 -0.085515 -0.145310 -0.327508 -0.244838 -0.254909 -0.271777 -0.009665 0.050308 -0.035099 -0.107328 -0.161572 -0.069332 -0.199537 -0.189919
-0.194112 -0.204113 0.246746 0.428458 0.532221 0.804294 0.123544 0.116351 -0.168549 -0.040319 -0.462871 -0.339622 -0.425432 -0.207081 0.155746 0.116664 -0.287041 -0.257187 -0.008157 0.019146 0.202145 0.295572 0.513365 0.470429 0.228833 0.391531 1.000000 0.739646 -0.331996 -0.191955 0.085152 0.240744 -0.096364 -0.103208 -0.177261 -0.153254 -0.197556 -0.012334 -0.170860 -0.098003 -0.035337 -0.077013 0.095061 0.179998 -0.124144 -0.002982 0.082315 0.011432 0.084030 0.006457 0.026489 -0.000084 -0.263194 -0.071279 0.133468 0.016276 -0.032249 -0.086915 -0.155190 0.001037 -0.144223 -0.193425 -0.498189 -0.458140 0.067326 -0.078624 -0.075862 0.102531 0.016601 -0.102407 0.065827 0.319028 -0.376826 -0.213384 -0.287844 -0.135122 -0.121530 -0.000298 -0.194838 -0.195303 -0.330858 -0.245692 0.399435 0.118354 -0.076489 0.139769 0.293544 0.070307 0.258539 0.452181 -0.042796 -0.129406 -0.127077 -0.117378 -0.325843 -0.166772 0.092565 -0.206072 -0.036470 -0.143339 -0.121675 0.106268 0.033466 -0.305640 -0.138457 -0.219541 -0.044435 -0.053068 -0.208960 0.000163 0.072198 -0.037898 0.020031 -0.100647 -0.081220 0.002672
-0.411431 -0.286449 0.083812 0.512475 0.251507 0.650545 -0.134974 -0.142540 -0.275491 -0.141952 -0.376463 -0.269670 -0.509592 -0.293216 0.080916 0.103611 -0.237752 -0.222190 -0.034135 0.084967 0.339896 0.539068 0.609828 0.591367 0.472407 0.716232 0.739646 1.000000 -0.127024 -0.058628 0.274127 0.489749 -0.061742 -0.090747 -0.053470 -0.074168 -0.021689 0.092376 0.181832 0.081589 0.144189 0.055584 0.259378 0.302110 0.008134 0.150548 0.234549 0.080738 -0.062417 -0.056153 -0.040185 -0.052580 -0.430821 -0.051221 0.045207 0.201141 -0.178593 -0.104000 -0.363926 -0.170179 -0.340551 -0.455782 -0.538438 -0.584772 0.116109 -0.176206 -0.026564 0.136050 -0.193329 -0.115726 0.284732 0.270703 -0.211288 -0.097456 -0.151561 -0.138834 -0.125452 0.039563 0.057128 -0.091293 -0.168673 -0.025453 0.274624 0.170921 -0.131457 0.241274 0.082197 0.074521 -0.039272 0.345839 -0.365383 -0.374260 -0.344659 -0.281877 -0.112290 -0.053897 0.254103 -0.098737 -0.103656 -0.186056 -0.031092 0.081200 -0.127317 -0.266213 -0.217335 -0.267459 -0.217331 -0.152345 -0.086933 0.114588 0.027693 -0.044700 -0.069436 -0.054709 -0.139832 -0.002357
0.177785 0.112657 -0.066471 -0.380868 -0.174380 -0.347338 -0.063787 -0.406750 0.000847 -0.234314 0.490039 0.433404 0.191519 -0.168436 0.112792 0.269328 0.515142 0.366045 0.251748 0.338325 -0.055232 -0.007024 -0.130453 -0.197218 0.088211 0.052221 -0.331996 -0.127024 1.000000 0.612258 0.425436 0.201239 0.366080 0.304128 -0.101662 -0.156873 0.321586 0.198003 0.227519 -0.010355 0.360774 0.236926 -0.116772 -0.067525 0.070225 -0.238860 -0.219268 -0.349166 -0.238383 -0.160465 -0.284115 -0.304344 -0.028746 -0.078005 0.058790 0.006691 -0.096624 0.023378 -0.082788 -0.361101 -0.032608 -0.247941 0.399794 0.194340 -0.146028 -0.396938 -0.141571 -0.372255 0.053303 0.095971 0.307063 0.057373 0.753212 0.410790 0.535462 0.195631 0.329475 0.249591 0.485764 0.450769 0.435453 0.446786 0.015843 0.257780 -0.016296 0.046361 -0.167732 -0.126876 -0.362888 -0.402552 -0.474722 -0.256619 -0.293266 -0.188669 0.168671 -0.025362 -0.095125 -0.034143 -0.172601 -0.165068 0.214883 0.159650 -0.118141 0.173140 0.017628 0.160956 0.012229 -0.013519 0.065657 -0.059120 -0.135636 -0.088200 -0.045736 -0.122333 0.129720 -0.233743
-0.154407 0.169767 -0.206737 -0.278819 -0.119240 -0.102505 -0.152756 -0.248242 -0.125010 -0.169705 0.274622 0.236137 -0.004703 -0.211869 -0.078164 0.380789 0.364163 0.368158 0.031334 0.419374 -0.154569 0.083161 -0.263348 -0.163039 0.264506 0.157414 -0.191955 -0.058628 0.612258 1.000000 0.400405 0.317630 0.358599 0.423940 -0.053857 -0.052016 0.222147 0.181038 0.111808 0.009402 0.403424 0.373360 -0.202688 -0.194933 0.213032 0.009055 -0.255693 -0.405107 -0.240682 -0.088403 -0.306289 -0.262660 -0.082009 -0.188664 -0.048758 -0.102080 -0.115424 0.159969 -0.218521 -0.177270 -0.235370 -0.180072 0.400109 0.351164 -0.233822 -0.318980 -0.094381 -0.123141 -0.054292 0.079984 0.195965 -0.119833 0.753132 0.408189 0.362912 0.161775 0.121103 0.051545 0.235436 0.333508 0.427825 0.500739 0.052881 0.372348 0.167403 0.264813 0.049064 -0.147825 -0.166517 -0.298292 -0.365125 -0.375737 -0.272559 -0.309430 0.012519 -0.075734 -0.220811 -0.051454 -0.206588 -0.230902 0.181743 0.017926 0.031460 0.040412 -0.053764 0.182203 0.056179 0.053471 0.066721 0.017201 -0.149031 -0.060068 -0.103562 -0.034608 0.275529 -0.265716
-0.365232 -0.333190 -0.028285 0.204169 -0.176712 0.097583 -0.068336 -0.195459 -0.121996 -0.259034 -0.144452 0.170824 -0.208236 -0.406322 0.041962 0.487495 0.018109 0.076524 0.012667 0.525248 0.076436 0.231773 0.276778 0.331288 0.529891 0.491293 0.085152 0.274127 0.425436 0.400405 1.000000 0.725413 0.166475 0.168822 -0.014436 -0.246045 0.179575 0.259431 0.174263 0.012882 0.341372 0.242861 0.049672 0.127042 0.178344 0.122189 -0.068770 -0.126330 -0.256716 -0.065429 -0.126101 -0.163944 -0.515730 -0.097522 -0.192000 0.222939 -0.218455 -0.034234 -0.521639 -0.205446 -0.463071 -0.506930 0.010998 -0.119942 0.154780 -0.478078 -0.052073 0.082792 -0.200390 -0.014303 0.386493 0.137999 0.362625 0.385539 0.289140 0.033472 0.188245 0.310060 0.190033 0.132597 0.017602 0.085941 0.238540 0.347158 -0.012680 -0.017520 -0.031939 -0.143071 -0.247765 -0.100420 -0.403108 -0.314181 -0.392315 -0.108829 0.020296 -0.150613 -0.101006 -0.027949 -0.216215 -0.270252 0.116157 -0.066692 -0.100024 -0.001273 -0.098279 -0.014021 -0.066011 -0.081890 0.117393 -0.033116 -0.117798 -0.079950 -0.102843 -0.051280 0.054862 -0.052678
-0.549628 -0.430249 -0.045990 0.425309 -0.175433 0.267066 -0.020916 -0.109528 -0.401118 -0.352595 -0.284453 0.078863 -0.436986 -0.520180 -0.066044 0.421507 -0.207634 -0.090889 -0.280630 0.497132 0.147168 0.452269 0.471660 0.703858 0.544936 0.713880 0.240744 0.489749 0.201239 0.317630 0.725413 1.000000 0.113749 0.296438 0.082357 -0.144685 0.195770 0.205612 0.140169 0.136078 0.452276 0.225114 0.152619 0.128158 0.194193 0.238483 0.033060 0.068874 -0.254443 -0.115826 -0.182937 -0.320822 -0.682451 -0.141219 -0.146382 0.139309 -0.377670 -0.144397 -0.778071 -0.380008 -0.681427 -0.740915 -0.199984 -0.290953 0.127152 -0.507647 -0.042971 0.294219 -0.272428 -0.045454 0.388112 0.187817 0.137679 0.223642 0.040483 -0.089771 0.005223 0.197019 0.108818 0.088335 -0.009684 0.087623 0.402824 0.484996 0.071735 0.204751 0.044112 0.073276 -0.126338 0.111815 -0.421713 -0.531248 -0.457886 -0.203905 -0.059824 -0.048802 0.194123 0.105456 -0.268860 -0.188712 0.071500 -0.008843 -0.037181 -0.074444 -0.075545 -0.056406 -0.211130 -0.090573 -0.012637 0.116464 0.093674 -0.044411 -0.090050 0.030094 -0.037356 -0.123225
0.066427 0.168379 -0.072767 -0.099880 -0.100781 -0.017146 -0.034965 -0.046414 -0.156739 -0.190877 0.277345 0.236284 0.161014 -0.121854 -0.202407 -0.062091 0.367642 0.245440 -0.068566 0.077255 -0.008800 0.017105 -0.236182 -0.174368 0.138745 0.120522 -0.096364 -0.061742 0.366080 0.358599 0.166475 0.113749 1.000000 0.453121 -0.123178 -0.289267 0.181578 0.018467 0.005639 0.067339 0.096403 0.124222 -0.025081 0.028225 0.037001 -0.130062 0.037686 -0.293884 -0.129155 -0.171703 -0.210601 -0.147821 -0.012759 -0.061936 0.226473 0.076078 0.225974 0.068243 0.027592 -0.041203 -0.030771 0.038628 0.290221 0.280428 -0.332064 -0.069407 0.079680 -0.236078 0.065934 -0.135722 0.150289 0.076218 0.498366 0.352193 0.461487 0.249280 0.237191 0.274142 0.367223 0.313347 0.212506 0.188643 -0.190304 -0.156827 -0.110939 0.184295 0.010101 -0.118955 -0.328887 -0.124379 -0.384975 -0.322168 -0.122028 -0.312918 0.233216 0.047969 0.125765 0.026233 -0.075676 0.048872 0.053259 0.325057 0.219224 -0.045385 -0.244511 -0.016371 -0.067661 -0.214213 0.095048 0.116183 -0.183817 0.036055 0.026825 -0.077922 -0.127179 -0.222315
-0.129358 0.169026 -0.172225 -0.217917 -0.206616 -0.081240 0.102283 0.058795 -0.193431 -0.027916 0.116975 0.153595 0.119578 -0.153272 -0.134863 0.183654 0.316278 0.324856 -0.157638 0.487972 -0.217686 0.012617 -0.142189 -0.044450 0.049578 0.014457 -0.103208 -0.090747 0.304128 0.423940 0.168822 0.296438 0.453121 1.000000 0.015176 0.126432 0.133636 0.029462 -0.041862 0.154989 0.375595 0.349512 -0.393092 -0.370327 -0.060589 -0.052948 -0.402545 -0.043029 -0.456291 -0.292597 -0.532762 -0.547817 -0.138270 -0.279290 0.046024 -0.298246 0.002534 0.269514 -0.272621 -0.127170 -0.168815 -0.035063 0.377779 0.491348 -0.272760 -0.241778 -0.142537 0.022722 0.319363 0.314746 -0.186309 -0.266328 0.421584 0.124941 0.110895 -0.067164 -0.062510 0.114720 0.219258 0.221443 0.540281 0.541928 0.075649 0.299264 0.127086 -0.074509 0.081668 -0.032351 0.021912 -0.304832 -0.105729 -0.331809 -0.313213 -0.366277 0.007167 0.188890 0.040761 0.226755 -0.100851 0.005846 0.068374 -0.111347 0.160553 -0.115471 0.067385 0.128623 -0.044254 0.103477 0.036888 0.136859 0.184487 0.015913 -0.002483 -0.061340 -0.017215 -0.134392
-0.090122 -0.071222 0.088192 0.049953 -0.090711 -0.128752 0.093412 0.058152 0.009558 -0.067584 -0.040051 -0.224873 -0.002075 -0.121384 -0.303899 -0.312528 -0.279888 -0.191559 -0.066197 -0.083195 0.099662 -0.032191 0.079925 0.109149 0.096358 0.098824 -0.177261 -0.053470 -0.101662 -0.053857 -0.014436 0.082357 -0.123178 0.015176 1.000000 0.540223 -0.091050 -0.179663 0.129151 0.078591 0.106567 0.187472 -0.140502 -0.229654 0.252400 0.471421 -0.060288 0.087623 -0.121570 0.028730 -0.048499 -0.184818 -0.279119 -0.183986 -0.129589 -0.033346 -0.275641 -0.169765 -0.132833 -0.097392 -0.122918 -0.199125 0.084851 0.031405 0.317837 0.078081 0.333661 0.487045 -0.110366 -0.018172 -0.088948 -0.245174 -0.046668 -0.044107 -0.001891 -0.128533 -0.172074 -0.270504 -0.034857 -0.132823 -0.127797 -0.092085 -0.137181 -0.145226 0.166882 0.143249 -0.216151 -0.088175 0.005967 -0.061772 -0.080007 -0.004348 -0.113415 0.247541 0.166420 0.023426 0.085174 0.182600 -0.144073 -0.098592 -0.083760 0.083254 -0.056759 0.013443 -0.253017 0.035994 -0.113045 -0.075469 0.021343 0.083421 0.122162 -0.049309 -0.193875 -0.004014 -0.069459 -0.012158
-0.172144 -0.119597 -0.033587 -0.114442 -0.046372 -0.087142 -0.071104 0.141381 0.172248 0.413868 -0.013911 -0.215877 0.065544 0.212825 -0.124345 -0.139011 -0.153813 -0.079307 0.024671 -0.113411 0.046769 -0.042978 -0.103786 -0.100217 0.033743 0.048780 -0.153254 -0.074168 -0.156873 -0.052016 -0.246045 -0.144685 -0.289267 0.126432 0.540223 1.000000 -0.027801 -0.062688 0.056292 -0.128056 -0.080786 -0.034234 -0.136847 -0.111822 0.182509 0.449820 -0.099158 0.212450 -0.086138 0.088843 -0.046562 -0.116870 -0.052300 -0.203026 -0.098924 -0.286770 -0.162386 -0.147442 0.020555 -0.046026 0.057923 0.127122 -0.044446 0.122304 0.169452 0.249902 0.072573 0.333844 -0.074530 -0.074486 -0.203306 -0.364969 -0.074738 -0.116932 -0.091267 -0.140465 -0.116705 -0.300286 -0.146915 -0.248659 0.134960 0.036880 -0.088282 0.010632 0.252067 0.117936 0.017914 0.012856 0.211642 -0.224721 0.148271 0.067006 0.001791 0.094819 -0.137192 -0.047564 -0.065661 0.035043 -0.182157 -0.082441 -0.043519 -0.051357 -0.067283 -0.074061 -0.118062 0.040857 -0.103196 0.069905 -0.066513 -0.053291 0.195090 -0.142332 -0.097966 0.014171 0.117494 0.100938
