1.000000 0.266229 0.326746 0.112426 0.329826 -0.107096 0.145986 -0.162431 0.207642 -0.185972 0.468395 -0.004412 0.171350 -0.205227 0.350837 -0.070989 0.189749 0.041875 0.376444 0.198204 0.228439 -0.027535 0.121170 -0.212676 0.066198 -0.142954 -0.038896 -0.180358 0.346846 0.121428 0.181693 0.036525 0.232945 0.080992 -0.060823 -0.179307 -0.106557 -0.039439 -0.090863 -0.138426 -0.168894 0.015005 0.039446 0.008319 -0.041061 -0.156327 -0.048353 -0.113055 0.239881 0.002840 0.072828 -0.010104 0.019285 -0.052458 -0.114456 -0.200453 0.204002 0.296047 0.075574 -0.090932 0.142244 -0.136444 0.063728 -0.158267 0.123620 -0.217416 0.071146 -0.134940 0.317244 -0.049067 0.068139 -0.126581 0.061325 -0.017150 0.150795 0.237842 0.077801 -0.083426 0.031373 0.135452 0.032625 0.026162 0.299456 -0.030807 0.041334 -0.132644 0.227554 -0.233278 -0.126145 -0.390276 -0.305293 -0.289239 -0.015746 0.002267 0.020332 -0.233103 -0.099985 -0.294501 0.025594 0.021582 -0.207690 0.019216 -0.003226 -0.108113 -0.245700 0.109307 -0.323079 -0.243241 -0.068998 -0.195604 -0.211193 0.066192 -0.015506 0.047618 0.119268 -0.083781
0.266229 1.000000 -0.373546 0.262678 0.013364 0.063759 0.177472 0.158217 -0.104008 -0.049339 -0.266530 -0.187498 0.106886 0.354157 0.219543 0.207498 0.351996 0.339452 0.141014 0.397942 0.102796 0.120523 -0.282716 -0.342217 -0.058021 -0.419192 -0.220443 -0.213744 0.352494 0.489341 0.148229 0.031731 0.482387 0.431426 -0.542747 -0.589871 0.145669 -0.003278 -0.225426 -0.107478 0.249536 -0.270946 -0.378048 -0.416513 -0.391961 -0.475497 -0.292119 -0.286126 -0.337165 0.377494 -0.514591 0.183964 0.065323 0.233910 -0.322186 -0.354641 0.410114 0.545331 0.262768 0.403937 -0.237759 0.455240 0.534392 0.519986 -0.435417 -0.290906 0.046358 -0.413035 0.343343 0.278467 0.035963 -0.189472 0.497153 0.205966 0.251079 0.263594 -0.027078 -0.268238 0.434196 0.079688 0.535302 0.568853 -0.171176 0.262946 -0.266813 -0.203790 -0.218527 -0.204290 -0.485209 -0.370796 -0.148584 -0.180456 -0.103163 0.012243 -0.038487 -0.082276 -0.424073 -0.124841 -0.040814 -0.144052 0.113172 0.011644 -0.031563 -0.166717 -0.195874 0.053910 -0.138494 -0.170743 0.076347 -0.155560 -0.182462 0.265289 -0.015835 -0.193184 -0.102974 -0.110690
0.326746 -0.373546 1.000000 0.161128 0.341718 -0.170316 0.492270 0.175689 0.414750 0.188003 0.687170 0.299933 0.131087 -0.263718 0.321300 0.116000 -0.257253 -0.263492 0.455441 0.087407 -0.013776 -0.241375 0.692121 0.512939 0.108842 0.262818 0.175367 -0.000116 0.042196 -0.259290 0.214369 0.311917 -0.397332 -0.349786 0.265315 0.260510 -0.529749 -0.218291 -0.179939 -0.293630 -0.471453 0.149359 0.051199 0.073093 0.026542 0.071550 -0.076360 0.086311 0.334441 -0.363442 0.325728 -0.272668 -0.082482 -0.445707 -0.130511 -0.145669 -0.473201 -0.487691 -0.336092 -0.464511 0.254690 -0.356196 -0.222905 -0.371955 0.787312 0.231135 -0.179810 -0.014908 -0.115888 -0.250447 0.036082 -0.052667 -0.375741 -0.225729 -0.353074 -0.130323 -0.034955 0.315206 -0.481553 -0.222824 -0.484966 -0.511785 0.533897 -0.010636 0.220335 -0.012964 0.490188 0.149155 0.503982 0.120628 0.088274 0.009758 -0.002844 -0.052623 0.051793 -0.155811 -0.007287 -0.174120 -0.360108 -0.141875 -0.099512 -0.088539 0.014391 0.139974 0.143314 -0.268988 0.021319 0.112948 -0.284906 -0.120546 -0.022283 -0.217441 -0.144223 0.171782 -0.014124 -0.086754
0.112426 0.262678 0.161128 1.000000 -0.165340 0.018200 0.297190 0.293661 -0.302192 -0.212688 -0.155321 -0.013991 -0.365565 -0.188363 0.012339 0.083926 -0.097043 0.216400 0.310785 0.491534 -0.074107 -0.031452 0.519161 0.458470 -0.103669 0.010677 0.080267 0.035472 0.117963 0.222975 0.396402 0.511556 -0.070046 -0.093347 -0.297928 -0.359806 0.173954 0.100701 -0.115191 0.034922 0.161402 0.054673 -0.522648 -0.528110 -0.413282 -0.516963 -0.409475 -0.383820 -0.531235 -0.080561 -0.266566 -0.332205 -0.151749 0.017731 -0.115654 -0.418774 0.131695 0.146216 -0.352139 -0.091629 -0.622585 -0.293124 0.271076 0.133512 0.128669 -0.339763 -0.296506 -0.382602 0.160216 -0.009050 0.027763 -0.152471 0.207085 0.072240 0.188304 0.052419 0.159101 -0.122755 0.060505 -0.067889 0.136609 0.113401 0.296974 0.609957 0.354746 0.409583 0.026336 0.349560 0.195410 0.023331 0.003068 -0.080431 -0.162275 -0.102316 -0.006788 -0.152429 -0.388186 -0.147748 -0.014328 -0.050068 0.145859 0.059589 0.044489 -0.037233 0.034791 -0.033710 -0.092439 -0.034653 0.097780 -0.077550 -0.208303 0.205652 0.041099 0.046321 0.117023 0.102669
0.329826 0.013364 0.341718 -0.165340 1.000000 0.170287 0.338831 0.056020 0.793365 0.116106 0.337145 -0.207132 0.488658 0.139305 0.641032 -0.016237 -0.168665 -0.099707 0.163540 -0.031039 0.462406 0.207396 0.050631 -0.136202 0.510158 0.092463 0.315985 0.035539 0.124343 0.051115 0.327869 0.093278 -0.004543 0.081368 -0.078668 0.047254 -0.491829 -0.036155 -0.195358 0.031269 -0.185056 0.008996 0.118378 0.075767 0.294717 0.095934 -0.027533 0.126128 0.387907 0.146172 -0.111124 0.042025 -0.013284 -0.055191 -0.424940 -0.031209 -0.166979 -0.093093 0.264874 0.120934 0.345556 0.116081 0.011055 -0.010005 0.042034 -0.007056 0.035121 -0.032844 -0.051116 0.019757 0.229388 0.251037 -0.071015 0.106588 -0.148302 0.173934 -0.307214 -0.106276 -0.372630 -0.088572 -0.196906 -0.100499 0.286161 -0.150784 -0.422669 -0.413468 0.306402 -0.211546 -0.161223 -0.091639 0.001782 0.123867 -0.028491 0.164370 -0.152410 -0.170519 -0.240657 -0.092035 -0.329938 -0.150811 0.032482 0.102610 -0.218920 0.104858 -0.045382 -0.168251 -0.016134 0.065445 -0.104574 -0.100065 -0.121019 -0.160657 0.043599 -0.079163 -0.156565 -0.249251
-0.107096 0.063759 -0.170316 0.018200 0.170287 1.000000 -0.090158 0.085391 0.019345 0.105550 -0.258433 -0.120024 -0.007922 -0.017819 -0.022526 0.019453 -0.194671 -0.048034 -0.388043 -0.400426 0.325576 0.632964 -0.085547 -0.068090 0.506574 0.534583 0.651345 0.799582 -0.260669 -0.049436 0.341558 0.268541 0.051753 0.001690 0.018840 0.098682 -0.061630 -0.129680 0.007108 0.408278 0.135459 -0.439479 -0.057164 0.085907 0.038008 0.174528 -0.181786 -0.168385 -0.009491 -0.024190 0.129342 0.181797 -0.164236 -0.061645 0.075884 0.097526 -0.008431 0.065373 -0.028266 0.002345 -0.002332 0.033761 -0.182402 -0.014189 -0.185452 0.035008 0.099605 0.144184 -0.074887 -0.175883 0.215308 0.437182 -0.007443 0.190482 0.089639 0.171749 -0.509913 -0.665329 -0.092396 -0.144672 -0.093988 -0.034824 -0.211983 -0.206018 -0.105955 0.036929 -0.148480 -0.064795 -0.009630 0.126800 -0.429209 -0.225823 -0.174608 -0.142491 -0.127029 -0.152057 -0.100327 0.026034 -0.104954 -0.060957 0.074377 -0.078297 -0.287779 0.017757 -0.111761 0.160788 -0.055501 0.097855 0.578217 0.012104 -0.025750 -0.005813 -0.089383 0.044713 0.165825 0.201575
0.145986 0.177472 0.492270 0.297190 0.338831 -0.090158 1.000000 0.702723 0.347420 0.247431 0.207032 0.057071 0.469174 0.407603 0.350481 0.231279 -0.015185 0.087166 0.360918 0.374497 0.185722 -0.141617 0.217218 0.157493 0.037917 -0.165587 -0.165760 -0.266740 0.255287 0.288379 0.338478 0.405607 -0.003785 0.114895 -0.272322 -0.196362 -0.395925 -0.088926 -0.437093 -0.383188 -0.165667 -0.134270 -0.403194 -0.388340 -0.177710 -0.286102 -0.386150 -0.180849 0.054014 0.033739 -0.284632 -0.134078 0.148738 -0.151750 -0.419462 -0.423886 -0.292662 -0.243524 -0.038628 0.042590 0.059382 0.148276 0.373605 0.329016 0.257056 0.053194 -0.216770 -0.383174 -0.312037 -0.276755 0.028432 -0.013408 0.202101 0.038516 -0.121645 0.026210 -0.214029 0.010672 -0.230638 -0.271919 0.016807 0.049413 0.184540 0.203553 -0.042580 -0.148806 0.086930 -0.048236 -0.094830 -0.196689 0.246322 0.087052 0.011693 0.030874 -0.127280 -0.167178 -0.447506 -0.258838 -0.329961 -0.361305 -0.056901 0.117189 -0.070976 -0.054356 -0.074008 -0.329588 -0.097852 -0.061647 -0.188083 -0.364099 -0.245776 0.085899 -0.160613 -0.230800 -0.302830 -0.243153
-0.162431 0.158217 0.175689 0.293661 0.056020 0.085391 0.702723 1.000000 0.084969 0.517962 -0.097507 0.147176 0.230555 0.530163 -0.005257 0.359212 0.042053 0.170726 -0.037664 0.130883 0.041799 -0.079650 0.013315 0.058811 -0.075941 -0.070664 -0.149837 -0.156056 -0.035729 0.167769 0.180942 0.333218 0.028825 0.152908 -0.203019 -0.061988 -0.183405 -0.072666 -0.409739 -0.168877 0.017506 -0.192895 -0.386365 -0.358017 -0.190410 -0.079601 -0.256916 -0.218383 -0.025031 -0.004440 -0.185217 -0.002110 0.172075 -0.191317 -0.258564 -0.264147 -0.199213 -0.351203 -0.113566 0.021566 0.045451 0.315401 0.258307 0.431230 0.142934 0.371851 -0.283153 -0.316948 -0.386715 -0.350232 -0.137553 -0.111361 0.114274 0.053350 -0.079894 0.064539 -0.161481 -0.098371 -0.238594 -0.362566 0.008140 -0.027326 -0.150917 0.155876 -0.099129 -0.127516 -0.224622 -0.055434 -0.094064 -0.019210 0.237151 0.041874 0.127309 -0.111401 -0.070137 -0.076931 -0.285719 0.006930 -0.234033 -0.283322 -0.000814 0.026816 -0.007161 0.000369 -0.002662 -0.142740 -0.060340 -0.011362 -0.047779 -0.120943 -0.100380 0.067914 -0.111094 -0.037038 -0.136406 -0.190321
0.207642 -0.104008 0.414750 -0.302192 0.793365 0.019345 0.347420 0.084969 1.000000 0.318883 0.483378 -0.033453 0.603844 0.165208 0.686333 0.132420 -0.173303 -0.150616 0.163034 0.014916 0.262565 0.109043 0.017352 -0.080143 0.446128 0.111695 0.154663 -0.050105 0.163938 -0.010889 0.147533 -0.012166 -0.007236 0.096492 0.020474 0.279533 -0.585776 -0.053578 -0.155084 -0.177661 -0.285417 0.063586 0.167480 0.132670 0.255699 0.179332 -0.055035 0.140728 0.343052 -0.076488 -0.081652 -0.128315 -0.102200 -0.196995 -0.352547 -0.052036 -0.280193 -0.203630 0.140610 -0.063807 0.457683 0.107574 -0.095638 -0.066365 0.171248 0.199032 -0.066528 -0.004824 0.007149 0.049757 0.224173 0.204087 -0.115433 0.051651 -0.168669 0.013872 -0.271990 0.119887 -0.352360 -0.044137 -0.211983 -0.138700 0.255460 -0.132774 -0.341568 -0.306356 0.360443 -0.181767 -0.107482 -0.090053 0.096914 0.152289 0.096424 0.130199 -0.242696 -0.198826 -0.162481 -0.127784 -0.389817 -0.165727 -0.044158 0.133635 -0.188796 0.106347 0.000561 -0.225188 0.064175 0.050851 -0.343308 -0.134879 -0.068368 -0.221441 0.012118 -0.066009 -0.202988 -0.216314
-0.185972 -0.049339 0.188003 -0.212688 0.116106 0.105550 0.247431 0.517962 0.318883 1.000000 0.172602 0.427060 0.213033 0.357699 0.107116 0.656708 -0.034219 0.045787 -0.117203 -0.000856 -0.059801 -0.061519 -0.078978 0.022970 0.006383 0.093572 -0.108808 -0.057306 -0.011201 -0.082390 -0.040031 0.063248 -0.217449 -0.064359 -0.026564 0.146603 -0.315880 -0.170776 -0.305220 -0.164455 -0.101431 -0.185291 0.081464 0.056346 -0.004991 0.184978 0.071659 0.098382 0.164102 -0.138150 -0.022961 -0.003217 -0.060684 -0.447700 -0.113428 0.010779 -0.209408 -0.458627 -0.090663 -0.119360 0.333943 0.302340 -0.061805 0.070620 0.242754 0.651391 -0.278610 -0.109638 -0.224645 -0.249897 -0.237299 -0.139041 -0.185457 0.019002 -0.086139 -0.015050 -0.156109 -0.023730 -0.235636 -0.308134 -0.166556 -0.273039 0.017343 -0.020313 -0.071976 -0.135629 0.110340 0.099745 0.090362 0.183613 0.178983 0.130326 0.396366 0.143068 -0.104784 -0.005744 -0.038475 0.103796 -0.347689 -0.209982 -0.045645 -0.149686 0.008589 -0.007997 -0.039772 -0.023725 0.094178 0.016887 -0.042683 0.039627 -0.008524 -0.128030 -0.027518 -0.066794 -0.038893 -0.101544
0.468395 -0.266530 0.687170 -0.155321 0.337145 -0.258433 0.207032 -0.097507 0.483378 0.172602 1.000000 0.280926 0.326483 -0.126344 0.450948 0.181050 0.065740 -0.143272 0.330258 0.114323 -0.027027 -0.250595 0.406447 0.264238 0.038144 0.033790 0.037790 -0.148473 0.332016 -0.207811 -0.069824 0.011818 -0.297313 -0.240323 0.332064 0.325644 -0.454795 -0.380584 -0.037806 -0.366840 -0.409101 0.039387 0.189363 0.065478 0.203523 0.140980 -0.029665 0.208422 0.308803 -0.243116 0.200403 -0.283748 -0.135576 -0.362214 -0.099821 -0.175224 -0.362672 -0.331639 -0.239277 -0.475509 0.398017 -0.252592 -0.212673 -0.361374 0.594926 0.199556 -0.254921 -0.083866 0.049317 -0.051914 0.016660 0.025414 -0.272579 -0.224286 -0.270635 -0.175300 -0.013238 0.260070 -0.311473 -0.118328 -0.257366 -0.343582 0.582688 -0.023095 0.281572 -0.126177 0.527911 0.009105 0.333196 -0.023850 0.149888 -0.020831 0.058617 -0.040614 0.090125 -0.100931 0.048436 -0.201018 -0.300996 -0.185184 -0.033179 -0.139752 -0.024177 0.171182 0.147693 -0.262625 0.066054 0.077287 -0.255162 -0.189896 -0.060502 -0.137739 -0.147670 0.155501 -0.063367 -0.169687
-0.004412 -0.187498 0.299933 -0.013991 -0.207132 -0.120024 0.057071 0.147176 -0.033453 0.427060 0.280926 1.000000 -0.068814 -0.043101 -0.166917 0.409087 -0.020800 -0.075503 0.035953 0.039037 -0.206620 -0.292356 0.190341 0.284317 -0.366557 0.067545 -0.099416 -0.036273 -0.098633 -0.338244 -0.176745 0.077523 -0.317125 -0.253980 0.200154 0.165511 -0.277218 -0.326035 -0.141619 -0.227741 -0.184830 -0.027396 0.043608 0.146514 -0.094295 0.231536 0.099713 0.117813 0.120901 -0.382032 0.272610 -0.088968 -0.153203 -0.444906 0.040720 0.125962 -0.330325 -0.451176 -0.313059 -0.292816 0.183732 0.012512 -0.231609 -0.182882 0.522939 0.601188 -0.100765 0.168256 -0.212894 -0.220818 -0.119399 -0.057902 -0.433342 -0.235272 -0.060206 -0.057186 0.073052 0.183868 -0.215517 -0.276191 -0.344064 -0.472819 0.080206 0.065601 0.283336 0.347058 0.051444 0.235106 0.299128 0.295331 -0.030054 -0.133460 0.253712 -0.144599 0.149856 0.115699 0.204988 0.119118 -0.197241 -0.298652 0.085458 -0.226132 0.066116 -0.067511 -0.017275 -0.177216 0.005039 0.009522 -0.071237 0.096339 0.244122 -0.224964 -0.312845 -0.092133 -0.066113 -0.059767
0.171350 0.106886 0.131087 -0.365565 0.488658 -0.007922 0.469174 0.230555 0.603844 0.213033 0.326483 -0.068814 1.000000 0.562845 0.609656 0.227805 0.389236 0.171329 -0.010636 -0.000735 0.283162 0.052798 -0.318045 -0.405811 0.208487 -0.180598 -0.180083 -0.236203 0.464747 0.363282 -0.044983 -0.134944 0.246057 0.339781 -0.215744 0.134243 -0.349271 -0.032561 -0.252878 -0.291933 -0.081047 -0.259712 -0.116132 -0.168651 0.070000 -0.063804 -0.336972 -0.095452 0.339403 0.162076 -0.188699 0.068260 0.356481 0.009667 -0.324786 -0.279507 -0.140375 -0.053233 0.324653 0.023294 0.572559 0.328528 0.391167 0.389881 -0.125110 0.098355 -0.062306 -0.249173 -0.126476 -0.104161 0.159259 0.195398 0.303982 0.110796 -0.161507 -0.049758 -0.335916 -0.060977 -0.019850 -0.093703 0.238837 0.281484 -0.057290 -0.096235 -0.353568 -0.421739 0.065961 -0.473807 -0.498450 -0.402692 0.205446 0.072776 0.020732 0.140655 -0.167917 -0.191394 -0.311106 -0.287658 -0.239519 -0.239842 -0.072558 0.133611 -0.133424 -0.044086 -0.235522 -0.215811 -0.127770 -0.125976 -0.199853 -0.431951 -0.312528 -0.008144 -0.170832 -0.199512 -0.287677 -0.309489
-0.205227 0.354157 -0.263718 -0.188363 0.139305 -0.017819 0.407603 0.530163 0.165208 0.357699 -0.126344 -0.043101 0.562845 1.000000 0.176789 0.395648 0.401176 0.395718 -0.085846 0.124465 0.151496 0.023569 -0.413823 -0.447557 -0.220445 -0.491210 -0.430004 -0.374289 0.320842 0.458644 -0.095646 -0.071938 0.241698 0.395547 -0.415464 -0.187632 -0.053192 -0.061622 -0.351799 -0.159200 0.125088 -0.379640 -0.278864 -0.349104 0.061969 -0.092645 -0.188601 -0.256566 0.045867 0.470781 -0.430814 0.299168 0.348398 0.034957 -0.341225 -0.282678 -0.111404 -0.089093 0.335687 0.370506 0.204602 0.713990 0.539909 0.754219 -0.279844 0.239279 -0.071908 -0.322088 -0.315983 -0.183075 -0.004008 0.033166 0.418339 0.226110 -0.051650 0.148287 -0.177002 -0.195614 0.043601 -0.186678 0.348262 0.324242 -0.300581 0.067816 -0.389075 -0.435318 -0.258514 -0.383722 -0.577929 -0.365462 0.235264 0.164999 0.183550 0.142640 -0.092906 -0.100815 -0.312615 -0.221576 -0.189948 -0.279587 -0.011718 0.052815 -0.104678 -0.001914 -0.129666 -0.039077 -0.050926 -0.043203 -0.033536 -0.170612 -0.290867 0.035629 -0.094203 -0.253872 -0.218046 -0.246124
0.350837 0.219543 0.321300 0.012339 0.641032 -0.022526 0.350481 -0.005257 0.686333 0.107116 0.450948 -0.166917 0.609656 0.176789 1.000000 0.370978 0.157930 0.135498 0.173964 0.158675 0.226146 0.114653 0.160053 -0.061360 0.352992 -0.052635 0.120184 -0.119501 0.531630 0.322628 0.230998 0.055233 0.013249 0.037157 -0.276260 -0.087922 -0.307511 0.009980 -0.083478 -0.232036 -0.178509 -0.058705 -0.065688 -0.257561 -0.106148 -0.393307 -0.290973 -0.069269 0.100388 0.048135 -0.313266 -0.249486 0.079440 0.063203 -0.354459 -0.352350 0.048308 0.136492 0.148827 -0.071849 0.198706 0.015315 0.361971 0.192930 0.012059 -0.204183 -0.281375 -0.476506 0.134278 0.078922 0.246337 0.084616 0.240009 0.135345 -0.093304 0.025231 -0.195350 -0.062846 0.001054 0.045735 0.261357 0.290397 0.508399 0.280356 -0.135308 -0.295840 0.471465 -0.081956 -0.125747 -0.235235 0.149475 0.056962 0.010543 0.234602 -0.219089 -0.249690 -0.483672 -0.359696 -0.327218 -0.093799 -0.001772 0.024572 -0.131490 -0.076015 -0.140813 -0.235630 -0.088514 -0.093924 -0.177588 -0.329950 -0.416625 0.127973 0.064682 -0.163180 -0.164334 -0.180104
-0.070989 0.207498 0.116000 0.083926 -0.016237 0.019453 0.231279 0.359212 0.132420 0.656708 0.181050 0.409087 0.227805 0.395648 0.370978 1.000000 0.279952 0.335065 -0.000468 0.223601 -0.167138 -0.048949 0.063350 0.067237 -0.192460 -0.162788 -0.181277 -0.124429 0.339433 0.193531 -0.078155 0.062568 -0.175583 0.013527 -0.269082 -0.116993 -0.130758 -0.177079 -0.194512 -0.266176 -0.027780 -0.290433 -0.138975 -0.279431 -0.310382 -0.302282 -0.250939 -0.087933 -0.110889 -0.046140 -0.290456 -0.177472 0.027373 -0.242593 -0.194717 -0.338300 0.018522 -0.144586 -0.151566 -0.203905 0.069101 0.218184 0.288822 0.329562 0.116401 0.319733 -0.497256 -0.531770 -0.051480 -0.131073 -0.011674 -0.141410 0.101025 0.150414 0.055514 0.022340 -0.036028 -0.111360 0.102849 -0.196447 0.269715 0.089962 0.270331 0.428760 0.152391 -0.032829 0.126818 0.163673 0.061821 0.023304 0.191392 0.027656 0.310672 0.045112 -0.106604 -0.118532 -0.348008 -0.227311 -0.363367 -0.214361 0.049865 -0.219345 -0.017372 -0.022840 -0.038503 -0.074889 0.032035 0.005171 -0.012670 -0.165550 -0.241538 0.115532 -0.027364 -0.123070 -0.059077 -0.094727
0.189749 0.351996 -0.257253 -0.097043 -0.168665 -0.194671 -0.015185 0.042053 -0.173303 -0.034219 0.065740 -0.020800 0.389236 0.401176 0.157930 0.279952 1.000000 0.583634 -0.025506 0.142525 -0.132372 -0.150148 -0.322531 -0.410577 -0.378959 -0.469093 -0.519010 -0.399172 0.541222 0.451466 -0.248718 -0.209271 0.383779 0.384827 -0.309478 -0.161397 0.265386 -0.008098 -0.019552 -0.138852 0.127409 -0.279950 -0.106157 -0.328122 -0.111160 -0.345056 -0.200368 -0.245650 -0.052603 0.238071 -0.271585 0.024905 0.399173 0.128339 -0.036027 -0.367172 0.346154 0.315314 0.195330 0.003124 0.209085 0.249606 0.562729 0.494188 -0.285846 -0.135453 -0.170394 -0.478981 0.068912 0.017407 -0.028639 -0.164477 0.462430 0.130959 0.197527 -0.072042 0.003824 -0.146596 0.434195 0.118849 0.659869 0.496048 -0.123740 0.153729 -0.033548 -0.280069 -0.127594 -0.327934 -0.456018 -0.518127 0.024038 -0.196791 0.009206 0.036660 0.123199 -0.167475 -0.227054 -0.226145 0.038102 -0.096640 -0.089554 -0.002141 -0.015606 -0.090693 -0.227023 0.080591 -0.253641 -0.181661 0.090653 -0.245701 -0.282281 0.212167 -0.134502 -0.009710 0.019030 -0.219252
0.041875 0.339452 -0.263492 0.216400 -0.099707 -0.048034 0.087166 0.170726 -0.150616 0.045787 -0.143272 -0.075503 0.171329 0.395718 0.135498 0.335065 0.583634 1.000000 -0.100762 0.285159 -0.092972 -0.076980 -0.107174 -0.246555 -0.151977 -0.269508 -0.266005 -0.237344 0.551122 0.644347 0.192983 0.179365 0.245334 0.305758 -0.503390 -0.288195 0.300945 0.068908 -0.118127 0.092718 0.237554 -0.173229 -0.263446 -0.458060 -0.278463 -0.490565 -0.236620 -0.306938 -0.349216 0.298921 -0.446569 -0.136970 0.039338 0.108821 -0.345728 -0.480113 0.445482 0.364546 -0.068554 -0.007377 -0.185448 0.140742 0.576468 0.613021 -0.316016 -0.277576 -0.382858 -0.551712 0.038851 -0.005415 -0.046877 -0.074452 0.590146 0.373291 0.265645 0.042897 0.119007 -0.224169 0.313639 0.142838 0.657945 0.611913 -0.050196 0.469041 0.020793 0.002715 -0.210794 -0.200363 -0.422875 -0.526231 0.066772 -0.111806 0.039180 0.132017 -0.227751 -0.245970 -0.483109 -0.379512 0.026697 0.007929 -0.055288 0.097161 -0.048414 -0.052349 -0.205474 0.060430 -0.194988 -0.092705 0.127938 -0.248909 -0.388868 0.225468 0.039979 -0.125841 0.212851 -0.149073
0.376444 0.141014 0.455441 0.310785 0.163540 -0.388043 0.360918 -0.037664 0.163034 -0.117203 0.330258 0.035953 -0.010636 -0.085846 0.173964 -0.000468 -0.025506 -0.100762 1.000000 0.714378 0.048994 -0.255165 0.335658 0.236597 -0.227375 -0.274641 -0.296496 -0.356997 0.334558 0.127845 0.064797 0.122931 -0.102129 0.036061 -0.071438 -0.216010 -0.182081 -0.063162 -0.115669 -0.238060 -0.048977 0.106054 -0.074065 -0.082107 0.016140 -0.195626 -0.160665 0.060920 -0.127478 0.040018 -0.287589 -0.130142 -0.084334 -0.214130 -0.318726 -0.277747 -0.325434 -0.133772 -0.059218 -0.034064 -0.104327 -0.075829 0.093014 -0.110140 0.277626 -0.077119 -0.035351 -0.176303 0.207902 0.267672 0.092697 -0.255783 -0.013333 -0.037537 -0.004473 0.167623 0.271910 0.364436 -0.091739 -0.054482 -0.078523 -0.167407 0.415420 0.153991 0.101608 -0.050163 0.349421 0.094569 0.060196 -0.193248 0.066042 0.251952 -0.001584 0.097910 0.137421 -0.052642 -0.216928 -0.108528 -0.280365 -0.248618 -0.160074 0.192143 0.037860 0.059434 0.024881 -0.086908 -0.016840 -0.054845 -0.248776 -0.108129 0.109956 -0.096682 -0.003582 0.033270 -0.154495 -0.145471
0.198204 0.397942 0.087407 0.491534 -0.031039 -0.400426 0.374497 0.130883 0.014916 -0.000856 0.114323 0.039037 -0.000735 0.124465 0.158675 0.223601 0.142525 0.285159 0.714378 1.000000 -0.020907 -0.231276 0.159711 0.209714 -0.239196 -0.370270 -0.428769 -0.442786 0.556375 0.456846 0.113943 0.169324 0.084212 0.240782 -0.404095 -0.409702 0.014126 -0.018665 -0.128809 -0.321530 0.157986 0.023546 -0.332973 -0.392133 -0.174374 -0.436468 -0.305139 -0.041862 -0.485089 0.094636 -0.609038 -0.356749 -0.200757 -0.139012 -0.381594 -0.475953 0.009031 0.077871 -0.178289 -0.009662 -0.374698 -0.006892 0.335604 0.202263 -0.041411 -0.259495 -0.299831 -0.438334 0.222838 0.324316 0.023724 -0.245688 0.321900 0.116802 0.242627 0.161651 0.325088 0.223688 0.222149 0.004050 0.308763 0.203101 0.274264 0.536381 0.170294 0.107731 0.217969 0.171040 -0.124695 -0.236771 0.192858 0.195840 -0.055535 0.119600 -0.053454 0.041324 -0.405526 -0.201739 -0.239861 -0.295198 -0.055230 0.275794 -0.044010 -0.085169 -0.066338 -0.107771 -0.032652 -0.152299 -0.137204 -0.245885 -0.029301 0.119872 0.048403 -0.239501 -0.236310 -0.183551
0.228439 0.102796 -0.013776 -0.074107 0.462406 0.325576 0.185722 0.041799 0.262565 -0.059801 -0.027027 -0.206620 0.283162 0.151496 0.226146 -0.167138 -0.132372 -0.092972 0.048994 -0.020907 1.000000 0.389265 -0.106381 -0.290284 0.388301 0.075167 0.294363 0.181555 0.115440 0.125108 0.245301 0.104191 0.100217 0.063591 -0.015080 -0.101392 -0.212218 0.108080 -0.168510 0.101524 0.033604 -0.144965 0.056036 0.092985 0.223894 0.070034 0.043505 0.058181 0.226408 0.169821 -0.045327 0.209544 0.089216 0.114641 -0.119500 0.008757 -0.128368 -0.038709 0.207050 0.147441 0.135196 0.086003 0.065813 0.102612 -0.158487 -0.095735 0.251672 0.090246 -0.089341 -0.211477 0.329162 0.201918 0.097611 0.024483 -0.043051 0.297943 -0.247775 -0.272967 -0.199690 -0.159491 -0.110934 -0.057914 -0.070880 -0.235013 -0.274703 -0.223652 -0.060138 -0.215788 -0.297880 -0.201237 -0.092361 0.091993 0.054718 0.161518 -0.194444 0.037465 -0.168937 -0.150247 -0.149347 -0.079365 0.026551 0.281616 -0.111681 -0.010696 -0.182572 0.078342 -0.115975 -0.009904 0.202580 -0.099701 -0.029150 0.043758 0.033986 -0.190724 -0.124211 0.009933
-0.027535 0.120523 -0.241375 -0.031452 0.207396 0.632964 -0.141617 -0.079650 0.109043 -0.061519 -0.250595 -0.292356 0.052798 0.023569 0.114653 -0.048949 -0.150148 -0.076980 -0.255165 -0.231276 0.389265 1.000000 -0.183530 -0.235675 0.484922 0.358380 0.402277 0.564728 -0.179263 -0.027585 0.236134 -0.016015 0.189319 0.074581 -0.073811 -0.055881 -0.153645 0.080858 0.071508 0.222585 0.037432 -0.317870 0.030598 0.134328 0.055626 0.066729 -0.159304 -0.127769 -0.025939 0.086908 0.053259 0.244279 -0.064669 0.038140 0.076483 0.153472 0.119399 0.256678 0.086271 0.073253 -0.073079 0.042537 -0.053026 0.027969 -0.304086 -0.105540 0.196744 0.129579 0.065562 -0.015156 0.254108 0.356393 0.066521 0.096534 0.119840 0.184615 -0.431441 -0.568469 0.047463 -0.011887 0.000049 0.063788 -0.147229 -0.122609 -0.184896 0.006666 -0.097747 -0.161984 -0.118621 0.065416 -0.300412 -0.098791 -0.201077 -0.035361 -0.202781 -0.144406 -0.025637 -0.107334 -0.057452 0.008961 0.066238 0.150140 -0.306081 -0.002341 -0.130238 0.206875 -0.073677 -0.010101 0.437429 -0.227374 -0.085560 0.123597 -0.015365 -0.028341 0.038764 0.193799
0.121170 -0.282716 0.692121 0.519161 0.050631 -0.085547 0.217218 0.013315 0.017352 -0.078978 0.406447 0.190341 -0.318045 -0.413823 0.160053 0.063350 -0.322531 -0.107174 0.335658 0.159711 -0.106381 -0.183530 1.000000 0.737446 0.062926 0.328458 0.319954 0.179229 0.024693 -0.206634 0.414306 0.594657 -0.546572 -0.419055 0.205839 0.088650 -0.193665 -0.250537 0.083534 -0.063062 -0.239429 0.227227 -0.067364 -0.064098 -0.055272 -0.096527 -0.105424 -0.049101 -0.136578 -0.349274 0.203859 -0.445946 -0.299606 -0.258915 -0.014479 -0.137102 -0.297098 -0.260636 -0.528190 -0.424908 -0.282219 -0.546585 -0.154066 -0.344614 0.667694 -0.076111 -0.312811 -0.081047 -0.019530 -0.140395 0.030475 -0.080113 -0.255012 -0.214135 -0.211616 -0.061827 0.109941 0.244074 -0.333313 -0.104878 -0.363538 -0.393872 0.626548 0.277639 0.427959 0.234764 0.475554 0.459645 0.670521 0.207318 -0.036701 -0.124802 -0.191939 -0.123102 0.185871 -0.058382 -0.006678 -0.093355 -0.231944 -0.133559 0.032344 -0.206943 -0.015534 0.138751 0.244584 -0.189656 0.092945 0.117768 -0.086328 0.034859 -0.030108 -0.116351 -0.173264 0.174304 0.116924 0.054085
-0.212676 -0.342217 0.512939 0.458470 -0.136202 -0.068090 0.157493 0.058811 -0.080143 0.022970 0.264238 0.284317 -0.405811 -0.447557 -0.061360 0.067237 -0.410577 -0.246555 0.236597 0.209714 -0.290284 -0.235675 0.737446 1.000000 -0.013668 0.349305 0.273122 0.229204 -0.153891 -0.286734 0.179824 0.413782 -0.580500 -0.454640 0.187810 0.126600 -0.161158 -0.194457 0.064740 -0.089816 -0.197358 0.219539 -0.168738 -0.108231 -0.113152 -0.029617 -0.131437 0.099154 -0.288054 -0.506152 0.122659 -0.504851 -0.383782 -0.364625 0.070956 -0.010156 -0.351978 -0.399934 -0.589355 -0.425849 -0.322783 -0.515451 -0.296480 -0.418087 0.573623 -0.000618 -0.326847 0.009578 -0.053074 0.016058 -0.007728 -0.008022 -0.386877 -0.220793 -0.163120 -0.198566 0.141059 0.274591 -0.321717 -0.142903 -0.357398 -0.383724 0.434032 0.297431 0.511781 0.464038 0.325118 0.646243 0.726758 0.503143 0.144373 0.048719 -0.166020 -0.204249 0.111673 0.125016 0.084294 0.069049 -0.234895 -0.167614 0.101870 -0.112073 -0.035216 0.210661 0.382581 -0.289114 0.251209 0.304202 -0.094652 0.073053 0.168434 -0.162932 -0.113499 0.123429 -0.067448 0.011186
0.066198 -0.058021 0.108842 -0.103669 0.510158 0.506574 0.037917 -0.075941 0.446128 0.006383 0.038144 -0.366557 0.208487 -0.220445 0.352992 -0.192460 -0.378959 -0.151977 -0.227375 -0.239196 0.388301 0.484922 0.062926 -0.013668 1.000000 0.650275 0.665331 0.549033 -0.106550 -0.007489 0.579968 0.300433 0.049298 0.051285 0.023101 0.176300 -0.309201 0.057820 0.047859 0.164215 -0.115534 -0.033892 0.053768 0.189144 0.111381 0.131629 -0.102397 0.087291 0.117179 -0.087805 0.107540 -0.063211 -0.247703 0.020467 -0.102686 0.123533 0.066353 0.080482 -0.027306 -0.034009 0.045410 -0.222796 -0.211420 -0.164835 -0.147649 -0.186285 0.077107 0.185721 0.087254 0.072911 0.168952 0.326362 -0.027884 0.004071 -0.038199 0.038785 -0.417554 -0.238817 -0.155187 0.102564 -0.219612 0.022603 0.019981 -0.118611 -0.306859 -0.110400 0.138176 -0.074733 -0.011797 0.061599 -0.234020 -0.088833 -0.257203 0.052071 -0.229355 -0.105334 -0.026207 -0.041909 -0.116916 0.039752 0.096716 0.081079 -0.261543 0.068689 -0.016887 0.015660 0.057723 0.053209 0.223378 -0.108895 -0.031013 -0.002434 0.064334 0.003436 0.053697 0.089392
-0.142954 -0.419192 0.262818 0.010677 0.092463 0.534583 -0.165587 -0.070664 0.111695 0.093572 0.033790 0.067545 -0.180598 -0.491210 -0.052635 -0.162788 -0.469093 -0.269508 -0.274641 -0.370270 0.075167 0.358380 0.328458 0.349305 0.650275 1.000000 0.741346 0.757193 -0.393663 -0.363617 0.444540 0.443769 -0.240375 -0.196945 0.334086 0.436963 -0.262184 -0.146337 0.227250 0.216626 -0.157092 0.026006 0.123899 0.313348 0.031178 0.325329 0.017377 0.108913 0.027430 -0.524621 0.443580 -0.213516 -0.345314 -0.261164 0.210303 0.275094 -0.086776 -0.183805 -0.356673 -0.369562 -0.001917 -0.454188 -0.547384 -0.491253 0.239767 0.072380 0.035120 0.388978 0.061859 -0.005406 0.130581 0.269337 -0.375509 -0.172453 -0.188958 -0.036260 -0.244700 -0.113831 -0.212265 -0.038657 -0.466472 -0.344719 -0.009407 -0.204195 0.083149 0.211323 0.195365 0.201766 0.435833 0.385645 -0.328791 -0.245856 -0.233100 -0.177773 -0.069264 -0.067620 0.287490 0.157132 -0.032203 0.072613 0.003670 -0.140177 -0.242354 -0.006036 -0.021888 -0.072432 -0.023320 -0.005853 0.300039 -0.049034 0.242382 -0.113921 -0.121874 0.108248 0.138424 0.198176
-0.038896 -0.220443 0.175367 0.080267 0.315985 0.651345 -0.165760 -0.149837 0.154663 -0.108808 0.037790 -0.099416 -0.180083 -0.430004 0.120184 -0.181277 -0.519010 -0.266005 -0.296496 -0.428769 0.294363 0.402277 0.319954 0.273122 0.665331 0.741346 1.000000 0.817640 -0.355592 -0.333815 0.442243 0.357740 -0.284342 -0.324469 0.272864 0.290597 -0.213709 -0.096402 0.185111 0.390070 -0.109121 0.020284 0.070158 0.186127 0.074505 0.184966 0.036703 0.093072 0.047582 -0.274373 0.308942 -0.135140 -0.356701 -0.062529 0.102893 0.220131 -0.048948 -0.061752 -0.204167 -0.212266 -0.046860 -0.374881 -0.474367 -0.365052 0.126011 -0.087952 0.044818 0.274777 0.025640 -0.005428 0.301649 0.453261 -0.299937 -0.082698 -0.136308 0.055577 -0.300976 -0.265862 -0.319072 -0.077780 -0.411689 -0.266177 0.151277 -0.115436 0.011421 0.135787 0.165221 0.249954 0.381321 0.390719 -0.281723 -0.132707 -0.199799 -0.169157 -0.162171 -0.026877 0.058129 0.072068 -0.076403 0.076106 0.140946 -0.183468 -0.174512 0.198207 0.179273 -0.019282 0.175857 0.290327 0.326047 0.079518 0.135828 -0.085796 0.031415 0.111688 0.108568 0.214383
-0.180358 -0.213744 -0.000116 0.035472 0.035539 0.799582 -0.266740 -0.156056 -0.050105 -0.057306 -0.148473 -0.036273 -0.236203 -0.374289 -0.119501 -0.124429 -0.399172 -0.237344 -0.356997 -0.442786 0.181555 0.564728 0.179229 0.229204 0.549033 0.757193 0.817640 1.000000 -0.401162 -0.330233 0.320502 0.289817 -0.216612 -0.243924 0.264927 0.291213 -0.083241 -0.139422 0.297173 0.487109 0.050936 -0.171895 0.058466 0.235366 0.095138 0.263658 -0.045102 -0.000930 -0.058846 -0.320591 0.325659 -0.057282 -0.318055 -0.136292 0.312860 0.320509 -0.036208 -0.028150 -0.260333 -0.259497 -0.091919 -0.324286 -0.494937 -0.344480 0.008997 0.004411 0.072214 0.313654 -0.045791 -0.078483 0.231368 0.482818 -0.301375 -0.085117 -0.034989 0.074438 -0.418690 -0.422748 -0.200367 -0.062004 -0.320281 -0.251409 -0.052593 -0.187415 0.067303 0.230897 0.013598 0.200605 0.315734 0.408421 -0.420376 -0.262081 -0.311403 -0.332617 -0.014505 -0.057845 0.194036 0.121810 -0.101278 -0.008037 0.076046 -0.192495 -0.222442 0.119485 0.078808 0.033618 0.071216 0.202602 0.489046 0.144355 0.217233 -0.100796 -0.134351 0.138693 0.142578 0.225346
0.346846 0.352494 0.042196 0.117963 0.124343 -0.260669 0.255287 -0.035729 0.163938 -0.011201 0.332016 -0.098633 0.464747 0.320842 0.531630 0.339433 0.541222 0.551122 0.334558 0.556375 0.115440 -0.179263 0.024693 -0.153891 -0.106550 -0.393663 -0.355592 -0.401162 1.000000 0.697057 0.075929 0.038788 0.150708 0.247304 -0.375330 -0.229575 0.091010 -0.087260 -0.035827 -0.325950 0.159919 -0.137381 -0.164022 -0.405352 -0.063565 -0.483456 -0.317364 -0.190186 -0.232954 0.257267 -0.503834 -0.327543 0.007406 -0.000385 -0.344969 -0.610039 0.170561 0.230878 -0.030739 -0.170817 -0.012923 -0.001604 0.524844 0.325755 -0.165567 -0.321760 -0.395745 -0.631344 0.181269 0.119508 0.129799 -0.028720 0.546089 0.316862 0.153314 0.133668 0.210129 0.060439 0.315066 0.080868 0.608112 0.486361 0.338790 0.418045 0.101977 -0.183780 0.249125 -0.149113 -0.337500 -0.533316 0.184960 -0.028622 -0.068133 0.193132 -0.111440 -0.129551 -0.529831 -0.498174 -0.266164 -0.232115 -0.148425 0.146603 -0.113658 -0.051328 -0.142991 -0.080970 -0.132948 -0.131152 -0.126228 -0.336675 -0.358812 0.194019 -0.037386 -0.245044 -0.105952 -0.231099
0.121428 0.489341 -0.259290 0.222975 0.051115 -0.049436 0.288379 0.167769 -0.010889 -0.082390 -0.207811 -0.338244 0.363282 0.458644 0.322628 0.193531 0.451466 0.644347 0.127845 0.456846 0.125108 -0.027585 -0.206634 -0.286734 -0.007489 -0.363617 -0.333815 -0.330233 0.697057 1.000000 0.242387 0.148003 0.372070 0.383547 -0.637288 -0.455825 0.322042 0.231749 -0.106180 -0.103556 0.303780 -0.122752 -0.324086 -0.455369 -0.224060 -0.585603 -0.369302 -0.394550 -0.321901 0.412492 -0.591200 -0.114673 0.120002 0.273087 -0.413775 -0.588063 0.341750 0.393241 0.105357 0.141382 -0.235101 0.124124 0.685090 0.636262 -0.494348 -0.498397 -0.275249 -0.628182 0.118366 0.088833 0.085371 0.036805 0.758245 0.502782 0.243045 0.212273 0.144792 -0.168576 0.397838 0.127035 0.742161 0.735920 -0.074840 0.463802 -0.109991 -0.113266 -0.035425 -0.202315 -0.585344 -0.597554 0.139314 0.013638 -0.079635 0.219804 -0.217666 -0.239267 -0.655964 -0.444511 -0.104429 -0.116014 -0.201888 0.223132 -0.082001 -0.115184 -0.238273 0.084013 -0.182176 -0.154519 -0.005057 -0.318892 -0.443766 0.190951 0.127450 -0.286030 -0.015075 -0.184328
0.181693 0.148229 0.214369 0.396402 0.327869 0.341558 0.338478 0.180942 0.147533 -0.040031 -0.069824 -0.176745 -0.044983 -0.095646 0.230998 -0.078155 -0.248718 0.192983 0.064797 0.113943 0.245301 0.236134 0.414306 0.179824 0.579968 0.444540 0.442243 0.320502 0.075929 0.242387 1.000000 0.779841 0.012437 0.044419 -0.238080 -0.223314 -0.186146 -0.067630 -0.098868 0.120193 -0.045416 -0.077869 -0.187666 -0.096875 -0.084888 -0.192689 -0.144736 -0.225747 -0.200383 -0.004436 -0.050494 -0.188553 -0.275475 -0.021328 -0.276877 -0.171433 0.064364 0.165510 -0.223092 0.026222 -0.365979 -0.256205 0.101010 0.044437 0.047966 -0.368952 -0.029939 -0.058842 0.027119 -0.013454 0.108807 0.091670 0.121439 0.084263 0.047192 0.194544 -0.231711 -0.287245 -0.123235 0.025171 -0.088753 0.082362 0.118177 0.202813 -0.069327 0.047725 0.128359 0.045612 0.015730 -0.181656 -0.249665 -0.208646 -0.230695 0.076274 -0.158091 -0.245774 -0.237619 -0.238664 -0.075544 -0.050213 -0.060406 -0.000010 -0.198937 -0.027264 -0.073299 0.016392 -0.129074 -0.058623 0.191225 -0.127176 -0.255025 0.079347 -0.051659 -0.117375 0.163669 0.098567
0.036525 0.031731 0.311917 0.511556 0.093278 0.268541 0.405607 0.333218 -0.012166 0.063248 0.011818 0.077523 -0.134944 -0.071938 0.055233 0.062568 -0.209271 0.179365 0.122931 0.169324 0.104191 -0.016015 0.594657 0.413782 0.300433 0.443769 0.357740 0.289817 0.038788 0.148003 0.779841 1.000000 -0.149180 -0.009998 -0.082172 -0.113976 -0.201591 -0.193961 -0.148352 0.033980 -0.097235 -0.072754 -0.310355 -0.195812 -0.113111 -0.136057 -0.226137 -0.219345 -0.271416 -0.176807 -0.032431 -0.271869 -0.283812 -0.131874 -0.239862 -0.222349 -0.108042 -0.099020 -0.419297 -0.108996 -0.388309 -0.288543 0.047737 0.046823 0.274078 -0.162256 -0.161769 -0.084843 -0.026113 -0.101178 0.005629 0.029365 0.044784 -0.093387 -0.089532 0.092703 -0.134957 -0.144072 -0.154578 -0.094948 -0.141450 -0.052204 0.170632 0.258306 0.177016 0.192745 0.118695 0.225936 0.186766 -0.063698 -0.224217 -0.301799 -0.184629 -0.128953 -0.004704 -0.211449 -0.187052 -0.133095 -0.152468 -0.207943 -0.055399 -0.108955 -0.162013 -0.043512 -0.064521 -0.184060 -0.135026 -0.076956 0.139466 -0.085762 -0.123468 -0.022814 -0.170005 -0.070805 0.105024 0.038351
0.232945 0.482387 -0.397332 -0.070046 -0.004543 0.051753 -0.003785 0.028825 -0.007236 -0.217449 -0.297313 -0.317125 0.246057 0.241698 0.013249 -0.175583 0.383779 0.245334 -0.102129 0.084212 0.100217 0.189319 -0.546572 -0.580500 0.049298 -0.240375 -0.284342 -0.216612 0.150708 0.372070 0.012437 -0.149180 1.000000 0.680144 -0.343125 -0.195249 0.149162 0.195045 -0.238454 -0.185328 0.083967 -0.194578 -0.193541 -0.138693 -0.079077 -0.119185 -0.182995 -0.200587 -0.033553 0.325093 -0.175063 0.270100 0.200286 0.211681 -0.153871 -0.184894 0.392175 0.509190 0.286319 0.304196 -0.038323 0.283801 0.317688 0.386673 -0.567760 -0.270383 0.291874 -0.024272 0.281610 0.217063 0.045782 -0.181693 0.473069 0.135829 0.195549 0.040604 -0.104761 -0.219214 0.523318 0.198318 0.460874 0.562756 -0.510777 -0.039445 -0.366577 -0.182032 -0.399323 -0.584282 -0.634435 -0.447235 -0.197509 -0.241386 -0.062967 0.044729 -0.192311 -0.078351 -0.128791 -0.168915 0.247720 0.164848 -0.076297 0.286867 -0.182918 -0.264290 -0.360041 0.069064 -0.360997 -0.346904 0.051391 -0.254267 -0.217569 0.228014 0.039864 -0.133963 -0.065707 -0.008166
0.080992 0.431426 -0.349786 -0.093347 0.081368 0.001690 0.114895 0.152908 0.096492 -0.064359 -0.240323 -0.253980 0.339781 0.395547 0.037157 0.013527 0.384827 0.305758 0.036061 0.240782 0.063591 0.074581 -0.419055 -0.454640 0.051285 -0.196945 -0.324469 -0.243924 0.247304 0.383547 0.044419 -0.009998 0.680144 1.000000 -0.256896 -0.008690 0.076397 0.053135 -0.218468 -0.136868 0.117537 -0.165131 -0.322132 -0.261538 0.025091 -0.083933 -0.344048 -0.215109 -0.167660 0.283004 -0.429617 0.097782 0.134076 0.054469 -0.287801 -0.261237 0.258657 0.327857 0.314957 0.296626 0.049495 0.412019 0.324476 0.422438 -0.463544 -0.107946 0.169421 -0.117455 0.232432 0.298078 0.081484 -0.139345 0.445316 0.194613 0.081410 0.196503 0.049446 -0.065702 0.371305 0.224040 0.404260 0.469760 -0.407630 0.012634 -0.414920 -0.288416 -0.352349 -0.430837 -0.610252 -0.458008 -0.181933 -0.210265 -0.168038 -0.026622 -0.124184 -0.034116 -0.147521 -0.109828 -0.033597 -0.174035 0.014433 0.288874 -0.380411 -0.152546 -0.302023 -0.051819 -0.279463 -0.296472 -0.026590 -0.190401 -0.024212 0.005797 -0.231078 -0.241428 -0.182942 -0.261872
-0.060823 -0.542747 0.265315 -0.297928 -0.078668 0.018840 -0.272322 -0.203019 0.020474 -0.026564 0.332064 0.200154 -0.215744 -0.415464 -0.276260 -0.269082 -0.309478 -0.503390 -0.071438 -0.404095 -0.015080 -0.073811 0.205839 0.187810 0.023101 0.334086 0.272864 0.264927 -0.375330 -0.637288 -0.238080 -0.082172 -0.343125 -0.256896 1.000000 0.627008 -0.164966 -0.275605 0.201971 -0.016257 -0.242201 0.177171 0.338331 0.323703 0.393131 0.530100 0.169343 0.266212 0.298727 -0.321628 0.472188 -0.110742 -0.135677 -0.156544 0.299962 0.185945 -0.305858 -0.398099 -0.132015 -0.338828 0.312356 -0.273166 -0.629709 -0.614661 0.458847 0.368229 0.181601 0.433513 -0.131635 -0.078987 -0.055760 0.151590 -0.604499 -0.385582 -0.432550 -0.122425 -0.018228 0.204238 -0.372961 -0.115717 -0.558597 -0.595794 0.166988 -0.393322 0.258036 0.075988 0.136732 0.090776 0.521596 0.366837 -0.028100 -0.103755 -0.107991 -0.248891 0.312742 0.175054 0.448328 0.312268 -0.050441 -0.037442 0.061154 -0.155199 -0.019746 0.221507 0.298544 -0.151420 0.251528 0.169159 -0.036394 0.241594 0.373197 -0.190353 -0.145659 0.286326 0.041604 0.065189
-0.179307 -0.589871 0.260510 -0.359806 0.047254 0.098682 -0.196362 -0.061988 0.279533 0.146603 0.325644 0.165511 0.134243 -0.187632 -0.087922 -0.116993 -0.161397 -0.288195 -0.216010 -0.409702 -0.101392 -0.055881 0.088650 0.126600 0.176300 0.436963 0.290597 0.291213 -0.229575 -0.455825 -0.223314 -0.113976 -0.195249 -0.008690 0.627008 1.000000 -0.183440 -0.129117 0.178333 0.058805 -0.113627 0.110311 0.278323 0.279605 0.396027 0.556002 0.041637 0.166733 0.275590 -0.389968 0.396676 -0.234157 -0.160651 -0.368595 0.214175 0.155466 -0.318939 -0.430904 -0.154966 -0.479172 0.449796 -0.222751 -0.612614 -0.462456 0.334253 0.465951 -0.063354 0.346478 -0.122505 -0.091721 0.122007 0.258656 -0.425171 -0.168048 -0.310397 -0.135749 -0.022957 0.268512 -0.360116 -0.118400 -0.448757 -0.443836 0.025744 -0.349729 0.065184 -0.017898 0.112426 -0.040174 0.339002 0.290239 0.001950 -0.038876 -0.083683 -0.183980 0.030767 0.097782 0.345069 0.171587 -0.116637 -0.069026 0.071626 -0.234189 -0.112643 0.264436 0.158401 -0.178087 0.174050 0.181596 -0.055484 0.069595 0.309995 -0.333905 -0.257802 0.234564 0.026878 -0.032098
