1.000000 0.397326 0.295001 -0.086460 -0.010080 -0.137380 0.422134 -0.004519 -0.049318 -0.191240 0.430009 0.105052 0.347793 0.104279 0.231938 0.028547 0.192177 0.123110 0.199029 0.122676 0.216260 0.009481 0.149268 -0.031096 -0.072489 -0.019417 -0.034513 0.039977 0.120264 -0.059746 0.243178 0.026034 -0.000042 -0.101361 -0.079391 -0.136612 -0.197759 -0.348164 -0.316788 -0.259960 -0.052800 0.075610 -0.081042 0.102350 -0.043976 -0.124390 0.084472 -0.240433 0.054029 -0.103065 -0.010050 0.008647 0.164929 -0.024683 0.003514 -0.288500 0.350485 0.433461 0.090851 -0.015624 0.342417 0.156539 -0.154243 0.019622 0.072909 -0.003321 0.023009 -0.330280 -0.016144 -0.234584 0.286013 0.128105 0.089649 0.236892 0.293745 0.353144 0.217539 -0.060691 0.181161 0.044253 -0.163939 -0.051019 -0.003673 -0.180680 0.230433 0.060049 -0.033404 -0.215306 0.241077 0.142499 -0.379002 -0.396514 -0.202288 -0.232383 -0.134717 -0.252417 -0.226180 -0.167409 -0.129813 -0.007421 -0.009054 -0.109032 -0.106496 -0.216158 -0.047539 0.039769 -0.283280 -0.104408 -0.005753 -0.330106 -0.266600 -0.063860 0.097371 0.121696 0.151211 0.297378
0.397326 1.000000 -0.088879 -0.033948 -0.040908 -0.273989 -0.001469 0.119821 -0.071541 -0.115095 0.140249 0.195038 0.063455 0.328132 -0.160657 -0.004641 0.377150 0.450235 -0.093896 0.512109 -0.089419 -0.375137 -0.406892 -0.257704 -0.140010 -0.322213 -0.259193 -0.399600 0.331355 0.372398 -0.027783 -0.186094 0.376372 0.096553 -0.370752 -0.246782 -0.143414 -0.010381 -0.447445 -0.213751 -0.043276 0.163066 -0.241098 -0.131242 -0.066012 -0.060137 -0.038436 -0.263272 -0.140753 -0.034487 -0.197129 -0.074080 0.083749 0.048539 -0.311842 -0.183937 0.279574 0.593341 -0.083459 0.232899 0.219785 0.454167 0.382288 0.499227 -0.223892 0.003056 -0.037438 -0.115912 0.157204 -0.107288 0.129593 0.091842 0.341704 0.154635 0.121273 0.099961 0.037619 0.045523 0.362443 0.180173 0.282591 0.407084 -0.381009 0.083523 -0.280565 -0.023247 -0.260835 -0.368888 -0.176500 -0.130286 -0.206714 -0.341620 -0.228088 -0.248039 -0.155275 -0.135911 -0.360335 -0.164730 0.151920 0.098689 0.109342 -0.122449 -0.054267 -0.186398 -0.011003 0.086022 -0.137577 -0.057842 0.035596 -0.261182 -0.282404 0.068105 0.146802 0.052493 0.173496 0.344773
0.295001 -0.088879 1.000000 0.478019 -0.126315 -0.033140 0.737843 0.435648 -0.123190 -0.222511 0.194838 0.192209 0.240091 -0.044951 0.059239 -0.212893 -0.208513 -0.249894 0.567898 -0.251713 0.245459 0.105443 0.659411 0.423520 0.041843 0.287734 -0.046791 0.089433 -0.285115 -0.269218 0.431778 0.513566 -0.309356 0.364162 0.268587 0.362249 -0.385891 -0.445947 -0.182128 -0.289677 -0.084919 -0.097650 0.163698 0.330428 -0.197378 -0.073010 -0.060926 -0.044860 0.331870 -0.277218 0.423082 0.044214 -0.104873 -0.286091 -0.035852 -0.338205 -0.144349 -0.122991 -0.061838 -0.318012 -0.033445 -0.349149 -0.538007 -0.464887 0.231034 0.170455 0.056867 0.004124 -0.212749 -0.250564 0.385431 0.304255 -0.287142 0.235205 -0.015238 0.131831 -0.015081 -0.132738 0.017098 -0.097781 -0.423491 -0.372646 -0.010327 -0.567765 0.245109 -0.104899 -0.045327 -0.170727 0.221509 0.013815 -0.248109 -0.089228 -0.207662 -0.200083 -0.031145 -0.207604 -0.005726 -0.135724 -0.448403 -0.400964 -0.165881 -0.192194 -0.259910 -0.116904 -0.159653 -0.096286 -0.265981 -0.099003 -0.121385 -0.333024 0.092910 -0.329144 -0.312467 -0.105803 -0.012534 -0.034688
-0.086460 -0.033948 0.478019 1.000000 0.113664 0.171717 0.325140 0.625913 -0.156024 0.142426 0.146206 0.409066 0.041537 0.106709 0.151130 0.222998 -0.207474 -0.247250 0.454803 -0.058203 -0.072663 0.033261 0.569944 0.784642 0.323322 0.454348 0.035233 -0.023667 -0.112369 -0.023494 0.386441 0.563170 -0.390367 0.465201 0.094429 0.246721 -0.397692 -0.228225 -0.160429 0.029200 -0.002163 0.051869 -0.249221 -0.146851 -0.272556 -0.006555 -0.451486 -0.311733 0.028778 -0.253108 0.124436 -0.359509 -0.341182 -0.388024 -0.019792 -0.245639 -0.305693 -0.301089 -0.175077 -0.386953 -0.230619 -0.380202 -0.408641 -0.388144 0.383045 0.247196 -0.248205 -0.045250 -0.144506 -0.192531 0.399554 0.402212 -0.259010 0.152060 -0.230406 -0.064045 -0.393043 0.044511 -0.007761 -0.090350 -0.267952 -0.279961 0.219585 0.009935 0.160828 0.030446 -0.031836 0.218236 0.278530 0.247490 -0.261299 -0.128916 -0.322687 -0.284433 0.117877 -0.090017 -0.150982 0.088059 -0.539387 -0.443836 -0.382770 -0.255672 -0.350322 -0.134442 -0.180656 -0.174452 -0.035966 -0.032300 -0.125607 -0.166318 -0.014886 -0.410018 -0.427417 -0.257893 0.007643 -0.235840
-0.010080 -0.040908 -0.126315 0.113664 1.000000 0.591224 -0.113807 -0.113907 0.737861 0.749303 0.096322 0.127255 0.024215 0.126309 0.433366 0.486856 -0.051250 -0.039900 -0.097276 -0.060543 0.130475 0.194206 -0.067603 -0.027258 0.781247 0.562601 0.574175 0.277378 -0.030213 0.124207 0.056611 0.053257 -0.046514 0.156147 -0.209963 0.066029 -0.282411 -0.128730 -0.184500 -0.084279 -0.098041 -0.054430 -0.199477 -0.186992 0.124243 0.123895 -0.125031 -0.076950 0.160352 0.273140 -0.254186 -0.175441 -0.261869 -0.223355 -0.260419 -0.191608 -0.025052 -0.033416 -0.009821 -0.126822 0.049387 -0.082890 -0.090025 -0.029611 0.222484 0.243177 -0.125349 -0.050700 0.030585 -0.036987 0.042410 -0.036690 -0.061028 0.011081 -0.182929 -0.068115 -0.286145 0.047033 -0.042964 0.140570 -0.059586 -0.047558 0.204767 0.283606 -0.250569 -0.045985 -0.129628 0.110162 -0.293397 -0.225032 -0.030686 0.003210 0.137871 0.161907 -0.092871 -0.067530 -0.171508 -0.093523 0.056545 -0.074217 -0.008724 0.153240 0.320406 0.103363 0.132674 0.133108 0.229375 0.051957 -0.249465 0.060490 -0.040207 0.028358 0.151573 0.090718 0.254493 -0.046665
-0.137380 -0.273989 -0.033140 0.171717 0.591224 1.000000 -0.085308 0.066993 0.522770 0.698736 -0.142348 -0.135824 -0.047681 -0.235437 0.223704 0.344033 -0.357047 -0.471693 -0.017083 -0.398000 0.057329 0.278061 0.106451 0.099951 0.549688 0.524294 0.846494 0.694529 -0.487858 -0.347108 -0.133905 -0.041262 -0.417400 -0.149696 0.180404 0.312966 -0.363945 -0.163299 -0.049697 -0.089741 -0.462647 -0.425961 0.175901 0.096748 0.096052 0.156631 -0.189811 0.257990 0.326814 0.171123 0.050801 0.044032 -0.293080 -0.158381 -0.256352 -0.208737 -0.139107 -0.203585 0.138064 0.056554 -0.006332 -0.162213 -0.322226 -0.321136 0.193911 0.243745 0.078482 0.272481 0.073583 0.187456 -0.054060 -0.209687 -0.530900 -0.157517 -0.305666 -0.138041 -0.153074 0.118795 -0.311530 -0.216947 -0.335165 -0.359016 0.093505 0.001136 -0.009244 0.151440 -0.183625 0.198077 -0.139386 -0.015297 0.176017 0.308435 0.327654 0.327260 -0.165742 -0.128595 0.027857 -0.121861 0.058018 0.050797 -0.110061 0.309073 0.241538 0.360671 0.278506 0.238318 0.318698 0.370312 -0.262980 -0.021451 0.202981 0.044308 0.146065 0.200239 0.274696 -0.049813
0.422134 -0.001469 0.737843 0.325140 -0.113807 -0.085308 1.000000 0.577743 -0.081455 -0.051554 0.425760 0.281203 0.549667 0.217286 0.353034 0.071301 -0.162921 -0.062424 0.450114 -0.240794 0.124363 -0.118358 0.506918 0.407076 -0.078021 0.076665 -0.091430 -0.052344 -0.157791 -0.244349 0.438470 0.333991 -0.361782 0.044863 0.129992 0.068681 -0.411773 -0.540566 -0.163034 -0.257731 -0.201581 -0.054635 0.002735 0.088960 -0.119794 -0.035410 -0.193486 -0.222501 0.344025 -0.073221 0.312749 -0.030243 -0.213023 -0.207116 -0.084813 -0.423000 -0.108651 -0.166908 0.055081 -0.301118 0.325763 -0.031849 -0.483575 -0.378247 0.470050 0.304107 -0.141108 -0.106651 -0.244086 -0.257258 0.395963 0.139784 -0.274228 0.091190 -0.106506 0.049711 -0.235707 -0.172505 -0.040126 -0.309952 -0.467943 -0.381552 0.040682 -0.360655 0.212145 -0.105347 -0.087774 -0.290604 0.252943 0.116138 -0.237414 -0.110947 -0.057353 -0.057089 -0.140931 -0.339523 -0.245855 -0.215556 -0.402549 -0.304752 -0.121747 -0.007023 -0.067978 -0.106568 -0.108991 -0.159652 -0.148878 -0.087295 -0.194167 -0.403473 -0.227564 -0.305923 -0.137770 -0.109590 -0.095965 -0.090784
-0.004519 0.119821 0.435648 0.625913 -0.113907 0.066993 0.577743 1.000000 -0.183178 0.168234 0.163287 0.393039 0.258574 0.382127 -0.006298 0.274980 -0.194877 -0.069542 0.192325 -0.150001 -0.116705 -0.122630 0.219458 0.496520 -0.077478 -0.034223 -0.116880 -0.182798 -0.241968 -0.065100 0.207042 0.201459 -0.387791 0.093943 0.189887 0.137040 -0.382105 -0.293433 -0.137337 0.010777 -0.170714 -0.059944 -0.114480 -0.029517 -0.094446 0.207536 -0.437503 -0.297477 0.136285 -0.154380 0.164876 -0.076919 -0.322827 -0.218470 -0.041662 -0.262366 -0.271808 -0.356470 -0.144403 -0.246123 0.089682 0.044222 -0.337509 -0.325039 0.316980 0.489206 -0.160169 0.169926 -0.283513 -0.153908 0.229417 0.090342 -0.269576 0.015012 -0.366158 -0.145160 -0.320792 0.024205 -0.079666 -0.355177 -0.311414 -0.247900 -0.169595 -0.128175 -0.002901 -0.005141 -0.098555 -0.082441 0.244821 0.236966 -0.128998 -0.121945 -0.077628 -0.214023 0.007923 -0.080032 -0.226106 0.004234 -0.362133 -0.222256 -0.153130 -0.145079 -0.191499 -0.142712 -0.126198 -0.192918 -0.137369 -0.008300 -0.025506 -0.198876 -0.142384 -0.265082 -0.204557 -0.241519 -0.107655 -0.068572
-0.049318 -0.071541 -0.123190 -0.156024 0.737861 0.522770 -0.081455 -0.183178 1.000000 0.723604 0.065171 0.055767 0.173515 0.128333 0.407512 0.422964 -0.026711 -0.020340 -0.038318 -0.212914 0.113264 0.092181 -0.201618 -0.332256 0.521722 0.335153 0.453300 0.321017 -0.192045 -0.085268 -0.056636 -0.143389 -0.018448 -0.027077 -0.252573 -0.039484 -0.158485 -0.228658 -0.040642 -0.144916 -0.234469 -0.206733 0.092015 0.012715 0.223623 0.012251 0.077948 0.189265 0.269816 0.376416 -0.092702 0.094882 -0.079256 -0.065035 -0.311556 -0.112879 0.088985 -0.107848 0.068823 -0.065396 0.218979 0.105144 -0.052233 -0.041988 0.143031 0.307356 -0.111091 -0.085477 0.173224 -0.023314 -0.079173 -0.183670 -0.179356 -0.180804 -0.138513 -0.074051 -0.154342 -0.037125 -0.092049 -0.024608 0.028599 -0.058292 0.049514 0.085167 -0.259607 0.002702 -0.145995 0.070627 -0.462228 -0.398657 0.190420 0.116437 0.362751 0.377829 -0.111453 -0.095871 0.003158 -0.161881 0.200230 0.067272 0.149507 0.364466 0.489406 0.130161 0.134434 0.145946 0.202547 0.055403 -0.193339 -0.056911 0.010180 0.108785 0.214328 0.269870 0.134223 -0.051515
-0.191240 -0.115095 -0.222511 0.142426 0.749303 0.698736 -0.051554 0.168234 0.723604 1.000000 0.054942 0.162727 0.140550 0.222467 0.431560 0.691428 -0.090805 -0.088259 -0.135153 -0.248455 -0.018611 0.109975 -0.149328 -0.024780 0.630108 0.458904 0.487002 0.285382 -0.155169 0.008107 -0.008963 -0.044403 -0.227032 -0.018530 -0.116788 0.028687 -0.363352 -0.252696 -0.066789 -0.051626 -0.229281 -0.151351 -0.125120 -0.157068 0.289672 0.265246 -0.315435 -0.022978 0.311410 0.488356 -0.082356 -0.044532 -0.453661 -0.206718 -0.335879 -0.241979 -0.101268 -0.304251 0.034968 -0.152228 0.147494 0.058941 -0.138199 -0.135478 0.372525 0.449942 -0.191178 0.062762 0.023761 -0.065322 0.054533 -0.097523 -0.210332 -0.119334 -0.333151 -0.188903 -0.360733 0.105571 -0.128879 -0.140335 -0.075412 -0.113996 0.106507 0.291548 -0.254353 0.083294 -0.237381 0.136622 -0.389543 -0.200091 0.052874 0.033820 0.259056 0.261742 -0.156528 -0.165726 -0.231930 -0.180789 -0.001426 -0.022681 -0.097865 0.350086 0.389475 0.201935 0.140123 0.144767 0.298701 0.177336 -0.307459 -0.094677 -0.097480 -0.042617 0.144793 0.098593 0.225424 -0.142895
0.430009 0.140249 0.194838 0.146206 0.096322 -0.142348 0.425760 0.163287 0.065171 0.054942 1.000000 0.700089 0.849705 0.589564 0.651810 0.412941 0.148271 0.365289 0.355610 -0.083448 0.169777 0.078287 0.204540 0.150767 0.069192 0.131386 -0.152752 -0.206176 0.356886 0.183133 0.573625 0.298461 0.002686 0.137952 -0.123626 -0.280054 -0.049197 -0.298643 -0.059160 -0.076926 0.151032 0.364326 -0.156224 -0.108394 0.066336 -0.044870 0.098632 -0.336577 0.299493 0.101294 0.097931 -0.043464 -0.109879 -0.215305 0.013065 -0.227709 -0.208799 -0.080741 -0.224630 -0.479442 0.402254 0.244866 -0.240667 -0.080293 0.452969 0.415613 -0.421557 -0.497636 -0.339300 -0.565160 0.473274 0.380106 0.123471 0.341664 0.392586 0.497429 -0.050733 0.077439 0.069633 -0.069891 -0.160498 -0.124389 0.275060 0.038833 0.314467 0.230536 -0.004625 -0.135707 -0.026849 -0.033872 -0.418213 -0.493509 -0.148321 -0.142925 0.102040 -0.178279 -0.036065 -0.003405 -0.255208 -0.423929 -0.057299 0.050352 0.039175 -0.379623 -0.377625 -0.252443 -0.226340 -0.434313 0.030127 -0.169972 -0.239244 -0.162846 -0.186434 -0.151886 -0.128650 -0.147259
0.105052 0.195038 0.192209 0.409066 0.127255 -0.135824 0.281203 0.393039 0.055767 0.162727 0.700089 1.000000 0.566445 0.733173 0.446466 0.494302 0.155894 0.423662 0.365379 0.065458 0.034204 -0.000436 0.191856 0.327154 0.183501 0.216915 -0.245958 -0.354484 0.359059 0.376259 0.587932 0.422975 0.031840 0.408759 -0.250968 -0.229522 -0.062317 -0.277750 -0.098852 -0.061219 0.216100 0.390393 -0.256574 -0.139157 -0.015242 -0.046510 -0.082891 -0.349874 0.089590 0.046179 -0.057784 -0.203677 -0.316602 -0.301162 -0.100327 -0.174020 -0.319341 -0.311492 -0.537427 -0.639215 0.108755 0.187045 -0.257688 -0.118292 0.404631 0.520460 -0.616370 -0.457481 -0.344067 -0.530891 0.521613 0.506180 0.163880 0.323717 0.241384 0.305350 -0.119009 0.142410 0.167581 -0.015029 -0.005042 0.004191 0.210854 0.214262 0.169245 0.244980 -0.036786 -0.021192 -0.048536 -0.031660 -0.285145 -0.434027 -0.209425 -0.307080 0.136266 -0.059985 -0.031408 0.043465 -0.347190 -0.507762 -0.169689 -0.207736 -0.148008 -0.454147 -0.431869 -0.360741 -0.222080 -0.363704 0.003257 -0.173171 -0.236098 -0.278920 -0.311864 -0.290085 -0.230658 -0.241735
0.347793 0.063455 0.240091 0.041537 0.024215 -0.047681 0.549667 0.258574 0.173515 0.140550 0.849705 0.566445 1.000000 0.600534 0.609359 0.399485 0.049986 0.303255 0.358387 -0.298216 0.149744 0.005962 0.156205 0.086257 -0.035149 0.008866 -0.110520 -0.106762 0.141997 0.015072 0.511583 0.200561 -0.069619 -0.022732 -0.089101 -0.282666 -0.124803 -0.412964 -0.012388 -0.133389 -0.077179 0.186156 0.047955 0.043297 0.212893 0.043438 0.059120 -0.157862 0.472197 0.225486 0.236978 0.092721 -0.153756 -0.167487 -0.064283 -0.286287 -0.230717 -0.176572 -0.105908 -0.447252 0.569385 0.297362 -0.310849 -0.224192 0.480197 0.545139 -0.324897 -0.337861 -0.318593 -0.485647 0.389404 0.162923 -0.005991 0.217848 0.311717 0.364843 -0.047251 0.004707 -0.046452 -0.281433 -0.273120 -0.267077 0.088440 -0.165880 0.274690 0.151151 -0.071294 -0.142127 -0.111910 -0.076635 -0.246492 -0.298867 0.041902 0.052720 0.005998 -0.296189 -0.058462 -0.102916 -0.183202 -0.320478 0.020623 0.205925 0.165213 -0.285902 -0.328166 -0.276120 -0.152327 -0.320217 -0.037483 -0.227088 -0.156558 -0.105620 -0.088471 -0.093775 -0.242785 -0.227795
0.104279 0.328132 -0.044951 0.106709 0.126309 -0.235437 0.217286 0.382127 0.128333 0.222467 0.589564 0.733173 0.600534 1.000000 0.328721 0.596966 0.250040 0.655634 0.034283 0.070172 0.055590 -0.126093 -0.189115 0.073902 0.026223 -0.129980 -0.365826 -0.529645 0.387378 0.530492 0.340089 0.119780 0.174864 0.195301 -0.358822 -0.431132 -0.060919 -0.152007 -0.176280 -0.078641 0.171868 0.429062 -0.280696 -0.232169 0.191653 0.079882 -0.047137 -0.389834 0.061392 0.195532 -0.159197 -0.067234 -0.177277 -0.186958 -0.133777 -0.135710 -0.212946 -0.221309 -0.413623 -0.418590 0.354163 0.505074 0.030439 0.169416 0.233624 0.540807 -0.487538 -0.344986 -0.349972 -0.447181 0.293209 0.279965 0.328597 0.284894 0.211438 0.256294 -0.097284 0.047028 0.130063 -0.086508 0.122166 0.192340 -0.130566 0.235136 -0.153476 0.032101 -0.144429 -0.186638 -0.136491 -0.034613 -0.158824 -0.399116 -0.075517 -0.204392 -0.005143 -0.142882 -0.219596 -0.072106 -0.126924 -0.304513 0.047033 -0.105237 0.035169 -0.355895 -0.336833 -0.269853 -0.220119 -0.382728 0.015439 -0.115644 -0.345788 -0.107151 -0.096533 -0.146322 -0.274284 -0.137434
0.231938 -0.160657 0.059239 0.151130 0.433366 0.223704 0.353034 -0.006298 0.407512 0.431560 0.651810 0.446466 0.609359 0.328721 1.000000 0.638705 -0.069865 0.100864 0.310389 -0.232387 0.347664 0.242734 0.380933 0.287658 0.507720 0.535781 0.201242 0.141286 0.171510 0.024431 0.627627 0.456897 -0.209792 0.109119 -0.147255 -0.265031 -0.203445 -0.437424 0.022644 -0.091623 0.002155 0.288702 -0.143432 -0.121322 0.084988 -0.066998 -0.039243 -0.200961 0.278597 0.355713 0.102533 -0.109286 -0.317021 -0.246487 -0.210817 -0.331119 -0.198181 -0.226923 -0.029758 -0.456703 0.230351 -0.007726 -0.389415 -0.267882 0.686593 0.359173 -0.439639 -0.454114 -0.160177 -0.411137 0.466635 0.279658 -0.168555 0.199761 0.213597 0.346030 -0.286087 -0.080126 -0.101454 -0.161875 -0.258868 -0.272228 0.522416 0.175025 0.281717 0.247456 -0.093515 0.103594 -0.156345 -0.138222 -0.234584 -0.233314 0.092685 0.162043 0.004951 -0.278485 -0.126554 -0.086485 -0.251217 -0.422266 -0.113611 0.255124 0.217037 -0.174997 -0.273054 -0.217548 0.009207 -0.260990 -0.245091 -0.184082 -0.248459 -0.158467 -0.102962 -0.085641 -0.159288 -0.286582
0.028547 -0.004641 -0.212893 0.222998 0.486856 0.344033 0.071301 0.274980 0.422964 0.691428 0.412941 0.494302 0.399485 0.596966 0.638705 1.000000 -0.009915 0.232348 0.001638 -0.148120 0.144767 0.263290 -0.038892 0.230612 0.454236 0.314095 0.140216 0.009347 0.146893 0.272227 0.259152 0.144253 -0.111554 0.104745 -0.262442 -0.298005 -0.227271 -0.251211 -0.049573 0.062538 0.030329 0.224433 -0.369278 -0.316622 0.150261 0.070388 -0.281843 -0.339125 0.128036 0.289098 -0.129555 -0.160522 -0.393418 -0.272919 -0.101843 -0.146285 -0.216545 -0.329975 -0.207229 -0.404835 0.259825 0.208940 -0.159945 -0.069501 0.429023 0.489942 -0.481591 -0.267020 -0.221914 -0.276156 0.248817 0.229011 0.022169 0.190139 0.014860 0.183075 -0.348450 0.127251 -0.142938 -0.174055 -0.070836 0.006770 0.193264 0.476478 -0.109874 0.317437 -0.171294 0.156551 -0.139085 0.106336 -0.186899 -0.275685 0.051939 -0.049258 -0.037651 -0.113812 -0.196699 -0.034251 -0.278242 -0.360225 -0.158778 0.055920 0.115059 -0.065530 -0.144782 -0.099940 0.048143 -0.112069 -0.202106 -0.030388 -0.315028 -0.220830 -0.089328 -0.066150 -0.067110 -0.243683
0.192177 0.377150 -0.208513 -0.207474 -0.051250 -0.357047 -0.162921 -0.194877 -0.026711 -0.090805 0.148271 0.155894 0.049986 0.250040 -0.069865 -0.009915 1.000000 0.666258 0.058209 0.505215 -0.136221 -0.248655 -0.139442 -0.230020 -0.124526 -0.211105 -0.295439 -0.329291 0.590944 0.438887 0.108262 -0.073933 0.383500 0.027447 -0.430012 -0.426390 0.256518 0.039235 0.059532 0.129356 0.471619 0.364725 -0.283014 -0.208913 0.080816 -0.085229 -0.047986 -0.317032 -0.283348 0.164852 -0.249045 -0.128964 -0.033188 0.145039 0.094732 0.184987 0.588261 0.383601 -0.293933 -0.188756 0.001837 0.147847 0.342343 0.526918 -0.174848 -0.138275 -0.361995 -0.573344 0.148346 -0.343356 0.118887 0.128320 0.544796 0.300542 0.271822 0.097319 0.099880 -0.078780 0.614332 0.378998 0.655733 0.683594 0.085232 0.242356 -0.055718 -0.160418 0.067605 -0.087458 -0.169530 -0.071519 -0.323378 -0.491612 -0.513860 -0.385087 0.148945 0.062546 -0.185053 0.097766 -0.054509 0.093172 -0.018181 -0.070851 -0.214533 -0.329328 -0.377641 -0.274200 -0.226134 -0.318492 0.260817 -0.059605 -0.240149 -0.091748 -0.188933 -0.254381 -0.046684 0.046694
0.123110 0.450235 -0.249894 -0.247250 -0.039900 -0.471693 -0.062424 -0.069542 -0.020340 -0.088259 0.365289 0.423662 0.303255 0.655634 0.100864 0.232348 0.666258 1.000000 -0.073312 0.403861 -0.036478 -0.204534 -0.286585 -0.194215 -0.196591 -0.332861 -0.429678 -0.518936 0.624403 0.667611 0.231386 0.006586 0.494053 0.073991 -0.468236 -0.493393 0.183962 0.103162 -0.099189 0.067997 0.351607 0.460088 -0.280145 -0.248644 0.202964 -0.037204 0.137601 -0.280717 -0.234219 0.213454 -0.228989 -0.008344 0.003029 0.175278 -0.119253 0.172953 0.219365 0.182110 -0.437014 -0.285397 0.171321 0.446983 0.323745 0.566957 -0.077288 0.103615 -0.480670 -0.511064 -0.166813 -0.415812 0.180217 0.247279 0.557637 0.319223 0.286138 0.229258 0.004947 -0.039452 0.307575 0.198019 0.452924 0.582167 -0.041599 0.312112 -0.177471 -0.012374 -0.114858 -0.320489 -0.290918 -0.075222 -0.173979 -0.410485 -0.259862 -0.243252 0.085068 0.061391 -0.176810 0.061273 0.089248 -0.058582 0.210310 -0.102931 -0.031022 -0.342544 -0.339203 -0.271821 -0.275559 -0.436846 0.145016 0.023890 -0.258459 -0.003856 -0.073017 -0.165637 -0.241470 -0.069986
0.199029 -0.093896 0.567898 0.454803 -0.097276 -0.017083 0.450114 0.192325 -0.038318 -0.135153 0.355610 0.365379 0.358387 0.034283 0.310389 0.001638 0.058209 -0.073312 1.000000 0.025830 0.152507 0.061824 0.643850 0.464625 0.121355 0.330806 -0.038298 0.083154 -0.086439 -0.247494 0.535609 0.529397 -0.290374 0.269492 0.015494 -0.023116 -0.187616 -0.408498 0.140766 -0.017094 0.046251 0.106640 0.021808 0.073528 -0.204642 -0.287275 -0.127523 -0.115540 0.236862 -0.114145 0.201795 -0.125955 -0.176228 -0.230443 0.025845 -0.193420 -0.109423 -0.204327 -0.095462 -0.391554 0.000617 -0.228251 -0.456080 -0.383693 0.458722 0.203114 -0.265470 -0.330706 -0.002310 -0.319358 0.397850 0.310031 -0.221699 0.153553 0.150332 0.141033 -0.057261 -0.173640 0.079699 -0.194608 -0.265044 -0.308677 0.260271 -0.247032 0.372387 -0.045988 0.062573 0.065769 0.055036 0.007676 -0.216409 -0.074907 -0.202243 -0.138826 0.227327 -0.060802 0.076346 0.132314 -0.439182 -0.331584 -0.153917 -0.158680 -0.305572 -0.390579 -0.441274 -0.469616 -0.197105 -0.192531 0.098113 -0.242590 0.099476 -0.157361 -0.393453 -0.357413 -0.290388 -0.196540
0.122676 0.512109 -0.251713 -0.058203 -0.060543 -0.398000 -0.240794 -0.150001 -0.212914 -0.248455 -0.083448 0.065458 -0.298216 0.070172 -0.232387 -0.148120 0.505215 0.403861 0.025830 1.000000 -0.092785 -0.302124 -0.230104 -0.107429 -0.071981 -0.224565 -0.322334 -0.417782 0.516590 0.397154 -0.043029 -0.049622 0.417145 0.242273 -0.489553 -0.223551 0.142046 0.123114 -0.092492 0.043359 0.326019 0.259112 -0.402551 -0.414048 -0.228186 -0.296865 -0.096764 -0.287801 -0.493046 -0.141890 -0.556425 -0.460934 0.009870 0.009186 -0.104062 0.000683 0.446275 0.367551 -0.271898 0.120662 -0.181345 0.179205 0.429495 0.521342 -0.323796 -0.411353 -0.232500 -0.288300 0.388901 0.110358 0.083393 0.137094 0.459776 0.038513 0.092486 -0.023351 -0.011909 -0.129102 0.521907 0.329399 0.576609 0.605331 -0.025134 0.386821 -0.246212 -0.357572 -0.030219 -0.121840 -0.051462 -0.074138 -0.019094 -0.157168 -0.313192 -0.292061 0.055040 0.063725 -0.205923 0.065659 0.018413 0.141387 0.054460 -0.326469 -0.272387 -0.257650 -0.074234 -0.077488 -0.043924 -0.006718 0.214991 -0.105017 -0.226476 -0.009242 0.005541 -0.172877 0.021883 0.335711
0.216260 -0.089419 0.245459 -0.072663 0.130475 0.057329 0.124363 -0.116705 0.113264 -0.018611 0.169777 0.034204 0.149744 0.055590 0.347664 0.144767 -0.136221 -0.036478 0.152507 -0.092785 1.000000 0.504360 0.221898 0.073327 0.248212 0.349324 0.126987 0.161286 0.083446 0.084278 0.464980 0.437232 0.036393 0.242877 0.012483 -0.043963 0.071015 -0.089756 0.052486 -0.180772 0.140885 0.227091 0.052685 0.283511 0.054383 0.010969 0.193679 0.058237 0.110712 0.098655 0.060301 0.102805 -0.062130 -0.278011 -0.189230 -0.313918 -0.152719 -0.013238 -0.107161 -0.166425 -0.094449 -0.113424 -0.262122 -0.169052 0.075121 0.034249 -0.028361 -0.149863 -0.236579 -0.233047 0.515512 0.378878 0.023416 0.416800 0.431097 0.557176 0.238564 0.095311 -0.045834 -0.062536 -0.172672 -0.127697 0.160713 -0.153472 0.183808 0.140686 -0.072221 -0.011965 -0.064357 -0.239726 -0.156233 -0.184255 0.020415 -0.025554 -0.030902 -0.096258 0.121908 -0.050684 -0.099550 -0.366196 -0.040741 -0.001815 0.049271 -0.105966 -0.108215 -0.041452 -0.175985 -0.175919 -0.096940 -0.010784 0.100079 -0.093618 -0.122475 0.114135 -0.152578 0.044153
0.009481 -0.375137 0.105443 0.033261 0.194206 0.278061 -0.118358 -0.122630 0.092181 0.109975 0.078287 -0.000436 0.005962 -0.126093 0.242734 0.263290 -0.248655 -0.204534 0.061824 -0.302124 0.504360 1.000000 0.199202 0.098469 0.254516 0.413213 0.306429 0.416966 -0.069818 -0.033310 0.214412 0.283977 -0.082983 0.186373 0.219801 0.181044 -0.100795 -0.001087 0.135971 0.028270 0.045099 -0.048516 0.046577 0.221117 -0.027938 0.091827 0.080707 0.066857 0.065744 -0.093871 0.093620 0.111676 -0.193684 -0.230594 0.125429 0.026312 -0.196078 -0.104846 -0.123009 -0.148007 -0.143864 -0.292999 -0.282892 -0.275942 0.029163 0.056162 0.107295 0.080601 -0.196716 -0.079248 0.232558 0.338251 -0.102156 0.267029 0.124181 0.260637 0.054901 0.242900 -0.174190 -0.001012 -0.267871 -0.170859 0.256774 -0.002874 0.142341 0.389057 0.080117 0.178673 -0.017367 0.033778 -0.221232 -0.092114 -0.009217 -0.107860 -0.020192 -0.005173 0.204514 0.012655 -0.219881 -0.351682 -0.163396 -0.158661 -0.164990 0.072683 -0.048407 0.016417 -0.084649 0.033009 -0.182774 0.186278 0.062500 -0.209262 -0.178578 0.059036 -0.080052 -0.084156
0.149268 -0.406892 0.659411 0.569944 -0.067603 0.106451 0.506918 0.219458 -0.201618 -0.149328 0.204540 0.191856 0.156205 -0.189115 0.380933 -0.038892 -0.139442 -0.286585 0.643850 -0.230104 0.221898 0.199202 1.000000 0.755579 0.220032 0.565580 0.171793 0.275819 -0.127487 -0.288657 0.573481 0.724766 -0.472821 0.250327 0.251078 0.227362 -0.197996 -0.313900 0.117428 0.004828 0.101792 0.092330 0.067066 0.149702 -0.225927 -0.152868 -0.102807 -0.053238 0.076449 -0.145271 0.321554 -0.122692 -0.182482 -0.193922 0.090683 -0.172975 -0.166513 -0.271380 -0.109344 -0.477507 -0.283274 -0.548765 -0.665647 -0.531016 0.457732 0.037844 -0.257715 -0.313127 -0.180055 -0.313262 0.422662 0.335357 -0.397383 0.264700 0.066091 0.171128 -0.131935 -0.131589 -0.062453 -0.099631 -0.383189 -0.424147 0.557193 -0.232161 0.644566 0.051989 0.143290 0.167048 0.378048 0.220204 -0.250390 -0.072797 -0.264353 -0.187582 0.169990 -0.097046 0.073009 0.115205 -0.546272 -0.428871 -0.340944 -0.184943 -0.379515 -0.190130 -0.343922 -0.327807 -0.247055 -0.194478 -0.061930 -0.141000 0.086161 -0.358834 -0.437263 -0.283331 -0.186901 -0.324298
-0.031096 -0.257704 0.423520 0.784642 -0.027258 0.099951 0.407076 0.496520 -0.332256 -0.024780 0.150767 0.327154 0.086257 0.073902 0.287658 0.230612 -0.230020 -0.194215 0.464625 -0.107429 0.073327 0.098469 0.755579 1.000000 0.215526 0.432982 0.064786 0.037431 -0.072495 -0.069519 0.465929 0.648143 -0.389604 0.325607 0.171469 0.161503 -0.225779 -0.128173 0.072031 0.123611 0.061335 0.190244 -0.205633 -0.110612 -0.307678 -0.093132 -0.370549 -0.226800 -0.056902 -0.234089 0.057007 -0.369703 -0.346098 -0.332721 0.095121 -0.158561 -0.357924 -0.354507 -0.219640 -0.528547 -0.260171 -0.463714 -0.543150 -0.502137 0.484675 0.150799 -0.398338 -0.204777 -0.234038 -0.171162 0.422759 0.363968 -0.282751 0.222988 -0.078781 0.004229 -0.345633 -0.013712 -0.142268 -0.197117 -0.398749 -0.364756 0.413095 0.049570 0.399339 0.066485 0.041921 0.261346 0.451413 0.416037 -0.192207 -0.015186 -0.232349 -0.226438 0.167997 -0.069374 -0.018895 0.186353 -0.613629 -0.535443 -0.317007 -0.364256 -0.434682 -0.140142 -0.251848 -0.291558 -0.116396 -0.089249 -0.099660 -0.010290 0.044393 -0.448146 -0.480510 -0.331159 -0.194285 -0.388301
-0.072489 -0.140010 0.041843 0.323322 0.781247 0.549688 -0.078021 -0.077478 0.521722 0.630108 0.069192 0.183501 -0.035149 0.026223 0.507720 0.454236 -0.124526 -0.196591 0.121355 -0.071981 0.248212 0.254516 0.220032 0.215526 1.000000 0.849718 0.405198 0.199689 -0.029010 0.102094 0.315113 0.381128 -0.184977 0.346526 -0.109006 0.095698 -0.384534 -0.304743 -0.193006 -0.201451 -0.004597 0.106144 -0.238014 -0.134811 -0.031667 0.029372 -0.226732 -0.127651 0.177152 0.214269 -0.074300 -0.320005 -0.410423 -0.450078 -0.301484 -0.349540 -0.108575 -0.126023 0.020975 -0.228216 -0.115170 -0.228057 -0.206602 -0.159850 0.349692 0.194743 -0.140300 -0.067818 0.052445 -0.165380 0.247959 0.193181 -0.126176 0.149010 -0.029948 0.090012 -0.302253 0.003743 0.093915 0.101524 -0.044657 -0.057093 0.240999 0.153944 -0.078535 0.066416 -0.178212 0.259985 -0.312770 -0.243797 -0.109897 -0.082676 0.005936 0.057400 -0.078017 -0.165084 -0.215587 -0.156319 -0.158222 -0.295631 -0.265290 0.033957 0.094352 -0.006985 -0.039693 0.050160 0.159247 0.011245 -0.292833 -0.176467 -0.081574 -0.142898 0.022359 -0.015721 0.230404 0.013059
-0.019417 -0.322213 0.287734 0.454348 0.562601 0.524294 0.076665 -0.034223 0.335153 0.458904 0.131386 0.216915 0.008866 -0.129980 0.535781 0.314095 -0.211105 -0.332861 0.330806 -0.224565 0.349324 0.413213 0.565580 0.432982 0.849718 1.000000 0.444208 0.394866 -0.080400 -0.061540 0.481802 0.626392 -0.325644 0.405019 0.110878 0.255584 -0.361160 -0.320366 -0.065483 -0.186924 0.025191 0.055868 -0.110287 0.043497 -0.100562 0.016863 -0.173956 -0.052794 0.191087 0.107859 0.107791 -0.258979 -0.437831 -0.457242 -0.192539 -0.320664 -0.203693 -0.235272 -0.055525 -0.383345 -0.260218 -0.441103 -0.477728 -0.388362 0.466473 0.164917 -0.180880 -0.152252 -0.069839 -0.295860 0.428473 0.343792 -0.277399 0.242814 0.042097 0.160068 -0.210137 0.088818 0.031904 0.043334 -0.223037 -0.262098 0.471371 0.017773 0.269018 0.209044 -0.036683 0.297062 -0.097024 -0.137751 -0.210851 -0.110540 -0.080773 -0.029553 0.016058 -0.158776 -0.051461 -0.076928 -0.333074 -0.428662 -0.374227 -0.054372 -0.078674 -0.009876 -0.106010 -0.014035 0.004698 -0.035185 -0.299479 -0.168495 0.031849 -0.300552 -0.177796 -0.034089 0.147348 -0.156097
-0.034513 -0.259193 -0.046791 0.035233 0.574175 0.846494 -0.091430 -0.116880 0.453300 0.487002 -0.152752 -0.245958 -0.110520 -0.365826 0.201242 0.140216 -0.295439 -0.429678 -0.038298 -0.322334 0.126987 0.306429 0.171793 0.064786 0.405198 0.444208 1.000000 0.798054 -0.390781 -0.319556 -0.161306 -0.084017 -0.296509 -0.223849 0.156273 0.329046 -0.162516 0.034795 -0.009694 -0.047356 -0.440697 -0.438050 0.217840 0.131052 0.016276 0.044647 0.000601 0.342138 0.135340 0.090964 -0.025831 0.053809 -0.089395 -0.015308 -0.205219 -0.102220 -0.025571 -0.041022 0.083769 0.115455 -0.082872 -0.247298 -0.275038 -0.237753 0.053699 0.051597 0.068159 0.135755 0.056023 0.231276 -0.104336 -0.227245 -0.477189 -0.106928 -0.259453 -0.124745 -0.053435 0.180533 -0.322969 -0.022387 -0.295755 -0.323160 0.212461 -0.004839 0.139360 0.081095 -0.097200 0.110817 0.020137 -0.001905 0.188743 0.342626 0.324821 0.316278 -0.130703 -0.067739 0.121056 -0.031351 0.160648 0.115083 -0.052981 0.283326 0.196049 0.377388 0.302279 0.228375 0.260132 0.340112 -0.237420 0.159125 0.226666 0.091502 0.151186 0.269949 0.216476 -0.091892
0.039977 -0.399600 0.089433 -0.023667 0.277378 0.694529 -0.052344 -0.182798 0.321017 0.285382 -0.206176 -0.354484 -0.106762 -0.529645 0.141286 0.009347 -0.329291 -0.518936 0.083154 -0.417782 0.161286 0.416966 0.275819 0.037431 0.199689 0.394866 0.798054 1.000000 -0.442385 -0.485927 -0.123012 -0.039296 -0.312353 -0.217970 0.226654 0.341595 -0.103260 -0.094403 0.053643 -0.051572 -0.384495 -0.530659 0.311433 0.312434 -0.018381 -0.059693 0.037961 0.382205 0.243294 0.003007 0.229848 0.151644 -0.029505 0.004594 -0.014372 -0.049123 0.028533 -0.079801 0.109191 0.065272 -0.100042 -0.383595 -0.328289 -0.334011 0.043306 -0.076880 0.158133 0.122205 0.071170 0.257543 -0.087301 -0.183518 -0.442692 -0.086194 -0.114202 -0.008625 0.112306 0.182629 -0.328277 -0.049026 -0.326022 -0.378947 0.203613 -0.195545 0.249593 0.181471 -0.043782 0.170738 0.095766 0.017641 0.103436 0.315614 0.265197 0.279514 -0.104358 -0.088371 0.209048 -0.042000 -0.011167 0.073195 -0.125085 0.289330 0.114494 0.404060 0.249295 0.204302 0.202978 0.425764 -0.231179 0.088989 0.263177 -0.043233 0.057954 0.270611 0.129005 -0.118033
0.120264 0.331355 -0.285115 -0.112369 -0.030213 -0.487858 -0.157791 -0.241968 -0.192045 -0.155169 0.356886 0.359059 0.141997 0.387378 0.171510 0.146893 0.590944 0.624403 -0.086439 0.516590 0.083446 -0.069818 -0.127487 -0.072495 -0.029010 -0.080400 -0.390781 -0.442385 1.000000 0.743666 0.333527 0.140179 0.570124 0.302119 -0.477266 -0.446205 0.291711 0.147915 -0.099788 -0.018819 0.565339 0.553050 -0.451264 -0.285447 0.092949 -0.080697 0.075175 -0.399287 -0.305055 0.118039 -0.264256 -0.256475 -0.078680 -0.031355 0.037639 0.022617 0.123304 0.231202 -0.456650 -0.236805 0.012397 0.208657 0.379378 0.559373 -0.112671 -0.286650 -0.416798 -0.575197 -0.159736 -0.389231 0.333072 0.388080 0.793276 0.524516 0.549324 0.394112 0.121623 0.209696 0.501943 0.525521 0.560024 0.630629 0.246634 0.516513 0.070899 0.054720 0.058302 -0.086700 -0.085872 -0.097243 -0.467933 -0.569546 -0.551373 -0.457317 0.032674 -0.066216 -0.176534 -0.054274 -0.129330 -0.251457 -0.142924 -0.110021 -0.154140 -0.220936 -0.245104 -0.096747 -0.102216 -0.310080 0.001390 0.001842 -0.413262 -0.255411 -0.241049 -0.125230 -0.068656 -0.046138
-0.059746 0.372398 -0.269218 -0.023494 0.124207 -0.347108 -0.244349 -0.065100 -0.085268 0.008107 0.183133 0.376259 0.015072 0.530492 0.024431 0.272227 0.438887 0.667611 -0.247494 0.397154 0.084278 -0.033310 -0.288657 -0.069519 0.102094 -0.061540 -0.319556 -0.485927 0.743666 1.000000 0.245936 0.115417 0.511677 0.352303 -0.442968 -0.362838 0.169137 0.226465 -0.162343 0.092848 0.469715 0.579314 -0.467283 -0.296248 0.156264 0.064319 0.064322 -0.355378 -0.367887 0.080301 -0.333107 -0.251449 -0.100611 -0.040838 -0.046720 0.127791 -0.036247 0.125295 -0.509951 -0.264662 -0.038618 0.244007 0.390038 0.552168 -0.185718 -0.064159 -0.350206 -0.365716 -0.307547 -0.392329 0.284849 0.441217 0.701838 0.522541 0.308266 0.280901 0.029055 0.242594 0.379632 0.488098 0.503485 0.629322 -0.013379 0.495055 -0.241764 0.111176 0.016129 -0.017072 -0.159048 -0.082955 -0.307911 -0.525884 -0.415494 -0.448018 0.086452 0.102469 -0.206492 0.055171 0.004569 -0.282960 -0.082822 -0.213429 -0.160055 -0.274696 -0.274047 -0.152732 -0.206250 -0.346289 0.083930 0.139543 -0.276478 -0.141482 -0.204140 -0.129534 -0.134983 -0.066258
0.243178 -0.027783 0.431778 0.386441 0.056611 -0.133905 0.438470 0.207042 -0.056636 -0.008963 0.573625 0.587932 0.511583 0.340089 0.627627 0.259152 0.108262 0.231386 0.535609 -0.043029 0.464980 0.214412 0.573481 0.465929 0.315113 0.481802 -0.161306 -0.123012 0.333527 0.245936 1.000000 0.832156 -0.041202 0.428772 -0.092028 -0.190324 -0.144290 -0.414547 -0.001234 -0.083350 0.284777 0.516905 -0.155561 0.097293 0.011974 0.006752 -0.023962 -0.274444 0.143210 0.136484 0.246852 -0.136929 -0.368485 -0.333130 -0.159523 -0.322468 -0.231801 -0.170834 -0.274877 -0.599874 -0.021550 -0.164213 -0.412691 -0.262950 0.525211 0.257345 -0.357306 -0.442755 -0.359733 -0.632167 0.775740 0.576956 0.048586 0.530629 0.408698 0.467126 -0.150964 -0.061997 0.156865 -0.040352 -0.148643 -0.132651 0.399399 -0.051091 0.352866 0.205092 -0.052974 0.036714 -0.108105 -0.125783 -0.482748 -0.490297 -0.348887 -0.266304 0.157550 -0.183457 -0.121361 0.000633 -0.443396 -0.646532 -0.256839 0.005762 -0.164065 -0.456368 -0.583195 -0.433095 -0.281572 -0.441662 -0.071298 -0.210002 -0.152550 -0.360874 -0.470544 -0.353319 -0.342562 -0.276821
0.026034 -0.186094 0.513566 0.563170 0.053257 -0.041262 0.333991 0.201459 -0.143389 -0.044403 0.298461 0.422975 0.200561 0.119780 0.456897 0.144253 -0.073933 0.006586 0.529397 -0.049622 0.437232 0.283977 0.724766 0.648143 0.381128 0.626392 -0.084017 -0.039296 0.140179 0.115417 0.832156 1.000000 -0.141232 0.640577 0.084574 0.067345 -0.160364 -0.239129 0.088424 -0.039877 0.292834 0.465727 -0.062749 0.140084 -0.094725 -0.008329 -0.107842 -0.153207 0.076495 0.036244 0.236402 -0.225998 -0.390008 -0.405505 -0.145782 -0.290764 -0.326246 -0.272009 -0.267767 -0.607596 -0.281733 -0.410399 -0.480671 -0.396111 0.484815 0.159533 -0.284672 -0.285166 -0.286132 -0.472758 0.674645 0.641306 -0.122467 0.455978 0.251773 0.346590 -0.214857 -0.056889 0.001453 -0.101798 -0.237830 -0.252435 0.494874 -0.026690 0.357373 0.124873 -0.045088 0.092614 -0.035052 -0.102524 -0.362602 -0.275862 -0.334134 -0.220008 0.134654 -0.109281 -0.007664 0.054899 -0.545132 -0.687102 -0.278921 -0.165743 -0.251748 -0.280521 -0.468556 -0.352005 -0.228912 -0.324689 -0.138988 -0.122782 0.072523 -0.407979 -0.548847 -0.354941 -0.287190 -0.378781
-0.000042 0.376372 -0.309356 -0.390367 -0.046514 -0.417400 -0.361782 -0.387791 -0.018448 -0.227032 0.002686 0.031840 -0.069619 0.174864 -0.209792 -0.111554 0.383500 0.494053 -0.290374 0.417145 0.036393 -0.082983 -0.472821 -0.389604 -0.184977 -0.325644 -0.296509 -0.312353 0.570124 0.511677 -0.041202 -0.141232 1.000000 0.279208 -0.364466 -0.262602 0.386104 0.470366 -0.088721 -0.092618 0.309490 0.257913 -0.099691 0.011111 0.152648 -0.073108 0.295212 0.030873 -0.286301 0.065760 -0.193274 -0.037868 0.198465 0.075473 -0.055133 0.145488 0.137093 0.443577 -0.325157 0.067972 0.039539 0.174256 0.619472 0.573864 -0.498234 -0.361847 0.031660 -0.165169 -0.004666 0.028043 -0.066865 0.105436 0.677166 0.301166 0.375994 0.241518 0.203199 0.198861 0.141880 0.445982 0.438414 0.563225 -0.137792 0.330786 -0.225051 0.033974 -0.159366 -0.255307 -0.272609 -0.164354 -0.222552 -0.268584 -0.266570 -0.221145 -0.157557 0.035596 0.105729 -0.110518 0.141253 -0.057269 0.106052 -0.004063 -0.000476 0.011509 -0.014173 0.179660 0.001463 -0.124052 -0.059097 0.229964 -0.061235 -0.067357 -0.005072 0.069014 -0.019604 -0.046382
-0.101361 0.096553 0.364162 0.465201 0.156147 -0.149696 0.044863 0.093943 -0.027077 -0.018530 0.137952 0.408759 -0.022732 0.195301 0.109119 0.104745 0.027447 0.073991 0.269492 0.242273 0.242877 0.186373 0.250327 0.325607 0.346526 0.405019 -0.223849 -0.217970 0.302119 0.352303 0.428772 0.640577 0.279208 1.000000 -0.099626 0.140282 -0.136209 0.011021 -0.140695 -0.169143 0.358947 0.338413 -0.237097 0.007595 -0.190385 -0.076718 -0.194102 -0.233424 -0.046643 -0.144168 -0.055119 -0.384225 -0.351682 -0.508685 -0.157121 -0.257413 -0.233437 -0.066263 -0.443612 -0.445570 -0.255894 -0.296467 -0.083632 -0.069814 0.091137 0.024919 -0.170411 -0.138969 -0.067692 -0.234983 0.452115 0.607868 0.233233 0.402253 0.185130 0.248453 -0.060607 0.142412 0.216029 0.288202 0.092230 0.135075 0.174238 0.185578 -0.004472 -0.030830 -0.101329 0.045075 -0.137769 -0.275753 -0.348540 -0.270380 -0.429100 -0.369586 -0.021644 -0.127441 0.002427 -0.097458 -0.506591 -0.632924 -0.206817 -0.332827 -0.303644 -0.139310 -0.208950 -0.022321 -0.088473 -0.116321 -0.169171 -0.134472 0.037762 -0.393732 -0.447405 -0.191699 0.004226 -0.139190
-0.079391 -0.370752 0.268587 0.094429 -0.209963 0.180404 0.129992 0.189887 -0.252573 -0.116788 -0.123626 -0.250968 -0.089101 -0.358822 -0.147255 -0.262442 -0.430012 -0.468236 0.015494 -0.489553 0.012483 0.219801 0.251078 0.171469 -0.109006 0.110878 0.156273 0.226654 -0.477266 -0.442968 -0.092028 0.084574 -0.364466 -0.099626 1.000000 0.561829 -0.097489 0.101711 0.215727 0.125088 -0.161280 -0.241387 0.411274 0.440489 -0.001295 0.426661 0.097042 0.305629 0.153663 -0.171336 0.281354 0.318580 -0.125923 0.060159 0.132766 0.051171 -0.344503 -0.157840 0.226157 0.013406 -0.218644 -0.279991 -0.473744 -0.475695 0.210319 0.187260 0.383551 0.530950 -0.259339 0.027980 -0.102289 -0.052157 -0.474298 -0.189816 -0.250861 -0.067360 0.108617 0.144875 -0.348029 -0.235629 -0.562368 -0.530115 0.045827 -0.334429 0.325759 0.106715 0.190119 0.060059 0.148122 0.050700 -0.019370 0.199682 0.159871 0.111149 0.142151 0.174108 0.330926 0.185770 0.027667 -0.013207 0.110120 0.011330 -0.023139 0.123002 0.094597 0.093713 -0.129387 0.039302 0.090073 0.220809 0.464692 0.168029 -0.035472 0.031645 0.033430 -0.100239
-0.136612 -0.246782 0.362249 0.246721 0.066029 0.312966 0.068681 0.137040 -0.039484 0.028687 -0.280054 -0.229522 -0.282666 -0.431132 -0.265031 -0.298005 -0.426390 -0.493393 -0.023116 -0.223551 -0.043963 0.181044 0.227362 0.161503 0.095698 0.255584 0.329046 0.341595 -0.446205 -0.362838 -0.190324 0.067345 -0.262602 0.140282 0.561829 1.000000 -0.317921 0.072548 -0.130170 -0.194512 -0.327174 -0.490224 0.220744 0.223313 -0.200655 0.164821 -0.045766 0.335575 0.071670 -0.294874 0.035425 -0.004887 -0.163036 -0.111223 -0.112069 -0.132567 -0.016418 -0.012404 0.096704 0.048977 -0.225062 -0.389064 -0.373385 -0.405929 -0.114437 -0.030016 0.239540 0.438864 0.018424 0.279946 -0.056449 -0.000180 -0.389794 -0.136503 -0.336635 -0.150302 0.019411 0.283254 -0.151593 0.002250 -0.293067 -0.313320 -0.088629 -0.338995 0.054775 -0.188981 0.032450 -0.063317 0.124425 -0.019586 0.201314 0.394175 0.146222 0.100577 -0.192104 -0.124102 0.076715 -0.170493 -0.047637 0.079605 -0.050434 -0.138970 -0.124241 0.336766 0.371819 0.362784 0.019436 0.314593 -0.250458 -0.023142 0.348002 -0.098911 0.071465 0.220703 0.271563 0.072739
