1.000000 0.507624 0.332334 -0.145686 0.111142 -0.176493 0.193480 -0.198679 0.267976 -0.157725 0.477876 -0.030955 0.484225 0.024095 0.363445 -0.264903 0.541588 -0.122103 0.268492 -0.014735 -0.175141 -0.146617 0.202115 -0.102458 -0.172638 -0.287738 -0.034542 -0.080612 0.009415 -0.304510 -0.159348 -0.301803 0.082646 -0.018570 -0.031995 -0.050051 -0.293426 -0.450594 -0.398760 -0.344484 0.004664 -0.381746 0.140403 0.133570 0.156426 0.014992 0.114146 0.039511 -0.101625 0.094673 0.132226 -0.114818 -0.016977 0.030988 -0.223608 -0.168710 0.484050 0.436747 0.233788 -0.230155 0.513413 0.313948 0.144122 0.210263 0.301974 -0.095097 -0.176641 -0.246359 0.339477 0.063304 -0.214385 -0.463042 -0.239309 -0.287557 0.057717 -0.131555 -0.192707 -0.345268 0.067977 0.112367 -0.188891 -0.058107 0.207675 -0.157155 0.124953 -0.293486 -0.249052 -0.210064 0.309231 -0.188091 -0.259861 -0.105290 -0.244312 -0.077282 -0.156553 -0.342994 -0.357347 -0.244155 0.007316 -0.118508 0.142305 0.134745 -0.100494 -0.131450 0.230774 0.100454 0.008489 -0.381275 -0.278625 -0.422826 -0.032554 -0.151879 -0.016651 -0.298065 -0.185487 -0.074908
0.507624 1.000000 -0.060273 -0.082865 -0.117779 -0.006207 -0.085798 -0.395528 -0.175144 -0.286513 -0.177294 -0.300623 -0.042049 -0.233402 -0.200131 -0.492012 0.474356 -0.050073 0.389006 0.477699 -0.206111 0.027389 -0.098773 -0.354691 -0.002851 -0.201233 0.081460 0.014962 -0.100564 -0.162275 -0.086101 -0.206801 0.362783 0.364684 -0.001383 -0.163049 -0.304811 -0.296118 -0.212951 -0.193220 -0.293052 -0.207672 0.171502 0.112776 0.067310 0.063657 0.211925 0.151594 -0.291353 0.058424 -0.051767 -0.174213 -0.034874 0.159522 -0.045009 -0.032599 0.741375 0.796699 -0.005613 -0.113061 0.093490 0.309478 0.201725 0.425722 -0.233384 -0.268750 0.004071 -0.388905 0.783936 0.431461 -0.163877 -0.147149 -0.160248 0.075572 0.010176 -0.140020 -0.162670 -0.309216 0.283305 0.249296 0.061442 0.234178 -0.148474 -0.300581 -0.126638 -0.314813 -0.235925 -0.176651 -0.115080 -0.376979 -0.289892 -0.289242 -0.479788 -0.263013 -0.141335 -0.218116 -0.222767 -0.007245 0.134134 0.099879 0.025947 -0.103213 -0.027947 -0.042876 -0.015395 0.142349 0.024974 -0.211073 -0.149541 -0.392549 0.071409 -0.004223 0.003145 -0.155436 0.033362 -0.080946
0.332334 -0.060273 1.000000 0.227171 0.020077 -0.188388 0.716482 0.316982 0.094484 -0.000676 0.258536 -0.116273 0.357568 -0.027747 0.064244 -0.341518 0.074498 -0.251944 0.487572 -0.057215 0.146670 -0.106585 0.351968 0.085941 0.056283 0.041572 -0.032576 -0.026341 -0.311636 -0.280177 0.013379 -0.136593 0.274008 0.209894 -0.039731 0.150207 -0.186412 -0.128617 -0.314544 -0.168705 -0.052960 -0.161140 -0.116296 -0.078930 -0.124504 -0.188904 -0.108885 -0.091352 0.195182 -0.033663 0.255731 0.138933 0.174887 -0.140437 -0.278935 -0.175184 -0.220972 -0.173421 0.092636 -0.137801 0.378791 -0.094074 -0.069568 -0.183288 0.286978 0.098282 0.070593 0.253930 -0.070690 0.065286 -0.032077 -0.260664 -0.143110 -0.046402 0.104013 -0.010990 0.023630 0.067939 -0.144229 -0.076305 -0.357601 -0.381289 -0.160705 -0.358516 -0.130569 -0.187700 -0.386254 -0.286408 0.057480 -0.120882 0.008579 0.151069 -0.054540 0.086631 -0.032072 -0.139323 -0.072903 -0.160576 -0.141830 -0.250388 0.072132 0.183853 -0.009408 -0.170841 0.145957 -0.138879 -0.044382 -0.080349 -0.052622 -0.155656 0.101145 -0.123224 0.065617 -0.118563 -0.271778 -0.074012
-0.145686 -0.082865 0.227171 1.000000 -0.062466 0.070631 0.141549 0.519165 0.148058 0.178387 -0.126835 0.180256 -0.264068 0.037385 -0.116760 0.043055 -0.324622 -0.162720 0.173424 0.061764 -0.004408 -0.045957 0.315814 0.486965 0.199742 0.493925 -0.045292 0.147847 -0.307323 -0.119856 0.185280 0.181924 -0.131178 0.039038 0.056196 0.206253 -0.174613 0.035728 -0.019379 0.132756 -0.355033 0.135123 -0.351681 -0.280972 -0.423970 -0.398742 -0.308853 -0.283050 -0.001729 -0.185078 0.075028 0.018207 -0.239895 -0.280185 -0.164843 -0.139908 -0.307511 -0.304125 0.125898 0.131242 -0.030097 -0.068428 -0.183529 -0.296160 0.181792 0.403692 0.141074 0.313131 -0.127777 0.113087 -0.116795 -0.106671 -0.219514 0.094328 0.011191 0.056457 -0.026591 0.003230 -0.279780 -0.345591 -0.301575 -0.347685 -0.022107 0.190093 0.078262 0.077457 0.270927 0.136241 0.228705 0.293675 -0.126506 0.143029 0.236637 0.113884 -0.005996 0.104551 0.001636 0.003395 -0.011459 -0.039133 0.021730 -0.077744 0.007212 0.035992 0.094563 -0.082720 -0.073398 0.125842 0.187223 0.071176 -0.037100 -0.068994 0.203360 0.151118 -0.090061 -0.252264
0.111142 -0.117779 0.020077 -0.062466 1.000000 0.595233 -0.039794 0.054014 0.492321 0.313527 0.410312 0.225862 0.297174 0.155800 0.446771 0.248070 0.231310 -0.156636 -0.121655 -0.184433 0.229233 0.183858 0.145946 0.176508 0.150435 -0.123366 0.574307 0.336346 0.013725 0.064620 0.116604 0.022862 -0.057456 -0.113879 -0.182840 -0.029613 0.247708 0.050001 0.196343 0.203924 0.036872 -0.156040 -0.003734 0.016658 -0.071751 0.042530 0.042294 -0.057645 -0.319693 -0.084800 -0.217960 -0.095425 -0.192738 0.230755 0.212361 0.119161 -0.008867 -0.048218 -0.255750 -0.386840 -0.056967 -0.183805 -0.050119 -0.111254 0.111528 0.061387 -0.431264 -0.176056 -0.259165 -0.164025 -0.087704 -0.045866 -0.087344 -0.022362 -0.152661 0.342982 0.064163 -0.010697 0.080663 0.073828 -0.058797 -0.144862 0.536093 0.297331 -0.066940 0.123483 0.185336 -0.140152 0.210716 0.000342 0.002521 0.034005 0.314366 0.265954 0.143314 0.173118 -0.114145 0.244572 -0.167903 -0.077466 -0.058858 0.089946 0.136673 0.363186 0.110091 0.298525 0.073815 0.031411 0.218732 0.156435 -0.187326 0.111992 -0.123807 -0.098700 0.031113 0.258073
-0.176493 -0.006207 -0.188388 0.070631 0.595233 1.000000 -0.287240 -0.175952 0.083558 0.197730 -0.138422 -0.138844 -0.251002 -0.202620 0.044528 0.135301 0.063182 -0.313575 -0.195195 -0.094131 0.022124 0.386773 0.174440 0.240450 0.508556 0.107881 0.862084 0.760138 -0.180558 0.004361 0.088485 0.041137 -0.232017 -0.185286 -0.132559 0.058382 0.120053 0.131997 0.317989 0.475409 -0.206824 -0.111717 0.109934 0.073365 -0.103928 -0.025309 0.187324 0.064054 -0.323323 -0.072800 -0.104143 0.052665 -0.178800 0.381733 0.363206 0.397528 0.128464 0.115754 -0.218850 -0.209231 -0.371794 -0.204630 -0.149491 -0.067348 -0.368614 -0.198449 -0.195379 -0.177704 -0.121871 -0.028394 -0.162330 0.022338 -0.212000 0.046408 -0.223036 0.215292 -0.035597 -0.076140 0.297236 0.076101 0.057791 0.037818 0.409587 0.201546 -0.086225 0.208871 0.134981 0.123012 0.051549 0.065204 -0.020885 0.022962 0.078130 0.070083 0.209062 0.378654 0.128258 0.440606 0.054392 0.238896 -0.090744 0.174233 0.120905 0.342200 -0.023161 0.208520 0.173397 0.161305 0.321949 0.257985 -0.105482 0.297256 -0.017700 -0.006814 0.188913 0.203631
0.193480 -0.085798 0.716482 0.141549 -0.039794 -0.287240 1.000000 0.534236 0.074656 0.325524 0.148421 0.098102 0.393165 0.278766 -0.003260 -0.094756 -0.044260 0.151317 0.386654 0.225279 0.145870 -0.215572 -0.006435 -0.069836 -0.152001 -0.051571 -0.237317 -0.348973 0.107452 0.235691 0.213538 0.170157 0.417678 0.455474 0.020027 -0.123467 -0.110659 -0.125739 -0.387619 -0.321882 -0.001103 0.085596 -0.219088 -0.223882 -0.165691 -0.051803 -0.293409 -0.308385 -0.069250 -0.086880 -0.187808 -0.051757 0.074633 -0.180429 -0.421971 -0.400496 -0.322895 -0.294411 -0.079263 -0.051831 0.351756 0.193778 0.116461 -0.002503 0.317684 0.314121 -0.174204 0.142145 -0.237093 -0.115044 0.252943 0.027773 0.290612 0.150493 0.266610 0.065219 0.161826 0.196737 -0.237029 -0.017391 -0.251521 -0.340121 -0.128168 -0.023844 -0.107181 -0.169556 -0.425997 -0.248713 0.049526 0.052719 0.025936 0.218616 0.073593 0.024105 -0.224386 -0.183604 -0.377751 -0.403886 -0.157282 -0.303208 -0.094641 0.074892 0.065781 -0.184782 0.107872 -0.247367 -0.052822 -0.066262 -0.143907 -0.318696 -0.212737 -0.154775 0.019887 -0.111578 -0.299437 -0.147524
-0.198679 -0.395528 0.316982 0.519165 0.054014 -0.175952 0.534236 1.000000 0.196361 0.585334 0.080267 0.595983 0.131523 0.565663 0.005288 0.241400 -0.430890 0.143595 0.018593 -0.026292 0.137139 -0.194635 -0.057764 0.191523 -0.103532 0.317178 -0.303533 -0.311980 0.035061 0.271533 0.191337 0.380201 -0.111130 0.139884 0.069767 0.090078 -0.042695 0.062014 -0.178420 -0.111699 -0.081664 0.249418 -0.533990 -0.489491 -0.397003 -0.261261 -0.571413 -0.539379 0.067942 -0.292454 -0.201972 -0.034737 -0.212261 -0.430704 -0.328511 -0.479093 -0.584328 -0.646481 0.007238 0.231454 0.212808 0.174774 -0.065460 -0.273635 0.488814 0.805998 -0.110821 0.499736 -0.540794 -0.161172 0.191900 0.103035 0.188602 0.121317 0.118713 0.030425 0.223234 0.335867 -0.522394 -0.330252 -0.293339 -0.431838 -0.102837 0.314606 0.057830 0.097040 0.050487 0.019634 0.128795 0.385886 0.009679 0.236365 0.512182 0.257586 -0.172206 0.043205 -0.218193 -0.307145 -0.154830 -0.200651 -0.050877 -0.072850 0.156458 -0.023318 0.141395 -0.120896 0.077809 0.171204 0.076991 0.005983 -0.234800 -0.201283 0.133485 0.165815 -0.049509 -0.033826
0.267976 -0.175144 0.094484 0.148058 0.492321 0.083558 0.074656 0.196361 1.000000 0.268804 0.593471 0.416920 0.553717 0.307566 0.651548 0.252733 0.194995 -0.089376 -0.220322 -0.381363 0.058895 -0.082767 0.350741 0.257254 -0.033828 -0.033796 0.063310 0.070171 0.016978 -0.108880 -0.038158 -0.069944 -0.215392 -0.161224 -0.050909 0.205637 0.041178 -0.035677 -0.078947 -0.087325 0.125463 -0.151599 -0.037602 0.057724 0.040831 0.108174 -0.072088 -0.074161 -0.117948 -0.037240 0.086821 -0.088997 -0.130312 0.014360 -0.159688 -0.131422 -0.067306 -0.115473 0.152341 -0.271634 0.299019 -0.020094 -0.121448 -0.121533 0.546457 0.306280 -0.194803 -0.034255 -0.256625 -0.345240 -0.050258 -0.251178 -0.202961 -0.226700 -0.022669 0.009168 -0.090249 -0.105380 -0.171706 -0.023796 -0.329026 -0.295101 0.544466 0.245440 0.209071 0.035247 0.114461 -0.071849 0.396677 0.040375 -0.028346 0.076960 0.207454 0.277365 -0.079903 -0.084441 -0.227098 -0.131225 -0.059841 -0.116786 -0.115179 0.096510 -0.111211 0.062338 0.114026 0.013750 -0.079096 -0.120793 -0.072004 -0.021996 -0.126018 -0.155213 -0.188591 -0.150183 -0.142078 -0.051804
-0.157725 -0.286513 -0.000676 0.178387 0.313527 0.197730 0.325524 0.585334 0.268804 1.000000 0.046388 0.451486 0.081329 0.561354 0.018145 0.442033 -0.022069 0.238574 -0.070504 -0.034440 0.072736 -0.047975 -0.228244 0.019316 0.062503 0.149209 0.013498 -0.110525 0.232551 0.506353 0.161681 0.274862 -0.121033 0.078460 0.031498 0.001601 0.076070 0.119022 -0.114209 -0.063793 -0.048327 0.114677 -0.130601 -0.127436 -0.151548 0.022241 -0.241579 -0.222908 -0.190248 -0.104419 -0.408134 -0.123618 -0.131373 0.032651 -0.078266 -0.230521 -0.241940 -0.333875 -0.049794 0.041010 0.068886 0.218647 0.191231 0.042124 0.151221 0.514945 -0.304408 -0.020959 -0.515459 -0.465683 0.111731 0.062538 0.278116 0.164491 0.166335 0.143262 0.117202 0.164009 -0.111190 0.099768 -0.060923 -0.148863 0.094419 0.338995 -0.003322 0.026695 -0.042073 -0.127366 -0.033821 0.061966 0.036964 0.114225 0.401950 0.048061 -0.041607 0.088733 -0.250046 -0.142324 -0.043740 -0.105189 -0.094458 0.024827 0.103847 0.146614 0.128469 -0.062256 -0.051203 -0.023371 0.014750 0.082352 -0.118085 0.018472 -0.061961 0.058737 -0.107252 -0.002890
0.477876 -0.177294 0.258536 -0.126835 0.410312 -0.138422 0.148421 0.080267 0.593471 0.046388 1.000000 0.422300 0.770293 0.349487 0.629454 0.205442 0.258395 -0.006436 -0.101149 -0.392673 -0.025715 -0.156070 0.224031 0.029485 -0.180474 -0.217899 -0.110745 -0.131429 0.069398 -0.222077 -0.069526 -0.187813 -0.084460 -0.190836 0.019113 0.130799 -0.058854 -0.260496 -0.187353 -0.233516 0.155021 -0.307550 -0.013528 0.069677 0.193484 0.121392 -0.032782 -0.031362 0.202724 0.112215 0.195806 0.065320 -0.040543 -0.060261 -0.172415 -0.108924 -0.115309 -0.174800 0.177359 -0.218996 0.412503 0.067065 0.008211 -0.098207 0.531493 0.201347 -0.213228 0.019077 -0.227905 -0.228345 -0.030276 -0.258364 -0.254877 -0.389278 -0.192381 -0.086071 -0.236125 -0.193922 -0.151928 -0.037114 -0.185260 -0.263042 0.426320 0.085457 0.318727 0.030312 0.032601 -0.058910 0.368684 0.048678 -0.066318 -0.033559 0.202781 0.158981 -0.080203 -0.283218 -0.212744 -0.136622 -0.080309 -0.316660 -0.019116 0.158468 -0.122165 -0.020349 0.175571 0.112625 -0.069739 -0.322769 -0.191377 -0.124631 -0.056808 -0.144322 -0.154772 -0.137918 -0.286800 -0.017891
-0.030955 -0.300623 -0.116273 0.180256 0.225862 -0.138844 0.098102 0.595983 0.416920 0.451486 0.422300 1.000000 0.383732 0.785799 0.390686 0.630581 -0.173642 0.380042 -0.243836 -0.139251 0.070683 -0.164527 -0.175101 0.016030 -0.205972 0.136426 -0.368479 -0.361836 0.296576 0.274791 0.131654 0.331091 -0.238313 -0.035775 0.192318 0.176843 0.106157 -0.007328 0.011598 -0.040794 0.093559 0.155540 -0.407008 -0.379263 -0.112513 -0.045740 -0.482687 -0.424143 0.046130 -0.304737 -0.260828 -0.195571 -0.341418 -0.442945 -0.271909 -0.464850 -0.429781 -0.521274 0.018514 0.060492 0.292892 0.227271 0.089051 -0.138920 0.536326 0.712534 -0.242250 0.297873 -0.498928 -0.304571 0.110386 0.145827 0.157628 -0.063576 -0.073010 0.075748 0.067275 0.201319 -0.372285 -0.261267 0.009829 -0.156274 0.169996 0.523439 0.273748 0.194910 0.145199 0.112599 0.179838 0.317984 -0.101149 0.059391 0.507473 0.249107 -0.179577 -0.039275 -0.224842 -0.352166 -0.180159 -0.298720 0.010509 0.006264 0.041436 0.096050 0.113502 0.048669 0.078296 -0.046918 -0.074537 0.056421 -0.176196 -0.256597 0.012648 0.135097 -0.030798 -0.033961
0.484225 -0.042049 0.357568 -0.264068 0.297174 -0.251002 0.393165 0.131523 0.553717 0.081329 0.770293 0.383732 1.000000 0.512459 0.690671 0.200263 0.383061 0.224845 -0.020134 -0.177760 -0.010022 -0.259976 0.125022 -0.128065 -0.235809 -0.289194 -0.181888 -0.335025 0.197821 -0.021892 0.000552 -0.081633 0.114801 0.076362 0.012354 0.043039 -0.059175 -0.260383 -0.352000 -0.344017 0.104816 -0.205299 -0.049091 -0.013783 0.197513 0.200966 -0.107272 -0.074154 0.039863 0.004404 0.003575 -0.168927 -0.018330 -0.108102 -0.368299 -0.322284 -0.021755 -0.038990 0.060505 -0.258033 0.613839 0.225273 0.137795 0.103352 0.501040 0.230385 -0.331705 -0.043381 -0.139668 -0.150353 0.013939 -0.155431 -0.017812 -0.234258 -0.121449 -0.093113 -0.011524 -0.053091 -0.072574 0.112454 -0.128039 -0.159961 0.259251 -0.023838 0.025100 -0.264449 -0.209091 -0.211213 0.110702 -0.158046 -0.069671 0.033143 0.092755 0.207268 -0.217887 -0.342853 -0.329003 -0.383088 -0.087327 -0.319795 -0.008731 0.139696 -0.018786 -0.095328 0.088776 -0.018375 0.033994 -0.210511 -0.331818 -0.331103 0.022344 -0.185506 -0.129602 -0.183391 -0.138058 -0.011378
0.024095 -0.233402 -0.027747 0.037385 0.155800 -0.202620 0.278766 0.565663 0.307566 0.561354 0.349487 0.785799 0.512459 1.000000 0.362157 0.614624 -0.042880 0.566744 -0.067255 0.016944 0.019441 -0.175733 -0.255736 -0.094214 -0.213916 0.051315 -0.388424 -0.466001 0.417347 0.457578 0.193970 0.404019 -0.110095 0.149628 0.101636 0.141839 0.122439 0.016055 -0.234235 -0.262827 0.085417 0.217992 -0.435405 -0.424759 -0.148514 -0.088592 -0.553119 -0.471350 0.025021 -0.346740 -0.364399 -0.277379 -0.178974 -0.426740 -0.362347 -0.670023 -0.316415 -0.376120 0.067144 0.127709 0.499348 0.507465 0.365597 0.203500 0.395274 0.607275 -0.285865 0.164168 -0.422462 -0.328054 0.172068 0.109559 0.343794 0.144174 0.121108 0.073987 0.267755 0.276223 -0.239719 -0.067224 0.132849 0.016041 0.017252 0.346953 0.057747 -0.125571 0.002375 -0.017709 -0.082217 0.045847 -0.200425 0.048896 0.438681 0.229960 -0.205317 -0.135611 -0.347442 -0.424591 -0.082496 -0.271331 0.110609 -0.058807 0.117873 0.058823 0.227355 -0.007751 0.146177 -0.076098 -0.253314 -0.054106 -0.078913 -0.191200 0.038667 0.218450 0.030087 0.043879
0.363445 -0.200131 0.064244 -0.116760 0.446771 0.044528 -0.003260 0.005288 0.651548 0.018145 0.629454 0.390686 0.690671 0.362157 1.000000 0.469651 0.195370 0.023115 -0.324707 -0.384402 0.048346 -0.062683 0.454522 0.281064 -0.126056 -0.150961 0.123184 0.073686 0.115684 -0.095333 0.075284 -0.021192 -0.309117 -0.267747 -0.112618 0.086014 0.217275 -0.108550 0.016186 0.043889 0.260244 -0.139012 0.003775 0.044569 0.178355 0.119424 -0.005512 -0.049234 -0.131829 -0.077386 0.064763 -0.265757 -0.205420 -0.085168 -0.216278 -0.147835 -0.081694 -0.104520 0.039446 -0.393067 0.322738 -0.004585 -0.181456 -0.167659 0.387058 0.098369 -0.449800 -0.187351 -0.305087 -0.340402 -0.060653 -0.224732 -0.183586 -0.349978 -0.236235 0.061459 -0.010459 -0.039243 -0.009476 -0.032093 -0.043574 -0.052651 0.617774 0.262213 0.180585 -0.045377 0.182108 0.024060 0.342572 0.014882 -0.058824 0.032898 0.192016 0.328267 -0.045218 -0.132299 -0.077639 -0.204474 -0.131235 -0.208794 -0.022957 0.113492 0.070089 0.001446 0.186021 0.106528 0.085861 -0.084802 -0.211547 0.007492 -0.069610 -0.162664 -0.151027 -0.075652 0.053407 0.140609
-0.264903 -0.492012 -0.341518 0.043055 0.248070 0.135301 -0.094756 0.241400 0.252733 0.442033 0.205442 0.630581 0.200263 0.614624 0.469651 1.000000 -0.130468 0.446788 -0.387840 -0.087852 0.115616 -0.008334 -0.097176 0.207727 -0.126568 0.131143 -0.094698 -0.091227 0.405265 0.523175 0.266887 0.405151 -0.307959 -0.133568 0.136676 0.152217 0.497776 0.279012 0.252732 0.305300 0.267413 0.334715 -0.288154 -0.281802 -0.057721 0.033369 -0.354525 -0.337921 -0.197585 -0.340959 -0.416207 -0.345527 -0.347553 -0.293583 -0.102746 -0.255238 -0.424557 -0.454056 -0.184341 -0.114853 0.036372 0.030956 0.056910 -0.083312 0.142239 0.319876 -0.374826 0.016123 -0.602412 -0.466485 0.074364 0.289162 0.270515 0.027600 -0.085588 0.321170 0.231845 0.318095 0.040012 -0.050974 0.291845 0.184482 0.327923 0.634770 0.175860 0.226148 0.258887 0.270173 0.090047 0.253372 -0.065785 0.041993 0.458469 0.191492 0.107709 0.215795 0.005327 -0.078593 -0.180129 -0.241028 -0.010821 -0.020044 0.077440 0.102869 0.057441 0.000393 0.010110 0.024780 0.003578 0.334503 -0.141256 -0.044198 0.065055 0.236708 0.111120 0.097987
0.541588 0.474356 0.074498 -0.324622 0.231310 0.063182 -0.044260 -0.430890 0.194995 -0.022069 0.258395 -0.173642 0.383061 -0.042880 0.195370 -0.130468 1.000000 0.171652 0.237185 0.056381 -0.274152 -0.011954 -0.076428 -0.320923 -0.113005 -0.439897 0.153821 -0.009917 0.228954 -0.076281 -0.276927 -0.436633 0.268931 0.016758 -0.019383 -0.094945 -0.147651 -0.326848 -0.341092 -0.319442 -0.151342 -0.440697 0.421071 0.444661 0.328156 0.251343 0.445320 0.417178 -0.218197 0.264169 -0.007910 -0.046812 0.122346 0.415173 -0.101910 0.099043 0.644679 0.642589 -0.135740 -0.449347 0.117956 0.063105 0.274883 0.347566 -0.182566 -0.390805 -0.283167 -0.534127 0.435293 0.143503 -0.306792 -0.215914 -0.087946 -0.147497 -0.133494 -0.142937 -0.235032 -0.447447 0.580029 0.519298 0.209405 0.267857 0.144342 -0.286106 0.032971 -0.180815 -0.423813 -0.346873 -0.065784 -0.561046 -0.056539 -0.204607 -0.305512 -0.184523 -0.112747 -0.397976 -0.218240 -0.025691 -0.026659 -0.153673 0.123151 0.219188 -0.241082 -0.077010 -0.021142 0.097169 -0.070056 -0.326825 -0.303486 -0.370692 0.243477 -0.087405 -0.186360 -0.309853 0.017386 0.050169
-0.122103 -0.050073 -0.251944 -0.162720 -0.156636 -0.313575 0.151317 0.143595 -0.089376 0.238574 -0.006436 0.380042 0.224845 0.566744 0.023115 0.446788 0.171652 1.000000 -0.020994 0.297831 -0.116390 -0.144419 -0.499790 -0.287020 -0.277643 -0.140143 -0.469410 -0.527064 0.604040 0.603288 0.060467 0.225605 0.088147 0.202878 0.067426 -0.100845 0.125923 -0.062391 -0.211595 -0.236721 -0.061223 0.165529 -0.178285 -0.208616 0.024378 0.049063 -0.266497 -0.211269 -0.013688 -0.119313 -0.420708 -0.204617 -0.029602 -0.175905 -0.300164 -0.388369 -0.075407 -0.065014 -0.118132 0.100649 0.193693 0.374509 0.448289 0.316338 -0.022542 0.188814 -0.244275 -0.042861 -0.108104 -0.042716 0.050472 0.232222 0.487106 0.073860 0.082391 -0.072407 0.124386 0.051544 0.102944 0.104430 0.431429 0.282581 -0.116534 0.237488 0.036365 -0.055752 -0.088470 0.051723 -0.242049 -0.086540 -0.025755 0.108253 0.167866 0.136477 -0.176688 -0.254872 -0.317373 -0.331983 0.014587 -0.206150 0.165081 -0.034358 0.044411 -0.172252 0.062052 -0.189203 0.007737 -0.039116 -0.270222 -0.154961 -0.068831 -0.119049 0.119131 0.189640 0.053120 -0.050265
0.268492 0.389006 0.487572 0.173424 -0.121655 -0.195195 0.386654 0.018593 -0.220322 -0.070504 -0.101149 -0.243836 -0.020134 -0.067255 -0.324707 -0.387840 0.237185 -0.020994 1.000000 0.610506 0.063112 0.033879 -0.179992 -0.308977 -0.078968 -0.092370 -0.125965 -0.217731 0.031891 -0.003754 0.085659 -0.034656 0.610696 0.580308 0.093109 -0.042322 -0.090148 -0.112917 -0.267458 -0.295209 -0.196369 -0.061509 -0.175646 -0.201533 -0.231280 -0.287377 -0.124681 -0.104196 -0.021595 -0.056981 -0.143948 0.065626 0.150290 -0.085195 -0.256792 -0.261945 0.140113 0.181698 -0.028381 0.076538 0.152357 0.136155 0.330301 0.187671 -0.153056 -0.106917 0.261902 0.113767 0.444300 0.379984 -0.076626 -0.034400 0.159722 0.267845 0.230015 0.067430 -0.028761 -0.051430 0.209273 0.058850 0.104677 0.021932 -0.378018 -0.344882 -0.190067 -0.159576 -0.374219 -0.379084 -0.320650 -0.408325 -0.200187 -0.096313 -0.280058 -0.217906 -0.035528 -0.267487 -0.107283 -0.139239 -0.125170 -0.282994 0.101642 -0.011013 -0.078139 -0.161914 0.129889 -0.064951 -0.088620 -0.148992 -0.183332 -0.267607 0.223958 -0.222133 0.017276 -0.157613 -0.034885 -0.035963
-0.014735 0.477699 -0.057215 0.061764 -0.184433 -0.094131 0.225279 -0.026292 -0.381363 -0.034440 -0.392673 -0.139251 -0.177760 0.016944 -0.384402 -0.087852 0.056381 0.297831 0.610506 1.000000 0.119574 0.069288 -0.393163 -0.298778 -0.104981 0.002271 -0.131215 -0.281850 0.375460 0.461648 0.407890 0.366209 0.598768 0.775186 0.231365 -0.206227 0.140631 0.059491 -0.072996 -0.128347 -0.105362 0.326704 -0.302065 -0.382598 -0.253394 -0.162058 -0.274003 -0.297593 -0.457454 -0.285904 -0.568589 -0.382996 -0.240249 -0.237394 -0.227937 -0.323445 0.162752 0.290174 -0.317370 0.078075 -0.109969 0.158480 0.262340 0.270118 -0.253261 -0.068773 -0.010446 -0.061909 0.416512 0.402392 0.094573 0.367699 0.497763 0.431333 0.210110 0.251692 0.168858 0.106425 0.292582 0.094877 0.376503 0.347980 -0.326086 0.057083 -0.209974 -0.138754 -0.137504 -0.082609 -0.357274 -0.214150 -0.297749 -0.131290 -0.284041 -0.173169 -0.081808 -0.059328 -0.189399 -0.131673 -0.148699 -0.237508 -0.056758 -0.297732 -0.041285 -0.146961 -0.094455 -0.140926 -0.081415 0.066004 -0.097028 -0.213528 -0.087193 -0.110350 0.156896 -0.073503 0.090392 -0.026782
-0.175141 -0.206111 0.146670 -0.004408 0.229233 0.022124 0.145870 0.137139 0.058895 0.072736 -0.025715 0.070683 -0.010022 0.019441 0.048346 0.115616 -0.274152 -0.116390 0.063112 0.119574 1.000000 0.246083 0.023899 0.146154 0.060564 0.109336 0.165110 0.024468 -0.034300 0.197442 0.219460 0.289860 0.170720 0.290733 0.165491 0.159461 0.356854 0.394188 0.268226 0.314632 0.242269 0.397835 -0.340876 -0.375707 -0.167421 -0.068690 -0.373892 -0.370091 -0.192506 -0.403020 -0.253401 -0.238490 -0.163660 -0.331390 -0.046496 -0.208294 -0.282542 -0.232258 -0.151718 -0.079711 0.003926 -0.194770 -0.095567 -0.200027 0.138501 0.076876 0.061647 0.223408 -0.174594 -0.159874 0.271928 0.204298 0.174451 0.226366 0.183858 0.395073 0.335215 0.457459 -0.122122 -0.075308 -0.045831 -0.035350 -0.114736 0.177571 -0.229827 0.061773 0.105451 -0.069088 -0.003320 0.103834 0.005530 0.144844 0.200344 0.217832 0.191537 0.131603 0.175962 0.120065 -0.206902 -0.061597 -0.165168 -0.162146 0.193419 0.205787 0.189733 0.085575 -0.000956 0.061054 -0.009813 0.306071 -0.150591 0.054189 0.091747 0.136300 -0.011781 0.100586
-0.146617 0.027389 -0.106585 -0.045957 0.183858 0.386773 -0.215572 -0.194635 -0.082767 -0.047975 -0.156070 -0.164527 -0.259976 -0.175733 -0.062683 -0.008334 -0.011954 -0.144419 0.033879 0.069288 0.246083 1.000000 0.009097 0.071524 0.316856 0.155387 0.431784 0.479611 -0.050820 0.066825 0.013459 0.127459 -0.044231 0.135140 0.176695 0.098524 0.208929 0.259513 0.304229 0.248880 -0.010218 0.025548 0.085201 0.002016 -0.051870 -0.075092 0.092869 0.005887 -0.206869 -0.155874 -0.090523 -0.055170 -0.163319 0.052503 0.219150 0.171454 0.089368 0.121438 -0.195916 -0.078290 -0.274000 -0.078142 -0.036545 0.029441 -0.359696 -0.302825 -0.027555 -0.050058 -0.062411 0.021611 0.143326 0.136207 -0.076763 0.080014 -0.077349 0.159854 -0.111338 0.076304 0.207900 0.040244 0.243400 0.277707 0.119102 0.050504 -0.092567 0.091091 0.073875 0.188562 -0.130767 -0.028556 -0.168658 -0.127784 -0.114442 0.017513 0.009505 0.054355 0.348567 0.256557 -0.162251 0.009641 -0.095828 -0.012718 0.048558 0.103483 -0.042438 0.117937 -0.052185 0.015242 -0.012438 0.277945 0.115144 0.024885 -0.063203 0.123619 0.124872 0.106048
0.202115 -0.098773 0.351968 0.315814 0.145946 0.174440 -0.006435 -0.057764 0.350741 -0.228244 0.224031 -0.175101 0.125022 -0.255736 0.454522 -0.097176 -0.076428 -0.499790 -0.179992 -0.393163 0.023899 0.009097 1.000000 0.736098 0.360130 0.303137 0.362466 0.577819 -0.497094 -0.543556 0.203142 -0.066597 -0.330301 -0.326201 -0.107161 0.297183 -0.138084 -0.141304 -0.041805 0.156538 0.003722 -0.190229 0.096141 0.152777 0.144679 -0.008909 0.145756 0.108323 0.000316 0.074631 0.546757 -0.053186 -0.153432 0.010484 -0.136946 0.152125 -0.116377 -0.014840 0.118997 -0.375284 -0.038716 -0.440601 -0.610806 -0.483100 0.278734 -0.067826 -0.082873 -0.073990 -0.084111 -0.087273 -0.185013 -0.366157 -0.578012 -0.396436 -0.263890 -0.051458 -0.218927 -0.189372 -0.128403 -0.198003 -0.353191 -0.255756 0.435727 -0.005888 0.241553 -0.106134 0.189095 0.185690 0.539766 0.106906 0.017955 0.111916 -0.050853 0.273286 -0.080834 -0.056407 0.117577 0.024872 -0.077658 0.017456 -0.132756 0.123434 -0.121429 -0.058610 0.043807 0.055659 0.099838 0.073012 -0.048699 0.033414 -0.055685 -0.015336 0.061880 -0.069127 -0.016565 -0.019843
-0.102458 -0.354691 0.085941 0.486965 0.176508 0.240450 -0.069836 0.191523 0.257254 0.019316 0.029485 0.016030 -0.128065 -0.094214 0.281064 0.207727 -0.320923 -0.287020 -0.308977 -0.298778 0.146154 0.071524 0.736098 1.000000 0.242255 0.462443 0.268672 0.505386 -0.310934 -0.163188 0.266971 0.210000 -0.449553 -0.341489 -0.035413 0.246093 0.076591 0.066094 0.136127 0.327550 0.008692 0.057629 -0.109563 -0.056323 -0.014883 -0.083266 -0.077862 -0.120000 -0.156875 -0.088893 0.193732 -0.230902 -0.340176 -0.132455 -0.080010 0.091185 -0.365736 -0.296684 -0.008967 -0.261758 -0.230049 -0.465033 -0.610752 -0.593175 0.235549 0.109129 -0.205352 -0.022045 -0.352221 -0.186232 -0.024503 -0.090926 -0.358846 -0.232346 -0.137594 0.066777 -0.071530 0.000714 -0.166151 -0.373209 -0.280472 -0.270798 0.438824 0.356218 0.261080 0.039986 0.452164 0.390060 0.525286 0.394618 0.128556 0.251992 0.261916 0.439858 0.009305 0.149468 0.088955 0.123348 -0.103656 0.068355 -0.116406 -0.010412 -0.052012 0.097204 0.059452 0.098401 0.094619 0.268881 0.149023 0.208697 -0.232126 0.049499 0.262609 0.173090 0.136737 0.104190
-0.172638 -0.002851 0.056283 0.199742 0.150435 0.508556 -0.152001 -0.103532 -0.033828 0.062503 -0.180474 -0.205972 -0.235809 -0.213916 -0.126056 -0.126568 -0.113005 -0.277643 -0.078968 -0.104981 0.060564 0.316856 0.360130 0.242255 1.000000 0.511727 0.522069 0.629805 -0.335907 -0.179088 0.202218 0.153316 -0.174442 -0.029711 0.081399 0.352543 -0.176146 -0.018525 0.077889 0.192116 -0.294516 -0.010565 0.038656 0.025229 -0.013958 -0.024586 0.026577 0.075638 0.043785 0.014560 0.237203 0.085950 -0.159214 0.124443 0.050625 0.160466 0.035700 0.070772 -0.004223 -0.024813 -0.166525 -0.180051 -0.109964 -0.027308 -0.241491 -0.103239 0.157515 0.117334 -0.016934 0.085771 -0.126019 -0.146512 -0.246365 -0.027655 -0.167108 0.008005 -0.062171 -0.005663 -0.045249 0.012431 -0.027941 0.033795 -0.020131 -0.077652 -0.087689 -0.093660 0.058546 0.192763 -0.053660 -0.010884 -0.148618 0.005593 -0.136074 -0.030817 0.052534 0.127859 0.199483 0.148030 -0.041321 0.160892 -0.035001 0.095222 -0.031771 0.114786 0.011828 -0.085875 0.020750 0.054734 0.098718 0.151430 0.082304 0.077393 0.112868 -0.002097 -0.094714 0.061828
-0.287738 -0.201233 0.041572 0.493925 -0.123366 0.107881 -0.051571 0.317178 -0.033796 0.149209 -0.217899 0.136426 -0.289194 0.051315 -0.150961 0.131143 -0.439897 -0.140143 -0.092370 0.002271 0.109336 0.155387 0.303137 0.462443 0.511727 1.000000 0.061003 0.342325 -0.206010 0.090070 0.503640 0.634398 -0.274321 0.140577 0.253585 0.474845 0.047114 0.310760 0.177472 0.280567 -0.003478 0.315206 -0.435742 -0.407794 -0.263951 -0.287625 -0.435346 -0.398207 -0.038128 -0.410368 -0.032959 -0.287077 -0.525350 -0.485193 -0.064790 -0.153841 -0.276109 -0.241147 0.158435 0.181222 -0.031725 -0.148622 -0.193455 -0.219744 0.159750 0.250271 0.183205 0.331840 -0.211443 -0.069949 0.051112 0.009030 -0.069008 0.048527 -0.013128 0.070037 0.126757 0.220638 -0.333635 -0.353017 -0.072736 -0.034943 -0.080554 0.336978 0.087837 -0.008290 0.383002 0.474051 0.055060 0.295030 -0.382409 -0.073528 0.074686 0.097572 0.053274 0.272355 0.254767 0.073775 -0.175416 -0.056252 -0.012932 -0.166948 -0.035736 0.047278 0.049362 -0.058343 -0.005513 0.222034 0.210735 0.276206 0.030935 -0.064142 0.333472 0.218469 -0.044329 0.000534
-0.034542 0.081460 -0.032576 -0.045292 0.574307 0.862084 -0.237317 -0.303533 0.063310 0.013498 -0.110745 -0.368479 -0.181888 -0.388424 0.123184 -0.094698 0.153821 -0.469410 -0.125965 -0.131215 0.165110 0.431784 0.362466 0.268672 0.522069 0.061003 1.000000 0.834970 -0.274842 -0.154759 0.073871 -0.060715 -0.148148 -0.154537 -0.208471 0.014829 0.087427 0.053327 0.259842 0.437629 -0.104067 -0.136276 0.207995 0.169551 -0.014308 0.019603 0.313840 0.162374 -0.350570 -0.006874 0.027804 -0.008678 -0.102505 0.420594 0.347758 0.443123 0.229989 0.258836 -0.226287 -0.330654 -0.347840 -0.279599 -0.259421 -0.098745 -0.370953 -0.359467 -0.205526 -0.278495 0.013887 -0.017330 -0.148130 -0.120293 -0.299655 0.014845 -0.231301 0.214866 -0.047667 -0.102099 0.310672 0.132549 0.013309 0.059035 0.356334 0.039811 -0.147153 0.083787 0.084551 0.015666 0.072766 -0.056587 0.023980 0.028387 -0.064885 0.094689 0.179197 0.229109 0.190866 0.402249 0.022796 0.243031 -0.118676 0.100284 0.151053 0.285387 -0.051438 0.237012 0.137386 0.117187 0.181013 0.180839 -0.055330 0.260247 -0.095944 -0.103046 0.198040 0.278594
-0.080612 0.014962 -0.026341 0.147847 0.336346 0.760138 -0.348973 -0.311980 0.070171 -0.110525 -0.131429 -0.361836 -0.335025 -0.466001 0.073686 -0.091227 -0.009917 -0.527064 -0.217731 -0.281850 0.024468 0.479611 0.577819 0.505386 0.629805 0.342325 0.834970 1.000000 -0.468752 -0.309213 0.082930 -0.026777 -0.372289 -0.295701 -0.112952 0.234737 0.035003 0.106079 0.308039 0.494603 -0.115934 -0.137951 0.169985 0.167334 -0.020265 -0.091742 0.275180 0.168658 -0.181993 -0.029634 0.277159 0.046351 -0.167190 0.285604 0.308241 0.497850 0.122988 0.177232 -0.042482 -0.275974 -0.372407 -0.378053 -0.400639 -0.203030 -0.280307 -0.361883 -0.039578 -0.190013 -0.036703 -0.058486 -0.210791 -0.201276 -0.489819 -0.105799 -0.261159 0.084797 -0.169518 -0.142247 0.143240 -0.083009 -0.056629 0.026845 0.387904 0.057057 0.039392 0.118938 0.234242 0.304248 0.227347 0.091306 -0.035227 -0.007550 -0.108893 0.109986 0.188710 0.260012 0.356335 0.504405 0.031996 0.275854 -0.097012 0.129327 -0.014139 0.183666 -0.020438 0.203650 0.095791 0.117124 0.228513 0.302504 0.016985 0.224901 0.021003 0.016700 0.166796 0.191214
0.009415 -0.100564 -0.311636 -0.307323 0.013725 -0.180558 0.107452 0.035061 0.016978 0.232551 0.069398 0.296576 0.197821 0.417347 0.115684 0.405265 0.228954 0.604040 0.031891 0.375460 -0.034300 -0.050820 -0.497094 -0.310934 -0.335907 -0.206010 -0.274842 -0.468752 1.000000 0.638774 0.220346 0.327088 0.192238 0.249629 0.147394 -0.228557 0.349432 -0.016727 -0.082630 -0.264098 0.344257 0.226214 -0.147766 -0.162223 0.041489 0.093102 -0.166895 -0.198173 -0.302191 -0.083307 -0.631040 -0.286139 -0.202302 -0.148767 -0.258004 -0.341552 0.011302 0.005854 -0.309533 -0.026207 -0.002488 0.269363 0.376556 0.243319 -0.059939 0.022945 -0.371371 -0.147594 -0.099502 -0.064078 0.090179 0.247172 0.677027 0.062661 0.122571 0.086179 0.072846 0.088134 0.312900 0.231690 0.542386 0.408419 0.101863 0.423211 0.219546 0.155248 -0.040860 0.030913 -0.130360 -0.146782 -0.158446 -0.149156 -0.041580 -0.123713 -0.127381 -0.183149 -0.335735 -0.348375 -0.288952 -0.408565 -0.050663 -0.109939 -0.156652 -0.172449 -0.019498 -0.201907 -0.175632 0.005925 -0.267750 -0.156135 -0.123119 -0.329587 -0.060912 -0.143955 0.074604 0.024708
-0.304510 -0.162275 -0.280177 -0.119856 0.064620 0.004361 0.235691 0.271533 -0.108880 0.506353 -0.222077 0.274791 -0.021892 0.457578 -0.095333 0.523175 -0.076281 0.603288 -0.003754 0.461648 0.197442 0.066825 -0.543556 -0.163188 -0.179088 0.090070 -0.154759 -0.309213 0.638774 1.000000 0.350443 0.574657 0.213210 0.452515 0.065643 -0.192803 0.448464 0.310126 0.079759 0.036260 0.198829 0.454719 -0.314082 -0.370806 -0.212177 -0.028487 -0.379883 -0.422461 -0.408215 -0.378922 -0.769864 -0.416563 -0.228819 -0.213844 -0.105546 -0.360313 -0.177554 -0.171953 -0.351358 0.075796 -0.063363 0.246543 0.373393 0.294864 -0.139647 0.167571 -0.335200 -0.070254 -0.307759 -0.225448 0.267033 0.459614 0.706888 0.373173 0.301958 0.268020 0.405887 0.434479 0.088755 0.119183 0.406791 0.337111 -0.045485 0.508206 -0.152997 0.063403 0.036822 0.111029 -0.265936 0.085817 -0.166223 -0.057389 0.204802 -0.023397 0.031353 0.162483 -0.207974 -0.178828 -0.223245 -0.221493 -0.044077 -0.114717 0.186562 0.060064 -0.014432 -0.095104 -0.057208 0.069635 0.064072 0.032658 -0.258485 -0.095316 0.106622 0.153840 0.015443 0.118185
-0.159348 -0.086101 0.013379 0.185280 0.116604 0.088485 0.213538 0.191337 -0.038158 0.161681 -0.069526 0.131654 0.000552 0.193970 0.075284 0.266887 -0.276927 0.060467 0.085659 0.407890 0.219460 0.013459 0.203142 0.266971 0.202218 0.503640 0.073871 0.082930 0.220346 0.350443 1.000000 0.777341 0.091202 0.402447 0.237347 0.121588 0.275574 0.121355 0.140025 0.098476 0.189095 0.324030 -0.452200 -0.450927 -0.227399 -0.166796 -0.429186 -0.469828 -0.405742 -0.422914 -0.396483 -0.502227 -0.524723 -0.454096 -0.168823 -0.312869 -0.261004 -0.093805 -0.169128 0.004305 -0.105672 -0.085684 -0.063821 -0.093535 0.183214 0.175562 -0.134448 0.027017 -0.102736 -0.068463 0.154821 0.295993 0.300525 0.192492 -0.051536 0.354684 0.200182 0.150456 -0.045484 -0.175580 0.159875 0.140233 0.113100 0.466434 0.025927 -0.107025 0.277253 0.353349 0.019030 0.147748 -0.374384 -0.114114 0.011689 0.087991 -0.057995 0.121413 -0.050494 -0.076748 -0.361325 -0.348084 -0.128358 -0.251657 -0.128993 0.040935 0.042082 -0.049842 -0.042725 0.190202 -0.006586 0.089095 -0.208197 -0.149371 0.212030 0.017516 0.027381 0.020330
-0.301803 -0.206801 -0.136593 0.181924 0.022862 0.041137 0.170157 0.380201 -0.069944 0.274862 -0.187813 0.331091 -0.081633 0.404019 -0.021192 0.405151 -0.436633 0.225605 -0.034656 0.366209 0.289860 0.127459 -0.066597 0.210000 0.153316 0.634398 -0.060715 -0.026777 0.327088 0.574657 0.777341 1.000000 -0.038266 0.465515 0.298024 0.211457 0.394361 0.374548 0.216476 0.167981 0.243507 0.493737 -0.624595 -0.662212 -0.327643 -0.239556 -0.664107 -0.679089 -0.370675 -0.611147 -0.575774 -0.578756 -0.587325 -0.624092 -0.200756 -0.503067 -0.364908 -0.288549 -0.155550 0.170923 0.025926 0.115130 0.073021 -0.019063 0.216133 0.373993 -0.105569 0.237499 -0.308531 -0.173097 0.236498 0.331539 0.414550 0.232979 0.080004 0.327963 0.368344 0.404650 -0.195744 -0.314961 0.231932 0.184138 -0.023727 0.636366 0.017892 0.007949 0.340374 0.435288 -0.093004 0.284709 -0.426084 -0.081708 0.149416 0.090899 0.031929 0.281462 -0.049417 -0.111153 -0.386619 -0.277675 -0.043738 -0.302078 0.063057 0.084878 0.112644 -0.062658 0.010468 0.223611 0.037285 0.244752 -0.240877 -0.147270 0.214130 0.206202 0.044776 0.027692
0.082646 0.362783 0.274008 -0.131178 -0.057456 -0.232017 0.417678 -0.111130 -0.215392 -0.121033 -0.084460 -0.238313 0.114801 -0.110095 -0.309117 -0.307959 0.268931 0.088147 0.610696 0.598768 0.170720 -0.044231 -0.330301 -0.449553 -0.174442 -0.274321 -0.148148 -0.372289 0.192238 0.213210 0.091202 -0.038266 1.000000 0.691141 0.063159 -0.251502 0.022323 -0.020233 -0.123025 -0.237474 -0.059067 0.046256 0.037588 0.000629 -0.019990 0.093873 0.029347 0.006800 -0.185694 0.038915 -0.291110 -0.028004 0.166888 0.064037 -0.120160 -0.122362 0.153319 0.246914 -0.329243 -0.129334 -0.039100 0.032764 0.294791 0.281206 -0.231405 -0.234789 0.105990 -0.088180 0.412987 0.312455 0.069902 0.282395 0.364557 0.351812 0.244250 0.161562 0.098779 0.052285 0.188201 0.368526 0.134857 0.087661 -0.308707 -0.304205 -0.260899 -0.112408 -0.436585 -0.399936 -0.309912 -0.351274 -0.110621 -0.242520 -0.293593 -0.317761 -0.069827 -0.135947 -0.254654 -0.143624 -0.207401 -0.292857 -0.059396 -0.003793 -0.124338 -0.042977 -0.176640 -0.026053 -0.155798 -0.126521 -0.006972 -0.331820 -0.033510 -0.158373 -0.084361 -0.170033 -0.178982 -0.029050
-0.018570 0.364684 0.209894 0.039038 -0.113879 -0.185286 0.455474 0.139884 -0.161224 0.078460 -0.190836 -0.035775 0.076362 0.149628 -0.267747 -0.133568 0.016758 0.202878 0.580308 0.775186 0.290733 0.135140 -0.326201 -0.341489 -0.029711 0.140577 -0.154537 -0.295701 0.249629 0.452515 0.402447 0.465515 0.691141 1.000000 0.241907 -0.017638 0.184878 0.180490 -0.075126 -0.161789 -0.023177 0.306707 -0.359819 -0.422794 -0.255542 -0.097280 -0.392351 -0.400586 -0.382689 -0.397486 -0.514211 -0.406907 -0.168692 -0.322147 -0.283927 -0.462207 0.060435 0.162660 -0.191385 0.042781 0.151670 0.236483 0.339661 0.304394 -0.035189 0.077359 0.068348 0.068134 0.279703 0.211500 0.249265 0.254707 0.436148 0.449607 0.305006 0.203269 0.235571 0.251874 0.055909 0.082822 0.193761 0.182098 -0.316566 0.026550 -0.252998 -0.207255 -0.220037 -0.138926 -0.362461 -0.176934 -0.379950 -0.194788 -0.252441 -0.167554 -0.084962 -0.042628 -0.187846 -0.192517 -0.218486 -0.338660 -0.091667 -0.225024 0.045965 -0.022530 0.031777 -0.092496 -0.108492 -0.021661 -0.140384 -0.154989 -0.051938 -0.177196 0.028728 0.006433 -0.129031 -0.091557
-0.031995 -0.001383 -0.039731 0.056196 -0.182840 -0.132559 0.020027 0.069767 -0.050909 0.031498 0.019113 0.192318 0.012354 0.101636 -0.112618 0.136676 -0.019383 0.067426 0.093109 0.231365 0.165491 0.176695 -0.107161 -0.035413 0.081399 0.253585 -0.208471 -0.112952 0.147394 0.065643 0.237347 0.298024 0.063159 0.241907 1.000000 0.396255 -0.070544 0.067386 -0.023604 0.015436 -0.022949 0.167794 -0.191194 -0.271076 0.047303 0.005433 -0.302801 -0.263461 -0.176887 -0.166926 -0.174511 -0.215271 -0.392324 -0.280376 -0.275611 -0.179156 -0.098899 -0.050902 -0.005842 0.069201 -0.011695 -0.060057 -0.123492 -0.173598 0.168175 0.210061 0.127114 0.262637 0.020325 0.093485 0.079545 0.273891 0.062815 0.058547 -0.061644 0.032222 -0.027620 0.117841 0.071391 -0.021651 0.051251 0.019515 -0.109239 0.100950 0.083624 -0.037061 -0.080650 0.193661 -0.004103 0.090942 -0.056556 0.027906 0.031251 -0.060109 -0.082969 -0.052882 0.028640 -0.056996 -0.282193 -0.258248 -0.048508 -0.141454 -0.170046 -0.142983 0.060778 -0.059698 -0.067768 0.128881 -0.195420 0.018626 -0.022331 -0.270697 0.125283 -0.118586 0.126859 -0.102362
-0.050051 -0.163049 0.150207 0.206253 -0.029613 0.058382 -0.123467 0.090078 0.205637 0.001601 0.130799 0.176843 0.043039 0.141839 0.086014 0.152217 -0.094945 -0.100845 -0.042322 -0.206227 0.159461 0.098524 0.297183 0.246093 0.352543 0.474845 0.014829 0.234737 -0.228557 -0.192803 0.121588 0.211457 -0.251502 -0.017638 0.396255 1.000000 0.002471 0.156505 -0.060121 0.098755 0.062432 0.086423 -0.334687 -0.262227 -0.074922 -0.086050 -0.382606 -0.257588 0.099791 -0.339637 0.251192 -0.090088 -0.231434 -0.363372 -0.155289 -0.230254 -0.178234 -0.144564 0.204791 -0.047803 0.217372 -0.111047 -0.117155 -0.170750 0.250629 0.233335 0.283496 0.439413 -0.050775 -0.127483 0.012670 -0.080686 -0.254651 -0.008328 -0.048455 -0.054194 -0.005513 0.123015 -0.074324 -0.198915 -0.073734 -0.046138 -0.053785 0.019178 0.211395 -0.013880 0.063823 0.244307 0.173381 0.167918 -0.262460 0.013169 0.016795 0.144190 0.010267 0.069786 0.108778 0.034359 -0.126109 -0.088306 0.074076 -0.001051 -0.056791 -0.066307 0.173135 0.019314 0.065056 -0.001636 -0.050382 0.318485 0.008494 -0.094905 0.173564 0.178600 -0.030166 -0.160542
