1.000000 -0.100498 0.422839 -0.383229 0.464163 -0.046191 0.315872 -0.112846 0.386884 0.211671 0.569940 0.209696 0.350885 0.102307 0.263850 0.058250 0.083598 -0.108843 0.196524 0.123538 -0.000177 -0.194350 0.091142 -0.029072 0.021006 -0.410654 0.082170 -0.052317 -0.218081 -0.320147 0.090590 -0.201210 -0.029106 -0.301607 -0.040058 -0.082956 -0.460933 -0.264203 -0.261677 0.122806 -0.397036 -0.539019 -0.029538 -0.009217 0.247789 0.234701 -0.320707 -0.186897 0.472245 0.174742 0.204903 0.121801 0.023516 -0.076915 -0.032622 -0.350004 0.083447 -0.102921 0.503107 -0.018507 0.326729 -0.091236 -0.267465 0.057070 0.436509 0.203061 0.109155 -0.030923 -0.235938 -0.089232 0.125023 -0.100019 -0.153688 -0.071243 0.059748 0.265018 0.154377 -0.005121 -0.283493 -0.222812 -0.364474 -0.322039 -0.102270 -0.433316 0.005210 -0.486631 0.241842 -0.328548 0.146837 -0.078366 0.169906 0.170226 0.130958 0.295770 -0.180852 0.112037 -0.232676 -0.369267 0.169229 -0.052766 0.148986 0.113756 0.184156 0.335268 0.147076 0.293781 0.019036 0.152080 0.116799 0.001611 -0.211381 -0.312193 -0.167711 0.282270 0.227059 0.246038
-0.100498 1.000000 -0.141487 0.187338 -0.039267 0.130610 -0.117271 0.142156 0.011634 0.023142 -0.340047 0.192104 -0.162363 0.041347 -0.107021 0.116700 -0.143038 0.050470 0.083096 0.107056 0.083975 -0.026473 -0.335360 -0.183048 -0.053452 -0.173350 0.167284 -0.110291 -0.175365 0.006776 -0.136626 -0.142686 0.356505 0.111847 -0.178006 -0.080057 -0.115644 -0.080552 0.002939 0.056740 0.021264 0.017331 0.012337 0.017791 -0.373065 0.016707 -0.035622 0.161883 -0.074643 -0.009993 -0.378714 -0.146082 -0.014398 -0.151191 -0.110496 0.037511 -0.140559 0.260055 0.092804 0.334339 0.072699 0.252796 0.033702 0.113004 -0.218373 0.119353 0.215412 0.126299 0.303501 0.072861 -0.198469 0.027915 -0.131454 -0.044027 -0.185991 0.103376 -0.066254 0.069707 -0.101860 -0.116632 -0.127760 -0.086184 -0.073985 0.009390 -0.302372 -0.011065 0.032483 0.021409 -0.162829 0.065518 0.031781 0.093753 0.160800 -0.031439 0.026235 0.021254 0.023355 0.006535 -0.061342 0.035917 0.204437 0.066434 0.227810 0.120581 0.128911 -0.051406 0.204796 -0.159797 -0.037465 0.014189 -0.102402 -0.069936 0.031958 0.081293 0.032114 0.002482
0.422839 -0.141487 1.000000 0.341810 0.678725 0.335598 0.452075 0.524086 0.452425 0.586893 0.371591 -0.073056 -0.046042 -0.531819 0.141965 -0.063643 -0.490509 -0.672665 0.435612 -0.370539 0.125254 -0.057281 0.527979 0.451568 0.409300 0.160318 0.194009 0.496070 -0.377750 -0.706493 0.229605 0.112095 -0.003704 -0.195598 0.275391 0.067875 -0.249430 -0.185127 -0.126321 -0.188081 -0.061646 -0.176470 -0.216741 -0.054615 0.251969 0.269407 -0.199788 -0.218284 0.506816 0.004958 0.220742 0.187623 -0.233771 -0.211466 -0.147237 -0.102815 -0.322429 -0.627181 0.054568 -0.067029 -0.309864 -0.399071 -0.698167 -0.562868 0.617363 0.210372 0.235150 0.498148 -0.562378 -0.098919 -0.013239 -0.079251 -0.581197 -0.171326 -0.281766 -0.112881 -0.008752 0.038840 -0.250578 -0.375041 -0.409650 -0.537004 0.007226 -0.244353 0.075216 -0.220703 -0.054475 -0.064031 0.318366 -0.104535 0.035954 0.085728 0.213835 0.472356 0.099848 0.094829 0.092355 0.117946 -0.178680 -0.118976 0.068936 0.263376 -0.165514 0.226928 0.048669 -0.007371 -0.055357 0.031065 0.045743 0.206348 0.183376 -0.204875 -0.188268 -0.010541 -0.038699 0.063312
-0.383229 0.187338 0.341810 1.000000 0.001461 0.274226 -0.177528 0.509113 -0.243291 0.178070 -0.058134 -0.084586 -0.424589 -0.593602 -0.103556 -0.152321 -0.345127 -0.356127 0.369392 -0.249895 -0.070133 0.274562 0.498692 0.651424 0.249816 0.564947 0.109520 0.532400 0.050745 -0.442191 0.022909 0.432657 0.223934 0.368401 0.258965 0.095530 0.263274 -0.181824 0.173002 -0.316816 0.400321 0.159921 -0.315970 -0.132343 -0.198967 -0.036176 -0.035972 -0.198386 -0.211167 -0.411253 0.139875 -0.215915 -0.499474 -0.431391 -0.234801 0.012422 -0.217540 -0.359963 -0.523005 -0.162219 -0.483463 -0.234831 -0.201522 -0.561072 0.190837 -0.039057 0.108559 0.503677 -0.132463 0.065850 -0.278281 0.031373 -0.399060 -0.273696 -0.471509 -0.421333 -0.333110 -0.107475 0.190977 -0.193562 0.166111 0.011081 0.312800 0.409017 0.330445 0.414111 -0.241392 0.382990 0.437230 0.021475 -0.317320 -0.058912 0.039696 0.039245 0.202505 -0.277277 0.227474 0.271472 -0.513705 -0.322503 -0.144714 -0.120374 -0.410692 -0.232196 -0.049683 -0.342444 0.242884 -0.021466 -0.394605 0.004940 0.267982 -0.038886 -0.177729 -0.397186 -0.305348 -0.366640
0.464163 -0.039267 0.678725 0.001461 1.000000 0.382085 0.527385 0.280663 0.709845 0.587914 0.395865 -0.171983 0.104711 -0.220845 0.226714 0.249429 -0.299859 -0.465486 0.293210 -0.018280 0.496175 0.074906 0.034712 0.209685 0.427648 -0.066260 0.459753 0.314033 -0.252775 -0.348072 0.187440 -0.030018 -0.283124 -0.387359 -0.099741 -0.126259 -0.349603 -0.206210 -0.216404 -0.249184 -0.133775 -0.121230 -0.174897 -0.170689 0.285513 0.267821 -0.339430 -0.168535 0.473033 0.197324 -0.077484 0.135072 -0.099713 -0.156883 -0.176708 -0.309990 -0.306521 -0.414857 0.179894 0.153650 -0.039814 -0.158436 -0.403993 -0.386650 0.611993 0.214592 0.205923 0.442455 -0.421677 0.100327 0.312424 0.089553 -0.308394 0.028634 -0.044761 0.061629 -0.117948 -0.076038 -0.242424 -0.367717 -0.399939 -0.442430 0.015509 -0.211025 -0.092892 -0.442150 0.033112 -0.245674 0.068685 -0.139959 0.352740 0.217909 0.212685 0.469923 -0.091547 0.122436 -0.172658 -0.057150 -0.115287 -0.048174 0.102652 0.189793 0.047184 0.294397 0.152045 0.116344 0.119415 0.091110 0.097327 0.169388 -0.047752 -0.165995 -0.169768 -0.048250 0.056608 0.112097
-0.046191 0.130610 0.335598 0.274226 0.382085 1.000000 0.093753 0.057066 0.372463 0.555263 -0.177948 -0.337093 -0.086666 -0.288142 0.013608 0.481697 -0.345033 -0.325189 0.070782 -0.192098 0.575698 0.094112 0.123174 -0.104643 0.755291 0.208707 0.683528 0.537105 -0.427321 -0.054235 0.209095 -0.006141 0.073290 -0.092682 0.195211 0.153036 -0.226631 0.105528 -0.076735 0.042718 -0.127602 0.151793 0.098970 0.257706 0.093393 0.225947 -0.040145 0.288930 0.120236 -0.023389 0.075928 0.011754 -0.045193 -0.035682 -0.016082 -0.036748 -0.279563 -0.165342 0.086244 0.088037 -0.097912 -0.123079 -0.258876 -0.245557 -0.010421 -0.137610 0.329302 0.373965 0.028167 0.076131 0.186805 0.179626 -0.202271 0.295099 0.125351 0.029575 0.077822 0.219571 -0.207867 -0.086738 -0.389132 -0.328810 -0.128361 -0.228569 -0.090370 -0.028378 0.196378 -0.045052 0.159091 0.063170 0.076560 -0.244287 -0.202693 -0.060538 0.113094 0.316422 0.196788 0.273155 0.023402 0.028504 -0.142671 -0.003209 0.042253 0.209698 0.070120 -0.038318 -0.066367 -0.174845 0.184156 0.399148 0.213082 0.058504 -0.005087 -0.060859 0.034073 0.118727
0.315872 -0.117271 0.452075 -0.177528 0.527385 0.093753 1.000000 0.388094 0.502619 0.306569 0.045219 0.163076 0.251066 0.213320 -0.021010 0.177496 -0.070939 -0.070384 -0.012246 -0.073536 0.313734 -0.121708 -0.214553 -0.111006 0.113266 -0.253801 0.070774 -0.070699 -0.170795 -0.005889 0.314841 -0.041500 -0.156379 -0.192069 -0.209565 -0.075060 -0.270326 0.019940 -0.345133 -0.040537 -0.253769 -0.150806 -0.078467 -0.291825 0.072730 -0.058672 -0.156432 -0.195960 0.279102 0.365975 -0.253198 0.371047 0.380018 0.308109 -0.025138 -0.222356 -0.196500 -0.189427 0.109085 -0.049492 0.188114 0.001331 -0.106537 0.003607 0.333291 0.309867 -0.239634 -0.025607 -0.389455 -0.104378 0.302581 0.141315 0.034532 0.164175 0.080535 0.194996 0.102014 0.118628 -0.209765 -0.151749 -0.419867 -0.365982 -0.356144 -0.257650 -0.407635 -0.412186 -0.226918 -0.438953 -0.250013 -0.067679 0.376618 0.220391 0.268718 0.272086 -0.338700 0.211209 -0.367346 -0.212526 0.010570 0.111296 0.328552 0.349054 0.169257 0.241023 0.013575 0.181303 -0.167359 -0.085596 0.205608 0.058705 -0.309643 -0.152776 0.002864 0.173444 0.226523 0.223466
-0.112846 0.142156 0.524086 0.509113 0.280663 0.057066 0.388094 1.000000 0.180277 0.458225 -0.118905 0.315524 -0.223439 -0.167474 -0.218785 -0.096509 -0.456626 -0.340931 0.080952 -0.475517 -0.114121 -0.042116 0.211038 0.361168 0.095941 0.205914 -0.181129 0.180893 -0.204712 -0.424608 0.096315 0.158701 -0.021063 -0.039849 0.064218 0.064591 -0.013347 0.017881 -0.114206 -0.144043 0.113418 -0.125901 -0.333350 -0.264095 0.049084 0.195223 -0.141321 -0.294558 0.153221 0.192624 -0.109629 0.295012 -0.136176 -0.088940 -0.218081 0.006830 -0.272041 -0.460418 -0.185776 0.081700 -0.286064 -0.106418 -0.380837 -0.330785 0.402187 0.516588 -0.081497 0.394038 -0.515377 -0.165401 -0.253016 0.078984 -0.477899 -0.257533 -0.471591 -0.218638 -0.178977 0.004788 -0.094206 -0.296460 -0.197199 -0.379545 -0.052611 -0.000211 -0.165131 -0.112106 -0.381252 0.038237 0.100315 0.079286 -0.014055 0.168793 0.315796 0.284447 0.069197 -0.034187 -0.035984 0.153139 -0.349037 -0.068732 0.185636 0.161756 -0.225735 -0.024354 -0.029683 -0.159294 0.067591 0.022464 -0.067810 -0.045499 -0.010935 -0.211411 -0.132509 -0.148379 -0.063011 -0.057782
0.386884 0.011634 0.452425 -0.243291 0.709845 0.372463 0.502619 0.180277 1.000000 0.529186 0.135007 -0.073388 0.114998 0.088388 0.278403 0.313532 -0.169553 -0.280156 -0.027320 -0.040067 0.384846 -0.205650 -0.113364 -0.112907 0.472872 -0.252740 0.206413 0.051815 -0.437627 -0.139589 0.093309 -0.262870 -0.276812 -0.420626 -0.215067 -0.057449 -0.470887 -0.096974 -0.272181 0.020971 -0.296810 -0.167141 0.084655 0.027323 0.248697 0.229396 -0.205832 0.084094 0.459149 0.319788 -0.189175 0.191398 0.104571 0.043774 0.014021 -0.123645 -0.119632 -0.180473 0.396315 0.346490 0.070484 -0.067040 -0.324758 -0.030688 0.290841 0.232208 0.210582 0.242822 -0.234287 0.054204 0.277445 0.088295 -0.194277 0.181603 0.199435 0.184959 0.109672 0.092976 -0.341647 -0.181219 -0.478955 -0.447646 -0.250369 -0.461534 -0.314413 -0.525828 0.172240 -0.410103 -0.081341 -0.026323 0.366328 0.150243 0.281849 0.375131 -0.097019 0.264605 -0.187461 -0.095151 0.075184 0.141459 0.285817 0.300509 0.204518 0.302544 0.093975 0.139148 0.006668 -0.082073 0.230246 0.217539 -0.126068 -0.148701 0.057423 0.144033 0.147674 0.177805
0.211671 0.023142 0.586893 0.178070 0.587914 0.555263 0.306569 0.458225 0.529186 1.000000 0.210468 0.116605 0.073131 -0.178646 -0.030702 0.430003 -0.347529 -0.342232 0.033732 -0.347228 0.326703 0.015812 0.220509 0.133653 0.460930 0.144631 0.155242 0.274963 -0.327957 -0.269568 0.211473 0.082850 -0.268505 -0.356323 0.060015 -0.015710 -0.286323 0.061275 -0.205540 0.076513 -0.149221 -0.174840 -0.073977 0.018812 0.355433 0.338605 -0.299538 -0.033450 0.507773 0.210248 0.220244 0.292411 0.034209 -0.027650 -0.131668 -0.055540 -0.300732 -0.513730 0.139394 -0.016967 -0.309431 -0.379536 -0.438114 -0.413192 0.406203 0.164176 0.168063 0.388760 -0.303752 -0.075648 0.158131 0.303463 -0.322185 -0.029124 -0.191875 -0.069197 -0.112900 -0.044227 -0.076692 -0.228328 -0.391517 -0.350875 -0.187961 -0.267864 -0.129145 -0.279238 -0.034214 -0.108951 -0.005172 -0.048104 0.108091 -0.022895 0.052636 0.184033 0.030788 0.194960 -0.046998 0.068291 -0.046495 -0.000584 0.016650 -0.011155 -0.212193 0.170133 0.014465 0.050050 -0.035150 0.116290 0.183259 0.146730 -0.057668 -0.280704 -0.068074 -0.022525 0.162710 0.241441
0.569940 -0.340047 0.371591 -0.058134 0.395865 -0.177948 0.045219 -0.118905 0.135007 0.210468 1.000000 0.142193 0.379379 -0.188566 0.333203 -0.048851 0.160304 -0.164074 0.227112 0.007666 -0.093472 0.154928 0.447675 0.394954 0.067911 0.084458 -0.085876 0.092464 0.205510 -0.390940 0.175077 0.268685 -0.228196 -0.145753 -0.051368 -0.229122 -0.113633 -0.419841 -0.184238 -0.112727 -0.053176 -0.318881 -0.217314 -0.078610 0.331899 0.145328 -0.309771 -0.362155 0.428104 -0.080675 0.437236 -0.005118 -0.308778 -0.356353 -0.197948 -0.335683 0.011415 -0.364081 0.037429 -0.191390 -0.074799 -0.266998 -0.181942 -0.345757 0.615277 0.058605 0.031938 0.116644 -0.294623 0.058875 0.147870 0.080498 -0.085464 -0.249966 -0.058431 -0.111426 -0.250666 -0.401000 0.209706 -0.179588 0.089622 0.094512 0.186561 -0.005631 0.395602 -0.165699 0.157401 -0.042041 0.163279 -0.318351 -0.108110 0.041839 0.008972 0.258943 -0.142698 -0.253843 -0.150232 -0.332226 -0.129456 -0.398808 -0.162446 -0.156785 -0.162612 0.023906 0.112523 0.170663 0.181693 0.365857 -0.135201 -0.253378 -0.129337 -0.342437 -0.324593 -0.097746 0.062788 0.000406
0.209696 0.192104 -0.073056 -0.084586 -0.171983 -0.337093 0.163076 0.315524 -0.073388 0.116605 0.142193 1.000000 0.304389 0.538285 -0.241100 0.101492 0.135337 0.271893 -0.265394 -0.214402 -0.337501 -0.107712 -0.031563 0.004125 -0.305667 -0.126617 -0.468492 -0.456803 0.050084 -0.024309 0.171822 0.138847 0.052099 0.029782 -0.150638 -0.010375 -0.039356 0.016142 -0.250246 0.340095 -0.202128 -0.398139 -0.087495 -0.049993 0.101908 0.149649 -0.285032 -0.326635 0.286609 0.307205 0.121638 0.306836 0.117797 -0.028809 0.021951 -0.095934 -0.026441 -0.099446 0.068354 -0.110184 0.186880 0.102807 0.061560 0.185649 0.181883 0.547003 -0.298329 -0.166978 -0.313876 -0.305149 -0.132177 0.219126 0.037408 -0.196283 -0.057782 0.147749 -0.063235 -0.117892 0.061367 -0.128340 -0.063129 -0.061772 -0.356757 -0.126402 -0.223698 -0.291978 -0.186572 -0.182092 -0.267982 0.011791 -0.182815 -0.047412 0.032036 -0.125619 -0.287624 -0.033973 -0.313464 -0.388061 0.030402 -0.090903 0.040732 -0.240774 -0.079607 -0.057047 0.009240 0.261724 -0.073508 0.308653 0.066627 -0.351422 -0.433762 -0.418825 -0.166332 0.204513 0.433195 0.289194
0.350885 -0.162363 -0.046042 -0.424589 0.104711 -0.086666 0.251066 -0.223439 0.114998 0.073131 0.379379 0.304389 1.000000 0.476476 0.093237 0.310407 0.367641 0.358449 -0.422892 -0.117966 -0.078504 -0.159650 -0.084924 -0.269479 -0.042802 -0.224605 -0.154876 -0.231745 0.070080 0.212612 0.242751 -0.051235 -0.191737 -0.272311 -0.213156 -0.216449 -0.190499 0.151727 -0.169903 0.215447 -0.274768 -0.304512 0.124725 0.074276 0.109875 0.010635 -0.156601 -0.087654 0.347299 0.156014 0.148025 0.277209 0.252475 0.083908 0.119644 -0.117996 0.091975 0.002224 0.142494 -0.105098 0.287359 0.110637 0.217092 0.165113 0.187486 0.154859 -0.105970 -0.282609 -0.172080 -0.189021 0.329712 0.252551 0.366555 0.259329 0.284635 0.281099 0.111955 0.034252 0.077613 0.105855 -0.145809 0.031699 -0.220822 -0.306564 -0.275341 -0.274183 -0.006799 -0.368016 -0.167479 -0.105516 0.031335 -0.121536 -0.221143 -0.143962 -0.255284 0.179109 -0.127847 -0.150544 0.246454 0.063444 -0.158352 -0.146259 -0.055612 -0.056455 -0.104974 0.137412 -0.180967 0.001661 0.289743 0.009501 -0.318289 -0.132506 -0.137031 0.040682 0.285363 0.233011
0.102307 0.041347 -0.531819 -0.593602 -0.220845 -0.288142 0.213320 -0.167474 0.088388 -0.178646 -0.188566 0.538285 0.476476 1.000000 -0.126555 0.385733 0.429095 0.653961 -0.594403 0.113860 -0.072678 -0.276063 -0.557353 -0.543767 -0.306858 -0.524469 -0.323774 -0.652576 0.028964 0.590593 0.040265 -0.240356 -0.183876 -0.123283 -0.403388 -0.040683 -0.177657 0.277222 -0.290032 0.344532 -0.365243 -0.254982 0.271817 0.051145 -0.002207 -0.069541 -0.121299 0.046054 -0.010089 0.416779 -0.189240 0.245067 0.478693 0.385155 0.163096 -0.092609 0.229344 0.405755 0.223063 0.062807 0.555259 0.438791 0.473191 0.662936 -0.159627 0.296499 -0.374864 -0.545384 0.008524 -0.172167 0.206418 0.278826 0.463536 0.370301 0.410205 0.469934 0.239583 0.137000 -0.091462 0.220426 -0.127289 0.048732 -0.464763 -0.243992 -0.483132 -0.379594 -0.093100 -0.466084 -0.430762 0.159538 0.125054 -0.027562 -0.011679 -0.285708 -0.396408 0.203897 -0.452862 -0.404807 0.289898 0.224938 0.187445 -0.118405 0.235999 -0.026201 -0.033675 0.288844 -0.135685 0.044233 0.261280 -0.139594 -0.542964 -0.080739 0.111906 0.264350 0.416241 0.269780
0.263850 -0.107021 0.141965 -0.103556 0.226714 0.013608 -0.021010 -0.218785 0.278403 -0.030702 0.333203 -0.241100 0.093237 -0.126555 1.000000 0.251188 -0.069855 -0.275925 0.121655 0.124684 0.093728 -0.194367 0.111925 -0.047577 0.077549 -0.189012 0.095960 0.178077 -0.115739 -0.084781 -0.096151 -0.161156 -0.127751 -0.296429 0.058741 0.021944 -0.299964 -0.144949 -0.039906 -0.097470 -0.153294 -0.068570 0.137094 0.040585 -0.177560 -0.178540 0.087465 0.194289 0.037046 -0.156801 0.043251 -0.171444 -0.182304 -0.128710 0.059037 -0.052741 -0.064041 -0.043678 0.203647 0.173983 -0.122674 -0.155271 -0.358852 -0.267629 0.216196 -0.124627 0.315870 -0.052741 0.115355 0.265921 0.076873 -0.116089 -0.126426 0.119471 0.125634 0.141549 0.177448 0.169796 -0.132143 -0.019832 -0.190147 -0.138251 0.274843 -0.076280 0.407209 -0.025561 0.587853 -0.093311 0.383584 0.099457 0.152013 0.100311 0.142733 0.237128 0.148308 0.100473 0.147424 0.112728 0.101769 0.052785 0.063547 0.159320 0.233415 0.227221 0.178466 0.090507 0.166250 -0.088368 0.017396 0.306599 0.137480 0.079172 0.109596 0.136444 -0.014572 -0.048811
0.058250 0.116700 -0.063643 -0.152321 0.249429 0.481697 0.177496 -0.096509 0.313532 0.430003 -0.048851 0.101492 0.310407 0.385733 0.251188 1.000000 -0.045839 0.092306 -0.252815 0.051645 0.555356 0.105116 -0.266114 -0.323706 0.235831 -0.152404 0.320857 0.092829 -0.174871 0.395085 0.141528 -0.058049 -0.213048 -0.248923 -0.199281 -0.068213 -0.378446 0.182923 -0.419019 0.167247 -0.360554 -0.004205 0.189307 0.052918 -0.016378 -0.021392 -0.205050 0.199560 0.181740 0.166476 -0.004486 0.053077 0.218239 0.158989 -0.074403 -0.217020 -0.210759 0.007368 0.266059 0.118666 0.229318 0.091414 0.027309 0.002168 0.079004 0.042620 0.119445 -0.039214 0.068743 0.115596 0.312344 0.404086 0.126212 0.440762 0.341926 0.309007 0.043115 0.072172 -0.062022 -0.028471 -0.337973 -0.128589 -0.349173 -0.144665 -0.240203 -0.308481 0.214108 -0.360852 -0.116079 0.086005 0.187790 0.011298 -0.128683 -0.138609 -0.210048 0.338212 -0.238882 -0.072612 0.217456 0.151301 0.020810 -0.099964 0.235139 0.292465 0.285513 0.324409 0.032341 0.044168 0.277590 0.217696 -0.229814 -0.084374 0.081054 0.182154 0.429334 0.359809
0.083598 -0.143038 -0.490509 -0.345127 -0.299859 -0.345033 -0.070939 -0.456626 -0.169553 -0.347529 0.160304 0.135337 0.367641 0.429095 -0.069855 -0.045839 1.000000 0.749838 -0.294095 0.400118 -0.194578 -0.051279 -0.170970 -0.134905 -0.225801 -0.263510 -0.227626 -0.379063 0.400363 0.513061 0.028748 0.096639 -0.043836 0.223019 -0.425813 -0.317356 0.032685 -0.148714 -0.128551 -0.113575 -0.117573 -0.290541 0.116081 -0.106335 -0.065188 -0.370082 -0.146274 -0.222450 -0.238173 -0.222673 0.088803 -0.206073 0.175660 0.060784 0.002121 -0.332108 0.721303 0.506520 -0.170703 -0.381533 0.297583 0.032795 0.742713 0.546763 -0.102297 -0.270416 -0.426341 -0.561659 0.303889 0.026419 0.251298 0.176984 0.734705 0.225572 0.292700 0.131325 0.068007 -0.158977 0.490011 0.569652 0.419286 0.675954 -0.049306 0.009235 0.062090 0.034717 -0.045867 -0.243074 -0.267726 -0.220847 0.067123 -0.191886 -0.051176 -0.302019 -0.349921 -0.125769 -0.420198 -0.515925 0.029105 -0.123363 -0.022936 -0.244828 0.125439 -0.163236 -0.099289 0.069194 -0.127716 -0.032151 -0.009114 -0.254077 -0.432321 -0.099542 -0.038572 0.101491 0.125624 -0.036551
-0.108843 0.050470 -0.672665 -0.356127 -0.465486 -0.325189 -0.070384 -0.340931 -0.280156 -0.342232 -0.164074 0.271893 0.358449 0.653961 -0.275925 0.092306 0.749838 1.000000 -0.530355 0.232487 -0.138296 -0.138350 -0.408841 -0.366142 -0.288452 -0.254269 -0.226599 -0.519623 0.277609 0.712362 0.004020 0.003732 -0.146022 0.135344 -0.275760 -0.099262 0.053195 0.175761 -0.076977 0.114924 -0.158184 -0.194802 0.189464 0.014696 -0.058126 -0.234974 -0.070165 -0.044410 -0.326033 0.032220 -0.002851 -0.001797 0.455556 0.364311 0.160790 -0.121209 0.472135 0.510214 -0.127575 -0.258453 0.364388 0.271618 0.792206 0.607084 -0.325570 -0.202582 -0.474280 -0.595315 0.308632 -0.116503 0.236123 0.379683 0.633695 0.323631 0.241557 0.230137 0.085824 -0.012715 0.270680 0.518695 0.210168 0.553543 -0.256518 -0.021915 -0.229627 0.078406 -0.155051 -0.232323 -0.433020 0.081134 0.054380 -0.163192 -0.173535 -0.481425 -0.381090 -0.027521 -0.399099 -0.373342 0.178100 0.048199 -0.044200 -0.302718 0.098819 -0.168379 -0.136876 0.076219 -0.189700 -0.075491 0.071253 -0.297637 -0.483433 -0.064545 0.090712 0.079031 0.230701 0.058905
0.196524 0.083096 0.435612 0.369392 0.293210 0.070782 -0.012246 0.080952 -0.027320 0.033732 0.227112 -0.265394 -0.422892 -0.594403 0.121655 -0.252815 -0.294095 -0.530355 1.000000 0.167093 0.045747 0.308106 0.273966 0.426759 0.066149 0.124754 0.282785 0.405929 0.070911 -0.557611 -0.119979 0.111294 0.285220 0.174752 0.175136 -0.075726 0.153741 -0.348309 0.136389 -0.266465 0.262593 0.194448 -0.283497 -0.237581 -0.149316 -0.101271 -0.064124 -0.224006 0.001346 -0.299891 0.075141 -0.270123 -0.393405 -0.316156 -0.240201 -0.154929 -0.142941 -0.189239 -0.052248 -0.029631 -0.235894 -0.256119 -0.333165 -0.341185 0.293900 -0.025872 0.252177 0.242369 0.001934 0.166361 -0.309492 -0.400122 -0.399558 -0.361991 -0.310504 -0.255668 -0.157868 -0.188263 -0.037817 -0.346448 0.080836 -0.113868 0.338428 0.305537 0.417226 0.081700 -0.012877 0.306578 0.374071 -0.034905 -0.106513 0.142521 0.144022 0.293551 0.083190 -0.321911 0.007081 -0.030151 -0.347262 -0.289268 0.047676 0.171978 -0.122916 0.109266 0.131605 0.015488 0.231293 0.130964 -0.334314 -0.031781 0.172003 -0.112073 -0.222145 -0.156227 -0.206996 -0.183254
0.123538 0.107056 -0.370539 -0.249895 -0.018280 -0.192098 -0.073536 -0.475517 -0.040067 -0.347228 0.007666 -0.214402 -0.117966 0.113860 0.124684 0.051645 0.400118 0.232487 0.167093 1.000000 0.233812 0.138910 -0.391886 -0.062820 -0.269792 -0.372480 0.172388 -0.099266 0.201875 0.282517 -0.171180 -0.129684 -0.039941 0.296568 -0.411153 -0.171607 -0.140854 -0.290693 -0.160350 -0.104677 -0.164460 0.016781 -0.106456 -0.244176 -0.175407 -0.280499 -0.295500 -0.029740 -0.374785 -0.265005 -0.305417 -0.571311 -0.068613 -0.120364 -0.139994 -0.456340 0.323287 0.509232 0.012087 0.046865 0.244735 0.124175 0.447916 0.271990 -0.216792 -0.435622 -0.026584 -0.021940 0.537740 0.601633 0.283609 -0.081158 0.312627 0.115786 0.247521 0.197749 -0.022087 -0.187077 0.069872 0.096537 0.242618 0.354954 0.028822 0.091353 0.072686 -0.114774 0.145495 -0.209316 -0.114155 -0.148631 0.339492 0.323255 0.163804 0.152933 -0.317667 -0.026554 -0.482558 -0.404004 -0.000418 -0.046293 0.173870 0.014494 0.331026 0.196082 0.141169 0.240291 0.062554 0.104623 -0.020308 -0.084444 -0.117787 0.090841 0.088238 0.204350 0.086274 0.044351
-0.000177 0.083975 0.125254 -0.070133 0.496175 0.575698 0.313734 -0.114121 0.384846 0.326703 -0.093472 -0.337501 -0.078504 -0.072678 0.093728 0.555356 -0.194578 -0.138296 0.045747 0.233812 1.000000 0.264071 -0.251797 -0.156612 0.424781 -0.032709 0.680994 0.255373 -0.211359 0.266487 0.346468 0.064768 -0.188285 -0.109305 -0.188015 -0.023323 -0.250583 0.122121 -0.274781 0.043490 -0.280108 0.266445 -0.062664 -0.085266 0.038232 0.077051 -0.226436 0.141159 0.013768 0.131936 -0.245636 -0.059371 0.187485 0.118431 -0.031404 -0.231448 -0.311286 -0.022602 0.118676 0.130371 0.080029 0.064640 -0.002637 -0.134789 -0.071722 -0.230946 0.122647 0.229385 0.112438 0.194715 0.602968 0.394884 0.083146 0.383309 0.313811 0.288580 0.027690 0.074144 -0.219200 -0.158117 -0.353549 -0.230199 -0.265006 -0.159457 -0.240271 -0.252697 0.171179 -0.273248 -0.194844 -0.067544 0.335478 0.148170 -0.058542 0.095543 -0.188542 0.394736 -0.185927 0.027277 0.272389 0.259170 0.002944 0.042132 0.237414 0.344144 0.230167 0.212260 -0.130964 -0.038332 0.308031 0.276486 -0.030375 0.211900 0.278877 0.142805 0.266403 0.326789
-0.194350 -0.026473 -0.057281 0.274562 0.074906 0.094112 -0.121708 -0.042116 -0.205650 0.015812 0.154928 -0.107712 -0.159650 -0.276063 -0.194367 0.105116 -0.051279 -0.138350 0.308106 0.138910 0.264071 1.000000 0.109716 0.357681 -0.036296 0.614226 0.234904 0.277182 0.643930 -0.004050 0.040116 0.527683 0.084645 0.191733 -0.079466 -0.298983 0.526425 -0.374089 0.058741 -0.331594 0.536459 0.484659 -0.334788 -0.399935 0.063356 -0.019937 -0.114716 -0.347966 -0.015129 -0.167684 0.031568 -0.278359 -0.184176 -0.303888 -0.443609 -0.245710 -0.274911 -0.246155 -0.093672 -0.058856 -0.073464 -0.077686 0.169635 -0.336382 0.045402 -0.089214 0.071943 0.253745 0.064453 0.142743 -0.143329 0.009856 0.144791 -0.401216 -0.240681 -0.525359 -0.677767 -0.665606 0.518703 -0.196333 0.564985 0.390782 0.338459 0.695461 0.212908 0.147558 0.008705 0.466252 -0.014560 -0.371409 -0.271247 0.052338 -0.057562 -0.042468 -0.161017 -0.581468 -0.061175 -0.101038 -0.405336 -0.477020 -0.059676 -0.207714 -0.068370 -0.072528 0.351148 0.028172 0.396031 0.324501 -0.554605 -0.487667 -0.042596 -0.278082 -0.384713 -0.352969 -0.128674 -0.223530
0.091142 -0.335360 0.527979 0.498692 0.034712 0.123174 -0.214553 0.211038 -0.113364 0.220509 0.447675 -0.031563 -0.084924 -0.557353 0.111925 -0.266114 -0.170970 -0.408841 0.273966 -0.391886 -0.251797 0.109716 1.000000 0.658730 0.281681 0.478213 -0.073340 0.498285 -0.022903 -0.551040 0.281218 0.531295 0.169284 0.231850 0.408502 0.198993 0.071498 -0.280139 0.035009 -0.156533 0.157700 -0.133523 -0.230848 0.099304 0.239134 0.174338 -0.154615 -0.275791 0.107890 -0.310876 0.563697 -0.061008 -0.502256 -0.421851 -0.208653 -0.056359 -0.067855 -0.465373 -0.210963 -0.319737 -0.450038 -0.412186 -0.362927 -0.465948 0.270239 -0.047454 0.112262 0.299865 -0.252190 -0.102721 -0.117397 0.008946 -0.278240 -0.286384 -0.276815 -0.287679 -0.098963 -0.128599 0.128357 -0.077726 0.126872 -0.019391 0.238054 0.032661 0.477664 0.143921 -0.002170 0.234421 0.524520 -0.231098 -0.448913 -0.265070 -0.065528 0.098594 0.192242 -0.230388 0.237868 0.063594 -0.250679 -0.363573 -0.237081 -0.134626 -0.378217 -0.106885 -0.049765 -0.159805 -0.024139 0.126223 -0.217317 -0.059328 0.240297 -0.200152 -0.242084 -0.186093 -0.138343 -0.174259
-0.029072 -0.183048 0.451568 0.651424 0.209685 -0.104643 -0.111006 0.361168 -0.112907 0.133653 0.394954 0.004125 -0.269479 -0.543767 -0.047577 -0.323706 -0.134905 -0.366142 0.426759 -0.062820 -0.156612 0.357681 0.658730 1.000000 0.017862 0.497990 -0.087925 0.465805 0.211545 -0.555538 0.108747 0.564510 0.029044 0.365063 0.110642 -0.006705 0.200677 -0.408767 0.048245 -0.414239 0.319915 -0.022086 -0.415499 -0.261918 0.087894 -0.003096 -0.319115 -0.544073 0.003062 -0.390506 0.284844 -0.273656 -0.517330 -0.528382 -0.317658 -0.276111 -0.127367 -0.460289 -0.396023 -0.266551 -0.418043 -0.291920 -0.193522 -0.536753 0.435767 0.003202 -0.037418 0.487124 -0.345304 0.121007 -0.098756 0.002734 -0.290976 -0.432523 -0.414344 -0.381875 -0.410364 -0.364745 0.258381 -0.244109 0.308091 0.097186 0.355226 0.342529 0.408031 0.092741 -0.271173 0.211605 0.353781 -0.324745 -0.251863 0.066503 0.220877 0.320251 0.036698 -0.384032 -0.039092 -0.051280 -0.470214 -0.421902 -0.057136 -0.102650 -0.380393 -0.161329 -0.035425 -0.162890 0.147043 0.250318 -0.378865 -0.194606 0.152404 -0.158232 -0.307252 -0.270119 -0.194142 -0.247576
0.021006 -0.053452 0.409300 0.249816 0.427648 0.755291 0.113266 0.095941 0.472872 0.460930 0.067911 -0.305667 -0.042802 -0.306858 0.077549 0.235831 -0.225801 -0.288452 0.066149 -0.269792 0.424781 -0.036296 0.281681 0.017862 1.000000 0.267301 0.465361 0.473133 -0.360464 -0.141362 0.247317 0.070354 -0.084758 -0.114150 0.215047 0.158362 -0.217346 0.067366 -0.104124 0.047542 -0.176228 0.007617 0.112264 0.305271 0.144051 0.197270 -0.032800 0.209386 0.130033 -0.086721 0.181530 0.016341 -0.164365 -0.100577 0.051489 -0.023445 -0.180694 -0.213191 -0.049340 -0.007705 -0.125805 -0.050146 -0.272766 -0.265207 0.127839 -0.127963 0.172018 0.305889 -0.150940 0.009884 0.225026 0.280479 -0.206488 0.233548 0.194008 -0.045786 -0.009566 0.122329 -0.146887 -0.025172 -0.302453 -0.241820 -0.164163 -0.278606 0.065773 -0.028130 0.188764 -0.051527 0.223993 0.078906 0.011509 -0.248117 -0.196870 -0.017804 0.047207 0.234886 0.160804 0.185114 0.038346 -0.021993 -0.235069 -0.059999 -0.111963 0.067440 -0.028484 -0.033721 -0.076843 -0.090905 0.161058 0.279356 0.194543 0.109095 0.035570 -0.165634 0.019964 0.042751
-0.410654 -0.173350 0.160318 0.564947 -0.066260 0.208707 -0.253801 0.205914 -0.252740 0.144631 0.084458 -0.126617 -0.224605 -0.524469 -0.189012 -0.152404 -0.263510 -0.254269 0.124754 -0.372480 -0.032709 0.614226 0.478213 0.497990 0.267301 1.000000 0.048897 0.446521 0.430754 -0.238470 0.007019 0.496172 -0.015165 0.087694 0.328243 0.012688 0.605146 -0.137877 0.399818 -0.283449 0.607519 0.408524 -0.272241 -0.157371 0.062333 0.001529 0.157879 -0.159637 -0.063457 -0.317713 0.331342 -0.119853 -0.243151 -0.211145 -0.101263 0.138800 -0.292876 -0.474408 -0.323417 -0.212068 -0.488382 -0.279933 -0.149325 -0.582178 0.011891 -0.133174 0.057078 0.346288 -0.109356 -0.015619 -0.252465 -0.022699 -0.117278 -0.437185 -0.376724 -0.702066 -0.546731 -0.381964 0.454842 -0.154811 0.497427 0.261590 0.421358 0.524407 0.404014 0.436121 0.030397 0.640737 0.207086 -0.120436 -0.326775 -0.139570 -0.186155 -0.100854 0.245957 -0.432900 0.417884 0.359811 -0.379432 -0.384685 -0.345056 -0.238753 -0.437106 -0.325792 -0.039134 -0.325558 0.185041 0.135510 -0.434026 -0.229629 0.351521 -0.110010 -0.300738 -0.543757 -0.345970 -0.381172
0.082170 0.167284 0.194009 0.109520 0.459753 0.683528 0.070774 -0.181129 0.206413 0.155242 -0.085876 -0.468492 -0.154876 -0.323774 0.095960 0.320857 -0.227626 -0.226599 0.282785 0.172388 0.680994 0.234904 -0.073340 -0.087925 0.465361 0.048897 1.000000 0.479804 -0.281752 -0.019553 0.192305 0.004590 0.159942 0.013957 0.148976 0.103078 -0.233716 -0.121144 -0.101290 -0.145484 -0.138347 0.184395 -0.002150 0.135294 0.081588 0.225057 -0.087181 0.175295 0.003697 0.023526 -0.118299 -0.100473 -0.090050 -0.039445 -0.031797 -0.255113 -0.208071 0.016297 0.051868 0.118893 0.102833 0.013582 -0.074828 -0.144395 -0.056315 -0.218453 0.316241 0.332344 0.154479 0.203607 0.294918 0.038572 -0.140197 0.271932 0.157752 0.177344 0.011556 0.110792 -0.251279 -0.192042 -0.287369 -0.229669 -0.016130 -0.104264 -0.031360 -0.076421 0.225789 -0.075080 0.059342 -0.049916 0.177419 -0.097885 -0.216975 0.005577 -0.019738 0.190246 0.013927 0.050309 0.016055 -0.051795 -0.172041 -0.017241 0.272438 0.350715 0.232867 0.128863 0.020851 -0.075762 0.090520 0.267901 0.180101 0.094238 -0.086491 0.011113 0.089873 0.106167
-0.052317 -0.110291 0.496070 0.532400 0.314033 0.537105 -0.070699 0.180893 0.051815 0.274963 0.092464 -0.456803 -0.231745 -0.652576 0.178077 0.092829 -0.379063 -0.519623 0.405929 -0.099266 0.255373 0.277182 0.498285 0.465805 0.473133 0.446521 0.479804 1.000000 -0.189762 -0.379143 0.114661 0.260000 0.131258 0.145081 0.384527 0.075243 -0.063697 -0.154978 0.020698 -0.332421 0.070995 0.154590 -0.222383 -0.050284 -0.135974 -0.065684 -0.091343 -0.040870 -0.069824 -0.453603 0.089233 -0.356327 -0.512200 -0.380967 -0.215323 -0.171983 -0.202601 -0.285841 -0.145232 0.013320 -0.314742 -0.271424 -0.405908 -0.543555 0.243605 -0.239745 0.381539 0.528283 -0.060573 0.321061 -0.024675 -0.015176 -0.391348 -0.021000 -0.177712 -0.245108 -0.128014 -0.001950 -0.004510 -0.091637 -0.023686 -0.145234 0.213466 0.070702 0.344109 0.113812 0.081336 0.114824 0.576450 -0.044465 -0.076279 -0.015994 0.041486 0.231413 0.170856 0.020562 0.235751 0.289427 -0.251812 -0.169847 -0.096321 0.097169 -0.062763 0.188530 0.136935 -0.096032 0.008846 -0.037442 -0.092411 0.211577 0.414697 0.110582 -0.066027 -0.168703 -0.198105 -0.151620
-0.218081 -0.175365 -0.377750 0.050745 -0.252775 -0.427321 -0.170795 -0.204712 -0.437627 -0.327957 0.205510 0.050084 0.070080 0.028964 -0.115739 -0.174871 0.400363 0.277609 0.070911 0.201875 -0.211359 0.643930 -0.022903 0.211545 -0.360464 0.430754 -0.281752 -0.189762 1.000000 0.245691 -0.203663 0.360347 -0.066244 0.110557 -0.237807 -0.431390 0.726586 -0.286898 0.294897 -0.384626 0.632128 0.269230 -0.143426 -0.474969 -0.102830 -0.359518 0.125597 -0.362265 -0.245875 -0.262040 0.146644 -0.209676 0.016759 -0.073670 -0.191414 -0.088964 0.089185 -0.036536 -0.277909 -0.303295 -0.115518 -0.049264 0.459423 -0.073173 -0.031713 -0.143482 -0.319102 -0.292422 0.110295 -0.028489 -0.190292 -0.147250 0.527769 -0.409162 -0.237015 -0.552401 -0.561945 -0.613945 0.752773 0.147964 0.847018 0.751349 0.525737 0.805534 0.361480 0.378936 -0.074541 0.491107 -0.168952 -0.237667 -0.168930 -0.011798 -0.043439 -0.232267 -0.167402 -0.708009 -0.066673 -0.163692 -0.364661 -0.397727 -0.093456 -0.269883 -0.179403 -0.422819 0.009665 -0.163995 0.291984 0.225122 -0.618812 -0.533921 -0.226611 -0.211060 -0.333919 -0.457480 -0.303699 -0.459755
-0.320147 0.006776 -0.706493 -0.442191 -0.348072 -0.054235 -0.005889 -0.424608 -0.139589 -0.269568 -0.390940 -0.024309 0.212612 0.590593 -0.084781 0.395085 0.513061 0.712362 -0.557611 0.282517 0.266487 -0.004050 -0.551040 -0.555538 -0.141362 -0.238470 -0.019553 -0.379143 0.245691 1.000000 0.055924 -0.035378 -0.195255 0.024438 -0.335301 -0.058556 0.048397 0.378748 -0.082816 0.143397 -0.122919 0.206126 0.223937 -0.047552 -0.185909 -0.340315 0.070776 0.222282 -0.405609 0.080074 -0.227546 -0.004783 0.503031 0.499657 0.086296 0.007152 0.261559 0.529109 -0.029768 -0.074696 0.310892 0.323056 0.624156 0.551088 -0.482639 -0.284321 -0.409955 -0.595370 0.403319 0.004971 0.322712 0.380734 0.780072 0.504605 0.433630 0.312382 0.203192 0.146271 0.211269 0.569112 0.136119 0.454754 -0.207462 0.063744 -0.278606 0.063741 0.093190 -0.169093 -0.463784 0.089377 0.195368 -0.117579 -0.209797 -0.470145 -0.195626 0.194981 -0.231767 -0.088992 0.332281 0.324448 -0.006339 -0.200258 0.267458 -0.087719 -0.061312 0.036364 -0.243741 -0.249415 0.201236 0.022245 -0.302939 0.200805 0.335192 0.162491 0.219541 0.140821
0.090590 -0.136626 0.229605 0.022909 0.187440 0.209095 0.314841 0.096315 0.093309 0.211473 0.175077 0.171822 0.242751 0.040265 -0.096151 0.141528 0.028748 0.004020 -0.119979 -0.171180 0.346468 0.040116 0.281218 0.108747 0.247317 0.007019 0.192305 0.114661 -0.203663 0.055924 1.000000 0.642327 0.166226 0.288383 -0.076934 0.119629 -0.241908 0.091173 -0.429523 0.208877 -0.395671 -0.161430 -0.177451 0.124533 0.279853 0.255469 -0.421428 -0.291648 0.168247 0.229901 0.081865 0.243649 0.053473 -0.058408 -0.082684 -0.259299 -0.093611 -0.076996 -0.139623 -0.231781 0.133394 0.080060 0.097973 0.040449 0.081844 0.047498 -0.246580 0.046148 -0.236753 -0.209638 0.506976 0.600349 0.194614 0.276520 0.205981 0.440422 0.136885 0.093862 -0.134007 -0.039679 -0.290525 -0.174149 -0.385166 -0.359078 -0.233464 -0.314818 -0.070097 -0.366223 -0.103778 -0.330835 -0.128839 -0.312690 -0.229977 -0.181906 -0.357611 0.293910 -0.210876 -0.217267 0.238791 0.008670 -0.195347 -0.266781 -0.127279 -0.002288 -0.119174 0.166917 -0.407014 0.055786 0.357340 -0.034320 -0.278734 -0.023384 -0.005339 0.117440 0.399783 0.363558
-0.201210 -0.142686 0.112095 0.432657 -0.030018 -0.006141 -0.041500 0.158701 -0.262870 0.082850 0.268685 0.138847 -0.051235 -0.240356 -0.161156 -0.058049 0.096639 0.003732 0.111294 -0.129684 0.064768 0.527683 0.531295 0.564510 0.070354 0.496172 0.004590 0.260000 0.360347 -0.035378 0.642327 1.000000 0.212414 0.536656 0.051125 -0.001242 0.236830 -0.244989 -0.199992 -0.174784 0.158756 0.054106 -0.320239 -0.152885 0.218582 0.053938 -0.310200 -0.509159 -0.021819 -0.105042 0.297056 -0.063871 -0.234345 -0.346328 -0.385315 -0.327274 -0.125516 -0.279331 -0.424180 -0.410034 -0.189307 -0.119761 0.184669 -0.259597 0.130602 -0.074970 -0.277138 0.143437 -0.154651 -0.111790 0.092003 0.460263 0.213074 -0.188423 -0.208743 -0.151919 -0.406136 -0.398566 0.414894 -0.001402 0.340186 0.335599 0.050655 0.318057 0.199598 0.078595 -0.178091 0.144763 0.061776 -0.491109 -0.408080 -0.316412 -0.144570 -0.211785 -0.303969 -0.328085 -0.166884 -0.268051 -0.247658 -0.420270 -0.206039 -0.392147 -0.246020 -0.185376 0.059836 0.027614 -0.028801 0.237849 -0.238701 -0.418354 -0.234585 -0.238222 -0.256224 -0.209260 0.125301 -0.044125
-0.029106 0.356505 -0.003704 0.223934 -0.283124 0.073290 -0.156379 -0.021063 -0.276812 -0.268505 -0.228196 0.052099 -0.191737 -0.183876 -0.127751 -0.213048 -0.043836 -0.146022 0.285220 -0.039941 -0.188285 0.084645 0.169284 0.029044 -0.084758 -0.015165 0.159942 0.131258 -0.066244 -0.195255 0.166226 0.212414 1.000000 0.560916 0.117704 -0.037212 0.024385 -0.277588 -0.086504 -0.008129 0.055476 -0.090834 -0.021014 0.157094 -0.203066 0.048456 0.123372 -0.064520 -0.027260 -0.014525 -0.015899 -0.024450 -0.201838 -0.228169 -0.134005 -0.020845 -0.054806 0.181819 0.019210 0.006337 0.172659 0.140857 0.027234 0.188264 -0.170969 0.172915 0.195266 0.038959 0.185938 -0.117126 -0.404280 -0.272285 -0.023372 -0.101821 -0.100928 -0.011884 -0.000139 0.015280 0.072746 0.058492 0.105986 0.016724 0.018987 0.033255 0.019836 0.128677 -0.028932 0.099633 0.165578 -0.238592 -0.408591 -0.334652 -0.200610 -0.287814 -0.078890 -0.138932 0.145301 -0.073169 -0.158121 -0.232223 -0.121441 -0.055719 0.071363 -0.042799 0.060818 -0.076255 0.021431 -0.143485 -0.168195 -0.080643 -0.018561 -0.092953 -0.327517 -0.067158 -0.059410 -0.066989
-0.301607 0.111847 -0.195598 0.368401 -0.387359 -0.092682 -0.192069 -0.039849 -0.420626 -0.356323 -0.145753 0.029782 -0.272311 -0.123283 -0.296429 -0.248923 0.223019 0.135344 0.174752 0.296568 -0.109305 0.191733 0.231850 0.365063 -0.114150 0.087694 0.013957 0.145081 0.110557 0.024438 0.288383 0.536656 0.560916 1.000000 0.037506 0.213050 0.078764 -0.262088 -0.271473 -0.122515 -0.001010 0.028267 -0.181934 -0.023053 -0.123934 -0.156213 -0.130138 -0.192708 -0.442206 -0.237491 -0.031544 -0.350755 -0.307981 -0.302904 -0.295952 -0.372319 0.151832 0.316679 -0.513254 -0.256314 0.089932 0.236416 0.373190 0.203022 -0.189641 -0.150079 -0.240093 0.124052 0.226530 0.244203 -0.013140 0.153451 0.168236 0.031851 0.019052 0.020782 -0.087558 -0.065491 0.193105 0.153386 0.323446 0.330870 -0.096936 0.190186 0.107028 0.149111 -0.308664 -0.092941 0.080245 -0.396162 -0.333189 -0.219685 -0.062303 -0.207449 -0.259279 -0.173706 -0.238706 -0.311156 -0.212605 -0.294852 -0.070845 -0.221209 -0.009363 -0.158685 -0.033692 0.005652 -0.045548 -0.040875 -0.136775 -0.232858 0.022585 0.126599 -0.083821 0.007526 0.091485 -0.020399
-0.040058 -0.178006 0.275391 0.258965 -0.099741 0.195211 -0.209565 0.064218 -0.215067 0.060015 -0.051368 -0.150638 -0.213156 -0.403388 0.058741 -0.199281 -0.425813 -0.275760 0.175136 -0.411153 -0.188015 -0.079466 0.408502 0.110642 0.215047 0.328243 0.148976 0.384527 -0.237807 -0.335301 -0.076934 0.051125 0.117704 0.037506 1.000000 0.651143 0.159212 0.215963 0.284489 0.054139 0.110850 0.130242 0.154601 0.331474 0.168767 0.174970 0.349549 0.253180 0.029683 -0.105088 0.418804 0.093270 -0.169919 -0.040029 0.159388 0.296454 -0.290846 -0.328077 -0.185339 -0.219673 -0.326418 -0.216475 -0.513021 -0.382819 0.073425 -0.103637 0.192382 0.197093 -0.180076 -0.143456 -0.273302 -0.116160 -0.452035 -0.119362 -0.202407 -0.200899 0.122583 0.277531 -0.225080 -0.016901 -0.145996 -0.260673 0.103922 -0.039033 0.378804 0.352224 0.077334 0.328703 0.449127 0.266003 -0.381426 -0.358609 -0.243857 -0.122338 0.347674 -0.000978 0.482043 0.328272 -0.002355 -0.054164 -0.252802 -0.136491 -0.192127 -0.012468 -0.027044 -0.019954 -0.068326 -0.096455 -0.017764 0.140466 0.573676 0.109777 0.008929 0.006448 -0.029437 0.003862
-0.082956 -0.080057 0.067875 0.095530 -0.126259 0.153036 -0.075060 0.064591 -0.057449 -0.015710 -0.229122 -0.010375 -0.216449 -0.040683 0.021944 -0.068213 -0.317356 -0.099262 -0.075726 -0.171607 -0.023323 -0.298983 0.198993 -0.006705 0.158362 0.012688 0.103078 0.075243 -0.431390 -0.058556 0.119629 -0.001242 -0.037212 0.213050 0.651143 1.000000 -0.111168 0.289024 0.022466 0.183033 -0.126486 0.112354 0.029424 0.294424 0.174978 0.225739 0.028100 0.328952 -0.220119 0.116041 0.068138 0.068596 -0.052672 0.076754 0.044033 0.046742 -0.116475 0.044587 -0.175765 -0.032860 -0.119674 0.163448 -0.324169 -0.001393 -0.192967 -0.075935 -0.027139 0.189624 -0.075372 0.032140 0.057799 0.193919 -0.285553 0.143326 0.074340 0.233062 0.400082 0.561195 -0.499568 -0.004927 -0.356852 -0.384164 -0.134760 -0.256526 0.024592 -0.013167 0.069118 -0.017572 0.195002 0.154951 -0.094775 -0.189752 -0.076901 -0.008312 0.297938 0.238466 0.163605 0.159098 0.171900 0.131652 -0.009792 -0.034572 0.013643 0.063828 -0.102100 0.038196 -0.141412 -0.219802 0.190488 0.256436 0.467404 0.241140 0.298825 0.282704 0.167386 0.191863
