1.000000 -0.003638 0.555351 0.432458 0.015720 0.009245 0.497692 0.265581 0.017579 -0.051868 0.566359 0.384744 0.123560 0.032005 0.432935 0.050050 0.016357 0.005336 0.482883 0.018559 0.099411 0.078420 0.453694 0.199282 0.272872 0.224333 -0.016828 0.095071 0.186602 -0.042904 0.430432 0.463665 -0.320155 -0.009066 0.394154 0.277347 -0.137510 -0.181379 -0.035059 -0.117848 -0.202758 0.039274 -0.052777 0.112468 0.229439 0.298478 -0.201342 -0.149266 0.013748 0.121131 0.474316 -0.099372 -0.400341 -0.003070 -0.119198 -0.154026 -0.576731 -0.526925 -0.674530 -0.562605 -0.599298 -0.453594 -0.394893 -0.478495 0.397582 -0.036155 -0.229758 0.133320 -0.617826 -0.428500 0.016245 0.006774 -0.068971 -0.170538 -0.169870 -0.076864 -0.031776 0.008463 -0.312357 -0.052000 -0.282390 -0.143129 0.157541 0.155364 0.196498 0.310608 -0.249532 -0.083491 0.233906 -0.190835 -0.167842 -0.253538 0.099558 0.290232 0.022387 0.030154 0.071320 0.005333 -0.455138 -0.381230 0.171602 -0.013687 -0.067473 -0.133256 -0.182354 -0.027139 -0.098076 0.000273 0.111398 0.060369 0.094228 -0.227972 -0.176761 -0.016779 0.019641 0.048198
-0.003638 1.000000 -0.363638 -0.011282 0.003196 -0.138388 -0.180565 0.182372 0.135316 0.037441 0.006150 0.491693 0.016566 0.294849 -0.069751 0.310149 0.000169 0.330594 -0.472062 0.211386 -0.300922 -0.110769 -0.475727 -0.004316 -0.094827 0.076530 -0.254793 -0.320484 -0.310995 0.267690 -0.541704 -0.194977 -0.153653 -0.175240 -0.077154 -0.133191 0.194587 0.045592 -0.204717 0.170891 0.086183 0.156987 -0.122189 0.052206 0.472336 0.341089 -0.034245 -0.148484 0.351165 0.289196 -0.318966 0.253324 0.394321 -0.256891 0.160661 0.097380 0.056745 0.014196 -0.019998 0.254354 -0.040332 0.154496 0.195824 0.260919 0.086530 0.270270 0.004957 0.314020 -0.092138 -0.015324 -0.339434 -0.112770 -0.177204 0.086305 0.031468 0.093925 0.108171 0.156115 -0.276840 -0.334126 0.008184 0.233919 -0.384307 0.010539 -0.233409 0.136276 -0.033369 -0.251388 -0.563410 -0.105362 -0.111064 -0.418337 -0.127854 -0.334650 -0.230282 0.276913 0.318693 0.099445 0.120033 -0.410247 0.118698 -0.259995 0.033380 -0.143111 -0.072087 -0.241012 -0.084998 0.087635 0.080637 0.180339 -0.156890 -0.296879 -0.346383 0.003666 -0.070721 0.108060
0.555351 -0.363638 1.000000 0.670572 0.327592 0.116940 0.661898 0.230712 0.290283 -0.050611 0.364545 0.003486 0.167363 -0.059740 0.489033 0.067054 -0.071015 -0.060978 0.510260 -0.052964 0.076773 -0.052798 0.842708 0.563834 0.533619 0.365455 0.022065 0.102772 -0.064449 -0.522370 0.506841 0.325330 -0.324740 0.108170 0.282053 0.343442 -0.465667 -0.368669 -0.048350 -0.333528 -0.051201 -0.254545 -0.019424 0.081459 -0.157610 0.046380 -0.116378 -0.102684 0.067973 -0.024640 0.554518 0.052484 -0.383517 0.162073 0.091717 -0.246789 -0.566616 -0.260263 -0.492881 -0.491513 -0.496606 -0.357411 -0.436874 -0.438878 0.331187 -0.114357 -0.158962 -0.011276 -0.443893 -0.210821 -0.010160 -0.165865 -0.404671 -0.402485 -0.285683 -0.328131 -0.273856 -0.101047 -0.399244 -0.132114 -0.416329 -0.443244 0.273080 0.193813 0.026211 0.355231 -0.174834 -0.011569 0.550608 0.290902 0.051552 0.036996 0.166504 0.268772 -0.111350 -0.327220 -0.041051 -0.179311 -0.320472 -0.250804 -0.101705 -0.217826 -0.468669 -0.418124 -0.415878 -0.222462 -0.119707 -0.340320 -0.206664 -0.275247 0.155146 -0.185316 -0.137597 -0.295157 -0.248653 -0.314017
0.432458 -0.011282 0.670572 1.000000 0.253335 -0.032866 0.595089 0.578439 0.360344 0.045258 0.157558 0.287986 0.004377 0.058309 0.316271 0.251619 -0.032413 0.005049 0.262380 0.077795 -0.169607 -0.123516 0.549898 0.716558 0.378499 0.497453 -0.280513 -0.176691 -0.094348 -0.242625 0.330129 0.463912 -0.348115 0.180979 0.270903 0.424582 -0.362145 -0.359588 -0.145340 -0.196152 -0.115813 -0.213595 -0.096488 0.130142 0.029825 0.289648 -0.142005 -0.316445 0.092046 -0.046300 0.432430 -0.039222 -0.345569 0.081209 0.047864 -0.220407 -0.536986 -0.353125 -0.535527 -0.515550 -0.501101 -0.381718 -0.279784 -0.317879 0.315926 -0.004349 -0.276872 0.172775 -0.610098 -0.363039 -0.171281 -0.188989 -0.361058 -0.231504 -0.264022 -0.292766 -0.303323 -0.193790 -0.334355 -0.154644 -0.292363 -0.282645 0.082309 0.101085 0.115317 0.483658 -0.210473 -0.152467 0.300541 0.138954 -0.115172 -0.253056 0.040419 0.033543 -0.187058 -0.064737 0.131306 -0.113206 -0.309644 -0.461992 -0.022568 -0.308143 -0.476302 -0.497856 -0.440211 -0.241602 -0.300039 -0.272732 -0.013641 -0.229291 -0.054177 -0.415802 -0.326690 -0.219339 -0.159867 -0.246532
0.015720 0.003196 0.327592 0.253335 1.000000 0.593004 0.382752 0.332525 0.780209 0.443481 -0.169376 -0.318787 0.031953 -0.112386 0.127620 0.158128 -0.048252 0.118394 0.173229 0.430091 -0.183166 -0.031573 0.163046 0.254824 0.061859 -0.047908 0.037101 -0.056177 -0.158339 -0.218531 -0.087992 -0.148606 -0.208848 0.071029 -0.275250 0.094945 -0.246832 -0.326041 -0.300244 -0.189338 -0.030508 -0.250294 -0.139645 -0.253763 0.066463 0.039832 -0.196918 -0.318391 -0.074083 0.043622 -0.300383 0.053176 0.264895 0.173613 0.081962 -0.224108 -0.135081 0.023688 -0.027052 0.098057 -0.102557 -0.021553 0.137517 0.216102 0.057323 0.130911 0.272582 0.317310 0.070731 0.383394 -0.142948 -0.284621 -0.445086 -0.553681 -0.392118 -0.299626 -0.460057 -0.141723 -0.363196 -0.339592 -0.060298 -0.007385 0.264108 0.296441 -0.201316 0.015175 0.137973 -0.116968 -0.060328 0.147560 0.140497 0.150855 -0.006973 0.056448 -0.304322 -0.224142 -0.290731 -0.254995 -0.167111 -0.219753 -0.187703 -0.224498 -0.398434 -0.210759 -0.176855 -0.307397 -0.155228 -0.101875 -0.221760 -0.173638 -0.050842 -0.184473 -0.187438 -0.323552 -0.455759 -0.531647
0.009245 -0.138388 0.116940 -0.032866 0.593004 1.000000 0.290399 0.095085 0.497582 0.480496 -0.073379 -0.326345 0.266329 0.249498 0.180711 0.169140 -0.093075 0.168490 0.032309 0.144603 0.092796 0.135255 0.014631 0.151122 -0.200528 -0.344765 0.140819 0.225601 0.035254 -0.068705 -0.130704 -0.237903 -0.081040 -0.077696 -0.030214 0.123887 0.005627 -0.024288 -0.180175 -0.011581 -0.040001 -0.094940 -0.142074 -0.377490 0.054745 -0.018657 -0.377184 -0.302624 0.017703 -0.046593 -0.166184 0.021245 0.187463 0.061391 -0.095826 -0.193526 -0.072416 0.074286 -0.049519 0.040828 0.040010 0.093298 0.217214 0.242987 0.255882 0.319831 0.156299 0.071000 -0.001271 0.268002 0.117966 0.042834 -0.075397 -0.293003 -0.135357 -0.023813 -0.146957 0.116300 -0.046478 -0.016234 0.062673 0.115906 0.076372 0.040639 -0.270281 -0.430539 -0.025845 -0.244373 -0.000492 -0.153890 0.115369 0.151935 0.045659 0.179805 -0.222452 -0.159506 -0.392394 -0.114538 -0.220080 -0.085775 0.166506 0.119544 -0.054015 0.082434 0.017295 0.105122 0.015104 0.005456 -0.111237 -0.144714 -0.037063 -0.052211 -0.019441 -0.087183 -0.109232 -0.161765
0.497692 -0.180565 0.661898 0.595089 0.382752 0.290399 1.000000 0.642608 0.483537 0.118163 0.165643 -0.078327 0.155830 0.089819 0.278324 0.201194 -0.201795 -0.107148 0.298528 0.085885 -0.201082 -0.248688 0.433056 0.356261 0.169945 0.080606 -0.268006 -0.173593 -0.085900 -0.246358 0.227867 0.307954 -0.169793 0.349989 0.310530 0.447097 -0.400316 -0.331126 -0.305963 -0.242310 -0.130270 -0.332267 0.151468 0.109206 0.100152 0.258563 -0.147681 -0.110798 -0.035623 0.008126 0.324847 0.026677 -0.099918 0.330776 0.079991 -0.264526 -0.529366 -0.381113 -0.569245 -0.387562 -0.584929 -0.400679 -0.302180 -0.380913 0.255022 -0.063793 -0.136669 0.201675 -0.290832 -0.229338 -0.177403 -0.195755 -0.337318 -0.295399 -0.326142 -0.296058 -0.235142 -0.015449 -0.464229 -0.281545 -0.378370 -0.224208 0.162864 0.168591 -0.090411 0.159684 0.073453 -0.072627 0.169400 0.058517 0.090111 0.051103 0.180370 0.090358 -0.143224 -0.265664 -0.025781 -0.246877 -0.192668 -0.227227 0.074523 -0.131109 -0.361293 -0.384503 -0.419458 -0.287315 -0.172814 -0.092737 -0.170022 -0.379450 0.093702 -0.140842 -0.118417 -0.371600 -0.215791 -0.193537
0.265581 0.182372 0.230712 0.578439 0.332525 0.095085 0.642608 1.000000 0.514974 0.310074 -0.127583 0.068780 -0.088727 0.107681 -0.044083 0.264758 -0.150557 -0.030537 0.015236 0.200193 -0.575732 -0.436772 0.044356 0.268794 -0.034168 0.165717 -0.570221 -0.529464 -0.174599 0.046780 -0.084683 0.275975 -0.270577 0.294104 0.204651 0.354385 -0.181977 -0.399194 -0.383636 -0.038452 -0.072201 -0.268326 0.182258 0.230835 0.386690 0.502172 0.006568 -0.206622 -0.051271 0.076125 0.095015 -0.072743 0.070741 0.165074 0.146250 -0.033486 -0.466731 -0.334608 -0.452902 -0.287507 -0.520804 -0.361820 -0.060769 -0.154548 0.149523 0.021986 -0.074221 0.495683 -0.353484 -0.166590 -0.457194 -0.347220 -0.418880 -0.188688 -0.434783 -0.379473 -0.330115 -0.012496 -0.407883 -0.285202 -0.154091 0.054245 0.019560 0.163954 0.040022 0.249858 0.132298 -0.185708 -0.180396 -0.091916 -0.170322 -0.211572 -0.027832 -0.195971 -0.118447 -0.127779 0.212845 -0.106509 -0.121558 -0.417622 -0.024626 -0.383066 -0.481468 -0.518195 -0.471891 -0.407163 -0.491345 -0.087696 -0.130189 -0.230699 0.078162 -0.327945 -0.283847 -0.249371 -0.190036 -0.207695
0.017579 0.135316 0.290283 0.360344 0.780209 0.497582 0.483537 0.514974 1.000000 0.533441 -0.187523 -0.164740 0.049452 0.087779 0.064355 0.237823 -0.115511 0.213581 0.007848 0.358743 -0.388054 -0.289808 0.076872 0.316074 0.161441 -0.032158 -0.298887 -0.304877 -0.204007 -0.044054 -0.198409 -0.132079 -0.309820 0.035825 -0.220250 0.129378 -0.174770 -0.331535 -0.358914 -0.119648 -0.004698 -0.343308 -0.053587 -0.144233 0.130258 0.093630 -0.159076 -0.344577 0.039277 0.155530 -0.210621 0.186181 0.294950 0.363583 0.259156 -0.136522 -0.185028 -0.027176 -0.142224 0.063233 -0.212625 -0.040861 0.142477 0.164917 0.061506 0.145398 0.129690 0.293851 -0.061619 0.179124 -0.270872 -0.240454 -0.446086 -0.344430 -0.395001 -0.321717 -0.401302 0.029198 -0.427413 -0.418459 -0.075783 0.000536 0.141712 0.260403 -0.255826 0.016096 0.158969 -0.190637 -0.124133 0.195612 0.154158 0.077754 0.050599 -0.056236 -0.308957 -0.169047 -0.174143 -0.276523 -0.116925 -0.296058 -0.146413 -0.342773 -0.446864 -0.427837 -0.357729 -0.439260 -0.280043 -0.070984 -0.272553 -0.335586 -0.187481 -0.274220 -0.223525 -0.268881 -0.406952 -0.426361
-0.051868 0.037441 -0.050611 0.045258 0.443481 0.480496 0.118163 0.310074 0.533441 1.000000 -0.298547 -0.120940 -0.013242 0.033240 0.023491 0.356276 -0.168771 0.160998 -0.096525 0.331620 -0.319755 -0.220646 -0.093064 0.216398 -0.138976 -0.096216 -0.278520 -0.232250 -0.100526 0.093337 -0.223146 -0.132206 -0.227294 -0.064839 -0.170219 0.154126 -0.009292 -0.126849 -0.172903 0.022123 -0.112039 -0.162298 -0.160182 -0.289089 0.098487 -0.013338 -0.197052 -0.263794 0.029601 -0.130525 -0.289496 -0.114330 0.175371 0.101131 0.152204 -0.055058 0.067226 0.158929 0.102862 0.006391 0.156982 0.083061 0.377670 0.289605 0.006869 0.181619 0.191690 0.247496 -0.020904 0.280371 -0.129146 -0.088947 -0.221780 -0.113266 -0.330567 -0.175108 -0.257111 0.078418 -0.148569 -0.150426 -0.035463 0.105880 0.058873 0.207028 -0.258637 -0.106967 0.083108 -0.267740 -0.243379 -0.039959 0.030645 0.093817 -0.065577 0.006504 -0.003931 -0.090479 -0.135341 -0.051692 -0.250763 -0.204818 -0.012783 -0.248152 -0.250283 -0.277240 -0.260241 -0.197848 -0.258369 0.025384 -0.165475 -0.118828 0.004995 -0.207495 -0.034176 -0.074732 -0.131963 -0.299003
0.566359 0.006150 0.364545 0.157558 -0.169376 -0.073379 0.165643 -0.127583 -0.187523 -0.298547 1.000000 0.382834 0.525729 0.356430 0.612812 0.151243 0.577900 0.270731 0.374671 -0.056653 0.388153 0.273328 0.279605 0.099388 0.272567 0.195092 0.263081 0.291516 0.264461 0.012154 0.288198 0.183504 -0.205311 -0.222436 0.358042 0.213700 -0.054654 -0.010901 0.008850 -0.144708 -0.028126 0.348359 -0.075076 -0.015725 -0.245321 -0.071734 -0.392025 -0.306977 0.036829 -0.206566 0.298013 -0.250613 -0.296924 -0.223745 -0.228790 -0.323394 -0.315041 -0.041538 -0.336327 -0.232282 -0.225981 0.071544 -0.112119 -0.076510 0.447914 0.036448 -0.207099 -0.270839 -0.359556 -0.172490 0.235425 0.206725 0.064548 -0.003759 0.195517 0.248457 0.295178 0.170234 -0.111120 0.038388 0.074420 0.105754 0.194304 0.157013 0.288194 0.303995 -0.075749 0.069649 0.486040 0.039511 -0.190427 -0.352814 -0.092077 0.140236 -0.111853 -0.043691 -0.181279 -0.132298 -0.498339 -0.337114 -0.012675 -0.092204 -0.049819 -0.091892 -0.142313 0.088179 0.135722 -0.204488 0.070522 0.048446 -0.200334 -0.381644 -0.306727 0.061493 0.153817 0.116241
0.384744 0.491693 0.003486 0.287986 -0.318787 -0.326345 -0.078327 0.068780 -0.164740 -0.120940 0.382834 1.000000 0.148807 0.385771 0.272253 0.305590 0.158769 0.429277 0.069247 0.034689 0.161969 0.206311 0.031119 0.307954 0.256286 0.429104 -0.032539 0.020533 0.236260 0.377512 0.204816 0.441474 -0.319359 -0.147592 0.278982 0.136538 0.178473 0.177727 0.163553 0.231908 0.125951 0.383763 -0.253304 0.080342 0.113550 0.329994 -0.260623 -0.312385 0.074852 -0.062018 0.150949 -0.198826 -0.332568 -0.346639 -0.138124 -0.152922 -0.384999 -0.256911 -0.436501 -0.272111 -0.340657 -0.023507 -0.111410 -0.030412 0.280510 0.178473 -0.282050 0.073515 -0.575953 -0.423327 0.044064 0.315978 0.124765 0.155600 0.059817 0.181443 0.138568 0.142993 -0.144747 0.020417 0.014677 0.131623 -0.093690 0.017343 0.331899 0.424167 -0.358529 -0.185952 0.004466 -0.195478 -0.509927 -0.596447 -0.219637 -0.109303 0.026341 0.342901 0.184225 0.167020 -0.450558 -0.542009 0.163826 -0.143822 0.064087 -0.104603 -0.000690 0.030921 -0.092681 -0.064876 0.316159 0.151984 -0.237899 -0.461206 -0.465799 0.080709 0.246344 0.359779
0.123560 0.016566 0.167363 0.004377 0.031953 0.266329 0.155830 -0.088727 0.049452 -0.013242 0.525729 0.148807 1.000000 0.677893 0.300041 0.280648 0.280028 0.263885 -0.038445 -0.250515 0.363871 0.293259 0.062037 0.257978 0.053942 0.056439 0.208725 0.262572 0.032853 -0.140291 -0.038340 -0.097961 -0.222429 -0.328007 0.166469 0.058020 0.116142 0.078176 0.233492 0.118942 0.098817 0.274142 -0.047735 -0.239556 -0.293400 -0.222619 -0.262152 -0.375060 0.156144 -0.120884 -0.006617 -0.013449 0.112604 -0.097030 0.039525 -0.191970 -0.202902 0.057788 -0.130063 0.014526 0.031598 0.413174 0.132132 0.271176 0.636812 0.409017 -0.066628 -0.332961 -0.240376 -0.016631 0.049443 0.098618 -0.039254 -0.089350 0.163646 0.168463 0.053011 0.080480 -0.099327 0.031592 -0.078137 0.025161 0.130445 -0.041093 0.095344 -0.136262 -0.108020 -0.194564 0.243168 0.096268 0.028106 -0.232502 -0.107237 -0.067944 -0.165882 -0.128194 -0.218776 -0.138151 -0.350562 -0.253844 0.013637 -0.090341 -0.064125 -0.071416 -0.044347 0.062808 0.113219 0.024387 -0.036579 -0.022956 -0.338648 -0.355350 -0.310804 -0.014387 0.128161 0.056379
0.032005 0.294849 -0.059740 0.058309 -0.112386 0.249498 0.089819 0.107681 0.087779 0.033240 0.356430 0.385771 0.677893 1.000000 0.251358 0.456099 0.171098 0.406762 -0.313117 -0.337004 0.198010 0.161724 -0.232255 0.204886 -0.087172 0.032277 0.018853 0.116320 -0.018554 0.129241 -0.224402 -0.107383 -0.188770 -0.303586 0.284137 0.118242 0.208937 0.156847 0.036874 0.275980 0.144282 0.285860 -0.006384 -0.090238 -0.018281 0.106896 -0.266302 -0.356838 0.278630 -0.067126 0.044630 0.040090 0.112273 -0.216131 -0.071385 -0.097176 -0.206309 -0.020461 -0.192447 0.018967 -0.027032 0.395822 0.181798 0.283487 0.646201 0.637171 -0.182379 -0.162333 -0.318280 -0.224104 0.099824 0.214287 0.022916 0.151393 0.235293 0.242569 0.247069 0.281658 0.041667 -0.020591 0.000376 0.084971 -0.193726 -0.156402 0.001622 -0.225274 -0.086743 -0.207885 0.085326 -0.101515 -0.113701 -0.452409 -0.108938 -0.188183 -0.121303 0.039260 -0.035380 -0.040957 -0.262899 -0.358147 0.247792 -0.088235 0.046540 -0.045663 0.011198 0.218834 0.063303 0.012038 0.075398 -0.076056 -0.275326 -0.353471 -0.345634 0.040730 0.377543 0.316605
0.432935 -0.069751 0.489033 0.316271 0.127620 0.180711 0.278324 -0.044083 0.064355 0.023491 0.612812 0.272253 0.300041 0.251358 1.000000 0.514907 0.369938 0.380358 0.381162 0.106991 0.221503 0.138995 0.361323 0.236594 0.173043 0.065896 0.089890 0.181998 0.268702 -0.025506 0.248504 0.055160 -0.270484 -0.177701 0.129643 0.254043 -0.158314 -0.015488 -0.087259 -0.147280 -0.034485 0.121843 -0.232591 -0.228369 -0.317436 -0.155626 -0.376554 -0.256508 0.005940 -0.253708 0.103411 -0.190792 -0.302160 -0.105393 -0.162637 -0.218383 -0.300431 -0.057667 -0.283873 -0.292555 -0.189974 -0.013054 -0.236789 -0.128991 0.474505 0.124174 -0.278709 -0.261559 -0.323872 -0.084804 0.265651 0.133370 -0.011936 -0.206974 -0.029208 0.061513 0.145712 0.146677 -0.234458 -0.059139 0.011711 -0.010266 0.224772 0.163671 0.080248 0.196255 -0.256179 -0.118965 0.418054 0.102823 0.024144 -0.104623 0.064749 0.313450 0.104549 -0.020899 -0.177075 -0.006822 -0.411957 -0.195251 -0.056155 -0.116304 -0.242948 -0.143624 -0.243638 0.073941 0.096774 -0.268593 0.073405 -0.057121 -0.087356 -0.247762 -0.192982 -0.171521 -0.016423 -0.026307
0.050050 0.310149 0.067054 0.251619 0.158128 0.169140 0.201194 0.264758 0.237823 0.356276 0.151243 0.305590 0.280648 0.456099 0.514907 1.000000 0.158499 0.352073 -0.125880 0.096122 -0.169263 -0.099948 -0.061707 0.320820 -0.059386 0.151973 -0.273251 -0.228977 -0.093001 0.138142 -0.193804 -0.051631 -0.311047 -0.214593 0.014765 0.315550 0.034928 -0.026297 -0.158766 0.184321 0.061397 0.106955 -0.032127 -0.040079 0.052904 0.124583 -0.226707 -0.294072 0.283886 -0.023333 -0.117807 -0.056769 0.125317 -0.115235 0.083340 -0.027933 -0.152902 0.085783 -0.187650 -0.050148 -0.065014 0.165217 0.154669 0.144294 0.362864 0.337133 -0.075802 0.082334 -0.308674 -0.045738 -0.120451 -0.074630 -0.241096 -0.123098 -0.162330 -0.155052 -0.078938 0.027475 -0.204267 -0.014936 0.058722 0.095884 -0.099081 0.137551 -0.002927 0.116581 -0.171050 -0.267130 -0.086159 0.057833 -0.064942 -0.381766 -0.113348 -0.203000 0.007570 -0.048778 -0.007840 -0.038738 -0.292014 -0.388373 -0.025472 -0.280978 -0.293780 -0.363747 -0.343061 -0.046686 -0.103611 -0.172990 -0.053728 -0.176642 -0.161973 -0.441020 -0.293013 -0.392177 0.089348 -0.072796
0.016357 0.000169 -0.071015 -0.032413 -0.048252 -0.093075 -0.201795 -0.150557 -0.115511 -0.168771 0.577900 0.158769 0.280028 0.171098 0.369938 0.158499 1.000000 0.516611 0.357621 0.212100 0.159443 0.197514 -0.142576 -0.212199 -0.008531 -0.065402 0.165922 0.078919 0.391963 0.255116 0.046109 -0.099402 -0.079952 -0.261040 -0.114415 -0.016271 0.108361 -0.001134 -0.014785 -0.087073 0.057023 0.329189 -0.118088 -0.209832 -0.389184 -0.351835 -0.253164 -0.373238 -0.208862 -0.201067 -0.261719 -0.299655 -0.016207 -0.028807 -0.259013 -0.217396 0.118851 0.298737 0.073154 0.121926 0.104743 0.279802 0.271100 0.322362 0.061120 -0.001810 -0.086708 -0.316669 0.008457 0.134435 0.177125 0.125416 0.155805 0.037926 0.239787 0.298595 0.201211 0.015677 0.094156 0.122197 0.603793 0.436724 0.368962 0.181200 0.404505 0.198450 0.160467 0.237023 0.263563 0.173605 -0.166479 -0.199518 -0.240054 -0.053690 -0.146131 -0.108107 -0.409258 -0.158236 -0.264012 -0.149994 -0.279273 -0.070191 -0.139492 -0.033349 -0.102373 0.188716 0.246453 -0.185840 -0.045784 0.131150 -0.484719 -0.276529 -0.262136 0.150852 0.197903 -0.020159
0.005336 0.330594 -0.060978 0.005049 0.118394 0.168490 -0.107148 -0.030537 0.213581 0.160998 0.270731 0.429277 0.263885 0.406762 0.380358 0.352073 0.516611 1.000000 0.188747 0.308732 0.049644 0.135853 -0.185969 0.019863 -0.028011 -0.091178 0.042980 0.078365 0.368547 0.428335 -0.072305 -0.118833 -0.209333 -0.267898 -0.151383 -0.045038 0.181206 0.111913 -0.085428 0.115675 0.204949 0.326679 -0.271109 -0.333016 -0.246243 -0.218552 -0.339927 -0.465876 -0.165302 -0.090193 -0.356878 -0.125566 -0.050613 -0.093763 -0.238648 -0.248950 0.069207 0.369985 -0.151776 -0.054813 0.012860 0.274933 0.366919 0.514100 0.185462 0.263105 -0.278513 -0.300609 -0.132652 0.044831 0.196431 0.275410 0.177024 0.114272 0.140073 0.264686 0.164814 0.260794 0.017915 0.100099 0.444121 0.420555 0.138032 0.265192 0.063887 0.054845 -0.056759 -0.163725 0.003465 0.029151 -0.209692 -0.196761 -0.004275 0.048806 -0.193844 -0.037199 -0.291655 -0.109865 -0.311251 -0.294440 -0.050051 -0.121219 0.010407 -0.108604 -0.021575 0.105053 0.172791 -0.158784 -0.053895 0.108915 -0.387469 -0.273426 -0.171237 0.063155 0.037647 0.106424
0.482883 -0.472062 0.510260 0.262380 0.173229 0.032309 0.298528 0.015236 0.007848 -0.096525 0.374671 0.069247 -0.038445 -0.313117 0.381162 -0.125880 0.357621 0.188747 1.000000 0.257532 0.261457 0.165450 0.558890 0.100309 0.320151 0.119742 0.283548 0.273357 0.598111 0.047871 0.703912 0.438452 -0.065389 0.231228 0.046231 0.119897 -0.278294 -0.128838 0.014879 -0.258735 0.019911 0.088209 -0.102485 -0.100763 -0.325172 -0.208755 -0.199244 -0.134425 -0.517478 -0.178065 0.163743 -0.369462 -0.499791 0.066343 -0.327811 -0.350683 -0.257774 -0.046938 -0.384617 -0.423451 -0.311855 -0.254395 -0.111698 -0.177119 -0.049439 -0.279252 -0.168786 -0.134275 -0.184135 -0.017782 0.269282 0.132376 0.155675 -0.217602 -0.131784 -0.037233 -0.093227 -0.064340 -0.074361 0.146741 0.173329 -0.028536 0.557517 0.273887 0.338205 0.280375 -0.018159 0.177482 0.464510 0.074532 -0.217431 0.054268 0.010703 0.303966 -0.007056 -0.205503 -0.372745 -0.202018 -0.467774 -0.105636 -0.223867 0.056899 -0.138147 -0.057844 -0.112093 0.087425 0.056381 -0.165047 -0.169206 0.037039 -0.061418 -0.114712 -0.077905 -0.072056 -0.017781 -0.170799
0.018559 0.211386 -0.052964 0.077795 0.430091 0.144603 0.085885 0.200193 0.358743 0.331620 -0.056653 0.034689 -0.250515 -0.337004 0.106991 0.096122 0.212100 0.308732 0.257532 1.000000 -0.310011 -0.115291 -0.080484 -0.055730 -0.101265 -0.177582 -0.094314 -0.104178 0.233399 0.388646 -0.090773 -0.063882 -0.134762 0.067264 -0.305227 0.073762 -0.142233 -0.096477 -0.309645 -0.253372 -0.137508 -0.048186 -0.367637 -0.349057 -0.067107 -0.105165 -0.313574 -0.218232 -0.400260 -0.137327 -0.491558 -0.245778 0.048522 0.175165 -0.217636 -0.355767 0.128108 0.180870 0.020869 -0.044850 0.003274 -0.150978 0.247593 0.243809 -0.336177 -0.246603 0.095623 0.215323 0.154900 0.401939 -0.201620 -0.118510 0.000730 -0.174955 -0.223262 0.004303 -0.176509 -0.031643 -0.312056 -0.192054 0.255185 0.393568 0.332283 0.364464 -0.045348 0.251316 0.145750 -0.158109 -0.227682 0.022790 -0.066252 0.228785 0.061885 0.229487 -0.145696 0.039104 -0.376111 -0.148427 -0.231340 -0.089480 -0.129561 -0.034624 -0.147396 -0.056943 -0.070717 -0.152748 -0.150705 -0.019186 -0.109143 -0.085527 -0.218199 -0.027923 0.019195 -0.105959 -0.164684 -0.282365
0.099411 -0.300922 0.076773 -0.169607 -0.183166 0.092796 -0.201082 -0.575732 -0.388054 -0.319755 0.388153 0.161969 0.363871 0.198010 0.221503 -0.169263 0.159443 0.049644 0.261457 -0.310011 1.000000 0.847042 0.296164 0.110823 0.230498 0.146983 0.825787 0.833279 0.336752 -0.073418 0.506836 0.287268 0.129357 0.045441 0.247409 0.106088 0.065070 0.290372 0.408132 0.076884 0.293757 0.557765 -0.214877 -0.116840 -0.279650 -0.256773 -0.239223 -0.016206 -0.084116 -0.244558 0.175592 -0.240182 -0.394791 -0.447546 -0.408517 -0.266038 -0.155585 -0.052554 -0.034065 -0.017388 0.082657 0.180430 -0.090372 0.028775 0.232876 0.044514 0.051196 -0.314623 -0.058679 -0.027185 0.647829 0.569097 0.384148 0.024767 0.355952 0.486853 0.265927 0.094058 0.280485 0.212895 0.097449 -0.145199 0.082642 -0.139125 0.257003 -0.202859 -0.314145 0.029248 0.413957 -0.265841 -0.241328 -0.183880 -0.174747 0.140691 0.159721 0.105761 -0.137778 0.096600 -0.258496 0.012882 0.108215 0.265463 0.329022 0.457635 0.342155 0.526651 0.306392 -0.022213 0.214910 0.222495 -0.000283 0.013088 -0.049850 0.219765 0.324255 0.311970
0.078420 -0.110769 -0.052798 -0.123516 -0.031573 0.135255 -0.248688 -0.436772 -0.289808 -0.220646 0.273328 0.206311 0.293259 0.161724 0.138995 -0.099948 0.197514 0.135853 0.165450 -0.115291 0.847042 1.000000 0.134811 0.106144 0.144968 0.185269 0.734188 0.734543 0.224858 -0.014150 0.294430 0.210902 0.036234 -0.040875 0.091100 0.144107 0.171898 0.206874 0.271177 0.076117 0.223622 0.548884 -0.307918 -0.179948 -0.110193 -0.152846 -0.276515 -0.177259 -0.079153 -0.209182 -0.011472 -0.346547 -0.228635 -0.472214 -0.491005 -0.352587 -0.081697 -0.027594 0.043678 0.073978 0.142037 0.212253 0.055012 0.188018 0.201518 0.119207 0.137197 -0.146538 -0.057551 -0.000091 0.492161 0.430900 0.227538 -0.029310 0.316586 0.464243 0.078442 -0.103233 0.251094 0.206106 0.219436 0.066113 0.104207 -0.035289 0.330246 -0.079220 -0.280845 -0.040734 0.220732 -0.386640 -0.311709 -0.219357 -0.222510 0.111061 0.116223 0.037444 -0.234007 0.024500 -0.278276 -0.129836 0.197704 0.267181 0.276864 0.445296 0.400828 0.498510 0.276060 -0.003359 0.181467 0.160498 -0.134826 -0.142554 -0.143328 0.239222 0.317539 0.206420
0.453694 -0.475727 0.842708 0.549898 0.163046 0.014631 0.433056 0.044356 0.076872 -0.093064 0.279605 0.031119 0.062037 -0.232255 0.361323 -0.061707 -0.142576 -0.185969 0.558890 -0.080484 0.296164 0.134811 1.000000 0.627532 0.697888 0.565084 0.220129 0.268220 0.032384 -0.506224 0.721672 0.516525 -0.239098 0.256445 0.266282 0.382389 -0.459981 -0.352788 0.122378 -0.335931 -0.002569 -0.129758 -0.097041 0.134643 -0.201963 -0.001797 -0.117578 -0.041292 -0.042993 -0.129527 0.522862 -0.071921 -0.548148 -0.005338 0.008706 -0.302098 -0.498052 -0.251682 -0.368836 -0.453359 -0.391628 -0.321970 -0.409244 -0.456268 0.082954 -0.248146 0.017740 0.050899 -0.379541 -0.130331 0.090787 -0.031031 -0.263445 -0.346621 -0.225948 -0.250863 -0.274491 -0.130835 -0.295425 -0.041025 -0.428298 -0.529051 0.356737 0.133793 0.150093 0.403295 -0.152530 0.086895 0.659482 0.219109 -0.123919 0.001539 -0.042878 0.208539 0.060446 -0.216723 -0.014823 -0.147134 -0.371244 -0.171111 -0.193390 -0.150160 -0.374883 -0.297504 -0.326012 -0.135795 -0.108086 -0.308684 -0.127115 -0.204116 0.215795 -0.162658 -0.098571 -0.249157 -0.235810 -0.319026
0.199282 -0.004316 0.563834 0.716558 0.254824 0.151122 0.356261 0.268794 0.316074 0.216398 0.099388 0.307954 0.257978 0.204886 0.236594 0.320820 -0.212199 0.019863 0.100309 -0.055730 0.110823 0.106144 0.627532 1.000000 0.520993 0.632801 -0.028644 0.050166 -0.185910 -0.363242 0.321627 0.393242 -0.402939 0.099140 0.258345 0.470268 -0.307236 -0.201405 0.086512 -0.047285 0.041499 -0.070876 -0.283686 -0.028946 -0.069656 0.172109 -0.281926 -0.375049 0.218950 -0.157296 0.324367 -0.033335 -0.316239 -0.196606 0.146378 -0.279350 -0.490459 -0.157915 -0.350371 -0.287732 -0.289560 -0.046917 -0.105088 -0.088884 0.318122 0.215219 -0.022656 0.205268 -0.554537 -0.111418 -0.091513 -0.019373 -0.400943 -0.233049 -0.206463 -0.225756 -0.325676 -0.088285 -0.332906 -0.158667 -0.399051 -0.349414 0.042591 0.017762 0.024162 0.320072 -0.249883 -0.260997 0.353699 0.153227 -0.179236 -0.304192 -0.127586 -0.058138 -0.160391 -0.051916 0.082163 -0.134890 -0.418870 -0.534088 0.002834 -0.322044 -0.378685 -0.459833 -0.370577 -0.216047 -0.322667 -0.208310 -0.017154 -0.220849 -0.071749 -0.518247 -0.424056 -0.291819 -0.150880 -0.299640
0.272872 -0.094827 0.533619 0.378499 0.061859 -0.200528 0.169945 -0.034168 0.161441 -0.138976 0.272567 0.256286 0.053942 -0.087172 0.173043 -0.059386 -0.008531 -0.028011 0.320151 -0.101265 0.230498 0.144968 0.697888 0.520993 1.000000 0.715865 0.176674 0.144538 -0.108301 -0.385995 0.449245 0.380093 -0.195693 0.131439 0.130321 0.248629 -0.229405 -0.285150 0.093989 -0.255350 0.142652 0.014239 -0.062858 0.216531 -0.097534 -0.008845 -0.058747 -0.047276 0.099325 -0.079968 0.370030 0.033376 -0.367118 0.004430 0.119333 -0.293732 -0.308247 -0.177934 -0.178370 -0.151026 -0.236260 -0.031640 -0.203241 -0.202762 -0.080249 -0.167245 0.135602 0.123769 -0.299333 -0.170745 -0.008601 0.039275 -0.337813 -0.231344 -0.096437 -0.111107 -0.171980 -0.010719 -0.278600 -0.221586 -0.291842 -0.375668 0.252668 0.155530 0.269114 0.485241 -0.038427 0.150067 0.495366 0.251144 -0.211858 -0.236116 -0.284983 -0.149430 -0.081026 -0.118057 -0.013059 -0.248233 -0.300414 -0.311987 -0.152429 -0.298154 -0.423707 -0.386366 -0.297893 -0.302420 -0.012938 -0.249300 -0.089892 -0.164752 -0.013079 -0.272598 -0.298832 -0.058197 -0.240311 -0.294793
0.224333 0.076530 0.365455 0.497453 -0.047908 -0.344765 0.080606 0.165717 -0.032158 -0.096216 0.195092 0.429104 0.056439 0.032277 0.065896 0.151973 -0.065402 -0.091178 0.119742 -0.177582 0.146983 0.185269 0.565084 0.632801 0.715865 1.000000 0.093842 0.047091 -0.224637 -0.336222 0.375955 0.520826 -0.307772 0.127643 0.249651 0.299730 -0.222704 -0.314399 0.137656 -0.067187 0.106572 0.100529 -0.106334 0.314574 0.057381 0.249279 -0.061761 -0.234610 0.194417 -0.148096 0.357689 -0.211242 -0.314697 -0.322468 0.130300 -0.232060 -0.404267 -0.148101 -0.155490 -0.109018 -0.170263 0.042897 -0.062562 -0.101504 0.050878 -0.032160 0.205398 0.330664 -0.454865 -0.248525 -0.096287 -0.049875 -0.432479 -0.179766 -0.163695 -0.200337 -0.239456 -0.150537 -0.263676 -0.097271 -0.310399 -0.309752 0.055487 0.060359 0.363342 0.585839 -0.207897 -0.025776 0.388543 0.158643 -0.438800 -0.560773 -0.466633 -0.370195 -0.057565 -0.055337 0.199710 -0.136215 -0.364444 -0.547408 -0.218708 -0.484846 -0.444207 -0.468879 -0.294194 -0.302999 -0.206214 -0.299935 0.039201 -0.093951 0.043909 -0.540044 -0.474755 -0.206445 -0.151659 -0.243077
-0.016828 -0.254793 0.022065 -0.280513 0.037101 0.140819 -0.268006 -0.570221 -0.298887 -0.278520 0.263081 -0.032539 0.208725 0.018853 0.089890 -0.273251 0.165922 0.042980 0.283548 -0.094314 0.825787 0.734188 0.220129 -0.028644 0.176674 0.093842 1.000000 0.888949 0.227130 -0.184153 0.290249 0.031217 0.271069 0.081499 0.157237 -0.050047 -0.015641 0.119668 0.238853 -0.019659 0.232519 0.510007 -0.242252 -0.214889 -0.301801 -0.307784 -0.268221 -0.022471 -0.203857 -0.241980 -0.024441 -0.233737 -0.284008 -0.407616 -0.375812 -0.327445 0.004953 0.147036 0.145613 0.116599 0.247591 0.272374 0.111629 0.216411 0.061341 0.070488 0.289298 -0.181318 0.181658 0.306789 0.540935 0.423152 0.238506 -0.082221 0.279775 0.427234 0.209018 0.017060 0.230594 0.155311 0.186473 -0.062351 0.204718 0.016404 0.186426 -0.166100 -0.121210 0.116482 0.424312 -0.112660 -0.220492 -0.105054 -0.231891 0.091614 0.036723 0.001912 -0.219900 -0.024789 -0.255544 0.016103 -0.078405 0.172428 0.263028 0.427238 0.349873 0.358954 0.290825 -0.076710 0.085809 0.212264 0.033879 0.059377 -0.017784 0.212580 0.175987 0.154637
0.095071 -0.320484 0.102772 -0.176691 -0.056177 0.225601 -0.173593 -0.529464 -0.304877 -0.232250 0.291516 0.020533 0.262572 0.116320 0.181998 -0.228977 0.078919 0.078365 0.273357 -0.104178 0.833279 0.734543 0.268220 0.050166 0.144538 0.047091 0.888949 1.000000 0.279511 -0.155485 0.320080 0.056773 0.242915 0.042021 0.284841 0.041473 -0.067336 0.122269 0.211178 -0.051124 0.105726 0.436640 -0.303621 -0.236782 -0.301817 -0.287344 -0.342030 -0.066211 -0.146241 -0.263439 0.144323 -0.227703 -0.409153 -0.420252 -0.528121 -0.433037 -0.029233 0.058014 0.023209 -0.090037 0.219200 0.211208 0.038596 0.163329 0.187557 0.125001 0.132673 -0.276536 0.039947 0.175564 0.522258 0.403294 0.328664 -0.047489 0.324547 0.434045 0.145600 0.004620 0.288481 0.230206 0.152706 -0.099417 0.128278 -0.007252 0.152827 -0.220042 -0.250938 0.044841 0.441440 -0.186249 -0.152598 -0.041394 -0.019013 0.300515 0.032531 -0.001272 -0.288928 -0.049387 -0.312795 0.058919 0.114946 0.297207 0.333543 0.528313 0.407704 0.526569 0.320692 -0.076566 0.067041 0.129251 0.063557 0.104386 0.136994 0.274446 0.267897 0.222751
0.186602 -0.310995 -0.064449 -0.094348 -0.158339 0.035254 -0.085900 -0.174599 -0.204007 -0.100526 0.264461 0.236260 0.032853 -0.018554 0.268702 -0.093001 0.391963 0.368547 0.598111 0.233399 0.336752 0.224858 0.032384 -0.185910 -0.108301 -0.224637 0.227130 0.279511 1.000000 0.587805 0.533311 0.379850 0.147725 0.098590 0.035972 0.027290 0.246326 0.340017 0.210445 0.099379 0.145983 0.335233 -0.133183 -0.269652 -0.353208 -0.223190 -0.181820 -0.115295 -0.547750 -0.287483 -0.006097 -0.453803 -0.447810 -0.083733 -0.488702 -0.151240 -0.066836 -0.059445 -0.277855 -0.322612 -0.143224 -0.155640 -0.046911 -0.032824 0.007144 -0.153326 -0.337642 -0.353295 -0.093395 -0.089107 0.495280 0.515622 0.756652 0.211792 0.162588 0.305723 0.301554 0.187008 0.289045 0.425454 0.447415 0.266249 0.353692 0.139519 0.399390 -0.077744 -0.182187 0.040077 0.174535 -0.320800 -0.305888 -0.001306 0.010900 0.346212 0.080239 0.093479 -0.351411 0.000510 -0.371518 0.118649 0.043483 0.325546 0.313722 0.324910 0.213114 0.403174 0.104263 0.078948 0.227535 0.172794 -0.250364 0.120569 0.064757 0.068901 0.271067 0.230066
-0.042904 0.267690 -0.522370 -0.242625 -0.218531 -0.068705 -0.246358 0.046780 -0.044054 0.093337 0.012154 0.377512 -0.140291 0.129241 -0.025506 0.138142 0.255116 0.428335 0.047871 0.388646 -0.073418 -0.014150 -0.506224 -0.363242 -0.385995 -0.336222 -0.184153 -0.155485 0.587805 1.000000 -0.020620 0.166271 -0.067178 -0.074979 -0.133547 -0.004594 0.415585 0.455919 -0.024116 0.272033 0.108069 0.320549 -0.132065 -0.086679 0.097937 0.129131 -0.210650 -0.084325 -0.262618 -0.030865 -0.319362 -0.274468 -0.003757 -0.011708 -0.329761 0.014223 0.071316 0.028340 -0.176269 -0.055996 -0.086477 -0.102220 0.210774 0.192115 -0.115540 -0.029286 -0.236866 0.000757 -0.052471 -0.114105 0.154363 0.353266 0.585813 0.398290 0.101231 0.289266 0.311800 0.364251 0.265199 0.257195 0.508187 0.565233 -0.060446 0.063100 0.157648 -0.112555 -0.081253 -0.228963 -0.410813 -0.426565 -0.306831 -0.140478 0.024998 0.081449 0.022852 0.356169 -0.111703 0.168766 -0.166424 -0.060793 0.111759 0.189417 0.355445 0.236440 0.232366 0.229210 -0.065992 0.109316 0.200174 0.114201 -0.262629 0.018036 0.027029 0.138962 0.282156 0.338042
0.430432 -0.541704 0.506841 0.330129 -0.087992 -0.130704 0.227867 -0.084683 -0.198409 -0.223146 0.288198 0.204816 -0.038340 -0.224402 0.248504 -0.193804 0.046109 -0.072305 0.703912 -0.090773 0.506836 0.294430 0.721672 0.321627 0.449245 0.375955 0.290249 0.320080 0.533311 -0.020620 1.000000 0.808913 -0.081945 0.347167 0.234901 0.322968 -0.220807 -0.016579 0.292641 -0.138169 0.112775 0.139447 -0.075075 0.121689 -0.248226 -0.033084 -0.088816 0.019129 -0.335793 -0.225224 0.460787 -0.305063 -0.686862 -0.098358 -0.282227 -0.234201 -0.431709 -0.290925 -0.422455 -0.465987 -0.407699 -0.391989 -0.379429 -0.439623 -0.024452 -0.353898 -0.138105 -0.088614 -0.326559 -0.285887 0.384390 0.311312 0.262231 -0.086455 -0.038813 0.010300 -0.019068 -0.028769 0.030772 0.185775 -0.109991 -0.314413 0.326120 0.031239 0.397788 0.238904 -0.242904 0.128216 0.532397 -0.094535 -0.291020 -0.047565 -0.061673 0.234348 0.171424 -0.040847 -0.061810 -0.020571 -0.376531 -0.045651 -0.087250 0.109624 -0.018761 0.021243 -0.038963 0.184842 0.030962 -0.125673 0.109031 -0.025808 0.129362 0.002290 -0.005214 -0.141677 0.028163 -0.023408
0.463665 -0.194977 0.325330 0.463912 -0.148606 -0.237903 0.307954 0.275975 -0.132079 -0.132206 0.183504 0.441474 -0.097961 -0.107383 0.055160 -0.051631 -0.099402 -0.118833 0.438452 -0.063882 0.287268 0.210902 0.516525 0.393242 0.380093 0.520826 0.031217 0.056773 0.379850 0.166271 0.808913 1.000000 -0.163122 0.442944 0.368930 0.479705 -0.087239 -0.023876 0.183808 0.024256 0.123460 0.164127 0.009205 0.333076 0.145747 0.388809 -0.081623 -0.042094 -0.162267 -0.155029 0.490783 -0.327816 -0.555515 -0.192185 -0.207036 -0.189439 -0.585427 -0.489728 -0.570510 -0.472700 -0.575783 -0.515342 -0.361557 -0.445092 0.030893 -0.300221 -0.116060 0.240719 -0.522704 -0.471777 0.160489 0.244878 0.156993 0.012070 -0.125166 -0.027844 -0.035835 -0.001834 -0.049172 0.135203 -0.150166 -0.185548 0.100694 0.025587 0.442447 0.381975 -0.274644 -0.028823 0.228197 -0.335702 -0.522123 -0.369825 -0.224931 -0.017253 0.116762 0.082082 0.194166 0.024267 -0.389228 -0.328025 0.031230 -0.066584 -0.067079 -0.115483 -0.132261 0.005903 -0.197704 -0.085476 0.272198 -0.063010 0.086331 -0.199257 -0.214733 -0.184750 0.045217 0.094771
-0.320155 -0.153653 -0.324740 -0.348115 -0.208848 -0.081040 -0.169793 -0.270577 -0.309820 -0.227294 -0.205311 -0.319359 -0.222429 -0.188770 -0.270484 -0.311047 -0.079952 -0.209333 -0.065389 -0.134762 0.129357 0.036234 -0.239098 -0.402939 -0.195693 -0.307772 0.271069 0.242915 0.147725 -0.067178 -0.081945 -0.163122 1.000000 0.512299 0.151055 -0.185258 0.069734 0.015896 -0.251724 -0.182348 0.034178 0.109767 0.314115 0.053717 -0.088573 -0.244538 0.314839 0.440562 -0.190174 -0.185989 0.030241 -0.027351 0.016777 -0.098150 -0.315968 -0.019191 0.523403 0.177907 0.361666 0.091555 0.399334 0.085542 0.084824 0.081690 -0.340530 -0.165235 0.033626 -0.263770 0.632400 0.237160 0.176803 0.104390 0.417833 0.264063 0.467559 0.330638 0.350190 -0.074863 0.404469 0.153474 0.277230 0.081104 -0.127710 -0.088861 -0.140796 -0.229861 0.201661 0.290508 -0.117718 -0.193522 0.157210 0.172015 0.016927 -0.133773 0.080768 -0.238854 -0.065307 -0.247001 0.376650 0.472579 0.058716 0.268494 0.350308 0.330305 0.104211 0.176181 0.345498 0.068154 -0.068153 0.023469 0.098605 0.478240 0.330033 0.101705 0.131947 0.086632
-0.009066 -0.175240 0.108170 0.180979 0.071029 -0.077696 0.349989 0.294104 0.035825 -0.064839 -0.222436 -0.147592 -0.328007 -0.303586 -0.177701 -0.214593 -0.261040 -0.267898 0.231228 0.067264 0.045441 -0.040875 0.256445 0.099140 0.131439 0.127643 0.081499 0.042021 0.098590 -0.074979 0.347167 0.442944 0.512299 1.000000 0.294075 0.384353 -0.273030 -0.248035 -0.305551 -0.321447 0.101031 -0.043094 0.094038 0.157857 0.063165 0.086559 0.111214 0.278241 -0.313618 -0.308852 0.171481 -0.162450 -0.190341 -0.079129 -0.269438 -0.309707 -0.033404 -0.142218 -0.058006 -0.143150 -0.152728 -0.292707 -0.151609 -0.163456 -0.353071 -0.294899 0.055783 0.205515 0.270307 0.063806 0.010299 -0.011137 0.094636 0.064378 0.112324 0.098673 0.067784 -0.016126 -0.041694 -0.183391 -0.074801 -0.109844 0.003330 -0.049051 -0.064730 0.115370 0.201512 0.137511 0.050433 -0.205296 -0.103721 0.039214 -0.076896 -0.164277 0.113994 -0.211248 0.071538 -0.342340 0.098670 0.062570 -0.090082 -0.002915 0.016341 -0.031785 -0.268830 -0.143344 0.028243 -0.130799 -0.088253 -0.163901 0.236105 0.198637 0.076487 -0.258954 -0.148584 -0.184249
0.394154 -0.077154 0.282053 0.270903 -0.275250 -0.030214 0.310530 0.204651 -0.220250 -0.170219 0.358042 0.278982 0.166469 0.284137 0.129643 0.014765 -0.114415 -0.151383 0.046231 -0.305227 0.247409 0.091100 0.266282 0.258345 0.130321 0.249651 0.157237 0.284841 0.035972 -0.133547 0.234901 0.368930 0.151055 0.294075 1.000000 0.483121 -0.178984 -0.139111 -0.088308 0.018143 0.038098 0.136545 0.032577 0.214599 0.188420 0.403887 -0.249443 -0.018728 0.201276 -0.145135 0.621804 -0.083320 -0.371584 -0.272460 -0.189077 -0.213738 -0.463606 -0.371295 -0.418095 -0.383266 -0.336758 -0.180392 -0.251098 -0.247217 0.365743 0.181497 -0.097354 0.098405 -0.372457 -0.305197 0.022035 0.163775 0.024666 0.049491 0.083653 0.124319 0.189723 0.069568 -0.024442 0.037674 -0.149974 -0.109517 -0.161210 -0.109009 0.101141 0.059943 -0.175912 -0.062109 0.233782 -0.311495 -0.296099 -0.365273 -0.083220 -0.046097 0.102030 -0.046930 0.227909 0.020953 -0.261965 -0.220841 0.151422 -0.106537 0.046037 -0.045583 -0.169612 0.031982 -0.095766 -0.152690 0.186247 0.028542 0.179415 -0.141193 -0.203385 0.071177 0.239939 0.214659
0.277347 -0.133191 0.343442 0.424582 0.094945 0.123887 0.447097 0.354385 0.129378 0.154126 0.213700 0.136538 0.058020 0.118242 0.254043 0.315550 -0.016271 -0.045038 0.119897 0.073762 0.106088 0.144107 0.382389 0.470268 0.248629 0.299730 -0.050047 0.041473 0.027290 -0.004594 0.322968 0.479705 -0.185258 0.384353 0.483121 1.000000 -0.130092 -0.258307 -0.175244 -0.204437 0.111688 -0.026033 -0.217433 -0.001546 0.080681 0.310498 -0.439964 -0.187838 0.041243 -0.298788 0.320556 -0.220580 -0.316396 -0.085787 -0.261966 -0.484338 -0.368350 -0.243059 -0.323946 -0.307876 -0.344512 -0.287034 -0.150793 -0.169156 0.131601 0.059872 0.023106 0.281619 -0.279680 -0.185206 -0.015186 0.070142 -0.162948 -0.105385 -0.070207 -0.023238 -0.081548 -0.008933 -0.041647 -0.024379 -0.103944 -0.033425 0.159080 0.134036 0.139538 0.246522 0.030160 -0.036141 0.229890 -0.228215 -0.313836 -0.168050 -0.109631 0.090461 -0.018864 -0.209029 -0.102031 -0.269485 -0.435378 -0.341233 0.092896 -0.028127 -0.171330 -0.159193 -0.312403 -0.044267 -0.091475 -0.285315 -0.021474 -0.326527 0.055608 -0.251606 -0.149338 -0.272969 0.022224 -0.226007
