1.000000 0.311732 -0.060761 -0.044797 -0.081860 -0.004611 0.101520 0.064447 0.214371 0.140487 0.045209 0.084608 0.258602 0.151440 0.026407 -0.108545 0.153852 0.226922 0.421802 0.038992 -0.103617 -0.442924 -0.372145 -0.543622 -0.443898 -0.518964 -0.393206 -0.423686 0.228774 -0.000477 -0.216545 -0.308046 -0.087270 -0.096693 -0.232241 -0.352915 0.159190 -0.065468 0.009262 0.067417 -0.176414 -0.230439 0.153702 0.086218 -0.098755 -0.367553 0.008509 0.170758 0.322439 0.014260 -0.143659 0.158109 0.493122 0.072652 0.148859 0.075000 0.429737 0.101343 0.243310 -0.141622 0.507296 0.180925 0.545862 0.249321 -0.075204 0.101109 -0.233682 -0.327883 0.015146 -0.312581 -0.053892 -0.138115 0.281937 0.115340 0.284782 0.392454 0.278502 0.126990 0.001812 0.002548 -0.122946 -0.059692 -0.423821 -0.493493 -0.368421 -0.187650 -0.021360 -0.104440 -0.254938 0.128433 0.235018 -0.097751 -0.287391 -0.252916 0.507218 0.272367 0.243962 0.177856 0.187381 0.342113 0.022384 0.176233 0.282580 0.182918 0.232966 0.046940 0.036480 -0.046006 0.392722 -0.028825 0.018381 0.047836 0.167587 0.319532 0.292624 0.370033
0.311732 1.000000 -0.379795 -0.017239 0.087913 0.006259 -0.367529 0.383848 -0.127677 -0.035158 -0.074103 0.292835 -0.209570 0.088735 -0.166964 -0.109465 -0.072861 0.156196 0.060166 0.223527 -0.028320 0.014393 -0.545420 -0.383919 -0.446786 -0.402122 0.058641 -0.206677 -0.444526 -0.345134 -0.585238 -0.499009 -0.100332 -0.056453 -0.326598 -0.183384 -0.286940 -0.258517 -0.072913 0.014875 -0.153686 -0.211597 -0.245615 -0.328145 -0.061556 0.051274 -0.270484 -0.091527 0.077805 0.250625 -0.466391 0.320766 0.352410 0.055258 0.144219 -0.042754 0.458360 0.515372 0.377310 0.438937 0.329039 0.535272 0.165952 0.519391 -0.068830 0.494299 0.047352 0.184295 0.384958 0.087905 -0.387366 -0.305558 -0.341725 -0.101776 -0.174897 -0.038493 -0.160461 0.004506 -0.384288 -0.221682 -0.262839 -0.093205 -0.077334 -0.047385 -0.361076 0.035823 0.166299 0.017164 0.011463 0.473049 0.482388 0.266737 0.198995 0.158918 0.065041 -0.333803 -0.126192 -0.177393 0.078823 -0.103590 0.252872 0.423597 0.440083 0.221600 0.239439 -0.056181 0.299005 0.225858 -0.119401 -0.218195 -0.025322 0.006404 -0.009629 -0.302878 -0.068280 -0.335979
-0.060761 -0.379795 1.000000 0.097865 0.075233 -0.075041 0.680236 -0.315948 0.191549 -0.045870 -0.348364 -0.534874 -0.026779 -0.399546 0.054456 -0.121015 -0.088425 -0.412535 0.172728 -0.284607 0.213918 -0.093712 0.579165 0.251974 0.421599 0.270212 0.016451 0.223289 0.017464 -0.061164 0.299696 0.122798 0.429553 0.294438 0.264842 0.317013 0.233013 -0.171314 0.017325 -0.153359 0.357780 0.099486 -0.010829 0.076855 -0.033429 -0.049820 0.023681 -0.046268 -0.004662 -0.261321 0.126370 -0.279594 -0.013237 -0.110718 -0.091221 -0.090523 -0.267771 -0.211384 -0.222414 -0.417828 -0.022978 -0.269065 -0.012486 -0.221018 0.148107 -0.399770 0.115331 0.055302 -0.025032 0.096287 0.255642 0.029635 0.049241 0.004685 0.136676 -0.182891 0.172796 0.040726 0.087283 -0.159934 -0.049906 -0.152057 0.112397 0.076322 -0.108472 -0.253026 -0.029433 0.046140 0.045319 -0.201232 -0.165240 0.142385 0.060886 0.205996 -0.057125 0.060181 0.012672 0.119034 -0.185934 0.191536 -0.059187 -0.069150 -0.282131 0.003817 -0.240971 -0.207532 -0.227506 -0.474008 0.173698 0.185555 0.332086 0.201348 0.053839 0.203706 -0.110643 0.031150
-0.044797 -0.017239 0.097865 1.000000 -0.228141 -0.035464 0.103737 0.294772 -0.094402 -0.037570 -0.091466 0.260838 0.039551 -0.049284 0.038261 -0.017829 0.090381 0.033884 0.180773 -0.346537 -0.104171 -0.207105 0.302823 0.438037 0.014546 0.257556 -0.111333 0.084414 0.129585 0.096922 0.303145 0.258017 0.089891 0.460416 0.230840 0.189100 0.108951 0.058877 -0.052841 0.003180 0.148369 -0.066655 0.073542 0.006932 -0.312720 -0.309062 0.028445 -0.032082 -0.049728 -0.373022 0.006257 -0.272008 -0.199971 -0.434110 -0.114196 -0.170946 -0.272777 -0.069091 -0.183645 -0.346919 0.092630 -0.111429 0.116384 0.077264 0.325205 0.054893 -0.305488 -0.252105 -0.125944 -0.216859 0.152416 0.061486 0.302142 0.145336 0.276045 0.123344 0.200404 0.176671 0.010246 0.118637 0.067348 0.160767 0.094702 0.001754 -0.063491 0.078074 0.145883 0.164198 0.005118 -0.014025 -0.159351 -0.310264 -0.094009 -0.220734 -0.009470 0.130859 0.058065 0.075120 -0.171603 -0.011162 -0.031804 -0.278136 -0.130732 -0.041795 -0.160443 -0.327454 -0.207195 -0.164794 0.166108 0.169524 0.098210 0.008440 0.036807 0.086402 -0.179428 -0.099267
-0.081860 0.087913 0.075233 -0.228141 1.000000 0.212683 0.208112 0.154797 0.437474 0.263806 0.273252 -0.122800 0.114231 0.090421 0.332081 0.402192 -0.085310 -0.199701 -0.300161 0.460056 0.375517 0.148346 -0.145961 -0.092053 -0.083027 -0.167515 0.489273 -0.088284 -0.296534 -0.082987 -0.193500 -0.143743 -0.281332 -0.295785 -0.417842 -0.167188 -0.444749 -0.217148 0.091981 -0.203052 -0.114229 -0.191646 -0.261319 -0.422813 0.048209 0.066073 -0.393426 -0.328300 0.154340 0.133095 -0.064854 0.001769 0.176561 0.388103 -0.115081 -0.239006 0.055120 0.003043 0.215296 0.318280 0.111496 0.195519 -0.170532 0.073121 0.138384 -0.059610 -0.164718 0.108279 0.251009 0.199515 0.192111 0.159541 -0.202212 0.023400 -0.072878 0.000952 -0.115265 -0.210315 -0.367799 -0.431175 -0.455145 -0.367414 0.047461 0.034547 -0.387696 -0.450975 0.266519 0.301662 0.044802 0.014765 0.354639 0.432368 0.409335 0.305300 -0.149114 -0.327788 -0.337922 -0.360464 -0.148345 -0.209171 0.375559 0.288895 0.195802 0.125406 0.076498 0.222412 0.110474 0.208354 -0.349570 -0.330847 -0.306085 -0.095428 -0.169573 -0.116552 0.176852 -0.166452
-0.004611 0.006259 -0.075041 -0.035464 0.212683 1.000000 -0.079301 0.329449 0.539132 0.823732 0.130320 0.078635 0.151040 0.079576 0.167093 0.467887 0.054954 -0.151248 -0.336355 0.280811 0.201398 0.102745 -0.297747 0.076911 -0.053851 0.230745 0.423065 -0.133280 -0.187871 -0.151327 -0.188516 -0.052473 -0.301444 -0.214536 -0.002554 -0.077396 -0.421071 0.062580 -0.120135 -0.157886 -0.285976 -0.035569 0.144137 0.028506 0.161879 0.385464 -0.262252 0.007411 0.144295 0.197289 0.149798 0.088933 -0.079638 0.162568 -0.071669 -0.055102 -0.188394 -0.373011 0.003266 0.230897 -0.101282 -0.097478 0.001828 -0.092856 -0.018321 0.120927 -0.220746 0.282926 -0.073894 -0.153479 -0.002070 0.035951 -0.246436 -0.300771 -0.215639 -0.225245 -0.066456 -0.029322 -0.120650 -0.257329 -0.207380 -0.274971 -0.076241 0.018173 -0.237945 0.008817 -0.174629 0.150972 -0.159233 0.003575 0.264591 0.237786 0.418736 0.174353 0.055376 -0.091272 -0.204446 -0.139658 -0.144971 -0.008439 0.346613 0.303355 0.211328 0.192932 -0.076694 -0.022717 -0.184148 -0.002702 -0.067972 -0.086173 -0.114708 -0.015995 0.121979 -0.016836 0.016872 -0.149139
0.101520 -0.367529 0.680236 0.103737 0.208112 -0.079301 1.000000 -0.145305 0.306362 0.020617 0.082958 -0.269819 0.163783 -0.161487 0.117940 -0.071453 -0.188701 -0.250168 0.041880 -0.186001 0.069144 -0.262724 0.403835 0.093165 0.151484 0.041955 -0.021894 -0.042766 0.143700 -0.053776 0.321415 0.203897 0.068324 0.125322 0.113832 0.126382 0.059804 -0.201659 -0.044168 -0.103201 0.275547 -0.061035 0.088010 0.012806 -0.166311 -0.245825 -0.026912 -0.126031 -0.010298 -0.258196 0.099036 -0.188035 -0.007164 0.018611 -0.199397 -0.147561 -0.180620 -0.284836 -0.126495 -0.469517 0.103401 -0.149220 0.060773 -0.289143 0.300213 -0.246509 -0.148434 -0.211679 -0.108257 0.157634 0.422974 0.282012 0.193101 0.079097 0.233707 0.102552 0.328599 0.137774 0.176532 -0.148328 -0.229512 -0.258767 -0.133686 -0.025917 -0.231895 -0.317724 -0.107674 0.030715 -0.068678 -0.138431 -0.130565 -0.007281 -0.052676 0.041377 0.044843 0.115309 -0.094689 0.054050 -0.233095 0.045333 -0.030240 -0.112055 -0.165511 -0.134259 -0.091351 -0.046419 -0.149582 -0.252037 0.157647 0.084866 0.099832 -0.045538 -0.072037 0.292076 0.100133 0.133088
0.064447 0.383848 -0.315948 0.294772 0.154797 0.329449 -0.145305 1.000000 0.093189 0.300643 0.173777 0.625398 -0.024892 0.363072 -0.086963 0.305954 0.056298 0.204816 -0.361536 0.080633 0.189435 0.025272 -0.373287 -0.026175 -0.375649 -0.042974 0.003672 -0.312835 -0.198421 -0.077554 -0.235820 -0.028413 -0.237909 0.061179 -0.122175 -0.036049 -0.192185 -0.124726 -0.080027 0.098549 -0.109243 -0.167270 0.022485 -0.178231 -0.299641 -0.021369 -0.292525 -0.162826 -0.104780 -0.107783 -0.101021 0.040900 -0.043129 -0.049026 -0.029517 -0.111351 0.078272 -0.042286 -0.020184 0.126792 0.175788 0.317671 0.134286 0.098537 0.264790 0.587858 -0.354001 0.010135 -0.102450 -0.154439 -0.035567 0.127498 -0.073989 -0.104778 -0.192010 0.082759 -0.036222 0.114580 -0.155486 -0.196044 -0.131291 -0.021972 -0.137474 0.006054 -0.359975 0.132892 -0.024292 0.020353 -0.122298 0.229119 0.263336 -0.060139 0.206657 -0.035867 0.070361 -0.225316 -0.122752 -0.189410 -0.037391 -0.167975 0.307045 0.089850 0.180388 -0.000727 0.021748 -0.057607 0.042625 0.044590 -0.150688 -0.255704 -0.272837 -0.088223 0.100102 -0.141836 0.050245 -0.149572
0.214371 -0.127677 0.191549 -0.094402 0.437474 0.539132 0.306362 0.093189 1.000000 0.624598 0.086367 -0.041029 0.113460 0.151353 0.390724 0.435125 0.101661 -0.076710 -0.201495 0.074058 0.276773 -0.110736 -0.086836 -0.024415 0.048176 0.094180 0.202654 -0.048601 -0.079267 0.012488 -0.070339 -0.036121 -0.415210 -0.266012 -0.151135 -0.140359 -0.298989 -0.065403 -0.058719 -0.077704 -0.024735 -0.002733 0.151273 -0.036257 0.007412 -0.017277 -0.111341 0.011753 0.184092 -0.017859 0.138191 -0.116334 0.120747 0.413304 -0.029595 0.171531 -0.063099 -0.159865 0.180811 -0.036300 0.137990 -0.073804 0.040964 -0.050294 0.103370 -0.004867 -0.268906 -0.168647 -0.133093 -0.230052 0.227746 0.143634 -0.047442 -0.105651 -0.051205 -0.075308 0.119525 0.031643 0.091794 -0.204441 -0.311618 -0.344356 -0.078900 -0.003073 -0.295785 -0.297606 -0.020657 0.115370 0.005631 0.063608 0.277675 0.178568 0.147898 -0.038315 0.159910 0.076964 -0.018037 0.033925 -0.025330 0.246604 0.198170 0.003035 0.033675 0.020886 -0.087129 0.002898 -0.121371 -0.072245 0.156261 0.068292 -0.003340 0.144265 0.193842 0.191568 0.157987 0.075461
0.140487 -0.035158 -0.045870 -0.037570 0.263806 0.823732 0.020617 0.300643 0.624598 1.000000 0.057495 0.056278 0.187938 0.107876 0.129755 0.399377 0.147558 -0.039487 -0.241463 0.244534 0.171216 -0.094307 -0.383006 -0.067759 -0.168729 0.078199 0.281471 -0.151424 -0.109467 -0.101466 -0.294973 -0.173752 -0.375625 -0.242420 -0.147334 -0.204700 -0.349800 0.119603 -0.102299 -0.130958 -0.284709 -0.056574 0.110599 -0.031814 0.116426 0.146381 -0.077409 0.075284 0.202700 0.174908 0.018396 0.051508 0.203517 0.288119 0.006073 0.144868 -0.058113 -0.287717 0.237316 0.136464 0.070622 0.085469 0.173732 -0.047644 0.004986 0.169118 -0.239631 0.043244 -0.060975 -0.131552 0.051311 -0.021436 -0.120909 -0.265962 -0.111875 -0.141868 0.079543 0.101379 0.050856 -0.166217 -0.216828 -0.287589 -0.140743 -0.001282 -0.309693 -0.131486 -0.159091 0.191927 -0.155038 0.121229 0.329707 0.227822 0.247169 0.048225 0.170733 0.099731 -0.139909 0.088197 -0.043403 0.241993 0.341893 0.209420 0.138471 0.076158 -0.150886 -0.072470 -0.230737 -0.121632 0.108393 0.058624 -0.079049 0.105491 0.203487 0.175859 0.114441 -0.047175
0.045209 -0.074103 -0.348364 -0.091466 0.273252 0.130320 0.082958 0.173777 0.086367 0.057495 1.000000 0.355468 0.548817 0.527343 0.339944 0.267334 0.161932 0.182545 -0.199303 0.202766 0.047505 -0.035280 -0.116548 -0.137494 -0.178978 -0.195170 0.054621 -0.322973 0.296400 0.171341 0.138491 0.184840 -0.413443 -0.312708 -0.174125 -0.227996 -0.092414 -0.031893 -0.033598 -0.147225 -0.123238 -0.153416 -0.063607 -0.175048 -0.115076 -0.046241 -0.275657 -0.194953 0.061948 0.070756 0.086279 0.178117 -0.052917 0.277124 -0.144651 -0.132553 -0.070330 -0.267257 -0.126757 0.013445 0.042863 -0.035882 -0.039880 0.000042 -0.111545 -0.086277 -0.428555 -0.141970 -0.088390 -0.086398 0.348494 0.455405 0.177793 0.168202 0.101339 0.245091 0.080987 -0.037775 -0.181840 -0.009003 -0.060002 -0.017869 -0.160534 -0.081695 -0.069482 -0.038702 -0.108234 -0.053076 -0.192186 -0.187426 -0.009969 -0.121214 0.040021 -0.162858 -0.057732 -0.095041 -0.217485 -0.255542 -0.185327 -0.351082 0.114611 -0.041701 0.060915 -0.196195 0.011689 0.146211 -0.159265 0.283907 -0.137400 -0.212290 -0.428550 -0.359122 -0.248995 -0.114320 0.195785 0.037241
0.084608 0.292835 -0.534874 0.260838 -0.122800 0.078635 -0.269819 0.625398 -0.041029 0.056278 0.355468 1.000000 0.154963 0.665580 0.016342 0.314466 0.111483 0.358536 -0.232098 -0.015805 -0.018029 -0.040708 -0.317579 0.000218 -0.289674 -0.071028 -0.311272 -0.419225 0.166283 0.311761 0.001318 0.219048 -0.214847 0.103804 -0.027186 -0.097379 -0.001088 0.086855 -0.247495 0.101624 -0.092147 -0.086798 -0.012736 -0.075637 -0.114761 -0.103375 -0.102919 -0.102931 -0.085917 -0.093230 -0.092878 0.006021 -0.147461 -0.120365 -0.084027 0.023042 0.064522 -0.099615 -0.002915 -0.066235 0.095710 0.199635 0.145812 0.070866 0.124443 0.478075 -0.416089 -0.251761 -0.251356 -0.363067 0.005489 0.243411 0.184453 0.123599 0.010683 0.286656 -0.078164 0.115438 0.009659 0.099845 0.162799 0.228193 -0.181439 -0.084591 -0.043390 0.423999 -0.122588 -0.029072 -0.199650 0.034284 -0.046948 -0.418512 -0.183305 -0.436662 0.030070 0.036691 -0.018986 -0.039632 -0.013979 -0.159945 0.033369 -0.162046 -0.026658 -0.239752 -0.058452 -0.045462 0.054093 0.166813 -0.047357 -0.132109 -0.285107 -0.190030 0.045257 -0.224424 0.023527 -0.018508
0.258602 -0.209570 -0.026779 0.039551 0.114231 0.151040 0.163783 -0.024892 0.113460 0.187938 0.548817 0.154963 1.000000 0.533926 0.469532 0.245600 0.646253 0.385564 0.046808 0.276015 -0.018019 -0.284274 -0.183446 -0.318077 -0.270430 -0.315814 -0.169323 -0.398256 0.572279 0.270642 0.145406 0.047649 -0.229442 -0.224804 -0.360767 -0.465732 0.064734 0.002523 -0.194316 -0.291277 -0.258315 -0.194942 0.070888 0.018063 0.058946 -0.126570 -0.268100 -0.242207 0.191062 0.068345 0.071468 0.103482 0.188406 0.205303 -0.159325 -0.267024 0.093237 -0.226359 -0.104848 -0.220529 0.393340 0.002299 0.247472 0.236209 -0.094183 -0.156009 -0.583751 -0.335298 -0.014779 -0.215966 0.369086 0.322354 0.464058 0.353138 0.382439 0.383944 0.060748 -0.248875 0.000510 0.232547 0.140278 0.205678 -0.434225 -0.366012 -0.056233 -0.219894 -0.341473 0.021178 -0.372677 -0.311922 -0.225689 -0.214237 -0.063831 -0.256943 -0.083232 0.176900 -0.257863 -0.149819 -0.251604 -0.097494 -0.027451 0.040008 -0.097882 -0.101531 -0.192491 -0.081326 -0.325870 -0.040293 0.136548 -0.090043 -0.435692 -0.303228 -0.140965 -0.054692 0.053294 0.107988
0.151440 0.088735 -0.399546 -0.049284 0.090421 0.079576 -0.161487 0.363072 0.151353 0.107876 0.527343 0.665580 0.533926 1.000000 0.270003 0.443922 0.440950 0.417576 -0.295710 0.243458 0.042374 -0.099269 -0.284544 -0.239498 -0.196208 -0.223597 -0.149729 -0.479467 0.308306 0.423998 0.110331 0.157031 -0.420887 -0.255527 -0.245428 -0.341044 -0.042644 -0.007269 -0.222562 -0.085743 -0.285891 -0.022046 0.142112 0.044232 0.011406 -0.084030 -0.205923 -0.148322 0.133887 0.193954 0.099214 0.250521 0.050514 0.270496 -0.130490 0.035989 0.089614 -0.202441 0.081708 -0.035492 0.292953 0.297844 0.105067 0.228016 -0.171660 0.201397 -0.552448 -0.392755 -0.269079 -0.340315 0.158086 0.450448 0.284538 0.286450 0.088131 0.432790 -0.180755 -0.194037 0.071173 0.047752 0.129002 0.096984 -0.400604 -0.329420 -0.083748 -0.006999 -0.160812 -0.071914 -0.391845 -0.054353 -0.064696 -0.286880 -0.239632 -0.496306 0.042074 0.068743 -0.091882 -0.155694 -0.022756 -0.175710 -0.075611 -0.172129 -0.092103 -0.195249 0.032099 0.174179 -0.019249 0.290765 0.007442 -0.264169 -0.443717 -0.299555 -0.051331 -0.117559 0.194247 0.137071
0.026407 -0.166964 0.054456 0.038261 0.332081 0.167093 0.117940 -0.086963 0.390724 0.129755 0.339944 0.016342 0.469532 0.270003 1.000000 0.518215 0.275026 -0.123412 -0.027045 0.151545 0.359769 0.085153 0.085229 0.003799 0.150817 0.067085 0.137284 -0.137202 0.239286 0.296033 0.288595 0.255213 -0.194881 -0.178270 -0.172767 -0.324511 -0.071355 0.140309 0.004463 -0.133890 -0.028176 0.156072 0.060379 -0.010220 0.256789 -0.057993 -0.239867 -0.145907 0.199310 0.078089 0.166673 -0.153480 -0.085591 0.112072 -0.231945 -0.194961 -0.183740 -0.151387 -0.010072 -0.069039 0.000758 -0.163774 -0.145654 -0.016074 -0.003531 -0.289674 -0.343371 -0.268404 0.107797 -0.195764 0.494071 0.362681 0.238822 0.402760 0.227592 0.233525 0.060394 -0.180780 -0.152747 -0.046875 -0.132853 -0.096672 0.146561 -0.219221 0.018061 -0.272459 0.125398 0.264468 -0.208593 -0.460126 -0.121584 -0.102516 0.032226 -0.051350 -0.013208 0.028035 -0.056021 -0.089052 -0.098166 -0.108184 0.133329 0.014788 -0.029289 0.106592 -0.078854 0.027493 -0.163010 0.018910 0.061804 -0.077221 -0.162803 -0.082085 0.007721 -0.123121 0.042648 -0.038350
-0.108545 -0.109465 -0.121015 -0.017829 0.402192 0.467887 -0.071453 0.305954 0.435125 0.399377 0.267334 0.314466 0.245600 0.443922 0.518215 1.000000 0.180637 0.039351 -0.475100 0.313396 0.391543 0.313300 -0.124420 0.034732 0.032225 0.137589 0.258090 -0.161239 -0.016858 0.285141 0.094740 0.169470 -0.231200 -0.145764 -0.154161 -0.194814 -0.235839 0.112261 0.013715 0.067525 -0.093980 0.201459 0.079130 -0.060397 0.116281 0.053888 -0.144426 -0.240689 0.176645 0.102729 0.271164 -0.063937 -0.125724 0.183269 -0.080922 -0.098965 -0.177992 -0.382529 -0.019750 0.027845 -0.175418 -0.031345 -0.171469 -0.151491 0.041155 -0.013381 -0.445373 -0.073859 -0.019191 -0.278085 0.272277 0.338086 0.050576 0.159644 -0.075132 0.058448 -0.161454 -0.162930 -0.199596 -0.091468 -0.117496 -0.208064 0.013717 0.041648 -0.181407 -0.145728 0.049515 0.319852 -0.251082 -0.202970 0.068791 -0.057544 0.216416 -0.038391 -0.190528 -0.085804 -0.187911 -0.338504 -0.028050 -0.192025 0.247567 0.038371 0.110079 0.124437 -0.030398 0.181161 0.144084 0.191472 -0.279370 -0.283730 -0.361121 -0.272724 0.121250 -0.203788 0.033050 -0.038392
0.153852 -0.072861 -0.088425 0.090381 -0.085310 0.054954 -0.188701 0.056298 0.101661 0.147558 0.161932 0.111483 0.646253 0.440950 0.275026 0.180637 1.000000 0.580424 0.031031 0.130578 -0.023722 -0.207564 -0.261147 -0.279722 -0.154025 -0.156619 -0.294025 -0.205036 0.408273 0.305671 0.058445 -0.036201 -0.117764 -0.054348 -0.305579 -0.409403 0.137975 0.141435 -0.194159 -0.160025 -0.235305 -0.055359 0.117671 0.051873 0.056257 -0.078901 -0.043479 -0.111104 0.129209 0.041624 0.047910 0.059076 0.212845 0.219580 0.065196 0.047645 0.262379 0.104631 -0.004179 -0.229989 0.338021 0.052588 0.257353 0.467364 -0.150225 -0.040126 -0.464339 -0.406723 -0.060861 -0.405591 0.233666 0.178050 0.368711 0.236224 0.212278 0.095910 0.022663 -0.204258 0.134032 0.384013 0.310381 0.430612 -0.250365 -0.177062 0.124540 -0.140869 -0.252037 -0.044748 -0.277827 -0.093175 -0.149427 -0.235438 -0.173514 -0.391231 -0.129567 0.062116 -0.148389 -0.071668 -0.001334 0.109919 -0.145561 -0.143469 -0.188801 -0.219344 -0.293291 -0.241400 -0.281713 -0.163632 0.088471 0.039826 -0.329741 -0.146750 0.105514 -0.008664 -0.165802 0.088488
0.226922 0.156196 -0.412535 0.033884 -0.199701 -0.151248 -0.250168 0.204816 -0.076710 -0.039487 0.182545 0.358536 0.385564 0.417576 -0.123412 0.039351 0.580424 1.000000 0.017486 0.060120 -0.234420 -0.189166 -0.400751 -0.468559 -0.472442 -0.357571 -0.397690 -0.300868 0.328184 0.200149 -0.238376 -0.245222 -0.055278 0.012498 -0.340375 -0.293093 0.100660 -0.020897 -0.267587 0.002822 -0.210569 -0.170877 0.014179 -0.041426 -0.221336 -0.225095 0.066357 -0.113476 0.019591 -0.024647 -0.142209 0.153084 0.240999 0.170288 0.088990 0.007504 0.421464 0.231024 0.005825 -0.103858 0.389598 0.297637 0.284426 0.458577 -0.056918 0.369739 -0.266791 -0.309479 0.028563 -0.190712 -0.032177 0.021143 0.249709 0.022594 0.082490 0.129819 -0.027612 -0.040509 0.191324 0.469941 0.373823 0.537904 -0.372452 -0.027051 0.050353 0.053464 -0.326864 -0.228206 -0.218019 0.176823 -0.078616 -0.263284 -0.219882 -0.299973 -0.219592 0.046500 -0.197935 -0.130143 -0.083271 -0.040439 -0.250699 -0.084520 -0.073213 -0.279003 -0.211551 -0.165954 -0.040401 -0.041805 -0.043233 -0.023759 -0.331959 -0.269610 -0.072724 -0.170641 -0.205943 0.004812
0.421802 0.060166 0.172728 0.180773 -0.300161 -0.336355 0.041880 -0.361536 -0.201495 -0.241463 -0.199303 -0.232098 0.046808 -0.295710 -0.027045 -0.475100 0.031031 0.017486 1.000000 -0.138179 -0.292168 -0.396053 0.033964 -0.159027 -0.099881 -0.222791 -0.417532 -0.118309 0.366545 0.192169 0.097725 -0.106608 0.323407 0.177579 -0.145661 -0.165542 0.318804 0.049180 -0.002387 -0.091641 0.168721 -0.141784 0.076152 0.099428 -0.065415 -0.335482 0.133596 0.188319 0.001879 -0.151469 -0.256988 -0.087937 0.261263 -0.091643 0.053011 0.055361 0.053783 0.193291 0.005960 -0.285236 0.169864 -0.142634 0.245645 0.101659 -0.112797 -0.329737 0.082392 -0.262892 0.112728 -0.041149 0.014137 -0.220666 0.307935 0.096029 0.322983 0.063727 0.324279 0.215893 0.067136 0.171215 0.084913 0.159274 0.078353 -0.147778 0.124886 -0.001802 0.078280 -0.050912 0.019112 -0.140084 -0.074854 -0.111902 -0.339687 -0.101090 0.102789 0.238264 0.102828 0.259050 0.052380 0.325728 -0.161369 -0.027850 -0.005775 0.087298 0.039714 -0.080364 -0.122068 -0.122357 0.247256 0.329250 0.194286 0.280707 0.052206 0.166803 0.080635 0.042369
0.038992 0.223527 -0.284607 -0.346537 0.460056 0.280811 -0.186001 0.080633 0.074058 0.244534 0.202766 -0.015805 0.276015 0.243458 0.151545 0.313396 0.130578 0.060120 -0.138179 1.000000 0.091159 0.212116 -0.396434 -0.305850 -0.264337 -0.376910 0.387349 -0.349375 -0.168681 -0.034170 -0.232023 -0.151028 -0.245551 -0.265471 -0.622327 -0.621277 -0.521452 -0.099832 0.045847 -0.218889 -0.613994 -0.144994 -0.126846 -0.362696 0.270088 0.137356 -0.401419 -0.343436 0.113702 0.459429 0.091029 0.267228 0.156906 0.373792 -0.201424 -0.332570 0.266989 0.019241 0.258583 0.341201 0.008348 0.358147 -0.184716 0.231557 -0.039243 0.065951 -0.226907 0.033620 0.203745 0.194498 -0.209707 -0.064742 -0.210704 0.001694 -0.135971 0.020503 -0.560474 -0.607641 -0.381741 -0.363287 -0.195023 -0.221926 -0.297599 -0.262799 -0.058937 -0.219179 -0.052135 0.255058 -0.182519 0.047794 0.274066 0.359530 0.212550 0.213607 -0.031236 -0.385202 -0.456644 -0.556742 -0.129929 -0.370566 0.107813 0.396778 0.243025 0.144196 0.168070 0.403196 0.261285 0.565010 -0.486023 -0.548820 -0.542087 -0.408394 -0.342726 -0.348976 0.243734 -0.109621
-0.103617 -0.028320 0.213918 -0.104171 0.375517 0.201398 0.069144 0.189435 0.276773 0.171216 0.047505 -0.018029 -0.018019 0.042374 0.359769 0.391543 -0.023722 -0.234420 -0.292168 0.091159 1.000000 0.368814 0.080421 0.146696 0.255091 0.271554 0.298523 0.037411 -0.213376 0.130431 0.073612 0.159978 0.007480 -0.027916 0.008370 0.040015 -0.038630 -0.017953 0.148782 -0.014346 0.232092 0.394770 -0.181644 -0.204093 0.067197 -0.016336 -0.269395 -0.198031 -0.127684 -0.131263 0.036445 -0.394442 -0.168558 -0.057761 -0.093371 -0.021762 -0.066033 -0.174743 -0.170573 0.042206 -0.073792 -0.049909 -0.105096 -0.129446 0.160391 -0.090037 -0.020777 0.089040 0.092872 0.039212 0.385409 0.336721 -0.045001 0.225180 0.010703 -0.016102 -0.080327 -0.059048 -0.279056 -0.326824 -0.144265 -0.117902 0.152898 0.124750 -0.151262 -0.131026 0.044195 0.147714 0.000455 -0.228182 -0.047315 0.027264 0.238804 0.165094 -0.091571 -0.109325 0.003628 -0.182119 -0.134632 -0.121777 0.266679 0.173383 0.031599 0.232426 -0.168353 0.124839 -0.076893 -0.003303 -0.152395 -0.192309 -0.015922 0.007265 0.098409 -0.140696 0.022175 -0.206012
-0.442924 0.014393 -0.093712 -0.207105 0.148346 0.102745 -0.262724 0.025272 -0.110736 -0.094307 -0.035280 -0.040708 -0.284274 -0.099269 0.085153 0.313300 -0.207564 -0.189166 -0.396053 0.212116 0.368814 1.000000 0.149324 0.275010 0.332638 0.356814 0.432659 0.234466 -0.307412 0.020084 -0.009928 0.162833 0.124038 -0.098656 0.126572 0.096434 -0.178167 -0.123817 0.105568 0.080636 0.009928 0.368267 -0.269350 -0.149886 0.234321 0.403720 -0.176496 -0.250975 -0.157175 0.191786 0.163536 -0.051114 -0.384955 -0.053868 -0.086191 -0.193260 -0.287380 -0.151682 -0.161290 0.205221 -0.491575 -0.084257 -0.568581 -0.136634 0.070491 -0.024162 0.181656 0.366966 -0.000421 0.054593 -0.227101 -0.005323 -0.458204 -0.211610 -0.543619 -0.348558 -0.512809 -0.467426 -0.393586 -0.344353 0.039834 -0.013555 0.396035 0.401563 0.291907 0.195422 0.029634 0.043952 0.182971 -0.145628 -0.036669 0.216413 0.295056 0.394306 -0.329392 -0.408429 -0.120771 -0.403637 0.040596 -0.432692 0.214286 0.183725 0.234015 0.083484 0.096727 0.131647 0.198748 0.255947 -0.542531 -0.351695 -0.157540 -0.302045 -0.224318 -0.377069 -0.208578 -0.283874
-0.372145 -0.545420 0.579165 0.302823 -0.145961 -0.297747 0.403835 -0.373287 -0.086836 -0.383006 -0.116548 -0.317579 -0.183446 -0.284544 0.085229 -0.124420 -0.261147 -0.400751 0.033964 -0.396434 0.080421 0.149324 1.000000 0.716023 0.663276 0.549408 0.135600 0.532051 0.055056 0.087754 0.645876 0.554851 0.219438 0.284317 0.530716 0.514087 0.134246 -0.065107 0.063064 -0.010166 0.313862 0.175286 0.003462 0.153395 -0.022704 0.008526 0.143660 -0.060595 -0.152553 -0.230811 0.436366 -0.257277 -0.364366 -0.221410 -0.159714 -0.080684 -0.584516 -0.293781 -0.324630 -0.398894 -0.411963 -0.448662 -0.423807 -0.354298 0.078116 -0.436220 0.065399 -0.016249 -0.334529 -0.027839 0.177203 0.175468 0.025215 0.039093 0.029099 -0.087188 -0.018887 -0.037307 0.090241 -0.056638 0.022281 -0.088093 0.327178 0.181124 0.211735 -0.057248 0.152891 0.122430 0.237905 -0.229826 -0.341325 -0.031619 -0.040126 0.043935 -0.138670 0.052553 0.107770 0.055846 -0.140297 -0.083202 -0.256455 -0.446935 -0.437526 -0.113909 -0.171696 -0.109083 -0.153806 -0.213654 0.080140 0.169016 0.325691 -0.012106 -0.144818 0.075900 -0.121469 0.092645
-0.543622 -0.383919 0.251974 0.438037 -0.092053 0.076911 0.093165 -0.026175 -0.024415 -0.067759 -0.137494 0.000218 -0.318077 -0.239498 0.003799 0.034732 -0.279722 -0.468559 -0.159027 -0.305850 0.146696 0.275010 0.716023 1.000000 0.612145 0.806623 0.250504 0.541538 -0.104875 0.011975 0.531741 0.677184 0.115708 0.361009 0.530287 0.469444 -0.105723 0.063265 -0.085329 -0.101038 0.189375 0.116395 -0.073896 0.054575 0.002681 0.208983 0.022859 -0.137265 -0.340406 -0.260660 0.324052 -0.360447 -0.469643 -0.315563 -0.228132 -0.108399 -0.630135 -0.340192 -0.296295 -0.189437 -0.519756 -0.393920 -0.423487 -0.307910 0.169037 -0.196144 -0.009592 0.118449 -0.340268 -0.148013 0.087258 0.094617 -0.123355 -0.156719 -0.141940 -0.265237 -0.119428 0.024026 0.024741 -0.117700 -0.014950 -0.095427 0.503072 0.341558 0.231908 0.234707 0.244771 0.300043 0.259454 -0.183815 -0.269878 -0.000462 0.150284 0.059134 -0.185177 0.008060 0.038049 0.015908 -0.197680 -0.168325 -0.017205 -0.323189 -0.313412 -0.007937 -0.181661 -0.208688 -0.253591 -0.158588 -0.029384 0.212768 0.244821 0.033052 -0.049760 0.006276 -0.189259 -0.141498
-0.443898 -0.446786 0.421599 0.014546 -0.083027 -0.053851 0.151484 -0.375649 0.048176 -0.168729 -0.178978 -0.289674 -0.270430 -0.196208 0.150817 0.032225 -0.154025 -0.472442 -0.099881 -0.264337 0.255091 0.332638 0.663276 0.612145 1.000000 0.782168 0.275628 0.471554 -0.016357 0.148282 0.535106 0.489671 0.232299 0.124437 0.523048 0.419352 0.135393 0.089890 0.232734 0.037555 0.246699 0.343311 0.050226 0.171241 0.116993 0.173960 0.117573 -0.000218 -0.252436 -0.169319 0.369379 -0.269520 -0.469646 -0.148071 -0.086799 0.004754 -0.406896 -0.243804 -0.292708 -0.256451 -0.438195 -0.497049 -0.488070 -0.397383 -0.003984 -0.423341 0.271916 0.103045 -0.145519 0.043812 0.188237 0.288893 -0.107742 -0.020676 -0.142254 -0.232315 -0.100817 -0.120038 0.068132 -0.094310 0.033538 0.002207 0.392058 0.185775 0.371940 0.110709 0.094070 -0.044993 0.241943 -0.408303 -0.367361 -0.071626 -0.106364 0.014609 -0.066140 0.010676 0.215341 0.132821 -0.178018 -0.095345 -0.155100 -0.269326 -0.348212 -0.093367 -0.204396 0.052981 -0.076941 -0.171354 0.010311 0.145486 0.455418 0.047852 0.043405 0.090093 -0.101776 0.100821
-0.518964 -0.402122 0.270212 0.257556 -0.167515 0.230745 0.041955 -0.042974 0.094180 0.078199 -0.195170 -0.071028 -0.315814 -0.223597 0.067085 0.137589 -0.156619 -0.357571 -0.222791 -0.376910 0.271554 0.356814 0.549408 0.806623 0.782168 1.000000 0.273040 0.481840 -0.086037 0.037571 0.463572 0.544368 0.185052 0.267932 0.591952 0.511891 0.007598 0.092861 -0.027057 -0.040603 0.276113 0.341190 0.079405 0.196147 0.027012 0.275726 0.060293 -0.041568 -0.403822 -0.291067 0.265831 -0.398059 -0.550214 -0.279101 -0.199969 -0.049354 -0.509665 -0.335047 -0.413877 -0.210616 -0.480096 -0.442419 -0.418194 -0.396289 0.155604 -0.151920 0.134048 0.213275 -0.192535 -0.061155 0.161194 0.167011 -0.135159 -0.212990 -0.208899 -0.380153 -0.069441 0.030220 0.113538 -0.039847 0.045808 0.038691 0.507068 0.421631 0.326351 0.335497 0.073761 0.078541 0.228143 -0.360408 -0.368607 -0.096169 0.048146 0.044346 -0.178781 0.045379 0.075842 0.107592 -0.301064 -0.110354 -0.057240 -0.237408 -0.293805 -0.019163 -0.286955 -0.130801 -0.214846 -0.257132 0.008904 0.246793 0.364410 0.049679 0.007974 0.039777 -0.225357 -0.114865
-0.393206 0.058641 0.016451 -0.111333 0.489273 0.423065 -0.021894 0.003672 0.202654 0.281471 0.054621 -0.311272 -0.169323 -0.149729 0.137284 0.258090 -0.294025 -0.397690 -0.417532 0.387349 0.298523 0.432659 0.135600 0.250504 0.275628 0.273040 1.000000 0.367768 -0.541115 -0.386990 -0.165886 -0.094317 -0.217923 -0.272531 0.016510 0.087413 -0.632808 -0.259930 0.200081 -0.143626 -0.211090 0.093028 -0.260605 -0.250417 0.162937 0.366269 -0.328323 -0.159466 0.092819 0.300612 0.162906 0.099601 -0.151164 0.171507 -0.098690 -0.254719 -0.252947 -0.103354 0.151894 0.450734 -0.214384 -0.029336 -0.496912 -0.080617 0.045265 -0.070361 0.173746 0.479434 0.200140 0.357736 -0.033995 0.045865 -0.522075 -0.197061 -0.268798 -0.230644 -0.339559 -0.269494 -0.445493 -0.435559 -0.472321 -0.461829 0.234682 0.210144 -0.197070 -0.251193 0.261883 0.368014 0.207517 0.041237 0.299228 0.523564 0.489025 0.503015 -0.168908 -0.357511 -0.234938 -0.332585 -0.241978 -0.352946 0.360234 0.343417 0.229331 0.269369 0.092993 0.172197 0.089842 0.243762 -0.334450 -0.257442 0.016350 -0.153631 -0.229779 -0.227517 -0.075699 -0.278684
-0.423686 -0.206677 0.223289 0.084414 -0.088284 -0.133280 -0.042766 -0.312835 -0.048601 -0.151424 -0.322973 -0.419225 -0.398256 -0.479467 -0.137202 -0.161239 -0.205036 -0.300868 -0.118309 -0.349375 0.037411 0.234466 0.532051 0.541538 0.471554 0.481840 0.367768 1.000000 -0.344221 -0.386581 0.021055 -0.002607 0.061942 0.024851 0.423517 0.497710 -0.104371 -0.078893 0.200584 0.151790 0.237729 0.110074 -0.199357 0.026559 -0.100197 0.211399 0.126515 0.024684 -0.185582 -0.141206 0.221220 -0.213193 -0.222167 -0.252068 0.256039 0.100762 -0.313877 0.052985 -0.027773 0.135055 -0.312822 -0.372604 -0.452854 -0.100273 0.018122 -0.127147 0.360572 0.360133 0.022297 0.045909 -0.094830 -0.227537 -0.394996 -0.246415 -0.238626 -0.420700 -0.048884 0.049554 -0.017479 0.070797 -0.144987 -0.150231 0.470179 0.479350 0.140875 -0.032838 0.225597 0.203329 0.622279 0.161362 0.010793 0.225850 0.273565 0.313026 -0.277199 -0.010480 0.191347 0.075508 0.100182 0.051511 0.027624 -0.147791 -0.204210 0.054936 -0.119360 -0.238684 -0.089531 -0.232640 -0.001448 0.323511 0.435033 0.215729 0.098031 0.030026 -0.291809 -0.121000
0.228774 -0.444526 0.017464 0.129585 -0.296534 -0.187871 0.143700 -0.198421 -0.079267 -0.109467 0.296400 0.166283 0.572279 0.308306 0.239286 -0.016858 0.408273 0.328184 0.366545 -0.168681 -0.213376 -0.307412 0.055056 -0.104875 -0.016357 -0.086037 -0.541115 -0.344221 1.000000 0.659588 0.509728 0.387153 0.165886 0.130889 -0.109416 -0.270875 0.511645 0.196405 -0.142876 -0.193860 0.052022 -0.009943 0.053597 0.142219 -0.016556 -0.283206 0.119264 0.027392 -0.026255 -0.159365 -0.085132 -0.113653 -0.024219 0.009307 -0.174797 -0.051757 -0.117595 -0.363109 -0.325180 -0.429329 0.059398 -0.251667 0.273195 -0.129699 -0.188113 -0.369856 -0.310869 -0.504444 -0.221641 -0.269593 0.354170 0.295495 0.752810 0.259943 0.361135 0.352194 0.264090 0.072697 0.263972 0.408103 0.548474 0.434541 -0.068262 -0.161471 0.264053 0.043388 -0.287390 -0.145776 -0.382176 -0.441876 -0.574973 -0.491660 -0.395621 -0.432681 0.075768 0.499510 0.023228 0.276676 -0.116277 0.157827 -0.133550 -0.208467 -0.153965 -0.201335 -0.174468 -0.038475 -0.331869 -0.198134 0.351328 0.293944 -0.212753 -0.032869 0.035646 0.226384 0.049908 0.347605
-0.000477 -0.345134 -0.061164 0.096922 -0.082987 -0.151327 -0.053776 -0.077554 0.012488 -0.101466 0.171341 0.311761 0.270642 0.423998 0.296033 0.285141 0.305671 0.200149 0.192169 -0.034170 0.130431 0.020084 0.087754 0.011975 0.148282 0.037571 -0.386990 -0.386581 0.659588 1.000000 0.532467 0.461157 0.145070 0.116487 -0.111791 -0.239722 0.409633 0.404623 -0.013156 0.034280 0.135198 0.271190 0.056263 0.058966 0.040065 -0.340183 0.091900 0.020605 0.038981 -0.100365 0.011095 -0.183322 -0.169639 0.114793 -0.106890 0.151977 -0.225196 -0.341806 -0.254396 -0.422303 -0.086763 -0.165168 0.078189 -0.197620 -0.107977 -0.367254 -0.332262 -0.575951 -0.356244 -0.306966 0.330011 0.423861 0.610542 0.451610 0.240948 0.359936 0.091372 0.001672 0.098110 0.228815 0.398924 0.335495 0.037993 -0.127382 0.279197 0.119878 -0.187142 -0.096361 -0.338137 -0.439145 -0.429772 -0.483472 -0.430225 -0.488863 0.012767 0.329262 0.076476 0.119071 -0.000260 0.108427 -0.151276 -0.338640 -0.116760 -0.185591 -0.038412 0.224731 -0.070504 0.084199 0.022464 0.079286 -0.268207 -0.032739 0.172300 0.077209 0.156115 0.303588
-0.216545 -0.585238 0.299696 0.303145 -0.193500 -0.188516 0.321415 -0.235820 -0.070339 -0.294973 0.138491 0.001318 0.145406 0.110331 0.288595 0.094740 0.058445 -0.238376 0.097725 -0.232023 0.073612 -0.009928 0.645876 0.531741 0.535106 0.463572 -0.165886 0.021055 0.509728 0.532467 1.000000 0.854640 0.142745 0.334477 0.277414 0.115365 0.282503 0.242365 -0.073256 -0.131648 0.221046 0.240301 0.181664 0.214936 0.051034 -0.145893 0.072064 -0.084974 -0.229757 -0.250048 0.265814 -0.269977 -0.418171 -0.120710 -0.359783 -0.042024 -0.429042 -0.427745 -0.465958 -0.512138 -0.307261 -0.353500 -0.107521 -0.361475 0.018916 -0.505471 -0.299231 -0.392621 -0.400275 -0.227809 0.422428 0.517323 0.501993 0.299018 0.213836 0.156213 0.085161 -0.026168 0.214011 0.107382 0.224955 0.077967 0.181446 -0.023511 0.353357 0.080472 0.000230 0.040372 -0.186931 -0.501310 -0.638152 -0.439818 -0.323105 -0.407030 -0.017551 0.245206 0.070028 0.103015 -0.171378 -0.019225 -0.303149 -0.496551 -0.375693 -0.157868 -0.110193 0.134427 -0.179369 -0.024676 0.144673 0.131755 -0.052785 -0.123466 -0.053860 0.152287 0.142948 0.275131
-0.308046 -0.499009 0.122798 0.258017 -0.143743 -0.052473 0.203897 -0.028413 -0.036121 -0.173752 0.184840 0.219048 0.047649 0.157031 0.255213 0.169470 -0.036201 -0.245222 -0.106608 -0.151028 0.159978 0.162833 0.554851 0.677184 0.489671 0.544368 -0.094317 -0.002607 0.387153 0.461157 0.854640 1.000000 0.073549 0.351972 0.292208 0.097662 0.077045 0.156953 -0.137303 -0.203647 0.106846 0.117959 0.112583 0.130110 0.136698 -0.017434 0.031113 -0.152209 -0.284656 -0.222503 0.261229 -0.296018 -0.407166 -0.171344 -0.452976 -0.117534 -0.427652 -0.434144 -0.350866 -0.405140 -0.429250 -0.333781 -0.166388 -0.368049 0.144931 -0.305015 -0.264817 -0.317260 -0.432154 -0.284211 0.283284 0.427261 0.332927 0.165656 0.061150 0.100672 -0.106907 -0.080621 0.078766 -0.004781 0.207368 0.041073 0.205835 0.048914 0.333445 0.222293 0.055219 0.144864 -0.149529 -0.448127 -0.537817 -0.371391 -0.207154 -0.356224 -0.036115 0.103836 -0.030609 -0.010512 -0.194586 -0.173843 -0.173742 -0.438350 -0.280043 -0.188227 -0.115318 0.029297 -0.189122 0.045118 0.039587 0.037629 -0.097894 -0.182759 -0.103444 0.012276 0.043350 0.178587
-0.087270 -0.100332 0.429553 0.089891 -0.281332 -0.301444 0.068324 -0.237909 -0.415210 -0.375625 -0.413443 -0.214847 -0.229442 -0.420887 -0.194881 -0.231200 -0.117764 -0.055278 0.323407 -0.245551 0.007480 0.124038 0.219438 0.115708 0.232299 0.185052 -0.217923 0.061942 0.165886 0.145070 0.142745 0.073549 1.000000 0.677074 0.250111 0.174008 0.482158 0.133702 0.121179 0.109860 0.286890 0.172812 -0.211808 0.058849 -0.073764 -0.116157 0.019925 -0.038597 -0.198542 -0.351563 -0.158209 -0.336794 -0.179905 -0.451927 -0.125295 -0.253669 -0.025740 -0.032953 -0.400414 -0.303147 -0.129543 -0.215583 0.048411 -0.128844 0.127475 -0.228677 0.402458 0.147387 0.289699 0.147627 -0.011849 -0.246851 0.145684 0.031687 0.102647 -0.149563 0.021207 0.032710 -0.000740 0.225778 0.442322 0.406313 0.231344 0.075265 0.274094 0.279479 -0.095976 -0.116410 -0.079987 -0.314685 -0.386897 -0.156624 -0.107707 0.221337 -0.175772 0.003305 0.068249 0.036341 -0.205141 -0.027623 -0.134655 0.115673 -0.053883 0.060139 -0.118499 -0.139030 -0.036485 -0.295765 -0.084257 0.040128 0.196791 0.026737 0.026743 -0.078043 -0.268695 -0.082898
-0.096693 -0.056453 0.294438 0.460416 -0.295785 -0.214536 0.125322 0.061179 -0.266012 -0.242420 -0.312708 0.103804 -0.224804 -0.255527 -0.178270 -0.145764 -0.054348 0.012498 0.177579 -0.265471 -0.027916 -0.098656 0.284317 0.361009 0.124437 0.267932 -0.272531 0.024851 0.130889 0.116487 0.334477 0.351972 0.677074 1.000000 0.296805 0.235169 0.222351 0.157069 -0.083020 -0.023725 0.157068 0.001817 -0.089252 -0.013208 -0.085694 -0.143222 -0.020607 -0.150634 -0.259359 -0.416400 -0.091966 -0.331483 -0.258984 -0.478977 -0.363119 -0.213100 -0.094168 -0.063746 -0.374373 -0.368664 -0.065372 -0.031419 0.262376 0.017208 0.359716 0.077858 0.008434 -0.013914 0.027919 -0.134264 -0.033805 -0.157795 0.216533 -0.076269 0.096495 -0.160809 0.015812 0.158404 0.131120 0.223489 0.349464 0.301173 0.178259 0.070928 0.183813 0.283514 0.008482 0.007266 -0.163196 -0.151705 -0.336828 -0.261299 -0.102009 -0.017418 -0.078496 0.022489 -0.020527 0.033593 -0.286179 0.027249 -0.174178 -0.074447 -0.202730 -0.114277 -0.210510 -0.266010 -0.153952 -0.224771 0.009034 0.092671 0.116642 -0.061620 -0.040316 -0.094883 -0.206484 -0.150030
-0.232241 -0.326598 0.264842 0.230840 -0.417842 -0.002554 0.113832 -0.122175 -0.151135 -0.147334 -0.174125 -0.027186 -0.360767 -0.245428 -0.172767 -0.154161 -0.305579 -0.340375 -0.145661 -0.622327 0.008370 0.126572 0.530716 0.530287 0.523048 0.591952 0.016510 0.423517 -0.109416 -0.111791 0.277414 0.292208 0.250111 0.296805 1.000000 0.808680 0.311603 0.144016 0.077665 0.258340 0.261594 0.232270 0.204032 0.441054 -0.021857 0.167304 0.305519 0.257001 -0.130687 -0.278842 0.332448 -0.160236 -0.465490 -0.513725 0.132980 0.127398 -0.405299 -0.267245 -0.369529 -0.303097 -0.377707 -0.467870 -0.126762 -0.341363 0.140635 0.028156 0.280782 0.280051 -0.311848 -0.145857 -0.054864 0.008873 -0.104948 -0.136362 -0.071079 -0.089234 0.130470 0.265220 0.244290 0.053581 0.127019 0.103869 0.171189 0.092042 0.195779 0.367979 0.063715 -0.156837 0.202000 -0.099575 -0.283656 -0.313534 -0.175207 -0.094801 0.105625 0.106730 0.467852 0.252655 0.079829 -0.010452 -0.234226 -0.319703 -0.294350 -0.136721 -0.056271 -0.170472 -0.173592 -0.298293 0.185822 0.150836 0.543099 0.121642 0.104129 0.272453 -0.111877 0.143433
-0.352915 -0.183384 0.317013 0.189100 -0.167188 -0.077396 0.126382 -0.036049 -0.140359 -0.204700 -0.227996 -0.097379 -0.465732 -0.341044 -0.324511 -0.194814 -0.409403 -0.293093 -0.165542 -0.621277 0.040015 0.096434 0.514087 0.469444 0.419352 0.511891 0.087413 0.497710 -0.270875 -0.239722 0.115365 0.097662 0.174008 0.235169 0.808680 1.000000 0.160426 -0.151581 0.041509 0.139791 0.381431 0.075842 0.091088 0.248058 -0.057853 0.285175 0.225434 0.111958 -0.201463 -0.284731 0.150354 -0.149715 -0.331541 -0.398905 0.178959 0.093525 -0.357688 -0.135518 -0.375989 -0.142643 -0.273710 -0.346939 -0.175601 -0.272407 0.168428 0.102842 0.338654 0.472155 -0.187980 0.071947 -0.133560 -0.049427 -0.258271 -0.296906 -0.234100 -0.289780 0.066439 0.286859 0.169025 0.014711 0.034782 0.079344 0.263331 0.348287 0.042491 0.216744 0.112934 -0.157808 0.400038 0.050967 -0.124947 -0.085444 0.083354 0.123684 -0.121088 -0.073477 0.204624 0.149217 -0.023742 -0.018242 -0.152673 -0.239671 -0.313393 -0.137663 -0.145287 -0.185294 -0.040332 -0.285547 0.052722 0.179328 0.496893 0.165950 -0.015963 0.120503 -0.185068 -0.087376
