1.000000 0.492036 0.001057 -0.397865 -0.443369 -0.435480 -0.421015 -0.419806 -0.483566 -0.147671 0.188633 0.116826 0.013489 0.012794 -0.109022 -0.168844 0.282878 0.152141 0.074170 0.283391 -0.487254 -0.444909 -0.053012 -0.340140 -0.170903 -0.270864 -0.338438 -0.266681 -0.091718 -0.132088 -0.566088 -0.591297 0.143564 -0.219758 -0.141069 -0.173791 0.069871 0.034300 -0.305236 -0.170172 -0.329567 -0.222315 -0.277462 -0.267094 -0.235880 -0.109756 -0.189800 -0.297086 0.145275 -0.216249 0.220857 0.012540 0.213171 -0.159133 -0.086251 -0.203931 0.382229 0.218884 0.301844 0.113398 0.112677 0.184611 0.130901 0.134032 -0.224066 0.173299 0.029166 -0.033146 0.327839 0.122105 -0.169689 -0.347504 0.012066 0.062523 0.392429 -0.010616 0.555177 0.181462 0.023508 0.124185 0.033352 0.131078 -0.399440 -0.368380 -0.075959 -0.080909 -0.020399 -0.185978 0.407182 0.174668 0.214001 0.152723 0.198698 0.089646 -0.348033 -0.044747 -0.074844 -0.202112 0.199099 0.040928 0.230122 0.155191 0.259470 0.346537 0.415152 0.270749 0.177507 0.026323 -0.195308 -0.154268 -0.010453 -0.247768 0.080212 -0.002396 0.056651 -0.077358
0.492036 1.000000 -0.470111 -0.282362 -0.274403 -0.017592 -0.263098 -0.066637 -0.487752 -0.218163 0.214714 0.141259 -0.230386 0.230172 -0.429062 -0.002109 0.409551 0.426590 0.261695 0.604198 -0.282871 -0.246454 -0.639308 -0.593041 -0.531674 -0.516607 -0.316949 -0.236899 -0.013195 0.184506 -0.639778 -0.694915 0.329966 0.069527 -0.178172 -0.313053 0.008489 0.119256 -0.234709 -0.098208 -0.161845 0.102740 -0.404383 -0.393396 -0.223959 -0.134104 -0.368698 -0.304904 -0.143895 -0.126389 -0.414456 -0.102864 -0.044699 -0.307323 0.051474 -0.165439 0.041357 0.277428 0.361162 0.522646 0.411472 0.575244 0.424779 0.511714 0.034174 0.226613 0.197073 -0.051673 0.241492 0.070867 -0.435867 -0.224726 0.265545 0.192045 0.226513 0.050907 0.184609 0.022920 0.154859 0.259539 0.201479 0.235598 -0.484111 -0.106359 -0.369054 -0.248463 0.073191 -0.047872 -0.039139 0.076371 0.253797 0.135528 0.202710 -0.046841 -0.313008 0.025122 -0.265876 -0.042967 0.293947 -0.061142 0.401195 0.269872 0.610531 0.453111 0.410677 0.194529 0.213815 -0.035927 -0.284521 0.009467 -0.039370 -0.049985 0.132455 -0.115333 0.062979 -0.100653
0.001057 -0.470111 1.000000 -0.258228 0.341369 0.023200 0.355580 0.117578 0.410718 0.337824 -0.218962 -0.040758 0.339245 0.042552 0.381427 0.011020 -0.572362 -0.335083 -0.366380 -0.487270 0.133562 0.084518 0.627226 0.318802 0.580549 0.403103 0.302572 0.273574 -0.360019 -0.310433 0.195763 0.168872 -0.374520 -0.095449 0.138442 0.412349 -0.230516 -0.205973 -0.046223 -0.043599 -0.219194 -0.058707 0.014574 0.177153 0.070678 0.226752 -0.216777 -0.159355 0.296505 -0.188780 0.660030 0.013936 0.203425 0.063948 -0.268012 -0.365204 -0.183326 -0.309057 -0.196857 -0.291707 -0.305772 -0.273420 -0.322574 -0.370333 -0.015573 0.153602 0.009919 0.326341 -0.076272 0.014062 0.191177 -0.213865 -0.578962 -0.320383 -0.161122 -0.208874 -0.189314 -0.093402 -0.005966 -0.177306 -0.177113 -0.042951 -0.074122 -0.377742 0.289945 0.187900 -0.288938 -0.284797 0.365527 -0.083399 -0.252630 -0.231472 0.140276 0.265797 0.262657 -0.138793 0.125732 -0.160753 -0.515491 -0.249965 -0.289234 -0.133885 -0.406041 -0.270814 -0.269671 -0.209464 -0.307732 0.047460 0.271213 -0.015813 0.154545 -0.265008 -0.441235 0.014891 -0.300942 0.032250
-0.397865 -0.282362 -0.258228 1.000000 0.193228 0.323109 -0.035324 0.091161 0.176680 0.114381 0.043715 0.358331 -0.018876 -0.074916 0.063561 0.119637 -0.101097 -0.298941 0.061349 0.098641 0.231840 0.197844 0.104453 0.486683 0.032281 0.234742 0.279310 0.238806 0.083411 -0.074057 0.306858 0.386288 -0.186457 -0.391201 0.091143 -0.232175 -0.054777 -0.172898 0.247167 0.138952 0.104316 -0.185544 0.231231 0.181308 0.153282 -0.111013 0.525020 0.274286 0.022303 0.257691 0.012284 0.217752 -0.012611 0.396913 0.383505 0.564205 -0.057653 -0.245776 -0.251446 -0.443035 -0.312456 -0.504161 -0.374450 -0.421204 -0.097096 -0.315132 -0.399076 -0.204364 -0.361293 -0.240253 0.150671 0.300895 -0.094572 -0.118016 -0.449874 0.025121 -0.279307 -0.032124 -0.354395 -0.273966 -0.413336 -0.480636 0.393461 0.635270 0.250476 0.284951 0.092949 0.469589 -0.151576 0.369252 0.237007 0.239150 0.129102 0.044966 0.075420 -0.038199 -0.042175 0.241698 0.224854 0.257409 0.047908 -0.259868 -0.367007 -0.323480 -0.237505 -0.078209 -0.103247 -0.076460 -0.164169 0.125996 -0.217159 -0.006975 0.261430 0.122536 0.037267 0.018491
-0.443369 -0.274403 0.341369 0.193228 1.000000 0.518486 0.537160 0.517600 0.632465 0.285172 -0.070817 0.217854 0.167357 0.249508 0.189325 0.348629 -0.317633 0.025962 -0.151044 -0.146372 0.641333 0.434449 -0.058732 0.189819 0.039096 0.068335 0.419756 0.205624 0.109177 0.184194 0.363528 0.384390 -0.350937 0.019074 -0.206593 -0.163491 -0.057366 -0.120003 -0.029652 -0.016665 0.101583 0.236433 -0.047422 -0.164269 0.033613 -0.220092 -0.121321 -0.107927 -0.013416 -0.009802 -0.117860 -0.129690 0.078165 0.049054 0.064162 -0.046702 -0.273694 -0.292841 -0.184219 -0.350226 0.063642 -0.229957 -0.195338 -0.128899 0.480782 -0.154122 -0.059800 -0.138833 -0.208369 -0.032534 0.069449 0.316292 -0.096501 -0.117884 -0.284509 0.111847 -0.311126 -0.309312 -0.021598 -0.109979 -0.135214 -0.124135 -0.123614 0.178416 0.045514 -0.088470 -0.234353 -0.005875 -0.154375 -0.237787 -0.203689 -0.241482 -0.069593 0.072316 0.101675 0.077443 -0.057699 0.095026 -0.306515 -0.030993 -0.134225 0.103975 -0.348226 -0.116403 -0.151740 -0.139899 0.046078 0.058467 -0.203388 0.365333 0.163833 -0.042356 -0.281141 0.046339 -0.165257 -0.175478
-0.435480 -0.017592 0.023200 0.323109 0.518486 1.000000 0.035203 0.341318 0.152829 0.452372 -0.114170 0.263092 -0.265170 0.313263 -0.143496 0.289843 -0.363797 -0.209399 -0.127206 0.150750 0.534517 0.543652 -0.162924 0.235827 0.072814 0.298461 0.574815 0.537718 -0.265513 -0.077442 0.061848 0.151579 -0.217804 -0.058071 -0.118267 -0.235662 -0.152286 -0.123332 0.082183 0.092257 -0.104450 0.265192 -0.086254 0.012658 -0.124828 -0.179996 -0.012736 0.171585 -0.125639 -0.211719 -0.102789 0.065652 0.045733 0.197141 0.229146 0.027209 -0.125372 -0.202759 -0.063441 -0.085179 -0.019666 -0.122193 0.043729 -0.090586 -0.010943 -0.058824 0.018876 -0.028030 0.047093 0.146514 -0.011325 0.114376 -0.190941 -0.175830 -0.283127 -0.035852 -0.285732 -0.267688 -0.024928 -0.124421 -0.051766 -0.307814 -0.042121 0.239472 0.021632 -0.119612 0.145029 0.327486 -0.157432 0.015853 -0.011332 0.060459 0.200380 -0.119010 0.062436 0.049381 -0.034932 0.176018 -0.158994 -0.056042 -0.247414 -0.196219 -0.267366 -0.164434 -0.009035 -0.085725 0.169264 0.070507 -0.232009 0.103948 0.161037 -0.078219 -0.277883 -0.093667 -0.076850 -0.074822
-0.421015 -0.263098 0.355580 -0.035324 0.537160 0.035203 1.000000 0.717256 0.520394 0.210971 0.172913 0.112868 0.583862 0.391935 0.400238 0.398125 -0.086574 0.258750 -0.103243 -0.307099 0.295098 -0.052816 -0.034312 -0.012779 -0.144783 -0.168521 -0.176576 -0.281859 0.393130 0.378282 0.504986 0.396856 -0.131916 0.289974 -0.098404 0.306154 -0.045091 -0.196221 -0.001202 -0.259119 0.293742 0.120228 0.018733 -0.204440 0.246889 0.017394 -0.212043 -0.340421 -0.128211 0.042894 -0.170574 -0.360972 -0.212886 -0.173922 -0.229978 -0.201190 -0.583499 -0.249046 -0.323878 -0.312772 0.222481 0.159099 -0.154625 0.067021 0.761147 0.167090 -0.271442 -0.114602 -0.492560 -0.212091 0.230338 0.418568 0.104962 0.033585 -0.173634 0.145089 -0.352785 -0.086798 0.022229 -0.004483 -0.044551 0.268452 -0.072078 0.038049 -0.100895 -0.117972 -0.510373 -0.416226 -0.190580 -0.410402 -0.264196 -0.429313 -0.034874 0.083338 0.049874 -0.172321 -0.200967 -0.206363 -0.214624 -0.157339 -0.041207 0.030052 -0.267879 -0.232670 -0.445188 -0.211746 -0.271606 -0.119217 0.199959 0.089989 -0.120555 -0.044177 -0.290782 -0.080585 -0.130534 -0.030779
-0.419806 -0.066637 0.117578 0.091161 0.517600 0.341318 0.717256 1.000000 0.255891 0.417539 0.132386 0.300693 0.322266 0.662675 0.268639 0.557579 -0.180089 0.149266 -0.239133 -0.121181 0.314643 0.066940 -0.259440 -0.077760 -0.380467 -0.242518 -0.082424 -0.207169 0.135469 0.361823 0.187822 0.260904 -0.155156 0.263074 -0.350988 0.048942 -0.086739 -0.201946 0.103710 -0.077550 0.238899 0.259987 0.063015 -0.203270 0.162139 0.001313 -0.136516 -0.184483 -0.143152 0.113192 -0.273763 -0.258609 -0.111153 -0.081548 -0.109523 -0.089922 -0.435457 -0.210179 -0.311487 -0.152359 0.180983 0.190708 -0.250866 0.040918 0.634001 0.284219 -0.282419 -0.157940 -0.292301 0.021349 0.027609 0.398675 0.067028 0.106966 -0.153620 0.092500 -0.424854 -0.053112 0.059219 -0.059438 -0.007222 0.166140 -0.039876 0.082524 -0.152446 -0.168825 -0.333895 -0.259718 -0.284361 -0.412985 -0.150191 -0.265037 0.158815 -0.059640 -0.003287 -0.125268 -0.296708 -0.120102 -0.127408 0.031304 0.175127 -0.126856 -0.131497 -0.191058 -0.255192 -0.187277 -0.141182 -0.112789 0.060023 0.065538 -0.137201 0.052686 -0.173065 -0.020415 -0.125325 -0.122021
-0.483566 -0.487752 0.410718 0.176680 0.632465 0.152829 0.520394 0.255891 1.000000 0.164195 -0.099629 -0.058669 0.371144 -0.015188 0.394744 0.092236 -0.422689 -0.136821 -0.193743 -0.412902 0.195730 0.107128 0.320633 0.358343 0.282362 0.152749 0.184670 0.111643 0.081099 -0.059575 0.470131 0.535106 -0.359485 -0.018155 0.034478 -0.002142 -0.310321 -0.128720 -0.023466 -0.104254 -0.028759 -0.138383 0.203744 0.117347 0.207148 -0.032497 0.087200 0.048760 0.087915 0.241505 0.065187 0.003667 0.144666 0.147524 -0.044158 -0.011184 -0.253961 -0.144662 -0.100377 -0.260689 -0.088020 -0.179314 -0.280620 -0.173228 0.219521 -0.242574 -0.068039 -0.049358 -0.315965 -0.177994 0.224152 0.233698 -0.324850 -0.247107 -0.441116 0.124355 -0.220339 -0.154103 -0.149880 -0.126841 -0.263956 -0.188434 0.209033 0.007654 0.115571 -0.075080 -0.314300 -0.116803 -0.007331 -0.248147 -0.090066 -0.008611 -0.144914 0.308312 0.097094 -0.113441 -0.178840 -0.209967 -0.070992 0.033692 -0.212185 0.199682 -0.305575 -0.117604 -0.181662 -0.156893 -0.163152 -0.045551 0.040729 0.077885 -0.100321 0.090159 -0.127743 0.009656 -0.205804 -0.175661
-0.147671 -0.218163 0.337824 0.114381 0.285172 0.452372 0.210971 0.417539 0.164195 1.000000 0.030679 0.490960 0.186461 0.518220 0.348995 0.580432 -0.392948 -0.198759 -0.543723 -0.045194 0.354779 0.247933 0.059114 0.371584 0.104223 0.332277 0.183013 0.086329 -0.295083 -0.179273 0.074473 0.188307 -0.217359 -0.034635 -0.194451 0.123922 -0.236547 -0.269142 -0.020801 -0.012317 -0.010143 0.071060 -0.066580 -0.034553 -0.089129 -0.096564 0.116182 0.010367 0.031820 -0.183298 0.201537 0.062795 0.219188 0.240237 -0.152150 -0.213743 -0.023279 -0.278053 -0.063150 -0.275055 -0.141115 -0.182845 -0.308905 -0.270885 0.061538 0.182771 -0.193916 -0.157923 0.128259 0.210352 0.245362 0.145912 -0.330147 -0.231704 -0.234607 0.088303 -0.270085 0.026372 -0.176120 -0.311167 -0.235138 -0.268726 0.014678 0.094953 -0.015573 0.027395 -0.290046 -0.017525 -0.009858 -0.094733 -0.004563 0.005299 0.419467 -0.055031 0.037457 0.001457 -0.055209 -0.158587 -0.378138 -0.140374 -0.104322 -0.159430 -0.388230 -0.304004 -0.069752 -0.195124 0.020001 -0.126835 -0.008230 0.059572 0.107387 -0.319807 -0.326625 0.022863 -0.239817 -0.201354
0.188633 0.214714 -0.218962 0.043715 -0.070817 -0.114170 0.172913 0.132386 -0.099629 0.030679 1.000000 0.144651 0.298486 0.130550 0.257773 0.141121 0.221018 0.191550 0.191144 0.315722 -0.044021 -0.058093 -0.103948 -0.017507 -0.399361 -0.245251 -0.207781 -0.179611 0.529826 0.187926 0.098080 0.065881 0.037391 -0.051839 -0.227058 -0.169615 0.022144 0.077791 0.010480 -0.008824 -0.090136 -0.105240 0.163064 -0.082058 0.161141 -0.206912 0.112086 -0.068643 -0.158846 0.161691 -0.262092 -0.223978 -0.175016 -0.306686 0.061075 0.118323 -0.128954 0.123019 -0.227562 -0.169767 0.114092 0.224908 0.089966 0.222554 0.358569 -0.154466 -0.315130 -0.362127 -0.224732 -0.245133 -0.030419 0.226215 0.174375 -0.149007 -0.040069 -0.063844 -0.129149 -0.134463 -0.049830 0.181204 0.066912 0.191518 0.004397 0.061607 0.064053 -0.044801 -0.331311 -0.329549 -0.040350 0.068862 -0.027669 -0.064586 -0.087789 -0.333049 -0.118544 -0.179118 -0.070795 -0.082291 0.338846 0.009140 -0.052784 0.081529 0.005281 -0.046143 -0.036498 -0.243445 -0.218199 -0.167232 0.114171 -0.069480 -0.263526 -0.095544 0.127608 -0.277215 -0.013675 -0.123310
0.116826 0.141259 -0.040758 0.358331 0.217854 0.263092 0.112868 0.300693 -0.058669 0.490960 0.144651 1.000000 0.321054 0.675230 0.234240 0.574205 -0.088578 -0.029593 -0.365808 0.159165 0.268999 0.005605 -0.150375 0.179202 -0.209697 0.030074 0.013848 -0.055055 0.016558 0.034600 -0.077282 0.027483 -0.277601 -0.248602 -0.280690 -0.063135 -0.034321 -0.235724 0.059580 -0.006276 0.081054 -0.103963 -0.218144 -0.208128 -0.168701 -0.226012 0.139722 -0.135998 0.020532 -0.088574 0.131067 0.104058 0.148835 0.237514 0.240171 0.192678 -0.018277 -0.361284 -0.069471 -0.483918 -0.092821 -0.233305 -0.401888 -0.344646 0.163457 0.208285 -0.491831 -0.367906 -0.098306 -0.051765 0.060734 0.243811 -0.079913 -0.072507 -0.183001 0.092318 -0.140593 0.085111 -0.183966 -0.328588 -0.337574 -0.327195 -0.180348 0.316519 -0.041558 0.261427 -0.087410 0.158118 -0.123628 0.275216 0.177573 0.028472 0.530717 -0.127747 -0.146840 -0.117781 -0.049405 0.112788 -0.132588 0.091376 0.288214 -0.155280 -0.281842 -0.150156 0.033069 0.057442 0.047894 -0.045048 -0.173681 0.117373 -0.201261 -0.421811 -0.163205 0.130831 -0.000001 -0.034913
0.013489 -0.230386 0.339245 -0.018876 0.167357 -0.265170 0.583862 0.322266 0.371144 0.186461 0.298486 0.321054 1.000000 0.379289 0.766304 0.312825 -0.196477 0.069170 -0.296022 -0.241500 0.001220 -0.276659 0.302579 0.174340 0.031532 -0.013939 -0.145636 -0.298747 0.264931 0.066555 0.237648 0.201001 -0.395462 0.005941 -0.053317 0.462674 -0.149917 -0.258388 -0.127076 -0.281965 0.150391 -0.148809 0.086366 -0.029004 0.252651 0.110448 -0.013737 -0.223107 0.045866 0.114517 0.231489 -0.220146 -0.012421 -0.074725 -0.137403 -0.071384 -0.412594 -0.239476 -0.303657 -0.511339 -0.081540 0.012981 -0.394411 -0.176393 0.389433 0.165088 -0.548856 -0.134158 -0.462782 -0.321433 0.424376 0.318219 -0.109654 -0.017944 -0.131912 0.123063 -0.201559 0.024348 -0.158735 -0.158948 -0.243514 0.065113 0.109873 -0.025625 -0.084876 0.092423 -0.571359 -0.394340 0.086748 -0.052049 -0.137594 -0.283351 0.137776 0.157532 -0.199372 -0.244161 -0.157682 -0.370385 -0.040497 -0.231447 0.060785 -0.002677 -0.281704 -0.253016 -0.152526 -0.048001 -0.203225 -0.258892 0.087837 -0.098821 -0.288757 -0.274710 -0.252086 -0.171653 -0.155595 -0.156265
0.012794 0.230172 0.042552 -0.074916 0.249508 0.313263 0.391935 0.662675 -0.015188 0.518220 0.130550 0.675230 0.379289 1.000000 0.168685 0.680433 -0.094309 0.231547 -0.433628 0.029809 0.156734 -0.163958 -0.362445 -0.158955 -0.395678 -0.182468 -0.156535 -0.227625 -0.000617 0.312724 -0.136073 -0.010400 -0.175552 0.214788 -0.373238 0.103155 -0.063483 -0.235675 0.009812 -0.150065 0.139941 0.149793 -0.255367 -0.369893 -0.119988 -0.163838 -0.250874 -0.331459 -0.159732 -0.195399 -0.136534 -0.202796 0.052269 -0.062045 -0.036956 -0.185512 -0.211951 -0.197221 -0.093563 -0.156113 0.256900 0.258804 -0.071087 0.104276 0.394471 0.468242 -0.283337 -0.271357 -0.017909 0.142604 -0.030790 0.296562 0.043494 0.105378 -0.039964 0.155808 -0.144531 0.127352 0.039559 -0.062252 -0.054355 0.094415 -0.303742 -0.015978 -0.333076 -0.157384 -0.229009 -0.152963 -0.162899 -0.212908 -0.015897 -0.155371 0.416130 -0.138420 -0.226311 -0.183220 -0.200109 -0.136469 -0.188946 -0.044006 0.265374 -0.064858 -0.017728 0.023566 0.012392 0.062943 0.003511 -0.037020 -0.063864 -0.037215 -0.126646 -0.307463 -0.333717 -0.019338 0.045651 -0.041569
-0.109022 -0.429062 0.381427 0.063561 0.189325 -0.143496 0.400238 0.268639 0.394744 0.348995 0.257773 0.234240 0.766304 0.168685 1.000000 0.339811 -0.408424 -0.203947 -0.389836 -0.211685 0.201798 0.135978 0.488286 0.446152 0.227296 0.260908 0.150023 -0.034677 0.090961 -0.172424 0.290514 0.354088 -0.331828 0.012846 -0.144544 0.305280 -0.218084 -0.268024 -0.032240 -0.114857 0.004399 -0.105191 0.224209 0.169401 0.177476 0.069314 0.178853 0.064768 0.033436 0.157674 0.335143 -0.049105 0.107917 0.143373 -0.191399 -0.064172 -0.238958 -0.153181 -0.360926 -0.483569 -0.298649 -0.180683 -0.578809 -0.360591 0.240180 -0.053964 -0.468618 -0.118756 -0.284390 -0.155520 0.472843 0.124273 -0.234379 -0.194600 -0.141297 -0.095837 -0.308070 -0.100757 -0.160533 -0.194784 -0.264611 -0.127536 0.387627 0.114744 0.012723 0.113451 -0.424442 -0.248109 0.135168 -0.048200 -0.133245 -0.181242 0.061431 0.045627 -0.019350 -0.203521 -0.023629 -0.319404 -0.123391 -0.210269 -0.127542 -0.137907 -0.430619 -0.433958 -0.107914 -0.278930 -0.145151 -0.263054 0.116479 -0.039658 -0.111825 -0.184096 -0.243572 -0.222241 -0.358404 -0.299567
-0.168844 -0.002109 0.011020 0.119637 0.348629 0.289843 0.398125 0.557579 0.092236 0.580432 0.141121 0.574205 0.312825 0.680433 0.339811 1.000000 -0.031834 0.265168 -0.446901 0.001596 0.402996 0.067866 -0.318287 0.005569 -0.393835 -0.073778 0.000463 -0.131422 0.077556 0.356127 0.018552 0.155483 -0.083995 0.160746 -0.580336 0.037489 -0.027618 -0.242795 0.111630 -0.090228 0.168993 0.202594 -0.155669 -0.376927 -0.108727 -0.365355 -0.108016 -0.176743 -0.092158 -0.099183 -0.210144 -0.142849 0.168964 0.081245 0.075974 -0.114104 -0.183560 -0.151231 -0.139807 -0.246723 0.254390 0.080390 -0.173854 0.079037 0.508820 0.123682 -0.230670 -0.394538 0.074182 0.167610 0.112833 0.335639 0.092963 0.080167 -0.012767 0.142706 -0.252326 -0.009878 -0.025380 -0.050244 -0.106011 0.093859 -0.181220 0.376452 -0.365224 -0.107817 -0.220541 -0.138441 -0.252745 -0.223233 0.053546 -0.131467 0.168153 -0.252572 -0.126920 -0.192911 -0.133406 -0.073952 -0.190907 -0.036714 0.091445 -0.046693 -0.182288 -0.124276 -0.045594 -0.127272 -0.021767 -0.074467 -0.034441 0.027541 0.000276 -0.211018 -0.366046 -0.068461 -0.077400 -0.125501
0.282878 0.409551 -0.572362 -0.101097 -0.317633 -0.363797 -0.086574 -0.180089 -0.422689 -0.392948 0.221018 -0.088578 -0.196477 -0.094309 -0.408424 -0.031834 1.000000 0.646739 0.408717 0.279414 -0.214425 -0.373683 -0.546538 -0.538797 -0.501815 -0.502133 -0.548922 -0.502011 0.579281 0.531243 -0.059005 -0.245472 0.430076 0.005056 -0.099310 -0.177761 0.487825 0.399612 -0.020213 -0.059293 0.293945 0.083463 -0.097134 -0.358919 -0.015537 -0.217848 -0.089211 -0.173720 -0.245878 0.030813 -0.514287 -0.180520 -0.312636 -0.249694 0.046127 0.154081 0.288632 0.378263 0.061006 0.170015 0.380219 0.291012 0.496890 0.513628 0.229941 -0.095067 0.018630 -0.354557 -0.037085 -0.143990 -0.218964 0.175228 0.743714 0.553791 0.412396 0.280613 0.394329 0.178062 0.183455 0.377297 0.377556 0.459039 -0.351246 0.100458 -0.252134 -0.100793 -0.032132 -0.125064 -0.268044 -0.069596 0.045866 -0.159639 -0.276976 -0.279667 -0.215689 0.012836 -0.149762 -0.026370 0.204236 0.074060 0.357095 0.340098 0.374400 0.277899 0.129451 0.141989 0.156998 0.062460 -0.162879 -0.030812 -0.221909 0.063811 0.309742 0.060538 0.268252 0.040904
0.152141 0.426590 -0.335083 -0.298941 0.025962 -0.209399 0.258750 0.149266 -0.136821 -0.198759 0.191550 -0.029593 0.069170 0.231547 -0.203947 0.265168 0.646739 1.000000 0.101947 0.253212 -0.005300 -0.285573 -0.634731 -0.530184 -0.543105 -0.495433 -0.497494 -0.482580 0.498553 0.674767 -0.035265 -0.171564 0.236660 0.263900 -0.317048 -0.120999 0.282302 0.098563 -0.058381 -0.155856 0.397657 0.197711 -0.340504 -0.512661 -0.173064 -0.320182 -0.385589 -0.433188 -0.288615 -0.126603 -0.608333 -0.343687 -0.147658 -0.384975 -0.084276 -0.155505 -0.014780 0.263409 0.096373 0.199350 0.568187 0.407529 0.430900 0.661656 0.436379 0.063823 0.027631 -0.382951 0.004033 -0.044674 -0.073574 0.297493 0.639324 0.384993 0.299445 0.306242 0.196823 0.165947 0.122972 0.386316 0.281081 0.527463 -0.421394 0.067968 -0.414604 -0.346582 -0.261721 -0.287185 -0.329706 -0.314497 0.055727 -0.215168 -0.145812 -0.145245 -0.254019 -0.048111 -0.206280 0.058085 0.016291 -0.208566 0.237860 0.289314 0.331317 0.318485 0.054273 0.223129 0.033622 0.022363 -0.125103 0.192108 0.044685 -0.074198 0.037242 0.003752 0.200759 0.023426
0.074170 0.261695 -0.366380 0.061349 -0.151044 -0.127206 -0.103243 -0.239133 -0.193743 -0.543723 0.191144 -0.365808 -0.296022 -0.433628 -0.389836 -0.446901 0.408717 0.101947 1.000000 0.352795 -0.179481 -0.027902 -0.229962 -0.385473 -0.221725 -0.362442 -0.066267 -0.139082 0.291850 0.079258 0.020065 -0.225135 0.366277 -0.063204 0.220659 -0.378331 0.147503 0.231350 -0.178778 -0.039092 -0.088596 -0.015858 0.114364 0.061370 0.250328 0.150318 -0.016762 0.098439 -0.094245 0.108700 -0.323298 -0.175266 -0.465966 -0.447913 0.024976 0.179136 -0.047046 0.054182 0.128223 0.275547 0.194115 0.250180 0.411767 0.308178 0.046473 -0.212607 0.235237 0.109094 -0.303568 -0.398020 -0.306952 -0.106411 0.299898 0.129769 0.048976 0.032395 0.100009 -0.215860 0.023559 0.197220 0.108098 0.123651 -0.171502 0.007828 -0.052539 -0.081630 0.165476 0.076812 -0.013594 0.092013 -0.062799 -0.038862 -0.204956 -0.014383 -0.035077 0.279010 -0.067361 0.155749 0.455962 0.197290 0.045555 0.139812 0.345383 0.255667 0.097807 -0.057114 0.151541 -0.109628 -0.070425 0.134653 -0.069235 0.374104 0.406798 -0.065519 -0.117956 -0.093486
0.283391 0.604198 -0.487270 0.098641 -0.146372 0.150750 -0.307099 -0.121181 -0.412902 -0.045194 0.315722 0.159165 -0.241500 0.029809 -0.211685 0.001596 0.279414 0.253212 0.352795 1.000000 -0.011892 0.069082 -0.372286 -0.153288 -0.377485 -0.252979 0.073447 -0.032226 0.015123 0.054373 -0.379995 -0.497315 0.215563 -0.111633 -0.170534 -0.340392 -0.025887 -0.041097 -0.241407 -0.156200 -0.112712 0.155873 -0.221744 -0.156669 -0.207172 -0.149740 -0.055895 0.032217 -0.377068 -0.218913 -0.313603 -0.228296 -0.205532 -0.243779 0.009657 -0.037539 0.080767 0.074545 -0.060958 0.146039 -0.013037 0.102228 0.133828 0.133355 -0.080450 -0.170315 -0.061438 0.040201 0.166093 0.049457 -0.076811 -0.146509 0.178749 0.076337 0.150897 0.115510 0.118799 0.040861 -0.109356 0.029629 0.092707 0.066365 -0.110657 0.276186 -0.079960 0.009565 0.093738 0.143215 0.082881 0.256574 0.377078 0.253404 0.161846 -0.078209 -0.228315 0.105411 -0.124462 0.149500 0.316258 -0.027160 0.098734 0.020434 0.166488 0.167345 0.293140 0.106097 0.199284 -0.177704 -0.412646 0.331809 0.150577 0.148200 0.203283 -0.036868 0.044430 -0.286207
-0.487254 -0.282871 0.133562 0.231840 0.641333 0.534517 0.295098 0.314643 0.195730 0.354779 -0.044021 0.268999 0.001220 0.156734 0.201798 0.402996 -0.214425 -0.005300 -0.179481 -0.011892 1.000000 0.753618 -0.028399 0.323546 0.153630 0.383115 0.534971 0.377317 0.105067 0.176083 0.383314 0.373885 -0.274485 0.084668 -0.223682 -0.007354 0.184287 0.009881 0.096819 0.181600 0.306782 0.466141 -0.141567 -0.006427 -0.222542 -0.289117 0.022327 0.135935 -0.258737 -0.275783 -0.084947 -0.041482 -0.062644 0.155290 0.007960 -0.018904 -0.167952 -0.223021 -0.259857 -0.341435 -0.118095 -0.366196 -0.132772 -0.197301 0.245958 -0.211461 -0.109534 -0.275425 -0.077588 0.062085 0.153678 0.238901 0.125887 0.001923 -0.019409 0.132411 -0.290460 -0.191672 0.125834 0.004260 -0.012908 -0.141582 -0.010489 0.453394 -0.026805 0.016015 -0.035579 0.204253 -0.305254 -0.027730 -0.239154 -0.322011 -0.025983 -0.222588 0.221419 0.207153 0.270860 0.308833 -0.473117 -0.190301 -0.318291 -0.125381 -0.419301 -0.321211 -0.178545 -0.134188 0.088334 0.020128 -0.052747 0.512896 0.350315 -0.145287 -0.274033 0.111098 -0.193863 -0.100479
-0.444909 -0.246454 0.084518 0.197844 0.434449 0.543652 -0.052816 0.066940 0.107128 0.247933 -0.058093 0.005605 -0.276659 -0.163958 0.135978 0.067866 -0.373683 -0.285573 -0.027902 0.069082 0.753618 1.000000 0.120429 0.435531 0.359710 0.522991 0.649538 0.581637 -0.145098 -0.174310 0.264740 0.310543 -0.123330 0.042667 -0.044312 -0.179914 -0.004255 0.078999 0.087987 0.326093 -0.034241 0.374231 0.040015 0.291240 -0.138939 -0.112544 0.169713 0.417566 -0.137426 -0.112533 0.036811 0.207223 0.016482 0.224543 0.034984 0.072471 -0.048038 -0.176722 -0.132187 -0.120977 -0.237030 -0.373796 -0.109006 -0.262787 -0.067952 -0.291300 0.071850 -0.059761 0.043741 0.072224 -0.000901 -0.104265 -0.100181 -0.283799 -0.131856 -0.159291 -0.357837 -0.413179 0.063640 -0.050674 -0.028381 -0.358929 0.185113 0.321889 0.094176 0.042740 0.185701 0.380549 -0.147694 0.098144 -0.206920 -0.097384 -0.059497 -0.197138 0.336302 0.331292 0.328235 0.376945 -0.319701 -0.106781 -0.418199 -0.184768 -0.297293 -0.310336 0.027047 -0.306289 0.168901 -0.118972 -0.045893 0.439939 0.383418 -0.032121 -0.119522 -0.071722 -0.334275 -0.216581
-0.053012 -0.639308 0.627226 0.104453 -0.058732 -0.162924 -0.034312 -0.259440 0.320633 0.059114 -0.103948 -0.150375 0.302579 -0.362445 0.488286 -0.318287 -0.546538 -0.634731 -0.229962 -0.372286 -0.028399 0.120429 1.000000 0.677376 0.783571 0.650557 0.375651 0.428193 -0.286452 -0.595100 0.267065 0.313491 -0.437228 -0.295061 0.268837 0.413651 -0.208917 -0.106281 0.068509 0.071577 -0.220090 -0.253483 0.337563 0.577762 0.095380 0.315572 0.303524 0.313462 0.231702 0.051386 0.783025 0.299812 0.176194 0.349971 -0.059927 0.070000 -0.032698 -0.243470 -0.358981 -0.402548 -0.690992 -0.535407 -0.501783 -0.610634 -0.422630 -0.068760 -0.280446 0.278738 -0.213454 -0.142860 0.389581 -0.265714 -0.619913 -0.343782 -0.169995 -0.261642 -0.139879 -0.088590 -0.153332 -0.248031 -0.280434 -0.295581 0.463165 -0.203430 0.492670 0.387200 -0.075055 -0.011023 0.467998 0.293716 -0.082993 0.072310 0.057101 0.210066 0.317940 -0.102254 0.265225 -0.106200 -0.154047 -0.090350 -0.366290 -0.248758 -0.534262 -0.436358 -0.293666 -0.208390 -0.306231 -0.135542 0.268842 -0.110497 -0.044422 -0.114664 -0.132106 0.046276 -0.222914 0.018408
-0.340140 -0.593041 0.318802 0.486683 0.189819 0.235827 -0.012779 -0.077760 0.358343 0.371584 -0.017507 0.179202 0.174340 -0.158955 0.446152 0.005569 -0.538797 -0.530184 -0.385473 -0.153288 0.323546 0.435531 0.677376 1.000000 0.612533 0.799964 0.478604 0.545728 -0.186817 -0.490201 0.423975 0.583952 -0.489874 -0.218392 0.103594 0.207035 -0.259832 -0.189285 0.147592 0.148877 -0.012915 -0.113775 0.180186 0.410831 -0.069886 -0.050434 0.454646 0.351337 -0.056293 -0.010015 0.419373 0.314354 0.233559 0.533696 0.078936 0.197991 0.009912 -0.290303 -0.367051 -0.532295 -0.568477 -0.672170 -0.484409 -0.622249 -0.296942 -0.245058 -0.433614 -0.038146 -0.179716 -0.110520 0.488577 0.098097 -0.530919 -0.498480 -0.463108 -0.140718 -0.368437 -0.101237 -0.270807 -0.278693 -0.338557 -0.489768 0.539788 0.244303 0.476823 0.316028 -0.183431 0.244425 0.183385 0.424433 -0.000265 0.235911 0.198036 0.168790 0.254446 -0.049263 0.157585 0.018869 -0.212687 -0.113055 -0.448947 -0.217198 -0.711039 -0.486997 -0.301018 -0.226340 -0.206432 -0.178190 0.039073 0.076837 -0.030370 -0.191622 -0.036212 0.120986 -0.097137 -0.019053
-0.170903 -0.531674 0.580549 0.032281 0.039096 0.072814 -0.144783 -0.380467 0.282362 0.104223 -0.399361 -0.209697 0.031532 -0.395678 0.227296 -0.393835 -0.501815 -0.543105 -0.221725 -0.377485 0.153630 0.359710 0.783571 0.612533 1.000000 0.827302 0.496456 0.565041 -0.433255 -0.608883 0.289129 0.243449 -0.344129 -0.202984 0.485205 0.393732 -0.264317 -0.063500 -0.033974 0.116139 -0.183407 -0.144964 0.129019 0.582407 -0.034715 0.311098 0.212985 0.313547 0.170187 -0.124586 0.693855 0.391138 0.177745 0.395232 -0.089501 -0.018499 0.078505 -0.260628 -0.113373 -0.235801 -0.566499 -0.547555 -0.246205 -0.512049 -0.532702 -0.021828 -0.015725 0.285978 -0.042906 -0.073381 0.287264 -0.266498 -0.519350 -0.308620 -0.175871 -0.232454 -0.121730 -0.124761 -0.158184 -0.279631 -0.246118 -0.438246 0.331150 -0.187751 0.355717 0.288105 0.053674 0.243286 0.288765 0.279894 -0.138609 -0.003472 0.039402 0.182964 0.345319 0.124500 0.303629 0.039481 -0.404771 -0.270874 -0.411151 -0.201497 -0.436236 -0.415343 -0.183844 -0.080204 -0.033834 -0.105215 0.070988 0.062754 0.176893 -0.223389 -0.189629 0.101993 -0.152176 0.073472
-0.270864 -0.516607 0.403103 0.234742 0.068335 0.298461 -0.168521 -0.242518 0.152749 0.332277 -0.245251 0.030074 -0.013939 -0.182468 0.260908 -0.073778 -0.502133 -0.495433 -0.362442 -0.252979 0.383115 0.522991 0.650557 0.799964 0.827302 1.000000 0.567255 0.666096 -0.401304 -0.551875 0.314268 0.419916 -0.422295 -0.150189 0.195340 0.333721 -0.191339 -0.099649 0.116725 0.211188 -0.033454 0.051047 0.035087 0.486596 -0.222287 0.014158 0.309926 0.347228 0.011891 -0.272205 0.526343 0.424726 0.263516 0.505509 0.065203 0.069707 0.086393 -0.255020 -0.187776 -0.330000 -0.488378 -0.607328 -0.255844 -0.497243 -0.470683 -0.042634 -0.165526 0.012026 -0.006599 0.012087 0.328558 -0.144049 -0.463635 -0.402402 -0.237869 -0.190589 -0.283466 -0.139601 -0.159295 -0.197042 -0.240236 -0.494273 0.361194 0.096213 0.257153 0.200563 0.031626 0.370728 0.168011 0.383605 -0.062089 0.125633 0.197923 0.065316 0.411120 0.118255 0.390516 0.123916 -0.389142 -0.243327 -0.515084 -0.274899 -0.554625 -0.500187 -0.266033 -0.193007 -0.034604 -0.088880 0.107312 0.130692 0.174264 -0.312693 -0.184424 0.150655 -0.073121 0.112945
-0.338438 -0.316949 0.302572 0.279310 0.419756 0.574815 -0.176576 -0.082424 0.184670 0.183013 -0.207781 0.013848 -0.145636 -0.156535 0.150023 0.000463 -0.548922 -0.497494 -0.066267 0.073447 0.534971 0.649538 0.375651 0.478604 0.496456 0.567255 1.000000 0.808019 -0.379477 -0.377819 0.078686 0.119234 -0.364231 -0.232605 0.062279 -0.011654 -0.109466 -0.063346 0.153681 0.275049 -0.181165 0.135757 0.122149 0.425824 -0.021861 0.083493 0.135679 0.402626 0.122174 -0.091255 0.352498 0.220616 0.102415 0.258881 0.214398 0.109425 -0.056432 -0.381964 -0.267385 -0.244576 -0.462171 -0.551852 -0.253952 -0.467721 -0.302758 -0.234565 0.029788 0.228581 0.097858 0.079534 0.125233 -0.239323 -0.413439 -0.248896 -0.190845 -0.217855 -0.257229 -0.324932 -0.110561 -0.225980 -0.259788 -0.433789 0.253485 0.206741 0.172393 0.210498 0.220295 0.344959 0.099699 0.286060 -0.076959 0.026666 0.058218 -0.018233 0.307904 0.093952 0.359804 0.324850 -0.274875 -0.067049 -0.336764 -0.314494 -0.349982 -0.293499 -0.039556 -0.160862 0.002963 0.020102 -0.051330 0.283311 0.340358 -0.077860 -0.263455 -0.018989 -0.255160 -0.063315
-0.266681 -0.236899 0.273574 0.238806 0.205624 0.537718 -0.281859 -0.207169 0.111643 0.086329 -0.179611 -0.055055 -0.298747 -0.227625 -0.034677 -0.131422 -0.502011 -0.482580 -0.139082 -0.032226 0.377317 0.581637 0.428193 0.545728 0.565041 0.666096 0.808019 1.000000 -0.407770 -0.434598 0.036046 0.172110 -0.391965 -0.263518 0.097570 -0.052598 -0.121355 -0.037048 0.275184 0.312852 -0.186737 0.039631 0.021047 0.422276 -0.203484 -0.033632 0.102094 0.379414 0.070975 -0.163092 0.330605 0.388700 0.209558 0.373352 0.254192 0.093148 0.028215 -0.227913 -0.150714 -0.111192 -0.373017 -0.496392 -0.092483 -0.359423 -0.460258 -0.203179 0.091254 0.160656 0.175052 0.152943 0.020911 -0.320556 -0.484464 -0.371549 -0.260174 -0.346502 -0.237823 -0.314001 -0.010131 -0.047636 -0.203436 -0.427365 0.243394 0.132437 0.254126 0.148673 0.286240 0.371990 0.140039 0.406157 0.000763 0.200587 0.111645 -0.009882 0.368593 -0.036840 0.350994 0.284096 -0.223853 -0.061030 -0.462902 -0.306632 -0.325992 -0.176100 -0.082089 -0.118266 -0.186575 0.045920 0.087341 0.134162 0.260431 -0.152609 -0.136237 0.055881 -0.103111 0.136119
-0.091718 -0.013195 -0.360019 0.083411 0.109177 -0.265513 0.393130 0.135469 0.081099 -0.295083 0.529826 0.016558 0.264931 -0.000617 0.090961 0.077556 0.579281 0.498553 0.291850 0.015123 0.105067 -0.145098 -0.286452 -0.186817 -0.433255 -0.401304 -0.379477 -0.407770 1.000000 0.643891 0.489238 0.349225 0.113347 0.136425 -0.084534 -0.107488 0.441376 0.233300 0.120061 -0.085653 0.424941 -0.095094 0.145771 -0.219529 0.240819 -0.216976 0.006407 -0.070530 -0.243649 0.262179 -0.509853 -0.277620 -0.422878 -0.247594 0.014141 0.190648 -0.147637 0.216726 -0.183285 -0.219099 0.297312 0.160548 0.221650 0.320382 0.580394 -0.247923 -0.248732 -0.463142 -0.398059 -0.325730 -0.022532 0.538072 0.654365 0.245369 0.100097 0.254905 0.123560 0.113370 0.088251 0.291810 0.145474 0.326958 -0.022801 0.183658 -0.095059 -0.176980 -0.257970 -0.329952 -0.386227 -0.247660 -0.271271 -0.380438 -0.474344 -0.310057 -0.213412 -0.225346 -0.107726 0.025303 0.158847 0.029736 0.099081 0.217010 0.041330 0.151121 -0.037508 0.080443 -0.155739 0.040240 0.035426 0.075840 -0.227799 0.013114 0.134170 -0.118938 0.162133 0.006014
-0.132088 0.184506 -0.310433 -0.074057 0.184194 -0.077442 0.378282 0.361823 -0.059575 -0.179273 0.187926 0.034600 0.066555 0.312724 -0.172424 0.356127 0.531243 0.674767 0.079258 0.054373 0.176083 -0.174310 -0.595100 -0.490201 -0.608883 -0.551875 -0.377819 -0.434598 0.643891 1.000000 0.160084 0.096878 0.214456 0.388002 -0.202408 -0.090869 0.374435 0.200964 0.084022 -0.150562 0.371188 0.229198 -0.091725 -0.461703 0.128047 -0.244892 -0.375879 -0.245635 -0.290927 -0.014218 -0.625696 -0.561626 -0.435871 -0.420522 -0.147246 -0.106503 -0.129017 0.312679 -0.175559 0.016582 0.416986 0.369113 0.374230 0.466522 0.605828 -0.100131 0.080417 -0.258947 -0.079378 0.007934 -0.199530 0.483961 0.698409 0.498430 0.252303 0.310572 0.132324 0.300954 0.299388 0.436521 0.342642 0.643294 -0.354755 0.152953 -0.265883 -0.283906 -0.212504 -0.385830 -0.412823 -0.508983 -0.281001 -0.513866 -0.384012 -0.314729 -0.310888 -0.281364 -0.180678 0.022360 -0.032275 -0.099396 0.205530 0.133970 0.271889 0.294333 0.002423 0.224911 -0.149998 0.173236 -0.035827 0.160793 0.042099 0.099749 -0.033801 -0.168486 0.132262 0.023516
-0.566088 -0.639778 0.195763 0.306858 0.363528 0.061848 0.504986 0.187822 0.470131 0.074473 0.098080 -0.077282 0.237648 -0.136073 0.290514 0.018552 -0.059005 -0.035265 0.020065 -0.379995 0.383314 0.264740 0.267065 0.423975 0.289129 0.314268 0.078686 0.036046 0.489238 0.160084 1.000000 0.834968 -0.123343 0.145187 0.276435 0.219629 0.074998 -0.020522 0.173530 0.015156 0.409259 -0.082315 0.284186 0.219605 0.228765 -0.059298 0.306339 0.153786 -0.175891 0.133691 -0.052053 -0.013068 -0.216996 0.187104 -0.132170 0.218591 -0.184036 -0.146501 -0.277731 -0.512450 -0.119419 -0.332286 -0.135512 -0.185314 0.272660 -0.281405 -0.258910 -0.252584 -0.425136 -0.345327 0.211636 0.548002 0.094777 -0.146690 -0.307892 0.037814 -0.263976 -0.008610 -0.103271 -0.101445 -0.076686 -0.075316 0.355399 0.246528 0.262689 0.066801 -0.203252 -0.039791 -0.307720 -0.194298 -0.339836 -0.304863 -0.359173 -0.112615 0.230266 -0.074972 0.036064 0.113867 -0.256910 -0.040272 -0.262637 -0.052466 -0.469776 -0.358162 -0.474632 -0.135478 -0.221041 0.001761 0.196192 0.109768 -0.108297 -0.049150 -0.062251 0.056015 0.028138 0.100859
-0.591297 -0.694915 0.168872 0.386288 0.384390 0.151579 0.396856 0.260904 0.535106 0.188307 0.065881 0.027483 0.201001 -0.010400 0.354088 0.155483 -0.245472 -0.171564 -0.225135 -0.497315 0.373885 0.310543 0.313491 0.583952 0.243449 0.419916 0.119234 0.172110 0.349225 0.096878 0.834968 1.000000 -0.248702 0.187053 0.033529 0.094462 -0.014633 -0.047800 0.345712 0.152441 0.286606 -0.045545 0.269031 0.169397 0.105580 -0.229684 0.324755 0.201437 -0.090044 0.181206 -0.040654 0.114618 0.016581 0.324446 0.030372 0.261393 -0.093895 -0.035433 -0.253682 -0.465403 -0.101538 -0.341258 -0.232017 -0.223618 0.208456 -0.261836 -0.252331 -0.360748 -0.315384 -0.155325 0.157979 0.504981 -0.073884 -0.262193 -0.385263 -0.029509 -0.346970 -0.048253 0.003474 0.030505 -0.104151 -0.158114 0.402697 0.260381 0.244923 -0.041097 -0.189135 0.008586 -0.151414 -0.152674 -0.337206 -0.111168 -0.240493 -0.096165 0.269174 -0.165808 0.067965 0.032617 -0.218987 0.045126 -0.284200 -0.026770 -0.464099 -0.297144 -0.439101 -0.247327 -0.278951 0.097611 0.286185 0.022352 -0.192962 -0.075095 -0.041462 0.059155 0.044481 0.142588
0.143564 0.329966 -0.374520 -0.186457 -0.350937 -0.217804 -0.131916 -0.155156 -0.359485 -0.217359 0.037391 -0.277601 -0.395462 -0.175552 -0.331828 -0.083995 0.430076 0.236660 0.366277 0.215563 -0.274485 -0.123330 -0.437228 -0.489874 -0.344129 -0.422295 -0.364231 -0.391965 0.113347 0.214456 -0.123343 -0.248702 1.000000 0.429733 0.048525 -0.232365 0.221473 0.051951 -0.021915 -0.106071 -0.025937 0.058273 -0.005978 -0.205574 0.040724 -0.001661 -0.061944 -0.067967 -0.061162 0.146969 -0.425568 -0.069732 -0.147713 -0.137713 -0.185708 -0.098329 0.084149 0.285866 0.329349 0.471210 0.384735 0.408525 0.382995 0.421035 0.119339 0.031268 0.382076 0.027380 0.317561 0.152524 -0.414379 -0.157948 0.323653 0.092306 0.144921 -0.165047 0.069807 -0.018894 0.043693 0.105076 0.303535 0.226171 -0.161341 -0.041274 -0.269955 -0.174275 0.178663 -0.106226 -0.080256 -0.295541 0.097779 0.064424 -0.281222 -0.174394 0.019635 0.168509 0.033819 0.082470 0.135129 0.142053 0.271589 0.135286 0.538727 0.188780 0.067154 -0.136021 0.135123 -0.055300 -0.020212 -0.113703 0.139934 0.196916 0.206740 -0.197388 0.067104 0.033852
-0.219758 0.069527 -0.095449 -0.391201 0.019074 -0.058071 0.289974 0.263074 -0.018155 -0.034635 -0.051839 -0.248602 0.005941 0.214788 0.012846 0.160746 0.005056 0.263900 -0.063204 -0.111633 0.084668 0.042667 -0.295061 -0.218392 -0.202984 -0.150189 -0.232605 -0.263518 0.136425 0.388002 0.145187 0.187053 0.429733 1.000000 -0.089520 0.218559 0.018105 -0.063634 -0.125420 -0.206119 0.136727 0.260474 -0.228246 -0.243403 -0.126069 -0.104480 -0.351096 -0.154521 -0.333500 -0.149551 -0.489448 -0.301449 -0.142393 -0.139627 -0.399265 -0.450817 -0.246985 0.204970 0.133594 0.334689 0.455720 0.475588 0.286162 0.402929 0.383490 0.226196 0.291995 0.070923 0.234905 0.314694 -0.182859 0.209367 0.309756 0.053439 0.108774 -0.027956 -0.149464 0.024308 0.312439 0.296427 0.370523 0.408169 -0.071261 -0.181884 -0.404371 -0.470734 -0.065983 -0.290155 -0.108803 -0.564016 -0.286346 -0.143946 -0.230193 -0.034751 -0.103609 0.009634 -0.054007 -0.129016 -0.236141 -0.223924 -0.035834 0.120127 0.294040 0.177127 -0.071931 -0.021886 0.084231 0.051327 0.072920 -0.028460 0.239707 0.097468 -0.151809 -0.147895 0.089769 0.082659
-0.141069 -0.178172 0.138442 0.091143 -0.206593 -0.118267 -0.098404 -0.350988 0.034478 -0.194451 -0.227058 -0.280690 -0.053317 -0.373238 -0.144544 -0.580336 -0.099310 -0.317048 0.220659 -0.170534 -0.223682 -0.044312 0.268837 0.103594 0.485205 0.195340 0.062279 0.097570 -0.084534 -0.202408 0.276435 0.033529 0.048525 -0.089520 1.000000 0.284821 -0.226416 -0.016711 -0.120571 -0.071313 -0.022010 -0.375980 0.211768 0.385434 0.395392 0.499950 0.112989 0.168970 0.107434 0.134253 0.272141 0.037738 -0.299618 0.002117 -0.219166 0.047593 -0.033448 -0.107700 0.075747 -0.017658 -0.274351 -0.093088 0.142650 -0.193267 -0.316458 -0.067026 0.184750 0.432382 -0.159763 -0.246263 0.034380 -0.058562 -0.176416 -0.166270 -0.290695 -0.159481 -0.026093 0.053643 -0.125964 -0.247335 -0.128333 -0.166842 0.249164 -0.120835 0.340705 0.229233 0.133963 0.134327 -0.013837 0.068673 -0.234445 -0.165854 -0.131834 0.133645 0.132339 0.006857 0.040251 0.096889 -0.052284 -0.097376 -0.050087 -0.159304 0.035992 -0.083300 -0.137308 0.123300 -0.140199 0.003457 0.102156 0.011587 0.052413 0.036172 0.066498 -0.095585 0.028710 0.223903
-0.173791 -0.313053 0.412349 -0.232175 -0.163491 -0.235662 0.306154 0.048942 -0.002142 0.123922 -0.169615 -0.063135 0.462674 0.103155 0.305280 0.037489 -0.177761 -0.120999 -0.378331 -0.340392 -0.007354 -0.179914 0.413651 0.207035 0.393732 0.333721 -0.011654 -0.052598 -0.107488 -0.090869 0.219629 0.094462 -0.232365 0.218559 0.284821 1.000000 -0.081678 -0.096050 -0.050480 -0.085114 0.180385 0.061711 0.037912 0.214501 0.083183 0.358200 -0.043629 -0.064635 0.003953 -0.150940 0.378417 -0.071263 -0.100227 0.088899 -0.245585 -0.212961 -0.336770 -0.234307 -0.308344 -0.226857 -0.250610 -0.085004 -0.213063 -0.239567 0.008165 0.348860 -0.232096 0.283015 -0.141175 -0.010443 0.362249 0.069634 -0.119084 0.056049 0.074296 -0.045476 -0.184784 0.158062 0.025289 -0.149888 0.048297 0.187609 0.154773 -0.189428 0.044409 0.255190 -0.193803 -0.209634 0.086956 -0.031869 -0.191480 -0.257855 0.072028 0.093230 0.144588 -0.120425 0.152096 -0.178195 -0.384846 -0.383470 -0.108781 -0.202794 -0.273751 -0.402442 -0.375103 -0.010818 -0.200970 -0.043663 0.259783 -0.189573 -0.015863 -0.165179 -0.373681 0.045414 0.088471 0.217158
