1.000000 0.356371 -0.280732 -0.176800 -0.163692 -0.184239 -0.222680 -0.379313 -0.173443 -0.144172 0.266827 0.003024 0.008092 -0.080086 0.294101 -0.044846 0.093958 0.287660 0.169498 0.040980 0.117816 0.170538 0.018227 -0.313618 -0.133837 -0.395769 0.068098 0.035328 0.086179 0.001821 -0.045972 -0.319748 -0.075686 -0.324070 -0.227618 -0.426873 -0.272771 -0.101385 0.122285 0.095722 0.082749 -0.318499 -0.092109 -0.063013 -0.209162 -0.238530 -0.200743 -0.395864 -0.198326 -0.163231 -0.012245 -0.049376 0.059098 0.002931 0.063544 -0.003853 0.502188 0.206651 0.364318 0.235693 0.252141 0.259592 0.346613 0.216695 0.169792 -0.297488 0.203907 -0.326488 0.310908 0.084085 -0.252463 -0.219732 -0.017591 -0.259060 -0.146446 -0.191939 -0.094582 -0.505371 0.120651 0.207464 0.102490 -0.017897 0.263910 -0.078504 0.426680 0.255483 0.187971 0.087689 0.339638 0.360497 -0.233296 0.006604 -0.096848 0.071622 -0.279485 -0.010991 -0.171281 -0.141110 -0.031973 0.183013 -0.062378 0.159831 0.078553 0.211723 -0.044468 -0.225812 0.007243 0.175145 -0.186142 -0.072352 -0.414738 -0.234481 -0.100128 -0.203297 -0.049962 0.068699
0.356371 1.000000 -0.423799 -0.139733 -0.323260 -0.587216 -0.146443 -0.284273 -0.067668 -0.174873 0.325585 0.410956 0.267351 0.311640 0.268214 0.067727 0.187239 0.386514 -0.092474 0.501626 -0.489206 -0.275530 -0.213185 -0.257324 -0.331651 -0.635927 -0.440074 -0.415314 0.144663 0.022461 -0.289251 -0.435775 -0.044389 -0.197140 -0.288735 -0.396543 0.121451 0.092265 -0.124850 -0.093374 0.008631 -0.125862 -0.206847 -0.133534 -0.172253 -0.337533 -0.036608 -0.178674 0.040653 0.112931 -0.072383 0.193165 0.329035 0.246343 0.026221 0.047564 0.170413 0.374427 0.099242 0.278906 -0.077579 0.306608 0.141473 0.324596 -0.025758 -0.245066 -0.063091 -0.364320 0.220973 0.063571 -0.269163 -0.387671 -0.141323 -0.020259 -0.047046 -0.009169 0.115305 0.053421 -0.103018 0.074756 0.102739 0.109476 0.530674 0.401437 0.181852 0.294610 0.278959 0.319309 -0.058851 0.223978 -0.006485 -0.122328 -0.026386 -0.201893 0.012097 -0.125090 0.022353 -0.024312 0.130796 -0.019400 0.260993 -0.138173 0.018028 -0.119684 -0.077282 -0.202116 -0.099032 0.064581 -0.213745 -0.103662 -0.308397 -0.187103 0.070644 -0.168346 -0.352383 -0.064802
-0.280732 -0.423799 1.000000 -0.002641 0.746313 0.546192 0.774590 0.592700 0.535734 0.314165 -0.411700 -0.373198 -0.111528 0.023131 -0.334889 0.197472 -0.241692 -0.452889 0.404833 -0.126590 0.261788 0.090418 0.359616 0.120127 0.355989 0.408548 0.478040 0.233800 -0.188639 0.011696 0.072703 -0.034360 -0.133803 -0.003023 0.018929 0.118839 -0.312002 -0.235849 0.030110 0.000851 -0.082435 0.154361 -0.039714 -0.208084 -0.243004 -0.188073 0.121614 0.222336 0.296290 -0.351456 0.076217 -0.223810 0.123954 0.036593 0.059953 -0.166366 -0.421839 -0.326552 -0.122147 -0.183581 0.098082 -0.343450 -0.279754 -0.401616 -0.096050 -0.035675 -0.002254 0.319542 -0.284270 0.150387 0.447752 0.067748 -0.011776 -0.022438 -0.055268 0.072559 -0.101178 0.053159 -0.292543 -0.365666 -0.250142 -0.194619 -0.549339 -0.066895 -0.575514 -0.606955 -0.478731 -0.545307 0.050857 -0.217981 0.420364 0.376760 0.061443 0.273852 -0.103573 -0.124004 -0.013347 -0.208306 -0.062630 -0.041156 -0.122877 0.292999 0.153991 0.107065 0.055525 0.126148 -0.074946 -0.284124 0.094742 0.023698 0.253917 0.084268 0.000527 -0.177090 0.158651 -0.188769
-0.176800 -0.139733 -0.002641 1.000000 0.073406 0.539046 -0.136848 0.270718 0.145438 0.434698 0.009708 0.336575 -0.143237 0.007682 0.297944 0.473463 -0.465267 -0.479669 -0.048939 -0.249707 0.215520 0.000810 0.219878 0.802266 0.199875 0.463564 0.224200 0.287683 -0.274352 -0.399652 0.210200 0.401935 -0.395353 -0.077472 0.195498 0.282207 -0.228407 0.011230 -0.200438 -0.244358 -0.355959 0.067878 -0.053313 0.003341 0.122389 0.366335 -0.172661 -0.085206 0.004992 -0.086188 0.410421 -0.139733 -0.122230 -0.128929 -0.267582 -0.186619 -0.391180 -0.466886 -0.355329 -0.239531 -0.392675 -0.401459 -0.437682 -0.520098 0.236208 0.249091 -0.154311 0.368567 -0.368508 -0.250308 0.383418 0.355607 -0.327111 -0.026999 -0.013049 0.389884 0.013615 0.315061 -0.246288 -0.343340 -0.416818 -0.487530 0.147323 -0.112354 0.078000 0.189661 0.222034 0.182262 0.228141 0.297375 -0.005718 -0.011576 0.356408 0.148760 0.120122 -0.004109 -0.281738 -0.120610 -0.168960 -0.170600 0.157415 0.018154 0.042869 0.063719 -0.135268 -0.116592 -0.030739 -0.222011 -0.043321 -0.155759 0.011477 -0.048556 -0.217387 0.297410 0.039864 -0.051441
-0.163692 -0.323260 0.746313 0.073406 1.000000 0.498531 0.761895 0.679106 0.734011 0.607565 -0.181890 -0.196835 0.007189 0.134144 0.064993 0.379290 -0.264740 -0.405026 0.427283 -0.025334 0.301574 0.130019 0.335162 0.211644 0.292267 0.322930 0.551731 0.099988 -0.052152 -0.005981 0.170655 -0.054465 -0.294547 -0.133981 -0.092021 -0.049229 -0.506230 -0.413932 -0.221998 -0.158810 -0.306382 -0.035254 -0.122221 -0.411845 -0.336003 -0.343756 -0.007278 0.101067 0.098788 -0.501754 -0.028903 -0.257460 0.081132 0.096092 -0.178933 -0.352412 -0.451829 -0.435696 -0.187334 -0.181485 0.070927 -0.328123 -0.226394 -0.377627 0.186378 -0.141051 -0.208664 0.262103 -0.353287 0.218756 0.433667 -0.039122 -0.056518 -0.113991 -0.184183 0.022312 -0.277579 0.017652 -0.400762 -0.395486 -0.237134 -0.264988 -0.377914 0.002452 -0.536443 -0.543899 -0.484970 -0.598056 0.119258 -0.250243 0.526513 0.562483 0.264598 0.414464 -0.106732 0.052677 -0.362183 -0.280254 -0.165189 -0.059132 0.029617 0.364448 0.250512 0.179114 0.093737 0.179342 0.070117 -0.075486 0.100268 0.085551 0.061409 0.125095 -0.045501 -0.212378 0.222785 -0.051212
-0.184239 -0.587216 0.546192 0.539046 0.498531 1.000000 0.215025 0.473620 0.395971 0.511089 -0.345397 -0.212609 -0.261062 -0.121486 -0.026823 0.259698 -0.507487 -0.594629 0.175812 -0.486999 0.524559 0.280620 0.446311 0.562408 0.497892 0.825474 0.673987 0.604324 -0.473305 -0.445073 0.226410 0.240181 -0.391482 -0.119203 0.296251 0.414598 -0.508466 -0.298782 -0.010648 -0.058208 -0.297382 -0.024737 -0.035894 -0.041130 -0.026896 0.281627 -0.151745 0.045212 0.079159 -0.352152 0.340822 -0.263327 -0.055738 -0.100969 -0.092873 -0.244273 -0.380796 -0.513164 -0.151164 -0.189564 -0.116836 -0.415093 -0.406946 -0.631475 0.106249 0.159033 0.021577 0.547189 -0.368333 -0.020701 0.484646 0.374027 -0.342632 -0.083816 -0.179884 0.128457 -0.280714 0.028823 -0.284215 -0.369426 -0.481182 -0.546603 -0.341496 -0.418614 -0.187851 -0.271297 -0.122086 -0.267743 0.318825 0.189418 0.140072 0.264823 0.261623 0.301576 0.054795 -0.127629 -0.288511 -0.156877 -0.221763 -0.054280 -0.146184 0.162739 0.069325 0.283377 0.072862 0.144420 0.023182 -0.140265 -0.067593 -0.122086 0.287992 -0.045636 -0.244697 0.080410 0.166998 -0.112100
-0.222680 -0.146443 0.774590 -0.136848 0.761895 0.215025 1.000000 0.757061 0.721921 0.458367 -0.133649 -0.113194 0.192663 0.398880 -0.188626 0.320499 -0.140267 -0.358564 0.442132 0.250383 -0.004380 -0.144592 0.102889 -0.061193 0.031961 0.041414 0.164969 -0.207893 0.109209 0.261126 -0.072345 -0.202088 -0.155996 -0.006102 -0.266855 -0.105364 -0.227600 -0.187750 -0.154209 -0.082187 -0.072830 0.151950 0.004973 -0.340853 -0.328441 -0.458059 0.210340 0.214104 0.270013 -0.301019 -0.204232 -0.200201 0.164071 0.129009 -0.070449 -0.264744 -0.500733 -0.330349 -0.218282 -0.232246 0.055354 -0.260109 -0.257403 -0.365765 -0.040920 -0.138667 -0.267871 0.031543 -0.279882 0.126906 0.423234 -0.115207 0.083300 -0.054131 -0.051388 0.056786 0.022435 0.163329 -0.415917 -0.420839 -0.152686 -0.142532 -0.410649 0.152910 -0.663043 -0.572618 -0.557093 -0.618277 -0.135351 -0.366735 0.584633 0.494314 0.203790 0.302601 -0.271066 -0.017937 -0.157496 -0.271279 0.000462 -0.059482 0.149544 0.353791 0.301880 0.079326 0.185254 0.160539 -0.101262 -0.226042 0.137715 0.131336 -0.019231 0.241258 0.152007 -0.117760 0.167661 -0.203446
-0.379313 -0.284273 0.592700 0.270718 0.679106 0.473620 0.757061 1.000000 0.642450 0.713330 -0.152730 -0.005531 0.118292 0.451390 -0.048986 0.467946 -0.405853 -0.554184 0.200782 0.004785 -0.030160 -0.258989 -0.024714 0.234048 -0.098250 0.289898 0.085999 -0.209554 -0.126604 0.062368 -0.138261 -0.045306 -0.379897 -0.056030 -0.090508 0.137551 -0.409424 -0.187067 -0.231868 -0.091619 -0.270302 0.108892 0.056830 -0.197841 -0.237683 -0.212428 0.179604 0.259848 0.225335 -0.274592 -0.102778 -0.104417 0.033041 0.070571 -0.136957 -0.266759 -0.612178 -0.654974 -0.272397 -0.207556 -0.155078 -0.291439 -0.522243 -0.646031 -0.022889 0.085606 -0.295821 0.245259 -0.356904 0.060571 0.415410 0.029387 -0.141719 -0.060287 -0.163245 0.204500 -0.086111 0.391113 -0.578082 -0.580980 -0.446942 -0.452766 -0.307358 -0.016175 -0.676222 -0.539475 -0.378413 -0.508252 -0.116942 -0.161318 0.603787 0.533852 0.515181 0.442105 -0.087455 0.029193 -0.240024 -0.227704 -0.066261 -0.061987 0.351101 0.379297 0.453039 0.175308 0.277910 0.148184 0.035073 -0.310002 0.156138 0.048218 0.085716 0.234063 0.087014 0.082486 0.027842 -0.211179
-0.173443 -0.067668 0.535734 0.145438 0.734011 0.395971 0.721921 0.642450 1.000000 0.705070 -0.046632 0.002427 0.123837 0.361245 0.136999 0.424996 -0.280644 -0.396118 0.230361 0.137198 -0.025944 -0.046406 0.336293 0.349614 0.243195 0.275666 0.293336 -0.023351 -0.123925 -0.134124 -0.058453 -0.192955 -0.427538 -0.140623 -0.206577 -0.013102 -0.331160 -0.215455 -0.244330 -0.187564 -0.384556 -0.012332 -0.136842 -0.377785 -0.299283 -0.304527 0.004292 0.123053 0.199818 -0.418880 0.017232 -0.213792 0.197648 0.082794 -0.149947 -0.341844 -0.506669 -0.367068 -0.310232 -0.259720 -0.199967 -0.333721 -0.411222 -0.484319 0.097560 -0.170144 -0.350095 0.206566 -0.358800 0.217478 0.488933 -0.104157 -0.247101 -0.109948 -0.222212 0.119681 -0.070212 0.254773 -0.501616 -0.489560 -0.233653 -0.286722 -0.218071 0.115038 -0.445543 -0.433719 -0.320554 -0.322262 0.121621 -0.121900 0.563227 0.486655 0.292239 0.308754 -0.060714 -0.093143 -0.344049 -0.289996 -0.075298 -0.104295 0.068864 0.189041 0.144551 0.137862 0.166648 0.209217 -0.089491 -0.104718 -0.160000 -0.063995 0.112236 0.126786 -0.052336 0.001686 0.153707 -0.266209
-0.144172 -0.174873 0.314165 0.434698 0.607565 0.511089 0.458367 0.713330 0.705070 1.000000 0.071890 0.217951 0.204316 0.424492 0.226634 0.588042 -0.396330 -0.508918 0.013977 -0.136326 0.013914 -0.112577 0.085422 0.452545 0.039663 0.286021 0.206142 -0.079760 -0.244974 -0.218563 -0.100998 -0.094707 -0.561973 -0.257694 -0.123944 0.035369 -0.454343 -0.312253 -0.267423 -0.218529 -0.486880 -0.147700 -0.032256 -0.262013 -0.246173 -0.132005 -0.115990 0.030743 0.044737 -0.432494 -0.035688 -0.155508 0.147322 0.086451 -0.175703 -0.451445 -0.435124 -0.528712 -0.229751 -0.113286 -0.192764 -0.271858 -0.405017 -0.659355 0.128945 -0.021471 -0.223922 0.294410 -0.401073 0.196655 0.439316 -0.053950 -0.382270 -0.270518 -0.308434 0.136549 -0.246618 0.236393 -0.577185 -0.578607 -0.359356 -0.536270 -0.067418 -0.033421 -0.385069 -0.364562 -0.124568 -0.195311 0.119909 0.032438 0.502582 0.534730 0.550235 0.480500 0.115167 0.011753 -0.478360 -0.109664 -0.178082 -0.027673 0.252815 0.331884 0.297089 0.321184 0.177572 0.128067 0.056912 -0.132614 0.029904 -0.058679 0.015737 0.103519 -0.061583 0.097369 0.051675 -0.118046
0.266827 0.325585 -0.411700 0.009708 -0.181890 -0.345397 -0.133649 -0.152730 -0.046632 0.071890 1.000000 0.664515 0.694841 0.516518 0.540677 0.296083 0.326535 0.274087 -0.194752 0.120961 -0.085114 -0.110374 -0.155322 -0.038520 -0.321260 -0.414400 -0.234677 -0.293431 0.473159 0.204971 -0.031612 -0.047343 -0.156173 -0.216794 -0.309976 -0.330125 0.039570 0.121883 0.006058 0.049390 -0.032545 -0.229378 -0.075161 -0.194582 -0.259304 -0.363096 -0.064102 -0.229594 0.035809 -0.000071 -0.358860 0.221576 0.235524 0.195662 0.236683 0.053413 -0.086822 0.001280 0.100285 0.206755 0.121786 0.304251 0.234661 0.120778 0.157109 -0.228243 -0.227342 -0.388548 -0.071903 -0.142647 0.119295 0.170002 0.068673 -0.095642 0.072819 0.106854 -0.005783 -0.054901 -0.125446 0.021667 -0.033271 -0.104286 0.489508 0.214581 0.242459 0.247478 0.165801 0.197454 -0.053845 0.213535 -0.106361 0.032401 0.020541 -0.009841 -0.103034 0.016552 -0.225090 -0.100603 0.029705 -0.190858 0.005071 -0.217561 -0.091797 -0.053231 0.053333 -0.179146 0.190876 0.099264 -0.258222 -0.185647 -0.561163 -0.241925 -0.046076 -0.093921 -0.109043 -0.146142
0.003024 0.410956 -0.373198 0.336575 -0.196835 -0.212609 -0.113194 -0.005531 0.002427 0.217951 0.664515 1.000000 0.553546 0.650906 0.276885 0.497621 0.210494 0.040292 -0.159641 0.108145 -0.252733 -0.226715 -0.411191 0.130252 -0.387259 -0.318990 -0.347888 -0.335852 0.369995 0.169813 -0.105853 0.087549 -0.172770 -0.121096 -0.271948 -0.247562 0.185194 0.177766 -0.147189 -0.072403 -0.069999 -0.064257 0.003999 -0.064926 -0.127802 -0.131933 0.032425 -0.037987 -0.010042 0.086502 -0.235657 0.039292 0.097454 0.038889 -0.006276 0.081273 -0.182924 -0.236480 -0.192923 -0.077089 0.039340 0.013668 0.113787 -0.017669 0.135311 -0.057239 -0.417657 -0.301411 -0.246789 -0.319504 0.173058 0.078108 0.028794 0.035603 0.117727 0.258614 0.074780 0.146617 -0.196508 -0.131604 0.020918 -0.132310 0.322948 0.396582 0.068272 0.409889 0.088264 0.255218 -0.217479 0.093207 -0.018660 -0.043382 0.122737 -0.102300 0.019254 0.013104 -0.146834 -0.007373 0.137843 -0.094375 0.141388 -0.194752 -0.088275 -0.082008 0.002027 -0.058606 0.036810 0.110587 -0.112235 -0.079292 -0.403965 -0.159138 -0.191845 0.068622 -0.064453 -0.100451
0.008092 0.267351 -0.111528 -0.143237 0.007189 -0.261062 0.192663 0.118292 0.123837 0.204316 0.694841 0.553546 1.000000 0.692063 0.345023 0.419107 0.400284 0.197772 -0.138054 0.128030 -0.126899 -0.160973 -0.321453 -0.248941 -0.411906 -0.330719 -0.309810 -0.368737 0.522296 0.353261 -0.094115 -0.129094 0.003603 0.022071 -0.286781 -0.230481 0.077554 0.167752 0.018025 0.159049 0.020162 -0.047918 0.022544 -0.200818 -0.283636 -0.423591 0.052848 -0.076886 0.059856 0.005092 -0.410962 0.175874 0.406770 0.294000 0.282004 0.031244 -0.333298 -0.053494 0.024894 0.069438 0.306661 0.253732 0.274378 0.090743 0.042275 -0.098048 -0.317734 -0.386037 0.042004 -0.009431 0.121461 0.177852 0.156187 0.017360 0.107818 0.143759 0.056239 0.094947 -0.257577 -0.056544 -0.042495 -0.011164 0.313236 0.343111 -0.079284 -0.022410 0.078442 0.088291 -0.236359 -0.107566 0.020653 0.040110 -0.116668 -0.112282 -0.002732 0.040664 -0.008771 0.037972 0.070419 -0.174909 -0.091979 -0.195511 -0.178138 -0.119292 0.079546 -0.070330 0.054678 0.010906 -0.119000 -0.051136 -0.399180 -0.224826 -0.024477 -0.038941 -0.100010 -0.163635
-0.080086 0.311640 0.023131 0.007682 0.134144 -0.121486 0.398880 0.451390 0.361245 0.424492 0.516518 0.650906 0.692063 1.000000 0.188091 0.580974 0.084886 -0.049576 -0.120286 0.194674 -0.280109 -0.312867 -0.335019 -0.056442 -0.363154 -0.231513 -0.308690 -0.424541 0.307972 0.325526 -0.282393 -0.186870 -0.309485 -0.162834 -0.434216 -0.233131 -0.072149 0.072261 -0.140183 0.021694 -0.028013 0.078369 0.017072 -0.174786 -0.353619 -0.437551 0.211893 0.112589 0.163288 -0.098305 -0.452930 0.061645 0.288002 0.207614 0.166284 -0.007893 -0.313970 -0.319820 -0.107625 0.006612 0.038461 0.123520 -0.099125 -0.236552 -0.092060 -0.194753 -0.475194 -0.306215 -0.275570 -0.085582 0.235757 -0.003965 -0.027177 -0.007099 0.017779 0.267351 -0.026709 0.292129 -0.496756 -0.358846 -0.182897 -0.230903 0.128422 0.424874 -0.343552 -0.128113 -0.158289 -0.073017 -0.285350 0.045284 0.308449 0.273934 0.233673 0.082946 -0.085138 -0.118648 -0.092660 -0.128457 0.123706 -0.082554 0.226579 -0.049631 0.142826 0.008515 0.182737 -0.037495 -0.074522 -0.093620 -0.176190 -0.104727 -0.287018 -0.049701 -0.042729 -0.014606 -0.168963 -0.268319
0.294101 0.268214 -0.334889 0.297944 0.064993 -0.026823 -0.188626 -0.048986 0.136999 0.226634 0.540677 0.276885 0.345023 0.188091 1.000000 0.347747 -0.162382 0.021287 0.005539 0.065669 0.186369 0.025947 0.302968 0.241030 -0.007170 -0.030283 0.144692 0.100326 0.188999 -0.160282 0.341573 0.106778 -0.213633 -0.123618 -0.049654 -0.116220 -0.332538 -0.062791 -0.153719 -0.071556 -0.328583 -0.317893 -0.267824 -0.285550 -0.180257 -0.103853 -0.344966 -0.445363 -0.206958 -0.184521 0.109210 0.074890 0.032785 0.088307 -0.098957 -0.185978 -0.213995 -0.022657 -0.100049 0.078492 -0.155750 0.118891 -0.116491 -0.013510 0.532170 -0.035012 -0.207294 -0.050508 -0.014012 -0.011049 0.013164 0.116631 -0.139373 -0.161003 -0.065682 0.062096 -0.160604 -0.065678 -0.114321 0.030314 -0.232743 -0.133979 0.643259 -0.006968 0.380760 0.224040 0.353837 0.252348 0.434673 0.358532 -0.185665 -0.018460 0.105014 0.003597 -0.041346 0.108058 -0.385155 -0.227352 -0.340056 -0.350391 0.026741 -0.190091 -0.113685 -0.102893 -0.156202 -0.270396 0.052986 0.040291 -0.234440 -0.212697 -0.397261 -0.331261 -0.163265 -0.086844 -0.150141 -0.109034
-0.044846 0.067727 0.197472 0.473463 0.379290 0.259698 0.320499 0.467946 0.424996 0.588042 0.296083 0.497621 0.419107 0.580974 0.347747 1.000000 -0.186489 -0.405003 -0.003832 -0.043232 0.076874 -0.004947 -0.011807 0.328687 -0.065745 0.098911 0.126397 -0.096937 0.039812 0.012643 -0.086728 -0.060213 -0.453496 -0.240093 -0.362683 -0.224166 -0.275684 0.053990 -0.068200 0.094403 -0.318728 0.125389 -0.050516 -0.299221 -0.386480 -0.378900 0.065524 0.067436 0.027176 -0.351701 -0.252707 -0.252366 0.252610 0.026884 0.024248 -0.075617 -0.381144 -0.418530 -0.170555 -0.082296 -0.021713 -0.209395 -0.190441 -0.448938 0.026786 -0.191915 -0.437398 -0.047343 -0.299934 0.080604 0.433202 0.185644 -0.199849 -0.163623 -0.221794 0.330689 -0.219928 0.185560 -0.573640 -0.527394 -0.303937 -0.415295 0.042276 0.356000 -0.295668 -0.153013 -0.152864 -0.111754 0.005245 0.118597 0.412909 0.408995 0.390484 0.309750 0.055245 -0.105233 -0.205180 -0.062884 0.045926 0.041110 0.195817 0.201189 0.209135 0.215936 0.080378 -0.125593 -0.043002 -0.137863 -0.105058 -0.136969 -0.143265 0.035549 0.031229 0.002435 -0.060301 -0.101735
0.093958 0.187239 -0.241692 -0.465267 -0.264740 -0.507487 -0.140267 -0.405853 -0.280644 -0.396330 0.326535 0.210494 0.400284 0.084886 -0.162382 -0.186489 1.000000 0.795974 -0.185409 0.028565 -0.166692 0.175220 -0.407960 -0.440740 -0.275408 -0.408356 -0.346045 -0.273003 0.519365 0.480393 -0.165407 -0.052700 0.375940 0.125831 -0.309903 -0.402409 0.380140 0.077847 0.036600 0.119062 0.388622 -0.079079 -0.158631 -0.179930 -0.276644 -0.376312 0.015786 -0.156676 -0.176191 0.091240 -0.364098 0.253376 0.318135 0.334274 0.275660 0.189558 0.223603 0.358775 0.408421 0.184771 0.664841 0.486719 0.750813 0.708681 -0.106925 -0.005952 -0.006985 -0.474041 0.259391 -0.034017 -0.284341 -0.057140 0.412933 0.119290 0.217554 -0.234343 -0.044499 -0.276738 0.422038 0.424716 0.521788 0.511660 0.035982 0.427901 0.108781 0.199282 -0.060633 0.099068 -0.396436 -0.222259 -0.214048 -0.193309 -0.454986 -0.350243 0.027862 0.140499 0.129505 0.188171 0.051525 -0.135067 -0.377406 -0.327701 -0.393563 -0.214006 0.024695 0.141772 0.262282 0.344471 0.011378 0.070257 -0.407251 -0.295649 -0.190746 -0.308386 -0.023545 0.097278
0.287660 0.386514 -0.452889 -0.479669 -0.405026 -0.594629 -0.358564 -0.554184 -0.396118 -0.508918 0.274087 0.040292 0.197772 -0.049576 0.021287 -0.405003 0.795974 1.000000 -0.289132 0.062112 -0.230791 0.106299 -0.260792 -0.442225 -0.199090 -0.444197 -0.319191 -0.208234 0.389057 0.341892 -0.131642 -0.127604 0.287548 -0.011766 -0.265691 -0.397990 0.199171 -0.043862 -0.068135 0.015740 0.301293 -0.194836 -0.198736 -0.095772 -0.194780 -0.297463 -0.045471 -0.221744 -0.147165 0.163078 -0.203887 0.447383 0.322605 0.443685 0.239424 0.160581 0.406309 0.508669 0.500856 0.349867 0.456787 0.663918 0.635431 0.813124 -0.060541 -0.014151 0.078681 -0.509914 0.321065 -0.044467 -0.535766 -0.243724 0.255581 0.090800 0.141191 -0.279566 -0.096143 -0.305791 0.431279 0.553422 0.408038 0.504049 0.222689 0.295346 0.283243 0.233325 0.106728 0.162071 -0.252248 -0.000971 -0.312868 -0.259770 -0.416713 -0.386071 -0.001410 0.105570 0.050989 0.094572 -0.008765 -0.088823 -0.271708 -0.405216 -0.346396 -0.219917 -0.000159 0.086090 0.135775 0.350791 -0.088498 0.006709 -0.437458 -0.294931 -0.116613 -0.316422 -0.090922 0.061549
0.169498 -0.092474 0.404833 -0.048939 0.427283 0.175812 0.442132 0.200782 0.230361 0.013977 -0.194752 -0.159641 -0.138054 -0.120286 0.005539 -0.003832 -0.185409 -0.289132 1.000000 0.398041 0.342017 0.030499 0.223080 -0.188046 0.097906 -0.017770 0.363245 0.169398 0.246557 0.241534 0.403736 0.094223 0.322100 0.294464 0.026033 -0.100857 -0.147251 -0.054196 -0.129768 -0.140093 0.097083 0.117402 0.002594 -0.121485 -0.041334 -0.108891 0.047843 -0.084063 -0.198216 -0.035320 0.086117 -0.374419 -0.391943 -0.265455 -0.332151 -0.104520 -0.209706 -0.136120 -0.279933 -0.410804 0.093611 -0.374904 -0.044185 -0.023870 0.454455 -0.004598 -0.156108 -0.110585 0.012748 -0.146119 0.126528 0.020015 0.369639 0.239114 0.331734 -0.072009 0.196818 -0.143529 0.145659 0.045232 0.048697 0.148421 -0.238359 -0.167923 -0.050776 0.059809 -0.322871 -0.395990 0.178952 -0.229551 -0.022011 -0.020014 -0.167612 -0.026109 -0.431123 0.085211 -0.078318 -0.336557 0.008240 -0.118213 -0.103600 0.118494 0.001495 -0.193591 -0.253453 -0.073594 -0.146922 -0.107927 0.187424 0.190510 -0.164607 0.052178 -0.127537 -0.194791 0.118243 -0.135441
0.040980 0.501626 -0.126590 -0.249707 -0.025334 -0.486999 0.250383 0.004785 0.137198 -0.136326 0.120961 0.108145 0.128030 0.194674 0.065669 -0.043232 0.028565 0.062112 0.398041 1.000000 -0.203459 -0.267847 -0.119313 -0.292498 -0.199213 -0.463318 -0.226174 -0.386774 0.433952 0.340879 0.055653 -0.130502 0.266281 0.294127 -0.222504 -0.256702 0.275052 0.135790 -0.288852 -0.231428 0.217257 0.274988 0.021708 -0.096586 0.078043 -0.282837 0.210006 0.022554 -0.070407 0.226708 -0.256576 -0.101550 -0.097705 -0.062103 -0.316333 -0.016573 -0.002777 0.242068 -0.358666 -0.320899 -0.236601 -0.166235 -0.005732 0.163894 0.152855 -0.230330 -0.386439 -0.374066 0.222073 0.051090 -0.050462 -0.150758 0.337387 0.331667 0.351762 0.061458 0.392501 0.175501 0.034809 0.075322 0.253026 0.303856 0.125687 0.326874 0.012252 0.145404 -0.172867 -0.128905 -0.212866 -0.289062 0.077610 -0.113704 -0.103694 -0.214951 -0.212756 0.023002 0.017138 -0.118313 0.114496 -0.039452 0.254703 -0.013190 0.000997 -0.344064 -0.081472 0.031547 -0.227432 -0.035337 0.015569 0.174946 -0.189641 0.180490 0.222109 -0.106351 0.014006 -0.146211
0.117816 -0.489206 0.261788 0.215520 0.301574 0.524559 -0.004380 -0.030160 -0.025944 0.013914 -0.085114 -0.252733 -0.126899 -0.280109 0.186369 0.076874 -0.166692 -0.230791 0.342017 -0.203459 1.000000 0.523136 0.434458 0.131260 0.487771 0.479350 0.728199 0.702688 0.124380 0.010192 0.654215 0.488510 0.113474 0.126276 0.367120 0.239494 -0.278956 -0.136550 -0.017979 -0.083821 0.167575 0.179459 -0.089430 -0.082353 0.183138 0.238005 -0.266839 -0.313740 -0.143679 -0.083975 0.182939 -0.264709 -0.248464 -0.224499 -0.186218 -0.210969 -0.102127 -0.146260 -0.084271 -0.238780 0.134856 -0.266216 0.130310 -0.044623 0.358103 0.151214 0.026878 0.171184 -0.147448 -0.194019 0.244732 0.558703 0.244335 0.155709 0.228943 0.111665 -0.116503 -0.252224 0.207878 0.150093 -0.040545 -0.017645 -0.206148 -0.328784 0.226870 0.077661 -0.132224 -0.273680 0.305333 0.050156 -0.389594 -0.180600 -0.288359 -0.125501 -0.255101 0.125515 -0.207396 -0.106022 -0.367706 -0.147654 -0.402605 0.039128 -0.267592 -0.068008 -0.260673 -0.047951 -0.001729 0.034244 0.028169 0.068522 -0.075076 -0.165123 -0.210126 -0.166778 0.313646 0.017726
0.170538 -0.275530 0.090418 0.000810 0.130019 0.280620 -0.144592 -0.258989 -0.046406 -0.112577 -0.110374 -0.226715 -0.160973 -0.312867 0.025947 -0.004947 0.175220 0.106299 0.030499 -0.267847 0.523136 1.000000 0.343027 0.081458 0.433269 0.365412 0.519582 0.522211 -0.038350 -0.150676 0.291186 0.238220 -0.022858 -0.115970 -0.044223 -0.177998 -0.192555 -0.270265 0.158874 0.214891 0.150183 -0.018370 -0.129754 -0.085372 -0.054849 0.020174 -0.186571 -0.244923 -0.239876 -0.207705 0.109911 -0.118996 0.062008 0.115943 0.005808 0.035451 0.175140 0.014958 0.277645 0.109856 0.273205 0.053461 0.260582 0.121349 0.073151 -0.091181 0.106740 -0.023181 -0.118902 -0.035848 0.115464 0.141238 -0.006756 0.012452 0.021544 -0.086719 -0.417391 -0.522704 0.280299 0.047840 0.104798 -0.029262 -0.087582 0.051420 0.231356 -0.011353 0.008932 0.024433 0.245457 0.148029 -0.219021 -0.036691 -0.214826 -0.098130 0.109215 0.159186 -0.059416 0.050379 -0.213703 -0.090891 -0.359612 -0.136946 -0.246949 0.010188 0.086863 0.282855 0.241935 0.473672 -0.017362 0.110299 -0.034936 -0.279688 -0.245878 -0.204187 0.284903 0.140283
0.018227 -0.213185 0.359616 0.219878 0.335162 0.446311 0.102889 -0.024714 0.336293 0.085422 -0.155322 -0.411191 -0.321453 -0.335019 0.302968 -0.011807 -0.407960 -0.260792 0.223080 -0.119313 0.434458 0.343027 1.000000 0.471791 0.769984 0.513471 0.715115 0.683550 -0.361999 -0.469717 0.397426 0.070400 -0.197696 -0.054935 0.230728 0.235667 -0.390886 -0.299357 0.022273 -0.174716 -0.281405 -0.093792 -0.296775 -0.242717 0.018395 0.144389 -0.334842 -0.247202 0.067682 -0.274037 0.458499 -0.189234 -0.044392 -0.058590 -0.072085 -0.294939 -0.192823 0.067440 -0.164451 -0.012760 -0.362185 -0.244655 -0.391772 -0.246254 0.242745 -0.077137 0.131970 0.393094 -0.209964 0.064069 0.259324 0.096655 -0.342301 -0.174321 -0.104569 0.000134 -0.157797 -0.149838 -0.056720 -0.063499 -0.293327 -0.166068 0.035725 -0.312328 0.199856 -0.148573 0.073745 -0.048444 0.656116 0.310359 -0.042198 0.066691 0.002326 0.114247 -0.025112 -0.254616 -0.218315 -0.319127 -0.271068 -0.263943 -0.204255 -0.057182 -0.092158 0.073872 -0.086161 -0.040169 -0.051163 -0.156387 -0.332269 -0.210230 0.199097 -0.048498 -0.041658 -0.129394 0.080828 -0.185678
-0.313618 -0.257324 0.120127 0.802266 0.211644 0.562408 -0.061193 0.234048 0.349614 0.452545 -0.038520 0.130252 -0.248941 -0.056442 0.241030 0.328687 -0.440740 -0.442225 -0.188046 -0.292498 0.131260 0.081458 0.471791 1.000000 0.432365 0.652354 0.333811 0.373855 -0.446917 -0.583285 0.148930 0.305176 -0.496953 -0.128057 0.142593 0.348151 -0.253394 -0.078741 -0.143535 -0.238005 -0.521070 -0.003153 -0.230059 -0.159758 -0.015116 0.274809 -0.226446 -0.022528 0.071210 -0.322313 0.390123 -0.162675 0.025659 -0.057484 -0.125392 -0.233958 -0.322662 -0.343093 -0.321295 -0.146393 -0.440099 -0.370436 -0.487875 -0.545575 0.083175 0.081507 -0.093390 0.559106 -0.358319 0.037718 0.476672 0.231430 -0.490032 -0.152491 -0.138020 0.337448 -0.062380 0.353342 -0.281626 -0.374694 -0.384045 -0.483319 0.089815 -0.084227 -0.035591 -0.056219 0.192598 0.202535 0.295067 0.271138 0.187371 0.170609 0.419029 0.287945 0.282057 -0.148345 -0.261586 -0.132531 -0.174566 -0.171133 0.075978 -0.021310 0.046776 0.205623 -0.047999 -0.049197 0.025758 -0.223096 -0.227185 -0.222032 0.274336 -0.010615 -0.250290 0.247566 -0.005546 -0.171807
-0.133837 -0.331651 0.355989 0.199875 0.292267 0.497892 0.031961 -0.098250 0.243195 0.039663 -0.321260 -0.387259 -0.411906 -0.363154 -0.007170 -0.065745 -0.275408 -0.199090 0.097906 -0.199213 0.487771 0.433269 0.769984 0.432365 1.000000 0.632641 0.756456 0.697948 -0.308572 -0.377400 0.467851 0.229095 -0.086056 0.054980 0.241393 0.261176 -0.224985 -0.366632 -0.129063 -0.315419 -0.088985 0.005494 -0.161907 -0.076019 0.184736 0.318857 -0.203629 -0.092137 0.070905 -0.141165 0.402183 -0.276365 -0.070420 -0.178439 -0.114950 -0.222815 -0.059709 0.070777 -0.127089 -0.102860 -0.252001 -0.287941 -0.226450 -0.189212 0.180939 -0.049099 0.089277 0.389740 -0.359347 -0.048438 0.178303 0.104592 -0.196643 -0.037222 0.010315 -0.054934 -0.203275 -0.177879 0.094907 -0.044985 -0.075778 -0.048846 -0.250210 -0.287261 0.132373 -0.119827 -0.117481 -0.162664 0.379970 0.190501 -0.140751 -0.055540 -0.099720 -0.022821 -0.003190 -0.200316 -0.222272 -0.142443 -0.222375 -0.136825 -0.265842 -0.099975 -0.203989 0.011244 -0.207473 0.059257 -0.185333 -0.104669 -0.275610 -0.132771 0.263577 0.050479 -0.095598 -0.115064 0.235893 -0.043117
-0.395769 -0.635927 0.408548 0.463564 0.322930 0.825474 0.041414 0.289898 0.275666 0.286021 -0.414400 -0.318990 -0.330719 -0.231513 -0.030283 0.098911 -0.408356 -0.444197 -0.017770 -0.463318 0.479350 0.365412 0.513471 0.652354 0.632641 1.000000 0.596849 0.691423 -0.422174 -0.437506 0.343373 0.460530 -0.209102 0.111485 0.335404 0.518786 -0.336296 -0.189651 -0.013047 -0.048653 -0.252652 0.120130 -0.130238 -0.028648 0.082341 0.405782 -0.170954 0.040046 0.022520 -0.265082 0.409940 -0.250631 -0.087293 -0.159752 -0.050644 -0.176981 -0.308099 -0.345207 -0.168760 -0.191184 -0.195738 -0.347056 -0.382445 -0.473102 0.063582 0.197180 -0.029432 0.541799 -0.337153 -0.032163 0.353001 0.386205 -0.279091 0.050845 -0.042701 0.156841 -0.211219 0.131229 -0.090308 -0.257486 -0.320661 -0.298107 -0.300105 -0.320669 -0.109992 -0.242620 -0.037833 -0.122025 0.272079 0.158381 0.016320 0.068902 0.137113 0.116151 0.187848 -0.129362 -0.124097 -0.087780 -0.267462 -0.132052 -0.222632 -0.084125 -0.116716 0.131687 -0.012318 0.158544 0.010287 -0.143091 -0.162168 -0.084563 0.442205 -0.057339 -0.264798 0.117733 0.100363 -0.218552
0.068098 -0.440074 0.478040 0.224200 0.551731 0.673987 0.164969 0.085999 0.293336 0.206142 -0.234677 -0.347888 -0.309810 -0.308690 0.144692 0.126397 -0.346045 -0.319191 0.363245 -0.226174 0.728199 0.519582 0.715115 0.333811 0.756456 0.596849 1.000000 0.768894 -0.193460 -0.296543 0.548785 0.220212 -0.190851 -0.086662 0.170913 0.141845 -0.479807 -0.481061 -0.108219 -0.176009 -0.159442 -0.077781 -0.224662 -0.274485 -0.033647 0.106548 -0.267680 -0.199925 -0.033070 -0.369747 0.272166 -0.355718 -0.078644 -0.155002 -0.094410 -0.246788 -0.124269 -0.129812 -0.071264 -0.145532 -0.035155 -0.316191 -0.186197 -0.255775 0.329220 -0.133353 0.002859 0.327227 -0.313270 0.033187 0.330203 0.215277 -0.115540 -0.076513 -0.079795 -0.081840 -0.381130 -0.308562 -0.040831 -0.109875 -0.221673 -0.188936 -0.320252 -0.313429 0.036330 -0.167279 -0.262804 -0.372831 0.503660 0.237747 -0.008969 0.185321 0.011430 0.150763 -0.102710 -0.130889 -0.365804 -0.252896 -0.270190 -0.056473 -0.269691 0.045965 -0.070496 0.129843 -0.097918 0.122567 -0.009785 0.013609 -0.150152 -0.067195 0.087695 -0.039587 -0.149982 -0.266955 0.350424 -0.031707
0.035328 -0.415314 0.233800 0.287683 0.099988 0.604324 -0.207893 -0.209554 -0.023351 -0.079760 -0.293431 -0.335852 -0.368737 -0.424541 0.100326 -0.096937 -0.273003 -0.208234 0.169398 -0.386774 0.702688 0.522211 0.683550 0.373855 0.697948 0.691423 0.768894 1.000000 -0.257350 -0.384043 0.530265 0.408325 0.043438 0.110067 0.414130 0.408333 -0.278286 -0.193761 0.080962 -0.054052 0.031844 0.044324 -0.261227 -0.084438 0.165900 0.430379 -0.391526 -0.324406 -0.078495 -0.151118 0.477452 -0.233957 -0.165737 -0.220869 -0.036820 -0.192532 -0.011511 0.002736 0.003662 -0.065600 -0.052272 -0.185167 -0.091224 -0.122605 0.261931 0.173294 0.226886 0.366772 -0.148207 -0.137126 0.103656 0.376331 -0.117175 -0.044963 0.033500 0.054617 -0.222938 -0.265835 0.182457 0.137092 -0.175190 -0.076403 -0.126167 -0.375672 0.311638 0.087769 0.090593 0.027407 0.553731 0.353382 -0.391698 -0.219364 -0.245200 -0.156751 -0.035642 -0.206608 -0.089465 -0.139458 -0.315083 -0.133377 -0.440709 -0.189191 -0.326319 -0.012191 -0.251147 -0.037262 -0.048807 0.012643 -0.215323 -0.115381 0.171525 -0.246801 -0.316194 -0.077438 0.215636 -0.100246
0.086179 0.144663 -0.188639 -0.274352 -0.052152 -0.473305 0.109209 -0.126604 -0.123925 -0.244974 0.473159 0.369995 0.522296 0.307972 0.188999 0.039812 0.519365 0.389057 0.246557 0.433952 0.124380 -0.038350 -0.361999 -0.446917 -0.308572 -0.422174 -0.193460 -0.257350 1.000000 0.795916 0.333741 0.289226 0.453630 0.327323 -0.278759 -0.351243 0.323680 0.153457 -0.255156 -0.096494 0.472479 0.086643 0.059666 -0.084412 -0.025296 -0.282805 0.189744 -0.135573 -0.170725 0.316690 -0.403202 0.072973 -0.069514 -0.015360 -0.035745 0.131069 -0.100477 0.023347 -0.063086 -0.242528 0.369341 0.072334 0.511088 0.469232 0.305689 0.001748 -0.458479 -0.659167 0.060188 -0.350471 -0.137482 0.164269 0.824076 0.278885 0.526715 -0.047069 0.206331 -0.150138 0.328061 0.351905 0.443922 0.514396 0.077737 0.361186 0.134715 0.333663 -0.238524 -0.162455 -0.328342 -0.333501 -0.326765 -0.315087 -0.437989 -0.447298 -0.389054 0.319279 -0.010038 -0.039736 -0.026271 -0.191202 -0.191392 -0.267688 -0.381816 -0.510386 -0.214400 -0.013932 -0.039897 0.219310 0.151994 0.229824 -0.583366 -0.139827 -0.063249 -0.207412 0.171674 -0.112749
0.001821 0.022461 0.011696 -0.399652 -0.005981 -0.445073 0.261126 0.062368 -0.134124 -0.218563 0.204971 0.169813 0.353261 0.325526 -0.160282 0.012643 0.480393 0.341892 0.241534 0.340879 0.010192 -0.150676 -0.469717 -0.583285 -0.377400 -0.437506 -0.296543 -0.384043 0.795916 1.000000 0.078055 0.148981 0.466178 0.306675 -0.318622 -0.351137 0.257312 0.180006 -0.220866 -0.078170 0.498878 0.288399 0.130094 -0.001299 -0.094801 -0.355303 0.333601 0.046595 -0.165305 0.287062 -0.475301 0.034454 -0.057422 0.023144 -0.038541 0.108672 -0.011892 0.019252 0.062738 -0.213229 0.425362 0.124620 0.449395 0.437789 0.072250 0.065684 -0.334269 -0.653571 0.077303 -0.283014 -0.139768 0.052387 0.828617 0.354626 0.502795 0.039565 0.219561 -0.027488 0.239818 0.248879 0.431758 0.515032 -0.138104 0.393450 -0.068920 0.095363 -0.363368 -0.300421 -0.449173 -0.460614 -0.125975 -0.199182 -0.382354 -0.337951 -0.469487 0.207738 0.141348 -0.023746 0.020357 -0.110473 -0.104992 -0.080368 -0.203054 -0.346158 -0.124552 0.006208 -0.070595 0.013239 0.236775 0.345278 -0.446257 0.030435 0.058408 -0.218242 0.078673 -0.122450
-0.045972 -0.289251 0.072703 0.210200 0.170655 0.226410 -0.072345 -0.138261 -0.058453 -0.100998 -0.031612 -0.105853 -0.094115 -0.282393 0.341573 -0.086728 -0.165407 -0.131642 0.403736 0.055653 0.654215 0.291186 0.397426 0.148930 0.467851 0.343373 0.548785 0.530265 0.333741 0.078055 1.000000 0.744902 0.341150 0.366586 0.317490 0.231686 -0.083503 -0.162619 -0.217677 -0.287937 0.171955 0.025985 -0.082151 -0.054471 0.296371 0.332237 -0.213993 -0.330035 -0.283059 0.045817 0.269512 -0.250126 -0.336427 -0.253065 -0.266719 -0.170433 -0.197167 0.023946 -0.223417 -0.301324 -0.039671 -0.205629 0.014969 0.106370 0.562455 0.113749 -0.156371 0.080346 -0.218338 -0.311329 0.094220 0.394041 0.368331 0.285093 0.423565 -0.035669 0.010082 -0.170311 0.360296 0.204573 0.040219 0.205750 0.061888 -0.247281 0.338341 0.281435 0.020503 -0.082091 0.280550 0.029123 -0.499955 -0.370004 -0.283435 -0.290206 -0.252163 0.184909 -0.265544 -0.305450 -0.478197 -0.457897 -0.304345 -0.247628 -0.403459 -0.430470 -0.477088 -0.090501 -0.181614 0.068315 0.033291 -0.040090 -0.211044 -0.239264 -0.271484 -0.165898 0.258964 -0.068990
-0.319748 -0.435775 -0.034360 0.401935 -0.054465 0.240181 -0.202088 -0.045306 -0.192955 -0.094707 -0.047343 0.087549 -0.129094 -0.186870 0.106778 -0.060213 -0.052700 -0.127604 0.094223 -0.130502 0.488510 0.238220 0.070400 0.305176 0.229095 0.460530 0.220212 0.408325 0.289226 0.148981 0.744902 1.000000 0.332061 0.428842 0.326725 0.339503 0.114919 0.060118 -0.204900 -0.196438 0.240106 0.219793 -0.024367 0.101810 0.309392 0.470396 -0.141289 -0.161614 -0.263059 0.149182 0.207560 -0.148267 -0.384217 -0.220104 -0.247542 -0.072881 -0.234026 -0.188379 -0.212388 -0.358529 -0.021472 -0.196846 -0.011158 0.030055 0.363351 0.324425 -0.187441 0.094686 -0.292462 -0.482646 0.147833 0.522392 0.378671 0.390475 0.488913 0.202858 0.097904 0.073403 0.334591 0.115882 0.057601 0.132001 0.025047 -0.058720 0.263723 0.335513 0.105792 0.109997 0.002148 -0.046364 -0.473151 -0.417868 -0.180078 -0.320916 -0.137844 0.222202 -0.106639 -0.147228 -0.436690 -0.416977 -0.185965 -0.276698 -0.368962 -0.409015 -0.316663 0.036824 -0.041442 0.075926 0.140539 0.024856 -0.144457 -0.238345 -0.332502 0.048689 0.256158 -0.084778
-0.075686 -0.044389 -0.133803 -0.395353 -0.294547 -0.391482 -0.155996 -0.379897 -0.427538 -0.561973 -0.156173 -0.172770 0.003603 -0.309485 -0.213633 -0.453496 0.375940 0.287548 0.322100 0.266281 0.113474 -0.022858 -0.197696 -0.496953 -0.086056 -0.209102 -0.190851 0.043438 0.453630 0.466178 0.341150 0.332061 1.000000 0.795097 0.269187 0.090670 0.444116 0.277021 -0.064105 -0.049110 0.513281 0.228747 0.019682 0.161752 0.293100 0.173509 0.003727 -0.115500 -0.253371 0.469456 -0.043622 -0.039329 -0.364010 -0.261584 -0.183547 0.087333 0.132203 0.373030 0.023321 -0.225285 0.307507 0.078363 0.433796 0.603682 0.250626 0.355372 0.114316 -0.273871 0.411543 -0.191646 -0.459503 0.062193 0.677540 0.420815 0.538783 -0.083594 0.408700 -0.138375 0.640294 0.617914 0.512469 0.721790 -0.053968 -0.058628 0.243705 0.340219 0.041973 0.080147 -0.177600 -0.410122 -0.555784 -0.647878 -0.664200 -0.620149 -0.192034 0.230514 0.358010 0.114978 -0.055831 -0.199912 -0.385477 -0.281290 -0.436859 -0.557106 -0.397082 -0.114969 -0.169784 0.030281 0.308224 0.216305 -0.141315 -0.109593 -0.058409 -0.086865 0.016001 0.035672
-0.324070 -0.197140 -0.003023 -0.077472 -0.133981 -0.119203 -0.006102 -0.056030 -0.140623 -0.257694 -0.216794 -0.121096 0.022071 -0.162834 -0.123618 -0.240093 0.125831 -0.011766 0.294464 0.294127 0.126276 -0.115970 -0.054935 -0.128057 0.054980 0.111485 -0.086662 0.110067 0.327323 0.306675 0.366586 0.428842 0.795097 1.000000 0.395873 0.373708 0.259002 0.197235 -0.301389 -0.202182 0.279543 0.350808 -0.014174 0.100238 0.372197 0.329409 0.012347 -0.026343 -0.200218 0.375332 0.094508 -0.162242 -0.409195 -0.349642 -0.325009 -0.065960 -0.128359 0.147459 -0.305320 -0.541458 0.055523 -0.182882 0.068563 0.247648 0.379545 0.486622 -0.137297 -0.018805 0.239893 -0.178740 -0.231457 0.213622 0.487064 0.463102 0.546509 0.135172 0.473803 0.165033 0.390112 0.312058 0.254706 0.476727 -0.123119 -0.081763 0.066354 0.167459 -0.040095 -0.017600 -0.152799 -0.404279 -0.407051 -0.565946 -0.480788 -0.507319 -0.108828 0.183684 0.273526 0.018205 -0.068045 -0.266713 -0.283186 -0.323820 -0.393671 -0.502330 -0.345354 -0.009641 -0.239740 -0.187590 0.238019 0.198443 0.075880 0.023705 -0.123772 0.142862 0.021524 -0.155390
-0.227618 -0.288735 0.018929 0.195498 -0.092021 0.296251 -0.266855 -0.090508 -0.206577 -0.123944 -0.309976 -0.271948 -0.286781 -0.434216 -0.049654 -0.362683 -0.309903 -0.265691 0.026033 -0.222504 0.367120 -0.044223 0.230728 0.142593 0.241393 0.335404 0.170913 0.414130 -0.278759 -0.318622 0.317490 0.326725 0.269187 0.395873 1.000000 0.820275 -0.060874 -0.035445 -0.043211 -0.219161 -0.009520 0.077811 0.074490 0.278887 0.676839 0.759749 -0.302002 -0.098577 0.081838 0.243071 0.582863 -0.034297 -0.455780 -0.373683 -0.323441 -0.240405 -0.051541 -0.015942 -0.300347 -0.238167 -0.244179 -0.265310 -0.201301 -0.066810 0.261036 0.536681 0.389540 0.622719 0.060651 -0.120166 -0.069908 0.380280 -0.070029 0.163606 0.094138 0.163294 0.285929 0.178918 0.124259 0.207836 -0.154683 -0.017637 -0.011614 -0.575375 0.242938 0.134899 0.236265 0.092893 0.264531 -0.037340 -0.454502 -0.468228 -0.275361 -0.267602 0.033387 0.038176 0.032560 -0.040962 -0.277226 -0.222694 -0.225390 -0.082846 -0.225890 -0.154332 -0.274231 -0.087415 -0.074133 -0.180782 0.080266 -0.053792 0.364983 -0.078612 -0.172830 0.191767 0.071146 -0.010119
-0.426873 -0.396543 0.118839 0.282207 -0.049229 0.414598 -0.105364 0.137551 -0.013102 0.035369 -0.330125 -0.247562 -0.230481 -0.233131 -0.116220 -0.224166 -0.402409 -0.397990 -0.100857 -0.256702 0.239494 -0.177998 0.235667 0.348151 0.261176 0.518786 0.141845 0.408333 -0.351243 -0.351137 0.231686 0.339503 0.090670 0.373708 0.820275 1.000000 -0.057040 0.050257 0.022499 -0.148425 -0.109989 0.195574 0.039955 0.139932 0.560886 0.684938 -0.212879 0.012067 0.176790 0.111299 0.428963 -0.037400 -0.284944 -0.305648 -0.112641 -0.229014 -0.193539 -0.149434 -0.295204 -0.242683 -0.340500 -0.267873 -0.359755 -0.327317 -0.001881 0.461250 0.219103 0.697116 -0.094742 -0.052664 0.118219 0.481913 -0.178362 0.066089 0.016319 0.227938 0.253126 0.388936 -0.093959 -0.058598 -0.332671 -0.204759 -0.071902 -0.476754 -0.009383 -0.077971 0.207269 0.048359 0.175165 0.008414 -0.191927 -0.249818 -0.030436 -0.066045 0.038816 -0.162406 0.009213 -0.131863 -0.174267 -0.141495 -0.057456 -0.049212 -0.097082 -0.034058 -0.145280 -0.071372 -0.119369 -0.308608 -0.029414 -0.195538 0.481105 0.018364 -0.145342 0.318923 0.055799 -0.157886
