1.000000 0.440114 -0.080335 -0.190963 -0.288760 -0.467742 0.118535 0.155412 -0.076336 0.101892 0.427607 0.315898 0.085149 0.089466 0.248665 0.107712 0.287496 0.090971 0.210454 0.278453 -0.027779 -0.335598 -0.341653 -0.394712 -0.468944 -0.450135 -0.325271 -0.316346 0.495542 0.278029 -0.173248 -0.192543 0.210398 -0.103442 -0.372483 -0.422288 0.001583 -0.129069 0.001856 -0.155330 0.019429 -0.078608 -0.172511 -0.202873 -0.295367 -0.439759 -0.066752 -0.304053 -0.331301 -0.365034 -0.341011 -0.113120 0.021875 0.047591 -0.008651 -0.086354 0.148671 0.056177 0.332479 0.133579 0.466771 0.188825 0.346086 0.181272 -0.110183 0.156251 -0.327409 -0.461495 -0.106617 -0.276394 0.232360 0.098371 0.422217 0.204489 0.279682 0.319261 0.194888 0.071716 0.040030 -0.060188 -0.130305 -0.202157 0.165879 0.025937 -0.203796 -0.188799 0.133929 0.061976 0.260535 0.287527 -0.381211 -0.102802 -0.197533 0.150933 -0.027934 0.085002 -0.008924 -0.328198 0.090392 -0.056928 0.064860 0.394419 0.179935 0.319818 0.043601 0.035797 0.216725 0.183283 0.069422 -0.197778 -0.400038 -0.061682 0.156817 -0.023406 -0.041722 0.152490
0.440114 1.000000 -0.582663 -0.035746 -0.552411 -0.592918 -0.448500 0.021209 -0.271780 -0.035799 -0.000230 0.399878 -0.079217 0.341979 -0.149304 0.107958 0.486944 0.464871 -0.074160 0.199414 -0.498197 -0.255790 -0.493264 -0.585139 -0.620503 -0.558984 -0.538272 -0.420241 0.127207 0.271440 -0.501281 -0.396774 0.150229 -0.229955 -0.684230 -0.683354 -0.087427 -0.224886 -0.110978 0.221584 -0.269146 -0.224456 -0.235260 -0.395547 -0.605372 -0.593898 -0.147271 -0.454374 -0.448955 -0.200473 -0.410210 0.140003 0.056428 0.243430 -0.129440 -0.249942 0.467544 0.489377 0.256542 0.615275 0.383051 0.744140 0.412133 0.690086 -0.216482 0.209899 -0.302275 -0.436835 0.379838 0.127943 -0.190724 0.017972 0.106805 0.098610 0.047204 0.106084 -0.154830 -0.195358 0.142022 0.129629 0.285153 0.187773 -0.084341 0.275876 0.159337 -0.019005 0.232934 0.113603 0.168037 0.271077 -0.335776 -0.309238 -0.168463 -0.267445 0.165709 -0.274297 -0.031554 -0.411635 0.153479 -0.276836 0.322570 0.169899 0.458779 0.246908 0.241991 0.142772 0.237017 0.402468 -0.402264 -0.460825 -0.609765 -0.247730 0.215045 -0.226460 0.082714 0.102541
-0.080335 -0.582663 1.000000 0.165322 0.580473 0.414149 0.550312 0.092655 0.435815 -0.114747 0.061827 -0.313631 -0.069174 -0.405338 0.378471 -0.200833 -0.395286 -0.445005 0.131382 -0.099275 0.259990 0.097676 0.505375 0.516021 0.435294 0.405194 0.470475 0.405567 -0.119995 -0.394837 0.317581 0.196236 -0.140855 0.165740 0.529101 0.556274 -0.017107 0.141619 0.126298 -0.109619 0.220473 0.138488 -0.081950 0.133098 0.217279 0.287744 -0.184280 0.164586 0.290438 0.024859 0.477388 0.034632 -0.023742 -0.106155 0.097576 0.105691 -0.456329 -0.331807 -0.130106 -0.336280 -0.167171 -0.449030 -0.255459 -0.479766 0.377968 -0.027338 0.206827 0.405381 -0.435958 -0.096097 0.193449 -0.037196 -0.179243 -0.136898 -0.072345 -0.135044 0.063656 0.150035 -0.058711 0.008813 -0.310526 -0.162883 0.073642 -0.300028 -0.274546 -0.021869 -0.084115 0.082927 -0.057957 0.034527 0.153719 0.189949 0.090744 0.258242 -0.260258 0.110526 -0.090561 0.157389 -0.282757 -0.040556 -0.254175 -0.165411 -0.302838 -0.236704 -0.381183 -0.274626 -0.062276 -0.350305 0.149803 0.268360 0.407595 -0.158508 -0.319133 -0.123777 -0.174000 -0.066547
-0.190963 -0.035746 0.165322 1.000000 -0.063150 0.413912 -0.022430 0.426550 -0.101232 0.005938 -0.151095 0.349131 -0.133630 -0.061768 -0.263909 0.003431 -0.382003 -0.362120 0.153395 0.081809 -0.138273 -0.030089 0.368878 0.426297 -0.020741 0.284497 0.001652 0.280115 -0.329716 -0.272291 0.138713 0.300826 -0.256042 0.011494 0.161231 0.203133 -0.077124 -0.051527 -0.281950 0.052031 0.000301 -0.084315 -0.110103 0.069673 0.033786 0.378306 -0.389126 -0.061577 -0.031018 0.090348 0.130033 0.134115 0.090935 -0.175877 -0.132888 -0.123486 -0.323249 -0.398221 -0.331873 -0.050849 -0.262984 0.094293 0.072149 -0.156650 0.350305 0.516704 0.045478 0.444079 -0.309454 -0.224886 -0.287479 0.179701 -0.405201 -0.057487 -0.075853 0.011644 0.052370 0.090757 -0.211622 -0.288127 -0.105488 -0.194407 0.030509 0.243746 0.002372 0.432724 0.054158 0.315682 0.163919 0.144640 -0.031811 -0.142252 0.170837 -0.081326 -0.164174 -0.088418 -0.167802 -0.117545 -0.261237 -0.240182 0.027563 -0.252646 -0.000258 -0.232352 -0.077696 -0.281038 0.061370 -0.139293 -0.247997 -0.082715 -0.086883 -0.438040 -0.385814 -0.188623 -0.165286 0.003439
-0.288760 -0.552411 0.580473 -0.063150 1.000000 0.395643 0.382702 -0.080515 0.591883 -0.001707 -0.064875 -0.555723 -0.190521 -0.311567 0.193410 -0.174580 -0.301164 -0.447344 0.114453 -0.075763 0.205372 0.236073 0.434929 0.479715 0.533201 0.279950 0.547090 0.371026 -0.216224 -0.420616 0.221212 0.076065 -0.229090 0.025520 0.431976 0.487076 -0.346296 -0.080353 -0.131541 -0.208976 0.010754 0.140821 -0.017402 0.113332 0.291764 0.342655 -0.214242 0.205208 0.407801 0.250470 0.455243 0.061165 -0.124229 -0.000171 0.048251 0.063526 -0.255697 -0.141350 0.119733 -0.110478 -0.168952 -0.415684 -0.424012 -0.410436 0.290530 -0.094390 0.460103 0.484168 -0.109258 0.226963 0.062750 0.062994 -0.323450 -0.189258 -0.144546 -0.228506 -0.010282 0.013403 -0.128119 -0.121264 -0.376252 -0.255684 -0.019103 -0.489712 -0.314081 -0.288852 -0.160696 -0.126014 -0.110088 -0.022435 0.471082 0.375444 0.141341 0.271450 -0.081270 0.055637 -0.270359 0.264013 -0.082667 0.205906 -0.277553 -0.103179 -0.296552 0.065951 -0.152403 0.115925 0.018080 -0.044782 0.298558 0.315520 0.393199 0.133924 -0.109333 0.044297 0.038452 -0.019619
-0.467742 -0.592918 0.414149 0.413912 0.395643 1.000000 0.098313 0.163792 0.153311 0.248051 -0.295218 -0.232147 -0.067837 -0.225864 -0.022406 0.124972 -0.496802 -0.423099 -0.144669 -0.300805 0.273120 0.400852 0.499840 0.756951 0.500355 0.670630 0.556842 0.665108 -0.591792 -0.481999 0.219709 0.303125 -0.459115 0.021428 0.588123 0.600330 -0.083955 0.183172 0.040768 0.033693 0.097686 0.115447 0.028914 0.147566 0.277478 0.509488 -0.111044 0.161159 0.374315 0.116041 0.530797 0.069463 0.088030 -0.085375 0.166256 -0.064638 -0.352969 -0.368780 -0.233039 -0.268703 -0.323736 -0.389310 -0.393332 -0.436551 0.316879 0.223440 0.311054 0.616136 -0.301441 -0.013491 0.008763 0.137453 -0.491922 -0.136024 -0.216106 -0.209159 0.056630 0.135182 -0.291136 -0.187266 -0.312340 -0.283171 -0.139309 -0.202357 -0.152693 0.165263 -0.022527 0.071958 -0.009498 0.029091 0.309061 0.215233 0.423900 0.122227 -0.045428 0.026890 -0.046506 0.239414 -0.474378 -0.168129 -0.148025 -0.463084 -0.232166 -0.279228 -0.015500 -0.030412 -0.106809 -0.291122 -0.007409 0.274271 0.514694 -0.161822 -0.281259 0.053576 -0.075607 -0.144902
0.118535 -0.448500 0.550312 -0.022430 0.382702 0.098313 1.000000 0.261025 0.558863 0.062016 0.224363 -0.095887 0.258818 -0.118172 0.228302 -0.117328 -0.563283 -0.449711 0.191348 0.128756 0.417960 -0.045030 0.209047 0.270008 0.258237 0.157447 0.294318 0.120641 0.043218 -0.073934 0.331268 0.214284 -0.270675 -0.048604 0.311996 0.294296 -0.105672 0.138041 -0.079153 -0.260033 0.109285 0.239785 -0.204850 -0.046559 0.127550 0.099968 -0.084386 -0.005405 0.117910 0.069032 0.234470 0.012342 -0.002827 0.071009 -0.183989 -0.022303 -0.529045 -0.431442 0.028485 -0.313889 -0.225819 -0.379869 -0.327140 -0.480767 0.135045 -0.065155 -0.066269 -0.019957 -0.468935 -0.331016 0.352384 0.024012 0.046842 0.205898 0.286925 0.155034 0.342999 0.290896 -0.300254 -0.276335 -0.440311 -0.365308 0.156168 -0.154009 -0.124273 -0.033659 -0.132153 -0.003620 0.158157 0.059665 0.125043 0.453453 0.202274 0.502433 -0.172710 0.227711 -0.114961 0.046003 -0.096880 0.299530 0.148840 0.138487 0.052055 0.052206 -0.062667 -0.032769 0.054665 -0.128648 0.395088 0.127830 0.156136 0.129103 0.235149 0.169168 -0.070923 0.071470
0.155412 0.021209 0.092655 0.426550 -0.080515 0.163792 0.261025 1.000000 0.163636 0.610929 -0.048334 0.493756 0.275662 0.442072 -0.140108 0.312708 -0.261527 -0.353368 -0.098000 -0.141888 -0.115626 -0.189795 -0.192141 0.059057 -0.331092 -0.125697 -0.148283 -0.063306 -0.186523 -0.063557 -0.204142 -0.078382 -0.353027 -0.219166 -0.086578 -0.016468 -0.002863 0.124159 -0.149532 0.035857 -0.082361 0.119335 -0.005438 0.014989 -0.130657 0.064429 -0.233746 0.080001 0.054524 0.199593 -0.024969 0.285535 0.017871 -0.232349 -0.152241 -0.031855 -0.390556 -0.476814 -0.313719 -0.117039 -0.046111 -0.021230 0.187980 -0.334361 -0.015069 0.596707 -0.287437 0.087691 -0.371897 -0.469895 0.060892 0.160752 -0.082257 0.165417 0.135801 0.105783 0.165641 0.152440 -0.401969 -0.390836 -0.104818 -0.242868 -0.115015 0.158318 -0.078971 0.176663 -0.277799 0.052260 0.036503 0.090966 -0.091599 -0.033944 0.402134 0.075423 -0.059205 0.045814 0.000088 -0.000257 -0.163188 0.071505 0.397537 -0.086278 -0.095000 -0.056779 0.016884 -0.144984 -0.014890 -0.099279 -0.034374 -0.078156 -0.094864 -0.171299 0.020447 -0.231996 -0.148425 -0.054777
-0.076336 -0.271780 0.435815 -0.101232 0.591883 0.153311 0.558863 0.163636 1.000000 0.259798 -0.124361 -0.239894 0.115990 -0.065281 0.299734 -0.059438 -0.325521 -0.201874 0.038899 0.022791 0.197077 0.004511 0.039991 0.216954 0.143501 0.028277 0.227684 0.110888 -0.094176 -0.098187 -0.069807 -0.102659 -0.279650 -0.068407 0.183025 0.332491 -0.232835 0.075750 -0.007342 -0.272686 -0.057438 0.190570 -0.236334 -0.127379 0.012078 0.039959 -0.158176 0.050764 0.179201 0.106247 0.162373 0.161970 -0.135066 0.194760 -0.180784 -0.186026 -0.227094 -0.085391 0.152652 0.016518 0.006493 -0.161888 -0.336126 -0.273804 0.126665 0.015497 0.107864 0.220060 -0.091588 0.129239 0.156482 0.058316 -0.066907 0.107276 0.236075 0.045923 0.127599 0.079797 -0.071199 -0.150390 -0.314600 -0.155081 -0.087718 -0.258630 -0.221507 -0.308589 -0.138799 -0.147923 0.062511 0.017193 0.265967 0.365917 0.222806 0.278234 -0.209994 0.042557 -0.160417 0.094514 -0.080564 0.086260 -0.064055 -0.011722 0.052217 0.204515 -0.095852 0.055897 -0.055607 -0.121716 0.211447 0.203297 0.236520 0.131598 0.010728 -0.070502 -0.215821 -0.149154
0.101892 -0.035799 -0.114747 0.005938 -0.001707 0.248051 0.062016 0.610929 0.259798 1.000000 -0.050411 0.325081 0.300546 0.452804 0.053241 0.543735 -0.116789 -0.060550 -0.413746 -0.228448 -0.041300 -0.166031 -0.387524 0.032086 -0.360386 -0.230216 -0.227301 -0.139016 -0.098558 0.116193 -0.463809 -0.286745 -0.334623 -0.268145 -0.083385 -0.028610 -0.010522 0.156676 -0.110208 -0.170608 -0.142041 0.226769 0.045005 -0.045999 0.021450 0.078364 -0.179732 -0.013637 0.246983 0.194921 0.099473 0.238803 -0.011357 -0.175208 -0.106839 -0.163808 -0.215133 -0.255793 -0.067546 -0.023568 0.029469 -0.107498 0.066649 -0.238491 -0.142626 0.496452 -0.120970 0.096095 -0.072757 -0.138987 -0.020860 0.135597 0.019469 0.149313 0.124881 0.028668 0.107182 0.004200 -0.206307 -0.233546 -0.050488 -0.085987 -0.163378 0.099051 -0.036034 0.072928 -0.290827 -0.218982 0.037492 0.040524 0.074101 0.001001 0.417011 0.082852 0.002995 -0.047564 -0.115113 0.064659 -0.121438 -0.005074 0.197135 -0.109243 -0.168245 0.014607 0.173085 0.091531 0.029576 -0.068999 -0.033962 -0.037707 -0.035896 0.005255 -0.074397 -0.111027 -0.144743 -0.193345
0.427607 -0.000230 0.061827 -0.151095 -0.064875 -0.295218 0.224363 -0.048334 -0.124361 -0.050411 1.000000 0.301159 0.214175 0.200533 0.447509 0.179524 0.034672 -0.171056 0.165885 0.108781 -0.051701 0.026446 0.130377 -0.094649 -0.098898 -0.107022 -0.121390 -0.225413 0.548300 0.233187 0.179421 0.210857 0.046802 0.060066 -0.025104 -0.041841 0.220568 0.008772 0.051118 -0.135136 0.248757 0.078289 -0.086801 -0.110346 0.130203 -0.104476 -0.068493 -0.273422 -0.078639 -0.168836 -0.207457 -0.164559 0.028166 -0.035178 -0.160371 0.074629 -0.315639 -0.320175 0.005308 -0.348171 -0.012664 -0.036304 0.112265 -0.092900 0.205435 0.058990 -0.424095 -0.394066 -0.307564 -0.485363 0.197635 0.145253 0.248882 0.167982 0.245912 0.289596 0.248349 0.081945 -0.067768 -0.087752 -0.037145 -0.190673 0.675573 0.221638 0.043811 0.107353 0.170790 0.016398 0.118065 0.084802 -0.353434 -0.114123 -0.243220 0.246971 -0.059749 -0.021718 -0.086944 -0.416509 -0.006536 0.115642 -0.001608 0.283385 -0.142476 -0.006711 0.180373 0.050272 0.117485 0.064662 0.126003 -0.178687 -0.270566 -0.019236 0.000189 0.173353 -0.000099 0.167756
0.315898 0.399878 -0.313631 0.349131 -0.555723 -0.232147 -0.095887 0.493756 -0.239894 0.325081 0.301159 1.000000 0.303275 0.623029 0.027489 0.488194 0.004526 0.155718 -0.158806 0.029993 -0.340705 -0.319241 -0.345916 -0.222116 -0.558544 -0.283523 -0.572547 -0.410342 0.267145 0.463615 -0.210233 0.091049 -0.148213 -0.059204 -0.359095 -0.265817 0.345651 0.150492 -0.183392 -0.012333 0.055633 -0.001330 -0.084229 -0.116661 -0.174877 -0.126746 -0.185468 -0.223544 -0.144371 -0.095606 -0.308429 0.072134 0.105068 -0.182085 -0.265671 -0.082362 -0.255673 -0.374440 -0.282320 -0.094240 0.072888 0.294836 0.564972 0.076264 -0.042019 0.621307 -0.580191 -0.238001 -0.235624 -0.536169 -0.170534 0.205223 0.198039 0.212212 0.227234 0.362520 0.137107 0.078072 -0.059772 -0.143117 0.153445 -0.021210 0.197869 0.715620 0.041906 0.399643 -0.036906 0.076504 -0.034816 -0.021437 -0.436104 -0.475497 -0.040656 -0.227384 -0.105888 -0.013784 -0.053812 -0.330391 -0.057689 -0.128742 0.319534 -0.059425 -0.024200 -0.055866 0.205146 -0.084907 0.118633 0.067094 -0.177705 -0.278546 -0.452341 -0.251359 -0.123902 -0.190898 -0.144306 0.155443
0.085149 -0.079217 -0.069174 -0.133630 -0.190521 -0.067837 0.258818 0.275662 0.115990 0.300546 0.214175 0.303275 1.000000 0.536612 0.425152 0.472305 -0.224093 0.043815 -0.313718 -0.014582 0.217084 -0.066984 -0.392998 -0.045993 -0.150862 -0.120950 -0.072860 -0.114845 0.315037 0.489708 0.058731 0.193966 -0.010128 0.235662 -0.062841 0.160770 0.340274 0.175696 0.104973 -0.063403 0.210517 0.103128 -0.178506 -0.208531 -0.031408 -0.190316 0.063087 -0.069707 0.227322 0.068545 -0.256929 0.054882 0.175302 0.086587 0.031997 -0.073106 -0.253152 -0.326780 0.044184 -0.241963 0.264503 0.043473 0.201198 -0.091900 -0.386255 -0.002198 -0.492968 -0.419079 -0.241373 -0.393953 0.116660 0.101438 0.451305 0.208354 0.269578 0.272427 0.236908 0.240049 -0.107549 -0.104161 -0.092174 -0.116443 -0.012277 0.353072 -0.405562 -0.102767 -0.149790 -0.222611 -0.312686 -0.212782 -0.137757 -0.046359 0.128562 0.000746 -0.244110 0.242687 -0.005496 -0.220482 -0.144290 0.079328 0.280504 0.123918 -0.068323 -0.005549 0.112736 0.018470 -0.152252 -0.052541 0.196934 -0.027210 -0.043208 0.187692 0.190657 0.227774 -0.088685 -0.045594
0.089466 0.341979 -0.405338 -0.061768 -0.311567 -0.225864 -0.118172 0.442072 -0.065281 0.452804 0.200533 0.623029 0.536612 1.000000 0.202728 0.694967 -0.052564 0.189762 -0.446802 -0.160281 -0.258560 -0.046649 -0.410571 -0.205641 -0.397196 -0.311336 -0.285459 -0.341498 0.109029 0.454545 -0.332324 -0.102827 -0.286235 -0.213250 -0.343628 -0.215639 0.260827 0.259557 0.097235 0.149431 0.047643 0.254778 -0.139970 -0.340711 -0.239280 -0.309823 -0.125976 -0.272082 0.131116 0.272513 -0.130942 0.407615 0.304725 0.168024 -0.048528 -0.006156 -0.263959 -0.345346 -0.104779 0.085064 0.156041 0.382551 0.391364 0.176824 -0.296839 0.392422 -0.545477 -0.383131 -0.114494 -0.443233 -0.006772 0.196950 0.156760 0.281943 0.141029 0.194041 0.041256 0.026741 -0.261448 -0.309177 0.118978 -0.113314 0.149753 0.592729 -0.102697 0.043521 -0.024524 -0.058153 -0.126008 0.040537 -0.100477 -0.144569 0.173518 -0.053075 0.058379 -0.079844 -0.086725 -0.332541 -0.025566 0.020558 0.526401 -0.046517 -0.078298 -0.097780 0.253421 0.176970 0.046865 0.043498 -0.025753 -0.227304 -0.314950 -0.087020 0.161091 -0.014254 0.016590 -0.055769
0.248665 -0.149304 0.378471 -0.263909 0.193410 -0.022406 0.228302 -0.140108 0.299734 0.053241 0.447509 0.027489 0.425152 0.202728 1.000000 0.461926 -0.149282 -0.015478 -0.106318 -0.029505 0.107602 0.109599 0.078367 0.087132 0.023076 -0.041489 0.107995 -0.015925 0.382682 0.249327 -0.046681 -0.006479 -0.040086 0.081476 0.007256 0.219632 0.337767 0.226111 0.403952 -0.013413 0.368889 0.286741 -0.252865 -0.249769 -0.091689 -0.243500 -0.061622 -0.245328 0.210547 -0.103549 0.073292 0.050431 0.172385 0.199458 0.076180 -0.014823 -0.276631 -0.236713 0.063963 -0.174138 0.157363 -0.099210 0.059987 -0.027250 0.068359 -0.013027 -0.302673 -0.205091 -0.155107 -0.193575 0.240383 0.090213 0.226902 0.107381 0.157090 0.174598 0.153629 0.062810 0.092761 0.020545 -0.066196 -0.055491 0.436263 0.165336 -0.408969 -0.178085 0.146628 -0.089489 -0.136850 0.085717 -0.034711 -0.021027 0.007798 0.221675 -0.128673 0.053020 -0.143280 -0.301520 -0.233359 -0.128056 -0.044862 -0.034211 -0.228194 -0.117236 0.003527 0.028328 0.104682 -0.158341 0.095470 -0.026533 -0.001590 -0.013396 -0.125479 0.014001 -0.202166 -0.007117
0.107712 0.107958 -0.200833 0.003431 -0.174580 0.124972 -0.117328 0.312708 -0.059438 0.543735 0.179524 0.488194 0.472305 0.694967 0.461926 1.000000 -0.162497 -0.015176 -0.356916 -0.162091 -0.072262 -0.011272 -0.207193 0.072266 -0.339288 -0.140398 -0.182548 -0.049086 0.159708 0.385241 -0.284261 -0.017139 -0.310995 -0.187574 -0.230214 -0.036756 0.395320 0.412051 0.188795 0.100596 0.282784 0.437908 -0.118827 -0.256302 -0.235957 -0.233176 -0.167910 -0.228675 0.236241 0.025785 0.009914 0.194447 0.262086 0.030912 0.080012 -0.031904 -0.245607 -0.392567 -0.104681 -0.125941 0.139523 0.071357 0.114787 -0.073921 -0.105525 0.387057 -0.466320 -0.278040 -0.127359 -0.376620 0.067638 0.315356 0.139279 0.361323 0.229007 0.323826 0.268318 0.147422 -0.237916 -0.266645 -0.076483 -0.260526 0.217974 0.499478 -0.245227 0.010873 0.142580 -0.011826 -0.101545 0.089010 -0.025573 -0.134159 0.346883 0.063482 0.031972 0.073370 -0.030947 -0.235127 -0.155325 0.007127 0.336950 -0.197750 -0.164211 -0.072121 0.252904 0.115399 0.078946 -0.094479 -0.044567 -0.026622 -0.122904 -0.012081 -0.019988 0.112445 -0.135186 -0.059025
0.287496 0.486944 -0.395286 -0.382003 -0.301164 -0.496802 -0.563283 -0.261527 -0.325521 -0.116789 0.034672 0.004526 -0.224093 -0.052564 -0.149282 -0.162497 1.000000 0.544055 0.028255 -0.028473 -0.394177 -0.157300 -0.428960 -0.653428 -0.363284 -0.469412 -0.403589 -0.481125 0.321065 0.106213 -0.392441 -0.483021 0.559019 -0.034223 -0.430247 -0.494850 -0.048921 -0.314255 -0.048916 0.101206 -0.121898 -0.315191 0.205174 0.027563 -0.139923 -0.251436 0.121430 -0.006294 -0.264183 -0.232033 -0.378904 -0.157448 -0.216946 -0.087550 -0.003860 -0.040883 0.698872 0.620144 0.162105 0.182980 0.376763 0.226256 0.336552 0.451794 -0.181263 -0.173772 0.015915 -0.287849 0.525342 0.342171 -0.216679 -0.400512 0.227623 -0.207404 -0.106421 -0.217347 -0.371974 -0.464787 0.498075 0.436195 0.514823 0.481835 -0.102474 -0.096861 0.220725 -0.115111 -0.028025 -0.221391 -0.067190 -0.192967 -0.372277 -0.333755 -0.335149 -0.306694 0.169983 -0.260754 0.096773 -0.025321 0.340070 -0.028959 -0.143655 0.218130 -0.012918 0.138466 0.076552 0.141597 0.097272 0.362280 -0.232886 -0.301868 -0.340774 0.184619 0.082622 -0.190485 0.232495 0.071772
0.090971 0.464871 -0.445005 -0.362120 -0.447344 -0.423099 -0.449711 -0.353368 -0.201874 -0.060550 -0.171056 0.155718 0.043815 0.189762 -0.015478 -0.015176 0.544055 1.000000 -0.258745 0.007050 -0.254089 -0.129186 -0.539211 -0.532445 -0.194962 -0.197300 -0.390551 -0.390224 0.288781 0.458217 -0.224333 -0.232960 0.360555 0.099858 -0.346535 -0.380637 0.192222 -0.016835 0.124169 0.086940 -0.091744 -0.145144 -0.060982 -0.165057 -0.197659 -0.342867 0.180999 -0.180616 -0.231245 -0.148529 -0.307635 -0.013270 -0.006269 0.102823 -0.023933 -0.070522 0.504373 0.540944 0.187771 0.310169 0.368871 0.362714 0.425243 0.603195 -0.322839 -0.113714 -0.103998 -0.329829 0.454303 0.277848 -0.205527 -0.364125 0.382087 -0.073582 -0.078675 -0.122589 -0.312896 -0.277989 0.510025 0.508766 0.427970 0.480581 -0.169507 0.187324 0.074757 -0.022292 0.050010 -0.214799 -0.142780 -0.178651 -0.305998 -0.370820 -0.371586 -0.479662 -0.001297 -0.135239 -0.017099 -0.128278 0.081690 -0.223112 -0.008988 0.075606 0.051678 -0.006216 0.028286 0.030341 -0.053703 0.243772 -0.232543 -0.224615 -0.283376 -0.052031 0.028048 -0.078401 0.045537 0.023680
0.210454 -0.074160 0.131382 0.153395 0.114453 -0.144669 0.191348 -0.098000 0.038899 -0.413746 0.165885 -0.158806 -0.313718 -0.446802 -0.106318 -0.356916 0.028255 -0.258745 1.000000 0.455812 0.127302 -0.076132 0.383770 0.022966 0.085235 -0.021596 0.151032 0.023141 0.177173 -0.169141 0.274894 0.085983 0.196882 -0.070431 -0.050267 -0.142368 -0.263373 -0.156476 -0.052321 -0.102671 -0.051074 -0.041298 -0.002113 0.165698 -0.049343 -0.065721 0.004564 0.062996 -0.341094 -0.198605 -0.134169 -0.213729 -0.156905 -0.004691 -0.075016 0.072935 -0.014762 -0.033497 0.024976 -0.018063 -0.106722 0.004828 -0.122758 -0.062113 0.418829 -0.180967 0.200470 0.025847 -0.133804 -0.062055 0.148756 -0.031386 0.003863 0.077653 0.152086 0.151517 0.162314 0.072809 -0.075541 -0.092377 -0.166144 -0.267608 0.324455 -0.295916 0.083930 -0.181751 0.194753 0.029162 0.337271 0.209610 0.064289 0.261661 -0.086426 0.219986 -0.025297 0.078186 -0.024387 -0.166533 0.124613 0.161581 -0.208476 0.278564 0.242725 0.253520 -0.154463 -0.095385 0.035054 0.018218 0.040099 0.007003 -0.039490 0.030130 0.105744 0.048254 -0.127556 0.075056
0.278453 0.199414 -0.099275 0.081809 -0.075763 -0.300805 0.128756 -0.141888 0.022791 -0.228448 0.108781 0.029993 -0.014582 -0.160281 -0.029505 -0.162091 -0.028473 0.007050 0.455812 1.000000 0.261759 -0.364091 -0.000595 -0.065863 -0.110194 -0.189166 -0.138940 -0.002115 0.314399 0.342458 0.173888 0.127469 0.312208 0.217196 -0.226586 -0.150284 -0.146821 -0.052115 -0.060049 -0.167724 -0.138024 -0.133852 -0.164494 -0.024699 -0.130246 -0.149405 0.030438 -0.097714 -0.208644 -0.155224 -0.294873 -0.260117 -0.120755 0.038126 -0.136116 -0.078101 0.147841 0.139789 0.286119 0.162616 0.100328 0.161316 -0.078936 0.054375 -0.134293 -0.233846 0.027140 -0.162530 0.094132 0.058043 0.076259 0.094211 0.269368 0.186723 0.207499 0.361435 0.256238 0.216640 0.023708 -0.126128 -0.269226 -0.312229 0.044271 -0.032687 -0.100175 -0.253657 0.154430 0.192851 0.249402 0.184316 -0.015934 0.022284 -0.122914 0.095588 -0.293512 0.158289 -0.100381 -0.241599 0.023344 0.047034 -0.005942 0.377435 0.322693 0.268169 -0.187110 -0.152575 0.115193 -0.036123 0.075980 0.054045 -0.151816 0.026093 0.217668 0.214701 -0.251291 0.037222
-0.027779 -0.498197 0.259990 -0.138273 0.205372 0.273120 0.417960 -0.115626 0.197077 -0.041300 -0.051701 -0.340705 0.217084 -0.258560 0.107602 -0.072262 -0.394177 -0.254089 0.127302 0.261759 1.000000 -0.029760 0.213918 0.372043 0.414606 0.306130 0.425991 0.448993 0.070447 0.112676 0.456923 0.312724 0.047906 0.275536 0.439632 0.399709 0.020596 0.287021 0.112242 -0.253675 0.117327 0.181170 -0.017720 0.081872 0.174960 0.134086 0.257385 0.225731 0.177963 0.089186 0.125685 -0.170316 0.040620 0.081824 0.188888 0.067392 -0.223067 -0.175021 0.082248 -0.139045 -0.078480 -0.383037 -0.334098 -0.381705 -0.164503 -0.407279 0.062746 -0.036332 -0.264334 -0.082509 0.571692 0.275738 0.323867 0.312588 0.338900 0.306856 0.448909 0.565259 -0.215255 -0.184100 -0.524716 -0.406303 -0.107846 -0.299417 -0.281637 -0.364428 -0.011570 0.163341 -0.096102 0.012215 0.376630 0.417158 0.168222 0.404908 -0.330647 0.488512 -0.050067 0.094271 -0.215441 0.105745 -0.126943 0.169653 -0.008544 -0.049549 -0.418044 -0.177974 -0.229879 -0.318731 0.442188 0.528524 0.508186 0.237951 0.178889 0.410254 -0.261183 -0.218098
-0.335598 -0.255790 0.097676 -0.030089 0.236073 0.400852 -0.045030 -0.189795 0.004511 -0.166031 0.026446 -0.319241 -0.066984 -0.046649 0.109599 -0.011272 -0.157300 -0.129186 -0.076132 -0.364091 -0.029760 1.000000 0.330167 0.229641 0.343878 0.300324 0.417400 0.147317 -0.312667 -0.258432 0.025865 0.035549 -0.290481 -0.155123 0.102856 0.140335 -0.088765 -0.040846 0.269530 0.532020 0.067636 0.198675 -0.120083 -0.117925 0.083622 0.046167 -0.001359 -0.161483 0.028774 0.017306 0.285775 0.126310 0.027478 0.198176 -0.055771 0.073979 -0.093892 -0.101752 -0.060346 -0.091774 -0.266642 -0.115908 -0.248954 0.160248 0.389529 -0.013085 0.085602 0.191114 0.032073 -0.037449 -0.047226 -0.019623 -0.459525 -0.209501 -0.398968 -0.377764 -0.317431 -0.324802 -0.169574 -0.105630 0.225129 0.096903 0.177881 -0.016795 0.038331 0.154315 0.158821 -0.006846 -0.058334 -0.059575 0.080695 0.240781 0.088918 0.091531 0.533625 -0.251642 -0.021985 0.056587 -0.322249 -0.221884 -0.077477 -0.311757 -0.010538 -0.143201 0.418952 0.512009 -0.057069 0.191310 -0.011805 -0.086404 0.092050 -0.070917 0.037997 -0.060956 0.472599 0.187645
-0.341653 -0.493264 0.505375 0.368878 0.434929 0.499840 0.209047 -0.192141 0.039991 -0.387524 0.130377 -0.345916 -0.392998 -0.410571 0.078367 -0.207193 -0.428960 -0.539211 0.383770 -0.000595 0.213918 0.330167 1.000000 0.699224 0.567809 0.570538 0.650737 0.571777 -0.359123 -0.533564 0.461633 0.354349 -0.253643 -0.000905 0.550333 0.423804 -0.192750 0.047089 0.073076 0.076638 0.086842 0.117649 -0.132657 0.012686 0.176151 0.314325 -0.209907 -0.051265 0.138822 0.074202 0.551466 0.072202 0.214472 0.162481 0.117558 0.040447 -0.419716 -0.311119 -0.201838 -0.182980 -0.494938 -0.235904 -0.484119 -0.265419 0.619630 -0.071548 0.335292 0.422343 -0.345583 -0.032054 0.110997 0.162267 -0.526185 -0.071844 -0.135971 -0.087830 0.103694 0.147973 -0.319559 -0.248243 -0.323722 -0.360659 0.424568 -0.233205 0.122044 0.075803 0.203849 0.281663 0.274340 0.275983 0.369686 0.404339 0.160303 0.412943 -0.015516 -0.111131 -0.183077 -0.011286 -0.312403 -0.064855 -0.234977 -0.259008 -0.170322 -0.319772 -0.231021 -0.135186 0.060519 -0.266792 0.034893 0.130018 0.364939 -0.259866 -0.211043 0.065867 -0.065361 0.004709
-0.394712 -0.585139 0.516021 0.426297 0.479715 0.756951 0.270008 0.059057 0.216954 0.032086 -0.094649 -0.222116 -0.045993 -0.205641 0.087132 0.072266 -0.653428 -0.532445 0.022966 -0.065863 0.372043 0.229641 0.699224 1.000000 0.588202 0.696539 0.668178 0.785328 -0.455325 -0.420393 0.462115 0.500762 -0.420268 0.113274 0.657693 0.629555 -0.049112 0.273516 -0.033167 -0.107173 0.096155 0.211265 -0.237532 -0.054020 0.161505 0.346748 -0.330618 0.009617 0.329784 0.149706 0.549231 0.133893 0.253642 0.109981 0.184155 -0.140044 -0.577036 -0.484047 -0.168184 -0.229350 -0.343225 -0.313597 -0.466132 -0.448644 0.341519 0.094294 0.230765 0.479766 -0.523257 -0.148488 0.110901 0.360448 -0.430582 0.139187 0.054865 0.069968 0.334180 0.431024 -0.404918 -0.349333 -0.578039 -0.475204 0.046145 -0.232933 -0.167777 0.068701 0.064297 0.166396 0.038679 0.157877 0.433787 0.368204 0.403169 0.390775 -0.247717 0.112629 -0.193504 0.118197 -0.443044 -0.118019 -0.067744 -0.269143 -0.178793 -0.242763 -0.229734 -0.158726 -0.104388 -0.415722 0.166466 0.409139 0.570775 -0.151312 -0.250679 0.165991 -0.227274 -0.156492
-0.468944 -0.620503 0.435294 -0.020741 0.533201 0.500355 0.258237 -0.331092 0.143501 -0.360386 -0.098898 -0.558544 -0.150862 -0.397196 0.023076 -0.339288 -0.363284 -0.194962 0.085235 -0.110194 0.414606 0.343878 0.567809 0.588202 1.000000 0.830404 0.679314 0.593446 -0.285310 -0.380659 0.698505 0.506925 -0.086369 0.299331 0.736316 0.621910 -0.041440 0.095785 0.050117 -0.103922 0.202909 0.074379 0.050700 0.195838 0.372126 0.360313 0.154957 0.280440 0.136513 0.112489 0.366595 -0.115147 -0.018024 0.076527 0.156812 0.094443 -0.241916 -0.134574 -0.100980 -0.289519 -0.331370 -0.446517 -0.403057 -0.344756 0.135206 -0.370725 0.294436 0.310493 -0.200613 0.107994 0.167829 -0.028599 -0.180326 -0.082182 -0.127862 -0.148929 0.126021 0.280579 -0.086163 0.036574 -0.282039 -0.190497 -0.006133 -0.401932 -0.083877 -0.091328 0.011063 -0.053672 -0.149904 -0.168261 0.259361 0.264483 -0.004786 0.182498 -0.097997 0.139876 0.062092 0.286833 -0.238752 0.064207 -0.230691 -0.190779 -0.271985 -0.262098 -0.277962 -0.124794 -0.197945 -0.215540 0.221205 0.416197 0.655188 0.107490 -0.018458 0.193168 -0.056791 -0.145150
-0.450135 -0.558984 0.405194 0.284497 0.279950 0.670630 0.157447 -0.125697 0.028277 -0.230216 -0.107022 -0.283523 -0.120950 -0.311336 -0.041489 -0.140398 -0.469412 -0.197300 -0.021596 -0.189166 0.306130 0.300324 0.570538 0.696539 0.830404 1.000000 0.539041 0.738134 -0.327028 -0.350773 0.712321 0.682418 -0.222530 0.341435 0.776343 0.668330 0.158290 0.262017 0.057578 -0.072358 0.293433 0.053586 0.025602 0.190540 0.311469 0.393769 0.102233 0.236200 0.134188 -0.002206 0.319962 -0.110763 0.136333 -0.016298 0.200396 0.053164 -0.302430 -0.258939 -0.250203 -0.427188 -0.314098 -0.406091 -0.376624 -0.406916 0.175997 -0.136702 0.115764 0.283569 -0.364783 -0.078107 0.153739 0.105632 -0.206509 -0.017716 -0.055627 0.006310 0.259094 0.400916 -0.145942 0.026625 -0.364114 -0.290661 -0.033841 -0.212907 -0.077010 0.084537 0.116993 0.136090 -0.115180 -0.106217 0.081721 0.085756 0.074427 0.102397 -0.198891 0.219875 0.192549 0.225074 -0.344228 -0.021712 -0.117181 -0.262381 -0.244317 -0.335459 -0.271260 -0.323762 -0.275557 -0.367053 0.148064 0.459178 0.634909 -0.074341 -0.204225 0.212398 -0.179232 -0.154774
-0.325271 -0.538272 0.470475 0.001652 0.547090 0.556842 0.294318 -0.148283 0.227684 -0.227301 -0.121390 -0.572547 -0.072860 -0.285459 0.107995 -0.182548 -0.403589 -0.390551 0.151032 -0.138940 0.425991 0.417400 0.650737 0.668178 0.679314 0.539041 1.000000 0.703431 -0.437515 -0.447896 0.408351 0.241058 -0.289107 0.035886 0.515260 0.428319 -0.263636 0.111081 0.160648 0.044394 0.036259 0.107431 -0.174445 -0.113126 0.049766 0.064647 0.024970 0.040021 0.169664 0.084660 0.510305 0.137635 0.201468 0.331300 0.350334 0.085038 -0.324688 -0.208222 0.023811 -0.043630 -0.222233 -0.227906 -0.491668 -0.238696 0.306417 -0.221282 0.294080 0.308152 -0.329575 0.036306 0.260766 0.083697 -0.349761 -0.032503 -0.152775 -0.181841 0.052166 0.213480 -0.304711 -0.183492 -0.384901 -0.327404 0.102522 -0.418891 -0.159370 -0.237389 0.132805 0.053511 0.073224 0.163796 0.524938 0.548896 0.273407 0.399412 -0.058779 0.068069 -0.122060 0.084754 -0.266093 0.003046 -0.127719 -0.194826 -0.090893 -0.170323 -0.179437 0.060696 -0.170216 -0.239875 0.190777 0.271478 0.519648 -0.081584 0.055729 0.200011 0.031200 -0.154398
-0.316346 -0.420241 0.405567 0.280115 0.371026 0.665108 0.120641 -0.063306 0.110888 -0.139016 -0.225413 -0.410342 -0.114845 -0.341498 -0.015925 -0.049086 -0.481125 -0.390224 0.023141 -0.002115 0.448993 0.147317 0.571777 0.785328 0.593446 0.738134 0.703431 1.000000 -0.407076 -0.394455 0.492030 0.450697 -0.254906 0.235926 0.596793 0.522492 -0.057663 0.254016 0.064336 -0.059839 0.147973 0.043642 -0.146096 -0.036475 -0.039872 0.126988 -0.012597 0.103138 0.187349 0.021260 0.368867 0.066553 0.307079 0.227165 0.425782 -0.017080 -0.215050 -0.144303 -0.041917 -0.086926 -0.101802 -0.210069 -0.546099 -0.374285 0.124696 -0.158918 0.148244 0.244379 -0.371662 0.031188 0.267823 0.270799 -0.242095 0.090904 0.025536 0.099912 0.338555 0.525034 -0.286377 -0.125164 -0.637192 -0.473945 -0.132173 -0.392706 -0.221803 -0.167980 0.225351 0.317165 0.034520 0.255675 0.372690 0.307163 0.319758 0.275772 -0.276603 0.307224 0.055379 0.099574 -0.346146 -0.066601 -0.051527 -0.183549 -0.070339 -0.201653 -0.349019 -0.303968 -0.258946 -0.440018 0.194394 0.507525 0.620011 -0.115341 -0.092702 0.346260 -0.201313 -0.233270
0.495542 0.127207 -0.119995 -0.329716 -0.216224 -0.591792 0.043218 -0.186523 -0.094176 -0.098558 0.548300 0.267145 0.315037 0.109029 0.382682 0.159708 0.321065 0.288781 0.177173 0.314399 0.070447 -0.312667 -0.359123 -0.455325 -0.285310 -0.327028 -0.437515 -0.407076 1.000000 0.675273 0.131950 0.121139 0.514538 0.311886 -0.305713 -0.250687 0.354494 0.025341 0.012275 -0.215186 0.320913 -0.033354 0.066635 0.038546 0.024838 -0.255242 0.180497 -0.044743 -0.182293 -0.296214 -0.509349 -0.375093 -0.214788 -0.173390 -0.200747 0.162803 0.139195 0.053107 0.178294 -0.269148 0.406461 -0.021360 0.304061 0.023588 -0.116586 -0.213040 -0.452282 -0.631706 0.030054 -0.208441 0.112760 -0.049933 0.778172 0.147751 0.343641 0.425591 0.204259 0.050705 0.406313 0.318387 0.063414 0.037644 0.313754 0.229532 -0.237174 -0.207992 0.057756 -0.098742 -0.211926 -0.240313 -0.472016 -0.363126 -0.441301 -0.149133 -0.220700 0.333626 0.011003 -0.281029 0.255564 0.235513 -0.147276 0.393993 -0.104555 0.200235 -0.070446 -0.074223 0.014037 0.161607 0.255275 0.015228 -0.338651 0.275679 0.033532 0.171498 -0.089972 0.231950
0.278029 0.271440 -0.394837 -0.272291 -0.420616 -0.481999 -0.073934 -0.063557 -0.098187 0.116193 0.233187 0.463615 0.489708 0.454545 0.249327 0.385241 0.106213 0.458217 -0.169141 0.342458 0.112676 -0.258432 -0.533564 -0.420393 -0.380659 -0.350773 -0.447896 -0.394455 0.675273 1.000000 -0.062940 0.063937 0.207406 0.212190 -0.447356 -0.270493 0.356228 0.237477 0.060633 -0.071158 0.142307 0.106594 -0.096348 -0.176387 -0.172164 -0.375970 0.146648 -0.145534 -0.054262 -0.099100 -0.422225 -0.112777 -0.032892 -0.026146 -0.242061 -0.007350 0.057990 0.024992 0.112074 0.013041 0.326862 0.195936 0.348959 0.190677 -0.362234 -0.068809 -0.526672 -0.563658 0.140079 -0.224908 0.113675 0.229760 0.747657 0.374162 0.326412 0.518907 0.166866 0.173549 0.130602 0.110612 0.070374 0.054961 0.060374 0.502614 -0.194351 -0.142206 -0.053695 -0.011524 -0.275298 -0.189183 -0.259645 -0.357959 -0.199850 -0.209627 -0.177487 0.265170 -0.092916 -0.292960 0.025919 0.015339 0.178213 0.239451 0.056242 0.142845 -0.006225 -0.026648 -0.006110 0.095734 0.148520 -0.009705 -0.347574 0.052019 0.107544 0.147119 -0.192428 0.079976
-0.173248 -0.501281 0.317581 0.138713 0.221212 0.219709 0.331268 -0.204142 -0.069807 -0.463809 0.179421 -0.210233 0.058731 -0.332324 -0.046681 -0.284261 -0.392441 -0.224333 0.274894 0.173888 0.456923 0.025865 0.461633 0.462115 0.698505 0.712321 0.408351 0.492030 0.131950 -0.062940 1.000000 0.860466 0.139443 0.584572 0.632016 0.546775 0.154196 0.072174 -0.036928 -0.291082 0.289438 -0.095420 0.021306 0.207623 0.408620 0.312095 0.157225 0.254251 -0.012373 -0.132573 -0.015905 -0.420414 -0.008825 -0.139195 0.120898 0.160861 -0.240810 -0.232474 -0.073705 -0.513904 -0.129677 -0.350533 -0.261147 -0.439641 0.091600 -0.355953 0.017518 -0.013773 -0.424255 -0.183933 0.207033 0.161009 0.182122 0.057086 0.122537 0.241672 0.392225 0.488768 -0.078735 0.017700 -0.466681 -0.402626 0.079388 -0.200129 -0.186560 -0.129617 0.070867 0.062200 -0.104095 -0.220591 -0.015523 0.065457 -0.184757 0.080574 -0.384433 0.435035 0.147759 0.128505 -0.106226 0.257172 -0.165494 0.091813 -0.175270 -0.100302 -0.357189 -0.356941 -0.280602 -0.199552 0.432435 0.461198 0.458063 0.103725 -0.013317 0.366910 -0.156047 0.021469
-0.192543 -0.396774 0.196236 0.300826 0.076065 0.303125 0.214284 -0.078382 -0.102659 -0.286745 0.210857 0.091049 0.193966 -0.102827 -0.006479 -0.017139 -0.483021 -0.232960 0.085983 0.127469 0.312724 0.035549 0.354349 0.500762 0.506925 0.682418 0.241058 0.450697 0.121139 0.063937 0.860466 1.000000 -0.001451 0.629876 0.551270 0.545623 0.305890 0.162244 -0.080054 -0.280166 0.308649 -0.127251 -0.076538 0.104215 0.347806 0.311540 0.045615 0.137080 0.059032 -0.165767 -0.099104 -0.379958 0.043399 -0.196683 0.051271 0.019999 -0.358576 -0.374462 -0.141408 -0.547945 -0.093668 -0.212576 -0.187288 -0.429805 0.093678 -0.076545 -0.138764 -0.000229 -0.461099 -0.328849 0.068142 0.341737 0.132737 0.101422 0.149831 0.368774 0.476779 0.532728 -0.099164 -0.007796 -0.440566 -0.426748 0.107906 0.101246 -0.241674 0.037218 0.157264 0.184161 -0.141806 -0.229777 -0.128356 -0.083476 -0.132941 -0.000158 -0.364135 0.453293 0.149923 -0.004123 -0.206996 0.112573 -0.066254 -0.007022 -0.130077 -0.114437 -0.188282 -0.351345 -0.340555 -0.284696 0.361890 0.442038 0.357181 0.027610 -0.090708 0.329558 -0.232008 0.058355
0.210398 0.150229 -0.140855 -0.256042 -0.229090 -0.459115 -0.270675 -0.353027 -0.279650 -0.334623 0.046802 -0.148213 -0.010128 -0.286235 -0.040086 -0.310995 0.559019 0.360555 0.196882 0.312208 0.047906 -0.290481 -0.253643 -0.420268 -0.086369 -0.222530 -0.289107 -0.254906 0.514538 0.207406 0.139443 -0.001451 1.000000 0.562270 -0.138527 -0.153500 0.036431 -0.366836 0.071394 -0.117609 -0.002361 -0.383766 0.123581 0.098689 0.094838 -0.109748 0.279714 0.169704 -0.310229 -0.358294 -0.476896 -0.455618 -0.303114 -0.167885 -0.013840 -0.041996 0.595940 0.548841 0.236639 -0.007291 0.388859 0.091107 0.157083 0.209426 -0.260721 -0.451954 0.043143 -0.274577 0.362176 0.357558 -0.110701 -0.294112 0.488870 -0.202474 -0.105120 -0.069174 -0.144791 -0.128590 0.642031 0.531423 0.272196 0.307013 -0.107296 -0.150559 -0.050030 -0.312614 -0.056860 -0.200384 -0.164765 -0.313525 -0.320120 -0.287422 -0.415528 -0.301545 -0.128502 0.087755 0.081458 -0.012777 0.173519 -0.020088 -0.405245 0.267340 -0.152116 0.032903 -0.294853 -0.188168 -0.052992 0.113194 0.088230 0.042836 -0.055108 0.277750 0.072082 -0.011999 0.004751 0.029711
-0.103442 -0.229955 0.165740 0.011494 0.025520 0.021428 -0.048604 -0.219166 -0.068407 -0.268145 0.060066 -0.059204 0.235662 -0.213250 0.081476 -0.187574 -0.034223 0.099858 -0.070431 0.217196 0.275536 -0.155123 -0.000905 0.113274 0.299331 0.341435 0.035886 0.235926 0.311886 0.212190 0.584572 0.629876 0.562270 1.000000 0.359935 0.460559 0.244666 -0.128413 0.000702 -0.260032 0.124543 -0.405286 0.044462 0.175484 0.312152 0.207337 0.258308 0.340732 -0.031430 -0.284079 -0.315904 -0.516888 -0.228822 -0.320974 0.086588 -0.002881 0.135059 0.174899 -0.015490 -0.370570 0.207418 -0.151593 -0.033548 -0.214816 -0.165676 -0.283149 -0.033735 -0.039979 -0.012426 0.166429 -0.007940 0.118191 0.382345 -0.152529 -0.051441 0.171376 0.179576 0.293608 0.350411 0.400899 -0.149688 -0.021222 -0.182870 -0.079835 -0.309617 -0.230349 -0.043940 0.010478 -0.357137 -0.425892 -0.204864 -0.348524 -0.355894 -0.289464 -0.425499 0.357415 0.165602 0.066118 -0.113146 -0.044411 -0.395144 -0.014559 -0.317377 -0.205981 -0.463011 -0.461131 -0.360430 -0.203538 0.281460 0.386923 0.351183 0.133560 -0.158542 0.079956 -0.241327 -0.057031
-0.372483 -0.684230 0.529101 0.161231 0.431976 0.588123 0.311996 -0.086578 0.183025 -0.083385 -0.025104 -0.359095 -0.062841 -0.343628 0.007256 -0.230214 -0.430247 -0.346535 -0.050267 -0.226586 0.439632 0.102856 0.550333 0.657693 0.736316 0.776343 0.515260 0.596793 -0.305713 -0.447356 0.632016 0.551270 -0.138527 0.359935 1.000000 0.852591 0.078359 0.100587 -0.081462 -0.376488 0.212594 0.012500 0.084018 0.231441 0.542251 0.588083 0.016686 0.322406 0.321900 0.157241 0.455814 -0.112704 0.109339 -0.072510 0.226405 0.022299 -0.343935 -0.284457 -0.245247 -0.462512 -0.344172 -0.519064 -0.390543 -0.550050 0.098021 -0.162735 0.317760 0.403901 -0.349876 0.011421 0.209644 0.146856 -0.176262 -0.072269 -0.004324 -0.063387 0.260384 0.386031 -0.143716 -0.120105 -0.406808 -0.278047 -0.059029 -0.339439 -0.073221 -0.000630 -0.151351 0.017830 -0.114080 -0.152703 0.232193 0.227827 0.063215 0.238056 -0.355121 0.196914 0.063118 0.324676 -0.210978 0.057458 -0.319412 -0.227097 -0.402269 -0.353722 -0.416683 -0.351762 -0.253823 -0.451707 0.319884 0.507402 0.734932 0.020130 -0.311319 0.139652 -0.207680 -0.321335
-0.422288 -0.683354 0.556274 0.203133 0.487076 0.600330 0.294296 -0.016468 0.332491 -0.028610 -0.041841 -0.265817 0.160770 -0.215639 0.219632 -0.036756 -0.494850 -0.380637 -0.142368 -0.150284 0.399709 0.140335 0.423804 0.629555 0.621910 0.668330 0.428319 0.522492 -0.250687 -0.270493 0.546775 0.545623 -0.153500 0.460559 0.852591 1.000000 0.197670 0.128659 0.022727 -0.335594 0.309913 0.077750 -0.009366 0.204929 0.485376 0.569399 -0.029428 0.370423 0.420549 0.144177 0.327645 -0.144369 0.017487 -0.153871 0.196139 -0.004151 -0.346650 -0.329590 -0.236062 -0.483219 -0.234757 -0.481984 -0.330561 -0.568659 0.022915 -0.075195 0.200469 0.451510 -0.296992 -0.004820 0.182336 0.235313 -0.115388 -0.024013 0.048456 0.034007 0.285920 0.384388 -0.121867 -0.160201 -0.375706 -0.249334 -0.135011 -0.206804 -0.277305 -0.039582 -0.211315 -0.012626 -0.252203 -0.224826 0.208216 0.073474 0.072530 0.124483 -0.439759 0.231242 0.083531 0.299604 -0.292365 0.037616 -0.268520 -0.246034 -0.413844 -0.305425 -0.363710 -0.350874 -0.309674 -0.493394 0.270740 0.513528 0.719970 0.017260 -0.372362 0.096058 -0.291810 -0.306712
