1.000000 0.563221 -0.304772 -0.530951 0.088895 -0.421089 -0.176012 -0.361507 -0.046953 -0.136779 0.459575 0.246978 0.302390 0.439827 0.099819 -0.000526 0.501945 0.431812 0.410891 0.273991 -0.189851 0.119002 -0.493121 -0.595494 -0.592249 -0.569620 -0.256006 -0.491132 0.532814 0.234578 -0.521192 -0.513415 0.361417 -0.396523 -0.570944 -0.428424 0.364715 -0.029600 0.122788 -0.020709 0.047734 0.260339 -0.035226 -0.306131 -0.083595 -0.525601 -0.095708 0.136072 0.233140 0.016866 -0.422681 0.077718 0.362974 -0.113406 0.050172 -0.058627 0.356236 0.446727 0.618063 0.430276 0.682047 0.527256 0.558564 0.573625 -0.484017 -0.029039 0.388607 -0.574459 0.437918 0.246534 0.022736 -0.244927 0.326354 0.175901 0.312025 0.227926 0.330814 0.166223 0.075710 0.217017 0.325476 0.271163 0.170519 0.446401 -0.404258 -0.417153 -0.178877 -0.094615 -0.213278 0.000051 0.167779 0.155009 -0.299685 -0.383331 -0.028987 -0.248473 -0.142204 -0.341578 0.152202 0.079468 0.249366 0.281087 0.247358 0.380132 -0.004852 -0.150607 0.317932 -0.009156 -0.293089 -0.216558 -0.365389 0.176645 -0.075125 -0.069347 0.137338 -0.069664
0.563221 1.000000 -0.299420 -0.536937 0.085091 -0.470125 -0.193085 -0.482173 -0.096828 -0.352098 0.290679 0.278271 0.110208 0.412818 -0.134257 -0.052535 0.707110 0.728851 0.147269 0.595435 -0.034081 0.157636 -0.612143 -0.615139 -0.609382 -0.589659 -0.156974 -0.425526 0.502862 0.436722 -0.508327 -0.550831 0.477201 -0.398782 -0.694791 -0.637704 0.437722 -0.034532 -0.061179 -0.000601 0.118864 0.267499 -0.094747 -0.436348 -0.195648 -0.731310 -0.021793 0.023904 0.193750 -0.220379 -0.534466 0.060430 0.387575 -0.105203 0.025018 -0.260654 0.555187 0.775084 0.569420 0.572635 0.580901 0.716918 0.471292 0.729698 -0.769693 -0.131229 0.439807 -0.600533 0.546312 0.665468 -0.076169 -0.180519 0.461379 0.334598 0.331696 0.338320 0.273652 0.190826 0.224987 0.233535 0.517689 0.551315 0.097150 0.528587 -0.523534 -0.464574 -0.313133 -0.369292 -0.505630 -0.010697 0.371839 0.290801 -0.357359 -0.475511 0.086644 -0.037540 -0.170957 -0.093332 0.184287 0.233923 0.286702 0.194210 0.353871 0.171039 -0.051508 -0.097195 0.140014 0.065907 -0.069109 -0.095424 -0.430830 0.168600 0.231123 -0.107549 0.118996 0.149254
-0.304772 -0.299420 1.000000 0.148162 0.495797 0.362122 0.540712 0.246620 0.482655 0.110908 -0.015782 -0.074333 -0.042723 -0.151981 -0.096232 -0.200439 -0.382503 -0.443044 0.042510 -0.104938 0.251769 -0.125433 0.419155 0.214528 0.438640 0.313578 0.343591 0.416660 -0.617553 -0.528140 0.022256 0.006385 -0.212309 -0.047612 0.271539 0.172116 -0.434275 -0.361598 -0.010046 -0.135268 -0.015796 -0.361129 -0.120435 0.179010 0.068718 0.376484 -0.211188 -0.066944 0.199407 -0.186444 0.570285 -0.235523 -0.289848 -0.109666 -0.032094 -0.193842 -0.226779 -0.361389 -0.246732 -0.374639 -0.249243 -0.473757 -0.368851 -0.525853 0.338226 0.018177 -0.016972 0.542999 0.073221 0.007990 0.200004 0.054856 -0.416226 -0.291373 -0.138453 -0.011538 -0.230627 -0.100206 -0.304148 -0.565436 -0.423149 -0.433911 -0.155099 -0.409429 0.161499 0.286885 -0.254287 0.126891 0.220059 -0.133702 0.110968 0.141763 0.042236 0.442811 -0.100802 -0.054544 0.118401 0.010474 -0.354647 -0.343589 -0.324525 -0.327723 -0.457228 -0.270951 -0.020336 0.260191 -0.211286 -0.182613 0.001270 0.259011 0.364547 -0.244360 -0.064281 -0.072414 -0.247671 -0.116099
-0.530951 -0.536937 0.148162 1.000000 -0.084813 0.583958 0.173696 0.339163 0.243229 0.262512 -0.565454 -0.135139 -0.500403 -0.513509 0.062309 0.357491 -0.696171 -0.577187 0.045094 -0.076838 0.456036 0.056995 0.801180 0.904524 0.602552 0.521433 0.466901 0.676395 -0.467080 -0.472138 0.621368 0.724912 -0.535827 0.370503 0.622576 0.294344 -0.341058 -0.182081 -0.084551 -0.217195 0.092278 -0.337522 0.028086 0.208681 -0.246589 0.353715 -0.133043 -0.183574 -0.377513 -0.219005 0.462564 -0.159229 -0.219935 0.218380 -0.142225 -0.108840 -0.290913 -0.518294 -0.779252 -0.579603 -0.781333 -0.628130 -0.566420 -0.655737 0.621129 -0.248711 -0.557223 0.445796 -0.247417 -0.284187 0.346955 0.435339 -0.486118 -0.178207 -0.239798 -0.166684 -0.317406 -0.156649 -0.293482 -0.397114 -0.541745 -0.511756 0.077705 -0.345668 0.666643 0.624521 0.245805 0.488242 0.524081 0.321709 -0.179258 -0.098364 0.407076 0.248238 -0.148011 -0.083710 -0.020993 0.068841 -0.339088 -0.167879 -0.451470 -0.349218 -0.487381 -0.432370 -0.332397 -0.052886 -0.310520 -0.240382 -0.007572 0.028846 0.327494 -0.396499 -0.381058 0.055568 -0.158922 -0.194762
0.088895 0.085091 0.495797 -0.084813 1.000000 0.239881 0.492228 0.166833 0.547393 0.316078 0.028133 0.235937 0.196716 0.274776 0.037593 0.109711 -0.111412 -0.133560 -0.060023 0.067468 0.433908 0.114515 -0.053032 -0.126603 0.234302 0.017606 0.392764 0.063525 -0.070021 -0.136973 -0.088573 -0.120743 -0.016905 -0.253244 -0.232263 -0.149205 -0.098907 -0.302740 0.024488 -0.088800 0.169451 -0.037197 -0.006179 -0.007197 0.112110 0.050746 -0.098276 0.142518 0.108841 0.015406 0.012523 -0.201979 -0.104797 -0.205045 -0.217072 -0.183366 -0.171840 -0.113823 0.092276 0.031343 -0.018105 -0.050508 -0.078465 -0.085434 -0.091862 0.051859 0.191431 0.092271 0.229404 0.203056 0.185598 0.065028 -0.104020 -0.096014 -0.014257 0.079930 -0.119642 -0.143324 -0.106310 -0.323842 -0.125478 -0.205190 0.029593 0.064568 -0.168694 -0.003373 -0.250465 0.043991 -0.139201 -0.137505 0.196781 0.123457 -0.157154 0.090013 -0.065843 -0.185543 -0.027111 -0.247508 -0.094600 -0.274154 -0.025792 -0.337996 -0.051625 -0.007546 -0.005107 0.207060 -0.074519 -0.065194 -0.221933 0.071206 -0.018543 -0.166653 -0.169060 -0.210490 -0.246824 -0.119131
-0.421089 -0.470125 0.362122 0.583958 0.239881 1.000000 0.038564 0.251897 0.095811 0.498005 -0.429376 -0.300408 -0.341313 -0.344434 -0.145894 0.154955 -0.548700 -0.452545 -0.190175 -0.247445 0.541710 0.007458 0.529726 0.580824 0.646000 0.521429 0.748755 0.771179 -0.650537 -0.513374 0.395515 0.322864 -0.415812 0.093893 0.405056 0.332024 -0.442325 -0.170679 -0.010904 -0.032885 0.069468 -0.177045 0.051690 0.298098 0.010654 0.504404 -0.156793 0.053015 -0.158366 -0.007397 0.390352 -0.104002 -0.228765 0.030502 -0.082444 0.042934 -0.148865 -0.436374 -0.458931 -0.293816 -0.570187 -0.474034 -0.531725 -0.508294 0.277771 -0.026119 -0.159400 0.595386 0.105729 -0.083221 0.373141 0.358255 -0.478438 -0.206005 -0.200315 -0.117081 -0.308958 -0.173079 -0.082098 -0.371876 -0.460874 -0.586658 -0.110842 -0.426821 0.411105 0.336410 0.130774 0.404978 0.292712 0.001728 -0.071961 -0.103529 0.108988 0.169313 -0.122673 -0.179344 0.183191 0.169926 -0.176780 -0.087029 -0.371940 -0.396640 -0.403111 -0.135114 -0.075645 0.098488 -0.282746 -0.103287 -0.110135 0.200390 0.520744 -0.329979 -0.281322 -0.059589 -0.352096 -0.311703
-0.176012 -0.193085 0.540712 0.173696 0.492228 0.038564 1.000000 0.414965 0.561962 0.148052 -0.324599 0.141630 -0.193174 -0.022651 -0.177430 -0.136228 -0.215406 -0.294166 0.161231 0.192791 0.159007 -0.113171 0.140353 0.186158 0.164725 0.058085 0.005416 0.006850 -0.267117 -0.201297 0.083138 0.205183 -0.115076 0.099679 0.056802 -0.093755 -0.302643 -0.530213 -0.207682 -0.376101 -0.069325 -0.384085 -0.182192 -0.023766 -0.009775 0.167613 -0.332936 -0.172564 -0.202054 0.070555 0.112299 -0.431204 -0.366049 -0.349334 -0.509190 -0.414931 -0.252119 -0.225484 -0.197305 -0.225909 -0.189594 -0.324088 -0.062904 -0.352273 0.320104 -0.077177 0.012171 0.271612 -0.138870 0.024905 -0.003538 -0.098356 -0.258522 -0.388643 -0.320752 -0.169074 -0.303285 -0.167015 -0.060438 -0.162323 -0.141467 -0.073558 0.030802 -0.072400 -0.016363 0.348907 -0.220658 0.092851 0.213661 0.107908 0.187460 0.203536 0.335330 0.268205 -0.163013 -0.194307 -0.358673 -0.187914 -0.478139 -0.563422 -0.032309 -0.401725 -0.212874 -0.237195 -0.182588 0.149366 0.003165 0.070336 -0.001965 -0.009333 -0.175633 -0.183238 0.007946 -0.121832 0.003578 0.101084
-0.361507 -0.482173 0.246620 0.339163 0.166833 0.251897 0.414965 1.000000 0.200675 0.518932 -0.182037 0.041328 -0.017843 0.079073 -0.057331 -0.155317 -0.390244 -0.449419 -0.211343 -0.416219 0.006744 -0.011257 0.079505 0.278438 0.250569 0.453151 -0.080449 0.054163 -0.355157 -0.143211 0.270216 0.359682 -0.080608 0.321034 0.269913 0.301214 -0.345531 -0.147784 -0.148476 -0.056221 -0.096842 -0.070135 0.087732 0.209495 0.023237 0.442377 0.055125 0.027132 -0.373309 0.291987 0.030858 -0.106949 -0.391599 -0.234248 -0.165723 0.110049 -0.470202 -0.469921 -0.331672 -0.340357 -0.268860 -0.271447 -0.293704 -0.284723 0.323913 0.491134 -0.388236 0.262144 -0.475827 -0.460803 0.043109 0.333302 -0.263204 -0.083939 -0.184962 -0.119735 -0.236269 0.003074 -0.141480 -0.183863 -0.312375 -0.332360 -0.223483 -0.234276 0.091274 0.180843 -0.042528 0.049275 0.238364 -0.128648 -0.160988 -0.192027 0.596676 0.300584 -0.121107 0.092343 0.171087 0.124186 -0.075275 -0.205750 0.049582 -0.290738 -0.065745 -0.180797 -0.047929 0.085058 0.096354 -0.216125 0.138979 0.186015 0.150915 -0.000943 0.021739 0.004446 -0.068956 -0.075247
-0.046953 -0.096828 0.482655 0.243229 0.547393 0.095811 0.561962 0.200675 1.000000 0.282828 -0.149440 0.047550 -0.074510 -0.001335 0.172917 0.061300 -0.393621 -0.347361 0.169351 0.058117 0.332757 0.067515 0.293036 0.190467 0.246697 0.078937 0.209699 0.230555 -0.247705 -0.362817 -0.108511 0.023435 -0.094751 -0.125378 0.058598 -0.068783 -0.175529 -0.294205 0.136685 -0.106513 -0.056547 -0.161805 -0.305734 -0.211443 -0.248299 0.019496 -0.371953 -0.176964 0.063252 -0.191298 0.240442 -0.129867 -0.013774 0.134632 -0.024071 -0.253957 -0.375408 -0.200316 -0.101008 -0.085359 -0.148652 -0.135033 -0.184751 -0.228465 0.195727 0.033566 0.055805 0.168022 -0.005447 0.081243 0.176149 0.134623 -0.306752 -0.232695 -0.056423 0.047412 -0.180605 -0.093176 -0.401734 -0.466464 -0.356616 -0.375209 -0.096066 -0.039929 0.085711 0.123290 -0.154068 0.117368 0.246954 0.202395 0.254658 0.342067 0.230708 0.278802 0.112239 -0.146878 -0.153987 -0.141343 -0.328918 -0.296980 -0.012746 -0.318851 -0.100833 -0.214445 0.015784 0.161078 -0.126745 -0.053767 -0.076429 -0.132548 -0.021608 -0.417824 -0.245588 0.023339 0.073049 0.041189
-0.136779 -0.352098 0.110908 0.262512 0.316078 0.498005 0.148052 0.518932 0.282828 1.000000 -0.246213 0.079335 -0.026807 0.069875 0.015396 0.190003 -0.432349 -0.454154 -0.064575 -0.326639 0.115439 0.002410 0.086541 0.179245 0.288873 0.237009 0.141249 0.177406 -0.274236 -0.276327 0.061783 0.105486 -0.190012 0.157967 0.142954 0.326023 -0.251925 -0.060317 -0.026558 -0.010411 -0.224360 -0.184166 0.018798 0.067790 -0.056096 0.410520 -0.080400 0.120522 -0.301149 0.151635 0.063352 -0.126827 -0.135557 -0.071611 -0.035841 0.122782 -0.379042 -0.401961 -0.211172 -0.192549 -0.241913 -0.205314 -0.237802 -0.205590 0.291503 0.374938 -0.192901 0.296100 -0.072824 -0.198837 0.040743 0.213041 -0.294598 -0.271958 -0.145669 -0.210852 -0.350254 -0.272267 -0.005503 -0.198860 -0.335493 -0.407157 -0.268388 -0.254312 0.088318 0.180560 -0.017178 0.038167 0.104069 -0.065967 -0.079855 -0.119589 0.354977 0.173947 -0.121457 0.016502 0.042807 0.178164 -0.132959 -0.102866 0.008645 -0.183278 -0.114131 -0.081839 0.095729 -0.007454 -0.021446 -0.074455 0.115829 0.195177 0.210379 -0.144261 -0.249143 0.005198 -0.199286 -0.049331
0.459575 0.290679 -0.015782 -0.565454 0.028133 -0.429376 -0.324599 -0.182037 -0.149440 -0.246213 1.000000 0.479949 0.829242 0.652096 0.390243 0.017166 0.337154 0.243235 0.005285 -0.132218 -0.319861 -0.046574 -0.374099 -0.610427 -0.465481 -0.364078 -0.307809 -0.376470 0.462916 0.318706 -0.391722 -0.434289 0.278703 -0.250294 -0.302883 -0.048402 0.376976 0.142615 0.109663 0.107879 0.100654 0.256611 0.083055 -0.126475 0.316491 -0.192824 0.249003 0.052001 0.569937 -0.032078 -0.036647 0.223042 0.165564 -0.017803 0.296270 0.109507 -0.007603 0.084104 0.369248 0.086088 0.502130 0.282453 0.135678 0.343338 -0.321855 0.220624 0.045599 -0.323376 0.145247 -0.001937 -0.036778 -0.094542 0.413686 0.307695 0.402020 0.336966 0.477609 0.251057 -0.029219 0.067012 0.197428 0.134148 0.005441 0.274988 -0.213987 -0.440946 -0.285973 -0.256665 -0.292936 -0.486068 -0.147877 -0.085460 -0.377092 -0.095445 0.186773 0.051623 0.244439 -0.177442 0.142350 0.087421 0.141896 0.354905 0.096347 0.289206 0.134326 0.015826 0.248180 -0.005226 -0.118772 -0.082355 -0.044395 0.310750 0.065030 0.152754 0.119201 -0.025848
0.246978 0.278271 -0.074333 -0.135139 0.235937 -0.300408 0.141630 0.041328 0.047550 0.079335 0.479949 1.000000 0.505711 0.613770 0.148248 0.430139 0.114988 0.006867 0.008861 0.132488 -0.148824 0.075679 -0.228700 -0.242826 -0.301529 -0.295468 -0.191351 -0.308573 0.456704 0.306174 -0.061817 -0.003080 0.042448 0.003765 -0.178943 -0.050782 0.214627 -0.179858 -0.223105 -0.315141 0.117603 -0.037702 -0.010443 -0.246369 0.064694 -0.115635 -0.061755 -0.232999 0.100646 -0.159815 -0.003282 -0.168222 -0.046167 -0.163181 -0.166742 -0.287208 -0.058011 -0.089611 -0.042620 -0.236004 0.113873 -0.021781 0.075118 0.084915 -0.038208 0.071078 -0.172849 -0.138613 0.093383 -0.054716 -0.073675 0.000725 0.261332 0.099625 0.118452 0.175376 0.169595 -0.028288 -0.047821 0.090840 0.051703 0.137196 0.115847 0.305303 -0.072675 0.110826 -0.311889 -0.244628 -0.273366 -0.216774 -0.264152 -0.131226 0.018441 -0.009460 -0.083367 -0.024674 -0.213081 -0.167493 -0.254726 -0.236073 0.074467 0.147748 -0.053910 0.009044 -0.140400 -0.053088 0.234326 0.020113 -0.004911 -0.106517 -0.256402 0.008451 -0.068353 0.101770 0.186630 0.204508
0.302390 0.110208 -0.042723 -0.500403 0.196716 -0.341313 -0.193174 -0.017843 -0.074510 -0.026807 0.829242 0.505711 1.000000 0.730220 0.375354 0.120771 0.202150 0.121144 -0.187309 -0.215957 -0.205904 0.007843 -0.336917 -0.536256 -0.238548 -0.186944 -0.208153 -0.315649 0.464823 0.359590 -0.177157 -0.276105 0.232008 -0.065206 -0.120055 0.151153 0.310446 0.164775 0.117111 0.134163 0.108663 0.328314 0.206636 0.012221 0.377937 0.006805 0.205118 -0.049848 0.410847 0.068654 -0.053203 0.064021 0.077124 -0.109829 0.206427 0.058623 -0.171104 -0.032394 0.305646 0.014177 0.378323 0.180591 0.116715 0.244374 -0.189722 0.196497 -0.005013 -0.263049 0.009091 -0.133100 -0.110253 -0.062719 0.362739 0.260199 0.362866 0.251062 0.384397 0.138906 -0.065157 0.105120 0.227844 0.100386 -0.000101 0.183229 -0.105839 -0.356058 -0.271403 -0.225572 -0.283146 -0.511608 -0.362121 -0.278379 -0.388708 -0.123083 0.063668 0.113263 0.200221 -0.174742 0.069342 -0.012999 0.107109 0.229866 0.120702 0.261976 0.119974 0.071576 0.270112 0.066008 -0.091394 -0.165689 -0.058642 0.224474 0.023247 0.132596 0.155800 0.041165
0.439827 0.412818 -0.151981 -0.513509 0.274776 -0.344434 -0.022651 0.079073 -0.001335 0.069875 0.652096 0.613770 0.730220 1.000000 0.146888 0.065576 0.395897 0.330096 -0.098823 0.030909 -0.223132 0.047138 -0.537369 -0.580844 -0.467329 -0.344691 -0.258899 -0.448991 0.511831 0.515361 -0.300990 -0.313330 0.453460 -0.022059 -0.402082 -0.099257 0.420286 0.078825 0.135597 0.101022 0.178472 0.442699 0.083562 -0.257006 0.138541 -0.275052 0.072372 0.033386 0.221686 0.025714 -0.342981 0.048569 0.137603 -0.144694 0.093235 -0.071351 -0.018990 0.166311 0.394490 0.184742 0.442430 0.441576 0.235205 0.501265 -0.420123 0.279211 0.064188 -0.490490 0.240084 0.093150 -0.101868 0.057390 0.454101 0.303548 0.381742 0.358606 0.340020 0.192695 0.158841 0.181595 0.302600 0.250965 -0.005596 0.488591 -0.443376 -0.495466 -0.332512 -0.299950 -0.471227 -0.454331 -0.174424 -0.112365 -0.194054 -0.193105 0.099417 0.005075 -0.009228 -0.163007 0.044283 -0.003015 0.277829 0.128975 0.212998 0.215084 0.049124 0.037003 0.276328 0.030134 -0.088489 -0.061210 -0.244223 0.199916 0.129612 0.067466 0.157558 0.077198
0.099819 -0.134257 -0.096232 0.062309 0.037593 -0.145894 -0.177430 -0.057331 0.172917 0.015396 0.390243 0.148248 0.375354 0.146888 1.000000 0.467111 -0.283643 -0.226343 0.037887 -0.225353 0.015893 -0.008283 0.094217 -0.118045 -0.056374 -0.080469 -0.018460 -0.000362 0.261365 -0.056708 0.016885 0.047536 -0.143027 -0.048156 0.052169 0.093656 -0.028394 -0.097299 0.175294 0.064833 0.099773 -0.013564 0.166529 -0.017452 0.171366 -0.012346 0.148670 0.026602 0.200910 0.001180 0.170369 0.187358 0.028521 0.312251 0.102225 0.206174 -0.267018 -0.196682 -0.019257 -0.064680 -0.093286 -0.028187 -0.367027 -0.100042 0.172765 0.044326 -0.274815 -0.145699 -0.014682 -0.140970 0.025083 -0.027492 -0.133621 -0.083753 -0.100843 -0.093999 0.038149 -0.002067 -0.244432 -0.158471 -0.189032 -0.283149 0.244934 0.187904 0.330650 -0.034518 0.196258 0.167486 0.258936 -0.102906 -0.070088 -0.089543 -0.039574 0.188681 0.097159 -0.137712 0.092631 -0.183576 0.027421 -0.089782 0.060470 0.223997 0.054104 0.172444 0.267336 0.097434 0.014345 -0.034702 -0.253326 -0.217798 0.037964 -0.110876 -0.290425 0.091571 -0.023688 -0.141164
-0.000526 -0.052535 -0.200439 0.357491 0.109711 0.154955 -0.136228 -0.155317 0.061300 0.190003 0.017166 0.430139 0.120771 0.065576 0.467111 1.000000 -0.338703 -0.305630 -0.047363 0.017689 0.252111 0.191388 0.226994 0.202973 0.190737 0.028607 0.235280 0.176382 0.249876 0.010006 0.298025 0.299149 -0.319231 0.136292 0.157280 0.116848 0.064016 -0.023134 -0.087513 -0.203807 0.208214 -0.068911 0.054423 -0.092329 0.043174 0.044405 0.001152 -0.206160 0.026504 -0.119447 0.221187 -0.068082 0.043441 0.194389 -0.061055 -0.036833 -0.077768 -0.251428 -0.282856 -0.274428 -0.344204 -0.254077 -0.278685 -0.234850 0.188755 -0.279376 -0.368616 0.027623 0.103501 -0.085621 0.103388 0.128573 -0.075312 -0.059025 -0.116811 -0.120471 -0.135065 -0.287888 -0.134303 -0.173935 -0.203257 -0.194946 0.251746 0.117836 0.407528 0.357019 0.091059 0.112545 0.047334 0.031106 -0.273702 -0.284660 -0.119436 -0.054776 -0.038409 0.016062 -0.114882 -0.018347 -0.113748 -0.070461 -0.139794 0.112470 -0.162179 0.007673 -0.064818 -0.148814 -0.037854 -0.133709 -0.051596 -0.138583 0.040333 -0.237772 -0.321402 0.145270 -0.033156 0.017230
0.501945 0.707110 -0.382503 -0.696171 -0.111412 -0.548700 -0.215406 -0.390244 -0.393621 -0.432349 0.337154 0.114988 0.202150 0.395897 -0.283643 -0.338703 1.000000 0.893017 0.205781 0.472224 -0.321028 -0.029893 -0.689474 -0.662429 -0.698196 -0.620330 -0.411982 -0.651382 0.571994 0.638326 -0.456146 -0.517761 0.403065 -0.271754 -0.674877 -0.496112 0.483580 0.178390 -0.084901 0.117911 0.042664 0.350996 0.058383 -0.198084 0.072311 -0.607321 0.207770 0.251962 0.122832 0.059481 -0.667469 0.074496 0.313860 -0.206296 0.009536 -0.028783 0.633505 0.770465 0.631044 0.507811 0.686805 0.653402 0.625757 0.728740 -0.664903 -0.110962 0.377768 -0.700065 0.300445 0.368346 -0.104149 -0.223141 0.660087 0.405816 0.339015 0.365216 0.431944 0.417510 0.447962 0.544896 0.682063 0.752392 0.153830 0.493048 -0.644345 -0.612827 -0.124008 -0.299171 -0.474492 -0.076763 0.229996 0.139022 -0.364517 -0.515113 0.064820 -0.029601 -0.142383 -0.138056 0.304160 0.230199 0.208540 0.245250 0.283429 0.134042 -0.160507 -0.072950 0.150173 0.150187 -0.110367 0.011888 -0.462409 0.461527 0.347017 -0.214861 0.098598 0.120223
0.431812 0.728851 -0.443044 -0.577187 -0.133560 -0.452545 -0.294166 -0.449419 -0.347361 -0.454154 0.243235 0.006867 0.121144 0.330096 -0.226343 -0.305630 0.893017 1.000000 0.182185 0.477244 -0.191954 -0.080375 -0.652701 -0.594407 -0.592597 -0.552250 -0.259342 -0.526204 0.530899 0.621949 -0.381438 -0.485443 0.384497 -0.337785 -0.655894 -0.564507 0.420744 0.185327 -0.029301 0.166465 0.107960 0.384344 0.023046 -0.283055 -0.016247 -0.652543 0.104239 0.174739 0.080927 0.004327 -0.705994 0.154431 0.332759 -0.116540 0.025762 -0.062332 0.564386 0.777155 0.591456 0.619193 0.607945 0.731159 0.519310 0.786714 -0.705938 -0.153883 0.431918 -0.654205 0.328626 0.435759 0.002327 -0.162601 0.613954 0.457500 0.312044 0.360512 0.418097 0.449303 0.374269 0.585650 0.607983 0.687239 0.162514 0.523010 -0.536232 -0.631057 -0.109358 -0.221433 -0.401925 -0.015408 0.236198 0.142145 -0.373094 -0.534945 0.031971 -0.047174 -0.198653 -0.116001 0.258759 0.208931 0.249224 0.256257 0.356706 0.170021 -0.090153 0.007419 0.130079 0.235669 -0.136903 -0.058944 -0.525271 0.367217 0.311403 -0.292696 0.039659 0.119968
0.410891 0.147269 0.042510 0.045094 -0.060023 -0.190175 0.161231 -0.211343 0.169351 -0.064575 0.005285 0.008861 -0.187309 -0.098823 0.037887 -0.047363 0.205781 0.182185 1.000000 0.501416 -0.026212 -0.055098 0.112549 -0.017313 -0.271778 -0.306726 -0.179751 -0.198480 0.212931 -0.030845 -0.131235 -0.022510 -0.066105 -0.158164 -0.197765 -0.315753 0.119936 -0.233432 -0.072322 -0.190985 0.029381 -0.160508 -0.078393 -0.211167 -0.208523 -0.414612 -0.118145 0.177873 -0.048006 -0.206115 -0.141369 -0.026779 0.119377 0.117600 -0.156746 -0.217281 0.237550 0.194316 -0.016546 -0.038462 0.092203 0.043675 0.137356 0.113143 0.120456 -0.335736 -0.018536 -0.338502 0.164910 0.053339 0.283448 0.023680 0.121399 0.095303 0.186187 0.199300 0.204183 0.189259 0.015866 0.021029 -0.002701 0.100084 0.308629 0.207011 -0.067967 -0.098096 0.038781 0.205436 0.167694 0.103151 0.294564 0.343173 0.023274 -0.000966 -0.027185 -0.295904 -0.352093 -0.256774 -0.227594 -0.146339 -0.088447 0.173071 -0.219072 -0.117858 -0.326711 -0.005200 -0.040508 -0.108009 -0.172907 0.025798 -0.297941 0.073404 -0.069146 -0.117395 0.042073 0.028092
0.273991 0.595435 -0.104938 -0.076838 0.067468 -0.247445 0.192791 -0.416219 0.058117 -0.326639 -0.132218 0.132488 -0.215957 0.030909 -0.225353 0.017689 0.472224 0.477244 0.501416 1.000000 0.169738 0.112660 -0.096340 -0.106085 -0.262637 -0.343247 -0.019905 -0.202854 0.381687 0.284827 -0.103810 -0.101952 0.226044 -0.033807 -0.394532 -0.537134 0.318970 -0.251318 -0.127134 -0.166526 0.165631 -0.005294 -0.027547 -0.244205 -0.187115 -0.540808 -0.210409 -0.001387 -0.091868 -0.300397 -0.290054 -0.346958 0.079396 -0.167259 -0.400702 -0.612429 0.573187 0.576325 0.054653 0.087866 0.044059 0.157204 0.287493 0.229156 -0.293933 -0.631445 0.186017 -0.390478 0.445338 0.532967 0.083004 -0.101579 0.311639 0.159048 0.153632 0.212695 0.109805 0.116649 0.227976 0.178323 0.484075 0.587040 0.412329 0.440662 -0.191661 -0.074215 -0.042075 0.027529 -0.145392 0.169886 0.373074 0.245824 -0.220197 -0.345588 -0.026277 -0.219247 -0.436497 -0.234082 -0.263247 -0.206837 -0.125397 -0.077885 -0.160850 -0.253599 -0.497713 -0.051714 -0.179560 0.016873 -0.131046 -0.089426 -0.279996 0.119190 0.047996 -0.206325 0.027045 0.182235
-0.189851 -0.034081 0.251769 0.456036 0.433908 0.541710 0.159007 0.006744 0.332757 0.115439 -0.319861 -0.148824 -0.205904 -0.223132 0.015893 0.252111 -0.321028 -0.191954 -0.026212 0.169738 1.000000 0.315863 0.366763 0.317905 0.514703 0.217824 0.754914 0.599214 -0.288958 -0.160852 0.388948 0.276079 -0.249526 -0.104374 0.159558 -0.113891 -0.179592 -0.173839 -0.078868 -0.001733 0.362207 0.045755 -0.008166 0.131387 -0.181225 0.009988 -0.208629 0.042066 -0.065604 -0.272661 0.145668 -0.227047 -0.122673 -0.066531 -0.251453 -0.242210 -0.083457 -0.140917 -0.203105 -0.072134 -0.341227 -0.205228 -0.399594 -0.291264 -0.014148 -0.312836 0.082263 0.215449 0.194341 0.157831 0.541105 0.367224 -0.143970 0.153577 0.098829 0.237208 -0.050832 0.016907 -0.147691 -0.384382 -0.170397 -0.311081 0.125757 -0.024319 0.344423 0.232179 -0.029123 0.360998 0.154687 0.001067 0.108350 0.041143 -0.166299 -0.032991 -0.106724 -0.140695 0.118458 0.012655 -0.169270 -0.047314 -0.331811 -0.254324 -0.231160 -0.041113 -0.196822 0.223805 -0.326320 -0.030197 -0.193544 0.041049 0.200634 -0.323592 -0.300995 -0.067236 -0.213299 -0.201158
0.119002 0.157636 -0.125433 0.056995 0.114515 0.007458 -0.113171 -0.011257 0.067515 0.002410 -0.046574 0.075679 0.007843 0.047138 -0.008283 0.191388 -0.029893 -0.080375 -0.055098 0.112660 0.315863 1.000000 0.030329 0.073134 0.162270 0.315219 0.175291 0.078543 0.193721 0.072452 0.172955 0.140984 0.220784 0.044900 -0.024503 -0.112146 0.151552 0.014391 -0.086100 -0.017931 0.177472 0.404103 -0.173247 -0.151029 -0.409341 -0.251472 -0.240525 -0.010948 -0.175566 -0.265903 -0.067228 0.098219 0.283503 0.247765 -0.153257 -0.293199 -0.053128 0.025615 0.052172 0.091972 0.031328 0.178929 0.209849 0.141105 -0.131124 -0.040745 0.030107 -0.165917 0.010264 -0.007129 0.150898 0.266368 0.074201 0.203539 0.195843 0.098372 -0.053394 -0.152072 -0.068411 -0.251397 0.095011 0.013185 0.058975 0.257271 -0.093572 0.009480 -0.025029 -0.045508 -0.170241 -0.040738 0.036110 0.158250 -0.121080 -0.030291 0.014588 0.022314 -0.136641 -0.061436 0.018125 0.031146 -0.065481 0.137256 0.164114 0.078824 -0.040439 0.002523 -0.083704 -0.372829 -0.021585 -0.136913 -0.058636 -0.291149 -0.116620 0.167936 0.160973 0.133828
-0.493121 -0.612143 0.419155 0.801180 -0.053032 0.529726 0.140353 0.079505 0.293036 0.086541 -0.374099 -0.228700 -0.336917 -0.537369 0.094217 0.226994 -0.689474 -0.652701 0.112549 -0.096340 0.366763 0.030329 1.000000 0.870175 0.653107 0.537164 0.508830 0.763111 -0.536739 -0.602872 0.552019 0.624709 -0.512618 0.355493 0.751578 0.453700 -0.348558 -0.161067 0.077538 -0.165068 0.054997 -0.347932 0.047099 0.341327 -0.124776 0.454834 -0.130506 -0.162849 -0.139941 -0.295316 0.715948 -0.176710 -0.229017 0.299255 -0.018297 -0.131094 -0.291764 -0.551119 -0.740182 -0.658989 -0.743956 -0.726432 -0.530510 -0.760279 0.744866 -0.295917 -0.505728 0.511231 -0.216728 -0.335606 0.269441 0.302588 -0.513517 -0.243646 -0.128213 -0.127869 -0.190090 -0.183998 -0.402620 -0.523811 -0.566408 -0.572752 0.078293 -0.475135 0.696787 0.595631 0.252163 0.502375 0.508424 0.202466 -0.231707 -0.080955 0.160722 0.364898 -0.054579 -0.096253 0.094060 -0.027886 -0.369075 -0.231627 -0.619351 -0.319854 -0.630766 -0.461032 -0.305153 -0.042683 -0.377957 -0.299371 -0.073553 0.041097 0.515886 -0.386900 -0.378769 0.146886 -0.098834 -0.207525
-0.595494 -0.615139 0.214528 0.904524 -0.126603 0.580824 0.186158 0.278438 0.190467 0.179245 -0.610427 -0.242826 -0.536256 -0.580844 -0.118045 0.202973 -0.662429 -0.594407 -0.017313 -0.106085 0.317905 0.073134 0.870175 1.000000 0.652169 0.644065 0.416430 0.678662 -0.548214 -0.507737 0.652501 0.774191 -0.493557 0.409937 0.677074 0.348841 -0.381082 -0.141424 -0.021234 -0.198586 0.008790 -0.302292 -0.023356 0.277357 -0.210242 0.435228 -0.145359 -0.174890 -0.366743 -0.156311 0.518315 -0.137231 -0.242611 0.241437 -0.115144 -0.085348 -0.296247 -0.543909 -0.781517 -0.570711 -0.796463 -0.661946 -0.450875 -0.691378 0.661208 -0.223955 -0.510606 0.513934 -0.333383 -0.379617 0.221715 0.376694 -0.501482 -0.221971 -0.227087 -0.223111 -0.301356 -0.219934 -0.265909 -0.386682 -0.515198 -0.486280 0.032631 -0.450573 0.619778 0.627315 0.293546 0.447228 0.466107 0.322376 -0.236202 -0.084934 0.356094 0.288044 -0.069473 -0.056566 0.002123 0.052334 -0.278424 -0.178057 -0.497149 -0.386433 -0.513579 -0.478638 -0.337054 -0.084872 -0.343322 -0.283049 0.026111 0.071320 0.378699 -0.386741 -0.307964 0.118478 -0.071194 -0.141160
-0.592249 -0.609382 0.438640 0.602552 0.234302 0.646000 0.164725 0.250569 0.246697 0.288873 -0.465481 -0.301529 -0.238548 -0.467329 -0.056374 0.190737 -0.698196 -0.592597 -0.271778 -0.262637 0.514703 0.162270 0.653107 0.652169 1.000000 0.773878 0.609819 0.683082 -0.545906 -0.417039 0.640982 0.562614 -0.351007 0.306153 0.661937 0.434604 -0.466294 -0.104888 0.046678 -0.036290 0.103870 -0.217409 0.146963 0.482058 0.004189 0.593147 -0.063044 -0.038327 -0.192613 -0.043562 0.558676 -0.216996 -0.317912 0.081447 -0.104015 -0.015943 -0.364853 -0.588632 -0.583325 -0.469682 -0.688504 -0.639855 -0.495818 -0.692758 0.536930 -0.139158 -0.266562 0.620892 -0.217504 -0.284556 0.181032 0.256994 -0.406219 -0.222874 -0.241997 -0.245429 -0.305451 -0.294330 -0.227325 -0.427553 -0.385137 -0.502996 -0.060891 -0.464587 0.595258 0.537028 0.078999 0.342283 0.350272 0.069253 -0.273138 -0.262606 -0.040755 0.229199 -0.230804 0.062806 0.152924 0.108741 -0.279366 -0.223207 -0.519134 -0.377522 -0.436566 -0.291216 -0.170642 0.046469 -0.320851 -0.185736 0.077282 0.048812 0.518926 -0.353024 -0.253435 -0.070854 -0.272423 -0.201087
-0.569620 -0.589659 0.313578 0.521433 0.017606 0.521429 0.058085 0.453151 0.078937 0.237009 -0.364078 -0.295468 -0.186944 -0.344691 -0.080469 0.028607 -0.620330 -0.552250 -0.306726 -0.343247 0.217824 0.315219 0.537164 0.644065 0.773878 1.000000 0.338624 0.545684 -0.437956 -0.386958 0.581030 0.582244 -0.208429 0.356042 0.633620 0.445224 -0.393740 -0.102569 0.068526 -0.027109 0.069551 -0.019073 0.031874 0.327449 -0.117880 0.497164 -0.087665 -0.036082 -0.361592 -0.040129 0.396861 -0.045940 -0.271595 0.196895 -0.052698 0.024419 -0.417197 -0.561946 -0.577766 -0.394329 -0.614873 -0.479628 -0.401333 -0.516158 0.465393 0.063805 -0.408150 0.478687 -0.325020 -0.452397 0.072384 0.305946 -0.409638 -0.130331 -0.174932 -0.314306 -0.268976 -0.254353 -0.167387 -0.393350 -0.289271 -0.430124 -0.019692 -0.364384 0.489723 0.393698 0.111681 0.234198 0.279726 -0.030142 -0.311843 -0.180030 0.205243 0.361603 -0.175034 0.018076 0.193570 0.085049 -0.122617 -0.146861 -0.345715 -0.260904 -0.273408 -0.186741 -0.059599 0.040942 -0.189009 -0.348055 0.105474 0.072425 0.485099 -0.352474 -0.165031 0.108397 -0.096100 -0.099983
-0.256006 -0.156974 0.343591 0.466901 0.392764 0.748755 0.005416 -0.080449 0.209699 0.141249 -0.307809 -0.191351 -0.208153 -0.258899 -0.018460 0.235280 -0.411982 -0.259342 -0.179751 -0.019905 0.754914 0.175291 0.508830 0.416430 0.609819 0.338624 1.000000 0.809032 -0.465620 -0.357027 0.388839 0.210694 -0.239384 -0.016504 0.334225 0.153186 -0.273183 -0.181405 0.069965 -0.015865 0.256956 -0.061903 0.092063 0.271626 -0.142009 0.251502 -0.177785 -0.091899 -0.057586 -0.278021 0.384071 -0.173115 -0.156971 0.051918 -0.104280 -0.165819 0.019382 -0.190942 -0.323130 -0.200835 -0.454528 -0.325901 -0.447381 -0.395110 0.136693 -0.234281 -0.008086 0.434523 0.268771 0.100297 0.439809 0.275858 -0.346668 -0.056712 -0.061618 0.079657 -0.098557 -0.106359 -0.269880 -0.380312 -0.374738 -0.457347 -0.005382 -0.284945 0.405905 0.314409 -0.078646 0.369782 0.176691 0.034585 -0.110451 -0.091946 -0.154391 0.056946 -0.147864 -0.221449 0.178148 0.049426 -0.143712 -0.056115 -0.378561 -0.368588 -0.250730 -0.097592 -0.154973 0.113636 -0.348319 -0.128277 -0.258583 0.038515 0.383099 -0.401181 -0.364729 -0.060942 -0.238338 -0.279572
-0.491132 -0.425526 0.416660 0.676395 0.063525 0.771179 0.006850 0.054163 0.230555 0.177406 -0.376470 -0.308573 -0.315649 -0.448991 -0.000362 0.176382 -0.651382 -0.526204 -0.198480 -0.202854 0.599214 0.078543 0.763111 0.678662 0.683082 0.545684 0.809032 1.000000 -0.664448 -0.563547 0.486821 0.409531 -0.355307 0.154259 0.628633 0.329612 -0.420625 -0.175207 0.021962 -0.092294 0.058168 -0.184421 0.005312 0.320867 -0.179843 0.427960 -0.246567 -0.245457 -0.073069 -0.336193 0.660098 -0.173424 -0.175719 0.166562 0.016077 -0.142584 -0.206313 -0.407290 -0.533482 -0.415149 -0.605841 -0.540542 -0.580749 -0.614772 0.394215 -0.216684 -0.195360 0.631091 0.059303 -0.086869 0.310442 0.305395 -0.494944 -0.193225 -0.121539 -0.065478 -0.228325 -0.205977 -0.327440 -0.476774 -0.478380 -0.612667 -0.151629 -0.532969 0.660126 0.499479 -0.020583 0.342925 0.376439 0.038619 -0.193812 -0.070807 0.042358 0.303211 -0.077121 -0.098231 0.215489 0.163513 -0.259328 -0.053662 -0.473039 -0.335312 -0.397121 -0.202676 -0.126795 0.045332 -0.365412 -0.146521 -0.039107 0.087481 0.528543 -0.463022 -0.314504 0.159251 -0.112359 -0.229975
0.532814 0.502862 -0.617553 -0.467080 -0.070021 -0.650537 -0.267117 -0.355157 -0.247705 -0.274236 0.462916 0.456704 0.464823 0.511831 0.261365 0.249876 0.571994 0.530899 0.212931 0.381687 -0.288958 0.193721 -0.536739 -0.548214 -0.545906 -0.437956 -0.465620 -0.664448 1.000000 0.663746 -0.175112 -0.188449 0.355484 -0.015984 -0.443094 -0.321422 0.585589 0.088157 -0.057711 -0.038554 0.115862 0.319785 0.147900 -0.252137 0.108836 -0.535166 0.252420 0.201988 0.020181 0.017653 -0.549417 0.058013 0.258810 0.026841 -0.101559 -0.086334 0.223444 0.445709 0.350903 0.266384 0.397264 0.467952 0.433647 0.565825 -0.379516 -0.175263 0.014043 -0.746484 0.115493 0.091802 -0.173823 -0.169037 0.637155 0.340672 0.263217 0.162251 0.355217 0.088636 0.320249 0.499385 0.606095 0.631217 0.369505 0.643232 -0.308052 -0.398454 0.032142 -0.229680 -0.410309 -0.176088 -0.067427 -0.065981 -0.339790 -0.387377 0.104585 -0.043375 -0.234093 -0.229481 0.180571 0.041121 0.213761 0.344270 0.298816 0.181982 -0.102262 -0.135793 0.210880 0.060602 -0.072426 -0.291727 -0.419098 0.326691 0.033305 0.035774 0.226430 0.217674
0.234578 0.436722 -0.528140 -0.472138 -0.136973 -0.513374 -0.201297 -0.143211 -0.362817 -0.276327 0.318706 0.306174 0.359590 0.515361 -0.056708 0.010006 0.638326 0.621949 -0.030845 0.284827 -0.160852 0.072452 -0.602872 -0.507737 -0.417039 -0.386958 -0.357027 -0.563547 0.663746 1.000000 0.037726 -0.100539 0.418944 0.041137 -0.444095 -0.319887 0.515935 0.324540 -0.196318 0.059509 0.080040 0.530240 0.055327 -0.162729 0.087709 -0.431585 0.282027 0.138507 -0.057363 0.065328 -0.591133 0.019860 0.079888 -0.179614 -0.149001 -0.034575 0.260424 0.416211 0.354815 0.259407 0.369349 0.465035 0.311959 0.549869 -0.486158 -0.012268 0.098693 -0.594682 0.013263 0.046226 -0.063908 0.069943 0.883903 0.571484 0.415020 0.391216 0.497415 0.316208 0.428554 0.595044 0.591192 0.678847 0.012906 0.481785 -0.370778 -0.455640 -0.105898 -0.478568 -0.408105 -0.299798 -0.102980 -0.161190 -0.270743 -0.350470 0.127935 0.319691 -0.123819 0.115425 0.133092 0.169016 0.253403 0.342163 0.328374 0.170408 -0.126073 -0.041729 0.078339 0.158054 0.185949 -0.014525 -0.396025 0.489213 0.319297 0.048234 0.315573 0.304574
-0.521192 -0.508327 0.022256 0.621368 -0.088573 0.395515 0.083138 0.270216 -0.108511 0.061783 -0.391722 -0.061817 -0.177157 -0.300990 0.016885 0.298025 -0.456146 -0.381438 -0.131235 -0.103810 0.388948 0.172955 0.552019 0.652501 0.640982 0.581030 0.388839 0.486821 -0.175112 0.037726 1.000000 0.892364 -0.291421 0.482301 0.601603 0.277889 -0.297708 -0.071468 -0.189194 -0.121111 0.168987 0.001106 0.244720 0.484557 0.007412 0.345472 0.127659 -0.003044 -0.430689 -0.057562 0.258185 -0.236832 -0.406829 0.013954 -0.317808 -0.061670 -0.235185 -0.436778 -0.629473 -0.528901 -0.653781 -0.533685 -0.433594 -0.509886 0.499035 -0.236581 -0.482894 0.264947 -0.382293 -0.533972 0.275578 0.442502 -0.038765 0.128803 -0.032423 -0.008368 0.022694 -0.054440 -0.143928 -0.113257 -0.284046 -0.274646 0.040346 -0.271699 0.585776 0.474462 0.176603 0.245696 0.259040 -0.092430 -0.506110 -0.435425 0.046230 0.137792 -0.130547 0.118358 0.095196 0.150014 -0.196628 -0.169001 -0.479419 -0.173177 -0.349905 -0.296907 -0.379130 -0.056476 -0.299112 -0.249051 0.087393 0.119130 0.279130 -0.060212 -0.082047 0.137815 -0.008812 -0.048372
-0.513415 -0.550831 0.006385 0.724912 -0.120743 0.322864 0.205183 0.359682 0.023435 0.105486 -0.434289 -0.003080 -0.276105 -0.313330 0.047536 0.299149 -0.517761 -0.485443 -0.022510 -0.101952 0.276079 0.140984 0.624709 0.774191 0.562614 0.582244 0.210694 0.409531 -0.188449 -0.100539 0.892364 1.000000 -0.405902 0.467792 0.591750 0.277105 -0.263196 -0.148060 -0.129359 -0.184522 0.145395 -0.115265 0.187535 0.390412 -0.024326 0.329136 0.070699 -0.013560 -0.459592 -0.034410 0.268003 -0.242934 -0.408354 0.076950 -0.289516 -0.060474 -0.327582 -0.511164 -0.706958 -0.569062 -0.711840 -0.592977 -0.434873 -0.555925 0.608823 -0.201064 -0.577085 0.248151 -0.426562 -0.565842 0.183658 0.397972 -0.177626 0.000182 -0.114585 -0.097438 -0.075577 -0.114794 -0.127969 -0.200635 -0.333863 -0.338193 0.135837 -0.191821 0.585144 0.537164 0.264182 0.350940 0.365390 0.058900 -0.434924 -0.287076 0.232592 0.226217 -0.072768 0.038877 0.017932 0.019150 -0.238290 -0.231448 -0.452183 -0.214794 -0.402127 -0.367569 -0.393449 -0.094221 -0.241238 -0.243498 0.085065 0.065756 0.201717 -0.118345 -0.130210 0.210007 0.055372 -0.050526
0.361417 0.477201 -0.212309 -0.535827 -0.016905 -0.415812 -0.115076 -0.080608 -0.094751 -0.190012 0.278703 0.042448 0.232008 0.453460 -0.143027 -0.319231 0.403065 0.384497 -0.066105 0.226044 -0.249526 0.220784 -0.512618 -0.493557 -0.351007 -0.208429 -0.239384 -0.355307 0.355484 0.418944 -0.291421 -0.405902 1.000000 0.159690 -0.365102 -0.282723 0.350568 0.050705 0.146628 0.142669 -0.058402 0.386542 -0.015621 -0.217145 -0.165894 -0.425863 0.073850 0.022380 0.130745 -0.051799 -0.343904 0.125261 0.275484 -0.047766 0.034912 -0.195856 0.210297 0.457810 0.418703 0.357816 0.479477 0.551326 0.506594 0.600187 -0.497879 0.186813 0.309283 -0.438318 0.161161 0.298646 -0.335092 -0.175212 0.415834 0.165211 0.237553 0.108670 0.145648 -0.058219 0.166751 0.287078 0.411874 0.453158 -0.258908 0.287815 -0.557908 -0.488352 -0.280368 -0.501161 -0.516250 -0.195694 0.164440 0.127050 -0.187092 -0.192194 0.195179 0.141735 -0.006781 0.103206 0.248969 0.215844 0.380446 0.122540 0.441511 0.126282 0.042895 -0.174977 0.059217 -0.074463 0.173689 -0.112920 -0.159382 0.275853 0.359077 0.090757 0.189609 0.167497
-0.396523 -0.398782 -0.047612 0.370503 -0.253244 0.093893 0.099679 0.321034 -0.125378 0.157967 -0.250294 0.003765 -0.065206 -0.022059 -0.048156 0.136292 -0.271754 -0.337785 -0.158164 -0.033807 -0.104374 0.044900 0.355493 0.409937 0.306153 0.356042 -0.016504 0.154259 -0.015984 0.041137 0.482301 0.467792 0.159690 1.000000 0.580682 0.477551 -0.066454 -0.021724 -0.031668 -0.086560 -0.174168 -0.211840 0.353232 0.379337 0.029632 0.368673 0.233530 0.033163 -0.391280 0.011101 0.217898 -0.296704 -0.261970 0.011830 -0.155160 -0.127949 -0.171798 -0.264746 -0.556310 -0.548630 -0.460122 -0.378216 -0.152795 -0.344495 0.509813 -0.097529 -0.618831 0.071328 -0.333737 -0.305655 -0.263307 0.084961 -0.029718 -0.224414 -0.211970 -0.281902 -0.236172 -0.359741 0.129512 0.090501 -0.008283 0.085042 -0.081886 -0.213139 0.250711 0.331055 0.124649 -0.006239 0.028318 -0.011776 -0.388828 -0.377412 0.189348 0.057266 -0.073095 0.247189 0.046194 0.273004 -0.192578 -0.143772 -0.275759 -0.210983 -0.319621 -0.392450 -0.286645 -0.209612 -0.144131 -0.251255 0.266580 0.045948 0.427828 0.108884 -0.024407 0.129190 -0.059836 0.065072
-0.570944 -0.694791 0.271539 0.622576 -0.232263 0.405056 0.056802 0.269913 0.058598 0.142954 -0.302883 -0.178943 -0.120055 -0.402082 0.052169 0.157280 -0.674877 -0.655894 -0.197765 -0.394532 0.159558 -0.024503 0.751578 0.677074 0.661937 0.633620 0.334225 0.628633 -0.443094 -0.444095 0.601603 0.591750 -0.365102 0.580682 1.000000 0.749982 -0.399619 -0.069312 -0.001449 -0.133839 -0.027843 -0.293489 0.213842 0.533035 -0.009966 0.683539 0.009803 -0.191304 -0.286667 -0.123395 0.605974 -0.259424 -0.401186 0.145743 -0.010433 0.009003 -0.394719 -0.576643 -0.709991 -0.644246 -0.657683 -0.656927 -0.524893 -0.714657 0.760469 -0.058446 -0.600706 0.550835 -0.441715 -0.533620 -0.060445 0.144258 -0.449336 -0.282845 -0.242149 -0.308264 -0.199477 -0.263058 -0.284296 -0.232254 -0.399205 -0.446370 -0.027768 -0.583460 0.714844 0.608106 0.153965 0.310836 0.350864 0.028382 -0.546503 -0.367535 0.208722 0.344960 -0.218606 0.103157 0.258299 0.223959 -0.229336 -0.161283 -0.445552 -0.274986 -0.443604 -0.313728 -0.141445 -0.118508 -0.136497 -0.240296 0.164734 0.000700 0.579103 -0.242954 -0.237314 0.207639 -0.038869 -0.114952
-0.428424 -0.637704 0.172116 0.294344 -0.149205 0.332024 -0.093755 0.301214 -0.068783 0.326023 -0.048402 -0.050782 0.151153 -0.099257 0.093656 0.116848 -0.496112 -0.564507 -0.315753 -0.537134 -0.113891 -0.112146 0.453700 0.348841 0.434604 0.445224 0.153186 0.329612 -0.321422 -0.319887 0.277889 0.277105 -0.282723 0.477551 0.749982 1.000000 -0.240978 0.139459 0.117519 0.011856 -0.077993 -0.154571 0.223624 0.411295 0.274075 0.786975 0.138438 -0.056104 -0.099661 0.091207 0.448253 -0.088447 -0.253776 0.164457 0.177533 0.217462 -0.361428 -0.564327 -0.437598 -0.530436 -0.415284 -0.503778 -0.371383 -0.505410 0.629764 0.296006 -0.533717 0.455931 -0.418759 -0.500419 -0.189629 0.095945 -0.362843 -0.334628 -0.206566 -0.290928 -0.170349 -0.223523 -0.162398 -0.159536 -0.302146 -0.357954 -0.060282 -0.446937 0.393393 0.276108 0.193406 0.172321 0.164027 -0.173196 -0.484067 -0.398293 0.144421 0.265245 -0.136125 0.137755 0.309930 0.247229 -0.125027 -0.013942 -0.271894 -0.224985 -0.321777 -0.201815 0.035685 -0.112926 0.081181 -0.201334 0.119185 -0.003948 0.568118 -0.091643 -0.137882 0.239235 -0.033377 -0.075647
