1.000000 0.221433 0.313505 -0.268739 -0.072513 -0.109243 0.364391 -0.066864 -0.311110 0.084609 0.329386 0.019194 -0.107876 0.161835 0.155652 0.114920 0.422303 0.141971 0.602067 0.446632 -0.384812 -0.399949 0.271890 -0.138228 -0.126482 -0.162597 -0.394284 -0.265948 0.142552 -0.005433 -0.152926 -0.317724 0.422249 0.191478 -0.289725 -0.275703 -0.135155 -0.158461 -0.181561 -0.340374 -0.378823 -0.413937 0.134908 -0.158394 0.089562 -0.276967 -0.133876 -0.236527 0.104354 -0.080402 -0.061880 -0.066315 0.227003 -0.092597 -0.209389 -0.365656 0.570619 0.376261 0.025858 -0.227552 0.337417 -0.118063 0.142742 0.092898 -0.146052 -0.373074 -0.083825 -0.320841 0.436663 0.372103 0.058260 -0.407972 -0.036424 -0.241782 -0.019998 -0.365640 -0.317266 -0.437625 0.306176 0.088876 0.353726 0.103481 0.252688 -0.065129 0.179149 -0.103146 0.110174 0.393102 0.390385 0.251252 -0.071898 -0.127412 -0.135400 -0.217866 -0.153716 -0.581288 -0.565632 -0.478039 -0.358835 -0.423391 -0.251817 -0.134963 -0.227575 -0.299869 -0.281107 -0.416245 0.225731 -0.100475 -0.517659 -0.332948 -0.551225 -0.419158 -0.339059 -0.518677 -0.250950 -0.382305
0.221433 1.000000 -0.280890 -0.332185 -0.016942 -0.131576 -0.288956 -0.199035 0.032345 -0.195433 -0.257493 0.095809 -0.037852 0.045915 -0.114687 0.034403 0.541827 0.590122 0.067279 0.553369 -0.337474 -0.368981 -0.345725 -0.289160 -0.094291 -0.036258 -0.122668 -0.157422 0.186376 0.330728 -0.057438 -0.225354 0.493692 0.362158 -0.546919 -0.417830 0.148691 0.129341 -0.005547 -0.043984 -0.121735 -0.055282 -0.028689 -0.307889 -0.048637 -0.248168 -0.049644 -0.043197 -0.020869 0.103592 -0.464387 -0.195914 0.142127 -0.064121 -0.071786 -0.033313 0.619557 0.754724 0.108276 0.138942 0.175519 0.212738 0.250564 0.478406 -0.622580 -0.337771 -0.247531 -0.243882 0.641013 0.582424 -0.167791 -0.051633 0.178920 -0.025943 -0.014850 -0.277488 -0.196143 -0.173483 0.306996 0.227494 0.425503 0.331902 -0.190433 0.247014 -0.350740 -0.433237 -0.063544 0.131959 -0.137367 -0.053683 0.156072 -0.167849 0.002043 -0.249456 -0.022084 -0.217178 -0.168853 -0.257880 0.077195 -0.328539 0.141605 -0.030646 0.085964 -0.181302 -0.072881 -0.296974 0.002332 0.064680 -0.165072 -0.237704 -0.479952 -0.320996 -0.178114 -0.366616 -0.234543 -0.295453
0.313505 -0.280890 1.000000 0.457749 0.184423 0.248926 0.666072 0.459227 -0.016302 0.386333 0.290762 0.288808 0.277016 0.474805 0.397612 0.401072 -0.117357 -0.209990 0.141636 0.076301 -0.235805 -0.281738 0.552194 0.420391 0.144854 0.339850 -0.097093 0.075250 -0.117360 -0.159771 -0.088441 0.087749 -0.048295 0.047540 0.079255 0.211126 -0.263851 -0.238285 -0.363977 -0.304191 -0.266192 -0.435737 -0.187162 -0.138662 -0.197385 -0.085348 -0.458099 -0.285112 -0.004537 -0.337221 0.327750 -0.182033 0.186530 -0.153358 -0.218384 -0.281651 -0.054859 -0.246429 0.099576 -0.111288 0.192146 -0.016036 -0.030029 -0.144711 0.276327 -0.085986 -0.226871 -0.156275 -0.178432 -0.057271 0.141770 -0.066165 -0.419477 -0.163111 -0.184708 -0.161081 -0.241891 -0.105593 -0.302865 -0.316165 -0.326999 -0.273745 0.130930 0.037570 0.018961 0.077892 0.087461 0.322760 0.342313 0.312163 0.015095 -0.217904 -0.129935 -0.180637 0.025631 -0.487130 -0.386245 -0.384211 -0.441544 -0.294992 -0.250422 -0.279120 -0.313031 -0.317498 -0.381326 -0.366850 -0.041499 -0.431732 -0.502869 -0.094902 -0.054094 -0.442540 -0.307299 -0.480328 -0.337881 -0.349497
-0.268739 -0.332185 0.457749 1.000000 -0.060003 0.039113 0.220389 0.544476 -0.017841 0.179417 0.083835 0.387999 0.135052 0.302487 0.119179 0.235710 -0.353084 -0.416573 -0.228664 -0.191041 -0.052454 -0.114280 0.361904 0.636835 0.061458 0.398352 -0.074033 0.099113 -0.243051 -0.244663 -0.051180 0.218322 -0.205820 -0.027397 0.126765 0.155708 -0.176730 -0.081833 -0.072995 0.083427 -0.111057 -0.159896 -0.305173 -0.014035 -0.292011 -0.014323 -0.296547 -0.214945 -0.199020 -0.336079 0.324555 -0.224046 -0.037876 -0.127673 0.109707 0.075369 -0.446294 -0.470683 -0.074043 -0.063343 -0.010565 0.096227 -0.308872 -0.264099 0.402304 0.275777 -0.142480 0.109708 -0.419565 -0.309681 -0.223211 -0.091748 -0.422988 -0.049736 -0.019568 -0.024129 -0.078390 0.076327 -0.396496 -0.279254 -0.523768 -0.383449 0.115269 0.089492 -0.140484 0.431014 -0.027559 0.056926 0.220427 0.242915 0.099287 -0.086057 0.011726 -0.062990 0.159128 -0.056437 -0.116594 -0.016983 -0.219747 0.048407 -0.245668 -0.258567 -0.320751 -0.167635 -0.208136 0.024761 -0.168072 -0.455203 -0.024049 0.028688 0.249793 -0.078872 -0.005846 -0.026003 -0.063586 -0.178353
-0.072513 -0.016942 0.184423 -0.060003 1.000000 0.666493 0.055175 0.136634 0.847409 0.479450 -0.318781 0.011230 0.310834 0.100494 0.709086 -0.198033 -0.238717 -0.292026 -0.066914 0.129382 0.236939 0.160463 -0.186110 -0.020605 0.001028 0.265497 0.676008 0.402198 -0.324233 -0.095042 -0.173094 -0.136031 -0.144407 -0.103689 0.232512 0.163639 -0.300557 -0.241942 -0.409709 -0.199993 -0.115514 -0.174161 -0.107702 0.092016 0.042838 0.146684 -0.057984 0.233713 0.460423 0.252380 0.224079 0.181376 0.244328 0.263052 -0.318725 -0.059404 -0.129645 -0.094606 0.448384 0.152653 -0.067918 -0.158946 -0.071545 -0.317973 -0.015133 -0.169094 -0.033525 0.208700 -0.026604 0.092401 0.091718 -0.058535 -0.288957 -0.258876 -0.263372 0.015611 -0.038818 0.066049 -0.243663 -0.148169 -0.369374 -0.027933 -0.344610 -0.050303 -0.280718 -0.053012 -0.297809 -0.337721 -0.415137 -0.251419 0.204785 0.066195 0.232300 0.142043 0.012606 0.001339 -0.142008 0.055466 0.034338 0.129543 0.246042 -0.020504 0.015346 0.009007 -0.205818 -0.119872 -0.167462 -0.206745 -0.176646 0.198193 0.204903 0.006502 0.018899 0.028237 -0.141323 -0.144000
-0.109243 -0.131576 0.248926 0.039113 0.666493 1.000000 0.226793 0.279612 0.527113 0.592241 -0.291143 -0.120324 0.239744 0.090387 0.419899 0.000223 -0.259450 -0.293124 -0.177904 -0.109211 0.073504 0.033317 -0.081279 0.017532 0.092562 0.264690 0.412068 0.152747 -0.419284 -0.235996 -0.271848 -0.230334 -0.279476 -0.208046 0.199302 0.278050 -0.470899 -0.347290 -0.335473 -0.285788 -0.230887 -0.315840 0.138269 0.189314 0.208145 0.318148 0.012263 0.288013 0.473786 0.294797 0.256418 0.274572 0.448801 0.469624 -0.191543 -0.127704 -0.146651 -0.154002 0.487537 0.204996 -0.113862 -0.258983 0.021056 -0.339292 -0.054757 -0.220492 0.050962 0.232392 -0.195238 -0.036443 0.193418 -0.102944 -0.449627 -0.236788 -0.369365 -0.030425 -0.265609 -0.118854 -0.356767 -0.282600 -0.371356 -0.192931 -0.488880 -0.227346 -0.366770 -0.211923 -0.329091 -0.321312 -0.198501 -0.029107 0.182924 0.313704 0.382261 0.432410 -0.036191 -0.122257 -0.224078 0.038510 0.111151 0.257084 0.273275 0.159143 0.014039 0.165437 -0.060021 0.030137 -0.040932 -0.331593 -0.203747 0.029685 0.077065 0.058773 0.122699 0.030839 -0.197323 -0.072700
0.364391 -0.288956 0.666072 0.220389 0.055175 0.226793 1.000000 0.549908 -0.162873 0.222212 0.367291 0.201191 0.391279 0.424132 0.348850 0.402460 -0.097705 -0.142967 0.287939 -0.130655 -0.098694 -0.213395 0.539197 0.227096 0.116143 -0.007792 -0.179031 0.025811 -0.129303 -0.310116 0.142169 0.095614 -0.172640 -0.161474 0.009470 0.154059 -0.349724 -0.315778 -0.235647 -0.405500 -0.173397 -0.357286 0.017351 -0.134519 -0.101864 -0.092018 -0.306861 -0.359704 0.031822 -0.145897 0.247690 0.051506 0.143455 0.051463 -0.367502 -0.378035 0.001368 -0.237117 -0.044085 -0.207091 0.073810 -0.021152 -0.063342 -0.169346 0.363240 0.184443 -0.058343 -0.196830 -0.295896 -0.253694 0.345809 0.078860 -0.266756 -0.022305 0.033981 -0.038326 -0.198267 -0.227202 -0.325257 -0.363708 -0.165916 -0.352408 0.288243 -0.126784 0.273234 0.064001 0.122489 0.103134 0.390242 0.118328 -0.190442 -0.054471 -0.050100 -0.031839 -0.126687 -0.514142 -0.378303 -0.314798 -0.384250 -0.259476 -0.216622 -0.047933 -0.146720 -0.210057 -0.254713 -0.261756 0.323764 -0.265788 -0.469269 -0.289022 -0.264876 -0.362874 -0.232120 -0.320328 -0.165784 -0.233677
-0.066864 -0.199035 0.459227 0.544476 0.136634 0.279612 0.549908 1.000000 0.053138 0.534291 0.077207 0.512848 0.407075 0.655175 0.195539 0.498341 -0.221316 -0.240437 -0.108772 -0.103878 -0.178920 -0.271058 0.035828 0.256880 -0.172268 0.117216 -0.043839 -0.138011 -0.321288 -0.214777 -0.120742 0.093221 -0.295415 -0.091562 -0.088514 0.088109 -0.291349 -0.363959 -0.162083 -0.086200 -0.168135 -0.261235 -0.258169 -0.204641 -0.246610 -0.105239 -0.371559 -0.135580 0.052882 -0.158586 0.185668 -0.076711 0.207908 -0.047585 -0.110486 -0.115127 -0.265815 -0.457961 0.098422 0.124816 0.127973 0.259296 -0.112091 -0.140400 0.328103 0.435122 -0.121057 0.051602 -0.423502 -0.237194 -0.013075 -0.004550 -0.547261 -0.139980 -0.204977 -0.082776 -0.182640 -0.080606 -0.572855 -0.458699 -0.422073 -0.484786 -0.021463 0.058140 -0.096236 0.178508 0.071410 0.128070 0.087127 0.166431 0.153172 -0.049570 0.148357 -0.053648 0.112097 -0.290565 -0.232606 -0.142115 -0.223341 -0.047355 -0.190898 -0.193498 -0.293085 -0.210872 -0.265067 -0.082636 -0.083593 -0.505933 -0.208712 -0.130535 -0.067712 -0.209489 -0.039964 -0.114094 -0.111596 -0.290238
-0.311110 0.032345 -0.016302 -0.017841 0.847409 0.527113 -0.162873 0.053138 1.000000 0.403127 -0.393911 0.042168 0.238800 -0.007379 0.590131 -0.279809 -0.348299 -0.333492 -0.185106 0.150040 0.252230 0.121477 -0.269898 0.062417 0.193703 0.368232 0.630515 0.315112 -0.330124 -0.033231 -0.115745 -0.019512 -0.215806 -0.129368 0.249798 0.118038 -0.128444 -0.148578 -0.160527 -0.015527 0.013926 -0.044890 -0.199291 0.067613 -0.100084 0.152065 0.052909 0.354421 0.292286 0.205334 0.217505 -0.007144 0.165847 0.268938 0.030606 0.150776 -0.305027 -0.127736 0.295529 0.141816 -0.209452 -0.197210 -0.215995 -0.324310 -0.076848 -0.159004 -0.089840 0.350462 0.019111 0.152016 -0.023342 -0.011948 -0.268864 -0.240831 -0.279203 0.092550 0.107218 0.225736 -0.361754 -0.212949 -0.500989 -0.162365 -0.384610 0.001007 -0.415726 -0.158594 -0.217332 -0.385441 -0.411059 -0.267475 0.357928 0.129032 0.201628 0.132951 0.255277 0.313176 0.130033 0.265560 0.215032 0.280594 0.305721 -0.032645 0.117814 0.064056 0.028621 0.103085 -0.252921 -0.090601 0.118977 0.434522 0.394331 0.163214 0.179517 0.213097 -0.019905 0.025406
0.084609 -0.195433 0.386333 0.179417 0.479450 0.592241 0.222212 0.534291 0.403127 1.000000 -0.109956 0.191650 0.164644 0.411774 0.432600 0.203772 -0.153549 -0.337951 -0.000344 0.152488 -0.283765 -0.305497 -0.150899 -0.029813 -0.222785 0.204118 0.085337 -0.277130 -0.368616 -0.060546 -0.527882 -0.407728 -0.263428 -0.226087 0.034983 -0.007038 -0.280679 -0.348027 -0.337201 -0.169257 -0.309385 -0.400237 0.006381 0.075870 0.077348 0.065125 -0.007627 0.347693 0.482100 0.134402 0.405635 0.124018 0.533787 0.312127 -0.015615 0.161045 -0.213929 -0.275236 0.427526 0.221703 0.111106 -0.179167 -0.039952 -0.327063 0.086840 -0.166587 -0.170310 0.187109 -0.089048 0.099041 0.018118 -0.234937 -0.581327 -0.377038 -0.448281 -0.149998 -0.103617 0.008983 -0.428949 -0.302153 -0.394972 -0.261696 -0.234087 -0.059094 -0.345543 -0.029997 -0.139775 0.086496 -0.070106 0.289084 0.306608 0.048492 0.110000 0.060723 0.116574 -0.202623 -0.189853 -0.006677 -0.064222 0.098044 -0.067488 -0.192637 -0.278661 -0.160655 -0.208449 -0.145461 -0.249442 -0.574165 -0.211698 0.143657 0.023189 -0.064652 0.004665 -0.094453 -0.364796 -0.368170
0.329386 -0.257493 0.290762 0.083835 -0.318781 -0.291143 0.367291 0.077207 -0.393911 -0.109956 1.000000 0.328489 0.471929 0.419284 0.171881 0.425356 0.213185 0.181538 0.233498 -0.092974 -0.069294 0.022286 0.387958 0.034712 0.175306 -0.091614 -0.342841 -0.141562 0.490108 0.086680 0.315105 0.308965 0.045836 0.077955 -0.078194 -0.098829 0.080639 -0.065626 0.006892 -0.083244 -0.073543 -0.064874 -0.141249 -0.302092 -0.249591 -0.390097 -0.159953 -0.448656 -0.227630 -0.330899 -0.120454 -0.154284 -0.168382 -0.287163 -0.011239 -0.311775 -0.068823 -0.272748 -0.291835 -0.309111 0.368348 0.224639 0.239102 0.267444 0.348598 0.265613 -0.177710 -0.407924 -0.193720 -0.274238 0.213576 0.119156 0.202707 0.236423 0.238070 -0.001757 0.087550 -0.028464 0.055710 -0.030782 0.039639 -0.048313 0.589125 0.228065 0.388272 0.016594 0.281528 0.295481 0.440984 0.000240 -0.193241 -0.214673 -0.292354 -0.270267 -0.194470 -0.207830 -0.330786 -0.393258 -0.287505 -0.288256 -0.338137 -0.228130 -0.126717 -0.160809 -0.028437 -0.015753 0.124663 0.141429 -0.181722 -0.259233 -0.243421 -0.296960 -0.268353 -0.223974 0.156037 0.012145
0.019194 0.095809 0.288808 0.387999 0.011230 -0.120324 0.201191 0.512848 0.042168 0.191650 0.328489 1.000000 0.504030 0.793614 0.184756 0.588202 -0.018652 0.147976 -0.024447 0.064755 -0.158407 -0.209874 -0.025821 0.159611 -0.087167 0.170562 -0.014794 0.008788 0.298618 0.276423 0.171703 0.353481 0.122597 0.260632 -0.225661 -0.213911 -0.024617 -0.002555 -0.165310 0.081455 -0.156807 -0.076336 -0.331499 -0.290680 -0.347955 -0.414838 -0.329253 -0.281213 -0.033480 -0.200310 0.005250 -0.109097 0.005322 -0.150410 -0.096079 -0.121035 -0.178493 -0.293435 -0.079947 -0.139091 0.228707 0.461844 0.165991 0.251416 0.166969 0.433729 -0.457390 -0.353103 -0.289158 -0.260171 -0.209958 0.128346 -0.082180 0.163599 0.059742 0.155793 0.050186 0.095491 -0.306497 -0.122884 -0.287594 -0.166593 0.070334 0.473309 -0.109782 0.155294 0.088727 0.194667 -0.035154 -0.142860 -0.030244 -0.373581 -0.149297 -0.391411 0.017036 -0.207215 -0.259851 -0.287938 -0.159323 -0.293576 -0.144095 -0.353428 -0.132006 -0.185007 -0.111357 -0.033719 -0.046118 -0.260491 -0.173794 -0.134631 -0.249496 -0.407990 -0.282971 -0.214191 0.144701 -0.213211
-0.107876 -0.037852 0.277016 0.135052 0.310834 0.239744 0.391279 0.407075 0.238800 0.164644 0.471929 0.504030 1.000000 0.637505 0.433097 0.503661 0.074578 0.191625 -0.082002 -0.116827 0.081215 0.067239 -0.021176 -0.015774 0.210918 0.172222 0.219589 0.166828 0.263417 0.149804 0.285198 0.352777 -0.048310 0.125684 -0.037786 0.040105 0.009527 -0.131492 -0.194804 -0.112257 -0.075451 -0.093726 -0.165367 -0.287977 -0.196842 -0.255204 -0.176554 -0.231713 0.151171 -0.022305 -0.069075 0.070027 0.161824 0.075956 -0.246484 -0.227361 -0.146444 -0.316246 0.120185 -0.106068 0.279991 0.321814 0.349424 0.158763 0.147795 0.255313 -0.235930 -0.343047 -0.381426 -0.393636 0.242114 0.330681 0.062839 0.157276 0.029013 0.113817 0.096646 0.205916 -0.303144 -0.260962 -0.245567 -0.150957 0.041986 0.303240 -0.008635 -0.157897 0.004573 -0.114146 -0.151406 -0.335441 -0.127581 -0.270943 -0.069920 -0.221212 -0.203421 -0.196802 -0.191923 -0.343989 -0.038712 -0.183844 -0.012054 -0.249200 -0.034028 -0.158646 -0.069950 -0.063638 0.029724 -0.018746 -0.280985 -0.186247 -0.181715 -0.323322 -0.243683 -0.195461 -0.001239 -0.147893
0.161835 0.045915 0.474805 0.302487 0.100494 0.090387 0.424132 0.655175 -0.007379 0.411774 0.419284 0.793614 0.637505 1.000000 0.361159 0.767008 0.123380 0.216034 0.072451 0.102491 -0.305257 -0.315724 0.006709 0.048903 -0.123093 0.194499 -0.110032 -0.149985 0.199829 0.241864 0.011105 0.195777 0.058075 0.207254 -0.303604 -0.198325 -0.136716 -0.145228 -0.200597 -0.040221 -0.300276 -0.274430 -0.273020 -0.393426 -0.312330 -0.462704 -0.410743 -0.270496 0.074319 -0.229052 -0.018700 -0.057163 0.224340 -0.100808 -0.184944 -0.166381 -0.000383 -0.235830 0.021953 -0.058205 0.418065 0.472320 0.393344 0.262976 0.210631 0.282759 -0.464034 -0.481639 -0.231547 -0.163462 0.009295 0.114341 -0.200692 0.012151 -0.122734 -0.061140 -0.129419 -0.032882 -0.297579 -0.190605 -0.153162 -0.130840 0.069382 0.420689 -0.009392 0.001530 0.127697 0.333343 -0.019010 0.009856 0.003940 -0.364111 -0.165842 -0.354448 -0.099237 -0.391581 -0.444059 -0.427765 -0.340724 -0.327263 -0.229275 -0.402093 -0.281515 -0.310434 -0.307939 -0.182336 -0.034562 -0.318985 -0.399899 -0.243170 -0.348384 -0.521612 -0.359277 -0.380285 -0.144138 -0.304423
0.155652 -0.114687 0.397612 0.119179 0.709086 0.419899 0.348850 0.195539 0.590131 0.432600 0.171881 0.184756 0.433097 0.361159 1.000000 0.082980 -0.117881 -0.211670 0.224713 0.180848 0.027564 -0.058575 0.288016 0.128100 0.206968 0.360933 0.285728 0.236329 -0.135080 -0.050624 -0.014289 0.008254 -0.133612 -0.103207 0.110741 0.016480 -0.315502 -0.236859 -0.370724 -0.340854 -0.241022 -0.320434 -0.166961 -0.131023 -0.198073 -0.173656 -0.166991 -0.080704 0.196464 -0.072315 0.268172 0.001963 0.217400 0.169732 -0.283254 -0.164481 -0.116415 -0.127746 0.055617 -0.172159 0.058563 -0.077771 -0.073056 -0.275902 0.289568 -0.092920 -0.323129 -0.122567 -0.041938 0.035459 0.264432 -0.035538 -0.255385 -0.163075 -0.063026 -0.096028 -0.030724 0.005474 -0.206440 -0.149772 -0.339155 -0.064880 0.139173 0.050005 0.028998 0.014798 -0.181933 -0.113203 -0.059092 -0.171617 0.131870 -0.077243 -0.061088 -0.083994 -0.038092 -0.193208 -0.435553 -0.264599 -0.263580 -0.101124 -0.058924 -0.201768 -0.134578 -0.173676 -0.256162 -0.172205 -0.015554 -0.190591 -0.373203 0.054512 0.027173 -0.207745 -0.196649 -0.231941 -0.165502 -0.207919
0.114920 0.034403 0.401072 0.235710 -0.198033 0.000223 0.402460 0.498341 -0.279809 0.203772 0.425356 0.588202 0.503661 0.767008 0.082980 1.000000 0.163497 0.223688 0.053789 0.069296 -0.180817 -0.197153 0.130278 0.166982 0.105551 0.144221 -0.258836 -0.230428 0.315223 0.206856 0.121119 0.280805 -0.026110 0.158078 -0.359002 -0.108165 -0.008018 -0.115773 -0.141359 -0.091339 -0.149744 -0.227814 -0.168803 -0.431068 -0.307652 -0.395511 -0.300952 -0.253036 -0.139003 -0.296967 -0.102711 -0.131914 0.336380 -0.038611 -0.065464 -0.181164 0.049256 -0.230475 -0.159184 -0.115656 0.284342 0.380935 0.425229 0.291539 -0.010087 0.165399 -0.422135 -0.481404 -0.188941 -0.164064 0.247208 0.290857 0.027409 0.147977 -0.029238 0.023704 -0.105158 0.102143 -0.271256 -0.218840 0.035918 -0.102655 0.174546 0.535535 0.106608 -0.115534 0.176547 0.414670 0.135491 0.170022 -0.001073 -0.315289 -0.209863 -0.290380 -0.228378 -0.391481 -0.366716 -0.393522 -0.278172 -0.246175 -0.245725 -0.321874 -0.303595 -0.280341 -0.221751 -0.198160 0.044693 -0.120945 -0.398842 -0.272057 -0.342553 -0.458299 -0.351429 -0.418988 -0.215545 -0.228949
0.422303 0.541827 -0.117357 -0.353084 -0.238717 -0.259450 -0.097705 -0.221316 -0.348299 -0.153549 0.213185 -0.018652 0.074578 0.123380 -0.117881 0.163497 1.000000 0.765475 0.430617 0.443836 -0.453515 -0.376583 -0.168414 -0.441515 -0.079418 -0.042910 -0.370277 -0.469294 0.435923 0.556398 -0.083836 -0.218612 0.648067 0.433117 -0.411813 -0.485217 0.240105 0.247410 -0.095909 -0.155109 -0.282588 -0.148323 0.123547 -0.290273 0.054795 -0.407169 0.027920 -0.140711 0.053662 -0.068998 -0.412084 -0.075922 0.099771 -0.073594 -0.133526 0.014687 0.654206 0.626153 0.059761 -0.054040 0.516897 0.246168 0.546309 0.550962 -0.252316 -0.345744 -0.216398 -0.565020 0.419559 0.283824 0.088165 -0.016987 0.364085 0.145560 0.152635 -0.170636 0.039953 -0.058905 0.557480 0.412668 0.566102 0.502852 -0.046445 0.129993 -0.057641 -0.311506 -0.144961 0.247599 -0.019391 0.074242 -0.156446 -0.415040 -0.372427 -0.484419 -0.185889 -0.435718 -0.273297 -0.481576 -0.210509 -0.507437 -0.120406 -0.228162 -0.131205 -0.262627 -0.116159 -0.360601 0.011484 0.080691 -0.437576 -0.298146 -0.617671 -0.361702 -0.371410 -0.453387 -0.225694 -0.455028
0.141971 0.590122 -0.209990 -0.416573 -0.292026 -0.293124 -0.142967 -0.240437 -0.333492 -0.337951 0.181538 0.147976 0.191625 0.216034 -0.211670 0.223688 0.765475 1.000000 0.198049 0.261057 -0.279616 -0.162669 -0.292322 -0.469572 -0.045849 -0.135866 -0.218991 -0.232985 0.532956 0.648469 0.242562 0.067183 0.526897 0.404538 -0.418122 -0.386255 0.296667 0.358169 0.013122 0.029783 -0.064573 0.134814 0.101411 -0.310106 0.010265 -0.433032 -0.007380 -0.167277 -0.067288 -0.027422 -0.586443 -0.014262 -0.086608 -0.094040 -0.225310 -0.018379 0.540409 0.520307 -0.054908 -0.062567 0.349252 0.417234 0.652270 0.761446 -0.264499 -0.076650 -0.239671 -0.639894 0.269323 0.103243 0.067674 0.322168 0.480358 0.338893 0.187265 -0.022154 0.022462 -0.021886 0.413289 0.382675 0.556432 0.530566 -0.076190 0.283899 -0.006754 -0.311018 -0.045241 0.130350 -0.172740 -0.182311 -0.255825 -0.388631 -0.296061 -0.379622 -0.301514 -0.230506 -0.127528 -0.401588 -0.038887 -0.431753 0.067497 -0.033295 0.133265 -0.101794 0.013934 -0.259172 0.046539 0.246674 -0.215306 -0.351092 -0.548269 -0.318745 -0.292829 -0.306297 -0.038823 -0.125699
0.602067 0.067279 0.141636 -0.228664 -0.066914 -0.177904 0.287939 -0.108772 -0.185106 -0.000344 0.233498 -0.024447 -0.082002 0.072451 0.224713 0.053789 0.430617 0.198049 1.000000 0.555653 -0.211199 -0.254639 0.154562 -0.103388 -0.074547 -0.144434 -0.268270 -0.224526 0.134634 0.223239 0.085671 -0.012009 0.327696 0.142709 -0.345414 -0.488526 0.008598 0.127949 -0.089580 -0.187010 -0.248172 -0.070917 0.022226 -0.282593 -0.208569 -0.490832 -0.063824 -0.134420 -0.115283 -0.293765 -0.125158 -0.164031 -0.010988 -0.073854 -0.085837 -0.006094 0.269889 0.289592 -0.293486 -0.176383 0.175766 -0.059605 0.127870 0.123696 0.101161 -0.258127 -0.306061 -0.416067 0.391788 0.329369 0.226590 -0.096006 0.142906 0.071630 0.262459 -0.061022 0.019317 -0.105828 0.245950 0.150438 0.286022 0.195959 0.275561 0.061314 0.309192 0.043796 0.001274 0.342251 0.250758 0.256359 -0.013244 -0.196887 -0.374807 -0.365905 0.023028 -0.295821 -0.369633 -0.252613 -0.407138 -0.337769 -0.286221 -0.177399 -0.209114 -0.263135 -0.239693 -0.255192 0.269938 0.015588 -0.290771 -0.059965 -0.421527 -0.308389 -0.350472 -0.336320 -0.139997 -0.170470
0.446632 0.553369 0.076301 -0.191041 0.129382 -0.109211 -0.130655 -0.103878 0.150040 0.152488 -0.092974 0.064755 -0.116827 0.102491 0.180848 0.069296 0.443836 0.261057 0.555653 1.000000 -0.314191 -0.433736 -0.109812 0.051850 -0.084313 0.026441 -0.076251 -0.160008 0.020998 0.263931 -0.122709 -0.138404 0.359460 0.295239 -0.446826 -0.448136 0.073265 -0.041904 -0.143474 -0.100791 -0.202815 -0.139047 -0.276344 -0.452345 -0.276707 -0.482219 -0.164343 0.053529 -0.132385 -0.185922 -0.277266 -0.401998 0.149869 -0.182368 0.035767 0.074961 0.358206 0.461197 -0.018122 0.159074 0.193047 0.052458 0.158399 0.314894 -0.365787 -0.429494 -0.389028 -0.202894 0.690866 0.780995 -0.046821 -0.189759 -0.004143 -0.198880 -0.109479 -0.339767 -0.163828 -0.077807 0.152142 0.070424 0.301737 0.219145 0.005378 0.350127 -0.176212 -0.258683 -0.027320 0.333214 0.000753 0.226116 0.399310 -0.207868 -0.224315 -0.408470 0.145067 -0.190890 -0.274478 -0.163352 -0.193949 -0.261915 -0.151948 -0.310924 -0.241810 -0.423914 -0.373426 -0.456736 -0.087342 -0.165722 -0.190175 0.042864 -0.272251 -0.327635 -0.271763 -0.481202 -0.437970 -0.408023
-0.384812 -0.337474 -0.235805 -0.052454 0.236939 0.073504 -0.098694 -0.178920 0.252230 -0.283765 -0.069294 -0.158407 0.081215 -0.305257 0.027564 -0.180817 -0.453515 -0.279616 -0.211199 -0.314191 1.000000 0.830095 0.034844 0.256249 0.326701 -0.230566 0.662567 0.643425 0.007558 -0.333150 0.515534 0.434726 -0.446186 -0.326624 0.201581 0.271807 0.003072 -0.020868 0.035677 0.157844 0.495347 0.528566 -0.204391 -0.029822 -0.168966 0.134839 0.067776 0.027518 -0.245203 0.031395 -0.151348 0.005786 -0.344055 -0.021711 -0.121615 -0.131141 -0.428282 -0.387621 -0.214813 -0.171863 -0.399531 -0.174216 -0.154371 -0.113334 -0.012892 0.279564 0.107951 0.222403 -0.301990 -0.305756 0.330182 0.371536 0.283151 0.347216 0.315673 0.530606 0.221113 0.248346 -0.156743 -0.202215 -0.035442 -0.033324 0.066619 0.085456 0.244292 -0.007759 0.084045 -0.444522 -0.086578 -0.344607 0.109633 0.363492 0.295224 0.407745 -0.207838 0.540067 0.270804 0.466795 0.314924 0.488547 0.340840 0.406188 0.385004 0.400349 0.289645 0.315930 0.028118 0.296013 0.405051 0.138376 0.396445 0.347098 0.264835 0.458014 0.408861 0.575738
-0.399949 -0.368981 -0.281738 -0.114280 0.160463 0.033317 -0.213395 -0.271058 0.121477 -0.305497 0.022286 -0.209874 0.067239 -0.315724 -0.058575 -0.197153 -0.376583 -0.162669 -0.254639 -0.433736 0.830095 1.000000 -0.062890 0.043490 0.232627 -0.210121 0.513401 0.476295 0.117379 -0.143662 0.407875 0.365813 -0.349289 -0.288905 0.286632 0.291050 0.126224 0.142809 0.145887 0.292898 0.428140 0.565607 -0.021877 0.128952 -0.005789 0.198995 0.158711 0.065504 -0.179008 0.029052 -0.131347 0.110791 -0.389326 0.004331 -0.038982 -0.007896 -0.357272 -0.368921 -0.269371 -0.176981 -0.349466 -0.155856 -0.073285 -0.102131 0.032691 0.211816 0.134339 0.162038 -0.305733 -0.409433 0.358747 0.423424 0.359056 0.443862 0.373584 0.508450 0.370611 0.340184 -0.012557 -0.029613 -0.001516 0.100188 0.057218 0.016518 0.287725 0.129978 0.033932 -0.403420 -0.145525 -0.306898 -0.068225 0.242477 0.180238 0.347162 -0.205557 0.523242 0.307836 0.363285 0.213434 0.429310 0.192421 0.290055 0.235934 0.336160 0.204717 0.349306 0.050528 0.300184 0.433398 0.165995 0.442876 0.360300 0.232023 0.474823 0.408564 0.618088
0.271890 -0.345725 0.552194 0.361904 -0.186110 -0.081279 0.539197 0.035828 -0.269898 -0.150899 0.387958 -0.025821 -0.021176 0.006709 0.288016 0.130278 -0.168414 -0.292322 0.154562 -0.109812 0.034844 -0.062890 1.000000 0.585358 0.427343 0.172789 -0.228771 0.222123 -0.042546 -0.373689 0.222380 0.198786 -0.124662 -0.078203 0.234256 0.317115 -0.251291 -0.176632 -0.126294 -0.344035 -0.081590 -0.278908 -0.117498 -0.076183 -0.134513 0.037552 -0.325021 -0.494236 -0.300703 -0.296260 0.324914 -0.151766 -0.102670 -0.192480 -0.136571 -0.379418 -0.053031 -0.129793 -0.316520 -0.318013 -0.111856 -0.121968 -0.320652 -0.211622 0.351045 0.027490 -0.043246 -0.107057 -0.180062 -0.152761 0.240568 -0.028101 -0.138408 0.015252 0.199929 -0.048431 -0.132446 -0.165157 -0.037920 -0.183130 -0.113887 -0.210211 0.512194 -0.141010 0.418315 0.152532 0.134301 0.090887 0.530864 0.104762 -0.132821 0.011228 -0.134937 0.013039 -0.095785 -0.320140 -0.284802 -0.247536 -0.372344 -0.161013 -0.293572 -0.084756 -0.129303 -0.177677 -0.211563 -0.197833 0.226358 -0.143348 -0.312611 -0.147901 0.050321 -0.159213 -0.177558 -0.307808 -0.102360 -0.090074
-0.138228 -0.289160 0.420391 0.636835 -0.020605 0.017532 0.227096 0.256880 0.062417 -0.029813 0.034712 0.159611 -0.015774 0.048903 0.128100 0.166982 -0.441515 -0.469572 -0.103388 0.051850 0.256249 0.043490 0.585358 1.000000 0.401203 0.275851 0.133233 0.324142 -0.279752 -0.490799 0.158993 0.366177 -0.413218 -0.178606 0.136768 0.362344 -0.226664 -0.179821 -0.008992 -0.021274 0.086468 -0.037302 -0.493886 -0.227451 -0.396539 0.044235 -0.421463 -0.238312 -0.403997 -0.314248 0.185215 -0.346538 -0.114587 -0.285889 0.149920 -0.152089 -0.437288 -0.437967 -0.244669 -0.093266 -0.318208 -0.103056 -0.424370 -0.222902 0.090528 0.150637 -0.113771 0.249450 -0.275256 -0.071349 -0.018424 -0.024463 -0.307052 -0.100079 0.007588 -0.028029 -0.190432 -0.028992 -0.452493 -0.471500 -0.370459 -0.468957 0.212170 0.128976 0.018477 0.129073 0.092951 -0.072899 0.311276 0.112199 0.376364 0.246410 0.209800 0.184834 0.136420 0.116166 -0.104747 0.146210 -0.057927 0.276332 -0.063480 -0.051066 -0.079822 -0.070015 -0.134708 -0.054648 -0.133854 -0.273204 0.080907 0.100626 0.372860 0.091305 0.140959 -0.001175 -0.090939 0.000388
-0.126482 -0.094291 0.144854 0.061458 0.001028 0.092562 0.116143 -0.172268 0.193703 -0.222785 0.175306 -0.087167 0.210918 -0.123093 0.206968 0.105551 -0.079418 -0.045849 -0.074547 -0.084313 0.326701 0.232627 0.427343 0.401203 1.000000 0.403192 0.114664 0.135532 0.070281 -0.075401 0.387717 0.401889 -0.187177 -0.064289 0.225083 0.349872 0.011474 0.012476 0.024130 -0.229076 0.065990 0.003458 -0.199449 -0.204614 -0.272399 0.080561 -0.119166 -0.280895 -0.305200 -0.211778 0.049889 -0.296252 0.017915 -0.004743 0.210531 -0.234049 -0.131637 -0.081639 -0.320736 -0.377061 -0.207540 -0.156144 -0.117600 -0.044374 -0.028095 -0.161061 -0.134523 0.022647 -0.163091 -0.155710 0.361027 0.225951 0.153989 0.283518 0.220687 0.213324 0.110176 0.174970 -0.209375 -0.344582 -0.212385 -0.209459 0.023307 -0.010374 0.039547 -0.404672 -0.052835 -0.281762 0.216675 -0.137984 0.071013 0.130917 0.030426 0.118977 0.030272 0.151390 0.040553 -0.071344 0.096683 0.165761 0.095578 0.056792 0.184564 0.115325 0.325650 0.148428 0.015119 0.245432 -0.003927 0.068053 0.167036 0.099413 0.094554 0.050456 0.135649 0.213159
-0.162597 -0.036258 0.339850 0.398352 0.265497 0.264690 -0.007792 0.117216 0.368232 0.204118 -0.091614 0.170562 0.172222 0.194499 0.360933 0.144221 -0.042910 -0.135866 -0.144434 0.026441 -0.230566 -0.210121 0.172789 0.275851 0.403192 1.000000 -0.047471 -0.014326 -0.140912 0.190613 -0.242917 0.033960 0.144388 0.267482 0.287550 0.140291 -0.071922 0.065999 -0.166447 -0.028219 -0.306308 -0.381369 -0.081436 0.135297 -0.071461 0.084890 -0.115240 -0.000993 0.098024 -0.152137 0.383791 -0.125079 0.215702 0.087094 0.108582 0.116565 -0.138776 -0.065573 0.073947 -0.113863 0.043837 0.051381 -0.061139 -0.194250 0.148326 -0.279426 -0.282290 -0.077748 -0.199558 -0.111614 -0.064173 -0.109510 -0.315127 -0.130705 -0.223781 -0.060639 0.008448 0.175191 -0.137823 0.010436 -0.454455 -0.049864 -0.257140 0.085434 -0.330910 0.032996 -0.302789 0.020673 -0.109432 0.066299 0.034567 -0.237785 -0.184140 -0.212824 0.107865 -0.182119 -0.103107 -0.218448 -0.146163 -0.051291 -0.113926 -0.430241 -0.252349 -0.169743 -0.110245 -0.012916 -0.241511 -0.121967 -0.296812 0.230071 0.221874 -0.085052 -0.015921 -0.130473 -0.165083 -0.204007
-0.394284 -0.122668 -0.097093 -0.074033 0.676008 0.412068 -0.179031 -0.043839 0.630515 0.085337 -0.342841 -0.014794 0.219589 -0.110032 0.285728 -0.258836 -0.370277 -0.218991 -0.268270 -0.076251 0.662567 0.513401 -0.228771 0.133233 0.114664 -0.047471 1.000000 0.682180 -0.160844 -0.198563 0.191596 0.196098 -0.300007 -0.162756 0.232212 0.250746 -0.120905 -0.134141 -0.299709 -0.052952 0.287600 0.315608 -0.245804 0.022672 -0.060655 0.149946 -0.069988 0.146296 0.179673 0.253305 -0.010440 0.194794 -0.090411 0.096018 -0.280913 -0.091800 -0.296185 -0.236159 0.236730 0.117873 -0.253910 -0.076537 0.039466 -0.126560 -0.080890 0.152391 0.031301 0.254881 -0.222185 -0.111091 0.047436 0.129121 0.031732 0.035500 0.003387 0.266386 0.007333 0.099617 -0.167445 -0.152779 -0.154081 0.047965 -0.325928 0.093976 -0.057997 -0.059223 -0.202560 -0.530552 -0.466495 -0.473450 0.171709 0.218395 0.379698 0.338899 -0.060197 0.411183 0.244904 0.353685 0.396703 0.402819 0.490753 0.309527 0.406736 0.415898 0.131786 0.134382 -0.154511 -0.043158 0.227722 0.135382 0.325120 0.272551 0.183303 0.378139 0.260300 0.246458
-0.265948 -0.157422 0.075250 0.099113 0.402198 0.152747 0.025811 -0.138011 0.315112 -0.277130 -0.141562 0.008788 0.166828 -0.149985 0.236329 -0.230428 -0.469294 -0.232985 -0.224526 -0.160008 0.643425 0.476295 0.222123 0.324142 0.135532 -0.014326 0.682180 1.000000 0.003993 -0.239487 0.494920 0.417546 -0.153541 0.004849 0.224472 0.249185 -0.121101 -0.056158 -0.227775 0.030480 0.309081 0.240680 -0.199353 0.076290 -0.097510 0.060281 -0.127765 -0.094344 -0.122989 0.043326 -0.052509 0.094326 -0.333233 -0.067968 -0.409488 -0.211745 -0.210953 -0.186567 0.030609 -0.073195 -0.329418 -0.012727 -0.142785 -0.096955 0.049724 0.236928 0.025689 0.026957 -0.208836 -0.183972 0.013218 0.188625 0.154444 0.061782 0.133679 0.237783 -0.064210 0.000248 -0.007377 -0.031614 -0.054912 0.112298 0.008951 0.148035 0.195471 0.149323 -0.069178 -0.427546 -0.297316 -0.512961 -0.046629 0.091572 0.184682 0.192535 -0.202138 0.239972 0.162836 0.222546 0.214330 0.195306 0.224806 0.186207 0.267728 0.205685 -0.038534 0.056341 0.087848 0.098462 0.141872 0.000037 0.313301 0.111858 0.055406 0.172036 0.214235 0.267185
0.142552 0.186376 -0.117360 -0.243051 -0.324233 -0.419284 -0.129303 -0.321288 -0.330124 -0.368616 0.490108 0.298618 0.263417 0.199829 -0.135080 0.315223 0.435923 0.532956 0.134634 0.020998 0.007558 0.117379 -0.042546 -0.279752 0.070281 -0.140912 -0.160844 0.003993 1.000000 0.582798 0.455106 0.348510 0.376358 0.348515 -0.401199 -0.416242 0.451943 0.248639 0.076394 0.084791 0.218617 0.244485 -0.021859 -0.240694 -0.172488 -0.446101 0.076064 -0.240960 -0.187880 -0.127828 -0.448205 -0.059302 -0.191113 -0.055529 -0.055214 -0.064440 0.275201 0.135440 -0.250877 -0.373545 0.161665 0.178862 0.443401 0.397317 -0.194408 0.028689 -0.339675 -0.621536 0.084762 -0.141372 0.139444 0.349534 0.782868 0.479820 0.432674 0.246538 0.269831 0.179651 0.502076 0.492932 0.464539 0.492127 0.300087 0.493432 0.216444 -0.204911 0.159122 0.180419 -0.080598 -0.277758 -0.277720 -0.376358 -0.367047 -0.358249 -0.255385 -0.066858 -0.046476 -0.288110 0.065355 -0.302383 -0.101044 -0.134098 0.017953 -0.041565 0.209973 0.076199 0.146933 0.366567 -0.106071 -0.271552 -0.415854 -0.327910 -0.282887 -0.222182 0.184426 0.059029
-0.005433 0.330728 -0.159771 -0.244663 -0.095042 -0.235996 -0.310116 -0.214777 -0.033231 -0.060546 0.086680 0.276423 0.149804 0.241864 -0.050624 0.206856 0.556398 0.648469 0.223239 0.263931 -0.333150 -0.143662 -0.373689 -0.490799 -0.075401 0.190613 -0.198563 -0.239487 0.582798 1.000000 0.127574 0.133963 0.591424 0.569022 -0.240483 -0.459549 0.411770 0.490059 -0.019250 0.161924 -0.188122 0.034450 0.102230 -0.054178 0.014121 -0.390911 0.085812 0.078420 0.085663 -0.055197 -0.261057 0.029137 -0.012212 0.101591 0.012862 0.335721 0.339785 0.365926 -0.036414 -0.066461 0.229522 0.306264 0.480216 0.434535 -0.098466 -0.176250 -0.354006 -0.581215 0.201754 0.059336 -0.103245 0.293479 0.452780 0.285348 0.100664 0.182240 0.287436 0.333083 0.406958 0.541226 0.247081 0.571236 -0.193528 0.368261 -0.128985 -0.103003 -0.158578 0.148665 -0.445471 -0.193208 -0.300316 -0.647690 -0.607619 -0.637924 -0.049927 -0.127064 0.049221 -0.265309 -0.120221 -0.351991 -0.216492 -0.462337 -0.236188 -0.280788 -0.012866 -0.048388 0.024479 0.230245 -0.186533 0.033750 -0.291731 -0.274046 -0.325024 -0.235710 -0.060535 -0.130156
-0.152926 -0.057438 -0.088441 -0.051180 -0.173094 -0.271848 0.142169 -0.120742 -0.115745 -0.527882 0.315105 0.171703 0.285198 0.011105 -0.014289 0.121119 -0.083836 0.242562 0.085671 -0.122709 0.515534 0.407875 0.222380 0.158993 0.387717 -0.242917 0.191596 0.494920 0.455106 0.127574 1.000000 0.810090 -0.015105 0.120868 -0.112445 -0.016994 0.115525 0.036173 0.063961 -0.043049 0.313256 0.369411 -0.213325 -0.285425 -0.321451 -0.301536 -0.135204 -0.382628 -0.461773 -0.184999 -0.357679 -0.121834 -0.430982 -0.103655 -0.161078 -0.251465 -0.033420 -0.083387 -0.437737 -0.309350 -0.187130 0.167710 0.081258 0.302260 0.100056 0.414734 -0.101380 -0.290431 -0.153825 -0.255984 0.206462 0.514012 0.563489 0.495378 0.502854 0.371024 0.110848 0.077195 0.082332 0.008300 0.147422 0.119993 0.284079 0.283013 0.363718 -0.124605 0.142050 -0.226205 -0.000394 -0.499611 -0.232019 -0.121886 -0.137857 -0.092636 -0.263637 0.163897 0.058773 -0.042954 0.054301 -0.033500 -0.006528 0.119132 0.245664 0.100970 0.256659 0.178441 0.262386 0.411677 0.134876 -0.284121 -0.121145 -0.114464 -0.142009 0.059612 0.395821 0.381554
-0.317724 -0.225354 0.087749 0.218322 -0.136031 -0.230334 0.095614 0.093221 -0.019512 -0.407728 0.308965 0.353481 0.352777 0.195777 0.008254 0.280805 -0.218612 0.067183 -0.012009 -0.138404 0.434726 0.365813 0.198786 0.366177 0.401889 0.033960 0.196098 0.417546 0.348510 0.133963 0.810090 1.000000 -0.069576 0.200537 -0.008233 0.080820 0.175493 0.041426 0.158391 0.146213 0.269091 0.347651 -0.453609 -0.363670 -0.532851 -0.333770 -0.325726 -0.397520 -0.537806 -0.412631 -0.222843 -0.271095 -0.417175 -0.272253 0.069594 -0.180369 -0.263615 -0.313494 -0.497720 -0.227614 -0.099584 0.323509 0.062694 0.254562 0.263500 0.522395 -0.201272 -0.223810 -0.312485 -0.323974 0.128159 0.475994 0.337266 0.428261 0.374523 0.359609 0.210008 0.286298 -0.120031 -0.136036 -0.129614 -0.110720 0.193208 0.387243 0.260726 -0.018194 0.185119 -0.054423 0.028922 -0.403069 -0.117137 -0.185123 -0.187985 -0.200326 -0.032470 0.237801 0.043973 -0.014831 -0.059480 0.033856 -0.135324 -0.134622 0.035273 0.031606 0.159830 0.304463 0.106130 0.325813 0.131651 -0.070843 0.099659 -0.137963 -0.135471 0.046845 0.381669 0.428210
0.422249 0.493692 -0.048295 -0.205820 -0.144407 -0.279476 -0.172640 -0.295415 -0.215806 -0.263428 0.045836 0.122597 -0.048310 0.058075 -0.133612 -0.026110 0.648067 0.526897 0.327696 0.359460 -0.446186 -0.349289 -0.124662 -0.413218 -0.187177 0.144388 -0.300007 -0.153541 0.376358 0.591424 -0.015105 -0.069576 1.000000 0.832136 -0.189045 -0.399967 0.120233 0.263471 -0.172725 -0.108409 -0.439697 -0.190216 0.234957 0.094656 0.239120 -0.221026 -0.054739 -0.177346 0.150465 0.079497 -0.146575 0.115336 -0.018516 -0.015668 -0.216592 -0.002360 0.663849 0.681384 0.164850 -0.026312 0.411263 0.335837 0.360564 0.401003 -0.123810 -0.277028 -0.038410 -0.503484 0.372204 0.216875 -0.285777 -0.212735 0.239665 0.008883 0.090050 -0.150262 -0.043466 -0.109103 0.631716 0.601414 0.367411 0.522666 -0.168179 0.078357 -0.097554 -0.077097 -0.078468 0.212827 -0.166820 -0.112452 -0.480808 -0.636242 -0.538523 -0.620763 -0.113892 -0.462693 -0.204134 -0.439423 -0.277001 -0.607126 -0.292334 -0.423313 -0.287232 -0.326468 -0.172687 -0.203719 0.171098 0.109479 -0.468509 -0.258741 -0.493515 -0.469058 -0.487888 -0.477046 -0.104027 -0.344481
0.191478 0.362158 0.047540 -0.027397 -0.103689 -0.208046 -0.161474 -0.091562 -0.129368 -0.226087 0.077955 0.260632 0.125684 0.207254 -0.103207 0.158078 0.433117 0.404538 0.142709 0.295239 -0.326624 -0.288905 -0.078203 -0.178606 -0.064289 0.267482 -0.162756 0.004849 0.348515 0.569022 0.120868 0.200537 0.832136 1.000000 -0.075748 -0.172361 0.051684 0.126718 -0.152926 -0.095433 -0.363236 -0.191821 -0.033116 0.011575 0.069588 -0.211123 -0.311067 -0.281518 0.062222 -0.020414 -0.110389 0.052658 -0.012889 -0.099243 -0.151005 -0.123102 0.502225 0.464241 0.140272 0.069887 0.325419 0.486467 0.353994 0.402998 -0.011230 -0.085747 -0.003269 -0.389611 0.150483 0.116613 -0.361488 -0.152373 0.142324 -0.027973 -0.073436 -0.185300 -0.194117 -0.121419 0.433066 0.476674 0.192741 0.376375 -0.193907 0.240503 -0.035822 -0.077965 0.007003 0.189031 -0.264963 -0.219062 -0.455277 -0.653121 -0.465357 -0.591431 -0.112571 -0.398741 -0.188901 -0.403104 -0.279643 -0.513058 -0.321416 -0.514142 -0.366336 -0.287455 -0.182308 -0.024464 0.112780 0.079475 -0.420504 -0.240872 -0.335465 -0.458535 -0.458275 -0.427668 -0.041245 -0.229822
-0.289725 -0.546919 0.079255 0.126765 0.232512 0.199302 0.009470 -0.088514 0.249798 0.034983 -0.078194 -0.225661 -0.037786 -0.303604 0.110741 -0.359002 -0.411813 -0.418122 -0.345414 -0.446826 0.201581 0.286632 0.234256 0.136768 0.225083 0.287550 0.232212 0.224472 -0.401199 -0.240483 -0.112445 -0.008233 -0.189045 -0.075748 1.000000 0.744792 -0.205534 -0.108481 -0.179533 -0.107635 -0.037192 -0.141523 0.073445 0.525434 0.380533 0.613587 -0.008380 0.031645 0.271083 0.224574 0.553394 0.301160 -0.110697 0.144677 -0.039347 -0.016554 -0.359427 -0.329322 0.216461 0.137470 -0.227673 -0.144716 -0.337171 -0.382821 0.426768 0.082027 0.556855 0.504913 -0.472019 -0.432932 -0.123702 -0.049281 -0.334747 -0.113628 -0.197081 0.128765 0.108518 0.121270 -0.225032 -0.073814 -0.515138 -0.267606 -0.125687 -0.449657 0.003674 0.293009 -0.094459 -0.384690 -0.135409 -0.172112 -0.305350 0.127542 0.120356 0.294624 0.030953 0.114609 0.261804 0.210985 -0.029738 0.207457 0.098584 0.035810 0.120917 0.225479 0.022299 0.146616 -0.174346 -0.107034 0.060521 0.256656 0.583981 0.391206 0.256460 0.396124 0.250553 0.104448
-0.275703 -0.417830 0.211126 0.155708 0.163639 0.278050 0.154059 0.088109 0.118038 -0.007038 -0.098829 -0.213911 0.040105 -0.198325 0.016480 -0.108165 -0.485217 -0.386255 -0.488526 -0.448136 0.271807 0.291050 0.317115 0.362344 0.349872 0.140291 0.250746 0.249185 -0.416242 -0.459549 -0.016994 0.080820 -0.399967 -0.172361 0.744792 1.000000 -0.375077 -0.320087 -0.103798 -0.209749 0.000082 -0.178407 -0.057746 0.270634 0.328626 0.720375 -0.262535 -0.150322 0.161726 0.272874 0.423493 0.229215 0.044270 0.000862 -0.037842 -0.334989 -0.250837 -0.343464 0.196348 0.101792 -0.278610 -0.129840 -0.297505 -0.330182 0.184539 0.100577 0.577768 0.561916 -0.484548 -0.383629 0.004218 -0.013291 -0.327246 -0.103153 -0.185716 0.062347 -0.154305 -0.058256 -0.408605 -0.391648 -0.422578 -0.452161 -0.111781 -0.385987 0.043038 -0.001159 0.071329 -0.347290 0.019408 -0.141468 -0.117112 0.295106 0.379452 0.464642 -0.022511 0.035168 0.078974 0.115173 0.097121 0.299635 0.166108 0.193379 0.153858 0.140231 0.014360 0.071567 -0.063122 -0.110051 0.012206 0.049746 0.446165 0.298806 0.258578 0.221286 0.087480 0.160951
