1.000000 0.576931 0.265602 -0.047099 0.001246 -0.132188 0.301271 0.000372 0.330929 0.155273 0.289939 0.262384 0.097377 0.127993 0.244644 0.164723 0.126221 0.186241 0.337737 0.311682 -0.067758 -0.036243 0.019592 -0.142701 -0.014914 -0.259962 -0.054855 -0.098378 0.155719 -0.088161 -0.245691 -0.436736 0.220787 -0.055981 -0.060121 -0.468629 -0.228691 -0.266866 0.021185 0.051707 -0.371799 -0.143755 -0.237230 -0.254132 -0.462834 -0.503809 -0.123047 -0.195813 -0.104295 -0.379506 0.033216 -0.304362 -0.045185 -0.101362 -0.061203 -0.282134 0.211237 0.371219 0.162159 -0.057421 0.246150 0.389554 0.116755 0.347817 0.499490 0.192229 -0.202925 -0.186107 -0.174065 0.255946 0.259868 -0.100179 0.003336 0.235743 0.190714 0.019934 0.243015 -0.173038 -0.018902 0.112393 -0.105267 -0.153443 0.093021 -0.053202 0.295209 -0.116563 -0.176026 -0.244109 0.328771 0.031294 -0.037771 0.100732 -0.047624 -0.016666 -0.027061 -0.243863 -0.260333 -0.115354 -0.217278 -0.259427 -0.071121 -0.067572 -0.044455 -0.166831 -0.091946 -0.115240 -0.116218 -0.196719 -0.018608 0.058490 -0.362093 -0.137794 0.036524 0.083662 -0.116730 -0.024972
0.576931 1.000000 0.087904 -0.078328 0.068180 -0.125994 0.184425 0.127476 0.352989 0.365090 0.223733 0.555544 0.257170 0.387136 0.285585 0.455567 0.324845 0.326781 0.260236 0.180546 -0.076420 -0.196144 -0.333386 -0.230172 -0.314052 -0.473981 -0.132710 -0.248460 0.190095 0.170746 -0.456327 -0.445148 0.097689 0.068360 -0.387793 -0.460333 -0.260861 -0.082190 -0.217535 0.020654 -0.299196 0.096090 -0.166828 -0.480928 -0.265322 -0.496346 -0.091569 -0.197341 0.118643 -0.219442 -0.146909 -0.189983 0.250694 0.053703 -0.102950 -0.445922 0.060729 0.240989 0.317740 0.072132 0.258302 0.324535 0.187998 0.291657 0.198210 0.399018 0.071086 -0.245566 -0.032112 0.212097 0.001382 -0.103270 0.169076 0.186398 0.034195 0.029032 -0.000147 -0.202910 0.004741 -0.160214 0.057030 -0.113141 0.106678 0.218584 0.017421 -0.274139 -0.378519 -0.146022 -0.003576 0.030651 0.298289 0.043812 0.099510 -0.063135 -0.262896 -0.215897 -0.246445 -0.158000 -0.318813 -0.291295 0.068034 -0.263531 0.162732 -0.184732 -0.251733 -0.188003 0.049551 -0.198414 -0.023411 -0.134629 -0.358801 -0.112170 0.150298 0.237978 0.034099 0.098027
0.265602 0.087904 1.000000 0.338478 0.083858 0.235392 0.661991 0.343979 0.389332 0.324930 0.282147 0.282605 0.023667 -0.020974 0.573118 0.205821 -0.246405 -0.385805 0.166072 -0.114414 0.163262 0.237848 0.481731 0.425972 0.539689 0.289141 0.284387 0.315388 -0.454411 -0.645875 0.075155 -0.228906 -0.215760 -0.314981 0.329101 0.199587 -0.504844 -0.182414 0.000596 0.244690 -0.270711 -0.317090 -0.295519 -0.030423 -0.491399 -0.194710 -0.214592 -0.368148 0.261542 -0.610467 0.649146 -0.280507 -0.351921 -0.158588 -0.057208 -0.132373 -0.026542 -0.063944 -0.044951 -0.279404 0.054632 -0.052187 -0.478900 -0.087101 0.547145 0.191346 -0.329587 0.100045 -0.575730 0.319558 0.266196 0.038962 -0.531870 0.101566 0.293486 0.007975 0.218378 -0.000015 -0.078236 -0.018522 -0.770069 -0.508676 0.047100 -0.468886 -0.321691 -0.038129 -0.021591 -0.212305 0.638736 0.202338 -0.287563 -0.042988 0.021117 0.414517 -0.017159 -0.143994 0.026584 -0.105465 -0.140475 -0.301451 0.083162 0.082906 -0.208235 0.031854 -0.099364 -0.103179 0.044406 0.032357 -0.087302 -0.108393 0.038999 -0.173348 -0.324486 -0.113430 -0.162036 -0.144853
-0.047099 -0.078328 0.338478 1.000000 -0.035538 0.627130 0.009510 0.634627 -0.178496 0.246077 -0.358750 0.295084 -0.560016 -0.311473 0.089574 0.210380 -0.449388 -0.499641 -0.076101 -0.021569 0.303853 0.141978 0.435845 0.795769 0.494054 0.483353 0.601019 0.612018 -0.610030 -0.433931 0.258136 0.305261 -0.147188 -0.311340 0.244213 0.278176 -0.321133 0.027435 -0.211608 0.316975 0.102546 -0.276293 -0.232507 0.087668 -0.457468 0.079772 -0.108110 -0.084447 -0.363281 -0.467095 0.296402 -0.418678 -0.515498 -0.192493 -0.261453 0.039658 0.086766 -0.355432 -0.221605 -0.205281 -0.097874 -0.341217 -0.429061 -0.264487 0.163564 0.144572 -0.253574 0.256066 -0.366305 0.275329 0.240868 0.345920 -0.555535 -0.293178 -0.042858 0.139896 -0.128017 0.098137 -0.082006 0.104344 -0.343619 -0.438359 -0.168023 -0.259464 -0.235447 0.333190 -0.308394 0.384780 0.359090 0.279143 -0.199132 -0.146100 0.480082 0.078142 -0.104367 -0.236481 -0.105266 -0.325370 -0.086901 -0.266974 0.041510 -0.003330 -0.262266 -0.129451 -0.340618 -0.263222 0.182206 0.149196 -0.348242 -0.187935 0.053341 -0.003966 -0.269318 -0.179239 -0.332878 -0.214546
0.001246 0.068180 0.083858 -0.035538 1.000000 0.235712 0.362274 0.057757 0.513552 0.355612 0.097032 0.039858 0.330822 0.170363 0.341087 0.291425 0.267148 -0.051047 0.386259 0.379633 0.257326 0.113633 0.004985 0.093460 -0.224306 -0.197521 -0.075978 -0.081518 0.343568 0.230129 0.169502 0.187136 0.033638 0.357138 -0.040311 -0.093066 -0.185192 -0.172222 -0.088826 -0.284720 -0.077312 0.050800 -0.295346 -0.428336 0.024044 -0.199192 -0.315296 -0.168892 0.033992 -0.040767 -0.194516 -0.109410 -0.014341 -0.068274 -0.105414 -0.207224 -0.371620 -0.222234 0.024897 0.032033 0.177642 -0.001756 0.023439 -0.028734 0.144577 0.015443 0.023249 -0.207254 0.041516 0.263196 0.079333 0.154605 0.171497 -0.064629 -0.246249 0.152097 -0.063749 0.086124 -0.281799 -0.333148 -0.002879 -0.134406 0.281531 0.209635 -0.063027 -0.403807 0.322447 -0.264097 -0.074493 -0.212809 -0.054821 0.159006 -0.203394 0.006367 -0.063011 0.027133 -0.252185 0.016115 -0.518641 -0.206483 -0.034031 -0.024216 -0.174121 -0.166098 -0.218368 0.045976 -0.014657 -0.066537 -0.048177 0.071568 -0.199916 -0.096501 -0.025152 0.042779 -0.137934 -0.197995
-0.132188 -0.125994 0.235392 0.627130 0.235712 1.000000 0.050514 0.417681 -0.114531 0.304071 -0.365205 -0.073788 -0.406686 -0.298033 -0.023217 0.098880 -0.392603 -0.376377 -0.058593 0.068773 0.537109 0.456959 0.256759 0.501848 0.434256 0.498106 0.595351 0.604846 -0.454673 -0.364683 0.312867 0.293848 -0.064251 -0.188851 0.238483 0.195562 -0.302687 -0.088054 0.070506 0.300276 0.076548 -0.016545 -0.194746 -0.081035 -0.198898 0.043997 -0.068226 -0.154824 -0.171435 -0.452593 0.213391 -0.311141 -0.363937 -0.048121 0.020273 0.049727 0.119404 -0.242503 0.007414 -0.053580 0.030199 -0.151033 -0.292099 -0.145262 0.079809 0.140129 -0.019456 0.147031 -0.160173 0.358925 0.209917 0.355655 -0.420919 -0.142614 0.033859 0.114726 -0.254838 -0.059361 -0.079953 -0.118008 -0.193250 -0.311432 -0.107306 -0.224054 -0.208985 -0.045094 -0.121332 0.144379 0.172161 0.123237 -0.091477 0.037402 0.126037 -0.083792 -0.246423 -0.164036 -0.137800 -0.163227 -0.221558 -0.196667 0.128965 -0.104164 -0.279837 -0.111874 -0.078715 0.048003 -0.081785 0.108121 -0.262602 -0.145311 -0.048097 -0.173500 -0.322507 -0.069667 -0.161188 0.003118
0.301271 0.184425 0.661991 0.009510 0.362274 0.050514 1.000000 0.304980 0.644511 0.476751 0.274654 0.247149 0.388875 0.226491 0.517128 0.151880 0.155291 -0.127126 0.508621 0.136524 0.192365 0.046420 0.194320 0.090752 -0.056952 -0.225590 -0.056148 -0.109142 -0.007099 -0.231340 0.265771 0.008419 -0.023098 0.122074 0.304767 0.020933 -0.441374 -0.296016 -0.180916 -0.177329 -0.322159 -0.170646 -0.405306 -0.314554 -0.270196 -0.237181 -0.402886 -0.386715 0.236795 -0.291602 0.234677 -0.080328 0.022751 -0.167071 -0.143331 -0.394779 -0.152943 -0.056135 0.051275 -0.323692 0.351507 0.078240 -0.029089 0.156058 0.626598 0.297882 -0.307613 -0.038774 -0.359206 0.080923 0.165779 0.015776 -0.119967 0.191161 0.160144 0.106902 0.333539 0.170812 -0.330496 -0.168500 -0.458666 -0.485155 0.050837 -0.262464 -0.222361 -0.397378 0.067967 -0.455594 0.229610 -0.108901 -0.134065 0.019244 -0.181520 0.280524 -0.274552 -0.211060 -0.310453 -0.263410 -0.293917 -0.292641 0.085621 0.183295 -0.086231 -0.131728 -0.113652 -0.096024 -0.121032 -0.092667 -0.132550 -0.124246 -0.375667 -0.274863 -0.263464 -0.039938 -0.236479 -0.192853
0.000372 0.127476 0.343979 0.634627 0.057757 0.417681 0.304980 1.000000 0.052199 0.628904 -0.249021 0.545845 -0.141222 0.220203 -0.020316 0.226590 -0.042388 -0.142988 -0.068025 -0.317521 0.146523 -0.021192 -0.119575 0.309097 0.062620 0.140409 0.221563 0.151954 -0.431747 -0.258812 0.210504 0.337469 -0.075109 0.015755 0.390486 0.400181 -0.427936 -0.225741 -0.419310 0.055665 -0.123972 -0.216496 -0.309734 0.091939 -0.246743 0.267433 -0.446825 -0.176869 -0.169597 -0.248809 0.114491 -0.422642 -0.326044 -0.436632 -0.441345 -0.351899 0.104028 -0.568514 -0.069203 -0.211625 0.349236 -0.176774 0.034333 -0.016871 0.387850 0.476238 -0.410554 0.468434 -0.492258 -0.025319 -0.114777 0.317656 -0.437216 -0.193134 -0.224465 0.200297 -0.150119 0.145975 -0.128731 -0.006199 -0.221010 -0.436462 -0.332130 -0.303077 -0.159066 -0.054661 -0.396946 -0.027073 0.028398 0.117808 -0.194941 -0.503968 0.308842 -0.168236 -0.385147 -0.357293 -0.155307 -0.471152 -0.330407 -0.325893 0.188504 -0.026772 -0.045091 -0.197714 -0.331466 -0.390535 0.174320 -0.152501 -0.260292 -0.429926 -0.102152 -0.127995 -0.391685 -0.153702 -0.318547 -0.242276
0.330929 0.352989 0.389332 -0.178496 0.513552 -0.114531 0.644511 0.052199 1.000000 0.580417 0.212868 0.241566 0.531286 0.438915 0.606280 0.427652 0.417396 0.200043 0.564942 0.288727 0.214492 0.068149 -0.114693 -0.104693 -0.232532 -0.407177 -0.142432 -0.315925 0.332517 0.140060 -0.161475 -0.258365 0.079514 0.185802 -0.168143 -0.381957 -0.229455 -0.239265 -0.024397 -0.166100 -0.295634 -0.014234 -0.429758 -0.575737 -0.223752 -0.486841 -0.287552 -0.356282 0.268214 -0.233514 -0.048419 -0.125814 0.235107 -0.068488 0.086844 -0.286266 -0.203086 0.036804 0.268754 -0.178269 0.451924 0.206432 0.120719 0.183862 0.394349 0.254512 -0.213393 -0.408465 -0.179920 0.289285 0.130082 -0.117372 0.281947 0.139569 0.099430 0.109451 0.097403 -0.093974 -0.147243 -0.091495 -0.138500 -0.159826 0.176300 0.092307 -0.001436 -0.504362 0.123300 -0.268055 0.047158 -0.105065 0.017624 0.190462 -0.197834 0.169328 -0.136074 -0.165285 -0.239161 -0.102530 -0.360579 -0.286534 0.072738 0.129851 -0.057330 -0.144103 -0.124474 -0.020363 -0.056181 -0.019525 -0.076930 -0.021107 -0.457261 -0.122289 -0.012949 0.135574 -0.102874 -0.059368
0.155273 0.365090 0.324930 0.246077 0.355612 0.304071 0.476751 0.628904 0.580417 1.000000 -0.106085 0.468208 0.212277 0.512562 0.245045 0.508798 0.298704 0.179944 0.210669 -0.061958 0.289251 0.087507 -0.297871 0.079456 -0.182364 -0.232599 0.025286 -0.185697 -0.055936 0.025522 -0.073224 0.001855 0.029802 0.092490 -0.030257 -0.154957 -0.441031 -0.238548 -0.196698 0.041678 -0.327279 -0.008469 -0.507460 -0.399654 -0.237077 -0.168692 -0.457259 -0.379949 0.090253 -0.303233 -0.040269 -0.271234 0.011645 -0.286656 -0.162394 -0.474320 -0.045677 -0.366159 0.286615 -0.094611 0.624793 0.197156 0.175377 0.232632 0.468540 0.672940 -0.260769 -0.034501 -0.323112 0.150136 -0.023937 0.097228 0.007655 -0.003226 -0.048060 0.191376 -0.126287 -0.046135 -0.123547 -0.228442 -0.112554 -0.274287 -0.185666 -0.129459 -0.090282 -0.461006 -0.281481 -0.250362 -0.073416 0.018633 0.042007 -0.191284 0.110526 -0.143505 -0.348097 -0.299410 -0.244776 -0.207674 -0.432368 -0.389246 0.249508 -0.150587 -0.030775 -0.401593 -0.347443 -0.298152 0.003746 -0.156284 -0.117537 -0.196337 -0.344405 -0.079134 -0.176937 0.076462 -0.224909 -0.106442
0.289939 0.223733 0.282147 -0.358750 0.097032 -0.365205 0.274654 -0.249021 0.212868 -0.106085 1.000000 0.283938 0.479761 0.183243 0.538641 0.238374 0.186269 -0.059217 -0.083968 -0.081816 -0.292659 -0.004079 0.242240 -0.094236 0.094630 -0.132429 -0.217396 -0.058798 0.236979 -0.119374 -0.139784 -0.408579 -0.067254 0.051030 0.105213 -0.129390 -0.231263 -0.037874 -0.007713 -0.166666 -0.409175 -0.188257 0.089435 0.035383 -0.133710 -0.173844 0.080854 0.005944 0.253217 -0.015966 0.294294 0.027248 -0.021279 0.095999 0.018169 -0.131322 -0.153216 0.249158 -0.129218 0.077841 -0.208953 0.012733 -0.208663 -0.064926 0.327185 -0.177429 -0.076131 -0.111894 0.002066 0.030105 0.094309 -0.207319 0.068244 0.120584 0.247091 -0.041962 0.337265 -0.057381 -0.076953 -0.111378 -0.206869 -0.055312 0.327046 -0.073776 0.072226 -0.237206 0.193309 -0.259695 0.368755 -0.099093 -0.128394 -0.019018 -0.312375 0.399288 0.096559 -0.174490 -0.014436 -0.020420 -0.049406 -0.068541 -0.211265 0.052070 0.103357 0.051719 0.142776 0.008622 -0.005556 -0.027424 -0.081594 -0.051223 -0.003958 0.024337 0.178643 -0.050483 0.062410 -0.027897
0.262384 0.555544 0.282605 0.295084 0.039858 -0.073788 0.247149 0.545845 0.241566 0.468208 0.283938 1.000000 0.237436 0.484980 0.382229 0.602457 0.219149 -0.017143 0.010249 -0.217904 -0.112160 -0.156378 -0.111153 0.186701 -0.081139 -0.179937 0.026608 -0.014462 0.013545 0.046103 -0.159128 -0.121484 0.014105 0.023614 -0.021506 -0.073988 -0.356424 -0.116495 -0.519328 -0.034124 -0.228494 -0.173735 -0.221132 -0.145390 -0.444102 -0.218887 -0.184515 -0.193922 0.013814 -0.267397 0.104637 -0.330229 -0.076012 -0.187911 -0.339136 -0.387563 -0.160931 -0.247232 -0.092257 -0.221059 0.111106 -0.111808 -0.057090 -0.077010 0.332978 0.356178 -0.316454 0.018251 -0.335927 -0.032207 -0.028436 0.065881 -0.112615 -0.002977 -0.056606 0.254275 0.006797 0.054725 -0.013394 -0.252510 -0.162186 -0.313100 0.062082 0.018484 0.070595 -0.013290 -0.387013 -0.115540 0.169124 0.053839 -0.119488 -0.382875 0.252277 0.125847 -0.117140 -0.367403 -0.140531 -0.340166 -0.330072 -0.348516 0.114326 0.007128 0.198375 -0.076702 -0.296676 -0.392702 0.186121 -0.160394 -0.184843 -0.296349 -0.215874 -0.048409 -0.053152 -0.159232 -0.287540 -0.193364
0.097377 0.257170 0.023667 -0.560016 0.330822 -0.406686 0.388875 -0.141222 0.531286 0.212277 0.479761 0.237436 1.000000 0.726931 0.470830 0.455479 0.648358 0.272638 0.287191 0.120763 -0.211566 -0.114491 -0.347442 -0.431850 -0.509275 -0.519721 -0.379127 -0.399334 0.607311 0.344715 -0.202240 -0.222537 0.038050 0.463090 -0.153997 -0.157599 -0.103188 -0.197196 -0.133373 -0.323277 -0.321779 -0.002880 0.011829 -0.248395 0.161201 -0.262144 -0.237629 -0.011010 0.488056 0.200989 -0.189144 0.078084 0.403949 -0.204442 0.000626 -0.352498 -0.329826 0.074320 0.106251 -0.032209 0.219589 0.080159 0.269120 0.036109 0.069683 -0.054038 -0.052444 -0.253486 0.116826 -0.139630 -0.131966 -0.092318 0.446573 0.098810 -0.058906 0.009646 0.096440 -0.082627 -0.165609 -0.343250 0.165792 0.060422 0.349588 0.288352 0.111026 -0.636338 0.277787 -0.419028 -0.212654 -0.360793 0.153367 -0.051989 -0.324204 0.129554 -0.097464 -0.086289 -0.126017 -0.128414 -0.193241 -0.065765 -0.078524 0.141499 0.072489 -0.116547 0.034099 0.036348 0.016359 -0.182752 0.113405 -0.086253 -0.375462 0.058632 0.158299 -0.006540 0.070019 -0.052380
0.127993 0.387136 -0.020974 -0.311473 0.170363 -0.298033 0.226491 0.220203 0.438915 0.512562 0.183243 0.484980 0.726931 1.000000 0.225695 0.561018 0.614950 0.481127 0.160537 -0.181468 -0.230280 -0.194926 -0.559344 -0.362068 -0.531337 -0.463624 -0.408457 -0.466663 0.366676 0.391794 -0.309534 -0.158477 0.028850 0.397065 -0.217593 -0.172271 -0.112519 -0.221582 -0.229286 -0.117838 -0.340823 -0.006069 -0.191570 -0.203359 -0.031263 -0.234802 -0.282982 -0.135090 0.335584 0.080524 -0.256891 -0.179923 0.385144 -0.333486 -0.061379 -0.500411 -0.273495 -0.235153 0.193047 0.043763 0.492121 0.296689 0.420645 0.308952 0.131346 0.340516 -0.152506 -0.113019 -0.032905 -0.186777 -0.311539 -0.089854 0.321995 -0.003809 -0.205207 0.071268 -0.121742 -0.164578 -0.109679 -0.285983 0.211198 0.065786 0.012359 0.253932 0.093793 -0.589323 -0.105885 -0.359656 -0.302093 -0.059737 0.221711 -0.372033 0.075217 -0.081074 -0.112436 -0.199878 -0.021925 -0.163925 -0.282477 -0.332631 0.161308 -0.006207 0.204905 -0.258405 -0.100867 -0.223457 0.080266 -0.288460 0.122122 -0.181766 -0.351388 0.063162 0.094981 0.069856 -0.031859 0.019121
0.244644 0.285585 0.573118 0.089574 0.341087 -0.023217 0.517128 -0.020316 0.606280 0.245045 0.538641 0.382229 0.470830 0.225695 1.000000 0.655180 0.118864 -0.259189 0.249902 0.220954 0.065559 0.135584 0.420474 0.331625 0.151580 -0.109914 0.109860 0.163821 0.100011 -0.181109 -0.159823 -0.385190 -0.211102 -0.065309 -0.073462 -0.186523 -0.398257 -0.016537 -0.085974 0.015643 -0.313208 -0.176666 -0.174819 -0.357967 -0.375904 -0.487934 -0.059030 -0.182736 0.331626 -0.331984 0.390878 -0.103263 -0.057834 -0.002598 0.014571 -0.108866 -0.335655 0.156332 -0.083323 -0.160679 -0.141040 -0.108033 -0.424747 -0.166697 0.366015 -0.028141 -0.180119 -0.347878 -0.246227 0.318449 0.257658 -0.054788 -0.063246 0.071375 0.218667 0.017351 0.125251 -0.109063 -0.179219 -0.155226 -0.425492 -0.301291 0.441695 0.027008 -0.130956 -0.254671 0.148620 -0.087855 0.472557 -0.075858 -0.054944 0.082828 -0.085869 0.511013 0.027197 -0.156812 -0.226968 -0.127142 -0.197082 -0.267039 -0.128123 0.157270 -0.205104 -0.125755 -0.080543 -0.026016 0.021862 0.114797 -0.130568 -0.044971 -0.221933 0.065244 0.082251 -0.022462 -0.025419 -0.137114
0.164723 0.455567 0.205821 0.210380 0.291425 0.098880 0.151880 0.226590 0.427652 0.508798 0.238374 0.602457 0.455479 0.561018 0.655180 1.000000 0.348158 0.098806 0.112269 0.073768 0.058861 0.060123 -0.073187 0.209450 -0.112404 -0.178082 0.133319 0.120773 0.179458 0.147792 -0.293812 -0.260722 -0.083602 0.016698 -0.327366 -0.326878 -0.346692 -0.031653 -0.263763 0.093461 -0.275242 -0.029380 -0.168924 -0.413606 -0.345350 -0.502955 -0.189305 -0.142444 0.216026 -0.318998 -0.020473 -0.315977 0.074219 -0.211481 -0.089081 -0.289038 -0.170708 -0.102061 0.123825 -0.050814 0.175342 -0.000834 -0.080913 -0.092279 0.180328 0.202905 -0.085294 -0.358408 -0.164954 0.221010 0.089696 0.170048 0.105482 -0.026606 -0.017034 0.124957 -0.150011 -0.209968 -0.119433 -0.289583 -0.038317 -0.169550 0.290539 0.260394 -0.083453 -0.345374 -0.204857 -0.068697 0.087941 -0.086300 0.199124 -0.118608 0.233497 0.195730 -0.106202 -0.297473 -0.209476 -0.196365 -0.285112 -0.274897 0.138103 0.092390 0.034659 -0.196849 -0.266893 -0.228515 0.155779 0.029853 -0.191085 -0.107602 -0.306851 0.195974 0.150029 -0.041849 -0.093961 -0.111260
0.126221 0.324845 -0.246405 -0.449388 0.267148 -0.392603 0.155291 -0.042388 0.417396 0.298704 0.186269 0.219149 0.648358 0.614950 0.118864 0.348158 1.000000 0.407880 0.382582 0.165312 -0.178852 -0.109664 -0.547651 -0.510254 -0.681756 -0.617902 -0.378814 -0.536647 0.683097 0.660514 -0.198789 -0.067876 0.313212 0.529363 -0.408590 -0.356108 0.178668 -0.106265 -0.086706 -0.351398 -0.103626 0.286165 -0.035922 -0.352507 0.113333 -0.269532 -0.442719 -0.073473 0.246510 0.214221 -0.521531 -0.057498 0.343689 -0.227294 -0.093921 -0.367364 -0.135820 0.079147 0.117243 0.058582 0.352733 0.050288 0.592931 0.018144 -0.020904 0.024250 -0.045256 -0.292453 0.375133 -0.122044 -0.070869 -0.062637 0.716805 0.290367 0.022716 0.200671 0.027757 -0.028852 0.019181 -0.205114 0.535314 0.360745 0.179808 0.392603 0.326760 -0.456502 -0.000833 -0.267955 -0.404650 -0.400533 0.061942 -0.162762 -0.211520 -0.185407 -0.119453 -0.007907 -0.144006 -0.151188 -0.223829 -0.023950 0.092138 -0.027183 0.184887 -0.159839 -0.103306 -0.105158 -0.074510 -0.150478 0.121720 -0.071121 -0.416754 -0.000402 0.158785 0.104838 0.031389 -0.144427
0.186241 0.326781 -0.385805 -0.499641 -0.051047 -0.376377 -0.127126 -0.142988 0.200043 0.179944 -0.059217 -0.017143 0.272638 0.481127 -0.259189 0.098806 0.407880 1.000000 0.149511 -0.087217 -0.213223 -0.169662 -0.688212 -0.688468 -0.540814 -0.523752 -0.406144 -0.608721 0.389977 0.451142 -0.386967 -0.207064 0.227028 0.128215 -0.302338 -0.510960 0.273976 -0.061802 0.089768 -0.072317 -0.036707 0.276768 -0.143400 -0.316525 0.162261 -0.214656 -0.064705 -0.171475 0.125252 0.142627 -0.464490 -0.054886 0.558503 0.000074 0.302162 -0.180451 0.127525 0.023582 0.457915 0.224782 0.517507 0.594100 0.674729 0.570181 0.050967 0.303250 0.189735 -0.232053 0.140608 -0.130296 -0.255289 -0.056358 0.416522 0.166218 -0.097333 -0.059508 -0.000292 -0.108309 0.073018 0.070357 0.454581 0.331257 -0.155668 0.341557 0.143644 -0.342564 -0.152423 -0.107189 -0.409513 0.000697 0.437050 -0.119225 -0.078931 -0.378361 -0.060274 0.072959 0.076426 0.122305 -0.161298 -0.090290 0.177581 -0.088319 0.347530 -0.057784 -0.008065 0.020185 -0.051990 -0.128058 0.208553 0.015067 -0.222715 -0.035136 0.257947 0.173404 0.218894 0.226281
0.337737 0.260236 0.166072 -0.076101 0.386259 -0.058593 0.508621 -0.068025 0.564942 0.210669 -0.083968 0.010249 0.287191 0.160537 0.249902 0.112269 0.382582 0.149511 1.000000 0.566969 0.117740 -0.072902 -0.021311 -0.097177 -0.366842 -0.462034 -0.035768 -0.253800 0.350287 0.264606 0.077981 0.065962 0.174593 0.270416 -0.324649 -0.394514 0.039304 -0.173827 -0.000068 -0.177785 0.104733 0.200055 -0.441201 -0.676250 -0.175657 -0.551568 -0.410430 -0.397357 0.126608 -0.174024 -0.294048 -0.180297 0.314777 -0.084576 0.163727 -0.318734 -0.220960 0.107488 0.249371 -0.155531 0.378497 0.197229 0.273588 0.150783 0.145788 0.059329 0.003256 -0.341556 0.134817 0.274402 0.129085 -0.067809 0.342110 0.270171 0.063359 -0.010110 0.118736 0.053742 -0.206733 -0.106875 -0.008655 -0.118619 0.198103 0.339891 -0.032206 -0.331166 0.106753 -0.128886 -0.044146 -0.110695 0.170343 0.319026 0.002417 0.101467 -0.103641 0.042262 -0.191011 -0.039151 -0.278898 -0.225010 0.140321 0.066081 0.000397 -0.000468 -0.166837 0.058453 -0.010478 -0.077932 0.091879 0.097710 -0.571493 -0.368762 -0.055101 0.148688 -0.136385 -0.149085
0.311682 0.180546 -0.114414 -0.021569 0.379633 0.068773 0.136524 -0.317521 0.288727 -0.061958 -0.081816 -0.217904 0.120763 -0.181468 0.220954 0.073768 0.165312 -0.087217 0.566969 1.000000 0.227182 0.052835 0.145730 0.028549 -0.173909 -0.193864 0.058046 -0.010760 0.437685 0.246655 0.074950 0.018847 0.343622 0.301554 -0.328225 -0.383093 0.048259 -0.095623 0.141740 -0.174300 0.182874 0.222733 -0.147078 -0.491402 -0.139903 -0.402975 -0.052782 -0.066601 -0.239629 -0.126989 -0.316987 -0.081457 0.087086 0.067691 0.016806 -0.046124 -0.061454 0.438824 -0.038854 0.030004 -0.079760 -0.028397 -0.006935 -0.030298 -0.144613 -0.219398 0.050214 -0.434278 0.317059 0.503405 0.400595 0.042957 0.377265 0.080453 0.064048 0.001757 -0.038689 0.005026 -0.063676 -0.066017 0.202573 0.038707 0.419921 0.399294 0.111926 -0.142031 0.238557 0.102605 -0.055839 -0.333481 0.173270 0.513471 -0.137566 0.061175 0.012070 0.027430 -0.299655 0.111175 -0.273679 -0.070316 -0.260627 -0.012258 -0.318399 -0.157749 -0.124265 0.097387 -0.128772 0.051131 0.000651 0.283215 -0.269901 -0.044678 -0.093331 0.160155 -0.081884 -0.186820
-0.067758 -0.076420 0.163262 0.303853 0.257326 0.537109 0.192365 0.146523 0.214492 0.289251 -0.292659 -0.112160 -0.211566 -0.230280 0.065559 0.058861 -0.178852 -0.213223 0.117740 0.227182 1.000000 0.512340 0.133235 0.290061 0.181869 0.218598 0.495776 0.416887 -0.202927 -0.159797 0.297008 0.189414 -0.043766 -0.125064 -0.072386 -0.040831 -0.186287 -0.086114 0.164072 0.223791 -0.030978 0.135402 -0.137272 -0.202856 -0.203658 -0.140472 0.004515 -0.017176 -0.201209 -0.325465 -0.031855 0.000581 -0.089230 0.187719 0.044932 0.146585 0.167514 -0.072140 0.155826 -0.216045 0.226131 -0.075960 -0.097431 -0.101263 0.004840 0.204593 -0.022122 -0.248250 -0.054428 0.266902 0.453935 0.488941 -0.050366 0.032939 0.162728 0.274434 0.013719 -0.005040 -0.220442 -0.170367 -0.129630 -0.375447 -0.112315 -0.207389 -0.268876 -0.215778 -0.105642 0.126380 -0.106041 -0.042723 0.093978 0.358587 0.066735 0.068234 -0.139487 -0.112915 -0.170729 -0.060256 -0.116289 -0.010048 0.048720 0.117857 -0.122827 0.085426 -0.015441 0.076340 0.010279 0.106091 -0.248256 0.025115 -0.140836 -0.141359 -0.265485 0.065502 -0.160948 -0.056450
-0.036243 -0.196144 0.237848 0.141978 0.113633 0.456959 0.046420 -0.021192 0.068149 0.087507 -0.004079 -0.156378 -0.114491 -0.194926 0.135584 0.060123 -0.109664 -0.169662 -0.072902 0.052835 0.512340 1.000000 0.165181 0.138878 0.356278 0.326916 0.370215 0.388786 -0.143965 -0.193548 0.068104 -0.062741 0.121892 -0.228562 0.030081 -0.101885 -0.045688 -0.198922 0.406795 0.279826 -0.145292 0.122636 -0.056606 -0.089245 -0.192212 -0.162159 0.071924 -0.127062 0.048430 -0.386504 0.226071 -0.213341 -0.267007 0.108237 0.053922 0.157092 0.132438 0.067416 0.035666 0.040750 -0.021049 -0.063340 -0.227365 -0.188001 -0.032727 -0.138643 0.039771 -0.079263 -0.068100 0.207989 0.242439 0.300148 -0.024153 0.186325 0.390788 0.300869 0.061818 -0.246560 0.165412 -0.248220 0.054993 0.020282 -0.049219 -0.164176 0.039130 -0.172938 -0.014903 -0.024763 0.120838 -0.082250 -0.121992 0.133648 -0.116699 0.076329 0.016671 -0.019530 -0.073306 -0.043478 -0.168923 -0.078095 0.162310 0.113633 0.052312 0.169996 0.184559 0.295303 -0.127297 0.125654 -0.014280 -0.041919 -0.015440 -0.185439 -0.128165 0.082566 0.054666 0.105806
0.019592 -0.333386 0.481731 0.435845 0.004985 0.256759 0.194320 -0.119575 -0.114693 -0.297871 0.242240 -0.111153 -0.347442 -0.559344 0.420474 -0.073187 -0.547651 -0.688212 -0.021311 0.145730 0.133235 0.165181 1.000000 0.737942 0.686403 0.488025 0.366401 0.567793 -0.390133 -0.542108 0.326124 0.024402 -0.316684 -0.356773 0.295923 0.213822 -0.212899 0.160364 0.160848 0.213828 0.042019 -0.301634 -0.003125 0.181229 -0.341008 -0.048332 0.223551 -0.027595 -0.112787 -0.306364 0.660114 0.031849 -0.406529 0.203343 0.003655 0.306652 -0.183191 0.102639 -0.481876 -0.229894 -0.541378 -0.300618 -0.708945 -0.270528 0.224664 -0.300940 -0.190339 -0.002097 -0.220268 0.238075 0.398362 -0.045328 -0.458790 -0.061980 0.271296 -0.075326 0.188032 0.121735 -0.156314 0.158706 -0.620360 -0.329836 0.211246 -0.297778 -0.216142 0.369650 0.240681 0.176517 0.692449 0.162822 -0.323231 0.140575 0.032626 0.533429 0.169407 -0.033802 -0.021440 -0.017431 0.125800 -0.099401 -0.240570 0.126585 -0.375408 0.089954 0.083165 0.070151 -0.044956 0.248956 -0.202693 0.095304 0.188285 -0.012842 -0.114413 -0.134874 -0.123594 -0.132514
-0.142701 -0.230172 0.425972 0.795769 0.093460 0.501848 0.090752 0.309097 -0.104693 0.079456 -0.094236 0.186701 -0.431850 -0.362068 0.331625 0.209450 -0.510254 -0.688468 -0.097177 0.028549 0.290061 0.138878 0.737942 1.000000 0.572322 0.539020 0.458944 0.596242 -0.543489 -0.484499 0.305322 0.268196 -0.287783 -0.287277 0.225461 0.289476 -0.339231 0.112605 -0.166349 0.290143 0.028277 -0.316100 -0.180743 0.085924 -0.342372 0.045732 0.066570 -0.116015 -0.165484 -0.343705 0.491048 -0.150525 -0.427127 0.000650 -0.134395 0.173171 -0.201112 -0.214246 -0.337532 -0.202656 -0.350745 -0.379162 -0.655912 -0.384356 0.163060 -0.001005 -0.197220 0.136898 -0.373543 0.311333 0.263943 0.166924 -0.553145 -0.356449 -0.023598 -0.001522 -0.057706 0.108727 -0.185907 0.038789 -0.533925 -0.464921 0.037754 -0.265034 -0.300104 0.389027 -0.083641 0.237107 0.460925 0.195773 -0.213036 -0.012840 0.328733 0.370123 0.014317 -0.263383 -0.075424 -0.170161 0.041783 -0.269285 -0.036904 0.107550 -0.353144 -0.080013 -0.212948 -0.162466 0.117731 0.205130 -0.375476 -0.048414 0.132951 0.034962 -0.226156 -0.108526 -0.261631 -0.248163
-0.014914 -0.314052 0.539689 0.494054 -0.224306 0.434256 -0.056952 0.062620 -0.232532 -0.182364 0.094630 -0.081139 -0.509275 -0.531337 0.151580 -0.112404 -0.681756 -0.540814 -0.366842 -0.173909 0.181869 0.356278 0.686403 0.572322 1.000000 0.819441 0.569769 0.710141 -0.606352 -0.728504 0.118525 -0.158765 -0.214167 -0.564355 0.366408 0.304695 -0.169692 0.065338 0.295379 0.428135 0.012449 -0.313197 0.087068 0.395857 -0.394909 0.096114 0.326935 0.003034 -0.122935 -0.476376 0.720656 -0.188995 -0.561338 0.132258 0.082133 0.452913 0.106004 0.038117 -0.348009 -0.142934 -0.432926 -0.261013 -0.679358 -0.271566 0.132196 -0.174437 -0.212853 0.161706 -0.344456 0.294970 0.340720 -0.020481 -0.652516 -0.120854 0.263451 -0.085728 -0.003369 -0.104558 0.141990 0.180471 -0.554303 -0.236574 0.013016 -0.457447 -0.122299 0.432617 0.115723 0.267597 0.675698 0.358525 -0.414723 -0.010451 0.076684 0.306414 0.198130 -0.076550 0.262841 0.035867 0.154559 -0.064507 -0.144557 -0.024258 -0.291764 0.176283 0.167085 0.046767 0.013516 0.215113 -0.219310 -0.034112 0.387512 -0.057297 -0.121642 -0.209935 -0.106261 0.079550
-0.259962 -0.473981 0.289141 0.483353 -0.197521 0.498106 -0.225590 0.140409 -0.407177 -0.232599 -0.132429 -0.179937 -0.519721 -0.463624 -0.109914 -0.178082 -0.617902 -0.523752 -0.462034 -0.193864 0.218598 0.326916 0.488025 0.539020 0.819441 1.000000 0.478620 0.712914 -0.504191 -0.499564 0.374030 0.257782 -0.107925 -0.284325 0.362578 0.511376 0.022604 0.029910 0.198963 0.324939 0.193593 -0.159593 0.142804 0.492245 -0.158031 0.342158 0.277600 0.125670 -0.277082 -0.253088 0.408066 -0.163311 -0.534958 -0.003440 0.008406 0.493275 0.103372 -0.132509 -0.434743 -0.098471 -0.411085 -0.349435 -0.575753 -0.353218 -0.106920 -0.212943 -0.261527 0.254021 -0.266788 0.148961 0.214595 0.188282 -0.547847 -0.245698 0.052002 -0.023371 -0.116993 -0.049989 0.259028 0.144097 -0.303657 -0.075440 0.028648 -0.265278 -0.210234 0.413328 0.096882 0.247063 0.270325 0.190702 -0.354942 -0.130777 0.121770 0.140587 0.171053 -0.045370 0.320090 0.017196 0.155516 0.010929 -0.084144 0.018632 -0.295119 0.123247 0.065113 -0.049702 0.056338 0.200251 -0.194380 -0.099844 0.519665 0.025621 -0.279325 -0.276271 -0.172130 0.000648
-0.054855 -0.132710 0.284387 0.601019 -0.075978 0.595351 -0.056148 0.221563 -0.142432 0.025286 -0.217396 0.026608 -0.379127 -0.408457 0.109860 0.133319 -0.378814 -0.406144 -0.035768 0.058046 0.495776 0.370215 0.366401 0.458944 0.569769 0.478620 1.000000 0.771653 -0.451271 -0.416178 0.135691 0.007666 -0.082461 -0.342210 0.053408 0.151518 -0.118782 0.039039 0.196691 0.313439 0.163850 -0.031118 -0.005901 -0.036110 -0.367955 -0.138134 0.054197 0.023943 -0.175082 -0.515037 0.305206 -0.229142 -0.313445 0.117019 -0.007506 0.303327 0.194843 -0.024472 -0.086644 -0.323076 -0.180776 -0.395779 -0.464448 -0.407072 -0.032803 -0.050809 -0.110159 -0.134329 -0.037464 0.329507 0.412286 0.280202 -0.368413 -0.024186 0.216163 0.098365 -0.010113 0.038288 -0.007187 0.021356 -0.281888 -0.328496 0.079649 -0.167266 -0.141185 0.140438 0.023625 0.426185 0.384025 0.140604 -0.168914 0.145304 0.229979 0.216667 -0.093833 -0.119720 -0.008446 -0.201162 0.043474 0.015438 0.046543 0.107402 -0.161224 0.261150 0.116838 0.125059 -0.010175 0.115320 -0.353583 -0.190711 0.043398 -0.094367 -0.251595 -0.231030 -0.138440 -0.067790
-0.098378 -0.248460 0.315388 0.612018 -0.081518 0.604846 -0.109142 0.151954 -0.315925 -0.185697 -0.058798 -0.014462 -0.399334 -0.466663 0.163821 0.120773 -0.536647 -0.608721 -0.253800 -0.010760 0.416887 0.388786 0.567793 0.596242 0.710141 0.712914 0.771653 1.000000 -0.471042 -0.512957 0.289268 0.056636 -0.244273 -0.454251 0.182162 0.314364 -0.272171 0.139427 0.105898 0.408253 0.053380 -0.197219 0.178468 0.227291 -0.322416 0.025556 0.168839 0.168712 -0.177060 -0.424592 0.386313 -0.157324 -0.475099 0.062041 -0.042894 0.355111 0.113092 -0.066599 -0.272349 -0.238168 -0.384022 -0.445616 -0.589522 -0.439714 -0.059575 -0.191995 -0.125896 0.011694 -0.175730 0.233561 0.392713 0.399417 -0.518208 -0.090449 0.130065 0.125940 0.014156 0.034310 -0.088023 -0.019514 -0.369723 -0.369496 0.069066 -0.267259 -0.203840 0.234466 0.024413 0.333300 0.413409 0.140872 -0.167663 0.085277 0.267969 0.350657 0.043891 -0.142056 -0.008876 -0.132832 0.114004 0.062836 -0.005190 0.190518 -0.227859 0.217839 0.038745 0.025873 0.084679 0.184838 -0.345569 -0.081558 0.171561 0.079001 -0.146526 -0.317627 -0.219413 -0.098290
0.155719 0.190095 -0.454411 -0.610030 0.343568 -0.454673 -0.007099 -0.431747 0.332517 -0.055936 0.236979 0.013545 0.607311 0.366676 0.100011 0.179458 0.683097 0.389977 0.350287 0.437685 -0.202927 -0.143965 -0.390133 -0.543489 -0.606352 -0.504191 -0.451271 -0.471042 1.000000 0.788990 -0.084983 -0.035582 0.407618 0.530121 -0.402804 -0.434272 0.318388 -0.118060 -0.069289 -0.518948 0.113411 0.311370 0.044055 -0.368421 0.208697 -0.284100 -0.092254 0.057078 0.067980 0.314979 -0.594401 0.105075 0.350401 -0.029485 0.069448 -0.110183 -0.240772 0.228390 -0.009446 0.133961 0.070980 0.076707 0.408582 0.032418 -0.151702 -0.234470 0.012493 -0.453643 0.421517 -0.092189 -0.033620 -0.066918 0.759476 0.249261 -0.020239 0.185386 0.019322 -0.022916 0.138179 -0.187952 0.549263 0.450185 0.472210 0.631606 0.458239 -0.297589 0.288264 -0.217935 -0.410690 -0.456503 0.117151 0.119370 -0.346377 -0.108874 0.089507 0.148246 -0.129310 0.065890 -0.236440 0.131062 -0.188237 0.015379 0.033247 -0.141673 -0.080392 0.007871 -0.125184 -0.062793 0.215789 0.121970 -0.266399 0.087955 0.318125 -0.059539 -0.029850 -0.101916
-0.088161 0.170746 -0.645875 -0.433931 0.230129 -0.364683 -0.231340 -0.258812 0.140060 0.025522 -0.119374 0.046103 0.344715 0.391794 -0.181109 0.147792 0.660514 0.451142 0.264606 0.246655 -0.159797 -0.193548 -0.542108 -0.484499 -0.728504 -0.499564 -0.416178 -0.512957 0.788990 1.000000 -0.078978 0.192027 0.356107 0.539128 -0.515547 -0.401824 0.526848 -0.020464 -0.122218 -0.469225 0.300281 0.444368 0.021838 -0.352195 0.279605 -0.201206 -0.127844 0.095710 -0.054595 0.357051 -0.717383 0.121361 0.375503 0.049716 -0.042828 -0.135647 -0.156161 -0.037863 0.021021 0.083619 0.136783 0.029576 0.515156 0.009945 -0.334545 -0.174134 0.069435 -0.371849 0.532778 -0.168404 -0.240840 0.052766 0.830310 0.193585 -0.148155 0.248014 -0.056884 0.011103 0.263958 -0.143603 0.725717 0.597587 0.262528 0.727381 0.320185 -0.208952 0.078167 -0.043338 -0.602569 -0.419461 0.240802 0.014345 -0.052495 -0.254043 0.014654 0.225050 -0.087875 0.058577 -0.163458 0.135645 0.029681 -0.101721 0.195932 -0.116006 -0.177344 -0.068899 -0.047483 0.003157 0.259808 0.071433 -0.194604 0.160944 0.312383 -0.039513 -0.023793 -0.102519
-0.245691 -0.456327 0.075155 0.258136 0.169502 0.312867 0.265771 0.210504 -0.161475 -0.073224 -0.139784 -0.159128 -0.202240 -0.309534 -0.159823 -0.293812 -0.198789 -0.386967 0.077981 0.074950 0.297008 0.068104 0.326124 0.305322 0.118525 0.374030 0.135691 0.289268 -0.084983 -0.078978 1.000000 0.765574 0.031474 0.190863 0.359708 0.447956 -0.080272 -0.046150 -0.101641 -0.176971 0.196794 0.009066 -0.183864 0.190359 0.084051 0.411600 -0.213134 0.128357 -0.401143 0.086061 -0.078230 0.002555 -0.332924 -0.093528 -0.249318 0.015017 0.060550 -0.408909 -0.307159 -0.274171 0.054260 -0.229194 -0.027482 -0.123047 0.141413 -0.056085 -0.305756 0.180250 -0.136561 -0.153239 0.094147 0.380637 -0.163957 -0.105209 -0.041602 0.206154 0.181548 0.393931 -0.203859 -0.108966 -0.145873 -0.244095 -0.034054 -0.132758 -0.341273 0.002087 0.167052 -0.007175 -0.080608 -0.190667 -0.294959 -0.045667 -0.126119 -0.054672 -0.098182 -0.048164 -0.007834 -0.199390 -0.090446 0.127426 -0.056259 0.125325 -0.198662 0.028858 -0.073739 0.002652 0.019516 0.081438 -0.224051 -0.079414 0.103276 -0.049685 -0.395041 -0.289397 -0.416100 -0.256725
-0.436736 -0.445148 -0.228906 0.305261 0.187136 0.293848 0.008419 0.337469 -0.258365 0.001855 -0.408579 -0.121484 -0.222537 -0.158477 -0.385190 -0.260722 -0.067876 -0.207064 0.065962 0.018847 0.189414 -0.062741 0.024402 0.268196 -0.158765 0.257782 0.007666 0.056636 -0.035582 0.192027 0.765574 1.000000 0.095205 0.428622 0.262627 0.433301 0.209947 -0.077905 -0.240993 -0.245084 0.400983 0.114303 -0.209168 0.087738 0.271736 0.443555 -0.239939 0.055257 -0.387691 0.255989 -0.342664 -0.006307 -0.132770 -0.149276 -0.195602 -0.007415 -0.057029 -0.479194 -0.229618 -0.139647 0.079315 -0.249365 0.099700 -0.177044 -0.123956 -0.054210 -0.151737 0.274986 0.015195 -0.173409 -0.128474 0.415041 -0.021621 -0.269131 -0.294405 0.173318 -0.039434 0.373657 -0.079617 -0.010899 0.169135 -0.056092 -0.062199 0.124654 -0.253222 0.056959 0.036088 0.058094 -0.410181 -0.239294 -0.101918 -0.158478 0.044674 -0.206731 -0.110397 0.013176 -0.013353 -0.163113 -0.093383 0.006251 0.038194 0.028373 -0.148705 -0.097407 -0.244843 -0.095895 0.034835 0.059214 -0.073884 -0.122307 0.087810 -0.081238 -0.387128 -0.183358 -0.260825 -0.269274
0.220787 0.097689 -0.215760 -0.147188 0.033638 -0.064251 -0.023098 -0.075109 0.079514 0.029802 -0.067254 0.014105 0.038050 0.028850 -0.211102 -0.083602 0.313212 0.227028 0.174593 0.343622 -0.043766 0.121892 -0.316684 -0.287783 -0.214167 -0.107925 -0.082461 -0.244273 0.407618 0.356107 0.031474 0.095205 1.000000 0.442635 -0.050672 -0.241396 0.344696 -0.277903 -0.034189 -0.294743 0.253542 0.335510 -0.153268 -0.228604 -0.065254 -0.089947 -0.009176 -0.078774 -0.185090 -0.050038 -0.435756 -0.239326 -0.088514 -0.121246 -0.099113 -0.064118 0.259880 0.226482 0.133117 0.090529 0.118906 -0.047138 0.156327 -0.042740 -0.117771 -0.098155 0.026920 -0.136132 0.305267 0.085175 0.056648 0.048246 0.377783 0.213316 0.209195 0.296957 -0.004307 -0.020513 0.436140 0.005717 0.450329 0.340599 0.065239 0.274299 0.293600 -0.076662 -0.175079 -0.042612 -0.241353 -0.349476 -0.061970 -0.000974 -0.176740 -0.255821 0.071001 0.055763 -0.141581 -0.003667 -0.240900 -0.019157 0.041029 -0.008690 0.056611 -0.089983 0.007161 -0.067850 -0.203835 -0.033483 0.073158 0.023555 -0.014505 -0.023694 -0.117542 -0.080787 -0.210550 -0.163736
-0.055981 0.068360 -0.314981 -0.311340 0.357138 -0.188851 0.122074 0.015755 0.185802 0.092490 0.051030 0.023614 0.463090 0.397065 -0.065309 0.016698 0.529363 0.128215 0.270416 0.301554 -0.125064 -0.228562 -0.356773 -0.287277 -0.564355 -0.284325 -0.342210 -0.454251 0.530121 0.539128 0.190863 0.428622 0.442635 1.000000 -0.051408 0.099260 0.329296 -0.273513 -0.179989 -0.525373 0.223139 0.330704 -0.246719 -0.201577 0.205323 0.058913 -0.302778 0.024522 -0.111834 0.325984 -0.546449 -0.104706 0.168428 -0.182604 -0.189235 -0.288045 -0.198955 -0.064808 -0.078078 0.131461 0.164469 -0.052081 0.289472 -0.029306 -0.172520 -0.150154 -0.055685 -0.038741 0.404378 -0.006354 -0.162100 0.060352 0.503081 -0.079054 -0.218152 0.101475 -0.034023 0.204505 0.067520 -0.107267 0.448184 0.230329 0.359711 0.504108 0.057258 -0.426836 0.214879 -0.168591 -0.464230 -0.455669 0.056448 -0.051982 -0.199949 -0.174155 0.008242 0.040094 0.005254 -0.040549 -0.266842 -0.117227 -0.177447 -0.161581 -0.135773 -0.304901 -0.121639 -0.114534 0.003177 -0.058564 0.089969 -0.145813 -0.055812 -0.056799 -0.152882 -0.020755 -0.177932 -0.227584
-0.060121 -0.387793 0.329101 0.244213 -0.040311 0.238483 0.304767 0.390486 -0.168143 -0.030257 0.105213 -0.021506 -0.153997 -0.217593 -0.073462 -0.327366 -0.408590 -0.302338 -0.324649 -0.328225 -0.072386 0.030081 0.295923 0.225461 0.366408 0.362578 0.053408 0.182162 -0.402804 -0.515547 0.359708 0.262627 -0.050672 -0.051408 1.000000 0.597307 -0.225177 -0.179672 -0.122672 -0.039419 -0.047720 -0.420218 -0.004782 0.540491 -0.020102 0.493143 -0.000349 0.091301 -0.111058 -0.045398 0.462976 -0.016241 -0.443480 -0.172276 -0.181328 0.093407 0.075248 -0.253153 -0.312347 -0.177758 -0.103063 -0.206502 -0.285824 -0.088050 0.356508 -0.013852 -0.260516 0.537958 -0.373526 -0.131215 0.046087 0.151392 -0.514449 -0.079371 0.076576 0.034054 0.191025 0.329433 -0.092009 0.264031 -0.390148 -0.357990 -0.180297 -0.573814 -0.072096 0.128657 0.066263 -0.148461 0.282364 0.017795 -0.428630 -0.276220 -0.159255 0.037817 -0.162900 -0.154712 -0.014499 -0.228322 0.011093 -0.061467 -0.158722 0.057608 -0.233561 -0.162103 0.019945 -0.143109 -0.167727 -0.032114 -0.206599 -0.182440 0.235284 -0.044314 -0.249635 -0.374684 -0.275167 -0.145631
-0.468629 -0.460333 0.199587 0.278176 -0.093066 0.195562 0.020933 0.400181 -0.381957 -0.154957 -0.129390 -0.073988 -0.157599 -0.172271 -0.186523 -0.326878 -0.356108 -0.510960 -0.394514 -0.383093 -0.040831 -0.101885 0.213822 0.289476 0.304695 0.511376 0.151518 0.314364 -0.434272 -0.401824 0.447956 0.433301 -0.241396 0.099260 0.597307 1.000000 -0.149564 -0.022569 -0.160122 0.051743 0.103642 -0.233428 0.138196 0.636642 0.248215 0.736306 -0.063588 0.245047 -0.021440 0.176690 0.301780 0.047656 -0.380076 -0.277681 -0.325192 0.103059 -0.045189 -0.412319 -0.386042 -0.078898 -0.221230 -0.440499 -0.331235 -0.317397 -0.082094 -0.077096 -0.219516 0.602286 -0.244125 -0.228751 -0.131661 0.178204 -0.521348 -0.252385 -0.184977 0.020701 -0.056958 0.332743 -0.076725 0.113025 -0.309841 -0.251629 -0.102143 -0.336491 -0.285365 0.157519 0.172190 0.042892 0.035243 0.017899 -0.376123 -0.349715 -0.053513 -0.038126 -0.099287 0.036685 0.228609 -0.144245 0.095030 0.076977 -0.210930 -0.038512 -0.349217 -0.026634 -0.037651 -0.076488 0.079758 -0.095083 -0.064949 -0.244504 0.499970 0.048467 -0.339581 -0.282296 -0.191658 -0.188823
