1.000000 0.111951 0.342986 -0.206354 0.449026 0.081253 -0.131499 -0.447302 -0.082029 -0.073248 0.559386 -0.283634 -0.002804 -0.282418 0.228025 -0.279343 0.073376 0.066619 0.529283 0.367418 0.047922 -0.162012 0.197375 -0.103012 0.067190 -0.155107 0.115533 0.153347 0.210836 0.082755 0.296003 -0.117833 -0.260125 -0.340855 -0.118683 -0.274036 -0.074837 -0.184710 -0.021342 -0.137710 -0.004996 -0.041109 -0.194851 -0.169392 -0.185786 -0.372103 0.008747 -0.180484 -0.142647 -0.297081 -0.035632 -0.161079 0.300128 0.231035 0.249871 -0.207211 0.338124 0.438043 0.276877 0.152787 0.069360 0.326422 0.015997 0.353667 0.183650 -0.348405 0.044355 -0.267049 0.416407 0.363437 0.076140 -0.049545 0.058372 -0.044476 -0.058231 -0.098122 0.051047 -0.119445 -0.044132 0.009531 -0.051296 0.006919 0.165621 -0.051854 0.296805 -0.379323 0.491626 -0.117407 0.354615 0.175815 -0.019087 0.213721 -0.348978 0.207895 -0.112151 -0.184695 0.027851 -0.117132 -0.012465 0.132191 -0.255060 0.019287 -0.125539 0.034019 -0.019721 -0.093647 -0.077857 -0.064698 -0.107385 0.063056 -0.025706 -0.011544 0.250731 0.009881 -0.049164 -0.102796
0.111951 1.000000 -0.380073 0.053416 0.031447 0.012397 0.123683 0.261967 0.351013 0.523943 0.003362 0.686050 0.012482 0.427614 -0.289620 0.467358 0.100495 0.195188 -0.212920 0.431226 -0.079961 0.083323 -0.559633 -0.253007 -0.442716 -0.286551 -0.404873 -0.323280 0.323671 0.447953 -0.275457 -0.072873 0.184921 -0.106869 -0.382773 -0.393774 -0.009756 0.267679 -0.407416 0.031546 0.010719 0.217763 -0.538786 -0.547777 -0.617605 -0.373309 -0.347574 -0.529902 -0.170467 -0.232145 -0.455398 0.145501 0.225185 0.221095 -0.161191 0.104224 0.065410 -0.057229 0.029378 0.324166 0.038273 0.250201 0.298428 0.341310 -0.030570 0.280222 -0.050060 -0.167717 -0.017729 0.129838 -0.018771 0.073201 0.200533 0.257220 0.083995 0.197278 -0.003379 0.196599 -0.108385 -0.154945 -0.033207 -0.003843 0.143971 0.552489 -0.398633 0.201949 -0.218878 -0.041360 -0.351147 0.203378 0.011079 0.022326 0.093731 -0.145332 -0.139209 -0.082826 -0.374434 -0.281872 -0.372429 -0.212632 0.107496 -0.033162 0.120798 -0.235792 0.014745 -0.142277 0.120631 0.049165 -0.105378 -0.181477 -0.588070 -0.472961 -0.138230 -0.222391 -0.203410 -0.161842
0.342986 -0.380073 1.000000 0.180774 0.506644 0.289942 0.281768 -0.165326 0.110105 -0.192664 0.464782 -0.341658 0.060443 -0.206288 0.353765 -0.247694 -0.504857 -0.493308 0.382931 -0.127828 0.084571 0.015660 0.730773 0.438904 0.391023 0.179194 0.394975 0.428942 -0.285879 -0.453098 0.482653 0.155638 -0.491609 -0.083792 0.280820 0.213283 -0.288561 -0.500434 -0.095950 -0.287558 -0.163337 -0.394865 -0.008227 -0.047204 0.078106 0.009617 0.066480 0.111444 0.098511 -0.326415 0.439669 -0.202805 -0.058486 -0.184057 0.071826 -0.350004 -0.335786 -0.178501 0.034212 -0.347865 0.061259 0.047596 -0.362386 -0.094968 0.442117 -0.124086 -0.007141 0.158195 0.033657 0.133268 0.274670 0.143631 -0.369969 -0.302113 -0.269742 -0.111640 -0.127417 -0.021636 -0.404006 -0.224640 -0.393786 -0.237477 0.058113 -0.273442 0.343472 -0.217991 0.215183 -0.021656 0.375743 0.194468 -0.223321 0.100347 -0.091719 0.388920 -0.062584 -0.058288 0.090139 -0.064366 -0.010910 -0.221434 -0.386477 -0.257511 -0.331968 -0.083347 -0.288779 -0.199162 -0.326314 -0.108398 -0.188773 0.115126 0.409514 0.255969 -0.142631 0.027718 -0.112938 -0.150253
-0.206354 0.053416 0.180774 1.000000 0.144545 0.475453 0.099489 0.421825 -0.069935 0.138361 -0.184549 0.055655 -0.568461 -0.235830 -0.294966 -0.141607 -0.514414 -0.582576 -0.103247 0.068297 0.190541 0.109907 0.220908 0.362764 0.251853 0.332228 0.120056 0.210926 -0.173458 -0.172859 0.520568 0.807114 -0.135872 -0.012956 0.153986 0.256858 -0.273285 -0.012760 -0.462257 -0.140888 0.008694 -0.250517 -0.067349 -0.091105 0.079624 0.362159 -0.290425 -0.035612 -0.232576 0.006786 0.107635 0.109135 -0.254441 -0.070142 -0.517994 -0.202746 -0.306610 -0.429101 -0.480090 -0.189011 -0.477794 -0.335621 -0.218563 -0.319626 0.381857 0.172741 -0.063476 0.530815 -0.188971 -0.142435 0.296805 0.455524 -0.243294 -0.028115 -0.043898 0.326653 0.025324 0.370841 -0.362115 -0.453717 -0.494044 -0.591105 0.152337 0.009462 0.120674 0.248150 -0.055905 0.131234 -0.330217 0.121589 -0.176005 -0.262343 0.454359 -0.081316 0.115492 0.042664 -0.227209 -0.041690 -0.295118 -0.202040 0.186487 -0.305347 0.074269 -0.275269 -0.152287 -0.106796 -0.047650 -0.289779 0.173683 0.208956 0.022671 -0.050781 -0.317582 0.136812 -0.048731 0.060711
0.449026 0.031447 0.506644 0.144545 1.000000 0.371881 0.133683 -0.134003 0.375312 0.107689 0.568295 -0.011094 -0.005909 -0.103858 0.302311 -0.100792 -0.158127 -0.184318 0.295516 0.124636 0.050657 0.149267 0.263689 0.162847 0.116670 -0.080582 0.296302 0.215388 0.079974 -0.162957 0.352485 0.026588 -0.286109 -0.329305 -0.087665 -0.195880 -0.327116 -0.327054 -0.328639 -0.230094 -0.216510 -0.138142 -0.053901 -0.159347 -0.001565 -0.101859 0.012011 -0.151822 -0.094581 -0.228307 0.086035 -0.085296 0.114879 0.050646 0.005307 -0.140636 -0.052469 0.035318 0.044692 -0.112754 0.087985 0.159904 -0.188649 0.070499 0.468271 -0.190914 -0.168581 -0.033604 0.114923 0.241044 0.295219 0.160645 -0.099385 -0.031217 -0.100307 0.084630 -0.146804 -0.054510 -0.208684 -0.128816 -0.326600 -0.200440 0.261818 -0.106283 0.246816 -0.161373 0.216785 -0.005720 0.227031 0.315638 -0.166597 0.103849 -0.118304 0.063168 -0.234217 -0.148296 -0.182346 -0.180661 -0.042466 -0.084230 -0.395062 -0.380603 -0.326750 -0.296183 -0.256025 -0.207439 -0.151323 -0.173352 -0.131457 0.051200 -0.146092 -0.183602 -0.072013 -0.085378 -0.191564 -0.172644
0.081253 0.012397 0.289942 0.475453 0.371881 1.000000 0.022945 0.214551 -0.083166 0.255768 0.074270 -0.118911 -0.276829 -0.097555 0.004475 -0.147961 -0.255723 -0.402987 0.028371 0.051285 0.217433 0.111364 0.272059 0.580742 0.316765 0.431825 0.352312 0.461560 -0.339800 -0.315818 0.272891 0.271879 -0.060868 -0.072422 0.131796 0.198257 -0.346605 -0.178191 -0.310252 -0.023145 -0.186311 -0.047772 -0.147011 -0.161675 -0.053801 0.101136 -0.156469 -0.085757 -0.049331 -0.189006 0.140971 -0.005093 -0.101578 -0.223213 -0.145340 -0.359893 -0.130520 -0.112109 -0.006482 -0.127443 -0.006559 -0.003192 -0.100413 -0.135371 0.356891 0.197303 0.174331 0.316635 0.112198 0.156809 0.164891 0.112724 -0.294652 -0.147893 -0.031661 0.062183 -0.163473 0.108185 -0.336673 -0.311152 -0.391430 -0.488688 -0.026131 -0.188950 0.149007 -0.056325 0.034564 0.002014 0.272760 0.126247 -0.217987 -0.089655 0.114738 -0.082419 -0.107739 -0.216779 -0.181465 -0.138341 -0.304848 -0.373366 -0.235202 -0.245137 -0.136066 -0.149644 -0.237454 -0.012477 -0.215501 -0.276230 -0.099944 0.044701 0.077234 -0.080168 -0.359731 -0.189887 -0.091564 -0.174649
-0.131499 0.123683 0.281768 0.099489 0.133683 0.022945 1.000000 0.404141 0.605112 0.268281 0.161155 0.244226 0.374196 0.308722 0.099841 0.366393 0.037635 -0.289547 -0.002233 0.057863 -0.166486 0.026453 -0.075883 0.031377 -0.262409 -0.212004 -0.146702 -0.173858 0.020779 -0.049970 -0.005889 0.025428 0.008008 0.143887 0.114876 0.084441 -0.063614 -0.067096 -0.351780 -0.339103 0.078391 -0.183827 -0.317236 -0.429659 -0.259106 0.009735 -0.409670 -0.377585 0.053021 -0.321581 -0.191198 -0.209672 -0.237161 -0.383093 -0.091267 -0.337412 -0.454555 -0.506731 -0.041033 -0.177558 0.355153 -0.215155 0.178759 -0.151576 0.243394 0.210109 0.069646 0.335762 -0.295930 -0.078026 0.202943 0.303484 0.234478 0.091557 0.194264 0.169138 0.125759 0.213260 -0.544211 -0.403302 -0.298229 -0.149917 -0.082141 0.101868 -0.408779 0.039265 -0.062665 -0.304609 -0.010546 0.005035 -0.179533 -0.027427 0.208198 0.183220 -0.225110 -0.235756 -0.227634 -0.381319 -0.442358 -0.542083 0.023577 -0.067248 0.002170 -0.156796 -0.265650 -0.173613 -0.055668 0.030494 -0.122826 -0.077430 -0.243995 -0.409879 -0.392802 -0.204492 -0.089270 -0.079186
-0.447302 0.261967 -0.165326 0.421825 -0.134003 0.214551 0.404141 1.000000 0.332711 0.614889 -0.140983 0.399637 0.020837 0.473224 -0.192141 0.484510 -0.080256 -0.183518 -0.272391 -0.188466 -0.130728 0.071611 -0.416659 -0.037202 -0.481628 -0.267585 -0.278963 -0.419776 -0.193737 0.207665 -0.239169 0.120419 0.034612 0.145003 0.134210 0.251898 -0.049718 0.220346 -0.544349 -0.111641 0.074364 -0.025627 -0.159261 -0.285016 -0.011259 0.259398 -0.383036 -0.211693 0.057836 0.167149 -0.316424 -0.010108 -0.274419 -0.277206 -0.465187 -0.122894 -0.560959 -0.706367 -0.058743 0.021646 0.228185 -0.083439 0.210083 -0.119566 0.044860 0.717470 -0.008911 0.278521 -0.599166 -0.412689 0.017730 0.261429 0.049286 0.126456 0.038656 0.392003 0.050649 0.460951 -0.354753 -0.310720 -0.295017 -0.211410 0.034031 0.440289 -0.391683 0.143919 -0.322576 -0.024293 -0.127293 -0.262771 -0.104588 -0.405527 0.430388 -0.175938 -0.271690 -0.051122 -0.376861 -0.313700 -0.385806 -0.430663 0.304784 -0.049212 0.151786 -0.242461 -0.243141 -0.150036 0.084738 -0.142302 -0.100813 -0.172907 -0.335308 -0.435214 -0.433214 -0.160928 -0.287005 -0.075036
-0.082029 0.351013 0.110105 -0.069935 0.375312 -0.083166 0.605112 0.332711 1.000000 0.440517 0.198170 0.543130 0.429979 0.527662 0.199414 0.578634 0.157532 0.036980 -0.081462 0.066622 -0.156204 0.271936 -0.290546 -0.111556 -0.366765 -0.358963 -0.212932 -0.358728 0.262226 0.234627 -0.204480 -0.190937 0.046943 0.017012 -0.219720 -0.226349 -0.108535 -0.117948 -0.454431 -0.186587 -0.100191 -0.009643 -0.260748 -0.308312 -0.280079 -0.231275 -0.149429 -0.331402 0.056800 -0.226472 -0.263259 -0.139362 0.158924 -0.136064 -0.006169 -0.100333 -0.288018 -0.347035 0.220941 0.005145 0.454239 0.125950 0.210594 0.130756 0.095370 0.220497 -0.098486 -0.135553 -0.369616 -0.018461 0.007508 0.144134 0.245448 0.225660 0.077836 0.170785 -0.119734 0.092875 -0.142322 -0.086695 -0.080097 0.150036 0.126894 0.382171 -0.413355 -0.024230 -0.195305 -0.047748 -0.065029 0.111488 0.001844 -0.065135 0.025477 -0.138189 -0.315859 -0.110854 -0.263914 -0.348117 -0.258059 -0.354999 -0.185750 -0.238705 -0.268094 -0.391066 -0.370228 -0.317834 -0.114769 0.058422 -0.086457 -0.224341 -0.421046 -0.544259 -0.276578 -0.302355 -0.399764 -0.190032
-0.073248 0.523943 -0.192664 0.138361 0.107689 0.255768 0.268281 0.614889 0.440517 1.000000 0.011753 0.533859 -0.004306 0.537107 -0.083277 0.658305 0.082448 0.038453 -0.212518 0.320411 -0.151789 -0.016906 -0.503223 -0.086497 -0.535323 -0.439962 -0.294443 -0.373163 0.075345 0.424582 -0.312881 -0.085638 0.141877 -0.086245 -0.257343 -0.241471 -0.028383 0.188001 -0.504465 -0.084869 -0.006345 0.139742 -0.464827 -0.550730 -0.398234 -0.307646 -0.389888 -0.470323 -0.121817 -0.103907 -0.486562 -0.030948 0.112050 0.034021 -0.399128 -0.086554 -0.195044 -0.316043 0.169901 0.389360 0.245477 0.252593 0.312831 0.151150 -0.007421 0.453044 0.038490 -0.110262 -0.280191 -0.000297 0.051983 0.073208 0.206528 0.313469 0.150216 0.377053 0.088479 0.259604 -0.284674 -0.286507 -0.192846 -0.156650 0.095395 0.591864 -0.338279 -0.091384 -0.081867 -0.121793 -0.088036 -0.096547 0.227521 0.090536 0.275554 0.001676 -0.247993 -0.248190 -0.549593 -0.405535 -0.421098 -0.312743 0.130286 0.054824 0.244624 -0.037335 -0.068447 -0.070143 0.020348 -0.012310 -0.203856 -0.161593 -0.532997 -0.514690 -0.204321 -0.272103 -0.324230 -0.117525
0.559386 0.003362 0.464782 -0.184549 0.568295 0.074270 0.161155 -0.140983 0.198170 0.011753 1.000000 0.043386 0.440101 0.053776 0.641826 0.040744 -0.022032 0.028603 0.297914 0.068194 -0.342077 -0.227754 0.239501 0.096606 -0.173994 -0.339929 0.091446 0.063473 0.102701 -0.130947 0.008701 -0.289102 -0.417584 -0.112962 0.200032 0.064499 -0.207369 -0.384023 -0.112358 -0.238458 -0.138895 -0.286927 -0.128074 -0.200547 -0.053764 -0.047153 0.020470 -0.139371 0.048577 -0.216665 0.035960 -0.107609 -0.005895 -0.021742 0.195646 -0.097683 -0.167798 0.008306 0.072572 -0.146012 0.190238 0.153607 -0.304949 0.102654 0.392260 0.038229 -0.271840 -0.081742 -0.014597 0.108718 0.076290 -0.014449 -0.159627 -0.316496 -0.288207 -0.130306 -0.107629 -0.002030 -0.145184 -0.003239 -0.319582 -0.030898 0.263824 0.068834 0.159022 -0.272386 0.296626 -0.009061 0.405725 0.094046 -0.054610 0.167124 -0.213756 0.269457 -0.297247 -0.109495 -0.050216 -0.070523 -0.046404 -0.078271 -0.387582 -0.270527 -0.320567 -0.244355 -0.122903 -0.242435 0.085470 -0.111359 -0.331809 -0.040680 -0.043004 -0.054259 -0.022953 -0.146307 -0.207334 -0.238494
-0.283634 0.686050 -0.341658 0.055655 -0.011094 -0.118911 0.244226 0.399637 0.543130 0.533859 0.043386 1.000000 0.266887 0.734094 -0.070408 0.678253 0.025009 0.159302 -0.369105 0.175882 -0.294076 0.174997 -0.469218 -0.086826 -0.447349 -0.301504 -0.334171 -0.374215 0.281312 0.248663 -0.443710 -0.097584 0.198871 0.071168 -0.281166 -0.284195 0.018828 0.032944 -0.361829 -0.123135 -0.061928 -0.059599 -0.335432 -0.357152 -0.387467 -0.170104 -0.227754 -0.391521 -0.062571 -0.072082 -0.372923 0.094988 0.060973 -0.034637 -0.114597 0.210164 -0.245662 -0.400679 -0.051036 0.072448 0.127890 0.091130 0.220755 0.186400 0.050382 0.414804 -0.203810 -0.154528 -0.397330 -0.148395 -0.102975 0.100972 0.032260 0.066533 0.001094 0.110416 -0.211465 0.113319 -0.023832 -0.083526 -0.082190 0.104842 0.258368 0.633012 -0.394534 0.355906 -0.374416 0.265351 -0.321973 0.222013 0.041664 -0.094654 0.176614 -0.208451 -0.270015 -0.136138 -0.417285 -0.286617 -0.333589 -0.314848 0.054889 -0.243566 -0.130077 -0.364820 -0.130007 -0.177536 0.198248 0.090646 -0.084699 -0.321626 -0.494896 -0.518700 -0.387387 -0.364443 -0.410322 -0.177135
-0.002804 0.012482 0.060443 -0.568461 -0.005909 -0.276829 0.374196 0.020837 0.429979 -0.004306 0.440101 0.266887 1.000000 0.510472 0.530566 0.432893 0.270756 0.171368 -0.089073 -0.281271 -0.411482 0.004127 -0.040378 -0.029909 -0.248694 -0.254600 -0.019526 -0.134203 -0.032341 -0.118071 -0.464506 -0.561485 -0.045626 0.201152 0.142258 0.142035 0.049767 -0.237507 0.087160 -0.156857 -0.097594 -0.215591 -0.071371 -0.105067 -0.139056 -0.077159 0.034526 -0.090653 0.463553 -0.069006 -0.079247 -0.035515 -0.068243 -0.311692 0.467380 0.071976 -0.306191 -0.165220 0.314570 -0.127460 0.596600 0.070585 0.068015 0.059424 -0.137594 0.231657 -0.123019 -0.177908 -0.304136 -0.108422 -0.278894 -0.172861 0.051626 -0.213722 -0.136467 -0.240578 -0.167628 -0.101507 -0.077260 0.108660 -0.060568 0.337647 -0.163863 0.094070 -0.342593 -0.068335 -0.050080 0.021534 0.318597 0.011387 0.076715 0.059282 -0.236772 0.091331 -0.298961 -0.098303 0.142189 -0.072232 -0.048995 -0.144574 -0.268587 -0.035208 -0.283672 -0.190631 -0.100505 -0.163488 0.137172 0.081661 -0.249502 -0.188065 -0.055031 -0.202580 -0.117446 -0.348787 -0.209759 -0.150161
-0.282418 0.427614 -0.206288 -0.235830 -0.103858 -0.097555 0.308722 0.473224 0.527662 0.537107 0.053776 0.734094 0.510472 1.000000 0.023635 0.695972 0.106771 0.238456 -0.254381 -0.044923 -0.363357 0.102776 -0.419023 0.002010 -0.518029 -0.357081 -0.338824 -0.435937 -0.038440 0.120845 -0.612084 -0.347136 0.041946 0.029811 -0.179232 -0.156389 -0.030299 0.094224 -0.316650 -0.013001 -0.201167 0.022399 -0.297172 -0.314314 -0.333142 -0.192659 -0.237765 -0.304765 0.232791 0.057106 -0.370107 0.117308 0.044005 -0.088133 -0.055394 0.118128 -0.287676 -0.396099 0.252168 0.120246 0.410330 0.229023 0.328368 0.235852 -0.117190 0.548217 -0.020585 -0.268088 -0.360920 -0.158103 -0.207520 0.015406 -0.040067 0.074449 -0.012615 0.141351 -0.183355 0.074332 -0.102288 -0.129680 -0.018585 0.156742 0.018220 0.461554 -0.401095 0.036026 -0.276889 0.123644 -0.000605 0.118609 0.010421 -0.039072 0.105692 -0.086485 -0.413883 -0.150031 -0.358210 -0.357678 -0.325964 -0.404902 -0.008393 -0.038301 -0.200493 -0.180107 -0.223523 -0.019693 0.003132 0.238904 -0.169049 -0.344310 -0.427555 -0.531358 -0.347560 -0.422079 -0.390732 -0.085064
0.228025 -0.289620 0.353765 -0.294966 0.302311 0.004475 0.099841 -0.192141 0.199414 -0.083277 0.641826 -0.070408 0.530566 0.023635 1.000000 0.263997 0.002642 0.048374 -0.009516 -0.184088 -0.214849 -0.217266 0.379247 0.167896 0.022041 -0.152962 0.339556 0.139718 0.023905 -0.193675 -0.054169 -0.321325 -0.328259 -0.033957 0.309862 0.213021 -0.111468 -0.415894 0.157055 -0.156929 -0.206671 -0.180792 0.002043 -0.000260 0.098119 0.124383 0.088734 -0.006712 0.134414 -0.013083 0.127528 -0.136003 -0.153087 -0.229569 0.306540 -0.114762 -0.177415 -0.004387 0.046805 -0.201483 0.292462 0.044526 -0.271074 -0.017699 0.283814 0.009620 -0.295271 0.008709 -0.197272 0.014418 -0.089036 -0.198966 -0.086721 -0.257854 -0.202337 -0.205502 -0.163177 -0.184478 -0.075166 0.016821 -0.212178 0.072560 -0.015895 -0.033909 0.089693 -0.351347 0.265619 -0.037378 0.552113 -0.083316 0.069154 0.133137 -0.166968 0.186580 -0.240578 0.050730 -0.015221 -0.069227 0.011557 -0.046663 -0.309969 -0.247747 -0.181096 -0.044197 0.042783 -0.013297 0.024732 -0.016350 -0.151869 -0.085417 0.064774 -0.016246 0.036111 -0.033459 -0.048519 -0.191786
-0.279343 0.467358 -0.247694 -0.141607 -0.100792 -0.147961 0.366393 0.484510 0.578634 0.658305 0.040744 0.678253 0.432893 0.695972 0.263997 1.000000 0.116644 0.174844 -0.381518 0.039859 -0.191025 0.056705 -0.396947 -0.162336 -0.538554 -0.471628 -0.242191 -0.439368 0.129477 0.319524 -0.502134 -0.297591 0.118266 0.096950 -0.102389 -0.021865 0.107059 0.168318 -0.282270 -0.100452 -0.061879 0.108175 -0.430896 -0.455771 -0.390578 -0.134753 -0.352008 -0.442295 0.107614 -0.053104 -0.344546 0.028058 -0.052492 -0.170607 -0.149830 -0.012620 -0.295617 -0.403118 0.086546 0.072993 0.385748 0.098507 0.227195 0.113484 -0.020399 0.500017 -0.202561 -0.126827 -0.507296 -0.217833 -0.096220 -0.033871 0.230314 0.236048 0.154950 0.228954 0.019209 0.192191 -0.177377 -0.195347 -0.109821 0.105987 -0.078462 0.585371 -0.441866 0.002529 -0.270110 -0.112100 -0.048902 -0.130660 0.236962 0.038680 0.279168 0.011400 -0.341377 -0.119355 -0.435887 -0.422057 -0.340536 -0.312958 0.195666 -0.013730 0.139337 -0.063434 -0.004624 -0.045433 0.009928 0.112291 -0.217965 -0.332215 -0.506235 -0.500889 -0.209644 -0.240781 -0.307884 -0.215575
0.073376 0.100495 -0.504857 -0.514414 -0.158127 -0.255723 0.037635 -0.080256 0.157532 0.082448 -0.022032 0.025009 0.270756 0.106771 0.002642 0.116644 1.000000 0.713790 0.137767 0.278851 -0.054638 -0.107712 -0.614171 -0.456181 -0.478593 -0.385612 -0.353656 -0.442385 0.403934 0.407173 -0.392460 -0.455036 0.365860 0.066537 -0.335234 -0.337896 0.331574 0.271632 0.113161 0.068636 0.327065 0.344012 0.003980 -0.066484 -0.179454 -0.334039 0.034479 -0.150034 -0.134977 -0.031800 -0.549497 -0.248052 0.125101 0.021582 0.182255 0.058556 0.440602 0.451346 0.338765 0.169472 0.378492 0.106221 0.472697 0.295018 -0.378547 -0.117315 0.056731 -0.390363 0.139098 0.125259 -0.203429 -0.173944 0.663269 0.343760 0.394678 0.120896 0.261413 -0.011619 0.402754 0.358810 0.519294 0.398191 -0.026568 0.076648 -0.418274 -0.221810 -0.083013 -0.242928 -0.036955 -0.248661 0.318258 0.199851 -0.220545 -0.167987 -0.120485 -0.062114 -0.014626 -0.023448 0.127996 0.253740 -0.029462 0.243970 0.077447 0.145863 0.120975 0.004246 0.250714 0.169978 0.027327 -0.056095 -0.366964 -0.192174 0.305197 -0.182559 0.082050 0.058707
0.066619 0.195188 -0.493308 -0.582576 -0.184318 -0.402987 -0.289547 -0.183518 0.036980 0.038453 0.028603 0.159302 0.171368 0.238456 0.048374 0.174844 0.713790 1.000000 0.002419 0.235918 -0.110099 -0.229060 -0.597429 -0.434521 -0.516874 -0.449670 -0.444229 -0.526107 0.362428 0.442685 -0.533292 -0.563118 0.135042 -0.142502 -0.306097 -0.370058 0.284643 0.318280 0.231477 0.252268 0.164154 0.391693 0.011992 -0.019734 -0.202417 -0.300216 0.065437 -0.073876 -0.060335 0.076773 -0.470525 -0.064986 0.173845 0.156669 0.142981 0.220117 0.450430 0.473754 0.251086 0.202467 0.187312 0.188060 0.346848 0.431036 -0.362517 -0.018703 -0.132309 -0.495774 0.074649 0.031094 -0.287965 -0.260287 0.414178 0.202830 0.178364 0.125357 0.163681 -0.038633 0.580502 0.430417 0.571006 0.459385 0.100171 0.185367 -0.281463 -0.282869 -0.135906 -0.102426 -0.037367 -0.200276 0.374646 0.302009 -0.126316 -0.017774 -0.091743 0.136841 -0.028591 0.128108 0.208292 0.339078 0.085214 0.238911 0.107805 0.222624 0.267832 0.140283 0.234209 0.287640 0.064171 -0.073196 -0.292464 -0.068861 0.423302 -0.114643 0.078678 0.110957
0.529283 -0.212920 0.382931 -0.103247 0.295516 0.028371 -0.002233 -0.272391 -0.081462 -0.212518 0.297914 -0.369105 -0.089073 -0.254381 -0.009516 -0.381518 0.137767 0.002419 1.000000 0.229160 0.067424 0.089099 0.156325 -0.219924 0.086638 -0.108093 0.084886 0.014158 0.190119 0.054659 0.333971 -0.055777 -0.104800 -0.032176 -0.073082 -0.131928 0.163264 -0.138394 -0.036342 -0.180004 0.250898 0.056698 0.148993 0.075485 0.083312 -0.227424 0.347163 0.116245 -0.106808 -0.110521 0.003841 -0.256797 0.175375 0.231060 0.128959 -0.047920 0.174689 0.224241 0.166256 -0.176250 -0.002732 0.034486 -0.057212 0.041889 0.146211 -0.376977 0.029383 -0.349189 0.365473 0.077007 0.167331 -0.022178 0.160266 -0.002184 0.141597 0.066015 0.194044 0.087841 0.096079 0.200890 0.120916 0.207615 0.311450 -0.084017 0.247412 -0.214731 0.201495 -0.002552 0.193752 0.003863 -0.062174 -0.047246 -0.425673 -0.065002 -0.175951 -0.101267 0.124758 0.091771 0.290027 0.231300 -0.187808 -0.014163 -0.270292 -0.020805 -0.322596 -0.389117 -0.057006 -0.172383 0.171804 0.032285 0.135820 0.224744 0.181227 -0.009038 -0.158052 -0.202652
0.367418 0.431226 -0.127828 0.068297 0.124636 0.051285 0.057863 -0.188466 0.066622 0.320411 0.068194 0.175882 -0.281271 -0.044923 -0.184088 0.039859 0.278851 0.235918 0.229160 1.000000 0.061243 -0.096064 -0.279216 -0.083084 -0.210699 -0.189988 -0.202213 -0.079122 0.456168 0.307947 0.098230 0.093940 0.167794 -0.047798 -0.430312 -0.460179 0.066345 0.067005 -0.146712 -0.152040 0.096828 0.196669 -0.490309 -0.469780 -0.540028 -0.531950 -0.249657 -0.444816 -0.435876 -0.363715 -0.512997 -0.163966 0.260647 0.300497 -0.169239 -0.198851 0.414789 0.349012 0.070060 0.327631 -0.153858 0.163838 0.248784 0.267151 0.026533 -0.249695 0.110706 -0.225794 0.437746 0.502198 0.206137 0.044289 0.327873 0.332301 0.299188 0.185103 0.271157 0.126986 -0.003134 -0.184791 0.100086 -0.084769 0.202183 0.293225 -0.126395 -0.227648 0.161755 -0.166291 -0.202589 0.144064 0.332760 0.427379 0.009478 0.173652 -0.029829 -0.305306 -0.396663 -0.239226 -0.270522 -0.001679 0.058537 0.123993 0.232103 0.186232 0.093534 -0.039261 0.134276 0.034641 0.077769 0.067598 -0.377193 -0.186764 0.194073 -0.117158 0.010720 -0.104172
0.047922 -0.079961 0.084571 0.190541 0.050657 0.217433 -0.166486 -0.130728 -0.156204 -0.151789 -0.342077 -0.294076 -0.411482 -0.363357 -0.214849 -0.191025 -0.054638 -0.110099 0.067424 0.061243 1.000000 0.293152 0.181122 0.036043 0.370735 0.384076 0.330087 0.278683 0.061322 0.028684 0.465698 0.418347 0.045891 0.015815 -0.149594 0.008707 0.002051 0.173529 -0.057041 0.036812 0.066264 0.219036 0.189563 0.204958 0.249643 0.117214 0.119257 0.260877 -0.159358 0.087378 0.243132 -0.007759 -0.050217 0.001913 -0.265912 -0.250685 0.143318 0.119240 -0.133116 -0.135262 -0.289218 -0.130700 0.052873 -0.051728 -0.167071 -0.316078 0.062755 0.085029 0.149948 -0.096607 0.413356 0.218492 0.208319 0.217819 0.313555 0.229304 0.144620 0.092001 0.050936 -0.123302 0.108038 -0.106229 -0.246233 -0.316023 0.046018 -0.122398 -0.195278 -0.265846 -0.246093 -0.237152 -0.092613 -0.099509 0.096681 -0.030636 0.080945 0.098301 0.081682 -0.111815 0.244602 0.090564 0.063830 0.059364 0.081221 0.183460 -0.041329 -0.057285 -0.475332 -0.249475 0.220762 0.344239 0.193955 0.222770 0.228518 0.219115 0.250740 -0.054606
-0.162012 0.083323 0.015660 0.109907 0.149267 0.111364 0.026453 0.071611 0.271936 -0.016906 -0.227754 0.174997 0.004127 0.102776 -0.217266 0.056705 -0.107712 -0.229060 0.089099 -0.096064 0.293152 1.000000 -0.031359 0.044766 0.196617 0.259766 0.289114 0.087180 0.114019 0.045548 0.044143 0.114135 0.158285 0.208194 -0.307807 -0.123584 0.065401 -0.190800 -0.279621 -0.304038 -0.046622 0.113430 0.140485 0.229937 0.113467 -0.029618 0.312245 0.159144 0.025377 0.118481 0.167114 0.021490 0.203970 0.041341 0.050095 0.087445 -0.144489 -0.223616 0.082045 -0.078288 0.006852 -0.056470 0.202191 0.014817 -0.140592 -0.159973 0.028838 -0.218702 -0.103557 -0.161720 0.049020 -0.036373 0.034947 -0.029867 0.055099 -0.059309 -0.322263 -0.129998 0.195987 0.164631 0.138330 0.297978 0.082343 0.123413 -0.106813 0.289258 -0.342996 0.291065 -0.164422 0.124961 -0.186637 -0.291119 -0.070845 -0.266471 -0.268122 -0.135740 -0.037413 -0.176454 0.248334 -0.104678 -0.053378 -0.046692 -0.225470 -0.177936 -0.447625 -0.373642 -0.207935 -0.224359 0.183120 -0.227353 0.004605 -0.030997 -0.231464 -0.229356 -0.297859 -0.282257
0.197375 -0.559633 0.730773 0.220908 0.263689 0.272059 -0.075883 -0.416659 -0.290546 -0.503223 0.239501 -0.469218 -0.040378 -0.419023 0.379247 -0.396947 -0.614171 -0.597429 0.156325 -0.279216 0.181122 -0.031359 1.000000 0.566386 0.774026 0.543756 0.629713 0.737874 -0.420699 -0.689745 0.607329 0.326361 -0.424810 -0.003379 0.417836 0.401148 -0.319801 -0.457004 0.209865 -0.073756 -0.295624 -0.429806 0.175340 0.235081 0.284518 0.253195 0.162710 0.326756 0.150694 -0.111476 0.746898 0.020272 -0.188264 -0.170694 0.152500 -0.192500 -0.162771 -0.016168 -0.200097 -0.430209 -0.208567 -0.167242 -0.549237 -0.306410 0.371330 -0.283296 -0.012045 0.308329 0.126667 0.088702 0.210613 0.068808 -0.527247 -0.377023 -0.256031 -0.255842 -0.160350 -0.135108 -0.316572 -0.235090 -0.426532 -0.338352 -0.203613 -0.541370 0.564372 -0.054325 0.275015 0.089735 0.319251 0.236939 -0.207425 0.028656 -0.095057 0.213722 0.209429 0.063321 0.326922 0.167678 0.105225 -0.017352 -0.314867 -0.292866 -0.297806 -0.017966 -0.078866 0.038073 -0.305271 -0.174560 0.004584 0.251758 0.629743 0.447472 -0.063934 0.232461 0.099552 -0.043468
-0.103012 -0.253007 0.438904 0.362764 0.162847 0.580742 0.031377 -0.037202 -0.111556 -0.086497 0.096606 -0.086826 -0.029909 0.002010 0.167896 -0.162336 -0.456181 -0.434521 -0.219924 -0.083084 0.036043 0.044766 0.566386 1.000000 0.524867 0.604605 0.399748 0.630537 -0.467207 -0.658401 0.152529 0.307493 -0.223009 0.032317 0.228288 0.265431 -0.524338 -0.429508 0.015462 -0.067663 -0.437942 -0.363402 0.001682 0.083015 0.069120 0.201704 -0.050947 0.152910 0.226574 -0.140305 0.391970 0.112734 -0.231828 -0.342986 -0.029745 -0.200220 -0.261752 -0.191607 -0.133131 -0.363421 -0.127023 -0.148924 -0.296605 -0.283164 0.332196 0.062533 0.074441 0.324227 0.018519 0.117723 0.057187 0.025089 -0.607606 -0.332121 -0.223720 -0.173416 -0.321288 -0.145879 -0.293664 -0.278076 -0.400179 -0.413418 -0.119744 -0.335880 0.164398 -0.001418 0.090784 0.120031 0.236468 0.250639 -0.110554 0.144293 0.233251 0.184890 0.052413 -0.134142 -0.003475 0.006908 -0.204668 -0.328989 -0.246420 -0.249865 -0.271730 -0.114803 -0.114527 0.192364 -0.216587 0.013756 -0.154189 0.069409 0.366359 0.126279 -0.434527 -0.158598 -0.053402 -0.004399
0.067190 -0.442716 0.391023 0.251853 0.116670 0.316765 -0.262409 -0.481628 -0.366765 -0.535323 -0.173994 -0.447349 -0.248694 -0.518029 0.022041 -0.538554 -0.478593 -0.516874 0.086638 -0.210699 0.370735 0.196617 0.774026 0.524867 1.000000 0.853418 0.657403 0.792643 -0.306181 -0.494925 0.619710 0.471646 -0.127620 0.017215 0.213691 0.195648 -0.244798 -0.338831 0.262371 0.029185 -0.246533 -0.286261 0.272262 0.411790 0.306015 0.161386 0.317873 0.436868 0.125543 -0.036840 0.678802 0.123786 -0.015611 -0.068064 0.198473 -0.049299 0.042064 0.119546 -0.175539 -0.320233 -0.330058 -0.223953 -0.377417 -0.343152 0.128186 -0.460908 0.181295 0.233384 0.260226 0.114674 0.073762 -0.022462 -0.418162 -0.302608 -0.181346 -0.285912 -0.225828 -0.216635 -0.085857 -0.003997 -0.212638 -0.193317 -0.206300 -0.556968 0.412811 0.140072 0.142395 0.198159 0.060561 0.269138 -0.191691 -0.067401 -0.173925 -0.104772 0.347563 0.047038 0.383593 0.268306 0.213745 0.083396 -0.283348 -0.231982 -0.256580 -0.092781 -0.046992 0.068965 -0.287115 -0.132201 0.244982 0.242238 0.643194 0.437716 -0.030619 0.208999 0.202798 0.062806
-0.155107 -0.286551 0.179194 0.332228 -0.080582 0.431825 -0.212004 -0.267585 -0.358963 -0.439962 -0.339929 -0.301504 -0.254600 -0.357081 -0.152962 -0.471628 -0.385612 -0.449670 -0.108093 -0.189988 0.384076 0.259766 0.543756 0.604605 0.853418 1.000000 0.466268 0.690280 -0.347595 -0.469426 0.426785 0.539504 -0.043348 0.062477 0.187900 0.272325 -0.256320 -0.207912 0.133146 0.158192 -0.256797 -0.197760 0.233037 0.408203 0.222024 0.251083 0.232251 0.386295 0.172049 0.016927 0.516008 0.222487 -0.096491 -0.168475 0.111859 -0.073967 0.017839 0.031173 -0.180766 -0.246339 -0.312796 -0.267398 -0.264050 -0.389859 -0.032591 -0.250486 0.265464 0.351709 0.232521 0.104083 0.014388 0.050886 -0.423440 -0.244469 -0.105656 -0.229167 -0.227510 -0.148162 -0.087393 -0.063350 -0.204213 -0.236183 -0.256524 -0.521832 0.153686 0.202803 -0.101536 0.170091 -0.035190 0.186010 -0.259804 -0.190922 0.013836 -0.172853 0.266456 0.035942 0.334562 0.250650 0.081488 -0.073471 -0.197575 -0.175085 -0.209304 -0.120250 -0.099575 0.095130 -0.186489 -0.050502 0.227950 0.173411 0.573500 0.304412 -0.169486 0.018139 0.201835 0.086934
0.115533 -0.404873 0.394975 0.120056 0.296302 0.352312 -0.146702 -0.278963 -0.212932 -0.294443 0.091446 -0.334171 -0.019526 -0.338824 0.339556 -0.242191 -0.353656 -0.444229 0.084886 -0.202213 0.330087 0.289114 0.629713 0.399748 0.657403 0.466268 1.000000 0.708330 -0.090013 -0.378698 0.406986 0.203054 -0.048323 0.119641 0.171784 0.132028 -0.186446 -0.470992 0.182938 -0.280532 -0.204224 -0.171323 0.280942 0.338609 0.445352 0.285364 0.284184 0.368573 0.107141 0.153283 0.455150 -0.014122 -0.128446 -0.218835 0.156298 -0.087112 -0.183401 -0.066138 -0.072114 -0.290323 -0.162489 -0.150753 -0.198268 -0.188779 0.221370 -0.325906 -0.005845 0.139141 0.032167 -0.069154 0.118933 -0.208674 -0.339199 -0.351959 -0.212630 -0.304726 -0.342939 -0.291803 -0.056335 0.017359 -0.177415 -0.039605 -0.028359 -0.302745 0.329257 0.018653 0.232857 0.263191 0.267498 0.111562 -0.244658 -0.085544 -0.219001 0.030042 -0.121377 -0.112144 0.040049 -0.117635 0.121208 -0.093572 -0.322743 -0.263798 -0.256426 -0.062155 -0.153062 -0.009905 -0.160710 -0.148935 0.024698 -0.017336 0.387403 0.267518 -0.170119 0.020636 -0.013789 -0.218507
0.153347 -0.323280 0.428942 0.210926 0.215388 0.461560 -0.173858 -0.419776 -0.358728 -0.373163 0.063473 -0.374215 -0.134203 -0.435937 0.139718 -0.439368 -0.442385 -0.526107 0.014158 -0.079122 0.278683 0.087180 0.737874 0.630537 0.792643 0.690280 0.708330 1.000000 -0.313335 -0.580129 0.470982 0.310139 -0.050317 0.130372 0.161477 0.143280 -0.354022 -0.475148 0.196637 -0.012257 -0.285979 -0.219809 0.092346 0.168248 0.193408 0.108568 0.257705 0.287416 0.139437 -0.171694 0.547661 0.026425 0.003742 -0.130734 0.168011 -0.154360 -0.040176 0.122828 -0.039731 -0.243596 -0.181971 -0.049942 -0.300569 -0.194694 0.241556 -0.329669 0.152048 0.268200 0.251789 0.226698 0.099160 -0.154099 -0.472558 -0.415371 -0.253481 -0.432030 -0.345482 -0.320277 -0.258771 -0.155841 -0.295415 -0.308522 -0.175663 -0.457596 0.379700 0.084712 0.270200 0.125880 0.207345 0.321435 -0.118330 0.111019 -0.168348 0.064769 0.157684 -0.218227 0.245789 0.109250 0.094808 -0.091658 -0.330671 -0.234608 -0.180718 -0.031185 -0.085061 0.068142 -0.168175 -0.230176 -0.081270 0.060677 0.537719 0.399830 -0.183139 0.135868 0.064441 -0.172691
0.210836 0.323671 -0.285879 -0.173458 0.079974 -0.339800 0.020779 -0.193737 0.262226 0.075345 0.102701 0.281312 -0.032341 -0.038440 0.023905 0.129477 0.403934 0.362428 0.190119 0.456168 0.061322 0.114019 -0.420699 -0.467207 -0.306181 -0.347595 -0.090013 -0.313335 1.000000 0.668392 -0.040147 -0.058907 0.352041 0.046483 -0.465531 -0.530725 0.388299 -0.049267 -0.016496 -0.208323 0.289998 0.276575 -0.045026 0.009848 -0.045432 -0.242622 0.197458 -0.182755 -0.332046 -0.033382 -0.388325 -0.150561 0.403198 0.340431 0.105293 0.167964 0.166377 0.117910 0.091227 0.076476 -0.114101 0.002665 0.297170 0.267945 -0.062302 -0.349457 -0.155906 -0.382207 0.066317 -0.053467 -0.034653 -0.151272 0.558895 0.163107 0.159335 0.055163 -0.019978 -0.115229 0.415936 0.343493 0.376960 0.454479 0.525323 0.480624 -0.275635 0.028162 0.008632 0.153273 -0.252612 -0.035159 0.025275 -0.048510 -0.289718 -0.147707 -0.216025 -0.003637 -0.297154 -0.222173 0.131707 0.104563 -0.044013 0.014020 -0.065951 -0.102883 -0.095313 -0.263348 0.084704 0.079256 0.180505 -0.224495 -0.390285 -0.221234 0.212503 -0.105894 -0.111204 -0.140260
0.082755 0.447953 -0.453098 -0.172859 -0.162957 -0.315818 -0.049970 0.207665 0.234627 0.424582 -0.130947 0.248663 -0.118071 0.120845 -0.193675 0.319524 0.407173 0.442685 0.054659 0.307947 0.028684 0.045548 -0.689745 -0.658401 -0.494925 -0.469426 -0.378698 -0.580129 0.668392 1.000000 -0.199820 -0.123715 0.308985 -0.023445 -0.452659 -0.469109 0.362506 0.298591 -0.206461 -0.019366 0.281925 0.387918 -0.174538 -0.147751 -0.156046 -0.356875 0.038243 -0.220350 -0.230036 0.112902 -0.497917 -0.075620 0.465528 0.400200 -0.078155 0.184340 0.113110 0.051183 0.251408 0.431603 0.101019 0.235836 0.450888 0.357569 -0.312978 0.009412 0.044143 -0.395804 -0.077101 -0.079192 -0.165287 -0.182597 0.619056 0.337747 0.151231 0.218879 0.111342 0.101902 0.268268 0.273674 0.319046 0.374540 0.275841 0.634199 -0.425237 -0.095596 -0.145325 -0.027831 -0.333232 -0.241380 0.150809 -0.111855 -0.178495 -0.238257 -0.139794 0.095073 -0.320891 -0.202232 0.088236 0.103829 0.195322 0.215717 0.256681 -0.009647 -0.031578 -0.166130 0.076953 0.073026 0.140684 -0.198828 -0.464186 -0.284188 0.272755 0.037403 -0.100492 0.003671
0.296003 -0.275457 0.482653 0.520568 0.352485 0.272891 -0.005889 -0.239169 -0.204480 -0.312881 0.008701 -0.443710 -0.464506 -0.612084 -0.054169 -0.502134 -0.392460 -0.533292 0.333971 0.098230 0.465698 0.044143 0.607329 0.152529 0.619710 0.426785 0.406986 0.470982 -0.040147 -0.199820 1.000000 0.710802 -0.245519 -0.098845 0.096557 0.143498 -0.098059 -0.100144 -0.133312 -0.151525 0.060074 -0.175685 0.077850 0.080205 0.186224 0.126640 -0.001955 0.135557 -0.219193 -0.150301 0.394334 -0.026292 0.012645 0.099910 -0.144261 -0.291355 0.031586 0.044557 -0.241572 -0.202669 -0.372853 -0.190947 -0.308291 -0.222012 0.310225 -0.431943 0.046303 0.333040 0.223847 0.119288 0.475564 0.377010 -0.082410 -0.010873 -0.009635 0.089054 0.156342 0.133944 -0.310103 -0.292538 -0.359208 -0.448082 -0.019708 -0.379246 0.356006 -0.089631 0.233476 -0.093972 -0.135667 0.109501 -0.200255 -0.102001 -0.034897 0.005414 0.292083 0.066069 0.097494 0.003545 0.039199 0.054591 -0.149247 -0.270199 -0.100044 -0.121737 -0.084616 -0.088777 -0.300399 -0.309310 0.284155 0.379978 0.283798 0.185478 0.090970 0.377383 0.263043 0.068533
-0.117833 -0.072873 0.155638 0.807114 0.026588 0.271879 0.025428 0.120419 -0.190937 -0.085638 -0.289102 -0.097584 -0.561485 -0.347136 -0.321325 -0.297591 -0.455036 -0.563118 -0.055777 0.093940 0.418347 0.114135 0.326361 0.307493 0.471646 0.539504 0.203054 0.310139 -0.058907 -0.123715 0.710802 1.000000 -0.111229 0.014917 0.036194 0.165446 -0.216851 0.045286 -0.321163 -0.072762 -0.008285 -0.234688 0.036893 0.100884 0.166806 0.310364 -0.184720 0.089734 -0.177832 0.090187 0.188708 0.249419 -0.113796 0.088468 -0.407343 -0.194489 -0.117122 -0.239274 -0.422441 -0.103068 -0.559125 -0.313994 -0.215808 -0.343941 0.156191 -0.125377 0.080104 0.482479 0.007494 -0.046459 0.377791 0.479251 -0.178255 0.042615 -0.006973 0.270282 0.068376 0.216421 -0.307068 -0.404749 -0.419355 -0.560709 0.009678 -0.188357 0.065156 0.091707 0.020938 -0.006325 -0.447292 0.022790 -0.199043 -0.240389 0.302930 -0.077918 0.239395 0.136264 -0.127610 -0.039987 -0.158427 -0.079585 0.114572 -0.199173 0.067869 -0.156747 -0.040954 0.047964 -0.163050 -0.152854 0.352410 0.332707 0.131405 0.028905 -0.121584 0.281000 0.210747 0.244047
-0.260125 0.184921 -0.491609 -0.135872 -0.286109 -0.060868 0.008008 0.034612 0.046943 0.141877 -0.417584 0.198871 -0.045626 0.041946 -0.328259 0.118266 0.365860 0.135042 -0.104800 0.167794 0.045891 0.158285 -0.424810 -0.223009 -0.127620 -0.043348 -0.048323 -0.050317 0.352041 0.308985 -0.245519 -0.111229 1.000000 0.516144 -0.384837 -0.317908 0.188499 -0.014663 0.221076 0.055203 0.150693 0.292898 0.101405 0.082519 0.013824 -0.173295 0.140746 -0.050276 0.048458 0.088651 -0.289710 -0.115723 0.115365 -0.114065 0.114532 0.141193 0.133065 0.097036 0.201077 0.148176 0.136209 0.088468 0.481466 0.127125 -0.260335 -0.057926 0.204001 -0.219742 -0.022504 -0.068532 -0.329490 -0.476859 0.374902 0.152097 0.312529 -0.138424 -0.187474 -0.189895 0.266427 0.266639 0.362133 0.217456 0.089824 0.165115 -0.301606 0.110656 -0.043438 -0.015746 -0.127651 -0.065108 0.163244 -0.030249 -0.214129 -0.352038 -0.132838 -0.197214 -0.125707 -0.178406 0.090053 0.019398 0.096458 0.198257 0.081357 0.109607 -0.075937 0.075411 0.148910 0.020512 0.069647 -0.337647 -0.251734 -0.129507 -0.049069 -0.257567 -0.099774 -0.177213
-0.340855 -0.106869 -0.083792 -0.012956 -0.329305 -0.072422 0.143887 0.145003 0.017012 -0.086245 -0.112962 0.071168 0.201152 0.029811 -0.033957 0.096950 0.066537 -0.142502 -0.032176 -0.047798 0.015815 0.208194 -0.003379 0.032317 0.017215 0.062477 0.119641 0.130372 0.046483 -0.023445 -0.098845 0.014917 0.516144 1.000000 -0.096843 0.116523 0.131517 -0.215844 0.109806 -0.156507 0.073291 0.035418 0.100387 0.113908 0.145549 0.012389 0.183167 0.172588 0.092082 0.037113 0.018198 -0.212608 -0.103637 -0.213474 0.013189 -0.082885 -0.145612 -0.094858 0.071099 -0.153499 0.126218 0.002788 0.170971 0.023865 -0.212339 -0.010097 0.048807 -0.068412 -0.119081 -0.091668 -0.094438 -0.250569 0.112866 -0.115590 0.138710 -0.172952 -0.122028 -0.011798 0.063433 0.118197 0.086777 0.124901 -0.061214 0.089657 -0.299486 0.095082 -0.221967 0.054979 -0.105152 -0.145712 0.057633 -0.156249 -0.138517 -0.107675 -0.216193 -0.223993 0.024694 -0.035785 0.104138 -0.067649 -0.002153 0.013067 -0.080670 -0.007974 -0.266306 -0.228990 0.094095 -0.268163 -0.026776 -0.208417 0.141855 0.197849 -0.153781 -0.139476 -0.167780 -0.407634
-0.118683 -0.382773 0.280820 0.153986 -0.087665 0.131796 0.114876 0.134210 -0.219720 -0.257343 0.200032 -0.281166 0.142258 -0.179232 0.309862 -0.102389 -0.335234 -0.306097 -0.073082 -0.430312 -0.149594 -0.307807 0.417836 0.228288 0.213691 0.187900 0.171784 0.161477 -0.465531 -0.452659 0.096557 0.036194 -0.384837 -0.096843 1.000000 0.823131 -0.180363 -0.012679 0.159049 0.205322 -0.049008 -0.335728 0.071631 0.127738 0.205786 0.586283 -0.160685 0.133897 0.383896 0.107493 0.349688 0.174691 -0.453050 -0.366893 0.121738 -0.082200 -0.372971 -0.345049 -0.252524 -0.297608 -0.050912 -0.401423 -0.532113 -0.602825 0.201389 0.330545 0.014431 0.561707 -0.224853 -0.285926 -0.045663 0.097842 -0.378006 -0.380366 -0.276910 -0.057292 0.128263 0.339490 -0.250451 -0.213405 -0.434719 -0.261443 -0.199384 -0.283001 0.223083 0.009639 0.027058 -0.059231 0.362842 -0.173746 -0.202192 -0.269687 0.126292 0.110953 0.198185 0.272357 0.335717 0.295549 -0.164341 -0.153565 0.098303 -0.062174 0.029519 -0.025761 0.177679 0.044169 0.042427 -0.078669 -0.033112 0.198967 0.353731 0.141803 -0.106842 0.143598 0.113773 0.113035
-0.274036 -0.393774 0.213283 0.256858 -0.195880 0.198257 0.084441 0.251898 -0.226349 -0.241471 0.064499 -0.284195 0.142035 -0.156389 0.213021 -0.021865 -0.337896 -0.370058 -0.131928 -0.460179 0.008707 -0.123584 0.401148 0.265431 0.195648 0.272325 0.132028 0.143280 -0.530725 -0.469109 0.143498 0.165446 -0.317908 0.116523 0.823131 1.000000 -0.103713 0.046695 0.067993 0.150393 -0.061116 -0.283970 0.083652 0.123229 0.187978 0.645611 -0.162336 0.160919 0.423620 0.104437 0.385373 0.234663 -0.476979 -0.401648 0.014868 -0.199460 -0.389672 -0.363006 -0.230169 -0.362820 -0.057472 -0.450531 -0.543741 -0.612080 0.088625 0.413185 -0.027239 0.601051 -0.288579 -0.315604 0.089574 0.189698 -0.346511 -0.293785 -0.179450 0.007667 0.161026 0.394112 -0.261511 -0.236403 -0.447782 -0.326580 -0.341308 -0.293321 0.087445 -0.021622 -0.143961 -0.133514 0.226417 -0.324100 -0.086223 -0.276283 0.285575 0.112465 0.186023 0.212350 0.306460 0.220506 -0.147476 -0.128908 0.144701 -0.040880 0.042362 -0.013405 0.109835 0.006921 -0.052545 -0.230223 -0.011754 0.203108 0.367685 0.165011 -0.134402 0.094716 0.139295 0.018463
