1.000000 0.249954 -0.122952 -0.110329 -0.137986 -0.180644 0.102341 -0.141853 -0.146371 -0.129790 0.424817 0.005501 -0.103834 -0.128483 0.143786 0.043511 0.260053 0.269629 0.545961 0.125949 -0.082023 -0.149964 0.067025 -0.259484 -0.283303 -0.410799 0.036936 -0.035272 0.145759 0.009698 -0.039224 -0.125307 0.135803 -0.213603 -0.245086 -0.370926 -0.094537 0.012155 -0.115061 -0.316720 -0.212758 -0.138898 -0.022687 -0.069904 -0.346137 -0.409120 -0.093961 -0.225845 -0.071539 -0.135718 0.216624 0.203788 0.407338 0.412349 -0.042882 -0.197806 0.631291 0.194845 0.246368 -0.104072 0.289091 0.236374 0.228087 0.315849 0.194704 -0.118360 -0.092655 -0.600489 0.081937 -0.192402 0.045256 -0.194982 0.045311 0.077395 0.175552 0.012544 0.151729 -0.048795 0.012475 0.042196 -0.007317 0.004379 0.248690 0.005636 0.199146 -0.071643 -0.099947 -0.195409 0.050256 0.084989 -0.013298 -0.016673 -0.094170 -0.051277 -0.153764 -0.113273 -0.364418 -0.241868 -0.138533 0.153875 -0.046561 -0.014205 -0.185586 -0.028658 -0.229106 -0.130389 0.053838 -0.187696 -0.088023 0.008357 -0.325265 -0.000915 0.099803 0.060533 -0.081187 -0.131107
0.249954 1.000000 -0.501040 -0.188461 -0.366266 -0.418750 -0.096652 -0.075689 -0.359667 -0.234278 -0.130276 0.266295 0.024962 0.184086 -0.302522 0.111390 0.219597 0.480305 0.330811 0.216841 0.041094 -0.157038 -0.446832 -0.537345 -0.413182 -0.453829 -0.280125 -0.383899 0.370087 0.422470 0.063120 -0.043634 0.064511 -0.185768 -0.511365 -0.601031 0.110059 0.190515 -0.160297 0.055039 0.125256 0.239688 -0.301012 -0.276004 -0.300516 -0.462864 -0.073781 -0.365994 -0.168528 -0.137108 -0.030319 0.202539 0.452174 0.302305 0.047042 0.030474 0.264419 0.361485 0.124394 0.360537 0.325871 0.589836 0.343676 0.426643 -0.076308 0.046871 -0.195135 -0.556963 0.149478 0.001430 0.187856 0.117398 0.411928 0.453061 0.209341 0.315685 0.107361 0.188162 -0.077905 0.016969 0.148335 0.087511 0.143213 0.408467 -0.184921 0.025772 0.187451 -0.064729 -0.176704 0.335089 -0.049533 -0.216946 -0.304636 -0.238798 -0.179945 0.035579 -0.115115 0.125417 0.053625 0.000641 0.280169 0.130372 0.246211 0.041792 0.001027 0.047900 -0.094257 0.156887 -0.039860 -0.203938 -0.350417 -0.017980 0.215439 -0.187447 -0.161841 -0.208074
-0.122952 -0.501040 1.000000 0.280259 0.443022 0.516948 0.312891 0.143271 0.390256 0.068430 0.102341 -0.243955 0.199995 -0.233728 0.283375 -0.198256 -0.268237 -0.427863 -0.040992 -0.033778 0.219005 0.291420 0.608648 0.494233 0.610651 0.477998 0.458174 0.568764 -0.407055 -0.458571 0.033018 -0.041160 0.067161 0.033609 0.414112 0.406926 -0.050851 -0.363262 0.085072 0.010333 -0.041885 -0.054536 0.153849 -0.168039 -0.128836 0.056366 -0.261815 -0.002566 0.072847 -0.314216 0.069245 -0.407703 -0.276342 -0.261829 -0.012880 -0.352216 -0.354109 -0.327547 0.147112 -0.236399 -0.051880 -0.406497 -0.108932 -0.239116 0.266253 -0.024264 0.181586 0.334490 0.005415 0.027857 -0.110026 0.043667 -0.508602 -0.248408 -0.144989 -0.222365 -0.133958 -0.100726 -0.213909 0.110151 -0.269030 -0.129227 -0.299297 -0.408810 0.089654 -0.063598 -0.177175 0.044209 0.409166 -0.185928 -0.070810 0.108120 0.000829 0.098481 0.361624 -0.186406 0.144820 -0.210455 -0.115252 -0.233078 -0.298659 -0.257276 -0.213900 0.021903 0.114300 0.034506 0.050702 -0.292945 -0.125270 0.089536 0.350534 -0.008175 -0.265783 0.124309 0.296100 0.054569
-0.110329 -0.188461 0.280259 1.000000 0.196895 0.397486 0.299356 0.734811 0.221819 0.405915 0.245833 0.248388 0.028341 0.038168 0.369605 0.407034 -0.380526 -0.495993 0.105304 0.121848 0.182481 0.205399 0.412901 0.707887 0.184905 0.378595 0.255543 0.321951 -0.236294 -0.372806 0.436994 0.562262 0.048141 0.124649 0.270009 0.134887 -0.105061 -0.199321 -0.103526 0.100023 0.011125 0.009773 -0.002464 -0.096886 -0.149593 0.025668 -0.196779 -0.099518 -0.236049 -0.224057 -0.159275 -0.290711 -0.139436 -0.093393 -0.457261 -0.256695 -0.382890 -0.564314 -0.464997 -0.374271 -0.273552 -0.392335 -0.205818 -0.507195 0.529300 0.200352 -0.034993 0.046043 -0.001835 0.102619 -0.004301 0.427729 -0.338449 0.048592 -0.085600 0.105524 -0.057083 0.091618 -0.483682 -0.168077 -0.432686 -0.593337 0.096507 0.040895 0.112056 0.390702 -0.083946 0.363074 0.223503 0.020425 -0.300480 -0.192380 0.293429 -0.187138 0.268179 -0.249963 -0.004271 -0.132324 -0.376129 -0.438757 -0.408907 -0.393897 -0.494183 -0.318732 -0.172655 -0.149394 -0.172810 -0.150217 -0.208592 -0.262601 -0.069746 -0.336196 -0.462445 0.052452 0.114249 -0.088993
-0.137986 -0.366266 0.443022 0.196895 1.000000 0.601597 0.034129 0.044191 0.923295 -0.064613 -0.081974 -0.283382 -0.049384 -0.293015 0.640924 -0.142554 -0.299172 -0.485496 -0.030076 0.348769 0.442792 0.427167 0.265345 0.436991 0.578152 0.445532 0.846467 0.674762 -0.273788 -0.253687 -0.126430 0.039372 -0.148724 0.214400 0.273293 0.439019 -0.106890 -0.323709 -0.021538 0.162023 -0.011632 0.077033 0.047500 -0.216713 -0.072603 0.032483 -0.100467 0.069237 -0.048017 -0.328381 -0.033137 -0.282968 -0.159071 -0.170935 -0.055758 -0.241282 -0.137143 -0.060440 -0.053467 -0.174680 -0.307271 -0.507452 -0.255549 -0.199216 -0.155374 -0.329004 -0.017819 0.336294 0.299888 0.302004 0.038057 0.196863 -0.410181 -0.202510 -0.215846 -0.285890 -0.180210 -0.180365 -0.032725 -0.076850 0.062926 -0.103851 -0.167513 -0.079796 -0.059127 -0.039302 -0.418440 0.061996 -0.016324 -0.113121 0.118498 0.271560 0.015095 0.188728 0.265082 -0.074390 0.185952 -0.055346 -0.039598 -0.051842 -0.187423 -0.005892 -0.204232 0.143942 -0.038853 0.051817 0.214227 -0.283535 0.088473 0.066574 0.238163 0.174768 -0.170153 0.003853 0.015421 -0.157123
-0.180644 -0.418750 0.516948 0.397486 0.601597 1.000000 -0.052097 0.191531 0.517149 0.455512 0.002695 -0.204908 -0.168053 -0.271324 0.416989 -0.010546 -0.448997 -0.741235 -0.177701 0.081435 0.287172 0.450676 0.393211 0.615360 0.500599 0.609548 0.700361 0.784287 -0.640093 -0.616921 -0.184631 -0.042725 0.009125 -0.065595 0.416993 0.476817 -0.229068 -0.312755 0.169846 0.176940 -0.164921 -0.101069 0.359363 -0.025547 0.018663 0.038802 0.139466 0.193918 0.062307 -0.359328 0.238812 -0.277582 -0.239780 -0.055228 0.156387 -0.075207 -0.161630 -0.191119 -0.124225 -0.391964 -0.373711 -0.534654 -0.349185 -0.405382 0.049524 0.027089 0.102326 0.333985 0.419741 0.401242 -0.010152 0.061618 -0.705769 -0.134681 -0.040326 -0.233347 -0.051822 -0.088168 -0.165677 -0.048410 -0.060585 -0.326764 -0.186422 -0.488454 0.182879 0.081446 -0.313276 0.190186 0.233625 -0.163082 0.065893 0.184238 0.119702 0.014563 0.198636 -0.052505 0.281511 -0.023146 0.137382 0.008325 -0.425386 -0.294522 -0.378366 -0.027938 0.003814 -0.065381 -0.015732 -0.253712 0.134875 -0.044770 0.352022 0.142069 -0.381198 0.003805 0.009891 -0.152052
0.102341 -0.096652 0.312891 0.299356 0.034129 -0.052097 1.000000 0.468869 0.085098 0.181590 0.282783 0.178591 0.295236 0.141111 0.191879 0.227115 -0.058511 0.002449 0.130871 0.051576 -0.089560 -0.183318 0.128311 0.065439 -0.092069 -0.130441 -0.074334 -0.158208 0.090352 0.069032 0.302896 0.157251 -0.074824 0.058586 -0.002692 -0.135726 -0.047703 -0.335548 -0.172162 -0.183748 0.150171 -0.041138 -0.216893 -0.106811 -0.087000 -0.017216 -0.472197 -0.350692 0.077787 -0.032725 0.203266 -0.001421 0.110897 0.030688 -0.337019 -0.363231 -0.127511 -0.258238 0.146005 -0.089996 0.002923 -0.071476 -0.144064 -0.179477 0.415525 -0.086589 0.045008 -0.031534 -0.260647 -0.168286 -0.124375 -0.084560 -0.018725 -0.177257 -0.215503 -0.138812 -0.295481 -0.336639 -0.203210 0.102637 -0.468549 -0.118533 0.103344 0.252904 -0.043086 0.057458 0.148842 -0.063584 0.118394 -0.096503 -0.260426 -0.259830 0.185148 0.016376 0.412629 -0.327816 -0.412163 -0.278406 -0.482251 -0.378677 0.054836 -0.147696 -0.127940 -0.220342 0.113379 0.053562 0.274659 -0.058314 -0.409966 -0.108122 -0.423356 -0.516211 -0.111405 0.024856 0.178925 -0.035678
-0.141853 -0.075689 0.143271 0.734811 0.044191 0.191531 0.468869 1.000000 0.070828 0.548695 0.130531 0.412317 0.247193 0.337971 0.192220 0.369026 -0.416109 -0.352049 -0.056240 -0.022679 -0.046347 -0.056509 0.031572 0.411157 -0.072621 0.118054 -0.021594 -0.056697 -0.213015 -0.270278 0.293859 0.481702 0.068610 0.145876 0.168340 0.074412 -0.199472 -0.269550 -0.252787 0.044689 0.015856 -0.079745 -0.083294 0.031420 0.054931 0.188422 -0.207528 -0.073786 -0.081451 0.053865 -0.015907 -0.065886 -0.018665 -0.029289 -0.469119 -0.207742 -0.411464 -0.543310 -0.246235 -0.191497 -0.114822 -0.090763 -0.223663 -0.450309 0.353602 0.406380 -0.098666 -0.005056 -0.241098 -0.018380 -0.173277 0.249215 -0.310470 -0.023266 -0.162787 0.084588 -0.276958 -0.051009 -0.552400 -0.246471 -0.551159 -0.564844 -0.068605 0.067456 -0.077256 0.136238 -0.004324 0.081388 0.084803 -0.036654 -0.217344 -0.287845 0.418677 -0.135339 0.260913 -0.350413 -0.208575 -0.199724 -0.358604 -0.409224 -0.166521 -0.348380 -0.362344 -0.367504 -0.138053 -0.104946 0.026095 -0.051264 -0.276465 -0.380664 -0.282873 -0.452907 -0.315875 0.051494 0.133713 -0.044841
-0.146371 -0.359667 0.390256 0.221819 0.923295 0.517149 0.085098 0.070828 1.000000 -0.092137 -0.106718 -0.247607 -0.026742 -0.265332 0.707278 -0.085440 -0.209647 -0.441404 -0.015456 0.280342 0.314672 0.394952 0.270273 0.455990 0.548633 0.428111 0.735733 0.648336 -0.257478 -0.157171 -0.141334 0.124562 -0.119646 0.280497 0.209058 0.375011 -0.092329 -0.285571 -0.063492 0.116944 -0.028489 0.051116 0.047681 -0.229551 -0.087686 -0.015113 -0.141896 0.012304 -0.091742 -0.369537 -0.024869 -0.363431 -0.156137 -0.161816 -0.198531 -0.331665 -0.146339 -0.099270 -0.112652 -0.214642 -0.282531 -0.501432 -0.197775 -0.126198 -0.073920 -0.424495 -0.073475 0.269129 0.205566 0.234195 0.035353 0.231050 -0.348121 -0.199588 -0.248359 -0.279096 -0.142274 -0.140129 0.042235 -0.045563 0.063319 -0.047365 -0.124414 0.024922 0.018090 0.046167 -0.457449 0.045047 -0.009491 -0.122227 0.133760 0.276756 0.086742 0.285035 0.275732 -0.176202 0.092537 -0.135095 -0.120157 -0.124141 -0.193883 0.000949 -0.214124 0.142205 -0.030392 0.091022 0.269749 -0.254239 -0.032120 0.043164 0.154936 0.102956 -0.185048 0.027926 0.063093 -0.138131
-0.129790 -0.234278 0.068430 0.405915 -0.064613 0.455512 0.181590 0.548695 -0.092137 1.000000 0.139159 0.333991 0.107056 0.352142 0.121060 0.495096 -0.340755 -0.320185 -0.244640 -0.176117 -0.096089 0.071662 0.059698 0.371912 -0.018538 0.162594 -0.052763 0.007226 -0.309941 -0.382500 0.042057 0.178930 -0.049856 -0.093309 0.135920 0.091169 -0.272410 -0.234401 -0.006261 -0.029823 -0.178492 -0.071374 0.272923 0.247360 0.190341 0.102998 0.132545 0.211643 0.124118 0.101968 0.227744 0.024520 -0.097559 0.053019 -0.033554 0.067060 -0.196569 -0.410848 -0.240611 -0.342213 -0.142374 -0.103754 -0.309471 -0.505807 0.214489 0.515861 -0.144985 0.065930 -0.097730 0.091093 -0.136184 -0.060482 -0.394218 -0.000070 0.089383 0.048864 -0.131956 -0.122117 -0.282180 -0.261505 -0.359773 -0.513258 -0.104364 -0.273560 0.117393 0.092161 0.148574 0.105023 0.260295 -0.154304 0.061093 -0.142687 0.355846 -0.149264 0.013631 -0.123259 -0.084531 -0.100169 -0.069457 -0.144823 -0.226493 -0.366062 -0.343051 -0.411041 0.001251 -0.197801 0.004915 0.033294 0.052980 -0.281064 -0.111849 -0.346960 -0.359578 -0.068244 -0.087962 -0.215759
0.424817 -0.130276 0.102341 0.245833 -0.081974 0.002695 0.282783 0.130531 -0.106718 0.139159 1.000000 0.383690 0.252558 0.152318 0.389998 0.333846 -0.038614 -0.059717 0.021810 -0.086454 0.051210 -0.030478 0.307634 0.097904 -0.083977 -0.093932 0.016267 -0.013848 0.059744 -0.119551 0.223698 0.021095 -0.068749 -0.082864 0.160618 0.063788 -0.022788 -0.021862 0.142819 -0.047980 -0.159114 -0.006030 0.138498 0.157053 -0.027015 0.030629 0.007139 0.089275 -0.176038 0.020176 0.159300 -0.028027 -0.257528 0.126915 -0.224838 -0.063382 -0.074517 -0.319815 -0.170364 -0.390016 -0.168758 -0.110907 -0.320804 -0.292929 0.480408 0.121864 -0.346157 -0.234171 -0.194725 -0.095219 0.021881 0.060063 -0.071882 0.022594 0.075993 0.093640 0.138644 0.009578 -0.083735 0.055792 -0.170708 -0.228815 0.329399 0.023585 0.536219 0.195394 0.201776 0.385338 0.215483 -0.225677 -0.230846 -0.231864 0.047691 -0.276297 0.054313 -0.180840 -0.086374 -0.164451 -0.257115 -0.117327 -0.132900 -0.319628 -0.393770 -0.424794 -0.168996 -0.270828 -0.270879 0.050018 0.018309 -0.088184 -0.116276 -0.115658 -0.141093 0.173701 0.013836 0.033469
0.005501 0.266295 -0.243955 0.248388 -0.283382 -0.204908 0.178591 0.412317 -0.247607 0.333991 0.383690 1.000000 0.332315 0.717942 -0.041789 0.560496 -0.177871 0.154058 -0.123098 -0.338823 -0.161943 -0.214080 -0.260646 -0.078901 -0.415410 -0.291177 -0.403867 -0.405444 0.112954 0.055813 0.217771 0.299594 -0.064321 0.090045 -0.123256 -0.117218 -0.082241 0.001269 -0.027687 0.043131 -0.248737 0.119670 0.242671 0.300915 0.199150 0.099180 0.194602 0.209347 -0.011968 0.233297 -0.034543 0.103453 -0.117009 0.107200 -0.243173 0.143769 -0.134787 -0.349971 -0.187489 -0.192203 0.060468 0.330513 -0.306085 -0.227562 0.238958 0.580027 -0.408704 -0.300707 -0.483696 -0.297639 -0.155274 0.211097 0.076978 0.119828 -0.041394 0.243926 -0.033241 0.166265 -0.272934 -0.363720 -0.307750 -0.515812 -0.015612 0.050300 0.014862 0.153426 0.422594 0.240883 -0.030927 -0.197662 -0.172982 -0.458367 0.015332 -0.350229 -0.174640 -0.211545 -0.111002 -0.033587 -0.096426 -0.127929 0.033962 -0.355060 -0.195860 -0.384447 -0.014930 -0.016436 -0.265123 0.223809 0.041946 -0.396935 -0.349195 -0.286826 -0.036341 0.100416 0.103533 -0.024732
-0.103834 0.024962 0.199995 0.028341 -0.049384 -0.168053 0.295236 0.247193 -0.026742 0.107056 0.252558 0.332315 1.000000 0.647683 0.263338 0.480928 0.205294 0.216924 0.011062 -0.150289 0.044842 0.177047 -0.100864 -0.032078 -0.020978 -0.080925 -0.173379 -0.165443 0.155406 -0.034632 0.012622 0.014448 0.106842 0.143393 -0.234860 -0.045913 0.145575 -0.094918 0.123962 0.191929 -0.010079 0.113480 -0.052635 -0.123136 -0.172693 -0.162426 -0.272424 -0.119419 -0.046437 -0.055834 -0.248308 -0.148972 -0.054780 -0.167146 -0.122483 -0.179600 -0.360927 -0.275734 0.104182 0.076160 0.523607 0.278844 0.104014 -0.031595 0.127792 0.255929 -0.206126 -0.147630 -0.405185 -0.184840 0.104548 0.170123 0.002336 0.060689 -0.041022 0.032949 -0.211447 -0.140566 -0.086236 -0.074692 -0.293446 -0.035200 -0.163403 0.067099 -0.163653 -0.238292 0.138610 0.023998 0.264173 -0.067867 -0.172687 -0.270772 -0.045025 -0.212317 0.223445 -0.199239 -0.042654 -0.195190 -0.372801 -0.364024 -0.064759 -0.182416 -0.175826 -0.171224 0.152951 -0.003668 0.076052 0.139443 -0.000993 -0.041034 -0.219222 -0.295575 -0.156635 -0.101934 0.059038 0.031895
-0.128483 0.184086 -0.233728 0.038168 -0.293015 -0.271324 0.141111 0.337971 -0.265332 0.352142 0.152318 0.717942 0.647683 1.000000 0.024795 0.677082 -0.019468 0.301214 -0.109364 -0.264500 -0.139417 -0.126843 -0.311166 -0.141480 -0.395202 -0.317784 -0.426069 -0.423278 0.141438 -0.026513 0.014065 0.074023 0.002752 0.061743 -0.305899 -0.183112 0.017859 0.009111 0.113506 0.190602 -0.176063 0.106451 0.064620 0.181732 0.067818 -0.064877 0.032769 0.133794 0.054639 0.266692 -0.247193 0.143172 -0.006109 -0.107513 -0.138197 0.135211 -0.226820 -0.297779 -0.082053 0.057669 0.331145 0.535292 -0.055843 -0.117611 0.075704 0.621205 -0.314822 -0.297701 -0.482260 -0.284972 -0.076660 0.091039 0.067817 0.062875 -0.058439 0.147026 -0.163970 0.007294 -0.171895 -0.363395 -0.267693 -0.360007 -0.032472 0.040267 -0.088406 -0.176397 0.416346 0.092169 0.188077 -0.045848 -0.132674 -0.391657 0.022712 -0.271342 -0.082762 -0.077792 -0.025281 0.036799 -0.191827 -0.232293 0.013692 -0.211435 -0.096866 -0.289150 0.027625 -0.046430 -0.048256 0.341208 0.131735 -0.200463 -0.363687 -0.276826 -0.028191 0.009266 0.017915 0.025792
0.143786 -0.302522 0.283375 0.369605 0.640924 0.416989 0.191879 0.192220 0.707278 0.121060 0.389998 -0.041789 0.263338 0.024795 1.000000 0.391457 -0.183238 -0.393643 0.083036 0.272371 0.376733 0.442654 0.432962 0.489808 0.382340 0.307302 0.627857 0.569078 -0.133312 -0.261708 0.045109 0.150672 -0.150135 0.099003 0.085077 0.166092 -0.014523 -0.293780 0.179641 0.198168 -0.079076 0.031237 -0.052483 -0.264528 -0.330652 -0.268150 -0.248839 -0.113831 -0.253738 -0.371012 -0.037485 -0.296618 -0.098211 -0.093677 -0.269821 -0.310511 -0.128814 -0.200454 -0.288778 -0.313857 -0.166713 -0.356549 -0.244017 -0.246996 0.197065 -0.241791 -0.348144 -0.107023 0.127978 0.227365 0.103824 0.220528 -0.327293 -0.136263 -0.171720 -0.253432 -0.154591 -0.252478 -0.021741 -0.011773 -0.050783 -0.187512 0.278845 0.129282 0.363727 0.096052 -0.197930 0.293248 0.312170 0.013734 -0.031001 0.124828 0.109435 0.080132 0.279481 -0.202431 -0.017259 -0.221202 -0.376068 -0.246324 -0.362234 -0.185520 -0.476132 -0.158330 -0.138401 -0.065337 0.121690 -0.126488 0.078587 -0.017393 -0.078907 -0.067659 -0.284034 -0.059398 -0.026396 -0.121691
0.043511 0.111390 -0.198256 0.407034 -0.142554 -0.010546 0.227115 0.369026 -0.085440 0.495096 0.333846 0.560496 0.480928 0.677082 0.391457 1.000000 -0.021224 0.059790 0.042066 -0.033090 0.150334 0.221597 -0.033712 0.165714 -0.180525 -0.081283 -0.116670 -0.113141 0.184547 -0.022881 0.246754 0.286596 -0.152003 -0.018269 -0.265426 -0.228368 0.109454 -0.034491 0.143076 0.159049 -0.049939 0.255831 0.033378 -0.005866 -0.176990 -0.282886 -0.099187 -0.077008 -0.055178 -0.032493 -0.117076 0.054400 0.061538 0.090057 -0.251312 -0.016433 -0.109629 -0.284315 -0.371520 -0.227607 0.132366 0.193139 -0.120799 -0.268838 0.316804 0.315711 -0.458694 -0.377018 -0.233320 -0.124387 0.067897 0.196089 0.066115 0.221503 0.140653 0.184560 -0.050545 -0.069661 -0.128431 -0.233097 -0.256484 -0.373036 0.200628 0.289547 0.066821 0.133713 0.296425 0.307378 0.278550 0.062411 -0.213902 -0.421022 0.107403 -0.335834 0.032047 -0.129924 -0.083548 -0.068788 -0.391704 -0.367386 -0.203898 -0.339111 -0.401392 -0.517965 -0.096947 -0.198029 -0.099651 0.162478 0.105302 -0.292873 -0.379377 -0.411358 -0.314302 -0.206579 -0.149826 -0.148423
0.260053 0.219597 -0.268237 -0.380526 -0.299172 -0.448997 -0.058511 -0.416109 -0.209647 -0.340755 -0.038614 -0.177871 0.205294 -0.019468 -0.183238 -0.021224 1.000000 0.652846 0.416249 0.076387 -0.206016 -0.177170 -0.259003 -0.414325 -0.250547 -0.361779 -0.314119 -0.321725 0.580299 0.499603 -0.134393 -0.163216 0.303539 0.100742 -0.444901 -0.327084 0.173618 0.295215 -0.058874 -0.160977 0.140163 0.062124 -0.302935 -0.227992 -0.232783 -0.292292 -0.242135 -0.389911 -0.058796 -0.144396 -0.058364 0.036477 0.368363 0.200055 0.048821 -0.172302 0.368775 0.293383 0.201500 0.063152 0.505492 0.214481 0.653619 0.477126 -0.136416 -0.296366 0.109351 -0.208720 -0.034730 -0.147028 0.232903 -0.054800 0.614640 0.290406 0.280472 0.235942 0.258248 0.133790 0.463202 0.287524 0.316906 0.557291 0.021937 0.300860 -0.236935 -0.076425 -0.152800 -0.363246 -0.253327 -0.042708 -0.114355 -0.033901 -0.140376 0.055076 -0.125597 0.053637 -0.249716 -0.081052 -0.185880 -0.030194 0.126760 0.339168 0.131013 0.071238 0.100774 -0.030039 0.144774 0.075078 -0.130043 0.186555 -0.203344 -0.117740 0.054820 -0.119214 -0.148029 0.002326
0.269629 0.480305 -0.427863 -0.495993 -0.485496 -0.741235 0.002449 -0.352049 -0.441404 -0.320185 -0.059717 0.154058 0.216924 0.301214 -0.393643 0.059790 0.652846 1.000000 0.262002 -0.022376 -0.277956 -0.377085 -0.468346 -0.665368 -0.577258 -0.698839 -0.519392 -0.602703 0.574899 0.623789 -0.079242 -0.181656 0.146686 -0.018657 -0.606801 -0.594160 0.279827 0.330819 -0.107835 -0.066926 0.224624 0.103656 -0.309905 -0.139718 -0.151966 -0.328753 -0.109703 -0.272418 -0.013149 0.121972 -0.106817 0.262608 0.399465 0.254310 0.068692 0.065832 0.392056 0.345011 0.304903 0.336770 0.548348 0.626129 0.477827 0.546121 -0.068293 -0.050924 -0.036415 -0.438422 -0.249949 -0.343897 0.045054 -0.118639 0.605380 0.223487 0.088070 0.281164 0.129875 0.120281 0.266999 0.142370 0.195841 0.433191 0.052871 0.358715 -0.261136 -0.287739 0.179243 -0.338272 -0.140606 0.142717 -0.048380 -0.181951 -0.262330 -0.078699 -0.174803 0.196356 -0.181670 0.136346 -0.067398 0.008321 0.345900 0.292257 0.382068 0.061906 0.132294 -0.022718 0.153855 0.187614 -0.067034 0.125242 -0.381853 -0.157862 0.315773 -0.055641 -0.026318 0.211925
0.545961 0.330811 -0.040992 0.105304 -0.030076 -0.177701 0.130871 -0.056240 -0.015456 -0.244640 0.021810 -0.123098 0.011062 -0.109364 0.083036 0.042066 0.416249 0.262002 1.000000 0.414390 0.086140 -0.061966 -0.064670 -0.169289 -0.235778 -0.353198 0.065937 0.046935 0.325786 0.139668 0.044181 0.013112 0.297208 -0.034732 -0.376479 -0.536642 0.042144 0.063172 -0.225309 -0.127346 0.079463 -0.030915 -0.250303 -0.397612 -0.462476 -0.567027 -0.266637 -0.453046 -0.206340 -0.316117 -0.230519 -0.107758 0.304982 -0.008337 -0.089068 -0.244473 0.308447 0.045024 0.268714 0.097914 0.418848 0.145847 0.541978 0.321708 0.154095 -0.142003 0.252061 -0.399024 0.196046 -0.029596 0.281825 0.113952 0.243127 0.234310 0.205463 0.081212 0.132241 0.074643 0.001784 0.138772 0.053193 0.134120 0.256537 0.225717 -0.149748 0.048503 -0.243228 -0.282205 0.107437 0.273340 -0.109353 0.047612 -0.312836 -0.135148 -0.101822 -0.020873 -0.266336 -0.220756 -0.158502 -0.095776 -0.226334 -0.023766 -0.096691 0.093060 -0.167482 -0.106908 0.051536 -0.139016 -0.210403 -0.035258 -0.425182 -0.185941 -0.239312 -0.186191 -0.266763 -0.236424
0.125949 0.216841 -0.033778 0.121848 0.348769 0.081435 0.051576 -0.022679 0.280342 -0.176117 -0.086454 -0.338823 -0.150289 -0.264500 0.272371 -0.033090 0.076387 -0.022376 0.414390 1.000000 0.441918 0.149138 0.095604 0.214519 0.108078 0.026362 0.358501 0.177192 0.204544 0.139036 0.098711 0.044071 -0.072053 0.152226 -0.092251 -0.235742 -0.006234 -0.182127 -0.105465 0.043755 0.193096 0.119886 -0.554179 -0.655677 -0.477238 -0.442922 -0.424440 -0.390341 -0.457366 -0.405635 -0.217613 -0.198793 0.199695 0.006768 -0.096054 -0.340556 0.032968 0.254093 -0.085665 0.135612 -0.117197 -0.116895 0.187973 0.023649 0.059702 -0.386664 -0.095032 -0.003390 0.596202 0.616442 0.266199 0.181989 0.100820 0.198799 0.112264 0.054038 -0.010855 0.022521 -0.039844 0.115781 0.372608 0.160606 0.355157 0.449757 0.030155 -0.133850 -0.154977 -0.034364 0.085109 0.273234 0.152403 0.335340 -0.149893 0.000905 0.016813 0.120518 -0.114584 -0.028019 -0.231723 -0.126266 -0.169829 0.153299 -0.083922 0.090520 -0.145370 -0.134187 0.113200 -0.105327 -0.083003 0.156557 -0.102797 -0.005012 -0.226519 -0.296256 -0.284378 -0.243852
-0.082023 0.041094 0.219005 0.182481 0.442792 0.287172 -0.089560 -0.046347 0.314672 -0.096089 0.051210 -0.161943 0.044842 -0.139417 0.376733 0.150334 -0.206016 -0.277956 0.086140 0.441918 1.000000 0.612842 0.231329 0.285594 0.491297 0.425132 0.601750 0.442192 0.052191 -0.031856 0.347110 0.219172 -0.212495 0.032725 0.081548 0.160428 0.299300 0.017208 0.260973 0.250015 0.199336 0.398361 -0.198020 -0.369124 -0.343757 -0.204121 -0.214756 -0.133758 -0.336195 -0.420119 -0.228521 -0.368029 -0.121714 -0.209578 -0.060082 -0.188213 -0.145604 0.071934 -0.318682 -0.037012 -0.223456 -0.232434 -0.137211 -0.117606 0.005283 -0.146782 -0.275844 -0.031698 0.371670 0.320369 0.430993 0.449719 0.024038 0.331351 0.270325 0.195341 0.134905 0.093398 0.045310 0.053712 0.304231 0.063703 0.063918 0.235744 0.154472 0.197283 -0.003369 0.407455 0.080802 0.108816 -0.248663 -0.137547 -0.340558 -0.328064 0.207489 0.249080 0.292890 0.056858 -0.169131 -0.198632 -0.299943 -0.279538 -0.254774 -0.150572 -0.157518 -0.155185 -0.164982 -0.117488 0.382203 0.068770 0.285090 0.262739 -0.218961 -0.353041 -0.213024 -0.154187
-0.149964 -0.157038 0.291420 0.205399 0.427167 0.450676 -0.183318 -0.056509 0.394952 0.071662 -0.030478 -0.214080 0.177047 -0.126843 0.442654 0.221597 -0.177170 -0.377085 -0.061966 0.149138 0.612842 1.000000 0.382467 0.485857 0.620370 0.646607 0.557268 0.592627 -0.098041 -0.182741 0.145661 0.261056 -0.151281 0.040408 0.118452 0.237469 0.217492 -0.132407 0.344595 0.365157 0.074842 0.323167 0.096080 -0.168187 -0.348455 -0.196662 -0.153469 0.043834 -0.323639 -0.509564 -0.169826 -0.432361 -0.211631 -0.176527 -0.035773 -0.149972 -0.166251 -0.063967 -0.257859 -0.147326 -0.073618 -0.302586 -0.103229 -0.127608 -0.016166 -0.152779 -0.163212 0.096479 0.184749 0.209772 0.314101 0.260856 -0.197998 0.128168 0.126891 -0.082800 -0.027904 -0.061367 0.185940 0.064695 0.111564 -0.029366 -0.053089 -0.044070 0.121143 0.174485 -0.093674 0.406747 0.240142 -0.014336 -0.113751 0.042757 -0.105518 -0.141715 0.257825 0.040088 0.355421 0.005642 -0.234302 -0.226624 -0.433436 -0.267539 -0.394903 -0.096008 -0.051515 -0.060923 -0.065103 -0.119140 0.240156 0.086609 0.406759 0.035128 -0.316593 -0.210378 -0.039084 -0.126958
0.067025 -0.446832 0.608648 0.412901 0.265345 0.393211 0.128311 0.031572 0.270273 0.059698 0.307634 -0.260646 -0.100864 -0.311166 0.432962 -0.033712 -0.259003 -0.468346 -0.064670 0.095604 0.231329 0.382467 1.000000 0.702216 0.629949 0.619364 0.415852 0.573783 -0.300158 -0.444957 0.376911 0.191651 -0.183746 -0.103658 0.515209 0.277085 -0.062799 -0.247197 0.273639 -0.003432 -0.080769 -0.116253 0.056087 -0.190110 -0.350010 -0.105292 -0.290823 -0.083742 -0.209988 -0.409604 0.019969 -0.404239 -0.176928 -0.222512 -0.181583 -0.383988 -0.178362 -0.206010 -0.298335 -0.352486 -0.273368 -0.435756 -0.161223 -0.258773 0.463131 -0.130832 0.025726 0.131662 0.127048 0.152867 -0.002343 0.062291 -0.382007 -0.160640 -0.111156 -0.175450 0.044989 -0.006966 -0.102289 0.123672 -0.140839 -0.265000 0.224736 -0.260409 0.560708 0.192721 0.016092 0.378709 0.512052 -0.044974 -0.162771 0.127745 0.121263 0.152877 0.215365 -0.062564 0.088487 -0.148263 -0.335888 -0.300474 -0.412423 -0.240676 -0.411024 -0.108809 -0.163837 -0.141565 -0.172028 -0.188349 -0.083425 0.172201 0.364732 0.017778 -0.220216 0.092477 0.151921 0.000592
-0.259484 -0.537345 0.494233 0.707887 0.436991 0.615360 0.065439 0.411157 0.455990 0.371912 0.097904 -0.078901 -0.032078 -0.141480 0.489808 0.165714 -0.414325 -0.665368 -0.169289 0.214519 0.285594 0.485857 0.702216 1.000000 0.601012 0.742787 0.451250 0.582889 -0.359670 -0.498946 0.305838 0.489295 -0.136839 0.234135 0.470445 0.415162 -0.160869 -0.357481 0.097582 0.116155 -0.079981 -0.060932 0.117281 -0.180675 -0.215443 0.019953 -0.235161 0.044695 -0.301462 -0.417091 -0.163982 -0.531709 -0.292334 -0.270471 -0.357696 -0.401369 -0.409896 -0.388029 -0.469505 -0.402494 -0.352565 -0.562770 -0.221002 -0.443295 0.322372 -0.014641 -0.041224 0.364112 0.133819 0.352763 -0.039674 0.268953 -0.478081 -0.172055 -0.171055 -0.138353 -0.143229 -0.026727 -0.204001 -0.102694 -0.151170 -0.402550 0.045137 -0.189489 0.317901 0.231694 -0.145566 0.357268 0.342211 -0.129239 -0.076768 0.156828 0.283875 0.068258 0.238126 -0.141311 0.087373 -0.168196 -0.358059 -0.393131 -0.579572 -0.348714 -0.550250 -0.179767 -0.180424 -0.109827 -0.081775 -0.229375 -0.099536 0.001071 0.305255 -0.134415 -0.465702 0.002817 0.113840 -0.061325
-0.283303 -0.413182 0.610651 0.184905 0.578152 0.500599 -0.092069 -0.072621 0.548633 -0.018538 -0.083977 -0.415410 -0.020978 -0.395202 0.382340 -0.180525 -0.250547 -0.577258 -0.235778 0.108078 0.491297 0.620370 0.629949 0.601012 1.000000 0.850171 0.572721 0.635487 -0.260613 -0.315448 0.194719 0.206822 -0.204436 0.150067 0.413741 0.542407 -0.012150 -0.242152 0.128388 0.071490 0.009541 0.118625 0.065987 -0.193064 -0.205284 0.078764 -0.225389 0.028055 -0.172294 -0.403997 -0.101287 -0.463861 -0.303162 -0.313847 -0.074825 -0.344463 -0.301964 -0.093542 -0.201893 -0.120970 -0.255533 -0.507578 -0.097991 -0.152306 0.011252 -0.230069 -0.036903 0.394333 0.153729 0.210161 0.121575 0.178388 -0.304678 -0.092552 -0.004573 -0.158466 -0.058184 -0.075703 0.114114 0.139850 0.072182 0.016514 -0.201694 -0.188887 0.211973 0.206537 -0.195398 0.254056 0.194590 -0.089670 -0.071722 0.136576 -0.061595 0.048740 0.254100 -0.021632 0.238433 -0.120907 -0.161875 -0.197103 -0.340530 -0.173974 -0.260452 0.032111 -0.052517 -0.022148 0.027058 -0.337630 0.074554 0.194299 0.588027 0.159594 -0.197701 -0.127875 0.051127 -0.169940
-0.410799 -0.453829 0.477998 0.378595 0.445532 0.609548 -0.130441 0.118054 0.428111 0.162594 -0.093932 -0.291177 -0.080925 -0.317784 0.307302 -0.081283 -0.361779 -0.698839 -0.353198 0.026362 0.425132 0.646607 0.619364 0.742787 0.850171 1.000000 0.507197 0.646893 -0.414474 -0.375606 0.235122 0.345117 -0.199572 0.124835 0.588853 0.635959 -0.087878 -0.198943 0.204666 0.190387 0.011068 -0.003589 0.146715 -0.092646 -0.078699 0.199237 -0.090280 0.107284 -0.154661 -0.365091 -0.058059 -0.473106 -0.365206 -0.326180 -0.080967 -0.230294 -0.350091 -0.188477 -0.380817 -0.250707 -0.384989 -0.563609 -0.235117 -0.315228 0.067709 -0.091686 0.056112 0.444199 0.207875 0.309077 0.166049 0.295710 -0.404260 -0.053368 -0.025384 -0.060159 -0.016269 0.063724 -0.002875 0.103672 -0.046026 -0.187416 -0.148200 -0.269964 0.255028 0.291520 -0.185614 0.377538 0.186960 -0.120936 -0.157804 -0.006393 0.071857 -0.010207 0.256220 0.033956 0.323798 -0.033002 -0.179947 -0.244009 -0.427891 -0.316590 -0.372840 -0.086671 -0.147590 -0.107211 -0.100898 -0.282782 0.054346 0.213845 0.651770 0.100374 -0.337088 -0.096212 0.052831 -0.108880
0.036936 -0.280125 0.458174 0.255543 0.846467 0.700361 -0.074334 -0.021594 0.735733 -0.052763 0.016267 -0.403867 -0.173379 -0.426069 0.627857 -0.116670 -0.314119 -0.519392 0.065937 0.358501 0.601750 0.557268 0.415852 0.451250 0.572721 0.507197 1.000000 0.806778 -0.341261 -0.341996 -0.061006 0.001309 -0.071116 -0.010161 0.268917 0.324600 0.001214 -0.282840 0.153399 0.194614 0.026153 0.097804 0.004674 -0.262457 -0.218118 -0.118770 -0.108243 -0.059057 -0.116657 -0.440740 0.054692 -0.281298 -0.076175 -0.090214 0.054163 -0.194737 0.001932 0.065372 -0.086914 -0.218085 -0.326917 -0.504543 -0.218846 -0.171756 -0.102960 -0.323465 0.052602 0.149400 0.460043 0.343856 0.111884 0.170661 -0.440501 -0.094978 -0.079848 -0.244007 -0.078751 -0.159011 0.035086 0.071266 0.162583 -0.067248 -0.047178 -0.143698 0.131118 0.005920 -0.387569 0.150227 0.104368 -0.014500 -0.055901 0.194587 -0.059135 0.059008 0.284853 0.009422 0.284475 -0.018926 -0.021131 -0.031016 -0.294667 -0.084692 -0.305406 0.098875 -0.090945 -0.025871 0.120665 -0.274191 0.208831 0.063420 0.288443 0.284413 -0.195950 -0.064026 -0.027029 -0.115928
-0.035272 -0.383899 0.568764 0.321951 0.674762 0.784287 -0.158208 -0.056697 0.648336 0.007226 -0.013848 -0.405444 -0.165443 -0.423278 0.569078 -0.113141 -0.321725 -0.602703 0.046935 0.177192 0.442192 0.592627 0.573783 0.582889 0.635487 0.646893 0.806778 1.000000 -0.543297 -0.514387 -0.113260 -0.023186 -0.041779 -0.110989 0.341942 0.368489 -0.023691 -0.167826 0.189387 0.247178 -0.030946 -0.105395 0.222408 -0.255292 -0.239600 -0.179639 -0.005209 0.018721 -0.092411 -0.507795 0.028173 -0.391752 -0.231097 -0.174866 0.031066 -0.205869 -0.054508 -0.077677 -0.093389 -0.238304 -0.265120 -0.493134 -0.159617 -0.167317 0.097970 -0.234403 0.128404 0.172734 0.436702 0.311052 0.180521 0.221530 -0.604160 -0.115392 -0.085457 -0.193405 0.057493 0.015579 -0.057868 0.049552 0.080778 -0.157358 -0.000171 -0.331307 0.293931 0.134732 -0.451342 0.221400 0.346219 0.042685 0.020480 0.247638 -0.072244 0.073846 0.227930 0.040833 0.316928 -0.062992 0.037384 -0.067793 -0.465859 -0.231983 -0.326042 0.117520 -0.102480 -0.086493 -0.050104 -0.349319 0.076166 0.179271 0.407983 0.227179 -0.312979 0.022314 0.092627 -0.004010
0.145759 0.370087 -0.407055 -0.236294 -0.273788 -0.640093 0.090352 -0.213015 -0.257478 -0.309941 0.059744 0.112954 0.155406 0.141438 -0.133312 0.184547 0.580299 0.574899 0.325786 0.204544 0.052191 -0.098041 -0.300158 -0.359670 -0.260613 -0.414474 -0.341261 -0.543297 1.000000 0.741862 0.328839 0.216309 0.049740 0.316841 -0.426300 -0.420781 0.330350 0.149002 -0.145180 -0.161166 0.273886 0.437954 -0.373105 -0.145088 -0.229248 -0.206416 -0.331487 -0.308042 -0.299599 -0.014384 -0.299896 0.086407 0.187433 0.188353 -0.226323 -0.071387 0.157509 0.150653 -0.053588 0.075202 0.279340 0.205411 0.368163 0.277003 -0.071456 -0.195472 -0.206351 -0.270692 -0.144749 -0.178249 0.126987 -0.045190 0.855761 0.257027 0.193326 0.214636 0.035992 -0.033053 0.390294 0.185480 0.282333 0.432726 0.222913 0.631135 -0.194110 0.100799 0.188941 -0.089323 -0.288976 -0.059175 -0.268614 -0.197247 -0.188492 -0.119724 -0.071373 0.054391 -0.294134 0.096447 -0.291674 -0.124063 0.159184 0.195279 0.100340 -0.192947 -0.080968 0.065069 0.041839 0.214899 0.048522 -0.040614 -0.342525 -0.180611 0.074533 -0.256147 -0.153854 -0.094377
0.009698 0.422470 -0.458571 -0.372806 -0.253687 -0.616921 0.069032 -0.270278 -0.157171 -0.382500 -0.119551 0.055813 -0.034632 -0.026513 -0.261708 -0.022881 0.499603 0.623789 0.139668 0.139036 -0.031856 -0.182741 -0.444957 -0.498946 -0.315448 -0.375606 -0.341996 -0.514387 0.741862 1.000000 0.163151 0.110129 -0.021216 0.230600 -0.309273 -0.338381 0.330607 0.330821 -0.208354 -0.140940 0.431518 0.349909 -0.363293 -0.166219 -0.028026 -0.111199 -0.169526 -0.291039 -0.131305 0.002534 -0.044555 0.093191 0.128615 0.297628 -0.116487 0.038678 0.261203 0.334723 0.031729 0.078445 0.066464 0.123454 0.211682 0.307545 -0.113027 -0.398888 -0.210659 -0.225542 -0.059277 -0.127832 0.165615 0.057633 0.837051 0.385791 0.220999 0.341371 0.230906 0.180229 0.433217 0.389286 0.338592 0.562284 0.090902 0.661904 -0.213988 0.060699 0.088969 -0.179478 -0.379425 -0.017158 -0.161014 -0.207327 -0.149033 0.020111 -0.139628 0.164256 -0.222000 0.119958 -0.131671 -0.002940 0.411919 0.250168 0.329039 -0.106019 0.038360 0.026602 0.123140 0.073133 -0.104284 0.009010 -0.225175 -0.124875 0.217942 -0.228210 -0.170552 0.084010
-0.039224 0.063120 0.033018 0.436994 -0.126430 -0.184631 0.302896 0.293859 -0.141334 0.042057 0.223698 0.217771 0.012622 0.014065 0.045109 0.246754 -0.134393 -0.079242 0.044181 0.098711 0.347110 0.145661 0.376911 0.305838 0.194719 0.235122 -0.061006 -0.113260 0.328839 0.163151 1.000000 0.711139 -0.204813 0.154447 0.196623 -0.042233 0.062673 0.020352 -0.045957 -0.089366 0.185848 0.194092 -0.294904 -0.171235 -0.249442 0.009157 -0.412518 -0.250177 -0.387735 -0.131111 -0.203363 -0.180852 0.021305 -0.099468 -0.402952 -0.262665 -0.170411 -0.150238 -0.457818 -0.087732 -0.116455 -0.069211 -0.074666 -0.154078 0.411357 0.078554 -0.154692 -0.064797 -0.144897 -0.084515 0.209443 0.400814 0.286667 0.226285 0.100011 0.292306 0.070910 0.124457 -0.148809 0.092923 -0.195999 -0.222621 0.288610 0.323412 0.146031 0.356399 0.357699 0.353757 0.039076 -0.025416 -0.538137 -0.383204 -0.093005 -0.306011 0.135834 0.040146 -0.193330 -0.085713 -0.491409 -0.392483 -0.229405 -0.340737 -0.297458 -0.418532 -0.290052 -0.187122 -0.279136 0.010051 -0.099662 -0.098158 -0.052771 -0.239338 -0.196660 -0.301542 -0.097018 -0.026596
-0.125307 -0.043634 -0.041160 0.562262 0.039372 -0.042725 0.157251 0.481702 0.124562 0.178930 0.021095 0.299594 0.014448 0.074023 0.150672 0.286596 -0.163216 -0.181656 0.013112 0.044071 0.219172 0.261056 0.191651 0.489295 0.206822 0.345117 0.001309 -0.023186 0.216309 0.110129 0.711139 1.000000 -0.090677 0.485755 0.102736 0.047177 0.002069 -0.062025 -0.129184 0.048176 0.116117 0.176053 -0.087493 -0.072581 -0.150385 0.087545 -0.294323 -0.118939 -0.387300 -0.163315 -0.368908 -0.384925 -0.051832 -0.210984 -0.526157 -0.319273 -0.203560 -0.310983 -0.484333 -0.151297 -0.101982 -0.166112 -0.036464 -0.135284 0.253895 0.038500 -0.139116 0.027398 -0.218567 -0.051500 0.106015 0.469513 0.101923 0.057835 -0.046445 0.165979 -0.121016 0.061029 -0.101404 -0.024486 -0.263739 -0.279208 0.139351 0.311054 0.037648 0.413360 0.077957 0.298800 -0.059497 0.000468 -0.419854 -0.316917 0.044479 -0.234787 0.114354 -0.096570 -0.156354 -0.118484 -0.513820 -0.412547 -0.384602 -0.339964 -0.449197 -0.329832 -0.272700 -0.088088 -0.042361 -0.048144 -0.134053 -0.119604 -0.047858 -0.316854 -0.328910 -0.212552 0.013175 -0.049835
0.135803 0.064511 0.067161 0.048141 -0.148724 0.009125 -0.074824 0.068610 -0.119646 -0.049856 -0.068749 -0.064321 0.106842 0.002752 -0.150135 -0.152003 0.303539 0.146686 0.297208 -0.072053 -0.212495 -0.151281 -0.183746 -0.136839 -0.204436 -0.199572 -0.071116 -0.041779 0.049740 -0.021216 -0.204813 -0.090677 1.000000 0.245301 -0.263929 -0.171105 -0.037364 0.063482 0.011504 0.012116 -0.080808 0.095188 -0.099704 -0.012798 -0.068543 -0.137342 0.002028 -0.079388 -0.083247 -0.041854 -0.118014 -0.070870 0.084716 0.101159 0.233975 0.071472 0.126249 -0.099858 0.109941 -0.115889 0.319919 0.040509 0.300117 0.109204 -0.041343 0.131300 0.149968 -0.199148 0.080989 -0.083660 -0.053283 -0.095204 0.051701 0.123777 0.164653 0.050526 0.117708 0.099896 -0.015722 0.063957 0.053560 0.055775 -0.304939 -0.197892 -0.136733 -0.162149 -0.264974 -0.199342 0.008054 -0.110241 -0.127809 0.045242 -0.135260 -0.097069 0.111001 -0.113630 0.128660 0.074087 0.183846 0.264971 -0.146458 0.121366 0.010897 0.240341 0.181648 0.155259 0.027293 -0.078343 -0.017714 -0.055189 -0.129794 0.066746 0.012978 0.186132 0.155497 0.051244
-0.213603 -0.185768 0.033609 0.124649 0.214400 -0.065595 0.058586 0.145876 0.280497 -0.093309 -0.082864 0.090045 0.143393 0.061743 0.099003 -0.018269 0.100742 -0.018657 -0.034732 0.152226 0.032725 0.040408 -0.103658 0.234135 0.150067 0.124835 -0.010161 -0.110989 0.316841 0.230600 0.154447 0.485755 0.245301 1.000000 -0.018507 0.253904 -0.067783 -0.168671 -0.180069 -0.007444 -0.023675 0.134075 -0.118191 -0.097555 -0.032219 0.192325 -0.268340 -0.003820 -0.372675 -0.121656 -0.462525 -0.410815 -0.162239 -0.174068 -0.223705 -0.264654 -0.147596 -0.071733 -0.186582 -0.124394 0.051242 -0.227724 0.040108 0.000306 0.001025 -0.102513 -0.190401 0.198725 -0.088041 0.049445 -0.033053 0.175252 0.181183 -0.047003 -0.098279 0.009228 -0.112747 -0.029446 0.141500 0.150957 0.046593 0.113168 -0.078610 0.210709 -0.137144 -0.086099 -0.043965 -0.048090 -0.149810 -0.235857 -0.146465 0.047382 -0.059851 -0.035163 0.088235 0.022634 -0.049937 0.038023 -0.209696 0.017786 -0.214622 0.007197 -0.155692 -0.007245 -0.023653 0.163440 0.232244 -0.011377 0.051235 0.131309 0.020655 0.053355 -0.101944 -0.137733 0.024481 0.011034
-0.245086 -0.511365 0.414112 0.270009 0.273293 0.416993 -0.002692 0.168340 0.209058 0.135920 0.160618 -0.123256 -0.234860 -0.305899 0.085077 -0.265426 -0.444901 -0.606801 -0.376479 -0.092251 0.081548 0.118452 0.515209 0.470445 0.413741 0.588853 0.268917 0.341942 -0.426300 -0.309273 0.196623 0.102736 -0.263929 -0.018507 1.000000 0.737095 -0.209228 -0.013584 0.047129 -0.040593 -0.073828 -0.204933 0.241811 0.154100 0.324606 0.546206 0.107887 0.303383 0.094512 0.016448 0.193975 -0.140483 -0.371520 -0.098450 -0.006125 -0.019270 -0.421437 -0.371210 -0.217136 -0.362638 -0.568947 -0.547652 -0.445083 -0.516745 0.257265 0.024845 0.186169 0.517355 0.144440 0.193470 0.011627 0.196852 -0.399114 -0.062496 -0.050198 0.046679 0.204325 0.229193 -0.311976 0.017384 -0.234870 -0.340793 -0.077262 -0.370347 0.285674 0.165988 -0.042048 0.292821 0.054219 -0.244010 -0.037040 0.000618 0.220013 0.111579 0.032059 -0.018067 0.146981 -0.090072 -0.016469 -0.095073 -0.114016 -0.282003 -0.229083 -0.229110 -0.297962 -0.271232 -0.291687 -0.092924 -0.087708 0.131706 0.556634 0.082377 -0.271008 0.068191 -0.026188 0.090191
-0.370926 -0.601031 0.406926 0.134887 0.439019 0.476817 -0.135726 0.074412 0.375011 0.091169 0.063788 -0.117218 -0.045913 -0.183112 0.166092 -0.228368 -0.327084 -0.594160 -0.536642 -0.235742 0.160428 0.237469 0.277085 0.415162 0.542407 0.635959 0.324600 0.368489 -0.420781 -0.338381 -0.042233 0.047177 -0.171105 0.253904 0.737095 1.000000 -0.179316 -0.100856 0.154431 0.076255 -0.182210 -0.197942 0.311773 0.268611 0.365082 0.654589 0.153659 0.463470 0.131770 0.014492 0.122913 -0.189431 -0.408141 -0.173070 0.065010 0.010813 -0.390229 -0.296446 -0.224205 -0.357057 -0.453645 -0.569762 -0.393052 -0.415632 -0.060646 0.024114 0.028865 0.596857 0.066374 0.158644 -0.000829 0.182925 -0.394636 -0.164088 -0.113362 -0.069408 0.038871 0.059920 -0.081481 0.007857 -0.094596 -0.181926 -0.279665 -0.380669 0.105529 0.100807 -0.074838 0.286109 -0.103236 -0.382425 -0.042002 0.002585 0.168110 0.064159 0.115612 0.005806 0.306531 0.015347 0.045106 0.049071 -0.132996 -0.206018 -0.204193 -0.137379 -0.106877 -0.071971 -0.091603 -0.189651 0.137113 0.220041 0.699878 0.287425 -0.125351 0.145069 0.076062 0.099609
