1.000000 0.076663 0.087164 -0.133511 0.291842 0.234689 0.119327 0.048524 -0.008081 -0.012711 0.463543 0.066033 0.328110 0.137588 0.117185 -0.052850 0.078466 -0.212083 0.240731 0.121005 0.097812 -0.083886 -0.047828 -0.151169 0.172865 0.002081 0.135338 0.137304 0.186425 -0.009004 -0.229366 -0.279633 0.229667 0.036964 0.154476 -0.066600 -0.112258 0.002646 -0.089869 -0.026107 -0.334312 -0.182051 0.102171 0.188746 -0.095644 0.080163 -0.098290 0.139094 0.360383 -0.170739 0.113040 -0.151055 -0.122426 -0.268142 -0.115962 -0.101403 0.058989 -0.220308 0.294153 -0.024005 0.178647 0.159912 -0.149905 -0.075737 0.060670 0.143959 0.145398 0.123726 0.173163 -0.018272 -0.002200 -0.055416 -0.165539 0.026271 0.144920 0.153223 0.242047 0.135197 0.075315 -0.019637 -0.057484 -0.084696 0.065273 -0.147065 -0.042140 -0.086688 0.220795 -0.095831 -0.144785 -0.443123 -0.262238 0.002676 -0.235742 0.061702 -0.202960 0.005412 0.180380 -0.031892 -0.101465 -0.030058 -0.319425 0.045331 -0.206895 0.002622 -0.064121 -0.090262 -0.068454 -0.191455 -0.019431 0.223910 0.264908 -0.057615 -0.276633 -0.217026 0.029950 -0.144250
0.076663 1.000000 -0.636802 -0.057576 -0.124538 0.063687 -0.020396 0.374502 0.046832 0.286270 -0.043628 0.275454 0.309888 0.498447 0.048815 0.406238 0.247276 0.381964 -0.405091 -0.116123 0.108787 0.062294 -0.591400 -0.344458 -0.466566 -0.434608 -0.171672 -0.430882 -0.043351 0.511010 -0.459238 -0.363132 -0.089374 -0.212358 -0.460389 -0.381858 -0.149612 -0.119231 -0.211173 -0.049915 -0.187321 0.185071 -0.084343 -0.292688 -0.082982 -0.369518 0.260230 0.203861 -0.150957 0.111811 -0.297087 0.286175 0.478787 0.389983 -0.003067 0.024835 0.129760 0.169971 0.267117 0.139579 0.123554 0.393611 0.264672 0.363507 -0.307607 0.104753 0.003925 -0.387987 0.090147 0.031563 0.126257 0.081628 0.223299 0.350803 0.058158 0.024341 0.034172 0.199579 -0.031243 -0.059538 0.207848 0.009484 -0.275274 0.192053 -0.025614 -0.174708 -0.062724 -0.002758 -0.363126 0.153284 0.305107 -0.087392 0.094651 -0.224276 0.012908 -0.116970 -0.182356 0.067042 0.101076 0.046094 0.282437 0.124117 0.192080 -0.200909 0.192653 0.040372 0.305560 -0.031437 -0.261350 -0.024949 -0.181989 0.169499 0.277059 -0.134488 -0.072322 -0.126474
0.087164 -0.636802 1.000000 0.339945 0.361867 0.079732 0.471274 -0.034285 0.110611 -0.249639 0.278603 -0.027997 -0.146019 -0.324238 0.187578 -0.212938 -0.226841 -0.402129 0.703785 0.164896 0.033462 -0.188841 0.797668 0.489846 0.534586 0.544135 0.350330 0.603191 0.112173 -0.298995 0.690885 0.565985 0.107543 0.210003 0.310070 0.248418 -0.018007 -0.009243 0.049027 -0.078754 0.191481 0.023851 -0.146523 0.060667 -0.075972 0.218516 -0.340903 -0.221204 0.064995 -0.274258 0.353182 -0.352121 -0.426774 -0.368274 -0.225668 -0.149669 -0.428804 -0.292973 -0.339702 -0.130319 -0.183698 -0.333437 -0.421411 -0.313177 0.541856 -0.093416 -0.146510 0.192554 -0.382352 -0.112766 -0.049791 0.109791 -0.218387 -0.349425 -0.137063 0.107217 -0.133226 -0.169958 -0.182376 0.019194 -0.356517 -0.139008 0.413969 -0.047504 -0.018984 0.061369 0.033207 -0.197954 0.343377 -0.145392 -0.291779 -0.002325 -0.061711 0.205869 -0.077842 -0.125221 0.103987 -0.113485 -0.284667 -0.395417 -0.312031 -0.313383 -0.216380 -0.182082 -0.269004 -0.173575 -0.337414 0.038805 -0.152418 -0.093184 -0.019412 -0.305331 -0.342662 0.103570 -0.016698 0.191660
-0.133511 -0.057576 0.339945 1.000000 0.197935 0.271163 0.121754 0.592195 0.198805 0.243010 0.299320 0.617383 -0.133835 0.156077 0.353437 0.254913 -0.192174 -0.506401 0.192991 0.210116 0.139178 0.003122 0.515855 0.705608 0.194538 0.518092 0.170646 0.451720 -0.288988 -0.155890 0.392855 0.597445 -0.158640 0.024278 -0.071698 0.031528 -0.317070 -0.287827 -0.016365 -0.121963 0.053703 0.096749 -0.137609 -0.058839 -0.056059 0.146919 -0.066595 0.026890 -0.231890 0.011665 0.162303 0.094914 -0.297194 0.119942 -0.149339 0.015694 -0.214446 -0.464801 -0.305120 -0.154376 -0.349841 -0.039538 -0.645358 -0.475361 0.205599 0.282100 -0.210197 0.030432 -0.304804 0.017564 -0.209469 0.067033 -0.413475 -0.281192 -0.262195 0.007186 -0.458818 -0.256951 -0.547199 -0.435504 -0.430952 -0.597581 0.253499 0.346502 0.033049 0.374432 -0.097090 -0.168491 0.166310 0.332628 -0.065405 -0.337131 0.339007 -0.094672 -0.056287 -0.235816 -0.128682 0.079053 -0.417503 -0.300872 -0.157851 -0.354963 -0.317669 -0.430956 -0.273967 -0.483737 -0.352756 -0.141809 -0.164515 -0.060639 -0.145739 -0.169973 -0.248136 0.081312 -0.275160 0.096384
0.291842 -0.124538 0.361867 0.197935 1.000000 0.504062 0.194482 0.269732 0.434980 0.421470 -0.023331 0.120352 0.030334 0.120853 0.084790 0.203555 -0.340118 -0.379760 0.066967 0.112856 0.280631 0.304314 0.122506 0.322999 0.503007 0.405344 0.627251 0.453827 -0.000238 -0.265735 -0.030826 0.060123 -0.203144 -0.027409 -0.017868 -0.006178 -0.113149 -0.152023 0.023187 0.029017 -0.148186 0.144232 -0.326805 -0.134945 -0.283327 -0.106177 -0.485886 -0.304669 0.322259 -0.278466 0.235363 -0.263478 -0.235944 -0.510355 -0.011373 -0.158564 -0.418346 -0.259941 -0.015261 -0.045601 -0.146515 -0.101697 -0.270623 -0.233455 0.358202 0.264570 -0.005108 0.236655 -0.098310 0.139267 0.011244 0.086676 -0.241984 -0.122549 -0.053197 -0.093951 -0.164271 -0.202326 -0.147394 -0.269060 -0.306815 -0.159019 0.101978 0.002879 -0.099670 0.006372 -0.056937 -0.139442 0.116656 0.007624 -0.007319 0.082998 0.174621 0.099264 0.140462 0.022777 0.093327 0.216837 -0.358615 -0.303479 -0.183811 -0.409821 -0.291633 -0.169742 0.082021 -0.119644 -0.018683 0.233878 -0.048613 0.111558 0.110853 -0.440196 -0.471225 -0.052700 0.085790 0.097182
0.234689 0.063687 0.079732 0.271163 0.504062 1.000000 0.110299 0.259135 -0.034067 0.362026 -0.046369 0.058286 -0.127195 0.122159 -0.250250 -0.114292 -0.315653 -0.300580 -0.109027 0.013683 0.662965 0.443590 -0.009288 0.154758 0.350587 0.481805 0.787488 0.428707 -0.407834 -0.165236 -0.024298 0.076615 -0.204984 -0.063578 -0.003696 0.073794 -0.264159 -0.270543 -0.098971 -0.053903 -0.188864 0.085513 0.022912 0.086418 0.086973 0.332929 -0.058564 0.170364 0.249693 0.155516 0.106518 -0.013579 -0.234416 -0.184099 -0.081425 0.117196 -0.256690 -0.254474 0.135603 0.180179 -0.189528 0.086570 -0.430968 -0.359005 -0.058158 0.325638 0.161061 0.389821 -0.114400 -0.063383 0.009660 0.196583 -0.316342 0.035470 -0.039393 -0.033264 -0.196526 -0.204207 -0.323084 -0.403854 -0.437832 -0.176039 -0.285719 -0.112357 -0.250155 0.221075 -0.265350 -0.317874 -0.253817 0.082555 -0.025959 -0.077951 0.071683 -0.143877 -0.005805 -0.091187 0.234051 0.256647 -0.123411 -0.260095 -0.060885 -0.419513 -0.018107 -0.074658 0.064915 -0.042461 -0.098698 0.053791 -0.170663 0.024251 0.029610 -0.164095 -0.257199 0.114861 0.029843 -0.156473
0.119327 -0.020396 0.471274 0.121754 0.194482 0.110299 1.000000 0.199487 0.242028 -0.144184 0.259602 -0.091690 0.317690 -0.027580 -0.007325 -0.092744 0.125193 -0.031363 0.309021 -0.001422 0.163822 -0.248956 0.126726 -0.085558 0.143345 0.048881 0.209301 0.070905 0.090109 0.117704 0.313492 0.166530 0.261751 0.133087 0.034194 -0.054987 -0.062680 -0.040723 -0.189212 -0.215780 0.099096 0.107578 -0.000035 -0.106121 0.246494 0.027941 0.090151 -0.002138 0.049920 0.141025 0.037039 -0.104319 0.070438 0.019621 -0.222630 -0.085320 -0.172816 0.020213 0.106775 0.211566 0.059560 -0.210996 0.002175 0.126492 0.257530 -0.097149 0.166867 -0.012114 -0.338001 -0.190244 0.118284 0.333171 0.105106 -0.028833 0.007778 0.317918 -0.153659 -0.049943 -0.227339 -0.019229 -0.176646 -0.027479 -0.034775 -0.031441 -0.218621 -0.264104 -0.040826 -0.236730 -0.288983 -0.180132 -0.134521 -0.121911 -0.232361 -0.157144 -0.250107 -0.135776 -0.017310 -0.082178 -0.049611 -0.297169 0.003060 -0.219273 0.007776 -0.283428 -0.147489 -0.040564 -0.204583 0.018851 -0.306083 -0.168671 -0.317051 -0.017162 -0.052799 -0.061897 0.007304 0.075036
0.048524 0.374502 -0.034285 0.592195 0.269732 0.259135 0.199487 1.000000 0.285448 0.546803 0.429423 0.716250 0.332406 0.672638 0.354083 0.518172 0.144208 -0.222371 -0.082333 0.194621 0.199175 0.066720 -0.080667 0.173606 -0.143448 0.042029 0.062417 -0.009033 -0.026412 0.233107 -0.009661 0.269574 -0.114970 0.058446 -0.324257 -0.167749 -0.332042 -0.378346 -0.294636 -0.221024 -0.056057 0.310209 -0.247606 -0.300598 -0.114078 -0.173001 -0.012409 0.063374 -0.312526 0.126178 -0.168760 0.149450 -0.028188 0.185046 -0.356980 -0.105413 -0.007281 -0.500984 0.055113 -0.048858 -0.023513 0.258894 -0.321379 -0.082895 0.129651 0.490251 -0.125810 -0.185580 -0.174313 -0.024691 -0.115933 0.153675 -0.169709 0.108284 -0.114102 0.179581 -0.304270 -0.063084 -0.454509 -0.478678 -0.055049 -0.585405 0.159636 0.485664 0.117653 -0.037096 0.060813 -0.122967 -0.215711 0.047580 0.128340 -0.274663 0.384216 -0.162295 -0.040144 -0.221195 -0.364812 0.064286 -0.319979 -0.247623 0.083344 -0.277344 -0.223208 -0.434773 -0.159142 -0.334337 -0.215162 -0.172621 -0.356697 -0.191920 -0.376317 -0.117880 -0.174890 -0.058594 -0.312849 0.035381
-0.008081 0.046832 0.110611 0.198805 0.434980 -0.034067 0.242028 0.285448 1.000000 0.433315 -0.058340 0.180542 0.185027 0.291859 0.132739 0.210692 -0.126154 -0.126434 -0.103748 -0.289665 0.089765 -0.057368 0.057356 0.267356 0.092151 0.044023 0.016841 0.018105 -0.140831 -0.120983 0.052420 0.069559 -0.017637 0.022318 0.035937 -0.173169 -0.074867 -0.095877 -0.005457 0.065195 0.048208 0.097585 -0.105352 -0.246602 -0.134676 -0.324636 -0.078729 -0.436336 0.259866 -0.158687 0.315412 -0.004071 0.166459 -0.177542 0.159032 -0.109106 -0.142518 -0.065486 0.161338 -0.201202 0.141204 0.034591 -0.025730 0.001864 0.563834 0.373565 0.019346 -0.153943 0.006452 0.211811 0.023717 0.194546 -0.177755 -0.214999 -0.177937 0.033530 -0.310862 -0.261473 -0.236889 -0.082958 -0.241785 -0.151315 0.086630 -0.081906 -0.052986 -0.040904 0.014775 0.055401 0.163016 0.117292 -0.053980 -0.146019 -0.059840 -0.082079 0.029070 -0.109809 0.006281 -0.137871 -0.143662 -0.100574 -0.093018 -0.091422 -0.254136 -0.194003 0.006440 -0.278910 -0.021710 0.100636 -0.060007 -0.027437 -0.133717 -0.194437 -0.216460 0.072099 0.023201 0.114435
-0.012711 0.286270 -0.249639 0.243010 0.421470 0.362026 -0.144184 0.546803 0.433315 1.000000 -0.075552 0.343127 0.036672 0.448133 0.082330 0.380227 -0.077582 -0.199386 -0.323381 0.052308 0.248969 0.309015 -0.315525 0.054086 -0.190021 -0.077784 0.067249 -0.010664 -0.176857 -0.062265 -0.393515 -0.101389 -0.220484 0.000270 -0.261641 -0.053916 -0.197976 -0.261068 -0.096931 0.030859 -0.178952 0.174458 -0.146629 -0.154068 -0.183452 -0.165378 -0.170668 -0.091623 0.007920 0.079540 -0.118996 -0.047548 -0.059624 -0.171855 -0.072098 -0.202830 0.061936 -0.082994 0.019388 -0.190632 -0.096812 0.079632 -0.187008 -0.163190 0.179303 0.474250 -0.070095 -0.020794 0.174021 0.127376 0.008939 -0.043603 -0.144352 0.115784 0.041346 -0.014129 -0.159252 -0.070843 -0.108687 -0.285671 -0.033154 -0.169901 -0.031755 0.180358 0.144806 0.033055 -0.089355 0.120538 0.050247 0.079940 0.169223 -0.116902 0.286630 -0.103981 0.088660 -0.107409 -0.256849 0.134378 -0.224941 -0.010670 0.058556 -0.161371 -0.153977 -0.109121 0.167793 -0.187650 0.112792 -0.065446 -0.005037 0.048032 -0.048707 -0.003659 -0.146983 0.124334 -0.013428 0.043873
0.463543 -0.043628 0.278603 0.299320 -0.023331 -0.046369 0.259602 0.429423 -0.058340 -0.075552 1.000000 0.440671 0.525932 0.236086 0.610106 0.195215 0.522973 -0.286751 0.422374 0.433833 0.018355 -0.133981 0.212388 0.116784 0.032576 0.060910 -0.114149 0.064784 0.312462 0.137815 0.134663 0.170388 0.046273 0.101002 0.049418 0.027192 -0.314486 -0.230947 -0.365661 -0.368726 -0.136724 0.020563 0.085511 0.095023 0.065141 0.197350 0.036456 0.268751 -0.172512 0.073480 -0.105286 0.045148 -0.210916 0.187905 -0.551551 -0.335546 0.253017 -0.487824 -0.006952 -0.085449 0.072484 0.078657 -0.302946 -0.216338 0.101841 0.067045 -0.083911 -0.054812 -0.128150 -0.115809 0.043177 -0.076483 -0.101654 0.036194 0.019769 0.266449 0.030144 0.172222 -0.180920 -0.153199 0.157753 -0.478040 0.455568 0.382099 0.343017 -0.040544 0.477847 -0.093054 -0.146045 -0.467483 -0.086055 -0.138259 0.057095 0.104452 -0.266008 -0.313242 -0.233340 -0.171168 -0.300232 -0.214566 -0.172758 0.044181 -0.156373 -0.135730 -0.137343 -0.154027 -0.323325 -0.418665 -0.301791 -0.019729 -0.081032 0.044502 -0.060136 -0.318803 -0.143750 -0.062619
0.066033 0.275454 -0.027997 0.617383 0.120352 0.058286 -0.091690 0.716250 0.180542 0.343127 0.440671 1.000000 0.189023 0.535364 0.542167 0.525536 -0.006794 -0.383344 0.000997 0.181632 -0.079973 -0.001233 0.104868 0.375067 -0.057289 0.041726 -0.019749 0.062574 -0.136893 -0.020732 0.074547 0.351933 -0.167849 -0.090239 -0.296048 -0.290845 -0.353193 -0.238831 -0.272805 -0.167657 -0.088857 0.216200 -0.233507 -0.243719 -0.162975 -0.225636 0.020082 0.038900 -0.186498 -0.028703 0.128942 0.311871 0.021315 0.260624 -0.311888 -0.076361 -0.048802 -0.563476 -0.057033 -0.173893 -0.110587 0.253958 -0.360742 -0.248398 0.132423 0.335247 -0.303422 -0.266402 -0.199275 0.067630 -0.301995 -0.005153 -0.379278 -0.127848 -0.285985 -0.019368 -0.355028 -0.097248 -0.486577 -0.479207 -0.092274 -0.654052 0.390893 0.605518 0.344761 0.343111 0.167472 0.025933 0.010549 0.209480 0.119531 -0.183641 0.481151 0.020076 -0.156919 -0.272258 -0.336244 -0.043489 -0.230605 -0.098994 0.040012 -0.113490 -0.232793 -0.278297 -0.141800 -0.374073 -0.168492 -0.175115 -0.310932 -0.153985 -0.356049 -0.125238 -0.158224 0.008257 -0.330584 0.213533
0.328110 0.309888 -0.146019 -0.133835 0.030334 -0.127195 0.317690 0.332406 0.185027 0.036672 0.525932 0.189023 1.000000 0.587555 0.455185 0.489553 0.523741 0.158156 -0.120726 0.086318 0.001117 -0.091740 -0.257018 -0.213744 -0.165980 -0.316307 -0.191024 -0.277766 0.217798 0.255204 -0.321136 -0.365448 -0.022631 -0.109792 -0.169429 -0.183678 -0.239962 -0.188727 -0.355726 -0.238462 -0.197275 0.060809 0.014292 -0.066449 0.018749 -0.248281 0.065076 0.103924 0.096293 0.062716 -0.282224 0.092425 0.312288 0.179572 -0.163320 -0.301308 0.130953 -0.098727 0.279981 0.154388 0.379215 0.211743 0.306465 0.249565 0.006896 0.045675 0.207594 -0.226338 -0.005039 0.086723 0.232395 0.038168 0.008413 0.337171 0.127481 0.185768 0.039554 0.226964 -0.057331 -0.044772 0.367292 -0.173358 -0.051137 0.206642 0.232874 -0.392834 0.281291 -0.048658 -0.382384 -0.323521 0.021139 -0.013259 0.000562 0.134915 -0.067028 -0.305293 -0.133815 -0.126696 -0.274090 -0.301887 0.003457 0.179759 -0.000625 0.044794 0.107895 0.092294 -0.002492 -0.218700 -0.314618 -0.057562 -0.122496 -0.080159 -0.045883 -0.467388 -0.006983 -0.180359
0.137588 0.498447 -0.324238 0.156077 0.120853 0.122159 -0.027580 0.672638 0.291859 0.448133 0.236086 0.535364 0.587555 1.000000 0.305198 0.594934 0.150100 -0.017905 -0.333158 -0.005259 0.154304 0.075297 -0.236078 -0.047299 -0.225045 -0.207932 -0.041227 -0.114747 -0.066912 0.287398 -0.261907 -0.117559 -0.146815 -0.014070 -0.345688 -0.231274 -0.266138 -0.228275 -0.263491 -0.053616 -0.162099 0.281817 -0.115045 -0.171260 -0.164753 -0.352633 0.097355 0.083444 -0.014053 0.031606 -0.211769 0.206668 0.252771 0.129986 -0.160505 -0.148204 0.069887 -0.261340 0.230184 -0.152001 0.183805 0.384735 0.016616 0.054797 -0.013646 0.508197 -0.051837 -0.301275 0.039309 0.200815 -0.011304 0.252912 -0.107939 0.400642 0.053139 0.261664 -0.068747 0.135144 -0.218700 -0.395169 0.097969 -0.331357 -0.070677 0.310274 0.206177 -0.184705 0.117890 0.018795 -0.203814 -0.052134 0.039402 -0.186609 0.210269 -0.019147 0.007616 -0.209809 -0.128753 -0.035097 -0.201155 -0.139308 0.099436 -0.016457 -0.135157 -0.091027 0.012748 -0.175755 0.011899 -0.235859 -0.277600 -0.068565 -0.156983 -0.026936 -0.066507 -0.046158 -0.119559 -0.069461
0.117185 0.048815 0.187578 0.353437 0.084790 -0.250250 -0.007325 0.354083 0.132739 0.082330 0.610106 0.542167 0.455185 0.305198 1.000000 0.628464 0.257954 -0.269340 0.227107 0.237253 -0.122993 -0.001689 0.283769 0.357073 -0.049523 0.010307 -0.228297 0.097619 0.158796 -0.090976 0.010406 0.090359 -0.317662 -0.257584 -0.208397 -0.142415 -0.459882 -0.376775 -0.224768 -0.313246 -0.194064 -0.104017 -0.099381 -0.065435 -0.144232 -0.124004 -0.090521 0.087181 -0.127873 -0.077992 0.014555 0.188131 -0.017375 0.196239 -0.270696 -0.318320 0.106322 -0.351661 -0.255225 -0.262963 -0.032272 0.065570 -0.160634 -0.260259 0.140863 -0.003501 -0.293762 -0.244614 -0.118979 0.186832 -0.064406 -0.256067 -0.267588 -0.165873 -0.231595 -0.054577 -0.287963 -0.071037 -0.208913 -0.250708 0.181833 -0.562856 0.573191 0.537788 0.501946 0.033176 0.287300 0.051541 0.321510 -0.015095 0.193781 0.058605 0.366645 0.325764 -0.015818 -0.376121 -0.396876 -0.035314 -0.391670 -0.159833 -0.088564 0.164040 -0.165931 -0.103127 0.116180 -0.172053 0.017819 -0.325540 -0.160496 -0.081167 0.015766 -0.118228 -0.091720 -0.200471 0.002488 0.028493
-0.052850 0.406238 -0.212938 0.254913 0.203555 -0.114292 -0.092744 0.518172 0.210692 0.380227 0.195215 0.525536 0.489553 0.594934 0.628464 1.000000 0.081907 -0.065548 -0.216223 0.118876 -0.067421 0.217747 -0.102239 0.230976 -0.160535 -0.153703 -0.204950 -0.110259 0.067794 0.194097 -0.291808 -0.146262 -0.354208 -0.351841 -0.384540 -0.299606 -0.327443 -0.301396 -0.180756 -0.192310 -0.199441 0.138008 -0.341274 -0.243229 -0.266966 -0.431379 -0.175375 -0.049313 -0.139715 -0.071510 -0.144761 0.210536 0.175153 0.132814 -0.130938 -0.267157 -0.063360 -0.176653 -0.164648 -0.065292 -0.108237 0.137125 0.080719 0.024670 -0.044050 0.087797 -0.150605 -0.255290 -0.123753 0.187622 -0.017791 -0.100099 -0.066290 0.156187 -0.127724 -0.076681 -0.311353 -0.015543 -0.230245 -0.279797 0.130008 -0.361377 0.090088 0.546100 0.414262 -0.132285 -0.008247 -0.018933 0.065558 0.128636 0.391590 0.190993 0.584533 0.352407 0.133627 -0.219852 -0.390177 0.121911 -0.310598 -0.147101 0.217822 0.096045 0.005949 -0.021678 0.254401 -0.090864 0.101598 -0.220452 -0.095424 -0.016979 -0.058147 -0.132787 0.014311 -0.158357 0.025538 -0.060341
0.078466 0.247276 -0.226841 -0.192174 -0.340118 -0.315653 0.125193 0.144208 -0.126154 -0.077582 0.522973 -0.006794 0.523741 0.150100 0.257954 0.081907 1.000000 0.357919 0.062089 0.287126 -0.077298 -0.145235 -0.326323 -0.381328 -0.367961 -0.395345 -0.427632 -0.435287 0.447230 0.417691 -0.183668 -0.209351 0.121086 0.149467 -0.177765 -0.017224 -0.050881 -0.097284 -0.245414 -0.245764 -0.021813 0.091091 0.155952 0.077488 0.106998 -0.020898 0.132169 0.240443 -0.285623 0.151206 -0.513480 -0.039760 0.002040 0.224826 -0.409793 -0.322934 0.691013 0.127368 0.250268 0.032700 0.434845 0.186165 0.239483 0.252159 -0.079021 -0.109744 0.091185 -0.306145 0.233829 -0.074017 0.279281 -0.089447 0.461306 0.402195 0.434707 0.260394 0.296963 0.346734 0.381178 0.237254 0.716425 -0.052575 -0.008856 0.109344 0.161038 -0.402838 0.285830 -0.053223 -0.354332 -0.458290 -0.069128 -0.192118 -0.162158 -0.151649 -0.135809 -0.218041 -0.239437 -0.229086 -0.075931 0.052634 0.029434 0.342994 0.062733 0.135901 -0.026395 0.100813 0.013973 -0.155185 -0.214575 -0.102187 -0.095070 0.250909 0.300002 -0.424236 -0.078006 -0.194987
-0.212083 0.381964 -0.402129 -0.506401 -0.379760 -0.300580 -0.031363 -0.222371 -0.126434 -0.199386 -0.286751 -0.383344 0.158156 -0.017905 -0.269340 -0.065548 0.357919 1.000000 -0.208995 -0.313591 -0.096551 -0.076848 -0.390635 -0.475154 -0.432428 -0.496761 -0.351943 -0.532680 0.195289 0.390768 -0.190227 -0.365104 0.052946 -0.101575 -0.218349 -0.167432 0.132476 0.061413 -0.114959 -0.011033 0.009323 0.059431 0.013654 -0.196897 0.001827 -0.306601 0.198070 0.031926 -0.258322 -0.004489 -0.474028 -0.035928 0.442074 0.294630 0.063387 0.006367 0.235358 0.492299 0.241994 0.174771 0.463783 0.234658 0.649270 0.788985 -0.239428 -0.371057 0.018683 -0.476636 0.105054 -0.187505 0.334234 0.109962 0.453775 0.380309 0.170285 -0.015727 0.246197 0.207701 0.327914 0.500026 0.482972 0.565871 -0.294902 -0.185628 -0.150494 -0.278492 -0.145593 0.039362 -0.267326 0.058770 0.113099 0.183398 -0.142586 -0.158492 0.079303 0.020314 -0.195204 -0.051528 0.241921 0.189188 0.320331 0.250089 0.292359 0.130197 0.121919 0.247592 0.247630 0.032620 -0.132022 -0.113017 -0.147106 0.163818 0.345291 -0.023223 0.014689 -0.196936
0.240731 -0.405091 0.703785 0.192991 0.066967 -0.109027 0.309021 -0.082333 -0.103748 -0.323381 0.422374 0.000997 -0.120726 -0.333158 0.227107 -0.216223 0.062089 -0.208995 1.000000 0.386760 -0.068189 -0.211633 0.574792 0.208131 0.133854 0.122952 0.076784 0.359146 0.380522 -0.060237 0.552008 0.404585 0.278105 0.228612 0.158112 0.078165 0.031500 0.025636 0.012940 -0.126328 0.078721 -0.066831 -0.060420 0.066122 0.012612 0.214318 -0.186142 -0.043020 -0.099110 -0.202704 0.116185 -0.282346 -0.403644 -0.209621 -0.392269 -0.158267 -0.076753 -0.131383 -0.257346 -0.178245 -0.085883 -0.291895 -0.319750 -0.180831 0.450296 -0.214700 -0.239510 -0.067466 -0.195891 -0.166589 -0.141824 -0.068828 -0.008356 -0.228369 -0.053587 0.230021 0.090626 0.049049 0.073870 0.095245 -0.114482 -0.048866 0.408055 0.079980 0.033783 0.118606 0.022219 -0.218875 0.286518 -0.285132 -0.285403 -0.029682 -0.218249 -0.002828 -0.228395 0.066457 -0.052010 -0.164962 -0.228062 -0.092075 -0.325361 -0.136325 -0.226187 -0.214135 -0.418593 -0.193366 -0.196624 -0.204313 -0.042446 0.021242 0.027417 -0.013416 -0.054559 0.035056 0.016404 0.064941
0.121005 -0.116123 0.164896 0.210116 0.112856 0.013683 -0.001422 0.194621 -0.289665 0.052308 0.433833 0.181632 0.086318 -0.005259 0.237253 0.118876 0.287126 -0.313591 0.386760 1.000000 -0.108056 0.147747 0.098048 0.173820 -0.011794 0.023502 0.021364 0.158792 0.327711 0.016565 -0.054484 0.069045 0.053931 0.224782 -0.088458 0.144350 0.052439 -0.053989 0.014815 -0.104724 0.136902 0.212215 -0.280453 0.077165 -0.116909 0.151776 -0.321434 0.239399 -0.266045 -0.005724 -0.228982 -0.297270 -0.466518 -0.202595 -0.424138 -0.322798 0.190883 -0.141530 -0.259856 -0.070378 -0.268776 -0.419102 -0.221660 -0.388749 -0.022343 -0.120807 -0.095428 0.212145 0.157184 0.183721 0.000824 -0.300555 0.103135 0.167158 0.378900 0.062558 0.332801 0.336460 0.080705 -0.210812 0.176883 -0.291134 0.236016 0.465448 0.131073 -0.124737 0.181094 0.053891 -0.035232 -0.315630 0.178127 0.066843 0.150208 0.051982 -0.057593 0.027525 -0.159064 -0.193409 -0.332793 -0.153369 -0.159963 -0.182860 -0.066532 -0.074148 -0.062736 -0.087341 -0.157724 -0.102148 0.060891 0.045321 0.230483 -0.153243 -0.008390 -0.168000 -0.000060 0.120480
0.097812 0.108787 0.033462 0.139178 0.280631 0.662965 0.163822 0.199175 0.089765 0.248969 0.018355 -0.079973 0.001117 0.154304 -0.122993 -0.067421 -0.077298 -0.096551 -0.068189 -0.108056 1.000000 0.551504 -0.034218 0.015080 0.154779 0.340055 0.593569 0.388221 -0.245668 -0.005902 0.082395 0.070556 -0.222569 -0.068370 0.008756 -0.001237 -0.250394 -0.365309 -0.144338 -0.123466 -0.108984 0.117367 0.283362 0.243494 0.172352 0.277367 0.157845 0.293178 0.186800 0.199844 0.029441 0.104587 -0.127695 -0.086991 -0.017312 0.098601 -0.056160 -0.138912 0.265885 0.114496 -0.007014 0.176182 -0.236569 -0.181370 -0.091426 0.311653 0.221403 0.223271 0.020704 0.051513 0.358725 0.257460 -0.143193 0.087088 -0.056259 0.091239 -0.211043 -0.155840 -0.347930 -0.378655 -0.266299 -0.218883 -0.191404 -0.132834 -0.150092 0.010185 -0.045337 -0.167742 -0.119091 -0.106773 -0.110795 -0.158361 -0.094772 -0.147754 0.059297 -0.213014 0.224750 0.119209 -0.028805 -0.157325 -0.026338 -0.161599 0.104669 0.032807 0.126267 -0.120580 -0.144150 -0.114375 -0.073403 0.046524 0.063557 0.020564 -0.127391 0.142612 0.109865 -0.300295
-0.083886 0.062294 -0.188841 0.003122 0.304314 0.443590 -0.248956 0.066720 -0.057368 0.309015 -0.133981 -0.001233 -0.091740 0.075297 -0.001689 0.217747 -0.145235 -0.076848 -0.211633 0.147747 0.551504 1.000000 -0.113009 0.213133 0.140672 0.238818 0.389816 0.268697 -0.079157 -0.110935 -0.233516 -0.132095 -0.518256 -0.368564 -0.174422 -0.129034 -0.146869 -0.294767 -0.034371 0.040681 -0.111962 0.138946 0.013173 0.217174 -0.068736 0.108572 -0.038510 0.265844 0.083278 0.053575 0.066297 0.082148 -0.134257 -0.059653 0.015216 0.079024 -0.021382 0.017797 -0.181296 -0.071471 -0.303572 -0.127679 -0.050541 -0.259302 -0.316939 -0.087455 -0.148409 0.237283 -0.004962 0.152797 0.125015 -0.193349 -0.087692 -0.049643 -0.165161 -0.303498 -0.261864 -0.110473 -0.115182 -0.250616 -0.048117 -0.102942 0.004176 0.251199 0.066512 0.161507 0.020563 0.148244 0.027923 -0.009465 0.334814 0.164147 0.286714 0.055244 0.348611 0.046478 0.107205 0.421518 -0.022032 0.066734 0.058398 -0.118008 0.065347 0.125625 0.491457 0.109397 0.034310 -0.040786 0.300798 0.203488 0.337864 -0.033550 -0.005957 0.042847 0.275318 -0.215701
-0.047828 -0.591400 0.797668 0.515855 0.122506 -0.009288 0.126726 -0.080667 0.057356 -0.315525 0.212388 0.104868 -0.257018 -0.236078 0.283769 -0.102239 -0.326323 -0.390635 0.574792 0.098048 -0.034218 -0.113009 1.000000 0.713397 0.537154 0.648159 0.207274 0.698542 0.031160 -0.290396 0.715706 0.595965 0.017313 0.110208 0.280765 0.225010 -0.105920 -0.026371 0.149011 -0.008114 0.116924 -0.035017 -0.010122 0.224422 -0.129386 0.255531 -0.210412 -0.107259 -0.029704 -0.298499 0.353244 -0.175533 -0.405626 -0.150425 -0.129989 -0.043529 -0.375217 -0.298644 -0.477745 -0.351432 -0.230079 -0.258800 -0.486684 -0.387297 0.334631 -0.101451 -0.320200 0.077652 -0.367392 -0.016974 -0.166902 0.065770 -0.272768 -0.368543 -0.189214 0.065043 -0.224917 -0.235412 -0.224242 -0.050523 -0.431265 -0.183585 0.397545 0.042520 0.009772 0.287555 -0.047263 -0.150690 0.483797 0.032692 -0.276210 -0.044756 -0.001411 0.159802 -0.062163 -0.148956 0.131057 -0.082081 -0.218008 -0.233876 -0.343403 -0.269932 -0.321298 -0.223800 -0.284574 -0.287541 -0.380570 -0.130802 -0.027998 -0.054922 0.107582 -0.229798 -0.247050 0.195509 -0.004031 0.209035
-0.151169 -0.344458 0.489846 0.705608 0.322999 0.154758 -0.085558 0.173606 0.267356 0.054086 0.116784 0.375067 -0.213744 -0.047299 0.357073 0.230976 -0.381328 -0.475154 0.208131 0.173820 0.015080 0.213133 0.713397 1.000000 0.503645 0.689668 0.228708 0.624606 -0.245174 -0.439549 0.385885 0.492304 -0.314376 -0.115867 0.051226 0.036209 -0.156815 -0.150881 0.154867 0.047541 0.196068 0.141252 -0.238042 0.032817 -0.293127 0.054759 -0.300101 -0.139179 -0.095284 -0.309822 0.399269 -0.131151 -0.369392 -0.155259 -0.072645 -0.048537 -0.364894 -0.349615 -0.542120 -0.318501 -0.388350 -0.250674 -0.495542 -0.507558 0.253264 -0.047070 -0.359728 0.133031 -0.299825 0.106932 -0.177918 -0.075309 -0.489939 -0.477967 -0.332496 -0.273920 -0.434453 -0.307859 -0.444180 -0.249770 -0.437149 -0.395000 0.397643 0.279572 0.066621 0.454385 -0.051077 -0.027336 0.420892 0.315952 0.081856 0.013115 0.399839 0.227809 0.248909 -0.157331 0.041713 0.071673 -0.420377 -0.302738 -0.229230 -0.361251 -0.293530 -0.190997 -0.028503 -0.313841 -0.267667 0.030659 0.042686 0.073586 0.187789 -0.424099 -0.338205 0.162956 -0.051918 0.204509
0.172865 -0.466566 0.534586 0.194538 0.503007 0.350587 0.143345 -0.143448 0.092151 -0.190021 0.032576 -0.057289 -0.165980 -0.225045 -0.049523 -0.160535 -0.367961 -0.432428 0.133854 -0.011794 0.154779 0.140672 0.537154 0.503645 1.000000 0.791493 0.598528 0.603774 -0.141845 -0.364099 0.390100 0.269191 -0.155134 -0.097461 0.320694 0.047328 0.001326 0.065037 0.018878 0.039535 -0.010310 -0.042159 0.049629 0.285324 -0.097111 0.257972 -0.230977 -0.087153 0.389630 -0.256584 0.538999 -0.146448 -0.338911 -0.393799 -0.015057 0.042110 -0.431644 -0.293231 -0.194936 -0.035936 -0.229846 -0.140810 -0.260328 -0.322027 0.132856 -0.048533 -0.046008 0.437353 -0.370112 -0.059479 0.010775 0.184447 -0.332023 -0.285693 -0.111189 -0.080748 -0.160485 -0.201839 -0.225354 -0.118823 -0.462067 -0.143056 0.018980 -0.218903 -0.086267 0.198566 -0.029398 -0.299879 0.081111 0.009910 -0.199374 0.096630 0.012540 0.246910 0.054971 0.015729 0.415909 0.172320 -0.077528 -0.253443 -0.324138 -0.279584 -0.227413 0.009208 -0.028821 -0.079779 -0.263578 0.281071 0.087396 0.115710 0.216087 -0.366873 -0.342716 -0.030787 0.005278 0.149306
0.002081 -0.434608 0.544135 0.518092 0.405344 0.481805 0.048881 0.042029 0.044023 -0.077784 0.060910 0.041726 -0.316307 -0.207932 0.010307 -0.153703 -0.395345 -0.496761 0.122952 0.023502 0.340055 0.238818 0.648159 0.689668 0.791493 1.000000 0.595349 0.761720 -0.232286 -0.314553 0.503019 0.537811 -0.230134 0.000810 0.278318 0.213312 -0.102988 -0.038320 0.206944 0.141022 0.084999 -0.009134 0.062249 0.326375 -0.123472 0.394066 -0.193067 0.046560 0.118247 -0.190831 0.409513 -0.164280 -0.504371 -0.276324 0.017971 0.170828 -0.387195 -0.382394 -0.307365 -0.121711 -0.301869 -0.172874 -0.545000 -0.529374 0.143175 0.081022 -0.120463 0.422511 -0.326843 -0.037160 0.075442 0.231383 -0.354066 -0.293242 -0.171367 -0.045062 -0.243598 -0.223900 -0.323445 -0.250313 -0.575190 -0.314056 0.149757 -0.106086 -0.209630 0.269070 0.000782 -0.199276 0.213776 0.134492 -0.219132 -0.147487 0.049243 0.026833 0.152576 -0.063648 0.413979 0.195514 -0.183917 -0.371166 -0.327945 -0.429391 -0.252831 -0.155049 -0.079099 -0.136224 -0.354119 0.201857 0.074631 0.117483 0.242474 -0.376804 -0.384265 0.090234 -0.008510 0.085901
0.135338 -0.171672 0.350330 0.170646 0.627251 0.787488 0.209301 0.062417 0.016841 0.067249 -0.114149 -0.019749 -0.191024 -0.041227 -0.228297 -0.204950 -0.427632 -0.351943 0.076784 0.021364 0.593569 0.389816 0.207274 0.228708 0.598528 0.595349 1.000000 0.624656 -0.309992 -0.262747 0.265895 0.241669 -0.157025 -0.013471 0.119842 0.084925 -0.109286 -0.141713 -0.048161 -0.055127 -0.066628 0.115972 -0.050821 0.063732 0.064226 0.285875 -0.181964 0.009393 0.321781 -0.013811 0.297095 -0.050871 -0.247216 -0.307415 -0.038961 0.131368 -0.443376 -0.314601 0.074792 0.211644 -0.194976 -0.021813 -0.388610 -0.326699 0.072792 0.191049 0.145534 0.450689 -0.212957 0.029114 0.053507 0.270689 -0.330345 -0.076505 -0.109332 -0.055108 -0.157663 -0.193222 -0.310018 -0.378316 -0.483550 -0.174684 -0.107231 -0.166119 -0.241130 0.200183 -0.116304 -0.308213 -0.094958 0.032622 -0.106669 -0.000413 -0.004147 -0.064495 0.047352 0.024378 0.404895 0.188520 -0.104565 -0.299020 -0.142707 -0.462580 0.026204 -0.053409 0.004711 0.034753 -0.134010 0.272592 -0.136017 0.001459 0.024977 -0.323836 -0.308266 0.089498 0.090375 -0.006826
0.137304 -0.430882 0.603191 0.451720 0.453827 0.428707 0.070905 -0.009033 0.018105 -0.010664 0.064784 0.062574 -0.277766 -0.114747 0.097619 -0.110259 -0.435287 -0.532680 0.359146 0.158792 0.388221 0.268697 0.698542 0.624606 0.603774 0.761720 0.624656 1.000000 -0.117115 -0.420736 0.404915 0.424517 -0.003155 0.150673 0.203718 0.193049 -0.152785 -0.085880 0.151655 0.031356 -0.080491 0.024310 -0.012212 0.345772 -0.212270 0.294122 -0.375671 0.008338 0.110832 -0.321498 0.246518 -0.299197 -0.556883 -0.400483 -0.084546 -0.084200 -0.390322 -0.233221 -0.321321 -0.217477 -0.242023 -0.160718 -0.554866 -0.484042 0.216082 0.092731 -0.102135 0.359219 -0.122319 0.229290 -0.079440 0.088039 -0.403081 -0.300333 -0.080868 -0.029336 -0.184005 -0.217924 -0.202672 -0.277677 -0.439320 -0.232041 0.252967 -0.042838 -0.061164 0.347191 -0.008019 -0.127664 0.400211 -0.025780 -0.307809 -0.130576 -0.008638 0.005789 0.119115 -0.123910 0.283020 0.124674 -0.373196 -0.251475 -0.473945 -0.460985 -0.304336 -0.126450 -0.165787 -0.291102 -0.354845 -0.063873 0.039571 0.136744 0.303013 -0.299420 -0.426375 0.133469 0.001452 0.160873
0.186425 -0.043351 0.112173 -0.288988 -0.000238 -0.407834 0.090109 -0.026412 -0.140831 -0.176857 0.312462 -0.136893 0.217798 -0.066912 0.158796 0.067794 0.447230 0.195289 0.380522 0.327711 -0.245668 -0.079157 0.031160 -0.245174 -0.141845 -0.232286 -0.309992 -0.117115 1.000000 0.475061 -0.018406 -0.064777 0.200762 0.219962 -0.000877 0.008479 0.155252 0.210949 0.071687 0.077295 -0.032229 0.099830 -0.031730 0.150340 -0.196683 -0.093345 -0.205252 0.006766 -0.319377 -0.205508 -0.387961 -0.305716 -0.234710 -0.071447 -0.305615 -0.228181 0.212396 0.081786 -0.082473 -0.254109 0.254588 -0.118904 0.129248 0.232930 0.086519 -0.271595 -0.232983 -0.354995 0.117072 -0.100779 0.171846 -0.134601 0.629249 0.256066 0.354071 0.334583 0.410857 0.278113 0.491467 0.290648 0.458660 0.239997 0.199205 0.260887 0.032096 -0.405392 0.162917 0.053804 0.014734 -0.538627 -0.141234 -0.019523 -0.152087 -0.002520 -0.000925 0.111754 -0.131611 -0.025714 -0.095631 0.098221 -0.140019 0.139698 -0.202307 -0.116993 -0.081224 0.154081 -0.041014 -0.167889 0.059751 0.058810 0.098925 0.111032 0.062847 -0.366446 0.125327 0.110367
-0.009004 0.511010 -0.298995 -0.155890 -0.265735 -0.165236 0.117704 0.233107 -0.120983 -0.062265 0.137815 -0.020732 0.255204 0.287398 -0.090976 0.194097 0.417691 0.390768 -0.060237 0.016565 -0.005902 -0.110935 -0.290396 -0.439549 -0.364099 -0.314553 -0.262747 -0.420736 0.475061 1.000000 -0.007499 -0.032735 0.134576 0.189532 -0.160559 -0.110650 -0.002180 0.094071 -0.054129 0.051456 -0.158839 0.128475 0.009916 -0.035390 0.047914 -0.104397 0.184021 0.134875 -0.306216 0.159762 -0.360053 0.118034 0.128605 0.243650 -0.183494 0.070390 0.190613 0.124861 0.138222 -0.006018 0.134196 0.176106 0.156732 0.377054 -0.144635 0.005267 -0.076350 -0.389298 -0.011306 -0.259644 0.211506 0.223645 0.688588 0.575819 0.287827 0.443277 0.373657 0.432095 0.262204 0.195747 0.220045 0.233077 -0.287343 0.097915 -0.100949 -0.481049 0.007750 -0.169969 -0.395982 -0.283159 -0.085875 -0.193818 -0.200857 -0.192718 -0.119591 0.146717 -0.014477 0.028623 0.190073 0.060148 0.195056 0.185929 0.145000 -0.222142 -0.048228 0.182963 -0.061730 -0.111965 -0.209643 -0.052310 -0.228521 0.306324 0.400908 -0.152818 -0.005187 -0.168235
-0.229366 -0.459238 0.690885 0.392855 -0.030826 -0.024298 0.313492 -0.009661 0.052420 -0.393515 0.134663 0.074547 -0.321136 -0.261907 0.010406 -0.291808 -0.183668 -0.190227 0.552008 -0.054484 0.082395 -0.233516 0.715706 0.385885 0.390100 0.503019 0.265895 0.404915 -0.018406 -0.007499 1.000000 0.851555 0.095528 0.249602 0.237253 0.144783 0.024965 0.038535 0.081453 0.000402 0.254590 -0.032427 0.110700 0.059273 0.178431 0.268682 0.094131 -0.089054 -0.088152 -0.017395 0.388095 0.021404 -0.225506 0.001041 -0.182941 0.224237 -0.291439 -0.322721 -0.225869 -0.102119 -0.159299 -0.160409 -0.405807 -0.195336 0.396798 0.009433 -0.209216 -0.020969 -0.438083 -0.221242 -0.058072 0.370693 -0.071878 -0.236924 -0.271278 0.233521 -0.181724 -0.127418 -0.262679 -0.046309 -0.451641 -0.178398 0.230684 -0.082784 -0.166379 0.147193 -0.065579 -0.285929 0.170873 0.030469 -0.359179 -0.169089 -0.214772 -0.116679 -0.238367 -0.012621 0.173366 -0.168623 0.033889 -0.170904 -0.146020 -0.248091 -0.126637 -0.248221 -0.414822 -0.216281 -0.404873 0.103503 -0.146513 -0.228315 -0.297992 -0.108947 0.002689 0.253953 -0.149850 0.199356
-0.279633 -0.363132 0.565985 0.597445 0.060123 0.076615 0.166530 0.269574 0.069559 -0.101389 0.170388 0.351933 -0.365448 -0.117559 0.090359 -0.146262 -0.209351 -0.365104 0.404585 0.069045 0.070556 -0.132095 0.595965 0.492304 0.269191 0.537811 0.241669 0.424517 -0.064777 -0.032735 0.851555 1.000000 0.017823 0.340441 0.138457 0.195813 -0.087281 0.010559 0.097644 0.063582 0.222341 0.064550 -0.030479 -0.029391 0.110560 0.247450 -0.004639 -0.115426 -0.249115 0.018677 0.305712 0.009153 -0.338991 0.012272 -0.229277 0.210374 -0.255457 -0.447115 -0.293678 -0.186199 -0.215648 -0.114039 -0.583851 -0.348215 0.400393 0.189245 -0.294397 -0.015148 -0.415551 -0.176433 -0.201277 0.271743 -0.157675 -0.288091 -0.312629 0.132282 -0.269063 -0.121996 -0.349261 -0.219272 -0.443454 -0.351040 0.363637 0.152097 -0.108303 0.265274 -0.006772 -0.135900 0.180708 0.149788 -0.253203 -0.271454 -0.011624 -0.213520 -0.161748 -0.024855 0.006398 -0.095679 -0.085356 -0.201901 -0.185934 -0.378983 -0.239391 -0.400164 -0.409535 -0.329613 -0.457826 0.082852 -0.159166 -0.239665 -0.339106 -0.195539 -0.113775 0.248946 -0.272996 0.304868
0.229667 -0.089374 0.107543 -0.158640 -0.203144 -0.204984 0.261751 -0.114970 -0.017637 -0.220484 0.046273 -0.167849 -0.022631 -0.146815 -0.317662 -0.354208 0.121086 0.052946 0.278105 0.053931 -0.222569 -0.518256 0.017313 -0.314376 -0.155134 -0.230134 -0.157025 -0.003155 0.200762 0.134576 0.095528 0.017823 1.000000 0.631176 0.183383 0.090642 0.209159 0.259762 -0.003807 -0.115836 0.005594 -0.004743 0.059942 0.057626 -0.001022 -0.042079 -0.078080 -0.131327 -0.012303 -0.154313 -0.161314 -0.314367 -0.096259 -0.145499 -0.116973 -0.148318 0.038862 0.216531 0.275217 0.182436 0.262763 0.112376 0.030677 0.246430 0.207059 0.062399 0.396741 0.055868 0.249046 0.107036 -0.188751 0.098752 0.207381 0.009650 0.370302 0.248543 0.310873 0.046901 0.297984 0.346241 0.097417 0.233722 -0.141100 -0.299607 -0.131586 -0.106867 -0.003544 -0.129111 -0.152803 -0.354750 -0.406080 -0.278710 -0.539424 -0.350305 -0.386753 -0.002853 0.006687 -0.349192 0.129793 0.073862 -0.211614 -0.101747 -0.059046 -0.057792 -0.522682 -0.161840 -0.215407 -0.155593 -0.244245 -0.079921 -0.256887 0.143395 -0.035503 0.035872 -0.168790 0.151541
0.036964 -0.212358 0.210003 0.024278 -0.027409 -0.063578 0.133087 0.058446 0.022318 0.000270 0.101002 -0.090239 -0.109792 -0.014070 -0.257584 -0.351841 0.149467 -0.101575 0.228612 0.224782 -0.068370 -0.368564 0.110208 -0.115867 -0.097461 0.000810 -0.013471 0.150673 0.219962 0.189532 0.249602 0.340441 0.631176 1.000000 0.287267 0.493262 0.156862 0.214317 0.154838 0.025393 0.046361 0.173318 -0.051538 -0.037812 -0.070677 0.079770 -0.271731 -0.254495 -0.210992 -0.105719 -0.170332 -0.485167 -0.356105 -0.315141 -0.150860 -0.202534 0.004965 0.020812 0.050824 -0.107480 0.142657 -0.007568 -0.340467 -0.037264 0.404274 0.294886 0.131909 0.094961 0.346149 0.182353 -0.088088 0.092283 0.249678 0.211089 0.411106 0.226666 0.444012 0.287583 0.309812 0.234506 0.036698 0.184138 -0.023660 -0.170394 -0.158726 -0.154048 0.033640 -0.066958 -0.066847 -0.363713 -0.436777 -0.408967 -0.462373 -0.378562 -0.205336 0.013929 -0.001807 -0.334247 -0.107623 -0.090785 -0.305753 -0.304261 -0.148719 -0.188263 -0.468557 -0.248110 -0.233489 -0.047963 -0.175230 -0.049106 -0.161357 0.027717 -0.169920 0.068383 -0.121230 0.151959
0.154476 -0.460389 0.310070 -0.071698 -0.017868 -0.003696 0.034194 -0.324257 0.035937 -0.261641 0.049418 -0.296048 -0.169429 -0.345688 -0.208397 -0.384540 -0.177765 -0.218349 0.158112 -0.088458 0.008756 -0.174422 0.280765 0.051226 0.320694 0.278318 0.119842 0.203718 -0.000877 -0.160559 0.237253 0.138457 0.183383 0.287267 1.000000 0.614289 -0.019283 0.110059 0.013224 -0.113575 -0.019177 -0.316133 0.056807 0.093065 0.233289 0.460351 -0.167328 -0.213276 0.192155 0.030533 0.250193 -0.167880 -0.273525 -0.271705 0.120074 -0.079942 -0.139765 -0.169694 0.081049 0.100757 0.066593 -0.131943 -0.212205 -0.191078 0.181848 0.075343 0.277178 0.499548 0.110012 -0.003788 -0.033766 -0.084921 -0.154252 -0.184402 -0.106401 -0.153077 0.086765 0.035105 -0.002726 0.242494 -0.219255 0.132049 -0.020736 -0.300811 0.022149 0.074293 0.046950 -0.106695 0.149441 -0.255594 -0.245781 -0.009859 -0.262580 0.092786 -0.113121 0.052815 0.287837 -0.200863 -0.065293 -0.072488 -0.329819 0.030680 0.079490 0.139833 -0.081659 -0.107449 -0.164335 -0.090741 0.210897 0.116247 0.235299 -0.004598 -0.196738 -0.101085 0.115093 -0.215431
-0.066600 -0.381858 0.248418 0.031528 -0.006178 0.073794 -0.054987 -0.167749 -0.173169 -0.053916 0.027192 -0.290845 -0.183678 -0.231274 -0.142415 -0.299606 -0.017224 -0.167432 0.078165 0.144350 -0.001237 -0.129034 0.225010 0.036209 0.047328 0.213312 0.084925 0.193049 0.008479 -0.110650 0.144783 0.195813 0.090642 0.493262 0.614289 1.000000 -0.032776 -0.006038 0.176940 -0.049352 0.038055 -0.074528 -0.009957 0.009411 0.288087 0.512826 -0.218180 -0.143903 -0.109296 0.245400 -0.110367 -0.261635 -0.317188 -0.127151 0.021292 -0.117167 -0.033356 -0.124992 -0.124835 -0.022084 -0.091319 -0.227655 -0.372401 -0.269106 0.051298 0.149807 0.153317 0.429643 0.181828 -0.036579 -0.052528 -0.152547 0.007025 0.059186 0.107127 -0.116314 0.180119 0.170723 0.182400 0.158672 -0.029793 0.187582 -0.008652 -0.163744 -0.063444 -0.038295 -0.034420 -0.016280 0.133131 -0.223159 -0.141648 -0.048531 -0.171566 -0.085133 -0.033706 -0.009680 0.062340 -0.171849 -0.140235 -0.176559 -0.180033 -0.193968 0.054874 -0.038945 -0.145767 -0.131468 -0.086347 -0.083559 0.069305 -0.051749 0.109119 -0.005127 -0.057207 -0.004031 0.095965 -0.157106
