1.000000 0.351598 0.201835 -0.222335 -0.125148 -0.127946 0.116892 -0.083670 -0.388577 -0.181114 0.489683 0.224707 0.473138 0.246115 -0.197168 -0.166808 0.291915 0.172054 0.429011 -0.076568 -0.360017 -0.181395 0.093924 -0.052523 -0.240406 -0.309332 -0.101136 -0.187461 0.263250 -0.012344 -0.100886 -0.194873 0.254934 -0.044941 -0.186786 -0.233312 0.203794 -0.280881 -0.245037 -0.145959 -0.253999 -0.142928 -0.058015 0.018133 -0.223491 -0.128570 -0.224698 -0.258337 -0.177223 -0.223590 -0.092359 -0.264144 -0.219545 -0.344501 -0.075661 -0.132854 0.159792 0.107101 0.098379 -0.046958 0.181875 0.130448 0.161784 0.174210 0.130383 0.018783 -0.145465 -0.262082 0.034302 -0.195483 0.082599 -0.129329 0.324825 0.221623 0.479763 0.022573 0.353311 -0.028489 0.141812 0.117866 0.202407 0.103138 0.107955 -0.139817 0.034155 -0.140547 0.226238 0.230059 -0.180021 -0.107871 0.036382 0.169515 -0.009738 0.220220 -0.083605 -0.033777 -0.120976 -0.073507 -0.050068 0.195779 0.007414 0.093660 -0.034203 0.156455 -0.052964 -0.162112 0.063997 0.095251 0.087166 0.025482 -0.267850 -0.086518 -0.140882 0.077696 -0.011338 0.027590
0.351598 1.000000 -0.307831 -0.094721 -0.100733 -0.109487 -0.354471 -0.154086 -0.395179 -0.331499 0.046232 0.348540 -0.025947 0.145971 -0.269561 -0.157614 0.286849 0.464659 -0.047289 0.013519 -0.006921 -0.298303 -0.083354 -0.077200 0.050924 0.008814 0.066084 -0.035707 0.119255 0.221262 -0.059649 -0.145339 0.024612 -0.047318 -0.176611 -0.219536 0.093423 -0.063559 -0.131150 -0.176994 -0.127805 0.014390 -0.150533 0.028116 0.007597 0.094232 -0.091628 -0.286453 -0.147676 0.050441 0.090691 0.019911 -0.033481 -0.132513 -0.127737 -0.172212 0.470463 0.609255 -0.206637 -0.135916 0.003703 0.086030 0.139023 0.306467 -0.019488 0.024091 -0.282969 -0.221128 0.183173 -0.015881 -0.213433 0.030134 0.141318 0.323639 0.142649 0.063650 0.123659 0.044925 0.165806 0.260922 0.280654 0.296004 -0.091949 0.090312 0.151258 0.093508 0.133426 0.237564 -0.256491 -0.075376 -0.295981 -0.237013 -0.085472 -0.055043 -0.082527 -0.041009 -0.149610 -0.072873 -0.015087 -0.097130 0.158252 0.112247 0.036215 0.074010 -0.042434 -0.000845 0.059838 0.105511 -0.046557 -0.129387 -0.295078 0.032820 -0.024300 0.067937 0.259018 0.142482
0.201835 -0.307831 1.000000 0.369675 0.275963 0.091262 0.743403 0.224271 0.108461 0.022188 0.401513 0.162322 0.396674 0.036610 0.305256 0.044808 0.053445 -0.227986 0.142035 -0.345979 -0.378277 0.109016 0.599911 0.493757 0.278170 0.057107 0.210779 0.063003 0.063455 -0.434341 0.312807 0.212252 0.063358 0.021906 -0.211142 -0.245348 0.266546 -0.037403 -0.210640 -0.181717 -0.270842 -0.268618 0.303634 0.254768 0.040904 0.111321 -0.155713 0.078023 0.177598 -0.033685 0.137111 -0.001393 -0.206526 -0.056837 0.035294 -0.149748 -0.295812 -0.292259 -0.138188 -0.180512 -0.093245 -0.265531 -0.128428 -0.203657 0.302324 0.062888 -0.165384 -0.130974 -0.491384 -0.457424 0.267368 -0.045752 0.126509 -0.107432 0.087293 -0.077155 0.195585 -0.014409 0.052832 -0.355147 -0.001599 -0.137286 0.284619 -0.134084 -0.105025 0.027832 0.209014 0.237563 0.216031 0.150744 0.167758 0.416219 0.147753 0.291112 -0.319964 -0.275784 -0.093275 -0.307350 -0.085700 0.087770 -0.340194 -0.145624 -0.042340 0.020534 0.021002 -0.254144 -0.149755 -0.226188 -0.180309 0.144315 -0.171968 -0.034083 -0.037042 0.178389 -0.321794 0.074864
-0.222335 -0.094721 0.369675 1.000000 -0.040885 0.233291 0.266446 0.560067 0.144426 0.322805 -0.037803 0.370058 -0.204194 -0.131046 0.131556 0.273168 -0.235468 -0.262811 -0.297592 -0.123046 -0.109546 -0.113198 0.063560 0.296789 0.165535 0.283261 -0.127758 0.015104 -0.283892 -0.141752 0.081251 0.217656 -0.208922 -0.164717 -0.181070 -0.314395 -0.069768 0.238671 -0.179739 -0.094919 -0.054986 -0.080867 0.008340 0.094270 0.033934 0.139291 0.056637 -0.141875 -0.009555 0.002977 0.106455 0.136655 0.023922 0.016226 0.062270 -0.177214 -0.318614 -0.242805 -0.153778 0.063948 -0.284606 -0.150880 -0.337111 -0.237456 0.189766 0.342852 -0.182900 -0.058187 -0.303854 -0.225918 0.003276 0.380192 -0.184329 0.031504 -0.236950 0.017369 0.046639 0.179686 -0.067900 -0.392493 -0.196300 -0.102042 0.077208 0.107867 -0.058220 0.489819 -0.035897 0.050602 0.357972 0.324418 -0.002805 -0.069960 0.409609 -0.037905 -0.050279 -0.124058 -0.021623 -0.036683 0.104530 0.001645 -0.035313 -0.159809 0.102536 0.067118 0.155759 0.078101 -0.059191 -0.097910 -0.039945 0.054668 -0.147917 0.135029 0.210371 0.115330 -0.040015 0.146614
-0.125148 -0.100733 0.275963 -0.040885 1.000000 0.464264 0.284912 0.092575 0.210863 -0.068823 0.160760 -0.113391 0.129660 -0.042522 0.238974 -0.046491 0.448797 0.311313 -0.287707 -0.546114 -0.031525 0.197527 0.427639 0.333206 0.691041 0.459366 0.582949 0.217469 0.268948 -0.002875 0.478684 0.438552 0.087324 0.330849 -0.080423 0.175185 0.122890 -0.207231 -0.406560 -0.552257 -0.472806 -0.234379 0.080331 0.099244 0.515060 0.359873 -0.107376 -0.078709 0.406548 0.347880 0.383601 0.247595 -0.190636 0.063491 -0.241950 -0.368412 0.290164 0.337269 -0.137566 -0.136624 0.002174 -0.076605 0.298615 0.250224 0.319836 0.009104 -0.170066 -0.065278 -0.287418 -0.337245 0.122844 -0.035644 0.258565 0.057988 0.150458 0.063381 -0.040478 -0.118862 0.287902 0.047634 0.446975 0.195026 0.007816 -0.506619 0.229220 -0.157232 0.012540 -0.200021 -0.249265 -0.168091 -0.026141 -0.024152 0.057772 0.123233 -0.526046 -0.511011 -0.457343 -0.403699 -0.232049 -0.286978 -0.191710 -0.023865 -0.108803 -0.080661 0.023000 -0.168845 -0.266360 -0.156830 -0.451615 -0.006209 -0.338505 -0.134447 -0.255429 -0.019360 -0.189850 0.022907
-0.127946 -0.109487 0.091262 0.233291 0.464264 1.000000 -0.054506 0.327117 0.299024 0.412699 -0.112229 0.001632 -0.045911 0.154843 0.207568 0.442143 -0.077632 -0.061645 -0.387837 -0.266215 0.047060 0.190092 -0.069715 0.178638 0.278845 0.479079 0.255436 0.379413 -0.285660 -0.017899 -0.020118 0.097874 -0.228400 0.002237 0.029516 0.140031 -0.126739 0.106147 -0.054143 -0.030644 -0.163505 0.118585 -0.053349 -0.101044 0.101929 0.005316 -0.030842 -0.003122 0.097504 0.026826 0.032991 -0.014103 -0.075728 -0.241466 0.020895 -0.085849 0.031424 0.003310 0.198976 0.234767 0.053415 0.193270 -0.079068 -0.119975 0.100393 0.473238 -0.037137 0.179945 -0.194242 -0.067642 -0.300532 0.167038 -0.154955 0.157966 -0.239594 0.169413 -0.268772 0.095158 -0.036130 -0.178165 0.007937 -0.208924 -0.187697 -0.070678 -0.148468 -0.057053 -0.123050 0.050927 -0.023145 0.091480 0.083852 -0.203605 0.261636 -0.019277 -0.140536 -0.117838 -0.065498 -0.168794 -0.222416 -0.253015 -0.182754 -0.195597 -0.177784 0.146359 0.203676 0.071755 -0.099551 0.036804 -0.188754 0.040680 -0.016546 -0.234411 -0.198050 -0.104679 -0.265801 -0.089160
0.116892 -0.354471 0.743403 0.266446 0.284912 -0.054506 1.000000 0.513318 0.048152 0.075654 0.496710 0.214702 0.542985 0.147226 0.123571 -0.076473 0.157934 -0.182629 0.006095 -0.489000 -0.456145 -0.097459 0.612365 0.505801 0.235288 -0.064392 0.004402 -0.293909 0.350898 -0.173390 0.470904 0.430882 0.313683 0.332239 -0.069976 -0.061441 0.298653 -0.119550 -0.365122 -0.329858 -0.318997 -0.423485 0.042755 0.021738 0.149334 0.238512 -0.217248 -0.132646 0.230803 0.105897 0.147224 0.104076 -0.293690 0.041911 -0.191888 -0.252496 -0.253625 -0.325891 -0.258043 -0.208588 -0.002419 -0.068033 0.081604 -0.020347 0.437780 0.014169 -0.274665 -0.140033 -0.627471 -0.589924 0.252220 -0.045215 0.353678 -0.104772 0.196664 -0.108097 0.391549 0.075384 0.236413 -0.262251 0.144650 -0.042144 0.248996 -0.278464 0.011087 0.029289 0.129275 -0.075876 -0.039491 0.015595 0.126572 0.480583 0.333196 0.384335 -0.409973 -0.336239 -0.274075 -0.349376 -0.065909 0.059805 -0.153402 -0.089705 -0.010089 -0.186399 -0.168993 -0.427060 -0.190622 -0.389276 -0.198814 0.051660 -0.417200 0.080994 0.075033 0.212444 -0.241898 0.141087
-0.083670 -0.154086 0.224271 0.560067 0.092575 0.327117 0.513318 1.000000 0.179437 0.565658 0.226505 0.424768 0.151966 0.323450 0.076688 0.346190 -0.035161 -0.233201 -0.425546 -0.427159 -0.370913 -0.208662 0.180057 0.419291 0.097622 0.059952 -0.238886 -0.263749 0.016221 0.018826 0.232634 0.410677 0.096815 0.332964 -0.069540 0.007014 0.060369 0.081909 -0.369570 -0.221967 -0.211605 -0.255263 -0.208722 -0.183251 0.086913 0.132960 -0.189540 -0.253306 0.147616 0.097368 0.062481 0.100525 -0.290565 -0.142565 -0.265752 -0.306736 -0.230408 -0.316123 -0.123805 0.015967 -0.075727 0.185803 0.023857 -0.058287 0.404815 0.582492 -0.283471 0.020654 -0.548816 -0.423021 -0.064908 0.275587 0.093636 0.071170 -0.054087 0.005691 0.148337 0.254186 0.222932 -0.352504 0.065724 -0.165236 0.076760 -0.141811 -0.122986 0.132981 -0.089985 -0.124974 -0.073103 0.089078 0.161978 0.049555 0.593511 0.149639 -0.295973 -0.184973 -0.238867 -0.232785 -0.149401 -0.068228 0.043013 -0.244699 0.090670 -0.027537 0.027205 -0.203070 -0.078952 -0.263430 -0.132839 0.075740 -0.320456 0.139665 0.196322 0.193050 -0.181664 0.221535
-0.388577 -0.395179 0.108461 0.144426 0.210863 0.299024 0.048152 0.179437 1.000000 0.654641 -0.318153 -0.265376 -0.100912 0.015683 0.549383 0.461696 -0.285913 -0.260025 -0.165795 0.123778 0.180814 0.200846 -0.252866 -0.104297 0.008972 0.123234 -0.163491 0.077735 -0.358314 0.005741 -0.182596 -0.090702 -0.209223 -0.105432 0.061439 0.240774 -0.334487 0.172369 0.119359 0.095274 0.128725 0.231637 0.293780 0.138919 0.081266 0.020328 0.160479 0.310788 0.230306 0.018144 0.051644 0.013249 0.127328 0.116075 0.059036 0.014266 -0.328495 -0.236027 0.263660 0.165869 -0.139133 -0.067917 -0.324669 -0.368067 -0.291986 -0.030991 0.206756 0.182824 -0.061044 0.180111 0.078292 0.129354 -0.316584 0.046187 -0.050108 0.256607 -0.209712 0.155612 -0.150683 -0.219477 -0.302201 -0.390688 0.008490 0.052393 -0.226596 -0.219986 -0.241980 -0.208932 0.051634 -0.057797 0.246591 0.053164 0.113617 -0.035377 0.083600 -0.065385 0.068491 -0.018566 0.071565 -0.235402 -0.135959 0.057335 -0.146123 0.078881 0.172574 0.342612 -0.208339 -0.004755 -0.139054 -0.006754 0.359528 -0.157926 -0.174824 -0.337160 -0.223601 -0.227884
-0.181114 -0.331499 0.022188 0.322805 -0.068823 0.412699 0.075654 0.565658 0.654641 1.000000 -0.171606 -0.014437 -0.146780 0.208352 0.340930 0.656821 -0.363833 -0.386345 -0.264770 0.060216 0.109894 0.121938 -0.277107 -0.033954 -0.135762 0.113679 -0.393886 -0.029837 -0.412739 -0.015370 -0.238041 -0.003067 -0.252964 -0.067047 0.027929 0.131243 -0.371079 0.197561 0.031370 0.118553 0.035735 0.069581 0.015487 -0.040552 0.015520 0.013598 0.023932 0.100607 0.088579 -0.009892 -0.073687 -0.071431 -0.075283 -0.025342 0.023947 -0.029598 -0.305397 -0.413669 0.236251 0.194443 -0.197879 0.073093 -0.372575 -0.431710 -0.058190 0.375716 0.107017 0.228404 -0.057737 0.091747 -0.064809 0.245719 -0.395010 -0.019616 -0.154106 0.167747 -0.174062 0.182682 -0.193955 -0.378506 -0.331123 -0.444264 0.011994 0.052660 -0.254573 -0.064630 -0.151055 -0.124904 0.085115 0.033734 0.255014 0.033385 0.381162 0.006009 0.116393 0.109947 0.080380 0.123449 -0.083419 -0.057925 -0.032362 -0.177781 -0.034738 0.179795 0.171944 0.225511 -0.055634 0.034852 0.103826 0.081570 0.234751 -0.007457 0.075609 -0.071700 -0.150519 -0.101330
0.489683 0.046232 0.401513 -0.037803 0.160760 -0.112229 0.496710 0.226505 -0.318153 -0.171606 1.000000 0.549240 0.511459 0.313122 0.077786 -0.042765 0.448729 0.111581 0.043596 -0.480078 -0.356800 -0.023986 0.687823 0.571509 0.133560 -0.013080 0.130567 -0.139599 0.576302 0.011728 0.513826 0.441784 0.252441 0.391931 -0.072481 -0.035989 0.359135 -0.107664 -0.473352 -0.415277 -0.476847 -0.393025 0.056262 0.114387 0.073990 0.140292 -0.418938 -0.090252 0.164914 0.081618 0.089612 0.009745 -0.458464 -0.106941 -0.257019 -0.406523 -0.111681 -0.211763 -0.427833 -0.470471 -0.149445 -0.164847 0.159229 0.043384 0.549589 0.096725 -0.426841 -0.190911 -0.456451 -0.553528 0.362086 0.135444 0.495725 0.027678 0.295781 -0.013829 0.373456 0.135492 0.321327 0.050321 0.375680 0.275533 0.460875 -0.270381 0.279458 -0.026968 0.328282 0.085041 -0.148799 -0.143233 -0.031874 0.343622 0.228528 0.266899 -0.465267 -0.364326 -0.430872 -0.384715 -0.366635 0.181891 0.026720 -0.242834 -0.126042 -0.211080 -0.239394 -0.464668 -0.099048 -0.323171 -0.152012 0.082397 -0.375325 0.239004 0.110617 0.427573 -0.136007 0.179826
0.224707 0.348540 0.162322 0.370058 -0.113391 0.001632 0.214702 0.424768 -0.265376 -0.014437 0.549240 1.000000 0.144986 0.318932 -0.084961 0.059483 0.193580 0.078159 -0.214532 -0.348696 -0.347247 -0.179916 0.399233 0.562709 0.166463 0.132496 0.076902 -0.022904 0.217245 0.076204 0.432375 0.411114 0.156650 0.293359 -0.085284 -0.156820 0.182540 0.135969 -0.464822 -0.376437 -0.388084 -0.283351 -0.077221 -0.024695 0.029991 0.069931 -0.364439 -0.261781 0.009471 -0.039054 0.091222 0.002616 -0.407612 -0.245471 -0.296394 -0.521786 -0.155310 -0.180131 -0.443560 -0.331304 -0.212334 -0.154130 0.023051 0.038942 0.479107 0.353962 -0.369769 -0.111187 -0.401506 -0.457408 0.070597 0.383592 0.291910 0.244937 0.131111 0.083177 0.248479 0.338772 0.289473 -0.084332 0.253101 0.273786 0.287826 0.048434 0.140217 0.344219 0.210791 0.224879 -0.085429 -0.015870 -0.000554 0.041936 0.399763 0.083880 -0.435133 -0.294794 -0.410269 -0.385064 -0.245611 -0.029821 0.185185 -0.351736 0.022075 -0.074023 -0.072692 -0.272782 0.061509 -0.246872 -0.150386 -0.043212 -0.420033 0.236691 0.179201 0.432051 -0.045803 0.266451
0.473138 -0.025947 0.396674 -0.204194 0.129660 -0.045911 0.542985 0.151966 -0.100912 -0.146780 0.511459 0.144986 1.000000 0.591796 0.075096 -0.145246 0.305226 0.041513 0.223153 -0.381510 -0.512347 -0.095655 0.317322 0.223088 0.023456 -0.331488 -0.087958 -0.334052 0.509081 0.134792 0.169692 0.055323 0.502456 0.335651 -0.045981 0.032259 0.496454 -0.060895 -0.261450 -0.256673 -0.255914 -0.092812 -0.009847 -0.070159 0.026190 0.001443 -0.296850 -0.221280 0.060465 -0.097201 -0.075034 -0.192795 -0.178518 -0.164647 -0.255375 -0.271737 -0.139583 -0.152522 -0.022784 -0.009750 0.385585 0.338577 0.326885 0.249963 0.075536 -0.096276 -0.230733 -0.213229 -0.431718 -0.442780 0.175632 -0.105959 0.607049 0.303246 0.505404 0.150390 0.529093 0.295953 0.293103 -0.042166 0.315726 -0.012502 -0.073758 -0.280793 -0.263174 -0.453448 -0.026473 0.023352 -0.412455 -0.220404 0.276587 0.485156 0.285720 0.471110 -0.363163 -0.285564 -0.275893 -0.415690 -0.080052 0.071618 -0.004637 0.122435 -0.058283 -0.062251 -0.150549 -0.392163 -0.042555 -0.212140 -0.120194 0.043682 -0.383022 -0.087827 -0.052095 0.067256 -0.231568 0.178128
0.246115 0.145971 0.036610 -0.131046 -0.042522 0.154843 0.147226 0.323450 0.015683 0.208352 0.313122 0.318932 0.591796 1.000000 0.133194 0.227937 0.174150 0.079348 -0.186497 -0.388202 -0.270774 -0.078988 0.082167 0.178611 -0.009454 -0.162176 -0.152280 -0.224195 0.254673 0.293630 0.083679 0.075131 0.153033 0.289050 -0.079616 0.064321 0.286014 0.169265 -0.290395 -0.206499 -0.261890 -0.059664 -0.009236 -0.050405 0.104061 0.066028 -0.344426 -0.132129 0.064159 0.035047 -0.038197 -0.214427 -0.173661 -0.223703 -0.295715 -0.328233 -0.171958 -0.229479 -0.021024 0.088408 0.235843 0.406644 0.132716 0.115680 0.065374 0.201356 -0.220612 -0.071375 -0.335930 -0.307352 -0.003136 0.240485 0.302227 0.324901 0.248877 0.200628 0.245374 0.496029 0.239748 -0.031826 0.223093 -0.009188 -0.252857 -0.232458 -0.267838 -0.431442 -0.167265 -0.115057 -0.433849 -0.380661 0.346746 0.181451 0.316789 0.269678 -0.306249 -0.142857 -0.292417 -0.299900 -0.282524 0.006297 0.095217 0.012446 -0.032794 0.131669 0.002353 -0.197483 0.073395 -0.034599 -0.026058 0.000696 -0.259893 0.084937 0.051111 0.202440 -0.162168 0.044328
-0.197168 -0.269561 0.305256 0.131556 0.238974 0.207568 0.123571 0.076688 0.549383 0.340930 0.077786 -0.084961 0.075096 0.133194 1.000000 0.627461 -0.197213 -0.136022 -0.103364 -0.037040 0.260086 0.166784 0.025086 0.068002 0.086309 0.219254 -0.066761 0.071446 -0.164717 -0.041140 0.027772 0.048074 -0.241088 -0.106826 -0.039297 0.024969 -0.241980 0.201276 0.009927 -0.023358 -0.027003 0.052823 0.415280 0.387933 0.117157 0.222729 0.203110 0.264010 0.224507 0.111410 0.110086 0.067591 0.257638 0.216372 0.209809 -0.012320 -0.380967 -0.247446 0.078275 -0.056606 -0.227450 -0.162721 -0.374958 -0.322407 -0.130318 -0.030638 -0.085366 -0.073025 -0.091258 0.049006 0.210258 0.166804 -0.225169 -0.075770 -0.112207 0.110529 -0.027786 0.090487 -0.100030 -0.072211 -0.190687 -0.180706 0.170464 -0.022689 -0.120712 -0.125131 -0.161898 -0.171393 0.229551 0.052396 0.108452 0.053347 0.009735 -0.176823 0.013310 -0.107832 -0.017061 -0.002547 -0.043419 -0.001667 -0.262985 -0.171027 -0.329371 -0.093257 -0.041651 0.137776 -0.185443 -0.071588 0.007667 -0.046458 0.217279 0.093470 -0.023692 -0.195528 -0.183568 -0.118007
-0.166808 -0.157614 0.044808 0.273168 -0.046491 0.442143 -0.076473 0.346190 0.461696 0.656821 -0.042765 0.059483 -0.145246 0.227937 0.627461 1.000000 -0.416961 -0.324381 -0.199427 0.094928 0.282143 0.100913 -0.220298 0.030416 -0.128841 0.235378 -0.249445 0.134265 -0.451256 -0.031307 -0.250268 -0.082296 -0.428276 -0.238327 0.008422 0.003462 -0.407865 0.252276 0.132236 0.188766 0.049987 0.146432 0.172946 0.175287 -0.063014 0.071049 0.166856 0.223785 0.068277 0.028955 -0.051605 0.031406 0.124294 0.078347 0.213483 0.109819 -0.342098 -0.354267 0.154604 0.060778 -0.269483 -0.039916 -0.485286 -0.491519 -0.140469 0.322521 -0.077227 0.028424 0.012544 0.131694 -0.163507 0.253350 -0.466082 -0.050497 -0.345272 0.108112 -0.156343 0.091583 -0.318401 -0.240831 -0.377355 -0.415214 0.144963 0.229565 -0.212989 -0.001876 -0.220749 -0.005004 0.226601 0.130831 0.110924 0.004978 0.269465 -0.154054 0.240816 0.147477 0.170167 0.262389 -0.016349 0.063709 -0.141721 -0.216361 -0.283834 0.043392 0.006237 0.228047 -0.075709 0.054493 0.233362 0.003426 0.333352 0.173194 0.111017 -0.111584 -0.060707 -0.112341
0.291915 0.286849 0.053445 -0.235468 0.448797 -0.077632 0.157934 -0.035161 -0.285913 -0.363833 0.448729 0.193580 0.305226 0.174150 -0.197213 -0.416961 1.000000 0.763588 -0.088300 -0.632141 -0.392107 -0.010308 0.453146 0.279581 0.294748 -0.024391 0.395006 -0.078224 0.760240 0.180315 0.494010 0.350154 0.249554 0.368459 -0.367014 -0.122939 0.459657 -0.307558 -0.598289 -0.707205 -0.638980 -0.477814 0.002233 0.021954 0.484221 0.290129 -0.366690 -0.251015 0.272855 0.321710 0.455571 0.331074 -0.326588 0.049288 -0.370383 -0.436869 0.532363 0.434658 -0.436710 -0.357925 0.016254 -0.050740 0.641773 0.616978 0.428820 -0.111853 -0.507682 -0.424149 -0.364922 -0.635515 0.230779 -0.014529 0.700320 0.153369 0.424836 -0.052401 0.220798 0.037396 0.691500 0.375053 0.872478 0.678016 0.013875 -0.585568 0.460428 -0.108220 0.074129 -0.080299 -0.555698 -0.300482 -0.008116 0.110389 -0.043050 0.284316 -0.690530 -0.500892 -0.661063 -0.531479 -0.163262 0.019966 0.142816 0.202714 0.129995 0.082493 0.041812 -0.268758 -0.125361 -0.151143 -0.375592 0.164786 -0.523681 0.066473 -0.151783 0.314437 -0.158450 0.184153
0.172054 0.464659 -0.227986 -0.262811 0.311313 -0.061645 -0.182629 -0.233201 -0.260025 -0.386345 0.111581 0.078159 0.041513 0.079348 -0.136022 -0.324381 0.763588 1.000000 -0.198382 -0.405898 -0.083243 -0.119677 0.094222 -0.007889 0.229619 0.140656 0.255002 -0.083763 0.561016 0.455642 0.222661 0.154692 -0.017980 0.061207 -0.344136 -0.177574 0.276323 -0.138118 -0.340590 -0.488098 -0.427444 -0.203903 0.072723 0.182702 0.446369 0.334315 -0.061404 -0.276363 0.122460 0.330918 0.423302 0.363931 0.000323 0.045544 -0.147085 -0.232179 0.569164 0.595559 -0.322962 -0.225283 -0.032055 -0.084314 0.476589 0.656710 0.084929 -0.195567 -0.470538 -0.462247 -0.071063 -0.356546 0.036638 0.009717 0.503540 0.235741 0.338748 0.055925 0.156682 0.100956 0.595931 0.640733 0.710847 0.784583 -0.159763 -0.333458 0.454511 -0.004793 0.052290 -0.088019 -0.464910 -0.270700 -0.225571 -0.234810 -0.250192 -0.002707 -0.390202 -0.242247 -0.428423 -0.200511 0.044014 0.027970 0.138183 0.269386 0.011789 0.070462 -0.030255 -0.064197 -0.126322 0.012167 -0.154511 0.090541 -0.395224 0.129387 -0.143922 0.115034 0.033592 0.064761
0.429011 -0.047289 0.142035 -0.297592 -0.287707 -0.387837 0.006095 -0.425546 -0.165795 -0.264770 0.043596 -0.214532 0.223153 -0.186497 -0.103364 -0.199427 -0.088300 -0.198382 1.000000 0.504866 -0.020510 -0.050820 -0.089897 -0.305247 -0.441666 -0.375672 -0.197399 -0.114719 0.046922 -0.149290 -0.254337 -0.365891 0.289199 -0.246180 0.017001 -0.156627 -0.096330 -0.175755 0.202277 0.247918 0.283210 0.128403 0.091198 0.031577 -0.413567 -0.341011 0.209643 -0.009910 -0.349429 -0.415119 -0.355295 -0.381826 0.091992 0.000679 0.132962 0.288612 -0.144427 -0.135622 0.183027 -0.099929 0.140648 -0.051259 0.011103 -0.082813 -0.145605 -0.230280 0.122540 -0.146433 0.354511 0.247080 0.069414 -0.404827 0.035079 -0.045856 0.330250 -0.094293 0.245884 -0.280961 -0.139183 0.135173 -0.174010 -0.117214 0.283385 0.251849 0.013250 -0.046927 0.159562 0.212237 0.162251 0.099873 0.062782 0.285604 -0.216601 0.067984 0.311940 0.130597 0.259663 0.175399 0.331427 0.179595 -0.199205 0.186179 -0.080359 -0.063165 -0.160037 -0.037035 0.100161 0.012409 0.194175 -0.136977 0.126908 -0.214441 -0.192306 -0.276475 -0.103716 -0.219728
-0.076568 0.013519 -0.345979 -0.123046 -0.546114 -0.266215 -0.489000 -0.427159 0.123778 0.060216 -0.480078 -0.348696 -0.381510 -0.388202 -0.037040 0.094928 -0.632141 -0.405898 0.504866 1.000000 0.455031 -0.038444 -0.608618 -0.605829 -0.590001 -0.270066 -0.368171 0.023359 -0.536137 -0.069370 -0.661237 -0.652929 -0.149450 -0.509097 0.162833 -0.018721 -0.541786 0.018408 0.558194 0.622827 0.638752 0.447601 -0.076489 -0.148294 -0.562222 -0.485417 0.354730 0.189770 -0.384771 -0.427512 -0.476525 -0.370307 0.386925 0.094672 0.294222 0.485927 -0.190887 -0.107843 0.424867 0.237259 0.037883 0.016066 -0.372977 -0.366419 -0.532373 -0.229214 0.490857 0.185006 0.707061 0.799052 -0.114108 -0.230216 -0.575028 -0.154343 -0.188328 0.030825 -0.262629 -0.248025 -0.601169 -0.036070 -0.687310 -0.409719 0.052660 0.590831 -0.220463 0.032710 -0.071687 0.097399 0.406642 0.244353 -0.000599 0.008681 -0.266139 -0.174922 0.740236 0.503240 0.549917 0.571374 0.305069 0.018713 0.075818 0.113296 -0.032940 0.016044 0.082419 0.461311 0.202648 0.387255 0.359508 -0.117260 0.576824 -0.235206 -0.001209 -0.422674 0.218474 -0.179400
-0.360017 -0.006921 -0.378277 -0.109546 -0.031525 0.047060 -0.456145 -0.370913 0.180814 0.109894 -0.356800 -0.347247 -0.512347 -0.270774 0.260086 0.282143 -0.392107 -0.083243 -0.020510 0.455031 1.000000 0.260471 -0.420938 -0.442741 -0.009332 0.441356 0.031022 0.289064 -0.397202 0.174740 -0.235356 -0.151568 -0.368306 -0.399286 0.279348 0.123390 -0.551968 0.292305 0.392859 0.282135 0.312101 0.307189 0.003903 0.201362 -0.001112 0.114403 0.401995 0.194594 -0.095396 0.088960 -0.140088 -0.027600 0.349269 0.356494 0.342919 0.328895 0.011401 0.044301 0.079529 0.047049 -0.228370 -0.172720 -0.444061 -0.336764 -0.269040 -0.148270 0.230803 0.205281 0.552222 0.568031 -0.193698 -0.002231 -0.558464 -0.116953 -0.285249 0.084298 -0.189044 -0.132952 -0.450285 0.170778 -0.443693 -0.058528 -0.010251 0.178894 0.181561 0.148437 0.011841 -0.209569 0.355515 0.010149 -0.321125 -0.296466 -0.316425 -0.414720 0.448478 0.319831 0.257527 0.502066 0.085519 0.043783 -0.037799 -0.008944 -0.202503 -0.140529 -0.100053 0.287923 -0.017452 0.188651 0.356004 -0.194905 0.318432 0.177562 0.118127 -0.266946 0.255113 -0.287278
-0.181395 -0.298303 0.109016 -0.113198 0.197527 0.190092 -0.097459 -0.208662 0.200846 0.121938 -0.023986 -0.179916 -0.095655 -0.078988 0.166784 0.100913 -0.010308 -0.119677 -0.050820 -0.038444 0.260471 1.000000 0.131085 0.197116 0.288569 0.332023 0.368861 0.543345 -0.142839 -0.219985 0.090551 0.137145 -0.060419 0.079388 0.040318 0.118274 -0.025791 0.261699 0.147911 0.097800 -0.106194 0.071189 0.110005 -0.060734 0.073590 -0.128412 -0.329748 0.203776 0.073873 -0.169958 0.008337 -0.117070 -0.206618 -0.107844 0.030303 -0.076405 0.103552 -0.049513 -0.000094 -0.155138 -0.003949 -0.199756 0.019368 -0.138165 0.076907 0.030462 0.139009 0.214684 0.078276 0.011442 0.153262 0.120922 -0.139233 -0.133728 -0.174382 0.158953 -0.292701 -0.031835 -0.091826 -0.122944 -0.000051 -0.099940 -0.104743 -0.130126 -0.143844 -0.117750 0.081834 0.072138 0.042963 -0.103081 0.158822 0.072528 -0.004245 0.062016 -0.169399 0.093288 -0.009311 -0.125504 -0.245833 -0.002675 -0.015937 -0.188597 0.035074 0.135022 0.109177 -0.019282 -0.102123 -0.065306 0.043385 0.361805 0.225466 -0.064181 -0.079782 0.221567 -0.186793 -0.050799
0.093924 -0.083354 0.599911 0.063560 0.427639 -0.069715 0.612365 0.180057 -0.252866 -0.277107 0.687823 0.399233 0.317322 0.082167 0.025086 -0.220298 0.453146 0.094222 -0.089897 -0.608618 -0.420938 0.131085 1.000000 0.835141 0.544956 0.183606 0.499461 0.090724 0.491655 -0.284349 0.756828 0.641311 0.238153 0.547166 -0.071324 -0.010508 0.441216 -0.113921 -0.433097 -0.469995 -0.527501 -0.450515 0.188299 0.138769 0.314375 0.288544 -0.406952 0.003236 0.343615 0.235208 0.323053 0.206258 -0.485947 -0.004574 -0.266103 -0.373027 0.034205 -0.069448 -0.564387 -0.580397 -0.163905 -0.330596 0.295011 0.133133 0.645278 0.035985 -0.386062 -0.153807 -0.546783 -0.637089 0.382696 0.035471 0.454577 -0.137236 0.152178 -0.172000 0.193564 -0.054158 0.358363 -0.113845 0.458473 0.248993 0.416554 -0.292079 0.308745 0.092062 0.343774 0.152237 -0.049402 0.025717 -0.058956 0.318143 0.178666 0.251097 -0.663631 -0.523534 -0.420036 -0.562789 -0.372255 0.021427 -0.144511 -0.368971 -0.038633 -0.275065 -0.213111 -0.564780 -0.253214 -0.482263 -0.395242 0.078649 -0.403354 0.109407 0.014638 0.485712 -0.243570 0.232786
-0.052523 -0.077200 0.493757 0.296789 0.333206 0.178638 0.505801 0.419291 -0.104297 -0.033954 0.571509 0.562709 0.223088 0.178611 0.068002 0.030416 0.279581 -0.007889 -0.305247 -0.605829 -0.442741 0.197116 0.835141 1.000000 0.528260 0.319288 0.370842 0.161547 0.286891 -0.230519 0.651673 0.647848 0.159885 0.576717 -0.086326 -0.035788 0.402260 0.082837 -0.399458 -0.370455 -0.465074 -0.308565 0.127954 0.005046 0.189797 0.140899 -0.476515 0.022450 0.331799 0.083674 0.286082 0.152556 -0.493697 -0.147231 -0.314631 -0.426741 -0.039493 -0.154981 -0.545069 -0.552902 -0.146130 -0.258124 0.228956 0.055720 0.579532 0.249369 -0.451694 -0.111463 -0.567218 -0.619779 0.233927 0.275217 0.354219 0.017667 0.028458 0.006510 0.112759 0.174933 0.328058 -0.185679 0.366729 0.135034 0.254485 -0.175648 0.075607 0.117403 0.201898 0.216536 -0.089991 0.079019 0.054901 0.261373 0.433041 0.236781 -0.655141 -0.454505 -0.386393 -0.591010 -0.407328 -0.016434 -0.047308 -0.455892 -0.034759 -0.206480 -0.133387 -0.496840 -0.211244 -0.477235 -0.384659 0.173584 -0.304533 0.117167 0.039565 0.547854 -0.323046 0.206507
-0.240406 0.050924 0.278170 0.165535 0.691041 0.278845 0.235288 0.097622 0.008972 -0.135762 0.133560 0.166463 0.023456 -0.009454 0.086309 -0.128841 0.294748 0.229619 -0.441666 -0.590001 -0.009332 0.288569 0.544956 0.528260 1.000000 0.669341 0.650814 0.335856 0.177564 -0.033518 0.686149 0.633424 0.068878 0.358313 -0.037151 0.058565 0.313942 0.132586 -0.255234 -0.426105 -0.436208 -0.134191 0.131056 0.189819 0.532465 0.442982 -0.193618 -0.132881 0.292740 0.336846 0.426586 0.289473 -0.323889 -0.035413 -0.146562 -0.427048 0.232973 0.245013 -0.378820 -0.281812 -0.156872 -0.315818 0.159541 0.181302 0.334763 0.054102 -0.233685 0.005970 -0.323405 -0.448560 0.074703 0.156524 0.229178 0.086338 0.089597 0.073728 0.000501 0.055286 0.240920 -0.100267 0.397171 0.264269 -0.071833 -0.326778 0.197006 0.109979 0.258695 0.024760 -0.142005 -0.164672 -0.205119 -0.136224 0.114750 0.047383 -0.517809 -0.368422 -0.348281 -0.392060 -0.265308 -0.212014 -0.131831 -0.166525 -0.057317 -0.120989 -0.080863 -0.337386 -0.325712 -0.304633 -0.289502 0.069508 -0.401321 0.106995 -0.020634 0.285376 -0.071265 0.076341
-0.309332 0.008814 0.057107 0.283261 0.459366 0.479079 -0.064392 0.059952 0.123234 0.113679 -0.013080 0.132496 -0.331488 -0.162176 0.219254 0.235378 -0.024391 0.140656 -0.375672 -0.270066 0.441356 0.332023 0.183606 0.319288 0.669341 1.000000 0.412567 0.461912 -0.154774 0.101504 0.374632 0.516119 -0.264466 0.016241 0.102058 0.062814 -0.157273 0.376269 -0.033877 -0.158716 -0.216617 0.111164 0.168783 0.329895 0.325203 0.362601 0.106197 0.068215 0.079090 0.210236 0.228374 0.173219 -0.137790 0.069660 0.066489 -0.178573 0.122876 0.132422 -0.346894 -0.312814 -0.426836 -0.418274 -0.219339 -0.149901 0.197156 0.192730 -0.241392 0.086902 -0.001843 -0.105020 -0.112259 0.265964 -0.146738 0.094041 -0.112775 0.187751 -0.031332 0.138145 0.022571 0.060400 0.056713 0.230131 0.009552 -0.050899 0.295470 0.318179 0.187331 -0.043690 0.134831 -0.060933 -0.352748 -0.356340 0.088564 -0.291828 -0.178387 -0.200969 -0.115799 -0.049941 -0.108006 -0.067765 -0.212991 -0.280290 -0.213541 -0.168086 -0.152206 -0.086598 -0.322702 -0.222178 -0.087162 -0.038609 -0.135885 0.211877 0.016620 0.094151 -0.055301 -0.149948
-0.101136 0.066084 0.210779 -0.127758 0.582949 0.255436 0.004402 -0.238886 -0.163491 -0.393886 0.130567 0.076902 -0.087958 -0.152280 -0.066761 -0.249445 0.395006 0.255002 -0.197399 -0.368171 0.031022 0.368861 0.499461 0.370842 0.650814 0.412567 1.000000 0.681184 0.157144 -0.313127 0.536229 0.327618 0.077351 0.226611 -0.063754 -0.020315 0.186801 -0.117084 -0.224117 -0.330853 -0.375451 -0.258439 0.097022 0.042356 0.333253 0.181590 -0.226360 0.039628 0.267752 0.227635 0.349096 0.214361 -0.276918 -0.076962 -0.115070 -0.231216 0.331585 0.307798 -0.258086 -0.236883 0.005602 -0.253833 0.294829 0.234606 0.462096 0.037648 -0.077967 0.026413 -0.185813 -0.297937 0.106569 -0.020978 0.192527 -0.028748 -0.061374 -0.057993 -0.228647 -0.189750 0.163394 -0.022106 0.377132 0.305971 -0.015964 -0.294417 0.341522 0.129994 0.167279 0.146507 -0.042787 -0.066196 -0.128595 -0.067792 -0.206074 0.031693 -0.488686 -0.349519 -0.326975 -0.426804 -0.339184 -0.213837 -0.087880 -0.143612 0.018604 -0.035400 0.065861 -0.227142 -0.165673 -0.151749 -0.386993 0.096128 -0.229012 -0.061522 -0.172445 0.275812 -0.143963 0.073761
-0.187461 -0.035707 0.063003 0.015104 0.217469 0.379413 -0.293909 -0.263749 0.077735 -0.029837 -0.139599 -0.022904 -0.334052 -0.224195 0.071446 0.134265 -0.078224 -0.083763 -0.114719 0.023359 0.289064 0.543345 0.090724 0.161547 0.335856 0.461912 0.681184 1.000000 -0.352326 -0.456375 0.042823 -0.036553 -0.186830 -0.084992 0.025887 -0.051225 -0.244931 0.137005 0.136331 0.083800 -0.101947 0.083236 0.099820 0.053421 0.030414 -0.056775 -0.080872 0.278296 0.086897 -0.046626 0.149846 0.016253 -0.121697 -0.176425 0.150280 0.024526 0.103165 0.078861 0.001063 -0.099193 -0.095766 -0.261825 -0.094271 -0.105952 0.133201 0.210761 0.150365 0.251143 0.112967 0.097701 -0.031337 0.137176 -0.244030 0.045398 -0.316843 0.062845 -0.395889 -0.129765 -0.175183 -0.197810 -0.059040 -0.041325 -0.047026 0.059523 0.082986 0.193338 0.148623 0.278093 0.219977 0.097783 -0.033697 -0.114105 -0.115502 -0.128162 -0.098024 -0.026107 0.076279 -0.093247 -0.204761 -0.115753 -0.155810 -0.220010 0.014947 0.087027 0.157204 0.021629 -0.015866 -0.015914 -0.108776 0.083407 0.195863 -0.095515 -0.178907 0.156885 -0.069829 -0.097688
0.263250 0.119255 0.063455 -0.283892 0.268948 -0.285660 0.350898 0.016221 -0.358314 -0.412739 0.576302 0.217245 0.509081 0.254673 -0.164717 -0.451256 0.760240 0.561016 0.046922 -0.536137 -0.397202 -0.142839 0.491655 0.286891 0.177564 -0.154774 0.157144 -0.352326 1.000000 0.346143 0.566126 0.469024 0.506392 0.515580 -0.179557 -0.026659 0.537655 -0.237103 -0.542951 -0.589753 -0.408320 -0.407002 -0.069761 -0.041595 0.381359 0.302864 -0.297564 -0.383117 0.195169 0.280461 0.241502 0.182096 -0.222596 0.005850 -0.361935 -0.419371 0.207797 0.122349 -0.379450 -0.309097 0.104177 0.022904 0.615028 0.593938 0.351720 -0.180506 -0.422312 -0.332499 -0.387349 -0.547107 0.296664 -0.065882 0.878804 0.108255 0.506931 -0.070911 0.431067 0.058684 0.690270 0.363342 0.735492 0.603733 0.102691 -0.443072 0.350861 -0.117177 0.096314 -0.212956 -0.510149 -0.327939 -0.098528 0.151630 0.025170 0.257054 -0.567614 -0.450339 -0.581444 -0.486552 -0.158902 0.014863 0.136053 0.113550 0.092628 -0.209960 -0.280803 -0.471335 -0.109173 -0.284536 -0.254179 0.003842 -0.621250 0.131875 -0.081028 0.259916 -0.123553 0.161277
-0.012344 0.221262 -0.434341 -0.141752 -0.002875 -0.017899 -0.173390 0.018826 0.005741 -0.015370 0.011728 0.076204 0.134792 0.293630 -0.041140 -0.031307 0.180315 0.455642 -0.149290 -0.069370 0.174740 -0.219985 -0.284349 -0.230519 -0.033518 0.101504 -0.313127 -0.456375 0.346143 1.000000 0.015506 0.145963 0.010760 0.043404 0.093802 0.163149 0.110688 0.255258 -0.086365 -0.168090 0.035124 0.269410 -0.085000 0.040075 0.156361 0.132449 0.135897 -0.333072 -0.049271 0.093103 -0.001774 0.014240 0.213275 0.094747 -0.162150 -0.179204 0.063792 0.084970 -0.041419 0.069313 0.020139 0.194388 0.096774 0.239148 -0.234202 -0.140895 -0.208878 -0.150273 0.004047 -0.010243 -0.076052 0.151479 0.309037 0.414562 0.390661 0.395716 0.334432 0.402394 0.259442 0.502696 0.211413 0.371708 -0.171174 -0.065780 0.143414 -0.164776 -0.063278 -0.292758 -0.321708 -0.345913 -0.190011 -0.275557 0.059461 -0.123249 -0.016991 -0.088457 -0.268041 -0.031846 0.138793 -0.063331 0.222974 0.204668 -0.190546 -0.183661 -0.240077 0.000184 -0.074566 -0.008044 0.038189 -0.169833 -0.269684 0.170786 -0.000316 -0.205957 -0.003024 -0.138193
-0.100886 -0.059649 0.312807 0.081251 0.478684 -0.020118 0.470904 0.232634 -0.182596 -0.238041 0.513826 0.432375 0.169692 0.083679 0.027772 -0.250268 0.494010 0.222661 -0.254337 -0.661237 -0.235356 0.090551 0.756828 0.651673 0.686149 0.374632 0.536229 0.042823 0.566126 0.015506 1.000000 0.882213 0.357013 0.602536 0.009511 0.056900 0.427490 0.012793 -0.461072 -0.531447 -0.451453 -0.382146 0.084637 0.092045 0.483642 0.448752 -0.258695 -0.171653 0.321425 0.345683 0.368343 0.298053 -0.409975 0.065042 -0.287954 -0.479669 0.100065 0.005818 -0.603442 -0.503817 -0.173509 -0.321702 0.300938 0.224899 0.668026 0.034366 -0.408823 -0.127491 -0.566060 -0.674963 0.321703 0.140050 0.521612 -0.028296 0.203492 -0.058016 0.221578 0.104338 0.488702 0.039759 0.545627 0.428844 0.240509 -0.356748 0.414108 0.183443 0.241939 -0.117021 -0.153550 -0.214534 -0.184760 -0.001291 0.103287 0.024104 -0.641267 -0.536186 -0.522915 -0.569885 -0.304937 -0.123826 -0.081658 -0.290935 -0.048750 -0.350532 -0.280666 -0.535261 -0.347117 -0.543434 -0.371567 0.023686 -0.541419 0.226582 0.044750 0.382401 -0.188397 0.210567
-0.194873 -0.145339 0.212252 0.217656 0.438552 0.097874 0.430882 0.410677 -0.090702 -0.003067 0.441784 0.411114 0.055323 0.075131 0.048074 -0.082296 0.350154 0.154692 -0.365891 -0.652929 -0.151568 0.137145 0.641311 0.647848 0.633424 0.516119 0.327618 -0.036553 0.469024 0.145963 0.882213 1.000000 0.231399 0.596279 0.079900 0.148683 0.320786 0.183076 -0.416632 -0.478869 -0.372217 -0.288526 0.048521 0.118595 0.482947 0.469981 -0.184891 -0.170740 0.297942 0.326061 0.307277 0.271020 -0.368343 0.083736 -0.284043 -0.451893 0.046316 -0.082711 -0.590567 -0.502946 -0.300351 -0.306630 0.197008 0.114134 0.602431 0.186280 -0.419944 -0.047155 -0.502707 -0.592669 0.225950 0.263390 0.418566 -0.024992 0.130032 0.034093 0.230036 0.197080 0.458663 0.034063 0.435847 0.363485 0.211942 -0.338071 0.387930 0.239251 0.182053 -0.226238 -0.107883 -0.215477 -0.247859 -0.138591 0.224297 -0.075233 -0.570192 -0.493002 -0.463900 -0.461777 -0.283627 -0.097834 -0.112207 -0.397618 -0.059019 -0.379386 -0.314667 -0.488605 -0.366329 -0.559540 -0.302840 -0.018519 -0.497580 0.304818 0.121912 0.374986 -0.208768 0.148510
0.254934 0.024612 0.063358 -0.208922 0.087324 -0.228400 0.313683 0.096815 -0.209223 -0.252964 0.252441 0.156650 0.502456 0.153033 -0.241088 -0.428276 0.249554 -0.017980 0.289199 -0.149450 -0.368306 -0.060419 0.238153 0.159885 0.068878 -0.264466 0.077351 -0.186830 0.506392 0.010760 0.357013 0.231399 1.000000 0.660139 0.239227 0.199887 0.290853 -0.153617 -0.322303 -0.269103 -0.066379 -0.081589 -0.421888 -0.437117 -0.004192 -0.069257 -0.344031 -0.483904 -0.059343 -0.204857 -0.187087 -0.348183 -0.288989 -0.247056 -0.370477 -0.378841 0.002256 -0.013914 -0.062174 -0.006267 0.355566 0.292983 0.495297 0.399134 0.308108 0.053946 0.081135 0.127501 -0.143048 -0.201072 0.176193 -0.243275 0.583118 0.199132 0.452987 0.069563 0.372509 0.060641 0.308750 0.029187 0.300475 0.072541 0.005090 -0.233232 -0.068273 -0.165046 0.099196 -0.085654 -0.241993 -0.273001 0.028780 0.166622 0.109854 0.232296 -0.364557 -0.319128 -0.317750 -0.430290 -0.082330 -0.147340 0.023625 -0.049938 0.240157 -0.187675 -0.227591 -0.458004 0.089549 -0.315305 -0.258142 -0.123383 -0.501113 -0.167232 -0.084531 0.051174 -0.121133 0.210246
-0.044941 -0.047318 0.021906 -0.164717 0.330849 0.002237 0.332239 0.332964 -0.105432 -0.067047 0.391931 0.293359 0.335651 0.289050 -0.106826 -0.238327 0.368459 0.061207 -0.246180 -0.509097 -0.399286 0.079388 0.547166 0.576717 0.358313 0.016241 0.226611 -0.084992 0.515580 0.043404 0.602536 0.596279 0.660139 1.000000 0.299969 0.477684 0.341965 -0.102082 -0.430396 -0.443311 -0.318781 -0.231366 -0.304546 -0.325435 0.290667 0.179128 -0.519778 -0.233050 0.283571 0.145814 0.078566 -0.093010 -0.439662 -0.153394 -0.492678 -0.532560 0.110710 -0.019975 -0.301311 -0.253355 0.087784 0.163274 0.508534 0.339919 0.456173 0.169110 -0.065635 0.233541 -0.369916 -0.366567 0.197848 -0.031131 0.541865 0.081284 0.209415 0.002132 0.111599 0.112414 0.381996 -0.031764 0.467272 0.117649 0.031368 -0.389717 0.030777 -0.217775 0.068327 -0.138246 -0.368372 -0.259738 0.055834 0.095796 0.350290 0.171234 -0.637438 -0.469174 -0.498528 -0.627640 -0.413787 -0.217213 0.072297 -0.366078 0.097974 -0.289216 -0.213162 -0.503627 -0.073330 -0.442392 -0.445144 -0.051962 -0.443103 -0.008636 0.001410 0.322803 -0.245902 0.233142
-0.186786 -0.176611 -0.211142 -0.181070 -0.080423 0.029516 -0.069976 -0.069540 0.061439 0.027929 -0.072481 -0.085284 -0.045981 -0.079616 -0.039297 0.008422 -0.367014 -0.344136 0.017001 0.162833 0.279348 0.040318 -0.071324 -0.086326 -0.037151 0.102058 -0.063754 0.025887 -0.179557 0.093802 0.009511 0.079900 0.239227 0.299969 1.000000 0.767864 -0.161642 0.171412 0.371419 0.265571 0.427208 0.367943 -0.230042 -0.052892 -0.132088 0.009492 0.129306 0.058033 -0.115623 -0.079454 -0.407874 -0.336784 0.053369 0.065843 0.086605 0.114690 -0.146408 -0.168518 0.056737 0.120667 -0.022792 0.175500 -0.248403 -0.253477 -0.054930 0.018289 0.462390 0.640578 0.195193 0.371901 -0.067300 -0.087871 -0.186796 -0.006412 -0.132678 0.033547 0.037622 0.079128 -0.304923 -0.007622 -0.318633 -0.325268 0.132595 0.193733 -0.011771 -0.037761 0.101574 -0.082178 0.247866 -0.055235 -0.292677 -0.233380 0.005138 -0.409523 0.202304 0.034237 0.151743 0.010199 -0.189041 -0.284217 -0.273220 -0.410278 -0.287530 -0.499009 -0.454698 -0.161456 -0.063645 -0.280473 -0.036389 -0.482664 0.058248 -0.085636 0.067566 -0.282583 -0.036028 -0.226064
-0.233312 -0.219536 -0.245348 -0.314395 0.175185 0.140031 -0.061441 0.007014 0.240774 0.131243 -0.035989 -0.156820 0.032259 0.064321 0.024969 0.003462 -0.122939 -0.177574 -0.156627 -0.018721 0.123390 0.118274 -0.010508 -0.035788 0.058565 0.062814 -0.020315 -0.051225 -0.026659 0.163149 0.056900 0.148683 0.199887 0.477684 0.767864 1.000000 -0.138977 0.025061 0.112789 0.006583 0.126437 0.245770 -0.149881 -0.083645 0.199169 0.135721 -0.058929 0.108105 0.090785 0.138782 -0.259462 -0.242650 -0.140411 0.070014 -0.194143 -0.137274 -0.077828 -0.111196 0.068777 0.119582 -0.107534 0.186775 -0.079828 -0.100915 -0.079471 -0.030891 0.458441 0.675224 0.010982 0.218884 -0.000837 -0.120050 -0.077757 -0.039038 -0.092711 0.034691 -0.178326 0.097745 -0.201711 -0.115627 -0.093196 -0.289415 0.055779 -0.040201 -0.067960 -0.333715 -0.061400 -0.232016 -0.094461 -0.259983 -0.062073 -0.151311 0.106080 -0.144270 -0.015124 -0.107563 -0.080737 -0.151956 -0.224984 -0.380157 -0.108393 -0.284724 -0.241239 -0.257290 -0.168342 0.009995 -0.136381 -0.133470 -0.216575 -0.258440 0.077595 -0.216696 -0.017552 -0.251973 -0.113604 -0.152642
