1.000000 0.404132 -0.192932 -0.371520 -0.169503 -0.277218 -0.109322 -0.341025 -0.098507 -0.215962 0.325640 0.006644 0.138049 0.284432 -0.187878 -0.048520 0.491580 0.561829 0.144789 0.074421 -0.264964 -0.293263 -0.474927 -0.421449 -0.462757 -0.335780 -0.157959 -0.188226 0.369103 0.266106 -0.240523 -0.333264 0.270241 -0.116638 -0.306784 -0.331041 -0.056173 -0.110519 -0.196240 -0.026312 0.076192 -0.166668 -0.170371 -0.010249 -0.456163 -0.219100 -0.103815 -0.113006 -0.103739 0.101732 -0.088760 0.079347 0.247267 0.191472 -0.030536 -0.032262 0.763244 0.260989 0.413249 0.237656 0.402428 0.455595 0.499149 0.504323 -0.451311 -0.194265 -0.152591 -0.263543 0.253452 -0.060375 -0.226114 -0.205730 0.327397 0.108138 0.234809 -0.075290 0.173619 -0.073161 0.357591 0.222937 0.317419 0.401998 -0.275359 -0.219895 -0.210115 -0.086884 -0.262947 -0.257553 -0.343382 -0.132517 -0.078793 -0.176705 -0.096275 -0.180832 -0.238565 0.072589 -0.216687 0.085601 0.075747 0.328643 -0.177399 -0.128406 -0.306686 0.043754 -0.025515 0.065141 0.091366 0.155852 -0.058471 0.146646 -0.175989 0.112862 0.031941 -0.053137 -0.111954 -0.211807
0.404132 1.000000 0.036956 0.024271 -0.081791 -0.037141 0.030139 -0.019999 -0.105266 -0.117859 0.131532 0.029570 0.066398 0.128174 -0.168146 -0.147827 0.126504 0.212370 0.199359 0.401548 -0.213107 -0.360105 -0.296658 -0.215124 -0.500312 -0.312214 0.110286 -0.113371 -0.115677 -0.083416 -0.415707 -0.471132 -0.080433 -0.263108 -0.131008 -0.223073 -0.393067 -0.212791 -0.129473 -0.110600 -0.347818 -0.122884 -0.262941 -0.182708 -0.179058 -0.103051 -0.170744 -0.250126 0.073631 0.024407 0.055832 0.162812 0.186113 0.111108 -0.021022 -0.198804 0.218612 0.646277 0.334341 0.334107 0.477593 0.484161 0.231610 0.377761 -0.147449 0.049097 -0.018081 -0.002387 0.320026 0.209449 -0.266872 -0.284481 -0.135990 -0.028995 -0.170130 -0.162614 -0.045263 -0.100440 0.072556 0.099097 0.117489 0.071391 -0.209307 -0.179115 0.030276 0.038152 -0.117202 -0.129121 -0.059297 0.041947 0.095503 0.053649 0.142704 0.033476 -0.273062 -0.213888 -0.176282 -0.215977 0.156453 0.041281 0.061690 -0.000414 0.016042 0.021537 0.043075 0.099421 0.062437 -0.011920 -0.227883 -0.126800 -0.314509 -0.011628 0.134896 -0.124858 0.010213 -0.048692
-0.192932 0.036956 1.000000 0.635403 0.530658 0.067276 0.746495 0.648790 0.373997 0.204109 -0.169054 -0.187970 0.023731 -0.151333 0.159233 -0.130880 -0.389457 -0.277386 0.289922 0.342016 0.095543 -0.474227 0.554379 0.292816 -0.161362 -0.264737 0.536825 0.016657 -0.540390 -0.424593 -0.363468 -0.329872 -0.486510 -0.408094 0.024147 0.128354 -0.381429 -0.344201 0.012396 -0.087047 -0.474213 -0.042794 -0.117625 -0.301214 0.006294 -0.208092 -0.044037 -0.169999 0.367026 0.119087 0.198964 0.119139 0.143184 0.237258 0.215937 -0.111848 -0.327220 -0.021786 0.297230 0.232412 0.062077 -0.220578 -0.395431 -0.445956 0.274250 -0.031766 0.205563 0.024501 -0.085089 0.073084 -0.067781 0.001905 -0.570109 -0.343213 -0.571954 -0.154966 -0.382375 -0.214432 -0.344088 -0.400486 -0.518175 -0.304225 -0.121035 0.174112 -0.016047 -0.048392 -0.198508 -0.011157 0.577108 0.412675 0.400766 0.405391 0.365752 0.594436 -0.153721 -0.195546 -0.056583 -0.243959 0.011790 -0.273834 0.078172 0.214668 0.037173 -0.136320 0.012620 0.172685 0.180858 -0.037918 -0.092303 -0.249193 -0.323956 -0.060221 0.112080 -0.075195 0.191289 0.219592
-0.371520 0.024271 0.635403 1.000000 0.276857 0.201077 0.523707 0.621834 0.089312 0.123952 -0.181921 -0.021190 -0.054985 -0.196572 0.270019 -0.103395 -0.515319 -0.377328 0.397326 0.385409 0.054544 -0.397111 0.642614 0.665769 0.048178 -0.050373 0.473222 0.124285 -0.529436 -0.388959 -0.009584 0.064069 -0.416195 -0.199481 0.037166 -0.047483 -0.264941 -0.359408 0.044421 -0.056668 -0.347918 0.096792 -0.090069 -0.140018 0.001197 -0.238096 0.094831 -0.300632 -0.023335 -0.044591 -0.058386 -0.057551 -0.063995 0.147058 0.314088 -0.017267 -0.486186 -0.043490 0.003618 0.076655 -0.112631 -0.206518 -0.476874 -0.392937 0.376459 0.070369 -0.017881 -0.104849 -0.042482 -0.044903 -0.004440 0.021397 -0.582897 -0.181742 -0.501739 0.085132 -0.281305 -0.104517 -0.298878 -0.326929 -0.372533 -0.344408 0.138459 0.395602 0.239954 0.256884 -0.030178 0.326254 0.582861 0.523751 0.226481 0.152317 0.285211 0.416331 0.003822 -0.171036 0.006295 -0.254366 -0.241363 -0.404780 -0.065654 0.083749 0.032740 -0.241763 -0.006179 -0.016664 0.016918 -0.267768 -0.190863 -0.147852 -0.485816 -0.228795 0.134418 0.140333 -0.002192 0.086637
-0.169503 -0.081791 0.530658 0.276857 1.000000 0.111606 0.479354 0.431113 0.806294 0.633137 -0.045890 -0.081579 0.168608 0.109488 0.389147 0.436766 -0.062220 0.036412 0.123254 0.310194 0.098268 -0.185843 0.197668 -0.016804 0.015289 -0.380645 0.651966 -0.003013 -0.159687 -0.132589 -0.300617 -0.279737 -0.428063 -0.324014 -0.236339 0.020885 -0.202032 -0.237923 -0.184279 -0.137566 -0.257880 0.051009 0.083738 -0.157697 0.145735 -0.127504 0.153900 -0.064703 0.468417 0.262449 0.255887 -0.006177 0.298987 0.292170 0.013637 -0.169572 -0.167112 0.034112 0.107834 0.026858 0.018176 -0.220023 -0.159956 -0.372114 0.141408 -0.162894 -0.168827 -0.217842 -0.068686 0.098352 0.000199 0.031702 -0.285610 -0.346678 -0.353747 -0.221024 -0.309904 -0.282500 -0.059355 -0.208779 -0.192699 -0.165506 -0.137366 0.221135 -0.185472 -0.369997 -0.426448 -0.253924 0.288110 -0.001676 0.300530 0.023611 0.213127 0.276667 -0.035790 -0.178770 0.084838 -0.148828 0.338715 -0.213726 0.190434 0.160343 -0.026445 -0.221220 -0.039111 0.172499 0.167789 0.014319 -0.200472 -0.314223 -0.092618 0.088883 -0.019644 -0.119181 0.178078 0.169244
-0.277218 -0.037141 0.067276 0.201077 0.111606 1.000000 -0.193530 -0.170101 0.063450 -0.023773 -0.484560 -0.433942 -0.422177 -0.582642 0.073264 0.047522 -0.299204 -0.430351 0.110986 0.200694 0.493123 0.131316 0.059613 0.493227 0.358683 0.662382 0.531957 0.777596 -0.486977 -0.434145 -0.001871 0.055402 -0.254635 -0.290283 0.405716 0.146759 -0.024623 -0.215820 0.155027 -0.185343 -0.042868 0.318888 -0.023339 -0.102585 0.024251 0.047394 0.125325 -0.031838 -0.126771 -0.358306 0.139011 0.043869 0.009535 0.177085 -0.016175 -0.335170 -0.100305 0.226368 -0.081979 0.015726 -0.220244 -0.285031 -0.188762 -0.009960 0.085988 -0.121645 0.140091 0.272045 0.230880 0.301934 0.002505 0.026311 -0.320183 0.039499 -0.120429 0.254985 -0.182327 -0.007353 -0.205702 -0.235899 -0.203015 -0.419540 0.248976 0.004289 0.303662 0.216694 0.312579 0.249513 0.147465 0.006176 0.333359 0.153636 0.370749 0.191415 0.169017 -0.395716 -0.029138 -0.388069 -0.003095 -0.305722 -0.197797 -0.280986 -0.103673 0.062282 0.438396 0.385587 0.170655 0.018312 -0.123551 -0.236795 -0.098313 -0.043502 0.290244 -0.275341 0.011361 0.334296
-0.109322 0.030139 0.746495 0.523707 0.479354 -0.193530 1.000000 0.688949 0.346282 0.366204 0.219204 0.169586 0.354424 0.124940 0.401238 0.007650 -0.282930 -0.045828 0.184750 0.223102 -0.274535 -0.478686 0.574975 0.272314 -0.229083 -0.453650 0.250810 -0.162638 -0.308394 -0.264704 -0.305172 -0.282077 -0.402620 -0.271969 -0.094019 -0.068483 -0.242675 -0.324879 -0.124283 -0.159724 -0.377146 -0.188087 -0.182309 -0.309582 -0.004355 -0.278088 -0.063034 -0.221190 0.286566 0.184638 0.222048 0.026407 0.204334 0.203023 0.211163 -0.103188 -0.318230 -0.039379 0.067494 -0.043746 0.134733 -0.140761 -0.354311 -0.415031 0.461239 0.029760 -0.090178 -0.239905 -0.243684 -0.176259 -0.021613 -0.027343 -0.404109 -0.271085 -0.336310 -0.189247 -0.187762 -0.198474 -0.231022 -0.234768 -0.325041 -0.034889 -0.047952 0.207965 0.192793 0.073414 -0.151746 -0.051270 0.586138 0.454077 0.255234 0.361906 0.220538 0.485849 -0.227312 -0.115042 -0.155442 -0.209168 -0.043909 -0.254808 -0.064220 0.192016 -0.131156 -0.326484 -0.213046 -0.020157 0.037941 -0.157516 -0.195887 -0.136954 -0.317721 -0.023174 0.075714 0.028094 0.121219 -0.006227
-0.341025 -0.019999 0.648790 0.621834 0.431113 -0.170101 0.688949 1.000000 0.208383 0.479576 -0.170844 0.189038 -0.003991 0.131403 0.065529 -0.080526 -0.402887 -0.340531 -0.072368 0.127705 -0.161364 -0.317061 0.591651 0.329425 -0.028503 -0.358553 0.213128 -0.287995 -0.483983 -0.447420 -0.196236 -0.157048 -0.459588 -0.143920 -0.113028 0.085042 -0.418898 -0.362507 -0.281017 -0.145458 -0.449836 -0.113451 0.001974 -0.254001 0.074648 -0.124928 -0.032366 -0.058521 0.357895 0.222360 0.167463 0.121572 0.163132 0.174935 0.011601 -0.211337 -0.358400 -0.132817 0.047731 0.130626 0.112753 0.028673 -0.382130 -0.402035 0.413945 0.272425 -0.066415 0.051499 -0.395287 -0.033990 0.051527 0.201527 -0.536885 -0.380958 -0.484881 -0.214256 -0.303786 -0.147688 -0.363984 -0.498918 -0.458067 -0.361948 -0.075994 0.193905 -0.043384 -0.084314 -0.238015 0.050375 0.457955 0.331685 0.417341 0.252412 0.353488 0.418286 -0.190584 -0.152349 -0.079540 -0.229756 0.098575 -0.278105 0.281477 0.173751 0.226424 -0.168845 -0.083472 -0.032685 0.128393 -0.088949 -0.153961 -0.299165 -0.198745 0.027584 0.049071 0.073906 0.116128 0.113586
-0.098507 -0.105266 0.373997 0.089312 0.806294 0.063450 0.346282 0.208383 1.000000 0.465123 0.072794 0.036128 0.239859 0.230977 0.397187 0.539032 0.089732 0.144049 -0.063446 0.093213 0.005918 -0.114028 0.154164 -0.145233 0.027523 -0.236502 0.509242 -0.017531 -0.024420 0.001165 -0.342280 -0.334072 -0.308995 -0.267682 -0.081680 0.107114 -0.158468 -0.029604 -0.176986 -0.017871 -0.183883 -0.006791 0.118222 -0.057377 0.279075 0.097866 0.095485 0.018062 0.377639 0.295306 0.262468 -0.028062 0.167488 0.198083 -0.002806 -0.028208 -0.084022 -0.002955 -0.045511 -0.185321 -0.017257 -0.220866 -0.139625 -0.309786 0.105653 -0.011263 -0.146099 -0.158187 -0.076541 -0.020709 -0.111941 -0.102021 -0.119340 -0.266439 -0.218520 -0.208996 -0.226548 -0.300056 -0.008422 -0.040845 -0.099169 -0.020736 -0.272628 -0.012677 -0.219675 -0.348316 -0.481792 -0.276791 0.201769 -0.000924 0.150318 -0.021043 0.093615 0.164554 -0.033698 -0.017757 0.136540 -0.002463 0.245872 -0.165727 0.131741 0.159427 -0.073846 -0.202077 0.006271 0.126895 0.036574 -0.105721 -0.063598 -0.186794 0.061442 0.008584 -0.079787 -0.060649 0.170535 0.074054
-0.215962 -0.117859 0.204109 0.123952 0.633137 -0.023773 0.366204 0.479576 0.465123 1.000000 0.060829 0.217392 0.213818 0.319514 0.194627 0.477592 -0.006252 -0.052716 -0.056022 0.153782 -0.081571 -0.134192 0.147743 -0.027270 0.218335 -0.325270 0.176507 -0.290706 -0.037046 -0.074031 -0.031495 -0.082111 -0.287185 -0.066223 -0.285533 -0.107752 -0.210286 -0.273852 -0.417483 -0.253279 -0.274695 -0.072236 -0.014955 -0.215926 0.091981 -0.091826 0.025778 0.006486 0.302562 0.189215 0.164520 -0.053231 0.261147 0.156739 -0.233708 -0.239996 -0.167992 -0.073303 -0.105671 -0.037233 0.080013 0.015065 -0.150095 -0.230877 0.235170 0.104962 -0.339165 -0.171697 -0.378613 -0.033824 0.215967 0.258195 -0.166434 -0.176182 -0.117374 -0.088976 0.025272 0.004778 -0.080582 -0.219599 -0.181457 -0.169312 -0.109467 0.213148 -0.115628 -0.287311 -0.273821 -0.190632 0.067387 -0.086795 0.239344 0.052179 0.144941 0.071350 -0.046986 -0.030780 -0.118445 -0.083356 0.317153 -0.134375 0.288679 0.137600 0.170874 -0.082779 -0.147000 -0.109435 0.073696 0.098055 -0.096634 -0.225333 -0.006118 0.082937 -0.079265 -0.019392 -0.121776 -0.055139
0.325640 0.131532 -0.169054 -0.181921 -0.045890 -0.484560 0.219204 -0.170844 0.072794 0.060829 1.000000 0.523165 0.849964 0.582356 0.395322 0.308225 0.427148 0.485006 0.147373 -0.058234 -0.482833 -0.191212 -0.119662 -0.326712 -0.245668 -0.366895 -0.298811 -0.285310 0.587472 0.529304 0.074722 -0.021591 0.240251 0.068920 -0.387393 -0.399338 0.203649 0.192568 -0.015782 0.086096 0.103781 -0.288657 -0.223861 0.020733 -0.231847 -0.117746 -0.255899 -0.218014 -0.153569 0.022365 -0.111089 -0.142759 -0.080028 -0.230029 0.064547 0.330190 0.052046 -0.115296 -0.062865 -0.242196 0.217388 0.098072 0.149629 -0.054636 -0.093022 0.042546 -0.101516 -0.316487 -0.060023 -0.268873 0.055057 -0.069522 0.387535 0.142045 0.337395 -0.029687 0.358652 0.045923 0.379484 0.447257 0.434880 0.545110 -0.077146 0.115984 -0.001353 0.100084 -0.109697 -0.197225 -0.166695 0.008041 -0.546506 -0.192382 -0.479873 -0.311690 -0.176594 0.393069 -0.127026 0.341321 -0.282706 0.185539 -0.064677 0.212145 -0.171951 -0.296848 -0.541670 -0.492911 -0.386391 -0.230837 0.005192 0.384478 -0.036893 -0.153957 -0.335100 0.224784 -0.247252 -0.544021
0.006644 0.029570 -0.187970 -0.021190 -0.081579 -0.433942 0.169586 0.189038 0.036128 0.217392 0.523165 1.000000 0.474638 0.675027 0.077747 0.191065 0.219979 0.163691 -0.069812 -0.127041 -0.553235 0.022239 0.095769 -0.151583 -0.083825 -0.277645 -0.449362 -0.462858 0.274242 0.232791 0.183345 0.165973 0.130629 0.280318 -0.274388 -0.152015 -0.030467 0.127498 -0.289380 0.136315 -0.020139 -0.388176 0.024024 0.074264 0.107591 0.243544 -0.196149 0.012110 0.059346 0.214672 0.049596 -0.102502 -0.071970 -0.290853 -0.134921 0.117750 -0.161981 -0.370351 -0.364979 -0.338060 0.028740 0.161841 -0.075167 -0.269818 0.140981 0.476444 -0.149569 -0.003716 -0.199289 -0.281092 0.204196 0.151859 0.155212 -0.109282 0.148978 -0.183672 0.245373 -0.025070 0.114790 -0.008254 0.145159 0.129699 -0.095695 0.097237 -0.169206 -0.042321 -0.200734 -0.067465 -0.227405 -0.003884 -0.242248 -0.262039 -0.191440 -0.271697 -0.095833 0.404092 -0.070807 0.342829 -0.084782 -0.023837 0.120151 0.056924 0.068975 -0.274978 -0.361385 -0.487457 -0.328142 -0.341343 0.056651 0.165135 0.261670 -0.106061 -0.287595 0.324535 -0.284557 -0.517063
0.138049 0.066398 0.023731 -0.054985 0.168608 -0.422177 0.354424 -0.003991 0.239859 0.213818 0.849964 0.474638 1.000000 0.564774 0.476214 0.418900 0.331717 0.328526 0.065059 -0.078402 -0.372334 -0.239102 0.043904 -0.230126 -0.141075 -0.328015 -0.083931 -0.207865 0.365509 0.309083 -0.074077 -0.116720 -0.006207 -0.066192 -0.316854 -0.200483 0.081077 0.045212 -0.023450 -0.023313 -0.102720 -0.229493 -0.080573 -0.019331 -0.084234 -0.067194 -0.182280 -0.197994 0.098627 0.089962 0.119870 -0.036267 0.043304 -0.089283 0.113397 0.247206 -0.096668 -0.148688 -0.008663 -0.179280 0.250004 0.036594 -0.007123 -0.204791 0.083146 0.125809 -0.068881 -0.253353 -0.214136 -0.257789 0.047420 -0.076830 0.122942 0.010488 0.108359 -0.118006 0.149453 -0.030504 0.268785 0.312975 0.274506 0.365194 -0.244088 0.095915 0.030536 0.019468 -0.092405 -0.299088 0.022441 0.076735 -0.362408 -0.010799 -0.314459 -0.130204 -0.252861 0.206992 -0.155036 0.190398 -0.191938 0.106516 0.004501 0.310194 -0.120041 -0.284557 -0.514140 -0.388781 -0.299261 -0.199201 -0.155614 0.152439 -0.028476 -0.178956 -0.278402 0.108783 -0.235571 -0.485218
0.284432 0.128174 -0.151333 -0.196572 0.109488 -0.582642 0.124940 0.131403 0.230977 0.319514 0.582356 0.675027 0.564774 1.000000 -0.014020 0.451822 0.373261 0.322744 -0.164856 -0.182526 -0.555080 -0.062883 -0.129619 -0.539186 -0.283072 -0.515457 -0.365882 -0.582905 0.478335 0.400302 -0.128964 -0.186482 0.166933 0.080531 -0.529223 -0.246694 -0.103007 0.078631 -0.320670 0.137125 -0.039325 -0.434712 -0.043777 0.072898 -0.093658 0.103910 -0.216385 0.010621 0.205185 0.338792 0.026162 0.085468 0.109638 -0.181478 -0.075315 0.178733 0.074365 -0.300007 0.057549 -0.005085 0.321690 0.471572 0.236173 0.009172 -0.243446 0.353880 -0.146092 -0.123176 -0.194708 -0.185297 0.059563 0.048578 0.367510 -0.078323 0.229719 -0.309427 0.204147 -0.080668 0.303701 0.169926 0.343058 0.373392 -0.357903 -0.092402 -0.463961 -0.299476 -0.433875 -0.355686 -0.293452 -0.089247 -0.248094 -0.354370 -0.223591 -0.355644 -0.196380 0.391568 -0.101501 0.413282 -0.005193 0.132672 0.194766 0.130751 0.001467 -0.168065 -0.437252 -0.454248 -0.227626 -0.100851 0.069153 0.068073 0.177776 -0.017935 -0.305121 0.242267 -0.282865 -0.501434
-0.187878 -0.168146 0.159233 0.270019 0.389147 0.073264 0.401238 0.065529 0.397187 0.194627 0.395322 0.077747 0.476214 -0.014020 1.000000 0.378238 -0.057613 0.158010 0.230258 0.129135 0.000439 -0.049915 0.355702 0.270066 0.152872 -0.040604 0.307790 0.242026 0.084507 0.072124 0.133966 0.177745 -0.227166 -0.103329 -0.195083 -0.260241 0.204159 0.126108 0.218073 0.034789 0.043776 0.114416 -0.001411 -0.059707 -0.000430 -0.322399 0.130249 -0.247135 -0.105721 -0.115022 0.007623 -0.299497 0.017082 -0.052332 0.230559 0.151643 -0.298999 -0.053973 -0.248131 -0.348696 -0.226763 -0.457756 -0.277841 -0.422244 0.221484 -0.323006 -0.211168 -0.446184 -0.049386 -0.145380 0.042280 -0.030719 -0.167481 -0.062762 -0.086643 0.051060 -0.073718 -0.100045 0.037519 0.153897 0.077249 0.131862 0.303124 0.507510 0.290526 0.145904 0.000827 0.134928 0.390732 0.141120 -0.171352 -0.019748 -0.211719 0.118795 0.022623 -0.063368 0.140880 -0.036544 -0.106946 -0.180965 -0.068398 0.280879 -0.133267 -0.364307 -0.164032 -0.083263 -0.078893 -0.226778 -0.229942 0.149578 -0.164735 -0.057278 -0.011589 0.078625 0.054051 -0.075206
-0.048520 -0.147827 -0.130880 -0.103395 0.436766 0.047522 0.007650 -0.080526 0.539032 0.477592 0.308225 0.191065 0.418900 0.451822 0.378238 1.000000 0.169542 0.128925 -0.144097 -0.113777 0.077730 0.099600 -0.055511 -0.209603 0.057923 -0.104404 0.200515 0.059168 0.256860 0.240810 -0.013384 -0.089354 -0.019095 -0.022260 -0.171674 -0.127683 0.163296 0.099217 -0.045924 -0.084973 0.064333 0.091683 -0.013334 -0.005372 0.072991 0.033845 -0.077178 -0.070107 0.013559 0.016867 0.030031 -0.111991 -0.027267 -0.209403 -0.065987 0.064860 -0.058725 -0.151388 -0.225857 -0.267268 0.077096 0.059126 0.085837 -0.069551 -0.011992 0.118776 -0.263310 -0.239540 -0.136401 -0.120245 0.227943 0.116040 0.207147 0.128711 0.179924 0.138959 0.226437 0.155396 0.247977 0.250884 0.187054 0.213421 -0.157230 0.081083 -0.187004 -0.175694 -0.189080 -0.154981 -0.048290 -0.162789 -0.188311 -0.206011 -0.185453 -0.219536 0.029718 0.028854 0.057367 0.062860 0.020447 -0.001274 0.086306 0.125367 -0.044920 -0.135788 -0.152128 -0.220230 -0.061641 0.023379 -0.074488 -0.034717 0.098375 -0.086869 -0.165421 0.004747 -0.206413 -0.143724
0.491580 0.126504 -0.389457 -0.515319 -0.062220 -0.299204 -0.282930 -0.402887 0.089732 -0.006252 0.427148 0.219979 0.331717 0.373261 -0.057613 0.169542 1.000000 0.748149 -0.086585 -0.110889 -0.279189 0.022282 -0.428709 -0.511777 -0.052223 -0.155892 -0.212689 -0.212326 0.580037 0.519759 0.047757 -0.007730 0.293642 0.061940 -0.333296 -0.187107 0.020037 0.079692 -0.171774 0.015225 0.183777 -0.191215 0.085959 0.131541 -0.171130 0.020259 -0.151049 0.030927 -0.079401 -0.024378 0.006113 -0.096007 0.003451 0.029627 -0.300102 0.092123 0.667269 0.182818 -0.056857 -0.121869 0.171682 0.184368 0.485793 0.390740 -0.301967 -0.074667 -0.147978 -0.154251 0.172153 -0.037186 -0.136757 -0.178505 0.470744 0.090279 0.421111 -0.146217 0.225754 -0.069119 0.713253 0.596221 0.668226 0.575010 -0.179355 -0.182736 -0.221057 -0.151568 -0.224966 -0.373222 -0.444927 -0.380206 -0.356696 -0.304108 -0.384306 -0.489258 -0.286405 0.245435 -0.113275 0.307487 0.155944 0.435774 0.132429 0.127191 -0.128983 -0.101697 -0.335157 -0.220351 -0.198096 -0.165118 0.004742 0.176887 0.168185 -0.030003 -0.316315 0.029259 -0.141167 -0.340902
0.561829 0.212370 -0.277386 -0.377328 0.036412 -0.430351 -0.045828 -0.340531 0.144049 -0.052716 0.485006 0.163691 0.328526 0.322744 0.158010 0.128925 0.748149 1.000000 0.077830 -0.009587 -0.348050 -0.055540 -0.381197 -0.482241 -0.269689 -0.423150 -0.132514 -0.272737 0.652676 0.607776 -0.051252 -0.095966 0.285489 0.030664 -0.456854 -0.397014 0.078721 0.178611 -0.144245 0.112447 0.260979 -0.134381 -0.055296 0.064604 -0.188677 -0.211740 -0.060648 -0.112141 -0.079972 0.095732 -0.071814 -0.189917 0.098081 0.057136 -0.035473 0.223388 0.547104 0.294834 0.018718 -0.143474 0.107746 0.109612 0.433610 0.283618 -0.313836 -0.332278 -0.264979 -0.451050 0.193518 -0.077928 -0.165977 -0.283876 0.479741 0.097921 0.324541 -0.207183 0.199062 -0.138567 0.620137 0.634840 0.585695 0.718587 -0.106928 0.005776 -0.114416 -0.044144 -0.373668 -0.218455 -0.252645 -0.204925 -0.411069 -0.361887 -0.468193 -0.360819 -0.178742 0.239364 0.096278 0.294393 0.145345 0.374303 -0.010653 0.154182 -0.253084 -0.155406 -0.307378 -0.154832 -0.167485 -0.144107 -0.002159 0.238623 0.015928 0.034808 -0.221007 0.004811 -0.037461 -0.270833
0.144789 0.199359 0.289922 0.397326 0.123254 0.110986 0.184750 -0.072368 -0.063446 -0.056022 0.147373 -0.069812 0.065059 -0.164856 0.230258 -0.144097 -0.086585 0.077830 1.000000 0.723398 0.061947 -0.349364 0.013826 0.106151 -0.201550 -0.207441 0.254736 0.071841 0.035535 0.103670 0.127865 0.051890 0.078900 -0.073796 -0.171873 -0.297632 0.069259 -0.188142 0.125728 -0.008873 -0.111987 0.097348 -0.233272 -0.194203 -0.296612 -0.413100 0.016235 -0.433578 -0.237022 -0.172682 -0.226596 -0.269573 0.016497 0.075157 0.174176 -0.002979 -0.134720 0.047499 0.167446 0.122325 -0.106340 -0.228276 0.016464 -0.132220 -0.008471 -0.355525 0.068483 -0.322233 0.516043 0.230492 0.104028 -0.003008 -0.090209 0.050865 -0.099129 0.105222 0.097675 0.000000 0.010718 0.033993 0.016378 -0.028074 0.191869 0.548060 0.233652 0.154396 -0.046673 0.103329 0.162268 0.173268 -0.073629 -0.070140 -0.042905 0.036843 0.144311 0.046457 -0.114549 0.027910 -0.225472 -0.128080 -0.210818 -0.060258 -0.166037 -0.184940 -0.154130 -0.120928 0.002366 -0.148654 -0.058525 0.073215 -0.423615 -0.261591 -0.025016 -0.008197 -0.309811 -0.143452
0.074421 0.401548 0.342016 0.385409 0.310194 0.200694 0.223102 0.127705 0.093213 0.153782 -0.058234 -0.127041 -0.078402 -0.182526 0.129135 -0.113777 -0.110889 -0.009587 0.723398 1.000000 0.107401 -0.324205 -0.069337 0.094976 -0.204241 -0.213170 0.424022 0.077391 -0.191707 -0.115758 -0.141699 -0.181688 -0.126216 -0.118560 -0.110349 -0.099113 -0.182483 -0.371978 -0.098474 -0.144338 -0.307068 0.154170 -0.182341 -0.322633 -0.210785 -0.366156 0.049633 -0.229422 0.013539 -0.148736 -0.082847 -0.221349 0.096184 0.245747 -0.097186 -0.329153 -0.107066 0.301030 0.140803 0.167131 -0.018759 -0.114758 0.068512 -0.034387 0.016678 -0.355771 -0.107761 -0.217067 0.463141 0.393940 -0.026905 0.011409 -0.281090 -0.101705 -0.251349 0.001472 -0.126813 -0.104279 -0.165742 -0.203951 -0.079224 -0.268605 0.035549 0.387859 0.086230 -0.092296 -0.201516 0.017620 0.137880 -0.059250 0.240463 0.079296 0.194135 0.214620 0.047736 -0.160536 -0.078723 -0.202533 0.093828 -0.224603 0.055251 0.004341 -0.022760 -0.042547 0.050441 0.181341 0.159940 -0.030798 -0.194533 -0.184835 -0.326966 -0.079894 0.041085 -0.061341 -0.041297 0.190949
-0.264964 -0.213107 0.095543 0.054544 0.098268 0.493123 -0.274535 -0.161364 0.005918 -0.081571 -0.482833 -0.553235 -0.372334 -0.555080 0.000439 0.077730 -0.279189 -0.348050 0.061947 0.107401 1.000000 0.171380 -0.070519 0.177073 0.329145 0.475438 0.458228 0.512382 -0.298342 -0.182294 0.173600 0.127026 -0.112047 -0.033779 0.298275 0.263267 0.095632 -0.094581 0.237520 -0.256468 0.012206 0.609171 0.046873 -0.110975 0.157224 -0.035884 0.154599 -0.103523 -0.043136 -0.154730 -0.073980 -0.111828 -0.111949 0.058762 -0.046471 -0.244644 -0.083119 0.077684 0.088428 0.146181 -0.165147 -0.253138 0.011259 0.071101 0.012389 -0.275731 0.056973 -0.005466 0.056565 0.160010 0.293694 0.279544 -0.172817 0.307177 -0.081788 0.493428 -0.081036 0.259042 -0.167006 -0.196146 -0.254437 -0.447062 -0.014355 0.158238 0.026969 -0.127717 0.219681 0.186615 0.089457 -0.246117 0.181157 0.142562 0.130662 0.279777 0.119402 -0.404961 0.051782 -0.419938 0.038337 -0.098293 0.138678 0.035067 0.175195 0.343747 0.453545 0.355061 0.372582 0.313604 -0.039031 -0.183589 -0.161592 -0.043077 0.176466 -0.336841 0.121909 0.481771
-0.293263 -0.360105 -0.474227 -0.397111 -0.185843 0.131316 -0.478686 -0.317061 -0.114028 -0.134192 -0.191212 0.022239 -0.239102 -0.062883 -0.049915 0.099600 0.022282 -0.055540 -0.349364 -0.324205 0.171380 1.000000 -0.164123 -0.116515 0.236865 0.321593 -0.353277 0.174563 0.282350 0.148168 0.313729 0.385315 0.152780 0.303755 0.051476 0.178480 0.383548 0.498887 0.174377 0.366063 0.474033 0.082067 0.058750 0.082306 0.098341 0.136396 -0.000179 0.233907 -0.149197 -0.242247 -0.226201 -0.269352 -0.264426 -0.360069 -0.110599 0.147733 -0.056019 -0.234620 -0.277157 -0.110994 -0.267993 -0.024663 0.031531 -0.024594 -0.205527 -0.016942 0.054160 0.155381 0.030456 0.127877 0.191966 0.227974 0.376877 -0.003930 0.354276 -0.134178 0.042436 0.023933 0.038992 0.085269 0.172008 0.024319 0.273790 -0.018503 -0.066763 -0.119802 0.144805 0.224314 -0.144368 -0.255423 -0.151735 -0.356017 -0.239960 -0.368949 0.314116 0.217278 0.422798 0.296521 -0.006011 0.024745 0.083122 -0.115353 0.094937 0.116226 0.060646 -0.053096 -0.064669 0.040661 0.268345 0.045043 0.585572 0.007950 -0.242226 0.019970 0.032986 0.072446
-0.474927 -0.296658 0.554379 0.642614 0.197668 0.059613 0.574975 0.591651 0.154164 0.147743 -0.119662 0.095769 0.043904 -0.129619 0.355702 -0.055511 -0.428709 -0.381197 0.013826 -0.069337 -0.070519 -0.164123 1.000000 0.698497 0.295210 0.107546 0.185048 0.048602 -0.432863 -0.450985 0.141727 0.256426 -0.361059 -0.016002 0.243396 0.248636 -0.188844 -0.167708 0.040409 -0.052193 -0.242362 -0.066220 0.096177 -0.079649 0.224110 0.019220 -0.010099 -0.050649 0.064004 -0.021338 0.163590 0.014199 -0.105032 0.062160 0.097125 -0.020829 -0.466463 -0.253633 -0.307854 -0.237504 -0.212280 -0.296684 -0.614696 -0.534719 0.572252 0.225111 -0.014499 0.062318 -0.237267 -0.258135 0.039598 0.098584 -0.505051 -0.343997 -0.374468 -0.092305 -0.248581 -0.131773 -0.325636 -0.279467 -0.400620 -0.262356 0.181484 0.229729 0.222415 0.185574 0.041941 0.206086 0.559478 0.422436 0.182276 0.291926 0.157375 0.353695 -0.073257 -0.154224 -0.042241 -0.186952 -0.250252 -0.338359 -0.049365 0.115254 -0.017796 -0.341531 -0.057004 -0.025098 -0.078502 -0.218466 -0.125268 -0.119869 -0.060858 -0.166400 0.013475 0.076365 0.100446 0.048944
-0.421449 -0.215124 0.292816 0.665769 -0.016804 0.493227 0.272314 0.329425 -0.145233 -0.027270 -0.326712 -0.151583 -0.230126 -0.539186 0.270066 -0.209603 -0.511777 -0.482241 0.106151 0.094976 0.177073 -0.116515 0.698497 1.000000 0.413090 0.496368 0.342703 0.447615 -0.613906 -0.582744 0.216282 0.361056 -0.363355 -0.039684 0.472866 0.217546 -0.135096 -0.332985 0.058613 -0.219088 -0.215590 0.129258 0.028540 -0.080969 0.113305 -0.085114 0.072498 -0.079924 -0.180601 -0.267151 0.068564 -0.042817 -0.121084 0.151686 0.061647 -0.193657 -0.337576 0.021288 -0.274783 -0.188657 -0.266180 -0.332615 -0.523820 -0.262063 0.584306 0.045576 -0.062884 0.093691 -0.106928 -0.121517 0.006436 0.068250 -0.597659 -0.122809 -0.349870 0.202882 -0.241043 0.011170 -0.367845 -0.317774 -0.433195 -0.390694 0.326875 0.223427 0.508413 0.448877 0.351968 0.396385 0.486163 0.350477 0.276382 0.358836 0.275525 0.410360 -0.020779 -0.302978 -0.100443 -0.416317 -0.283353 -0.382999 -0.195663 -0.101431 -0.040531 -0.126288 0.223255 0.157953 0.020361 -0.150596 -0.222220 -0.100921 -0.231629 -0.119765 0.188691 -0.027136 0.060105 0.215099
-0.462757 -0.500312 -0.161362 0.048178 0.015289 0.358683 -0.229083 -0.028503 0.027523 0.218335 -0.245668 -0.083825 -0.141075 -0.283072 0.152872 0.057923 -0.052223 -0.269689 -0.201550 -0.204241 0.329145 0.236865 0.295210 0.413090 1.000000 0.644754 0.117311 0.238176 -0.121761 -0.167974 0.496897 0.517495 -0.047500 0.204259 0.275773 0.245302 0.052536 -0.091205 0.010074 -0.175988 0.095165 0.211842 0.370491 0.175187 0.294251 0.153002 0.269036 0.220028 -0.055718 -0.139692 0.126822 -0.071249 -0.086894 0.076322 -0.157377 -0.084106 -0.213024 -0.148867 -0.389405 -0.289198 -0.441117 -0.394677 -0.267951 -0.165815 0.213630 -0.059584 -0.054193 0.129362 -0.261254 -0.126638 0.164040 0.132332 -0.136643 0.084198 0.104988 0.246108 -0.072795 0.044581 -0.047858 -0.122139 -0.116456 -0.285432 0.167497 0.023537 0.106143 -0.015841 0.295887 0.076274 -0.110257 -0.244925 0.036669 0.087717 -0.008350 0.009741 0.101107 -0.064926 -0.012568 -0.112221 -0.014295 -0.178830 0.007049 -0.087052 0.064078 0.052289 0.123151 0.045273 -0.053590 -0.023567 -0.014961 -0.038365 0.186219 0.010097 0.002595 -0.057605 -0.035561 0.027677
-0.335780 -0.312214 -0.264737 -0.050373 -0.380645 0.662382 -0.453650 -0.358553 -0.236502 -0.325270 -0.366895 -0.277645 -0.328015 -0.515457 -0.040604 -0.104404 -0.155892 -0.423150 -0.207441 -0.213170 0.475438 0.321593 0.107546 0.496368 0.644754 1.000000 0.095240 0.650548 -0.295949 -0.268849 0.316613 0.388112 -0.009109 0.093185 0.632036 0.410110 0.139472 -0.021604 0.236719 -0.106611 0.121957 0.284787 0.173877 0.103436 0.170296 0.240301 0.085376 0.197495 -0.269077 -0.389737 0.079512 -0.014186 -0.250026 0.018336 -0.133648 -0.122507 -0.066328 0.006896 -0.309032 -0.217074 -0.341652 -0.277094 -0.165819 0.072756 0.148914 0.032405 0.138277 0.356059 0.025286 0.030967 0.065194 0.093748 -0.131470 0.195813 0.096097 0.391192 -0.082764 0.140575 -0.163605 -0.090293 -0.113352 -0.307390 0.173232 -0.161631 0.295560 0.247467 0.508641 0.227465 -0.051958 -0.113494 0.062433 0.193028 0.096286 0.064709 0.104766 -0.200676 -0.039459 -0.216031 -0.221482 -0.140401 -0.163084 -0.206448 -0.013995 0.156874 0.351971 0.213256 0.021546 -0.023715 -0.003246 -0.050216 0.170676 -0.091731 0.089933 -0.182439 -0.022525 0.200542
-0.157959 0.110286 0.536825 0.473222 0.651966 0.531957 0.250810 0.213128 0.509242 0.176507 -0.298811 -0.449362 -0.083931 -0.365882 0.307790 0.200515 -0.212689 -0.132514 0.254736 0.424022 0.458228 -0.353277 0.185048 0.342703 0.117311 0.095240 1.000000 0.470207 -0.507064 -0.341199 -0.335324 -0.291846 -0.512677 -0.517079 0.124655 0.112614 -0.278542 -0.356539 0.035703 -0.229741 -0.373609 0.333824 0.052708 -0.153413 0.105678 -0.137661 0.161362 -0.188672 0.256703 0.012032 0.230270 0.076737 0.194904 0.360091 0.144097 -0.257142 -0.129195 0.326527 0.183347 0.071531 -0.051769 -0.309383 -0.198561 -0.157788 0.159745 -0.279629 -0.028251 -0.103955 0.148919 0.245899 -0.133976 -0.129410 -0.541961 -0.094092 -0.477866 0.129254 -0.380221 -0.144138 -0.088122 -0.184819 -0.265498 -0.317496 -0.151953 0.150080 0.056837 -0.062768 -0.099279 -0.012035 0.383035 0.065391 0.379311 0.234873 0.343732 0.469212 -0.109354 -0.432327 0.014487 -0.446984 0.163561 -0.293806 0.040821 0.099592 -0.062451 -0.051546 0.267799 0.403811 0.249724 -0.022738 -0.261968 -0.288454 -0.381107 -0.068142 0.188733 -0.256703 0.195447 0.388139
-0.188226 -0.113371 0.016657 0.124285 -0.003013 0.777596 -0.162638 -0.287995 -0.017531 -0.290706 -0.285310 -0.462858 -0.207865 -0.582905 0.242026 0.059168 -0.212326 -0.272737 0.071841 0.077391 0.512382 0.174563 0.048602 0.447615 0.238176 0.650548 0.470207 1.000000 -0.319793 -0.262017 0.035717 0.039936 -0.213593 -0.280248 0.367508 0.105687 0.145926 -0.104851 0.318122 -0.154880 0.118270 0.394830 0.009493 -0.030509 -0.030167 -0.080008 0.166648 -0.048547 -0.257191 -0.429788 0.016481 -0.093126 -0.045182 0.116595 0.178666 -0.216040 -0.044091 0.235082 -0.070593 -0.050709 -0.237091 -0.336689 -0.109595 0.052640 0.032239 -0.269730 0.080701 0.016100 0.177272 0.185589 0.013758 -0.031447 -0.185039 0.182654 -0.032339 0.326804 -0.151778 0.012693 -0.079647 -0.019832 -0.079645 -0.228240 0.265453 0.033240 0.363660 0.227860 0.434207 0.239646 0.242007 0.058133 0.175198 0.191755 0.256835 0.225060 0.075691 -0.447461 0.060982 -0.391829 -0.061354 -0.178091 -0.310573 -0.198887 -0.229114 -0.012921 0.373394 0.436998 0.243336 0.075540 -0.200278 -0.145593 -0.119465 -0.102835 0.268732 -0.362013 0.118286 0.369959
0.369103 -0.115677 -0.540390 -0.529436 -0.159687 -0.486977 -0.308394 -0.483983 -0.024420 -0.037046 0.587472 0.274242 0.365509 0.478335 0.084507 0.256860 0.580037 0.652676 0.035535 -0.191707 -0.298342 0.282350 -0.432863 -0.613906 -0.121761 -0.295949 -0.507064 -0.319793 1.000000 0.841113 0.328367 0.223986 0.582655 0.361486 -0.527972 -0.415583 0.498914 0.423136 -0.020488 0.279635 0.556738 -0.116623 -0.109117 0.192291 -0.247803 -0.083120 -0.102198 -0.041032 -0.305741 0.013866 -0.420783 -0.301843 -0.211424 -0.283715 -0.059950 0.376821 0.278129 -0.206392 -0.090016 -0.172829 -0.062662 0.105130 0.440294 0.192370 -0.513584 -0.212020 -0.171361 -0.381321 0.127558 -0.134856 0.167396 0.020223 0.854001 0.216878 0.623775 -0.064836 0.486739 0.111846 0.562185 0.596273 0.651716 0.650680 0.084402 0.103006 -0.279295 -0.169922 -0.212827 -0.136231 -0.448973 -0.344348 -0.617987 -0.535736 -0.629647 -0.609501 0.137496 0.478685 0.139748 0.534324 -0.116303 0.384951 -0.034254 0.070999 -0.164879 -0.049778 -0.423698 -0.400459 -0.215561 0.006614 0.187136 0.359066 0.220401 -0.095468 -0.346245 0.182480 -0.234741 -0.417799
0.266106 -0.083416 -0.424593 -0.388959 -0.132589 -0.434145 -0.264704 -0.447420 0.001165 -0.074031 0.529304 0.232791 0.309083 0.400302 0.072124 0.240810 0.519759 0.607776 0.103670 -0.115758 -0.182294 0.148168 -0.450985 -0.582744 -0.167974 -0.268849 -0.341199 -0.262017 0.841113 1.000000 0.244406 0.161945 0.401181 0.220367 -0.488318 -0.391456 0.428595 0.436956 0.056655 0.268302 0.471554 -0.008644 -0.084061 0.152619 -0.168519 -0.038138 -0.057763 -0.102637 -0.256250 0.058383 -0.373704 -0.319471 -0.201834 -0.272522 0.007734 0.379888 0.182686 -0.151764 -0.101311 -0.263870 -0.105998 0.023985 0.348308 0.139716 -0.436861 -0.176147 -0.182663 -0.427767 0.086811 -0.123992 0.222067 0.042394 0.770792 0.401808 0.529564 0.154753 0.514273 0.254706 0.528539 0.604066 0.564607 0.631307 0.049020 0.149791 -0.271666 -0.161239 -0.190397 -0.101363 -0.380506 -0.255859 -0.531381 -0.493817 -0.504596 -0.465024 0.169623 0.451205 0.141803 0.459706 -0.057277 0.258530 -0.013493 0.084944 -0.151256 -0.128603 -0.434959 -0.401192 -0.198147 -0.111344 0.252332 0.315787 0.083111 -0.136185 -0.286470 0.201618 -0.222370 -0.341812
-0.240523 -0.415707 -0.363468 -0.009584 -0.300617 -0.001871 -0.305172 -0.196236 -0.342280 -0.031495 0.074722 0.183345 -0.074077 -0.128964 0.133966 -0.013384 0.047757 -0.051252 0.127865 -0.141699 0.173600 0.313729 0.141727 0.216282 0.496897 0.316613 -0.335324 0.035717 0.328367 0.244406 1.000000 0.887955 0.465894 0.643447 0.056293 -0.082682 0.359474 0.130704 0.037461 -0.052165 0.380590 0.186976 0.038032 0.182041 0.134107 0.020116 0.018314 -0.096742 -0.449587 -0.170651 -0.349536 -0.329315 -0.465251 -0.247597 -0.238061 0.136561 -0.113103 -0.287207 -0.484467 -0.333265 -0.343414 -0.249122 -0.107883 -0.071550 0.143395 -0.058724 -0.055241 -0.102823 0.029356 -0.256092 0.359689 0.302563 0.233939 0.260544 0.341839 0.359195 0.302537 0.232612 0.167807 0.136974 0.168210 0.030707 0.402458 0.444025 0.107229 0.200984 0.199806 0.307291 -0.322559 -0.244613 -0.458311 -0.269973 -0.446326 -0.332591 0.170249 0.167997 -0.063177 0.126842 -0.343956 0.083374 -0.019665 -0.021173 0.078765 0.008306 -0.122521 -0.357213 -0.239155 -0.091118 0.078272 0.289614 0.041299 -0.100111 -0.141834 0.256036 -0.227790 -0.189463
-0.333264 -0.471132 -0.329872 0.064069 -0.279737 0.055402 -0.282077 -0.157048 -0.334072 -0.082111 -0.021591 0.165973 -0.116720 -0.186482 0.177745 -0.089354 -0.007730 -0.095966 0.051890 -0.181688 0.127026 0.385315 0.256426 0.361056 0.517495 0.388112 -0.291846 0.039936 0.223986 0.161945 0.887955 1.000000 0.347641 0.649545 0.111671 0.052413 0.314275 0.160294 0.035849 0.030802 0.320379 0.069014 0.099880 0.223882 0.188586 0.119440 -0.032426 -0.043230 -0.397437 -0.183107 -0.301957 -0.304109 -0.531299 -0.226206 -0.230285 0.200712 -0.188652 -0.328938 -0.532861 -0.378510 -0.500874 -0.331868 -0.230064 -0.184382 0.157439 -0.046228 0.017553 0.039834 0.006246 -0.227516 0.313692 0.329342 0.128301 0.113720 0.244831 0.235980 0.182415 0.221237 0.073710 0.093239 0.112899 0.033095 0.452670 0.397941 0.113636 0.236705 0.192494 0.355333 -0.211572 -0.218772 -0.403974 -0.257821 -0.445717 -0.291107 0.173180 0.202410 0.027196 0.139598 -0.397630 -0.029631 0.020899 -0.014587 0.099340 -0.033522 -0.101544 -0.329564 -0.320907 -0.204270 0.118715 0.244704 0.128369 -0.143263 -0.211314 0.286469 -0.144541 -0.100771
0.270241 -0.080433 -0.486510 -0.416195 -0.428063 -0.254635 -0.402620 -0.459588 -0.308995 -0.287185 0.240251 0.130629 -0.006207 0.166933 -0.227166 -0.019095 0.293642 0.285489 0.078900 -0.126216 -0.112047 0.152780 -0.361059 -0.363355 -0.047500 -0.009109 -0.512677 -0.213593 0.582655 0.401181 0.465894 0.347641 1.000000 0.727360 -0.057573 -0.187534 0.345177 0.130059 -0.049670 -0.024834 0.405688 0.003031 -0.074786 0.260681 -0.044865 0.067312 -0.140382 -0.061912 -0.394377 -0.045758 -0.353789 -0.103179 -0.377874 -0.240375 -0.188522 0.215119 0.226879 -0.141123 -0.145089 -0.090084 -0.011291 0.117697 0.423561 0.360040 -0.309227 -0.037109 0.147317 0.019763 0.253619 -0.047176 0.057709 -0.040599 0.602780 0.363095 0.592481 0.176568 0.381079 0.134086 0.375617 0.387115 0.417845 0.375821 -0.026019 -0.013506 -0.198321 0.111074 -0.047731 0.029735 -0.559947 -0.329869 -0.630172 -0.364343 -0.609860 -0.560308 0.101771 0.299740 -0.040558 0.333834 -0.347527 0.331232 -0.119468 -0.086768 -0.056578 0.192008 -0.174245 -0.363583 -0.302726 -0.035075 0.163014 0.301175 0.077483 -0.019126 -0.131794 0.200255 -0.249865 -0.270422
-0.116638 -0.263108 -0.408094 -0.199481 -0.324014 -0.290283 -0.271969 -0.143920 -0.267682 -0.066223 0.068920 0.280318 -0.066192 0.080531 -0.103329 -0.022260 0.061940 0.030664 -0.073796 -0.118560 -0.033779 0.303755 -0.016002 -0.039684 0.204259 0.093185 -0.517079 -0.280248 0.361486 0.220367 0.643447 0.649545 0.727360 1.000000 0.116016 0.142054 0.258174 0.118687 -0.154654 -0.070384 0.293842 0.024223 0.118797 0.250346 0.273818 0.234389 -0.093276 0.117972 -0.278608 0.016373 -0.334924 -0.277859 -0.503778 -0.298630 -0.377722 0.123375 -0.067816 -0.238883 -0.440842 -0.303447 -0.224819 -0.030422 0.099050 0.071550 0.053736 0.098151 -0.028761 0.073075 -0.046949 -0.228931 0.244769 0.258934 0.326010 0.173421 0.337804 0.181341 0.276805 0.230513 0.042127 0.080007 0.077479 0.086656 0.133849 0.150191 -0.163251 -0.029415 -0.012642 0.149537 -0.339709 -0.357380 -0.442795 -0.265164 -0.498925 -0.404899 0.152088 0.199581 0.084723 0.151173 -0.263004 0.065974 0.043755 -0.039898 0.139425 0.099616 -0.100122 -0.323874 -0.252784 -0.041551 0.120554 0.119639 0.269689 -0.054876 -0.233733 0.218015 -0.152768 -0.118857
-0.306784 -0.131008 0.024147 0.037166 -0.236339 0.405716 -0.094019 -0.113028 -0.081680 -0.285533 -0.387393 -0.274388 -0.316854 -0.529223 -0.195083 -0.171674 -0.333296 -0.456854 -0.171873 -0.110349 0.298275 0.051476 0.243396 0.472866 0.275773 0.632036 0.124655 0.367508 -0.527972 -0.488318 0.056293 0.111671 -0.057573 0.116016 1.000000 0.714054 -0.049363 -0.107028 0.129002 -0.233290 -0.150649 0.126286 0.091363 0.007532 0.436242 0.379496 -0.063835 0.193752 -0.032603 -0.163768 0.275307 0.149445 -0.254541 0.085033 -0.214856 -0.181597 -0.090079 0.125645 -0.269205 -0.251806 -0.107275 -0.195874 -0.313954 0.033689 0.558211 0.235703 0.245597 0.461012 0.078716 -0.044410 -0.135209 -0.072688 -0.375141 0.009742 -0.206988 0.236328 -0.132505 0.077917 -0.380961 -0.165496 -0.390366 -0.312802 -0.008233 -0.282322 0.408834 0.325027 0.367475 0.067263 0.120123 0.115664 0.131841 0.459905 0.179757 0.221390 -0.039176 -0.237358 -0.153650 -0.314718 -0.236385 -0.139128 -0.165475 -0.187896 -0.019101 0.103090 0.316458 0.229507 -0.090856 -0.031720 -0.002497 -0.089878 0.129751 -0.082138 0.060223 -0.189616 0.153727 0.301840
-0.331041 -0.223073 0.128354 -0.047483 0.020885 0.146759 -0.068483 0.085042 0.107114 -0.107752 -0.399338 -0.152015 -0.200483 -0.246694 -0.260241 -0.127683 -0.187107 -0.397014 -0.297632 -0.099113 0.263267 0.178480 0.248636 0.217546 0.245302 0.410110 0.112614 0.105687 -0.415583 -0.391456 -0.082682 0.052413 -0.187534 0.142054 0.714054 1.000000 -0.169270 -0.070109 0.025503 -0.041095 -0.208221 0.096006 0.280608 0.017802 0.483737 0.485012 -0.114648 0.388621 0.337921 0.054781 0.310383 0.180956 -0.222223 0.139787 -0.367308 -0.211543 -0.120343 -0.085846 -0.117016 -0.143493 -0.111361 -0.132423 -0.229089 -0.117322 0.393871 0.246394 0.182078 0.518009 -0.070999 0.035925 -0.050402 0.103258 -0.354349 -0.305307 -0.345805 -0.092308 -0.302498 -0.016781 -0.406239 -0.317057 -0.381790 -0.388251 -0.189306 -0.224266 -0.011905 -0.171491 0.051374 -0.157140 0.087867 -0.077855 0.248019 0.355875 0.180961 0.231175 -0.013365 -0.191349 -0.014079 -0.189245 -0.053464 -0.120308 0.178938 0.000067 0.126840 0.066119 0.164939 0.256794 -0.015913 0.024086 0.011725 -0.367115 0.410450 -0.167242 -0.236145 -0.224986 0.216413 0.334235
