1.000000 0.408623 -0.005687 -0.116302 -0.208142 -0.058214 0.295230 0.030712 -0.180618 -0.260858 0.281886 0.044181 0.200322 0.096063 0.092722 -0.035025 0.118642 0.023891 0.195634 0.368586 0.146784 0.038879 -0.013326 -0.273522 -0.121630 -0.101583 0.128844 0.137903 -0.116488 -0.149542 -0.148926 -0.080673 0.068717 0.066218 -0.171859 -0.195434 -0.002569 0.239117 -0.084510 -0.109712 0.238656 0.144069 -0.029736 0.109678 -0.190052 -0.048449 0.054657 0.041359 -0.202800 -0.103321 -0.231344 -0.223922 0.281813 0.141553 -0.028959 0.035941 0.653453 0.449939 0.435917 0.408603 0.023660 0.219056 -0.271558 -0.009470 -0.282007 -0.416885 -0.125375 -0.280995 0.368203 0.208522 -0.107922 -0.229267 -0.165718 -0.035655 0.058913 -0.041862 -0.019760 -0.130865 -0.062308 -0.171539 0.018183 -0.046492 0.142170 -0.091864 -0.006277 -0.266911 0.005243 -0.054245 0.073714 0.071196 -0.100694 -0.004558 -0.204616 -0.023961 -0.359603 -0.133115 -0.185894 -0.058320 0.022681 0.089677 -0.130958 0.119588 -0.126825 -0.100874 -0.290377 -0.178677 0.050987 -0.041483 -0.146823 -0.268585 -0.152308 -0.157205 -0.063674 -0.134759 -0.255730 -0.182859
0.408623 1.000000 -0.134982 -0.128249 -0.179391 -0.208135 0.064573 0.008429 -0.112386 -0.340252 0.175496 0.193670 -0.025523 -0.115922 0.037043 -0.124184 0.064271 -0.021910 -0.102067 0.099331 0.266800 0.189699 -0.158640 -0.343880 -0.085846 0.003613 -0.035838 -0.017154 -0.040122 0.060958 -0.250486 -0.097596 -0.016862 0.101975 -0.290818 -0.130789 0.025401 0.167253 -0.000131 0.027325 0.240936 0.228342 0.041819 -0.035758 -0.082878 0.053076 0.151592 0.022553 0.033712 0.090137 0.000918 0.012305 0.309780 0.077488 -0.080391 -0.120992 0.407425 0.734883 0.019770 0.057853 -0.051719 0.371895 -0.217796 0.312796 -0.184357 -0.280854 -0.420052 -0.291030 0.191508 -0.029750 -0.031406 0.010689 -0.104025 0.021852 -0.157010 -0.083972 -0.176262 0.003775 0.174701 0.076550 0.223858 0.150700 0.150293 -0.012105 0.122381 0.082508 -0.147704 -0.102301 0.095691 0.012204 -0.167168 -0.204704 -0.200675 -0.096515 -0.270933 -0.211250 -0.064046 -0.149055 0.009256 0.049981 -0.049502 0.032295 -0.060624 -0.351782 -0.211441 0.015636 0.063790 -0.287207 -0.127011 -0.013449 -0.080670 -0.005011 0.142837 -0.083492 -0.171114 0.078254
-0.005687 -0.134982 1.000000 0.211510 0.012207 0.019213 0.399649 0.391757 -0.030945 -0.053638 0.185739 0.064228 -0.018667 0.077078 -0.123246 -0.060878 -0.312872 -0.134604 0.239043 0.075808 0.060577 0.052109 -0.076969 -0.080931 0.021704 0.054461 -0.059873 0.051137 -0.183569 -0.248236 -0.095975 -0.180153 0.140360 0.151957 0.060408 0.060252 -0.108056 -0.022100 -0.175265 -0.221343 0.006516 -0.166625 -0.184975 -0.083027 -0.050234 -0.112184 -0.165306 -0.264449 -0.076651 -0.068641 -0.070085 -0.099700 0.084580 -0.075802 0.027732 -0.074316 -0.040011 -0.086418 0.268677 0.154204 0.239144 0.049073 -0.003140 0.120241 0.111769 0.034594 0.425317 0.244038 -0.125501 -0.123988 -0.131751 -0.079401 -0.310972 -0.270728 -0.190304 -0.205763 -0.237299 -0.213887 -0.137607 -0.161557 -0.268920 -0.400952 -0.026001 -0.137923 -0.136885 -0.143918 -0.043400 -0.022978 0.115693 0.076365 -0.087951 -0.046354 0.014913 -0.005158 0.018992 -0.008648 -0.081430 -0.109603 -0.154031 0.080220 -0.071641 0.133389 -0.077705 0.129645 0.008042 0.013033 -0.143337 0.076015 0.004999 -0.099202 -0.128641 -0.074808 -0.069713 -0.120667 -0.066382 -0.095392
-0.116302 -0.128249 0.211510 1.000000 0.059389 0.037823 -0.214614 0.123279 0.108120 0.113410 0.069519 0.216616 -0.021286 -0.014417 0.162534 0.100836 -0.128466 -0.257824 0.173247 0.081166 -0.182539 -0.089970 0.291757 0.396317 0.101360 0.187877 -0.013678 -0.055942 -0.060504 -0.178363 0.169633 0.170394 0.026696 0.057418 0.009641 -0.103154 -0.269968 -0.187366 -0.279324 -0.124769 0.039391 -0.234354 -0.017649 -0.035735 -0.129757 -0.129612 0.053832 -0.237749 -0.014262 0.008273 0.070633 0.051158 0.190321 0.085904 0.202431 0.090136 0.115659 -0.023562 0.151112 0.130755 0.051387 0.159488 0.062369 0.062698 0.152596 0.210987 -0.094824 0.074669 -0.214968 -0.140316 -0.143320 -0.218896 -0.108649 -0.249530 -0.176773 -0.197789 -0.240306 -0.276413 0.057413 -0.095564 -0.007439 -0.114664 0.183962 0.088919 0.159725 0.167014 0.244497 0.162501 0.177875 0.203971 -0.077831 -0.185154 -0.068085 -0.252024 0.068260 0.062760 -0.020912 0.051728 -0.070459 -0.039202 -0.082828 -0.261718 -0.130312 -0.107961 0.081451 -0.038214 -0.035765 -0.181189 0.089846 0.019774 -0.339855 -0.029920 0.055070 0.010267 -0.038645 -0.172282
-0.208142 -0.179391 0.012207 0.059389 1.000000 0.304771 -0.090121 -0.096866 0.547216 0.519623 -0.083193 -0.216102 -0.095355 -0.093556 0.045640 0.499143 -0.120822 -0.105558 -0.077052 -0.169317 -0.074745 0.026247 -0.035617 -0.004656 0.228648 -0.142032 0.539774 0.072884 -0.105770 -0.033169 -0.053933 -0.231384 -0.298553 -0.367034 -0.113652 -0.265431 -0.037452 -0.101156 -0.003957 -0.017907 -0.335937 0.003467 0.310942 -0.012209 0.010134 -0.129700 0.031685 0.237335 0.029648 -0.050108 0.247074 0.175592 -0.049466 0.096969 0.143279 0.124842 -0.169860 -0.215612 -0.133574 -0.071089 -0.202352 -0.221917 0.093194 -0.345045 -0.083966 -0.060403 0.109510 -0.142772 0.110513 0.258958 0.162610 0.313199 -0.109977 -0.073265 -0.096981 -0.032236 -0.117104 0.034908 -0.160466 -0.128843 -0.101543 -0.088802 -0.212759 -0.096320 -0.118927 -0.062022 -0.165611 -0.155679 0.103829 0.018714 0.500101 0.427220 0.341450 0.263204 0.226744 -0.051747 0.018717 0.031850 0.223840 0.020827 0.103409 -0.086732 -0.008458 0.094229 0.047368 0.211179 0.004655 0.083817 -0.055724 -0.060580 0.110427 0.323467 0.206135 0.093283 0.067878 0.142294
-0.058214 -0.208135 0.019213 0.037823 0.304771 1.000000 -0.004838 0.050487 0.174612 0.348187 -0.008935 0.106597 0.000005 0.172886 0.204564 0.531915 -0.043313 -0.369432 0.017819 0.027236 0.068809 0.165463 0.144256 0.397433 0.405202 0.560468 0.570221 0.564788 -0.329361 -0.352620 0.014489 0.000578 0.178805 0.103840 0.039156 -0.127469 -0.102039 -0.107727 -0.164168 -0.193550 -0.147122 0.131456 0.048890 -0.139271 -0.237759 -0.258158 -0.351193 -0.160579 -0.227223 -0.296446 -0.113655 -0.066098 -0.154784 -0.162892 -0.177430 -0.270592 -0.084321 -0.120660 0.120524 -0.095873 0.200383 0.131936 -0.149611 -0.074477 0.116309 0.202880 0.371231 0.371667 0.181128 0.265034 -0.159919 0.058632 -0.334546 -0.104611 -0.131998 -0.035392 -0.241679 -0.180658 -0.243047 0.258549 -0.261288 -0.302674 -0.026790 0.101383 -0.018615 -0.042024 -0.007837 -0.053440 0.125294 -0.008529 0.192036 0.221920 0.214609 0.164394 -0.096225 -0.226477 -0.292355 -0.168773 -0.114671 -0.022515 -0.006442 0.028058 -0.090891 -0.061579 0.111606 0.177412 0.030165 0.036750 -0.125875 -0.193606 -0.139977 0.012981 0.027979 -0.064003 -0.049229 -0.084130
0.295230 0.064573 0.399649 -0.214614 -0.090121 -0.004838 1.000000 0.310936 -0.036872 -0.135326 0.218911 0.153242 0.182368 0.289826 -0.057075 -0.011346 -0.274575 -0.189813 0.019091 0.129032 -0.070095 0.146025 -0.112548 -0.247807 -0.115770 -0.172390 -0.107208 -0.001124 -0.150321 -0.191258 -0.116433 -0.177704 0.006314 0.078531 -0.009783 0.016076 -0.049100 0.173483 -0.159611 -0.129469 -0.091437 -0.076092 0.006848 0.065043 -0.079177 0.055060 -0.030659 -0.106503 0.011263 0.147864 -0.034441 0.013482 0.014886 -0.007880 -0.177962 -0.155293 0.110172 0.037043 0.313780 0.153273 0.208607 0.114539 0.009771 -0.021599 -0.086661 -0.119538 0.186572 -0.040391 0.115766 0.052407 -0.086337 -0.132001 -0.233391 -0.119230 -0.254808 -0.100904 -0.274234 -0.206722 -0.099512 -0.111250 -0.108170 -0.220808 -0.062283 -0.107010 -0.165088 -0.131138 -0.147848 -0.116451 0.089480 0.022959 -0.054954 0.049191 -0.074764 0.004804 -0.287138 -0.297947 -0.175655 -0.252175 0.028010 0.140394 -0.067160 0.196717 0.004078 0.095599 -0.035450 -0.055009 0.022169 0.033238 -0.075251 -0.169089 -0.092964 -0.130174 0.231042 0.080818 -0.009380 0.035914
0.030712 0.008429 0.391757 0.123279 -0.096866 0.050487 0.310936 1.000000 0.089799 0.293408 0.135727 0.183595 -0.120363 0.284430 -0.102059 0.204512 -0.221593 -0.226079 -0.171547 -0.001653 -0.051005 -0.027278 -0.297113 -0.280378 0.125380 -0.009973 -0.258634 -0.271712 -0.117317 0.004938 0.006053 0.046898 0.006653 0.123075 -0.030753 0.181376 -0.222902 -0.069548 -0.235742 -0.297957 -0.104372 -0.217252 -0.067139 -0.096861 0.224213 0.140069 -0.052574 -0.188933 0.069392 0.139259 0.059032 0.052746 0.154679 0.135024 -0.093696 -0.155075 0.055009 0.016676 0.274698 0.424701 0.300716 0.332660 -0.047006 0.201567 -0.209496 -0.049704 0.121217 0.288070 -0.139675 -0.113359 -0.208809 -0.000754 -0.198031 -0.088978 -0.196528 -0.124714 -0.191223 -0.121131 -0.091263 -0.051822 -0.103399 -0.280215 -0.247795 -0.035120 -0.372438 -0.282706 -0.255944 -0.248389 0.065453 0.099839 -0.100259 -0.162177 -0.004969 -0.153016 -0.151189 -0.235766 -0.223920 -0.319364 -0.304280 -0.170967 0.062601 0.008619 -0.150514 -0.228840 -0.102758 -0.122469 -0.075153 -0.213794 -0.069902 -0.033338 -0.181024 -0.156856 -0.045876 -0.122135 -0.104121 -0.057016
-0.180618 -0.112386 -0.030945 0.108120 0.547216 0.174612 -0.036872 0.089799 1.000000 0.420301 0.101842 -0.089993 -0.038153 -0.023039 0.393341 0.692424 -0.174810 -0.242383 0.091760 0.026921 -0.235769 -0.055263 -0.156068 -0.051085 0.032897 -0.258579 0.222929 -0.094864 -0.024923 -0.119832 -0.202212 -0.409643 -0.297473 -0.341143 -0.128954 -0.336702 0.010253 -0.088567 0.088974 0.092676 -0.145061 -0.089568 -0.035938 -0.194452 0.092711 0.001601 -0.140240 0.016097 0.035845 0.076205 0.068191 0.097597 -0.086824 -0.145694 -0.236702 -0.032719 -0.054309 -0.103217 0.041181 0.038699 0.139039 -0.015360 -0.036608 -0.112179 -0.041151 0.040534 0.034094 0.010787 0.247346 0.377918 0.094099 0.231963 -0.063669 -0.225198 -0.076177 -0.193434 -0.238399 -0.158505 0.018545 -0.148678 0.035035 -0.020611 -0.114114 0.096051 -0.098964 0.039081 -0.130233 -0.074044 -0.060153 0.189265 0.369749 0.315964 0.410027 0.249215 -0.070085 -0.145670 -0.258463 -0.153452 0.088804 0.082043 0.063895 -0.020787 0.010114 -0.129211 -0.034126 0.111690 -0.019070 -0.137665 -0.349524 -0.095884 -0.138846 0.013753 0.151672 -0.154596 -0.102247 -0.001029
-0.260858 -0.340252 -0.053638 0.113410 0.519623 0.348187 -0.135326 0.293408 0.420301 1.000000 0.019893 -0.206645 -0.177725 0.077133 -0.161070 0.525415 0.035653 -0.082203 -0.226754 -0.130602 -0.272451 -0.001731 -0.206520 -0.105021 0.373820 -0.095202 0.081784 -0.277562 -0.005576 0.031166 0.153170 0.123268 -0.195184 -0.202551 0.123566 0.026920 -0.228809 -0.305470 -0.229977 -0.283490 -0.420115 -0.241912 0.337253 0.076738 0.199169 0.043811 -0.023519 0.104118 0.115975 0.073617 0.186224 0.188208 -0.085062 0.140236 0.055540 -0.034605 -0.059358 -0.259670 -0.074228 0.040620 0.066998 0.027669 0.241926 -0.139051 -0.072914 0.020347 0.113565 0.082533 -0.189093 -0.002865 0.064641 0.280958 0.006397 -0.034806 -0.083466 -0.116256 -0.043048 0.002001 -0.314621 0.008188 -0.198837 -0.083072 -0.417265 -0.175336 -0.351333 -0.260670 -0.365180 -0.343922 -0.083750 -0.047444 0.380884 0.203930 0.283230 0.159896 0.091907 -0.014958 -0.118998 -0.182688 0.025356 -0.203938 0.125248 -0.064735 0.105476 0.030941 0.206800 0.218173 0.029652 -0.013266 0.002809 -0.052304 -0.009367 0.247093 0.023589 0.069399 0.014011 0.038305
0.281886 0.175496 0.185739 0.069519 -0.083193 -0.008935 0.218911 0.135727 0.101842 0.019893 1.000000 0.375608 0.599430 0.439795 0.175329 0.087120 0.157545 0.090952 -0.044541 0.015371 0.096585 0.136432 -0.122851 -0.219917 -0.073034 -0.105791 -0.002393 -0.127884 0.014275 -0.195539 0.027769 -0.081559 0.057479 0.089130 -0.165471 -0.264930 0.018146 -0.183003 -0.136135 -0.161889 0.333901 0.057922 0.084759 0.180372 -0.104727 -0.050815 -0.136648 -0.224051 0.014950 -0.063402 0.047775 0.057437 0.182364 0.090641 -0.098980 -0.128766 0.414358 0.192328 0.133639 0.131072 0.278127 0.183530 0.206461 0.194113 -0.007742 -0.052074 -0.002367 -0.026195 0.012281 -0.059132 -0.017765 -0.130478 -0.090744 -0.102522 0.084525 -0.019068 -0.241851 -0.215669 0.009770 -0.182869 -0.059143 -0.136254 0.242655 -0.069212 0.116211 -0.034938 -0.120364 -0.057266 0.063600 0.026131 -0.140737 -0.231822 -0.071457 -0.086778 -0.140100 -0.120844 -0.159149 -0.170818 -0.154071 0.006806 -0.128357 0.049882 -0.151816 -0.114327 -0.185436 -0.232156 -0.164770 -0.155757 -0.042428 -0.029737 -0.233445 -0.180113 -0.203368 -0.331069 -0.286140 -0.306487
0.044181 0.193670 0.064228 0.216616 -0.216102 0.106597 0.153242 0.183595 -0.089993 -0.206645 0.375608 1.000000 0.385828 0.615080 0.155605 -0.026091 0.048104 -0.044029 -0.078803 0.088851 0.109132 0.095735 -0.063214 0.044818 -0.108164 0.177801 -0.077648 0.033148 0.065250 -0.114503 -0.094093 -0.015298 0.257829 0.314365 -0.223091 -0.086616 -0.025480 -0.126091 -0.167446 -0.083999 0.147533 0.021521 -0.030058 -0.029804 -0.385043 -0.276382 -0.237438 -0.368713 -0.211262 -0.251372 0.033320 0.160376 0.130446 -0.109151 0.140954 -0.052995 0.130057 0.084558 0.033915 0.048264 0.191783 0.363643 -0.031549 0.233461 -0.065752 0.264113 -0.102972 0.186555 0.035717 -0.133294 -0.245251 -0.308319 -0.101850 -0.085057 -0.128296 -0.068284 -0.317133 -0.240325 0.030527 0.011258 -0.100446 -0.303903 0.268270 0.132579 0.060725 0.089707 0.023003 0.158757 0.253996 0.083081 -0.167543 -0.247453 -0.111030 -0.171542 0.060058 -0.031492 0.025886 0.055897 -0.257157 -0.156045 -0.058136 -0.079956 -0.029445 -0.171782 0.124223 -0.033889 0.173773 -0.247831 0.028326 0.147965 -0.156406 -0.145532 -0.021418 0.005180 0.073657 -0.101659
0.200322 -0.025523 -0.018667 -0.021286 -0.095355 0.000005 0.182368 -0.120363 -0.038153 -0.177725 0.599430 0.385828 1.000000 0.377880 0.293517 -0.058191 0.122577 0.139552 0.012674 -0.050920 0.052090 0.050731 0.228347 0.045961 -0.172159 -0.115846 0.101551 0.160092 0.005043 -0.238000 0.133779 -0.018823 0.187354 0.099659 0.009899 -0.076852 -0.082138 -0.168660 -0.099986 -0.126222 0.173841 0.012130 -0.127618 0.036125 -0.156840 -0.118781 -0.204161 -0.249828 -0.100881 -0.188728 -0.010042 -0.015445 -0.080267 -0.126957 -0.045149 -0.010525 0.216201 0.143477 0.151878 0.108656 0.039638 -0.010967 0.172724 -0.117402 0.192339 -0.011470 0.070821 0.041538 -0.064369 -0.043734 -0.028219 -0.166751 -0.166256 -0.141060 -0.022716 0.037140 -0.009397 -0.015886 -0.055520 -0.097294 -0.155873 -0.130376 0.329218 -0.043143 0.271626 0.089167 0.069301 0.138529 0.135042 0.131786 -0.159408 -0.023674 -0.142256 -0.008130 0.033156 0.046128 0.002806 0.046807 -0.092298 -0.036208 -0.101248 0.052838 -0.200182 0.094704 -0.099897 -0.212709 -0.206396 -0.003875 0.010047 -0.030261 -0.189218 -0.205985 -0.231775 -0.185104 -0.128026 -0.201939
0.096063 -0.115922 0.077078 -0.014417 -0.093556 0.172886 0.289826 0.284430 -0.023039 0.077133 0.439795 0.615080 0.377880 1.000000 0.020272 0.099516 0.066887 0.119075 -0.130433 -0.007325 -0.060339 0.122761 -0.079825 -0.114468 0.033783 -0.102805 -0.078661 -0.012775 0.114411 -0.164879 0.112657 0.024061 0.277830 0.185419 -0.019429 0.026263 -0.052145 -0.175860 -0.200700 -0.273513 -0.068978 -0.102065 0.027965 -0.043554 -0.161294 -0.169395 -0.191263 -0.199854 -0.204720 -0.166607 -0.074135 0.152806 0.055506 -0.039713 0.120389 0.043552 0.117673 -0.055106 0.179077 0.217208 0.252225 0.141039 0.082214 0.051682 -0.219619 0.094926 0.133467 0.217760 0.107437 0.028427 -0.156750 -0.223946 -0.115381 -0.129102 -0.079601 -0.070663 -0.236188 -0.162556 -0.291741 -0.179045 -0.326464 -0.380513 -0.101010 -0.066660 -0.319447 -0.239033 -0.086750 -0.074161 0.133457 0.112397 0.037216 -0.067992 0.026277 -0.014098 0.066505 0.021700 -0.031375 0.039713 -0.221971 -0.267173 0.024316 0.063433 -0.007695 -0.057421 0.016524 -0.107809 0.066775 -0.170258 0.136463 0.112093 0.003511 -0.143094 -0.202241 -0.051839 -0.146883 -0.260608
0.092722 0.037043 -0.123246 0.162534 0.045640 0.204564 -0.057075 -0.102059 0.393341 -0.161070 0.175329 0.155605 0.293517 0.020272 1.000000 0.400016 -0.100427 -0.169009 0.263149 0.183319 0.123134 0.084287 0.222799 0.189094 0.059634 0.120827 0.421986 0.321214 -0.032520 -0.108985 -0.080208 -0.157780 -0.039248 -0.107837 -0.003865 -0.248390 -0.006766 0.007257 -0.075193 -0.012519 0.214070 0.142601 -0.263002 -0.222730 -0.152070 -0.093612 -0.066757 -0.142216 -0.198550 -0.095629 -0.087260 -0.068560 0.066002 -0.156701 -0.237169 -0.203133 0.143077 0.145456 0.215508 0.099334 0.123441 0.058971 -0.257391 0.010627 0.132290 0.043405 -0.035049 0.009145 0.228163 0.281738 -0.063155 -0.133700 -0.037000 -0.078267 0.077708 -0.010736 -0.085335 -0.198436 0.105466 -0.052618 0.195571 -0.033815 0.394412 0.419258 0.411821 0.228972 0.151051 0.076745 0.069155 0.099741 -0.006614 0.048113 -0.064889 -0.036562 -0.297750 -0.298551 -0.222679 -0.214576 -0.113453 0.055503 -0.201736 -0.006416 -0.248678 -0.162560 -0.236164 -0.185902 -0.037126 -0.186458 -0.281489 -0.046008 -0.229652 -0.329319 -0.053729 -0.221272 -0.145556 -0.177385
-0.035025 -0.124184 -0.060878 0.100836 0.499143 0.531915 -0.011346 0.204512 0.692424 0.525415 0.087120 -0.026091 -0.058191 0.099516 0.400016 1.000000 -0.007536 -0.342985 -0.030151 0.062908 -0.176388 0.044213 -0.028012 0.028400 0.139521 0.042000 0.408832 0.139419 -0.109013 -0.130857 -0.109817 -0.157499 -0.069416 -0.100075 -0.036283 -0.221600 -0.119761 -0.110460 -0.026613 -0.061228 -0.187639 -0.016725 -0.007481 -0.213068 0.091979 -0.084135 -0.149430 -0.044869 -0.036736 -0.070332 0.074200 -0.009661 -0.126442 -0.071828 -0.174131 -0.080532 -0.007371 -0.110554 0.136708 0.026883 0.168535 0.016755 -0.099798 -0.093101 -0.087670 0.068339 0.141295 0.117737 0.259323 0.334518 -0.085435 0.098913 -0.150002 -0.156496 -0.059572 -0.130739 -0.273156 -0.219473 -0.007568 -0.005918 0.087718 -0.030339 -0.198664 0.225596 -0.153537 -0.073446 -0.225915 -0.206618 0.029871 0.111516 0.229196 0.233614 0.175044 0.115698 -0.126853 -0.281936 -0.195851 -0.194837 -0.120376 -0.002151 -0.102303 0.008987 -0.164113 -0.180781 -0.076278 0.010353 -0.032724 -0.159733 -0.270560 -0.062599 -0.171161 -0.036434 0.097782 -0.119743 -0.107223 -0.062971
0.118642 0.064271 -0.312872 -0.128466 -0.120822 -0.043313 -0.274575 -0.221593 -0.174810 0.035653 0.157545 0.048104 0.122577 0.066887 -0.100427 -0.007536 1.000000 0.427987 -0.125476 -0.072509 -0.113528 0.106765 -0.017933 -0.033839 -0.005484 0.049826 0.012426 -0.031304 0.459248 0.261942 0.060421 0.203387 0.319478 0.208286 0.010804 0.046906 -0.074215 -0.192831 0.109212 -0.051443 0.105025 0.121899 0.216239 0.272301 0.090348 0.068651 0.047723 -0.009440 0.076238 0.035487 0.095595 0.081421 -0.015512 0.144386 0.167356 0.176148 0.147619 0.042735 -0.114088 -0.188581 -0.012910 -0.042821 0.318365 0.127199 -0.072509 0.175922 -0.261504 -0.195278 -0.133483 -0.207317 -0.169616 -0.278932 0.370988 0.138718 0.284408 0.014168 0.021625 -0.063882 0.194894 0.265039 0.360716 0.438699 -0.025940 0.019966 -0.007918 -0.131608 -0.052660 -0.125958 -0.154773 -0.175498 -0.287201 -0.284887 -0.370562 -0.244433 -0.010636 0.016675 0.150029 0.065118 -0.094056 -0.095808 -0.148641 -0.176057 0.011487 -0.024027 0.065068 -0.072158 0.115703 -0.032961 0.128574 0.052312 -0.096028 -0.061930 -0.179103 0.142804 0.074502 -0.182374
0.023891 -0.021910 -0.134604 -0.257824 -0.105558 -0.369432 -0.189813 -0.226079 -0.242383 -0.082203 0.090952 -0.044029 0.139552 0.119075 -0.169009 -0.342985 0.427987 1.000000 -0.143137 -0.205395 -0.105332 -0.077498 -0.058296 -0.218325 -0.015291 -0.244003 -0.171558 -0.235011 0.506306 0.413404 0.100948 0.162523 0.142729 0.129849 0.136235 0.257066 0.059467 -0.103388 0.095887 0.122771 0.041897 -0.043272 0.062227 0.084744 0.109468 0.124838 0.129122 0.130358 0.152194 0.071140 0.083579 0.132030 0.026645 0.086137 0.193138 0.160992 0.019726 -0.052814 -0.254900 0.033884 -0.124224 -0.168105 0.259882 0.007021 -0.151119 -0.114059 -0.216109 -0.314975 -0.156761 -0.124473 0.142042 -0.068459 0.338600 0.248410 0.310191 0.079266 0.193069 0.198850 0.068803 -0.062819 0.112221 0.195888 -0.093835 -0.183660 -0.170653 -0.252576 -0.156283 -0.099354 -0.262610 -0.189857 -0.192515 -0.213261 -0.267675 -0.183300 0.168258 0.230432 0.231986 0.123729 0.124801 0.015541 -0.072247 -0.078353 0.079578 0.003516 -0.133476 -0.185852 -0.005606 -0.018848 0.100624 0.109302 0.142133 -0.018119 -0.122251 0.099239 -0.011864 -0.047445
0.195634 -0.102067 0.239043 0.173247 -0.077052 0.017819 0.019091 -0.171547 0.091760 -0.226754 -0.044541 -0.078803 0.012674 -0.130433 0.263149 -0.030151 -0.125476 -0.143137 1.000000 0.624400 0.106662 0.056655 0.129321 0.086450 -0.136002 -0.003242 0.116031 0.203639 -0.081107 -0.201065 -0.151064 -0.248509 -0.000958 -0.156702 -0.064334 -0.358637 -0.038717 0.061986 -0.082659 -0.016409 0.169606 -0.013681 -0.285138 -0.113490 -0.251360 -0.240212 -0.181774 -0.025353 -0.117733 -0.187615 -0.264143 -0.286743 0.093533 -0.043686 0.007288 -0.035727 0.123453 0.039606 0.258364 0.027349 -0.182354 -0.098417 -0.245988 -0.241633 0.150689 -0.106339 0.033379 -0.001284 0.339086 0.224936 -0.029666 0.012886 -0.126954 -0.202024 0.078192 -0.100975 -0.064645 -0.194872 -0.035800 0.035431 -0.042494 -0.032617 0.266537 0.072793 0.267184 0.057438 0.358943 0.238738 0.169160 0.227265 0.183057 0.277399 0.117532 0.222002 -0.143950 -0.104706 -0.191742 -0.120490 0.064361 0.086359 -0.029894 0.031510 -0.176666 0.056493 -0.124304 0.066801 -0.115516 0.144182 -0.060654 -0.216521 -0.260646 -0.128097 0.053981 -0.083617 -0.124474 -0.163452
0.368586 0.099331 0.075808 0.081166 -0.169317 0.027236 0.129032 -0.001653 0.026921 -0.130602 0.015371 0.088851 -0.050920 -0.007325 0.183319 0.062908 -0.072509 -0.205395 0.624400 1.000000 0.091597 0.029004 -0.046565 -0.067295 -0.112147 0.020408 0.016326 0.074394 -0.041220 -0.122459 -0.202044 -0.174699 0.025549 -0.076002 -0.033695 -0.212408 -0.148164 0.066344 -0.134971 -0.148248 0.149687 -0.035582 -0.110203 -0.071337 -0.242278 -0.270283 -0.101586 0.013785 -0.224102 -0.173754 -0.232593 -0.175692 0.152886 0.104904 0.055409 -0.030533 0.165445 0.113870 0.263998 0.045628 0.022443 0.026138 -0.201597 -0.099421 0.002607 -0.127882 -0.034421 0.003006 0.482903 0.370692 -0.171187 -0.117813 -0.179060 -0.196877 -0.148822 -0.189530 -0.156014 -0.182825 -0.168972 0.052414 -0.040291 0.016399 0.172751 0.115477 0.081426 -0.041442 0.102260 0.078579 0.187060 0.171722 0.125131 0.149420 -0.018593 0.041336 -0.215104 -0.135346 -0.169004 -0.172629 -0.133234 -0.194799 -0.250514 0.010924 -0.171805 -0.034174 -0.025329 0.028816 0.099546 0.086678 -0.022496 -0.194172 -0.149056 -0.194565 -0.018986 -0.094249 -0.164820 -0.206771
0.146784 0.266800 0.060577 -0.182539 -0.074745 0.068809 -0.070095 -0.051005 -0.235769 -0.272451 0.096585 0.109132 0.052090 -0.060339 0.123134 -0.176388 -0.113528 -0.105332 0.106662 0.091597 1.000000 0.318020 -0.147858 -0.159198 -0.052050 0.180688 0.301887 0.240619 -0.169957 -0.044154 -0.105494 -0.026888 -0.160336 -0.056215 -0.181067 -0.178749 0.404495 0.431687 -0.078482 -0.131568 0.562183 0.670296 0.023454 -0.022362 -0.177695 -0.255912 -0.060936 -0.029712 -0.139757 -0.388592 -0.156539 -0.117019 0.215312 -0.072815 0.001567 -0.253524 0.125971 0.316644 -0.012764 0.070728 -0.211668 0.116348 -0.222307 -0.017012 -0.132797 -0.342838 -0.022783 -0.029281 0.161754 0.024807 0.245060 0.324566 -0.131851 0.175288 0.095215 0.359500 0.183014 0.304364 -0.154777 0.039788 -0.114826 -0.197594 0.362612 0.200193 0.224293 0.102300 0.026296 0.166660 0.256411 -0.085035 -0.024119 -0.019996 0.067571 0.113334 -0.000949 -0.091989 -0.047420 -0.068040 -0.087632 0.101889 -0.011976 0.081516 -0.166219 -0.099771 -0.268130 -0.037271 0.012687 -0.092566 0.061290 -0.041947 0.077307 0.074455 -0.105722 -0.319823 -0.140823 -0.024217
0.038879 0.189699 0.052109 -0.089970 0.026247 0.165463 0.146025 -0.027278 -0.055263 -0.001731 0.136432 0.095735 0.050731 0.122761 0.084287 0.044213 0.106765 -0.077498 0.056655 0.029004 0.318020 1.000000 -0.042189 -0.136499 0.204528 0.120993 0.093147 0.091018 0.066779 0.094820 0.041580 0.051480 -0.010790 -0.041169 -0.039627 -0.057574 0.111861 -0.068782 -0.005722 -0.127310 0.047434 0.028287 0.009540 0.063221 0.111604 0.046949 0.171236 0.092465 0.109870 -0.032326 0.057319 0.064991 0.077675 0.003433 0.071864 -0.048021 0.014966 0.029990 0.041316 0.018459 -0.270360 -0.029506 -0.031752 -0.102863 -0.118963 -0.226068 -0.084612 -0.132343 0.018032 -0.087616 0.107068 0.147037 0.144701 0.160383 0.094552 0.002132 -0.097943 -0.032207 0.066806 0.054274 0.182339 -0.038425 -0.035602 0.025201 0.064132 0.020428 0.026494 -0.098717 0.018184 -0.085737 0.049977 -0.064163 -0.065779 0.047841 -0.044808 -0.162197 0.141707 -0.182958 -0.039134 -0.149070 -0.052258 -0.085993 -0.187502 -0.065429 -0.186367 0.140387 -0.154385 -0.095512 -0.025386 -0.034477 0.007714 0.015365 0.050167 0.005793 0.012312 0.072853
-0.013326 -0.158640 -0.076969 0.291757 -0.035617 0.144256 -0.112548 -0.297113 -0.156068 -0.206520 -0.122851 -0.063214 0.228347 -0.079825 0.222799 -0.028012 -0.017933 -0.058296 0.129321 -0.046565 -0.147858 -0.042189 1.000000 0.601510 0.185370 0.226850 0.219083 0.421678 -0.230246 -0.245316 0.326832 0.276280 0.294820 0.212710 0.096272 0.010478 0.039769 0.026023 -0.049253 0.016544 -0.052039 -0.102490 -0.117899 -0.029608 -0.119468 0.057306 0.111093 0.030564 -0.187563 -0.028322 -0.187765 -0.211094 -0.162737 -0.073188 -0.084464 -0.048814 0.006706 0.052781 0.126668 -0.178103 -0.064477 -0.164769 -0.173423 -0.090566 0.279310 0.097369 0.090212 0.055287 -0.164585 -0.072400 -0.090156 -0.137807 -0.162117 -0.166826 -0.133713 -0.037431 -0.019420 -0.052842 0.131635 0.037746 -0.024751 -0.070069 0.021617 -0.086419 0.197404 0.179682 0.166652 -0.007805 -0.056506 -0.136777 -0.041950 0.013841 -0.203649 -0.114565 -0.034961 0.076911 0.178407 0.118746 0.067003 0.012995 -0.128342 -0.024916 -0.102682 0.144446 -0.074157 -0.195631 -0.053656 -0.079193 0.008180 0.006717 -0.070559 -0.187824 0.054625 0.046136 -0.041106 -0.255493
-0.273522 -0.343880 -0.080931 0.396317 -0.004656 0.397433 -0.247807 -0.280378 -0.051085 -0.105021 -0.219917 0.044818 0.045961 -0.114468 0.189094 0.028400 -0.033839 -0.218325 0.086450 -0.067295 -0.159198 -0.136499 0.601510 1.000000 0.129342 0.519470 0.232972 0.455328 -0.174699 -0.257795 0.263839 0.237329 0.155190 0.164579 0.101144 -0.069717 -0.009138 -0.228189 -0.040849 0.111735 -0.088618 -0.018546 -0.038287 -0.011450 -0.207630 -0.114620 -0.076989 -0.153691 -0.113403 -0.142663 -0.097363 -0.036029 -0.114668 -0.177182 -0.053849 -0.071906 -0.169716 -0.172341 -0.049070 -0.216974 0.025571 -0.141025 -0.071956 -0.034149 0.366059 0.400064 0.201467 0.353176 -0.054308 0.095350 -0.107029 -0.180784 -0.074823 -0.068607 0.021131 0.061495 -0.066676 -0.170950 0.058777 0.151991 -0.097773 -0.053947 0.305633 0.174581 0.400745 0.382319 0.405644 0.280693 0.082950 0.012809 -0.067146 -0.081658 -0.007696 -0.197510 0.031774 -0.020593 -0.055626 -0.007329 -0.049281 -0.028972 -0.204814 -0.187907 -0.070400 0.041084 0.063190 -0.053691 -0.052164 0.122384 -0.084131 -0.199434 -0.165970 -0.133076 0.024378 -0.038683 0.081029 -0.175254
-0.121630 -0.085846 0.021704 0.101360 0.228648 0.405202 -0.115770 0.125380 0.032897 0.373820 -0.073034 -0.108164 -0.172159 0.033783 0.059634 0.139521 -0.005484 -0.015291 -0.136002 -0.112147 -0.052050 0.204528 0.185370 0.129342 1.000000 0.430561 0.308525 0.096417 -0.085237 0.014047 0.212956 0.260244 0.003319 0.055235 -0.039435 -0.003259 -0.058211 -0.118429 -0.192454 -0.329834 -0.124283 -0.064671 0.265687 0.103203 0.053517 0.132538 0.237930 0.225514 -0.051248 0.099813 -0.019718 0.082048 0.063696 0.113465 -0.010272 -0.131293 -0.050067 -0.044090 -0.024829 0.001744 -0.011555 0.013576 0.062455 0.138967 0.019740 0.054476 -0.001314 -0.018709 -0.296220 -0.142348 -0.103371 0.103917 0.024853 0.076288 -0.082666 -0.036217 -0.112931 -0.048566 -0.208554 0.164740 -0.073285 -0.132158 -0.281353 -0.079999 -0.084320 -0.134391 -0.216223 -0.461605 -0.190403 -0.236616 0.115980 -0.056000 0.019622 -0.007398 -0.067365 -0.140163 -0.017738 -0.255755 0.063694 -0.159072 0.122250 -0.014556 0.012512 0.001971 0.046738 0.197755 0.146530 -0.242508 0.005497 -0.145086 0.053299 0.108424 -0.057234 -0.018154 -0.012728 -0.032565
-0.101583 0.003613 0.054461 0.187877 -0.142032 0.560468 -0.172390 -0.009973 -0.258579 -0.095202 -0.105791 0.177801 -0.115846 -0.102805 0.120827 0.042000 0.049826 -0.244003 -0.003242 0.020408 0.180688 0.120993 0.226850 0.519470 0.430561 1.000000 0.287067 0.498037 -0.226256 -0.146801 0.119759 0.287783 0.304828 0.427527 0.051059 0.051489 -0.017438 -0.039779 -0.120598 -0.089992 0.176940 0.160712 -0.070178 -0.037097 -0.163939 -0.146221 -0.077044 -0.243802 -0.225372 -0.218796 -0.213112 -0.128861 -0.156917 -0.190067 -0.131970 -0.263267 -0.056275 0.039325 -0.032631 -0.126798 0.090896 0.150577 -0.025239 0.293559 0.284942 0.323903 0.171442 0.356002 -0.078167 -0.061553 -0.218319 -0.121580 -0.123377 0.077066 0.030490 0.098086 -0.113223 -0.172899 0.131541 0.513244 0.017981 -0.035170 0.275528 0.202523 0.328283 0.218409 0.186930 0.130148 0.042497 -0.169452 -0.295736 -0.305697 -0.140944 -0.237906 -0.147079 -0.188409 -0.154363 -0.197128 -0.297672 -0.140883 -0.163362 -0.193054 -0.207614 -0.174900 0.003716 -0.017996 0.137706 -0.179067 -0.067295 -0.121546 -0.224983 -0.199843 -0.054679 -0.097621 0.108548 0.000195
0.128844 -0.035838 -0.059873 -0.013678 0.539774 0.570221 -0.107208 -0.258634 0.222929 0.081784 -0.002393 -0.077648 0.101551 -0.078661 0.421986 0.408832 0.012426 -0.171558 0.116031 0.016326 0.301887 0.093147 0.219083 0.232972 0.308525 0.287067 1.000000 0.651018 -0.295470 -0.282349 -0.162476 -0.215162 -0.036807 -0.176237 -0.164650 -0.331675 0.084610 0.124600 0.065915 0.020827 0.094981 0.470514 0.143122 -0.073819 -0.222860 -0.196254 -0.067873 0.098776 -0.188281 -0.205142 0.014773 0.011497 0.035187 0.046255 0.010112 0.020436 0.064443 0.119026 0.112572 -0.068644 -0.059272 -0.139850 -0.137358 -0.156980 0.040492 -0.032224 0.122179 -0.096641 0.220587 0.255777 -0.003370 -0.014401 -0.240319 0.001960 0.024763 0.111941 -0.119732 -0.098426 -0.163194 0.049286 -0.116971 -0.127825 0.163922 0.121917 0.249984 0.045131 0.117477 0.030028 0.176781 -0.005520 0.204613 0.264758 0.073537 0.089353 -0.047344 -0.173627 -0.103264 0.009094 0.012066 0.065725 -0.138643 0.000885 -0.202781 -0.017467 -0.143072 -0.023078 0.065622 0.071336 -0.117324 -0.076710 -0.070183 0.036268 -0.030661 -0.108149 -0.017818 -0.014189
0.137903 -0.017154 0.051137 -0.055942 0.072884 0.564788 -0.001124 -0.271712 -0.094864 -0.277562 -0.127884 0.033148 0.160092 -0.012775 0.321214 0.139419 -0.031304 -0.235011 0.203639 0.074394 0.240619 0.091018 0.421678 0.455328 0.096417 0.498037 0.651018 1.000000 -0.411110 -0.458843 -0.087814 -0.147886 0.328072 0.118972 0.047001 -0.115809 0.052867 0.162604 0.065071 -0.006538 0.045735 0.292132 -0.212402 -0.202786 -0.314972 -0.330417 -0.284115 -0.113658 -0.366860 -0.394004 -0.288186 -0.253708 -0.177382 -0.212205 -0.077954 -0.094469 0.032566 0.122636 0.233211 -0.113246 0.060440 -0.119310 -0.271379 -0.148443 0.291131 0.103888 0.360290 0.224448 0.284555 0.268571 -0.214726 -0.182737 -0.424872 -0.222213 -0.101990 0.021592 -0.089727 -0.107628 -0.117649 0.160291 -0.217611 -0.219192 0.248961 0.115982 0.292843 0.111366 0.327591 0.269201 0.275488 0.077286 0.045214 0.243772 -0.001850 0.117218 -0.088934 -0.063827 -0.057121 0.105704 -0.112653 0.063503 -0.161298 0.001852 -0.207843 0.068866 -0.091930 0.005222 -0.015438 0.111911 -0.094895 -0.140656 -0.083975 -0.119698 -0.040832 -0.087345 -0.033878 -0.115037
-0.116488 -0.040122 -0.183569 -0.060504 -0.105770 -0.329361 -0.150321 -0.117317 -0.024923 -0.005576 0.014275 0.065250 0.005043 0.114411 -0.032520 -0.109013 0.459248 0.506306 -0.081107 -0.041220 -0.169957 0.066779 -0.230246 -0.174699 -0.085237 -0.226256 -0.295470 -0.411110 1.000000 0.775089 0.238411 0.351463 0.023320 0.132332 0.201674 0.204558 -0.166579 -0.279612 0.028228 -0.007566 0.003189 -0.138645 -0.023445 0.004462 0.032402 0.001030 0.045118 -0.153115 0.128331 0.001099 0.123127 0.074008 0.074891 0.051622 0.181915 0.165149 -0.065175 -0.208188 -0.275818 -0.020539 -0.112529 0.010915 0.446231 0.021241 -0.191938 0.122044 -0.308942 -0.213674 -0.133515 -0.135093 0.137083 -0.093667 0.757186 0.436731 0.265221 0.194216 0.123881 0.112592 0.160688 0.046869 0.320502 0.433398 -0.102610 0.229518 -0.109393 -0.256402 -0.043987 -0.065531 -0.139123 -0.036043 -0.278774 -0.326695 -0.307032 -0.263420 0.139331 0.077039 0.128268 0.007418 -0.009936 -0.140555 -0.130682 -0.246887 -0.001533 0.013926 0.004198 -0.069346 -0.021727 -0.188093 0.037988 0.087095 -0.128518 -0.078441 -0.060532 0.087756 -0.013345 -0.195361
-0.149542 0.060958 -0.248236 -0.178363 -0.033169 -0.352620 -0.191258 0.004938 -0.119832 0.031166 -0.195539 -0.114503 -0.238000 -0.164879 -0.108985 -0.130857 0.261942 0.413404 -0.201065 -0.122459 -0.044154 0.094820 -0.245316 -0.257795 0.014047 -0.146801 -0.282349 -0.458843 0.775089 1.000000 0.210577 0.397100 -0.158828 0.110953 0.221141 0.316646 -0.042813 -0.171231 0.091559 0.102289 -0.021698 -0.091436 -0.040171 -0.045453 0.134155 0.114581 0.226633 0.000829 0.187864 0.104268 0.185853 0.042729 0.100446 0.127823 0.082600 0.061309 -0.198672 -0.198580 -0.356446 -0.021336 -0.284046 -0.024137 0.261478 -0.014765 -0.217970 -0.032698 -0.353457 -0.271409 -0.237484 -0.201465 0.240429 0.158769 0.769619 0.682980 0.315129 0.346773 0.270862 0.248788 0.290550 0.196129 0.423452 0.467670 -0.211114 0.240420 -0.099080 -0.205527 -0.187067 -0.133449 -0.229004 -0.245042 -0.263819 -0.343702 -0.270688 -0.267055 0.051581 -0.028364 0.150318 -0.126109 0.066732 -0.145776 0.029115 -0.179311 0.078614 0.051248 -0.007252 -0.006106 -0.028909 -0.232152 -0.053803 0.177796 0.003030 -0.064796 0.090735 0.208619 0.098446 -0.009715
-0.148926 -0.250486 -0.095975 0.169633 -0.053933 0.014489 -0.116433 0.006053 -0.202212 0.153170 0.027769 -0.094093 0.133779 0.112657 -0.080208 -0.109817 0.060421 0.100948 -0.151064 -0.202044 -0.105494 0.041580 0.326832 0.263839 0.212956 0.119759 -0.162476 -0.087814 0.238411 0.210577 1.000000 0.807346 0.088252 0.165955 0.364203 0.190318 -0.252762 -0.396662 -0.298247 -0.335795 -0.262256 -0.170661 0.033476 0.150894 -0.020888 -0.007440 0.102494 -0.138384 -0.125124 -0.087216 -0.102878 -0.140168 -0.110129 0.071546 0.041009 -0.126460 -0.031119 -0.197620 -0.182546 0.005162 -0.055368 0.046767 0.250263 -0.001803 0.092939 0.102902 0.101771 0.131316 -0.245966 -0.100461 0.185115 0.132819 0.267482 0.285468 0.281536 0.332340 0.282491 0.160180 -0.114036 -0.016397 -0.111660 0.030249 -0.080187 -0.000827 0.024126 -0.174579 0.034919 -0.159476 -0.099327 -0.154250 -0.111127 -0.224486 -0.198385 -0.267024 0.133810 0.061076 0.023966 -0.042766 -0.067207 -0.263263 -0.136527 -0.313924 -0.173889 0.044382 -0.099809 -0.105838 -0.227178 -0.146498 0.077011 0.001718 -0.064738 -0.001897 -0.263067 -0.187805 -0.194334 -0.155576
-0.080673 -0.097596 -0.180153 0.170394 -0.231384 0.000578 -0.177704 0.046898 -0.409643 0.123268 -0.081559 -0.015298 -0.018823 0.024061 -0.157780 -0.157499 0.203387 0.162523 -0.248509 -0.174699 -0.026888 0.051480 0.276280 0.237329 0.260244 0.287783 -0.215162 -0.147886 0.351463 0.397100 0.807346 1.000000 0.168429 0.402199 0.338954 0.344751 -0.250856 -0.309397 -0.289015 -0.294364 -0.135269 -0.131134 0.089959 0.191068 0.018388 0.114442 0.166565 -0.189331 -0.003679 -0.029723 -0.038028 -0.043884 -0.022002 0.102942 0.060793 -0.131367 0.011151 -0.120805 -0.262729 -0.042233 -0.074415 0.106386 0.316386 0.200643 0.077714 0.089205 -0.086460 0.064160 -0.311989 -0.301145 0.075722 0.002690 0.390494 0.386556 0.224551 0.313824 0.240814 0.171554 0.023598 0.137722 0.066467 0.129870 -0.083431 0.081339 0.009148 -0.193196 -0.067364 -0.217812 -0.120661 -0.269029 -0.364004 -0.465926 -0.408322 -0.441346 0.073538 0.018139 0.092010 -0.107037 -0.110533 -0.231170 -0.217590 -0.285353 -0.111142 -0.028215 -0.085007 -0.156846 -0.036911 -0.293283 0.121798 0.049382 -0.110756 -0.029849 -0.152974 -0.073202 -0.096608 -0.160313
0.068717 -0.016862 0.140360 0.026696 -0.298553 0.178805 0.006314 0.006653 -0.297473 -0.195184 0.057479 0.257829 0.187354 0.277830 -0.039248 -0.069416 0.319478 0.142729 -0.000958 0.025549 -0.160336 -0.010790 0.294820 0.155190 0.003319 0.304828 -0.036807 0.328072 0.023320 -0.158828 0.088252 0.168429 1.000000 0.735605 0.163759 0.240598 -0.237527 -0.201217 -0.036895 -0.189483 0.002570 -0.147374 -0.250299 -0.141446 -0.172010 -0.106709 -0.280404 -0.394254 -0.340654 -0.230491 -0.381836 -0.340709 -0.234451 -0.146179 0.034085 0.013275 0.135206 0.113264 0.130229 -0.164455 0.324188 0.087000 0.052708 0.341393 0.141062 0.297881 0.207487 0.298098 -0.061363 -0.089023 -0.507569 -0.481501 -0.090399 -0.188642 -0.070357 -0.147472 -0.143579 -0.226584 0.076273 0.151640 -0.063085 -0.012678 0.040292 -0.062052 -0.110311 -0.105068 0.081327 0.040696 0.090022 0.012539 -0.312204 -0.214336 -0.326152 -0.163942 -0.004603 0.045895 0.045145 0.018182 -0.270740 -0.164760 -0.189839 0.021103 -0.040240 0.027682 0.034115 -0.163405 0.096878 -0.024541 0.034095 0.109764 -0.315009 -0.293327 -0.144360 -0.026228 -0.060814 -0.156226
0.066218 0.101975 0.151957 0.057418 -0.367034 0.103840 0.078531 0.123075 -0.341143 -0.202551 0.089130 0.314365 0.099659 0.185419 -0.107837 -0.100075 0.208286 0.129849 -0.156702 -0.076002 -0.056215 -0.041169 0.212710 0.164579 0.055235 0.427527 -0.176237 0.118972 0.132332 0.110953 0.165955 0.402199 0.735605 1.000000 0.212996 0.349175 -0.092952 -0.125339 -0.100329 -0.074313 0.133773 -0.058405 -0.257016 -0.051945 -0.150444 -0.023647 -0.141372 -0.429698 -0.297948 -0.162993 -0.338874 -0.293174 -0.135827 -0.214162 -0.117372 -0.202100 0.065607 0.078220 -0.047519 -0.091807 0.224844 0.211796 0.117402 0.475191 0.087838 0.271142 0.004460 0.251522 -0.209843 -0.207173 -0.343251 -0.299192 0.087987 0.058848 0.015250 0.072837 -0.100382 -0.113451 0.267610 0.211545 0.055422 0.073478 0.095070 0.106340 -0.028705 -0.054293 -0.086029 -0.003855 -0.044859 -0.187760 -0.575305 -0.518544 -0.472976 -0.404464 -0.138004 -0.099928 -0.039816 -0.193733 -0.227956 -0.103890 -0.236294 -0.084517 -0.053831 -0.092120 0.010466 -0.205758 0.179343 -0.317461 -0.148771 0.054965 -0.289019 -0.356936 0.010358 0.023753 -0.022232 -0.155219
-0.171859 -0.290818 0.060408 0.009641 -0.113652 0.039156 -0.009783 -0.030753 -0.128954 0.123566 -0.165471 -0.223091 0.009899 -0.019429 -0.003865 -0.036283 0.010804 0.136235 -0.064334 -0.033695 -0.181067 -0.039627 0.096272 0.101144 -0.039435 0.051059 -0.164650 0.047001 0.201674 0.221141 0.364203 0.338954 0.163759 0.212996 1.000000 0.710675 -0.139270 -0.160990 -0.081044 -0.152831 -0.204232 -0.243812 -0.220612 -0.083565 0.137872 0.003809 -0.025628 -0.130391 -0.118889 -0.048475 -0.141952 -0.266814 -0.301968 -0.131632 -0.195414 -0.277101 -0.266714 -0.247051 -0.096673 -0.044781 0.054539 -0.190232 0.145028 -0.101186 0.214426 0.093319 0.300232 0.301978 -0.128517 0.024025 -0.046058 -0.034458 0.146386 0.050739 0.032737 0.104124 0.335727 0.194329 -0.007171 0.175916 -0.067603 0.084094 -0.090930 0.076316 -0.109851 -0.219513 -0.072286 -0.029427 -0.194731 -0.153599 -0.080349 -0.020969 -0.121551 -0.113536 -0.044640 -0.015786 -0.133641 -0.156465 -0.132203 -0.189354 -0.194037 -0.078604 -0.064651 0.169549 0.050751 -0.008567 -0.138339 -0.037747 -0.015137 -0.054860 -0.022937 -0.186216 -0.081298 0.055381 -0.134511 -0.070216
-0.195434 -0.130789 0.060252 -0.103154 -0.265431 -0.127469 0.016076 0.181376 -0.336702 0.026920 -0.264930 -0.086616 -0.076852 0.026263 -0.248390 -0.221600 0.046906 0.257066 -0.358637 -0.212408 -0.178749 -0.057574 0.010478 -0.069717 -0.003259 0.051489 -0.331675 -0.115809 0.204558 0.316646 0.190318 0.344751 0.240598 0.349175 0.710675 1.000000 -0.158285 -0.008829 0.012289 -0.109576 -0.181791 -0.244979 -0.142706 -0.039749 0.343648 0.303156 0.059205 -0.145702 0.075644 0.186220 0.028469 -0.050374 -0.284014 -0.096827 -0.113446 -0.203155 -0.344120 -0.209247 -0.157142 -0.010065 0.077971 -0.124307 0.178986 0.154565 0.078009 0.164376 0.150432 0.282379 -0.326036 -0.283663 -0.161626 -0.133768 0.144954 0.081391 -0.109306 0.001119 0.342572 0.349438 0.165508 0.164587 0.073830 0.136268 -0.301616 -0.058040 -0.271864 -0.228040 -0.232558 -0.222029 -0.291405 -0.230934 -0.288441 -0.236244 -0.273965 -0.262576 0.007000 0.134197 0.059577 -0.060651 -0.240516 -0.222260 -0.092136 -0.026028 0.051441 0.077957 0.107916 -0.063905 0.003620 -0.074975 0.178839 0.106937 0.045857 -0.200404 -0.106278 0.214351 0.058927 0.069254
