1.000000 0.345146 -0.137058 0.037546 0.030000 0.034792 -0.141380 -0.149799 -0.132476 -0.159385 0.202356 -0.196802 -0.049979 0.044086 -0.110201 -0.019036 0.009118 -0.156459 0.217333 0.206249 -0.170245 -0.095207 -0.218254 -0.404135 -0.164050 -0.221422 0.163069 0.152553 -0.128211 -0.140998 -0.303496 -0.442017 0.020658 -0.109892 -0.326083 -0.312540 0.196888 -0.058590 0.149498 0.250882 -0.191325 -0.186310 -0.294449 -0.274533 -0.402439 -0.350948 -0.097259 -0.049601 -0.434604 -0.286626 -0.282521 -0.109835 -0.333569 0.134473 0.232947 0.369868 0.585308 0.244520 0.331329 0.459633 0.264515 0.237975 0.128803 0.119142 -0.275564 -0.175224 -0.272499 -0.329281 0.133066 0.161266 -0.199317 -0.164822 -0.039198 -0.074725 -0.000559 -0.207362 0.230044 -0.121167 0.123783 0.053564 0.128659 -0.039395 0.055071 0.045745 -0.306910 0.052174 0.152757 0.066356 0.239010 0.261403 0.171163 -0.018435 0.077465 0.057398 0.131454 0.251522 0.218415 0.400944 0.202135 0.484648 -0.171402 0.070798 -0.000216 0.079234 0.138893 -0.026108 0.295858 0.097645 0.104191 0.068967 -0.218391 -0.225595 0.061163 0.308678 0.255041 0.151322
0.345146 1.000000 -0.453940 -0.160260 -0.008630 -0.267722 -0.438422 0.089101 -0.264507 -0.228290 0.224114 0.421465 0.100151 0.287202 -0.136562 -0.082175 0.148790 0.387852 -0.201389 0.403561 -0.397886 -0.072565 -0.440994 -0.505748 -0.179278 -0.289656 -0.071020 -0.022823 0.121383 0.266094 -0.057535 -0.097311 0.467993 0.471910 -0.263753 -0.311312 0.164858 -0.045461 0.079577 0.098054 0.099465 0.152532 -0.398029 -0.326347 -0.274978 0.033677 -0.150108 -0.284229 -0.417386 -0.253657 -0.241070 -0.189612 -0.138604 -0.285451 -0.068116 -0.004345 0.269574 0.748299 -0.024521 0.575286 0.138889 0.521401 0.278176 0.490697 -0.178387 0.222298 -0.475833 -0.166600 -0.094611 0.302113 -0.566844 -0.006321 0.355384 0.370155 0.336713 0.198147 0.323360 0.350197 0.450862 0.394007 0.304415 0.087282 -0.112127 -0.216209 0.018457 -0.217673 -0.095568 -0.108917 -0.191796 -0.096036 -0.249215 -0.275652 -0.151270 -0.258045 -0.185193 0.247583 -0.061314 0.000293 -0.070101 0.052088 -0.455901 -0.286390 -0.284814 -0.192146 -0.212148 -0.075607 0.122758 -0.213142 -0.048052 0.164039 -0.383058 -0.339757 0.046456 -0.075276 0.047818 0.264081
-0.137058 -0.453940 1.000000 0.366867 0.073682 0.331826 0.773722 0.063136 0.122727 0.087010 0.194464 -0.119250 0.031602 -0.468854 0.353742 0.240942 -0.184906 -0.405303 0.355954 -0.091094 0.167081 -0.043655 0.805892 0.576445 0.129979 0.040436 0.149096 0.036935 -0.040010 -0.346954 0.197614 0.072203 -0.365451 -0.321567 0.160616 0.001121 -0.146008 -0.100930 0.005271 -0.068378 -0.239166 -0.395426 0.113775 0.178870 0.190121 0.071651 0.123019 0.130337 0.174010 0.137305 0.021708 0.051594 -0.130783 0.338758 0.158570 0.153478 -0.387275 -0.539158 -0.289381 -0.494580 -0.337099 -0.602363 -0.506409 -0.618095 0.214485 -0.150413 0.124696 -0.129352 -0.149744 -0.270785 0.325333 -0.119087 -0.339120 -0.401957 -0.329260 -0.391412 -0.218116 -0.363917 -0.333235 -0.332859 -0.425467 -0.074561 0.321032 0.326253 0.224947 0.412879 0.062161 0.140126 0.412908 0.274721 0.085542 0.269724 0.138529 0.311406 0.074189 -0.236820 0.230440 -0.031948 -0.064397 -0.113490 0.063116 0.093863 -0.120826 -0.040831 0.076214 0.156413 -0.167119 0.128625 -0.137008 -0.212366 0.040530 0.057070 -0.002061 0.076556 0.061362 -0.234477
0.037546 -0.160260 0.366867 1.000000 0.098997 0.418505 0.480891 0.541872 0.003287 0.110681 0.072860 0.101812 -0.033328 0.094341 -0.231789 0.180706 -0.160471 -0.379618 0.036833 0.004321 -0.091849 -0.146286 0.211137 0.366406 -0.041894 0.053549 0.066497 0.081223 -0.385343 -0.142871 -0.252361 -0.084500 -0.261186 -0.211270 -0.013891 0.011560 -0.069876 -0.098576 0.054541 0.051872 -0.334898 -0.338196 -0.008675 0.052416 0.006690 0.042235 0.030233 0.049199 0.094750 -0.008482 0.014212 0.048295 -0.296356 0.116957 0.067931 0.153674 -0.112711 -0.417372 0.002261 -0.120132 0.089728 -0.092859 -0.174172 -0.369359 0.147315 0.248466 0.067341 0.083015 -0.059941 -0.116613 -0.104543 -0.111009 -0.376157 -0.156744 -0.391424 -0.289641 -0.260879 -0.212415 -0.156915 -0.169723 -0.252940 -0.142686 -0.242769 -0.032383 -0.104634 0.261243 -0.115697 -0.186941 0.204386 0.293090 0.060714 0.029407 0.132306 0.077280 -0.066408 0.072652 0.050906 0.048176 -0.162971 -0.141522 0.053618 0.012792 0.058411 -0.030634 0.083113 -0.016690 -0.015757 0.092053 -0.042210 -0.182533 -0.002878 -0.073404 -0.118158 0.025958 0.045022 -0.151565
0.030000 -0.008630 0.073682 0.098997 1.000000 0.484894 0.113245 -0.014466 0.393724 0.274651 0.035075 -0.036232 -0.228982 0.099947 0.131330 0.358725 -0.153914 -0.126885 -0.011491 -0.002438 -0.067040 0.422049 -0.019114 -0.087298 0.526946 0.504129 0.418316 0.616062 -0.208951 0.070824 0.127524 0.136748 -0.071217 -0.013967 0.250560 0.342681 0.095211 0.113309 0.308454 -0.010530 0.037666 0.250839 -0.005586 0.100901 -0.040471 -0.023402 0.214512 0.127835 0.050302 -0.064898 -0.103280 -0.197621 -0.309183 -0.025614 -0.121158 -0.117623 0.000390 -0.094675 -0.138457 -0.146662 -0.127790 -0.208853 -0.354147 -0.242171 0.016553 -0.045883 -0.035825 -0.106780 -0.054271 -0.101175 0.195923 0.399452 0.029920 0.172317 0.084967 0.098663 0.112221 0.243562 -0.089263 -0.128735 -0.313772 -0.208375 -0.071336 -0.169399 -0.218683 -0.068325 -0.070115 0.099420 -0.130805 -0.125741 0.033634 0.062202 0.158395 0.153305 0.172911 0.053818 0.034791 -0.183311 -0.119777 -0.197499 0.094037 -0.024039 -0.002818 -0.003922 -0.182223 0.040950 0.019897 -0.024534 0.050287 0.074705 -0.031896 -0.120709 -0.032956 -0.158308 -0.294947 -0.064144
0.034792 -0.267722 0.331826 0.418505 0.484894 1.000000 0.344248 0.074266 0.361737 0.576129 0.049575 -0.225660 -0.221458 -0.166294 0.007808 0.529266 -0.165920 -0.405578 0.262314 0.006364 0.280855 0.038009 0.192682 0.184598 0.124828 0.253190 0.653572 0.400354 -0.448913 -0.372323 -0.178813 -0.188296 -0.379325 -0.260808 0.154333 0.290108 0.065605 0.076996 0.118113 0.130021 -0.295271 -0.209839 0.058703 0.150280 -0.080269 -0.216365 0.200111 0.347272 0.066187 -0.052744 -0.209116 -0.090906 -0.323284 0.210493 0.080279 0.205648 -0.100710 -0.353575 -0.132117 -0.201566 -0.193526 -0.308537 -0.383620 -0.458307 -0.070042 -0.174521 0.142028 -0.072445 0.098082 0.011115 0.358254 -0.002950 -0.504133 -0.397364 -0.446950 -0.502217 -0.290771 -0.299262 -0.367361 -0.387030 -0.372031 -0.205477 0.132757 0.337663 -0.319865 0.269624 -0.134665 0.107159 0.341440 0.193884 0.344911 0.327370 0.408434 0.334032 0.165741 -0.062035 0.219473 0.001372 0.108384 -0.048369 0.245312 0.163825 0.066734 0.185613 0.202971 0.343584 0.010540 0.205759 -0.027402 -0.002827 0.287923 0.194388 0.213752 -0.041546 -0.039446 0.048695
-0.141380 -0.438422 0.773722 0.480891 0.113245 0.344248 1.000000 0.398046 0.350498 0.327412 0.193367 -0.174251 0.253933 -0.208647 0.143029 0.232651 -0.278917 -0.483924 0.427015 -0.025646 0.146278 -0.158847 0.514575 0.475664 -0.110485 -0.085227 0.047846 -0.100985 -0.138781 -0.385873 0.050322 0.013345 -0.284111 -0.203997 0.040587 0.085645 -0.236082 -0.307348 -0.189532 -0.184699 -0.318535 -0.431407 -0.012570 0.108075 0.109418 -0.087475 0.030848 0.106360 0.231769 0.034256 -0.108485 -0.048317 -0.237191 0.307719 0.044582 0.080347 -0.486744 -0.608588 -0.289502 -0.347279 -0.328641 -0.405593 -0.510557 -0.674485 0.070256 -0.154350 0.315188 0.072088 0.059745 -0.187707 0.368688 -0.115765 -0.440856 -0.462355 -0.455836 -0.471280 -0.390930 -0.404031 -0.475101 -0.443307 -0.488657 -0.295691 0.032009 0.158988 -0.090671 0.193822 -0.202645 -0.103893 0.259975 0.295318 0.243389 0.425973 0.302324 0.500141 0.047162 -0.281235 0.139186 -0.088828 0.009737 -0.064978 0.310198 0.323685 0.144752 0.218194 0.235203 0.251401 -0.136837 0.294818 -0.103298 -0.163495 0.144992 0.214587 0.126680 0.103077 0.057157 -0.168370
-0.149799 0.089101 0.063136 0.541872 -0.014466 0.074266 0.398046 1.000000 0.143886 0.327833 0.232138 0.459640 0.413918 0.458635 -0.046598 0.210397 -0.065710 0.017067 -0.171700 0.008692 -0.224891 -0.231023 -0.029289 0.237207 -0.319431 -0.221186 -0.177803 -0.286411 -0.005624 0.158790 0.014992 0.173410 0.153540 0.264113 -0.153604 -0.111629 -0.218760 -0.378778 -0.248105 -0.175385 -0.172868 -0.191541 -0.325551 -0.203390 -0.055903 0.024138 -0.218800 -0.307259 -0.011435 -0.135694 -0.102692 -0.098795 -0.245287 -0.205003 -0.178245 -0.181377 -0.251748 -0.214749 -0.152090 0.016767 0.126965 0.340704 0.082715 -0.164814 0.164854 0.409689 0.043509 0.149153 -0.119542 -0.107358 -0.238694 -0.101368 -0.060795 0.025626 -0.204930 -0.096017 -0.255215 -0.074727 -0.040821 -0.129259 -0.153303 -0.268569 -0.269681 -0.257790 -0.068209 -0.078746 -0.345951 -0.357442 -0.093287 0.007089 -0.048299 -0.036014 0.030773 -0.055821 -0.219605 0.046886 -0.304758 -0.074801 -0.180534 -0.165584 0.061902 0.028156 0.139470 -0.028463 -0.173486 -0.056252 -0.175363 -0.085343 -0.080163 -0.027996 -0.134303 -0.059980 0.000481 -0.124227 -0.051224 -0.156030
-0.132476 -0.264507 0.122727 0.003287 0.393724 0.361737 0.350498 0.143886 1.000000 0.613035 0.029444 -0.221793 0.114225 0.046539 0.397814 0.356444 -0.198299 -0.337696 0.381756 -0.056420 0.294193 0.122290 -0.062577 -0.128203 0.097068 0.176928 0.224185 0.013029 -0.307568 -0.456539 -0.107928 -0.041915 -0.145103 -0.012818 0.488196 0.606150 -0.140382 -0.212795 -0.277689 -0.130816 -0.264173 -0.077205 -0.024541 -0.019233 0.050184 -0.281225 0.015663 0.130105 0.211904 -0.106285 -0.231831 -0.252144 -0.130788 0.116205 -0.133679 -0.188254 -0.263265 -0.232421 -0.093494 -0.132745 -0.197924 -0.243277 -0.393758 -0.388101 0.117900 -0.114395 0.435621 0.170802 0.346595 0.132136 0.379612 0.062321 -0.394854 -0.367776 -0.254993 -0.287644 -0.395981 -0.251846 -0.534177 -0.453192 -0.423876 -0.387786 -0.117981 -0.054452 -0.254497 -0.044018 -0.211466 -0.078373 0.124524 0.055381 0.360478 0.423892 0.345520 0.415643 0.186832 -0.279515 -0.034988 -0.197018 -0.013447 -0.112787 0.456290 0.303682 0.249642 0.287813 0.113530 0.243050 -0.072337 0.217235 -0.078779 -0.013534 0.333715 0.251822 0.226779 0.039635 -0.147892 0.125741
-0.159385 -0.228290 0.087010 0.110681 0.274651 0.576129 0.327412 0.327833 0.613035 1.000000 -0.196783 -0.233728 -0.013352 0.052349 0.048859 0.467716 -0.211751 -0.189803 0.263678 0.206692 0.308845 -0.065707 -0.155566 0.065739 -0.179847 -0.067983 0.366023 -0.040773 -0.346189 -0.274584 -0.107369 -0.030940 -0.192702 0.032082 0.191037 0.353678 0.043309 -0.159348 -0.141826 0.073142 -0.336523 -0.159679 -0.028182 0.018972 -0.164178 -0.354733 0.079621 0.190323 0.011206 -0.130914 -0.277865 -0.147978 -0.206916 0.129338 0.090348 0.077081 -0.166656 -0.211016 -0.099629 -0.061666 -0.158203 -0.024777 -0.252420 -0.416223 -0.100759 -0.174192 0.242678 0.040020 0.135089 0.007391 0.351376 -0.000263 -0.442351 -0.407523 -0.473917 -0.450332 -0.440390 -0.287656 -0.477999 -0.433614 -0.432411 -0.409061 -0.028848 0.172693 -0.524098 0.096454 -0.301968 -0.153740 0.262444 0.130549 0.467989 0.376265 0.446431 0.352791 0.087704 -0.002045 -0.047859 0.072603 0.309622 0.090357 0.465353 0.321464 0.309114 0.261024 0.165668 0.424216 -0.082439 0.208543 0.103664 0.047604 0.240122 0.247243 0.286454 0.044543 0.042996 0.156986
0.202356 0.224114 0.194464 0.072860 0.035075 0.049575 0.193367 0.232138 0.029444 -0.196783 1.000000 0.442130 0.590252 0.196478 0.382713 0.202201 0.219931 0.047049 0.152222 -0.185118 -0.220156 -0.199298 0.292127 -0.151532 -0.057053 -0.182297 -0.068112 -0.122878 0.285380 -0.115348 0.066035 -0.122657 0.174692 0.130155 -0.109636 -0.155829 -0.186094 -0.360569 -0.177057 -0.289027 -0.147411 -0.186445 -0.416431 -0.254217 0.007045 -0.032709 -0.338811 -0.288029 -0.087300 -0.073160 -0.149998 -0.151033 -0.122368 -0.107317 -0.221646 -0.207154 -0.200618 0.002840 -0.257834 0.002564 0.070487 0.068964 -0.013794 0.020772 0.209936 0.269780 -0.037252 -0.134949 0.087357 0.191729 -0.114033 -0.159694 0.038432 -0.106403 -0.001140 -0.143394 0.111835 -0.091003 0.099836 0.053791 0.096791 -0.046456 0.168970 -0.023676 0.326224 -0.134177 -0.137945 0.113441 -0.054347 -0.066787 -0.223470 -0.033517 -0.155315 -0.016516 -0.182996 -0.301237 -0.099138 -0.223837 -0.381856 -0.192003 -0.286124 -0.144004 -0.158392 -0.017162 -0.042654 -0.117426 -0.058841 0.049458 -0.358701 -0.093039 -0.065605 0.005661 -0.046918 -0.100526 -0.120659 -0.112557
-0.196802 0.421465 -0.119250 0.101812 -0.036232 -0.225660 -0.174251 0.459640 -0.221793 -0.233728 0.442130 1.000000 0.316524 0.504040 0.202684 0.139253 0.097197 0.486239 -0.380576 -0.099085 -0.402967 -0.037885 0.055191 0.042354 -0.065086 -0.086959 -0.269185 -0.139636 0.374360 0.419866 0.179386 0.253496 0.286876 0.284771 -0.112457 -0.205519 -0.140455 -0.109156 -0.101567 -0.224822 0.147880 0.108869 -0.250568 -0.207603 0.123883 0.363237 -0.146524 -0.441348 -0.071929 0.003409 0.172610 -0.047386 0.026380 -0.467805 -0.309651 -0.350969 -0.181714 0.091868 -0.171376 -0.047889 0.186429 0.285786 0.218530 0.230445 0.253178 0.525493 -0.245334 -0.087177 -0.224280 -0.020376 -0.397308 0.119160 0.435939 0.413145 0.327227 0.365546 0.249723 0.397666 0.380701 0.292025 0.165616 0.225079 0.037913 -0.161771 0.524400 -0.114847 -0.144081 -0.024676 -0.299644 -0.315308 -0.457373 -0.445472 -0.410381 -0.477703 -0.336098 0.013511 -0.318885 -0.248418 -0.500084 -0.453436 -0.410349 -0.445985 -0.279582 -0.370843 -0.479085 -0.378662 -0.143859 -0.348984 -0.239766 -0.002561 -0.273139 -0.302480 -0.257572 -0.342019 -0.193677 -0.159095
-0.049979 0.100151 0.031602 -0.033328 -0.228982 -0.221458 0.253933 0.413918 0.114225 -0.013352 0.590252 0.316524 1.000000 0.489944 0.372523 0.139674 0.109621 0.077336 0.133167 -0.135906 -0.091778 -0.241766 0.088184 -0.119203 -0.279990 -0.280798 -0.203514 -0.366269 0.384205 -0.027447 0.162177 0.060777 0.403090 0.378469 -0.259180 -0.210612 -0.295094 -0.471467 -0.407597 -0.364203 0.058391 -0.037341 -0.352446 -0.262503 -0.098279 -0.100918 -0.390585 -0.348494 -0.033603 -0.062521 -0.053328 -0.076636 0.120742 -0.125036 -0.294943 -0.280381 -0.312763 -0.021790 -0.200369 0.097150 0.099614 0.371706 0.166209 0.061805 0.043979 0.205771 0.073322 0.021843 0.188051 0.137357 -0.084137 -0.130731 0.155474 -0.069951 0.031931 -0.053750 -0.084390 -0.095980 -0.032720 -0.016860 0.119502 -0.167684 0.007671 -0.118091 0.157730 -0.300060 -0.324293 -0.176456 -0.183562 -0.148817 -0.087409 -0.018285 -0.230576 -0.025281 -0.241708 -0.282878 -0.278970 -0.270278 -0.182341 -0.157618 -0.147006 0.009954 -0.001579 0.046186 -0.124026 -0.183617 -0.116411 -0.002686 -0.305063 -0.083994 -0.110152 0.056751 0.012541 -0.094054 -0.147157 -0.132607
0.044086 0.287202 -0.468854 0.094341 0.099947 -0.166294 -0.208647 0.458635 0.046539 0.052349 0.196478 0.504040 0.489944 1.000000 0.004340 0.144027 0.109469 0.297994 -0.236022 0.027135 -0.208646 0.026523 -0.373411 -0.281926 -0.127918 -0.006802 -0.106157 -0.078483 0.147935 0.425831 0.037581 0.180018 0.339752 0.374466 -0.270389 -0.092007 0.003496 -0.272507 -0.139744 -0.168499 0.169377 0.289392 -0.207882 -0.155652 -0.239882 0.013408 -0.116955 -0.313896 -0.192407 -0.039754 0.078869 0.066089 0.080219 -0.311515 -0.236868 -0.298432 0.044897 0.111182 0.009158 0.254890 0.281851 0.543347 0.265359 0.298845 -0.112777 0.383225 -0.215853 -0.072098 0.074953 0.097537 -0.281270 0.328744 0.385104 0.432946 0.273523 0.350619 0.212535 0.423696 0.225291 0.252689 0.191754 -0.037014 -0.288757 -0.362816 -0.077530 -0.286187 -0.277482 -0.312131 -0.319045 -0.209777 -0.204444 -0.387929 -0.330768 -0.384215 -0.217103 0.133792 -0.312988 -0.158890 -0.237876 -0.235639 -0.203171 -0.244226 -0.053148 -0.165548 -0.323563 -0.442123 -0.059983 -0.217867 -0.075267 0.071478 -0.262977 -0.268238 -0.262804 -0.122662 -0.162089 -0.053363
-0.110201 -0.136562 0.353742 -0.231789 0.131330 0.007808 0.143029 -0.046598 0.397814 0.048859 0.382713 0.202684 0.372523 0.004340 1.000000 0.497237 -0.092223 0.016916 0.128796 -0.255357 0.138950 0.215639 0.342244 -0.106245 0.175405 0.055773 0.104336 0.021400 0.299452 -0.193155 0.251024 0.078864 -0.050056 -0.030412 0.246015 0.061861 -0.227705 -0.037628 -0.092594 -0.116558 0.086801 0.053515 -0.091960 -0.153760 0.109734 -0.012061 -0.098526 -0.242631 0.023891 0.041901 -0.006677 -0.146141 0.046054 0.011710 -0.095144 -0.183198 -0.303740 -0.173980 -0.171395 -0.274340 -0.032617 -0.200227 -0.204949 -0.231839 0.365464 0.053359 0.039290 -0.250825 -0.028093 -0.004436 0.213223 0.093154 0.105800 -0.088860 0.186340 0.077540 -0.067874 -0.073029 -0.182746 -0.218101 -0.241513 -0.075872 0.429497 0.092933 0.447982 0.055695 0.048732 0.201761 0.193569 -0.090133 0.041045 0.072079 -0.071683 -0.013747 0.085382 -0.185646 -0.111488 -0.124142 -0.196649 -0.230273 -0.073336 -0.136120 -0.162754 -0.204436 -0.256450 -0.063355 -0.121998 -0.129653 -0.128642 -0.009874 -0.135425 -0.213157 0.016948 -0.110964 -0.168345 -0.097727
-0.019036 -0.082175 0.240942 0.180706 0.358725 0.529266 0.232651 0.210397 0.356444 0.467716 0.202201 0.139253 0.139674 0.144027 0.497237 1.000000 -0.278171 -0.191251 0.183910 0.030040 0.150822 0.261304 0.020341 -0.133784 0.054842 0.016161 0.454707 0.333439 -0.125872 -0.247573 -0.131362 -0.163917 -0.272362 -0.117084 0.062568 0.122990 -0.181619 0.169609 0.038400 0.250400 -0.045422 0.116839 -0.110870 -0.078185 -0.113088 -0.283558 0.048754 0.032915 -0.006687 -0.102764 -0.224832 -0.308708 -0.270372 0.162299 -0.059827 0.176995 -0.320956 -0.329757 -0.179593 -0.158140 -0.072697 -0.117225 -0.335567 -0.488944 0.093802 -0.094704 0.003638 -0.342425 0.068341 0.139449 0.282694 0.215812 -0.191993 -0.209011 -0.134802 -0.149389 -0.334082 -0.099341 -0.426282 -0.434411 -0.514719 -0.317855 0.139976 0.268975 -0.091979 0.051480 -0.162725 -0.015444 0.238249 0.147038 0.377769 0.250859 0.305155 0.228786 0.272716 0.105806 0.004007 0.063923 0.078930 -0.039453 0.148039 0.098111 0.080742 0.061120 -0.000543 0.220707 0.126336 0.130006 0.091288 0.273163 0.047222 -0.134896 0.216829 -0.010256 -0.118228 -0.022320
0.009118 0.148790 -0.184906 -0.160471 -0.153914 -0.165920 -0.278917 -0.065710 -0.198299 -0.211751 0.219931 0.097197 0.109621 0.109469 -0.092223 -0.278171 1.000000 0.488779 -0.306189 -0.129513 0.134636 0.021243 0.050946 -0.043869 0.106542 -0.012154 0.054427 -0.008476 0.209702 0.229879 0.272157 0.135274 0.294359 0.191725 -0.104737 -0.169067 0.172335 -0.115628 0.035635 -0.172406 0.234940 0.165574 -0.122934 -0.108130 -0.107874 0.080177 -0.228024 -0.201026 -0.155149 0.121277 0.036841 0.070847 0.000669 -0.282847 -0.155942 -0.169639 0.491686 0.474506 -0.034576 0.097350 0.108421 0.194781 0.323354 0.490665 -0.008310 0.284373 -0.228288 -0.049423 -0.151418 -0.038246 -0.240345 -0.241815 0.218340 0.187448 0.187979 0.163061 0.170069 0.021563 0.592503 0.320045 0.658180 0.270162 -0.048858 -0.105946 0.112715 -0.090454 0.054713 0.163624 -0.208979 -0.215693 -0.457249 -0.294705 -0.379194 -0.349890 -0.115465 -0.115469 -0.256715 -0.191847 -0.280599 -0.110874 -0.355351 -0.353547 -0.236538 -0.215019 -0.240367 -0.067437 -0.245451 -0.249608 -0.127251 -0.231815 -0.083197 -0.098816 -0.335629 -0.246519 -0.078800 0.102888
-0.156459 0.387852 -0.405303 -0.379618 -0.126885 -0.405578 -0.483924 0.017067 -0.337696 -0.189803 0.047049 0.486239 0.077336 0.297994 0.016916 -0.191251 0.488779 1.000000 -0.529746 0.001161 -0.083064 0.166590 -0.202239 -0.192118 0.008082 -0.097328 -0.192982 -0.113437 0.523173 0.563939 0.357714 0.346269 0.361032 0.302657 -0.217409 -0.258514 0.200141 0.062029 0.077285 -0.204063 0.392311 0.271831 -0.129493 -0.143090 -0.076203 0.249672 -0.083011 -0.441103 -0.257522 0.039578 0.104982 0.082397 0.193008 -0.512719 -0.181053 -0.329895 0.290216 0.502784 -0.082921 0.081084 0.147035 0.340668 0.411383 0.603791 -0.006592 0.288873 -0.477021 -0.188944 -0.370575 -0.163201 -0.304275 0.090871 0.663917 0.510557 0.552261 0.522609 0.443023 0.499199 0.652031 0.639197 0.592024 0.470839 0.072846 -0.215566 0.295387 -0.237788 -0.002109 0.025432 -0.382164 -0.466416 -0.509490 -0.442878 -0.390103 -0.512042 -0.336246 0.137491 -0.318418 -0.165901 -0.198163 -0.196338 -0.380005 -0.462266 -0.349194 -0.406236 -0.427890 -0.179908 -0.181038 -0.379039 0.048318 -0.034201 -0.338339 -0.247673 -0.197401 -0.350669 0.021024 0.175551
0.217333 -0.201389 0.355954 0.036833 -0.011491 0.262314 0.427015 -0.171700 0.381756 0.263678 0.152222 -0.380576 0.133167 -0.236022 0.128796 0.183910 -0.306189 -0.529746 1.000000 0.229114 0.138385 -0.310809 0.218878 0.004915 -0.075857 -0.094441 0.114956 -0.082939 -0.258105 -0.713388 -0.183623 -0.305535 -0.193215 -0.089805 0.131102 0.259399 -0.188923 -0.334566 -0.337808 -0.086118 -0.464994 -0.362796 -0.038868 -0.039485 0.012309 -0.425422 -0.095320 0.273768 0.101641 -0.090563 -0.317210 -0.163942 -0.075355 0.415883 -0.016888 0.106833 -0.294791 -0.217966 -0.165659 0.027656 -0.357556 -0.220539 -0.387308 -0.336323 -0.278246 -0.472535 0.373477 -0.018837 0.659681 0.392349 0.415440 -0.133360 -0.557473 -0.676660 -0.478664 -0.624736 -0.343970 -0.528914 -0.597596 -0.472381 -0.278831 -0.330981 0.180525 0.346717 -0.283095 -0.057941 -0.106338 -0.003287 0.246178 0.259410 0.514088 0.573564 0.369471 0.603065 0.138592 -0.437924 0.204258 -0.067551 0.246344 0.199964 0.291560 0.477427 0.161136 0.553864 0.462745 0.317583 0.114260 0.419669 -0.135192 -0.154516 0.408866 0.457476 0.341979 0.288001 0.084529 0.163084
0.206249 0.403561 -0.091094 0.004321 -0.002438 0.006364 -0.025646 0.008692 -0.056420 0.206692 -0.185118 -0.099085 -0.135906 0.027135 -0.255357 0.030040 -0.129513 0.001161 0.229114 1.000000 -0.038404 -0.040059 -0.388112 -0.161190 -0.188749 -0.156528 0.055270 0.080040 -0.026335 0.092063 0.000477 0.036181 0.117343 0.325419 -0.181032 -0.105534 0.330096 -0.065876 0.154248 0.179972 -0.108631 -0.050318 0.033963 0.044162 -0.444055 -0.187006 0.250047 0.165444 -0.438563 -0.213306 -0.442378 -0.054998 -0.129714 0.246586 0.357642 0.249129 0.016346 0.342065 -0.245761 0.392307 -0.399213 0.216723 -0.162666 0.087703 -0.564061 -0.212310 -0.409189 -0.173285 0.034916 0.247146 -0.052570 0.006312 -0.055396 -0.077882 -0.080287 -0.198162 0.057909 0.012826 -0.026150 0.106401 -0.091986 0.043073 0.025632 0.146416 -0.373567 0.133751 0.025680 -0.213382 0.234293 0.155527 0.170665 -0.035132 0.169274 0.021482 -0.044610 0.266139 0.098935 0.144967 0.389110 0.234990 -0.098569 -0.071011 -0.163059 -0.045125 0.027025 0.199373 -0.066413 -0.121831 0.171970 -0.007353 -0.165760 -0.107833 0.239323 0.321229 0.327026 0.235336
-0.170245 -0.397886 0.167081 -0.091849 -0.067040 0.280855 0.146278 -0.224891 0.294193 0.308845 -0.220156 -0.402967 -0.091778 -0.208646 0.138950 0.150822 0.134636 -0.083064 0.138385 -0.038404 1.000000 0.389453 0.071497 0.066900 0.223366 0.306228 0.585579 0.159997 0.034019 -0.252217 0.251536 0.166794 -0.153837 -0.104355 0.172185 0.269611 0.197766 0.119272 -0.103439 -0.025911 0.136703 -0.063766 0.342343 0.279720 -0.002364 -0.060970 0.225817 0.277876 0.096791 0.130877 -0.007916 0.206631 0.171492 0.181411 0.165049 0.080776 -0.037758 -0.236633 -0.114894 -0.093681 -0.251796 -0.321213 -0.262404 -0.200680 -0.167663 -0.221700 0.003314 -0.106214 -0.069084 -0.195789 0.520747 -0.018151 -0.131140 -0.320821 -0.075410 -0.186721 -0.250289 -0.302361 -0.188018 -0.136804 -0.000748 0.237676 0.203805 0.360236 -0.082723 0.259745 0.019926 0.069942 0.423674 -0.042564 0.101182 0.078893 0.007518 0.004114 0.162499 -0.148637 0.075094 0.060356 0.135316 -0.013098 0.024195 -0.032814 -0.189308 -0.035993 0.010717 0.313953 -0.350578 -0.026593 -0.016079 -0.100865 0.222362 0.129154 0.081565 0.057222 0.135819 0.096469
-0.095207 -0.072565 -0.043655 -0.146286 0.422049 0.038009 -0.158847 -0.231023 0.122290 -0.065707 -0.199298 -0.037885 -0.241766 0.026523 0.215639 0.261304 0.021243 0.166590 -0.310809 -0.040059 0.389453 1.000000 -0.143847 -0.174940 0.594709 0.559818 0.388194 0.578434 0.163840 0.261238 0.348296 0.354535 0.012429 -0.046974 0.118104 0.103039 0.194990 0.512971 0.357131 0.247223 0.422872 0.452862 0.129114 0.054429 -0.067454 0.064628 0.271283 -0.052658 0.001695 0.021748 0.099970 0.017364 0.010577 -0.082391 0.041051 -0.049519 0.028876 -0.053138 -0.076213 -0.082592 -0.060359 -0.200333 -0.202425 0.002282 0.012095 -0.018700 -0.349419 -0.312040 -0.339588 -0.175695 0.188584 0.393838 0.399134 0.336832 0.483368 0.469007 0.137221 0.303721 0.185113 0.203989 -0.003565 0.331006 0.023014 -0.076086 0.119706 0.012168 0.194096 0.077456 -0.034017 -0.236674 -0.150117 -0.191622 -0.128924 -0.210706 0.418775 0.312958 0.052517 0.010776 -0.127358 -0.151261 -0.130509 -0.318405 -0.245833 -0.354350 -0.440503 -0.037832 -0.127609 -0.308176 0.323611 0.251380 -0.217443 -0.372159 -0.093355 -0.100424 -0.028784 0.120836
-0.218254 -0.440994 0.805892 0.211137 -0.019114 0.192682 0.514575 -0.029289 -0.062577 -0.155566 0.292127 0.055191 0.088184 -0.373411 0.342244 0.020341 0.050946 -0.202239 0.218878 -0.388112 0.071497 -0.143847 1.000000 0.681397 0.255044 0.151114 0.045718 -0.035793 0.089674 -0.219832 0.308854 0.153663 -0.202205 -0.251154 0.150332 -0.023154 -0.184162 -0.154754 -0.047610 -0.238212 -0.062668 -0.277201 0.123387 0.137902 0.366881 0.231479 -0.019242 0.074986 0.280809 0.267099 0.225843 0.130660 0.026407 0.132964 -0.016742 -0.063973 -0.264491 -0.434490 -0.263742 -0.556982 -0.231071 -0.540593 -0.255013 -0.340391 0.270780 -0.042730 0.168868 -0.063288 -0.119535 -0.297816 0.194064 -0.136022 -0.172381 -0.236311 -0.166924 -0.203717 -0.045202 -0.261851 -0.080203 -0.207188 -0.109397 0.018542 0.381771 0.289314 0.434108 0.245190 0.115596 0.279798 0.190079 0.029392 -0.129188 0.055098 -0.131715 0.096544 -0.025334 -0.403887 0.130045 -0.190015 -0.255035 -0.264728 -0.088132 -0.073643 -0.215054 -0.104167 -0.094140 -0.090691 -0.266365 -0.015100 -0.243746 -0.277271 0.122272 0.150276 -0.185948 -0.105710 -0.149195 -0.336270
-0.404135 -0.505748 0.576445 0.366406 -0.087298 0.184598 0.475664 0.237207 -0.128203 0.065739 -0.151532 0.042354 -0.119203 -0.281926 -0.106245 -0.133784 -0.043869 -0.192118 0.004915 -0.161190 0.066900 -0.174940 0.681397 1.000000 0.078277 0.167231 -0.130499 -0.172167 -0.068714 0.018739 0.267187 0.328928 -0.213948 -0.189727 0.062879 0.009616 -0.096784 -0.120636 -0.101743 -0.225672 -0.076233 -0.316059 0.273505 0.250456 0.344176 0.292825 0.182590 0.203696 0.334710 0.252200 0.272322 0.217685 0.027556 0.099046 0.063264 -0.032406 -0.285313 -0.483784 -0.193654 -0.464077 -0.229912 -0.353130 -0.148124 -0.353294 0.123451 -0.004991 0.245603 0.221749 -0.181674 -0.375032 0.211740 -0.104848 -0.234656 -0.164397 -0.305331 -0.170938 -0.170490 -0.196726 -0.083721 -0.183503 -0.172707 0.019867 0.080945 0.239833 0.172484 0.330293 0.036418 0.128786 0.149020 0.043741 -0.050103 -0.033338 -0.050282 0.002658 -0.062198 -0.281257 0.051736 -0.161185 -0.103929 -0.247871 0.088876 -0.049472 -0.041256 -0.106576 -0.115694 -0.041413 -0.361499 -0.092740 -0.105585 -0.249769 0.154871 0.199630 -0.161842 -0.108057 -0.137815 -0.391697
-0.164050 -0.179278 0.129979 -0.041894 0.526946 0.124828 -0.110485 -0.319431 0.097068 -0.179847 -0.057053 -0.065086 -0.279990 -0.127918 0.175405 0.054842 0.106542 0.008082 -0.075857 -0.188749 0.223366 0.594709 0.255044 0.078277 1.000000 0.844234 0.347715 0.571927 0.103970 0.131915 0.474240 0.463835 0.020410 -0.086781 0.287937 0.267523 0.031506 0.118930 0.233870 -0.125219 0.235704 0.232774 0.201293 0.211434 0.143971 0.152734 0.209276 0.211463 0.176497 0.061542 0.109445 0.047027 0.072359 0.017377 -0.101712 -0.198365 0.054485 -0.050975 -0.203463 -0.268513 -0.217977 -0.387418 -0.238040 0.003642 0.031897 -0.034109 -0.154980 -0.145689 -0.139912 -0.149679 0.277775 0.398113 0.257698 0.254457 0.350366 0.306933 0.204943 0.195822 0.125355 0.096934 0.045201 0.233571 0.040043 -0.065221 0.210079 0.058851 0.286858 0.235338 -0.134012 -0.224382 -0.304500 -0.239171 -0.258806 -0.196643 0.124735 -0.145516 0.080579 -0.270307 -0.275786 -0.279476 -0.224000 -0.342276 -0.229689 -0.273484 -0.353875 -0.210676 -0.151082 -0.198314 -0.029786 -0.057895 0.065845 -0.035843 -0.218197 -0.141533 -0.230513 -0.187624
-0.221422 -0.289656 0.040436 0.053549 0.504129 0.253190 -0.085227 -0.221186 0.176928 -0.067983 -0.182297 -0.086959 -0.280798 -0.006802 0.055773 0.016161 -0.012154 -0.097328 -0.094441 -0.156528 0.306228 0.559818 0.151114 0.167231 0.844234 1.000000 0.348180 0.537177 -0.004838 0.133293 0.424856 0.524378 0.023440 -0.044502 0.358139 0.407632 0.078318 0.103386 0.155919 -0.165351 0.216590 0.200170 0.313237 0.285883 0.119396 0.148919 0.303984 0.267523 0.175057 0.034606 0.094486 0.105646 0.101030 -0.013164 -0.071463 -0.256304 -0.019192 -0.157970 -0.208387 -0.289552 -0.243397 -0.315854 -0.244693 -0.032240 -0.011720 0.016398 -0.045212 0.002942 -0.046609 -0.153749 0.312716 0.371244 0.179281 0.212700 0.241140 0.262410 0.142234 0.145486 0.046330 0.065706 -0.007195 0.253937 -0.018407 -0.049245 0.126771 0.113080 0.182681 0.177830 -0.087643 -0.244646 -0.238451 -0.270898 -0.226034 -0.222440 0.118610 -0.144999 0.067065 -0.273032 -0.274319 -0.334764 -0.132379 -0.304494 -0.208012 -0.232364 -0.340330 -0.212889 -0.243167 -0.256750 -0.058104 -0.098268 0.164747 0.043650 -0.184404 -0.085776 -0.199095 -0.211525
0.163069 -0.071020 0.149096 0.066497 0.418316 0.653572 0.047846 -0.177803 0.224185 0.366023 -0.068112 -0.269185 -0.203514 -0.106157 0.104336 0.454707 0.054427 -0.192982 0.114956 0.055270 0.585579 0.388194 0.045718 -0.130499 0.347715 0.348180 1.000000 0.665842 -0.182861 -0.214953 0.086310 -0.056703 -0.128133 -0.056842 0.084030 0.204076 0.167026 0.208461 0.149832 0.224793 0.104725 0.130168 0.058799 0.096792 -0.165003 -0.144450 0.139970 0.228119 -0.022703 -0.008595 -0.139399 -0.033154 -0.238562 0.089613 0.097453 0.227355 0.181096 -0.057032 -0.070033 0.015301 -0.189205 -0.202364 -0.280325 -0.180346 -0.233167 -0.180256 -0.167467 -0.290013 -0.029627 -0.037681 0.269076 0.122497 -0.139879 -0.179442 -0.055909 -0.224225 -0.117598 -0.129585 -0.105408 -0.228826 -0.076644 0.006982 0.232340 0.375333 -0.260282 0.195540 -0.028289 0.123988 0.308446 0.019039 0.169593 0.056597 0.063061 0.051213 0.222336 0.091716 0.087552 0.124311 0.131471 0.011131 -0.081499 -0.033035 -0.175696 -0.008552 -0.073442 0.268847 -0.094253 0.002712 -0.037425 0.042322 0.066133 -0.110641 0.077023 -0.014639 0.006822 0.094999
0.152553 -0.022823 0.036935 0.081223 0.616062 0.400354 -0.100985 -0.286411 0.013029 -0.040773 -0.122878 -0.139636 -0.366269 -0.078483 0.021400 0.333439 -0.008476 -0.113437 -0.082939 0.080040 0.159997 0.578434 -0.035793 -0.172167 0.571927 0.537177 0.665842 1.000000 -0.090235 0.085165 0.091652 0.042438 -0.110453 -0.122777 0.080670 0.133187 0.096734 0.415975 0.511163 0.330844 0.266848 0.407257 0.031048 0.047431 -0.113930 -0.038667 0.151128 0.106534 -0.030679 -0.048689 -0.070658 -0.170094 -0.309056 0.093193 0.038025 0.205731 0.204134 0.004301 -0.029349 -0.065604 -0.146581 -0.182447 -0.226585 -0.035880 -0.116316 -0.112738 -0.271956 -0.274695 -0.116797 -0.037763 0.116620 0.276083 0.109450 0.172339 0.194043 0.177852 0.090154 0.153317 0.052664 -0.053576 -0.044721 0.065141 0.045760 0.102544 -0.115321 0.021068 0.195000 0.107928 -0.037559 -0.004633 0.012989 -0.091983 -0.005901 -0.012887 0.322420 0.262002 0.122046 0.099912 0.047911 -0.027853 -0.112010 -0.124022 -0.137321 -0.135178 -0.209026 -0.013418 0.132440 -0.099633 0.117470 0.066961 -0.067639 -0.250875 -0.034026 -0.004352 -0.087640 -0.047530
-0.128211 0.121383 -0.040010 -0.385343 -0.208951 -0.448913 -0.138781 -0.005624 -0.307568 -0.346189 0.285380 0.374360 0.384205 0.147935 0.299452 -0.125872 0.209702 0.523173 -0.258105 -0.026335 0.034019 0.163840 0.089674 -0.068714 0.103970 -0.004838 -0.182861 -0.090235 1.000000 0.437912 0.554983 0.468570 0.357211 0.270661 -0.332139 -0.449606 -0.081484 -0.106658 -0.006986 -0.280397 0.475939 0.096282 -0.016020 -0.002466 0.066268 0.273513 -0.046846 -0.303995 -0.061746 0.132909 0.182928 0.110683 0.246945 -0.227600 -0.091707 -0.264781 -0.065466 0.103984 -0.217290 -0.057823 -0.078394 0.143668 0.215329 0.353700 -0.037463 0.089125 -0.425636 -0.287102 -0.348239 -0.292037 -0.002508 0.067270 0.746766 0.281857 0.574778 0.332593 0.377092 0.213373 0.429271 0.412445 0.400117 0.442238 0.341741 -0.066946 0.516514 -0.210681 0.105480 -0.018276 -0.230883 -0.476552 -0.451861 -0.442115 -0.517214 -0.437573 -0.265069 -0.015940 -0.192160 -0.093784 -0.090725 -0.171062 -0.423274 -0.398791 -0.332738 -0.377223 -0.447503 -0.274899 -0.302791 -0.336065 -0.076647 -0.050129 -0.353428 -0.145859 -0.083556 -0.172883 0.066135 -0.110051
-0.140998 0.266094 -0.346954 -0.142871 0.070824 -0.372323 -0.385873 0.158790 -0.456539 -0.274584 -0.115348 0.419866 -0.027447 0.425831 -0.193155 -0.247573 0.229879 0.563939 -0.713388 0.092063 -0.252217 0.261238 -0.219832 0.018739 0.131915 0.133293 -0.214953 0.085165 0.437912 1.000000 0.421540 0.521313 0.375940 0.303575 -0.316536 -0.355047 0.239839 0.071923 0.312735 -0.091385 0.492988 0.382277 -0.011117 0.021714 -0.163714 0.373717 0.177180 -0.283991 -0.286783 0.045758 0.171909 0.191440 0.164378 -0.346595 0.061577 -0.231421 0.209461 0.291593 -0.079824 0.063708 0.141618 0.351890 0.356761 0.471386 -0.053868 0.391489 -0.577528 -0.137594 -0.583496 -0.389113 -0.351094 0.340774 0.723590 0.835421 0.593492 0.727146 0.587855 0.671067 0.641910 0.620980 0.341191 0.321870 -0.092666 -0.448789 0.190392 -0.048169 0.135207 -0.237444 -0.332602 -0.318959 -0.551307 -0.662545 -0.470053 -0.630400 -0.288406 0.386191 -0.261442 -0.009321 -0.153858 -0.142268 -0.374424 -0.488876 -0.264620 -0.559997 -0.547093 -0.419451 -0.201393 -0.480146 0.106323 0.035103 -0.560564 -0.393322 -0.342486 -0.163696 -0.024648 -0.208735
-0.303496 -0.057535 0.197614 -0.252361 0.127524 -0.178813 0.050322 0.014992 -0.107928 -0.107369 0.066035 0.179386 0.162177 0.037581 0.251024 -0.131362 0.272157 0.357714 -0.183623 0.000477 0.251536 0.348296 0.308854 0.267187 0.474240 0.424856 0.086310 0.091652 0.554983 0.421540 1.000000 0.876638 0.437026 0.383172 -0.073604 -0.135271 0.036141 -0.180320 0.015109 -0.372472 0.391857 0.136185 0.079902 0.131458 0.016798 0.291908 0.089623 -0.113802 -0.051501 0.123120 0.103981 0.191806 0.226828 -0.118707 -0.126111 -0.348311 -0.073925 0.067167 -0.432978 -0.167834 -0.271726 -0.015171 -0.012857 0.142813 -0.089811 0.093651 -0.360453 -0.170904 -0.375868 -0.328464 0.129877 0.197143 0.491685 0.272071 0.381903 0.327094 0.273046 0.207126 0.334027 0.264795 0.223104 0.312909 0.223802 -0.034725 0.322450 -0.034110 0.093354 0.138782 -0.167530 -0.432100 -0.538670 -0.399019 -0.523801 -0.389436 -0.144419 -0.220186 -0.190101 -0.356126 -0.270036 -0.348987 -0.431200 -0.450394 -0.474860 -0.434076 -0.563001 -0.168357 -0.478226 -0.461452 -0.168386 -0.208821 -0.264519 -0.138892 -0.296684 -0.299747 -0.171933 -0.188577
-0.442017 -0.097311 0.072203 -0.084500 0.136748 -0.188296 0.013345 0.173410 -0.041915 -0.030940 -0.122657 0.253496 0.060777 0.180018 0.078864 -0.163917 0.135274 0.346269 -0.305535 0.036181 0.166794 0.354535 0.153663 0.328928 0.463835 0.524378 -0.056703 0.042438 0.468570 0.521313 0.876638 1.000000 0.389667 0.357592 -0.023608 -0.025304 0.004154 -0.190956 -0.012570 -0.376718 0.333377 0.123079 0.184225 0.227419 0.058332 0.342763 0.224403 -0.061055 0.030462 0.097094 0.176389 0.238643 0.264583 -0.165856 -0.132055 -0.419078 -0.122254 -0.020441 -0.353163 -0.216699 -0.231401 0.002625 0.005144 0.125610 -0.058611 0.168170 -0.303800 -0.058325 -0.376662 -0.367228 0.103591 0.336958 0.506999 0.370192 0.398733 0.403888 0.262097 0.322383 0.275941 0.307822 0.125351 0.309286 0.004643 -0.169678 0.267279 -0.023011 0.071655 -0.023231 -0.242427 -0.433237 -0.520123 -0.466284 -0.477640 -0.439456 -0.213460 -0.146829 -0.212338 -0.378055 -0.299525 -0.441258 -0.313396 -0.472269 -0.372670 -0.455133 -0.554493 -0.249261 -0.490837 -0.457502 -0.094449 -0.189872 -0.211790 -0.110641 -0.328571 -0.275427 -0.160102 -0.221771
0.020658 0.467993 -0.365451 -0.261186 -0.071217 -0.379325 -0.284111 0.153540 -0.145103 -0.192702 0.174692 0.286876 0.403090 0.339752 -0.050056 -0.272362 0.294359 0.361032 -0.193215 0.117343 -0.153837 0.012429 -0.202205 -0.213948 0.020410 0.023440 -0.128133 -0.110453 0.357211 0.375940 0.437026 0.389667 1.000000 0.876932 -0.121544 -0.150680 0.030660 -0.275742 -0.140006 -0.293297 0.351524 0.280371 -0.264024 -0.185333 -0.034916 0.253106 -0.260770 -0.371254 -0.099060 0.008915 -0.009582 -0.059239 0.077035 -0.477792 -0.333540 -0.491993 0.160176 0.449338 -0.155648 0.377179 0.102022 0.607900 0.424251 0.490909 -0.059247 0.387778 -0.249779 0.135055 -0.094166 0.007598 -0.418556 -0.102061 0.420159 0.301135 0.311074 0.296854 0.249661 0.187736 0.437995 0.392166 0.423708 0.068240 -0.087255 -0.338680 0.084649 -0.455982 -0.193092 -0.174858 -0.444751 -0.502504 -0.555753 -0.400994 -0.523128 -0.396332 -0.252576 -0.127243 -0.391585 -0.386901 -0.342639 -0.224145 -0.491459 -0.319730 -0.379801 -0.174262 -0.458382 -0.164378 -0.329868 -0.442577 -0.252416 -0.109163 -0.295554 -0.098246 -0.194302 -0.319673 -0.190551 0.033748
-0.109892 0.471910 -0.321567 -0.211270 -0.013967 -0.260808 -0.203997 0.264113 -0.012818 0.032082 0.130155 0.284771 0.378469 0.374466 -0.030412 -0.117084 0.191725 0.302657 -0.089805 0.325419 -0.104355 -0.046974 -0.251154 -0.189727 -0.086781 -0.044502 -0.056842 -0.122777 0.270661 0.303575 0.383172 0.357592 0.876932 1.000000 0.004417 0.026507 0.106385 -0.289665 -0.149633 -0.281401 0.321217 0.289993 -0.186410 -0.130363 -0.050179 0.242258 -0.174771 -0.237573 -0.115423 0.082225 -0.130870 -0.040878 0.100394 -0.336568 -0.297112 -0.477587 -0.046575 0.401519 -0.370332 0.358659 -0.143083 0.594400 0.252017 0.399486 -0.187361 0.378572 -0.248794 0.153291 -0.029417 0.104821 -0.350922 -0.056927 0.276880 0.170072 0.148627 0.174201 0.129038 0.156977 0.264002 0.249422 0.282638 -0.029501 -0.035833 -0.208811 -0.014765 -0.411020 -0.303238 -0.254200 -0.329462 -0.485217 -0.394612 -0.296197 -0.385210 -0.309223 -0.254217 -0.145269 -0.435408 -0.395807 -0.214329 -0.217697 -0.429373 -0.272544 -0.406521 -0.116332 -0.431205 -0.043920 -0.412463 -0.419787 -0.266090 -0.108863 -0.198769 -0.052788 -0.089443 -0.237448 -0.213187 0.050437
-0.326083 -0.263753 0.160616 -0.013891 0.250560 0.154333 0.040587 -0.153604 0.488196 0.191037 -0.109636 -0.112457 -0.259180 -0.270389 0.246015 0.062568 -0.104737 -0.217409 0.131102 -0.181032 0.172185 0.118104 0.150332 0.062879 0.287937 0.358139 0.084030 0.080670 -0.332139 -0.316536 -0.073604 -0.023608 -0.121544 0.004417 1.000000 0.848221 0.140292 0.120440 -0.014929 -0.091819 -0.108320 0.071943 0.310683 0.205708 0.403052 0.230991 0.169299 0.266011 0.285340 0.199218 0.021711 0.053580 0.066706 0.022402 -0.070627 -0.235591 -0.243495 -0.168499 -0.192730 -0.325531 -0.234747 -0.361603 -0.334007 -0.213769 0.369146 0.199548 0.347863 0.347387 0.033046 -0.041868 0.154810 -0.103729 -0.355079 -0.247051 -0.269915 -0.096920 -0.235555 -0.211786 -0.316331 -0.287398 -0.220997 -0.042442 0.037662 0.048240 0.124944 0.146706 0.021185 0.131117 0.128966 -0.134866 0.009023 0.169330 0.095820 0.101856 0.133312 -0.257437 0.012453 -0.201012 -0.179050 -0.223843 0.122578 0.012579 -0.066892 -0.013499 -0.090095 0.132773 -0.161965 -0.046168 -0.147946 -0.193691 0.432485 0.207585 -0.006313 -0.050209 -0.283866 -0.004115
-0.312540 -0.311312 0.001121 0.011560 0.342681 0.290108 0.085645 -0.111629 0.606150 0.353678 -0.155829 -0.205519 -0.210612 -0.092007 0.061861 0.122990 -0.169067 -0.258514 0.259399 -0.105534 0.269611 0.103039 -0.023154 0.009616 0.267523 0.407632 0.204076 0.133187 -0.449606 -0.355047 -0.135271 -0.025304 -0.150680 0.026507 0.848221 1.000000 0.092920 0.024947 -0.168344 -0.177353 -0.129231 0.092295 0.294256 0.240259 0.326439 0.076474 0.195804 0.397212 0.344704 0.152818 -0.046035 0.050029 0.091089 0.100682 -0.182658 -0.242003 -0.276417 -0.234631 -0.202808 -0.235733 -0.320209 -0.323769 -0.388180 -0.245544 0.103689 0.062498 0.440985 0.418939 0.276378 0.070553 0.312730 0.089940 -0.428114 -0.288711 -0.315618 -0.144249 -0.282551 -0.116859 -0.446989 -0.324249 -0.231583 -0.113578 -0.103748 0.123223 -0.144148 0.064826 -0.100680 0.049788 0.057465 -0.106092 0.154167 0.234040 0.156831 0.208188 0.123441 -0.356398 0.002606 -0.290756 -0.091193 -0.235415 0.206498 0.116113 0.022137 0.178499 0.079771 0.150773 -0.117368 0.138785 -0.176311 -0.179000 0.592606 0.359769 0.039742 -0.048700 -0.350796 0.005272
