1.000000 0.373178 0.107013 0.183835 0.154447 0.065868 0.140487 0.284186 0.107757 0.086128 0.205361 0.168977 0.132521 0.208126 -0.055319 0.110934 -0.079671 -0.146598 0.357752 0.183921 0.230408 -0.062294 -0.344043 -0.425707 -0.019159 -0.311606 0.270977 0.076552 -0.134200 -0.139755 -0.279837 -0.349800 0.326517 0.105797 -0.106506 -0.219173 -0.315735 -0.181771 0.013144 -0.130753 -0.186121 0.140191 -0.228321 -0.364597 -0.110071 -0.104828 -0.185047 -0.378196 0.007609 -0.076377 -0.261231 -0.107102 -0.068761 -0.085449 0.133746 -0.171869 0.550443 0.096099 0.446577 0.367069 0.242173 0.325390 0.101493 0.066054 -0.125018 0.080155 0.213025 0.095262 0.055596 0.078302 -0.048121 -0.234913 -0.170981 -0.289983 -0.064252 -0.115992 -0.113319 -0.209925 -0.063470 -0.158333 -0.083832 -0.153166 -0.023721 -0.245136 -0.466313 -0.395303 0.111432 -0.063821 0.261067 0.084893 -0.049595 -0.117606 -0.072933 0.104513 -0.134162 -0.311948 -0.180130 -0.289520 0.049578 0.023512 0.101137 0.322229 0.170032 0.069798 0.021439 -0.182821 0.139171 0.371941 -0.174792 -0.304659 -0.439092 -0.342107 0.028779 -0.246731 -0.174332 -0.303268
0.373178 1.000000 -0.295414 -0.036952 -0.219998 -0.237716 -0.195983 0.039346 -0.297454 -0.214040 -0.017964 0.093180 -0.099815 0.003045 -0.083106 -0.141925 0.189720 0.070594 0.050525 0.323700 0.238147 -0.116919 -0.272270 -0.219273 -0.336916 -0.252218 -0.138610 -0.095207 -0.091400 -0.034938 -0.391254 -0.400973 0.129338 0.026194 -0.264874 -0.208478 -0.077298 -0.015648 -0.131455 -0.126492 -0.045638 0.031698 -0.163214 -0.100543 -0.268792 -0.251050 -0.045079 -0.037186 -0.222992 -0.354784 -0.301879 -0.202447 -0.108145 -0.050493 0.142704 -0.137794 0.280689 0.630068 0.049885 0.066139 -0.018002 0.213108 0.116357 0.369228 -0.050812 0.065362 -0.005673 0.036771 0.348342 0.387163 -0.206627 -0.345044 -0.226908 -0.170554 -0.117646 -0.151488 -0.038051 -0.083062 0.130833 0.239473 0.146496 0.136601 0.034963 -0.099010 -0.050607 -0.021051 0.246775 0.006974 0.243845 0.170517 0.087625 0.004423 0.188782 0.257921 -0.095983 -0.279532 0.035336 -0.218547 0.132709 -0.071961 0.093284 0.147719 0.359526 0.192314 0.098272 -0.066167 0.062211 -0.038699 -0.182441 -0.112995 -0.110608 0.015259 -0.051589 -0.176566 -0.216488 -0.160652
0.107013 -0.295414 1.000000 0.320856 -0.165869 -0.194845 0.485050 0.382211 -0.016909 -0.191515 -0.040262 0.298801 -0.035522 0.279901 0.072460 -0.288287 -0.391048 -0.268469 0.363038 -0.148877 -0.028526 0.090109 0.513296 0.279211 0.243982 0.403941 -0.011362 0.168501 -0.266102 -0.294142 0.270997 0.273774 0.039513 0.042979 0.091447 0.029471 -0.246618 -0.272105 -0.146453 -0.136746 -0.265014 -0.060161 -0.151969 -0.202316 0.110885 0.145006 -0.169439 -0.124550 0.129630 0.110428 0.096062 0.004305 -0.194410 -0.160551 -0.036026 -0.241696 -0.211312 -0.339020 0.052752 0.099156 0.112049 0.063610 -0.164985 -0.203338 0.297227 0.159650 0.210570 0.294034 -0.328457 -0.325668 0.172634 0.052283 -0.143929 -0.260618 -0.034509 -0.082070 -0.242655 -0.111252 -0.333549 -0.459303 -0.429781 -0.415017 -0.043053 -0.009687 0.130064 0.031563 -0.046345 0.138504 0.092008 0.051003 -0.012451 0.032290 0.101700 0.039780 -0.240850 -0.200420 -0.247564 -0.277693 -0.267942 -0.082164 0.060535 0.054935 -0.083360 0.050793 0.037970 -0.039990 -0.032724 0.051832 -0.137947 -0.194258 -0.094092 -0.170767 -0.005866 0.221291 0.038910 -0.089205
0.183835 -0.036952 0.320856 1.000000 0.070754 0.178958 0.226903 0.439148 0.163047 0.052726 0.056746 0.351391 -0.008163 0.034140 0.053861 0.112048 -0.309173 -0.203460 0.261912 -0.191716 0.237691 0.029225 0.328015 0.396059 0.160894 0.105319 0.061299 0.192621 -0.281182 -0.297894 0.102217 0.038502 0.048944 -0.085589 0.134808 -0.126488 -0.237488 -0.104577 -0.127536 -0.112253 -0.268658 0.036241 -0.027130 -0.118406 0.096769 0.070617 0.085795 -0.127294 0.196684 0.324586 0.234332 0.148024 -0.050088 -0.034904 -0.029534 -0.077336 0.046034 -0.231326 0.043204 0.156001 0.085800 0.140109 -0.244748 -0.206573 0.241976 0.402550 -0.160092 -0.017578 -0.362632 -0.428991 0.157253 0.168937 -0.187072 0.033211 -0.005775 0.265467 -0.070472 -0.011055 -0.370000 -0.395689 -0.290118 -0.275085 0.075987 0.288922 0.125605 0.214517 0.011244 0.193620 0.417236 0.213885 -0.208301 -0.393082 0.084096 -0.305308 -0.169663 -0.090238 -0.233036 -0.235126 -0.195955 -0.190294 -0.167176 -0.243601 -0.321864 -0.401942 -0.314877 -0.323193 -0.012482 0.288161 -0.150360 -0.184199 -0.441423 -0.476422 -0.329550 -0.127417 0.067369 -0.334894
0.154447 -0.219998 -0.165869 0.070754 1.000000 0.768264 0.237793 0.193411 0.894515 0.661649 0.044292 -0.183814 0.352779 0.006271 0.491002 0.759244 -0.320409 -0.411614 -0.246346 -0.196784 0.110643 -0.154010 -0.334277 -0.247148 0.502957 -0.062748 0.593019 0.319177 -0.063172 -0.306698 -0.092363 -0.276438 0.025083 0.004229 -0.053499 -0.012618 -0.252514 -0.139227 -0.079126 -0.185849 -0.216395 0.013095 -0.166706 -0.422618 -0.035944 0.011203 -0.024947 -0.256050 -0.016595 0.096587 0.041308 -0.095473 0.308170 0.145552 -0.088216 0.048503 0.054110 -0.169882 0.491064 0.435790 0.448687 0.319422 0.097776 0.016070 0.057878 0.230740 0.402435 0.167225 -0.103046 0.003614 -0.181711 -0.064821 -0.252402 -0.176616 -0.263533 -0.257365 -0.273053 -0.394078 -0.324526 -0.332503 -0.195293 -0.240616 0.054437 -0.006192 -0.266830 -0.255766 -0.352975 -0.265548 0.165633 -0.010260 0.080106 -0.156515 -0.234546 0.006487 0.028419 0.139401 -0.081269 -0.065261 -0.226531 -0.114529 -0.037866 -0.039032 -0.192244 -0.258807 -0.320820 -0.426348 -0.079408 0.316754 -0.033306 -0.203962 -0.424623 -0.292652 -0.093630 -0.283084 -0.047587 -0.106269
0.065868 -0.237716 -0.194845 0.178958 0.768264 1.000000 0.173988 0.193977 0.691285 0.825063 -0.050882 -0.143929 0.235021 -0.024407 0.233120 0.809131 -0.184725 -0.146806 -0.268599 -0.246788 -0.021666 -0.148818 -0.187364 -0.060237 0.596578 0.114585 0.556146 0.432986 -0.113627 -0.140001 -0.005511 -0.189494 -0.099042 -0.175057 -0.083530 -0.058306 -0.280613 -0.180635 -0.137520 -0.198563 -0.198884 -0.104782 -0.024032 -0.177503 -0.054843 0.012274 -0.046517 -0.190283 0.057998 0.134813 0.074031 0.072366 0.209678 0.129767 -0.238443 0.007920 -0.015534 -0.179311 0.353808 0.321592 0.253145 0.201830 -0.037503 -0.001086 -0.005830 0.250392 0.168797 0.051629 -0.211268 -0.095597 -0.116799 -0.023042 -0.185864 -0.047859 -0.167135 -0.149462 -0.168706 -0.322045 -0.235939 -0.192977 -0.143118 -0.164294 -0.119675 -0.012516 -0.216210 -0.172433 -0.477086 -0.382625 0.009050 -0.127144 -0.001528 -0.187564 -0.199764 -0.106631 0.011642 0.273277 -0.092117 0.024672 -0.057308 -0.087802 -0.038841 -0.234742 -0.280285 -0.356806 -0.388514 -0.411088 -0.104227 0.263123 0.110065 -0.114493 -0.372171 -0.190729 -0.033635 -0.133368 -0.004388 -0.086179
0.140487 -0.195983 0.485050 0.226903 0.237793 0.173988 1.000000 0.623478 0.395308 0.160279 0.311143 0.440386 0.512806 0.358576 0.136426 0.185936 -0.422066 -0.160402 -0.064909 -0.196279 0.019262 0.133984 0.028957 0.024003 0.091739 0.088850 -0.101216 -0.107313 0.064049 -0.114082 0.178010 0.205400 -0.024803 0.180036 0.163591 0.181572 -0.187237 -0.188613 -0.192926 -0.340148 -0.119091 -0.101621 -0.167263 -0.398619 0.178421 0.110246 -0.252364 -0.309796 -0.175786 -0.038326 -0.088558 -0.305654 -0.287226 -0.184605 -0.200587 -0.379922 -0.433008 -0.614192 0.207721 -0.016875 0.351558 0.225198 0.036429 -0.260019 0.450167 0.240962 0.244711 0.219274 -0.572979 -0.445080 0.178328 0.266043 0.094875 -0.076867 0.066199 0.010049 -0.161708 -0.053413 -0.451498 -0.562097 -0.317425 -0.326724 0.255658 0.075531 -0.121722 -0.091478 -0.051601 -0.011099 0.187798 -0.136942 -0.035980 -0.043462 -0.053902 -0.042911 -0.211393 -0.016815 -0.267302 -0.357655 -0.364834 -0.333466 -0.003633 0.060640 -0.196092 -0.181554 -0.163406 -0.288044 -0.110710 0.085400 -0.196575 -0.132814 -0.235449 -0.289511 0.020999 -0.029127 -0.108764 -0.194152
0.284186 0.039346 0.382211 0.439148 0.193411 0.193977 0.623478 1.000000 0.311396 0.247105 0.140366 0.516202 0.350384 0.623150 0.098331 0.193306 -0.356823 -0.284321 -0.001140 -0.196675 0.030612 0.071795 -0.116890 -0.057442 0.055584 -0.035023 0.233344 0.140180 -0.290430 -0.195489 -0.142969 -0.106964 0.054295 0.114823 0.004416 0.142336 -0.303294 -0.359364 -0.274610 -0.291860 -0.389071 -0.051295 -0.083144 -0.279686 0.121532 0.281448 -0.143767 -0.269599 -0.042888 0.112123 -0.089492 -0.021502 -0.249105 -0.070308 -0.066540 -0.293149 -0.120891 -0.389851 0.260788 0.233629 0.394810 0.508908 -0.109462 -0.104315 0.256573 0.524835 0.139836 0.225500 -0.437475 -0.359638 0.034581 0.088425 -0.104601 -0.157823 -0.081105 -0.029264 -0.330601 -0.320388 -0.424916 -0.552973 -0.326032 -0.431043 -0.110268 0.005125 -0.195576 -0.089830 -0.031855 0.028002 0.257257 0.057209 -0.096732 -0.278862 0.103698 -0.138983 -0.326121 -0.260255 -0.386297 -0.415127 -0.319443 -0.287185 0.084808 -0.050062 -0.282786 -0.283715 -0.235807 -0.344189 -0.050674 0.149641 -0.244924 -0.329327 -0.431684 -0.453039 -0.143158 -0.096821 -0.172521 -0.366783
0.107757 -0.297454 -0.016909 0.163047 0.894515 0.691285 0.395308 0.311396 1.000000 0.639130 0.122742 -0.009510 0.432378 0.117153 0.523818 0.694059 -0.346406 -0.407496 -0.155744 -0.176878 0.017913 -0.201280 -0.231716 -0.132470 0.478669 0.017201 0.511555 0.194046 0.000284 -0.277778 0.022519 -0.171171 0.046805 0.055648 -0.025563 -0.000463 -0.258873 -0.163373 -0.121521 -0.286399 -0.223369 -0.033101 -0.132497 -0.399519 0.037449 0.076717 -0.056447 -0.289920 -0.039182 0.088438 -0.029258 -0.165387 0.129560 0.172928 -0.190506 -0.071021 -0.091654 -0.352874 0.421279 0.343956 0.435586 0.331119 0.088384 -0.125204 0.216410 0.242457 0.339562 0.108722 -0.215819 -0.141578 -0.171130 0.009862 -0.170378 -0.153034 -0.201997 -0.200689 -0.211824 -0.298674 -0.423419 -0.451738 -0.225670 -0.317105 0.081039 0.057289 -0.211574 -0.296048 -0.336723 -0.255510 0.141037 -0.110412 0.029609 -0.115678 -0.227560 -0.052389 0.006705 0.120818 -0.198289 -0.124548 -0.303454 -0.146749 -0.154367 -0.023465 -0.203635 -0.279463 -0.328797 -0.433440 -0.052923 0.388895 -0.101179 -0.231295 -0.437169 -0.231009 -0.016353 -0.190984 0.000868 -0.043524
0.086128 -0.214040 -0.191515 0.052726 0.661649 0.825063 0.160279 0.247105 0.639130 1.000000 -0.052502 -0.104791 0.192860 0.179757 0.144338 0.813650 -0.038816 -0.095850 -0.110957 -0.001868 -0.156048 -0.236935 -0.344769 -0.206527 0.404829 -0.102754 0.596056 0.180622 -0.021192 -0.090220 -0.071373 -0.277997 -0.103049 -0.171012 -0.185325 -0.035581 -0.168248 -0.266370 -0.211779 -0.283879 -0.181708 -0.137566 0.010078 -0.118125 -0.071832 0.015075 -0.048529 -0.191186 -0.017271 0.035733 -0.091445 0.061191 0.096889 0.202520 -0.266923 -0.064063 -0.026823 -0.181796 0.227241 0.213843 0.159599 0.159909 0.073956 0.006367 -0.129865 0.061445 0.126652 -0.036165 -0.117427 -0.006174 -0.128256 -0.010835 -0.048583 0.020550 -0.130270 -0.099926 -0.083460 -0.314180 -0.139666 -0.109878 0.027488 -0.118398 -0.139925 0.000506 -0.274424 -0.282421 -0.511046 -0.443062 -0.167150 -0.319807 -0.024861 -0.117837 -0.231698 -0.085234 0.069640 0.225156 -0.196518 0.092292 0.071744 0.024065 -0.069325 -0.112751 -0.128742 -0.184659 -0.253789 -0.299752 -0.056243 0.262889 0.126892 -0.176699 -0.342554 -0.029569 0.117071 -0.104679 -0.084591 -0.056537
0.205361 -0.017964 -0.040262 0.056746 0.044292 -0.050882 0.311143 0.140366 0.122742 -0.052502 1.000000 0.500102 0.728655 0.325237 0.152977 0.057809 0.032066 0.169799 -0.010779 -0.029342 -0.081344 -0.010480 -0.044785 -0.099427 -0.265304 -0.338595 -0.140104 -0.225602 0.312969 0.196998 0.130449 -0.005625 0.014597 0.105397 0.106177 -0.094761 -0.117525 -0.026054 0.002820 -0.069663 0.095029 -0.123780 -0.177988 -0.269438 0.160521 -0.088373 -0.120530 -0.242817 -0.043551 0.004832 -0.032086 -0.225331 -0.120797 -0.074247 -0.081091 -0.149652 -0.077980 -0.301463 0.242806 0.061026 0.391906 0.306340 0.159657 0.021957 0.231019 0.171593 -0.105465 -0.257706 -0.247268 -0.213776 0.061572 0.140942 0.264016 -0.014083 0.134598 0.034037 0.082086 0.014920 -0.094364 -0.096109 0.054309 0.014932 0.260987 0.111363 -0.165142 -0.143737 0.255379 0.051781 0.103669 -0.148175 -0.121693 0.004657 -0.052338 -0.027550 0.042027 -0.225968 -0.096467 -0.187684 -0.157023 -0.237304 0.047786 0.009298 -0.050274 -0.295415 -0.206656 -0.242803 0.129420 0.026794 -0.307984 -0.151368 -0.139438 -0.256848 -0.215695 -0.370292 -0.096233 -0.263523
0.168977 0.093180 0.298801 0.351391 -0.183814 -0.143929 0.440386 0.516202 -0.009510 -0.104791 0.500102 1.000000 0.356657 0.516353 0.020936 -0.063185 -0.203221 0.141700 -0.035190 -0.181643 -0.048435 0.040408 0.119572 0.104511 -0.213549 -0.020217 -0.193934 -0.105653 -0.001016 0.022356 0.106997 0.133981 -0.045415 0.007163 0.145850 0.097027 -0.163216 -0.241530 -0.153963 -0.195933 -0.101709 -0.114673 -0.148720 -0.199213 0.202788 0.164667 -0.161105 -0.335140 -0.025130 0.041516 0.056280 -0.102326 -0.301948 -0.100513 -0.137936 -0.277298 -0.209268 -0.342181 0.091634 -0.025806 0.270703 0.336738 -0.089158 -0.014519 0.485587 0.420787 -0.024969 0.007933 -0.424798 -0.405124 0.086840 0.174340 -0.004798 -0.117124 -0.064416 0.079774 -0.169322 -0.068045 -0.241545 -0.301445 -0.231866 -0.162538 0.184597 0.314468 0.146878 0.149273 0.189964 0.092652 0.145220 -0.027576 -0.164001 -0.151792 0.108006 -0.115097 -0.148311 -0.271970 -0.226568 -0.292474 -0.189208 -0.277040 -0.036211 -0.031887 -0.202795 -0.319885 -0.198227 -0.187333 -0.032521 -0.029176 -0.370038 -0.212837 -0.231737 -0.298365 -0.301863 -0.156582 -0.007330 -0.355891
0.132521 -0.099815 -0.035522 -0.008163 0.352779 0.235021 0.512806 0.350384 0.432378 0.192860 0.728655 0.356657 1.000000 0.494133 0.293620 0.331027 -0.066510 0.001102 -0.154422 -0.155975 -0.141066 -0.030325 -0.222426 -0.242149 -0.048151 -0.240974 0.007993 -0.112923 0.232101 0.058244 0.008293 -0.144313 0.030694 0.108980 0.011917 0.037612 -0.236682 -0.131426 -0.133916 -0.214202 -0.088747 -0.145262 -0.165571 -0.385905 0.112385 -0.067645 -0.191473 -0.264198 -0.106097 0.033293 -0.102674 -0.226377 -0.111705 0.020189 -0.163178 -0.264954 -0.117695 -0.361417 0.443317 0.242267 0.592829 0.414706 0.223113 -0.018809 0.166153 0.194278 0.189298 -0.094873 -0.371194 -0.232523 -0.033103 0.105994 0.173709 -0.074367 0.075835 -0.019810 -0.045131 -0.075382 -0.237450 -0.293192 -0.080041 -0.094611 0.149724 -0.002958 -0.328163 -0.262194 -0.022562 -0.059194 0.085817 -0.196301 -0.033678 -0.038867 -0.112827 -0.047804 -0.090308 -0.086468 -0.240881 -0.205570 -0.321074 -0.331627 0.047414 -0.037013 -0.177603 -0.321210 -0.264192 -0.365990 0.089758 0.018085 -0.225919 -0.142003 -0.304073 -0.310340 -0.180447 -0.341361 -0.187305 -0.177979
0.208126 0.003045 0.279901 0.034140 0.006271 -0.024407 0.358576 0.623150 0.117153 0.179757 0.325237 0.516353 0.494133 1.000000 0.055919 0.054577 -0.048350 -0.047235 0.035075 -0.110976 -0.302211 0.060300 -0.210957 -0.285936 -0.156691 -0.245863 0.188875 0.018549 -0.098201 -0.032959 -0.209787 -0.242402 -0.073877 -0.051536 -0.171785 0.014382 -0.190707 -0.330642 -0.127646 -0.162465 -0.229585 -0.096708 0.049557 -0.086548 0.069155 0.120489 -0.204451 -0.223613 -0.033673 0.057325 -0.125473 0.054416 -0.247809 0.010264 0.079503 -0.254327 -0.018277 -0.217654 0.294368 0.246052 0.377169 0.399020 0.088579 0.004303 -0.001404 0.295330 0.113680 -0.031890 -0.234467 -0.160229 -0.014391 0.043065 0.090561 -0.133367 0.002952 -0.012104 -0.278548 -0.321972 -0.126803 -0.264276 -0.118240 -0.245086 -0.219561 -0.176599 -0.247359 -0.183603 0.093264 0.031964 0.073031 -0.054124 -0.108712 -0.088600 -0.045034 -0.158335 -0.217639 -0.339288 -0.288446 -0.202447 -0.152910 -0.136890 0.046746 -0.027102 -0.142814 -0.124702 0.003331 -0.111448 0.081551 0.022328 -0.228907 -0.281413 -0.203882 -0.227929 -0.084083 -0.134096 -0.277645 -0.196698
-0.055319 -0.083106 0.072460 0.053861 0.491002 0.233120 0.136426 0.098331 0.523818 0.144338 0.152977 0.020936 0.293620 0.055919 1.000000 0.326576 -0.311709 -0.437313 -0.120994 -0.169283 0.114395 -0.145411 0.096643 0.110315 0.189227 0.064296 0.155398 0.198901 0.022935 -0.344261 -0.118501 -0.335998 -0.063747 -0.123360 -0.191678 -0.083837 -0.093141 0.041932 -0.057219 -0.136552 -0.060060 0.030023 -0.271106 -0.440006 -0.137813 -0.242592 0.069574 -0.099220 0.060723 0.053109 0.127021 -0.074082 0.258570 0.264113 0.122374 0.013624 -0.067208 -0.104437 0.341115 0.249453 0.347006 0.158551 0.070753 -0.018283 0.293250 0.217551 0.145737 -0.020099 -0.077264 -0.062921 -0.243084 -0.090980 -0.253998 -0.168076 -0.180420 -0.271866 -0.293183 -0.340283 -0.394029 -0.315558 -0.166731 -0.188392 0.387071 0.243550 0.171654 0.062473 0.079412 0.144463 0.375404 0.326857 0.244389 0.127214 0.057043 0.200330 0.039683 -0.120997 0.026843 -0.166518 -0.250412 -0.134829 0.056959 -0.049146 -0.093593 -0.238710 -0.244166 -0.387783 0.071942 0.161417 -0.247381 -0.290084 -0.255591 -0.155771 -0.138383 -0.191517 0.012751 -0.143340
0.110934 -0.141925 -0.288287 0.112048 0.759244 0.809131 0.185936 0.193306 0.694059 0.813650 0.057809 -0.063185 0.331027 0.054577 0.326576 1.000000 -0.161647 -0.193069 -0.168667 -0.032532 0.044880 -0.197973 -0.406692 -0.223377 0.369646 -0.144182 0.455632 0.186813 0.069152 -0.179338 -0.143869 -0.288491 0.003039 -0.058972 -0.142491 0.016895 -0.203077 -0.247459 -0.231929 -0.334831 -0.124906 -0.060456 -0.009656 -0.238356 -0.007994 -0.039122 0.081993 -0.124976 -0.053800 0.093035 -0.011206 -0.006440 0.275891 0.216311 -0.235102 -0.094402 -0.008239 -0.183013 0.353283 0.355029 0.276527 0.227816 0.083528 0.042889 -0.104239 0.059468 0.157450 -0.008894 -0.118153 0.046571 -0.089924 -0.019609 -0.127378 -0.023221 -0.196907 -0.165230 -0.179174 -0.317609 -0.317465 -0.192731 -0.028072 -0.077463 0.116503 0.253964 -0.236581 -0.199382 -0.398195 -0.350553 0.026771 -0.168992 0.024544 -0.181589 -0.283932 -0.083251 0.037530 0.125513 -0.140204 -0.041645 -0.008230 -0.170519 -0.085599 -0.152713 -0.223370 -0.351435 -0.391862 -0.449821 -0.055399 0.170995 -0.067293 -0.146854 -0.396808 -0.223796 -0.022303 -0.301165 -0.079915 -0.190097
-0.079671 0.189720 -0.391048 -0.309173 -0.320409 -0.184725 -0.422066 -0.356823 -0.346406 -0.038816 0.032066 -0.203221 -0.066510 -0.048350 -0.311709 -0.161647 1.000000 0.622910 0.016275 0.260949 -0.193442 -0.085808 -0.061583 -0.138864 -0.300732 -0.302907 -0.031926 -0.250117 0.426535 0.515141 -0.174838 -0.085375 0.091507 0.005027 -0.184522 -0.159277 0.350168 -0.033967 0.100950 -0.033105 0.255592 -0.066811 0.289051 0.400613 -0.035546 -0.114882 0.080612 0.058398 -0.029475 -0.045772 -0.109282 0.170030 -0.040065 0.172976 -0.095148 0.014452 0.395124 0.431838 -0.326811 -0.344711 -0.260125 -0.292095 0.480033 0.341593 -0.407326 -0.469115 -0.159776 -0.495888 0.333734 0.250116 -0.195203 -0.267534 0.407498 0.385346 0.370969 0.064683 0.484230 0.122387 0.725956 0.761625 0.754521 0.710215 -0.168790 -0.179959 -0.082137 0.007952 0.039222 -0.059381 -0.513368 -0.356760 -0.338108 -0.125366 -0.248863 -0.188186 0.004080 -0.024009 -0.122141 0.069891 0.176139 0.000472 -0.179559 -0.207089 0.035091 0.079233 -0.019973 0.207755 0.076371 -0.339340 0.037957 0.106372 -0.021345 0.224002 0.058908 -0.001944 -0.042727 0.162627
-0.146598 0.070594 -0.268469 -0.203460 -0.411614 -0.146806 -0.160402 -0.284321 -0.407496 -0.095850 0.169799 0.141700 0.001102 -0.047235 -0.437313 -0.193069 0.622910 1.000000 -0.160507 0.075936 -0.261636 0.071382 0.053914 0.024124 -0.249778 -0.158090 -0.186246 -0.213286 0.431152 0.701428 0.061613 0.184338 0.066520 0.040829 -0.025106 -0.111149 0.316187 0.098073 0.190468 0.114972 0.309079 0.048701 0.146374 0.325307 0.128736 -0.034082 -0.045789 0.050991 0.050161 0.066910 0.006409 0.168363 -0.134827 -0.000208 -0.145165 0.014881 0.198489 0.177660 -0.328793 -0.462678 -0.169861 -0.284583 0.325332 0.278126 -0.105977 -0.320621 -0.325465 -0.440993 0.067268 -0.000475 -0.105165 -0.030539 0.451763 0.307956 0.302760 0.143847 0.311608 0.166902 0.566076 0.662819 0.512288 0.642083 -0.051732 -0.007948 0.085722 0.142633 0.070029 -0.032297 -0.433582 -0.347381 -0.379077 -0.161754 -0.184070 -0.220761 0.065261 -0.004856 -0.026156 0.135770 0.087703 -0.065034 -0.303439 -0.260551 -0.164805 -0.131465 -0.027913 0.271655 -0.009423 -0.348500 -0.071552 0.111013 0.123519 0.128908 -0.151362 -0.047612 -0.117810 -0.024542
0.357752 0.050525 0.363038 0.261912 -0.246346 -0.268599 -0.064909 -0.001140 -0.155744 -0.110957 -0.010779 -0.035190 -0.154422 0.035075 -0.120994 -0.168667 0.016275 -0.160507 1.000000 0.591490 0.106632 -0.085615 0.011748 -0.064475 -0.102366 -0.078781 -0.064294 -0.146452 -0.088727 -0.116374 -0.009319 -0.015843 0.327722 0.193816 -0.080504 -0.099038 -0.175958 -0.151348 -0.078466 -0.131070 -0.121831 -0.079355 0.013509 0.013692 -0.117065 -0.131520 -0.106577 -0.087535 -0.048074 -0.151228 -0.225096 -0.148593 -0.195651 -0.106220 0.018381 -0.158812 0.144226 -0.001867 -0.083507 0.101000 -0.162465 0.021074 -0.039143 -0.142888 -0.158484 -0.212020 -0.135150 -0.148057 0.202580 0.113050 0.099352 0.009143 -0.135140 -0.130381 -0.063481 0.043048 0.099589 0.189663 -0.078231 -0.092836 -0.001670 -0.173405 0.096866 -0.013569 -0.156259 -0.224165 0.010783 0.121318 0.034736 -0.011159 -0.008918 0.050243 -0.017029 -0.011368 -0.093658 -0.044064 -0.215377 -0.078584 0.023434 0.088831 -0.093217 0.160906 0.148094 0.212930 0.184043 0.100935 0.164343 0.294045 0.081039 -0.077414 -0.145944 0.014199 0.224521 0.116255 0.012815 0.099228
0.183921 0.323700 -0.148877 -0.191716 -0.196784 -0.246788 -0.196279 -0.196675 -0.176878 -0.001868 -0.029342 -0.181643 -0.155975 -0.110976 -0.169283 -0.032532 0.260949 0.075936 0.591490 1.000000 0.023896 -0.183261 -0.274030 -0.199261 -0.362139 -0.353618 -0.108005 -0.347212 0.221330 0.136716 -0.104423 -0.141507 0.289972 0.260718 -0.287154 -0.156089 -0.040574 -0.207425 -0.162039 -0.215272 0.011204 -0.138041 0.027070 0.055371 -0.099443 -0.169636 -0.024082 0.072181 -0.196186 -0.293911 -0.484055 -0.322631 -0.172657 -0.060577 0.030409 -0.044732 0.103639 0.156241 -0.295158 -0.146403 -0.304489 -0.123551 0.104044 -0.005317 -0.293919 -0.427016 -0.182724 -0.211666 0.597960 0.590533 -0.128100 -0.099055 -0.018989 -0.116712 -0.132825 -0.142097 0.095167 0.081436 0.101791 0.245411 0.356986 0.110302 0.247388 0.142614 -0.252674 -0.317372 0.071736 0.063543 -0.068068 -0.139842 0.150988 0.267644 0.038404 0.217138 0.174148 0.043292 0.010868 0.132238 0.284209 0.210698 -0.029018 0.285602 0.288842 0.356033 0.167851 0.162958 0.081764 0.164294 0.154881 0.062176 0.101463 0.320316 0.364188 0.074242 -0.111948 0.217670
0.230408 0.238147 -0.028526 0.237691 0.110643 -0.021666 0.019262 0.030612 0.017913 -0.156048 -0.081344 -0.048435 -0.141066 -0.302211 0.114395 0.044880 -0.193442 -0.261636 0.106632 0.023896 1.000000 0.302958 -0.112345 -0.125502 0.033009 -0.009710 0.010235 0.152177 -0.114020 -0.062221 0.014390 0.015609 0.248493 0.145706 0.274876 0.040777 0.087083 0.219364 0.190346 0.040847 0.152158 0.413517 -0.025511 -0.139848 -0.059218 -0.106487 0.047057 -0.080421 -0.126796 -0.057626 -0.021773 -0.111398 0.169829 0.046480 0.184240 0.041064 0.071258 0.078919 0.073386 0.085597 -0.020918 -0.021697 0.072248 0.045319 0.034451 0.003683 0.071137 0.133981 0.061865 0.014672 0.154889 0.071438 -0.149406 0.187146 0.143325 0.246343 0.036895 0.086962 -0.142212 -0.102305 0.002690 0.065149 0.361568 0.184374 0.044851 0.084534 0.252273 0.192978 0.390848 0.367908 -0.111111 -0.250484 -0.115109 0.013939 -0.100352 -0.000259 0.059623 -0.219225 -0.135813 -0.275798 0.133131 0.060473 -0.059283 -0.080989 -0.200486 -0.254997 -0.022592 0.005577 -0.031181 0.034943 -0.238806 -0.454192 -0.176327 -0.144723 0.016632 -0.313303
-0.062294 -0.116919 0.090109 0.029225 -0.154010 -0.148818 0.133984 0.071795 -0.201280 -0.236935 -0.010480 0.040408 -0.030325 0.060300 -0.145411 -0.197973 -0.085808 0.071382 -0.085615 -0.183261 0.302958 1.000000 0.149415 0.081140 -0.035758 0.148652 -0.185576 0.215960 0.078607 0.193147 0.179584 0.384338 -0.092070 0.094452 0.255661 0.156187 0.132071 0.160189 0.292734 0.073765 0.202544 0.189423 0.098825 0.107574 -0.005060 0.040797 -0.177055 -0.020394 -0.079546 0.146420 0.008899 0.016511 -0.132180 -0.050588 0.313136 0.039017 -0.045431 -0.154777 -0.062266 -0.157478 -0.035049 -0.140094 0.061191 -0.065829 -0.040198 0.054489 -0.092966 0.026188 -0.176571 -0.214451 0.229909 0.374474 0.306775 0.252634 0.278878 0.344296 -0.076130 0.076453 0.072629 0.027876 -0.124316 -0.042903 0.101568 0.003295 0.025127 0.109142 0.404689 0.282999 0.229517 0.270648 -0.206691 -0.187744 -0.078349 -0.248894 -0.089183 -0.022778 0.158153 -0.021498 -0.094258 -0.074324 0.056798 -0.169392 -0.283414 -0.144396 0.040779 0.141629 -0.062059 -0.193542 0.140646 0.228267 0.085568 -0.195611 -0.050727 0.007975 -0.131131 -0.165620
-0.344043 -0.272270 0.513296 0.328015 -0.334277 -0.187364 0.028957 -0.116890 -0.231716 -0.344769 -0.044785 0.119572 -0.222426 -0.210957 0.096643 -0.406692 -0.061583 0.053914 0.011748 -0.274030 -0.112345 0.149415 1.000000 0.821532 0.231167 0.579821 -0.225079 0.193735 -0.036051 -0.001621 0.530897 0.485949 -0.152715 -0.096422 0.152615 -0.031714 0.007156 0.094989 0.044574 0.041619 -0.006524 -0.064589 -0.089092 0.045928 0.172563 0.050312 0.055704 0.050554 0.330943 0.295792 0.397807 0.225501 -0.075196 -0.040750 -0.095318 -0.055155 -0.182979 -0.154077 -0.316633 -0.272615 -0.218901 -0.277758 -0.205866 -0.135187 0.374043 0.069255 -0.213006 -0.066941 -0.262911 -0.398403 0.171703 0.099431 0.036195 0.091272 0.139659 0.110311 0.123311 0.160657 -0.052002 -0.007000 -0.158700 -0.022846 0.037071 0.155804 0.480332 0.386831 0.119612 0.128395 -0.030137 0.022756 -0.151926 -0.017218 0.149904 -0.100588 -0.000255 -0.023909 0.018049 -0.067853 -0.096970 0.016334 -0.084349 -0.335775 -0.188161 -0.175245 -0.144473 0.030296 -0.012462 -0.199670 -0.071366 0.084709 0.075509 0.064914 -0.152866 0.193158 0.200024 -0.032757
-0.425707 -0.219273 0.279211 0.396059 -0.247148 -0.060237 0.024003 -0.057442 -0.132470 -0.206527 -0.099427 0.104511 -0.242149 -0.285936 0.110315 -0.223377 -0.138864 0.024124 -0.064475 -0.199261 -0.125502 0.081140 0.821532 1.000000 0.115726 0.539478 -0.324783 0.124776 -0.086304 -0.020618 0.441987 0.385326 -0.278882 -0.196970 0.109516 -0.022171 0.002316 0.162766 -0.074055 -0.019665 -0.008084 -0.167832 -0.115452 0.003988 0.055061 0.037805 0.117845 0.091607 0.265855 0.180809 0.349463 0.216642 -0.066982 -0.056686 -0.088548 0.001509 -0.308531 -0.208824 -0.327463 -0.265879 -0.317118 -0.260316 -0.337998 -0.234675 0.356004 0.158308 -0.255282 0.018836 -0.237972 -0.362924 0.134306 0.224395 -0.079251 0.106521 -0.013015 0.144214 0.037645 0.178602 -0.191631 -0.065864 -0.221918 -0.096364 0.107857 0.312568 0.432389 0.420627 0.107720 0.209944 0.056073 0.078786 0.025905 0.063918 0.289024 -0.117701 0.044776 0.111613 0.091264 0.025001 0.025373 0.045072 -0.076648 -0.328964 -0.178335 -0.205883 -0.095040 0.056506 -0.041234 -0.076692 0.007555 0.149586 0.128833 0.159462 -0.059991 0.136120 0.158683 -0.008190
-0.019159 -0.336916 0.243982 0.160894 0.502957 0.596578 0.091739 0.055584 0.478669 0.404829 -0.265304 -0.213549 -0.048151 -0.156691 0.189227 0.369646 -0.300732 -0.249778 -0.102366 -0.362139 0.033009 -0.035758 0.231167 0.115726 1.000000 0.594406 0.469252 0.550100 -0.274037 -0.240178 0.179719 0.100298 -0.000796 -0.057183 0.188451 0.132078 -0.213844 -0.063624 -0.104978 -0.103741 -0.173803 -0.022849 -0.048843 -0.114699 0.079982 0.145480 0.008931 -0.000272 0.311163 0.255985 0.319704 0.236912 0.340143 0.061829 -0.239118 -0.018384 -0.007911 -0.112927 0.241921 0.272103 0.073334 0.061961 -0.136753 -0.074218 0.100785 0.121370 0.194782 0.271562 -0.228271 -0.195373 -0.018419 -0.177145 -0.283399 -0.133715 -0.117178 -0.191018 -0.121978 -0.181029 -0.200031 -0.246285 -0.282400 -0.165488 -0.247249 -0.149297 0.063684 -0.006241 -0.435571 -0.378466 -0.146119 -0.078844 -0.121794 -0.212803 -0.185906 -0.075805 -0.170636 0.080355 -0.138190 -0.146264 -0.183589 -0.127683 -0.048519 -0.316340 -0.184267 -0.201084 -0.303252 -0.287291 -0.024781 0.036977 -0.074588 -0.088148 -0.216212 -0.121756 -0.136401 0.031461 0.055677 -0.132265
-0.311606 -0.252218 0.403941 0.105319 -0.062748 0.114585 0.088850 -0.035023 0.017201 -0.102754 -0.338595 -0.020217 -0.240974 -0.245863 0.064296 -0.144182 -0.302907 -0.158090 -0.078781 -0.353618 -0.009710 0.148652 0.579821 0.539478 0.594406 1.000000 -0.181268 0.313076 -0.368731 -0.195037 0.375489 0.454118 -0.214375 -0.095019 0.312272 0.331098 -0.197512 0.031876 -0.096483 -0.087680 -0.081021 -0.167851 -0.087761 0.036832 0.025889 0.179347 -0.113782 0.065954 0.099409 0.045521 0.235682 0.038644 -0.061048 -0.090572 -0.275113 -0.152385 -0.328776 -0.121767 -0.047730 -0.010093 -0.156291 -0.041098 -0.307639 -0.191035 0.358597 0.191443 0.051165 0.384959 -0.283367 -0.282751 0.177870 0.052773 -0.290522 -0.102818 -0.078467 -0.028924 -0.107225 0.134573 -0.220898 -0.209534 -0.400278 -0.187796 -0.090282 0.004821 0.414813 0.243791 -0.148527 -0.014237 -0.065296 0.030955 0.071699 0.082308 0.150560 0.036158 -0.179275 0.128715 -0.047569 -0.141645 -0.120736 -0.059188 0.083893 -0.196188 -0.065909 -0.071952 -0.071572 -0.069274 -0.101379 -0.196583 0.001758 0.155633 0.087023 0.149183 -0.025803 0.247979 0.172379 0.008994
0.270977 -0.138610 -0.011362 0.061299 0.593019 0.556146 -0.101216 0.233344 0.511555 0.596056 -0.140104 -0.193934 0.007993 0.188875 0.155398 0.455632 -0.031926 -0.186246 -0.064294 -0.108005 0.010235 -0.185576 -0.225079 -0.324783 0.469252 -0.181268 1.000000 0.538808 -0.152658 -0.103493 -0.176478 -0.370851 0.138740 -0.137924 -0.244033 -0.222677 -0.080530 -0.217391 0.124658 0.066033 -0.226047 0.211579 -0.046580 -0.187243 -0.027773 0.074975 0.018767 -0.221717 0.171820 0.221600 -0.023229 0.255455 0.290643 0.257505 0.112251 0.164417 0.350891 0.049512 0.280680 0.330602 0.210157 0.127776 0.132607 0.120503 -0.224239 0.058078 0.211085 -0.052632 0.094976 0.075938 -0.200267 -0.251207 -0.110918 -0.052204 -0.099742 -0.212743 -0.174764 -0.482103 0.045804 -0.019822 0.023470 -0.090045 -0.356539 -0.231656 -0.292188 -0.192928 -0.282328 -0.340675 -0.014785 -0.017185 -0.166635 -0.238490 -0.254617 -0.007890 0.020458 -0.134713 -0.180103 0.005668 -0.046132 0.033620 -0.117222 -0.067858 -0.112288 -0.125861 -0.174364 -0.200181 -0.042108 0.266572 -0.009382 -0.382496 -0.410465 -0.251136 -0.079283 -0.123741 0.019263 -0.078069
0.076552 -0.095207 0.168501 0.192621 0.319177 0.432986 -0.107313 0.140180 0.194046 0.180622 -0.225602 -0.105653 -0.112923 0.018549 0.198901 0.186813 -0.250117 -0.213286 -0.146452 -0.347212 0.152177 0.215960 0.193735 0.124776 0.550100 0.313076 0.538808 1.000000 -0.394216 -0.246153 -0.042146 -0.195590 -0.111774 -0.282942 -0.052898 -0.096193 -0.244139 -0.132024 0.179474 0.149733 -0.292511 0.188531 -0.078799 -0.133351 -0.173038 0.020240 0.034757 -0.002154 0.208804 0.250390 0.227306 0.362264 0.266583 0.189451 0.236990 0.168218 0.174582 0.076061 0.187947 0.272843 0.035679 -0.019022 -0.171725 -0.078376 0.007659 0.306601 0.118692 0.262021 -0.015980 -0.061398 -0.039124 -0.087506 -0.342502 -0.108426 -0.170674 -0.117815 -0.342343 -0.414177 -0.137814 -0.097671 -0.315498 -0.242727 -0.241401 -0.088544 0.059533 0.167660 -0.057899 -0.015847 0.233983 0.381167 -0.041664 -0.165764 -0.011447 -0.036873 -0.016330 -0.160796 0.042689 -0.091451 -0.133852 -0.130664 0.045021 -0.306850 -0.236966 -0.265592 -0.117117 -0.118936 -0.118149 0.046250 0.036483 -0.168709 -0.164479 -0.266751 -0.264919 -0.086543 0.016768 -0.147941
-0.134200 -0.091400 -0.266102 -0.281182 -0.063172 -0.113627 0.064049 -0.290430 0.000284 -0.021192 0.312969 -0.001016 0.232101 -0.098201 0.022935 0.069152 0.426535 0.431152 -0.088727 0.221330 -0.114020 0.078607 -0.036051 -0.086304 -0.274037 -0.368731 -0.152658 -0.394216 1.000000 0.588375 0.215358 0.223849 0.116508 0.193084 -0.094665 -0.117437 0.515513 0.140370 0.149243 -0.066464 0.505433 0.085906 0.092290 0.039155 0.274139 -0.034591 0.162988 -0.002146 0.018515 0.108402 -0.101107 -0.182215 0.118638 0.130195 0.006451 0.077174 0.005324 -0.119401 -0.219369 -0.413620 -0.012867 -0.259799 0.528874 0.146147 -0.083811 -0.553343 -0.245119 -0.604794 -0.085152 -0.089540 -0.101778 0.116711 0.694449 0.304825 0.366384 0.123796 0.313915 0.142248 0.219682 0.325253 0.554080 0.432664 0.388179 0.299589 -0.088744 -0.136191 0.162580 -0.027503 -0.291424 -0.353895 -0.272796 -0.104441 -0.406499 -0.214156 0.169635 0.136416 0.135159 0.142046 0.113426 0.066082 -0.298062 -0.037942 -0.057487 -0.038823 -0.149489 0.011375 0.005014 -0.125279 -0.037499 0.219536 0.026680 0.200549 0.123202 -0.096252 -0.016352 0.113684
-0.139755 -0.034938 -0.294142 -0.297894 -0.306698 -0.140001 -0.114082 -0.195489 -0.277778 -0.090220 0.196998 0.022356 0.058244 -0.032959 -0.344261 -0.179338 0.515141 0.701428 -0.116374 0.136716 -0.062221 0.193147 -0.001621 -0.020618 -0.240178 -0.195037 -0.103493 -0.246153 0.588375 1.000000 0.263570 0.335143 0.169896 0.243262 0.017666 -0.042045 0.455072 0.283490 0.326182 0.120885 0.420863 0.151802 0.092409 0.232546 0.205592 0.024108 -0.000694 -0.047523 0.084879 0.073750 -0.085249 0.090153 -0.037228 -0.003294 -0.000244 0.123497 0.051456 -0.041572 -0.335005 -0.428117 -0.163187 -0.214838 0.342348 0.156460 -0.218924 -0.458431 -0.406459 -0.583162 -0.013077 -0.129391 0.020147 0.095168 0.650306 0.415971 0.428837 0.275787 0.397168 0.275260 0.433900 0.522265 0.519170 0.555716 0.037347 0.001029 -0.152371 -0.096658 0.181718 -0.017290 -0.404839 -0.328381 -0.359732 -0.193939 -0.226943 -0.282362 0.152244 0.171602 0.130162 0.227702 0.189156 0.110860 -0.161569 -0.119463 -0.129885 -0.085709 -0.082469 0.174200 0.109400 -0.236924 0.058615 0.237138 0.083105 0.162909 0.101389 0.084522 0.069407 -0.003753
-0.279837 -0.391254 0.270997 0.102217 -0.092363 -0.005511 0.178010 -0.142969 0.022519 -0.071373 0.130449 0.106997 0.008293 -0.209787 -0.118501 -0.143869 -0.174838 0.061613 -0.009319 -0.104423 0.014390 0.179584 0.530897 0.441987 0.179719 0.375489 -0.176478 -0.042146 0.215358 0.263570 1.000000 0.775279 0.033905 0.167083 0.301077 0.037908 0.029520 0.122101 0.072187 -0.037133 0.183601 -0.041854 -0.017238 0.064076 0.332660 0.109965 -0.072738 -0.087202 0.117079 0.235616 0.156244 -0.048168 -0.203554 -0.055058 -0.219959 0.059008 -0.393549 -0.437383 -0.276851 -0.330678 -0.180674 -0.244808 -0.154813 -0.218510 0.297687 -0.059431 -0.228686 -0.107712 -0.299567 -0.385671 0.172887 0.365698 0.252917 0.135599 0.147716 0.295927 0.221011 0.300193 -0.056054 -0.104800 -0.104982 -0.071141 0.107641 0.139849 0.094285 -0.124261 -0.046246 -0.109161 -0.155267 -0.376649 -0.152569 0.077142 -0.057329 -0.076017 0.113801 0.307364 0.115079 0.090419 0.000570 0.080413 -0.121104 -0.054431 -0.067035 -0.078274 -0.058431 0.036710 -0.115647 -0.123281 0.197605 0.381774 0.144033 0.110027 0.007121 0.155039 0.051046 0.012187
-0.349800 -0.400973 0.273774 0.038502 -0.276438 -0.189494 0.205400 -0.106964 -0.171171 -0.277997 -0.005625 0.133981 -0.144313 -0.242402 -0.335998 -0.288491 -0.085375 0.184338 -0.015843 -0.141507 0.015609 0.384338 0.485949 0.385326 0.100298 0.454118 -0.370851 -0.195590 0.223849 0.335143 0.775279 1.000000 0.045253 0.335126 0.504358 0.338625 0.175236 0.115988 0.101717 0.012250 0.284858 -0.013842 0.122119 0.239635 0.420754 0.292484 -0.092387 -0.008924 0.013936 0.182624 0.157677 -0.097200 -0.240523 -0.188664 -0.268355 -0.044413 -0.376918 -0.405076 -0.376778 -0.420624 -0.232813 -0.205030 -0.157119 -0.208893 0.258732 -0.102382 -0.233920 -0.022751 -0.379668 -0.423167 0.293698 0.397237 0.321319 0.207417 0.202761 0.329585 0.225772 0.431123 0.032812 -0.038526 -0.055613 0.061601 0.113168 0.149722 0.211299 0.046740 0.017452 -0.033882 -0.244954 -0.333591 -0.259620 -0.073122 -0.114181 -0.215659 -0.049108 0.272872 0.055746 0.003316 -0.058261 -0.024239 -0.166027 -0.116613 -0.210733 -0.090173 -0.063401 0.148844 -0.192846 -0.310006 0.123748 0.438820 0.219421 0.087249 0.008779 0.226036 0.121514 0.010753
0.326517 0.129338 0.039513 0.048944 0.025083 -0.099042 -0.024803 0.054295 0.046805 -0.103049 0.014597 -0.045415 0.030694 -0.073877 -0.063747 0.003039 0.091507 0.066520 0.327722 0.289972 0.248493 -0.092070 -0.152715 -0.278882 -0.000796 -0.214375 0.138740 -0.111774 0.116508 0.169896 0.033905 0.045253 1.000000 0.737948 0.015085 -0.087381 -0.045997 -0.000313 0.142778 -0.014898 0.013630 0.364887 0.005390 -0.036410 0.145295 0.017988 -0.002781 -0.093279 -0.016966 0.143466 -0.150835 -0.143841 -0.083315 0.038432 -0.125196 -0.085171 0.382198 0.116522 0.031757 -0.055754 0.163262 0.032737 0.269825 0.218951 -0.044366 -0.138978 0.055009 -0.221907 0.203701 0.038416 -0.260185 -0.278819 0.086560 0.001609 0.103538 -0.043371 0.193797 0.046239 0.064083 0.139686 0.289370 0.152873 -0.002001 -0.078054 -0.308244 -0.334864 -0.014462 -0.076570 -0.139850 -0.177053 -0.421125 -0.269251 -0.375226 -0.175794 -0.142231 -0.090063 -0.078348 -0.095161 -0.267054 -0.078866 -0.233547 -0.028843 -0.047010 -0.150586 -0.183451 -0.115514 -0.007203 0.027475 -0.147226 -0.007677 -0.224506 -0.212048 -0.080195 -0.042184 -0.070721 -0.178667
0.105797 0.026194 0.042979 -0.085589 0.004229 -0.175057 0.180036 0.114823 0.055648 -0.171012 0.105397 0.007163 0.108980 -0.051536 -0.123360 -0.058972 0.005027 0.040829 0.193816 0.260718 0.145706 0.094452 -0.096422 -0.196970 -0.057183 -0.095019 -0.137924 -0.282942 0.193084 0.243262 0.167083 0.335126 0.737948 1.000000 0.265679 0.330162 -0.004695 0.024335 0.082941 -0.107563 0.090167 0.228736 0.045444 -0.006972 0.348406 0.249305 -0.060541 0.004212 -0.117615 0.065483 -0.215909 -0.305545 -0.139358 -0.097492 -0.235988 -0.189720 0.030419 -0.087102 -0.031517 -0.142319 0.206194 0.110348 0.203749 0.106008 0.119346 -0.115191 -0.041237 -0.051609 0.009096 -0.052688 -0.091088 -0.070771 0.151109 -0.051156 0.034462 -0.040924 0.145339 0.188543 -0.090608 0.026169 0.222280 0.069788 0.140440 0.013035 -0.248940 -0.385085 -0.015655 -0.061294 -0.188668 -0.292265 -0.297875 -0.231559 -0.277209 -0.253286 -0.035364 0.033682 -0.033319 -0.099428 -0.347348 -0.117538 -0.176810 -0.081766 -0.201205 -0.185481 -0.223896 -0.094704 -0.111672 -0.119776 -0.093575 0.131791 -0.039120 -0.092087 -0.002002 0.068726 -0.077373 -0.104562
-0.106506 -0.264874 0.091447 0.134808 -0.053499 -0.083530 0.163591 0.004416 -0.025563 -0.185325 0.106177 0.145850 0.011917 -0.171785 -0.191678 -0.142491 -0.184522 -0.025106 -0.080504 -0.287154 0.274876 0.255661 0.152615 0.109516 0.188451 0.312272 -0.244033 -0.052898 -0.094665 0.017666 0.301077 0.504358 0.015085 0.265679 1.000000 0.703659 0.120862 0.211736 0.103863 0.067384 0.105774 0.148865 0.036650 0.116472 0.335244 0.340544 -0.086386 -0.008629 -0.102251 0.087359 0.150617 -0.041609 -0.080709 -0.195562 -0.297607 -0.140141 -0.201654 -0.231091 -0.147546 -0.174706 -0.102652 -0.107503 -0.212662 -0.271923 0.282182 0.095521 -0.089512 0.317163 -0.354764 -0.384730 0.315298 0.303969 0.054264 0.168092 0.201974 0.388646 0.256638 0.434366 -0.111460 -0.107615 -0.144867 0.029212 0.147308 0.063044 0.229138 0.143011 -0.015606 0.019403 -0.055115 -0.059345 -0.235737 -0.188206 -0.052968 -0.197533 -0.105789 0.128344 -0.030299 -0.081120 -0.205197 -0.197721 -0.024186 -0.220746 -0.285728 -0.261468 -0.224392 -0.028869 -0.060369 -0.258705 0.021663 0.347231 0.077227 -0.168839 -0.148801 0.006031 0.079732 -0.234213
-0.219173 -0.208478 0.029471 -0.126488 -0.012618 -0.058306 0.181572 0.142336 -0.000463 -0.035581 -0.094761 0.097027 0.037612 0.014382 -0.083837 0.016895 -0.159277 -0.111149 -0.099038 -0.156089 0.040777 0.156187 -0.031714 -0.022171 0.132078 0.331098 -0.222677 -0.096193 -0.117437 -0.042045 0.037908 0.338625 -0.087381 0.330162 0.703659 1.000000 0.100361 0.058464 -0.057643 -0.074106 0.008780 0.018572 0.054066 0.096078 0.280594 0.430120 -0.070520 0.074973 -0.242098 0.001784 -0.108288 -0.057272 -0.064586 -0.066184 -0.349416 -0.266355 -0.302416 -0.157790 -0.066771 -0.070402 -0.016412 0.003330 -0.183078 -0.226505 0.167856 0.003958 -0.005403 0.371440 -0.299227 -0.229867 0.297014 0.231952 -0.056574 0.054088 -0.000486 0.157662 0.054210 0.302108 -0.196516 -0.134626 -0.115924 0.017906 0.155023 0.100332 0.162947 0.096956 -0.168082 -0.056437 -0.170793 -0.111170 -0.017834 -0.072479 -0.006176 -0.133123 -0.095666 0.126367 -0.156573 -0.098234 -0.193295 -0.169593 -0.016842 -0.191738 -0.306217 -0.230998 -0.226419 -0.060198 -0.163126 -0.350814 0.039410 0.204563 0.072518 0.018644 0.033021 0.093871 0.028864 -0.097339
