1.000000 0.106497 0.376697 0.075278 -0.137571 -0.235841 0.196703 0.159635 -0.357522 -0.280750 0.442616 -0.076264 0.203037 0.138357 -0.340921 -0.046393 0.227737 -0.013270 0.304432 0.053563 -0.292885 -0.165911 0.106609 0.123715 -0.379375 -0.435643 -0.088928 -0.129762 0.120603 -0.348086 -0.094248 -0.007217 0.019859 -0.038222 -0.153155 -0.003299 -0.270297 -0.294866 -0.158138 -0.004984 -0.106759 -0.244094 -0.306712 -0.267526 -0.474261 -0.174963 -0.000516 -0.195724 -0.340529 -0.340348 -0.253608 -0.099547 -0.073441 -0.134555 -0.092385 0.054909 0.683751 0.254984 0.065077 -0.007925 0.106407 -0.084497 0.351563 -0.081674 -0.219070 -0.404466 -0.390520 -0.269414 -0.027564 -0.149327 -0.053202 -0.072321 -0.075527 -0.420933 -0.138392 -0.127807 -0.148365 -0.010489 -0.021388 -0.061547 0.011557 0.135081 -0.278329 0.249153 -0.406874 -0.041885 -0.355364 0.119905 0.010178 0.294407 -0.066831 -0.018677 0.149027 0.123892 -0.162039 -0.213598 -0.064168 -0.150338 -0.101727 0.318417 0.161456 0.268420 0.291046 0.277229 0.326850 0.180592 -0.017968 0.193780 -0.152302 -0.098713 -0.181287 0.163561 0.232462 0.147075 -0.115668 -0.024620
0.106497 1.000000 0.162526 0.562381 0.204623 0.053895 -0.003593 0.343963 0.063897 0.104806 -0.150579 -0.236001 0.036091 -0.439968 0.257981 0.043247 -0.290777 0.016792 0.309683 0.176066 0.026821 -0.012585 -0.066940 0.052572 0.008885 -0.136979 0.276958 -0.148937 -0.360492 -0.213865 -0.174346 -0.395198 -0.551359 -0.448508 -0.433118 -0.296592 -0.275842 -0.407946 -0.105791 -0.109611 -0.050858 -0.444841 -0.445329 -0.547960 -0.211941 -0.191328 -0.354487 -0.489053 -0.147703 0.030632 0.000681 -0.003637 0.293864 -0.398033 0.231413 -0.113598 0.264822 0.831766 0.351508 0.666450 0.011164 0.580967 0.132491 0.271196 0.068983 0.313500 0.218707 -0.015510 0.433476 0.033516 -0.425278 -0.411417 -0.426954 -0.281354 -0.331963 -0.303579 -0.289266 -0.357034 -0.027642 0.063135 -0.276384 -0.029369 0.240388 0.059395 -0.135271 -0.063862 -0.035092 -0.300144 0.548287 0.366585 0.263419 -0.209972 0.126894 0.060738 -0.073310 -0.121794 -0.179357 -0.169501 0.294002 0.034396 0.046487 0.190382 0.215990 0.121709 0.250446 0.026360 0.236511 0.160530 -0.004775 -0.470021 -0.578978 -0.279536 0.058833 0.042137 0.207166 0.197783
0.376697 0.162526 1.000000 0.318765 -0.017614 -0.134482 0.831078 0.804898 -0.324114 -0.110659 0.132674 0.031676 0.164375 0.020403 -0.429981 0.010650 -0.159974 0.008207 0.015374 -0.082846 -0.584805 -0.151164 0.646079 0.523597 -0.231255 -0.381807 -0.030246 -0.326076 -0.289872 -0.255487 -0.433155 -0.201746 -0.300547 -0.176755 -0.306268 -0.159980 -0.478219 -0.428269 -0.129447 -0.047933 -0.376504 -0.333422 -0.332037 -0.442839 -0.029975 -0.010798 -0.419319 -0.532220 -0.023012 -0.050932 0.060748 0.042099 0.188361 -0.309999 0.097510 -0.175707 0.257093 0.190029 0.222216 0.263417 0.265837 0.219231 0.101643 -0.072764 0.092874 -0.000467 -0.002918 -0.022396 -0.153358 -0.190456 -0.071319 -0.109379 -0.268530 -0.433703 -0.438604 -0.394910 -0.528774 -0.157568 -0.195322 -0.319884 -0.372973 -0.202944 -0.084443 0.058018 -0.523643 -0.122224 -0.505719 -0.423085 0.277137 0.309418 0.079642 -0.205557 0.233366 0.065835 0.022180 -0.389309 -0.289682 -0.333292 -0.074804 -0.030373 0.135278 0.145422 0.304196 0.064085 0.268142 0.109035 -0.108588 0.158454 -0.240565 -0.379200 -0.450673 -0.145179 0.117832 -0.113438 -0.266546 -0.120714
0.075278 0.562381 0.318765 1.000000 0.175525 0.180655 0.186392 0.582710 -0.175743 0.130111 -0.074457 -0.123158 -0.006803 -0.501082 0.034366 -0.023228 -0.274895 -0.078214 0.469659 0.365749 0.011492 0.084690 0.178447 0.199198 0.076337 -0.163783 0.327951 0.079713 -0.430079 -0.143321 -0.045692 -0.323186 -0.271979 -0.225636 -0.140087 -0.016267 -0.310844 -0.319402 -0.085902 0.029625 -0.392716 -0.349371 -0.451276 -0.531748 -0.349325 -0.548536 -0.420652 -0.435297 -0.325246 -0.335252 0.050762 -0.302677 0.451888 -0.494955 0.062713 -0.147985 0.136695 0.477523 -0.062838 0.434636 -0.295169 0.426051 -0.032687 -0.157178 0.056782 0.095964 0.055400 -0.220420 0.351066 -0.147167 0.009710 -0.043261 -0.340694 -0.212648 -0.327776 0.001046 -0.330120 -0.125955 -0.027859 -0.082815 -0.494549 -0.218934 0.025432 0.120349 -0.189361 -0.081751 -0.356007 -0.272520 0.577951 0.429584 -0.143604 -0.574264 -0.014114 -0.194124 -0.021704 -0.388619 -0.060694 -0.470171 0.048532 -0.236177 -0.147990 0.165461 0.043965 0.144306 0.285223 0.128268 0.051725 0.034964 -0.209909 -0.453251 -0.641918 -0.171260 -0.180370 -0.290403 0.141065 0.061787
-0.137571 0.204623 -0.017614 0.175525 1.000000 0.789602 -0.224288 0.006182 0.672014 0.818464 -0.172433 -0.277127 -0.029913 -0.184976 0.608592 0.376002 -0.372669 -0.080845 -0.149303 -0.135638 0.184040 0.145497 -0.062216 -0.141140 0.732977 0.624216 0.875005 0.475562 -0.500677 -0.109217 -0.156641 -0.368775 -0.304792 -0.388719 -0.386175 -0.280966 -0.107797 0.056317 0.241671 0.458822 -0.074048 -0.141217 -0.282792 -0.222941 -0.211608 -0.091548 -0.181481 -0.114776 0.026029 -0.015251 -0.128059 -0.165619 0.220809 -0.270741 0.179640 0.078536 0.071562 0.090770 0.380417 0.322010 -0.160060 0.138482 -0.321080 -0.190204 -0.122629 0.147768 0.163647 0.120124 0.240723 0.242442 0.032242 -0.045291 -0.380199 -0.174126 -0.383244 -0.301003 -0.413159 -0.180162 -0.522844 -0.210275 -0.367066 -0.427913 0.555019 -0.031102 -0.189096 -0.315027 -0.106009 -0.161507 0.394170 0.035923 0.119533 -0.181454 0.048956 0.158119 -0.023125 -0.161864 0.198520 -0.159545 -0.117363 -0.101530 0.087616 0.309376 0.116995 0.336253 0.314490 0.050393 0.328244 0.144398 -0.129347 -0.061715 -0.008773 -0.084722 0.108038 -0.262703 -0.087248 -0.159115
-0.235841 0.053895 -0.134482 0.180655 0.789602 1.000000 -0.175104 -0.041924 0.533237 0.896224 0.000048 -0.037416 -0.010528 -0.196997 0.564375 0.173745 -0.090556 0.203992 -0.194403 -0.121343 0.465341 0.270550 0.016959 -0.086385 0.865426 0.800048 0.757408 0.736140 -0.409141 0.115283 -0.092782 -0.142233 -0.204765 -0.262998 -0.241771 -0.240180 -0.090708 0.167903 0.195906 0.405837 -0.073923 -0.020711 -0.108995 -0.174044 -0.225858 -0.158050 -0.297827 -0.124157 -0.133972 -0.148130 -0.206686 -0.358833 0.115575 -0.192932 -0.027999 0.034159 -0.046720 -0.045947 0.043968 0.056433 -0.254803 0.043622 -0.417760 -0.337363 -0.099554 0.073362 0.008093 0.036755 0.143858 0.218072 0.083997 0.117031 -0.449579 0.032694 -0.269708 -0.105482 -0.366058 -0.116584 -0.288594 -0.042701 -0.204076 -0.263613 0.475757 0.069954 -0.004455 -0.153735 -0.104523 0.001250 0.260808 -0.025639 -0.087143 -0.205549 -0.051109 0.087496 -0.023080 -0.204886 0.218622 -0.242183 -0.078587 -0.123718 0.078609 0.225252 0.129786 0.244987 0.226435 0.154475 0.111639 0.021586 -0.131939 -0.078261 -0.033908 -0.005849 0.024115 -0.273972 0.033739 0.037740
0.196703 -0.003593 0.831078 0.186392 -0.224288 -0.175104 1.000000 0.742160 -0.392715 -0.229320 0.162653 0.220423 0.346679 0.057152 -0.364006 -0.191826 -0.057857 0.168468 -0.205008 -0.179020 -0.353958 -0.072946 0.703077 0.564301 -0.254024 -0.345859 -0.178423 -0.217628 -0.280995 -0.099172 -0.358562 -0.065347 -0.281769 -0.110136 -0.221508 -0.120401 -0.379818 -0.400861 -0.243834 -0.248438 -0.362190 -0.236546 -0.014050 -0.150027 0.218540 0.106861 -0.320704 -0.372758 0.157587 0.070236 0.205244 0.096899 0.136315 -0.124530 -0.057684 -0.358430 -0.055066 0.099967 0.184943 0.101294 0.387227 0.295248 0.072591 0.108707 0.242773 0.095662 0.040624 0.054246 -0.271830 -0.142783 -0.087511 -0.009914 -0.254008 -0.216552 -0.267763 -0.301829 -0.371011 -0.184349 -0.036296 -0.197361 -0.193616 -0.154939 -0.123568 0.017394 -0.203827 -0.030245 -0.375572 -0.370791 0.087259 0.070228 0.094135 -0.181744 0.210607 0.014707 -0.053696 -0.396570 -0.350523 -0.413343 -0.033867 -0.113893 0.156165 0.087655 0.306435 -0.045774 0.144206 0.003929 -0.241411 -0.095540 -0.243246 -0.318648 -0.364489 -0.037706 0.010243 -0.018908 -0.314019 -0.186547
0.159635 0.343963 0.804898 0.582710 0.006182 -0.041924 0.742160 1.000000 -0.315749 -0.076679 -0.075761 0.117319 0.065958 -0.064072 -0.241988 -0.093519 -0.269657 0.101052 -0.001828 -0.083878 -0.289196 -0.051437 0.516327 0.410236 -0.086695 -0.323492 0.089304 -0.175272 -0.409034 -0.036553 -0.375241 -0.220980 -0.342476 -0.182805 -0.307234 -0.162103 -0.380593 -0.437675 -0.190530 -0.090905 -0.425536 -0.330368 -0.262051 -0.408730 -0.026108 -0.210895 -0.436968 -0.584508 0.026008 -0.092451 0.259372 -0.021515 0.390653 -0.287721 0.125645 -0.309265 0.114674 0.283299 0.198571 0.388023 0.232886 0.510425 0.016783 0.010369 0.156199 0.207074 0.103292 -0.064915 -0.089874 -0.254312 -0.108830 -0.045119 -0.333963 -0.242336 -0.403136 -0.276530 -0.519419 -0.232977 -0.119074 -0.171684 -0.506034 -0.271968 -0.063622 -0.046872 -0.360950 -0.133384 -0.503149 -0.564955 0.390361 0.268248 -0.037125 -0.402284 0.192260 -0.132308 -0.085998 -0.410667 -0.368175 -0.490341 -0.042091 -0.155146 0.073541 0.110489 0.246445 -0.034690 0.309690 0.097980 -0.043303 0.041838 -0.252211 -0.483741 -0.654787 -0.254813 -0.039965 -0.202330 -0.225844 -0.142617
-0.357522 0.063897 -0.324114 -0.175743 0.672014 0.533237 -0.392715 -0.315749 1.000000 0.701100 -0.104471 -0.288870 0.038060 0.039354 0.788448 0.487727 -0.153888 -0.128275 -0.202771 -0.114563 0.267209 0.107270 -0.187633 -0.379786 0.648343 0.688518 0.522546 0.348389 -0.013406 -0.011043 0.038456 -0.180126 -0.199893 -0.258185 -0.271019 -0.231016 0.271650 0.325625 0.220017 0.301630 0.351655 0.169923 -0.058729 -0.012254 -0.023315 0.128082 0.016298 0.163150 0.135186 0.220318 -0.070239 0.084031 -0.013475 -0.001561 0.164694 0.202292 -0.154759 -0.003262 0.166943 0.081407 -0.207810 -0.010272 -0.260202 0.010445 -0.099170 0.209313 0.114445 0.095239 0.121935 0.177489 0.027046 -0.199006 -0.019338 -0.016095 0.030425 -0.148804 0.019691 -0.144609 -0.372643 -0.152530 0.027852 -0.131243 0.515610 -0.121303 0.110197 -0.169242 0.282447 0.179495 0.122578 -0.098185 0.088094 0.152513 -0.069165 0.209831 0.096720 0.233057 0.172324 0.206539 0.008524 -0.007493 0.004372 0.049518 -0.111264 0.057447 -0.097480 -0.114733 0.191160 -0.005859 0.176149 0.258456 0.269897 0.007662 0.042812 -0.175289 -0.167503 -0.116678
-0.280750 0.104806 -0.110659 0.130111 0.818464 0.896224 -0.229320 -0.076679 0.701100 1.000000 -0.027513 -0.158932 0.048832 -0.178699 0.634438 0.440676 -0.207867 -0.024270 -0.101640 -0.021234 0.330677 0.140501 -0.025021 -0.135656 0.854281 0.800716 0.703487 0.525362 -0.381896 -0.028608 -0.056769 -0.249406 -0.240648 -0.307748 -0.352190 -0.334183 -0.042143 0.172409 0.241290 0.442355 0.022576 -0.013012 -0.210479 -0.241856 -0.207890 -0.068077 -0.334700 -0.083212 -0.089337 -0.031460 -0.183042 -0.188008 0.158855 -0.204674 0.039454 0.096749 -0.095694 -0.053751 0.116299 0.182855 -0.244973 0.036031 -0.381180 -0.363881 -0.115646 0.187387 0.062559 0.099804 0.226188 0.228959 0.073591 -0.061947 -0.420986 -0.107991 -0.292902 -0.171595 -0.368141 -0.195010 -0.495722 -0.201952 -0.314247 -0.307621 0.439226 -0.013507 -0.102978 -0.157449 -0.035015 0.001116 0.269094 0.052234 0.019012 -0.031556 -0.075103 0.150154 0.147578 -0.070157 0.227240 -0.145849 -0.038655 -0.110675 -0.001972 0.151054 0.019219 0.204971 0.131197 0.111315 0.094973 0.146418 0.039257 -0.009294 0.000276 -0.024228 0.008392 -0.385839 0.022666 0.106201
0.442616 -0.150579 0.132674 -0.074457 -0.172433 0.000048 0.162653 -0.075761 -0.104471 -0.027513 1.000000 0.103366 0.641067 0.006090 -0.106439 0.105344 0.473958 0.281659 -0.019325 -0.128410 -0.025284 0.053105 0.409734 0.244821 -0.110753 0.004509 -0.159718 0.110870 0.280452 -0.167068 0.277912 0.372622 -0.012346 0.062569 -0.100027 -0.124627 -0.206700 0.046307 0.012196 0.018540 0.150115 0.131741 -0.060761 -0.115324 -0.108733 0.114567 -0.086535 -0.003561 -0.197281 -0.102436 -0.141378 -0.070930 -0.159643 -0.086390 -0.207563 0.019457 0.245020 0.022727 -0.216827 -0.270250 0.161506 -0.117265 0.515555 0.013708 0.075103 -0.218767 -0.604756 -0.355757 -0.244186 -0.143283 0.067997 -0.097730 0.044571 -0.131898 0.055274 0.105600 -0.078563 -0.078553 0.074277 0.044481 0.209918 0.230553 -0.099523 0.116357 0.054483 0.124602 0.085351 0.336618 -0.072991 0.053678 -0.193865 0.074673 -0.107183 0.091802 0.004709 0.056008 -0.085683 0.045308 -0.014055 0.138606 -0.001790 0.031178 0.042186 -0.133945 -0.177660 -0.117380 -0.286380 -0.018382 0.028314 0.078856 -0.114827 0.077026 0.129856 -0.040131 -0.203003 0.001083
-0.076264 -0.236001 0.031676 -0.123158 -0.277127 -0.037416 0.220423 0.117319 -0.288870 -0.158932 0.103366 1.000000 -0.046891 0.409892 -0.299158 -0.254924 0.489528 0.543471 -0.329221 -0.235368 0.052088 0.036805 0.185655 0.029584 -0.044737 -0.072258 -0.336282 -0.021378 0.227699 0.570867 -0.103457 0.510017 0.153554 0.426622 0.319023 0.072328 -0.042354 0.156492 -0.378331 -0.190904 -0.189777 0.286383 0.269727 0.300936 0.036988 -0.206394 0.037875 0.104403 -0.031002 -0.309833 -0.041469 -0.250861 -0.244013 0.074981 -0.325100 -0.027041 -0.109110 -0.371832 -0.347194 -0.466286 0.309967 -0.247582 0.032746 0.023147 0.050763 -0.275318 -0.113143 -0.162990 -0.410851 -0.292933 -0.144749 0.473235 0.105552 0.468060 0.319849 0.362148 0.063512 0.082818 0.126385 0.188817 0.133843 0.311220 -0.336700 0.331187 0.062034 0.103648 -0.183064 0.053487 -0.287167 -0.183008 -0.306998 -0.175557 -0.059314 -0.205998 -0.264581 0.064309 -0.039640 -0.225775 -0.286268 -0.262431 0.026154 -0.078965 0.060737 0.017408 -0.019419 0.090329 -0.305460 -0.150388 -0.061673 0.007613 0.015039 -0.173389 -0.097484 0.004751 -0.097130 -0.031950
0.203037 0.036091 0.164375 -0.006803 -0.029913 -0.010528 0.346679 0.065958 0.038060 0.048832 0.641067 -0.046891 1.000000 -0.061924 0.148301 0.207537 0.060833 0.047634 -0.078076 -0.106060 0.023863 0.096090 0.375243 0.344765 -0.075426 0.055604 -0.027354 0.001981 -0.040629 -0.231767 0.342058 0.105291 -0.191071 -0.118510 -0.343699 -0.321195 -0.247255 -0.108613 -0.091369 -0.140615 -0.015247 0.125531 -0.088486 -0.095825 0.106872 0.202434 -0.223871 -0.099266 0.024165 0.081547 0.016186 0.069766 -0.034791 -0.165460 -0.247947 -0.348950 -0.016028 0.173943 0.132103 0.046105 0.249745 0.220100 0.278525 0.135796 -0.043684 0.002372 -0.332984 -0.229104 -0.133914 -0.027765 0.165335 -0.167841 -0.050541 -0.176351 -0.016608 -0.119769 -0.081996 -0.259390 -0.008905 -0.004407 -0.051634 -0.089383 0.047276 -0.054736 -0.011668 -0.082101 0.131985 -0.043172 -0.106996 -0.165710 0.116846 0.009519 0.221623 0.158892 -0.110185 0.022829 -0.269913 -0.159046 0.109633 -0.061039 0.251174 0.176651 0.235826 -0.066098 -0.069447 -0.332882 -0.164290 -0.031365 0.090763 -0.093774 -0.200085 -0.042786 0.062378 0.075892 -0.266144 -0.132644
0.138357 -0.439968 0.020403 -0.501082 -0.184976 -0.196997 0.057152 -0.064072 0.039354 -0.178699 0.006090 0.409892 -0.061924 1.000000 -0.271139 0.033632 0.360579 0.118083 -0.308445 -0.215275 -0.159509 -0.220285 -0.076502 -0.177412 -0.105671 -0.067670 -0.357946 -0.148128 0.467619 0.270692 -0.229873 0.261172 0.327206 0.324991 0.076028 0.014958 0.312092 0.286613 -0.142074 0.018950 0.124848 0.356167 0.195390 0.356617 -0.055433 0.065279 0.233548 0.308361 0.154619 -0.013839 0.013280 0.188453 -0.246311 0.243326 -0.118974 0.195039 0.032346 -0.464933 -0.035527 -0.344504 0.200156 -0.304324 -0.024541 -0.025515 -0.330926 -0.267532 -0.102983 -0.004314 -0.345958 -0.181059 0.147156 0.183880 0.435357 0.171194 0.419764 0.169913 0.195794 0.150303 -0.036967 -0.074022 0.223383 0.203692 -0.440586 0.044626 -0.224465 -0.243426 -0.129125 0.240970 -0.451332 -0.245513 -0.206271 0.297566 -0.021091 0.096986 -0.161976 0.162704 0.018978 0.025130 -0.296839 0.035818 0.060493 -0.062342 -0.059182 0.068375 -0.110296 0.024564 -0.258967 -0.174634 0.076294 0.345455 0.374479 -0.059443 -0.000141 0.015956 -0.366450 -0.200228
-0.340921 0.257981 -0.429981 0.034366 0.608592 0.564375 -0.364006 -0.241988 0.788448 0.634438 -0.106439 -0.299158 0.148301 -0.271139 1.000000 0.403077 -0.222626 0.002431 -0.084656 -0.046590 0.570858 0.304643 -0.245926 -0.294984 0.623520 0.646466 0.659224 0.534430 -0.167153 -0.018897 0.210120 -0.178518 -0.249059 -0.309408 -0.306194 -0.246567 0.177624 0.246703 0.120740 0.220852 0.239190 0.130103 -0.047113 0.001365 -0.048860 0.016271 -0.034860 0.108350 0.046717 0.113185 -0.060882 -0.052085 0.050553 -0.089394 0.078269 0.042937 -0.221767 0.168239 0.183817 0.174557 -0.229357 0.185228 -0.266056 0.063826 -0.043883 0.283968 0.130883 0.046512 0.215047 0.219337 -0.047697 -0.156850 -0.172135 0.069622 0.010685 -0.098732 -0.029988 -0.231790 -0.236864 0.095977 -0.072315 -0.216407 0.639265 -0.107215 0.232299 -0.178435 0.314753 0.059609 0.137422 -0.125105 0.098429 -0.064266 -0.009525 0.102755 -0.036937 0.169002 0.119941 0.051914 0.036809 -0.067842 0.058244 0.152868 -0.011086 0.056762 0.001708 -0.268280 0.294590 -0.161776 0.162428 0.128670 0.091843 0.015240 -0.085053 -0.083733 -0.040483 -0.092928
-0.046393 0.043247 0.010650 -0.023228 0.376002 0.173745 -0.191826 -0.093519 0.487727 0.440676 0.105344 -0.254924 0.207537 0.033632 0.403077 1.000000 -0.258280 -0.411757 0.104880 0.045760 -0.032371 -0.021731 -0.103910 0.057473 0.150975 0.232095 0.348748 0.062163 -0.069188 -0.349917 0.034624 -0.272152 -0.304586 -0.348921 -0.221204 -0.173289 0.209443 0.274733 0.396739 0.525030 0.175321 0.248776 -0.238979 -0.089028 -0.198879 -0.072989 -0.036715 0.212484 -0.000939 -0.039894 -0.031477 0.180576 0.138005 -0.203689 0.236792 0.301180 -0.039195 -0.033700 0.036009 0.181768 -0.185349 -0.039129 -0.016497 -0.259566 -0.100051 0.142093 -0.051461 0.073788 0.159144 0.109064 0.121982 -0.338050 0.056323 -0.272055 -0.006900 -0.167758 -0.135090 -0.125226 -0.543239 -0.318227 -0.404542 -0.240800 0.293433 -0.017438 -0.204866 -0.196026 0.054801 -0.007190 0.153050 0.172304 0.108307 0.252859 -0.054283 0.114734 0.062352 0.251571 0.134273 0.142349 -0.026399 -0.021109 -0.081710 -0.072261 -0.064980 0.042677 0.051620 -0.285223 0.044605 0.093267 0.267079 0.192542 0.109901 -0.076302 0.049557 -0.360915 -0.110666 -0.004928
0.227737 -0.290777 -0.159974 -0.274895 -0.372669 -0.090556 -0.057857 -0.269657 -0.153888 -0.207867 0.473958 0.489528 0.060833 0.360579 -0.222626 -0.258280 1.000000 0.455249 -0.055967 0.074040 0.016368 -0.173795 -0.025090 -0.113698 -0.194460 -0.118912 -0.481339 0.047476 0.522030 0.234217 0.086358 0.436204 0.236028 0.302870 0.274691 0.182900 0.078614 0.207553 -0.137312 -0.144662 0.025029 0.222245 0.113569 0.202925 -0.183096 -0.040497 0.168054 0.294522 -0.277256 -0.220849 -0.363334 -0.174091 -0.399984 0.117496 -0.188654 0.254357 0.225535 -0.178331 -0.362760 -0.539826 0.006056 -0.442399 0.285316 0.094097 -0.037479 -0.399474 -0.302715 -0.259663 -0.237328 -0.001702 0.037155 0.155245 0.263869 0.272080 0.438396 0.300368 0.335023 0.255190 0.234122 0.189752 0.647151 0.442085 -0.321061 0.399633 0.078913 0.051677 0.195382 0.573116 -0.309880 0.011660 -0.133495 0.087706 -0.215793 -0.071658 -0.026324 0.168209 0.091556 0.120693 -0.261852 0.013568 -0.129055 -0.158977 -0.131148 -0.059325 -0.359389 -0.000837 -0.209498 -0.120909 0.045257 0.379273 0.267946 0.127714 0.085877 0.166610 0.103135 0.143959
-0.013270 0.016792 0.008207 -0.078214 -0.080845 0.203992 0.168468 0.101052 -0.128275 -0.024270 0.281659 0.543471 0.047634 0.118083 0.002431 -0.411757 0.455249 1.000000 -0.354900 -0.355340 0.223183 0.251230 0.297836 0.150475 0.175282 0.186254 -0.039461 0.256146 0.160172 0.587609 -0.165603 0.494418 -0.037740 0.199591 -0.072993 -0.248210 -0.149214 0.096431 -0.244172 -0.116946 0.082617 0.147417 0.152611 0.056326 -0.010404 0.004013 -0.102592 -0.210841 -0.074701 -0.094099 -0.091416 -0.259511 -0.102674 -0.017036 -0.175115 -0.016889 0.062348 -0.098194 -0.206142 -0.356929 0.278953 -0.021938 0.190646 0.328542 0.097497 -0.201093 -0.309333 -0.318532 -0.387320 -0.241573 -0.347142 0.282628 -0.070275 0.503866 0.157232 0.251574 -0.195881 -0.203687 0.317326 0.593512 0.358980 0.436755 0.061748 0.234350 0.231554 0.110572 -0.008117 0.116336 -0.044084 -0.060523 -0.217712 -0.244806 -0.072597 -0.079324 -0.064444 0.000290 -0.094328 -0.012312 -0.026643 -0.055038 0.077838 0.032380 0.095476 -0.115141 -0.111393 0.093488 -0.196349 -0.193869 -0.024599 -0.072248 -0.211236 -0.149982 -0.008344 0.083510 0.030028 0.113054
0.304432 0.309683 0.015374 0.469659 -0.149303 -0.194403 -0.205008 -0.001828 -0.202771 -0.101640 -0.019325 -0.329221 -0.078076 -0.308445 -0.084656 0.104880 -0.055967 -0.354900 1.000000 0.808150 -0.108644 -0.188918 -0.238212 -0.043822 -0.199024 -0.273524 -0.062381 -0.201437 -0.032061 -0.318425 0.217437 -0.253867 0.237672 0.099860 0.071991 0.125926 -0.118905 -0.097147 -0.018612 -0.000012 -0.177590 -0.123910 -0.473823 -0.423129 -0.427441 -0.383137 -0.210440 -0.134756 -0.486532 -0.310918 -0.268334 -0.085647 0.036213 -0.272303 0.062428 0.117515 0.089484 0.250998 -0.214625 0.242073 -0.493358 -0.048069 0.122972 -0.324620 -0.198269 -0.145614 -0.019716 -0.167396 0.581486 0.029784 0.110478 -0.182018 -0.115187 -0.262747 -0.138133 -0.016481 0.054487 0.107734 -0.033726 -0.039953 -0.249211 -0.033875 -0.194201 0.066240 -0.357852 -0.022607 -0.125623 0.008775 0.213539 0.379687 -0.036493 -0.062463 -0.132826 -0.081409 0.113187 -0.098029 0.042175 -0.074121 -0.062799 0.015353 -0.228571 0.017134 -0.138640 0.147690 0.054073 0.138420 0.126943 0.135910 0.042927 -0.086484 -0.157978 -0.017333 -0.112557 -0.054384 0.384312 0.280487
0.053563 0.176066 -0.082846 0.365749 -0.135638 -0.121343 -0.179020 -0.083878 -0.114563 -0.021234 -0.128410 -0.235368 -0.106060 -0.215275 -0.046590 0.045760 0.074040 -0.355340 0.808150 1.000000 -0.058197 -0.241174 -0.310011 -0.016639 -0.168618 -0.217075 -0.156772 -0.158311 -0.097062 -0.307878 0.084815 -0.296759 0.306158 0.181594 0.214264 0.202882 -0.019017 -0.095277 -0.063083 -0.136018 -0.258152 -0.096471 -0.377766 -0.230336 -0.295262 -0.233623 -0.089381 0.058322 -0.464059 -0.213228 -0.318908 -0.118567 -0.077734 -0.153081 -0.001392 0.106421 -0.106824 0.104587 -0.185041 0.167736 -0.505728 -0.056226 0.000329 -0.340738 -0.163762 -0.036032 0.181730 0.038993 0.626246 0.372183 0.109110 -0.148586 -0.163672 -0.225927 -0.116624 -0.007824 0.146662 0.113108 -0.020771 -0.024059 -0.100803 -0.081771 -0.172034 0.176479 -0.140149 -0.000927 0.012841 0.124425 0.120080 0.249147 0.048196 -0.019613 -0.243970 -0.004249 0.168360 -0.143902 0.155386 -0.077939 -0.187955 -0.111676 -0.370676 0.002415 -0.342609 0.201497 -0.166827 0.077150 0.093804 0.154365 0.005211 0.017517 0.048765 0.019899 -0.137570 0.003969 0.473790 0.275251
-0.292885 0.026821 -0.584805 0.011492 0.184040 0.465341 -0.353958 -0.289196 0.267209 0.330677 -0.025284 0.052088 0.023863 -0.159509 0.570858 -0.032371 0.016368 0.223183 -0.108644 -0.058197 1.000000 0.482437 -0.354880 -0.235300 0.472307 0.534963 0.402567 0.744354 -0.062323 0.362230 0.266835 0.158947 -0.011043 -0.086714 0.010812 -0.074661 0.190307 0.205980 0.030305 0.099059 0.219307 0.139768 0.322118 0.221313 0.043896 -0.056501 0.105857 0.206270 0.000391 -0.041303 0.020006 -0.161356 -0.020923 0.153612 -0.152164 -0.055917 -0.347896 -0.074141 -0.081311 -0.151682 -0.286384 0.019322 -0.293034 -0.070379 0.056097 0.151273 -0.060013 -0.033902 0.041032 0.143618 0.042335 0.171300 -0.120780 0.408975 0.176320 0.282431 0.147054 -0.054797 0.187193 0.424108 0.052853 0.014601 0.323806 -0.047483 0.401031 0.091348 0.132025 0.196024 -0.120272 -0.265804 -0.187929 -0.083705 -0.099124 -0.186259 -0.112156 0.105921 0.217212 -0.101931 -0.063879 -0.038439 0.024256 -0.046802 -0.053722 -0.121037 -0.049329 -0.100462 0.158419 -0.289609 0.134561 0.086335 0.178366 0.027531 -0.034623 -0.098418 0.090031 0.040189
-0.165911 -0.012585 -0.151164 0.084690 0.145497 0.270550 -0.072946 -0.051437 0.107270 0.140501 0.053105 0.036805 0.096090 -0.220285 0.304643 -0.021731 -0.173795 0.251230 -0.188918 -0.241174 0.482437 1.000000 0.109605 0.015922 0.245810 0.331925 0.359592 0.485449 -0.017345 0.289984 0.342968 0.449095 0.021507 0.169285 0.158702 -0.019658 -0.288628 -0.092460 -0.299650 -0.154801 0.011086 0.025237 0.401933 0.148333 0.145969 -0.085067 0.084782 -0.076006 0.051172 -0.098506 0.112420 -0.295046 -0.042328 0.137926 -0.471452 -0.319425 -0.168155 -0.124847 -0.242267 -0.221791 -0.167858 0.005758 -0.107801 0.006831 0.070520 -0.200905 -0.272132 -0.376973 -0.450658 -0.343561 0.089965 0.439230 -0.086858 0.381524 0.024313 0.327083 0.087468 0.019018 0.215271 0.356994 0.060500 0.121497 0.353480 0.139344 0.196409 0.069308 -0.211143 -0.032561 -0.222176 -0.353243 -0.361254 -0.240138 0.167560 -0.153686 -0.147091 -0.161592 -0.095671 -0.128455 0.031360 -0.155022 0.204347 0.133351 0.105593 -0.118862 0.054931 -0.030765 -0.111386 -0.229326 -0.236771 -0.251158 -0.098421 -0.160742 0.055979 0.023800 -0.006330 -0.296076
0.106609 -0.066940 0.646079 0.178447 -0.062216 0.016959 0.703077 0.516327 -0.187633 -0.025021 0.409734 0.185655 0.375243 -0.076502 -0.245926 -0.103910 -0.025090 0.297836 -0.238212 -0.310011 -0.354880 0.109605 1.000000 0.646442 -0.050602 -0.032569 -0.008731 -0.010310 -0.137190 -0.117935 -0.077596 0.205314 -0.159656 0.070157 -0.216137 -0.245028 -0.475577 -0.324920 -0.104218 -0.192815 -0.277018 -0.110588 -0.130869 -0.328075 0.106836 0.168975 -0.434145 -0.466355 0.069388 0.049708 0.070080 -0.074334 0.045984 -0.188930 -0.221011 -0.457804 -0.004253 0.032492 0.000912 -0.060170 0.345729 0.148541 0.160458 0.066747 0.341891 0.005769 -0.268899 -0.085366 -0.410041 -0.253628 -0.043056 0.027521 -0.201930 -0.167895 -0.291514 -0.217595 -0.422828 -0.242695 0.058273 -0.113623 -0.098718 -0.058114 0.016506 -0.088532 -0.085374 0.040128 -0.234510 -0.199135 0.060947 -0.022463 -0.013709 -0.233014 0.244796 0.151554 0.048318 -0.378855 -0.415564 -0.319054 0.031011 -0.231817 0.242637 0.156189 0.308969 -0.118299 0.059490 0.021603 -0.397739 -0.055634 -0.298260 -0.318166 -0.457687 -0.167689 -0.028382 -0.032380 -0.339428 -0.180976
0.123715 0.052572 0.523597 0.199198 -0.141140 -0.086385 0.564301 0.410236 -0.379786 -0.135656 0.244821 0.029584 0.344765 -0.177412 -0.294984 0.057473 -0.113698 0.150475 -0.043822 -0.016639 -0.235300 0.015922 0.646442 1.000000 -0.325150 -0.151426 0.020487 -0.031489 -0.319643 -0.342448 -0.221462 -0.001171 -0.282427 -0.119170 -0.266835 -0.303712 -0.408791 -0.322953 0.049990 -0.032451 -0.316651 -0.113614 -0.282357 -0.319993 -0.016999 0.180784 -0.372117 -0.366932 -0.105058 -0.037497 -0.023844 -0.039435 0.037900 -0.157397 -0.185107 -0.321915 0.042833 0.145750 0.078076 0.030488 0.182971 0.144486 0.093978 0.006551 0.213676 0.037905 -0.184486 0.114110 -0.115803 0.088545 -0.097473 -0.220364 -0.295609 -0.343128 -0.377288 -0.327189 -0.467793 -0.377275 0.162287 -0.008079 -0.191794 -0.098315 0.074376 0.005279 -0.053025 -0.003114 -0.155897 -0.170604 0.065661 0.100553 0.312257 -0.036300 0.350349 0.245692 -0.038546 -0.253195 -0.304858 -0.144068 0.015105 -0.090350 0.227856 0.141993 0.243709 -0.030670 0.053344 -0.136079 -0.263401 0.138517 -0.104432 -0.275169 -0.383370 -0.207181 0.083528 0.058498 0.013523 0.069662
-0.379375 0.008885 -0.231255 0.076337 0.732977 0.865426 -0.254024 -0.086695 0.648343 0.854281 -0.110753 -0.044737 -0.075426 -0.105671 0.623520 0.150975 -0.194460 0.175282 -0.199024 -0.168618 0.472307 0.245810 -0.050602 -0.325150 1.000000 0.846714 0.671098 0.601648 -0.275454 0.277231 0.015793 -0.106438 -0.074261 -0.144365 -0.251510 -0.232415 0.093258 0.284827 0.179270 0.389938 0.108234 0.081552 -0.006427 -0.089415 -0.097945 -0.117678 -0.245257 -0.095268 0.043859 -0.016383 -0.026323 -0.185558 0.152278 -0.130387 0.077198 0.016207 -0.169179 -0.122798 0.066080 0.091142 -0.157387 0.047773 -0.384298 -0.263153 -0.142503 0.141879 0.076441 0.033063 0.121477 0.100551 0.043818 0.126421 -0.305401 0.189545 -0.167734 0.029980 -0.267026 -0.112453 -0.325018 -0.022830 -0.197613 -0.234373 0.444205 -0.198789 0.016907 -0.207051 -0.040115 -0.080472 0.213113 -0.167895 -0.221775 -0.189725 -0.178404 0.059463 0.151617 -0.065015 0.206818 -0.148486 -0.072901 -0.195515 0.004057 0.198787 -0.006972 0.161973 0.136285 0.157336 0.171276 -0.094017 -0.001370 0.056435 0.031884 -0.024892 -0.140797 -0.374260 -0.054405 -0.064638
-0.435643 -0.136979 -0.381807 -0.163783 0.624216 0.800048 -0.345859 -0.323492 0.688518 0.800716 0.004509 -0.072258 0.055604 -0.067670 0.646466 0.232095 -0.118912 0.186254 -0.273524 -0.217075 0.534963 0.331925 -0.032569 -0.151426 0.846714 1.000000 0.588370 0.636882 -0.113376 0.247247 0.119721 0.081819 -0.009527 -0.067099 -0.208294 -0.310219 0.147078 0.369416 0.235863 0.331497 0.284120 0.275265 0.094628 -0.001867 0.024564 0.129752 -0.178620 0.019964 0.018328 0.033446 -0.116314 -0.186911 -0.082269 0.015651 -0.086260 0.039876 -0.291628 -0.227256 -0.048012 -0.162244 -0.242374 -0.174702 -0.400761 -0.237700 -0.135933 0.055961 -0.100588 0.038148 -0.018751 0.110493 0.144022 0.093923 -0.195310 0.214750 -0.046475 0.028556 -0.122075 -0.158399 -0.167473 0.061460 0.018219 -0.098739 0.503323 -0.147346 0.162744 -0.065313 0.184673 0.134125 -0.026288 -0.256743 -0.076289 0.016886 -0.026075 0.178343 0.125832 0.082810 0.157528 0.052685 -0.048202 -0.114020 0.148366 0.136294 0.011726 0.031994 -0.086636 0.006287 0.073316 -0.064521 0.084782 0.137292 0.174120 -0.035221 0.033424 -0.138326 0.028490 0.002082
-0.088928 0.276958 -0.030246 0.327951 0.875005 0.757408 -0.178423 0.089304 0.522546 0.703487 -0.159718 -0.336282 -0.027354 -0.357946 0.659224 0.348748 -0.481339 -0.039461 -0.062381 -0.156772 0.402567 0.359592 -0.008731 0.020487 0.671098 0.588370 1.000000 0.661684 -0.555719 -0.124445 -0.075201 -0.330325 -0.358973 -0.452746 -0.401382 -0.240289 -0.122484 0.021663 0.256248 0.477843 -0.097480 -0.149025 -0.256823 -0.271249 -0.256648 -0.163227 -0.208846 -0.178056 -0.044939 -0.086327 -0.076332 -0.188280 0.258429 -0.222636 0.090236 -0.047478 0.043248 0.214360 0.291544 0.288943 -0.262459 0.198076 -0.390334 -0.232473 -0.041727 0.178338 0.034886 0.069629 0.201149 0.184888 0.031316 -0.037151 -0.424394 -0.145867 -0.427030 -0.239713 -0.447361 -0.216162 -0.340619 -0.079475 -0.443682 -0.437693 0.651531 -0.084931 -0.092478 -0.267348 -0.195369 -0.199272 0.379670 0.027018 0.043872 -0.281280 0.148879 0.098555 -0.100591 -0.234943 0.128332 -0.226995 -0.110168 -0.079767 0.157746 0.326287 0.172818 0.254210 0.388154 -0.020065 0.358427 0.044296 -0.155740 -0.141863 -0.114461 -0.072518 0.029022 -0.249058 -0.060086 -0.175170
-0.129762 -0.148937 -0.326076 0.079713 0.475562 0.736140 -0.217628 -0.175272 0.348389 0.525362 0.110870 -0.021378 0.001981 -0.148128 0.534430 0.062163 0.047476 0.256146 -0.201437 -0.158311 0.744354 0.485449 -0.010310 -0.031489 0.601648 0.636882 0.661684 1.000000 -0.204151 0.166542 0.114276 0.104040 -0.048737 -0.151815 -0.031029 -0.091247 0.069726 0.146578 0.195468 0.257165 0.030482 0.086595 0.119885 0.049607 -0.173729 -0.134607 0.015369 0.087426 -0.079332 -0.179542 -0.127540 -0.334489 -0.013326 0.042275 -0.151587 -0.025727 -0.128369 -0.123528 -0.065317 -0.218710 -0.322580 -0.065229 -0.307369 -0.243437 0.071242 -0.008114 -0.192411 -0.062393 -0.073832 0.190195 0.109282 0.151071 -0.187272 0.196780 0.012288 0.074615 -0.107449 -0.106610 0.087518 0.243202 0.041241 -0.092410 0.424627 0.066190 0.301977 0.022673 -0.051673 0.245116 -0.019106 -0.159413 -0.199675 -0.196934 -0.026538 0.007991 -0.150154 -0.159137 0.267796 -0.191366 -0.183497 -0.058988 0.092837 0.149387 0.063178 0.096951 0.100474 0.024254 0.068494 -0.181542 -0.114332 0.030864 0.143967 0.093515 0.015276 -0.167414 -0.084991 -0.067645
0.120603 -0.360492 -0.289872 -0.430079 -0.500677 -0.409141 -0.280995 -0.409034 -0.013406 -0.381896 0.280452 0.227699 -0.040629 0.467619 -0.167153 -0.069188 0.522030 0.160172 -0.032061 -0.097062 -0.062323 -0.017345 -0.137190 -0.319643 -0.275454 -0.113376 -0.555719 -0.204151 1.000000 0.345343 0.324194 0.601091 0.424304 0.478672 0.304870 0.129124 0.333179 0.426937 -0.189319 -0.116857 0.497937 0.508387 0.273119 0.332837 0.031066 0.128428 0.378009 0.325403 -0.129666 -0.073607 -0.128062 -0.018567 -0.447450 0.233480 -0.194153 0.299453 0.090111 -0.335529 -0.509788 -0.579943 -0.023934 -0.537405 0.236954 0.106319 -0.232498 -0.454055 -0.404424 -0.355104 -0.383569 -0.372812 0.110160 0.120984 0.759790 0.344650 0.718769 0.573521 0.541095 0.237451 0.424073 0.333973 0.617536 0.614372 -0.335143 0.162857 0.136021 0.165609 0.265091 0.515796 -0.476253 -0.152536 -0.432454 0.153830 -0.202226 -0.051810 0.047329 0.525247 0.106920 0.461716 -0.025704 0.238740 -0.080836 -0.178624 -0.212732 -0.194644 -0.371034 -0.081921 -0.229168 -0.183326 0.337629 0.440172 0.335433 0.164756 0.011025 0.226130 -0.174414 0.013413
-0.348086 -0.213865 -0.255487 -0.143321 -0.109217 0.115283 -0.099172 -0.036553 -0.011043 -0.028608 -0.167068 0.570867 -0.231767 0.270692 -0.018897 -0.349917 0.234217 0.587609 -0.318425 -0.307878 0.362230 0.289984 -0.117935 -0.342448 0.277231 0.247247 -0.124445 0.166542 0.345343 1.000000 0.052245 0.525894 0.190883 0.315987 0.236251 0.007063 0.199853 0.389523 -0.198048 -0.032202 0.182969 0.405899 0.490090 0.408001 0.225188 -0.121924 0.199500 0.129651 0.074180 -0.100362 0.096700 -0.207477 -0.106601 0.154800 -0.087640 0.054241 -0.290551 -0.423234 -0.392635 -0.434937 0.020426 -0.220665 -0.112163 0.103081 -0.028385 -0.194719 -0.131237 -0.311251 -0.427631 -0.387710 -0.013667 0.537978 0.309238 0.866948 0.483573 0.612606 0.189966 0.150084 0.322745 0.558788 0.252973 0.401285 -0.083307 0.188710 0.228806 0.193042 0.005680 0.075564 -0.180738 -0.242965 -0.499646 -0.287987 -0.200556 -0.469223 -0.008837 0.211744 0.144589 -0.010967 -0.062316 -0.130816 -0.059048 -0.275078 -0.146402 -0.288488 -0.204199 0.074130 -0.056477 -0.234027 0.093907 0.106336 0.118447 -0.053077 -0.016360 -0.026895 0.022325 0.032931
-0.094248 -0.174346 -0.433155 -0.045692 -0.156641 -0.092782 -0.358562 -0.375241 0.038456 -0.056769 0.277912 -0.103457 0.342058 -0.229873 0.210120 0.034624 0.086358 -0.165603 0.217437 0.084815 0.266835 0.342968 -0.077596 -0.221462 0.015793 0.119721 -0.075201 0.114276 0.324194 0.052245 1.000000 0.466693 0.394968 0.364582 0.229364 0.092429 -0.094253 0.175352 -0.070476 -0.130550 0.050391 0.348662 0.165498 0.110522 0.169249 0.042950 0.080167 0.184097 0.004779 0.002509 -0.032662 -0.102551 -0.248212 0.034305 -0.361191 -0.271510 -0.171879 -0.107073 -0.287760 -0.178699 -0.191003 -0.188061 0.121265 -0.006050 -0.062732 -0.181206 -0.298467 -0.354158 -0.162679 -0.206061 0.365723 0.199502 0.319130 0.240167 0.266018 0.352030 0.414296 0.213173 0.223068 0.132346 0.092851 -0.029209 0.009851 -0.175261 0.078280 0.010444 0.317756 0.181103 -0.389577 -0.396667 -0.268015 -0.085090 0.054301 -0.171149 -0.032484 0.257038 -0.096350 0.052721 0.002844 -0.178620 0.089427 0.015552 -0.075473 -0.264850 -0.224743 -0.320598 0.008627 -0.219820 0.148177 0.162093 0.138728 -0.042424 -0.142160 0.099390 -0.067865 -0.227517
-0.007217 -0.395198 -0.201746 -0.323186 -0.368775 -0.142233 -0.065347 -0.220980 -0.180126 -0.249406 0.372622 0.510017 0.105291 0.261172 -0.178518 -0.272152 0.436204 0.494418 -0.253867 -0.296759 0.158947 0.449095 0.205314 -0.001171 -0.106438 0.081819 -0.330325 0.104040 0.601091 0.525894 0.466693 1.000000 0.418192 0.652672 0.306450 -0.027763 -0.205487 0.214228 -0.393380 -0.264457 0.141231 0.451119 0.472362 0.320028 0.268267 0.174867 0.247730 0.128261 0.092926 0.018748 0.059766 -0.150927 -0.359380 0.276928 -0.582824 -0.137972 -0.075813 -0.429241 -0.476687 -0.615373 0.158361 -0.380533 0.246170 0.161126 0.040414 -0.404929 -0.476886 -0.444755 -0.704245 -0.547968 0.050797 0.489979 0.352453 0.524723 0.428821 0.595017 0.247456 0.112475 0.482388 0.476250 0.445337 0.502325 -0.224470 0.174280 0.222314 0.275432 0.095287 0.358058 -0.582280 -0.430374 -0.545119 -0.050861 -0.072508 -0.258670 -0.222239 0.241871 -0.147950 0.127534 -0.118037 -0.071935 0.012767 -0.141720 -0.151945 -0.331964 -0.331539 -0.139600 -0.387967 -0.226318 0.023804 0.100838 0.139306 -0.073599 -0.071865 0.090064 -0.186832 -0.211990
0.019859 -0.551359 -0.300547 -0.271979 -0.304792 -0.204765 -0.281769 -0.342476 -0.199893 -0.240648 -0.012346 0.153554 -0.191071 0.327206 -0.249059 -0.304586 0.236028 -0.037740 0.237672 0.306158 -0.011043 0.021507 -0.159656 -0.282427 -0.074261 -0.009527 -0.358973 -0.048737 0.424304 0.190883 0.394968 0.418192 1.000000 0.862246 0.512439 0.280262 0.074296 0.251983 -0.200924 -0.213788 -0.026211 0.344887 0.095787 0.165489 -0.049463 -0.034544 0.150599 0.174088 -0.172743 -0.207018 -0.224053 -0.162734 -0.434322 0.265454 -0.348814 0.024047 -0.160540 -0.558858 -0.392194 -0.465101 -0.157000 -0.492263 -0.114189 -0.331765 -0.374964 -0.439975 -0.208445 -0.228760 -0.123019 -0.126659 0.313329 0.488965 0.303294 0.249738 0.204557 0.390914 0.358603 0.360928 0.200085 0.145431 0.194864 0.106594 -0.378542 -0.106594 -0.080444 0.031030 -0.001484 0.174269 -0.523505 -0.341041 -0.407634 -0.005420 -0.102676 -0.060538 0.013753 0.036073 0.111692 0.082277 -0.309561 -0.108123 -0.074096 0.028251 -0.264560 0.035838 -0.173745 0.170108 -0.119211 -0.108626 -0.074212 0.217518 0.324031 -0.022628 -0.220559 0.191944 0.046261 -0.172149
-0.038222 -0.448508 -0.176755 -0.225636 -0.388719 -0.262998 -0.110136 -0.182805 -0.258185 -0.307748 0.062569 0.426622 -0.118510 0.324991 -0.309408 -0.348921 0.302870 0.199591 0.099860 0.181594 -0.086714 0.169285 0.070157 -0.119170 -0.144365 -0.067099 -0.452746 -0.151815 0.478672 0.315987 0.364582 0.652672 0.862246 1.000000 0.541943 0.210949 -0.132333 0.123704 -0.454049 -0.424816 -0.090313 0.343602 0.190658 0.187575 0.075209 -0.030576 0.059811 0.019560 -0.068951 -0.179792 -0.096825 -0.203125 -0.449541 0.204305 -0.521175 -0.153028 -0.190825 -0.533648 -0.469865 -0.479181 0.013355 -0.381886 0.019480 -0.124602 -0.243053 -0.427255 -0.214053 -0.310924 -0.306211 -0.321014 0.167105 0.577757 0.256718 0.362323 0.234630 0.468245 0.319542 0.275747 0.266200 0.250540 0.239796 0.257453 -0.386791 -0.026063 -0.022266 0.068508 -0.030433 0.083678 -0.538924 -0.438986 -0.488256 -0.095239 -0.083004 -0.068128 -0.107895 -0.003135 -0.160235 0.011117 -0.304154 -0.262954 -0.016539 0.074668 -0.162794 0.010688 -0.179094 0.137660 -0.308076 -0.188467 -0.164392 0.027521 0.107659 -0.228591 -0.230314 0.226216 -0.005290 -0.243825
-0.153155 -0.433118 -0.306268 -0.140087 -0.386175 -0.241771 -0.221508 -0.307234 -0.271019 -0.352190 -0.100027 0.319023 -0.343699 0.076028 -0.306194 -0.221204 0.274691 -0.072993 0.071991 0.214264 0.010812 0.158702 -0.216137 -0.266835 -0.251510 -0.208294 -0.401382 -0.031029 0.304870 0.236251 0.229364 0.306450 0.512439 0.541943 1.000000 0.740603 0.170574 0.127830 -0.221866 -0.273420 -0.111972 0.170750 0.429811 0.461662 0.203381 -0.198534 0.384419 0.362841 -0.037251 -0.267757 -0.029480 -0.271315 -0.361875 0.233592 -0.222650 0.120140 -0.219336 -0.444491 -0.568112 -0.492318 -0.210152 -0.347366 0.016966 -0.086238 0.048515 -0.304579 0.014352 -0.105458 -0.166454 -0.084697 0.253759 0.489582 0.355449 0.391321 0.413810 0.397907 0.671147 0.643689 0.283105 0.082211 0.248692 0.155487 -0.225005 0.223745 0.199148 0.208311 -0.067460 0.158203 -0.362119 -0.166279 -0.354530 -0.096211 -0.183379 -0.205483 -0.142165 0.010152 0.097608 0.091271 -0.190389 -0.190434 -0.143133 -0.144677 -0.171401 -0.071345 -0.133294 0.016000 -0.140424 -0.194890 -0.221115 0.052667 0.323453 0.034883 -0.024891 0.165026 0.198858 -0.162061
-0.003299 -0.296592 -0.159980 -0.016267 -0.280966 -0.240180 -0.120401 -0.162103 -0.231016 -0.334183 -0.124627 0.072328 -0.321195 0.014958 -0.246567 -0.173289 0.182900 -0.248210 0.125926 0.202882 -0.074661 -0.019658 -0.245028 -0.303712 -0.232415 -0.310219 -0.240289 -0.091247 0.129124 0.007063 0.092429 -0.027763 0.280262 0.210949 0.740603 1.000000 0.192529 0.141680 -0.161467 -0.056262 -0.274785 -0.027025 0.287113 0.365151 0.088888 -0.187108 0.348079 0.380681 -0.015581 -0.178067 0.024956 -0.145466 -0.224086 0.125518 -0.089363 0.088733 -0.044254 -0.185879 -0.346388 -0.274907 -0.139885 -0.184072 -0.089222 -0.077545 0.113023 -0.085176 0.125105 0.123332 0.050160 0.079997 0.390158 0.349491 0.226690 0.203192 0.209670 0.238712 0.603236 0.847479 0.073415 -0.199185 0.128797 -0.148046 -0.155617 0.082656 0.047573 -0.115435 -0.144722 0.026927 -0.208164 -0.103407 -0.280587 -0.130247 -0.210422 -0.175744 -0.065819 -0.018365 0.006039 0.050157 -0.339077 -0.190625 -0.191669 -0.030686 -0.195057 0.029627 -0.113459 -0.132923 0.117183 -0.220930 -0.215488 0.219424 0.295790 0.100904 -0.136959 0.009804 0.173990 -0.253383
