1.000000 0.294227 -0.027271 -0.272239 -0.147608 -0.379879 0.218489 -0.159119 -0.269608 -0.292360 0.178507 0.214492 0.022599 0.007825 -0.310344 -0.270766 -0.016642 0.354735 0.002934 -0.288349 -0.031520 -0.013148 0.061825 -0.240780 0.035793 -0.036767 -0.201350 -0.093555 -0.316567 0.265746 0.077402 0.052549 0.365114 0.168137 0.133806 0.284144 -0.072623 0.049093 0.020700 -0.148441 0.021410 0.032712 0.232130 0.295517 0.117331 0.094033 0.173440 0.291015 0.010506 0.155679 -0.053196 0.140066 0.151830 0.234848 0.207525 0.218868 0.407667 0.213404 0.091771 -0.274607 0.126007 0.143639 -0.035238 0.286577 -0.247965 -0.013037 -0.233893 -0.199378 -0.400170 -0.345440 -0.182374 0.320598 -0.035176 0.207650 0.021009 0.135714 0.282852 0.317232 -0.043316 0.208338 0.057707 0.165513 0.078343 -0.219142 -0.049411 -0.091955 0.164668 -0.135433 -0.189886 -0.096365 -0.298907 -0.237915 -0.441475 -0.357943 -0.147910 -0.415106 0.134574 -0.312765 0.135626 -0.052020 0.040246 -0.066390 -0.157892 -0.334231 -0.198391 -0.523834 -0.020239 0.128592 -0.357939 -0.347803 0.022881 -0.299775 -0.137779 -0.247604 -0.229855 -0.178002
0.294227 1.000000 -0.510182 -0.291065 0.047144 -0.079807 -0.357451 0.025000 -0.092929 -0.085747 0.076118 0.037425 -0.374880 0.087160 -0.477606 -0.584545 0.432588 -0.231531 0.229711 0.307977 0.007122 -0.366588 -0.442512 -0.582936 -0.348548 -0.545107 -0.018930 -0.452798 0.266092 -0.363252 -0.314359 -0.192150 0.125644 -0.070851 -0.421946 -0.442503 -0.315353 -0.639059 -0.372923 -0.499582 -0.187540 -0.299061 0.499155 0.535688 0.491613 0.540242 0.423653 0.251350 0.421783 0.587009 0.433609 0.573342 0.550661 0.460518 -0.302675 0.089088 -0.146619 -0.166821 0.475539 0.258094 0.170308 0.395876 0.276053 0.431842 -0.507331 -0.048076 -0.358883 -0.614731 -0.250230 -0.417113 0.027946 -0.169116 0.133076 -0.372100 -0.241217 -0.058112 -0.250692 -0.447356 -0.021402 -0.499538 0.033971 -0.217394 -0.337969 0.003155 -0.431454 -0.227860 -0.378739 -0.364571 -0.296381 -0.246270 0.350773 0.347564 0.032927 0.022208 -0.183769 0.162893 0.230760 0.032766 0.491664 0.308452 0.186371 0.337971 -0.029243 0.130213 0.182925 0.222130 0.363400 -0.228677 0.052054 -0.126677 -0.302964 0.215489 0.558978 0.452493 0.240559 0.470802
-0.027271 -0.510182 1.000000 0.106686 -0.038507 -0.116794 0.583371 0.182736 0.245566 0.013277 -0.047662 -0.022941 0.269486 0.060168 0.424383 0.348474 -0.470341 0.162873 0.078468 -0.128229 0.049153 0.272592 0.375887 0.389147 0.228902 0.228956 -0.157479 0.117099 -0.288087 0.292861 0.152298 0.045726 -0.115538 -0.039843 0.220074 0.298580 -0.045892 0.389974 0.130482 0.147907 0.058816 0.004516 -0.247491 -0.111918 -0.268338 -0.298452 -0.275582 -0.009882 -0.174712 -0.314460 -0.307206 -0.343674 -0.229067 -0.283320 0.200729 -0.078400 -0.088530 0.096523 -0.003450 0.022367 0.032124 -0.123929 -0.237456 -0.336402 0.307590 -0.098635 0.219248 0.312933 -0.096734 0.229213 -0.048127 0.218603 0.097359 0.276449 0.381333 0.089755 0.104207 0.319032 -0.379108 0.269885 -0.339711 -0.121627 0.297739 -0.061362 0.102151 -0.185203 0.223528 0.081440 0.201683 0.155981 -0.205980 -0.099961 0.008456 0.059155 0.084029 -0.222775 -0.141976 -0.165270 -0.372440 -0.328588 -0.039349 0.065152 -0.001333 -0.127421 -0.338743 -0.272062 -0.283430 0.204472 -0.109161 -0.095041 0.287613 -0.300686 -0.286880 -0.354851 -0.189066 -0.384012
-0.272239 -0.291065 0.106686 1.000000 -0.188879 0.232421 -0.057473 0.191951 -0.157337 -0.035405 -0.439559 0.066823 -0.071456 0.069758 0.367050 0.400932 -0.477361 0.003447 -0.032082 -0.046738 0.113169 0.143431 0.581911 0.484521 0.476009 0.588603 0.253255 0.562517 -0.210801 0.103166 0.425990 0.380782 -0.024601 0.101078 0.168438 0.126671 0.092909 0.282332 0.118252 0.180429 0.186852 0.236893 -0.312332 -0.360935 -0.422611 -0.394124 -0.206393 -0.337681 -0.435522 -0.399555 -0.123778 -0.269893 -0.310104 -0.220027 -0.069124 0.001552 0.164075 0.112266 -0.525674 -0.110093 -0.424195 -0.251274 -0.334040 -0.267853 0.326501 0.065248 0.030372 0.234013 0.298175 0.099516 0.103066 0.180744 -0.153456 0.162943 0.156854 0.203819 0.143672 0.182049 0.051976 0.155834 -0.048422 0.128013 0.084329 -0.221587 0.198074 0.392472 0.398904 0.388148 0.568816 0.434418 -0.217617 -0.312415 0.022107 -0.223334 0.003294 0.028733 -0.190369 -0.016956 -0.325971 -0.202795 -0.191397 -0.388974 0.113680 -0.119249 -0.035152 -0.189311 -0.024479 0.059194 -0.117577 0.131401 -0.195074 -0.092934 -0.366538 -0.212130 -0.180744 -0.220112
-0.147608 0.047144 -0.038507 -0.188879 1.000000 0.705076 -0.249525 -0.180603 0.556278 0.517731 0.028485 -0.291614 -0.044495 -0.170957 -0.094546 0.021378 0.220330 -0.337920 -0.093802 0.290560 0.231281 0.290141 -0.262216 -0.029186 0.265166 -0.012372 0.611729 0.110639 0.204082 -0.419562 -0.298293 -0.282288 -0.248459 0.013267 0.022393 -0.193070 0.031788 -0.352312 0.071796 -0.082055 -0.390468 -0.234865 0.255491 0.016938 0.317098 0.254461 0.202495 0.069411 0.308373 0.221155 0.249034 0.085855 0.132563 0.067204 -0.311747 -0.240599 -0.206096 -0.064880 0.205600 -0.011668 -0.002097 -0.181987 -0.050963 -0.263669 -0.460528 -0.348593 0.079554 0.073466 0.248296 0.398803 0.082767 -0.299793 -0.171059 -0.519550 -0.448160 -0.199326 -0.407895 -0.328873 0.009596 -0.275447 0.148576 -0.121491 -0.191868 0.198034 -0.295010 -0.314135 -0.445110 -0.212254 -0.160766 -0.262821 0.182867 0.224659 0.098647 0.302941 -0.130570 0.087101 0.122307 0.086716 0.227981 0.167271 -0.201850 0.138955 -0.137909 0.219402 -0.032133 0.466795 -0.027450 0.113884 0.116873 -0.214276 0.089567 0.289166 0.119944 0.116300 0.185593 0.200248
-0.379879 -0.079807 -0.116794 0.232421 0.705076 1.000000 -0.230687 -0.036784 0.415086 0.646859 -0.137031 -0.155945 -0.039407 -0.078833 -0.026188 0.250363 0.133234 -0.458885 -0.149711 0.273841 0.108436 0.137570 -0.156240 0.101279 0.253664 0.171611 0.797509 0.336454 0.136337 -0.534606 -0.164693 -0.171578 -0.361789 -0.181374 -0.113147 -0.342031 -0.026851 -0.256007 0.001972 0.045123 -0.385973 -0.232850 0.052916 -0.204467 0.144143 0.149472 0.066101 -0.135152 0.231334 0.119362 0.346320 0.116166 0.025138 -0.009296 -0.439434 -0.186796 -0.131577 -0.166377 -0.091669 -0.137611 -0.192465 -0.283414 -0.114497 -0.355089 -0.232972 -0.102543 -0.062297 0.144772 0.466431 0.366724 0.287498 -0.297063 -0.405749 -0.474521 -0.525842 -0.287954 -0.276423 -0.360505 0.120828 -0.288199 0.181249 -0.101911 -0.397988 0.007048 -0.201369 -0.014795 -0.447783 -0.135866 -0.013953 -0.108194 0.248758 0.255012 0.258971 0.294378 0.041680 0.315444 0.119122 0.328975 0.121576 0.223549 -0.247046 -0.052648 -0.225668 0.260161 0.152040 0.412354 -0.063640 -0.046198 0.267052 0.137258 -0.049012 0.389653 0.083009 0.226868 0.301898 0.247507
0.218489 -0.357451 0.583371 -0.057473 -0.249525 -0.230687 1.000000 0.403658 0.044366 0.125072 0.233870 0.285024 0.465680 0.266785 0.193407 0.348983 -0.218181 0.277348 0.187593 -0.268394 -0.057288 -0.108106 0.027078 0.066374 -0.061154 -0.062028 -0.294589 -0.204036 -0.156486 0.485914 0.251675 0.164720 0.061987 -0.007635 0.130651 0.265497 0.130985 0.327510 -0.132239 -0.018605 0.193241 0.069988 -0.110752 0.016172 -0.070924 -0.161020 -0.120549 0.066668 -0.167005 -0.211437 -0.405886 -0.274344 -0.326613 -0.200779 0.239329 0.085859 -0.074581 -0.121608 -0.233451 -0.281711 0.129351 -0.070432 0.046583 0.068104 0.237540 0.287118 -0.036520 0.121032 -0.329435 -0.182979 0.006133 0.419864 0.203252 0.378607 0.384409 0.292034 0.353670 0.353782 -0.248184 0.313690 -0.272183 -0.003794 0.144906 -0.034438 0.262534 0.071481 0.179234 -0.096233 -0.027408 -0.017600 -0.303744 -0.133239 -0.024341 -0.088037 -0.089368 -0.243902 -0.344094 -0.220784 -0.341046 -0.402670 0.100320 -0.013599 -0.065040 -0.305438 -0.204328 -0.422426 -0.108951 -0.120851 -0.211747 0.007639 -0.043483 -0.402118 -0.289592 -0.246164 -0.124722 -0.175125
-0.159119 0.025000 0.182736 0.191951 -0.180603 -0.036784 0.403658 1.000000 0.178990 0.383221 -0.114405 0.489196 0.134611 0.600753 0.038823 0.375497 -0.051300 -0.057305 0.235985 -0.074347 0.153026 -0.238996 -0.273380 -0.097748 -0.135645 -0.194992 -0.290526 -0.352817 0.293872 0.188973 0.142491 0.215613 0.154266 0.190867 -0.239856 -0.162549 0.054371 0.003898 -0.286823 -0.370400 0.055859 0.050357 -0.047085 0.120606 0.071683 0.102983 0.023877 -0.007999 -0.032004 -0.002634 -0.150099 0.000904 -0.094789 -0.086138 0.051985 0.148679 -0.408707 -0.425925 -0.210648 0.174280 0.105525 0.323180 0.163775 0.173387 0.018178 0.423811 -0.213151 -0.123181 -0.392353 -0.325103 0.238474 0.114248 0.549097 0.148741 0.271382 0.359911 0.099239 -0.058977 -0.152919 -0.096693 -0.311739 -0.369651 -0.293718 0.068153 -0.015386 0.172065 -0.146598 -0.227789 -0.125384 -0.073613 0.031759 -0.073783 0.219469 -0.134015 -0.148522 0.070394 -0.229073 -0.040869 -0.115133 -0.257411 0.133376 0.025003 -0.120500 -0.310818 -0.347414 -0.139302 0.054425 -0.289292 -0.072524 0.138991 -0.333506 -0.148253 0.075695 0.010569 -0.072754 0.031481
-0.269608 -0.092929 0.245566 -0.157337 0.556278 0.415086 0.044366 0.178990 1.000000 0.572639 0.036203 -0.158208 -0.031433 0.062774 0.372808 0.257448 0.031133 -0.059672 0.058726 0.291462 0.047942 -0.011098 -0.088775 0.149792 0.189432 -0.078517 0.203097 -0.113222 0.172098 -0.027789 -0.076003 -0.112155 -0.220871 -0.060718 0.018109 -0.058168 0.227806 -0.012912 -0.014331 -0.257367 -0.159823 0.026488 0.079502 0.065429 0.066041 -0.009120 -0.016519 0.059719 0.018522 -0.011192 -0.099764 -0.144712 -0.045238 -0.134510 -0.266251 -0.162089 -0.334239 -0.009102 0.094045 0.049099 0.109397 -0.078001 0.015562 -0.163402 -0.012476 -0.333648 -0.059892 -0.030980 -0.088680 0.141994 0.049577 -0.055055 0.156128 -0.143482 -0.051728 0.037178 -0.037637 -0.067165 -0.303065 -0.115034 -0.262408 -0.245359 -0.035772 0.221749 -0.120797 -0.325135 -0.307884 -0.364460 -0.130809 -0.408440 0.077284 0.171136 0.020793 0.110782 -0.112707 0.045772 -0.024349 -0.056654 0.029356 0.090909 -0.142241 0.207156 -0.090508 0.125285 0.002091 0.170279 -0.212029 -0.097345 0.015843 -0.059238 0.148207 0.208279 0.018375 -0.025971 0.032513 0.018794
-0.292360 -0.085747 0.013277 -0.035405 0.517731 0.646859 0.125072 0.383221 0.572639 1.000000 -0.052736 0.071620 -0.019889 0.211162 -0.054613 0.396395 0.062115 -0.315917 0.209697 0.250670 0.057109 -0.113717 -0.353393 0.003316 0.108811 -0.011903 0.240764 -0.087455 0.423662 -0.138998 0.040732 0.141654 -0.050523 0.148059 -0.082070 -0.248068 0.060307 -0.179013 -0.151440 -0.166439 -0.324334 -0.101362 0.170229 0.044833 0.254118 0.162558 0.248273 0.059355 0.188211 0.152879 0.139962 0.132270 0.061376 0.109086 -0.250047 0.146865 -0.507926 -0.455139 -0.182557 -0.152682 -0.160699 -0.104249 -0.075561 -0.210861 -0.215458 0.021402 -0.265210 -0.154363 -0.071702 -0.011382 0.216528 -0.204022 0.203881 -0.300716 -0.266919 0.070891 -0.098761 -0.261697 -0.010785 -0.203944 -0.162570 -0.394077 -0.346634 0.143820 -0.151531 -0.064729 -0.371710 -0.322028 -0.292065 -0.248837 0.247140 0.238054 0.153345 0.056782 0.030012 0.222795 -0.011293 0.140280 0.172881 0.002170 -0.119055 0.018656 -0.275707 -0.099527 -0.230101 0.286380 0.053469 -0.075907 0.227772 0.149624 -0.187636 0.186198 0.056092 0.096632 0.087430 0.138277
0.178507 0.076118 -0.047662 -0.439559 0.028485 -0.137031 0.233870 -0.114405 0.036203 -0.052736 1.000000 0.331183 0.670893 0.341232 0.025784 -0.132490 0.360944 0.059170 0.008499 -0.100611 -0.018125 -0.142441 -0.241027 -0.227787 -0.345154 -0.367407 -0.173632 -0.296932 0.126299 -0.039496 -0.131478 -0.183417 -0.097439 -0.226493 -0.058144 -0.083397 -0.197797 -0.187851 -0.233387 -0.192633 -0.064070 -0.189755 0.150229 0.164349 0.228024 0.130342 0.106029 0.099887 0.215080 0.089058 0.135396 0.061130 0.108029 0.148084 0.020254 -0.027989 -0.163869 -0.188797 0.302047 -0.111391 0.469225 -0.022832 0.470957 0.188633 0.116723 0.206298 -0.017796 -0.125312 -0.150491 -0.175941 0.071847 -0.076764 0.024219 -0.118858 0.007557 -0.119863 -0.005949 -0.117907 -0.067728 -0.139930 -0.093749 -0.117619 0.016503 -0.003871 0.220620 0.068983 -0.133015 -0.130540 -0.279916 -0.223406 0.052713 0.170022 0.067700 0.160218 -0.092516 -0.046645 0.004460 -0.035508 0.032921 -0.000545 0.082222 0.083318 -0.071461 0.012620 0.226881 0.057656 0.100250 -0.239173 -0.132057 0.086452 -0.082924 -0.109503 0.022886 0.059301 0.186442 0.218065
0.214492 0.037425 -0.022941 0.066823 -0.291614 -0.155945 0.285024 0.489196 -0.158208 0.071620 0.331183 1.000000 0.416236 0.805831 -0.131447 0.199848 0.188141 0.277428 -0.104583 -0.413108 -0.024506 -0.318712 -0.203300 -0.233823 -0.213832 -0.225032 -0.441202 -0.254689 -0.038739 0.230537 -0.002447 -0.033491 0.302595 0.154768 0.029147 0.108635 -0.051740 0.009824 -0.345879 -0.373324 -0.040071 0.072897 0.224621 0.276719 0.208118 0.197314 0.260551 0.201894 0.131024 0.173165 0.077223 0.261522 0.224017 0.280355 0.086758 0.437339 -0.124334 -0.363418 -0.075184 -0.035305 0.079730 0.150766 0.116081 0.298911 -0.034246 0.592669 -0.296373 -0.226976 -0.373057 -0.495021 0.062922 0.281892 0.287853 0.267552 0.329179 0.297179 0.391240 0.160505 -0.122768 0.096399 -0.164534 -0.144015 -0.222214 -0.302735 -0.018660 0.209533 -0.060553 -0.262704 -0.414576 -0.108019 -0.070151 -0.188953 -0.031660 -0.363570 -0.303032 -0.211121 -0.009356 -0.220350 0.129061 -0.263764 -0.007170 -0.307541 -0.369991 -0.555728 -0.162716 -0.335236 -0.015079 -0.244551 -0.374939 0.006750 -0.350457 -0.341146 0.122080 -0.099177 -0.069799 -0.041339
0.022599 -0.374880 0.269486 -0.071456 -0.044495 -0.039407 0.465680 0.134611 -0.031433 -0.019889 0.670893 0.416236 1.000000 0.493090 0.262094 0.426051 0.121775 0.103259 -0.217865 -0.425744 0.055537 0.005107 0.003366 0.025322 -0.026304 0.021861 -0.065388 -0.012388 0.064230 0.161235 0.138477 0.053385 -0.018610 -0.078763 0.050904 0.037103 0.050714 0.094829 -0.220951 -0.135362 0.235225 0.016303 -0.065354 -0.005458 0.008851 -0.032482 0.002702 -0.064557 0.005774 -0.207497 -0.006955 -0.154705 -0.144779 -0.034153 0.277266 0.085457 -0.051214 -0.155134 -0.105738 -0.153911 0.252834 -0.205152 0.260484 0.013101 0.266532 0.316875 0.086607 0.156086 -0.107987 -0.091472 0.206157 0.119782 0.107381 0.068371 0.249423 -0.019657 0.179766 0.064135 0.020092 0.031607 -0.083311 0.027610 0.003059 -0.108554 0.303100 0.307276 0.036537 -0.036270 -0.088665 -0.110730 -0.264462 -0.193525 0.028117 -0.021939 -0.029933 -0.105170 -0.148153 -0.092681 -0.253499 -0.143465 0.044921 -0.157905 -0.091784 -0.216148 0.061653 -0.227983 -0.067514 -0.364129 -0.202576 0.109562 -0.187795 -0.140815 -0.112982 -0.112963 0.075238 0.003847
0.007825 0.087160 0.060168 0.069758 -0.170957 -0.078833 0.266785 0.600753 0.062774 0.211162 0.341232 0.805831 0.493090 1.000000 0.135224 0.334940 0.080433 0.068916 0.074832 -0.251773 0.031668 -0.349263 -0.134902 -0.121881 -0.139576 -0.200303 -0.343831 -0.272370 0.167644 0.160942 0.109840 0.128348 0.131241 0.003279 -0.104834 -0.105378 -0.083158 -0.095667 -0.407909 -0.447552 -0.032385 0.035822 0.192200 0.312016 0.161985 0.173940 0.285722 0.143420 0.104418 0.136403 0.149825 0.238691 0.211374 0.296435 -0.039149 0.378191 -0.350247 -0.449731 -0.051783 0.093559 0.078653 0.140142 0.050819 0.101273 0.090151 0.518257 -0.354110 -0.345034 -0.452451 -0.527854 0.296891 0.248625 0.427168 0.092746 0.326503 0.352494 0.251787 -0.021045 -0.235055 -0.158577 -0.367966 -0.394745 -0.169564 -0.170896 -0.011413 0.185074 -0.033861 -0.200540 -0.286223 -0.116913 -0.004649 -0.079723 0.143459 -0.269264 -0.336905 -0.113326 -0.145784 -0.223235 0.077220 -0.170184 0.168454 -0.101020 -0.112713 -0.389969 -0.042949 -0.221032 0.219112 -0.383635 -0.355075 0.081791 -0.503997 -0.242013 0.209808 0.035784 -0.032827 0.080705
-0.310344 -0.477606 0.424383 0.367050 -0.094546 -0.026188 0.193407 0.038823 0.372808 -0.054613 0.025784 -0.131447 0.262094 0.135224 1.000000 0.517140 -0.416373 0.321839 0.014539 -0.032513 0.048344 0.212917 0.641922 0.629842 0.400976 0.407516 0.051083 0.396569 -0.120942 0.430938 0.506109 0.328400 -0.165369 -0.137591 0.285778 0.318191 0.358995 0.532807 0.156547 0.172572 0.163178 0.316078 -0.291961 -0.211339 -0.573980 -0.631433 -0.330139 -0.160161 -0.617902 -0.610533 -0.454080 -0.593510 -0.397565 -0.305802 -0.077421 -0.251157 0.002437 0.371047 -0.233301 -0.025186 -0.091448 -0.319180 -0.135051 -0.314410 0.606784 -0.274481 0.140001 0.204287 0.047140 0.151332 0.086293 0.363269 0.016074 0.332111 0.407766 0.290720 0.286951 0.407024 -0.128826 0.317508 -0.314749 0.056376 0.543117 0.118962 0.383454 0.046330 0.425500 0.291369 0.459330 0.074224 -0.376855 -0.277397 -0.094356 -0.165733 -0.193437 -0.268160 -0.451372 -0.381488 -0.500671 -0.225203 -0.114037 -0.106173 0.334163 0.002609 0.076689 -0.283347 -0.143068 -0.021427 -0.362058 0.003440 0.155246 -0.161256 -0.461263 -0.369253 -0.354508 -0.403650
-0.270766 -0.584545 0.348474 0.400932 0.021378 0.250363 0.348983 0.375497 0.257448 0.396395 -0.132490 0.199848 0.426051 0.334940 0.517140 1.000000 -0.307844 0.010075 -0.028404 -0.256250 0.030537 0.039946 0.256620 0.366432 0.397421 0.374244 0.062182 0.231247 0.037211 0.311211 0.425616 0.325083 -0.015959 0.108124 0.070532 0.091639 0.289563 0.346331 -0.028018 -0.032185 0.136943 0.254192 -0.197873 -0.177837 -0.268785 -0.278472 -0.077062 -0.192075 -0.304578 -0.347642 -0.207046 -0.268066 -0.288908 -0.172999 0.268074 0.230836 -0.119998 -0.123797 -0.481307 -0.098757 -0.282924 -0.321935 -0.176964 -0.228388 0.229889 0.041319 -0.014545 0.162915 -0.048238 -0.022635 0.312942 0.153904 0.173231 0.141706 0.278660 0.187820 0.196677 0.190564 -0.087408 0.133431 -0.280918 -0.106335 -0.067969 -0.119177 0.140731 0.267652 0.230079 0.117156 0.178374 0.142630 -0.250235 -0.211150 0.007010 -0.167455 0.093193 0.015436 -0.313316 -0.099385 -0.312498 -0.177818 -0.047305 -0.150392 0.072755 -0.198350 -0.099666 -0.216569 -0.109331 -0.119331 -0.029699 0.216560 -0.149756 -0.032859 -0.274005 -0.223076 -0.185312 -0.257904
-0.016642 0.432588 -0.470341 -0.477361 0.220330 0.133234 -0.218181 -0.051300 0.031133 0.062115 0.360944 0.188141 0.121775 0.080433 -0.416373 -0.307844 1.000000 -0.181690 -0.231080 0.062057 -0.027317 -0.308516 -0.701584 -0.604817 -0.480179 -0.603608 0.044408 -0.439108 0.431565 -0.364350 -0.520712 -0.471059 0.007236 -0.064452 -0.360297 -0.433817 -0.019847 -0.553330 -0.334033 -0.399897 -0.080224 -0.219449 0.418212 0.325500 0.517194 0.498495 0.328822 0.178293 0.568249 0.455737 0.421069 0.426514 0.390858 0.334901 -0.230419 0.075770 -0.052061 -0.188317 0.319990 0.117283 0.298403 0.111630 0.515730 0.357882 -0.412213 0.075742 -0.181719 -0.344312 -0.029492 -0.111574 0.032199 -0.279899 0.061119 -0.341322 -0.232190 -0.251064 -0.140686 -0.476036 0.408439 -0.315412 0.425060 0.143993 -0.391957 0.115872 -0.336205 -0.100979 -0.639229 -0.449735 -0.478338 -0.507560 0.214916 0.201682 0.053652 0.168228 -0.036767 0.211480 0.304713 0.197729 0.411099 0.333915 -0.079403 -0.046010 -0.368542 0.140803 0.193137 0.344977 -0.083834 -0.414133 0.162301 0.033113 -0.090032 0.403150 0.530786 0.401067 0.415345 0.423319
0.354735 -0.231531 0.162873 0.003447 -0.337920 -0.458885 0.277348 -0.057305 -0.059672 -0.315917 0.059170 0.277428 0.103259 0.068916 0.321839 0.010075 -0.181690 1.000000 -0.122195 -0.310879 -0.144044 0.215242 0.326692 0.127521 0.071311 0.132463 -0.368973 0.173200 -0.360689 0.814601 0.333606 0.168985 0.530220 0.345799 0.645343 0.846349 0.520570 0.656302 0.231130 0.092334 0.291643 0.468674 -0.023597 0.060003 -0.364548 -0.481502 -0.120700 0.160604 -0.590805 -0.413244 -0.665977 -0.471420 -0.268216 -0.102632 0.203046 0.002091 0.417856 0.594777 -0.188176 -0.261446 -0.073492 -0.097321 0.002173 0.180222 0.208131 -0.087886 0.145953 0.121893 -0.217992 -0.104042 -0.415731 0.673398 0.153857 0.809157 0.600668 0.438490 0.705699 0.858131 0.037109 0.859677 0.065687 0.530583 0.575413 0.004727 0.349029 -0.042767 0.398386 -0.029055 0.000773 -0.195557 -0.656705 -0.647193 -0.555313 -0.609837 -0.465549 -0.800179 -0.318802 -0.779709 -0.288356 -0.464952 -0.276735 -0.424529 0.017139 -0.502500 -0.252351 -0.639810 -0.151281 0.145712 -0.746952 -0.446133 0.226341 -0.612303 -0.475474 -0.697608 -0.631308 -0.684464
0.002934 0.229711 0.078468 -0.032082 -0.093802 -0.149711 0.187593 0.235985 0.058726 0.209697 0.008499 -0.104583 -0.217865 0.074832 0.014539 -0.028404 -0.231080 -0.122195 1.000000 0.551199 -0.100573 -0.180138 -0.070639 -0.057418 -0.218123 -0.205498 -0.237929 -0.236992 0.209318 0.080673 0.210055 0.244168 0.044190 -0.066590 -0.012622 -0.061768 -0.223863 -0.039814 -0.058057 0.008519 -0.111984 -0.210792 0.110588 0.150736 0.031404 -0.073520 0.086771 0.061736 -0.114413 -0.007461 -0.097212 -0.017638 -0.016287 0.135427 -0.070094 0.064236 -0.521595 -0.297382 -0.080524 -0.104978 -0.149136 -0.104877 0.106455 -0.080951 0.055352 -0.064930 -0.083694 -0.234300 -0.199686 -0.156638 0.056898 0.001614 0.358571 -0.079783 -0.013120 0.189903 -0.015904 -0.028005 -0.251016 -0.093043 -0.393247 -0.435841 0.141905 0.193075 0.110161 0.080417 0.121674 0.118667 0.108245 0.140309 0.123188 0.259425 -0.064169 -0.008968 -0.011861 0.036747 -0.270075 -0.062988 -0.052571 -0.215916 -0.007958 0.237223 0.073313 0.013393 -0.119599 0.161170 0.470075 0.041805 0.020583 0.125415 -0.084875 -0.160805 -0.125644 0.019652 -0.097630 0.129418
-0.288349 0.307977 -0.128229 -0.046738 0.290560 0.273841 -0.268394 -0.074347 0.291462 0.250670 -0.100611 -0.413108 -0.425744 -0.251773 -0.032513 -0.256250 0.062057 -0.310879 0.551199 1.000000 0.117309 0.072596 -0.165042 0.130989 -0.262814 -0.182599 0.265597 0.018453 0.271167 -0.389735 -0.197352 -0.005753 -0.257791 -0.215875 -0.174288 -0.299022 -0.120117 -0.299712 0.181315 0.146971 -0.110429 -0.229346 -0.041557 -0.125868 -0.090624 -0.123518 -0.083841 -0.169876 -0.040558 -0.056458 0.048782 -0.074365 -0.039400 -0.003836 -0.307665 -0.399148 -0.322877 -0.097322 0.093555 -0.085981 -0.046455 -0.147402 0.057098 -0.316300 -0.063800 -0.387102 -0.025767 -0.060632 0.312137 0.342529 0.063617 -0.314565 -0.045197 -0.428620 -0.355422 -0.129656 -0.372062 -0.317401 -0.050599 -0.298294 0.029772 -0.276040 0.088540 0.537183 -0.005554 -0.002773 -0.231001 0.137849 0.224313 0.008998 0.454169 0.519690 0.244307 0.404654 0.033437 0.237589 -0.142821 0.167338 0.058555 0.187425 -0.011210 0.381933 0.131711 0.464539 0.157054 0.546070 0.201380 0.034129 0.158423 -0.014316 0.104576 0.242471 0.102179 0.244048 0.160137 0.328619
-0.031520 0.007122 0.049153 0.113169 0.231281 0.108436 -0.057288 0.153026 0.047942 0.057109 -0.018125 -0.024506 0.055537 0.031668 0.048344 0.030537 -0.027317 -0.144044 -0.100573 0.117309 1.000000 0.501268 0.068353 0.101089 0.232452 0.267343 0.343541 0.308069 -0.025824 -0.097745 0.019377 0.180634 -0.037255 0.192253 -0.032659 -0.023107 0.098968 -0.093296 0.262401 0.080152 0.051729 0.240421 -0.342277 -0.340257 -0.222975 -0.094226 -0.198005 -0.414997 -0.129120 -0.224168 0.022448 -0.148490 -0.092522 -0.201268 0.118295 -0.243546 0.034173 -0.054458 0.055166 0.168143 0.181254 0.111769 0.024612 -0.151202 -0.016550 0.020834 0.225585 0.255407 0.186492 0.201071 0.214810 0.009264 0.040824 -0.165663 -0.109396 0.215563 -0.205373 -0.095740 0.105707 -0.189103 0.060879 -0.078414 -0.042383 0.005341 0.162114 0.086478 0.001286 0.031768 0.172908 0.135940 -0.009930 -0.118849 0.167791 0.124892 -0.072792 0.077129 -0.156528 0.081764 -0.217657 -0.080577 0.154206 0.029725 0.007858 -0.027039 -0.224642 0.027522 -0.049745 -0.043548 0.048096 -0.299801 -0.273409 -0.154617 -0.112968 0.107705 0.011006 0.075537
-0.013148 -0.366588 0.272592 0.143431 0.290141 0.137570 -0.108106 -0.238996 -0.011098 -0.113717 -0.142441 -0.318712 0.005107 -0.349263 0.212917 0.039946 -0.308516 0.215242 -0.180138 0.072596 0.501268 1.000000 0.344413 0.338345 0.350773 0.443126 0.393233 0.637360 -0.229282 0.113833 0.029227 0.113819 -0.004402 0.234209 0.416988 0.415864 0.234160 0.319349 0.644603 0.559963 -0.004863 0.143171 -0.413627 -0.469487 -0.447682 -0.450421 -0.383128 -0.306776 -0.402614 -0.497738 -0.316249 -0.522075 -0.326006 -0.359078 0.177438 -0.445590 0.341438 0.504050 0.026723 -0.063459 -0.067045 -0.219898 -0.117797 -0.388519 0.029144 -0.343875 0.567546 0.581539 0.473344 0.665811 -0.190592 -0.007498 -0.211467 0.106935 -0.030241 0.019932 -0.110570 0.274654 0.193915 0.335171 0.363061 0.322897 0.352058 0.161726 0.312266 0.018816 0.152106 0.260355 0.342790 0.166870 -0.305664 -0.360985 -0.104093 0.050238 -0.124680 -0.324018 -0.100799 -0.210643 -0.366567 -0.199327 -0.260949 -0.152816 0.091413 -0.004344 -0.330375 -0.112259 -0.250568 0.445119 -0.174313 -0.410265 0.352905 -0.267386 -0.456694 -0.436082 -0.387161 -0.477649
0.061825 -0.442512 0.375887 0.581911 -0.262216 -0.156240 0.027078 -0.273380 -0.088775 -0.353393 -0.241027 -0.203300 0.003366 -0.134902 0.641922 0.256620 -0.701584 0.326692 -0.070639 -0.165042 0.068353 0.344413 1.000000 0.760930 0.641036 0.754817 0.069108 0.677354 -0.484715 0.390944 0.604895 0.467185 -0.000028 -0.019847 0.427829 0.458754 0.117065 0.560943 0.338303 0.412080 0.201490 0.308350 -0.361472 -0.285017 -0.584232 -0.586764 -0.311746 -0.143140 -0.578884 -0.496766 -0.328025 -0.430751 -0.313821 -0.238190 0.082408 -0.024673 0.338362 0.449049 -0.319728 -0.118848 -0.355758 -0.341417 -0.524804 -0.401900 0.558762 -0.247451 0.122657 0.272061 0.101041 0.118238 -0.121288 0.425315 -0.236921 0.368402 0.276318 0.256525 0.299128 0.522158 -0.089617 0.405180 -0.229643 0.173210 0.591089 -0.202071 0.321755 0.064425 0.715873 0.487192 0.601502 0.419281 -0.440334 -0.447038 -0.261672 -0.331580 -0.010456 -0.342292 -0.183751 -0.305333 -0.418304 -0.274229 -0.091015 -0.277938 0.292716 -0.143400 -0.005222 -0.468263 -0.075934 0.245030 -0.314237 -0.081105 0.106596 -0.324190 -0.549598 -0.466863 -0.413612 -0.523199
-0.240780 -0.582936 0.389147 0.484521 -0.029186 0.101279 0.066374 -0.097748 0.149792 0.003316 -0.227787 -0.233823 0.025322 -0.121881 0.629842 0.366432 -0.604817 0.127521 -0.057418 0.130989 0.101089 0.338345 0.760930 1.000000 0.476317 0.679651 0.147827 0.579443 -0.228639 0.212278 0.469933 0.477725 -0.207165 -0.061272 0.304381 0.270800 0.140744 0.426596 0.340605 0.443113 0.134993 0.165010 -0.409398 -0.370843 -0.526071 -0.531677 -0.360958 -0.148322 -0.488489 -0.509686 -0.365980 -0.493583 -0.424214 -0.332779 -0.021824 -0.242118 0.058152 0.226483 -0.389225 -0.205578 -0.306693 -0.393324 -0.536381 -0.625475 0.522635 -0.256879 0.046795 0.381152 0.192174 0.334228 -0.059736 0.188125 -0.232577 0.159433 0.090761 0.154821 0.110209 0.311579 -0.070437 0.260609 -0.204183 -0.004134 0.537937 0.248267 0.372197 0.089738 0.452569 0.496145 0.556188 0.308864 -0.146869 -0.213136 0.043867 -0.041914 0.046069 -0.210120 -0.233145 -0.167453 -0.391626 -0.238405 -0.121006 -0.165942 0.198750 -0.051206 -0.061084 -0.235748 -0.225934 0.193054 -0.194870 0.004584 0.202046 -0.132087 -0.434744 -0.391490 -0.326388 -0.391896
0.035793 -0.348548 0.228902 0.476009 0.265166 0.253664 -0.061154 -0.135645 0.189432 0.108811 -0.345154 -0.213832 -0.026304 -0.139576 0.400976 0.397421 -0.480179 0.071311 -0.218123 -0.262814 0.232452 0.350773 0.641036 0.476317 1.000000 0.763499 0.339110 0.586616 -0.163331 0.257044 0.543056 0.445942 0.100238 0.228728 0.354663 0.265930 0.287642 0.368052 0.208622 0.132228 0.028083 0.317955 -0.048780 -0.067044 -0.174033 -0.192701 0.060202 0.032276 -0.303085 -0.219313 -0.073520 -0.192606 -0.121834 -0.103455 -0.031829 0.161198 0.162419 0.216063 -0.341793 -0.090739 -0.448561 -0.359839 -0.542569 -0.302497 0.056060 -0.361742 -0.011926 0.147631 -0.029281 0.047610 -0.023094 0.279862 -0.088092 0.091666 0.056101 0.211350 0.154029 0.309560 0.061761 0.220610 -0.199208 0.088248 0.191893 -0.253214 0.029436 -0.050893 0.348944 0.095838 0.207335 0.064416 -0.455305 -0.436932 -0.401493 -0.401502 0.029865 -0.180876 0.038078 -0.202433 -0.185666 -0.264421 -0.241053 -0.286790 -0.019693 -0.244065 -0.162077 -0.294749 -0.060032 0.254673 -0.117603 -0.130490 -0.045989 -0.117490 -0.447201 -0.329448 -0.333296 -0.381391
-0.036767 -0.545107 0.228956 0.588603 -0.012372 0.171611 -0.062028 -0.194992 -0.078517 -0.011903 -0.367407 -0.225032 0.021861 -0.200303 0.407516 0.374244 -0.603608 0.132463 -0.205498 -0.182599 0.267343 0.443126 0.754817 0.679651 0.763499 1.000000 0.350259 0.822522 -0.296792 0.223782 0.601657 0.616578 0.080990 0.247614 0.433945 0.376033 0.232486 0.471036 0.433513 0.426909 0.278638 0.403591 -0.421442 -0.439968 -0.518604 -0.456341 -0.270773 -0.301436 -0.515733 -0.523927 -0.185107 -0.379407 -0.370669 -0.242435 0.094098 -0.028670 0.299560 0.271729 -0.533038 -0.240977 -0.420045 -0.368865 -0.551797 -0.513328 0.350662 -0.133170 0.176690 0.489205 0.218584 0.230516 -0.000975 0.271379 -0.221357 0.184521 0.001687 0.146716 0.236521 0.388188 0.197238 0.320210 -0.024341 0.179400 0.378083 -0.142657 0.311169 0.212171 0.458068 0.360696 0.439200 0.285310 -0.429323 -0.496535 -0.257471 -0.304410 0.223437 -0.174760 -0.167708 -0.112420 -0.456086 -0.326936 -0.222637 -0.379678 0.032060 -0.214870 -0.207459 -0.359434 -0.128140 0.214212 -0.089264 -0.100639 0.001984 -0.265004 -0.570443 -0.391644 -0.310195 -0.397542
-0.201350 -0.018930 -0.157479 0.253255 0.611729 0.797509 -0.294589 -0.290526 0.203097 0.240764 -0.173632 -0.441202 -0.065388 -0.343831 0.051083 0.062182 0.044408 -0.368973 -0.237929 0.265597 0.343541 0.393233 0.069108 0.147827 0.339110 0.350259 1.000000 0.580515 -0.076914 -0.490154 -0.092880 -0.094015 -0.294948 -0.144891 -0.030043 -0.202343 0.092666 -0.153096 0.221679 0.177183 -0.113144 -0.084687 -0.178059 -0.392856 -0.101155 -0.056672 -0.181071 -0.350163 0.005069 -0.103904 0.188545 -0.122824 -0.184010 -0.224278 -0.316081 -0.442995 0.191954 0.171949 -0.053064 -0.118013 -0.059680 -0.238379 -0.052409 -0.331998 -0.139844 -0.243894 0.201456 0.350716 0.634842 0.527667 0.200347 -0.174718 -0.572664 -0.441009 -0.554966 -0.263160 -0.289211 -0.239483 0.189526 -0.204476 0.343001 0.145201 -0.187860 -0.017946 -0.036260 0.018557 -0.238750 0.069811 0.282703 0.024916 0.002678 0.078451 0.184388 0.318360 0.044968 0.236153 -0.024834 0.255410 -0.130164 0.277333 -0.163836 0.019144 0.015883 0.418239 0.227994 0.290960 -0.095446 0.014604 0.196267 -0.078114 -0.004264 0.309081 -0.046845 0.176089 0.220800 0.186197
-0.093555 -0.452798 0.117099 0.562517 0.110639 0.336454 -0.204036 -0.352817 -0.113222 -0.087455 -0.296932 -0.254689 -0.012388 -0.272370 0.396569 0.231247 -0.439108 0.173200 -0.236992 0.018453 0.308069 0.637360 0.677354 0.579443 0.586616 0.822522 0.580515 1.000000 -0.433182 0.061209 0.342003 0.303005 0.002615 0.098546 0.450881 0.399002 0.212551 0.409105 0.571355 0.569349 0.091900 0.309358 -0.463303 -0.575459 -0.620973 -0.578097 -0.377750 -0.396363 -0.545730 -0.564097 -0.202106 -0.460049 -0.392632 -0.305115 0.000596 -0.286847 0.438128 0.441726 -0.332191 -0.183648 -0.342150 -0.416907 -0.408595 -0.540898 0.282106 -0.228240 0.362797 0.564656 0.564020 0.494361 -0.013202 0.243632 -0.501539 0.126686 -0.116951 0.075294 0.114504 0.385164 0.227682 0.371577 0.215815 0.282011 0.395247 -0.125439 0.325685 0.193467 0.382921 0.474463 0.564524 0.369971 -0.390997 -0.416884 -0.145514 -0.122274 -0.020121 -0.237676 -0.256390 -0.147951 -0.463420 -0.215692 -0.264961 -0.346478 0.155783 0.043194 -0.016324 -0.158266 -0.080125 0.267681 -0.210163 -0.237916 0.148707 -0.263683 -0.541003 -0.351425 -0.258057 -0.391532
-0.316567 0.266092 -0.288087 -0.210801 0.204082 0.136337 -0.156486 0.293872 0.172098 0.423662 0.126299 -0.038739 0.064230 0.167644 -0.120942 0.037211 0.431565 -0.360689 0.209318 0.271167 -0.025824 -0.229282 -0.484715 -0.228639 -0.163331 -0.296792 -0.076914 -0.433182 1.000000 -0.167533 0.058394 0.237282 0.008745 0.088254 -0.369225 -0.553087 0.029752 -0.379433 -0.414594 -0.282792 -0.044231 -0.276685 0.345528 0.322974 0.399086 0.320141 0.391580 0.102860 0.247643 0.192791 0.256154 0.216893 0.216277 0.307676 -0.215073 0.177587 -0.579096 -0.431861 -0.094239 -0.056842 0.040312 0.096812 0.382454 0.211503 -0.155073 0.005259 -0.375550 -0.461863 -0.235649 -0.189104 0.134213 -0.396782 0.520041 -0.435064 -0.157877 -0.148845 -0.251769 -0.550647 0.383389 -0.422508 0.015588 -0.183131 -0.286375 0.469657 -0.156209 0.094981 -0.434807 -0.299143 -0.339387 -0.411331 0.306220 0.225586 0.051681 -0.014909 0.151827 0.385150 0.135856 0.217548 0.295344 0.196944 -0.035719 0.024899 -0.222346 -0.014108 -0.129872 0.347234 0.174118 -0.305642 0.281098 0.340059 -0.293987 0.488997 0.307874 0.282973 0.158400 0.363219
0.265746 -0.363252 0.292861 0.103166 -0.419562 -0.534606 0.485914 0.188973 -0.027789 -0.138998 -0.039496 0.230537 0.161235 0.160942 0.430938 0.311211 -0.364350 0.814601 0.080673 -0.389735 -0.097745 0.113833 0.390944 0.212278 0.257044 0.223782 -0.490154 0.061209 -0.167533 1.000000 0.584640 0.461534 0.522807 0.421440 0.515610 0.734231 0.577577 0.744446 0.142663 0.040997 0.338642 0.453937 -0.029249 0.120943 -0.320330 -0.468054 -0.067096 0.195971 -0.619581 -0.437811 -0.694794 -0.496927 -0.352040 -0.163525 0.274998 0.207184 0.179124 0.392969 -0.380978 -0.205713 -0.201301 -0.124964 -0.076362 0.127381 0.292667 -0.059259 0.038555 0.022346 -0.462950 -0.270974 -0.292230 0.674012 0.440386 0.798889 0.711231 0.585208 0.728155 0.818163 -0.012538 0.783157 -0.206960 0.356467 0.535000 0.005466 0.409190 0.012035 0.591883 0.058182 0.068563 -0.129426 -0.725702 -0.687869 -0.558529 -0.691316 -0.294025 -0.692261 -0.323660 -0.744325 -0.369679 -0.570451 -0.224487 -0.401707 0.044752 -0.601045 -0.414472 -0.720755 -0.076389 0.169711 -0.581609 -0.235892 0.095547 -0.568160 -0.576393 -0.721618 -0.761081 -0.735256
0.077402 -0.314359 0.152298 0.425990 -0.298293 -0.164693 0.251675 0.142491 -0.076003 0.040732 -0.131478 -0.002447 0.138477 0.109840 0.506109 0.425616 -0.520712 0.333606 0.210055 -0.197352 0.019377 0.029227 0.604895 0.469933 0.543056 0.601657 -0.092880 0.342003 0.058394 0.584640 1.000000 0.827895 0.298031 0.183578 0.311307 0.300576 0.329543 0.567216 0.028129 0.148532 0.303427 0.362942 -0.179628 -0.062535 -0.372245 -0.447115 -0.088248 -0.089277 -0.607189 -0.449040 -0.383343 -0.371498 -0.351755 -0.084955 0.072132 0.225337 -0.026664 0.082561 -0.649603 -0.343468 -0.272938 -0.172414 -0.175401 -0.018540 0.502221 -0.000999 -0.174388 0.004488 -0.279070 -0.274791 0.080270 0.487083 0.240698 0.368981 0.330554 0.413146 0.518840 0.453441 0.126255 0.400422 -0.420006 0.037441 0.391808 -0.079035 0.413886 0.309881 0.523026 0.174567 0.260848 0.076383 -0.500174 -0.450412 -0.364017 -0.573029 0.029359 -0.220835 -0.389730 -0.315730 -0.452759 -0.413660 -0.058151 -0.322619 0.071643 -0.410648 -0.185274 -0.501998 0.162258 -0.045011 -0.268717 0.168183 -0.277307 -0.327276 -0.585108 -0.390885 -0.441247 -0.379888
0.052549 -0.192150 0.045726 0.380782 -0.282288 -0.171578 0.164720 0.215613 -0.112155 0.141654 -0.183417 -0.033491 0.053385 0.128348 0.328400 0.325083 -0.471059 0.168985 0.244168 -0.005753 0.180634 0.113819 0.467185 0.477725 0.445942 0.616578 -0.094015 0.303005 0.237282 0.461534 0.827895 1.000000 0.329845 0.369464 0.219620 0.179957 0.261321 0.328403 0.077125 0.141597 0.389552 0.346484 -0.181335 -0.052744 -0.294902 -0.318508 -0.003701 -0.123307 -0.520227 -0.412895 -0.252927 -0.272535 -0.267974 0.004682 0.086523 0.210191 -0.094960 -0.038065 -0.605414 -0.341249 -0.327681 -0.181238 -0.258711 -0.174537 0.331271 -0.003035 -0.215040 -0.010765 -0.292538 -0.265868 0.026807 0.308336 0.347989 0.189070 0.190137 0.419784 0.348751 0.248636 0.244031 0.186951 -0.260471 -0.041853 0.344424 0.149052 0.395197 0.342998 0.382155 0.126925 0.193151 0.022250 -0.336350 -0.411259 -0.296769 -0.514936 0.094929 -0.153914 -0.276187 -0.248581 -0.333485 -0.364873 -0.065934 -0.273432 0.000611 -0.464737 -0.337419 -0.443973 0.144416 -0.062691 -0.183519 0.042280 -0.328539 -0.256936 -0.433937 -0.306734 -0.411439 -0.260692
0.365114 0.125644 -0.115538 -0.024601 -0.248459 -0.361789 0.061987 0.154266 -0.220871 -0.050523 -0.097439 0.302595 -0.018610 0.131241 -0.165369 -0.015959 0.007236 0.530220 0.044190 -0.257791 -0.037255 -0.004402 -0.000028 -0.207165 0.100238 0.080990 -0.294948 0.002615 0.008745 0.522807 0.298031 0.329845 1.000000 0.739756 0.431160 0.467564 0.315046 0.230814 -0.028400 -0.226880 0.312973 0.390755 0.213120 0.302682 0.090708 -0.010399 0.250580 0.206989 -0.217496 -0.025665 -0.288052 -0.045017 0.004270 0.137974 0.266924 0.399472 0.175714 0.138824 -0.168945 -0.117439 -0.192227 -0.016292 0.076396 0.316529 -0.207865 0.020422 0.033993 -0.156607 -0.393405 -0.359184 -0.501063 0.333488 0.409650 0.351357 0.287034 0.380764 0.411935 0.394514 0.235617 0.451588 0.035399 0.201103 0.039955 -0.230395 0.021364 0.062152 0.106049 -0.231799 -0.297701 -0.183538 -0.522692 -0.581993 -0.589805 -0.683002 -0.184170 -0.423445 -0.099561 -0.466532 -0.025463 -0.281666 -0.174427 -0.322219 -0.186356 -0.618790 -0.427187 -0.402659 0.107169 0.043430 -0.389973 -0.342742 -0.180251 -0.372628 -0.085094 -0.388403 -0.449091 -0.373569
0.168137 -0.070851 -0.039843 0.101078 0.013267 -0.181374 -0.007635 0.190867 -0.060718 0.148059 -0.226493 0.154768 -0.078763 0.003279 -0.137591 0.108124 -0.064452 0.345799 -0.066590 -0.215875 0.192253 0.234209 -0.019847 -0.061272 0.228728 0.247614 -0.144891 0.098546 0.088254 0.421440 0.183578 0.369464 0.739756 1.000000 0.501272 0.480752 0.384758 0.134973 0.147720 -0.161648 0.289257 0.418918 0.080490 0.069535 0.035816 -0.050605 0.137717 0.033101 -0.236387 -0.130454 -0.319302 -0.173077 -0.123744 -0.042832 0.307790 0.241435 0.095259 0.163121 -0.203445 -0.035059 -0.189235 0.034027 -0.016913 0.140947 -0.285634 -0.032672 0.244535 0.057698 -0.205852 -0.057232 -0.466581 0.140480 0.451248 0.185702 0.165754 0.422886 0.158771 0.259437 0.269138 0.349007 0.189314 0.234937 0.050645 -0.040225 0.058747 -0.018735 0.067226 -0.161625 -0.178680 -0.139337 -0.439212 -0.573553 -0.458771 -0.512915 -0.059420 -0.323165 -0.064966 -0.391207 -0.052055 -0.251716 -0.333890 -0.320803 -0.207820 -0.561179 -0.685198 -0.277875 -0.185684 0.194349 -0.201802 -0.469799 -0.093880 -0.248775 -0.170766 -0.476850 -0.474665 -0.414761
0.133806 -0.421946 0.220074 0.168438 0.022393 -0.113147 0.130651 -0.239856 0.018109 -0.082070 -0.058144 0.029147 0.050904 -0.104834 0.285778 0.070532 -0.360297 0.645343 -0.012622 -0.174288 -0.032659 0.416988 0.427829 0.304381 0.354663 0.433945 -0.030043 0.450881 -0.369225 0.515610 0.311307 0.219620 0.431160 0.501272 1.000000 0.867369 0.424600 0.538376 0.477275 0.316972 0.200213 0.395191 -0.102573 -0.177152 -0.321532 -0.467129 -0.133845 0.034969 -0.512901 -0.455689 -0.534212 -0.518187 -0.345072 -0.198152 0.215737 -0.029587 0.238632 0.468978 -0.288377 -0.338519 -0.276353 -0.377192 -0.256578 -0.228158 0.157164 -0.132764 0.420890 0.364305 0.090004 0.218494 -0.561635 0.387124 0.050063 0.449700 0.265452 0.409174 0.412748 0.679299 0.010109 0.709596 0.077183 0.329514 0.586320 -0.091992 0.319732 0.012364 0.339703 0.092071 0.087678 -0.005526 -0.619413 -0.576978 -0.537034 -0.434780 -0.241057 -0.617656 -0.262952 -0.565795 -0.325764 -0.434551 -0.454271 -0.414338 -0.058099 -0.421445 -0.337858 -0.356328 -0.187926 0.368688 -0.491151 -0.469378 0.282600 -0.520424 -0.545208 -0.721135 -0.556860 -0.609034
0.284144 -0.442503 0.298580 0.126671 -0.193070 -0.342031 0.265497 -0.162549 -0.058168 -0.248068 -0.083397 0.108635 0.037103 -0.105378 0.318191 0.091639 -0.433817 0.846349 -0.061768 -0.299022 -0.023107 0.415864 0.458754 0.270800 0.265930 0.376033 -0.202343 0.399002 -0.553087 0.734231 0.300576 0.179957 0.467564 0.480752 0.867369 1.000000 0.497128 0.715083 0.463984 0.286841 0.271609 0.504585 -0.183411 -0.180834 -0.445384 -0.553505 -0.255501 0.030841 -0.633868 -0.513494 -0.706233 -0.580681 -0.402782 -0.282330 0.342467 -0.079510 0.389093 0.593242 -0.222776 -0.227828 -0.192352 -0.228442 -0.204842 -0.090967 0.182393 -0.130655 0.440768 0.408656 -0.006524 0.145384 -0.489342 0.595132 0.036822 0.727477 0.465170 0.485899 0.555311 0.901100 -0.077355 0.868929 0.066127 0.454105 0.644526 -0.094788 0.418181 -0.037269 0.528764 0.159374 0.159395 0.054941 -0.706326 -0.679249 -0.544572 -0.495617 -0.341840 -0.761546 -0.347853 -0.702484 -0.414235 -0.542082 -0.373120 -0.411851 0.048162 -0.465289 -0.383512 -0.561621 -0.220135 0.404497 -0.600614 -0.549661 0.352003 -0.682790 -0.627398 -0.782160 -0.676832 -0.755581
