1.000000 0.715641 0.016046 0.166528 0.037047 -0.107125 -0.057292 -0.258117 0.146843 0.043790 0.189571 -0.046113 -0.131683 -0.366975 -0.104134 -0.130148 0.664318 0.540033 0.595318 0.446750 -0.008633 -0.176813 -0.263188 -0.320736 -0.311054 -0.499330 -0.026484 -0.292924 0.206162 0.029215 -0.236480 -0.438140 0.264586 0.115052 -0.424223 -0.271662 -0.201801 -0.216317 -0.120312 -0.258059 0.080229 -0.035343 -0.149356 -0.199093 -0.149010 -0.294631 -0.005268 -0.122809 0.063873 0.356270 -0.139836 0.176914 0.068723 0.298816 -0.050361 0.059136 0.803621 0.693549 0.011156 0.239271 -0.128595 -0.211232 0.225333 0.078863 -0.275506 -0.462184 -0.575591 -0.620017 0.516016 0.491088 0.134222 -0.207399 0.210290 0.104487 0.215274 -0.018489 -0.164937 -0.408551 0.477984 0.479667 0.544368 0.594593 0.016104 -0.155358 -0.112931 -0.263173 0.104061 0.201559 -0.033482 0.174659 -0.235150 -0.141461 -0.402350 -0.268620 0.062141 -0.053102 -0.299016 0.136977 0.246243 0.256400 -0.249579 0.193745 -0.182213 -0.275704 -0.403958 -0.366194 -0.110842 -0.182922 0.044384 0.178061 -0.363844 -0.020463 -0.009161 -0.224078 -0.193337 0.053057
0.715641 1.000000 -0.457073 0.406536 -0.239153 -0.176215 -0.326927 -0.190625 0.050593 -0.043551 -0.125638 0.076496 -0.234613 -0.121067 -0.052599 -0.204969 0.525103 0.467563 0.644518 0.601882 -0.294307 -0.363518 -0.106339 -0.178075 -0.427422 -0.282801 -0.141717 -0.049761 0.007859 -0.082219 -0.131787 -0.453471 -0.005498 0.184816 -0.303527 -0.128711 -0.183064 -0.162213 0.017766 0.098002 -0.056966 -0.162308 -0.019863 -0.115464 -0.104018 -0.286811 0.248242 0.104615 0.017116 0.467769 -0.212385 0.264061 0.075826 0.416067 -0.329767 0.195678 0.684346 0.809998 -0.165029 0.208875 -0.442264 -0.001366 -0.128176 0.019425 -0.194109 -0.330900 -0.681920 -0.598804 0.564352 0.676353 -0.051379 -0.054663 0.035039 0.102589 0.130478 -0.112137 -0.171187 -0.309871 0.574007 0.506034 0.590434 0.533539 0.115978 0.012016 -0.024634 -0.123811 0.165423 0.333715 0.098850 0.159969 -0.254696 -0.462721 -0.271505 -0.298320 -0.325543 -0.410464 -0.417938 -0.192837 0.291804 0.331627 -0.296542 0.107892 -0.380377 -0.419231 -0.315225 -0.093092 0.165293 -0.014551 -0.320637 0.035936 -0.328417 -0.163670 0.105164 -0.365237 -0.180451 -0.160726
0.016046 -0.457073 1.000000 -0.266392 0.210905 0.092547 0.490851 0.281009 -0.212992 -0.072413 0.332736 -0.094710 0.393658 -0.080574 -0.357667 -0.159439 -0.065316 -0.200009 -0.114296 -0.339887 0.291947 0.134242 -0.064295 -0.235594 0.208172 -0.120131 0.045288 -0.331822 0.020559 -0.077730 -0.222501 -0.015530 0.208049 -0.069943 -0.204992 -0.090557 -0.107726 -0.055489 -0.193071 -0.273170 -0.057895 0.002669 -0.043121 0.002211 0.035889 0.080890 -0.287340 -0.136615 0.103010 -0.286963 0.264175 0.062117 0.196385 -0.181878 0.263441 -0.176654 -0.180266 -0.403106 0.306828 -0.028753 0.493125 0.044254 0.273489 0.174941 -0.147007 0.086248 0.245432 0.137236 -0.294327 -0.405733 0.062368 -0.286181 0.113649 0.008629 0.068022 0.217983 0.061755 -0.056146 -0.256924 -0.324458 -0.326128 -0.112873 -0.341321 -0.223389 -0.247234 -0.204436 -0.260357 -0.374447 -0.070107 0.024010 0.243580 0.500846 0.093654 0.322377 0.355998 0.405411 0.289301 0.268676 0.101261 0.024942 0.187199 0.219598 0.281707 0.231224 0.126589 -0.190038 -0.335929 -0.099150 0.312011 0.286840 0.254552 0.324138 -0.005786 0.281414 0.122638 0.205832
0.166528 0.406536 -0.266392 1.000000 -0.034892 0.171003 0.001548 0.483878 0.360156 0.374116 -0.116768 0.093637 -0.307441 0.250613 0.228245 0.053412 -0.065190 -0.131216 0.351883 0.437881 -0.195995 -0.015663 0.098524 0.529017 -0.257416 0.106021 -0.161109 0.183572 -0.284597 -0.282102 -0.041605 -0.162508 -0.330653 0.122459 0.056654 0.156688 -0.299388 -0.197471 -0.010410 0.181269 -0.309667 -0.401461 -0.264561 -0.274985 -0.406082 -0.335864 -0.030695 0.036911 -0.350563 0.042920 -0.170427 -0.015398 -0.203663 0.001544 -0.285831 -0.008151 0.031589 0.254164 -0.185122 0.215718 -0.428618 0.284074 -0.344577 -0.152930 0.385429 0.336336 -0.359222 0.057292 0.055711 0.484282 -0.122276 0.246453 -0.308639 -0.152030 -0.274013 -0.150509 -0.261376 -0.111126 -0.022884 0.025151 -0.058107 -0.110238 0.139733 0.085273 0.258998 0.309445 0.323990 0.276078 0.484863 0.454263 -0.184815 -0.334243 0.130952 -0.259986 -0.417422 -0.362189 -0.294355 -0.443790 -0.287511 -0.223141 -0.388226 -0.068082 -0.373761 -0.275773 -0.094813 0.045985 0.047448 0.166059 -0.409395 -0.021037 -0.094568 -0.397586 -0.265632 -0.386831 -0.279539 -0.479770
0.037047 -0.239153 0.210905 -0.034892 1.000000 0.400237 0.301580 0.169082 0.535585 0.426082 0.223447 -0.125027 0.076089 -0.160262 0.348316 0.433122 -0.098604 -0.298492 0.123059 0.140306 -0.036913 0.060596 -0.092043 0.091329 0.256925 -0.220035 0.339686 -0.142267 0.033450 -0.137172 0.092263 -0.025334 -0.157076 -0.375511 -0.069991 -0.139218 -0.029728 -0.179877 -0.118185 -0.211864 -0.271025 -0.242124 -0.023907 -0.071518 -0.029226 0.012032 -0.282818 -0.016635 -0.029269 -0.131836 -0.204016 -0.193523 -0.115617 -0.087427 0.031049 -0.330976 -0.037784 -0.086712 0.000330 0.178113 0.218357 -0.059383 0.143893 -0.027858 0.006239 -0.101767 0.178254 0.004369 0.061562 -0.083419 -0.221314 -0.318213 -0.221993 -0.204593 -0.029495 0.045093 -0.192028 -0.195392 -0.302875 -0.316128 -0.134647 -0.052804 0.137666 0.023304 -0.235618 -0.299811 0.258431 0.173025 -0.055664 0.102936 0.153090 0.363682 0.278519 0.213664 -0.012956 0.008042 -0.157975 0.039717 -0.247642 -0.103502 0.302112 0.146808 0.435744 0.481470 0.184461 -0.041613 -0.096533 0.034294 0.044617 -0.001889 0.074275 0.079672 0.126761 0.170449 0.001408 0.004531
-0.107125 -0.176215 0.092547 0.171003 0.400237 1.000000 -0.078926 0.098319 0.286212 0.481672 -0.098873 -0.275148 0.078508 0.068275 0.015180 0.106169 -0.405538 -0.645268 -0.140511 -0.078243 0.247483 0.191047 0.229367 0.214684 0.560420 0.304255 0.594640 0.386174 -0.450239 -0.660694 -0.333151 -0.381889 -0.507859 -0.590341 -0.031625 -0.056313 -0.116201 -0.040723 0.114218 0.120949 -0.367964 -0.401311 0.095749 -0.060920 0.291685 0.301620 -0.045427 0.050096 0.376282 0.165751 0.367465 0.231615 0.112841 -0.036070 0.124841 -0.059929 -0.143315 -0.190444 0.461790 0.161134 0.008636 0.201679 -0.425832 -0.373279 0.236552 0.391058 0.152717 0.352248 0.031214 0.202354 -0.197458 -0.034208 -0.470070 -0.502749 -0.233553 -0.264177 -0.426704 -0.140767 -0.453470 -0.524981 -0.523382 -0.533505 -0.309729 -0.448931 -0.136642 -0.069744 -0.049127 -0.115377 0.314053 0.362065 0.162838 0.228124 0.250743 0.229915 -0.186619 -0.143968 -0.002700 -0.075038 -0.258362 -0.028325 0.046304 -0.056131 0.054401 0.411775 0.329839 0.174969 -0.035894 0.160889 -0.080296 -0.018400 0.032336 -0.213814 -0.092611 -0.012036 0.145132 -0.014739
-0.057292 -0.326927 0.490851 0.001548 0.301580 -0.078926 1.000000 0.573947 0.039247 -0.072774 0.393402 0.099813 0.137331 -0.112287 0.213556 0.092135 0.095820 -0.179196 0.021246 -0.079798 0.130472 0.248763 0.135400 0.234112 -0.159438 -0.067052 -0.205582 -0.472136 0.302953 0.229396 0.361677 0.429258 0.230501 0.004179 -0.168264 -0.432337 -0.163230 -0.222053 -0.280882 -0.468811 0.132321 0.077232 -0.376898 -0.348156 -0.219885 -0.262005 -0.518889 -0.443304 -0.298272 -0.422716 -0.179489 -0.338110 -0.472474 -0.371242 0.019858 -0.469019 -0.164543 -0.225616 -0.360217 -0.164225 0.343725 -0.122640 0.412988 -0.023907 0.309538 0.010969 0.021485 -0.166240 -0.470495 -0.389173 0.391823 -0.235006 0.149260 0.294439 0.157495 0.533555 0.177851 -0.049555 -0.217890 -0.150195 -0.155293 0.034677 0.243207 0.290838 -0.051449 0.081418 0.089477 -0.028318 -0.056222 0.125918 -0.015110 0.329141 0.147270 0.148006 0.405835 0.362348 -0.227873 0.346140 -0.344693 -0.371212 0.156941 0.214396 0.243292 -0.066200 -0.089822 -0.176011 -0.261233 -0.147091 0.300001 0.162423 0.012817 0.343700 0.047027 0.307221 0.041063 0.184648
-0.258117 -0.190625 0.281009 0.483878 0.169082 0.098319 0.573947 1.000000 0.196941 0.234772 0.077414 0.180226 0.140856 0.277587 0.081585 -0.039584 -0.213125 -0.457202 -0.068883 -0.086602 -0.258088 -0.049464 -0.008892 0.330119 -0.072637 -0.032646 -0.445842 -0.318139 -0.169851 -0.073113 -0.038119 0.099285 -0.091464 0.007884 -0.058220 -0.076443 -0.192866 -0.207547 -0.365404 -0.184302 -0.180136 -0.286570 -0.124893 -0.174769 -0.229671 -0.165078 -0.275285 -0.067474 -0.236564 -0.300126 -0.124033 -0.126472 -0.144633 -0.321870 -0.214084 -0.241336 -0.323009 -0.265922 -0.243528 -0.001860 0.100068 0.389679 0.007402 0.152998 0.227918 0.476020 -0.028068 0.161569 -0.485995 -0.117834 -0.058899 0.038483 -0.052875 0.112057 0.063623 0.282683 0.125676 0.010231 -0.320956 -0.396982 -0.334495 -0.291718 -0.043933 0.081030 -0.140117 0.103050 0.001910 -0.145096 0.133109 0.201790 0.133314 0.221183 0.537966 0.151700 0.076315 0.163529 -0.071119 -0.000663 -0.224103 -0.212146 0.036274 0.138039 0.093412 0.034636 0.096714 -0.132201 -0.342753 0.071587 0.094688 0.193703 0.270635 0.174998 0.083033 0.188877 -0.213577 -0.197404
0.146843 0.050593 -0.212992 0.360156 0.535585 0.286212 0.039247 0.196941 1.000000 0.803350 -0.015517 -0.058219 -0.377392 -0.079002 0.702273 0.685963 -0.117981 -0.089645 0.286135 0.246291 -0.219629 -0.146877 -0.080972 0.210464 0.115018 -0.268715 0.001100 -0.114665 0.048976 -0.056943 0.102188 -0.193747 -0.323694 -0.356988 0.026928 -0.135615 -0.163296 -0.210195 -0.064216 -0.123088 -0.263533 -0.433420 -0.147656 -0.275380 -0.161732 -0.129897 -0.117788 -0.097936 -0.071948 0.117724 -0.246120 -0.137838 -0.217823 -0.044785 0.022016 -0.173762 0.124527 0.220839 -0.073468 0.429985 -0.143740 0.073394 0.000191 -0.039735 0.238476 -0.006014 0.068046 -0.030343 0.109253 0.305605 -0.038543 -0.096980 -0.104496 -0.337402 -0.154762 -0.209426 -0.286417 -0.337064 -0.076513 -0.153423 0.002702 -0.078241 0.303248 0.123628 0.087992 -0.004862 0.572305 0.535243 0.298699 0.278232 -0.036393 -0.084795 0.082707 -0.103273 -0.213225 -0.141950 -0.353692 -0.149599 -0.264139 -0.227702 0.067098 0.159851 0.224563 0.208655 -0.020029 -0.102325 -0.098059 0.107151 -0.135965 0.056048 -0.065718 -0.267792 0.021625 -0.169450 -0.310503 -0.198080
0.043790 -0.043551 -0.072413 0.374116 0.426082 0.481672 -0.072774 0.234772 0.803350 1.000000 0.112086 0.199050 -0.098127 0.307938 0.494786 0.610085 -0.300056 -0.291950 0.104261 0.037174 -0.173095 -0.013647 -0.090112 0.172941 0.323106 -0.107092 0.059198 0.070524 -0.131140 -0.211445 -0.096842 -0.257944 -0.375304 -0.366598 -0.006808 -0.048440 -0.169010 -0.234156 -0.206520 -0.083931 -0.433197 -0.580194 -0.105742 -0.155404 -0.061583 0.033706 -0.049730 -0.073994 0.033551 0.102900 0.003805 -0.101282 0.053859 -0.069807 0.130003 -0.084969 -0.033823 -0.019934 0.251019 0.345294 -0.005130 0.357008 -0.170700 -0.019795 0.282689 0.347321 0.059068 0.185415 0.023966 0.282538 -0.132395 -0.033716 -0.138502 -0.392917 -0.149828 -0.225260 -0.336067 -0.353133 -0.222045 -0.373283 -0.246565 -0.293881 -0.054543 -0.129081 0.151147 0.091507 0.290363 0.304953 0.420449 0.388439 -0.017253 -0.090431 0.276420 -0.026899 -0.222661 -0.064874 -0.067416 -0.160652 -0.151656 -0.111758 0.018302 -0.021540 0.067013 0.206024 0.046365 -0.033357 -0.109838 0.163089 -0.154529 0.180947 0.070157 -0.282730 -0.005654 -0.141949 -0.217363 -0.221992
0.189571 -0.125638 0.332736 -0.116768 0.223447 -0.098873 0.393402 0.077414 -0.015517 0.112086 1.000000 0.411140 0.614876 0.298969 0.110992 0.086585 0.292495 0.059221 0.071547 -0.002836 0.100440 0.253959 -0.261907 -0.163951 -0.115021 -0.182347 -0.096829 -0.273790 0.452088 0.285727 0.127924 0.205999 0.537678 0.005176 -0.308889 -0.292824 -0.012157 -0.279684 -0.274782 -0.443527 0.133439 0.121933 -0.359943 -0.102028 -0.190522 -0.291681 -0.437455 -0.473815 -0.212719 -0.314085 -0.072401 -0.284432 0.035782 -0.217260 0.185277 -0.203344 -0.013169 -0.309827 0.131038 -0.028198 0.661690 0.079119 0.511798 0.364295 0.135900 0.074656 -0.175358 -0.368404 -0.120980 -0.312653 0.337201 -0.435943 0.467902 0.409137 0.437978 0.479768 0.307273 -0.220953 0.008657 -0.032279 0.092241 0.229784 0.017158 -0.033764 0.114810 -0.109149 -0.162382 -0.189617 -0.103359 -0.040931 -0.143790 0.129223 -0.003768 0.041956 0.423921 0.351753 0.108058 0.458752 -0.074348 0.009854 0.155589 -0.068317 0.114021 0.005217 -0.449050 -0.389954 -0.088848 -0.483203 0.247351 0.200332 -0.307112 0.337349 0.247322 0.338148 0.198193 0.463445
-0.046113 0.076496 -0.094710 0.093637 -0.125027 -0.275148 0.099813 0.180226 -0.058219 0.199050 0.411140 1.000000 0.384040 0.718692 0.075272 0.092976 0.160578 0.120841 -0.022420 -0.079797 -0.288405 -0.012853 -0.323941 -0.082441 -0.272164 -0.212418 -0.408602 -0.169595 0.270169 0.265120 0.146744 0.323748 0.309013 0.317825 -0.166611 -0.205382 -0.014326 -0.387013 -0.504473 -0.281313 -0.045728 -0.107851 -0.121272 0.047161 -0.131415 -0.041448 -0.203627 -0.285248 -0.212791 -0.218001 -0.082898 -0.354398 0.012523 -0.339187 -0.131284 -0.225845 -0.047431 -0.230037 -0.027118 -0.139397 0.346416 0.446698 0.320367 0.467862 0.136509 0.341166 -0.170495 -0.130586 -0.166813 -0.203837 0.055601 -0.035818 0.239714 0.156237 0.189308 0.287338 0.141775 -0.181380 0.223949 -0.130934 0.168592 0.126645 -0.011762 0.143030 0.272474 0.291953 -0.190456 -0.086789 -0.102857 -0.170525 -0.221724 -0.136665 0.297520 -0.055758 0.242067 0.158159 0.019252 0.261215 -0.071299 -0.107510 0.013751 -0.342205 -0.232761 -0.289999 -0.213286 -0.175621 -0.084082 -0.244880 0.129610 0.234752 -0.180707 0.045212 0.145557 0.089433 0.018645 0.189622
-0.131683 -0.234613 0.393658 -0.307441 0.076089 0.078508 0.137331 0.140856 -0.377392 -0.098127 0.614876 0.384040 1.000000 0.438196 -0.348666 -0.344458 0.084943 -0.241184 -0.261280 -0.353535 -0.030852 0.004032 -0.270634 -0.361243 0.163696 -0.061729 -0.106071 -0.184820 0.096760 0.023349 -0.274223 -0.030999 0.386318 0.028442 -0.260881 -0.175983 0.162572 -0.075622 -0.275796 -0.265128 0.054399 0.046032 0.115598 0.223691 0.114633 0.051237 -0.198210 -0.040647 0.145357 -0.247378 0.242615 0.052132 0.426866 -0.133769 0.225415 0.035088 -0.227685 -0.535159 0.336341 -0.202299 0.657696 0.300366 0.207166 0.433343 -0.141819 0.237419 -0.120806 -0.140739 -0.177264 -0.387204 -0.015393 -0.344546 0.335510 0.322544 0.485912 0.395281 0.398751 -0.018909 -0.114802 -0.313362 -0.166004 -0.071600 -0.498602 -0.408691 -0.138861 -0.242097 -0.547977 -0.628004 -0.196320 -0.211287 0.175332 0.347547 0.274132 0.287494 0.361456 0.391485 0.399086 0.451805 0.167303 0.308447 0.180752 -0.188895 0.119979 0.230294 -0.043953 -0.151285 -0.063915 -0.261377 0.291214 0.231091 -0.019708 0.412188 0.330725 0.457233 0.379000 0.404244
-0.366975 -0.121067 -0.080574 0.250613 -0.160262 0.068275 -0.112287 0.277587 -0.079002 0.307938 0.298969 0.718692 0.438196 1.000000 -0.004704 0.048535 -0.213163 -0.285808 -0.230592 -0.168680 -0.193041 0.091980 -0.013416 0.147693 0.070378 0.194424 -0.123480 0.231002 -0.104469 -0.024779 -0.002360 0.241197 0.011069 0.090002 0.073368 0.119157 0.060903 -0.257654 -0.241382 0.060920 -0.215733 -0.189886 -0.073113 0.117535 -0.077215 0.039922 -0.120306 -0.137004 -0.205448 -0.302258 0.099413 -0.278670 0.208985 -0.321276 0.013065 -0.032272 -0.431437 -0.510150 0.221952 -0.206094 0.298297 0.569362 -0.109654 0.235814 0.339674 0.673577 -0.043522 0.238792 -0.309891 -0.216468 -0.125286 0.077253 -0.019732 0.038708 0.067070 0.230035 0.187465 0.043439 -0.063099 -0.335878 -0.236274 -0.271441 -0.189965 -0.078576 0.386075 0.320784 -0.236136 -0.234915 0.154542 0.017464 -0.085854 -0.129722 0.463152 0.110781 -0.011379 0.020104 0.204918 0.000776 -0.102974 -0.035797 -0.008388 -0.392615 -0.251097 -0.066737 -0.018299 0.065988 0.044621 -0.066905 -0.095828 0.018863 -0.042838 -0.018667 0.066254 0.161606 0.133232 0.024024
-0.104134 -0.052599 -0.357667 0.228245 0.348316 0.015180 0.213556 0.081585 0.702273 0.494786 0.110992 0.075272 -0.348666 -0.004704 1.000000 0.802456 -0.140744 0.015109 0.354872 0.319710 -0.094385 -0.002164 0.105497 0.314662 -0.137127 -0.090218 -0.003473 -0.029894 0.269915 0.239463 0.555635 0.180200 -0.229655 -0.189674 0.156578 -0.169867 0.047898 -0.108102 0.127440 -0.083972 -0.102144 -0.166840 -0.324440 -0.398570 -0.331067 -0.327665 -0.190861 -0.230879 -0.364262 -0.080066 -0.482503 -0.425089 -0.505749 -0.208583 0.088581 -0.271895 -0.077125 0.075488 -0.316457 0.253998 -0.163606 -0.040302 0.048329 -0.162087 0.423909 -0.118183 0.066147 -0.120340 0.067922 0.103764 0.233772 -0.005545 0.015213 -0.059383 -0.089632 0.003448 -0.104793 -0.132116 -0.099177 0.012397 0.091209 0.026292 0.669599 0.520370 0.286776 0.130660 0.670284 0.660139 0.354348 0.235805 -0.139144 -0.163486 -0.095370 -0.146435 -0.132838 -0.083191 -0.443994 -0.129882 -0.477299 -0.459917 0.079009 0.134038 0.173867 -0.049186 -0.166640 0.037870 0.138471 0.051928 -0.127121 -0.155474 -0.155560 -0.258831 -0.103272 -0.143031 -0.139966 -0.064935
-0.130148 -0.204969 -0.159439 0.053412 0.433122 0.106169 0.092135 -0.039584 0.685963 0.610085 0.086585 0.092976 -0.344458 0.048535 0.802456 1.000000 -0.211887 0.055710 0.103723 0.096732 0.023641 0.151119 0.054516 0.142394 0.088306 -0.075302 0.151150 0.060688 0.259450 0.252636 0.438521 0.144363 -0.249462 -0.240125 0.201393 -0.012740 0.091650 -0.103819 0.051759 -0.035377 -0.114150 -0.181588 -0.204413 -0.206126 -0.069672 -0.017689 -0.103960 -0.185529 -0.203183 -0.091828 -0.312432 -0.442337 -0.304739 -0.246569 0.119142 -0.288308 -0.077587 -0.005425 -0.038884 0.196898 -0.021204 -0.021658 0.061207 -0.130875 0.245006 -0.007072 0.405981 0.111455 -0.021400 -0.099499 0.080592 -0.007855 -0.010421 -0.236930 -0.193209 -0.084718 -0.174956 -0.139104 -0.034592 -0.079575 0.042002 0.038786 0.430054 0.463055 0.165707 0.168348 0.433064 0.557505 0.219284 0.122932 -0.199778 -0.256457 0.013154 -0.099474 -0.190388 -0.160021 -0.343532 -0.205179 -0.352260 -0.407506 0.240414 0.072033 0.185264 0.055416 0.066796 0.129748 0.148020 0.150863 -0.207786 -0.123226 0.000395 -0.257977 -0.095143 -0.151907 -0.164246 -0.121777
0.664318 0.525103 -0.065316 -0.065190 -0.098604 -0.405538 0.095820 -0.213125 -0.117981 -0.300056 0.292495 0.160578 0.084943 -0.213163 -0.140744 -0.211887 1.000000 0.665767 0.398498 0.345812 -0.012792 -0.115977 -0.366615 -0.453966 -0.432220 -0.485168 -0.299638 -0.518704 0.635877 0.340514 0.032083 -0.028195 0.579046 0.337004 -0.351355 -0.451894 -0.131495 -0.320059 -0.322840 -0.421612 0.331043 0.181097 -0.299564 -0.339744 -0.223512 -0.408727 -0.312877 -0.418488 -0.201858 -0.128804 -0.344899 -0.207490 -0.221660 -0.105513 -0.165610 -0.244125 0.740550 0.460519 -0.133757 0.037074 0.225097 -0.245941 0.594864 0.245972 -0.196926 -0.444387 -0.414330 -0.755193 0.411655 0.117577 0.384764 -0.357371 0.499432 0.317406 0.333690 0.291584 0.238881 -0.285084 0.686786 0.550033 0.744616 0.768607 0.111933 0.086464 -0.166896 -0.212753 -0.098258 0.089419 -0.253871 -0.169666 -0.273478 -0.132692 -0.413493 -0.245227 0.304078 0.077090 -0.386949 0.353597 0.023922 0.027340 -0.186433 0.048941 -0.205810 -0.311746 -0.309502 -0.114969 0.108662 -0.234073 0.113484 0.133911 -0.584152 0.217174 0.083282 -0.072349 0.040759 0.366064
0.540033 0.467563 -0.200009 -0.131216 -0.298492 -0.645268 -0.179196 -0.457202 -0.089645 -0.291950 0.059221 0.120841 -0.241184 -0.285808 0.015109 0.055710 0.665767 1.000000 0.314235 0.255396 0.011168 -0.123713 -0.406309 -0.486143 -0.520926 -0.469808 -0.258960 -0.253426 0.556117 0.603342 0.112962 -0.014183 0.373461 0.454448 -0.063260 0.001238 0.143028 0.083470 0.003581 -0.090487 0.320038 0.272359 -0.148945 -0.117142 -0.198576 -0.274317 0.064180 -0.149038 -0.227770 0.004822 -0.347899 -0.169699 -0.128970 0.025811 -0.099576 0.031921 0.625342 0.529069 -0.176789 0.101839 -0.082535 -0.267626 0.441930 0.248064 -0.354136 -0.534341 -0.180574 -0.468668 0.410239 0.093988 0.311862 0.080563 0.481430 0.244177 0.127476 0.000946 0.127373 0.005203 0.664335 0.781076 0.754451 0.726950 0.249514 0.337237 -0.034499 -0.080059 0.058433 0.298335 -0.279597 -0.281423 -0.422040 -0.404855 -0.567223 -0.472532 0.085305 -0.142923 -0.186326 0.011769 0.181738 0.015178 -0.237724 -0.038425 -0.239711 -0.487226 -0.280135 -0.085046 0.224724 -0.158312 -0.036929 -0.095994 -0.307721 -0.060341 -0.069077 -0.317313 -0.117987 0.076478
0.595318 0.644518 -0.114296 0.351883 0.123059 -0.140511 0.021246 -0.068883 0.286135 0.104261 0.071547 -0.022420 -0.261280 -0.230592 0.354872 0.103723 0.398498 0.314235 1.000000 0.808132 -0.221083 -0.268602 0.005270 -0.042626 -0.393406 -0.359046 -0.074316 -0.270045 0.201405 -0.004932 0.196916 -0.250852 0.002595 0.056397 -0.224511 -0.339606 -0.326593 -0.287012 0.018790 -0.104590 -0.212068 -0.237668 -0.275220 -0.442223 -0.347178 -0.513767 -0.068362 -0.099095 -0.137632 0.232333 -0.351679 0.056166 -0.185698 0.248391 -0.208211 -0.129187 0.472181 0.565137 -0.189615 0.402379 -0.301250 -0.134699 0.083828 -0.048087 -0.051474 -0.502396 -0.439457 -0.606201 0.624873 0.546859 0.074537 -0.290412 -0.048623 -0.011936 -0.034733 -0.080587 -0.260933 -0.449877 0.296347 0.277362 0.490723 0.478881 0.471162 0.257235 -0.020846 -0.278674 0.559412 0.535625 0.277436 0.282874 -0.022418 -0.111289 -0.389361 -0.164038 -0.174926 -0.155652 -0.556990 -0.117372 -0.057150 -0.012116 -0.201361 0.376192 -0.033958 -0.211847 -0.383336 -0.148206 0.080256 -0.093447 -0.189016 0.140615 -0.331263 -0.146055 -0.068026 -0.355073 -0.224535 -0.022160
0.446750 0.601882 -0.339887 0.437881 0.140306 -0.078243 -0.079798 -0.086602 0.246291 0.037174 -0.002836 -0.079797 -0.353535 -0.168680 0.319710 0.096732 0.345812 0.255396 0.808132 1.000000 -0.262696 -0.165107 0.087856 0.186726 -0.389207 -0.144892 0.025581 -0.022881 0.185877 -0.045913 0.297648 -0.060256 -0.073081 0.067755 -0.169544 -0.161982 -0.210506 -0.214307 0.130687 0.110496 -0.189824 -0.193392 -0.225734 -0.359813 -0.411648 -0.511665 -0.023216 -0.009528 -0.317357 0.116582 -0.461553 -0.110553 -0.324283 0.149819 -0.367244 -0.154669 0.384710 0.511833 -0.334043 0.181047 -0.408387 -0.286116 -0.000022 -0.225738 -0.001827 -0.465518 -0.436013 -0.496719 0.616731 0.537908 0.046327 -0.041303 -0.161706 -0.087414 -0.120599 -0.134259 -0.182644 -0.190650 0.245404 0.298789 0.474226 0.375784 0.550569 0.373780 -0.016525 -0.218979 0.515154 0.530994 0.126514 0.128443 -0.125531 -0.126640 -0.289930 -0.133747 -0.287950 -0.342822 -0.516826 -0.244066 -0.200153 -0.086954 -0.232208 0.180965 -0.193802 -0.189962 -0.379329 -0.029808 0.172552 -0.090258 -0.291423 -0.191029 -0.401920 -0.181821 -0.062537 -0.266975 -0.217849 -0.061016
-0.008633 -0.294307 0.291947 -0.195995 -0.036913 0.247483 0.130472 -0.258088 -0.219629 -0.173095 0.100440 -0.288405 -0.030852 -0.193041 -0.094385 0.023641 -0.012792 0.011168 -0.221083 -0.262696 1.000000 0.575549 0.191316 0.055996 0.215809 0.375468 0.535228 0.347780 0.023829 -0.042126 -0.046475 -0.000163 -0.054397 -0.107398 0.020530 0.067117 0.091311 0.239966 0.317776 0.002327 0.271945 0.371587 -0.254826 -0.124562 -0.028360 0.003280 -0.205568 -0.234235 -0.033304 -0.097537 0.108595 -0.018402 -0.232638 -0.159412 0.260580 -0.036090 0.052141 -0.060495 0.252355 0.100206 0.151170 -0.086611 0.026953 -0.286998 0.178839 0.030151 0.256638 0.281316 -0.070127 -0.105283 0.189234 0.112830 0.025785 0.038610 -0.140648 0.143172 -0.118216 0.203448 -0.206055 0.108704 -0.141344 -0.078394 0.043994 -0.026944 0.145369 0.147526 -0.122450 -0.081061 0.214443 0.275417 -0.272929 -0.060453 -0.405455 -0.217746 0.119072 -0.006719 0.044017 -0.008286 -0.208866 -0.234635 -0.156741 -0.034075 -0.077447 -0.186985 0.095993 0.096606 0.125597 0.039987 0.091702 -0.261000 -0.168214 -0.185271 -0.363181 -0.121158 0.167348 0.042663
-0.176813 -0.363518 0.134242 -0.015663 0.060596 0.191047 0.248763 -0.049464 -0.146877 -0.013647 0.253959 -0.012853 0.004032 0.091980 -0.002164 0.151119 -0.115977 -0.123713 -0.268602 -0.165107 0.575549 1.000000 0.293589 0.293791 0.155716 0.416423 0.359275 0.282239 0.040283 0.020031 0.151234 0.297647 0.013798 -0.129412 0.088556 -0.024700 -0.131366 0.116908 0.052572 -0.071647 0.168005 0.215809 -0.313373 -0.161515 0.050434 -0.033067 -0.246742 -0.360782 -0.096721 -0.311819 0.035967 -0.266606 -0.266268 -0.192093 0.024119 -0.181151 -0.123105 -0.217547 0.168251 -0.055464 0.300122 -0.065663 0.052027 -0.297639 0.341886 0.186597 0.306051 0.274085 -0.209419 -0.223912 0.155590 0.103279 -0.190851 0.037888 -0.194993 0.155661 -0.134033 0.098314 -0.257142 -0.098912 -0.249503 -0.102955 0.038387 0.054501 0.147460 0.202725 -0.178414 -0.147518 0.071571 0.241555 -0.220186 -0.033980 0.033807 -0.062210 0.131134 0.094529 0.051736 0.020474 -0.335929 -0.304733 0.005248 -0.091206 -0.023132 0.007560 0.159482 0.109355 0.044325 -0.052413 0.072867 -0.020852 -0.098866 -0.016930 -0.077565 -0.043841 -0.026847 -0.017031
-0.263188 -0.106339 -0.064295 0.098524 -0.092043 0.229367 0.135400 -0.008892 -0.080972 -0.090112 -0.261907 -0.323941 -0.270634 -0.013416 0.105497 0.054516 -0.366615 -0.406309 0.005270 0.087856 0.191316 0.293589 1.000000 0.629129 0.159170 0.666977 0.363997 0.504424 -0.332913 -0.243963 0.359223 0.190057 -0.342282 -0.180479 0.152210 0.010409 -0.134894 0.108042 0.398563 0.313837 -0.114883 -0.041632 0.001523 -0.133629 0.077922 0.029289 0.141950 0.071269 -0.022509 0.041417 0.107058 -0.033637 -0.243950 0.075940 -0.000908 0.005779 -0.370393 -0.022615 -0.144127 -0.332197 -0.313979 -0.296903 -0.445539 -0.698199 0.468865 -0.049463 0.040364 0.234570 -0.221308 0.100452 -0.036753 0.157310 -0.488407 -0.105028 -0.213675 0.058678 -0.187392 0.098964 -0.263942 -0.165664 -0.378180 -0.258964 0.143011 0.019007 0.291009 0.176668 0.232960 0.053255 0.394065 0.443321 0.009216 -0.030232 -0.028552 0.217939 -0.251252 -0.168199 -0.160752 -0.215344 -0.174116 -0.202423 -0.044931 0.200346 -0.053063 0.010842 0.134725 0.310591 0.121475 0.301316 -0.176372 -0.117898 0.196535 -0.077394 -0.223850 0.043768 -0.004008 -0.261618
-0.320736 -0.178075 -0.235594 0.529017 0.091329 0.214684 0.234112 0.330119 0.210464 0.172941 -0.163951 -0.082441 -0.361243 0.147693 0.314662 0.142394 -0.453966 -0.486143 -0.042626 0.186726 0.055996 0.293791 0.629129 1.000000 0.067000 0.602537 0.142321 0.448640 -0.343706 -0.195804 0.355904 0.380806 -0.387836 -0.082020 0.189356 0.133946 -0.168379 -0.053599 0.180654 0.197394 -0.071272 -0.056546 -0.183019 -0.112418 -0.221467 -0.041038 -0.034320 0.039587 -0.323485 -0.022115 -0.032497 -0.183068 -0.458336 -0.050055 -0.139855 -0.071940 -0.454246 -0.109377 -0.361372 -0.236850 -0.374227 -0.136377 -0.367033 -0.554374 0.633110 0.243389 -0.025331 0.392659 -0.354711 0.138027 -0.068400 0.332119 -0.497682 -0.080500 -0.314677 0.002652 -0.231752 0.105662 -0.443481 -0.240362 -0.393989 -0.409784 0.346558 0.182174 0.482453 0.499769 0.444054 0.200073 0.398931 0.440123 -0.105195 -0.055045 0.203239 0.019326 -0.227929 -0.198143 -0.103657 -0.266112 -0.441124 -0.417420 -0.175530 -0.004973 -0.143346 -0.032930 -0.051811 0.102511 -0.015428 0.172076 -0.186587 -0.160347 0.098554 -0.300311 -0.343608 -0.056405 -0.134405 -0.390655
-0.311054 -0.427422 0.208172 -0.257416 0.256925 0.560420 -0.159438 -0.072637 0.115018 0.323106 -0.115021 -0.272164 0.163696 0.070378 -0.137127 0.088306 -0.432220 -0.520926 -0.393406 -0.389207 0.215809 0.155716 0.159170 0.067000 1.000000 0.439880 0.383632 0.259426 -0.295554 -0.409346 -0.237957 -0.185428 -0.321160 -0.469581 -0.011537 0.046941 -0.053312 -0.021789 -0.027299 -0.002256 -0.066431 -0.152167 0.175360 0.189158 0.479537 0.559612 0.112443 0.144143 0.469092 0.167948 0.528483 0.272622 0.337094 0.133866 0.357632 0.270682 -0.264961 -0.313388 0.517694 0.002640 0.149897 0.001009 -0.332212 -0.249047 0.064911 0.249414 0.393266 0.441971 -0.164916 -0.052682 -0.297721 -0.130875 -0.202608 -0.277584 -0.037225 -0.276897 -0.198340 -0.138006 -0.431693 -0.499668 -0.495190 -0.463054 -0.409600 -0.474642 -0.026200 0.018160 -0.053986 -0.174078 0.045869 0.138504 0.221250 0.183810 0.258959 0.236488 -0.102169 0.006517 0.373613 0.058581 0.126433 0.288413 0.190348 -0.059579 0.250724 0.513952 0.323508 0.119328 0.035680 0.100104 -0.048249 0.076601 0.240687 0.011405 0.085228 0.141669 0.126577 -0.090314
-0.499330 -0.282801 -0.120131 0.106021 -0.220035 0.304255 -0.067052 -0.032646 -0.268715 -0.107092 -0.182347 -0.212418 -0.061729 0.194424 -0.090218 -0.075302 -0.485168 -0.469808 -0.359046 -0.144892 0.375468 0.416423 0.666977 0.602537 0.439880 1.000000 0.385418 0.738559 -0.299281 -0.258120 0.150763 0.258850 -0.304794 -0.025900 0.182185 0.247288 -0.127637 0.118581 0.336891 0.365128 0.038505 0.081847 -0.076081 0.072586 0.095843 0.181329 0.129459 0.053141 -0.011591 -0.009902 0.317255 0.045005 -0.110960 0.054491 0.036021 0.250685 -0.457061 -0.244665 0.145128 -0.239712 -0.161231 -0.058265 -0.498368 -0.552626 0.455765 0.317506 0.222552 0.531564 -0.341545 -0.018642 -0.159738 0.305393 -0.312986 -0.102375 -0.235041 -0.117540 -0.124188 0.182053 -0.317286 -0.204691 -0.397272 -0.433758 -0.035066 -0.060258 0.388070 0.406493 0.025173 -0.101807 0.293696 0.289901 -0.186593 -0.145064 0.008526 -0.043739 -0.223256 -0.209807 0.198475 -0.204095 -0.181533 -0.109028 -0.064702 -0.220211 -0.176464 -0.020251 0.138833 0.250388 0.146487 0.192887 -0.211900 -0.202023 0.117768 -0.198872 -0.268819 -0.013722 0.051341 -0.266144
-0.026484 -0.141717 0.045288 -0.161109 0.339686 0.594640 -0.205582 -0.445842 0.001100 0.059198 -0.096829 -0.408602 -0.106071 -0.123480 -0.003473 0.151150 -0.299638 -0.258960 -0.074316 0.025581 0.535228 0.359275 0.363997 0.142321 0.383632 0.385418 1.000000 0.627360 -0.312508 -0.439181 -0.058660 -0.147493 -0.317316 -0.388750 0.094885 0.175451 0.076116 0.194398 0.534937 0.312524 -0.196344 -0.005762 0.042175 0.079039 0.202712 0.224927 0.052580 0.069175 0.183954 0.146613 0.180267 0.115046 0.028062 0.115397 0.211345 0.076776 -0.068563 -0.042243 0.378184 0.084301 -0.078850 -0.137060 -0.343774 -0.479061 0.070814 -0.001328 0.239022 0.335231 0.155268 0.079503 -0.147874 0.009773 -0.443875 -0.397882 -0.326411 -0.192686 -0.373934 0.109615 -0.226163 -0.084473 -0.250390 -0.236844 0.005340 -0.183722 0.042635 -0.112619 0.018530 0.033548 0.131131 0.199722 -0.084945 0.085478 -0.129449 0.051414 -0.200907 -0.281504 0.053062 -0.181770 -0.091668 0.058253 0.039048 -0.051595 -0.001105 0.200909 0.242882 0.198297 0.118758 0.104207 -0.107320 -0.385547 -0.060583 -0.246121 -0.143101 -0.007749 0.232362 0.006677
-0.292924 -0.049761 -0.331822 0.183572 -0.142267 0.386174 -0.472136 -0.318139 -0.114665 0.070524 -0.273790 -0.169595 -0.184820 0.231002 -0.029894 0.060688 -0.518704 -0.253426 -0.270045 -0.022881 0.347780 0.282239 0.504424 0.448640 0.259426 0.738559 0.627360 1.000000 -0.481739 -0.336145 0.015534 -0.007618 -0.453444 -0.055711 0.306181 0.511326 0.136255 0.311927 0.546514 0.597358 -0.199655 -0.063719 0.144300 0.265760 0.069779 0.207868 0.387934 0.293743 -0.017972 0.177693 0.232351 0.084992 0.058558 0.161678 0.031722 0.356174 -0.305971 -0.048261 0.195205 -0.127287 -0.382376 0.024399 -0.642566 -0.491593 0.290680 0.266531 0.101783 0.564048 -0.040563 0.203381 -0.313060 0.464352 -0.447105 -0.301322 -0.359504 -0.314742 -0.289346 0.304975 -0.240040 0.000959 -0.320469 -0.419789 -0.043755 -0.133716 0.417348 0.313908 0.040759 0.020303 0.298531 0.240964 -0.270746 -0.290184 -0.066088 -0.131665 -0.419637 -0.441203 0.227964 -0.444456 -0.085990 -0.023099 -0.210524 -0.361197 -0.363759 -0.104329 0.137147 0.306320 0.242224 0.226405 -0.330340 -0.453022 0.091298 -0.447737 -0.324697 -0.141684 0.067045 -0.340598
0.206162 0.007859 0.020559 -0.284597 0.033450 -0.450239 0.302953 -0.169851 0.048976 -0.131140 0.452088 0.270169 0.096760 -0.104469 0.269915 0.259450 0.635877 0.556117 0.201405 0.185877 0.023829 0.040283 -0.332913 -0.343706 -0.295554 -0.299281 -0.312508 -0.481739 1.000000 0.663471 0.399112 0.384266 0.586779 0.300462 -0.202545 -0.469738 -0.063850 -0.285789 -0.225055 -0.423760 0.364414 0.270645 -0.506156 -0.438829 -0.317547 -0.432770 -0.476128 -0.631809 -0.325181 -0.420379 -0.369781 -0.472622 -0.362290 -0.371586 0.019312 -0.401543 0.328446 0.029148 -0.124930 0.072274 0.421273 -0.216602 0.791773 0.318019 -0.028309 -0.362252 0.017805 -0.549834 0.124551 -0.286843 0.531347 -0.265283 0.686676 0.272306 0.295897 0.287869 0.343339 -0.237366 0.519614 0.317349 0.652059 0.647270 0.372782 0.471456 0.021459 -0.108405 0.095660 0.229791 -0.248623 -0.285698 -0.298115 -0.047149 -0.416158 -0.218996 0.425291 0.238087 -0.285951 0.441318 -0.242993 -0.289159 0.090093 -0.059781 0.079187 -0.204376 -0.335155 -0.191354 0.052685 -0.319316 0.194212 0.095285 -0.499055 0.194804 0.066197 0.001659 -0.003080 0.487031
0.029215 -0.082219 -0.077730 -0.282102 -0.137172 -0.660694 0.229396 -0.073113 -0.056943 -0.211445 0.285727 0.265120 0.023349 -0.024779 0.239463 0.252636 0.340514 0.603342 -0.004932 -0.045913 -0.042126 0.020031 -0.243963 -0.195804 -0.409346 -0.258120 -0.439181 -0.336145 0.663471 1.000000 0.368923 0.464901 0.440428 0.413474 0.091327 -0.067411 0.222402 0.029198 -0.173079 -0.289784 0.469876 0.451205 -0.258851 -0.073978 -0.227683 -0.266175 -0.148081 -0.291951 -0.366521 -0.323443 -0.351218 -0.430940 -0.225739 -0.222831 -0.044242 -0.146500 0.058942 0.002142 -0.340861 -0.146711 0.208188 -0.177779 0.556884 0.341627 -0.129981 -0.297369 0.081603 -0.257213 -0.154669 -0.425522 0.274887 0.082726 0.577168 0.533421 0.316949 0.350511 0.440129 0.144998 0.309962 0.447272 0.487317 0.517054 0.345100 0.514627 0.088681 0.050431 0.069681 0.123719 -0.282706 -0.248019 -0.279038 -0.198717 -0.225897 -0.269454 0.309354 0.189369 -0.091798 0.201542 -0.021218 -0.208991 0.057671 -0.033565 0.129953 -0.277833 -0.289588 -0.214946 0.048707 -0.192068 0.154094 -0.011589 -0.050416 0.206719 0.008482 0.039697 -0.168530 0.111809
-0.236480 -0.131787 -0.222501 -0.041605 0.092263 -0.333151 0.361677 -0.038119 0.102188 -0.096842 0.127924 0.146744 -0.274223 -0.002360 0.555635 0.438521 0.032083 0.112962 0.196916 0.297648 -0.046475 0.151234 0.359223 0.355904 -0.237957 0.150763 -0.058660 0.015534 0.399112 0.368923 1.000000 0.705529 0.045753 0.068333 0.291175 -0.147256 0.040103 -0.171340 0.030153 -0.133335 0.056715 0.061353 -0.310310 -0.240634 -0.246860 -0.238454 -0.146091 -0.300832 -0.461174 -0.264936 -0.349632 -0.502587 -0.591318 -0.252976 -0.279250 -0.413810 -0.187618 -0.033227 -0.498135 -0.181908 -0.043994 -0.374687 0.261670 -0.183840 0.437572 -0.223035 0.169256 -0.152932 -0.109796 -0.177573 0.284187 -0.079184 -0.005419 0.093763 -0.059590 0.177056 0.109068 0.027930 0.105621 0.185881 0.195763 0.244941 0.725236 0.692575 0.346689 0.302520 0.415430 0.402258 -0.039413 -0.135185 -0.268324 -0.196369 -0.198277 -0.082014 0.005173 -0.104445 -0.401091 -0.022382 -0.468682 -0.484633 0.013471 -0.079897 0.000354 -0.238872 -0.216561 0.126659 0.207072 -0.129906 -0.159524 -0.285982 -0.188189 -0.067394 -0.182616 0.056394 0.132532 0.144140
-0.438140 -0.453471 -0.015530 -0.162508 -0.025334 -0.381889 0.429258 0.099285 -0.193747 -0.257944 0.205999 0.323748 -0.030999 0.241197 0.180200 0.144363 -0.028195 -0.014183 -0.250852 -0.060256 -0.000163 0.297647 0.190057 0.380806 -0.185428 0.258850 -0.147493 -0.007618 0.384266 0.464901 0.705529 1.000000 0.325260 0.261274 0.269743 -0.034802 0.008831 -0.262866 -0.216085 -0.223084 0.189373 0.262862 -0.314329 -0.055957 -0.220194 -0.076975 -0.329708 -0.453756 -0.479184 -0.545332 -0.151108 -0.591805 -0.488433 -0.445259 -0.197244 -0.385224 -0.378842 -0.411734 -0.334320 -0.411795 0.297202 -0.174376 0.412319 0.021031 0.424387 0.117715 0.295525 0.137231 -0.443587 -0.544044 0.216595 0.068742 0.051570 0.141795 -0.058304 0.261255 0.269708 0.163173 0.020331 0.001166 0.057738 0.020022 0.443163 0.508347 0.386364 0.430331 0.075893 0.022653 -0.275440 -0.246341 -0.239726 0.058923 0.052573 -0.024796 0.362466 0.195208 -0.033146 0.239337 -0.447976 -0.498209 0.086800 -0.277517 -0.016226 -0.171404 -0.185064 -0.041604 -0.086270 -0.242135 0.152694 -0.172483 -0.113284 0.129988 -0.178885 0.271517 0.108456 0.253120
0.264586 -0.005498 0.208049 -0.330653 -0.157076 -0.507859 0.230501 -0.091464 -0.323694 -0.375304 0.537678 0.309013 0.386318 0.011069 -0.229655 -0.249462 0.579046 0.373461 0.002595 -0.073081 -0.054397 0.013798 -0.342282 -0.387836 -0.321160 -0.304794 -0.317316 -0.453444 0.586779 0.440428 0.045753 0.325260 1.000000 0.443834 -0.235382 -0.334822 -0.113622 -0.338822 -0.373477 -0.536364 0.288997 0.227741 -0.200382 -0.050376 -0.051041 -0.179237 -0.300544 -0.481176 -0.092881 -0.279112 -0.029819 -0.208745 0.062866 -0.159855 0.073171 -0.085588 0.235146 -0.117108 0.000338 -0.124129 0.525192 -0.124363 0.698631 0.511584 -0.184042 -0.165437 -0.133808 -0.435797 -0.020831 -0.333998 0.277506 -0.397574 0.592381 0.304130 0.406832 0.309574 0.429021 -0.237536 0.457803 0.269480 0.464275 0.456091 -0.059796 -0.059325 -0.041305 -0.190920 -0.317338 -0.345410 -0.526665 -0.345327 -0.136361 0.210579 -0.184284 -0.097192 0.730758 0.523618 0.128798 0.695294 0.089527 0.057896 0.128219 -0.081805 0.008370 -0.191852 -0.472288 -0.498674 -0.284864 -0.521928 0.525851 0.304426 -0.300269 0.527054 0.199074 0.406177 -0.026120 0.568983
0.115052 0.184816 -0.069943 0.122459 -0.375511 -0.590341 0.004179 0.007884 -0.356988 -0.366598 0.005176 0.317825 0.028442 0.090002 -0.189674 -0.240125 0.337004 0.454448 0.056397 0.067755 -0.107398 -0.129412 -0.180479 -0.082020 -0.469581 -0.025900 -0.388750 -0.055711 0.300462 0.413474 0.068333 0.261274 0.443834 1.000000 0.182917 0.160701 -0.085311 -0.045389 -0.160754 -0.036770 0.019973 0.144845 -0.201136 0.024409 -0.472446 -0.384459 -0.013342 -0.021687 -0.462258 -0.248024 -0.257160 -0.214795 -0.080904 -0.046391 -0.164631 0.153427 0.109804 0.126137 -0.236683 -0.058298 -0.091594 -0.004060 0.218060 0.279410 -0.134474 -0.117761 -0.232931 -0.118734 0.019337 -0.044503 -0.013674 0.201691 0.298924 0.160611 -0.021224 0.046872 0.227452 0.090996 0.427214 0.478754 0.408857 0.293504 0.028695 0.197831 0.207199 0.202078 -0.148702 -0.109410 -0.188945 -0.179315 -0.281153 -0.190169 -0.234852 -0.437752 0.187953 0.132682 0.076874 0.063765 0.050257 -0.077806 -0.293938 -0.342999 -0.353725 -0.524803 -0.124242 -0.027877 -0.020426 -0.002211 0.121862 0.103492 -0.076095 0.040737 -0.193638 -0.115566 -0.234725 -0.137795
-0.424223 -0.303527 -0.204992 0.056654 -0.069991 -0.031625 -0.168264 -0.058220 0.026928 -0.006808 -0.308889 -0.166611 -0.260881 0.073368 0.156578 0.201393 -0.351355 -0.063260 -0.224511 -0.169544 0.020530 0.088556 0.152210 0.189356 -0.011537 0.182185 0.094885 0.306181 -0.202545 0.091327 0.291175 0.269743 -0.235382 0.182917 1.000000 0.571636 0.231517 0.242534 0.258647 0.282592 -0.209450 -0.023198 -0.049760 0.116573 -0.094927 0.030251 0.123799 0.148890 -0.188940 -0.160128 -0.029153 -0.100356 -0.029364 -0.017461 -0.002832 0.101073 -0.362828 -0.194239 -0.067634 0.031365 -0.162170 -0.016035 -0.178777 -0.039267 0.200712 0.176585 0.382753 0.396591 -0.077225 -0.136049 -0.142056 0.216289 -0.254541 -0.204728 -0.414979 -0.224267 0.093962 0.410557 -0.131047 0.168520 -0.202422 -0.288317 0.188976 0.250642 0.218271 0.286267 0.026046 0.010710 0.036136 -0.134537 -0.040162 -0.303320 -0.084217 -0.267802 -0.235213 -0.199733 -0.025883 -0.426612 -0.324986 -0.315815 -0.193604 -0.382249 -0.078975 -0.064659 0.297714 0.462150 0.246872 0.253110 -0.297595 -0.373653 0.098371 -0.323926 -0.412515 -0.246153 0.072923 -0.223334
-0.271662 -0.128711 -0.090557 0.156688 -0.139218 -0.056313 -0.432337 -0.076443 -0.135615 -0.048440 -0.292824 -0.205382 -0.175983 0.119157 -0.169867 -0.012740 -0.451894 0.001238 -0.339606 -0.161982 0.067117 -0.024700 0.010409 0.133946 0.046941 0.247288 0.175451 0.511326 -0.469738 -0.067411 -0.147256 -0.034802 -0.334822 0.160701 0.571636 1.000000 0.416039 0.475907 0.424427 0.635643 -0.107978 0.113004 0.231746 0.436462 -0.051677 0.199041 0.338436 0.526803 -0.170999 -0.009213 0.004813 0.083523 0.288059 0.149207 0.041345 0.419583 -0.323019 -0.109572 -0.001438 -0.077907 -0.292205 0.148077 -0.408997 0.053253 -0.143890 0.233909 0.206824 0.563583 -0.107259 -0.060825 -0.380949 0.543555 -0.185553 -0.089996 -0.242916 -0.256032 0.121935 0.604731 -0.202427 0.135948 -0.250376 -0.334731 -0.099379 0.056560 0.089770 0.146529 -0.120189 -0.083624 0.016691 -0.089010 -0.071151 -0.358074 0.056502 -0.197191 -0.519467 -0.487366 0.343634 -0.691728 0.113940 0.048774 -0.177050 -0.292821 -0.213396 -0.077292 0.268625 0.281240 0.216174 0.329122 -0.454173 -0.519361 0.341887 -0.371755 -0.251273 -0.171723 0.009270 -0.509956
