1.000000 0.503575 0.162456 -0.321492 0.085093 -0.334469 0.441186 -0.015308 -0.002470 -0.164707 0.204852 0.000612 0.285438 0.191010 -0.027258 -0.087194 0.439950 0.257380 0.221435 0.386876 0.107223 0.015112 -0.385427 -0.464851 -0.470878 -0.345299 -0.001447 -0.125882 0.300595 0.095049 -0.224748 -0.141734 0.217883 0.271594 -0.118595 -0.040209 0.029881 -0.139592 0.236072 0.063553 0.099740 0.111670 -0.408291 -0.436857 -0.354499 -0.329122 -0.349120 -0.376134 -0.150221 -0.327112 -0.208693 -0.400972 -0.086439 -0.266360 -0.045364 -0.282827 0.327218 0.318489 0.459604 0.165924 0.662890 0.359525 0.425833 0.421136 -0.180354 -0.179124 0.046117 -0.127611 0.142134 0.274684 0.008705 -0.052638 0.360024 0.166560 0.199958 0.255282 0.117706 -0.028066 0.124950 0.173095 0.433000 0.349651 -0.013536 0.121318 0.017123 -0.057910 -0.071357 -0.238674 0.019155 -0.091099 -0.194225 -0.037342 -0.514379 -0.279095 -0.125315 -0.139278 -0.378354 -0.224366 -0.217160 -0.255532 -0.034814 0.164929 -0.065064 -0.106778 0.040117 -0.039300 -0.132159 -0.024622 -0.169459 -0.081432 -0.370060 -0.340225 -0.241604 -0.319987 -0.006191 -0.149840
0.503575 1.000000 -0.197232 -0.358610 0.007256 -0.223704 0.238107 0.006498 0.060382 0.027978 0.288790 0.143792 0.386051 0.315317 0.039347 0.063864 0.360718 0.553780 0.033819 0.441686 -0.065425 0.074569 -0.432677 -0.500987 -0.543244 -0.380805 -0.139725 -0.279907 0.431356 0.227279 -0.549184 -0.315971 0.539730 0.400023 -0.170303 -0.334126 -0.089894 -0.214742 0.016800 0.076843 -0.027503 0.007604 -0.405480 -0.446688 -0.310738 -0.163245 -0.313141 -0.328230 -0.265470 -0.031458 -0.349727 -0.224625 0.103959 -0.115606 -0.093361 -0.173048 0.173452 0.563512 0.312956 0.395615 0.489271 0.602950 0.372995 0.546366 -0.446883 -0.279116 -0.026484 -0.384827 0.381407 0.405097 0.016209 -0.275823 0.426443 -0.005602 0.200089 -0.146277 -0.111004 -0.359512 0.364249 0.020825 0.503660 0.505230 -0.209227 0.077929 -0.096342 -0.264380 -0.219676 -0.446780 -0.029086 -0.256880 -0.049799 -0.153895 -0.514846 -0.266135 -0.001702 0.080636 -0.324862 -0.124911 -0.018544 -0.007606 0.103121 0.040081 0.166368 0.031980 0.248788 0.056312 -0.010507 0.169541 0.074654 0.015252 -0.390842 -0.057930 0.198554 -0.063903 0.233045 0.168431
0.162456 -0.197232 1.000000 0.250464 0.213881 0.153439 0.579190 0.445926 0.430903 0.045936 0.113410 0.008723 0.228420 0.101985 -0.075401 -0.059964 -0.120401 -0.165288 0.318375 -0.134787 0.102934 -0.203196 0.092954 -0.094588 -0.109664 -0.199764 -0.005225 -0.198529 0.039444 -0.199374 -0.039987 -0.045737 -0.193657 -0.116612 -0.142557 -0.249896 -0.233974 -0.074882 0.009900 -0.173903 -0.112621 -0.170163 0.265373 0.114388 0.225689 -0.133295 0.200455 0.149763 0.475924 0.152478 0.430056 0.301949 0.257644 0.141187 0.096108 0.210185 -0.395619 -0.444587 0.180764 -0.016080 0.290555 0.199107 -0.238558 -0.095151 -0.091729 -0.054208 -0.041389 -0.222798 -0.470895 -0.293341 0.099158 -0.164697 0.107539 0.015787 0.017430 0.161261 -0.075957 -0.156425 -0.104131 -0.231783 -0.300990 -0.390577 -0.027138 -0.166919 -0.339865 -0.262214 -0.050382 -0.038516 -0.141053 -0.087508 0.191215 0.265002 0.165877 0.322052 -0.073343 0.050890 0.134345 0.019335 0.011090 -0.112658 -0.077014 0.110409 0.139086 -0.049683 -0.197061 -0.081382 -0.181201 -0.050932 -0.006496 0.077808 0.145871 0.005865 -0.238139 -0.343262 -0.117496 -0.069573
-0.321492 -0.358610 0.250464 1.000000 0.193706 0.537290 0.306035 0.550924 0.165131 0.142035 -0.237181 0.176308 -0.201561 0.090006 0.235215 0.125742 -0.404598 -0.395103 0.178760 -0.033402 -0.078062 -0.163899 0.497116 0.414943 0.354532 0.269853 0.262809 0.317492 -0.307336 -0.336695 0.186257 0.239189 -0.192329 0.044014 0.206008 0.109764 -0.277907 -0.173596 -0.285469 -0.271094 -0.348080 -0.339500 0.361321 0.203337 -0.071731 -0.113456 0.220140 0.189300 -0.069266 -0.118176 0.030478 0.064320 0.216606 0.159904 -0.010952 0.034430 -0.416014 -0.536595 -0.477070 -0.471667 -0.324569 -0.101101 -0.568649 -0.580106 0.471580 0.514641 -0.577692 -0.155377 -0.376963 -0.077898 0.119390 -0.018387 -0.351491 -0.374588 -0.248308 -0.157373 -0.194613 0.047768 -0.073472 -0.196766 -0.377916 -0.508115 0.267559 0.036146 0.047254 0.054442 0.217419 0.269009 0.460531 0.367963 0.388827 0.130328 0.716829 0.284770 -0.301745 -0.130005 -0.083716 -0.094202 0.113087 -0.199971 0.060158 -0.167127 0.007330 -0.329714 -0.410666 -0.041120 -0.270679 -0.068057 -0.133812 -0.014198 0.093739 0.205073 0.041968 0.071412 -0.230284 -0.150272
0.085093 0.007256 0.213881 0.193706 1.000000 0.415040 0.248772 0.189381 0.378525 0.254974 0.115999 -0.041915 0.161970 0.061065 0.094193 0.147792 -0.055266 -0.028649 0.182788 0.036765 0.084927 -0.054400 0.182366 0.211170 0.106631 0.053047 0.263642 0.022230 -0.049944 -0.233759 -0.180503 -0.004542 -0.154503 -0.059392 -0.396086 -0.239671 0.017781 -0.074787 0.030463 -0.009732 -0.167421 0.064116 -0.050887 -0.097279 -0.047575 -0.137869 -0.102450 -0.077237 -0.003132 -0.080652 0.081058 -0.149278 0.054227 -0.046027 0.040360 -0.189012 -0.132728 -0.146550 0.043305 -0.084043 0.107250 0.133421 -0.040899 0.007028 0.102054 0.056674 -0.222343 -0.226318 0.131965 0.194622 0.340201 -0.039128 0.113059 -0.017770 0.153199 0.033954 -0.005726 -0.049153 0.232026 -0.146805 0.002353 -0.077797 0.053499 0.137605 -0.086184 -0.219703 0.089044 0.007248 0.221422 0.005352 0.146236 0.121278 0.210465 0.243793 -0.043345 0.093945 -0.168767 -0.027048 -0.077211 -0.097346 0.199309 0.110011 0.032979 -0.008141 -0.110260 -0.233164 -0.197827 0.119718 0.024685 0.132598 -0.047489 -0.112644 -0.210718 -0.204000 -0.022699 -0.107139
-0.334469 -0.223704 0.153439 0.537290 0.415040 1.000000 0.143810 0.296206 0.069290 0.179614 -0.129718 -0.092628 0.023922 0.084111 0.151973 0.287162 -0.404887 -0.346020 -0.051790 -0.281209 -0.043205 0.000136 0.491873 0.322822 0.321179 0.363769 0.412684 0.419975 -0.319085 -0.381588 -0.049143 0.070424 -0.172001 -0.240545 -0.078551 -0.099613 -0.318904 -0.031547 -0.360883 0.061309 -0.329351 -0.224284 0.299185 0.325948 0.062830 0.108943 0.116384 0.149229 0.133834 0.035834 0.324714 0.242021 0.241060 0.052454 -0.075584 -0.069890 -0.374389 -0.464034 -0.277696 -0.163176 -0.144030 0.037269 -0.469591 -0.410494 0.317813 0.462149 -0.260939 0.036838 -0.035484 0.013430 0.294783 -0.187642 -0.379248 -0.339835 -0.226678 -0.234643 -0.247523 -0.159797 -0.033374 -0.387971 -0.419800 -0.412819 0.012054 -0.115017 -0.090718 -0.051470 -0.017217 0.112266 0.344796 0.206132 0.245656 0.098498 0.458254 0.242987 -0.073886 0.149855 0.039335 0.153747 -0.107970 -0.052341 0.155229 -0.069139 -0.223686 -0.145720 -0.117604 -0.247570 -0.079829 0.073556 0.094646 0.205268 0.258795 0.183657 0.208711 0.070212 -0.072767 -0.006903
0.441186 0.238107 0.579190 0.306035 0.248772 0.143810 1.000000 0.550101 0.503367 0.246174 0.121861 0.163309 0.350261 0.394499 0.183052 0.061883 0.006406 0.037294 0.235194 0.153401 0.079771 -0.101482 -0.080005 -0.321462 -0.346833 -0.320195 0.030319 -0.133501 0.232167 -0.080971 -0.234875 -0.089839 0.105607 0.198348 -0.192525 -0.273966 -0.362374 -0.248492 -0.072337 -0.103925 -0.255866 -0.265527 -0.029136 -0.187591 -0.194541 -0.257196 -0.106388 -0.142031 0.013608 -0.245526 -0.029606 -0.127218 0.164320 -0.064659 0.025696 0.093080 -0.278776 -0.245268 0.095211 -0.193318 0.496450 0.449228 -0.194572 0.026999 0.093171 0.242459 -0.371355 -0.443932 -0.332323 -0.004916 0.161616 -0.087412 0.177012 -0.169998 -0.000311 0.183675 -0.134784 -0.180275 0.184242 -0.137692 0.042367 -0.093176 0.061574 0.043667 -0.112609 -0.192378 0.104641 -0.154077 0.216515 0.026786 0.025358 0.084875 0.022399 0.044090 -0.195666 0.014064 -0.217500 -0.094756 -0.081961 -0.236593 -0.061099 -0.018587 0.051671 -0.232361 -0.183815 -0.044003 -0.294988 0.016694 -0.031619 0.016596 -0.128074 -0.029746 -0.113548 -0.307898 -0.160021 -0.122587
-0.015308 0.006498 0.445926 0.550924 0.189381 0.296206 0.550101 1.000000 0.379755 0.308841 -0.066654 0.191058 0.035501 0.370169 0.076520 0.143746 -0.261347 -0.179387 0.130893 -0.013622 -0.118299 -0.232692 -0.091926 -0.135930 -0.233460 -0.199771 0.010528 -0.183097 -0.106170 -0.144052 -0.256228 -0.176457 0.069242 0.150470 -0.007488 -0.041502 -0.190322 -0.205417 -0.093460 -0.070411 -0.094863 -0.240449 0.145601 0.029602 0.037530 -0.017828 0.063376 0.053804 0.123305 0.035967 0.212106 0.150520 0.245021 0.109263 0.033586 0.142525 -0.365701 -0.378669 -0.196417 -0.065723 0.119492 0.399143 -0.266950 -0.089935 -0.001235 0.285424 -0.265763 -0.218978 -0.385305 -0.117107 0.031700 -0.201012 -0.079506 -0.198908 -0.158234 0.001098 -0.274654 -0.085977 -0.130585 -0.145459 -0.170570 -0.298304 0.048654 0.026799 -0.063161 -0.110627 0.079370 0.043676 0.128662 0.079790 0.321500 0.050807 0.396492 -0.020453 -0.286456 -0.014577 -0.101664 -0.091033 0.106823 -0.243298 0.124634 -0.271619 0.119900 -0.330774 -0.320338 -0.184552 -0.208937 -0.157281 -0.104539 -0.033790 -0.074609 -0.005455 -0.063919 -0.150242 -0.256169 -0.165373
-0.002470 0.060382 0.430903 0.165131 0.378525 0.069290 0.503367 0.379755 1.000000 0.641902 0.134367 0.324024 0.264686 0.383341 0.207623 0.208745 -0.081327 0.145160 -0.097690 -0.253045 -0.039906 -0.216284 -0.139916 -0.269311 -0.190959 -0.367846 -0.243028 -0.333131 0.281944 0.093691 -0.200326 -0.074789 -0.133685 -0.028005 -0.283337 -0.305451 0.029556 0.168854 -0.086906 -0.114560 -0.010441 -0.084930 -0.031472 -0.084198 0.038299 0.051882 -0.005949 -0.014615 0.023422 -0.012979 -0.050103 -0.038060 0.081990 0.005760 0.041634 0.183380 -0.330935 -0.300620 0.090995 -0.089535 0.311241 0.319930 -0.079899 0.086984 -0.130639 0.056413 -0.210199 -0.430325 -0.242215 -0.262524 0.124152 0.012078 0.296497 -0.022148 0.110449 0.307703 0.085478 -0.093098 0.156617 -0.066392 0.004840 -0.071492 -0.042966 -0.039445 -0.168231 -0.183007 0.068838 -0.185557 -0.021327 -0.141429 -0.041672 -0.031062 0.041876 0.113657 -0.137620 0.090188 0.017259 0.097523 -0.062314 -0.097375 -0.083776 0.000603 0.264261 -0.031488 -0.099587 0.075881 -0.324031 -0.110316 0.079103 0.101059 0.022143 0.035455 -0.250312 -0.299038 -0.077026 -0.084649
-0.164707 0.027978 0.045936 0.142035 0.254974 0.179614 0.246174 0.308841 0.641902 1.000000 -0.122610 0.134498 -0.009594 0.208404 0.105032 0.134051 -0.086357 0.114352 -0.212039 -0.281339 -0.059190 -0.093789 -0.184264 -0.331156 -0.101365 -0.238416 -0.267054 -0.222185 0.158088 0.295597 -0.081267 0.057070 -0.293776 -0.085417 -0.154514 -0.118116 0.164420 0.090166 -0.264594 -0.266664 0.147306 0.058536 -0.044521 -0.172522 0.130227 0.295530 0.045830 -0.110898 -0.071261 0.106151 -0.134480 0.074669 0.114144 0.127967 -0.084375 0.000001 -0.278558 -0.185903 -0.004468 -0.005258 -0.000613 0.328983 -0.171294 -0.069403 0.023570 0.219457 -0.192826 -0.227005 -0.118135 -0.156750 0.155591 0.146616 0.129223 -0.023285 0.008210 0.027883 0.065204 -0.005121 0.081693 0.006495 0.056535 0.082870 -0.046753 -0.055448 0.022573 -0.100862 0.090493 -0.288216 0.116418 -0.159465 0.118665 0.056083 0.092357 0.062383 -0.100121 -0.006121 -0.057084 0.028237 0.118712 -0.009258 0.093034 0.150858 0.176481 -0.089714 -0.008622 0.137451 -0.332537 -0.060873 0.065873 -0.013190 -0.061896 0.127095 0.001250 -0.037041 -0.001259 -0.024509
0.204852 0.288790 0.113410 -0.237181 0.115999 -0.129718 0.121861 -0.066654 0.134367 -0.122610 1.000000 0.268766 0.735222 0.368564 0.232433 0.269287 0.030143 0.183139 0.148215 0.223634 0.174991 0.163292 0.052947 -0.103255 -0.268557 -0.071873 0.162718 -0.074762 0.431193 -0.172039 -0.145322 -0.068571 0.170227 0.155913 -0.186559 -0.474474 -0.077721 -0.273995 0.068574 -0.006697 -0.224788 0.121526 -0.242960 -0.278661 -0.208220 -0.228837 -0.415030 -0.369262 0.050142 -0.205062 -0.045849 -0.305482 0.021577 -0.284033 -0.089435 -0.097424 -0.078906 0.099497 0.062268 -0.118659 0.206083 0.072717 0.257139 0.147586 -0.102065 -0.074778 -0.001526 -0.238603 0.224900 0.050661 0.171530 -0.394787 0.277784 -0.136868 0.091109 -0.010443 0.038933 -0.428413 0.275497 -0.349194 0.269770 0.353636 -0.031741 -0.088248 0.252568 0.143860 -0.128235 -0.035458 -0.008013 -0.145337 -0.179073 -0.187188 -0.140427 0.073210 0.192383 0.197776 -0.247281 0.019661 -0.368124 0.014917 -0.155497 0.075710 -0.014169 0.117462 0.182145 0.249700 -0.181613 0.210883 0.169012 0.090080 -0.026588 -0.152994 -0.068507 -0.070243 0.620542 0.367611
0.000612 0.143792 0.008723 0.176308 -0.041915 -0.092628 0.163309 0.191058 0.324024 0.134498 0.268766 1.000000 0.209970 0.645673 0.327096 0.502304 0.138168 0.279831 -0.135692 0.116433 -0.016434 -0.252745 -0.116215 -0.157822 -0.326299 -0.377059 -0.217213 -0.131221 0.349585 0.405483 -0.190964 -0.228663 0.043176 0.148829 0.089312 0.032304 0.014106 0.051586 -0.171379 -0.119055 -0.004470 0.213777 -0.050947 -0.086396 -0.235479 -0.164794 -0.042331 -0.057598 -0.235586 -0.198211 -0.351958 -0.341375 -0.039317 -0.072849 -0.174633 -0.200961 0.006058 -0.092744 -0.062293 -0.245753 0.141872 0.090489 0.131531 0.108947 -0.134236 -0.068329 -0.186182 -0.256962 -0.156721 -0.279282 0.074338 -0.104600 0.310846 0.126816 0.167920 0.046919 0.304365 0.174839 0.180555 0.176846 0.219444 0.140582 0.089939 0.261121 0.189330 0.297946 -0.155657 -0.192855 -0.127679 -0.242297 0.025058 -0.217162 0.117500 -0.010331 -0.305029 -0.051774 -0.158019 -0.060919 -0.102428 -0.209437 -0.021168 -0.105621 0.139680 -0.346647 -0.325187 -0.092760 -0.183047 -0.294077 -0.136423 -0.009661 -0.149680 -0.165213 -0.071064 -0.021511 -0.079667 -0.254625
0.285438 0.386051 0.228420 -0.201561 0.161970 0.023922 0.350261 0.035501 0.264686 -0.009594 0.735222 0.209970 1.000000 0.510878 0.445683 0.413014 0.122105 0.285581 0.163282 0.252173 0.121162 0.181348 0.116666 -0.106567 -0.308096 -0.107587 0.267776 0.022771 0.544315 -0.140138 -0.185768 -0.036439 0.160775 0.237331 -0.192101 -0.588737 -0.263075 -0.335741 0.183161 0.090513 -0.110328 -0.041813 -0.355357 -0.363161 -0.351722 -0.345946 -0.534043 -0.427412 -0.082001 -0.335843 -0.102149 -0.308288 -0.007705 -0.389169 0.039593 -0.173906 -0.215216 -0.057859 0.112108 0.004380 0.464484 0.358192 0.088166 0.140462 -0.212796 -0.029056 -0.042882 -0.324520 0.235393 0.195428 0.274107 -0.404949 0.276403 -0.256373 0.023010 -0.178209 0.001647 -0.437349 0.466010 -0.389208 0.182437 0.201121 0.050709 -0.009631 -0.076183 -0.133393 -0.041303 -0.115296 0.052447 -0.038913 -0.173201 -0.159193 -0.178080 0.097433 0.197879 0.191684 -0.341812 -0.055662 -0.474291 -0.171102 -0.008998 0.056949 -0.083159 0.214811 0.255368 0.250678 -0.149942 0.399803 0.141416 0.145756 -0.060070 -0.227008 -0.134144 -0.169758 0.471231 0.318696
0.191010 0.315317 0.101985 0.090006 0.061065 0.084111 0.394499 0.370169 0.383341 0.208404 0.368564 0.645673 0.510878 1.000000 0.210539 0.381521 0.098641 0.133176 -0.056536 0.085759 -0.157843 -0.149249 -0.044312 -0.303572 -0.343691 -0.360873 -0.103665 -0.022865 0.269929 0.040586 -0.328979 -0.377558 0.202166 0.160165 0.012909 -0.164301 -0.247207 -0.204340 -0.146102 -0.100726 -0.143509 -0.049453 -0.207721 -0.166434 -0.333431 -0.199031 -0.340357 -0.232990 -0.133181 -0.340830 -0.113191 -0.248643 -0.032928 -0.309780 -0.099152 -0.179214 -0.084476 -0.173142 0.125454 -0.095408 0.438712 0.435262 0.074203 0.129008 -0.170333 0.226568 -0.108775 -0.239671 -0.072260 -0.109181 0.152004 -0.325124 0.186806 -0.144879 0.139914 -0.001362 0.100612 -0.082025 0.207925 -0.172881 0.178962 0.094809 -0.076411 -0.096925 0.029161 0.105164 -0.113912 -0.137991 -0.006137 -0.055244 -0.018483 -0.189771 0.051265 -0.095051 -0.127264 0.135285 -0.241156 0.003655 -0.347352 -0.224743 0.213748 -0.049080 -0.040100 -0.198605 -0.101062 -0.014958 -0.109015 -0.049133 0.022404 0.191369 -0.092246 -0.224935 -0.072556 -0.064502 0.152474 -0.051979
-0.027258 0.039347 -0.075401 0.235215 0.094193 0.151973 0.183052 0.076520 0.207623 0.105032 0.232433 0.327096 0.445683 0.210539 1.000000 0.742506 -0.151773 0.073204 0.231395 0.391150 0.328920 0.271423 0.257975 0.369114 0.084352 0.275833 0.512253 0.368625 0.268017 -0.059333 0.185192 0.390993 -0.087995 0.343049 -0.141271 -0.192281 0.054734 -0.229330 0.137200 0.050867 0.187096 0.186879 -0.289592 -0.295537 -0.505164 -0.341500 -0.393613 -0.407256 -0.524104 -0.390561 -0.446362 -0.398690 -0.189557 -0.282141 0.020857 -0.317442 -0.133383 -0.209464 -0.389358 -0.267707 -0.075513 -0.085548 -0.097191 -0.230157 0.261784 0.133641 -0.368992 -0.222950 0.326103 0.341980 0.350906 0.170269 -0.080985 -0.278288 -0.215867 -0.114750 -0.137613 -0.026547 0.243104 -0.095565 0.118958 0.137793 0.699318 0.578829 0.301455 0.285905 0.317301 0.174478 0.486941 0.281569 -0.233625 -0.419329 0.043223 -0.082670 -0.113622 -0.280686 -0.572846 -0.385090 -0.412327 -0.398773 -0.142786 -0.340424 -0.147683 -0.041791 -0.104066 0.168957 -0.386409 0.245094 -0.218366 -0.355097 -0.342954 -0.277350 -0.250702 -0.152814 0.018088 -0.062596
-0.087194 0.063864 -0.059964 0.125742 0.147792 0.287162 0.061883 0.143746 0.208745 0.134051 0.269287 0.502304 0.413014 0.381521 0.742506 1.000000 -0.102820 0.096225 0.028138 0.172092 0.228437 0.158282 0.232436 0.214378 -0.016995 0.166406 0.359220 0.313168 0.227703 0.021001 -0.063250 0.072886 0.007357 0.208084 -0.131800 -0.180866 0.209311 -0.080704 0.111071 0.275435 0.251883 0.377569 -0.225896 -0.157322 -0.411903 -0.274554 -0.304236 -0.348270 -0.343514 -0.309431 -0.247004 -0.285146 -0.148444 -0.301729 0.004984 -0.281928 -0.035655 -0.181204 -0.313065 -0.162274 -0.060071 -0.046944 0.058185 -0.109598 0.103851 0.088134 -0.228032 -0.171716 0.277275 0.179477 0.311594 -0.050994 0.067377 -0.193070 0.016836 -0.164648 -0.037300 -0.073330 0.288230 -0.111213 0.199146 0.240864 0.449539 0.477299 0.325447 0.298963 0.180897 0.132013 0.337552 0.157692 -0.227843 -0.511107 0.032195 -0.122086 -0.049245 -0.174632 -0.389699 -0.261894 -0.423960 -0.417278 -0.127628 -0.345989 -0.137060 -0.176477 -0.052680 -0.036546 -0.341350 0.163711 -0.205614 -0.241363 -0.304865 -0.348016 -0.258766 -0.140303 0.061019 -0.111005
0.439950 0.360718 -0.120401 -0.404598 -0.055266 -0.404887 0.006406 -0.261347 -0.081327 -0.086357 0.030143 0.138168 0.122105 0.098641 -0.151773 -0.102820 1.000000 0.625924 0.113377 0.256362 -0.034047 -0.190277 -0.481233 -0.465273 -0.426572 -0.550887 -0.313062 -0.507555 0.568176 0.482497 -0.201741 -0.264033 0.175557 0.134801 -0.138754 -0.230538 0.189425 -0.056314 0.023815 -0.076851 -0.007532 0.225771 -0.401420 -0.471835 -0.186856 -0.219416 -0.261841 -0.286619 -0.173482 -0.149370 -0.322530 -0.365795 -0.322688 -0.152554 -0.038465 -0.216386 0.586985 0.452887 0.347999 0.326004 0.484526 0.256453 0.723731 0.712379 -0.461455 -0.425035 0.253527 -0.136804 0.142444 0.042336 -0.106521 -0.218450 0.671069 0.442250 0.610652 0.016342 0.451243 -0.090100 0.525981 0.259278 0.677840 0.528985 -0.313663 0.068215 -0.161102 -0.188342 -0.163134 -0.451917 -0.214970 -0.230428 -0.002642 0.092631 -0.383012 -0.018289 0.125616 0.126374 -0.153277 -0.000245 0.000181 0.147594 0.161887 0.408707 0.371603 0.214374 0.177230 -0.016860 0.078896 0.043495 0.195918 0.169687 -0.215427 -0.040148 -0.108022 -0.039339 0.019678 -0.015731
0.257380 0.553780 -0.165288 -0.395103 -0.028649 -0.346020 0.037294 -0.179387 0.145160 0.114352 0.183139 0.279831 0.285581 0.133176 0.073204 0.096225 0.625924 1.000000 0.108328 0.366467 -0.109429 -0.133355 -0.440474 -0.383865 -0.443799 -0.544485 -0.289614 -0.466351 0.651476 0.647024 -0.269922 -0.099470 0.308726 0.323763 -0.151202 -0.252008 0.068212 -0.068929 0.000331 -0.115488 0.045476 0.169636 -0.434488 -0.520542 -0.141476 -0.098417 -0.238510 -0.356918 -0.248002 -0.079276 -0.445928 -0.398136 -0.190116 -0.138876 -0.091989 -0.297525 0.223760 0.425022 0.327392 0.373998 0.351736 0.396237 0.513275 0.610801 -0.479213 -0.509536 0.210754 -0.224616 0.173205 0.120626 0.004929 -0.027929 0.639871 0.373883 0.470901 0.065881 0.337357 -0.042774 0.460864 0.378549 0.548346 0.507583 -0.200300 0.246966 -0.193732 -0.363797 -0.230035 -0.592437 -0.235777 -0.413526 -0.114109 -0.109389 -0.462550 -0.118412 -0.053240 -0.066322 -0.276816 -0.132641 -0.057501 -0.062081 0.116779 0.179117 0.338708 0.174416 0.165310 0.097532 -0.173323 0.056622 -0.004496 -0.002977 -0.339607 -0.102085 0.045046 -0.095168 -0.037225 -0.071392
0.221435 0.033819 0.318375 0.178760 0.182788 -0.051790 0.235194 0.130893 -0.097690 -0.212039 0.148215 -0.135692 0.163282 -0.056536 0.231395 0.028138 0.113377 0.108328 1.000000 0.602623 0.129446 0.009470 0.132165 0.249772 -0.065913 0.045886 0.299418 0.065261 0.127186 -0.203181 0.105823 0.148123 0.140834 0.403875 -0.149362 -0.152710 0.025341 -0.413146 0.263481 -0.243874 -0.018029 0.083267 -0.169911 -0.299677 -0.199285 -0.440123 -0.235699 -0.381210 -0.099048 -0.162336 -0.080833 -0.097785 -0.170485 -0.166277 0.074240 -0.231551 0.094981 -0.054170 -0.078927 -0.036370 -0.030048 -0.070551 0.007478 -0.068737 -0.001174 -0.121784 -0.185626 -0.207492 0.064381 0.293219 0.306574 0.061374 0.116862 0.038159 0.168370 0.003761 -0.102736 -0.089104 0.040628 -0.100415 0.132857 0.043202 0.326473 0.259193 -0.060021 -0.090580 0.081715 -0.031827 0.238723 0.181255 0.139731 0.048826 0.004647 0.094808 -0.099637 -0.306786 -0.439665 -0.454581 -0.112696 -0.282726 -0.016261 -0.093722 -0.058399 0.064649 0.017066 0.137985 -0.295899 0.275143 -0.197466 -0.281566 -0.392966 -0.239934 -0.293165 -0.254606 -0.074135 -0.080890
0.386876 0.441686 -0.134787 -0.033402 0.036765 -0.281209 0.153401 -0.013622 -0.253045 -0.281339 0.223634 0.116433 0.252173 0.085759 0.391150 0.172092 0.256362 0.366467 0.602623 1.000000 0.163562 0.263920 -0.087337 0.139096 -0.200050 -0.032566 0.269179 0.065423 0.401813 0.095546 0.055800 0.201930 0.366983 0.701809 -0.047336 -0.089647 -0.020829 -0.482966 0.303156 -0.030762 0.017643 0.199716 -0.450214 -0.552025 -0.490829 -0.564217 -0.437358 -0.561296 -0.415073 -0.334505 -0.567163 -0.465921 -0.334007 -0.349059 -0.100855 -0.391565 0.208832 0.276263 -0.058810 0.007242 0.029009 0.040368 0.237734 0.183419 0.005115 -0.264474 -0.233595 -0.243338 0.269900 0.507902 0.145769 0.037605 0.254206 -0.023061 0.134502 -0.031869 -0.096749 -0.023088 0.213316 0.095911 0.448555 0.354523 0.455547 0.622552 0.141365 0.005722 0.100158 -0.082176 0.215408 0.072753 -0.045049 -0.188247 -0.216025 -0.172040 -0.086866 -0.360430 -0.653298 -0.532598 -0.192182 -0.370700 0.064802 -0.107730 0.061699 0.006257 0.044624 0.187210 -0.342728 0.249429 -0.325484 -0.368534 -0.597867 -0.352008 -0.080025 -0.136482 0.030016 -0.089073
0.107223 -0.065425 0.102934 -0.078062 0.084927 -0.043205 0.079771 -0.118299 -0.039906 -0.059190 0.174991 -0.016434 0.121162 -0.157843 0.328920 0.228437 -0.034047 -0.109429 0.129446 0.163562 1.000000 0.634901 0.125922 0.119563 0.042702 0.238238 0.482134 0.174810 0.208688 -0.104567 0.030084 0.129329 -0.242359 -0.039671 -0.363339 -0.270138 0.292087 0.044569 0.304391 0.316746 0.279701 0.616630 -0.121955 -0.156990 -0.168426 -0.168215 -0.222303 -0.142994 -0.315391 -0.180593 -0.195909 -0.201890 -0.278274 -0.200748 0.179328 0.119598 -0.021313 -0.062196 -0.156158 -0.056046 -0.221738 -0.201646 0.103151 -0.080864 0.158883 -0.064844 -0.207816 -0.030191 0.341757 0.182340 0.502409 0.254837 0.131184 0.159217 0.160267 0.235245 0.038956 -0.085382 0.205082 -0.040965 0.208200 0.287121 0.389889 0.281693 0.372374 0.293310 0.295096 0.280924 0.300606 0.253007 -0.286487 -0.212525 -0.159552 -0.060364 0.252142 -0.065783 -0.107384 -0.003178 -0.290402 0.064698 -0.202501 0.007986 0.036730 0.025260 -0.237894 -0.107326 -0.122978 0.084218 0.004165 -0.178567 0.018296 -0.109504 -0.182366 -0.292649 0.068477 -0.048522
0.015112 0.074569 -0.203196 -0.163899 -0.054400 0.000136 -0.101482 -0.232692 -0.216284 -0.093789 0.163292 -0.252745 0.181348 -0.149249 0.271423 0.158282 -0.190277 -0.133355 0.009470 0.263920 0.634901 1.000000 0.215846 0.231060 0.157090 0.455144 0.530041 0.348096 0.174456 -0.207498 0.124012 0.281240 0.075730 0.166324 -0.164715 -0.167737 0.124402 -0.155506 0.300412 0.325803 0.242935 0.409130 -0.264350 -0.266396 -0.297477 -0.173788 -0.349412 -0.319311 -0.307867 -0.163290 -0.241888 -0.199312 -0.256431 -0.289792 0.050648 0.016493 -0.005662 0.103751 -0.193837 0.061050 -0.293771 -0.101555 0.012566 -0.177178 0.198391 -0.014701 -0.228248 -0.053603 0.390870 0.374651 0.291835 0.228619 -0.002428 -0.084114 -0.006852 0.040877 -0.141706 -0.180368 0.129590 -0.210448 0.166520 0.264260 0.313925 0.220417 0.390961 0.204296 0.219771 0.213064 0.258457 0.236156 -0.332270 -0.319303 -0.251088 -0.213758 0.372268 -0.027349 -0.247288 -0.058295 -0.311043 0.016111 -0.118603 -0.147267 -0.172363 0.156191 0.127456 0.266016 -0.053517 0.328168 0.040200 -0.225347 -0.042882 -0.068973 0.094133 -0.156290 0.341632 0.171544
-0.385427 -0.432677 0.092954 0.497116 0.182366 0.491873 -0.080005 -0.091926 -0.139916 -0.184264 0.052947 -0.116215 0.116666 -0.044312 0.257975 0.232436 -0.481233 -0.440474 0.132165 -0.087337 0.125922 0.215846 1.000000 0.735006 0.724126 0.693559 0.575296 0.767158 -0.360245 -0.551830 0.444154 0.404451 -0.293973 -0.121194 0.198662 0.034781 -0.176219 -0.143787 0.078801 0.039215 -0.177425 -0.122950 0.226940 0.262179 -0.089893 -0.173036 0.011308 0.056903 0.027550 -0.185612 0.192499 0.028854 0.047734 -0.102514 0.192429 -0.041572 -0.349153 -0.440147 -0.256407 -0.380730 -0.463781 -0.370334 -0.509353 -0.704158 0.593096 0.466704 -0.304370 0.104435 0.020343 0.154802 0.321364 0.032071 -0.389406 -0.364900 -0.144557 -0.226907 -0.074854 0.045231 0.041469 -0.350570 -0.506776 -0.432773 0.398363 -0.037034 0.140250 0.073900 0.368563 0.561547 0.525919 0.538617 -0.052128 -0.120323 0.438730 0.269248 0.071671 -0.113083 -0.019808 -0.123028 -0.264841 -0.222802 -0.020561 -0.034497 -0.359067 -0.094065 -0.178520 0.067099 -0.157186 0.259201 -0.155439 0.003510 0.176301 -0.119424 -0.037154 0.028457 0.099733 0.046929
-0.464851 -0.500987 -0.094588 0.414943 0.211170 0.322822 -0.321462 -0.135930 -0.269311 -0.331156 -0.103255 -0.157822 -0.106567 -0.303572 0.369114 0.214378 -0.465273 -0.383865 0.249772 0.139096 0.119563 0.231060 0.735006 1.000000 0.706829 0.780924 0.631298 0.644611 -0.386982 -0.459926 0.563492 0.604702 -0.159489 0.030854 0.070720 0.133502 -0.050932 -0.097221 0.202667 0.048351 -0.051925 -0.041383 0.057471 0.148125 -0.149666 -0.237307 -0.068711 -0.013609 -0.155366 -0.134577 0.012630 -0.025972 -0.165557 -0.138509 0.134438 -0.132112 -0.093370 -0.232934 -0.426138 -0.268972 -0.606722 -0.560968 -0.404675 -0.574786 0.497718 0.185536 -0.175756 0.171924 0.073486 0.197989 0.252541 0.248377 -0.469301 -0.206129 -0.229319 -0.117652 -0.186971 0.187407 -0.123478 -0.158908 -0.422586 -0.376924 0.540333 0.307216 0.148133 0.191837 0.323892 0.551279 0.361426 0.460040 -0.012621 -0.169224 0.443506 0.151983 0.046199 -0.164228 -0.101815 -0.174124 -0.188104 -0.204612 0.057889 -0.220382 -0.182497 0.097068 -0.120113 -0.022495 -0.046206 0.116619 -0.171984 -0.160918 0.030718 -0.134078 -0.081373 0.054790 -0.068341 -0.083034
-0.470878 -0.543244 -0.109664 0.354532 0.106631 0.321179 -0.346833 -0.233460 -0.190959 -0.101365 -0.268557 -0.326299 -0.308096 -0.343691 0.084352 -0.016995 -0.426572 -0.443799 -0.065913 -0.200050 0.042702 0.157090 0.724126 0.706829 1.000000 0.709464 0.420837 0.598646 -0.478273 -0.344653 0.589559 0.533270 -0.299936 -0.203598 0.184015 0.215842 -0.043533 0.039896 -0.029548 0.020694 -0.047182 -0.131762 0.162622 0.272806 -0.055845 -0.085010 0.105981 0.171026 -0.057378 -0.109742 0.091049 0.047216 -0.118420 -0.007290 0.055530 0.031814 -0.198459 -0.292192 -0.230854 -0.217551 -0.537294 -0.480229 -0.390127 -0.635688 0.646227 0.309742 -0.055493 0.303742 0.050568 0.053312 -0.002459 0.241668 -0.482965 -0.163095 -0.159546 -0.117425 -0.119790 0.216468 -0.130647 -0.066885 -0.417745 -0.369774 0.336425 0.012876 0.176444 0.027308 0.336192 0.529020 0.339060 0.414517 -0.037111 0.001722 0.397417 0.143733 0.073911 -0.112705 0.149036 -0.005896 -0.063434 -0.004791 0.111197 -0.005815 -0.166689 0.134929 -0.131540 0.066162 -0.043757 0.192564 -0.146359 -0.029200 0.209949 0.014319 0.054939 0.091469 -0.047051 -0.089692
-0.345299 -0.380805 -0.199764 0.269853 0.053047 0.363769 -0.320195 -0.199771 -0.367846 -0.238416 -0.071873 -0.377059 -0.107587 -0.360873 0.275833 0.166406 -0.550887 -0.544485 0.045886 -0.032566 0.238238 0.455144 0.693559 0.780924 0.709464 1.000000 0.660018 0.778345 -0.456249 -0.545982 0.477026 0.530752 -0.094151 0.026283 0.173715 0.185205 0.091968 -0.101737 0.255829 0.213540 0.087549 0.014470 -0.053401 0.120285 -0.200286 -0.155432 -0.159330 -0.098335 -0.110951 -0.189713 0.094296 0.034334 -0.048818 -0.214737 0.142629 -0.033186 -0.060503 -0.114251 -0.330203 -0.145424 -0.556138 -0.462540 -0.399881 -0.688470 0.578490 0.416606 -0.097879 0.376499 0.224637 0.358256 0.183951 0.258433 -0.536261 -0.276024 -0.295637 -0.167711 -0.269335 0.042123 -0.166448 -0.212828 -0.406214 -0.263561 0.459305 0.127912 0.337220 0.282133 0.303066 0.603142 0.438399 0.539579 -0.217709 -0.308256 0.266387 -0.012001 0.198006 -0.190261 -0.075479 -0.147085 -0.239354 -0.142716 -0.124720 -0.188995 -0.376128 0.031439 -0.052344 0.056112 0.050094 0.210619 -0.154420 -0.265057 0.024317 -0.121349 0.011680 0.062023 0.097509 0.063062
-0.001447 -0.139725 -0.005225 0.262809 0.263642 0.412684 0.030319 0.010528 -0.243028 -0.267054 0.162718 -0.217213 0.267776 -0.103665 0.512253 0.359220 -0.313062 -0.289614 0.299418 0.269179 0.482134 0.530041 0.575296 0.631298 0.420837 0.660018 1.000000 0.647206 -0.113970 -0.570002 0.267189 0.420127 -0.072276 0.087842 -0.179201 -0.212784 -0.069320 -0.220972 0.265721 0.294636 0.020838 0.067418 -0.161228 -0.047391 -0.391736 -0.352734 -0.407122 -0.260760 -0.325885 -0.330339 -0.075128 -0.203635 -0.217380 -0.374794 0.110280 -0.169524 -0.118717 -0.241884 -0.447789 -0.208183 -0.267900 -0.258979 -0.217776 -0.407342 0.452492 0.242494 -0.347924 0.020214 0.381197 0.432194 0.457742 0.060278 -0.322875 -0.317479 -0.222750 -0.125580 -0.324820 -0.168005 0.083252 -0.350876 -0.118377 -0.052973 0.494013 0.261307 0.287271 0.175783 0.345418 0.480446 0.588636 0.524550 -0.136371 -0.215792 0.149968 -0.008419 0.132118 -0.041402 -0.328554 -0.106834 -0.442093 -0.201037 0.029278 -0.167139 -0.273567 0.104563 0.006059 0.030122 -0.198612 0.286115 -0.089084 -0.073255 0.017669 -0.215070 -0.085760 -0.131914 0.157951 0.034915
-0.125882 -0.279907 -0.198529 0.317492 0.022230 0.419975 -0.133501 -0.183097 -0.333131 -0.222185 -0.074762 -0.131221 0.022771 -0.022865 0.368625 0.313168 -0.507555 -0.466351 0.065261 0.065423 0.174810 0.348096 0.767158 0.644611 0.598646 0.778345 0.647206 1.000000 -0.425811 -0.475977 0.423810 0.429520 -0.120330 0.058406 0.303432 0.302380 -0.065742 -0.111582 0.147653 0.227966 0.057030 0.025907 0.070422 0.229006 -0.240398 -0.161999 -0.112080 -0.081233 -0.172419 -0.318294 -0.002365 -0.091813 -0.082116 -0.275454 0.006858 -0.241560 -0.133273 -0.308172 -0.259543 -0.341587 -0.393045 -0.418906 -0.451615 -0.698794 0.615629 0.478362 -0.236565 0.303158 0.170693 0.306312 0.274188 0.242160 -0.567456 -0.345809 -0.286987 -0.155700 -0.158635 0.197327 -0.137969 -0.168105 -0.385462 -0.276550 0.542527 0.157788 0.353848 0.346105 0.263776 0.507470 0.559588 0.507240 -0.250572 -0.295756 0.186855 -0.117771 -0.040251 -0.333887 -0.172217 -0.272900 -0.382613 -0.385248 -0.058756 -0.224093 -0.586423 -0.216512 -0.162887 0.006365 -0.148399 0.152218 -0.353024 -0.229848 -0.061830 -0.315285 -0.075569 -0.008370 -0.013897 -0.124109
0.300595 0.431356 0.039444 -0.307336 -0.049944 -0.319085 0.232167 -0.106170 0.281944 0.158088 0.431193 0.349585 0.544315 0.269929 0.268017 0.227703 0.568176 0.651476 0.127186 0.401813 0.208688 0.174456 -0.360245 -0.386982 -0.478273 -0.456249 -0.113970 -0.425811 1.000000 0.456013 -0.169008 -0.028189 0.161510 0.307051 -0.256370 -0.542112 0.083789 -0.097396 0.198204 0.060242 0.070427 0.231269 -0.500767 -0.597185 -0.314777 -0.261065 -0.472508 -0.465865 -0.303037 -0.303496 -0.551041 -0.529227 -0.391942 -0.366806 0.023101 -0.057415 0.083039 0.176727 0.129291 0.137457 0.406454 0.364425 0.486809 0.494870 -0.297879 -0.322310 -0.032111 -0.384694 0.142959 0.038890 0.121131 -0.245885 0.766005 0.129170 0.427508 0.084264 0.283557 -0.315354 0.624749 -0.025729 0.627658 0.544346 0.020080 0.254429 -0.023094 -0.213644 0.007254 -0.416420 -0.089967 -0.220907 -0.164643 -0.131944 -0.411413 0.046176 0.143162 0.141525 -0.267265 0.062667 -0.334610 -0.052502 -0.089928 0.211448 0.313257 0.261842 0.147200 0.336431 -0.216314 0.172087 0.179995 0.127261 -0.108683 -0.084988 -0.136384 -0.234883 0.228696 0.160822
0.095049 0.227279 -0.199374 -0.336695 -0.233759 -0.381588 -0.080971 -0.144052 0.093691 0.295597 -0.172039 0.405483 -0.140138 0.040586 -0.059333 0.021001 0.482497 0.647024 -0.203181 0.095546 -0.104567 -0.207498 -0.551830 -0.459926 -0.344653 -0.545982 -0.570002 -0.475977 0.456013 1.000000 -0.072780 -0.051597 0.068996 0.088379 0.049583 0.165528 0.219377 0.304160 -0.142121 -0.071342 0.295899 0.316382 -0.228741 -0.314725 -0.035460 -0.004870 0.101492 -0.090579 -0.226907 -0.000172 -0.445760 -0.252187 -0.167948 0.055426 -0.219051 -0.185796 0.303081 0.368417 0.264611 0.245910 0.164608 0.240339 0.349251 0.472016 -0.330670 -0.430507 0.249982 -0.065636 -0.053907 -0.257984 -0.183766 0.182645 0.541929 0.596108 0.388914 0.206900 0.519830 0.368826 0.150466 0.653680 0.401125 0.366437 -0.141513 0.278770 -0.049464 -0.144455 -0.265487 -0.626449 -0.412525 -0.521482 -0.074872 -0.095647 -0.387301 -0.176052 -0.225199 -0.132703 0.019941 -0.022874 0.165149 -0.032895 -0.066587 0.077957 0.255217 -0.089232 -0.068477 0.021011 -0.037471 -0.178906 -0.097172 -0.063325 -0.209663 -0.053716 0.032069 -0.019161 -0.269833 -0.274631
-0.224748 -0.549184 -0.039987 0.186257 -0.180503 -0.049143 -0.234875 -0.256228 -0.200326 -0.081267 -0.145322 -0.190964 -0.185768 -0.328979 0.185192 -0.063250 -0.201741 -0.269922 0.105823 0.055800 0.030084 0.124012 0.444154 0.563492 0.589559 0.477026 0.267189 0.423810 -0.169008 -0.072780 1.000000 0.806120 -0.268587 0.022544 0.256985 0.321414 0.049736 -0.041033 0.086653 -0.195644 0.031977 -0.100851 0.019863 0.042077 -0.016909 -0.090572 -0.001623 -0.089796 -0.085716 -0.199247 -0.109534 -0.136716 -0.222012 -0.130323 0.044776 -0.190322 0.053807 -0.072671 -0.209992 -0.354266 -0.437964 -0.587793 -0.217088 -0.431084 0.482286 0.131796 0.005773 0.216003 -0.180848 -0.090084 0.052191 0.434275 -0.307937 -0.010167 -0.147699 0.144200 0.081254 0.386929 -0.208753 0.146516 -0.219820 -0.188622 0.465624 0.233408 0.265431 0.210927 0.340780 0.340600 0.217783 0.297520 -0.168230 -0.075882 0.204746 -0.001180 -0.082408 -0.309896 -0.061345 -0.186227 -0.069049 -0.216886 -0.040416 0.059853 -0.107135 -0.042255 -0.145732 0.062129 -0.135549 -0.118519 -0.305249 -0.206757 -0.003716 -0.136938 -0.087648 0.112325 -0.107482 -0.190813
-0.141734 -0.315971 -0.045737 0.239189 -0.004542 0.070424 -0.089839 -0.176457 -0.074789 0.057070 -0.068571 -0.228663 -0.036439 -0.377558 0.390993 0.072886 -0.264033 -0.099470 0.148123 0.201930 0.129329 0.281240 0.404451 0.604702 0.533270 0.530752 0.420127 0.429520 -0.028189 -0.051597 0.806120 1.000000 -0.161751 0.167807 0.052414 0.089623 -0.050392 -0.086060 0.051096 -0.110692 0.035355 -0.041739 -0.167336 -0.203737 -0.200595 -0.206548 -0.163678 -0.254022 -0.281052 -0.187606 -0.311964 -0.189486 -0.201554 -0.152622 -0.023847 -0.211782 -0.035941 -0.024706 -0.238352 -0.181871 -0.422271 -0.355415 -0.315306 -0.431441 0.460081 0.084817 -0.117045 0.038231 -0.023757 0.120977 0.173526 0.428429 -0.241192 -0.056337 -0.185942 0.094770 -0.041878 0.204781 -0.066801 0.072603 -0.178665 -0.109078 0.543734 0.356523 0.203140 0.071101 0.314265 0.201736 0.344999 0.269413 -0.182190 -0.189502 0.123514 -0.020443 -0.006589 -0.258655 -0.226353 -0.217225 -0.177077 -0.238605 -0.044440 -0.048336 -0.053156 0.120517 -0.022336 0.208289 -0.304775 0.047421 -0.189467 -0.245910 -0.119884 -0.103601 -0.080072 -0.010328 -0.028252 -0.113787
0.217883 0.539730 -0.193657 -0.192329 -0.154503 -0.172001 0.105607 0.069242 -0.133685 -0.293776 0.170227 0.043176 0.160775 0.202166 -0.087995 0.007357 0.175557 0.308726 0.140834 0.366983 -0.242359 0.075730 -0.293973 -0.159489 -0.299936 -0.094151 -0.072276 -0.120330 0.161510 0.068996 -0.268587 -0.161751 1.000000 0.663551 0.133809 0.014125 -0.173312 -0.324818 0.041824 0.126152 -0.101477 -0.091800 -0.332926 -0.248014 -0.354197 -0.294029 -0.288085 -0.284068 -0.183898 -0.181357 -0.153448 -0.163910 -0.070246 -0.285059 -0.197143 -0.107110 0.341339 0.471342 0.100372 0.246845 0.292554 0.170984 0.277616 0.260433 -0.355465 -0.207316 0.186283 -0.095387 0.077490 0.163176 -0.240246 -0.108312 0.151662 0.067521 0.141515 0.000149 -0.195485 -0.223104 0.093714 0.075127 0.320145 0.203986 -0.224362 0.021510 -0.005680 -0.096546 -0.321152 -0.254227 -0.246454 -0.146723 -0.143718 -0.221406 -0.338975 -0.388786 -0.092613 -0.036779 -0.236090 -0.178955 -0.055320 -0.104256 0.032944 -0.296115 0.065711 0.084478 0.240612 0.040160 0.065734 0.167478 -0.041996 -0.171965 -0.330276 -0.057025 0.199473 -0.042882 0.030558 0.006640
0.271594 0.400023 -0.116612 0.044014 -0.059392 -0.240545 0.198348 0.150470 -0.028005 -0.085417 0.155913 0.148829 0.237331 0.160165 0.343049 0.208084 0.134801 0.323763 0.403875 0.701809 -0.039671 0.166324 -0.121194 0.030854 -0.203598 0.026283 0.087842 0.058406 0.307051 0.088379 0.022544 0.167807 0.663551 1.000000 0.292222 0.139826 0.010776 -0.573006 0.276181 -0.070061 0.139109 0.107031 -0.459963 -0.503421 -0.474422 -0.440192 -0.401178 -0.547439 -0.346634 -0.349073 -0.414898 -0.391312 -0.196762 -0.385572 -0.129529 -0.362149 0.138523 0.245365 -0.027924 0.087366 0.093382 0.064519 0.188482 -0.002440 -0.105378 -0.107137 -0.052865 -0.069984 0.091644 0.422278 -0.117315 0.162711 0.146104 -0.041155 0.033468 -0.013975 -0.176362 -0.051295 0.142349 0.188910 0.353913 0.221597 0.347665 0.457778 0.176868 0.034530 0.057251 -0.074304 0.070678 0.076906 -0.158433 -0.289966 -0.170307 -0.282960 -0.303680 -0.562777 -0.677093 -0.692577 -0.191916 -0.519536 0.015644 -0.221969 0.073453 -0.100272 0.003811 0.214847 -0.350983 0.264085 -0.495075 -0.620380 -0.706281 -0.390458 -0.043599 -0.187991 -0.084002 -0.152709
-0.118595 -0.170303 -0.142557 0.206008 -0.396086 -0.078551 -0.192525 -0.007488 -0.283337 -0.154514 -0.186559 0.089312 -0.192101 0.012909 -0.141271 -0.131800 -0.138754 -0.151202 -0.149362 -0.047336 -0.363339 -0.164715 0.198662 0.070720 0.184015 0.173715 -0.179201 0.303432 -0.256370 0.049583 0.256985 0.052414 0.133809 0.292222 1.000000 0.680916 0.014358 -0.088160 -0.018407 -0.132371 0.019192 -0.156415 0.157760 0.214604 0.052580 0.044297 0.196901 0.099431 0.093580 -0.125613 0.053322 -0.037571 0.046676 -0.090922 -0.302000 -0.233909 -0.058318 -0.108543 0.028399 -0.071561 -0.135106 -0.114094 -0.232899 -0.367785 0.186366 0.186191 0.185502 0.424554 -0.370578 -0.093136 -0.373518 0.118602 -0.244545 -0.024941 -0.224326 -0.200782 0.144433 0.399211 -0.240317 0.299347 -0.271991 -0.309679 0.029480 -0.057267 0.135303 0.147074 -0.127476 0.034199 -0.129267 -0.044625 -0.028128 -0.085238 0.149361 -0.148392 -0.393311 -0.468223 -0.111347 -0.381079 0.023582 -0.373316 -0.051888 -0.062409 -0.143317 -0.291844 -0.148106 0.188487 -0.071562 -0.118662 -0.463608 -0.330920 -0.162791 -0.278468 0.090173 0.020782 -0.184819 -0.171251
-0.040209 -0.334126 -0.249896 0.109764 -0.239671 -0.099613 -0.273966 -0.041502 -0.305451 -0.118116 -0.474474 0.032304 -0.588737 -0.164301 -0.192281 -0.180866 -0.230538 -0.252008 -0.152710 -0.089647 -0.270138 -0.167737 0.034781 0.133502 0.215842 0.185205 -0.212784 0.302380 -0.542112 0.165528 0.321414 0.089623 0.014125 0.139826 0.680916 1.000000 0.171341 0.149175 -0.023026 -0.104196 0.233111 0.076002 0.181517 0.303769 0.149417 0.186571 0.328447 0.211697 0.035400 -0.000505 0.041047 0.026604 0.004954 0.086592 -0.189716 -0.240589 0.171278 -0.004402 0.072180 -0.085638 -0.243000 -0.301847 -0.157225 -0.319769 0.219201 0.136743 0.217503 0.573996 -0.242984 -0.045812 -0.306680 0.540006 -0.357345 0.230454 -0.222898 0.164094 0.166405 0.791004 -0.630321 0.618106 -0.294872 -0.326422 0.168810 0.176407 0.185422 0.310063 -0.065623 0.140345 -0.148758 0.011228 -0.138808 -0.142330 0.075605 -0.380351 -0.529558 -0.628386 -0.044350 -0.394573 0.154882 -0.370781 -0.092112 -0.241226 -0.326654 -0.502411 -0.357684 -0.191148 0.006987 -0.394292 -0.629729 -0.488846 -0.256748 -0.332515 -0.020031 0.025951 -0.535345 -0.573291
