1.000000 0.018528 0.373063 -0.146185 0.067141 -0.090227 0.453729 -0.102371 0.216556 0.126096 0.272013 -0.103981 0.169077 -0.173325 0.071497 -0.043878 0.083718 0.295292 0.467344 -0.285799 -0.237799 -0.182020 0.178593 -0.082387 -0.111147 -0.264780 0.391972 0.038180 -0.076731 0.122071 -0.061258 -0.153539 0.350650 -0.021999 -0.364441 -0.312189 -0.129389 -0.239818 -0.228364 -0.358223 0.093953 -0.110773 -0.256385 -0.315142 -0.347070 -0.537761 -0.424888 -0.329770 -0.121355 0.049001 -0.084157 -0.151108 0.133811 -0.010817 -0.327471 -0.386237 0.432013 0.503305 0.134444 -0.033192 0.171150 -0.036770 0.250568 0.134353 0.275699 -0.324634 -0.100002 -0.441655 0.255710 0.238341 0.175625 0.104826 -0.000812 0.134734 -0.045472 -0.064017 0.239428 0.106216 -0.024847 0.120148 0.011021 0.155884 -0.143348 -0.158704 0.246019 -0.041407 0.083828 -0.155427 0.135928 0.055499 -0.027918 0.299232 -0.132550 0.267527 -0.316043 -0.203868 -0.273299 -0.267028 -0.060230 -0.038131 -0.083737 0.268362 -0.012795 0.023959 -0.017035 -0.086713 0.040995 -0.032048 -0.232285 -0.102007 -0.137426 -0.057570 -0.069865 0.058949 -0.224873 -0.071389
0.018528 1.000000 -0.065887 -0.381726 0.158794 -0.275336 0.089669 -0.213375 0.146233 -0.158188 0.200768 -0.128441 0.364161 0.344258 -0.057772 -0.313362 0.537939 0.314964 -0.113636 0.260918 -0.119410 -0.227879 -0.472975 -0.624750 -0.118534 -0.435611 -0.149146 -0.307898 0.321926 -0.020820 -0.499093 -0.486962 -0.116391 0.225320 -0.006304 0.101172 0.086963 -0.102852 -0.164225 -0.280918 0.166004 0.206136 0.111359 0.116138 0.146787 0.157982 0.289491 -0.011092 -0.042757 0.117176 0.136734 0.393699 0.179083 -0.076945 0.033258 -0.020196 0.023396 0.164677 0.238060 0.317568 0.235215 0.200074 0.309252 0.353793 -0.429195 -0.312795 0.223224 -0.016068 0.262134 -0.078043 0.033052 -0.232586 0.228665 -0.181333 -0.222420 -0.162387 0.033742 -0.279203 0.351753 0.384814 0.494183 0.484875 -0.089546 -0.019597 -0.033511 0.475989 -0.493003 -0.455844 -0.366575 -0.152020 -0.113303 0.138159 -0.278833 0.019112 -0.041583 -0.369914 -0.058910 -0.252002 0.062439 0.259662 0.191914 0.198056 0.053589 0.077576 -0.090304 -0.014405 -0.131114 -0.185143 -0.370255 -0.123513 -0.212808 0.204837 0.159013 0.301600 0.107351 0.133591
0.373063 -0.065887 1.000000 0.011067 0.331566 0.047470 0.564266 0.051559 0.210005 0.099466 0.215561 -0.250729 0.283691 -0.297068 0.191835 -0.019986 -0.085438 0.036405 0.534620 0.253222 0.128637 0.352048 0.483651 0.325333 0.463798 0.103691 0.385220 0.287578 0.059958 -0.150138 0.358480 0.311440 0.039184 0.327899 -0.049904 0.122540 -0.228739 -0.522626 0.043848 -0.284222 -0.025474 -0.239787 -0.026739 -0.162965 -0.341093 -0.279502 -0.176271 -0.105200 -0.209453 -0.002872 0.032219 -0.400346 -0.394554 0.108226 -0.508070 -0.468315 0.246589 0.291355 -0.324091 -0.511468 -0.148284 -0.439899 -0.141302 -0.428541 0.524227 -0.186422 -0.427752 -0.415383 0.257108 0.061830 -0.051862 0.124059 -0.291795 -0.243187 -0.413506 -0.064249 -0.199792 -0.049132 -0.097324 -0.091364 0.014509 0.070113 0.350255 0.255469 0.088437 -0.186557 0.229825 0.072454 0.215076 -0.230217 -0.071359 0.301065 0.014743 0.389342 -0.055537 -0.324214 -0.021292 -0.155456 -0.197451 -0.185670 -0.261980 0.246021 -0.172198 -0.078324 -0.224483 -0.019819 0.105900 -0.132045 -0.234359 -0.105617 -0.073435 0.042464 -0.181994 -0.151250 -0.247634 -0.170242
-0.146185 -0.381726 0.011067 1.000000 -0.225513 0.606443 -0.175040 0.595248 -0.337828 0.147322 -0.267557 0.087625 -0.379026 -0.160734 0.060964 0.103697 -0.593702 -0.654521 -0.219210 -0.069666 0.114368 0.241844 0.316437 0.513327 0.292915 0.554912 0.309527 0.533306 -0.499420 -0.499635 0.121329 0.320647 -0.069638 0.241325 0.319976 0.235384 -0.367100 -0.210472 -0.172550 -0.028870 -0.491710 -0.460258 0.197564 0.382412 0.181776 0.424960 -0.055902 0.025345 0.169458 0.286567 0.212009 0.186688 -0.151344 0.259307 -0.067002 0.028720 -0.292075 -0.204345 -0.220501 -0.031230 -0.379898 -0.030382 -0.543052 -0.378244 0.208055 0.789543 -0.191095 0.342702 -0.597631 -0.211987 -0.301411 -0.133361 -0.565085 -0.370891 -0.154138 -0.291460 -0.380899 -0.186479 -0.446299 -0.579522 -0.740076 -0.734306 -0.106802 -0.231625 -0.054784 0.019954 -0.013509 0.421766 -0.027864 0.408439 0.029890 -0.261547 0.521355 -0.273461 0.268065 0.050642 0.015315 0.165760 -0.146218 -0.254511 -0.350322 -0.407540 -0.258062 -0.063781 0.044281 -0.031159 0.186319 -0.051945 0.046758 -0.089417 -0.315271 -0.218296 -0.220684 -0.277070 -0.129445 -0.068776
0.067141 0.158794 0.331566 -0.225513 1.000000 0.190452 0.478687 0.080691 0.444962 0.456583 0.316117 0.004482 0.526437 0.280812 0.094268 -0.140216 0.456305 0.172974 0.079280 0.237092 0.132070 0.071251 -0.146052 -0.224854 0.294689 -0.269839 0.238177 -0.149183 0.232541 -0.036755 -0.267541 -0.128449 -0.389290 -0.209955 -0.044255 -0.167350 -0.142246 -0.344456 -0.214863 -0.432573 -0.146842 -0.197746 -0.083230 -0.273330 -0.233980 -0.215370 -0.069738 -0.230782 0.095609 0.080412 -0.041228 -0.251478 0.104457 0.047495 -0.281572 -0.525768 0.201052 -0.001659 0.108412 -0.042752 0.522270 0.286176 0.294012 0.243183 0.327356 -0.187466 -0.135964 -0.320381 0.147804 0.064684 -0.131956 -0.274670 0.011382 -0.105806 -0.026138 0.048911 -0.114822 -0.251658 0.097525 0.170228 0.351067 0.306785 0.077041 0.089284 0.125217 -0.084249 -0.235948 -0.490963 0.238221 -0.282648 0.124048 0.428015 0.130247 0.418175 0.093204 -0.120428 -0.346039 -0.244573 -0.010983 0.131117 0.297011 0.389704 0.123296 0.302134 0.100515 0.155767 0.235062 -0.069640 -0.274453 -0.233647 -0.261602 0.349634 0.104153 0.320032 0.069357 0.016718
-0.090227 -0.275336 0.047470 0.606443 0.190452 1.000000 -0.267437 0.487214 -0.358119 0.483873 -0.224235 0.217305 -0.340367 -0.022117 -0.118818 0.115629 -0.407066 -0.523519 -0.084176 0.040769 0.132841 0.252557 0.172106 0.403280 0.470466 0.579834 0.457051 0.542324 -0.491975 -0.381353 -0.089292 0.113125 -0.315584 -0.121591 0.241375 0.261304 -0.411933 -0.479016 -0.267162 0.020088 -0.619146 -0.601116 0.122845 0.142183 0.204978 0.270525 -0.018678 0.037662 0.188951 0.283870 0.072804 -0.035261 -0.104577 0.041594 -0.353131 -0.254139 -0.311246 -0.215138 -0.120318 0.097707 -0.229886 0.215919 -0.483944 -0.324807 0.108044 0.565487 -0.098948 0.215975 -0.256119 0.042963 -0.235145 -0.000206 -0.695965 -0.361422 -0.375614 -0.148514 -0.461006 -0.001116 -0.480246 -0.461253 -0.386926 -0.533942 -0.120754 -0.057389 0.004747 -0.100027 -0.082024 0.309424 0.026662 0.347552 0.253951 0.107218 0.709357 0.052567 0.160439 -0.011229 0.086635 -0.055542 -0.107216 -0.203083 0.018539 -0.070621 0.021764 0.187767 0.245434 0.217182 0.211286 -0.020258 -0.002799 -0.207681 -0.071018 -0.118571 -0.087911 -0.002326 0.119522 -0.195949
0.453729 0.089669 0.564266 -0.175040 0.478687 -0.267437 1.000000 0.118351 0.422158 0.200290 0.428782 -0.051524 0.683927 0.140249 0.178192 -0.137127 0.333293 0.324470 0.367070 -0.077765 0.011609 -0.032011 -0.092545 -0.248176 -0.009495 -0.483128 0.117135 -0.273968 0.223900 0.108858 -0.021188 -0.024954 0.164671 0.005913 -0.376036 -0.386192 -0.236959 -0.185044 -0.157891 -0.450377 0.160633 0.075315 -0.241462 -0.325682 -0.362167 -0.368787 -0.318035 -0.375813 -0.014170 0.077110 -0.114895 -0.223561 0.005659 0.161646 -0.260219 -0.406500 0.455787 0.125770 0.030546 -0.212935 0.491439 0.066903 0.405878 0.294404 0.423149 -0.275131 -0.239094 -0.442940 0.047144 -0.110355 0.098713 -0.115750 0.155844 0.119659 0.096736 -0.016142 0.159585 -0.107700 -0.012278 0.139933 0.145684 0.232025 -0.030647 -0.037653 -0.021923 -0.058257 0.023248 -0.505169 0.134283 -0.440296 -0.180102 0.207109 -0.236840 0.249088 -0.219727 -0.073825 -0.410821 -0.177452 -0.085672 0.057879 -0.055793 0.250359 -0.112536 0.007163 -0.053993 -0.050889 0.065737 -0.062704 -0.174952 -0.011891 -0.242001 0.191249 0.011155 -0.022315 -0.160034 0.004079
-0.102371 -0.213375 0.051559 0.595248 0.080691 0.487214 0.118351 1.000000 -0.344992 0.623092 -0.159456 0.524954 -0.066478 0.287551 -0.219730 0.078837 -0.195844 -0.185393 -0.243725 0.051445 0.113614 0.079972 -0.130907 0.210993 0.220681 0.193143 -0.018558 0.094285 -0.241598 0.084238 0.077904 0.272896 0.097746 0.189591 -0.085143 0.205527 -0.287229 -0.140399 -0.136449 -0.052863 -0.425030 -0.194889 0.027049 0.013340 0.247670 0.357357 -0.104809 -0.134095 0.051384 0.050546 -0.119189 -0.059389 -0.331712 0.105595 -0.262191 -0.207941 -0.139879 -0.427305 -0.441837 -0.260912 -0.103992 0.325319 -0.337006 -0.013989 -0.014894 0.602403 -0.372182 0.221499 -0.545030 -0.232788 -0.105550 -0.023263 -0.226842 -0.128312 0.008193 -0.027024 0.029311 0.179634 -0.452391 -0.315563 -0.297297 -0.473033 -0.212261 0.010462 -0.243736 0.078571 -0.146619 0.040269 -0.242940 -0.033041 -0.169604 -0.361241 0.483672 -0.319364 0.156052 0.135683 -0.093365 0.095295 -0.371412 -0.249424 -0.277807 -0.355421 -0.385434 -0.351269 -0.161204 -0.291309 0.112732 -0.076928 0.136205 -0.069442 -0.210614 -0.239281 -0.283755 -0.309385 -0.161988 -0.180784
0.216556 0.146233 0.210005 -0.337828 0.444962 -0.358119 0.422158 -0.344992 1.000000 0.136849 0.296558 -0.215775 0.371699 0.016573 0.492217 0.137311 0.310471 0.267766 0.247082 0.259622 -0.288417 -0.169024 0.025590 -0.181761 0.089062 -0.234665 0.042979 -0.120271 0.407958 0.022146 -0.104205 -0.193979 -0.147914 -0.063191 -0.102089 -0.234946 -0.060963 -0.119218 0.002404 -0.249274 0.085995 0.045639 -0.133846 -0.176998 -0.467423 -0.448904 -0.183079 -0.061324 -0.145277 0.029288 -0.016538 -0.101624 0.130773 0.094317 -0.113996 -0.242159 0.237138 0.242630 0.128391 -0.107688 0.241581 -0.195698 0.359894 0.108296 0.415610 -0.375082 0.001897 -0.428661 0.360461 0.248449 0.063216 -0.083311 0.203459 0.153582 0.168661 -0.034830 0.072349 -0.194233 0.210638 0.241708 0.281011 0.403820 0.242521 0.079609 0.261026 0.076275 0.145834 -0.175310 0.240576 0.000311 -0.049911 0.288421 -0.308343 0.244041 -0.178803 -0.273983 -0.277877 -0.256838 0.054704 0.124979 0.052189 0.200589 -0.037165 0.076882 0.035635 -0.045308 0.050148 -0.065275 -0.307778 -0.189870 -0.145339 0.168283 0.118560 0.208945 -0.043696 0.342757
0.126096 -0.158188 0.099466 0.147322 0.456583 0.483873 0.200290 0.623092 0.136849 1.000000 -0.010426 0.502735 0.066589 0.276226 0.014143 0.240172 0.023555 0.072853 0.066431 0.175004 -0.085492 -0.025169 -0.172889 0.059253 0.304012 0.057359 0.066630 0.018435 -0.118576 0.254765 -0.076630 -0.006198 0.011555 -0.129838 -0.228411 -0.002758 -0.296961 -0.230427 -0.212819 -0.139144 -0.398757 -0.192305 -0.144929 -0.279677 -0.073067 -0.107834 -0.238640 -0.191201 -0.102117 0.050978 -0.332038 -0.343462 -0.169980 0.068905 -0.573957 -0.515895 0.021412 -0.212380 -0.257696 -0.149730 0.067198 0.361685 -0.068772 0.113404 0.185787 0.173200 -0.272976 -0.150340 -0.033834 0.162476 -0.063271 0.083944 -0.203221 0.146639 0.047305 0.102388 0.111243 0.243082 -0.244186 -0.038851 0.076360 -0.151389 -0.118006 0.121491 0.034227 0.083814 -0.054253 -0.094501 0.003096 -0.052968 0.003988 0.060131 0.459673 0.032967 -0.159715 -0.054479 -0.279226 -0.277284 -0.357271 -0.230470 -0.038155 -0.074453 -0.242674 -0.097325 0.136243 -0.107464 0.079203 -0.054498 0.017912 -0.261273 -0.119645 -0.119585 -0.095833 -0.088406 -0.069824 -0.089178
0.272013 0.200768 0.215561 -0.267557 0.316117 -0.224235 0.428782 -0.159456 0.296558 -0.010426 1.000000 0.190073 0.764076 0.407176 0.397847 0.014423 0.356937 0.254407 0.109061 0.109782 -0.038479 -0.208867 0.034477 -0.181484 0.186505 -0.325585 0.201210 -0.350475 0.536674 0.088403 0.000819 0.041476 0.213532 -0.015548 -0.253798 -0.328518 -0.246067 -0.180707 -0.290193 -0.347274 0.055873 -0.047306 0.017804 -0.128450 -0.115744 -0.123899 -0.189525 -0.372312 0.111292 0.282253 -0.048033 -0.003966 0.025115 0.035389 -0.241405 -0.297182 0.113667 0.035682 0.013084 -0.126237 0.344050 0.077373 0.221894 0.273192 0.201336 -0.167128 -0.228520 -0.317762 -0.071763 0.068704 0.286445 -0.303266 0.292192 -0.015556 0.236085 0.112140 0.351200 -0.215927 0.092906 0.171800 0.140097 0.283558 -0.043994 0.022010 0.162321 0.078073 -0.203205 -0.386555 -0.133605 -0.275105 -0.330494 0.094243 -0.257402 -0.079353 -0.262115 -0.219180 -0.475118 -0.506389 -0.326322 -0.103906 -0.055112 -0.122857 -0.403989 0.148345 0.044747 0.141068 -0.178772 -0.386452 -0.486477 0.086499 -0.395121 0.023815 -0.168510 0.030935 -0.277698 0.068481
-0.103981 -0.128441 -0.250729 0.087625 0.004482 0.217305 -0.051524 0.524954 -0.215775 0.502735 0.190073 1.000000 0.201077 0.701339 -0.094364 0.252868 -0.106453 0.141003 -0.115327 0.096034 0.125984 -0.121677 -0.357869 -0.099945 0.201582 0.038588 -0.146689 -0.236035 -0.062708 0.463009 -0.021501 0.036713 0.283918 -0.124755 -0.258826 0.138149 -0.157153 0.154103 -0.059005 0.255112 -0.336926 0.016658 -0.071918 -0.081719 0.102711 0.138604 -0.113991 -0.085833 0.036214 -0.127809 -0.214844 0.055636 -0.345395 -0.277758 -0.157784 -0.071247 -0.295567 -0.620985 -0.416998 -0.158492 0.016316 0.457343 -0.233412 0.164458 -0.158002 0.450766 -0.150231 0.292056 -0.351877 -0.089620 -0.004152 0.283157 0.001930 0.029419 0.156396 0.295025 0.242105 0.348113 -0.397314 -0.072950 -0.128118 -0.353126 -0.272921 0.012750 -0.257141 0.110289 -0.086869 -0.074056 -0.258192 -0.137746 -0.362973 -0.418342 0.209766 -0.448293 -0.118912 0.248602 -0.098085 -0.174476 -0.549901 -0.412702 -0.141800 -0.520415 -0.421570 -0.271015 0.051501 -0.039145 -0.283290 -0.209652 0.246821 0.176858 0.052302 -0.459691 -0.262241 -0.374207 -0.095358 -0.232258
0.169077 0.364161 0.283691 -0.379026 0.526437 -0.340367 0.683927 -0.066478 0.371699 0.066589 0.764076 0.201077 1.000000 0.597424 0.226876 -0.162040 0.454440 0.366919 0.091259 0.103877 0.057818 -0.183101 -0.304796 -0.533055 0.129905 -0.569525 0.058145 -0.532807 0.406571 0.157178 -0.198081 -0.245931 0.097450 -0.083424 -0.299402 -0.234012 -0.164176 -0.048696 -0.132979 -0.276698 0.162867 0.095212 0.007334 -0.162772 -0.214154 -0.194735 -0.088007 -0.241761 0.111440 0.111776 -0.038147 -0.005442 0.046158 0.007798 -0.185032 -0.247262 0.239248 -0.030362 0.035855 -0.116799 0.608809 0.280296 0.306326 0.441384 0.120871 -0.220873 -0.189456 -0.314515 -0.006447 -0.022011 0.106419 -0.189580 0.283929 0.028725 0.187342 0.145384 0.248869 -0.195493 0.127913 0.251120 0.278498 0.309042 -0.130152 -0.062443 -0.109416 0.052787 -0.280075 -0.674833 -0.076812 -0.475238 -0.284209 0.135591 -0.237965 0.091845 -0.129998 -0.093581 -0.392279 -0.333998 -0.215473 0.030874 0.164222 0.098759 -0.188567 0.143305 0.082856 0.114285 -0.087038 -0.201958 -0.291394 0.086806 -0.303419 0.126429 -0.053662 0.103161 -0.126799 0.055285
-0.173325 0.344258 -0.297068 -0.160734 0.280812 -0.022117 0.140249 0.287551 0.016573 0.276226 0.407176 0.701339 0.597424 1.000000 -0.058762 0.018548 0.369705 0.253929 -0.326949 0.093155 0.091757 -0.268540 -0.585748 -0.541650 0.058391 -0.334619 -0.144670 -0.464326 0.204893 0.302827 -0.388425 -0.326657 -0.025275 -0.190265 -0.206464 0.004487 -0.029389 0.068772 -0.117835 0.020530 -0.093257 0.104498 -0.070259 -0.077578 0.100667 0.170853 -0.023045 -0.189877 0.115611 0.020059 -0.097993 0.241119 -0.041202 -0.077198 -0.030068 -0.055500 -0.116267 -0.475703 -0.047636 0.093613 0.443781 0.635820 0.076083 0.510717 -0.291142 0.210534 -0.056591 0.113482 -0.275725 -0.066256 0.036241 -0.068401 0.227970 -0.004538 0.175558 0.216682 0.278702 0.047891 -0.054657 0.201672 0.223426 -0.009748 -0.260707 -0.123955 -0.223504 0.250090 -0.386694 -0.492058 -0.313932 -0.258510 -0.293236 -0.201604 0.020662 -0.253666 0.054005 0.100521 -0.238196 -0.199514 -0.315217 -0.066669 0.171331 -0.217183 -0.234988 -0.061610 0.084172 -0.020815 -0.266773 -0.179332 -0.059573 0.084209 -0.174823 -0.129797 -0.119456 0.026640 -0.053690 -0.048251
0.071497 -0.057772 0.191835 0.060964 0.094268 -0.118818 0.178192 -0.219730 0.492217 0.014143 0.397847 -0.094364 0.226876 -0.058762 1.000000 0.506352 -0.052359 -0.020861 0.227572 0.305919 0.002297 0.202265 0.461314 0.253655 0.277953 0.039640 0.377955 0.208625 0.233907 -0.095276 0.138539 0.219105 -0.100740 0.124578 -0.092407 -0.168169 -0.116549 -0.130328 -0.126987 -0.162193 0.111469 -0.080023 -0.097621 -0.043218 -0.436647 -0.235950 -0.145913 -0.149996 -0.263568 0.141298 -0.092837 -0.118075 -0.167585 0.186568 -0.173100 -0.191865 0.107951 0.260577 -0.156555 -0.223913 -0.157213 -0.331665 -0.047120 -0.126128 0.538986 -0.158319 -0.244767 -0.343614 0.016834 0.079011 -0.173780 -0.063687 -0.136035 0.007732 0.084455 0.008074 -0.129307 -0.243093 0.049922 0.014184 -0.056146 0.067183 0.404739 0.246461 0.524882 0.234364 0.191085 0.121842 0.250425 0.181328 -0.114060 0.036018 -0.139028 -0.118132 -0.301213 -0.248934 -0.280850 -0.373985 -0.224617 -0.291771 -0.110042 -0.235131 -0.250436 0.116099 0.157848 0.124041 -0.004361 -0.284974 -0.341005 -0.174139 -0.377410 -0.034894 -0.146417 -0.097572 -0.230522 -0.025745
-0.043878 -0.313362 -0.019986 0.103697 -0.140216 0.115629 -0.137127 0.078837 0.137311 0.240172 0.014423 0.252868 -0.162040 0.018548 0.506352 1.000000 -0.189306 0.048526 0.145423 0.213043 0.017405 0.264955 0.304960 0.376580 0.028702 0.172429 0.112716 0.224749 0.092596 0.224506 0.311155 0.374881 0.108336 -0.047208 -0.049883 -0.060519 -0.083607 0.042685 0.016825 0.130907 0.036388 -0.067810 -0.057305 0.017963 -0.012582 -0.007165 -0.217155 -0.094002 -0.295413 -0.161164 -0.174309 -0.148378 -0.385407 0.056616 -0.181339 -0.053351 0.043329 0.037911 -0.435553 -0.338444 -0.430355 -0.322241 -0.109911 -0.227247 0.182092 0.022919 -0.170159 -0.043595 -0.014804 0.106085 -0.116630 0.163911 -0.169180 0.017996 0.017614 0.098993 0.027732 0.173159 -0.097587 -0.115586 -0.098633 -0.141054 0.317689 0.507817 0.074514 0.166662 0.179083 0.233726 -0.077915 0.067558 -0.148474 -0.315704 0.066865 -0.233270 -0.230330 0.045281 -0.013778 -0.019327 -0.190520 -0.381072 -0.086297 -0.414133 -0.237729 -0.128352 0.091228 -0.041303 -0.252104 -0.339995 0.055401 -0.055929 -0.015844 -0.227576 -0.189860 -0.330336 -0.133096 -0.202166
0.083718 0.537939 -0.085438 -0.593702 0.456305 -0.407066 0.333293 -0.195844 0.310471 0.023555 0.356937 -0.106453 0.454440 0.369705 -0.052359 -0.189306 1.000000 0.590642 -0.145763 0.069215 -0.073932 -0.180748 -0.424194 -0.583834 -0.322435 -0.680834 -0.158074 -0.430898 0.623419 0.248406 -0.404088 -0.261787 -0.143818 0.022271 -0.069247 -0.265760 0.249931 -0.014538 -0.235150 -0.504215 0.413586 0.342956 -0.223832 -0.316852 0.037579 -0.101878 -0.079924 -0.475561 -0.115292 -0.088874 -0.175859 0.004493 0.202406 0.089632 0.016280 -0.206259 0.310915 0.065134 0.313169 0.197134 0.538687 0.270735 0.763634 0.647130 -0.174341 -0.528061 0.190225 -0.247751 0.234594 -0.013143 0.160542 -0.442619 0.620368 0.127203 0.123900 0.049533 0.320053 -0.220189 0.620326 0.660297 0.770991 0.796954 0.060209 0.127642 0.154078 0.327422 -0.444851 -0.717228 -0.182095 -0.494998 -0.068818 0.170294 -0.379497 0.098642 -0.044908 -0.211051 -0.436745 -0.188342 0.021933 0.303383 0.230287 0.271196 0.032532 0.104251 -0.081469 -0.047041 -0.062357 -0.048897 -0.440980 -0.294346 -0.260135 0.353066 0.129468 0.353147 -0.003101 0.270247
0.295292 0.314964 0.036405 -0.654521 0.172974 -0.523519 0.324470 -0.185393 0.267766 0.072853 0.254407 0.141003 0.366919 0.253929 -0.020861 0.048526 0.590642 1.000000 0.129667 0.025371 -0.119994 -0.230385 -0.279625 -0.452815 -0.246248 -0.536518 -0.310598 -0.446383 0.457258 0.581130 -0.084791 -0.189541 0.167048 -0.021215 -0.297113 -0.176589 0.266665 0.178650 0.153400 -0.182150 0.381249 0.423599 -0.374430 -0.416104 -0.176964 -0.281477 -0.198928 -0.347956 -0.264724 -0.368346 -0.182912 -0.124478 -0.026124 -0.218309 -0.026703 -0.137597 0.173500 0.097825 -0.054992 -0.055409 0.247456 0.052792 0.638114 0.478473 -0.045437 -0.519433 0.043338 -0.256823 0.325305 -0.014818 0.246415 0.093450 0.526587 0.217814 0.150694 0.116062 0.441554 0.199262 0.217448 0.630835 0.554681 0.662003 0.008752 0.219461 0.072999 0.110535 -0.073356 -0.490896 -0.106474 -0.467588 -0.309615 0.034303 -0.426575 0.102076 -0.107711 0.011710 -0.184532 -0.153548 -0.119568 0.094316 0.035157 0.180859 -0.051435 -0.187458 -0.215270 -0.222522 -0.195013 -0.067745 -0.101282 -0.019986 -0.026510 0.072170 0.027195 0.051343 -0.023302 -0.004727
0.467344 -0.113636 0.534620 -0.219210 0.079280 -0.084176 0.367070 -0.243725 0.247082 0.066431 0.109061 -0.115327 0.091259 -0.326949 0.227572 0.145423 -0.145763 0.129667 1.000000 0.240730 0.116292 0.205312 0.315313 0.205910 0.134218 0.020722 0.185569 0.072665 0.042903 0.155925 0.333018 0.169180 0.253475 0.012840 -0.129753 -0.092678 -0.209209 -0.224955 -0.046297 -0.059564 0.050700 -0.069534 -0.257672 -0.313786 -0.305314 -0.437898 -0.254923 -0.097921 -0.213907 -0.056331 -0.219774 -0.487098 -0.192120 -0.290432 -0.405187 -0.409783 0.302390 0.319966 -0.196241 -0.357152 -0.105158 -0.375765 0.028703 -0.284039 0.423957 -0.408819 -0.177131 -0.392581 0.585990 0.032412 0.096051 0.379060 -0.125883 0.193328 -0.136978 0.161845 -0.048067 0.121927 -0.106953 -0.079467 0.058486 0.072314 0.201765 0.288853 0.102689 -0.215435 0.320025 0.093953 0.362725 -0.091690 0.033436 0.208069 -0.235523 0.229199 -0.407231 -0.254708 -0.095987 -0.304195 -0.116995 -0.257055 -0.005500 0.285980 0.121688 0.152183 0.113103 0.209622 0.015281 -0.088013 -0.077250 -0.012590 0.208436 -0.068964 -0.053048 -0.213557 0.027293 -0.179447
-0.285799 0.260918 0.253222 -0.069666 0.237092 0.040769 -0.077765 0.051445 0.259622 0.175004 0.109782 0.096034 0.103877 0.093155 0.305919 0.213043 0.069215 0.025371 0.240730 1.000000 -0.035182 0.268788 0.132436 0.203752 0.372712 0.173891 -0.116297 0.045339 0.395682 0.019647 0.161523 0.279048 -0.169511 0.417411 0.228655 0.413809 -0.093699 -0.279987 0.007553 -0.061863 -0.130289 -0.079563 0.056091 0.023982 0.006723 0.163254 0.104754 0.081054 -0.342612 -0.186243 -0.164833 -0.287054 -0.502730 -0.159514 -0.402600 -0.350740 -0.143305 -0.150638 -0.467186 -0.426806 -0.280993 -0.300895 -0.133809 -0.304243 0.051811 -0.080788 -0.208899 -0.028288 0.314318 -0.081776 -0.159029 0.047653 -0.050664 -0.246142 -0.132675 0.037256 -0.178066 -0.171352 0.101461 -0.048066 0.265770 0.124453 0.468184 0.595723 0.091268 0.256993 -0.139304 0.113677 -0.092931 -0.166522 -0.138489 -0.077683 -0.032769 -0.159987 0.007448 -0.379075 -0.095191 -0.245852 -0.368922 -0.216370 -0.105231 -0.097092 -0.175564 -0.037130 -0.119102 0.024618 -0.001489 -0.196272 -0.385194 -0.270110 -0.123996 -0.044428 -0.221567 -0.085937 0.009929 0.043308
-0.237799 -0.119410 0.128637 0.114368 0.132070 0.132841 0.011609 0.113614 -0.288417 -0.085492 -0.038479 0.125984 0.057818 0.091757 0.002297 0.017405 -0.073932 -0.119994 0.116292 -0.035182 1.000000 0.505027 0.071097 0.181907 0.206058 0.167121 0.254959 0.173415 -0.060686 0.044109 0.224410 0.296118 -0.046612 -0.068337 -0.017689 -0.056378 0.157668 0.156028 -0.049914 0.045043 0.001507 -0.031950 -0.093254 -0.099169 0.097464 0.148519 0.079524 -0.109676 0.040980 0.102714 -0.075951 -0.030779 -0.207124 0.003951 0.111068 0.040890 -0.106064 -0.136323 -0.196761 -0.092572 -0.062887 0.047137 -0.257091 -0.132304 0.075981 0.126874 -0.211577 0.036358 -0.208470 -0.436811 -0.014805 -0.015030 -0.111634 -0.093436 -0.275481 0.351700 -0.148413 0.045725 -0.118592 -0.013799 -0.115191 -0.160850 0.120675 0.038993 0.040918 -0.040542 0.066101 0.006277 0.166482 -0.117917 0.007367 -0.124723 -0.026691 -0.083921 0.056949 0.272777 0.132554 0.066583 -0.023228 -0.133132 0.119214 -0.013202 0.175160 0.052240 0.014786 0.147320 -0.078910 -0.177336 0.218808 0.228414 0.122683 0.045385 0.013018 -0.071404 0.097806 -0.342479
-0.182020 -0.227879 0.352048 0.241844 0.071251 0.252557 -0.032011 0.079972 -0.169024 -0.025169 -0.208867 -0.121677 -0.183101 -0.268540 0.202265 0.264955 -0.180748 -0.230385 0.205312 0.268788 0.505027 1.000000 0.356590 0.447356 0.226639 0.318465 0.275789 0.562102 -0.107794 -0.120791 0.275185 0.488905 -0.255340 0.152783 0.110306 0.271432 0.202503 -0.188426 0.117918 0.118246 0.043566 -0.063722 -0.141260 -0.113307 -0.151707 0.006290 0.004091 -0.106488 -0.217735 -0.045621 -0.133649 -0.219634 -0.392446 0.020451 -0.196245 -0.086332 -0.082593 -0.035384 -0.295151 -0.208596 -0.359453 -0.235693 -0.298596 -0.403471 0.204980 0.082552 -0.243395 -0.032550 0.007051 -0.291548 -0.313429 0.149327 -0.409596 -0.130404 -0.426703 0.117288 -0.373870 0.027914 -0.157054 -0.122575 -0.096530 -0.149718 0.542853 0.388480 0.123451 0.042370 0.168586 0.276182 0.259927 0.075681 -0.028168 -0.088060 0.042726 -0.045756 0.021005 -0.146618 0.137463 -0.002302 -0.180273 -0.385761 -0.057009 -0.023870 0.035217 0.059269 0.091918 0.194691 0.043561 -0.047876 -0.093132 -0.258325 -0.016322 -0.170282 -0.321970 -0.175516 -0.005798 -0.224611
0.178593 -0.472975 0.483651 0.316437 -0.146052 0.172106 -0.092545 -0.130907 0.025590 -0.172889 0.034477 -0.357869 -0.304796 -0.585748 0.461314 0.304960 -0.424194 -0.279625 0.315313 0.132436 0.071097 0.356590 1.000000 0.811072 0.319612 0.500486 0.495482 0.575372 -0.051085 -0.279423 0.601883 0.602687 -0.072669 0.230767 0.149430 0.068727 -0.103778 -0.299613 0.153167 -0.013027 -0.082090 -0.367875 -0.084015 -0.084838 -0.244725 -0.158248 -0.257405 -0.081614 -0.299957 0.095046 0.017147 -0.367095 -0.351240 0.122545 -0.212612 -0.200252 0.041977 0.396211 -0.322608 -0.436855 -0.540210 -0.645193 -0.376034 -0.617331 0.643437 -0.014979 -0.448042 -0.350853 0.069601 0.156052 -0.103114 0.085712 -0.369634 -0.132005 -0.158756 -0.128197 -0.196382 -0.008421 -0.142700 -0.256104 -0.324202 -0.188331 0.537859 0.243323 0.507439 -0.246635 0.423875 0.626334 0.412924 0.298486 0.167002 0.111123 0.084801 0.115368 0.117701 -0.128883 0.093067 0.041595 -0.030142 -0.279792 -0.296583 -0.037065 -0.059960 -0.037441 -0.212770 -0.008864 0.242757 -0.004851 -0.126089 -0.038712 -0.118208 -0.089534 -0.311757 -0.183742 -0.176487 -0.191788
-0.082387 -0.624750 0.325333 0.513327 -0.224854 0.403280 -0.248176 0.210993 -0.181761 0.059253 -0.181484 -0.099945 -0.533055 -0.541650 0.253655 0.376580 -0.583834 -0.452815 0.205910 0.203752 0.181907 0.447356 0.811072 1.000000 0.369520 0.725036 0.240943 0.613877 -0.101791 -0.138599 0.699311 0.790458 0.022355 0.230303 0.165502 0.177454 -0.148665 -0.213049 0.126314 0.128153 -0.310921 -0.307933 -0.040355 -0.013641 -0.000749 0.128805 -0.188307 0.031645 -0.260184 0.092503 -0.141952 -0.392481 -0.493216 0.120939 -0.229048 -0.100953 -0.203489 0.003063 -0.486156 -0.472865 -0.687696 -0.561208 -0.556099 -0.679176 0.422789 0.251021 -0.471579 -0.065596 -0.133293 -0.014141 -0.051380 0.141344 -0.384794 -0.116231 -0.157464 -0.000958 -0.199172 0.155517 -0.326593 -0.411388 -0.459311 -0.428273 0.466148 0.361261 0.284655 -0.225616 0.459853 0.781106 0.212330 0.279270 0.065674 -0.154526 0.229449 -0.162031 0.052400 0.051760 0.186626 0.148728 -0.119743 -0.345819 -0.436366 -0.277468 -0.186270 -0.220447 -0.212423 -0.061164 0.098781 -0.053298 0.086711 0.038124 0.066102 -0.174080 -0.281134 -0.341817 -0.132122 -0.243123
-0.111147 -0.118534 0.463798 0.292915 0.294689 0.470466 -0.009495 0.220681 0.089062 0.304012 0.186505 0.201582 0.129905 0.058391 0.277953 0.028702 -0.322435 -0.246248 0.134218 0.372712 0.206058 0.226639 0.319612 0.369520 1.000000 0.566536 0.410796 0.372393 -0.097975 -0.204450 0.161528 0.200862 -0.139817 0.188234 0.265114 0.423101 -0.379362 -0.474828 -0.079393 -0.057176 -0.545118 -0.529200 0.128520 0.113283 -0.170318 0.098500 -0.052882 0.076698 -0.043260 0.138777 0.081968 -0.147582 -0.396319 -0.121727 -0.503806 -0.370049 -0.338215 -0.168790 -0.358275 -0.260564 -0.279318 -0.105868 -0.532772 -0.421881 0.396881 0.357094 -0.311810 0.038758 -0.072759 0.142157 -0.199482 0.151338 -0.459825 -0.356729 -0.313116 -0.044467 -0.343321 -0.050450 -0.363049 -0.241741 -0.245771 -0.271831 0.109360 0.043876 0.175631 -0.019896 0.133806 0.276872 0.045993 0.084323 -0.195907 0.030210 0.246181 -0.001499 0.054084 -0.258104 0.021712 -0.282233 -0.513377 -0.454521 -0.293530 -0.178154 -0.328991 -0.038515 -0.069638 0.129838 0.134354 -0.074603 -0.102026 -0.055324 -0.028602 -0.257806 -0.350650 -0.190394 -0.080432 -0.065365
-0.264780 -0.435611 0.103691 0.554912 -0.269839 0.579834 -0.483128 0.193143 -0.234665 0.057359 -0.325585 0.038588 -0.569525 -0.334619 0.039640 0.172429 -0.680834 -0.536518 0.020722 0.173891 0.167121 0.318465 0.500486 0.725036 0.566536 1.000000 0.246113 0.702717 -0.416615 -0.343545 0.294474 0.354730 -0.129603 0.078369 0.384170 0.434113 -0.201596 -0.318899 0.038978 0.234243 -0.519122 -0.384321 0.133777 0.285525 0.063876 0.274178 -0.005193 0.203584 0.012232 0.071506 0.140774 -0.072839 -0.351135 -0.042813 -0.206086 -0.017062 -0.513876 -0.225994 -0.303873 -0.155787 -0.618037 -0.316687 -0.665557 -0.644598 0.195703 0.529245 -0.129304 0.292630 -0.194407 0.028187 -0.159069 0.240381 -0.620754 -0.263133 -0.357453 -0.159077 -0.405383 0.118336 -0.504557 -0.550172 -0.512479 -0.564240 0.182998 0.005785 0.168539 -0.054895 0.388041 0.756861 0.086938 0.407111 0.016038 -0.125102 0.377786 -0.103203 0.140219 0.002529 0.348990 0.067924 -0.128344 -0.297836 -0.371888 -0.262939 -0.123061 -0.098186 0.035705 0.124349 -0.007120 -0.035520 0.124572 -0.048032 0.231760 -0.268686 -0.193334 -0.169147 0.092298 -0.153774
0.391972 -0.149146 0.385220 0.309527 0.238177 0.457051 0.117135 -0.018558 0.042979 0.066630 0.201210 -0.146689 0.058145 -0.144670 0.377955 0.112716 -0.158074 -0.310598 0.185569 -0.116297 0.254959 0.275789 0.495482 0.240943 0.410796 0.246113 1.000000 0.577917 -0.291262 -0.464400 -0.056686 0.044013 -0.207067 0.002757 0.045672 -0.021124 -0.233686 -0.506515 -0.334048 -0.263245 -0.118031 -0.580291 0.072050 0.044111 -0.214448 -0.198200 -0.124603 -0.217700 0.091133 0.266943 0.254247 0.061853 0.025768 0.112774 -0.270772 -0.296134 0.091273 0.362239 0.073370 0.058571 -0.086341 -0.027089 -0.249424 -0.273588 0.468543 0.121050 -0.083016 -0.208475 -0.090656 0.141699 -0.240407 -0.086069 -0.555806 -0.385879 -0.468596 -0.217297 -0.414136 -0.240566 -0.163906 -0.206932 -0.245284 -0.186869 0.098691 -0.207017 0.425893 -0.025231 0.015769 0.104169 0.276779 0.329845 0.132649 0.287218 0.216823 0.239128 -0.005047 -0.282749 -0.065397 -0.248383 -0.033023 -0.218041 0.023044 0.106088 0.051513 0.304738 0.194565 0.216682 0.264993 -0.109180 -0.302536 -0.267086 -0.312510 -0.060125 -0.141000 0.097206 -0.084444 -0.183728
0.038180 -0.307898 0.287578 0.533306 -0.149183 0.542324 -0.273968 0.094285 -0.120271 0.018435 -0.350475 -0.236035 -0.532807 -0.464326 0.208625 0.224749 -0.430898 -0.446383 0.072665 0.045339 0.173415 0.562102 0.575372 0.613877 0.372393 0.702717 0.577917 1.000000 -0.466673 -0.456854 0.112801 0.265466 -0.323126 0.212119 0.250632 0.420346 0.005455 -0.466794 -0.031388 0.023110 -0.243626 -0.295057 -0.075259 0.060770 -0.151047 0.054214 -0.082751 -0.046295 -0.202474 0.112433 0.048813 -0.032157 -0.287849 0.245089 -0.217707 -0.077508 -0.266173 0.127278 -0.146048 0.018734 -0.564984 -0.308034 -0.479871 -0.532175 0.282502 0.298567 -0.081901 0.079450 -0.055046 0.094230 -0.288750 0.172676 -0.709460 -0.327321 -0.622993 -0.261370 -0.574708 0.025108 -0.301980 -0.306291 -0.323507 -0.347953 0.411878 0.047862 0.377724 0.069518 0.282169 0.605772 0.210126 0.484255 0.114818 0.074102 0.337102 0.062981 0.125358 -0.262597 0.250190 0.013693 0.005425 -0.270751 -0.261504 -0.063015 -0.019022 -0.035146 0.089953 0.045110 0.130628 -0.038280 -0.180651 -0.394880 -0.000261 -0.130656 -0.155764 -0.071096 -0.081245 -0.183327
-0.076731 0.321926 0.059958 -0.499420 0.232541 -0.491975 0.223900 -0.241598 0.407958 -0.118576 0.536674 -0.062708 0.406571 0.204893 0.233907 0.092596 0.623419 0.457258 0.042903 0.395682 -0.060686 -0.107794 -0.051085 -0.101791 -0.097975 -0.416615 -0.291262 -0.466673 1.000000 0.341850 0.221458 0.228904 0.112183 0.218433 -0.051149 -0.223080 0.125820 0.096910 -0.004339 -0.264757 0.318257 0.283572 -0.100555 -0.217707 0.083117 0.029997 -0.033833 -0.260426 -0.241021 -0.020297 -0.180724 -0.135359 -0.111594 -0.001358 0.004319 -0.050424 0.142234 0.019539 -0.103556 -0.246341 0.101453 -0.229371 0.464851 0.206003 -0.015613 -0.474464 -0.142290 -0.304524 0.199671 -0.045642 0.356045 -0.347236 0.736122 0.069950 0.296048 0.166879 0.419287 -0.197126 0.480764 0.498432 0.546948 0.677585 0.305493 0.471966 0.112321 0.125723 -0.152889 -0.291962 -0.236830 -0.426468 -0.314735 -0.086845 -0.557912 -0.191068 -0.130720 -0.159886 -0.305052 -0.145909 -0.120175 0.161590 -0.060914 -0.041325 -0.229170 -0.130477 -0.333492 -0.192206 -0.119988 -0.172553 -0.350317 0.057611 -0.202325 0.207402 -0.013383 0.109980 -0.059914 0.257171
0.122071 -0.020820 -0.150138 -0.499635 -0.036755 -0.381353 0.108858 0.084238 0.022146 0.254765 0.088403 0.463009 0.157178 0.302827 -0.095276 0.224506 0.248406 0.581130 0.155925 0.019647 0.044109 -0.120791 -0.279423 -0.138599 -0.204450 -0.343545 -0.464400 -0.456854 0.341850 1.000000 0.235761 0.123945 0.485213 -0.110625 -0.483920 -0.127916 0.266478 0.433089 0.248654 0.234987 0.101887 0.502279 -0.375236 -0.538461 -0.045549 -0.167102 -0.176134 -0.154647 -0.414192 -0.379081 -0.604010 -0.322722 -0.283546 -0.264876 -0.025693 -0.001692 0.087704 -0.142613 -0.370696 -0.290844 0.043940 0.130776 0.188066 0.393904 -0.196895 -0.330956 -0.194439 -0.140765 0.186561 -0.009608 0.264245 0.376666 0.539275 0.556218 0.374848 0.528611 0.640720 0.651097 0.031335 0.477935 0.341849 0.280767 0.017522 0.410162 -0.078412 -0.010274 0.170779 -0.148041 -0.147017 -0.336892 -0.345261 -0.356804 -0.363249 -0.332083 -0.277578 0.262089 -0.022407 -0.033810 -0.241169 -0.219521 -0.017950 -0.198334 -0.178331 -0.467816 -0.256140 -0.327737 -0.254350 -0.040041 0.311965 0.311109 0.378082 -0.178040 -0.183226 -0.279807 -0.114981 -0.187756
-0.061258 -0.499093 0.358480 0.121329 -0.267541 -0.089292 -0.021188 0.077904 -0.104205 -0.076630 0.000819 -0.021501 -0.198081 -0.388425 0.138539 0.311155 -0.404088 -0.084791 0.333018 0.161523 0.224410 0.275185 0.601883 0.699311 0.161528 0.294474 -0.056686 0.112801 0.221458 0.235761 1.000000 0.797666 0.320647 0.254614 -0.124967 0.072232 0.029159 0.146478 0.415135 0.281609 -0.004531 -0.016802 -0.104123 -0.204833 0.066356 0.051204 -0.088137 0.066254 -0.364843 -0.080927 -0.238643 -0.481039 -0.464778 -0.089961 -0.071760 0.059424 -0.082858 0.034760 -0.583836 -0.662015 -0.527072 -0.578492 -0.318576 -0.495395 0.303713 -0.033663 -0.570440 -0.248416 -0.018557 -0.111141 0.207302 0.282682 0.073374 0.124162 0.113340 0.205675 0.181208 0.331572 -0.157771 -0.139271 -0.226184 -0.164043 0.390925 0.470949 0.027177 -0.348287 0.447785 0.523682 0.172025 -0.058229 -0.159506 -0.312273 -0.162964 -0.169163 0.059295 0.126126 0.204226 0.187539 -0.105225 -0.273496 -0.354703 -0.190363 -0.203858 -0.408031 -0.413275 -0.262295 0.007008 0.015217 0.279449 0.368844 0.191154 -0.147666 -0.241418 -0.425124 -0.060049 -0.217003
-0.153539 -0.486962 0.311440 0.320647 -0.128449 0.113125 -0.024954 0.272896 -0.193979 -0.006198 0.041476 0.036713 -0.245931 -0.326657 0.219105 0.374881 -0.261787 -0.189541 0.169180 0.279048 0.296118 0.488905 0.602687 0.790458 0.200862 0.354730 0.044013 0.265466 0.228904 0.123945 0.797666 1.000000 0.165867 0.357406 0.061205 0.086350 -0.069802 -0.037893 0.115021 0.046627 -0.099782 -0.102038 -0.094597 -0.115402 0.161476 0.231494 -0.137619 -0.156188 -0.297936 -0.056754 -0.242040 -0.419305 -0.575286 0.010150 -0.121341 -0.095441 -0.116280 -0.115502 -0.583849 -0.614476 -0.496278 -0.488482 -0.283764 -0.453184 0.311705 0.124393 -0.504598 -0.078652 -0.192978 -0.322059 0.030147 0.009751 -0.031183 -0.057728 0.033745 0.108111 0.026136 0.118328 -0.149349 -0.192016 -0.249155 -0.179498 0.499964 0.573567 0.147729 -0.114730 0.268048 0.452612 0.068759 -0.116632 -0.194154 -0.414534 -0.092925 -0.351883 0.026719 0.105460 0.028846 0.127835 -0.226746 -0.359398 -0.438212 -0.372878 -0.296070 -0.324273 -0.371108 -0.138591 -0.002981 -0.164405 0.082389 0.132348 -0.013191 -0.118650 -0.368537 -0.422128 -0.112871 -0.222036
0.350650 -0.116391 0.039184 -0.069638 -0.389290 -0.315584 0.164671 0.097746 -0.147914 0.011555 0.213532 0.283918 0.097450 -0.025275 -0.100740 0.108336 -0.143818 0.167048 0.253475 -0.169511 -0.046612 -0.255340 -0.072669 0.022355 -0.139817 -0.129603 -0.207067 -0.323126 0.112183 0.485213 0.320647 0.165867 1.000000 0.104961 -0.271203 -0.293844 -0.145552 0.379455 -0.127164 -0.014465 0.054596 0.161999 0.067412 0.003722 0.160125 -0.010620 -0.260390 -0.104747 -0.015763 -0.142025 -0.159601 -0.059854 -0.187391 -0.102071 -0.062610 0.056284 0.059205 -0.051346 -0.237038 -0.199206 -0.150492 -0.136297 0.011450 0.085264 -0.144502 -0.035920 -0.016127 0.113181 -0.085371 0.020144 0.322336 0.088626 0.342108 0.202263 0.305736 0.142431 0.538543 0.238122 0.025826 0.025363 -0.177362 -0.036428 -0.259202 -0.006624 -0.205879 0.002531 0.135182 -0.058347 -0.370084 -0.290253 -0.384361 -0.334901 -0.278847 -0.302923 -0.427824 0.218986 -0.143605 0.026702 -0.272156 -0.175698 -0.335182 -0.364821 -0.352524 -0.345267 -0.150289 -0.241888 -0.268610 -0.227212 0.247894 0.418257 0.217649 -0.204594 -0.075174 -0.447377 -0.275368 -0.025535
-0.021999 0.225320 0.327899 0.241325 -0.209955 -0.121591 0.005913 0.189591 -0.063191 -0.129838 -0.015548 -0.124755 -0.083424 -0.190265 0.124578 -0.047208 0.022271 -0.021215 0.012840 0.417411 -0.068337 0.152783 0.230767 0.230303 0.188234 0.078369 0.002757 0.212119 0.218433 -0.110625 0.254614 0.357406 0.104961 1.000000 0.210047 0.489741 -0.000626 -0.213800 -0.044225 -0.253726 0.070191 0.023917 0.110775 0.232066 0.128346 0.303780 0.109110 0.009246 -0.350450 -0.129165 0.042090 0.055866 -0.445177 0.085480 -0.207270 -0.031473 -0.131004 0.060302 -0.348483 -0.278320 -0.391775 -0.414974 -0.094897 -0.301982 0.000766 0.001511 -0.115476 0.121855 0.014719 -0.166558 -0.251714 -0.037167 0.048997 -0.388485 -0.292824 -0.257419 -0.207406 -0.262737 0.220919 0.093936 0.072463 0.112473 0.289624 0.321491 0.106820 0.411099 -0.292954 0.111894 -0.312999 -0.174282 -0.347645 -0.322443 -0.169159 -0.340513 0.148691 -0.402259 0.004020 0.020029 -0.379865 -0.229593 -0.539710 -0.282665 -0.398534 -0.421736 -0.531877 -0.364123 0.019637 -0.113093 -0.307101 -0.216928 -0.222132 -0.089221 -0.359508 -0.285555 -0.292180 0.010166
-0.364441 -0.006304 -0.049904 0.319976 -0.044255 0.241375 -0.376036 -0.085143 -0.102089 -0.228411 -0.253798 -0.258826 -0.299402 -0.206464 -0.092407 -0.049883 -0.069247 -0.297113 -0.129753 0.228655 -0.017689 0.110306 0.149430 0.165502 0.265114 0.384170 0.045672 0.250632 -0.051149 -0.483920 -0.124967 0.061205 -0.271203 0.210047 1.000000 0.374169 -0.204716 -0.159221 -0.152819 -0.158331 -0.233172 -0.313677 0.262736 0.501959 0.281601 0.340612 0.010401 0.083273 0.135428 -0.015531 0.392598 0.179802 -0.083311 -0.036623 0.001100 0.054778 -0.142029 -0.054151 0.034926 0.060617 -0.244284 -0.262016 -0.071561 -0.357623 0.024117 0.249051 0.290227 0.377077 0.017787 0.064771 -0.275452 -0.293280 -0.205819 -0.447729 -0.201885 -0.272581 -0.417211 -0.480428 0.184239 -0.222759 -0.108184 -0.055828 0.069725 -0.031353 -0.070884 0.076852 -0.188080 0.141126 -0.160902 0.039650 0.124124 -0.072616 0.153812 0.003919 0.331726 -0.122752 0.060793 0.240236 0.013443 0.063952 -0.088604 -0.031142 0.094859 0.235562 -0.007431 0.160192 0.195091 0.072062 -0.133885 -0.210109 -0.018895 0.108583 -0.057681 0.122306 0.211894 0.262076
-0.312189 0.101172 0.122540 0.235384 -0.167350 0.261304 -0.386192 0.205527 -0.234946 -0.002758 -0.328518 0.138149 -0.234012 0.004487 -0.168169 -0.060519 -0.265760 -0.176589 -0.092678 0.413809 -0.056378 0.271432 0.068727 0.177454 0.423101 0.434113 -0.021124 0.420346 -0.223080 -0.127916 0.072232 0.086350 -0.293844 0.489741 0.374169 1.000000 0.085332 -0.270321 0.306554 0.321439 -0.260596 -0.047642 0.086771 0.162214 0.100425 0.326964 0.256423 0.275594 -0.292593 -0.169485 0.018805 0.046409 -0.448210 -0.237193 -0.212082 0.087525 -0.453162 -0.194720 -0.395137 -0.169606 -0.426287 -0.104181 -0.451207 -0.384747 -0.170303 0.284998 -0.086064 0.304936 0.054823 0.052607 -0.369608 0.431763 -0.387884 -0.353151 -0.489585 -0.153570 -0.443285 0.132553 -0.224576 -0.136585 -0.015148 -0.212315 0.233414 0.217093 -0.109842 0.137466 -0.102432 0.370684 -0.158074 0.139994 -0.194454 -0.270413 0.219011 -0.201099 0.377066 -0.336900 0.418414 0.057241 -0.269020 -0.319005 -0.254828 -0.171847 -0.176669 -0.293417 -0.186404 -0.105891 0.087680 0.129122 -0.043168 -0.248113 0.145725 -0.306637 -0.368993 -0.176448 0.072392 -0.113080
