1.000000 0.337414 0.129655 -0.296798 0.029321 -0.054036 0.107738 -0.294985 -0.101319 -0.270649 0.042708 -0.087341 0.388963 -0.101397 -0.210145 -0.110316 0.261710 0.111685 -0.068623 -0.169807 -0.121634 -0.087578 -0.098426 -0.318821 -0.126025 -0.130417 0.024951 -0.104515 0.074914 0.102801 -0.302606 -0.200438 0.271123 -0.078833 -0.125994 0.134817 -0.068196 -0.230254 -0.098495 -0.184841 -0.012383 0.003713 -0.260129 -0.034715 -0.142212 -0.299667 -0.164803 -0.156019 0.301930 0.003279 0.313274 0.365813 0.522120 0.122421 -0.049595 -0.061622 0.684455 0.117129 0.387243 0.007757 0.400925 0.018661 0.603216 0.467915 -0.374000 -0.327742 0.054246 -0.323907 0.199597 -0.192852 -0.342376 -0.173227 0.236113 -0.055709 0.078348 -0.037363 0.079837 0.051663 -0.021079 0.104699 0.271753 0.183734 -0.153114 -0.151215 -0.278540 -0.335729 -0.368666 -0.200910 -0.202397 0.068537 -0.149308 0.076587 -0.269903 0.148561 -0.020077 -0.226378 0.128217 -0.129400 0.234991 0.219815 0.100076 0.462563 0.179178 0.489564 0.041477 -0.058389 0.148010 -0.142030 -0.231267 -0.146905 -0.084578 -0.230992 0.021817 0.037086 -0.275081 -0.257462
0.337414 1.000000 -0.319333 -0.148275 -0.316162 -0.365793 -0.204559 0.002958 -0.576886 -0.266351 0.105015 0.480837 0.339101 0.469774 -0.560369 -0.217767 0.479091 0.363247 0.014081 -0.308671 -0.373358 -0.386426 -0.299613 -0.452152 -0.484779 -0.196013 -0.250021 -0.289334 -0.036076 0.057714 -0.543486 -0.223296 0.459539 0.213203 0.015173 0.150604 -0.113490 0.098800 -0.209383 -0.162323 0.355644 0.140629 0.161498 0.235752 -0.568690 -0.610186 0.040616 -0.056434 -0.195158 -0.445433 -0.074108 0.291115 0.518898 -0.051504 -0.010964 -0.051486 0.554432 0.563405 0.210499 0.307410 0.310172 0.583743 0.487489 0.478535 -0.280637 0.072703 -0.276688 -0.532803 0.230420 -0.256125 -0.168144 -0.301755 0.106678 0.206187 0.387374 0.262491 0.295680 0.267989 0.333847 0.317661 0.331431 0.187710 -0.410950 -0.287803 -0.321272 -0.310215 -0.431253 -0.045812 -0.254822 -0.004914 -0.295550 -0.259051 -0.040430 -0.199152 -0.099848 -0.154293 0.163545 0.052434 0.206337 0.223241 0.381205 0.160185 0.388479 0.342689 0.342883 -0.185865 0.066440 -0.074308 -0.229495 -0.222394 -0.242203 0.060895 0.419530 0.283310 -0.018453 -0.380064
0.129655 -0.319333 1.000000 -0.020205 0.420351 0.044571 0.601880 0.287952 0.404063 0.156810 -0.014445 -0.349977 0.176659 -0.251415 0.187214 0.001068 -0.261689 -0.374397 0.349855 -0.073788 0.045708 -0.160369 -0.024021 -0.080976 0.081029 -0.134014 -0.065919 -0.206146 0.036785 -0.109859 0.327232 0.004348 0.164456 0.043335 -0.270213 -0.126911 -0.117250 -0.370625 0.080323 -0.211874 -0.019834 -0.283279 -0.221567 -0.051833 0.187842 0.085711 0.158836 -0.038637 0.453411 0.161069 0.191722 0.108010 -0.051792 0.090214 0.144044 0.064558 -0.036743 -0.364229 0.321420 0.046537 0.375934 -0.120587 -0.152259 -0.060158 0.130331 -0.009126 0.359135 0.010899 0.020057 -0.158494 -0.227264 -0.161228 -0.050773 -0.121114 -0.218601 -0.066376 -0.025160 -0.111803 -0.447446 -0.263416 -0.473357 -0.381615 0.044222 -0.322023 -0.088169 0.090393 0.166069 -0.153034 0.108712 0.184394 -0.100001 -0.037629 -0.172796 -0.088991 -0.342777 -0.378561 -0.102148 -0.290558 -0.026187 -0.137590 -0.159572 0.008687 -0.045788 -0.120564 -0.070163 -0.135486 0.032248 0.101235 -0.274147 -0.317000 -0.063500 -0.380598 -0.098984 -0.280065 -0.126183 -0.038166
-0.296798 -0.148275 -0.020205 1.000000 -0.075284 0.220781 0.013414 0.369428 0.109793 0.209404 -0.149448 -0.201697 -0.330780 -0.114473 0.397164 0.247423 -0.239343 -0.196486 0.087556 0.103895 0.192895 -0.001518 0.485664 0.488894 0.394523 0.363288 0.195598 0.248482 -0.446828 -0.434496 0.070227 0.116363 -0.192346 0.011211 0.206823 0.117928 -0.021793 -0.114361 0.331181 0.071972 0.027922 0.070345 0.046262 -0.004481 0.109271 0.145856 0.006020 -0.015464 -0.431246 0.109293 -0.271031 -0.307542 -0.196832 0.148799 0.101547 -0.050231 -0.047955 0.084348 -0.279469 -0.243777 -0.225865 0.182281 -0.436812 -0.309265 0.448144 0.494876 -0.338613 0.075546 0.135916 -0.026766 0.089768 -0.175515 -0.425730 -0.224082 -0.089509 -0.039554 -0.217363 -0.277641 -0.151274 -0.428612 -0.257753 -0.267385 0.064311 0.142232 0.208474 0.158998 0.373573 0.288238 0.552542 0.312535 0.323160 -0.012848 0.608311 0.068091 -0.068423 -0.099158 -0.292072 -0.100441 -0.271413 -0.192706 -0.081369 -0.284475 0.004062 -0.477887 -0.362779 -0.056771 -0.032583 -0.098951 -0.112446 -0.167320 -0.135365 0.034282 -0.061232 -0.047544 0.031758 -0.108040
0.029321 -0.316162 0.420351 -0.075284 1.000000 0.626119 0.186551 0.204135 0.728509 0.661325 -0.351803 -0.291017 -0.073891 -0.085364 0.303418 0.306050 -0.285036 -0.511162 -0.197513 0.114314 0.391016 0.307355 -0.234774 -0.059118 0.376149 0.135767 0.344110 0.112691 -0.043729 -0.265670 0.156740 0.052596 -0.387730 -0.100315 -0.291217 -0.142325 -0.053275 -0.359602 0.126968 0.068084 0.024427 -0.116004 -0.441149 -0.452124 0.091468 0.102793 -0.431708 -0.313276 0.305747 0.049434 0.053157 0.010837 0.173494 -0.048225 0.017770 -0.027075 -0.152808 -0.123568 0.435135 0.373701 0.240032 0.015947 -0.007269 0.098643 -0.017544 0.050639 0.428436 0.256972 -0.090510 0.334732 -0.245106 0.119750 -0.122619 -0.271183 -0.303054 -0.154968 -0.526080 -0.330829 -0.179373 -0.210845 -0.337072 -0.240432 0.460593 0.024974 -0.183851 -0.052215 -0.033527 -0.206007 0.254333 0.274776 0.165008 -0.048603 -0.163923 0.003879 0.036478 -0.235336 -0.139083 -0.219841 -0.268951 -0.363667 -0.121411 0.195302 -0.240017 -0.041589 -0.244016 -0.205754 0.224850 -0.052130 0.003458 -0.194053 -0.016751 -0.489641 -0.319812 -0.428762 -0.007876 0.003415
-0.054036 -0.365793 0.044571 0.220781 0.626119 1.000000 -0.170863 0.022383 0.507950 0.520950 -0.551954 -0.382056 -0.382720 -0.310847 0.350616 0.485590 -0.433734 -0.611278 -0.423647 0.251219 0.529901 0.473138 0.168137 0.253347 0.747065 0.588234 0.755058 0.615911 -0.425758 -0.547042 -0.066742 -0.101303 -0.681914 -0.241466 -0.063459 0.063387 0.007849 -0.168195 0.232828 0.328054 -0.142837 0.067632 -0.365329 -0.426209 0.326417 0.380057 -0.503716 -0.133890 0.138818 0.331833 0.113033 -0.018984 -0.028938 0.151206 -0.145934 -0.044054 -0.112335 -0.024155 0.090765 0.090197 -0.165225 -0.040242 -0.299613 -0.277135 0.209838 0.184110 0.087546 0.462833 0.087766 0.485609 -0.060031 0.185832 -0.450221 -0.304889 -0.368358 -0.225882 -0.678320 -0.483273 -0.116360 -0.411609 -0.164759 -0.176677 0.462044 0.063022 0.019488 -0.015137 -0.079310 -0.033967 0.462176 0.231667 0.447040 0.133979 0.116876 0.254980 0.242406 -0.161381 -0.230805 -0.162362 -0.256223 -0.236278 -0.236886 -0.001604 -0.316715 -0.150455 -0.288990 -0.170260 0.355391 0.019158 0.111304 -0.015183 0.087469 -0.247967 -0.488507 -0.440625 -0.038653 0.072787
0.107738 -0.204559 0.601880 0.013414 0.186551 -0.170863 1.000000 0.289445 0.231580 -0.087398 0.350379 -0.185953 0.491188 -0.109309 0.100815 -0.292866 0.107237 0.090508 0.604194 0.090083 -0.029986 -0.262385 0.040339 0.066209 -0.091547 -0.372803 -0.343352 -0.415222 0.372330 0.263449 0.397053 0.231606 0.428868 0.322784 -0.217958 -0.202065 -0.206796 -0.498622 -0.157247 -0.406334 0.017077 -0.221966 -0.239116 -0.227811 -0.026809 -0.078815 0.092728 -0.158113 0.128644 0.060155 -0.221284 -0.128906 -0.114247 0.097656 -0.181092 -0.309886 -0.009134 -0.292283 0.182802 -0.307635 0.575998 -0.101736 0.035437 0.073537 0.352575 -0.071785 0.180555 -0.212408 -0.115044 -0.192577 -0.112961 -0.041213 0.293717 0.128303 0.094048 0.160581 0.026283 -0.163508 -0.211249 -0.036562 -0.209545 -0.056766 0.102230 0.019752 -0.067849 0.087082 -0.016487 -0.392560 -0.074004 -0.136541 -0.002045 0.160832 -0.160621 0.053846 -0.390636 -0.272521 -0.351299 -0.296127 -0.213630 -0.150169 -0.139819 0.137802 0.094195 -0.223497 -0.277877 -0.193397 -0.149265 -0.117481 -0.268004 -0.331334 -0.329133 -0.186829 0.129495 -0.132038 -0.199475 -0.110646
-0.294985 0.002958 0.287952 0.369428 0.204135 0.022383 0.289445 1.000000 0.171130 0.456145 -0.081835 0.322705 0.007730 0.414395 0.033124 0.122306 -0.329443 -0.325506 0.135267 -0.285204 0.025633 -0.153744 -0.261423 -0.096561 -0.140933 -0.131150 -0.283584 -0.348120 -0.163467 -0.144843 0.027153 0.103099 0.087001 0.088973 -0.194661 0.017293 -0.179985 -0.284487 0.102836 -0.061901 0.020298 -0.051704 0.134738 0.152253 -0.055087 0.033881 -0.010770 -0.155735 -0.009989 -0.041472 -0.114415 0.140015 -0.011492 0.061818 0.031255 0.022063 -0.148209 -0.167700 0.131941 0.262005 0.268602 0.559048 -0.242323 -0.043064 0.254920 0.636125 -0.039644 -0.000022 -0.230627 -0.211604 0.082493 0.015329 -0.196795 -0.031372 -0.033743 0.064276 -0.171215 -0.068977 -0.303081 -0.295309 -0.392248 -0.417356 -0.061319 -0.220285 -0.136016 0.064383 0.006584 -0.221017 0.119099 0.214158 0.004440 -0.248605 0.343163 -0.258784 -0.428782 -0.370481 -0.268247 -0.303923 -0.253344 -0.308028 0.285637 -0.176647 0.072350 -0.436830 -0.028288 -0.260345 -0.012649 -0.056455 -0.353484 -0.597857 -0.457321 -0.326848 -0.047240 -0.102497 0.015517 -0.223865
-0.101319 -0.576886 0.404063 0.109793 0.728509 0.507950 0.231580 0.171130 1.000000 0.678997 -0.210253 -0.379473 -0.167291 -0.226145 0.723953 0.515901 -0.395695 -0.541288 -0.121183 0.243079 0.426127 0.397441 0.049885 0.083763 0.458453 0.195869 0.325837 0.143517 -0.003047 -0.127269 0.277379 0.000475 -0.399365 -0.101020 -0.227095 -0.159112 0.108685 -0.237278 0.238483 0.286063 0.003555 0.130155 -0.419026 -0.438967 0.241527 0.244827 -0.303804 -0.193242 0.160546 0.171291 0.109058 -0.169798 -0.175039 -0.041501 0.008223 0.025604 -0.306077 -0.226135 -0.041922 0.043174 -0.117926 -0.187155 -0.212299 -0.062318 0.145359 0.061291 0.102645 0.249667 -0.057574 0.311609 -0.044654 0.143583 -0.111125 -0.068000 -0.224752 -0.048000 -0.416533 -0.262377 -0.204995 -0.236921 -0.220774 -0.135070 0.533392 0.173294 0.228255 0.152862 0.238480 -0.131333 0.352397 0.259768 0.210965 -0.067918 -0.106486 -0.092569 -0.070589 -0.171654 -0.182600 -0.257559 -0.194345 -0.349839 -0.229284 -0.128449 -0.299098 -0.375364 -0.275981 -0.104284 0.111730 0.055037 -0.099493 -0.008428 0.023462 -0.323494 -0.372521 -0.472100 -0.131496 0.051948
-0.270649 -0.266351 0.156810 0.209404 0.661325 0.520950 -0.087398 0.456145 0.678997 1.000000 -0.314783 -0.047848 -0.177276 0.243383 0.511498 0.734071 -0.448687 -0.594611 -0.318306 0.029242 0.452249 0.289529 -0.128567 0.038921 0.319760 0.180244 0.259486 0.052422 -0.212633 -0.260807 0.048490 -0.031582 -0.498155 -0.150465 -0.180375 -0.069511 0.077348 0.004912 0.259734 0.296794 0.175506 0.128109 -0.217282 -0.269466 0.019865 0.091433 -0.321169 -0.235240 -0.080859 -0.083274 -0.089994 -0.112238 0.044425 -0.069333 0.187677 0.134056 -0.319053 -0.111967 0.108275 0.313477 -0.109331 0.304155 -0.303882 -0.107385 0.148124 0.430120 -0.049702 0.085282 -0.150125 0.135263 0.017005 0.089064 -0.241037 -0.158606 -0.220195 -0.036914 -0.449583 -0.298103 -0.126300 -0.281222 -0.291647 -0.300963 0.344872 0.029878 0.112488 0.017590 0.149054 -0.003857 0.464231 0.356638 0.349949 -0.093404 0.293159 -0.106806 0.031402 -0.123081 -0.162355 -0.062098 -0.141190 -0.238255 0.064608 -0.159414 -0.176565 -0.404701 -0.162371 -0.056636 0.105988 0.044665 0.022674 -0.213343 -0.153645 -0.222455 -0.214875 -0.163547 0.196333 0.101841
0.042708 0.105015 -0.014445 -0.149448 -0.351803 -0.551954 0.350379 -0.081835 -0.210253 -0.314783 1.000000 0.148729 0.553864 0.115754 0.011159 -0.300419 0.207842 0.414427 0.428949 -0.043074 -0.345548 -0.391100 0.251513 0.167795 -0.293654 -0.245816 -0.404976 -0.309641 0.321548 0.284340 0.149621 0.208994 0.503848 0.344891 0.199044 -0.053138 -0.118726 -0.187749 -0.184302 -0.303108 -0.062800 -0.139011 0.163729 0.073827 -0.230614 -0.340071 0.249949 -0.059927 -0.188868 -0.292264 -0.225845 -0.223504 -0.178879 -0.119713 0.010726 -0.171313 -0.197218 -0.029491 -0.148909 -0.285028 0.152910 -0.055120 0.099596 0.042415 0.201549 -0.125136 -0.093799 -0.269038 -0.055482 -0.243364 -0.157192 -0.131345 0.319536 0.159883 0.249918 0.128150 0.324065 -0.094268 0.030969 0.158474 -0.032915 0.067304 -0.101245 0.053114 0.274626 -0.039571 0.131709 -0.091937 -0.125140 -0.297304 -0.126960 0.048098 -0.061736 0.120518 -0.095179 0.195961 -0.215243 0.047645 -0.163458 -0.072846 0.049340 -0.046975 0.163826 -0.121351 -0.125883 0.230917 -0.257738 -0.006495 0.068725 0.137241 -0.127173 0.142467 0.265978 0.247614 0.003214 0.085179
-0.087341 0.480837 -0.349977 -0.201697 -0.291017 -0.382056 -0.185953 0.322705 -0.379473 -0.047848 0.148729 1.000000 0.183233 0.767490 -0.381680 -0.101126 0.090014 0.210539 0.031668 -0.293139 -0.179460 -0.126823 -0.501267 -0.407579 -0.535557 -0.202760 -0.418357 -0.363894 0.171843 0.399756 -0.046933 0.103422 0.302055 0.077193 -0.045644 -0.011446 -0.210444 0.188706 -0.355702 -0.142126 0.233395 0.067931 0.405507 0.434237 -0.172626 -0.170051 0.203579 0.076785 0.042689 -0.183892 0.022338 0.373162 0.105071 -0.039399 -0.171431 0.012410 0.016261 -0.021857 -0.093687 0.198652 -0.037107 0.373857 0.053352 0.030648 -0.376986 0.186841 -0.220772 -0.226090 -0.118499 -0.313703 0.181455 0.039594 0.233715 0.360148 0.441418 0.449044 0.324622 0.302438 0.112221 0.008459 0.179068 0.038633 -0.333780 0.013277 -0.131262 0.133789 -0.355904 -0.219531 -0.483751 -0.366746 -0.229619 -0.187478 0.075000 -0.333613 -0.179766 0.125003 0.186378 0.116501 0.128810 0.272032 0.468947 0.053180 0.110670 0.128673 0.417377 -0.014576 -0.037207 -0.046127 -0.049496 -0.113988 -0.199363 0.160157 0.264347 0.272993 0.191617 -0.143852
0.388963 0.339101 0.176659 -0.330780 -0.073891 -0.382720 0.491188 0.007730 -0.167291 -0.177276 0.553864 0.183233 1.000000 0.373444 -0.159476 -0.176842 0.317765 0.320122 0.238194 -0.253764 -0.375362 -0.551643 -0.121292 -0.285894 -0.395512 -0.442099 -0.270739 -0.389945 0.400737 0.310566 -0.075508 0.048233 0.553809 0.492821 -0.075519 0.081163 -0.132653 -0.137432 -0.164041 -0.329645 0.238071 -0.032657 -0.080464 -0.038242 -0.567877 -0.569461 0.056553 -0.196169 -0.054736 -0.353690 -0.162497 0.101402 0.382015 0.133661 0.066832 -0.010038 0.078995 -0.147222 0.303858 -0.117178 0.542380 0.225401 0.350458 0.289554 0.016949 -0.019770 -0.073211 -0.601485 -0.088485 -0.477512 -0.305497 0.023602 0.413231 0.390739 0.323948 0.363492 0.278180 0.041354 0.138090 0.225757 0.104264 0.087736 -0.091674 -0.167990 -0.138109 -0.223811 -0.238852 -0.123265 -0.120353 -0.084900 -0.085747 0.223148 -0.119872 0.162463 -0.106865 -0.117821 -0.026061 0.033732 0.129934 0.170193 0.227215 0.276048 0.313180 0.091152 -0.052809 -0.072361 -0.029892 -0.192176 -0.212312 -0.276411 -0.379672 -0.062953 0.292146 0.348806 0.033117 -0.085525
-0.101397 0.469774 -0.251415 -0.114473 -0.085364 -0.310847 -0.109309 0.414395 -0.226145 0.243383 0.115754 0.767490 0.373444 1.000000 -0.237707 0.077969 0.069789 0.150026 0.049210 -0.314736 -0.089494 -0.205775 -0.468518 -0.341359 -0.449633 -0.317640 -0.378012 -0.476073 0.259615 0.314481 -0.047389 0.210678 0.196253 0.140610 0.047931 0.149248 -0.072236 0.160234 -0.051859 -0.057865 0.369001 0.162344 0.256335 0.208614 -0.478637 -0.383907 0.051410 -0.154627 -0.180364 -0.380826 -0.223102 0.196418 0.327451 -0.049243 0.129660 0.065232 -0.090314 -0.055235 0.075242 0.291130 0.060151 0.575805 0.093508 0.186135 -0.285168 0.241917 -0.204390 -0.414989 -0.235898 -0.394039 0.083472 0.027234 0.315986 0.264622 0.308428 0.437013 0.239216 0.283466 0.166972 0.004278 0.153149 -0.055178 -0.092357 0.079228 -0.173384 -0.179725 -0.236888 -0.074359 -0.181919 -0.006663 -0.025723 -0.058599 0.268422 -0.204025 -0.123908 -0.066303 -0.001666 0.031575 0.095283 0.126656 0.622970 0.109755 0.264982 0.003355 0.211726 0.033305 0.057879 -0.038487 -0.158910 -0.381161 -0.446466 -0.046722 0.311500 0.395569 0.255112 -0.174609
-0.210145 -0.560369 0.187214 0.397164 0.303418 0.350616 0.100815 0.033124 0.723953 0.511498 0.011159 -0.381680 -0.159476 -0.237707 1.000000 0.684317 -0.415938 -0.318187 -0.034258 0.322771 0.303920 0.299734 0.446812 0.338868 0.533047 0.288865 0.362525 0.326937 -0.118356 -0.121175 0.303287 -0.026333 -0.400673 -0.099248 -0.030881 -0.020404 0.258011 -0.011878 0.236982 0.383124 0.036345 0.192047 -0.264247 -0.281522 0.166786 0.197827 -0.202412 0.010730 -0.146139 0.203082 -0.019829 -0.406160 -0.297916 0.032090 0.131085 0.020442 -0.365928 -0.099924 -0.321685 -0.219364 -0.403607 -0.254584 -0.402412 -0.317452 0.344399 0.123360 -0.238173 0.109170 -0.007400 0.207543 -0.028493 0.053817 -0.220725 -0.014363 -0.203918 0.015556 -0.367919 -0.259485 -0.207932 -0.185143 -0.186624 -0.140487 0.544819 0.370142 0.525564 0.224270 0.481615 0.159085 0.561132 0.223352 0.401551 0.113116 0.166122 0.094949 -0.046495 0.005329 -0.290577 -0.150511 -0.134368 -0.230753 -0.323022 -0.242104 -0.222159 -0.428804 -0.371736 0.034336 -0.065747 -0.047440 -0.012248 0.133589 0.007828 -0.012957 -0.274119 -0.253748 -0.078193 0.180569
-0.110316 -0.217767 0.001068 0.247423 0.306050 0.485590 -0.292866 0.122306 0.515901 0.734071 -0.300419 -0.101126 -0.176842 0.077969 0.684317 1.000000 -0.452814 -0.409443 -0.483853 0.061264 0.368533 0.332238 0.129205 0.104246 0.449354 0.358091 0.414738 0.318161 -0.318497 -0.254534 -0.103274 -0.232166 -0.619973 -0.199893 -0.082326 0.093252 0.182088 0.235683 0.192775 0.485330 0.125741 0.341314 -0.278529 -0.208362 0.003267 0.105509 -0.348666 -0.030420 -0.153787 0.018929 0.021185 -0.198795 0.018162 0.028173 0.161231 0.160571 -0.179203 0.037541 -0.064093 0.101427 -0.362663 0.194686 -0.311583 -0.230873 0.152973 0.385269 -0.275943 0.045727 -0.035600 0.128191 0.015295 0.037406 -0.326321 -0.034076 -0.222701 0.003233 -0.437454 -0.143904 -0.060565 -0.169814 -0.102102 -0.162542 0.272346 0.118084 0.257180 0.014206 0.152481 0.141466 0.550464 0.314514 0.403108 0.051210 0.340466 0.013779 -0.013218 -0.060457 -0.130995 -0.107572 0.028796 -0.089316 -0.140291 -0.219977 -0.266272 -0.289327 -0.116886 0.038476 0.022150 0.025092 -0.060547 -0.018486 -0.054000 -0.033893 -0.270082 -0.148616 0.098194 0.124318
0.261710 0.479091 -0.261689 -0.239343 -0.285036 -0.433734 0.107237 -0.329443 -0.395695 -0.448687 0.207842 0.090014 0.317765 0.069789 -0.415938 -0.452814 1.000000 0.677660 0.259661 0.212565 -0.129741 -0.254078 -0.228728 -0.263638 -0.472077 -0.490367 -0.385765 -0.358306 0.503893 0.437789 -0.095192 -0.145888 0.418257 0.161772 -0.104685 -0.372687 0.057148 0.153983 -0.335445 -0.409563 0.306082 0.104681 -0.118890 -0.214776 -0.395213 -0.532646 0.004526 -0.132947 -0.240710 -0.321136 -0.324520 -0.019092 0.291608 0.109847 -0.211482 -0.286682 0.477988 0.402272 0.086419 0.038452 0.275698 -0.057694 0.601378 0.486905 -0.263611 -0.446659 -0.055541 -0.552475 0.132246 0.003191 0.011874 -0.071420 0.528040 0.339854 0.502890 0.308765 0.417546 0.149503 0.665841 0.511806 0.593072 0.637462 -0.312971 0.074590 -0.299786 -0.165124 -0.301214 -0.224958 -0.457052 -0.211785 -0.280091 -0.127925 -0.341280 -0.191550 0.104731 0.197380 0.042640 0.290528 0.035838 0.189034 0.032779 0.145914 0.289379 0.287264 0.218277 -0.002506 -0.214731 0.042852 0.123968 0.189172 -0.073558 0.273390 0.201032 0.178641 0.118140 -0.045412
0.111685 0.363247 -0.374397 -0.196486 -0.511162 -0.611278 0.090508 -0.325506 -0.541288 -0.594611 0.414427 0.210539 0.320122 0.150026 -0.318187 -0.409443 0.677660 1.000000 0.258707 0.142968 -0.307337 -0.190181 -0.030366 -0.007302 -0.573924 -0.385821 -0.458983 -0.242264 0.423899 0.598002 -0.010183 0.086645 0.429358 0.244939 0.136594 0.009971 0.016921 0.221216 -0.441256 -0.259554 0.082340 0.001754 -0.008455 0.018054 -0.427066 -0.430817 0.033778 0.005463 -0.350366 -0.356698 -0.446789 -0.277839 0.013762 -0.071556 -0.266490 -0.338589 0.289422 0.383005 -0.057717 -0.175837 0.130756 -0.007105 0.444478 0.312470 -0.053678 -0.303472 -0.103844 -0.401361 -0.068699 -0.063021 0.125520 0.034400 0.514269 0.389986 0.456543 0.305464 0.441070 0.402811 0.416435 0.590718 0.384238 0.450386 -0.241780 0.187872 -0.138362 -0.212035 -0.217174 -0.098820 -0.429616 -0.370045 -0.299095 0.002126 -0.199657 -0.132095 -0.079394 0.217271 -0.059951 0.081544 -0.077418 0.083659 -0.047651 0.039441 0.130951 0.163125 0.036904 0.096437 -0.271723 -0.017383 0.032927 0.173745 -0.142848 0.191302 0.208883 0.288614 0.070568 -0.059378
-0.068623 0.014081 0.349855 0.087556 -0.197513 -0.423647 0.604194 0.135267 -0.121183 -0.318306 0.428949 0.031668 0.238194 0.049210 -0.034258 -0.483853 0.259661 0.258707 1.000000 0.275088 -0.171056 -0.226459 0.108172 0.089367 -0.219324 -0.402400 -0.447844 -0.438108 0.421405 0.314242 0.493648 0.280830 0.558162 0.218649 0.025315 -0.200909 -0.104900 -0.174867 -0.242307 -0.496675 0.046255 -0.229950 0.113375 0.114481 0.049256 -0.124503 0.312600 0.078385 -0.010479 0.069312 -0.251289 -0.100395 -0.320234 0.034803 -0.080072 -0.366265 0.011226 -0.052549 -0.219418 -0.278139 0.158035 -0.226635 -0.055310 -0.040650 0.111025 -0.337152 0.014255 -0.235434 0.099372 -0.109501 -0.044279 -0.157244 0.338495 0.094812 0.236616 0.317207 0.382638 0.100017 -0.137193 -0.056747 0.010147 0.058695 -0.037879 0.162210 0.100403 0.114838 0.162893 -0.208079 -0.247165 -0.260209 -0.151125 -0.041953 -0.190307 -0.174458 -0.277778 0.027623 -0.266804 0.025075 -0.215031 -0.039859 -0.117532 -0.109653 0.120927 -0.146561 -0.074014 -0.141428 -0.208585 0.061221 -0.004808 -0.032763 -0.131330 0.017952 0.200088 -0.015040 -0.042991 0.003759
-0.169807 -0.308671 -0.073788 0.103895 0.114314 0.251219 0.090083 -0.285204 0.243079 0.029242 -0.043074 -0.293139 -0.253764 -0.314736 0.322771 0.061264 0.212565 0.142968 0.275088 1.000000 0.235592 0.398174 0.228885 0.401602 0.232086 0.019952 0.191179 0.240654 0.205158 0.111833 0.230042 -0.188512 -0.132539 0.064051 0.053861 -0.289816 0.168218 0.134715 -0.240222 0.054409 -0.124070 0.004307 -0.327734 -0.464413 0.372345 0.201111 -0.252786 0.065511 -0.112352 0.159996 -0.288015 -0.383787 -0.446961 0.044001 -0.421424 -0.485700 -0.065562 0.160997 -0.413389 -0.378801 -0.318651 -0.486754 -0.256751 -0.235753 0.208958 -0.431998 -0.102430 0.127317 0.231786 0.662232 -0.019033 0.111612 0.050783 -0.003892 0.034046 0.198322 -0.184139 -0.139115 0.133316 -0.015932 0.247730 0.361534 0.421026 0.512545 0.333819 0.209895 0.028513 -0.156593 0.031321 -0.249994 0.301081 0.103318 -0.174806 0.040303 0.245198 0.233364 -0.375176 0.154670 -0.260969 -0.147005 -0.559985 -0.292913 -0.385126 -0.298075 -0.379210 -0.205062 -0.184934 0.052146 0.449079 0.473890 0.212679 0.210695 -0.298088 -0.257816 0.086984 0.313161
-0.121634 -0.373358 0.045708 0.192895 0.391016 0.529901 -0.029986 0.025633 0.426127 0.452249 -0.345548 -0.179460 -0.375362 -0.089494 0.303920 0.368533 -0.129741 -0.307337 -0.171056 0.235592 1.000000 0.450341 0.019065 0.251196 0.419198 0.174826 0.265661 0.167261 -0.014869 -0.131473 0.278818 0.126167 -0.619706 -0.370622 0.047302 -0.207833 0.049520 -0.113443 0.212613 0.031626 0.119564 0.213806 -0.296315 -0.528974 0.177063 0.129537 -0.378408 -0.484410 -0.038775 0.012030 -0.232698 -0.266396 -0.043522 -0.052031 0.007898 -0.273218 -0.025889 -0.070979 0.074503 0.082432 -0.191461 -0.158244 -0.203353 -0.210255 0.001102 0.055684 0.194282 0.263751 -0.023377 0.284941 0.351761 0.226436 0.035201 -0.121801 -0.085910 0.050497 -0.287769 -0.358662 0.153369 -0.402383 -0.030836 -0.063267 0.246672 0.357680 -0.052238 0.000615 0.135086 -0.160752 0.294866 0.132091 0.286206 0.082656 0.312302 0.067157 0.193387 0.005149 -0.341264 -0.088047 -0.320411 -0.216486 -0.061520 0.122904 -0.157563 -0.153852 -0.166100 0.186054 0.085994 0.310985 0.152495 -0.095848 -0.171604 -0.189345 -0.321592 -0.236857 0.266690 0.122029
-0.087578 -0.386426 -0.160369 -0.001518 0.307355 0.473138 -0.262385 -0.153744 0.397441 0.289529 -0.391100 -0.126823 -0.551643 -0.205775 0.299734 0.332238 -0.254078 -0.190181 -0.226459 0.398174 0.450341 1.000000 0.062167 0.237559 0.363670 0.394070 0.327592 0.355623 -0.119908 -0.061298 0.120280 0.033632 -0.525527 -0.312944 0.053319 -0.042352 -0.042683 -0.040220 -0.129551 0.241996 -0.352661 0.062310 -0.307653 -0.238731 0.416116 0.409504 -0.398029 0.061619 0.188393 0.290470 0.116836 -0.111471 -0.288122 -0.036135 -0.290530 -0.254160 -0.123079 0.002431 -0.107519 0.080440 -0.322384 -0.279702 -0.141310 -0.179710 -0.085206 -0.198007 0.140728 0.499446 0.012924 0.596781 0.180068 0.246678 -0.129956 -0.220132 -0.257147 -0.128305 -0.464962 -0.016870 -0.120145 -0.166325 -0.022238 -0.028581 0.319852 0.343139 0.033506 0.059366 -0.094954 -0.249778 -0.060754 -0.165925 0.236783 0.013998 -0.118590 -0.084575 0.092590 0.075968 -0.126397 -0.177916 -0.229616 -0.244464 -0.299199 -0.171881 -0.591317 -0.037573 -0.091157 -0.031824 0.091500 0.073938 0.264013 0.304159 0.278748 -0.129275 -0.411155 -0.409561 -0.066412 0.191631
-0.098426 -0.299613 -0.024021 0.485664 -0.234774 0.168137 0.040339 -0.261423 0.049885 -0.128567 0.251513 -0.501267 -0.121292 -0.468518 0.446812 0.129205 -0.228728 -0.030366 0.108172 0.228885 0.019065 0.062167 1.000000 0.756446 0.471705 0.504536 0.449100 0.546338 -0.342144 -0.340068 0.100393 0.014222 -0.160168 0.001202 0.416404 0.286262 0.165657 -0.024808 0.184209 0.124607 -0.312708 -0.012406 0.061436 -0.012974 0.155187 0.123355 0.018634 0.182244 -0.381019 0.063365 -0.097483 -0.468500 -0.382163 -0.013547 0.021068 -0.114032 -0.181571 0.018768 -0.394465 -0.575442 -0.340971 -0.261688 -0.354316 -0.377771 0.540746 0.054761 -0.328337 0.136878 0.221208 0.157915 -0.021522 -0.186062 -0.278856 -0.134154 -0.094048 -0.232208 -0.132413 -0.280725 -0.174346 -0.131474 -0.113068 -0.108101 0.201524 0.145621 0.474204 -0.056221 0.434156 0.344252 0.477946 0.035785 0.370719 0.296974 0.277473 0.484791 0.111516 0.069376 -0.246946 -0.050509 -0.160384 -0.101939 -0.337911 -0.186636 -0.107202 -0.234741 -0.484159 0.212118 -0.060487 -0.034170 0.089493 0.207895 0.214386 0.112287 -0.078570 -0.019093 -0.069102 0.137401
-0.318821 -0.452152 -0.080976 0.488894 -0.059118 0.253347 0.066209 -0.096561 0.083763 0.038921 0.167795 -0.407579 -0.285894 -0.341359 0.338868 0.104246 -0.263638 -0.007302 0.089367 0.401602 0.251196 0.237559 0.756446 1.000000 0.454958 0.412062 0.243573 0.354046 -0.195932 -0.267748 0.267213 0.286175 -0.274179 0.030170 0.522003 0.180957 0.089835 -0.090791 0.194613 0.144752 -0.320888 -0.031908 0.005078 -0.178237 0.276515 0.291683 -0.133970 -0.050098 -0.367970 0.025046 -0.415235 -0.614273 -0.486560 -0.260140 -0.072041 -0.267075 -0.292012 -0.049756 -0.306693 -0.453304 -0.295813 -0.234796 -0.387890 -0.434414 0.570440 0.087820 -0.050605 0.367130 -0.095148 0.250451 0.081141 -0.048215 -0.198231 -0.314776 -0.192277 -0.228694 -0.273228 -0.330496 -0.200452 -0.321910 -0.259741 -0.210530 0.293907 0.308505 0.290693 -0.086550 0.328270 0.161280 0.392876 -0.004350 0.378128 0.277406 0.403872 0.459170 0.235142 0.133767 -0.372364 -0.116028 -0.398490 -0.289456 -0.412332 -0.150864 -0.339666 -0.399410 -0.638245 0.182490 -0.139587 -0.023346 0.281769 0.170253 0.101034 0.001505 -0.155577 -0.138675 0.016046 0.151357
-0.126025 -0.484779 0.081029 0.394523 0.376149 0.747065 -0.091547 -0.140933 0.458453 0.319760 -0.293654 -0.535557 -0.395512 -0.449633 0.533047 0.449354 -0.472077 -0.573924 -0.219324 0.232086 0.419198 0.363670 0.471705 0.454958 1.000000 0.694649 0.657478 0.571630 -0.362980 -0.545183 0.151386 0.108878 -0.640725 -0.137600 0.114409 0.104212 -0.048700 -0.208017 0.311849 0.291451 -0.220919 0.074138 -0.201358 -0.259207 0.419251 0.506263 -0.206107 0.033231 -0.004736 0.417463 0.115012 -0.274005 -0.153450 0.139892 0.011712 -0.040868 -0.222478 -0.092948 -0.109979 -0.207196 -0.302492 -0.242294 -0.400240 -0.374489 0.302803 0.089316 0.063466 0.507177 0.126508 0.339923 -0.193122 -0.027295 -0.467386 -0.443322 -0.487488 -0.320189 -0.617880 -0.456041 -0.182101 -0.404592 -0.186166 -0.154906 0.436885 0.291777 0.279404 0.137346 0.206809 0.157289 0.573481 0.186565 0.529689 0.204589 0.215842 0.363154 0.127367 -0.118193 -0.212665 -0.163042 -0.193449 -0.262711 -0.356697 -0.058983 -0.211087 -0.211708 -0.381391 -0.016460 0.184596 -0.045783 0.037799 0.088162 0.241859 -0.066017 -0.276931 -0.337967 -0.182812 0.078840
-0.130417 -0.196013 -0.134014 0.363288 0.135767 0.588234 -0.372803 -0.131150 0.195869 0.180244 -0.245816 -0.202760 -0.442099 -0.317640 0.288865 0.358091 -0.490367 -0.385821 -0.402400 0.019952 0.174826 0.394070 0.504536 0.412062 0.694649 1.000000 0.617801 0.667351 -0.594673 -0.556370 -0.075254 0.066932 -0.489086 -0.076234 0.313195 0.364074 -0.128724 -0.143072 0.142262 0.391002 -0.338374 -0.026891 0.076162 0.102412 0.378548 0.449509 -0.052209 0.203840 -0.003491 0.213565 0.226816 -0.097806 -0.196703 -0.008257 -0.150720 0.060789 -0.148508 0.025453 -0.228385 -0.146636 -0.372943 -0.011089 -0.355826 -0.340161 0.303565 0.282245 -0.147794 0.511269 0.145646 0.285603 -0.133950 -0.041981 -0.572450 -0.287912 -0.351836 -0.361535 -0.496578 -0.302713 -0.228766 -0.324723 -0.219495 -0.253521 0.192652 0.019999 0.235397 0.040497 -0.049504 0.172545 0.371618 0.002548 0.304101 0.040505 0.161374 0.197105 0.142814 -0.041565 0.051923 -0.156707 -0.120529 -0.101501 -0.218271 -0.133295 -0.252995 -0.106478 -0.258429 0.063289 0.272568 -0.089092 0.068199 0.165398 0.330403 -0.011819 -0.130232 -0.202191 -0.110452 0.007917
0.024951 -0.250021 -0.065919 0.195598 0.344110 0.755058 -0.343352 -0.283584 0.325837 0.259486 -0.404976 -0.418357 -0.270739 -0.378012 0.362525 0.414738 -0.385765 -0.458983 -0.447844 0.191179 0.265661 0.327592 0.449100 0.243573 0.657478 0.617801 1.000000 0.898984 -0.478844 -0.512518 -0.232058 -0.242399 -0.595534 -0.210312 0.048480 0.219902 0.152100 0.108009 0.238801 0.334070 -0.169222 0.094015 -0.151094 -0.174736 0.249632 0.217945 -0.311574 0.084221 -0.003057 0.235302 0.311223 -0.067933 -0.012281 0.192153 -0.024363 0.107959 -0.104730 0.000047 -0.101215 -0.169526 -0.401715 -0.178764 -0.326314 -0.289826 0.144092 0.062134 -0.143734 0.310193 0.376196 0.383241 -0.070115 0.085967 -0.416839 -0.153042 -0.166356 -0.171366 -0.398945 -0.325082 -0.017115 -0.193689 -0.003384 -0.019731 0.400722 0.072083 0.258060 0.024846 0.144792 0.320724 0.516414 0.191503 0.422295 0.208112 0.060388 0.373918 0.347095 -0.038956 -0.026778 0.080182 -0.041985 -0.018239 -0.293715 -0.010066 -0.241735 0.013662 -0.277849 -0.064868 0.301175 -0.056359 0.118675 0.110175 0.236388 -0.089455 -0.417816 -0.209149 0.069539 0.183895
-0.104515 -0.289334 -0.206146 0.248482 0.112691 0.615911 -0.415222 -0.348120 0.143517 0.052422 -0.309641 -0.363894 -0.389945 -0.476073 0.326937 0.318161 -0.358306 -0.242264 -0.438108 0.240654 0.167261 0.355623 0.546338 0.354046 0.571630 0.667351 0.898984 1.000000 -0.521696 -0.452959 -0.190169 -0.269661 -0.581725 -0.199332 0.105475 0.201946 0.110537 0.150487 0.088273 0.312444 -0.319546 -0.031717 -0.077914 -0.071523 0.314268 0.283743 -0.206314 0.248072 -0.033492 0.245161 0.294163 -0.156532 -0.183411 0.193444 -0.108000 0.034479 -0.152195 0.071010 -0.208850 -0.245790 -0.510642 -0.271561 -0.392713 -0.423857 0.221988 0.077341 -0.143178 0.409986 0.352663 0.459156 0.043975 0.089232 -0.459336 -0.120088 -0.161952 -0.238632 -0.376029 -0.314560 0.014949 -0.090845 -0.054883 -0.010691 0.262957 0.085739 0.320106 0.143320 0.154991 0.369459 0.418385 0.023786 0.409295 0.259206 0.068369 0.345212 0.353652 0.137196 -0.008394 0.119757 -0.076857 -0.007970 -0.400232 -0.110492 -0.364834 0.017220 -0.296650 -0.033350 0.108289 -0.123569 0.262592 0.291445 0.358048 0.070569 -0.425327 -0.182406 0.065916 0.289317
0.074914 -0.036076 0.036785 -0.446828 -0.043729 -0.425758 0.372330 -0.163467 -0.003047 -0.212633 0.321548 0.171843 0.400737 0.259615 -0.118356 -0.318497 0.503893 0.423899 0.421405 0.205158 -0.014869 -0.119908 -0.342144 -0.195932 -0.362980 -0.594673 -0.478844 -0.521696 1.000000 0.725140 0.438806 0.346070 0.355125 0.285517 -0.087711 -0.348662 0.030130 0.081517 -0.323633 -0.306865 0.192010 0.161118 -0.052792 -0.213585 -0.182095 -0.259978 0.135683 -0.218609 -0.031570 -0.167962 -0.222935 -0.139272 0.124061 0.057885 -0.194621 -0.330701 -0.077198 -0.253452 0.004751 -0.103780 0.130822 -0.365473 0.372545 0.274533 -0.315797 -0.564415 0.206977 -0.308424 -0.213971 -0.109991 0.102062 0.178067 0.890467 0.363575 0.388987 0.462698 0.397439 0.197106 0.372854 0.248873 0.476986 0.518661 0.086718 0.406316 -0.112364 0.025971 -0.133052 -0.381227 -0.506864 -0.333960 -0.076670 0.141488 -0.352809 -0.062092 0.047493 0.190316 -0.049383 0.153938 0.016247 0.009177 0.041198 0.251577 0.109770 0.154140 0.026703 0.079345 -0.219845 -0.043707 0.085184 0.042683 -0.212684 -0.023828 0.135966 0.062212 0.096528 0.072186
0.102801 0.057714 -0.109859 -0.434496 -0.265670 -0.547042 0.263449 -0.144843 -0.127269 -0.260807 0.284340 0.399756 0.310566 0.314481 -0.121175 -0.254534 0.437789 0.598002 0.314242 0.111833 -0.131473 -0.061298 -0.340068 -0.267748 -0.545183 -0.556370 -0.512518 -0.452959 0.725140 1.000000 0.361950 0.182062 0.393788 0.080187 -0.202436 -0.268314 -0.026525 0.266839 -0.496593 -0.222607 0.167376 0.074834 -0.009997 0.070764 -0.148012 -0.190794 0.179852 0.109498 0.003878 -0.038559 -0.120515 -0.049428 -0.026076 0.011683 -0.322279 -0.236533 0.099430 -0.103279 -0.140400 -0.161372 0.018681 -0.208453 0.304405 0.240234 -0.273336 -0.418710 -0.088957 -0.427692 -0.165548 -0.206484 0.277717 0.085477 0.780263 0.538961 0.542949 0.477569 0.527194 0.440398 0.301722 0.421315 0.448121 0.502360 -0.079974 0.316384 -0.053003 0.045754 -0.173138 -0.287470 -0.644102 -0.513888 -0.253004 0.003160 -0.363244 -0.329992 -0.150882 0.239926 0.044198 0.164827 0.084258 0.265375 0.029116 0.078673 0.105472 0.103957 0.213755 0.121036 -0.221770 0.053829 0.026649 0.138500 -0.133130 0.191587 0.207408 0.184509 0.042987 0.062205
-0.302606 -0.543486 0.327232 0.070227 0.156740 -0.066742 0.397053 0.027153 0.277379 0.048490 0.149621 -0.046933 -0.075508 -0.047389 0.303287 -0.103274 -0.095192 -0.010183 0.493648 0.230042 0.278818 0.120280 0.100393 0.267213 0.151386 -0.075254 -0.232058 -0.190169 0.438806 0.361950 1.000000 0.534910 -0.028418 -0.022343 0.035013 -0.258018 0.008269 -0.159242 -0.120514 -0.216536 -0.053178 -0.074704 0.002775 -0.070187 0.263170 0.254325 0.177039 0.000068 0.081320 0.170544 -0.198458 -0.330160 -0.291431 -0.017219 -0.081328 -0.266242 -0.334499 -0.383881 -0.165175 -0.194342 -0.113912 -0.475145 -0.232796 -0.296209 0.033097 -0.226425 0.197152 0.130161 -0.190748 -0.006342 0.184850 0.058598 0.337891 0.109012 0.056926 0.199100 0.136687 -0.043886 -0.162578 -0.217257 -0.141898 -0.066825 0.183104 0.419385 0.088683 0.293443 0.290665 -0.167531 -0.122984 -0.273449 0.108749 0.163232 -0.020533 -0.019069 -0.080959 0.230317 -0.156237 0.014846 -0.254240 -0.098770 -0.172562 0.037358 -0.103630 -0.180714 -0.200541 0.132887 -0.202490 0.055440 0.188093 0.091734 0.099803 -0.014184 0.022662 -0.203053 -0.017800 0.167268
-0.200438 -0.223296 0.004348 0.116363 0.052596 -0.101303 0.231606 0.103099 0.000475 -0.031582 0.208994 0.103422 0.048233 0.210678 -0.026333 -0.232166 -0.145888 0.086645 0.280830 -0.188512 0.126167 0.033632 0.014222 0.286175 0.108878 0.066932 -0.242399 -0.269661 0.346070 0.182062 0.534910 1.000000 0.052915 0.104277 0.344598 0.126887 -0.225731 -0.248149 0.083357 -0.120239 -0.058537 0.005785 0.205947 0.106615 0.020247 0.164430 0.119923 -0.271882 -0.141147 -0.006543 -0.276346 -0.253796 -0.078840 -0.180352 0.041906 -0.087457 -0.282467 -0.346740 -0.045908 -0.113687 0.061297 -0.075879 0.073191 0.032022 0.010982 -0.087965 0.258743 0.171576 -0.479164 -0.301657 0.098733 0.198914 0.307447 -0.184794 -0.092498 0.062513 0.082618 0.033795 -0.203777 -0.276926 -0.194525 -0.178930 0.108653 0.343207 -0.126172 -0.066112 0.047110 -0.104184 -0.128950 -0.089674 0.005928 0.146260 0.151334 0.131658 -0.029146 0.069587 -0.015995 -0.142934 -0.233724 -0.201309 0.115913 0.259921 0.108470 -0.021700 -0.162633 0.218746 0.032989 -0.084417 -0.052810 -0.169021 -0.203336 -0.232610 0.239855 -0.001085 -0.032645 -0.152430
0.271123 0.459539 0.164456 -0.192346 -0.387730 -0.681914 0.428868 0.087001 -0.399365 -0.498155 0.503848 0.302055 0.553809 0.196253 -0.400673 -0.619973 0.418257 0.429358 0.558162 -0.132539 -0.619706 -0.525527 -0.160168 -0.274179 -0.640725 -0.489086 -0.595534 -0.581725 0.355125 0.393788 -0.028418 0.052915 1.000000 0.502085 0.050387 0.029239 -0.202779 -0.154040 -0.291224 -0.432736 0.157961 -0.197784 0.209304 0.281579 -0.245521 -0.350096 0.387561 0.032301 0.027235 -0.174804 -0.090048 0.256583 0.052430 0.006296 -0.150676 -0.096889 0.253634 0.002245 0.030715 -0.086482 0.463856 0.094352 0.321084 0.270502 -0.030563 -0.158569 -0.073940 -0.429786 0.047119 -0.410867 -0.226458 -0.191942 0.341555 0.253511 0.363452 0.281885 0.486019 0.240600 -0.066793 0.191603 0.093042 0.087100 -0.301597 -0.241363 -0.135118 -0.005809 -0.232735 -0.213619 -0.500375 -0.268805 -0.427093 -0.170606 -0.300326 -0.191192 -0.251813 -0.122699 0.088326 0.022124 0.138867 0.184646 0.200820 0.042902 0.326345 0.109690 0.180912 -0.151607 -0.130306 -0.149417 -0.231129 -0.155689 -0.217588 0.035261 0.411719 0.262287 -0.146953 -0.277671
-0.078833 0.213203 0.043335 0.011211 -0.100315 -0.241466 0.322784 0.088973 -0.101020 -0.150465 0.344891 0.077193 0.492821 0.140610 -0.099248 -0.199893 0.161772 0.244939 0.218649 0.064051 -0.370622 -0.312944 0.001202 0.030170 -0.137600 -0.076234 -0.210312 -0.199332 0.285517 0.080187 -0.022343 0.104277 0.502085 1.000000 0.117591 0.118926 -0.321643 -0.136086 -0.276882 -0.269318 0.010865 -0.048731 0.025440 -0.007503 -0.201706 -0.124994 0.129715 -0.040772 -0.231276 -0.244718 -0.313000 -0.245292 0.028604 0.055715 -0.289164 -0.295531 -0.114703 0.027041 0.074144 -0.233024 0.306183 0.137776 0.042148 0.056994 0.374608 0.187458 -0.011027 -0.071167 0.080347 -0.043233 -0.393588 0.009847 0.141033 0.212661 0.155539 0.294275 -0.043076 -0.063749 0.124557 0.099445 0.017504 0.109141 0.061696 0.020182 0.080520 0.082117 -0.188800 -0.085791 -0.027721 -0.287254 -0.027620 -0.131132 -0.138247 -0.056125 -0.040463 -0.138812 -0.136385 0.022026 -0.198819 -0.223944 -0.102840 -0.131182 -0.015624 -0.252121 -0.327880 -0.291204 -0.163585 -0.292978 -0.129310 -0.165828 -0.175036 -0.025008 0.162978 0.149728 0.031424 -0.113935
-0.125994 0.015173 -0.270213 0.206823 -0.291217 -0.063459 -0.217958 -0.194661 -0.227095 -0.180375 0.199044 -0.045644 -0.075519 0.047931 -0.030881 -0.082326 -0.104685 0.136594 0.025315 0.053861 0.047302 0.053319 0.416404 0.522003 0.114409 0.313195 0.048480 0.105475 -0.087711 -0.202436 0.035013 0.344598 0.050387 0.117591 1.000000 0.599598 0.062746 -0.128224 0.276875 0.099624 -0.213116 0.009466 0.252829 -0.024867 -0.013242 0.015115 0.049759 -0.216359 -0.314330 -0.217875 -0.349683 -0.231873 -0.168256 -0.191004 0.051274 -0.106445 -0.192381 -0.079972 -0.258638 -0.167615 -0.211497 -0.005189 -0.199213 -0.291374 0.213426 0.034636 -0.044061 0.275116 0.013364 0.027485 0.040886 -0.016283 -0.062299 -0.214132 -0.140722 -0.205359 0.053501 -0.020962 -0.131732 -0.255123 -0.111355 -0.255410 0.102144 0.244351 0.003175 -0.331785 0.064544 0.075502 0.062355 -0.028915 0.133229 0.218336 0.328082 0.347793 0.211978 0.051625 -0.158268 -0.102291 -0.179944 -0.113800 0.047553 -0.036699 -0.017490 -0.045887 -0.268034 0.393859 0.032139 0.052417 0.129103 0.025470 -0.093385 -0.084075 0.107927 0.198167 0.140007 -0.001377
0.134817 0.150604 -0.126911 0.117928 -0.142325 0.063387 -0.202065 0.017293 -0.159112 -0.069511 -0.053138 -0.011446 0.081163 0.149248 -0.020404 0.093252 -0.372687 0.009971 -0.200909 -0.289816 -0.207833 -0.042352 0.286262 0.180957 0.104212 0.364074 0.219902 0.201946 -0.348662 -0.268314 -0.258018 0.126887 0.029239 0.118926 0.599598 1.000000 0.143833 -0.105144 0.327479 0.310152 -0.196602 0.074002 0.142708 0.172723 -0.140269 0.008741 -0.037113 -0.076162 -0.145091 -0.035946 -0.059875 0.042981 0.058763 -0.093753 0.045209 0.134236 -0.034715 0.020601 -0.001518 -0.077403 -0.019264 0.371044 -0.096362 -0.074963 0.198162 0.283436 -0.185927 0.170496 -0.025729 -0.107538 -0.143266 -0.070186 -0.249046 -0.156291 -0.190325 -0.187982 -0.120436 0.210003 -0.362563 -0.070654 -0.156011 -0.404878 0.203756 -0.024317 -0.058768 -0.420212 -0.084762 0.197208 0.198013 0.193674 0.135565 0.190640 0.272453 0.295327 -0.170794 -0.410192 -0.010271 -0.437576 0.094954 -0.073501 0.257627 0.099662 0.199628 0.017787 -0.214180 0.089644 0.369372 -0.102195 -0.385462 -0.353147 -0.235059 -0.356731 0.079993 0.202332 -0.182255 -0.368776
