1.000000 0.646407 -0.354056 -0.287235 -0.283499 -0.064920 -0.535619 -0.300913 -0.110964 -0.009531 0.193994 0.138909 -0.138671 0.060596 -0.327238 -0.162999 0.610424 0.495755 0.376908 0.155905 -0.328501 -0.141229 -0.386996 -0.459779 -0.314498 -0.308975 -0.108488 0.080420 -0.004501 0.198418 -0.346767 -0.532493 0.238635 0.138557 -0.314788 -0.247143 -0.137806 0.132244 0.236567 0.192884 0.102084 0.192841 0.135822 0.275788 0.141533 -0.007012 0.197908 0.050884 0.071601 0.198307 0.033764 0.124305 0.014172 0.007322 0.279575 0.309654 0.780947 0.607780 -0.224927 -0.286781 -0.064096 -0.081208 0.273919 0.152372 -0.526981 -0.376339 -0.062000 -0.341991 0.437018 0.172949 0.028873 0.257416 0.262590 0.085001 0.141019 -0.083799 -0.038764 0.045983 0.125537 0.539189 0.452036 0.344334 0.185389 0.015877 -0.249040 -0.046028 0.072338 0.077402 -0.404995 -0.122180 -0.283669 -0.246765 -0.447794 -0.439469 0.125577 -0.014009 0.268763 0.289242 0.170778 0.074948 -0.189072 0.046129 -0.209281 -0.016136 -0.059316 -0.031467 -0.147370 0.165795 -0.065147 -0.062900 0.095869 -0.067554 -0.048692 -0.023071 -0.056162 -0.088592
0.646407 1.000000 -0.478923 -0.227510 -0.161630 -0.233472 -0.552889 -0.270800 -0.045563 0.076127 0.228445 0.176412 0.029948 0.207212 -0.237777 -0.063391 0.287195 0.552690 -0.042312 0.195793 -0.434330 -0.097067 -0.213492 -0.585444 -0.138919 -0.379702 -0.049203 -0.049453 -0.004965 0.364478 -0.275232 -0.554372 0.204772 0.209704 -0.301921 -0.223267 -0.187169 0.203106 0.265867 0.272672 0.260526 0.134611 0.229256 0.420640 0.291363 0.206277 0.227656 0.138551 0.109156 0.452446 0.010269 0.276885 -0.049169 0.078378 0.218248 0.472712 0.666220 0.686138 -0.249030 -0.218939 -0.248990 0.030821 -0.088031 0.103413 -0.445857 -0.392696 -0.248897 -0.444973 0.589056 0.341811 -0.082100 0.174989 0.148846 0.048542 0.158113 0.035620 0.009030 -0.014587 0.117032 0.383133 0.177162 0.371970 -0.139499 0.140593 -0.196900 -0.134033 0.007568 0.094891 -0.287704 -0.170762 -0.354539 -0.474067 -0.418960 -0.364040 -0.079662 -0.072114 0.161216 0.275128 0.063451 0.233382 0.019598 -0.063695 0.016802 -0.168697 0.028113 -0.034094 0.049031 -0.014071 -0.109923 -0.118789 -0.032215 -0.037075 0.049489 -0.049647 0.064693 -0.115439
-0.354056 -0.478923 1.000000 0.566320 0.639932 0.213380 0.725945 0.644787 0.399009 0.358926 0.118612 -0.005888 0.247555 0.014550 0.092164 0.329387 -0.386236 -0.631588 -0.227868 -0.216205 0.091800 -0.144849 0.126257 0.310925 0.062101 -0.015643 -0.282568 -0.314772 -0.300538 -0.276904 -0.009304 0.150535 -0.122798 -0.125389 -0.150742 0.051730 -0.085751 -0.478394 -0.412477 -0.537880 -0.439690 -0.348680 -0.330010 -0.396475 -0.134874 -0.072353 -0.264067 -0.250106 0.277699 -0.220218 0.233813 0.100006 0.423397 -0.050119 -0.098775 -0.402983 -0.478418 -0.515181 0.487876 0.514835 0.377717 0.244739 0.217869 0.135248 0.069674 0.443395 0.425272 0.392473 -0.485178 -0.125215 -0.198113 -0.177841 -0.254764 -0.330850 -0.384395 -0.392551 -0.337184 -0.119979 -0.433845 -0.388519 -0.162745 -0.325784 -0.004146 -0.273425 -0.174665 -0.076278 0.056044 0.148292 0.238898 0.339831 0.420933 0.304387 0.359884 0.394148 -0.450407 -0.376652 -0.453880 -0.689390 -0.017019 -0.452362 0.238344 0.229208 0.261428 0.165515 -0.083623 -0.531122 0.215669 -0.079693 -0.251824 -0.318385 -0.422847 -0.166468 -0.355821 -0.369574 -0.217690 -0.185192
-0.287235 -0.227510 0.566320 1.000000 0.593989 0.316167 0.535391 0.675735 0.382050 0.449804 -0.016904 0.051293 0.100559 0.165620 0.201248 0.334126 -0.488973 -0.579288 0.041189 0.144745 -0.078465 0.114274 0.249524 0.491924 0.308937 0.112923 0.036904 -0.059610 -0.450941 -0.293979 0.054762 0.043824 -0.179226 -0.085938 -0.196235 0.041209 -0.426872 -0.476511 -0.377964 -0.449639 -0.338548 -0.474065 -0.278140 -0.303456 -0.100070 0.041708 -0.272043 -0.174031 -0.115983 -0.152771 -0.131737 -0.111506 -0.046302 -0.024832 -0.010035 -0.283543 -0.338499 -0.285970 0.209826 0.505337 0.088768 0.427211 -0.142377 -0.032943 0.190450 0.614657 -0.022776 0.118962 -0.182863 0.042081 -0.214231 -0.277705 -0.507255 -0.461971 -0.390764 -0.610431 -0.516971 -0.198175 -0.419306 -0.458064 -0.409030 -0.437208 -0.048804 -0.122627 0.077938 0.175519 0.351327 0.405049 0.508818 0.607361 0.368448 0.159249 0.592861 0.193442 -0.327310 -0.307843 -0.499883 -0.507444 -0.249772 -0.420540 0.205375 -0.058701 0.205816 0.135514 -0.154114 -0.417861 0.217403 -0.107289 -0.249429 -0.215438 -0.435340 -0.003796 -0.218316 -0.211655 0.075304 -0.055709
-0.283499 -0.161630 0.639932 0.593989 1.000000 0.173360 0.478440 0.557625 0.788097 0.706242 0.184960 0.076392 0.289230 0.192219 0.375302 0.644124 -0.345989 -0.488582 -0.297306 -0.088295 0.002976 -0.304754 0.306229 0.383059 0.385956 -0.094176 -0.170028 -0.493032 -0.291647 -0.165451 0.074776 -0.045758 -0.215430 -0.327972 -0.166538 -0.144558 -0.148512 -0.475925 -0.451119 -0.521388 -0.237501 -0.190962 -0.223543 -0.338476 -0.122482 -0.031385 -0.339556 -0.290468 0.045914 -0.116874 0.005666 0.021974 0.349698 -0.188564 -0.011439 -0.432550 -0.330244 -0.286107 0.519707 0.613722 0.317058 0.423839 0.013834 0.115560 0.087671 0.325541 0.229356 0.064750 -0.328858 0.038664 -0.195107 -0.465839 -0.396636 -0.377287 -0.408906 -0.306034 -0.415844 -0.315531 -0.268783 -0.516499 -0.236430 -0.216494 -0.205528 -0.099325 0.001413 -0.021353 0.197686 0.230528 0.353444 0.405495 0.441769 0.266063 0.495707 0.529737 -0.256318 -0.172233 -0.581670 -0.472129 -0.271273 -0.312692 0.450680 0.223294 0.493170 0.281039 -0.023106 -0.393393 0.275150 -0.110494 -0.113179 -0.245748 -0.530939 -0.025543 -0.310427 -0.346835 0.010327 0.090633
-0.064920 -0.233472 0.213380 0.316167 0.173360 1.000000 0.110055 -0.178281 0.058989 0.176402 -0.231194 -0.550568 -0.214897 -0.377602 0.163734 -0.025716 -0.116937 -0.397414 0.402370 0.254832 0.462410 0.470178 0.279401 0.297695 0.275503 0.562141 0.493490 0.599246 -0.301145 -0.513118 -0.079393 0.014371 -0.031372 -0.035223 0.158422 0.045643 0.079054 -0.134794 0.206762 0.078545 0.223470 -0.003666 -0.236557 -0.328452 0.015429 0.013056 -0.165804 0.170731 -0.113053 -0.178811 -0.046154 -0.266720 -0.083227 0.053083 -0.088255 -0.145842 -0.096680 0.078327 0.143617 0.123088 -0.124743 -0.171231 -0.195239 -0.511280 0.095160 -0.027400 0.268043 0.278696 0.112612 0.255092 0.155912 0.055088 -0.264919 -0.229499 -0.158057 -0.305807 -0.429662 -0.154105 -0.142142 -0.306939 -0.287008 -0.375406 0.135909 -0.295500 0.073059 -0.168553 0.253778 0.073651 0.250240 0.316883 0.297693 0.402354 0.221578 0.178035 0.095210 -0.157547 0.279409 -0.098163 0.046628 -0.267641 -0.251717 -0.291526 -0.209045 0.218449 -0.056104 -0.108536 -0.049446 -0.005584 -0.059065 -0.010430 0.212734 -0.003848 -0.059320 -0.283395 -0.064785 0.077536
-0.535619 -0.552889 0.725945 0.535391 0.478440 0.110055 1.000000 0.632556 0.217277 0.157637 0.078666 0.094829 0.411874 0.120452 0.428883 0.370915 -0.469663 -0.587358 -0.074523 0.050672 0.155805 -0.072843 0.302998 0.425345 0.104007 -0.015447 -0.132690 -0.305906 -0.047002 -0.083069 0.163263 0.320128 -0.175343 -0.146074 -0.071627 0.161868 0.005199 -0.437420 -0.320559 -0.474948 -0.420973 -0.283558 -0.306714 -0.400515 -0.349522 -0.205606 -0.296578 -0.371128 -0.193561 -0.440452 -0.192935 -0.336095 0.091995 -0.255330 -0.187335 -0.489387 -0.570936 -0.560849 0.495781 0.281013 0.524496 0.348446 0.019552 0.100387 0.426520 0.490540 0.011473 0.043743 -0.495361 -0.242730 -0.257646 -0.275956 -0.161888 -0.206364 -0.124526 -0.096065 -0.229348 -0.071984 -0.419319 -0.419110 -0.353054 -0.343701 0.113956 0.050163 0.161519 0.013021 0.229039 0.155335 0.587057 0.485512 0.319803 0.228209 0.519635 0.443405 -0.346008 -0.241190 -0.541997 -0.614464 -0.240789 -0.440460 0.214049 0.124856 0.175865 -0.079557 -0.338617 -0.393377 0.083722 -0.211572 -0.139311 -0.214142 -0.464715 -0.029606 -0.127500 -0.126593 0.006597 -0.081703
-0.300913 -0.270800 0.644787 0.675735 0.557625 -0.178281 0.632556 1.000000 0.341582 0.394558 0.337815 0.516626 0.428620 0.504135 0.120727 0.411880 -0.395641 -0.457110 -0.261263 -0.175463 -0.145508 -0.232286 -0.174595 0.192737 -0.108843 -0.333191 -0.404093 -0.543884 -0.202636 -0.083563 -0.071454 0.032671 -0.203768 -0.132320 -0.239533 -0.130129 -0.240827 -0.455125 -0.467634 -0.486151 -0.552200 -0.385839 -0.220614 -0.259099 -0.340538 -0.190845 -0.343303 -0.390583 0.047214 -0.306842 -0.153167 0.002106 0.236436 -0.286585 0.003150 -0.377311 -0.375200 -0.558690 0.364133 0.612176 0.418505 0.669927 0.236199 0.451209 -0.041827 0.677779 0.128418 0.102425 -0.452686 -0.184105 -0.137583 -0.319024 -0.333366 -0.324308 -0.436633 -0.336472 -0.269547 -0.163907 -0.315739 -0.339364 -0.176178 -0.267996 -0.012495 -0.005786 -0.178381 -0.012150 0.085674 0.362712 0.266783 0.422563 0.364174 0.125397 0.560676 0.274291 -0.383873 -0.197424 -0.640925 -0.491202 -0.248112 -0.364505 0.393851 0.320198 0.341145 0.230797 -0.117249 -0.408489 0.232166 0.031565 -0.235532 -0.181945 -0.558660 -0.000122 -0.192098 -0.107937 0.051654 -0.058260
-0.110964 -0.045563 0.399009 0.382050 0.788097 0.058989 0.217277 0.341582 1.000000 0.856726 0.146887 0.090435 0.097350 0.177585 0.367250 0.571554 -0.103322 -0.183411 -0.243251 -0.102740 -0.063322 -0.412843 0.265014 0.350230 0.255377 -0.221635 -0.311330 -0.507331 -0.118348 -0.027663 0.163716 -0.093974 -0.145927 -0.330693 -0.146551 -0.231988 -0.209461 -0.380075 -0.415901 -0.404698 -0.115277 -0.107596 -0.045837 -0.180268 0.041659 0.056420 -0.115411 -0.252682 0.063931 -0.002084 0.076619 0.051881 0.307533 -0.026948 0.049892 -0.212272 -0.201399 -0.168623 0.329638 0.414886 0.093675 0.167789 0.029058 0.039478 0.004532 0.191009 0.133761 -0.076884 -0.210420 -0.019918 -0.037471 -0.492531 -0.256955 -0.270534 -0.265612 -0.265224 -0.413278 -0.445446 0.017144 -0.265985 -0.004531 0.019711 -0.252410 -0.068507 0.085527 0.112114 0.100917 -0.029924 0.147359 0.147955 0.269663 0.193545 0.295846 0.388169 -0.114130 -0.141762 -0.457850 -0.218471 -0.227305 -0.186968 0.162272 0.261828 0.447077 0.333452 0.233652 -0.139759 0.234599 0.025594 -0.016341 -0.207002 -0.443708 -0.108606 -0.356329 -0.290872 -0.056341 0.159751
-0.009531 0.076127 0.358926 0.449804 0.706242 0.176402 0.157637 0.394558 0.856726 1.000000 0.248863 0.086345 0.188599 0.268430 0.315009 0.624832 -0.174695 -0.249206 -0.169658 -0.052178 -0.135114 -0.253785 0.182671 0.255243 0.255885 -0.182583 -0.185955 -0.394122 -0.126421 -0.120831 0.039802 -0.209298 -0.191716 -0.330060 -0.230607 -0.394630 -0.240957 -0.382681 -0.298298 -0.257023 -0.082180 -0.105058 -0.034597 -0.170920 0.039446 0.079334 -0.117903 -0.100200 0.090141 0.024614 -0.016867 0.072372 0.190153 -0.089077 0.052799 -0.130735 -0.135102 -0.117310 0.303681 0.485832 0.023810 0.296627 -0.048367 -0.011595 -0.135332 0.209156 0.098240 -0.112833 -0.056091 0.045098 0.053461 -0.536217 -0.385362 -0.417225 -0.452471 -0.423502 -0.540610 -0.555264 0.059964 -0.346513 -0.156225 -0.082808 -0.213518 -0.058716 -0.028781 -0.017902 0.091320 0.105570 0.080246 0.223356 0.286503 0.240760 0.364543 0.338540 -0.072726 -0.139538 -0.315741 -0.129108 -0.181994 -0.101662 0.021477 0.201719 0.316982 0.430212 0.279370 -0.079882 0.130451 0.169658 0.027595 -0.163274 -0.381592 -0.010653 -0.252155 -0.191569 0.000376 0.114660
0.193994 0.228445 0.118612 -0.016904 0.184960 -0.231194 0.078666 0.337815 0.146887 0.248863 1.000000 0.664031 0.816090 0.723337 0.091589 0.386922 0.185844 0.049052 -0.123418 -0.251282 -0.305186 -0.329842 -0.367172 -0.334032 -0.379901 -0.588182 -0.485089 -0.442952 0.143700 0.148504 -0.378010 -0.470317 -0.042438 -0.103547 -0.347613 -0.458303 0.052914 0.013286 -0.185430 -0.257019 -0.265476 -0.009031 -0.172959 -0.097797 -0.510038 -0.512029 -0.328671 -0.298545 0.085119 -0.352765 -0.165857 -0.022212 0.499926 -0.465675 0.198298 -0.165554 0.047158 -0.126351 0.603025 0.414337 0.610964 0.533091 0.588891 0.507161 -0.400141 0.050845 0.242773 -0.277647 -0.255709 -0.097481 0.043726 -0.118047 0.020431 -0.068491 -0.116717 0.079950 0.108443 -0.021008 -0.089722 0.022447 0.151692 0.018623 -0.028152 0.187334 -0.499809 -0.288556 -0.211508 0.072619 -0.263673 0.018844 0.032979 0.035139 -0.023808 0.035306 -0.159014 0.015991 -0.163854 0.065069 0.029474 -0.048461 0.258339 0.375077 0.340502 0.231890 0.044317 -0.195747 0.328695 0.185051 -0.068406 -0.000052 -0.277408 -0.045372 -0.151021 0.082477 0.041790 -0.092392
0.138909 0.176412 -0.005888 0.051293 0.076392 -0.550568 0.094829 0.516626 0.090435 0.086345 0.664031 1.000000 0.571948 0.901609 0.027452 0.247133 0.098442 0.133666 -0.145663 -0.209899 -0.378397 -0.475735 -0.358201 -0.176294 -0.371579 -0.627920 -0.474458 -0.483233 0.097498 0.203662 -0.206598 -0.299253 -0.057141 -0.053753 -0.261616 -0.350089 -0.088031 -0.066782 -0.273128 -0.284620 -0.371129 -0.158147 0.027120 0.096120 -0.519778 -0.453610 -0.187941 -0.355346 -0.093636 -0.362050 -0.241394 -0.092643 0.283776 -0.468931 0.152205 -0.138280 0.009818 -0.270360 0.283589 0.268701 0.425135 0.567591 0.426628 0.601608 -0.273385 0.354318 0.006725 -0.299274 -0.322591 -0.256531 -0.019849 -0.188269 0.043033 0.009669 -0.004317 0.154460 0.248901 0.042802 -0.013080 0.051008 0.168143 0.056070 -0.013172 0.085304 -0.290164 -0.017431 -0.170207 0.028048 -0.134544 -0.021097 0.017260 -0.093565 0.102210 0.003389 -0.077755 0.047216 -0.304571 0.013468 -0.137297 0.024247 0.340290 0.404683 0.304715 0.188365 0.016438 -0.069667 0.099212 0.042375 -0.089619 -0.025073 -0.329419 0.044398 -0.077771 0.192730 0.165755 0.037977
-0.138671 0.029948 0.247555 0.100559 0.289230 -0.214897 0.411874 0.428620 0.097350 0.188599 0.816090 0.571948 1.000000 0.677703 0.357474 0.518552 -0.132307 -0.162161 -0.188699 -0.192752 -0.095860 -0.255491 -0.127234 -0.181768 -0.238292 -0.496938 -0.385808 -0.447979 0.170190 0.215735 -0.233725 -0.243456 -0.043576 -0.057445 -0.248469 -0.257894 0.157549 -0.048745 -0.111499 -0.246020 -0.234878 -0.023348 -0.302631 -0.222409 -0.656071 -0.537796 -0.472158 -0.398624 -0.131676 -0.461713 -0.319421 -0.252568 0.339860 -0.590606 0.106291 -0.242442 -0.218767 -0.279692 0.730833 0.418006 0.712576 0.564185 0.379146 0.359078 -0.102795 0.172046 0.113657 -0.320505 -0.400315 -0.200482 -0.112510 -0.172939 0.002882 -0.105668 -0.059947 0.177626 0.125724 0.010988 -0.223392 -0.128173 -0.093236 -0.091121 -0.018375 0.321921 -0.342487 -0.214713 -0.158471 0.144725 -0.002063 0.240517 0.053656 0.021512 0.147328 0.207971 -0.183339 -0.005100 -0.375213 -0.095425 -0.190228 -0.128333 0.316631 0.348990 0.418603 0.058901 -0.074036 -0.192497 0.280854 -0.078007 -0.132374 -0.044357 -0.461117 -0.009064 -0.063870 0.072905 0.118561 -0.069722
0.060596 0.207212 0.014550 0.165620 0.192219 -0.377602 0.120452 0.504135 0.177585 0.268430 0.723337 0.901609 0.677703 1.000000 0.180696 0.470695 -0.003769 0.042159 -0.180005 -0.110936 -0.359042 -0.390256 -0.229265 -0.140907 -0.181797 -0.518042 -0.340092 -0.402374 0.090096 0.153960 -0.150389 -0.375507 -0.171908 -0.146079 -0.302157 -0.404847 -0.139347 -0.088343 -0.296956 -0.296242 -0.321563 -0.159219 -0.045587 0.009991 -0.526321 -0.446624 -0.289570 -0.310726 -0.120137 -0.374525 -0.333138 -0.158362 0.197096 -0.534880 0.068799 -0.191745 -0.035814 -0.244672 0.395008 0.374504 0.387363 0.612805 0.305032 0.486498 -0.251815 0.320244 0.022884 -0.316524 -0.272411 -0.154095 0.044469 -0.305973 -0.080625 -0.086040 -0.142426 0.068975 0.169407 -0.005219 -0.050748 -0.091860 0.028167 -0.033832 -0.006046 0.183332 -0.327601 -0.129122 -0.171977 0.067003 -0.086681 0.062246 0.118463 0.033195 0.212554 0.117894 -0.061820 -0.002865 -0.288270 0.003610 -0.166774 0.069278 0.345040 0.439232 0.362430 0.275232 0.107886 -0.070964 0.209543 0.058171 -0.089786 -0.040856 -0.308423 0.079397 -0.045412 0.172891 0.190626 0.078625
-0.327238 -0.237777 0.092164 0.201248 0.375302 0.163734 0.428883 0.120727 0.367250 0.315009 0.091589 0.027452 0.357474 0.180696 1.000000 0.633414 -0.420597 -0.399188 0.022438 0.320249 0.228366 -0.170290 0.489093 0.517366 0.116486 -0.065871 0.077363 -0.146829 0.059063 -0.121775 0.134006 0.005029 -0.356072 -0.360014 0.007269 0.018681 0.187445 -0.133012 -0.026843 -0.103594 -0.154176 -0.105945 -0.179171 -0.328876 -0.353548 -0.306618 -0.263430 -0.227233 -0.404127 -0.405408 -0.373273 -0.471409 -0.114246 -0.426509 -0.093900 -0.333758 -0.400168 -0.247428 0.428314 0.205296 0.285128 0.170614 -0.261451 -0.212555 0.493695 0.033624 -0.056381 -0.253016 -0.059051 0.088381 0.009392 -0.348270 -0.237025 -0.232080 -0.055289 0.012076 -0.230136 -0.130266 -0.168282 -0.407950 -0.469081 -0.360892 0.232917 0.392293 0.470127 0.069017 0.287667 0.173416 0.569488 0.464685 0.373370 0.304125 0.534569 0.542343 0.189276 -0.122665 -0.350440 -0.186488 -0.505547 -0.279199 0.051218 0.094671 0.111910 0.063413 -0.060683 0.078658 -0.023938 -0.075892 0.045847 -0.210233 -0.259752 -0.137927 -0.134631 -0.068715 0.241057 0.305011
-0.162999 -0.063391 0.329387 0.334126 0.644124 -0.025716 0.370915 0.411880 0.571554 0.624832 0.386922 0.247133 0.518552 0.470695 0.633414 1.000000 -0.209260 -0.249599 -0.156737 0.124761 -0.178972 -0.497165 0.205590 0.257287 0.184906 -0.280505 -0.150777 -0.514376 0.112196 0.104688 0.159987 -0.141934 -0.377778 -0.411480 -0.195559 -0.312590 -0.038362 -0.350298 -0.385851 -0.371686 -0.245779 -0.126365 -0.112046 -0.368680 -0.364565 -0.349383 -0.359961 -0.345819 -0.139373 -0.339864 -0.271272 -0.215561 0.188688 -0.366110 -0.077146 -0.447861 -0.214871 -0.242185 0.571901 0.440324 0.361835 0.377278 0.066911 0.218138 0.024371 0.013431 0.152730 -0.265413 -0.158420 0.115336 0.005393 -0.622776 -0.189997 -0.291831 -0.304162 -0.179742 -0.203497 -0.332559 -0.028323 -0.396944 -0.142756 -0.068551 0.008363 0.416984 -0.040595 -0.115935 0.009192 0.120920 0.187885 0.308691 0.492383 0.399007 0.493693 0.562278 -0.041710 -0.036982 -0.480626 -0.197442 -0.305769 -0.066942 0.261952 0.453458 0.443799 0.321241 -0.001893 -0.124233 0.221725 0.053393 0.167996 -0.181050 -0.475728 0.020401 0.033537 -0.051890 0.182240 0.316202
0.610424 0.287195 -0.386236 -0.488973 -0.345989 -0.116937 -0.469663 -0.395641 -0.103322 -0.174695 0.185844 0.098442 -0.132307 -0.003769 -0.420597 -0.209260 1.000000 0.702965 0.308702 0.016330 -0.093557 -0.153063 -0.357431 -0.439448 -0.290747 -0.189172 -0.165003 -0.007040 0.416316 0.394124 -0.028880 -0.156722 0.330270 0.167177 0.015875 -0.258254 0.112150 0.137726 0.143073 0.091759 0.228971 0.371445 0.034423 0.041910 -0.092099 -0.237542 0.022185 -0.156089 -0.136474 -0.112025 -0.055602 -0.098665 0.133436 0.050133 0.223562 0.078432 0.705105 0.514761 -0.055926 -0.362648 0.054577 -0.208802 0.506228 0.284613 -0.437211 -0.435962 0.009964 -0.256184 0.186407 0.037583 0.204799 0.102827 0.497427 0.246749 0.282401 0.201085 0.171703 -0.107838 0.501079 0.616401 0.802529 0.639747 -0.041081 0.045717 -0.262155 -0.064280 -0.137994 -0.346549 -0.487387 -0.348055 -0.342046 -0.134815 -0.550832 -0.310975 0.237043 0.222661 0.259069 0.423806 0.112124 0.189364 -0.189396 0.125285 -0.055763 -0.001620 -0.096828 0.128294 0.028626 0.148226 0.100681 0.237416 0.117259 -0.071380 0.076560 0.157292 0.017259 0.111416
0.495755 0.552690 -0.631588 -0.579288 -0.488582 -0.397414 -0.587358 -0.457110 -0.183411 -0.249206 0.049052 0.133666 -0.162161 0.042159 -0.399188 -0.249599 0.702965 1.000000 0.088171 0.119079 -0.283902 -0.063892 -0.373551 -0.653782 -0.231042 -0.259948 -0.139522 -0.050174 0.468615 0.668688 -0.005208 -0.158604 0.332160 0.317847 0.031165 -0.088232 0.080518 0.364782 0.351936 0.334924 0.410888 0.410477 0.230295 0.320982 0.106158 -0.011065 0.218659 -0.050553 -0.161500 0.131819 -0.132150 -0.039901 -0.152127 0.076788 0.215033 0.309460 0.687480 0.549988 -0.322818 -0.518800 -0.204105 -0.203308 0.141276 0.259569 -0.421435 -0.524806 -0.208697 -0.384534 0.413627 0.104383 0.096201 0.233223 0.573322 0.403471 0.433924 0.375241 0.396745 0.103925 0.450422 0.672043 0.571286 0.704951 -0.136463 0.260891 -0.213884 -0.121285 -0.154264 -0.298903 -0.490489 -0.535259 -0.545340 -0.455419 -0.626913 -0.495304 0.185770 0.208950 0.312838 0.462600 0.008594 0.271631 -0.102507 -0.044722 -0.023936 -0.207625 0.021011 0.249754 0.021814 -0.065103 0.112966 0.149486 0.158764 0.014162 0.208745 0.157457 0.025100 0.055737
0.376908 -0.042312 -0.227868 0.041189 -0.297306 0.402370 -0.074523 -0.261263 -0.243251 -0.169658 -0.123418 -0.145663 -0.188699 -0.180005 0.022438 -0.156737 0.308702 0.088171 1.000000 0.345117 0.160284 0.141162 0.007564 0.089507 -0.092294 0.190560 0.338304 0.474823 0.021399 -0.158528 -0.071057 -0.028229 0.174554 0.146737 0.141222 0.055324 0.061552 0.066296 0.301273 0.255264 0.178614 0.046982 -0.189818 -0.172815 -0.276553 -0.262384 -0.088430 -0.059875 -0.446769 -0.333592 -0.341834 -0.436418 -0.281300 -0.060875 0.130864 0.023849 0.262238 0.205982 -0.045275 -0.243529 0.026461 -0.140538 0.006943 -0.141714 0.032421 -0.140355 -0.044483 -0.211823 0.219734 -0.010237 0.172110 0.100814 0.067610 0.008887 0.194223 -0.092323 -0.090738 -0.025492 0.089491 0.156822 0.030477 -0.071744 0.246770 -0.001380 0.137413 0.181961 0.184264 -0.150227 0.071588 0.153029 -0.137666 0.089153 -0.039299 -0.237067 0.344073 0.111025 0.295648 0.244456 -0.054083 -0.127980 -0.484599 -0.180691 -0.356463 -0.126618 -0.286052 0.164964 -0.329571 0.166778 0.054406 0.091581 0.128947 0.025877 0.095549 0.018547 0.011779 -0.002628
0.155905 0.195793 -0.216205 0.144745 -0.088295 0.254832 0.050672 -0.175463 -0.102740 -0.052178 -0.251282 -0.209899 -0.192752 -0.110936 0.320249 0.124761 0.016330 0.119079 0.345117 1.000000 0.015207 0.102979 0.264951 0.168358 0.114673 0.211492 0.382714 0.217985 0.239445 0.090447 0.167024 0.062008 -0.174284 0.077045 0.108545 0.088286 0.080986 -0.281782 0.186735 0.159062 0.143992 -0.014363 0.096953 -0.056218 0.089029 0.032320 0.171397 0.185358 -0.464230 -0.145612 -0.514130 -0.415538 -0.532800 -0.102413 -0.186783 -0.084265 0.170704 0.265263 -0.226782 -0.332030 -0.308521 -0.097669 -0.471817 -0.275657 0.078435 -0.345626 -0.377320 -0.180967 0.532446 0.482658 0.146024 -0.131107 0.134051 -0.150559 0.094872 -0.102153 -0.269257 -0.079128 0.119598 -0.022275 -0.168580 -0.008747 0.293951 0.451666 0.320203 -0.030971 0.373233 0.282657 0.376437 0.222891 0.294324 0.169227 0.233364 0.104908 0.248215 -0.153145 0.116320 -0.104968 -0.408468 -0.201315 -0.109778 -0.139378 -0.226599 -0.090986 -0.294883 0.016072 -0.139102 -0.199348 -0.010269 -0.239890 0.169909 -0.089397 0.111159 -0.096207 0.098507 0.230023
-0.328501 -0.434330 0.091800 -0.078465 0.002976 0.462410 0.155805 -0.145508 -0.063322 -0.135114 -0.305186 -0.378397 -0.095860 -0.359042 0.228366 -0.178972 -0.093557 -0.283902 0.160284 0.015207 1.000000 0.333108 0.117751 0.206877 -0.043869 0.252640 0.173737 0.260433 0.003759 -0.373807 -0.016809 0.237005 -0.027129 0.088073 0.436270 0.211901 0.415238 0.032535 0.205449 0.127862 0.136870 0.164550 -0.189140 -0.255709 -0.146415 -0.068227 -0.174056 0.106557 -0.157235 -0.218006 -0.132689 -0.251674 -0.098263 -0.125178 -0.066458 -0.113483 -0.330567 -0.129317 0.134700 0.088697 0.001013 -0.279901 -0.060884 -0.353824 0.164294 -0.099273 0.238982 0.381679 -0.191743 0.053005 0.218684 0.079043 -0.127183 -0.058453 -0.049404 0.124477 -0.147102 -0.009780 0.067158 -0.167413 -0.086087 -0.214301 0.147268 -0.080937 0.081439 -0.096857 0.031266 -0.058354 0.109756 0.109511 0.198351 0.278656 0.112490 0.239226 0.186285 0.002283 0.040214 -0.052979 -0.242369 -0.345580 -0.117656 0.029069 -0.126704 0.123885 0.110535 0.091523 -0.066424 0.066034 -0.167592 0.066314 0.209258 -0.080256 -0.194533 -0.283060 -0.106528 0.022584
-0.141229 -0.097067 -0.144849 0.114274 -0.304754 0.470178 -0.072843 -0.232286 -0.412843 -0.253785 -0.329842 -0.475735 -0.255491 -0.390256 -0.170290 -0.497165 -0.153063 -0.063892 0.141162 0.102979 0.333108 1.000000 0.051839 -0.080913 0.147156 0.462970 0.480781 0.651785 -0.132051 -0.198618 -0.126900 0.063846 0.082532 0.246182 -0.006439 0.148846 -0.015269 0.344143 0.418536 0.313829 0.217827 0.209291 -0.107677 -0.026234 0.192496 0.233823 0.045650 0.338460 -0.128515 0.151367 -0.061224 -0.051614 -0.339400 0.195778 -0.073551 0.151244 -0.000195 0.204256 -0.223291 -0.095965 -0.277264 -0.116390 -0.266920 -0.383062 0.098238 -0.002930 -0.167204 0.156416 0.273825 0.162364 0.029236 0.404154 -0.142258 0.058433 0.016682 -0.070734 -0.049484 0.189972 -0.088913 0.029904 -0.249149 -0.128780 0.159703 -0.136412 0.024266 -0.170923 0.155344 0.151685 0.099403 0.042489 -0.259487 -0.153004 -0.093993 -0.345748 0.023271 -0.024238 0.353863 0.063135 0.045004 -0.055892 -0.140457 -0.554305 -0.372153 -0.134577 0.033928 -0.032301 -0.041535 -0.177869 -0.112716 0.265305 0.346867 0.211846 0.030903 0.082444 0.043853 -0.154574
-0.386996 -0.213492 0.126257 0.249524 0.306229 0.279401 0.302998 -0.174595 0.265014 0.182671 -0.367172 -0.358201 -0.127234 -0.229265 0.489093 0.205590 -0.357431 -0.373551 0.007564 0.264951 0.117751 0.051839 1.000000 0.711678 0.680563 0.497562 0.505971 0.190559 -0.025500 -0.187054 0.543332 0.388890 -0.229719 -0.283826 0.163917 0.138804 0.019633 -0.219284 -0.115702 -0.205574 -0.050401 -0.122844 -0.068798 -0.160664 0.119591 0.176549 -0.028556 0.018782 -0.285964 0.034297 -0.085419 -0.203185 -0.234665 0.024433 -0.341207 -0.224274 -0.359776 -0.043047 0.065900 -0.074052 -0.109447 -0.149263 -0.580349 -0.481499 0.720077 0.051638 -0.261813 -0.101709 0.067528 0.087162 -0.136079 -0.375929 -0.232350 -0.227635 0.032281 -0.030458 -0.116529 -0.194449 -0.104582 -0.455382 -0.499583 -0.270321 -0.161869 -0.119520 0.691227 0.201321 0.240265 -0.148567 0.684710 0.246552 0.156627 0.245014 0.273492 0.477409 0.069638 -0.038656 -0.192863 -0.266960 -0.138312 0.060150 -0.061941 -0.233420 -0.000092 -0.090597 -0.140355 0.038587 -0.150919 -0.284100 0.214255 -0.140997 -0.120477 0.019101 -0.029946 0.071000 0.297665 0.256633
-0.459779 -0.585444 0.310925 0.491924 0.383059 0.297695 0.425345 0.192737 0.350230 0.255243 -0.334032 -0.176294 -0.181768 -0.140907 0.517366 0.257287 -0.439448 -0.653782 0.089507 0.168358 0.206877 -0.080913 0.711678 1.000000 0.445669 0.420797 0.264671 0.061524 -0.191399 -0.473013 0.515771 0.440387 -0.448149 -0.436777 0.150360 0.080537 -0.100233 -0.418852 -0.399363 -0.418029 -0.333420 -0.300889 -0.113444 -0.334529 -0.049851 0.032258 -0.134009 -0.020893 -0.201147 -0.203429 -0.056240 -0.225969 -0.118956 -0.035197 -0.278105 -0.398860 -0.601926 -0.427716 0.077872 0.226084 -0.023935 -0.011548 -0.313511 -0.324986 0.675992 0.393023 -0.072116 0.210825 -0.259782 -0.050623 0.081302 -0.477600 -0.462589 -0.335037 -0.214328 -0.251546 -0.325711 -0.243423 -0.118301 -0.576005 -0.449363 -0.469566 0.029126 -0.137086 0.637987 0.364435 0.265179 0.041181 0.639982 0.413591 0.504055 0.533375 0.615530 0.582313 0.084494 -0.030301 -0.357699 -0.285647 -0.205831 -0.152402 -0.053257 0.018819 -0.014422 0.242234 -0.062622 -0.000507 -0.094867 0.043889 0.142209 -0.030286 -0.080358 0.063469 -0.061330 0.026772 0.162732 0.280023
-0.314498 -0.138919 0.062101 0.308937 0.385956 0.275503 0.104007 -0.108843 0.255377 0.255885 -0.379901 -0.371579 -0.238292 -0.181797 0.116486 0.184906 -0.290747 -0.231042 -0.092294 0.114673 -0.043869 0.147156 0.680563 0.445669 1.000000 0.679820 0.573715 0.200250 -0.086128 -0.092404 0.493001 0.379604 -0.203296 -0.235557 0.210832 0.053464 -0.131487 -0.234859 -0.241807 -0.191099 0.130278 0.013698 0.158633 0.105889 0.319149 0.417397 0.130361 0.233259 -0.136172 0.276057 -0.077898 -0.019673 -0.313594 0.147395 -0.279807 -0.114866 -0.218338 -0.054662 -0.131128 -0.028355 -0.303888 -0.036796 -0.578909 -0.392083 0.373652 0.091668 -0.276681 0.003831 0.020949 -0.038097 -0.039616 -0.388195 -0.256945 -0.156310 -0.109829 -0.032503 -0.058750 -0.192566 0.007807 -0.508384 -0.399918 -0.164146 -0.370183 -0.170965 0.274016 0.092671 0.099265 -0.024209 0.410474 0.098110 0.100784 0.157341 0.238475 0.236873 0.019905 0.166353 0.019789 -0.127301 0.060781 0.243795 0.077958 -0.317340 0.028773 -0.084336 -0.026048 0.108104 -0.113314 -0.225408 0.311968 0.093013 0.065528 0.281412 0.140930 0.107070 0.215094 0.208909
-0.308975 -0.379702 -0.015643 0.112923 -0.094176 0.562141 -0.015447 -0.333191 -0.221635 -0.182583 -0.588182 -0.627920 -0.496938 -0.518042 -0.065871 -0.280505 -0.189172 -0.259948 0.190560 0.211492 0.252640 0.462970 0.497562 0.420797 0.679820 1.000000 0.725566 0.661262 -0.064875 -0.341265 0.362428 0.563941 -0.101924 -0.030972 0.464929 0.278436 0.071318 -0.164558 0.037834 0.064399 0.184864 0.004016 0.067468 0.052829 0.294315 0.381560 0.167001 0.426948 -0.110657 0.132322 -0.046218 -0.089179 -0.427531 0.237577 -0.386902 -0.087379 -0.230626 -0.088777 -0.325280 -0.207779 -0.434428 -0.274055 -0.525880 -0.549466 0.386339 0.029161 -0.112534 0.361735 0.088485 -0.038134 0.206568 -0.048079 -0.142329 -0.106620 -0.034484 -0.013913 -0.010116 -0.007638 0.017095 -0.377948 -0.350417 -0.299615 -0.127907 -0.265292 0.278211 0.041747 0.016644 -0.084533 0.321328 0.034837 0.121400 0.270003 0.110862 0.086468 0.187938 0.092803 0.412659 -0.064893 0.147344 0.127493 -0.280109 -0.470114 -0.380836 -0.066455 -0.118482 0.240466 -0.276865 -0.123588 0.233435 0.164895 0.495062 0.160502 0.204096 0.108112 0.084765 0.176597
-0.108488 -0.049203 -0.282568 0.036904 -0.170028 0.493490 -0.132690 -0.404093 -0.311330 -0.185955 -0.485089 -0.474458 -0.385808 -0.340092 0.077363 -0.150777 -0.165003 -0.139522 0.338304 0.382714 0.173737 0.480781 0.505971 0.264671 0.573715 0.725566 1.000000 0.728398 -0.083360 -0.278949 0.175629 0.186457 -0.183252 -0.093322 0.287882 0.063891 0.099604 0.016856 0.256816 0.341003 0.270141 0.116378 0.131317 0.060834 0.191035 0.213308 0.136869 0.424440 -0.299161 0.131142 -0.272824 -0.170466 -0.507472 0.113653 -0.337196 0.005163 -0.019524 0.136873 -0.317228 -0.304382 -0.425268 -0.243904 -0.612005 -0.530979 0.270861 -0.195206 -0.264519 -0.054092 0.418966 0.223754 0.167896 -0.043966 -0.138859 0.027846 0.102002 0.062507 0.034098 -0.043904 0.087198 -0.322633 -0.433824 -0.238976 0.082221 -0.115925 0.342582 -0.069687 0.103516 -0.088892 0.344125 0.010914 0.079078 0.251071 0.155418 0.092417 0.257571 0.231713 0.426417 0.178485 0.084799 0.338424 -0.219084 -0.421638 -0.406787 -0.106912 -0.161575 0.206660 -0.396748 -0.214053 0.423271 0.227024 0.418247 0.336717 0.392959 0.287453 0.307622 0.309693
0.080420 -0.049453 -0.314772 -0.059610 -0.493032 0.599246 -0.305906 -0.543884 -0.507331 -0.394122 -0.442952 -0.483233 -0.447979 -0.402374 -0.146829 -0.514376 -0.007040 -0.050174 0.474823 0.217985 0.260433 0.651785 0.190559 0.061524 0.200250 0.661262 0.728398 1.000000 -0.226427 -0.345274 -0.087995 0.035484 0.177448 0.223543 0.245435 0.279186 0.110511 0.277887 0.476144 0.471033 0.354224 0.052054 -0.095804 0.074828 0.145669 0.120831 0.120651 0.376764 -0.165773 0.064864 -0.053378 -0.159648 -0.432675 0.203518 -0.125879 0.277151 0.104404 0.248943 -0.374930 -0.328090 -0.420444 -0.412031 -0.337569 -0.596225 0.149998 -0.152634 -0.010475 0.146022 0.387168 0.127090 0.162713 0.446772 0.021554 0.121930 0.222664 -0.010315 0.059456 0.234442 -0.091415 0.037311 -0.225509 -0.276008 0.238509 -0.285603 0.161723 -0.026767 0.045012 -0.071012 0.069690 -0.010944 -0.182603 0.007933 -0.156122 -0.294958 0.250598 -0.053657 0.634776 0.208585 0.262744 0.148347 -0.453487 -0.521966 -0.495423 -0.126570 -0.064019 0.178385 -0.353803 -0.121644 0.052731 0.153604 0.520186 0.089547 0.209498 0.112399 0.021104 0.010326
-0.004501 -0.004965 -0.300538 -0.450941 -0.291647 -0.301145 -0.047002 -0.202636 -0.118348 -0.126421 0.143700 0.097498 0.170190 0.090096 0.059063 0.112196 0.416316 0.468615 0.021399 0.239445 0.003759 -0.132051 -0.025500 -0.191399 -0.086128 -0.064875 -0.083360 -0.226427 1.000000 0.601243 0.300940 0.331168 0.015134 0.185696 0.286949 -0.059300 0.403685 -0.088721 0.014988 0.089622 0.161525 0.262682 0.325728 0.117298 -0.133902 -0.141922 0.167017 0.001677 -0.234336 -0.168388 -0.334947 -0.189482 -0.130869 -0.087818 -0.141709 -0.051031 0.057654 0.009594 -0.013074 -0.347818 -0.014200 -0.114822 0.059501 0.104764 -0.116779 -0.423693 -0.223002 -0.298122 0.021574 -0.102734 0.181091 -0.329557 0.575622 0.042419 0.296442 0.322546 0.253388 -0.186560 0.544550 0.226233 0.349556 0.490966 -0.135261 0.522905 -0.012681 -0.111025 -0.313535 -0.203784 -0.191456 -0.272142 -0.135498 -0.030994 -0.305517 -0.037630 0.302903 0.214936 0.167937 0.142506 -0.198874 0.195480 -0.154789 0.083876 -0.017143 -0.096392 -0.104206 0.351288 -0.163050 -0.058861 0.278951 0.035845 0.074646 -0.098599 0.171710 0.258685 0.182135 0.302858
0.198418 0.364478 -0.276904 -0.293979 -0.165451 -0.513118 -0.083069 -0.083563 -0.027663 -0.120831 0.148504 0.203662 0.215735 0.153960 -0.121775 0.104688 0.394124 0.668688 -0.158528 0.090447 -0.373807 -0.198618 -0.187054 -0.473013 -0.092404 -0.341265 -0.278949 -0.345274 0.601243 1.000000 0.231004 0.094299 0.281245 0.265048 -0.108995 -0.044953 0.049043 0.127012 0.129652 0.066260 0.157609 0.361528 0.129951 0.148338 -0.055443 -0.098416 0.076180 -0.325879 -0.192512 0.040468 -0.160108 -0.087544 -0.040065 -0.001114 0.115443 0.202430 0.371692 0.298263 -0.061078 -0.334153 0.107408 0.010960 0.177241 0.309278 -0.190826 -0.309918 -0.361585 -0.567426 0.114215 -0.080123 -0.122458 0.036099 0.634381 0.368407 0.484064 0.344684 0.348634 0.030240 0.244122 0.527109 0.414028 0.664206 -0.177504 0.485056 -0.163873 -0.131794 -0.137894 -0.049593 -0.213850 -0.174531 -0.470652 -0.486961 -0.481669 -0.281439 -0.081342 0.161911 -0.094317 0.174968 -0.061864 0.242697 0.062328 0.072963 0.307651 -0.331228 -0.219304 -0.023545 0.078530 -0.366333 0.074624 0.071572 -0.302436 0.014446 0.255523 0.172553 0.146756 0.151767
-0.346767 -0.275232 -0.009304 0.054762 0.074776 -0.079393 0.163263 -0.071454 0.163716 0.039802 -0.378010 -0.206598 -0.233725 -0.150389 0.134006 0.159987 -0.028880 -0.005208 -0.071057 0.167024 -0.016809 -0.126900 0.543332 0.515771 0.493001 0.362428 0.175629 -0.087995 0.300940 0.231004 1.000000 0.695943 -0.260319 -0.224707 0.112256 -0.018264 -0.166192 -0.215105 -0.317761 -0.311629 -0.104455 0.121173 0.063701 -0.203030 0.077979 0.091959 -0.050921 -0.094317 -0.225421 -0.035511 -0.083769 -0.202845 -0.238745 0.031276 -0.410494 -0.234265 -0.215700 -0.052948 -0.082775 -0.093522 -0.122898 -0.126043 -0.228574 -0.068456 0.474655 0.033856 -0.295119 -0.017066 -0.120016 -0.009747 0.199740 -0.413059 -0.034061 0.053248 0.059982 0.107043 0.068376 -0.156443 0.283121 -0.059999 0.010233 0.247668 -0.101255 0.199925 0.375965 0.127782 0.008881 -0.205836 0.281563 0.066000 0.082851 0.188527 0.108043 0.357590 0.039900 0.234462 -0.280219 0.027150 -0.070857 0.263395 -0.003158 0.135384 0.166579 0.005957 -0.063699 0.037167 0.089059 -0.081908 0.189009 0.247193 -0.036829 0.227799 0.233155 0.116066 0.095301 0.269104
-0.532493 -0.554372 0.150535 0.043824 -0.045758 0.014371 0.320128 0.032671 -0.093974 -0.209298 -0.470317 -0.299253 -0.243456 -0.375507 0.005029 -0.141934 -0.156722 -0.158604 -0.028229 0.062008 0.237005 0.063846 0.388890 0.440387 0.379604 0.563941 0.186457 0.035484 0.331168 0.094299 0.695943 1.000000 -0.047497 0.061339 0.497297 0.258720 0.176524 -0.304188 -0.168054 -0.172958 -0.033790 0.005111 0.071416 -0.093175 0.049859 0.164688 0.086601 0.016138 -0.177368 -0.087458 -0.126131 -0.171812 -0.253164 0.088933 -0.363168 -0.170638 -0.416895 -0.322329 -0.184215 -0.193659 -0.111044 -0.148475 -0.284507 -0.177746 0.482832 0.144337 -0.239833 0.187590 -0.264065 -0.289826 0.160480 -0.234689 0.080423 -0.027018 0.052288 0.178673 0.164569 -0.067485 0.196591 -0.179060 -0.088559 0.038609 -0.209978 0.070025 0.322110 0.141921 -0.087364 -0.111946 0.359045 0.092061 0.078967 0.126193 0.104063 0.245124 0.100647 0.170010 -0.067584 -0.202636 -0.056546 0.013681 -0.141465 -0.203675 -0.088144 -0.186170 -0.237441 0.210843 -0.173929 -0.103941 0.104164 0.133185 0.080534 0.048777 0.154243 0.127089 0.126413 0.181719
0.238635 0.204772 -0.122798 -0.179226 -0.215430 -0.031372 -0.175343 -0.203768 -0.145927 -0.191716 -0.042438 -0.057141 -0.043576 -0.171908 -0.356072 -0.377778 0.330270 0.332160 0.174554 -0.174284 -0.027129 0.082532 -0.229719 -0.448149 -0.203296 -0.101924 -0.183252 0.177448 0.015134 0.281245 -0.260319 -0.047497 1.000000 0.743193 0.230354 0.358063 0.094549 0.167459 0.462639 0.381077 0.353596 0.030278 -0.197343 0.124403 -0.081375 -0.065499 0.039688 -0.260766 -0.117970 0.011264 0.085542 -0.017745 0.122026 0.168430 0.375792 0.470884 0.322933 0.315039 -0.097122 -0.246650 0.026913 -0.226727 0.178578 -0.077096 -0.199102 -0.181142 0.081150 -0.216072 0.101866 -0.216799 -0.342822 0.469622 0.489177 0.050756 0.247409 0.085093 0.107413 0.038847 -0.079676 0.485001 0.288010 0.226059 -0.066052 -0.208148 -0.076294 0.036958 -0.011721 -0.161489 -0.228556 -0.101945 -0.651156 -0.624701 -0.523364 -0.532680 0.029305 -0.117219 0.223659 0.085558 0.086125 0.008394 -0.285671 -0.379296 0.012894 -0.362302 -0.242041 0.089208 -0.222805 -0.260117 -0.190153 -0.122200 -0.250498 -0.267772 -0.061269 -0.054381 -0.050135 -0.136838
0.138557 0.209704 -0.125389 -0.085938 -0.327972 -0.035223 -0.146074 -0.132320 -0.330693 -0.330060 -0.103547 -0.053753 -0.057445 -0.146079 -0.360014 -0.411480 0.167177 0.317847 0.146737 0.077045 0.088073 0.246182 -0.283826 -0.436777 -0.235557 -0.030972 -0.093322 0.223543 0.185696 0.265048 -0.224707 0.061339 0.743193 1.000000 0.317285 0.489780 0.141348 0.004147 0.353263 0.346574 0.426054 -0.097588 -0.044294 0.193468 -0.011120 0.028053 0.114810 0.017474 -0.067367 0.035930 -0.047834 0.009790 -0.104192 0.139225 0.224215 0.446984 0.123241 0.218030 -0.260008 -0.245546 -0.190686 -0.215351 0.039764 -0.147574 -0.271875 -0.223837 0.036306 -0.060992 0.154079 -0.032387 -0.211942 0.432714 0.511511 -0.077230 0.259515 0.002166 0.060512 0.128915 -0.030274 0.483417 0.240347 0.219141 -0.027436 0.029850 -0.162136 -0.063250 -0.162200 0.050175 -0.226549 -0.040636 -0.452799 -0.564226 -0.452105 -0.542286 0.058636 -0.269742 0.243366 -0.089562 -0.077873 -0.124919 -0.189884 -0.386055 -0.080410 -0.357649 -0.226453 0.076994 -0.226158 -0.238778 -0.330811 -0.216886 -0.053090 -0.305075 -0.062248 -0.179138 -0.096017 -0.221869
-0.314788 -0.301921 -0.150742 -0.196235 -0.166538 0.158422 -0.071627 -0.239533 -0.146551 -0.230607 -0.347613 -0.261616 -0.248469 -0.302157 0.007269 -0.195559 0.015875 0.031165 0.141222 0.108545 0.436270 -0.006439 0.163917 0.150360 0.210832 0.464929 0.287882 0.245435 0.286949 -0.108995 0.112256 0.497297 0.230354 0.317285 1.000000 0.385306 0.491462 -0.187741 0.133092 0.250196 0.342058 -0.150133 0.169691 0.163532 0.005792 0.110112 0.216118 0.171946 -0.198715 -0.088484 -0.203534 -0.162674 -0.252461 0.037977 -0.065833 0.110639 -0.240954 -0.218635 -0.254760 -0.292369 -0.327004 -0.435024 -0.333876 -0.415153 0.147381 -0.192287 0.032835 0.215695 -0.040147 -0.179858 0.192564 -0.144249 0.158261 -0.182801 -0.008712 0.220336 0.099059 -0.258590 0.268702 -0.231711 -0.105347 -0.168129 -0.301045 -0.085261 0.239342 0.152728 -0.195887 -0.274482 0.102985 -0.139197 0.065970 0.106292 0.002321 0.090310 0.370368 0.204141 0.338966 0.059878 -0.112558 0.073215 -0.323873 -0.319036 -0.247425 -0.148904 -0.037247 0.587089 -0.362416 -0.038216 0.245715 -0.049920 0.260158 -0.201782 0.130870 0.081955 0.185713 0.313068
-0.247143 -0.223267 0.051730 0.041209 -0.144558 0.045643 0.161868 -0.130129 -0.231988 -0.394630 -0.458303 -0.350089 -0.257894 -0.404847 0.018681 -0.312590 -0.258254 -0.088232 0.055324 0.088286 0.211901 0.148846 0.138804 0.080537 0.053464 0.278436 0.063891 0.279186 -0.059300 -0.044953 -0.018264 0.258720 0.358063 0.489780 0.385306 1.000000 0.195032 -0.060978 0.182925 0.212725 0.257880 -0.367311 -0.096997 0.195420 0.169368 0.272754 0.112580 0.032456 -0.017904 0.110844 0.096968 -0.074102 -0.387856 0.196967 -0.028891 0.188628 -0.201574 -0.088684 -0.274869 -0.297350 -0.163588 -0.287962 -0.300164 -0.428070 0.357218 0.052662 0.067921 0.290846 -0.040191 -0.217761 -0.426677 0.412820 0.276303 0.006003 0.264911 -0.092003 -0.018263 0.388983 -0.502234 0.070586 -0.213673 -0.300701 0.040815 -0.065520 0.311241 0.268334 0.099560 0.117136 0.219141 0.123904 -0.196339 -0.345927 -0.115384 -0.203095 -0.039897 -0.490315 0.088012 -0.414455 -0.130000 -0.314288 -0.155411 -0.371025 -0.187511 -0.459088 -0.299710 0.046354 -0.261101 -0.349765 -0.255533 -0.464497 0.086078 -0.454969 -0.086201 -0.330015 -0.213354 -0.223373
