1.000000 0.410528 -0.097400 -0.168378 -0.034800 -0.079557 0.287293 -0.073420 -0.085338 -0.115653 0.280271 0.115305 0.311334 0.032806 0.250410 0.060543 0.584779 0.339934 0.401041 0.134658 0.191415 -0.138200 -0.060448 -0.151535 -0.030904 -0.075402 0.043440 -0.030151 0.320848 0.146445 -0.114955 -0.095365 0.183762 -0.038226 -0.125882 -0.036301 0.262294 0.030526 0.303694 0.179128 0.300315 0.194148 -0.370342 -0.393134 -0.286322 -0.347651 -0.273825 -0.257396 -0.133951 -0.448879 0.005470 -0.302118 0.122903 -0.164231 0.304106 -0.185956 0.648488 -0.034502 -0.024179 -0.304796 0.339918 0.129047 0.239765 0.115609 0.114044 -0.222546 -0.578880 -0.628933 -0.161981 -0.437316 0.166014 0.092700 0.256843 0.304325 0.296910 0.249089 0.168894 0.226157 0.315142 0.111098 0.367670 0.258715 0.408127 0.125448 0.231967 -0.017931 0.224260 0.176905 0.289474 -0.015333 -0.224683 -0.325245 -0.126122 -0.280394 -0.130785 -0.067262 -0.101747 -0.218125 -0.125056 -0.177547 -0.273824 -0.255462 -0.326422 -0.328773 -0.138753 -0.180700 -0.287118 -0.274404 -0.307379 0.033478 -0.237590 -0.184597 -0.179491 -0.223883 -0.227389 -0.231195
0.410528 1.000000 -0.479071 -0.017859 -0.345402 -0.520891 -0.098465 0.055895 -0.154561 -0.311099 0.167448 0.396092 0.207016 0.171657 0.016371 -0.147740 0.257379 0.365502 0.154531 0.539097 -0.252584 -0.119191 -0.556842 -0.494135 -0.400639 -0.409751 -0.517173 -0.435446 0.284271 0.263974 -0.362889 -0.098549 0.255707 0.320742 -0.307589 -0.140419 0.040215 0.238642 -0.063101 -0.048337 0.185718 0.262399 -0.054057 -0.142680 0.074369 0.082072 0.021988 0.029677 0.202181 -0.088189 -0.024381 0.055875 0.295415 0.102282 -0.078942 -0.053182 0.307564 0.172374 -0.286726 -0.328389 0.393855 0.362779 0.531114 0.540825 -0.412581 -0.241253 -0.454939 -0.277969 -0.118264 -0.228371 -0.195870 0.086851 0.059843 0.219544 0.056252 0.090741 -0.128623 0.111268 0.184477 0.181816 0.590299 0.384339 0.316915 0.163107 -0.231331 -0.070188 0.111185 -0.150315 -0.426003 -0.228974 0.149809 0.003173 0.141346 0.028828 -0.117400 0.219584 0.023486 0.227323 0.267334 0.176397 0.160513 0.125973 -0.042923 -0.136851 -0.217449 -0.290291 -0.205780 -0.178165 0.086081 0.262446 0.196884 0.242631 0.159378 0.063824 -0.051346 -0.191632
-0.097400 -0.479071 1.000000 0.162531 0.429214 0.482400 0.479769 0.256172 0.419052 0.372053 0.175551 -0.257992 0.110751 0.026755 0.204750 0.192661 -0.212663 -0.411465 0.208957 -0.131825 -0.074407 0.028955 0.504445 0.493967 0.412532 0.441948 0.472348 0.488098 -0.172980 -0.541712 0.391509 0.270168 -0.173808 -0.149391 0.174112 -0.080684 -0.117843 -0.555213 0.071668 0.006443 -0.270715 -0.430740 -0.168667 -0.022032 -0.440068 -0.491766 -0.283457 -0.223281 -0.515994 -0.368010 -0.292922 -0.395161 -0.282628 -0.307361 0.035192 -0.236987 -0.160659 -0.029763 0.291457 0.205398 -0.000609 -0.137415 -0.317918 -0.339338 0.529464 0.120677 0.272637 0.197793 0.084031 0.170784 0.140985 -0.165294 -0.082011 -0.420699 -0.195544 -0.254787 -0.147194 -0.333274 -0.286210 -0.563397 -0.540572 -0.533799 -0.237770 -0.098039 0.156979 -0.011832 0.109629 0.308737 0.391163 0.215992 0.243018 0.125216 -0.051105 0.073731 0.033390 -0.481767 -0.362592 -0.409013 -0.383835 -0.430971 -0.161036 0.037599 0.180545 0.145677 -0.026549 -0.008550 0.180483 0.065804 -0.241808 -0.346407 -0.140070 -0.400621 -0.344408 -0.185847 0.033286 0.132736
-0.168378 -0.017859 0.162531 1.000000 -0.167978 -0.080052 -0.000921 0.160279 0.037590 -0.207385 -0.101763 -0.181391 0.052142 -0.150272 0.250006 -0.116000 -0.311478 -0.242567 0.178702 0.390065 -0.106245 -0.096293 0.123719 0.182041 -0.153702 -0.053449 -0.035702 -0.091095 -0.218645 -0.258232 0.051036 0.182130 0.207672 0.296663 0.058257 -0.140579 -0.297006 -0.127171 -0.118981 -0.110411 -0.070783 -0.096404 -0.062868 0.000204 -0.082365 -0.047544 -0.117299 -0.088614 -0.079470 -0.095695 -0.070314 -0.052531 0.042280 -0.056535 -0.151204 0.001751 -0.108981 -0.079759 -0.040954 -0.157783 -0.047071 -0.355687 0.050346 -0.065397 0.037720 -0.314417 0.208448 0.204015 0.118864 0.226444 -0.244422 -0.104016 -0.209045 -0.158746 -0.147351 -0.142660 -0.320922 -0.291805 -0.276923 -0.178491 -0.217215 -0.145010 -0.001461 0.038175 0.015751 0.305059 0.191545 0.157913 0.020216 0.052660 0.067573 0.053699 0.106270 0.084810 -0.062109 0.176319 -0.197686 -0.031234 0.059710 0.196042 -0.096823 0.241743 0.161984 0.109738 0.006195 -0.115672 -0.103217 -0.004065 0.115584 -0.126071 -0.101603 0.079601 0.224654 0.124317 -0.009972 0.057099
-0.034800 -0.345402 0.429214 -0.167978 1.000000 0.846911 0.072245 -0.035081 0.750537 0.838440 0.039987 -0.307991 -0.087996 -0.020563 0.367739 0.718052 -0.011126 -0.208714 0.078376 -0.086109 -0.004178 -0.044446 0.377336 0.432862 0.845104 0.849279 0.646636 0.649515 0.031867 -0.222191 0.442420 0.284367 -0.224121 -0.280372 0.208208 0.025402 0.275876 -0.526983 -0.012130 -0.278450 0.108232 -0.062184 -0.244205 -0.045835 -0.155345 -0.217667 -0.155681 -0.277235 -0.334737 -0.089005 -0.170339 -0.357422 -0.178269 -0.558995 -0.027567 -0.484261 -0.176462 -0.025523 0.441623 0.348400 -0.056365 0.079049 -0.368451 -0.334385 0.311805 0.082374 0.219239 0.046682 0.355164 0.316132 0.343160 0.023789 0.128135 -0.164234 0.146140 -0.011328 0.098201 -0.251544 -0.050477 -0.250280 -0.199065 -0.221357 0.100829 0.217612 0.183898 -0.201280 -0.255274 0.018454 0.317978 -0.130444 -0.009024 -0.333234 -0.079039 -0.158757 0.123302 -0.281299 -0.399771 -0.248794 -0.458169 -0.531494 -0.017814 -0.289552 0.083968 -0.217158 0.003515 0.004780 0.260839 0.074461 -0.003913 -0.468534 -0.286067 -0.350104 -0.362950 -0.219411 0.008705 0.307238
-0.079557 -0.520891 0.482400 -0.080052 0.846911 1.000000 0.084221 -0.172350 0.535525 0.831906 -0.146608 -0.426594 -0.238639 -0.180308 0.161823 0.664730 -0.099756 -0.289668 0.023949 -0.220856 0.071085 0.125909 0.547163 0.525785 0.849338 0.874546 0.755822 0.729421 -0.176972 -0.301129 0.503052 0.334904 -0.266579 -0.288776 0.335422 0.191984 0.307416 -0.503948 0.116702 -0.095288 -0.030761 -0.012888 -0.252206 -0.092342 -0.138955 -0.259427 -0.278231 -0.264314 -0.339514 -0.091794 -0.132047 -0.267168 -0.239289 -0.534428 0.051044 -0.441610 -0.112105 0.039499 0.356122 0.336207 -0.247486 -0.140979 -0.395012 -0.405585 0.431723 0.062011 0.323700 0.121528 0.301210 0.316293 0.358136 0.042724 0.043433 -0.098999 0.058596 -0.113081 0.120085 -0.113686 -0.030184 -0.207399 -0.254838 -0.265827 -0.107136 0.167142 0.205939 -0.108362 -0.093690 0.182971 0.410888 -0.026831 -0.115952 -0.336034 -0.145762 -0.206676 0.142420 -0.308303 -0.431308 -0.359013 -0.489382 -0.490172 -0.227817 -0.275301 0.029995 -0.090896 0.106135 0.039693 0.097443 -0.063064 -0.097065 -0.359134 -0.242714 -0.423131 -0.317162 -0.262322 -0.023240 0.224456
0.287293 -0.098465 0.479769 -0.000921 0.072245 0.084221 1.000000 0.605601 0.086556 0.051240 0.364892 0.163480 0.436196 0.355412 0.133410 -0.002577 0.039018 -0.176512 0.168056 -0.082678 0.166300 -0.055612 -0.052406 0.018270 0.012682 -0.052815 0.203659 0.187422 0.082883 -0.272490 -0.037830 -0.109459 0.164276 -0.077687 -0.023644 -0.048676 -0.017274 -0.130980 0.313348 0.213595 -0.019494 -0.067197 -0.241839 -0.242085 -0.615629 -0.656745 -0.384762 -0.208387 -0.458840 -0.595005 -0.219480 -0.440698 0.102564 -0.076684 0.423481 -0.011862 0.129387 -0.353121 0.125599 -0.138198 0.516047 0.213666 0.188519 -0.003160 0.338708 0.254199 -0.313153 -0.208090 -0.258901 -0.158804 -0.008814 -0.252424 0.058801 -0.197075 -0.079429 0.037857 -0.164624 -0.153753 -0.330610 -0.329007 -0.252290 -0.304929 0.010534 -0.018093 -0.039269 -0.044891 0.011844 0.281435 0.439393 0.445207 0.259074 0.064635 0.166894 -0.191884 0.053647 -0.139215 -0.290828 -0.180647 -0.274828 -0.278847 -0.233175 -0.124779 -0.041683 -0.125768 -0.171412 -0.184496 -0.122594 -0.173970 -0.078257 -0.040573 -0.316661 -0.370567 -0.360461 -0.373994 -0.003928 -0.135639
-0.073420 0.055895 0.256172 0.160279 -0.035081 -0.172350 0.605601 1.000000 0.237464 -0.056823 0.034874 0.306802 0.181437 0.485048 0.052325 -0.253205 -0.219364 -0.240581 -0.102068 0.159742 -0.126303 -0.200669 -0.269963 -0.131157 -0.120978 -0.213723 -0.137230 -0.154815 -0.102899 -0.305770 -0.176724 -0.123147 0.316404 0.225855 0.053615 0.001361 -0.273266 -0.023946 0.058425 0.007239 -0.143133 -0.115593 0.124190 0.185153 -0.309173 -0.224110 0.096037 0.189144 -0.254456 -0.304648 0.047873 -0.221772 0.035469 0.036237 0.091410 0.166485 -0.132645 -0.467307 0.005917 -0.184431 0.407720 0.359974 -0.029043 -0.007991 0.130581 0.392781 -0.068350 0.193497 -0.211522 -0.088228 -0.337053 -0.348540 -0.150909 -0.440925 -0.232271 -0.064202 -0.365929 -0.356300 -0.448252 -0.395466 -0.315920 -0.280522 -0.149333 -0.154351 -0.215686 0.089404 -0.120949 -0.152548 0.081310 0.313443 0.296432 0.092919 0.269100 -0.033332 0.149777 0.114020 -0.007636 0.267087 -0.082456 -0.113778 0.007179 -0.017281 0.002325 -0.153795 -0.325705 -0.306266 -0.118155 -0.068630 0.268964 -0.170359 -0.060572 -0.139503 -0.120448 -0.079440 0.029558 -0.076189
-0.085338 -0.154561 0.419052 0.037590 0.750537 0.535525 0.086556 0.237464 1.000000 0.719758 -0.050741 -0.230027 -0.009020 0.083071 0.607643 0.524139 -0.216270 -0.204567 -0.010932 0.090627 -0.049687 -0.170882 0.167083 0.258208 0.547545 0.608388 0.459377 0.509929 -0.009698 -0.138646 0.294533 0.222946 -0.052393 -0.087981 0.137045 0.084671 0.050507 -0.442566 -0.103908 -0.302270 -0.000161 -0.156468 -0.066213 0.029414 0.039340 -0.089802 0.001409 -0.085089 -0.251127 -0.103641 -0.088510 -0.436051 -0.294032 -0.529725 -0.155001 -0.454470 -0.264417 -0.088572 0.335825 0.070473 0.095519 0.127592 -0.305541 -0.215248 0.283491 -0.088042 0.260599 0.247474 0.147623 0.178535 0.116243 -0.109255 0.088597 -0.206190 -0.030756 -0.102352 -0.222566 -0.338835 -0.201468 -0.369908 -0.235311 -0.230521 0.113904 0.157216 0.144374 -0.214273 -0.074136 0.027545 0.158163 -0.238503 0.192732 -0.229338 0.052420 -0.079498 0.233044 -0.052579 -0.379417 -0.127384 -0.295948 -0.487925 0.112900 -0.188140 0.188817 -0.273510 -0.059450 -0.024513 0.190868 0.096983 0.261333 -0.464925 -0.032874 -0.287183 -0.276216 -0.184787 0.125921 0.341263
-0.115653 -0.311099 0.372053 -0.207385 0.838440 0.831906 0.051240 -0.056823 0.719758 1.000000 -0.034817 -0.245737 -0.194010 0.022155 0.150330 0.728748 -0.150060 -0.242385 -0.007737 -0.088983 -0.020187 -0.026743 0.330672 0.373350 0.792639 0.819925 0.562636 0.557462 -0.044337 -0.134288 0.445913 0.242630 -0.202533 -0.165429 0.297354 0.252035 0.259098 -0.424655 -0.019664 -0.292575 -0.020562 -0.106002 -0.259816 -0.153032 -0.017691 -0.184951 -0.181227 -0.236500 -0.310029 -0.070687 -0.192836 -0.368327 -0.265949 -0.552206 -0.046504 -0.532632 -0.237230 0.012585 0.362533 0.293240 -0.126019 0.083648 -0.377613 -0.272089 0.278234 0.063084 0.284926 0.191673 0.345057 0.303856 0.271134 0.056449 0.131744 -0.102432 0.056425 -0.115608 0.095998 -0.113005 -0.029251 -0.228090 -0.154750 -0.224703 -0.123841 0.158719 0.122045 -0.257448 -0.150570 0.030337 0.180852 -0.143177 0.030031 -0.283576 -0.011981 -0.152969 0.069574 -0.258401 -0.474725 -0.261814 -0.392227 -0.511689 0.022348 -0.267108 0.076048 -0.192813 0.056566 0.062196 0.095990 0.015679 0.036495 -0.378013 -0.104425 -0.329772 -0.285868 -0.200574 0.041335 0.220726
0.280271 0.167448 0.175551 -0.101763 0.039987 -0.146608 0.364892 0.034874 -0.050741 -0.034817 1.000000 0.533975 0.792063 0.532395 0.232067 0.155119 0.092311 0.020177 0.470412 0.028283 -0.083541 -0.354387 -0.065657 0.063979 -0.063786 -0.034798 -0.146249 -0.087178 0.429519 0.038162 0.007518 -0.012469 -0.085670 -0.140081 -0.236872 -0.180112 0.148014 0.010889 -0.083449 -0.056134 0.109992 -0.043453 -0.354209 -0.365516 -0.523180 -0.463663 -0.458221 -0.536609 -0.366864 -0.470769 -0.276785 -0.360889 0.248064 -0.123033 0.044565 -0.151032 0.082013 -0.229440 0.204262 0.174722 0.532030 0.345389 0.428787 0.203200 0.068893 0.084326 -0.407580 -0.355649 0.018674 -0.160867 0.119219 0.248330 0.216258 0.111112 0.242357 0.413131 0.208711 0.139153 -0.047087 -0.096217 0.072700 -0.038790 0.321720 0.144614 0.352551 -0.043553 -0.152958 0.165043 0.067135 0.110898 -0.077691 0.058462 0.092112 -0.057091 -0.223189 -0.135272 -0.241634 -0.093608 -0.116870 -0.072281 -0.055681 -0.158557 -0.122487 -0.145859 -0.187987 -0.130456 -0.040105 0.074095 -0.165603 0.057721 -0.438711 -0.002373 -0.216530 0.031478 -0.038290 -0.125793
0.115305 0.396092 -0.257992 -0.181391 -0.307991 -0.426594 0.163480 0.306802 -0.230027 -0.245737 0.533975 1.000000 0.464772 0.767630 -0.173330 -0.150352 0.029625 0.052578 0.177385 0.194791 -0.185501 -0.344755 -0.408877 -0.157908 -0.325236 -0.338897 -0.517099 -0.450368 0.384511 0.208543 -0.307655 -0.088568 0.257818 0.215367 -0.208137 0.058667 0.096304 0.417916 -0.148098 0.027511 0.070570 0.119871 -0.095144 -0.116465 -0.222023 -0.132804 -0.175994 -0.035433 -0.167119 -0.342471 0.019994 -0.185825 0.258133 0.099063 -0.025339 0.114718 0.033901 -0.331642 -0.035487 -0.045011 0.483423 0.442370 0.395620 0.302877 -0.201580 0.292485 -0.372039 -0.090625 -0.028162 -0.176996 -0.129975 0.157082 0.085856 0.146678 0.163822 0.358234 0.096419 0.281441 -0.003677 0.061220 0.253846 0.131821 0.054264 -0.027114 -0.000001 0.159582 -0.110616 -0.174332 -0.236756 0.188000 -0.157100 -0.017118 0.092249 -0.141655 -0.254843 0.135471 0.043412 0.207032 -0.006512 0.003840 -0.102172 -0.134987 -0.290908 -0.189993 -0.355615 -0.324875 -0.306516 -0.091329 0.048421 0.259651 -0.132830 0.061312 -0.074242 0.044348 -0.085963 -0.328983
0.311334 0.207016 0.110751 0.052142 -0.087996 -0.238639 0.436196 0.181437 -0.009020 -0.194010 0.792063 0.464772 1.000000 0.556427 0.343346 -0.020405 0.156211 0.058682 0.292200 -0.023549 -0.031988 -0.387434 -0.093978 -0.049464 -0.152479 -0.145510 -0.145286 -0.092937 0.282276 0.056015 0.017966 0.024805 -0.027935 -0.066170 -0.143110 -0.061409 0.052127 0.022156 -0.170400 -0.131217 0.031080 0.010430 -0.256527 -0.257426 -0.417983 -0.348449 -0.370702 -0.378311 -0.335525 -0.411967 -0.117646 -0.393412 0.228428 -0.136325 -0.006541 -0.165297 0.145382 -0.213895 0.033063 -0.111076 0.627928 0.440182 0.391301 0.272628 0.196099 0.137380 -0.491046 -0.318357 -0.177986 -0.365013 0.084161 0.202980 0.079134 0.148913 0.156601 0.437915 0.006681 0.113750 -0.055592 -0.001175 0.043195 0.051473 0.287574 0.092493 0.381994 0.126540 0.029449 0.180936 0.121485 0.108838 -0.084469 0.023029 0.035825 -0.125900 -0.052168 -0.002156 -0.275683 0.017916 0.005922 0.005816 -0.190590 -0.193795 -0.174444 -0.253478 -0.251609 -0.252907 -0.133825 0.085783 -0.095913 0.049655 -0.402599 0.034789 -0.101079 0.012077 -0.035486 -0.209359
0.032806 0.171657 0.026755 -0.150272 -0.020563 -0.180308 0.355412 0.485048 0.083071 0.022155 0.532395 0.767630 0.556427 1.000000 -0.020424 -0.127668 -0.140203 -0.163625 0.224881 0.107911 -0.306406 -0.520832 -0.156122 0.014668 -0.037228 -0.124100 -0.320300 -0.240698 0.099390 -0.149153 -0.189929 -0.073907 0.058564 -0.016804 -0.047274 0.166599 -0.024716 0.201236 -0.193665 -0.045896 -0.078923 -0.126693 -0.096561 0.027609 -0.338731 -0.224752 -0.190110 0.018245 -0.409275 -0.369845 -0.094868 -0.367267 0.161032 -0.085543 -0.012316 -0.001596 -0.100840 -0.534772 0.187369 -0.086530 0.542189 0.548009 0.133734 0.013851 0.186090 0.565500 -0.353709 0.005336 0.079516 -0.141149 -0.126779 0.074821 -0.143992 -0.072940 -0.009746 0.199332 -0.149438 0.148911 -0.271538 -0.192377 -0.065701 -0.151960 -0.108070 -0.219515 0.143169 0.132276 -0.128956 -0.176049 0.032960 0.264756 0.027083 0.037581 0.246920 -0.007003 -0.048665 -0.004754 -0.117373 0.257198 -0.033065 -0.125811 -0.035635 -0.191829 -0.285270 -0.157584 -0.397186 -0.310203 -0.266262 0.122453 0.146075 -0.043251 -0.151424 -0.061296 -0.137687 0.196593 0.169625 0.005535
0.250410 0.016371 0.204750 0.250006 0.367739 0.161823 0.133410 0.052325 0.607643 0.150330 0.232067 -0.173330 0.343346 -0.020424 1.000000 0.377272 -0.076150 -0.068070 0.239064 0.116597 0.065519 -0.183729 0.016900 0.063040 0.098939 0.185765 0.335452 0.383217 0.122617 0.017118 -0.008749 -0.013427 -0.066673 -0.160451 -0.223581 -0.153244 0.013574 -0.242586 0.044316 0.030432 0.176521 0.008792 -0.167005 -0.163907 -0.095402 -0.153644 -0.168320 -0.250184 -0.104289 -0.198662 -0.068539 -0.318800 -0.044746 -0.406450 0.041660 -0.203079 0.104267 -0.081960 0.286597 -0.044352 0.318499 0.054449 0.153472 -0.041923 0.193574 -0.376009 -0.076293 -0.171272 -0.085092 -0.032659 0.048430 -0.018913 0.131386 0.065568 0.051721 0.188332 -0.193520 -0.173934 -0.187980 -0.219757 -0.110756 -0.119550 0.668859 0.311255 0.242427 -0.179821 0.020366 0.335233 0.267388 -0.186758 0.040535 -0.144840 0.048447 -0.083877 0.120905 0.186542 -0.182571 -0.148261 -0.060757 -0.177400 -0.023816 -0.135356 0.140676 -0.210567 -0.012547 -0.035741 0.229589 0.000793 0.184991 -0.232378 -0.167075 -0.064617 -0.108218 -0.182604 0.047323 0.234602
0.060543 -0.147740 0.192661 -0.116000 0.718052 0.664730 -0.002577 -0.253205 0.524139 0.728748 0.155119 -0.150352 -0.020405 -0.127668 0.377272 1.000000 -0.032506 -0.169239 0.129245 0.082698 0.102040 0.103849 0.184818 0.331308 0.538776 0.638233 0.567872 0.547818 0.243551 0.045545 0.335051 0.188168 -0.047644 -0.125277 0.056451 0.008387 0.348854 -0.364855 0.093337 -0.206022 0.215761 0.122724 -0.403285 -0.340588 -0.113505 -0.244612 -0.383701 -0.400515 -0.290916 -0.194291 -0.317504 -0.413413 -0.255954 -0.629558 0.133708 -0.490951 -0.083084 0.058876 0.281455 0.328482 -0.079973 -0.055896 -0.107961 -0.112030 0.044580 -0.247954 0.180719 0.025594 0.374060 0.354498 0.349659 0.140319 0.349862 0.047569 0.300515 0.124576 0.154395 -0.043212 0.094521 -0.093904 0.070189 -0.056135 0.338503 0.555357 0.157217 -0.210949 -0.041932 0.354873 0.197456 -0.149071 -0.166521 -0.358099 -0.202845 -0.312004 -0.139652 -0.018985 -0.473433 -0.304279 -0.460975 -0.422105 -0.158806 -0.305798 0.119169 -0.220420 0.183598 0.064184 0.170799 -0.043034 0.062116 -0.112570 -0.253706 -0.257043 -0.292395 -0.466567 -0.140560 0.099192
0.584779 0.257379 -0.212663 -0.311478 -0.011126 -0.099756 0.039018 -0.219364 -0.216270 -0.150060 0.092311 0.029625 0.156211 -0.140203 -0.076150 -0.032506 1.000000 0.550193 0.089434 -0.088322 0.211831 -0.075096 -0.075765 -0.151401 0.041682 -0.000994 -0.046681 -0.072677 0.491690 0.376066 0.027156 0.116977 0.090042 0.008626 -0.162557 -0.259217 0.397080 0.176105 0.055431 -0.104864 0.431737 0.210100 -0.331595 -0.285713 -0.204768 -0.280977 -0.083644 -0.161469 0.054237 -0.135192 0.002566 -0.096733 0.159426 -0.018492 0.102844 -0.169167 0.419255 0.171541 -0.313804 -0.251486 0.063172 0.038271 0.079057 0.120428 -0.206383 -0.166641 -0.495359 -0.670167 -0.136924 -0.340087 0.400420 0.230531 0.441158 0.441181 0.483963 0.294578 0.428299 0.213918 0.520594 0.389871 0.544758 0.551011 0.208757 0.137342 0.006634 0.060637 -0.040019 -0.090518 0.004773 -0.137627 -0.182878 -0.138894 -0.184167 -0.067932 -0.022538 -0.216237 0.091503 -0.000461 0.085748 0.091219 -0.108262 -0.105219 -0.120737 -0.271542 -0.109249 -0.128205 -0.063194 -0.087987 -0.271742 0.071034 -0.164239 0.044477 -0.030125 -0.100725 -0.206535 -0.229771
0.339934 0.365502 -0.411465 -0.242567 -0.208714 -0.289668 -0.176512 -0.240581 -0.204567 -0.242385 0.020177 0.052578 0.058682 -0.163625 -0.068070 -0.169239 0.550193 1.000000 -0.176080 -0.175427 0.051240 -0.058158 -0.066281 -0.247820 -0.110387 -0.126349 -0.379584 -0.260640 0.374796 0.598086 -0.089809 -0.160110 -0.100957 -0.076125 -0.141235 -0.066214 0.199999 0.329553 0.022768 0.048743 0.319898 0.330688 -0.140143 -0.247178 0.155170 0.113459 0.100132 -0.086930 0.146418 0.052510 -0.031703 0.013317 0.051887 0.077060 -0.049540 0.121729 0.214112 0.374059 -0.291440 -0.241914 -0.036024 -0.016721 0.226078 0.426269 -0.229629 -0.311855 -0.363722 -0.349210 -0.220073 -0.447871 0.011383 0.435920 0.360967 0.492588 0.325125 0.257486 0.248732 0.406629 0.344673 0.639657 0.598221 0.669275 0.148370 -0.048113 0.087876 -0.172644 0.000406 -0.114957 -0.221428 -0.383205 -0.209588 -0.248974 -0.159604 -0.247347 -0.013472 0.147945 0.178921 0.225261 0.385532 0.285831 0.125227 -0.244917 -0.060037 -0.395148 0.182122 0.277503 0.085557 0.071755 -0.041392 0.365589 0.010571 0.326418 0.133002 -0.015943 0.176702 0.000834
0.401041 0.154531 0.208957 0.178702 0.078376 0.023949 0.168056 -0.102068 -0.010932 -0.007737 0.470412 0.177385 0.292200 0.224881 0.239064 0.129245 0.089434 -0.176080 1.000000 0.471645 -0.249843 -0.418719 -0.033411 0.096414 0.085641 0.050019 -0.032472 -0.148912 0.105055 -0.314201 -0.174678 -0.015750 0.135707 -0.029380 -0.091566 -0.045869 0.018690 -0.113331 0.009446 -0.048916 0.057706 -0.255110 -0.359406 -0.229909 -0.525081 -0.516351 -0.560220 -0.170530 -0.227901 -0.531187 -0.259278 -0.181580 0.346209 -0.133841 0.068451 -0.213364 0.229925 -0.219377 0.346205 0.048201 0.382316 0.025285 0.231640 -0.076242 0.030566 -0.128961 -0.199642 -0.289938 0.388475 0.201689 0.011825 0.094926 -0.161803 -0.103999 -0.121651 -0.129302 -0.031571 0.003291 -0.178454 -0.266527 0.011395 -0.232300 0.163875 0.011452 0.114617 -0.017169 0.115078 0.177355 0.135975 0.165922 0.078245 0.178218 0.176689 0.278529 -0.401910 -0.421343 -0.309639 -0.347321 -0.249071 -0.056174 -0.114924 0.171770 -0.117912 0.294161 -0.184633 -0.240252 -0.209622 0.039346 -0.333776 -0.262188 -0.254462 -0.239942 -0.161562 0.248446 -0.055347 0.041149
0.134658 0.539097 -0.131825 0.390065 -0.086109 -0.220856 -0.082678 0.159742 0.090627 -0.088983 0.028283 0.194791 -0.023549 0.107911 0.116597 0.082698 -0.088322 -0.175427 0.471645 1.000000 -0.194724 -0.081016 -0.240465 -0.008813 -0.178896 -0.132399 -0.189015 -0.298316 0.048151 -0.178216 -0.220819 0.082535 0.437865 0.398317 -0.105979 -0.103669 -0.165306 -0.034288 -0.015488 -0.126579 0.166712 0.030954 -0.057991 0.027943 -0.074373 -0.084479 -0.133774 0.149258 -0.025623 -0.245339 -0.217329 -0.074044 0.084102 -0.076570 -0.097130 -0.151061 -0.114569 -0.143580 -0.115965 -0.252579 0.089187 0.012359 0.141603 0.038928 -0.280560 -0.239346 -0.047257 0.072020 0.230398 0.352262 -0.184052 -0.081802 -0.140591 -0.147416 -0.118831 -0.195561 -0.369172 -0.135983 -0.145498 -0.211451 0.193536 0.031788 0.140352 0.165246 -0.185170 0.090603 0.153628 -0.057668 -0.211005 -0.084685 0.159519 0.069268 0.186778 0.205476 -0.235289 0.038144 -0.236521 -0.078912 -0.200931 -0.062691 0.013659 0.248381 0.031375 0.173073 -0.224453 -0.447051 -0.275238 -0.121099 0.078188 -0.207294 0.086626 -0.131962 0.037634 0.083567 -0.161115 -0.026694
0.191415 -0.252584 -0.074407 -0.106245 -0.004178 0.071085 0.166300 -0.126303 -0.049687 -0.020187 -0.083541 -0.185501 -0.031988 -0.306406 0.065519 0.102040 0.211831 0.051240 -0.249843 -0.194724 1.000000 0.427834 0.098722 0.034777 0.051407 0.065843 0.304904 0.192321 0.216322 0.291179 0.057920 -0.150488 0.099906 -0.230415 -0.008407 0.070738 0.322691 0.173716 0.457109 0.239010 0.384865 0.459034 -0.096445 -0.184941 -0.044561 -0.144787 -0.085675 -0.234523 0.011071 -0.101777 0.046091 -0.083798 -0.128450 -0.111895 0.403067 0.024550 0.024100 -0.066242 0.002878 0.005376 -0.108559 -0.215949 -0.048597 -0.171786 0.099028 -0.088917 -0.067679 -0.204987 -0.160612 -0.052964 0.234756 -0.093122 0.405565 0.319452 0.254407 0.127639 0.146697 0.141559 0.170986 0.184512 0.030514 0.144335 0.130013 0.053016 0.142354 0.075949 0.084340 0.119502 0.288873 0.125460 -0.222059 -0.257937 -0.162813 -0.346382 0.293617 0.093454 -0.098825 -0.214573 -0.226217 -0.094262 -0.239548 -0.327540 -0.187795 -0.217602 0.122922 0.070966 -0.097925 -0.081767 -0.012980 0.030761 -0.186286 -0.104142 -0.053168 -0.373808 -0.108786 -0.062122
-0.138200 -0.119191 0.028955 -0.096293 -0.044446 0.125909 -0.055612 -0.200669 -0.170882 -0.026743 -0.354387 -0.344755 -0.387434 -0.520832 -0.183729 0.103849 -0.075096 -0.058158 -0.418719 -0.081016 0.427834 1.000000 0.180806 0.045951 -0.030115 0.001414 0.317198 0.342729 -0.208679 0.011910 0.127144 -0.035465 -0.086761 -0.176425 0.114129 -0.017226 0.068202 -0.012137 0.427076 0.373969 -0.031789 0.351090 0.163540 0.061537 0.136706 0.099704 0.134816 -0.009785 0.007518 0.122025 -0.124012 0.062436 -0.276228 -0.004371 0.300968 0.088050 -0.118736 0.335385 -0.233365 0.038585 -0.461388 -0.329232 -0.145636 -0.068595 0.069700 -0.122869 0.260267 0.178358 -0.149363 0.113461 0.126252 -0.149722 0.043342 -0.001586 -0.108412 -0.195198 -0.066471 0.017732 0.196697 0.091309 -0.032503 0.038555 -0.073602 0.003646 -0.095195 -0.055054 0.255988 0.228328 0.164949 0.061846 0.093144 -0.110221 -0.106212 -0.225362 0.181265 0.211712 0.035704 -0.119466 -0.150648 -0.114505 -0.119790 -0.097592 0.145884 0.098799 0.378210 0.143503 0.119365 -0.188762 0.042565 0.242437 0.204052 -0.014285 0.026123 -0.389807 0.001892 0.044134
-0.060448 -0.556842 0.504445 0.123719 0.377336 0.547163 -0.052406 -0.269963 0.167083 0.330672 -0.065657 -0.408877 -0.093978 -0.156122 0.016900 0.184818 -0.075765 -0.066281 -0.033411 -0.240465 0.098722 0.180806 1.000000 0.821974 0.562942 0.591067 0.447275 0.412866 -0.316560 -0.343115 0.609530 0.297465 -0.495378 -0.430146 0.456769 0.209819 0.063288 -0.367832 0.044487 0.026866 -0.075868 -0.098224 -0.160390 0.020052 -0.120827 -0.109052 -0.088784 -0.176919 -0.468208 -0.064324 -0.212300 -0.287977 -0.389133 -0.296541 0.010524 -0.213072 -0.278931 0.048221 0.101661 0.056736 -0.513602 -0.358393 -0.590696 -0.539523 0.680444 0.139566 0.212702 0.126683 0.308901 0.103080 0.209232 0.094734 -0.073208 -0.078522 0.038846 -0.117887 0.121210 0.043290 0.015721 -0.036404 -0.351113 -0.165512 -0.327875 -0.247043 0.533977 0.097183 0.052564 0.094773 0.534737 0.034637 -0.204285 -0.249564 -0.118906 -0.153177 0.127791 -0.248307 -0.273293 -0.225575 -0.266999 -0.242149 -0.230477 -0.342290 -0.123500 -0.124739 0.189180 0.179001 -0.012071 0.093621 -0.145681 -0.311461 -0.118014 -0.231763 -0.020558 -0.058224 0.116658 0.218740
-0.151535 -0.494135 0.493967 0.182041 0.432862 0.525785 0.018270 -0.131157 0.258208 0.373350 0.063979 -0.157908 -0.049464 0.014668 0.063040 0.331308 -0.151401 -0.247820 0.096414 -0.008813 0.034777 0.045951 0.821974 1.000000 0.470550 0.579705 0.369708 0.370385 -0.176850 -0.358874 0.536964 0.411699 -0.259640 -0.292418 0.261573 0.078832 0.100778 -0.363760 0.022283 -0.025837 -0.022290 -0.178847 -0.185779 0.003827 -0.210999 -0.250431 -0.138788 -0.130964 -0.517826 -0.242403 -0.356638 -0.386825 -0.298259 -0.231770 -0.011990 -0.221706 -0.482967 -0.236457 0.180109 0.152048 -0.385085 -0.315650 -0.504728 -0.583553 0.505578 0.120093 0.203381 0.156827 0.413151 0.334326 0.240777 0.011482 0.029433 -0.143788 0.073484 -0.109745 0.071592 -0.069961 -0.162817 -0.168327 -0.335299 -0.242953 -0.250187 -0.043342 0.411054 0.127577 -0.045421 0.106141 0.505138 0.154495 -0.110419 -0.168480 -0.078785 -0.105620 0.021979 -0.220921 -0.365403 -0.205514 -0.425540 -0.330612 -0.272875 -0.232619 -0.105028 -0.060753 0.060200 0.000381 -0.121711 -0.045773 -0.025329 -0.345202 -0.192715 -0.366947 -0.125239 -0.102424 0.062012 0.224362
-0.030904 -0.400639 0.412532 -0.153702 0.845104 0.849338 0.012682 -0.120978 0.547545 0.792639 -0.063786 -0.325236 -0.152479 -0.037228 0.098939 0.538776 0.041682 -0.110387 0.085641 -0.178896 0.051407 -0.030115 0.562942 0.470550 1.000000 0.929804 0.520437 0.485375 -0.059000 -0.241617 0.555314 0.284525 -0.262144 -0.320976 0.431316 0.285974 0.355612 -0.362838 0.022035 -0.283985 0.119515 -0.006100 -0.323715 -0.080413 -0.200924 -0.243348 -0.211794 -0.257880 -0.430258 -0.119201 -0.186658 -0.355202 -0.198557 -0.535944 -0.006961 -0.466424 -0.172765 0.019318 0.340265 0.249780 -0.167571 0.015743 -0.472800 -0.377408 0.467935 0.208690 0.228071 0.097846 0.456960 0.243568 0.334656 0.137952 0.039085 -0.078569 0.110201 -0.138726 0.225699 0.016385 0.074741 -0.053064 -0.122769 -0.116946 -0.171178 0.012801 0.255672 -0.094224 -0.200796 -0.098888 0.308868 -0.111459 -0.128021 -0.407454 -0.108077 -0.173455 0.214020 -0.404617 -0.413345 -0.268042 -0.439541 -0.460432 -0.124206 -0.387486 -0.160031 -0.241022 -0.018930 0.051320 0.049519 0.204455 -0.103069 -0.475517 -0.236417 -0.346107 -0.237858 -0.074831 0.093266 0.255144
-0.075402 -0.409751 0.441948 -0.053449 0.849279 0.874546 -0.052815 -0.213723 0.608388 0.819925 -0.034798 -0.338897 -0.145510 -0.124100 0.185765 0.638233 -0.000994 -0.126349 0.050019 -0.132399 0.065843 0.001414 0.591067 0.579705 0.929804 1.000000 0.553844 0.590074 -0.015770 -0.153863 0.645299 0.428701 -0.270541 -0.291009 0.319459 0.183834 0.346376 -0.398820 -0.052193 -0.310922 0.084698 -0.019827 -0.277114 -0.090482 -0.095046 -0.188856 -0.190552 -0.279645 -0.395359 -0.092672 -0.202507 -0.382565 -0.291358 -0.532256 -0.119801 -0.516863 -0.278169 0.067524 0.309117 0.297883 -0.261957 -0.091919 -0.474258 -0.395161 0.426661 0.027601 0.319347 0.161037 0.396492 0.246640 0.419859 0.167421 0.112173 0.014045 0.184836 -0.092881 0.224280 0.001443 0.153103 0.000016 -0.087294 -0.055085 -0.074929 0.162007 0.317677 -0.103143 -0.175784 0.024941 0.274467 -0.217821 -0.163992 -0.437401 -0.199489 -0.207029 0.148909 -0.347465 -0.467606 -0.343550 -0.484390 -0.495475 -0.163750 -0.346030 -0.041764 -0.249734 0.017019 0.063861 0.066498 0.176430 -0.103683 -0.455847 -0.228257 -0.375473 -0.274770 -0.177194 0.013934 0.224794
0.043440 -0.517173 0.472348 -0.035702 0.646636 0.755822 0.203659 -0.137230 0.459377 0.562636 -0.146249 -0.517099 -0.145286 -0.320300 0.335452 0.567872 -0.046681 -0.379584 -0.032472 -0.189015 0.304904 0.317198 0.447275 0.369708 0.520437 0.553844 1.000000 0.855174 -0.189215 -0.331679 0.444360 0.299732 -0.241752 -0.300948 0.216819 0.025639 0.146633 -0.589162 0.120209 -0.017790 -0.033451 0.035051 -0.086613 -0.008100 -0.150321 -0.219677 -0.208120 -0.223590 -0.231219 -0.046992 0.006506 -0.199580 -0.317563 -0.470829 0.204764 -0.468355 0.037294 0.049099 0.190588 0.112749 -0.183249 -0.197363 -0.335600 -0.389853 0.414914 -0.027912 0.190629 -0.024932 0.102395 0.199941 0.357586 -0.237267 0.047466 -0.187926 -0.016016 -0.116116 0.003727 -0.294182 0.012112 -0.363433 -0.352474 -0.327792 0.137432 0.307448 0.175012 -0.000115 -0.054119 0.364661 0.549845 0.070540 0.016335 -0.193229 -0.045960 -0.113011 0.144330 -0.207461 -0.337211 -0.431340 -0.461257 -0.474016 -0.191806 -0.136718 0.159898 -0.037722 0.127589 0.023058 0.215853 -0.108306 -0.074933 -0.386171 -0.202237 -0.423663 -0.296041 -0.441398 -0.208674 0.111169
-0.030151 -0.435446 0.488098 -0.091095 0.649515 0.729421 0.187422 -0.154815 0.509929 0.557462 -0.087178 -0.450368 -0.092937 -0.240698 0.383217 0.547818 -0.072677 -0.260640 -0.148912 -0.298316 0.192321 0.342729 0.412866 0.370385 0.485375 0.590074 0.855174 1.000000 -0.136050 -0.226656 0.382364 0.276701 -0.315574 -0.407893 0.073007 -0.048927 0.210192 -0.523425 0.075225 0.097387 -0.109680 0.030891 -0.096929 -0.055112 -0.065434 -0.180189 -0.166986 -0.266369 -0.249000 -0.022481 -0.091700 -0.282218 -0.342483 -0.486844 0.188716 -0.407182 -0.034667 0.154319 0.241911 0.203378 -0.128650 -0.156043 -0.254659 -0.289321 0.462010 -0.029479 0.216436 0.051757 0.006423 0.109030 0.393052 -0.146664 0.089226 -0.026297 0.068799 -0.073432 -0.056039 -0.178877 0.083410 -0.216065 -0.228280 -0.190868 0.177050 0.294628 0.209905 -0.079804 -0.028067 0.490795 0.505075 -0.014883 0.048701 -0.284233 -0.150735 -0.238213 0.212588 -0.135602 -0.366782 -0.420034 -0.386988 -0.574004 -0.178954 -0.245281 0.254829 -0.104720 0.239670 0.194821 0.359551 0.025996 -0.005124 -0.258338 -0.162379 -0.422279 -0.469593 -0.514568 -0.053113 0.237486
0.320848 0.284271 -0.172980 -0.218645 0.031867 -0.176972 0.082883 -0.102899 -0.009698 -0.044337 0.429519 0.384511 0.282276 0.099390 0.122617 0.243551 0.491690 0.374796 0.105055 0.048151 0.216322 -0.208679 -0.316560 -0.176850 -0.059000 -0.015770 -0.189215 -0.136050 1.000000 0.641633 0.005491 0.084674 0.310449 0.174049 -0.328767 -0.284825 0.493819 0.229095 0.013957 -0.178828 0.630528 0.235299 -0.330723 -0.401888 -0.171218 -0.247019 -0.172286 -0.394823 -0.075717 -0.259359 -0.185928 -0.270577 0.028041 -0.150734 0.004460 -0.132849 0.221161 -0.048647 -0.142260 -0.080413 0.271521 -0.016728 0.409833 0.295638 -0.416291 -0.285619 -0.317862 -0.397544 -0.032017 -0.117032 0.329682 0.316416 0.765618 0.467798 0.682927 0.585547 0.393158 0.224552 0.321893 0.210178 0.589920 0.512322 0.400844 0.405927 -0.011899 -0.024417 -0.212435 -0.120372 -0.298725 -0.295354 -0.333976 -0.213866 -0.297138 -0.238251 -0.034819 0.091353 0.018454 -0.037282 -0.045438 -0.038904 -0.044067 -0.188038 -0.125983 -0.398501 -0.200798 -0.027570 -0.043853 -0.025982 0.039465 0.289428 -0.234927 0.090444 -0.125537 -0.247081 -0.125820 -0.195462
0.146445 0.263974 -0.541712 -0.258232 -0.222191 -0.301129 -0.272490 -0.305770 -0.138646 -0.134288 0.038162 0.208543 0.056015 -0.149153 0.017118 0.045545 0.376066 0.598086 -0.314201 -0.178216 0.291179 0.011910 -0.343115 -0.358874 -0.241617 -0.153863 -0.331679 -0.226656 0.641633 1.000000 -0.094230 -0.089800 0.079224 0.094061 -0.328710 -0.071704 0.400541 0.530835 0.035286 -0.016443 0.468684 0.312049 -0.110398 -0.349037 0.367216 0.236872 0.169546 -0.201493 0.279928 0.184599 -0.000097 0.007380 -0.019768 0.088774 -0.064810 0.093222 0.118134 0.222414 -0.280889 -0.102310 -0.065650 -0.040917 0.276313 0.335313 -0.478142 -0.410697 -0.216094 -0.213705 -0.299680 -0.304663 0.240520 0.469205 0.622997 0.744628 0.524122 0.496067 0.369712 0.456986 0.420236 0.612752 0.574172 0.658893 0.273745 0.188696 0.010513 -0.115471 -0.070894 -0.164465 -0.439213 -0.464914 -0.298116 -0.199161 -0.324651 -0.245098 0.070584 0.388758 0.254545 0.159439 0.309915 0.224803 0.040042 -0.123591 -0.067064 -0.353474 0.048569 0.149654 -0.017284 -0.106706 0.148176 0.496893 0.048452 0.350629 0.176180 -0.096202 0.045023 -0.166900
-0.114955 -0.362889 0.391509 0.051036 0.442420 0.503052 -0.037830 -0.176724 0.294533 0.445913 0.007518 -0.307655 0.017966 -0.189929 -0.008749 0.335051 0.027156 -0.089809 -0.174678 -0.220819 0.057920 0.127144 0.609530 0.536964 0.555314 0.645299 0.444360 0.382364 0.005491 -0.094230 1.000000 0.724226 -0.305190 -0.145678 0.331948 0.054356 0.136472 -0.387396 -0.293169 -0.506507 -0.023046 -0.061576 0.030647 0.124016 -0.033243 0.005334 0.007402 -0.183054 -0.354009 0.032316 -0.163604 -0.273645 -0.414418 -0.184281 -0.310107 -0.514927 -0.258991 0.070604 -0.192777 0.004250 -0.368522 -0.144272 -0.481530 -0.323492 0.360539 0.031943 0.199251 0.121221 0.222611 -0.054897 0.468759 0.167628 0.096535 -0.104820 0.171122 0.037431 0.300948 -0.081009 0.292985 0.041659 -0.122647 0.034669 -0.211133 0.223666 0.323953 0.102293 -0.217443 -0.136346 0.134005 -0.198269 -0.143656 -0.188043 -0.153701 -0.061139 0.140574 -0.171526 -0.344677 -0.175828 -0.291351 -0.207198 -0.056950 -0.214935 -0.042647 -0.325182 -0.076629 0.005766 -0.106484 0.096218 -0.073310 -0.288660 -0.118479 -0.135848 0.074319 -0.082063 -0.131442 -0.095862
-0.095365 -0.098549 0.270168 0.182130 0.284367 0.334904 -0.109459 -0.123147 0.222946 0.242630 -0.012469 -0.088568 0.024805 -0.073907 -0.013427 0.188168 0.116977 -0.160110 -0.015750 0.082535 -0.150488 -0.035465 0.297465 0.411699 0.284525 0.428701 0.299732 0.276701 0.084674 -0.089800 0.724226 1.000000 -0.041335 0.206496 0.066117 -0.171440 0.108978 -0.303682 -0.431039 -0.500781 -0.085146 -0.125970 0.049263 0.175355 -0.049941 -0.029293 -0.034664 -0.057129 -0.229810 0.012017 -0.200612 -0.153729 -0.319975 -0.051794 -0.539790 -0.603561 -0.169119 -0.010777 -0.354017 -0.160050 -0.267590 -0.135882 -0.302490 -0.290168 0.061191 -0.084145 0.114847 0.078690 0.079847 -0.037841 0.554028 0.135082 0.060053 -0.074929 0.142661 0.028807 0.179015 -0.075198 0.255691 -0.057906 -0.002861 0.095958 -0.131230 0.418821 0.110027 0.264568 -0.201403 -0.151249 -0.148377 -0.341581 -0.049164 0.025018 -0.115488 0.228662 0.071412 -0.200231 -0.313469 -0.153711 -0.286575 -0.145640 -0.015820 0.186180 0.082958 -0.061834 -0.289452 -0.233210 -0.159940 0.013437 -0.098408 -0.230016 -0.060959 -0.177993 -0.001417 0.068166 -0.210359 -0.087935
0.183762 0.255707 -0.173808 0.207672 -0.224121 -0.266579 0.164276 0.316404 -0.052393 -0.202533 -0.085670 0.257818 -0.027935 0.058564 -0.066673 -0.047644 0.090042 -0.100957 0.135707 0.437865 0.099906 -0.086761 -0.495378 -0.259640 -0.262144 -0.270541 -0.241752 -0.315574 0.310449 0.079224 -0.305190 -0.041335 1.000000 0.659633 -0.173409 -0.160622 0.023034 0.122954 0.248397 -0.013934 0.312378 0.105991 -0.141464 -0.181225 0.048277 -0.149367 -0.108777 -0.010181 0.117266 -0.198975 0.098653 -0.100846 0.050850 -0.015728 0.129627 0.108792 0.123644 -0.223097 -0.199991 -0.281877 0.200635 -0.122840 0.260242 0.200308 -0.342344 -0.219697 -0.026728 0.015771 -0.136577 0.044250 -0.104793 -0.124527 0.245065 0.038406 0.205681 0.021444 -0.189389 -0.150642 -0.005830 -0.084020 0.271539 0.223328 0.110483 0.267753 -0.271405 0.267529 0.260109 0.039805 -0.250077 0.000508 -0.126488 -0.171255 -0.146774 -0.142490 -0.072804 0.179996 0.032816 -0.017367 -0.238435 -0.165339 -0.251827 0.118386 -0.137654 -0.000259 -0.098055 -0.222071 -0.227724 -0.113175 0.001136 0.095344 -0.239699 -0.192525 -0.188364 -0.147612 -0.132681 -0.139500
-0.038226 0.320742 -0.149391 0.296663 -0.280372 -0.288776 -0.077687 0.225855 -0.087981 -0.165429 -0.140081 0.215367 -0.066170 -0.016804 -0.160451 -0.125277 0.008626 -0.076125 -0.029380 0.398317 -0.230415 -0.176425 -0.430146 -0.292418 -0.320976 -0.291009 -0.300948 -0.407893 0.174049 0.094061 -0.145678 0.206496 0.659633 1.000000 -0.020054 -0.082519 -0.129471 0.034468 -0.208924 -0.262699 0.035890 0.013425 -0.028306 -0.072764 0.242354 0.124144 0.066158 0.047227 0.274593 0.101183 0.127345 0.195876 0.033954 0.087641 -0.348215 -0.097080 0.128163 0.139436 -0.369091 -0.244203 0.023770 0.006700 0.209473 0.380420 -0.520444 -0.224066 0.087034 0.074242 -0.189770 0.032454 -0.176526 -0.103258 0.144202 -0.056131 0.152235 0.180201 0.008867 -0.201583 0.103614 -0.127262 0.248633 0.223839 -0.007575 0.275549 -0.413464 0.175661 0.062900 -0.163804 -0.602768 -0.221621 -0.167936 0.060304 -0.188816 0.081487 -0.317614 0.086421 0.112190 -0.002688 0.064342 0.082910 0.057508 0.390540 0.100066 0.076203 -0.235783 -0.300719 -0.037799 -0.236693 -0.126184 0.116815 -0.013434 0.109110 0.113546 -0.007737 -0.369774 -0.438218
-0.125882 -0.307589 0.174112 0.058257 0.208208 0.335422 -0.023644 0.053615 0.137045 0.297354 -0.236872 -0.208137 -0.143110 -0.047274 -0.223581 0.056451 -0.162557 -0.141235 -0.091566 -0.105979 -0.008407 0.114129 0.456769 0.261573 0.431316 0.319459 0.216819 0.073007 -0.328767 -0.328710 0.331948 0.066117 -0.173409 -0.020054 1.000000 0.710035 0.095782 -0.269292 -0.058848 -0.281526 -0.207434 -0.004256 -0.002270 0.052112 -0.012302 0.041202 0.081419 0.019504 -0.293483 -0.027934 0.084234 -0.147618 -0.184353 -0.265806 -0.087003 -0.370196 -0.210553 -0.009651 0.065214 -0.037563 -0.191718 -0.022561 -0.481773 -0.223352 0.487411 0.398327 0.461387 0.385205 0.236889 0.120042 -0.171546 -0.265672 -0.211617 -0.387268 -0.123840 -0.111516 0.155191 -0.113189 0.045302 -0.123912 -0.297873 -0.155816 -0.478679 -0.267923 0.298904 0.050464 0.008099 -0.204475 0.247446 0.019156 -0.199588 -0.287374 -0.063292 -0.266766 0.052356 -0.186823 -0.237363 -0.198018 -0.332761 -0.224840 -0.135075 -0.318845 -0.219346 -0.167062 0.010835 0.107947 -0.193735 0.041122 -0.030234 -0.302164 0.043984 -0.298261 -0.101092 0.002527 -0.123910 -0.074815
-0.036301 -0.140419 -0.080684 -0.140579 0.025402 0.191984 -0.048676 0.001361 0.084671 0.252035 -0.180112 0.058667 -0.061409 0.166599 -0.153244 0.008387 -0.259217 -0.066214 -0.045869 -0.103669 0.070738 -0.017226 0.209819 0.078832 0.285974 0.183834 0.025639 -0.048927 -0.284825 -0.071704 0.054356 -0.171440 -0.160622 -0.082519 0.710035 1.000000 0.243293 0.090583 0.045562 -0.026602 -0.113471 0.128666 -0.069986 -0.115393 0.130766 0.092490 0.036774 0.090267 -0.141537 -0.024109 0.103261 -0.065085 -0.013533 -0.139929 0.105088 -0.213334 -0.183818 -0.108493 0.182047 -0.022698 -0.004775 0.218904 -0.273156 -0.129950 0.357624 0.359762 0.201526 0.293065 0.148941 0.052680 -0.215080 -0.112126 -0.177461 -0.080893 -0.188681 -0.096229 0.091725 0.283328 -0.004416 0.126223 -0.098940 -0.052518 -0.315207 -0.293509 0.257027 -0.105068 0.080035 -0.158320 0.134390 0.055465 -0.166845 -0.307041 -0.054272 -0.307389 0.077876 -0.041693 -0.173317 -0.147740 -0.221625 -0.218005 -0.175731 -0.371946 -0.418126 -0.172086 -0.033517 0.102133 -0.340294 -0.005136 0.037792 -0.141685 0.127405 -0.277970 -0.017265 0.014370 0.007986 -0.078685
