1.000000 0.599438 0.136437 0.220834 0.016680 0.175278 0.134690 -0.000893 -0.024510 -0.127541 -0.165200 -0.025830 -0.098982 -0.122367 0.126503 -0.002852 -0.121767 -0.183526 0.726003 0.696538 0.341972 0.223366 -0.389160 -0.382967 -0.544385 -0.500482 0.467594 0.131393 -0.231057 -0.097139 -0.508948 -0.421801 0.356675 0.346547 -0.113336 -0.094672 -0.353641 -0.387529 -0.107198 0.190771 -0.237293 0.133603 -0.241306 -0.023748 0.308688 0.209245 -0.501369 -0.464565 0.390847 0.208924 0.125777 -0.112986 -0.303642 -0.295837 -0.039103 -0.301132 0.875722 0.399659 0.427289 0.212334 0.757978 0.483811 0.425233 0.451921 0.300684 0.180672 0.224752 0.189289 0.179323 0.080390 -0.321877 -0.108419 -0.270114 -0.031439 -0.168999 0.204991 -0.186416 -0.238695 -0.147329 -0.193529 -0.087047 0.006303 0.175473 0.201400 -0.112900 -0.118127 0.185618 0.051865 0.482796 0.034991 -0.487610 -0.456737 -0.285297 -0.332915 -0.035098 0.081965 -0.432680 -0.466302 -0.357597 -0.352716 -0.078472 -0.029226 0.248409 0.125980 -0.081230 -0.367693 0.310393 0.113187 -0.055998 -0.383864 -0.574700 -0.477685 -0.225154 -0.093853 -0.389958 -0.041692
0.599438 1.000000 0.141873 0.073858 0.016368 0.176598 0.152538 0.210455 0.191397 0.054309 -0.140949 0.145507 -0.069102 -0.151543 0.123723 -0.056632 0.079123 -0.124318 0.504222 0.665676 0.197941 -0.003370 -0.674220 -0.590459 -0.439327 -0.679391 0.242520 0.134673 -0.270753 -0.039010 -0.582665 -0.531895 0.324329 0.382165 -0.314192 -0.009801 -0.424726 -0.450040 -0.468692 -0.199808 -0.359206 -0.006708 -0.220688 -0.146478 0.261269 0.360724 -0.515457 -0.138021 0.214451 0.010267 0.058364 0.070828 0.159146 -0.057256 -0.304152 -0.630023 0.609403 0.635337 0.401010 0.257691 0.318398 0.316475 0.328971 0.680491 -0.236294 -0.223359 0.212456 0.074845 0.554344 0.282414 -0.293557 -0.228578 -0.209640 -0.120579 -0.200515 0.192308 -0.168101 -0.215229 -0.097708 -0.127938 -0.108656 0.035946 0.123743 0.040435 -0.242720 -0.290151 0.177081 -0.140393 0.234976 -0.138347 0.106983 0.008547 -0.030577 -0.063887 -0.150314 -0.007270 -0.545952 -0.388791 -0.247084 -0.277139 0.088999 0.235813 0.283364 0.339171 0.041700 -0.355271 0.202601 0.038557 0.122796 -0.373140 -0.223974 -0.129037 -0.161344 0.012636 -0.275200 0.006106
0.136437 0.141873 1.000000 0.794964 0.422351 0.359859 0.851742 0.750755 0.404344 0.338960 -0.145780 -0.039446 0.303593 0.050725 0.334114 0.059538 -0.452253 -0.541496 0.209637 0.069486 0.124734 0.098559 0.330540 0.290494 -0.013625 -0.062860 0.251169 0.072813 -0.444914 -0.597660 -0.296716 -0.139694 -0.188499 -0.019348 -0.247983 -0.040820 -0.524711 -0.539194 -0.264500 0.005440 -0.500548 -0.499746 -0.234984 -0.096417 -0.194178 -0.038614 -0.413717 -0.005265 0.234491 0.161743 0.246660 0.074040 0.109712 -0.364672 -0.145894 -0.296549 -0.003517 -0.053866 0.305198 0.132457 0.068736 -0.104441 0.052920 -0.104832 0.139558 0.060636 0.194619 0.260297 0.150308 0.408039 -0.152001 -0.199514 -0.628566 -0.483889 -0.604504 -0.381646 -0.539282 -0.429150 -0.533551 -0.496882 -0.276276 -0.429029 0.288953 -0.275214 -0.065866 -0.342595 0.332366 0.074474 0.267669 -0.009524 0.153039 0.077088 0.176526 -0.081392 0.189621 -0.027146 -0.317819 -0.204400 -0.336068 -0.448208 0.100193 0.070531 0.128629 0.297924 0.075435 0.060565 0.033458 0.304617 -0.017301 -0.115348 -0.122651 -0.382996 -0.114943 -0.289931 -0.432379 -0.173131
0.220834 0.073858 0.794964 1.000000 0.522711 0.342337 0.628138 0.678772 0.428589 0.498957 -0.153542 -0.002095 0.320234 0.139192 0.438593 0.358229 -0.394043 -0.417789 0.148168 0.111330 0.073559 0.082117 0.439234 0.484150 -0.056495 0.036793 0.235345 -0.065718 -0.265703 -0.444324 -0.110289 -0.012108 -0.161714 -0.080470 -0.274305 -0.285639 -0.505573 -0.495500 -0.219217 -0.014546 -0.421716 -0.408270 -0.209530 -0.100397 -0.126346 -0.102990 -0.222683 -0.036873 0.253726 0.279723 0.145330 -0.048387 -0.049267 -0.346680 -0.028351 -0.112626 0.044246 -0.103123 0.200571 0.208282 0.149831 -0.084343 0.133220 -0.093717 0.209767 0.063928 0.050171 0.031390 -0.000361 0.160321 -0.267705 -0.254154 -0.538068 -0.389879 -0.544129 -0.412583 -0.437638 -0.383646 -0.396528 -0.322330 -0.104470 -0.267602 0.311587 -0.004168 -0.004545 -0.152820 0.381320 0.295990 0.351692 0.178233 -0.177307 -0.198716 -0.021490 -0.272867 0.240007 -0.017049 -0.295200 -0.159189 -0.399521 -0.334241 -0.028240 -0.105250 0.113795 0.129306 0.054055 0.020711 0.028227 0.267246 -0.091907 -0.088170 -0.208685 -0.372269 -0.118291 -0.362730 -0.345722 -0.117841
0.016680 0.016368 0.422351 0.522711 1.000000 0.486653 0.209295 0.334893 0.771417 0.737491 -0.286049 -0.242950 0.085295 -0.101715 0.745384 0.629365 -0.274554 -0.407687 0.105335 0.136361 0.008288 0.252640 0.098837 0.119813 0.006373 0.081914 0.364320 0.282714 -0.303523 -0.410973 -0.274018 -0.311954 -0.052291 -0.182702 -0.155296 -0.413784 -0.324508 -0.447096 -0.047878 -0.035974 -0.121363 -0.291947 -0.398886 -0.413821 -0.303205 -0.281311 -0.046917 0.025893 0.060939 0.159430 -0.108627 -0.168801 0.258026 -0.488061 0.338441 0.016530 -0.114999 0.094630 0.292122 0.442944 -0.062367 -0.071203 -0.141723 -0.251529 -0.080545 -0.139549 0.151216 -0.104920 0.346930 0.339397 -0.206701 -0.232759 -0.433728 -0.335859 -0.504398 -0.411014 -0.353945 -0.374952 -0.223225 -0.325663 -0.052958 -0.323501 0.619879 0.050203 0.212793 -0.162821 0.708476 0.456096 0.587652 0.470425 -0.055782 -0.214748 -0.043746 -0.318893 -0.065777 0.049748 -0.211826 0.125526 -0.338642 -0.288647 -0.212410 -0.072333 -0.008020 -0.094980 0.061371 0.004524 0.016906 0.345507 0.141991 -0.094746 -0.260829 -0.220897 -0.221030 -0.289461 -0.139807 0.061938
0.175278 0.176598 0.359859 0.342337 0.486653 1.000000 0.342892 0.426723 0.200146 0.302118 -0.466030 -0.427125 -0.445459 -0.581253 0.022798 0.004301 -0.429332 -0.553781 0.425037 0.360742 0.031355 0.091365 -0.059515 0.105117 0.284927 0.139533 0.682266 0.509002 -0.683694 -0.584345 -0.407267 -0.531076 0.049400 -0.085152 -0.127429 -0.330589 -0.356872 -0.496354 -0.083703 -0.090882 -0.345630 -0.553069 -0.193306 -0.427214 -0.006182 -0.067711 -0.121968 0.030213 0.191491 0.174646 0.228840 0.151852 0.132050 -0.375748 0.309941 -0.041430 0.018490 -0.143375 0.272120 0.013303 -0.047942 -0.105139 0.144709 -0.166122 -0.194937 -0.138565 0.210568 0.081215 0.260593 0.329481 -0.146882 0.120216 -0.505754 -0.354356 -0.458334 -0.226007 -0.366691 -0.361193 -0.350685 -0.509598 -0.422161 -0.536905 0.148942 -0.279265 -0.292728 -0.302221 0.387866 0.264793 0.274839 0.113829 0.058730 0.055279 0.071173 -0.058406 -0.193569 0.162270 -0.412418 0.254516 -0.433310 -0.213377 -0.298897 -0.029351 -0.172690 0.248503 0.221487 0.153415 0.404207 0.547756 0.430625 0.253837 -0.022574 -0.132225 -0.094486 -0.165465 -0.004671 0.118996
0.134690 0.152538 0.851742 0.628138 0.209295 0.342892 1.000000 0.796635 0.212987 0.193899 -0.035577 0.146375 0.268675 0.057941 0.143333 -0.087657 -0.269802 -0.350244 0.142127 -0.031764 -0.026748 -0.128776 0.288991 0.283090 0.066506 -0.090756 0.185222 -0.046305 -0.314607 -0.400344 -0.197486 -0.024041 0.005964 0.244419 -0.122694 -0.017198 -0.464325 -0.579965 -0.300709 -0.224447 -0.509069 -0.538223 -0.070907 0.028392 -0.058723 0.114917 -0.303515 -0.069218 0.186454 0.137348 0.301410 0.144520 0.151437 -0.130746 -0.117944 -0.261700 -0.003712 -0.084357 0.097731 -0.092572 0.075206 -0.101052 0.317152 0.110125 -0.012635 0.012202 0.096528 0.178932 0.035682 0.304321 -0.246188 -0.270732 -0.446418 -0.474107 -0.411257 -0.362173 -0.435308 -0.502702 -0.421912 -0.432505 -0.239769 -0.284216 0.130495 -0.264727 -0.120976 -0.153220 0.229710 0.000428 0.193074 -0.059995 0.124246 0.071466 0.032243 -0.071181 0.111709 -0.163932 -0.345508 -0.230763 -0.286307 -0.316932 0.085761 0.058430 0.060651 0.225666 -0.090236 0.059190 -0.103570 0.175616 -0.163674 -0.222721 -0.144348 -0.282795 -0.013244 -0.265232 -0.418401 -0.154518
-0.000893 0.210455 0.750755 0.678772 0.334893 0.426723 0.796635 1.000000 0.350304 0.433853 -0.118260 0.129676 0.189599 0.050481 0.227283 0.157929 -0.270162 -0.424357 0.024385 0.036191 -0.051592 -0.051942 0.170927 0.253652 0.065208 -0.106306 0.196956 0.067676 -0.376685 -0.423945 -0.265692 -0.157603 -0.110436 0.046152 -0.385970 -0.126943 -0.592431 -0.568375 -0.397271 -0.223145 -0.528372 -0.522522 -0.088534 -0.109908 -0.085430 0.104292 -0.325163 0.120752 0.168735 0.215275 0.274205 0.375634 0.190394 -0.069452 -0.151370 -0.285608 -0.150730 -0.134095 0.126545 0.056467 -0.095664 -0.120164 0.287173 0.114641 -0.263689 -0.042213 0.010691 0.088138 0.177937 0.304648 -0.353811 -0.324261 -0.497327 -0.526008 -0.576001 -0.466085 -0.572680 -0.495847 -0.454043 -0.433900 -0.238357 -0.366585 0.152991 -0.128915 -0.189790 -0.218351 0.257615 0.174794 0.128117 0.041085 0.304527 0.296576 0.210679 0.079098 0.032849 -0.143654 -0.452879 -0.096115 -0.328566 -0.160542 0.092486 0.225450 0.066103 0.380840 0.006143 0.047732 0.004525 0.241149 0.008485 -0.146020 -0.030520 -0.087428 0.015744 -0.262351 -0.289130 -0.188327
-0.024510 0.191397 0.404344 0.428589 0.771417 0.200146 0.212987 0.350304 1.000000 0.859670 -0.053338 0.101075 0.332400 0.288803 0.846297 0.685446 -0.019102 -0.129165 -0.018538 0.159243 -0.112355 0.000681 0.043341 0.014074 -0.006287 -0.055747 -0.014506 0.213711 -0.084100 -0.181471 -0.216518 -0.186961 0.192015 -0.015169 -0.370433 -0.369914 -0.375473 -0.434491 -0.161117 -0.195174 -0.080871 -0.214130 -0.427828 -0.291163 -0.352809 -0.153586 -0.155036 0.060557 0.045571 0.065887 0.023903 -0.016888 0.411498 -0.291112 0.043543 -0.237336 -0.074301 0.145473 0.202452 0.423736 -0.175269 -0.056901 -0.026706 0.052254 -0.168071 -0.262725 0.103403 -0.186077 0.510421 0.385364 -0.165393 -0.331928 -0.319431 -0.200243 -0.457234 -0.302702 -0.350842 -0.274780 -0.213232 -0.116853 0.132589 -0.121727 0.683528 0.222293 0.264072 -0.165604 0.749649 0.461978 0.300608 0.210411 0.064401 -0.109692 -0.153755 -0.398338 -0.074032 0.045271 -0.207615 -0.033483 -0.385408 -0.368092 -0.115507 -0.101346 0.056356 -0.061086 -0.005383 -0.113114 -0.138157 0.069107 0.057034 -0.135157 -0.152869 -0.180879 -0.418963 -0.328966 -0.130431 0.064890
-0.127541 0.054309 0.338960 0.498957 0.737491 0.302118 0.193899 0.433853 0.859670 1.000000 -0.242481 -0.042832 0.198674 0.192590 0.693716 0.786255 -0.139638 -0.155377 -0.144822 0.001714 -0.279478 -0.081496 0.193777 0.199263 0.176858 0.138046 -0.070817 0.111632 -0.118712 -0.197062 -0.033921 -0.124630 0.084221 -0.136744 -0.384284 -0.363955 -0.315971 -0.382597 -0.169696 -0.265674 -0.134944 -0.356656 -0.361438 -0.363743 -0.339996 -0.262830 -0.038703 0.094223 0.060122 0.067358 0.013433 -0.000482 0.245436 -0.265735 0.146785 -0.101206 -0.231393 0.042022 0.168554 0.425562 -0.234621 -0.115051 -0.066087 -0.087370 -0.227377 -0.198833 0.077836 -0.161984 0.407644 0.299770 -0.270655 -0.347278 -0.295188 -0.282213 -0.435025 -0.378377 -0.343425 -0.327412 -0.233226 -0.152287 0.044653 -0.174429 0.460251 0.209507 0.045289 -0.138394 0.568502 0.535804 0.217517 0.332639 0.023104 -0.057592 -0.054045 -0.256488 -0.038115 -0.065235 -0.148617 0.048908 -0.345435 -0.227765 -0.086771 -0.075121 0.048480 0.020176 0.078602 0.087376 -0.127707 0.167407 0.027747 -0.082508 -0.127634 -0.124584 -0.292638 -0.342704 -0.088654 0.003525
-0.165200 -0.140949 -0.145780 -0.153542 -0.286049 -0.466030 -0.035577 -0.118260 -0.053338 -0.242481 1.000000 0.711157 0.560248 0.511864 -0.007056 -0.113075 0.548824 0.507595 -0.354200 -0.296004 0.020113 -0.129247 0.108475 0.181974 -0.100366 -0.010612 -0.391785 -0.315611 0.588127 0.336386 0.182393 0.499225 0.082745 0.287796 0.307206 0.029977 0.084366 0.219784 -0.088283 -0.081008 0.249020 0.293994 0.365162 0.419320 -0.015329 0.158869 0.303965 0.291422 -0.247992 -0.144317 -0.004661 -0.027175 0.222446 0.426166 -0.320274 -0.014204 -0.119373 0.005497 -0.643356 -0.450970 -0.248394 -0.295939 0.137257 0.176459 0.119776 -0.169484 -0.305924 -0.172888 -0.282219 -0.111462 0.253345 -0.037448 0.358406 0.273028 0.270423 -0.035458 0.199208 0.281727 0.309673 0.393928 0.482122 0.385246 -0.021599 0.116376 0.608951 0.463395 -0.118221 -0.093072 -0.349458 -0.368279 0.087388 0.020456 -0.265274 -0.250742 0.247959 0.030939 0.355055 -0.056468 0.347541 0.098602 -0.244122 -0.397097 -0.319630 -0.363836 -0.453347 -0.385060 -0.448004 -0.465317 -0.310248 -0.077913 0.318328 0.070025 -0.126392 -0.345021 -0.170155 -0.089301
-0.025830 0.145507 -0.039446 -0.002095 -0.242950 -0.427125 0.146375 0.129676 0.101075 -0.042832 0.711157 1.000000 0.575931 0.697102 0.113284 0.074864 0.496809 0.547356 -0.337533 -0.206599 0.001798 -0.340904 0.071841 0.105310 -0.095166 -0.234694 -0.399030 -0.357337 0.522629 0.450954 0.191608 0.369683 0.317432 0.395075 0.009881 -0.123815 -0.003582 0.050866 -0.365945 -0.343094 0.151490 0.237326 0.245289 0.436083 0.162343 0.391315 0.127752 0.075219 -0.069634 0.075566 0.180627 0.175313 0.186527 0.390327 -0.335027 -0.278581 -0.038543 0.076968 -0.505953 -0.269261 -0.150394 -0.251801 0.440834 0.444903 -0.077275 -0.176970 -0.281694 -0.272279 -0.139414 -0.133848 0.032670 -0.208101 0.379743 0.170711 0.230530 0.013094 0.210897 0.094906 0.296402 0.333464 0.406878 0.392519 0.038604 0.271912 0.351246 0.481867 0.067103 -0.010526 -0.270922 -0.307314 0.054890 -0.064637 -0.301676 -0.277677 0.026501 -0.055502 0.043305 -0.248737 0.075279 -0.038168 0.013084 -0.176051 0.020115 -0.245797 -0.352639 -0.410554 -0.320541 -0.451774 -0.359834 -0.281041 0.121486 -0.001331 -0.218143 -0.286869 -0.177268 0.049961
-0.098982 -0.069102 0.303593 0.320234 0.085295 -0.445459 0.268675 0.189599 0.332400 0.198674 0.560248 0.575931 1.000000 0.720436 0.467027 0.281294 0.127712 0.235961 -0.359988 -0.301849 0.069760 -0.013150 0.360512 0.260315 -0.186496 -0.138486 -0.418907 -0.320857 0.421528 0.056529 0.172287 0.363494 0.035422 0.143959 -0.084986 -0.018994 -0.151152 -0.094829 -0.345256 -0.224989 0.104454 0.086369 -0.065121 0.217593 -0.142707 0.046941 -0.077270 -0.047709 0.116645 0.085308 0.117176 0.014834 0.165126 0.084884 -0.333426 -0.312566 -0.174805 0.163714 -0.141392 0.135998 -0.093349 -0.131543 -0.053519 0.112910 0.198998 -0.055965 0.009074 0.045613 0.013935 0.159988 0.016391 -0.247778 0.092307 -0.037904 -0.057673 -0.203895 -0.055489 -0.082192 -0.094979 0.106976 0.279476 0.048392 0.273088 0.107417 0.375235 0.070108 0.157526 -0.057729 -0.073834 -0.068316 0.031799 -0.060482 -0.138006 -0.223280 0.330667 -0.175747 0.168673 -0.391296 0.051114 -0.290195 0.165149 -0.156901 0.156178 -0.151115 -0.182593 -0.252914 -0.403383 -0.333010 -0.462193 -0.386524 -0.058695 -0.273604 -0.229469 -0.327452 -0.307512 -0.183917
-0.122367 -0.151543 0.050725 0.139192 -0.101715 -0.581253 0.057941 0.050481 0.288803 0.192590 0.511864 0.697102 0.720436 1.000000 0.308752 0.331981 0.271384 0.478861 -0.406395 -0.326981 -0.034851 -0.286361 0.350529 0.168325 -0.039095 -0.009251 -0.547412 -0.296534 0.539188 0.445696 0.407168 0.494863 0.218453 0.205674 -0.101481 -0.062017 0.053969 0.231018 -0.012704 -0.066813 0.242008 0.212324 -0.033582 0.339598 -0.143835 0.004197 0.020186 -0.111312 0.042197 0.050931 0.189529 0.034533 0.033271 0.219833 -0.227992 -0.048184 -0.126711 -0.121678 -0.263811 0.001457 -0.001339 -0.048207 0.167885 0.199745 0.160159 0.099020 -0.176925 -0.239267 -0.185891 -0.229838 0.069052 -0.184926 0.393390 0.216608 0.178042 0.002781 0.138750 0.140319 0.068427 0.309401 0.480463 0.278370 0.218338 0.382715 0.366229 0.274454 0.133687 0.196231 -0.240663 -0.127783 -0.141688 -0.178850 -0.311468 -0.333851 0.145080 0.059770 0.236495 -0.196720 -0.038085 -0.097418 0.081345 -0.271577 0.109987 -0.290158 -0.232799 -0.354493 -0.300832 -0.545236 -0.324657 -0.128537 0.008803 -0.105940 -0.225773 -0.267428 -0.121136 -0.096671
0.126503 0.123723 0.334114 0.438593 0.745384 0.022798 0.143333 0.227283 0.846297 0.693716 -0.007056 0.113284 0.467027 0.308752 1.000000 0.792690 -0.049062 -0.131133 0.088793 0.207188 0.046815 0.279067 0.083615 0.019532 -0.225063 -0.138028 0.064193 0.179507 0.059661 -0.114372 -0.195557 -0.099792 0.158622 -0.009695 -0.321049 -0.369756 -0.345788 -0.383654 -0.159112 -0.054026 0.021832 0.016495 -0.439707 -0.225994 -0.266483 -0.114337 -0.212049 -0.149577 0.128305 0.157238 -0.070900 -0.127875 0.263636 -0.330914 0.085140 -0.210982 0.013560 0.216532 0.254476 0.542185 0.048709 0.097383 -0.042310 0.050697 0.039254 -0.100757 0.121003 -0.117646 0.400456 0.340733 -0.159833 -0.262585 -0.239144 -0.081321 -0.325944 -0.245159 -0.271878 -0.240282 -0.191827 -0.084398 0.105438 -0.142568 0.785201 0.413496 0.353600 -0.071413 0.733708 0.415284 0.518024 0.403004 -0.182663 -0.300402 -0.212057 -0.416842 -0.154956 -0.065541 -0.210544 -0.271483 -0.374888 -0.432698 -0.038272 -0.059909 0.221072 -0.153331 -0.113826 -0.234924 -0.231773 0.002055 -0.191190 -0.358023 -0.419634 -0.373843 -0.441013 -0.356375 -0.270648 -0.099208
-0.002852 -0.056632 0.059538 0.358229 0.629365 0.004301 -0.087657 0.157929 0.685446 0.786255 -0.113075 0.074864 0.281294 0.331981 0.792690 1.000000 0.014385 0.025424 -0.112139 0.060139 -0.070879 0.181804 0.168102 0.148621 -0.103313 0.025945 -0.040017 0.040147 0.180403 0.106916 0.100779 0.019061 0.088498 -0.190898 -0.349180 -0.461636 -0.126620 -0.156755 -0.029336 -0.024674 0.136645 0.073281 -0.353821 -0.228772 -0.208770 -0.211980 -0.019161 -0.121699 0.117572 0.199026 -0.084634 -0.094789 0.075865 -0.272729 0.252702 0.001517 -0.096211 0.065902 0.138461 0.536586 -0.007610 0.023185 -0.020402 -0.095898 -0.032190 -0.016570 0.016186 -0.285985 0.268470 0.095324 -0.116613 -0.253692 -0.037250 0.001926 -0.180845 -0.247124 -0.116492 -0.172388 -0.059606 0.057070 0.186875 -0.021994 0.549302 0.592558 0.206168 0.132522 0.566106 0.580025 0.396646 0.538114 -0.297091 -0.378440 -0.244386 -0.389425 -0.088839 -0.089640 -0.096085 -0.087113 -0.349607 -0.209188 -0.113077 -0.158017 0.116609 -0.242754 -0.150269 -0.100613 -0.224911 0.052437 -0.184935 -0.215060 -0.370822 -0.241778 -0.321350 -0.352481 -0.115260 -0.021843
-0.121767 0.079123 -0.452253 -0.394043 -0.274554 -0.429332 -0.269802 -0.270162 -0.019102 -0.139638 0.548824 0.496809 0.127712 0.271384 -0.049062 0.014385 1.000000 0.717259 -0.304498 -0.026634 -0.218551 -0.250809 -0.162236 -0.076116 -0.136774 -0.116657 -0.379645 -0.272557 0.733469 0.744970 0.268963 0.391943 0.279668 0.333500 0.274100 0.036282 0.343750 0.356087 0.016980 -0.256220 0.384972 0.479491 0.095713 0.228426 -0.037425 0.057482 0.301330 0.155596 -0.495668 -0.354603 -0.293039 -0.266904 0.110278 0.346764 -0.299670 -0.044481 0.094711 0.150005 -0.592922 -0.337424 -0.233375 -0.091988 0.178578 0.362119 -0.336023 -0.422931 -0.488727 -0.510215 -0.130767 -0.281713 0.295580 -0.050049 0.612664 0.482209 0.564539 0.170535 0.562871 0.397647 0.735735 0.732238 0.596521 0.780934 0.034897 0.276856 0.411748 0.374214 -0.033190 -0.142951 -0.202270 -0.307160 -0.009310 -0.167675 -0.421037 -0.286558 0.004785 0.068000 0.117925 0.103525 0.202166 0.290874 -0.305657 -0.247363 -0.334181 -0.464586 -0.477743 -0.219009 -0.424396 -0.397406 -0.016414 0.009783 0.212516 0.330371 -0.013590 -0.011169 0.211462 0.276288
-0.183526 -0.124318 -0.541496 -0.417789 -0.407687 -0.553781 -0.350244 -0.424357 -0.129165 -0.155377 0.507595 0.547356 0.235961 0.478861 -0.131133 0.025424 0.717259 1.000000 -0.473144 -0.287858 -0.324389 -0.427537 0.076030 0.072608 0.064188 0.036611 -0.639578 -0.369862 0.810795 0.836149 0.551535 0.502631 0.317625 0.274379 0.282824 0.068525 0.441480 0.599885 0.106802 -0.224900 0.523712 0.520282 0.136461 0.289775 0.039571 -0.003764 0.371337 0.031436 -0.231548 -0.182046 -0.148958 -0.218073 -0.063383 0.427983 -0.196851 0.112214 -0.013355 0.111302 -0.558497 -0.305082 -0.188486 -0.102863 0.047800 0.247745 -0.181299 -0.258617 -0.443756 -0.453982 -0.311097 -0.395009 0.281139 0.139149 0.778844 0.636126 0.704680 0.366975 0.625258 0.539722 0.556772 0.802310 0.549990 0.692095 -0.094883 0.362771 0.274361 0.339564 -0.145770 -0.093771 -0.416194 -0.264019 -0.243672 -0.274705 -0.552432 -0.286696 0.070875 0.046550 0.353246 0.107233 0.185400 0.325379 -0.155905 -0.272076 -0.159312 -0.440624 -0.409856 -0.158196 -0.297250 -0.503692 -0.141301 0.024885 0.209717 0.266988 -0.120586 0.005145 0.253947 0.198889
0.726003 0.504222 0.209637 0.148168 0.105335 0.425037 0.142127 0.024385 -0.018538 -0.144822 -0.354200 -0.337533 -0.359988 -0.406395 0.088793 -0.112139 -0.304498 -0.473144 1.000000 0.744002 0.330994 0.278249 -0.382358 -0.395638 -0.324468 -0.332242 0.662835 0.407982 -0.498401 -0.293640 -0.495576 -0.496376 0.318898 0.209027 -0.215677 -0.229656 -0.315248 -0.413444 0.056972 0.204214 -0.287623 -0.160231 -0.272170 -0.217821 0.162288 0.070972 -0.453379 -0.472623 0.386957 0.087637 0.201059 -0.020202 -0.052276 -0.422267 0.243074 -0.111745 0.631942 0.140144 0.502604 0.167636 0.562822 0.432667 0.336915 0.256001 0.207773 0.139075 0.348887 0.107623 0.264965 0.166490 -0.106519 0.033562 -0.360934 -0.044784 -0.225169 0.142946 -0.209885 -0.243160 -0.246453 -0.372392 -0.331958 -0.269238 0.134165 -0.021258 -0.267691 -0.286645 0.258097 0.081607 0.507230 0.146177 -0.288730 -0.287291 -0.098351 -0.229511 -0.246063 0.232091 -0.462265 -0.198429 -0.361078 -0.390754 -0.190524 -0.094564 0.116215 0.139252 0.117715 -0.171254 0.304149 0.248371 0.242374 -0.037746 -0.505621 -0.433789 -0.218307 -0.020340 -0.189296 0.052381
0.696538 0.665676 0.069486 0.111330 0.136361 0.360742 -0.031764 0.036191 0.159243 0.001714 -0.296004 -0.206599 -0.301849 -0.326981 0.207188 0.060139 -0.026634 -0.287858 0.744002 1.000000 0.341286 0.272403 -0.595134 -0.469132 -0.493015 -0.515976 0.596500 0.474176 -0.343655 -0.104177 -0.628238 -0.542491 0.352992 0.257176 -0.215930 -0.214963 -0.427031 -0.370790 -0.050345 0.177323 -0.271368 0.039320 -0.305887 -0.171563 0.187782 0.149311 -0.501949 -0.263991 0.243484 0.166190 0.052691 0.021107 -0.061098 -0.292690 -0.046986 -0.373620 0.736478 0.323669 0.423610 0.228036 0.451334 0.449337 0.347599 0.422622 -0.028992 -0.036245 0.145969 0.012699 0.414103 0.195109 -0.148030 -0.055084 -0.319659 0.023268 -0.207040 0.125474 -0.182870 -0.118812 -0.126202 -0.121608 -0.176380 -0.090989 0.347176 0.208433 -0.131024 -0.262904 0.384819 0.108373 0.427088 -0.027761 -0.244928 -0.260879 -0.179380 -0.264061 -0.265576 0.208810 -0.648878 -0.224675 -0.523913 -0.339678 -0.198033 0.046255 0.100004 0.154275 -0.016401 -0.349181 0.319995 0.145620 0.248718 -0.085554 -0.366146 -0.251281 -0.248443 -0.050887 -0.115708 0.084544
0.341972 0.197941 0.124734 0.073559 0.008288 0.031355 -0.026748 -0.051592 -0.112355 -0.279478 0.020113 0.001798 0.069760 -0.034851 0.046815 -0.070879 -0.218551 -0.324389 0.330994 0.341286 1.000000 0.711281 -0.236246 -0.313329 -0.446358 -0.370064 0.402825 0.056949 -0.222535 -0.194584 -0.365260 -0.226527 -0.145153 -0.143086 0.032752 -0.003328 -0.152399 -0.103023 -0.097039 0.388454 -0.196974 0.180317 -0.178231 -0.035492 0.143935 0.172203 -0.296582 -0.207563 0.234187 0.242783 0.124253 0.085605 -0.015498 -0.412050 -0.010657 -0.213304 0.315051 0.167098 0.401312 0.304480 0.378943 0.186466 0.136263 0.047302 0.345530 0.239170 0.387345 0.282716 0.156992 0.295126 0.179076 0.169272 -0.142005 0.037440 -0.126471 0.183177 0.090508 0.086223 -0.074596 -0.242750 -0.049121 -0.222214 0.155651 0.030050 0.006503 -0.086041 0.124260 0.056412 0.383518 0.181998 -0.083367 -0.175041 0.102808 -0.139276 -0.044712 0.278580 -0.180990 -0.233283 -0.143695 -0.524008 0.083588 -0.094630 0.098249 -0.024381 0.022935 -0.408193 0.157407 0.120458 0.019207 -0.073248 -0.190379 -0.427893 -0.115499 -0.181802 -0.403728 -0.184493
0.223366 -0.003370 0.098559 0.082117 0.252640 0.091365 -0.128776 -0.051942 0.000681 -0.081496 -0.129247 -0.340904 -0.013150 -0.286361 0.279067 0.181804 -0.250809 -0.427537 0.278249 0.272403 0.711281 1.000000 -0.168990 -0.185802 -0.387649 -0.150079 0.385162 0.160392 -0.178086 -0.311345 -0.401478 -0.271217 -0.336406 -0.377870 -0.002662 0.024841 -0.052235 -0.079094 -0.014158 0.487203 0.037820 0.311894 -0.289890 -0.268023 -0.108518 -0.104071 -0.287302 -0.085215 0.082586 0.083570 -0.123055 -0.061880 -0.023605 -0.500170 0.071428 -0.119485 0.153126 0.206332 0.422413 0.439527 0.197767 0.129736 -0.213113 -0.220741 0.253856 0.146804 0.299074 0.304437 0.263463 0.441506 0.130412 0.251445 -0.239853 0.058403 -0.215627 0.133567 -0.087168 0.020708 -0.131674 -0.246056 -0.096673 -0.290021 0.341291 0.142819 0.126873 -0.148823 0.115115 0.022743 0.476445 0.371450 -0.061551 -0.084060 0.209873 0.016998 -0.090600 0.017023 -0.146408 -0.149518 -0.070742 -0.369065 0.061973 0.116138 0.108303 0.041212 0.003701 -0.161873 0.064236 0.314575 -0.030485 -0.127439 -0.285155 -0.396018 -0.071387 -0.136733 -0.283913 -0.241419
-0.389160 -0.674220 0.330540 0.439234 0.098837 -0.059515 0.288991 0.170927 0.043341 0.193777 0.108475 0.071841 0.360512 0.350529 0.083615 0.168102 -0.162236 0.076030 -0.382358 -0.595134 -0.236246 -0.168990 1.000000 0.868422 0.487789 0.545330 -0.291347 -0.193368 0.169138 -0.075703 0.657704 0.532166 -0.236791 -0.286361 0.021649 -0.189345 0.161872 0.239748 0.051202 -0.102786 0.123314 -0.180491 0.046915 0.052698 -0.223521 -0.261614 0.219270 -0.060821 0.059323 0.098512 0.173208 -0.116803 -0.221688 -0.011051 0.053275 0.315807 -0.533492 -0.537069 -0.289158 -0.169848 -0.194836 -0.322780 -0.157563 -0.514449 0.356972 0.140530 -0.157195 -0.127634 -0.499688 -0.196773 0.164505 0.060619 0.045711 0.069107 0.070575 -0.190478 0.057490 0.004549 -0.092401 0.057125 0.055138 -0.055331 -0.028508 -0.111714 0.059891 0.102302 -0.018230 0.168865 -0.133584 0.105845 -0.140183 -0.107285 -0.003955 -0.048703 0.140219 -0.045123 0.275705 0.129870 -0.015216 0.050952 -0.083513 -0.278131 -0.075866 -0.191606 -0.019048 0.305138 -0.177654 -0.000941 -0.193686 0.216888 0.129575 -0.019980 0.018352 -0.070666 0.116755 -0.028824
-0.382967 -0.590459 0.290494 0.484150 0.119813 0.105117 0.283090 0.253652 0.014074 0.199263 0.181974 0.105310 0.260315 0.168325 0.019532 0.148621 -0.076116 0.072608 -0.395638 -0.469132 -0.313329 -0.185802 0.868422 1.000000 0.436888 0.543566 -0.205229 -0.208079 0.194171 -0.094778 0.541899 0.517884 -0.243491 -0.214513 0.088142 -0.269144 0.101561 0.135031 -0.023378 -0.182886 0.096226 -0.198099 0.174264 0.081370 -0.196157 -0.231489 0.338775 0.213465 -0.073104 0.077974 0.075683 -0.095847 -0.093863 0.047655 0.038903 0.257679 -0.507497 -0.460454 -0.470175 -0.307545 -0.363105 -0.548927 -0.074423 -0.447618 0.155618 -0.116345 -0.319613 -0.236215 -0.459301 -0.180891 0.181033 0.090503 -0.016374 0.017589 -0.010571 -0.271074 -0.006598 0.025831 -0.017845 0.118102 0.111128 0.028017 -0.053465 -0.096062 0.121411 0.182924 -0.027779 0.138600 -0.190036 -0.009823 -0.083867 -0.035872 -0.039590 -0.035079 0.230472 -0.103350 0.229055 0.225881 0.023732 0.150334 -0.240988 -0.260371 -0.222969 -0.170174 -0.123540 0.290445 -0.186404 0.037545 -0.188807 0.247539 0.231806 0.037476 0.052697 -0.199208 0.109484 0.001333
-0.544385 -0.439327 -0.013625 -0.056495 0.006373 0.284927 0.066506 0.065208 -0.006287 0.176858 -0.100366 -0.095166 -0.186496 -0.039095 -0.225063 -0.103313 -0.136774 0.064188 -0.324468 -0.493015 -0.446358 -0.387649 0.487789 0.436888 1.000000 0.794771 -0.276874 0.105798 -0.122697 -0.062940 0.394790 0.192812 -0.059258 -0.245889 0.008633 -0.047685 0.138742 0.200698 0.033403 -0.251553 0.115007 -0.315760 0.214953 -0.125339 -0.023098 0.041589 0.266106 0.151678 -0.064964 0.012233 0.319217 0.179454 0.055465 0.218947 0.136684 0.248306 -0.605398 -0.559950 -0.304683 -0.421316 -0.437145 -0.313909 -0.146399 -0.402743 -0.114973 -0.023398 -0.193617 -0.047910 -0.322945 -0.126343 0.123060 0.265332 0.089509 0.003647 0.123294 -0.015229 0.040028 0.040068 -0.068357 -0.039979 -0.236185 -0.229764 -0.127104 -0.246164 -0.120489 0.022319 -0.034610 0.193639 -0.448757 -0.134080 0.211272 0.290866 0.144817 0.237790 -0.253398 0.019275 0.134062 0.435278 -0.041492 0.247737 0.014514 -0.002183 -0.043319 0.077897 0.273846 0.371880 0.167533 0.092403 0.094876 0.476465 0.445129 0.330654 0.068146 0.028741 0.354294 0.117685
-0.500482 -0.679391 -0.062860 0.036793 0.081914 0.139533 -0.090756 -0.106306 -0.055747 0.138046 -0.010612 -0.234694 -0.138486 -0.009251 -0.138028 0.025945 -0.116657 0.036611 -0.332242 -0.515976 -0.370064 -0.150079 0.545330 0.543566 0.794771 1.000000 -0.274572 -0.010185 0.053095 -0.021074 0.414121 0.427787 -0.190501 -0.304050 0.257007 0.072848 0.246114 0.291780 0.281850 0.023537 0.231742 -0.156814 0.281131 0.052458 -0.142656 -0.157547 0.448678 0.284628 -0.250132 -0.092563 0.084907 -0.084980 -0.064454 0.084598 0.174769 0.468606 -0.534695 -0.627637 -0.414836 -0.440029 -0.394748 -0.390619 -0.256802 -0.549585 0.062966 0.029035 -0.325356 -0.037669 -0.532897 -0.285314 0.259744 0.376139 0.102691 0.084888 0.128191 -0.101876 0.103712 0.256477 0.086499 0.117552 -0.022351 -0.089663 -0.011477 -0.044483 0.192967 0.169657 -0.097878 0.235132 -0.348800 -0.108404 -0.045979 0.108286 0.054624 0.082081 -0.056640 0.111627 0.365729 0.482299 0.089536 0.299375 -0.115996 -0.177063 -0.149246 -0.149588 0.108059 0.275846 0.062311 0.015368 -0.014504 0.543800 0.404026 0.188192 0.112827 -0.138243 0.260641 -0.021597
0.467594 0.242520 0.251169 0.235345 0.364320 0.682266 0.185222 0.196956 -0.014506 -0.070817 -0.391785 -0.399030 -0.418907 -0.547412 0.064193 -0.040017 -0.379645 -0.639578 0.662835 0.596500 0.402825 0.385162 -0.291347 -0.205229 -0.276874 -0.274572 1.000000 0.494655 -0.630816 -0.511289 -0.549403 -0.610245 0.006994 -0.011058 -0.035539 -0.289520 -0.294459 -0.460107 0.083813 0.280082 -0.320905 -0.273216 -0.198805 -0.255309 0.156848 -0.016471 -0.279800 -0.240502 0.291505 0.226481 0.092261 0.031286 -0.064739 -0.427421 0.359575 -0.008728 0.337673 -0.036890 0.446139 0.165630 0.379730 0.197126 0.177625 -0.078959 0.131371 0.174143 0.376898 0.142490 0.222947 0.190821 -0.158179 -0.011040 -0.499868 -0.305131 -0.382327 -0.184572 -0.289430 -0.364624 -0.287834 -0.543254 -0.424582 -0.469129 0.136689 -0.202768 -0.195625 -0.186137 0.333446 0.112270 0.581252 0.246733 -0.137353 -0.177004 0.062059 -0.106998 -0.173225 0.154955 -0.460079 -0.026916 -0.382625 -0.310852 -0.196697 0.001661 -0.065270 0.150300 0.161235 -0.065134 0.345373 0.415721 0.305927 0.041902 -0.312897 -0.272822 -0.013797 -0.020559 -0.115615 0.069966
0.131393 0.134673 0.072813 -0.065718 0.282714 0.509002 -0.046305 0.067676 0.213711 0.111632 -0.315611 -0.357337 -0.320857 -0.296534 0.179507 0.040147 -0.272557 -0.369862 0.407982 0.474176 0.056949 0.160392 -0.193368 -0.208079 0.105798 -0.010185 0.494655 1.000000 -0.486348 -0.292620 -0.404111 -0.486964 0.092447 -0.067157 -0.207450 -0.163798 -0.152252 -0.110495 0.149965 0.164075 -0.053693 -0.154735 -0.297589 -0.273617 -0.028852 0.016182 -0.390864 -0.203655 0.189800 0.181980 0.132715 0.125929 -0.059339 -0.221761 0.135455 -0.099488 0.106642 -0.136464 0.301019 0.109512 0.144994 0.249618 -0.020166 -0.108403 0.031697 0.096849 0.048149 0.068263 0.199337 0.159095 -0.077339 0.094395 -0.243605 -0.014901 -0.176132 0.035591 -0.308240 -0.162290 -0.319140 -0.329111 -0.302590 -0.459870 0.391883 0.038412 -0.123488 -0.295483 0.423838 0.347230 0.144331 0.056801 0.026457 0.092255 0.095260 0.067704 -0.483515 0.207081 -0.421935 0.064884 -0.389515 -0.108832 -0.158375 0.128185 0.019034 0.228019 0.106900 -0.077869 0.518311 0.273607 0.308281 0.173439 -0.138928 -0.039202 -0.079521 0.154472 0.220557 0.038469
-0.231057 -0.270753 -0.444914 -0.265703 -0.303523 -0.683694 -0.314607 -0.376685 -0.084100 -0.118712 0.588127 0.522629 0.421528 0.539188 0.059661 0.180403 0.733469 0.810795 -0.498401 -0.343655 -0.222535 -0.178086 0.169138 0.194171 -0.122697 0.053095 -0.630816 -0.486348 1.000000 0.795506 0.537355 0.667606 0.156977 0.210046 0.255894 0.069744 0.513579 0.526853 0.205307 -0.065517 0.604309 0.571123 0.080363 0.344034 -0.169402 -0.122662 0.427601 0.076222 -0.404864 -0.299392 -0.349588 -0.389765 -0.001136 0.322808 -0.143136 0.196283 -0.068453 0.099428 -0.602718 -0.176541 -0.203301 -0.175535 -0.036970 0.144967 -0.100708 -0.304072 -0.508122 -0.449736 -0.298676 -0.334534 0.288004 0.114631 0.732154 0.513306 0.580124 0.219904 0.540227 0.473989 0.569952 0.760658 0.708284 0.732643 0.067881 0.473370 0.474962 0.439497 -0.110970 -0.047710 -0.258022 -0.096512 -0.276484 -0.293257 -0.516310 -0.284463 0.242625 -0.110929 0.467158 -0.040498 0.338622 0.232401 -0.146881 -0.299777 -0.197104 -0.561900 -0.480099 -0.144815 -0.525761 -0.445830 -0.355595 -0.124000 0.067838 0.063969 -0.115394 -0.162970 0.079995 0.051628
-0.097139 -0.039010 -0.597660 -0.444324 -0.410973 -0.584345 -0.400344 -0.423945 -0.181471 -0.197062 0.336386 0.450954 0.056529 0.445696 -0.114372 0.106916 0.744970 0.836149 -0.293640 -0.104177 -0.194584 -0.311345 -0.075703 -0.094778 -0.062940 -0.021074 -0.511289 -0.292620 0.795506 1.000000 0.507555 0.508882 0.349697 0.314798 0.198420 0.033427 0.475929 0.616722 0.270402 -0.057718 0.501615 0.564090 0.059841 0.309045 0.060626 0.027723 0.287507 -0.107343 -0.282333 -0.182810 -0.224954 -0.297639 -0.123626 0.319965 -0.098993 0.178073 0.129842 0.040626 -0.466332 -0.226105 0.000874 0.061870 0.212055 0.315441 -0.211303 -0.152490 -0.488986 -0.540051 -0.314992 -0.528042 0.269146 0.092773 0.839491 0.666382 0.757424 0.393632 0.674278 0.532417 0.633211 0.781897 0.568568 0.745876 0.007230 0.567002 0.226735 0.391486 -0.089338 0.050330 -0.246755 -0.139773 -0.336415 -0.365015 -0.556214 -0.297663 -0.090977 0.111631 0.184057 0.086720 0.094564 0.311578 -0.184940 -0.231014 -0.114561 -0.502040 -0.441838 -0.257757 -0.277812 -0.499103 -0.133884 0.038574 0.025028 0.230167 -0.035286 0.004526 0.206814 0.149400
-0.508948 -0.582665 -0.296716 -0.110289 -0.274018 -0.407267 -0.197486 -0.265692 -0.216518 -0.033921 0.182393 0.191608 0.172287 0.407168 -0.195557 0.100779 0.268963 0.551535 -0.495576 -0.628238 -0.365260 -0.401478 0.657704 0.541899 0.394790 0.414121 -0.549403 -0.404111 0.537355 0.507555 1.000000 0.699406 -0.089720 -0.169681 0.064748 -0.192487 0.542869 0.593115 0.229120 -0.205200 0.373424 0.071975 0.100844 0.090254 -0.081127 -0.272544 0.441436 -0.141724 -0.058486 -0.086138 -0.054686 -0.238090 -0.187180 0.244366 0.105344 0.448363 -0.453057 -0.374193 -0.422014 -0.176596 -0.223526 -0.191991 -0.135369 -0.272679 0.079310 0.012535 -0.272067 -0.471725 -0.515884 -0.508323 0.376233 0.116555 0.567023 0.385439 0.534501 0.076228 0.509427 0.300522 0.326751 0.441931 0.298354 0.377947 -0.317631 0.068184 -0.059007 0.224126 -0.297490 -0.016080 -0.334866 0.073291 -0.179853 -0.181063 -0.168283 -0.037076 0.052657 0.019413 0.428040 0.255908 0.170117 0.310807 -0.083451 -0.312121 -0.128507 -0.350199 -0.044162 0.317917 -0.294412 -0.273001 -0.097308 0.325035 0.168638 0.259784 0.110346 0.176605 0.364224 0.098138
-0.421801 -0.531895 -0.139694 -0.012108 -0.311954 -0.531076 -0.024041 -0.157603 -0.186961 -0.124630 0.499225 0.369683 0.363494 0.494863 -0.099792 0.019061 0.391943 0.502631 -0.496376 -0.542491 -0.226527 -0.271217 0.532166 0.517884 0.192812 0.427787 -0.610245 -0.486964 0.667606 0.508882 0.699406 1.000000 -0.055855 0.115878 0.354487 0.120222 0.352864 0.454830 0.213069 -0.074785 0.286626 0.171884 0.265842 0.374909 -0.157391 -0.095693 0.499788 0.165109 -0.394748 -0.212710 -0.235635 -0.278074 -0.029547 0.245616 -0.098720 0.294743 -0.341199 -0.301363 -0.628962 -0.392807 -0.278382 -0.372657 -0.068491 -0.177899 0.086271 -0.081298 -0.492164 -0.319710 -0.587116 -0.406332 0.371492 0.084562 0.485699 0.305087 0.466914 0.020613 0.415822 0.414388 0.451512 0.537631 0.505719 0.494727 -0.059815 0.181425 0.364931 0.418589 -0.200068 0.006867 -0.281104 -0.172506 -0.165971 -0.159574 -0.244287 -0.178924 0.186716 0.063573 0.495416 0.111623 0.318471 0.238034 -0.125248 -0.309605 -0.204414 -0.474254 -0.350039 0.035664 -0.490013 -0.478011 -0.356790 0.153203 0.204219 0.049704 0.070633 -0.200699 -0.031617 -0.065786
0.356675 0.324329 -0.188499 -0.161714 -0.052291 0.049400 0.005964 -0.110436 0.192015 0.084221 0.082745 0.317432 0.035422 0.218453 0.158622 0.088498 0.279668 0.317625 0.318898 0.352992 -0.145153 -0.336406 -0.236791 -0.243491 -0.059258 -0.190501 0.006994 0.092447 0.156977 0.349697 -0.089720 -0.055855 1.000000 0.735865 0.045442 -0.207258 -0.117452 -0.101275 -0.052018 -0.291431 0.148537 0.020148 -0.007519 0.162179 0.064753 0.144979 0.019803 -0.291983 0.049709 -0.170975 0.237088 -0.022933 0.071427 -0.057908 0.099233 -0.077437 0.333586 0.079418 -0.132094 -0.165285 0.101810 0.108032 0.503523 0.556861 -0.212056 -0.224362 0.079253 -0.202967 0.179416 -0.075545 -0.195321 -0.178216 0.248293 0.248254 0.213205 0.181936 0.229128 0.019094 0.189977 0.249895 0.134333 0.245915 0.172356 0.238019 0.029831 0.101523 0.313439 0.145567 0.023786 -0.186809 -0.344430 -0.359273 -0.572888 -0.513839 -0.252571 0.167855 -0.122315 -0.036941 -0.233919 -0.151726 -0.329804 -0.326718 -0.127156 -0.349262 -0.259303 -0.365061 -0.097278 -0.330132 0.062940 -0.060426 -0.171546 -0.133444 -0.403407 -0.182214 0.096968 0.278503
0.346547 0.382165 -0.019348 -0.080470 -0.182702 -0.085152 0.244419 0.046152 -0.015169 -0.136744 0.287796 0.395075 0.143959 0.205674 -0.009695 -0.190898 0.333500 0.274379 0.209027 0.257176 -0.143086 -0.377870 -0.286361 -0.214513 -0.245889 -0.304050 -0.011058 -0.067157 0.210046 0.314798 -0.169681 0.115878 0.735865 1.000000 0.334203 0.121712 -0.189854 -0.115340 -0.077797 -0.170727 -0.043452 -0.012733 0.159169 0.385512 0.051367 0.185620 0.025613 -0.067035 -0.172998 -0.321615 -0.071067 -0.183574 0.083313 0.083746 -0.176955 -0.162369 0.360181 0.240484 -0.242781 -0.305056 0.118554 0.064137 0.424190 0.630735 -0.240497 -0.234751 -0.083323 -0.081278 0.021091 -0.090095 -0.251375 -0.252686 0.212521 0.081596 0.192061 0.085922 0.156301 0.018434 0.223347 0.233632 0.228409 0.360486 0.069271 0.073102 0.110952 0.110639 0.080695 -0.106507 -0.023822 -0.408589 -0.206948 -0.210823 -0.443080 -0.347730 0.007792 0.141014 -0.058866 -0.115012 0.003468 -0.002647 -0.230007 -0.182731 -0.195410 -0.254453 -0.443590 -0.450399 -0.178395 -0.431663 -0.024981 -0.181528 -0.074861 -0.069273 -0.131065 -0.184378 -0.160229 0.045389
-0.113336 -0.314192 -0.247983 -0.274305 -0.155296 -0.127429 -0.122694 -0.385970 -0.370433 -0.384284 0.307206 0.009881 -0.084986 -0.101481 -0.321049 -0.349180 0.274100 0.282824 -0.215677 -0.215930 0.032752 -0.002662 0.021649 0.088142 0.008633 0.257007 -0.035539 -0.207450 0.255894 0.198420 0.064748 0.354487 0.045442 0.334203 1.000000 0.439766 0.275649 0.347114 0.179656 0.117338 0.152312 0.239516 0.409078 0.436843 0.010791 -0.060684 0.531428 0.341530 -0.518318 -0.331274 -0.373576 -0.393963 -0.096449 0.065278 -0.004862 0.260558 -0.063314 -0.027301 -0.488285 -0.486725 -0.131210 -0.267364 -0.102602 -0.137546 0.059823 -0.058687 -0.223340 0.032552 -0.438394 -0.229914 0.192639 0.166216 0.287314 0.245979 0.432328 0.085571 0.491790 0.415404 0.544009 0.379840 0.287007 0.369624 -0.127698 -0.141185 0.426205 0.360825 -0.215023 -0.189028 -0.062861 -0.300656 -0.175817 -0.217673 -0.204978 -0.206030 0.174905 0.256435 0.457552 0.327326 0.410749 0.251552 -0.282446 -0.288921 -0.444392 -0.511545 -0.422939 -0.180576 -0.200724 -0.278320 -0.011075 0.173289 0.287557 0.125763 0.203858 -0.056229 0.044592 0.124712
-0.094672 -0.009801 -0.040820 -0.285639 -0.413784 -0.330589 -0.017198 -0.126943 -0.369914 -0.363955 0.029977 -0.123815 -0.018994 -0.062017 -0.369756 -0.461636 0.036282 0.068525 -0.229656 -0.214963 -0.003328 0.024841 -0.189345 -0.269144 -0.047685 0.072848 -0.289520 -0.163798 0.069744 0.033427 -0.192487 0.120222 -0.207258 0.121712 0.439766 1.000000 0.053455 0.210545 -0.013652 0.183317 -0.071670 0.251863 0.246879 0.370544 0.028814 0.184831 0.012972 0.346100 -0.350245 -0.279769 -0.235506 -0.045916 -0.167356 0.173101 -0.444400 -0.110055 0.018660 0.081703 -0.029137 -0.186684 -0.010227 0.055345 -0.298062 0.016648 -0.018361 0.164387 -0.050531 0.560824 -0.143479 -0.040605 -0.031123 0.160498 0.084556 -0.004105 0.170748 0.139813 0.104954 0.336005 0.135304 0.196825 0.020380 0.104755 -0.224177 -0.138434 0.077924 -0.055397 -0.471288 -0.384425 -0.329608 -0.397997 0.180690 0.334373 0.203798 0.350263 0.266522 -0.051213 0.330868 -0.083556 0.407603 0.187065 0.342743 0.348233 -0.005967 0.181192 -0.137715 -0.042709 -0.025488 -0.228623 -0.112326 -0.060685 0.330503 0.116686 0.238559 0.120674 -0.076735 -0.268140
