1.000000 0.242144 -0.243410 -0.273744 0.059789 -0.316211 0.114593 -0.229381 -0.131542 -0.087639 0.537348 0.015882 0.613394 0.279204 0.237012 0.069157 0.509870 0.478083 0.317390 0.371512 -0.057893 -0.090824 -0.514948 -0.490300 -0.299698 -0.437741 -0.172240 -0.322854 0.525966 0.263925 -0.119558 -0.343799 -0.073382 0.128343 -0.166883 -0.188962 0.378421 -0.094257 -0.222209 -0.119858 -0.020872 0.078083 -0.169892 -0.303469 -0.075913 -0.151883 0.054954 -0.146318 0.360960 -0.007825 -0.142169 0.188790 0.330733 0.223646 -0.010513 -0.242670 0.002750 0.020132 0.249544 -0.285095 0.442411 0.214428 0.508381 0.099772 -0.156824 -0.016019 -0.196413 -0.353076 -0.130309 -0.299914 -0.074553 0.125785 0.473230 0.329413 0.266773 0.279026 0.279942 0.083263 0.065155 -0.089145 0.056078 0.208411 -0.065429 0.077944 0.034197 -0.289550 -0.163323 -0.228970 -0.428072 -0.258918 0.247809 0.315232 0.090423 0.277523 -0.142544 -0.016642 -0.262433 -0.105371 0.331922 0.190609 0.039493 0.350357 -0.002104 0.109896 0.137048 0.110460 0.115174 -0.059038 -0.211966 0.016758 -0.210535 0.092107 0.195687 0.035430 0.205617 -0.036805
0.242144 1.000000 -0.264777 0.267305 0.023238 0.145287 -0.210088 0.077248 -0.016998 0.224555 0.181435 0.241162 0.096071 0.034001 -0.128142 0.220911 -0.024642 0.181703 0.198441 0.096154 -0.040218 0.061993 -0.257595 -0.258941 -0.122190 -0.107427 -0.125618 -0.002842 -0.113352 0.059491 -0.184257 -0.160866 0.133131 0.067277 -0.121410 -0.102278 -0.180787 -0.184815 -0.500603 -0.083004 -0.315140 0.030980 0.024750 -0.102338 0.005456 -0.071016 0.051114 -0.070204 0.191377 0.124920 0.058617 0.235790 0.115521 0.010968 -0.079718 -0.167019 -0.255841 0.016505 0.067335 0.132597 -0.083747 0.190195 0.063412 -0.039553 -0.073668 0.290626 0.102687 -0.090346 0.128025 0.241743 -0.210088 -0.143755 -0.063412 0.066636 -0.010881 0.096689 0.187301 -0.066335 0.143101 -0.149309 0.192170 0.041103 -0.260642 -0.050394 0.058132 -0.154740 -0.094918 0.076669 -0.075661 0.159244 0.127161 -0.154512 0.105241 -0.137050 -0.246996 -0.171427 -0.179199 -0.169467 0.220887 -0.098478 -0.024622 -0.062413 0.028718 -0.098004 0.014929 0.003072 -0.273134 -0.163734 -0.230418 0.033977 -0.267880 -0.186364 0.021243 -0.197895 0.096152 -0.387508
-0.243410 -0.264777 1.000000 0.316863 0.413653 0.341738 0.577606 0.646782 0.462307 0.298026 -0.272378 0.314630 -0.011445 0.141420 -0.128506 0.232888 -0.441604 -0.506246 0.153094 -0.304453 0.228048 0.194687 0.329403 0.290225 0.529342 0.408822 0.302985 0.299044 -0.487055 -0.359151 0.431597 0.370953 -0.335655 -0.046253 -0.136958 0.162097 -0.271614 -0.059934 -0.010432 0.098882 -0.112264 -0.235931 -0.096189 -0.041731 -0.029121 0.283010 -0.310928 -0.151390 -0.249814 -0.147873 -0.003292 -0.398802 -0.428564 -0.477145 -0.393622 -0.177083 -0.331257 -0.559754 -0.063427 -0.157719 0.041814 -0.212117 -0.448928 -0.371923 0.218975 0.305584 -0.157045 0.307513 -0.369957 0.100243 -0.170320 -0.095296 -0.351505 -0.093093 -0.300877 -0.229967 -0.238810 -0.060644 -0.220929 -0.521167 -0.234426 -0.438895 -0.457164 -0.139480 -0.415515 -0.373418 -0.254813 -0.003830 -0.001196 -0.138476 0.038533 0.292491 0.316594 0.264844 -0.011464 0.106362 -0.068969 0.071075 -0.309774 -0.018502 0.218787 -0.046562 0.318795 0.062847 0.053461 0.109668 -0.036743 0.013146 0.093035 -0.131584 0.159542 0.010761 0.052929 -0.050375 -0.083252 0.114206
-0.273744 0.267305 0.316863 1.000000 0.089113 0.260746 0.274472 0.530558 0.427050 0.333171 -0.016451 0.447002 -0.156138 0.149865 0.047287 0.435441 -0.436458 -0.086958 0.162070 -0.111423 0.222662 0.095083 0.223172 0.260427 0.340734 0.216575 0.034699 0.077721 -0.267908 0.066962 0.200085 0.399238 -0.296966 0.062200 -0.064698 0.136484 -0.306480 0.114484 0.118087 0.357536 -0.030295 0.168083 -0.105856 -0.148416 0.006463 0.086726 -0.274536 -0.091990 -0.248339 -0.036771 -0.130280 -0.258784 -0.459155 -0.441674 -0.236093 -0.011297 -0.534849 -0.607784 -0.279052 0.007147 -0.101053 -0.144572 -0.273958 -0.385130 0.376808 0.481570 -0.251100 -0.043997 -0.449411 0.302241 -0.208209 -0.056013 -0.147853 0.076054 0.016425 -0.130094 -0.077098 0.062116 -0.217470 -0.417095 -0.161900 -0.399691 -0.192158 0.342214 -0.278236 -0.267037 0.014188 0.302605 0.187548 0.237811 0.088864 -0.122275 0.333482 -0.071463 -0.085338 0.155008 -0.057856 0.013934 -0.235927 -0.297182 0.016505 -0.081582 0.219666 0.036043 -0.212796 -0.034084 -0.334610 -0.155025 0.065823 0.112516 -0.027502 -0.310639 -0.027999 0.022109 -0.145707 -0.078155
0.059789 0.023238 0.413653 0.089113 1.000000 -0.046188 0.407769 0.278625 0.678277 0.328736 0.242679 0.248773 0.058791 0.166290 0.176155 0.322155 -0.088045 0.141357 0.119756 -0.011485 0.086741 -0.009856 0.126659 0.083266 0.352450 0.015816 0.237743 -0.091975 0.048995 0.108533 0.271246 0.158447 -0.243379 0.135947 0.140047 0.179122 0.175465 0.108426 0.024878 0.215302 -0.012672 -0.085405 -0.353684 -0.457191 -0.189322 0.009164 -0.331413 -0.310449 -0.180196 -0.248133 -0.020483 -0.194419 -0.048447 -0.122547 -0.277233 -0.319424 -0.248392 -0.309432 0.095868 -0.325432 0.270212 -0.048828 0.053299 -0.200392 0.339794 0.219409 -0.276479 -0.052473 -0.189958 0.094010 -0.159018 -0.073604 0.175457 -0.035524 -0.045469 0.162960 0.060420 0.092440 0.003622 -0.178986 -0.015880 -0.128612 -0.129603 0.175136 -0.125658 -0.239047 -0.078334 -0.117148 -0.166706 -0.071319 0.108748 0.237153 0.396507 0.262083 -0.129684 -0.067304 -0.290854 -0.267377 -0.009889 -0.124955 0.214496 -0.030162 0.209130 0.059633 -0.260747 -0.005453 0.035501 -0.030922 -0.062111 -0.129631 -0.074879 -0.114521 0.031721 0.042735 0.154979 0.058702
-0.316211 0.145287 0.341738 0.260746 -0.046188 1.000000 -0.167718 0.459066 -0.027814 0.570241 -0.429516 0.288035 -0.134245 -0.311281 -0.354742 -0.007388 -0.422035 -0.618584 -0.291776 -0.269763 0.220898 0.370090 0.355417 0.395436 0.475957 0.747981 0.321303 0.771953 -0.632698 -0.313733 -0.017447 0.393435 -0.097506 -0.232634 -0.035408 0.394521 -0.600544 -0.015171 -0.092240 0.132278 -0.272167 0.008955 -0.103094 0.161903 0.002749 0.340339 -0.384385 -0.011722 -0.021156 -0.007486 0.475806 0.182080 -0.188192 -0.187726 -0.032266 -0.025448 -0.218606 -0.269147 -0.191815 0.004579 -0.296539 -0.337678 -0.482582 -0.320712 -0.034772 0.323384 -0.020145 0.589821 -0.133031 0.506341 -0.044448 -0.007039 -0.493310 -0.137205 -0.386611 -0.112084 -0.098474 0.093053 -0.317628 -0.279841 -0.406432 -0.486876 -0.337828 -0.303681 -0.426517 -0.330787 0.003661 0.208653 0.086447 -0.077596 -0.139803 -0.071358 0.156148 0.001985 0.088096 0.144474 0.151097 0.182043 -0.435109 -0.406312 -0.021583 -0.252507 0.194774 -0.091368 -0.012093 0.014274 -0.278388 -0.236036 0.356746 -0.043533 0.330343 -0.288351 -0.052279 0.079220 -0.204929 0.141671
0.114593 -0.210088 0.577606 0.274472 0.407769 -0.167718 1.000000 0.545910 0.616304 0.146706 0.125440 0.418075 0.257823 0.546417 0.287877 0.481215 -0.074019 0.091369 0.291053 -0.411279 0.091359 -0.058427 -0.065154 -0.151373 0.241770 -0.120693 -0.057989 -0.289518 -0.010579 0.045631 0.269536 0.191551 -0.438084 0.158977 -0.079430 0.031657 0.140974 -0.020327 0.046245 0.127617 0.151279 -0.119776 -0.325087 -0.474190 -0.157825 -0.015267 -0.304131 -0.279258 -0.206155 -0.219678 -0.247051 -0.434911 -0.303133 -0.269710 -0.485441 -0.239977 -0.122969 -0.505606 0.065902 -0.386167 0.648897 0.175853 -0.067987 -0.173415 0.552592 0.442612 -0.408947 -0.280342 -0.443635 -0.152067 -0.286163 0.118475 0.134513 0.033042 -0.110530 -0.089243 -0.125309 -0.067907 0.049443 -0.339869 -0.084641 -0.116627 -0.298424 0.311262 -0.280145 -0.284508 -0.261706 -0.158756 -0.142975 0.055502 0.234243 0.269777 0.236059 0.139646 -0.259472 0.128046 -0.283824 -0.209527 -0.200769 0.083468 0.187864 0.082332 0.223655 0.113497 -0.097167 0.113077 -0.002879 -0.019810 -0.205829 -0.120241 -0.202466 -0.070174 -0.001260 -0.069623 -0.104030 0.196412
-0.229381 0.077248 0.646782 0.530558 0.278625 0.459066 0.545910 1.000000 0.444267 0.564792 -0.183758 0.733429 0.019406 0.413159 -0.096643 0.625595 -0.429283 -0.273180 0.087315 -0.450345 0.353508 0.084827 -0.059647 -0.113775 0.339041 0.251388 -0.017863 0.126094 -0.547515 0.018133 0.228283 0.278833 -0.416447 0.122544 -0.195978 0.188037 -0.243873 0.221844 -0.124861 0.271320 -0.083374 -0.014298 -0.142128 -0.130194 -0.056918 0.262053 -0.382009 -0.106687 -0.196269 -0.037229 -0.097763 -0.279076 -0.473053 -0.477863 -0.582722 -0.042157 -0.368145 -0.695317 -0.229669 -0.322809 0.178051 -0.106531 -0.366252 -0.421343 0.299893 0.769823 -0.423375 0.146718 -0.490952 0.240420 -0.249264 0.157757 -0.149129 0.059816 -0.138161 -0.016767 0.075329 0.189896 -0.202388 -0.511632 -0.347816 -0.503184 -0.672013 0.065922 -0.640221 -0.576148 -0.498487 0.023835 -0.206384 -0.106655 0.180375 0.248485 0.438095 0.140158 -0.112633 0.196192 -0.090561 0.025718 -0.226149 0.032516 0.339194 0.040205 0.374354 0.044353 -0.076463 0.041882 -0.092855 -0.032653 0.156323 0.027251 0.002264 -0.022239 -0.065336 -0.172130 -0.154323 0.147726
-0.131542 -0.016998 0.462307 0.427050 0.678277 -0.027814 0.616304 0.444267 1.000000 0.335150 0.032986 0.434785 0.118184 0.281913 0.283758 0.589225 -0.106429 0.063690 0.299829 -0.268262 0.033573 -0.106820 0.231264 0.120998 0.415505 0.042782 0.136591 -0.145424 -0.066028 0.179843 0.151794 0.265980 -0.319820 0.131250 -0.037581 0.107559 0.088437 0.120156 0.178045 0.238596 0.129432 0.060585 -0.416029 -0.526337 -0.229667 -0.073198 -0.441633 -0.353700 -0.286578 -0.235452 -0.142515 -0.382959 -0.320222 -0.259776 -0.467870 -0.259974 -0.213696 -0.430387 0.042920 -0.308315 0.282248 -0.019124 -0.037103 -0.151788 0.439528 0.384292 -0.391478 -0.203424 -0.307577 0.108974 -0.418987 -0.009395 0.116444 -0.104362 -0.046442 0.042270 -0.036192 0.038242 0.018724 -0.235257 0.063872 -0.090115 -0.158716 0.354196 -0.354740 -0.215567 -0.087332 -0.071082 -0.185636 0.024841 0.097639 0.125097 0.424878 0.183971 -0.177826 0.073228 -0.287852 -0.257039 -0.303491 -0.181344 0.271394 -0.027281 0.367991 0.157045 -0.327342 0.032795 -0.120114 -0.148092 -0.014042 -0.073379 -0.211363 -0.350977 -0.069376 0.163353 -0.001822 0.064162
-0.087639 0.224555 0.298026 0.333171 0.328736 0.570241 0.146706 0.564792 0.335150 1.000000 -0.033539 0.441444 0.089324 0.055766 -0.051516 0.365749 -0.151303 -0.188024 0.032124 -0.167244 0.033426 -0.085156 -0.013623 0.066561 0.304156 0.185060 0.023553 0.116920 -0.282722 0.019645 -0.014209 0.122405 -0.247552 -0.052694 -0.114357 0.271581 -0.258316 0.069062 -0.170168 0.251271 -0.150545 0.015527 -0.323564 -0.251519 -0.239073 0.122276 -0.513482 -0.295575 -0.169233 -0.133953 0.026787 -0.029632 -0.164721 -0.221307 -0.202145 -0.201020 -0.202076 -0.350867 -0.033558 -0.081299 -0.001364 -0.134567 -0.071776 -0.170876 0.084053 0.491617 -0.088121 0.245188 -0.152693 0.434051 -0.174080 -0.034607 -0.055271 -0.099809 -0.173617 0.115274 0.067775 0.134524 -0.272023 -0.184825 -0.255130 -0.290015 -0.479526 0.022320 -0.383807 -0.373674 -0.216168 -0.084797 -0.233824 0.020673 0.054965 0.100083 0.483758 0.077098 -0.305821 0.201876 -0.252578 -0.176761 -0.201500 -0.287926 0.154674 -0.016675 0.310446 0.107036 -0.188085 0.039212 -0.122285 -0.180183 0.211513 -0.038023 -0.069868 -0.283092 0.094137 0.153601 -0.110222 0.178860
0.537348 0.181435 -0.272378 -0.016451 0.242679 -0.429516 0.125440 -0.183758 0.032986 -0.033539 1.000000 0.241469 0.437312 0.303427 0.475701 0.261838 0.243827 0.610192 0.185889 0.316579 0.066873 -0.028693 -0.319419 -0.300880 -0.306634 -0.445724 -0.160962 -0.347077 0.649958 0.504732 0.058145 -0.079510 -0.122473 0.282470 0.146990 0.039549 0.458576 0.163196 0.013401 0.000295 0.010927 0.147062 -0.166074 -0.239948 -0.097404 -0.135217 0.037671 -0.009012 -0.111409 -0.122115 -0.401559 -0.106686 0.095229 0.189178 -0.087892 -0.156941 -0.256253 -0.116440 -0.060371 -0.454370 0.386970 0.006592 0.342520 -0.152889 0.286285 0.051442 -0.434598 -0.432634 -0.081436 -0.205203 -0.191588 0.168098 0.626122 0.259347 0.380884 0.491563 0.451187 0.332734 0.108183 0.092338 -0.011518 0.115584 0.211443 0.552270 0.260778 0.016449 0.020304 -0.130156 -0.085742 0.021941 0.076326 0.055293 0.149729 0.084548 -0.090822 -0.029212 -0.253670 -0.187724 0.183894 0.029423 -0.009601 0.064646 -0.268280 -0.146803 -0.233450 -0.143546 -0.027091 -0.089125 -0.155267 0.293731 -0.056801 -0.078630 0.052522 -0.057870 0.294847 -0.194708
0.015882 0.241162 0.314630 0.447002 0.248773 0.288035 0.418075 0.733429 0.434785 0.441444 0.241469 1.000000 0.213779 0.392787 0.063736 0.688037 -0.287619 0.067323 0.084581 -0.249897 0.462677 0.199642 -0.178718 -0.218834 0.084064 0.122573 -0.051845 0.123267 -0.277241 0.368984 0.030016 0.278651 -0.407801 0.279547 -0.108243 0.299781 0.025069 0.392989 -0.058310 0.352726 -0.141157 0.270627 -0.206890 -0.167229 0.007149 0.283781 -0.322828 -0.026394 -0.137070 0.046611 -0.143826 -0.222319 -0.478001 -0.382012 -0.666624 -0.101344 -0.542205 -0.681429 -0.329275 -0.612125 0.237410 -0.237716 -0.159782 -0.564363 0.347494 0.759205 -0.681731 0.013852 -0.478905 0.143722 -0.357115 0.320540 0.139808 0.283885 0.202412 0.384273 0.495198 0.508434 -0.115734 -0.413279 -0.345222 -0.397708 -0.472951 0.395698 -0.634835 -0.516812 -0.397688 0.093681 -0.288421 -0.114166 0.130945 0.115952 0.490986 0.115345 0.003186 0.236317 -0.017234 0.022243 -0.205593 -0.005089 0.352675 -0.010284 0.159395 -0.099589 -0.213106 -0.123699 -0.170192 -0.222385 0.152762 0.347319 0.076773 -0.207012 -0.103639 -0.022444 0.153347 0.003556
0.613394 0.096071 -0.011445 -0.156138 0.058791 -0.134245 0.257823 0.019406 0.118184 0.089324 0.437312 0.213779 1.000000 0.577796 0.462792 0.364360 0.394353 0.231477 0.523299 0.112859 -0.191336 -0.262224 -0.362710 -0.403503 -0.056051 -0.412648 0.034006 -0.275571 0.352499 0.165768 -0.288891 -0.395825 0.109365 0.080687 -0.305885 -0.173576 0.286594 -0.135635 -0.112656 -0.177953 -0.087956 0.008340 -0.031248 -0.180678 -0.200807 -0.229874 0.030906 0.038701 0.105646 -0.151592 -0.255337 -0.048335 0.124820 0.034484 -0.122719 -0.126432 0.004848 -0.021275 0.338658 -0.330524 0.528957 0.228103 0.218768 0.102135 -0.161531 0.128473 -0.301622 -0.296702 -0.023200 -0.162915 -0.321253 -0.005464 0.316429 0.125429 0.062930 0.236408 0.150360 0.035865 0.055083 -0.040939 0.008822 0.129700 -0.043076 0.185432 -0.152986 -0.253515 -0.159120 -0.282677 -0.434458 -0.276822 0.306562 0.299276 0.064144 0.239593 -0.168098 0.061912 -0.208294 -0.067664 0.164177 0.138795 0.048658 0.254112 0.019991 0.017511 -0.106134 -0.064429 -0.095038 -0.259140 -0.209702 0.001142 -0.151030 -0.123113 0.150501 -0.059410 0.019234 0.064759
0.279204 0.034001 0.141420 0.149865 0.166290 -0.311281 0.546417 0.413159 0.281913 0.055766 0.303427 0.392787 0.577796 1.000000 0.325722 0.591299 0.132896 0.218718 0.410985 -0.201294 -0.008509 -0.366142 -0.442879 -0.517118 -0.105329 -0.533098 -0.232554 -0.532662 0.126483 0.284567 -0.098067 -0.280948 -0.099283 0.197894 -0.235473 -0.207587 0.306488 0.078805 -0.056096 -0.000422 0.109498 -0.043057 -0.051416 -0.255098 -0.115600 -0.160902 0.014189 0.018033 -0.077368 -0.064735 -0.426469 -0.313660 -0.077215 -0.215927 -0.330958 0.063271 -0.114443 -0.324781 0.177661 -0.320151 0.596883 0.356734 0.094450 -0.005609 0.072777 0.424548 -0.407077 -0.405462 -0.302886 -0.180910 -0.296264 0.114835 0.300948 0.129668 0.141058 0.067522 0.099522 -0.002302 0.132144 -0.230650 0.026365 0.028050 -0.169683 0.324069 -0.164744 -0.327188 -0.338736 -0.149068 -0.310571 -0.142680 0.579584 0.411796 0.190965 0.247352 -0.219407 0.139768 -0.176604 -0.128246 0.267788 0.348104 0.304683 0.277896 0.161561 0.156669 -0.150901 -0.106007 -0.097966 -0.053255 -0.222352 0.043458 -0.266615 0.027730 0.054268 -0.258790 -0.113644 0.136057
0.237012 -0.128142 -0.128506 0.047287 0.176155 -0.354742 0.287877 -0.096643 0.283758 -0.051516 0.475701 0.063736 0.462792 0.325722 1.000000 0.445425 0.229907 0.294132 0.315231 0.088528 -0.058651 -0.291252 -0.141084 -0.160259 0.116596 -0.325253 -0.011044 -0.291031 0.571082 0.308408 -0.080591 -0.132593 0.006858 0.234807 -0.004039 0.035662 0.352970 0.236113 0.479989 0.259217 0.004409 0.154297 -0.297756 -0.300186 -0.405775 -0.438770 -0.150434 -0.010049 -0.332897 -0.412307 -0.428707 -0.229610 -0.072683 0.093428 -0.036581 0.116475 0.094655 -0.004272 0.169660 -0.249360 0.433549 0.159288 0.173581 0.071250 0.286773 -0.006212 -0.363243 -0.497778 0.073707 -0.218162 -0.075478 0.047276 0.406080 0.119737 0.195207 0.288294 0.143983 0.263550 -0.065180 0.103290 -0.025863 0.029706 0.402628 0.628088 0.032646 0.055968 0.186566 -0.173436 -0.082175 0.005345 0.202030 0.157848 0.077160 0.197210 0.097779 -0.058042 -0.228999 -0.085738 -0.018744 0.196447 -0.029728 0.239083 0.197079 0.187556 -0.406049 -0.237215 0.015831 -0.025140 0.037036 0.022733 -0.073589 -0.180510 -0.011521 -0.058939 -0.051146 0.021890
0.069157 0.220911 0.232888 0.435441 0.322155 -0.007388 0.481215 0.625595 0.589225 0.365749 0.261838 0.688037 0.364360 0.591299 0.445425 1.000000 -0.048344 0.135019 0.316638 -0.239117 0.174489 -0.273738 -0.319308 -0.336673 0.150103 -0.198383 -0.143154 -0.251407 -0.006631 0.456570 0.005002 0.037391 -0.341284 0.269167 -0.241242 -0.013953 0.128479 0.311002 0.078459 0.302226 -0.024083 0.249160 -0.232316 -0.317118 -0.266965 -0.126868 -0.332962 -0.171598 -0.295255 -0.191645 -0.442643 -0.379332 -0.400828 -0.248844 -0.547121 -0.062222 -0.264284 -0.505724 -0.141552 -0.443634 0.371286 0.000123 0.010268 -0.258734 0.286810 0.645998 -0.571852 -0.350501 -0.331806 0.059929 -0.334055 0.079252 0.273442 0.148745 0.267768 0.301410 0.312726 0.322526 -0.041579 -0.290368 -0.050710 -0.188348 -0.280648 0.517156 -0.397609 -0.373579 -0.335306 -0.036906 -0.344337 -0.092665 0.300552 0.239567 0.470770 0.216215 -0.084886 0.096594 -0.356522 -0.101753 -0.121346 0.184689 0.335381 0.198791 0.296602 0.181506 -0.201193 -0.030171 -0.084308 0.012489 0.075736 0.130532 -0.251223 -0.161904 0.002405 -0.155493 -0.040063 0.030448
0.509870 -0.024642 -0.441604 -0.436458 -0.088045 -0.422035 -0.074019 -0.429283 -0.106429 -0.151303 0.243827 -0.287619 0.394353 0.132896 0.229907 -0.048344 1.000000 0.353190 0.310954 0.234573 -0.379964 -0.416371 -0.414231 -0.416703 -0.347612 -0.525463 -0.153416 -0.488744 0.622081 0.248884 -0.313806 -0.499906 0.354647 -0.002191 -0.155374 -0.436580 0.582207 -0.121715 -0.153691 -0.279002 0.278550 0.083478 -0.140923 -0.273763 -0.386599 -0.448779 0.043644 -0.329834 -0.052668 -0.228828 -0.232384 0.021211 0.330544 0.442532 0.141186 -0.247285 0.488917 0.383361 0.271158 0.001187 0.357896 0.258707 0.770748 0.544255 -0.296172 -0.362289 0.107100 -0.479377 0.230384 -0.243037 0.099313 -0.077115 0.558047 -0.011033 0.290024 0.201680 0.117958 -0.141193 0.454822 0.471904 0.541249 0.699615 0.169959 -0.042192 0.307386 0.239172 -0.020438 -0.299086 -0.331816 -0.051435 -0.051521 0.046029 -0.136913 0.021717 -0.188302 -0.100733 -0.328545 -0.124443 0.165120 0.165660 -0.182229 0.221894 -0.232814 0.215079 0.192036 0.360117 0.326096 0.109170 -0.294854 -0.111287 -0.469971 0.115883 0.164142 -0.011429 0.130211 0.039379
0.478083 0.181703 -0.506246 -0.086958 0.141357 -0.618584 0.091369 -0.273180 0.063690 -0.188024 0.610192 0.067323 0.231477 0.218718 0.294132 0.135019 0.353190 1.000000 0.160634 0.357637 0.037722 -0.134068 -0.444808 -0.446341 -0.364777 -0.488454 -0.224938 -0.570567 0.620247 0.573424 -0.027978 -0.225198 -0.042197 0.337306 0.090267 -0.116929 0.550813 0.186415 -0.007204 0.043649 0.160316 0.351983 -0.028467 -0.285999 0.100839 -0.171686 0.279175 0.037189 0.241756 0.163830 -0.329376 0.073368 0.151253 0.239495 -0.126960 -0.069593 -0.078116 0.071735 -0.076730 -0.212003 0.235819 0.106221 0.540780 0.102934 0.067189 -0.064264 -0.196626 -0.513567 -0.121087 -0.357449 -0.004627 0.246173 0.675710 0.259247 0.409787 0.351921 0.288474 0.152097 0.185758 0.251466 0.223536 0.383071 0.167150 0.414151 0.210982 0.026790 -0.095193 -0.316399 -0.276188 -0.095577 0.099711 -0.043340 -0.023941 -0.123923 -0.170087 -0.118888 -0.176826 -0.230797 0.407371 0.142950 0.015197 0.158434 -0.161535 -0.125404 -0.085211 -0.010424 0.120551 -0.081763 -0.344657 0.112951 -0.297863 0.001913 -0.020023 0.060492 0.259085 -0.018508
0.317390 0.198441 0.153094 0.162070 0.119756 -0.291776 0.291053 0.087315 0.299829 0.032124 0.185889 0.084581 0.523299 0.410985 0.315231 0.316638 0.310954 0.160634 1.000000 0.171435 -0.241958 -0.436039 -0.318764 -0.361950 -0.004298 -0.430584 -0.063568 -0.422860 0.247679 0.086443 0.016059 -0.309636 0.243285 0.206324 -0.322815 -0.419739 0.159955 -0.228291 -0.173711 -0.141309 -0.000658 0.066866 0.054865 -0.186689 -0.304120 -0.370150 0.010861 -0.175755 -0.098003 -0.190902 -0.334657 -0.327915 0.014434 -0.123582 -0.242956 -0.189177 -0.078572 -0.158101 0.298428 0.042882 0.220623 0.222706 0.146048 0.090677 -0.081646 0.039233 -0.008070 -0.313270 0.006729 -0.052899 -0.339205 -0.171975 0.257747 0.151599 0.172164 0.126617 0.093727 -0.100106 0.122750 -0.155050 0.227100 0.049357 -0.169080 0.049873 -0.045326 -0.126347 -0.235528 -0.249290 -0.308347 -0.193865 0.175388 0.158821 0.041087 0.161093 -0.186221 0.015421 -0.310677 0.004800 0.197059 0.266138 0.087370 0.337655 0.147496 0.241307 -0.022151 0.095047 0.026192 -0.009159 -0.223103 0.021996 -0.339724 0.065607 0.049984 -0.047128 0.145576 -0.068794
0.371512 0.096154 -0.304453 -0.111423 -0.011485 -0.269763 -0.411279 -0.450345 -0.268262 -0.167244 0.316579 -0.249897 0.112859 -0.201294 0.088528 -0.239117 0.234573 0.357637 0.171435 1.000000 -0.082187 -0.089909 -0.190821 -0.148862 -0.191109 -0.169951 0.021417 -0.157272 0.458298 0.242412 -0.083468 -0.379093 0.158460 0.182457 -0.152144 -0.072622 0.195668 -0.044407 -0.115799 -0.122575 -0.076203 0.220963 0.267634 0.222899 0.272432 0.068137 0.338409 0.301295 0.320359 0.342272 -0.056358 0.211428 0.104981 0.121701 0.106969 -0.041977 -0.134010 0.141032 -0.130327 -0.007040 -0.260725 -0.281825 0.365293 -0.072855 -0.239208 -0.302420 0.032946 -0.037811 0.175199 -0.041324 0.315692 -0.136050 0.331587 0.407149 0.377494 0.236122 0.276767 0.203164 -0.234155 0.088456 0.085390 0.111731 0.188464 -0.047128 0.130869 -0.024706 0.042364 -0.099354 -0.224611 -0.370704 -0.066946 -0.097920 -0.142832 -0.000536 0.078863 -0.111879 -0.027623 0.277008 0.420959 0.142851 -0.270861 0.201918 -0.105858 -0.112598 0.067410 0.017655 0.204305 0.153429 0.050102 0.060873 0.080865 0.225897 0.122941 0.117697 0.276366 -0.140298
-0.057893 -0.040218 0.228048 0.222662 0.086741 0.220898 0.091359 0.353508 0.033573 0.033426 0.066873 0.462677 -0.191336 -0.008509 -0.058651 0.174489 -0.379964 0.037722 -0.241958 -0.082187 1.000000 0.576999 -0.019243 -0.044300 0.247382 0.435228 0.075399 0.411864 -0.160992 0.373937 0.320183 0.517785 -0.217119 0.513557 0.025924 0.465244 0.002688 0.516389 0.154381 0.394325 -0.015154 0.495985 -0.156525 0.099465 0.260388 0.438986 -0.064874 0.121607 -0.060444 0.194020 -0.141687 -0.152309 -0.484373 -0.262949 -0.481900 0.089453 -0.532312 -0.585516 -0.551262 -0.430211 -0.077093 -0.453599 -0.233045 -0.563658 0.077085 0.221632 -0.426333 0.234287 -0.425350 0.098758 0.039246 0.643170 0.127364 0.429509 0.282673 0.350045 0.306822 0.495673 -0.142502 -0.266728 -0.303034 -0.328991 -0.276248 0.339022 -0.319271 -0.441482 -0.224071 0.068597 -0.163855 -0.303885 -0.061969 0.103459 0.184543 0.133626 0.299025 0.292118 0.328552 0.274671 -0.151715 0.045653 0.362382 -0.014541 0.103266 -0.195509 -0.158683 -0.219220 -0.177739 -0.156106 0.338853 0.338587 0.436630 -0.033257 -0.232346 0.027898 0.031953 0.137835
-0.090824 0.061993 0.194687 0.095083 -0.009856 0.370090 -0.058427 0.084827 -0.106820 -0.085156 -0.028693 0.199642 -0.262224 -0.366142 -0.291252 -0.273738 -0.416371 -0.134068 -0.436039 -0.089909 0.576999 1.000000 0.476415 0.346430 0.192875 0.662874 0.366731 0.660633 -0.205783 -0.075100 0.389603 0.598822 0.004828 0.089229 0.282744 0.480949 -0.235266 0.067347 -0.061086 -0.005403 -0.035269 0.142942 -0.094160 0.089981 0.403170 0.451969 0.058616 0.148327 0.066503 0.241642 0.210016 0.098005 -0.271840 -0.048881 -0.120700 -0.044948 -0.391136 -0.287433 -0.291721 -0.150228 -0.189057 -0.318073 -0.324222 -0.375009 0.197180 -0.009569 -0.078053 0.370665 -0.230245 -0.015878 -0.006882 0.443264 -0.246064 0.143517 -0.237710 -0.031803 -0.041285 0.127193 0.006375 -0.181116 -0.272366 -0.196381 -0.109950 -0.003564 -0.105815 -0.144914 0.101621 0.116993 0.229475 0.026534 -0.286707 -0.135552 -0.022247 -0.130498 0.099694 0.013792 0.354916 0.035721 -0.244404 -0.402213 -0.115062 -0.486496 -0.174653 -0.466997 -0.059923 -0.145009 -0.278494 -0.332288 0.072991 0.158784 0.435398 -0.233652 -0.237450 -0.093207 -0.057827 -0.187851
-0.514948 -0.257595 0.329403 0.223172 0.126659 0.355417 -0.065154 -0.059647 0.231264 -0.013623 -0.319419 -0.178718 -0.362710 -0.442879 -0.141084 -0.319308 -0.414231 -0.444808 -0.318764 -0.190821 -0.019243 0.476415 1.000000 0.872355 0.465087 0.662878 0.553225 0.549088 -0.270040 -0.398248 0.276980 0.576646 0.044479 -0.266704 0.367324 0.327821 -0.410147 -0.156887 0.274137 -0.017943 0.034927 -0.181992 -0.134319 0.000857 0.078970 0.121951 -0.200946 -0.066652 -0.227086 -0.114100 0.307676 -0.071014 -0.186856 -0.091131 0.275223 -0.052004 -0.133498 -0.070195 0.005634 0.222124 -0.348996 -0.231086 -0.432128 -0.130854 0.258144 -0.245038 0.168116 0.295258 -0.008931 0.130688 -0.105762 -0.113598 -0.510399 -0.389501 -0.458894 -0.396723 -0.429306 -0.210470 -0.105085 -0.056615 -0.117503 -0.218262 0.321934 -0.109419 0.069306 0.173566 0.576974 0.253631 0.601084 0.241459 -0.284563 -0.160475 0.019123 -0.010816 0.117164 -0.140761 0.104876 -0.094426 -0.486540 -0.527871 -0.210117 -0.514760 0.022337 -0.087985 -0.140082 0.001660 -0.234983 -0.144628 0.074396 -0.083142 0.268859 -0.381390 -0.039316 0.156043 -0.115390 -0.059679
-0.490300 -0.258941 0.290225 0.260427 0.083266 0.395436 -0.151373 -0.113775 0.120998 0.066561 -0.300880 -0.218834 -0.403503 -0.517118 -0.160259 -0.336673 -0.416703 -0.446341 -0.361950 -0.148862 -0.044300 0.346430 0.872355 1.000000 0.449449 0.632022 0.570294 0.561539 -0.242274 -0.445630 0.226427 0.596491 -0.054751 -0.356216 0.322042 0.306879 -0.413642 -0.135448 0.343234 0.080285 -0.066561 -0.134591 -0.171382 0.029400 0.005117 0.148775 -0.286222 -0.142043 -0.242245 -0.201963 0.329637 -0.070402 -0.132771 -0.137627 0.381028 -0.091209 -0.132752 -0.012561 0.003673 0.269698 -0.399271 -0.255485 -0.411618 -0.111292 0.175907 -0.289521 0.238754 0.372643 0.022374 0.160700 0.040070 -0.263703 -0.513627 -0.450617 -0.371161 -0.389383 -0.419301 -0.207208 -0.177336 -0.066887 -0.158433 -0.246362 0.335972 -0.075250 0.052582 0.172072 0.634308 0.398887 0.630611 0.254972 -0.294140 -0.123934 0.105798 0.046183 0.158419 -0.048511 0.067956 -0.064644 -0.493112 -0.541853 -0.235784 -0.480051 0.041062 -0.008233 -0.159534 -0.006785 -0.245921 -0.142391 0.176739 -0.011192 0.295229 -0.292717 0.122067 0.240813 -0.103576 -0.015000
-0.299698 -0.122190 0.529342 0.340734 0.352450 0.475957 0.241770 0.339041 0.415505 0.304156 -0.306634 0.084064 -0.056051 -0.105329 0.116596 0.150103 -0.347612 -0.364777 -0.004298 -0.191109 0.247382 0.192875 0.465087 0.449449 1.000000 0.608541 0.497016 0.444076 -0.241537 -0.226547 0.225873 0.409891 -0.046674 0.062195 -0.028197 0.255629 -0.265767 0.163359 0.376961 0.350030 0.001010 0.116430 -0.199862 -0.088384 -0.140954 0.010284 -0.359016 -0.098246 -0.254296 -0.252185 0.199158 -0.140434 -0.347009 -0.211507 -0.162511 0.066633 -0.251671 -0.328106 -0.135343 -0.103403 -0.152319 -0.307559 -0.354036 -0.294208 0.111639 0.052037 -0.168910 0.152378 -0.168312 0.225152 -0.106796 0.035453 -0.199349 -0.197974 -0.213555 -0.167674 -0.265668 0.027485 -0.258834 -0.273268 -0.167004 -0.352146 -0.046954 -0.005244 -0.257168 -0.291372 0.143057 -0.006981 -0.024393 -0.159189 0.056159 -0.024449 0.128123 0.184935 0.174351 0.118072 0.019190 0.189871 -0.358089 -0.259572 -0.043916 -0.241991 0.365422 0.081003 -0.171446 0.059083 -0.225854 -0.221828 0.330332 -0.123819 0.218110 -0.383748 -0.091499 0.148907 -0.143131 0.261602
-0.437741 -0.107427 0.408822 0.216575 0.015816 0.747981 -0.120693 0.251388 0.042782 0.185060 -0.445724 0.122573 -0.412648 -0.533098 -0.325253 -0.198383 -0.525463 -0.488454 -0.430584 -0.169951 0.435228 0.662874 0.662878 0.632022 0.608541 1.000000 0.492291 0.854130 -0.472911 -0.272932 0.327053 0.688235 -0.083798 -0.014978 0.169260 0.493401 -0.530216 0.058695 0.126696 0.126253 -0.079765 0.143619 -0.108776 0.179465 0.226408 0.427652 -0.235170 0.041008 -0.074083 0.109694 0.387709 0.069379 -0.380825 -0.190995 -0.080873 -0.001281 -0.306253 -0.304606 -0.393033 0.010519 -0.457761 -0.498624 -0.535526 -0.422597 0.102609 -0.004640 -0.007585 0.583595 -0.206152 0.256895 0.074639 0.162122 -0.444409 -0.084890 -0.306249 -0.187684 -0.219261 0.078366 -0.289592 -0.242895 -0.369952 -0.424672 -0.077867 -0.200638 -0.292244 -0.199202 0.214636 0.229060 0.244726 -0.151884 -0.331538 -0.135608 0.077110 -0.016336 0.224569 0.014478 0.194887 0.196786 -0.497630 -0.401047 -0.090905 -0.441539 0.154284 -0.185697 -0.016080 0.040641 -0.166645 -0.163509 0.344734 -0.013721 0.445658 -0.282252 -0.144502 0.099512 -0.145199 0.095275
-0.172240 -0.125618 0.302985 0.034699 0.237743 0.321303 -0.057989 -0.017863 0.136591 0.023553 -0.160962 -0.051845 0.034006 -0.232554 -0.011044 -0.143154 -0.153416 -0.224938 -0.063568 0.021417 0.075399 0.366731 0.553225 0.570294 0.497016 0.492291 1.000000 0.497900 -0.113152 -0.275546 0.084992 0.254341 0.097352 -0.242989 -0.019171 0.046663 -0.074294 -0.047201 0.197754 0.038868 -0.306372 0.074263 -0.072819 0.009406 0.036417 0.033745 -0.093487 -0.063517 -0.107409 -0.154734 0.224035 -0.003015 -0.163641 -0.053483 0.150411 -0.088778 -0.150271 -0.033444 -0.005517 0.099537 -0.192758 -0.207059 -0.150698 -0.065711 -0.047262 -0.290552 0.074191 0.227225 -0.041154 0.078989 -0.074240 -0.185243 -0.239304 -0.095134 -0.178705 -0.135629 -0.150839 -0.059708 -0.041008 -0.109818 0.010497 -0.101133 0.165112 -0.183312 -0.017851 -0.098194 0.367846 -0.015630 0.240711 -0.205556 -0.044505 0.023871 0.091044 0.164765 0.178249 -0.149332 0.052043 -0.031695 -0.203106 -0.290028 -0.285437 -0.363922 0.104901 -0.074931 -0.128137 -0.037149 -0.173126 -0.267177 0.002524 0.052966 0.151936 -0.276159 0.031455 0.150519 0.078795 -0.033531
-0.322854 -0.002842 0.299044 0.077721 -0.091975 0.771953 -0.289518 0.126094 -0.145424 0.116920 -0.347077 0.123267 -0.275571 -0.532662 -0.291031 -0.251407 -0.488744 -0.570567 -0.422860 -0.157272 0.411864 0.660633 0.549088 0.561539 0.444076 0.854130 0.497900 1.000000 -0.518693 -0.345271 0.061794 0.524985 0.000226 -0.134269 0.150772 0.515054 -0.497902 0.089584 0.137775 0.153366 -0.315480 0.084183 -0.054503 0.333785 0.111075 0.385493 -0.199099 0.131206 -0.048842 -0.021255 0.481822 0.150591 -0.214730 -0.149647 0.039452 0.084640 -0.271281 -0.177390 -0.251903 -0.037928 -0.422236 -0.459796 -0.540064 -0.423778 -0.019397 0.006895 -0.036525 0.623309 -0.016032 0.300494 0.019789 0.102491 -0.531931 -0.038490 -0.275968 -0.041876 -0.022556 0.200076 -0.273205 -0.225561 -0.378472 -0.457872 -0.033816 -0.228781 -0.289683 -0.175220 0.244258 0.323177 0.274702 -0.113371 -0.249062 -0.092734 0.024393 0.051355 0.407013 0.065853 0.398224 0.292902 -0.427236 -0.307594 -0.094039 -0.336337 0.098668 -0.182117 -0.025799 -0.120571 -0.285434 -0.231853 0.394888 0.088262 0.614655 -0.242256 -0.065447 0.156760 -0.069569 0.026307
0.525966 -0.113352 -0.487055 -0.267908 0.048995 -0.632698 -0.010579 -0.547515 -0.066028 -0.282722 0.649958 -0.277241 0.352499 0.126483 0.571082 -0.006631 0.622081 0.620247 0.247679 0.458298 -0.160992 -0.205783 -0.270040 -0.242274 -0.241537 -0.472911 -0.113152 -0.518693 1.000000 0.483389 0.086489 -0.203044 0.221316 0.255060 0.052006 -0.242243 0.631613 0.066118 0.138390 -0.142304 0.313904 0.265570 -0.206285 -0.341136 -0.186575 -0.407656 0.134537 -0.099634 -0.075566 -0.147534 -0.418834 -0.055255 0.244435 0.399480 0.162661 -0.105364 0.186821 0.209957 0.089507 -0.132826 0.324655 0.149307 0.639272 0.286664 0.029119 -0.428836 -0.076670 -0.566742 0.119569 -0.459684 0.065359 0.156205 0.774392 0.181701 0.399615 0.264759 0.166655 0.070724 0.235923 0.407540 0.291217 0.517663 0.484525 0.444544 0.410791 0.247516 0.206051 -0.303410 -0.131724 -0.054737 -0.070224 -0.023630 -0.166603 -0.029421 -0.070848 -0.134870 -0.317496 -0.142096 0.221307 0.106154 -0.241396 0.126266 -0.264179 -0.001613 -0.155072 0.012111 0.168362 0.035473 -0.151633 0.090979 -0.266022 0.023291 0.025349 -0.066250 0.154420 -0.082774
0.263925 0.059491 -0.359151 0.066962 0.108533 -0.313733 0.045631 0.018133 0.179843 0.019645 0.504732 0.368984 0.165768 0.284567 0.308408 0.456570 0.248884 0.573424 0.086443 0.242412 0.373937 -0.075100 -0.398248 -0.445630 -0.226547 -0.272932 -0.275546 -0.345271 0.483389 1.000000 0.025185 0.015481 -0.117279 0.507348 -0.082949 0.035185 0.480330 0.463134 0.124716 0.225659 0.346822 0.662717 -0.199388 -0.235209 0.085314 0.030879 -0.040524 -0.017544 -0.049425 0.190032 -0.446746 -0.135555 -0.225691 0.053250 -0.355628 -0.037056 -0.260864 -0.340879 -0.375583 -0.456740 0.184905 -0.247183 0.408855 -0.205820 0.115060 0.169373 -0.459681 -0.343814 -0.283107 -0.127650 0.005313 0.503936 0.760015 0.487518 0.625660 0.613591 0.532796 0.522310 0.091849 0.125367 0.034385 0.157065 0.014154 0.645559 -0.106703 -0.205186 -0.223177 -0.078095 -0.434847 -0.279644 -0.000314 0.048671 0.118909 0.034760 0.052291 0.152157 -0.118717 0.067473 0.141337 0.149511 0.214006 0.229318 -0.120985 -0.015375 -0.239779 -0.069381 0.057490 0.068895 0.176997 0.365917 -0.069467 0.005244 -0.211819 0.000959 0.184472 0.073813
-0.119558 -0.184257 0.431597 0.200085 0.271246 -0.017447 0.269536 0.228283 0.151794 -0.014209 0.058145 0.030016 -0.288891 -0.098067 -0.080591 0.005002 -0.313806 -0.027978 0.016059 -0.083468 0.320183 0.389603 0.276980 0.226427 0.225873 0.327053 0.084992 0.061794 0.086489 0.025185 1.000000 0.607900 -0.072039 0.175577 0.246967 0.073101 -0.095068 0.007830 -0.019884 -0.064131 0.117624 0.020131 -0.101406 -0.145132 0.117250 0.196220 -0.113106 -0.176128 -0.234251 -0.005867 -0.225120 -0.359229 -0.231400 -0.126394 -0.233805 -0.134164 -0.272460 -0.399252 -0.327185 -0.010411 -0.083141 -0.168471 -0.122882 -0.172119 0.281965 -0.095436 0.045905 0.111280 -0.324007 -0.196994 0.110084 0.239160 0.046349 0.037541 -0.079628 -0.183552 -0.186985 -0.036139 -0.026463 -0.209068 -0.109411 -0.142576 -0.153572 0.130139 0.092971 -0.008426 -0.106227 -0.089966 0.225103 0.001373 -0.230652 0.056829 0.044060 -0.105806 -0.093758 -0.198324 -0.191728 -0.162574 -0.085470 -0.135658 0.116435 -0.136402 -0.084586 -0.160689 0.047567 0.110733 0.122056 0.134835 -0.095469 0.044864 0.043788 0.097651 -0.184250 -0.310677 -0.092905 -0.058860
-0.343799 -0.160866 0.370953 0.399238 0.158447 0.393435 0.191551 0.278833 0.265980 0.122405 -0.079510 0.278651 -0.395825 -0.280948 -0.132593 0.037391 -0.499906 -0.225198 -0.309636 -0.379093 0.517785 0.598822 0.576646 0.596491 0.409891 0.688235 0.254341 0.524985 -0.203044 0.015481 0.607900 1.000000 -0.228570 0.123389 0.361270 0.462423 -0.313363 0.209792 0.239100 0.242342 0.051893 0.205283 -0.366798 -0.125030 0.032436 0.308232 -0.413222 -0.216315 -0.312982 -0.122317 0.050632 -0.257329 -0.420695 -0.259898 -0.198168 -0.083722 -0.389771 -0.520810 -0.416316 -0.207457 -0.127290 -0.390240 -0.393882 -0.396039 0.402871 0.044604 -0.189519 0.289422 -0.365046 0.096368 -0.067837 0.357245 -0.188552 -0.084156 -0.123819 -0.029536 -0.080985 0.173732 -0.110176 -0.204710 -0.300539 -0.355199 0.018544 0.301019 -0.155948 -0.061287 0.220562 0.291230 0.383040 0.099011 -0.295672 -0.039830 0.237959 -0.007139 0.158066 0.093537 0.098152 -0.040562 -0.507592 -0.418812 0.102000 -0.398683 0.028645 -0.108420 -0.212001 -0.063041 -0.248934 -0.214791 0.219554 0.216686 0.340946 -0.333781 -0.136958 0.062962 -0.113456 0.125827
-0.073382 0.133131 -0.335655 -0.296966 -0.243379 -0.097506 -0.438084 -0.416447 -0.319820 -0.247552 -0.122473 -0.407801 0.109365 -0.099283 0.006858 -0.341284 0.354647 -0.042197 0.243285 0.158460 -0.217119 0.004828 0.044479 -0.054751 -0.046674 -0.083798 0.097352 0.000226 0.221316 -0.117279 -0.072039 -0.228570 1.000000 0.124080 0.166123 -0.130077 0.115481 -0.174100 -0.140901 -0.352463 0.067013 -0.003879 0.209922 0.205845 -0.134628 -0.203726 0.317678 0.148664 -0.036414 -0.049739 -0.098547 -0.027059 0.214589 0.203908 0.180799 0.080836 0.199189 0.393012 0.221146 0.294418 -0.184214 0.106842 0.176252 0.357164 -0.405522 -0.546529 0.439090 0.035812 0.518420 -0.030558 0.115083 0.010724 0.006580 -0.148279 -0.014155 -0.055120 -0.073896 -0.195456 0.442382 0.435880 0.424293 0.399685 0.230886 -0.204064 0.365440 0.386551 0.140202 -0.139525 0.040121 -0.032461 -0.187461 -0.153577 -0.418937 -0.226268 -0.060421 -0.205579 0.153455 -0.006253 0.248825 0.059221 -0.231608 -0.194068 -0.251205 -0.054062 -0.059373 -0.012015 -0.067077 -0.192672 -0.185875 -0.056202 0.052913 0.071065 -0.148400 -0.226794 -0.098208 -0.082898
0.128343 0.067277 -0.046253 0.062200 0.135947 -0.232634 0.158977 0.122544 0.131250 -0.052694 0.282470 0.279547 0.080687 0.197894 0.234807 0.269167 -0.002191 0.337306 0.206324 0.182457 0.513557 0.089229 -0.266704 -0.356216 0.062195 -0.014978 -0.242989 -0.134269 0.255060 0.507348 0.175577 0.123389 0.124080 1.000000 0.063969 0.336101 0.161590 0.240412 -0.039268 0.117464 0.169066 0.374857 -0.100322 -0.012926 0.143348 0.208410 0.072724 0.052444 -0.015350 0.236872 -0.417033 -0.270208 -0.291449 -0.235792 -0.506950 -0.129280 -0.398307 -0.362960 -0.240584 -0.418308 0.119250 -0.174728 0.015078 -0.434137 0.111498 0.069595 -0.296183 -0.032020 -0.096535 -0.052447 0.008403 0.576888 0.423906 0.329413 0.496413 0.442324 0.331583 0.337132 0.090786 -0.067825 -0.036584 -0.107998 -0.120861 0.390764 -0.143096 -0.255839 -0.192349 -0.030250 -0.393275 -0.392208 -0.147630 0.059945 0.092494 0.064367 0.002656 0.249958 0.027881 0.136342 0.038451 0.194916 0.317398 0.035579 0.054164 -0.011786 -0.309255 -0.011390 0.040991 0.023041 0.117127 0.265435 0.206693 0.099933 -0.184579 -0.008114 0.027115 0.139306
-0.166883 -0.121410 -0.136958 -0.064698 0.140047 -0.035408 -0.079430 -0.195978 -0.037581 -0.114357 0.146990 -0.108243 -0.305885 -0.235473 -0.004039 -0.241242 -0.155374 0.090267 -0.322815 -0.152144 0.025924 0.282744 0.367324 0.322042 -0.028197 0.169260 -0.019171 0.150772 0.052006 -0.082949 0.246967 0.361270 0.166123 0.063969 1.000000 0.519455 -0.096855 0.102312 0.243852 0.104327 0.142752 -0.112386 -0.256756 -0.122109 -0.082133 0.139184 -0.087218 -0.051378 -0.177450 -0.188715 0.013372 -0.220426 0.064285 0.107092 0.175303 -0.000132 -0.069633 0.068647 0.001368 -0.080116 -0.028047 -0.067834 -0.114346 -0.021307 0.363925 -0.179443 0.008835 0.138161 0.056393 0.018131 0.137110 0.168151 -0.114386 -0.131229 -0.095296 -0.065388 -0.067304 0.063099 0.127212 0.264097 -0.081773 -0.060759 0.280349 0.153382 0.219563 0.282843 0.294940 0.181698 0.490188 0.317957 -0.245323 -0.027115 0.066473 -0.037986 -0.046171 -0.034504 0.036769 -0.245171 -0.096204 -0.227929 0.087794 -0.276506 -0.186189 -0.070014 -0.174888 -0.142767 -0.010914 -0.071904 -0.149056 0.013450 0.367244 -0.054280 -0.050765 0.077014 -0.085693 0.071873
-0.188962 -0.102278 0.162097 0.136484 0.179122 0.394521 0.031657 0.188037 0.107559 0.271581 0.039549 0.299781 -0.173576 -0.207587 0.035662 -0.013953 -0.436580 -0.116929 -0.419739 -0.072622 0.465244 0.480949 0.327821 0.306879 0.255629 0.493401 0.046663 0.515054 -0.242243 0.035185 0.073101 0.462423 -0.130077 0.336101 0.519455 1.000000 -0.286165 0.223123 0.179197 0.325261 -0.070738 0.049619 -0.348265 0.033930 0.144595 0.560616 -0.274569 0.096421 -0.046966 0.072291 0.141216 -0.108453 -0.275368 -0.188195 -0.183367 -0.034605 -0.430557 -0.323415 -0.157002 -0.395801 -0.062818 -0.438725 -0.377561 -0.503433 0.359188 0.241001 -0.265169 0.480155 -0.099714 0.359063 0.102500 0.365840 -0.219255 0.025999 -0.113941 0.183746 0.100246 0.350887 -0.278450 -0.143341 -0.474427 -0.448014 -0.093077 0.238767 -0.340972 -0.213220 0.100811 0.242098 0.082828 -0.025935 -0.218443 0.118935 0.247859 0.099290 0.048612 0.241780 0.262324 0.017718 -0.347913 -0.289740 0.236134 -0.244455 0.114373 -0.168601 -0.342308 -0.246291 -0.275659 -0.246705 0.290715 0.079645 0.668917 -0.181256 -0.076018 0.184808 -0.225900 0.258556
