1.000000 -0.018398 -0.053057 -0.226050 -0.069598 -0.262806 -0.015411 -0.349812 -0.232391 -0.331355 0.204442 -0.159658 0.013449 -0.169417 0.040475 -0.263602 0.312590 0.323213 0.206769 0.484673 -0.230770 -0.131971 -0.171383 -0.482246 -0.376305 -0.428967 -0.190222 -0.202730 0.346590 0.348200 -0.181882 -0.303234 0.059707 -0.057037 0.076011 -0.142885 0.096147 -0.168448 -0.050197 -0.108897 0.210936 0.063234 0.113406 -0.025650 0.156681 -0.055149 0.091197 0.031915 0.211356 0.184830 0.156407 0.098231 0.044981 0.185641 -0.085943 -0.097346 0.476189 0.221857 0.195571 -0.304659 0.065609 -0.239805 0.271682 0.034736 -0.185152 -0.353558 -0.029654 -0.328884 0.196362 0.034391 -0.011532 -0.034442 0.403506 0.143616 0.236509 0.037742 0.424897 0.036108 0.073160 0.170690 0.356220 0.369200 0.303118 0.183645 0.024076 -0.374507 0.064176 -0.094834 -0.037024 -0.390698 0.160903 0.037535 -0.117189 -0.052114 -0.250192 -0.141962 -0.150852 -0.093430 0.327605 0.273291 -0.123146 0.230636 0.123020 0.108667 -0.147454 -0.109732 -0.145762 0.116477 0.052136 -0.000548 -0.084514 0.076403 0.141956 0.069219 -0.152800 -0.212338
-0.018398 1.000000 -0.055566 0.377821 -0.051660 0.005757 0.128642 0.292407 -0.164675 0.115306 0.005763 0.394463 0.161848 0.353516 -0.094219 0.209865 0.059824 0.236246 0.042629 0.066825 0.079879 -0.330428 -0.332368 -0.036402 -0.108931 -0.157742 -0.093518 -0.032659 0.075266 0.060121 -0.101009 -0.146493 -0.193507 -0.112614 -0.244827 -0.338235 0.041630 0.027411 -0.149104 0.139972 -0.073929 -0.062962 -0.309148 -0.216068 -0.464444 -0.217597 -0.345956 -0.305393 -0.266349 -0.375430 -0.219199 -0.283936 -0.112082 -0.068154 -0.071609 -0.218763 -0.081666 0.510518 -0.288270 0.133792 -0.234926 0.111232 -0.065514 0.147536 -0.074995 0.105489 -0.217355 -0.310109 0.278656 0.290044 -0.087503 -0.025922 0.020447 0.127187 0.010611 0.186700 0.002684 -0.034870 -0.106019 0.082936 0.062196 0.030194 -0.008308 0.320087 0.119955 0.180462 -0.061286 0.131447 0.033085 0.093229 0.151315 0.113911 0.248486 0.241847 -0.059540 0.002778 -0.192480 -0.056312 0.103614 -0.075168 0.299547 0.177897 0.158308 0.052721 0.082307 0.032881 0.010688 0.198277 0.043121 -0.045586 -0.315702 -0.236825 0.114399 0.298678 0.237967 0.046559
-0.053057 -0.055566 1.000000 0.123428 0.369218 0.069588 0.703823 0.244341 0.530037 -0.117531 -0.196337 -0.333536 -0.060354 -0.117857 -0.076601 -0.154920 0.063750 -0.092982 0.563497 0.215387 -0.254588 -0.071896 0.322687 0.042045 -0.015918 -0.185701 -0.104656 -0.180512 -0.165832 -0.144266 0.177507 -0.023357 -0.142266 0.030523 -0.180342 -0.173905 -0.286060 -0.333444 -0.179985 -0.244490 -0.218441 -0.208576 -0.161587 -0.280644 -0.030831 -0.089818 -0.232280 -0.176718 0.111064 -0.029599 -0.059576 -0.070373 -0.005931 -0.111959 -0.014808 -0.286729 -0.162051 0.013772 0.192964 0.076708 0.437002 -0.051449 0.235593 0.138017 -0.075397 -0.141194 0.196665 0.202277 -0.241665 0.149317 0.220475 -0.208639 -0.054674 -0.135620 -0.279446 -0.465151 -0.371036 -0.009206 -0.239149 -0.219847 -0.140198 -0.027141 -0.075004 -0.053490 -0.116322 -0.173493 0.086017 -0.228733 0.191031 -0.026337 0.017922 0.151200 -0.050358 0.147498 0.007499 0.133830 -0.197279 0.032643 -0.056784 -0.055934 0.083883 0.140375 0.131875 0.098920 -0.075518 -0.078384 0.015790 -0.039180 0.006513 0.001006 -0.145283 -0.008542 -0.150699 -0.152479 -0.049425 -0.060061
-0.226050 0.377821 0.123428 1.000000 0.020010 0.174263 0.154063 0.681394 -0.031748 0.195039 -0.190572 0.258485 -0.204279 0.273818 -0.243933 0.292480 -0.144578 0.042495 0.169525 0.002212 0.008732 -0.250672 -0.171742 0.489335 -0.085711 -0.055552 -0.168202 -0.122170 -0.251632 -0.039420 0.237403 0.289734 -0.323249 -0.006268 -0.227953 -0.165367 -0.233426 -0.214564 0.046254 -0.007781 -0.024105 -0.124627 -0.420133 -0.498775 -0.288407 -0.203664 -0.519302 -0.539660 -0.273010 -0.351038 -0.369879 -0.276030 -0.255389 -0.267135 -0.080224 -0.266406 -0.187991 0.070146 -0.382095 0.033170 0.042166 0.275120 0.097588 0.108216 0.129758 0.117671 -0.133528 0.040865 -0.071493 0.086096 -0.206266 0.096822 -0.201623 -0.042771 -0.218418 0.005487 -0.474171 -0.265911 -0.095880 -0.299462 -0.186052 0.002522 -0.073961 0.475972 0.115448 0.463904 0.048854 0.217973 0.506536 0.391808 0.009312 0.085902 0.230532 0.155288 -0.109442 0.148476 -0.415724 -0.226352 -0.207203 -0.226290 0.187263 0.280494 0.240550 0.103403 0.284887 0.350859 0.110237 0.250814 0.139783 -0.107156 -0.434797 -0.369497 -0.036493 0.170574 0.278068 0.259271
-0.069598 -0.051660 0.369218 0.020010 1.000000 0.627908 0.347949 0.177181 0.706535 0.603448 -0.048555 0.142522 0.427266 0.044312 0.272881 0.128510 0.050486 -0.100694 -0.164773 -0.046365 -0.173238 -0.225259 0.088556 -0.017299 0.194833 -0.102961 0.249459 -0.258839 -0.159901 -0.263800 -0.388942 -0.395962 -0.456506 -0.328446 -0.303095 0.116951 -0.327066 -0.312273 -0.289340 -0.119193 -0.438326 -0.423635 0.067742 -0.126270 0.108100 0.067196 -0.114315 -0.058186 0.085002 0.195251 -0.210058 0.116950 -0.099331 0.035647 -0.162642 -0.164241 0.277531 -0.144326 0.298150 0.026447 0.199019 0.241342 -0.057828 -0.022762 -0.149054 0.269007 -0.149643 -0.204339 -0.062262 -0.030972 0.257837 -0.435146 -0.121114 -0.081790 -0.377697 -0.270259 -0.332000 -0.192153 0.074060 -0.224019 -0.128095 -0.159313 -0.036991 -0.132680 -0.211324 -0.077871 0.000787 -0.084780 0.215110 -0.012592 0.450983 0.320574 0.311985 0.258595 -0.212851 0.279617 -0.294228 -0.175945 -0.060878 0.340581 0.376352 0.099576 0.217178 0.059855 0.027422 0.081702 0.253591 -0.092032 0.078627 0.235291 -0.271001 0.100769 -0.066831 0.042130 -0.012662 -0.117769
-0.262806 0.005757 0.069588 0.174263 0.627908 1.000000 -0.094282 0.148694 0.441019 0.742559 -0.015226 0.074580 0.061289 -0.113563 0.332571 0.212664 -0.329737 -0.430471 -0.335013 -0.015424 0.031864 0.106915 0.242901 0.486120 0.575907 0.478880 0.494911 0.299815 -0.581466 -0.489463 -0.156301 -0.015579 -0.536782 -0.460240 0.083114 0.251345 -0.395956 -0.191495 0.062122 0.117514 -0.423883 -0.365201 0.017328 -0.029013 0.018320 0.221099 -0.200700 0.038469 -0.184597 -0.025547 -0.202218 -0.094048 -0.407040 -0.150554 -0.201296 -0.144264 0.137216 -0.068153 -0.076505 0.126021 -0.142704 0.089991 -0.428745 -0.332557 0.092375 0.348428 -0.162764 0.150512 0.083472 0.197015 0.187069 -0.435697 -0.581419 -0.113571 -0.626690 -0.364346 -0.449881 -0.057802 0.124774 -0.359912 -0.317680 -0.315501 0.033842 -0.138861 0.030204 0.084035 0.037973 0.159608 0.272057 0.114215 0.332249 0.199057 0.610662 0.316984 -0.036383 0.161891 -0.082590 0.039889 -0.198535 0.080649 0.503360 0.207178 0.314653 0.095841 0.159901 0.129183 0.170386 -0.074250 -0.065358 0.232578 -0.016489 0.020892 -0.017584 0.031182 -0.019210 -0.069703
-0.015411 0.128642 0.703823 0.154063 0.347949 -0.094282 1.000000 0.421369 0.430581 -0.077750 -0.049719 -0.124295 0.374426 0.212387 -0.054450 -0.034962 0.206934 0.059559 0.382409 0.082210 -0.289453 -0.389980 -0.011801 -0.182597 -0.380092 -0.530774 -0.296496 -0.465207 0.130376 -0.010429 -0.063064 -0.181673 -0.081629 0.134352 -0.274978 -0.262825 -0.275996 -0.463976 -0.368733 -0.423967 -0.192660 -0.392459 -0.099619 -0.316493 -0.068615 -0.077090 -0.166358 -0.261175 0.029790 -0.044147 -0.179217 -0.235099 0.004875 -0.061748 0.032105 -0.377516 -0.119340 -0.024036 0.228803 -0.026842 0.415578 0.119091 0.391709 0.303567 -0.099396 -0.094573 0.077308 -0.000578 -0.283616 -0.137260 0.065276 -0.129233 0.224592 -0.257782 -0.086048 -0.283759 -0.219930 -0.156545 -0.208749 -0.093459 -0.012028 0.041402 -0.093403 0.079093 -0.056623 -0.193801 0.027966 -0.184161 0.112046 -0.097376 0.091859 0.086022 -0.063368 0.095555 -0.229446 0.116456 -0.336527 -0.205747 -0.093727 0.006470 0.075614 0.273584 0.136113 0.143488 0.010197 0.044867 -0.076885 0.168623 0.164486 0.039928 -0.324717 0.062181 -0.074527 0.080262 -0.016511 -0.109577
-0.349812 0.292407 0.244341 0.681394 0.177181 0.148694 0.421369 1.000000 0.140492 0.314350 -0.185490 0.188031 0.068156 0.445250 -0.259511 0.339045 -0.051077 -0.111844 0.021351 -0.098399 -0.101428 -0.218499 -0.117364 0.276175 -0.253633 -0.217178 -0.300500 -0.334423 -0.213655 -0.120049 0.058372 0.166449 -0.173477 0.223534 -0.383311 -0.025397 -0.467526 -0.467985 -0.240421 -0.086334 -0.286410 -0.374481 -0.245519 -0.336141 -0.264559 -0.062980 -0.401819 -0.357902 -0.377174 -0.317645 -0.313499 -0.354214 -0.295441 -0.119127 -0.157425 -0.351781 -0.105813 -0.209561 -0.119780 -0.052304 0.331303 0.543042 0.159305 0.274642 0.032817 0.376076 -0.164876 -0.008988 -0.128039 -0.248642 -0.021089 -0.073905 -0.184877 -0.154184 -0.189242 -0.147988 -0.368382 -0.259663 0.079703 -0.174317 -0.113513 -0.199760 -0.263376 0.148532 0.020256 0.256703 -0.100984 -0.034222 0.241764 0.141379 0.083201 -0.032602 0.128426 -0.036252 -0.141757 0.238394 -0.406217 -0.249554 -0.411493 -0.202426 0.286175 0.190766 0.197450 0.131892 0.178304 0.222032 0.149980 0.065835 0.112071 0.069184 -0.325735 -0.286392 -0.233582 0.056235 0.174564 0.084500
-0.232391 -0.164675 0.530037 -0.031748 0.706535 0.441019 0.430581 0.140492 1.000000 0.329659 0.039778 -0.111924 0.314517 0.045376 0.453432 0.012479 0.014248 -0.120657 0.052404 -0.038551 -0.227253 -0.184478 0.275451 0.110524 0.307603 0.000583 0.218709 -0.112365 -0.108362 -0.276457 -0.104505 -0.160322 -0.159733 -0.093076 -0.209626 0.024347 -0.206216 -0.272767 -0.195433 -0.191356 -0.331617 -0.318212 -0.052670 -0.204979 0.003194 -0.057566 -0.142759 -0.050791 0.062029 0.015227 -0.135231 -0.010862 0.096069 -0.029024 -0.030684 -0.224874 0.040464 -0.171315 0.321026 0.151783 0.327202 0.080288 0.129106 0.055454 -0.026039 0.058003 0.062578 0.021352 -0.120711 -0.009189 0.270869 -0.444855 -0.035899 -0.144222 -0.229207 -0.392463 -0.243870 -0.054330 -0.000300 -0.177070 -0.110098 -0.094501 0.059136 -0.135540 -0.193145 -0.128603 0.077682 -0.267131 0.180590 -0.038561 0.153254 0.169681 0.074879 0.196710 -0.105078 0.179304 -0.290072 -0.203728 -0.141214 0.104256 0.129916 -0.019549 0.056725 0.059351 -0.142810 -0.025357 0.163997 -0.124395 0.135267 0.199785 -0.075649 0.005421 -0.144421 -0.100854 0.000860 -0.142658
-0.331355 0.115306 -0.117531 0.195039 0.603448 0.742559 -0.077750 0.314350 0.329659 1.000000 -0.053693 0.355770 0.221514 0.144093 0.106535 0.373304 -0.128898 -0.229926 -0.417927 -0.143260 0.033881 -0.102653 -0.043011 0.314621 0.378894 0.184347 0.298480 -0.018699 -0.359673 -0.265377 -0.358128 -0.177144 -0.330627 -0.267538 -0.143872 0.108587 -0.304192 -0.248679 -0.248592 -0.027295 -0.407307 -0.441602 0.072154 -0.008571 -0.087706 0.055504 -0.130589 -0.020484 -0.131005 -0.014160 -0.149969 0.000849 -0.194363 0.053954 -0.186099 -0.102630 0.194092 -0.089857 -0.147995 0.114845 -0.125201 0.430350 -0.296848 -0.023397 -0.047017 0.486465 -0.363326 -0.212127 0.070059 -0.056294 0.176314 -0.417054 -0.340044 -0.083096 -0.416858 -0.120812 -0.308254 -0.284108 0.282652 -0.181438 -0.147137 -0.278157 -0.256828 -0.223222 -0.049838 0.034547 -0.107767 0.187063 0.177720 0.136786 0.472590 0.255670 0.521513 0.129462 -0.193668 0.161886 -0.148249 -0.158476 -0.080581 0.262560 0.400132 0.088146 0.151227 0.027094 0.333332 0.216905 0.113646 0.058459 0.020058 0.144710 -0.210642 0.026971 -0.009040 0.195035 0.081708 -0.044322
0.204442 0.005763 -0.196337 -0.190572 -0.048555 -0.015226 -0.049719 -0.185490 0.039778 -0.053693 1.000000 0.322521 0.481949 0.121804 0.699736 0.161593 -0.008568 0.097089 -0.158585 0.041245 -0.050850 -0.186810 0.167219 0.062700 -0.052811 -0.037630 0.241659 0.149965 0.265799 -0.107864 -0.088674 -0.206063 0.008767 -0.087273 -0.008969 0.037369 0.118191 0.031966 0.148255 0.007249 -0.025201 -0.013969 0.191171 0.129065 0.080014 0.002974 0.231707 0.046341 -0.060370 -0.034101 0.208870 -0.095891 -0.095982 0.049076 0.227415 -0.022106 -0.003799 -0.080065 -0.074924 -0.398548 -0.065135 -0.149860 -0.145367 -0.227516 0.324726 0.020873 -0.188620 -0.085931 -0.042970 0.092348 -0.146251 -0.177276 0.016723 -0.245900 0.084003 0.150888 0.233802 -0.012512 0.060506 0.149472 -0.046092 0.060957 0.361916 -0.085416 0.221378 0.126281 0.017251 -0.032905 -0.037285 -0.126252 -0.049563 -0.088917 -0.181742 -0.030005 0.138637 0.121778 0.067483 -0.073388 -0.013664 -0.022313 -0.172230 -0.199394 -0.296615 -0.226090 -0.154669 0.059327 -0.146319 0.053581 0.205548 -0.001992 -0.017496 0.154855 -0.008393 0.025762 0.234918 -0.073182
-0.159658 0.394463 -0.333536 0.258485 0.142522 0.074580 -0.124295 0.188031 -0.111924 0.355770 0.322521 1.000000 0.439408 0.551608 0.112042 0.556515 -0.150805 0.216189 -0.476852 -0.162277 0.246971 -0.364809 -0.396705 0.068038 -0.022246 -0.106608 0.096663 -0.172744 0.193098 0.110994 -0.145793 -0.147971 -0.306136 -0.144357 -0.388265 0.003135 0.033758 0.111392 -0.161354 0.186629 0.010069 0.081163 0.066949 -0.021133 -0.028028 -0.015003 0.038717 -0.166872 -0.007851 0.037976 -0.028254 0.149945 0.003809 0.107447 -0.020841 0.080771 -0.061109 0.027118 -0.242991 -0.265312 -0.228802 0.447653 -0.180714 -0.015376 -0.012036 0.454626 -0.524183 -0.419184 -0.114805 0.037706 -0.172066 0.018007 -0.031428 -0.027448 0.055199 0.442942 0.031203 -0.243014 0.057336 0.076488 -0.267405 -0.197023 0.029359 0.218843 -0.080914 0.285228 -0.180478 0.067208 -0.009699 0.126043 0.251728 0.142529 0.100156 0.003058 -0.129477 0.137206 -0.137474 -0.267115 -0.003179 -0.052519 0.077000 -0.073481 -0.217321 -0.195749 0.025319 0.155365 -0.036946 0.203142 0.052112 -0.151144 -0.372617 -0.025260 0.084329 0.232817 0.300616 0.203009
0.013449 0.161848 -0.060354 -0.204279 0.427266 0.061289 0.374426 0.068156 0.314517 0.221514 0.481949 0.439408 1.000000 0.485224 0.495712 0.228872 0.179860 0.162729 -0.364312 -0.261125 -0.097693 -0.434837 -0.122373 -0.253276 -0.131113 -0.375739 0.062368 -0.427621 0.455584 0.034026 -0.418342 -0.360380 -0.094103 -0.026368 -0.334165 0.014134 0.006663 -0.103019 -0.260797 -0.069622 -0.163414 -0.201541 0.149198 0.006683 0.039814 -0.028009 0.170554 -0.092585 0.027004 0.137741 -0.051422 0.019123 0.103196 0.214842 0.066095 -0.071015 0.151558 -0.100426 0.214678 -0.166336 0.140357 0.198816 0.132194 0.197870 -0.160522 0.104510 -0.238610 -0.338308 -0.124585 -0.218366 -0.114288 -0.193886 0.311844 -0.234799 0.087771 0.176439 0.132950 -0.219655 0.077988 0.221408 0.024785 -0.000247 0.178225 0.010022 -0.083330 -0.131627 -0.107664 -0.239526 -0.189884 -0.311013 0.178676 0.000921 -0.117601 0.000788 -0.243382 0.054777 -0.134048 -0.329661 -0.010087 0.174256 -0.045811 -0.034151 -0.094391 -0.136681 -0.181103 -0.025950 -0.037508 -0.038862 0.080149 -0.018844 -0.275004 0.134097 0.036502 0.129090 0.108928 -0.134746
-0.169417 0.353516 -0.117857 0.273818 0.044312 -0.113563 0.212387 0.445250 0.045376 0.144093 0.121804 0.551608 0.485224 1.000000 0.002285 0.585055 0.056029 0.280394 -0.157595 -0.209813 0.227550 -0.359612 -0.283879 -0.001622 -0.150058 -0.219631 -0.059302 -0.343799 0.403409 0.305399 0.137087 0.184247 -0.104561 0.233513 -0.520707 -0.161342 0.063876 -0.010000 -0.092163 0.046086 0.097469 0.035850 -0.303446 -0.361618 -0.337291 -0.384064 -0.189683 -0.425651 -0.205798 -0.361339 -0.190620 -0.267041 -0.005486 -0.079809 0.003586 -0.127100 0.093614 0.051436 -0.048020 -0.220940 0.324524 0.279976 0.292231 0.355427 -0.047336 0.080449 -0.283201 -0.315525 -0.006014 -0.136459 -0.169077 0.151566 0.223933 -0.023779 0.242467 0.381768 0.044830 -0.286652 0.167521 0.187734 0.018567 0.015912 0.043903 0.307227 -0.091830 0.121788 -0.148186 0.079994 0.074946 0.016258 -0.008484 -0.038429 -0.098249 -0.083627 -0.271368 0.060051 -0.274752 -0.390417 -0.130581 -0.103552 -0.093219 0.046838 -0.062391 -0.014896 -0.127327 0.111861 0.001620 0.160707 0.115659 -0.148740 -0.407465 -0.373481 -0.279935 0.170772 0.310096 0.137248
0.040475 -0.094219 -0.076601 -0.243933 0.272881 0.332571 -0.054450 -0.259511 0.453432 0.106535 0.699736 0.112042 0.495712 0.002285 1.000000 0.037529 -0.016909 -0.015097 -0.253624 -0.043818 -0.058051 -0.139686 0.351268 0.145609 0.287043 0.122325 0.514120 0.211480 0.172175 -0.205313 -0.125851 -0.159855 -0.125591 -0.183745 0.065453 0.142162 0.061235 0.067786 0.195878 0.025442 -0.139306 -0.049246 0.081485 0.019049 0.086173 -0.003925 0.088219 0.064302 -0.072727 -0.003422 0.031907 -0.065090 -0.123615 0.012120 0.064414 -0.080794 0.071301 -0.083111 0.093255 -0.078972 -0.030202 -0.235729 -0.135670 -0.246464 0.229595 -0.081013 -0.047320 0.038403 0.024961 0.088804 -0.104403 -0.314543 0.010956 -0.238941 -0.074018 -0.047384 0.094852 0.030833 0.029871 0.023020 -0.051049 0.068832 0.535018 -0.079449 0.164503 0.043307 0.071394 -0.106552 0.015763 -0.113459 -0.020093 -0.016836 -0.041894 0.196633 -0.037593 0.042956 -0.034775 -0.174342 -0.136262 0.015502 -0.027733 -0.129832 -0.057192 -0.098867 -0.189280 0.051637 0.052847 -0.154570 0.138660 0.032664 0.090422 0.060912 0.012630 -0.058405 0.112974 -0.187671
-0.263602 0.209865 -0.154920 0.292480 0.128510 0.212664 -0.034962 0.339045 0.012479 0.373304 0.161593 0.556515 0.228872 0.585055 0.037529 1.000000 -0.264498 -0.103012 -0.223918 -0.072534 0.250570 -0.102287 -0.069367 0.286525 0.004373 0.132723 0.205555 0.044762 -0.069075 0.060390 0.093302 0.127056 -0.232332 0.014763 -0.371459 0.063505 -0.214342 -0.005657 -0.076100 0.276262 -0.012524 0.040052 -0.049060 -0.135226 -0.180802 -0.104081 -0.029922 -0.109126 -0.280432 -0.222627 -0.041289 -0.256459 -0.169103 -0.170022 -0.192210 -0.072187 -0.082783 -0.077966 -0.265889 -0.259988 0.145871 0.361046 -0.019856 0.022079 0.085175 0.320530 -0.435053 -0.184101 -0.094338 -0.051214 0.141086 -0.033979 -0.195658 0.004164 -0.018123 0.206851 -0.097269 -0.285507 0.110677 -0.060862 -0.238207 -0.274059 -0.051533 0.162132 -0.144834 0.184330 -0.188321 0.136256 0.058245 0.139423 0.155917 -0.029027 0.203208 -0.046819 -0.062618 0.215046 -0.023553 -0.199703 -0.138004 -0.119098 0.248848 0.072574 -0.129578 -0.099199 -0.034211 -0.051234 -0.125457 0.226389 -0.025315 0.059434 -0.146451 -0.084810 -0.002472 0.037075 0.067581 -0.073319
0.312590 0.059824 0.063750 -0.144578 0.050486 -0.329737 0.206934 -0.051077 0.014248 -0.128898 -0.008568 -0.150805 0.179860 0.056029 -0.016909 -0.264498 1.000000 0.737748 0.210890 0.022423 -0.059938 -0.253109 -0.188912 -0.408727 -0.270487 -0.469301 -0.119630 -0.375781 0.584995 0.550114 -0.196331 -0.265142 0.210555 0.196401 -0.216246 -0.360076 0.309063 0.042072 -0.256345 -0.321269 0.148251 -0.041869 -0.371052 -0.322570 -0.403275 -0.531509 -0.251714 -0.341297 -0.114260 -0.218657 -0.249969 -0.167688 0.041123 0.111185 -0.213422 -0.287683 0.469344 0.334249 0.126593 -0.012688 0.268421 -0.104799 0.450259 0.577041 -0.325056 -0.366826 -0.006227 -0.383842 0.141308 -0.182674 -0.034426 -0.022031 0.644416 0.083012 0.286239 0.165066 0.439607 0.031129 0.248888 0.496130 0.770482 0.729059 -0.013599 0.156561 -0.030496 -0.146135 -0.003108 -0.001723 -0.130701 -0.036040 0.115221 0.109161 -0.121225 0.080177 -0.342890 -0.017344 -0.396461 -0.287512 0.022807 0.361557 -0.118636 0.031987 0.110454 0.203700 -0.023050 -0.005725 0.012825 -0.071733 0.293800 -0.001857 -0.318467 -0.136489 -0.237562 0.186752 0.041913 -0.128782
0.323213 0.236246 -0.092982 0.042495 -0.100694 -0.430471 0.059559 -0.111844 -0.120657 -0.229926 0.097089 0.216189 0.162729 0.280394 -0.015097 -0.103012 0.737748 1.000000 0.105682 0.016084 0.100236 -0.369840 -0.360276 -0.388626 -0.254749 -0.411975 -0.131982 -0.315255 0.686016 0.713292 -0.013110 -0.155849 0.041090 0.150756 -0.221827 -0.375323 0.467850 0.281620 -0.249907 -0.169814 0.369251 0.229123 -0.407498 -0.385161 -0.351444 -0.575159 -0.260598 -0.436689 -0.002438 -0.230890 -0.216439 -0.067130 0.054247 0.057253 -0.068700 -0.180964 0.331410 0.392848 -0.050011 -0.146721 0.047794 -0.092523 0.311660 0.435965 -0.206096 -0.304337 -0.154688 -0.453389 0.110968 0.026286 -0.148942 0.202229 0.683382 0.244587 0.425060 0.449921 0.461370 0.028472 0.095110 0.497418 0.515390 0.681153 0.146877 0.421209 -0.056166 0.113084 -0.023082 -0.024338 -0.011352 0.049084 0.078660 0.079894 -0.225735 0.041820 -0.258525 0.024768 -0.399284 -0.295699 0.122412 0.154388 -0.298583 -0.075128 -0.040964 0.016140 -0.004029 0.045148 -0.010417 0.059465 0.304344 -0.091714 -0.435613 -0.244431 -0.233972 0.238987 0.186809 0.104970
0.206769 0.042629 0.563497 0.169525 -0.164773 -0.335013 0.382409 0.021351 0.052404 -0.417927 -0.158585 -0.476852 -0.364312 -0.157595 -0.253624 -0.223918 0.210890 0.105682 1.000000 0.361833 -0.208728 -0.113078 0.136673 -0.120502 -0.253576 -0.261753 -0.251381 -0.039093 0.035311 0.089724 0.326048 0.007407 0.132999 0.067569 -0.096100 -0.542488 -0.018771 -0.180968 0.083187 -0.190037 0.090936 -0.073829 -0.276968 -0.317714 -0.273497 -0.384693 -0.118811 -0.205963 0.153333 -0.187620 0.023897 -0.104508 0.090830 -0.048185 0.128536 -0.073540 -0.136959 0.309805 -0.094244 0.197879 0.290564 -0.251549 0.354606 0.221167 -0.171030 -0.506929 0.369780 0.053102 0.087357 0.294689 0.051555 0.012261 0.142925 0.049300 -0.031315 -0.243162 -0.153160 -0.076041 -0.316091 -0.140373 0.106775 0.183298 -0.093344 0.107225 -0.046371 -0.196814 0.268471 0.073446 0.236983 0.176339 -0.021883 0.165477 -0.109804 0.053232 0.092378 -0.071571 -0.055127 0.084518 0.324006 0.034549 -0.174548 0.079767 0.022533 0.070050 0.091151 -0.003246 -0.083259 0.196973 0.202470 -0.167881 -0.129863 -0.080944 0.020083 0.021758 -0.015547 0.118367
0.484673 0.066825 0.215387 0.002212 -0.046365 -0.015424 0.082210 -0.098399 -0.038551 -0.143260 0.041245 -0.162277 -0.261125 -0.209813 -0.043818 -0.072534 0.022423 0.016084 0.361833 1.000000 -0.116009 -0.076266 -0.124438 -0.085468 -0.215899 -0.191323 -0.088752 0.006400 0.049398 0.248692 0.051650 -0.058636 -0.030656 -0.040452 0.045949 -0.130319 -0.117840 -0.153669 -0.092038 0.168404 -0.024806 0.109723 0.046471 -0.122314 0.037632 -0.058134 -0.073689 0.065261 0.051200 -0.005544 0.217744 -0.149993 -0.233939 -0.030381 -0.164226 -0.233854 0.111193 0.210886 -0.208013 -0.218534 -0.038790 -0.129247 0.140051 -0.025746 -0.153843 -0.224111 -0.138499 -0.125891 0.158837 0.256042 0.188729 -0.240104 0.061354 0.146658 -0.074616 -0.307251 0.117504 0.190114 -0.169524 -0.091206 0.114112 0.058860 0.247296 0.194462 0.258659 -0.230611 0.115274 -0.044674 0.072093 -0.219696 0.085475 0.039441 0.048435 0.008919 -0.119065 -0.052656 -0.154313 0.204425 0.126217 -0.032829 0.079588 0.256957 0.046017 0.139623 -0.206690 -0.134907 -0.287665 0.105128 0.008644 -0.075929 0.089715 0.222802 0.015317 -0.071117 -0.263788 -0.142978
-0.230770 0.079879 -0.254588 0.008732 -0.173238 0.031864 -0.289453 -0.101428 -0.227253 0.033881 -0.050850 0.246971 -0.097693 0.227550 -0.058051 0.250570 -0.059938 0.100236 -0.208728 -0.116009 1.000000 0.256988 -0.098145 0.186278 0.178268 0.377766 0.493548 0.271177 0.176808 0.253068 0.405849 0.308686 -0.162429 0.064603 -0.183363 0.051104 0.105662 0.213846 0.076790 0.053816 0.066637 0.434358 -0.302838 -0.170836 -0.187746 -0.166883 -0.230517 -0.268830 -0.235559 -0.269596 -0.060596 -0.119962 0.018166 -0.048714 -0.057362 -0.077930 -0.085369 0.013586 -0.060410 -0.145329 -0.128077 -0.138512 -0.148979 -0.204694 0.046748 -0.022017 -0.218639 -0.110139 0.346487 0.065420 0.148322 0.387942 0.079656 0.338830 0.309629 0.454555 0.146934 -0.068476 0.284428 0.240006 -0.001991 0.060036 0.066933 0.088407 0.148566 0.296747 -0.038202 0.302465 0.188047 0.287953 -0.114998 0.186705 0.108995 0.305787 0.041411 0.114175 -0.110148 -0.067170 -0.142286 -0.185134 0.164337 0.021205 -0.018293 0.259362 0.206182 0.280948 0.213639 -0.057145 -0.035452 0.059716 -0.098264 -0.415167 -0.380647 0.280671 0.374689 0.255038
-0.131971 -0.330428 -0.071896 -0.250672 -0.225259 0.106915 -0.389980 -0.218499 -0.184478 -0.102653 -0.186810 -0.364809 -0.434837 -0.359612 -0.139686 -0.102287 -0.253109 -0.369840 -0.113078 -0.076266 0.256988 1.000000 0.406928 0.215153 0.356665 0.690040 0.254376 0.509967 -0.305299 -0.110178 0.282784 0.427274 0.116137 0.093480 0.369816 0.479953 0.156706 0.297826 0.364383 0.268585 0.021097 0.341916 0.029400 0.257348 0.106694 0.224540 -0.037017 0.224714 -0.148540 -0.025264 0.133480 0.022417 -0.002663 -0.107237 0.158248 0.079108 0.020943 -0.239807 0.123466 0.051532 -0.115574 -0.328096 -0.383724 -0.349977 0.224264 -0.015917 0.119933 0.331903 0.175558 -0.068533 0.114949 0.267714 -0.276704 0.226330 0.102967 0.016143 0.162400 0.389399 0.119934 0.027267 0.038430 -0.093441 -0.198434 -0.369781 0.065503 -0.118112 0.059066 0.113259 -0.072194 -0.140092 -0.365590 -0.266777 -0.135489 -0.069783 0.422250 -0.003161 0.443784 0.278552 -0.186243 -0.239832 -0.014298 -0.161159 -0.113544 -0.039804 -0.134855 -0.152371 0.154461 -0.334224 -0.283105 0.171392 0.577877 -0.103243 -0.125542 -0.281537 -0.140820 -0.056458
-0.171383 -0.332368 0.322687 -0.171742 0.088556 0.242901 -0.011801 -0.117364 0.275451 -0.043011 0.167219 -0.396705 -0.122373 -0.283879 0.351268 -0.069367 -0.188912 -0.360276 0.136673 -0.124438 -0.098145 0.406928 1.000000 0.293791 0.409700 0.468325 0.212658 0.442943 -0.329680 -0.374026 0.161112 0.174141 0.069406 -0.012717 0.339550 0.304142 -0.101405 0.150342 0.464161 0.084618 -0.103283 0.019446 0.112989 0.173142 0.120356 0.145166 0.081379 0.183552 -0.007471 -0.039367 0.250449 -0.036743 -0.190662 -0.055185 0.312039 0.124712 -0.164525 -0.320357 0.113673 -0.084132 0.135049 -0.433854 -0.225251 -0.305311 0.479306 -0.140512 0.124817 0.389619 -0.013503 0.014415 0.004207 -0.103330 -0.281209 -0.197630 -0.154773 -0.275867 -0.147699 0.182721 -0.185942 -0.238536 -0.173054 -0.170490 -0.039820 -0.490719 0.051445 -0.098021 0.114380 0.013986 -0.062946 -0.005855 -0.357428 -0.202659 -0.214533 0.032601 0.279436 -0.066861 0.357940 0.146555 -0.127321 -0.007889 -0.059933 -0.068641 -0.076121 -0.036110 -0.044674 0.072690 -0.075861 -0.282670 -0.175059 0.004808 0.448132 0.084717 0.000827 -0.303851 -0.032706 -0.158789
-0.482246 -0.036402 0.042045 0.489335 -0.017299 0.486120 -0.182597 0.276175 0.110524 0.314621 0.062700 0.068038 -0.253276 -0.001622 0.145609 0.286525 -0.408727 -0.388626 -0.120502 -0.085468 0.186278 0.215153 0.293791 1.000000 0.474142 0.588387 0.336746 0.438772 -0.459480 -0.272893 0.442064 0.582063 -0.221137 -0.010035 0.174526 0.249104 -0.185848 0.053768 0.316779 0.116123 0.025895 -0.055782 -0.217776 -0.167280 -0.063662 0.044835 -0.376630 -0.088805 -0.421407 -0.368476 -0.258925 -0.355105 -0.365730 -0.400004 -0.166198 -0.223263 -0.305706 -0.116423 -0.385572 0.011393 -0.150352 -0.031621 -0.297089 -0.303777 0.400624 0.101441 -0.039993 0.500459 -0.026674 0.223060 -0.072352 -0.066276 -0.526852 -0.179180 -0.368216 -0.196075 -0.434900 0.088216 -0.048782 -0.371519 -0.302905 -0.137249 0.135441 0.123033 0.269130 0.434326 0.035797 0.318727 0.254164 0.242428 -0.217282 -0.076788 0.230698 0.257524 0.162129 0.123374 -0.038212 0.044684 -0.506374 -0.387945 0.084496 0.074244 -0.015326 -0.038943 0.130769 0.192703 0.047676 -0.030500 0.038703 0.037615 0.161659 -0.137026 -0.112579 -0.079343 0.148629 0.025298
-0.376305 -0.108931 -0.015918 -0.085711 0.194833 0.575907 -0.380092 -0.253633 0.307603 0.378894 -0.052811 -0.022246 -0.131113 -0.150058 0.287043 0.004373 -0.270487 -0.254749 -0.253576 -0.215899 0.178268 0.356665 0.409700 0.474142 1.000000 0.742707 0.573499 0.554108 -0.404780 -0.257694 0.078926 0.214826 -0.183910 -0.276474 0.286358 0.147832 0.140069 0.257698 0.286044 0.150434 -0.089512 0.131569 -0.030869 0.100754 0.004251 0.047279 -0.098109 0.139578 0.055221 -0.045017 -0.032838 0.081330 -0.086221 -0.240692 0.063237 0.112168 -0.092833 0.075438 -0.094886 0.318199 -0.289262 -0.273914 -0.376410 -0.245731 0.246760 0.012556 0.083770 0.243930 0.165606 0.222948 0.041580 -0.055692 -0.347905 0.008395 -0.215720 -0.012978 -0.121318 0.172212 -0.044866 -0.180456 -0.218195 -0.136737 0.012339 -0.237750 -0.080750 -0.011477 0.144415 0.144924 0.079546 0.132657 -0.101462 0.006063 0.224995 0.202955 0.231805 -0.082642 0.271855 0.187366 -0.002691 -0.026838 0.063526 -0.047709 0.043738 -0.035631 0.057541 0.006310 0.120204 -0.176329 -0.196413 0.050798 0.309726 -0.139081 0.005434 0.044058 0.065582 -0.006779
-0.428967 -0.157742 -0.185701 -0.055552 -0.102961 0.478880 -0.530774 -0.217178 0.000583 0.184347 -0.037630 -0.106608 -0.375739 -0.219631 0.122325 0.132723 -0.469301 -0.411975 -0.261753 -0.191323 0.377766 0.690040 0.468325 0.588387 0.742707 1.000000 0.511294 0.834891 -0.518815 -0.310275 0.350343 0.467986 -0.138921 -0.149590 0.416280 0.442523 0.093632 0.410042 0.488303 0.325863 0.046892 0.269092 -0.027342 0.235770 0.039644 0.246561 -0.089644 0.246926 -0.216011 -0.192773 0.033276 -0.113198 -0.208518 -0.317368 0.065815 0.126496 -0.194760 -0.087606 -0.140415 0.134956 -0.321377 -0.347303 -0.559169 -0.527657 0.433126 0.112357 0.059917 0.489211 0.166654 0.206979 0.058867 0.128434 -0.551977 0.106404 -0.187037 -0.023609 -0.086892 0.352530 -0.007255 -0.187621 -0.276025 -0.257434 -0.016096 -0.231019 0.035996 0.212017 0.172787 0.279255 0.061001 0.176330 -0.319677 -0.191873 0.167481 0.119165 0.423159 0.007361 0.400684 0.316006 -0.245669 -0.317383 0.089777 -0.116930 -0.110136 -0.082291 -0.020701 -0.067363 0.117888 -0.189044 -0.278214 0.174592 0.528102 -0.134446 -0.111683 -0.191636 -0.023098 0.018248
-0.190222 -0.093518 -0.104656 -0.168202 0.249459 0.494911 -0.296496 -0.300500 0.218709 0.298480 0.241659 0.096663 0.062368 -0.059302 0.514120 0.205555 -0.119630 -0.131982 -0.251381 -0.088752 0.493548 0.254376 0.212658 0.336746 0.573499 0.511294 1.000000 0.465800 -0.071469 -0.170061 0.072846 0.007581 -0.328651 -0.344196 0.054067 0.085568 0.087806 0.136798 0.271547 0.101233 -0.287034 0.109888 -0.152404 -0.062021 -0.125015 -0.157379 -0.159115 -0.059552 -0.171025 -0.174336 -0.065579 -0.088362 -0.126680 -0.110275 -0.039921 -0.112994 0.034915 0.117222 -0.030034 0.065188 -0.125007 -0.297053 -0.321553 -0.375365 0.185079 -0.040665 -0.018895 0.063694 0.173034 0.221663 0.158499 -0.099272 -0.135732 0.041967 -0.126298 0.175945 -0.032529 -0.012693 0.258267 0.083274 -0.118504 0.050715 0.212553 -0.167286 0.166445 0.133795 0.025651 0.245545 0.248864 0.117750 0.101281 0.212971 0.366726 0.483709 0.222155 0.261289 0.006854 0.086122 -0.116957 -0.052473 0.322735 0.030412 0.149493 0.138369 0.073046 0.122623 0.251768 -0.139272 0.052283 0.258165 0.033852 -0.156108 -0.182292 0.166647 0.268920 0.008687
-0.202730 -0.032659 -0.180512 -0.122170 -0.258839 0.299815 -0.465207 -0.334423 -0.112365 -0.018699 0.149965 -0.172744 -0.427621 -0.343799 0.211480 0.044762 -0.375781 -0.315255 -0.039093 0.006400 0.271177 0.509967 0.442943 0.438772 0.554108 0.834891 0.465800 1.000000 -0.464437 -0.321563 0.319620 0.248637 -0.052346 -0.222457 0.411155 0.216825 0.129572 0.340250 0.521995 0.257650 0.132519 0.246821 0.021082 0.257140 0.014544 0.255353 -0.019319 0.285027 -0.190155 -0.219974 0.183714 -0.187880 -0.274785 -0.327376 0.066106 0.091051 -0.198687 0.075356 -0.223132 0.112176 -0.366981 -0.480738 -0.539956 -0.579882 0.504964 -0.032351 0.137713 0.503430 0.229951 0.360012 0.011540 0.078534 -0.530959 0.131539 -0.160330 -0.076332 0.016159 0.324789 -0.105021 -0.209384 -0.247214 -0.238995 0.090746 -0.183085 0.134784 0.234456 0.310409 0.350830 0.085042 0.265934 -0.266166 -0.137371 0.210997 0.187372 0.425212 -0.036143 0.398769 0.334216 -0.090224 -0.288126 0.134583 -0.075683 -0.131056 -0.081248 -0.047525 -0.146285 -0.040792 0.011438 -0.243431 0.199687 0.508704 -0.088207 -0.034533 -0.167728 -0.081963 -0.125017
0.346590 0.075266 -0.165832 -0.251632 -0.159901 -0.581466 0.130376 -0.213655 -0.108362 -0.359673 0.265799 0.193098 0.455584 0.403409 0.172175 -0.069075 0.584995 0.686016 0.035311 0.049398 0.176808 -0.305299 -0.329680 -0.459480 -0.404780 -0.518815 -0.071469 -0.464437 1.000000 0.681939 0.078596 -0.028221 0.210547 0.348674 -0.275306 -0.220450 0.481714 0.204382 -0.161572 -0.080075 0.362244 0.261868 -0.206651 -0.231218 -0.159689 -0.479925 -0.014585 -0.279730 -0.001205 -0.125417 -0.090836 -0.068401 0.219798 0.192298 0.013776 -0.144262 0.252276 0.109678 0.135136 -0.263198 0.201060 -0.130810 0.497839 0.352300 -0.331077 -0.388596 -0.154259 -0.439016 0.095850 -0.161992 -0.180170 0.268146 0.841299 0.120532 0.618098 0.493922 0.590895 0.012093 0.114400 0.539441 0.555051 0.543727 0.361435 0.351118 0.131770 -0.031891 -0.171001 -0.083754 -0.231585 -0.223918 -0.071310 -0.038299 -0.454322 -0.105424 -0.254380 -0.002393 -0.240808 -0.274205 0.030985 0.073246 -0.438945 -0.191727 -0.288423 -0.120309 -0.218355 -0.030355 -0.143771 0.039018 0.272573 -0.118899 -0.243218 -0.103213 -0.225864 0.144824 0.206007 0.014514
0.348200 0.060121 -0.144266 -0.039420 -0.263800 -0.489463 -0.010429 -0.120049 -0.276457 -0.265377 -0.107864 0.110994 0.034026 0.305399 -0.205313 0.060390 0.550114 0.713292 0.089724 0.248692 0.253068 -0.110178 -0.374026 -0.272893 -0.257694 -0.310275 -0.170061 -0.321563 0.681939 1.000000 0.209705 0.218671 0.192526 0.437444 -0.116825 -0.152167 0.390994 0.289683 -0.198574 0.002421 0.508774 0.468327 -0.298701 -0.345031 -0.194505 -0.488569 -0.164511 -0.259859 -0.010397 -0.179847 -0.117580 -0.129943 0.042035 -0.091743 -0.178528 -0.158753 0.291005 0.227573 -0.116341 -0.275325 0.070819 -0.074617 0.422483 0.437520 -0.285385 -0.359127 -0.238608 -0.418062 0.180158 -0.158259 -0.095951 0.346250 0.725402 0.370234 0.560615 0.443456 0.569589 0.135997 0.064736 0.464025 0.499033 0.564404 0.212254 0.514587 -0.004097 -0.090030 -0.034866 0.139822 -0.124679 -0.087666 -0.156848 -0.184707 -0.383445 -0.184303 -0.319208 -0.124268 -0.197869 -0.246240 0.054194 0.048683 -0.402720 0.025178 -0.180289 0.031291 -0.124757 -0.095011 -0.176990 0.027426 0.194664 -0.244720 -0.098416 -0.134594 -0.133890 0.160016 -0.056017 -0.026997
-0.181882 -0.101009 0.177507 0.237403 -0.388942 -0.156301 -0.063064 0.058372 -0.104505 -0.358128 -0.088674 -0.145793 -0.418342 0.137087 -0.125851 0.093302 -0.196331 -0.013110 0.326048 0.051650 0.405849 0.282784 0.161112 0.442064 0.078926 0.350343 0.072846 0.319620 0.078596 0.209705 1.000000 0.783620 -0.008817 0.342560 0.066287 0.098991 0.145585 0.230587 0.263376 0.051977 0.478401 0.326959 -0.392880 -0.294597 -0.039465 -0.111771 -0.300952 -0.174366 -0.241496 -0.382949 -0.148313 -0.326743 -0.083159 -0.380750 -0.070632 -0.166391 -0.298731 -0.066006 -0.150669 -0.124515 0.125831 -0.336110 0.085787 -0.223654 0.178262 -0.284539 0.084437 0.413740 0.056810 0.182238 0.020192 0.475044 -0.041265 0.247597 0.161622 0.070103 -0.017563 0.279968 -0.100803 -0.115542 -0.079167 0.068543 0.280301 0.367943 0.212462 0.390378 0.083447 0.269431 0.182156 0.249870 -0.480205 -0.133786 -0.230904 -0.016378 0.125286 0.072766 -0.025989 -0.012065 -0.292866 -0.527278 -0.287643 -0.149598 -0.255743 -0.122583 -0.113342 -0.014885 0.003905 0.029690 0.080069 -0.044170 0.142700 -0.294084 -0.372286 -0.218395 0.163044 0.095209
-0.303234 -0.146493 -0.023357 0.289734 -0.395962 -0.015579 -0.181673 0.166449 -0.160322 -0.177144 -0.206063 -0.147971 -0.360380 0.184247 -0.159855 0.127056 -0.265142 -0.155849 0.007407 -0.058636 0.308686 0.427274 0.174141 0.582063 0.214826 0.467986 0.007581 0.248637 -0.028221 0.218671 0.783620 1.000000 0.056434 0.455492 0.241423 0.344163 0.087437 0.280483 0.310761 0.163302 0.430629 0.332014 -0.284181 -0.182427 0.019813 -0.027607 -0.275259 -0.100288 -0.306564 -0.355920 -0.210310 -0.358029 -0.237123 -0.501930 -0.128165 -0.161936 -0.191662 -0.181550 -0.196140 -0.139151 0.059001 -0.188012 0.036884 -0.077398 0.212414 -0.126626 0.020055 0.445756 0.039166 -0.057478 -0.148995 0.471258 -0.093967 0.158629 0.134828 0.033681 -0.005691 0.352718 -0.044180 -0.049304 -0.006485 0.055646 0.218000 0.333063 0.223406 0.270912 -0.022039 0.279832 -0.010418 0.050705 -0.613717 -0.428363 -0.268779 -0.190335 0.108624 -0.079573 0.089121 0.075231 -0.501329 -0.545234 -0.320370 -0.133852 -0.246736 -0.157708 -0.152385 -0.029380 -0.047778 -0.084343 0.008871 -0.129364 0.353401 -0.263289 -0.288022 -0.217191 0.012002 0.034789
0.059707 -0.193507 -0.142266 -0.323249 -0.456506 -0.536782 -0.081629 -0.173477 -0.159733 -0.330627 0.008767 -0.306136 -0.094103 -0.104561 -0.125591 -0.232332 0.210555 0.041090 0.132999 -0.030656 -0.162429 0.116137 0.069406 -0.221137 -0.183910 -0.138921 -0.328651 -0.052346 0.210547 0.192526 -0.008817 0.056434 1.000000 0.680929 0.150321 -0.047807 0.117782 0.095518 0.056897 -0.128651 0.155409 0.081922 0.244593 0.271900 0.074561 -0.054145 0.320493 0.227338 0.133816 0.091433 0.273331 0.021288 0.336326 -0.018674 0.164606 0.048184 0.043544 -0.244456 0.084795 0.137928 0.056425 -0.053675 0.241875 0.324214 -0.052750 -0.305406 0.305605 -0.060256 0.234473 -0.399726 -0.122429 0.224866 0.367776 0.058000 0.529804 0.053317 0.419234 0.070208 0.170346 0.139324 0.373415 0.145394 -0.239965 -0.226798 -0.172722 -0.295224 0.049512 -0.130345 -0.313480 -0.209397 -0.390330 -0.449088 -0.566417 -0.511976 0.001366 -0.268949 0.266480 -0.109742 0.014246 0.048288 -0.464695 -0.314300 -0.412317 -0.128884 -0.210967 -0.261622 -0.294970 -0.105962 -0.009819 -0.129016 0.341070 0.104739 0.066649 -0.148872 -0.116947 -0.115385
-0.057037 -0.112614 0.030523 -0.006268 -0.328446 -0.460240 0.134352 0.223534 -0.093076 -0.267538 -0.087273 -0.144357 -0.026368 0.233513 -0.183745 0.014763 0.196401 0.150756 0.067569 -0.040452 0.064603 0.093480 -0.012717 -0.010035 -0.276474 -0.149590 -0.344196 -0.222457 0.348674 0.437444 0.342560 0.455492 0.680929 1.000000 -0.060446 0.131334 -0.038183 0.004167 -0.108185 -0.135752 0.259508 0.094192 -0.041523 -0.082707 0.053094 -0.197772 -0.042527 -0.094806 -0.114310 -0.170102 -0.018652 -0.256989 0.093817 -0.294847 -0.086409 -0.293995 0.042158 -0.358167 0.062094 -0.107690 0.267600 0.067353 0.402276 0.429842 -0.094205 -0.234881 0.099598 -0.002471 0.210543 -0.447819 -0.202753 0.430477 0.443593 0.084225 0.585107 0.122850 0.342141 0.076828 0.125370 0.176383 0.394787 0.248640 -0.093612 0.125649 -0.060890 0.015020 -0.075644 -0.038847 -0.166506 -0.127730 -0.518430 -0.596977 -0.655625 -0.546805 -0.159855 -0.144470 -0.002417 -0.290770 -0.393031 -0.231391 -0.501720 -0.251931 -0.410706 -0.145089 -0.208341 -0.225092 -0.215330 -0.054068 0.032795 -0.179118 0.197850 -0.168994 -0.265341 -0.117304 -0.008059 -0.137324
0.076011 -0.244827 -0.180342 -0.227953 -0.303095 0.083114 -0.274978 -0.383311 -0.209626 -0.143872 -0.008969 -0.388265 -0.334165 -0.520707 0.065453 -0.371459 -0.216246 -0.221827 -0.096100 0.045949 -0.183363 0.369816 0.339550 0.174526 0.286358 0.416280 0.054067 0.411155 -0.275306 -0.116825 0.066287 0.241423 0.150321 -0.060446 1.000000 0.411102 0.059554 0.255254 0.328607 -0.006224 0.202623 0.057564 0.309251 0.357747 0.390608 0.411228 0.234316 0.484039 0.136839 0.200397 0.183325 0.042716 -0.135076 -0.182972 0.069853 0.123689 -0.205905 -0.020578 -0.128171 -0.003479 -0.400802 -0.310668 -0.312133 -0.278540 0.426451 -0.104886 0.122192 0.358629 -0.149372 -0.091281 0.023432 0.075688 -0.117360 -0.028591 -0.182784 -0.241519 0.047133 0.538344 -0.256450 -0.189151 -0.102734 0.047627 0.062963 -0.182563 0.260449 -0.136541 0.083786 0.021185 -0.282265 -0.188154 -0.368993 -0.388995 -0.128713 -0.138942 0.138205 -0.316598 0.343723 0.241478 -0.063010 -0.172063 -0.194916 0.064197 -0.055768 0.007100 0.005648 -0.031440 -0.141801 -0.129633 -0.154078 -0.065735 0.585869 0.386006 0.292601 -0.187126 -0.322127 -0.185914
-0.142885 -0.338235 -0.173905 -0.165367 0.116951 0.251345 -0.262825 -0.025397 0.024347 0.108587 0.037369 0.003135 0.014134 -0.161342 0.142162 0.063505 -0.360076 -0.375323 -0.542488 -0.130319 0.051104 0.479953 0.304142 0.249104 0.147832 0.442523 0.085568 0.216825 -0.220450 -0.152167 0.098991 0.344163 -0.047807 0.131334 0.411102 1.000000 -0.119740 0.245462 0.188260 0.277507 0.146201 0.124596 0.266043 0.311642 0.536088 0.544182 0.089468 0.330285 -0.199355 0.154988 0.005410 -0.039818 -0.206666 -0.147851 -0.101525 0.034108 0.019694 -0.563020 0.226814 -0.375488 -0.025493 0.051663 -0.339856 -0.363461 0.371493 0.354697 -0.207806 0.329178 -0.150092 -0.307891 0.081373 0.034782 -0.283812 -0.019406 -0.141639 -0.164762 0.022712 0.415691 0.040102 -0.102767 -0.190141 -0.223090 0.042146 -0.161861 0.086755 0.152583 -0.181395 -0.041303 -0.246682 -0.285056 -0.363096 -0.455207 -0.195347 -0.201256 0.052387 0.034647 0.170215 0.037010 -0.521013 -0.221931 -0.002586 -0.086847 -0.222229 -0.133998 -0.286664 -0.164440 0.008603 -0.250341 -0.258492 0.122036 0.507437 0.201861 -0.123026 -0.491690 -0.304739 -0.217758
