1.000000 0.249569 -0.160621 -0.019289 -0.198226 -0.206914 -0.160413 0.095106 -0.023099 0.227227 0.517117 0.228550 0.227467 0.265249 0.152366 0.231950 0.331106 0.096060 0.297209 0.001725 -0.489967 -0.240061 -0.152462 -0.249888 -0.391290 -0.318012 -0.128677 -0.065151 -0.121435 -0.124157 -0.360379 -0.400691 -0.275963 -0.398512 -0.247179 -0.287135 -0.243201 -0.316348 -0.423686 -0.239231 -0.309326 -0.088551 -0.107147 -0.172809 -0.213873 -0.300650 -0.062512 -0.201220 0.067865 -0.106394 -0.006333 -0.019952 0.150632 -0.117188 0.085171 -0.186084 0.316949 0.112105 0.753694 0.306728 0.535186 0.561828 0.058780 0.317231 -0.239916 0.019432 0.182141 -0.318889 0.257680 -0.270557 -0.082566 0.055794 -0.177330 -0.080794 0.007592 -0.100128 -0.018667 -0.103378 0.124547 -0.200205 0.097997 -0.006332 -0.004266 0.117024 0.017771 -0.041579 0.057725 0.158607 0.023550 0.272634 0.011299 -0.014178 -0.004514 0.018046 -0.045505 -0.120185 -0.330960 -0.086644 -0.238620 0.001411 0.042785 0.216607 -0.279370 -0.002532 -0.268814 -0.093752 0.067908 0.066472 -0.107845 -0.036370 -0.294165 -0.123933 0.139778 -0.218520 -0.113540 0.082570
0.249569 1.000000 -0.611014 -0.332005 -0.500629 -0.421147 -0.730919 -0.508910 -0.516806 -0.436682 -0.160896 -0.157578 -0.354145 -0.195866 -0.170017 -0.147628 0.239082 0.306772 0.121515 0.606954 -0.181168 -0.110450 -0.640213 -0.523183 -0.418290 -0.227648 -0.266888 -0.167907 0.137402 0.019920 -0.256798 -0.385140 0.132291 -0.048327 -0.288992 -0.316155 -0.248652 -0.220417 -0.187393 -0.211311 -0.008898 0.085188 -0.069631 -0.019433 -0.012294 -0.127551 0.004126 0.055848 0.203787 0.117087 -0.009268 0.271771 0.255806 0.061131 0.186724 -0.063942 0.710195 0.748470 0.313849 0.599788 -0.051029 0.050682 0.431585 0.601719 -0.563837 -0.344470 0.559471 -0.099797 0.717647 0.413355 -0.016876 -0.264597 -0.112794 0.068608 -0.045296 -0.036843 -0.106430 -0.133586 0.350557 0.283120 0.591329 0.574403 0.088809 0.182124 0.281494 0.324196 0.090380 0.196096 -0.378672 -0.037446 -0.531361 -0.566327 -0.444029 -0.553365 -0.242263 -0.309727 -0.082005 -0.144567 -0.032290 -0.347938 0.140624 0.010255 0.174041 0.035061 -0.166783 -0.194299 -0.052870 -0.068458 -0.298015 -0.106266 -0.162403 -0.012829 -0.254912 -0.221379 -0.278426 -0.278390
-0.160621 -0.611014 1.000000 0.498920 0.471183 0.467789 0.711053 0.539260 0.388210 0.468823 0.052309 -0.004796 0.096276 0.248761 0.277345 0.207704 -0.508216 -0.478334 0.206359 -0.371583 0.371449 0.159605 0.777506 0.673576 0.576397 0.409066 0.540558 0.348753 -0.280834 -0.275788 0.681085 0.550144 -0.067569 0.121675 0.247690 0.295842 -0.030702 0.035890 0.206205 0.112285 -0.019180 0.045959 -0.037945 -0.045992 -0.189380 -0.027871 -0.141221 -0.008621 -0.325021 -0.332334 -0.121348 -0.402144 -0.366282 -0.277385 -0.310596 -0.177710 -0.601731 -0.578559 -0.260626 -0.419924 0.008530 -0.164139 -0.483543 -0.601195 0.643837 0.330212 -0.408175 0.183342 -0.647308 -0.316285 0.122066 0.150712 -0.183828 -0.118639 -0.078501 -0.071024 0.061825 0.106106 -0.462140 -0.410998 -0.712018 -0.658468 0.226460 -0.077844 -0.315251 -0.298423 0.004801 -0.026970 0.453122 0.055237 0.299725 0.529313 0.251687 0.525847 0.003369 0.005845 -0.027571 -0.115908 -0.125428 0.267640 0.025320 0.116344 0.049172 -0.034558 0.159984 0.041778 0.098076 0.217964 0.025603 -0.063671 0.263236 0.195533 0.266669 0.066095 0.177389 0.138124
-0.019289 -0.332005 0.498920 1.000000 0.237838 0.581882 0.352387 0.625179 0.430921 0.459938 0.089433 0.383539 0.206794 0.512472 0.118189 0.410408 -0.392274 -0.422179 0.263852 -0.280886 0.145990 0.106637 0.459953 0.469155 0.227492 0.353795 0.183870 0.425548 -0.391509 -0.167667 0.338863 0.340649 -0.164418 0.122687 0.028212 0.205451 0.087864 0.129788 0.119732 0.204532 -0.091726 0.085803 -0.344403 -0.323511 -0.515121 -0.335843 -0.381046 -0.320232 -0.481589 -0.592522 -0.160946 -0.424226 -0.234995 -0.357119 -0.173830 -0.330085 -0.532793 -0.493538 0.014406 -0.129995 0.165305 0.262530 -0.535339 -0.465836 0.359257 0.725660 -0.297792 0.284256 -0.409318 -0.350984 -0.083751 0.216704 -0.172684 0.011887 -0.024592 0.285905 0.127291 0.101636 -0.327796 -0.211069 -0.608236 -0.572832 0.046613 0.002367 -0.409387 -0.175664 -0.061541 0.040897 0.423409 0.362813 0.280534 0.414186 0.527681 0.379229 0.066616 -0.041337 0.081608 -0.071707 -0.291704 0.029544 0.139430 0.303369 0.188619 0.158775 0.199081 -0.144777 0.172424 -0.104355 -0.005595 -0.047525 0.195552 -0.051758 0.299852 0.047961 0.105695 -0.031607
-0.198226 -0.500629 0.471183 0.237838 1.000000 0.606360 0.502190 0.518354 0.688703 0.591202 0.108634 0.097749 0.174314 0.199776 0.243101 0.356987 -0.381852 -0.097255 -0.129713 -0.354324 0.132357 0.152207 0.377134 0.584951 0.544752 0.433425 0.600358 0.253056 0.255106 0.188774 0.393155 0.577169 0.026460 0.155279 0.302177 0.240265 0.193066 0.116222 0.052885 -0.080897 0.166322 0.084487 -0.022204 -0.133814 -0.175608 -0.094308 -0.042689 -0.243175 -0.256215 -0.168763 -0.171896 -0.235824 -0.107104 -0.066148 -0.248325 -0.161791 -0.566754 -0.548484 -0.328606 -0.493614 -0.068231 -0.039179 -0.277307 -0.312975 0.501353 0.108793 -0.452591 -0.208956 -0.563213 -0.272951 0.096790 0.165272 0.101385 0.108845 0.023337 0.080422 0.009309 0.051494 -0.239285 -0.194256 -0.485485 -0.366733 0.304700 0.240718 -0.182895 -0.165404 -0.078442 -0.049457 0.300950 0.098298 0.292356 0.307831 0.390197 0.343661 -0.074846 -0.047497 -0.376237 -0.153809 -0.177856 0.100273 0.001281 -0.162152 -0.030398 -0.074339 0.062698 0.055075 -0.101851 0.076776 -0.132539 -0.144742 -0.158367 0.007388 0.145004 0.113330 0.058181 0.061066
-0.206914 -0.421147 0.467789 0.581882 0.606360 1.000000 0.297787 0.437429 0.528359 0.623574 -0.132443 0.080941 0.039203 0.373558 0.120379 0.546883 -0.466863 -0.251183 0.032110 -0.352690 0.447050 0.466989 0.491645 0.607094 0.699019 0.745654 0.618708 0.696902 0.016020 0.113450 0.533328 0.587638 -0.011972 0.154378 0.285677 0.432545 0.291893 0.430656 0.294446 0.201983 0.242895 0.240821 -0.220932 -0.315265 -0.359674 -0.302822 -0.220050 -0.348091 -0.347716 -0.467146 -0.075925 -0.392016 -0.206782 -0.244926 -0.163008 -0.294915 -0.526413 -0.479244 -0.292014 -0.372583 -0.112603 -0.066889 -0.428099 -0.428349 0.198946 0.256594 -0.360689 0.148347 -0.390842 -0.246004 0.055461 0.397187 0.052604 0.082649 -0.138959 0.290561 0.030573 0.215135 -0.334763 -0.265046 -0.518747 -0.488811 0.184611 0.164441 -0.376141 -0.210798 -0.214207 -0.002074 0.162414 0.099142 0.310781 0.267639 0.431662 0.298112 0.061937 0.064100 -0.036515 -0.021092 -0.239837 0.143059 0.050736 -0.010737 -0.060738 0.067733 0.210409 0.126897 0.149492 0.018215 0.009982 -0.120715 0.172891 0.034527 0.052558 -0.017706 0.163820 0.018808
-0.160413 -0.730919 0.711053 0.352387 0.502190 0.297787 1.000000 0.686357 0.519762 0.494025 0.299027 0.261869 0.493544 0.280494 0.158431 0.237433 -0.230994 -0.309142 -0.033221 -0.520814 0.161612 0.137373 0.537504 0.483933 0.295553 0.103239 0.297342 -0.011662 -0.139371 -0.021840 0.420086 0.587125 -0.133722 0.099629 0.244175 0.339397 0.159226 0.129557 0.157074 0.093089 0.092490 -0.014969 0.085495 0.034629 -0.098716 0.037049 -0.114337 -0.083780 -0.272876 -0.209081 -0.277471 -0.347521 -0.307019 -0.197556 -0.313369 -0.118279 -0.716438 -0.788320 -0.206324 -0.529803 0.181295 0.056936 -0.486611 -0.634006 0.714795 0.331643 -0.693626 -0.044539 -0.804476 -0.417449 0.169694 0.282826 0.115957 0.089492 0.180086 0.078386 0.152497 0.197480 -0.432025 -0.338708 -0.726392 -0.695630 0.001640 0.007700 -0.387241 -0.436850 -0.008714 -0.085445 0.409626 -0.038261 0.536904 0.590318 0.463678 0.596430 0.216936 0.243767 -0.153974 -0.055430 -0.113844 0.258746 0.126433 0.096294 -0.028322 -0.003528 0.143515 0.172062 0.058067 0.073789 0.188663 0.111223 0.024293 0.162363 0.451613 0.201030 0.303035 0.233725
0.095106 -0.508910 0.539260 0.625179 0.518354 0.437429 0.686357 1.000000 0.616010 0.793529 0.378715 0.591634 0.426565 0.626633 0.143567 0.521986 -0.262176 -0.314313 0.130917 -0.507714 -0.013083 0.028302 0.272609 0.388025 0.065671 0.020476 0.201474 0.039397 -0.130823 0.089569 0.230896 0.488316 -0.252922 -0.038791 0.050817 0.219968 0.020616 0.005789 -0.093379 0.009932 -0.052071 0.017802 -0.117795 -0.177232 -0.372790 -0.231089 -0.273421 -0.312517 -0.386237 -0.446662 -0.309415 -0.439194 -0.310642 -0.366644 -0.345984 -0.346710 -0.667478 -0.731126 0.048302 -0.200257 0.225024 0.496050 -0.534858 -0.433779 0.609603 0.553467 -0.501168 -0.150195 -0.678421 -0.537643 0.003409 0.268043 0.016009 0.065730 0.099036 0.229198 0.036254 0.049225 -0.384632 -0.423011 -0.661853 -0.706790 0.104380 0.270336 -0.270870 -0.266788 -0.055998 0.023502 0.426094 0.207313 0.502579 0.480051 0.651902 0.545401 0.112131 0.084472 -0.170463 -0.050805 -0.286582 0.193213 0.287462 0.228446 0.080581 0.076571 0.172356 0.043296 0.222560 0.108211 0.060077 0.004801 -0.093459 0.102720 0.547478 0.133758 0.189651 0.028546
-0.023099 -0.516806 0.388210 0.430921 0.688703 0.528359 0.519762 0.616010 1.000000 0.687726 0.345688 0.381447 0.302381 0.364098 0.367220 0.576701 -0.256020 -0.200147 0.058868 -0.402453 -0.016300 0.098594 0.377780 0.513556 0.285988 0.236563 0.442867 0.364957 -0.022591 0.193703 0.216214 0.431597 -0.250475 -0.040036 0.118601 0.108158 0.209465 0.300547 0.176004 0.246127 0.193625 0.153034 -0.130012 -0.174530 -0.436383 -0.326580 -0.325027 -0.368676 -0.460340 -0.467037 -0.315550 -0.428513 -0.408783 -0.325541 -0.333502 -0.240440 -0.610311 -0.548975 -0.114033 -0.399626 0.106988 0.129657 -0.537145 -0.506167 0.416612 0.337284 -0.469175 -0.158836 -0.589209 -0.481526 0.258821 0.349282 0.194370 0.220845 0.177905 0.318104 0.173570 0.161874 -0.317182 -0.385237 -0.552788 -0.565148 0.259682 0.299155 -0.360475 -0.257202 -0.151573 -0.006296 0.433834 0.142779 0.346295 0.507808 0.625015 0.536502 0.161700 0.128969 -0.113509 0.022072 -0.321745 0.278749 0.114103 0.235334 0.016704 0.192020 0.262492 0.261837 0.207833 0.140933 0.013103 -0.137533 -0.048895 -0.004336 0.270036 0.107925 0.172265 0.189017
0.227227 -0.436682 0.468823 0.459938 0.591202 0.623574 0.494025 0.793529 0.687726 1.000000 0.342902 0.421704 0.381659 0.638562 0.186835 0.718616 -0.212523 -0.221062 0.193185 -0.447794 0.070293 0.104018 0.305795 0.405466 0.237753 0.186154 0.453123 0.275270 -0.031007 0.091627 0.271056 0.416102 -0.247057 -0.091740 0.052787 0.195851 0.036344 0.084562 -0.147183 0.039947 0.039239 0.167366 -0.109079 -0.255640 -0.404123 -0.333335 -0.215825 -0.383841 -0.353266 -0.467855 -0.268573 -0.483918 -0.251273 -0.312960 -0.273951 -0.381159 -0.560594 -0.603122 0.082777 -0.278044 0.255078 0.412152 -0.487245 -0.353330 0.367057 0.350615 -0.449034 -0.221339 -0.541916 -0.504348 0.149599 0.394171 0.025736 0.055405 0.052389 0.250868 -0.015329 0.080253 -0.336625 -0.505405 -0.562180 -0.663748 0.224443 0.318303 -0.227267 -0.228754 -0.115324 0.056793 0.349591 0.258282 0.509956 0.371351 0.561528 0.434951 0.070481 0.036583 -0.245126 0.056822 -0.365674 0.276220 0.262087 0.061855 -0.173189 0.033336 0.114964 0.179482 0.227012 0.200026 0.012507 -0.091610 -0.099505 0.092271 0.297540 -0.107337 0.129797 0.123024
0.517117 -0.160896 0.052309 0.089433 0.108634 -0.132443 0.299027 0.378715 0.345688 0.342902 1.000000 0.612699 0.625164 0.502264 0.502276 0.450493 0.089227 -0.090324 0.047340 -0.203313 -0.348755 -0.120388 0.050511 0.133105 -0.327422 -0.338585 0.059941 -0.167849 -0.066232 -0.006850 -0.041592 0.051327 -0.503909 -0.253227 -0.176494 -0.247366 -0.052611 -0.150971 -0.278523 -0.002922 -0.136349 0.024802 -0.101985 -0.117452 -0.416240 -0.350242 -0.262752 -0.277411 -0.285707 -0.273623 -0.313665 -0.211968 -0.078565 -0.207910 -0.218483 -0.328293 -0.187184 -0.390189 0.384254 -0.007007 0.396431 0.581998 -0.406008 -0.137371 0.268440 0.274844 -0.277803 -0.421504 -0.213346 -0.430541 0.132322 0.211412 -0.116655 0.157074 0.218054 0.246999 0.180937 0.076155 -0.181938 -0.224635 -0.237805 -0.317400 0.291873 0.315311 -0.002035 -0.016847 0.205788 0.408245 0.404519 0.409318 0.367260 0.443281 0.422096 0.353738 0.080827 0.162334 -0.300495 0.065975 -0.343791 0.057878 0.280426 0.142766 -0.204378 -0.072971 -0.049147 0.002614 0.183154 0.006036 0.096701 0.047877 -0.250428 -0.134390 0.350491 0.012854 0.158418 0.133166
0.228550 -0.157578 -0.004796 0.383539 0.097749 0.080941 0.261869 0.591634 0.381447 0.421704 0.612699 1.000000 0.479054 0.610587 0.168375 0.550202 -0.037618 -0.148419 0.016995 -0.281173 -0.276531 -0.121929 -0.138116 0.123897 -0.376396 -0.271715 -0.115852 -0.155602 -0.130466 0.154860 -0.165268 0.124580 -0.420367 -0.207555 -0.170675 -0.009431 0.017854 -0.027846 -0.222908 0.048572 -0.120566 0.070671 -0.139878 -0.144324 -0.409125 -0.245963 -0.346975 -0.290965 -0.372508 -0.356046 -0.288119 -0.279659 -0.126325 -0.203463 -0.352104 -0.411241 -0.306816 -0.409868 0.290538 0.064252 0.224996 0.643183 -0.422601 -0.231217 0.235552 0.507865 -0.279353 -0.211826 -0.292098 -0.365985 -0.011519 0.233501 -0.053193 0.176046 0.206507 0.479157 0.139737 0.140306 -0.204843 -0.208874 -0.224617 -0.362879 0.056338 0.385314 -0.130098 0.001503 -0.051089 0.309618 0.240158 0.330676 0.426907 0.333060 0.671384 0.300639 0.003633 0.050903 -0.207887 -0.033329 -0.360668 -0.030398 0.349378 0.174493 -0.048242 0.092135 0.156979 -0.082591 0.246162 -0.110813 0.024302 0.033917 -0.167824 -0.062244 0.349010 0.155231 0.203713 -0.002684
0.227467 -0.354145 0.096276 0.206794 0.174314 0.039203 0.493544 0.426565 0.302381 0.381659 0.625164 0.479054 1.000000 0.554975 0.118009 0.394768 0.108126 -0.217750 0.014299 -0.308835 -0.211228 -0.026233 0.176406 0.154220 -0.174425 -0.192553 -0.011173 -0.164069 -0.260698 -0.152989 -0.103251 0.094737 -0.293585 0.044582 -0.013841 0.031905 0.038148 -0.003289 -0.146433 0.040720 -0.066052 0.069365 -0.013238 -0.086982 -0.255732 -0.142374 -0.122376 -0.131879 -0.315342 -0.229477 -0.250005 -0.339308 -0.015338 -0.160353 -0.061158 -0.251812 -0.488263 -0.560887 0.210274 -0.270885 0.526760 0.529023 -0.401119 -0.377797 0.323264 0.425433 -0.542471 -0.194787 -0.297153 -0.270641 0.172006 0.314691 -0.093048 0.235401 0.266194 0.311824 0.114114 0.189440 -0.345804 -0.274675 -0.430086 -0.438945 -0.005394 0.113735 -0.163722 -0.041213 0.220322 0.248054 0.434491 0.293500 0.614030 0.435708 0.499315 0.378908 0.119529 0.144044 -0.178007 0.004375 -0.222370 -0.046787 0.223895 -0.007437 -0.247695 -0.052100 -0.132863 0.040918 0.036697 -0.088681 0.085160 0.178320 -0.085317 -0.231548 0.261612 -0.015960 0.243989 0.199276
0.265249 -0.195866 0.248761 0.512472 0.199776 0.373558 0.280494 0.626633 0.364098 0.638562 0.502264 0.610587 0.554975 1.000000 0.334760 0.708755 -0.108960 -0.276458 0.128270 -0.339115 0.090881 0.248913 0.185131 0.253249 0.040913 0.055810 0.208065 0.153737 -0.154032 0.009219 0.150367 0.139803 -0.296504 -0.056066 -0.097091 0.103514 -0.059162 -0.036725 -0.095571 0.058665 0.007253 0.210658 -0.214865 -0.350173 -0.419163 -0.431459 -0.168075 -0.282922 -0.289624 -0.439423 -0.164739 -0.295241 -0.074827 -0.213089 -0.035009 -0.365661 -0.437274 -0.505997 0.255401 0.037089 0.311344 0.621956 -0.438531 -0.191766 0.199050 0.450017 -0.266459 -0.145483 -0.325382 -0.427616 0.005162 0.287246 -0.159306 0.024280 0.033616 0.296300 -0.130274 -0.081774 -0.360947 -0.323027 -0.374193 -0.476983 0.229098 0.391191 -0.060438 0.040340 0.112048 0.349938 0.423589 0.510131 0.412451 0.228744 0.456423 0.271772 -0.014879 -0.097859 -0.155249 -0.112500 -0.276129 -0.098828 0.401417 -0.038553 -0.126392 -0.147737 -0.113597 -0.178495 0.194098 -0.098619 -0.136049 -0.048538 -0.057864 -0.194585 0.193551 -0.148053 0.014105 -0.107014
0.152366 -0.170017 0.277345 0.118189 0.243101 0.120379 0.158431 0.143567 0.367220 0.186835 0.502276 0.168375 0.118009 0.334760 1.000000 0.353292 -0.288928 -0.241271 -0.248862 -0.143629 0.165366 0.093997 0.450267 0.585072 0.276310 0.247869 0.389203 0.316717 -0.028161 -0.111973 0.219507 0.096178 -0.469397 -0.297899 0.078799 -0.144835 -0.068770 -0.235641 0.038957 0.073564 0.093083 0.089894 -0.115950 -0.108147 -0.211329 -0.169308 -0.187274 -0.131338 -0.175608 -0.169772 0.003868 -0.079029 -0.104772 -0.120101 -0.059193 -0.164208 -0.151422 -0.230226 -0.057157 -0.109750 -0.090769 -0.020980 -0.336964 -0.228495 0.275463 0.112547 -0.146919 -0.231943 -0.235274 -0.304967 0.059435 -0.016536 -0.336533 -0.042085 -0.158249 -0.070794 -0.106988 -0.112469 -0.275386 -0.223356 -0.223987 -0.238598 0.624215 0.276783 0.135888 0.089512 0.266153 0.432176 0.522206 0.417801 0.169902 0.319030 0.239948 0.292574 -0.221409 -0.093904 -0.192055 -0.174645 -0.131062 0.079371 0.144458 -0.192073 -0.131133 -0.195415 -0.077439 -0.089414 0.060570 -0.081137 -0.168121 -0.257358 -0.063435 -0.022262 0.063522 0.005408 -0.121634 0.026071
0.231950 -0.147628 0.207704 0.410408 0.356987 0.546883 0.237433 0.521986 0.576701 0.718616 0.450493 0.550202 0.394768 0.708755 0.353292 1.000000 -0.145027 -0.096105 0.149316 -0.351554 0.017006 0.225278 0.170033 0.349918 0.122878 0.207724 0.437034 0.383252 0.074361 0.261369 0.174054 0.270824 -0.464393 -0.254153 -0.072865 0.060511 0.088025 0.225084 -0.071793 0.195615 0.156842 0.371697 -0.249650 -0.339894 -0.556929 -0.508770 -0.350533 -0.425837 -0.355462 -0.553659 -0.244470 -0.366172 -0.097219 -0.233002 -0.179680 -0.522297 -0.421771 -0.472930 0.189859 -0.115169 0.278234 0.426362 -0.409742 -0.211275 0.203893 0.261485 -0.374317 -0.292473 -0.378310 -0.482145 0.188122 0.446735 0.018423 0.213447 0.012964 0.461354 0.017830 0.200175 -0.337144 -0.440091 -0.327576 -0.457459 0.354641 0.623354 -0.177718 -0.042135 -0.103710 0.299712 0.312038 0.256259 0.335849 0.285372 0.524365 0.228559 -0.008724 0.076676 -0.280363 0.034161 -0.401500 0.019934 0.341140 0.056872 -0.162200 0.003950 0.045796 0.057524 0.326412 0.082118 -0.047157 -0.096771 -0.039387 -0.060443 0.226960 -0.117066 0.184215 0.059224
0.331106 0.239082 -0.508216 -0.392274 -0.381852 -0.466863 -0.230994 -0.262176 -0.256020 -0.212523 0.089227 -0.037618 0.108126 -0.108960 -0.288928 -0.145027 1.000000 0.645733 0.102663 0.106285 -0.358219 -0.134321 -0.419930 -0.639464 -0.518221 -0.502107 -0.420908 -0.418288 0.301247 0.372844 -0.490201 -0.445242 0.159528 -0.019026 -0.102854 -0.143655 -0.036431 0.069398 -0.219537 0.058665 0.052364 0.029954 0.047873 -0.023468 0.172496 -0.058504 0.192627 -0.032973 0.335784 0.214705 0.157326 0.273534 0.250202 0.224789 0.378355 0.201043 0.429580 0.400476 0.312352 0.170516 0.356992 0.205449 0.561030 0.536855 -0.318135 -0.235443 0.100189 -0.158846 0.308330 0.007184 -0.068887 0.026456 0.406443 0.000593 0.165664 -0.080532 0.078947 -0.018243 0.532740 0.324448 0.454284 0.397007 -0.244484 0.032146 0.057291 -0.074889 -0.080545 -0.077006 -0.382219 -0.133565 -0.362849 -0.372928 -0.372214 -0.305464 0.043891 0.110220 -0.106086 0.004532 0.110984 -0.224432 -0.053390 0.018925 -0.277342 -0.151829 -0.343073 -0.004779 -0.062256 -0.004579 -0.031072 0.154352 -0.141950 -0.344956 -0.250472 -0.319109 -0.078069 -0.167851
0.096060 0.306772 -0.478334 -0.422179 -0.097255 -0.251183 -0.309142 -0.314313 -0.200147 -0.221062 -0.090324 -0.148419 -0.217750 -0.276458 -0.241271 -0.096105 0.645733 1.000000 -0.046305 0.280459 -0.221634 0.027628 -0.457909 -0.495449 -0.213290 -0.215762 -0.240462 -0.255130 0.639881 0.663860 -0.262833 -0.259585 0.192176 -0.011387 -0.135839 -0.143208 0.051131 0.065352 -0.200205 -0.165475 0.273936 -0.024202 0.127845 0.090020 0.201496 0.009027 0.244562 0.029622 0.342248 0.296838 0.053262 0.280857 0.224796 0.262618 0.225832 0.107521 0.345607 0.317498 0.144798 0.096727 0.045645 -0.045108 0.590879 0.666125 -0.354859 -0.567617 0.180253 -0.282735 0.177647 -0.002391 -0.228869 -0.162900 0.589819 0.115239 -0.024113 -0.136818 0.024630 -0.056553 0.628696 0.497526 0.542618 0.592404 -0.129329 0.201794 0.081841 -0.037535 -0.143867 -0.174637 -0.481788 -0.350256 -0.371978 -0.375484 -0.376688 -0.403978 -0.001717 -0.000918 -0.238486 0.042191 0.207035 -0.118872 -0.067615 0.021078 -0.092809 -0.067472 -0.208883 -0.072786 -0.088153 -0.054684 -0.022230 0.058193 -0.268828 -0.176384 -0.161144 -0.130006 -0.141639 -0.139141
0.297209 0.121515 0.206359 0.263852 -0.129713 0.032110 -0.033221 0.130917 0.058868 0.193185 0.047340 0.016995 0.014299 0.128270 -0.248862 0.149316 0.102663 -0.046305 1.000000 0.320865 -0.094962 -0.233883 -0.102454 -0.259278 -0.166725 -0.200798 0.022669 0.046463 -0.249089 -0.082291 0.063732 -0.056273 0.168244 0.243539 -0.101784 -0.068615 -0.234480 0.195128 0.146779 0.287724 -0.186970 0.298581 -0.164079 -0.103931 -0.346158 -0.326059 -0.205143 -0.019677 -0.282292 -0.352210 -0.305200 -0.360044 -0.299705 -0.401408 -0.126136 -0.202106 -0.106215 0.003772 0.372101 0.210506 0.491907 0.280339 -0.078743 0.016989 -0.069151 0.195487 0.126403 0.248505 0.129618 0.018752 0.144534 0.051770 0.100941 0.224160 0.216657 0.155668 0.259696 0.180398 -0.079701 -0.152918 -0.179561 -0.236884 0.023498 0.134647 -0.452643 -0.331020 -0.059124 -0.007925 0.018095 0.013852 -0.144582 0.182819 -0.089511 0.194312 0.077436 -0.047518 0.142762 0.039152 -0.167330 0.122222 0.011802 0.591223 0.266066 0.370422 0.107156 -0.089055 0.234125 0.196512 -0.121904 -0.031023 0.262465 -0.078983 0.100244 -0.023877 0.102557 0.067823
0.001725 0.606954 -0.371583 -0.280886 -0.354324 -0.352690 -0.520814 -0.507714 -0.402453 -0.447794 -0.203313 -0.281173 -0.308835 -0.339115 -0.143629 -0.351554 0.106285 0.280459 0.320865 1.000000 0.007650 -0.253611 -0.379309 -0.351577 -0.224339 -0.164824 -0.243258 -0.159114 0.025366 -0.060576 -0.042584 -0.226528 0.302929 0.329092 -0.217148 -0.273422 -0.101133 0.025041 0.131412 0.041912 0.049911 0.213636 0.004265 0.112945 -0.044275 -0.030574 -0.087087 0.223451 -0.117298 0.059126 -0.245058 -0.062535 -0.115166 -0.178674 -0.042341 -0.169966 0.448106 0.541392 0.008562 0.271811 -0.193892 -0.188086 0.249117 0.331095 -0.470834 -0.337195 0.385241 0.150198 0.617785 0.664277 0.113669 -0.270319 0.035871 0.298798 0.070307 0.038635 0.172237 0.080087 0.227954 0.458451 0.374993 0.514049 0.063655 0.071487 0.034502 0.127379 0.299865 0.153912 -0.174659 -0.008240 -0.396623 -0.182971 -0.361158 -0.139373 -0.147239 -0.181652 0.091823 0.010436 -0.057330 -0.164584 -0.049535 0.148693 0.411178 0.294177 0.003600 -0.220813 -0.000654 -0.043613 -0.265160 -0.062340 0.101174 0.049299 -0.181552 0.053688 -0.105853 -0.065901
-0.489967 -0.181168 0.371449 0.145990 0.132357 0.447050 0.161612 -0.013083 -0.016300 0.070293 -0.348755 -0.276531 -0.211228 0.090881 0.165366 0.017006 -0.358219 -0.221634 -0.094962 0.007650 1.000000 0.547322 0.386788 0.380860 0.673985 0.603634 0.500026 0.411512 0.055544 -0.064001 0.655102 0.500333 0.164722 0.357031 0.309501 0.398658 0.072564 0.182277 0.449836 0.284492 0.365022 0.238609 0.005807 -0.000907 0.074512 0.076399 -0.018761 0.119663 -0.163861 -0.084749 -0.036463 -0.192823 -0.233868 -0.125565 -0.008039 -0.052848 -0.234404 -0.139963 -0.551007 -0.130103 -0.352300 -0.346368 -0.178537 -0.243489 0.121460 -0.025850 -0.224647 0.296642 -0.245801 0.091686 0.131243 0.098796 0.005942 -0.082194 -0.278195 -0.020726 -0.161653 0.081483 -0.253565 -0.064497 -0.277851 -0.217307 0.218542 0.038370 -0.137461 -0.148625 -0.032302 0.002778 0.078525 -0.039456 0.014534 0.061760 -0.065292 0.095151 -0.071035 0.125581 0.201924 -0.054254 0.100570 0.065095 0.077417 -0.259477 0.051018 -0.096556 0.103796 0.069986 0.052047 -0.055977 -0.040942 -0.111890 0.339587 0.198289 -0.121883 -0.103640 0.104853 -0.007793
-0.240061 -0.110450 0.159605 0.106637 0.152207 0.466989 0.137373 0.028302 0.098594 0.104018 -0.120388 -0.121929 -0.026233 0.248913 0.093997 0.225278 -0.134321 0.027628 -0.233883 -0.253611 0.547322 1.000000 0.201679 0.194729 0.450506 0.523622 0.294631 0.337164 0.181335 0.166132 0.383539 0.369812 0.109280 0.128174 0.021708 0.210559 0.471395 0.387908 0.386141 0.087616 0.698128 0.092468 -0.101430 -0.159678 -0.098151 -0.266856 -0.106654 -0.210393 -0.060922 -0.185744 0.004414 -0.060755 -0.067527 -0.048641 0.070209 -0.031103 -0.169262 -0.153264 -0.195466 -0.111866 -0.112495 -0.152748 -0.144713 -0.094175 -0.077430 -0.118623 -0.210130 0.063069 -0.212251 -0.116247 0.108378 0.184904 0.240397 -0.036708 -0.171316 0.090343 -0.134418 0.019625 -0.010159 0.072807 -0.089280 -0.096132 0.123598 0.029234 -0.075408 -0.068208 -0.121894 0.031611 0.022865 -0.017972 -0.067615 -0.033859 -0.010108 -0.005308 0.244930 0.167868 0.078574 0.010395 -0.084438 -0.086292 0.149970 -0.112429 -0.160789 -0.029008 0.097749 0.237303 0.092354 0.087819 0.180233 -0.026637 -0.036403 -0.118868 -0.063750 -0.224783 0.067740 -0.079718
-0.152462 -0.640213 0.777506 0.459953 0.377134 0.491645 0.537504 0.272609 0.377780 0.305795 0.050511 -0.138116 0.176406 0.185131 0.450267 0.170033 -0.419930 -0.457909 -0.102454 -0.379309 0.386788 0.201679 1.000000 0.802799 0.685068 0.586532 0.589433 0.553170 -0.299652 -0.375799 0.599495 0.383884 -0.184482 0.071189 0.333061 0.279711 0.066277 0.074376 0.224140 0.177048 0.034831 0.028298 -0.096735 -0.124975 -0.154577 -0.022605 -0.101949 -0.025734 -0.298923 -0.270032 0.050794 -0.338655 -0.259270 -0.150126 -0.127418 -0.080070 -0.492237 -0.474680 -0.347551 -0.552517 -0.073777 -0.292695 -0.460593 -0.600142 0.460038 0.305270 -0.409793 0.179220 -0.514351 -0.230512 0.152266 0.188350 -0.283386 -0.137790 -0.141036 -0.094460 0.035772 0.133502 -0.391810 -0.292347 -0.619377 -0.517184 0.238165 -0.225252 -0.227443 -0.160891 0.120489 0.026481 0.500768 0.124027 0.290978 0.507164 0.258085 0.460729 0.010511 0.023519 0.038677 -0.029964 -0.091779 0.225795 -0.078081 -0.085265 -0.158806 -0.125962 -0.001635 0.083163 -0.008940 0.033784 0.051990 -0.060093 0.313216 0.116015 0.060779 -0.043585 0.104639 0.176562
-0.249888 -0.523183 0.673576 0.469155 0.584951 0.607094 0.483933 0.388025 0.513556 0.405466 0.133105 0.123897 0.154220 0.253249 0.585072 0.349918 -0.639464 -0.495449 -0.259278 -0.351577 0.380860 0.194729 0.802799 1.000000 0.676531 0.668538 0.670137 0.554328 -0.166931 -0.282384 0.569306 0.572127 -0.287747 0.029701 0.307763 0.288787 0.079106 0.019453 0.129036 0.077690 0.081835 0.084858 -0.185242 -0.206676 -0.305139 -0.081581 -0.278394 -0.252782 -0.419403 -0.364371 -0.037805 -0.375673 -0.180165 -0.195874 -0.293663 -0.336718 -0.514883 -0.500506 -0.405184 -0.493738 -0.188437 -0.196110 -0.577584 -0.630319 0.525875 0.372427 -0.439060 0.052821 -0.532713 -0.180172 0.172848 0.168476 -0.372410 -0.081378 -0.158574 0.075927 -0.020925 0.125091 -0.455300 -0.313774 -0.636772 -0.539375 0.460275 0.042377 -0.162365 0.000717 0.125217 0.193171 0.520115 0.231572 0.387028 0.510009 0.500485 0.460521 -0.159316 -0.041048 -0.175086 -0.091833 -0.262836 0.130851 0.057047 -0.202783 -0.106836 -0.100551 0.156495 0.113832 0.077317 0.007292 -0.050570 -0.204371 0.140189 0.150647 0.136196 0.076793 0.142789 0.151799
-0.391290 -0.418290 0.576397 0.227492 0.544752 0.699019 0.295553 0.065671 0.285988 0.237753 -0.327422 -0.376396 -0.174425 0.040913 0.276310 0.122878 -0.518221 -0.213290 -0.166725 -0.224339 0.673985 0.450506 0.685068 0.676531 1.000000 0.844745 0.737730 0.639965 0.104571 -0.059940 0.684436 0.499401 0.106311 0.223240 0.444888 0.428619 0.067171 0.176720 0.339409 0.100499 0.230369 0.156836 0.026731 -0.077514 0.091386 0.076736 0.130870 0.016038 -0.062479 -0.041821 0.156754 -0.116495 -0.119703 0.041644 -0.023012 0.021391 -0.397658 -0.316213 -0.510640 -0.474421 -0.316605 -0.489961 -0.224581 -0.334517 0.230738 -0.094648 -0.261199 0.136598 -0.378970 -0.085195 0.000061 0.060680 -0.073304 -0.176539 -0.351518 -0.196481 -0.209908 -0.019109 -0.311815 -0.166407 -0.382055 -0.273513 0.260279 -0.033483 -0.160089 -0.144190 -0.058500 -0.131313 0.137025 -0.106449 0.145175 0.167037 0.030712 0.212516 -0.160412 -0.082945 -0.047059 -0.139215 0.132051 0.145016 -0.096010 -0.230916 -0.056254 -0.153653 0.050031 0.054064 -0.102642 0.023477 -0.102915 -0.232621 0.204199 0.140226 -0.078758 -0.009169 -0.021127 0.045785
-0.318012 -0.227648 0.409066 0.353795 0.433425 0.745654 0.103239 0.020476 0.236563 0.186154 -0.338585 -0.271715 -0.192553 0.055810 0.247869 0.207724 -0.502107 -0.215762 -0.200798 -0.164824 0.603634 0.523622 0.586532 0.668538 0.844745 1.000000 0.640763 0.808631 0.053904 -0.101242 0.603493 0.503556 0.011226 0.151452 0.220477 0.249575 0.197374 0.251719 0.333859 0.118062 0.302835 0.255342 -0.185392 -0.237458 -0.188772 -0.161596 -0.116733 -0.161966 -0.193717 -0.275532 0.150967 -0.208430 -0.052405 -0.069917 -0.010065 -0.141322 -0.222718 -0.140891 -0.445129 -0.465825 -0.314501 -0.442888 -0.258149 -0.321882 0.085804 0.024799 -0.251700 0.132908 -0.198174 0.039698 0.035598 0.136807 -0.178029 -0.088052 -0.315303 0.006173 -0.130133 0.058178 -0.162313 -0.064922 -0.274931 -0.157173 0.309775 -0.019109 -0.129136 0.026594 -0.062202 0.016401 0.181030 0.019688 0.101488 0.126599 0.147694 0.117371 -0.227521 -0.082839 -0.075578 -0.108424 -0.123300 -0.018834 -0.063005 -0.216247 -0.132627 -0.040086 0.070110 0.145662 -0.103402 0.068828 -0.079531 -0.200768 0.165690 0.026917 -0.195487 -0.030045 -0.005515 -0.017806
-0.128677 -0.266888 0.540558 0.183870 0.600358 0.618708 0.297342 0.201474 0.442867 0.453123 0.059941 -0.115852 -0.011173 0.208065 0.389203 0.437034 -0.420908 -0.240462 0.022669 -0.243258 0.500026 0.294631 0.589433 0.670137 0.737730 0.640763 1.000000 0.599813 0.126658 -0.044794 0.703856 0.585317 -0.176584 0.061465 0.335650 0.296860 -0.048030 0.161706 0.172757 0.114149 0.139179 0.265345 -0.114561 -0.188200 -0.220581 -0.164630 -0.083182 -0.163571 -0.237059 -0.262235 -0.106696 -0.244137 -0.144155 -0.095440 -0.191188 -0.250961 -0.337168 -0.352472 -0.299236 -0.348808 -0.109868 -0.185956 -0.331887 -0.309932 0.313767 0.038780 -0.340062 -0.110103 -0.402406 -0.187010 0.277856 0.141570 -0.144729 -0.027159 -0.185815 0.003577 -0.072301 0.142307 -0.386402 -0.375582 -0.458816 -0.438313 0.526264 0.235602 -0.184643 -0.126786 -0.039581 0.101141 0.243636 0.049689 0.147906 0.269615 0.107925 0.181737 -0.143514 -0.063283 -0.219878 -0.081231 -0.155185 0.240697 0.165822 -0.213511 -0.125972 -0.150089 0.039881 0.151364 0.069753 0.080817 -0.109169 -0.194598 0.155441 0.214722 0.028271 -0.116704 0.026120 0.099480
-0.065151 -0.167907 0.348753 0.425548 0.253056 0.696902 -0.011662 0.039397 0.364957 0.275270 -0.167849 -0.155602 -0.164069 0.153737 0.316717 0.383252 -0.418288 -0.255130 0.046463 -0.159114 0.411512 0.337164 0.553170 0.554328 0.639965 0.808631 0.599813 1.000000 -0.111734 -0.098232 0.477171 0.275109 -0.265136 -0.100415 0.050584 0.058311 0.097992 0.273966 0.329441 0.235964 0.117205 0.198706 -0.176225 -0.178484 -0.340258 -0.305873 -0.234272 -0.145568 -0.262642 -0.423889 0.076475 -0.265526 -0.177354 -0.212730 -0.044991 -0.190469 -0.194500 -0.129687 -0.192888 -0.283421 -0.186756 -0.294091 -0.395747 -0.364249 -0.042823 0.088110 -0.168669 0.096857 -0.149347 -0.142263 0.124938 0.276053 -0.165081 0.071138 -0.199908 0.107644 0.044710 0.193181 -0.204813 -0.256078 -0.306211 -0.293073 0.242910 -0.027495 -0.265813 -0.063951 -0.212251 -0.007957 0.178806 0.048432 0.105570 0.253605 0.209554 0.191394 -0.031361 0.004830 0.153953 0.067043 -0.183042 0.214324 0.016057 0.055969 -0.075070 0.108529 0.186386 0.233113 0.095998 0.143233 0.009045 -0.080483 0.340128 0.131077 -0.132536 -0.028959 0.019059 0.141903
-0.121435 0.137402 -0.280834 -0.391509 0.255106 0.016020 -0.139371 -0.130823 -0.022591 -0.031007 -0.066232 -0.130466 -0.260698 -0.154032 -0.028161 0.074361 0.301247 0.639881 -0.249089 0.025366 0.055544 0.181335 -0.299652 -0.166931 0.104571 0.053904 0.126658 -0.111734 1.000000 0.656040 0.084061 0.105844 0.131225 -0.028403 -0.078306 -0.092955 0.087959 0.033106 -0.149481 -0.185637 0.366730 0.122131 0.125908 0.001642 0.218463 -0.035258 0.311052 -0.078786 0.395355 0.293681 0.131255 0.371446 0.274449 0.423816 0.214981 0.132191 0.194421 0.119068 -0.139558 -0.075596 -0.207330 -0.142550 0.504414 0.495429 -0.186694 -0.544260 -0.045595 -0.474448 -0.043362 -0.076217 -0.029262 -0.009955 0.534753 0.020184 -0.079491 -0.055451 -0.157113 -0.088720 0.476671 0.257485 0.418889 0.397554 0.148088 0.389872 0.205347 0.040175 -0.230515 -0.132796 -0.449823 -0.281063 -0.238006 -0.336451 -0.272607 -0.351928 -0.206551 0.067962 -0.367839 0.016306 0.242162 -0.094135 -0.067372 -0.202685 -0.182773 -0.353189 -0.287701 -0.070758 -0.164498 -0.056979 -0.064870 -0.014578 -0.380919 -0.002900 -0.142114 -0.175112 -0.224208 -0.138614
-0.124157 0.019920 -0.275788 -0.167667 0.188774 0.113450 -0.021840 0.089569 0.193703 0.091627 -0.006850 0.154860 -0.152989 0.009219 -0.111973 0.261369 0.372844 0.663860 -0.082291 -0.060576 -0.064001 0.166132 -0.375799 -0.282384 -0.059940 -0.101242 -0.044794 -0.098232 0.656040 1.000000 -0.089442 0.125476 0.069778 -0.066050 -0.002703 0.058309 0.250957 0.371257 -0.026902 0.085341 0.369497 0.144197 0.124212 0.017792 0.043837 -0.115905 0.065492 -0.142515 0.144563 0.035297 -0.091877 0.137938 -0.022542 0.117031 -0.043319 -0.013635 -0.023107 -0.067047 -0.074267 -0.003059 -0.097172 0.015385 0.289510 0.322579 -0.113033 -0.380696 -0.092369 -0.337064 -0.132761 -0.192134 -0.129755 0.199531 0.737294 0.282718 0.106694 0.197321 0.140022 0.125736 0.348508 0.236866 0.264830 0.229354 -0.061440 0.503140 -0.075470 -0.215274 -0.326947 -0.216571 -0.415949 -0.362308 -0.131178 -0.181155 0.027183 -0.110066 0.094612 0.289264 -0.152585 0.079175 0.133819 0.055552 0.165815 0.099344 0.091856 0.078685 0.075357 0.023857 0.085937 -0.060535 0.077006 0.181222 -0.177837 0.008549 0.055119 0.100820 0.029955 -0.269332
-0.360379 -0.256798 0.681085 0.338863 0.393155 0.533328 0.420086 0.230896 0.216214 0.271056 -0.041592 -0.165268 -0.103251 0.150367 0.219507 0.174054 -0.490201 -0.262833 0.063732 -0.042584 0.655102 0.383539 0.599495 0.569306 0.684436 0.603493 0.703856 0.477171 0.084061 -0.089442 1.000000 0.727212 0.028651 0.311974 0.164471 0.243351 0.017633 0.181585 0.317432 0.097426 0.238414 0.243402 -0.034275 -0.052035 -0.200968 -0.146590 -0.071397 0.024469 -0.286185 -0.284871 -0.226803 -0.306640 -0.338045 -0.208492 -0.222625 -0.200194 -0.341240 -0.334032 -0.479073 -0.363769 -0.337716 -0.363594 -0.366059 -0.401075 0.347661 0.009168 -0.345346 0.075987 -0.423509 -0.079299 0.180830 0.179635 -0.064019 0.006526 -0.168333 0.041525 0.026950 0.128475 -0.274638 -0.136426 -0.454535 -0.356034 0.405608 0.079506 -0.178834 -0.130161 0.051775 0.063655 0.196672 -0.055343 0.111073 0.284984 0.044090 0.240142 -0.063650 0.028177 -0.014435 -0.016519 -0.083764 0.160146 0.132362 -0.052363 0.091347 -0.126413 0.108570 0.051858 0.051862 0.097272 0.000141 -0.030383 0.232567 0.316881 0.081442 -0.089406 0.104744 -0.023009
-0.400691 -0.385140 0.550144 0.340649 0.577169 0.587638 0.587125 0.488316 0.431597 0.416102 0.051327 0.124580 0.094737 0.139803 0.096178 0.270824 -0.445242 -0.259585 -0.056273 -0.226528 0.500333 0.369812 0.383884 0.572127 0.499401 0.503556 0.585317 0.275109 0.105844 0.125476 0.727212 1.000000 -0.006102 0.325601 0.225441 0.354682 0.246507 0.348606 0.280891 0.176459 0.303495 0.217526 -0.031193 -0.047187 -0.292278 -0.097431 -0.304148 -0.210837 -0.459943 -0.365459 -0.448531 -0.463722 -0.396379 -0.354825 -0.477321 -0.380620 -0.487429 -0.489748 -0.535503 -0.447962 -0.212590 -0.160046 -0.478877 -0.502335 0.495060 0.189486 -0.614072 -0.000727 -0.541673 -0.079527 0.279047 0.326966 0.108520 0.135951 0.017452 0.296657 0.201855 0.303407 -0.299002 -0.178109 -0.556501 -0.464698 0.307247 0.233007 -0.330783 -0.268769 -0.001181 0.060710 0.180755 -0.109190 0.334598 0.433315 0.387316 0.374526 0.059889 0.251652 -0.111788 0.028664 -0.293884 0.189445 0.194553 0.005220 0.084910 0.114654 0.326387 0.289900 0.200582 0.091817 0.124804 0.014235 0.093721 0.254726 0.311113 0.170562 0.347756 0.020975
-0.275963 0.132291 -0.067569 -0.164418 0.026460 -0.011972 -0.133722 -0.252922 -0.250475 -0.247057 -0.503909 -0.420367 -0.293585 -0.296504 -0.469397 -0.464393 0.159528 0.192176 0.168244 0.302929 0.164722 0.109280 -0.184482 -0.287747 0.106311 0.011226 -0.176584 -0.265136 0.131225 0.069778 0.028651 -0.006102 1.000000 0.733600 0.233643 0.344226 0.128864 0.206289 0.228055 -0.050953 0.199851 0.135634 -0.079941 -0.154744 0.163683 0.017957 0.120049 -0.009091 0.040738 0.110348 0.064443 -0.006019 -0.053328 -0.044343 0.092045 0.170003 0.151719 0.337331 -0.233635 0.083317 -0.039624 -0.263059 0.442060 0.245673 -0.125538 -0.122943 0.354479 0.520074 0.366489 0.380705 -0.159811 -0.169939 0.234493 -0.081190 0.060614 -0.164531 -0.019420 -0.138428 0.359796 0.507174 0.138387 0.329211 -0.154969 -0.151173 -0.081831 -0.083214 0.153170 -0.071660 -0.231961 -0.258704 -0.446403 -0.442050 -0.331568 -0.140615 0.024231 -0.065931 0.099813 -0.058702 0.063115 -0.350438 -0.236959 -0.008071 0.095194 0.091640 -0.044141 -0.113503 -0.164357 -0.048511 -0.176615 0.000339 0.057261 -0.250470 -0.396274 -0.060798 0.039492 -0.281791
-0.398512 -0.048327 0.121675 0.122687 0.155279 0.154378 0.099629 -0.038791 -0.040036 -0.091740 -0.253227 -0.207555 0.044582 -0.056066 -0.297899 -0.254153 -0.019026 -0.011387 0.243539 0.329092 0.357031 0.128174 0.071189 0.029701 0.223240 0.151452 0.061465 -0.100415 -0.028403 -0.066050 0.311974 0.325601 0.733600 1.000000 0.277929 0.421021 0.075882 0.311057 0.306337 0.200058 0.197137 0.298983 -0.121810 -0.111859 -0.077012 -0.015197 -0.111760 0.034015 -0.370312 -0.133774 -0.275058 -0.362531 -0.334359 -0.336326 -0.148851 -0.127406 -0.200827 0.032147 -0.413387 -0.145293 0.000736 -0.188145 0.017526 -0.083972 0.132349 0.157958 -0.022065 0.559569 0.127084 0.360834 0.053689 -0.011364 0.093370 0.139303 0.131803 0.071163 0.174212 0.133125 0.060785 0.426362 -0.205516 0.040061 0.089592 -0.012092 -0.337442 -0.164211 0.346802 0.113639 0.016829 -0.136295 -0.139008 0.028842 -0.036452 0.201371 0.055792 0.009212 0.169789 0.042869 -0.144865 -0.233792 -0.063078 0.024044 0.230949 0.163705 0.139496 -0.065552 0.086915 -0.035359 -0.115811 0.049032 0.301922 -0.206119 -0.219681 0.051665 0.218970 -0.207903
-0.247179 -0.288992 0.247690 0.028212 0.302177 0.285677 0.244175 0.050817 0.118601 0.052787 -0.176494 -0.170675 -0.013841 -0.097091 0.078799 -0.072865 -0.102854 -0.135839 -0.101784 -0.217148 0.309501 0.021708 0.333061 0.307763 0.444888 0.220477 0.335650 0.050584 -0.078306 -0.002703 0.164471 0.225441 0.233643 0.277929 1.000000 0.803093 0.002435 0.162278 0.234406 0.180883 -0.008606 -0.017694 -0.206593 -0.240143 0.120506 0.160753 0.005884 -0.068904 -0.083611 0.041949 0.008514 -0.102149 -0.119212 -0.007325 -0.020214 0.104251 -0.264232 -0.147766 -0.346476 -0.145463 0.000187 -0.134088 0.021754 -0.183613 0.335190 0.128241 -0.010981 0.342480 -0.171042 -0.002793 -0.090409 0.094734 -0.070949 -0.064918 -0.047387 -0.070965 -0.013647 0.164605 -0.345640 -0.046760 -0.326282 -0.199456 0.093737 0.023391 -0.227131 -0.244670 0.058578 0.010111 0.080550 -0.098497 -0.000045 0.101656 0.122315 0.226551 -0.056723 0.012274 -0.111602 -0.293416 0.055376 0.027430 -0.153590 -0.143904 0.057437 -0.020877 -0.022972 -0.080103 -0.055794 -0.123475 -0.229986 -0.148531 0.245160 -0.016027 -0.129501 0.150289 0.215863 -0.049750
-0.287135 -0.316155 0.295842 0.205451 0.240265 0.432545 0.339397 0.219968 0.108158 0.195851 -0.247366 -0.009431 0.031905 0.103514 -0.144835 0.060511 -0.143655 -0.143208 -0.068615 -0.273422 0.398658 0.210559 0.279711 0.288787 0.428619 0.249575 0.296860 0.058311 -0.092955 0.058309 0.243351 0.354682 0.344226 0.421021 0.803093 1.000000 0.055903 0.294756 0.221854 0.136109 0.070425 0.054794 -0.263253 -0.334559 0.021275 0.080652 -0.108681 -0.202227 -0.163117 -0.135655 -0.089494 -0.223009 -0.167262 -0.151627 -0.102482 -0.121070 -0.332745 -0.265266 -0.334527 -0.092461 0.044578 -0.024222 -0.055549 -0.214841 0.330168 0.229251 -0.066723 0.482581 -0.228631 -0.086662 -0.137568 0.192768 0.033432 -0.104978 -0.079832 0.037424 -0.012053 0.190923 -0.341215 -0.040623 -0.433418 -0.303308 -0.032838 0.065126 -0.330576 -0.243854 0.036521 -0.024177 0.037940 -0.131865 0.074944 0.047081 0.211899 0.222054 0.066790 0.102427 -0.028096 -0.137426 -0.054955 -0.007061 0.024060 -0.076262 0.081252 0.026751 0.130268 -0.029913 0.150047 -0.105561 -0.129656 0.025874 0.316266 0.056970 -0.012434 0.083870 0.301515 -0.080631
