1.000000 0.284862 0.107991 -0.063437 -0.119011 -0.186850 0.252846 -0.067075 0.087737 -0.000642 0.437305 0.164698 0.479784 0.225956 0.397949 0.135318 0.453758 0.353872 0.309729 0.099448 0.041816 -0.224405 0.066600 -0.256730 0.032679 -0.162778 0.107551 -0.127049 0.588078 0.327376 -0.067008 -0.213056 0.160291 -0.112524 -0.239747 -0.436709 0.052925 -0.259063 -0.041089 -0.181856 -0.108546 -0.209083 -0.124068 -0.248109 -0.235849 -0.415964 -0.060400 -0.209331 0.113826 -0.050721 -0.215498 0.018958 0.475315 0.258799 0.190569 0.046676 0.294514 0.087662 0.375296 -0.070010 0.365516 0.047909 0.463019 0.241317 -0.092095 -0.433227 -0.228553 -0.597500 -0.042590 -0.384158 0.310397 0.009864 0.526313 0.108722 0.269415 0.161897 0.256293 -0.012828 0.051966 0.200680 0.066164 0.029261 -0.146663 -0.147285 -0.073529 -0.350592 -0.168732 -0.247003 -0.022227 -0.086475 -0.001762 0.091926 -0.153317 -0.012808 -0.162531 0.012303 -0.330333 -0.085633 0.055586 -0.045355 0.262861 0.252493 0.270172 -0.009856 0.058649 -0.138229 0.007321 -0.111308 -0.098820 -0.208701 -0.311250 -0.283259 0.026595 0.161445 0.050713 0.158756
0.284862 1.000000 0.031014 0.071830 0.241035 0.259407 -0.049516 0.253197 0.306645 0.475624 -0.049228 -0.015181 -0.030553 -0.005413 0.085512 0.073099 0.178595 0.323117 0.459408 0.539824 -0.107354 -0.219297 -0.346567 -0.462193 0.045135 -0.308363 0.241417 -0.156447 0.152964 0.060545 -0.374983 -0.376245 -0.036501 -0.075172 -0.396731 -0.512241 -0.112909 -0.292732 -0.051573 -0.073035 -0.181158 -0.169168 -0.051503 -0.289560 -0.090036 -0.243356 0.008592 -0.273185 0.107847 0.247922 -0.262514 0.215701 0.160296 0.085021 0.120467 0.096743 0.133625 0.409315 0.190961 0.169692 -0.235633 0.099029 -0.047330 0.347960 -0.303374 -0.272024 -0.232514 -0.390402 0.530366 0.193532 -0.203953 -0.407406 0.024624 -0.330008 -0.174065 -0.318252 -0.235188 -0.233392 -0.125217 -0.175100 0.060798 0.096036 0.151099 0.068895 -0.324076 -0.357096 0.092468 -0.332853 -0.010307 0.065032 0.011054 -0.088214 -0.096958 -0.250740 -0.224085 -0.070903 -0.415593 -0.176772 -0.067812 -0.164113 0.195407 0.040157 0.250320 0.314551 0.017041 0.038094 -0.003338 0.125968 -0.123842 -0.162670 -0.455678 -0.371172 -0.135039 -0.342326 -0.054210 0.092923
0.107991 0.031014 1.000000 0.523537 0.452360 0.154364 0.744130 0.248653 0.244021 0.169075 -0.015589 0.015119 -0.155828 -0.338464 -0.138196 -0.199013 -0.076791 -0.213864 0.461045 0.317578 0.163958 -0.101341 0.397641 0.266835 0.471589 -0.000250 0.246954 -0.272557 -0.081947 -0.349871 0.363890 0.406318 0.316956 0.245145 0.149637 -0.267028 -0.454412 -0.596871 -0.287396 -0.458647 -0.355427 -0.372235 0.088032 -0.010955 0.254555 0.150247 0.054407 -0.114615 0.088485 0.055040 -0.176571 0.052836 -0.282777 -0.153899 -0.215295 -0.010553 -0.203786 -0.179362 -0.067450 -0.234853 0.252936 0.057682 -0.102469 -0.145877 0.310488 0.028728 0.080118 -0.034812 -0.225749 -0.395568 0.041900 0.036243 0.204712 -0.169489 -0.044106 -0.039163 -0.246762 -0.293307 -0.380499 -0.073667 -0.447179 -0.547075 -0.212781 -0.469600 -0.379793 -0.238220 0.050446 0.220439 0.040612 -0.196258 -0.241820 -0.003686 0.106907 0.141009 -0.464395 -0.010838 -0.390966 -0.051589 -0.572160 -0.438745 -0.103338 0.071783 -0.218805 -0.144481 -0.360205 -0.016287 -0.371510 -0.189378 0.234664 -0.546089 -0.350518 -0.430193 -0.365226 -0.265600 0.008238 0.258959
-0.063437 0.071830 0.523537 1.000000 0.195065 0.201934 0.384312 0.337092 0.199265 0.080287 0.155166 0.121717 -0.154781 -0.223704 -0.020225 -0.086529 -0.155439 -0.166137 0.306726 0.373781 -0.094955 0.036129 0.410500 0.540184 0.437183 0.155614 0.088417 -0.213933 -0.019948 -0.312707 0.168601 0.496759 0.461563 0.443985 0.210503 -0.181385 -0.192567 -0.369766 -0.062903 -0.360008 -0.205947 -0.163857 -0.116814 -0.273509 -0.146319 -0.122363 -0.121436 -0.275126 -0.223740 -0.261957 -0.125708 -0.185441 -0.211756 -0.145148 0.046222 -0.063695 -0.085439 -0.093105 -0.470343 -0.473596 0.063059 0.053212 -0.012324 0.037802 0.454242 0.094852 -0.224740 -0.148126 -0.048475 -0.412974 -0.118031 0.245653 0.028786 -0.198891 -0.044055 -0.067504 -0.173909 -0.020569 -0.310178 -0.146323 -0.292857 -0.399939 -0.101934 -0.041790 -0.061088 0.038172 0.097967 0.263669 0.348802 0.067226 -0.375926 -0.207815 0.165496 -0.090916 -0.322987 -0.074377 -0.483250 -0.028524 -0.647034 -0.523711 -0.134405 -0.144430 -0.302651 -0.108218 -0.229504 0.030979 -0.540203 -0.294437 0.198262 -0.539882 -0.466433 -0.309997 -0.390107 -0.244108 -0.105867 -0.008121
-0.119011 0.241035 0.452360 0.195065 1.000000 0.465450 0.408809 0.369033 0.608806 0.665019 -0.348423 -0.077087 -0.172145 -0.311069 -0.028249 0.075286 -0.031933 -0.009669 0.280153 0.315932 0.118858 -0.082536 -0.212806 -0.179832 0.563698 -0.002601 0.543900 -0.120233 -0.145574 -0.185915 -0.001979 0.054776 -0.054781 0.066584 -0.018349 -0.072026 -0.403334 -0.356541 -0.028877 -0.149342 -0.205440 -0.160793 0.046914 0.013088 0.216947 0.110323 0.051893 0.071133 0.106438 0.271808 -0.334961 0.156915 -0.194762 -0.364352 -0.060410 0.137874 -0.303778 -0.063670 0.076521 0.048755 0.061327 0.299994 -0.057429 0.093043 0.024574 0.068820 -0.000343 0.028199 0.042827 0.067675 -0.171604 -0.143522 0.075656 -0.255333 -0.206116 -0.073758 -0.325951 -0.221715 -0.313460 -0.158977 -0.345397 -0.358256 0.011281 -0.314661 -0.473779 -0.386512 0.075645 -0.174523 -0.030886 -0.004345 -0.024636 -0.190286 0.029632 -0.080063 -0.247135 -0.004839 -0.187695 -0.023110 -0.308137 -0.291612 0.037102 -0.071182 -0.101454 0.034214 -0.190030 -0.020725 -0.107745 -0.134409 0.144302 -0.145397 -0.188099 -0.180886 -0.330237 -0.237463 -0.082900 0.117356
-0.186850 0.259407 0.154364 0.201934 0.465450 1.000000 -0.103317 0.137653 0.535542 0.529899 -0.170572 -0.310801 -0.040847 -0.338385 0.242487 0.436446 -0.237479 -0.178090 0.140250 0.157920 0.229370 0.285323 0.081190 0.141629 0.390503 0.361896 0.477841 0.452743 -0.402363 -0.339219 -0.218284 -0.256797 -0.217006 -0.153450 -0.109238 0.078754 -0.211732 -0.056343 0.252901 0.105610 -0.111672 -0.030309 0.102901 0.079662 0.009751 0.034675 0.086904 0.096065 0.120097 0.202375 0.080666 0.138330 -0.068883 -0.178603 0.245097 0.200117 0.019726 0.141937 -0.034898 0.115158 -0.134938 0.020690 -0.195037 -0.012513 -0.058188 0.156187 -0.144941 0.023116 0.259928 0.247094 -0.210453 -0.152571 -0.390802 -0.341845 -0.477156 -0.287286 -0.385469 -0.202384 -0.282269 -0.322524 -0.234395 -0.315139 0.355746 -0.022483 -0.334098 -0.361558 0.405420 0.054079 0.217502 0.296231 -0.062001 -0.261660 -0.094247 -0.066892 -0.164245 -0.104707 -0.038244 -0.227133 -0.268705 -0.175735 -0.070701 -0.119566 -0.402464 -0.114698 -0.133962 -0.054728 0.200222 0.342952 -0.092665 -0.091003 -0.065094 -0.106461 -0.244718 -0.337639 -0.335987 -0.157012
0.252846 -0.049516 0.744130 0.384312 0.408809 -0.103317 1.000000 0.346186 0.265565 0.230982 0.263914 0.367145 0.176125 -0.010867 -0.052100 -0.090976 0.224607 0.045161 0.337403 0.217133 0.013334 -0.222743 0.277499 0.005470 0.291640 -0.179443 0.323536 -0.387238 0.303339 0.012662 0.330900 0.327057 0.370565 0.364184 0.012272 -0.243102 -0.297992 -0.593762 -0.339638 -0.494190 -0.174479 -0.331476 -0.074555 -0.181930 0.075678 -0.136033 -0.048837 -0.163166 0.006679 -0.042939 -0.250123 -0.008480 0.010132 0.008771 -0.243854 -0.124492 -0.173913 -0.215731 -0.025742 -0.300984 0.367787 0.188459 0.188731 0.009632 0.335069 -0.054011 -0.108047 -0.321951 -0.242823 -0.472221 0.179263 0.177367 0.592405 0.059914 0.233183 0.117178 0.036236 -0.199549 -0.160942 0.123305 -0.269782 -0.281564 -0.342237 -0.494661 -0.279813 -0.290720 -0.081175 0.066942 -0.084380 -0.268170 -0.220235 -0.015661 0.026580 0.098990 -0.455422 0.018907 -0.416482 0.028462 -0.432848 -0.304616 -0.030863 -0.020687 -0.029332 -0.146206 -0.376334 -0.220121 -0.479419 -0.399864 0.154927 -0.546391 -0.431792 -0.292266 -0.325379 -0.066073 0.087821 0.189014
-0.067075 0.253197 0.248653 0.337092 0.369033 0.137653 0.346186 1.000000 0.199603 0.584922 -0.284299 0.510310 -0.126059 0.220243 -0.376670 0.220879 0.128686 0.299669 -0.157578 0.184437 -0.525730 -0.236076 -0.212949 -0.153805 -0.110328 -0.442494 0.122589 -0.473967 -0.126594 0.112621 -0.377579 -0.037471 0.126198 0.504523 -0.059014 0.046792 -0.271493 -0.312378 -0.060590 -0.118757 -0.201618 -0.185385 -0.118992 -0.293365 -0.019555 0.000911 0.017594 0.055667 -0.114427 0.127754 -0.458817 0.016672 -0.038313 -0.098810 -0.089035 0.001025 -0.269675 -0.148518 -0.079503 0.044272 0.202664 0.697440 0.375256 0.518040 -0.080786 0.323071 -0.322682 -0.124565 -0.071659 -0.151380 -0.470440 -0.058573 0.152543 -0.297517 -0.211580 -0.152368 -0.254845 0.076127 -0.335973 -0.043778 -0.129524 -0.051194 -0.294730 -0.158050 -0.500615 -0.436143 -0.215937 -0.073833 -0.066284 -0.050651 0.169169 -0.192272 0.261680 -0.209382 -0.290883 0.126087 -0.300111 0.020906 -0.329095 -0.252732 0.367416 -0.139680 0.059502 -0.151545 -0.226534 -0.029363 -0.303374 -0.125084 0.168700 -0.291665 -0.313177 -0.133767 -0.376397 -0.224562 -0.051646 0.221197
0.087737 0.306645 0.244021 0.199265 0.608806 0.535542 0.265565 0.199603 1.000000 0.633332 0.006468 0.054152 0.193518 0.048605 0.380480 0.442031 -0.050066 -0.060734 0.227725 0.104177 0.120623 0.086773 0.074545 -0.153077 0.411069 0.268108 0.740833 0.302571 -0.010236 -0.160200 -0.201170 -0.296242 -0.063724 -0.011327 -0.159041 -0.186118 -0.207778 -0.217247 0.187671 0.001855 0.108911 -0.125713 0.143587 0.025993 0.020955 -0.039788 0.044568 0.018941 0.270244 0.261319 0.064035 0.263927 0.175941 -0.039152 0.123050 0.098886 -0.197453 -0.004100 0.065126 -0.047371 0.042127 0.015735 0.021029 0.079995 -0.034637 0.061951 -0.274221 -0.134140 0.027512 0.004670 -0.090330 0.061979 0.019797 -0.312561 -0.157106 -0.126084 -0.307835 -0.291360 -0.277853 -0.143666 -0.228168 -0.213481 0.021374 -0.256883 -0.366032 -0.440898 0.206374 -0.264210 0.130115 0.015658 -0.254633 -0.450640 -0.306559 -0.295077 -0.294946 -0.144395 -0.170232 -0.249211 -0.242552 -0.233538 -0.027864 -0.301168 -0.165812 -0.131590 -0.041769 -0.130278 -0.060627 0.014222 -0.209209 -0.255589 -0.269689 -0.364558 -0.361349 -0.181313 -0.114898 -0.108445
-0.000642 0.475624 0.169075 0.080287 0.665019 0.529899 0.230982 0.584922 0.633332 1.000000 -0.310480 0.146192 -0.083510 0.043612 -0.000242 0.480438 0.032458 0.163206 0.091353 0.336426 -0.128787 -0.110825 -0.275282 -0.319828 0.266477 -0.169927 0.527397 -0.071285 -0.118672 0.076558 -0.296752 -0.234295 -0.160209 0.097867 -0.388961 -0.107046 -0.268477 -0.169555 0.059807 0.051496 -0.073203 -0.042752 -0.106624 -0.280632 -0.070887 -0.134766 -0.030915 -0.057736 0.075761 0.286311 -0.364044 0.161372 0.000077 -0.119263 -0.034741 0.082427 -0.162479 0.083541 0.150057 0.142909 -0.084767 0.454183 0.130126 0.342685 -0.132703 0.132961 -0.295637 -0.171687 0.197578 0.168419 -0.338279 -0.158692 -0.033310 -0.310359 -0.267592 -0.273607 -0.345354 -0.191410 -0.283492 -0.123353 -0.130427 -0.106954 0.063198 -0.020632 -0.435063 -0.510947 0.048659 -0.361293 0.033183 0.042113 0.062175 -0.337557 -0.030838 -0.223449 -0.248129 -0.103982 -0.316307 -0.170646 -0.201746 -0.136423 0.165392 -0.190321 -0.040288 0.112101 -0.081350 -0.041027 -0.022087 0.030177 -0.163161 -0.144574 -0.391971 -0.141479 -0.283404 -0.316712 -0.070846 0.033019
0.437305 -0.049228 -0.015589 0.155166 -0.348423 -0.170572 0.263914 -0.284299 0.006468 -0.310480 1.000000 0.205173 0.661412 0.204128 0.484626 0.035969 0.329149 0.105077 0.225851 0.047421 0.226570 0.081532 0.466246 0.130959 0.023155 0.158150 0.136449 0.134097 0.662780 0.121115 0.278214 0.074892 0.265854 0.079635 -0.043405 -0.235956 0.228522 -0.107138 -0.009493 -0.273793 0.167554 -0.070187 -0.204415 -0.221077 -0.409532 -0.483755 -0.255102 -0.339136 -0.187580 -0.402155 0.207107 -0.231649 0.326600 0.264463 0.210204 -0.300319 0.351848 0.139745 -0.170194 -0.369069 0.213995 -0.285887 0.190732 -0.122344 0.422932 -0.295673 -0.300350 -0.528405 -0.057619 -0.336643 0.302488 0.272534 0.420092 0.227913 0.296089 0.121712 0.394345 -0.052812 0.179045 0.220949 0.107087 0.128470 0.027297 -0.018466 0.327371 0.046609 0.081159 0.037896 0.186739 -0.165575 -0.423141 0.031002 -0.255390 0.149114 -0.150058 0.017795 -0.212491 0.015916 -0.184172 -0.123208 -0.292925 -0.095201 -0.085282 -0.059828 -0.044667 -0.151642 -0.247905 -0.151842 -0.019562 -0.243883 -0.285032 -0.123069 -0.098284 0.014002 0.103940 -0.072605
0.164698 -0.015181 0.015119 0.121717 -0.077087 -0.310801 0.367145 0.510310 0.054152 0.146192 0.205173 1.000000 0.095865 0.702202 -0.228242 0.220418 0.360910 0.359468 -0.224564 -0.018852 -0.266608 -0.149527 0.007730 -0.169797 -0.302183 -0.260014 0.059056 -0.279567 0.332647 0.435628 -0.159534 0.050481 0.290118 0.549307 -0.064473 -0.064473 0.032740 -0.140166 -0.130662 -0.170335 0.008807 -0.215848 -0.111247 -0.193342 -0.204233 -0.097679 -0.097819 0.097737 -0.207432 -0.083559 -0.232455 -0.031984 0.149750 0.230192 -0.321898 -0.201863 -0.072997 -0.251974 -0.317634 -0.249843 0.000734 0.166529 0.456570 0.164939 -0.009922 0.182650 -0.395904 -0.156513 -0.147990 -0.217685 -0.083901 0.325047 0.425039 0.108543 0.217261 0.136043 0.146939 0.166662 0.086621 0.329390 0.216386 0.245321 -0.458779 -0.101516 -0.139811 -0.175013 -0.426040 -0.230764 -0.307300 -0.293740 -0.088724 -0.184928 0.017241 -0.291170 -0.184244 0.227949 -0.217215 0.280466 -0.065339 -0.022220 0.167197 -0.214448 0.073394 -0.234799 -0.192489 -0.182436 -0.418833 -0.236838 0.163984 -0.145258 -0.136677 0.043161 -0.138740 0.080087 0.165599 0.146916
0.479784 -0.030553 -0.155828 -0.154781 -0.172145 -0.040847 0.176125 -0.126059 0.193518 -0.083510 0.661412 0.095865 1.000000 0.307370 0.731092 0.395300 0.174497 0.083701 0.043183 -0.185320 0.219522 0.137214 0.092094 -0.143886 -0.193385 0.065206 0.292493 0.302502 0.567786 0.168353 0.049646 -0.293848 -0.193701 -0.225987 -0.097976 -0.029775 0.213469 -0.000011 0.134508 -0.084558 0.308482 -0.067296 -0.289851 -0.248691 -0.326694 -0.336828 -0.248840 -0.212358 0.134491 -0.189830 0.217153 -0.073337 0.348346 0.016722 0.488550 -0.171776 0.153894 0.089635 0.264999 -0.001885 0.530291 0.014720 0.260297 0.059548 0.119626 -0.045057 -0.160534 -0.378763 -0.141127 -0.189806 0.307941 0.116232 0.365310 0.138877 0.188054 0.108626 0.258591 -0.075975 -0.040758 0.030232 -0.093862 0.028311 0.043324 -0.052493 0.070477 -0.178665 0.079218 -0.107723 0.159607 0.052915 0.036460 0.040995 -0.170478 0.190874 -0.187028 -0.073662 0.188657 -0.269182 0.042212 -0.024168 0.072786 0.049670 0.022859 -0.069071 -0.083163 -0.317773 0.100971 0.012786 -0.070889 -0.124582 -0.036702 -0.112517 -0.130117 0.128611 -0.052120 -0.228362
0.225956 -0.005413 -0.338464 -0.223704 -0.311069 -0.338385 -0.010867 0.220243 0.048605 0.043612 0.204128 0.702202 0.307370 1.000000 0.070906 0.461788 0.224842 0.346502 -0.346479 -0.317418 -0.279990 -0.026306 -0.068747 -0.296913 -0.474672 -0.123010 0.084934 0.063828 0.297761 0.498460 -0.225735 -0.301371 0.008746 0.056627 -0.236867 -0.071711 0.075559 0.154648 -0.023900 0.065655 0.178676 -0.086357 0.042734 -0.052118 -0.137129 -0.052947 0.110109 0.142403 0.165563 0.112257 0.058875 0.202027 0.332014 0.297804 -0.076475 0.070961 0.095907 -0.141498 -0.017528 -0.055204 0.018968 -0.000696 0.352440 0.123490 -0.275175 0.075933 -0.390373 -0.175076 -0.225289 -0.199213 0.079240 0.267449 0.291643 0.234610 0.213213 0.233986 0.199585 0.198778 0.239622 0.341804 0.169620 0.325339 -0.320643 0.012845 -0.132530 -0.139223 -0.347789 -0.293022 -0.292609 -0.153716 0.143865 -0.036425 -0.059529 -0.319173 0.045874 0.107107 0.123601 0.042033 0.368547 0.277579 0.241130 -0.198395 0.200280 -0.183953 0.024220 -0.288192 -0.100233 -0.149706 -0.112722 0.155448 0.027224 0.141815 0.176588 0.202692 0.014154 -0.097287
0.397949 0.085512 -0.138196 -0.020225 -0.028249 0.242487 -0.052100 -0.376670 0.380480 -0.000242 0.484626 -0.228242 0.731092 0.070906 1.000000 0.439419 -0.112614 -0.103217 0.324204 -0.017339 0.439772 0.165788 0.218796 0.040031 0.205012 0.408808 0.401889 0.573103 0.373778 -0.029440 0.003405 -0.339976 -0.317797 -0.497973 -0.134106 -0.150480 0.054591 0.035349 0.209820 0.003307 0.269554 -0.095986 -0.218216 -0.163380 -0.308291 -0.325221 -0.234836 -0.219857 0.270426 -0.060969 0.376993 0.068728 0.204028 -0.067527 0.540109 0.010230 0.179656 0.209621 0.234030 0.051524 0.257677 -0.197075 -0.015297 -0.102688 0.149197 -0.157400 -0.077215 -0.268546 0.048622 0.039016 0.254578 -0.028169 0.050539 0.030542 0.065081 -0.003615 0.149661 -0.172144 -0.126316 -0.079552 -0.284628 -0.181813 0.283151 0.058274 0.083700 -0.104112 0.373876 -0.018860 0.328046 0.293748 -0.054585 0.071040 -0.229587 0.198229 -0.164421 -0.204570 0.175077 -0.393842 0.086092 0.019138 -0.059740 0.158298 -0.055252 0.044817 -0.020776 -0.350495 0.219231 0.103886 -0.195172 -0.060019 -0.006042 -0.139626 -0.085555 0.162180 -0.171678 -0.373579
0.135318 0.073099 -0.199013 -0.086529 0.075286 0.436446 -0.090976 0.220879 0.442031 0.480438 0.035969 0.220418 0.395300 0.461788 0.439419 1.000000 -0.138994 0.067357 -0.210713 -0.100175 0.042766 0.343746 -0.029169 -0.098207 -0.063797 0.089897 0.366742 0.422182 -0.012655 0.194488 -0.318314 -0.457074 -0.289537 -0.154937 -0.311656 0.116189 -0.055963 0.206635 0.304610 0.234227 0.158368 -0.029273 -0.145499 -0.196989 -0.235302 -0.127913 -0.050843 0.087148 0.271725 0.214340 0.088057 0.229095 0.147312 0.030232 0.289528 0.205294 0.018366 0.005678 0.098409 0.123967 0.091666 0.148018 0.194574 0.129215 -0.182553 0.234955 -0.354226 -0.092125 -0.052362 0.044131 -0.096767 0.108340 -0.113495 -0.045239 -0.204615 -0.046634 -0.123728 0.029684 -0.165939 -0.035739 -0.133909 -0.065908 0.064205 0.158334 -0.260255 -0.398016 -0.044759 -0.207243 0.118210 0.229172 0.171093 -0.186092 -0.122211 -0.139022 -0.114480 -0.188811 0.126484 -0.304778 0.124932 0.191201 0.153509 -0.121827 -0.100245 -0.215118 -0.060635 -0.276193 0.216873 0.212987 -0.277677 0.025632 -0.039519 0.042444 -0.054327 -0.006773 -0.241164 -0.321219
0.453758 0.178595 -0.076791 -0.155439 -0.031933 -0.237479 0.224607 0.128686 -0.050066 0.032458 0.329149 0.360910 0.174497 0.224842 -0.112614 -0.138994 1.000000 0.735001 0.026050 0.112571 -0.034645 -0.203354 -0.041469 -0.316029 -0.144928 -0.116224 -0.039798 -0.254272 0.620539 0.605130 -0.017835 -0.039112 0.254066 0.296224 -0.240937 -0.368471 0.384989 -0.114488 -0.039915 -0.078341 0.027682 0.100868 -0.078046 -0.133257 -0.285655 -0.493178 -0.082930 -0.057130 -0.388705 -0.294407 -0.416792 -0.247053 0.492875 0.238053 -0.200164 -0.071293 0.481369 0.262091 0.000971 -0.195767 0.089097 0.066662 0.635515 0.470277 -0.161288 -0.420516 -0.407587 -0.621768 0.186125 -0.166116 0.279826 0.144183 0.709873 0.363880 0.474506 0.294577 0.572305 0.345297 0.450090 0.545037 0.620819 0.588021 -0.108731 -0.184754 0.069062 -0.207897 -0.254494 -0.404252 -0.390609 -0.534210 -0.122945 0.046390 -0.117931 -0.111343 -0.023632 0.256330 -0.323283 0.292842 0.067925 0.073800 0.113253 -0.010415 0.296689 -0.010603 -0.064038 -0.035891 -0.281523 -0.356554 0.067544 -0.012323 -0.162611 0.095587 0.009548 0.148577 0.071714 0.240702
0.353872 0.323117 -0.213864 -0.166137 -0.009669 -0.178090 0.045161 0.299669 -0.060734 0.163206 0.105077 0.359468 0.083701 0.346502 -0.103217 0.067357 0.735001 1.000000 -0.098121 0.116979 -0.206295 -0.200362 -0.143886 -0.399115 -0.215921 -0.226177 -0.046559 -0.204784 0.405383 0.645934 -0.357753 -0.286336 0.110929 0.296518 -0.278131 -0.233765 0.230434 0.006206 0.118419 0.103931 0.029169 0.014786 -0.182952 -0.264359 -0.315543 -0.527911 -0.013216 -0.118389 -0.221643 -0.144867 -0.323887 -0.147231 0.319751 0.173753 -0.052165 0.200142 0.504046 0.465411 0.127197 0.072472 0.107910 0.336164 0.527362 0.702757 -0.212516 -0.246779 -0.452082 -0.602955 0.232410 -0.003830 0.069591 0.030033 0.488131 0.358351 0.390013 0.264393 0.501482 0.305295 0.344514 0.586605 0.414708 0.559329 -0.057262 -0.110524 -0.097584 -0.224705 -0.181270 -0.277026 -0.326306 -0.258563 -0.032363 0.055877 -0.189166 -0.286949 -0.024081 0.207604 -0.231254 0.080000 0.208366 0.249491 0.134266 -0.040212 0.343662 -0.059750 -0.192439 -0.160608 -0.172352 -0.269440 -0.072528 0.047310 -0.176944 0.037249 0.062719 0.226071 -0.144970 0.169569
0.309729 0.459408 0.461045 0.306726 0.280153 0.140250 0.337403 -0.157578 0.227725 0.091353 0.225851 -0.224564 0.043183 -0.346479 0.324204 -0.210713 0.026050 -0.098121 1.000000 0.622821 0.308455 -0.208106 0.169373 -0.029422 0.423909 0.025471 0.391155 -0.048310 0.289054 -0.279907 0.221267 0.102100 0.096032 -0.100296 -0.209585 -0.519188 -0.227420 -0.591100 -0.253782 -0.485366 -0.117754 -0.353062 -0.008118 -0.136829 0.085133 -0.135623 -0.117287 -0.306411 0.104351 0.102824 -0.033111 0.128050 -0.016067 -0.051256 0.051850 -0.042831 0.019010 0.146684 -0.008839 -0.211689 -0.115440 -0.281376 -0.158274 -0.194696 0.149512 -0.424755 -0.041029 -0.316617 0.386753 -0.031317 0.125068 -0.191903 0.129279 -0.158342 0.020026 -0.150629 -0.048618 -0.278254 -0.147518 -0.211557 -0.212082 -0.254469 0.213916 -0.201844 -0.100946 -0.163482 0.229379 0.011996 0.021336 -0.007794 -0.220248 0.119327 -0.104949 0.172412 -0.291604 -0.117045 -0.341401 -0.192086 -0.211516 -0.259436 -0.155901 0.292757 0.055636 0.237673 -0.186568 -0.211623 -0.139616 -0.097918 0.147444 -0.275441 -0.323419 -0.321670 -0.103172 -0.078348 0.033745 0.004880
0.099448 0.539824 0.317578 0.373781 0.315932 0.157920 0.217133 0.184437 0.104177 0.336426 0.047421 -0.018852 -0.185320 -0.317418 -0.017339 -0.100175 0.112571 0.116979 0.622821 1.000000 0.115711 -0.201192 -0.002925 0.096811 0.412720 -0.134199 0.156609 -0.281474 0.225257 -0.041431 0.103015 0.286305 0.181658 0.259270 -0.228403 -0.275220 -0.118345 -0.413911 -0.268333 -0.420178 -0.332006 -0.099457 -0.263748 -0.412196 -0.178499 -0.349164 -0.274890 -0.297621 -0.170436 -0.042949 -0.289604 -0.106077 -0.180271 -0.079802 -0.108739 -0.109201 0.104237 0.327139 -0.210171 -0.266414 -0.269512 0.026628 -0.129417 0.067213 0.210762 -0.278641 -0.263101 -0.350627 0.554897 0.162735 -0.182246 -0.260333 0.104001 -0.134472 -0.015065 -0.138791 -0.000735 0.027683 -0.218954 -0.193843 -0.091867 -0.164067 0.206118 0.251929 -0.152733 -0.237840 0.072551 -0.124808 0.107105 -0.076172 -0.126790 0.090479 0.023277 0.132964 -0.213931 -0.011941 -0.534437 0.116201 -0.333354 -0.283239 -0.149861 0.156440 0.004025 0.314838 -0.225772 0.025192 -0.275887 -0.238867 0.197691 -0.230830 -0.370795 -0.134468 -0.170248 -0.285191 -0.022391 0.044764
0.041816 -0.107354 0.163958 -0.094955 0.118858 0.229370 0.013334 -0.525730 0.120623 -0.128787 0.226570 -0.266608 0.219522 -0.279990 0.439772 0.042766 -0.034645 -0.206295 0.308455 0.115711 1.000000 0.403913 0.310928 0.220015 0.254561 0.497358 0.237097 0.503898 0.236905 -0.043264 0.451231 0.161838 -0.165569 -0.258175 -0.013688 -0.122759 0.154485 0.150068 0.115437 0.039773 0.182642 0.121887 -0.287795 -0.068993 -0.202045 -0.124645 -0.372331 -0.250954 -0.000681 -0.264750 0.254196 -0.171865 -0.132102 -0.363735 0.115117 -0.224295 0.088010 0.155502 0.003828 -0.090616 -0.020762 -0.335087 -0.216989 -0.394872 0.308280 -0.064581 0.141968 0.055099 0.074558 0.096327 0.348831 0.151631 0.050991 0.246313 0.219929 0.154463 0.160935 -0.070307 0.074452 -0.056778 -0.050109 -0.113170 0.356404 0.072157 0.269412 0.155986 0.241777 -0.035901 0.094164 -0.088690 -0.302495 0.128095 -0.221185 0.281526 -0.051332 0.055923 0.137949 -0.054081 -0.017428 -0.043040 -0.399055 0.147236 -0.266243 0.002744 -0.152325 -0.120088 0.208670 0.122511 0.093744 0.086956 0.228092 -0.055932 -0.106262 0.057318 0.001522 -0.289823
-0.224405 -0.219297 -0.101341 0.036129 -0.082536 0.285323 -0.222743 -0.236076 0.086773 -0.110825 0.081532 -0.149527 0.137214 -0.026306 0.165788 0.343746 -0.203354 -0.200362 -0.208106 -0.201192 0.403913 1.000000 0.132561 0.137574 -0.038217 0.286191 0.031218 0.426253 0.003780 0.054116 0.223593 0.028964 0.094037 -0.139214 0.131642 0.117450 0.166415 0.386906 0.285998 0.310512 0.261856 0.325471 -0.000392 0.138591 -0.052298 0.057500 0.056358 0.031656 0.030890 -0.114302 0.163447 -0.025664 -0.035909 -0.174670 0.209161 0.176766 0.090388 -0.000784 -0.119226 -0.086375 -0.047431 -0.229224 -0.115343 -0.228022 -0.083308 0.070105 0.069869 0.159787 -0.056208 -0.073569 0.120348 0.214393 -0.129868 0.171707 0.002271 0.089331 0.010683 -0.021652 0.176745 -0.096076 0.002856 -0.145025 0.103396 0.287828 0.157673 0.154471 -0.145324 0.007442 0.030103 0.069985 -0.127425 -0.015690 -0.133730 -0.034523 0.278059 -0.161844 0.190983 -0.083596 -0.052793 0.026854 -0.259737 -0.126243 -0.221254 -0.183813 0.071401 -0.002368 0.125833 0.072774 -0.106576 0.210639 0.259945 0.141255 -0.049588 -0.124293 -0.239624 -0.348099
0.066600 -0.346567 0.397641 0.410500 -0.212806 0.081190 0.277499 -0.212949 0.074545 -0.275282 0.466246 0.007730 0.092094 -0.068747 0.218796 -0.029169 -0.041469 -0.143886 0.169373 -0.002925 0.310928 0.132561 1.000000 0.706690 0.326536 0.527987 0.153287 0.298847 0.027715 -0.192833 0.389375 0.335922 0.266429 0.187404 0.087794 -0.096602 -0.137253 -0.094533 0.096055 -0.106736 0.026915 -0.080032 -0.048746 -0.000286 -0.191052 -0.198374 -0.161557 -0.239827 -0.125338 -0.329458 0.375757 -0.237869 -0.076257 0.060119 -0.063201 -0.105655 0.251132 0.110686 -0.337723 -0.363127 0.173388 -0.269105 -0.031834 -0.209081 0.567958 -0.043407 -0.217043 -0.222770 -0.294419 -0.262507 0.253167 0.450184 0.082526 0.243847 0.212728 0.126954 0.199657 -0.024855 -0.028594 0.187768 -0.220761 -0.215360 0.014419 -0.219628 0.165028 0.074881 0.284692 0.426047 0.303598 -0.150807 -0.586710 -0.115006 -0.194452 0.113472 -0.257042 0.036073 -0.188217 -0.032580 -0.419479 -0.245822 -0.492495 -0.134653 -0.284195 -0.345308 -0.172766 -0.137319 -0.239960 -0.157824 -0.035436 -0.382547 -0.154420 -0.156401 -0.140839 0.063108 -0.065060 0.021322
-0.256730 -0.462193 0.266835 0.540184 -0.179832 0.141629 0.005470 -0.153805 -0.153077 -0.319828 0.130959 -0.169797 -0.143886 -0.296913 0.040031 -0.098207 -0.316029 -0.399115 -0.029422 0.096811 0.220015 0.137574 0.706690 1.000000 0.378341 0.549833 -0.155138 0.188889 -0.250364 -0.326024 0.438904 0.598103 0.082847 0.129085 0.170046 0.171773 -0.063805 0.087031 0.100081 -0.068910 -0.040314 0.160521 -0.155279 -0.068966 -0.221734 -0.024023 -0.237586 -0.124436 -0.258688 -0.384243 0.186077 -0.350156 -0.322516 -0.131755 -0.008990 -0.171842 0.036699 -0.073817 -0.461479 -0.329879 0.025625 -0.184958 -0.186806 -0.255084 0.575382 0.125244 -0.080213 0.109858 -0.255029 -0.138136 0.083706 0.348966 -0.221802 0.118500 -0.002739 0.106522 0.011750 0.187361 -0.206588 -0.146156 -0.296114 -0.359125 0.156006 0.171096 0.230492 0.273797 0.262452 0.444769 0.457287 0.111880 -0.283149 0.038988 0.182585 0.268871 -0.041238 0.023496 -0.034841 0.069518 -0.432136 -0.286863 -0.396268 -0.037048 -0.481269 -0.135679 -0.094753 0.093483 -0.169624 -0.094888 0.206976 -0.225544 0.004348 0.039401 -0.102948 -0.039089 -0.081968 -0.073477
0.032679 0.045135 0.471589 0.437183 0.563698 0.390503 0.291640 -0.110328 0.411069 0.266477 0.023155 -0.302183 -0.193385 -0.474672 0.205012 -0.063797 -0.144928 -0.215921 0.423909 0.412720 0.254561 -0.038217 0.326536 0.378341 1.000000 0.413870 0.394759 0.048118 -0.057860 -0.217068 0.274822 0.320723 0.120114 -0.049871 0.019282 -0.179337 -0.308211 -0.303539 0.012524 -0.208671 -0.159456 -0.056564 0.083131 0.032742 0.049350 -0.086646 -0.004487 -0.103180 0.018250 0.036185 -0.114780 -0.004363 -0.165615 -0.136793 -0.059083 0.099401 -0.013594 0.047342 -0.085573 -0.185674 -0.092347 -0.105210 -0.228666 -0.136675 0.354580 -0.240680 -0.010955 -0.137208 -0.001873 -0.046916 0.072184 -0.043897 0.033225 -0.053524 -0.030228 -0.046394 -0.126372 -0.197772 -0.241099 -0.102351 -0.350593 -0.481720 0.200272 -0.069530 -0.084348 -0.167683 0.353259 0.103096 0.310112 0.050218 -0.292596 -0.105854 -0.060258 0.092787 -0.122448 -0.149025 -0.337408 -0.058482 -0.465810 -0.351594 -0.312554 0.006026 -0.343218 0.069293 -0.093581 0.032049 -0.183728 -0.159883 0.061617 -0.304273 -0.310512 -0.225094 -0.189402 -0.249299 -0.026817 0.051080
-0.162778 -0.308363 -0.000250 0.155614 -0.002601 0.361896 -0.179443 -0.442494 0.268108 -0.169927 0.158150 -0.260014 0.065206 -0.123010 0.408808 0.089897 -0.116224 -0.226177 0.025471 -0.134199 0.497358 0.286191 0.527987 0.549833 0.413870 1.000000 0.260109 0.723023 -0.123386 -0.173469 0.230128 0.109138 -0.157874 -0.182099 0.151299 0.065500 0.214881 0.271851 0.343611 0.106901 0.285584 0.279242 0.095701 0.251573 -0.158924 -0.022653 -0.136155 0.039811 -0.059246 -0.249949 0.484318 -0.175442 -0.123714 -0.169737 0.073007 -0.031602 0.259410 0.167553 -0.332225 -0.319297 -0.127997 -0.443418 -0.184113 -0.277586 0.303514 0.062067 -0.088018 0.044794 -0.011550 0.099287 0.305538 0.307542 -0.155402 0.204355 0.104238 0.166576 0.116771 0.086545 0.000761 0.121842 -0.093443 -0.129786 0.421193 0.022018 0.264659 0.203356 0.501812 0.089388 0.298382 0.018093 -0.328048 -0.073179 -0.067792 0.012580 0.045707 -0.049820 0.195961 -0.048038 -0.065936 -0.050105 -0.445940 -0.247025 -0.526173 -0.169405 -0.117728 -0.062895 -0.080730 -0.080411 0.039657 0.054305 0.243642 0.065437 -0.008172 0.040062 -0.117619 -0.277349
0.107551 0.241417 0.246954 0.088417 0.543900 0.477841 0.323536 0.122589 0.740833 0.527397 0.136449 0.059056 0.292493 0.084934 0.401889 0.366742 -0.039798 -0.046559 0.391155 0.156609 0.237097 0.031218 0.153287 -0.155138 0.394759 0.260109 1.000000 0.350305 0.111079 -0.145908 -0.014296 -0.215383 -0.123201 -0.050227 -0.184780 -0.104857 -0.268903 -0.245717 0.185856 -0.148718 0.100605 -0.178556 0.078509 -0.019173 0.118646 -0.024826 -0.019431 -0.083382 0.196896 0.176655 0.150293 0.110364 0.057987 -0.150965 0.081272 0.004899 -0.064802 0.059225 0.047221 -0.170330 0.023819 -0.086561 -0.084381 -0.127157 0.160220 -0.006079 -0.279292 -0.268392 0.056625 -0.056558 0.064499 0.131450 0.117959 -0.157124 -0.056375 -0.057850 -0.194257 -0.260399 -0.199500 -0.106153 -0.298957 -0.227685 0.172630 -0.310914 -0.290023 -0.414828 0.243202 -0.179471 0.075861 -0.121426 -0.294377 -0.357118 -0.325343 -0.140889 -0.303344 -0.052615 -0.058091 -0.256427 -0.235740 -0.241134 -0.138355 -0.244917 -0.161042 -0.157998 -0.199288 -0.263109 -0.030118 0.022589 0.022544 -0.158285 -0.197252 -0.221864 -0.255964 -0.106461 -0.043588 -0.087214
-0.127049 -0.156447 -0.272557 -0.213933 -0.120233 0.452743 -0.387238 -0.473967 0.302571 -0.071285 0.134097 -0.279567 0.302502 0.063828 0.573103 0.422182 -0.254272 -0.204784 -0.048310 -0.281474 0.503898 0.426253 0.298847 0.188889 0.048118 0.723023 0.350305 1.000000 -0.162379 -0.145225 -0.088110 -0.390748 -0.372678 -0.393818 0.012485 0.196745 0.183348 0.446941 0.431911 0.370195 0.357846 0.211687 0.032872 0.216679 -0.170571 -0.010754 -0.111769 0.071924 0.200045 -0.038530 0.655654 0.035340 -0.097380 -0.146041 0.287632 0.040676 0.253366 0.257818 -0.095532 -0.023905 -0.114716 -0.437786 -0.211829 -0.301601 0.024012 0.125297 -0.072599 0.116948 0.067169 0.263045 0.192294 0.148117 -0.321969 0.105812 -0.050080 0.136470 0.021240 -0.005309 0.063234 -0.019200 -0.079978 -0.025340 0.457037 0.046101 0.121058 0.067670 0.460334 0.027547 0.230014 0.169828 -0.166725 -0.091520 -0.256841 -0.023452 0.128570 -0.024857 0.437278 -0.194866 0.217130 0.185594 -0.361026 -0.166575 -0.350801 -0.132456 -0.028850 -0.193174 0.382523 0.303101 -0.175762 0.309906 0.399358 0.104419 0.052495 0.093886 -0.183351 -0.372564
0.588078 0.152964 -0.081947 -0.019948 -0.145574 -0.402363 0.303339 -0.126594 -0.010236 -0.118672 0.662780 0.332647 0.567786 0.297761 0.373778 -0.012655 0.620539 0.405383 0.289054 0.225257 0.236905 0.003780 0.027715 -0.250364 -0.057860 -0.123386 0.111079 -0.162379 1.000000 0.533786 0.261393 0.078653 0.291333 0.079574 -0.246666 -0.445863 0.337063 -0.133344 -0.139746 -0.239769 0.222602 -0.042359 -0.277867 -0.326622 -0.381340 -0.566677 -0.232368 -0.287448 -0.154459 -0.328498 -0.189421 -0.191875 0.493524 0.167040 0.040719 -0.180893 0.284746 0.161167 0.090601 -0.247917 0.138366 -0.093449 0.383547 0.100865 0.066807 -0.502072 -0.258352 -0.624713 0.113881 -0.282341 0.425495 0.162970 0.747553 0.373381 0.595612 0.275051 0.604688 0.148296 0.370048 0.274256 0.320604 0.291275 -0.089183 0.064447 0.239657 -0.094872 -0.247599 -0.325114 -0.231685 -0.370348 -0.141253 0.187190 -0.226097 0.094894 -0.005250 0.091359 -0.200549 0.085713 0.072566 0.020378 0.004113 0.141965 0.240094 0.075063 -0.112616 -0.289341 -0.217893 -0.356359 0.078611 -0.051326 -0.187512 0.001678 -0.025670 0.186018 0.043681 -0.134706
0.327376 0.060545 -0.349871 -0.312707 -0.185915 -0.339219 0.012662 0.112621 -0.160200 0.076558 0.121115 0.435628 0.168353 0.498460 -0.029440 0.194488 0.605130 0.645934 -0.279907 -0.041431 -0.043264 0.054116 -0.192833 -0.326024 -0.217068 -0.173469 -0.145908 -0.145225 0.533786 1.000000 -0.049704 -0.121892 0.113749 0.087275 -0.331991 -0.200315 0.353503 0.242735 0.006734 0.241945 0.208823 0.311901 -0.272012 -0.294370 -0.339421 -0.496103 -0.065133 -0.102603 -0.121419 -0.172698 -0.349401 -0.102018 0.381187 0.163043 -0.202374 0.048311 0.252457 0.174929 0.167116 0.091095 0.010384 0.220848 0.545685 0.439214 -0.249895 -0.286934 -0.329814 -0.448175 0.021325 -0.125330 0.283544 0.090317 0.610105 0.619086 0.575103 0.378049 0.576169 0.328959 0.524325 0.449306 0.505111 0.547082 -0.150655 0.229458 0.174371 -0.123618 -0.424780 -0.446893 -0.301792 -0.298943 0.141269 0.155728 -0.044211 -0.171447 0.272687 0.165610 -0.115727 0.143374 0.324530 0.310375 0.188383 0.075319 0.330568 -0.076349 0.006306 -0.290987 0.004023 -0.243224 -0.134882 0.201637 0.001363 0.188307 0.117482 0.212928 -0.014892 -0.104547
-0.067008 -0.374983 0.363890 0.168601 -0.001979 -0.218284 0.330900 -0.377579 -0.201170 -0.296752 0.278214 -0.159534 0.049646 -0.225735 0.003405 -0.318314 -0.017835 -0.357753 0.221267 0.103015 0.451231 0.223593 0.389375 0.438904 0.274822 0.230128 -0.014296 -0.088110 0.261393 -0.049704 1.000000 0.756755 0.157266 -0.039192 -0.013675 -0.113758 -0.020783 -0.012813 -0.209859 -0.249852 0.090402 0.165097 -0.126828 -0.045970 0.029205 0.033324 -0.151334 -0.301609 -0.128198 -0.305781 -0.022140 -0.231552 -0.152921 -0.157096 -0.260319 -0.275564 -0.044560 -0.147603 -0.117378 -0.310068 0.051621 -0.282579 -0.237691 -0.438569 0.427570 -0.186345 0.131659 -0.005602 -0.291123 -0.315143 0.492154 0.389050 0.216238 0.349097 0.306508 0.151136 0.164669 -0.092577 0.117208 -0.086047 -0.070047 -0.213673 0.085528 0.102184 0.395085 0.329106 -0.062516 0.047429 0.041414 -0.275285 -0.217667 0.204513 0.078217 0.304479 0.083592 -0.150546 -0.056020 0.033321 -0.232082 -0.232973 -0.392141 -0.028214 -0.215546 0.026504 -0.067902 -0.012779 -0.178893 -0.327624 0.183047 -0.115382 -0.067604 0.100869 0.097661 -0.129462 0.068210 -0.124381
-0.213056 -0.376245 0.406318 0.496759 0.054776 -0.256797 0.327057 -0.037471 -0.296242 -0.234295 0.074892 0.050481 -0.293848 -0.301371 -0.339976 -0.457074 -0.039112 -0.286336 0.102100 0.286305 0.161838 0.028964 0.335922 0.598103 0.320723 0.109138 -0.215383 -0.390748 0.078653 -0.121892 0.756755 1.000000 0.361007 0.394309 0.229537 0.003236 -0.000929 -0.095958 -0.233965 -0.317136 -0.113286 0.163283 -0.195835 -0.161500 -0.062307 0.007726 -0.244901 -0.258665 -0.467193 -0.449702 -0.246129 -0.439395 -0.355707 -0.229704 -0.375125 -0.307564 -0.112701 -0.229257 -0.437617 -0.497789 -0.039820 -0.062806 -0.121897 -0.240565 0.551435 0.033882 0.091986 0.078395 -0.202068 -0.295384 0.160969 0.408168 0.134113 0.209332 0.243236 0.159030 0.086703 0.159906 -0.027441 -0.077650 -0.063419 -0.242661 -0.080558 0.152840 0.318044 0.397762 -0.152162 0.121612 0.122687 -0.258731 -0.267764 0.044700 0.351441 0.226776 -0.001105 0.034357 -0.286708 0.291292 -0.476915 -0.380944 -0.267212 -0.044804 -0.254160 0.047339 -0.104465 0.193763 -0.456093 -0.476388 0.367612 -0.203156 -0.133114 0.077930 -0.045890 -0.160820 0.139852 0.092650
0.160291 -0.036501 0.316956 0.461563 -0.054781 -0.217006 0.370565 0.126198 -0.063724 -0.160209 0.265854 0.290118 -0.193701 0.008746 -0.317797 -0.289537 0.254066 0.110929 0.096032 0.181658 -0.165569 0.094037 0.266429 0.082847 0.120114 -0.157874 -0.123201 -0.372678 0.291333 0.113749 0.157266 0.361007 1.000000 0.550054 0.238501 -0.214367 -0.023607 -0.239841 -0.264993 -0.190449 -0.201084 -0.076287 0.189173 0.051286 0.051806 -0.202119 0.246855 -0.010726 -0.165603 -0.167205 -0.157533 -0.092745 0.166026 0.208732 -0.265564 0.117362 0.096115 -0.074412 -0.307928 -0.415864 -0.000030 -0.055469 0.200266 0.028195 0.126595 -0.244407 -0.104383 -0.270411 -0.021694 -0.468493 0.018619 0.217040 0.415270 0.124526 0.273946 0.189827 0.254549 0.160578 0.282531 0.179612 0.110834 -0.067807 -0.442237 -0.142014 -0.018016 -0.043776 -0.381575 0.066265 -0.217932 -0.370250 -0.398694 -0.111039 -0.151414 -0.266559 0.079221 0.213641 -0.472255 0.372811 -0.289916 -0.170055 -0.114459 -0.094125 0.054594 -0.273843 -0.147524 0.009798 -0.425994 -0.440563 0.000687 -0.174343 -0.248788 -0.104818 -0.127880 -0.058332 -0.069275 0.097082
-0.112524 -0.075172 0.245145 0.443985 0.066584 -0.153450 0.364184 0.504523 -0.011327 0.097867 0.079635 0.549307 -0.225987 0.056627 -0.497973 -0.154937 0.296224 0.296518 -0.100296 0.259270 -0.258175 -0.139214 0.187404 0.129085 -0.049871 -0.182099 -0.050227 -0.393818 0.079574 0.087275 -0.039192 0.394309 0.550054 1.000000 0.191679 0.185810 0.067474 -0.166251 0.025938 -0.157017 -0.089963 -0.007868 -0.191281 -0.238077 -0.160418 -0.158878 -0.228400 -0.140868 -0.491982 -0.326725 -0.203185 -0.345838 -0.181312 0.019477 -0.336170 -0.216070 -0.027866 -0.040045 -0.493391 -0.433896 0.042865 0.238088 0.279167 0.292534 0.322227 0.280067 -0.343071 -0.099560 -0.008943 -0.191861 -0.231793 0.379184 0.227960 -0.036059 0.112905 0.003792 0.026568 0.237518 0.020796 0.184124 0.255306 0.202075 -0.301147 -0.084545 -0.010721 -0.042562 -0.259146 -0.022500 0.005253 -0.362308 -0.367907 -0.384954 -0.047040 -0.272047 -0.255311 0.148753 -0.439365 0.231669 -0.406636 -0.284893 -0.167420 -0.387005 -0.183103 -0.295554 -0.311591 0.063318 -0.516914 -0.301879 0.164436 -0.275141 -0.277877 -0.108469 -0.283650 -0.174238 0.030526 0.146082
-0.239747 -0.396731 0.149637 0.210503 -0.018349 -0.109238 0.012272 -0.059014 -0.159041 -0.388961 -0.043405 -0.064473 -0.097976 -0.236867 -0.134106 -0.311656 -0.240937 -0.278131 -0.209585 -0.228403 -0.013688 0.131642 0.087794 0.170046 0.019282 0.151299 -0.184780 0.012485 -0.246666 -0.331991 -0.013675 0.229537 0.238501 0.191679 1.000000 0.400074 0.026198 -0.023978 -0.079255 -0.126068 -0.269375 -0.016519 0.167213 0.311688 0.262870 0.301098 0.047206 0.170168 -0.128311 -0.203585 0.263894 -0.245940 -0.456798 -0.335928 -0.030132 -0.059928 -0.025445 -0.117458 -0.186627 -0.215699 0.276293 0.034324 -0.174326 -0.180761 0.300372 0.407246 0.508518 0.386183 -0.140874 -0.141965 -0.145780 -0.026806 -0.083848 -0.144373 -0.066339 0.104296 -0.047744 -0.019628 -0.122344 0.097371 -0.209986 -0.261945 -0.204977 -0.211852 0.048474 0.302103 0.057437 0.286820 0.134574 -0.099926 -0.169763 -0.104747 0.272784 0.035817 -0.061106 0.042413 0.038718 0.243151 -0.266997 -0.206646 -0.068496 -0.078704 -0.129765 -0.170285 -0.036489 0.281963 -0.260344 -0.185901 0.107063 -0.036154 0.299579 -0.125509 -0.262555 -0.068252 0.070820 0.187751
-0.436709 -0.512241 -0.267028 -0.181385 -0.072026 0.078754 -0.243102 0.046792 -0.186118 -0.107046 -0.235956 -0.064473 -0.029775 -0.071711 -0.150480 0.116189 -0.368471 -0.233765 -0.519188 -0.275220 -0.122759 0.117450 -0.096602 0.171773 -0.179337 0.065500 -0.104857 0.196745 -0.445863 -0.200315 -0.113758 0.003236 -0.214367 0.185810 0.400074 1.000000 0.001891 0.337922 0.250275 0.197216 -0.023713 0.199274 -0.084489 0.145538 0.129305 0.315442 -0.083021 0.272141 -0.049826 0.012406 0.255229 -0.150402 -0.392703 -0.253200 0.067388 -0.083777 -0.166132 -0.176006 -0.023293 0.135878 0.166088 0.174262 -0.162684 -0.104780 0.165305 0.524831 0.167505 0.512837 -0.161795 0.227652 -0.290931 0.019978 -0.403791 -0.221139 -0.389523 -0.122538 -0.246495 0.096512 -0.153604 -0.180473 -0.080593 -0.064695 0.078156 0.212468 0.058532 0.103095 0.078584 0.199219 0.199239 0.193434 0.199705 -0.065672 0.039972 0.046457 0.166706 -0.129623 0.391731 0.001452 0.098369 0.133980 -0.106556 -0.261888 -0.310720 -0.212351 -0.060427 0.072321 0.209911 0.177380 0.063186 0.221973 0.432027 0.291555 0.035512 -0.063773 -0.137293 -0.208789
