1.000000 0.417874 0.305093 -0.181716 0.057976 -0.080033 0.220951 -0.085997 0.367668 0.016927 0.521013 0.101474 0.257987 -0.062706 0.343831 0.021653 -0.183562 -0.125115 0.576409 0.348254 -0.370482 -0.333441 -0.009185 -0.042222 0.005913 -0.097344 0.161128 -0.016860 0.246647 -0.046301 -0.335570 -0.293322 0.231387 0.281441 -0.020863 -0.092749 -0.142415 -0.045922 -0.066017 -0.206631 -0.038195 -0.064687 -0.301205 -0.367376 -0.282328 -0.284554 -0.210374 -0.234504 -0.361944 -0.565719 -0.093075 -0.365400 -0.102776 -0.071211 -0.156556 -0.222429 0.290437 0.293927 0.096393 -0.190413 0.094455 -0.007201 -0.172653 -0.042884 0.512050 -0.041391 -0.317346 -0.317802 0.232522 0.089078 -0.265049 -0.436681 -0.093013 0.091584 0.262347 0.245464 0.195428 0.109102 0.119404 -0.050620 -0.079138 0.125289 0.247266 -0.091670 0.280885 0.149138 -0.044762 -0.252249 0.408272 0.092138 0.117177 -0.209857 -0.093023 0.040620 -0.160473 -0.024027 -0.433548 -0.230028 -0.253310 -0.265301 -0.247786 -0.362092 -0.316295 -0.130186 0.035734 0.017021 -0.279100 0.122472 -0.183542 -0.082107 -0.164589 -0.169455 -0.236520 -0.207758 0.072475 0.005918
0.417874 1.000000 -0.014544 -0.312123 -0.062327 -0.236601 0.122091 -0.113175 0.243703 0.036128 0.337715 0.433865 0.442536 0.372565 0.355826 0.249531 -0.075762 0.196509 0.053506 0.097667 -0.294765 -0.418104 -0.439115 -0.478081 -0.227444 -0.409216 -0.217823 -0.224597 0.177148 0.313769 -0.372818 -0.539219 0.076858 0.286303 -0.342978 -0.194557 -0.123472 -0.187510 -0.379577 -0.142848 0.029397 -0.019057 -0.297640 -0.419910 -0.167031 -0.250348 -0.136522 -0.271829 -0.048937 -0.360730 -0.145502 -0.050384 0.087582 -0.046457 -0.419773 -0.371229 0.411455 0.398111 0.247490 -0.182726 0.366706 0.348336 -0.112026 0.237532 0.484359 0.419701 -0.244551 -0.407699 0.431847 0.178684 -0.143132 -0.404649 -0.031115 -0.005794 0.189671 0.045480 0.054431 0.157681 -0.083273 0.279486 0.119939 0.225064 0.234226 -0.026172 0.107154 0.214859 -0.277587 -0.291310 -0.064729 -0.081855 0.050174 -0.323307 -0.062349 -0.049703 -0.165118 -0.098849 -0.203989 -0.232776 -0.140207 -0.291653 -0.233676 -0.172858 -0.131439 -0.127685 0.073082 -0.103374 0.225491 0.069150 -0.244080 -0.185126 -0.478674 -0.268765 -0.140244 0.007624 0.047489 -0.059981
0.305093 -0.014544 1.000000 0.297926 0.493936 0.396608 0.569786 0.425987 0.525151 0.305775 0.281438 0.161197 0.306409 0.169864 0.286434 0.245646 -0.316325 -0.057703 0.458847 -0.047294 0.034399 0.140623 0.341988 0.119277 0.376157 0.142040 0.463762 0.346521 -0.010845 -0.135216 0.016121 -0.037340 0.152426 0.400839 0.323712 0.280057 -0.267427 -0.435596 0.007170 -0.293774 0.001396 -0.002472 -0.185597 -0.005359 0.076176 0.162985 -0.186756 -0.363879 -0.155364 -0.172045 0.383985 -0.323786 -0.234069 -0.215756 -0.092581 -0.477551 -0.313691 -0.252656 -0.231077 -0.298361 0.021402 -0.296051 -0.352731 -0.282283 0.516792 0.062031 0.046178 0.124630 -0.204824 -0.263987 -0.162907 0.092626 -0.133756 -0.112013 0.027086 0.066728 0.128443 0.021814 -0.262788 -0.420819 -0.456452 -0.262825 -0.109834 -0.185347 -0.132669 -0.295534 -0.186156 -0.305542 0.248529 -0.024055 -0.004275 -0.181999 0.212353 0.116281 -0.379238 -0.189440 -0.379473 -0.293562 -0.393448 -0.491892 -0.050659 -0.141743 -0.189680 -0.231474 0.007113 -0.117178 -0.330543 0.138785 0.013318 -0.176740 0.066968 -0.358597 -0.273575 -0.136763 -0.142543 -0.230178
-0.181716 -0.312123 0.297926 1.000000 0.313011 0.536618 0.245815 0.745429 0.168034 0.449450 -0.354497 0.129364 -0.323785 0.056377 -0.226214 0.216384 -0.188314 -0.098673 0.120524 0.132682 0.371107 0.415695 0.288522 0.357478 0.198103 0.385115 0.386432 0.505416 -0.322198 -0.015867 0.237766 0.398464 -0.115870 0.228648 0.223289 0.251823 -0.054375 0.027677 0.081536 0.096636 0.127078 0.100770 -0.083916 0.127563 -0.145735 0.165324 -0.437234 -0.010543 -0.343647 0.014641 -0.073074 -0.268188 -0.437355 -0.208435 -0.265440 -0.218973 -0.357952 -0.461209 -0.518195 -0.047088 -0.383124 -0.346649 -0.096278 -0.364331 0.009113 0.037844 -0.163547 0.170301 -0.408262 -0.297248 0.068848 0.152491 -0.051532 0.064905 -0.077386 0.065586 0.073395 0.147015 -0.301883 -0.340057 -0.085294 -0.153652 -0.180628 0.181662 0.324739 0.093952 0.258921 0.037122 0.009760 0.174467 -0.028089 0.031755 0.565285 0.067064 -0.395700 0.075716 -0.271473 -0.115303 -0.357613 -0.239288 0.364717 0.012697 0.269100 -0.237743 -0.345231 -0.125047 -0.053574 -0.028587 0.343270 0.166325 0.143876 -0.017895 0.022886 -0.087498 -0.388343 -0.135535
0.057976 -0.062327 0.493936 0.313011 1.000000 0.645389 0.356445 0.312439 0.721116 0.705087 -0.034998 -0.158816 0.214086 0.177335 0.489003 0.614482 -0.055688 -0.059784 0.145321 -0.223805 0.160876 0.092555 0.337551 0.221963 0.468578 0.131580 0.676794 0.399967 -0.232566 -0.203437 -0.070141 -0.185034 0.016082 -0.004372 0.158693 0.174555 -0.233572 -0.217204 0.086217 -0.073825 -0.132443 -0.104722 -0.253221 -0.193424 -0.162250 -0.068461 -0.248211 -0.397254 -0.152595 -0.126028 -0.044165 -0.022237 0.044876 0.244732 -0.077584 -0.361343 -0.241620 -0.218800 0.049548 -0.000569 0.178261 -0.034649 -0.118680 -0.110813 0.328797 0.146338 -0.140690 -0.134838 -0.117208 -0.107321 0.063511 -0.062280 -0.178099 0.004569 -0.199920 -0.083642 -0.102461 -0.064354 -0.067669 -0.409662 -0.148775 -0.108703 -0.203517 0.144981 -0.105059 -0.289173 -0.090086 -0.087968 0.159880 -0.064201 0.322886 0.225305 0.501479 0.519209 -0.286251 -0.283099 -0.429458 -0.269640 -0.318064 -0.326606 0.179800 0.251550 -0.086604 -0.212896 -0.248304 -0.122897 -0.148729 0.091818 0.060802 -0.201958 0.024736 -0.174363 0.022859 -0.008400 -0.166663 -0.103059
-0.080033 -0.236601 0.396608 0.536618 0.645389 1.000000 0.019941 0.366793 0.332268 0.597387 -0.272943 -0.135590 -0.173969 -0.037159 0.120569 0.322701 -0.240364 -0.168648 -0.036286 -0.163368 0.530596 0.512924 0.603656 0.514143 0.680024 0.595468 0.805989 0.768455 -0.522776 -0.313345 0.118767 0.046759 -0.112019 -0.134650 0.237063 0.203552 -0.171198 -0.063595 0.309639 0.092906 0.082728 0.062528 0.053611 0.099948 -0.113623 0.061140 -0.032275 0.090805 -0.187798 -0.013775 -0.001743 -0.186711 -0.127836 0.158169 -0.017758 -0.162831 -0.191054 -0.198304 -0.130018 0.030119 -0.224019 -0.358048 -0.178281 -0.383497 -0.072064 -0.104355 -0.178653 0.064753 -0.144699 -0.313703 0.210161 0.107245 -0.303397 0.023537 -0.100374 -0.122107 -0.019827 -0.010937 -0.069312 -0.342099 -0.156057 -0.193839 -0.296723 0.114722 0.059334 -0.208503 0.118000 0.171513 0.029791 0.072409 0.227416 0.186467 0.541815 0.343759 -0.294260 -0.152426 -0.235978 -0.069453 -0.126022 -0.157500 0.292756 0.033736 -0.035415 -0.251511 -0.316124 -0.099461 -0.044596 0.058880 0.073437 -0.111355 0.203922 0.074740 0.157044 0.115279 -0.096406 0.095533
0.220951 0.122091 0.569786 0.245815 0.356445 0.019941 1.000000 0.555817 0.403477 0.365089 0.249660 0.247929 0.550537 0.513302 0.262116 0.409788 0.117098 0.248279 0.314398 0.181202 -0.222354 -0.212098 -0.191073 -0.252746 -0.192904 -0.431863 0.186688 -0.090063 0.406293 0.217347 -0.141660 -0.140236 0.051543 0.433297 0.032490 0.010137 -0.141484 -0.356419 -0.342440 -0.241779 -0.070878 0.037636 -0.392468 -0.330589 -0.124312 -0.111539 -0.366877 -0.535356 -0.100660 -0.210446 -0.166998 -0.067212 -0.112348 -0.104635 -0.199508 -0.360193 -0.291770 -0.331514 -0.075076 -0.273902 0.378670 0.325071 -0.101078 0.157150 0.579910 0.519392 -0.271624 -0.289065 -0.381336 -0.172693 -0.373002 -0.091203 0.289323 -0.190136 0.192840 0.169440 0.116706 -0.021932 -0.195627 -0.137977 -0.193896 -0.161957 -0.048562 -0.000979 -0.068180 -0.191790 -0.181203 -0.357492 -0.049446 -0.180027 0.070677 -0.098130 0.248344 0.147002 -0.381430 -0.048488 -0.333082 -0.337441 -0.213968 -0.309858 0.181460 0.113015 0.110442 0.015020 0.109655 -0.066131 -0.090990 -0.004870 0.029772 -0.087564 -0.391366 -0.180062 -0.144550 -0.030755 -0.055677 -0.173642
-0.085997 -0.113175 0.425987 0.745429 0.312439 0.366793 0.555817 1.000000 0.263349 0.555751 -0.142567 0.333792 -0.089398 0.391367 -0.148969 0.375269 -0.228752 0.034936 0.015490 0.085919 0.115060 0.318818 0.030976 0.157028 0.055673 0.070723 0.206190 0.215034 -0.165455 0.148829 0.228790 0.321077 -0.177876 0.426096 0.163360 0.353757 -0.245918 -0.154504 -0.143921 -0.125147 0.128802 0.138419 -0.150153 0.119500 -0.033829 0.285237 -0.342104 -0.055369 -0.281524 0.056212 -0.031421 -0.113151 -0.463380 -0.169186 -0.455818 -0.294987 -0.402741 -0.562446 -0.508471 -0.268008 -0.236862 -0.178688 -0.216023 -0.320897 0.250320 0.373068 -0.254969 0.137712 -0.611708 -0.504775 -0.130345 0.249256 0.015761 -0.062637 0.045907 0.103265 -0.032719 0.040623 -0.364542 -0.285112 -0.126495 -0.160642 -0.194847 0.161229 0.085383 0.059945 -0.032490 -0.104521 -0.213173 -0.038411 -0.018625 -0.170460 0.454417 -0.077774 -0.301256 0.046915 -0.321483 -0.103827 -0.430485 -0.254523 0.206953 -0.113091 0.098320 -0.261772 -0.168945 -0.077664 -0.020905 -0.050107 0.197366 0.049364 -0.046970 -0.112281 0.026193 0.020315 -0.139032 0.037242
0.367668 0.243703 0.525151 0.168034 0.721116 0.332268 0.403477 0.263349 1.000000 0.576106 0.211252 0.065902 0.228346 0.146863 0.551043 0.424359 -0.244702 -0.121478 0.379565 -0.023385 -0.012471 -0.185818 0.207584 0.129255 0.361037 0.035432 0.500880 0.253582 -0.025684 -0.121537 -0.120410 -0.187071 0.115767 0.257241 0.186175 0.195319 -0.215804 -0.316426 -0.059012 -0.270086 -0.031439 -0.161980 -0.346709 -0.272424 -0.212767 -0.096427 -0.253691 -0.455215 -0.325629 -0.350380 -0.022983 -0.085779 -0.075306 0.187117 -0.327943 -0.456737 -0.042563 0.010228 -0.037094 -0.318714 0.114415 -0.064305 -0.275590 -0.063347 0.522385 0.184587 -0.345640 -0.224090 -0.010403 0.031445 -0.150378 -0.179581 -0.151620 0.005220 -0.085499 -0.017436 0.021372 -0.038882 -0.059016 -0.278273 -0.147156 0.100266 -0.008761 0.005997 0.133120 0.009473 -0.234839 -0.294846 0.369142 -0.079494 0.321474 -0.040547 0.391453 0.242841 -0.368533 -0.285723 -0.562328 -0.325649 -0.345242 -0.414820 -0.117469 -0.074851 -0.286765 -0.387866 -0.236627 -0.098320 -0.229111 0.212814 -0.001997 -0.202172 -0.138982 -0.386642 -0.185488 -0.150310 -0.204719 -0.069000
0.016927 0.036128 0.305775 0.449450 0.705087 0.597387 0.365089 0.555751 0.576106 1.000000 -0.068437 0.160034 0.165620 0.472320 0.290992 0.752250 -0.153624 0.123950 -0.097187 -0.183820 0.087793 0.128022 0.206874 0.246139 0.371434 0.148807 0.548736 0.354115 -0.322073 -0.029191 -0.143695 -0.141780 -0.338648 0.009218 0.070001 0.233767 -0.220067 0.010416 -0.088391 0.083120 -0.030971 0.114268 -0.408524 -0.268160 -0.348236 -0.063018 -0.369127 -0.262607 -0.285552 -0.190230 -0.146893 0.047075 -0.005832 0.114450 -0.218871 -0.283066 -0.231315 -0.380437 -0.153849 -0.196154 0.088465 0.072072 -0.224325 -0.270188 0.353106 0.488368 -0.445282 -0.139610 -0.336182 -0.265477 -0.107951 -0.044288 -0.153721 0.025432 0.012575 0.059335 -0.060837 -0.003606 -0.253649 -0.363722 -0.099559 -0.133475 -0.098344 0.256242 0.180591 0.000967 -0.055008 -0.099859 0.048703 0.030896 0.393721 0.127739 0.693968 0.375503 -0.262349 0.004743 -0.315299 -0.065027 -0.264411 -0.178865 0.343201 0.169438 -0.008879 -0.229470 -0.275333 -0.124212 0.051755 -0.015951 0.276459 0.057783 -0.085279 0.044631 0.221373 0.271838 -0.066984 0.200408
0.521013 0.337715 0.281438 -0.354497 -0.034998 -0.272943 0.249660 -0.142567 0.211252 -0.068437 1.000000 0.292942 0.668845 0.267685 0.400717 0.107219 -0.028537 -0.167951 0.128861 -0.231733 -0.379478 -0.287664 0.012749 -0.123570 0.082709 -0.175520 -0.157958 -0.118628 0.408021 -0.017049 -0.256860 -0.271770 0.028918 0.255245 0.131347 0.108474 -0.158359 -0.194965 -0.211379 -0.323271 -0.143280 0.056564 -0.235970 -0.149612 0.050756 -0.016600 -0.106563 -0.273936 -0.022110 -0.222859 0.297078 -0.096518 0.133758 -0.362909 -0.115320 -0.195099 0.007996 0.138582 0.125230 -0.203897 0.218245 0.098660 -0.119019 0.025632 0.529049 0.171143 -0.064166 -0.065269 0.014361 0.099525 -0.351040 -0.260008 -0.090397 -0.267525 0.074965 0.160944 -0.150128 -0.164090 0.004831 -0.083031 -0.217691 -0.011651 0.244816 -0.002712 0.113101 0.243625 -0.130084 -0.149008 0.357298 0.235443 -0.247864 -0.526497 -0.229720 -0.119125 -0.030371 -0.052000 -0.144806 -0.196242 -0.179560 -0.272692 -0.275191 -0.317963 -0.304540 -0.008091 0.164856 -0.172558 -0.145714 0.139666 -0.190766 -0.070073 -0.250891 -0.226747 -0.301315 -0.025700 -0.025493 -0.113711
0.101474 0.433865 0.161197 0.129364 -0.158816 -0.135590 0.247929 0.333792 0.065902 0.160034 0.292942 1.000000 0.259070 0.645716 0.012950 0.227439 -0.106258 0.193628 -0.122556 -0.047120 -0.138715 -0.089263 -0.464610 -0.373114 -0.063169 -0.154328 -0.307868 -0.197602 0.160239 0.514287 -0.099221 -0.055018 -0.196812 0.420253 -0.202293 -0.054683 0.142844 -0.008831 -0.221073 -0.019514 0.270611 0.344677 -0.210835 -0.047595 0.063435 0.220906 -0.304315 -0.055703 -0.137284 -0.028021 0.185470 -0.136668 -0.158564 -0.460625 -0.382002 -0.305543 -0.086468 -0.225355 -0.240586 -0.317125 0.080411 -0.037065 -0.003419 -0.150765 0.433208 0.441794 -0.169186 0.048850 -0.188437 -0.376729 -0.371577 -0.251401 0.189593 -0.239510 0.085070 0.134990 0.147103 0.367861 -0.208356 0.030973 0.075453 0.082382 0.281816 0.401828 0.246516 0.534497 0.018805 -0.070578 -0.210634 0.185673 -0.200193 -0.566290 0.034257 -0.236824 -0.177390 0.271989 0.014397 -0.007679 -0.296292 -0.294109 -0.112378 -0.112453 0.154288 -0.091657 -0.180096 -0.430455 0.200911 0.124378 0.208297 0.129531 -0.242230 -0.058371 -0.050639 0.149194 -0.151438 -0.132507
0.257987 0.442536 0.306409 -0.323785 0.214086 -0.173969 0.550537 -0.089398 0.228346 0.165620 0.668845 0.259070 1.000000 0.583140 0.627960 0.452008 0.188365 0.227703 -0.073092 -0.280288 -0.315396 -0.422823 -0.174498 -0.379882 -0.109773 -0.452917 -0.040129 -0.162680 0.415710 0.077845 -0.476582 -0.572318 -0.021393 0.196657 0.007550 -0.031958 -0.044794 -0.319257 -0.291512 -0.176487 -0.088457 0.070550 -0.336550 -0.367405 0.052817 -0.125950 -0.075789 -0.497546 0.182461 -0.154465 0.113647 0.106768 0.416255 -0.152121 0.065864 -0.260947 -0.075804 0.016265 0.348289 -0.142977 0.677991 0.484686 -0.064177 0.248988 0.607412 0.536934 -0.043567 -0.264405 -0.000147 0.129638 -0.413152 -0.285154 0.065775 -0.363240 0.042336 0.016522 -0.128926 -0.174462 -0.086820 0.011996 -0.240410 -0.114819 0.130134 -0.003658 -0.215444 -0.139761 -0.358470 -0.342813 0.023121 -0.082202 -0.102506 -0.316484 -0.091817 0.074645 -0.262028 -0.218905 -0.010406 -0.262429 -0.044489 -0.339777 -0.022947 0.094926 -0.095069 0.012043 0.161581 -0.165416 0.032452 -0.017379 -0.197792 -0.190756 -0.335221 -0.190692 -0.231874 -0.001267 0.010649 -0.191325
-0.062706 0.372565 0.169864 0.056377 0.177335 -0.037159 0.513302 0.391367 0.146863 0.472320 0.267685 0.645716 0.583140 1.000000 0.198386 0.686437 0.066162 0.435039 -0.329504 -0.297792 -0.187778 -0.116261 -0.407501 -0.482316 -0.080798 -0.402654 -0.201398 -0.258268 0.188075 0.459411 -0.186927 -0.221054 -0.225802 0.281574 -0.252563 -0.013056 0.016683 -0.044346 -0.263987 0.000910 0.138060 0.401868 -0.378307 -0.320503 -0.035469 0.016369 -0.299933 -0.322900 0.085106 0.005057 -0.021533 0.151442 0.235949 -0.230743 -0.190604 -0.267410 -0.321307 -0.475479 0.125553 -0.174501 0.480973 0.453394 0.013381 0.037815 0.494838 0.815025 -0.135812 -0.195866 -0.324330 -0.266391 -0.328441 -0.085625 0.231159 -0.255942 0.142860 0.119163 -0.048318 0.096728 -0.369911 -0.013825 -0.057531 -0.080730 0.128174 0.360782 -0.009699 0.164051 -0.171766 -0.206682 -0.325934 -0.024634 -0.033310 -0.323463 0.165932 0.059732 -0.198792 0.122641 0.018043 -0.113655 -0.118674 -0.250562 0.093298 0.160013 0.184476 0.074516 0.035055 -0.379310 0.327475 -0.005097 0.149965 0.068482 -0.451413 0.062278 0.147582 0.310564 -0.039314 -0.046836
0.343831 0.355826 0.286434 -0.226214 0.489003 0.120569 0.262116 -0.148969 0.551043 0.290992 0.400717 0.012950 0.627960 0.198386 1.000000 0.463122 0.172287 0.047130 0.067207 -0.147829 -0.088046 -0.445149 0.094033 -0.066213 0.173062 -0.100309 0.305129 0.111348 0.247490 -0.036597 -0.376056 -0.533413 0.175501 0.140488 0.112704 -0.044900 0.028198 -0.265185 0.080485 -0.183035 0.094822 0.044261 -0.215958 -0.370969 -0.161644 -0.274663 0.034071 -0.362254 -0.019754 -0.299577 0.042393 0.075410 0.325164 0.265003 -0.003395 -0.324208 0.189654 0.304165 0.265024 -0.176453 0.391382 0.110545 -0.118850 0.210306 0.395340 0.121392 -0.163809 -0.332119 0.230965 0.160898 -0.252357 -0.349659 -0.066218 -0.184008 -0.072062 -0.154263 -0.147580 -0.204815 0.237616 -0.087247 -0.003596 0.222219 0.260790 0.098070 -0.125699 -0.134354 -0.378407 -0.425305 0.171701 -0.037310 0.256104 -0.095934 0.006608 0.062906 -0.379003 -0.538288 -0.225690 -0.195686 -0.108856 -0.317477 -0.205254 -0.070025 -0.285827 -0.328392 -0.192096 -0.085473 -0.111346 0.039636 -0.284029 -0.405675 -0.061310 -0.286323 -0.199807 -0.192845 -0.039025 -0.191582
0.021653 0.249531 0.245646 0.216384 0.614482 0.322701 0.409788 0.375269 0.424359 0.752250 0.107219 0.227439 0.452008 0.686437 0.463122 1.000000 -0.008625 0.231356 -0.086912 -0.302337 0.010318 -0.126769 -0.055037 -0.099537 0.181264 -0.104315 0.224398 0.070884 -0.061099 0.160715 -0.089164 -0.219006 -0.118536 0.183752 -0.057006 0.114556 -0.188539 0.043635 -0.075804 0.018500 -0.032777 0.317738 -0.380691 -0.400311 -0.268424 -0.160982 -0.362872 -0.408774 -0.144378 -0.230015 -0.191369 0.007483 0.157262 -0.002675 -0.197610 -0.392024 -0.241651 -0.370335 0.108169 -0.041705 0.338920 0.306296 -0.134096 -0.040996 0.489304 0.565994 -0.229868 -0.273714 -0.140359 -0.098183 -0.073155 -0.018557 -0.026527 0.009104 0.154585 0.147177 -0.040842 0.031947 -0.257238 -0.204419 -0.105021 -0.068490 0.104627 0.388359 0.011200 -0.014769 -0.141985 -0.196158 -0.031589 0.096401 0.178135 -0.023058 0.447872 0.336031 -0.316819 -0.125282 -0.290033 -0.278260 -0.305855 -0.300232 0.180905 0.191995 0.059258 -0.083614 -0.141245 -0.232906 0.088277 -0.197084 0.090756 -0.061598 -0.206232 -0.023955 0.128295 0.176783 -0.093821 -0.018975
-0.183562 -0.075762 -0.316325 -0.188314 -0.055688 -0.240364 0.117098 -0.228752 -0.244702 -0.153624 -0.028537 -0.106258 0.188365 0.066162 0.172287 -0.008625 1.000000 0.444917 -0.186233 0.134109 -0.245107 -0.201931 -0.377816 -0.294261 -0.391238 -0.427340 -0.218486 -0.404991 0.476868 0.364142 -0.099378 -0.166988 0.099402 -0.228239 -0.409617 -0.612975 0.357284 0.085273 -0.239484 0.054714 -0.089672 0.111762 -0.042523 -0.398476 -0.291391 -0.455948 -0.003364 -0.085690 0.202142 -0.007997 -0.458082 0.197531 0.176107 0.224242 0.190272 0.111403 0.200168 0.152102 0.221160 0.287715 0.411703 0.460268 0.606772 0.709975 -0.346429 -0.035927 0.060655 -0.371977 0.123843 0.049714 -0.001421 -0.261671 0.465633 0.034996 0.096171 0.101902 0.033481 0.054771 0.516312 0.280972 0.557628 0.346870 0.014791 0.175869 -0.152434 -0.140915 -0.029731 -0.009303 -0.383542 -0.213972 0.140986 0.177936 -0.068362 0.078932 0.055170 0.056335 0.154548 0.050873 0.198017 0.212350 0.058737 0.367285 0.210054 0.311407 0.089411 0.028696 0.129766 0.041769 -0.157504 0.101385 -0.322453 0.323205 0.343111 -0.033521 0.061236 -0.334011
-0.125115 0.196509 -0.057703 -0.098673 -0.059784 -0.168648 0.248279 0.034936 -0.121478 0.123950 -0.167951 0.193628 0.227703 0.435039 0.047130 0.231356 0.444917 1.000000 -0.207341 0.178490 -0.211349 -0.165538 -0.425982 -0.460532 -0.409567 -0.562965 -0.139010 -0.442646 0.264528 0.596127 -0.317984 -0.278942 -0.126845 -0.037080 -0.508572 -0.522610 0.182461 0.052845 -0.401179 0.001735 -0.078504 0.058255 -0.157737 -0.516681 -0.340876 -0.446479 -0.075412 -0.130351 0.261503 -0.111086 -0.267830 0.281795 0.191962 0.153378 0.144816 0.161323 0.034395 -0.063493 0.174677 0.002925 0.375237 0.485399 0.248451 0.482210 -0.112057 0.322766 -0.149405 -0.458602 -0.120733 -0.140799 -0.149372 -0.089685 0.529460 0.109102 0.281028 0.145470 0.091266 0.132829 0.100480 0.333150 0.358660 0.304639 0.064828 0.108237 -0.192582 -0.174790 -0.346771 -0.295240 -0.438670 -0.400920 0.216337 0.204361 0.006345 -0.016541 0.047662 0.167444 0.300032 0.098170 0.261794 0.251031 0.155467 0.248127 0.235549 0.308467 0.291439 0.100024 0.225452 -0.236997 -0.005589 0.231663 -0.437305 0.357080 0.278970 0.083369 0.205172 -0.075488
0.576409 0.053506 0.458847 0.120524 0.145321 -0.036286 0.314398 0.015490 0.379565 -0.097187 0.128861 -0.122556 -0.073092 -0.329504 0.067207 -0.086912 -0.186233 -0.207341 1.000000 0.498898 -0.040146 -0.246761 0.073485 0.049377 0.004067 0.022286 0.259817 0.087550 0.211206 -0.077102 0.041984 0.053514 0.389716 0.294901 0.086006 -0.074067 -0.190687 -0.087164 -0.041920 -0.173587 -0.220118 -0.127329 -0.198117 -0.229018 -0.280349 -0.242128 -0.387555 -0.379850 -0.439382 -0.478654 -0.124778 -0.483471 -0.394166 -0.149579 -0.207309 -0.351198 0.131475 0.125344 -0.124012 -0.027616 -0.134023 -0.218945 -0.187180 -0.045486 0.329542 -0.309552 -0.062386 -0.191147 0.267462 0.208070 0.081359 -0.133723 0.031632 0.390247 0.278378 0.367797 0.490006 0.296916 -0.015241 -0.238850 -0.152673 -0.017107 0.127291 -0.200138 0.269704 -0.082264 0.212249 -0.129690 0.563554 0.172991 0.060626 0.152582 0.126643 0.217961 -0.215677 -0.003206 -0.550280 -0.359266 -0.351886 -0.240577 -0.214397 -0.168495 -0.063810 -0.028835 -0.030612 0.052329 -0.482695 0.086976 0.070329 0.050151 -0.060749 -0.298693 -0.307400 -0.335023 -0.251564 -0.261974
0.348254 0.097667 -0.047294 0.132682 -0.223805 -0.163368 0.181202 0.085919 -0.023385 -0.183820 -0.231733 -0.047120 -0.280288 -0.297792 -0.147829 -0.302337 0.134109 0.178490 0.498898 1.000000 -0.230862 -0.225831 -0.264223 -0.121355 -0.393465 -0.214145 0.029145 -0.244510 0.304588 0.222898 -0.081332 0.070332 0.223958 0.149293 -0.298909 -0.427340 0.160206 0.048540 -0.173383 -0.022294 0.021980 -0.043228 -0.105423 -0.323372 -0.359797 -0.355915 -0.211696 -0.043379 -0.227745 -0.347681 -0.471361 -0.216202 -0.405976 0.084285 -0.178001 0.008811 0.327386 0.279920 -0.168148 -0.120429 -0.122298 -0.002713 0.173722 0.227811 -0.152471 -0.202507 -0.305925 -0.358730 0.093542 0.093247 -0.088001 -0.179712 0.325692 0.233166 0.330649 0.306501 0.325626 0.212067 0.214343 0.191066 0.351485 0.329692 0.059947 -0.106351 0.195481 -0.041283 0.067756 -0.242459 -0.096169 -0.201471 0.165760 0.240030 0.019936 -0.060203 -0.001483 0.129730 -0.186780 -0.074593 -0.025066 0.133398 0.047792 -0.064111 0.247031 0.004715 0.093069 0.345547 -0.064656 -0.065440 -0.095033 0.113801 -0.180849 0.073558 0.021682 -0.125263 0.186554 -0.063789
-0.370482 -0.294765 0.034399 0.371107 0.160876 0.530596 -0.222354 0.115060 -0.012471 0.087793 -0.379478 -0.138715 -0.315396 -0.187778 -0.088046 0.010318 -0.245107 -0.211349 -0.040146 -0.230862 1.000000 0.312412 0.435696 0.391414 0.419050 0.601222 0.393475 0.608565 -0.380133 -0.151260 0.406683 0.285237 0.009543 -0.028650 0.376072 0.302403 -0.031006 0.038096 0.412097 0.071823 0.123401 0.103135 0.257367 0.368878 0.140404 0.228862 0.012631 0.223536 -0.114154 0.270183 0.077804 -0.154981 -0.129567 0.022731 -0.069258 -0.110610 -0.141471 -0.112925 -0.108921 0.231154 -0.383446 -0.464047 -0.122774 -0.231301 -0.255196 -0.320580 0.094907 0.214205 0.069412 -0.097861 0.326604 0.275257 -0.196540 0.112196 -0.173312 -0.181542 0.026881 -0.002401 -0.057783 -0.160590 -0.092126 -0.040406 -0.118671 0.133164 0.077437 -0.032049 0.271087 0.296787 0.020418 0.102361 -0.051474 0.115889 0.226055 0.037093 -0.284823 -0.198780 -0.078741 0.046832 -0.026123 -0.054124 0.060533 -0.043587 0.106805 -0.174250 -0.337845 -0.053935 -0.042431 0.007760 0.107433 -0.112632 0.283067 -0.086526 -0.112436 -0.146181 -0.355973 -0.115668
-0.333441 -0.418104 0.140623 0.415695 0.092555 0.512924 -0.212098 0.318818 -0.185818 0.128022 -0.287664 -0.089263 -0.422823 -0.116261 -0.445149 -0.126769 -0.201931 -0.165538 -0.246761 -0.225831 0.312412 1.000000 0.321429 0.317407 0.366354 0.436151 0.241045 0.413101 -0.482607 -0.188940 0.240033 0.352878 -0.289182 -0.263570 0.070647 0.217034 -0.058052 0.093102 0.236554 0.059041 0.090762 -0.029277 0.065062 0.321214 0.063869 0.244203 -0.024647 0.298490 0.113595 0.254836 0.204684 -0.054213 -0.181291 0.026029 0.076147 0.174309 -0.380404 -0.326430 -0.142428 0.198915 -0.288253 -0.295943 0.041748 -0.346842 -0.331583 -0.132247 0.231420 0.477029 -0.356246 -0.382804 0.183849 0.337250 -0.248878 -0.055100 -0.173039 -0.074797 -0.193345 -0.077781 -0.181647 -0.205209 -0.082619 -0.207218 -0.463847 0.004654 -0.169610 -0.127466 0.048797 0.242850 -0.216650 0.052391 0.086683 0.019992 0.175216 0.017727 0.123537 0.065301 0.091079 0.148354 0.015297 0.063852 0.223520 0.036153 0.036048 0.116409 0.034370 -0.026282 -0.022027 0.037512 0.090295 0.098358 0.205723 0.074601 0.174383 0.160458 0.052078 0.212124
-0.009185 -0.439115 0.341988 0.288522 0.337551 0.603656 -0.191073 0.030976 0.207584 0.206874 0.012749 -0.464610 -0.174498 -0.407501 0.094033 -0.055037 -0.377816 -0.425982 0.073485 -0.264223 0.435696 0.321429 1.000000 0.786448 0.683507 0.742510 0.653023 0.805733 -0.431316 -0.630684 0.182289 0.162100 -0.011603 -0.126059 0.577712 0.468896 -0.199297 -0.084380 0.409645 0.033882 0.004407 -0.170747 0.175777 0.322263 0.093829 0.170042 0.158820 0.083747 -0.135902 -0.007954 0.326389 -0.196659 -0.008101 0.011734 0.218870 0.035642 -0.084545 0.047063 -0.148912 -0.081659 -0.425175 -0.532958 -0.367771 -0.422636 -0.117478 -0.394486 -0.062539 0.237221 -0.056162 0.042419 0.126262 0.229188 -0.498030 -0.044350 -0.264054 -0.243745 -0.196855 -0.311290 0.052563 -0.313850 -0.395699 -0.257796 -0.202979 -0.240055 0.076539 -0.203720 0.094476 0.141561 0.495769 0.185763 -0.003036 0.111718 0.177889 0.067794 -0.070040 -0.236052 -0.103438 0.027517 0.018405 -0.083272 0.103095 -0.229325 -0.348126 -0.232206 -0.085256 0.085342 -0.301444 0.052084 -0.016686 -0.127473 0.438704 -0.092682 -0.157141 -0.048847 -0.063517 0.138892
-0.042222 -0.478081 0.119277 0.357478 0.221963 0.514143 -0.252746 0.157028 0.129255 0.246139 -0.123570 -0.373114 -0.379882 -0.482316 -0.066213 -0.099537 -0.294261 -0.460532 0.049377 -0.121355 0.391414 0.317407 0.786448 1.000000 0.586898 0.758921 0.553727 0.708394 -0.526641 -0.605633 0.228966 0.283636 -0.143326 -0.168686 0.493317 0.427136 -0.225435 -0.027932 0.225564 0.004768 -0.057159 -0.243644 0.111248 0.349713 -0.031974 0.223856 0.039076 0.162305 -0.351680 -0.043802 0.182340 -0.191489 -0.163019 -0.021509 0.022131 0.034771 0.035365 0.063677 -0.352993 -0.070567 -0.608521 -0.587040 -0.278068 -0.452753 -0.203690 -0.367234 -0.123166 0.352945 -0.072137 0.030566 0.206953 0.243025 -0.514041 0.083540 -0.292325 -0.225766 -0.175097 -0.183006 0.099716 -0.351585 -0.207642 -0.179195 -0.150886 -0.093355 0.152818 -0.023658 0.207732 0.311766 0.361585 0.255021 -0.031379 0.131401 0.239312 0.000202 0.054623 -0.084543 -0.200894 0.058943 -0.178713 -0.006516 0.205940 -0.283797 -0.332179 -0.285157 -0.241866 0.181787 -0.352503 0.035514 -0.006771 0.039044 0.517413 -0.008010 -0.042119 -0.152069 -0.033256 0.313620
0.005913 -0.227444 0.376157 0.198103 0.468578 0.680024 -0.192904 0.055673 0.361037 0.371434 0.082709 -0.063169 -0.109773 -0.080798 0.173062 0.181264 -0.391238 -0.409567 0.004067 -0.393465 0.419050 0.366354 0.683507 0.586898 1.000000 0.725577 0.566797 0.658551 -0.436655 -0.385105 0.251469 0.131260 0.014642 -0.010610 0.358996 0.359032 -0.172924 -0.094360 0.364924 -0.017803 0.126012 0.012865 0.074243 0.292489 0.068632 0.240910 0.067726 0.119503 -0.207557 0.014140 0.328070 -0.180403 0.031049 -0.022688 -0.008466 -0.197648 -0.162233 -0.057975 -0.123499 -0.012989 -0.317759 -0.519267 -0.309296 -0.476449 0.046211 -0.237436 0.006149 0.295878 -0.036441 -0.108915 0.140418 0.111646 -0.448780 -0.063729 -0.146182 -0.172711 -0.055822 -0.108989 -0.052104 -0.472057 -0.275094 -0.181834 -0.060200 0.125015 0.179279 0.024745 0.146819 0.265781 0.320355 0.313970 0.045437 -0.096388 0.174832 0.176428 -0.121680 -0.224875 -0.196011 0.008787 -0.185090 -0.218592 -0.008529 -0.216454 -0.288365 -0.283729 -0.268866 -0.276903 -0.251884 0.223828 0.051211 -0.156136 0.342706 -0.011541 -0.048534 0.073496 -0.169015 0.168972
-0.097344 -0.409216 0.142040 0.385115 0.131580 0.595468 -0.431863 0.070723 0.035432 0.148807 -0.175520 -0.154328 -0.452917 -0.402654 -0.100309 -0.104315 -0.427340 -0.562965 0.022286 -0.214145 0.601222 0.436151 0.742510 0.758921 0.725577 1.000000 0.479734 0.783711 -0.521212 -0.530243 0.392003 0.384851 -0.063115 -0.068897 0.502497 0.467690 -0.034974 0.069751 0.545710 0.218380 0.268103 0.036557 0.249666 0.530319 0.152427 0.380788 0.080985 0.380814 -0.294413 0.100329 0.319050 -0.298165 -0.208304 -0.116464 0.013844 -0.061005 -0.004360 -0.065803 -0.347803 -0.046408 -0.583075 -0.735020 -0.255891 -0.588165 -0.201210 -0.458299 0.020940 0.466619 0.027130 -0.147993 0.202879 0.213513 -0.526737 0.042494 -0.265235 -0.226354 -0.026331 0.005498 -0.038361 -0.390520 -0.249347 -0.189553 -0.117591 0.046378 0.275996 0.120161 0.345636 0.344897 0.300436 0.417842 -0.015807 0.020523 0.185782 -0.077176 -0.144937 -0.099469 -0.134714 0.143069 -0.189397 -0.132549 -0.011051 -0.265647 -0.140003 -0.332350 -0.466225 -0.147477 -0.201256 0.138991 0.096549 -0.090409 0.592686 -0.103051 -0.101163 -0.068086 -0.189909 0.106087
0.161128 -0.217823 0.463762 0.386432 0.676794 0.805989 0.186688 0.206190 0.500880 0.548736 -0.157958 -0.307868 -0.040129 -0.201398 0.305129 0.224398 -0.218486 -0.139010 0.259817 0.029145 0.393475 0.241045 0.653023 0.553727 0.566797 0.479734 1.000000 0.742129 -0.317254 -0.395715 -0.075569 -0.086567 -0.041698 -0.120270 0.334279 0.180687 -0.151412 -0.137473 0.233053 0.039479 -0.002257 -0.155229 -0.116896 -0.102070 -0.291742 -0.153822 -0.139004 -0.170988 -0.278257 -0.294295 -0.032009 -0.258350 -0.034836 0.211544 0.056192 -0.154916 -0.053106 -0.015915 -0.060231 -0.084016 -0.153639 -0.287588 -0.234392 -0.247569 0.064297 -0.158155 -0.344345 -0.094795 -0.074155 -0.104747 0.102086 -0.062211 -0.258838 0.036773 -0.076997 -0.082146 0.042622 -0.058099 0.031860 -0.315592 -0.187610 -0.163596 -0.150692 -0.077766 0.081671 -0.322555 0.056266 -0.051063 0.292209 0.043639 0.425836 0.374216 0.509471 0.402391 -0.291730 -0.232575 -0.338840 -0.111280 -0.064463 -0.106626 0.275772 0.031775 -0.079234 -0.160510 -0.209164 0.086961 -0.155007 0.079938 0.023502 -0.141596 0.146611 -0.062650 -0.000051 0.017268 -0.030055 0.116737
-0.016860 -0.224597 0.346521 0.505416 0.399967 0.768455 -0.090063 0.215034 0.253582 0.354115 -0.118628 -0.197602 -0.162680 -0.258268 0.111348 0.070884 -0.404991 -0.442646 0.087550 -0.244510 0.608565 0.413101 0.805733 0.708394 0.658551 0.783711 0.742129 1.000000 -0.532850 -0.572539 0.121964 0.078284 -0.084532 -0.056117 0.528909 0.440727 -0.215366 -0.150214 0.360861 0.045228 0.099973 -0.166829 0.024685 0.264982 -0.000890 0.197407 -0.069005 0.048985 -0.219437 -0.030306 0.245101 -0.270799 -0.106021 -0.040725 -0.024231 -0.172640 -0.040578 -0.003807 -0.176010 -0.056300 -0.360971 -0.543049 -0.354415 -0.476647 0.005740 -0.222233 -0.095783 0.269742 0.014378 -0.045159 0.181092 0.034603 -0.569968 -0.054010 -0.302732 -0.287877 -0.109381 -0.111164 -0.114928 -0.336167 -0.392603 -0.297514 -0.200483 -0.105948 0.183489 -0.056892 0.217111 0.218635 0.358851 0.280775 0.068291 0.084753 0.405825 0.108254 -0.350235 -0.280199 -0.228971 -0.059301 -0.159109 -0.219062 0.155621 -0.170376 -0.254809 -0.330953 -0.342246 -0.119441 -0.212407 0.085266 0.033038 -0.130993 0.361576 -0.215170 -0.225781 -0.128656 -0.311978 0.070587
0.246647 0.177148 -0.010845 -0.322198 -0.232566 -0.522776 0.406293 -0.165455 -0.025684 -0.322073 0.408021 0.160239 0.415710 0.188075 0.247490 -0.061099 0.476868 0.264528 0.211206 0.304588 -0.380133 -0.482607 -0.431316 -0.526641 -0.436655 -0.521212 -0.317254 -0.532850 1.000000 0.477098 0.009882 0.065366 0.366334 0.338404 -0.150680 -0.379425 0.371770 -0.057220 -0.121445 -0.083455 0.071677 0.231411 -0.136624 -0.316508 -0.058099 -0.313637 -0.039538 -0.220788 0.170655 -0.127003 -0.272804 -0.002141 0.044113 -0.083445 0.003735 -0.052950 0.091356 0.056129 0.205649 -0.093771 0.448359 0.362857 0.313153 0.548800 0.080869 0.041168 -0.090616 -0.426427 0.035552 -0.026945 -0.434254 -0.152060 0.694515 -0.170036 0.322492 0.264023 0.208751 0.002847 0.232273 0.132768 0.253864 0.292643 0.378826 0.229115 0.027621 0.031458 -0.238741 -0.257148 -0.131374 -0.178067 -0.010432 -0.216862 -0.360658 -0.162761 -0.199679 -0.114801 -0.005097 -0.205958 0.097642 -0.052219 -0.268530 0.055053 0.222966 0.189793 0.170851 -0.096764 -0.030177 0.021332 -0.224268 -0.115068 -0.399111 -0.052416 -0.172191 -0.040940 -0.006710 -0.400476
-0.046301 0.313769 -0.135216 -0.015867 -0.203437 -0.313345 0.217347 0.148829 -0.121537 -0.029191 -0.017049 0.514287 0.077845 0.459411 -0.036597 0.160715 0.364142 0.596127 -0.077102 0.222898 -0.151260 -0.188940 -0.630684 -0.605633 -0.385105 -0.530243 -0.395715 -0.572539 0.477098 1.000000 -0.007532 0.008151 0.126776 0.325067 -0.507085 -0.468584 0.289533 0.176590 -0.298539 -0.055424 0.078622 0.317004 -0.073016 -0.382467 -0.268132 -0.351062 -0.239965 -0.060620 0.056171 -0.133816 -0.323456 -0.030681 -0.040898 -0.079021 -0.309430 -0.183759 0.016123 -0.095241 -0.014624 -0.005690 0.174833 0.272468 0.311280 0.408648 -0.010977 0.150011 -0.164713 -0.417898 -0.054564 -0.258316 -0.120057 -0.169032 0.733141 0.129448 0.467773 0.431135 0.333998 0.258609 0.049472 0.261405 0.597612 0.494452 0.386651 0.442586 0.156556 0.244633 -0.122759 -0.170117 -0.416502 -0.193542 0.070541 -0.172703 -0.054295 -0.027539 -0.020616 0.171809 0.042556 0.086502 0.034252 0.006551 -0.018244 0.147065 0.397986 0.280292 0.167810 -0.093807 0.322361 -0.121340 0.110403 0.104596 -0.539299 0.174984 0.150192 0.156691 -0.004128 -0.288649
-0.335570 -0.372818 0.016121 0.237766 -0.070141 0.118767 -0.141660 0.228790 -0.120410 -0.143695 -0.256860 -0.099221 -0.476582 -0.186927 -0.376056 -0.089164 -0.099378 -0.317984 0.041984 -0.081332 0.406683 0.240033 0.182289 0.228966 0.251469 0.392003 -0.075569 0.121964 0.009882 -0.007532 1.000000 0.821049 0.255593 0.245629 0.291127 0.325235 -0.086723 0.015306 0.246126 0.039490 0.119352 0.190200 0.278635 0.519235 0.279548 0.386388 0.072262 0.321464 -0.036019 0.344026 -0.037947 -0.164712 -0.407341 -0.122967 -0.198105 -0.121584 -0.188444 -0.260259 -0.261964 0.128869 -0.336025 -0.317650 -0.038032 -0.120586 -0.283439 -0.306689 0.163222 0.296436 -0.080881 -0.281869 0.201766 0.609703 0.007985 0.083296 0.017032 0.073780 0.138616 0.050762 -0.031720 -0.204029 -0.108829 -0.101070 -0.053355 0.218138 0.017100 0.027245 0.212755 0.305194 -0.100049 0.045421 -0.149456 -0.110342 -0.034593 -0.140061 -0.077883 -0.027099 -0.163391 -0.007394 -0.140729 -0.018661 -0.152904 -0.155802 0.151755 -0.041263 -0.127031 -0.142566 -0.168602 0.059942 0.054408 -0.104933 0.297405 -0.037394 0.021020 0.085629 -0.182103 -0.133871
-0.293322 -0.539219 -0.037340 0.398464 -0.185034 0.046759 -0.140236 0.321077 -0.187071 -0.141780 -0.271770 -0.055018 -0.572318 -0.221054 -0.533413 -0.219006 -0.166988 -0.278942 0.053514 0.070332 0.285237 0.352878 0.162100 0.283636 0.131260 0.384851 -0.086567 0.078284 0.065366 0.008151 0.821049 1.000000 0.138025 0.249016 0.326624 0.307368 0.114294 0.128992 0.291519 0.129224 0.258045 0.192614 0.206015 0.485152 0.238920 0.404927 -0.046853 0.333806 -0.085521 0.304757 0.027173 -0.145981 -0.423983 -0.233582 -0.146320 0.036549 -0.303299 -0.383895 -0.365373 0.030258 -0.429356 -0.397046 0.054482 -0.209453 -0.323932 -0.313101 0.134330 0.378943 -0.347972 -0.357998 0.002666 0.598759 0.160785 -0.020850 -0.008867 0.095378 0.100119 0.014791 -0.146748 -0.247743 -0.068166 -0.031289 0.039940 0.289466 0.163172 0.153781 0.211204 0.264956 -0.070907 0.105018 -0.230811 -0.128842 -0.086795 -0.227162 -0.070184 0.062424 -0.107718 0.026370 -0.146419 -0.001436 -0.046147 -0.112922 0.297202 -0.057811 -0.160892 -0.115465 -0.154210 -0.008658 0.108327 0.080662 0.344855 -0.005398 -0.014261 0.039941 -0.195505 -0.016451
0.231387 0.076858 0.152426 -0.115870 0.016082 -0.112019 0.051543 -0.177876 0.115767 -0.338648 0.028918 -0.196812 -0.021393 -0.225802 0.175501 -0.118536 0.099402 -0.126845 0.389716 0.223958 0.009543 -0.289182 -0.011603 -0.143326 0.014642 -0.063115 -0.041698 -0.084532 0.366334 0.126776 0.255593 0.138025 1.000000 0.480310 0.130380 -0.125630 0.029425 -0.384792 0.121815 -0.186500 0.117733 -0.076146 0.269768 -0.047734 0.101530 -0.146236 0.185618 -0.106502 0.047134 -0.117633 -0.148196 -0.228638 0.034929 0.067361 -0.103328 -0.319387 0.137768 0.180089 0.107488 0.079595 0.070507 -0.060503 0.059908 0.262842 -0.015300 -0.397384 0.159796 -0.191758 0.295370 0.179673 0.052461 0.053659 0.280801 0.048091 0.270142 0.043639 0.213651 -0.075928 0.169623 -0.076738 0.020856 0.317688 0.290873 -0.116615 0.018168 -0.073260 -0.174187 -0.184639 0.063876 -0.231092 -0.127334 -0.113362 -0.315919 -0.096921 -0.308529 -0.347449 -0.250717 -0.186448 -0.043119 -0.202186 -0.306803 -0.175672 -0.069061 -0.241021 0.115610 -0.050894 -0.136979 0.084440 -0.277342 -0.175459 -0.014973 -0.135043 -0.252578 -0.256104 -0.262058 -0.381306
0.281441 0.286303 0.400839 0.228648 -0.004372 -0.134650 0.433297 0.426096 0.257241 0.009218 0.255245 0.420253 0.196657 0.281574 0.140488 0.183752 -0.228239 -0.037080 0.294901 0.149293 -0.028650 -0.263570 -0.126059 -0.168686 -0.010610 -0.068897 -0.120270 -0.056117 0.338404 0.325067 0.245629 0.249016 0.480310 1.000000 0.345429 0.331920 -0.050455 -0.361314 -0.042023 -0.247905 0.298509 0.116274 -0.085103 0.084529 0.194332 0.247580 -0.176578 -0.178542 -0.260126 -0.089162 0.105425 -0.286105 -0.204665 -0.354155 -0.509933 -0.569128 -0.094855 -0.156816 -0.215539 -0.247387 -0.002425 -0.134181 -0.130331 0.000414 0.475489 0.124518 -0.023830 0.076633 -0.193528 -0.251955 -0.386743 0.067143 0.251385 -0.247518 0.207418 0.049230 0.149053 0.000293 -0.285778 -0.104975 -0.173755 0.198929 0.290451 0.147714 0.193047 0.219239 -0.210430 -0.312226 -0.026057 -0.038448 -0.334667 -0.607580 -0.186709 -0.385276 -0.549696 -0.222730 -0.377060 -0.229034 -0.444453 -0.555365 -0.286298 -0.412363 -0.048658 -0.425640 -0.160630 -0.321317 -0.137630 -0.018453 -0.064473 -0.155642 -0.026114 -0.404275 -0.427051 -0.278514 -0.391001 -0.288098
-0.020863 -0.342978 0.323712 0.223289 0.158693 0.237063 0.032490 0.163360 0.186175 0.070001 0.131347 -0.202293 0.007550 -0.252563 0.112704 -0.057006 -0.409617 -0.508572 0.086006 -0.298909 0.376072 0.070647 0.577712 0.493317 0.358996 0.502497 0.334279 0.528909 -0.150680 -0.507085 0.291127 0.326624 0.130380 0.345429 1.000000 0.777639 -0.190875 -0.303779 0.357935 -0.119323 0.098512 -0.150940 0.199919 0.558710 0.420228 0.524148 0.170124 0.100883 -0.124881 0.240258 0.443464 -0.093574 -0.066199 -0.167151 0.012110 -0.104731 -0.268005 -0.150854 -0.243020 -0.108789 -0.255887 -0.440461 -0.370556 -0.365729 0.159584 -0.192534 0.123145 0.483278 -0.256366 -0.160472 -0.192885 0.287906 -0.294677 -0.348352 -0.349000 -0.350419 -0.222275 -0.337400 -0.240427 -0.348657 -0.556131 -0.214677 0.058689 -0.055609 0.042913 -0.041274 -0.022839 0.016764 0.333416 0.139540 -0.234845 -0.223964 -0.060661 -0.212700 -0.379513 -0.351544 -0.105790 -0.028325 -0.146595 -0.259306 -0.100729 -0.349189 -0.245878 -0.444488 -0.346183 -0.150605 -0.283530 -0.088205 0.027493 -0.169803 0.577205 -0.377930 -0.440444 -0.255850 -0.402657 -0.020580
-0.092749 -0.194557 0.280057 0.251823 0.174555 0.203552 0.010137 0.353757 0.195319 0.233767 0.108474 -0.054683 -0.031958 -0.013056 -0.044900 0.114556 -0.612975 -0.522610 -0.074067 -0.427340 0.302403 0.217034 0.468896 0.427136 0.359032 0.467690 0.180687 0.440727 -0.379425 -0.468584 0.325235 0.307368 -0.125630 0.331920 0.777639 1.000000 -0.286254 -0.167035 0.277851 -0.021321 0.113554 -0.067494 -0.000018 0.591815 0.461106 0.671084 0.021996 0.084118 -0.216426 0.281028 0.436682 -0.092135 -0.100136 -0.245674 -0.164485 -0.189978 -0.347661 -0.278581 -0.317331 -0.161509 -0.304327 -0.354653 -0.425528 -0.554846 0.309705 0.110919 0.092794 0.612843 -0.313731 -0.190847 -0.115059 0.365172 -0.500135 -0.277164 -0.341423 -0.285093 -0.258129 -0.287858 -0.453453 -0.325490 -0.594816 -0.341110 -0.155902 -0.118403 0.013101 0.056822 -0.020170 -0.002115 0.251186 0.174061 -0.225994 -0.293757 0.067825 -0.203380 -0.244179 -0.218816 -0.183691 -0.007091 -0.300297 -0.305048 -0.054994 -0.307750 -0.216332 -0.394899 -0.293407 -0.116470 -0.142374 0.061521 0.150598 -0.214248 0.506619 -0.434767 -0.342955 -0.057364 -0.222510 0.150371
