1.000000 0.498239 0.184327 -0.193605 0.184072 -0.149151 0.153062 -0.134395 -0.090904 -0.237586 0.508428 0.182717 0.311094 0.037720 0.214653 -0.138014 0.020056 -0.217112 0.361480 0.301504 -0.133728 -0.104373 0.011805 -0.044617 0.152562 -0.076163 0.225505 0.016606 -0.119958 -0.181252 -0.361920 -0.308414 -0.204047 -0.066682 -0.349502 -0.240841 -0.550608 -0.447091 -0.245231 -0.236788 -0.098865 -0.144958 -0.194659 0.046048 -0.269688 -0.136151 -0.149288 -0.123826 0.143503 -0.161081 0.221825 -0.064833 0.091970 -0.030599 0.219535 0.111557 0.047249 0.093215 0.329662 -0.098164 0.313883 0.123462 0.197961 0.156645 0.214987 0.015867 -0.203045 -0.277389 -0.013539 -0.288990 -0.195628 -0.409824 -0.162816 -0.118246 -0.095598 0.062680 0.237177 -0.067015 -0.118461 0.043054 -0.192873 -0.112046 0.043666 -0.173900 0.074983 0.060500 -0.010943 0.000270 0.021467 0.140309 -0.197951 0.135433 -0.110276 0.021565 -0.133689 0.030264 0.023914 0.042772 0.063617 0.330436 0.048913 0.156451 0.100926 0.055794 0.136259 0.110862 -0.058622 0.112118 -0.053949 0.109250 0.009551 0.021626 0.214157 0.259983 -0.005817 0.067597
0.498239 1.000000 -0.228060 -0.115440 0.023142 -0.071479 -0.010567 0.015534 0.016210 -0.115549 0.093677 0.145813 0.172566 0.220467 -0.022169 0.023041 0.196264 0.031527 0.194315 0.198790 -0.250772 -0.138466 -0.182659 -0.215961 0.100802 -0.059134 0.135479 -0.019984 -0.097324 0.031116 -0.307731 -0.301415 -0.033709 0.001133 -0.162487 -0.083057 -0.387652 -0.382880 -0.228349 -0.282464 -0.043451 -0.049509 -0.349207 -0.320829 -0.277917 -0.284008 -0.049223 -0.131347 -0.000986 -0.192640 0.180412 0.163936 0.088317 0.107135 0.027238 0.034138 0.162557 0.228017 0.189063 0.345066 0.149300 0.530838 0.365532 0.488241 -0.064791 0.238271 -0.154384 -0.358528 0.081067 -0.163544 -0.221643 -0.321108 -0.055787 0.114330 0.112842 0.079503 0.277793 0.032264 0.115346 0.222317 0.125837 0.151413 -0.068366 0.025596 -0.150769 0.172418 -0.152512 -0.041073 -0.240221 0.217392 -0.193103 -0.197488 -0.139204 -0.321100 -0.255453 -0.053436 0.095842 -0.005456 0.110366 0.105027 0.074025 -0.121528 0.014678 -0.106711 -0.023072 -0.136494 -0.121327 0.083566 -0.192921 0.304543 0.014105 0.042818 0.167599 0.083425 -0.177280 -0.089311
0.184327 -0.228060 1.000000 0.284878 0.416224 0.415457 0.291542 0.033072 0.186142 0.185883 0.330282 -0.037607 -0.021304 -0.306893 0.409745 0.237712 -0.400246 -0.511643 0.410045 -0.057474 0.340216 -0.122428 0.660619 0.544744 0.267273 0.335621 0.242273 0.378097 -0.126196 -0.304726 0.199889 0.146085 -0.397325 -0.131329 0.204530 0.003664 -0.044140 -0.165271 0.019225 0.098466 -0.351072 -0.054864 0.147197 0.358480 0.024275 0.316300 0.034615 0.199416 -0.121114 -0.049330 0.166853 -0.083190 -0.215665 -0.146765 0.037194 -0.042003 -0.186380 -0.175592 -0.087229 -0.422207 -0.232046 -0.402507 -0.455042 -0.696086 0.447094 -0.141552 -0.317246 0.309906 -0.226262 -0.186873 0.115268 0.044726 -0.351145 -0.431041 -0.397319 -0.166920 -0.315192 -0.268559 -0.408186 -0.360613 -0.422745 -0.438777 0.170867 0.014082 0.280985 -0.185165 0.398679 -0.033026 0.437359 -0.130310 0.071819 0.214815 0.120314 0.313197 0.062284 0.108955 0.019583 0.020477 -0.136481 -0.108661 -0.220625 -0.136760 -0.038695 -0.000378 0.081744 -0.046869 0.102937 -0.070007 0.065353 -0.030980 0.032067 0.126861 -0.160633 0.049954 -0.028543 0.165360
-0.193605 -0.115440 0.284878 1.000000 0.024939 0.478058 0.174197 0.715971 0.048019 0.402817 -0.122357 0.404037 -0.212425 0.177012 0.076413 0.568706 -0.205228 -0.245206 0.211128 -0.333891 0.134587 -0.033528 0.238470 0.606860 -0.195469 0.091715 -0.287985 0.103648 0.010793 0.172582 0.252521 0.345065 -0.189071 0.102741 0.055349 0.225675 0.055467 0.100915 -0.404718 -0.140877 -0.067144 0.053538 -0.106254 0.074952 0.018300 0.368845 -0.208077 0.104621 -0.402671 -0.007341 -0.280582 -0.135919 -0.376925 -0.341473 -0.471939 -0.560833 -0.337100 -0.479902 -0.546068 -0.300123 -0.320085 -0.120500 -0.161457 -0.419578 0.312793 0.423065 -0.315703 0.266080 -0.497432 -0.523752 0.091996 0.276680 -0.067318 -0.211313 -0.143252 0.212256 -0.181171 0.084334 -0.021079 -0.048276 -0.213813 -0.176839 0.021153 0.295926 -0.081228 -0.158163 0.136830 0.130689 0.063630 -0.185995 0.456144 0.010414 0.623231 0.150881 0.025423 0.044456 -0.350477 -0.113410 -0.371825 -0.364222 0.164444 -0.076971 0.090811 0.150243 0.029981 -0.100844 0.163196 -0.019134 0.148633 0.000463 -0.085014 -0.009666 -0.327535 -0.066930 -0.126611 -0.165367
0.184072 0.023142 0.416224 0.024939 1.000000 0.319064 0.455277 0.050729 0.733657 0.484365 0.408623 -0.039530 0.310703 0.033905 0.658211 0.438553 -0.224329 -0.345591 0.166224 0.124346 0.198364 0.089507 0.228815 -0.006528 0.394656 0.160220 0.446714 0.279662 0.051845 -0.198169 0.057941 0.020327 -0.317394 -0.024352 0.056680 0.156441 -0.133709 -0.385170 0.220139 0.037089 -0.347231 0.035136 -0.105848 -0.145072 -0.127028 -0.069929 -0.245820 -0.147145 0.005163 -0.092718 -0.036222 -0.008003 -0.222860 -0.153592 -0.018919 -0.131594 -0.027663 -0.081580 0.281327 -0.112249 0.320646 0.094829 -0.385343 -0.265772 0.392501 0.226468 -0.288777 -0.160907 -0.074749 -0.128528 0.116358 -0.213729 -0.221126 -0.280561 -0.353582 -0.159941 -0.156839 -0.273743 -0.244195 -0.244101 -0.261285 -0.221752 -0.024564 0.090842 -0.105156 -0.303785 -0.092687 -0.172389 0.240869 -0.028583 -0.145214 -0.062004 -0.012338 0.071479 0.087751 0.125177 -0.098146 0.217004 -0.330645 -0.064065 0.043350 -0.218664 -0.252649 0.052389 0.117205 0.085577 0.139265 0.349744 0.054839 0.071337 -0.168735 0.119388 0.050632 -0.076524 -0.155312 0.121983
-0.149151 -0.071479 0.415457 0.478058 0.319064 1.000000 -0.162454 0.120106 0.290969 0.584335 0.060479 0.022192 -0.025618 -0.167682 0.392144 0.485160 -0.394246 -0.509286 0.214564 0.012939 0.355361 -0.103581 0.511711 0.617792 0.259183 0.554049 0.336467 0.623926 -0.162402 -0.145347 0.119982 0.097929 -0.578348 -0.309845 0.212221 0.084687 0.140827 0.062064 0.040596 -0.010130 -0.361761 0.175901 -0.036921 0.023459 -0.119500 0.166793 -0.052633 0.085563 -0.235776 -0.271893 0.150983 -0.110127 -0.154015 -0.090472 -0.039157 -0.154646 -0.028111 -0.127478 -0.176040 -0.169846 -0.288965 -0.065644 -0.518034 -0.305249 0.216740 0.027890 -0.275993 0.130785 -0.184988 -0.101023 -0.009648 0.046964 -0.409447 -0.208142 -0.338283 0.001783 -0.315065 -0.244035 -0.220270 -0.383989 -0.418381 -0.421086 -0.045767 0.119620 0.250689 -0.159887 0.305817 -0.055547 0.414258 0.103709 0.239532 0.093881 0.364537 0.141788 0.200612 0.244400 -0.041366 0.083646 -0.178195 -0.283337 -0.172337 -0.127554 -0.267083 -0.011220 0.265090 0.196455 0.114669 0.106501 0.226192 0.090422 0.060327 0.275550 -0.175150 0.014941 0.027508 -0.101946
0.153062 -0.010567 0.291542 0.174197 0.455277 -0.162454 1.000000 0.506093 0.316816 0.224711 0.288876 0.384482 0.322410 0.442685 0.246228 0.406131 0.172017 0.123011 0.222151 -0.307914 -0.231232 -0.109771 -0.171979 -0.111282 -0.166478 -0.378097 -0.201496 -0.368928 0.359350 0.275148 0.054914 0.160159 0.149636 0.395092 -0.027319 0.167344 -0.077479 -0.282312 -0.254194 -0.259304 -0.031716 -0.171757 -0.055598 -0.017187 0.119190 0.097600 -0.225633 -0.154853 -0.102393 0.092774 -0.477179 -0.205673 -0.447593 -0.304754 -0.419675 -0.427575 -0.194439 -0.201675 0.009715 0.045810 0.311821 -0.022771 0.129118 -0.158912 0.422633 0.348514 -0.049893 -0.089581 -0.011985 -0.378081 -0.011183 -0.166104 0.341234 -0.123787 -0.023283 -0.002155 0.073521 -0.108824 0.183895 0.110431 0.101088 0.234643 0.146536 0.343845 -0.463562 -0.193706 -0.330245 0.000404 -0.138664 -0.287760 -0.045637 -0.128582 0.145044 0.107333 -0.285998 -0.286855 -0.427599 -0.255348 -0.383945 -0.224858 0.267572 0.161797 0.141845 0.150746 -0.219371 -0.455727 0.068596 0.038778 -0.210977 -0.160252 -0.393020 -0.175551 -0.068883 -0.259499 -0.388667 -0.070727
-0.134395 0.015534 0.033072 0.715971 0.050729 0.120106 0.506093 1.000000 0.079372 0.493680 -0.185292 0.537292 -0.074268 0.491025 -0.126280 0.503268 0.037036 -0.050925 -0.019602 -0.543342 -0.189060 0.031921 -0.250353 0.260561 -0.389416 -0.252790 -0.549824 -0.426043 0.172812 0.446717 0.156724 0.401115 0.043036 0.428422 0.033468 0.273259 -0.006615 0.000785 -0.516873 -0.274949 0.163694 -0.047804 -0.073501 0.002208 0.143998 0.339537 -0.135095 0.053969 -0.457597 -0.007065 -0.597695 -0.252749 -0.464188 -0.298300 -0.679328 -0.689482 -0.290117 -0.416810 -0.460075 -0.098099 -0.111442 0.068451 0.105213 -0.147864 0.286320 0.615869 -0.304536 -0.093151 -0.353128 -0.639491 0.031233 0.182295 0.243120 -0.053836 0.016861 0.259152 0.110042 0.215017 0.293079 0.145755 0.167772 0.177574 -0.048130 0.396099 -0.417465 -0.329734 -0.218938 0.057322 -0.282513 -0.434332 0.478646 -0.090877 0.630786 0.034497 -0.210543 -0.115925 -0.373835 -0.228159 -0.307166 -0.166689 0.502930 0.075822 0.302257 0.187929 -0.180279 -0.221791 0.125213 0.054619 0.006079 0.041131 -0.282568 -0.031092 -0.172954 -0.164126 -0.416324 -0.285284
-0.090904 0.016210 0.186142 0.048019 0.733657 0.290969 0.316816 0.079372 1.000000 0.594289 0.122954 -0.153710 0.148536 0.058991 0.486582 0.357495 -0.204894 -0.158364 0.043151 -0.086213 0.252174 0.190444 0.108409 -0.074037 0.376994 0.278003 0.378636 0.231175 0.121128 -0.052751 0.271661 0.167428 -0.236692 0.001023 0.144718 0.297075 0.010977 -0.263763 0.305169 0.002257 -0.221870 0.018406 -0.159109 -0.319814 -0.097722 -0.256625 -0.212591 -0.102427 0.116403 -0.030553 -0.173044 0.187235 -0.196151 -0.034426 -0.088672 -0.139919 -0.029656 -0.075837 0.270600 0.139175 0.129838 0.219055 -0.298665 -0.129721 0.065055 0.265440 -0.121372 -0.144562 -0.073040 -0.037474 0.094884 0.093858 -0.023415 -0.178275 -0.216629 -0.172625 -0.166538 -0.206249 -0.216833 -0.276578 -0.174827 -0.071595 -0.243566 0.100795 -0.315221 -0.243791 -0.192046 -0.258514 0.161639 -0.056520 -0.036457 -0.011003 -0.000358 0.131476 0.074989 0.074861 -0.115464 0.075450 -0.275106 -0.172312 0.049852 -0.236930 -0.132182 -0.034132 -0.020742 -0.021847 -0.050747 0.199369 0.018234 0.120131 -0.055858 -0.040169 -0.030939 -0.251218 -0.242641 0.004625
-0.237586 -0.115549 0.185883 0.402817 0.484365 0.584335 0.224711 0.493680 0.594289 1.000000 -0.067296 0.054957 -0.128749 0.070423 0.263620 0.456645 -0.187154 -0.346948 -0.051611 -0.280649 0.073409 0.149779 0.083706 0.333437 0.010222 0.179221 -0.052831 -0.009766 0.180414 0.134829 0.347109 0.407576 -0.219213 0.155540 0.200060 0.158916 0.050329 -0.124261 -0.057543 -0.107443 -0.075172 -0.020388 0.027741 -0.105364 0.164333 0.195773 -0.001589 0.050664 -0.262075 -0.000138 -0.333537 -0.174322 -0.268337 -0.064052 -0.391335 -0.350213 -0.017780 -0.168286 -0.206243 -0.016342 -0.184277 0.010683 -0.373912 -0.248226 0.216950 0.212727 -0.181081 -0.125068 -0.115589 -0.263331 0.066743 0.217493 -0.021588 -0.082853 -0.206964 0.033669 -0.234494 -0.099791 -0.046112 -0.269074 -0.092384 -0.101207 -0.160682 0.298161 -0.162263 -0.388753 -0.112383 -0.265348 0.063101 -0.287757 0.228387 0.001847 0.326725 0.005056 0.052722 0.056258 -0.169987 -0.050554 -0.175991 -0.122669 0.090235 -0.187201 -0.129080 0.029100 -0.027247 0.083106 0.064162 0.143360 0.141843 0.053836 -0.147845 0.127353 -0.220730 -0.286295 -0.213848 -0.306541
0.508428 0.093677 0.330282 -0.122357 0.408623 0.060479 0.288876 -0.185292 0.122954 -0.067296 1.000000 0.285760 0.531310 -0.009978 0.718970 0.154723 0.135225 -0.068233 0.419783 0.138878 -0.245230 -0.248391 0.414283 0.171243 0.056639 -0.061583 0.230467 0.154368 0.106819 -0.208562 -0.341377 -0.297616 -0.319230 -0.247296 -0.165361 -0.107658 -0.167994 -0.491925 -0.062969 -0.133287 -0.354638 -0.239598 -0.222584 -0.044750 -0.193488 -0.062467 -0.178105 -0.141507 0.150176 -0.152889 0.156552 -0.177120 -0.070780 -0.182169 0.208973 0.123571 0.162049 0.197644 0.327361 -0.161692 0.305347 -0.165832 -0.299095 -0.168570 0.384122 -0.094687 0.005349 -0.058701 0.180152 0.054804 -0.128439 -0.422596 -0.223426 -0.218349 -0.178208 -0.006337 0.094870 -0.350066 -0.283528 -0.056343 -0.423229 -0.182477 0.116326 0.049261 0.280129 0.239383 0.165000 0.174335 0.446580 0.298975 -0.200255 0.240849 -0.002879 0.220986 -0.108727 -0.046540 -0.022100 -0.001168 -0.058835 0.025001 -0.221377 -0.004074 -0.272535 -0.151449 -0.083246 -0.210172 -0.002084 -0.068480 -0.173450 -0.139765 0.053393 0.019625 -0.132260 0.172219 -0.042837 0.112821
0.182717 0.145813 -0.037607 0.404037 -0.039530 0.022192 0.384482 0.537292 -0.153710 0.054957 0.285760 1.000000 0.464026 0.690939 0.199002 0.495027 0.141960 0.192907 0.089041 -0.425837 -0.392564 -0.303613 -0.110661 0.235031 -0.398397 -0.253762 -0.321179 -0.228237 0.303521 0.469472 -0.184996 0.039185 -0.139391 0.160535 -0.111106 0.082012 0.023970 -0.022205 -0.447512 -0.264053 0.133781 -0.160643 -0.143549 -0.021880 -0.049422 0.151484 -0.230226 -0.119441 -0.225779 -0.068693 -0.393446 -0.235086 -0.381135 -0.407649 -0.319312 -0.387248 -0.087822 -0.167696 -0.197584 -0.148829 0.134725 -0.007645 0.053946 -0.101276 0.139583 0.426875 -0.189113 -0.176501 -0.168871 -0.467125 -0.036599 -0.195293 0.243939 -0.106657 0.055750 0.420669 0.233085 0.194439 0.266319 0.119221 0.062322 0.143637 0.148525 0.359273 -0.243037 0.214192 -0.023458 0.242996 -0.063771 0.010702 0.234868 0.019599 0.505443 0.213216 -0.253483 -0.164696 -0.289822 -0.172685 -0.242270 -0.158408 0.356695 0.289511 0.006887 -0.103627 -0.174386 -0.303811 -0.125363 -0.199148 -0.202424 -0.134745 -0.223016 -0.016699 -0.067792 0.098887 -0.238835 -0.137904
0.311094 0.172566 -0.021304 -0.212425 0.310703 -0.025618 0.322410 -0.074268 0.148536 -0.128749 0.531310 0.464026 1.000000 0.505884 0.520069 0.353685 0.117388 0.175302 -0.082339 -0.018955 -0.295268 -0.298406 -0.018695 -0.174138 -0.039176 -0.133038 0.262257 0.078228 -0.016529 -0.031906 -0.528458 -0.457627 -0.275242 -0.242624 -0.178375 0.069425 0.204935 -0.039648 0.184444 0.119415 -0.095747 0.007497 -0.172901 -0.119815 -0.348561 -0.299688 -0.297570 -0.044545 0.102448 -0.239628 0.024397 -0.138677 -0.245685 -0.241534 0.270660 0.050146 0.025754 0.179248 0.390862 -0.049659 0.511161 0.029100 -0.126008 0.071849 -0.107341 0.088420 -0.114938 -0.234435 0.085579 0.143806 -0.131924 -0.454395 -0.020653 -0.170955 -0.029841 0.034372 0.192149 -0.053213 0.094201 0.071240 -0.064888 0.091596 0.040443 0.074506 -0.124406 0.195465 -0.185809 0.089421 0.118706 0.196421 0.049375 0.153951 0.131361 0.361616 0.034726 0.052559 0.151021 0.166245 -0.119456 0.065377 0.108855 0.280207 -0.187812 -0.000498 -0.054788 -0.125003 0.116944 0.092806 0.027248 -0.168760 0.139020 0.183735 0.001507 0.268262 -0.090002 0.068943
0.037720 0.220467 -0.306893 0.177012 0.033905 -0.167682 0.442685 0.491025 0.058991 0.070423 -0.009978 0.690939 0.505884 1.000000 0.032469 0.506940 0.205565 0.399419 -0.091836 -0.426648 -0.316140 0.060273 -0.393816 -0.168197 -0.352609 -0.277761 -0.276538 -0.310488 0.288766 0.619770 -0.040827 0.136869 0.147140 0.340898 0.014686 0.272347 0.128566 0.088825 -0.245878 -0.170435 0.340473 0.111873 -0.126085 -0.177773 -0.045630 -0.076196 -0.329085 -0.118939 -0.120032 0.009883 -0.459517 0.027500 -0.360593 -0.220317 -0.368287 -0.501172 -0.219543 -0.265469 -0.153747 0.019043 0.328144 0.275632 0.282479 0.133765 -0.113513 0.546122 -0.266748 -0.353364 -0.179892 -0.343491 0.009849 -0.079445 0.527505 0.200082 0.329850 0.451360 0.367343 0.283128 0.506779 0.257056 0.323591 0.353086 0.140055 0.444438 -0.568420 0.012629 -0.360470 0.122762 -0.408630 -0.092764 0.140230 -0.164653 0.338072 0.004230 -0.262810 -0.208747 -0.325009 -0.165060 -0.315768 -0.272224 0.582049 0.193528 0.076893 -0.052291 -0.312624 -0.347884 -0.077729 -0.083613 -0.112762 -0.118265 -0.170205 -0.106446 0.085686 -0.006838 -0.352723 -0.206039
0.214653 -0.022169 0.409745 0.076413 0.658211 0.392144 0.246228 -0.126280 0.486582 0.263620 0.718970 0.199002 0.520069 0.032469 1.000000 0.498112 -0.102618 -0.234025 0.367105 0.125963 0.045228 -0.158528 0.551297 0.275409 0.097651 0.125055 0.363200 0.384224 0.145227 -0.125288 -0.069589 -0.115821 -0.412458 -0.246738 0.075157 0.085202 0.110801 -0.213446 0.196184 0.072416 -0.360899 0.022721 -0.172678 -0.133406 -0.278063 -0.190524 -0.309956 -0.089425 0.024113 -0.165498 0.078071 -0.127471 -0.294342 -0.301379 0.144165 0.000841 0.010500 0.038776 0.253853 -0.243542 0.220768 -0.169656 -0.527888 -0.375686 0.309718 0.011870 -0.188824 -0.000666 -0.012939 0.081948 -0.048985 -0.296430 -0.209181 -0.279134 -0.238029 -0.011195 -0.025976 -0.244684 -0.307737 -0.302606 -0.492087 -0.356409 0.132390 0.264736 0.131999 -0.061033 0.122239 0.068856 0.533621 0.189771 -0.097416 0.194257 0.098715 0.373118 0.116581 0.174528 -0.035280 0.163083 -0.274862 -0.103573 -0.243464 -0.075119 -0.394895 -0.071045 -0.008442 -0.088001 0.120470 0.104454 0.043852 -0.065797 0.053228 0.118083 -0.083275 0.097146 -0.061591 0.118825
-0.138014 0.023041 0.237712 0.568706 0.438553 0.485160 0.406131 0.503268 0.357495 0.456645 0.154723 0.495027 0.353685 0.506940 0.498112 1.000000 -0.092625 -0.140096 0.130796 -0.302916 0.121452 -0.134908 0.208861 0.332147 -0.083480 0.116567 0.039245 0.231081 0.094133 0.265109 0.152087 0.214032 -0.263703 0.148633 0.193694 0.381682 0.229245 -0.019141 -0.189591 -0.082678 -0.129301 0.042664 -0.318153 -0.301456 -0.240604 -0.007370 -0.463921 -0.157505 -0.356143 -0.238981 -0.248062 -0.167225 -0.426330 -0.360155 -0.313787 -0.533641 -0.141213 -0.219702 -0.223950 -0.231851 0.090666 0.074642 -0.289967 -0.310569 0.316827 0.542281 -0.469038 -0.028521 -0.199387 -0.276357 0.160982 -0.050384 0.010526 -0.174624 -0.126430 0.221959 0.018084 0.070338 0.080981 -0.040958 -0.082004 -0.030166 0.186140 0.495204 -0.236963 -0.162903 -0.010197 0.223641 0.170748 -0.052362 0.254097 -0.111121 0.422317 0.274377 0.013090 0.085231 -0.338946 -0.006238 -0.508248 -0.358665 0.138365 -0.125023 -0.130985 0.031806 0.029770 -0.246104 0.205784 0.053353 0.083394 -0.011067 -0.238010 0.102960 -0.140622 0.057517 -0.216280 -0.113779
0.020056 0.196264 -0.400246 -0.205228 -0.224329 -0.394246 0.172017 0.037036 -0.204894 -0.187154 0.135225 0.141960 0.117388 0.205565 -0.102618 -0.092625 1.000000 0.626174 -0.017720 -0.042559 -0.365377 0.148036 -0.138961 -0.208517 -0.212384 -0.244802 -0.291447 -0.373822 0.519200 0.432132 0.025384 0.085925 0.488801 0.408078 -0.075645 -0.105732 0.035250 -0.064402 -0.160390 -0.288194 0.259482 -0.024603 -0.164131 -0.282727 0.093859 -0.141259 -0.078734 -0.440066 0.014124 -0.008756 -0.230531 -0.039835 -0.000254 0.090658 -0.301536 -0.183427 0.325383 0.239969 -0.020021 0.087339 -0.022980 -0.049118 0.318038 0.273196 -0.111269 -0.117230 0.262944 -0.319691 0.456320 0.052825 0.081476 0.065761 0.504507 0.493113 0.475782 0.258109 0.525241 0.156834 0.589860 0.583464 0.608293 0.716701 0.064764 0.262677 -0.164026 0.208251 -0.258399 0.014487 -0.277833 -0.165970 -0.336955 -0.252447 -0.301043 -0.368219 -0.427872 -0.308753 -0.252956 -0.405252 0.046665 -0.092203 -0.080136 -0.107893 -0.201266 -0.225253 -0.359838 -0.345888 -0.264907 -0.226482 -0.390550 -0.006920 -0.363112 -0.131807 0.019351 0.006295 -0.229083 -0.201840
-0.217112 0.031527 -0.511643 -0.245206 -0.345591 -0.509286 0.123011 -0.050925 -0.158364 -0.346948 -0.068233 0.192907 0.175302 0.399419 -0.234025 -0.140096 0.626174 1.000000 -0.211542 -0.322623 -0.228707 0.049787 -0.309722 -0.418907 -0.225949 -0.269532 -0.200683 -0.301643 0.454421 0.490919 -0.016079 -0.020792 0.487871 0.177832 0.022794 0.111697 0.109020 0.148665 0.085637 -0.061546 0.253769 -0.063171 0.069555 -0.101404 0.149429 -0.128816 -0.088811 -0.224712 0.286369 0.174221 -0.222207 0.159236 0.043775 -0.059499 -0.129374 -0.080422 -0.035646 -0.013733 0.125838 0.336211 0.103688 0.095133 0.455015 0.295568 -0.364468 -0.032590 0.500421 -0.087661 0.161053 0.129864 0.100582 0.164984 0.637169 0.369348 0.508797 0.183894 0.291737 0.159652 0.459719 0.440542 0.492384 0.662913 0.027115 0.068931 -0.319326 0.453631 -0.216539 0.025485 -0.341098 0.059964 -0.171606 -0.184299 -0.193890 -0.233885 -0.218945 -0.470782 -0.291559 -0.384973 0.057707 -0.357465 0.129157 0.128658 -0.019175 -0.248611 -0.549552 -0.454017 -0.438285 -0.402296 -0.365734 -0.288748 -0.114458 -0.426710 -0.029045 -0.190030 -0.191789 -0.123083
0.361480 0.194315 0.410045 0.211128 0.166224 0.214564 0.222151 -0.019602 0.043151 -0.051611 0.419783 0.089041 -0.082339 -0.091836 0.367105 0.130796 -0.017720 -0.211542 1.000000 0.277367 0.107307 -0.120634 0.331226 0.263898 -0.009837 -0.109052 -0.010807 0.133157 0.150112 0.001945 0.130159 0.038271 -0.024088 0.010730 0.092691 -0.068319 -0.165912 -0.251748 -0.243957 -0.226586 -0.199483 0.048435 -0.131039 0.052006 -0.083094 0.013602 -0.159556 -0.086867 0.063970 0.039618 0.003706 0.037923 -0.176130 -0.194009 -0.150727 -0.109305 -0.139537 -0.194464 -0.162573 -0.136224 -0.015824 -0.032911 -0.044299 -0.279802 0.435906 0.058798 -0.088760 0.168985 -0.068431 -0.219406 0.042149 -0.093229 -0.017624 0.087559 0.063374 0.168016 0.070281 -0.069421 -0.300419 -0.256624 -0.436631 -0.387145 0.251826 0.269732 0.044639 -0.041487 0.123823 0.085166 0.209236 0.173065 -0.185050 0.160787 0.077100 0.052012 -0.094768 0.078064 -0.280925 -0.166792 -0.283503 -0.291455 -0.175866 -0.007094 -0.100481 -0.126531 0.012442 -0.235925 0.000265 -0.084957 -0.115030 0.027969 -0.090587 -0.073585 0.062442 0.054969 -0.020537 -0.018636
0.301504 0.198790 -0.057474 -0.333891 0.124346 0.012939 -0.307914 -0.543342 -0.086213 -0.280649 0.138878 -0.425837 -0.018955 -0.426648 0.125963 -0.302916 -0.042559 -0.322623 0.277367 1.000000 0.078038 -0.063356 0.033636 -0.212478 0.230012 -0.126309 0.218181 0.172193 -0.289948 -0.494639 -0.305800 -0.435993 -0.130928 -0.259504 -0.236557 -0.363945 -0.137801 -0.183372 0.084849 0.139206 -0.121248 0.171251 -0.098574 -0.040998 -0.262473 -0.282653 -0.050629 -0.113420 0.211216 -0.056488 0.460929 0.053306 0.121862 0.081676 0.263258 0.363434 0.379903 0.361188 0.076743 -0.107509 0.097731 -0.022088 -0.099301 0.203291 0.095487 -0.328537 -0.063004 -0.066002 0.202732 0.318998 -0.115242 -0.319101 -0.413909 -0.014670 -0.162753 -0.179157 -0.104458 -0.060929 -0.199803 -0.218567 -0.204641 -0.349400 0.164650 -0.080273 0.249568 -0.056073 -0.132253 0.062502 0.134046 0.175868 -0.400427 -0.088743 -0.380125 -0.174097 0.331262 0.487357 0.208993 0.473740 -0.029268 0.313752 -0.400226 -0.118881 -0.180212 0.322939 0.627605 0.537835 0.421079 0.534814 0.272828 0.234927 0.032956 0.321985 0.304374 0.237895 0.519864 0.189780
-0.133728 -0.250772 0.340216 0.134587 0.198364 0.355361 -0.231232 -0.189060 0.252174 0.073409 -0.245230 -0.392564 -0.295268 -0.316140 0.045228 0.121452 -0.365377 -0.228707 0.107307 0.078038 1.000000 0.292377 0.327371 0.145084 0.457767 0.517896 0.502037 0.564457 -0.074108 -0.074173 0.449076 0.295709 -0.163539 -0.027400 0.273790 0.265841 0.044023 0.157582 0.345867 0.188531 -0.081547 0.334322 -0.163480 -0.089521 -0.144715 -0.119340 -0.225849 -0.120688 -0.006828 -0.157329 0.196779 0.116939 0.181232 0.070938 0.106341 -0.068442 -0.175008 -0.283180 0.038717 -0.216920 -0.140965 0.024517 -0.156405 -0.294024 0.116310 -0.020611 -0.150902 0.227669 -0.260739 -0.029234 0.305852 0.323900 -0.132269 -0.128970 -0.214094 0.037856 -0.207189 0.043368 -0.161975 -0.221660 -0.088606 -0.180088 0.041536 -0.114013 0.129198 -0.126644 0.315729 0.008793 0.216390 -0.012346 -0.086081 -0.045012 -0.173886 0.059011 0.182930 0.189973 -0.081191 0.114304 -0.228531 -0.207023 -0.094532 -0.214782 0.000450 -0.070836 0.239709 0.180605 -0.036332 0.020386 0.039508 0.118073 -0.029483 -0.032009 0.201866 0.182709 0.041112 0.169278
-0.104373 -0.138466 -0.122428 -0.033528 0.089507 -0.103581 -0.109771 0.031921 0.190444 0.149779 -0.248391 -0.303613 -0.298406 0.060273 -0.158528 -0.134908 0.148036 0.049787 -0.120634 -0.063356 0.292377 1.000000 -0.065631 -0.142986 0.034062 0.217800 -0.031342 -0.026725 0.207000 0.264191 0.503534 0.516369 0.356029 0.382471 0.251441 0.406278 0.029558 0.110750 0.235634 0.041946 0.340014 0.392031 -0.008794 -0.102039 0.225788 0.042043 -0.069505 -0.107684 0.040728 0.195583 -0.181408 0.203417 0.068166 0.181562 -0.209657 -0.238975 -0.188526 -0.369693 -0.071491 -0.165689 -0.061192 0.101695 0.078668 -0.060607 -0.098446 0.072860 -0.141937 -0.052332 -0.249646 -0.163394 0.028053 0.486528 0.343184 0.277989 0.232802 0.137814 0.121981 0.030264 0.309346 -0.003656 0.333773 0.182484 0.016250 0.099518 -0.090391 -0.266142 -0.029486 -0.262633 -0.254622 -0.272292 -0.192892 -0.169456 -0.268736 -0.419040 -0.140732 0.009658 -0.095129 -0.068165 -0.121088 -0.175768 0.226355 -0.382788 -0.059384 -0.230904 -0.125623 0.162391 -0.223187 -0.041974 0.001512 0.006799 -0.025705 -0.129987 0.187158 -0.047562 -0.150312 0.057797
0.011805 -0.182659 0.660619 0.238470 0.228815 0.511711 -0.171979 -0.250353 0.108409 0.083706 0.414283 -0.110661 -0.018695 -0.393816 0.551297 0.208861 -0.138961 -0.309722 0.331226 0.033636 0.327371 -0.065631 1.000000 0.655436 0.343695 0.512927 0.376746 0.661266 -0.069744 -0.297514 0.164636 0.023281 -0.430907 -0.384386 0.248341 -0.016522 0.079948 0.000821 0.184434 0.198739 -0.446312 0.104694 -0.023983 0.118624 -0.036749 0.166217 0.041602 0.127128 -0.057098 -0.084294 0.368659 0.045688 0.028126 0.058690 0.219144 0.183141 -0.008763 -0.042330 -0.054495 -0.448689 -0.332901 -0.409914 -0.538218 -0.590997 0.185401 -0.324172 -0.213299 0.296610 -0.073702 0.139919 0.113227 0.056547 -0.376727 -0.256605 -0.201912 -0.156594 -0.198246 -0.274471 -0.393905 -0.222175 -0.435182 -0.396159 0.047037 0.044262 0.530659 0.085704 0.568742 0.058453 0.654130 0.198180 0.001635 0.205781 0.018185 0.228788 0.050212 0.154189 0.159833 0.027471 0.057904 -0.196543 -0.444629 -0.360135 -0.366815 -0.272812 -0.081047 -0.125501 -0.035970 -0.236664 0.046650 0.022306 0.195040 0.096824 -0.237241 0.115475 -0.050053 0.089787
-0.044617 -0.215961 0.544744 0.606860 -0.006528 0.617792 -0.111282 0.260561 -0.074037 0.333437 0.171243 0.235031 -0.174138 -0.168197 0.275409 0.332147 -0.208517 -0.418907 0.263898 -0.212478 0.145084 -0.142986 0.655436 1.000000 -0.035388 0.388181 -0.083887 0.282601 0.037285 0.009433 0.259480 0.353460 -0.403969 -0.069872 -0.010788 -0.134262 0.024634 0.048738 -0.252895 -0.138618 -0.175743 -0.047701 0.109368 0.253570 -0.032635 0.365247 0.072280 0.211721 -0.347301 -0.154962 -0.017346 -0.230705 -0.140575 -0.066138 -0.150831 -0.237554 -0.049513 -0.183461 -0.441430 -0.439510 -0.508751 -0.442129 -0.391089 -0.568338 0.134972 -0.152835 -0.266591 0.207567 -0.146720 -0.304260 0.083009 0.231931 -0.275661 -0.210434 -0.239945 0.165935 -0.202028 -0.070868 -0.206839 -0.197741 -0.372220 -0.337824 0.149912 0.241673 0.257776 -0.096703 0.483310 0.182507 0.262462 -0.163119 0.356030 0.246698 0.446900 0.356531 -0.053515 0.068593 -0.089208 -0.103274 -0.125998 -0.137924 -0.137862 -0.085749 -0.048120 -0.119430 0.054899 0.003607 0.056233 -0.185934 0.070122 0.065423 0.072751 0.217978 -0.293517 0.085238 -0.055179 -0.049359
0.152562 0.100802 0.267273 -0.195469 0.394656 0.259183 -0.166478 -0.389416 0.376994 0.010222 0.056639 -0.398397 -0.039176 -0.352609 0.097651 -0.083480 -0.212384 -0.225949 -0.009837 0.230012 0.457767 0.034062 0.343695 -0.035388 1.000000 0.557787 0.753598 0.626641 -0.256264 -0.421587 0.026056 -0.157399 -0.348256 -0.304260 0.039086 -0.045354 -0.255246 -0.135465 0.265461 0.206204 -0.397349 0.051225 -0.067870 -0.123300 -0.084485 -0.178234 0.035701 -0.136628 0.212835 -0.300312 0.458123 0.232651 0.245765 0.321159 0.336435 0.358571 0.116136 0.130716 0.296104 -0.010314 -0.054423 0.124630 -0.157292 -0.059060 0.012062 -0.160262 -0.075370 -0.053528 0.078295 0.225975 0.200059 -0.087708 -0.357108 -0.186663 -0.239305 -0.317566 -0.177525 -0.210486 -0.304470 -0.103218 -0.193136 -0.152867 -0.196953 -0.368094 0.191139 0.024642 0.083792 -0.085721 0.324920 0.204796 -0.156669 0.026922 -0.219497 -0.074556 0.149506 0.142674 0.103096 0.094230 0.173175 0.027042 -0.143228 -0.304091 -0.082315 -0.144531 0.194014 0.195874 -0.148772 0.131634 0.050974 0.191545 -0.012835 -0.056134 0.112375 0.029145 0.006559 0.119303
-0.076163 -0.059134 0.335621 0.091715 0.160220 0.554049 -0.378097 -0.252790 0.278003 0.179221 -0.061583 -0.253762 -0.133038 -0.277761 0.125055 0.116567 -0.244802 -0.269532 -0.109052 -0.126309 0.517896 0.217800 0.512927 0.388181 0.557787 1.000000 0.601442 0.718918 -0.114569 -0.116504 0.319483 0.221167 -0.348331 -0.175453 0.191697 0.103496 -0.001904 0.043795 0.352546 0.022681 -0.233766 0.079700 -0.021469 -0.035945 -0.136791 0.003392 0.041888 0.023167 -0.037876 -0.290528 0.335811 0.179761 0.196608 0.241331 0.238672 0.055984 0.006008 0.001064 0.097508 -0.132405 -0.298918 -0.053910 -0.329048 -0.217809 -0.117097 -0.136069 -0.151690 0.079395 -0.038732 0.017076 0.063080 0.248714 -0.266938 -0.196892 -0.294511 -0.106448 -0.191761 -0.228031 -0.137136 -0.171955 -0.133770 -0.102834 -0.206386 -0.255850 0.266905 -0.003832 0.468094 -0.138755 0.263934 0.001329 -0.027853 0.022136 -0.133767 0.023082 0.047406 0.035604 0.176500 0.014327 0.101670 -0.135546 -0.166050 -0.343974 -0.134699 -0.356492 0.108623 0.171444 -0.363235 -0.220935 -0.018919 0.175635 0.164721 0.116789 -0.082591 0.068310 -0.027316 0.180356
0.225505 0.135479 0.242273 -0.287985 0.446714 0.336467 -0.201496 -0.549824 0.378636 -0.052831 0.230467 -0.321179 0.262257 -0.276538 0.363200 0.039245 -0.291447 -0.200683 -0.010807 0.218181 0.502037 -0.031342 0.376746 -0.083887 0.753598 0.601442 1.000000 0.767475 -0.282541 -0.461322 -0.173018 -0.341244 -0.423822 -0.481429 0.022229 0.076610 -0.177042 -0.125474 0.502668 0.204631 -0.462806 0.087222 -0.162201 -0.186389 -0.266021 -0.300681 -0.110328 -0.092781 0.265848 -0.289496 0.538754 0.224698 0.269373 0.190174 0.616701 0.413657 -0.012950 0.108950 0.625193 0.110188 0.196945 0.190388 -0.177853 -0.008917 -0.029484 -0.129350 0.032263 0.031133 0.012837 0.288971 0.036153 -0.227315 -0.433668 -0.279886 -0.308735 -0.284607 -0.171800 -0.336346 -0.320091 -0.171281 -0.307234 -0.200194 -0.192805 -0.440612 0.220310 0.132196 0.205381 -0.111955 0.383806 0.415861 -0.212983 0.133045 -0.279359 0.124771 0.190547 0.099866 0.223830 0.190334 0.145626 0.007961 -0.171265 -0.162076 -0.194257 -0.191880 0.182500 0.160211 -0.124717 0.073528 0.047389 0.079115 0.233405 -0.048474 0.058459 0.165434 0.092836 0.251832
0.016606 -0.019984 0.378097 0.103648 0.279662 0.623926 -0.368928 -0.426043 0.231175 -0.009766 0.154368 -0.228237 0.078228 -0.310488 0.384224 0.231081 -0.373822 -0.301643 0.133157 0.172193 0.564457 -0.026725 0.661266 0.282601 0.626641 0.718918 0.767475 1.000000 -0.349632 -0.396220 -0.002366 -0.182442 -0.561285 -0.540815 0.200480 0.141596 0.015732 0.057095 0.348193 0.234866 -0.497650 0.193408 -0.149626 -0.055212 -0.244900 -0.072416 -0.134883 -0.028773 0.106899 -0.261525 0.572714 0.214051 0.167057 0.091562 0.453129 0.252395 -0.067992 -0.021646 0.201322 -0.187258 -0.115059 -0.008251 -0.400481 -0.264246 0.039774 -0.111050 -0.204032 0.281511 -0.194511 0.201177 0.077402 -0.085689 -0.492792 -0.277487 -0.266393 -0.212009 -0.227715 -0.323936 -0.373198 -0.244729 -0.423516 -0.379660 -0.076177 -0.274469 0.464200 0.208974 0.446326 0.048965 0.591475 0.429307 -0.033388 0.123686 -0.057264 0.124405 0.207833 0.226957 0.138510 0.138925 0.010067 -0.270616 -0.311128 -0.208189 -0.263282 -0.203925 0.220394 0.130522 -0.061824 -0.025895 0.151133 0.025270 0.242833 0.042001 -0.069446 0.183726 0.145402 0.161207
-0.119958 -0.097324 -0.126196 0.010793 0.051845 -0.162402 0.359350 0.172812 0.121128 0.180414 0.106819 0.303521 -0.016529 0.288766 0.145227 0.094133 0.519200 0.454421 0.150112 -0.289948 -0.074108 0.207000 -0.069744 0.037285 -0.256264 -0.114569 -0.282541 -0.349632 1.000000 0.765259 0.533677 0.589194 0.476779 0.607753 0.034012 0.026711 0.118696 0.035085 0.017379 -0.234680 0.449020 0.051658 -0.050199 -0.111348 0.188556 -0.005899 -0.166655 -0.413736 -0.054945 0.143254 -0.589977 -0.176877 -0.210527 -0.176199 -0.517766 -0.346875 -0.014184 -0.187859 -0.143326 0.057443 -0.024478 -0.145043 0.177448 -0.133200 -0.041298 -0.021552 0.237231 -0.213811 0.190576 -0.233948 0.135710 0.294498 0.755359 0.336170 0.374647 0.381794 0.257100 0.178989 0.401378 0.077054 0.395863 0.432285 0.149559 0.536476 -0.349030 0.112758 -0.151450 -0.137236 -0.294800 -0.285411 -0.347113 -0.199146 -0.159966 -0.185007 -0.470620 -0.384215 -0.415230 -0.405949 -0.243071 -0.332753 0.100706 0.032211 -0.092023 -0.383966 -0.432935 -0.408039 -0.524627 -0.418744 -0.516446 -0.131258 -0.505775 -0.293571 -0.025734 -0.298170 -0.346284 -0.090176
-0.181252 0.031116 -0.304726 0.172582 -0.198169 -0.145347 0.275148 0.446717 -0.052751 0.134829 -0.208562 0.469472 -0.031906 0.619770 -0.125288 0.265109 0.432132 0.490919 0.001945 -0.494639 -0.074173 0.264191 -0.297514 0.009433 -0.421587 -0.116504 -0.461322 -0.396220 0.765259 1.000000 0.508561 0.655777 0.487801 0.708313 0.167060 0.227037 0.162663 0.186708 -0.197919 -0.335562 0.581541 0.126043 -0.062108 -0.123661 0.157155 0.040387 -0.165032 -0.286955 -0.234212 0.075376 -0.634396 -0.112794 -0.231747 -0.150445 -0.639979 -0.571510 -0.134245 -0.319754 -0.356804 0.050825 -0.048688 0.054561 0.346696 0.027467 -0.096374 0.273399 -0.012591 -0.243945 -0.008378 -0.409010 0.089937 0.293401 0.847654 0.431828 0.466974 0.591282 0.457254 0.345922 0.626513 0.262069 0.548761 0.529264 0.172312 0.604987 -0.451115 0.000096 -0.122289 0.037515 -0.466062 -0.365512 -0.075864 -0.295184 0.070990 -0.240385 -0.507002 -0.361118 -0.455101 -0.435832 -0.285826 -0.379401 0.386170 0.099136 0.128727 -0.309956 -0.444753 -0.434141 -0.444154 -0.377439 -0.436633 -0.070918 -0.448210 -0.227847 0.100143 -0.168069 -0.474942 -0.242720
-0.361920 -0.307731 0.199889 0.252521 0.057941 0.119982 0.054914 0.156724 0.271661 0.347109 -0.341377 -0.184996 -0.528458 -0.040827 -0.069589 0.152087 0.025384 -0.016079 0.130159 -0.305800 0.449076 0.503534 0.164636 0.259480 0.026056 0.319483 -0.173018 -0.002366 0.533677 0.508561 1.000000 0.902257 0.389670 0.586027 0.350729 0.233760 0.167748 0.132994 0.065899 -0.082515 0.350068 0.207504 0.013803 -0.069342 0.203895 0.098587 -0.049087 -0.148831 -0.202020 0.137567 -0.427285 0.025432 -0.074648 0.032790 -0.521632 -0.401363 -0.169104 -0.383366 -0.400812 -0.164515 -0.347579 -0.136272 -0.069180 -0.400433 0.004378 0.026466 -0.092779 0.087420 -0.083608 -0.260109 0.335745 0.653913 0.483295 0.251363 0.204026 0.276627 0.029624 0.215746 0.116797 -0.131535 0.211624 0.117722 0.111640 0.385675 -0.143198 -0.209307 0.137906 -0.136121 -0.145994 -0.409520 -0.116075 -0.159837 -0.115101 -0.126709 -0.240293 -0.127503 -0.330211 -0.276350 -0.287333 -0.352381 0.074243 -0.339149 0.028173 -0.349209 -0.189679 -0.152091 -0.347220 -0.310089 -0.213818 0.095753 -0.324676 -0.176448 0.004928 -0.240549 -0.276118 -0.027550
-0.308414 -0.301415 0.146085 0.345065 0.020327 0.097929 0.160159 0.401115 0.167428 0.407576 -0.297616 0.039185 -0.457627 0.136869 -0.115821 0.214032 0.085925 -0.020792 0.038271 -0.435993 0.295709 0.516369 0.023281 0.353460 -0.157399 0.221167 -0.341244 -0.182442 0.589194 0.655777 0.902257 1.000000 0.356530 0.731493 0.229920 0.236192 0.096943 0.127138 -0.123365 -0.238232 0.474858 0.146923 0.036220 -0.009457 0.215588 0.207695 -0.091277 -0.164463 -0.356387 0.068826 -0.579302 -0.107306 -0.169239 -0.016885 -0.650335 -0.583389 -0.155172 -0.411122 -0.497892 -0.185679 -0.329394 -0.149511 -0.004000 -0.368603 0.056770 0.132786 -0.150167 -0.004237 -0.113566 -0.457954 0.255271 0.630579 0.535736 0.250704 0.184241 0.431316 0.105018 0.205649 0.277896 -0.016667 0.296688 0.217686 0.170049 0.482260 -0.222614 -0.277908 0.093849 -0.070347 -0.292519 -0.571556 -0.006323 -0.170011 0.046375 -0.116259 -0.383016 -0.219190 -0.408111 -0.343885 -0.369928 -0.289891 0.269194 -0.193421 0.153262 -0.264330 -0.206797 -0.142316 -0.296599 -0.262672 -0.247486 0.039994 -0.385485 -0.131579 -0.022263 -0.186438 -0.342843 -0.071699
-0.204047 -0.033709 -0.397325 -0.189071 -0.317394 -0.578348 0.149636 0.043036 -0.236692 -0.219213 -0.319230 -0.139391 -0.275242 0.147140 -0.412458 -0.263703 0.488801 0.487871 -0.024088 -0.130928 -0.163539 0.356029 -0.430907 -0.403969 -0.348256 -0.348331 -0.423822 -0.561285 0.476779 0.487801 0.389670 0.356530 1.000000 0.660147 0.064811 0.097036 0.081568 0.103396 -0.037723 -0.119904 0.521054 0.091264 0.107118 -0.009314 0.283394 -0.018229 0.067774 -0.177092 -0.004134 0.316209 -0.450054 -0.044738 -0.026394 -0.034137 -0.379114 -0.235207 -0.108129 -0.107980 -0.166010 0.215812 0.016801 0.027872 0.426800 0.211818 -0.141969 -0.027011 0.400444 -0.012620 0.256322 0.035516 0.141731 0.321021 0.687272 0.522104 0.555179 0.224442 0.318501 0.269601 0.430400 0.294969 0.512810 0.472720 0.079703 0.229592 -0.309456 -0.045111 -0.232348 -0.164296 -0.532370 -0.312320 -0.282537 -0.281597 -0.296598 -0.335677 -0.284921 -0.329672 -0.210913 -0.312954 -0.053653 -0.136023 0.124737 -0.087014 0.067337 -0.223784 -0.370158 -0.302982 -0.232188 -0.260286 -0.290421 -0.081808 -0.255624 -0.252319 0.164284 -0.202392 -0.170077 -0.065972
-0.066682 0.001133 -0.131329 0.102741 -0.024352 -0.309845 0.395092 0.428422 0.001023 0.155540 -0.247296 0.160535 -0.242624 0.340898 -0.246738 0.148633 0.408078 0.177832 0.010730 -0.259504 -0.027400 0.382471 -0.384386 -0.069872 -0.304260 -0.175453 -0.481429 -0.540815 0.607753 0.708313 0.586027 0.731493 0.660147 1.000000 0.101944 0.154619 -0.032537 -0.025002 -0.286117 -0.373063 0.642836 0.004944 -0.063299 -0.113744 0.177463 0.063157 -0.183639 -0.404167 -0.332965 0.099547 -0.669710 -0.199533 -0.223424 -0.120907 -0.678114 -0.598527 0.029974 -0.120757 -0.410091 -0.020238 -0.066588 0.009523 0.273599 0.003384 0.119209 0.254410 -0.065393 -0.255917 0.168422 -0.439254 0.114344 0.343707 0.651878 0.345107 0.291174 0.452283 0.326599 0.316008 0.528756 0.282897 0.582800 0.504544 0.200109 0.491421 -0.456211 -0.280759 -0.210440 -0.032179 -0.510349 -0.622366 -0.205880 -0.395104 -0.126192 -0.260302 -0.471329 -0.312630 -0.456944 -0.355736 -0.398917 -0.112134 0.256543 -0.095927 0.217592 -0.120419 -0.170367 -0.223298 -0.202113 -0.101781 -0.360749 0.039234 -0.606536 -0.080353 0.199056 -0.071343 -0.316412 -0.129774
-0.349502 -0.162487 0.204530 0.055349 0.056680 0.212221 -0.027319 0.033468 0.144718 0.200060 -0.165361 -0.111106 -0.178375 0.014686 0.075157 0.193694 -0.075645 0.022794 0.092691 -0.236557 0.273790 0.251441 0.248341 -0.010788 0.039086 0.191697 0.022229 0.200480 0.034012 0.167060 0.350729 0.229920 0.064811 0.101944 1.000000 0.578780 0.375966 0.320530 0.231427 0.244294 -0.052586 0.210030 0.078767 0.001136 0.392586 0.257613 0.078407 0.069785 -0.115992 0.181459 -0.056589 0.080315 -0.197033 -0.096949 -0.132520 -0.013418 -0.213035 -0.184764 -0.228247 -0.141538 -0.272020 -0.072955 -0.340177 -0.315380 0.172728 0.128238 -0.140301 0.245134 -0.188788 0.093720 -0.054290 0.137585 0.188081 0.067883 0.098809 -0.013145 0.025441 0.102745 0.039312 -0.194322 -0.014791 -0.094182 -0.133742 0.095203 0.069539 -0.208586 0.103646 -0.163565 0.253581 -0.002422 0.085528 0.026225 0.038812 -0.096988 0.127071 0.077115 0.001924 -0.100414 -0.024718 -0.348646 -0.130038 -0.325044 -0.135865 -0.248086 -0.293350 -0.214208 -0.196567 -0.264956 0.120229 -0.118016 0.005610 -0.069019 -0.055151 -0.080566 -0.207769 -0.129011
-0.240841 -0.083057 0.003664 0.225675 0.156441 0.084687 0.167344 0.273259 0.297075 0.158916 -0.107658 0.082012 0.069425 0.272347 0.085202 0.381682 -0.105732 0.111697 -0.068319 -0.363945 0.265841 0.406278 -0.016522 -0.134262 -0.045354 0.103496 0.076610 0.141596 0.026711 0.227037 0.233760 0.236192 0.097036 0.154619 0.578780 1.000000 0.289436 0.220982 0.259234 0.255043 0.013449 0.235695 -0.214857 -0.130366 0.140631 0.114312 -0.311354 0.049100 -0.072118 0.130137 -0.267311 -0.020352 -0.305299 -0.330975 -0.160967 -0.229336 -0.483247 -0.468615 -0.020925 0.002617 0.081830 0.179083 -0.071600 -0.171650 0.097161 0.470618 -0.105370 0.318807 -0.449666 -0.087713 -0.093627 0.196178 0.259141 -0.084707 0.047646 -0.006301 -0.035400 0.030505 0.142915 -0.153194 0.015158 0.065444 -0.124868 0.171838 -0.244306 -0.115234 0.001553 -0.149339 0.007777 0.027903 0.188982 -0.002164 0.150460 0.040639 0.057984 0.081445 -0.123097 -0.058542 -0.323680 -0.427906 0.283961 -0.176434 0.153325 -0.209738 -0.239525 -0.262019 -0.077170 -0.160190 0.167315 -0.125983 0.124381 -0.214513 -0.109047 -0.102494 -0.286946 0.029374
