1.000000 0.383626 -0.016708 -0.380236 0.175794 -0.335874 0.095519 -0.148582 0.297183 0.142407 0.308925 0.280637 0.247305 0.275435 0.266496 0.388526 0.006480 0.308725 0.117659 0.163718 -0.222678 -0.227672 -0.110449 -0.392147 -0.258230 -0.509116 -0.272979 -0.277634 0.509013 0.098397 -0.352627 -0.455687 0.043996 -0.185337 -0.226180 -0.420999 -0.208803 -0.341179 -0.271511 -0.035135 -0.194044 -0.179367 -0.273320 -0.335479 -0.203804 -0.357357 -0.225120 -0.121090 0.076026 -0.375556 -0.346927 -0.139176 0.107057 0.120741 0.040766 -0.044116 0.120837 0.083970 0.491543 -0.080852 0.343185 0.399437 0.147945 0.173789 0.052293 -0.058487 -0.230977 -0.581356 0.214310 0.091419 -0.095767 -0.336644 0.392980 0.094732 -0.027556 0.111125 0.162500 -0.243590 0.092405 0.183301 0.212448 0.157992 -0.004592 0.185522 0.155417 -0.303469 0.092457 -0.053617 0.040911 0.142821 -0.281317 0.068896 -0.205200 0.154792 0.132878 -0.064797 -0.212211 -0.080061 -0.090595 0.079952 -0.104476 0.288695 0.228763 0.229282 -0.168079 -0.170155 -0.295396 0.120504 -0.172169 -0.083992 -0.258521 -0.134354 -0.153730 -0.002634 0.091714 0.097667
0.383626 1.000000 -0.334421 -0.167290 -0.187155 -0.253184 -0.239680 -0.152601 0.003484 -0.021738 -0.020629 0.376224 0.037595 0.185973 0.132281 0.070689 0.211047 0.324574 -0.277837 -0.113146 -0.359933 -0.066007 -0.223980 -0.352263 -0.071964 -0.206733 -0.303836 -0.065968 0.041700 0.203075 -0.465444 -0.595786 0.221255 0.083258 -0.351440 -0.347439 -0.081184 0.015248 -0.184162 -0.146793 -0.202943 -0.080436 -0.147179 0.022013 -0.327170 -0.253309 -0.115964 -0.004358 -0.200187 -0.129426 -0.026699 0.161553 0.158498 0.322544 0.013622 0.165862 0.469418 0.448253 -0.056839 0.120956 -0.002041 0.497784 0.058911 0.198817 -0.053153 0.061793 -0.065864 -0.316131 0.532669 0.459278 -0.328168 -0.434205 0.065959 0.068520 0.076578 0.051686 0.163675 -0.209457 0.286758 0.305140 0.154202 0.220375 -0.130221 -0.177546 0.044842 0.105984 -0.016269 0.165781 0.080361 0.135126 -0.174691 -0.536607 -0.126564 -0.157335 -0.058830 -0.100634 -0.169491 -0.062487 0.002761 -0.086977 0.031044 -0.226890 -0.050775 -0.054225 -0.012149 -0.159062 -0.434746 0.144401 -0.112108 -0.122045 -0.217599 0.051240 0.049299 0.052379 -0.116743 0.147703
-0.016708 -0.334421 1.000000 0.203694 0.351364 0.309444 0.513151 0.291287 0.374794 0.158031 0.211543 0.155642 0.030016 0.034478 0.330002 0.078605 -0.509217 -0.345699 0.181413 0.190598 0.500485 0.079609 0.645372 0.478618 0.406806 0.450456 0.478223 0.401928 -0.126090 -0.195310 0.289003 0.271001 -0.591983 -0.110229 0.136443 0.260800 -0.140761 -0.111242 0.113435 0.024324 -0.202334 -0.092906 0.211305 0.065964 -0.009228 0.057275 0.026109 -0.043406 0.336161 -0.235811 0.055169 -0.066828 -0.036559 -0.065811 -0.111258 -0.380934 -0.543706 -0.584583 -0.061750 -0.404314 -0.358254 -0.288241 -0.386786 -0.415613 0.274649 0.134087 -0.208324 0.127863 -0.452491 -0.381110 0.275661 0.203337 -0.165152 0.057450 -0.173173 -0.103337 -0.141778 0.099631 -0.379934 -0.501753 -0.440883 -0.445812 0.077789 0.080966 0.368234 -0.257584 0.026676 0.152802 0.350701 -0.217369 0.298079 0.600526 0.233767 0.402883 -0.053050 0.184189 0.092019 -0.001700 -0.000105 -0.153951 0.115435 0.256304 0.072857 0.125331 0.028721 0.195522 0.202657 -0.081642 0.332336 0.376560 0.106847 -0.282296 -0.089180 0.058218 0.483352 -0.092276
-0.380236 -0.167290 0.203694 1.000000 0.100876 0.198052 0.288652 0.524350 0.034512 0.126907 -0.179047 0.159230 0.024011 -0.047760 0.218106 0.141113 -0.302713 -0.390522 0.052862 0.128697 0.174971 0.085859 0.132864 0.539327 0.184929 0.170943 0.097751 0.159186 -0.354951 -0.188404 0.183229 0.367898 -0.228230 -0.111881 -0.014188 0.087220 -0.116212 -0.124830 -0.062936 -0.105744 -0.082705 -0.027682 -0.079335 0.078798 -0.142110 -0.039778 -0.120215 -0.216575 -0.314993 -0.089826 0.138813 -0.192670 -0.125234 -0.008142 -0.312780 -0.114319 -0.219252 -0.309146 -0.204917 0.086672 -0.095514 -0.188387 -0.204910 -0.257033 0.428518 0.193662 -0.060113 0.392229 -0.197825 -0.282277 -0.068680 0.240938 -0.358489 -0.087243 -0.028215 -0.138540 -0.186724 -0.100949 -0.225267 -0.388572 -0.396429 -0.426384 0.046697 0.366302 0.126363 0.538773 0.201392 0.253078 0.268406 -0.053038 0.198565 -0.069394 0.475172 -0.103618 -0.206805 0.029304 -0.221513 -0.260749 -0.165166 -0.248284 0.052252 -0.133541 0.027582 -0.171251 0.087828 -0.231339 0.093619 -0.188801 -0.048423 -0.101549 -0.055383 -0.288882 0.061396 0.283749 0.105264 -0.275666
0.175794 -0.187155 0.351364 0.100876 1.000000 0.316620 0.403382 0.243233 0.655479 0.493073 0.054471 0.114407 0.301022 0.183420 0.372068 0.440697 -0.344576 -0.092841 0.071373 0.313256 0.296310 0.051137 0.139085 0.226128 0.105976 0.019566 0.375514 0.083229 0.173236 -0.117498 0.160548 0.131770 -0.375709 -0.034508 -0.015199 0.125109 -0.009144 -0.202096 0.163721 0.161945 0.081315 0.070573 -0.294538 -0.394398 -0.139531 -0.243114 -0.285442 -0.192912 -0.064045 -0.233522 -0.562831 -0.387390 0.036839 -0.158333 -0.024285 -0.265904 -0.457960 -0.273624 0.117941 -0.211011 0.011434 -0.177974 -0.306595 -0.305253 0.323336 -0.023889 -0.297604 -0.030816 -0.212313 -0.244841 0.315920 0.082517 -0.051453 0.158881 -0.209180 0.074292 -0.101190 0.047327 -0.214251 -0.269102 -0.226698 -0.172623 0.171381 0.354842 0.291210 -0.259141 0.151205 0.125479 0.216440 -0.073657 0.095410 0.501619 0.128018 0.256396 -0.106777 0.108312 0.014603 -0.015218 0.049371 -0.110968 -0.087892 0.250226 0.212823 0.035978 -0.290648 -0.034655 0.206358 -0.158081 0.054373 0.302443 -0.011579 0.018686 0.163879 -0.060750 0.133797 -0.097781
-0.335874 -0.253184 0.309444 0.198052 0.316620 1.000000 -0.257035 -0.090433 -0.034363 0.157412 -0.025618 -0.230915 -0.386083 -0.507771 0.172927 -0.093797 -0.467531 -0.604651 0.054141 -0.089285 0.412694 0.150162 0.561760 0.468027 0.561627 0.695694 0.798200 0.743781 -0.553358 -0.482516 0.335059 0.326712 -0.252286 0.076485 0.213704 0.264965 -0.338622 -0.018100 0.177097 0.331383 -0.091245 -0.050700 0.337920 0.294002 0.514468 0.530085 0.222520 0.109821 0.210990 0.307804 0.253238 -0.005761 -0.117006 -0.049844 -0.111782 0.124197 -0.208360 -0.221506 -0.101771 -0.018930 -0.409693 -0.440152 -0.606642 -0.614132 -0.078307 -0.017206 0.149560 0.467843 -0.053267 0.012376 0.106849 0.078398 -0.605240 -0.064722 -0.251799 -0.078010 -0.337271 0.036058 -0.252287 -0.290948 -0.500110 -0.390579 0.207698 -0.110226 0.289286 0.033791 0.271947 0.058445 0.177631 -0.330997 -0.119001 0.292836 -0.078832 -0.036778 -0.243273 -0.037717 0.279230 -0.074438 0.230534 -0.002321 -0.319718 -0.153578 -0.304937 -0.145604 0.102220 -0.082722 0.129662 0.013434 0.122996 0.001888 0.252570 0.038143 0.276678 0.107208 0.235028 0.007935
0.095519 -0.239680 0.513151 0.288652 0.403382 -0.257035 1.000000 0.697115 0.613445 0.370635 0.001534 0.396524 0.457188 0.554375 0.214754 0.415145 -0.160946 0.023537 0.012113 0.208122 0.068273 0.075021 -0.068020 0.026364 -0.094943 -0.200481 -0.187520 -0.293171 0.366380 0.288199 0.014013 0.045293 -0.354561 -0.154910 -0.119905 0.144756 0.209382 -0.019042 0.081968 -0.117793 0.063052 0.094194 -0.182104 -0.300996 -0.517653 -0.500674 -0.333645 -0.360867 -0.011399 -0.470101 -0.326652 -0.282051 0.059917 -0.179938 0.114981 -0.513560 -0.552872 -0.567779 -0.072308 -0.357591 0.117366 0.048377 0.024347 -0.037499 0.413077 0.323564 -0.357447 -0.095890 -0.582681 -0.638455 0.315002 0.205539 0.301055 0.267408 0.142195 0.196687 0.277101 0.187842 -0.138224 -0.393918 -0.132164 -0.273540 -0.160477 0.306627 0.028509 -0.154076 -0.140129 0.098383 0.157970 -0.189256 0.509749 0.341564 0.549094 0.478758 -0.081111 0.212445 -0.298425 -0.232190 -0.290720 -0.161991 0.365244 0.326680 0.334800 0.269097 -0.009287 0.174798 0.057323 -0.008900 0.058450 0.226296 -0.135941 -0.232907 -0.003267 0.094329 0.301741 -0.146363
-0.148582 -0.152601 0.291287 0.524350 0.243233 -0.090433 0.697115 1.000000 0.581559 0.580625 -0.392016 0.447508 0.253762 0.511909 0.160107 0.580031 -0.275702 -0.216295 -0.264881 0.089038 0.035354 0.259973 -0.209286 0.152573 -0.011645 -0.028834 -0.180748 -0.132873 0.045286 0.337013 0.076812 0.207458 -0.293442 0.150403 0.014565 0.272002 0.090545 -0.051740 -0.067126 -0.050757 -0.023935 -0.064088 -0.169528 -0.096706 -0.475767 -0.338264 -0.327654 -0.422356 -0.124034 -0.326479 -0.219295 -0.331803 -0.035628 -0.353948 -0.046597 -0.515063 -0.445011 -0.509553 -0.152458 -0.207407 0.127710 0.221298 -0.128961 -0.128744 0.377682 0.685119 -0.320429 0.174572 -0.482155 -0.528709 0.233078 0.218176 0.037747 0.154711 0.052096 0.237842 0.212759 0.207817 -0.054269 -0.410481 -0.272293 -0.354271 -0.324381 0.330057 -0.157797 0.185535 -0.112597 0.086279 0.276339 -0.282424 0.285128 -0.010186 0.521551 0.104226 -0.152042 0.190037 -0.364188 -0.374680 -0.479309 -0.252338 0.205445 -0.043756 0.011724 -0.080732 -0.043300 0.035124 -0.061413 0.029375 0.066338 0.167820 -0.234586 -0.354986 0.114157 0.111852 0.358174 -0.083109
0.297183 0.003484 0.374794 0.034512 0.655479 -0.034363 0.613445 0.581559 1.000000 0.754649 -0.266729 0.483187 0.415192 0.577662 0.499389 0.810672 -0.351247 -0.012051 -0.194397 0.152723 0.184095 0.287709 -0.067774 -0.017933 0.006542 -0.054510 0.039425 -0.018023 0.304437 0.273895 -0.035751 -0.023433 -0.419425 0.110041 -0.027454 0.218106 0.041220 -0.171280 0.015186 0.010554 -0.101866 -0.005186 -0.295803 -0.395653 -0.430922 -0.502231 -0.470424 -0.401723 0.063371 -0.436744 -0.455695 -0.412013 0.071810 -0.288744 0.026941 -0.542319 -0.398922 -0.353397 0.066071 -0.386762 0.108393 0.273662 -0.218680 -0.149100 0.374637 0.483847 -0.556099 -0.196469 -0.320248 -0.379500 0.396893 0.130310 0.159694 0.207927 -0.087963 0.300765 0.161251 0.165543 -0.085989 -0.231558 -0.139234 -0.179556 -0.257325 0.333236 0.068724 -0.209885 -0.133642 0.132115 0.308666 -0.254411 0.156512 0.261180 0.290569 0.276614 -0.051525 0.135231 -0.239240 -0.263835 -0.345509 -0.313631 0.082054 0.057727 0.122945 -0.002468 -0.264189 0.133227 -0.122430 -0.068008 0.061788 0.365521 -0.256017 -0.275341 0.116788 -0.095100 0.339416 0.024542
0.142407 -0.021738 0.158031 0.126907 0.493073 0.157412 0.370635 0.580625 0.754649 1.000000 -0.512616 0.387095 0.011753 0.284079 0.278983 0.788018 -0.385968 -0.214578 -0.302992 0.055732 0.099917 0.486901 -0.148215 0.043895 0.139519 0.078069 0.001648 0.034846 0.046624 0.388540 0.038613 0.027992 -0.322752 0.273424 0.059678 0.398476 0.013291 -0.021155 0.158910 0.281000 -0.137337 0.039531 -0.228618 -0.269130 -0.291810 -0.317571 -0.487928 -0.341858 -0.087708 -0.268925 -0.410319 -0.541795 -0.206350 -0.401050 -0.109481 -0.436523 -0.276170 -0.322278 -0.016262 -0.332924 0.014502 0.176621 -0.296542 -0.268392 0.221787 0.549024 -0.477686 0.020803 -0.190896 -0.326368 0.319152 0.222707 0.067616 0.103845 -0.110704 0.462070 0.097346 0.236449 0.007119 -0.167266 -0.133356 -0.221585 -0.364828 0.253993 -0.022490 0.011289 -0.155337 -0.011447 0.303346 -0.404239 0.082357 0.114381 0.381667 0.284854 0.110305 0.281943 -0.224817 -0.162457 -0.417344 -0.141831 0.025158 -0.200448 -0.047567 -0.024146 -0.094184 0.188970 -0.258451 0.000321 0.071372 0.364139 -0.134845 -0.125777 0.314105 0.172709 0.439711 0.202740
0.308925 -0.020629 0.211543 -0.179047 0.054471 -0.025618 0.001534 -0.392016 -0.266729 -0.512616 1.000000 -0.104260 0.199873 -0.062530 0.054985 -0.387758 0.152609 0.229246 0.605762 0.323047 -0.098640 -0.572061 0.353793 0.018474 -0.193047 -0.152907 0.043019 -0.062282 0.281426 -0.311143 -0.093033 -0.154102 0.042210 -0.457299 -0.140150 -0.513371 -0.027789 -0.174633 -0.046344 -0.082460 0.031273 -0.005645 0.018092 -0.123836 0.012210 -0.066929 0.140141 -0.014065 0.065828 -0.214022 0.055421 0.214001 0.159957 0.203446 0.144942 0.092055 -0.035511 0.064813 0.153272 0.147198 -0.066589 -0.051929 0.235489 0.123813 -0.034262 -0.520052 0.167934 -0.288408 -0.029769 0.033329 -0.146990 -0.289879 0.146280 0.003834 0.041360 -0.308425 -0.097576 -0.294153 -0.214496 0.031265 0.106404 0.042258 0.560330 -0.028178 0.358679 -0.330556 0.340481 0.035193 -0.135225 0.431108 -0.041678 0.315243 -0.262500 0.090168 0.105804 -0.134992 0.122636 0.122003 0.276069 0.089080 0.019640 0.553792 0.243916 0.317671 -0.012203 -0.130222 0.299506 -0.048117 -0.103519 -0.087037 -0.022832 0.046769 -0.275252 -0.111906 -0.098435 -0.043379
0.280637 0.376224 0.155642 0.159230 0.114407 -0.230915 0.396524 0.447508 0.483187 0.387095 -0.104260 1.000000 0.263708 0.727114 0.306040 0.465806 -0.077079 0.176644 -0.318174 -0.115685 -0.280874 -0.067730 -0.222739 -0.261690 -0.010126 -0.207793 -0.258870 -0.226836 0.230156 0.376523 -0.246658 -0.306627 -0.134857 0.008290 -0.114431 -0.020475 0.091321 0.076118 -0.115393 0.009442 -0.030633 -0.056820 -0.081905 -0.118615 -0.452147 -0.363655 -0.339121 -0.365086 -0.054986 -0.369067 -0.243382 -0.211334 0.052334 -0.080346 0.054246 -0.285326 -0.211927 -0.226944 -0.228324 -0.289952 -0.108307 0.348052 0.024915 0.142131 0.239634 0.400207 -0.495278 -0.254459 -0.253294 -0.390891 0.075578 0.059098 0.255202 0.157209 0.027016 0.272126 0.317135 0.218235 0.171249 -0.015050 0.040304 0.036067 -0.361907 0.278089 -0.086446 0.129206 -0.160411 0.003675 0.067542 -0.096917 0.155909 -0.091099 0.487843 0.245078 -0.052199 0.240884 -0.212331 -0.219458 -0.140642 -0.136390 0.441569 -0.200730 0.188682 -0.094816 -0.054710 0.162016 -0.161628 0.039465 0.093663 0.119032 -0.243502 -0.149145 0.084697 0.302391 0.343747 0.231811
0.247305 0.037595 0.030016 0.024011 0.301022 -0.386083 0.457188 0.253762 0.415192 0.011753 0.199873 0.263708 1.000000 0.624566 0.403549 0.316627 0.148162 0.296742 -0.177825 -0.072519 -0.231634 -0.286940 -0.250961 -0.226061 -0.257922 -0.434215 -0.247145 -0.356040 0.513936 0.084691 -0.236464 -0.180675 -0.041630 -0.291969 -0.121141 -0.155267 0.193792 -0.131954 -0.146454 -0.316760 0.079717 0.017580 -0.341964 -0.328284 -0.361738 -0.498988 -0.245972 -0.343893 0.067134 -0.485278 -0.109797 -0.074394 0.449657 -0.121823 0.383943 -0.208137 -0.206845 -0.041100 0.193907 0.187748 0.330248 0.285563 0.255213 0.244021 0.181035 0.190072 -0.043197 -0.179282 -0.203523 -0.215939 0.024793 -0.125271 0.331191 0.196035 0.055344 -0.023436 0.192515 -0.077000 -0.112370 -0.114899 -0.019188 -0.006583 0.092556 0.211662 -0.068122 -0.135841 0.119219 0.176120 -0.046222 0.315223 0.101378 -0.050481 0.143169 0.057248 -0.111007 -0.104538 -0.125170 -0.195975 -0.045575 -0.323025 0.208326 0.124653 0.259269 -0.054102 -0.123163 -0.073084 0.101846 -0.189334 -0.194920 -0.123682 -0.159096 -0.221983 -0.223835 -0.253523 -0.252159 -0.214132
0.275435 0.185973 0.034478 -0.047760 0.183420 -0.507771 0.554375 0.511909 0.577662 0.284079 -0.062530 0.727114 0.624566 1.000000 0.203836 0.516585 0.159495 0.412110 -0.292657 -0.045996 -0.312235 -0.077795 -0.447748 -0.411712 -0.391063 -0.458146 -0.447976 -0.462622 0.569374 0.514199 -0.277231 -0.272087 -0.098276 -0.021669 -0.071757 -0.012918 0.355712 0.088907 -0.104942 -0.113493 0.136134 0.039404 -0.214894 -0.266100 -0.585448 -0.581443 -0.425804 -0.483875 0.052365 -0.450602 -0.350513 -0.108381 0.288697 -0.228947 0.357135 -0.410868 -0.320901 -0.216125 -0.105560 -0.254498 0.225656 0.461747 0.312598 0.359201 0.156614 0.433364 -0.468136 -0.357525 -0.385036 -0.450835 0.152293 0.063259 0.533216 0.292809 0.199221 0.357162 0.448979 0.252497 0.162218 0.012151 0.134022 0.138961 -0.382981 0.212833 -0.364451 -0.177816 -0.275274 -0.014542 -0.091094 0.023387 0.260388 -0.072842 0.395585 0.177331 -0.011521 0.174428 -0.297338 -0.241063 -0.227339 -0.226116 0.513056 0.011918 0.248395 -0.038052 -0.024471 0.281248 -0.051140 -0.037364 0.049354 0.170851 -0.343018 -0.226835 -0.088916 -0.034556 0.207491 0.229759
0.266496 0.132281 0.330002 0.218106 0.372068 0.172927 0.214754 0.160107 0.499389 0.278983 0.054985 0.306040 0.403549 0.203836 1.000000 0.485023 -0.241616 -0.044686 0.001824 -0.018922 0.051610 0.064212 0.413640 0.221125 0.224091 0.069296 0.241991 0.177733 0.084706 -0.109682 -0.083035 -0.098398 -0.333741 -0.122219 0.069432 -0.043067 -0.100051 -0.217210 0.056289 -0.154601 -0.127417 0.013728 -0.190681 -0.156833 -0.156592 -0.265493 -0.203851 -0.392976 -0.031644 -0.382317 0.028844 -0.211171 0.193312 -0.073746 -0.090802 -0.274189 -0.077886 -0.102637 0.130346 -0.186453 -0.113690 -0.006533 -0.230792 -0.156133 0.401712 0.161906 -0.337935 -0.042279 0.007451 -0.186664 -0.032601 -0.033833 -0.146850 0.081448 -0.106459 -0.031598 0.075234 -0.092690 -0.234905 -0.122891 -0.228479 -0.229536 0.263217 0.356233 0.492679 0.088021 0.362199 0.352843 0.393634 -0.054521 -0.160980 0.084035 0.117803 0.070911 -0.043042 0.030390 -0.047454 -0.268422 -0.175405 -0.415544 -0.190092 -0.040507 -0.115555 -0.085597 -0.151766 -0.158203 -0.148563 -0.306983 -0.136681 -0.032589 -0.126205 -0.375007 -0.107567 0.067463 0.040462 -0.144871
0.388526 0.070689 0.078605 0.141113 0.440697 -0.093797 0.415145 0.580031 0.810672 0.788018 -0.387758 0.465806 0.316627 0.516585 0.485023 1.000000 -0.304745 -0.035767 -0.196213 0.063709 -0.049238 0.280608 -0.241197 -0.078332 -0.147205 -0.234677 -0.157765 -0.116438 0.266284 0.330530 -0.078378 -0.020339 -0.225804 0.226198 0.073958 0.131918 -0.025985 -0.266767 -0.071004 -0.017994 -0.139402 -0.132003 -0.341396 -0.369868 -0.414182 -0.511931 -0.528764 -0.486020 -0.096209 -0.421645 -0.418767 -0.521433 -0.003526 -0.361283 -0.035817 -0.452243 -0.222139 -0.246220 0.198504 -0.211902 0.285364 0.415426 -0.126763 -0.091751 0.347911 0.564455 -0.537878 -0.179047 -0.133704 -0.284956 0.211901 0.122573 0.140116 0.071965 -0.136216 0.382177 0.162031 0.093839 0.017387 -0.099202 -0.091620 -0.159815 -0.297207 0.481131 -0.065674 -0.010264 -0.078582 0.016081 0.322854 -0.212530 -0.046264 -0.001518 0.266673 0.095728 -0.010597 0.054939 -0.388153 -0.376843 -0.513141 -0.313310 -0.057026 -0.093863 0.002533 -0.077413 -0.144959 -0.011046 -0.265318 -0.072047 -0.090622 0.168697 -0.379750 -0.355321 0.026299 0.021835 0.271175 0.107739
0.006480 0.211047 -0.509217 -0.302713 -0.344576 -0.467531 -0.160946 -0.275702 -0.351247 -0.385968 0.152609 -0.077079 0.148162 0.159495 -0.241616 -0.304745 1.000000 0.729335 -0.089419 -0.029556 -0.478030 -0.210540 -0.454108 -0.496445 -0.388789 -0.525426 -0.538018 -0.589811 0.401167 0.320964 -0.314795 -0.431628 0.537758 -0.041161 -0.182144 -0.308247 0.407437 0.082102 -0.062621 -0.346240 0.113506 0.055152 -0.312158 -0.268343 -0.223788 -0.232113 -0.182687 -0.243794 -0.254321 -0.051184 -0.042032 0.060473 -0.031437 -0.065038 0.076017 -0.053059 0.577656 0.622078 -0.012011 0.109447 0.255936 0.095751 0.704264 0.811806 -0.126149 -0.274676 0.126290 -0.244027 0.233978 0.272290 -0.113977 -0.242690 0.466728 0.051724 0.384313 -0.074557 0.230885 -0.200145 0.452832 0.626101 0.712878 0.727955 0.013383 -0.164394 -0.267113 0.111176 -0.244265 -0.303700 -0.529655 0.213900 -0.033521 -0.511003 -0.136559 -0.234097 0.106702 -0.059141 -0.239466 -0.030063 -0.080768 -0.042023 0.177327 0.008393 0.052114 0.024208 -0.061055 0.043980 -0.094020 -0.086091 -0.342556 -0.224956 -0.248567 0.133776 -0.168286 -0.169700 -0.400290 0.157546
0.308725 0.324574 -0.345699 -0.390522 -0.092841 -0.604651 0.023537 -0.216295 -0.012051 -0.214578 0.229246 0.176644 0.296742 0.412110 -0.044686 -0.035767 0.729335 1.000000 0.053042 0.196773 -0.503673 -0.204771 -0.420800 -0.541780 -0.474373 -0.640552 -0.546684 -0.614564 0.518487 0.386202 -0.390617 -0.506302 0.365300 0.011757 -0.136730 -0.409328 0.223154 -0.139711 -0.094156 -0.251836 0.072260 -0.018959 -0.297149 -0.393113 -0.353495 -0.475772 -0.205298 -0.248458 -0.265239 -0.206602 -0.237702 0.036095 0.020655 0.072580 0.029717 -0.128732 0.357680 0.521544 0.198998 -0.093045 0.351517 0.210220 0.695169 0.784976 -0.044062 -0.336182 -0.182738 -0.576740 0.269829 0.166359 -0.175154 -0.315190 0.539544 0.038396 0.225703 -0.015255 0.217399 -0.211573 0.313078 0.537632 0.676338 0.671221 0.019708 0.073659 -0.175498 -0.181388 -0.232335 -0.178370 -0.493563 0.208368 -0.102733 -0.252083 -0.194963 -0.164140 0.125493 -0.101158 -0.315092 -0.032605 -0.022596 -0.040278 0.187498 0.131392 0.231189 0.118872 -0.111850 -0.008299 -0.183486 -0.182975 -0.308413 -0.028743 -0.382060 0.088332 -0.175353 -0.307017 -0.316922 0.177157
0.117659 -0.277837 0.181413 0.052862 0.071373 0.054141 0.012113 -0.264881 -0.194397 -0.302992 0.605762 -0.318174 -0.177825 -0.292657 0.001824 -0.196213 -0.089419 0.053042 1.000000 0.712301 0.087479 -0.257162 0.405989 0.322036 -0.289005 -0.094839 0.064726 -0.044468 0.118479 -0.298998 0.291928 0.283257 -0.003448 -0.089589 -0.019111 -0.379837 -0.099961 -0.204414 0.102288 0.080669 0.081033 0.051258 0.015896 -0.117124 0.009469 -0.046875 0.099557 0.019892 -0.152159 -0.069138 -0.122998 0.039191 -0.180700 0.191157 -0.240145 0.087834 -0.129445 -0.114564 0.103585 -0.072379 -0.056086 -0.302139 0.030308 -0.143210 0.181086 -0.537282 -0.055246 -0.242325 -0.005360 -0.078424 -0.155850 -0.005701 0.015424 -0.190015 -0.016181 -0.229153 -0.219682 -0.256727 -0.279771 -0.202201 -0.032055 -0.112134 0.531485 0.279987 0.338463 -0.237547 0.309374 0.090039 -0.007502 0.107864 -0.030841 0.469161 -0.227478 -0.042365 0.241275 -0.055568 0.048416 0.136254 0.137119 0.165845 -0.229771 0.564653 0.097308 0.322597 0.026700 -0.106349 0.187158 0.025911 -0.005489 0.049255 -0.112551 0.076074 -0.105570 -0.053540 0.049924 -0.042213
0.163718 -0.113146 0.190598 0.128697 0.313256 -0.089285 0.208122 0.089038 0.152723 0.055732 0.323047 -0.115685 -0.072519 -0.045996 -0.018922 0.063709 -0.029556 0.196773 0.712301 1.000000 0.113331 0.006175 0.100420 0.358255 -0.296433 -0.225195 -0.113931 -0.245286 0.219238 0.060542 0.343645 0.267165 0.050069 0.157625 -0.123908 -0.227134 -0.034937 -0.262883 0.085259 -0.048956 0.009935 -0.003094 -0.249556 -0.310172 -0.282124 -0.267214 -0.110813 -0.125816 -0.328928 -0.146950 -0.416541 -0.182858 -0.263265 0.029530 -0.346419 -0.203594 -0.148618 -0.094417 0.076916 -0.211462 0.040291 -0.190337 0.023798 -0.050903 0.334358 -0.364409 -0.268327 -0.239294 0.055820 -0.036123 -0.054874 0.001546 0.175462 -0.100049 0.013143 -0.119960 -0.192752 -0.277134 -0.275781 -0.154137 0.031707 -0.032756 0.331773 0.370151 0.204742 -0.217195 0.091667 0.088869 -0.105541 0.016961 0.053664 0.297670 -0.168297 -0.128288 0.299215 0.148266 -0.191536 0.112624 -0.031802 -0.028478 -0.202179 0.426538 0.082041 0.260103 -0.185980 -0.120765 -0.016467 -0.049731 -0.004727 0.265929 -0.343669 -0.056165 -0.080508 -0.089033 0.163771 0.031202
-0.222678 -0.359933 0.500485 0.174971 0.296310 0.412694 0.068273 0.035354 0.184095 0.099917 -0.098640 -0.280874 -0.231634 -0.312235 0.051610 -0.049238 -0.478030 -0.503673 0.087479 0.113331 1.000000 0.367547 0.406417 0.527058 0.329696 0.520752 0.534871 0.497702 -0.303990 -0.174111 0.528549 0.533826 -0.413166 0.068517 0.014422 0.323663 -0.088675 -0.093635 0.041609 0.038134 -0.040877 0.007004 0.182231 0.067002 0.247870 0.268680 0.192795 0.158876 0.257572 0.106703 0.047646 -0.022999 0.043389 0.123719 -0.214634 -0.205577 -0.320782 -0.335816 -0.051012 -0.146836 -0.276926 -0.356581 -0.532932 -0.511510 0.222752 -0.015127 0.097286 0.246437 -0.194489 -0.110575 0.373920 0.285669 -0.255911 0.055747 -0.095919 -0.051392 -0.206308 0.154883 -0.233792 -0.319397 -0.419386 -0.347156 0.100005 -0.002335 0.283825 -0.053517 0.086406 0.332805 0.218559 -0.236435 0.149266 0.367942 -0.113843 0.023179 -0.144984 0.077004 0.041047 0.056504 -0.004360 -0.113247 -0.214625 0.189624 -0.125366 0.039348 -0.129029 0.148548 0.181514 0.030392 0.253049 0.405896 0.086105 -0.143721 0.105170 -0.027883 0.315210 -0.072403
-0.227672 -0.066007 0.079609 0.085859 0.051137 0.150162 0.075021 0.259973 0.287709 0.486901 -0.572061 -0.067730 -0.286940 -0.077795 0.064212 0.280608 -0.210540 -0.204771 -0.257162 0.006175 0.367547 1.000000 -0.020483 0.268163 0.182488 0.377809 0.138165 0.289050 -0.136066 0.395665 0.301522 0.321452 -0.156993 0.341046 0.104082 0.525544 0.144242 0.081686 0.286662 0.047198 -0.044217 0.215842 -0.097104 -0.100584 -0.155308 -0.132241 -0.202979 -0.185924 -0.056023 -0.019226 -0.038370 -0.212280 -0.065132 -0.166227 -0.046171 -0.403622 -0.087551 -0.161222 -0.134156 -0.271114 -0.079190 0.011582 -0.209754 -0.221029 0.118229 0.383397 -0.159247 0.240108 0.010492 -0.060299 0.330153 0.378998 -0.008556 0.162324 0.169365 0.392090 0.103349 0.264884 -0.085308 -0.032524 -0.122234 -0.218072 -0.253865 -0.117391 -0.044228 0.036596 -0.102437 0.181017 0.080497 -0.420460 0.119195 -0.032711 0.082543 -0.002563 0.166436 0.210965 -0.168685 0.003070 -0.366025 -0.302212 -0.038463 -0.325282 -0.303262 0.053541 0.007919 0.272060 -0.179639 0.026601 0.078605 0.385333 -0.099532 -0.311256 0.101956 0.080020 0.377514 0.251873
-0.110449 -0.223980 0.645372 0.132864 0.139085 0.561760 -0.068020 -0.209286 -0.067774 -0.148215 0.353793 -0.222739 -0.250961 -0.447748 0.413640 -0.241197 -0.454108 -0.420800 0.405989 0.100420 0.406417 -0.020483 1.000000 0.636433 0.522615 0.649058 0.703476 0.637638 -0.332404 -0.557707 0.253573 0.272637 -0.423832 -0.167709 0.197908 0.122071 -0.239003 -0.013823 0.302824 0.096768 -0.179303 0.089210 0.335745 0.302039 0.335798 0.361251 0.249976 0.172479 0.256056 0.086689 0.332601 0.153730 -0.019719 0.104420 -0.172078 0.031855 -0.229615 -0.307516 -0.075686 -0.262569 -0.545736 -0.445346 -0.465242 -0.537537 0.105103 -0.170751 -0.001941 0.261458 -0.122639 -0.090987 0.006004 0.097215 -0.507913 -0.064013 -0.204147 -0.242693 -0.269652 0.002949 -0.473127 -0.350742 -0.439307 -0.459198 0.459975 0.012664 0.578918 -0.141891 0.358583 0.203183 0.367959 -0.111385 0.006325 0.497249 -0.059442 0.181209 0.063528 0.039205 0.357426 0.170218 0.206352 0.007640 -0.187773 0.113274 -0.186216 0.045857 0.071885 -0.000250 0.201257 -0.140923 0.233780 0.102378 0.319918 -0.045165 -0.022322 0.082953 0.152975 -0.119780
-0.392147 -0.352263 0.478618 0.539327 0.226128 0.468027 0.026364 0.152573 -0.017933 0.043895 0.018474 -0.261690 -0.226061 -0.411712 0.221125 -0.078332 -0.496445 -0.541780 0.322036 0.358255 0.527058 0.268163 0.636433 1.000000 0.437540 0.573743 0.538049 0.464987 -0.353278 -0.282657 0.638728 0.685901 -0.330483 0.046386 0.118735 0.219831 -0.118145 -0.025473 0.360873 0.018077 -0.006166 0.151287 0.096666 0.183895 0.130314 0.237287 0.159132 0.076216 -0.112619 0.051787 0.170016 -0.134358 -0.170196 -0.056402 -0.227149 -0.092867 -0.351583 -0.376825 -0.172865 -0.135535 -0.450746 -0.497579 -0.456691 -0.570189 0.349697 -0.073009 -0.018485 0.495199 -0.130246 -0.183229 0.025245 0.260726 -0.487843 -0.132377 -0.187304 -0.215403 -0.355664 -0.037990 -0.608877 -0.446309 -0.525261 -0.558522 0.441155 0.257982 0.364723 0.117788 0.421058 0.342755 0.291893 -0.111627 0.139902 0.308826 0.027196 -0.080645 0.120122 0.161961 0.205566 0.142038 0.080169 -0.193990 -0.244690 -0.068046 -0.259860 -0.093721 0.007283 -0.055896 0.225529 -0.217508 0.202855 0.189046 0.178884 -0.192727 0.003372 0.197594 0.179943 -0.134006
-0.258230 -0.071964 0.406806 0.184929 0.105976 0.561627 -0.094943 -0.011645 0.006542 0.139519 -0.193047 -0.010126 -0.257922 -0.391063 0.224091 -0.147205 -0.388789 -0.474373 -0.289005 -0.296433 0.329696 0.182488 0.522615 0.437540 1.000000 0.691543 0.570749 0.549484 -0.512473 -0.302866 0.126899 0.108921 -0.270730 -0.055103 0.147362 0.379372 -0.337569 0.015510 0.195465 0.012949 -0.331996 -0.018728 0.390448 0.411138 0.443958 0.487679 0.298461 0.313165 0.316479 0.220723 0.417117 0.020685 -0.112436 0.029708 -0.057917 0.005439 -0.078165 -0.167042 -0.179882 -0.087736 -0.561797 -0.356281 -0.526183 -0.442869 -0.034195 0.121334 0.136884 0.505218 -0.015923 0.003936 0.166471 0.051317 -0.550896 -0.038970 -0.292801 -0.189955 -0.275202 0.104723 -0.310048 -0.237339 -0.428798 -0.381412 0.089794 -0.115963 0.260456 0.111088 0.179920 0.085406 0.225272 -0.248227 0.065973 0.127239 0.074203 0.153053 -0.178674 0.026929 0.376931 0.077328 0.233690 0.018314 -0.067836 -0.376457 -0.120478 -0.142056 0.069539 -0.010881 0.005446 -0.126872 0.116016 0.007916 0.509023 -0.008216 0.097815 0.222621 0.129471 -0.170552
-0.509116 -0.206733 0.450456 0.170943 0.019566 0.695694 -0.200481 -0.028834 -0.054510 0.078069 -0.152907 -0.207793 -0.434215 -0.458146 0.069296 -0.234677 -0.525426 -0.640552 -0.094839 -0.225195 0.520752 0.377809 0.649058 0.573743 0.691543 1.000000 0.730925 0.859236 -0.613745 -0.348332 0.310605 0.408952 -0.436770 0.066426 0.207810 0.521683 -0.216351 0.189156 0.335894 0.175067 -0.192886 0.101898 0.466594 0.490900 0.416808 0.508835 0.298608 0.298473 0.311359 0.295150 0.434378 0.175347 -0.037993 -0.014023 0.019628 0.048932 -0.214423 -0.287187 -0.345727 -0.084650 -0.583020 -0.331550 -0.556211 -0.636790 -0.176783 0.171775 0.172463 0.573686 -0.146746 0.002056 0.211672 0.270052 -0.612285 -0.037322 -0.231109 -0.034828 -0.320806 0.222755 -0.329906 -0.369143 -0.545790 -0.523387 0.042088 -0.338127 0.146595 -0.021186 0.112975 0.193647 0.301040 -0.289088 0.132199 0.234790 0.001776 0.102429 -0.057052 0.028036 0.391593 0.089374 0.184276 -0.102675 -0.071195 -0.298553 -0.280888 -0.103944 0.206240 0.173218 0.113792 -0.066692 0.304769 0.169908 0.410042 -0.055613 0.116507 0.091741 0.231991 -0.005039
-0.272979 -0.303836 0.478223 0.097751 0.375514 0.798200 -0.187520 -0.180748 0.039425 0.001648 0.043019 -0.258870 -0.247145 -0.447976 0.241991 -0.157765 -0.538018 -0.546684 0.064726 -0.113931 0.534871 0.138165 0.703476 0.538049 0.570749 0.730925 1.000000 0.811346 -0.470815 -0.582811 0.337706 0.382452 -0.393458 -0.005472 0.244191 0.269059 -0.298131 0.006227 0.162106 0.278531 -0.090566 0.002840 0.360655 0.275915 0.511995 0.477267 0.317789 0.268408 0.356309 0.322088 0.252152 0.139674 0.017274 0.099301 -0.059488 0.189294 -0.304838 -0.268646 -0.051581 -0.095448 -0.432004 -0.433172 -0.618993 -0.582988 -0.062420 -0.119769 0.101977 0.343047 -0.179446 -0.053223 0.233420 0.226338 -0.579597 0.063607 -0.274317 -0.095300 -0.311551 0.180009 -0.279238 -0.322147 -0.523061 -0.367041 0.197389 -0.099038 0.323780 -0.160894 0.194800 0.024261 0.190370 -0.164475 -0.064035 0.474480 -0.126740 0.038266 -0.216181 -0.115622 0.454679 0.046978 0.348900 0.001361 -0.268076 -0.073852 -0.168321 -0.256572 -0.031404 -0.099429 0.281621 -0.065266 0.323234 0.030124 0.368501 -0.021094 0.188682 0.026145 0.126641 -0.182102
-0.277634 -0.065968 0.401928 0.159186 0.083229 0.743781 -0.293171 -0.132873 -0.018023 0.034846 -0.062282 -0.226836 -0.356040 -0.462622 0.177733 -0.116438 -0.589811 -0.614564 -0.044468 -0.245286 0.497702 0.289050 0.637638 0.464987 0.549484 0.859236 0.811346 1.000000 -0.612193 -0.485983 0.193438 0.322750 -0.387331 0.027218 0.232493 0.292875 -0.371759 -0.023433 0.069017 0.188393 -0.268051 -0.021354 0.379647 0.360919 0.400743 0.410534 0.257814 0.226943 0.329583 0.222738 0.443887 0.206897 0.072232 0.110320 -0.030305 0.144855 -0.146367 -0.186483 -0.083849 0.026544 -0.372185 -0.160073 -0.562977 -0.584592 -0.171869 0.121164 0.168713 0.396551 -0.021962 0.133675 0.122069 0.161871 -0.642667 0.017073 -0.200984 -0.040963 -0.320271 0.073007 -0.250885 -0.258574 -0.530893 -0.458495 0.030622 -0.305419 0.239668 -0.011965 0.164777 0.214604 0.345599 -0.189891 -0.084341 0.188028 -0.143446 -0.052680 -0.243226 -0.197288 0.270921 -0.072868 0.164487 -0.154583 -0.232865 -0.216189 -0.237707 -0.202312 0.141321 -0.063755 0.093650 -0.026809 0.221478 0.036920 0.261015 -0.159440 0.112964 -0.042138 0.194587 -0.086339
0.509013 0.041700 -0.126090 -0.354951 0.173236 -0.553358 0.366380 0.045286 0.304437 0.046624 0.281426 0.230156 0.513936 0.569374 0.084706 0.266284 0.401167 0.518487 0.118479 0.219238 -0.303990 -0.136066 -0.332404 -0.353278 -0.512473 -0.613745 -0.470815 -0.612193 1.000000 0.470737 -0.112994 -0.170590 0.269180 -0.193892 -0.229557 -0.293594 0.426613 0.017108 0.039194 -0.192022 0.330135 0.216349 -0.486697 -0.554715 -0.482685 -0.636204 -0.398584 -0.426808 -0.049081 -0.524140 -0.460979 -0.287652 0.203243 -0.242228 0.336027 -0.295649 -0.091447 0.021380 0.215995 -0.183866 0.412996 0.288887 0.521095 0.453214 0.142435 -0.060535 -0.261274 -0.488608 -0.185145 -0.287402 0.142394 -0.037708 0.807984 0.247405 0.303359 0.190849 0.381305 -0.030793 0.100331 0.272013 0.433733 0.395040 -0.018891 0.282328 -0.138859 -0.271421 -0.059077 -0.053487 -0.251032 0.203935 0.054934 -0.004888 -0.003779 0.139399 0.277864 0.173969 -0.189363 0.015941 -0.160671 -0.089188 0.223173 0.300839 0.176630 0.218274 -0.222067 0.225751 0.006220 -0.002875 -0.066857 -0.013476 -0.326328 -0.108538 -0.223525 -0.162367 0.022176 0.182536
0.098397 0.203075 -0.195310 -0.188404 -0.117498 -0.482516 0.288199 0.337013 0.273895 0.388540 -0.311143 0.376523 0.084691 0.514199 -0.109682 0.330530 0.320964 0.386202 -0.298998 0.060542 -0.174111 0.395665 -0.557707 -0.282657 -0.302866 -0.348332 -0.582811 -0.485983 0.470737 1.000000 0.036440 -0.100733 0.279396 0.375707 -0.147842 0.069501 0.467249 0.205725 0.091466 -0.144089 0.193237 0.142393 -0.215165 -0.304712 -0.530900 -0.507376 -0.325101 -0.398322 -0.254576 -0.319581 -0.296767 -0.279834 -0.025261 -0.256198 0.121571 -0.504550 0.039936 0.054827 -0.212920 -0.279537 0.103298 0.235122 0.304807 0.352253 0.074840 0.247059 -0.292954 -0.210964 -0.005423 -0.192622 0.265103 0.099845 0.685326 0.260851 0.337893 0.510542 0.446516 0.242266 0.311690 0.284243 0.426503 0.330812 -0.367011 0.081893 -0.336356 0.004854 -0.381750 -0.034503 -0.275058 -0.299385 0.157865 -0.359850 0.142007 0.038131 0.232686 0.331110 -0.398515 -0.081511 -0.440749 -0.233228 0.234023 -0.139175 -0.103017 0.143125 -0.061930 0.365188 -0.306226 0.024569 -0.058052 0.324555 -0.355195 -0.112329 0.047254 0.065127 0.256113 0.394118
-0.352627 -0.465444 0.289003 0.183229 0.160548 0.335059 0.014013 0.076812 -0.035751 0.038613 -0.093033 -0.246658 -0.236464 -0.277231 -0.083035 -0.078378 -0.314795 -0.390617 0.291928 0.343645 0.528549 0.301522 0.253573 0.638728 0.126899 0.310605 0.337706 0.193438 -0.112994 0.036440 1.000000 0.836905 0.029180 0.390587 0.215586 0.220324 0.018206 0.040326 0.230780 0.103161 0.330180 0.109335 0.134833 0.042223 0.189368 0.251375 0.236705 0.028547 -0.100463 0.147320 -0.106832 -0.218942 -0.125919 -0.033534 -0.209939 -0.194823 -0.385468 -0.340807 -0.100742 -0.222334 -0.252956 -0.496323 -0.388801 -0.440387 0.267735 -0.118093 0.046945 0.360003 -0.115159 -0.207101 0.163267 0.315692 -0.071769 -0.057889 -0.065481 -0.006013 -0.023664 0.215684 -0.327088 -0.330510 -0.350772 -0.281078 0.277230 0.267351 0.119922 0.033197 0.167084 0.168688 -0.035149 -0.364103 -0.015996 0.202708 -0.143327 -0.169754 0.085629 0.270661 0.108236 0.137138 0.014874 -0.083665 -0.249051 -0.009563 -0.298900 -0.119677 -0.222267 0.112470 0.196017 0.053999 0.225275 0.272915 -0.012558 -0.086936 0.120438 0.115936 0.226644 0.073259
-0.455687 -0.595786 0.271001 0.367898 0.131770 0.326712 0.045293 0.207458 -0.023433 0.027992 -0.154102 -0.306627 -0.180675 -0.272087 -0.098398 -0.020339 -0.431628 -0.506302 0.283257 0.267165 0.533826 0.321452 0.272637 0.685901 0.108921 0.408952 0.382452 0.322750 -0.170590 -0.100733 0.836905 1.000000 -0.034833 0.339060 0.345407 0.324399 0.012736 0.043131 0.213321 0.096893 0.281237 0.121244 0.126132 0.110582 0.165383 0.224881 0.172516 0.041329 -0.027720 0.154547 -0.030980 -0.185048 -0.083331 -0.153402 -0.141907 -0.110270 -0.430998 -0.439410 -0.089461 -0.150964 -0.141987 -0.422854 -0.421404 -0.525015 0.184463 0.030035 0.097219 0.428449 -0.254309 -0.256100 0.197066 0.546016 -0.185421 -0.051895 -0.070083 0.064791 -0.101567 0.266600 -0.356491 -0.473126 -0.443416 -0.391129 0.194449 0.300775 -0.036484 0.052527 0.167109 0.125828 0.042601 -0.236805 0.027796 0.243015 -0.069743 -0.204191 0.006278 0.127782 0.156471 0.041941 -0.013453 -0.095430 -0.254640 -0.043118 -0.258387 -0.215379 -0.105974 0.048797 0.236622 -0.010472 0.272986 0.113070 0.040033 -0.181286 0.062876 0.033096 0.225214 -0.022889
0.043996 0.221255 -0.591983 -0.228230 -0.375709 -0.252286 -0.354561 -0.293442 -0.419425 -0.322752 0.042210 -0.134857 -0.041630 -0.098276 -0.333741 -0.225804 0.537758 0.365300 -0.003448 0.050069 -0.413166 -0.156993 -0.423832 -0.330483 -0.270730 -0.436770 -0.393458 -0.387331 0.269180 0.279396 0.029180 -0.034833 1.000000 0.300731 0.012853 -0.244661 0.165819 0.023357 -0.141297 -0.203542 0.262332 -0.035764 -0.129800 -0.089647 0.057235 0.011469 0.060093 -0.087686 -0.246659 0.167233 -0.003382 -0.051086 -0.086772 -0.064568 -0.037540 0.149697 0.502037 0.506519 0.068380 0.186150 0.282048 0.066746 0.304928 0.414084 -0.148836 -0.252906 0.314498 -0.003336 0.431055 0.369550 -0.103352 -0.186796 0.386352 -0.073430 0.198149 -0.021258 0.140004 -0.153398 0.238959 0.510169 0.477431 0.522225 0.067418 0.056522 -0.241858 0.181264 -0.099822 -0.279659 -0.529771 0.054189 -0.338730 -0.559906 -0.356515 -0.444282 0.065406 -0.000323 -0.073628 0.025315 -0.077405 0.020853 -0.193486 -0.130810 -0.253925 -0.186924 -0.282938 -0.275930 -0.205716 0.033743 -0.280689 -0.341314 -0.240816 0.049480 -0.103874 -0.135677 -0.311361 0.097885
-0.185337 0.083258 -0.110229 -0.111881 -0.034508 0.076485 -0.154910 0.150403 0.110041 0.273424 -0.457299 0.008290 -0.291969 -0.021669 -0.122219 0.226198 -0.041161 0.011757 -0.089589 0.157625 0.068517 0.341046 -0.167709 0.046386 -0.055103 0.066426 -0.005472 0.027218 -0.193892 0.375707 0.390587 0.339060 0.300731 1.000000 0.373237 0.279443 -0.049790 -0.041607 0.024658 0.057393 -0.031108 -0.290700 0.084417 0.012862 -0.021391 0.054084 0.030947 -0.076183 -0.183047 0.268666 -0.196737 -0.140600 -0.232720 -0.126172 -0.253470 -0.168575 0.158743 0.149053 -0.198647 -0.234233 -0.147283 -0.132234 -0.311647 -0.144543 -0.049926 0.163545 -0.078807 0.145509 0.304323 0.253705 0.091741 0.135104 0.010644 -0.119953 -0.197736 0.301596 0.055275 0.270627 0.227560 -0.052513 0.036934 0.104359 -0.171184 0.108893 -0.238242 -0.012175 -0.339778 -0.193330 -0.111329 -0.522824 -0.270372 -0.216438 -0.228432 -0.331001 0.002107 0.091589 -0.133378 -0.078132 -0.281882 -0.128474 -0.376689 -0.255228 -0.412874 -0.290558 -0.177910 -0.026094 -0.331441 0.108815 0.052088 0.207018 -0.237591 0.006869 0.214617 -0.115519 0.117699 0.206778
-0.226180 -0.351440 0.136443 -0.014188 -0.015199 0.213704 -0.119905 0.014565 -0.027454 0.059678 -0.140150 -0.114431 -0.121141 -0.071757 0.069432 0.073958 -0.182144 -0.136730 -0.019111 -0.123908 0.014422 0.104082 0.197908 0.118735 0.147362 0.207810 0.244191 0.232493 -0.229557 -0.147842 0.215586 0.345407 0.012853 0.373237 1.000000 0.434045 -0.142836 -0.075498 0.073547 0.162029 0.029794 -0.153231 0.233920 0.161304 0.239891 0.263413 0.172801 0.017755 0.133193 0.298362 0.059325 0.045483 0.071902 -0.164171 -0.036259 -0.028737 -0.048487 -0.085332 0.038203 -0.308806 -0.070968 -0.251329 -0.182754 -0.155554 -0.217760 0.143655 -0.151408 0.233435 -0.046268 -0.000896 -0.047470 0.301224 -0.225920 -0.149190 -0.161112 0.079562 0.072384 0.318152 -0.142115 -0.109067 -0.125163 -0.110617 -0.031367 0.037064 -0.134724 -0.064706 -0.091093 -0.204929 0.103729 -0.189975 -0.219462 0.165611 0.030475 -0.030298 -0.010875 0.010305 0.281705 0.114671 -0.011982 0.111067 -0.095273 -0.103294 -0.163600 -0.234133 -0.082847 0.026853 -0.017718 -0.180227 0.065732 0.058368 0.216594 -0.062256 -0.052188 -0.098742 0.097369 0.001780
-0.420999 -0.347439 0.260800 0.087220 0.125109 0.264965 0.144756 0.272002 0.218106 0.398476 -0.513371 -0.020475 -0.155267 -0.012918 -0.043067 0.131918 -0.308247 -0.409328 -0.379837 -0.227134 0.323663 0.525544 0.122071 0.219831 0.379372 0.521683 0.269059 0.292875 -0.293594 0.069501 0.220324 0.324399 -0.244661 0.279443 0.434045 1.000000 0.189524 0.343085 0.427727 0.126726 -0.090633 0.177615 0.189360 0.216084 0.144258 0.264774 -0.069872 0.046583 0.274444 0.222602 -0.005713 -0.108694 -0.010300 -0.347278 0.165943 -0.197872 -0.292431 -0.402394 -0.396557 -0.235855 -0.261672 -0.199476 -0.311500 -0.382295 -0.081525 0.488590 -0.008072 0.603440 -0.323212 -0.187430 0.385860 0.518461 -0.158781 0.084329 -0.086044 0.339887 0.007161 0.557191 -0.165944 -0.247827 -0.347312 -0.428926 -0.291562 -0.197629 -0.233996 -0.108235 -0.254786 -0.020041 0.123852 -0.341613 0.416656 0.209283 0.385030 0.369304 0.115438 0.397596 0.234831 0.209100 -0.098883 -0.012822 0.231925 -0.265146 -0.169434 -0.064237 0.145045 0.380812 0.016387 -0.150687 0.235766 0.380141 0.369139 -0.012416 0.068348 0.162892 0.250031 0.078726
