1.000000 0.490717 -0.088396 -0.329008 0.096786 -0.278040 0.263388 -0.241113 -0.013852 0.135762 0.540536 0.104212 0.645608 0.441369 0.129016 0.131448 0.556936 0.352318 0.024752 -0.130418 -0.066668 -0.063055 -0.245947 -0.313312 -0.146278 -0.349073 -0.354483 -0.451583 0.650753 0.332266 -0.278230 -0.362216 0.426557 0.102663 -0.350989 -0.509492 -0.131927 -0.344002 -0.137942 -0.453431 -0.089402 -0.202383 -0.184070 -0.090640 -0.170429 -0.030755 -0.030634 -0.555598 0.061698 -0.138334 0.056753 -0.007449 0.070485 0.078610 0.270152 -0.258999 0.484312 0.037903 0.588783 0.296016 0.663832 0.471683 0.623691 0.558850 0.064162 0.013934 -0.215481 -0.458236 0.082506 -0.171480 -0.014451 -0.377256 0.608958 -0.019784 0.081191 0.057865 -0.053817 -0.389574 0.146591 0.171068 0.339665 0.218535 -0.018059 0.220655 0.106381 -0.158745 0.020595 0.079785 -0.151717 0.036969 -0.415846 -0.099398 -0.543945 -0.049262 -0.365684 -0.306870 -0.391543 -0.406006 -0.222908 -0.114643 -0.135530 0.265829 -0.007946 0.117673 -0.031803 -0.165410 -0.167321 -0.165386 -0.311925 -0.130988 -0.658859 -0.320275 -0.168173 -0.248606 -0.147359 -0.223699
0.490717 1.000000 -0.366978 -0.186011 -0.162690 -0.423432 -0.041818 -0.002485 -0.214840 0.178943 0.596675 0.392005 0.479223 0.459171 -0.241405 0.036825 0.327919 0.456351 0.023951 0.172306 -0.154127 -0.038675 -0.452210 -0.389238 -0.426966 -0.476776 -0.383998 -0.406624 0.489521 0.440406 -0.402559 -0.392210 0.144403 -0.094218 -0.592687 -0.423358 -0.060264 -0.260816 -0.054809 -0.374992 -0.272205 -0.135208 -0.000489 0.069139 -0.104028 -0.087684 0.093501 -0.081432 0.241828 0.009283 0.190995 0.246084 0.100682 0.199919 0.076552 -0.046796 0.113778 0.261569 0.306642 0.196118 0.316052 0.542247 0.362970 0.431264 -0.118665 -0.000106 -0.324582 -0.539763 -0.122182 -0.226347 -0.096966 -0.367603 0.377877 0.000461 -0.057351 0.071223 -0.185088 -0.087245 0.272166 0.175971 0.385073 0.172911 -0.086652 0.293926 0.138160 -0.035359 -0.106890 -0.130715 -0.329069 -0.017984 -0.072546 -0.085029 -0.246739 -0.137853 -0.373112 -0.177208 -0.259037 -0.314965 0.067628 -0.208973 0.186892 0.081498 0.032826 -0.071555 0.019245 -0.259201 -0.239591 -0.339984 -0.239725 -0.132130 -0.529382 0.040908 0.131096 0.094907 -0.193911 -0.135532
-0.088396 -0.366978 1.000000 0.270105 0.282707 0.072671 0.610188 0.219856 0.333834 -0.121320 -0.252100 -0.018566 0.039164 -0.089159 0.319417 -0.097710 -0.379654 -0.346052 0.502229 0.247749 0.296456 -0.064527 0.288119 0.294188 0.263581 0.179920 0.246533 0.081877 -0.167434 -0.141995 0.433655 0.354968 -0.204015 0.051265 0.614628 0.474036 0.390194 0.366870 0.034248 0.191759 0.162811 0.145575 -0.577627 -0.446470 -0.344395 -0.377730 -0.583900 -0.096636 -0.364253 -0.254209 -0.391444 -0.342700 -0.278105 -0.413392 -0.053153 -0.099161 -0.400141 -0.534855 -0.253640 -0.337710 -0.173777 -0.390295 -0.426567 -0.453695 0.041820 -0.135790 0.171504 0.474775 -0.012454 0.100096 0.375104 0.443337 -0.040677 0.304745 0.294777 0.152422 0.485504 0.332247 -0.504000 -0.515065 -0.542291 -0.448739 0.281693 -0.003789 -0.349459 -0.347889 0.163191 0.085263 0.110929 0.000341 0.179470 0.449983 0.362210 0.603859 0.263292 0.184550 -0.028001 0.152298 -0.365495 0.127021 0.335682 0.198491 0.361820 0.180848 0.182222 0.200062 0.202959 0.270127 0.133155 0.383877 0.251101 0.075775 -0.025993 -0.000139 0.090263 0.164864
-0.329008 -0.186011 0.270105 1.000000 0.140038 0.302418 0.010360 0.555634 0.063853 0.319334 -0.287291 0.296953 -0.257892 0.134753 0.210826 0.423253 -0.252921 -0.228902 0.312558 0.133464 0.372743 0.208127 0.536813 0.682186 0.250853 0.228516 0.302200 0.305128 -0.205704 -0.124239 0.505930 0.522713 -0.244959 0.091832 0.173578 0.086291 0.062798 0.213278 0.034802 0.225597 0.341475 0.406365 -0.113019 -0.095184 -0.361398 -0.152691 -0.107603 0.040315 -0.297374 -0.224066 0.046368 -0.202277 -0.007136 -0.089984 -0.159981 -0.048551 -0.354877 -0.342148 -0.497564 -0.511840 -0.280567 -0.175155 -0.235196 -0.295241 0.286469 0.357798 -0.334153 0.084472 -0.328345 -0.377570 0.161087 0.321904 -0.140203 0.226180 0.171396 0.356781 0.199630 0.219361 -0.156547 -0.251927 -0.327171 -0.444765 -0.124255 0.035009 -0.047200 -0.043909 0.267230 0.005160 0.211927 -0.064485 0.030933 0.044683 0.497195 0.123277 0.023916 0.131081 0.016740 -0.131903 -0.035109 -0.105044 0.293204 -0.127247 -0.163422 -0.260630 -0.159604 0.046008 -0.189962 -0.000981 0.295696 0.244616 0.152606 0.185638 0.197149 0.228655 0.257574 0.088437
0.096786 -0.162690 0.282707 0.140038 1.000000 0.251738 0.467775 0.228511 0.795515 0.551490 -0.037377 0.223119 0.272670 0.425437 0.707105 0.476322 -0.203188 -0.322797 0.048290 -0.217628 0.111970 0.062372 0.125643 0.063923 0.420755 0.012169 0.276877 -0.111238 -0.163077 -0.008638 0.144521 0.063182 -0.075509 0.111511 0.093346 -0.049698 0.046260 -0.098946 -0.015076 -0.192961 0.023178 0.096192 -0.287644 -0.272418 -0.191796 -0.164630 -0.195825 -0.305170 -0.096621 0.050006 0.050413 0.075497 0.073602 0.090040 -0.014960 -0.337287 -0.285100 -0.410842 0.243945 0.013444 0.212652 0.215165 -0.120139 -0.160136 0.168910 0.346655 0.262044 0.166190 -0.171909 -0.142318 0.089045 -0.069641 -0.035944 0.113928 0.085333 0.044190 0.046343 -0.103166 -0.327431 -0.184853 -0.271532 -0.341717 -0.010146 -0.232581 -0.027445 -0.147416 0.200105 0.036986 0.455773 -0.105620 -0.119048 0.097332 0.098309 0.150902 -0.086751 -0.166866 -0.364826 -0.356861 -0.382803 -0.326011 0.198870 0.097202 -0.004094 -0.132624 -0.035623 -0.174744 -0.133454 -0.092766 -0.196085 -0.003140 -0.169358 -0.129845 -0.125195 -0.057647 0.049804 -0.006629
-0.278040 -0.423432 0.072671 0.302418 0.251738 1.000000 -0.112586 0.120826 0.081588 0.203831 -0.315183 -0.301332 -0.287417 -0.112410 0.426250 0.311097 -0.362606 -0.538613 -0.245599 -0.522011 0.202979 0.248445 0.604154 0.478021 0.717473 0.746873 0.605970 0.593864 -0.511908 -0.526383 0.258809 0.252276 -0.375003 -0.199265 0.309066 0.143426 -0.169121 -0.002131 -0.162190 0.024563 0.011523 0.002467 0.221643 0.104452 0.060104 0.233168 0.063120 0.146350 0.117151 0.056654 0.283816 0.123747 0.259030 0.192644 0.046952 -0.169560 -0.185375 -0.118821 0.030286 0.006883 -0.112949 -0.138412 -0.233111 -0.292039 0.355409 0.463319 0.212023 0.415543 -0.001136 0.046258 0.068247 0.103931 -0.441714 -0.164766 -0.094542 -0.099839 -0.223452 -0.296205 -0.356335 -0.144854 -0.255145 -0.337460 0.086300 -0.460617 0.136097 0.150827 0.272816 0.411305 0.446402 -0.001882 -0.148528 -0.300364 0.038100 -0.165432 0.094412 -0.193730 0.021380 -0.073032 -0.251031 -0.278112 -0.123022 -0.343038 -0.269964 -0.331519 -0.229302 -0.195098 0.011593 -0.083863 -0.011256 -0.079007 0.251004 -0.213066 -0.160883 -0.128634 -0.083722 -0.091642
0.263388 -0.041818 0.610188 0.010360 0.467775 -0.112586 1.000000 0.279602 0.492388 0.199427 0.000425 0.235449 0.438014 0.323996 0.433105 0.144244 -0.051044 -0.062086 0.372262 0.204037 0.156777 -0.100196 -0.095089 -0.119257 0.231065 -0.118272 -0.068948 -0.364810 0.169768 0.096498 0.128615 0.039368 0.028798 0.246767 0.167010 0.112650 0.244031 0.028118 -0.052923 0.029649 -0.114090 -0.107715 -0.604369 -0.474550 -0.266736 -0.272635 -0.589279 -0.370379 -0.292133 -0.156617 -0.277834 -0.301696 -0.325241 -0.332135 -0.021802 -0.261593 -0.247362 -0.432336 0.137740 -0.157898 0.316272 0.102500 -0.033593 -0.058640 0.119906 0.082062 0.103381 0.144146 -0.175443 -0.157523 0.300852 0.117358 0.290097 0.250249 0.180941 0.123297 0.354492 0.131761 -0.408573 -0.225031 -0.351272 -0.378623 0.123713 0.131500 -0.251377 -0.359486 -0.060039 -0.092422 0.063231 -0.131351 0.120914 0.367135 0.179574 0.460822 0.113309 -0.117538 -0.433123 -0.064177 -0.329529 0.020164 0.197508 0.354325 0.334151 0.200372 0.125600 0.042462 0.164137 0.072212 -0.077344 0.025714 -0.184357 0.099573 -0.161231 -0.115270 0.135019 0.092633
-0.241113 -0.002485 0.219856 0.555634 0.228511 0.120826 0.279602 1.000000 0.263247 0.453549 -0.241564 0.308226 -0.064702 0.455574 0.080824 0.286540 -0.348406 -0.041498 0.240295 0.262275 0.099233 -0.141532 -0.058287 0.108723 0.135538 -0.065377 -0.023152 -0.125051 -0.112877 0.231029 0.156446 0.159101 -0.283444 0.189370 -0.034945 0.242895 0.187212 0.196320 0.026782 0.185617 0.034243 0.284881 -0.309968 -0.259998 -0.415184 -0.374769 -0.318639 0.065319 -0.321567 -0.167246 -0.125001 -0.029187 -0.042436 0.011434 -0.235425 0.035290 -0.530573 -0.483207 -0.206670 -0.314460 -0.029550 0.256264 -0.376979 -0.222513 -0.075007 0.376669 -0.286065 -0.064040 -0.435723 -0.443304 0.261722 0.245064 0.112190 0.499392 0.327948 0.278354 0.347718 0.450624 -0.292003 -0.315673 -0.493479 -0.511556 -0.267069 -0.054159 -0.404454 -0.376721 -0.134693 -0.415501 0.020293 0.011173 0.332414 0.364779 0.595597 0.288042 0.154341 0.175464 -0.003267 0.161153 0.106924 0.058289 0.351303 0.084758 -0.015680 -0.086696 0.167679 0.115030 0.176821 0.009878 0.094242 0.195701 0.122120 0.316943 0.187316 0.251324 0.279073 0.286976
-0.013852 -0.214840 0.333834 0.063853 0.795515 0.081588 0.492388 0.263247 1.000000 0.497513 -0.264263 0.127291 0.104299 0.223440 0.550282 0.139298 -0.232423 -0.258766 0.085846 0.050483 0.046330 -0.140292 -0.119685 -0.056727 0.240798 -0.130230 0.108101 -0.270934 -0.209052 0.089246 0.051944 0.001978 -0.143910 0.065840 0.219436 0.147006 0.276431 0.144045 0.069435 0.075483 0.110194 0.238458 -0.277961 -0.258529 -0.107465 -0.249918 -0.288457 -0.182306 -0.178590 0.012222 -0.171903 -0.056956 -0.009485 -0.116867 -0.097076 -0.062303 -0.260890 -0.399967 0.084950 0.005060 0.002883 0.090268 -0.222289 -0.201078 -0.071344 0.075716 0.325513 0.246026 -0.086967 -0.056260 0.206647 0.045824 0.000257 0.319004 0.255838 0.163135 0.279679 0.168630 -0.289476 -0.256094 -0.403746 -0.291804 -0.012406 -0.185058 -0.266978 -0.279383 0.165408 -0.141096 0.116960 0.059551 0.065805 0.251944 0.252775 0.171415 0.098683 0.017118 -0.170769 -0.111075 -0.250835 0.016013 0.232547 0.180653 0.106616 0.156497 0.192789 0.140123 0.114204 0.129032 -0.060732 0.099932 0.034252 0.140326 0.079603 -0.022390 0.218394 0.134002
0.135762 0.178943 -0.121320 0.319334 0.551490 0.203831 0.199427 0.453549 0.497513 1.000000 -0.047821 0.234170 0.247556 0.546674 0.368001 0.457051 -0.028799 -0.047634 0.082496 -0.005443 0.093723 -0.040790 -0.013878 0.024429 0.261489 -0.212321 0.103179 -0.285776 -0.014506 0.156111 -0.179037 -0.231176 -0.192389 -0.106889 -0.232693 -0.137520 0.063795 -0.037653 0.027705 0.001450 0.022288 0.238817 -0.100706 -0.189756 -0.166969 -0.174490 -0.072412 -0.072804 0.013684 0.105103 0.203978 0.291291 0.187064 0.330556 -0.081419 -0.125904 -0.251898 -0.339954 0.132146 -0.025483 0.088829 0.360250 0.018076 -0.033559 0.028823 0.332202 -0.110700 -0.184348 -0.330543 -0.439868 0.090541 -0.140285 0.034496 0.259728 0.191832 0.248424 0.063462 0.105126 -0.120823 -0.106402 -0.108761 -0.299942 -0.193060 -0.182443 -0.068158 -0.343219 0.029310 -0.148915 0.120436 -0.114194 0.105609 0.159656 0.268525 0.081836 -0.168107 -0.182460 -0.245207 -0.228364 0.009985 -0.132399 0.291428 0.298276 -0.048089 -0.086209 0.086617 0.005220 -0.051484 -0.105472 -0.157028 0.001773 -0.154733 0.199254 0.227345 0.084007 0.163372 0.010410
0.540536 0.596675 -0.252100 -0.287291 -0.037377 -0.315183 0.000425 -0.241564 -0.264263 -0.047821 1.000000 0.338757 0.673046 0.406115 -0.049859 0.114269 0.354019 0.281591 -0.069412 -0.087789 -0.167929 0.061626 -0.175110 -0.326506 -0.180495 -0.332366 -0.320525 -0.367313 0.543250 0.230834 -0.291500 -0.298852 0.317671 0.048342 -0.511048 -0.418654 -0.316761 -0.506663 -0.309971 -0.605445 -0.306260 -0.284901 -0.042964 -0.149381 0.104939 0.148076 0.157056 -0.277697 0.382033 0.049089 0.457224 0.161786 0.149211 0.212676 0.117625 -0.452689 0.105606 0.252861 0.415132 0.189089 0.507961 0.370313 0.416984 0.424877 0.154863 0.074739 -0.217827 -0.440343 0.012512 -0.133596 -0.042583 -0.236681 0.332074 -0.171464 -0.219092 -0.016973 -0.322244 -0.401173 0.161784 0.148409 0.403994 0.316303 0.104287 0.362177 0.429792 0.209511 -0.071876 -0.004999 -0.027318 -0.210627 -0.324772 -0.261572 -0.436134 -0.253057 -0.301278 -0.326225 -0.362854 -0.362896 -0.113553 -0.479617 -0.097461 -0.071294 -0.267417 -0.248500 -0.181588 -0.438467 -0.304968 -0.370847 -0.359522 -0.211848 -0.624084 -0.351840 -0.196368 -0.256189 -0.405510 -0.256353
0.104212 0.392005 -0.018566 0.296953 0.223119 -0.301332 0.235449 0.308226 0.127291 0.234170 0.338757 1.000000 0.291381 0.617107 0.155747 0.361568 -0.173121 -0.087131 0.196583 0.217865 0.194515 0.100392 -0.067352 0.113225 -0.186808 -0.291205 -0.151581 -0.246725 0.331019 0.352948 0.173393 0.233069 -0.038627 0.212954 -0.492887 -0.258091 0.053229 -0.105765 0.008646 -0.271268 0.096560 0.198660 -0.082019 -0.011212 -0.008026 0.009042 -0.020132 -0.136966 0.133443 0.122244 0.060501 0.085548 0.090324 -0.033637 -0.067259 -0.291591 -0.390055 -0.312181 0.074834 -0.143084 0.123849 0.266098 -0.040022 -0.058409 0.090305 0.271348 -0.221148 -0.120784 -0.310349 -0.266931 0.109089 0.153773 0.218089 0.289571 0.007763 0.516387 0.133862 0.097797 -0.081388 -0.257533 -0.206242 -0.328727 0.082611 0.469258 0.062174 0.054362 0.151086 -0.168697 0.110803 -0.196529 -0.125032 -0.201454 0.114115 -0.087114 -0.115360 -0.006206 -0.305791 -0.288118 -0.202070 -0.354080 0.223093 -0.026526 -0.018453 -0.120121 -0.117819 -0.233514 -0.260491 -0.399717 0.088154 0.173518 -0.334914 0.000573 0.081847 0.301745 -0.030037 -0.044869
0.645608 0.479223 0.039164 -0.257892 0.272670 -0.287417 0.438014 -0.064702 0.104299 0.247556 0.673046 0.291381 1.000000 0.563553 0.205174 0.141045 0.356220 0.368246 0.041136 -0.112563 -0.023949 -0.133376 -0.163837 -0.383713 -0.077078 -0.445861 -0.285625 -0.558868 0.403336 0.289373 -0.273597 -0.495958 0.301552 0.134942 -0.263459 -0.326663 -0.091475 -0.398779 -0.157070 -0.408461 -0.241855 -0.259938 -0.357730 -0.357528 -0.107446 -0.065353 -0.152584 -0.549205 0.101229 0.012803 0.200091 0.123450 0.006092 0.075095 0.195631 -0.330690 0.078510 0.076064 0.459817 0.175229 0.704495 0.516096 0.410584 0.495171 0.264525 0.166190 -0.170683 -0.332209 -0.219934 -0.338838 -0.112712 -0.386038 0.351722 -0.072144 -0.109746 -0.008799 -0.115410 -0.265649 -0.058353 0.032293 0.155335 0.121240 0.003595 0.149844 0.125599 -0.166672 -0.081378 -0.061036 0.026287 -0.078536 -0.196059 -0.013012 -0.326384 0.068497 -0.252228 -0.329665 -0.560108 -0.332421 -0.269022 -0.254319 0.047523 0.202563 -0.090997 -0.038214 -0.041317 -0.218872 -0.229159 -0.193674 -0.305552 -0.247898 -0.629123 -0.198409 -0.142772 -0.183394 -0.194438 -0.224608
0.441369 0.459171 -0.089159 0.134753 0.425437 -0.112410 0.323996 0.455574 0.223440 0.546674 0.406115 0.617107 0.563553 1.000000 0.275465 0.577403 0.106931 0.094642 -0.030582 -0.045350 0.173953 -0.034321 -0.113134 -0.101895 0.034454 -0.309764 -0.113749 -0.413266 0.393657 0.398203 -0.052037 -0.203020 0.047369 0.123570 -0.468155 -0.290839 -0.082367 -0.324369 -0.218578 -0.404517 -0.093954 0.021858 -0.230185 -0.174504 -0.303546 -0.126122 -0.100036 -0.283660 0.048420 -0.036764 0.185080 0.192247 0.189660 0.221800 -0.036784 -0.441097 -0.117544 -0.237274 0.374006 0.024790 0.515433 0.629321 0.195492 0.223147 0.107450 0.440952 -0.298339 -0.369545 -0.294163 -0.439601 0.153460 -0.085941 0.340992 0.244352 0.063004 0.321445 0.003387 -0.083006 -0.053968 -0.101143 0.013323 -0.194391 -0.136022 0.163522 0.052459 -0.171522 -0.005750 -0.161171 0.139156 -0.187593 -0.175950 -0.025396 -0.013727 0.016466 -0.289240 -0.308173 -0.464792 -0.399973 -0.222907 -0.358278 0.112698 0.201226 -0.131836 -0.085497 -0.122768 -0.328451 -0.209249 -0.462254 -0.139742 -0.043645 -0.467917 -0.083246 -0.068671 0.060877 -0.059372 -0.142508
0.129016 -0.241405 0.319417 0.210826 0.707105 0.426250 0.433105 0.080824 0.550282 0.368001 -0.049859 0.155747 0.205174 0.275465 1.000000 0.462810 -0.268908 -0.495366 -0.070704 -0.405058 0.417066 0.375313 0.435935 0.364336 0.609390 0.325791 0.456648 0.026039 -0.184544 -0.259100 0.324766 0.233025 -0.168177 0.081211 0.232149 -0.029171 -0.003551 -0.021266 -0.093844 -0.247262 0.123657 0.055849 -0.220841 -0.224780 -0.052679 0.013250 -0.263130 -0.408919 -0.050355 0.043371 0.047961 -0.019441 0.063200 -0.091055 0.072886 -0.499970 -0.187972 -0.309719 0.132373 0.041833 0.116349 0.025207 -0.042616 -0.182174 0.375085 0.370111 0.221457 0.340110 -0.038998 -0.009326 0.158290 0.127689 -0.119305 0.064592 0.063009 0.174535 -0.017606 -0.284148 -0.539953 -0.297452 -0.296270 -0.429349 0.331234 -0.043729 0.153292 -0.026526 0.423367 0.406917 0.500189 -0.098249 -0.282676 -0.102331 -0.014160 0.133850 -0.111643 -0.288800 -0.307815 -0.426440 -0.604701 -0.438030 0.104796 0.075132 0.071705 -0.100985 -0.092937 -0.290992 -0.008479 -0.050634 -0.206089 -0.075105 -0.245289 -0.253013 -0.197111 -0.112534 -0.066098 -0.025472
0.131448 0.036825 -0.097710 0.423253 0.476322 0.311097 0.144244 0.286540 0.139298 0.457051 0.114269 0.361568 0.141045 0.577403 0.462810 1.000000 0.026771 -0.200279 -0.024211 -0.194791 0.284824 0.440676 0.339411 0.330159 0.353802 0.180825 0.261284 0.130072 0.051968 -0.061033 0.226906 0.159878 -0.096453 0.076927 -0.197991 -0.251971 -0.252755 -0.322827 -0.136707 -0.289387 0.120155 0.012028 -0.128443 -0.162463 -0.313628 0.009303 -0.074857 -0.259218 -0.123348 -0.200475 0.234417 -0.029978 0.210752 0.169254 -0.014382 -0.523413 -0.050883 -0.163544 0.121401 -0.052201 0.244687 0.260023 0.156813 0.013090 0.326075 0.588609 -0.145963 -0.014218 -0.220436 -0.250605 0.027791 0.027557 -0.004134 -0.009133 -0.104541 0.129469 -0.192961 -0.232125 -0.098248 0.076865 0.037977 -0.284812 -0.073110 0.111186 0.149427 0.043695 0.152752 0.196385 0.353983 -0.310158 -0.177609 -0.188517 0.034068 -0.146891 -0.176296 -0.323371 -0.348893 -0.425582 -0.312865 -0.462598 0.071510 -0.019496 -0.141350 -0.175134 -0.170273 -0.329303 -0.181132 -0.326139 -0.129759 -0.149372 -0.288681 -0.187553 -0.184003 -0.036410 -0.005862 -0.149428
0.556936 0.327919 -0.379654 -0.252921 -0.203188 -0.362606 -0.051044 -0.348406 -0.232423 -0.028799 0.354019 -0.173121 0.356220 0.106931 -0.268908 0.026771 1.000000 0.732696 -0.059347 0.034635 -0.146782 -0.085971 -0.198315 -0.365352 -0.228608 -0.326158 -0.336684 -0.313212 0.578316 0.353190 -0.271131 -0.435963 0.609877 0.219879 -0.180966 -0.406132 -0.244845 -0.367798 -0.073966 -0.157583 -0.026433 -0.297873 0.069100 0.110088 -0.095301 0.085885 0.205510 -0.342342 -0.151018 -0.282556 0.109124 -0.274433 -0.201138 -0.060037 -0.029767 -0.025874 0.751487 0.564301 0.071563 -0.070674 0.479660 0.262746 0.849649 0.742834 0.109847 -0.163378 -0.462363 -0.625813 0.014998 -0.323934 -0.190476 -0.408370 0.494237 -0.321696 -0.172507 -0.165474 -0.305355 -0.366869 0.647628 0.560055 0.765716 0.718807 -0.338639 0.155352 0.285160 0.102361 -0.267274 -0.120933 -0.326087 -0.226715 -0.344702 -0.109546 -0.439016 -0.175981 -0.219689 -0.283829 -0.237189 -0.230574 0.194347 0.070415 -0.338678 0.085993 -0.272483 -0.061839 -0.159201 -0.047422 -0.303292 -0.046279 -0.113085 -0.372247 -0.410659 -0.060353 -0.237892 -0.357456 -0.122218 -0.258157
0.352318 0.456351 -0.346052 -0.228902 -0.322797 -0.538613 -0.062086 -0.041498 -0.258766 -0.047634 0.281591 -0.087131 0.368246 0.094642 -0.495366 -0.200279 0.732696 1.000000 0.055720 0.223501 -0.337748 -0.311490 -0.441888 -0.582553 -0.495451 -0.594370 -0.568471 -0.445528 0.461926 0.606154 -0.429194 -0.549095 0.448665 0.268345 -0.213066 -0.223632 -0.141703 -0.205162 -0.008038 -0.002882 -0.122984 -0.226460 -0.093082 -0.053805 -0.178707 -0.231716 0.098828 -0.229743 -0.201369 -0.248511 -0.072180 -0.138491 -0.258169 -0.059118 -0.041262 0.225089 0.443958 0.472042 0.031929 0.020022 0.427224 0.457170 0.554433 0.714815 -0.105292 -0.188590 -0.461806 -0.682352 -0.210911 -0.452555 -0.224104 -0.446185 0.492788 -0.098181 -0.001048 -0.234828 -0.109994 -0.037345 0.525037 0.469580 0.522365 0.630962 -0.471122 0.172825 -0.040307 -0.175072 -0.444822 -0.475685 -0.490000 -0.045868 0.028763 0.088164 -0.244318 0.013508 -0.134135 0.021580 -0.134389 0.048899 0.443240 0.321206 -0.087175 0.119534 -0.102994 0.033747 0.067026 0.076516 -0.120638 0.066150 -0.020702 -0.282878 -0.347030 0.196869 0.028073 -0.048238 0.064950 -0.072302
0.024752 0.023951 0.502229 0.312558 0.048290 -0.245599 0.372262 0.240295 0.085846 0.082496 -0.069412 0.196583 0.041136 -0.030582 -0.070704 -0.024211 -0.059347 0.055720 1.000000 0.605541 -0.023534 -0.226841 -0.046631 -0.025606 -0.129055 -0.264433 -0.175778 -0.112089 0.186988 0.198347 0.159310 0.228655 0.011053 0.158085 0.115667 0.183942 0.290314 0.173250 0.083674 0.213761 0.075872 0.149292 -0.361464 -0.298167 -0.384472 -0.385989 -0.349976 -0.015003 -0.360388 -0.327353 -0.242415 -0.314740 -0.359369 -0.233845 -0.198817 0.080193 -0.372811 -0.367852 -0.272935 -0.333211 -0.090457 -0.142582 -0.186696 -0.158502 -0.123972 -0.205754 -0.190080 -0.065553 -0.313021 -0.272116 0.175706 0.230169 0.294935 0.334715 0.258717 0.240674 0.398467 0.416864 -0.077151 -0.272237 -0.283841 -0.275894 -0.077379 0.157703 -0.374729 -0.335162 -0.241836 -0.388007 -0.248015 -0.110576 0.263812 0.439668 0.400150 0.349386 0.163129 0.258756 -0.066045 0.136610 0.111614 0.220890 0.375478 0.160841 0.175675 -0.015557 0.191134 0.312301 0.000942 0.221652 0.148906 0.302591 0.084098 0.287624 0.141810 0.146650 0.227675 0.177346
-0.130418 0.172306 0.247749 0.133464 -0.217628 -0.522011 0.204037 0.262275 0.050483 -0.005443 -0.087789 0.217865 -0.112563 -0.045350 -0.405058 -0.194791 0.034635 0.223501 0.605541 1.000000 -0.220339 -0.367172 -0.339791 -0.175456 -0.427392 -0.489069 -0.342201 -0.275487 0.159925 0.315445 -0.133116 -0.044401 0.014344 0.064889 -0.028382 0.241507 0.333860 0.226862 0.111452 0.300631 0.101161 0.178620 -0.292800 -0.277321 -0.282388 -0.484680 -0.300710 0.156563 -0.287125 -0.282891 -0.328042 -0.209347 -0.276160 -0.297809 -0.292739 0.237000 -0.218275 -0.153108 -0.348259 -0.292812 -0.290167 -0.185813 -0.205850 -0.138069 -0.423784 -0.445761 -0.207448 -0.111117 -0.049444 0.012846 0.185986 0.240144 0.221050 0.374258 0.265936 0.247524 0.429411 0.621405 0.165589 -0.028212 -0.118961 0.015308 -0.169897 0.240960 -0.403983 -0.289292 -0.289298 -0.497537 -0.445209 -0.023896 0.535302 0.511330 0.505011 0.316296 0.169502 0.280973 0.176398 0.346667 0.360751 0.397650 0.339027 0.263183 0.352735 0.267586 0.328286 0.377286 0.162008 0.219544 0.147262 0.306338 0.210937 0.444732 0.290759 0.108492 0.197544 0.215877
-0.066668 -0.154127 0.296456 0.372743 0.111970 0.202979 0.156777 0.099233 0.046330 0.093723 -0.167929 0.194515 -0.023949 0.173953 0.417066 0.284824 -0.146782 -0.337748 -0.023534 -0.220339 1.000000 0.386559 0.563489 0.521644 0.271499 0.329048 0.584207 0.254136 0.027322 -0.280922 0.569477 0.298720 -0.058293 -0.165218 0.195285 -0.091520 0.134969 0.148154 0.123819 0.070867 0.364380 0.373490 0.031207 0.067768 0.003256 0.145972 0.058347 -0.068371 0.058409 0.065846 0.086222 -0.056927 -0.012002 -0.097958 0.167106 -0.237505 -0.103305 -0.198526 -0.222331 -0.319640 -0.138063 -0.289669 0.050215 -0.272108 0.259775 0.091781 -0.058386 0.164786 -0.006453 -0.068395 0.365381 0.404005 -0.228906 0.202645 0.146697 0.390249 0.034414 -0.112423 -0.283189 -0.303632 -0.116637 -0.388810 0.205687 0.076069 0.264999 0.153336 0.285065 0.476456 0.286340 -0.041987 -0.284665 -0.045595 -0.031932 0.170264 -0.115730 -0.313159 -0.116229 -0.370846 -0.321973 -0.326875 -0.082746 0.155255 -0.017751 -0.096803 -0.316565 -0.165521 -0.013276 -0.175611 0.219204 0.048352 0.018456 -0.088130 -0.283501 -0.074008 -0.119891 -0.240300
-0.063055 -0.038675 -0.064527 0.208127 0.062372 0.248445 -0.100196 -0.141532 -0.140292 -0.040790 0.061626 0.100392 -0.133376 -0.034321 0.375313 0.440676 -0.085971 -0.311490 -0.226841 -0.367172 0.386559 1.000000 0.370843 0.424815 0.289451 0.475788 0.467475 0.386384 -0.089447 -0.311173 0.327853 0.310929 -0.084121 -0.141975 0.002048 -0.117535 -0.016466 0.072641 0.187612 -0.239409 0.025763 0.050999 0.162865 0.167653 0.104861 0.213892 0.045897 -0.039144 0.071648 0.050423 0.159285 0.008535 0.168656 0.022424 0.227455 -0.313540 0.050284 0.053867 -0.098572 -0.028041 -0.113491 -0.164642 0.102757 -0.140229 0.169742 0.159623 -0.055118 0.127221 -0.042419 -0.009276 0.075998 0.115826 -0.230520 -0.165846 -0.103653 -0.057782 -0.308262 -0.301469 -0.120984 -0.132796 0.119458 -0.182012 0.358443 0.190614 0.323546 0.226988 0.390087 0.499057 0.304503 -0.221544 -0.236269 -0.305668 -0.204568 -0.133085 -0.110297 -0.085220 -0.028110 -0.320451 -0.324327 -0.459486 0.004452 -0.075727 -0.019581 -0.124968 -0.122540 -0.440710 -0.153152 -0.236331 -0.184512 0.042506 -0.198041 -0.181302 -0.210904 0.052974 -0.284562 0.112107
-0.245947 -0.452210 0.288119 0.536813 0.125643 0.604154 -0.095089 -0.058287 -0.119685 -0.013878 -0.175110 -0.067352 -0.163837 -0.113134 0.435935 0.339411 -0.198315 -0.441888 -0.046631 -0.339791 0.563489 0.370843 1.000000 0.798022 0.554977 0.663776 0.752646 0.666071 -0.332561 -0.524526 0.601560 0.412444 -0.200247 -0.119051 0.359159 -0.066032 -0.250747 -0.082012 -0.126847 -0.067518 0.230074 0.086627 0.101978 0.035751 0.019451 0.272433 0.095625 -0.095400 0.030366 -0.024721 0.285639 -0.044249 0.125200 -0.040651 0.066537 -0.370801 -0.087067 -0.104208 -0.252579 -0.222569 -0.161659 -0.393633 -0.006316 -0.251137 0.572339 0.305567 0.048754 0.361578 -0.046729 0.004689 0.051656 0.240731 -0.507986 -0.176046 -0.184814 0.124183 -0.197994 -0.314183 -0.263585 -0.157118 -0.092579 -0.234156 0.147929 -0.194035 0.414821 0.341163 0.424126 0.540455 0.548550 -0.109638 -0.305873 -0.286348 -0.024380 -0.010190 -0.025944 -0.325106 -0.100779 -0.300555 -0.311453 -0.418580 -0.145731 -0.234212 -0.228409 -0.311819 -0.425553 -0.279277 -0.181433 -0.170273 0.147879 -0.090784 0.141872 -0.334197 -0.214322 -0.160162 -0.185712 -0.333503
-0.313312 -0.389238 0.294188 0.682186 0.063923 0.478021 -0.119257 0.108723 -0.056727 0.024429 -0.326506 0.113225 -0.383713 -0.101895 0.364336 0.330159 -0.365352 -0.582553 -0.025606 -0.175456 0.521644 0.424815 0.798022 1.000000 0.366784 0.610471 0.646784 0.632692 -0.363181 -0.472767 0.638939 0.649278 -0.365221 -0.122243 0.298002 0.044493 -0.032624 0.190038 0.040521 0.068853 0.383304 0.320603 0.051567 0.088431 -0.045036 0.166444 -0.017769 0.026401 -0.066906 -0.019498 0.050675 -0.045543 0.180568 -0.100812 -0.020008 -0.227346 -0.161316 -0.274603 -0.377082 -0.268648 -0.424584 -0.451639 -0.207253 -0.482485 0.386193 0.289432 0.087263 0.469507 0.046947 0.131580 0.121186 0.398820 -0.444691 0.034814 -0.020666 0.321373 0.031062 -0.041359 -0.255692 -0.279771 -0.252514 -0.433188 0.261728 -0.069550 0.198645 0.171254 0.599936 0.479416 0.487523 -0.059667 -0.190555 -0.232378 0.201399 0.007681 0.011421 -0.036380 0.100882 -0.239916 -0.358635 -0.327981 0.086563 -0.158697 -0.047002 -0.116297 -0.174469 -0.138043 -0.120999 -0.072598 0.191330 0.184404 0.231077 -0.208893 0.001649 0.106157 -0.064921 -0.060074
-0.146278 -0.426966 0.263581 0.250853 0.420755 0.717473 0.231065 0.135538 0.240798 0.261489 -0.180495 -0.186808 -0.077078 0.034454 0.609390 0.353802 -0.228608 -0.495451 -0.129055 -0.427392 0.271499 0.289451 0.554977 0.366784 1.000000 0.678559 0.575930 0.271049 -0.331399 -0.399497 0.453754 0.323593 -0.239486 0.053211 0.315461 0.138684 -0.101962 -0.073409 -0.188314 -0.171166 -0.062901 -0.071637 -0.052095 -0.034743 0.048264 0.249603 -0.084081 -0.164325 -0.108139 0.055963 0.125173 -0.097837 0.011429 0.069978 -0.116213 -0.313378 -0.206037 -0.299873 -0.007270 -0.065584 0.063469 -0.070040 -0.065677 -0.145366 0.419307 0.350486 0.143703 0.386647 -0.164655 -0.049558 0.230095 0.191843 -0.243505 -0.084651 -0.056718 -0.008488 -0.122542 -0.255857 -0.412660 -0.199948 -0.247008 -0.316830 0.244864 -0.212296 0.131993 0.079787 0.133738 0.376458 0.395053 -0.155723 -0.218962 -0.038783 0.089431 0.044368 -0.042312 -0.271413 -0.185477 -0.216678 -0.325079 -0.329136 -0.049589 -0.113970 -0.151160 -0.285755 -0.138320 -0.277538 -0.017342 -0.176861 -0.228499 -0.089412 0.046253 -0.187857 -0.265025 -0.235390 -0.159481 0.020371
-0.349073 -0.476776 0.179920 0.228516 0.012169 0.746873 -0.118272 -0.065377 -0.130230 -0.212321 -0.332366 -0.291205 -0.445861 -0.309764 0.325791 0.180825 -0.326158 -0.594370 -0.264433 -0.489069 0.329048 0.475788 0.663776 0.610471 0.678559 1.000000 0.718649 0.783285 -0.461832 -0.590681 0.586043 0.525411 -0.358018 -0.138296 0.342588 0.079277 -0.194551 -0.013024 -0.075125 -0.123831 0.025243 -0.097661 0.249316 0.289693 0.161258 0.405772 0.071492 0.112463 0.032960 0.014161 0.142963 -0.092379 0.142897 -0.029411 -0.017428 -0.224108 -0.012987 -0.032866 -0.138812 -0.065531 -0.205081 -0.383867 -0.112302 -0.305782 0.385872 0.262820 0.261389 0.504033 0.047889 0.206436 0.134973 0.233460 -0.457565 -0.251105 -0.223275 -0.075964 -0.229989 -0.329162 -0.279024 -0.130188 -0.147617 -0.298775 0.303962 -0.290760 0.268090 0.393606 0.328276 0.587642 0.358753 -0.059343 -0.265481 -0.282309 -0.077837 -0.160357 0.109574 -0.190874 0.079224 -0.081544 -0.347493 -0.330099 -0.212284 -0.306050 -0.120369 -0.243115 -0.234550 -0.284931 -0.048055 -0.154292 0.013128 -0.044749 0.285272 -0.327892 -0.291933 -0.087696 -0.194541 -0.035475
-0.354483 -0.383998 0.246533 0.302200 0.276877 0.605970 -0.068948 -0.023152 0.108101 0.103179 -0.320525 -0.151581 -0.285625 -0.113749 0.456648 0.261284 -0.336684 -0.568471 -0.175778 -0.342201 0.584207 0.467475 0.752646 0.646784 0.575930 0.718649 1.000000 0.716017 -0.445907 -0.493894 0.526924 0.318034 -0.285652 -0.339391 0.338267 0.025163 -0.001561 0.098100 0.102087 -0.075544 0.159774 0.188642 0.238512 0.213862 0.083648 0.194607 0.151314 0.143188 0.139653 0.049899 0.242898 0.100797 0.165472 0.063688 0.076872 -0.278087 -0.163731 -0.187735 -0.238707 -0.189813 -0.284428 -0.434250 -0.107164 -0.441717 0.297758 0.130982 0.213800 0.382589 -0.037468 0.077362 0.207584 0.297127 -0.557272 -0.008106 -0.024481 0.116341 -0.163888 -0.216274 -0.286527 -0.191902 -0.102510 -0.358005 0.169486 -0.437576 0.376250 0.302354 0.400472 0.575150 0.531395 -0.116351 -0.234839 -0.134219 -0.049882 0.032765 -0.032406 -0.276308 0.041190 -0.275672 -0.269039 -0.446177 -0.124364 -0.047918 -0.093542 -0.222870 -0.259839 -0.283423 -0.104652 -0.177008 0.025527 0.027057 0.293112 -0.190184 -0.183248 -0.062754 -0.260653 -0.133307
-0.451583 -0.406624 0.081877 0.305128 -0.111238 0.593864 -0.364810 -0.125051 -0.270934 -0.285776 -0.367313 -0.246725 -0.558868 -0.413266 0.026039 0.130072 -0.313212 -0.445528 -0.112089 -0.275487 0.254136 0.386384 0.666071 0.632692 0.271049 0.783285 0.716017 1.000000 -0.441990 -0.491080 0.455074 0.435276 -0.259046 -0.272118 0.281818 -0.008099 -0.215340 0.061402 0.101608 0.019779 0.122756 0.071264 0.418464 0.394396 0.091797 0.279823 0.276404 0.307443 0.098066 -0.039761 0.193743 0.000368 0.186678 0.007975 0.055507 -0.045008 -0.025662 0.038661 -0.258723 -0.124324 -0.347387 -0.473642 -0.159438 -0.367820 0.248966 0.148912 0.190731 0.359529 0.070153 0.209338 -0.077600 0.164141 -0.519843 -0.218862 -0.200628 -0.104424 -0.246810 -0.235454 -0.115854 -0.013686 -0.064612 -0.233392 0.070230 -0.381304 0.277215 0.436193 0.336452 0.457608 0.324754 0.006069 -0.152326 -0.289016 -0.103588 -0.203857 0.099047 -0.102364 0.269793 -0.032723 -0.061894 -0.237326 -0.180997 -0.348425 -0.118346 -0.274789 -0.330604 -0.214638 -0.126141 -0.155977 0.193363 0.033343 0.383948 -0.195551 -0.090713 0.110945 -0.097440 -0.138389
0.650753 0.489521 -0.167434 -0.205704 -0.163077 -0.511908 0.169768 -0.112877 -0.209052 -0.014506 0.543250 0.331019 0.403336 0.393657 -0.184544 0.051968 0.578316 0.461926 0.186988 0.159925 0.027322 -0.089447 -0.332561 -0.363181 -0.331399 -0.461832 -0.445907 -0.441990 1.000000 0.544833 -0.194438 -0.200045 0.541370 0.217205 -0.407015 -0.374561 0.003598 -0.177381 0.036200 -0.206071 0.088946 0.022439 -0.082483 0.024634 -0.099972 -0.021649 0.113394 -0.271455 -0.012705 -0.216903 -0.016914 -0.255319 -0.208561 -0.105383 -0.033060 -0.204750 0.298456 0.095318 0.173492 -0.137029 0.429614 0.304495 0.565051 0.434379 -0.052394 -0.127573 -0.464333 -0.645788 -0.023834 -0.289216 0.166083 -0.029853 0.735919 0.128634 0.107621 0.226031 0.037439 -0.166739 0.359368 0.201035 0.407856 0.270471 -0.001380 0.516407 0.183522 -0.021177 -0.185533 -0.194042 -0.274305 -0.305989 -0.309491 -0.062335 -0.357437 -0.068886 -0.171320 -0.161282 -0.157260 -0.220825 0.085351 -0.070333 -0.180700 0.123617 -0.094217 0.005451 -0.057217 -0.090244 -0.163800 -0.217649 -0.048131 -0.044083 -0.513624 -0.028761 -0.096466 -0.030865 -0.092592 -0.151428
0.332266 0.440406 -0.141995 -0.124239 -0.008638 -0.526383 0.096498 0.231029 0.089246 0.156111 0.230834 0.352948 0.289373 0.398203 -0.259100 -0.061033 0.353190 0.606154 0.198347 0.315445 -0.280922 -0.311173 -0.524526 -0.472767 -0.399497 -0.590681 -0.493894 -0.491080 0.544833 1.000000 -0.239467 -0.227035 0.282347 0.436005 -0.269169 -0.000123 0.188626 0.061245 0.129050 -0.095524 0.122115 0.142920 -0.125103 0.043915 -0.203641 -0.360967 -0.086801 -0.118079 -0.244842 -0.208171 -0.349250 -0.100448 -0.169166 -0.064168 -0.178636 0.115015 0.099490 0.016307 -0.003634 -0.116956 0.252335 0.478383 0.212193 0.343435 -0.387568 -0.176170 -0.428776 -0.549678 -0.296291 -0.458454 0.063806 -0.078367 0.730959 0.406962 0.333132 0.243600 0.272968 0.242305 0.318617 0.065465 0.163788 0.233409 -0.227709 0.291605 -0.266687 -0.386084 -0.175999 -0.608880 -0.456626 -0.223966 -0.022583 0.121854 -0.028956 0.121946 -0.089996 0.248758 -0.121594 0.072181 0.226811 0.237828 0.177541 0.239362 0.020001 0.108333 0.266224 0.020897 -0.087581 -0.132414 -0.030927 0.041681 -0.283789 0.327354 0.216536 0.252191 0.093376 0.179667
-0.278230 -0.402559 0.433655 0.505930 0.144521 0.258809 0.128615 0.156446 0.051944 -0.179037 -0.291500 0.173393 -0.273597 -0.052037 0.324766 0.226906 -0.271131 -0.429194 0.159310 -0.133116 0.569477 0.327853 0.601560 0.638939 0.453754 0.586043 0.526924 0.455074 -0.194438 -0.239467 1.000000 0.776556 -0.129861 0.286563 0.307810 0.036182 0.018397 0.050396 0.030893 -0.055823 0.292569 0.232799 -0.080644 0.161757 -0.078135 0.178691 -0.077431 -0.141089 -0.279634 -0.108050 -0.118516 -0.315790 -0.071550 -0.219366 -0.152924 -0.194790 -0.186769 -0.311350 -0.352048 -0.339106 -0.128270 -0.321506 -0.076790 -0.276420 0.375634 0.155121 0.014187 0.352089 -0.236371 -0.054899 0.274344 0.391564 -0.173403 0.089036 0.015213 0.277625 0.104823 -0.042764 -0.164205 -0.365826 -0.278455 -0.394145 0.197640 0.067000 0.106569 0.180003 0.270358 0.270730 0.326940 -0.137873 -0.317171 -0.036136 0.130448 0.086876 -0.067734 0.001858 -0.086335 -0.280372 -0.341518 -0.248580 -0.011448 -0.109639 -0.136550 -0.197432 -0.196191 -0.172065 -0.271441 -0.144584 0.230129 0.166130 0.115597 -0.146847 -0.274518 0.021461 -0.105896 -0.007365
-0.362216 -0.392210 0.354968 0.522713 0.063182 0.252276 0.039368 0.159101 0.001978 -0.231176 -0.298852 0.233069 -0.495958 -0.203020 0.233025 0.159878 -0.435963 -0.549095 0.228655 -0.044401 0.298720 0.310929 0.412444 0.649278 0.323593 0.525411 0.318034 0.435276 -0.200045 -0.227035 0.776556 1.000000 -0.207493 0.342479 0.219791 0.204850 0.127683 0.250023 0.028654 0.096192 0.344578 0.315312 -0.069873 0.139681 -0.083612 0.103206 -0.150214 0.124709 -0.268519 -0.118140 -0.248738 -0.332169 -0.051845 -0.202145 -0.230961 -0.063056 -0.265122 -0.380512 -0.394488 -0.310686 -0.394670 -0.408038 -0.303702 -0.475939 0.134412 0.119779 0.069374 0.389565 -0.040211 0.082924 0.231767 0.517085 -0.128366 0.173951 0.137538 0.349977 0.262225 0.140498 -0.164062 -0.368261 -0.385212 -0.460946 0.324331 0.201364 -0.081635 0.102298 0.285306 0.215170 0.188679 -0.157676 -0.166869 -0.033548 0.287578 0.059369 0.117950 0.252206 0.093842 -0.074312 -0.247953 -0.105974 0.167580 -0.177311 -0.021589 -0.093185 -0.002510 0.025182 -0.126961 0.011358 0.262052 0.291170 0.254533 -0.086196 -0.091283 0.150524 -0.016565 0.179749
0.426557 0.144403 -0.204015 -0.244959 -0.075509 -0.375003 0.028798 -0.283444 -0.143910 -0.192389 0.317671 -0.038627 0.301552 0.047369 -0.168177 -0.096453 0.609877 0.448665 0.011053 0.014344 -0.058293 -0.084121 -0.200247 -0.365221 -0.239486 -0.358018 -0.285652 -0.259046 0.541370 0.282347 -0.129861 -0.207493 1.000000 0.385872 -0.174565 -0.281946 -0.017966 -0.181234 0.180833 -0.143865 0.148523 -0.064459 0.084520 0.146754 0.030393 0.141116 0.265906 -0.340082 -0.077561 -0.061239 -0.012107 -0.306065 -0.285270 -0.141706 0.081013 0.033883 0.498462 0.376157 0.068417 -0.124559 0.401334 0.149975 0.552480 0.503036 0.044792 -0.233306 -0.369353 -0.574176 0.208303 -0.142599 -0.127103 -0.176652 0.429400 -0.199467 -0.017899 -0.172406 -0.143762 -0.325302 0.473808 0.378108 0.483619 0.509770 -0.229847 0.162388 0.202616 0.152429 -0.186499 -0.099927 -0.110144 -0.135312 -0.405785 -0.064045 -0.497205 -0.083406 -0.290450 -0.172330 -0.025177 -0.229292 0.217594 -0.052994 -0.433857 0.039387 -0.337844 -0.115883 -0.268050 -0.160148 -0.382615 -0.105032 -0.187265 -0.187953 -0.400502 -0.202500 -0.265193 -0.138499 -0.190428 0.012196
0.102663 -0.094218 0.051265 0.091832 0.111511 -0.199265 0.246767 0.189370 0.065840 -0.106889 0.048342 0.212954 0.134942 0.123570 0.081211 0.076927 0.219879 0.268345 0.158085 0.064889 -0.165218 -0.141975 -0.119051 -0.122243 0.053211 -0.138296 -0.339391 -0.272118 0.217205 0.436005 0.286563 0.342479 0.385872 1.000000 0.024316 0.097769 -0.004542 -0.102647 -0.091797 -0.047918 0.290203 -0.026449 -0.279594 -0.053736 -0.167949 -0.089757 -0.205674 -0.274718 -0.470399 -0.226492 -0.326238 -0.430339 -0.285779 -0.257608 -0.374925 -0.051944 0.122882 -0.028614 -0.109807 -0.233687 0.318178 0.231543 0.179113 0.286601 0.157848 0.113676 -0.324300 -0.201060 -0.218661 -0.306804 -0.072786 0.034509 0.453097 0.005947 0.056790 0.033377 0.165278 0.013546 0.218337 0.043323 -0.027646 0.125950 -0.070570 0.365539 -0.192047 -0.179730 -0.116256 -0.311057 -0.083164 -0.326881 -0.223543 0.040508 0.051823 0.094160 -0.077667 0.175141 -0.195527 -0.047052 0.020030 0.142000 -0.005420 0.005915 -0.144268 -0.083987 0.041890 0.032699 -0.245206 0.061662 0.093439 -0.052510 -0.206972 0.000529 -0.147608 0.045965 -0.014495 0.154211
-0.350989 -0.592687 0.614628 0.173578 0.093346 0.309066 0.167010 -0.034945 0.219436 -0.232693 -0.511048 -0.492887 -0.263459 -0.468155 0.232149 -0.197991 -0.180966 -0.213066 0.115667 -0.028382 0.195285 0.002048 0.359159 0.298002 0.315461 0.342588 0.338267 0.281818 -0.407015 -0.269169 0.307810 0.219791 -0.174565 0.024316 1.000000 0.641444 0.369172 0.486757 0.122229 0.451483 0.313754 0.193890 -0.283265 -0.245686 -0.233176 -0.285169 -0.360394 0.041628 -0.436352 -0.332675 -0.404317 -0.417227 -0.418402 -0.532513 -0.029791 0.184890 -0.099949 -0.079309 -0.497650 -0.376143 -0.325116 -0.499247 -0.344313 -0.349550 0.093479 -0.160841 0.180522 0.492833 0.070356 0.193550 0.124693 0.323680 -0.213012 0.033349 0.167967 -0.136425 0.238223 0.210628 -0.236637 -0.191479 -0.252593 -0.065510 0.133611 -0.250344 -0.224560 -0.186527 0.171257 0.125704 0.132703 0.022548 0.119372 0.285740 0.317047 0.439554 0.334958 0.289335 0.268273 0.283535 -0.208466 0.294693 0.145760 -0.043190 0.197518 0.069871 0.152435 0.300929 0.279402 0.425039 0.228268 0.193206 0.439092 0.236808 -0.029188 -0.009401 0.203040 0.165769
-0.509492 -0.423358 0.474036 0.086291 -0.049698 0.143426 0.112650 0.242895 0.147006 -0.137520 -0.418654 -0.258091 -0.326663 -0.290839 -0.029171 -0.251971 -0.406132 -0.223632 0.183942 0.241507 -0.091520 -0.117535 -0.066032 0.044493 0.138684 0.079277 0.025163 -0.008099 -0.374561 -0.000123 0.036182 0.204850 -0.281946 0.097769 0.641444 1.000000 0.590727 0.664833 0.114959 0.478242 0.242528 0.210658 -0.341372 -0.305015 -0.240974 -0.403808 -0.471447 0.394147 -0.389423 -0.192278 -0.536631 -0.223617 -0.326770 -0.311435 -0.235037 0.294786 -0.367837 -0.215775 -0.458438 -0.317438 -0.464058 -0.342513 -0.686413 -0.489582 -0.314201 -0.238693 0.061859 0.425184 0.060469 0.162895 0.224026 0.508856 -0.099603 0.291543 0.338262 -0.024008 0.453857 0.616545 -0.214716 -0.356609 -0.417345 -0.152448 0.231773 -0.046623 -0.582672 -0.473302 -0.022370 -0.205708 -0.103459 -0.109051 0.452784 0.437875 0.591391 0.493921 0.386969 0.605057 0.425354 0.616253 0.006623 0.453973 0.381964 0.088775 0.302379 0.204591 0.440749 0.367588 0.399358 0.391597 0.104987 0.440707 0.557392 0.442252 0.262462 0.217740 0.124683 0.571519
