1.000000 0.510832 0.507710 -0.365952 0.190606 0.341589 0.418149 0.128153 0.068067 0.014568 0.574719 0.547790 0.608150 0.486525 0.589170 0.368976 0.492160 0.051758 0.009924 -0.311796 -0.279423 -0.285910 0.210418 -0.122338 -0.244549 0.089486 0.223079 0.233923 -0.292679 -0.356360 -0.429348 -0.650455 -0.153920 -0.213393 -0.080345 -0.228911 -0.654771 -0.565813 -0.566228 -0.557533 -0.467284 -0.420682 -0.525258 -0.519467 -0.330800 -0.476272 -0.454216 -0.615251 0.539675 -0.372062 0.318992 0.257995 0.475804 -0.143410 0.316290 -0.434563 0.341893 -0.232002 0.791054 0.143974 0.507616 0.539371 -0.027789 -0.149324 -0.115118 0.567234 -0.072594 -0.243569 -0.079100 0.061097 -0.415922 -0.467442 -0.249056 -0.432922 -0.374786 -0.506979 -0.286274 -0.689364 -0.203740 -0.370176 -0.396547 -0.406523 -0.096373 -0.539188 0.210626 0.007996 -0.079148 0.199173 0.174379 -0.092969 0.297410 0.504515 0.225695 0.460790 -0.048955 -0.325666 -0.256405 -0.160739 -0.327184 -0.098997 -0.056483 -0.053191 -0.115065 0.112230 0.245038 0.101440 -0.021669 0.235645 -0.455805 -0.256397 -0.300696 -0.546593 -0.307179 -0.399885 -0.349169 -0.389119
0.510832 1.000000 0.028997 -0.025531 -0.019101 0.118673 0.144122 0.409197 0.021146 -0.076201 0.317069 0.600415 0.298068 0.602835 0.172415 0.441259 0.336323 0.199489 -0.213249 -0.008879 -0.324483 -0.315933 -0.182353 -0.072452 -0.368727 -0.083083 0.100304 -0.039071 -0.263407 0.005889 -0.408374 -0.445160 0.031997 0.028629 -0.191511 -0.150621 -0.561324 -0.392449 -0.427936 -0.434111 -0.284275 -0.340087 -0.346239 -0.336731 -0.030233 -0.274706 -0.270648 -0.368874 0.289593 -0.055401 -0.147695 0.346517 0.287740 0.030029 -0.065355 -0.232511 0.329006 -0.055785 0.519980 0.358260 0.266704 0.604728 -0.118463 0.040322 -0.242569 0.589739 -0.076173 -0.293405 0.083002 0.147402 -0.336042 -0.391378 -0.113500 -0.134777 -0.148247 -0.306520 -0.143670 -0.439528 -0.137076 -0.174975 -0.367194 -0.256673 -0.001906 -0.218663 -0.130305 0.056380 -0.114283 0.108959 -0.016954 0.024117 0.107462 0.139630 0.133946 0.128241 -0.260301 -0.382407 -0.409538 -0.177407 -0.244468 -0.257456 0.159049 -0.267341 0.018097 -0.199691 0.047619 -0.211252 -0.227625 -0.214229 -0.483302 -0.064634 -0.346157 -0.501283 -0.355529 -0.322978 -0.269202 -0.247072
0.507710 0.028997 1.000000 0.029384 0.403307 0.366538 0.598197 0.291538 0.212903 0.059709 0.326775 0.361529 0.412557 0.228738 0.387508 0.157632 0.180959 -0.245300 0.128161 -0.297754 0.152449 0.064305 0.632800 0.249998 0.010579 0.376168 0.305594 0.416051 -0.311041 -0.441158 -0.082480 -0.222628 -0.136508 -0.093953 0.178348 0.088540 -0.353762 -0.367841 -0.384793 -0.369214 -0.415818 -0.309684 -0.428765 -0.356149 -0.374754 -0.159110 -0.264469 -0.421271 0.521407 -0.359592 0.456265 0.134575 0.261158 -0.034409 0.374810 -0.344954 -0.118929 -0.229700 0.365704 -0.337423 0.174708 0.062564 -0.187649 -0.490355 -0.082685 0.394012 -0.152286 0.055888 -0.251274 -0.015292 -0.151606 -0.031438 -0.341428 -0.213069 -0.328554 -0.331138 -0.331017 -0.292132 -0.281924 -0.278720 -0.369003 -0.476489 -0.130696 -0.608337 0.351278 0.122315 0.199652 0.227568 0.320684 -0.046894 0.324932 0.386762 0.184761 0.394886 -0.081188 -0.227119 -0.086569 -0.271121 -0.431125 -0.219618 -0.287748 -0.129418 -0.318307 -0.131128 0.003733 0.007848 -0.041263 0.039540 -0.123115 -0.140763 0.031318 -0.280068 -0.108817 -0.146174 -0.340872 -0.256476
-0.365952 -0.025531 0.029384 1.000000 -0.230809 0.049999 0.091230 0.510622 0.111661 0.027222 -0.214904 -0.022328 -0.321916 -0.156152 -0.165362 -0.119560 -0.540279 -0.420925 0.080943 0.143763 0.312723 0.274600 0.317767 0.632014 0.259368 0.374807 0.084671 0.138920 -0.047034 -0.106732 0.293142 0.507315 -0.261732 0.007718 0.215768 0.410917 -0.004588 -0.068435 0.213805 0.094696 0.102088 -0.029685 -0.013920 0.011540 0.132371 0.451255 -0.051921 0.018821 -0.061296 0.160039 0.146127 0.069311 -0.280919 0.077615 -0.074705 0.115488 -0.296761 -0.322922 -0.409697 -0.324738 -0.424715 -0.280245 -0.287535 -0.336586 0.060990 0.213223 -0.067896 0.225053 -0.080620 -0.139585 0.092801 0.190195 -0.208680 0.015442 -0.103735 0.014404 -0.234776 0.123192 -0.252972 -0.164850 -0.276085 -0.262810 0.182131 0.002420 0.150856 0.326202 0.206473 0.197309 0.368111 0.497792 -0.039380 -0.345623 0.292593 -0.142197 -0.176640 -0.036490 -0.120946 -0.218502 -0.218422 -0.282413 -0.107683 -0.311882 -0.224616 -0.372317 -0.123914 -0.168852 -0.087213 -0.346057 0.058372 -0.069787 0.040682 -0.053870 -0.042978 0.071943 0.020037 0.135952
0.190606 -0.019101 0.403307 -0.230809 1.000000 0.371049 0.331797 0.160532 0.404781 0.315749 0.019960 0.132681 0.304700 0.216845 0.124292 0.344300 0.262094 0.110694 -0.045244 0.076331 0.042990 -0.258006 -0.116487 -0.016756 -0.126774 -0.081527 0.106198 -0.012249 -0.105168 0.068687 -0.019029 -0.154851 0.116532 0.202339 -0.222047 0.031294 -0.163101 -0.237230 -0.277162 -0.232844 -0.148451 -0.249057 -0.287854 -0.275994 -0.302516 -0.177334 -0.271900 -0.221491 -0.057358 -0.238169 -0.240410 -0.325001 -0.060506 -0.341347 -0.127901 -0.475654 0.025786 -0.016762 0.250012 0.069852 0.280116 0.258935 0.186412 0.047821 -0.030706 0.112224 0.055269 -0.103310 0.016770 0.029130 -0.204970 -0.020260 0.040742 -0.095737 -0.034275 -0.001256 -0.032825 -0.090714 -0.034192 -0.226720 0.001161 -0.049850 -0.081964 -0.175306 -0.056980 -0.161988 -0.054137 -0.061408 -0.064276 -0.214879 0.116425 0.381692 0.043362 0.247358 -0.073926 -0.241815 -0.240504 -0.136941 -0.087094 0.122501 -0.007043 0.332242 0.015980 0.272146 -0.017949 0.014720 -0.040790 -0.112163 0.032465 -0.032363 -0.054087 -0.130868 0.060550 0.119337 -0.154119 -0.029997
0.341589 0.118673 0.366538 0.049999 0.371049 1.000000 0.358052 0.533196 0.434133 0.648438 0.341729 0.363015 0.382090 0.282103 0.384061 0.052871 0.088571 -0.050531 -0.428095 -0.512610 -0.258237 -0.171147 0.144163 0.072590 -0.141460 0.134713 -0.163270 -0.101161 -0.557554 -0.399820 -0.599789 -0.554765 -0.315226 -0.375880 -0.172342 -0.040215 -0.384587 -0.336725 -0.128838 -0.221933 -0.490661 -0.268773 -0.073417 -0.061837 -0.012657 -0.003609 0.047962 -0.138759 0.394951 0.057282 0.242191 0.357157 0.341458 0.154347 0.255201 0.087234 0.093857 -0.309675 0.250200 -0.010959 0.048647 0.160980 0.120896 -0.303879 -0.198689 0.483161 -0.014358 0.045392 -0.129235 -0.036689 -0.470851 -0.492389 -0.445893 -0.458003 -0.465994 -0.408268 -0.442707 -0.473983 -0.387899 -0.420690 -0.228816 -0.337423 0.038202 -0.375648 0.331276 -0.129595 0.338283 0.314705 0.127790 0.281466 0.449652 0.402363 0.521550 0.511875 -0.120563 -0.291861 0.040317 -0.248496 0.009361 0.170746 0.004995 0.164867 -0.444571 0.042430 0.141142 -0.093631 0.127305 0.111758 -0.237960 -0.332460 -0.215510 0.072805 0.334561 -0.072135 -0.190794 0.004626
0.418149 0.144122 0.598197 0.091230 0.331797 0.358052 1.000000 0.396745 0.314201 0.328599 0.431498 0.353293 0.591183 0.208287 0.569006 0.231016 0.221401 -0.197050 0.215816 0.062730 -0.260541 -0.187456 0.393247 0.335832 -0.088860 0.001690 0.243041 0.143184 -0.092306 -0.300017 -0.032106 -0.154121 -0.163327 -0.133188 0.016562 0.008578 -0.434739 -0.439721 -0.382133 -0.523464 -0.271729 -0.380947 -0.473625 -0.508738 -0.235228 -0.160879 -0.334304 -0.428666 0.321215 -0.273455 0.351297 -0.048161 0.138604 -0.207116 -0.020734 -0.495379 -0.315728 -0.271101 0.263349 -0.427051 0.241290 0.095474 -0.191009 -0.372233 0.395594 0.364700 -0.278309 -0.129355 -0.388327 -0.035299 -0.305283 -0.230178 -0.194023 -0.336783 -0.362729 -0.284378 -0.320850 -0.367643 -0.288401 -0.320281 -0.312860 -0.384775 0.184222 -0.314311 0.099704 0.041798 -0.036217 -0.001855 0.272156 0.002461 0.222932 0.446603 0.238931 0.427080 -0.071466 -0.297967 -0.289657 -0.229776 -0.479033 -0.260134 -0.204334 -0.063651 -0.331845 -0.159075 0.031636 0.032868 0.197754 -0.034220 -0.255536 -0.106463 0.007551 -0.318734 -0.244753 -0.061806 -0.185010 0.017550
0.128153 0.409197 0.291538 0.510622 0.160532 0.533196 0.396745 1.000000 0.354359 0.407585 0.244952 0.619366 0.236025 0.519265 0.141132 0.246993 0.000116 -0.122775 -0.349783 -0.225421 -0.143702 -0.178530 0.064810 0.469486 -0.144889 0.196018 0.087818 0.056934 -0.496379 -0.178860 -0.246950 -0.101340 -0.405509 -0.095653 -0.053998 0.329738 -0.552185 -0.481394 -0.236534 -0.343949 -0.247662 -0.479057 -0.141357 -0.026790 0.181587 0.360608 -0.038463 -0.073786 0.371514 0.239467 0.087415 0.355839 0.072387 0.075237 -0.100632 -0.011973 -0.146237 -0.586992 0.040837 -0.251626 -0.109006 0.157501 -0.201595 -0.491270 -0.164031 0.729391 -0.307262 -0.007335 -0.291310 -0.180910 -0.318952 -0.234699 -0.401910 -0.386250 -0.486970 -0.318382 -0.470291 -0.306826 -0.357663 -0.445693 -0.499984 -0.512907 0.020943 -0.367678 0.060014 0.100725 -0.030773 0.085594 0.129989 0.211730 0.238004 0.049923 0.516687 0.200238 -0.190789 -0.378553 -0.158213 -0.138013 -0.347531 -0.330520 -0.102062 -0.289001 -0.461323 -0.359118 0.196113 -0.019174 -0.136823 -0.203534 -0.244097 -0.096116 -0.057598 -0.163692 -0.078171 -0.170641 -0.220614 -0.004256
0.068067 0.021146 0.212903 0.111661 0.404781 0.434133 0.314201 0.354359 1.000000 0.606741 0.011745 -0.004161 0.348990 0.233918 0.282587 0.136590 0.019980 -0.211195 -0.299328 -0.249195 0.064956 -0.007391 0.094823 0.035918 0.174029 0.070815 0.109251 -0.043649 -0.423049 -0.286111 -0.362617 -0.292368 -0.161637 -0.221265 0.138351 0.291144 -0.134220 -0.070584 0.101582 -0.057049 -0.182781 -0.075935 0.026769 -0.055546 -0.049422 0.104498 0.127448 0.063235 0.161979 0.132505 -0.003058 0.001457 0.135111 -0.040018 0.095494 -0.067461 -0.096707 -0.254954 0.225545 -0.028260 0.126068 0.173020 -0.051072 -0.162068 -0.164035 0.237585 -0.060157 -0.028980 0.009271 0.029008 -0.128625 -0.251581 -0.334345 -0.271233 -0.236131 -0.135982 -0.370954 -0.094228 -0.375636 -0.437349 -0.203607 -0.253812 0.134575 -0.152344 0.039397 -0.227035 0.129005 0.154538 -0.027853 0.163051 0.151576 0.176353 0.200579 0.385035 -0.088793 -0.270148 0.007458 -0.159772 -0.009062 0.061672 -0.189394 0.049194 -0.245756 0.013103 0.003437 -0.138699 0.030771 -0.114425 -0.102192 -0.163535 -0.006245 0.013430 0.120127 -0.078425 -0.214047 0.099641
0.014568 -0.076201 0.059709 0.027222 0.315749 0.648438 0.328599 0.407585 0.606741 1.000000 0.250666 0.109229 0.382395 0.160571 0.279959 0.047812 0.028371 -0.037858 -0.351702 -0.262770 -0.179607 -0.052668 -0.013564 0.027267 0.040864 -0.085620 -0.133509 -0.212218 -0.333233 -0.249380 -0.441838 -0.361214 -0.272860 -0.401765 -0.081794 0.023505 -0.137960 -0.154815 0.101949 -0.030904 -0.243393 -0.144401 0.227606 0.115579 0.146159 0.086388 0.265980 0.127328 0.149287 0.192980 0.103619 0.135141 0.136752 0.068463 0.054609 0.186411 -0.125136 -0.263201 0.014557 -0.077807 -0.000713 0.110947 0.099719 -0.177239 0.003819 0.216667 -0.227861 -0.151298 -0.195198 -0.130956 -0.286231 -0.416523 -0.329740 -0.413274 -0.412712 -0.235082 -0.402352 -0.282178 -0.357301 -0.402385 -0.078111 -0.187844 0.187886 -0.102368 0.155756 -0.201652 0.118196 0.081548 -0.022459 0.238126 0.344978 0.349381 0.361178 0.480004 0.051373 -0.190399 0.200999 -0.029618 0.184540 0.222249 -0.014278 0.246795 -0.296030 0.033626 0.127482 -0.015747 0.237504 -0.054877 -0.078923 -0.185989 -0.117157 0.310751 0.350108 0.034857 0.060155 0.257552
0.574719 0.317069 0.326775 -0.214904 0.019960 0.341729 0.431498 0.244952 0.011745 0.250666 1.000000 0.691332 0.787552 0.655533 0.623366 0.427835 0.392064 0.147095 -0.173818 -0.355082 -0.381515 -0.241919 0.264766 -0.030092 -0.068881 -0.002557 0.246381 0.209111 -0.282971 -0.298672 -0.399263 -0.556393 -0.300914 -0.324882 -0.008147 -0.086289 -0.600632 -0.348595 -0.415932 -0.442851 -0.482966 -0.345468 -0.197189 -0.238552 -0.037817 -0.245628 -0.072918 -0.267936 0.666959 -0.100088 0.384577 0.451155 0.657512 0.116004 0.465894 -0.034399 -0.287309 -0.404525 0.437954 -0.129187 0.341458 0.400239 -0.100167 -0.316920 0.133395 0.546341 -0.487696 -0.325915 -0.596204 -0.146563 -0.444722 -0.270817 -0.336298 -0.470670 -0.481113 -0.321302 -0.394102 -0.504345 -0.438505 -0.468584 -0.451806 -0.428027 0.165967 -0.389574 0.116008 0.025415 -0.089276 0.134436 0.041702 0.010794 0.388169 0.545946 0.320243 0.558375 0.054937 -0.127653 0.216793 0.079392 -0.165149 -0.354045 -0.036989 -0.053057 -0.183893 -0.302756 0.190755 -0.031683 0.102771 -0.049791 -0.338963 -0.023947 -0.019441 -0.254035 -0.256659 -0.333814 -0.256778 -0.162660
0.547790 0.600415 0.361529 -0.022328 0.132681 0.363015 0.353293 0.619366 -0.004161 0.109229 0.691332 1.000000 0.525080 0.811549 0.334350 0.501985 0.419961 0.226350 -0.230541 -0.301728 -0.371109 -0.349006 0.068238 0.091695 -0.344365 0.065702 0.203455 0.214995 -0.391608 -0.104298 -0.316035 -0.434214 -0.242838 -0.069557 -0.193953 -0.000090 -0.710259 -0.491402 -0.543770 -0.515794 -0.378364 -0.549475 -0.407797 -0.280591 0.027961 -0.094545 -0.242749 -0.388698 0.599130 -0.050265 0.236665 0.469804 0.436477 0.039741 0.151242 -0.114385 -0.047147 -0.396227 0.406206 -0.154843 0.228137 0.401637 -0.161101 -0.372956 -0.073490 0.801107 -0.370241 -0.259579 -0.423214 -0.113184 -0.494430 -0.235734 -0.255146 -0.361835 -0.445647 -0.336734 -0.269212 -0.469091 -0.262918 -0.340854 -0.484913 -0.414919 -0.020097 -0.494509 0.051156 0.181243 -0.112254 0.094083 0.072017 -0.010582 0.176010 0.256287 0.288043 0.218726 -0.036063 -0.236234 -0.119506 0.039322 -0.460069 -0.473973 -0.107496 -0.350926 -0.353334 -0.380858 0.225613 0.029927 -0.261818 -0.086765 -0.357247 -0.000878 -0.103254 -0.486418 -0.314168 -0.323218 -0.315417 -0.308010
0.608150 0.298068 0.412557 -0.321916 0.304700 0.382090 0.591183 0.236025 0.348990 0.382395 0.787552 0.525080 1.000000 0.672989 0.608412 0.509931 0.599826 0.288597 -0.181055 -0.267809 -0.428115 -0.263488 0.172060 -0.144629 -0.237339 -0.248430 0.171790 -0.029009 -0.172721 -0.141134 -0.466199 -0.614731 -0.052575 -0.091748 0.082735 -0.019713 -0.516360 -0.367349 -0.488748 -0.529358 -0.331903 -0.268286 -0.288679 -0.343280 -0.185117 -0.377150 -0.160962 -0.279055 0.491466 -0.136462 0.148830 0.229825 0.597143 0.008057 0.320371 -0.278908 -0.186381 -0.329215 0.597407 -0.024272 0.625498 0.589994 0.076035 -0.056349 0.120861 0.410126 -0.404073 -0.458613 -0.501379 -0.107791 -0.350758 -0.283400 -0.160867 -0.393175 -0.361820 -0.267316 -0.386554 -0.448093 -0.332240 -0.401380 -0.269131 -0.271474 -0.012003 -0.207953 -0.110986 -0.331988 -0.229104 -0.076278 -0.188725 -0.194007 0.393366 0.614431 0.192016 0.581978 -0.062372 -0.387967 -0.044198 -0.154877 -0.112372 -0.191898 0.015258 0.165039 -0.139613 -0.066272 0.105031 -0.138925 0.115456 -0.034255 -0.381376 -0.113940 -0.109801 -0.260904 -0.244860 -0.346043 -0.378334 -0.223177
0.486525 0.602835 0.228738 -0.156152 0.216845 0.282103 0.208287 0.519265 0.233918 0.160571 0.655533 0.811549 0.672989 1.000000 0.324201 0.620997 0.465755 0.392011 -0.435646 -0.297915 -0.284431 -0.341709 -0.070362 -0.046883 -0.307867 -0.073086 0.213756 0.090174 -0.432568 -0.009853 -0.412109 -0.489138 -0.153895 0.027084 -0.057395 0.179391 -0.637914 -0.355306 -0.522684 -0.452735 -0.301542 -0.406609 -0.241448 -0.183079 0.061218 -0.108573 -0.119810 -0.221623 0.551612 0.112667 -0.026695 0.449187 0.489753 0.090312 0.155667 -0.097662 -0.084375 -0.422025 0.501738 0.098918 0.345383 0.669404 -0.086056 -0.151692 -0.252959 0.695231 -0.343562 -0.405103 -0.409645 -0.145747 -0.341998 -0.132483 -0.248043 -0.270515 -0.300569 -0.236462 -0.291016 -0.406503 -0.262746 -0.410305 -0.456167 -0.360138 -0.105400 -0.389188 -0.174852 -0.161397 -0.220779 -0.001677 -0.201686 -0.130769 0.209999 0.335663 0.237707 0.303812 -0.124524 -0.349655 -0.100896 0.017137 -0.248778 -0.473873 0.022689 -0.195432 -0.226315 -0.361564 0.142887 -0.084665 -0.241444 -0.202809 -0.381848 -0.056564 -0.143554 -0.413894 -0.300112 -0.475158 -0.397689 -0.383030
0.589170 0.172415 0.387508 -0.165362 0.124292 0.384061 0.569006 0.141132 0.282587 0.279959 0.623366 0.334350 0.608412 0.324201 1.000000 0.528363 0.204449 -0.183131 0.157232 -0.160207 -0.134971 -0.182314 0.500709 0.223334 0.280250 0.139582 0.510246 0.399322 -0.289936 -0.484127 -0.272451 -0.432123 -0.511421 -0.528138 0.038023 -0.143189 -0.519656 -0.304536 -0.154411 -0.321529 -0.415418 -0.328187 -0.206978 -0.394760 -0.417337 -0.361380 -0.217247 -0.358657 0.450208 -0.360971 0.385489 0.061165 0.323224 -0.173959 0.319886 -0.315891 -0.133690 -0.363699 0.399233 -0.176715 0.188361 0.222536 -0.252221 -0.357498 0.184532 0.432889 -0.449240 -0.265958 -0.331220 -0.089285 -0.409680 -0.431660 -0.420328 -0.522309 -0.435399 -0.304609 -0.436918 -0.525035 -0.407436 -0.459945 -0.475087 -0.492235 0.408373 -0.309047 0.337265 0.113345 0.035254 0.276522 0.451588 0.190900 0.290648 0.548318 0.403317 0.626737 0.091997 -0.244917 0.053858 0.058039 -0.214310 -0.149490 -0.154651 0.035940 -0.108271 -0.101494 0.202323 0.062507 0.200703 -0.072159 -0.280852 -0.128161 -0.089229 -0.224248 -0.177118 -0.149687 -0.007091 0.049278
0.368976 0.441259 0.157632 -0.119560 0.344300 0.052871 0.231016 0.246993 0.136590 0.047812 0.427835 0.501985 0.509931 0.620997 0.528363 1.000000 0.326405 0.222690 0.030237 0.177343 0.018560 -0.288177 0.091318 0.220039 0.099394 -0.047980 0.588522 0.327588 -0.115804 0.053007 -0.029120 -0.194685 -0.168542 0.036956 -0.035266 -0.023891 -0.482839 -0.328549 -0.319775 -0.366837 -0.105168 -0.393558 -0.278400 -0.370062 -0.371404 -0.341750 -0.370344 -0.308675 0.193920 -0.321498 -0.144504 -0.081429 0.154370 -0.289394 0.039889 -0.448077 -0.043546 -0.294702 0.367024 0.052235 0.301298 0.488879 -0.135252 -0.036440 0.025275 0.450597 -0.472791 -0.450138 -0.292582 -0.132672 -0.344240 -0.105940 -0.084936 -0.227212 -0.115154 -0.026594 -0.220621 -0.305149 -0.132213 -0.316390 -0.422279 -0.318745 0.160216 -0.099454 -0.190766 0.054950 -0.366992 -0.054742 0.110959 -0.102124 0.092791 0.376781 0.201191 0.309712 -0.099474 -0.396500 -0.215765 0.083525 -0.198319 -0.351835 0.146676 0.050994 0.287595 -0.115341 0.113418 -0.069808 -0.112351 -0.424555 -0.274850 0.131007 -0.215692 -0.406891 -0.414474 -0.183705 -0.041541 -0.093618
0.492160 0.336323 0.180959 -0.540279 0.262094 0.088571 0.221401 0.000116 0.019980 0.028371 0.392064 0.419961 0.599826 0.465755 0.204449 0.326405 1.000000 0.489105 0.003526 -0.112850 -0.438845 -0.327222 -0.237361 -0.392792 -0.474754 -0.447205 -0.075246 -0.194745 0.094494 0.240647 -0.308152 -0.481552 0.348415 0.193384 -0.242320 -0.334599 -0.298913 -0.217136 -0.468650 -0.462761 -0.085414 -0.216291 -0.359688 -0.334801 -0.168019 -0.503206 -0.305115 -0.328587 0.102956 -0.222401 -0.153297 -0.015647 0.304157 -0.186213 0.014698 -0.335371 0.319761 -0.048860 0.549393 0.139004 0.703655 0.511543 0.480313 0.311326 0.096204 0.165925 -0.131289 -0.492337 -0.114403 0.000018 -0.232480 -0.155053 0.285118 -0.050886 -0.030339 -0.006319 0.050621 -0.224446 0.210881 0.094230 0.231966 0.249582 -0.121875 -0.043116 -0.142055 -0.207315 -0.239854 -0.227593 -0.342310 -0.406104 0.003051 0.169198 -0.174677 0.071546 0.091762 -0.295072 -0.148869 0.066604 -0.095109 0.061321 0.066800 0.161632 0.013437 0.177072 0.192672 0.073546 -0.169076 0.228201 -0.360747 0.062463 -0.183517 -0.273236 -0.289348 -0.142558 -0.138035 -0.209804
0.051758 0.199489 -0.245300 -0.420925 0.110694 -0.050531 -0.197050 -0.122775 -0.211195 -0.037858 0.147095 0.226350 0.288597 0.392011 -0.183131 0.222690 0.489105 1.000000 -0.150871 0.076854 -0.423679 -0.362720 -0.450101 -0.472682 -0.443897 -0.492583 -0.320326 -0.458468 0.268056 0.612795 -0.129847 -0.239002 0.451822 0.405157 -0.129590 -0.187452 0.055175 0.095084 -0.225219 -0.121263 0.231184 0.008674 -0.032280 0.026953 0.073834 -0.346154 0.034472 -0.004249 -0.160013 0.071818 -0.417627 0.082097 0.199663 0.225403 -0.121765 0.057625 0.064193 0.302115 0.028832 0.218746 0.252461 0.413628 0.312043 0.497016 -0.014361 -0.156926 -0.027624 -0.481645 -0.152043 -0.167601 0.063242 0.042789 0.489209 0.373058 0.341901 0.280244 0.283736 0.044152 0.408476 0.432766 0.325110 0.508578 -0.338571 0.289785 -0.455110 -0.378360 -0.231397 -0.335825 -0.532610 -0.293929 0.047733 0.082655 -0.178899 -0.155026 -0.156315 -0.257705 -0.228749 -0.025775 0.185481 -0.005021 0.432408 0.188261 0.015991 -0.069933 0.016147 -0.134545 -0.195460 -0.092647 -0.217969 0.086997 -0.306239 0.017739 -0.041522 -0.138910 -0.103861 -0.261458
0.009924 -0.213249 0.128161 0.080943 -0.045244 -0.428095 0.215816 -0.349783 -0.299328 -0.351702 -0.173818 -0.230541 -0.181055 -0.435646 0.157232 0.030237 0.003526 -0.150871 1.000000 0.492843 0.191606 0.066076 0.283307 0.156329 0.229764 -0.054530 0.235320 0.224028 0.579119 0.129409 0.565698 0.401368 0.159642 0.084761 0.057825 -0.268948 0.133441 0.046501 0.069811 -0.055284 0.319549 -0.002347 -0.261323 -0.367907 -0.417982 -0.331323 -0.419408 -0.389168 -0.351462 -0.518882 0.159545 -0.513281 -0.336386 -0.320753 -0.127979 -0.420216 -0.036554 0.197450 -0.179918 -0.311444 -0.004585 -0.255182 -0.099286 0.074972 0.498207 -0.321310 -0.115263 -0.143563 0.047896 -0.020416 0.285847 0.226751 0.332860 0.263649 0.242757 0.293917 0.286003 0.153473 0.258337 0.253583 0.189134 0.219052 0.337599 0.172353 0.214903 0.402170 -0.018885 0.060694 0.418209 0.020632 -0.240438 -0.159108 -0.260429 -0.253280 0.161120 0.077975 -0.265537 0.110093 -0.332206 -0.122973 -0.163342 -0.050754 0.203052 0.024433 -0.088199 0.195155 -0.037361 -0.001598 0.095240 0.173427 -0.013310 -0.293744 -0.379129 0.249646 0.332757 0.103895
-0.311796 -0.008879 -0.297754 0.143763 0.076331 -0.512610 0.062730 -0.225421 -0.249195 -0.262770 -0.355082 -0.301728 -0.267809 -0.297915 -0.160207 0.177343 -0.112850 0.076854 0.492843 1.000000 0.130931 -0.001435 -0.148489 0.322359 0.127143 -0.230944 0.110844 -0.027214 0.602215 0.463335 0.672155 0.610881 0.302618 0.476812 -0.053014 -0.044629 0.241224 0.030127 0.028230 -0.010804 0.546313 0.057004 -0.206874 -0.298797 -0.275937 -0.211640 -0.379222 -0.094179 -0.655894 -0.340291 -0.486668 -0.676133 -0.602436 -0.333706 -0.591191 -0.456947 -0.035720 0.292230 -0.360364 -0.062518 -0.143200 -0.092106 -0.126263 0.281156 0.369555 -0.391284 -0.012584 -0.257783 0.164152 0.021108 0.299955 0.278116 0.473869 0.415007 0.391583 0.503346 0.304784 0.316871 0.345556 0.258373 0.213024 0.279154 0.173802 0.453161 -0.301890 0.100675 -0.294834 -0.273655 0.058668 -0.141833 -0.191092 -0.020798 -0.226860 -0.271475 0.033696 -0.089362 -0.486943 0.062487 -0.083984 -0.060638 0.134944 0.113819 0.364205 0.072379 -0.137275 0.137863 0.049549 -0.249503 0.088966 0.242052 -0.003086 -0.138280 -0.347993 0.216616 0.376558 0.270989
-0.279423 -0.324483 0.152449 0.312723 0.042990 -0.258237 -0.260541 -0.143702 0.064956 -0.179607 -0.381515 -0.371109 -0.428115 -0.284431 -0.134971 0.018560 -0.438845 -0.423679 0.191606 0.130931 1.000000 0.544034 0.408062 0.389451 0.608724 0.577604 0.453334 0.540191 -0.058548 -0.224656 0.462645 0.470004 -0.175382 0.032254 0.223986 0.272967 0.275224 0.219318 0.288563 0.402305 0.085299 0.201551 0.045583 0.053773 -0.206058 0.231514 -0.133998 0.056162 -0.082589 -0.145301 0.097114 -0.184042 -0.342596 -0.072379 0.076658 -0.031322 -0.088170 -0.030010 -0.253537 -0.133550 -0.352421 -0.296942 -0.256703 -0.140760 -0.203726 -0.097445 -0.024938 0.260844 0.183623 0.048431 0.323714 0.399761 -0.170975 0.173105 0.174354 0.188442 0.047682 0.237394 -0.042737 -0.030686 -0.063846 -0.115504 0.123232 -0.020182 0.193965 0.300360 0.176343 0.284566 0.346972 0.121191 -0.071310 -0.190892 -0.110964 -0.144019 0.109329 0.210177 0.135568 0.069108 -0.005053 -0.143637 -0.046221 -0.169450 0.260518 -0.062624 -0.301955 -0.124366 0.011789 -0.219957 0.480687 0.025191 0.211794 -0.022968 0.042588 0.200024 0.158363 -0.042253
-0.285910 -0.315933 0.064305 0.274600 -0.258006 -0.171147 -0.187456 -0.178530 -0.007391 -0.052668 -0.241919 -0.349006 -0.263488 -0.341709 -0.182314 -0.288177 -0.327222 -0.362720 0.066076 -0.001435 0.544034 1.000000 0.349947 0.150777 0.231075 0.335988 0.143007 0.275228 0.094198 -0.170086 0.193859 0.305035 0.057163 0.001955 0.345881 0.210076 0.429188 0.415685 0.424675 0.536413 0.128779 0.666831 0.095789 0.166752 -0.054505 0.130910 0.001260 0.213435 0.048959 0.018200 0.199045 0.053540 -0.094656 0.185725 0.208535 0.201139 -0.106690 0.089459 -0.180303 -0.133449 -0.218194 -0.336919 -0.211663 -0.093997 -0.112741 -0.176086 0.038501 0.261146 0.017110 -0.086505 0.243212 0.350816 -0.046986 0.193480 0.058965 -0.008356 0.000035 0.247110 -0.272304 0.018691 0.037575 -0.094807 0.033021 0.225052 0.102828 -0.026198 0.277864 0.115251 0.027768 0.098699 -0.068394 -0.239047 -0.224642 -0.145952 0.233886 0.320784 0.336049 -0.010574 0.040043 -0.033794 -0.191944 -0.048818 -0.040894 -0.115554 -0.477178 -0.281559 0.166232 -0.120797 0.485314 0.045978 0.360660 0.138350 0.126058 0.153232 0.101741 0.029570
0.210418 -0.182353 0.632800 0.317767 -0.116487 0.144163 0.393247 0.064810 0.094823 -0.013564 0.264766 0.068238 0.172060 -0.070362 0.500709 0.091318 -0.237361 -0.450101 0.283307 -0.148489 0.408062 0.349947 1.000000 0.444051 0.465330 0.601933 0.439040 0.566334 -0.194264 -0.551376 0.109588 0.049646 -0.383961 -0.308355 0.397461 0.115946 -0.152331 -0.151276 -0.001855 -0.018108 -0.252652 -0.061608 -0.112677 -0.157920 -0.375980 -0.050869 -0.090590 -0.171687 0.401457 -0.356098 0.582660 0.138670 0.118419 0.121327 0.446715 -0.100755 -0.299696 -0.222504 0.008931 -0.459231 -0.174845 -0.231078 -0.416016 -0.539455 0.067929 0.237784 -0.341421 0.051846 -0.279403 -0.094484 -0.058100 0.014366 -0.431133 -0.222588 -0.348481 -0.202555 -0.375601 -0.196239 -0.327947 -0.231061 -0.375561 -0.456824 0.205957 -0.277241 0.445052 0.308317 0.261556 0.413738 0.605056 0.307769 0.298888 0.230718 0.255483 0.324606 0.008682 0.005233 0.130874 -0.214092 -0.163383 -0.249575 -0.176065 -0.164605 -0.124447 -0.253840 -0.078649 -0.114175 0.263770 -0.088455 0.039224 -0.199225 0.081516 -0.121861 -0.063193 -0.091114 -0.129923 -0.127879
-0.122338 -0.072452 0.249998 0.632014 -0.016756 0.072590 0.335832 0.469486 0.035918 0.027267 -0.030092 0.091695 -0.144629 -0.046883 0.223334 0.220039 -0.392792 -0.472682 0.156329 0.322359 0.389451 0.150777 0.444051 1.000000 0.466660 0.495075 0.455384 0.523977 -0.194448 -0.288749 0.454672 0.527583 -0.554824 -0.047523 0.092692 0.351192 -0.164219 -0.289770 0.063589 -0.069039 0.026283 -0.296476 -0.228723 -0.189529 -0.180955 0.292060 -0.300729 -0.125114 0.034032 -0.188683 0.193176 -0.193427 -0.400284 -0.235070 -0.199941 -0.239710 -0.263305 -0.403258 -0.336247 -0.539190 -0.471191 -0.367559 -0.450994 -0.584395 0.065539 0.303040 -0.270529 0.194541 -0.171249 -0.112402 -0.079341 0.055121 -0.361872 -0.245460 -0.291260 -0.037838 -0.337544 -0.031144 -0.125314 -0.266929 -0.416211 -0.497142 0.283599 -0.202431 0.209082 0.368089 -0.032265 0.131896 0.560013 0.188329 0.087528 0.052199 0.405993 0.147838 0.032694 -0.143589 -0.167786 0.065999 -0.408004 -0.354421 -0.158130 -0.242880 -0.103432 -0.262775 0.136633 0.220725 0.037537 -0.219307 0.124327 0.041413 0.189220 -0.093486 -0.160001 0.170149 0.262883 0.302361
-0.244549 -0.368727 0.010579 0.259368 -0.126774 -0.141460 -0.088860 -0.144889 0.174029 0.040864 -0.068881 -0.344365 -0.237339 -0.307867 0.280250 0.099394 -0.474754 -0.443897 0.229764 0.127143 0.608724 0.231075 0.465330 0.466660 1.000000 0.563170 0.473336 0.510558 -0.132391 -0.387837 0.330367 0.325438 -0.475590 -0.331986 0.261893 0.191467 0.122705 0.125028 0.454265 0.305303 0.004299 -0.000236 0.220638 0.113984 -0.204882 0.167433 0.097067 0.135253 -0.043634 -0.157549 0.194952 -0.188606 -0.215138 -0.069734 0.125761 0.049422 -0.230773 -0.146533 -0.365525 -0.297430 -0.492828 -0.437890 -0.355393 -0.335049 -0.032516 -0.092948 -0.212889 0.212547 0.048113 -0.023482 0.156354 0.042728 -0.343945 -0.148728 -0.094093 0.136547 -0.185366 0.150872 -0.115241 -0.156051 -0.204188 -0.231016 0.436651 -0.040000 0.267497 0.338184 0.086673 0.256267 0.470078 0.299911 0.010755 -0.018246 0.185314 0.180218 0.131209 0.096081 0.293027 0.275244 0.041959 -0.075244 -0.108948 -0.126339 0.190734 -0.132834 0.102450 0.111784 0.169472 -0.217637 0.178860 0.122757 0.211248 0.165997 0.002782 0.221535 0.337277 0.360104
0.089486 -0.083083 0.376168 0.374807 -0.081527 0.134713 0.001690 0.196018 0.070815 -0.085620 -0.002557 0.065702 -0.248430 -0.073086 0.139582 -0.047980 -0.447205 -0.492583 -0.054530 -0.230944 0.577604 0.335988 0.601933 0.495075 0.563170 1.000000 0.409443 0.704585 -0.478366 -0.628314 0.155691 0.163505 -0.530381 -0.313103 0.221782 0.288175 -0.127469 -0.181901 0.091850 0.199239 -0.250064 -0.127439 -0.079026 0.072135 -0.121514 0.318545 -0.057398 -0.063957 0.384973 -0.088785 0.453692 0.240920 -0.063441 0.104980 0.258596 0.081234 -0.031802 -0.199008 -0.112306 -0.342104 -0.493153 -0.375461 -0.524025 -0.643610 -0.329735 0.374483 -0.041144 0.449858 0.032228 -0.061190 -0.188564 -0.067657 -0.592803 -0.278358 -0.348127 -0.328267 -0.356698 -0.206820 -0.244031 -0.263973 -0.455046 -0.517553 0.010933 -0.478928 0.408164 0.503598 0.283834 0.405518 0.568651 0.344846 0.161279 -0.017326 0.351909 0.162091 -0.039090 0.089456 0.201108 -0.027659 -0.125207 -0.232754 -0.128868 -0.384123 -0.138807 -0.243230 -0.020767 -0.007156 0.096457 -0.065147 0.185844 -0.057192 0.151831 -0.099047 0.078729 -0.049170 -0.104281 -0.126779
0.223079 0.100304 0.305594 0.084671 0.106198 -0.163270 0.243041 0.087818 0.109251 -0.133509 0.246381 0.203455 0.171790 0.213756 0.510246 0.588522 -0.075246 -0.320326 0.235320 0.110844 0.453334 0.143007 0.439040 0.455384 0.473336 0.409443 1.000000 0.827756 -0.257076 -0.348742 0.235191 0.099203 -0.410563 -0.158906 0.081165 0.194395 -0.348856 -0.141047 -0.145160 -0.217475 -0.223742 -0.243803 -0.242235 -0.285377 -0.242661 0.029835 -0.324319 -0.201380 0.398102 -0.232003 0.272230 -0.059406 0.045517 -0.247648 0.092273 -0.372789 -0.267734 -0.265749 0.132911 -0.334035 -0.045084 -0.035781 -0.507679 -0.439834 0.016637 0.329751 -0.482271 0.033089 -0.295479 -0.091486 -0.105580 0.073622 -0.366295 -0.259845 -0.194772 -0.108121 -0.266882 -0.118730 -0.290988 -0.359979 -0.605868 -0.509390 0.197182 -0.257953 0.017521 0.378768 -0.221047 0.059373 0.387850 -0.052305 0.022568 0.234756 0.122296 0.295221 0.099070 -0.055374 0.001211 0.231022 -0.396524 -0.509211 -0.142392 -0.192787 0.265417 -0.210138 0.057794 0.061859 -0.021955 -0.387212 0.091691 0.172773 0.198377 -0.314701 -0.403747 0.035804 0.056730 -0.004239
0.233923 -0.039071 0.416051 0.138920 -0.012249 -0.101161 0.143184 0.056934 -0.043649 -0.212218 0.209111 0.214995 -0.029009 0.090174 0.399322 0.327588 -0.194745 -0.458468 0.224028 -0.027214 0.540191 0.275228 0.566334 0.523977 0.510558 0.704585 0.827756 1.000000 -0.339323 -0.500675 0.284037 0.153108 -0.477667 -0.262448 0.004602 0.087850 -0.255594 -0.131269 -0.091249 -0.065318 -0.293815 -0.211427 -0.294246 -0.246099 -0.280483 0.050754 -0.314004 -0.280993 0.439677 -0.322409 0.511572 0.038186 0.004421 -0.168537 0.256086 -0.167860 -0.124708 -0.225383 0.050064 -0.415894 -0.239718 -0.250106 -0.525871 -0.612313 -0.106061 0.342777 -0.286386 0.191664 -0.168111 -0.022037 -0.168761 0.124262 -0.452107 -0.237347 -0.229526 -0.176915 -0.210788 -0.138156 -0.245579 -0.304106 -0.555894 -0.553998 0.135347 -0.493843 0.313597 0.576922 0.049878 0.241153 0.532800 0.057867 0.034503 0.133587 0.200413 0.205195 0.146072 0.107572 0.144283 0.273528 -0.425202 -0.425473 -0.244956 -0.351823 0.078762 -0.256879 0.075446 0.193071 -0.078063 -0.115226 0.172700 0.120102 0.227295 -0.304049 -0.275013 0.037531 0.098411 -0.031202
-0.292679 -0.263407 -0.311041 -0.047034 -0.105168 -0.557554 -0.092306 -0.496379 -0.423049 -0.333233 -0.282971 -0.391608 -0.172721 -0.432568 -0.289936 -0.115804 0.094494 0.268056 0.579119 0.602215 -0.058548 0.094198 -0.194264 -0.194448 -0.132391 -0.478366 -0.257076 -0.339323 1.000000 0.659660 0.503655 0.445167 0.577657 0.407586 0.102291 -0.271281 0.461485 0.285240 0.131060 0.156894 0.659318 0.436611 -0.017876 -0.123636 -0.244117 -0.355506 -0.231058 -0.012453 -0.669763 -0.294388 -0.346610 -0.525887 -0.341619 -0.172428 -0.253989 -0.198059 -0.039577 0.344379 -0.262392 0.008277 0.202602 -0.051519 0.270879 0.584808 0.615285 -0.632809 0.092296 -0.291182 0.093719 -0.066256 0.371991 0.375956 0.812333 0.534668 0.549938 0.504787 0.473295 0.328561 0.363224 0.496754 0.574114 0.613885 -0.006515 0.691050 -0.219074 -0.017752 -0.167830 -0.313797 -0.190560 -0.111840 -0.277873 -0.258046 -0.471103 -0.488163 0.125324 0.116506 -0.209834 -0.038631 0.134013 0.182956 0.115918 0.305133 0.226478 0.163529 -0.303217 -0.062405 0.071170 0.073291 0.148346 0.172524 0.039455 -0.007122 -0.190034 0.081121 0.188921 0.015899
-0.356360 0.005889 -0.441158 -0.106732 0.068687 -0.399820 -0.300017 -0.178860 -0.286111 -0.249380 -0.298672 -0.104298 -0.141134 -0.009853 -0.484127 0.053007 0.240647 0.612795 0.129409 0.463335 -0.224656 -0.170086 -0.551376 -0.288749 -0.387837 -0.628314 -0.348742 -0.500675 0.659660 1.000000 0.310453 0.322136 0.642769 0.670940 -0.118111 -0.155232 0.353010 0.320396 0.018282 0.066084 0.598296 0.260777 0.097118 0.089114 0.000630 -0.213059 -0.020272 0.206379 -0.643357 -0.013369 -0.682086 -0.395772 -0.310180 -0.062574 -0.396132 -0.054887 0.052417 0.305410 -0.246652 0.157955 0.211290 0.160687 0.431353 0.631083 0.265823 -0.479543 0.087831 -0.426141 0.058495 -0.132478 0.297409 0.441143 0.867851 0.610553 0.616797 0.644329 0.609647 0.497456 0.488911 0.473983 0.548594 0.664841 -0.155778 0.613207 -0.436857 -0.210356 -0.272191 -0.447311 -0.520738 -0.303292 -0.388672 -0.326494 -0.446914 -0.581693 -0.062792 -0.045855 -0.264017 -0.003627 0.127947 0.131898 0.266056 0.270964 0.186263 0.062056 -0.099357 -0.066652 -0.281480 -0.083350 -0.031407 0.179295 -0.100483 0.086167 -0.149845 0.094641 0.141652 0.018459
-0.429348 -0.408374 -0.082480 0.293142 -0.019029 -0.599789 -0.032106 -0.246950 -0.362617 -0.441838 -0.399263 -0.316035 -0.466199 -0.412109 -0.272451 -0.029120 -0.308152 -0.129847 0.565698 0.672155 0.462645 0.193859 0.109588 0.454672 0.330367 0.155691 0.235191 0.284037 0.503655 0.310453 1.000000 0.890827 0.107763 0.423342 0.084395 0.184619 0.326521 0.129882 0.107243 0.175157 0.487772 0.056477 -0.076104 0.003563 -0.093809 0.181608 -0.262587 0.049402 -0.463313 -0.167839 -0.119042 -0.550160 -0.595503 -0.291336 -0.409579 -0.236294 -0.270922 0.095867 -0.533588 -0.411613 -0.328210 -0.460820 -0.231587 -0.014727 0.342323 -0.409124 -0.029550 0.089680 -0.016850 -0.182259 0.384846 0.611915 0.365744 0.397802 0.362719 0.491318 0.400005 0.438928 0.329965 0.261378 0.135357 0.160176 0.072029 0.230824 -0.156459 0.289379 -0.201134 -0.239565 0.179146 -0.144021 -0.391236 -0.269972 -0.288343 -0.407780 0.091723 0.120289 -0.171492 0.190730 -0.185698 -0.262644 -0.145603 -0.130879 0.182565 -0.111058 -0.190440 0.167831 -0.106388 -0.184008 0.354769 0.255771 0.259759 -0.100541 -0.261897 0.255826 0.336244 0.133364
-0.650455 -0.445160 -0.222628 0.507315 -0.154851 -0.554765 -0.154121 -0.101340 -0.292368 -0.361214 -0.556393 -0.434214 -0.614731 -0.489138 -0.432123 -0.194685 -0.481552 -0.239002 0.401368 0.610881 0.470004 0.305035 0.049646 0.527583 0.325438 0.163505 0.099203 0.153108 0.445167 0.322136 0.890827 1.000000 0.057732 0.426235 0.177004 0.342973 0.440309 0.229485 0.266368 0.306883 0.597237 0.177449 0.101762 0.165857 0.045680 0.378143 -0.068157 0.243522 -0.528607 0.021706 -0.177333 -0.483536 -0.678384 -0.182354 -0.428058 -0.054600 -0.298353 0.050123 -0.678009 -0.394584 -0.453443 -0.538404 -0.191783 -0.024905 0.282661 -0.409081 0.004192 0.211073 0.011453 -0.219838 0.407676 0.602144 0.299942 0.364224 0.316392 0.473485 0.291606 0.521769 0.270888 0.229401 0.166681 0.160717 0.061121 0.347160 -0.141786 0.227300 -0.135967 -0.232835 0.128349 -0.039416 -0.376695 -0.429233 -0.211526 -0.493682 0.055704 0.187031 -0.085814 0.099587 -0.082168 -0.173288 -0.090405 -0.097818 0.136317 -0.121892 -0.193682 0.138562 -0.049770 -0.163110 0.382512 0.196600 0.305536 0.092196 -0.102492 0.286974 0.338400 0.213320
-0.153920 0.031997 -0.136508 -0.261732 0.116532 -0.315226 -0.163327 -0.405509 -0.161637 -0.272860 -0.300914 -0.242838 -0.052575 -0.153895 -0.511421 -0.168542 0.348415 0.451822 0.159642 0.302618 -0.175382 0.057163 -0.383961 -0.554824 -0.475590 -0.530381 -0.410563 -0.477667 0.577657 0.642769 0.107763 0.057732 1.000000 0.628210 0.043817 -0.255247 0.392449 0.289416 -0.107963 -0.010578 0.390848 0.407831 -0.044162 -0.030177 -0.055087 -0.361851 -0.055109 0.050334 -0.427746 -0.098949 -0.477609 -0.252796 -0.059387 0.027028 -0.144116 -0.111161 0.217798 0.493849 0.094104 0.326077 0.363259 0.215617 0.415349 0.649072 0.102872 -0.511805 0.370278 -0.250592 0.244135 0.060648 0.336716 0.361864 0.746330 0.674061 0.598637 0.403111 0.488506 0.373671 0.369493 0.457894 0.568056 0.598176 -0.379733 0.413182 -0.388468 -0.316975 -0.074880 -0.408587 -0.575041 -0.321158 -0.250796 -0.216998 -0.635297 -0.437714 -0.089064 -0.005882 -0.255758 -0.195880 0.149119 0.231456 0.137825 0.267764 0.169973 0.174308 -0.361832 -0.193304 -0.159805 0.101069 -0.114182 0.108866 -0.154081 -0.082496 -0.120599 -0.047916 -0.148679 -0.158147
-0.213393 0.028629 -0.093953 0.007718 0.202339 -0.375880 -0.133188 -0.095653 -0.221265 -0.401765 -0.324882 -0.069557 -0.091748 0.027084 -0.528138 0.036956 0.193384 0.405157 0.084761 0.476812 0.032254 0.001955 -0.308355 -0.047523 -0.331986 -0.313103 -0.158906 -0.262448 0.407586 0.670940 0.423342 0.426235 0.628210 1.000000 0.097875 0.252502 0.265404 0.084197 -0.223433 -0.071578 0.530416 0.130205 -0.199681 -0.050183 -0.038216 -0.023669 -0.203661 0.072056 -0.417425 -0.025179 -0.541752 -0.338746 -0.281572 -0.081967 -0.361139 -0.275292 0.025614 0.203930 -0.100736 0.037023 0.173254 0.148369 0.184152 0.408659 0.033653 -0.308193 0.141121 -0.161939 0.079086 -0.058909 0.367076 0.498959 0.621400 0.517270 0.464254 0.512066 0.413825 0.477903 0.425494 0.297629 0.342350 0.384408 -0.352891 0.375853 -0.496512 -0.310773 -0.352747 -0.495954 -0.443780 -0.483289 -0.254766 -0.213632 -0.522756 -0.524285 -0.148180 -0.118231 -0.399595 -0.181489 -0.070009 -0.046194 0.121024 0.034873 0.196505 0.092696 -0.216812 -0.086744 -0.216357 -0.045221 0.053741 0.084319 0.072517 -0.159323 -0.239898 0.090772 -0.082186 -0.165064
-0.080345 -0.191511 0.178348 0.215768 -0.222047 -0.172342 0.016562 -0.053998 0.138351 -0.081794 -0.008147 -0.193953 0.082735 -0.057395 0.038023 -0.035266 -0.242320 -0.129590 0.057825 -0.053014 0.223986 0.345881 0.397461 0.092692 0.261893 0.221782 0.081165 0.004602 0.102291 -0.118111 0.084395 0.177004 0.043817 0.097875 1.000000 0.589407 0.159566 0.087638 0.128093 0.206575 0.296901 0.289493 0.232086 0.225637 -0.011278 0.141522 0.219044 0.285008 0.128127 0.108142 0.035417 0.085638 0.074865 0.305981 0.229038 0.003828 -0.329927 -0.155038 -0.037972 -0.083270 -0.072554 -0.036908 -0.361143 -0.149397 -0.033579 -0.061027 -0.123839 0.074854 -0.223649 -0.317005 0.289808 0.159184 -0.126775 0.016045 -0.078723 -0.019850 -0.336612 0.079088 -0.240698 -0.116746 -0.172524 -0.183766 -0.138800 0.127295 -0.058252 -0.214023 -0.128648 -0.154533 -0.004836 0.041874 0.148404 -0.012417 -0.077200 0.007081 -0.029437 -0.018638 0.118870 -0.238040 0.141428 -0.171910 -0.160888 0.002062 -0.045042 -0.208374 -0.314541 -0.255470 0.198086 -0.184205 0.065766 -0.098264 0.216472 0.034643 0.015459 -0.295673 -0.348856 -0.213102
-0.228911 -0.150621 0.088540 0.410917 0.031294 -0.040215 0.008578 0.329738 0.291144 0.023505 -0.086289 -0.000090 -0.019713 0.179391 -0.143189 -0.023891 -0.334599 -0.187452 -0.268948 -0.044629 0.272967 0.210076 0.115946 0.351192 0.191467 0.288175 0.194395 0.087850 -0.271281 -0.155232 0.184619 0.342973 -0.255247 0.252502 0.589407 1.000000 -0.065580 -0.090844 -0.038914 0.059724 0.160958 -0.032598 0.131350 0.265979 0.358263 0.649880 0.176165 0.331097 0.224447 0.493694 -0.045789 0.143649 -0.035733 0.185256 -0.073884 0.018011 -0.444985 -0.390686 -0.157889 -0.222246 -0.238529 -0.089791 -0.430564 -0.364469 -0.224053 0.201822 -0.115103 0.323583 -0.267441 -0.245854 0.185873 0.276101 -0.361706 -0.172800 -0.251982 -0.086040 -0.373357 0.127124 -0.305537 -0.315186 -0.375763 -0.349782 -0.171690 -0.089553 -0.242452 -0.242466 -0.233675 -0.209624 -0.088720 -0.112532 0.092297 -0.008902 0.046610 0.018810 -0.058356 -0.092706 0.046136 -0.084496 -0.082448 -0.400431 -0.288582 -0.197131 -0.176465 -0.212961 -0.106098 -0.065902 0.027474 -0.307566 0.160509 -0.100739 0.428560 -0.008495 -0.033133 -0.170228 -0.315080 -0.141126
